Date,Open,Buy,Sell,Total
2007/04/23,0,6438000,-442000,5996000
2007/04/23,0,6438000,-442000,5996000
2007/04/24,0,1485000,-702000,783000
2007/04/25,0,423000,-960000,-537000
2007/04/26,0,5713000,0,5713000
2007/04/27,0,366000,-834000,-468000
2007/04/30,0,323000,-867000,-544000
2007/05/01,0,0,0,0
2007/05/02,0,1339000,-4000,1335000
2007/05/03,0,2342000,-103000,2239000
2007/05/04,0,3746000,-135000,3611000
2007/05/07,0,2036000,-50000,1986000
2007/05/08,0,3627000,-214000,3413000
2007/05/09,0,2555000,-240000,2315000
2007/05/10,0,4292000,-203000,4089000
2007/05/11,0,1342000,-1408000,-66000
2007/05/14,0,2105000,-281000,1824000
2007/05/15,0,326000,-3443000,-3117000
2007/05/16,0,0,-497000,-497000
2007/05/17,0,2119000,-1216000,903000
2007/05/18,0,304000,-864000,-560000
2007/05/21,0,2185000,-190000,1995000
2007/05/22,0,1118000,-242000,876000
2007/05/23,0,1776000,-356000,1420000
2007/05/24,0,1321000,-426000,895000
2007/05/25,0,1042000,-2355000,-1313000
2007/05/28,0,270000,-823000,-553000
2007/05/29,0,1323000,-1162000,161000
2007/05/30,0,987000,-2519000,-1532000
2007/05/31,0,728000,-70000,658000
2007/06/01,0,2471000,-250000,2221000
2007/06/04,0,3100000,-821000,2279000
2007/06/05,0,2587000,-196000,2391000
2007/06/06,0,4845000,-958000,3887000
2007/06/07,0,2328000,-510000,1818000
2007/06/08,0,518000,-985000,-467000
2007/06/11,0,2868000,-29000,2839000
2007/06/12,0,1849000,-63000,1786000
2007/06/13,0,497000,-186000,311000
2007/06/14,0,3055000,-396000,2659000
2007/06/15,0,1372000,-430000,942000
2007/06/18,0,0,0,0
2007/06/19,0,0,0,0
2007/06/20,0,2069000,-1964000,105000
2007/06/21,0,8980000,-1639000,7341000
2007/06/22,0,2841000,-1946000,895000
2007/06/25,0,2904000,-734000,2170000
2007/06/26,0,1739000,-303000,1436000
2007/06/27,0,2177000,-325000,1852000
2007/06/28,0,3893000,-1374000,2519000
2007/06/29,0,750000,-1651000,-901000
2007/07/02,0,4376000,-463000,3913000
2007/07/03,0,1949000,-451000,1498000
2007/07/04,0,4189000,-491000,3698000
2007/07/05,0,1864000,-1277000,587000
2007/07/06,0,4066000,-1159000,2907000
2007/07/09,0,10175000,-241000,9934000
2007/07/10,0,1939000,-808000,1131000
2007/07/11,0,348000,-2344000,-1996000
2007/07/12,0,7569000,-826000,6743000
2007/07/13,0,3223000,-429000,2794000
2007/07/16,0,653000,-686000,-33000
2007/07/17,0,6898000,-2918000,3980000
2007/07/18,0,9121000,-1065000,8056000
2007/07/19,0,7460000,-553000,6907000
2007/07/20,0,12679000,-296000,12383000
2007/07/23,0,10298000,-564000,9734000
2007/07/24,0,10653000,-1477000,9176000
2007/07/25,0,8001000,-1798000,6203000
2007/07/26,0,8786000,-2982000,5804000
2007/07/27,0,400000,-7004000,-6604000
2007/07/30,0,12710000,-3203000,9507000
2007/07/31,0,13164000,-1441000,11723000
2007/08/01,0,7639000,-4427000,3212000
2007/08/02,0,3941000,-1896000,2045000
2007/08/03,0,17461000,-721000,16740000
2007/08/06,0,5790000,-3131000,2659000
2007/08/07,0,1765000,-899000,866000
2007/08/08,0,14233000,-418000,13815000
2007/08/09,0,18577000,-1096000,17481000
2007/08/10,0,1695000,-2556000,-861000
2007/08/13,0,11304000,-70000,11234000
2007/08/14,0,14341000,-859000,13482000
2007/08/15,0,73000,-5172000,-5099000
2007/08/16,0,1001000,-9224000,-8223000
2007/08/17,0,933000,-7756000,-6823000
2007/08/20,0,5279000,-157000,5122000
2007/08/21,0,3237000,-1916000,1321000
2007/08/22,0,8539000,-566000,7973000
2007/08/23,0,18287000,-954000,17333000
2007/08/24,0,9079000,-212000,8867000
2007/08/27,0,8713000,-856000,7857000
2007/08/28,0,406000,-168000,238000
2007/08/29,0,583000,-1363000,-780000
2007/08/30,0,5677000,-137000,5540000
2007/08/31,0,4270000,-115000,4155000
2007/09/03,0,1914000,-737000,1177000
2007/09/04,0,751000,-937000,-186000
2007/09/05,0,412000,-651000,-239000
2007/09/06,0,2179000,-598000,1581000
2007/09/07,0,1741000,-718000,1023000
2007/09/10,0,855000,-767000,88000
2007/09/11,0,681000,-304000,377000
2007/09/12,0,1919000,-705000,1214000
2007/09/13,0,555000,-542000,13000
2007/09/14,0,3443000,-508000,2935000
2007/09/17,0,103000,-2610000,-2507000
2007/09/18,0,0,0,0
2007/09/19,0,2073000,-375000,1698000
2007/09/20,0,4433000,-434000,3999000
2007/09/21,0,839000,-1631000,-792000
2007/09/24,0,0,0,0
2007/09/25,0,0,0,0
2007/09/26,0,916000,-550000,366000
2007/09/27,0,3338000,-351000,2987000
2007/09/28,0,6603000,-298000,6305000
2007/10/01,0,3260000,-850000,2410000
2007/10/02,0,3127000,-2782000,345000
2007/10/03,0,3929000,-2085000,1844000
2007/10/04,0,3366000,-1823000,1543000
2007/10/05,0,883000,-187000,696000
2007/10/08,0,1764000,-341000,1423000
2007/10/09,0,4814000,-187000,4627000
2007/10/10,0,0,0,0
2007/10/11,0,1106000,-622000,484000
2007/10/12,0,958000,-2869000,-1911000
2007/10/15,0,676000,-641000,35000
2007/10/16,0,1524000,-1049000,475000
2007/10/17,0,643000,-2107000,-1464000
2007/10/18,0,1866000,-917000,949000
2007/10/19,0,1054000,-817000,237000
2007/10/22,0,1479000,-5052000,-3573000
2007/10/23,0,1584000,-2546000,-962000
2007/10/24,0,679000,-5542000,-4863000
2007/10/25,0,556000,-2427000,-1871000
2007/10/26,0,447000,-584000,-137000
2007/10/29,0,1202000,-430000,772000
2007/10/30,0,1381000,-514000,867000
2007/10/31,0,2408000,-2457000,-49000
2007/11/01,0,1175000,-3110000,-1935000
2007/11/02,0,506000,-10015000,-9509000
2007/11/05,0,2053000,-2334000,-281000
2007/11/06,0,2334000,-1692000,642000
2007/11/07,0,233000,-451000,-218000
2007/11/08,0,71000,-7174000,-7103000
2007/11/09,0,1352000,-4263000,-2911000
2007/11/12,0,1543000,-6659000,-5116000
2007/11/13,0,1785000,-11756000,-9971000
2007/11/14,0,1092000,-1443000,-351000
2007/11/15,0,426000,-1212000,-786000
2007/11/16,0,1454000,-1441000,13000
2007/11/19,0,596000,-2384000,-1788000
2007/11/20,0,1918000,-2691000,-773000
2007/11/21,0,1764000,-1980000,-216000
2007/11/22,0,4260000,-3670000,590000
2007/11/23,0,1181000,-2710000,-1529000
2007/11/26,0,1657000,-2215000,-558000
2007/11/27,0,1583000,-4334000,-2751000
2007/11/28,0,622000,-2500000,-1878000
2007/11/29,0,787000,-3641000,-2854000
2007/11/30,0,3349000,-1218000,2131000
2007/12/03,0,745000,-2767000,-2022000
2007/12/04,0,1154000,-1483000,-329000
2007/12/05,0,1150000,-1329000,-179000
2007/12/06,0,2326000,-1559000,767000
2007/12/07,0,815000,-1837000,-1022000
2007/12/10,0,304000,-2439000,-2135000
2007/12/11,0,1457000,-2653000,-1196000
2007/12/12,0,1963000,-6244000,-4281000
2007/12/13,0,1203000,-6329000,-5126000
2007/12/14,0,1877000,-7676000,-5799000
2007/12/17,0,851000,-6561000,-5710000
2007/12/18,0,3635000,-8427000,-4792000
2007/12/19,0,1619000,-2526000,-907000
2007/12/20,0,2547000,-1779000,768000
2007/12/21,0,3154000,-1218000,1936000
2007/12/24,0,887000,-1495000,-608000
2007/12/25,0,1266000,-410000,856000
2007/12/26,0,1396000,-1713000,-317000
2007/12/27,0,3555000,-3775000,-220000
2007/12/28,0,5356000,-1915000,3441000
2007/12/31,0,351000,-434000,-83000
2008/01/01,0,0,0,0
2008/01/02,0,887000,-2430000,-1543000
2008/01/03,0,1295000,-3872000,-2577000
2008/01/04,0,988000,-3880000,-2892000
2008/01/07,0,1068000,-9972000,-8904000
2008/01/08,0,1429000,-1328000,101000
2008/01/09,0,1634000,-2281000,-647000
2008/01/10,0,613000,-6946000,-6333000
2008/01/11,0,747000,-4619000,-3872000
2008/01/14,0,3507000,-2404000,1103000
2008/01/15,0,13677000,-6845000,6832000
2008/01/16,0,5833000,-15155000,-9322000
2008/01/17,0,677000,-5782276,-5105276
2008/01/18,0,2327000,-4873000,-2546000
2008/01/21,0,189000,-1930000,-1741000
2008/01/22,0,2887000,-3896000,-1009000
2008/01/23,0,4178000,-5397000,-1219000
2008/01/24,0,5098000,-3718000,1380000
2008/01/25,0,3007000,-1719000,1288000
2008/01/28,0,640000,-4628000,-3988000
2008/01/29,0,1384000,-1690000,-306000
2008/01/30,0,1964000,-2554000,-590000
2008/01/31,0,430000,-2224000,-1794000
2008/02/01,0,985000,-2492000,-1507000
2008/02/04,0,0,0,0
2008/02/05,0,0,0,0
2008/02/06,0,0,0,0
2008/02/07,0,0,0,0
2008/02/08,0,0,0,0
2008/02/11,0,0,0,0
2008/02/12,0,544000,-1898000,-1354000
2008/02/13,0,2121000,-1195000,926000
2008/02/14,0,3860000,-2527000,1333000
2008/02/15,0,2502000,-2183000,319000
2008/02/18,0,2417000,-782000,1635000
2008/02/19,0,1273000,-712000,561000
2008/02/20,0,1987000,-2057000,-70000
2008/02/21,0,1894000,-523000,1371000
2008/02/22,0,1546000,-2518000,-972000
2008/02/25,0,4996000,-526000,4470000
2008/02/26,0,16991000,-1739000,15252000
2008/02/27,0,16499000,-750000,15749000
2008/02/28,0,0,0,0
2008/02/29,0,999000,-1364000,-365000
2008/03/03,0,1750000,-6435000,-4685000
2008/03/04,0,3571000,-1575000,1996000
2008/03/05,0,1376000,-2902000,-1526000
2008/03/06,0,2856000,-1375000,1481000
2008/03/07,0,1396000,-4944000,-3548000
2008/03/10,0,1396000,-10651000,-9255000
2008/03/11,0,1132000,-8208000,-7076000
2008/03/12,0,1001000,-5728000,-4727000
2008/03/13,0,738000,-11938000,-11200000
2008/03/14,0,2830000,-5268000,-2438000
2008/03/17,0,545000,-21346000,-20801000
2008/03/18,0,925000,-17711000,-16786000
2008/03/19,0,754000,-10163000,-9409000
2008/03/20,0,1495000,-21784000,-20289000
2008/03/21,0,3066000,-5085000,-2019000
2008/03/24,0,8307000,-11960000,-3653000
2008/03/25,0,7021000,-8555000,-1534000
2008/03/26,0,4445000,-3222000,1223000
2008/03/27,0,1878000,-8424000,-6546000
2008/03/28,0,3222000,-6898000,-3676000
2008/03/31,0,724000,-10906000,-10182000
2008/04/01,0,1041000,-6185000,-5144000
2008/04/02,0,1079000,-9560000,-8481000
2008/04/03,0,573000,-2264000,-1691000
2008/04/04,0,0,0,0
2008/04/07,0,3087000,-1857000,1230000
2008/04/08,0,7363000,-1684000,5679000
2008/04/09,0,6347000,-2979000,3368000
2008/04/10,0,9223000,-2509000,6714000
2008/04/11,0,14247000,-4916000,9331000
2008/04/14,0,1257000,-3068000,-1811000
2008/04/15,0,1736000,-2909000,-1173000
2008/04/16,0,9185000,-2217000,6968000
2008/04/17,0,8113000,-1815000,6298000
2008/04/18,0,4078000,-1503000,2575000
2008/04/21,0,2942000,-1145000,1797000
2008/04/22,0,1345000,-2767000,-1422000
2008/04/23,0,2916000,-4734000,-1818000
2008/04/24,0,1841000,-3583000,-1742000
2008/04/25,0,1688000,-5879000,-4191000
2008/04/28,0,3824000,-454000,3370000
2008/04/29,0,4488000,-4807000,-319000
2008/04/30,0,1216000,-4618000,-3402000
2008/05/01,0,0,0,0
2008/05/02,0,348000,-5156000,-4808000
2008/05/05,0,1048000,-16000000,-14952000
2008/05/06,0,3319000,-3293000,26000
2008/05/07,0,2433000,-1387000,1046000
2008/05/08,0,5297000,-2638000,2659000
2008/05/09,0,4406000,-2137000,2269000
2008/05/12,0,1249000,-1861000,-612000
2008/05/13,0,8467000,-1028000,7439000
2008/05/14,0,3330000,-2403000,927000
2008/05/15,0,4120000,-2822000,1298000
2008/05/16,0,2598000,-1994000,604000
2008/05/19,0,4042000,-1282000,2760000
2008/05/20,0,4771000,-11278000,-6507000
2008/05/21,0,1405000,-6611000,-5206000
2008/05/22,0,3050000,-7677000,-4627000
2008/05/23,0,807000,-7414000,-6607000
2008/05/26,0,908000,-8876000,-7968000
2008/05/27,0,251000,-2702000,-2451000
2008/05/28,0,566000,-3389000,-2823000
2008/05/29,0,951000,-2282000,-1331000
2008/05/30,0,2114000,-3123000,-1009000
2008/06/02,0,612000,-1813000,-1201000
2008/06/03,0,1141000,-6438000,-5297000
2008/06/04,0,755000,-2034000,-1279000
2008/06/05,0,2246000,-6359000,-4113000
2008/06/06,0,1009000,-2579000,-1570000
2008/06/09,0,1251000,-9550000,-8299000
2008/06/10,0,2864000,-5559000,-2695000
2008/06/11,0,1442000,-2748000,-1306000
2008/06/12,0,1525000,-8311000,-6786000
2008/06/13,0,1061000,-2630000,-1569000
2008/06/16,0,1615000,-2903000,-1288000
2008/06/17,0,673000,-4417000,-3744000
2008/06/18,0,444000,-6528000,-6084000
2008/06/19,0,2514000,-10713000,-8199000
2008/06/20,0,4025000,-5721000,-1696000
2008/06/23,0,1765000,-5471000,-3706000
2008/06/24,0,1687000,-7951000,-6264000
2008/06/25,0,1504000,-10651000,-9147000
2008/06/26,0,1964000,-10197000,-8233000
2008/06/27,0,4225000,-18775000,-14550000
2008/06/30,0,1397000,-5519000,-4122000
2008/07/01,0,2395000,-5317000,-2922000
2008/07/02,0,3860000,-21935332,-18075332
2008/07/03,0,3563000,-13525000,-9962000
2008/07/04,0,1989000,-6613000,-4624000
2008/07/07,0,1761000,-1977000,-216000
2008/07/08,0,3055000,-14481000,-11426000
2008/07/09,0,5322000,-13329000,-8007000
2008/07/10,0,3316000,-5977000,-2661000
2008/07/11,0,5318000,-10175000,-4857000
2008/07/14,0,798000,-6023000,-5225000
2008/07/15,0,4420000,-9578000,-5158000
2008/07/16,0,639000,-6481000,-5842000
2008/07/17,0,3838000,-4639000,-801000
2008/07/18,0,1567000,-6923000,-5356000
2008/07/21,0,3583000,-5726000,-2143000
2008/07/22,0,1782000,-16338000,-14556000
2008/07/23,0,2601000,-16092000,-13491000
2008/07/24,0,3063000,-6522000,-3459000
2008/07/25,0,2612000,-10696000,-8084000
2008/07/28,0,0,0,0
2008/07/29,0,1972000,-17762000,-15790000
2008/07/30,0,3927000,-5375000,-1448000
2008/07/31,0,4786000,-8487000,-3701000
2008/08/01,0,3266000,-5770000,-2504000
2008/08/04,0,1355000,-5222000,-3867000
2008/08/05,0,1747000,-19639000,-17892000
2008/08/06,0,9434000,-5097000,4337000
2008/08/07,0,2005000,-6743000,-4738000
2008/08/08,0,9032000,-7946000,1086000
2008/08/11,0,9830000,-5956000,3874000
2008/08/12,0,3191000,-7299000,-4108000
2008/08/13,0,2637000,-4936000,-2299000
2008/08/14,0,5162000,-4657000,505000
2008/08/15,0,5594000,-5541000,53000
2008/08/18,0,4484000,-5575000,-1091000
2008/08/19,0,4076000,-3922000,154000
2008/08/20,0,4089000,-3347000,742000
2008/08/21,0,2944000,-3382000,-438000
2008/08/22,0,8312000,-7642000,670000
2008/08/25,0,2880000,-2390000,490000
2008/08/26,0,304000,-4220000,-3916000
2008/08/27,0,8724000,-2344000,6380000
2008/08/28,0,2735000,-3970000,-1235000
2008/08/29,0,3497000,-7162000,-3665000
2008/09/01,0,2932000,-12507000,-9575000
2008/09/02,0,1101000,-9802000,-8701000
2008/09/03,0,4242000,-10063000,-5821000
2008/09/04,0,4844000,-11896000,-7052000
2008/09/05,0,3820000,-9435000,-5615000
2008/09/08,0,10144000,-7270000,2874000
2008/09/09,0,4972000,-18823000,-13851000
2008/09/10,0,3487000,-13251000,-9764000
2008/09/11,0,2318000,-11607000,-9289000
2008/09/12,0,3278000,-12383000,-9105000
2008/09/15,0,3217000,-11669000,-8452000
2008/09/16,0,5536000,-10165000,-4629000
2008/09/17,0,7960000,-10903000,-2943000
2008/09/18,0,11201000,-15696000,-4495000
2008/09/19,0,15280000,-6716000,8564000
2008/09/22,0,17403000,-9724000,7679000
2008/09/23,0,6583000,-3736000,2847000
2008/09/24,0,1862000,-3810000,-1948000
2008/09/25,0,7793000,-5156000,2637000
2008/09/26,0,7307000,-8984000,-1677000
2008/09/29,0,0,0,0
2008/09/30,0,12240000,-14490000,-2250000
2008/10/01,0,5448000,-3942001,1505999
2008/10/02,0,1573000,-6955000,-5382000
2008/10/03,0,1940000,-7079000,-5139000
2008/10/06,0,1580000,-5839000,-4259000
2008/10/07,0,5023000,-6870000,-1847000
2008/10/08,0,4117000,-11873000,-7756000
2008/10/09,0,2911000,-9961000,-7050000
2008/10/10,0,0,0,0
2008/10/13,0,3029000,-9742000,-6713000
2008/10/14,0,1963000,-10189000,-8226000
2008/10/15,0,3408000,-5594000,-2186000
2008/10/16,0,10000,-1838000,-1828000
2008/10/17,0,3418000,-7289000,-3871000
2008/10/20,0,3284000,-5848000,-2564000
2008/10/21,0,3414000,-11982999,-8568999
2008/10/22,0,4899000,-5736000,-837000
2008/10/23,0,612000,-405858,206142
2008/10/24,0,4470000,-7245000,-2775000
2008/10/27,0,3097000,-5292142,-2195142
2008/10/28,0,4152000,-11667000,-7515000
2008/10/29,0,5098000,-16991000,-11893000
2008/10/30,0,2486000,-7125000,-4639000
2008/10/31,0,6571000,-11625000,-5054000
2008/11/03,0,5344000,-8244000,-2900000
2008/11/04,0,3106000,-1242530,1863470
2008/11/05,0,8002000,-5020000,2982000
2008/11/06,0,621000,-8462000,-7841000
2008/11/07,0,2305000,-11051000,-8746000
2008/11/10,0,1816000,-3737000,-1921000
2008/11/11,0,1977000,-2916896,-939896
2008/11/12,0,2304000,-3855104,-1551104
2008/11/13,0,210000,-8160000,-7950000
2008/11/14,0,1565000,-1738000,-173000
2008/11/17,0,301000,-790000,-489000
2008/11/18,0,1373000,-9348000,-7975000
2008/11/19,0,601000,-6737000,-6136000
2008/11/20,0,373000,-12485470,-12112470
2008/11/21,0,3352000,-16436000,-13084000
2008/11/24,0,2012000,-14350000,-12338000
2008/11/25,0,3710000,-16145446,-12435446
2008/11/26,0,2375000,-2810554,-435554
2008/11/27,0,4532000,-9381000,-4849000
2008/11/28,0,1680000,-14901000,-13221000
2008/12/01,0,4013000,-1947000,2066000
2008/12/02,0,1955000,-5055000,-3100000
2008/12/03,0,2028000,-2473000,-445000
2008/12/04,0,2381000,-8919000,-6538000
2008/12/05,0,1396000,-3686000,-2290000
2008/12/08,0,5893000,-1036000,4857000
2008/12/09,0,3663000,-13182000,-9519000
2008/12/10,0,11078000,-7304000,3774000
2008/12/11,0,3779000,-7464000,-3685000
2008/12/12,0,5625000,-12393000,-6768000
2008/12/15,0,11437000,-5885000,5552000
2008/12/16,0,14738000,-1616000,13122000
2008/12/17,0,8032000,-2223000,5809000
2008/12/18,0,1978000,-2491000,-513000
2008/12/19,0,6531000,-5224000,1307000
2008/12/22,0,694000,-2449000,-1755000
2008/12/23,0,934000,-5784000,-4850000
2008/12/24,0,775000,-2610000,-1835000
2008/12/25,0,156000,-1992000,-1836000
2008/12/26,0,529000,-3167000,-2638000
2008/12/29,0,334000,-2375000,-2041000
2008/12/30,0,2618000,-1314000,1304000
2008/12/31,0,620000,-2469000,-1849000
2009/01/01,0,0,0,0
2009/01/02,0,0,0,0
2009/01/05,0,7241000,-5676000,1565000
2009/01/06,0,1099000,-11607000,-10508000
2009/01/07,0,6069000,-1480000,4589000
2009/01/08,0,1677000,-13682000,-12005000
2009/01/09,0,4227000,-3528000,699000
2009/01/12,0,2812000,-2679000,133000
2009/01/13,0,3272000,-2748000,524000
2009/01/14,0,2674000,-3396000,-722000
2009/01/15,0,1457000,-8058000,-6601000
2009/01/16,0,1879000,-3370000,-1491000
2009/01/19,0,332000,-4260000,-3928000
2009/01/20,0,1221000,-16082000,-14861000
2009/01/21,0,454000,-16792000,-16338000
2009/01/22,0,0,0,0
2009/01/23,0,0,0,0
2009/01/26,0,0,0,0
2009/01/27,0,0,0,0
2009/01/28,0,0,0,0
2009/01/29,0,0,0,0
2009/01/30,0,0,0,0
2009/02/02,0,1940000,-1224000,716000
2009/02/03,0,4358000,-3177000,1181000
2009/02/04,0,1914000,-5462000,-3548000
2009/02/05,0,2536000,-4502000,-1966000
2009/02/06,0,9147000,-2032000,7115000
2009/02/09,0,11406000,-3568000,7838000
2009/02/10,0,13194000,-456000,12738000
2009/02/11,0,6312000,-1075000,5237000
2009/02/12,0,7058000,-3269000,3789000
2009/02/13,0,8254000,-381000,7873000
2009/02/16,0,1976000,-1283000,693000
2009/02/17,0,1732000,-6055000,-4323000
2009/02/18,0,5587000,-2666000,2921000
2009/02/19,0,4415000,-5428000,-1013000
2009/02/20,0,662000,-16596000,-15934000
2009/02/23,0,3435000,-2746000,689000
2009/02/24,0,764000,-12375000,-11611000
2009/02/25,0,4546000,-6510000,-1964000
2009/02/26,0,264000,-18413000,-18149000
2009/02/27,0,563000,-3796000,-3233000
2009/03/02,0,2052000,-20461000,-18409000
2009/03/03,0,762000,-7697000,-6935000
2009/03/04,0,15069000,-2315000,12754000
2009/03/05,0,8818000,-3777000,5041000
2009/03/06,0,5941000,-1612000,4329000
2009/03/09,0,2756000,-2962000,-206000
2009/03/10,0,3113000,-1553000,1560000
2009/03/11,0,15622000,-545000,15077000
2009/03/12,0,5699000,-3041000,2658000
2009/03/13,0,11963000,-2694000,9269000
2009/03/16,0,15000000,-3376000,11624000
2009/03/17,0,10133000,-4691000,5442000
2009/03/18,0,1685000,-6115000,-4430000
2009/03/19,0,3496000,-19911000,-16415000
2009/03/20,0,2250000,-19074000,-16824000
2009/03/23,0,1308000,-7553000,-6245000
2009/03/24,0,3678000,-7817000,-4139000
2009/03/25,0,6303000,-1785000,4518000
2009/03/26,0,9137000,-5334000,3803000
2009/03/27,0,11772000,-3652000,8120000
2009/03/30,0,20516000,-2304000,18212000
2009/03/31,0,2895000,-3603000,-708000
2009/04/01,0,6124000,-5832000,292000
2009/04/02,0,10368000,-2191000,8177000
2009/04/03,0,4333000,-6687000,-2354000
2009/04/06,0,5416000,-3440000,1976000
2009/04/07,0,3634000,-2682000,952000
2009/04/08,0,26136000,-4473000,21663000
2009/04/09,0,12702000,-2014000,10688000
2009/04/10,0,43708000,-2764000,40944000
2009/04/13,0,15278000,-2479000,12799000
2009/04/14,0,18824000,-4351000,14473000
2009/04/15,0,13815000,-5392000,8423000
2009/04/16,0,25432000,-679000,24753000
2009/04/17,0,12547000,-2124000,10423000
2009/04/20,0,7476000,-10154000,-2678000
2009/04/21,0,1923000,-17037000,-15114000
2009/04/22,0,1556000,-5893000,-4337000
2009/04/23,0,3295000,-1179000,2116000
2009/04/24,0,2607000,-3303000,-696000
2009/04/27,0,2825000,-4736000,-1911000
2009/04/28,0,4413000,-3938000,475000
2009/04/29,0,3466000,-2021000,1445000
2009/04/30,0,9413000,-2309000,7104000
2009/05/01,0,0,0,0
2009/05/04,0,3593000,-7148000,-3555000
2009/05/05,0,12319000,-10139000,2180000
2009/05/06,0,5890000,-13530000,-7640000
2009/05/07,0,13256000,-5678000,7578000
2009/05/08,0,2066000,-7534000,-5468000
2009/05/11,0,2862000,-10502000,-7640000
2009/05/12,0,8546000,-4484000,4062000
2009/05/13,0,3153000,-2290000,863000
2009/05/14,0,3995000,-4447000,-452000
2009/05/15,0,5408000,-3496000,1912000
2009/05/18,0,3466000,-3640000,-174000
2009/05/19,0,11811000,-1031000,10780000
2009/05/20,0,8618000,-1613000,7005000
2009/05/21,0,4137000,-3921000,216000
2009/05/22,0,12370000,-3308000,9062000
2009/05/25,0,7504000,-4337000,3167000
2009/05/26,0,7539000,-2562000,4977000
2009/05/27,0,20112000,-3625000,16487000
2009/05/28,0,0,0,0
2009/05/29,0,0,0,0
2009/06/01,0,5674000,-3120000,2554000
2009/06/02,0,10313000,-2599000,7714000
2009/06/03,0,12943000,-587000,12356000
2009/06/04,0,2441000,-7377000,-4936000
2009/06/05,0,3359000,-3526000,-167000
2009/06/08,0,2033000,-3859000,-1826000
2009/06/09,0,3539000,-18299000,-14760000
2009/06/10,0,4706000,-2264000,2442000
2009/06/11,0,10504000,-4351000,6153000
2009/06/12,0,1606000,-7927000,-6321000
2009/06/15,0,1824000,-17365000,-15541000
2009/06/16,0,1595000,-5932000,-4337000
2009/06/17,0,1127000,-8032000,-6905000
2009/06/18,0,1486000,-9666000,-8180000
2009/06/19,0,626000,-8693000,-8067000
2009/06/22,0,3345000,-5338000,-1993000
2009/06/23,0,1196000,-7013000,-5817000
2009/06/24,0,9590000,-7277000,2313000
2009/06/25,0,5472000,-3430000,2042000
2009/06/26,0,2650000,-2230000,420000
2009/06/29,0,3380000,-1940000,1440000
2009/06/30,0,2219000,-3932000,-1713000
2009/07/01,0,5979000,-2145000,3834000
2009/07/02,0,1811000,-4696000,-2885000
2009/07/03,0,1190000,-5301000,-4111000
2009/07/06,0,1137000,-7953000,-6816000
2009/07/07,0,3874000,-3942000,-68000
2009/07/08,0,1957000,-4400000,-2443000
2009/07/09,0,7669000,-2726000,4943000
2009/07/10,0,5299000,-5087000,212000
2009/07/13,0,6160000,-6514000,-354000
2009/07/14,0,1078000,-797000,281000
2009/07/15,0,8902000,-1148000,7754000
2009/07/16,0,6516000,-2087000,4429000
2009/07/17,0,6186000,-905000,5281000
2009/07/20,0,9379000,-1371000,8008000
2009/07/21,0,3772000,-2450000,1322000
2009/07/22,0,2400000,-1241000,1159000
2009/07/23,0,4495000,-2794000,1701000
2009/07/24,0,5213000,-2654000,2559000
2009/07/27,0,8294000,-308000,7986000
2009/07/28,0,4735000,-2879000,1856000
2009/07/29,0,2173000,-2251000,-78000
2009/07/30,0,3650000,-3350000,300000
2009/07/31,0,9784000,-1757000,8027000
2009/08/03,0,7388000,-9765000,-2377000
2009/08/04,0,2594000,-3976000,-1382000
2009/08/05,0,3088000,-3585000,-497000
2009/08/06,0,3870000,-3780000,90000
2009/08/07,0,0,0,0
2009/08/10,0,5025000,-1492000,3533000
2009/08/11,0,4610000,-2135000,2475000
2009/08/12,0,3740000,-1513000,2227000
2009/08/13,0,10374000,-2855000,7519000
2009/08/14,0,5523000,-4209000,1314000
2009/08/17,0,5784000,-11508000,-5724000
2009/08/18,0,3624000,-8778000,-5154000
2009/08/19,0,1099000,-4210000,-3111000
2009/08/20,0,2377000,-4689000,-2312000
2009/08/21,0,2410000,-2254000,156000
2009/08/24,0,4831000,-1320000,3511000
2009/08/25,0,1825000,-2017000,-192000
2009/08/26,0,2110000,-6032000,-3922000
2009/08/27,0,2646000,-3331000,-685000
2009/08/28,0,5292000,-3071000,2221000
2009/08/31,0,2334000,-3129000,-795000
2009/09/01,0,8770000,-3011000,5759000
2009/09/02,0,6499000,-1861000,4638000
2009/09/03,0,7302000,-3406000,3896000
2009/09/04,0,8865000,-3776000,5089000
2009/09/07,0,8185000,-2907000,5278000
2009/09/08,0,6831000,-6279000,552000
2009/09/09,0,2458000,-3244000,-786000
2009/09/10,0,10666000,-6020000,4646000
2009/09/11,0,2712000,-2432000,280000
2009/09/14,0,7585000,-8003000,-418000
2009/09/15,0,10929000,-5273000,5656000
2009/09/16,0,5741000,-3353000,2388000
2009/09/17,0,7910000,-1884000,6026000
2009/09/18,0,6513000,-263000,6250000
2009/09/21,0,7439000,-5607000,1832000
2009/09/22,0,4592000,-388000,4204000
2009/09/23,0,11527000,-8542000,2985000
2009/09/24,0,3557000,-2867000,690000
2009/09/25,0,4405000,-2479000,1926000
2009/09/28,0,736000,-1302000,-566000
2009/09/29,0,5357000,-2892200,2464800
2009/09/30,0,7564000,-930000,6634000
2009/10/01,0,6331000,-1532000,4799000
2009/10/02,0,3065000,-1437000,1628000
2009/10/05,0,1726000,-2178000,-452000
2009/10/06,0,5933000,-741000,5192000
2009/10/07,0,3577000,-906000,2671000
2009/10/08,0,4284000,-2270000,2014000
2009/10/09,0,2408000,-589000,1819000
2009/10/12,0,3683000,-2714000,969000
2009/10/13,0,5295000,-7268000,-1973000
2009/10/14,0,5437000,-1381000,4056000
2009/10/15,0,4181000,-2894000,1287000
2009/10/16,0,1055000,-5520000,-4465000
2009/10/19,0,3579000,-1773000,1806000
2009/10/20,0,3774000,-2487000,1287000
2009/10/21,0,2427000,-1492000,935000
2009/10/22,0,2184000,-3736000,-1552000
2009/10/23,0,823000,-6612000,-5789000
2009/10/26,0,4513000,-1759000,2754000
2009/10/27,0,1733000,-3963000,-2230000
2009/10/28,0,1112000,-7448000,-6336000
2009/10/29,0,1567000,-16874000,-15307000
2009/10/30,0,1886000,-8443000,-6557000
2009/11/02,0,2141000,-6166000,-4025000
2009/11/03,0,784000,-1339000,-555000
2009/11/04,0,3534000,-9024000,-5490000
2009/11/05,0,597000,-5483000,-4886000
2009/11/06,0,1387000,-1752000,-365000
2009/11/09,0,1157000,-1408000,-251000
2009/11/10,0,2646000,-790000,1856000
2009/11/11,0,5232000,-1788000,3444000
2009/11/12,0,1690000,-599000,1091000
2009/11/13,0,1721000,-1612000,109000
2009/11/16,0,5836000,-1088000,4748000
2009/11/17,0,4717000,-2740000,1977000
2009/11/18,0,2306000,-864000,1442000
2009/11/19,0,2189000,-744000,1445000
2009/11/20,0,1709000,-3179000,-1470000
2009/11/23,0,208000,-260000,-52000
2009/11/24,0,1240000,-231000,1009000
2009/11/25,0,3562000,-1444000,2118000
2009/11/26,0,1736000,-700000,1036000
2009/11/27,0,3510000,-7676000,-4166000
2009/11/30,0,2501000,-452000,2049000
2009/12/01,0,1815000,-685000,1130000
2009/12/02,0,666000,-4099000,-3433000
2009/12/03,0,4514000,-1922000,2592000
2009/12/04,0,996000,-1679000,-683000
2009/12/07,0,5345000,-635000,4710000
2009/12/08,0,2987000,-693000,2294000
2009/12/09,0,3281000,-1696000,1585000
2009/12/10,0,3999000,-7876000,-3877000
2009/12/11,0,5834000,-2172000,3662000
2009/12/14,0,3545000,-2350000,1195000
2009/12/15,0,232000,-1917000,-1685000
2009/12/16,0,2599000,-1839000,760000
2009/12/17,0,5589000,-5534000,55000
2009/12/18,0,3454000,-1284000,2170000
2009/12/21,0,6727000,-2543000,4184000
2009/12/22,0,7106000,-731000,6375000
2009/12/23,0,3873000,-8042000,-4169000
2009/12/24,0,5668000,-957000,4711000
2009/12/25,0,1872000,-2164000,-292000
2009/12/28,0,3125000,-2062000,1063000
2009/12/29,0,240000,-4476000,-4236000
2009/12/30,0,6383000,-6849000,-466000
2009/12/31,0,2230000,-1242000,988000
2010/01/01,0,0,0,0
2010/01/04,0,13048000,-4034000,9014000
2010/01/05,0,11980000,-3211000,8769000
2010/01/06,0,9200000,-3027000,6173000
2010/01/07,0,4481000,-2575000,1906000
2010/01/08,0,2401000,-2661000,-260000
2010/01/11,0,1568000,-3091000,-1523000
2010/01/12,0,1725000,-1974000,-249000
2010/01/13,0,1456000,-8725000,-7269000
2010/01/14,0,7244000,-1897000,5347000
2010/01/15,0,5403000,-1512000,3891000
2010/01/18,0,2662000,-1392000,1270000
2010/01/19,0,2321000,-3090000,-769000
2010/01/20,0,17459000,-3385000,14074000
2010/01/21,0,4583000,-2053000,2530000
2010/01/22,0,11277000,-8215000,3062000
2010/01/25,0,6091000,-1610000,4481000
2010/01/26,0,8754000,-10185000,-1431000
2010/01/27,0,3223000,-6567000,-3344000
2010/01/28,0,1628000,-7043000,-5415000
2010/01/29,0,2688000,-11257000,-8569000
2010/02/01,0,1513000,-13786000,-12273000
2010/02/02,0,1204000,-4353000,-3149000
2010/02/03,0,2548000,-6946000,-4398000
2010/02/04,0,2343000,-4181000,-1838000
2010/02/05,0,2634000,-13207000,-10573000
2010/02/08,0,2130000,-15196000,-13066000
2010/02/09,0,1168000,-7128000,-5960000
2010/02/10,0,1941000,-4791000,-2850000
2010/02/11,0,0,0,0
2010/02/12,0,0,0,0
2010/02/15,0,0,0,0
2010/02/16,0,0,0,0
2010/02/17,0,0,0,0
2010/02/18,0,0,0,0
2010/02/19,0,0,0,0
2010/02/22,0,4952000,-2066000,2886000
2010/02/23,0,5035000,-1186000,3849000
2010/02/24,0,7275000,-1378059,5896941
2010/02/25,0,4613000,-9469000,-4856000
2010/02/26,0,2942000,-1360000,1582000
2010/03/01,0,7917000,-2896000,5021000
2010/03/02,0,7692000,-951000,6741000
2010/03/03,0,5539000,-179000,5360000
2010/03/04,0,3257000,-3321000,-64000
2010/03/05,0,9021000,-2479000,6542000
2010/03/08,0,8187000,-2148000,6039000
2010/03/09,0,1086000,-971000,115000
2010/03/10,0,1976000,-2170000,-194000
2010/03/11,0,1096000,-1909000,-813000
2010/03/12,0,4690000,-1047000,3643000
2010/03/15,0,4375000,-3847000,528000
2010/03/16,0,8578000,-929000,7649000
2010/03/17,0,6896000,-1449000,5447000
2010/03/18,0,2592000,-2968000,-376000
2010/03/19,0,1438000,-1579000,-141000
2010/03/22,0,1279000,-3633000,-2354000
2010/03/23,0,2467000,-2251000,216000
2010/03/24,0,7432000,-1868000,5564000
2010/03/25,0,5673000,-2659000,3014000
2010/03/26,0,5132000,-2474000,2658000
2010/03/29,0,3183000,-6431000,-3248000
2010/03/30,0,243000,-4654000,-4411000
2010/03/31,0,1103000,-3440000,-2337000
2010/04/01,0,2748000,-4672000,-1924000
2010/04/02,0,1072000,-1243000,-171000
2010/04/05,0,0,0,0
2010/04/06,0,3454000,-4486000,-1032000
2010/04/07,0,1702000,-582000,1120000
2010/04/08,0,3063000,-2984000,79000
2010/04/09,0,1726000,-358000,1368000
2010/04/12,0,703000,-2845000,-2142000
2010/04/13,0,3375000,-3469000,-94000
2010/04/14,0,3415000,-2311000,1104000
2010/04/15,0,2795000,-4785000,-1990000
2010/04/16,0,2055000,-3088000,-1033000
2010/04/19,0,1338000,-7772000,-6434000
2010/04/20,0,751000,-2631000,-1880000
2010/04/21,0,1439000,-2543000,-1104000
2010/04/22,0,1196000,-2025000,-829000
2010/04/23,0,682000,-2614000,-1932000
2010/04/26,0,4259000,-656000,3603000
2010/04/27,0,2310000,-582000,1728000
2010/04/28,0,1679000,-2471000,-792000
2010/04/29,0,1740000,-1668000,72000
2010/04/30,0,2298000,-2191000,107000
2010/05/03,0,1735000,-4311000,-2576000
2010/05/04,0,1546000,-5397000,-3851000
2010/05/05,0,1449000,-2737000,-1288000
2010/05/06,0,11703000,-3019000,8684000
2010/05/07,0,3339000,-4090000,-751000
2010/05/10,0,1623000,-3212000,-1589000
2010/05/11,0,2601000,-3301000,-700000
2010/05/12,0,591000,-3410000,-2819000
2010/05/13,0,2837000,-2031000,806000
2010/05/14,0,1218000,-7451000,-6233000
2010/05/17,0,1142000,-3079000,-1937000
2010/05/18,0,813000,-3679000,-2866000
2010/05/19,0,2480000,-2578000,-98000
2010/05/20,0,2953000,-6173000,-3220000
2010/05/21,0,11532000,-7238500,4293500
2010/05/24,0,1286000,-598500,687500
2010/05/25,0,2767000,-19045000,-16278000
2010/05/26,0,4648000,-8483000,-3835000
2010/05/27,0,4242000,-2200000,2042000
2010/05/28,0,1253000,-4138000,-2885000
2010/05/31,0,1910000,-397000,1513000
2010/06/01,0,345000,-1795000,-1450000
2010/06/02,0,425000,-5427000,-5002000
2010/06/03,0,3101000,-555000,2546000
2010/06/04,0,197000,-1765000,-1568000
2010/06/07,0,1235000,-9552000,-8317000
2010/06/08,0,398000,-3905000,-3507000
2010/06/09,0,583000,-3065000,-2482000
2010/06/10,0,2494000,-863000,1631000
2010/06/11,0,2491000,-1116000,1375000
2010/06/14,0,3753000,-1297000,2456000
2010/06/15,0,2684000,-3276000,-592000
2010/06/16,0,0,0,0
2010/06/17,0,2252000,-878000,1374000
2010/06/18,0,667000,-1043000,-376000
2010/06/21,0,5424000,-1338000,4086000
2010/06/22,0,1008000,-1484000,-476000
2010/06/23,0,2372000,-2790000,-418000
2010/06/24,0,1863000,-1745000,118000
2010/06/25,0,1492000,-2192000,-700000
2010/06/28,0,907000,-746000,161000
2010/06/29,0,3625000,-7208000,-3583000
2010/06/30,0,2263000,-5034000,-2771000
2010/07/01,0,805000,-9496000,-8691000
2010/07/02,0,2758000,-2140000,618000
2010/07/05,0,1830000,-782000,1048000
2010/07/06,0,6740000,-2114000,4626000
2010/07/07,0,1382000,-539000,843000
2010/07/08,0,4641000,-1576000,3065000
2010/07/09,0,1679000,-179000,1500000
2010/07/12,0,3329000,-884000,2445000
2010/07/13,0,1435000,-2390000,-955000
2010/07/14,0,3798000,-3387000,411000
2010/07/15,0,1127000,-2080000,-953000
2010/07/16,0,3029000,-2911000,118000
2010/07/19,0,7921000,-1638000,6283000
2010/07/20,0,1567000,-667000,900000
2010/07/21,0,1080000,-2099000,-1019000
2010/07/22,0,1251000,-1835000,-584000
2010/07/23,0,10202000,-409000,9793000
2010/07/26,0,1118000,-933000,185000
2010/07/27,0,1047000,-1154000,-107000
2010/07/28,0,5214000,-2072000,3142000
2010/07/29,0,2654000,-3376000,-722000
2010/07/30,0,2648000,-4449000,-1801000
2010/08/02,0,8135000,-446000,7689000
2010/08/03,0,4625000,-421000,4204000
2010/08/04,0,4144000,-1011000,3133000
2010/08/05,0,7499000,-1071000,6428000
2010/08/06,0,2020000,-2700000,-680000
2010/08/09,0,5914000,-337000,5577000
2010/08/10,0,4707000,-1947000,2760000
2010/08/11,0,2252000,-2387000,-135000
2010/08/12,0,3270000,-3452000,-182000
2010/08/13,0,3384000,-3003000,381000
2010/08/16,0,1335000,-1123000,212000
2010/08/17,0,1635000,-258000,1377000
2010/08/18,0,3106000,-2487000,619000
2010/08/19,0,1706000,-969000,737000
2010/08/20,0,1062000,-2870000,-1808000
2010/08/23,0,5285000,-1026000,4259000
2010/08/24,0,2744000,-2853000,-109000
2010/08/25,0,1341000,-6554000,-5213000
2010/08/26,0,2861000,-2764000,97000
2010/08/27,0,2983000,-2143000,840000
2010/08/30,0,4034000,-1791000,2243000
2010/08/31,0,79000,-2571000,-2492000
2010/09/01,0,464000,-2157000,-1693000
2010/09/02,0,1721000,-2039000,-318000
2010/09/03,0,1740000,-1170000,570000
2010/09/06,0,1015000,-5644000,-4629000
2010/09/07,0,1321000,-1234000,87000
2010/09/08,0,1252000,-2268000,-1016000
2010/09/09,0,1861000,-540000,1321000
2010/09/10,0,2775000,-1338000,1437000
2010/09/13,0,8107000,-2344000,5763000
2010/09/14,0,3505000,-826000,2679000
2010/09/15,0,3498000,-507000,2991000
2010/09/16,0,2218000,-2526000,-308000
2010/09/17,0,6310000,-2112000,4198000
2010/09/20,0,1045000,-1698000,-653000
2010/09/21,0,993000,-578000,415000
2010/09/22,0,0,0,0
2010/09/23,0,1509000,-591000,918000
2010/09/24,0,1530000,-1654000,-124000
2010/09/27,0,699000,-1307000,-608000
2010/09/28,0,1709000,-417000,1292000
2010/09/29,0,2867000,-3299000,-432000
2010/09/30,0,695000,-3545000,-2850000
2010/10/01,0,555000,-5503000,-4948000
2010/10/04,0,896000,-6648000,-5752000
2010/10/05,0,3030000,-6058000,-3028000
2010/10/06,0,2523000,-1873000,650000
2010/10/07,0,276000,-3571000,-3295000
2010/10/08,0,747000,-4988000,-4241000
2010/10/11,0,1897000,-4462000,-2565000
2010/10/12,0,1691000,-2256000,-565000
2010/10/13,0,1319000,-795000,524000
2010/10/14,0,2933000,-1043000,1890000
2010/10/15,0,453000,-491000,-38000
2010/10/18,0,1168000,-2851000,-1683000
2010/10/19,0,1917000,-3470000,-1553000
2010/10/20,0,4425000,-1851000,2574000
2010/10/21,0,2518000,-2144000,374000
2010/10/22,0,1282000,-939000,343000
2010/10/25,0,2030000,-5904000,-3874000
2010/10/26,0,627000,-2712000,-2085000
2010/10/27,0,1041000,-1974000,-933000
2010/10/28,0,1588000,-929000,659000
2010/10/29,0,743000,-4111000,-3368000
2010/11/01,0,6303000,-2473000,3830000
2010/11/02,0,2268000,-2631000,-363000
2010/11/03,0,6980000,-3381000,3599000
2010/11/04,0,3751000,-443000,3308000
2010/11/05,0,6524000,-1990000,4534000
2010/11/08,0,1317000,-3500000,-2183000
2010/11/09,0,1053000,-880000,173000
2010/11/10,0,906000,-10094000,-9188000
2010/11/11,0,1996000,-4985000,-2989000
2010/11/12,0,3260000,-5920000,-2660000
2010/11/15,0,1989000,-2715000,-726000
2010/11/16,0,5211000,-467000,4744000
2010/11/17,0,1160000,-4243000,-3083000
2010/11/18,0,112000,-1451000,-1339000
2010/11/19,0,1447000,-1519000,-72000
2010/11/22,0,1963000,-1081000,882000
2010/11/23,0,1388000,-1161000,227000
2010/11/24,0,1850000,-3160000,-1310000
2010/11/25,0,1602000,-1098000,504000
2010/11/26,0,1397000,-2580000,-1183000
2010/11/29,0,4334000,-3142000,1192000
2010/11/30,0,1635000,-3737000,-2102000
2010/12/01,0,4559000,-4686000,-127000
2010/12/02,0,3276000,-2187000,1089000
2010/12/03,0,2662000,-3078000,-416000
2010/12/06,0,4248000,-688000,3560000
2010/12/07,0,1394000,-1160000,234000
2010/12/08,0,3735000,-1183000,2552000
2010/12/09,0,5173000,-867000,4306000
2010/12/10,0,1662000,-2290000,-628000
2010/12/13,0,750000,-1359000,-609000
2010/12/14,0,7914000,-4327000,3587000
2010/12/15,0,7029000,-2854000,4175000
2010/12/16,0,13194000,-576000,12618000
2010/12/17,0,21876000,-2865000,19011000
2010/12/20,0,3772000,-4760000,-988000
2010/12/21,0,7318000,-632000,6686000
2010/12/22,0,7102000,-1435000,5667000
2010/12/23,0,7721000,-2861000,4860000
2010/12/24,0,3845000,-852000,2993000
2010/12/27,0,1426000,-6485000,-5059000
2010/12/28,0,2444000,-8890000,-6446000
2010/12/29,0,4219000,-9680000,-5461000
2010/12/30,0,1796000,-2499000,-703000
2010/12/31,0,4539000,-3033000,1506000
2011/01/03,0,1006000,-8152000,-7146000
2011/01/04,0,2142000,-5879000,-3737000
2011/01/05,0,5960000,-6022000,-62000
2011/01/06,0,3906000,-3289000,617000
2011/01/07,0,5271000,-3455000,1816000
2011/01/10,0,382000,-2473000,-2091000
2011/01/11,0,5579000,-1947000,3632000
2011/01/12,0,2616000,-1133000,1483000
2011/01/13,0,4917000,-3590000,1327000
2011/01/14,0,3361000,-3272000,89000
2011/01/17,0,4213000,-1837000,2376000
2011/01/18,0,6485000,-2367000,4118000
2011/01/19,0,11052000,-4380000,6672000
2011/01/20,0,3015000,-669000,2346000
2011/01/21,0,6251000,-4239000,2012000
2011/01/24,0,12691000,-97000,12594000
2011/01/25,0,4744000,-2529000,2215000
2011/01/26,0,6734000,-951000,5783000
2011/01/27,0,8983000,-3167000,5816000
2011/01/28,0,4209000,-4449000,-240000
2011/01/31,0,0,0,0
2011/02/01,0,0,0,0
2011/02/02,0,0,0,0
2011/02/03,0,0,0,0
2011/02/04,0,0,0,0
2011/02/07,0,0,0,0
2011/02/08,0,2786000,-3032000,-246000
2011/02/09,0,3627000,-7073000,-3446000
2011/02/10,0,4708000,-10054000,-5346000
2011/02/11,0,9470000,-8523000,947000
2011/02/14,0,3643000,-1892000,1751000
2011/02/15,0,4556000,-1543000,3013000
2011/02/16,0,1171000,-8976000,-7805000
2011/02/17,0,1692000,-2497000,-805000
2011/02/18,0,6306000,-2677000,3629000
2011/02/21,0,2320000,-8066000,-5746000
2011/02/22,0,1223000,-17217000,-15994000
2011/02/23,0,549000,-23877000,-23328000
2011/02/24,0,688000,-24506000,-23818000
2011/02/25,0,2846000,-29866000,-27020000
2011/02/28,0,0,0,0
2011/03/01,0,1714000,-2667000,-953000
2011/03/02,0,516000,-19897000,-19381000
2011/03/03,0,4484000,-19154000,-14670000
2011/03/04,0,8017000,-1650000,6367000
2011/03/07,0,2225000,-10588000,-8363000
2011/03/08,0,831000,-1259000,-428000
2011/03/09,0,3797000,-5941000,-2144000
2011/03/10,0,1148000,-4542000,-3394000
2011/03/11,0,1922000,-12152000,-10230000
2011/03/14,0,5585000,-19174000,-13589000
2011/03/15,0,10254000,-47634000,-37380000
2011/03/16,0,4324000,-12376000,-8052000
2011/03/17,0,4223000,-10951000,-6728000
2011/03/18,0,1902000,-5975000,-4073000
2011/03/21,0,9621000,-4708000,4913000
2011/03/22,0,5423000,-6379000,-956000
2011/03/23,0,3458000,-6733000,-3275000
2011/03/24,0,8311000,-1909000,6402000
2011/03/25,0,9778000,-827000,8951000
2011/03/28,0,1252000,-3515000,-2263000
2011/03/29,0,2923000,-1499000,1424000
2011/03/30,0,5290000,-2512000,2778000
2011/03/31,0,4646000,-4828000,-182000
2011/04/01,0,4492000,-1447000,3045000
2011/04/04,0,0,0,0
2011/04/05,0,0,0,0
2011/04/06,0,10977000,-7073000,3904000
2011/04/07,0,7364000,-2847000,4517000
2011/04/08,0,2511000,-5272000,-2761000
2011/04/11,0,1683000,-11068000,-9385000
2011/04/12,0,4476000,-9014000,-4538000
2011/04/13,0,5580000,-5902000,-322000
2011/04/14,0,2206000,-4431000,-2225000
2011/04/15,0,1057000,-2857000,-1800000
2011/04/18,0,2494000,-3872000,-1378000
2011/04/19,0,2205000,-9981000,-7776000
2011/04/20,0,6176000,-2498000,3678000
2011/04/21,0,18159000,-3424000,14735000
2011/04/22,0,2316000,-3437000,-1121000
2011/04/25,0,9922000,-2741000,7181000
2011/04/26,0,8756000,-4397000,4359000
2011/04/27,0,5018000,-11018000,-6000000
2011/04/28,0,9699000,-3053000,6646000
2011/04/29,0,26164000,-9657000,16507000
2011/05/02,0,0,0,0
2011/05/03,0,4566000,-19506000,-14940000
2011/05/04,0,4483000,-10417000,-5934000
2011/05/05,0,8562000,-7736000,826000
2011/05/06,0,4936000,-13499000,-8563000
2011/05/09,0,2337000,-6811000,-4474000
2011/05/10,0,931000,-4181000,-3250000
2011/05/11,0,2068000,-3550000,-1482000
2011/05/12,0,3176000,-7420000,-4244000
2011/05/13,0,3060000,-1089000,1971000
2011/05/16,0,903000,-11422000,-10519000
2011/05/17,0,2339000,-8892000,-6553000
2011/05/18,0,1942000,-2903000,-961000
2011/05/19,0,5030000,-12670000,-7640000
2011/05/20,0,1091000,-11897000,-10806000
2011/05/23,0,7580000,-15989000,-8409000
2011/05/24,0,3485000,-18794000,-15309000
2011/05/25,0,3438000,-8933000,-5495000
2011/05/26,0,2779000,-2416000,363000
2011/05/27,0,3963000,-7761000,-3798000
2011/05/30,0,1705000,-7885000,-6180000
2011/05/31,0,7940000,-3146000,4794000
2011/06/01,0,8577000,-2288000,6289000
2011/06/02,0,1847000,-9669000,-7822000
2011/06/03,0,1149000,-5580000,-4431000
2011/06/06,0,0,0,0
2011/06/07,0,3976000,-4200000,-224000
2011/06/08,0,2509000,-8092000,-5583000
2011/06/09,0,1322000,-4701000,-3379000
2011/06/10,0,2149000,-23885000,-21736000
2011/06/13,0,902000,-16278000,-15376000
2011/06/14,0,2598000,-7067000,-4469000
2011/06/15,0,1115000,-6708000,-5593000
2011/06/16,0,883000,-11908000,-11025000
2011/06/17,0,3735000,-13293000,-9558000
2011/06/20,0,2746000,-14240000,-11494000
2011/06/21,0,2238000,-7965000,-5727000
2011/06/22,0,2731000,-8249000,-5518000
2011/06/23,0,2562000,-11019000,-8457000
2011/06/24,0,8131000,-5211000,2920000
2011/06/27,0,4691000,-5765000,-1074000
2011/06/28,0,1647000,-7613000,-5966000
2011/06/29,0,5926000,-11161000,-5235000
2011/06/30,0,2920000,-3288000,-368000
2011/07/01,0,4533000,-4929000,-396000
2011/07/04,0,9373000,-3608000,5765000
2011/07/05,0,6373000,-1905000,4468000
2011/07/06,0,9842000,-1933050,7908950
2011/07/07,0,1974000,-7910000,-5936000
2011/07/08,0,4951000,-10100000,-5149000
2011/07/11,0,1630000,-8690000,-7060000
2011/07/12,0,3671000,-35823000,-32152000
2011/07/13,0,1792000,-36236000,-34444000
2011/07/14,0,1051000,-33021000,-31970000
2011/07/15,0,5882000,-13733000,-7851000
2011/07/18,0,3880000,-17356000,-13476000
2011/07/19,0,1001050,-4869000,-3867950
2011/07/20,0,13598000,-2882000,10716000
2011/07/21,0,8419000,-3988000,4431000
2011/07/22,0,15612000,-1792000,13820000
2011/07/25,0,3191000,-1644000,1547000
2011/07/26,0,11214000,-3484000,7730000
2011/07/27,0,6265000,-740000,5525000
2011/07/28,0,4205000,-9282000,-5077000
2011/07/29,0,5031000,-9421000,-4390000
2011/08/01,0,2318000,-4217000,-1899000
2011/08/02,0,1304000,-10524000,-9220000
2011/08/03,0,2847000,-34785000,-31938000
2011/08/04,0,3339000,-30521000,-27182000
2011/08/05,0,4010000,-71398000,-67388000
2011/08/08,0,8240000,-60423000,-52183000
2011/08/09,0,22142000,-81631000,-59489000
2011/08/10,0,13056000,-23558000,-10502000
2011/08/11,0,12545000,-16704000,-4159000
2011/08/12,0,16821000,-18446000,-1625000
2011/08/15,0,7726000,-2226000,5500000
2011/08/16,0,5911000,-7354000,-1443000
2011/08/17,0,5590000,-11941000,-6351000
2011/08/18,0,3289000,-22676000,-19387000
2011/08/19,0,6400000,-36707000,-30307000
2011/08/22,0,10359000,-24692000,-14333000
2011/08/23,0,8767000,-13221000,-4454000
2011/08/24,0,8341000,-12623000,-4282000
2011/08/25,0,5397000,-8635000,-3238000
2011/08/26,0,5259000,-11656000,-6397000
2011/08/29,0,8265000,-8180000,85000
2011/08/30,0,8260000,-4303000,3957000
2011/08/31,0,11505000,-3283000,8222000
2011/09/01,0,22902000,-6892000,16010000
2011/09/02,0,3441000,-5758000,-2317000
2011/09/05,0,2731000,-11464000,-8733000
2011/09/06,0,3583000,-12471000,-8888000
2011/09/07,0,6597000,-4273000,2324000
2011/09/08,0,6449000,-6022000,427000
2011/09/09,0,10579000,-6797000,3782000
2011/09/12,0,0,0,0
2011/09/13,0,3205000,-18546000,-15341000
2011/09/14,0,5355000,-31230000,-25875000
2011/09/15,0,8615000,-15027000,-6412000
2011/09/16,0,14792000,-5304000,9488000
2011/09/19,0,6087000,-9792000,-3705000
2011/09/20,0,4971000,-10853000,-5882000
2011/09/21,0,4973000,-2116000,2857000
2011/09/22,0,2295000,-14140000,-11845000
2011/09/23,0,3896000,-48278000,-44382000
2011/09/26,0,3351000,-28237000,-24886000
2011/09/27,0,8810000,-7429000,1381000
2011/09/28,0,7140000,-5282000,1858000
2011/09/29,0,6999000,-2638000,4361000
2011/09/30,0,3984000,-3202000,782000
2011/10/03,0,1417000,-14527000,-13110000
2011/10/04,0,2740000,-10811000,-8071000
2011/10/05,0,911000,-9889000,-8978000
2011/10/06,0,5504000,-7725000,-2221000
2011/10/07,0,6972000,-4021000,2951000
2011/10/10,0,0,0,0
2011/10/11,0,10055000,-4045000,6010000
2011/10/12,0,1249000,-2368000,-1119000
2011/10/13,0,3327000,-3790000,-463000
2011/10/14,0,4813000,-1788000,3025000
2011/10/17,0,7068000,-4154000,2914000
2011/10/18,0,3164000,-13133000,-9969000
2011/10/19,0,455000,-8196000,-7741000
2011/10/20,0,424000,-11660000,-11236000
2011/10/21,0,2207000,-11519000,-9312000
2011/10/24,0,13070000,-2889000,10181000
2011/10/25,0,4640000,-7103000,-2463000
2011/10/26,0,3134000,-15861000,-12727000
2011/10/27,0,4722000,-13301000,-8579000
2011/10/28,0,12501000,-8746000,3755000
2011/10/31,0,2355000,-8359000,-6004000
2011/11/01,0,4390000,-5045000,-655000
2011/11/02,0,4834000,-14069000,-9235000
2011/11/03,0,2898000,-20383000,-17485000
2011/11/04,0,8637000,-3695000,4942000
2011/11/07,0,1541000,-1876000,-335000
2011/11/08,0,4014000,-4273000,-259000
2011/11/09,0,2681000,-3230000,-549000
2011/11/10,0,3266000,-33111000,-29845000
2011/11/11,0,3339000,-7071000,-3732000
2011/11/14,0,14108000,-2560000,11548000
2011/11/15,0,1347000,-1444000,-97000
2011/11/16,0,4319000,-8375000,-4056000
2011/11/17,0,2263000,-7928000,-5665000
2011/11/18,0,3421000,-27153000,-23732000
2011/11/21,0,2481000,-32773000,-30292000
2011/11/22,0,1922000,-27175000,-25253000
2011/11/23,0,3498000,-27495000,-23997000
2011/11/24,0,5245000,-16181000,-10936000
2011/11/25,0,6032000,-11567000,-5535000
2011/11/28,0,3751000,-7163000,-3412000
2011/11/29,0,3873000,-3153000,720000
2011/11/30,0,2838000,-6191000,-3353000
2011/12/01,0,22474000,-3497000,18977000
2011/12/02,0,3779000,-4060000,-281000
2011/12/05,0,2496000,-3368000,-872000
2011/12/06,0,1383000,-5159000,-3776000
2011/12/07,0,3939000,-3032000,907000
2011/12/08,0,2734000,-6443000,-3709000
2011/12/09,0,3652000,-6215000,-2563000
2011/12/12,0,4017000,-2669000,1348000
2011/12/13,0,2418000,-2806000,-388000
2011/12/14,0,521000,-2922000,-2401000
2011/12/15,0,1158000,-13084000,-11926000
2011/12/16,0,262000,-9939000,-9677000
2011/12/19,0,2075000,-13778000,-11703000
2011/12/20,0,1030000,-3206000,-2176000
2011/12/21,0,7462000,-9156000,-1694000
2011/12/22,0,5632000,-5330000,302000
2011/12/23,0,4659000,-3496000,1163000
2011/12/26,0,1155000,-3148000,-1993000
2011/12/27,0,1646000,-8102000,-6456000
2011/12/28,0,2799000,-3839000,-1040000
2011/12/29,0,2015000,-1747000,268000
2011/12/30,0,4599000,-8277000,-3678000
2012/01/02,0,1531000,-5738000,-4207000
2012/01/03,0,2159000,-5577000,-3418000
2012/01/04,0,5389000,-5781000,-392000
2012/01/05,0,4458000,-9326000,-4868000
2012/01/06,0,10143000,-10715000,-572000
2012/01/09,0,4443000,-6130000,-1687000
2012/01/10,0,6895000,-7884000,-989000
2012/01/11,0,3909000,-2047000,1862000
2012/01/12,0,5957000,-1871000,4086000
2012/01/13,0,9514000,-11997000,-2483000
2012/01/16,0,10454000,-11354000,-900000
2012/01/17,0,11339000,-3781000,7558000
2012/01/18,0,2661000,-1140000,1521000
2012/01/19,0,0,0,0
2012/01/20,0,0,0,0
2012/01/23,0,0,0,0
2012/01/24,0,0,0,0
2012/01/25,0,0,0,0
2012/01/26,0,0,0,0
2012/01/27,0,0,0,0
2012/01/30,0,9277000,-4290000,4987000
2012/01/31,0,12813000,-2156000,10657000
2012/02/01,0,20756000,-3259000,17497000
2012/02/02,0,15201000,-3288000,11913000
2012/02/03,0,25416000,-2518000,22898000
2012/02/06,0,9306000,-2799000,6507000
2012/02/07,0,6465000,-1525000,4940000
2012/02/08,0,11898000,-1887000,10011000
2012/02/09,0,24524000,-2253000,22271000
2012/02/10,0,22121000,-2160000,19961000
2012/02/13,0,7338000,-1064000,6274000
2012/02/14,0,17776000,-2605000,15171000
2012/02/15,0,24409000,-2513000,21896000
2012/02/16,0,13725000,-2752000,10973000
2012/02/17,0,17692000,-7256000,10436000
2012/02/20,0,27632000,-2395000,25237000
2012/02/21,0,9966000,-3020000,6946000
2012/02/22,0,8359000,-692000,7667000
2012/02/23,0,7032000,-2492000,4540000
2012/02/24,0,6578000,-3462000,3116000
2012/02/27,0,0,0,0
2012/02/28,0,0,0,0
2012/02/29,0,17175000,-905000,16270000
2012/03/01,0,10636000,-193000,10443000
2012/03/02,0,5784000,-640000,5144000
2012/03/05,0,12549000,-6723000,5826000
2012/03/06,0,10309000,-1631000,8678000
2012/03/07,0,5384000,-3206000,2178000
2012/03/08,0,9534000,-4539000,4995000
2012/03/09,0,8635000,-944000,7691000
2012/03/12,0,7348000,-419000,6929000
2012/03/13,0,13656000,-914000,12742000
2012/03/14,0,17361000,-544000,16817000
2012/03/15,0,5645000,-85000,5560000
2012/03/16,0,6823000,-1325000,5498000
2012/03/19,0,9645000,-2693000,6952000
2012/03/20,0,3746000,-3729000,17000
2012/03/21,0,5369000,-1778000,3591000
2012/03/22,0,7427000,-1784000,5643000
2012/03/23,0,3466000,-1258000,2208000
2012/03/26,0,2943000,-3958000,-1015000
2012/03/27,0,8313000,-1313000,7000000
2012/03/28,0,9272000,-2704000,6568000
2012/03/29,0,4438000,-5986000,-1548000
2012/03/30,0,2211000,-2522000,-311000
2012/04/02,0,2418000,-2251000,167000
2012/04/03,0,3146000,-4049000,-903000
2012/04/04,0,0,0,0
2012/04/05,0,1434000,-9103000,-7669000
2012/04/06,0,5166000,-7153000,-1987000
2012/04/09,0,3106000,-10117000,-7011000
2012/04/10,0,3519000,-2538000,981000
2012/04/11,0,4650000,-4365000,285000
2012/04/12,0,2289000,-3018000,-729000
2012/04/13,0,5323000,-2353000,2970000
2012/04/16,0,913000,-1888000,-975000
2012/04/17,0,6847000,-7757000,-910000
2012/04/18,0,4853000,-3909000,944000
2012/04/19,0,2730000,-7253000,-4523000
2012/04/20,0,1402000,-8696000,-7294000
2012/04/23,0,3469000,-14187000,-10718000
2012/04/24,0,1498000,-4469000,-2971000
2012/04/25,0,1157000,-1262000,-105000
2012/04/26,0,1300000,-2205000,-905000
2012/04/27,0,2825000,-10569000,-7744000
2012/04/30,0,907000,-6157000,-5250000
2012/05/01,0,0,0,0
2012/05/02,0,4343000,-4541000,-198000
2012/05/03,0,480000,-3198000,-2718000
2012/05/04,0,2221000,-2647000,-426000
2012/05/07,0,811000,-5755000,-4944000
2012/05/08,0,1535000,-3157000,-1622000
2012/05/09,0,4507000,-12712000,-8205000
2012/05/10,0,936000,-4069000,-3133000
2012/05/11,0,1704000,-16679000,-14975000
2012/05/14,0,1759000,-5394000,-3635000
2012/05/15,0,7247000,-17877000,-10630000
2012/05/16,0,2564000,-25719000,-23155000
2012/05/17,0,1244000,-3294000,-2050000
2012/05/18,0,4111000,-25530000,-21419000
2012/05/21,0,2347000,-10164000,-7817000
2012/05/22,0,1786000,-3677000,-1891000
2012/05/23,0,1853000,-17734000,-15881000
2012/05/24,0,1931000,-9995000,-8064000
2012/05/25,0,784000,-4800000,-4016000
2012/05/28,0,656000,-1136000,-480000
2012/05/29,0,8258000,-1894000,6364000
2012/05/30,0,1656000,-7474000,-5818000
2012/05/31,0,1407000,-9204000,-7797000
2012/06/01,0,1103000,-9733000,-8630000
2012/06/04,0,4200000,-26850000,-22650000
2012/06/05,0,2293000,-2442000,-149000
2012/06/06,0,1790000,-1097000,693000
2012/06/07,0,1512000,-1851000,-339000
2012/06/08,0,4358000,-2640000,1718000
2012/06/11,0,4323000,-1459000,2864000
2012/06/12,0,542000,-3107000,-2565000
2012/06/13,0,391000,-1951000,-1560000
2012/06/14,0,1348000,-875000,473000
2012/06/15,0,1655000,-1833000,-178000
2012/06/18,0,3476000,-1747000,1729000
2012/06/19,0,3935000,-933000,3002000
2012/06/20,0,5117000,-1098000,4019000
2012/06/21,0,938000,-3012000,-2074000
2012/06/22,0,1944000,-3573000,-1629000
2012/06/25,0,1545000,-4429000,-2884000
2012/06/26,0,2648000,-9246000,-6598000
2012/06/27,0,3297000,-4856000,-1559000
2012/06/28,0,704000,-7901000,-7197000
2012/06/29,0,8624000,-5151000,3473000
2012/07/02,0,5274000,-4132000,1142000
2012/07/03,0,10998000,-3237000,7761000
2012/07/04,0,6449000,-2693000,3756000
2012/07/05,0,3006000,-923000,2083000
2012/07/06,0,6068000,-1456000,4612000
2012/07/09,0,2931000,-1325000,1606000
2012/07/10,0,2971000,-6800000,-3829000
2012/07/11,0,908000,-2254000,-1346000
2012/07/12,0,3180000,-11679000,-8499000
2012/07/13,0,567000,-5377000,-4810000
2012/07/16,0,799000,-4445000,-3646000
2012/07/17,0,1139000,-3965000,-2826000
2012/07/18,0,1011000,-6878000,-5867000
2012/07/19,0,4889000,-1628000,3261000
2012/07/20,0,2380000,-3946000,-1566000
2012/07/23,0,1310000,-10935000,-9625000
2012/07/24,0,6488000,-18718000,-12230000
2012/07/25,0,2083000,-13896000,-11813000
2012/07/26,0,1215000,-6590000,-5375000
2012/07/27,0,5717000,-1269000,4448000
2012/07/30,0,6117000,-2230000,3887000
2012/07/31,0,11100000,-830000,10270000
2012/08/01,0,3617000,-490000,3127000
2012/08/02,0,0,0,0
2012/08/03,0,1212000,-1984000,-772000
2012/08/06,0,7235000,-276000,6959000
2012/08/07,0,919000,-1031000,-112000
2012/08/08,0,4821000,-1813000,3008000
2012/08/09,0,11807000,-1958000,9849000
2012/08/10,0,6693000,-1681000,5012000
2012/08/13,0,5644000,-5967000,-323000
2012/08/14,0,4046000,-7474000,-3428000
2012/08/15,0,4095000,-732000,3363000
2012/08/16,0,3056000,-659000,2397000
2012/08/17,0,2075000,-749000,1326000
2012/08/20,0,4164000,-838000,3326000
2012/08/21,0,8292000,-639000,7653000
2012/08/22,0,2729000,-540000,2189000
2012/08/23,0,4643000,-396000,4247000
2012/08/24,0,4646000,-1354000,3292000
2012/08/27,0,3536000,-1005000,2531000
2012/08/28,0,1442000,-5164000,-3722000
2012/08/29,0,665000,-784000,-119000
2012/08/30,0,1588000,-3634000,-2046000
2012/08/31,0,1286000,-1119000,167000
2012/09/03,0,4140000,-277000,3863000
2012/09/04,0,4164000,-460000,3704000
2012/09/05,0,786000,-2391000,-1605000
2012/09/06,0,1497000,-2723000,-1226000
2012/09/07,0,4419000,-548000,3871000
2012/09/10,0,5716000,-718000,4998000
2012/09/11,0,5454000,-416000,5038000
2012/09/12,0,9153000,-194000,8959000
2012/09/13,0,7837000,-298000,7539000
2012/09/14,0,12612000,-5438000,7174000
2012/09/17,0,7934000,-3064000,4870000
2012/09/18,0,13819000,-1370000,12449000
2012/09/19,0,7130000,-2843000,4287000
2012/09/20,0,5491000,-2446000,3045000
2012/09/21,0,4333000,-1158000,3175000
2012/09/24,0,10125000,-7081000,3044000
2012/09/25,0,3069000,-1815000,1254000
2012/09/26,0,1778000,-2323000,-545000
2012/09/27,0,803000,-1247000,-444000
2012/09/28,0,1405000,-399000,1006000
2012/10/01,0,972000,-1175000,-203000
2012/10/02,0,3607000,-413000,3194000
2012/10/03,0,1690000,-826000,864000
2012/10/04,0,3340000,-2591000,749000
2012/10/05,0,764000,-5986000,-5222000
2012/10/08,0,1136000,-4706000,-3570000
2012/10/09,0,1037000,-5582000,-4545000
2012/10/10,0,0,0,0
2012/10/11,0,1688000,-25594000,-23906000
2012/10/12,0,3408000,-10769000,-7361000
2012/10/15,0,903000,-8733000,-7830000
2012/10/16,0,1336000,-2415000,-1079000
2012/10/17,0,3365000,-3634000,-269000
2012/10/18,0,2160000,-5198000,-3038000
2012/10/19,0,2975000,-2367000,608000
2012/10/22,0,606000,-4364000,-3758000
2012/10/23,0,836000,-13864000,-13028000
2012/10/24,0,1708000,-13490000,-11782000
2012/10/25,0,2944000,-5323000,-2379000
2012/10/26,0,2636000,-7743000,-5107000
2012/10/29,0,2264000,-4323000,-2059000
2012/10/30,0,2304000,-4935000,-2631000
2012/10/31,0,918000,-1583000,-665000
2012/11/01,0,2948000,-3534000,-586000
2012/11/02,0,1719000,-2936000,-1217000
2012/11/05,0,973000,-5005000,-4032000
2012/11/06,0,2958000,-1940000,1018000
2012/11/07,0,3140000,-5267000,-2127000
2012/11/08,0,2336000,-2782000,-446000
2012/11/09,0,5425000,-2936000,2489000
2012/11/12,0,817000,-2984000,-2167000
2012/11/13,0,1603000,-12286000,-10683000
2012/11/14,0,583000,-4259000,-3676000
2012/11/15,0,884000,-7830000,-6946000
2012/11/16,0,526000,-7914000,-7388000
2012/11/19,0,1860000,-1571000,289000
2012/11/20,0,229000,-2632000,-2403000
2012/11/21,0,1958000,-5479000,-3521000
2012/11/22,0,1710000,-4351000,-2641000
2012/11/23,0,9101000,-1302000,7799000
2012/11/26,0,4165000,-1597000,2568000
2012/11/27,0,4204000,-857000,3347000
2012/11/28,0,1706000,-923000,783000
2012/11/29,0,10644000,-1584000,9060000
2012/11/30,0,5889000,-3670000,2219000
2012/12/03,0,4793000,-1697000,3096000
2012/12/04,0,8017000,-435000,7582000
2012/12/05,0,9826000,-1418000,8408000
2012/12/06,0,7235000,-1005000,6230000
2012/12/07,0,4275000,-2799000,1476000
2012/12/10,0,6282000,-2285000,3997000
2012/12/11,0,5241000,-739000,4502000
2012/12/12,0,6491000,-1481000,5010000
2012/12/13,0,5748000,-2494000,3254000
2012/12/14,0,847000,-4420000,-3573000
2012/12/17,0,1101000,-1742000,-641000
2012/12/18,0,797000,-1565000,-768000
2012/12/19,0,983000,-1659000,-676000
2012/12/20,0,1344000,-5030000,-3686000
2012/12/21,0,2494000,-6518000,-4024000
2012/12/24,0,1145000,-2753000,-1608000
2012/12/25,0,4443000,-1622000,2821000
2012/12/26,0,1221000,-5484000,-4263000
2012/12/27,0,2361000,-2968000,-607000
2012/12/28,0,2632000,-1939000,693000
2012/12/31,0,0,0,0
2013/01/01,0,0,0,0
2013/01/02,0,2733000,-1781000,952000
2013/01/03,0,11371000,-4052000,7319000
2013/01/04,0,2608000,-3255000,-647000
2013/01/07,0,1900000,-4502000,-2602000
2013/01/08,0,3789000,-5033000,-1244000
2013/01/09,0,5268000,-1487000,3781000
2013/01/10,0,9038000,-2562000,6476000
2013/01/11,0,2580000,-5225000,-2645000
2013/01/14,0,3372000,-2885000,487000
2013/01/15,0,977000,-3255000,-2278000
2013/01/16,0,897000,-2398000,-1501000
2013/01/17,0,4215000,-4584000,-369000
2013/01/18,0,3027000,-1153000,1874000
2013/01/21,0,2471000,-1568000,903000
2013/01/22,0,8095000,-2536000,5559000
2013/01/23,0,3643000,-551000,3092000
2013/01/24,0,4416000,-5538000,-1122000
2013/01/25,0,719000,-4975000,-4256000
2013/01/28,0,5527000,-1359000,4168000
2013/01/29,0,14809000,-903000,13906000
2013/01/30,0,7739000,-943000,6796000
2013/01/31,0,6817000,-1138000,5679000
2013/02/01,0,8759000,-858000,7901000
2013/02/04,0,10508000,-568000,9940000
2013/02/05,0,5937000,-2034000,3903000
2013/02/06,0,19499000,-2387000,17112000
2013/02/07,0,0,0,0
2013/02/08,0,0,0,0
2013/02/11,0,0,0,0
2013/02/12,0,0,0,0
2013/02/13,0,0,0,0
2013/02/14,0,0,0,0
2013/02/15,0,0,0,0
2013/02/18,0,23553000,-3127000,20426000
2013/02/19,0,11939000,-732000,11207000
2013/02/20,0,17036000,-1057000,15979000
2013/02/21,0,6006000,-423000,5583000
2013/02/22,0,5204000,-1112000,4092000
2013/02/25,0,8206000,-1351000,6855000
2013/02/26,0,3069000,-2762000,307000
2013/02/27,0,2009000,-2591000,-582000
2013/02/28,0,0,0,0
2013/03/01,0,2544500,-920000,1624500
2013/03/04,0,596000,-2601000,-2005000
2013/03/05,0,12470500,-631000,11839500
2013/03/06,0,1754000,-865000,889000
2013/03/07,0,4296000,-2570000,1726000
2013/03/08,0,9716000,-1063000,8653000
2013/03/11,0,6381000,-1975000,4406000
2013/03/12,0,3509000,-1295000,2214000
2013/03/13,0,7868000,-1896000,5972000
2013/03/14,0,8501000,-2136000,6365000
2013/03/15,0,4066000,-4192000,-126000
2013/03/18,0,769000,-4873000,-4104000
2013/03/19,0,348000,-907000,-559000
2013/03/20,0,914000,-3824000,-2910000
2013/03/21,0,220000,-1443000,-1223000
2013/03/22,0,171000,-1603000,-1432000
2013/03/25,0,254000,-635000,-381000
2013/03/26,0,129000,-199000,-70000
2013/03/27,0,1697000,-215000,1482000
2013/03/28,0,278000,-864000,-586000
2013/03/29,0,3423000,-582000,2841000
2013/04/01,0,1086000,-1574000,-488000
2013/04/02,0,1755000,-602000,1153000
2013/04/03,0,1527000,-565000,962000
2013/04/04,0,0,0,0
2013/04/05,0,0,0,0
2013/04/08,0,793000,-5115000,-4322000
2013/04/09,0,407000,-884000,-477000
2013/04/10,0,427000,-909000,-482000
2013/04/11,0,7887000,-786000,7101000
2013/04/12,0,584000,-741000,-157000
2013/04/15,0,308000,-1777000,-1469000
2013/04/16,0,1248000,-1738000,-490000
2013/04/17,0,2755000,-2873000,-118000
2013/04/18,0,2254000,-2772000,-518000
2013/04/19,0,13109000,-862000,12247000
2013/04/22,0,5092000,-453000,4639000
2013/04/23,0,1211000,-872000,339000
2013/04/24,0,3086000,-738000,2348000
2013/04/25,0,507000,-3535000,-3028000
2013/04/26,0,645000,-1047000,-402000
2013/04/29,0,3185000,-69000,3116000
2013/04/30,0,3744000,-1518000,2226000
2013/05/01,0,0,0,0
2013/05/02,0,4343000,-2154000,2189000
2013/05/03,0,5251000,-924000,4327000
2013/05/06,0,1342000,-1066000,276000
2013/05/07,0,1492000,-2464000,-972000
2013/05/08,0,4837000,-569000,4268000
2013/05/09,0,1794000,-3285000,-1491000
2013/05/10,0,1544000,-892000,652000
2013/05/13,0,1368000,-2367000,-999000
2013/05/14,0,1074000,-1160000,-86000
2013/05/15,0,3342000,-720000,2622000
2013/05/16,0,13435000,-2219000,11216000
2013/05/17,0,2936000,-529000,2407000
2013/05/20,0,3570000,-2318000,1252000
2013/05/21,0,3448000,-654000,2794000
2013/05/22,0,3198000,-1056000,2142000
2013/05/23,0,3958000,-8163000,-4205000
2013/05/24,0,3566000,-2857000,709000
2013/05/27,0,2120000,-731000,1389000
2013/05/28,0,591000,-526000,65000
2013/05/29,0,4351000,-623000,3728000
2013/05/30,0,2833000,-6809000,-3976000
2013/05/31,0,4332000,-726000,3606000
2013/06/03,0,1723000,-3343000,-1620000
2013/06/04,0,702000,-1775000,-1073000
2013/06/05,0,1043000,-1268000,-225000
2013/06/06,0,1323000,-6056000,-4733000
2013/06/07,0,2580000,-3106000,-526000
2013/06/10,0,1274000,-900000,374000
2013/06/11,0,1397000,-1621000,-224000
2013/06/12,0,0,0,0
2013/06/13,0,952000,-6700000,-5748000
2013/06/14,0,2356000,-3928000,-1572000
2013/06/17,0,1196000,-474000,722000
2013/06/18,0,1319000,-1726000,-407000
2013/06/19,0,2006000,-2745000,-739000
2013/06/20,0,652000,-4443000,-3791000
2013/06/21,0,1849000,-3529000,-1680000
2013/06/24,0,1247000,-5226000,-3979000
2013/06/25,0,2869000,-11750000,-8881000
2013/06/26,0,1495000,-3872000,-2377000
2013/06/27,0,11796000,-6267000,5529000
2013/06/28,0,6891000,-2895000,3996000
2013/07/01,0,10497000,-800000,9697000
2013/07/02,0,2276000,-469000,1807000
2013/07/03,0,1597000,-2796000,-1199000
2013/07/04,0,1382000,-1878000,-496000
2013/07/05,0,4968000,-2615000,2353000
2013/07/08,0,1035000,-7203000,-6168000
2013/07/09,0,1497000,-622000,875000
2013/07/10,0,2765000,-597000,2168000
2013/07/11,0,11250000,-1365000,9885000
2013/07/12,0,5383000,-365000,5018000
2013/07/15,0,8744000,-2770000,5974000
2013/07/16,0,6012000,-1464000,4548000
2013/07/17,0,4108000,-1019000,3089000
2013/07/18,0,4118000,-1822000,2296000
2013/07/19,0,6578000,-18170000,-11592000
2013/07/22,0,1460000,-2435000,-975000
2013/07/23,0,5057000,-2179000,2878000
2013/07/24,0,901000,-1764000,-863000
2013/07/25,0,1737000,-1440000,297000
2013/07/26,0,2601000,-2114000,487000
2013/07/29,0,1654000,-4260000,-2606000
2013/07/30,0,8459000,-5149000,3310000
2013/07/31,0,551000,-2552000,-2001000
2013/08/01,0,1845000,-2838000,-993000
2013/08/02,0,1876000,-3834000,-1958000
2013/08/05,0,776000,-1282000,-506000
2013/08/06,0,1756000,-9875000,-8119000
2013/08/07,0,2069000,-7954000,-5885000
2013/08/08,0,1177000,-4736000,-3559000
2013/08/09,0,892000,-13858000,-12966000
2013/08/12,0,719000,-5907000,-5188000
2013/08/13,0,3031000,-2166000,865000
2013/08/14,0,2187000,-5521000,-3334000
2013/08/15,0,2728000,-7802000,-5074000
2013/08/16,0,3697000,-10460000,-6763000
2013/08/19,0,551000,-5761000,-5210000
2013/08/20,0,1981000,-7655000,-5674000
2013/08/21,0,0,0,0
2013/08/22,0,4429000,-10538000,-6109000
2013/08/23,0,6920000,-3480000,3440000
2013/08/26,0,2772000,-2725000,47000
2013/08/27,0,3311000,-3049000,262000
2013/08/28,0,3372000,-4327000,-955000
2013/08/29,0,7695000,-1111000,6584000
2013/08/30,0,8720000,-2556000,6164000
2013/09/02,0,11279000,-3726000,7553000
2013/09/03,0,1390000,-6013000,-4623000
2013/09/04,0,6819000,-3896000,2923000
2013/09/05,0,8321000,-3998000,4323000
2013/09/06,0,3401000,-4568000,-1167000
2013/09/09,0,4999000,-1017000,3982000
2013/09/10,0,3347000,-3619000,-272000
2013/09/11,0,10020000,-3833000,6187000
2013/09/12,0,5327000,-1595000,3732000
2013/09/13,0,2902000,-690000,2212000
2013/09/16,0,3663000,-1125000,2538000
2013/09/17,0,1720000,-907000,813000
2013/09/18,0,3548000,-1459000,2089000
2013/09/19,0,0,0,0
2013/09/20,0,0,0,0
2013/09/23,0,2255000,-982000,1273000
2013/09/24,0,1752000,-2434000,-682000
2013/09/25,0,856000,-1091000,-235000
2013/09/26,0,651000,-904000,-253000
2013/09/27,0,1539000,-1388000,151000
2013/09/30,0,484000,-10409000,-9925000
2013/10/01,0,947000,-4206000,-3259000
2013/10/02,0,449000,-4767000,-4318000
2013/10/03,0,10266000,-5821000,4445000
2013/10/04,0,2989000,-4605000,-1616000
2013/10/07,0,1195000,-2039000,-844000
2013/10/08,0,7222000,-285000,6937000
2013/10/09,0,2905000,-479000,2426000
2013/10/10,0,0,0,0
2013/10/11,0,3378000,-505000,2873000
2013/10/14,0,2141000,-2261000,-120000
2013/10/15,0,3914000,-1644000,2270000
2013/10/16,0,3614000,-597000,3017000
2013/10/17,0,2009000,-183000,1826000
2013/10/18,0,6094000,-126000,5968000
2013/10/21,0,2478000,-473000,2005000
2013/10/22,0,4569000,-199000,4370000
2013/10/23,0,2441000,-1956000,485000
2013/10/24,0,1325000,-2920000,-1595000
2013/10/25,0,1071000,-9299000,-8228000
2013/10/28,0,2606000,-683000,1923000
2013/10/29,0,1656000,-2217000,-561000
2013/10/30,0,1513000,-1162000,351000
2013/10/31,0,1813000,-2563000,-750000
2013/11/01,0,487000,-4601000,-4114000
2013/11/04,0,2248000,-3534000,-1286000
2013/11/05,0,1107000,-4171000,-3064000
2013/11/06,0,915000,-2664000,-1749000
2013/11/07,0,656000,-2851000,-2195000
2013/11/08,0,1041000,-3637000,-2596000
2013/11/11,0,1573000,-5810000,-4237000
2013/11/12,0,1715000,-3207000,-1492000
2013/11/13,0,646000,-7954000,-7308000
2013/11/14,0,2358000,-5133000,-2775000
2013/11/15,0,880000,-5149000,-4269000
2013/11/18,0,301000,-2383000,-2082000
2013/11/19,0,3248000,-3419000,-171000
2013/11/20,0,1182000,-4219000,-3037000
2013/11/21,0,2125000,-10823000,-8698000
2013/11/22,0,1068000,-4005000,-2937000
2013/11/25,0,4890000,-1694000,3196000
2013/11/26,0,6120000,-1835000,4285000
2013/11/27,0,4337000,-2041000,2296000
2013/11/28,0,7378000,-634000,6744000
2013/11/29,0,12852000,-1705000,11147000
2013/12/02,0,1316000,-414000,902000
2013/12/03,0,3346000,-253000,3093000
2013/12/04,0,2688000,-751000,1937000
2013/12/05,0,916000,-1957000,-1041000
2013/12/06,0,1011000,-919000,92000
2013/12/09,0,2141000,-916000,1225000
2013/12/10,0,1684000,-524000,1160000
2013/12/11,0,2437000,-350000,2087000
2013/12/12,0,1057000,-1528000,-471000
2013/12/13,0,2830000,-2401000,429000
2013/12/16,0,792000,-5076000,-4284000
2013/12/17,0,821000,-1328000,-507000
2013/12/18,0,318000,-3045000,-2727000
2013/12/19,0,2988000,-2607000,381000
2013/12/20,0,3061000,-1160000,1901000
2013/12/23,0,5778000,-829000,4949000
2013/12/24,0,2798000,-372000,2426000
2013/12/25,0,1893000,-214000,1679000
2013/12/26,0,1314000,-826000,488000
2013/12/27,0,2638000,-3703000,-1065000
2013/12/30,0,11344000,-4441000,6903000
2013/12/31,0,5896000,-4659000,1237000
2014/01/02,0,2416000,-1009000,1407000
2014/01/03,0,4344000,-832000,3512000
2014/01/06,0,5863000,-1611000,4252000
2014/01/07,0,5171000,-914000,4257000
2014/01/08,0,1084000,-1699000,-615000
2014/01/09,0,367000,-4339000,-3972000
2014/01/10,0,934000,-569000,365000
2014/01/13,0,908000,-1262000,-354000
2014/01/14,0,1965000,-596000,1369000
2014/01/15,0,6684000,-434000,6250000
2014/01/16,0,5340000,-1969000,3371000
2014/01/17,0,3842000,-801000,3041000
2014/01/20,0,1654000,-232000,1422000
2014/01/21,0,1079000,-434000,645000
2014/01/22,0,1229000,-860000,369000
2014/01/23,0,2247000,-1149000,1098000
2014/01/24,0,3245000,-1305000,1940000
2014/01/27,0,1439000,-9129000,-7690000
2014/02/05,0,2843000,-18782000,-15939000
2014/02/06,0,1276000,-3956000,-2680000
2014/02/07,0,6924000,-3480000,3444000
2014/02/10,0,371000,-722000,-351000
2014/02/11,0,3286000,-1306000,1980000
2014/02/12,0,6476000,-5765000,711000
2014/02/13,0,893000,-2502000,-1609000
2014/02/14,0,6810000,-1359000,5451000
2014/02/17,0,1211000,-918000,293000
2014/02/18,0,4345000,-2052000,2293000
2014/02/19,0,5225000,-625000,4600000
2014/02/20,0,7036000,-4780000,2256000
2014/02/21,0,6256000,-2419000,3837000
2014/02/24,0,3508000,-859000,2649000
2014/02/25,0,2516000,-749000,1767000
2014/02/26,0,2762000,-1146000,1616000
2014/02/27,0,2143000,-517000,1626000
2014/03/03,0,3257000,-2482000,775000
2014/03/04,0,2411000,-778000,1633000
2014/03/05,0,1575000,-857000,718000
2014/03/06,0,8460000,-1287000,7173000
2014/03/07,0,5901000,-3489000,2412000
2014/03/10,0,4167000,-578000,3589000
2014/03/11,0,2165000,-803000,1362000
2014/03/12,0,261000,-1731000,-1470000
2014/03/13,0,8396000,-1695000,6701000
2014/03/14,0,4197000,-4072000,125000
2014/03/17,0,4103000,-1199000,2904000
2014/03/18,0,2340000,-3850000,-1510000
2014/03/19,0,2666000,-3242000,-576000
2014/03/20,0,2756000,-5721000,-2965000
2014/03/21,0,299000,-1947000,-1648000
2014/03/24,0,4434000,-3261000,1173000
2014/03/25,0,1420000,-1506000,-86000
2014/03/26,0,3810000,-1555000,2255000
2014/03/27,0,2929000,-942000,1987000
2014/03/28,0,4376000,-2137000,2239000
2014/03/31,0,4162000,-1574000,2588000
2014/04/01,0,8965000,-871000,8094000
2014/04/02,0,1679000,-3280000,-1601000
2014/04/03,0,2124000,-1298000,826000
2014/04/07,0,534000,-2135000,-1601000
2014/04/08,0,1537000,-3219000,-1682000
2014/04/09,0,826000,-1911000,-1085000
2014/04/10,0,2145000,-4402000,-2257000
2014/04/11,0,2100000,-3738000,-1638000
2014/04/14,0,2545000,-323000,2222000
2014/04/15,0,4934000,-310000,4624000
2014/04/16,0,4933000,-2749000,2184000
2014/04/17,0,2254000,-803000,1451000
2014/04/18,0,4818000,-1827000,2991000
2014/04/21,0,1732000,-281000,1451000
2014/04/22,0,3023000,-444000,2579000
2014/04/23,0,2657000,-1998000,659000
2014/04/24,0,1834000,-816000,1018000
2014/04/25,0,7163000,-3460000,3703000
2014/04/28,0,2950000,-2538000,412000
2014/04/29,0,2223000,-1392000,831000
2014/04/30,0,1794000,-1929000,-135000
2014/05/02,0,2192000,-987000,1205000
2014/05/05,0,4602000,-2234000,2368000
2014/05/06,0,5970000,-6920000,-950000
2014/05/07,0,5270000,-5259000,11000
2014/05/08,0,2727000,-911000,1816000
2014/05/09,0,2750000,-1480000,1270000
2014/05/12,0,2553000,-652000,1901000
2014/05/13,0,3475000,-1012000,2463000
2014/05/14,0,5702000,-604000,5098000
2014/05/15,0,3068000,-534000,2534000
2014/05/16,0,4836000,-3236000,1600000
2014/05/19,0,1744000,-1046000,698000
2014/05/20,0,3557000,-1361000,2196000
2014/05/21,0,541000,-195000,346000
2014/05/22,0,4415000,-1698000,2717000
2014/05/23,0,6891000,-518000,6373000
2014/05/26,0,3772000,-1042000,2730000
2014/05/27,0,1072000,-456000,616000
2014/05/28,0,2301000,-3108000,-807000
2014/05/29,0,2088000,-2496000,-408000
2014/05/30,0,2293000,-1133000,1160000
2014/06/03,0,2999000,-1643000,1356000
2014/06/04,0,1721000,-1641000,80000
2014/06/05,0,1247000,-360000,887000
2014/06/06,0,2119000,-1557000,562000
2014/06/09,0,482000,-2444000,-1962000
2014/06/10,0,2149000,-2151000,-2000
2014/06/11,0,3073000,-535000,2538000
2014/06/12,0,2446000,-92000,2354000
2014/06/13,0,1295000,-467000,828000
2014/06/16,0,317000,-803000,-486000
2014/06/17,0,1672000,-293000,1379000
2014/06/18,0,4749000,-2891000,1858000
2014/06/19,0,2339000,-4743000,-2404000
2014/06/20,0,1950000,-1262000,688000
2014/06/23,0,3621000,-1477000,2144000
2014/06/24,0,4965000,-2061000,2904000
2014/06/25,0,2670000,-3826000,-1156000
2014/06/26,0,6104000,-2727000,3377000
2014/06/27,0,7458000,-5950000,1508000
2014/06/30,0,3519000,-1743000,1776000
2014/07/01,0,5478000,-1174000,4304000
2014/07/02,0,7325000,-5892000,1433000
2014/07/03,0,3735000,-4757000,-1022000
2014/07/04,0,953000,-4788000,-3835000
2014/07/07,0,3757000,-805000,2952000
2014/07/08,0,3978000,-1319000,2659000
2014/07/09,0,1241000,-130000,1111000
2014/07/10,0,4020000,-366000,3654000
2014/07/11,0,5510000,-2047000,3463000
2014/07/14,0,1273000,-1088000,185000
2014/07/15,0,2428000,-2204000,224000
2014/07/16,0,2078000,-1640000,438000
2014/07/17,0,1742000,-3945000,-2203000
2014/07/18,0,1534000,-2699000,-1165000
2014/07/21,0,1559000,-1597000,-38000
2014/07/22,0,1140000,-1912000,-772000
2014/07/23,0,0,0,0
2014/07/24,0,1274000,-2607000,-1333000
2014/07/25,0,1624000,-3095000,-1471000
2014/07/28,0,1296000,-391000,905000
2014/07/29,0,4537000,-4280000,257000
2014/07/30,0,1622000,-909000,713000
2014/07/31,0,3407000,-6481000,-3074000
2014/08/01,0,3926000,-2533000,1393000
2014/08/04,0,1490000,-1051000,439000
2014/08/05,0,3095000,-8051000,-4956000
2014/08/06,0,3406000,-3365000,41000
2014/08/07,0,640000,-4114000,-3474000
2014/08/08,0,2137000,-4505000,-2368000
2014/08/11,0,3563000,-2039000,1524000
2014/08/12,0,2034000,-2191000,-157000
2014/08/13,0,3547000,-1786000,1761000
2014/08/14,0,2139000,-2703000,-564000
2014/08/15,0,961000,-2324000,-1363000
2014/08/18,0,719000,-942000,-223000
2014/08/19,0,4587000,-1928000,2659000
2014/08/20,0,4814000,-1197000,3617000
2014/08/21,0,806000,-1204000,-398000
2014/08/22,0,3286000,-1495000,1791000
2014/08/25,0,554000,-1144000,-590000
2014/08/26,0,433000,-695000,-262000
2014/08/27,0,1824000,-1315000,509000
2014/08/28,0,1276000,-1249000,27000
2014/08/29,0,453000,-846000,-393000
2014/09/01,0,1820000,-1074000,746000
2014/09/02,0,3879000,-5512000,-1633000
2014/09/03,0,4169000,-974000,3195000
2014/09/04,0,642000,-3031000,-2389000
2014/09/05,0,1556000,-5932000,-4376000
2014/09/09,0,583000,-3925000,-3342000
2014/09/10,0,5321000,-4218000,1103000
2014/09/11,0,1396000,-3742000,-2346000
2014/09/12,0,6722000,-3543000,3179000
2014/09/15,0,3857000,-3158000,699000
2014/09/16,0,1719000,-4747000,-3028000
2014/09/17,0,4700000,-5507000,-807000
2014/09/18,0,2379000,-6303000,-3924000
2014/09/19,0,2621000,-3419000,-798000
2014/09/22,0,4900000,-8439000,-3539000
2014/09/23,0,2203000,-5780000,-3577000
2014/09/24,0,3900000,-7161000,-3261000
2014/09/25,0,4672000,-6024000,-1352000
2014/09/26,0,3874000,-6000000,-2126000
2014/09/29,0,3921000,-5129000,-1208000
2014/09/30,0,5804000,-3569000,2235000
2014/10/01,0,2515000,-9538000,-7023000
2014/10/02,0,3010000,-4214000,-1204000
2014/10/03,0,5200000,-3545000,1655000
2014/10/06,0,1256000,-1785000,-529000
2014/10/07,0,6945000,-2648000,4297000
2014/10/08,0,2448000,-2721000,-273000
2014/10/09,0,5280000,-5478000,-198000
2014/10/13,0,5092000,-10666000,-5574000
2014/10/14,0,2662000,-4356000,-1694000
2014/10/15,0,3882000,-3437000,445000
2014/10/16,0,12080000,-6533000,5547000
2014/10/17,0,6067000,-5925000,142000
2014/10/20,0,4717000,-2437000,2280000
2014/10/21,0,1076000,-3926000,-2850000
2014/10/22,0,4165000,-1829000,2336000
2014/10/23,0,3877000,-1514000,2363000
2014/10/24,0,3280000,-13938000,-10658000
2014/10/27,0,1938000,-2913000,-975000
2014/10/28,0,4941000,-2530000,2411000
2014/10/29,0,1465000,-3561000,-2096000
2014/10/30,0,2290000,-4694000,-2404000
2014/10/31,0,7076000,-2391000,4685000
2014/11/03,0,5105000,-2536000,2569000
2014/11/04,0,3709000,-2719000,990000
2014/11/05,0,2630000,-4554000,-1924000
2014/11/06,0,1428000,-15057000,-13629000
2014/11/07,0,2519000,-3172000,-653000
2014/11/10,0,7541000,-2073000,5468000
2014/11/11,0,5172000,-3574000,1598000
2014/11/12,0,2774000,-9849000,-7075000
2014/11/13,0,5109000,-2468000,2641000
2014/11/14,0,1063000,-6215000,-5152000
2014/11/17,0,3020000,-6346000,-3326000
2014/11/18,0,4944000,-5053000,-109000
2014/11/19,0,11006000,-3175000,7831000
2014/11/20,0,10553000,-2622000,7931000
2014/11/21,0,3075000,-4343000,-1268000
2014/11/24,0,2710000,-7584000,-4874000
2014/11/25,0,3802000,-2939000,863000
2014/11/26,0,3533000,-1359000,2174000
2014/11/27,0,5856000,-1007000,4849000
2014/11/28,0,3369000,-1933000,1436000
2014/12/01,0,8730000,-12396000,-3666000
2014/12/02,0,4230000,-12666000,-8436000
2014/12/03,0,7619000,-4846000,2773000
2014/12/04,0,3918000,-2672000,1246000
2014/12/05,0,1010000,-2578000,-1568000
2014/12/08,0,568000,-5629000,-5061000
2014/12/09,0,916000,-2760000,-1844000
2014/12/10,0,3320000,-7814000,-4494000
2014/12/11,0,1908000,-3068000,-1160000
2014/12/12,0,334000,-1986000,-1652000
2014/12/15,0,2797000,-3405000,-608000
2014/12/16,0,3185000,-3599000,-414000
2014/12/17,0,2049000,-5390000,-3341000
2014/12/18,0,529000,-3080000,-2551000
2014/12/19,0,11222000,-3297000,7925000
2014/12/22,0,4540000,-786000,3754000
2014/12/23,0,2111000,-971000,1140000
2014/12/24,0,3720000,-1982000,1738000
2014/12/25,0,2456000,-1237000,1219000
2014/12/26,0,3305000,-2181000,1124000
2014/12/29,0,9407000,-2630000,6777000
2014/12/30,0,4209000,-1616000,2593000
2014/12/31,0,3011000,-1684000,1327000
2015/01/01,0,0,0,0
2015/01/02,0,0,0,0
2015/01/05,0,1353000,-2326000,-973000
2015/01/06,0,2224000,-8415000,-6191000
2015/01/07,0,2235000,-3496000,-1261000
2015/01/08,0,6493000,-2030000,4463000
2015/01/09,0,2640000,-2444000,196000
2015/01/12,0,2289000,-5312000,-3023000
2015/01/13,0,4323000,-1521000,2802000
2015/01/14,0,654000,-5420000,-4766000
2015/01/15,0,2242000,-979000,1263000
2015/01/16,0,2894000,-6173000,-3279000
2015/01/19,0,8343000,-1526000,6817000
2015/01/20,0,7394000,-871000,6523000
2015/01/21,0,6639000,-2729000,3910000
2015/01/22,0,6395000,-2090000,4305000
2015/01/23,0,9754000,-4976000,4778000
2015/01/26,0,1279000,-2137000,-858000
2015/01/27,0,4303000,-736000,3567000
2015/01/28,0,6243000,-1827000,4416000
2015/01/29,0,4870000,-5421000,-551000
2015/01/30,0,949000,-2376000,-1427000
2015/02/02,0,891000,-2080000,-1189000
2015/02/03,0,2517000,-3172000,-655000
2015/02/04,0,4011000,-3120000,891000
2015/02/05,0,882000,-2603000,-1721000
2015/02/06,0,1198000,-2199000,-1001000
2015/02/09,0,532000,-1628000,-1096000
2015/02/10,0,2444000,-3741000,-1297000
2015/02/11,0,2269000,-1063000,1206000
2015/02/12,0,3434000,-1176000,2258000
2015/02/13,0,4161000,-673000,3488000
2015/02/16,0,0,0,0
2015/02/17,0,0,0,0
2015/02/18,0,0,0,0
2015/02/19,0,0,0,0
2015/02/20,0,0,0,0
2015/02/23,0,0,0,0
2015/02/24,0,4040000,-2764000,1276000
2015/02/25,0,2590000,-3279000,-689000
2015/02/26,0,1655000,-2670000,-1015000
2015/02/27,0,0,0,0
2015/03/02,0,3214000,-1821000,1393000
2015/03/03,0,2386000,-2649000,-263000
2015/03/04,0,2747000,-1307000,1440000
2015/03/05,0,1175000,-1318000,-143000
2015/03/06,0,1911000,-922000,989000
2015/03/09,0,2239000,-3073000,-834000
2015/03/10,0,2329000,-1567000,762000
2015/03/11,0,2515000,-1639000,876000
2015/03/12,0,1983000,-1202000,781000
2015/03/13,0,1401000,-2847000,-1446000
2015/03/16,0,1599000,-4249000,-2650000
2015/03/17,0,3011000,-3301000,-290000
2015/03/18,0,8425000,-3992000,4433000
2015/03/19,0,3299000,-1623000,1676000
2015/03/20,0,1347000,-845000,502000
2015/03/23,0,1438000,-2715000,-1277000
2015/03/24,0,162000,-1945000,-1783000
2015/03/25,0,560000,-2798000,-2238000
2015/03/26,0,2103000,-7960000,-5857000
2015/03/27,0,1317000,-3832000,-2515000
2015/03/30,0,530000,-6732000,-6202000
2015/03/31,0,1259000,-3001000,-1742000
2015/04/01,0,1316000,-4431000,-3115000
2015/04/02,0,4431000,-1613000,2818000
2015/04/03,0,0,0,0
2015/04/06,0,0,0,0
2015/04/07,0,1120000,-1469000,-349000
2015/04/08,0,847000,-3801000,-2954000
2015/04/09,0,3817000,-1185000,2632000
2015/04/10,0,2325000,-1525000,800000
2015/04/13,0,2851000,-1878000,973000
2015/04/14,0,1206000,-2506000,-1300000
2015/04/15,0,4613000,-2838000,1775000
2015/04/16,0,7613000,-5733000,1880000
2015/04/17,0,2112000,-7387000,-5275000
2015/04/20,0,6329000,-1335000,4994000
2015/04/21,0,1735000,-1122000,613000
2015/04/22,0,5958000,-5770000,188000
2015/04/23,0,9867000,-1663000,8204000
2015/04/24,0,9007000,-4340000,4667000
2015/04/27,0,4904000,-3126000,1778000
2015/04/28,0,6008000,-1606000,4402000
2015/04/29,0,3263000,-3988000,-725000
2015/04/30,0,2348000,-3976000,-1628000
2015/05/01,0,0,0,0
2015/05/04,0,3021000,-2597000,424000
2015/05/05,0,2995000,-2695000,300000
2015/05/06,0,3023000,-2166000,857000
2015/05/07,0,3621000,-5752000,-2131000
2015/05/08,0,1508000,-2933000,-1425000
2015/05/11,0,3009000,-7185000,-4176000
2015/05/12,0,3424000,-3175000,249000
2015/05/13,0,3282000,-3548000,-266000
2015/05/14,0,3210000,-5366000,-2156000
2015/05/15,0,3085000,-3365000,-280000
2015/05/18,0,1571000,-1877000,-306000
2015/05/19,0,4935000,-1872000,3063000
2015/05/20,0,2874000,-3918000,-1044000
2015/05/21,0,1197000,-6651000,-5454000
2015/05/22,0,2847000,-2511000,336000
2015/05/25,0,787000,-1161000,-374000
2015/05/26,0,1867000,-4113000,-2246000
2015/05/27,0,2808000,-3093000,-285000
2015/05/28,0,1445000,-2022000,-577000
2015/05/29,0,2252000,-1764000,488000
2015/06/01,0,2435000,-3598000,-1163000
2015/06/02,0,782000,-660000,122000
2015/06/03,0,881000,-3893000,-3012000
2015/06/04,0,3310000,-8345000,-5035000
2015/06/05,0,2849000,-6576000,-3727000
2015/06/08,0,1970000,-3090000,-1120000
2015/06/09,0,553000,-5661000,-5108000
2015/06/10,0,2716000,-2017000,699000
2015/06/11,0,1959000,-4254000,-2295000
2015/06/12,0,936000,-1765000,-829000
2015/06/15,0,691000,-2293000,-1602000
2015/06/16,0,1027000,-4667000,-3640000
2015/06/17,0,1826000,-2832000,-1006000
2015/06/18,0,1718000,-3639000,-1921000
2015/06/19,0,0,0,0
2015/06/22,0,6379000,-1015000,5364000
2015/06/23,0,3110000,-1544000,1566000
2015/06/24,0,3858000,-980000,2878000
2015/06/25,0,11362000,-1586000,9776000
2015/06/26,0,2750000,-954000,1796000
2015/06/29,0,1835000,-8988000,-7153000
2015/06/30,0,1209000,-1414000,-205000
2015/07/01,0,3493000,-1144000,2349000
2015/07/02,0,2014000,-2999000,-985000
2015/07/03,0,2126000,-5083000,-2957000
2015/07/06,0,1598000,-5668000,-4070000
2015/07/07,0,1671000,-1336000,335000
2015/07/08,0,2843000,-13637000,-10794000
2015/07/09,0,3117000,-6494000,-3377000
2015/07/10,0,0,0,0
2015/07/13,0,6001000,-2933000,3068000
2015/07/14,0,3709000,-3821000,-112000
2015/07/15,0,3791000,-4168000,-377000
2015/07/16,0,2318000,-1183000,1135000
2015/07/17,0,787000,-1415000,-628000
2015/07/20,0,1582000,-2757000,-1175000
2015/07/21,0,2044000,-1049000,995000
2015/07/22,0,1642000,-6775000,-5133000
2015/07/23,0,3402000,-6998000,-3596000
2015/07/24,0,1259000,-1372000,-113000
2015/07/27,0,2160000,-5839000,-3679000
2015/07/28,0,4464000,-2004000,2460000
2015/07/29,0,3673000,-2052000,1621000
2015/07/30,0,3083000,-2497000,586000
2015/07/31,0,1681000,-2381000,-700000
2015/08/03,0,2527000,-4419000,-1892000
2015/08/04,0,2170000,-7109000,-4939000
2015/08/05,0,4294000,-1962000,2332000
2015/08/06,0,2103000,-7232000,-5129000
2015/08/07,0,1061000,-1899000,-838000
2015/08/10,0,3008000,-781000,2227000
2015/08/11,0,2653000,-4324000,-1671000
2015/08/12,0,5295000,-3239000,2056000
2015/08/13,0,5293000,-3162000,2131000
2015/08/14,0,1976000,-1182000,794000
2015/08/17,0,820000,-2748000,-1928000
2015/08/18,0,1246000,-2522000,-1276000
2015/08/19,0,3850000,-4300000,-450000
2015/08/20,0,1289000,-4200000,-2911000
2015/08/21,0,1824000,-4942000,-3118000
2015/08/24,0,10298000,-18368000,-8070000
2015/08/25,0,7274000,-6777000,497000
2015/08/26,0,3679000,-2894000,785000
2015/08/27,0,2800000,-4882000,-2082000
2015/08/28,0,9035000,-4038000,4997000
2015/08/31,0,12950000,-3080000,9870000
2015/09/01,0,7186000,-4147000,3039000
2015/09/02,0,7361000,-1765000,5596000
2015/09/03,0,4017000,-1403000,2614000
2015/09/04,0,7568000,-919000,6649000
2015/09/07,0,3698000,-720000,2978000
2015/09/08,0,1007000,-2014000,-1007000
2015/09/09,0,10077000,-847000,9230000
2015/09/10,0,3859000,-2481000,1378000
2015/09/11,0,3081000,-668000,2413000
2015/09/14,0,1009000,-1162000,-153000
2015/09/15,0,1969000,-1450000,519000
2015/09/16,0,2531000,-2124000,407000
2015/09/17,0,4288000,-1530000,2758000
2015/09/18,0,1399000,-744000,655000
2015/09/21,0,1318000,-5360000,-4042000
2015/09/22,0,2686000,-1589000,1097000
2015/09/23,0,2078000,-1702000,376000
2015/09/24,0,3497000,-2707000,790000
2015/09/25,0,1518000,-2681000,-1163000
2015/09/28,0,0,0,0
2015/09/29,0,0,0,0
2015/09/30,0,1270000,-5417000,-4147000
2015/10/01,0,4827000,-1866000,2961000
2015/10/02,0,2326000,-1455000,871000
2015/10/05,0,1854000,-1467000,387000
2015/10/06,0,4077000,-1096000,2981000
2015/10/07,0,4110000,-729000,3381000
2015/10/08,0,2381000,-5391000,-3010000
2015/10/09,0,0,0,0
2015/10/12,0,3306000,-1524000,1782000
2015/10/13,0,1622000,-618000,1004000
2015/10/14,0,2794000,-465000,2329000
2015/10/15,0,3128000,-1652000,1476000
2015/10/16,0,5614000,-3865000,1749000
2015/10/19,0,3437000,-2348000,1089000
2015/10/20,0,2448000,-917000,1531000
2015/10/21,0,6485000,-2948000,3537000
2015/10/22,0,3541000,-652000,2889000
2015/10/23,0,14810000,-1168000,13642000
2015/10/26,0,567000,-9206000,-8639000
2015/10/27,0,359000,-2970000,-2611000
2015/10/28,0,537000,-1083000,-546000
2015/10/29,0,2145000,-1937000,208000
2015/10/30,0,1211000,-3066000,-1855000
2015/11/02,0,1360000,-853000,507000
2015/11/03,0,3399000,-1142000,2257000
2015/11/04,0,9673000,-3530000,6143000
2015/11/05,0,3939000,-2004413,1934587
2015/11/06,0,2612000,-2338000,274000
2015/11/09,0,857000,-1846000,-989000
2015/11/10,0,1172000,-4595000,-3423000
2015/11/11,0,1557000,-11166000,-9609000
2015/11/12,0,2505000,-7242000,-4737000
2015/11/13,0,2629000,-7500000,-4871000
2015/11/16,0,2525000,-4598000,-2073000
2015/11/17,0,4057000,-1401000,2656000
2015/11/18,0,1397000,-7388000,-5991000
2015/11/19,0,4093000,-2085000,2008000
2015/11/20,0,3039000,-1408000,1631000
2015/11/23,0,2307000,-340000,1967000
2015/11/24,0,1391000,-3866000,-2475000
2015/11/25,0,822000,-2529000,-1707000
2015/11/26,0,5660000,-584000,5076000
2015/11/27,0,734000,-1965000,-1231000
2015/11/30,0,989000,-10327000,-9338000
2015/12/01,0,3843000,-196000,3647000
2015/12/02,0,4266000,-516000,3750000
2015/12/03,0,4273000,-774000,3499000
2015/12/04,0,1334000,-4995000,-3661000
2015/12/07,0,11695000,-565000,11130000
2015/12/08,0,549000,-2046000,-1497000
2015/12/09,0,787000,-5408000,-4621000
2015/12/10,0,1352000,-8736000,-7384000
2015/12/11,0,782000,-8324000,-7542000
2015/12/14,0,1142000,-4674000,-3532000
2015/12/15,0,1041000,-3420000,-2379000
2015/12/16,0,2766000,-2369000,397000
2015/12/17,0,2701000,-1233000,1468000
2015/12/18,0,1921000,-1353000,568000
2015/12/21,0,1268000,-1389000,-121000
2015/12/22,0,699000,-1796000,-1097000
2015/12/23,0,5584000,-512000,5072000
2015/12/24,0,2764000,-2653000,111000
2015/12/25,0,1893000,-1467000,426000
2015/12/28,0,1300000,-729000,571000
2015/12/29,0,612000,-1713000,-1101000
2015/12/30,0,2835000,-1813000,1022000
2015/12/31,0,1786000,-567000,1219000
2016/01/01,0,0,0,0
2016/01/04,0,1558000,-5963000,-4405000
2016/01/05,0,1543000,-10535000,-8992000
2016/01/06,0,3417000,-9953000,-6536000
2016/01/07,0,6382000,-9873000,-3491000
2016/01/08,0,4573000,-4137000,436000
2016/01/11,0,3241000,-4995000,-1754000
2016/01/12,0,2780000,-4305000,-1525000
2016/01/13,0,4637000,-1727000,2910000
2016/01/14,0,932000,-5068000,-4136000
2016/01/15,0,7545000,-8124000,-579000
2016/01/18,0,3424000,-1856000,1568000
2016/01/19,0,2129000,-955000,1174000
2016/01/20,0,2070000,-5790000,-3720000
2016/01/21,0,5095000,-2859000,2236000
2016/01/22,0,3043000,-5300000,-2257000
2016/01/25,0,2930000,-1543000,1387000
2016/01/26,0,1523000,-1514000,9000
2016/01/27,0,3899000,-1755000,2144000
2016/01/28,0,6572000,-2288000,4284000
2016/01/29,0,9201000,-2008000,7193000
2016/02/01,0,3649000,-1715000,1934000
2016/02/02,0,1547000,-619000,928000
2016/02/03,0,837000,-2843000,-2006000
2016/02/04,0,0,0,0
2016/02/05,0,0,0,0
2016/02/08,0,0,0,0
2016/02/09,0,0,0,0
2016/02/10,0,0,0,0
2016/02/11,0,0,0,0
2016/02/12,0,0,0,0
2016/02/15,0,1091000,-2220000,-1129000
2016/02/16,0,6221000,-329000,5892000
2016/02/17,0,6606000,-3135000,3471000
2016/02/18,0,9308000,-1596000,7712000
2016/02/19,0,6133000,-509000,5624000
2016/02/22,0,4492000,-1025000,3467000
2016/02/23,0,551000,-1125000,-574000
2016/02/24,0,1021000,-1784000,-763000
2016/02/25,0,2391000,-1372000,1019000
2016/02/26,0,5226000,-796000,4430000
2016/02/29,0,0,0,0
2016/03/01,0,5729000,-1552000,4177000
2016/03/02,0,6106000,-913000,5193000
2016/03/03,0,1122000,-7029000,-5907000
2016/03/04,0,483000,-5391000,-4908000
2016/03/07,0,887000,-6895000,-6008000
2016/03/08,0,560000,-2052000,-1492000
2016/03/09,0,2331000,-658000,1673000
2016/03/10,0,3472000,-1468000,2004000
2016/03/11,0,1951000,-2213000,-262000
2016/03/14,0,2109000,-2008000,101000
2016/03/15,0,533000,-4980000,-4447000
2016/03/16,0,2948000,-12950000,-10002000
2016/03/17,0,1602000,-4301000,-2699000
2016/03/18,0,2048000,-5692000,-3644000
2016/03/21,0,409000,-1741000,-1332000
2016/03/22,0,597000,-3503000,-2906000
2016/03/23,0,953000,-1117000,-164000
2016/03/24,0,2461000,-974000,1487000
2016/03/25,0,2002000,-415000,1587000
2016/03/28,0,1528000,-744000,784000
2016/03/29,0,324000,-3429000,-3105000
2016/03/30,0,1540000,-2344000,-804000
2016/03/31,0,1250000,-4045000,-2795000
2016/04/01,0,1331000,-1509000,-178000
2016/04/04,0,0,0,0
2016/04/05,0,0,0,0
2016/04/06,0,1588000,-2584000,-996000
2016/04/07,0,6810000,-2124000,4686000
2016/04/08,0,415000,-3527000,-3112000
2016/04/11,0,242000,-3117000,-2875000
2016/04/12,0,104000,-693000,-589000
2016/04/13,0,1914000,-284000,1630000
2016/04/14,0,1247000,-1248000,-1000
2016/04/15,0,4796000,-377000,4419000
2016/04/18,0,524000,-816000,-292000
2016/04/19,0,1636000,-2544000,-908000
2016/04/20,0,1764000,-5992000,-4228000
2016/04/21,0,869000,-774000,95000
2016/04/22,0,799000,-742000,57000
2016/04/25,0,147000,-924000,-777000
2016/04/26,0,2113000,-400000,1713000
2016/04/27,0,798000,-857000,-59000
2016/04/28,0,1562000,-3992000,-2430000
2016/04/29,0,915000,-2921000,-2006000
2016/05/02,0,0,0,0
2016/05/03,0,2135000,-586000,1549000
2016/05/04,0,3061000,-1004000,2057000
2016/05/05,0,774000,-1684000,-910000
2016/05/06,0,1460000,-1935000,-475000
2016/05/09,0,598000,-677000,-79000
2016/05/10,0,2937000,-2262000,675000
2016/05/11,0,3533000,-1933000,1600000
2016/05/12,0,2076000,-4185000,-2109000
2016/05/13,0,3288000,-3484000,-196000
2016/05/16,0,2515000,-1796000,719000
2016/05/17,0,2004000,-2837000,-833000
2016/05/18,0,2049000,-2150000,-101000
2016/05/19,0,1299000,-4686000,-3387000
2016/05/20,0,1425000,-2670000,-1245000
2016/05/23,0,13150000,-5445000,7705000
2016/05/24,0,2171000,-1897000,274000
2016/05/25,0,11724000,-437000,11287000
2016/05/26,0,3466000,-265000,3201000
2016/05/27,0,4137000,-617000,3520000
2016/05/30,0,3664000,-920000,2744000
2016/05/31,0,2345000,-1716000,629000
2016/06/01,0,7556000,-658000,6898000
2016/06/02,0,2582000,-2356000,226000
2016/06/03,0,1836000,-691000,1145000
2016/06/06,0,622000,-1319000,-697000
2016/06/07,0,3449000,-1651000,1798000
2016/06/08,0,3124000,-2585000,539000
2016/06/09,0,0,0,0
2016/06/10,0,0,0,0
2016/06/13,0,1655000,-4199000,-2544000
2016/06/14,0,900000,-856000,44000
2016/06/15,0,2273000,-1071000,1202000
2016/06/16,0,630000,-4175000,-3545000
2016/06/17,0,1113000,-1933000,-820000
2016/06/20,0,3685000,-1027000,2658000
2016/06/21,0,4716000,-2661000,2055000
2016/06/22,0,1560000,-1950000,-390000
2016/06/23,0,2351000,-1404000,947000
2016/06/24,0,3844000,-19253000,-15409000
2016/06/27,0,891000,-1318000,-427000
2016/06/28,0,1040000,-1940000,-900000
2016/06/29,0,2117000,-1779000,338000
2016/06/30,0,9076000,-2334000,6742000
2016/07/01,0,1664000,-4293000,-2629000
2016/07/04,0,1102000,-2020000,-918000
2016/07/05,0,1293000,-772000,521000
2016/07/06,0,1976000,-2805000,-829000
2016/07/07,0,1600000,-882000,718000
2016/07/08,0,0,0,0
2016/07/11,0,4198000,-2627000,1571000
2016/07/12,0,1736000,-880000,856000
2016/07/13,0,808000,-3515000,-2707000
2016/07/14,0,851000,-3943000,-3092000
2016/07/15,0,3316000,-1303000,2013000
2016/07/18,0,2183000,-3420000,-1237000
2016/07/19,0,4172000,-554000,3618000
2016/07/20,0,2275000,-5394000,-3119000
2016/07/21,0,3480000,-977000,2503000
2016/07/22,0,1881000,-367000,1514000
2016/07/25,0,2966000,-1839000,1127000
2016/07/26,0,10981000,-792000,10189000
2016/07/27,0,8871000,-1957000,6914000
2016/07/28,0,1818000,-3821000,-2003000
2016/07/29,0,1002000,-5432000,-4430000
2016/08/01,0,1678000,-2075000,-397000
2016/08/02,0,196000,-1630000,-1434000
2016/08/03,0,689000,-9542000,-8853000
2016/08/04,0,311000,-8245000,-7934000
2016/08/05,0,907000,-5499000,-4592000
2016/08/08,0,628000,-3567000,-2939000
2016/08/09,0,338000,-4808000,-4470000
2016/08/10,0,123000,-2359000,-2236000
2016/08/11,0,481000,-7009000,-6528000
2016/08/12,0,469000,-1053000,-584000
2016/08/15,0,993000,-1350000,-357000
2016/08/16,0,1315000,-1068000,247000
2016/08/17,0,832000,-4921000,-4089000
2016/08/18,0,1547000,-272000,1275000
2016/08/19,0,4640000,-1381000,3259000
2016/08/22,0,4477000,-1606000,2871000
2016/08/23,0,1825000,-816000,1009000
2016/08/24,0,788000,-39000,749000
2016/08/25,0,1488000,-724000,764000
2016/08/26,0,664000,-675000,-11000
2016/08/29,0,728000,-1102000,-374000
2016/08/30,0,953000,-1146000,-193000
2016/08/31,0,1663000,-2034000,-371000
2016/09/01,0,935000,-3257000,-2322000
2016/09/02,0,538000,-708000,-170000
2016/09/05,0,2222000,-453000,1769000
2016/09/06,0,1357000,-224000,1133000
2016/09/07,0,1796000,-2329000,-533000
2016/09/08,0,1697000,-2606000,-909000
2016/09/09,0,762000,-1406000,-644000
2016/09/12,0,1542000,-1034000,508000
2016/09/13,0,1390000,-1937000,-547000
2016/09/14,0,1205000,-1135000,70000
2016/09/15,0,0,0,0
2016/09/16,0,0,0,0
2016/09/19,0,1333000,-2099000,-766000
2016/09/20,0,542000,-1172000,-630000
2016/09/21,0,1073000,-6893000,-5820000
2016/09/22,0,2254000,-925000,1329000
2016/09/23,0,2618000,-309000,2309000
2016/09/26,0,761000,-1700000,-939000
2016/09/27,0,0,0,0
2016/09/28,0,0,0,0
2016/09/29,0,1051000,-338000,713000
2016/09/30,0,1437000,-2499000,-1062000
2016/10/03,0,1591000,-802000,789000
2016/10/04,0,2347000,-133000,2214000
2016/10/05,0,1687000,-359000,1328000
2016/10/06,0,1487000,-110000,1377000
2016/10/07,0,1407000,-180000,1227000
2016/10/10,0,0,0,0
2016/10/11,0,3657000,-318000,3339000
2016/10/12,0,2209000,-271000,1938000
2016/10/13,0,2920000,-3605000,-685000
2016/10/14,0,2915000,-649000,2266000
2016/10/17,0,2928000,-1481000,1447000
2016/10/18,0,2674000,-924000,1750000
2016/10/19,0,6412000,-3322000,3090000
2016/10/20,0,759000,-1192000,-433000
2016/10/21,0,876000,-924000,-48000
2016/10/24,0,1997000,-274000,1723000
2016/10/25,0,2694000,-48000,2646000
2016/10/26,0,1017000,-1437000,-420000
2016/10/27,0,1690000,-1663000,27000
2016/10/28,0,629000,-2078000,-1449000
2016/10/31,0,1380000,-3400000,-2020000
2016/11/01,0,315000,-751000,-436000
2016/11/02,0,2169000,-2259000,-90000
2016/11/03,0,1141000,-1927000,-786000
2016/11/04,0,1367000,-2083000,-716000
2016/11/07,0,1057000,-138000,919000
2016/11/08,0,871000,-1108000,-237000
2016/11/09,0,4430000,-4594000,-164000
2016/11/10,0,3413000,-627000,2786000
2016/11/11,0,1163000,-4152000,-2989000
2016/11/14,0,1199000,-1699000,-500000
2016/11/15,0,550000,-181000,369000
2016/11/16,0,3317000,-2218000,1099000
2016/11/17,0,596000,-1858000,-1262000
2016/11/18,0,1090000,-925000,165000
2016/11/21,0,1668000,-1439000,229000
2016/11/22,0,3303000,-2071000,1232000
2016/11/23,0,398000,-461000,-63000
2016/11/24,0,1024000,-328000,696000
2016/11/25,0,1937000,-176000,1761000
2016/11/28,0,858000,-402000,456000
2016/11/29,0,540000,-346000,194000
2016/11/30,0,809000,-897000,-88000
2016/12/01,0,1028000,-381000,647000
2016/12/02,0,781000,-2682000,-1901000
2016/12/05,0,174000,-902000,-728000
2016/12/06,0,1609000,-501000,1108000
2016/12/07,0,591000,-446000,145000
2016/12/08,0,1231000,-2541000,-1310000
2016/12/09,0,1879000,-797000,1082000
2016/12/12,0,626000,-1150000,-524000
2016/12/13,0,1880000,-121000,1759000
2016/12/14,0,203000,-1390000,-1187000
2016/12/15,0,1812000,-976000,836000
2016/12/16,0,547000,-807000,-260000
2016/12/19,0,746000,-948000,-202000
2016/12/20,0,466000,-1055000,-589000
2016/12/21,0,484000,-4047000,-3563000
2016/12/22,0,503000,-1195000,-692000
2016/12/23,0,1677000,-533000,1144000
2016/12/26,0,617000,-423000,194000
2016/12/27,0,588000,-98000,490000
2016/12/28,0,1183000,-301000,882000
2016/12/29,0,257000,-746000,-489000
2016/12/30,0,394000,-1136000,-742000
2017/01/02,0,0,0,0
2017/01/03,0,978000,-475000,503000
2017/01/04,0,3272000,-1115000,2157000
2017/01/05,0,2197000,-617000,1580000
2017/01/06,0,1172000,-621000,551000
2017/01/09,0,3268000,-1823000,1445000
2017/01/10,0,683000,-525000,158000
2017/01/11,0,704000,-125000,579000
2017/01/12,0,716000,-1269000,-553000
2017/01/13,0,1064000,-1480000,-416000
2017/01/16,0,146000,-1166000,-1020000
2017/01/17,0,464000,-328000,136000
2017/01/18,0,382000,-1229000,-847000
2017/01/19,0,137000,-1536000,-1399000
2017/01/20,0,782000,-91000,691000
2017/01/23,0,1259000,-2099000,-840000
2017/01/24,0,359000,-959000,-600000
2017/01/25,0,0,0,0
2017/01/26,0,0,0,0
2017/01/27,0,0,0,0
2017/01/30,0,0,0,0
2017/01/31,0,0,0,0
2017/02/01,0,0,0,0
2017/02/02,0,475000,-3118000,-2643000
2017/02/03,0,852000,-692000,160000
2017/02/06,0,250000,-373000,-123000
2017/02/07,0,780000,-334000,446000
2017/02/08,0,143000,-1689000,-1546000
2017/02/09,0,1235000,-405000,830000
2017/02/10,0,2265000,-394000,1871000
2017/02/13,0,401000,-260000,141000
2017/02/14,0,155000,-1616000,-1461000
2017/02/15,0,1127000,-1886000,-759000
2017/02/16,0,1847000,-685000,1162000
2017/02/17,0,2350000,-175000,2175000
2017/02/20,0,1262000,-120000,1142000
2017/02/21,0,2284000,-824000,1460000
2017/02/22,0,849000,-992000,-143000
2017/02/23,0,580000,-369000,211000
2017/02/24,0,326000,-567000,-241000
2017/02/27,0,0,0,0
2017/02/28,0,0,0,0
2017/03/01,0,379000,-879000,-500000
2017/03/02,0,2151000,-2344000,-193000
2017/03/03,0,1361000,-1033000,328000
2017/03/06,0,519000,-667000,-148000
2017/03/07,0,392000,-345000,47000
2017/03/08,0,714000,-392000,322000
2017/03/09,0,353000,-1043000,-690000
2017/03/10,0,496000,-1514000,-1018000
2017/03/13,0,507000,-440000,67000
2017/03/14,0,1208000,-499000,709000
2017/03/15,0,766000,-618000,148000
2017/03/16,0,584000,-1988000,-1404000
2017/03/17,0,964000,-289000,675000
2017/03/20,0,1301000,-114000,1187000
2017/03/21,0,1408000,-189000,1219000
2017/03/22,0,1484000,-1714000,-230000
2017/03/23,0,1347000,-1035000,312000
2017/03/24,0,1467000,-73000,1394000
2017/03/27,0,350000,-931000,-581000
2017/03/28,0,1465000,-372000,1093000
2017/03/29,0,1080000,-650000,430000
2017/03/30,0,462000,-56000,406000
2017/03/31,0,831000,-1057000,-226000
2017/04/03,0,0,0,0
2017/04/04,0,0,0,0
2017/04/05,0,1078000,-557000,521000
2017/04/06,0,130000,-2039000,-1909000
2017/04/07,0,258000,-994000,-736000
2017/04/10,0,144000,-245000,-101000
2017/04/11,0,57000,-478000,-421000
2017/04/12,0,96000,-865000,-769000
2017/04/13,0,224000,-1591000,-1367000
2017/04/14,0,452000,-2299000,-1847000
2017/04/17,0,1034000,-4150000,-3116000
2017/04/18,0,400000,-2715000,-2315000
2017/04/19,0,1475000,-1298000,177000
2017/04/20,0,215000,-926000,-711000
2017/04/21,0,353000,-383000,-30000
2017/04/24,0,877000,-1523000,-646000
2017/04/25,0,1759000,-721000,1038000
2017/04/26,0,1685000,-303000,1382000
2017/04/27,0,1110000,-845000,265000
2017/04/28,0,2551000,-588000,1963000
2017/05/01,0,0,0,0
2017/05/02,0,4681000,-1018000,3663000
2017/05/03,0,579000,-532000,47000
2017/05/04,0,44000,-383000,-339000
2017/05/05,0,135000,-1061000,-926000
2017/05/08,0,188000,-899000,-711000
2017/05/09,0,726000,-1659000,-933000
2017/05/10,0,590000,-450000,140000
2017/05/11,0,300000,-775000,-475000
2017/05/12,0,73000,-1868000,-1795000
2017/05/15,0,354000,-459000,-105000
2017/05/16,0,251000,-393000,-142000
2017/05/17,0,343000,-564000,-221000
2017/05/18,0,2646000,-532000,2114000
2017/05/19,0,242000,-636000,-394000
2017/05/22,0,252000,-1055000,-803000
2017/05/23,0,1632000,-125000,1507000
2017/05/24,0,1225000,-109000,1116000
2017/05/25,0,2357000,-107000,2250000
2017/05/26,0,1778000,-88000,1690000
2017/05/29,0,0,0,0
2017/05/30,0,0,0,0
2017/05/31,0,399000,-7000,392000
2017/06/01,0,480000,-457000,23000
2017/06/02,0,1401000,-369000,1032000
2017/06/05,0,1138000,-390000,748000
2017/06/06,0,17000,-674000,-657000
2017/06/07,0,166000,-597000,-431000
2017/06/08,0,692000,-200000,492000
2017/06/09,0,245000,-1246000,-1001000
2017/06/12,0,553000,-1690000,-1137000
2017/06/13,0,403000,-166000,237000
2017/06/14,0,703000,-773000,-70000
2017/06/15,0,385000,-731000,-346000
2017/06/16,0,2610000,-2971000,-361000
2017/06/19,0,752000,-2542000,-1790000
2017/06/20,0,985000,-345000,640000
2017/06/21,0,1495000,-3672000,-2177000
2017/06/22,0,4238000,-265000,3973000
2017/06/23,0,3600000,-371000,3229000
2017/06/26,0,4322000,-6728000,-2406000
2017/06/27,0,620000,-238000,382000
2017/06/28,0,3445000,-565000,2880000
2017/06/29,0,433000,-109000,324000
2017/06/30,0,814000,-711000,103000
2017/07/03,0,349000,-823000,-474000
2017/07/04,0,175000,-652000,-477000
2017/07/05,0,721000,-443000,278000
2017/07/06,0,728000,-412000,316000
2017/07/07,0,1095000,-339000,756000
2017/07/10,0,840000,-1283000,-443000
2017/07/11,0,345000,-152000,193000
2017/07/12,0,407000,-592000,-185000
2017/07/13,0,227000,-276000,-49000
2017/07/14,0,617000,-357000,260000
2017/07/17,0,679000,-829000,-150000
2017/07/18,0,280000,-265000,15000
2017/07/19,0,2125000,-668000,1457000
2017/07/20,0,841000,-385000,456000
2017/07/21,0,2322000,-154000,2168000
2017/07/24,0,157000,-92000,65000
2017/07/25,0,879000,-162000,717000
2017/07/26,0,374000,-836000,-462000
2017/07/27,0,1235000,-246000,989000
2017/07/28,0,453000,-1056000,-603000
2017/07/31,0,98000,-404000,-306000
2017/08/01,0,918000,-985000,-67000
2017/08/02,0,1147000,-2156000,-1009000
2017/08/03,0,984000,-3561000,-2577000
2017/08/04,0,441000,-425000,16000
2017/08/07,0,656000,-1261000,-605000
2017/08/08,0,1446000,-473000,973000
2017/08/09,0,298000,-407000,-109000
