Date,Open,Buy,Sell,Total
2007/01/02,0,60000,0,60000
2007/01/03,0,800000,-219000,581000
2007/01/04,0,964000,-86000,878000
2007/01/05,0,883000,-170000,713000
2007/01/08,0,652000,-285000,367000
2007/01/09,0,0,-30000,-30000
2007/01/10,0,364000,-312000,52000
2007/01/11,0,170000,-1144000,-974000
2007/01/12,0,465000,-712000,-247000
2007/01/15,0,0,-7000,-7000
2007/01/16,0,0,-1760000,-1760000
2007/01/17,0,38000,-1230000,-1192000
2007/01/18,0,143000,-3860000,-3717000
2007/01/19,0,20000,-2210000,-2190000
2007/01/22,0,0,-912000,-912000
2007/01/23,0,0,-506000,-506000
2007/01/24,0,40000,0,40000
2007/01/25,0,95000,-1066000,-971000
2007/01/26,0,26000,-1123000,-1097000
2007/01/29,0,74000,-472000,-398000
2007/01/30,0,104000,-260000,-156000
2007/01/31,0,1000,-844000,-843000
2007/02/01,0,0,-755000,-755000
2007/02/02,0,32000,-847000,-815000
2007/02/05,0,16000,-367000,-351000
2007/02/06,0,159000,-585000,-426000
2007/02/07,0,1596000,-20000,1576000
2007/02/08,0,846000,-11000,835000
2007/02/09,0,22000,-131000,-109000
2007/02/12,0,650000,-1344000,-694000
2007/02/13,0,25000,-1468000,-1443000
2007/02/14,0,9000,-100000,-91000
2007/02/15,0,0,0,0
2007/02/16,0,0,0,0
2007/02/19,0,0,0,0
2007/02/20,0,0,0,0
2007/02/21,0,0,0,0
2007/02/22,0,0,0,0
2007/02/23,0,0,0,0
2007/02/26,0,1454000,-566000,888000
2007/02/27,0,695000,-500000,195000
2007/02/28,0,0,0,0
2007/03/01,0,321000,-5363000,-5042000
2007/03/02,0,161000,-4633000,-4472000
2007/03/05,0,104000,-4226000,-4122000
2007/03/06,0,0,-322000,-322000
2007/03/07,0,31000,-1537000,-1506000
2007/03/08,0,0,-1145000,-1145000
2007/03/09,0,5000,-348000,-343000
2007/03/12,0,698000,-17000,681000
2007/03/13,0,190000,0,190000
2007/03/14,0,69000,-622000,-553000
2007/03/15,0,437000,-33000,404000
2007/03/16,0,78000,-1067000,-989000
2007/03/19,0,85000,-2103000,-2018000
2007/03/20,0,50000,-298000,-248000
2007/03/21,0,17000,-100000,-83000
2007/03/22,0,0,-340000,-340000
2007/03/23,0,1401000,-333000,1068000
2007/03/26,0,570000,-15000,555000
2007/03/27,0,805000,-1000,804000
2007/03/28,0,70000,0,70000
2007/03/29,0,769000,-10000,759000
2007/03/30,0,28000,-37000,-9000
2007/04/02,0,24000,-1000,23000
2007/04/03,0,145000,-240000,-95000
2007/04/04,0,3803000,-4000,3799000
2007/04/05,0,0,0,0
2007/04/06,0,0,0,0
2007/04/09,0,243000,0,243000
2007/04/10,0,60000,0,60000
2007/04/11,0,4839000,0,4839000
2007/04/12,0,6352000,-55000,6297000
2007/04/13,0,423000,-7000,416000
2007/04/16,0,0,0,0
2007/04/17,0,2285000,-275000,2010000
2007/04/18,0,2195000,0,2195000
2007/04/19,0,63000,-81000,-18000
2007/04/20,0,2230000,-345000,1885000
2007/04/23,0,1410000,-188000,1222000
2007/04/24,0,454000,0,454000
2007/04/25,0,2000,0,2000
2007/04/26,0,15000,0,15000
2007/04/27,0,0,0,0
2007/04/30,0,106000,-572000,-466000
2007/05/01,0,0,0,0
2007/05/02,0,360000,-75000,285000
2007/05/03,0,2000000,-16000,1984000
2007/05/04,0,922000,-1000,921000
2007/05/07,0,2974000,-61000,2913000
2007/05/08,0,1850000,-500584,1349416
2007/05/09,0,2120000,-80000,2040000
2007/05/10,0,3885000,-600000,3285000
2007/05/11,0,571000,-120000,451000
2007/05/14,0,865000,-345000,520000
2007/05/15,0,62000,0,62000
2007/05/16,0,0,-329000,-329000
2007/05/17,0,357000,-590000,-233000
2007/05/18,0,0,-315000,-315000
2007/05/21,0,29000,-49000,-20000
2007/05/22,0,15000,-70000,-55000
2007/05/23,0,80000,0,80000
2007/05/24,0,0,-132000,-132000
2007/05/25,0,0,-529000,-529000
2007/05/28,0,24000,0,24000
2007/05/29,0,575000,0,575000
2007/05/30,0,28000,0,28000
2007/05/31,0,0,0,0
2007/06/01,0,4000,0,4000
2007/06/04,0,16000,-157000,-141000
2007/06/05,0,102000,-23000,79000
2007/06/06,0,101000,-6000,95000
2007/06/07,0,44000,-1697000,-1653000
2007/06/08,0,0,0,0
2007/06/11,0,0,-5000,-5000
2007/06/12,0,162000,-1000,161000
2007/06/13,0,13000,-125000,-112000
2007/06/14,0,460200,-2000,458200
2007/06/15,0,3157290,-1000,3156290
2007/06/18,0,0,0,0
2007/06/19,0,0,0,0
2007/06/20,0,2830010,-275000,2555010
2007/06/21,0,388000,-230000,158000
2007/06/22,0,128000,-100000,28000
2007/06/25,0,1676000,-1000,1675000
2007/06/26,0,1127271,-101000,1026271
2007/06/27,0,105029,0,105029
2007/06/28,0,505400,-2000,503400
2007/06/29,0,1412000,0,1412000
2007/07/02,0,111000,-28000,83000
2007/07/03,0,157000,-96000,61000
2007/07/04,0,3540000,-1000,3539000
2007/07/05,0,3753000,0,3753000
2007/07/06,0,1065000,-1774000,-709000
2007/07/09,0,1690000,-979000,711000
2007/07/10,0,103000,0,103000
2007/07/11,0,38000,-40000,-2000
2007/07/12,0,1571000,-2000,1569000
2007/07/13,0,3075000,-331000,2744000
2007/07/16,0,93000,0,93000
2007/07/17,0,1916000,0,1916000
2007/07/18,0,1051000,-410000,641000
2007/07/19,0,3322000,-1000,3321000
2007/07/20,0,340900,-267000,73900
2007/07/23,0,289000,-760000,-471000
2007/07/24,0,408000,0,408000
2007/07/25,0,1000,-427000,-426000
2007/07/26,0,97000,-5000,92000
2007/07/27,0,46000,-1908000,-1862000
2007/07/30,0,1131196,-339000,792196
2007/07/31,0,157000,0,157000
2007/08/01,0,142000,-46000,96000
2007/08/02,0,400000,-102000,298000
2007/08/03,0,31000,0,31000
2007/08/06,0,37000,-350000,-313000
2007/08/07,0,61000,-100000,-39000
2007/08/08,0,25000,-28000,-3000
2007/08/09,0,0,-34000,-34000
2007/08/10,0,6500,-90000,-83500
2007/08/13,0,0,-40500,-40500
2007/08/14,0,30000,-10000,20000
2007/08/15,0,36000,-175000,-139000
2007/08/16,0,32000,-124000,-92000
2007/08/17,0,172000,-285000,-113000
2007/08/20,0,788000,-63277,724723
2007/08/21,0,8000,-92139,-84139
2007/08/22,0,640000,-70000,570000
2007/08/23,0,2503000,-15000,2488000
2007/08/24,0,0,-47000,-47000
2007/08/27,0,1275000,-40000,1235000
2007/08/28,0,140000,-15000,125000
2007/08/29,0,0,-1322000,-1322000
2007/08/30,0,0,-960000,-960000
2007/08/31,0,879000,0,879000
2007/09/03,0,0,-109000,-109000
2007/09/04,0,933000,-35000,898000
2007/09/05,0,20000,-25000,-5000
2007/09/06,0,426000,-100000,326000
2007/09/07,0,70000,0,70000
2007/09/10,0,0,-751000,-751000
2007/09/11,0,0,-142000,-142000
2007/09/12,0,165000,-131000,34000
2007/09/13,0,35000,-88000,-53000
2007/09/14,0,0,-1940000,-1940000
2007/09/17,0,6000,0,6000
2007/09/18,0,0,0,0
2007/09/19,0,816000,-204000,612000
2007/09/20,0,717000,-51000,666000
2007/09/21,0,37000,-40000,-3000
2007/09/24,0,0,0,0
2007/09/25,0,0,0,0
2007/09/26,0,3078000,-45000,3033000
2007/09/27,0,44000,-57000,-13000
2007/09/28,0,0,0,0
2007/10/01,0,5000,-276000,-271000
2007/10/02,0,8540000,-4487000,4053000
2007/10/03,0,8597000,-3085259,5511741
2007/10/04,0,2895500,-228741,2666759
2007/10/05,0,1641000,0,1641000
2007/10/08,0,3141000,0,3141000
2007/10/09,0,345000,-105500,239500
2007/10/10,0,0,0,0
2007/10/11,0,1970000,-88500,1881500
2007/10/12,0,133000,0,133000
2007/10/15,0,28000,-524000,-496000
2007/10/16,0,0,-125000,-125000
2007/10/17,0,0,-12000,-12000
2007/10/18,0,88000,-81000,7000
2007/10/19,0,490000,0,490000
2007/10/22,0,1320000,-2180000,-860000
2007/10/23,0,140350,0,140350
2007/10/24,0,75000,0,75000
2007/10/25,0,52000,-281350,-229350
2007/10/26,0,0,0,0
2007/10/29,0,0,-12000,-12000
2007/10/30,0,107000,0,107000
2007/10/31,0,72000,-2000,70000
2007/11/01,0,6000,-17000,-11000
2007/11/02,0,31000,-51000,-20000
2007/11/05,0,15000,-2430000,-2415000
2007/11/06,0,1000,-29000,-28000
2007/11/07,0,21000,-1000,20000
2007/11/08,0,28000,0,28000
2007/11/09,0,0,0,0
2007/11/12,0,39000,-9051000,-9012000
2007/11/13,0,350000,-1206000,-856000
2007/11/14,0,255000,-2000,253000
2007/11/15,0,10000,-2477000,-2467000
2007/11/16,0,284000,-6291000,-6007000
2007/11/19,0,39000,-2518000,-2479000
2007/11/20,0,161000,-6749000,-6588000
2007/11/21,0,103000,-2401000,-2298000
2007/11/22,0,105000,-490000,-385000
2007/11/23,0,26000,0,26000
2007/11/26,0,320000,0,320000
2007/11/27,0,1000,-3495000,-3494000
2007/11/28,0,25000,-54000,-29000
2007/11/29,0,160000,-50000,110000
2007/11/30,0,50000,-1001000,-951000
2007/12/03,0,20000,0,20000
2007/12/04,0,109000,0,109000
2007/12/05,0,21000,-3000,18000
2007/12/06,0,142000,-40000,102000
2007/12/07,0,2859000,0,2859000
2007/12/10,0,2000,0,2000
2007/12/11,0,179000,-30000,149000
2007/12/12,0,132000,-507000,-375000
2007/12/13,0,41000,-5113000,-5072000
2007/12/14,0,229000,-4282000,-4053000
2007/12/17,0,49000,-14400,34600
2007/12/18,0,784000,-98500,685500
2007/12/19,0,96000,-18000,78000
2007/12/20,0,63000,-62000,1000
2007/12/21,0,2000,-1493000,-1491000
2007/12/24,0,15000,-16000,-1000
2007/12/25,0,14000,0,14000
2007/12/26,0,1000,0,1000
2007/12/27,0,0,-21000,-21000
2007/12/28,0,67000,-83000,-16000
2007/12/31,0,426000,0,426000
2008/01/01,0,0,0,0
2008/01/02,0,80000,0,80000
2008/01/03,0,57000,-591000,-534000
2008/01/04,0,686000,-1652000,-966000
2008/01/07,0,562000,-6810000,-6248000
2008/01/08,0,290000,-4327000,-4037000
2008/01/09,0,16000,-27000,-11000
2008/01/10,0,40000,-570000,-530000
2008/01/11,0,33000,-3149500,-3116500
2008/01/14,0,3426000,-27000,3399000
2008/01/15,0,1074000,-107000,967000
2008/01/16,0,106000,-2000,104000
2008/01/17,0,336000,0,336000
2008/01/18,0,258000,-2112000,-1854000
2008/01/21,0,172000,-1785000,-1613000
2008/01/22,0,407000,-18746000,-18339000
2008/01/23,0,501000,-172000,329000
2008/01/24,0,2900000,-2956000,-56000
2008/01/25,0,1200000,-2113000,-913000
2008/01/28,0,544000,-96000,448000
2008/01/29,0,8000,-784000,-776000
2008/01/30,0,0,-542000,-542000
2008/01/31,0,149000,-23000,126000
2008/02/01,0,284000,-782000,-498000
2008/02/04,0,0,0,0
2008/02/05,0,0,0,0
2008/02/06,0,0,0,0
2008/02/07,0,0,0,0
2008/02/08,0,0,0,0
2008/02/11,0,0,0,0
2008/02/12,0,82000,-2778852,-2696852
2008/02/13,0,1188000,-2079000,-891000
2008/02/14,0,4136000,-2377934,1758066
2008/02/15,0,818000,-1777934,-959934
2008/02/18,0,243000,-12000,231000
2008/02/19,0,10000,-50000,-40000
2008/02/20,0,266000,0,266000
2008/02/21,0,1000,-97000,-96000
2008/02/22,0,40000,-158000,-118000
2008/02/25,0,607000,-142000,465000
2008/02/26,0,723000,-1000,722000
2008/02/27,0,30000,-300000,-270000
2008/02/28,0,0,0,0
2008/02/29,0,1498000,-791000,707000
2008/03/03,0,1931000,-5518000,-3587000
2008/03/04,0,1189000,-124000,1065000
2008/03/05,0,1424000,-611000,813000
2008/03/06,0,5186000,-594000,4592000
2008/03/07,0,822000,-122000,700000
2008/03/10,0,277000,-54000,223000
2008/03/11,0,191000,-715000,-524000
2008/03/12,0,101000,-162000,-61000
2008/03/13,0,254000,-8000,246000
2008/03/14,0,373000,-11373000,-11000000
2008/03/17,0,2594000,-783000,1811000
2008/03/18,0,139000,-5095000,-4956000
2008/03/19,0,3114000,-174000,2940000
2008/03/20,0,205000,-381000,-176000
2008/03/21,0,369000,-48000,321000
2008/03/24,0,7056000,-408000,6648000
2008/03/25,0,12297000,-16000,12281000
2008/03/26,0,3226000,-99000,3127000
2008/03/27,0,1991000,-380000,1611000
2008/03/28,0,593000,-30000,563000
2008/03/31,0,2137000,0,2137000
2008/04/01,0,2024000,-100000,1924000
2008/04/02,0,1894000,-109000,1785000
2008/04/03,0,1157000,-57000,1100000
2008/04/04,0,0,0,0
2008/04/07,0,996000,-524000,472000
2008/04/08,0,281000,-600000,-319000
2008/04/09,0,503000,-1883000,-1380000
2008/04/10,0,2770000,-5734000,-2964000
2008/04/11,0,8813000,-4193000,4620000
2008/04/14,0,407000,-1437200,-1030200
2008/04/15,0,2091000,-223000,1868000
2008/04/16,0,4434000,-3941000,493000
2008/04/17,0,6781000,-1659000,5122000
2008/04/18,0,3748000,-530000,3218000
2008/04/21,0,3148000,-116000,3032000
2008/04/22,0,712000,-62000,650000
2008/04/23,0,299000,-705000,-406000
2008/04/24,0,323000,-1581200,-1258200
2008/04/25,0,752000,-64000,688000
2008/04/28,0,220000,-300000,-80000
2008/04/29,0,1096000,-351000,745000
2008/04/30,0,865000,-419000,446000
2008/05/01,0,0,0,0
2008/05/02,0,1175000,-287000,888000
2008/05/05,0,2548100,-376000,2172100
2008/05/06,0,1623000,-22000,1601000
2008/05/07,0,743000,-550000,193000
2008/05/08,0,377000,-4918000,-4541000
2008/05/09,0,815000,0,815000
2008/05/12,0,232000,-30000,202000
2008/05/13,0,220000,-277000,-57000
2008/05/14,0,3361000,-10000,3351000
2008/05/15,0,9196000,-213200,8982800
2008/05/16,0,10016000,-10000,10006000
2008/05/19,0,892000,-600920,291080
2008/05/20,0,3556000,-903000,2653000
2008/05/21,0,48000,-240000,-192000
2008/05/22,0,454000,-1375000,-921000
2008/05/23,0,530000,-1231000,-701000
2008/05/26,0,452000,-500,451500
2008/05/27,0,232000,0,232000
2008/05/28,0,522000,-732000,-210000
2008/05/29,0,963000,-365000,598000
2008/05/30,0,285000,-167000,118000
2008/06/02,0,1994000,-338000,1656000
2008/06/03,0,17000,-646000,-629000
2008/06/04,0,232000,-617000,-385000
2008/06/05,0,776000,-1336000,-560000
2008/06/06,0,337000,-500000,-163000
2008/06/09,0,179100,-2490000,-2310900
2008/06/10,0,153000,-11542000,-11389000
2008/06/11,0,541000,-523000,18000
2008/06/12,0,248000,-4825000,-4577000
2008/06/13,0,143000,-5012000,-4869000
2008/06/16,0,116000,-596000,-480000
2008/06/17,0,84000,-2000,82000
2008/06/18,0,183000,-15300,167700
2008/06/19,0,385000,-5825000,-5440000
2008/06/20,0,367000,-9005000,-8638000
2008/06/23,0,259000,-1062000,-803000
2008/06/24,0,504000,-400000,104000
2008/06/25,0,48000,-102000,-54000
2008/06/26,0,71000,-234000,-163000
2008/06/27,0,420000,-615000,-195000
2008/06/30,0,3145500,-125080,3020420
2008/07/01,0,1216820,-658000,558820
2008/07/02,0,290000,-27000,263000
2008/07/03,0,185000,-126000,59000
2008/07/04,0,173000,-15000,158000
2008/07/07,0,209000,-476000,-267000
2008/07/08,0,30000,-629000,-599000
2008/07/09,0,583000,-1307000,-724000
2008/07/10,0,1230000,-398000,832000
2008/07/11,0,449000,-42400,406600
2008/07/14,0,63000,-332000,-269000
2008/07/15,0,415000,-1288000,-873000
2008/07/16,0,293000,-127000,166000
2008/07/17,0,5071000,-215000,4856000
2008/07/18,0,287000,-260000,27000
2008/07/21,0,2171000,-131000,2040000
2008/07/22,0,633000,0,633000
2008/07/23,0,12343000,0,12343000
2008/07/24,0,3290000,-860000,2430000
2008/07/25,0,788000,0,788000
2008/07/28,0,0,0,0
2008/07/29,0,2129000,-17000,2112000
2008/07/30,0,2043000,-669000,1374000
2008/07/31,0,1787000,-1003000,784000
2008/08/01,0,357000,-3571000,-3214000
2008/08/04,0,192000,-2088000,-1896000
2008/08/05,0,422000,-215000,207000
2008/08/06,0,14000,-133000,-119000
2008/08/07,0,76000,-170000,-94000
2008/08/08,0,302000,-566000,-264000
2008/08/11,0,2930000,-413000,2517000
2008/08/12,0,9125000,-3255000,5870000
2008/08/13,0,2099000,-3022000,-923000
2008/08/14,0,335000,-2056280,-1721280
2008/08/15,0,33000,-2409000,-2376000
2008/08/18,0,88000,-956000,-868000
2008/08/19,0,108000,-70000,38000
2008/08/20,0,900000,-234000,666000
2008/08/21,0,724000,-311000,413000
2008/08/22,0,147000,-1000,146000
2008/08/25,0,1814600,-910200,904400
2008/08/26,0,169000,-174000,-5000
2008/08/27,0,35000,-3383000,-3348000
2008/08/28,0,130000,-451000,-321000
2008/08/29,0,317000,-230000,87000
2008/09/01,0,318000,-10836000,-10518000
2008/09/02,0,42000,-4107000,-4065000
2008/09/03,0,208000,-62000,146000
2008/09/04,0,374000,-2349000,-1975000
2008/09/05,0,797000,-144000,653000
2008/09/08,0,595000,-58800,536200
2008/09/09,0,647000,-319000,328000
2008/09/10,0,20000,-108000,-88000
2008/09/11,0,1524000,-207000,1317000
2008/09/12,0,60000,-217000,-157000
2008/09/15,0,7000,-387000,-380000
2008/09/16,0,56000,-712900,-656900
2008/09/17,0,1251000,-765000,486000
2008/09/18,0,184000,-732500,-548500
2008/09/19,0,3000,-373900,-370900
2008/09/22,0,146000,-967800,-821800
2008/09/23,0,0,-350000,-350000
2008/09/24,0,101000,-3000,98000
2008/09/25,0,36000,-275000,-239000
2008/09/26,0,505000,-181000,324000
2008/09/29,0,0,0,0
2008/09/30,0,313000,-579120,-266120
2008/10/01,0,98000,-311500,-213500
2008/10/02,0,462000,-573000,-111000
2008/10/03,0,22000,-799000,-777000
2008/10/06,0,118000,-7685000,-7567000
2008/10/07,0,541000,-287500,253500
2008/10/08,0,171000,-4474000,-4303000
2008/10/09,0,152000,-802900,-650900
2008/10/10,0,0,0,0
2008/10/13,0,188000,-2209000,-2021000
2008/10/14,0,3246000,-1392100,1853900
2008/10/15,0,219000,-1643000,-1424000
2008/10/16,0,0,-2559500,-2559500
2008/10/17,0,40000,-2525000,-2485000
2008/10/20,0,1100,-619500,-618400
2008/10/21,0,163000,-53000,110000
2008/10/22,0,136000,-424400,-288400
2008/10/23,0,34000,-3000,31000
2008/10/24,0,238000,-257000,-19000
2008/10/27,0,1000,-607100,-606100
2008/10/28,0,1000,-555000,-554000
2008/10/29,0,637050,-81200,555850
2008/10/30,0,1032000,-287300,744700
2008/10/31,0,2162000,-108000,2054000
2008/11/03,0,986000,-123000,863000
2008/11/04,0,1721200,-158000,1563200
2008/11/05,0,1045000,-181000,864000
2008/11/06,0,564000,-6000,558000
2008/11/07,0,162000,-129000,33000
2008/11/10,0,393000,0,393000
2008/11/11,0,71000,-646000,-575000
2008/11/12,0,217000,-441000,-224000
2008/11/13,0,1295000,-1727000,-432000
2008/11/14,0,18000,-1102000,-1084000
2008/11/17,0,150000,-1210000,-1060000
2008/11/18,0,27000,-1842000,-1815000
2008/11/19,0,26000,-651200,-625200
2008/11/20,0,515000,-1157000,-642000
2008/11/21,0,55000,-543100,-488100
2008/11/24,0,424000,-1692800,-1268800
2008/11/25,0,362000,0,362000
2008/11/26,0,2000,-298000,-296000
2008/11/27,0,307000,-62000,245000
2008/11/28,0,75000,-320000,-245000
2008/12/01,0,3675000,-704400,2970600
2008/12/02,0,289100,-572000,-282900
2008/12/03,0,116000,-132000,-16000
2008/12/04,0,242000,-261000,-19000
2008/12/05,0,330000,-15000,315000
2008/12/08,0,4689000,-13000,4676000
2008/12/09,0,4000,-157000,-153000
2008/12/10,0,117000,-257500,-140500
2008/12/11,0,229000,-54000,175000
2008/12/12,0,1357000,-923200,433800
2008/12/15,0,3739000,-107300,3631700
2008/12/16,0,159000,-4000,155000
2008/12/17,0,2035000,-109000,1926000
2008/12/18,0,19000,-24000,-5000
2008/12/19,0,266000,-668000,-402000
2008/12/22,0,32000,-134000,-102000
2008/12/23,0,112000,-319000,-207000
2008/12/24,0,120000,0,120000
2008/12/25,0,156000,-45000,111000
2008/12/26,0,81000,-3000,78000
2008/12/29,0,0,-183900,-183900
2008/12/30,0,3410000,-52000,3358000
2008/12/31,0,147000,-350600,-203600
2009/01/01,0,0,0,0
2009/01/02,0,0,0,0
2009/01/05,0,236000,-74000,162000
2009/01/06,0,53000,-355000,-302000
2009/01/07,0,679000,-54000,625000
2009/01/08,0,135100,-1136000,-1000900
2009/01/09,0,278000,-992000,-714000
2009/01/12,0,411000,-1358000,-947000
2009/01/13,0,182000,0,182000
2009/01/14,0,19000,-51000,-32000
2009/01/15,0,229200,-10531000,-10301800
2009/01/16,0,585000,-1299000,-714000
2009/01/19,0,5000,-160000,-155000
2009/01/20,0,63100,-34000,29100
2009/01/21,0,5000,-1462000,-1457000
2009/01/22,0,0,0,0
2009/01/23,0,0,0,0
2009/01/26,0,0,0,0
2009/01/27,0,0,0,0
2009/01/28,0,0,0,0
2009/01/29,0,0,0,0
2009/01/30,0,0,0,0
2009/02/02,0,0,-382700,-382700
2009/02/03,0,176000,-364000,-188000
2009/02/04,0,0,-484000,-484000
2009/02/05,0,100000,-901000,-801000
2009/02/06,0,4937000,-738000,4199000
2009/02/09,0,5491000,-83300,5407700
2009/02/10,0,15000,-41000,-26000
2009/02/11,0,51000,-70000,-19000
2009/02/12,0,5000,-435000,-430000
2009/02/13,0,468000,-104000,364000
2009/02/16,0,22000,-877000,-855000
2009/02/17,0,209000,-1018000,-809000
2009/02/18,0,66000,-520000,-454000
2009/02/19,0,846000,-247000,599000
2009/02/20,0,1684000,-3161000,-1477000
2009/02/23,0,544000,-2043000,-1499000
2009/02/24,0,738000,-2903000,-2165000
2009/02/25,0,1225000,-1113000,112000
2009/02/26,0,481000,-63000,418000
2009/02/27,0,197000,-241000,-44000
2009/03/02,0,1211000,-10422000,-9211000
2009/03/03,0,641000,-5389000,-4748000
2009/03/04,0,4612000,-559000,4053000
2009/03/05,0,3210000,-259000,2951000
2009/03/06,0,3632000,0,3632000
2009/03/09,0,246000,-116000,130000
2009/03/10,0,59000,-322000,-263000
2009/03/11,0,11795000,-545000,11250000
2009/03/12,0,6983000,-45000,6938000
2009/03/13,0,14317000,-5000,14312000
2009/03/16,0,7910000,-384000,7526000
2009/03/17,0,8514000,-342000,8172000
2009/03/18,0,6416000,-3891900,2524100
2009/03/19,0,3740000,-636000,3104000
2009/03/20,0,3072000,-7266000,-4194000
2009/03/23,0,223000,-641000,-418000
2009/03/24,0,5282163,-380000,4902163
2009/03/25,0,1334000,-657989,676011
2009/03/26,0,5631000,-161000,5470000
2009/03/27,0,2100000,-30000,2070000
2009/03/30,0,1670000,-239000,1431000
2009/03/31,0,3678000,-1982000,1696000
2009/04/01,0,722000,-646000,76000
2009/04/02,0,1841000,-300485,1540515
2009/04/03,0,1785000,-202000,1583000
2009/04/06,0,4101000,-231000,3870000
2009/04/07,0,321000,-268000,53000
2009/04/08,0,2188000,-1016000,1172000
2009/04/09,0,4885000,-430000,4455000
2009/04/10,0,7449000,-200000,7249000
2009/04/13,0,5714000,-174000,5540000
2009/04/14,0,3485000,-230000,3255000
2009/04/15,0,1580000,-816000,764000
2009/04/16,0,3948000,-337000,3611000
2009/04/17,0,1473000,-225000,1248000
2009/04/20,0,524000,-193000,331000
2009/04/21,0,663000,-271000,392000
2009/04/22,0,839000,-252000,587000
2009/04/23,0,292000,-101000,191000
2009/04/24,0,1019000,0,1019000
2009/04/27,0,656000,-183000,473000
2009/04/28,0,887000,-139000,748000
2009/04/29,0,439000,-265000,174000
2009/04/30,0,11303000,-20166000,-8863000
2009/05/01,0,0,0,0
2009/05/04,0,2321000,-216000,2105000
2009/05/05,0,3171000,-8949000,-5778000
2009/05/06,0,5195000,-3980000,1215000
2009/05/07,0,1201000,-3676000,-2475000
2009/05/08,0,687000,-276000,411000
2009/05/11,0,2858000,-861000,1997000
2009/05/12,0,1442000,-342600,1099400
2009/05/13,0,1516000,-87000,1429000
2009/05/14,0,1910000,-478000,1432000
2009/05/15,0,114000,-103000,11000
2009/05/18,0,1004000,-1342000,-338000
2009/05/19,0,3856000,-693000,3163000
2009/05/20,0,533000,-610000,-77000
2009/05/21,0,416000,-326000,90000
2009/05/22,0,262000,-4000,258000
2009/05/25,0,889000,-121000,768000
2009/05/26,0,71000,-99000,-28000
2009/05/27,0,2087000,-158000,1929000
2009/05/28,0,0,0,0
2009/05/29,0,0,0,0
2009/06/01,0,4380000,-827000,3553000
2009/06/02,0,902000,-137000,765000
2009/06/03,0,1022000,-369000,653000
2009/06/04,0,3675000,-1236000,2439000
2009/06/05,0,3850000,-8200,3841800
2009/06/08,0,2320000,-77000,2243000
2009/06/09,0,416000,-2324000,-1908000
2009/06/10,0,333000,-4790500,-4457500
2009/06/11,0,706000,-297000,409000
2009/06/12,0,1789000,-4093000,-2304000
2009/06/15,0,2039000,-117000,1922000
2009/06/16,0,1274000,-323000,951000
2009/06/17,0,287000,-1404000,-1117000
2009/06/18,0,792000,-1089000,-297000
2009/06/19,0,6473000,-6946000,-473000
2009/06/22,0,339000,-2519122,-2180122
2009/06/23,0,218000,-2822000,-2604000
2009/06/24,0,652000,-619000,33000
2009/06/25,0,247000,-339000,-92000
2009/06/26,0,265000,-114000,151000
2009/06/29,0,846000,-1858000,-1012000
2009/06/30,0,549000,-4000,545000
2009/07/01,0,217000,-8000,209000
2009/07/02,0,150000,-100000,50000
2009/07/03,0,1060000,-109500,950500
2009/07/06,0,5000,-168000,-163000
2009/07/07,0,629000,-2649000,-2020000
2009/07/08,0,353000,-4288000,-3935000
2009/07/09,0,539000,-24000,515000
2009/07/10,0,101000,-156000,-55000
2009/07/13,0,212000,-251000,-39000
2009/07/14,0,38000,-23000,15000
2009/07/15,0,630000,0,630000
2009/07/16,0,664000,-52000,612000
2009/07/17,0,70000,-147000,-77000
2009/07/20,0,171000,-146000,25000
2009/07/21,0,179000,-38000,141000
2009/07/22,0,185000,-212000,-27000
2009/07/23,0,176000,-601000,-425000
2009/07/24,0,198000,-190000,8000
2009/07/27,0,766000,-427000,339000
2009/07/28,0,464000,-553000,-89000
2009/07/29,0,250000,-338000,-88000
2009/07/30,0,242000,-148000,94000
2009/07/31,0,838000,-696000,142000
2009/08/03,0,1108000,-307100,800900
2009/08/04,0,45000,-806000,-761000
2009/08/05,0,639000,-831000,-192000
2009/08/06,0,142000,-189000,-47000
2009/08/07,0,0,0,0
2009/08/10,0,93000,-235000,-142000
2009/08/11,0,209000,-1160000,-951000
2009/08/12,0,208000,-192000,16000
2009/08/13,0,1250000,-2000,1248000
2009/08/14,0,10994000,-448000,10546000
2009/08/17,0,8654000,-1700000,6954000
2009/08/18,0,9407000,-3652000,5755000
2009/08/19,0,2414000,-1170000,1244000
2009/08/20,0,1403000,-1622000,-219000
2009/08/21,0,29000,-2042300,-2013300
2009/08/24,0,3252000,-262000,2990000
2009/08/25,0,515000,-130000,385000
2009/08/26,0,352000,-972000,-620000
2009/08/27,0,136000,-2356000,-2220000
2009/08/28,0,800000,-635000,165000
2009/08/31,0,761000,-470000,291000
2009/09/01,0,4440000,-723000,3717000
2009/09/02,0,1212000,-2600,1209400
2009/09/03,0,111000,-427000,-316000
2009/09/04,0,33000,-5612000,-5579000
2009/09/07,0,51000,-59200,-8200
2009/09/08,0,2285000,-503000,1782000
2009/09/09,0,120000,-871000,-751000
2009/09/10,0,2907000,-1427000,1480000
2009/09/11,0,797000,-1322000,-525000
2009/09/14,0,1045000,-153000,892000
2009/09/15,0,741000,-369000,372000
2009/09/16,0,1429000,-303000,1126000
2009/09/17,0,2392000,-4463000,-2071000
2009/09/18,0,5476000,-4330000,1146000
2009/09/21,0,96000,-212000,-116000
2009/09/22,0,1732000,-2961000,-1229000
2009/09/23,0,1962000,-1827200,134800
2009/09/24,0,940000,-546000,394000
2009/09/25,0,376000,-1978000,-1602000
2009/09/28,0,8000,-50000,-42000
2009/09/29,0,983000,-138467,844533
2009/09/30,0,77000,-1178163,-1101163
2009/10/01,0,130000,-391000,-261000
2009/10/02,0,100300,-664000,-563700
2009/10/05,0,407000,-943000,-536000
2009/10/06,0,491000,-1117000,-626000
2009/10/07,0,91000,-85000,6000
2009/10/08,0,715000,-331000,384000
2009/10/09,0,349000,-606000,-257000
2009/10/12,0,147000,-249000,-102000
2009/10/13,0,173000,-4024000,-3851000
2009/10/14,0,212000,-2641000,-2429000
2009/10/15,0,5643000,-50000,5593000
2009/10/16,0,2000,-184000,-182000
2009/10/19,0,67000,-3064000,-2997000
2009/10/20,0,358000,-2473335,-2115335
2009/10/21,0,173000,-2907000,-2734000
2009/10/22,0,295999,-678000,-382001
2009/10/23,0,5472000,-158000,5314000
2009/10/26,0,316000,0,316000
2009/10/27,0,51000,-482000,-431000
2009/10/28,0,247000,-5100,241900
2009/10/29,0,410000,-1209000,-799000
2009/10/30,0,304000,-188000,116000
2009/11/02,0,82000,-3364000,-3282000
2009/11/03,0,1000,-1384000,-1383000
2009/11/04,0,1225000,-1159700,65300
2009/11/05,0,351000,-1525200,-1174200
2009/11/06,0,1061000,-10300,1050700
2009/11/09,0,1176000,-50000,1126000
2009/11/10,0,2548000,-372000,2176000
2009/11/11,0,4664000,-937000,3727000
2009/11/12,0,50000,-11000,39000
2009/11/13,0,86000,-3000,83000
2009/11/16,0,1870000,-35000,1835000
2009/11/17,0,3229000,-442500,2786500
2009/11/18,0,0,-4500,-4500
2009/11/19,0,0,-465000,-465000
2009/11/20,0,70000,-741000,-671000
2009/11/23,0,226000,-727000,-501000
2009/11/24,0,2806000,-670000,2136000
2009/11/25,0,5272000,-3109000,2163000
2009/11/26,0,1958000,-2828000,-870000
2009/11/27,0,300000,-2138000,-1838000
2009/11/30,0,155000,-995200,-840200
2009/12/01,0,51000,-94000,-43000
2009/12/02,0,150000,-2479000,-2329000
2009/12/03,0,617000,-4134000,-3517000
2009/12/04,0,36000,-245000,-209000
2009/12/07,0,773000,-772000,1000
2009/12/08,0,95000,-213000,-118000
2009/12/09,0,275000,-175000,100000
2009/12/10,0,51000,-1124500,-1073500
2009/12/11,0,101000,-3014000,-2913000
2009/12/14,0,1798000,-96000,1702000
2009/12/15,0,208000,-386500,-178500
2009/12/16,0,71000,-2326000,-2255000
2009/12/17,0,1557000,-261500,1295500
2009/12/18,0,52000,-3355000,-3303000
2009/12/21,0,2854000,-3145600,-291600
2009/12/22,0,999000,-3893000,-2894000
2009/12/23,0,315000,-5012000,-4697000
2009/12/24,0,4272000,-3408000,864000
2009/12/25,0,136000,-1072000,-936000
2009/12/28,0,3984000,-2540000,1444000
2009/12/29,0,593000,-50000,543000
2009/12/30,0,4886000,-5000,4881000
2009/12/31,0,1025000,-351000,674000
2010/01/01,0,0,0,0
2010/01/04,0,3856000,-474000,3382000
2010/01/05,0,1555000,-1304000,251000
2010/01/06,0,1879200,-3830600,-1951400
2010/01/07,0,255000,-1792000,-1537000
2010/01/08,0,340000,-744000,-404000
2010/01/11,0,938000,-718000,220000
2010/01/12,0,409000,-763000,-354000
2010/01/13,0,591000,-2376000,-1785000
2010/01/14,0,478000,-63000,415000
2010/01/15,0,579000,-100000,479000
2010/01/18,0,411000,-256000,155000
2010/01/19,0,198000,-362000,-164000
2010/01/20,0,1995000,-327200,1667800
2010/01/21,0,3149800,-534000,2615800
2010/01/22,0,459000,-510000,-51000
2010/01/25,0,648000,-1003000,-355000
2010/01/26,0,351000,-2665000,-2314000
2010/01/27,0,1562000,-1260000,302000
2010/01/28,0,266000,-1597000,-1331000
2010/01/29,0,908000,-7000,901000
2010/02/01,0,1140000,-2807200,-1667200
2010/02/02,0,496000,-4439000,-3943000
2010/02/03,0,461000,-1852700,-1391700
2010/02/04,0,536000,-614000,-78000
2010/02/05,0,411000,-2576000,-2165000
2010/02/08,0,268000,-505000,-237000
2010/02/09,0,832000,-305000,527000
2010/02/10,0,437000,-1463000,-1026000
2010/02/11,0,0,0,0
2010/02/12,0,0,0,0
2010/02/15,0,0,0,0
2010/02/16,0,0,0,0
2010/02/17,0,0,0,0
2010/02/18,0,0,0,0
2010/02/19,0,0,0,0
2010/02/22,0,957000,-757000,200000
2010/02/23,0,583000,-819900,-236900
2010/02/24,0,1050000,-243000,807000
2010/02/25,0,259000,-3106000,-2847000
2010/02/26,0,597000,-561000,36000
2010/03/01,0,2945000,-418000,2527000
2010/03/02,0,113000,-490000,-377000
2010/03/03,0,1299000,-200000,1099000
2010/03/04,0,235000,-1000000,-765000
2010/03/05,0,1946000,-507000,1439000
2010/03/08,0,5308000,-977000,4331000
2010/03/09,0,4582000,-1140000,3442000
2010/03/10,0,952000,-661000,291000
2010/03/11,0,1374000,-836000,538000
2010/03/12,0,4664000,-43000,4621000
2010/03/15,0,1221000,-704200,516800
2010/03/16,0,1559000,-50000,1509000
2010/03/17,0,4636000,-168000,4468000
2010/03/18,0,306000,-370000,-64000
2010/03/19,0,298000,-97000,201000
2010/03/22,0,2000,-2087000,-2085000
2010/03/23,0,1143000,-67000,1076000
2010/03/24,0,8804000,-157000,8647000
2010/03/25,0,3989000,-1415000,2574000
2010/03/26,0,1199000,-928000,271000
2010/03/29,0,428000,-1007000,-579000
2010/03/30,0,421000,-111000,310000
2010/03/31,0,1541000,-510000,1031000
2010/04/01,0,518000,-80000,438000
2010/04/02,0,283000,-13000,270000
2010/04/05,0,0,0,0
2010/04/06,0,2515000,-8000,2507000
2010/04/07,0,3167000,-49000,3118000
2010/04/08,0,2849000,-129000,2720000
2010/04/09,0,2713000,-391000,2322000
2010/04/12,0,4863000,-890000,3973000
2010/04/13,0,864000,-792000,72000
2010/04/14,0,3119000,-357000,2762000
2010/04/15,0,1497000,-807000,690000
2010/04/16,0,108000,-2860000,-2752000
2010/04/19,0,170000,-2452000,-2282000
2010/04/20,0,240000,-1408000,-1168000
2010/04/21,0,830000,-4000,826000
2010/04/22,0,490000,-4319000,-3829000
2010/04/23,0,1030000,-3942000,-2912000
2010/04/26,0,4401000,-135000,4266000
2010/04/27,0,1342000,-535000,807000
2010/04/28,0,172000,-687000,-515000
2010/04/29,0,102000,-1078000,-976000
2010/04/30,0,415000,0,415000
2010/05/03,0,450000,-127000,323000
2010/05/04,0,10000,-2901000,-2891000
2010/05/05,0,109000,-9955000,-9846000
2010/05/06,0,526000,-4197000,-3671000
2010/05/07,0,63000,-17612200,-17549200
2010/05/10,0,625000,-1364000,-739000
2010/05/11,0,69000,-1123000,-1054000
2010/05/12,0,1002000,-2590000,-1588000
2010/05/13,0,2210000,-711000,1499000
2010/05/14,0,336000,-1124000,-788000
2010/05/17,0,264000,-7185000,-6921000
2010/05/18,0,170000,-138000,32000
2010/05/19,0,440000,-11113800,-10673800
2010/05/20,0,806000,-5374700,-4568700
2010/05/21,0,323000,-5253000,-4930000
2010/05/24,0,292000,-2509000,-2217000
2010/05/25,0,20000,-758000,-738000
2010/05/26,0,1074000,-3121000,-2047000
2010/05/27,0,2712000,-11097000,-8385000
2010/05/28,0,103000,-213000,-110000
2010/05/31,0,174000,-1489000,-1315000
2010/06/01,0,0,-1872000,-1872000
2010/06/02,0,836000,-1237000,-401000
2010/06/03,0,1191000,-695000,496000
2010/06/04,0,290000,-341000,-51000
2010/06/07,0,10000,-3783000,-3773000
2010/06/08,0,1000,-577000,-576000
2010/06/09,0,286000,-2212000,-1926000
2010/06/10,0,535000,-1412000,-877000
2010/06/11,0,371000,-696000,-325000
2010/06/14,0,637000,-165000,472000
2010/06/15,0,136000,-176000,-40000
2010/06/16,0,0,0,0
2010/06/17,0,2360000,-301000,2059000
2010/06/18,0,764000,-136000,628000
2010/06/21,0,6780000,-1701000,5079000
2010/06/22,0,172000,-210000,-38000
2010/06/23,0,340000,-1841000,-1501000
2010/06/24,0,221000,-309000,-88000
2010/06/25,0,40000,-272000,-232000
2010/06/28,0,140000,-1640000,-1500000
2010/06/29,0,2796000,-1723000,1073000
2010/06/30,0,0,-6049000,-6049000
2010/07/01,0,538000,-591000,-53000
2010/07/02,0,224000,-1364000,-1140000
2010/07/05,0,212000,-187000,25000
2010/07/06,0,264000,-1131000,-867000
2010/07/07,0,234000,-1295000,-1061000
2010/07/08,0,5279000,0,5279000
2010/07/09,0,1881000,-345000,1536000
2010/07/12,0,1005000,-240000,765000
2010/07/13,0,1648000,-1000,1647000
2010/07/14,0,9288000,-54000,9234000
2010/07/15,0,5552000,-2000,5550000
2010/07/16,0,3016000,-205000,2811000
2010/07/19,0,3998000,-403000,3595000
2010/07/20,0,3174000,-502000,2672000
2010/07/21,0,5276000,-218000,5058000
2010/07/22,0,879000,-123000,756000
2010/07/23,0,4964000,-117000,4847000
2010/07/26,0,7031000,-272000,6759000
2010/07/27,0,1841000,-246000,1595000
2010/07/28,0,6504000,-177000,6327000
2010/07/29,0,4794000,-207000,4587000
2010/07/30,0,1558000,-1653299,-95299
2010/08/02,0,2777299,-613000,2164299
2010/08/03,0,545000,-36000,509000
2010/08/04,0,692000,-79000,613000
2010/08/05,0,1388000,-10000,1378000
2010/08/06,0,7770000,-464000,7306000
2010/08/09,0,1800000,-143000,1657000
2010/08/10,0,113000,-901000,-788000
2010/08/11,0,10000,-135500,-125500
2010/08/12,0,104000,-342000,-238000
2010/08/13,0,186000,-574898,-388898
2010/08/16,0,105000,-21000,84000
2010/08/17,0,556000,-79000,477000
2010/08/18,0,101000,-358000,-257000
2010/08/19,0,1253000,-144000,1109000
2010/08/20,0,210000,-1011000,-801000
2010/08/23,0,1213000,-25000,1188000
2010/08/24,0,863000,-1431000,-568000
2010/08/25,0,4451000,-4164000,287000
2010/08/26,0,2769000,-1246000,1523000
2010/08/27,0,1298000,-951000,347000
2010/08/30,0,1446000,-2380000,-934000
2010/08/31,0,1121000,-4142000,-3021000
2010/09/01,0,457000,-3827000,-3370000
2010/09/02,0,2057000,-579000,1478000
2010/09/03,0,240000,-423000,-183000
2010/09/06,0,6331000,-964000,5367000
2010/09/07,0,0,-716800,-716800
2010/09/08,0,701000,-1226000,-525000
2010/09/09,0,239000,-1204000,-965000
2010/09/10,0,1405000,-553000,852000
2010/09/13,0,7563000,-950000,6613000
2010/09/14,0,6482000,-300000,6182000
2010/09/15,0,6182000,-1580000,4602000
2010/09/16,0,2292000,-218000,2074000
2010/09/17,0,8324000,-781000,7543000
2010/09/20,0,180000,-823000,-643000
2010/09/21,0,3950000,-1000,3949000
2010/09/22,0,0,0,0
2010/09/23,0,5989000,-57000,5932000
2010/09/24,0,784000,-1190000,-406000
2010/09/27,0,506000,-364000,142000
2010/09/28,0,2418000,-1815000,603000
2010/09/29,0,2361000,-1027000,1334000
2010/09/30,0,840000,-1274000,-434000
2010/10/01,0,118000,-501000,-383000
2010/10/04,0,30000,-1652000,-1622000
2010/10/05,0,680000,-2684000,-2004000
2010/10/06,0,9364100,-611000,8753100
2010/10/07,0,34000,-3572000,-3538000
2010/10/08,0,258000,-610000,-352000
2010/10/11,0,0,-486000,-486000
2010/10/12,0,489000,-5408000,-4919000
2010/10/13,0,0,-1370000,-1370000
2010/10/14,0,118000,-1127000,-1009000
2010/10/15,0,110000,-662000,-552000
2010/10/18,0,1803000,-11505000,-9702000
2010/10/19,0,0,-7934000,-7934000
2010/10/20,0,735000,-4754000,-4019000
2010/10/21,0,1015000,-5865000,-4850000
2010/10/22,0,58000,-4182000,-4124000
2010/10/25,0,3414000,-4982000,-1568000
2010/10/26,0,0,-2023000,-2023000
2010/10/27,0,180000,-402000,-222000
2010/10/28,0,219000,-60000,159000
2010/10/29,0,255000,-318000,-63000
2010/11/01,0,1123000,-23000,1100000
2010/11/02,0,1298000,-1190000,108000
2010/11/03,0,121000,-3874000,-3753000
2010/11/04,0,2343000,-90000,2253000
2010/11/05,0,1157000,-699000,458000
2010/11/08,0,0,-1597000,-1597000
2010/11/09,0,473000,-1000,472000
2010/11/10,0,327000,-4066000,-3739000
2010/11/11,0,246000,-696000,-450000
2010/11/12,0,1663000,-1312000,351000
2010/11/15,0,1079100,-100000,979100
2010/11/16,0,207000,-51000,156000
2010/11/17,0,500000,-1005000,-505000
2010/11/18,0,157000,-25000,132000
2010/11/19,0,170000,0,170000
2010/11/22,0,1951000,-345000,1606000
2010/11/23,0,105000,-184000,-79000
2010/11/24,0,90000,0,90000
2010/11/25,0,220000,-122000,98000
2010/11/26,0,159000,-633000,-474000
2010/11/29,0,0,-2596000,-2596000
2010/11/30,0,40000,-290000,-250000
2010/12/01,0,500000,-368000,132000
2010/12/02,0,124000,-370000,-246000
2010/12/03,0,681000,-100000,581000
2010/12/06,0,1386000,-116000,1270000
2010/12/07,0,1488000,-221000,1267000
2010/12/08,0,556000,-289000,267000
2010/12/09,0,3712000,-11000,3701000
2010/12/10,0,1664000,-170000,1494000
2010/12/13,0,3588000,-176000,3412000
2010/12/14,0,1714000,-868000,846000
2010/12/15,0,2722000,-211000,2511000
2010/12/16,0,4280000,-110000,4170000
2010/12/17,0,5730000,-459000,5271000
2010/12/20,0,2000,-517000,-515000
2010/12/21,0,708000,-503500,204500
2010/12/22,0,6069000,-144000,5925000
2010/12/23,0,6147000,-809000,5338000
2010/12/24,0,6194000,-100000,6094000
2010/12/27,0,2483000,-18000,2465000
2010/12/28,0,0,-209000,-209000
2010/12/29,0,5101000,-1000,5100000
2010/12/30,0,906000,-154000,752000
2010/12/31,0,5535000,-217000,5318000
2011/01/03,0,7584000,-631000,6953000
2011/01/04,0,327000,-1991000,-1664000
2011/01/05,0,58000,-9727000,-9669000
2011/01/06,0,166000,-189500,-23500
2011/01/07,0,334000,0,334000
2011/01/10,0,0,-277000,-277000
2011/01/11,0,4695000,-651000,4044000
2011/01/12,0,855000,-325000,530000
2011/01/13,0,626000,-665000,-39000
2011/01/14,0,2033000,-7000,2026000
2011/01/17,0,76000,-35000,41000
2011/01/18,0,1669000,-70000,1599000
2011/01/19,0,2675000,-170000,2505000
2011/01/20,0,531000,-358000,173000
2011/01/21,0,153000,-2341000,-2188000
2011/01/24,0,4000000,-1000,3999000
2011/01/25,0,12502000,-130000,12372000
2011/01/26,0,10099000,-7036000,3063000
2011/01/27,0,3554000,-5864000,-2310000
2011/01/28,0,7000,-206000,-199000
2011/01/31,0,0,0,0
2011/02/01,0,0,0,0
2011/02/02,0,0,0,0
2011/02/03,0,0,0,0
2011/02/04,0,0,0,0
2011/02/07,0,0,0,0
2011/02/08,0,5037000,-2200000,2837000
2011/02/09,0,1038000,-1240000,-202000
2011/02/10,0,121000,-9760000,-9639000
2011/02/11,0,212000,-27225000,-27013000
2011/02/14,0,52200,-2540000,-2487800
2011/02/15,0,7000,-961000,-954000
2011/02/16,0,341000,-6959000,-6618000
2011/02/17,0,130000,-533000,-403000
2011/02/18,0,430000,-162000,268000
2011/02/21,0,39000,-3756000,-3717000
2011/02/22,0,212000,-10300000,-10088000
2011/02/23,0,286000,-706000,-420000
2011/02/24,0,56000,-357000,-301000
2011/02/25,0,238100,0,238100
2011/02/28,0,0,0,0
2011/03/01,0,1265000,-167000,1098000
2011/03/02,0,25000,-843000,-818000
2011/03/03,0,5338000,-2836000,2502000
2011/03/04,0,60000,-51000,9000
2011/03/07,0,4950000,-75000,4875000
2011/03/08,0,1000,-242000,-241000
2011/03/09,0,4965000,-53000,4912000
2011/03/10,0,568100,-2017000,-1448900
2011/03/11,0,212000,-5640000,-5428000
2011/03/14,0,223000,-4965000,-4742000
2011/03/15,0,333100,-2035000,-1701900
2011/03/16,0,339000,-75000,264000
2011/03/17,0,211000,-57000,154000
2011/03/18,0,243000,-65000,178000
2011/03/21,0,542000,-5125000,-4583000
2011/03/22,0,817000,-84000,733000
2011/03/23,0,478000,-1395000,-917000
2011/03/24,0,573000,-100000,473000
2011/03/25,0,1995000,-549000,1446000
2011/03/28,0,400000,-293000,107000
2011/03/29,0,393000,-736000,-343000
2011/03/30,0,189000,-113000,76000
2011/03/31,0,161000,-663000,-502000
2011/04/01,0,456000,0,456000
2011/04/04,0,0,0,0
2011/04/05,0,0,0,0
2011/04/06,0,6340000,-484000,5856000
2011/04/07,0,2797000,-530000,2267000
2011/04/08,0,765000,-311000,454000
2011/04/11,0,4744000,-301000,4443000
2011/04/12,0,320000,-507000,-187000
2011/04/13,0,52000,0,52000
2011/04/14,0,656000,-111000,545000
2011/04/15,0,0,0,0
2011/04/18,0,89000,-57000,32000
2011/04/19,0,145200,-682000,-536800
2011/04/20,0,179000,-110000,69000
2011/04/21,0,9257000,-281000,8976000
2011/04/22,0,6866000,0,6866000
2011/04/25,0,11027000,-25000,11002000
2011/04/26,0,7542000,-325000,7217000
2011/04/27,0,37504000,-1452000,36052000
2011/04/28,0,17093000,-555000,16538000
2011/04/29,0,15208000,-1058000,14150000
2011/05/02,0,0,0,0
2011/05/03,0,814000,-336000,478000
2011/05/04,0,491000,-4811000,-4320000
2011/05/05,0,0,-2933000,-2933000
2011/05/06,0,258200,-5127000,-4868800
2011/05/09,0,4126000,-99000,4027000
2011/05/10,0,2740000,-300000,2440000
2011/05/11,0,2190000,-1916000,274000
2011/05/12,0,246000,-1511000,-1265000
2011/05/13,0,136000,-529000,-393000
2011/05/16,0,200000,-3028000,-2828000
2011/05/17,0,41000,-1157000,-1116000
2011/05/18,0,27000,-948000,-921000
2011/05/19,0,869300,-435000,434300
2011/05/20,0,7000,-1287000,-1280000
2011/05/23,0,543000,-14375000,-13832000
2011/05/24,0,451000,-4478000,-4027000
2011/05/25,0,171000,-11742000,-11571000
2011/05/26,0,1000,-2838000,-2837000
2011/05/27,0,200000,-1839000,-1639000
2011/05/30,0,19000,-1558000,-1539000
2011/05/31,0,1491000,-829000,662000
2011/06/01,0,15558000,-178000,15380000
2011/06/02,0,132000,-4362000,-4230000
2011/06/03,0,0,-650000,-650000
2011/06/06,0,0,0,0
2011/06/07,0,2221000,-1512000,709000
2011/06/08,0,2488000,-538000,1950000
2011/06/09,0,0,-790000,-790000
2011/06/10,0,11428000,-1466000,9962000
2011/06/13,0,52000,-1578000,-1526000
2011/06/14,0,309000,-68000,241000
2011/06/15,0,162000,-2720000,-2558000
2011/06/16,0,134000,-6922000,-6788000
2011/06/17,0,265000,-4707000,-4442000
2011/06/20,0,679000,-4132000,-3453000
2011/06/21,0,2623000,-5165000,-2542000
2011/06/22,0,106000,-1596000,-1490000
2011/06/23,0,384000,-2850000,-2466000
2011/06/24,0,1541000,-428000,1113000
2011/06/27,0,37000,-1320000,-1283000
2011/06/28,0,0,-454000,-454000
2011/06/29,0,1639000,-284000,1355000
2011/06/30,0,373000,-593000,-220000
2011/07/01,0,1261000,0,1261000
2011/07/04,0,3190000,-357000,2833000
2011/07/05,0,1320000,-1120000,200000
2011/07/06,0,1038000,-40000,998000
2011/07/07,0,1334000,-111000,1223000
2011/07/08,0,2542000,-280000,2262000
2011/07/11,0,112000,-992000,-880000
2011/07/12,0,486000,-1966000,-1480000
2011/07/13,0,582000,-938000,-356000
2011/07/14,0,662000,-3203000,-2541000
2011/07/15,0,1346000,-84000,1262000
2011/07/18,0,390000,-299000,91000
2011/07/19,0,5000,-468000,-463000
2011/07/20,0,863000,-160000,703000
2011/07/21,0,485000,-141000,344000
2011/07/22,0,4024000,-476000,3548000
2011/07/25,0,1429000,-675000,754000
2011/07/26,0,1320000,-30000,1290000
2011/07/27,0,35000,-260000,-225000
2011/07/28,0,3501000,-1099000,2402000
2011/07/29,0,293000,-322000,-29000
2011/08/01,0,358000,-619000,-261000
2011/08/02,0,71000,-2223000,-2152000
2011/08/03,0,996000,-1843000,-847000
2011/08/04,0,505000,-5939000,-5434000
2011/08/05,0,671000,-8600000,-7929000
2011/08/08,0,501200,-15462000,-14960800
2011/08/09,0,3539000,-29890000,-26351000
2011/08/10,0,295000,-3782000,-3487000
2011/08/11,0,751150,-1372000,-620850
2011/08/12,0,44020,-871000,-826980
2011/08/15,0,1000,-67000,-66000
2011/08/16,0,152000,-182000,-30000
2011/08/17,0,191000,-803000,-612000
2011/08/18,0,75000,-100000,-25000
2011/08/19,0,179000,-104000,75000
2011/08/22,0,1838000,-25000,1813000
2011/08/23,0,1833000,-746000,1087000
2011/08/24,0,624000,-2097000,-1473000
2011/08/25,0,324000,-61000,263000
2011/08/26,0,1522000,-290000,1232000
2011/08/29,0,3696000,-96000,3600000
2011/08/30,0,2000000,-4456000,-2456000
2011/08/31,0,399000,-510000,-111000
2011/09/01,0,2263000,-878000,1385000
2011/09/02,0,902000,-2457000,-1555000
2011/09/05,0,197000,-3672000,-3475000
2011/09/06,0,50300,-4152000,-4101700
2011/09/07,0,571000,-2371000,-1800000
2011/09/08,0,723000,-1254000,-531000
2011/09/09,0,1804000,-3058000,-1254000
2011/09/12,0,0,0,0
2011/09/13,0,1478000,-1192000,286000
2011/09/14,0,403150,-1696000,-1292850
2011/09/15,0,2993000,-555000,2438000
2011/09/16,0,9318000,-1090000,8228000
2011/09/19,0,3000,-2192000,-2189000
2011/09/20,0,158000,-1874000,-1716000
2011/09/21,0,149000,-877000,-728000
2011/09/22,0,48000,-10176000,-10128000
2011/09/23,0,858000,-1252000,-394000
2011/09/26,0,2547000,-2961000,-414000
2011/09/27,0,3687000,-2444000,1243000
2011/09/28,0,1598055,-761000,837055
2011/09/29,0,915000,-704000,211000
2011/09/30,0,22000,-989000,-967000
2011/10/03,0,856000,-6760000,-5904000
2011/10/04,0,3249060,-617000,2632060
2011/10/05,0,492200,-246000,246200
2011/10/06,0,2654200,-26000,2628200
2011/10/07,0,972000,-4000,968000
2011/10/10,0,0,0,0
2011/10/11,0,2915000,-20000,2895000
2011/10/12,0,359000,-49000,310000
2011/10/13,0,1266000,-549000,717000
2011/10/14,0,156000,-477000,-321000
2011/10/17,0,151000,-241000,-90000
2011/10/18,0,82000,-1720000,-1638000
2011/10/19,0,3004000,-4077000,-1073000
2011/10/20,0,13000,-2919000,-2906000
2011/10/21,0,37000,-1530000,-1493000
2011/10/24,0,2568000,-3010000,-442000
2011/10/25,0,289000,-151000,138000
2011/10/26,0,836000,-1223000,-387000
2011/10/27,0,2237000,-491000,1746000
2011/10/28,0,8788000,-1924000,6864000
2011/10/31,0,2467000,-275000,2192000
2011/11/01,0,55000,-124000,-69000
2011/11/02,0,543100,-907000,-363900
2011/11/03,0,2053000,-5342000,-3289000
2011/11/04,0,1239000,-57000,1182000
2011/11/07,0,271000,-41000,230000
2011/11/08,0,2721000,-9000,2712000
2011/11/09,0,605000,-44000,561000
2011/11/10,0,748000,-15570000,-14822000
2011/11/11,0,101000,-727000,-626000
2011/11/14,0,4475000,-75115,4399885
2011/11/15,0,678000,-1000,677000
2011/11/16,0,320000,-3844000,-3524000
2011/11/17,0,123000,-2463000,-2340000
2011/11/18,0,300000,-7458000,-7158000
2011/11/21,0,1098000,-4763000,-3665000
2011/11/22,0,264000,-1416000,-1152000
2011/11/23,0,383000,-11710000,-11327000
2011/11/24,0,458000,-8694000,-8236000
2011/11/25,0,101000,-8205000,-8104000
2011/11/28,0,202000,-67000,135000
2011/11/29,0,864000,-1155000,-291000
2011/11/30,0,858000,-295000,563000
2011/12/01,0,14738000,-587000,14151000
2011/12/02,0,1121000,-225000,896000
2011/12/05,0,595200,-407000,188200
2011/12/06,0,873000,-3868000,-2995000
2011/12/07,0,4055000,-157000,3898000
2011/12/08,0,1238000,-424000,814000
2011/12/09,0,297000,-2038000,-1741000
2011/12/12,0,252000,-100000,152000
2011/12/13,0,365000,-1295000,-930000
2011/12/14,0,101000,-233000,-132000
2011/12/15,0,237000,-3028000,-2791000
2011/12/16,0,200000,-339000,-139000
2011/12/19,0,1094000,-4158000,-3064000
2011/12/20,0,362000,-200000,162000
2011/12/21,0,246000,-260000,-14000
2011/12/22,0,216000,-241000,-25000
2011/12/23,0,1572000,-332000,1240000
2011/12/26,0,264000,-232000,32000
2011/12/27,0,244000,-346000,-102000
2011/12/28,0,1358000,-267000,1091000
2011/12/29,0,220000,-4270000,-4050000
2011/12/30,0,1274000,-674000,600000
2012/01/02,0,200000,-244000,-44000
2012/01/03,0,200000,-242000,-42000
2012/01/04,0,655000,-5374000,-4719000
2012/01/05,0,250000,-3045000,-2795000
2012/01/06,0,387000,-3156000,-2769000
2012/01/09,0,220000,-3665000,-3445000
2012/01/10,0,373000,-491520,-118520
2012/01/11,0,406000,-429000,-23000
2012/01/12,0,1735000,-601000,1134000
2012/01/13,0,1429000,-596000,833000
2012/01/16,0,575000,-517000,58000
2012/01/17,0,1218000,-399000,819000
2012/01/18,0,1921200,-2411000,-489800
2012/01/19,0,0,0,0
2012/01/20,0,0,0,0
2012/01/23,0,0,0,0
2012/01/24,0,0,0,0
2012/01/25,0,0,0,0
2012/01/26,0,0,0,0
2012/01/27,0,0,0,0
2012/01/30,0,18200100,-962000,17238100
2012/01/31,0,3249000,-453000,2796000
2012/02/01,0,204100,-1292000,-1087900
2012/02/02,0,1059000,-2190000,-1131000
2012/02/03,0,6426000,-896000,5530000
2012/02/06,0,1844200,-2562000,-717800
2012/02/07,0,8050000,-203000,7847000
2012/02/08,0,21063000,-556000,20507000
2012/02/09,0,3632000,-306000,3326000
2012/02/10,0,1910000,-1050000,860000
2012/02/13,0,17347000,-437000,16910000
2012/02/14,0,1993000,-363500,1629500
2012/02/15,0,15334000,-930000,14404000
2012/02/16,0,5743300,-384000,5359300
2012/02/17,0,14806000,-506000,14300000
2012/02/20,0,1653000,-545000,1108000
2012/02/21,0,1331000,-424000,907000
2012/02/22,0,6828000,-296000,6532000
2012/02/23,0,440000,-2388000,-1948000
2012/02/24,0,1524000,-474000,1050000
2012/02/27,0,0,0,0
2012/02/28,0,0,0,0
2012/02/29,0,9187000,-2308000,6879000
2012/03/01,0,6067000,-558000,5509000
2012/03/02,0,355000,-134000,221000
2012/03/05,0,634000,-1835000,-1201000
2012/03/06,0,980200,-374000,606200
2012/03/07,0,723000,-2304000,-1581000
2012/03/08,0,478000,-1971000,-1493000
2012/03/09,0,470000,-1990000,-1520000
2012/03/12,0,172000,-2843000,-2671000
2012/03/13,0,1310000,-3360000,-2050000
2012/03/14,0,3059000,-483000,2576000
2012/03/15,0,213000,-564000,-351000
2012/03/16,0,530100,-235000,295100
2012/03/19,0,700000,-2935000,-2235000
2012/03/20,0,133000,-340000,-207000
2012/03/21,0,30000,-2004000,-1974000
2012/03/22,0,1025000,-911000,114000
2012/03/23,0,639000,-730000,-91000
2012/03/26,0,440000,-4163000,-3723000
2012/03/27,0,485000,-1169000,-684000
2012/03/28,0,1060000,-2836000,-1776000
2012/03/29,0,201000,-382000,-181000
2012/03/30,0,2078000,-2008000,70000
2012/04/02,0,0,0,0
2012/04/03,0,83000,-289000,-206000
2012/04/04,0,0,0,0
2012/04/05,0,202000,-984000,-782000
2012/04/06,0,347010,-6795000,-6447990
2012/04/09,0,207000,-5906000,-5699000
2012/04/10,0,200000,-2175000,-1975000
2012/04/11,0,410000,-2609000,-2199000
2012/04/12,0,223000,-3317000,-3094000
2012/04/13,0,468000,-351000,117000
2012/04/16,0,2278000,-530000,1748000
2012/04/17,0,4866000,-10472000,-5606000
2012/04/18,0,1746000,-5043000,-3297000
2012/04/19,0,467000,-402000,65000
2012/04/20,0,311000,-2964000,-2653000
2012/04/23,0,255000,-600000,-345000
2012/04/24,0,273000,-201000,72000
2012/04/25,0,202000,-240000,-38000
2012/04/26,0,203000,-2414100,-2211100
2012/04/27,0,334000,-204000,130000
2012/04/30,0,235000,-4569000,-4334000
2012/05/01,0,0,0,0
2012/05/02,0,1416000,-585000,831000
2012/05/03,0,888000,-412000,476000
2012/05/04,0,253000,-4734000,-4481000
2012/05/07,0,233000,-14243000,-14010000
2012/05/08,0,312000,-4495000,-4183000
2012/05/09,0,750000,-8578000,-7828000
2012/05/10,0,267000,-784000,-517000
2012/05/11,0,603000,-8498000,-7895000
2012/05/14,0,203000,-249000,-46000
2012/05/15,0,403000,-865000,-462000
2012/05/16,0,215000,-3409000,-3194000
2012/05/17,0,200000,-252000,-52000
2012/05/18,0,231000,-8400000,-8169000
2012/05/21,0,205000,-1115000,-910000
2012/05/22,0,205000,-866000,-661000
2012/05/23,0,221000,-4850000,-4629000
2012/05/24,0,203000,-391000,-188000
2012/05/25,0,208000,-6605000,-6397000
2012/05/28,0,406000,-2642000,-2236000
2012/05/29,0,552000,-565000,-13000
2012/05/30,0,1192000,-1093000,99000
2012/05/31,0,415000,-950000,-535000
2012/06/01,0,405000,-725000,-320000
2012/06/04,0,14000,-2550000,-2536000
2012/06/05,0,559000,0,559000
2012/06/06,0,222000,-270000,-48000
2012/06/07,0,12000,-280000,-268000
2012/06/08,0,263000,-8396000,-8133000
2012/06/11,0,1000000,-200000,800000
2012/06/12,0,505000,-600000,-95000
2012/06/13,0,91000,-381000,-290000
2012/06/14,0,201000,-318000,-117000
2012/06/15,0,320000,-435000,-115000
2012/06/18,0,771100,-222000,549100
2012/06/19,0,487000,-3803000,-3316000
2012/06/20,0,2978000,-2022000,956000
2012/06/21,0,23000,0,23000
2012/06/22,0,6000,-11000,-5000
2012/06/25,0,5000,-961000,-956000
2012/06/26,0,955000,-4304000,-3349000
2012/06/27,0,241000,-161000,80000
2012/06/28,0,350,-434000,-433650
2012/06/29,0,1372000,-1000,1371000
2012/07/02,0,1490000,-223000,1267000
2012/07/03,0,1263100,-20000,1243100
2012/07/04,0,844000,-30000,814000
2012/07/05,0,349000,-70000,279000
2012/07/06,0,220000,-35000,185000
2012/07/09,0,95000,-1000,94000
2012/07/10,0,10000,0,10000
2012/07/11,0,0,-43000,-43000
2012/07/12,0,3000,-2289000,-2286000
2012/07/13,0,2000,-95000,-93000
2012/07/16,0,0,-223000,-223000
2012/07/17,0,892000,-477000,415000
2012/07/18,0,538000,-433000,105000
2012/07/19,0,432000,-286000,146000
2012/07/20,0,315000,-305000,10000
2012/07/23,0,207000,-2604000,-2397000
2012/07/24,0,302000,-1771000,-1469000
2012/07/25,0,1226000,-578000,648000
2012/07/26,0,311000,-447000,-136000
2012/07/27,0,708000,-360000,348000
2012/07/30,0,575000,-504000,71000
2012/07/31,0,1130000,-503000,627000
2012/08/01,0,1500000,-432000,1068000
2012/08/02,0,0,0,0
2012/08/03,0,1149000,-203000,946000
2012/08/06,0,1408000,-312000,1096000
2012/08/07,0,1357000,-300000,1057000
2012/08/08,0,2299000,-316000,1983000
2012/08/09,0,7440000,-472000,6968000
2012/08/10,0,1669000,-1237000,432000
2012/08/13,0,8368000,-1254000,7114000
2012/08/14,0,10111000,-404000,9707000
2012/08/15,0,6678000,-200000,6478000
2012/08/16,0,3212000,-1364000,1848000
2012/08/17,0,1310000,-740000,570000
2012/08/20,0,4270000,-420000,3850000
2012/08/21,0,16635000,-537000,16098000
2012/08/22,0,1137000,-328000,809000
2012/08/23,0,2665000,-343000,2322000
2012/08/24,0,4529000,-526000,4003000
2012/08/27,0,2692000,-200000,2492000
2012/08/28,0,621000,-385000,236000
2012/08/29,0,535000,-382000,153000
2012/08/30,0,1132000,-2060000,-928000
2012/08/31,0,801000,-406000,395000
2012/09/03,0,1140000,-115000,1025000
2012/09/04,0,1679000,-300000,1379000
2012/09/05,0,400000,-878000,-478000
2012/09/06,0,443000,-679000,-236000
2012/09/07,0,681100,-170000,511100
2012/09/10,0,1009000,-400000,609000
2012/09/11,0,1739000,-406000,1333000
2012/09/12,0,9410000,-517000,8893000
2012/09/13,0,1262000,-360000,902000
2012/09/14,0,18303000,-205000,18098000
2012/09/17,0,4312000,-377000,3935000
2012/09/18,0,844000,-368000,476000
2012/09/19,0,12377000,-33000,12344000
2012/09/20,0,4073000,-402000,3671000
2012/09/21,0,4943000,-265000,4678000
2012/09/24,0,2729000,-795000,1934000
2012/09/25,0,3480000,-455000,3025000
2012/09/26,0,989000,-604000,385000
2012/09/27,0,2416000,-470000,1946000
2012/09/28,0,1348000,-194000,1154000
2012/10/01,0,61000,-300000,-239000
2012/10/02,0,1225000,-454000,771000
2012/10/03,0,751000,-400000,351000
2012/10/04,0,1170000,-301000,869000
2012/10/05,0,200000,-210000,-10000
2012/10/08,0,496000,-2130000,-1634000
2012/10/09,0,404000,-357000,47000
2012/10/10,0,0,0,0
2012/10/11,0,1703150,-2253000,-549850
2012/10/12,0,202000,-1668000,-1466000
2012/10/15,0,200000,-286000,-86000
2012/10/16,0,620000,-3455000,-2835000
2012/10/17,0,652060,-8848000,-8195940
2012/10/18,0,0,-4112000,-4112000
2012/10/19,0,1487000,-11305000,-9818000
2012/10/22,0,1735000,-5628000,-3893000
2012/10/23,0,465000,-5975000,-5510000
2012/10/24,0,2205000,-2391000,-186000
2012/10/25,0,1659000,-12806000,-11147000
2012/10/26,0,807000,-13746000,-12939000
2012/10/29,0,1114000,-7099000,-5985000
2012/10/30,0,432000,-4935000,-4503000
2012/10/31,0,907000,-2389000,-1482000
2012/11/01,0,576000,-8567000,-7991000
2012/11/02,0,563000,-453000,110000
2012/11/05,0,468000,-1456000,-988000
2012/11/06,0,794000,-4565000,-3771000
2012/11/07,0,730000,-1916000,-1186000
2012/11/08,0,1150000,-2643000,-1493000
2012/11/09,0,646000,-2139000,-1493000
2012/11/12,0,1833244,-324000,1509244
2012/11/13,0,151000,-767000,-616000
2012/11/14,0,521190,-1280000,-758810
2012/11/15,0,318566,-1613000,-1294434
2012/11/16,0,300000,-3859000,-3559000
2012/11/19,0,330000,-301000,29000
2012/11/20,0,1652000,-257000,1395000
2012/11/21,0,1589000,-5515000,-3926000
2012/11/22,0,1065000,-681000,384000
2012/11/23,0,2362000,-290000,2072000
2012/11/26,0,3736000,-2461000,1275000
2012/11/27,0,1496000,-433000,1063000
2012/11/28,0,410000,-402000,8000
2012/11/29,0,5195000,-1850300,3344700
2012/11/30,0,19575000,-1642000,17933000
2012/12/03,0,4171000,-1256000,2915000
2012/12/04,0,634000,-325000,309000
2012/12/05,0,2104000,-478000,1626000
2012/12/06,0,3174000,-21000,3153000
2012/12/07,0,9085000,-221000,8864000
2012/12/10,0,2574000,-402000,2172000
2012/12/11,0,1925000,-400200,1524800
2012/12/12,0,9787000,-950000,8837000
2012/12/13,0,12073000,-439000,11634000
2012/12/14,0,5181000,-557000,4624000
2012/12/17,0,516000,-700000,-184000
2012/12/18,0,3555000,-413000,3142000
2012/12/19,0,1592000,-500000,1092000
2012/12/20,0,726000,-301000,425000
2012/12/21,0,618000,-770000,-152000
2012/12/24,0,400000,-901000,-501000
2012/12/25,0,2557000,-516000,2041000
2012/12/26,0,11890000,-516000,11374000
2012/12/27,0,3451000,-1590000,1861000
2012/12/28,0,14979000,-827000,14152000
2012/12/31,0,0,0,0
2013/01/01,0,0,0,0
2013/01/02,0,8025000,-443000,7582000
2013/01/03,0,2925000,-3590000,-665000
2013/01/04,0,245000,-866000,-621000
2013/01/07,0,675000,-979000,-304000
2013/01/08,0,2000000,-3515000,-1515000
2013/01/09,0,513000,-845000,-332000
2013/01/10,0,1079000,-431000,648000
2013/01/11,0,6770000,-205000,6565000
2013/01/14,0,319000,-466000,-147000
2013/01/15,0,240100,-339000,-98900
2013/01/16,0,250000,-2441000,-2191000
2013/01/17,0,415000,-856000,-441000
2013/01/18,0,310000,-238000,72000
2013/01/21,0,318000,-123000,195000
2013/01/22,0,867000,-399000,468000
2013/01/23,0,1270000,-243000,1027000
2013/01/24,0,1024000,-629000,395000
2013/01/25,0,1200200,-1829000,-628800
2013/01/28,0,772000,-101000,671000
2013/01/29,0,2749000,-523000,2226000
2013/01/30,0,11031000,-3088000,7943000
2013/01/31,0,3166000,-1456000,1710000
2013/02/01,0,2819300,-271000,2548300
2013/02/04,0,16795300,-6094000,10701300
2013/02/05,0,6367000,-878000,5489000
2013/02/06,0,5812200,-886000,4926200
2013/02/07,0,0,0,0
2013/02/08,0,0,0,0
2013/02/11,0,0,0,0
2013/02/12,0,0,0,0
2013/02/13,0,0,0,0
2013/02/14,0,0,0,0
2013/02/15,0,0,0,0
2013/02/18,0,2168000,-1603000,565000
2013/02/19,0,3674000,0,3674000
2013/02/20,0,2473000,-783000,1690000
2013/02/21,0,1950000,-52000,1898000
2013/02/22,0,923000,-474000,449000
2013/02/25,0,772000,-530400,241600
2013/02/26,0,163000,-290000,-127000
2013/02/27,0,583000,-141000,442000
2013/02/28,0,0,0,0
2013/03/01,0,109000,-323000,-214000
2013/03/04,0,862000,-3321000,-2459000
2013/03/05,0,1362000,-925000,437000
2013/03/06,0,1158000,-49000,1109000
2013/03/07,0,1000,-275000,-274000
2013/03/08,0,518000,-1500000,-982000
2013/03/11,0,3079000,-328000,2751000
2013/03/12,0,1687000,-87000,1600000
2013/03/13,0,549000,-1242000,-693000
2013/03/14,0,1426000,-4243000,-2817000
2013/03/15,0,3000000,-1025000,1975000
2013/03/18,0,97000,-3090000,-2993000
2013/03/19,0,1000,-960000,-959000
2013/03/20,0,202000,-3337000,-3135000
2013/03/21,0,2000,-2369000,-2367000
2013/03/22,0,6000,-5068000,-5062000
2013/03/25,0,149000,-41000,108000
2013/03/26,0,200000,-763000,-563000
2013/03/27,0,0,-2778000,-2778000
2013/03/28,0,1000,-1191000,-1190000
2013/03/29,0,210000,-202000,8000
2013/04/01,0,300000,-310000,-10000
2013/04/02,0,265000,-77000,188000
2013/04/03,0,133000,-305000,-172000
2013/04/04,0,0,0,0
2013/04/05,0,0,0,0
2013/04/08,0,40000,-10535000,-10495000
2013/04/09,0,0,-4008000,-4008000
2013/04/10,0,1000,-487000,-486000
2013/04/11,0,106000,-440000,-334000
2013/04/12,0,250000,-25000,225000
2013/04/15,0,450000,-677000,-227000
2013/04/16,0,402000,-1657000,-1255000
2013/04/17,0,300000,0,300000
2013/04/18,0,449000,-611000,-162000
2013/04/19,0,5486000,-391000,5095000
2013/04/22,0,4752000,-2883000,1869000
2013/04/23,0,1261000,-100000,1161000
2013/04/24,0,7915000,-727000,7188000
2013/04/25,0,10742000,-202000,10540000
2013/04/26,0,7536000,-355000,7181000
2013/04/29,0,3969000,-280000,3689000
2013/04/30,0,7003000,-686000,6317000
2013/05/01,0,0,0,0
2013/05/02,0,6661000,-109000,6552000
2013/05/03,0,3476000,-740000,2736000
2013/05/06,0,3194000,-1103000,2091000
2013/05/07,0,10737000,-555700,10181300
2013/05/08,0,13721000,-3608000,10113000
2013/05/09,0,12545000,-704100,11840900
2013/05/10,0,5479000,-282000,5197000
2013/05/13,0,3474000,-200000,3274000
2013/05/14,0,9135000,-769000,8366000
2013/05/15,0,3098050,-81000,3017050
2013/05/16,0,11961000,-6421000,5540000
2013/05/17,0,3268000,-146000,3122000
2013/05/20,0,3046000,-131000,2915000
2013/05/21,0,2302000,-604000,1698000
2013/05/22,0,3212000,-10000,3202000
2013/05/23,0,3036000,-1624000,1412000
2013/05/24,0,198000,-591000,-393000
2013/05/27,0,25000,-100000,-75000
2013/05/28,0,150000,-133000,17000
2013/05/29,0,1951000,-154000,1797000
2013/05/30,0,1000,-133000,-132000
2013/05/31,0,570000,-514000,56000
2013/06/03,0,211000,-1271000,-1060000
2013/06/04,0,1000,-1583000,-1582000
2013/06/05,0,200000,-743000,-543000
2013/06/06,0,378000,-5732000,-5354000
2013/06/07,0,358000,-4260000,-3902000
2013/06/10,0,506000,-776000,-270000
2013/06/11,0,200000,-1940000,-1740000
2013/06/12,0,0,0,0
2013/06/13,0,984000,-23836000,-22852000
2013/06/14,0,300000,-10114000,-9814000
2013/06/17,0,151000,-3197000,-3046000
2013/06/18,0,4000,-5461000,-5457000
2013/06/19,0,0,-2191000,-2191000
2013/06/20,0,1403000,-19546000,-18143000
2013/06/21,0,1009000,-27845000,-26836000
2013/06/24,0,641000,-14387000,-13746000
2013/06/25,0,50000,-3959000,-3909000
2013/06/26,0,5000,-1475000,-1470000
2013/06/27,0,169000,-10810000,-10641000
2013/06/28,0,2832000,-1472000,1360000
2013/07/01,0,529000,-877000,-348000
2013/07/02,0,261000,-864000,-603000
2013/07/03,0,48000,-369000,-321000
2013/07/04,0,330000,-395000,-65000
2013/07/05,0,6680000,-467000,6213000
2013/07/08,0,227000,-125000,102000
2013/07/09,0,1422000,-617000,805000
2013/07/10,0,3811000,-254000,3557000
2013/07/11,0,11165000,-349000,10816000
2013/07/12,0,5767000,0,5767000
2013/07/15,0,3801000,-295000,3506000
2013/07/16,0,2072000,-976000,1096000
2013/07/17,0,7846000,0,7846000
2013/07/18,0,6368000,-241000,6127000
2013/07/19,0,2185050,-3149000,-963950
2013/07/22,0,200000,-113000,87000
2013/07/23,0,526000,-302000,224000
2013/07/24,0,463000,-202000,261000
2013/07/25,0,264000,-215000,49000
2013/07/26,0,490000,-201000,289000
2013/07/29,0,776000,-288000,488000
2013/07/30,0,379000,-448000,-69000
2013/07/31,0,310000,-224000,86000
2013/08/01,0,355000,-3663000,-3308000
2013/08/02,0,200000,-200000,0
2013/08/05,0,288000,-505000,-217000
2013/08/06,0,243000,-9845000,-9602000
2013/08/07,0,202000,-10030000,-9828000
2013/08/08,0,202000,-18950000,-18748000
2013/08/09,0,219000,-10219000,-10000000
2013/08/12,0,1027000,-4603000,-3576000
2013/08/13,0,628000,-748000,-120000
2013/08/14,0,250000,-3784000,-3534000
2013/08/15,0,601000,-7929000,-7328000
2013/08/16,0,5499000,-2458000,3041000
2013/08/19,0,470000,-232000,238000
2013/08/20,0,2246000,-9393000,-7147000
2013/08/21,0,0,0,0
2013/08/22,0,526000,-16138000,-15612000
2013/08/23,0,200000,-1470000,-1270000
2013/08/26,0,200000,-1174000,-974000
2013/08/27,0,200000,-2266000,-2066000
2013/08/28,0,203000,-986000,-783000
2013/08/29,0,346000,-719000,-373000
2013/08/30,0,973000,-353000,620000
2013/09/02,0,6600000,-211000,6389000
2013/09/03,0,17439000,-351000,17088000
2013/09/04,0,1968000,-200000,1768000
2013/09/05,0,12015000,-210000,11805000
2013/09/06,0,18071000,-701000,17370000
2013/09/09,0,11215000,-303000,10912000
2013/09/10,0,16464000,-599000,15865000
2013/09/11,0,8196000,-531000,7665000
2013/09/12,0,6417000,-201000,6216000
2013/09/13,0,1586000,-264000,1322000
2013/09/16,0,6780000,-218000,6562000
2013/09/17,0,1287000,-197000,1090000
2013/09/18,0,9334000,0,9334000
2013/09/19,0,0,0,0
2013/09/20,0,0,0,0
2013/09/23,0,6233000,-205000,6028000
2013/09/24,0,5963000,-201000,5762000
2013/09/25,0,805000,-741000,64000
2013/09/26,0,894000,-489000,405000
2013/09/27,0,2110000,-185000,1925000
2013/09/30,0,200000,-3523000,-3323000
2013/10/01,0,6000,-9454000,-9448000
2013/10/02,0,101000,-4928000,-4827000
2013/10/03,0,415000,-488000,-73000
2013/10/04,0,1233000,-28000,1205000
2013/10/07,0,10000,-190000,-180000
2013/10/08,0,606000,-222000,384000
2013/10/09,0,1350000,-128000,1222000
2013/10/10,0,0,0,0
2013/10/11,0,3236000,-275000,2961000
2013/10/14,0,373000,-139000,234000
2013/10/15,0,1013000,-168000,845000
2013/10/16,0,1060000,-61000,999000
2013/10/17,0,1528000,-840000,688000
2013/10/18,0,6203000,-333000,5870000
2013/10/21,0,2335000,-2289922,45078
2013/10/22,0,634000,-458000,176000
2013/10/23,0,2241000,-845000,1396000
2013/10/24,0,499000,-92000,407000
2013/10/25,0,207000,-449000,-242000
2013/10/28,0,1833000,-30000,1803000
2013/10/29,0,608000,-999,607001
2013/10/30,0,30000,-215847,-185847
2013/10/31,0,161000,-274000,-113000
2013/11/01,0,700000,-470000,230000
2013/11/04,0,205000,-1434000,-1229000
2013/11/05,0,400000,-335000,65000
2013/11/06,0,0,-653000,-653000
2013/11/07,0,0,-1351000,-1351000
2013/11/08,0,230000,-1082000,-852000
2013/11/11,0,3000,-1475000,-1472000
2013/11/12,0,170000,-1568000,-1398000
2013/11/13,0,153000,-7636500,-7483500
2013/11/14,0,1403000,-9556000,-8153000
2013/11/15,0,260000,-5079000,-4819000
2013/11/18,0,204000,-834000,-630000
2013/11/19,0,365000,-126000,239000
2013/11/20,0,768000,-3144000,-2376000
2013/11/21,0,490000,-19737000,-19247000
2013/11/22,0,1000,-1011000,-1010000
2013/11/25,0,169000,-3359231,-3190231
2013/11/26,0,742000,0,742000
2013/11/27,0,515000,0,515000
2013/11/28,0,1672000,-52000,1620000
2013/11/29,0,356000,-4000,352000
2013/12/02,0,2630000,-89000,2541000
2013/12/03,0,2789000,-19830,2769170
2013/12/04,0,3429000,-98000,3331000
2013/12/05,0,2626000,-30000,2596000
2013/12/06,0,1762000,0,1762000
2013/12/09,0,4921000,-79000,4842000
2013/12/10,0,4242000,-1000,4241000
2013/12/11,0,5777000,-122000,5655000
2013/12/12,0,916000,0,916000
2013/12/13,0,190000,-1000,189000
2013/12/16,0,26000,-325000,-299000
2013/12/17,0,915100,-1000,914100
2013/12/18,0,180000,-85000,95000
2013/12/19,0,400000,-242000,158000
2013/12/20,0,68000,0,68000
2013/12/23,0,493000,-302000,191000
2013/12/24,0,655000,0,655000
2013/12/25,0,234000,0,234000
2013/12/26,0,339000,-16000,323000
2013/12/27,0,5924000,-211000,5713000
2013/12/30,0,3793000,-1484000,2309000
2013/12/31,0,4210000,-420000,3790000
2014/01/02,0,4115000,-30000,4085000
2014/01/03,0,916000,-480000,436000
2014/01/06,0,1614000,-401000,1213000
2014/01/07,0,1023000,-22000,1001000
2014/01/08,0,1148000,-50000,1098000
2014/01/09,0,215000,-323000,-108000
2014/01/10,0,1241000,-426000,815000
2014/01/13,0,1430000,-728000,702000
2014/01/14,0,418000,-442000,-24000
2014/01/15,0,2946000,-90000,2856000
2014/01/16,0,6417000,0,6417000
2014/01/17,0,3287000,-161000,3126000
2014/01/20,0,3420000,-2000,3418000
2014/01/21,0,4872000,-29000,4843000
2014/01/22,0,4848000,-1000,4847000
2014/01/23,0,3059000,-56000,3003000
2014/01/24,0,6939000,0,6939000
2014/01/27,0,1726000,-6722000,-4996000
2014/02/05,0,903000,-33960000,-33057000
2014/02/06,0,7000,-5365000,-5358000
2014/02/07,0,1717000,-1677000,40000
2014/02/10,0,138200,-879000,-740800
2014/02/11,0,0,0,0
2014/02/12,0,10000000,-1185000,8815000
2014/02/13,0,5077000,-200000,4877000
2014/02/14,0,14093000,-763000,13330000
2014/02/17,0,13309000,-200000,13109000
2014/02/18,0,7766000,-1079000,6687000
2014/02/19,0,7555000,-308000,7247000
2014/02/20,0,4077000,-222000,3855000
2014/02/21,0,9925000,-202000,9723000
2014/02/24,0,2618000,0,2618000
2014/02/25,0,5620000,-204000,5416000
2014/02/26,0,5251000,-401000,4850000
2014/02/27,0,932000,-223000,709000
2014/03/03,0,1250000,-543000,707000
2014/03/04,0,1271000,-204000,1067000
2014/03/05,0,1810000,-253000,1557000
2014/03/06,0,16515000,-507000,16008000
2014/03/07,0,22872000,-556000,22316000
2014/03/10,0,2730000,-100000,2630000
2014/03/11,0,2366000,-200000,2166000
2014/03/12,0,621000,-220000,401000
2014/03/13,0,15068000,-321000,14747000
2014/03/14,0,3108000,-120000,2988000
2014/03/17,0,1814000,-2122000,-308000
2014/03/18,0,3768000,-1672000,2096000
2014/03/19,0,2715000,-928000,1787000
2014/03/20,0,3081000,-6951000,-3870000
2014/03/21,0,124000,-805000,-681000
2014/03/24,0,975000,-3636000,-2661000
2014/03/25,0,596000,-426000,170000
2014/03/26,0,4413000,-207000,4206000
2014/03/27,0,7492000,-200000,7292000
2014/03/28,0,14716000,-10000,14706000
2014/03/31,0,12206000,-920000,11286000
2014/04/01,0,19044000,-5006000,14038000
2014/04/02,0,11696000,-60000,11636000
2014/04/03,0,6953000,-216000,6737000
2014/04/07,0,8088000,-2299000,5789000
2014/04/08,0,10823000,-400000,10423000
2014/04/09,0,7997000,-3027000,4970000
2014/04/10,0,10402000,-76000,10326000
2014/04/11,0,11808000,-2000,11806000
2014/04/14,0,9747000,-917000,8830000
2014/04/15,0,8254000,-74000,8180000
2014/04/16,0,1270000,-97000,1173000
2014/04/17,0,481000,-7000,474000
2014/04/18,0,1303000,-61000,1242000
2014/04/21,0,1126000,0,1126000
2014/04/22,0,5502000,-1190000,4312000
2014/04/23,0,1177000,-212000,965000
2014/04/24,0,2268000,-120000,2148000
2014/04/25,0,8523000,-11923000,-3400000
2014/04/28,0,1283000,-796000,487000
2014/04/29,0,1701000,-1816000,-115000
2014/04/30,0,950000,-562000,388000
2014/05/02,0,3888000,-2056000,1832000
2014/05/05,0,351000,-3214000,-2863000
2014/05/06,0,2965000,-200000,2765000
2014/05/07,0,1555000,-76000,1479000
2014/05/08,0,764000,-259000,505000
2014/05/09,0,324000,-210000,114000
2014/05/12,0,158000,-467000,-309000
2014/05/13,0,1332000,-111000,1221000
2014/05/14,0,4609000,-85000,4524000
2014/05/15,0,4286000,-100000,4186000
2014/05/16,0,2587000,-373000,2214000
2014/05/19,0,3631000,-109000,3522000
2014/05/20,0,6011000,-315000,5696000
2014/05/21,0,3918000,-218000,3700000
2014/05/22,0,9146000,-117000,9029000
2014/05/23,0,5587000,-333000,5254000
2014/05/26,0,3703000,-2248000,1455000
2014/05/27,0,6160000,-280000,5880000
2014/05/28,0,7661000,-1591000,6070000
2014/05/29,0,5518000,-217000,5301000
2014/05/30,0,2387000,-110000,2277000
2014/06/03,0,857000,-945000,-88000
2014/06/04,0,1069000,-113000,956000
2014/06/05,0,100000,-37000,63000
2014/06/06,0,376000,-262010,113990
2014/06/09,0,2706000,-8000,2698000
2014/06/10,0,3785000,-2176000,1609000
2014/06/11,0,1443000,-43000,1400000
2014/06/12,0,1287000,-1068000,219000
2014/06/13,0,1200156,-525000,675156
2014/06/16,0,1611000,-237000,1374000
2014/06/17,0,1785000,-77000,1708000
2014/06/18,0,3287000,-1238000,2049000
2014/06/19,0,6368000,-669000,5699000
2014/06/20,0,510100,-563000,-52900
2014/06/23,0,9222000,-9412000,-190000
2014/06/24,0,2212000,-251000,1961000
2014/06/25,0,4048000,-425000,3623000
2014/06/26,0,2353000,-791000,1562000
2014/06/27,0,1041000,-120000,921000
2014/06/30,0,2958000,-264000,2694000
2014/07/01,0,1716000,-673000,1043000
2014/07/02,0,564000,-358000,206000
2014/07/03,0,3174000,-186000,2988000
2014/07/04,0,4615000,-800000,3815000
2014/07/07,0,852000,-856000,-4000
2014/07/08,0,974000,-116000,858000
2014/07/09,0,677000,-114000,563000
2014/07/10,0,552000,-1113000,-561000
2014/07/11,0,751000,-2113000,-1362000
2014/07/14,0,415145,-315000,100145
2014/07/15,0,390000,-273000,117000
2014/07/16,0,846000,-1431000,-585000
2014/07/17,0,1811000,-1841000,-30000
2014/07/18,0,1811000,-79000,1732000
2014/07/21,0,843000,-1740000,-897000
2014/07/22,0,1740000,-297000,1443000
2014/07/23,0,0,0,0
2014/07/24,0,920000,-106000,814000
2014/07/25,0,600000,-1423000,-823000
2014/07/28,0,41000,-1326000,-1285000
2014/07/29,0,34000,-1552000,-1518000
2014/07/30,0,214000,-590000,-376000
2014/07/31,0,22000,-3107000,-3085000
2014/08/01,0,0,-6288000,-6288000
2014/08/04,0,264000,-1215000,-951000
2014/08/05,0,1682000,-8595000,-6913000
2014/08/06,0,300000,-204000,96000
2014/08/07,0,0,-338000,-338000
2014/08/08,0,3660000,-7517000,-3857000
2014/08/11,0,165000,-710000,-545000
2014/08/12,0,193000,-392000,-199000
2014/08/13,0,184150,-100000,84150
2014/08/14,0,1844000,-103000,1741000
2014/08/15,0,1490000,-9000,1481000
2014/08/18,0,302000,-100000,202000
2014/08/19,0,767000,-630000,137000
2014/08/20,0,2004000,-3570000,-1566000
2014/08/21,0,746000,-312000,434000
2014/08/22,0,834000,-314000,520000
2014/08/25,0,802000,-180000,622000
2014/08/26,0,259000,-103000,156000
2014/08/27,0,4464000,-144000,4320000
2014/08/28,0,1881000,-103000,1778000
2014/08/29,0,408000,-103000,305000
2014/09/01,0,2266000,-295000,1971000
2014/09/02,0,5765000,-8866000,-3101000
2014/09/03,0,1053000,-103000,950000
2014/09/04,0,777000,-114000,663000
2014/09/05,0,498000,-219000,279000
2014/09/09,0,937000,-572000,365000
2014/09/10,0,505000,-12409000,-11904000
2014/09/11,0,165000,-3816200,-3651200
2014/09/12,0,100000,-12785000,-12685000
2014/09/15,0,1403000,-8797000,-7394000
2014/09/16,0,200500,-12612000,-12411500
2014/09/17,0,190000,-8767000,-8577000
2014/09/18,0,401000,-8937000,-8536000
2014/09/19,0,341147,-6671000,-6329853
2014/09/22,0,449000,-16286000,-15837000
2014/09/23,0,100000,-7399000,-7299000
2014/09/24,0,105000,-16319000,-16214000
2014/09/25,0,11000,-13447000,-13436000
2014/09/26,0,113000,-12293000,-12180000
2014/09/29,0,525000,-9889000,-9364000
2014/09/30,0,40000,-10560000,-10520000
2014/10/01,0,174000,-4157000,-3983000
2014/10/02,0,285000,-4017000,-3732000
2014/10/03,0,3513000,-5798000,-2285000
2014/10/06,0,471000,-2543000,-2072000
2014/10/07,0,484000,-6101000,-5617000
2014/10/08,0,100000,-1838000,-1738000
2014/10/09,0,201152,-3420000,-3218848
2014/10/13,0,714000,-2166000,-1452000
2014/10/14,0,305000,-1723000,-1418000
2014/10/15,0,380000,-5485000,-5105000
2014/10/16,0,16160,-10818000,-10801840
2014/10/17,0,6000,-5457000,-5451000
2014/10/20,0,1781000,-1768000,13000
2014/10/21,0,723000,-2080000,-1357000
2014/10/22,0,3055000,-104000,2951000
2014/10/23,0,88000,-706000,-618000
2014/10/24,0,3511000,-5890000,-2379000
2014/10/27,0,14000,-2441000,-2427000
2014/10/28,0,1298000,-434000,864000
2014/10/29,0,3998000,-1069000,2929000
2014/10/30,0,627000,-2911000,-2284000
2014/10/31,0,13000,-2171000,-2158000
2014/11/03,0,1275000,-22000,1253000
2014/11/04,0,4317000,-139000,4178000
2014/11/05,0,457000,0,457000
2014/11/06,0,10420000,-460000,9960000
2014/11/07,0,460000,-4547000,-4087000
2014/11/10,0,6841000,-205000,6636000
2014/11/11,0,3444000,-141000,3303000
2014/11/12,0,1388000,-5966000,-4578000
2014/11/13,0,1309000,-456000,853000
2014/11/14,0,613000,-3107000,-2494000
2014/11/17,0,125000,-7863000,-7738000
2014/11/18,0,1000,-1751000,-1750000
2014/11/19,0,4935000,-1390000,3545000
2014/11/20,0,5593000,-59000,5534000
2014/11/21,0,5519000,0,5519000
2014/11/24,0,7945000,-469690,7475310
2014/11/25,0,6476000,-781000,5695000
2014/11/26,0,2354000,-24000,2330000
2014/11/27,0,6994000,-24000,6970000
2014/11/28,0,2562148,-51000,2511148
2014/12/01,0,556000,-3775000,-3219000
2014/12/02,0,414000,-3486000,-3072000
2014/12/03,0,302000,-1159000,-857000
2014/12/04,0,4787000,-130720,4656280
2014/12/05,0,274000,-93000,181000
2014/12/08,0,1025000,-93000,932000
2014/12/09,0,402000,-227000,175000
2014/12/10,0,13000,-1094000,-1081000
2014/12/11,0,61153,-904000,-842847
2014/12/12,0,21000,-1459000,-1438000
2014/12/15,0,2000,-5196000,-5194000
2014/12/16,0,1105100,-7834000,-6728900
2014/12/17,0,1222000,-11921000,-10699000
2014/12/18,0,1220100,-3638000,-2417900
2014/12/19,0,562000,-753000,-191000
2014/12/22,0,941000,-286000,655000
2014/12/23,0,92000,-328000,-236000
2014/12/24,0,934000,-223000,711000
2014/12/25,0,120000,-96000,24000
2014/12/26,0,15035000,-16041000,-1006000
2014/12/29,0,262000,0,262000
2014/12/30,0,1476000,0,1476000
2014/12/31,0,1630000,-700,1629300
2015/01/01,0,0,0,0
2015/01/02,0,0,0,0
2015/01/05,0,2225000,-704000,1521000
2015/01/06,0,1152000,-7217000,-6065000
2015/01/07,0,166000,-828000,-662000
2015/01/08,0,4627000,-5000,4622000
2015/01/09,0,561000,-53000,508000
2015/01/12,0,4490000,-940000,3550000
2015/01/13,0,184000,-293000,-109000
2015/01/14,0,1364000,0,1364000
2015/01/15,0,339000,-289000,50000
2015/01/16,0,2066000,0,2066000
2015/01/19,0,7681000,-5035000,2646000
2015/01/20,0,1531000,-103000,1428000
2015/01/21,0,6848000,-83000,6765000
2015/01/22,0,5032000,-393000,4639000
2015/01/23,0,20952000,-268000,20684000
2015/01/26,0,14384000,-802000,13582000
2015/01/27,0,30191000,-1114000,29077000
2015/01/28,0,27016000,-4893100,22122900
2015/01/29,0,11444000,-232000,11212000
2015/01/30,0,1503000,-46000,1457000
2015/02/02,0,3717000,-524000,3193000
2015/02/03,0,12766000,-491000,12275000
2015/02/04,0,14393000,0,14393000
2015/02/05,0,1207000,-651000,556000
2015/02/06,0,1630000,-1148000,482000
2015/02/09,0,364000,-667000,-303000
2015/02/10,0,2680000,-1891000,789000
2015/02/11,0,3839000,-45000,3794000
2015/02/12,0,3824000,-50000,3774000
2015/02/13,0,1475000,-225000,1250000
2015/02/16,0,0,0,0
2015/02/17,0,0,0,0
2015/02/18,0,0,0,0
2015/02/19,0,0,0,0
2015/02/20,0,0,0,0
2015/02/23,0,0,0,0
2015/02/24,0,8092000,-6000,8086000
2015/02/25,0,18325000,-1611000,16714000
2015/02/26,0,4709000,-512000,4197000
2015/02/27,0,0,0,0
2015/03/02,0,659000,-1004000,-345000
2015/03/03,0,322143,-596000,-273857
2015/03/04,0,1770000,-10500,1759500
2015/03/05,0,860000,-595000,265000
2015/03/06,0,200000,-580000,-380000
2015/03/09,0,931000,-2978089,-2047089
2015/03/10,0,841000,-2548000,-1707000
2015/03/11,0,910000,-6701000,-5791000
2015/03/12,0,1856000,-223000,1633000
2015/03/13,0,37000,0,37000
2015/03/16,0,2417000,-79000,2338000
2015/03/17,0,456000,-117000,339000
2015/03/18,0,8469000,-1646000,6823000
2015/03/19,0,6609000,-3000,6606000
2015/03/20,0,1945000,-13000,1932000
2015/03/23,0,5232000,-225000,5007000
2015/03/24,0,2373000,-7000,2366000
2015/03/25,0,2521000,-311000,2210000
2015/03/26,0,406000,-402000,4000
2015/03/27,0,12000,-5270000,-5258000
2015/03/30,0,3129000,-2594000,535000
2015/03/31,0,482000,-1999000,-1517000
2015/04/01,0,151000,-2808000,-2657000
2015/04/02,0,1216000,-1647000,-431000
2015/04/03,0,0,0,0
2015/04/06,0,0,0,0
2015/04/07,0,289250,-587600,-298350
2015/04/08,0,361000,-90000,271000
2015/04/09,0,148000,-1662000,-1514000
2015/04/10,0,1192000,-254000,938000
2015/04/13,0,144,-544000,-543856
2015/04/14,0,26000,-963000,-937000
2015/04/15,0,117000,-11792000,-11675000
2015/04/16,0,5889000,-1457000,4432000
2015/04/17,0,350000,-775000,-425000
2015/04/20,0,123000,-7072250,-6949250
2015/04/21,0,266000,-372000,-106000
2015/04/22,0,3978000,-334000,3644000
2015/04/23,0,10639000,-1111000,9528000
2015/04/24,0,10933000,-2185000,8748000
2015/04/27,0,3642000,-250000,3392000
2015/04/28,0,6006000,-194000,5812000
2015/04/29,0,700000,-3657000,-2957000
2015/04/30,0,0,-887000,-887000
2015/05/01,0,0,0,0
2015/05/04,0,41000,-269000,-228000
2015/05/05,0,306000,-2163000,-1857000
2015/05/06,0,641000,-1315000,-674000
2015/05/07,0,225000,-723000,-498000
2015/05/08,0,11000,-1370000,-1359000
2015/05/11,0,523000,-1099000,-576000
2015/05/12,0,288000,-4989000,-4701000
2015/05/13,0,174000,-1314000,-1140000
2015/05/14,0,300000,-8980000,-8680000
2015/05/15,0,203000,-6291000,-6088000
2015/05/18,0,0,-272000,-272000
2015/05/19,0,468000,-110000,358000
2015/05/20,0,0,-2785000,-2785000
2015/05/21,0,444000,-3718000,-3274000
2015/05/22,0,2373000,-107000,2266000
2015/05/25,0,7000,-7000,0
2015/05/26,0,1513000,-815000,698000
2015/05/27,0,1998000,0,1998000
2015/05/28,0,3301000,-84000,3217000
2015/05/29,0,378140,-832000,-453860
2015/06/01,0,4000,-2662000,-2658000
2015/06/02,0,48000,-2769000,-2721000
2015/06/03,0,188000,-1192000,-1004000
2015/06/04,0,773000,-14285000,-13512000
2015/06/05,0,117000,-6097000,-5980000
2015/06/08,0,401000,-2878000,-2477000
2015/06/09,0,292000,-10552000,-10260000
2015/06/10,0,273000,-4203000,-3930000
2015/06/11,0,556000,-1354000,-798000
2015/06/12,0,0,-325000,-325000
2015/06/15,0,1000,-393000,-392000
2015/06/16,0,2000,-2307000,-2305000
2015/06/17,0,1823146,-1098000,725146
2015/06/18,0,0,-4443000,-4443000
2015/06/19,0,0,0,0
2015/06/22,0,1761000,-7000,1754000
2015/06/23,0,0,-211000,-211000
2015/06/24,0,718000,-215000,503000
2015/06/25,0,590000,-15000,575000
2015/06/26,0,2000,-229000,-227000
2015/06/29,0,200000,-275000,-75000
2015/06/30,0,520000,-378000,142000
2015/07/01,0,200000,-75000,125000
2015/07/02,0,781000,-288000,493000
2015/07/03,0,796000,-17000,779000
2015/07/06,0,519000,-288000,231000
2015/07/07,0,412000,-1100000,-688000
2015/07/08,0,1839000,-21467500,-19628500
2015/07/09,0,1328000,-20947000,-19619000
2015/07/10,0,0,0,0
2015/07/13,0,592000,-7093000,-6501000
2015/07/14,0,934220,-131000,803220
2015/07/15,0,606000,-360000,246000
2015/07/16,0,2112000,-819000,1293000
2015/07/17,0,2000,-431000,-429000
2015/07/20,0,1778000,-1343000,435000
2015/07/21,0,145000,-201000,-56000
2015/07/22,0,738000,-4935000,-4197000
2015/07/23,0,529000,-9909000,-9380000
2015/07/24,0,207000,-16667000,-16460000
2015/07/27,0,49000,-19891000,-19842000
2015/07/28,0,420000,-12476000,-12056000
2015/07/29,0,1020000,-14233000,-13213000
2015/07/30,0,522000,-1071000,-549000
2015/07/31,0,9000,-6387000,-6378000
2015/08/03,0,255000,-8757000,-8502000
2015/08/04,0,6000,-2156000,-2150000
2015/08/05,0,211000,-6094000,-5883000
2015/08/06,0,53000,-14508000,-14455000
2015/08/07,0,432000,-2988000,-2556000
2015/08/10,0,7000,-7593000,-7586000
2015/08/11,0,822000,-8582000,-7760000
2015/08/12,0,160235,-17455000,-17294765
2015/08/13,0,224000,-8584000,-8360000
2015/08/14,0,3000,-4897000,-4894000
2015/08/17,0,1246000,-7706000,-6460000
2015/08/18,0,0,-4655000,-4655000
2015/08/19,0,680000,-7338000,-6658000
2015/08/20,0,105000,-11353000,-11248000
2015/08/21,0,1154000,-17260000,-16106000
2015/08/24,0,4452000,-30318500,-25866500
2015/08/25,0,3188000,-19950000,-16762000
2015/08/26,0,408000,-6671000,-6263000
2015/08/27,0,267000,-6092000,-5825000
2015/08/28,0,4907000,-2081000,2826000
2015/08/31,0,2324000,-10428000,-8104000
2015/09/01,0,1501050,-1626000,-124950
2015/09/02,0,5805000,-1088000,4717000
2015/09/03,0,322000,-1310000,-988000
2015/09/04,0,4579000,-9510000,-4931000
2015/09/07,0,3761000,-1987000,1774000
2015/09/08,0,3458000,-1223000,2235000
2015/09/09,0,10946000,-6277050,4668950
2015/09/10,0,2426320,-1014000,1412320
2015/09/11,0,3345000,-551000,2794000
2015/09/14,0,1593050,-173000,1420050
2015/09/15,0,824000,-407000,417000
2015/09/16,0,872000,-578000,294000
2015/09/17,0,7017000,-1522500,5494500
2015/09/18,0,205000,-223000,-18000
2015/09/21,0,1799000,-650000,1149000
2015/09/22,0,567000,-390000,177000
2015/09/23,0,333000,-6327000,-5994000
2015/09/24,0,99050,-1337000,-1237950
2015/09/25,0,686000,-1048000,-362000
2015/09/28,0,0,0,0
2015/09/29,0,0,0,0
2015/09/30,0,1694000,-620000,1074000
2015/10/01,0,1548000,-3943000,-2395000
2015/10/02,0,20000,-3228000,-3208000
2015/10/05,0,363000,-1783000,-1420000
2015/10/06,0,505000,-2220000,-1715000
2015/10/07,0,2588000,-2303000,285000
2015/10/08,0,7194083,-115000,7079083
2015/10/09,0,0,0,0
2015/10/12,0,11884000,-536000,11348000
2015/10/13,0,4076000,-1008000,3068000
2015/10/14,0,2471000,-200000,2271000
2015/10/15,0,9163000,-326000,8837000
2015/10/16,0,130000,-1135000,-1005000
2015/10/19,0,1857000,-232000,1625000
2015/10/20,0,196000,-297000,-101000
2015/10/21,0,1451000,-3740000,-2289000
2015/10/22,0,3003000,-3320000,-317000
2015/10/23,0,1448000,-6640000,-5192000
2015/10/26,0,7698000,-9000,7689000
2015/10/27,0,31092,-436000,-404908
2015/10/28,0,214000,-2417000,-2203000
2015/10/29,0,652000,-3760000,-3108000
2015/10/30,0,411000,-892000,-481000
2015/11/02,0,408000,-1900000,-1492000
2015/11/03,0,662000,-597000,65000
2015/11/04,0,1737000,-940000,797000
2015/11/05,0,87000,-614000,-527000
2015/11/06,0,191077,-6026000,-5834923
2015/11/09,0,704000,-829500,-125500
2015/11/10,0,108000,-1415000,-1307000
2015/11/11,0,208000,-1843000,-1635000
2015/11/12,0,8000,-4880000,-4872000
2015/11/13,0,4208050,-10184000,-5975950
2015/11/16,0,414000,-3938000,-3524000
2015/11/17,0,442000,-471000,-29000
2015/11/18,0,524000,-2877000,-2353000
2015/11/19,0,1773000,-823000,950000
2015/11/20,0,919000,-209000,710000
2015/11/23,0,376000,-10000,366000
2015/11/24,0,311000,-517000,-206000
2015/11/25,0,347000,-560000,-213000
2015/11/26,0,1700000,-2130000,-430000
2015/11/27,0,655000,-2810000,-2155000
2015/11/30,0,555000,-9119000,-8564000
2015/12/01,0,255000,-1762000,-1507000
2015/12/02,0,1000,-1296000,-1295000
2015/12/03,0,238000,-1457000,-1219000
2015/12/04,0,4060000,-6585000,-2525000
2015/12/07,0,1902000,-6508000,-4606000
2015/12/08,0,112000,-6381000,-6269000
2015/12/09,0,2601000,-6695000,-4094000
2015/12/10,0,67000,-3553000,-3486000
2015/12/11,0,766000,-2426000,-1660000
2015/12/14,0,501084,-2859000,-2357916
2015/12/15,0,234000,-1738000,-1504000
2015/12/16,0,384000,-458000,-74000
2015/12/17,0,1284000,-1091000,193000
2015/12/18,0,269000,-370000,-101000
2015/12/21,0,247000,-600000,-353000
2015/12/22,0,68000,-581000,-513000
2015/12/23,0,747000,-3452000,-2705000
2015/12/24,0,4575000,-251000,4324000
2015/12/25,0,2664000,0,2664000
2015/12/28,0,0,-224000,-224000
2015/12/29,0,106000,-90000,16000
2015/12/30,0,801000,-1004000,-203000
2015/12/31,0,756049,-36000,720049
2016/01/01,0,0,0,0
2016/01/04,0,452000,-8445000,-7993000
2016/01/05,0,235000,-6363000,-6128000
2016/01/06,0,46084,-12174000,-12127916
2016/01/07,0,1458000,-23918000,-22460000
2016/01/08,0,29000,-18539000,-18510000
2016/01/11,0,880100,-14117000,-13236900
2016/01/12,0,992000,-10842000,-9850000
2016/01/13,0,1008000,-5457000,-4449000
2016/01/14,0,99100,-7300000,-7200900
2016/01/15,0,2499049,-8556000,-6056951
2016/01/18,0,692000,-4824000,-4132000
2016/01/19,0,259000,-3664000,-3405000
2016/01/20,0,4244000,-11324000,-7080000
2016/01/21,0,915000,-3501000,-2586000
2016/01/22,0,7145000,-4715000,2430000
2016/01/25,0,5587000,-915000,4672000
2016/01/26,0,1730060,-3901000,-2170940
2016/01/27,0,2278000,-2911000,-633000
2016/01/28,0,1759000,-1152000,607000
2016/01/29,0,5905000,-2306000,3599000
2016/02/01,0,2619000,-121000,2498000
2016/02/02,0,1371083,-164000,1207083
2016/02/03,0,2713000,-9000,2704000
2016/02/04,0,0,0,0
2016/02/05,0,0,0,0
2016/02/08,0,0,0,0
2016/02/09,0,0,0,0
2016/02/10,0,0,0,0
2016/02/11,0,0,0,0
2016/02/12,0,0,0,0
2016/02/15,0,3130000,-274000,2856000
2016/02/16,0,9352000,-481160,8870840
2016/02/17,0,3419000,-1749000,1670000
2016/02/18,0,6295000,-1556000,4739000
2016/02/19,0,4095000,-2133000,1962000
2016/02/22,0,4582000,-275000,4307000
2016/02/23,0,2607000,-620000,1987000
2016/02/24,0,3330000,-1031000,2299000
2016/02/25,0,13589000,-8000,13581000
2016/02/26,0,7424100,-959000,6465100
2016/02/29,0,0,0,0
2016/03/01,0,10072000,-227000,9845000
2016/03/02,0,14304000,-498000,13806000
2016/03/03,0,29928000,-17000,29911000
2016/03/04,0,21497000,-401000,21096000
2016/03/07,0,17829048,-347050,17481998
2016/03/08,0,11785000,-1218000,10567000
2016/03/09,0,5093000,-375000,4718000
2016/03/10,0,16702000,-1774000,14928000
2016/03/11,0,19565000,-678000,18887000
2016/03/14,0,21831000,-2139000,19692000
2016/03/15,0,15788000,-2952000,12836000
2016/03/16,0,32359000,-844000,31515000
2016/03/17,0,15579077,-372000,15207077
2016/03/18,0,27309000,-4665000,22644000
2016/03/21,0,4223000,-251000,3972000
2016/03/22,0,5097000,-379000,4718000
2016/03/23,0,9093000,-480000,8613000
2016/03/24,0,4924000,-121000,4803000
2016/03/25,0,597000,-315000,282000
2016/03/28,0,5041000,0,5041000
2016/03/29,0,7340000,-1819000,5521000
2016/03/30,0,26264000,-2875000,23389000
2016/03/31,0,9952000,-5330000,4622000
2016/04/01,0,582000,-950000,-368000
2016/04/04,0,0,0,0
2016/04/05,0,0,0,0
2016/04/06,0,1347000,-1321000,26000
2016/04/07,0,9507000,-11126000,-1619000
2016/04/08,0,4794000,-133000,4661000
2016/04/11,0,3574000,-236000,3338000
2016/04/12,0,1622000,-171000,1451000
2016/04/13,0,8588300,-452000,8136300
2016/04/14,0,533000,-2201000,-1668000
2016/04/15,0,4516000,-200000,4316000
2016/04/18,0,791000,-121000,670000
2016/04/19,0,1946000,-307000,1639000
2016/04/20,0,2233000,-1000000,1233000
2016/04/21,0,870000,-1185000,-315000
2016/04/22,0,1230000,-247000,983000
2016/04/25,0,1769000,-760500,1008500
2016/04/26,0,1867000,-448000,1419000
2016/04/27,0,89000,-452410,-363410
2016/04/28,0,895000,-5046000,-4151000
2016/04/29,0,9000,-3078000,-3069000
2016/05/02,0,0,0,0
2016/05/03,0,227000,-7006000,-6779000
2016/05/04,0,527100,-10154000,-9626900
2016/05/05,0,203090,-11230000,-11026910
2016/05/06,0,23000,-19281000,-19258000
2016/05/09,0,740000,-12528000,-11788000
2016/05/10,0,410000,-9604000,-9194000
2016/05/11,0,699000,-15644000,-14945000
2016/05/12,0,15000,-8114000,-8099000
2016/05/13,0,397000,-22811000,-22414000
2016/05/16,0,127000,-2873000,-2746000
2016/05/17,0,317000,-7491000,-7174000
2016/05/18,0,76000,-4887000,-4811000
2016/05/19,0,238000,-2050000,-1812000
2016/05/20,0,756160,-1760000,-1003840
2016/05/23,0,4929000,-2640000,2289000
2016/05/24,0,392000,-1560000,-1168000
2016/05/25,0,11111000,-2587000,8524000
2016/05/26,0,21076300,-1370000,19706300
2016/05/27,0,20064000,-1137170,18926830
2016/05/30,0,21857000,-243000,21614000
2016/05/31,0,4814000,-28000,4786000
2016/06/01,0,15540000,-420000,15120000
2016/06/02,0,9824000,-88000,9736000
2016/06/03,0,9326700,-201000,9125700
2016/06/06,0,11204000,-2419000,8785000
2016/06/07,0,24656000,-8199000,16457000
2016/06/08,0,21422000,-5884000,15538000
2016/06/09,0,0,0,0
2016/06/10,0,0,0,0
2016/06/13,0,3047100,-1809000,1238100
2016/06/14,0,4113000,-1606000,2507000
2016/06/15,0,18840000,-11804000,7036000
2016/06/16,0,2836000,-3818000,-982000
2016/06/17,0,3975000,-102000,3873000
2016/06/20,0,5584000,-1658000,3926000
2016/06/21,0,12746000,-451000,12295000
2016/06/22,0,8160000,-634000,7526000
2016/06/23,0,28112000,-340000,27772000
2016/06/24,0,12454000,-5725000,6729000
2016/06/27,0,2558000,-864000,1694000
2016/06/28,0,2664000,-1431000,1233000
2016/06/29,0,4694000,-338450,4355550
2016/06/30,0,14121000,-529000,13592000
2016/07/01,0,27079000,-296000,26783000
2016/07/04,0,7364000,-765000,6599000
2016/07/05,0,3817000,-1184000,2633000
2016/07/06,0,1524000,-2920000,-1396000
2016/07/07,0,3397000,-773000,2624000
2016/07/08,0,0,0,0
2016/07/11,0,15560000,-1016000,14544000
2016/07/12,0,12679000,-2019000,10660000
2016/07/13,0,6168000,-606200,5561800
2016/07/14,0,8699000,-1372092,7326908
2016/07/15,0,10723000,-317000,10406000
2016/07/18,0,32770000,-210000,32560000
2016/07/19,0,10881000,-234000,10647000
2016/07/20,0,21310000,-12315000,8995000
2016/07/21,0,4857000,-1652000,3205000
2016/07/22,0,338000,-471000,-133000
2016/07/25,0,6838000,-1185000,5653000
2016/07/26,0,591000,-734000,-143000
2016/07/27,0,500000,0,500000
2016/07/28,0,6801000,-620000,6181000
2016/07/29,0,15886000,-2039000,13847000
2016/08/01,0,7647000,-441000,7206000
2016/08/02,0,6066000,-23000,6043000
2016/08/03,0,6591000,-2485000,4106000
2016/08/04,0,9163000,-93000,9070000
2016/08/05,0,10601000,-1558000,9043000
2016/08/08,0,5962000,-157000,5805000
2016/08/09,0,10446000,-648000,9798000
2016/08/10,0,5720000,-153000,5567000
2016/08/11,0,8568000,-1015000,7553000
2016/08/12,0,4388000,-77000,4311000
2016/08/15,0,3266000,-781000,2485000
2016/08/16,0,2097000,-252000,1845000
2016/08/17,0,7470000,-806000,6664000
2016/08/18,0,1156000,-17100,1138900
2016/08/19,0,1728000,-1168000,560000
2016/08/22,0,276000,-121000,155000
2016/08/23,0,4603000,-488000,4115000
2016/08/24,0,3635000,-570000,3065000
2016/08/25,0,5960000,-337000,5623000
2016/08/26,0,1985000,0,1985000
2016/08/29,0,1841000,-508000,1333000
2016/08/30,0,1950000,0,1950000
2016/08/31,0,1365000,-1112000,253000
2016/09/01,0,1467000,-936000,531000
2016/09/02,0,1308000,-325000,983000
2016/09/05,0,5801000,-101000,5700000
2016/09/06,0,4510000,-717000,3793000
2016/09/07,0,6079000,-131000,5948000
2016/09/08,0,406000,-700000,-294000
2016/09/09,0,674000,-2334000,-1660000
2016/09/12,0,566000,-3205000,-2639000
2016/09/13,0,1189000,-2928000,-1739000
2016/09/14,0,376000,-2478000,-2102000
2016/09/15,0,0,0,0
2016/09/16,0,0,0,0
2016/09/19,0,5557000,-319000,5238000
2016/09/20,0,201000,-381000,-180000
2016/09/21,0,9882060,-2455000,7427060
2016/09/22,0,38000,-1076000,-1038000
2016/09/23,0,1173000,-692000,481000
2016/09/26,0,53000,-547000,-494000
2016/09/27,0,0,0,0
2016/09/28,0,0,0,0
2016/09/29,0,7338000,-198000,7140000
2016/09/30,0,838000,-643000,195000
2016/10/03,0,1417002,-35911,1381091
2016/10/04,0,2297000,-233000,2064000
2016/10/05,0,813000,0,813000
2016/10/06,0,1000,-213000,-212000
2016/10/07,0,1393000,-15000,1378000
2016/10/10,0,0,0,0
2016/10/11,0,2067000,-912000,1155000
2016/10/12,0,3489000,-3000,3486000
2016/10/13,0,1593000,-488000,1105000
2016/10/14,0,222000,-143000,79000
2016/10/17,0,0,-1404000,-1404000
2016/10/18,0,422000,0,422000
2016/10/19,0,14481000,-13477000,1004000
2016/10/20,0,3818000,-94000,3724000
2016/10/21,0,2724000,-331000,2393000
2016/10/24,0,1019000,-54000,965000
2016/10/25,0,470000,-231000,239000
2016/10/26,0,1500000,0,1500000
2016/10/27,0,311000,-210000,101000
2016/10/28,0,201000,-278000,-77000
2016/10/31,0,195000,-477000,-282000
2016/11/01,0,200000,-12000,188000
2016/11/02,0,0,-1561000,-1561000
2016/11/03,0,200000,-963000,-763000
2016/11/04,0,0,-1286000,-1286000
2016/11/07,0,200000,-247000,-47000
2016/11/08,0,417000,-282000,135000
2016/11/09,0,2614000,-9836300,-7222300
2016/11/10,0,330050,-1575000,-1244950
2016/11/11,0,63050,-3347000,-3283950
2016/11/14,0,221000,-3988000,-3767000
2016/11/15,0,600000,-3032000,-2432000
2016/11/16,0,18266000,-21129000,-2863000
2016/11/17,0,182000,-452000,-270000
2016/11/18,0,204000,-254000,-50000
2016/11/21,0,0,-395000,-395000
2016/11/22,0,214000,-121000,93000
2016/11/23,0,116000,-289000,-173000
2016/11/24,0,200000,-1108000,-908000
2016/11/25,0,0,-1027000,-1027000
2016/11/28,0,1521000,-15000,1506000
2016/11/29,0,280000,-218000,62000
2016/11/30,0,457000,-1000,456000
2016/12/01,0,120000,-295000,-175000
2016/12/02,0,648000,-4000,644000
2016/12/05,0,0,-200000,-200000
2016/12/06,0,514000,-106000,408000
2016/12/07,0,0,-296000,-296000
2016/12/08,0,3491000,-252000,3239000
2016/12/09,0,2347000,-232000,2115000
2016/12/12,0,1030000,-400000,630000
2016/12/13,0,0,-911000,-911000
2016/12/14,0,1836000,-100000,1736000
2016/12/15,0,0,-231000,-231000
2016/12/16,0,200000,-333310,-133310
2016/12/19,0,1000,-253000,-252000
2016/12/20,0,201000,-488455,-287455
2016/12/21,0,7460000,-4960000,2500000
2016/12/22,0,208000,-2119000,-1911000
2016/12/23,0,2000,-3771000,-3769000
2016/12/26,0,215000,-655000,-440000
2016/12/27,0,2000,-1030000,-1028000
2016/12/28,0,436000,-715000,-279000
2016/12/29,0,1000,-268000,-267000
2016/12/30,0,678000,-110000,568000
2017/01/02,0,0,0,0
2017/01/03,0,125000,-257000,-132000
2017/01/04,0,578000,-880000,-302000
2017/01/05,0,1164000,-270000,894000
2017/01/06,0,1745000,-30000,1715000
2017/01/09,0,728000,-201000,527000
2017/01/10,0,552000,0,552000
2017/01/11,0,384000,-200000,184000
2017/01/12,0,3611000,0,3611000
2017/01/13,0,1532000,-201000,1331000
2017/01/16,0,200000,-23000,177000
2017/01/17,0,10000,-266000,-256000
2017/01/18,0,2190000,-1407000,783000
2017/01/19,0,2645000,-204000,2441000
2017/01/20,0,365000,-280000,85000
2017/01/23,0,1582000,-365000,1217000
2017/01/24,0,505000,-161000,344000
2017/01/25,0,0,0,0
2017/01/26,0,0,0,0
2017/01/27,0,0,0,0
2017/01/30,0,0,0,0
2017/01/31,0,0,0,0
2017/02/01,0,0,0,0
2017/02/02,0,1488000,-2025000,-537000
2017/02/03,0,200000,-951000,-751000
2017/02/06,0,947000,-708000,239000
2017/02/07,0,972000,-126000,846000
2017/02/08,0,315000,-1124000,-809000
2017/02/09,0,1289000,-7000,1282000
2017/02/10,0,1537000,-204000,1333000
2017/02/13,0,1975000,0,1975000
2017/02/14,0,4996000,-760000,4236000
2017/02/15,0,7362000,-172000,7190000
2017/02/16,0,1825000,-215000,1610000
2017/02/17,0,2132000,0,2132000
2017/02/20,0,751000,-28000,723000
2017/02/21,0,351000,-8000,343000
2017/02/22,0,984000,-259000,725000
2017/02/23,0,465000,-288000,177000
2017/02/24,0,446000,-398000,48000
2017/02/27,0,0,0,0
2017/02/28,0,0,0,0
2017/03/01,0,51000,-846000,-795000
2017/03/02,0,1603000,-2063000,-460000
2017/03/03,0,24000,-2532000,-2508000
2017/03/06,0,46000,-647000,-601000
2017/03/07,0,268000,-32000,236000
2017/03/08,0,2000,-338000,-336000
2017/03/09,0,12000,-1027000,-1015000
2017/03/10,0,311000,-2480000,-2169000
2017/03/13,0,1163000,-937000,226000
2017/03/14,0,1489000,-502000,987000
2017/03/15,0,2296000,-1954000,342000
2017/03/16,0,4719000,-484000,4235000
2017/03/17,0,3431000,-551000,2880000
2017/03/20,0,2676000,-684000,1992000
2017/03/21,0,6103000,-1402000,4701000
2017/03/22,0,1681000,-791000,890000
2017/03/23,0,1951080,-1200000,751080
2017/03/24,0,1468000,-1354000,114000
2017/03/27,0,1573000,-25000,1548000
2017/03/28,0,2910000,-2375000,535000
2017/03/29,0,375000,-96000,279000
2017/03/30,0,1177000,0,1177000
2017/03/31,0,82000,-200000,-118000
2017/04/03,0,0,0,0
2017/04/04,0,0,0,0
2017/04/05,0,1620000,-406000,1214000
2017/04/06,0,208000,-100000,108000
2017/04/07,0,119080,-265000,-145920
2017/04/10,0,296000,-340000,-44000
2017/04/11,0,698000,-85000,613000
2017/04/12,0,1540000,-10000,1530000
2017/04/13,0,5102080,-45000,5057080
2017/04/14,0,17000,-21000,-4000
2017/04/17,0,1000,-578000,-577000
2017/04/18,0,224000,-801540,-577540
2017/04/19,0,314000,-7460000,-7146000
2017/04/20,0,40000,-1336000,-1296000
2017/04/21,0,857000,-1604000,-747000
2017/04/24,0,376081,-1717000,-1340919
2017/04/25,0,1038000,-487000,551000
2017/04/26,0,1879000,-1000,1878000
2017/04/27,0,1564000,-82000,1482000
2017/04/28,0,691000,-500000,191000
2017/05/01,0,0,0,0
2017/05/02,0,9847000,-42000,9805000
2017/05/03,0,3056092,-200000,2856092
2017/05/04,0,3268000,-30000,3238000
2017/05/05,0,4134000,-336000,3798000
2017/05/08,0,2821000,-149000,2672000
2017/05/09,0,2157000,-289000,1868000
2017/05/10,0,360000,-1000,359000
2017/05/11,0,272000,0,272000
2017/05/12,0,3000,-233000,-230000
2017/05/15,0,42078,0,42078
2017/05/16,0,571000,-109000,462000
2017/05/17,0,17000,-49000,-32000
2017/05/18,0,37000,-146000,-109000
2017/05/19,0,0,-41000,-41000
2017/05/22,0,224000,-664000,-440000
2017/05/23,0,200078,-2067000,-1866922
2017/05/24,0,0,-1105000,-1105000
2017/05/25,0,200000,-1103000,-903000
2017/05/26,0,0,0,0
2017/05/29,0,0,0,0
2017/05/30,0,0,0,0
2017/05/31,0,5000,-1765000,-1760000
2017/06/01,0,200000,-301000,-101000
2017/06/02,0,0,-1782000,-1782000
2017/06/05,0,352076,-200000,152076
2017/06/06,0,0,-4000,-4000
2017/06/07,0,200000,-555000,-355000
2017/06/08,0,0,-676000,-676000
2017/06/09,0,400000,-1004000,-604000
2017/06/12,0,0,-1100000,-1100000
2017/06/13,0,77,-784000,-783923
2017/06/14,0,313000,-831000,-518000
2017/06/15,0,13000,-316000,-303000
2017/06/16,0,708000,0,708000
2017/06/19,0,12000,-538000,-526000
2017/06/20,0,406000,0,406000
2017/06/21,0,11041000,-7316000,3725000
2017/06/22,0,234000,-645000,-411000
2017/06/23,0,3792075,-3901000,-108925
2017/06/26,0,8877000,-887000,7990000
2017/06/27,0,1111012,-525000,586012
2017/06/28,0,1266000,-1054000,212000
2017/06/29,0,15000,-458000,-443000
2017/06/30,0,458000,-228000,230000
2017/07/03,0,31074,0,31074
2017/07/04,0,67000,-170000,-103000
2017/07/05,0,652000,-292000,360000
2017/07/06,0,16000,-1776000,-1760000
2017/07/07,0,172000,-2825000,-2653000
2017/07/10,0,34000,-1590000,-1556000
2017/07/11,0,276000,-1836000,-1560000
2017/07/12,0,192000,-2565000,-2373000
2017/07/13,0,2157072,-1871000,286072
2017/07/14,0,529000,-7025,521975
2017/07/17,0,455000,-501000,-46000
2017/07/18,0,2076000,-1740000,336000
2017/07/19,0,3996000,-4342000,-346000
2017/07/20,0,217000,-165000,52000
2017/07/21,0,813000,-500000,313000
2017/07/24,0,968072,-460000,508072
2017/07/25,0,866000,-195000,671000
2017/07/26,0,651000,-998500,-347500
2017/07/27,0,200100,-440000,-239900
2017/07/28,0,600000,-610000,-10000
2017/07/31,0,1115000,-200000,915000
2017/08/01,0,243000,-2000,241000
2017/08/02,0,1415000,-209000,1206000
2017/08/03,0,160072,0,160072
2017/08/04,0,201101,0,201101
2017/08/07,0,699000,-200000,499000
2017/08/08,0,629000,-36000,593000
2017/08/09,0,1430000,-8000,1422000
