Date,Open,Buy,Sell,Total
2007/04/23,0,519000,-88000,431000
2007/04/24,0,10000,-51000,-41000
2007/04/25,0,3000,-44000,-41000
2007/04/26,0,20000,-51000,-31000
2007/04/27,0,31000,-851000,-820000
2007/04/30,0,11000,-133000,-122000
2007/05/01,0,0,0,0
2007/05/02,0,2000,-160000,-158000
2007/05/03,0,100000,-256000,-156000
2007/05/04,0,130000,-100000,30000
2007/05/07,0,133000,-164000,-31000
2007/05/08,0,285000,-69000,216000
2007/05/09,0,1000,-10000,-9000
2007/05/10,0,932000,-495000,437000
2007/05/11,0,114000,-215000,-101000
2007/05/14,0,506000,-31000,475000
2007/05/15,0,19000,-45000,-26000
2007/05/16,0,5000,-209000,-204000
2007/05/17,0,193000,-13000,180000
2007/05/18,0,6000,-21000,-15000
2007/05/21,0,94000,-304000,-210000
2007/05/22,0,205000,-155000,50000
2007/05/23,0,500000,-3013000,-2513000
2007/05/24,0,31000,-135000,-104000
2007/05/25,0,1963000,-358000,1605000
2007/05/28,0,0,-178000,-178000
2007/05/29,0,1000,-273000,-272000
2007/05/30,0,109000,-253000,-144000
2007/05/31,0,336000,-31000,305000
2007/06/01,0,311000,-89000,222000
2007/06/04,0,342000,-282000,60000
2007/06/05,0,158000,-83000,75000
2007/06/06,0,236000,-57000,179000
2007/06/07,0,169000,-161000,8000
2007/06/08,0,365000,-441000,-76000
2007/06/11,0,318000,-622000,-304000
2007/06/12,0,969000,-545000,424000
2007/06/13,0,1048000,-788123,259877
2007/06/14,0,1195000,-44000,1151000
2007/06/15,0,551000,-302000,249000
2007/06/18,0,0,0,0
2007/06/19,0,0,0,0
2007/06/20,0,886000,-1757000,-871000
2007/06/21,0,124000,-2585000,-2461000
2007/06/22,0,738000,-328000,410000
2007/06/25,0,342000,-60000,282000
2007/06/26,0,216000,-1215000,-999000
2007/06/27,0,43000,-368000,-325000
2007/06/28,0,106000,-92000,14000
2007/06/29,0,35000,-294000,-259000
2007/07/02,0,322000,-164000,158000
2007/07/03,0,1310000,-55000,1255000
2007/07/04,0,274000,-76000,198000
2007/07/05,0,111000,-37000,74000
2007/07/06,0,1496000,-341000,1155000
2007/07/09,0,44000,-1086000,-1042000
2007/07/10,0,24000,-24000,0
2007/07/11,0,26000,-138000,-112000
2007/07/12,0,479000,-122000,357000
2007/07/13,0,314000,-1320000,-1006000
2007/07/16,0,794000,-673419,120581
2007/07/17,0,323000,-557000,-234000
2007/07/18,0,1009000,-704000,305000
2007/07/19,0,120000,-113000,7000
2007/07/20,0,313000,-157000,156000
2007/07/23,0,436000,-487000,-51000
2007/07/24,0,269000,-827000,-558000
2007/07/25,0,567000,-3000,564000
2007/07/26,0,601000,-182000,419000
2007/07/27,0,256000,-471000,-215000
2007/07/30,0,232000,-988000,-756000
2007/07/31,0,307000,-943000,-636000
2007/08/01,0,10000,-369000,-359000
2007/08/02,0,543000,-138000,405000
2007/08/03,0,106000,-642000,-536000
2007/08/06,0,368000,-302000,66000
2007/08/07,0,680000,-1506000,-826000
2007/08/08,0,47000,-470000,-423000
2007/08/09,0,20000,-663000,-643000
2007/08/10,0,1320000,-140000,1180000
2007/08/13,0,238000,-1051000,-813000
2007/08/14,0,168000,-457000,-289000
2007/08/15,0,252000,-158000,94000
2007/08/16,0,233000,-246000,-13000
2007/08/17,0,269000,-734000,-465000
2007/08/20,0,467000,-238000,229000
2007/08/21,0,1453000,-142000,1311000
2007/08/22,0,208800,-538000,-329200
2007/08/23,0,632000,-346000,286000
2007/08/24,0,517000,-106000,411000
2007/08/27,0,721000,-86000,635000
2007/08/28,0,302000,-50000,252000
2007/08/29,0,32000,-4900,27100
2007/08/30,0,1166800,-557110,609690
2007/08/31,0,1870000,-791000,1079000
2007/09/03,0,296000,-810200,-514200
2007/09/04,0,250000,-782000,-532000
2007/09/05,0,198500,-288650,-90150
2007/09/06,0,195000,-450000,-255000
2007/09/07,0,116000,-165000,-49000
2007/09/10,0,441000,-171000,270000
2007/09/11,0,20000,-142000,-122000
2007/09/12,0,23000,-341000,-318000
2007/09/13,0,891000,-35000,856000
2007/09/14,0,1120000,-80000,1040000
2007/09/17,0,497000,-431000,66000
2007/09/18,0,0,0,0
2007/09/19,0,1028000,-571000,457000
2007/09/20,0,393000,-159000,234000
2007/09/21,0,897000,-1315000,-418000
2007/09/24,0,0,0,0
2007/09/25,0,0,0,0
2007/09/26,0,184000,-3099000,-2915000
2007/09/27,0,408000,-1579000,-1171000
2007/09/28,0,657000,-1198000,-541000
2007/10/01,0,220000,-791000,-571000
2007/10/02,0,450000,-349000,101000
2007/10/03,0,394000,-474000,-80000
2007/10/04,0,748000,-723000,25000
2007/10/05,0,702000,-407000,295000
2007/10/08,0,1176000,-67000,1109000
2007/10/09,0,299000,-471000,-172000
2007/10/10,0,0,0,0
2007/10/11,0,979000,-692000,287000
2007/10/12,0,268000,-758000,-490000
2007/10/15,0,239000,-687500,-448500
2007/10/16,0,386000,-330000,56000
2007/10/17,0,86000,-491000,-405000
2007/10/18,0,67000,-403000,-336000
2007/10/19,0,108000,-156000,-48000
2007/10/22,0,306000,-580000,-274000
2007/10/23,0,288000,-156000,132000
2007/10/24,0,490000,-519000,-29000
2007/10/25,0,467000,-296000,171000
2007/10/26,0,1007000,-162000,845000
2007/10/29,0,587000,-245000,342000
2007/10/30,0,224000,-49000,175000
2007/10/31,0,214000,-522000,-308000
2007/11/01,0,135000,-592000,-457000
2007/11/02,0,316000,-1596000,-1280000
2007/11/05,0,284000,-455000,-171000
2007/11/06,0,62000,-51000,11000
2007/11/07,0,308000,-286000,22000
2007/11/08,0,276000,-255000,21000
2007/11/09,0,344000,-38000,306000
2007/11/12,0,506000,-202000,304000
2007/11/13,0,987000,-118000,869000
2007/11/14,0,657000,-598000,59000
2007/11/15,0,204000,-102090,101910
2007/11/16,0,166000,-594000,-428000
2007/11/19,0,221000,-192000,29000
2007/11/20,0,388000,-948000,-560000
2007/11/21,0,134000,-1340000,-1206000
2007/11/22,0,78000,-166000,-88000
2007/11/23,0,435000,-221000,214000
2007/11/26,0,127000,-50000,77000
2007/11/27,0,1290000,-110000,1180000
2007/11/28,0,35000,-148000,-113000
2007/11/29,0,425000,-219000,206000
2007/11/30,0,812000,-120000,692000
2007/12/03,0,139000,-839000,-700000
2007/12/04,0,293000,-109000,184000
2007/12/05,0,137000,-242000,-105000
2007/12/06,0,230000,-347000,-117000
2007/12/07,0,199000,-129000,70000
2007/12/10,0,57000,-381000,-324000
2007/12/11,0,137000,-249000,-112000
2007/12/12,0,86000,-105000,-19000
2007/12/13,0,100000,-850000,-750000
2007/12/14,0,409000,-427000,-18000
2007/12/17,0,192000,-25000,167000
2007/12/18,0,338000,-159000,179000
2007/12/19,0,897000,-107000,790000
2007/12/20,0,88000,-418000,-330000
2007/12/21,0,481000,-107000,374000
2007/12/24,0,667000,-94056,572944
2007/12/25,0,247000,-681000,-434000
2007/12/26,0,240000,-187000,53000
2007/12/27,0,1116000,-309000,807000
2007/12/28,0,593000,-547000,46000
2007/12/31,0,616000,-34000,582000
2008/01/01,0,0,0,0
2008/01/02,0,783000,-81000,702000
2008/01/03,0,142000,-590000,-448000
2008/01/04,0,736000,-325000,411000
2008/01/07,0,1325000,-561155,763845
2008/01/08,0,1524000,-765000,759000
2008/01/09,0,874000,-935000,-61000
2008/01/10,0,768000,-478000,290000
2008/01/11,0,609000,-801000,-192000
2008/01/14,0,292000,-1282000,-990000
2008/01/15,0,1356000,-885000,471000
2008/01/16,0,1011000,-396000,615000
2008/01/17,0,436000,-1432528,-996528
2008/01/18,0,1548000,-200000,1348000
2008/01/21,0,216000,-1087781,-871781
2008/01/22,0,40000,-317000,-277000
2008/01/23,0,531000,-1137000,-606000
2008/01/24,0,284000,-560000,-276000
2008/01/25,0,147000,-438000,-291000
2008/01/28,0,94000,-931000,-837000
2008/01/29,0,469000,-537000,-68000
2008/01/30,0,148000,-542000,-394000
2008/01/31,0,477000,-450000,27000
2008/02/01,0,703000,-178000,525000
2008/02/04,0,0,0,0
2008/02/05,0,0,0,0
2008/02/06,0,0,0,0
2008/02/07,0,0,0,0
2008/02/08,0,0,0,0
2008/02/11,0,0,0,0
2008/02/12,0,355000,-209000,146000
2008/02/13,0,479000,-300000,179000
2008/02/14,0,830000,-51000,779000
2008/02/15,0,555000,-106000,449000
2008/02/18,0,722000,-434000,288000
2008/02/19,0,1354000,-281000,1073000
2008/02/20,0,97000,-1450000,-1353000
2008/02/21,0,283000,-213000,70000
2008/02/22,0,373000,-537000,-164000
2008/02/25,0,1020000,-680945,339055
2008/02/26,0,1643000,-2305748,-662748
2008/02/27,0,745000,-1160927,-415927
2008/02/28,0,0,0,0
2008/02/29,0,260000,-134000,126000
2008/03/03,0,283000,-170377,112623
2008/03/04,0,525000,-413000,112000
2008/03/05,0,660000,-988748,-328748
2008/03/06,0,157000,-326000,-169000
2008/03/07,0,451000,-786000,-335000
2008/03/10,0,195000,-816000,-621000
2008/03/11,0,834000,-83110,750890
2008/03/12,0,328000,-69416,258584
2008/03/13,0,380000,-441000,-61000
2008/03/14,0,392050,-403000,-10950
2008/03/17,0,549000,-159000,390000
2008/03/18,0,1036000,-130000,906000
2008/03/19,0,215000,-432000,-217000
2008/03/20,0,1468000,-228000,1240000
2008/03/21,0,980000,-384000,596000
2008/03/24,0,425000,-904000,-479000
2008/03/25,0,865000,-649000,216000
2008/03/26,0,384000,-261000,123000
2008/03/27,0,229000,-796000,-567000
2008/03/28,0,1476000,-145000,1331000
2008/03/31,0,231000,-375000,-144000
2008/04/01,0,125000,-1308874,-1183874
2008/04/02,0,285000,-233000,52000
2008/04/03,0,377000,-758000,-381000
2008/04/04,0,0,0,0
2008/04/07,0,832000,-22000,810000
2008/04/08,0,682000,-283000,399000
2008/04/09,0,802000,-138000,664000
2008/04/10,0,399000,-72000,327000
2008/04/11,0,336000,-179000,157000
2008/04/14,0,694000,-285561,408439
2008/04/15,0,1227000,-449000,778000
2008/04/16,0,100000,-2777000,-2677000
2008/04/17,0,684000,-1034000,-350000
2008/04/18,0,31000,-384000,-353000
2008/04/21,0,700000,-229000,471000
2008/04/22,0,285000,-631000,-346000
2008/04/23,0,1442000,-232000,1210000
2008/04/24,0,1804000,-305000,1499000
2008/04/25,0,477000,-1252000,-775000
2008/04/28,0,952000,-819000,133000
2008/04/29,0,262000,-3928000,-3666000
2008/04/30,0,239000,-135000,104000
2008/05/01,0,0,0,0
2008/05/02,0,252000,-371000,-119000
2008/05/05,0,512000,-371000,141000
2008/05/06,0,351000,-766000,-415000
2008/05/07,0,733000,-180000,553000
2008/05/08,0,116000,-29000,87000
2008/05/09,0,206000,-421000,-215000
2008/05/12,0,251000,-121000,130000
2008/05/13,0,459000,-391000,68000
2008/05/14,0,179000,-615000,-436000
2008/05/15,0,90000,-906000,-816000
2008/05/16,0,174000,-196000,-22000
2008/05/19,0,362000,-374000,-12000
2008/05/20,0,285000,-148000,137000
2008/05/21,0,55000,-93000,-38000
2008/05/22,0,162000,-50315,111685
2008/05/23,0,480000,-53000,427000
2008/05/26,0,305000,-208000,97000
2008/05/27,0,23000,-157345,-134345
2008/05/28,0,30000,-243000,-213000
2008/05/29,0,10000,-388000,-378000
2008/05/30,0,38000,-314000,-276000
2008/06/02,0,35000,-475000,-440000
2008/06/03,0,125000,-957000,-832000
2008/06/04,0,70000,-10000,60000
2008/06/05,0,216000,-324000,-108000
2008/06/06,0,43000,-17000,26000
2008/06/09,0,21000,-19000,2000
2008/06/10,0,38000,-220000,-182000
2008/06/11,0,103000,-360000,-257000
2008/06/12,0,178000,-120000,58000
2008/06/13,0,55000,-125000,-70000
2008/06/16,0,128000,-103000,25000
2008/06/17,0,315000,-63000,252000
2008/06/18,0,112000,-30000,82000
2008/06/19,0,316000,-90000,226000
2008/06/20,0,112000,-326000,-214000
2008/06/23,0,361000,-83000,278000
2008/06/24,0,267000,-18000,249000
2008/06/25,0,653000,-204000,449000
2008/06/26,0,303000,-55000,248000
2008/06/27,0,234000,-163000,71000
2008/06/30,0,148000,-52000,96000
2008/07/01,0,442000,-20000,422000
2008/07/02,0,357000,-27000,330000
2008/07/03,0,264000,-260000,4000
2008/07/04,0,125000,-92000,33000
2008/07/07,0,217000,-55000,162000
2008/07/08,0,203000,-401000,-198000
2008/07/09,0,281000,-57000,224000
2008/07/10,0,155000,-32000,123000
2008/07/11,0,98000,-201000,-103000
2008/07/14,0,82000,-36000,46000
2008/07/15,0,96000,-334000,-238000
2008/07/16,0,55000,-267000,-212000
2008/07/17,0,199000,-49625,149375
2008/07/18,0,252000,-929000,-677000
2008/07/21,0,526000,-12000,514000
2008/07/22,0,1520000,-1000,1519000
2008/07/23,0,1040000,-166000,874000
2008/07/24,0,1111000,-679856,431144
2008/07/25,0,119000,-613853,-494853
2008/07/28,0,0,0,0
2008/07/29,0,105000,-219000,-114000
2008/07/30,0,232000,-257000,-25000
2008/07/31,0,284000,-864000,-580000
2008/08/01,0,264000,-3000,261000
2008/08/04,0,437000,-554000,-117000
2008/08/05,0,223000,-967000,-744000
2008/08/06,0,214000,-381000,-167000
2008/08/07,0,131000,-159000,-28000
2008/08/08,0,467000,0,467000
2008/08/11,0,631000,-374000,257000
2008/08/12,0,4000,-396000,-392000
2008/08/13,0,147000,-23000,124000
2008/08/14,0,388000,-75000,313000
2008/08/15,0,40000,-87000,-47000
2008/08/18,0,48000,-239000,-191000
2008/08/19,0,100000,-56320,43680
2008/08/20,0,196000,-318000,-122000
2008/08/21,0,29000,-229000,-200000
2008/08/22,0,159000,-237000,-78000
2008/08/25,0,28000,-398620,-370620
2008/08/26,0,126000,-19000,107000
2008/08/27,0,145000,-8950,136050
2008/08/28,0,401230,-440000,-38770
2008/08/29,0,169000,-36000,133000
2008/09/01,0,168000,0,168000
2008/09/02,0,68114,-37000,31114
2008/09/03,0,151000,-575000,-424000
2008/09/04,0,114000,-69008,44992
2008/09/05,0,97000,-73000,24000
2008/09/08,0,255000,-36000,219000
2008/09/09,0,126000,-165056,-39056
2008/09/10,0,133000,-181000,-48000
2008/09/11,0,335000,-278000,57000
2008/09/12,0,289000,-42000,247000
2008/09/15,0,29000,-130000,-101000
2008/09/16,0,373000,-479000,-106000
2008/09/17,0,483000,-1053000,-570000
2008/09/18,0,104000,-2091000,-1987000
2008/09/19,0,828000,-1505176,-677176
2008/09/22,0,570000,-312000,258000
2008/09/23,0,188000,-524000,-336000
2008/09/24,0,213000,-299000,-86000
2008/09/25,0,658000,-98000,560000
2008/09/26,0,265000,-488000,-223000
2008/09/29,0,0,0,0
2008/09/30,0,100000,-129000,-29000
2008/10/01,0,310770,-634000,-323230
2008/10/02,0,78000,-52000,26000
2008/10/03,0,200000,-433000,-233000
2008/10/06,0,116000,-1286242,-1170242
2008/10/07,0,429000,-87000,342000
2008/10/08,0,709000,-577060,131940
2008/10/09,0,188000,-117000,71000
2008/10/10,0,0,0,0
2008/10/13,0,128000,-53000,75000
2008/10/14,0,43000,0,43000
2008/10/15,0,60000,-138972,-78972
2008/10/16,0,100000,-4000,96000
2008/10/17,0,244000,-133000,111000
2008/10/20,0,30000,-31774,-1774
2008/10/21,0,436000,-73000,363000
2008/10/22,0,92000,-283000,-191000
2008/10/23,0,120000,-12393,107607
2008/10/24,0,100000,0,100000
2008/10/27,0,84000,-342000,-258000
2008/10/28,0,104000,-147000,-43000
2008/10/29,0,177000,-105000,72000
2008/10/30,0,664000,-38000,626000
2008/10/31,0,1046000,-276000,770000
2008/11/03,0,798000,-899000,-101000
2008/11/04,0,167000,-928299,-761299
2008/11/05,0,852000,-673000,179000
2008/11/06,0,265000,-263000,2000
2008/11/07,0,482000,-367554,114446
2008/11/10,0,90000,-859000,-769000
2008/11/11,0,661000,-167000,494000
2008/11/12,0,150000,-260000,-110000
2008/11/13,0,252000,-429457,-177457
2008/11/14,0,118000,-216000,-98000
2008/11/17,0,152000,-120266,31734
2008/11/18,0,449000,-64000,385000
2008/11/19,0,186000,-242000,-56000
2008/11/20,0,193000,-350000,-157000
2008/11/21,0,286000,-64000,222000
2008/11/24,0,202000,-389000,-187000
2008/11/25,0,413000,-33000,380000
2008/11/26,0,196000,-27000,169000
2008/11/27,0,327000,-501000,-174000
2008/11/28,0,739000,-57000,682000
2008/12/01,0,599000,-82000,517000
2008/12/02,0,98000,-151000,-53000
2008/12/03,0,142000,-124000,18000
2008/12/04,0,103000,-108000,-5000
2008/12/05,0,159000,-137000,22000
2008/12/08,0,622000,-99110,522890
2008/12/09,0,757000,-108000,649000
2008/12/10,0,390000,-195000,195000
2008/12/11,0,111000,-320000,-209000
2008/12/12,0,46000,-256000,-210000
2008/12/15,0,1328000,-126000,1202000
2008/12/16,0,526000,-101000,425000
2008/12/17,0,339000,-1943000,-1604000
2008/12/18,0,133000,-375000,-242000
2008/12/19,0,406000,-131000,275000
2008/12/22,0,577000,-119000,458000
2008/12/23,0,119000,-207000,-88000
2008/12/24,0,97000,-52000,45000
2008/12/25,0,17000,-38000,-21000
2008/12/26,0,34000,-45000,-11000
2008/12/29,0,147000,-8000,139000
2008/12/30,0,327000,-62871,264129
2008/12/31,0,276000,-307285,-31285
2009/01/01,0,0,0,0
2009/01/02,0,0,0,0
2009/01/05,0,260000,-112000,148000
2009/01/06,0,541000,-49000,492000
2009/01/07,0,1116000,-174000,942000
2009/01/08,0,205000,-530000,-325000
2009/01/09,0,215000,-91000,124000
2009/01/12,0,236000,-209000,27000
2009/01/13,0,420000,-369000,51000
2009/01/14,0,286000,-87000,199000
2009/01/15,0,169000,-453000,-284000
2009/01/16,0,130000,-364000,-234000
2009/01/19,0,100040,-27000,73040
2009/01/20,0,668000,-156000,512000
2009/01/21,0,208000,-256482,-48482
2009/01/22,0,0,0,0
2009/01/23,0,0,0,0
2009/01/26,0,0,0,0
2009/01/27,0,0,0,0
2009/01/28,0,0,0,0
2009/01/29,0,0,0,0
2009/01/30,0,0,0,0
2009/02/02,0,103000,-142506,-39506
2009/02/03,0,120000,-366000,-246000
2009/02/04,0,73000,-297000,-224000
2009/02/05,0,130000,-72000,58000
2009/02/06,0,424000,-113000,311000
2009/02/09,0,9000,-611000,-602000
2009/02/10,0,154000,-315000,-161000
2009/02/11,0,1384000,-157004,1226996
2009/02/12,0,133000,-363000,-230000
2009/02/13,0,2153000,-150000,2003000
2009/02/16,0,1307000,-153000,1154000
2009/02/17,0,316000,-213000,103000
2009/02/18,0,780000,-480000,300000
2009/02/19,0,517000,-511000,6000
2009/02/20,0,843000,-476773,366227
2009/02/23,0,264000,-279000,-15000
2009/02/24,0,221000,-116000,105000
2009/02/25,0,909000,-170000,739000
2009/02/26,0,203000,-144000,59000
2009/02/27,0,172000,-293000,-121000
2009/03/02,0,2446000,-365000,2081000
2009/03/03,0,270000,-31000,239000
2009/03/04,0,664000,-616000,48000
2009/03/05,0,1245000,-663000,582000
2009/03/06,0,811000,-127000,684000
2009/03/09,0,301000,-166000,135000
2009/03/10,0,741000,-324000,417000
2009/03/11,0,1071000,-1055000,16000
2009/03/12,0,257000,-829000,-572000
2009/03/13,0,1267000,-140000,1127000
2009/03/16,0,1994000,-623000,1371000
2009/03/17,0,1320000,-337000,983000
2009/03/18,0,471000,-580000,-109000
2009/03/19,0,804000,-1055415,-251415
2009/03/20,0,300000,-694000,-394000
2009/03/23,0,404000,-961000,-557000
2009/03/24,0,1079000,-1777000,-698000
2009/03/25,0,427000,-1097000,-670000
2009/03/26,0,662000,-513000,149000
2009/03/27,0,126000,-973000,-847000
2009/03/30,0,120000,-1163000,-1043000
2009/03/31,0,261000,-694000,-433000
2009/04/01,0,1067000,-525000,542000
2009/04/02,0,2110000,-715414,1394586
2009/04/03,0,490000,-1584000,-1094000
2009/04/06,0,122000,-435000,-313000
2009/04/07,0,333000,-253000,80000
2009/04/08,0,609000,-528000,81000
2009/04/09,0,1247000,-938000,309000
2009/04/10,0,2453000,-3914000,-1461000
2009/04/13,0,1738000,-814000,924000
2009/04/14,0,831000,-246000,585000
2009/04/15,0,739000,-540000,199000
2009/04/16,0,855000,-677000,178000
2009/04/17,0,218000,-656411,-438411
2009/04/20,0,808000,-718004,89996
2009/04/21,0,756000,-4022000,-3266000
2009/04/22,0,111000,-2677000,-2566000
2009/04/23,0,335000,-1766000,-1431000
2009/04/24,0,591000,-3058920,-2467920
2009/04/27,0,426000,-520000,-94000
2009/04/28,0,594000,-797000,-203000
2009/04/29,0,997000,-2870000,-1873000
2009/04/30,0,623000,-471000,152000
2009/05/01,0,0,0,0
2009/05/04,0,200000,-150000,50000
2009/05/05,0,1355000,-1061000,294000
2009/05/06,0,739000,-328835,410165
2009/05/07,0,966000,-472000,494000
2009/05/08,0,528000,-160000,368000
2009/05/11,0,189000,-226000,-37000
2009/05/12,0,192000,-573000,-381000
2009/05/13,0,1708000,-360000,1348000
2009/05/14,0,360000,-268000,92000
2009/05/15,0,1291000,-350000,941000
2009/05/18,0,420000,-559000,-139000
2009/05/19,0,237000,-209000,28000
2009/05/20,0,270000,-470000,-200000
2009/05/21,0,105000,-446000,-341000
2009/05/22,0,73000,-235000,-162000
2009/05/25,0,188000,-813000,-625000
2009/05/26,0,1128000,-544000,584000
2009/05/27,0,862000,-298000,564000
2009/05/28,0,0,0,0
2009/05/29,0,0,0,0
2009/06/01,0,677000,-187000,490000
2009/06/02,0,125000,-763000,-638000
2009/06/03,0,287000,-383994,-96994
2009/06/04,0,404000,-513000,-109000
2009/06/05,0,562000,-405000,157000
2009/06/08,0,154000,-668000,-514000
2009/06/09,0,915000,-1241000,-326000
2009/06/10,0,714000,-31000,683000
2009/06/11,0,1404000,-501000,903000
2009/06/12,0,961000,-718000,243000
2009/06/15,0,271000,-684000,-413000
2009/06/16,0,306000,-1653000,-1347000
2009/06/17,0,168000,-182000,-14000
2009/06/18,0,318000,-472000,-154000
2009/06/19,0,337000,-69000,268000
2009/06/22,0,113000,-360000,-247000
2009/06/23,0,418000,-218000,200000
2009/06/24,0,489000,-556000,-67000
2009/06/25,0,338000,-297000,41000
2009/06/26,0,39000,-224000,-185000
2009/06/29,0,216000,-52000,164000
2009/06/30,0,452000,-1288000,-836000
2009/07/01,0,645000,-923000,-278000
2009/07/02,0,207000,-422000,-215000
2009/07/03,0,200000,-30000,170000
2009/07/06,0,1750000,-138000,1612000
2009/07/07,0,837000,-23000,814000
2009/07/08,0,293000,-570000,-277000
2009/07/09,0,451000,-461000,-10000
2009/07/10,0,113000,-269000,-156000
2009/07/13,0,275000,-1436000,-1161000
2009/07/14,0,372000,-161000,211000
2009/07/15,0,704283,-212000,492283
2009/07/16,0,298000,-461000,-163000
2009/07/17,0,500000,-326000,174000
2009/07/20,0,303000,-177000,126000
2009/07/21,0,919000,-336000,583000
2009/07/22,0,505000,-180000,325000
2009/07/23,0,1522000,-1450000,72000
2009/07/24,0,448000,-876000,-428000
2009/07/27,0,376000,-187000,189000
2009/07/28,0,1044523,-758000,286523
2009/07/29,0,656000,-271000,385000
2009/07/30,0,584000,-358000,226000
2009/07/31,0,204000,-1067000,-863000
2009/08/03,0,680306,-534000,146306
2009/08/04,0,1937000,-1307000,630000
2009/08/05,0,422000,-1334000,-912000
2009/08/06,0,140000,-1307000,-1167000
2009/08/07,0,0,0,0
2009/08/10,0,991000,-1641000,-650000
2009/08/11,0,388000,-986000,-598000
2009/08/12,0,919000,-183000,736000
2009/08/13,0,1604000,-34000,1570000
2009/08/14,0,3335000,-869000,2466000
2009/08/17,0,359000,-889000,-530000
2009/08/18,0,1005000,-744000,261000
2009/08/19,0,221000,-896000,-675000
2009/08/20,0,398000,-1147000,-749000
2009/08/21,0,840000,-717000,123000
2009/08/24,0,104000,-775000,-671000
2009/08/25,0,22000,-326000,-304000
2009/08/26,0,180000,-876000,-696000
2009/08/27,0,27000,-521000,-494000
2009/08/28,0,354000,-271000,83000
2009/08/31,0,265000,-225000,40000
2009/09/01,0,208000,-84000,124000
2009/09/02,0,225000,-362000,-137000
2009/09/03,0,120000,-239000,-119000
2009/09/04,0,275000,-179000,96000
2009/09/07,0,215000,-312000,-97000
2009/09/08,0,411000,-1720000,-1309000
2009/09/09,0,95000,-228000,-133000
2009/09/10,0,339000,-119000,220000
2009/09/11,0,38000,-54000,-16000
2009/09/14,0,44000,-237000,-193000
2009/09/15,0,34000,-17000,17000
2009/09/16,0,460000,-42000,418000
2009/09/17,0,370000,-102000,268000
2009/09/18,0,135000,-173000,-38000
2009/09/21,0,197000,-459000,-262000
2009/09/22,0,99000,-218000,-119000
2009/09/23,0,46000,-463476,-417476
2009/09/24,0,41000,-34000,7000
2009/09/25,0,56000,-314000,-258000
2009/09/28,0,90000,-86815,3185
2009/09/29,0,78000,-115000,-37000
2009/09/30,0,74000,-251000,-177000
2009/10/01,0,108000,-359000,-251000
2009/10/02,0,459000,-162000,297000
2009/10/05,0,324000,-113000,211000
2009/10/06,0,29000,-177000,-148000
2009/10/07,0,42000,-153000,-111000
2009/10/08,0,346000,-553000,-207000
2009/10/09,0,77000,-93000,-16000
2009/10/12,0,65000,-129000,-64000
2009/10/13,0,563000,-277000,286000
2009/10/14,0,58000,-133000,-75000
2009/10/15,0,247000,-257000,-10000
2009/10/16,0,170000,-158000,12000
2009/10/19,0,79000,-159000,-80000
2009/10/20,0,299000,-165000,134000
2009/10/21,0,552000,-38483,513517
2009/10/22,0,135000,-147000,-12000
2009/10/23,0,122000,0,122000
2009/10/26,0,75000,-87000,-12000
2009/10/27,0,312000,-145000,167000
2009/10/28,0,227000,-716000,-489000
2009/10/29,0,1181000,-450000,731000
2009/10/30,0,235000,-139000,96000
2009/11/02,0,319000,-476000,-157000
2009/11/03,0,136000,-282000,-146000
2009/11/04,0,427000,-181000,246000
2009/11/05,0,72000,-68000,4000
2009/11/06,0,94000,-181000,-87000
2009/11/09,0,429000,-338000,91000
2009/11/10,0,189000,-132000,57000
2009/11/11,0,234000,-108000,126000
2009/11/12,0,28000,-219000,-191000
2009/11/13,0,263000,-166000,97000
2009/11/16,0,110000,-64000,46000
2009/11/17,0,196000,-83000,113000
2009/11/18,0,8000,-83000,-75000
2009/11/19,0,208000,-153000,55000
2009/11/20,0,137000,-212000,-75000
2009/11/23,0,41000,-62000,-21000
2009/11/24,0,11000,-478000,-467000
2009/11/25,0,117000,-100000,17000
2009/11/26,0,74000,-323000,-249000
2009/11/27,0,245000,-967000,-722000
2009/11/30,0,47000,-655038,-608038
2009/12/01,0,263000,-206000,57000
2009/12/02,0,116000,-190000,-74000
2009/12/03,0,53000,-45000,8000
2009/12/04,0,92000,-21000,71000
2009/12/07,0,39000,-22000,17000
2009/12/08,0,65000,-131000,-66000
2009/12/09,0,24000,-94000,-70000
2009/12/10,0,14000,-192000,-178000
2009/12/11,0,68000,-79838,-11838
2009/12/14,0,475000,-135000,340000
2009/12/15,0,190000,-348000,-158000
2009/12/16,0,16000,-406000,-390000
2009/12/17,0,14000,-402000,-388000
2009/12/18,0,15000,-40000,-25000
2009/12/21,0,40000,-151000,-111000
2009/12/22,0,55000,-60778,-5778
2009/12/23,0,70000,-120000,-50000
2009/12/24,0,17000,-81000,-64000
2009/12/25,0,320000,-97000,223000
2009/12/28,0,615000,-35000,580000
2009/12/29,0,38000,-249000,-211000
2009/12/30,0,37000,-102000,-65000
2009/12/31,0,76000,-61000,15000
2010/01/01,0,0,0,0
2010/01/04,0,36000,-355000,-319000
2010/01/05,0,2213000,-647000,1566000
2010/01/06,0,818000,-689000,129000
2010/01/07,0,273000,-324000,-51000
2010/01/08,0,193000,-614000,-421000
2010/01/11,0,75000,-381000,-306000
2010/01/12,0,119000,-222000,-103000
2010/01/13,0,131000,-506000,-375000
2010/01/14,0,253000,-155748,97252
2010/01/15,0,18000,-184000,-166000
2010/01/18,0,22000,-121000,-99000
2010/01/19,0,338000,-93000,245000
2010/01/20,0,19000,-316000,-297000
2010/01/21,0,67000,-60000,7000
2010/01/22,0,566000,-778000,-212000
2010/01/25,0,320000,-489000,-169000
2010/01/26,0,110000,-636000,-526000
2010/01/27,0,82000,-744000,-662000
2010/01/28,0,228000,-50000,178000
2010/01/29,0,178000,-208000,-30000
2010/02/01,0,344000,-207000,137000
2010/02/02,0,326000,-68000,258000
2010/02/03,0,642000,-17000,625000
2010/02/04,0,1000,-84000,-83000
2010/02/05,0,212000,-83000,129000
2010/02/08,0,245000,-116988,128012
2010/02/09,0,192000,-568000,-376000
2010/02/10,0,88000,-720000,-632000
2010/02/11,0,0,0,0
2010/02/12,0,0,0,0
2010/02/15,0,0,0,0
2010/02/16,0,0,0,0
2010/02/17,0,0,0,0
2010/02/18,0,0,0,0
2010/02/19,0,0,0,0
2010/02/22,0,207000,-6000,201000
2010/02/23,0,554000,-53000,501000
2010/02/24,0,181000,-152000,29000
2010/02/25,0,186000,-144000,42000
2010/02/26,0,101000,-25000,76000
2010/03/01,0,352000,-48000,304000
2010/03/02,0,151000,-188000,-37000
2010/03/03,0,272000,-8000,264000
2010/03/04,0,59000,-239000,-180000
2010/03/05,0,114000,-41000,73000
2010/03/08,0,87000,-35000,52000
2010/03/09,0,41000,-30000,11000
2010/03/10,0,146000,-30000,116000
2010/03/11,0,19000,-90000,-71000
2010/03/12,0,63000,-1000,62000
2010/03/15,0,46000,-235000,-189000
2010/03/16,0,39000,-78000,-39000
2010/03/17,0,514000,-16000,498000
2010/03/18,0,374000,-18000,356000
2010/03/19,0,430000,0,430000
2010/03/22,0,11000,-176000,-165000
2010/03/23,0,62000,-8000,54000
2010/03/24,0,206000,-60231,145769
2010/03/25,0,397000,-52000,345000
2010/03/26,0,218000,-109000,109000
2010/03/29,0,127000,-94000,33000
2010/03/30,0,17000,-23000,-6000
2010/03/31,0,55000,0,55000
2010/04/01,0,1229000,-2000,1227000
2010/04/02,0,393000,-85000,308000
2010/04/05,0,0,0,0
2010/04/06,0,221000,-159000,62000
2010/04/07,0,249000,-428000,-179000
2010/04/08,0,630000,-352000,278000
2010/04/09,0,134000,-120000,14000
2010/04/12,0,147000,-125000,22000
2010/04/13,0,1220000,-99000,1121000
2010/04/14,0,786000,-161000,625000
2010/04/15,0,1295000,-159000,1136000
2010/04/16,0,199000,-194000,5000
2010/04/19,0,780000,-1114000,-334000
2010/04/20,0,163000,-1200000,-1037000
2010/04/21,0,218000,-2781000,-2563000
2010/04/22,0,217000,-418000,-201000
2010/04/23,0,305000,-939000,-634000
2010/04/26,0,402000,-682000,-280000
2010/04/27,0,158000,-162000,-4000
2010/04/28,0,420000,-113000,307000
2010/04/29,0,30000,-142000,-112000
2010/04/30,0,106000,-363000,-257000
2010/05/03,0,206465,-267000,-60535
2010/05/04,0,384000,-162000,222000
2010/05/05,0,751000,-612000,139000
2010/05/06,0,304000,-386000,-82000
2010/05/07,0,227000,-290000,-63000
2010/05/10,0,2168000,-555000,1613000
2010/05/11,0,632000,-909000,-277000
2010/05/12,0,173000,-91000,82000
2010/05/13,0,561535,-235000,326535
2010/05/14,0,399000,-425000,-26000
2010/05/17,0,512000,-469000,43000
2010/05/18,0,239000,-11000,228000
2010/05/19,0,724000,-87000,637000
2010/05/20,0,34000,-923000,-889000
2010/05/21,0,42000,-1448000,-1406000
2010/05/24,0,43000,-87000,-44000
2010/05/25,0,127000,-419000,-292000
2010/05/26,0,166000,-118000,48000
2010/05/27,0,185000,-29000,156000
2010/05/28,0,164000,-357000,-193000
2010/05/31,0,49000,-100000,-51000
2010/06/01,0,14000,-208000,-194000
2010/06/02,0,60000,-78000,-18000
2010/06/03,0,37000,-700000,-663000
2010/06/04,0,14000,-87000,-73000
2010/06/07,0,29000,-137000,-108000
2010/06/08,0,38000,-137000,-99000
2010/06/09,0,61000,-290000,-229000
2010/06/10,0,75000,-39000,36000
2010/06/11,0,438000,-5000,433000
2010/06/14,0,44000,-410000,-366000
2010/06/15,0,541000,-75000,466000
2010/06/16,0,0,0,0
2010/06/17,0,590000,-69000,521000
2010/06/18,0,223000,-46000,177000
2010/06/21,0,743000,-128000,615000
2010/06/22,0,97000,-79000,18000
2010/06/23,0,104000,-300000,-196000
2010/06/24,0,8000,-82000,-74000
2010/06/25,0,126000,-140000,-14000
2010/06/28,0,11000,-9000,2000
2010/06/29,0,159000,-33000,126000
2010/06/30,0,86000,-341000,-255000
2010/07/01,0,107000,-32000,75000
2010/07/02,0,106000,-135000,-29000
2010/07/05,0,97000,-38000,59000
2010/07/06,0,562000,-7000,555000
2010/07/07,0,438000,-16000,422000
2010/07/08,0,100000,-53948,46052
2010/07/09,0,858000,-236000,622000
2010/07/12,0,201000,-70000,131000
2010/07/13,0,1809000,-58000,1751000
2010/07/14,0,372000,-569000,-197000
2010/07/15,0,25000,-55000,-30000
2010/07/16,0,54000,-658000,-604000
2010/07/19,0,32000,-269000,-237000
2010/07/20,0,109000,-511000,-402000
2010/07/21,0,91000,-110000,-19000
2010/07/22,0,205000,-96000,109000
2010/07/23,0,240000,-106000,134000
2010/07/26,0,54000,-73000,-19000
2010/07/27,0,63000,-52000,11000
2010/07/28,0,487000,-27000,460000
2010/07/29,0,1213000,-126000,1087000
2010/07/30,0,1041000,-458000,583000
2010/08/02,0,813000,-1170000,-357000
2010/08/03,0,114200,-1861000,-1746800
2010/08/04,0,598000,-535000,63000
2010/08/05,0,408000,-511200,-103200
2010/08/06,0,173220,-95000,78220
2010/08/09,0,906000,-349220,556780
2010/08/10,0,57000,-637000,-580000
2010/08/11,0,14000,-501000,-487000
2010/08/12,0,42000,-184000,-142000
2010/08/13,0,101200,-107000,-5800
2010/08/16,0,608000,-43000,565000
2010/08/17,0,206000,-74000,132000
2010/08/18,0,670000,-324000,346000
2010/08/19,0,82000,-624000,-542000
2010/08/20,0,121000,-953000,-832000
2010/08/23,0,775000,-269000,506000
2010/08/24,0,259000,-638000,-379000
2010/08/25,0,163000,-484000,-321000
2010/08/26,0,341000,-163000,178000
2010/08/27,0,129000,-371000,-242000
2010/08/30,0,263000,-225000,38000
2010/08/31,0,158000,-267000,-109000
2010/09/01,0,253000,-228000,25000
2010/09/02,0,1224000,-288000,936000
2010/09/03,0,1159000,-712000,447000
2010/09/06,0,499000,-350104,148896
2010/09/07,0,678000,-121000,557000
2010/09/08,0,393000,-142000,251000
2010/09/09,0,368000,-707000,-339000
2010/09/10,0,601000,-222000,379000
2010/09/13,0,618000,-272000,346000
2010/09/14,0,204000,-467000,-263000
2010/09/15,0,107000,-414000,-307000
2010/09/16,0,42000,-115200,-73200
2010/09/17,0,251000,-145000,106000
2010/09/20,0,881000,-234000,647000
2010/09/21,0,266000,-1028000,-762000
2010/09/22,0,0,0,0
2010/09/23,0,117650,-2163000,-2045350
2010/09/24,0,126000,-287000,-161000
2010/09/27,0,528000,-415650,112350
2010/09/28,0,2000000,-149000,1851000
2010/09/29,0,632000,-152000,480000
2010/09/30,0,201000,-427000,-226000
2010/10/01,0,285000,-106000,179000
2010/10/04,0,408000,-122000,286000
2010/10/05,0,112000,-130000,-18000
2010/10/06,0,1245000,-98000,1147000
2010/10/07,0,584000,-355567,228433
2010/10/08,0,880000,-1252000,-372000
2010/10/11,0,159000,-219000,-60000
2010/10/12,0,333000,-196000,137000
2010/10/13,0,361000,-333000,28000
2010/10/14,0,697000,-621000,76000
2010/10/15,0,211000,-167000,44000
2010/10/18,0,83000,-988000,-905000
2010/10/19,0,89000,-333000,-244000
2010/10/20,0,129000,-101000,28000
2010/10/21,0,97000,-121000,-24000
2010/10/22,0,279000,-275000,4000
2010/10/25,0,150000,-119000,31000
2010/10/26,0,215000,-337000,-122000
2010/10/27,0,194000,-223000,-29000
2010/10/28,0,82000,-77000,5000
2010/10/29,0,65000,-283000,-218000
2010/11/01,0,376000,-409000,-33000
2010/11/02,0,204000,-480000,-276000
2010/11/03,0,234000,-263000,-29000
2010/11/04,0,456000,-130000,326000
2010/11/05,0,562000,-254000,308000
2010/11/08,0,345000,-529000,-184000
2010/11/09,0,309331,-90000,219331
2010/11/10,0,506000,-89000,417000
2010/11/11,0,150000,-302000,-152000
2010/11/12,0,254000,-184000,70000
2010/11/15,0,282000,-703000,-421000
2010/11/16,0,534000,-28000,506000
2010/11/17,0,326000,-121000,205000
2010/11/18,0,278000,0,278000
2010/11/19,0,184500,-179000,5500
2010/11/22,0,254000,-152000,102000
2010/11/23,0,419000,-13500,405500
2010/11/24,0,352000,-72000,280000
2010/11/25,0,1570000,-117000,1453000
2010/11/26,0,834000,-1019000,-185000
2010/11/29,0,212000,-316000,-104000
2010/11/30,0,1906000,-476000,1430000
2010/12/01,0,2640000,-1751000,889000
2010/12/02,0,727000,-260000,467000
2010/12/03,0,919000,-279000,640000
2010/12/06,0,61000,-818856,-757856
2010/12/07,0,2588000,-169000,2419000
2010/12/08,0,990600,-1536000,-545400
2010/12/09,0,278000,-1358000,-1080000
2010/12/10,0,740000,-31000,709000
2010/12/13,0,409000,0,409000
2010/12/14,0,34000,-619000,-585000
2010/12/15,0,502000,-122000,380000
2010/12/16,0,188000,-187000,1000
2010/12/17,0,123000,-485000,-362000
2010/12/20,0,659000,-596000,63000
2010/12/21,0,396000,-654600,-258600
2010/12/22,0,361000,-221000,140000
2010/12/23,0,1396000,-754000,642000
2010/12/24,0,1043000,-579000,464000
2010/12/27,0,1099000,-1312187,-213187
2010/12/28,0,240000,-313844,-73844
2010/12/29,0,420000,-405124,14876
2010/12/30,0,486000,-567000,-81000
2010/12/31,0,424400,-834000,-409600
2011/01/03,0,3344000,-445400,2898600
2011/01/04,0,1947000,-509300,1437700
2011/01/05,0,902000,-2409000,-1507000
2011/01/06,0,330000,-1535548,-1205548
2011/01/07,0,461000,-1394460,-933460
2011/01/10,0,80000,-247000,-167000
2011/01/11,0,340000,-524000,-184000
2011/01/12,0,584000,-620809,-36809
2011/01/13,0,247000,-578000,-331000
2011/01/14,0,174000,-580000,-406000
2011/01/17,0,54000,-2978756,-2924756
2011/01/18,0,121000,-481000,-360000
2011/01/19,0,142000,-715000,-573000
2011/01/20,0,30000,-155000,-125000
2011/01/21,0,27000,-414000,-387000
2011/01/24,0,27000,-870000,-843000
2011/01/25,0,75000,-128000,-53000
2011/01/26,0,75000,-549000,-474000
2011/01/27,0,77000,-585000,-508000
2011/01/28,0,30000,-931000,-901000
2011/01/31,0,0,0,0
2011/02/01,0,0,0,0
2011/02/02,0,0,0,0
2011/02/03,0,0,0,0
2011/02/04,0,0,0,0
2011/02/07,0,0,0,0
2011/02/08,0,386000,-597000,-211000
2011/02/09,0,65000,-702090,-637090
2011/02/10,0,274000,-159810,114190
2011/02/11,0,133000,-638000,-505000
2011/02/14,0,996000,-81000,915000
2011/02/15,0,379000,-790000,-411000
2011/02/16,0,738000,-667000,71000
2011/02/17,0,100000,-528000,-428000
2011/02/18,0,92000,-2453000,-2361000
2011/02/21,0,68000,-591582,-523582
2011/02/22,0,301000,-211000,90000
2011/02/23,0,618000,-482000,136000
2011/02/24,0,641000,-550040,90960
2011/02/25,0,565000,-710180,-145180
2011/02/28,0,0,0,0
2011/03/01,0,816000,-521000,295000
2011/03/02,0,1691000,-2290000,-599000
2011/03/03,0,863000,-2139000,-1276000
2011/03/04,0,416000,-819000,-403000
2011/03/07,0,89000,-173000,-84000
2011/03/08,0,168000,-786746,-618746
2011/03/09,0,185000,-698756,-513756
2011/03/10,0,97000,-110000,-13000
2011/03/11,0,156000,-184000,-28000
2011/03/14,0,1143000,-450000,693000
2011/03/15,0,1309000,-1010000,299000
2011/03/16,0,1073000,-1008000,65000
2011/03/17,0,243000,-361000,-118000
2011/03/18,0,1035000,-302079,732921
2011/03/21,0,323000,-715000,-392000
2011/03/22,0,89000,-786000,-697000
2011/03/23,0,3167000,-1187000,1980000
2011/03/24,0,1148000,-1971000,-823000
2011/03/25,0,510000,-331000,179000
2011/03/28,0,583000,-374000,209000
2011/03/29,0,3083000,-863000,2220000
2011/03/30,0,403000,-1511000,-1108000
2011/03/31,0,452000,-1550000,-1098000
2011/04/01,0,655000,-384000,271000
2011/04/04,0,0,0,0
2011/04/05,0,0,0,0
2011/04/06,0,386000,-933000,-547000
2011/04/07,0,729000,-133000,596000
2011/04/08,0,1694000,-412366,1281634
2011/04/11,0,821000,-845000,-24000
2011/04/12,0,985000,-1012000,-27000
2011/04/13,0,679000,-1167000,-488000
2011/04/14,0,2120000,-513000,1607000
2011/04/15,0,591000,-1660000,-1069000
2011/04/18,0,446000,-667902,-221902
2011/04/19,0,356000,-869000,-513000
2011/04/20,0,2111000,-461000,1650000
2011/04/21,0,1665000,-1163000,502000
2011/04/22,0,381000,-350000,31000
2011/04/25,0,484000,-437000,47000
2011/04/26,0,178000,-914000,-736000
2011/04/27,0,1024000,-1082000,-58000
2011/04/28,0,707000,-665000,42000
2011/04/29,0,406000,-1994000,-1588000
2011/05/02,0,0,0,0
2011/05/03,0,836000,-565840,270160
2011/05/04,0,961000,-226000,735000
2011/05/05,0,1658000,-110000,1548000
2011/05/06,0,1505000,-742000,763000
2011/05/09,0,2155000,-393000,1762000
2011/05/10,0,555000,-582000,-27000
2011/05/11,0,877000,-928022,-51022
2011/05/12,0,629000,-221000,408000
2011/05/13,0,513000,-592000,-79000
2011/05/16,0,474000,-1243000,-769000
2011/05/17,0,617000,-663000,-46000
2011/05/18,0,667000,-444000,223000
2011/05/19,0,627000,-284648,342352
2011/05/20,0,390000,-365000,25000
2011/05/23,0,375000,-530000,-155000
2011/05/24,0,772000,-417000,355000
2011/05/25,0,215000,-461000,-246000
2011/05/26,0,267000,-268000,-1000
2011/05/27,0,774000,-735000,39000
2011/05/30,0,2493000,-1544000,949000
2011/05/31,0,672000,-1895000,-1223000
2011/06/01,0,415000,-1150000,-735000
2011/06/02,0,258000,-464000,-206000
2011/06/03,0,164000,-212000,-48000
2011/06/06,0,0,0,0
2011/06/07,0,254000,-232000,22000
2011/06/08,0,127000,-412000,-285000
2011/06/09,0,333000,-726000,-393000
2011/06/10,0,99000,-536000,-437000
2011/06/13,0,770000,-487000,283000
2011/06/14,0,283000,-572000,-289000
2011/06/15,0,975000,-564000,411000
2011/06/16,0,255000,-493000,-238000
2011/06/17,0,235000,-593000,-358000
2011/06/20,0,347000,-304000,43000
2011/06/21,0,513000,-892000,-379000
2011/06/22,0,151000,-185000,-34000
2011/06/23,0,1301000,-262000,1039000
2011/06/24,0,1001000,-251000,750000
2011/06/27,0,131000,-459000,-328000
2011/06/28,0,828000,-936000,-108000
2011/06/29,0,985000,-681000,304000
2011/06/30,0,650000,-899000,-249000
2011/07/01,0,900000,-215000,685000
2011/07/04,0,198000,-702711,-504711
2011/07/05,0,242000,-971476,-729476
2011/07/06,0,218000,-397000,-179000
2011/07/07,0,505000,-641368,-136368
2011/07/08,0,477000,-616000,-139000
2011/07/11,0,581000,-299000,282000
2011/07/12,0,2682000,-383000,2299000
2011/07/13,0,1033000,-965000,68000
2011/07/14,0,1328000,-271000,1057000
2011/07/15,0,764000,-259000,505000
2011/07/18,0,647000,-714565,-67565
2011/07/19,0,585000,-424000,161000
2011/07/20,0,640000,-629000,11000
2011/07/21,0,2335000,-88000,2247000
2011/07/22,0,1653000,-1322000,331000
2011/07/25,0,2167000,-599000,1568000
2011/07/26,0,691000,-1960000,-1269000
2011/07/27,0,206000,-2254000,-2048000
2011/07/28,0,1351000,-1389000,-38000
2011/07/29,0,735000,-1374000,-639000
2011/08/01,0,714000,-383000,331000
2011/08/02,0,633000,-615273,17727
2011/08/03,0,1420000,-491000,929000
2011/08/04,0,1125000,-768151,356849
2011/08/05,0,1638000,-1588000,50000
2011/08/08,0,2016000,-1959000,57000
2011/08/09,0,2666000,-742000,1924000
2011/08/10,0,1053000,-1377000,-324000
2011/08/11,0,1001000,-957000,44000
2011/08/12,0,1261000,-1106000,155000
2011/08/15,0,392000,-757000,-365000
2011/08/16,0,347000,-1152000,-805000
2011/08/17,0,506000,-225000,281000
2011/08/18,0,623000,-358000,265000
2011/08/19,0,1668000,-273000,1395000
2011/08/22,0,1141000,-1656000,-515000
2011/08/23,0,1674000,-522000,1152000
2011/08/24,0,648000,-810000,-162000
2011/08/25,0,1415000,-1402000,13000
2011/08/26,0,934000,-2429000,-1495000
2011/08/29,0,2445000,-330000,2115000
2011/08/30,0,1396000,-518000,878000
2011/08/31,0,603000,-511000,92000
2011/09/01,0,909000,-2114000,-1205000
2011/09/02,0,741000,-630000,111000
2011/09/05,0,424000,-705000,-281000
2011/09/06,0,1476000,-2136000,-660000
2011/09/07,0,1663000,-1654000,9000
2011/09/08,0,538000,-836000,-298000
2011/09/09,0,677000,-341000,336000
2011/09/12,0,0,0,0
2011/09/13,0,487000,-1152000,-665000
2011/09/14,0,953000,-2501000,-1548000
2011/09/15,0,859000,-698000,161000
2011/09/16,0,1966000,-1514000,452000
2011/09/19,0,121000,-499000,-378000
2011/09/20,0,452000,-789000,-337000
2011/09/21,0,474000,-587000,-113000
2011/09/22,0,177000,-768000,-591000
2011/09/23,0,1042000,-2031000,-989000
2011/09/26,0,995000,-922000,73000
2011/09/27,0,968000,-353000,615000
2011/09/28,0,1528000,-365000,1163000
2011/09/29,0,1119000,-557000,562000
2011/09/30,0,386000,-1143000,-757000
2011/10/03,0,297000,-996000,-699000
2011/10/04,0,540000,-331000,209000
2011/10/05,0,262000,-579703,-317703
2011/10/06,0,695000,-235000,460000
2011/10/07,0,1366000,-291358,1074642
2011/10/10,0,0,0,0
2011/10/11,0,1593000,-184000,1409000
2011/10/12,0,992000,-608000,384000
2011/10/13,0,787000,-397000,390000
2011/10/14,0,338000,-808000,-470000
2011/10/17,0,1286000,-219000,1067000
2011/10/18,0,384000,-160089,223911
2011/10/19,0,225000,-398000,-173000
2011/10/20,0,398000,-452000,-54000
2011/10/21,0,1659000,-79932,1579068
2011/10/24,0,788000,-797000,-9000
2011/10/25,0,343000,-101000,242000
2011/10/26,0,1398000,-182000,1216000
2011/10/27,0,1599000,-2280000,-681000
2011/10/28,0,742000,-1346000,-604000
2011/10/31,0,316000,-231436,84564
2011/11/01,0,1256000,-295000,961000
2011/11/02,0,759000,-582000,177000
2011/11/03,0,310000,-483000,-173000
2011/11/04,0,3374000,-895000,2479000
2011/11/07,0,359000,-134000,225000
2011/11/08,0,595000,-148000,447000
2011/11/09,0,52000,-104000,-52000
2011/11/10,0,1135000,-961000,174000
2011/11/11,0,297000,-845000,-548000
2011/11/14,0,484000,-150000,334000
2011/11/15,0,120995,-141000,-20005
2011/11/16,0,50005,-447000,-396995
2011/11/17,0,182000,-686000,-504000
2011/11/18,0,423000,-187000,236000
2011/11/21,0,1577000,-718000,859000
2011/11/22,0,1563000,-173000,1390000
2011/11/23,0,639000,-387000,252000
2011/11/24,0,810000,-3665000,-2855000
2011/11/25,0,188000,-655000,-467000
2011/11/28,0,341000,-363000,-22000
2011/11/29,0,253000,-964000,-711000
2011/11/30,0,96000,-355000,-259000
2011/12/01,0,503000,-154000,349000
2011/12/02,0,106000,-353000,-247000
2011/12/05,0,126000,-28000,98000
2011/12/06,0,224000,-207000,17000
2011/12/07,0,170000,-400000,-230000
2011/12/08,0,117000,-362000,-245000
2011/12/09,0,228000,-380000,-152000
2011/12/12,0,80000,-467000,-387000
2011/12/13,0,119000,-478000,-359000
2011/12/14,0,189000,-500000,-311000
2011/12/15,0,181000,-126000,55000
2011/12/16,0,242000,-57968,184032
2011/12/19,0,228000,-17000,211000
2011/12/20,0,158000,-10000,148000
2011/12/21,0,701000,-241000,460000
2011/12/22,0,346000,-445000,-99000
2011/12/23,0,119000,-695000,-576000
2011/12/26,0,86000,-172000,-86000
2011/12/27,0,266000,-52000,214000
2011/12/28,0,166000,-32000,134000
2011/12/29,0,223000,-113000,110000
2011/12/30,0,86000,-264000,-178000
2012/01/02,0,208000,-82687,125313
2012/01/03,0,206000,-231000,-25000
2012/01/04,0,61000,-110000,-49000
2012/01/05,0,153000,-10000,143000
2012/01/06,0,58000,-95000,-37000
2012/01/09,0,614000,-109000,505000
2012/01/10,0,314000,-556000,-242000
2012/01/11,0,122000,-512000,-390000
2012/01/12,0,135000,-179000,-44000
2012/01/13,0,74000,-245000,-171000
2012/01/16,0,110000,-242000,-132000
2012/01/17,0,95000,-33000,62000
2012/01/18,0,20000,-240000,-220000
2012/01/19,0,0,0,0
2012/01/20,0,0,0,0
2012/01/23,0,0,0,0
2012/01/24,0,0,0,0
2012/01/25,0,0,0,0
2012/01/26,0,0,0,0
2012/01/27,0,0,0,0
2012/01/30,0,338000,-61000,277000
2012/01/31,0,455000,-396000,59000
2012/02/01,0,526000,-723000,-197000
2012/02/02,0,277000,-286000,-9000
2012/02/03,0,495000,-649000,-154000
2012/02/06,0,120000,-185382,-65382
2012/02/07,0,122000,-41000,81000
2012/02/08,0,755000,-236000,519000
2012/02/09,0,1194000,-476000,718000
2012/02/10,0,3146000,-1378000,1768000
2012/02/13,0,1512000,-1245000,267000
2012/02/14,0,318000,-1381000,-1063000
2012/02/15,0,677000,-729000,-52000
2012/02/16,0,328000,-813000,-485000
2012/02/17,0,577000,-458000,119000
2012/02/20,0,966000,-611000,355000
2012/02/21,0,258000,-746000,-488000
2012/02/22,0,670000,-144000,526000
2012/02/23,0,354000,-795000,-441000
2012/02/24,0,357000,-1920000,-1563000
2012/02/27,0,0,0,0
2012/02/28,0,0,0,0
2012/02/29,0,338030,-283000,55030
2012/03/01,0,331000,-50000,281000
2012/03/02,0,254000,-1166000,-912000
2012/03/05,0,401000,-863000,-462000
2012/03/06,0,359000,-1134000,-775000
2012/03/07,0,174000,-249000,-75000
2012/03/08,0,31000,-490000,-459000
2012/03/09,0,171000,-107000,64000
2012/03/12,0,252000,-378463,-126463
2012/03/13,0,183000,-90000,93000
2012/03/14,0,636000,-234000,402000
2012/03/15,0,155000,-183000,-28000
2012/03/16,0,313000,-302000,11000
2012/03/19,0,9000,-635000,-626000
2012/03/20,0,38000,-277000,-239000
2012/03/21,0,80000,-514000,-434000
2012/03/22,0,273000,-20000,253000
2012/03/23,0,95000,-107000,-12000
2012/03/26,0,1820000,-682000,1138000
2012/03/27,0,109000,-246000,-137000
2012/03/28,0,23000,-320000,-297000
2012/03/29,0,131000,-170684,-39684
2012/03/30,0,167000,-41000,126000
2012/04/02,0,19000,-230000,-211000
2012/04/03,0,181000,-161000,20000
2012/04/04,0,0,0,0
2012/04/05,0,204000,-79000,125000
2012/04/06,0,340000,-132000,208000
2012/04/09,0,189000,-114000,75000
2012/04/10,0,181000,-164000,17000
2012/04/11,0,160000,-26000,134000
2012/04/12,0,13000,-320000,-307000
2012/04/13,0,215000,-392000,-177000
2012/04/16,0,53000,-40000,13000
2012/04/17,0,59000,-232000,-173000
2012/04/18,0,77000,-178000,-101000
2012/04/19,0,693000,-42000,651000
2012/04/20,0,197000,-191000,6000
2012/04/23,0,233000,-230000,3000
2012/04/24,0,19000,-419000,-400000
2012/04/25,0,46000,-106000,-60000
2012/04/26,0,73010,-228000,-154990
2012/04/27,0,61000,-325198,-264198
2012/04/30,0,203000,-2000,201000
2012/05/01,0,0,0,0
2012/05/02,0,387000,-22000,365000
2012/05/03,0,48000,-22000,26000
2012/05/04,0,39000,-96000,-57000
2012/05/07,0,40000,-49000,-9000
2012/05/08,0,19000,-77779,-58779
2012/05/09,0,104000,-127267,-23267
2012/05/10,0,117000,-66000,51000
2012/05/11,0,203000,-204000,-1000
2012/05/14,0,156000,-70000,86000
2012/05/15,0,2057000,-114000,1943000
2012/05/16,0,577000,-273000,304000
2012/05/17,0,88000,-73000,15000
2012/05/18,0,482000,-24000,458000
2012/05/21,0,265000,-36000,229000
2012/05/22,0,55000,-21000,34000
2012/05/23,0,244000,-36000,208000
2012/05/24,0,470000,-11000,459000
2012/05/25,0,104000,-21000,83000
2012/05/28,0,87000,-182000,-95000
2012/05/29,0,419000,-146000,273000
2012/05/30,0,59000,-128000,-69000
2012/05/31,0,117000,-17000,100000
2012/06/01,0,188000,-42000,146000
2012/06/04,0,577000,-16000,561000
2012/06/05,0,122000,-666000,-544000
2012/06/06,0,64000,-14000,50000
2012/06/07,0,46000,-95000,-49000
2012/06/08,0,29000,-149000,-120000
2012/06/11,0,205000,-10000,195000
2012/06/12,0,244000,-88000,156000
2012/06/13,0,57000,-61000,-4000
2012/06/14,0,60000,-81000,-21000
2012/06/15,0,77000,-82000,-5000
2012/06/18,0,332000,-41000,291000
2012/06/19,0,42000,-52000,-10000
2012/06/20,0,238000,-46000,192000
2012/06/21,0,200000,-121000,79000
2012/06/22,0,94000,-40000,54000
2012/06/25,0,72000,-160000,-88000
2012/06/26,0,78000,-73000,5000
2012/06/27,0,107000,-97000,10000
2012/06/28,0,173000,-93000,80000
2012/06/29,0,353000,-72000,281000
2012/07/02,0,34000,-199000,-165000
2012/07/03,0,273000,-57000,216000
2012/07/04,0,1000,-95000,-94000
2012/07/05,0,100000,-16000,84000
2012/07/06,0,75000,-51000,24000
2012/07/09,0,49000,-89000,-40000
2012/07/10,0,142000,-66000,76000
2012/07/11,0,149000,-3000,146000
2012/07/12,0,115000,-40000,75000
2012/07/13,0,270000,-81000,189000
2012/07/16,0,43000,-385708,-342708
2012/07/17,0,134000,-120000,14000
2012/07/18,0,477000,-293000,184000
2012/07/19,0,708000,-518000,190000
2012/07/20,0,224000,-58000,166000
2012/07/23,0,366000,-48000,318000
2012/07/24,0,2067000,-6000,2061000
2012/07/25,0,1677000,-6000,1671000
2012/07/26,0,106000,-473000,-367000
2012/07/27,0,44000,-210000,-166000
2012/07/30,0,37000,-1550000,-1513000
2012/07/31,0,22000,-26000,-4000
2012/08/01,0,855000,-23000,832000
2012/08/02,0,0,0,0
2012/08/03,0,206000,-628000,-422000
2012/08/06,0,130000,-229000,-99000
2012/08/07,0,9000,-157000,-148000
2012/08/08,0,26000,-318000,-292000
2012/08/09,0,276000,-112000,164000
2012/08/10,0,581000,-268000,313000
2012/08/13,0,148000,-71000,77000
2012/08/14,0,139000,-355000,-216000
2012/08/15,0,20000,-345000,-325000
2012/08/16,0,156000,-57000,99000
2012/08/17,0,130000,-912000,-782000
2012/08/20,0,38000,-43000,-5000
2012/08/21,0,123000,-10000,113000
2012/08/22,0,225000,-150000,75000
2012/08/23,0,110000,-68000,42000
2012/08/24,0,29000,-168000,-139000
2012/08/27,0,9000,-283000,-274000
2012/08/28,0,1000,-303000,-302000
2012/08/29,0,28000,-241000,-213000
2012/08/30,0,60000,-294000,-234000
2012/08/31,0,71000,-17000,54000
2012/09/03,0,215000,-82000,133000
2012/09/04,0,727000,-261000,466000
2012/09/05,0,386000,-220000,166000
2012/09/06,0,168000,-88000,80000
2012/09/07,0,1717000,-190000,1527000
2012/09/10,0,578000,-1147000,-569000
2012/09/11,0,993000,-236000,757000
2012/09/12,0,761000,-328000,433000
2012/09/13,0,114000,-82000,32000
2012/09/14,0,1352000,-1542000,-190000
2012/09/17,0,431000,-888000,-457000
2012/09/18,0,362000,-206000,156000
2012/09/19,0,477000,-160000,317000
2012/09/20,0,158000,-140000,18000
2012/09/21,0,184000,-325000,-141000
2012/09/24,0,312000,-374000,-62000
2012/09/25,0,62000,-83000,-21000
2012/09/26,0,50000,-159000,-109000
2012/09/27,0,312000,-666000,-354000
2012/09/28,0,597000,-1565000,-968000
2012/10/01,0,519000,-315000,204000
2012/10/02,0,356000,-117000,239000
2012/10/03,0,55000,-137000,-82000
2012/10/04,0,342000,-232000,110000
2012/10/05,0,118000,-494000,-376000
2012/10/08,0,945000,-295000,650000
2012/10/09,0,312000,-939000,-627000
2012/10/10,0,0,0,0
2012/10/11,0,708000,-424000,284000
2012/10/12,0,138000,-748000,-610000
2012/10/15,0,499000,-487000,12000
2012/10/16,0,117000,-452000,-335000
2012/10/17,0,117000,-259000,-142000
2012/10/18,0,584000,-8000,576000
2012/10/19,0,2178000,-2585000,-407000
2012/10/22,0,632000,-698000,-66000
2012/10/23,0,262000,-622000,-360000
2012/10/24,0,878000,-864000,14000
2012/10/25,0,308000,-903000,-595000
2012/10/26,0,304000,-387000,-83000
2012/10/29,0,307000,-346000,-39000
2012/10/30,0,457000,-448000,9000
2012/10/31,0,97000,-390000,-293000
2012/11/01,0,446000,-197000,249000
2012/11/02,0,523000,-190000,333000
2012/11/05,0,497000,-234000,263000
2012/11/06,0,417000,-58000,359000
2012/11/07,0,90000,-1482000,-1392000
2012/11/08,0,252000,-285000,-33000
2012/11/09,0,299000,-464000,-165000
2012/11/12,0,213000,-397000,-184000
2012/11/13,0,197000,-484000,-287000
2012/11/14,0,206000,-369000,-163000
2012/11/15,0,198000,-81000,117000
2012/11/16,0,58000,-152000,-94000
2012/11/19,0,57000,-46710,10290
2012/11/20,0,236000,-35000,201000
2012/11/21,0,201000,-159000,42000
2012/11/22,0,273000,-3000,270000
2012/11/23,0,211000,-127000,84000
2012/11/26,0,226000,-193000,33000
2012/11/27,0,113000,-53000,60000
2012/11/28,0,100000,-331000,-231000
2012/11/29,0,195000,-181000,14000
2012/11/30,0,61000,-140000,-79000
2012/12/03,0,185000,-128000,57000
2012/12/04,0,150000,-16000,134000
2012/12/05,0,1216000,-22000,1194000
2012/12/06,0,328000,-197000,131000
2012/12/07,0,5212000,-509000,4703000
2012/12/10,0,1844000,-422000,1422000
2012/12/11,0,1481000,-1578000,-97000
2012/12/12,0,604000,-592000,12000
2012/12/13,0,1938000,-849000,1089000
2012/12/14,0,395000,-820000,-425000
2012/12/17,0,321000,-556000,-235000
2012/12/18,0,490000,-953000,-463000
2012/12/19,0,125000,-420000,-295000
2012/12/20,0,259000,-383172,-124172
2012/12/21,0,355000,-2966000,-2611000
2012/12/24,0,435000,-427000,8000
2012/12/25,0,868000,-519000,349000
2012/12/26,0,330000,-958000,-628000
2012/12/27,0,514002,-466000,48002
2012/12/28,0,284000,-372000,-88000
2012/12/31,0,0,0,0
2013/01/01,0,0,0,0
2013/01/02,0,585000,-72000,513000
2013/01/03,0,349000,-176000,173000
2013/01/04,0,1040000,-1176000,-136000
2013/01/07,0,439000,-341000,98000
2013/01/08,0,685000,-400879,284121
2013/01/09,0,577000,-494000,83000
2013/01/10,0,897000,-698000,199000
2013/01/11,0,1302000,-386000,916000
2013/01/14,0,600000,-1497000,-897000
2013/01/15,0,137000,-990000,-853000
2013/01/16,0,129000,-725000,-596000
2013/01/17,0,241000,-1214000,-973000
2013/01/18,0,216000,-451000,-235000
2013/01/21,0,218000,-199000,19000
2013/01/22,0,401000,-152000,249000
2013/01/23,0,58000,-133000,-75000
2013/01/24,0,220000,-770000,-550000
2013/01/25,0,90000,-129000,-39000
2013/01/28,0,284000,-452000,-168000
2013/01/29,0,16000,-252000,-236000
2013/01/30,0,171000,-206000,-35000
2013/01/31,0,138000,-429000,-291000
2013/02/01,0,20000,-989000,-969000
2013/02/04,0,486000,-1087000,-601000
2013/02/05,0,211000,-347000,-136000
2013/02/06,0,32000,-507000,-475000
2013/02/07,0,0,0,0
2013/02/08,0,0,0,0
2013/02/11,0,0,0,0
2013/02/12,0,0,0,0
2013/02/13,0,0,0,0
2013/02/14,0,0,0,0
2013/02/15,0,0,0,0
2013/02/18,0,308000,-531000,-223000
2013/02/19,0,1251000,-608000,643000
2013/02/20,0,1144000,-357661,786339
2013/02/21,0,1067000,-397000,670000
2013/02/22,0,305000,-665000,-360000
2013/02/25,0,507000,-351000,156000
2013/02/26,0,143000,-100000,43000
2013/02/27,0,143000,-196000,-53000
2013/02/28,0,0,0,0
2013/03/01,0,544000,-455000,89000
2013/03/04,0,485000,-193000,292000
2013/03/05,0,315000,-272000,43000
2013/03/06,0,69000,-80000,-11000
2013/03/07,0,218000,-197000,21000
2013/03/08,0,469000,-142000,327000
2013/03/11,0,119000,-740000,-621000
2013/03/12,0,24000,-171000,-147000
2013/03/13,0,59000,-408000,-349000
2013/03/14,0,365000,-391000,-26000
2013/03/15,0,292000,-631000,-339000
2013/03/18,0,205000,-400000,-195000
2013/03/19,0,424000,-270000,154000
2013/03/20,0,646000,-471000,175000
2013/03/21,0,551000,-72000,479000
2013/03/22,0,476000,-59000,417000
2013/03/25,0,51000,-481000,-430000
2013/03/26,0,538000,-498000,40000
2013/03/27,0,119000,-120000,-1000
2013/03/28,0,63000,-136000,-73000
2013/03/29,0,253000,-48000,205000
2013/04/01,0,173000,-86000,87000
2013/04/02,0,256000,-182000,74000
2013/04/03,0,186993,-135000,51993
2013/04/04,0,0,0,0
2013/04/05,0,0,0,0
2013/04/08,0,171000,-304339,-133339
2013/04/09,0,117000,-143000,-26000
2013/04/10,0,237000,-136000,101000
2013/04/11,0,163000,-418000,-255000
2013/04/12,0,57000,-91000,-34000
2013/04/15,0,68000,-303000,-235000
2013/04/16,0,405000,-206000,199000
2013/04/17,0,168000,-140000,28000
2013/04/18,0,329000,-783000,-454000
2013/04/19,0,275000,-185000,90000
2013/04/22,0,959000,-425000,534000
2013/04/23,0,175000,-73000,102000
2013/04/24,0,83000,-440000,-357000
2013/04/25,0,188000,-99000,89000
2013/04/26,0,69000,-75000,-6000
2013/04/29,0,29000,-60000,-31000
2013/04/30,0,37000,-108000,-71000
2013/05/01,0,0,0,0
2013/05/02,0,121000,-79000,42000
2013/05/03,0,342000,-223000,119000
2013/05/06,0,109000,-221000,-112000
2013/05/07,0,91000,-21000,70000
2013/05/08,0,139000,-162000,-23000
2013/05/09,0,258000,-241000,17000
2013/05/10,0,47000,-36000,11000
2013/05/13,0,62000,-19000,43000
2013/05/14,0,114000,-149000,-35000
2013/05/15,0,32000,-849000,-817000
2013/05/16,0,331000,-170000,161000
2013/05/17,0,101000,-173000,-72000
2013/05/20,0,61000,-627000,-566000
2013/05/21,0,176000,-336000,-160000
2013/05/22,0,24000,-43000,-19000
2013/05/23,0,33000,-362000,-329000
2013/05/24,0,89000,-139000,-50000
2013/05/27,0,41000,-2000,39000
2013/05/28,0,41000,-28000,13000
2013/05/29,0,178000,-215000,-37000
2013/05/30,0,72000,-243678,-171678
2013/05/31,0,347000,-125000,222000
2013/06/03,0,264000,-875654,-611654
2013/06/04,0,86000,-202000,-116000
2013/06/05,0,189000,-298000,-109000
2013/06/06,0,117000,-91000,26000
2013/06/07,0,71000,-113000,-42000
2013/06/10,0,42000,-44000,-2000
2013/06/11,0,44000,-198000,-154000
2013/06/12,0,0,0,0
2013/06/13,0,119000,-340000,-221000
2013/06/14,0,157000,-130000,27000
2013/06/17,0,683000,-101000,582000
2013/06/18,0,240000,-691000,-451000
2013/06/19,0,63000,-131000,-68000
2013/06/20,0,67000,-352000,-285000
2013/06/21,0,427000,-371000,56000
2013/06/24,0,157000,-119383,37617
2013/06/25,0,510000,-122000,388000
2013/06/26,0,176000,-118000,58000
2013/06/27,0,171000,-80000,91000
2013/06/28,0,142000,-162000,-20000
2013/07/01,0,137000,-363000,-226000
2013/07/02,0,194000,-270000,-76000
2013/07/03,0,226000,-81000,145000
2013/07/04,0,79000,-44000,35000
2013/07/05,0,168000,-55000,113000
2013/07/08,0,23000,-235000,-212000
2013/07/09,0,74000,-12000,62000
2013/07/10,0,101000,-101000,0
2013/07/11,0,389000,-138000,251000
2013/07/12,0,319000,-128000,191000
2013/07/15,0,43000,-391000,-348000
2013/07/16,0,51000,-65000,-14000
2013/07/17,0,408000,-83000,325000
2013/07/18,0,1043000,-110000,933000
2013/07/19,0,116000,-44000,72000
2013/07/22,0,1624000,-69000,1555000
2013/07/23,0,5243000,-97000,5146000
2013/07/24,0,2389000,-119000,2270000
2013/07/25,0,59000,-6780000,-6721000
2013/07/26,0,59000,-696000,-637000
2013/07/29,0,98000,-66000,32000
2013/07/30,0,99000,-124000,-25000
2013/07/31,0,113000,-1559000,-1446000
2013/08/01,0,60000,-11000,49000
2013/08/02,0,90000,-84000,6000
2013/08/05,0,116000,-38000,78000
2013/08/06,0,145000,-113000,32000
2013/08/07,0,63000,-439000,-376000
2013/08/08,0,95000,-322000,-227000
2013/08/09,0,308000,-203000,105000
2013/08/12,0,1470000,-295000,1175000
2013/08/13,0,174000,-1554000,-1380000
2013/08/14,0,111000,-239000,-128000
2013/08/15,0,236000,-157000,79000
2013/08/16,0,429000,-157000,272000
2013/08/19,0,178000,-191000,-13000
2013/08/20,0,344000,-172000,172000
2013/08/21,0,0,0,0
2013/08/22,0,453000,-147000,306000
2013/08/23,0,258000,-126000,132000
2013/08/26,0,212000,-56000,156000
2013/08/27,0,459000,-46000,413000
2013/08/28,0,218000,-206000,12000
2013/08/29,0,91000,-128000,-37000
2013/08/30,0,1005000,-653000,352000
2013/09/02,0,291000,-627000,-336000
2013/09/03,0,480000,-41000,439000
2013/09/04,0,741000,-347000,394000
2013/09/05,0,209000,-585000,-376000
2013/09/06,0,125000,-153000,-28000
2013/09/09,0,62000,-76000,-14000
2013/09/10,0,82000,-34000,48000
2013/09/11,0,233000,-74000,159000
2013/09/12,0,143000,-1257000,-1114000
2013/09/13,0,80000,-390000,-310000
2013/09/16,0,1710000,-481000,1229000
2013/09/17,0,52000,-1662000,-1610000
2013/09/18,0,211000,-671000,-460000
2013/09/19,0,0,0,0
2013/09/20,0,0,0,0
2013/09/23,0,548000,-387000,161000
2013/09/24,0,20000,-593000,-573000
2013/09/25,0,64000,-225000,-161000
2013/09/26,0,131000,-367000,-236000
2013/09/27,0,1744000,-1364000,380000
2013/09/30,0,246000,-1936000,-1690000
2013/10/01,0,194000,-335000,-141000
2013/10/02,0,455000,-335000,120000
2013/10/03,0,125000,-627000,-502000
2013/10/04,0,155000,-114000,41000
2013/10/07,0,115000,-86000,29000
2013/10/08,0,104000,-171000,-67000
2013/10/09,0,207000,-373000,-166000
2013/10/10,0,0,0,0
2013/10/11,0,152000,-80000,72000
2013/10/14,0,382000,-174000,208000
2013/10/15,0,83000,-231000,-148000
2013/10/16,0,97000,-118000,-21000
2013/10/17,0,124000,-210000,-86000
2013/10/18,0,179000,-121000,58000
2013/10/21,0,285000,-105000,180000
2013/10/22,0,81000,-95000,-14000
2013/10/23,0,35000,-325000,-290000
2013/10/24,0,128000,-62000,66000
2013/10/25,0,155000,-136000,19000
2013/10/28,0,52000,-137000,-85000
2013/10/29,0,182000,-20000,162000
2013/10/30,0,355000,-98000,257000
2013/10/31,0,220000,-30000,190000
2013/11/01,0,341000,-49000,292000
2013/11/04,0,316000,-31000,285000
2013/11/05,0,268000,-21000,247000
2013/11/06,0,188000,-84000,104000
2013/11/07,0,175000,-91000,84000
2013/11/08,0,206000,-144000,62000
2013/11/11,0,282000,-78000,204000
2013/11/12,0,386000,-210000,176000
2013/11/13,0,315000,-280000,35000
2013/11/14,0,197000,-91000,106000
2013/11/15,0,301000,-274000,27000
2013/11/18,0,462000,-203000,259000
2013/11/19,0,1484000,-904000,580000
2013/11/20,0,1524000,-298000,1226000
2013/11/21,0,649000,-293000,356000
2013/11/22,0,181000,-128000,53000
2013/11/25,0,406000,-383000,23000
2013/11/26,0,2309000,-760000,1549000
2013/11/27,0,275000,-1497000,-1222000
2013/11/28,0,188000,-861000,-673000
2013/11/29,0,449000,-380000,69000
2013/12/02,0,238000,-288000,-50000
2013/12/03,0,304000,-355000,-51000
2013/12/04,0,217000,-126000,91000
2013/12/05,0,183000,-73000,110000
2013/12/06,0,1652000,-52000,1600000
2013/12/09,0,84000,-475000,-391000
2013/12/10,0,99000,-180000,-81000
2013/12/11,0,582000,-205000,377000
2013/12/12,0,1174000,-679000,495000
2013/12/13,0,574000,-624000,-50000
2013/12/16,0,783000,-394000,389000
2013/12/17,0,82000,-396000,-314000
2013/12/18,0,224000,-300000,-76000
2013/12/19,0,242000,-530000,-288000
2013/12/20,0,464000,-185000,279000
2013/12/23,0,451000,-295000,156000
2013/12/24,0,150000,-167000,-17000
2013/12/25,0,166000,-175000,-9000
2013/12/26,0,79000,-42000,37000
2013/12/27,0,174000,-62000,112000
2013/12/30,0,84000,-179000,-95000
2013/12/31,0,176000,-117000,59000
2014/01/02,0,141000,-305000,-164000
2014/01/03,0,13000,-199000,-186000
2014/01/06,0,556000,-271000,285000
2014/01/07,0,113000,-133739,-20739
2014/01/08,0,55000,-1060000,-1005000
2014/01/09,0,499000,-276000,223000
2014/01/10,0,373000,-155000,218000
2014/01/13,0,768000,-104000,664000
2014/01/14,0,469000,-79000,390000
2014/01/15,0,295000,-544000,-249000
2014/01/16,0,549000,-173000,376000
2014/01/17,0,84000,-1371000,-1287000
2014/01/20,0,88000,-71552,16448
2014/01/21,0,165000,-64000,101000
2014/01/22,0,131000,-1080000,-949000
2014/01/23,0,17000,-239000,-222000
2014/01/24,0,127000,-134000,-7000
2014/01/27,0,111000,-164000,-53000
2014/02/05,0,556000,-82000,474000
2014/02/06,0,128000,-703000,-575000
2014/02/07,0,206000,-427000,-221000
2014/02/10,0,369000,-929000,-560000
2014/02/11,0,90000,-393000,-303000
2014/02/12,0,15000,-594000,-579000
2014/02/13,0,33000,-329000,-296000
2014/02/14,0,67000,-43000,24000
2014/02/17,0,81000,-116000,-35000
2014/02/18,0,50000,-62000,-12000
2014/02/19,0,100000,-20000,80000
2014/02/20,0,20000,-186000,-166000
2014/02/21,0,398000,-101000,297000
2014/02/24,0,48000,-471000,-423000
2014/02/25,0,805000,-256000,549000
2014/02/26,0,82000,-209000,-127000
2014/02/27,0,38000,-365000,-327000
2014/03/03,0,137000,-182000,-45000
2014/03/04,0,742000,-180000,562000
2014/03/05,0,13000,-61000,-48000
2014/03/06,0,294000,-152000,142000
2014/03/07,0,290000,-73000,217000
2014/03/10,0,198000,-54000,144000
2014/03/11,0,502000,-327000,175000
2014/03/12,0,38000,-650000,-612000
2014/03/13,0,0,-143000,-143000
2014/03/14,0,258000,-127000,131000
2014/03/17,0,60000,-194000,-134000
2014/03/18,0,148000,-28000,120000
2014/03/19,0,586000,-538768,47232
2014/03/20,0,459000,-94000,365000
2014/03/21,0,402000,-250000,152000
2014/03/24,0,579000,-5000,574000
2014/03/25,0,776000,-125000,651000
2014/03/26,0,363000,-139000,224000
2014/03/27,0,268000,-60000,208000
2014/03/28,0,57000,-46000,11000
2014/03/31,0,97000,-87000,10000
2014/04/01,0,206000,-104000,102000
2014/04/02,0,1130000,-75000,1055000
2014/04/03,0,1303000,-339000,964000
2014/04/07,0,191000,-1576000,-1385000
2014/04/08,0,38000,-339000,-301000
2014/04/09,0,206056,-282000,-75944
2014/04/10,0,2688000,-642000,2046000
2014/04/11,0,621000,-1226000,-605000
2014/04/14,0,342000,-1037000,-695000
2014/04/15,0,488000,-150000,338000
2014/04/16,0,1011000,-573000,438000
2014/04/17,0,70000,-245000,-175000
2014/04/18,0,298000,-354000,-56000
2014/04/21,0,96000,-176000,-80000
2014/04/22,0,250000,-105000,145000
2014/04/23,0,986000,-151000,835000
2014/04/24,0,299000,-424000,-125000
2014/04/25,0,259000,-1270365,-1011365
2014/04/28,0,56000,-1779000,-1723000
2014/04/29,0,21000,-326000,-305000
2014/04/30,0,8000,-412000,-404000
2014/05/02,0,29000,-91000,-62000
2014/05/05,0,103000,-306000,-203000
2014/05/06,0,116000,-221000,-105000
2014/05/07,0,95000,-1229392,-1134392
2014/05/08,0,189000,-464000,-275000
2014/05/09,0,110000,-370000,-260000
2014/05/12,0,267000,-182000,85000
2014/05/13,0,661000,-81000,580000
2014/05/14,0,653000,-10000,643000
2014/05/15,0,736000,-458000,278000
2014/05/16,0,180000,-465000,-285000
2014/05/19,0,484000,-187000,297000
2014/05/20,0,575000,-108000,467000
2014/05/21,0,240000,-326000,-86000
2014/05/22,0,356000,-31000,325000
2014/05/23,0,323000,-208000,115000
2014/05/26,0,487000,-181000,306000
2014/05/27,0,244000,-500000,-256000
2014/05/28,0,108000,-762000,-654000
2014/05/29,0,158564,-441000,-282436
2014/05/30,0,168000,-352000,-184000
2014/06/03,0,110000,-230000,-120000
2014/06/04,0,268000,-91000,177000
2014/06/05,0,87000,-361000,-274000
2014/06/06,0,299000,-307000,-8000
2014/06/09,0,162000,-291000,-129000
2014/06/10,0,191000,-189000,2000
2014/06/11,0,193000,-92000,101000
2014/06/12,0,93000,-111000,-18000
2014/06/13,0,79000,-99000,-20000
2014/06/16,0,42000,-76000,-34000
2014/06/17,0,171000,-104000,67000
2014/06/18,0,147000,-161000,-14000
2014/06/19,0,364000,-117000,247000
2014/06/20,0,271000,-164000,107000
2014/06/23,0,25000,-1126000,-1101000
2014/06/24,0,82000,0,82000
2014/06/25,0,70000,-14000,56000
2014/06/26,0,38000,-20000,18000
2014/06/27,0,6000,-11000,-5000
2014/06/30,0,235000,-148000,87000
2014/07/01,0,739000,-398000,341000
2014/07/02,0,449000,-410000,39000
2014/07/03,0,174000,-66000,108000
2014/07/04,0,825000,-108000,717000
2014/07/07,0,543000,-208000,335000
2014/07/08,0,158000,-31000,127000
2014/07/09,0,474000,-283000,191000
2014/07/10,0,628000,-635000,-7000
2014/07/11,0,106000,-551000,-445000
2014/07/14,0,197000,-178000,19000
2014/07/15,0,2757000,-39000,2718000
2014/07/16,0,4183000,-752000,3431000
2014/07/17,0,392000,-4949000,-4557000
2014/07/18,0,290000,-162000,128000
2014/07/21,0,187000,-186000,1000
2014/07/22,0,430000,-100000,330000
2014/07/23,0,0,0,0
2014/07/24,0,157000,-119000,38000
2014/07/25,0,104000,-302000,-198000
2014/07/28,0,415000,-20000,395000
2014/07/29,0,1566000,-819000,747000
2014/07/30,0,988000,-1095000,-107000
2014/07/31,0,525000,-944000,-419000
2014/08/01,0,112000,-291000,-179000
2014/08/04,0,732000,-480000,252000
2014/08/05,0,875000,-526000,349000
2014/08/06,0,317000,-545000,-228000
2014/08/07,0,234000,-947000,-713000
2014/08/08,0,67000,-902000,-835000
2014/08/11,0,119000,-200000,-81000
2014/08/12,0,32000,-246000,-214000
2014/08/13,0,268000,-117000,151000
2014/08/14,0,667000,-1899000,-1232000
2014/08/15,0,221000,-723000,-502000
2014/08/18,0,315000,-342000,-27000
2014/08/19,0,1045000,-713000,332000
2014/08/20,0,258000,-937000,-679000
2014/08/21,0,254000,-476000,-222000
2014/08/22,0,1299000,-1872000,-573000
2014/08/25,0,437000,-638000,-201000
2014/08/26,0,90000,-225000,-135000
2014/08/27,0,281000,-44000,237000
2014/08/28,0,112000,-152000,-40000
2014/08/29,0,76000,-191000,-115000
2014/09/01,0,489000,-261000,228000
2014/09/02,0,100000,-949000,-849000
2014/09/03,0,189000,-273000,-84000
2014/09/04,0,31000,-253000,-222000
2014/09/05,0,301000,-30000,271000
2014/09/09,0,219000,-29000,190000
2014/09/10,0,328000,-422000,-94000
2014/09/11,0,108000,-222000,-114000
2014/09/12,0,265000,-159000,106000
2014/09/15,0,53000,-105000,-52000
2014/09/16,0,210000,-117000,93000
2014/09/17,0,789000,-388000,401000
2014/09/18,0,253000,-46000,207000
2014/09/19,0,347000,-39000,308000
2014/09/22,0,288000,-502000,-214000
2014/09/23,0,208000,-164368,43632
2014/09/24,0,191000,-303000,-112000
2014/09/25,0,304000,-209000,95000
2014/09/26,0,129000,-217000,-88000
2014/09/29,0,137000,-153000,-16000
2014/09/30,0,307000,-455000,-148000
2014/10/01,0,146000,-80000,66000
2014/10/02,0,115000,-234000,-119000
2014/10/03,0,265000,-116000,149000
2014/10/06,0,661000,-89000,572000
2014/10/07,0,473000,-285000,188000
2014/10/08,0,284000,-634000,-350000
2014/10/09,0,345000,-811000,-466000
2014/10/13,0,337000,-118000,219000
2014/10/14,0,120000,-269000,-149000
2014/10/15,0,387770,-548000,-160230
2014/10/16,0,263000,-177000,86000
2014/10/17,0,119000,-279000,-160000
2014/10/20,0,29000,-66000,-37000
2014/10/21,0,76000,-45000,31000
2014/10/22,0,274000,-57000,217000
2014/10/23,0,125000,-57992,67008
2014/10/24,0,287000,-199000,88000
2014/10/27,0,135000,-153000,-18000
2014/10/28,0,887000,-670000,217000
2014/10/29,0,329000,-217000,112000
2014/10/30,0,123000,-134000,-11000
2014/10/31,0,149000,-114000,35000
2014/11/03,0,96000,-388000,-292000
2014/11/04,0,485000,-131000,354000
2014/11/05,0,208000,-461000,-253000
2014/11/06,0,403000,-490496,-87496
2014/11/07,0,563000,-232000,331000
2014/11/10,0,139000,-392000,-253000
2014/11/11,0,286000,-23000,263000
2014/11/12,0,161000,-84000,77000
2014/11/13,0,136000,-23000,113000
2014/11/14,0,263000,-94000,169000
2014/11/17,0,113000,-181000,-68000
2014/11/18,0,381000,-150000,231000
2014/11/19,0,117000,-112000,5000
2014/11/20,0,1595000,-89000,1506000
2014/11/21,0,1458000,-66000,1392000
2014/11/24,0,599000,-87000,512000
2014/11/25,0,130000,-288000,-158000
2014/11/26,0,31000,-134000,-103000
2014/11/27,0,5000,-159000,-154000
2014/11/28,0,25000,-49000,-24000
2014/12/01,0,169000,-283000,-114000
2014/12/02,0,39000,-105872,-66872
2014/12/03,0,153000,-23000,130000
2014/12/04,0,1102000,-179000,923000
2014/12/05,0,38000,-210000,-172000
2014/12/08,0,52000,-45000,7000
2014/12/09,0,280000,-95000,185000
2014/12/10,0,48000,-252000,-204000
2014/12/11,0,131000,-187000,-56000
2014/12/12,0,149000,-313000,-164000
2014/12/15,0,148000,-278000,-130000
2014/12/16,0,124000,-23000,101000
2014/12/17,0,613000,-4244000,-3631000
2014/12/18,0,206000,-210000,-4000
2014/12/19,0,138000,-197000,-59000
2014/12/22,0,207000,-55000,152000
2014/12/23,0,111000,-153000,-42000
2014/12/24,0,12000,-17000,-5000
2014/12/25,0,125000,-86000,39000
2014/12/26,0,39000,-9000,30000
2014/12/29,0,921000,-84000,837000
2014/12/30,0,35000,-488000,-453000
2014/12/31,0,129000,-169000,-40000
2015/01/01,0,0,0,0
2015/01/02,0,0,0,0
2015/01/05,0,1000,-44000,-43000
2015/01/06,0,1000,-132000,-131000
2015/01/07,0,78000,-498000,-420000
2015/01/08,0,145000,-100603,44397
2015/01/09,0,24000,-202000,-178000
2015/01/12,0,137000,-332000,-195000
2015/01/13,0,193000,-136000,57000
2015/01/14,0,128000,-175000,-47000
2015/01/15,0,142000,-96000,46000
2015/01/16,0,100000,-182041,-82041
2015/01/19,0,153000,-210000,-57000
2015/01/20,0,165000,-141000,24000
2015/01/21,0,75000,-60024,14976
2015/01/22,0,263000,-85000,178000
2015/01/23,0,62000,-209000,-147000
2015/01/26,0,8000,-47000,-39000
2015/01/27,0,11000,-54000,-43000
2015/01/28,0,12000,-103000,-91000
2015/01/29,0,6000,-85000,-79000
2015/01/30,0,70000,-2000,68000
2015/02/02,0,6000,-124000,-118000
2015/02/03,0,88000,-24000,64000
2015/02/04,0,44000,-118025,-74025
2015/02/05,0,20000,-90050,-70050
2015/02/06,0,10000,-166000,-156000
2015/02/09,0,100000,-15000,85000
2015/02/10,0,39000,-5000,34000
2015/02/11,0,82000,-21000,61000
2015/02/12,0,72000,-74000,-2000
2015/02/13,0,169000,-48000,121000
2015/02/16,0,0,0,0
2015/02/17,0,0,0,0
2015/02/18,0,0,0,0
2015/02/19,0,0,0,0
2015/02/20,0,0,0,0
2015/02/23,0,0,0,0
2015/02/24,0,1579000,-118000,1461000
2015/02/25,0,616000,-306017,309983
2015/02/26,0,412000,-34000,378000
2015/02/27,0,0,0,0
2015/03/02,0,137000,-158000,-21000
2015/03/03,0,343000,-9000,334000
2015/03/04,0,151558,-148000,3558
2015/03/05,0,203000,-152756,50244
2015/03/06,0,287000,-195000,92000
2015/03/09,0,392000,-139258,252742
2015/03/10,0,387000,-305000,82000
2015/03/11,0,755000,-399000,356000
2015/03/12,0,951000,-41000,910000
2015/03/13,0,358000,-338000,20000
2015/03/16,0,154000,-47000,107000
2015/03/17,0,67000,-254000,-187000
2015/03/18,0,248000,-344000,-96000
2015/03/19,0,712000,-325000,387000
2015/03/20,0,473000,-401000,72000
2015/03/23,0,51000,-124000,-73000
2015/03/24,0,81000,-191000,-110000
2015/03/25,0,128000,-50000,78000
2015/03/26,0,181000,-15000,166000
2015/03/27,0,67000,-106000,-39000
2015/03/30,0,38000,-28000,10000
2015/03/31,0,1995000,-23000,1972000
2015/04/01,0,324000,-1653000,-1329000
2015/04/02,0,204000,-163000,41000
2015/04/03,0,0,0,0
2015/04/06,0,0,0,0
2015/04/07,0,499000,-84000,415000
2015/04/08,0,298000,-266000,32000
2015/04/09,0,252000,-628000,-376000
2015/04/10,0,320000,-106000,214000
2015/04/13,0,108000,-116000,-8000
2015/04/14,0,177000,0,177000
2015/04/15,0,86000,-139000,-53000
2015/04/16,0,284000,-175000,109000
2015/04/17,0,53000,-64000,-11000
2015/04/20,0,30000,-485000,-455000
2015/04/21,0,108000,-258000,-150000
2015/04/22,0,44000,-84655,-40655
2015/04/23,0,1655000,-190000,1465000
2015/04/24,0,520000,-1737000,-1217000
2015/04/27,0,862000,-292000,570000
2015/04/28,0,631000,-633000,-2000
2015/04/29,0,867000,-326000,541000
2015/04/30,0,260000,-82000,178000
2015/05/01,0,0,0,0
2015/05/04,0,79000,-89000,-10000
2015/05/05,0,167000,-217000,-50000
2015/05/06,0,190000,-148000,42000
2015/05/07,0,110000,-190000,-80000
2015/05/08,0,11000,-308000,-297000
2015/05/11,0,78000,-115000,-37000
2015/05/12,0,93000,-150000,-57000
2015/05/13,0,561000,-62000,499000
2015/05/14,0,69000,-264000,-195000
2015/05/15,0,34000,-351000,-317000
2015/05/18,0,26000,-837000,-811000
2015/05/19,0,41000,-23000,18000
2015/05/20,0,83000,-412000,-329000
2015/05/21,0,106000,-93000,13000
2015/05/22,0,73000,-40000,33000
2015/05/25,0,71000,-67000,4000
2015/05/26,0,23000,-109000,-86000
2015/05/27,0,0,-15000,-15000
2015/05/28,0,86000,-13000,73000
2015/05/29,0,31000,-54000,-23000
2015/06/01,0,12000,-165000,-153000
2015/06/02,0,69000,-275000,-206000
2015/06/03,0,32000,-101000,-69000
2015/06/04,0,386000,-765000,-379000
2015/06/05,0,91000,-135000,-44000
2015/06/08,0,41000,-61000,-20000
2015/06/09,0,89000,-259000,-170000
2015/06/10,0,88000,-10000,78000
2015/06/11,0,63000,-233000,-170000
2015/06/12,0,79000,-1000,78000
2015/06/15,0,61000,-3000,58000
2015/06/16,0,120000,-37000,83000
2015/06/17,0,82000,-34000,48000
2015/06/18,0,516000,-5000,511000
2015/06/19,0,0,0,0
2015/06/22,0,401000,0,401000
2015/06/23,0,310000,-14000,296000
2015/06/24,0,342000,-96000,246000
2015/06/25,0,423000,-33000,390000
2015/06/26,0,465000,-150000,315000
2015/06/29,0,46000,-72000,-26000
2015/06/30,0,12000,-100000,-88000
2015/07/01,0,620000,-22000,598000
2015/07/02,0,374000,-173000,201000
2015/07/03,0,88000,-108000,-20000
2015/07/06,0,42000,-9000,33000
2015/07/07,0,50000,-5000,45000
2015/07/08,0,222000,-168000,54000
2015/07/09,0,437000,-154000,283000
2015/07/10,0,0,0,0
2015/07/13,0,350000,-126000,224000
2015/07/14,0,646000,-212000,434000
2015/07/15,0,121000,-418000,-297000
2015/07/16,0,43000,-85000,-42000
2015/07/17,0,29000,-9000,20000
2015/07/20,0,70000,-132000,-62000
2015/07/21,0,387000,-25000,362000
2015/07/22,0,889000,-236000,653000
2015/07/23,0,314000,-916000,-602000
2015/07/24,0,183000,-156000,27000
2015/07/27,0,314000,-55000,259000
2015/07/28,0,339000,-102000,237000
2015/07/29,0,62000,-250000,-188000
2015/07/30,0,276000,-356000,-80000
2015/07/31,0,39000,-1066000,-1027000
2015/08/03,0,69000,-276000,-207000
2015/08/04,0,526000,-16000,510000
2015/08/05,0,436000,-25000,411000
2015/08/06,0,290000,-353000,-63000
2015/08/07,0,163000,-66000,97000
2015/08/10,0,64000,-120000,-56000
2015/08/11,0,78000,-133000,-55000
2015/08/12,0,462000,-17000,445000
2015/08/13,0,163000,-301000,-138000
2015/08/14,0,83000,-150000,-67000
2015/08/17,0,154000,-6000,148000
2015/08/18,0,180000,-33000,147000
2015/08/19,0,230000,-211000,19000
2015/08/20,0,136000,-101000,35000
2015/08/21,0,283000,-60000,223000
2015/08/24,0,611000,-260000,351000
2015/08/25,0,755000,-165000,590000
2015/08/26,0,54000,-211000,-157000
2015/08/27,0,113000,-56000,57000
2015/08/28,0,153000,-233000,-80000
2015/08/31,0,36000,-250000,-214000
2015/09/01,0,97000,-307365,-210365
2015/09/02,0,8000,-111000,-103000
2015/09/03,0,2000,-39000,-37000
2015/09/04,0,0,-177000,-177000
2015/09/07,0,218000,-32000,186000
2015/09/08,0,6000,-208000,-202000
2015/09/09,0,477000,-31000,446000
2015/09/10,0,113000,-335000,-222000
2015/09/11,0,63000,-131000,-68000
2015/09/14,0,35000,-84000,-49000
2015/09/15,0,26000,-91000,-65000
2015/09/16,0,65000,-157000,-92000
2015/09/17,0,42000,-167000,-125000
2015/09/18,0,23000,0,23000
2015/09/21,0,41000,-75000,-34000
2015/09/22,0,171000,-55000,116000
2015/09/23,0,112000,-153000,-41000
2015/09/24,0,103000,-62000,41000
2015/09/25,0,90000,-15000,75000
2015/09/28,0,0,0,0
2015/09/29,0,0,0,0
2015/09/30,0,171000,-21000,150000
2015/10/01,0,102000,-151000,-49000
2015/10/02,0,8000,-51000,-43000
2015/10/05,0,67000,-50000,17000
2015/10/06,0,227000,-80000,147000
2015/10/07,0,1030000,-148000,882000
2015/10/08,0,240000,-803000,-563000
2015/10/09,0,0,0,0
2015/10/12,0,375000,-299000,76000
2015/10/13,0,47000,-236000,-189000
2015/10/14,0,8000,-70000,-62000
2015/10/15,0,11000,-53000,-42000
2015/10/16,0,66000,-62000,4000
2015/10/19,0,800000,-14000,786000
2015/10/20,0,343000,-615000,-272000
2015/10/21,0,34000,-252000,-218000
2015/10/22,0,51000,-37000,14000
2015/10/23,0,10000,-356000,-346000
2015/10/26,0,251000,-324000,-73000
2015/10/27,0,80000,-210000,-130000
2015/10/28,0,23000,-133000,-110000
2015/10/29,0,91000,-29000,62000
2015/10/30,0,57000,-93000,-36000
2015/11/02,0,28000,-10000,18000
2015/11/03,0,75000,-61000,14000
2015/11/04,0,505000,-79000,426000
2015/11/05,0,55000,-285000,-230000
2015/11/06,0,107000,-142000,-35000
2015/11/09,0,19000,-15825,3175
2015/11/10,0,55000,-23000,32000
2015/11/11,0,95000,-203000,-108000
2015/11/12,0,103000,-193000,-90000
2015/11/13,0,105000,-75000,30000
2015/11/16,0,100000,-7000,93000
2015/11/17,0,184000,-74000,110000
2015/11/18,0,99000,-118000,-19000
2015/11/19,0,290000,-221000,69000
2015/11/20,0,168000,-152000,16000
2015/11/23,0,97000,-29000,68000
2015/11/24,0,64000,-102000,-38000
2015/11/25,0,44000,-203000,-159000
2015/11/26,0,114000,-66000,48000
2015/11/27,0,28000,-28000,0
2015/11/30,0,75000,-120000,-45000
2015/12/01,0,8000,-46000,-38000
2015/12/02,0,95000,-4000,91000
2015/12/03,0,14000,-76000,-62000
2015/12/04,0,39000,-34000,5000
2015/12/07,0,20000,-47000,-27000
2015/12/08,0,24000,-33000,-9000
2015/12/09,0,0,-40000,-40000
2015/12/10,0,43000,-152000,-109000
2015/12/11,0,71000,-251000,-180000
2015/12/14,0,229000,-175000,54000
2015/12/15,0,238000,-25000,213000
2015/12/16,0,136000,-38000,98000
2015/12/17,0,66000,-16000,50000
2015/12/18,0,53000,-60000,-7000
2015/12/21,0,34000,-81000,-47000
2015/12/22,0,48000,-51000,-3000
2015/12/23,0,38000,-41000,-3000
2015/12/24,0,396000,-198000,198000
2015/12/25,0,96000,-75000,21000
2015/12/28,0,735000,-74000,661000
2015/12/29,0,781000,-54000,727000
2015/12/30,0,752000,-92000,660000
2015/12/31,0,866000,-167000,699000
2016/01/01,0,0,0,0
2016/01/04,0,82000,-358000,-276000
2016/01/05,0,208000,-60000,148000
2016/01/06,0,146000,-56000,90000
2016/01/07,0,909000,-129000,780000
2016/01/08,0,487000,-336000,151000
2016/01/11,0,571000,-214000,357000
2016/01/12,0,170000,-443000,-273000
2016/01/13,0,67000,-69000,-2000
2016/01/14,0,262000,-75000,187000
2016/01/15,0,882000,-455000,427000
2016/01/18,0,223000,-62000,161000
2016/01/19,0,273000,-17000,256000
2016/01/20,0,230000,-237000,-7000
2016/01/21,0,273000,-85000,188000
2016/01/22,0,82000,-70000,12000
2016/01/25,0,535000,-26000,509000
2016/01/26,0,413000,-25000,388000
2016/01/27,0,524000,-13000,511000
2016/01/28,0,483000,-112000,371000
2016/01/29,0,657000,-185000,472000
2016/02/01,0,408000,-162000,246000
2016/02/02,0,390000,-78000,312000
2016/02/03,0,397000,-218000,179000
2016/02/04,0,0,0,0
2016/02/05,0,0,0,0
2016/02/08,0,0,0,0
2016/02/09,0,0,0,0
2016/02/10,0,0,0,0
2016/02/11,0,0,0,0
2016/02/12,0,0,0,0
2016/02/15,0,4000,-95000,-91000
2016/02/16,0,1446000,-17000,1429000
2016/02/17,0,522000,-653000,-131000
2016/02/18,0,633000,-848000,-215000
2016/02/19,0,369000,-2125000,-1756000
2016/02/22,0,179000,-185000,-6000
2016/02/23,0,41000,-81000,-40000
2016/02/24,0,43000,-80000,-37000
2016/02/25,0,14000,-47000,-33000
2016/02/26,0,178000,-71000,107000
2016/02/29,0,0,0,0
2016/03/01,0,104000,-280000,-176000
2016/03/02,0,504000,-71000,433000
2016/03/03,0,250000,-209000,41000
2016/03/04,0,146000,-400000,-254000
2016/03/07,0,338000,-475000,-137000
2016/03/08,0,292000,-549000,-257000
2016/03/09,0,128000,-84000,44000
2016/03/10,0,407000,-60000,347000
2016/03/11,0,151000,-365000,-214000
2016/03/14,0,39000,-118000,-79000
2016/03/15,0,76000,-115000,-39000
2016/03/16,0,234000,-341000,-107000
2016/03/17,0,19000,-226000,-207000
2016/03/18,0,523000,-53000,470000
2016/03/21,0,233000,-301000,-68000
2016/03/22,0,57000,-229000,-172000
2016/03/23,0,97000,-35000,62000
2016/03/24,0,211000,-151000,60000
2016/03/25,0,66000,-231000,-165000
2016/03/28,0,16000,-132000,-116000
2016/03/29,0,60000,-99000,-39000
2016/03/30,0,335000,-16000,319000
2016/03/31,0,651000,-422589,228411
2016/04/01,0,108000,-209000,-101000
2016/04/04,0,0,0,0
2016/04/05,0,0,0,0
2016/04/06,0,61000,-64000,-3000
2016/04/07,0,1126000,-108000,1018000
2016/04/08,0,628000,-568000,60000
2016/04/11,0,427000,-17000,410000
2016/04/12,0,401000,-113000,288000
2016/04/13,0,1163000,-65000,1098000
2016/04/14,0,1347000,-434000,913000
2016/04/15,0,1377000,-695000,682000
2016/04/18,0,860000,-553000,307000
2016/04/19,0,196000,-341000,-145000
2016/04/20,0,196000,-647000,-451000
2016/04/21,0,597000,-536000,61000
2016/04/22,0,100000,-32000,68000
2016/04/25,0,8000,-31000,-23000
2016/04/26,0,88000,-7000,81000
2016/04/27,0,64000,-101000,-37000
2016/04/28,0,189000,-72000,117000
2016/04/29,0,263000,-136000,127000
2016/05/02,0,0,0,0
2016/05/03,0,270000,-22000,248000
2016/05/04,0,452000,-666000,-214000
2016/05/05,0,488000,-161000,327000
2016/05/06,0,353000,-93000,260000
2016/05/09,0,275000,-152000,123000
2016/05/10,0,551000,-47000,504000
2016/05/11,0,365000,-164000,201000
2016/05/12,0,312000,-112000,200000
2016/05/13,0,452000,-102000,350000
2016/05/16,0,50000,-23000,27000
2016/05/17,0,109000,-48000,61000
2016/05/18,0,68000,-88000,-20000
2016/05/19,0,255000,-389000,-134000
2016/05/20,0,293000,-56000,237000
2016/05/23,0,463000,-44000,419000
2016/05/24,0,207000,-151000,56000
2016/05/25,0,318000,-50000,268000
2016/05/26,0,251000,-24000,227000
2016/05/27,0,183000,-82000,101000
2016/05/30,0,269000,-19000,250000
2016/05/31,0,218000,-248000,-30000
2016/06/01,0,183000,-126000,57000
2016/06/02,0,735000,-131000,604000
2016/06/03,0,215000,-118000,97000
2016/06/06,0,220000,-141000,79000
2016/06/07,0,334000,-242000,92000
2016/06/08,0,180000,-135000,45000
2016/06/09,0,0,0,0
2016/06/10,0,0,0,0
2016/06/13,0,344000,-120000,224000
2016/06/14,0,282000,-73000,209000
2016/06/15,0,568000,-72000,496000
2016/06/16,0,263000,-349000,-86000
2016/06/17,0,208000,-182000,26000
2016/06/20,0,193000,-151000,42000
2016/06/21,0,357000,-68000,289000
2016/06/22,0,90000,-181000,-91000
2016/06/23,0,137000,-205000,-68000
2016/06/24,0,188000,-221000,-33000
2016/06/27,0,63000,-51000,12000
2016/06/28,0,167000,-118649,48351
2016/06/29,0,36000,-86000,-50000
2016/06/30,0,198000,-138000,60000
2016/07/01,0,922000,-498000,424000
2016/07/04,0,917000,-252000,665000
2016/07/05,0,1160000,-257000,903000
2016/07/06,0,733000,-479000,254000
2016/07/07,0,716000,-183000,533000
2016/07/08,0,0,0,0
2016/07/11,0,1146000,-296000,850000
2016/07/12,0,933000,-413000,520000
2016/07/13,0,1165000,-252000,913000
2016/07/14,0,714000,-156000,558000
2016/07/15,0,769000,-291000,478000
2016/07/18,0,1006000,-472000,534000
2016/07/19,0,895000,-446000,449000
2016/07/20,0,1162000,-526000,636000
2016/07/21,0,2858000,-311000,2547000
2016/07/22,0,3850000,-586000,3264000
2016/07/25,0,23000,-3703000,-3680000
2016/07/26,0,17000,-637000,-620000
2016/07/27,0,3000,-699000,-696000
2016/07/28,0,2000,-155000,-153000
2016/07/29,0,0,-165000,-165000
2016/08/01,0,6000,-108000,-102000
2016/08/02,0,356000,-159000,197000
2016/08/03,0,213000,-578000,-365000
2016/08/04,0,48000,-341000,-293000
2016/08/05,0,181000,-74000,107000
2016/08/08,0,6000,-173000,-167000
2016/08/09,0,126000,-163000,-37000
2016/08/10,0,256000,-102000,154000
2016/08/11,0,96000,-238000,-142000
2016/08/12,0,7000,-67000,-60000
2016/08/15,0,92000,-104000,-12000
2016/08/16,0,0,-90000,-90000
2016/08/17,0,40000,-454000,-414000
2016/08/18,0,263000,-116000,147000
2016/08/19,0,995000,-141000,854000
2016/08/22,0,682000,-298000,384000
2016/08/23,0,188000,-360000,-172000
2016/08/24,0,78000,-471000,-393000
2016/08/25,0,247000,-387000,-140000
2016/08/26,0,142000,-80000,62000
2016/08/29,0,764000,-149000,615000
2016/08/30,0,124000,-529000,-405000
2016/08/31,0,265000,-115000,150000
2016/09/01,0,338000,-265000,73000
2016/09/02,0,103000,-104000,-1000
2016/09/05,0,578000,-180000,398000
2016/09/06,0,521000,-227000,294000
2016/09/07,0,268000,-581000,-313000
2016/09/08,0,244000,-279000,-35000
2016/09/09,0,90000,-101000,-11000
2016/09/12,0,102000,-480000,-378000
2016/09/13,0,274000,-43000,231000
2016/09/14,0,290000,-65000,225000
2016/09/15,0,0,0,0
2016/09/16,0,0,0,0
2016/09/19,0,223000,-175000,48000
2016/09/20,0,76000,-175000,-99000
2016/09/21,0,976000,-257000,719000
2016/09/22,0,270000,-485000,-215000
2016/09/23,0,99000,-132000,-33000
2016/09/26,0,58000,-123000,-65000
2016/09/27,0,0,0,0
2016/09/28,0,0,0,0
2016/09/29,0,208000,-151000,57000
2016/09/30,0,131000,-122000,9000
2016/10/03,0,303000,-23000,280000
2016/10/04,0,167000,-210000,-43000
2016/10/05,0,159000,-228000,-69000
2016/10/06,0,42000,-150000,-108000
2016/10/07,0,39000,-127000,-88000
2016/10/10,0,0,0,0
2016/10/11,0,117000,-46000,71000
2016/10/12,0,244000,-59000,185000
2016/10/13,0,143000,-217000,-74000
2016/10/14,0,70000,-92000,-22000
2016/10/17,0,93000,-118000,-25000
2016/10/18,0,256000,-69000,187000
2016/10/19,0,449000,-324000,125000
2016/10/20,0,500000,-192000,308000
2016/10/21,0,80000,-368000,-288000
2016/10/24,0,316000,-23000,293000
2016/10/25,0,402000,-167000,235000
2016/10/26,0,243000,-189000,54000
2016/10/27,0,377000,-283000,94000
2016/10/28,0,356000,-256000,100000
2016/10/31,0,418000,-450000,-32000
2016/11/01,0,160000,-170000,-10000
2016/11/02,0,260000,-284000,-24000
2016/11/03,0,116000,-171000,-55000
2016/11/04,0,129000,-175000,-46000
2016/11/07,0,420000,-130000,290000
2016/11/08,0,424000,-78000,346000
2016/11/09,0,554000,-303000,251000
2016/11/10,0,1324000,-79000,1245000
2016/11/11,0,930000,-301000,629000
2016/11/14,0,142000,-145000,-3000
2016/11/15,0,145000,-1222000,-1077000
2016/11/16,0,331000,-2180000,-1849000
2016/11/17,0,468000,-1289000,-821000
2016/11/18,0,85000,-1256000,-1171000
2016/11/21,0,139000,-1123000,-984000
2016/11/22,0,171000,-1111000,-940000
2016/11/23,0,31000,-82000,-51000
2016/11/24,0,2000,-498000,-496000
2016/11/25,0,84000,-208000,-124000
2016/11/28,0,88000,-127010,-39010
2016/11/29,0,21000,-58000,-37000
2016/11/30,0,82000,-168000,-86000
2016/12/01,0,104000,-201000,-97000
2016/12/02,0,165000,-53000,112000
2016/12/05,0,189000,-43000,146000
2016/12/06,0,146000,-563000,-417000
2016/12/07,0,18000,-1012000,-994000
2016/12/08,0,396000,-1155000,-759000
2016/12/09,0,174000,-1054000,-880000
2016/12/12,0,363000,-1009000,-646000
2016/12/13,0,330000,-1295000,-965000
2016/12/14,0,71000,-1206000,-1135000
2016/12/15,0,40000,-1299000,-1259000
2016/12/16,0,52000,-1220000,-1168000
2016/12/19,0,67000,-1604000,-1537000
2016/12/20,0,50000,-1526000,-1476000
2016/12/21,0,23000,-1615000,-1592000
2016/12/22,0,206000,-1327000,-1121000
2016/12/23,0,218000,-2043000,-1825000
2016/12/26,0,243000,-1266000,-1023000
2016/12/27,0,314000,-1292000,-978000
2016/12/28,0,125000,-1326000,-1201000
2016/12/29,0,280000,-1254000,-974000
2016/12/30,0,34000,-1592000,-1558000
2017/01/02,0,0,0,0
2017/01/03,0,60000,-27000,33000
2017/01/04,0,147000,-89000,58000
2017/01/05,0,116000,-551000,-435000
2017/01/06,0,37000,-122000,-85000
2017/01/09,0,222000,-121000,101000
2017/01/10,0,61000,-246000,-185000
2017/01/11,0,66000,-501000,-435000
2017/01/12,0,150000,-323000,-173000
2017/01/13,0,207000,-105000,102000
2017/01/16,0,99000,-121000,-22000
2017/01/17,0,115000,-41000,74000
2017/01/18,0,350000,-42000,308000
2017/01/19,0,575000,-37000,538000
2017/01/20,0,27000,-16000,11000
2017/01/23,0,85000,-375000,-290000
2017/01/24,0,0,-90000,-90000
2017/01/25,0,0,0,0
2017/01/26,0,0,0,0
2017/01/27,0,0,0,0
2017/01/30,0,0,0,0
2017/01/31,0,0,0,0
2017/02/01,0,0,0,0
2017/02/02,0,105000,-29000,76000
2017/02/03,0,83000,-182000,-99000
2017/02/06,0,2000,-36000,-34000
2017/02/07,0,44000,-3000,41000
2017/02/08,0,4000,-35000,-31000
2017/02/09,0,1711000,-319000,1392000
2017/02/10,0,3033000,-2126000,907000
2017/02/13,0,333000,-462000,-129000
2017/02/14,0,247000,-195000,52000
2017/02/15,0,815000,-246000,569000
2017/02/16,0,7000,-438000,-431000
2017/02/17,0,55000,-422000,-367000
2017/02/20,0,54000,-757000,-703000
2017/02/21,0,493000,-584000,-91000
2017/02/22,0,575000,-672000,-97000
2017/02/23,0,132000,-894000,-762000
2017/02/24,0,67000,-417000,-350000
2017/02/27,0,0,0,0
2017/02/28,0,0,0,0
2017/03/01,0,93000,-8000,85000
2017/03/02,0,877000,-47000,830000
2017/03/03,0,26000,-447000,-421000
2017/03/06,0,7000,-305000,-298000
2017/03/07,0,130000,-10000,120000
2017/03/08,0,101000,-69000,32000
2017/03/09,0,167000,-331000,-164000
2017/03/10,0,42000,-210000,-168000
2017/03/13,0,249000,-47000,202000
2017/03/14,0,49000,-148000,-99000
2017/03/15,0,685000,-112000,573000
2017/03/16,0,184000,-200000,-16000
2017/03/17,0,136000,-69000,67000
2017/03/20,0,30000,-118000,-88000
2017/03/21,0,213000,-673000,-460000
2017/03/22,0,93000,-128000,-35000
2017/03/23,0,268000,-41000,227000
2017/03/24,0,22000,-182000,-160000
2017/03/27,0,111000,-53000,58000
2017/03/28,0,119000,-571000,-452000
2017/03/29,0,216000,-200000,16000
2017/03/30,0,13000,-173000,-160000
2017/03/31,0,150000,-25000,125000
2017/04/03,0,0,0,0
2017/04/04,0,0,0,0
2017/04/05,0,740000,-6000,734000
2017/04/06,0,135000,-607000,-472000
2017/04/07,0,23000,-374000,-351000
2017/04/10,0,10000,-9000,1000
2017/04/11,0,243000,-36000,207000
2017/04/12,0,59000,-127000,-68000
2017/04/13,0,98000,-10000,88000
2017/04/14,0,74000,-160000,-86000
2017/04/17,0,96000,-10000,86000
2017/04/18,0,39000,-28000,11000
2017/04/19,0,0,0,0
2017/04/20,0,0,0,0
2017/04/21,0,710000,-137000,573000
2017/04/24,0,520000,-129000,391000
2017/04/25,0,87000,-399000,-312000
2017/04/26,0,197000,-282000,-85000
2017/04/27,0,36000,-659000,-623000
2017/04/28,0,62000,-16000,46000
2017/05/01,0,0,0,0
2017/05/02,0,2000,-61000,-59000
2017/05/03,0,2000,-109000,-107000
2017/05/04,0,20000,-42000,-22000
2017/05/05,0,5000,-75000,-70000
2017/05/08,0,23000,-389000,-366000
2017/05/09,0,53000,-66988,-13988
2017/05/10,0,31000,-36000,-5000
2017/05/11,0,67000,-244000,-177000
2017/05/12,0,22000,-99000,-77000
2017/05/15,0,325000,-73000,252000
2017/05/16,0,534000,-27000,507000
2017/05/17,0,747000,-490000,257000
2017/05/18,0,173000,-28000,145000
2017/05/19,0,120000,-40000,80000
2017/05/22,0,50000,0,50000
2017/05/23,0,40000,-83000,-43000
2017/05/24,0,31000,-2000,29000
2017/05/25,0,650000,0,650000
2017/05/26,0,264000,-368000,-104000
2017/05/29,0,0,0,0
2017/05/30,0,0,0,0
2017/05/31,0,104000,-90000,14000
2017/06/01,0,0,-35000,-35000
2017/06/02,0,1000,-21000,-20000
2017/06/05,0,100000,-36000,64000
2017/06/06,0,481000,-55664,425336
2017/06/07,0,150000,-35000,115000
2017/06/08,0,17000,-13000,4000
2017/06/09,0,0,-34000,-34000
2017/06/12,0,46000,-63000,-17000
2017/06/13,0,0,-38000,-38000
2017/06/14,0,65000,-82000,-17000
2017/06/15,0,10000,-261000,-251000
2017/06/16,0,30000,-19000,11000
2017/06/19,0,83000,-102000,-19000
2017/06/20,0,220000,-271000,-51000
2017/06/21,0,292000,-147000,145000
2017/06/22,0,134000,-19000,115000
2017/06/23,0,0,-47000,-47000
2017/06/26,0,0,-36000,-36000
2017/06/27,0,1178000,-31000,1147000
2017/06/28,0,91000,-31000,60000
2017/06/29,0,197000,-9000,188000
2017/06/30,0,328000,-4000,324000
2017/07/03,0,1250000,-118000,1132000
2017/07/04,0,1245000,-300000,945000
2017/07/05,0,1352000,-372000,980000
2017/07/06,0,1123000,-254000,869000
2017/07/07,0,1102000,-203000,899000
2017/07/10,0,5000,-312000,-307000
2017/07/11,0,127000,-302000,-175000
2017/07/12,0,36000,-155000,-119000
2017/07/13,0,58000,-66000,-8000
2017/07/14,0,33000,-249000,-216000
2017/07/17,0,146000,-284000,-138000
2017/07/18,0,172000,-490000,-318000
2017/07/19,0,262000,-424000,-162000
2017/07/20,0,114000,-136000,-22000
2017/07/21,0,625000,-85000,540000
2017/07/24,0,1515000,-120000,1395000
2017/07/25,0,71000,-1275000,-1204000
2017/07/26,0,23000,-424000,-401000
2017/07/27,0,660000,-203000,457000
2017/07/28,0,55000,-499000,-444000
2017/07/31,0,115000,-226000,-111000
2017/08/01,0,141000,-62000,79000
2017/08/02,0,29000,-125000,-96000
2017/08/03,0,37000,-82000,-45000
2017/08/04,0,162000,-375000,-213000
2017/08/07,0,157000,-90000,67000
2017/08/08,0,50000,-208000,-158000
2017/08/09,0,62000,-276000,-214000
2017/08/10,0,123000,-231000,-108000
2017/08/11,0,92000,-88000,4000
2017/08/14,0,436000,-93000,343000
2017/08/15,0,79000,-346000,-267000
2017/08/16,0,159000,-65000,94000
2017/08/17,0,20000,-179000,-159000
2017/08/18,0,166000,-55000,111000
