Date,Open,Buy,Sell,Total
2007/01/02,0,1802000,-396000,1406000
2007/01/03,0,2057000,-649000,1408000
2007/01/04,0,557000,-950000,-393000
2007/01/05,0,5641000,-4168000,1473000
2007/01/08,0,5476000,-2274266,3201734
2007/01/09,0,8126998,-238000,7888998
2007/01/10,0,10095000,-5777000,4318000
2007/01/11,0,3195000,-2399000,796000
2007/01/12,0,9961000,-1817000,8144000
2007/01/15,0,1351000,-1424000,-73000
2007/01/16,0,227000,-1981000,-1754000
2007/01/17,0,2791000,-2173000,618000
2007/01/18,0,3475000,-2590805,884195
2007/01/19,0,1265000,-6104668,-4839668
2007/01/22,0,3137000,-3750000,-613000
2007/01/23,0,2185169,-956000,1229169
2007/01/24,0,8075000,-2152000,5923000
2007/01/25,0,1562000,-546000,1016000
2007/01/26,0,288000,-4288820,-4000820
2007/01/29,0,591000,-1505540,-914540
2007/01/30,0,173000,-993359,-820359
2007/01/31,0,1309000,-4812920,-3503920
2007/02/01,0,1197000,-1412000,-215000
2007/02/02,0,1063000,-2232000,-1169000
2007/02/05,0,1082000,-5082000,-4000000
2007/02/06,0,991000,-886000,105000
2007/02/07,0,1284000,-143000,1141000
2007/02/08,0,2534000,-3393667,-859667
2007/02/09,0,2082000,-1018108,1063892
2007/02/12,0,713000,-4929456,-4216456
2007/02/13,0,493000,-1512300,-1019300
2007/02/14,0,2384000,-4219769,-1835769
2007/02/15,0,0,0,0
2007/02/16,0,0,0,0
2007/02/19,0,0,0,0
2007/02/20,0,0,0,0
2007/02/21,0,0,0,0
2007/02/22,0,0,0,0
2007/02/23,0,0,0,0
2007/02/26,0,4205000,-12318140,-8113140
2007/02/27,0,5465000,-5275000,190000
2007/02/28,0,0,0,0
2007/03/01,0,1221000,-13200794,-11979794
2007/03/02,0,309000,-5426160,-5117160
2007/03/05,0,711000,-10100202,-9389202
2007/03/06,0,7172602,-14215393,-7042791
2007/03/07,0,8753214,-13151712,-4398498
2007/03/08,0,6885235,-11355000,-4469765
2007/03/09,0,10598000,-13425000,-2827000
2007/03/12,0,4509000,-5586580,-1077580
2007/03/13,0,3625000,-5694000,-2069000
2007/03/14,0,6017000,-8087000,-2070000
2007/03/15,0,10083000,-8225000,1858000
2007/03/16,0,5797000,-4935000,862000
2007/03/19,0,2320135,-3808000,-1487865
2007/03/20,0,952000,-719125,232875
2007/03/21,0,599000,-2144118,-1545118
2007/03/22,0,6041000,-3331463,2709537
2007/03/23,0,6303000,-9728095,-3425095
2007/03/26,0,3679000,-2784000,895000
2007/03/27,0,5095000,-3446000,1649000
2007/03/28,0,5594000,-5124989,469011
2007/03/29,0,5309000,-2424000,2885000
2007/03/30,0,7132000,-1694000,5438000
2007/04/02,0,734000,-341000,393000
2007/04/03,0,8677000,-8351681,325319
2007/04/04,0,6630000,-632000,5998000
2007/04/05,0,0,0,0
2007/04/06,0,0,0,0
2007/04/09,0,2661000,-941000,1720000
2007/04/10,0,2469000,-2443000,26000
2007/04/11,0,2460000,-9009003,-6549003
2007/04/12,0,2664000,-10705961,-8041961
2007/04/13,0,7115000,-2954000,4161000
2007/04/16,0,10636000,-7065705,3570295
2007/04/17,0,21721145,-8268853,13452292
2007/04/18,0,2587000,-3999000,-1412000
2007/04/19,0,4475000,-6629000,-2154000
2007/04/20,0,867000,-1467000,-600000
2007/04/23,0,6173000,-2876064,3296936
2007/04/24,0,1997630,-780000,1217630
2007/04/25,0,2208000,-1632000,576000
2007/04/26,0,3356000,-3024967,331033
2007/04/27,0,12102000,-3701000,8401000
2007/04/30,0,1581000,-2248441,-667441
2007/05/01,0,0,0,0
2007/05/02,0,7287000,-5871471,1415529
2007/05/03,0,8617000,-4538280,4078720
2007/05/04,0,7800000,-7782432,17568
2007/05/07,0,1752000,-1149000,603000
2007/05/08,0,3716000,-854583,2861417
2007/05/09,0,3800000,-16000,3784000
2007/05/10,0,12193000,-1897000,10296000
2007/05/11,0,9043000,-6879928,2163072
2007/05/14,0,7499000,-1919000,5580000
2007/05/15,0,10308000,-7701000,2607000
2007/05/16,0,5876000,-1162000,4714000
2007/05/17,0,2692000,-1061000,1631000
2007/05/18,0,3400000,-1087000,2313000
2007/05/21,0,7743429,-1542510,6200919
2007/05/22,0,9346000,-1890248,7455752
2007/05/23,0,21357000,-5123000,16234000
2007/05/24,0,9438000,-3857000,5581000
2007/05/25,0,5785000,-5720000,65000
2007/05/28,0,2945000,-531000,2414000
2007/05/29,0,3727000,-1484000,2243000
2007/05/30,0,4612000,-3547006,1064994
2007/05/31,0,5379000,-9640861,-4261861
2007/06/01,0,6451000,-272000,6179000
2007/06/04,0,4370000,-1117000,3253000
2007/06/05,0,12100000,-1414000,10686000
2007/06/06,0,4739000,-1204000,3535000
2007/06/07,0,8542000,-911000,7631000
2007/06/08,0,21743000,-11663000,10080000
2007/06/11,0,14045000,-2015000,12030000
2007/06/12,0,12215000,-5507000,6708000
2007/06/13,0,17361000,-1169000,16192000
2007/06/14,0,8211000,-387000,7824000
2007/06/15,0,7118000,-716000,6402000
2007/06/18,0,0,0,0
2007/06/19,0,0,0,0
2007/06/20,0,17978000,-3942000,14036000
2007/06/21,0,34901000,-12894000,22007000
2007/06/22,0,1573000,-3845924,-2272924
2007/06/25,0,8652417,-11011919,-2359502
2007/06/26,0,7794000,-487000,7307000
2007/06/27,0,2978000,-3227155,-249155
2007/06/28,0,3827000,-2006000,1821000
2007/06/29,0,5607000,-7883501,-2276501
2007/07/02,0,1970000,-5887000,-3917000
2007/07/03,0,2256000,-3291568,-1035568
2007/07/04,0,1238000,-181000,1057000
2007/07/05,0,1144000,-9763000,-8619000
2007/07/06,0,6861000,-1573000,5288000
2007/07/09,0,7384000,-2897964,4486036
2007/07/10,0,1673000,-1790000,-117000
2007/07/11,0,1008200,-11093000,-10084800
2007/07/12,0,638000,-2063000,-1425000
2007/07/13,0,3011000,-2067000,944000
2007/07/16,0,6310000,-4768000,1542000
2007/07/17,0,5048000,-5789144,-741144
2007/07/18,0,17476000,-15525000,1951000
2007/07/19,0,4373000,-4700985,-327985
2007/07/20,0,3571000,-8006692,-4435692
2007/07/23,0,5513000,-3607312,1905688
2007/07/24,0,8994000,-1353600,7640400
2007/07/25,0,4400000,-7616622,-3216622
2007/07/26,0,5627000,-4318000,1309000
2007/07/27,0,1129000,-11312000,-10183000
2007/07/30,0,6845000,-9770941,-2925941
2007/07/31,0,4295000,-7311000,-3016000
2007/08/01,0,2524000,-17132000,-14608000
2007/08/02,0,3830700,-13374331,-9543631
2007/08/03,0,7137000,-5248818,1888182
2007/08/06,0,2238000,-3504000,-1266000
2007/08/07,0,16773000,-4587790,12185210
2007/08/08,0,6723000,-6681000,42000
2007/08/09,0,1695000,-6998822,-5303822
2007/08/10,0,2084000,-10854949,-8770949
2007/08/13,0,4127000,-4765830,-638830
2007/08/14,0,8315000,-9053543,-738543
2007/08/15,0,2191000,-9008000,-6817000
2007/08/16,0,5492000,-20322000,-14830000
2007/08/17,0,7331000,-19989000,-12658000
2007/08/20,0,3064000,-15357000,-12293000
2007/08/21,0,7045000,-14905000,-7860000
2007/08/22,0,10972000,-2891291,8080709
2007/08/23,0,14426569,-7024000,7402569
2007/08/24,0,16077000,-15660000,417000
2007/08/27,0,4681000,-333000,4348000
2007/08/28,0,5461000,-6856000,-1395000
2007/08/29,0,6003040,-4006383,1996657
2007/08/30,0,13880000,-10265100,3614900
2007/08/31,0,23084000,-1178000,21906000
2007/09/03,0,9035094,-2235872,6799222
2007/09/04,0,4277000,-291000,3986000
2007/09/05,0,1411000,-4476150,-3065150
2007/09/06,0,9677000,-5176822,4500178
2007/09/07,0,2350000,-5323000,-2973000
2007/09/10,0,3758000,-9194960,-5436960
2007/09/11,0,1026000,-1629120,-603120
2007/09/12,0,2273000,-4273293,-2000293
2007/09/13,0,11539519,-2606519,8933000
2007/09/14,0,11115083,-6219000,4896083
2007/09/17,0,5502000,-8079246,-2577246
2007/09/18,0,0,0,0
2007/09/19,0,19398180,-11177000,8221180
2007/09/20,0,21119840,-4716000,16403840
2007/09/21,0,19966000,-6925950,13040050
2007/09/24,0,0,0,0
2007/09/25,0,0,0,0
2007/09/26,0,12426000,-4807849,7618151
2007/09/27,0,23996000,-20377186,3618814
2007/09/28,0,16956000,-3803366,13152634
2007/10/01,0,11263000,-10116020,1146980
2007/10/02,0,9307980,-7779830,1528150
2007/10/03,0,7989000,-8929743,-940743
2007/10/04,0,10414034,-11776054,-1362020
2007/10/05,0,3733000,-12768589,-9035589
2007/10/08,0,7892000,-704500,7187500
2007/10/09,0,3835000,-6775000,-2940000
2007/10/10,0,0,0,0
2007/10/11,0,36431000,-6810436,29620564
2007/10/12,0,24992300,-6846548,18145752
2007/10/15,0,15472000,-5094000,10378000
2007/10/16,0,6128000,-3312000,2816000
2007/10/17,0,4503000,-3215450,1287550
2007/10/18,0,4317000,-2523460,1793540
2007/10/19,0,2123000,-1759000,364000
2007/10/22,0,5225000,-9453900,-4228900
2007/10/23,0,5178000,-6122000,-944000
2007/10/24,0,9981142,-2801500,7179642
2007/10/25,0,9758965,-4425500,5333465
2007/10/26,0,8114000,-2621300,5492700
2007/10/29,0,5845000,-8760000,-2915000
2007/10/30,0,1782000,-2335320,-553320
2007/10/31,0,3774000,-969215,2804785
2007/11/01,0,6071000,-5697417,373583
2007/11/02,0,6631650,-3894810,2736840
2007/11/05,0,4745000,-4306000,439000
2007/11/06,0,3590000,-1227000,2363000
2007/11/07,0,4304000,-1905580,2398420
2007/11/08,0,3796000,-4710800,-914800
2007/11/09,0,13564000,-7972000,5592000
2007/11/12,0,399000,-7428500,-7029500
2007/11/13,0,1110000,-6750050,-5640050
2007/11/14,0,9957793,-14841793,-4884000
2007/11/15,0,3594000,-6425040,-2831040
2007/11/16,0,1123000,-4431000,-3308000
2007/11/19,0,4259000,-5181394,-922394
2007/11/20,0,12818000,-15910899,-3092899
2007/11/21,0,24310000,-20974894,3335106
2007/11/22,0,15297000,-11380157,3916843
2007/11/23,0,16096000,-9030010,7065990
2007/11/26,0,13208398,-11396000,1812398
2007/11/27,0,10069000,-15376330,-5307330
2007/11/28,0,12734000,-7235170,5498830
2007/11/29,0,12274909,-9327804,2947105
2007/11/30,0,13701000,-19191060,-5490060
2007/12/03,0,7022670,-9046281,-2023611
2007/12/04,0,10068140,-10654640,-586500
2007/12/05,0,12054988,-9822512,2232476
2007/12/06,0,11156540,-7209000,3947540
2007/12/07,0,7156343,-8165000,-1008657
2007/12/10,0,6635000,-9897578,-3262578
2007/12/11,0,6093000,-5640877,452123
2007/12/12,0,8490000,-8985620,-495620
2007/12/13,0,10992346,-14809300,-3816954
2007/12/14,0,11715000,-9839500,1875500
2007/12/17,0,18110000,-12118000,5992000
2007/12/18,0,20267000,-22447867,-2180867
2007/12/19,0,10615000,-14259774,-3644774
2007/12/20,0,4485000,-3962930,522070
2007/12/21,0,14100000,-15152000,-1052000
2007/12/24,0,1840000,-5339394,-3499394
2007/12/25,0,253000,-129000,124000
2007/12/26,0,1620000,-3686000,-2066000
2007/12/27,0,6517000,-10168000,-3651000
2007/12/28,0,2607000,-9379500,-6772500
2007/12/31,0,1707000,-4525000,-2818000
2008/01/01,0,0,0,0
2008/01/02,0,4553874,-5421290,-867416
2008/01/03,0,4531000,-6877000,-2346000
2008/01/04,0,20496000,-15375408,5120592
2008/01/07,0,21897000,-27856241,-5959241
2008/01/08,0,37578054,-27613000,9965054
2008/01/09,0,25845000,-21315890,4529110
2008/01/10,0,12627450,-12948000,-320550
2008/01/11,0,4599199,-4563000,36199
2008/01/14,0,51375000,-33032241,18342759
2008/01/15,0,54103000,-34331369,19771631
2008/01/16,0,16674040,-20274996,-3600956
2008/01/17,0,14211000,-9657091,4553909
2008/01/18,0,15200785,-14871697,329088
2008/01/21,0,13249000,-12077000,1172000
2008/01/22,0,13143000,-11639000,1504000
2008/01/23,0,15250000,-11605018,3644982
2008/01/24,0,8332000,-7393291,938709
2008/01/25,0,9216000,-9487200,-271200
2008/01/28,0,5292000,-8918000,-3626000
2008/01/29,0,6176000,-16599785,-10423785
2008/01/30,0,8053115,-12870510,-4817395
2008/01/31,0,9997000,-17291000,-7294000
2008/02/01,0,11776000,-12951000,-1175000
2008/02/04,0,0,0,0
2008/02/05,0,0,0,0
2008/02/06,0,0,0,0
2008/02/07,0,0,0,0
2008/02/08,0,0,0,0
2008/02/11,0,0,0,0
2008/02/12,0,12844000,-10760621,2083379
2008/02/13,0,12989119,-9298746,3690373
2008/02/14,0,9013110,-6530110,2483000
2008/02/15,0,1736000,-4391000,-2655000
2008/02/18,0,5858000,-5423707,434293
2008/02/19,0,11463000,-4261000,7202000
2008/02/20,0,10723100,-6627000,4096100
2008/02/21,0,9909000,-4572948,5336052
2008/02/22,0,7131000,-3510610,3620390
2008/02/25,0,15351000,-3385360,11965640
2008/02/26,0,21531000,-4366000,17165000
2008/02/27,0,17022000,-8801000,8221000
2008/02/28,0,0,0,0
2008/02/29,0,14793454,-12911541,1881913
2008/03/03,0,13025000,-10757000,2268000
2008/03/04,0,17446000,-6642510,10803490
2008/03/05,0,8919000,-8759000,160000
2008/03/06,0,18532000,-12286018,6245982
2008/03/07,0,12876000,-16116000,-3240000
2008/03/10,0,17404000,-19077039,-1673039
2008/03/11,0,6199000,-5221000,978000
2008/03/12,0,6181527,-4923326,1258201
2008/03/13,0,4729000,-7942400,-3213400
2008/03/14,0,2361000,-5662000,-3301000
2008/03/17,0,8273000,-17293702,-9020702
2008/03/18,0,5349000,-13733138,-8384138
2008/03/19,0,8697000,-5998300,2698700
2008/03/20,0,6133072,-11640844,-5507772
2008/03/21,0,15394000,-8817500,6576500
2008/03/24,0,33778000,-22271715,11506285
2008/03/25,0,13179900,-10847083,2332817
2008/03/26,0,9240000,-11123480,-1883480
2008/03/27,0,6545879,-8166253,-1620374
2008/03/28,0,14787779,-14485000,302779
2008/03/31,0,11173738,-2596109,8577629
2008/04/01,0,7408957,-4390000,3018957
2008/04/02,0,6462000,-7108379,-646379
2008/04/03,0,9634000,-11361611,-1727611
2008/04/04,0,0,0,0
2008/04/07,0,3781000,-13073000,-9292000
2008/04/08,0,3258000,-14920100,-11662100
2008/04/09,0,5117000,-11866000,-6749000
2008/04/10,0,3424000,-2737996,686004
2008/04/11,0,4209000,-8120537,-3911537
2008/04/14,0,12363000,-9186555,3176445
2008/04/15,0,25496062,-4203000,21293062
2008/04/16,0,16937176,-8965000,7972176
2008/04/17,0,4219000,-6849564,-2630564
2008/04/18,0,3367000,-9728001,-6361001
2008/04/21,0,3662200,-11161807,-7499607
2008/04/22,0,1389000,-16998460,-15609460
2008/04/23,0,4388000,-12907620,-8519620
2008/04/24,0,5799000,-8999000,-3200000
2008/04/25,0,11609000,-7904017,3704983
2008/04/28,0,14767000,-12838000,1929000
2008/04/29,0,12037000,-31752000,-19715000
2008/04/30,0,19324000,-33247095,-13923095
2008/05/01,0,0,0,0
2008/05/02,0,6485520,-12411829,-5926309
2008/05/05,0,4203000,-10304580,-6101580
2008/05/06,0,5723000,-4728000,995000
2008/05/07,0,16411000,-11870000,4541000
2008/05/08,0,6468000,-4488000,1980000
2008/05/09,0,8174122,-8615624,-441502
2008/05/12,0,3981000,-10920000,-6939000
2008/05/13,0,8717000,-23863941,-15146941
2008/05/14,0,6114266,-3813920,2300346
2008/05/15,0,11897000,-3119076,8777924
2008/05/16,0,4413000,-4237000,176000
2008/05/19,0,6790000,-1337000,5453000
2008/05/20,0,3915000,-3827000,88000
2008/05/21,0,818000,-2538818,-1720818
2008/05/22,0,1627000,-4313504,-2686504
2008/05/23,0,1464000,-5809000,-4345000
2008/05/26,0,3026000,-4165000,-1139000
2008/05/27,0,2118000,-2297000,-179000
2008/05/28,0,8649000,-11475000,-2826000
2008/05/29,0,4552000,-9921983,-5369983
2008/05/30,0,14392041,-11922519,2469522
2008/06/02,0,6886000,-3853000,3033000
2008/06/03,0,4910000,-5945000,-1035000
2008/06/04,0,1418000,-1104000,314000
2008/06/05,0,2695000,-4326413,-1631413
2008/06/06,0,1832000,-2616000,-784000
2008/06/09,0,1217000,-3529000,-2312000
2008/06/10,0,1785460,-6589891,-4804431
2008/06/11,0,1748000,-4926002,-3178002
2008/06/12,0,4542600,-9794000,-5251400
2008/06/13,0,2880000,-8513000,-5633000
2008/06/16,0,6645000,-5019000,1626000
2008/06/17,0,6448000,-8029820,-1581820
2008/06/18,0,7615000,-5380000,2235000
2008/06/19,0,4730000,-10698000,-5968000
2008/06/20,0,6774967,-8642490,-1867523
2008/06/23,0,5523000,-5019000,504000
2008/06/24,0,2557000,-6820000,-4263000
2008/06/25,0,10941300,-16133515,-5192215
2008/06/26,0,9238000,-17847000,-8609000
2008/06/27,0,10844000,-10821016,22984
2008/06/30,0,4981397,-6153000,-1171603
2008/07/01,0,4235465,-2269000,1966465
2008/07/02,0,3060000,-6147674,-3087674
2008/07/03,0,11071000,-11352000,-281000
2008/07/04,0,8164000,-5435000,2729000
2008/07/07,0,7240619,-3694000,3546619
2008/07/08,0,2611000,-6569000,-3958000
2008/07/09,0,11737000,-14054000,-2317000
2008/07/10,0,9013160,-8963986,49174
2008/07/11,0,3623247,-3964000,-340753
2008/07/14,0,3471000,-1716000,1755000
2008/07/15,0,1964000,-5317000,-3353000
2008/07/16,0,6562000,-13339600,-6777600
2008/07/17,0,5355000,-11304440,-5949440
2008/07/18,0,3742000,-5795000,-2053000
2008/07/21,0,8738000,-11200449,-2462449
2008/07/22,0,7016298,-9856000,-2839702
2008/07/23,0,6423000,-6279157,143843
2008/07/24,0,13171000,-8588000,4583000
2008/07/25,0,16833000,-18413000,-1580000
2008/07/28,0,0,0,0
2008/07/29,0,7199000,-9949000,-2750000
2008/07/30,0,12125000,-10524000,1601000
2008/07/31,0,5362783,-7941204,-2578421
2008/08/01,0,2344000,-3331724,-987724
2008/08/04,0,5749000,-7683800,-1934800
2008/08/05,0,6730170,-12295000,-5564830
2008/08/06,0,7026875,-10660592,-3633717
2008/08/07,0,12006000,-24714000,-12708000
2008/08/08,0,6430000,-11638000,-5208000
2008/08/11,0,10532000,-19062000,-8530000
2008/08/12,0,11836000,-19250000,-7414000
2008/08/13,0,12104000,-15837000,-3733000
2008/08/14,0,4527000,-12570420,-8043420
2008/08/15,0,1453000,-5454000,-4001000
2008/08/18,0,4059000,-11365260,-7306260
2008/08/19,0,5219000,-8630000,-3411000
2008/08/20,0,10529400,-12436000,-1906600
2008/08/21,0,4816000,-6995000,-2179000
2008/08/22,0,2112000,-4199860,-2087860
2008/08/25,0,5438000,-4763675,674325
2008/08/26,0,1855000,-7184838,-5329838
2008/08/27,0,6530000,-3183000,3347000
2008/08/28,0,5582000,-20637490,-15055490
2008/08/29,0,6595000,-6665053,-70053
2008/09/01,0,6364710,-5173686,1191024
2008/09/02,0,9327000,-8138650,1188350
2008/09/03,0,8136000,-9021374,-885374
2008/09/04,0,2078730,-5142977,-3064247
2008/09/05,0,4671980,-15393148,-10721168
2008/09/08,0,4591000,-24000843,-19409843
2008/09/09,0,4926000,-13905167,-8979167
2008/09/10,0,6885470,-13378170,-6492700
2008/09/11,0,10373000,-32572690,-22199690
2008/09/12,0,4233000,-9535591,-5302591
2008/09/15,0,3582230,-14348000,-10765770
2008/09/16,0,6587000,-9867415,-3280415
2008/09/17,0,12887000,-27443159,-14556159
2008/09/18,0,4858352,-20151352,-15293000
2008/09/19,0,11475000,-13281583,-1806583
2008/09/22,0,17125000,-17857806,-732806
2008/09/23,0,15532760,-10762559,4770201
2008/09/24,0,4212469,-17561296,-13348827
2008/09/25,0,16631000,-31460118,-14829118
2008/09/26,0,5261537,-28561215,-23299678
2008/09/29,0,0,0,0
2008/09/30,0,4977970,-22540864,-17562894
2008/10/01,0,4222000,-15181504,-10959504
2008/10/02,0,10806000,-11101616,-295616
2008/10/03,0,9962000,-7027000,2935000
2008/10/06,0,1592000,-6542286,-4950286
2008/10/07,0,3610000,-7779660,-4169660
2008/10/08,0,9977000,-9414710,562290
2008/10/09,0,3392480,-4603080,-1210600
2008/10/10,0,0,0,0
2008/10/13,0,5979000,-7467467,-1488467
2008/10/14,0,7866000,-13259910,-5393910
2008/10/15,0,6337072,-13606240,-7269168
2008/10/16,0,2038457,-3825000,-1786543
2008/10/17,0,4850000,-15023771,-10173771
2008/10/20,0,3960000,-4542880,-582880
2008/10/21,0,4564000,-7997732,-3433732
2008/10/22,0,4325000,-5678560,-1353560
2008/10/23,0,1106620,-1580159,-473539
2008/10/24,0,1752000,-1676380,75620
2008/10/27,0,1890000,-4094987,-2204987
2008/10/28,0,1632000,-7434957,-5802957
2008/10/29,0,2758620,-9745809,-6987189
2008/10/30,0,4987000,-10158089,-5171089
2008/10/31,0,7270000,-3615385,3654615
2008/11/03,0,6099000,-4506092,1592908
2008/11/04,0,3628000,-2776442,851558
2008/11/05,0,18907000,-13330080,5576920
2008/11/06,0,13921000,-15339134,-1418134
2008/11/07,0,6188000,-11637417,-5449417
2008/11/10,0,6328000,-2425000,3903000
2008/11/11,0,17092000,-8532810,8559190
2008/11/12,0,19474000,-11756000,7718000
2008/11/13,0,3225000,-17801000,-14576000
2008/11/14,0,3054000,-3179000,-125000
2008/11/17,0,11129000,-4889000,6240000
2008/11/18,0,4718000,-15863290,-11145290
2008/11/19,0,7216000,-9878000,-2662000
2008/11/20,0,8149000,-11421768,-3272768
2008/11/21,0,5846000,-2551180,3294820
2008/11/24,0,16679000,-6622619,10056381
2008/11/25,0,5645000,-11750276,-6105276
2008/11/26,0,7274000,-5462071,1811929
2008/11/27,0,12374000,-9185081,3188919
2008/11/28,0,7162000,-1739206,5422794
2008/12/01,0,10867000,-7817000,3050000
2008/12/02,0,8559000,-4740500,3818500
2008/12/03,0,14160710,-3690000,10470710
2008/12/04,0,4684000,-6869000,-2185000
2008/12/05,0,3034000,-3723482,-689482
2008/12/08,0,11761000,-10266034,1494966
2008/12/09,0,11720000,-12373840,-653840
2008/12/10,0,8874000,-10916000,-2042000
2008/12/11,0,7037940,-3019070,4018870
2008/12/12,0,4659000,-5751000,-1092000
2008/12/15,0,9929000,-3536553,6392447
2008/12/16,0,5825000,-6620000,-795000
2008/12/17,0,18963000,-5864405,13098595
2008/12/18,0,4438000,-5263427,-825427
2008/12/19,0,8897000,-3906000,4991000
2008/12/22,0,6288000,-10199900,-3911900
2008/12/23,0,4183000,-11982000,-7799000
2008/12/24,0,4529000,-2443000,2086000
2008/12/25,0,76000,-967000,-891000
2008/12/26,0,498000,-579000,-81000
2008/12/29,0,3181000,-1950499,1230501
2008/12/30,0,3307000,-1473000,1834000
2008/12/31,0,1841000,-2600000,-759000
2009/01/01,0,0,0,0
2009/01/02,0,0,0,0
2009/01/05,0,10962000,-1130000,9832000
2009/01/06,0,7757450,-1697000,6060450
2009/01/07,0,6423350,-2966000,3457350
2009/01/08,0,11180000,-6389620,4790380
2009/01/09,0,6837000,-5667000,1170000
2009/01/12,0,4651932,-10093000,-5441068
2009/01/13,0,5734819,-16626000,-10891181
2009/01/14,0,6815000,-4819029,1995971
2009/01/15,0,3107000,-15025090,-11918090
2009/01/16,0,1936000,-5287000,-3351000
2009/01/19,0,7542000,-10273750,-2731750
2009/01/20,0,4609000,-22043000,-17434000
2009/01/21,0,6839900,-14686000,-7846100
2009/01/22,0,0,0,0
2009/01/23,0,0,0,0
2009/01/26,0,0,0,0
2009/01/27,0,0,0,0
2009/01/28,0,0,0,0
2009/01/29,0,0,0,0
2009/01/30,0,0,0,0
2009/02/02,0,18561689,-10161570,8400119
2009/02/03,0,29012000,-7014310,21997690
2009/02/04,0,15671260,-5012000,10659260
2009/02/05,0,4799000,-4302000,497000
2009/02/06,0,6320000,-1031000,5289000
2009/02/09,0,3885000,-749800,3135200
2009/02/10,0,3500000,-3683000,-183000
2009/02/11,0,5313000,-2736000,2577000
2009/02/12,0,4036000,-3541000,495000
2009/02/13,0,6668000,-1962602,4705398
2009/02/16,0,2455000,-1425000,1030000
2009/02/17,0,9134000,-6351593,2782407
2009/02/18,0,9101000,-14763932,-5662932
2009/02/19,0,4592000,-5537548,-945548
2009/02/20,0,1564000,-12954000,-11390000
2009/02/23,0,5588000,-2341000,3247000
2009/02/24,0,690000,-3049720,-2359720
2009/02/25,0,4820000,-2847160,1972840
2009/02/26,0,4042000,-5141870,-1099870
2009/02/27,0,4368000,-5421000,-1053000
2009/03/02,0,4080225,-9687942,-5607717
2009/03/03,0,3547000,-2309700,1237300
2009/03/04,0,2710000,-5183000,-2473000
2009/03/05,0,15742000,-1491000,14251000
2009/03/06,0,3922000,-4496000,-574000
2009/03/09,0,6002000,-9111298,-3109298
2009/03/10,0,3316000,-5968960,-2652960
2009/03/11,0,5823058,-8177160,-2354102
2009/03/12,0,2010000,-2206000,-196000
2009/03/13,0,11834000,-7234000,4600000
2009/03/16,0,3314000,-3271932,42068
2009/03/17,0,5617000,-12145250,-6528250
2009/03/18,0,5326000,-2702100,2623900
2009/03/19,0,1850000,-1522000,328000
2009/03/20,0,1806000,-1609289,196711
2009/03/23,0,8143000,-1895000,6248000
2009/03/24,0,8346000,-1175420,7170580
2009/03/25,0,5958000,-2493860,3464140
2009/03/26,0,3812000,-6749000,-2937000
2009/03/27,0,5385000,-3780000,1605000
2009/03/30,0,2197000,-8052250,-5855250
2009/03/31,0,4660000,-2680023,1979977
2009/04/01,0,5175000,-4038000,1137000
2009/04/02,0,10774000,-1765000,9009000
2009/04/03,0,13777000,-2482000,11295000
2009/04/06,0,5746000,-1006000,4740000
2009/04/07,0,2174000,-5978000,-3804000
2009/04/08,0,13107000,-9041000,4066000
2009/04/09,0,19347000,-2745761,16601239
2009/04/10,0,20407000,-1172101,19234899
2009/04/13,0,2134000,-2464000,-330000
2009/04/14,0,11480000,-5257000,6223000
2009/04/15,0,8569000,-4467000,4102000
2009/04/16,0,8633000,-3600100,5032900
2009/04/17,0,3353233,-2980500,372733
2009/04/20,0,3921000,-1842295,2078705
2009/04/21,0,3025000,-3557000,-532000
2009/04/22,0,6109000,-2950000,3159000
2009/04/23,0,2987000,-1424100,1562900
2009/04/24,0,4820000,-5779000,-959000
2009/04/27,0,5896907,-2142000,3754907
2009/04/28,0,5813000,-10916022,-5103022
2009/04/29,0,10910000,-8669715,2240285
2009/04/30,0,22305000,-6367000,15938000
2009/05/01,0,0,0,0
2009/05/04,0,10958000,-3965873,6992127
2009/05/05,0,31942740,-9406200,22536540
2009/05/06,0,18851000,-19334000,-483000
2009/05/07,0,8067000,-15240030,-7173030
2009/05/08,0,6134000,-18391469,-12257469
2009/05/11,0,5969000,-4396000,1573000
2009/05/12,0,4332000,-3525317,806683
2009/05/13,0,2724000,-15965307,-13241307
2009/05/14,0,4145000,-12842108,-8697108
2009/05/15,0,8151000,-10062000,-1911000
2009/05/18,0,11507012,-6371000,5136012
2009/05/19,0,8316000,-1786000,6530000
2009/05/20,0,4616000,-11071853,-6455853
2009/05/21,0,5933000,-3954770,1978230
2009/05/22,0,5283000,-4102960,1180040
2009/05/25,0,6342825,-3142000,3200825
2009/05/26,0,4496000,-3790000,706000
2009/05/27,0,13163000,-5655849,7507151
2009/05/28,0,0,0,0
2009/05/29,0,0,0,0
2009/06/01,0,10520000,-6541020,3978980
2009/06/02,0,5473000,-6979100,-1506100
2009/06/03,0,6541801,-15841000,-9299199
2009/06/04,0,3321000,-7867140,-4546140
2009/06/05,0,1823616,-14127600,-12303984
2009/06/08,0,3325000,-6527000,-3202000
2009/06/09,0,6335000,-12634000,-6299000
2009/06/10,0,3325000,-5933362,-2608362
2009/06/11,0,9880000,-3196000,6684000
2009/06/12,0,18599000,-13334000,5265000
2009/06/15,0,10879730,-8679000,2200730
2009/06/16,0,1322000,-8043680,-6721680
2009/06/17,0,2251000,-4200212,-1949212
2009/06/18,0,1376000,-6875037,-5499037
2009/06/19,0,1677000,-7856124,-6179124
2009/06/22,0,998000,-2402780,-1404780
2009/06/23,0,568900,-13343000,-12774100
2009/06/24,0,16694500,-7810130,8884370
2009/06/25,0,24073500,-4679574,19393926
2009/06/26,0,16309000,-1735000,14574000
2009/06/29,0,3063000,-5253000,-2190000
2009/06/30,0,1814000,-1405216,408784
2009/07/01,0,4355000,-6137000,-1782000
2009/07/02,0,2679000,-2685000,-6000
2009/07/03,0,2313000,-1279524,1033476
2009/07/06,0,1312000,-2019000,-707000
2009/07/07,0,2850967,-2412827,438140
2009/07/08,0,2988000,-11631000,-8643000
2009/07/09,0,1530000,-2761000,-1231000
2009/07/10,0,10405000,-1733000,8672000
2009/07/13,0,4470050,-5775000,-1304950
2009/07/14,0,2892000,-8414503,-5522503
2009/07/15,0,5722000,-4370000,1352000
2009/07/16,0,2698000,-4099671,-1401671
2009/07/17,0,5871235,-3086149,2785086
2009/07/20,0,2045000,-447030,1597970
2009/07/21,0,2398000,-1825279,572721
2009/07/22,0,5334000,-1437513,3896487
2009/07/23,0,17086000,-1437800,15648200
2009/07/24,0,13718500,-8410900,5307600
2009/07/27,0,1944000,-438107,1505893
2009/07/28,0,3207000,-2276000,931000
2009/07/29,0,6223000,-3340530,2882470
2009/07/30,0,7131000,-3433200,3697800
2009/07/31,0,3629000,-3552000,77000
2009/08/03,0,10154000,-971000,9183000
2009/08/04,0,16042000,-4521000,11521000
2009/08/05,0,15042000,-3132146,11909854
2009/08/06,0,26140000,-11863335,14276665
2009/08/07,0,0,0,0
2009/08/10,0,3844000,-8048723,-4204723
2009/08/11,0,3646156,-5584000,-1937844
2009/08/12,0,1133000,-3081000,-1948000
2009/08/13,0,3609000,-11819000,-8210000
2009/08/14,0,2844000,-5386184,-2542184
2009/08/17,0,1893000,-12251160,-10358160
2009/08/18,0,2538000,-5847000,-3309000
2009/08/19,0,1354000,-8800631,-7446631
2009/08/20,0,2124000,-2002000,122000
2009/08/21,0,2825000,-8433310,-5608310
2009/08/24,0,10072000,-4599000,5473000
2009/08/25,0,4188000,-1299222,2888778
2009/08/26,0,2048000,-1676221,371779
2009/08/27,0,2765000,-2480000,285000
2009/08/28,0,7511000,-1854000,5657000
2009/08/31,0,1157000,-4544641,-3387641
2009/09/01,0,4022654,-7517823,-3495169
2009/09/02,0,3043000,-7268700,-4225700
2009/09/03,0,5745697,-8055695,-2309998
2009/09/04,0,1106000,-3855000,-2749000
2009/09/07,0,2703000,-3441300,-738300
2009/09/08,0,7973000,-14994000,-7021000
2009/09/09,0,12642000,-10044115,2597885
2009/09/10,0,15352000,-3791452,11560548
2009/09/11,0,1354020,-5355663,-4001643
2009/09/14,0,3476000,-3670730,-194730
2009/09/15,0,2328043,-867000,1461043
2009/09/16,0,3678000,-6837520,-3159520
2009/09/17,0,2243000,-4382334,-2139334
2009/09/18,0,5570000,-4113000,1457000
2009/09/21,0,2646000,-987200,1658800
2009/09/22,0,7009000,-4697000,2312000
2009/09/23,0,2042000,-2138000,-96000
2009/09/24,0,2122000,-5105000,-2983000
2009/09/25,0,3334000,-4874910,-1540910
2009/09/28,0,3811000,-4968000,-1157000
2009/09/29,0,4634301,-2727000,1907301
2009/09/30,0,4598000,-3247000,1351000
2009/10/01,0,10892000,-1721000,9171000
2009/10/02,0,4951000,-8297659,-3346659
2009/10/05,0,3510294,-9042294,-5532000
2009/10/06,0,7252000,-5766870,1485130
2009/10/07,0,7633000,-4687670,2945330
2009/10/08,0,2590000,-4469230,-1879230
2009/10/09,0,4812000,-4136000,676000
2009/10/12,0,4172000,-3940000,232000
2009/10/13,0,2490730,-10444363,-7953633
2009/10/14,0,3218000,-5880000,-2662000
2009/10/15,0,3131000,-994000,2137000
2009/10/16,0,1862000,-1260000,602000
2009/10/19,0,3417000,-1127484,2289516
2009/10/20,0,4062700,-2258000,1804700
2009/10/21,0,1484000,-1716000,-232000
2009/10/22,0,4305000,-9315366,-5010366
2009/10/23,0,1843000,-5256523,-3413523
2009/10/26,0,2515000,-841000,1674000
2009/10/27,0,1471000,-9653000,-8182000
2009/10/28,0,2687000,-15539541,-12852541
2009/10/29,0,4528000,-6864705,-2336705
2009/10/30,0,1089000,-3876000,-2787000
2009/11/02,0,602000,-6535000,-5933000
2009/11/03,0,1534000,-7086043,-5552043
2009/11/04,0,1769000,-5011078,-3242078
2009/11/05,0,673000,-4767424,-4094424
2009/11/06,0,1786000,-2091300,-305300
2009/11/09,0,3949000,-6298000,-2349000
2009/11/10,0,5258000,-2401570,2856430
2009/11/11,0,3447000,-159000,3288000
2009/11/12,0,3428000,-274607,3153393
2009/11/13,0,1970000,-1192207,777793
2009/11/16,0,5164000,-4240000,924000
2009/11/17,0,4369000,-4426289,-57289
2009/11/18,0,1961000,-3044000,-1083000
2009/11/19,0,2013000,-8203660,-6190660
2009/11/20,0,1947000,-6788000,-4841000
2009/11/23,0,490000,-426000,64000
2009/11/24,0,1564000,-263000,1301000
2009/11/25,0,3135000,-4704578,-1569578
2009/11/26,0,1483000,-4665000,-3182000
2009/11/27,0,736000,-10817270,-10081270
2009/11/30,0,1022281,-10179877,-9157596
2009/12/01,0,7914000,-7583792,330208
2009/12/02,0,4407000,-16514000,-12107000
2009/12/03,0,2735000,-6093660,-3358660
2009/12/04,0,2321000,-13595654,-11274654
2009/12/07,0,2051000,-2886000,-835000
2009/12/08,0,2140000,-6076367,-3936367
2009/12/09,0,1467000,-5717136,-4250136
2009/12/10,0,14289000,-17829570,-3540570
2009/12/11,0,3403000,-5569774,-2166774
2009/12/14,0,2878000,-2903660,-25660
2009/12/15,0,2170000,-8764000,-6594000
2009/12/16,0,716000,-9743997,-9027997
2009/12/17,0,2464210,-8736730,-6272520
2009/12/18,0,2159000,-6039000,-3880000
2009/12/21,0,1533000,-3975000,-2442000
2009/12/22,0,1070000,-6759034,-5689034
2009/12/23,0,1990000,-5588403,-3598403
2009/12/24,0,3357000,-9201000,-5844000
2009/12/25,0,820000,-1161000,-341000
2009/12/28,0,5495000,-7450000,-1955000
2009/12/29,0,1967000,-6217045,-4250045
2009/12/30,0,3563000,-4952205,-1389205
2009/12/31,0,1780000,-2797798,-1017798
2010/01/01,0,0,0,0
2010/01/04,0,1505000,-735010,769990
2010/01/05,0,10615000,-4706656,5908344
2010/01/06,0,14819220,-1234409,13584811
2010/01/07,0,3941000,-855457,3085543
2010/01/08,0,2962350,-3462000,-499650
2010/01/11,0,2072000,-7279000,-5207000
2010/01/12,0,1962000,-4153691,-2191691
2010/01/13,0,1599000,-6542344,-4943344
2010/01/14,0,1353200,-2013930,-660730
2010/01/15,0,1272300,-795000,477300
2010/01/18,0,956000,-662000,294000
2010/01/19,0,1377900,-3373530,-1995630
2010/01/20,0,1395000,-2493000,-1098000
2010/01/21,0,1996000,-1811000,185000
2010/01/22,0,3786000,-35330090,-31544090
2010/01/25,0,2466350,-12283000,-9816650
2010/01/26,0,3127000,-16903000,-13776000
2010/01/27,0,3623000,-10492530,-6869530
2010/01/28,0,1041000,-4541000,-3500000
2010/01/29,0,10047000,-17597860,-7550860
2010/02/01,0,12110000,-18820700,-6710700
2010/02/02,0,5439000,-7475545,-2036545
2010/02/03,0,1930480,-5579237,-3648757
2010/02/04,0,1212000,-1861000,-649000
2010/02/05,0,1626000,-4795730,-3169730
2010/02/08,0,1262479,-4421364,-3158885
2010/02/09,0,1856000,-5274950,-3418950
2010/02/10,0,4872000,-11100000,-6228000
2010/02/11,0,0,0,0
2010/02/12,0,0,0,0
2010/02/15,0,0,0,0
2010/02/16,0,0,0,0
2010/02/17,0,0,0,0
2010/02/18,0,0,0,0
2010/02/19,0,0,0,0
2010/02/22,0,7847000,-8274000,-427000
2010/02/23,0,6413000,-3771000,2642000
2010/02/24,0,6717000,-4537800,2179200
2010/02/25,0,8292000,-8118000,174000
2010/02/26,0,5611000,-5499100,111900
2010/03/01,0,3909000,-5133000,-1224000
2010/03/02,0,3611000,-2883000,728000
2010/03/03,0,1989000,-2697500,-708500
2010/03/04,0,1983500,-6623000,-4639500
2010/03/05,0,3831000,-7674000,-3843000
2010/03/08,0,3486000,-9893300,-6407300
2010/03/09,0,3142910,-4393000,-1250090
2010/03/10,0,4514200,-6776342,-2262142
2010/03/11,0,636000,-1894000,-1258000
2010/03/12,0,3425800,-4656136,-1230336
2010/03/15,0,2161000,-4011000,-1850000
2010/03/16,0,1106000,-1890593,-784593
2010/03/17,0,5302000,-9318000,-4016000
2010/03/18,0,3963000,-14609310,-10646310
2010/03/19,0,3345000,-1277859,2067141
2010/03/22,0,791000,-7759390,-6968390
2010/03/23,0,998000,-4808000,-3810000
2010/03/24,0,1536600,-1660000,-123400
2010/03/25,0,5443000,-3591000,1852000
2010/03/26,0,4048000,-10498000,-6450000
2010/03/29,0,7101000,-5937000,1164000
2010/03/30,0,2916000,-4070000,-1154000
2010/03/31,0,4528000,-4428289,99711
2010/04/01,0,6750000,-17122030,-10372030
2010/04/02,0,4109000,-197000,3912000
2010/04/05,0,0,0,0
2010/04/06,0,3161500,-4361000,-1199500
2010/04/07,0,3482240,-6814000,-3331760
2010/04/08,0,5250000,-10146840,-4896840
2010/04/09,0,1387000,-2389660,-1002660
2010/04/12,0,2598840,-10879000,-8280160
2010/04/13,0,1035000,-3337000,-2302000
2010/04/14,0,2647000,-4556330,-1909330
2010/04/15,0,6407000,-9463000,-3056000
2010/04/16,0,6321770,-11130000,-4808230
2010/04/19,0,6477000,-9996000,-3519000
2010/04/20,0,4312000,-9891471,-5579471
2010/04/21,0,3499000,-13693000,-10194000
2010/04/22,0,1314000,-13462110,-12148110
2010/04/23,0,2236000,-19239397,-17003397
2010/04/26,0,7363000,-343000,7020000
2010/04/27,0,2964849,-7849456,-4884607
2010/04/28,0,2220000,-8744410,-6524410
2010/04/29,0,193000,-4189000,-3996000
2010/04/30,0,3887000,-3444000,443000
2010/05/03,0,1034000,-5580000,-4546000
2010/05/04,0,527000,-12495561,-11968561
2010/05/05,0,4210000,-16100150,-11890150
2010/05/06,0,3996071,-6098000,-2101929
2010/05/07,0,1622000,-2859710,-1237710
2010/05/10,0,3105490,-8039740,-4934250
2010/05/11,0,1571000,-4808000,-3237000
2010/05/12,0,298000,-1602000,-1304000
2010/05/13,0,2498000,-418000,2080000
2010/05/14,0,819000,-175000,644000
2010/05/17,0,531000,-1777000,-1246000
2010/05/18,0,2245000,-909000,1336000
2010/05/19,0,2475000,-3047000,-572000
2010/05/20,0,1125000,-3921000,-2796000
2010/05/21,0,813000,-2581030,-1768030
2010/05/24,0,1950000,-2218000,-268000
2010/05/25,0,1978000,-5245000,-3267000
2010/05/26,0,7858120,-3079000,4779120
2010/05/27,0,5651000,-2485292,3165708
2010/05/28,0,3755000,-3719000,36000
2010/05/31,0,5232000,-2985462,2246538
2010/06/01,0,4401000,-2278000,2123000
2010/06/02,0,3008000,-3435000,-427000
2010/06/03,0,2285000,-2366000,-81000
2010/06/04,0,886000,-1630000,-744000
2010/06/07,0,2019000,-2526680,-507680
2010/06/08,0,1607000,-823000,784000
2010/06/09,0,2773000,-3470000,-697000
2010/06/10,0,2028000,-895000,1133000
2010/06/11,0,4337435,-4004000,333435
2010/06/14,0,4526835,-2548000,1978835
2010/06/15,0,5904091,-3660170,2243921
2010/06/16,0,0,0,0
2010/06/17,0,6205132,-2655200,3549932
2010/06/18,0,3997417,-5015345,-1017928
2010/06/21,0,10413400,-4905550,5507850
2010/06/22,0,4979030,-2949000,2030030
2010/06/23,0,2233586,-2210650,22936
2010/06/24,0,1647000,-2020330,-373330
2010/06/25,0,2766465,-3282000,-515535
2010/06/28,0,1535000,-2761000,-1226000
2010/06/29,0,3470000,-5020000,-1550000
2010/06/30,0,2460000,-6098435,-3638435
2010/07/01,0,469000,-4000450,-3531450
2010/07/02,0,2117000,-3317760,-1200760
2010/07/05,0,4651517,-3034000,1617517
2010/07/06,0,7198000,-1746000,5452000
2010/07/07,0,1242979,-1829000,-586021
2010/07/08,0,2206000,-928000,1278000
2010/07/09,0,8547014,-271000,8276014
2010/07/12,0,5610000,-795160,4814840
2010/07/13,0,6339000,-1996000,4343000
2010/07/14,0,12700556,-8134887,4565669
2010/07/15,0,5646000,-3041201,2604799
2010/07/16,0,9897357,-17073000,-7175643
2010/07/19,0,3027000,-5536000,-2509000
2010/07/20,0,5003000,-1100247,3902753
2010/07/21,0,2629000,-1785000,844000
2010/07/22,0,15077790,-3084000,11993790
2010/07/23,0,9695000,-1242000,8453000
2010/07/26,0,5354190,-1131100,4223090
2010/07/27,0,597394,-842000,-244606
2010/07/28,0,8076000,-2863000,5213000
2010/07/29,0,19087000,-9476907,9610093
2010/07/30,0,7135646,-7557000,-421354
2010/08/02,0,13108000,-9278000,3830000
2010/08/03,0,11065000,-3743000,7322000
2010/08/04,0,4036000,-4460653,-424653
2010/08/05,0,2398000,-3301090,-903090
2010/08/06,0,22933000,-17052000,5881000
2010/08/09,0,17365000,-4128000,13237000
2010/08/10,0,13599000,-5848000,7751000
2010/08/11,0,12203000,-4134006,8068994
2010/08/12,0,5062000,-5055000,7000
2010/08/13,0,11802140,-12093000,-290860
2010/08/16,0,1921000,-18044149,-16123149
2010/08/17,0,4398000,-12067000,-7669000
2010/08/18,0,4785000,-8894000,-4109000
2010/08/19,0,4856000,-5312000,-456000
2010/08/20,0,3593000,-6993627,-3400627
2010/08/23,0,14866000,-4079000,10787000
2010/08/24,0,20436000,-10563000,9873000
2010/08/25,0,10792000,-5858000,4934000
2010/08/26,0,5731000,-3568000,2163000
2010/08/27,0,1589000,-1706050,-117050
2010/08/30,0,3827000,-2049000,1778000
2010/08/31,0,6618000,-4763063,1854937
2010/09/01,0,11597000,-6374260,5222740
2010/09/02,0,22903000,-11654973,11248027
2010/09/03,0,27940000,-4298000,23642000
2010/09/06,0,13944177,-3377871,10566306
2010/09/07,0,2712000,-654910,2057090
2010/09/08,0,1479470,-1153052,326418
2010/09/09,0,4922000,-953000,3969000
2010/09/10,0,16090410,-1462000,14628410
2010/09/13,0,8435000,-1210000,7225000
2010/09/14,0,11806000,-1623000,10183000
2010/09/15,0,7023171,-261000,6762171
2010/09/16,0,6791000,-2777000,4014000
2010/09/17,0,4022000,-1465000,2557000
2010/09/20,0,2649000,-949510,1699490
2010/09/21,0,2429000,-3027100,-598100
2010/09/22,0,0,0,0
2010/09/23,0,4598258,-356202,4242056
2010/09/24,0,4383480,-6938455,-2554975
2010/09/27,0,15835640,-2346000,13489640
2010/09/28,0,12126850,-3543000,8583850
2010/09/29,0,10314000,-7905000,2409000
2010/09/30,0,3878000,-3855000,23000
2010/10/01,0,3737630,-2891000,846630
2010/10/04,0,4405910,-3057000,1348910
2010/10/05,0,3228340,-4221130,-992790
2010/10/06,0,6876013,-7034000,-157987
2010/10/07,0,15697300,-3489137,12208163
2010/10/08,0,9957800,-5284000,4673800
2010/10/11,0,7686400,-5424000,2262400
2010/10/12,0,2194626,-6639000,-4444374
2010/10/13,0,7692580,-3883000,3809580
2010/10/14,0,8384190,-4506000,3878190
2010/10/15,0,1814890,-468000,1346890
2010/10/18,0,3314000,-2809000,505000
2010/10/19,0,2363000,-3705791,-1342791
2010/10/20,0,5968000,-5887459,80541
2010/10/21,0,2100000,-3159000,-1059000
2010/10/22,0,2015332,-4080000,-2064668
2010/10/25,0,2396000,-4675000,-2279000
2010/10/26,0,2982379,-2846000,136379
2010/10/27,0,1874310,-5609846,-3735536
2010/10/28,0,7218332,-5085000,2133332
2010/10/29,0,3248000,-5243000,-1995000
2010/11/01,0,3463000,-2636000,827000
2010/11/02,0,3733000,-1048000,2685000
2010/11/03,0,11101000,-1173000,9928000
2010/11/04,0,5865000,-3035000,2830000
2010/11/05,0,2540000,-1775075,764925
2010/11/08,0,5068000,-1759000,3309000
2010/11/09,0,2276000,-978000,1298000
2010/11/10,0,1954000,-2299497,-345497
2010/11/11,0,2141000,-3132472,-991472
2010/11/12,0,1611000,-10776690,-9165690
2010/11/15,0,1523228,-6011302,-4488074
2010/11/16,0,5883000,-7816580,-1933580
2010/11/17,0,994000,-2179000,-1185000
2010/11/18,0,954000,-2309000,-1355000
2010/11/19,0,2037110,-4883280,-2846170
2010/11/22,0,2626090,-2639000,-12910
2010/11/23,0,2780140,-8506185,-5726045
2010/11/24,0,2037000,-8927000,-6890000
2010/11/25,0,1872000,-6436000,-4564000
2010/11/26,0,225000,-2190000,-1965000
2010/11/29,0,2735000,-4871441,-2136441
2010/11/30,0,5104025,-8112496,-3008471
2010/12/01,0,3500000,-4853000,-1353000
2010/12/02,0,4470948,-2344000,2126948
2010/12/03,0,2037000,-3986000,-1949000
2010/12/06,0,6354000,-10407418,-4053418
2010/12/07,0,14902060,-4265117,10636943
2010/12/08,0,7102799,-8067000,-964201
2010/12/09,0,3264000,-2527520,736480
2010/12/10,0,1776441,-1336979,439462
2010/12/13,0,2188000,-1951000,237000
2010/12/14,0,5983000,-1538000,4445000
2010/12/15,0,3308000,-1863000,1445000
2010/12/16,0,3600000,-1098000,2502000
2010/12/17,0,1817000,-623000,1194000
2010/12/20,0,598970,-2668000,-2069030
2010/12/21,0,951000,-933299,17701
2010/12/22,0,1481850,-3813480,-2331630
2010/12/23,0,1093000,-3209000,-2116000
2010/12/24,0,990000,-64000,926000
2010/12/27,0,1217336,-246441,970895
2010/12/28,0,2377332,-602000,1775332
2010/12/29,0,3573170,-226000,3347170
2010/12/30,0,4223000,-2396000,1827000
2010/12/31,0,3857000,-1050742,2806258
2011/01/03,0,2214000,-815054,1398946
2011/01/04,0,634000,-1745150,-1111150
2011/01/05,0,1210000,-4072885,-2862885
2011/01/06,0,1244000,-1472000,-228000
2011/01/07,0,2748000,-4249000,-1501000
2011/01/10,0,4907000,-4118000,789000
2011/01/11,0,5965461,-1722435,4243026
2011/01/12,0,7739000,-2391840,5347160
2011/01/13,0,7525195,-3553840,3971355
2011/01/14,0,7025000,-4451914,2573086
2011/01/17,0,2736441,-6844235,-4107794
2011/01/18,0,2499300,-7179130,-4679830
2011/01/19,0,6979000,-10696000,-3717000
2011/01/20,0,768000,-5378886,-4610886
2011/01/21,0,2499903,-7318716,-4818813
2011/01/24,0,2041000,-2440000,-399000
2011/01/25,0,4159000,-4677045,-518045
2011/01/26,0,2812000,-2723000,89000
2011/01/27,0,2023000,-8834803,-6811803
2011/01/28,0,4122600,-6519447,-2396847
2011/01/31,0,0,0,0
2011/02/01,0,0,0,0
2011/02/02,0,0,0,0
2011/02/03,0,0,0,0
2011/02/04,0,0,0,0
2011/02/07,0,0,0,0
2011/02/08,0,7893000,-26159115,-18266115
2011/02/09,0,7631000,-13761786,-6130786
2011/02/10,0,5566000,-11977520,-6411520
2011/02/11,0,6958000,-6949000,9000
2011/02/14,0,1756000,-13340001,-11584001
2011/02/15,0,8352000,-12717610,-4365610
2011/02/16,0,6692000,-11345201,-4653201
2011/02/17,0,4563000,-6398213,-1835213
2011/02/18,0,6128000,-4969000,1159000
2011/02/21,0,7851000,-7450000,401000
2011/02/22,0,5111000,-13443513,-8332513
2011/02/23,0,2066204,-8289769,-6223565
2011/02/24,0,5349748,-9440907,-4091159
2011/02/25,0,3656000,-3091092,564908
2011/02/28,0,0,0,0
2011/03/01,0,1798000,-11770896,-9972896
2011/03/02,0,2747748,-4157001,-1409253
2011/03/03,0,7902000,-1103999,6798001
2011/03/04,0,12322000,-1088000,11234000
2011/03/07,0,3840000,-2773722,1066278
2011/03/08,0,7894000,-3293010,4600990
2011/03/09,0,2369805,-1867359,502446
2011/03/10,0,2825000,-1070460,1754540
2011/03/11,0,632000,-1658850,-1026850
2011/03/14,0,3364000,-4632000,-1268000
2011/03/15,0,2801000,-5386520,-2585520
2011/03/16,0,5727000,-10171521,-4444521
2011/03/17,0,1574000,-3573660,-1999660
2011/03/18,0,4438000,-3205851,1232149
2011/03/21,0,1595000,-1530000,65000
2011/03/22,0,3323560,-2003806,1319754
2011/03/23,0,13838000,-1256000,12582000
2011/03/24,0,5164000,-1348000,3816000
2011/03/25,0,9023000,-2440000,6583000
2011/03/28,0,10588000,-2598000,7990000
2011/03/29,0,8063000,-990438,7072562
2011/03/30,0,24062000,-3677321,20384679
2011/03/31,0,8685055,-7361871,1323184
2011/04/01,0,14971639,-2818000,12153639
2011/04/04,0,0,0,0
2011/04/05,0,0,0,0
2011/04/06,0,17769950,-11796000,5973950
2011/04/07,0,13746414,-6087228,7659186
2011/04/08,0,14267056,-3445369,10821687
2011/04/11,0,6913468,-1104000,5809468
2011/04/12,0,8079016,-3180026,4898990
2011/04/13,0,7533000,-3501896,4031104
2011/04/14,0,8064592,-4971500,3093092
2011/04/15,0,8250000,-5899000,2351000
2011/04/18,0,11424058,-11290619,133439
2011/04/19,0,11445001,-8174000,3271001
2011/04/20,0,28494000,-7313455,21180545
2011/04/21,0,9187931,-5709284,3478647
2011/04/22,0,4892000,-392000,4500000
2011/04/25,0,1508000,-332000,1176000
2011/04/26,0,7385839,-3716800,3669039
2011/04/27,0,11784000,-2420970,9363030
2011/04/28,0,3441727,-7560260,-4118533
2011/04/29,0,6774485,-7510004,-735519
2011/05/02,0,0,0,0
2011/05/03,0,13723000,-12696000,1027000
2011/05/04,0,6020000,-2471360,3548640
2011/05/05,0,4375000,-14773749,-10398749
2011/05/06,0,6810226,-14260030,-7449804
2011/05/09,0,11748000,-16781178,-5033178
2011/05/10,0,576000,-2886885,-2310885
2011/05/11,0,2443000,-3338000,-895000
2011/05/12,0,3763000,-2443000,1320000
2011/05/13,0,2969000,-4888291,-1919291
2011/05/16,0,5078000,-5215000,-137000
2011/05/17,0,7392000,-6662469,729531
2011/05/18,0,10347000,-15981575,-5634575
2011/05/19,0,9252000,-17514898,-8262898
2011/05/20,0,4357000,-4890000,-533000
2011/05/23,0,2150000,-5460000,-3310000
2011/05/24,0,4730000,-2190989,2539011
2011/05/25,0,5053000,-3428000,1625000
2011/05/26,0,1715122,-3608421,-1893299
2011/05/27,0,2755000,-7299652,-4544652
2011/05/30,0,17019000,-5085931,11933069
2011/05/31,0,7984218,-6908424,1075794
2011/06/01,0,7260000,-1797052,5462948
2011/06/02,0,5364000,-1044788,4319212
2011/06/03,0,3032000,-408087,2623913
2011/06/06,0,0,0,0
2011/06/07,0,3587000,-555832,3031168
2011/06/08,0,3720000,-2115108,1604892
2011/06/09,0,2493100,-4618570,-2125470
2011/06/10,0,2258360,-3732552,-1474192
2011/06/13,0,1255000,-2178312,-923312
2011/06/14,0,2675000,-1583000,1092000
2011/06/15,0,9015000,-8139671,875329
2011/06/16,0,5013799,-4277000,736799
2011/06/17,0,4538000,-6539016,-2001016
2011/06/20,0,3660000,-5756430,-2096430
2011/06/21,0,5489000,-9599777,-4110777
2011/06/22,0,5851000,-10743000,-4892000
2011/06/23,0,5766064,-6241076,-475012
2011/06/24,0,5449000,-6196531,-747531
2011/06/27,0,11798000,-945797,10852203
2011/06/28,0,13105000,-7379839,5725161
2011/06/29,0,10311000,-4014000,6297000
2011/06/30,0,10237000,-2904596,7332404
2011/07/01,0,11711006,-1890735,9820271
2011/07/04,0,7833519,-3261054,4572465
2011/07/05,0,4878776,-2960000,1918776
2011/07/06,0,2301740,-6600513,-4298773
2011/07/07,0,3427829,-4151373,-723544
2011/07/08,0,3725263,-5678072,-1952809
2011/07/11,0,4224603,-5380000,-1155397
2011/07/12,0,7455264,-16707179,-9251915
2011/07/13,0,6645340,-11934805,-5289465
2011/07/14,0,6700991,-10114000,-3413009
2011/07/15,0,4551217,-4129000,422217
2011/07/18,0,4369630,-9350400,-4980770
2011/07/19,0,2667000,-5647400,-2980400
2011/07/20,0,7312383,-1628889,5683494
2011/07/21,0,2295644,-969918,1325726
2011/07/22,0,6166188,-2760000,3406188
2011/07/25,0,6664858,-4351163,2313695
2011/07/26,0,5643364,-6283004,-639640
2011/07/27,0,6832372,-11106808,-4274436
2011/07/28,0,5649947,-2638347,3011600
2011/07/29,0,5161970,-5275000,-113030
2011/08/01,0,6333233,-3121000,3212233
2011/08/02,0,2922627,-841235,2081392
2011/08/03,0,4352428,-3931000,421428
2011/08/04,0,2453558,-1426000,1027558
2011/08/05,0,10045073,-8178098,1866975
2011/08/08,0,5617886,-15235831,-9617945
2011/08/09,0,10298189,-15360104,-5061915
2011/08/10,0,14330000,-14639642,-309642
2011/08/11,0,8023000,-18359000,-10336000
2011/08/12,0,5258000,-12990384,-7732384
2011/08/15,0,5673523,-1921910,3751613
2011/08/16,0,5267000,-3480000,1787000
2011/08/17,0,8048907,-12934788,-4885881
2011/08/18,0,10977151,-10940061,37090
2011/08/19,0,8392090,-17162701,-8770611
2011/08/22,0,8247438,-7936000,311438
2011/08/23,0,5468000,-9888624,-4420624
2011/08/24,0,9624464,-17693075,-8068611
2011/08/25,0,17539361,-25088639,-7549278
2011/08/26,0,11534247,-7333000,4201247
2011/08/29,0,3948000,-5780516,-1832516
2011/08/30,0,2964501,-5999000,-3034499
2011/08/31,0,4437247,-4189000,248247
2011/09/01,0,11181178,-5025382,6155796
2011/09/02,0,1850427,-4569100,-2718673
2011/09/05,0,4046000,-7570259,-3524259
2011/09/06,0,7678539,-20208460,-12529921
2011/09/07,0,5737844,-17948117,-12210273
2011/09/08,0,5633522,-10276760,-4643238
2011/09/09,0,5803800,-3221000,2582800
2011/09/12,0,0,0,0
2011/09/13,0,2029270,-14968459,-12939189
2011/09/14,0,7026097,-9838323,-2812226
2011/09/15,0,6035000,-6114303,-79303
2011/09/16,0,7426000,-3968000,3458000
2011/09/19,0,2364667,-3503000,-1138333
2011/09/20,0,3695230,-5777262,-2082032
2011/09/21,0,5841110,-7037000,-1195890
2011/09/22,0,992471,-17372498,-16380027
2011/09/23,0,7279230,-12448400,-5169170
2011/09/26,0,6463034,-8093000,-1629966
2011/09/27,0,9406000,-6588753,2817247
2011/09/28,0,7481041,-7838000,-356959
2011/09/29,0,3513078,-3461000,52078
2011/09/30,0,4660000,-6833161,-2173161
2011/10/03,0,3876274,-17130000,-13253726
2011/10/04,0,8093000,-10410000,-2317000
2011/10/05,0,2288000,-3329000,-1041000
2011/10/06,0,9299000,-6549000,2750000
2011/10/07,0,10140000,-4124000,6016000
2011/10/10,0,0,0,0
2011/10/11,0,7170000,-5545639,1624361
2011/10/12,0,2038000,-4002001,-1964001
2011/10/13,0,5438007,-8090000,-2651993
2011/10/14,0,5166418,-6372000,-1205582
2011/10/17,0,5662657,-1335999,4326658
2011/10/18,0,1751670,-6228000,-4476330
2011/10/19,0,1606595,-3717000,-2110405
2011/10/20,0,4093092,-6529391,-2436299
2011/10/21,0,1306662,-2322719,-1016057
2011/10/24,0,7074323,-2549000,4525323
2011/10/25,0,3163991,-1294000,1869991
2011/10/26,0,5695000,-2034346,3660654
2011/10/27,0,27054000,-12264785,14789215
2011/10/28,0,11492000,-3878000,7614000
2011/10/31,0,4529000,-2024935,2504065
2011/11/01,0,2655000,-7932663,-5277663
2011/11/02,0,4621000,-6419600,-1798600
2011/11/03,0,4598000,-4661000,-63000
2011/11/04,0,6952000,-4814000,2138000
2011/11/07,0,3326000,-1295000,2031000
2011/11/08,0,1414638,-4315021,-2900383
2011/11/09,0,4505428,-4174478,330950
2011/11/10,0,8024428,-7953000,71428
2011/11/11,0,3437000,-9290400,-5853400
2011/11/14,0,1723000,-4361000,-2638000
2011/11/15,0,1823000,-1297000,526000
2011/11/16,0,2214000,-6072000,-3858000
2011/11/17,0,2375714,-6356420,-3980706
2011/11/18,0,8181000,-13286140,-5105140
2011/11/21,0,6830000,-12458984,-5628984
2011/11/22,0,6387000,-4964000,1423000
2011/11/23,0,1788000,-4513000,-2725000
2011/11/24,0,5412000,-4187000,1225000
2011/11/25,0,1345000,-4974000,-3629000
2011/11/28,0,1877376,-1652000,225376
2011/11/29,0,2172000,-1148000,1024000
2011/11/30,0,7313346,-10884830,-3571484
2011/12/01,0,6003000,-1688301,4314699
2011/12/02,0,6756000,-1298000,5458000
2011/12/05,0,2778000,-1381000,1397000
2011/12/06,0,7860000,-2004000,5856000
2011/12/07,0,6435000,-1020136,5414864
2011/12/08,0,1931000,-5883000,-3952000
2011/12/09,0,1922182,-2480000,-557818
2011/12/12,0,5622000,-786983,4835017
2011/12/13,0,4660000,-4018000,642000
2011/12/14,0,4484000,-8194323,-3710323
2011/12/15,0,4778000,-6415000,-1637000
2011/12/16,0,5454000,-1759977,3694023
2011/12/19,0,5374000,-3616000,1758000
2011/12/20,0,8205000,-7236900,968100
2011/12/21,0,5253000,-1788100,3464900
2011/12/22,0,2772000,-6490000,-3718000
2011/12/23,0,3060000,-667000,2393000
2011/12/26,0,1297000,-251000,1046000
2011/12/27,0,1232000,-549000,683000
2011/12/28,0,987000,-842000,145000
2011/12/29,0,1990709,-636000,1354709
2011/12/30,0,1590517,-2128323,-537806
2012/01/02,0,2481000,-501000,1980000
2012/01/03,0,7960741,-2904000,5056741
2012/01/04,0,2979000,-1454415,1524585
2012/01/05,0,2750000,-7072000,-4322000
2012/01/06,0,2379071,-9387000,-7007929
2012/01/09,0,2692000,-2609000,83000
2012/01/10,0,7761000,-2717000,5044000
2012/01/11,0,4268000,-3097000,1171000
2012/01/12,0,7182000,-5214000,1968000
2012/01/13,0,4044000,-1861000,2183000
2012/01/16,0,761000,-2488407,-1727407
2012/01/17,0,3573000,-2121000,1452000
2012/01/18,0,4789000,-5219000,-430000
2012/01/19,0,0,0,0
2012/01/20,0,0,0,0
2012/01/23,0,0,0,0
2012/01/24,0,0,0,0
2012/01/25,0,0,0,0
2012/01/26,0,0,0,0
2012/01/27,0,0,0,0
2012/01/30,0,14024705,-5300166,8724539
2012/01/31,0,4037260,-8463000,-4425740
2012/02/01,0,1876000,-3223000,-1347000
2012/02/02,0,3036000,-1285000,1751000
2012/02/03,0,3560080,-2305000,1255080
2012/02/06,0,2663000,-4708000,-2045000
2012/02/07,0,7900000,-7965000,-65000
2012/02/08,0,4790000,-9274000,-4484000
2012/02/09,0,22997000,-23898241,-901241
2012/02/10,0,20835000,-15082000,5753000
2012/02/13,0,17155000,-9846179,7308821
2012/02/14,0,4963645,-7726900,-2763255
2012/02/15,0,5636000,-5088000,548000
2012/02/16,0,22191000,-12759560,9431440
2012/02/17,0,8555000,-5656000,2899000
2012/02/20,0,15162712,-8623000,6539712
2012/02/21,0,3058000,-5171000,-2113000
2012/02/22,0,8183000,-4587000,3596000
2012/02/23,0,11048000,-8965000,2083000
2012/02/24,0,10330800,-12637021,-2306221
2012/02/27,0,0,0,0
2012/02/28,0,0,0,0
2012/02/29,0,8749865,-5848000,2901865
2012/03/01,0,5645811,-4973000,672811
2012/03/02,0,1997575,-5251000,-3253425
2012/03/05,0,2300000,-5408000,-3108000
2012/03/06,0,3433840,-9584000,-6150160
2012/03/07,0,2047000,-4030000,-1983000
2012/03/08,0,1608000,-4044000,-2436000
2012/03/09,0,1744000,-4673000,-2929000
2012/03/12,0,3932000,-6946000,-3014000
2012/03/13,0,6133000,-5432220,700780
2012/03/14,0,4487000,-10354026,-5867026
2012/03/15,0,7059000,-7574000,-515000
2012/03/16,0,7273000,-2649000,4624000
2012/03/19,0,2522000,-3273000,-751000
2012/03/20,0,3608000,-3735000,-127000
2012/03/21,0,6434605,-7312605,-878000
2012/03/22,0,7555000,-11745010,-4190010
2012/03/23,0,5354000,-8466200,-3112200
2012/03/26,0,5057285,-24517000,-19459715
2012/03/27,0,6174000,-16337599,-10163599
2012/03/28,0,3219000,-3434305,-215305
2012/03/29,0,2859000,-5962212,-3103212
2012/03/30,0,3140134,-4157147,-1017013
2012/04/02,0,1557000,-3269000,-1712000
2012/04/03,0,6541788,-7388000,-846212
2012/04/04,0,0,0,0
2012/04/05,0,2424000,-3161000,-737000
2012/04/06,0,1057000,-5220871,-4163871
2012/04/09,0,2417000,-4422000,-2005000
2012/04/10,0,1282000,-4640000,-3358000
2012/04/11,0,4116142,-11979393,-7863251
2012/04/12,0,5836104,-5062142,773962
2012/04/13,0,3316299,-2071204,1245095
2012/04/16,0,1454000,-1172000,282000
2012/04/17,0,5063000,-3973000,1090000
2012/04/18,0,6643000,-2347000,4296000
2012/04/19,0,3921000,-1054000,2867000
2012/04/20,0,2934000,-2769106,164894
2012/04/23,0,2761260,-2632000,129260
2012/04/24,0,3654170,-4469000,-814830
2012/04/25,0,2675000,-7133600,-4458600
2012/04/26,0,1892000,-4744000,-2852000
2012/04/27,0,2525000,-4797361,-2272361
2012/04/30,0,2964000,-1494402,1469598
2012/05/01,0,0,0,0
2012/05/02,0,6891000,-7411000,-520000
2012/05/03,0,5170000,-2718000,2452000
2012/05/04,0,6287896,-5281387,1006509
2012/05/07,0,3864000,-4698000,-834000
2012/05/08,0,1041000,-3697000,-2656000
2012/05/09,0,761000,-3097000,-2336000
2012/05/10,0,4451917,-5587832,-1135915
2012/05/11,0,3024142,-6242000,-3217858
2012/05/14,0,662000,-4262000,-3600000
2012/05/15,0,1998000,-23328990,-21330990
2012/05/16,0,1157714,-11068000,-9910286
2012/05/17,0,4145000,-6207887,-2062887
2012/05/18,0,2922000,-11494000,-8572000
2012/05/21,0,1098000,-2127674,-1029674
2012/05/22,0,1555000,-3061000,-1506000
2012/05/23,0,1674706,-3717000,-2042294
2012/05/24,0,1084000,-4876326,-3792326
2012/05/25,0,944000,-3124748,-2180748
2012/05/28,0,1257000,-3041000,-1784000
2012/05/29,0,1540000,-2734000,-1194000
2012/05/30,0,8260000,-8123786,136214
2012/05/31,0,11899056,-15802000,-3902944
2012/06/01,0,2635000,-4573135,-1938135
2012/06/04,0,2920177,-3985735,-1065558
2012/06/05,0,2025000,-4140000,-2115000
2012/06/06,0,4222000,-1975000,2247000
2012/06/07,0,2451924,-1454000,997924
2012/06/08,0,2125152,-3274000,-1148848
2012/06/11,0,5123618,-5730000,-606382
2012/06/12,0,3872000,-7368000,-3496000
2012/06/13,0,3152939,-5714868,-2561929
2012/06/14,0,3289806,-4862540,-1572734
2012/06/15,0,6145000,-6758939,-613939
2012/06/18,0,4233300,-3240000,993300
2012/06/19,0,2946578,-2636000,310578
2012/06/20,0,3573415,-3533000,40415
2012/06/21,0,715722,-1234180,-518458
2012/06/22,0,1037704,-2790000,-1752296
2012/06/25,0,587000,-3326235,-2739235
2012/06/26,0,3287000,-2649000,638000
2012/06/27,0,1513000,-1510000,3000
2012/06/28,0,1945000,-1998000,-53000
2012/06/29,0,3459070,-5342000,-1882930
2012/07/02,0,1659000,-4489000,-2830000
2012/07/03,0,6685078,-2990000,3695078
2012/07/04,0,2834433,-2937000,-102567
2012/07/05,0,1847000,-3371000,-1524000
2012/07/06,0,3934000,-1056000,2878000
2012/07/09,0,1745000,-2905000,-1160000
2012/07/10,0,2054814,-3134700,-1079886
2012/07/11,0,9220000,-3629000,5591000
2012/07/12,0,1346358,-4502000,-3155642
2012/07/13,0,4613028,-2959572,1653456
2012/07/16,0,3931000,-3609000,322000
2012/07/17,0,4869000,-5596249,-727249
2012/07/18,0,4093000,-3857078,235922
2012/07/19,0,6879000,-1246078,5632922
2012/07/20,0,5055000,-2220156,2834844
2012/07/23,0,3284000,-3384000,-100000
2012/07/24,0,3140000,-2481078,658922
2012/07/25,0,4471000,-9150599,-4679599
2012/07/26,0,3031000,-2576746,454254
2012/07/27,0,6868000,-3407000,3461000
2012/07/30,0,5281226,-2364000,2917226
2012/07/31,0,4931000,-2964866,1966134
2012/08/01,0,4832000,-1293000,3539000
2012/08/02,0,0,0,0
2012/08/03,0,2391642,-1426623,965019
2012/08/06,0,5760000,-442000,5318000
2012/08/07,0,4891000,-3172000,1719000
2012/08/08,0,6465684,-3869460,2596224
2012/08/09,0,8834000,-4101000,4733000
2012/08/10,0,8934000,-3906044,5027956
2012/08/13,0,8155000,-2189000,5966000
2012/08/14,0,3301287,-2022000,1279287
2012/08/15,0,4095428,-2681000,1414428
2012/08/16,0,4064000,-3608000,456000
2012/08/17,0,5324000,-3227000,2097000
2012/08/20,0,1668000,-1570000,98000
2012/08/21,0,5070441,-2055885,3014556
2012/08/22,0,1750774,-4067000,-2316226
2012/08/23,0,1434483,-3948500,-2514017
2012/08/24,0,722000,-3670387,-2948387
2012/08/27,0,1105000,-1448000,-343000
2012/08/28,0,980664,-2039000,-1058336
2012/08/29,0,1823000,-6078820,-4255820
2012/08/30,0,2802000,-6528000,-3726000
2012/08/31,0,1621785,-2803000,-1181215
2012/09/03,0,1004000,-2141000,-1137000
2012/09/04,0,1651000,-5638554,-3987554
2012/09/05,0,1436000,-6286360,-4850360
2012/09/06,0,736000,-2725000,-1989000
2012/09/07,0,2727000,-13271808,-10544808
2012/09/10,0,4287351,-3054000,1233351
2012/09/11,0,421000,-1034000,-613000
2012/09/12,0,1959000,-316000,1643000
2012/09/13,0,2686000,-238000,2448000
2012/09/14,0,5533000,-891000,4642000
2012/09/17,0,3890000,-1368000,2522000
2012/09/18,0,1726000,-1499000,227000
2012/09/19,0,4393000,-5502000,-1109000
2012/09/20,0,2468000,-5932739,-3464739
2012/09/21,0,4774886,-2724000,2050886
2012/09/24,0,1610000,-311000,1299000
2012/09/25,0,4977000,-760000,4217000
2012/09/26,0,1703000,-265000,1438000
2012/09/27,0,4145199,-1477112,2668087
2012/09/28,0,6260000,-1621078,4638922
2012/10/01,0,1994000,-1713000,281000
2012/10/02,0,2092000,-3575000,-1483000
2012/10/03,0,829000,-282000,547000
2012/10/04,0,3042000,-1139000,1903000
2012/10/05,0,2992000,-1132000,1860000
2012/10/08,0,4260100,-1078000,3182100
2012/10/09,0,6546000,-1031417,5514583
2012/10/10,0,0,0,0
2012/10/11,0,2905000,-3408000,-503000
2012/10/12,0,2732868,-2155000,577868
2012/10/15,0,3975000,-523000,3452000
2012/10/16,0,3597000,-1131000,2466000
2012/10/17,0,5745000,-1176580,4568420
2012/10/18,0,1249000,-960000,289000
2012/10/19,0,14288000,-4817827,9470173
2012/10/22,0,4102000,-1186244,2915756
2012/10/23,0,2028500,-1290476,738024
2012/10/24,0,7830000,-4492560,3337440
2012/10/25,0,9076000,-1210000,7866000
2012/10/26,0,4487028,-2361000,2126028
2012/10/29,0,3075800,-1173000,1902800
2012/10/30,0,5869000,-3338000,2531000
2012/10/31,0,3233000,-1641000,1592000
2012/11/01,0,3251000,-4350000,-1099000
2012/11/02,0,9164000,-3647000,5517000
2012/11/05,0,7493000,-1824000,5669000
2012/11/06,0,7080000,-2601000,4479000
2012/11/07,0,6474000,-1638000,4836000
2012/11/08,0,3380000,-3613000,-233000
2012/11/09,0,3225000,-1598000,1627000
2012/11/12,0,2425000,-1000000,1425000
2012/11/13,0,4573000,-4878000,-305000
2012/11/14,0,2557000,-2901500,-344500
2012/11/15,0,1392000,-912000,480000
2012/11/16,0,1066788,-1969000,-902212
2012/11/19,0,2113000,-909000,1204000
2012/11/20,0,2757000,-1074000,1683000
2012/11/21,0,2160000,-2348000,-188000
2012/11/22,0,1112000,-1031000,81000
2012/11/23,0,4271000,-1335000,2936000
2012/11/26,0,2695000,-3778000,-1083000
2012/11/27,0,3699000,-4021000,-322000
2012/11/28,0,4974400,-1409994,3564406
2012/11/29,0,11908244,-3291519,8616725
2012/11/30,0,14215900,-2843701,11372199
2012/12/03,0,4363000,-2052367,2310633
2012/12/04,0,4196523,-2059000,2137523
2012/12/05,0,6432000,-3277000,3155000
2012/12/06,0,4574000,-2030930,2543070
2012/12/07,0,7194000,-738081,6455919
2012/12/10,0,4157000,-3602812,554188
2012/12/11,0,8189696,-3270000,4919696
2012/12/12,0,7513000,-2366000,5147000
2012/12/13,0,3418875,-2246000,1172875
2012/12/14,0,3654815,-1095788,2559027
2012/12/17,0,2964000,-1172430,1791570
2012/12/18,0,4084000,-1414000,2670000
2012/12/19,0,5619000,-1428300,4190700
2012/12/20,0,4868000,-2265000,2603000
2012/12/21,0,2685000,-4070245,-1385245
2012/12/24,0,1298000,-423000,875000
2012/12/25,0,1475000,-51000,1424000
2012/12/26,0,1540000,-490000,1050000
2012/12/27,0,1994212,-1862000,132212
2012/12/28,0,2687000,-1388000,1299000
2012/12/31,0,0,0,0
2013/01/01,0,0,0,0
2013/01/02,0,3071000,-664000,2407000
2013/01/03,0,4444000,-2969000,1475000
2013/01/04,0,3550000,-1295000,2255000
2013/01/07,0,2272000,-1582900,689100
2013/01/08,0,2579000,-936000,1643000
2013/01/09,0,1599000,-736000,863000
2013/01/10,0,8876000,-884592,7991408
2013/01/11,0,2063000,-1021563,1041437
2013/01/14,0,2854000,-3261490,-407490
2013/01/15,0,3376000,-1114000,2262000
2013/01/16,0,2877656,-1557000,1320656
2013/01/17,0,2136900,-3984000,-1847100
2013/01/18,0,11946000,-9394000,2552000
2013/01/21,0,1198000,-1630000,-432000
2013/01/22,0,1056000,-538851,517149
2013/01/23,0,1908000,-915444,992556
2013/01/24,0,2073000,-2632000,-559000
2013/01/25,0,3612087,-2774048,838039
2013/01/28,0,2486000,-793116,1692884
2013/01/29,0,3212200,-539000,2673200
2013/01/30,0,4622944,-2445000,2177944
2013/01/31,0,4077070,-3200000,877070
2013/02/01,0,4430000,-328000,4102000
2013/02/04,0,7036000,-6158000,878000
2013/02/05,0,5300060,-5106000,194060
2013/02/06,0,3564899,-5040000,-1475101
2013/02/07,0,0,0,0
2013/02/08,0,0,0,0
2013/02/11,0,0,0,0
2013/02/12,0,0,0,0
2013/02/13,0,0,0,0
2013/02/14,0,0,0,0
2013/02/15,0,0,0,0
2013/02/18,0,5047000,-6763757,-1716757
2013/02/19,0,3979207,-5758750,-1779543
2013/02/20,0,5261486,-15932808,-10671322
2013/02/21,0,5636000,-13601301,-7965301
2013/02/22,0,4667000,-2966000,1701000
2013/02/25,0,2535000,-4852807,-2317807
2013/02/26,0,1730000,-3146465,-1416465
2013/02/27,0,3890000,-3470962,419038
2013/02/28,0,0,0,0
2013/03/01,0,2222000,-1850000,372000
2013/03/04,0,1573000,-6325000,-4752000
2013/03/05,0,1266123,-3679236,-2413113
2013/03/06,0,1219000,-1660000,-441000
2013/03/07,0,935000,-3154987,-2219987
2013/03/08,0,1857000,-406000,1451000
2013/03/11,0,1010000,-2105000,-1095000
2013/03/12,0,900000,-1755192,-855192
2013/03/13,0,2529000,-825000,1704000
2013/03/14,0,762000,-7908980,-7146980
2013/03/15,0,3261311,-5418676,-2157365
2013/03/18,0,1736000,-8717560,-6981560
2013/03/19,0,1364000,-4699900,-3335900
2013/03/20,0,2147000,-8114161,-5967161
2013/03/21,0,3508749,-7041000,-3532251
2013/03/22,0,1048309,-6925568,-5877259
2013/03/25,0,546000,-3244000,-2698000
2013/03/26,0,2381000,-2951779,-570779
2013/03/27,0,2016000,-5035000,-3019000
2013/03/28,0,2416000,-3378000,-962000
2013/03/29,0,1625000,-400000,1225000
2013/04/01,0,1206430,-1079000,127430
2013/04/02,0,2173634,-1143000,1030634
2013/04/03,0,2652419,-1283387,1369032
2013/04/04,0,0,0,0
2013/04/05,0,0,0,0
2013/04/08,0,3093888,-5544310,-2450422
2013/04/09,0,4659000,-4524115,134885
2013/04/10,0,2776000,-5353000,-2577000
2013/04/11,0,3437882,-4482000,-1044118
2013/04/12,0,3260000,-3785000,-525000
2013/04/15,0,1320587,-3539000,-2218413
2013/04/16,0,2043549,-2566045,-522496
2013/04/17,0,2288000,-4764766,-2476766
2013/04/18,0,4468000,-5207000,-739000
2013/04/19,0,3289000,-1322000,1967000
2013/04/22,0,1772000,-1202766,569234
2013/04/23,0,874000,-1693000,-819000
2013/04/24,0,3135000,-414000,2721000
2013/04/25,0,2560270,-1874766,685504
2013/04/26,0,2417000,-1850698,566302
2013/04/29,0,2256000,-1717000,539000
2013/04/30,0,3840000,-2810000,1030000
2013/05/01,0,0,0,0
2013/05/02,0,1705000,-5362167,-3657167
2013/05/03,0,1551000,-4327000,-2776000
2013/05/06,0,1942000,-2439375,-497375
2013/05/07,0,2251553,-2783000,-531447
2013/05/08,0,4727078,-5937807,-1210729
2013/05/09,0,3955241,-4483000,-527759
2013/05/10,0,1311000,-919251,391749
2013/05/13,0,788000,-1244000,-456000
2013/05/14,0,2237100,-1340374,896726
2013/05/15,0,3520000,-1495000,2025000
2013/05/16,0,5132000,-2592000,2540000
2013/05/17,0,1227000,-2395122,-1168122
2013/05/20,0,1558000,-1262061,295939
2013/05/21,0,2987000,-1268881,1718119
2013/05/22,0,1820000,-301000,1519000
2013/05/23,0,4333000,-3251000,1082000
2013/05/24,0,3675008,-1873000,1802008
2013/05/27,0,2655993,-1587000,1068993
2013/05/28,0,1895000,-1598207,296793
2013/05/29,0,2196000,-1323000,873000
2013/05/30,0,2250000,-5084000,-2834000
2013/05/31,0,11319422,-11215286,104136
2013/06/03,0,2668000,-5039000,-2371000
2013/06/04,0,2929000,-1958000,971000
2013/06/05,0,1723529,-6673000,-4949471
2013/06/06,0,2188508,-3547215,-1358707
2013/06/07,0,1466971,-2274396,-807425
2013/06/10,0,2590900,-1379000,1211900
2013/06/11,0,3090709,-3204000,-113291
2013/06/12,0,0,0,0
2013/06/13,0,6163200,-7465875,-1302675
2013/06/14,0,3039000,-4966000,-1927000
2013/06/17,0,659000,-2996911,-2337911
2013/06/18,0,3396374,-6375747,-2979373
2013/06/19,0,3568000,-5029095,-1461095
2013/06/20,0,3801000,-3777001,23999
2013/06/21,0,2330000,-17985337,-15655337
2013/06/24,0,2595000,-12563829,-9968829
2013/06/25,0,3204000,-11125656,-7921656
2013/06/26,0,4325345,-12797737,-8472392
2013/06/27,0,5772655,-5182054,590601
2013/06/28,0,8016474,-4151510,3864964
2013/07/01,0,3147000,-2931000,216000
2013/07/02,0,1790647,-11423566,-9632919
2013/07/03,0,2186366,-8613000,-6426634
2013/07/04,0,992000,-1692000,-700000
2013/07/05,0,2414000,-4292000,-1878000
2013/07/08,0,1920000,-3286000,-1366000
2013/07/09,0,2283000,-4183000,-1900000
2013/07/10,0,5597000,-5205000,392000
2013/07/11,0,5495379,-6377139,-881760
2013/07/12,0,6516000,-3639000,2877000
2013/07/15,0,5862692,-3150000,2712692
2013/07/16,0,4213000,-2642000,1571000
2013/07/17,0,5816000,-4438000,1378000
2013/07/18,0,5208000,-3663000,1545000
2013/07/19,0,6600443,-3505000,3095443
2013/07/22,0,2837924,-2061000,776924
2013/07/23,0,5890000,-577000,5313000
2013/07/24,0,2886000,-1418000,1468000
2013/07/25,0,1803000,-2170000,-367000
2013/07/26,0,4821000,-1844000,2977000
2013/07/29,0,2545000,-1154000,1391000
2013/07/30,0,6134000,-1728000,4406000
2013/07/31,0,3336000,-2194501,1141499
2013/08/01,0,1423000,-1446000,-23000
2013/08/02,0,2332092,-1337000,995092
2013/08/05,0,2267647,-1057000,1210647
2013/08/06,0,2608000,-2822000,-214000
2013/08/07,0,4911000,-2389000,2522000
2013/08/08,0,3303000,-3318000,-15000
2013/08/09,0,1650000,-4479000,-2829000
2013/08/12,0,13672000,-550000,13122000
2013/08/13,0,11282000,-2258000,9024000
2013/08/14,0,7598992,-3774000,3824992
2013/08/15,0,5702000,-2870042,2831958
2013/08/16,0,8648431,-1825915,6822516
2013/08/19,0,5011000,-3522000,1489000
2013/08/20,0,3759805,-3151805,608000
2013/08/21,0,0,0,0
2013/08/22,0,11193805,-6176500,5017305
2013/08/23,0,2359000,-2310000,49000
2013/08/26,0,2561000,-591000,1970000
2013/08/27,0,2358000,-2958000,-600000
2013/08/28,0,4592000,-2564000,2028000
2013/08/29,0,3593293,-1753000,1840293
2013/08/30,0,13015000,-1813393,11201607
2013/09/02,0,6014000,-2169000,3845000
2013/09/03,0,2790000,-1481521,1308479
2013/09/04,0,5247000,-1656000,3591000
2013/09/05,0,6292291,-1043000,5249291
2013/09/06,0,6735000,-2386000,4349000
2013/09/09,0,5437275,-715000,4722275
2013/09/10,0,9389945,-991019,8398926
2013/09/11,0,8387000,-2451646,5935354
2013/09/12,0,9599000,-527243,9071757
2013/09/13,0,5361000,-738000,4623000
2013/09/16,0,7303000,-470000,6833000
2013/09/17,0,8211000,-1821456,6389544
2013/09/18,0,6955389,-644000,6311389
2013/09/19,0,0,0,0
2013/09/20,0,0,0,0
2013/09/23,0,12730000,-1188000,11542000
2013/09/24,0,6565000,-2732016,3832984
2013/09/25,0,5884000,-2315226,3568774
2013/09/26,0,3643000,-2175000,1468000
2013/09/27,0,10962000,-2186657,8775343
2013/09/30,0,10617000,-5115017,5501983
2013/10/01,0,2734000,-3073608,-339608
2013/10/02,0,5279589,-3242783,2036806
2013/10/03,0,5133256,-1052000,4081256
2013/10/04,0,6444000,-2307568,4136432
2013/10/07,0,5355891,-3519000,1836891
2013/10/08,0,5917000,-1511100,4405900
2013/10/09,0,4447000,-1371000,3076000
2013/10/10,0,0,0,0
2013/10/11,0,2244000,-751000,1493000
2013/10/14,0,2262000,-441588,1820412
2013/10/15,0,5753000,-1297278,4455722
2013/10/16,0,1779000,-888000,891000
2013/10/17,0,1838000,-780000,1058000
2013/10/18,0,2521330,-1664000,857330
2013/10/21,0,1350000,-1047500,302500
2013/10/22,0,3847000,-1274932,2572068
2013/10/23,0,3516284,-2119000,1397284
2013/10/24,0,2520000,-1149000,1371000
2013/10/25,0,1809000,-1580687,228313
2013/10/28,0,2635000,-1177000,1458000
2013/10/29,0,2299000,-1269000,1030000
2013/10/30,0,2442000,-1861000,581000
2013/10/31,0,4182000,-2690830,1491170
2013/11/01,0,1771000,-1014000,757000
2013/11/04,0,969000,-2059000,-1090000
2013/11/05,0,1783000,-2493230,-710230
2013/11/06,0,3783000,-4217000,-434000
2013/11/07,0,3417000,-2560000,857000
2013/11/08,0,3237786,-2445000,792786
2013/11/11,0,2440080,-2670000,-229920
2013/11/12,0,6543000,-5296000,1247000
2013/11/13,0,4496903,-4821000,-324097
2013/11/14,0,3129000,-2793000,336000
2013/11/15,0,5708000,-3432372,2275628
2013/11/18,0,4263000,-3250000,1013000
2013/11/19,0,8814488,-5310488,3504000
2013/11/20,0,2747000,-10252000,-7505000
2013/11/21,0,2078000,-5718299,-3640299
2013/11/22,0,2537444,-3100000,-562556
2013/11/25,0,4953650,-4418000,535650
2013/11/26,0,5298272,-15520797,-10222525
2013/11/27,0,6617891,-7378000,-760109
2013/11/28,0,5795000,-2729510,3065490
2013/11/29,0,4018000,-4970000,-952000
2013/12/02,0,2929891,-1778000,1151891
2013/12/03,0,8368630,-5080714,3287916
2013/12/04,0,4727000,-4430300,296700
2013/12/05,0,5330000,-6097000,-767000
2013/12/06,0,2571000,-9291696,-6720696
2013/12/09,0,7345000,-2968771,4376229
2013/12/10,0,4917000,-2714800,2202200
2013/12/11,0,5291000,-3380000,1911000
2013/12/12,0,11687000,-7732988,3954012
2013/12/13,0,3563300,-3988000,-424700
2013/12/16,0,3141000,-4452971,-1311971
2013/12/17,0,2738000,-2458000,280000
2013/12/18,0,3983000,-4294000,-311000
2013/12/19,0,3905000,-2424000,1481000
2013/12/20,0,4383000,-3397678,985322
2013/12/23,0,3906000,-3164000,742000
2013/12/24,0,933000,-2791000,-1858000
2013/12/25,0,494000,-897000,-403000
2013/12/26,0,681000,-1671000,-990000
2013/12/27,0,2178000,-3325000,-1147000
2013/12/30,0,2997000,-3178000,-181000
2013/12/31,0,1009000,-2238000,-1229000
2014/01/02,0,713000,-3355000,-2642000
2014/01/03,0,3060000,-3770770,-710770
2014/01/06,0,3306000,-6406348,-3100348
2014/01/07,0,7651000,-6158000,1493000
2014/01/08,0,13001000,-12005000,996000
2014/01/09,0,11705000,-12562199,-857199
2014/01/10,0,5126000,-4029965,1096035
2014/01/13,0,4827000,-5672280,-845280
2014/01/14,0,2608000,-2599000,9000
2014/01/15,0,12060000,-3283082,8776918
2014/01/16,0,5415000,-12877283,-7462283
2014/01/17,0,4389891,-10647000,-6257109
2014/01/20,0,2066000,-1682000,384000
2014/01/21,0,6579000,-2072242,4506758
2014/01/22,0,7409000,-1815000,5594000
2014/01/23,0,7885000,-4594479,3290521
2014/01/24,0,5461100,-4588412,872688
2014/01/27,0,4267000,-8539808,-4272808
2014/02/05,0,5688000,-18156742,-12468742
2014/02/06,0,5355200,-8493140,-3137940
2014/02/07,0,2859000,-6695000,-3836000
2014/02/10,0,2589000,-5058053,-2469053
2014/02/11,0,2298802,-2793434,-494632
2014/02/12,0,2623000,-1680458,942542
2014/02/13,0,2775003,-2425010,349993
2014/02/14,0,5828000,-4157114,1670886
2014/02/17,0,1142000,-1696000,-554000
2014/02/18,0,1576000,-2105714,-529714
2014/02/19,0,2554001,-2462375,91626
2014/02/20,0,4463000,-3515719,947281
2014/02/21,0,8267000,-2062000,6205000
2014/02/24,0,2974000,-1992077,981923
2014/02/25,0,3036849,-1503699,1533150
2014/02/26,0,3811000,-3716000,95000
2014/02/27,0,3469702,-1416251,2053451
2014/03/03,0,8845000,-7762000,1083000
2014/03/04,0,2965000,-4555108,-1590108
2014/03/05,0,4651000,-1256244,3394756
2014/03/06,0,4080000,-2823000,1257000
2014/03/07,0,3330000,-3335326,-5326
2014/03/10,0,5120000,-2738191,2381809
2014/03/11,0,2520000,-4952208,-2432208
2014/03/12,0,2337000,-1867233,469767
2014/03/13,0,2024000,-2139073,-115073
2014/03/14,0,845000,-2823000,-1978000
2014/03/17,0,2128000,-994000,1134000
2014/03/18,0,1460000,-2093000,-633000
2014/03/19,0,809000,-1352000,-543000
2014/03/20,0,2480000,-3665166,-1185166
2014/03/21,0,2158000,-4910000,-2752000
2014/03/24,0,1863760,-3169453,-1305693
2014/03/25,0,5315000,-2362110,2952890
2014/03/26,0,2360000,-2488295,-128295
2014/03/27,0,3000000,-3037000,-37000
2014/03/28,0,3397000,-4420000,-1023000
2014/03/31,0,4522237,-5784160,-1261923
2014/04/01,0,3990000,-3682058,307942
2014/04/02,0,3628000,-8486300,-4858300
2014/04/03,0,5776000,-6343051,-567051
2014/04/07,0,9190000,-10137000,-947000
2014/04/08,0,1998647,-6894936,-4896289
2014/04/09,0,3232000,-2175210,1056790
2014/04/10,0,6891000,-3083382,3807618
2014/04/11,0,5340470,-4684000,656470
2014/04/14,0,2994001,-5224000,-2229999
2014/04/15,0,2022000,-3310608,-1288608
2014/04/16,0,3676000,-5381000,-1705000
2014/04/17,0,1276000,-3226000,-1950000
2014/04/18,0,1141000,-494000,647000
2014/04/21,0,1051000,-759000,292000
2014/04/22,0,1140000,-2332000,-1192000
2014/04/23,0,2007000,-2361046,-354046
2014/04/24,0,1593000,-2467889,-874889
2014/04/25,0,2176000,-2802000,-626000
2014/04/28,0,6100000,-5483000,617000
2014/04/29,0,1636000,-4399879,-2763879
2014/04/30,0,4434907,-4317000,117907
2014/05/02,0,1579000,-4420000,-2841000
2014/05/05,0,267000,-3862140,-3595140
2014/05/06,0,685000,-4111000,-3426000
2014/05/07,0,5076000,-11358000,-6282000
2014/05/08,0,1839000,-7935683,-6096683
2014/05/09,0,1652000,-8381474,-6729474
2014/05/12,0,1927647,-10840126,-8912479
2014/05/13,0,4876000,-13002000,-8126000
2014/05/14,0,4231000,-9389864,-5158864
2014/05/15,0,3299000,-4257000,-958000
2014/05/16,0,3853640,-4710657,-857017
2014/05/19,0,2042000,-13271057,-11229057
2014/05/20,0,2066000,-8084798,-6018798
2014/05/21,0,1874000,-12736302,-10862302
2014/05/22,0,2870000,-13200000,-10330000
2014/05/23,0,3496000,-10110173,-6614173
2014/05/26,0,1482000,-9318310,-7836310
2014/05/27,0,1138000,-959000,179000
2014/05/28,0,2523000,-7259759,-4736759
2014/05/29,0,2038000,-6321249,-4283249
2014/05/30,0,4073000,-8876181,-4803181
2014/06/03,0,3790000,-8037296,-4247296
2014/06/04,0,2259000,-4942000,-2683000
2014/06/05,0,5441000,-4145961,1295039
2014/06/06,0,2768400,-1152000,1616400
2014/06/09,0,4148000,-3392950,755050
2014/06/10,0,2240615,-7575000,-5334385
2014/06/11,0,1002000,-3632111,-2630111
2014/06/12,0,1071000,-1895000,-824000
2014/06/13,0,1303000,-5010985,-3707985
2014/06/16,0,738000,-1176448,-438448
2014/06/17,0,2495000,-8481267,-5986267
2014/06/18,0,6103000,-6833000,-730000
2014/06/19,0,1432453,-1505000,-72547
2014/06/20,0,2029200,-4834787,-2805587
2014/06/23,0,1462000,-3471824,-2009824
2014/06/24,0,2199000,-1451217,747783
2014/06/25,0,2630000,-5778596,-3148596
2014/06/26,0,2191407,-7042100,-4850693
2014/06/27,0,2028000,-2507000,-479000
2014/06/30,0,2348000,-2548793,-200793
2014/07/01,0,7896000,-1689000,6207000
2014/07/02,0,3085124,-8161000,-5075876
2014/07/03,0,6729000,-7320000,-591000
2014/07/04,0,7324668,-5036000,2288668
2014/07/07,0,2028000,-3486207,-1458207
2014/07/08,0,1655979,-1980000,-324021
2014/07/09,0,2377010,-4441000,-2063990
2014/07/10,0,5353000,-9450896,-4097896
2014/07/11,0,5187881,-7907001,-2719120
2014/07/14,0,4966000,-6188000,-1222000
2014/07/15,0,7362800,-6902000,460800
2014/07/16,0,10648000,-7337000,3311000
2014/07/17,0,4240078,-7113978,-2873900
2014/07/18,0,1632000,-2681207,-1049207
2014/07/21,0,2022000,-1443863,578137
2014/07/22,0,1796000,-3022000,-1226000
2014/07/23,0,0,0,0
2014/07/24,0,2730000,-3314500,-584500
2014/07/25,0,1607000,-2152000,-545000
2014/07/28,0,2618000,-1590000,1028000
2014/07/29,0,10535000,-3327000,7208000
2014/07/30,0,12891000,-3063000,9828000
2014/07/31,0,3497000,-3335000,162000
2014/08/01,0,2441000,-2197000,244000
2014/08/04,0,6417000,-4677000,1740000
2014/08/05,0,4956938,-8391568,-3434630
2014/08/06,0,5281000,-1835400,3445600
2014/08/07,0,5551523,-3998010,1553513
2014/08/08,0,5022447,-2830632,2191815
2014/08/11,0,3314000,-2610000,704000
2014/08/12,0,2846000,-2619242,226758
2014/08/13,0,5217000,-1858000,3359000
2014/08/14,0,6779591,-2081000,4698591
2014/08/15,0,3876000,-1276000,2600000
2014/08/18,0,5622000,-4672000,950000
2014/08/19,0,5121198,-3852114,1269084
2014/08/20,0,6195219,-3548000,2647219
2014/08/21,0,8574000,-3508000,5066000
2014/08/22,0,14419787,-1060133,13359654
2014/08/25,0,3964000,-4073000,-109000
2014/08/26,0,2955090,-989792,1965298
2014/08/27,0,5851000,-3461000,2390000
2014/08/28,0,3833979,-1754445,2079534
2014/08/29,0,3615100,-3095000,520100
2014/09/01,0,4512000,-407000,4105000
2014/09/02,0,1725000,-2267143,-542143
2014/09/03,0,5597575,-2272880,3324695
2014/09/04,0,2484811,-1043046,1441765
2014/09/05,0,3348000,-2932907,415093
2014/09/09,0,3660454,-917954,2742500
2014/09/10,0,2078071,-2982000,-903929
2014/09/11,0,3097000,-1380294,1716706
2014/09/12,0,3363011,-4054000,-690989
2014/09/15,0,4524000,-1456151,3067849
2014/09/16,0,1990349,-1956000,34349
2014/09/17,0,5768000,-2701000,3067000
2014/09/18,0,3915983,-2164366,1751617
2014/09/19,0,5060341,-2552728,2507613
2014/09/22,0,866334,-3681527,-2815193
2014/09/23,0,1783000,-1398000,385000
2014/09/24,0,7241746,-1197000,6044746
2014/09/25,0,1936000,-2535896,-599896
2014/09/26,0,1931000,-4132000,-2201000
2014/09/29,0,3807000,-8011350,-4204350
2014/09/30,0,3519000,-3397800,121200
2014/10/01,0,1085850,-6369444,-5283594
2014/10/02,0,2717000,-4375446,-1658446
2014/10/03,0,942562,-2806000,-1863438
2014/10/06,0,394510,-4265000,-3870490
2014/10/07,0,2156000,-3578000,-1422000
2014/10/08,0,3164466,-1749629,1414837
2014/10/09,0,2575000,-1682000,893000
2014/10/13,0,1270000,-2975000,-1705000
2014/10/14,0,2041000,-1738000,303000
2014/10/15,0,6466000,-4264000,2202000
2014/10/16,0,2183000,-2917761,-734761
2014/10/17,0,1724000,-6110000,-4386000
2014/10/20,0,1326000,-615316,710684
2014/10/21,0,1106000,-2065000,-959000
2014/10/22,0,3038562,-2151000,887562
2014/10/23,0,1253562,-787000,466562
2014/10/24,0,1529000,-1298082,230918
2014/10/27,0,2112000,-632000,1480000
2014/10/28,0,5807000,-892000,4915000
2014/10/29,0,2744686,-2202000,542686
2014/10/30,0,2244000,-2475548,-231548
2014/10/31,0,1959000,-2133000,-174000
2014/11/03,0,1680363,-988000,692363
2014/11/04,0,1985000,-1868000,117000
2014/11/05,0,2100000,-1480000,620000
2014/11/06,0,1674000,-2679000,-1005000
2014/11/07,0,1193000,-5274000,-4081000
2014/11/10,0,4047000,-2738300,1308700
2014/11/11,0,1900000,-3703463,-1803463
2014/11/12,0,2177000,-4123300,-1946300
2014/11/13,0,1458000,-2274000,-816000
2014/11/14,0,1762000,-5405000,-3643000
2014/11/17,0,1057000,-4413599,-3356599
2014/11/18,0,3458291,-4219000,-760709
2014/11/19,0,7133894,-6766000,367894
2014/11/20,0,2468000,-1604582,863418
2014/11/21,0,770000,-6845000,-6075000
2014/11/24,0,3992000,-2729698,1262302
2014/11/25,0,2398875,-4625888,-2227013
2014/11/26,0,640000,-3892967,-3252967
2014/11/27,0,1595000,-2636000,-1041000
2014/11/28,0,1433100,-2811018,-1377918
2014/12/01,0,3003000,-3945133,-942133
2014/12/02,0,2728000,-4797000,-2069000
2014/12/03,0,1270000,-3907719,-2637719
2014/12/04,0,3606000,-6015937,-2409937
2014/12/05,0,1725000,-1692000,33000
2014/12/08,0,1527000,-887561,639439
2014/12/09,0,3874000,-1841387,2032613
2014/12/10,0,4031600,-2910000,1121600
2014/12/11,0,6475000,-6225777,249223
2014/12/12,0,4580891,-4308179,272712
2014/12/15,0,3440000,-4049951,-609951
2014/12/16,0,3962000,-5987089,-2025089
2014/12/17,0,6772345,-11048180,-4275835
2014/12/18,0,4927151,-5534354,-607203
2014/12/19,0,2934000,-3015267,-81267
2014/12/22,0,2882000,-2271334,610666
2014/12/23,0,3167000,-973000,2194000
2014/12/24,0,1711000,-1514000,197000
2014/12/25,0,1834100,-117000,1717100
2014/12/26,0,867000,-326000,541000
2014/12/29,0,3524000,-619000,2905000
2014/12/30,0,1933000,-868000,1065000
2014/12/31,0,1438000,-1221000,217000
2015/01/01,0,0,0,0
2015/01/02,0,0,0,0
2015/01/05,0,964000,-1926483,-962483
2015/01/06,0,3364000,-5757874,-2393874
2015/01/07,0,1113000,-6497000,-5384000
2015/01/08,0,2119000,-6534065,-4415065
2015/01/09,0,1807100,-9479655,-7672555
2015/01/12,0,1567000,-11254790,-9687790
2015/01/13,0,3844027,-5386000,-1541973
2015/01/14,0,2468000,-7053296,-4585296
2015/01/15,0,2497000,-6123000,-3626000
2015/01/16,0,3508000,-11986457,-8478457
2015/01/19,0,4548000,-6134000,-1586000
2015/01/20,0,2269000,-7765316,-5496316
2015/01/21,0,3325000,-9018000,-5693000
2015/01/22,0,2424000,-5617700,-3193700
2015/01/23,0,3360000,-3051693,308307
2015/01/26,0,2596000,-2356112,239888
2015/01/27,0,3266000,-2906367,359633
2015/01/28,0,4641000,-3955000,686000
2015/01/29,0,4800000,-7785000,-2985000
2015/01/30,0,8706000,-6156780,2549220
2015/02/02,0,1108000,-2524000,-1416000
2015/02/03,0,1425000,-3499701,-2074701
2015/02/04,0,2803942,-5719718,-2915776
2015/02/05,0,1666000,-4477000,-2811000
2015/02/06,0,1829000,-1964031,-135031
2015/02/09,0,913000,-2187000,-1274000
2015/02/10,0,4264335,-5334000,-1069665
2015/02/11,0,3352557,-6480071,-3127514
2015/02/12,0,3803000,-2541000,1262000
2015/02/13,0,3156000,-3278000,-122000
2015/02/16,0,0,0,0
2015/02/17,0,0,0,0
2015/02/18,0,0,0,0
2015/02/19,0,0,0,0
2015/02/20,0,0,0,0
2015/02/23,0,0,0,0
2015/02/24,0,8844800,-6552577,2292223
2015/02/25,0,4088000,-4174000,-86000
2015/02/26,0,5604000,-5195852,408148
2015/02/27,0,0,0,0
2015/03/02,0,3711000,-4736686,-1025686
2015/03/03,0,3892606,-3870608,21998
2015/03/04,0,2490000,-1291000,1199000
2015/03/05,0,1621165,-3551000,-1929835
2015/03/06,0,2258000,-2830000,-572000
2015/03/09,0,1127000,-7451000,-6324000
2015/03/10,0,1374235,-5385113,-4010878
2015/03/11,0,838000,-8890300,-8052300
2015/03/12,0,1815000,-5855000,-4040000
2015/03/13,0,1171000,-2983000,-1812000
2015/03/16,0,1177000,-3971799,-2794799
2015/03/17,0,2351000,-3436000,-1085000
2015/03/18,0,4475000,-4127925,347075
2015/03/19,0,4028000,-2449452,1578548
2015/03/20,0,5149352,-11913630,-6764278
2015/03/23,0,1122000,-2909000,-1787000
2015/03/24,0,1447562,-4257260,-2809698
2015/03/25,0,707000,-5235200,-4528200
2015/03/26,0,3138000,-4237370,-1099370
2015/03/27,0,1585000,-4643400,-3058400
2015/03/30,0,2287000,-3572000,-1285000
2015/03/31,0,6076000,-6421000,-345000
2015/04/01,0,5079000,-5284500,-205500
2015/04/02,0,2921891,-4240510,-1318619
2015/04/03,0,0,0,0
2015/04/06,0,0,0,0
2015/04/07,0,3301000,-4616000,-1315000
2015/04/08,0,1893000,-5282252,-3389252
2015/04/09,0,3111000,-7520000,-4409000
2015/04/10,0,3433000,-5815208,-2382208
2015/04/13,0,1204000,-3684000,-2480000
2015/04/14,0,1120000,-3125115,-2005115
2015/04/15,0,1838000,-8100000,-6262000
2015/04/16,0,4510000,-5888499,-1378499
2015/04/17,0,2461338,-4096000,-1634662
2015/04/20,0,1771000,-2211038,-440038
2015/04/21,0,1532000,-3570000,-2038000
2015/04/22,0,2952000,-4462151,-1510151
2015/04/23,0,4190000,-4880042,-690042
2015/04/24,0,5197000,-3332000,1865000
2015/04/27,0,2402000,-3574070,-1172070
2015/04/28,0,3337000,-4271000,-934000
2015/04/29,0,3235000,-5566000,-2331000
2015/04/30,0,5078800,-5706836,-628036
2015/05/01,0,0,0,0
2015/05/04,0,372000,-1065865,-693865
2015/05/05,0,951837,-2238837,-1287000
2015/05/06,0,841204,-2515000,-1673796
2015/05/07,0,616000,-6469637,-5853637
2015/05/08,0,1149562,-3247000,-2097438
2015/05/11,0,1173000,-2872000,-1699000
2015/05/12,0,2216000,-3279000,-1063000
2015/05/13,0,1309000,-2578000,-1269000
2015/05/14,0,1190550,-3516000,-2325450
2015/05/15,0,876000,-3390393,-2514393
2015/05/18,0,1224000,-1510000,-286000
2015/05/19,0,1822562,-3152000,-1329438
2015/05/20,0,1309000,-1849000,-540000
2015/05/21,0,1012000,-7730000,-6718000
2015/05/22,0,3858000,-6146000,-2288000
2015/05/25,0,1867000,-5076000,-3209000
2015/05/26,0,1398000,-1661000,-263000
2015/05/27,0,1525804,-2246562,-720758
2015/05/28,0,2958000,-6716338,-3758338
2015/05/29,0,4930948,-7273571,-2342623
2015/06/01,0,1410000,-5842000,-4432000
2015/06/02,0,1703000,-4382938,-2679938
2015/06/03,0,2325000,-5958000,-3633000
2015/06/04,0,1882500,-10027833,-8145333
2015/06/05,0,1887000,-3081000,-1194000
2015/06/08,0,1816000,-3387881,-1571881
2015/06/09,0,1102000,-2177120,-1075120
2015/06/10,0,900000,-3574000,-2674000
2015/06/11,0,2437000,-6656740,-4219740
2015/06/12,0,5940000,-5622160,317840
2015/06/15,0,3207000,-3356675,-149675
2015/06/16,0,1797000,-3463000,-1666000
2015/06/17,0,4359100,-7784394,-3425294
2015/06/18,0,4582012,-6945930,-2363918
2015/06/19,0,0,0,0
2015/06/22,0,3320000,-4787637,-1467637
2015/06/23,0,3510000,-2150000,1360000
2015/06/24,0,7992850,-6461562,1531288
2015/06/25,0,4527011,-5706000,-1178989
2015/06/26,0,2725000,-2700000,25000
2015/06/29,0,1747567,-3329000,-1581433
2015/06/30,0,5791000,-6645926,-854926
2015/07/01,0,2734000,-1505811,1228189
2015/07/02,0,3025000,-3478000,-453000
2015/07/03,0,2039000,-3189000,-1150000
2015/07/06,0,2021000,-3923000,-1902000
2015/07/07,0,2239000,-3545000,-1306000
2015/07/08,0,2814000,-6522000,-3708000
2015/07/09,0,2218000,-4798362,-2580362
2015/07/10,0,0,0,0
2015/07/13,0,1970913,-4302966,-2332053
2015/07/14,0,3221000,-3482490,-261490
2015/07/15,0,3576000,-3820072,-244072
2015/07/16,0,1668000,-4320000,-2652000
2015/07/17,0,293000,-3560000,-3267000
2015/07/20,0,792000,-2948000,-2156000
2015/07/21,0,1813000,-2710000,-897000
2015/07/22,0,704000,-5030900,-4326900
2015/07/23,0,1614339,-1790000,-175661
2015/07/24,0,731891,-4723000,-3991109
2015/07/27,0,1426000,-4913000,-3487000
2015/07/28,0,1870334,-5928000,-4057666
2015/07/29,0,2923000,-5489000,-2566000
2015/07/30,0,2357000,-4236000,-1879000
2015/07/31,0,3576088,-5775000,-2198912
2015/08/03,0,3207341,-6150000,-2942659
2015/08/04,0,2311000,-7622776,-5311776
2015/08/05,0,3851000,-7738000,-3887000
2015/08/06,0,3318000,-15183000,-11865000
2015/08/07,0,3130000,-4725000,-1595000
2015/08/10,0,2634000,-5033000,-2399000
2015/08/11,0,1658957,-7342000,-5683043
2015/08/12,0,1055000,-4220342,-3165342
2015/08/13,0,3692000,-7046823,-3354823
2015/08/14,0,1093422,-4313000,-3219578
2015/08/17,0,2563470,-1857000,706470
2015/08/18,0,3249000,-2454000,795000
2015/08/19,0,2345000,-3250000,-905000
2015/08/20,0,1346000,-5481000,-4135000
2015/08/21,0,3821000,-5145000,-1324000
2015/08/24,0,5715000,-6809000,-1094000
2015/08/25,0,2494800,-8068398,-5573598
2015/08/26,0,4062000,-5555754,-1493754
2015/08/27,0,3690000,-4753000,-1063000
2015/08/28,0,3546000,-3086814,459186
2015/08/31,0,5223389,-5967000,-743611
2015/09/01,0,2161000,-3697690,-1536690
2015/09/02,0,2302000,-4570490,-2268490
2015/09/03,0,4418000,-6572000,-2154000
2015/09/04,0,2922985,-4795711,-1872726
2015/09/07,0,1320589,-3259302,-1938713
2015/09/08,0,1519000,-4059000,-2540000
2015/09/09,0,7338430,-3575000,3763430
2015/09/10,0,3375997,-3003000,372997
2015/09/11,0,1756900,-1938930,-182030
2015/09/14,0,1820000,-1960000,-140000
2015/09/15,0,2036000,-1479000,557000
2015/09/16,0,2800000,-2405994,394006
2015/09/17,0,3700000,-3265000,435000
2015/09/18,0,3271562,-2254016,1017546
2015/09/21,0,1280000,-2200008,-920008
2015/09/22,0,1507000,-1783966,-276966
2015/09/23,0,1958000,-4344882,-2386882
2015/09/24,0,439000,-4300000,-3861000
2015/09/25,0,905000,-1950000,-1045000
2015/09/28,0,0,0,0
2015/09/29,0,0,0,0
2015/09/30,0,6766000,-7851987,-1085987
2015/10/01,0,3934784,-3867000,67784
2015/10/02,0,1258763,-2173000,-914237
2015/10/05,0,1762000,-2633000,-871000
2015/10/06,0,3893000,-2116000,1777000
2015/10/07,0,4868978,-3452000,1416978
2015/10/08,0,3271000,-3633000,-362000
2015/10/09,0,0,0,0
2015/10/12,0,6225672,-2417000,3808672
2015/10/13,0,3291891,-2935677,356214
2015/10/14,0,1805000,-1724000,81000
2015/10/15,0,3194000,-1556000,1638000
2015/10/16,0,4859000,-3567772,1291228
2015/10/19,0,7630000,-1927317,5702683
2015/10/20,0,3492000,-3349294,142706
2015/10/21,0,1194000,-1004000,190000
2015/10/22,0,1023000,-1525997,-502997
2015/10/23,0,3655000,-2096000,1559000
2015/10/26,0,3381000,-2333000,1048000
2015/10/27,0,2086000,-2929810,-843810
2015/10/28,0,1939000,-2753984,-814984
2015/10/29,0,1201000,-4658691,-3457691
2015/10/30,0,2431000,-2369028,61972
2015/11/02,0,1220000,-757000,463000
2015/11/03,0,3303000,-947827,2355173
2015/11/04,0,4479000,-1893143,2585857
2015/11/05,0,1558600,-972672,585928
2015/11/06,0,1873000,-5760174,-3887174
2015/11/09,0,1327811,-1321000,6811
2015/11/10,0,1215000,-4769000,-3554000
2015/11/11,0,2732784,-6603530,-3870746
2015/11/12,0,1643000,-2878000,-1235000
2015/11/13,0,2515131,-5952487,-3437356
2015/11/16,0,1133000,-3832000,-2699000
2015/11/17,0,1354000,-2836000,-1482000
2015/11/18,0,968000,-4087000,-3119000
2015/11/19,0,3100000,-4626000,-1526000
2015/11/20,0,1344450,-3717900,-2373450
2015/11/23,0,2111000,-3286000,-1175000
2015/11/24,0,1301000,-3027776,-1726776
2015/11/25,0,1466165,-1882165,-416000
2015/11/26,0,2707000,-1840165,866835
2015/11/27,0,230000,-2474917,-2244917
2015/11/30,0,9584549,-15276851,-5692302
2015/12/01,0,4631000,-3747093,883907
2015/12/02,0,1833000,-1847000,-14000
2015/12/03,0,1015000,-1866280,-851280
2015/12/04,0,1100000,-4960867,-3860867
2015/12/07,0,2202000,-2157867,44133
2015/12/08,0,1047000,-4210373,-3163373
2015/12/09,0,1847000,-5704000,-3857000
2015/12/10,0,4605000,-7074220,-2469220
2015/12/11,0,3574000,-5518260,-1944260
2015/12/14,0,4697000,-3496783,1200217
2015/12/15,0,2688000,-2763135,-75135
2015/12/16,0,2562000,-3752000,-1190000
2015/12/17,0,3401000,-2647000,754000
2015/12/18,0,4060712,-3122000,938712
2015/12/21,0,2945000,-1868000,1077000
2015/12/22,0,1863409,-2932000,-1068591
2015/12/23,0,2852000,-1371000,1481000
2015/12/24,0,2962000,-2646020,315980
2015/12/25,0,666000,-862000,-196000
2015/12/28,0,2658000,-1585000,1073000
2015/12/29,0,1497000,-1650000,-153000
2015/12/30,0,1568153,-3273372,-1705219
2015/12/31,0,2350008,-2293000,57008
2016/01/01,0,0,0,0
2016/01/04,0,2635160,-5077000,-2441840
2016/01/05,0,2725649,-877000,1848649
2016/01/06,0,2267038,-2493000,-225962
2016/01/07,0,12664206,-4986142,7678064
2016/01/08,0,6261000,-10198818,-3937818
2016/01/11,0,1283000,-8869000,-7586000
2016/01/12,0,1948100,-2605000,-656900
2016/01/13,0,3735565,-2613136,1122429
2016/01/14,0,1256891,-4829000,-3572109
2016/01/15,0,1713000,-6566769,-4853769
2016/01/18,0,3349562,-5228000,-1878438
2016/01/19,0,1122000,-1947195,-825195
2016/01/20,0,4368000,-7705900,-3337900
2016/01/21,0,1456000,-2761600,-1305600
2016/01/22,0,1976000,-3531000,-1555000
2016/01/25,0,3545000,-3330000,215000
2016/01/26,0,766000,-2707000,-1941000
2016/01/27,0,1686000,-2908503,-1222503
2016/01/28,0,3006000,-3936133,-930133
2016/01/29,0,5153259,-4255000,898259
2016/02/01,0,2018732,-3880000,-1861268
2016/02/02,0,3089204,-3121919,-32715
2016/02/03,0,2328000,-4509621,-2181621
2016/02/04,0,0,0,0
2016/02/05,0,0,0,0
2016/02/08,0,0,0,0
2016/02/09,0,0,0,0
2016/02/10,0,0,0,0
2016/02/11,0,0,0,0
2016/02/12,0,0,0,0
2016/02/15,0,3727891,-2442809,1285082
2016/02/16,0,4831000,-1268000,3563000
2016/02/17,0,2400782,-2731500,-330718
2016/02/18,0,6982550,-1908000,5074550
2016/02/19,0,3783500,-1783638,1999862
2016/02/22,0,2514000,-2553000,-39000
2016/02/23,0,3042062,-2045000,997062
2016/02/24,0,5431000,-1669488,3761512
2016/02/25,0,4918785,-923000,3995785
2016/02/26,0,6236121,-3459000,2777121
2016/02/29,0,0,0,0
2016/03/01,0,4213101,-4055850,157251
2016/03/02,0,3491072,-3824000,-332928
2016/03/03,0,5467284,-3728000,1739284
2016/03/04,0,2626000,-5473000,-2847000
2016/03/07,0,6408500,-1673000,4735500
2016/03/08,0,4207000,-3237837,969163
2016/03/09,0,2296000,-4079120,-1783120
2016/03/10,0,5828000,-847300,4980700
2016/03/11,0,2506000,-1592000,914000
2016/03/14,0,3746000,-1008100,2737900
2016/03/15,0,3920000,-2239000,1681000
2016/03/16,0,3978000,-1194000,2784000
2016/03/17,0,6317000,-1036000,5281000
2016/03/18,0,10625000,-6613740,4011260
2016/03/21,0,1472000,-1574000,-102000
2016/03/22,0,4515058,-1799969,2715089
2016/03/23,0,2790000,-2816000,-26000
2016/03/24,0,6030000,-10071000,-4041000
2016/03/25,0,2155000,-110000,2045000
2016/03/28,0,1465000,-432000,1033000
2016/03/29,0,1500000,-1438392,61608
2016/03/30,0,4798000,-539900,4258100
2016/03/31,0,7204000,-5378771,1825229
2016/04/01,0,2713634,-4462000,-1748366
2016/04/04,0,0,0,0
2016/04/05,0,0,0,0
2016/04/06,0,5123373,-5989358,-865985
2016/04/07,0,3440302,-5280400,-1840098
2016/04/08,0,6970000,-5409400,1560600
2016/04/11,0,3494000,-3751570,-257570
2016/04/12,0,4672000,-2730200,1941800
2016/04/13,0,8216000,-1796000,6420000
2016/04/14,0,15115000,-2433562,12681438
2016/04/15,0,6701977,-2725000,3976977
2016/04/18,0,5237000,-1901000,3336000
2016/04/19,0,3904000,-2166000,1738000
2016/04/20,0,5035777,-3123000,1912777
2016/04/21,0,5472000,-1283000,4189000
2016/04/22,0,2910000,-1778000,1132000
2016/04/25,0,2498000,-645000,1853000
2016/04/26,0,2443603,-2229000,214603
2016/04/27,0,3046000,-3080000,-34000
2016/04/28,0,4965100,-4398000,567100
2016/04/29,0,3784000,-4000000,-216000
2016/05/02,0,0,0,0
2016/05/03,0,3657000,-3817000,-160000
2016/05/04,0,6329000,-9119216,-2790216
2016/05/05,0,4370000,-6872483,-2502483
2016/05/06,0,3248000,-5223000,-1975000
2016/05/09,0,1828000,-4539272,-2711272
2016/05/10,0,2337000,-5204000,-2867000
2016/05/11,0,1536000,-5491900,-3955900
2016/05/12,0,767700,-2542000,-1774300
2016/05/13,0,1008000,-5384000,-4376000
2016/05/16,0,919000,-3322268,-2403268
2016/05/17,0,1971000,-6765330,-4794330
2016/05/18,0,1621013,-6123450,-4502437
2016/05/19,0,1295000,-7023000,-5728000
2016/05/20,0,4391000,-6030000,-1639000
2016/05/23,0,3176355,-4764000,-1587645
2016/05/24,0,585000,-3337000,-2752000
2016/05/25,0,1254000,-3298000,-2044000
2016/05/26,0,992000,-3121000,-2129000
2016/05/27,0,1357755,-2141000,-783245
2016/05/30,0,1839000,-1879274,-40274
2016/05/31,0,17954316,-16212553,1741763
2016/06/01,0,1844000,-2541700,-697700
2016/06/02,0,2944000,-2057900,886100
2016/06/03,0,2409000,-1352000,1057000
2016/06/06,0,1594000,-2315000,-721000
2016/06/07,0,6395000,-1141000,5254000
2016/06/08,0,4681000,-2051000,2630000
2016/06/09,0,0,0,0
2016/06/10,0,0,0,0
2016/06/13,0,5715000,-3402818,2312182
2016/06/14,0,2783858,-2227000,556858
2016/06/15,0,5755520,-3774285,1981235
2016/06/16,0,2967000,-8832000,-5865000
2016/06/17,0,7535000,-4228000,3307000
2016/06/20,0,3057000,-1140507,1916493
2016/06/21,0,4891000,-2705030,2185970
2016/06/22,0,4471950,-1399000,3072950
2016/06/23,0,1987002,-1878000,109002
2016/06/24,0,5010997,-4347189,663808
2016/06/27,0,1140000,-859000,281000
2016/06/28,0,1465000,-1204000,261000
2016/06/29,0,3124000,-1432900,1691100
2016/06/30,0,5107000,-2423062,2683938
2016/07/01,0,7435000,-832000,6603000
2016/07/04,0,8723463,-1205000,7518463
2016/07/05,0,9366537,-3196000,6170537
2016/07/06,0,6571000,-6501000,70000
2016/07/07,0,8557000,-2945583,5611417
2016/07/08,0,0,0,0
2016/07/11,0,18571000,-5656762,12914238
2016/07/12,0,6373000,-5088274,1284726
2016/07/13,0,8786000,-2361251,6424749
2016/07/14,0,5162000,-943000,4219000
2016/07/15,0,8631002,-2056217,6574785
2016/07/18,0,6122101,-1259000,4863101
2016/07/19,0,8095433,-1098150,6997283
2016/07/20,0,7885000,-1106000,6779000
2016/07/21,0,7740690,-381367,7359323
2016/07/22,0,3941000,-2050691,1890309
2016/07/25,0,6924000,-1453000,5471000
2016/07/26,0,2861000,-798000,2063000
2016/07/27,0,2546000,-944000,1602000
2016/07/28,0,4871000,-2448000,2423000
2016/07/29,0,3010000,-2394000,616000
2016/08/01,0,3276200,-1593767,1682433
2016/08/02,0,1710000,-1206900,503100
2016/08/03,0,2233000,-1832000,401000
2016/08/04,0,2504000,-2133188,370812
2016/08/05,0,3541190,-1431000,2110190
2016/08/08,0,2427001,-940000,1487001
2016/08/09,0,2352000,-1050000,1302000
2016/08/10,0,3254000,-908972,2345028
2016/08/11,0,4429000,-2179000,2250000
2016/08/12,0,3875700,-1471700,2404000
2016/08/15,0,1480000,-151000,1329000
2016/08/16,0,4276000,-2430681,1845319
2016/08/17,0,3658662,-448000,3210662
2016/08/18,0,4262000,-1384000,2878000
2016/08/19,0,11224661,-3820000,7404661
2016/08/22,0,11818000,-2065000,9753000
2016/08/23,0,4455000,-920000,3535000
2016/08/24,0,3669000,-267000,3402000
2016/08/25,0,5332500,-556000,4776500
2016/08/26,0,2771846,-1120058,1651788
2016/08/29,0,3844000,-3216000,628000
2016/08/30,0,6019667,-4917000,1102667
2016/08/31,0,6755405,-3834000,2921405
2016/09/01,0,5360000,-5263633,96367
2016/09/02,0,4655668,-1819000,2836668
2016/09/05,0,4029000,-1593000,2436000
2016/09/06,0,5667669,-1150000,4517669
2016/09/07,0,5407000,-3446000,1961000
2016/09/08,0,2349700,-4536000,-2186300
2016/09/09,0,801000,-2649000,-1848000
2016/09/12,0,1687521,-5746702,-4059181
2016/09/13,0,3957000,-5012000,-1055000
2016/09/14,0,7114346,-7425757,-311411
2016/09/15,0,0,0,0
2016/09/16,0,0,0,0
2016/09/19,0,2647403,-3132000,-484597
2016/09/20,0,2572048,-2658627,-86579
2016/09/21,0,5409000,-4175869,1233131
2016/09/22,0,1727335,-4514000,-2786665
2016/09/23,0,2552000,-3164628,-612628
2016/09/26,0,1277000,-1541000,-264000
2016/09/27,0,0,0,0
2016/09/28,0,0,0,0
2016/09/29,0,4956668,-2719996,2236672
2016/09/30,0,2006668,-5193714,-3187046
2016/10/03,0,1122000,-1724749,-602749
2016/10/04,0,4295000,-5368850,-1073850
2016/10/05,0,2943974,-1644953,1299021
2016/10/06,0,1907274,-797000,1110274
2016/10/07,0,3631003,-3058000,573003
2016/10/10,0,0,0,0
2016/10/11,0,2854000,-3036780,-182780
2016/10/12,0,2741000,-1940494,800506
2016/10/13,0,2463500,-7336000,-4872500
2016/10/14,0,3067000,-644000,2423000
2016/10/17,0,1480000,-2652947,-1172947
2016/10/18,0,2273282,-2723700,-450418
2016/10/19,0,4547891,-1822000,2725891
2016/10/20,0,650000,-4105317,-3455317
2016/10/21,0,4173000,-5863000,-1690000
2016/10/24,0,1739000,-2816733,-1077733
2016/10/25,0,1687011,-2557387,-870376
2016/10/26,0,1090000,-1619580,-529580
2016/10/27,0,1293142,-2758000,-1464858
2016/10/28,0,1915000,-1731000,184000
2016/10/31,0,2987076,-3060000,-72924
2016/11/01,0,1149000,-2790000,-1641000
2016/11/02,0,1065260,-3847591,-2782331
2016/11/03,0,1437000,-2428821,-991821
2016/11/04,0,2310000,-3507000,-1197000
2016/11/07,0,2064000,-2345075,-281075
2016/11/08,0,1167460,-1479000,-311540
2016/11/09,0,1605000,-4530000,-2925000
2016/11/10,0,4730000,-2684000,2046000
2016/11/11,0,2588000,-8251600,-5663600
2016/11/14,0,1223000,-4665280,-3442280
2016/11/15,0,1647000,-3333014,-1686014
2016/11/16,0,1581000,-3255649,-1674649
2016/11/17,0,2365000,-6088000,-3723000
2016/11/18,0,1999000,-3006000,-1007000
2016/11/21,0,2549000,-2845415,-296415
2016/11/22,0,3205000,-2222454,982546
2016/11/23,0,1811000,-2099081,-288081
2016/11/24,0,1006000,-2038605,-1032605
2016/11/25,0,346000,-1080397,-734397
2016/11/28,0,1316000,-1118860,197140
2016/11/29,0,1534000,-2423932,-889932
2016/11/30,0,11052868,-10095278,957590
2016/12/01,0,1815860,-1219000,596860
2016/12/02,0,1777000,-2012000,-235000
2016/12/05,0,1706000,-2346904,-640904
2016/12/06,0,2475000,-1472600,1002400
2016/12/07,0,1200000,-1879000,-679000
2016/12/08,0,6868000,-2412000,4456000
2016/12/09,0,2796760,-2260670,536090
2016/12/12,0,1274000,-2254000,-980000
2016/12/13,0,2091492,-2311624,-220132
2016/12/14,0,591040,-2016000,-1424960
2016/12/15,0,2049000,-2458000,-409000
2016/12/16,0,4110000,-5138518,-1028518
2016/12/19,0,458000,-1988033,-1530033
2016/12/20,0,1335432,-1317933,17499
2016/12/21,0,848000,-1541000,-693000
2016/12/22,0,1170332,-2265000,-1094668
2016/12/23,0,2025000,-2716000,-691000
2016/12/26,0,1157000,-309000,848000
2016/12/27,0,703000,-213000,490000
2016/12/28,0,2746000,-363000,2383000
2016/12/29,0,2788110,-2709358,78752
2016/12/30,0,3301000,-1326000,1975000
2017/01/02,0,0,0,0
2017/01/03,0,933000,-1291000,-358000
2017/01/04,0,1061000,-1637635,-576635
2017/01/05,0,2091940,-2027051,64889
2017/01/06,0,2096000,-1856290,239710
2017/01/09,0,1455000,-3640341,-2185341
2017/01/10,0,1143150,-1340233,-197083
2017/01/11,0,2120240,-906000,1214240
2017/01/12,0,4554587,-1698877,2855710
2017/01/13,0,1686494,-1679299,7195
2017/01/16,0,422000,-1383000,-961000
2017/01/17,0,1094535,-2338792,-1244257
2017/01/18,0,6351200,-7980000,-1628800
2017/01/19,0,706049,-5701862,-4995813
2017/01/20,0,1608920,-1503537,105383
2017/01/23,0,3865000,-2046207,1818793
2017/01/24,0,3093837,-3388956,-295119
2017/01/25,0,0,0,0
2017/01/26,0,0,0,0
2017/01/27,0,0,0,0
2017/01/30,0,0,0,0
2017/01/31,0,0,0,0
2017/02/01,0,0,0,0
2017/02/02,0,7696504,-7351937,344567
2017/02/03,0,3002000,-3835157,-833157
2017/02/06,0,1203000,-2389437,-1186437
2017/02/07,0,2964201,-6132278,-3168077
2017/02/08,0,2010302,-4600634,-2590332
2017/02/09,0,6757942,-4055076,2702866
2017/02/10,0,7616000,-8494282,-878282
2017/02/13,0,4635520,-3060115,1575405
2017/02/14,0,4234000,-2144380,2089620
2017/02/15,0,4663000,-2091309,2571691
2017/02/16,0,7565000,-7077000,488000
2017/02/17,0,4520000,-2798356,1721644
2017/02/20,0,1707000,-1880172,-173172
2017/02/21,0,5071000,-4052291,1018709
2017/02/22,0,3222714,-1195923,2026791
2017/02/23,0,1880000,-1414000,466000
2017/02/24,0,3177000,-6146325,-2969325
2017/02/27,0,0,0,0
2017/02/28,0,0,0,0
2017/03/01,0,2578500,-2902485,-323985
2017/03/02,0,3524000,-3498280,25720
2017/03/03,0,1080000,-3181885,-2101885
2017/03/06,0,1556026,-2288547,-732521
2017/03/07,0,1164375,-617640,546735
2017/03/08,0,1153000,-2616491,-1463491
2017/03/09,0,3943715,-7078313,-3134598
2017/03/10,0,550825,-2352398,-1801573
2017/03/13,0,1181880,-2922207,-1740327
2017/03/14,0,2246049,-2684180,-438131
2017/03/15,0,5085000,-3195494,1889506
2017/03/16,0,2405000,-1370202,1034798
2017/03/17,0,6562429,-5797045,765384
2017/03/20,0,453000,-657311,-204311
2017/03/21,0,2459840,-2036886,422954
2017/03/22,0,1289000,-3157594,-1868594
2017/03/23,0,1404001,-1757051,-353050
2017/03/24,0,934630,-727100,207530
2017/03/27,0,2166000,-3895000,-1729000
2017/03/28,0,5041000,-7362000,-2321000
2017/03/29,0,2489360,-1294000,1195360
2017/03/30,0,1632000,-5092000,-3460000
2017/03/31,0,2257000,-5088242,-2831242
2017/04/03,0,0,0,0
2017/04/04,0,0,0,0
2017/04/05,0,3547875,-4826000,-1278125
2017/04/06,0,2725000,-1986000,739000
2017/04/07,0,555000,-2176000,-1621000
2017/04/10,0,249000,-301000,-52000
2017/04/11,0,699000,-1498200,-799200
2017/04/12,0,847000,-2854700,-2007700
2017/04/13,0,434000,-698000,-264000
2017/04/14,0,463000,-442000,21000
2017/04/17,0,1528000,-514000,1014000
2017/04/18,0,2358000,-2619300,-261300
2017/04/19,0,0,0,0
2017/04/20,0,0,0,0
2017/04/21,0,5149652,-11599020,-6449368
2017/04/24,0,7353622,-5050424,2303198
2017/04/25,0,4934259,-6998000,-2063741
2017/04/26,0,7277000,-5542000,1735000
2017/04/27,0,4711000,-5889000,-1178000
2017/04/28,0,4551000,-4062000,489000
2017/05/01,0,0,0,0
2017/05/02,0,3537338,-2998000,539338
2017/05/03,0,2037000,-1511000,526000
2017/05/04,0,3272564,-4084300,-811736
2017/05/05,0,902270,-3845000,-2942730
2017/05/08,0,3645350,-4770000,-1124650
2017/05/09,0,2130555,-2060000,70555
2017/05/10,0,2000970,-1470000,530970
2017/05/11,0,3055835,-3777000,-721165
2017/05/12,0,2774000,-2991000,-217000
2017/05/15,0,1602745,-1050000,552745
2017/05/16,0,3060000,-5749000,-2689000
2017/05/17,0,1821000,-3396000,-1575000
2017/05/18,0,386570,-939952,-553382
2017/05/19,0,474373,-1400000,-925627
2017/05/22,0,644225,-1133000,-488775
2017/05/23,0,721700,-1944031,-1222331
2017/05/24,0,2028000,-2107000,-79000
2017/05/25,0,4206000,-5599046,-1393046
2017/05/26,0,0,0,0
2017/05/29,0,0,0,0
2017/05/30,0,0,0,0
2017/05/31,0,3959000,-5834561,-1875561
2017/06/01,0,1696000,-3196007,-1500007
2017/06/02,0,1804000,-2463383,-659383
2017/06/05,0,1584000,-4456000,-2872000
2017/06/06,0,2116000,-4010301,-1894301
2017/06/07,0,2516000,-3854297,-1338297
2017/06/08,0,798000,-975792,-177792
2017/06/09,0,1876000,-1496550,379450
2017/06/12,0,1054458,-3283000,-2228542
2017/06/13,0,896000,-966000,-70000
2017/06/14,0,1303000,-1249658,53342
2017/06/15,0,1784000,-2666000,-882000
2017/06/16,0,4206000,-5355180,-1149180
2017/06/19,0,1676610,-2489000,-812390
2017/06/20,0,1212000,-992000,220000
2017/06/21,0,3945000,-3329000,616000
2017/06/22,0,1787000,-1818000,-31000
2017/06/23,0,1665000,-1591500,73500
2017/06/26,0,3086000,-2093500,992500
2017/06/27,0,1587000,-2439000,-852000
2017/06/28,0,2504000,-1194312,1309688
2017/06/29,0,1889000,-1728776,160224
2017/06/30,0,2013000,-1956000,57000
2017/07/03,0,1586000,-1772000,-186000
2017/07/04,0,2257000,-4102000,-1845000
2017/07/05,0,1181000,-2191000,-1010000
2017/07/06,0,602000,-1082000,-480000
2017/07/07,0,402760,-1217662,-814902
2017/07/10,0,657840,-2049026,-1391186
2017/07/11,0,1367205,-1304681,62524
2017/07/12,0,1417000,-3117462,-1700462
2017/07/13,0,3667318,-2608408,1058910
2017/07/14,0,2934812,-3132000,-197188
2017/07/17,0,3274000,-4891000,-1617000
2017/07/18,0,2362000,-3907000,-1545000
2017/07/19,0,3530082,-5149000,-1618918
2017/07/20,0,2089964,-3594000,-1504036
2017/07/21,0,448560,-2941000,-2492440
2017/07/24,0,1727901,-3014000,-1286099
2017/07/25,0,1397000,-5843310,-4446310
2017/07/26,0,3785000,-7851130,-4066130
2017/07/27,0,7385000,-13889000,-6504000
2017/07/28,0,2851000,-5640805,-2789805
2017/07/31,0,2798000,-7734133,-4936133
2017/08/01,0,2215600,-5143000,-2927400
2017/08/02,0,895000,-3539000,-2644000
2017/08/03,0,2697000,-6063286,-3366286
2017/08/04,0,2859000,-5532650,-2673650
2017/08/07,0,5772409,-6786783,-1014374
2017/08/08,0,3559000,-4453000,-894000
2017/08/09,0,3489915,-2307427,1182488
2017/08/10,0,3095220,-2693000,402220
2017/08/11,0,6401000,-8433348,-2032348
2017/08/14,0,4398000,-4716002,-318002
2017/08/15,0,3525000,-4216000,-691000
2017/08/16,0,3982000,-4843000,-861000
2017/08/17,0,2076000,-3326000,-1250000
2017/08/18,0,3119000,-6843633,-3724633
