Date,Open,Buy,Sell,Total
2007/01/02,0,0,-1000,-1000
2007/01/03,0,330000,-60420,269580
2007/01/04,0,0,-158000,-158000
2007/01/05,0,0,-154,-154
2007/01/08,0,0,0,0
2007/01/09,0,0,0,0
2007/01/10,0,0,-70000,-70000
2007/01/11,0,6000,0,6000
2007/01/12,0,29000,-821000,-792000
2007/01/15,0,0,0,0
2007/01/16,0,4000,0,4000
2007/01/17,0,1002000,0,1002000
2007/01/18,0,985000,-1000000,-15000
2007/01/19,0,3880000,-1552000,2328000
2007/01/22,0,387000,-97791,289209
2007/01/23,0,508000,-2000,506000
2007/01/24,0,10000,-2450000,-2440000
2007/01/25,0,20000,-1221745,-1201745
2007/01/26,0,0,-1000,-1000
2007/01/29,0,0,-1000,-1000
2007/01/30,0,65000,0,65000
2007/01/31,0,0,0,0
2007/02/01,0,0,-54000,-54000
2007/02/02,0,2000,0,2000
2007/02/05,0,40000,0,40000
2007/02/06,0,42000,-17000,25000
2007/02/07,0,0,0,0
2007/02/08,0,5000,-117000,-112000
2007/02/09,0,88000,-6000,82000
2007/02/12,0,0,0,0
2007/02/13,0,0,-194000,-194000
2007/02/14,0,3000,-2000,1000
2007/02/15,0,0,0,0
2007/02/16,0,0,0,0
2007/02/19,0,0,0,0
2007/02/20,0,0,0,0
2007/02/21,0,0,0,0
2007/02/22,0,0,0,0
2007/02/23,0,0,0,0
2007/02/26,0,0,-300000,-300000
2007/02/27,0,0,-1190558,-1190558
2007/02/28,0,0,0,0
2007/03/01,0,4000,-161000,-157000
2007/03/02,0,0,-121000,-121000
2007/03/05,0,0,0,0
2007/03/06,0,0,0,0
2007/03/07,0,0,0,0
2007/03/08,0,0,-300000,-300000
2007/03/09,0,0,0,0
2007/03/12,0,0,-2000,-2000
2007/03/13,0,150000,-6000,144000
2007/03/14,0,0,0,0
2007/03/15,0,678000,-72000,606000
2007/03/16,0,228000,0,228000
2007/03/19,0,1000,0,1000
2007/03/20,0,0,0,0
2007/03/21,0,0,0,0
2007/03/22,0,0,0,0
2007/03/23,0,0,0,0
2007/03/26,0,1000,-196000,-195000
2007/03/27,0,0,0,0
2007/03/28,0,300000,0,300000
2007/03/29,0,0,-2000,-2000
2007/03/30,0,130000,-2000,128000
2007/04/02,0,190000,0,190000
2007/04/03,0,133000,0,133000
2007/04/04,0,1000,0,1000
2007/04/05,0,0,0,0
2007/04/06,0,0,0,0
2007/04/09,0,148000,-1000,147000
2007/04/10,0,900000,-3000,897000
2007/04/11,0,102000,0,102000
2007/04/12,0,0,0,0
2007/04/13,0,1348000,-3000,1345000
2007/04/16,0,1551000,0,1551000
2007/04/17,0,1962000,0,1962000
2007/04/18,0,250000,0,250000
2007/04/19,0,53000,0,53000
2007/04/20,0,0,-321000,-321000
2007/04/23,0,5000,0,5000
2007/04/24,0,20000,0,20000
2007/04/25,0,0,0,0
2007/04/26,0,0,0,0
2007/04/27,0,0,0,0
2007/04/30,0,60000,0,60000
2007/05/01,0,0,0,0
2007/05/02,0,670000,0,670000
2007/05/03,0,0,0,0
2007/05/04,0,0,0,0
2007/05/07,0,0,-439000,-439000
2007/05/08,0,0,-738000,-738000
2007/05/09,0,0,-100000,-100000
2007/05/10,0,100000,-309000,-209000
2007/05/11,0,0,-679000,-679000
2007/05/14,0,2000,-70000,-68000
2007/05/15,0,424000,0,424000
2007/05/16,0,0,-4000,-4000
2007/05/17,0,0,-54000,-54000
2007/05/18,0,32000,0,32000
2007/05/21,0,39000,0,39000
2007/05/22,0,710000,0,710000
2007/05/23,0,0,-1516000,-1516000
2007/05/24,0,354000,-150000,204000
2007/05/25,0,1000,-180000,-179000
2007/05/28,0,2972000,0,2972000
2007/05/29,0,2300000,-560000,1740000
2007/05/30,0,560000,-100000,460000
2007/05/31,0,3250000,-470000,2780000
2007/06/01,0,2750000,-172000,2578000
2007/06/04,0,4000,-340000,-336000
2007/06/05,0,0,-826000,-826000
2007/06/06,0,1000,0,1000
2007/06/07,0,0,-554000,-554000
2007/06/08,0,0,-50000,-50000
2007/06/11,0,0,-730000,-730000
2007/06/12,0,2570000,-555000,2015000
2007/06/13,0,120000,-38000,82000
2007/06/14,0,0,-3000,-3000
2007/06/15,0,127000,0,127000
2007/06/18,0,0,0,0
2007/06/19,0,0,0,0
2007/06/20,0,800000,-1000,799000
2007/06/21,0,1655000,-64000,1591000
2007/06/22,0,0,-2060000,-2060000
2007/06/25,0,165000,-254000,-89000
2007/06/26,0,0,0,0
2007/06/27,0,0,0,0
2007/06/28,0,500000,0,500000
2007/06/29,0,58000,-237000,-179000
2007/07/02,0,0,-765000,-765000
2007/07/03,0,0,0,0
2007/07/04,0,823000,-143000,680000
2007/07/05,0,670000,-69000,601000
2007/07/06,0,1775000,-290000,1485000
2007/07/09,0,527000,0,527000
2007/07/10,0,130000,0,130000
2007/07/11,0,400000,0,400000
2007/07/12,0,100000,-461000,-361000
2007/07/13,0,1580000,0,1580000
2007/07/16,0,610000,0,610000
2007/07/17,0,780000,-9000,771000
2007/07/18,0,442000,0,442000
2007/07/19,0,801000,0,801000
2007/07/20,0,223000,-50000,173000
2007/07/23,0,3500000,-750000,2750000
2007/07/24,0,602000,-185000,417000
2007/07/25,0,2020000,-1470000,550000
2007/07/26,0,8000,-135000,-127000
2007/07/27,0,2512000,0,2512000
2007/07/30,0,4000,-358000,-354000
2007/07/31,0,2215000,-152000,2063000
2007/08/01,0,3760000,-74000,3686000
2007/08/02,0,557000,-668000,-111000
2007/08/03,0,32000,-6000,26000
2007/08/06,0,3294000,0,3294000
2007/08/07,0,7427000,-10000,7417000
2007/08/08,0,2728000,0,2728000
2007/08/09,0,1130000,0,1130000
2007/08/10,0,1030000,-489000,541000
2007/08/13,0,7290000,-10000,7280000
2007/08/14,0,6449000,-2000,6447000
2007/08/15,0,409000,0,409000
2007/08/16,0,1117000,-1350000,-233000
2007/08/17,0,1237000,-1200000,37000
2007/08/20,0,920000,-1381000,-461000
2007/08/21,0,3800000,-4105000,-305000
2007/08/22,0,1020000,-1101000,-81000
2007/08/23,0,1900000,-3000,1897000
2007/08/24,0,3888000,-2000,3886000
2007/08/27,0,204000,-875000,-671000
2007/08/28,0,1170000,-912000,258000
2007/08/29,0,1180000,-1500000,-320000
2007/08/30,0,442000,-1978500,-1536500
2007/08/31,0,1293000,-988000,305000
2007/09/03,0,2957000,-961000,1996000
2007/09/04,0,228000,-3343000,-3115000
2007/09/05,0,0,-315000,-315000
2007/09/06,0,1788000,-20000,1768000
2007/09/07,0,3470000,-313170,3156830
2007/09/10,0,1060000,-4020000,-2960000
2007/09/11,0,100000,-500000,-400000
2007/09/12,0,0,-3452960,-3452960
2007/09/13,0,400000,-678000,-278000
2007/09/14,0,2330000,0,2330000
2007/09/17,0,2782000,0,2782000
2007/09/18,0,0,0,0
2007/09/19,0,608000,-50000,558000
2007/09/20,0,8620000,-550000,8070000
2007/09/21,0,4647000,-338000,4309000
2007/09/24,0,0,0,0
2007/09/25,0,0,0,0
2007/09/26,0,555000,-10000,545000
2007/09/27,0,4187000,-1995000,2192000
2007/09/28,0,2264000,-2040000,224000
2007/10/01,0,1118000,-257780,860220
2007/10/02,0,620000,0,620000
2007/10/03,0,50000,-851000,-801000
2007/10/04,0,0,-7799000,-7799000
2007/10/05,0,650000,-1019000,-369000
2007/10/08,0,116000,-1291420,-1175420
2007/10/09,0,0,0,0
2007/10/10,0,0,0,0
2007/10/11,0,1142000,-1585000,-443000
2007/10/12,0,3050000,-30000,3020000
2007/10/15,0,4000,-2198000,-2194000
2007/10/16,0,0,-5669600,-5669600
2007/10/17,0,600000,-349000,251000
2007/10/18,0,300000,-455000,-155000
2007/10/19,0,0,-16000,-16000
2007/10/22,0,0,-1031000,-1031000
2007/10/23,0,301000,-1330000,-1029000
2007/10/24,0,300000,-346000,-46000
2007/10/25,0,0,-200000,-200000
2007/10/26,0,3158000,-634000,2524000
2007/10/29,0,531000,-567000,-36000
2007/10/30,0,123000,-388000,-265000
2007/10/31,0,1282000,-853000,429000
2007/11/01,0,549000,-3655000,-3106000
2007/11/02,0,7000,-1279000,-1272000
2007/11/05,0,1000,-2016000,-2015000
2007/11/06,0,2000,-1978200,-1976200
2007/11/07,0,454000,-800000,-346000
2007/11/08,0,636000,-500000,136000
2007/11/09,0,4000,0,4000
2007/11/12,0,169450,-317000,-147550
2007/11/13,0,647000,-1318000,-671000
2007/11/14,0,107000,0,107000
2007/11/15,0,201000,-111000,90000
2007/11/16,0,62000,-1550000,-1488000
2007/11/19,0,244000,-6491000,-6247000
2007/11/20,0,652000,-6033000,-5381000
2007/11/21,0,1699000,0,1699000
2007/11/22,0,798000,-430000,368000
2007/11/23,0,316000,0,316000
2007/11/26,0,69000,-208000,-139000
2007/11/27,0,196000,0,196000
2007/11/28,0,0,-100000,-100000
2007/11/29,0,103000,0,103000
2007/11/30,0,601000,0,601000
2007/12/03,0,247000,-420000,-173000
2007/12/04,0,0,0,0
2007/12/05,0,240000,-179000,61000
2007/12/06,0,0,-194000,-194000
2007/12/07,0,1413000,-240,1412760
2007/12/10,0,250000,-1090000,-840000
2007/12/11,0,0,-2650000,-2650000
2007/12/12,0,0,0,0
2007/12/13,0,3066000,0,3066000
2007/12/14,0,548000,-20000,528000
2007/12/17,0,602000,-1000,601000
2007/12/18,0,1263000,0,1263000
2007/12/19,0,401000,0,401000
2007/12/20,0,949000,-83000,866000
2007/12/21,0,2000,0,2000
2007/12/24,0,381000,-451000,-70000
2007/12/25,0,2354000,-1000,2353000
2007/12/26,0,646000,-284000,362000
2007/12/27,0,1972000,-750000,1222000
2007/12/28,0,918000,-1000,917000
2007/12/31,0,460000,-4367000,-3907000
2008/01/01,0,0,0,0
2008/01/02,0,1695000,-3422000,-1727000
2008/01/03,0,2410000,-151000,2259000
2008/01/04,0,622000,-794290,-172290
2008/01/07,0,2635000,0,2635000
2008/01/08,0,544000,-268000,276000
2008/01/09,0,2410000,-376000,2034000
2008/01/10,0,750000,-503000,247000
2008/01/11,0,250000,-840000,-590000
2008/01/14,0,50000,-550000,-500000
2008/01/15,0,863000,-1673000,-810000
2008/01/16,0,1000,-1220000,-1219000
2008/01/17,0,109000,-2456800,-2347800
2008/01/18,0,702000,-2057000,-1355000
2008/01/21,0,18000,-1025790,-1007790
2008/01/22,0,50000,-929000,-879000
2008/01/23,0,97000,-1522138,-1425138
2008/01/24,0,633000,-495000,138000
2008/01/25,0,533000,-2160000,-1627000
2008/01/28,0,226000,-878000,-652000
2008/01/29,0,201000,-2472000,-2271000
2008/01/30,0,5000,-3572000,-3567000
2008/01/31,0,150000,-1600000,-1450000
2008/02/01,0,536000,-567000,-31000
2008/02/04,0,0,0,0
2008/02/05,0,0,0,0
2008/02/06,0,0,0,0
2008/02/07,0,0,0,0
2008/02/08,0,0,0,0
2008/02/11,0,0,0,0
2008/02/12,0,1255000,-455000,800000
2008/02/13,0,1282000,-760000,522000
2008/02/14,0,372000,0,372000
2008/02/15,0,451000,-918000,-467000
2008/02/18,0,783000,-530000,253000
2008/02/19,0,1447000,-32076,1414924
2008/02/20,0,1533000,-1882000,-349000
2008/02/21,0,441000,-1912000,-1471000
2008/02/22,0,480000,-2022000,-1542000
2008/02/25,0,749000,-14000,735000
2008/02/26,0,699000,-183000,516000
2008/02/27,0,128000,-401000,-273000
2008/02/28,0,0,0,0
2008/02/29,0,0,-2000,-2000
2008/03/03,0,890000,-946000,-56000
2008/03/04,0,602000,-3000,599000
2008/03/05,0,233000,-7000,226000
2008/03/06,0,56000,-1112000,-1056000
2008/03/07,0,0,-883000,-883000
2008/03/10,0,5000,-2528772,-2523772
2008/03/11,0,55000,-240000,-185000
2008/03/12,0,283000,-634000,-351000
2008/03/13,0,0,-136010,-136010
2008/03/14,0,75000,-700000,-625000
2008/03/17,0,729000,0,729000
2008/03/18,0,183000,-177000,6000
2008/03/19,0,2120000,-1217000,903000
2008/03/20,0,1503000,-77000,1426000
2008/03/21,0,955000,-220000,735000
2008/03/24,0,308000,-816000,-508000
2008/03/25,0,103000,-1985000,-1882000
2008/03/26,0,120000,-277000,-157000
2008/03/27,0,230000,-440000,-210000
2008/03/28,0,65000,-1108000,-1043000
2008/03/31,0,34000,-837000,-803000
2008/04/01,0,202000,-711000,-509000
2008/04/02,0,3000,-319000,-316000
2008/04/03,0,131000,-1600000,-1469000
2008/04/04,0,0,0,0
2008/04/07,0,52000,-413000,-361000
2008/04/08,0,231000,-2158000,-1927000
2008/04/09,0,3000,-864000,-861000
2008/04/10,0,51000,-185000,-134000
2008/04/11,0,1100000,-175000,925000
2008/04/14,0,0,-2518000,-2518000
2008/04/15,0,630000,-1068000,-438000
2008/04/16,0,200000,-17000,183000
2008/04/17,0,356000,-555000,-199000
2008/04/18,0,115000,-294000,-179000
2008/04/21,0,535000,-780000,-245000
2008/04/22,0,73000,-2042000,-1969000
2008/04/23,0,4000,-1015000,-1011000
2008/04/24,0,506000,-250000,256000
2008/04/25,0,3000,-530000,-527000
2008/04/28,0,74000,-220000,-146000
2008/04/29,0,4000,-6487000,-6483000
2008/04/30,0,30000,-7032750,-7002750
2008/05/01,0,0,0,0
2008/05/02,0,25000,-1858000,-1833000
2008/05/05,0,193000,-437000,-244000
2008/05/06,0,9000,-371000,-362000
2008/05/07,0,171000,-100000,71000
2008/05/08,0,2255000,-72000,2183000
2008/05/09,0,3067000,-12000,3055000
2008/05/12,0,9000,-2000,7000
2008/05/13,0,2140000,-1147000,993000
2008/05/14,0,494000,-965000,-471000
2008/05/15,0,67000,0,67000
2008/05/16,0,0,-750000,-750000
2008/05/19,0,4000,-102000,-98000
2008/05/20,0,970000,-223000,747000
2008/05/21,0,130000,-64000,66000
2008/05/22,0,314000,-210000,104000
2008/05/23,0,495000,-12000,483000
2008/05/26,0,1440000,-20000,1420000
2008/05/27,0,1472000,-17000,1455000
2008/05/28,0,1081000,-650000,431000
2008/05/29,0,16000,-280000,-264000
2008/05/30,0,28000,0,28000
2008/06/02,0,542000,0,542000
2008/06/03,0,0,-122000,-122000
2008/06/04,0,53000,0,53000
2008/06/05,0,17000,0,17000
2008/06/06,0,52000,0,52000
2008/06/09,0,1000,-815000,-814000
2008/06/10,0,2000,-150000,-148000
2008/06/11,0,18000,-740000,-722000
2008/06/12,0,7000,-600000,-593000
2008/06/13,0,137000,-500000,-363000
2008/06/16,0,0,0,0
2008/06/17,0,13000,-40000,-27000
2008/06/18,0,0,0,0
2008/06/19,0,0,-1020000,-1020000
2008/06/20,0,30000,-2000,28000
2008/06/23,0,276000,-50000,226000
2008/06/24,0,11000,0,11000
2008/06/25,0,54000,-797000,-743000
2008/06/26,0,100000,0,100000
2008/06/27,0,2000,0,2000
2008/06/30,0,352000,-42000,310000
2008/07/01,0,606000,-849000,-243000
2008/07/02,0,100000,-3000,97000
2008/07/03,0,254000,-104000,150000
2008/07/04,0,219000,0,219000
2008/07/07,0,394000,0,394000
2008/07/08,0,50000,0,50000
2008/07/09,0,0,-5000,-5000
2008/07/10,0,69000,-40000,29000
2008/07/11,0,628000,0,628000
2008/07/14,0,138000,0,138000
2008/07/15,0,7000,0,7000
2008/07/16,0,98000,0,98000
2008/07/17,0,4000,-540000,-536000
2008/07/18,0,0,-313000,-313000
2008/07/21,0,1296000,0,1296000
2008/07/22,0,253000,0,253000
2008/07/23,0,271000,-472623,-201623
2008/07/24,0,448000,-11000,437000
2008/07/25,0,200000,0,200000
2008/07/28,0,0,0,0
2008/07/29,0,206000,0,206000
2008/07/30,0,4000,-234000,-230000
2008/07/31,0,2000,0,2000
2008/08/01,0,6000,0,6000
2008/08/04,0,171000,0,171000
2008/08/05,0,240000,-506140,-266140
2008/08/06,0,355000,-1735000,-1380000
2008/08/07,0,50000,-808000,-758000
2008/08/08,0,25000,-1235000,-1210000
2008/08/11,0,155000,-259000,-104000
2008/08/12,0,240000,-1869000,-1629000
2008/08/13,0,50000,-136000,-86000
2008/08/14,0,110000,-10000,100000
2008/08/15,0,7007000,0,7007000
2008/08/18,0,1000,-2624000,-2623000
2008/08/19,0,0,-315000,-315000
2008/08/20,0,154000,-323000,-169000
2008/08/21,0,356000,-609000,-253000
2008/08/22,0,847000,-444000,403000
2008/08/25,0,1957000,-58990,1898010
2008/08/26,0,1166000,-44000,1122000
2008/08/27,0,30000,-1670,28330
2008/08/28,0,0,-188301,-188301
2008/08/29,0,2000,-412500,-410500
2008/09/01,0,2000,-333020,-331020
2008/09/02,0,80000,-207000,-127000
2008/09/03,0,22000,-212000,-190000
2008/09/04,0,23000,-640000,-617000
2008/09/05,0,9000,-209790,-200790
2008/09/08,0,321000,-233000,88000
2008/09/09,0,15000,-307000,-292000
2008/09/10,0,10000,-1000,9000
2008/09/11,0,10000,-1000,9000
2008/09/12,0,252000,-61000,191000
2008/09/15,0,0,0,0
2008/09/16,0,4004000,-648570,3355430
2008/09/17,0,2100000,-2860,2097140
2008/09/18,0,104000,-622810,-518810
2008/09/19,0,0,-16000,-16000
2008/09/22,0,2157000,-135484,2021516
2008/09/23,0,1540000,-382668,1157332
2008/09/24,0,0,-447420,-447420
2008/09/25,0,2700000,-103000,2597000
2008/09/26,0,1000,-1950270,-1949270
2008/09/29,0,0,0,0
2008/09/30,0,80000,-440000,-360000
2008/10/01,0,1000,-154000,-153000
2008/10/02,0,1000000,-8110,991890
2008/10/03,0,0,-12000,-12000
2008/10/06,0,1679000,-14000,1665000
2008/10/07,0,0,-832000,-832000
2008/10/08,0,0,-678710,-678710
2008/10/09,0,300000,-52000,248000
2008/10/10,0,0,0,0
2008/10/13,0,0,0,0
2008/10/14,0,4000000,-150000,3850000
2008/10/15,0,2000,-303000,-301000
2008/10/16,0,4000,0,4000
2008/10/17,0,0,-32000,-32000
2008/10/20,0,0,-13000,-13000
2008/10/21,0,10000,-179000,-169000
2008/10/22,0,0,-406000,-406000
2008/10/23,0,0,-236000,-236000
2008/10/24,0,20000,-9000,11000
2008/10/27,0,10000,-84000,-74000
2008/10/28,0,9000,-2169000,-2160000
2008/10/29,0,0,-5000,-5000
2008/10/30,0,1335000,-300421,1034579
2008/10/31,0,911000,0,911000
2008/11/03,0,4616000,-254773,4361227
2008/11/04,0,1254000,-218000,1036000
2008/11/05,0,971000,-720000,251000
2008/11/06,0,5000,-500000,-495000
2008/11/07,0,4000000,0,4000000
2008/11/10,0,7201000,0,7201000
2008/11/11,0,14120000,-18394000,-4274000
2008/11/12,0,5175000,-1000,5174000
2008/11/13,0,8090000,-10000,8080000
2008/11/14,0,9193000,-1700000,7493000
2008/11/17,0,4574000,0,4574000
2008/11/18,0,4201000,-619000,3582000
2008/11/19,0,2047000,-3134000,-1087000
2008/11/20,0,6948000,0,6948000
2008/11/21,0,6210000,0,6210000
2008/11/24,0,8752000,-550980,8201020
2008/11/25,0,2425000,-2760000,-335000
2008/11/26,0,1601000,0,1601000
2008/11/27,0,3653000,-571000,3082000
2008/11/28,0,2515000,0,2515000
2008/12/01,0,2557000,-1820000,737000
2008/12/02,0,3786000,-8650000,-4864000
2008/12/03,0,1913000,0,1913000
2008/12/04,0,1957000,-3043000,-1086000
2008/12/05,0,750000,-1738000,-988000
2008/12/08,0,208000,-113600,94400
2008/12/09,0,2956000,-1584000,1372000
2008/12/10,0,5485000,-1347000,4138000
2008/12/11,0,868000,0,868000
2008/12/12,0,2353000,-926000,1427000
2008/12/15,0,9740000,-600000,9140000
2008/12/16,0,5513000,-2000,5511000
2008/12/17,0,753000,-100000,653000
2008/12/18,0,2585000,-10000,2575000
2008/12/19,0,854000,-814000,40000
2008/12/22,0,109000,-9763000,-9654000
2008/12/23,0,1553000,-3558000,-2005000
2008/12/24,0,1438000,-1317000,121000
2008/12/25,0,702000,-798000,-96000
2008/12/26,0,985000,0,985000
2008/12/29,0,211000,0,211000
2008/12/30,0,1818000,0,1818000
2008/12/31,0,3229000,-100000,3129000
2009/01/01,0,0,0,0
2009/01/02,0,0,0,0
2009/01/05,0,100000,-1140000,-1040000
2009/01/06,0,887000,-2587000,-1700000
2009/01/07,0,109000,-1784000,-1675000
2009/01/08,0,69000,-628000,-559000
2009/01/09,0,7000,-7026000,-7019000
2009/01/12,0,6000,-1205000,-1199000
2009/01/13,0,2000,-5103000,-5101000
2009/01/14,0,733000,-4619000,-3886000
2009/01/15,0,938000,-672000,266000
2009/01/16,0,636000,-810000,-174000
2009/01/19,0,100000,-1643000,-1543000
2009/01/20,0,319000,-941000,-622000
2009/01/21,0,855000,-3916000,-3061000
2009/01/22,0,0,0,0
2009/01/23,0,0,0,0
2009/01/26,0,0,0,0
2009/01/27,0,0,0,0
2009/01/28,0,0,0,0
2009/01/29,0,0,0,0
2009/01/30,0,0,0,0
2009/02/02,0,349000,0,349000
2009/02/03,0,2856000,0,2856000
2009/02/04,0,1258000,-390000,868000
2009/02/05,0,4950000,-50000,4900000
2009/02/06,0,4868000,0,4868000
2009/02/09,0,454000,-300000,154000
2009/02/10,0,1309000,-1433000,-124000
2009/02/11,0,2366000,-507000,1859000
2009/02/12,0,1336000,-500000,836000
2009/02/13,0,470000,-950000,-480000
2009/02/16,0,2150000,0,2150000
2009/02/17,0,500000,-150000,350000
2009/02/18,0,1385000,-180000,1205000
2009/02/19,0,280000,-400000,-120000
2009/02/20,0,842000,-1307000,-465000
2009/02/23,0,287000,-2600000,-2313000
2009/02/24,0,2162000,-1625000,537000
2009/02/25,0,200000,-867000,-667000
2009/02/26,0,0,-1501000,-1501000
2009/02/27,0,252000,-1172000,-920000
2009/03/02,0,0,-2197000,-2197000
2009/03/03,0,304000,-4640000,-4336000
2009/03/04,0,200000,-502000,-302000
2009/03/05,0,2354000,0,2354000
2009/03/06,0,488000,-745000,-257000
2009/03/09,0,517000,-119000,398000
2009/03/10,0,620000,-478000,142000
2009/03/11,0,0,-1850000,-1850000
2009/03/12,0,0,-1113000,-1113000
2009/03/13,0,85000,-1383000,-1298000
2009/03/16,0,493000,-5000,488000
2009/03/17,0,2376000,-46000,2330000
2009/03/18,0,300000,-1146000,-846000
2009/03/19,0,974000,-1316000,-342000
2009/03/20,0,15000,-5000,10000
2009/03/23,0,443000,-1577000,-1134000
2009/03/24,0,1372000,-966000,406000
2009/03/25,0,320000,-453000,-133000
2009/03/26,0,0,-4995000,-4995000
2009/03/27,0,32000,-1911000,-1879000
2009/03/30,0,0,-1830000,-1830000
2009/03/31,0,0,-1050000,-1050000
2009/04/01,0,0,-1819000,-1819000
2009/04/02,0,1437000,-1611000,-174000
2009/04/03,0,1023000,-222000,801000
2009/04/06,0,1183000,-519000,664000
2009/04/07,0,607000,-14000,593000
2009/04/08,0,1000000,-299000,701000
2009/04/09,0,490000,-435000,55000
2009/04/10,0,201000,-545000,-344000
2009/04/13,0,1451000,-450000,1001000
2009/04/14,0,0,-478000,-478000
2009/04/15,0,2500000,-600000,1900000
2009/04/16,0,385000,-102000,283000
2009/04/17,0,1541000,-1816000,-275000
2009/04/20,0,0,-3619000,-3619000
2009/04/21,0,3647000,-1490000,2157000
2009/04/22,0,1410000,-104000,1306000
2009/04/23,0,400000,-1603000,-1203000
2009/04/24,0,0,-1561000,-1561000
2009/04/27,0,2000,-502000,-500000
2009/04/28,0,2000,-564000,-562000
2009/04/29,0,0,-1009000,-1009000
2009/04/30,0,268000,-7475485,-7207485
2009/05/01,0,0,0,0
2009/05/04,0,0,0,0
2009/05/05,0,116000,-230000,-114000
2009/05/06,0,0,-734000,-734000
2009/05/07,0,0,-6211000,-6211000
2009/05/08,0,0,-1820000,-1820000
2009/05/11,0,2000,-354000,-352000
2009/05/12,0,100000,-4796000,-4696000
2009/05/13,0,0,-3364000,-3364000
2009/05/14,0,20000,-4591180,-4571180
2009/05/15,0,34000,-700000,-666000
2009/05/18,0,0,-903120,-903120
2009/05/19,0,23000,-500000,-477000
2009/05/20,0,50000,-2929000,-2879000
2009/05/21,0,35000,-1951190,-1916190
2009/05/22,0,30000,-1225000,-1195000
2009/05/25,0,32000,-2274000,-2242000
2009/05/26,0,32000,-3111000,-3079000
2009/05/27,0,41000,-58000,-17000
2009/05/28,0,0,0,0
2009/05/29,0,0,0,0
2009/06/01,0,315000,-123000,192000
2009/06/02,0,35000,-5000,30000
2009/06/03,0,0,-3617000,-3617000
2009/06/04,0,13000,-4118000,-4105000
2009/06/05,0,2000000,-1382000,618000
2009/06/08,0,12000,-88000,-76000
2009/06/09,0,0,-2388000,-2388000
2009/06/10,0,0,-1506000,-1506000
2009/06/11,0,206000,-1690000,-1484000
2009/06/12,0,785000,-303000,482000
2009/06/15,0,3000,-500000,-497000
2009/06/16,0,261000,-2000,259000
2009/06/17,0,31000,-301000,-270000
2009/06/18,0,8000,0,8000
2009/06/19,0,122000,0,122000
2009/06/22,0,8000,-50000,-42000
2009/06/23,0,0,-938000,-938000
2009/06/24,0,302000,0,302000
2009/06/25,0,2000,-2773000,-2771000
2009/06/26,0,345000,0,345000
2009/06/29,0,132000,-300000,-168000
2009/06/30,0,0,0,0
2009/07/01,0,7000,-332000,-325000
2009/07/02,0,0,-966000,-966000
2009/07/03,0,100000,-15000,85000
2009/07/06,0,0,-2000,-2000
2009/07/07,0,939000,0,939000
2009/07/08,0,0,-430526,-430526
2009/07/09,0,0,0,0
2009/07/10,0,0,-5000,-5000
2009/07/13,0,0,-306000,-306000
2009/07/14,0,50000,-45000,5000
2009/07/15,0,0,0,0
2009/07/16,0,0,-4000,-4000
2009/07/17,0,0,-102000,-102000
2009/07/20,0,0,-210000,-210000
2009/07/21,0,251000,-22000,229000
2009/07/22,0,0,-21000,-21000
2009/07/23,0,394000,-241000,153000
2009/07/24,0,707000,-30000,677000
2009/07/27,0,2099000,-8000,2091000
2009/07/28,0,1919000,-8000,1911000
2009/07/29,0,50000,-61000,-11000
2009/07/30,0,162000,-258000,-96000
2009/07/31,0,1786000,-13000,1773000
2009/08/03,0,1070000,0,1070000
2009/08/04,0,5832000,-11000,5821000
2009/08/05,0,3101000,0,3101000
2009/08/06,0,5297000,-1237000,4060000
2009/08/07,0,0,0,0
2009/08/10,0,2869000,-2786000,83000
2009/08/11,0,1161000,-1316000,-155000
2009/08/12,0,1398000,-99000,1299000
2009/08/13,0,0,-94000,-94000
2009/08/14,0,0,-167000,-167000
2009/08/17,0,800000,-26000,774000
2009/08/18,0,205000,-1271000,-1066000
2009/08/19,0,1208000,0,1208000
2009/08/20,0,3000,-5000,-2000
2009/08/21,0,0,-3440000,-3440000
2009/08/24,0,656000,0,656000
2009/08/25,0,264000,-2434000,-2170000
2009/08/26,0,1000,-91000,-90000
2009/08/27,0,13000,-1921630,-1908630
2009/08/28,0,1500000,0,1500000
2009/08/31,0,16000,0,16000
2009/09/01,0,0,0,0
2009/09/02,0,0,-60000,-60000
2009/09/03,0,1000,-1756000,-1755000
2009/09/04,0,0,-137000,-137000
2009/09/07,0,0,-74000,-74000
2009/09/08,0,120000,-116000,4000
2009/09/09,0,118000,0,118000
2009/09/10,0,226000,-174000,52000
2009/09/11,0,100000,0,100000
2009/09/14,0,600000,-130000,470000
2009/09/15,0,0,-573000,-573000
2009/09/16,0,20000,-3076000,-3056000
2009/09/17,0,0,-1494000,-1494000
2009/09/18,0,0,-824000,-824000
2009/09/21,0,0,-259000,-259000
2009/09/22,0,0,-1114000,-1114000
2009/09/23,0,10000,-2000,8000
2009/09/24,0,3100000,-3152000,-52000
2009/09/25,0,0,-2937000,-2937000
2009/09/28,0,1658000,0,1658000
2009/09/29,0,176000,-328000,-152000
2009/09/30,0,0,-8000,-8000
2009/10/01,0,0,-164000,-164000
2009/10/02,0,326000,0,326000
2009/10/05,0,0,0,0
2009/10/06,0,0,0,0
2009/10/07,0,0,0,0
2009/10/08,0,706000,-500000,206000
2009/10/09,0,45000,0,45000
2009/10/12,0,0,0,0
2009/10/13,0,8000,-3449000,-3441000
2009/10/14,0,0,-2270000,-2270000
2009/10/15,0,0,-515000,-515000
2009/10/16,0,0,-1000,-1000
2009/10/19,0,8000,0,8000
2009/10/20,0,195000,0,195000
2009/10/21,0,23000,-455000,-432000
2009/10/22,0,0,0,0
2009/10/23,0,0,-395000,-395000
2009/10/26,0,400000,0,400000
2009/10/27,0,3000,-180000,-177000
2009/10/28,0,0,-2007000,-2007000
2009/10/29,0,2000,-3000,-1000
2009/10/30,0,0,-277000,-277000
2009/11/02,0,4000,0,4000
2009/11/03,0,2504000,-2000,2502000
2009/11/04,0,3834000,0,3834000
2009/11/05,0,4000,0,4000
2009/11/06,0,152000,0,152000
2009/11/09,0,1204000,-125000,1079000
2009/11/10,0,1202000,-604000,598000
2009/11/11,0,0,0,0
2009/11/12,0,0,-398000,-398000
2009/11/13,0,300000,-10000,290000
2009/11/16,0,48000,-413480,-365480
2009/11/17,0,0,-170000,-170000
2009/11/18,0,0,-50000,-50000
2009/11/19,0,0,-883000,-883000
2009/11/20,0,0,-1635000,-1635000
2009/11/23,0,0,-3000,-3000
2009/11/24,0,0,-4000,-4000
2009/11/25,0,0,-361000,-361000
2009/11/26,0,0,-625000,-625000
2009/11/27,0,0,-1472000,-1472000
2009/11/30,0,0,-65000,-65000
2009/12/01,0,0,-431000,-431000
2009/12/02,0,0,-200000,-200000
2009/12/03,0,660000,0,660000
2009/12/04,0,0,-154000,-154000
2009/12/07,0,230000,0,230000
2009/12/08,0,231000,-20000,211000
2009/12/09,0,0,-55000,-55000
2009/12/10,0,0,-3117000,-3117000
2009/12/11,0,4000,0,4000
2009/12/14,0,0,-7000,-7000
2009/12/15,0,315000,0,315000
2009/12/16,0,0,-48000,-48000
2009/12/17,0,0,-664000,-664000
2009/12/18,0,0,-2000,-2000
2009/12/21,0,0,-50000,-50000
2009/12/22,0,0,-666000,-666000
2009/12/23,0,1000,-2074000,-2073000
2009/12/24,0,0,-527000,-527000
2009/12/25,0,400000,-2291000,-1891000
2009/12/28,0,100000,-72000,28000
2009/12/29,0,0,-102000,-102000
2009/12/30,0,0,-76000,-76000
2009/12/31,0,0,-1000,-1000
2010/01/01,0,0,0,0
2010/01/04,0,267000,0,267000
2010/01/05,0,889000,-1000,888000
2010/01/06,0,2160000,0,2160000
2010/01/07,0,95000,-82000,13000
2010/01/08,0,0,-44000,-44000
2010/01/11,0,0,-4000,-4000
2010/01/12,0,0,-2542000,-2542000
2010/01/13,0,0,-3012000,-3012000
2010/01/14,0,0,-5000,-5000
2010/01/15,0,0,-375000,-375000
2010/01/18,0,1000,-15000,-14000
2010/01/19,0,72000,-200000,-128000
2010/01/20,0,0,-803000,-803000
2010/01/21,0,0,-5000,-5000
2010/01/22,0,10000,0,10000
2010/01/25,0,2800000,-1325000,1475000
2010/01/26,0,1266000,-2000,1264000
2010/01/27,0,2512000,0,2512000
2010/01/28,0,1304000,-617631,686369
2010/01/29,0,654000,0,654000
2010/02/01,0,1555000,-347000,1208000
2010/02/02,0,0,-173000,-173000
2010/02/03,0,27000,-77000,-50000
2010/02/04,0,3000,0,3000
2010/02/05,0,2000,0,2000
2010/02/08,0,7000,-3000,4000
2010/02/09,0,1371000,0,1371000
2010/02/10,0,1467000,0,1467000
2010/02/11,0,0,0,0
2010/02/12,0,0,0,0
2010/02/15,0,0,0,0
2010/02/16,0,0,0,0
2010/02/17,0,0,0,0
2010/02/18,0,0,0,0
2010/02/19,0,0,0,0
2010/02/22,0,4000,0,4000
2010/02/23,0,14000,0,14000
2010/02/24,0,1000,-500000,-499000
2010/02/25,0,0,-771000,-771000
2010/02/26,0,402000,-5000,397000
2010/03/01,0,1325000,0,1325000
2010/03/02,0,686000,0,686000
2010/03/03,0,1120000,0,1120000
2010/03/04,0,0,-3000,-3000
2010/03/05,0,2000,0,2000
2010/03/08,0,0,-1800000,-1800000
2010/03/09,0,3000,-1102000,-1099000
2010/03/10,0,0,-700000,-700000
2010/03/11,0,2000,-280000,-278000
2010/03/12,0,0,-161000,-161000
2010/03/15,0,0,-6000,-6000
2010/03/16,0,0,-405000,-405000
2010/03/17,0,2000,-1021000,-1019000
2010/03/18,0,3000,-2000,1000
2010/03/19,0,0,-1000,-1000
2010/03/22,0,0,-2000,-2000
2010/03/23,0,3000,-302000,-299000
2010/03/24,0,0,-150000,-150000
2010/03/25,0,0,-2000,-2000
2010/03/26,0,0,-2000,-2000
2010/03/29,0,927000,-73000,854000
2010/03/30,0,703000,0,703000
2010/03/31,0,702000,-1000,701000
2010/04/01,0,2150000,-2000,2148000
2010/04/02,0,2000,-2000,0
2010/04/05,0,0,0,0
2010/04/06,0,0,-1000,-1000
2010/04/07,0,0,-5000,-5000
2010/04/08,0,0,-30000,-30000
2010/04/09,0,0,-1000,-1000
2010/04/12,0,500000,-1534000,-1034000
2010/04/13,0,0,-23000,-23000
2010/04/14,0,0,-425000,-425000
2010/04/15,0,0,-2000,-2000
2010/04/16,0,0,-1000,-1000
2010/04/19,0,0,-832,-832
2010/04/20,0,0,-3168000,-3168000
2010/04/21,0,2000,-2720000,-2718000
2010/04/22,0,0,-1500000,-1500000
2010/04/23,0,0,0,0
2010/04/26,0,0,0,0
2010/04/27,0,3000,-1000,2000
2010/04/28,0,403000,0,403000
2010/04/29,0,200000,0,200000
2010/04/30,0,200000,-5000,195000
2010/05/03,0,0,-3000,-3000
2010/05/04,0,0,-1500000,-1500000
2010/05/05,0,0,-642000,-642000
2010/05/06,0,0,-2604000,-2604000
2010/05/07,0,77000,-174000,-97000
2010/05/10,0,1000,-1253000,-1252000
2010/05/11,0,3000,-457000,-454000
2010/05/12,0,402000,-400000,2000
2010/05/13,0,426000,-295000,131000
2010/05/14,0,10000,-448000,-438000
2010/05/17,0,2000,-131000,-129000
2010/05/18,0,0,0,0
2010/05/19,0,0,-6000,-6000
2010/05/20,0,2000,-8000,-6000
2010/05/21,0,0,0,0
2010/05/24,0,500000,-3000,497000
2010/05/25,0,0,0,0
2010/05/26,0,727000,-3000,724000
2010/05/27,0,589000,0,589000
2010/05/28,0,0,-2000,-2000
2010/05/31,0,220000,0,220000
2010/06/01,0,0,0,0
2010/06/02,0,797000,0,797000
2010/06/03,0,0,-3000,-3000
2010/06/04,0,0,0,0
2010/06/07,0,59000,0,59000
2010/06/08,0,2000,0,2000
2010/06/09,0,4000,0,4000
2010/06/10,0,2000,-1000,1000
2010/06/11,0,80000,-990,79010
2010/06/14,0,1000,0,1000
2010/06/15,0,0,-43000,-43000
2010/06/16,0,0,0,0
2010/06/17,0,0,0,0
2010/06/18,0,2866000,-10000,2856000
2010/06/21,0,0,0,0
2010/06/22,0,953000,-1000,952000
2010/06/23,0,0,-220000,-220000
2010/06/24,0,57000,-633000,-576000
2010/06/25,0,47000,-31000,16000
2010/06/28,0,46000,-500,45500
2010/06/29,0,1250000,0,1250000
2010/06/30,0,720000,0,720000
2010/07/01,0,693000,0,693000
2010/07/02,0,1472000,0,1472000
2010/07/05,0,1309000,-2000,1307000
2010/07/06,0,1238000,0,1238000
2010/07/07,0,743000,0,743000
2010/07/08,0,0,0,0
2010/07/09,0,0,0,0
2010/07/12,0,93000,0,93000
2010/07/13,0,0,-5000,-5000
2010/07/14,0,1000,0,1000
2010/07/15,0,97000,-21000,76000
2010/07/16,0,7189000,-2000,7187000
2010/07/19,0,387000,-1173000,-786000
2010/07/20,0,0,-200000,-200000
2010/07/21,0,0,-1000,-1000
2010/07/22,0,0,0,0
2010/07/23,0,300000,0,300000
2010/07/26,0,290000,-294000,-4000
2010/07/27,0,332000,-150000,182000
2010/07/28,0,2000,-17000,-15000
2010/07/29,0,1718000,-45000,1673000
2010/07/30,0,13083000,-56000,13027000
2010/08/02,0,4842000,-75000,4767000
2010/08/03,0,61000,-3000,58000
2010/08/04,0,2301000,-1196000,1105000
2010/08/05,0,500000,-2406000,-1906000
2010/08/06,0,100000,-2000,98000
2010/08/09,0,186000,-1000,185000
2010/08/10,0,312000,0,312000
2010/08/11,0,52000,-1000,51000
2010/08/12,0,0,-2000,-2000
2010/08/13,0,223000,-2007000,-1784000
2010/08/16,0,140000,-2065000,-1925000
2010/08/17,0,0,-2045000,-2045000
2010/08/18,0,936000,-522000,414000
2010/08/19,0,0,-1625000,-1625000
2010/08/20,0,36000,-350000,-314000
2010/08/23,0,4200000,-1069000,3131000
2010/08/24,0,1700000,0,1700000
2010/08/25,0,20000,-424000,-404000
2010/08/26,0,0,-1000,-1000
2010/08/27,0,1000,0,1000
2010/08/30,0,2000,-9030,-7030
2010/08/31,0,62000,0,62000
2010/09/01,0,369000,0,369000
2010/09/02,0,1371000,0,1371000
2010/09/03,0,1418000,0,1418000
2010/09/06,0,1607000,0,1607000
2010/09/07,0,853000,0,853000
2010/09/08,0,1191000,-400000,791000
2010/09/09,0,309000,-90000,219000
2010/09/10,0,0,0,0
2010/09/13,0,654000,0,654000
2010/09/14,0,0,-503000,-503000
2010/09/15,0,432000,0,432000
2010/09/16,0,200000,-2000,198000
2010/09/17,0,100000,-1100000,-1000000
2010/09/20,0,0,0,0
2010/09/21,0,900000,-2000,898000
2010/09/22,0,0,0,0
2010/09/23,0,0,-7000,-7000
2010/09/24,0,1114000,-1000,1113000
2010/09/27,0,690000,-4000,686000
2010/09/28,0,432000,0,432000
2010/09/29,0,412000,-17000,395000
2010/09/30,0,75000,-3000,72000
2010/10/01,0,0,0,0
2010/10/04,0,0,-1168000,-1168000
2010/10/05,0,502000,-784000,-282000
2010/10/06,0,385000,0,385000
2010/10/07,0,1776000,-140000,1636000
2010/10/08,0,395000,-213000,182000
2010/10/11,0,688000,-202000,486000
2010/10/12,0,727000,-1000,726000
2010/10/13,0,237000,-1000000,-763000
2010/10/14,0,408000,-509000,-101000
2010/10/15,0,525000,-367000,158000
2010/10/18,0,0,-64000,-64000
2010/10/19,0,4000,-144000,-140000
2010/10/20,0,149000,-75000,74000
2010/10/21,0,0,0,0
2010/10/22,0,0,-1715000,-1715000
2010/10/25,0,70000,0,70000
2010/10/26,0,8000,0,8000
2010/10/27,0,9000,0,9000
2010/10/28,0,0,-1467000,-1467000
2010/10/29,0,0,-949000,-949000
2010/11/01,0,0,-70000,-70000
2010/11/02,0,900000,0,900000
2010/11/03,0,1215000,-58000,1157000
2010/11/04,0,2189000,0,2189000
2010/11/05,0,459000,-1780000,-1321000
2010/11/08,0,0,-503000,-503000
2010/11/09,0,4000,-400000,-396000
2010/11/10,0,0,-92000,-92000
2010/11/11,0,2000,-125000,-123000
2010/11/12,0,0,-430000,-430000
2010/11/15,0,0,-1904000,-1904000
2010/11/16,0,53000,-2501000,-2448000
2010/11/17,0,0,-985000,-985000
2010/11/18,0,0,-1356000,-1356000
2010/11/19,0,0,-3341000,-3341000
2010/11/22,0,0,-375000,-375000
2010/11/23,0,0,-851000,-851000
2010/11/24,0,0,-1274000,-1274000
2010/11/25,0,179000,-2392000,-2213000
2010/11/26,0,3000,-9000,-6000
2010/11/29,0,0,-250000,-250000
2010/11/30,0,1000,-82000,-81000
2010/12/01,0,150000,-84000,66000
2010/12/02,0,0,-1558000,-1558000
2010/12/03,0,100000,-1767000,-1667000
2010/12/06,0,50000,-2166000,-2116000
2010/12/07,0,52000,0,52000
2010/12/08,0,1645000,-4000,1641000
2010/12/09,0,329000,-386000,-57000
2010/12/10,0,28000,0,28000
2010/12/13,0,0,-800000,-800000
2010/12/14,0,30000,-539000,-509000
2010/12/15,0,0,-53000,-53000
2010/12/16,0,0,-3000,-3000
2010/12/17,0,1000,-7000,-6000
2010/12/20,0,16000,-3000,13000
2010/12/21,0,0,0,0
2010/12/22,0,16000,0,16000
2010/12/23,0,960000,-2000,958000
2010/12/24,0,0,-300000,-300000
2010/12/27,0,0,-2027768,-2027768
2010/12/28,0,0,-1116000,-1116000
2010/12/29,0,116000,-462000,-346000
2010/12/30,0,0,-500000,-500000
2010/12/31,0,800000,-1955769,-1155769
2011/01/03,0,53000,-29160,23840
2011/01/04,0,924000,-208000,716000
2011/01/05,0,0,0,0
2011/01/06,0,0,0,0
2011/01/07,0,0,-1050000,-1050000
2011/01/10,0,0,-2000,-2000
2011/01/11,0,0,-1573,-1573
2011/01/12,0,812000,-82290,729710
2011/01/13,0,0,-5000,-5000
2011/01/14,0,54000,-34290,19710
2011/01/17,0,0,-304000,-304000
2011/01/18,0,0,-4291395,-4291395
2011/01/19,0,4000,-1217000,-1213000
2011/01/20,0,738000,-342132,395868
2011/01/21,0,1139000,-6320,1132680
2011/01/24,0,12000,0,12000
2011/01/25,0,10000,0,10000
2011/01/26,0,0,-1000,-1000
2011/01/27,0,3000,-161000,-158000
2011/01/28,0,100000,-55000,45000
2011/01/31,0,0,0,0
2011/02/01,0,0,0,0
2011/02/02,0,0,0,0
2011/02/03,0,0,0,0
2011/02/04,0,0,0,0
2011/02/07,0,0,0,0
2011/02/08,0,2150000,-49000,2101000
2011/02/09,0,0,-414000,-414000
2011/02/10,0,0,-2000,-2000
2011/02/11,0,8000,0,8000
2011/02/14,0,3000,-836000,-833000
2011/02/15,0,1075000,-1863800,-788800
2011/02/16,0,506000,-170000,336000
2011/02/17,0,910000,0,910000
2011/02/18,0,0,0,0
2011/02/21,0,0,-363000,-363000
2011/02/22,0,823000,0,823000
2011/02/23,0,45000,0,45000
2011/02/24,0,3000,-278000,-275000
2011/02/25,0,2000,-18000,-16000
2011/02/28,0,0,0,0
2011/03/01,0,0,-300000,-300000
2011/03/02,0,463000,0,463000
2011/03/03,0,2124000,-771000,1353000
2011/03/04,0,1100000,-814000,286000
2011/03/07,0,1140000,0,1140000
2011/03/08,0,223000,0,223000
2011/03/09,0,65000,0,65000
2011/03/10,0,0,0,0
2011/03/11,0,660000,0,660000
2011/03/14,0,4000,0,4000
2011/03/15,0,442000,0,442000
2011/03/16,0,480000,0,480000
2011/03/17,0,2472000,0,2472000
2011/03/18,0,525000,0,525000
2011/03/21,0,3045000,0,3045000
2011/03/22,0,1935000,0,1935000
2011/03/23,0,5389000,0,5389000
2011/03/24,0,1005000,-200000,805000
2011/03/25,0,640000,0,640000
2011/03/28,0,4032000,0,4032000
2011/03/29,0,2944000,0,2944000
2011/03/30,0,1350000,-41000,1309000
2011/03/31,0,484000,-232000,252000
2011/04/01,0,250000,0,250000
2011/04/04,0,0,0,0
2011/04/05,0,0,0,0
2011/04/06,0,3379000,-204000,3175000
2011/04/07,0,1166000,-1726000,-560000
2011/04/08,0,4811000,-500000,4311000
2011/04/11,0,721000,0,721000
2011/04/12,0,410000,-1100000,-690000
2011/04/13,0,4017000,-700000,3317000
2011/04/14,0,3837000,-52000,3785000
2011/04/15,0,1346000,-200000,1146000
2011/04/18,0,1754000,-196000,1558000
2011/04/19,0,1331000,-156000,1175000
2011/04/20,0,4774000,0,4774000
2011/04/21,0,436000,-500000,-64000
2011/04/22,0,881000,-257000,624000
2011/04/25,0,160000,-2000,158000
2011/04/26,0,1170000,-202000,968000
2011/04/27,0,4122000,-227674,3894326
2011/04/28,0,1900000,-1351000,549000
2011/04/29,0,847000,-300000,547000
2011/05/02,0,0,0,0
2011/05/03,0,510000,-1068000,-558000
2011/05/04,0,1525000,-282891,1242109
2011/05/05,0,1681000,-400000,1281000
2011/05/06,0,1205000,-923000,282000
2011/05/09,0,2411000,-350000,2061000
2011/05/10,0,1425000,-225000,1200000
2011/05/11,0,3294000,0,3294000
2011/05/12,0,1086000,-146000,940000
2011/05/13,0,3868000,-650000,3218000
2011/05/16,0,3023000,0,3023000
2011/05/17,0,435000,0,435000
2011/05/18,0,206000,-285000,-79000
2011/05/19,0,1037000,-445000,592000
2011/05/20,0,579000,0,579000
2011/05/23,0,54000,-287000,-233000
2011/05/24,0,130000,0,130000
2011/05/25,0,200000,0,200000
2011/05/26,0,1503000,0,1503000
2011/05/27,0,513000,-226000,287000
2011/05/30,0,3107000,-101000,3006000
2011/05/31,0,1086000,0,1086000
2011/06/01,0,511000,-565000,-54000
2011/06/02,0,158000,0,158000
2011/06/03,0,294000,-161000,133000
2011/06/06,0,0,0,0
2011/06/07,0,316000,-431000,-115000
2011/06/08,0,2000,0,2000
2011/06/09,0,300000,-157000,143000
2011/06/10,0,250000,-200000,50000
2011/06/13,0,100000,-291000,-191000
2011/06/14,0,203000,-102000,101000
2011/06/15,0,4890000,-149000,4741000
2011/06/16,0,785000,-705000,80000
2011/06/17,0,384000,-357000,27000
2011/06/20,0,1052000,0,1052000
2011/06/21,0,1455000,-2000,1453000
2011/06/22,0,154000,-227000,-73000
2011/06/23,0,892000,-48000,844000
2011/06/24,0,2721000,0,2721000
2011/06/27,0,1224000,0,1224000
2011/06/28,0,3397000,-742000,2655000
2011/06/29,0,4042000,0,4042000
2011/06/30,0,1943000,-400000,1543000
2011/07/01,0,2229000,-400000,1829000
2011/07/04,0,789000,-1020000,-231000
2011/07/05,0,1198000,-2000,1196000
2011/07/06,0,267000,-178000,89000
2011/07/07,0,33000,-22000,11000
2011/07/08,0,718000,-2000,716000
2011/07/11,0,1310000,-1133000,177000
2011/07/12,0,922000,-599000,323000
2011/07/13,0,1550000,0,1550000
2011/07/14,0,1977000,-150000,1827000
2011/07/15,0,297000,-4000,293000
2011/07/18,0,1094000,-496000,598000
2011/07/19,0,501000,-1103000,-602000
2011/07/20,0,74000,-772000,-698000
2011/07/21,0,581000,-40000,541000
2011/07/22,0,4062000,-116000,3946000
2011/07/25,0,47000,-974000,-927000
2011/07/26,0,517000,-4322000,-3805000
2011/07/27,0,1538000,-7604000,-6066000
2011/07/28,0,1001000,-4342000,-3341000
2011/07/29,0,4577000,-2608000,1969000
2011/08/01,0,812000,-540000,272000
2011/08/02,0,2181000,-139000,2042000
2011/08/03,0,41000,-369000,-328000
2011/08/04,0,614000,-181000,433000
2011/08/05,0,272000,-200000,72000
2011/08/08,0,2183000,-198000,1985000
2011/08/09,0,461000,-220000,241000
2011/08/10,0,2634000,-7000,2627000
2011/08/11,0,2647000,-1445000,1202000
2011/08/12,0,647000,-1393000,-746000
2011/08/15,0,1345000,-95000,1250000
2011/08/16,0,3131000,-104000,3027000
2011/08/17,0,701000,-3000,698000
2011/08/18,0,335000,0,335000
2011/08/19,0,624000,-1619000,-995000
2011/08/22,0,106000,-1903000,-1797000
2011/08/23,0,786000,-852000,-66000
2011/08/24,0,737000,-1719000,-982000
2011/08/25,0,1303000,-6827000,-5524000
2011/08/26,0,642000,-7128000,-6486000
2011/08/29,0,1008000,0,1008000
2011/08/30,0,3940000,-1543000,2397000
2011/08/31,0,1138000,-19000,1119000
2011/09/01,0,1158000,-2345000,-1187000
2011/09/02,0,689000,-2331000,-1642000
2011/09/05,0,300000,-12000,288000
2011/09/06,0,356000,-2821000,-2465000
2011/09/07,0,161000,-4329000,-4168000
2011/09/08,0,1070000,-380000,690000
2011/09/09,0,1292000,0,1292000
2011/09/12,0,0,0,0
2011/09/13,0,85000,-2224192,-2139192
2011/09/14,0,6000,-5249000,-5243000
2011/09/15,0,196000,-1486000,-1290000
2011/09/16,0,291000,-983000,-692000
2011/09/19,0,2157000,-2000,2155000
2011/09/20,0,4000,-3708000,-3704000
2011/09/21,0,854877,-1639000,-784123
2011/09/22,0,836000,-299000,537000
2011/09/23,0,169000,-6345000,-6176000
2011/09/26,0,72000,-2185000,-2113000
2011/09/27,0,3628000,-222000,3406000
2011/09/28,0,2170000,-348000,1822000
2011/09/29,0,5277000,-1499000,3778000
2011/09/30,0,979500,-156000,823500
2011/10/03,0,2155000,-1062000,1093000
2011/10/04,0,994000,-645000,349000
2011/10/05,0,29000,-143000,-114000
2011/10/06,0,2259000,0,2259000
2011/10/07,0,4367000,-250000,4117000
2011/10/10,0,0,0,0
2011/10/11,0,1204000,-130000,1074000
2011/10/12,0,1793000,0,1793000
2011/10/13,0,420000,-1287000,-867000
2011/10/14,0,3000,-4498720,-4495720
2011/10/17,0,0,-553949,-553949
2011/10/18,0,3000,-186103,-183103
2011/10/19,0,0,-59000,-59000
2011/10/20,0,600000,-20000,580000
2011/10/21,0,0,-740000,-740000
2011/10/24,0,552000,-10000,542000
2011/10/25,0,144000,-258000,-114000
2011/10/26,0,2000,-2452000,-2450000
2011/10/27,0,1692000,-227000,1465000
2011/10/28,0,23000,-1723000,-1700000
2011/10/31,0,0,-2564000,-2564000
2011/11/01,0,717000,-2878000,-2161000
2011/11/02,0,13000,-4955000,-4942000
2011/11/03,0,503000,-3128000,-2625000
2011/11/04,0,0,-1283000,-1283000
2011/11/07,0,230000,-60000,170000
2011/11/08,0,63000,-1851000,-1788000
2011/11/09,0,993000,-50000,943000
2011/11/10,0,32000,-2125000,-2093000
2011/11/11,0,280000,-887000,-607000
2011/11/14,0,607513,-8000,599513
2011/11/15,0,300000,-46000,254000
2011/11/16,0,0,-453000,-453000
2011/11/17,0,97000,-2523000,-2426000
2011/11/18,0,5000,-5017000,-5012000
2011/11/21,0,10000,-2041000,-2031000
2011/11/22,0,628000,-1184000,-556000
2011/11/23,0,267000,-500000,-233000
2011/11/24,0,11000,0,11000
2011/11/25,0,313000,-1770634,-1457634
2011/11/28,0,163000,-1000000,-837000
2011/11/29,0,211000,-120000,91000
2011/11/30,0,65000,-648000,-583000
2011/12/01,0,1689000,-1419000,270000
2011/12/02,0,438000,-400748,37252
2011/12/05,0,57000,-79000,-22000
2011/12/06,0,120000,-30000,90000
2011/12/07,0,834000,-300000,534000
2011/12/08,0,560000,-200000,360000
2011/12/09,0,290000,-861646,-571646
2011/12/12,0,380000,-899000,-519000
2011/12/13,0,348000,-1295000,-947000
2011/12/14,0,37000,-320000,-283000
2011/12/15,0,365000,-441000,-76000
2011/12/16,0,433000,-51500,381500
2011/12/19,0,24000,-3110000,-3086000
2011/12/20,0,65000,-49000,16000
2011/12/21,0,458000,-865000,-407000
2011/12/22,0,147000,-167000,-20000
2011/12/23,0,65000,-1087000,-1022000
2011/12/26,0,0,0,0
2011/12/27,0,13000,-282000,-269000
2011/12/28,0,1549000,-91000,1458000
2011/12/29,0,0,-1332000,-1332000
2011/12/30,0,1000000,-311000,689000
2012/01/02,0,174000,-655000,-481000
2012/01/03,0,480000,-521000,-41000
2012/01/04,0,0,-805000,-805000
2012/01/05,0,0,-3616028,-3616028
2012/01/06,0,0,-2865000,-2865000
2012/01/09,0,0,-6989000,-6989000
2012/01/10,0,0,-2124000,-2124000
2012/01/11,0,510000,-308000,202000
2012/01/12,0,0,-1945000,-1945000
2012/01/13,0,0,-668000,-668000
2012/01/16,0,0,-2308000,-2308000
2012/01/17,0,0,-1622000,-1622000
2012/01/18,0,0,-2001000,-2001000
2012/01/19,0,0,0,0
2012/01/20,0,0,0,0
2012/01/23,0,0,0,0
2012/01/24,0,0,0,0
2012/01/25,0,0,0,0
2012/01/26,0,0,0,0
2012/01/27,0,0,0,0
2012/01/30,0,100000,-1697000,-1597000
2012/01/31,0,1324000,-184000,1140000
2012/02/01,0,1500000,-395000,1105000
2012/02/02,0,0,-1031000,-1031000
2012/02/03,0,361000,-1392000,-1031000
2012/02/06,0,0,-552000,-552000
2012/02/07,0,0,-37000,-37000
2012/02/08,0,0,-2183000,-2183000
2012/02/09,0,248000,-1803502,-1555502
2012/02/10,0,555000,-115000,440000
2012/02/13,0,100000,0,100000
2012/02/14,0,298000,-920000,-622000
2012/02/15,0,0,-398000,-398000
2012/02/16,0,2000,-3019000,-3017000
2012/02/17,0,531000,-901000,-370000
2012/02/20,0,1592000,-5000,1587000
2012/02/21,0,250000,-300000,-50000
2012/02/22,0,0,-480000,-480000
2012/02/23,0,0,-5000,-5000
2012/02/24,0,440000,-21000,419000
2012/02/27,0,0,0,0
2012/02/28,0,0,0,0
2012/02/29,0,0,-263000,-263000
2012/03/01,0,0,-224000,-224000
2012/03/02,0,0,-899000,-899000
2012/03/05,0,0,-223000,-223000
2012/03/06,0,300000,-1104000,-804000
2012/03/07,0,0,-15000,-15000
2012/03/08,0,221669,-9000,212669
2012/03/09,0,20000,-67000,-47000
2012/03/12,0,550000,-28000,522000
2012/03/13,0,150000,-24000,126000
2012/03/14,0,15000,0,15000
2012/03/15,0,5000,-33000,-28000
2012/03/16,0,755000,-150000,605000
2012/03/19,0,0,-36000,-36000
2012/03/20,0,0,-29000,-29000
2012/03/21,0,0,-800000,-800000
2012/03/22,0,0,-1000000,-1000000
2012/03/23,0,0,-75000,-75000
2012/03/26,0,0,-333000,-333000
2012/03/27,0,0,-445000,-445000
2012/03/28,0,0,-40000,-40000
2012/03/29,0,0,-61000,-61000
2012/03/30,0,37000,-523000,-486000
2012/04/02,0,0,-1000,-1000
2012/04/03,0,0,-71206,-71206
2012/04/04,0,0,0,0
2012/04/05,0,1430000,-3439,1426561
2012/04/06,0,660000,-1000,659000
2012/04/09,0,433000,-7000,426000
2012/04/10,0,130000,-228000,-98000
2012/04/11,0,500000,0,500000
2012/04/12,0,200000,-1000,199000
2012/04/13,0,10000,0,10000
2012/04/16,0,200000,-3000,197000
2012/04/17,0,0,0,0
2012/04/18,0,0,0,0
2012/04/19,0,0,0,0
2012/04/20,0,10000,0,10000
2012/04/23,0,3000,0,3000
2012/04/24,0,69000,0,69000
2012/04/25,0,200000,0,200000
2012/04/26,0,0,-1500000,-1500000
2012/04/27,0,0,-2113000,-2113000
2012/04/30,0,82000,-203000,-121000
2012/05/01,0,0,0,0
2012/05/02,0,41000,-200000,-159000
2012/05/03,0,13159,0,13159
2012/05/04,0,10000,-12000,-2000
2012/05/07,0,0,0,0
2012/05/08,0,0,-420000,-420000
2012/05/09,0,0,-30000,-30000
2012/05/10,0,0,-581000,-581000
2012/05/11,0,11000,0,11000
2012/05/14,0,338000,-816000,-478000
2012/05/15,0,30000,0,30000
2012/05/16,0,36000,0,36000
2012/05/17,0,41000,-13000,28000
2012/05/18,0,521000,-160000,361000
2012/05/21,0,8000,0,8000
2012/05/22,0,0,0,0
2012/05/23,0,0,-441000,-441000
2012/05/24,0,120000,0,120000
2012/05/25,0,100000,0,100000
2012/05/28,0,1000,0,1000
2012/05/29,0,3372000,-10000,3362000
2012/05/30,0,1944000,-90612,1853388
2012/05/31,0,1271000,-36000,1235000
2012/06/01,0,9000,0,9000
2012/06/04,0,33000,0,33000
2012/06/05,0,156000,-237000,-81000
2012/06/06,0,300000,-87000,213000
2012/06/07,0,254000,0,254000
2012/06/08,0,65000,0,65000
2012/06/11,0,330000,0,330000
2012/06/12,0,69000,0,69000
2012/06/13,0,32000,-4000,28000
2012/06/14,0,51000,-76000,-25000
2012/06/15,0,0,-194000,-194000
2012/06/18,0,120000,-1000,119000
2012/06/19,0,70000,-1664,68336
2012/06/20,0,414000,0,414000
2012/06/21,0,69000,-72000,-3000
2012/06/22,0,0,0,0
2012/06/25,0,0,0,0
2012/06/26,0,758794,-59000,699794
2012/06/27,0,0,0,0
2012/06/28,0,300000,-758000,-458000
2012/06/29,0,0,-646000,-646000
2012/07/02,0,189000,-1510000,-1321000
2012/07/03,0,1214000,-1650000,-436000
2012/07/04,0,0,-193000,-193000
2012/07/05,0,5000,-482000,-477000
2012/07/06,0,85000,-13000,72000
2012/07/09,0,0,0,0
2012/07/10,0,1000,-1400000,-1399000
2012/07/11,0,1000,-1346000,-1345000
2012/07/12,0,0,-528000,-528000
2012/07/13,0,0,-3519000,-3519000
2012/07/16,0,0,-263000,-263000
2012/07/17,0,300000,-726000,-426000
2012/07/18,0,0,0,0
2012/07/19,0,1000,-150000,-149000
2012/07/20,0,0,-95008,-95008
2012/07/23,0,0,-279000,-279000
2012/07/24,0,0,-1710745,-1710745
2012/07/25,0,0,-360000,-360000
2012/07/26,0,20000,-980000,-960000
2012/07/27,0,0,0,0
2012/07/30,0,0,0,0
2012/07/31,0,0,-30000,-30000
2012/08/01,0,2000,0,2000
2012/08/02,0,0,0,0
2012/08/03,0,300000,0,300000
2012/08/06,0,306000,0,306000
2012/08/07,0,32000,-82000,-50000
2012/08/08,0,147000,-647000,-500000
2012/08/09,0,77000,-10000,67000
2012/08/10,0,254500,-155000,99500
2012/08/13,0,0,-5000,-5000
2012/08/14,0,0,-395000,-395000
2012/08/15,0,108000,-630000,-522000
2012/08/16,0,0,-1217000,-1217000
2012/08/17,0,25000,-2057822,-2032822
2012/08/20,0,9500,-1166000,-1156500
2012/08/21,0,0,-249000,-249000
2012/08/22,0,0,-151000,-151000
2012/08/23,0,4500,-33000,-28500
2012/08/24,0,0,0,0
2012/08/27,0,2000,-2000,0
2012/08/28,0,1000,-1000,0
2012/08/29,0,0,-357000,-357000
2012/08/30,0,0,-450000,-450000
2012/08/31,0,163000,-216000,-53000
2012/09/03,0,0,-102000,-102000
2012/09/04,0,1505000,-99000,1406000
2012/09/05,0,2010000,-3000,2007000
2012/09/06,0,234000,0,234000
2012/09/07,0,3561500,-1000,3560500
2012/09/10,0,9386000,0,9386000
2012/09/11,0,475000,0,475000
2012/09/12,0,1112000,0,1112000
2012/09/13,0,3500,0,3500
2012/09/14,0,2520000,-50000,2470000
2012/09/17,0,182000,0,182000
2012/09/18,0,0,-137000,-137000
2012/09/19,0,102000,-52000,50000
2012/09/20,0,2706000,-752000,1954000
2012/09/21,0,976000,-73000,903000
2012/09/24,0,129000,-332000,-203000
2012/09/25,0,883000,-700000,183000
2012/09/26,0,120000,-19000,101000
2012/09/27,0,40000,0,40000
2012/09/28,0,82000,-283000,-201000
2012/10/01,0,387000,0,387000
2012/10/02,0,89000,-150000,-61000
2012/10/03,0,50000,0,50000
2012/10/04,0,1060000,-100000,960000
2012/10/05,0,474000,0,474000
2012/10/08,0,1652000,-17000,1635000
2012/10/09,0,1060000,-80000,980000
2012/10/10,0,0,0,0
2012/10/11,0,0,0,0
2012/10/12,0,30000,-4000,26000
2012/10/15,0,556000,0,556000
2012/10/16,0,2205000,-35000,2170000
2012/10/17,0,183000,-35000,148000
2012/10/18,0,1153000,-57000,1096000
2012/10/19,0,4528000,-30000,4498000
2012/10/22,0,2466000,-60000,2406000
2012/10/23,0,818000,-32000,786000
2012/10/24,0,1217000,0,1217000
2012/10/25,0,1122000,-253000,869000
2012/10/26,0,551000,-1442000,-891000
2012/10/29,0,535136,0,535136
2012/10/30,0,1294000,0,1294000
2012/10/31,0,656000,-6000,650000
2012/11/01,0,333000,0,333000
2012/11/02,0,406000,-22000,384000
2012/11/05,0,4081000,-2000,4079000
2012/11/06,0,2300000,0,2300000
2012/11/07,0,2330000,0,2330000
2012/11/08,0,140000,-104000,36000
2012/11/09,0,176000,-2188000,-2012000
2012/11/12,0,150000,-241000,-91000
2012/11/13,0,561000,-39000,522000
2012/11/14,0,110000,-1684000,-1574000
2012/11/15,0,110000,-1295000,-1185000
2012/11/16,0,11000,-185000,-174000
2012/11/19,0,230000,-1368000,-1138000
2012/11/20,0,10000,-1824000,-1814000
2012/11/21,0,609000,0,609000
2012/11/22,0,608000,-3129000,-2521000
2012/11/23,0,0,-4710000,-4710000
2012/11/26,0,851000,-2042000,-1191000
2012/11/27,0,180000,-2752000,-2572000
2012/11/28,0,73000,-6094000,-6021000
2012/11/29,0,176000,-2598000,-2422000
2012/11/30,0,210000,-355000,-145000
2012/12/03,0,0,-347714,-347714
2012/12/04,0,150000,-780000,-630000
2012/12/05,0,0,-522000,-522000
2012/12/06,0,402000,-196000,206000
2012/12/07,0,1207000,0,1207000
2012/12/10,0,1734000,-35000,1699000
2012/12/11,0,342000,0,342000
2012/12/12,0,360000,-275000,85000
2012/12/13,0,0,-5000,-5000
2012/12/14,0,121000,-3000,118000
2012/12/17,0,200000,-225000,-25000
2012/12/18,0,30000,-927000,-897000
2012/12/19,0,0,-400000,-400000
2012/12/20,0,509000,0,509000
2012/12/21,0,234000,-239500,-5500
2012/12/24,0,20000,-224000,-204000
2012/12/25,0,412000,-101000,311000
2012/12/26,0,630000,-200000,430000
2012/12/27,0,230000,0,230000
2012/12/28,0,721000,-274000,447000
2012/12/31,0,0,0,0
2013/01/01,0,0,0,0
2013/01/02,0,276000,-700000,-424000
2013/01/03,0,35000,-178000,-143000
2013/01/04,0,136000,-309000,-173000
2013/01/07,0,250000,-68000,182000
2013/01/08,0,233000,-357000,-124000
2013/01/09,0,879000,-144000,735000
2013/01/10,0,514000,0,514000
2013/01/11,0,393000,-4000,389000
2013/01/14,0,818000,-910000,-92000
2013/01/15,0,45000,-784000,-739000
2013/01/16,0,238000,-379000,-141000
2013/01/17,0,92831,-505000,-412169
2013/01/18,0,276000,-1571000,-1295000
2013/01/21,0,150000,-1024000,-874000
2013/01/22,0,40000,-330000,-290000
2013/01/23,0,50000,-891000,-841000
2013/01/24,0,61000,-13000,48000
2013/01/25,0,1000,-6000,-5000
2013/01/28,0,549000,0,549000
2013/01/29,0,171000,-1000,170000
2013/01/30,0,400000,-1234000,-834000
2013/01/31,0,289000,-4000,285000
2013/02/01,0,30000,-26000,4000
2013/02/04,0,50000,-75000,-25000
2013/02/05,0,147000,-179000,-32000
2013/02/06,0,1000,-134000,-133000
2013/02/07,0,0,0,0
2013/02/08,0,0,0,0
2013/02/11,0,0,0,0
2013/02/12,0,0,0,0
2013/02/13,0,0,0,0
2013/02/14,0,0,0,0
2013/02/15,0,0,0,0
2013/02/18,0,193000,-334000,-141000
2013/02/19,0,100000,-141000,-41000
2013/02/20,0,281000,-1592000,-1311000
2013/02/21,0,238000,-4054000,-3816000
2013/02/22,0,329000,-2976184,-2647184
2013/02/25,0,0,-388000,-388000
2013/02/26,0,0,-715000,-715000
2013/02/27,0,0,-800000,-800000
2013/02/28,0,0,0,0
2013/03/01,0,114000,-271000,-157000
2013/03/04,0,0,-2063000,-2063000
2013/03/05,0,472000,-264000,208000
2013/03/06,0,220000,-3000,217000
2013/03/07,0,263000,0,263000
2013/03/08,0,100000,-87000,13000
2013/03/11,0,0,-117000,-117000
2013/03/12,0,0,-5000,-5000
2013/03/13,0,5000,-4000,1000
2013/03/14,0,0,-460320,-460320
2013/03/15,0,201000,-1592000,-1391000
2013/03/18,0,386000,-75000,311000
2013/03/19,0,350000,-500000,-150000
2013/03/20,0,101000,-2000,99000
2013/03/21,0,200000,0,200000
2013/03/22,0,100000,-4000,96000
2013/03/25,0,0,-50000,-50000
2013/03/26,0,0,-466000,-466000
2013/03/27,0,0,-32000,-32000
2013/03/28,0,40000,0,40000
2013/03/29,0,368000,0,368000
2013/04/01,0,0,-3000,-3000
2013/04/02,0,305000,-5000,300000
2013/04/03,0,196000,0,196000
2013/04/04,0,0,0,0
2013/04/05,0,0,0,0
2013/04/08,0,0,-55000,-55000
2013/04/09,0,174000,-5000,169000
2013/04/10,0,1823000,0,1823000
2013/04/11,0,454000,-80000,374000
2013/04/12,0,321000,-81000,240000
2013/04/15,0,672000,-3000,669000
2013/04/16,0,533000,-30000,503000
2013/04/17,0,593000,-25000,568000
2013/04/18,0,0,0,0
2013/04/19,0,575483,0,575483
2013/04/22,0,2276000,-9000,2267000
2013/04/23,0,66000,-231000,-165000
2013/04/24,0,420000,-425000,-5000
2013/04/25,0,0,-6000,-6000
2013/04/26,0,20000,-207000,-187000
2013/04/29,0,1000,-198000,-197000
2013/04/30,0,0,-31000,-31000
2013/05/01,0,0,0,0
2013/05/02,0,0,-3000,-3000
2013/05/03,0,88000,-2244000,-2156000
2013/05/06,0,0,-7000,-7000
2013/05/07,0,0,-334000,-334000
2013/05/08,0,170000,-140000,30000
2013/05/09,0,0,-605000,-605000
2013/05/10,0,0,-100000,-100000
2013/05/13,0,0,-11000,-11000
2013/05/14,0,350000,-2000,348000
2013/05/15,0,0,-1000,-1000
2013/05/16,0,369000,0,369000
2013/05/17,0,0,-3000,-3000
2013/05/20,0,0,-557000,-557000
2013/05/21,0,0,-231000,-231000
2013/05/22,0,0,-141000,-141000
2013/05/23,0,0,-2000,-2000
2013/05/24,0,0,-408000,-408000
2013/05/27,0,0,-3000,-3000
2013/05/28,0,0,-411000,-411000
2013/05/29,0,0,-159000,-159000
2013/05/30,0,3000,-350000,-347000
2013/05/31,0,12000,-247000,-235000
2013/06/03,0,0,-676000,-676000
2013/06/04,0,1000,-2136000,-2135000
2013/06/05,0,0,-1645000,-1645000
2013/06/06,0,0,-620000,-620000
2013/06/07,0,0,-146000,-146000
2013/06/10,0,0,-790000,-790000
2013/06/11,0,177000,-708000,-531000
2013/06/12,0,0,0,0
2013/06/13,0,0,-212000,-212000
2013/06/14,0,0,0,0
2013/06/17,0,250000,-100000,150000
2013/06/18,0,0,-1023000,-1023000
2013/06/19,0,0,-632000,-632000
2013/06/20,0,0,-637000,-637000
2013/06/21,0,12000,-2092000,-2080000
2013/06/24,0,16000,-752000,-736000
2013/06/25,0,0,-1415180,-1415180
2013/06/26,0,0,-118000,-118000
2013/06/27,0,0,-813000,-813000
2013/06/28,0,1000,-760000,-759000
2013/07/01,0,0,-152000,-152000
2013/07/02,0,0,-1652000,-1652000
2013/07/03,0,0,-1001000,-1001000
2013/07/04,0,104000,-255000,-151000
2013/07/05,0,0,-486000,-486000
2013/07/08,0,0,-92000,-92000
2013/07/09,0,0,-113000,-113000
2013/07/10,0,200000,0,200000
2013/07/11,0,30000,-39812,-9812
2013/07/12,0,0,-12000,-12000
2013/07/15,0,0,-86000,-86000
2013/07/16,0,0,-472000,-472000
2013/07/17,0,0,0,0
2013/07/18,0,536000,-104000,432000
2013/07/19,0,470000,0,470000
2013/07/22,0,0,-230000,-230000
2013/07/23,0,191000,-168000,23000
2013/07/24,0,585000,0,585000
2013/07/25,0,351000,0,351000
2013/07/26,0,0,0,0
2013/07/29,0,0,0,0
2013/07/30,0,19000,0,19000
2013/07/31,0,344000,0,344000
2013/08/01,0,1082000,-1000,1081000
2013/08/02,0,208000,0,208000
2013/08/05,0,230000,-100000,130000
2013/08/06,0,99000,-178000,-79000
2013/08/07,0,124000,0,124000
2013/08/08,0,0,0,0
2013/08/09,0,87000,0,87000
2013/08/12,0,1022000,0,1022000
2013/08/13,0,368000,0,368000
2013/08/14,0,93000,-264000,-171000
2013/08/15,0,499000,-2000,497000
2013/08/16,0,1353000,-1000,1352000
2013/08/19,0,820000,-5000,815000
2013/08/20,0,1000,0,1000
2013/08/21,0,0,0,0
2013/08/22,0,36000,0,36000
2013/08/23,0,175000,0,175000
2013/08/26,0,414000,0,414000
2013/08/27,0,780000,0,780000
2013/08/28,0,269000,-400000,-131000
2013/08/29,0,270000,0,270000
2013/08/30,0,8000,-128000,-120000
2013/09/02,0,0,0,0
2013/09/03,0,0,-9312,-9312
2013/09/04,0,146000,0,146000
2013/09/05,0,200000,-4000,196000
2013/09/06,0,7000,0,7000
2013/09/09,0,0,-1000,-1000
2013/09/10,0,180000,0,180000
2013/09/11,0,986000,0,986000
2013/09/12,0,103000,0,103000
2013/09/13,0,263000,-3000,260000
2013/09/16,0,933000,0,933000
2013/09/17,0,0,-1000,-1000
2013/09/18,0,50000,-789000,-739000
2013/09/19,0,0,0,0
2013/09/20,0,0,0,0
2013/09/23,0,46000,-289000,-243000
2013/09/24,0,30000,-175000,-145000
2013/09/25,0,0,-265000,-265000
2013/09/26,0,2000,0,2000
2013/09/27,0,0,-5000,-5000
2013/09/30,0,530000,-267000,263000
2013/10/01,0,533000,-445123,87877
2013/10/02,0,3000,0,3000
2013/10/03,0,387000,0,387000
2013/10/04,0,1000,-200000,-199000
2013/10/07,0,160000,0,160000
2013/10/08,0,160000,0,160000
2013/10/09,0,189000,-91000,98000
2013/10/10,0,0,0,0
2013/10/11,0,160000,-26000,134000
2013/10/14,0,160000,-35000,125000
2013/10/15,0,0,-100000,-100000
2013/10/16,0,320000,-30000,290000
2013/10/17,0,44000,-100000,-56000
2013/10/18,0,42000,-871000,-829000
2013/10/21,0,0,-280000,-280000
2013/10/22,0,0,-79000,-79000
2013/10/23,0,0,-200000,-200000
2013/10/24,0,5000,-50000,-45000
2013/10/25,0,0,-250000,-250000
2013/10/28,0,0,-27000,-27000
2013/10/29,0,0,-401000,-401000
2013/10/30,0,0,-261000,-261000
2013/10/31,0,102000,-215000,-113000
2013/11/01,0,0,-469000,-469000
2013/11/04,0,0,-158000,-158000
2013/11/05,0,750000,-531000,219000
2013/11/06,0,0,-306000,-306000
2013/11/07,0,900000,-1254000,-354000
2013/11/08,0,250000,-166000,84000
2013/11/11,0,300000,-553000,-253000
2013/11/12,0,0,0,0
2013/11/13,0,0,-3000,-3000
2013/11/14,0,0,-163000,-163000
2013/11/15,0,406000,-3000,403000
2013/11/18,0,205000,0,205000
2013/11/19,0,130000,0,130000
2013/11/20,0,27000,0,27000
2013/11/21,0,0,-1000,-1000
2013/11/22,0,0,0,0
2013/11/25,0,862684,0,862684
2013/11/26,0,5272000,-1000,5271000
2013/11/27,0,2740000,-442000,2298000
2013/11/28,0,702000,0,702000
2013/11/29,0,0,0,0
2013/12/02,0,405000,0,405000
2013/12/03,0,0,-400000,-400000
2013/12/04,0,0,-16000,-16000
2013/12/05,0,280000,-34000,246000
2013/12/06,0,0,-450000,-450000
2013/12/09,0,0,0,0
2013/12/10,0,0,-900000,-900000
2013/12/11,0,0,-418000,-418000
2013/12/12,0,496000,-1000,495000
2013/12/13,0,30000,0,30000
2013/12/16,0,31000,-494000,-463000
2013/12/17,0,32000,-1039000,-1007000
2013/12/18,0,32000,-15000,17000
2013/12/19,0,363000,0,363000
2013/12/20,0,311000,-405000,-94000
2013/12/23,0,128000,-644000,-516000
2013/12/24,0,50000,-14000,36000
2013/12/25,0,81000,-32000,49000
2013/12/26,0,109000,-19000,90000
2013/12/27,0,9000,0,9000
2013/12/30,0,0,-255000,-255000
2013/12/31,0,0,-54000,-54000
2014/01/02,0,0,-548000,-548000
2014/01/03,0,152000,-1658000,-1506000
2014/01/06,0,0,-1053000,-1053000
2014/01/07,0,0,-139000,-139000
2014/01/08,0,1000,-444000,-443000
2014/01/09,0,0,-426000,-426000
2014/01/10,0,2000,-101000,-99000
2014/01/13,0,0,-225000,-225000
2014/01/14,0,3000,-358000,-355000
2014/01/15,0,0,-137000,-137000
2014/01/16,0,0,0,0
2014/01/17,0,0,-197000,-197000
2014/01/20,0,0,-59000,-59000
2014/01/21,0,847000,-21000,826000
2014/01/22,0,0,-203000,-203000
2014/01/23,0,0,-96000,-96000
2014/01/24,0,0,-25000,-25000
2014/01/27,0,0,-1353000,-1353000
2014/02/05,0,170000,-288000,-118000
2014/02/06,0,100000,0,100000
2014/02/07,0,1909000,-12000,1897000
2014/02/10,0,114000,0,114000
2014/02/11,0,0,-1000,-1000
2014/02/12,0,238000,-268000,-30000
2014/02/13,0,18000,-5639,12361
2014/02/14,0,0,0,0
2014/02/17,0,768000,0,768000
2014/02/18,0,482000,-1000,481000
2014/02/19,0,30000,-549000,-519000
2014/02/20,0,50000,-187000,-137000
2014/02/21,0,35000,-524000,-489000
2014/02/24,0,563000,-5000,558000
2014/02/25,0,73000,0,73000
2014/02/26,0,395000,-100000,295000
2014/02/27,0,0,-1000,-1000
2014/03/03,0,0,-614000,-614000
2014/03/04,0,8000,-600000,-592000
2014/03/05,0,0,-51000,-51000
2014/03/06,0,36000,-403000,-367000
2014/03/07,0,0,-10000,-10000
2014/03/10,0,180000,-11000,169000
2014/03/11,0,0,-139000,-139000
2014/03/12,0,90000,-172000,-82000
2014/03/13,0,0,-72000,-72000
2014/03/14,0,60000,-23000,37000
2014/03/17,0,0,-151000,-151000
2014/03/18,0,0,-417000,-417000
2014/03/19,0,0,0,0
2014/03/20,0,0,-3000,-3000
2014/03/21,0,110000,-619000,-509000
2014/03/24,0,0,0,0
2014/03/25,0,200000,-96000,104000
2014/03/26,0,257000,0,257000
2014/03/27,0,0,0,0
2014/03/28,0,0,-3000,-3000
2014/03/31,0,1195000,0,1195000
2014/04/01,0,328000,-25000,303000
2014/04/02,0,0,-51000,-51000
2014/04/03,0,250000,-89000,161000
2014/04/07,0,0,-359000,-359000
2014/04/08,0,0,-124000,-124000
2014/04/09,0,0,0,0
2014/04/10,0,691859,0,691859
2014/04/11,0,190000,0,190000
2014/04/14,0,100000,-66000,34000
2014/04/15,0,729000,-85000,644000
2014/04/16,0,277000,-1000,276000
2014/04/17,0,0,-2000,-2000
2014/04/18,0,0,-84000,-84000
2014/04/21,0,4000,-2000,2000
2014/04/22,0,26000,-43000,-17000
2014/04/23,0,0,-1000,-1000
2014/04/24,0,0,-140000,-140000
2014/04/25,0,0,0,0
2014/04/28,0,0,0,0
2014/04/29,0,0,-100000,-100000
2014/04/30,0,0,-6000,-6000
2014/05/02,0,0,0,0
2014/05/05,0,0,-31000,-31000
2014/05/06,0,0,-170000,-170000
2014/05/07,0,0,-666000,-666000
2014/05/08,0,0,-607000,-607000
2014/05/09,0,0,-664000,-664000
2014/05/12,0,33000,-174000,-141000
2014/05/13,0,824000,-1356000,-532000
2014/05/14,0,251000,0,251000
2014/05/15,0,500000,-2000,498000
2014/05/16,0,32000,0,32000
2014/05/19,0,33000,-2000,31000
2014/05/20,0,482000,-40000,442000
2014/05/21,0,0,-291000,-291000
2014/05/22,0,0,-200000,-200000
2014/05/23,0,0,0,0
2014/05/26,0,39000,-1000,38000
2014/05/27,0,42000,-92000,-50000
2014/05/28,0,0,-700000,-700000
2014/05/29,0,0,-45000,-45000
2014/05/30,0,0,-5000,-5000
2014/06/03,0,0,0,0
2014/06/04,0,0,-406000,-406000
2014/06/05,0,10000,-520000,-510000
2014/06/06,0,0,-2000,-2000
2014/06/09,0,0,-761000,-761000
2014/06/10,0,0,-439000,-439000
2014/06/11,0,0,-569000,-569000
2014/06/12,0,0,-44000,-44000
2014/06/13,0,0,-386000,-386000
2014/06/16,0,0,-530000,-530000
2014/06/17,0,0,-44000,-44000
2014/06/18,0,2000,-1066000,-1064000
2014/06/19,0,0,-615000,-615000
2014/06/20,0,19000,-514000,-495000
2014/06/23,0,0,-10000,-10000
2014/06/24,0,41000,-292000,-251000
2014/06/25,0,0,-4000,-4000
2014/06/26,0,0,0,0
2014/06/27,0,0,0,0
2014/06/30,0,0,-19000,-19000
2014/07/01,0,100000,0,100000
2014/07/02,0,155000,-4231,150769
2014/07/03,0,65000,-61000,4000
2014/07/04,0,588000,0,588000
2014/07/07,0,514000,-210000,304000
2014/07/08,0,108000,-13000,95000
2014/07/09,0,108000,-20000,88000
2014/07/10,0,367000,0,367000
2014/07/11,0,239000,-10000,229000
2014/07/14,0,109000,-74000,35000
2014/07/15,0,3000,-503000,-500000
2014/07/16,0,154000,0,154000
2014/07/17,0,91000,0,91000
2014/07/18,0,54000,0,54000
2014/07/21,0,5000,0,5000
2014/07/22,0,17000,-50000,-33000
2014/07/23,0,0,0,0
2014/07/24,0,142000,-1850000,-1708000
2014/07/25,0,1425000,-1716000,-291000
2014/07/28,0,340000,0,340000
2014/07/29,0,1438000,0,1438000
2014/07/30,0,507000,-2000,505000
2014/07/31,0,212000,0,212000
2014/08/01,0,422000,0,422000
2014/08/04,0,1023000,-1000,1022000
2014/08/05,0,250000,0,250000
2014/08/06,0,107000,-1731000,-1624000
2014/08/07,0,78000,0,78000
2014/08/08,0,283000,-168000,115000
2014/08/11,0,15000,0,15000
2014/08/12,0,10000,-72000,-62000
2014/08/13,0,90000,0,90000
2014/08/14,0,19000,0,19000
2014/08/15,0,76000,-4000,72000
2014/08/18,0,202000,-389000,-187000
2014/08/19,0,105000,0,105000
2014/08/20,0,1242000,0,1242000
2014/08/21,0,754000,-121000,633000
2014/08/22,0,1977000,-50000,1927000
2014/08/25,0,2000,-420000,-418000
2014/08/26,0,2000,-337000,-335000
2014/08/27,0,2000,-24000,-22000
2014/08/28,0,24000,-40000,-16000
2014/08/29,0,1000,-60000,-59000
2014/09/01,0,0,-85000,-85000
2014/09/02,0,0,0,0
2014/09/03,0,17000,0,17000
2014/09/04,0,296000,0,296000
2014/09/05,0,367000,0,367000
2014/09/09,0,350000,0,350000
2014/09/10,0,0,0,0
2014/09/11,0,27000,0,27000
2014/09/12,0,24000,0,24000
2014/09/15,0,889000,-93000,796000
2014/09/16,0,95000,0,95000
2014/09/17,0,11000,0,11000
2014/09/18,0,0,-244000,-244000
2014/09/19,0,43000,-79000,-36000
2014/09/22,0,20850,-135000,-114150
2014/09/23,0,10000,0,10000
2014/09/24,0,102000,-59000,43000
2014/09/25,0,0,0,0
2014/09/26,0,0,-1000,-1000
2014/09/29,0,0,0,0
2014/09/30,0,330000,-160000,170000
2014/10/01,0,100000,0,100000
2014/10/02,0,0,-1045000,-1045000
2014/10/03,0,0,-33000,-33000
2014/10/06,0,16000,0,16000
2014/10/07,0,3000,-150000,-147000
2014/10/08,0,127000,0,127000
2014/10/09,0,525000,0,525000
2014/10/13,0,35000,0,35000
2014/10/14,0,1000,0,1000
2014/10/15,0,4000,0,4000
2014/10/16,0,262000,-29000,233000
2014/10/17,0,2000,0,2000
2014/10/20,0,0,0,0
2014/10/21,0,3000,0,3000
2014/10/22,0,36000,0,36000
2014/10/23,0,805000,0,805000
2014/10/24,0,0,0,0
2014/10/27,0,0,-1000,-1000
2014/10/28,0,47000,0,47000
2014/10/29,0,20000,0,20000
2014/10/30,0,963000,0,963000
2014/10/31,0,0,-2000,-2000
2014/11/03,0,360000,0,360000
2014/11/04,0,0,0,0
2014/11/05,0,0,0,0
2014/11/06,0,0,-14000,-14000
2014/11/07,0,0,-15000,-15000
2014/11/10,0,22000,0,22000
2014/11/11,0,525000,0,525000
2014/11/12,0,988000,0,988000
2014/11/13,0,0,0,0
2014/11/14,0,0,-530000,-530000
2014/11/17,0,139000,-28000,111000
2014/11/18,0,0,0,0
2014/11/19,0,0,0,0
2014/11/20,0,4000,-100000,-96000
2014/11/21,0,8000,0,8000
2014/11/24,0,400000,0,400000
2014/11/25,0,1000,-1000,0
2014/11/26,0,0,0,0
2014/11/27,0,0,-602000,-602000
2014/11/28,0,220000,-262000,-42000
2014/12/01,0,0,0,0
2014/12/02,0,0,0,0
2014/12/03,0,3000,-465000,-462000
2014/12/04,0,0,0,0
2014/12/05,0,22000,0,22000
2014/12/08,0,0,-2000,-2000
2014/12/09,0,0,0,0
2014/12/10,0,0,-7000,-7000
2014/12/11,0,0,-601573,-601573
2014/12/12,0,135000,-175000,-40000
2014/12/15,0,0,-190000,-190000
2014/12/16,0,22000,-50000,-28000
2014/12/17,0,40000,-380000,-340000
2014/12/18,0,0,-241000,-241000
2014/12/19,0,82000,-361000,-279000
2014/12/22,0,133000,-115000,18000
2014/12/23,0,0,-110000,-110000
2014/12/24,0,529000,-171000,358000
2014/12/25,0,0,-33000,-33000
2014/12/26,0,0,-200000,-200000
2014/12/29,0,0,-6000,-6000
2014/12/30,0,0,-320000,-320000
2014/12/31,0,29000,-2061000,-2032000
2015/01/01,0,0,0,0
2015/01/02,0,0,0,0
2015/01/05,0,0,0,0
2015/01/06,0,0,0,0
2015/01/07,0,80000,-18000,62000
2015/01/08,0,0,-750000,-750000
2015/01/09,0,0,-143000,-143000
2015/01/12,0,0,-1522000,-1522000
2015/01/13,0,201000,-35000,166000
2015/01/14,0,0,-94000,-94000
2015/01/15,0,60000,0,60000
2015/01/16,0,0,0,0
2015/01/19,0,0,-6000,-6000
2015/01/20,0,0,0,0
2015/01/21,0,0,-187000,-187000
2015/01/22,0,0,-87000,-87000
2015/01/23,0,266000,-797000,-531000
2015/01/26,0,40000,-50000,-10000
2015/01/27,0,0,0,0
2015/01/28,0,0,0,0
2015/01/29,0,0,-89000,-89000
2015/01/30,0,0,-5000,-5000
2015/02/02,0,0,-106000,-106000
2015/02/03,0,0,-150000,-150000
2015/02/04,0,31000,0,31000
2015/02/05,0,0,-202000,-202000
2015/02/06,0,0,-100000,-100000
2015/02/09,0,0,-167000,-167000
2015/02/10,0,0,0,0
2015/02/11,0,0,-10000,-10000
2015/02/12,0,0,-58000,-58000
2015/02/13,0,17000,-23000,-6000
2015/02/16,0,0,0,0
2015/02/17,0,0,0,0
2015/02/18,0,0,0,0
2015/02/19,0,0,0,0
2015/02/20,0,0,0,0
2015/02/23,0,0,0,0
2015/02/24,0,0,-420000,-420000
2015/02/25,0,0,-29000,-29000
2015/02/26,0,0,-64000,-64000
2015/02/27,0,0,0,0
2015/03/02,0,0,-73000,-73000
2015/03/03,0,0,-1000,-1000
2015/03/04,0,44000,-18000,26000
2015/03/05,0,0,-6000,-6000
2015/03/06,0,0,0,0
2015/03/09,0,0,-100000,-100000
2015/03/10,0,0,-400000,-400000
2015/03/11,0,0,0,0
2015/03/12,0,373,-306000,-305627
2015/03/13,0,0,0,0
2015/03/16,0,0,-633000,-633000
2015/03/17,0,0,-2000,-2000
2015/03/18,0,0,0,0
2015/03/19,0,0,-53000,-53000
2015/03/20,0,886000,-184000,702000
2015/03/23,0,0,-7000,-7000
2015/03/24,0,0,-168000,-168000
2015/03/25,0,0,-1000,-1000
2015/03/26,0,135000,0,135000
2015/03/27,0,0,0,0
2015/03/30,0,0,0,0
2015/03/31,0,0,-4000,-4000
2015/04/01,0,130000,0,130000
2015/04/02,0,0,0,0
2015/04/03,0,0,0,0
2015/04/06,0,0,0,0
2015/04/07,0,0,0,0
2015/04/08,0,750000,-76000,674000
2015/04/09,0,1531000,0,1531000
2015/04/10,0,20000,-219000,-199000
2015/04/13,0,0,0,0
2015/04/14,0,1500000,-3000,1497000
2015/04/15,0,1503000,0,1503000
2015/04/16,0,0,0,0
2015/04/17,0,1500000,0,1500000
2015/04/20,0,0,-77000,-77000
2015/04/21,0,0,0,0
2015/04/22,0,615000,-58000,557000
2015/04/23,0,0,0,0
2015/04/24,0,46000,-102000,-56000
2015/04/27,0,1973000,-100000,1873000
2015/04/28,0,1500000,-1965000,-465000
2015/04/29,0,0,-652000,-652000
2015/04/30,0,0,-1000,-1000
2015/05/01,0,0,0,0
2015/05/04,0,0,0,0
2015/05/05,0,0,-2000,-2000
2015/05/06,0,0,0,0
2015/05/07,0,0,-60000,-60000
2015/05/08,0,80000,0,80000
2015/05/11,0,1000,-69000,-68000
2015/05/12,0,0,0,0
2015/05/13,0,0,-450000,-450000
2015/05/14,0,1000,0,1000
2015/05/15,0,0,-326000,-326000
2015/05/18,0,0,-130000,-130000
2015/05/19,0,0,-950000,-950000
2015/05/20,0,3000,-2221000,-2218000
2015/05/21,0,0,-74000,-74000
2015/05/22,0,0,-42000,-42000
2015/05/25,0,0,0,0
2015/05/26,0,0,0,0
2015/05/27,0,0,0,0
2015/05/28,0,29000,0,29000
2015/05/29,0,0,-28000,-28000
2015/06/01,0,0,0,0
2015/06/02,0,0,0,0
2015/06/03,0,0,0,0
2015/06/04,0,228,-45000,-44772
2015/06/05,0,0,-398000,-398000
2015/06/08,0,0,0,0
2015/06/09,0,0,0,0
2015/06/10,0,0,-6000,-6000
2015/06/11,0,0,0,0
2015/06/12,0,0,-5000,-5000
2015/06/15,0,0,-681000,-681000
2015/06/16,0,0,0,0
2015/06/17,0,90000,-65000,25000
2015/06/18,0,137000,-8000,129000
2015/06/19,0,0,0,0
2015/06/22,0,0,-21000,-21000
2015/06/23,0,34000,0,34000
2015/06/24,0,0,-29000,-29000
2015/06/25,0,530000,-3000,527000
2015/06/26,0,0,0,0
2015/06/29,0,16000,-1000,15000
2015/06/30,0,785000,0,785000
2015/07/01,0,1045000,0,1045000
2015/07/02,0,7000,0,7000
2015/07/03,0,0,0,0
2015/07/06,0,0,0,0
2015/07/07,0,0,0,0
2015/07/08,0,0,0,0
2015/07/09,0,2000,-8000,-6000
2015/07/10,0,0,0,0
2015/07/13,0,0,-23000,-23000
2015/07/14,0,0,0,0
2015/07/15,0,18000,-900000,-882000
2015/07/16,0,0,-700000,-700000
2015/07/17,0,49000,0,49000
2015/07/20,0,0,0,0
2015/07/21,0,1000,0,1000
2015/07/22,0,0,0,0
2015/07/23,0,27000,0,27000
2015/07/24,0,76000,0,76000
2015/07/27,0,0,-739000,-739000
2015/07/28,0,51000,-115000,-64000
2015/07/29,0,18000,-346000,-328000
2015/07/30,0,32000,-510000,-478000
2015/07/31,0,425000,-351000,74000
2015/08/03,0,647000,-109000,538000
2015/08/04,0,1206000,-109000,1097000
2015/08/05,0,35000,-108000,-73000
2015/08/06,0,2053000,0,2053000
2015/08/07,0,1074000,0,1074000
2015/08/10,0,60000,-3000,57000
2015/08/11,0,2604000,0,2604000
2015/08/12,0,69000,0,69000
2015/08/13,0,483000,0,483000
2015/08/14,0,0,0,0
2015/08/17,0,2000,0,2000
2015/08/18,0,1000,-10000,-9000
2015/08/19,0,885000,0,885000
2015/08/20,0,101000,0,101000
2015/08/21,0,11000,0,11000
2015/08/24,0,130000,-404000,-274000
2015/08/25,0,536074,0,536074
2015/08/26,0,93000,0,93000
2015/08/27,0,201000,0,201000
2015/08/28,0,103000,0,103000
2015/08/31,0,515000,-26000,489000
2015/09/01,0,58000,-28000,30000
2015/09/02,0,157000,0,157000
2015/09/03,0,112000,0,112000
2015/09/04,0,0,-1000,-1000
2015/09/07,0,21000,0,21000
2015/09/08,0,12000,0,12000
2015/09/09,0,71000,0,71000
2015/09/10,0,150000,0,150000
2015/09/11,0,11000,-250000,-239000
2015/09/14,0,6000,0,6000
2015/09/15,0,231000,-305000,-74000
2015/09/16,0,455000,-281000,174000
2015/09/17,0,301000,-340000,-39000
2015/09/18,0,0,-2033000,-2033000
2015/09/21,0,25000,-1000,24000
2015/09/22,0,340,-77000,-76660
2015/09/23,0,0,0,0
2015/09/24,0,0,-500000,-500000
2015/09/25,0,0,-293000,-293000
2015/09/28,0,0,0,0
2015/09/29,0,0,0,0
2015/09/30,0,0,0,0
2015/10/01,0,402000,-228000,174000
2015/10/02,0,25000,0,25000
2015/10/05,0,0,-250000,-250000
2015/10/06,0,322000,0,322000
2015/10/07,0,54000,0,54000
2015/10/08,0,120000,0,120000
2015/10/09,0,0,0,0
2015/10/12,0,0,0,0
2015/10/13,0,50000,0,50000
2015/10/14,0,0,0,0
2015/10/15,0,650000,0,650000
2015/10/16,0,758000,0,758000
2015/10/19,0,610000,0,610000
2015/10/20,0,790000,0,790000
2015/10/21,0,0,0,0
2015/10/22,0,0,0,0
2015/10/23,0,0,-174000,-174000
2015/10/26,0,0,0,0
2015/10/27,0,0,0,0
2015/10/28,0,1000000,0,1000000
2015/10/29,0,0,-1000,-1000
2015/10/30,0,0,-2000,-2000
2015/11/02,0,0,0,0
2015/11/03,0,87000,0,87000
2015/11/04,0,27000,-1000,26000
2015/11/05,0,0,0,0
2015/11/06,0,0,0,0
2015/11/09,0,52000,-55000,-3000
2015/11/10,0,0,-140000,-140000
2015/11/11,0,0,-100000,-100000
2015/11/12,0,0,0,0
2015/11/13,0,750000,-1000,749000
2015/11/16,0,0,0,0
2015/11/17,0,0,0,0
2015/11/18,0,0,-420000,-420000
2015/11/19,0,0,-4642000,-4642000
2015/11/20,0,0,-3000,-3000
2015/11/23,0,0,-3145000,-3145000
2015/11/24,0,0,-500000,-500000
2015/11/25,0,0,0,0
2015/11/26,0,0,-500000,-500000
2015/11/27,0,0,0,0
2015/11/30,0,1000,0,1000
2015/12/01,0,0,0,0
2015/12/02,0,86000,0,86000
2015/12/03,0,0,-330000,-330000
2015/12/04,0,0,-160000,-160000
2015/12/07,0,0,-200000,-200000
2015/12/08,0,0,-400000,-400000
2015/12/09,0,0,0,0
2015/12/10,0,0,0,0
2015/12/11,0,0,-2834000,-2834000
2015/12/14,0,515,-550000,-549485
2015/12/15,0,0,-400000,-400000
2015/12/16,0,48000,-427000,-379000
2015/12/17,0,47000,-80000,-33000
2015/12/18,0,111000,-1620000,-1509000
2015/12/21,0,20000,-160000,-140000
2015/12/22,0,0,0,0
2015/12/23,0,0,-859000,-859000
2015/12/24,0,0,0,0
2015/12/25,0,0,0,0
2015/12/28,0,0,-41000,-41000
2015/12/29,0,0,-52000,-52000
2015/12/30,0,0,0,0
2015/12/31,0,0,-3000000,-3000000
2016/01/01,0,0,0,0
2016/01/04,0,0,0,0
2016/01/05,0,0,-177000,-177000
2016/01/06,0,0,0,0
2016/01/07,0,744000,-552000,192000
2016/01/08,0,0,0,0
2016/01/11,0,0,0,0
2016/01/12,0,83000,-1000,82000
2016/01/13,0,0,-1000,-1000
2016/01/14,0,0,0,0
2016/01/15,0,0,-11000,-11000
2016/01/18,0,0,-385000,-385000
2016/01/19,0,315000,-550000,-235000
2016/01/20,0,82000,-271000,-189000
2016/01/21,0,0,-252000,-252000
2016/01/22,0,245000,0,245000
2016/01/25,0,0,-695000,-695000
2016/01/26,0,0,0,0
2016/01/27,0,0,0,0
2016/01/28,0,98000,0,98000
2016/01/29,0,1000,0,1000
2016/02/01,0,0,-368000,-368000
2016/02/02,0,0,-2367000,-2367000
2016/02/03,0,0,-364000,-364000
2016/02/04,0,0,0,0
2016/02/05,0,0,0,0
2016/02/08,0,0,0,0
2016/02/09,0,0,0,0
2016/02/10,0,0,0,0
2016/02/11,0,0,0,0
2016/02/12,0,0,0,0
2016/02/15,0,0,-366324,-366324
2016/02/16,0,0,-1778000,-1778000
2016/02/17,0,1000,-315000,-314000
2016/02/18,0,12000,0,12000
2016/02/19,0,226000,0,226000
2016/02/22,0,0,0,0
2016/02/23,0,0,0,0
2016/02/24,0,0,-3663000,-3663000
2016/02/25,0,0,0,0
2016/02/26,0,0,0,0
2016/02/29,0,0,0,0
2016/03/01,0,0,0,0
2016/03/02,0,200000,-17169,182831
2016/03/03,0,140000,0,140000
2016/03/04,0,0,0,0
2016/03/07,0,740000,0,740000
2016/03/08,0,2216000,0,2216000
2016/03/09,0,0,-18000,-18000
2016/03/10,0,1430000,0,1430000
2016/03/11,0,0,0,0
2016/03/14,0,0,0,0
2016/03/15,0,0,-226000,-226000
2016/03/16,0,0,0,0
2016/03/17,0,0,0,0
2016/03/18,0,1039000,0,1039000
2016/03/21,0,264000,0,264000
2016/03/22,0,0,0,0
2016/03/23,0,0,0,0
2016/03/24,0,0,0,0
2016/03/25,0,0,0,0
2016/03/28,0,0,0,0
2016/03/29,0,0,-1000,-1000
2016/03/30,0,0,-98000,-98000
2016/03/31,0,0,0,0
2016/04/01,0,0,0,0
2016/04/04,0,0,0,0
2016/04/05,0,0,0,0
2016/04/06,0,0,-140000,-140000
2016/04/07,0,0,0,0
2016/04/08,0,0,-250000,-250000
2016/04/11,0,0,0,0
2016/04/12,0,40000,0,40000
2016/04/13,0,176000,-33000,143000
2016/04/14,0,975000,0,975000
2016/04/15,0,1037000,0,1037000
2016/04/18,0,597000,0,597000
2016/04/19,0,14000,-5000,9000
2016/04/20,0,278000,-10000,268000
2016/04/21,0,0,0,0
2016/04/22,0,237000,0,237000
2016/04/25,0,0,-2000,-2000
2016/04/26,0,0,0,0
2016/04/27,0,0,0,0
2016/04/28,0,200000,-90000,110000
2016/04/29,0,0,-590000,-590000
2016/05/02,0,0,0,0
2016/05/03,0,0,-500000,-500000
2016/05/04,0,0,0,0
2016/05/05,0,250000,-155000,95000
2016/05/06,0,100000,0,100000
2016/05/09,0,0,-294000,-294000
2016/05/10,0,462,0,462
2016/05/11,0,0,0,0
2016/05/12,0,0,0,0
2016/05/13,0,0,0,0
2016/05/16,0,0,-870000,-870000
2016/05/17,0,0,-61000,-61000
2016/05/18,0,0,-464000,-464000
2016/05/19,0,0,-2761000,-2761000
2016/05/20,0,0,-3000,-3000
2016/05/23,0,0,-787000,-787000
2016/05/24,0,277000,0,277000
2016/05/25,0,116000,-65000,51000
2016/05/26,0,236000,-2000,234000
2016/05/27,0,20000,0,20000
2016/05/30,0,0,0,0
2016/05/31,0,240000,-801000,-561000
2016/06/01,0,100000,0,100000
2016/06/02,0,20000,0,20000
2016/06/03,0,9000,-1000,8000
2016/06/06,0,533000,0,533000
2016/06/07,0,0,0,0
2016/06/08,0,0,0,0
2016/06/09,0,0,0,0
2016/06/10,0,0,0,0
2016/06/13,0,9000,0,9000
2016/06/14,0,0,0,0
2016/06/15,0,767000,0,767000
2016/06/16,0,1458000,-13000,1445000
2016/06/17,0,375000,-36000,339000
2016/06/20,0,0,-7000,-7000
2016/06/21,0,200000,0,200000
2016/06/22,0,10000,0,10000
2016/06/23,0,10000,0,10000
2016/06/24,0,2000,-19000,-17000
2016/06/27,0,0,-1000,-1000
2016/06/28,0,36000,0,36000
2016/06/29,0,0,0,0
2016/06/30,0,0,-360000,-360000
2016/07/01,0,0,-380000,-380000
2016/07/04,0,459000,0,459000
2016/07/05,0,175000,-27000,148000
2016/07/06,0,0,-29000,-29000
2016/07/07,0,0,0,0
2016/07/08,0,0,0,0
2016/07/11,0,0,-15000,-15000
2016/07/12,0,0,-15000,-15000
2016/07/13,0,0,-20000,-20000
2016/07/14,0,208000,-11000,197000
2016/07/15,0,339000,-30000,309000
2016/07/18,0,0,0,0
2016/07/19,0,25000,-231000,-206000
2016/07/20,0,29000,-147000,-118000
2016/07/21,0,2000,-27000,-25000
2016/07/22,0,82000,-77000,5000
2016/07/25,0,153000,-20000,133000
2016/07/26,0,50000,-20000,30000
2016/07/27,0,0,-1000,-1000
2016/07/28,0,0,0,0
2016/07/29,0,512,-5000,-4488
2016/08/01,0,0,0,0
2016/08/02,0,0,-4000,-4000
2016/08/03,0,1780000,-3000,1777000
2016/08/04,0,18000,-201000,-183000
2016/08/05,0,0,-1000,-1000
2016/08/08,0,8000,-3000,5000
2016/08/09,0,12000,-1000,11000
2016/08/10,0,0,0,0
2016/08/11,0,1000,-1000,0
2016/08/12,0,22000,-2000,20000
2016/08/15,0,821000,0,821000
2016/08/16,0,0,-3000,-3000
2016/08/17,0,8000,-262000,-254000
2016/08/18,0,0,-74000,-74000
2016/08/19,0,350000,-95000,255000
2016/08/22,0,1157000,0,1157000
2016/08/23,0,1673000,-2000,1671000
2016/08/24,0,227000,-3000,224000
2016/08/25,0,567000,-1000,566000
2016/08/26,0,1000,0,1000
2016/08/29,0,170000,0,170000
2016/08/30,0,137000,-1000,136000
2016/08/31,0,101000,-56000,45000
2016/09/01,0,66000,-499000,-433000
2016/09/02,0,4000,0,4000
2016/09/05,0,800000,-2000,798000
2016/09/06,0,50000,0,50000
2016/09/07,0,1153000,0,1153000
2016/09/08,0,130000,-4000,126000
2016/09/09,0,61000,0,61000
2016/09/12,0,272000,-38000,234000
2016/09/13,0,0,-473000,-473000
2016/09/14,0,43000,-1312000,-1269000
2016/09/15,0,0,0,0
2016/09/16,0,0,0,0
2016/09/19,0,260000,0,260000
2016/09/20,0,0,-1767000,-1767000
2016/09/21,0,120000,0,120000
2016/09/22,0,654000,0,654000
2016/09/23,0,120000,-14000,106000
2016/09/26,0,225000,0,225000
2016/09/27,0,0,0,0
2016/09/28,0,0,0,0
2016/09/29,0,0,0,0
2016/09/30,0,40983,-46000,-5017
2016/10/03,0,0,0,0
2016/10/04,0,0,0,0
2016/10/05,0,0,-166000,-166000
2016/10/06,0,0,0,0
2016/10/07,0,151000,0,151000
2016/10/10,0,0,0,0
2016/10/11,0,160635,0,160635
2016/10/12,0,240000,0,240000
2016/10/13,0,295000,-340000,-45000
2016/10/14,0,300000,0,300000
2016/10/17,0,241000,0,241000
2016/10/18,0,670000,0,670000
2016/10/19,0,1484000,0,1484000
2016/10/20,0,1220000,0,1220000
2016/10/21,0,647000,0,647000
2016/10/24,0,89000,0,89000
2016/10/25,0,189000,-32000,157000
2016/10/26,0,204000,0,204000
2016/10/27,0,384000,0,384000
2016/10/28,0,0,0,0
2016/10/31,0,0,0,0
2016/11/01,0,0,-1000,-1000
2016/11/02,0,55069,-500000,-444931
2016/11/03,0,0,-442000,-442000
2016/11/04,0,0,0,0
2016/11/07,0,442000,-858000,-416000
2016/11/08,0,514000,0,514000
2016/11/09,0,148000,0,148000
2016/11/10,0,646000,0,646000
2016/11/11,0,175000,0,175000
2016/11/14,0,350000,-129000,221000
2016/11/15,0,109000,0,109000
2016/11/16,0,0,-262000,-262000
2016/11/17,0,750000,-130000,620000
2016/11/18,0,460000,-65000,395000
2016/11/21,0,1148000,-240000,908000
2016/11/22,0,442000,-105000,337000
2016/11/23,0,200000,-100000,100000
2016/11/24,0,150000,0,150000
2016/11/25,0,120000,0,120000
2016/11/28,0,0,-110000,-110000
2016/11/29,0,0,-235000,-235000
2016/11/30,0,0,-160000,-160000
2016/12/01,0,100000,-205000,-105000
2016/12/02,0,0,0,0
2016/12/05,0,67000,-55000,12000
2016/12/06,0,100000,-165000,-65000
2016/12/07,0,0,-122000,-122000
2016/12/08,0,0,-70000,-70000
2016/12/09,0,0,-56000,-56000
2016/12/12,0,0,0,0
2016/12/13,0,0,0,0
2016/12/14,0,0,0,0
2016/12/15,0,0,0,0
2016/12/16,0,0,-320000,-320000
2016/12/19,0,0,-410000,-410000
2016/12/20,0,40000,-90000,-50000
2016/12/21,0,0,-539000,-539000
2016/12/22,0,0,-1433000,-1433000
2016/12/23,0,100000,-479000,-379000
2016/12/26,0,0,-1109000,-1109000
2016/12/27,0,0,-100000,-100000
2016/12/28,0,0,-2708000,-2708000
2016/12/29,0,0,-168000,-168000
2016/12/30,0,532000,-400000,132000
2017/01/02,0,0,0,0
2017/01/03,0,0,0,0
2017/01/04,0,325000,-117000,208000
2017/01/05,0,5000,0,5000
2017/01/06,0,6000,-235000,-229000
2017/01/09,0,0,0,0
2017/01/10,0,0,-65000,-65000
2017/01/11,0,0,0,0
2017/01/12,0,234000,0,234000
2017/01/13,0,0,0,0
2017/01/16,0,0,0,0
2017/01/17,0,0,0,0
2017/01/18,0,0,0,0
2017/01/19,0,34000,0,34000
2017/01/20,0,0,0,0
2017/01/23,0,20753,-427000,-406247
2017/01/24,0,4000,-678000,-674000
2017/01/25,0,0,0,0
2017/01/26,0,0,0,0
2017/01/27,0,0,0,0
2017/01/30,0,0,0,0
2017/01/31,0,0,0,0
2017/02/01,0,0,0,0
2017/02/02,0,0,-208000,-208000
2017/02/03,0,23000,-230000,-207000
2017/02/06,0,0,-20000,-20000
2017/02/07,0,0,-372000,-372000
2017/02/08,0,0,-35000,-35000
2017/02/09,0,1000,-835000,-834000
2017/02/10,0,250000,0,250000
2017/02/13,0,0,-232000,-232000
2017/02/14,0,59000,-260000,-201000
2017/02/15,0,0,0,0
2017/02/16,0,0,0,0
2017/02/17,0,1000,-798000,-797000
2017/02/20,0,0,-100000,-100000
2017/02/21,0,300000,0,300000
2017/02/22,0,0,-233000,-233000
2017/02/23,0,1000,-110000,-109000
2017/02/24,0,100000,-275000,-175000
2017/02/27,0,0,0,0
2017/02/28,0,0,0,0
2017/03/01,0,0,-150000,-150000
2017/03/02,0,267000,-200000,67000
2017/03/03,0,1067000,-74000,993000
2017/03/06,0,888000,-20000,868000
2017/03/07,0,50000,0,50000
2017/03/08,0,891000,0,891000
2017/03/09,0,20000,0,20000
2017/03/10,0,20000,-50000,-30000
2017/03/13,0,20000,0,20000
2017/03/14,0,0,-14000,-14000
2017/03/15,0,0,-110000,-110000
2017/03/16,0,147000,-100000,47000
2017/03/17,0,61000,-1000,60000
2017/03/20,0,100000,-3000,97000
2017/03/21,0,2000,-100000,-98000
2017/03/22,0,0,0,0
2017/03/23,0,0,-100000,-100000
2017/03/24,0,1000,-100000,-99000
2017/03/27,0,0,0,0
2017/03/28,0,0,-230000,-230000
2017/03/29,0,146122,-190000,-43878
2017/03/30,0,5251,0,5251
2017/03/31,0,11233,0,11233
2017/04/03,0,0,0,0
2017/04/04,0,0,0,0
2017/04/05,0,3744,-50000,-46256
2017/04/06,0,0,-230000,-230000
2017/04/07,0,2000,0,2000
2017/04/10,0,2000,0,2000
2017/04/11,0,0,0,0
2017/04/12,0,500000,0,500000
2017/04/13,0,0,0,0
2017/04/14,0,0,-58000,-58000
2017/04/17,0,0,-30000,-30000
2017/04/18,0,1000,-240000,-239000
2017/04/19,0,0,0,0
2017/04/20,0,0,0,0
2017/04/21,0,3743,-300000,-296257
2017/04/24,0,200000,-530000,-330000
2017/04/25,0,0,-210040,-210040
2017/04/26,0,3000,-220000,-217000
2017/04/27,0,1000,0,1000
2017/04/28,0,0,-127000,-127000
2017/05/01,0,0,0,0
2017/05/02,0,0,0,0
2017/05/03,0,0,-520000,-520000
2017/05/04,0,28110,-50000,-21890
2017/05/05,0,0,-509191,-509191
2017/05/08,0,0,-235000,-235000
2017/05/09,0,0,-379000,-379000
2017/05/10,0,0,-70000,-70000
2017/05/11,0,0,-46000,-46000
2017/05/12,0,0,-346000,-346000
2017/05/15,0,0,0,0
2017/05/16,0,0,-2000,-2000
2017/05/17,0,0,0,0
2017/05/18,0,0,0,0
2017/05/19,0,26000,-108000,-82000
2017/05/22,0,0,-1000,-1000
2017/05/23,0,0,0,0
2017/05/24,0,0,0,0
2017/05/25,0,0,0,0
2017/05/26,0,60000,0,60000
2017/05/29,0,0,0,0
2017/05/30,0,0,0,0
2017/05/31,0,0,0,0
2017/06/01,0,0,-127000,-127000
2017/06/02,0,150000,0,150000
2017/06/05,0,0,-22000,-22000
2017/06/06,0,150000,-25000,125000
2017/06/07,0,0,0,0
2017/06/08,0,200000,-1202000,-1002000
2017/06/09,0,150000,-522000,-372000
2017/06/12,0,0,0,0
2017/06/13,0,97000,0,97000
2017/06/14,0,0,-2000,-2000
2017/06/15,0,432000,-100000,332000
2017/06/16,0,1002000,-800000,202000
2017/06/19,0,77000,-500000,-423000
2017/06/20,0,0,-237193,-237193
2017/06/21,0,6000,0,6000
2017/06/22,0,62000,0,62000
2017/06/23,0,90000,0,90000
2017/06/26,0,0,-50000,-50000
2017/06/27,0,150000,-31000,119000
2017/06/28,0,0,-4161,-4161
2017/06/29,0,0,0,0
2017/06/30,0,20000,0,20000
2017/07/03,0,0,-205000,-205000
2017/07/04,0,0,-221000,-221000
2017/07/05,0,0,0,0
2017/07/06,0,51000,0,51000
2017/07/07,0,119000,0,119000
2017/07/10,0,0,-39000,-39000
2017/07/11,0,0,-10000,-10000
2017/07/12,0,0,-195248,-195248
2017/07/13,0,1000,-1046000,-1045000
2017/07/14,0,0,-520000,-520000
2017/07/17,0,83,-1000,-917
2017/07/18,0,0,0,0
2017/07/19,0,0,0,0
2017/07/20,0,95000,0,95000
2017/07/21,0,80000,-1000,79000
2017/07/24,0,0,0,0
2017/07/25,0,0,-160000,-160000
2017/07/26,0,0,-4000,-4000
2017/07/27,0,51000,-107000,-56000
2017/07/28,0,118000,0,118000
2017/07/31,0,5000,0,5000
2017/08/01,0,4000,-8000,-4000
2017/08/02,0,5000,0,5000
2017/08/03,0,46000,0,46000
2017/08/04,0,0,0,0
2017/08/07,0,16000,-29000,-13000
2017/08/08,0,9000,0,9000
2017/08/09,0,30000,-189000,-159000
2017/08/10,0,54000,0,54000
2017/08/11,0,2000,-1000,1000
2017/08/14,0,0,-2000,-2000
2017/08/15,0,6000,0,6000
2017/08/16,0,23000,0,23000
2017/08/17,0,160000,-310000,-150000
2017/08/18,0,521000,0,521000
