Date,Open,Buy,Sell,Total
2007/01/02,0,1502000,-1716000,-214000
2007/01/03,0,2704000,-2169000,535000
2007/01/04,0,1017000,-2149000,-1132000
2007/01/05,0,1359000,-3595000,-2236000
2007/01/08,0,84000,-1762901,-1678901
2007/01/09,0,3763000,-2472400,1290600
2007/01/10,0,2263000,-5190430,-2927430
2007/01/11,0,6429000,-3152230,3276770
2007/01/12,0,5606000,-2616000,2990000
2007/01/15,0,1312000,-1307000,5000
2007/01/16,0,3813000,-1785000,2028000
2007/01/17,0,6905000,-3894000,3011000
2007/01/18,0,13106000,-8549000,4557000
2007/01/19,0,1893000,-1323000,570000
2007/01/22,0,2322000,-1819000,503000
2007/01/23,0,3102000,-2187000,915000
2007/01/24,0,3436000,-12059000,-8623000
2007/01/25,0,6339000,-9243558,-2904558
2007/01/26,0,513000,-5497000,-4984000
2007/01/29,0,1718000,-6707080,-4989080
2007/01/30,0,1886000,-4288263,-2402263
2007/01/31,0,1360000,-1377880,-17880
2007/02/01,0,656000,-1369000,-713000
2007/02/02,0,820000,-2868000,-2048000
2007/02/05,0,4244000,-7799000,-3555000
2007/02/06,0,2482000,-1840000,642000
2007/02/07,0,7938778,-4415000,3523778
2007/02/08,0,1746372,-2320000,-573628
2007/02/09,0,2834000,-693000,2141000
2007/02/12,0,1853000,-1732000,121000
2007/02/13,0,1017000,-2629150,-1612150
2007/02/14,0,2155000,-2285744,-130744
2007/02/15,0,0,0,0
2007/02/16,0,0,0,0
2007/02/19,0,0,0,0
2007/02/20,0,0,0,0
2007/02/21,0,0,0,0
2007/02/22,0,0,0,0
2007/02/23,0,0,0,0
2007/02/26,0,10133000,-7291965,2841035
2007/02/27,0,3718960,-4442000,-723040
2007/02/28,0,0,0,0
2007/03/01,0,1362000,-4199000,-2837000
2007/03/02,0,3679000,-3880000,-201000
2007/03/05,0,3160000,-2491000,669000
2007/03/06,0,4849000,-6285600,-1436600
2007/03/07,0,4295000,-4480104,-185104
2007/03/08,0,6068000,-7312040,-1244040
2007/03/09,0,3599000,-4043440,-444440
2007/03/12,0,347000,-1052000,-705000
2007/03/13,0,1464000,-1241000,223000
2007/03/14,0,228000,-2401920,-2173920
2007/03/15,0,2066000,-1157000,909000
2007/03/16,0,1239000,-1308000,-69000
2007/03/19,0,792000,-2064000,-1272000
2007/03/20,0,496000,-946000,-450000
2007/03/21,0,634000,-603000,31000
2007/03/22,0,3730000,-1762000,1968000
2007/03/23,0,2653000,-2094000,559000
2007/03/26,0,1787000,-3266360,-1479360
2007/03/27,0,2014000,-4911720,-2897720
2007/03/28,0,83000,-1407000,-1324000
2007/03/29,0,1448000,-2167000,-719000
2007/03/30,0,1090000,-1501000,-411000
2007/04/02,0,1225000,-1448000,-223000
2007/04/03,0,265000,-2119280,-1854280
2007/04/04,0,1924000,-3854005,-1930005
2007/04/05,0,0,0,0
2007/04/06,0,0,0,0
2007/04/09,0,1272000,-337000,935000
2007/04/10,0,1174000,-3679325,-2505325
2007/04/11,0,2393000,-413000,1980000
2007/04/12,0,2236000,-460000,1776000
2007/04/13,0,588000,-787000,-199000
2007/04/16,0,6967000,-2629000,4338000
2007/04/17,0,10961000,-5737838,5223162
2007/04/18,0,699000,-1118000,-419000
2007/04/19,0,5727530,-5896000,-168470
2007/04/20,0,2394000,-4011000,-1617000
2007/04/23,0,1300000,-3614211,-2314211
2007/04/24,0,2656000,-1343000,1313000
2007/04/25,0,1351000,-7684000,-6333000
2007/04/26,0,2729000,-9168000,-6439000
2007/04/27,0,2748000,-2851370,-103370
2007/04/30,0,254000,-1406800,-1152800
2007/05/01,0,0,0,0
2007/05/02,0,444000,-878000,-434000
2007/05/03,0,229200,-1076000,-846800
2007/05/04,0,1051000,-1878000,-827000
2007/05/07,0,888000,-655000,233000
2007/05/08,0,3389000,-1833000,1556000
2007/05/09,0,597000,-1644710,-1047710
2007/05/10,0,5919000,-3163000,2756000
2007/05/11,0,760000,-467000,293000
2007/05/14,0,1604000,-520000,1084000
2007/05/15,0,1847000,-452000,1395000
2007/05/16,0,117000,-94000,23000
2007/05/17,0,969000,-991000,-22000
2007/05/18,0,342000,-1257000,-915000
2007/05/21,0,1522000,-1315920,206080
2007/05/22,0,6411000,-1169000,5242000
2007/05/23,0,839000,-1446080,-607080
2007/05/24,0,2325000,-253000,2072000
2007/05/25,0,2282000,-841000,1441000
2007/05/28,0,1022000,-153000,869000
2007/05/29,0,861000,-135000,726000
2007/05/30,0,787000,-525000,262000
2007/05/31,0,5812500,-2799800,3012700
2007/06/01,0,3536000,-1623000,1913000
2007/06/04,0,2267000,-390000,1877000
2007/06/05,0,3425000,-3615000,-190000
2007/06/06,0,1587938,-1075938,512000
2007/06/07,0,1648000,-2176000,-528000
2007/06/08,0,3299000,-3382000,-83000
2007/06/11,0,6988000,-3605960,3382040
2007/06/12,0,7253000,-3071000,4182000
2007/06/13,0,3808000,-1737000,2071000
2007/06/14,0,1933000,-1323000,610000
2007/06/15,0,15569000,-1437000,14132000
2007/06/18,0,0,0,0
2007/06/19,0,0,0,0
2007/06/20,0,7870000,-675000,7195000
2007/06/21,0,10557500,-3523960,7033540
2007/06/22,0,2610000,-1156000,1454000
2007/06/25,0,3204000,-2026000,1178000
2007/06/26,0,5749000,-2400000,3349000
2007/06/27,0,1278000,-4075160,-2797160
2007/06/28,0,5975000,-3950000,2025000
2007/06/29,0,5081000,-1094800,3986200
2007/07/02,0,4412000,-2936000,1476000
2007/07/03,0,2397000,-3026000,-629000
2007/07/04,0,2294000,-2619000,-325000
2007/07/05,0,3344000,-10086000,-6742000
2007/07/06,0,4921000,-15285000,-10364000
2007/07/09,0,2911000,-7220000,-4309000
2007/07/10,0,5240000,-3706000,1534000
2007/07/11,0,458000,-2608000,-2150000
2007/07/12,0,4429000,-1239000,3190000
2007/07/13,0,3561000,-1320000,2241000
2007/07/16,0,2213270,-2718000,-504730
2007/07/17,0,2406000,-1625000,781000
2007/07/18,0,792000,-1555000,-763000
2007/07/19,0,3529000,-2324000,1205000
2007/07/20,0,575000,-3074000,-2499000
2007/07/23,0,1955000,-2193500,-238500
2007/07/24,0,6622000,-3920500,2701500
2007/07/25,0,6978000,-3017000,3961000
2007/07/26,0,2836000,-2708000,128000
2007/07/27,0,7918000,-12074000,-4156000
2007/07/30,0,6549000,-7615000,-1066000
2007/07/31,0,2794900,-8747000,-5952100
2007/08/01,0,2970000,-13869000,-10899000
2007/08/02,0,4436000,-9495900,-5059900
2007/08/03,0,2351000,-9913000,-7562000
2007/08/06,0,972000,-9848000,-8876000
2007/08/07,0,8111000,-9802000,-1691000
2007/08/08,0,1601000,-2920000,-1319000
2007/08/09,0,5600000,-2638000,2962000
2007/08/10,0,4972000,-4185000,787000
2007/08/13,0,9729000,-8535000,1194000
2007/08/14,0,676000,-1185000,-509000
2007/08/15,0,3046000,-3107000,-61000
2007/08/16,0,9088000,-14983000,-5895000
2007/08/17,0,2943000,-5695000,-2752000
2007/08/20,0,821000,-1072700,-251700
2007/08/21,0,1241000,-2407130,-1166130
2007/08/22,0,3136000,-2319170,816830
2007/08/23,0,4066000,-1177000,2889000
2007/08/24,0,3316000,-428000,2888000
2007/08/27,0,4274000,-560000,3714000
2007/08/28,0,2069000,-1695560,373440
2007/08/29,0,632520,-1288000,-655480
2007/08/30,0,3188000,-3115000,73000
2007/08/31,0,8172000,-2204000,5968000
2007/09/03,0,1061000,-1541000,-480000
2007/09/04,0,2932000,-5264000,-2332000
2007/09/05,0,1627000,-2056440,-429440
2007/09/06,0,4993000,-3149000,1844000
2007/09/07,0,588000,-2526000,-1938000
2007/09/10,0,1718000,-3327000,-1609000
2007/09/11,0,547000,-2187000,-1640000
2007/09/12,0,103000,-590000,-487000
2007/09/13,0,785000,-3510000,-2725000
2007/09/14,0,3818000,-1543920,2274080
2007/09/17,0,3147000,-1184000,1963000
2007/09/18,0,0,0,0
2007/09/19,0,9004000,-2363000,6641000
2007/09/20,0,7718000,-837000,6881000
2007/09/21,0,4657000,-232000,4425000
2007/09/24,0,0,0,0
2007/09/25,0,0,0,0
2007/09/26,0,3062000,-3561355,-499355
2007/09/27,0,9662000,-2995604,6666396
2007/09/28,0,3470000,-1264000,2206000
2007/10/01,0,1969000,-1465860,503140
2007/10/02,0,2484000,-2446120,37880
2007/10/03,0,3064928,-7118136,-4053208
2007/10/04,0,2053000,-5678453,-3625453
2007/10/05,0,2428000,-5735320,-3307320
2007/10/08,0,1778000,-239240,1538760
2007/10/09,0,2581000,-1118360,1462640
2007/10/10,0,0,0,0
2007/10/11,0,18046000,-2746920,15299080
2007/10/12,0,4221000,-2749000,1472000
2007/10/15,0,2790000,-1331000,1459000
2007/10/16,0,1482000,-3157032,-1675032
2007/10/17,0,1531000,-4022800,-2491800
2007/10/18,0,2009000,-1138000,871000
2007/10/19,0,594000,-1136000,-542000
2007/10/22,0,3190000,-4668000,-1478000
2007/10/23,0,3552000,-2120750,1431250
2007/10/24,0,1047000,-2445612,-1398612
2007/10/25,0,2799988,-2479503,320485
2007/10/26,0,3637400,-1990560,1646840
2007/10/29,0,5775912,-1331040,4444872
2007/10/30,0,1871000,-861200,1009800
2007/10/31,0,2093000,-1703200,389800
2007/11/01,0,3170000,-3111660,58340
2007/11/02,0,545000,-7014600,-6469600
2007/11/05,0,3604500,-7828000,-4223500
2007/11/06,0,2669000,-7461840,-4792840
2007/11/07,0,4511000,-3325588,1185412
2007/11/08,0,1288000,-2914000,-1626000
2007/11/09,0,1251000,-3313000,-2062000
2007/11/12,0,466000,-5168000,-4702000
2007/11/13,0,3563000,-3666000,-103000
2007/11/14,0,3315000,-998440,2316560
2007/11/15,0,2217000,-1954000,263000
2007/11/16,0,596000,-4143005,-3547005
2007/11/19,0,1601000,-716520,884480
2007/11/20,0,6809000,-2677928,4131072
2007/11/21,0,6985000,-4158431,2826569
2007/11/22,0,3224000,-976000,2248000
2007/11/23,0,4828000,-2795000,2033000
2007/11/26,0,3790000,-1375000,2415000
2007/11/27,0,5748000,-10934000,-5186000
2007/11/28,0,6034000,-10822050,-4788050
2007/11/29,0,17820000,-10828346,6991654
2007/11/30,0,12474071,-12504000,-29929
2007/12/03,0,6078000,-5851414,226586
2007/12/04,0,444000,-3838000,-3394000
2007/12/05,0,3225409,-5908000,-2682591
2007/12/06,0,3270000,-5740000,-2470000
2007/12/07,0,3064235,-9120496,-6056261
2007/12/10,0,6222000,-3150820,3071180
2007/12/11,0,8450000,-827000,7623000
2007/12/12,0,3063000,-3534128,-471128
2007/12/13,0,3624000,-5851359,-2227359
2007/12/14,0,1200000,-6379000,-5179000
2007/12/17,0,895000,-740000,155000
2007/12/18,0,5032000,-7662031,-2630031
2007/12/19,0,6494000,-14545260,-8051260
2007/12/20,0,1654400,-1126080,528320
2007/12/21,0,3000000,-1618862,1381138
2007/12/24,0,1211000,-1294060,-83060
2007/12/25,0,1798000,-731000,1067000
2007/12/26,0,408000,-1063000,-655000
2007/12/27,0,2741000,-277000,2464000
2007/12/28,0,2283000,-1082000,1201000
2007/12/31,0,278000,-1759000,-1481000
2008/01/01,0,0,0,0
2008/01/02,0,3544000,-1315000,2229000
2008/01/03,0,1614000,-2328071,-714071
2008/01/04,0,7425000,-2893320,4531680
2008/01/07,0,23113000,-7919250,15193750
2008/01/08,0,15454000,-1293700,14160300
2008/01/09,0,7684000,-1103310,6580690
2008/01/10,0,9658000,-9003713,654287
2008/01/11,0,2797000,-1684000,1113000
2008/01/14,0,13565000,-3916832,9648168
2008/01/15,0,14891000,-2851540,12039460
2008/01/16,0,5162000,-7973000,-2811000
2008/01/17,0,8668000,-8501578,166422
2008/01/18,0,5880518,-16950563,-11070045
2008/01/21,0,20434000,-24434500,-4000500
2008/01/22,0,3477000,-6697673,-3220673
2008/01/23,0,12043000,-10337800,1705200
2008/01/24,0,4769000,-3014966,1754034
2008/01/25,0,1386000,-373000,1013000
2008/01/28,0,2240200,-1415000,825200
2008/01/29,0,2874000,-1759449,1114551
2008/01/30,0,5450237,-4755000,695237
2008/01/31,0,7457000,-1143000,6314000
2008/02/01,0,3463000,-2051000,1412000
2008/02/04,0,0,0,0
2008/02/05,0,0,0,0
2008/02/06,0,0,0,0
2008/02/07,0,0,0,0
2008/02/08,0,0,0,0
2008/02/11,0,0,0,0
2008/02/12,0,7747000,-6358216,1388784
2008/02/13,0,6439000,-1798000,4641000
2008/02/14,0,4043000,-12215000,-8172000
2008/02/15,0,2620000,-6234000,-3614000
2008/02/18,0,2867000,-3398000,-531000
2008/02/19,0,5652000,-1544000,4108000
2008/02/20,0,3801000,-1337000,2464000
2008/02/21,0,4589000,-1592778,2996222
2008/02/22,0,1657000,-2280000,-623000
2008/02/25,0,9371000,-1923000,7448000
2008/02/26,0,4312000,-2349000,1963000
2008/02/27,0,6851000,-1398000,5453000
2008/02/28,0,0,0,0
2008/02/29,0,8034696,-4312304,3722392
2008/03/03,0,3328000,-2946000,382000
2008/03/04,0,15951000,-2422400,13528600
2008/03/05,0,7253000,-6137000,1116000
2008/03/06,0,8046000,-6090000,1956000
2008/03/07,0,2327000,-5423850,-3096850
2008/03/10,0,5188000,-10306000,-5118000
2008/03/11,0,2257000,-1157810,1099190
2008/03/12,0,3743039,-4573000,-829961
2008/03/13,0,1662000,-9486340,-7824340
2008/03/14,0,3485000,-11411400,-7926400
2008/03/17,0,3793000,-6869000,-3076000
2008/03/18,0,509000,-5756000,-5247000
2008/03/19,0,1289000,-4623240,-3334240
2008/03/20,0,4128000,-7969700,-3841700
2008/03/21,0,5575000,-7666688,-2091688
2008/03/24,0,17533000,-4308800,13224200
2008/03/25,0,5162000,-6176184,-1014184
2008/03/26,0,4695000,-20052500,-15357500
2008/03/27,0,14036493,-19314200,-5277707
2008/03/28,0,5127493,-6749000,-1621507
2008/03/31,0,8328434,-5664000,2664434
2008/04/01,0,2552880,-1005000,1547880
2008/04/02,0,5225000,-808407,4416593
2008/04/03,0,3022000,-8360000,-5338000
2008/04/04,0,0,0,0
2008/04/07,0,6031000,-7798000,-1767000
2008/04/08,0,2184000,-6422980,-4238980
2008/04/09,0,4103000,-2825000,1278000
2008/04/10,0,3092000,-1163000,1929000
2008/04/11,0,3353000,-1070650,2282350
2008/04/14,0,2735000,-1549800,1185200
2008/04/15,0,7350000,-824000,6526000
2008/04/16,0,7428001,-1847000,5581001
2008/04/17,0,11574000,-2323736,9250264
2008/04/18,0,10534000,-6443001,4090999
2008/04/21,0,9790358,-5211000,4579358
2008/04/22,0,2241462,-259000,1982462
2008/04/23,0,1461000,-1440000,21000
2008/04/24,0,2894000,-234000,2660000
2008/04/25,0,1256000,-736218,519782
2008/04/28,0,6545470,-1090000,5455470
2008/04/29,0,11293411,-6084000,5209411
2008/04/30,0,8806000,-7884000,922000
2008/05/01,0,0,0,0
2008/05/02,0,19497832,-12220000,7277832
2008/05/05,0,2533000,-3813000,-1280000
2008/05/06,0,3489000,-3455000,34000
2008/05/07,0,6425100,-8529900,-2104800
2008/05/08,0,3816000,-6138929,-2322929
2008/05/09,0,7366000,-5948770,1417230
2008/05/12,0,6691000,-11196000,-4505000
2008/05/13,0,9548000,-8849296,698704
2008/05/14,0,6565000,-7707159,-1142159
2008/05/15,0,2937109,-4641352,-1704243
2008/05/16,0,5066000,-8152800,-3086800
2008/05/19,0,3597000,-2302000,1295000
2008/05/20,0,4816000,-2232000,2584000
2008/05/21,0,4295317,-7369115,-3073798
2008/05/22,0,1668000,-2376144,-708144
2008/05/23,0,665000,-2289000,-1624000
2008/05/26,0,2928000,-2088000,840000
2008/05/27,0,3442000,-1609956,1832044
2008/05/28,0,2304000,-2054000,250000
2008/05/29,0,4331130,-3610000,721130
2008/05/30,0,11187227,-9565271,1621956
2008/06/02,0,3911621,-4570000,-658379
2008/06/03,0,2678404,-3712000,-1033596
2008/06/04,0,4283000,-3754680,528320
2008/06/05,0,5042000,-4317700,724300
2008/06/06,0,568000,-1448000,-880000
2008/06/09,0,1322000,-1853000,-531000
2008/06/10,0,1652300,-5539045,-3886745
2008/06/11,0,1673000,-2317920,-644920
2008/06/12,0,1296000,-3971760,-2675760
2008/06/13,0,5319000,-13206000,-7887000
2008/06/16,0,3245000,-6125166,-2880166
2008/06/17,0,1312000,-2609120,-1297120
2008/06/18,0,1966000,-3117000,-1151000
2008/06/19,0,727000,-4251000,-3524000
2008/06/20,0,1175082,-2490096,-1315014
2008/06/23,0,1340000,-2729600,-1389600
2008/06/24,0,583000,-1944000,-1361000
2008/06/25,0,3634000,-4257997,-623997
2008/06/26,0,1464000,-4889000,-3425000
2008/06/27,0,4251000,-6064500,-1813500
2008/06/30,0,3283000,-2983230,299770
2008/07/01,0,1844260,-1990009,-145749
2008/07/02,0,1349000,-4858360,-3509360
2008/07/03,0,1710000,-4686400,-2976400
2008/07/04,0,4171000,-4035120,135880
2008/07/07,0,2514000,-1133000,1381000
2008/07/08,0,853000,-3669000,-2816000
2008/07/09,0,3440000,-5153000,-1713000
2008/07/10,0,1874000,-3375000,-1501000
2008/07/11,0,3491000,-10771600,-7280600
2008/07/14,0,2158000,-6157520,-3999520
2008/07/15,0,1762000,-6112756,-4350756
2008/07/16,0,1589000,-1933000,-344000
2008/07/17,0,6759000,-8858541,-2099541
2008/07/18,0,1575000,-3723800,-2148800
2008/07/21,0,4245000,-5529920,-1284920
2008/07/22,0,3804000,-4005860,-201860
2008/07/23,0,4085000,-3410555,674445
2008/07/24,0,4636000,-2265000,2371000
2008/07/25,0,1618000,-2154000,-536000
2008/07/28,0,0,0,0
2008/07/29,0,2430000,-5654950,-3224950
2008/07/30,0,3815450,-1012000,2803450
2008/07/31,0,3017000,-1912200,1104800
2008/08/01,0,2463000,-780000,1683000
2008/08/04,0,4935000,-4117050,817950
2008/08/05,0,6083000,-6982000,-899000
2008/08/06,0,3976000,-5004540,-1028540
2008/08/07,0,517000,-884620,-367620
2008/08/08,0,6289237,-5893000,396237
2008/08/11,0,2682000,-5357000,-2675000
2008/08/12,0,8589000,-13323760,-4734760
2008/08/13,0,4060010,-9566100,-5506090
2008/08/14,0,6078000,-14458300,-8380300
2008/08/15,0,6199000,-7280324,-1081324
2008/08/18,0,2265000,-8857200,-6592200
2008/08/19,0,4824000,-6917640,-2093640
2008/08/20,0,6257051,-7091800,-834749
2008/08/21,0,2250000,-4217052,-1967052
2008/08/22,0,690000,-3231372,-2541372
2008/08/25,0,3875000,-2578000,1297000
2008/08/26,0,2874000,-10039000,-7165000
2008/08/27,0,3389000,-11403400,-8014400
2008/08/28,0,5080000,-11472684,-6392684
2008/08/29,0,1895000,-1484435,410565
2008/09/01,0,3566000,-2864000,702000
2008/09/02,0,2850000,-2584000,266000
2008/09/03,0,4187000,-5183630,-996630
2008/09/04,0,1044000,-2789900,-1745900
2008/09/05,0,3557000,-7215000,-3658000
2008/09/08,0,2928000,-4185080,-1257080
2008/09/09,0,3383000,-2701000,682000
2008/09/10,0,6264000,-10323900,-4059900
2008/09/11,0,2934000,-12771000,-9837000
2008/09/12,0,4023600,-4091000,-67400
2008/09/15,0,1736000,-2462840,-726840
2008/09/16,0,2508324,-895000,1613324
2008/09/17,0,3704000,-1936000,1768000
2008/09/18,0,3352000,-4920000,-1568000
2008/09/19,0,3658000,-1578990,2079010
2008/09/22,0,8186000,-5881720,2304280
2008/09/23,0,7593000,-2598200,4994800
2008/09/24,0,8445094,-9724213,-1279119
2008/09/25,0,6878000,-10323660,-3445660
2008/09/26,0,6116000,-4582614,1533386
2008/09/29,0,0,0,0
2008/09/30,0,5611500,-4657080,954420
2008/10/01,0,967000,-2497000,-1530000
2008/10/02,0,758000,-3803000,-3045000
2008/10/03,0,1840000,-1356000,484000
2008/10/06,0,496000,-3829000,-3333000
2008/10/07,0,1680000,-1395740,284260
2008/10/08,0,1239000,-4142887,-2903887
2008/10/09,0,1558720,-3812892,-2254172
2008/10/10,0,0,0,0
2008/10/13,0,2590280,-1846260,744020
2008/10/14,0,6630000,-6326408,303592
2008/10/15,0,3086440,-3666370,-579930
2008/10/16,0,2703974,-2538580,165394
2008/10/17,0,578000,-1305448,-727448
2008/10/20,0,1847000,-1084031,762969
2008/10/21,0,2224000,-14838313,-12614313
2008/10/22,0,3141000,-3219661,-78661
2008/10/23,0,3758000,-2891000,867000
2008/10/24,0,842000,-939800,-97800
2008/10/27,0,1064000,-1142000,-78000
2008/10/28,0,700000,-4711455,-4011455
2008/10/29,0,8681960,-31452150,-22770190
2008/10/30,0,10951000,-14503136,-3552136
2008/10/31,0,3163000,-5095580,-1932580
2008/11/03,0,3660939,-8715899,-5054960
2008/11/04,0,2219000,-6734989,-4515989
2008/11/05,0,1761000,-2006980,-245980
2008/11/06,0,1656000,-7714445,-6058445
2008/11/07,0,2684000,-9755946,-7071946
2008/11/10,0,11278000,-13273880,-1995880
2008/11/11,0,6176000,-5414350,761650
2008/11/12,0,6161000,-9819932,-3658932
2008/11/13,0,5409000,-6652307,-1243307
2008/11/14,0,2679000,-2735448,-56448
2008/11/17,0,3052780,-7759000,-4706220
2008/11/18,0,1332000,-4153060,-2821060
2008/11/19,0,2351000,-10631300,-8280300
2008/11/20,0,2252000,-2702948,-450948
2008/11/21,0,1128000,-1737220,-609220
2008/11/24,0,1710000,-2471724,-761724
2008/11/25,0,4137000,-2789149,1347851
2008/11/26,0,1663000,-2927583,-1264583
2008/11/27,0,5780000,-2085798,3694202
2008/11/28,0,4050000,-2119697,1930303
2008/12/01,0,3775020,-3366160,408860
2008/12/02,0,1749000,-3873060,-2124060
2008/12/03,0,1330000,-4051760,-2721760
2008/12/04,0,917000,-2855000,-1938000
2008/12/05,0,3939464,-2464566,1474898
2008/12/08,0,3693740,-4238791,-545051
2008/12/09,0,4369000,-1125400,3243600
2008/12/10,0,9818000,-8169780,1648220
2008/12/11,0,5092060,-1226300,3865760
2008/12/12,0,1998000,-6152580,-4154580
2008/12/15,0,3074000,-1577000,1497000
2008/12/16,0,1475000,-2147412,-672412
2008/12/17,0,8659000,-4337866,4321134
2008/12/18,0,5091000,-7211000,-2120000
2008/12/19,0,2648000,-3897940,-1249940
2008/12/22,0,9876000,-2627700,7248300
2008/12/23,0,786000,-1336000,-550000
2008/12/24,0,1469000,-1378000,91000
2008/12/25,0,88000,-458000,-370000
2008/12/26,0,486000,-320000,166000
2008/12/29,0,275000,-869875,-594875
2008/12/30,0,2886000,-1153000,1733000
2008/12/31,0,244000,-745000,-501000
2009/01/01,0,0,0,0
2009/01/02,0,0,0,0
2009/01/05,0,4335000,-2847000,1488000
2009/01/06,0,1586828,-1866031,-279203
2009/01/07,0,9071000,-913900,8157100
2009/01/08,0,3573000,-5911000,-2338000
2009/01/09,0,327000,-3201340,-2874340
2009/01/12,0,4977549,-10957340,-5979791
2009/01/13,0,4807584,-3417390,1390194
2009/01/14,0,989000,-1934458,-945458
2009/01/15,0,2714000,-4472000,-1758000
2009/01/16,0,97000,-3320358,-3223358
2009/01/19,0,313000,-355160,-42160
2009/01/20,0,1203000,-3177000,-1974000
2009/01/21,0,1129000,-4787000,-3658000
2009/01/22,0,0,0,0
2009/01/23,0,0,0,0
2009/01/26,0,0,0,0
2009/01/27,0,0,0,0
2009/01/28,0,0,0,0
2009/01/29,0,0,0,0
2009/01/30,0,0,0,0
2009/02/02,0,5041670,-9027555,-3985885
2009/02/03,0,4423000,-2199830,2223170
2009/02/04,0,1252000,-1454000,-202000
2009/02/05,0,3427000,-603960,2823040
2009/02/06,0,4318000,-1777000,2541000
2009/02/09,0,552000,-5756848,-5204848
2009/02/10,0,1348000,-3593000,-2245000
2009/02/11,0,1026000,-6509000,-5483000
2009/02/12,0,946000,-6488000,-5542000
2009/02/13,0,1189000,-5620400,-4431400
2009/02/16,0,1000000,-2103527,-1103527
2009/02/17,0,684000,-1322367,-638367
2009/02/18,0,2265000,-1516000,749000
2009/02/19,0,1890000,-3286628,-1396628
2009/02/20,0,443000,-1964000,-1521000
2009/02/23,0,1833000,-776000,1057000
2009/02/24,0,1718000,-1402270,315730
2009/02/25,0,1232460,-1490620,-258160
2009/02/26,0,1428000,-2472010,-1044010
2009/02/27,0,515000,-594021,-79021
2009/03/02,0,296000,-6000238,-5704238
2009/03/03,0,814000,-8362000,-7548000
2009/03/04,0,1914000,-763000,1151000
2009/03/05,0,10717000,-1005936,9711064
2009/03/06,0,2126000,-2982120,-856120
2009/03/09,0,8089000,-1928000,6161000
2009/03/10,0,2852000,-802000,2050000
2009/03/11,0,4280419,-3514695,765724
2009/03/12,0,2546000,-1567480,978520
2009/03/13,0,3560000,-2054000,1506000
2009/03/16,0,1809000,-2163500,-354500
2009/03/17,0,2674600,-894000,1780600
2009/03/18,0,4345000,-976000,3369000
2009/03/19,0,682000,-1705000,-1023000
2009/03/20,0,1503000,-4895790,-3392790
2009/03/23,0,3462000,-1573000,1889000
2009/03/24,0,3102000,-742000,2360000
2009/03/25,0,3308000,-1118160,2189840
2009/03/26,0,1772000,-2199000,-427000
2009/03/27,0,775000,-7511000,-6736000
2009/03/30,0,1825000,-1130000,695000
2009/03/31,0,1702740,-4122302,-2419562
2009/04/01,0,2292000,-2765000,-473000
2009/04/02,0,10634000,-5340000,5294000
2009/04/03,0,7320000,-2793000,4527000
2009/04/06,0,4161000,-2604000,1557000
2009/04/07,0,53451000,-9948378,43502622
2009/04/08,0,7113000,-14908087,-7795087
2009/04/09,0,5200000,-15956009,-10756009
2009/04/10,0,2374000,-1032000,1342000
2009/04/13,0,2175000,-1156000,1019000
2009/04/14,0,7695000,-10293000,-2598000
2009/04/15,0,5066000,-6148000,-1082000
2009/04/16,0,13465270,-8678847,4786423
2009/04/17,0,12541466,-8362860,4178606
2009/04/20,0,3141000,-1313000,1828000
2009/04/21,0,3801000,-2149000,1652000
2009/04/22,0,9144000,-2230892,6913108
2009/04/23,0,3913000,-1521000,2392000
2009/04/24,0,1871000,-2245000,-374000
2009/04/27,0,6977894,-1120923,5856971
2009/04/28,0,2227416,-1952455,274961
2009/04/29,0,8249000,-3909375,4339625
2009/04/30,0,8951000,-1345980,7605020
2009/05/01,0,0,0,0
2009/05/04,0,6611000,-2902000,3709000
2009/05/05,0,22217460,-4260000,17957460
2009/05/06,0,2947000,-4994000,-2047000
2009/05/07,0,5043000,-16634880,-11591880
2009/05/08,0,8477684,-10278314,-1800630
2009/05/11,0,9064000,-5244708,3819292
2009/05/12,0,2107000,-3721000,-1614000
2009/05/13,0,5266000,-5623000,-357000
2009/05/14,0,7319318,-12527784,-5208466
2009/05/15,0,13727000,-4060825,9666175
2009/05/18,0,18895833,-4286000,14609833
2009/05/19,0,13684000,-1815080,11868920
2009/05/20,0,2672000,-5641000,-2969000
2009/05/21,0,4604000,-6254000,-1650000
2009/05/22,0,8805000,-3372000,5433000
2009/05/25,0,4213000,-1820007,2392993
2009/05/26,0,5960000,-4969640,990360
2009/05/27,0,16489007,-10905512,5583495
2009/05/28,0,0,0,0
2009/05/29,0,0,0,0
2009/06/01,0,9688000,-9843020,-155020
2009/06/02,0,2936000,-832000,2104000
2009/06/03,0,9568979,-1900300,7668679
2009/06/04,0,8421000,-3105000,5316000
2009/06/05,0,730003,-1416000,-685997
2009/06/08,0,1463840,-4891000,-3427160
2009/06/09,0,7316000,-3333563,3982437
2009/06/10,0,2265680,-900930,1364750
2009/06/11,0,2228000,-3440000,-1212000
2009/06/12,0,13140000,-8488070,4651930
2009/06/15,0,3452000,-1919000,1533000
2009/06/16,0,1004000,-1905900,-901900
2009/06/17,0,3438000,-2742120,695880
2009/06/18,0,1529000,-3964000,-2435000
2009/06/19,0,1421001,-3912376,-2491375
2009/06/22,0,1703000,-6919440,-5216440
2009/06/23,0,1482500,-9971508,-8489008
2009/06/24,0,18464000,-11376627,7087373
2009/06/25,0,8662000,-6132000,2530000
2009/06/26,0,2781000,-466000,2315000
2009/06/29,0,2584000,-2535000,49000
2009/06/30,0,2778000,-1290499,1487501
2009/07/01,0,2790000,-2148000,642000
2009/07/02,0,2316000,-4992000,-2676000
2009/07/03,0,3202612,-17394000,-14191388
2009/07/06,0,1504000,-11919117,-10415117
2009/07/07,0,2025000,-6175000,-4150000
2009/07/08,0,5097000,-10487488,-5390488
2009/07/09,0,1220000,-4112000,-2892000
2009/07/10,0,1106000,-18328840,-17222840
2009/07/13,0,985000,-11789901,-10804901
2009/07/14,0,1885000,-3047700,-1162700
2009/07/15,0,3589000,-2197000,1392000
2009/07/16,0,6973000,-6122808,850192
2009/07/17,0,932000,-2540870,-1608870
2009/07/20,0,1636000,-2885000,-1249000
2009/07/21,0,1980000,-7344000,-5364000
2009/07/22,0,1671000,-12446860,-10775860
2009/07/23,0,2385000,-22619988,-20234988
2009/07/24,0,1977500,-5626577,-3649077
2009/07/27,0,3780000,-258901,3521099
2009/07/28,0,5216000,-1761000,3455000
2009/07/29,0,1123856,-1298170,-174314
2009/07/30,0,895000,-1863200,-968200
2009/07/31,0,4413000,-5814000,-1401000
2009/08/03,0,3057000,-7911000,-4854000
2009/08/04,0,8998000,-11201830,-2203830
2009/08/05,0,8992000,-6351000,2641000
2009/08/06,0,4074000,-2717000,1357000
2009/08/07,0,0,0,0
2009/08/10,0,2303000,-4315540,-2012540
2009/08/11,0,18294893,-1106000,17188893
2009/08/12,0,2945000,-1383000,1562000
2009/08/13,0,1615000,-5288000,-3673000
2009/08/14,0,1606000,-13823501,-12217501
2009/08/17,0,1543000,-3386000,-1843000
2009/08/18,0,1216000,-1869000,-653000
2009/08/19,0,76000,-4140638,-4064638
2009/08/20,0,973000,-5099000,-4126000
2009/08/21,0,5625000,-13727440,-8102440
2009/08/24,0,1289000,-3492000,-2203000
2009/08/25,0,514800,-1111614,-596814
2009/08/26,0,1918000,-1268000,650000
2009/08/27,0,311000,-2263000,-1952000
2009/08/28,0,1459000,-808000,651000
2009/08/31,0,2324000,-3517394,-1193394
2009/09/01,0,921030,-6579420,-5658390
2009/09/02,0,723259,-3596270,-2873011
2009/09/03,0,673000,-4330884,-3657884
2009/09/04,0,2395000,-8179000,-5784000
2009/09/07,0,2309000,-6946000,-4637000
2009/09/08,0,6877000,-6554000,323000
2009/09/09,0,3238140,-985060,2253080
2009/09/10,0,6973000,-369440,6603560
2009/09/11,0,1388000,-1241000,147000
2009/09/14,0,4807000,-4494000,313000
2009/09/15,0,3105000,-658000,2447000
2009/09/16,0,6294552,-1676396,4618156
2009/09/17,0,2339000,-9838910,-7499910
2009/09/18,0,5736000,-2823651,2912349
2009/09/21,0,360000,-2132981,-1772981
2009/09/22,0,1482000,-1353000,129000
2009/09/23,0,1152564,-925294,227270
2009/09/24,0,419938,-1920000,-1500062
2009/09/25,0,514000,-3395140,-2881140
2009/09/28,0,413000,-304000,109000
2009/09/29,0,1901515,-937330,964185
2009/09/30,0,2168000,-522350,1645650
2009/10/01,0,2527000,-1796000,731000
2009/10/02,0,636000,-5576834,-4940834
2009/10/05,0,4911332,-4129881,781451
2009/10/06,0,2233000,-1310530,922470
2009/10/07,0,2225040,-626390,1598650
2009/10/08,0,6656000,-544013,6111987
2009/10/09,0,7521940,-860270,6661670
2009/10/12,0,8001000,-869140,7131860
2009/10/13,0,6776480,-3095257,3681223
2009/10/14,0,2966249,-1046179,1920070
2009/10/15,0,5606000,-1277310,4328690
2009/10/16,0,894000,-253170,640830
2009/10/19,0,2018120,-1344405,673715
2009/10/20,0,967649,-3528520,-2560871
2009/10/21,0,2528020,-952409,1575611
2009/10/22,0,5282020,-9943260,-4661240
2009/10/23,0,2268000,-1229531,1038469
2009/10/26,0,1886000,-1755000,131000
2009/10/27,0,1896000,-4845329,-2949329
2009/10/28,0,3340000,-1530500,1809500
2009/10/29,0,330000,-4703000,-4373000
2009/10/30,0,226000,-1860971,-1634971
2009/11/02,0,983000,-3379810,-2396810
2009/11/03,0,97000,-2928760,-2831760
2009/11/04,0,2750000,-1105011,1644989
2009/11/05,0,201000,-857000,-656000
2009/11/06,0,953000,-4050000,-3097000
2009/11/09,0,1040000,-3210860,-2170860
2009/11/10,0,2260000,-1545380,714620
2009/11/11,0,1392000,-2317000,-925000
2009/11/12,0,4408099,-3359813,1048286
2009/11/13,0,961000,-971321,-10321
2009/11/16,0,1707000,-1163000,544000
2009/11/17,0,3877711,-4387939,-510228
2009/11/18,0,2679000,-8100482,-5421482
2009/11/19,0,583000,-634000,-51000
2009/11/20,0,2515000,-1878070,636930
2009/11/23,0,300150,-350000,-49850
2009/11/24,0,364000,-1478000,-1114000
2009/11/25,0,3090000,-1369000,1721000
2009/11/26,0,393360,-841361,-448001
2009/11/27,0,411000,-4399650,-3988650
2009/11/30,0,1312359,-1401440,-89081
2009/12/01,0,1496000,-905236,590764
2009/12/02,0,763000,-2928000,-2165000
2009/12/03,0,735920,-1569802,-833882
2009/12/04,0,1108000,-120000,988000
2009/12/07,0,992000,-11562830,-10570830
2009/12/08,0,1210000,-12846601,-11636601
2009/12/09,0,582800,-293000,289800
2009/12/10,0,488700,-6223836,-5735136
2009/12/11,0,1706000,-7719824,-6013824
2009/12/14,0,1291000,-5541629,-4250629
2009/12/15,0,811000,-181079,629921
2009/12/16,0,102000,-2066560,-1964560
2009/12/17,0,880734,-3991190,-3110456
2009/12/18,0,1360000,-1365690,-5690
2009/12/21,0,1680000,-2197000,-517000
2009/12/22,0,1005000,-1686000,-681000
2009/12/23,0,1085000,-1961158,-876158
2009/12/24,0,2376000,-633000,1743000
2009/12/25,0,478000,-313000,165000
2009/12/28,0,1489000,-911000,578000
2009/12/29,0,295000,-1283000,-988000
2009/12/30,0,1731000,-1061000,670000
2009/12/31,0,1045000,-978000,67000
2010/01/01,0,0,0,0
2010/01/04,0,496000,-649000,-153000
2010/01/05,0,3398200,-1496350,1901850
2010/01/06,0,2193000,-438422,1754578
2010/01/07,0,1746000,-1413571,332429
2010/01/08,0,1658940,-102000,1556940
2010/01/11,0,376000,-501050,-125050
2010/01/12,0,5844700,-1227808,4616892
2010/01/13,0,2172750,-1307067,865683
2010/01/14,0,447000,-302390,144610
2010/01/15,0,434000,-330000,104000
2010/01/18,0,740000,-1882060,-1142060
2010/01/19,0,220291,-2800850,-2580559
2010/01/20,0,838000,-3203000,-2365000
2010/01/21,0,1073000,-2984000,-1911000
2010/01/22,0,952000,-5425087,-4473087
2010/01/25,0,570050,-4690570,-4120520
2010/01/26,0,911000,-5893850,-4982850
2010/01/27,0,1134000,-7157570,-6023570
2010/01/28,0,1910000,-7500000,-5590000
2010/01/29,0,4231000,-6663829,-2432829
2010/02/01,0,919279,-1654150,-734871
2010/02/02,0,847000,-3126702,-2279702
2010/02/03,0,2068200,-726203,1341997
2010/02/04,0,641000,-1756000,-1115000
2010/02/05,0,430000,-1203790,-773790
2010/02/08,0,1387000,-4405275,-3018275
2010/02/09,0,829000,-759610,69390
2010/02/10,0,617500,-1553372,-935872
2010/02/11,0,0,0,0
2010/02/12,0,0,0,0
2010/02/15,0,0,0,0
2010/02/16,0,0,0,0
2010/02/17,0,0,0,0
2010/02/18,0,0,0,0
2010/02/19,0,0,0,0
2010/02/22,0,1674000,-931000,743000
2010/02/23,0,915343,-1610210,-694867
2010/02/24,0,1341000,-1291944,49056
2010/02/25,0,2372000,-2677420,-305420
2010/02/26,0,1165496,-1562575,-397079
2010/03/01,0,1815000,-877666,937334
2010/03/02,0,1359080,-907000,452080
2010/03/03,0,1182000,-70599,1111401
2010/03/04,0,616000,-1262000,-646000
2010/03/05,0,1421000,-1679000,-258000
2010/03/08,0,883000,-591000,292000
2010/03/09,0,1802082,-1214492,587590
2010/03/10,0,634000,-1080653,-446653
2010/03/11,0,297000,-1245000,-948000
2010/03/12,0,1656000,-2845616,-1189616
2010/03/15,0,1708000,-6590270,-4882270
2010/03/16,0,917000,-1410631,-493631
2010/03/17,0,2508000,-1534000,974000
2010/03/18,0,1844000,-1833000,11000
2010/03/19,0,1145000,-4190557,-3045557
2010/03/22,0,1414000,-2685770,-1271770
2010/03/23,0,192000,-3138610,-2946610
2010/03/24,0,733812,-1956000,-1222188
2010/03/25,0,1822000,-1122000,700000
2010/03/26,0,2524000,-2303629,220371
2010/03/29,0,1785000,-146000,1639000
2010/03/30,0,1801926,-4221000,-2419074
2010/03/31,0,1333000,-3490590,-2157590
2010/04/01,0,2763000,-423508,2339492
2010/04/02,0,925000,-16000,909000
2010/04/05,0,0,0,0
2010/04/06,0,2039185,-563000,1476185
2010/04/07,0,4934920,-4268208,666712
2010/04/08,0,2783000,-1823000,960000
2010/04/09,0,4616000,-2523310,2092690
2010/04/12,0,3053440,-3708000,-654560
2010/04/13,0,1463000,-802060,660940
2010/04/14,0,691000,-378610,312390
2010/04/15,0,2293000,-713330,1579670
2010/04/16,0,847740,-563000,284740
2010/04/19,0,1349000,-3112640,-1763640
2010/04/20,0,376000,-1933900,-1557900
2010/04/21,0,1211000,-857327,353673
2010/04/22,0,286000,-3997440,-3711440
2010/04/23,0,297000,-2624000,-2327000
2010/04/26,0,3342000,-19957353,-16615353
2010/04/27,0,3175825,-24876825,-21701000
2010/04/28,0,2436562,-1876400,560162
2010/04/29,0,608000,-1001000,-393000
2010/04/30,0,2036000,-1501380,534620
2010/05/03,0,143000,-770000,-627000
2010/05/04,0,641000,-2693283,-2052283
2010/05/05,0,6161000,-5908640,252360
2010/05/06,0,732590,-6247480,-5514890
2010/05/07,0,1157000,-3811625,-2654625
2010/05/10,0,376250,-1640711,-1264461
2010/05/11,0,1573000,-3603010,-2030010
2010/05/12,0,349000,-1045000,-696000
2010/05/13,0,1209000,-316000,893000
2010/05/14,0,1012000,-2711000,-1699000
2010/05/17,0,1161000,-5650000,-4489000
2010/05/18,0,1701000,-3037000,-1336000
2010/05/19,0,1213001,-2952000,-1738999
2010/05/20,0,459000,-3109888,-2650888
2010/05/21,0,1099000,-1475200,-376200
2010/05/24,0,3505000,-651000,2854000
2010/05/25,0,998000,-988000,10000
2010/05/26,0,8443960,-5838000,2605960
2010/05/27,0,673755,-1377700,-703945
2010/05/28,0,2286000,-2840000,-554000
2010/05/31,0,1332000,-254000,1078000
2010/06/01,0,1153000,-2406000,-1253000
2010/06/02,0,901000,-1469000,-568000
2010/06/03,0,2106256,-1569000,537256
2010/06/04,0,1279000,-655000,624000
2010/06/07,0,4926000,-2042342,2883658
2010/06/08,0,1452000,-935000,517000
2010/06/09,0,533000,-2297800,-1764800
2010/06/10,0,460000,-701000,-241000
2010/06/11,0,2835037,-413840,2421197
2010/06/14,0,3687065,-178000,3509065
2010/06/15,0,2468130,-517270,1950860
2010/06/16,0,0,0,0
2010/06/17,0,4133576,-91000,4042576
2010/06/18,0,1939755,-581000,1358755
2010/06/21,0,5723743,-1285902,4437841
2010/06/22,0,1026282,-566402,459880
2010/06/23,0,667805,-506205,161600
2010/06/24,0,524000,-473300,50700
2010/06/25,0,539712,-955642,-415930
2010/06/28,0,321000,-360000,-39000
2010/06/29,0,1436000,-1465000,-29000
2010/06/30,0,910000,-2578443,-1668443
2010/07/01,0,351000,-2531180,-2180180
2010/07/02,0,654000,-1259990,-605990
2010/07/05,0,588644,-3367000,-2778356
2010/07/06,0,2057000,-3081820,-1024820
2010/07/07,0,914251,-2337000,-1422749
2010/07/08,0,963000,-1200773,-237773
2010/07/09,0,1158153,-726854,431299
2010/07/12,0,1281000,-139271,1141729
2010/07/13,0,874000,-250781,623219
2010/07/14,0,6723860,-765249,5958611
2010/07/15,0,2464000,-1863000,601000
2010/07/16,0,4843096,-3953495,889601
2010/07/19,0,1461000,-461000,1000000
2010/07/20,0,1750000,-846271,903729
2010/07/21,0,2424000,-1396876,1027124
2010/07/22,0,535532,-1587649,-1052117
2010/07/23,0,2680000,-1254000,1426000
2010/07/26,0,1107930,-622000,485930
2010/07/27,0,105170,-352000,-246830
2010/07/28,0,982000,-81000,901000
2010/07/29,0,4346000,-717779,3628221
2010/07/30,0,1659011,-4219459,-2560448
2010/08/02,0,3447000,-171000,3276000
2010/08/03,0,5100000,-1220000,3880000
2010/08/04,0,1908000,-579000,1329000
2010/08/05,0,647000,-560000,87000
2010/08/06,0,2207000,-1144000,1063000
2010/08/09,0,5714000,-847000,4867000
2010/08/10,0,2469000,-1386000,1083000
2010/08/11,0,1883000,-337422,1545578
2010/08/12,0,1892000,-1181000,711000
2010/08/13,0,937954,-446000,491954
2010/08/16,0,1215000,-1184000,31000
2010/08/17,0,896000,-1280000,-384000
2010/08/18,0,2398000,-1033000,1365000
2010/08/19,0,1328000,-1179000,149000
2010/08/20,0,1391000,-1059000,332000
2010/08/23,0,2792000,-1902000,890000
2010/08/24,0,1928000,-1392000,536000
2010/08/25,0,1176000,-5764000,-4588000
2010/08/26,0,385000,-4066000,-3681000
2010/08/27,0,1017000,-2464517,-1447517
2010/08/30,0,1417293,-1446000,-28707
2010/08/31,0,787000,-1964381,-1177381
2010/09/01,0,1589000,-2086079,-497079
2010/09/02,0,1179000,-1624051,-445051
2010/09/03,0,1820000,-985000,835000
2010/09/06,0,1876520,-395000,1481520
2010/09/07,0,833904,-146430,687474
2010/09/08,0,669780,-1264735,-594955
2010/09/09,0,640000,-396000,244000
2010/09/10,0,2461370,-169000,2292370
2010/09/13,0,4161000,-149000,4012000
2010/09/14,0,2378000,-209000,2169000
2010/09/15,0,849693,-1254000,-404307
2010/09/16,0,1436000,-886230,549770
2010/09/17,0,2075000,-3498000,-1423000
2010/09/20,0,947000,-383000,564000
2010/09/21,0,1346000,-885000,461000
2010/09/22,0,0,0,0
2010/09/23,0,1604620,-414867,1189753
2010/09/24,0,2243310,-2335000,-91690
2010/09/27,0,1187870,-2928659,-1740789
2010/09/28,0,771910,-292000,479910
2010/09/29,0,2595000,-1347759,1247241
2010/09/30,0,760000,-417100,342900
2010/10/01,0,461870,-377550,84320
2010/10/04,0,999740,-169464,830276
2010/10/05,0,894680,-832540,62140
2010/10/06,0,4433303,-451482,3981821
2010/10/07,0,1148890,-501583,647307
2010/10/08,0,564600,-241320,323280
2010/10/11,0,536970,-409201,127769
2010/10/12,0,593120,-970362,-377242
2010/10/13,0,2924830,-689350,2235480
2010/10/14,0,2642170,-452000,2190170
2010/10/15,0,1119650,-493180,626470
2010/10/18,0,502000,-1355000,-853000
2010/10/19,0,2431000,-2599944,-168944
2010/10/20,0,2448000,-2171000,277000
2010/10/21,0,1927000,-1817000,110000
2010/10/22,0,6199001,-1481000,4718001
2010/10/25,0,2484000,-609090,1874910
2010/10/26,0,4314199,-3121810,1192389
2010/10/27,0,2914290,-1855151,1059139
2010/10/28,0,4768397,-1973000,2795397
2010/10/29,0,1982000,-2904000,-922000
2010/11/01,0,2375000,-2555090,-180090
2010/11/02,0,1113000,-1585639,-472639
2010/11/03,0,1205000,-1456125,-251125
2010/11/04,0,1520000,-1544000,-24000
2010/11/05,0,1218000,-4058644,-2840644
2010/11/08,0,990790,-3504310,-2513520
2010/11/09,0,2710000,-2660000,50000
2010/11/10,0,1225000,-5423830,-4198830
2010/11/11,0,787000,-2387432,-1600432
2010/11/12,0,589000,-4274780,-3685780
2010/11/15,0,640869,-3359000,-2718131
2010/11/16,0,1091000,-3084000,-1993000
2010/11/17,0,1094000,-1862000,-768000
2010/11/18,0,287000,-1439890,-1152890
2010/11/19,0,2037280,-6550000,-4512720
2010/11/22,0,1139100,-2875000,-1735900
2010/11/23,0,1253680,-2736000,-1482320
2010/11/24,0,757000,-1548000,-791000
2010/11/25,0,202000,-5145215,-4943215
2010/11/26,0,107000,-947946,-840946
2010/11/29,0,595000,-2344037,-1749037
2010/11/30,0,2114839,-2446269,-331430
2010/12/01,0,1785000,-2662000,-877000
2010/12/02,0,3120000,-1034146,2085854
2010/12/03,0,1603000,-1010800,592200
2010/12/06,0,274000,-644714,-370714
2010/12/07,0,1045660,-2060230,-1014570
2010/12/08,0,2245000,-2334500,-89500
2010/12/09,0,1377635,-603420,774215
2010/12/10,0,345604,-343440,2164
2010/12/13,0,138000,-111000,27000
2010/12/14,0,1062000,-3705818,-2643818
2010/12/15,0,1013000,-3069580,-2056580
2010/12/16,0,3952000,-249096,3702904
2010/12/17,0,1241000,-272000,969000
2010/12/20,0,483360,-1852000,-1368640
2010/12/21,0,704000,-524357,179643
2010/12/22,0,576000,-1996574,-1420574
2010/12/23,0,1430000,-446000,984000
2010/12/24,0,585000,-628000,-43000
2010/12/27,0,903000,-120000,783000
2010/12/28,0,946000,-61000,885000
2010/12/29,0,1547370,-242300,1305070
2010/12/30,0,1764000,-1455356,308644
2010/12/31,0,899000,-1633970,-734970
2011/01/03,0,946000,-227000,719000
2011/01/04,0,1009000,-331000,678000
2011/01/05,0,1512000,-2705090,-1193090
2011/01/06,0,1270000,-665000,605000
2011/01/07,0,1301000,-1575000,-274000
2011/01/10,0,1160000,-501000,659000
2011/01/11,0,2479000,-364000,2115000
2011/01/12,0,1303880,-118000,1185880
2011/01/13,0,2069281,-601403,1467878
2011/01/14,0,948000,-28000,920000
2011/01/17,0,1133521,-2323000,-1189479
2011/01/18,0,1243560,-1197500,46060
2011/01/19,0,1172000,-1720000,-548000
2011/01/20,0,727000,-266710,460290
2011/01/21,0,1037000,-1108370,-71370
2011/01/24,0,362000,-81000,281000
2011/01/25,0,951000,-517205,433795
2011/01/26,0,1691000,-467285,1223715
2011/01/27,0,1926000,-1971232,-45232
2011/01/28,0,3235730,-2026286,1209444
2011/01/31,0,0,0,0
2011/02/01,0,0,0,0
2011/02/02,0,0,0,0
2011/02/03,0,0,0,0
2011/02/04,0,0,0,0
2011/02/07,0,0,0,0
2011/02/08,0,1629000,-4024630,-2395630
2011/02/09,0,2322000,-1817140,504860
2011/02/10,0,344000,-2202106,-1858106
2011/02/11,0,498000,-4120000,-3622000
2011/02/14,0,529000,-2549230,-2020230
2011/02/15,0,1344000,-1897726,-553726
2011/02/16,0,1560000,-2877715,-1317715
2011/02/17,0,775000,-3185270,-2410270
2011/02/18,0,1819000,-134000,1685000
2011/02/21,0,976000,-657000,319000
2011/02/22,0,1975000,-5371228,-3396228
2011/02/23,0,722491,-961080,-238589
2011/02/24,0,444535,-1741000,-1296465
2011/02/25,0,1526000,-2592803,-1066803
2011/02/28,0,0,0,0
2011/03/01,0,3763000,-828852,2934148
2011/03/02,0,852535,-2661891,-1809356
2011/03/03,0,2782000,-427090,2354910
2011/03/04,0,2275000,-790660,1484340
2011/03/07,0,152000,-714000,-562000
2011/03/08,0,1231000,-716420,514580
2011/03/09,0,1659000,-753126,905874
2011/03/10,0,264000,-474780,-210780
2011/03/11,0,542000,-889760,-347760
2011/03/14,0,224000,-1129000,-905000
2011/03/15,0,1229000,-2482171,-1253171
2011/03/16,0,755000,-1159730,-404730
2011/03/17,0,604000,-564780,39220
2011/03/18,0,1418000,-3650153,-2232153
2011/03/21,0,445000,-1271856,-826856
2011/03/22,0,1347371,-1020909,326462
2011/03/23,0,1266000,-2921000,-1655000
2011/03/24,0,1437000,-2619000,-1182000
2011/03/25,0,2472000,-76000,2396000
2011/03/28,0,1809000,-289520,1519480
2011/03/29,0,1384000,-503000,881000
2011/03/30,0,5883000,-209000,5674000
2011/03/31,0,4141158,-1918541,2222617
2011/04/01,0,2640923,-667000,1973923
2011/04/04,0,0,0,0
2011/04/05,0,0,0,0
2011/04/06,0,6516641,-1241965,5274676
2011/04/07,0,4244835,-2693835,1551000
2011/04/08,0,4707295,-424000,4283295
2011/04/11,0,5633010,-2350870,3282140
2011/04/12,0,4459068,-482442,3976626
2011/04/13,0,2121000,-449000,1672000
2011/04/14,0,11944000,-891000,11053000
2011/04/15,0,1930000,-2054500,-124500
2011/04/18,0,3270000,-592109,2677891
2011/04/19,0,784400,-1276755,-492355
2011/04/20,0,3509000,-4755839,-1246839
2011/04/21,0,4674514,-1993060,2681454
2011/04/22,0,2687000,-425000,2262000
2011/04/25,0,1074000,-493000,581000
2011/04/26,0,1393000,-519432,873568
2011/04/27,0,4302000,-995000,3307000
2011/04/28,0,5149208,-825500,4323708
2011/04/29,0,9558261,-1454770,8103491
2011/05/02,0,0,0,0
2011/05/03,0,4541000,-1290000,3251000
2011/05/04,0,3760000,-2490550,1269450
2011/05/05,0,2580000,-603000,1977000
2011/05/06,0,3130127,-533000,2597127
2011/05/09,0,3199000,-489000,2710000
2011/05/10,0,1194000,-214000,980000
2011/05/11,0,3826000,-475360,3350640
2011/05/12,0,2302000,-954000,1348000
2011/05/13,0,2254000,-1706000,548000
2011/05/16,0,636000,-1867000,-1231000
2011/05/17,0,1684000,-1372600,311400
2011/05/18,0,3301000,-1739000,1562000
2011/05/19,0,2907696,-2487211,420485
2011/05/20,0,1519000,-4275000,-2756000
2011/05/23,0,2928000,-2000000,928000
2011/05/24,0,3327000,-3546724,-219724
2011/05/25,0,3284000,-2611746,672254
2011/05/26,0,3364494,-5189037,-1824543
2011/05/27,0,714000,-360000,354000
2011/05/30,0,4013000,-2639000,1374000
2011/05/31,0,2604542,-1507224,1097318
2011/06/01,0,3217000,-3065390,151610
2011/06/02,0,2867000,-2076000,791000
2011/06/03,0,2401000,-5208000,-2807000
2011/06/06,0,0,0,0
2011/06/07,0,2680000,-2430570,249430
2011/06/08,0,728000,-2548000,-1820000
2011/06/09,0,864000,-3650277,-2786277
2011/06/10,0,2081154,-4399930,-2318776
2011/06/13,0,3199000,-6349277,-3150277
2011/06/14,0,6259000,-2697425,3561575
2011/06/15,0,5489830,-6614080,-1124250
2011/06/16,0,2186638,-4237000,-2050362
2011/06/17,0,1724000,-2648536,-924536
2011/06/20,0,4158000,-2517234,1640766
2011/06/21,0,2436000,-2406271,29729
2011/06/22,0,6369000,-3621000,2748000
2011/06/23,0,2242414,-2110399,132015
2011/06/24,0,2951000,-2413198,537802
2011/06/27,0,3552000,-5691285,-2139285
2011/06/28,0,4542000,-9757496,-5215496
2011/06/29,0,5582000,-3570530,2011470
2011/06/30,0,2186000,-3361420,-1175420
2011/07/01,0,2294448,-2168000,126448
2011/07/04,0,952357,-4499790,-3547433
2011/07/05,0,2975408,-3026030,-50622
2011/07/06,0,308000,-3577972,-3269972
2011/07/07,0,4263000,-4359000,-96000
2011/07/08,0,3158931,-3259000,-100069
2011/07/11,0,3528000,-3024000,504000
2011/07/12,0,3780932,-6038000,-2257068
2011/07/13,0,3389000,-4965000,-1576000
2011/07/14,0,5943000,-3268760,2674240
2011/07/15,0,1568310,-1015000,553310
2011/07/18,0,896000,-1412413,-516413
2011/07/19,0,2895000,-5135300,-2240300
2011/07/20,0,3372579,-2008172,1364407
2011/07/21,0,2471096,-723000,1748096
2011/07/22,0,5765000,-3477000,2288000
2011/07/25,0,1559232,-2642000,-1082768
2011/07/26,0,1668574,-2031000,-362426
2011/07/27,0,1991000,-5214000,-3223000
2011/07/28,0,3532000,-5387023,-1855023
2011/07/29,0,2622318,-4925851,-2303533
2011/08/01,0,3378432,-3801000,-422568
2011/08/02,0,1040000,-2031132,-991132
2011/08/03,0,455000,-3238533,-2783533
2011/08/04,0,1337000,-1068000,269000
2011/08/05,0,1412000,-3295000,-1883000
2011/08/08,0,1561000,-9060228,-7499228
2011/08/09,0,4336475,-9946000,-5609525
2011/08/10,0,3013000,-7286702,-4273702
2011/08/11,0,4915000,-13059000,-8144000
2011/08/12,0,4455000,-9948001,-5493001
2011/08/15,0,1403998,-3559001,-2155003
2011/08/16,0,3896000,-2599000,1297000
2011/08/17,0,2322000,-3198000,-876000
2011/08/18,0,1241155,-3632072,-2390917
2011/08/19,0,1556000,-2568420,-1012420
2011/08/22,0,4249000,-3241000,1008000
2011/08/23,0,5185000,-1249231,3935769
2011/08/24,0,4085000,-5790000,-1705000
2011/08/25,0,4347000,-1480444,2866556
2011/08/26,0,2048000,-3049343,-1001343
2011/08/29,0,4276000,-1395492,2880508
2011/08/30,0,1056000,-2269000,-1213000
2011/08/31,0,1476093,-812000,664093
2011/09/01,0,7647380,-1856032,5791348
2011/09/02,0,1449000,-4917000,-3468000
2011/09/05,0,713000,-4875924,-4162924
2011/09/06,0,1767820,-8816518,-7048698
2011/09/07,0,1728000,-3397000,-1669000
2011/09/08,0,2404000,-834413,1569587
2011/09/09,0,1276000,-1174540,101460
2011/09/12,0,0,0,0
2011/09/13,0,2012000,-3750000,-1738000
2011/09/14,0,1333000,-2474832,-1141832
2011/09/15,0,3776000,-1568290,2207710
2011/09/16,0,3910000,-1636142,2273858
2011/09/19,0,2691000,-3092090,-401090
2011/09/20,0,1156857,-3747000,-2590143
2011/09/21,0,3026286,-629000,2397286
2011/09/22,0,643895,-6587000,-5943105
2011/09/23,0,5233000,-3036634,2196366
2011/09/26,0,2437000,-3571000,-1134000
2011/09/27,0,4654300,-4166780,487520
2011/09/28,0,5032247,-2985000,2047247
2011/09/29,0,1723650,-1654585,69065
2011/09/30,0,9091000,-5416057,3674943
2011/10/03,0,2368000,-3143102,-775102
2011/10/04,0,4471000,-947000,3524000
2011/10/05,0,2053000,-1239642,813358
2011/10/06,0,3976000,-825982,3150018
2011/10/07,0,7682000,-2822000,4860000
2011/10/10,0,0,0,0
2011/10/11,0,8674759,-2815101,5859658
2011/10/12,0,6862418,-2585698,4276720
2011/10/13,0,1379000,-3796000,-2417000
2011/10/14,0,1546000,-4027000,-2481000
2011/10/17,0,1780940,-490000,1290940
2011/10/18,0,937400,-1225650,-288250
2011/10/19,0,1383060,-3835500,-2452440
2011/10/20,0,4871090,-2611440,2259650
2011/10/21,0,1797500,-738000,1059500
2011/10/24,0,4855000,-190240,4664760
2011/10/25,0,2109000,-940550,1168450
2011/10/26,0,2749000,-1196000,1553000
2011/10/27,0,1646490,-3570000,-1923510
2011/10/28,0,4022000,-2470801,1551199
2011/10/31,0,1965320,-761204,1204116
2011/11/01,0,3175000,-3429900,-254900
2011/11/02,0,1211000,-3516480,-2305480
2011/11/03,0,3504000,-1736000,1768000
2011/11/04,0,1958000,-2692000,-734000
2011/11/07,0,358000,-572420,-214420
2011/11/08,0,667444,-2442300,-1774856
2011/11/09,0,1612572,-1455000,157572
2011/11/10,0,1819572,-5532360,-3712788
2011/11/11,0,640000,-1170694,-530694
2011/11/14,0,341000,-872642,-531642
2011/11/15,0,1404000,-1532000,-128000
2011/11/16,0,3032000,-4677639,-1645639
2011/11/17,0,1942286,-3367304,-1425018
2011/11/18,0,1557000,-4794349,-3237349
2011/11/21,0,1282000,-2534000,-1252000
2011/11/22,0,2872000,-4351549,-1479549
2011/11/23,0,1893000,-5591793,-3698793
2011/11/24,0,3375000,-1426000,1949000
2011/11/25,0,8802300,-3799000,5003300
2011/11/28,0,3166616,-2413000,753616
2011/11/29,0,1048000,-1949254,-901254
2011/11/30,0,3820000,-2092000,1728000
2011/12/01,0,5923000,-836037,5086963
2011/12/02,0,1699000,-143000,1556000
2011/12/05,0,785000,-205039,579961
2011/12/06,0,1413000,-585000,828000
2011/12/07,0,1696000,-3125688,-1429688
2011/12/08,0,1727000,-3011000,-1284000
2011/12/09,0,1562822,-4642840,-3080018
2011/12/12,0,964000,-2082000,-1118000
2011/12/13,0,340000,-1037000,-697000
2011/12/14,0,1963000,-897990,1065010
2011/12/15,0,491000,-3034680,-2543680
2011/12/16,0,1014000,-1747977,-733977
2011/12/19,0,1201000,-1539960,-338960
2011/12/20,0,1540000,-2307200,-767200
2011/12/21,0,1086000,-586059,499941
2011/12/22,0,1691000,-2582740,-891740
2011/12/23,0,1993000,-244000,1749000
2011/12/26,0,297000,-196360,100640
2011/12/27,0,718000,-231000,487000
2011/12/28,0,1341000,-483000,858000
2011/12/29,0,1563000,-424036,1138964
2011/12/30,0,1736075,-497000,1239075
2012/01/02,0,16000,-758000,-742000
2012/01/03,0,2262000,-540493,1721507
2012/01/04,0,1468000,-2819720,-1351720
2012/01/05,0,1674000,-890000,784000
2012/01/06,0,453429,-4816000,-4362571
2012/01/09,0,3462000,-1398000,2064000
2012/01/10,0,2754000,-1296400,1457600
2012/01/11,0,783000,-2204000,-1421000
2012/01/12,0,1440000,-904000,536000
2012/01/13,0,2981000,-578918,2402082
2012/01/16,0,3488210,-1524000,1964210
2012/01/17,0,1222000,-1067160,154840
2012/01/18,0,2615000,-1503000,1112000
2012/01/19,0,0,0,0
2012/01/20,0,0,0,0
2012/01/23,0,0,0,0
2012/01/24,0,0,0,0
2012/01/25,0,0,0,0
2012/01/26,0,0,0,0
2012/01/27,0,0,0,0
2012/01/30,0,8061153,-3145800,4915353
2012/01/31,0,3442000,-3310000,132000
2012/02/01,0,556000,-2507300,-1951300
2012/02/02,0,2103000,-908000,1195000
2012/02/03,0,1186000,-1449000,-263000
2012/02/06,0,784000,-1174000,-390000
2012/02/07,0,1743000,-475320,1267680
2012/02/08,0,2100000,-507000,1593000
2012/02/09,0,4023000,-6877640,-2854640
2012/02/10,0,1824000,-374000,1450000
2012/02/13,0,1768000,-677000,1091000
2012/02/14,0,1251666,-1411700,-160034
2012/02/15,0,4654000,-371000,4283000
2012/02/16,0,4196000,-2342860,1853140
2012/02/17,0,2371000,-1396120,974880
2012/02/20,0,537000,-512000,25000
2012/02/21,0,425000,-737000,-312000
2012/02/22,0,2291000,-1297200,993800
2012/02/23,0,1479000,-2244000,-765000
2012/02/24,0,1086000,-470000,616000
2012/02/27,0,0,0,0
2012/02/28,0,0,0,0
2012/02/29,0,3535000,-1152540,2382460
2012/03/01,0,893090,-1031000,-137910
2012/03/02,0,944522,-259000,685522
2012/03/05,0,362000,-955000,-593000
2012/03/06,0,1560000,-815780,744220
2012/03/07,0,879000,-1732940,-853940
2012/03/08,0,1331966,-2128000,-796034
2012/03/09,0,2870000,-2013000,857000
2012/03/12,0,83000,-1074000,-991000
2012/03/13,0,2425000,-1892160,532840
2012/03/14,0,2136650,-1754592,382058
2012/03/15,0,618000,-1396000,-778000
2012/03/16,0,1026000,-1736880,-710880
2012/03/19,0,230000,-964920,-734920
2012/03/20,0,438000,-943000,-505000
2012/03/21,0,1142467,-1796887,-654420
2012/03/22,0,2787000,-1177000,1610000
2012/03/23,0,1583000,-1412619,170381
2012/03/26,0,469261,-5265660,-4796399
2012/03/27,0,1170000,-1606000,-436000
2012/03/28,0,1247000,-339540,907460
2012/03/29,0,1384000,-3167046,-1783046
2012/03/30,0,1622000,-3406783,-1784783
2012/04/02,0,792000,-666500,125500
2012/04/03,0,2610961,-1113000,1497961
2012/04/04,0,0,0,0
2012/04/05,0,779000,-2333000,-1554000
2012/04/06,0,208100,-2908538,-2700438
2012/04/09,0,360000,-1192000,-832000
2012/04/10,0,1623000,-1139000,484000
2012/04/11,0,1488000,-1450445,37555
2012/04/12,0,2110000,-3737660,-1627660
2012/04/13,0,1687738,-1935198,-247460
2012/04/16,0,759000,-2212000,-1453000
2012/04/17,0,906000,-1333000,-427000
2012/04/18,0,416000,-1411740,-995740
2012/04/19,0,1156000,-722000,434000
2012/04/20,0,705000,-722329,-17329
2012/04/23,0,488902,-440122,48780
2012/04/24,0,2114000,-3219000,-1105000
2012/04/25,0,2856000,-2015860,840140
2012/04/26,0,3821000,-3266989,554011
2012/04/27,0,1242197,-3636000,-2393803
2012/04/30,0,1529000,-3424055,-1895055
2012/05/01,0,0,0,0
2012/05/02,0,4635000,-6525000,-1890000
2012/05/03,0,1481000,-2535080,-1054080
2012/05/04,0,1335000,-5571000,-4236000
2012/05/07,0,768000,-3854789,-3086789
2012/05/08,0,1589000,-3893900,-2304900
2012/05/09,0,507837,-3803000,-3295163
2012/05/10,0,564195,-2257864,-1693669
2012/05/11,0,510335,-2547000,-2036665
2012/05/14,0,305000,-1828000,-1523000
2012/05/15,0,850000,-2750432,-1900432
2012/05/16,0,957710,-4426160,-3468450
2012/05/17,0,3248000,-2023400,1224600
2012/05/18,0,1630000,-2279475,-649475
2012/05/21,0,689000,-1916969,-1227969
2012/05/22,0,807000,-2179000,-1372000
2012/05/23,0,627710,-3088310,-2460600
2012/05/24,0,1336000,-814000,522000
2012/05/25,0,900000,-265217,634783
2012/05/28,0,355228,-185228,170000
2012/05/29,0,1185000,-643000,542000
2012/05/30,0,3912000,-3829850,82150
2012/05/31,0,3892325,-3044194,848131
2012/06/01,0,990000,-1705813,-715813
2012/06/04,0,1891054,-548976,1342078
2012/06/05,0,1305000,-837000,468000
2012/06/06,0,625000,-966757,-341757
2012/06/07,0,2230102,-1134000,1096102
2012/06/08,0,863763,-745416,118347
2012/06/11,0,1883854,-470000,1413854
2012/06/12,0,894000,-938000,-44000
2012/06/13,0,786892,-1178622,-391730
2012/06/14,0,782956,-1481296,-698340
2012/06/15,0,4562000,-3411928,1150072
2012/06/18,0,2838276,-263825,2574451
2012/06/19,0,1018840,-1379000,-360160
2012/06/20,0,1945820,-993000,952820
2012/06/21,0,1361255,-366000,995255
2012/06/22,0,380855,-1263000,-882145
2012/06/25,0,305000,-1577120,-1272120
2012/06/26,0,687000,-528000,159000
2012/06/27,0,409000,-790680,-381680
2012/06/28,0,947000,-974580,-27580
2012/06/29,0,2268000,-1078400,1189600
2012/07/02,0,615000,-2696000,-2081000
2012/07/03,0,1439000,-2079000,-640000
2012/07/04,0,924840,-2417734,-1492894
2012/07/05,0,568000,-1833112,-1265112
2012/07/06,0,1231000,-1502000,-271000
2012/07/09,0,704000,-743000,-39000
2012/07/10,0,1637196,-993640,643556
2012/07/11,0,1264000,-656000,608000
2012/07/12,0,793000,-1892789,-1099789
2012/07/13,0,908241,-664897,243344
2012/07/16,0,733000,-821000,-88000
2012/07/17,0,1811000,-1846000,-35000
2012/07/18,0,537000,-2986000,-2449000
2012/07/19,0,1715000,-3344000,-1629000
2012/07/20,0,662000,-1276228,-614228
2012/07/23,0,706000,-3507000,-2801000
2012/07/24,0,1410000,-2647000,-1237000
2012/07/25,0,1250000,-5098133,-3848133
2012/07/26,0,1513000,-2614490,-1101490
2012/07/27,0,805000,-2551000,-1746000
2012/07/30,0,1392303,-1250030,142273
2012/07/31,0,3683363,-1088000,2595363
2012/08/01,0,754000,-761000,-7000
2012/08/02,0,0,0,0
2012/08/03,0,2139575,-1166000,973575
2012/08/06,0,2379000,-329000,2050000
2012/08/07,0,4032000,-1502000,2530000
2012/08/08,0,4598609,-325000,4273609
2012/08/09,0,6243000,-623000,5620000
2012/08/10,0,2961000,-605000,2356000
2012/08/13,0,2911980,-924000,1987980
2012/08/14,0,3494406,-947000,2547406
2012/08/15,0,2545000,-2879012,-334012
2012/08/16,0,1773000,-1702000,71000
2012/08/17,0,1443020,-1929000,-485980
2012/08/20,0,975000,-2171259,-1196259
2012/08/21,0,2295598,-3159000,-863402
2012/08/22,0,994237,-966000,28237
2012/08/23,0,639330,-200303,439027
2012/08/24,0,98000,-313000,-215000
2012/08/27,0,666000,-515000,151000
2012/08/28,0,533450,-633000,-99550
2012/08/29,0,444000,-616832,-172832
2012/08/30,0,2431704,-2721000,-289296
2012/08/31,0,1052022,-606731,445291
2012/09/03,0,345000,-763000,-418000
2012/09/04,0,140000,-246000,-106000
2012/09/05,0,954726,-2760000,-1805274
2012/09/06,0,1310000,-2459300,-1149300
2012/09/07,0,1366104,-122150,1243954
2012/09/10,0,758513,-306000,452513
2012/09/11,0,1046000,-204000,842000
2012/09/12,0,2584100,-16000,2568100
2012/09/13,0,1331000,-73000,1258000
2012/09/14,0,5086000,-153000,4933000
2012/09/17,0,4412000,-751540,3660460
2012/09/18,0,1258000,-166000,1092000
2012/09/19,0,2930499,-39000,2891499
2012/09/20,0,2571690,-82078,2489612
2012/09/21,0,3552760,-1114840,2437920
2012/09/24,0,1005000,-278000,727000
2012/09/25,0,2243000,-215000,2028000
2012/09/26,0,1588000,-3119000,-1531000
2012/09/27,0,2175610,-954486,1221124
2012/09/28,0,1640966,-3315705,-1674739
2012/10/01,0,909410,-632000,277410
2012/10/02,0,937000,-127440,809560
2012/10/03,0,461000,-297998,163002
2012/10/04,0,1485000,-337000,1148000
2012/10/05,0,742000,-476545,265455
2012/10/08,0,2658200,-317037,2341163
2012/10/09,0,1829000,-508430,1320570
2012/10/10,0,0,0,0
2012/10/11,0,1060820,-2094306,-1033486
2012/10/12,0,729870,-626000,103870
2012/10/15,0,1171000,-188079,982921
2012/10/16,0,948000,-822830,125170
2012/10/17,0,754000,-1011555,-257555
2012/10/18,0,505000,-1064195,-559195
2012/10/19,0,1039000,-453000,586000
2012/10/22,0,219000,-530134,-311134
2012/10/23,0,184200,-905971,-721771
2012/10/24,0,117500,-1328930,-1211430
2012/10/25,0,493000,-803570,-310570
2012/10/26,0,1016000,-1804000,-788000
2012/10/29,0,404800,-1088266,-683466
2012/10/30,0,610000,-1672860,-1062860
2012/10/31,0,1174180,-1748000,-573820
2012/11/01,0,1801000,-2412000,-611000
2012/11/02,0,1430000,-990000,440000
2012/11/05,0,915000,-2052000,-1137000
2012/11/06,0,574500,-1940340,-1365840
2012/11/07,0,1805250,-813000,992250
2012/11/08,0,1608000,-1941394,-333394
2012/11/09,0,567000,-1543000,-976000
2012/11/12,0,757000,-845210,-88210
2012/11/13,0,1312000,-2027000,-715000
2012/11/14,0,1262000,-1240560,21440
2012/11/15,0,1852000,-1520000,332000
2012/11/16,0,1213000,-1464283,-251283
2012/11/19,0,615000,-558759,56241
2012/11/20,0,552000,-898000,-346000
2012/11/21,0,2113000,-1956240,156760
2012/11/22,0,419000,-333000,86000
2012/11/23,0,2457000,-1991940,465060
2012/11/26,0,1291000,-3808000,-2517000
2012/11/27,0,2284000,-2463060,-179060
2012/11/28,0,4451100,-3556287,894813
2012/11/29,0,5554319,-2818110,2736209
2012/11/30,0,4550000,-1535770,3014230
2012/12/03,0,2386755,-1455486,931269
2012/12/04,0,1390289,-1160536,229753
2012/12/05,0,1860000,-2747000,-887000
2012/12/06,0,1600000,-1021570,578430
2012/12/07,0,1533000,-1865963,-332963
2012/12/10,0,1707000,-1393564,313436
2012/12/11,0,2494904,-3410741,-915837
2012/12/12,0,3110000,-3203000,-93000
2012/12/13,0,2710807,-1725000,985807
2012/12/14,0,2147447,-2365000,-217553
2012/12/17,0,1767000,-659514,1107486
2012/12/18,0,2888000,-1180000,1708000
2012/12/19,0,3197311,-1295400,1901911
2012/12/20,0,1876000,-2158000,-282000
2012/12/21,0,1613000,-3133036,-1520036
2012/12/24,0,562000,-887000,-325000
2012/12/25,0,796000,-786000,10000
2012/12/26,0,3353500,-2501000,852500
2012/12/27,0,1425687,-1000000,425687
2012/12/28,0,2303000,-1173000,1130000
2012/12/31,0,0,0,0
2013/01/01,0,0,0,0
2013/01/02,0,1537000,-1137000,400000
2013/01/03,0,1040000,-962000,78000
2013/01/04,0,1808200,-2116000,-307800
2013/01/07,0,549000,-2155200,-1606200
2013/01/08,0,722000,-921000,-199000
2013/01/09,0,792000,-813734,-21734
2013/01/10,0,2729000,-1169498,1559502
2013/01/11,0,832000,-603164,228836
2013/01/14,0,1899000,-655217,1243783
2013/01/15,0,1393000,-1372000,21000
2013/01/16,0,910000,-1905071,-995071
2013/01/17,0,52895300,-8545000,44350300
2013/01/18,0,13955000,-17722000,-3767000
2013/01/21,0,2242000,-4035000,-1793000
2013/01/22,0,3790000,-7020143,-3230143
2013/01/23,0,2790000,-4987876,-2197876
2013/01/24,0,2381000,-7805000,-5424000
2013/01/25,0,2570287,-4548000,-1977713
2013/01/28,0,1593000,-2670000,-1077000
2013/01/29,0,2443000,-6621000,-4178000
2013/01/30,0,2581500,-3140000,-558500
2013/01/31,0,4432280,-2584000,1848280
2013/02/01,0,2687000,-2917000,-230000
2013/02/04,0,1251000,-1406000,-155000
2013/02/05,0,3455000,-3778060,-323060
2013/02/06,0,1925408,-2590120,-664712
2013/02/07,0,0,0,0
2013/02/08,0,0,0,0
2013/02/11,0,0,0,0
2013/02/12,0,0,0,0
2013/02/13,0,0,0,0
2013/02/14,0,0,0,0
2013/02/15,0,0,0,0
2013/02/18,0,4982355,-1816000,3166355
2013/02/19,0,1144791,-2629000,-1484209
2013/02/20,0,2363033,-3222680,-859647
2013/02/21,0,2690927,-2573776,117151
2013/02/22,0,2258000,-4813380,-2555380
2013/02/25,0,2007000,-2372030,-365030
2013/02/26,0,4452000,-2938530,1513470
2013/02/27,0,7219614,-5286037,1933577
2013/02/28,0,0,0,0
2013/03/01,0,2903000,-3069000,-166000
2013/03/04,0,1374000,-2627319,-1253319
2013/03/05,0,1522820,-1300722,222098
2013/03/06,0,1700000,-92000,1608000
2013/03/07,0,1944000,-930764,1013236
2013/03/08,0,869800,-1205000,-335200
2013/03/11,0,704000,-1535000,-831000
2013/03/12,0,1374000,-1343256,30744
2013/03/13,0,1156000,-2919000,-1763000
2013/03/14,0,574000,-2050611,-1476611
2013/03/15,0,1101670,-3139000,-2037330
2013/03/18,0,470000,-2596480,-2126480
2013/03/19,0,732000,-2223843,-1491843
2013/03/20,0,755000,-3017237,-2262237
2013/03/21,0,843669,-2173000,-1329331
2013/03/22,0,768000,-1239004,-471004
2013/03/25,0,188000,-701000,-513000
2013/03/26,0,1536000,-3426000,-1890000
2013/03/27,0,1934000,-2311599,-377599
2013/03/28,0,754000,-1541000,-787000
2013/03/29,0,717000,-809000,-92000
2013/04/01,0,236626,-894000,-657374
2013/04/02,0,897957,-1057000,-159043
2013/04/03,0,666348,-1010160,-343812
2013/04/04,0,0,0,0
2013/04/05,0,0,0,0
2013/04/08,0,612000,-2642780,-2030780
2013/04/09,0,488000,-3070245,-2582245
2013/04/10,0,2700000,-3083000,-383000
2013/04/11,0,2293291,-3448194,-1154903
2013/04/12,0,728000,-780831,-52831
2013/04/15,0,1709152,-1149000,560152
2013/04/16,0,1596902,-1485000,111902
2013/04/17,0,1420000,-2868160,-1448160
2013/04/18,0,896000,-2051520,-1155520
2013/04/19,0,1640000,-197000,1443000
2013/04/22,0,2307000,-1087160,1219840
2013/04/23,0,2908100,-1039000,1869100
2013/04/24,0,2409000,-688000,1721000
2013/04/25,0,3052962,-254317,2798645
2013/04/26,0,2452000,-575000,1877000
2013/04/29,0,2035000,-365000,1670000
2013/04/30,0,2934000,-2089000,845000
2013/05/01,0,0,0,0
2013/05/02,0,1847000,-1223169,623831
2013/05/03,0,1281000,-705000,576000
2013/05/06,0,1740000,-145625,1594375
2013/05/07,0,1491000,-1818289,-327289
2013/05/08,0,2287638,-4241655,-1954017
2013/05/09,0,1569803,-1250368,319435
2013/05/10,0,3146000,-1812300,1333700
2013/05/13,0,2155500,-1346900,808600
2013/05/14,0,1255000,-1786890,-531890
2013/05/15,0,3053000,-2397409,655591
2013/05/16,0,2402000,-168000,2234000
2013/05/17,0,1961664,-544000,1417664
2013/05/20,0,992166,-283000,709166
2013/05/21,0,1321000,-211771,1109229
2013/05/22,0,1101000,-581020,519980
2013/05/23,0,988000,-1705980,-717980
2013/05/24,0,489088,-797000,-307912
2013/05/27,0,333544,-207000,126544
2013/05/28,0,541160,-899000,-357840
2013/05/29,0,1073000,-849000,224000
2013/05/30,0,1541000,-3744000,-2203000
2013/05/31,0,1589193,-2682700,-1093507
2013/06/03,0,643000,-2262000,-1619000
2013/06/04,0,677000,-2539000,-1862000
2013/06/05,0,685686,-941000,-255314
2013/06/06,0,1066211,-2356000,-1289789
2013/06/07,0,2133592,-1674162,459430
2013/06/10,0,835800,-937000,-101200
2013/06/11,0,1094082,-1455489,-361407
2013/06/12,0,0,0,0
2013/06/13,0,1231000,-4053118,-2822118
2013/06/14,0,849000,-2117000,-1268000
2013/06/17,0,599000,-771512,-172512
2013/06/18,0,831000,-1140000,-309000
2013/06/19,0,827000,-1938423,-1111423
2013/06/20,0,909000,-4068560,-3159560
2013/06/21,0,1708000,-4808437,-3100437
2013/06/24,0,454000,-2656000,-2202000
2013/06/25,0,710000,-2067646,-1357646
2013/06/26,0,3055000,-2551475,503525
2013/06/27,0,2008000,-1643000,365000
2013/06/28,0,4164000,-2619000,1545000
2013/07/01,0,1480000,-1530158,-50158
2013/07/02,0,643090,-1162559,-519469
2013/07/03,0,1298000,-1057820,240180
2013/07/04,0,551000,-992000,-441000
2013/07/05,0,1456000,-2840380,-1384380
2013/07/08,0,1259000,-2844000,-1585000
2013/07/09,0,1272000,-782930,489070
2013/07/10,0,915000,-1024000,-109000
2013/07/11,0,4243836,-577000,3666836
2013/07/12,0,2023000,-444000,1579000
2013/07/15,0,2358949,-944689,1414260
2013/07/16,0,2372000,-1109000,1263000
2013/07/17,0,2411000,-892000,1519000
2013/07/18,0,2871000,-1535000,1336000
2013/07/19,0,3335223,-2834520,500703
2013/07/22,0,2198008,-187000,2011008
2013/07/23,0,3061000,-313170,2747830
2013/07/24,0,2541000,-1700000,841000
2013/07/25,0,1173000,-767000,406000
2013/07/26,0,1566000,-416000,1150000
2013/07/29,0,1736000,-725000,1011000
2013/07/30,0,2260000,-954247,1305753
2013/07/31,0,1921000,-1287188,633812
2013/08/01,0,1427000,-1561000,-134000
2013/08/02,0,1219000,-986000,233000
2013/08/05,0,795000,-209000,586000
2013/08/06,0,1552000,-2038000,-486000
2013/08/07,0,5389000,-2867020,2521980
2013/08/08,0,2187000,-2229000,-42000
2013/08/09,0,369000,-1880000,-1511000
2013/08/12,0,1671350,-948906,722444
2013/08/13,0,1043000,-1048900,-5900
2013/08/14,0,852859,-1682000,-829141
2013/08/15,0,1844000,-1867994,-23994
2013/08/16,0,2068405,-1755410,312995
2013/08/19,0,1439120,-1106000,333120
2013/08/20,0,1351098,-2530324,-1179226
2013/08/21,0,0,0,0
2013/08/22,0,3808694,-3641546,167148
2013/08/23,0,1974000,-1183254,790746
2013/08/26,0,1515000,-514000,1001000
2013/08/27,0,1970000,-1478010,491990
2013/08/28,0,2887000,-3176000,-289000
2013/08/29,0,3544160,-1219000,2325160
2013/08/30,0,6580490,-2526297,4054193
2013/09/02,0,4632000,-1951000,2681000
2013/09/03,0,3735000,-1331860,2403140
2013/09/04,0,2677000,-1283000,1394000
2013/09/05,0,5416139,-2558000,2858139
2013/09/06,0,5303000,-953000,4350000
2013/09/09,0,3658000,-568000,3090000
2013/09/10,0,7502000,-1158483,6343517
2013/09/11,0,5151079,-2711868,2439211
2013/09/12,0,5318000,-3018358,2299642
2013/09/13,0,1371000,-1374000,-3000
2013/09/16,0,2318000,-1874000,444000
2013/09/17,0,1820000,-1139967,680033
2013/09/18,0,2118707,-1004854,1113853
2013/09/19,0,0,0,0
2013/09/20,0,0,0,0
2013/09/23,0,2205160,-1216000,989160
2013/09/24,0,2013000,-2626481,-613481
2013/09/25,0,3306860,-2247860,1059000
2013/09/26,0,1984000,-1443000,541000
2013/09/27,0,1370000,-2496136,-1126136
2013/09/30,0,3718999,-3631185,87814
2013/10/01,0,1027000,-753953,273047
2013/10/02,0,1661014,-1881347,-220333
2013/10/03,0,2922694,-1110049,1812645
2013/10/04,0,3238000,-489987,2748013
2013/10/07,0,2082382,-1182000,900382
2013/10/08,0,2762000,-1905000,857000
2013/10/09,0,3193000,-449600,2743400
2013/10/10,0,0,0,0
2013/10/11,0,9436617,-1669617,7767000
2013/10/14,0,2908000,-2643290,264710
2013/10/15,0,5243000,-1702972,3540028
2013/10/16,0,2670497,-1371897,1298600
2013/10/17,0,2894437,-712245,2182192
2013/10/18,0,2705000,-689453,2015547
2013/10/21,0,1769000,-810000,959000
2013/10/22,0,815000,-1102000,-287000
2013/10/23,0,1373935,-891000,482935
2013/10/24,0,806000,-1519000,-713000
2013/10/25,0,713000,-1827000,-1114000
2013/10/28,0,1289000,-1117840,171160
2013/10/29,0,1671000,-1125000,546000
2013/10/30,0,2629270,-1505960,1123310
2013/10/31,0,6065000,-2329032,3735968
2013/11/01,0,2209000,-2852115,-643115
2013/11/04,0,775600,-1797000,-1021400
2013/11/05,0,658000,-2084947,-1426947
2013/11/06,0,984000,-579181,404819
2013/11/07,0,943000,-1293000,-350000
2013/11/08,0,1091380,-2486000,-1394620
2013/11/11,0,293000,-993000,-700000
2013/11/12,0,2050000,-1295000,755000
2013/11/13,0,783509,-1702000,-918491
2013/11/14,0,616000,-1595851,-979851
2013/11/15,0,3531000,-1500000,2031000
2013/11/18,0,1251000,-1993575,-742575
2013/11/19,0,943000,-408338,534662
2013/11/20,0,1229000,-1622810,-393810
2013/11/21,0,388000,-1776040,-1388040
2013/11/22,0,232000,-1218817,-986817
2013/11/25,0,656000,-121000,535000
2013/11/26,0,2094000,-2254420,-160420
2013/11/27,0,1680382,-1965286,-284904
2013/11/28,0,4633000,-777734,3855266
2013/11/29,0,1173240,-1124000,49240
2013/12/02,0,384382,-1026000,-641618
2013/12/03,0,932068,-2526879,-1594811
2013/12/04,0,1428000,-2696600,-1268600
2013/12/05,0,660000,-786000,-126000
2013/12/06,0,724000,-1488058,-764058
2013/12/09,0,2258000,-1721016,536984
2013/12/10,0,1611000,-1141000,470000
2013/12/11,0,1451000,-691000,760000
2013/12/12,0,384260,-2087494,-1703234
2013/12/13,0,1442000,-840000,602000
2013/12/16,0,126000,-2372484,-2246484
2013/12/17,0,350000,-3966000,-3616000
2013/12/18,0,983000,-4521400,-3538400
2013/12/19,0,799000,-2101320,-1302320
2013/12/20,0,939000,-984079,-45079
2013/12/23,0,584000,-1079760,-495760
2013/12/24,0,346000,-792000,-446000
2013/12/25,0,192000,-180000,12000
2013/12/26,0,25000,-160000,-135000
2013/12/27,0,867000,-1313000,-446000
2013/12/30,0,1080000,-2092588,-1012588
2013/12/31,0,1034000,-236000,798000
2014/01/02,0,179000,-423000,-244000
2014/01/03,0,70000,-2556000,-2486000
2014/01/06,0,760000,-2954497,-2194497
2014/01/07,0,1068000,-3949000,-2881000
2014/01/08,0,898000,-4150000,-3252000
2014/01/09,0,1853000,-4259000,-2406000
2014/01/10,0,481000,-2561000,-2080000
2014/01/13,0,590000,-3301172,-2711172
2014/01/14,0,459000,-1589000,-1130000
2014/01/15,0,2202683,-2875000,-672317
2014/01/16,0,432000,-2353335,-1921335
2014/01/17,0,279382,-1547000,-1267618
2014/01/20,0,314000,-1116168,-802168
2014/01/21,0,299000,-1557392,-1258392
2014/01/22,0,902000,-405000,497000
2014/01/23,0,1327000,-1100000,227000
2014/01/24,0,1812000,-2805602,-993602
2014/01/27,0,2825000,-5553950,-2728950
2014/02/05,0,2983000,-11137266,-8154266
2014/02/06,0,2166000,-6116618,-3950618
2014/02/07,0,1839000,-1776000,63000
2014/02/10,0,1659000,-3308000,-1649000
2014/02/11,0,430682,-664265,-233583
2014/02/12,0,2258000,-704031,1553969
2014/02/13,0,1386138,-996290,389848
2014/02/14,0,1860300,-727717,1132583
2014/02/17,0,639000,-926500,-287500
2014/02/18,0,1174000,-1376100,-202100
2014/02/19,0,1162000,-304000,858000
2014/02/20,0,1236985,-407300,829685
2014/02/21,0,4375000,-1073000,3302000
2014/02/24,0,720000,-1131000,-411000
2014/02/25,0,1780919,-806496,974423
2014/02/26,0,1793000,-1334151,458849
2014/02/27,0,1584000,-1148366,435634
2014/03/03,0,1794000,-1985200,-191200
2014/03/04,0,276000,-1172000,-896000
2014/03/05,0,528000,-383000,145000
2014/03/06,0,1647260,-844018,803242
2014/03/07,0,3548000,-399380,3148620
2014/03/10,0,1186000,-810080,375920
2014/03/11,0,1331000,-795000,536000
2014/03/12,0,532000,-279285,252715
2014/03/13,0,1201000,-2710860,-1509860
2014/03/14,0,532000,-1844860,-1312860
2014/03/17,0,405000,-831000,-426000
2014/03/18,0,1621000,-745315,875685
2014/03/19,0,166000,-1058000,-892000
2014/03/20,0,1227000,-2079861,-852861
2014/03/21,0,863000,-2040000,-1177000
2014/03/24,0,1144299,-401001,743298
2014/03/25,0,1548000,-841702,706298
2014/03/26,0,956000,-548000,408000
2014/03/27,0,35811000,-7134920,28676080
2014/03/28,0,3768000,-11583000,-7815000
2014/03/31,0,3467487,-6248870,-2781383
2014/04/01,0,3236000,-5560358,-2324358
2014/04/02,0,4342000,-4700001,-358001
2014/04/03,0,1996000,-3207127,-1211127
2014/04/07,0,3995000,-2248000,1747000
2014/04/08,0,2317080,-630000,1687080
2014/04/09,0,2625000,-902000,1723000
2014/04/10,0,7918000,-621094,7296906
2014/04/11,0,7546000,-561000,6985000
2014/04/14,0,2712000,-2591000,121000
2014/04/15,0,6989000,-1285780,5703220
2014/04/16,0,5404000,-1270000,4134000
2014/04/17,0,9214000,-4968000,4246000
2014/04/18,0,597000,-107000,490000
2014/04/21,0,576000,-43000,533000
2014/04/22,0,1418000,-840000,578000
2014/04/23,0,6575000,-1340738,5234262
2014/04/24,0,4486000,-1823360,2662640
2014/04/25,0,2224000,-1499000,725000
2014/04/28,0,1503000,-1008000,495000
2014/04/29,0,3190000,-873000,2317000
2014/04/30,0,8522000,-5571181,2950819
2014/05/02,0,2983000,-730000,2253000
2014/05/05,0,1202120,-1998000,-795880
2014/05/06,0,1520000,-2050000,-530000
2014/05/07,0,3531000,-3168000,363000
2014/05/08,0,2461000,-1576732,884268
2014/05/09,0,2870000,-1444376,1425624
2014/05/12,0,2308080,-1769000,539080
2014/05/13,0,2687000,-578000,2109000
2014/05/14,0,4311000,-2898000,1413000
2014/05/15,0,1007000,-1070000,-63000
2014/05/16,0,3088446,-780000,2308446
2014/05/19,0,1323180,-2134864,-811684
2014/05/20,0,1773451,-2794357,-1020906
2014/05/21,0,1164000,-3482235,-2318235
2014/05/22,0,1003000,-5701000,-4698000
2014/05/23,0,1046000,-1716465,-670465
2014/05/26,0,196000,-671107,-475107
2014/05/27,0,368000,-610000,-242000
2014/05/28,0,1841000,-4473000,-2632000
2014/05/29,0,865000,-4344384,-3479384
2014/05/30,0,2244000,-4582027,-2338027
2014/06/03,0,1263000,-2517790,-1254790
2014/06/04,0,389000,-4521740,-4132740
2014/06/05,0,1269000,-4895580,-3626580
2014/06/06,0,748000,-1969000,-1221000
2014/06/09,0,2078000,-2547000,-469000
2014/06/10,0,2232433,-1383900,848533
2014/06/11,0,1168500,-4800821,-3632321
2014/06/12,0,1479000,-1379000,100000
2014/06/13,0,1389000,-956020,432980
2014/06/16,0,476000,-2452167,-1976167
2014/06/17,0,2042000,-484000,1558000
2014/06/18,0,2627900,-2255000,372900
2014/06/19,0,6028729,-6073000,-44271
2014/06/20,0,2630000,-2801991,-171991
2014/06/23,0,881000,-2078315,-1197315
2014/06/24,0,1514000,-1169059,344941
2014/06/25,0,1162000,-1954180,-792180
2014/06/26,0,1426832,-1493000,-66168
2014/06/27,0,1153000,-648000,505000
2014/06/30,0,950000,-785426,164574
2014/07/01,0,1228000,-295000,933000
2014/07/02,0,881000,-631546,249454
2014/07/03,0,454000,-918000,-464000
2014/07/04,0,744000,-847715,-103715
2014/07/07,0,637702,-1166153,-528451
2014/07/08,0,724000,-843178,-119178
2014/07/09,0,919160,-416000,503160
2014/07/10,0,1668056,-1717000,-48944
2014/07/11,0,1258186,-1485000,-226814
2014/07/14,0,797000,-1047000,-250000
2014/07/15,0,572570,-274000,298570
2014/07/16,0,2085000,-968000,1117000
2014/07/17,0,1541334,-875438,665896
2014/07/18,0,927000,-782000,145000
2014/07/21,0,723000,-999444,-276444
2014/07/22,0,1870000,-714000,1156000
2014/07/23,0,0,0,0
2014/07/24,0,976779,-1188374,-211595
2014/07/25,0,1524000,-686454,837546
2014/07/28,0,3072900,-1236900,1836000
2014/07/29,0,4844000,-1419000,3425000
2014/07/30,0,4256000,-1355000,2901000
2014/07/31,0,2076000,-3146978,-1070978
2014/08/01,0,1371000,-1062000,309000
2014/08/04,0,1991000,-2143000,-152000
2014/08/05,0,2998000,-5340318,-2342318
2014/08/06,0,3192000,-1661660,1530340
2014/08/07,0,2405420,-1486610,918810
2014/08/08,0,2855783,-1559152,1296631
2014/08/11,0,3539000,-2037830,1501170
2014/08/12,0,2716800,-2113275,603525
2014/08/13,0,2358000,-1953000,405000
2014/08/14,0,1184000,-2209000,-1025000
2014/08/15,0,1173000,-1668000,-495000
2014/08/18,0,721000,-1332000,-611000
2014/08/19,0,1721335,-681000,1040335
2014/08/20,0,1518582,-967000,551582
2014/08/21,0,1756000,-239000,1517000
2014/08/22,0,3654652,-511000,3143652
2014/08/25,0,769000,-866000,-97000
2014/08/26,0,1833933,-2077000,-243067
2014/08/27,0,3654000,-2681000,973000
2014/08/28,0,1354185,-964000,390185
2014/08/29,0,1415680,-2687952,-1272272
2014/09/01,0,1202000,-1251000,-49000
2014/09/02,0,1601000,-2455000,-854000
2014/09/03,0,2344899,-1636470,708429
2014/09/04,0,893000,-2084151,-1191151
2014/09/05,0,1053000,-2571000,-1518000
2014/09/09,0,1283411,-2935411,-1652000
2014/09/10,0,1659920,-2489000,-829080
2014/09/11,0,2468000,-1708000,760000
2014/09/12,0,2544586,-574000,1970586
2014/09/15,0,892000,-1432000,-540000
2014/09/16,0,330322,-1406000,-1075678
2014/09/17,0,1541000,-1406000,135000
2014/09/18,0,957598,-540000,417598
2014/09/19,0,1237400,-1874700,-637300
2014/09/22,0,1909597,-1492000,417597
2014/09/23,0,1020000,-766000,254000
2014/09/24,0,2427000,-744000,1683000
2014/09/25,0,1941000,-1245011,695989
2014/09/26,0,846149,-231000,615149
2014/09/29,0,2269000,-3554461,-1285461
2014/09/30,0,2317000,-1622637,694363
2014/10/01,0,571198,-1677768,-1106570
2014/10/02,0,406000,-2368248,-1962248
2014/10/03,0,1081000,-746000,335000
2014/10/06,0,846488,-2276000,-1429512
2014/10/07,0,1032000,-2317357,-1285357
2014/10/08,0,6041808,-4304631,1737177
2014/10/09,0,1792000,-1755612,36388
2014/10/13,0,819000,-2024240,-1205240
2014/10/14,0,1501000,-2362580,-861580
2014/10/15,0,4217000,-3148000,1069000
2014/10/16,0,1408000,-3672080,-2264080
2014/10/17,0,1356000,-3887883,-2531883
2014/10/20,0,1228000,-788751,439249
2014/10/21,0,1077000,-1632048,-555048
2014/10/22,0,1934100,-880700,1053400
2014/10/23,0,937000,-995102,-58102
2014/10/24,0,1251900,-1628347,-376447
2014/10/27,0,1743000,-749005,993995
2014/10/28,0,4087000,-1644000,2443000
2014/10/29,0,2047000,-990000,1057000
2014/10/30,0,1093488,-1501602,-408114
2014/10/31,0,2805000,-1171000,1634000
2014/11/03,0,898630,-748600,150030
2014/11/04,0,1601000,-236100,1364900
2014/11/05,0,792000,-809847,-17847
2014/11/06,0,882800,-810960,71840
2014/11/07,0,551000,-1425461,-874461
2014/11/10,0,2295000,-707200,1587800
2014/11/11,0,1214000,-625000,589000
2014/11/12,0,3048000,-2362319,685681
2014/11/13,0,3003000,-2018120,984880
2014/11/14,0,664000,-1217289,-553289
2014/11/17,0,1540000,-1837337,-297337
2014/11/18,0,1423027,-669000,754027
2014/11/19,0,4436000,-2992000,1444000
2014/11/20,0,1702676,-829000,873676
2014/11/21,0,1538000,-1337000,201000
2014/11/24,0,1645000,-485286,1159714
2014/11/25,0,3964000,-2835294,1128706
2014/11/26,0,340000,-1568808,-1228808
2014/11/27,0,1148000,-421000,727000
2014/11/28,0,1093000,-1215000,-122000
2014/12/01,0,394000,-2740390,-2346390
2014/12/02,0,383000,-2044000,-1661000
2014/12/03,0,1701000,-900755,800245
2014/12/04,0,1412000,-1510969,-98969
2014/12/05,0,1455000,-1734000,-279000
2014/12/08,0,980000,-2104434,-1124434
2014/12/09,0,756000,-2369000,-1613000
2014/12/10,0,1380524,-3569869,-2189345
2014/12/11,0,1548000,-2219152,-671152
2014/12/12,0,1533427,-2380290,-846863
2014/12/15,0,867000,-2734000,-1867000
2014/12/16,0,423000,-2682290,-2259290
2014/12/17,0,1947000,-5220360,-3273360
2014/12/18,0,1924992,-2675363,-750371
2014/12/19,0,2777000,-1940543,836457
2014/12/22,0,871000,-881000,-10000
2014/12/23,0,1021000,-1275000,-254000
2014/12/24,0,2283000,-1994000,289000
2014/12/25,0,1153100,-195000,958100
2014/12/26,0,537000,-345000,192000
2014/12/29,0,2182000,-1730000,452000
2014/12/30,0,1414000,-1103000,311000
2014/12/31,0,1232000,-1994000,-762000
2015/01/01,0,0,0,0
2015/01/02,0,0,0,0
2015/01/05,0,1185000,-2538560,-1353560
2015/01/06,0,1298000,-3766681,-2468681
2015/01/07,0,1952000,-3014000,-1062000
2015/01/08,0,1484000,-2482780,-998780
2015/01/09,0,307000,-639959,-332959
2015/01/12,0,237000,-811908,-574908
2015/01/13,0,1639749,-652190,987559
2015/01/14,0,762000,-2408597,-1646597
2015/01/15,0,1371000,-940000,431000
2015/01/16,0,1147500,-2611494,-1463994
2015/01/19,0,1277000,-1437000,-160000
2015/01/20,0,919000,-1053662,-134662
2015/01/21,0,3502000,-1935193,1566807
2015/01/22,0,2142243,-1559021,583222
2015/01/23,0,1633000,-2059163,-426163
2015/01/26,0,920000,-1389564,-469564
2015/01/27,0,1715840,-1544498,171342
2015/01/28,0,1599000,-1348000,251000
2015/01/29,0,932000,-1945000,-1013000
2015/01/30,0,987000,-2972142,-1985142
2015/02/02,0,1426000,-1598000,-172000
2015/02/03,0,1392000,-1296040,95960
2015/02/04,0,3813026,-4469300,-656274
2015/02/05,0,2122000,-1388000,734000
2015/02/06,0,2377000,-1381980,995020
2015/02/09,0,507000,-839000,-332000
2015/02/10,0,992000,-2320300,-1328300
2015/02/11,0,1369080,-1199000,170080
2015/02/12,0,2087000,-1520000,567000
2015/02/13,0,2551000,-1558000,993000
2015/02/16,0,0,0,0
2015/02/17,0,0,0,0
2015/02/18,0,0,0,0
2015/02/19,0,0,0,0
2015/02/20,0,0,0,0
2015/02/23,0,0,0,0
2015/02/24,0,5281000,-2846822,2434178
2015/02/25,0,5874000,-3689795,2184205
2015/02/26,0,4709710,-4592256,117454
2015/02/27,0,0,0,0
2015/03/02,0,3719400,-3180400,539000
2015/03/03,0,867033,-3046608,-2179575
2015/03/04,0,1000720,-1335000,-334280
2015/03/05,0,678000,-1947000,-1269000
2015/03/06,0,1963000,-3039880,-1076880
2015/03/09,0,178000,-2017000,-1839000
2015/03/10,0,1018258,-1543572,-525314
2015/03/11,0,1816000,-3034940,-1218940
2015/03/12,0,1402000,-2531026,-1129026
2015/03/13,0,668000,-1823587,-1155587
2015/03/16,0,321000,-2815887,-2494887
2015/03/17,0,1591000,-2176349,-585349
2015/03/18,0,2491000,-2789077,-298077
2015/03/19,0,2105000,-1691244,413756
2015/03/20,0,2842892,-5536674,-2693782
2015/03/23,0,399000,-787000,-388000
2015/03/24,0,1060000,-1459570,-399570
2015/03/25,0,512000,-1312100,-800100
2015/03/26,0,1382000,-2398692,-1016692
2015/03/27,0,734000,-2913619,-2179619
2015/03/30,0,1213639,-1732639,-519000
2015/03/31,0,4019000,-1898000,2121000
2015/04/01,0,2485000,-2082700,402300
2015/04/02,0,1558427,-1464000,94427
2015/04/03,0,0,0,0
2015/04/06,0,0,0,0
2015/04/07,0,1855917,-2649000,-793083
2015/04/08,0,1665250,-2417220,-751970
2015/04/09,0,2164000,-2250294,-86294
2015/04/10,0,1788000,-3756696,-1968696
2015/04/13,0,777000,-997000,-220000
2015/04/14,0,3002342,-3782700,-780358
2015/04/15,0,1176000,-4770047,-3594047
2015/04/16,0,2928000,-4231665,-1303665
2015/04/17,0,683033,-1621260,-938227
2015/04/20,0,848993,-1531953,-682960
2015/04/21,0,516000,-602409,-86409
2015/04/22,0,2748000,-3657413,-909413
2015/04/23,0,3693000,-2091383,1601617
2015/04/24,0,4257000,-1155000,3102000
2015/04/27,0,3322852,-1543200,1779652
2015/04/28,0,3280000,-2047520,1232480
2015/04/29,0,2525000,-1833000,692000
2015/04/30,0,3746000,-5282387,-1536387
2015/05/01,0,0,0,0
2015/05/04,0,580403,-1173000,-592597
2015/05/05,0,563403,-1484980,-921577
2015/05/06,0,639597,-2896420,-2256823
2015/05/07,0,453403,-2934140,-2480737
2015/05/08,0,1242100,-1661677,-419577
2015/05/11,0,954000,-1759726,-805726
2015/05/12,0,789000,-2644000,-1855000
2015/05/13,0,3098000,-3248480,-150480
2015/05/14,0,491000,-2684731,-2193731
2015/05/15,0,307000,-1187416,-880416
2015/05/18,0,1455000,-1328000,127000
2015/05/19,0,1554000,-714000,840000
2015/05/20,0,2069000,-1660240,408760
2015/05/21,0,1186000,-3652180,-2466180
2015/05/22,0,1102100,-760000,342100
2015/05/25,0,502100,-838000,-335900
2015/05/26,0,1004000,-335000,669000
2015/05/27,0,1669766,-629316,1040450
2015/05/28,0,1960000,-2865453,-905453
2015/05/29,0,11910305,-8993869,2916436
2015/06/01,0,1119000,-5662000,-4543000
2015/06/02,0,1741403,-1949725,-208322
2015/06/03,0,1832000,-2125740,-293740
2015/06/04,0,2872500,-3528580,-656080
2015/06/05,0,1074000,-3114000,-2040000
2015/06/08,0,2616403,-1927540,688863
2015/06/09,0,1170403,-925955,244448
2015/06/10,0,1204000,-1657000,-453000
2015/06/11,0,1291000,-2404259,-1113259
2015/06/12,0,921000,-2406000,-1485000
2015/06/15,0,1166403,-1319000,-152597
2015/06/16,0,1739000,-2062617,-323617
2015/06/17,0,1927000,-3475000,-1548000
2015/06/18,0,1828615,-3915935,-2087320
2015/06/19,0,0,0,0
2015/06/22,0,3117190,-1990495,1126695
2015/06/23,0,1912248,-2208000,-295752
2015/06/24,0,1139250,-525846,613404
2015/06/25,0,3863202,-2081000,1782202
2015/06/26,0,1296403,-1106000,190403
2015/06/29,0,505000,-673539,-168539
2015/06/30,0,2299000,-2793225,-494225
2015/07/01,0,1307803,-2482000,-1174197
2015/07/02,0,966000,-2209000,-1243000
2015/07/03,0,842000,-1909000,-1067000
2015/07/06,0,1747000,-2198038,-451038
2015/07/07,0,1132000,-1664000,-532000
2015/07/08,0,1309000,-4534505,-3225505
2015/07/09,0,1338000,-4948772,-3610772
2015/07/10,0,0,0,0
2015/07/13,0,4123828,-2486109,1637719
2015/07/14,0,2666000,-1916000,750000
2015/07/15,0,1686000,-1537998,148002
2015/07/16,0,1519000,-1777300,-258300
2015/07/17,0,1254000,-1853000,-599000
2015/07/20,0,1106000,-1427540,-321540
2015/07/21,0,1381000,-510000,871000
2015/07/22,0,689000,-716000,-27000
2015/07/23,0,1015456,-972000,43456
2015/07/24,0,330427,-1547000,-1216573
2015/07/27,0,2089000,-2046000,43000
2015/07/28,0,2095666,-2539000,-443334
2015/07/29,0,1872000,-2166879,-294879
2015/07/30,0,3043000,-2089320,953680
2015/07/31,0,2060422,-2371000,-310578
2015/08/03,0,1700000,-1649000,51000
2015/08/04,0,1407000,-798793,608207
2015/08/05,0,3178000,-970000,2208000
2015/08/06,0,2586000,-1317000,1269000
2015/08/07,0,2166000,-2022000,144000
2015/08/10,0,742000,-677000,65000
2015/08/11,0,2379899,-2178880,201019
2015/08/12,0,2629000,-2337000,292000
2015/08/13,0,4380200,-1739097,2641103
2015/08/14,0,1178151,-947000,231151
2015/08/17,0,863972,-757000,106972
2015/08/18,0,2314000,-1985140,328860
2015/08/19,0,2387000,-1930000,457000
2015/08/20,0,1900520,-3717000,-1816480
2015/08/21,0,1704000,-2945706,-1241706
2015/08/24,0,2951000,-3938000,-987000
2015/08/25,0,4363229,-3664000,699229
2015/08/26,0,2794620,-3366358,-571738
2015/08/27,0,4139000,-4948237,-809237
2015/08/28,0,4448000,-3630346,817654
2015/08/31,0,3214054,-4425874,-1211820
2015/09/01,0,2258000,-2296960,-38960
2015/09/02,0,2786000,-2970978,-184978
2015/09/03,0,2008000,-2480000,-472000
2015/09/04,0,1525441,-1707137,-181696
2015/09/07,0,1198000,-1779000,-581000
2015/09/08,0,510000,-1884000,-1374000
2015/09/09,0,4165276,-1328947,2836329
2015/09/10,0,3397920,-3260190,137730
2015/09/11,0,1505000,-643000,862000
2015/09/14,0,1292000,-2325389,-1033389
2015/09/15,0,1190000,-1467000,-277000
2015/09/16,0,808000,-1364758,-556758
2015/09/17,0,2898000,-2169000,729000
2015/09/18,0,2388626,-2500426,-111800
2015/09/21,0,1334000,-1651820,-317820
2015/09/22,0,613000,-1121450,-508450
2015/09/23,0,984000,-2363532,-1379532
2015/09/24,0,774000,-3441000,-2667000
2015/09/25,0,800996,-1678383,-877387
2015/09/28,0,0,0,0
2015/09/29,0,0,0,0
2015/09/30,0,2989000,-6067616,-3078616
2015/10/01,0,2320493,-1946000,374493
2015/10/02,0,1264000,-898000,366000
2015/10/05,0,1373470,-641580,731890
2015/10/06,0,3275000,-2083236,1191764
2015/10/07,0,2313840,-2233010,80830
2015/10/08,0,1366000,-1479000,-113000
2015/10/09,0,0,0,0
2015/10/12,0,4144349,-894000,3250349
2015/10/13,0,1754357,-2230390,-476033
2015/10/14,0,1281000,-1265200,15800
2015/10/15,0,2474000,-561117,1912883
2015/10/16,0,2406000,-799000,1607000
2015/10/19,0,1554000,-770310,783690
2015/10/20,0,2713130,-1167714,1545416
2015/10/21,0,1437000,-906000,531000
2015/10/22,0,1397668,-790000,607668
2015/10/23,0,2178712,-1077503,1101209
2015/10/26,0,2226000,-1145012,1080988
2015/10/27,0,1985000,-1590563,394437
2015/10/28,0,1767000,-1551414,215586
2015/10/29,0,1381000,-2038068,-657068
2015/10/30,0,1623000,-2665000,-1042000
2015/11/02,0,1089000,-816000,273000
2015/11/03,0,2400000,-1514663,885337
2015/11/04,0,3416000,-1420499,1995501
2015/11/05,0,1124000,-1558010,-434010
2015/11/06,0,1504000,-4201367,-2697367
2015/11/09,0,581000,-1611077,-1030077
2015/11/10,0,514000,-3074000,-2560000
2015/11/11,0,1424000,-2404000,-980000
2015/11/12,0,3196380,-4593000,-1396620
2015/11/13,0,2646472,-8354409,-5707937
2015/11/16,0,2411625,-3258000,-846375
2015/11/17,0,1076000,-4093020,-3017020
2015/11/18,0,2063000,-6311000,-4248000
2015/11/19,0,2810000,-3602432,-792432
2015/11/20,0,1229000,-2565000,-1336000
2015/11/23,0,1194250,-2463000,-1268750
2015/11/24,0,1630000,-2610855,-980855
2015/11/25,0,884538,-3290938,-2406400
2015/11/26,0,1585350,-2341538,-756188
2015/11/27,0,661000,-2920543,-2259543
2015/11/30,0,6939286,-10555405,-3616119
2015/12/01,0,3966000,-2140993,1825007
2015/12/02,0,936000,-1651000,-715000
2015/12/03,0,1228000,-2009668,-781668
2015/12/04,0,806000,-2632000,-1826000
2015/12/07,0,1019000,-837000,182000
2015/12/08,0,294000,-2603000,-2309000
2015/12/09,0,856000,-2209122,-1353122
2015/12/10,0,2550000,-4145249,-1595249
2015/12/11,0,2251600,-3404715,-1153115
2015/12/14,0,532000,-1340486,-808486
2015/12/15,0,967599,-2428000,-1460401
2015/12/16,0,1038205,-1457800,-419595
2015/12/17,0,1878522,-1231331,647191
2015/12/18,0,2069864,-4074022,-2004158
2015/12/21,0,466208,-880000,-413792
2015/12/22,0,848527,-1489640,-641113
2015/12/23,0,1685205,-705000,980205
2015/12/24,0,540000,-1062000,-522000
2015/12/25,0,312000,-368000,-56000
2015/12/28,0,1177000,-639000,538000
2015/12/29,0,389000,-1227000,-838000
2015/12/30,0,468000,-1231652,-763652
2015/12/31,0,600000,-732001,-132001
2016/01/01,0,0,0,0
2016/01/04,0,831400,-3410000,-2578600
2016/01/05,0,921346,-1355000,-433654
2016/01/06,0,1592475,-1725828,-133353
2016/01/07,0,2485030,-2544220,-59190
2016/01/08,0,869000,-3861390,-2992390
2016/01/11,0,998000,-3053000,-2055000
2016/01/12,0,1026000,-2072000,-1046000
2016/01/13,0,1535000,-1655980,-120980
2016/01/14,0,916078,-1370000,-453922
2016/01/15,0,1052000,-2507250,-1455250
2016/01/18,0,2012000,-2686000,-674000
2016/01/19,0,1430000,-1598399,-168399
2016/01/20,0,4449205,-5062000,-612795
2016/01/21,0,1028154,-1753000,-724846
2016/01/22,0,1090000,-948000,142000
2016/01/25,0,1401000,-928000,473000
2016/01/26,0,738205,-1807000,-1068795
2016/01/27,0,1675000,-1556566,118434
2016/01/28,0,1846000,-1945637,-99637
2016/01/29,0,3862270,-2282810,1579460
2016/02/01,0,1690828,-1564000,126828
2016/02/02,0,1112941,-1620288,-507347
2016/02/03,0,1083000,-2864132,-1781132
2016/02/04,0,0,0,0
2016/02/05,0,0,0,0
2016/02/08,0,0,0,0
2016/02/09,0,0,0,0
2016/02/10,0,0,0,0
2016/02/11,0,0,0,0
2016/02/12,0,0,0,0
2016/02/15,0,2086078,-1637390,448688
2016/02/16,0,2318000,-1132076,1185924
2016/02/17,0,1808256,-1138685,669571
2016/02/18,0,2273161,-2589000,-315839
2016/02/19,0,1728000,-1427989,300011
2016/02/22,0,1799000,-1507000,292000
2016/02/23,0,1538933,-1288606,250327
2016/02/24,0,2355000,-1396162,958838
2016/02/25,0,3035125,-1823000,1212125
2016/02/26,0,3499864,-4193468,-693604
2016/02/29,0,0,0,0
2016/03/01,0,2175855,-2808550,-632695
2016/03/02,0,1118000,-1793000,-675000
2016/03/03,0,4596553,-3599500,997053
2016/03/04,0,1905000,-2019000,-114000
2016/03/07,0,3190000,-985000,2205000
2016/03/08,0,2832000,-1743946,1088054
2016/03/09,0,2179000,-2628092,-449092
2016/03/10,0,2346000,-894440,1451560
2016/03/11,0,2426000,-1013000,1413000
2016/03/14,0,2543858,-2930060,-386202
2016/03/15,0,2766000,-1558000,1208000
2016/03/16,0,2866000,-1485120,1380880
2016/03/17,0,3842898,-2562000,1280898
2016/03/18,0,8762000,-6660661,2101339
2016/03/21,0,1512000,-2879000,-1367000
2016/03/22,0,3613800,-2930007,683793
2016/03/23,0,1839000,-1386000,453000
2016/03/24,0,1044000,-608000,436000
2016/03/25,0,190000,-253000,-63000
2016/03/28,0,1032000,-395000,637000
2016/03/29,0,1473000,-714400,758600
2016/03/30,0,3974000,-663000,3311000
2016/03/31,0,3112000,-4339683,-1227683
2016/04/01,0,1839000,-4111169,-2272169
2016/04/04,0,0,0,0
2016/04/05,0,0,0,0
2016/04/06,0,3230948,-4285350,-1054402
2016/04/07,0,2149000,-4169000,-2020000
2016/04/08,0,2542000,-3104000,-562000
2016/04/11,0,2492000,-2122851,369149
2016/04/12,0,2297219,-1099989,1197230
2016/04/13,0,3244000,-1179000,2065000
2016/04/14,0,3323000,-1299105,2023895
2016/04/15,0,3920000,-1148000,2772000
2016/04/18,0,3193000,-1307000,1886000
2016/04/19,0,3333000,-3916200,-583200
2016/04/20,0,2642910,-2984000,-341090
2016/04/21,0,1452000,-515000,937000
2016/04/22,0,1295846,-802000,493846
2016/04/25,0,1302000,-603373,698627
2016/04/26,0,3100879,-1211000,1889879
2016/04/27,0,2208000,-2300000,-92000
2016/04/28,0,2320826,-2285000,35826
2016/04/29,0,3200000,-3484360,-284360
2016/05/02,0,0,0,0
2016/05/03,0,3066000,-2244007,821993
2016/05/04,0,2417000,-3760213,-1343213
2016/05/05,0,1825000,-3308000,-1483000
2016/05/06,0,4774896,-4036737,738159
2016/05/09,0,931000,-2065000,-1134000
2016/05/10,0,1815948,-2903000,-1087052
2016/05/11,0,1446000,-5003000,-3557000
2016/05/12,0,1974284,-1931000,43284
2016/05/13,0,2308000,-3899000,-1591000
2016/05/16,0,1287000,-2106000,-819000
2016/05/17,0,1263000,-2892974,-1629974
2016/05/18,0,1294779,-3780000,-2485221
2016/05/19,0,1419000,-4006000,-2587000
2016/05/20,0,1364000,-2317269,-953269
2016/05/23,0,3162589,-1431000,1731589
2016/05/24,0,944500,-1685000,-740500
2016/05/25,0,1565948,-1397000,168948
2016/05/26,0,2078000,-1982000,96000
2016/05/27,0,2783245,-510000,2273245
2016/05/30,0,2198000,-1875000,323000
2016/05/31,0,5683673,-5436845,246828
2016/06/01,0,1614922,-1012000,602922
2016/06/02,0,2084848,-1610000,474848
2016/06/03,0,3459000,-1101000,2358000
2016/06/06,0,1332000,-1657047,-325047
2016/06/07,0,5351000,-573000,4778000
2016/06/08,0,4174000,-655000,3519000
2016/06/09,0,0,0,0
2016/06/10,0,0,0,0
2016/06/13,0,1311000,-1736816,-425816
2016/06/14,0,1376963,-704000,672963
2016/06/15,0,1739000,-1259057,479943
2016/06/16,0,1576000,-2268000,-692000
2016/06/17,0,9840000,-1416000,8424000
2016/06/20,0,6234000,-717000,5517000
2016/06/21,0,4369886,-806427,3563459
2016/06/22,0,5621240,-1209000,4412240
2016/06/23,0,1386998,-596634,790364
2016/06/24,0,3068365,-3480000,-411635
2016/06/27,0,1823000,-668540,1154460
2016/06/28,0,954000,-1801453,-847453
2016/06/29,0,1855000,-1013000,842000
2016/06/30,0,2826000,-1101153,1724847
2016/07/01,0,4865000,-1012005,3852995
2016/07/04,0,1078000,-900000,178000
2016/07/05,0,1129000,-718000,411000
2016/07/06,0,1048000,-3072000,-2024000
2016/07/07,0,1660020,-1494000,166020
2016/07/08,0,0,0,0
2016/07/11,0,5188182,-2890000,2298182
2016/07/12,0,2935000,-1317173,1617827
2016/07/13,0,5926000,-849540,5076460
2016/07/14,0,2865848,-819000,2046848
2016/07/15,0,3587998,-543000,3044998
2016/07/18,0,2442000,-488000,1954000
2016/07/19,0,4508452,-389400,4119052
2016/07/20,0,4054000,-1119000,2935000
2016/07/21,0,4269084,-537980,3731104
2016/07/22,0,2156000,-633159,1522841
2016/07/25,0,2383000,-1401480,981520
2016/07/26,0,2139000,-953000,1186000
2016/07/27,0,2131000,-356000,1775000
2016/07/28,0,3579000,-1064000,2515000
2016/07/29,0,2574542,-1578000,996542
2016/08/01,0,2069640,-668971,1400669
2016/08/02,0,1681299,-723252,958047
2016/08/03,0,2352823,-1148000,1204823
2016/08/04,0,1804000,-1018666,785334
2016/08/05,0,2184749,-539000,1645749
2016/08/08,0,1914905,-519000,1395905
2016/08/09,0,1743000,-487000,1256000
2016/08/10,0,2299000,-1198725,1100275
2016/08/11,0,4166000,-1097767,3068233
2016/08/12,0,2428720,-896612,1532108
2016/08/15,0,773000,-348000,425000
2016/08/16,0,2142000,-1357000,785000
2016/08/17,0,1476139,-431000,1045139
2016/08/18,0,2019780,-1143677,876103
2016/08/19,0,3360824,-1300000,2060824
2016/08/22,0,1614000,-976000,638000
2016/08/23,0,4740000,-800533,3939467
2016/08/24,0,911000,-464000,447000
2016/08/25,0,1956000,-436120,1519880
2016/08/26,0,1152761,-709000,443761
2016/08/29,0,1535000,-1176000,359000
2016/08/30,0,1095333,-1958000,-862667
2016/08/31,0,2773441,-4370000,-1596559
2016/09/01,0,689000,-3533259,-2844259
2016/09/02,0,989958,-1179000,-189042
2016/09/05,0,864000,-683000,181000
2016/09/06,0,1998331,-1507000,491331
2016/09/07,0,1888000,-820000,1068000
2016/09/08,0,638000,-1847000,-1209000
2016/09/09,0,679000,-1852409,-1173409
2016/09/12,0,1114198,-2607000,-1492802
2016/09/13,0,2814304,-2512166,302138
2016/09/14,0,4166537,-3610523,556014
2016/09/15,0,0,0,0
2016/09/16,0,0,0,0
2016/09/19,0,1360160,-2432932,-1072772
2016/09/20,0,653902,-492828,161074
2016/09/21,0,1980000,-961239,1018761
2016/09/22,0,2235665,-1545000,690665
2016/09/23,0,1781000,-2824004,-1043004
2016/09/26,0,624794,-948000,-323206
2016/09/27,0,0,0,0
2016/09/28,0,0,0,0
2016/09/29,0,3841299,-1362875,2478424
2016/09/30,0,1295332,-3568640,-2273308
2016/10/03,0,433260,-815000,-381740
2016/10/04,0,928176,-1036776,-108600
2016/10/05,0,868000,-756000,112000
2016/10/06,0,886156,-888000,-1844
2016/10/07,0,918997,-951000,-32003
2016/10/10,0,0,0,0
2016/10/11,0,1370598,-744239,626359
2016/10/12,0,963000,-1614691,-651691
2016/10/13,0,1945500,-5933000,-3987500
2016/10/14,0,947000,-2112000,-1165000
2016/10/17,0,1510000,-3097588,-1587588
2016/10/18,0,1616656,-1236000,380656
2016/10/19,0,1482078,-1299000,183078
2016/10/20,0,1236576,-1293000,-56424
2016/10/21,0,3151000,-3074000,77000
2016/10/24,0,1173000,-662285,510715
2016/10/25,0,2801470,-2224000,577470
2016/10/26,0,1291001,-1187669,103332
2016/10/27,0,1539159,-1737000,-197841
2016/10/28,0,2481000,-1445000,1036000
2016/10/31,0,1585827,-3665480,-2079653
2016/11/01,0,617000,-1197000,-580000
2016/11/02,0,844999,-1426224,-581225
2016/11/03,0,671000,-1185941,-514941
2016/11/04,0,399000,-1096000,-697000
2016/11/07,0,763000,-1061000,-298000
2016/11/08,0,1047329,-1315000,-267671
2016/11/09,0,1481000,-3249160,-1768160
2016/11/10,0,1064000,-1615000,-551000
2016/11/11,0,1184000,-4038382,-2854382
2016/11/14,0,1129000,-3384024,-2255024
2016/11/15,0,608000,-2457000,-1849000
2016/11/16,0,812200,-2012000,-1199800
2016/11/17,0,1342000,-4903000,-3561000
2016/11/18,0,1327000,-2746000,-1419000
2016/11/21,0,1206000,-1672236,-466236
2016/11/22,0,2772000,-2029521,742479
2016/11/23,0,2014000,-1702560,311440
2016/11/24,0,1529000,-1761000,-232000
2016/11/25,0,1531000,-4303000,-2772000
2016/11/28,0,3496000,-1224000,2272000
2016/11/29,0,1957000,-2104944,-147944
2016/11/30,0,37721037,-36688740,1032297
2016/12/01,0,5014639,-2673000,2341639
2016/12/02,0,2827000,-2939000,-112000
2016/12/05,0,1716000,-3049175,-1333175
2016/12/06,0,2410000,-1472500,937500
2016/12/07,0,1764200,-1395000,369200
2016/12/08,0,5027000,-2685745,2341255
2016/12/09,0,2952948,-2043461,909487
2016/12/12,0,1965000,-1490000,475000
2016/12/13,0,1714476,-1787678,-73202
2016/12/14,0,1375120,-507000,868120
2016/12/15,0,2174000,-1187000,987000
2016/12/16,0,1822000,-2152118,-330118
2016/12/19,0,751886,-1351000,-599114
2016/12/20,0,989296,-1238599,-249303
2016/12/21,0,1037000,-2290000,-1253000
2016/12/22,0,402704,-1807000,-1404296
2016/12/23,0,804000,-2002000,-1198000
2016/12/26,0,179000,-775000,-596000
2016/12/27,0,192000,-839000,-647000
2016/12/28,0,553000,-1187000,-634000
2016/12/29,0,1478063,-1847801,-369738
2016/12/30,0,1988500,-2113060,-124560
2017/01/02,0,0,0,0
2017/01/03,0,763000,-763000,0
2017/01/04,0,784000,-1141000,-357000
2017/01/05,0,1976701,-1830047,146654
2017/01/06,0,828000,-806000,22000
2017/01/09,0,850100,-1148000,-297900
2017/01/10,0,1015000,-1700000,-685000
2017/01/11,0,1622266,-1309000,313266
2017/01/12,0,2714117,-608000,2106117
2017/01/13,0,1243296,-973000,270296
2017/01/16,0,183000,-850000,-667000
2017/01/17,0,616455,-369000,247455
2017/01/18,0,471000,-2018021,-1547021
2017/01/19,0,461559,-2813500,-2351941
2017/01/20,0,394618,-4560256,-4165638
2017/01/23,0,1617000,-1558795,58205
2017/01/24,0,1899663,-1347000,552663
2017/01/25,0,0,0,0
2017/01/26,0,0,0,0
2017/01/27,0,0,0,0
2017/01/30,0,0,0,0
2017/01/31,0,0,0,0
2017/02/01,0,0,0,0
2017/02/02,0,2576439,-3915722,-1339283
2017/02/03,0,1926000,-2450739,-524739
2017/02/06,0,2246006,-2087000,159006
2017/02/07,0,733538,-1303590,-570052
2017/02/08,0,915652,-1888160,-972508
2017/02/09,0,1676735,-1568000,108735
2017/02/10,0,1761000,-4257502,-2496502
2017/02/13,0,846758,-1605000,-758242
2017/02/14,0,1905000,-2297000,-392000
2017/02/15,0,2960000,-1873000,1087000
2017/02/16,0,1419000,-2479000,-1060000
2017/02/17,0,756000,-687000,69000
2017/02/20,0,2279000,-1195000,1084000
2017/02/21,0,730000,-1459000,-729000
2017/02/22,0,329359,-731000,-401641
2017/02/23,0,928000,-893000,35000
2017/02/24,0,2301000,-3667500,-1366500
2017/02/27,0,0,0,0
2017/02/28,0,0,0,0
2017/03/01,0,2675325,-3157303,-481978
2017/03/02,0,2619000,-2530962,88038
2017/03/03,0,2348000,-2159641,188359
2017/03/06,0,720256,-1334204,-613948
2017/03/07,0,1663110,-1491956,171154
2017/03/08,0,1079000,-2156461,-1077461
2017/03/09,0,2514359,-4451476,-1937117
2017/03/10,0,1227666,-2757000,-1529334
2017/03/13,0,1167102,-455000,712102
2017/03/14,0,934941,-924497,10444
2017/03/15,0,723000,-1771287,-1048287
2017/03/16,0,1717000,-917111,799889
2017/03/17,0,5471000,-5724101,-253101
2017/03/20,0,288000,-379215,-91215
2017/03/21,0,2291586,-565938,1725648
2017/03/22,0,916000,-758261,157739
2017/03/23,0,532000,-1278234,-746234
2017/03/24,0,754267,-860465,-106198
2017/03/27,0,1882000,-1632000,250000
2017/03/28,0,3089000,-1432460,1656540
2017/03/29,0,907708,-2005160,-1097452
2017/03/30,0,1827000,-1285000,542000
2017/03/31,0,983000,-1786000,-803000
2017/04/03,0,0,0,0
2017/04/04,0,0,0,0
2017/04/05,0,4182788,-1237040,2945748
2017/04/06,0,1372000,-1065000,307000
2017/04/07,0,1117364,-861000,256364
2017/04/10,0,698000,-376000,322000
2017/04/11,0,931000,-886000,45000
2017/04/12,0,1642000,-1111000,531000
2017/04/13,0,1571000,-663000,908000
2017/04/14,0,291000,-423000,-132000
2017/04/17,0,1092000,-1106000,-14000
2017/04/18,0,627000,-422395,204605
2017/04/19,0,1354000,-2083892,-729892
2017/04/20,0,1485000,-1657000,-172000
2017/04/21,0,1923000,-1214446,708554
2017/04/24,0,1331632,-692000,639632
2017/04/25,0,1974000,-1452000,522000
2017/04/26,0,2178000,-1304000,874000
2017/04/27,0,753592,-1147000,-393408
2017/04/28,0,987850,-1797000,-809150
2017/05/01,0,0,0,0
2017/05/02,0,2028497,-857000,1171497
2017/05/03,0,1409000,-522000,887000
2017/05/04,0,1135000,-220000,915000
2017/05/05,0,933306,-870000,63306
2017/05/08,0,1018926,-1380396,-361470
2017/05/09,0,898137,-1188980,-290843
2017/05/10,0,1520166,-925000,595166
2017/05/11,0,1225144,-908000,317144
2017/05/12,0,654770,-1025000,-370230
2017/05/15,0,1030911,-1058629,-27718
2017/05/16,0,1260000,-2237985,-977985
2017/05/17,0,860000,-1095000,-235000
2017/05/18,0,257446,-969000,-711554
2017/05/19,0,349000,-601000,-252000
2017/05/22,0,771253,-2311046,-1539793
2017/05/23,0,1386593,-2197082,-810489
2017/05/24,0,536504,-1855000,-1318496
2017/05/25,0,1356768,-1805439,-448671
2017/05/26,0,0,0,0
2017/05/29,0,0,0,0
2017/05/30,0,0,0,0
2017/05/31,0,9892817,-9024730,868087
2017/06/01,0,1406000,-2010148,-604148
2017/06/02,0,986000,-999000,-13000
2017/06/05,0,1261306,-1255851,5455
2017/06/06,0,1209000,-1299011,-90011
2017/06/07,0,2275000,-1695000,580000
2017/06/08,0,1004000,-1026000,-22000
2017/06/09,0,1031000,-1813000,-782000
2017/06/12,0,470000,-2340000,-1870000
2017/06/13,0,1692000,-1944000,-252000
2017/06/14,0,877000,-1447631,-570631
2017/06/15,0,2066000,-1354000,712000
2017/06/16,0,2906000,-4377561,-1471561
2017/06/19,0,2865758,-1023000,1842758
2017/06/20,0,2131000,-2488000,-357000
2017/06/21,0,5257000,-3055000,2202000
2017/06/22,0,1813232,-641000,1172232
2017/06/23,0,1023000,-584624,438376
2017/06/26,0,3153000,-330500,2822500
2017/06/27,0,1545000,-606000,939000
2017/06/28,0,1597000,-870552,726448
2017/06/29,0,803000,-269000,534000
2017/06/30,0,1040000,-1230148,-190148
2017/07/03,0,2095770,-599000,1496770
2017/07/04,0,1038000,-1246682,-208682
2017/07/05,0,1117000,-921946,195054
2017/07/06,0,342000,-892046,-550046
2017/07/07,0,99660,-966454,-866794
2017/07/10,0,1017678,-1570693,-553015
2017/07/11,0,1894687,-448000,1446687
2017/07/12,0,537941,-2096068,-1558127
2017/07/13,0,2223018,-1526000,697018
2017/07/14,0,591609,-1194000,-602391
2017/07/17,0,2048000,-904000,1144000
2017/07/18,0,445280,-1941000,-1495720
2017/07/19,0,532197,-1533623,-1001426
2017/07/20,0,45809,-1109000,-1063191
2017/07/21,0,595746,-875000,-279254
2017/07/24,0,922267,-1882373,-960106
2017/07/25,0,673000,-620618,52382
2017/07/26,0,572000,-3201000,-2629000
2017/07/27,0,1867000,-1835724,31276
2017/07/28,0,391000,-2343179,-1952179
2017/07/31,0,2782000,-2721044,60956
2017/08/01,0,1509000,-957000,552000
2017/08/02,0,769241,-916000,-146759
2017/08/03,0,785000,-1559447,-774447
2017/08/04,0,633881,-781000,-147119
2017/08/07,0,233375,-1387000,-1153625
2017/08/08,0,925000,-1488000,-563000
2017/08/09,0,688637,-521000,167637
2017/08/10,0,1033516,-1440000,-406484
2017/08/11,0,793000,-939000,-146000
2017/08/14,0,878000,-499000,379000
2017/08/15,0,796000,-1669559,-873559
2017/08/16,0,1091000,-2431000,-1340000
2017/08/17,0,713000,-502000,211000
2017/08/18,0,535000,-944000,-409000
