Date,Open,Buy,Sell,Total
2007/01/02,0,300000,-8000,292000
2007/01/03,0,750000,-18000,732000
2007/01/04,0,446000,-52320,393680
2007/01/05,0,0,-69,-69
2007/01/08,0,64000,0,64000
2007/01/09,0,500000,0,500000
2007/01/10,0,2552000,-312000,2240000
2007/01/11,0,755000,-500000,255000
2007/01/12,0,1250000,-12000,1238000
2007/01/15,0,830000,-120000,710000
2007/01/16,0,412000,0,412000
2007/01/17,0,505000,0,505000
2007/01/18,0,1768000,0,1768000
2007/01/19,0,708000,-6000,702000
2007/01/22,0,131000,-2000,129000
2007/01/23,0,2273000,-1000,2272000
2007/01/24,0,1302000,-2207000,-905000
2007/01/25,0,168000,0,168000
2007/01/26,0,200000,0,200000
2007/01/29,0,200000,-1000,199000
2007/01/30,0,123000,-869000,-746000
2007/01/31,0,350000,-60000,290000
2007/02/01,0,165000,-173000,-8000
2007/02/02,0,637000,0,637000
2007/02/05,0,626000,0,626000
2007/02/06,0,630000,-598000,32000
2007/02/07,0,0,-454000,-454000
2007/02/08,0,3000,0,3000
2007/02/09,0,85000,-353000,-268000
2007/02/12,0,891000,0,891000
2007/02/13,0,1364000,-10000,1354000
2007/02/14,0,1369000,-21000,1348000
2007/02/15,0,0,0,0
2007/02/16,0,0,0,0
2007/02/19,0,0,0,0
2007/02/20,0,0,0,0
2007/02/21,0,0,0,0
2007/02/22,0,0,0,0
2007/02/23,0,0,0,0
2007/02/26,0,50000,0,50000
2007/02/27,0,0,0,0
2007/02/28,0,0,0,0
2007/03/01,0,0,-136000,-136000
2007/03/02,0,0,-230000,-230000
2007/03/05,0,0,-385000,-385000
2007/03/06,0,0,-509000,-509000
2007/03/07,0,0,-1009000,-1009000
2007/03/08,0,84000,-404000,-320000
2007/03/09,0,0,0,0
2007/03/12,0,0,-329000,-329000
2007/03/13,0,0,-44000,-44000
2007/03/14,0,0,-287000,-287000
2007/03/15,0,0,0,0
2007/03/16,0,0,-1000,-1000
2007/03/19,0,2501000,-99000,2402000
2007/03/20,0,3147000,-701000,2446000
2007/03/21,0,0,-77000,-77000
2007/03/22,0,200000,-133,199867
2007/03/23,0,0,0,0
2007/03/26,0,0,0,0
2007/03/27,0,0,0,0
2007/03/28,0,0,0,0
2007/03/29,0,0,-1000,-1000
2007/03/30,0,0,-121000,-121000
2007/04/02,0,0,-175000,-175000
2007/04/03,0,0,-121000,-121000
2007/04/04,0,0,0,0
2007/04/05,0,0,0,0
2007/04/06,0,0,0,0
2007/04/09,0,0,-1000,-1000
2007/04/10,0,2346000,-2000,2344000
2007/04/11,0,35000,-100000,-65000
2007/04/12,0,0,0,0
2007/04/13,0,0,-2000,-2000
2007/04/16,0,593000,-9000,584000
2007/04/17,0,1467000,-258000,1209000
2007/04/18,0,1107000,0,1107000
2007/04/19,0,472000,0,472000
2007/04/20,0,180000,-27000,153000
2007/04/23,0,2000,0,2000
2007/04/24,0,611000,-382000,229000
2007/04/25,0,0,-539000,-539000
2007/04/26,0,0,-300000,-300000
2007/04/27,0,0,-480000,-480000
2007/04/30,0,0,0,0
2007/05/01,0,0,0,0
2007/05/02,0,108000,0,108000
2007/05/03,0,0,-600000,-600000
2007/05/04,0,0,-233000,-233000
2007/05/07,0,0,-192000,-192000
2007/05/08,0,0,-518000,-518000
2007/05/09,0,20000,0,20000
2007/05/10,0,0,-268000,-268000
2007/05/11,0,0,-100000,-100000
2007/05/14,0,9000,0,9000
2007/05/15,0,19000,-139000,-120000
2007/05/16,0,0,-308000,-308000
2007/05/17,0,0,-3000,-3000
2007/05/18,0,29000,-246000,-217000
2007/05/21,0,35000,-200000,-165000
2007/05/22,0,365000,0,365000
2007/05/23,0,29000,-261000,-232000
2007/05/24,0,384000,-400000,-16000
2007/05/25,0,228000,-366000,-138000
2007/05/28,0,100000,0,100000
2007/05/29,0,0,-128000,-128000
2007/05/30,0,0,-20000,-20000
2007/05/31,0,80000,-575000,-495000
2007/06/01,0,0,-100000,-100000
2007/06/04,0,3000,-675000,-672000
2007/06/05,0,138000,-138000,0
2007/06/06,0,606000,-1738000,-1132000
2007/06/07,0,34000,0,34000
2007/06/08,0,0,0,0
2007/06/11,0,0,-619000,-619000
2007/06/12,0,89000,-1000,88000
2007/06/13,0,500000,-148000,352000
2007/06/14,0,0,-204000,-204000
2007/06/15,0,55000,-11000,44000
2007/06/18,0,0,0,0
2007/06/19,0,0,0,0
2007/06/20,0,400000,-803000,-403000
2007/06/21,0,273000,-1004000,-731000
2007/06/22,0,0,-200000,-200000
2007/06/25,0,100000,-198000,-98000
2007/06/26,0,0,-680000,-680000
2007/06/27,0,0,0,0
2007/06/28,0,0,0,0
2007/06/29,0,151000,0,151000
2007/07/02,0,0,-75000,-75000
2007/07/03,0,600000,-21000,579000
2007/07/04,0,312000,0,312000
2007/07/05,0,532000,-8000,524000
2007/07/06,0,549000,-440000,109000
2007/07/09,0,494000,0,494000
2007/07/10,0,6000,0,6000
2007/07/11,0,0,0,0
2007/07/12,0,65000,-5000,60000
2007/07/13,0,250000,0,250000
2007/07/16,0,150000,-376000,-226000
2007/07/17,0,100000,-5000,95000
2007/07/18,0,7000,0,7000
2007/07/19,0,4000,0,4000
2007/07/20,0,2000,0,2000
2007/07/23,0,1000,-800000,-799000
2007/07/24,0,350000,0,350000
2007/07/25,0,7000,0,7000
2007/07/26,0,9000,0,9000
2007/07/27,0,68000,0,68000
2007/07/30,0,1000,0,1000
2007/07/31,0,537000,-4000,533000
2007/08/01,0,1831000,-44000,1787000
2007/08/02,0,352000,0,352000
2007/08/03,0,414000,0,414000
2007/08/06,0,631000,0,631000
2007/08/07,0,1115000,0,1115000
2007/08/08,0,2373000,0,2373000
2007/08/09,0,969000,-417000,552000
2007/08/10,0,3107000,-6000,3101000
2007/08/13,0,596000,0,596000
2007/08/14,0,1874000,0,1874000
2007/08/15,0,304000,0,304000
2007/08/16,0,54000,0,54000
2007/08/17,0,8000,-4000,4000
2007/08/20,0,4000,-710000,-706000
2007/08/21,0,3346000,-10000,3336000
2007/08/22,0,531000,-4000,527000
2007/08/23,0,396000,0,396000
2007/08/24,0,0,-974000,-974000
2007/08/27,0,3000,-7000,-4000
2007/08/28,0,0,-28000,-28000
2007/08/29,0,0,-622000,-622000
2007/08/30,0,4480000,-10000,4470000
2007/08/31,0,4171000,-83000,4088000
2007/09/03,0,6106000,-805000,5301000
2007/09/04,0,1518000,-51000,1467000
2007/09/05,0,0,-400000,-400000
2007/09/06,0,3511000,-387000,3124000
2007/09/07,0,910000,-1818000,-908000
2007/09/10,0,0,-601000,-601000
2007/09/11,0,9000,0,9000
2007/09/12,0,0,-238000,-238000
2007/09/13,0,0,-719000,-719000
2007/09/14,0,0,-533000,-533000
2007/09/17,0,49000,0,49000
2007/09/18,0,0,0,0
2007/09/19,0,1651000,0,1651000
2007/09/20,0,1924000,0,1924000
2007/09/21,0,3585000,-112000,3473000
2007/09/24,0,0,0,0
2007/09/25,0,0,0,0
2007/09/26,0,264000,-483400,-219400
2007/09/27,0,54000,-230000,-176000
2007/09/28,0,100000,-952000,-852000
2007/10/01,0,1750000,-247000,1503000
2007/10/02,0,60000,-55000,5000
2007/10/03,0,523000,-41000,482000
2007/10/04,0,50000,-2489000,-2439000
2007/10/05,0,635000,-901000,-266000
2007/10/08,0,13000,-146880,-133880
2007/10/09,0,0,0,0
2007/10/10,0,0,0,0
2007/10/11,0,0,-721000,-721000
2007/10/12,0,2713000,0,2713000
2007/10/15,0,3000,-9000,-6000
2007/10/16,0,100000,-900000,-800000
2007/10/17,0,0,-324000,-324000
2007/10/18,0,0,-130000,-130000
2007/10/19,0,0,-54000,-54000
2007/10/22,0,1000,-150000,-149000
2007/10/23,0,9000,-1551000,-1542000
2007/10/24,0,0,-1096000,-1096000
2007/10/25,0,0,-1000,-1000
2007/10/26,0,0,-355000,-355000
2007/10/29,0,125000,-366000,-241000
2007/10/30,0,11000,-326000,-315000
2007/10/31,0,315000,-1370000,-1055000
2007/11/01,0,133000,-1320000,-1187000
2007/11/02,0,29000,-1159000,-1130000
2007/11/05,0,5000,0,5000
2007/11/06,0,260000,-92000,168000
2007/11/07,0,585000,0,585000
2007/11/08,0,3000,0,3000
2007/11/09,0,53000,0,53000
2007/11/12,0,394000,0,394000
2007/11/13,0,8000,0,8000
2007/11/14,0,3000,0,3000
2007/11/15,0,0,-100000,-100000
2007/11/16,0,53000,-1480000,-1427000
2007/11/19,0,1000,-3058000,-3057000
2007/11/20,0,3000,-5786000,-5783000
2007/11/21,0,0,-1605000,-1605000
2007/11/22,0,3000,-613000,-610000
2007/11/23,0,7000,0,7000
2007/11/26,0,11000,-181000,-170000
2007/11/27,0,2000,0,2000
2007/11/28,0,0,-1470000,-1470000
2007/11/29,0,0,-2020000,-2020000
2007/11/30,0,2750000,0,2750000
2007/12/03,0,155000,0,155000
2007/12/04,0,3000,0,3000
2007/12/05,0,14000,0,14000
2007/12/06,0,1000,0,1000
2007/12/07,0,0,-520,-520
2007/12/10,0,0,-160000,-160000
2007/12/11,0,105000,0,105000
2007/12/12,0,66000,0,66000
2007/12/13,0,1162000,0,1162000
2007/12/14,0,209000,0,209000
2007/12/17,0,230000,0,230000
2007/12/18,0,221000,0,221000
2007/12/19,0,41000,-134000,-93000
2007/12/20,0,1000,-302000,-301000
2007/12/21,0,1000,0,1000
2007/12/24,0,32000,-204000,-172000
2007/12/25,0,180000,-3000,177000
2007/12/26,0,600000,0,600000
2007/12/27,0,147000,-13000,134000
2007/12/28,0,110000,-50000,60000
2007/12/31,0,0,-87000,-87000
2008/01/01,0,0,0,0
2008/01/02,0,0,0,0
2008/01/03,0,700000,-911000,-211000
2008/01/04,0,0,-324040,-324040
2008/01/07,0,25000,0,25000
2008/01/08,0,1053000,-609000,444000
2008/01/09,0,1808000,-901000,907000
2008/01/10,0,628000,-768871,-140871
2008/01/11,0,1000,-1576000,-1575000
2008/01/14,0,1456000,-1550000,-94000
2008/01/15,0,723000,-2261000,-1538000
2008/01/16,0,31000,-900000,-869000
2008/01/17,0,23000,-1365000,-1342000
2008/01/18,0,171000,-3000,168000
2008/01/21,0,280000,-3240000,-2960000
2008/01/22,0,0,-2720000,-2720000
2008/01/23,0,251000,-2081000,-1830000
2008/01/24,0,11000,-50000,-39000
2008/01/25,0,1009000,-354000,655000
2008/01/28,0,727000,-185000,542000
2008/01/29,0,2000,-173000,-171000
2008/01/30,0,13000,-1000,12000
2008/01/31,0,0,-400000,-400000
2008/02/01,0,3511000,-274000,3237000
2008/02/04,0,0,0,0
2008/02/05,0,0,0,0
2008/02/06,0,0,0,0
2008/02/07,0,0,0,0
2008/02/08,0,0,0,0
2008/02/11,0,0,0,0
2008/02/12,0,2136000,-3000,2133000
2008/02/13,0,162000,-200000,-38000
2008/02/14,0,0,-100000,-100000
2008/02/15,0,0,-719640,-719640
2008/02/18,0,46000,0,46000
2008/02/19,0,104000,-1308000,-1204000
2008/02/20,0,98000,-1000,97000
2008/02/21,0,6000,-400000,-394000
2008/02/22,0,0,-172000,-172000
2008/02/25,0,61000,-579000,-518000
2008/02/26,0,1651000,-611000,1040000
2008/02/27,0,440000,-3000,437000
2008/02/28,0,0,0,0
2008/02/29,0,36000,-23000,13000
2008/03/03,0,1067000,-584000,483000
2008/03/04,0,2635000,-153000,2482000
2008/03/05,0,2625000,-256000,2369000
2008/03/06,0,57000,-305000,-248000
2008/03/07,0,300000,-102000,198000
2008/03/10,0,4000,-1177000,-1173000
2008/03/11,0,1666000,-155000,1511000
2008/03/12,0,159000,-278000,-119000
2008/03/13,0,212000,-611000,-399000
2008/03/14,0,2000,-329000,-327000
2008/03/17,0,22000,0,22000
2008/03/18,0,153000,-480000,-327000
2008/03/19,0,451000,-346000,105000
2008/03/20,0,120000,-400000,-280000
2008/03/21,0,54000,-200000,-146000
2008/03/24,0,7000,-250000,-243000
2008/03/25,0,42000,-3835000,-3793000
2008/03/26,0,454000,-1881000,-1427000
2008/03/27,0,4000,-2046000,-2042000
2008/03/28,0,5000,0,5000
2008/03/31,0,404000,-261000,143000
2008/04/01,0,502000,-522000,-20000
2008/04/02,0,17000,0,17000
2008/04/03,0,107000,-1309000,-1202000
2008/04/04,0,0,0,0
2008/04/07,0,1000,-31000,-30000
2008/04/08,0,302000,-300000,2000
2008/04/09,0,403000,-1670000,-1267000
2008/04/10,0,492000,-500000,-8000
2008/04/11,0,250000,-439000,-189000
2008/04/14,0,0,-673000,-673000
2008/04/15,0,250000,0,250000
2008/04/16,0,295000,-20000,275000
2008/04/17,0,1000,-15000,-14000
2008/04/18,0,0,-179000,-179000
2008/04/21,0,1303000,-100000,1203000
2008/04/22,0,3000,0,3000
2008/04/23,0,4000,-115000,-111000
2008/04/24,0,605000,0,605000
2008/04/25,0,252000,0,252000
2008/04/28,0,20000,-29000,-9000
2008/04/29,0,1925000,-1610000,315000
2008/04/30,0,25000,-101000,-76000
2008/05/01,0,0,0,0
2008/05/02,0,269000,-65000,204000
2008/05/05,0,3359000,-2000,3357000
2008/05/06,0,43000,0,43000
2008/05/07,0,710000,-455000,255000
2008/05/08,0,8000,-153000,-145000
2008/05/09,0,406000,-12000,394000
2008/05/12,0,8000,-522000,-514000
2008/05/13,0,8538000,-162000,8376000
2008/05/14,0,3077000,0,3077000
2008/05/15,0,999000,-304000,695000
2008/05/16,0,0,-520000,-520000
2008/05/19,0,1669000,-4000,1665000
2008/05/20,0,299000,-775360,-476360
2008/05/21,0,0,-124000,-124000
2008/05/22,0,838000,-200000,638000
2008/05/23,0,433000,-3000,430000
2008/05/26,0,558000,0,558000
2008/05/27,0,118000,-1000,117000
2008/05/28,0,655000,-1866000,-1211000
2008/05/29,0,20000,-308411,-288411
2008/05/30,0,19000,-386000,-367000
2008/06/02,0,148000,-2000000,-1852000
2008/06/03,0,0,-1490000,-1490000
2008/06/04,0,4000,-60000,-56000
2008/06/05,0,1000,-858000,-857000
2008/06/06,0,80000,-350000,-270000
2008/06/09,0,130000,-230000,-100000
2008/06/10,0,83000,-613000,-530000
2008/06/11,0,17000,-197000,-180000
2008/06/12,0,19000,-589000,-570000
2008/06/13,0,10000,-1299000,-1289000
2008/06/16,0,1675000,0,1675000
2008/06/17,0,542000,-500000,42000
2008/06/18,0,2215000,-800000,1415000
2008/06/19,0,340000,-4000,336000
2008/06/20,0,2025000,-2000,2023000
2008/06/23,0,109000,0,109000
2008/06/24,0,22000,-393000,-371000
2008/06/25,0,61000,-4179000,-4118000
2008/06/26,0,375000,-940000,-565000
2008/06/27,0,14000,-1080000,-1066000
2008/06/30,0,38000,-37000,1000
2008/07/01,0,247000,0,247000
2008/07/02,0,50000,-2000,48000
2008/07/03,0,127000,0,127000
2008/07/04,0,915000,0,915000
2008/07/07,0,254000,0,254000
2008/07/08,0,500000,0,500000
2008/07/09,0,1162000,-5000,1157000
2008/07/10,0,389000,-32000,357000
2008/07/11,0,1671000,-100000,1571000
2008/07/14,0,626000,-1000000,-374000
2008/07/15,0,270000,-711000,-441000
2008/07/16,0,15000,-80000,-65000
2008/07/17,0,1017000,0,1017000
2008/07/18,0,1278000,-344000,934000
2008/07/21,0,885000,-63000,822000
2008/07/22,0,527000,-200000,327000
2008/07/23,0,411000,-31000,380000
2008/07/24,0,630000,-22000,608000
2008/07/25,0,402000,0,402000
2008/07/28,0,0,0,0
2008/07/29,0,5000,-169000,-164000
2008/07/30,0,204000,-37000,167000
2008/07/31,0,589000,-70000,519000
2008/08/01,0,304000,0,304000
2008/08/04,0,1761000,-102000,1659000
2008/08/05,0,0,-398320,-398320
2008/08/06,0,175000,-1243000,-1068000
2008/08/07,0,0,-1252000,-1252000
2008/08/08,0,1014000,-785000,229000
2008/08/11,0,136000,-1444000,-1308000
2008/08/12,0,1056000,-1822000,-766000
2008/08/13,0,163000,-2980000,-2817000
2008/08/14,0,1388000,-813000,575000
2008/08/15,0,7504000,-1052000,6452000
2008/08/18,0,350000,-1265000,-915000
2008/08/19,0,310000,-1473000,-1163000
2008/08/20,0,2055000,-778000,1277000
2008/08/21,0,3226000,-211000,3015000
2008/08/22,0,2200000,0,2200000
2008/08/25,0,1282000,0,1282000
2008/08/26,0,1201000,-683000,518000
2008/08/27,0,2400000,-383000,2017000
2008/08/28,0,3384000,-176000,3208000
2008/08/29,0,2762000,-339000,2423000
2008/09/01,0,6445000,0,6445000
2008/09/02,0,4017000,0,4017000
2008/09/03,0,750000,0,750000
2008/09/04,0,17000,-607000,-590000
2008/09/05,0,629000,0,629000
2008/09/08,0,925000,-1000,924000
2008/09/09,0,17000,-284000,-267000
2008/09/10,0,943000,0,943000
2008/09/11,0,230000,-163960,66040
2008/09/12,0,402000,0,402000
2008/09/15,0,282000,-829000,-547000
2008/09/16,0,1024000,-1346000,-322000
2008/09/17,0,2361000,-3421000,-1060000
2008/09/18,0,7000,-280000,-273000
2008/09/19,0,562000,-15000,547000
2008/09/22,0,50000,-501000,-451000
2008/09/23,0,275000,-963000,-688000
2008/09/24,0,60000,-326000,-266000
2008/09/25,0,449000,-12000,437000
2008/09/26,0,243000,-1153000,-910000
2008/09/29,0,0,0,0
2008/09/30,0,300000,-5827000,-5527000
2008/10/01,0,1000,-540000,-539000
2008/10/02,0,1200000,-6000,1194000
2008/10/03,0,1012000,-509000,503000
2008/10/06,0,2751000,-42000,2709000
2008/10/07,0,1200000,-461000,739000
2008/10/08,0,290000,-1985200,-1695200
2008/10/09,0,600000,-3298452,-2698452
2008/10/10,0,0,0,0
2008/10/13,0,0,-355837,-355837
2008/10/14,0,600000,-1781600,-1181600
2008/10/15,0,2000,-662280,-660280
2008/10/16,0,2000,-138800,-136800
2008/10/17,0,0,0,0
2008/10/20,0,0,-63820,-63820
2008/10/21,0,476000,-1798500,-1322500
2008/10/22,0,0,-319000,-319000
2008/10/23,0,5000,-14000,-9000
2008/10/24,0,0,-35000,-35000
2008/10/27,0,0,-198000,-198000
2008/10/28,0,5000,-700000,-695000
2008/10/29,0,0,-8919312,-8919312
2008/10/30,0,5467000,-2830848,2636152
2008/10/31,0,6005000,-1242400,4762600
2008/11/03,0,7603000,-2912000,4691000
2008/11/04,0,2173000,-2880580,-707580
2008/11/05,0,2678000,-704,2677296
2008/11/06,0,5076000,0,5076000
2008/11/07,0,2416000,-13000,2403000
2008/11/10,0,3143000,-2000,3141000
2008/11/11,0,9916000,-1199700,8716300
2008/11/12,0,1605000,-5818000,-4213000
2008/11/13,0,2877000,-188000,2689000
2008/11/14,0,3673000,-408240,3264760
2008/11/17,0,1161000,-199000,962000
2008/11/18,0,1624000,-200000,1424000
2008/11/19,0,2309000,-1149000,1160000
2008/11/20,0,4295000,-1273000,3022000
2008/11/21,0,2660000,-1101000,1559000
2008/11/24,0,2534000,-2247197,286803
2008/11/25,0,119000,-1580000,-1461000
2008/11/26,0,2253000,0,2253000
2008/11/27,0,1340000,-70000,1270000
2008/11/28,0,5564000,-3337000,2227000
2008/12/01,0,551000,-800000,-249000
2008/12/02,0,2301000,-804100,1496900
2008/12/03,0,3088000,-1569080,1518920
2008/12/04,0,138000,-3080000,-2942000
2008/12/05,0,58000,-2596000,-2538000
2008/12/08,0,664000,-5290000,-4626000
2008/12/09,0,232000,-1133400,-901400
2008/12/10,0,718000,-711000,7000
2008/12/11,0,257000,-1497000,-1240000
2008/12/12,0,697000,-455000,242000
2008/12/15,0,4695000,-354000,4341000
2008/12/16,0,3720000,-1973000,1747000
2008/12/17,0,334000,-150400,183600
2008/12/18,0,2078000,-10000,2068000
2008/12/19,0,40000,-136000,-96000
2008/12/22,0,280000,-4899000,-4619000
2008/12/23,0,500000,-1600000,-1100000
2008/12/24,0,0,-480000,-480000
2008/12/25,0,20000,-1170000,-1150000
2008/12/26,0,0,0,0
2008/12/29,0,98000,-98000,0
2008/12/30,0,479000,0,479000
2008/12/31,0,1000000,-659000,341000
2009/01/01,0,0,0,0
2009/01/02,0,0,0,0
2009/01/05,0,0,-1133000,-1133000
2009/01/06,0,0,-1620000,-1620000
2009/01/07,0,777000,-2775000,-1998000
2009/01/08,0,728000,-720000,8000
2009/01/09,0,15000,-1350000,-1335000
2009/01/12,0,1000,-1048000,-1047000
2009/01/13,0,261000,-8895600,-8634600
2009/01/14,0,240000,-9134000,-8894000
2009/01/15,0,10000,-1590000,-1580000
2009/01/16,0,691000,-356000,335000
2009/01/19,0,500000,-5196000,-4696000
2009/01/20,0,100000,-2180000,-2080000
2009/01/21,0,200000,-1432000,-1232000
2009/01/22,0,0,0,0
2009/01/23,0,0,0,0
2009/01/26,0,0,0,0
2009/01/27,0,0,0,0
2009/01/28,0,0,0,0
2009/01/29,0,0,0,0
2009/01/30,0,0,0,0
2009/02/02,0,796000,-439,795561
2009/02/03,0,2177000,0,2177000
2009/02/04,0,879000,0,879000
2009/02/05,0,1227000,0,1227000
2009/02/06,0,1978000,-50000,1928000
2009/02/09,0,2962000,-300000,2662000
2009/02/10,0,952000,-2450000,-1498000
2009/02/11,0,1274000,-5579000,-4305000
2009/02/12,0,0,-457000,-457000
2009/02/13,0,1766000,-216000,1550000
2009/02/16,0,1120000,-120000,1000000
2009/02/17,0,730000,0,730000
2009/02/18,0,1468000,-355000,1113000
2009/02/19,0,1531000,-250000,1281000
2009/02/20,0,903000,0,903000
2009/02/23,0,864000,-1918000,-1054000
2009/02/24,0,650000,-2076000,-1426000
2009/02/25,0,20000,-2232000,-2212000
2009/02/26,0,123000,-505000,-382000
2009/02/27,0,1020000,-554000,466000
2009/03/02,0,403000,-2800000,-2397000
2009/03/03,0,1058000,-4999000,-3941000
2009/03/04,0,3184000,-4521000,-1337000
2009/03/05,0,802000,-500000,302000
2009/03/06,0,1534000,-6000,1528000
2009/03/09,0,3704000,-10000,3694000
2009/03/10,0,485000,-227000,258000
2009/03/11,0,3869000,-134000,3735000
2009/03/12,0,1482000,-729000,753000
2009/03/13,0,0,-835000,-835000
2009/03/16,0,911000,-1675000,-764000
2009/03/17,0,2219000,-173000,2046000
2009/03/18,0,728000,-158000,570000
2009/03/19,0,2052000,-22000,2030000
2009/03/20,0,1000,-1110000,-1109000
2009/03/23,0,48000,-159000,-111000
2009/03/24,0,2126000,-133000,1993000
2009/03/25,0,2634000,0,2634000
2009/03/26,0,217000,-1361000,-1144000
2009/03/27,0,100000,-1868000,-1768000
2009/03/30,0,1000000,-862000,138000
2009/03/31,0,250000,-809000,-559000
2009/04/01,0,19000,0,19000
2009/04/02,0,5823000,-2000,5821000
2009/04/03,0,4132000,-278000,3854000
2009/04/06,0,265000,-238000,27000
2009/04/07,0,651000,-1037000,-386000
2009/04/08,0,180000,-679000,-499000
2009/04/09,0,1070000,-700000,370000
2009/04/10,0,420000,-40000,380000
2009/04/13,0,676000,-163000,513000
2009/04/14,0,40000,-1839000,-1799000
2009/04/15,0,1091000,-678000,413000
2009/04/16,0,2734000,-2000,2732000
2009/04/17,0,0,-871000,-871000
2009/04/20,0,0,-1947000,-1947000
2009/04/21,0,1000,-27000,-26000
2009/04/22,0,678000,-44000,634000
2009/04/23,0,220000,0,220000
2009/04/24,0,630000,-185000,445000
2009/04/27,0,637000,-20,636980
2009/04/28,0,229000,-903536,-674536
2009/04/29,0,251000,-1325000,-1074000
2009/04/30,0,346000,0,346000
2009/05/01,0,0,0,0
2009/05/04,0,0,0,0
2009/05/05,0,452000,0,452000
2009/05/06,0,350000,-227000,123000
2009/05/07,0,0,-2207000,-2207000
2009/05/08,0,250000,-1236000,-986000
2009/05/11,0,2381000,-1231000,1150000
2009/05/12,0,680000,-2082000,-1402000
2009/05/13,0,0,-8507000,-8507000
2009/05/14,0,20000,-8137425,-8117425
2009/05/15,0,22000,-1306000,-1284000
2009/05/18,0,570000,-1413000,-843000
2009/05/19,0,127000,-1823960,-1696960
2009/05/20,0,163000,-1820000,-1657000
2009/05/21,0,0,-2315000,-2315000
2009/05/22,0,50000,-7157000,-7107000
2009/05/25,0,75000,-462000,-387000
2009/05/26,0,471000,-4348000,-3877000
2009/05/27,0,316000,-1868000,-1552000
2009/05/28,0,0,0,0
2009/05/29,0,0,0,0
2009/06/01,0,352000,-3000,349000
2009/06/02,0,173000,-5000,168000
2009/06/03,0,144000,-568000,-424000
2009/06/04,0,12000,-1822805,-1810805
2009/06/05,0,0,-1694000,-1694000
2009/06/08,0,19000,-70000,-51000
2009/06/09,0,2000,-1173000,-1171000
2009/06/10,0,2000,-1183636,-1181636
2009/06/11,0,8000,-133000,-125000
2009/06/12,0,0,-59000,-59000
2009/06/15,0,31000,-908000,-877000
2009/06/16,0,11000,-97000,-86000
2009/06/17,0,12000,-800000,-788000
2009/06/18,0,10000,-521000,-511000
2009/06/19,0,20000,-914000,-894000
2009/06/22,0,139000,-375000,-236000
2009/06/23,0,120000,-4411000,-4291000
2009/06/24,0,153000,-459000,-306000
2009/06/25,0,1000,-100000,-99000
2009/06/26,0,0,-376000,-376000
2009/06/29,0,100000,-129000,-29000
2009/06/30,0,303000,-100000,203000
2009/07/01,0,43000,-275000,-232000
2009/07/02,0,0,-3076000,-3076000
2009/07/03,0,0,-390000,-390000
2009/07/06,0,0,-605000,-605000
2009/07/07,0,4000,-450000,-446000
2009/07/08,0,57000,-175000,-118000
2009/07/09,0,23000,-290000,-267000
2009/07/10,0,411000,-134000,277000
2009/07/13,0,0,-420200,-420200
2009/07/14,0,0,-16000,-16000
2009/07/15,0,0,-1706000,-1706000
2009/07/16,0,0,-137000,-137000
2009/07/17,0,0,-1201000,-1201000
2009/07/20,0,0,-981000,-981000
2009/07/21,0,0,-1117000,-1117000
2009/07/22,0,0,-72000,-72000
2009/07/23,0,59000,-3656000,-3597000
2009/07/24,0,0,-505000,-505000
2009/07/27,0,0,-1032000,-1032000
2009/07/28,0,0,-688000,-688000
2009/07/29,0,0,-1000,-1000
2009/07/30,0,0,-69344,-69344
2009/07/31,0,0,-1000,-1000
2009/08/03,0,0,0,0
2009/08/04,0,397000,-8000,389000
2009/08/05,0,0,0,0
2009/08/06,0,434000,0,434000
2009/08/07,0,0,0,0
2009/08/10,0,8000,-12000,-4000
2009/08/11,0,4000,0,4000
2009/08/12,0,309000,0,309000
2009/08/13,0,0,0,0
2009/08/14,0,0,-7580,-7580
2009/08/17,0,0,-19000,-19000
2009/08/18,0,4000,-47000,-43000
2009/08/19,0,2000,0,2000
2009/08/20,0,973000,0,973000
2009/08/21,0,325000,-1000,324000
2009/08/24,0,4000,0,4000
2009/08/25,0,0,-467000,-467000
2009/08/26,0,1000,0,1000
2009/08/27,0,2044000,-104000,1940000
2009/08/28,0,0,-150000,-150000
2009/08/31,0,10000,-49000,-39000
2009/09/01,0,0,0,0
2009/09/02,0,0,-353000,-353000
2009/09/03,0,2000,-54000,-52000
2009/09/04,0,0,-262000,-262000
2009/09/07,0,0,-4000,-4000
2009/09/08,0,0,0,0
2009/09/09,0,342000,-69000,273000
2009/09/10,0,15000,0,15000
2009/09/11,0,200000,0,200000
2009/09/14,0,330000,-45000,285000
2009/09/15,0,0,0,0
2009/09/16,0,1319000,0,1319000
2009/09/17,0,1900000,0,1900000
2009/09/18,0,0,-22000,-22000
2009/09/21,0,0,-147000,-147000
2009/09/22,0,0,0,0
2009/09/23,0,9000,-2000,7000
2009/09/24,0,0,-20000,-20000
2009/09/25,0,0,-112000,-112000
2009/09/28,0,705000,0,705000
2009/09/29,0,5000,0,5000
2009/09/30,0,2130000,-15000,2115000
2009/10/01,0,1000000,-103000,897000
2009/10/02,0,711000,-187300,523700
2009/10/05,0,0,-311310,-311310
2009/10/06,0,824000,-150000,674000
2009/10/07,0,1331000,-1339000,-8000
2009/10/08,0,828000,0,828000
2009/10/09,0,2000,0,2000
2009/10/12,0,100000,0,100000
2009/10/13,0,5000,0,5000
2009/10/14,0,0,-2000,-2000
2009/10/15,0,0,-528000,-528000
2009/10/16,0,0,-654855,-654855
2009/10/19,0,7000,0,7000
2009/10/20,0,0,0,0
2009/10/21,0,13000,-105630,-92630
2009/10/22,0,0,0,0
2009/10/23,0,0,0,0
2009/10/26,0,985000,0,985000
2009/10/27,0,3000,-4500,-1500
2009/10/28,0,0,-1000,-1000
2009/10/29,0,624000,0,624000
2009/10/30,0,0,0,0
2009/11/02,0,4000,0,4000
2009/11/03,0,3000,-231000,-228000
2009/11/04,0,3000,-500,2500
2009/11/05,0,4000,0,4000
2009/11/06,0,2000,0,2000
2009/11/09,0,4000,0,4000
2009/11/10,0,1000,-6000,-5000
2009/11/11,0,0,-1229000,-1229000
2009/11/12,0,522000,-704100,-182100
2009/11/13,0,0,-8000,-8000
2009/11/16,0,56000,-1000,55000
2009/11/17,0,500000,0,500000
2009/11/18,0,500000,-106000,394000
2009/11/19,0,0,-402000,-402000
2009/11/20,0,5000,-233000,-228000
2009/11/23,0,0,0,0
2009/11/24,0,0,0,0
2009/11/25,0,0,-100000,-100000
2009/11/26,0,0,0,0
2009/11/27,0,0,-500000,-500000
2009/11/30,0,0,-881000,-881000
2009/12/01,0,0,-467000,-467000
2009/12/02,0,0,-1585600,-1585600
2009/12/03,0,0,-80000,-80000
2009/12/04,0,0,-910000,-910000
2009/12/07,0,654000,-204000,450000
2009/12/08,0,154000,0,154000
2009/12/09,0,0,-560000,-560000
2009/12/10,0,0,-1171700,-1171700
2009/12/11,0,3000,0,3000
2009/12/14,0,0,-190410,-190410
2009/12/15,0,0,-451000,-451000
2009/12/16,0,0,-306870,-306870
2009/12/17,0,0,0,0
2009/12/18,0,0,-5000,-5000
2009/12/21,0,0,0,0
2009/12/22,0,0,-3000,-3000
2009/12/23,0,0,-800000,-800000
2009/12/24,0,0,0,0
2009/12/25,0,0,-78000,-78000
2009/12/28,0,0,-551000,-551000
2009/12/29,0,0,-90140,-90140
2009/12/30,0,0,-56000,-56000
2009/12/31,0,0,0,0
2010/01/01,0,0,0,0
2010/01/04,0,260000,-333000,-73000
2010/01/05,0,255000,-1000,254000
2010/01/06,0,0,0,0
2010/01/07,0,0,-2000,-2000
2010/01/08,0,0,-3000,-3000
2010/01/11,0,0,0,0
2010/01/12,0,0,-41980,-41980
2010/01/13,0,0,-182000,-182000
2010/01/14,0,0,-18000,-18000
2010/01/15,0,0,-72000,-72000
2010/01/18,0,1000,-13000,-12000
2010/01/19,0,49000,0,49000
2010/01/20,0,0,-2000,-2000
2010/01/21,0,0,0,0
2010/01/22,0,0,-168000,-168000
2010/01/25,0,1130000,-5000,1125000
2010/01/26,0,0,0,0
2010/01/27,0,12000,0,12000
2010/01/28,0,3000,-100800,-97800
2010/01/29,0,1455000,0,1455000
2010/02/01,0,1605000,-193000,1412000
2010/02/02,0,0,-97000,-97000
2010/02/03,0,2000,-1000,1000
2010/02/04,0,2000,0,2000
2010/02/05,0,512000,0,512000
2010/02/08,0,8000,0,8000
2010/02/09,0,604000,0,604000
2010/02/10,0,137000,0,137000
2010/02/11,0,0,0,0
2010/02/12,0,0,0,0
2010/02/15,0,0,0,0
2010/02/16,0,0,0,0
2010/02/17,0,0,0,0
2010/02/18,0,0,0,0
2010/02/19,0,0,0,0
2010/02/22,0,3000,-210680,-207680
2010/02/23,0,5000,0,5000
2010/02/24,0,1000,0,1000
2010/02/25,0,18000,-80600,-62600
2010/02/26,0,3000,-2000,1000
2010/03/01,0,3000,0,3000
2010/03/02,0,0,0,0
2010/03/03,0,0,-350000,-350000
2010/03/04,0,0,-253000,-253000
2010/03/05,0,0,0,0
2010/03/08,0,600000,-1400000,-800000
2010/03/09,0,0,0,0
2010/03/10,0,106000,-24000,82000
2010/03/11,0,700000,0,700000
2010/03/12,0,0,-436800,-436800
2010/03/15,0,0,0,0
2010/03/16,0,0,-1000,-1000
2010/03/17,0,2000,-114000,-112000
2010/03/18,0,0,-1000,-1000
2010/03/19,0,0,-2000,-2000
2010/03/22,0,0,-1000,-1000
2010/03/23,0,1000,-3000,-2000
2010/03/24,0,0,-2000,-2000
2010/03/25,0,0,-2000,-2000
2010/03/26,0,0,0,0
2010/03/29,0,352000,0,352000
2010/03/30,0,0,0,0
2010/03/31,0,0,-1000,-1000
2010/04/01,0,150000,0,150000
2010/04/02,0,0,-2000,-2000
2010/04/05,0,0,0,0
2010/04/06,0,0,-1000,-1000
2010/04/07,0,0,0,0
2010/04/08,0,0,-20000,-20000
2010/04/09,0,500000,-1000,499000
2010/04/12,0,0,-269000,-269000
2010/04/13,0,0,-137000,-137000
2010/04/14,0,0,-67000,-67000
2010/04/15,0,0,-1000,-1000
2010/04/16,0,186000,-1000,185000
2010/04/19,0,0,-2124,-2124
2010/04/20,0,1000,-1000,0
2010/04/21,0,0,0,0
2010/04/22,0,0,0,0
2010/04/23,0,0,0,0
2010/04/26,0,0,0,0
2010/04/27,0,0,-1000,-1000
2010/04/28,0,0,-1000,-1000
2010/04/29,0,0,-2150000,-2150000
2010/04/30,0,0,-6000,-6000
2010/05/03,0,0,0,0
2010/05/04,0,0,0,0
2010/05/05,0,0,-840000,-840000
2010/05/06,0,0,0,0
2010/05/07,0,2000,-1000,1000
2010/05/10,0,35000,-116000,-81000
2010/05/11,0,1000,-115000,-114000
2010/05/12,0,250000,0,250000
2010/05/13,0,0,-240000,-240000
2010/05/14,0,7000,-300000,-293000
2010/05/17,0,0,-457000,-457000
2010/05/18,0,0,-600000,-600000
2010/05/19,0,0,-15000,-15000
2010/05/20,0,2000,-507000,-505000
2010/05/21,0,0,-56000,-56000
2010/05/24,0,311000,-2000,309000
2010/05/25,0,0,-250000,-250000
2010/05/26,0,84000,-256000,-172000
2010/05/27,0,2000,-5000,-3000
2010/05/28,0,0,-2000,-2000
2010/05/31,0,0,0,0
2010/06/01,0,0,0,0
2010/06/02,0,0,0,0
2010/06/03,0,0,-2000,-2000
2010/06/04,0,0,0,0
2010/06/07,0,0,-2283000,-2283000
2010/06/08,0,2000,0,2000
2010/06/09,0,0,0,0
2010/06/10,0,1000,-1000,0
2010/06/11,0,0,-53,-53
2010/06/14,0,1000,0,1000
2010/06/15,0,88000,0,88000
2010/06/16,0,0,0,0
2010/06/17,0,0,-1000,-1000
2010/06/18,0,0,-7000,-7000
2010/06/21,0,0,-500000,-500000
2010/06/22,0,0,-2000,-2000
2010/06/23,0,0,-750000,-750000
2010/06/24,0,36000,-2000,34000
2010/06/25,0,160000,-6000,154000
2010/06/28,0,41000,0,41000
2010/06/29,0,2000,0,2000
2010/06/30,0,0,0,0
2010/07/01,0,0,0,0
2010/07/02,0,2000,0,2000
2010/07/05,0,0,-1000,-1000
2010/07/06,0,8000,0,8000
2010/07/07,0,500000,0,500000
2010/07/08,0,0,0,0
2010/07/09,0,0,0,0
2010/07/12,0,3000,0,3000
2010/07/13,0,0,-3000,-3000
2010/07/14,0,66000,0,66000
2010/07/15,0,0,-38000,-38000
2010/07/16,0,3065000,-302000,2763000
2010/07/19,0,164000,-657000,-493000
2010/07/20,0,0,0,0
2010/07/21,0,0,-1000,-1000
2010/07/22,0,3000,0,3000
2010/07/23,0,171000,0,171000
2010/07/26,0,1000,0,1000
2010/07/27,0,19000,0,19000
2010/07/28,0,2000,0,2000
2010/07/29,0,0,0,0
2010/07/30,0,2443000,-30000,2413000
2010/08/02,0,397000,-28000,369000
2010/08/03,0,4000,-3000,1000
2010/08/04,0,0,-11000,-11000
2010/08/05,0,0,-1269000,-1269000
2010/08/06,0,0,-1002000,-1002000
2010/08/09,0,545000,0,545000
2010/08/10,0,32000,0,32000
2010/08/11,0,36000,-2000,34000
2010/08/12,0,0,-4000,-4000
2010/08/13,0,53000,-1568000,-1515000
2010/08/16,0,0,-9802,-9802
2010/08/17,0,1000,-6000,-5000
2010/08/18,0,275000,-521000,-246000
2010/08/19,0,0,-801000,-801000
2010/08/20,0,35000,-1000,34000
2010/08/23,0,0,0,0
2010/08/24,0,80000,-1000,79000
2010/08/25,0,22000,-275000,-253000
2010/08/26,0,0,-1000,-1000
2010/08/27,0,501000,0,501000
2010/08/30,0,2000,0,2000
2010/08/31,0,0,-54000,-54000
2010/09/01,0,0,0,0
2010/09/02,0,1000,0,1000
2010/09/03,0,1000,0,1000
2010/09/06,0,0,0,0
2010/09/07,0,55000,0,55000
2010/09/08,0,30000,0,30000
2010/09/09,0,29000,0,29000
2010/09/10,0,15000,0,15000
2010/09/13,0,0,0,0
2010/09/14,0,35000,-518000,-483000
2010/09/15,0,17000,0,17000
2010/09/16,0,0,-5000,-5000
2010/09/17,0,1676000,-6000,1670000
2010/09/20,0,50000,-1000,49000
2010/09/21,0,450000,-2000,448000
2010/09/22,0,0,0,0
2010/09/23,0,0,-506000,-506000
2010/09/24,0,0,-3000,-3000
2010/09/27,0,0,-3000,-3000
2010/09/28,0,1000,0,1000
2010/09/29,0,250000,0,250000
2010/09/30,0,0,-109730,-109730
2010/10/01,0,90000,0,90000
2010/10/04,0,0,-3000,-3000
2010/10/05,0,0,0,0
2010/10/06,0,0,-2000,-2000
2010/10/07,0,0,0,0
2010/10/08,0,0,-2000,-2000
2010/10/11,0,0,0,0
2010/10/12,0,0,-2000,-2000
2010/10/13,0,59000,-90000,-31000
2010/10/14,0,8000,-115000,-107000
2010/10/15,0,250000,-110000,140000
2010/10/18,0,0,-52000,-52000
2010/10/19,0,6000,-100000,-94000
2010/10/20,0,0,-50000,-50000
2010/10/21,0,0,-20000,-20000
2010/10/22,0,200000,0,200000
2010/10/25,0,0,0,0
2010/10/26,0,5000,0,5000
2010/10/27,0,8000,0,8000
2010/10/28,0,0,0,0
2010/10/29,0,0,-1000,-1000
2010/11/01,0,0,-205100,-205100
2010/11/02,0,0,0,0
2010/11/03,0,0,-59000,-59000
2010/11/04,0,0,0,0
2010/11/05,0,0,-450000,-450000
2010/11/08,0,0,0,0
2010/11/09,0,5000,0,5000
2010/11/10,0,0,-2000,-2000
2010/11/11,0,3000,-525000,-522000
2010/11/12,0,12000,-1000,11000
2010/11/15,0,0,-1000,-1000
2010/11/16,0,0,-42000,-42000
2010/11/17,0,0,0,0
2010/11/18,0,0,0,0
2010/11/19,0,0,0,0
2010/11/22,0,0,0,0
2010/11/23,0,0,0,0
2010/11/24,0,0,-600000,-600000
2010/11/25,0,0,-1917000,-1917000
2010/11/26,0,3000,-2000,1000
2010/11/29,0,0,-1000,-1000
2010/11/30,0,0,-19000,-19000
2010/12/01,0,0,-5000,-5000
2010/12/02,0,0,-505000,-505000
2010/12/03,0,0,-7000,-7000
2010/12/06,0,0,-10000,-10000
2010/12/07,0,289000,-501000,-212000
2010/12/08,0,2888000,-503000,2385000
2010/12/09,0,3000,-323000,-320000
2010/12/10,0,0,-305000,-305000
2010/12/13,0,0,-6000,-6000
2010/12/14,0,0,0,0
2010/12/15,0,0,0,0
2010/12/16,0,0,-3000,-3000
2010/12/17,0,116000,-213000,-97000
2010/12/20,0,0,-5000,-5000
2010/12/21,0,1000,0,1000
2010/12/22,0,4000,0,4000
2010/12/23,0,500000,-24000,476000
2010/12/24,0,568000,0,568000
2010/12/27,0,0,-1565000,-1565000
2010/12/28,0,0,0,0
2010/12/29,0,0,0,0
2010/12/30,0,200000,-207000,-7000
2010/12/31,0,200000,-3000,197000
2011/01/03,0,0,0,0
2011/01/04,0,0,0,0
2011/01/05,0,100000,0,100000
2011/01/06,0,0,0,0
2011/01/07,0,0,0,0
2011/01/10,0,0,-4000,-4000
2011/01/11,0,0,0,0
2011/01/12,0,0,0,0
2011/01/13,0,0,0,0
2011/01/14,0,0,-583000,-583000
2011/01/17,0,0,0,0
2011/01/18,0,0,-21000,-21000
2011/01/19,0,2000,-10000,-8000
2011/01/20,0,0,-2000,-2000
2011/01/21,0,0,-256000,-256000
2011/01/24,0,0,-250000,-250000
2011/01/25,0,8000,0,8000
2011/01/26,0,0,-1000,-1000
2011/01/27,0,3000,-1000,2000
2011/01/28,0,0,-6000,-6000
2011/01/31,0,0,0,0
2011/02/01,0,0,0,0
2011/02/02,0,0,0,0
2011/02/03,0,0,0,0
2011/02/04,0,0,0,0
2011/02/07,0,0,0,0
2011/02/08,0,0,-908000,-908000
2011/02/09,0,0,0,0
2011/02/10,0,0,-2000,-2000
2011/02/11,0,8000,0,8000
2011/02/14,0,3000,0,3000
2011/02/15,0,5000,0,5000
2011/02/16,0,4000,-500000,-496000
2011/02/17,0,0,0,0
2011/02/18,0,1000,0,1000
2011/02/21,0,0,-3000,-3000
2011/02/22,0,0,0,0
2011/02/23,0,20000,0,20000
2011/02/24,0,3000,0,3000
2011/02/25,0,2000,-10000,-8000
2011/02/28,0,0,0,0
2011/03/01,0,0,0,0
2011/03/02,0,2000,0,2000
2011/03/03,0,440000,0,440000
2011/03/04,0,0,0,0
2011/03/07,0,0,0,0
2011/03/08,0,0,-245000,-245000
2011/03/09,0,6000,-300000,-294000
2011/03/10,0,0,0,0
2011/03/11,0,13000,0,13000
2011/03/14,0,4000,0,4000
2011/03/15,0,2000,0,2000
2011/03/16,0,200000,-390000,-190000
2011/03/17,0,1000,-310000,-309000
2011/03/18,0,0,-4000,-4000
2011/03/21,0,1021000,0,1021000
2011/03/22,0,0,0,0
2011/03/23,0,0,0,0
2011/03/24,0,1024000,0,1024000
2011/03/25,0,0,0,0
2011/03/28,0,1016000,0,1016000
2011/03/29,0,700000,0,700000
2011/03/30,0,0,-14000,-14000
2011/03/31,0,0,-7000,-7000
2011/04/01,0,0,0,0
2011/04/04,0,0,0,0
2011/04/05,0,0,0,0
2011/04/06,0,0,-3000,-3000
2011/04/07,0,0,0,0
2011/04/08,0,279000,0,279000
2011/04/11,0,1000,0,1000
2011/04/12,0,225000,-510000,-285000
2011/04/13,0,75000,0,75000
2011/04/14,0,2423000,-81000,2342000
2011/04/15,0,1941000,0,1941000
2011/04/18,0,2300000,-1000,2299000
2011/04/19,0,848000,-700000,148000
2011/04/20,0,2446000,0,2446000
2011/04/21,0,673000,0,673000
2011/04/22,0,309000,0,309000
2011/04/25,0,1108000,-2000,1106000
2011/04/26,0,0,-3000,-3000
2011/04/27,0,480000,-3190,476810
2011/04/28,0,1058000,-152000,906000
2011/04/29,0,500000,-150000,350000
2011/05/02,0,0,0,0
2011/05/03,0,946000,-300000,646000
2011/05/04,0,366000,0,366000
2011/05/05,0,320000,0,320000
2011/05/06,0,790000,-200000,590000
2011/05/09,0,1159000,0,1159000
2011/05/10,0,1293000,0,1293000
2011/05/11,0,2176000,0,2176000
2011/05/12,0,530000,-378000,152000
2011/05/13,0,701000,0,701000
2011/05/16,0,0,-294000,-294000
2011/05/17,0,1300000,0,1300000
2011/05/18,0,578000,0,578000
2011/05/19,0,99000,0,99000
2011/05/20,0,147000,-2009000,-1862000
2011/05/23,0,2000,-1000,1000
2011/05/24,0,1250000,0,1250000
2011/05/25,0,100000,0,100000
2011/05/26,0,800000,0,800000
2011/05/27,0,1262000,-180000,1082000
2011/05/30,0,7184000,0,7184000
2011/05/31,0,2645000,-155000,2490000
2011/06/01,0,1545000,-26000,1519000
2011/06/02,0,11000,0,11000
2011/06/03,0,737000,0,737000
2011/06/06,0,0,0,0
2011/06/07,0,656000,0,656000
2011/06/08,0,201000,-136000,65000
2011/06/09,0,150000,0,150000
2011/06/10,0,0,-200000,-200000
2011/06/13,0,50000,0,50000
2011/06/14,0,1327000,-6000,1321000
2011/06/15,0,3345000,0,3345000
2011/06/16,0,1712000,-295000,1417000
2011/06/17,0,114000,-222000,-108000
2011/06/20,0,546000,0,546000
2011/06/21,0,360000,0,360000
2011/06/22,0,110000,-31000,79000
2011/06/23,0,1907000,-135000,1772000
2011/06/24,0,1915000,-317000,1598000
2011/06/27,0,969000,-103000,866000
2011/06/28,0,2432000,-2000,2430000
2011/06/29,0,1357000,0,1357000
2011/06/30,0,925000,0,925000
2011/07/01,0,1081000,-7000,1074000
2011/07/04,0,346000,-125000,221000
2011/07/05,0,1316000,-2000,1314000
2011/07/06,0,270000,-202000,68000
2011/07/07,0,1272000,0,1272000
2011/07/08,0,40000,-39000,1000
2011/07/11,0,137000,0,137000
2011/07/12,0,127000,-26000,101000
2011/07/13,0,850000,-450000,400000
2011/07/14,0,811000,0,811000
2011/07/15,0,304000,-134000,170000
2011/07/18,0,3000,0,3000
2011/07/19,0,112000,-34000,78000
2011/07/20,0,185000,-1033000,-848000
2011/07/21,0,46000,-354000,-308000
2011/07/22,0,577000,-75000,502000
2011/07/25,0,48000,-16000,32000
2011/07/26,0,151000,-1551000,-1400000
2011/07/27,0,603000,-3643000,-3040000
2011/07/28,0,50000,-3529000,-3479000
2011/07/29,0,562000,-200000,362000
2011/08/01,0,105000,0,105000
2011/08/02,0,303000,-76000,227000
2011/08/03,0,964000,-840000,124000
2011/08/04,0,38000,0,38000
2011/08/05,0,384000,-680000,-296000
2011/08/08,0,74000,-240000,-166000
2011/08/09,0,1412000,-229000,1183000
2011/08/10,0,1439000,-4000,1435000
2011/08/11,0,978000,0,978000
2011/08/12,0,797000,-187000,610000
2011/08/15,0,446000,0,446000
2011/08/16,0,600000,-39000,561000
2011/08/17,0,419000,-3000,416000
2011/08/18,0,54000,-279000,-225000
2011/08/19,0,136000,-51000,85000
2011/08/22,0,34000,-659000,-625000
2011/08/23,0,267000,-544000,-277000
2011/08/24,0,0,-464000,-464000
2011/08/25,0,475000,-433000,42000
2011/08/26,0,68000,-2870000,-2802000
2011/08/29,0,1122000,0,1122000
2011/08/30,0,220000,-9000,211000
2011/08/31,0,687000,-3000,684000
2011/09/01,0,130000,-1227000,-1097000
2011/09/02,0,34000,-116000,-82000
2011/09/05,0,0,-9000,-9000
2011/09/06,0,50000,-723000,-673000
2011/09/07,0,62000,-2713000,-2651000
2011/09/08,0,190000,0,190000
2011/09/09,0,184000,0,184000
2011/09/12,0,0,0,0
2011/09/13,0,19000,-1003676,-984676
2011/09/14,0,6000,-190000,-184000
2011/09/15,0,52000,-1477000,-1425000
2011/09/16,0,21000,-607000,-586000
2011/09/19,0,6000,0,6000
2011/09/20,0,3000,-2587000,-2584000
2011/09/21,0,300000,-1863503,-1563503
2011/09/22,0,50000,-166000,-116000
2011/09/23,0,26000,-3045000,-3019000
2011/09/26,0,161000,-1965000,-1804000
2011/09/27,0,963000,-504000,459000
2011/09/28,0,588000,-796000,-208000
2011/09/29,0,2096000,-1079000,1017000
2011/09/30,0,180000,-231280,-51280
2011/10/03,0,531000,-1458660,-927660
2011/10/04,0,106000,-77520,28480
2011/10/05,0,17000,-602240,-585240
2011/10/06,0,114000,-2000,112000
2011/10/07,0,2600000,-1068120,1531880
2011/10/10,0,0,0,0
2011/10/11,0,2395000,-456000,1939000
2011/10/12,0,2712000,-325000,2387000
2011/10/13,0,1358000,-872000,486000
2011/10/14,0,508000,-2185180,-1677180
2011/10/17,0,109000,-136160,-27160
2011/10/18,0,393000,-502048,-109048
2011/10/19,0,0,-362420,-362420
2011/10/20,0,0,-452000,-452000
2011/10/21,0,0,-1410000,-1410000
2011/10/24,0,659000,-6000,653000
2011/10/25,0,89000,-959000,-870000
2011/10/26,0,2000,-60000,-58000
2011/10/27,0,916000,-1237000,-321000
2011/10/28,0,256000,0,256000
2011/10/31,0,0,-202000,-202000
2011/11/01,0,100000,-1055000,-955000
2011/11/02,0,7000,-59240,-52240
2011/11/03,0,3000,-1491000,-1488000
2011/11/04,0,722000,-520520,201480
2011/11/07,0,600000,-558600,41400
2011/11/08,0,283000,0,283000
2011/11/09,0,0,0,0
2011/11/10,0,2000,0,2000
2011/11/11,0,0,-1026000,-1026000
2011/11/14,0,7000,-875743,-868743
2011/11/15,0,0,-1265000,-1265000
2011/11/16,0,0,-3376000,-3376000
2011/11/17,0,49000,-7703180,-7654180
2011/11/18,0,23000,-2877000,-2854000
2011/11/21,0,10000,-4243620,-4233620
2011/11/22,0,4000,-484000,-480000
2011/11/23,0,16000,-441320,-425320
2011/11/24,0,11000,-386020,-375020
2011/11/25,0,11000,-69280,-58280
2011/11/28,0,5000,-457000,-452000
2011/11/29,0,5000,-242000,-237000
2011/11/30,0,3000,-860960,-857960
2011/12/01,0,300000,-21000,279000
2011/12/02,0,0,-57000,-57000
2011/12/05,0,4000,-50000,-46000
2011/12/06,0,0,-632000,-632000
2011/12/07,0,3000,0,3000
2011/12/08,0,3000,-700000,-697000
2011/12/09,0,10844,-666000,-655156
2011/12/12,0,0,0,0
2011/12/13,0,0,0,0
2011/12/14,0,4000,0,4000
2011/12/15,0,1000,0,1000
2011/12/16,0,2000,-100000,-98000
2011/12/19,0,417000,0,417000
2011/12/20,0,6000,-347000,-341000
2011/12/21,0,0,-63000,-63000
2011/12/22,0,6000,-112000,-106000
2011/12/23,0,0,-71000,-71000
2011/12/26,0,0,-140000,-140000
2011/12/27,0,11000,-21000,-10000
2011/12/28,0,0,-5640,-5640
2011/12/29,0,0,-507120,-507120
2011/12/30,0,0,-9000,-9000
2012/01/02,0,12000,-193960,-181960
2012/01/03,0,0,-18000,-18000
2012/01/04,0,0,-100000,-100000
2012/01/05,0,0,-700878,-700878
2012/01/06,0,0,-629000,-629000
2012/01/09,0,0,-354500,-354500
2012/01/10,0,0,-428000,-428000
2012/01/11,0,200000,-7000,193000
2012/01/12,0,0,-13000,-13000
2012/01/13,0,0,-175000,-175000
2012/01/16,0,0,-735000,-735000
2012/01/17,0,0,-770000,-770000
2012/01/18,0,0,-813000,-813000
2012/01/19,0,0,0,0
2012/01/20,0,0,0,0
2012/01/23,0,0,0,0
2012/01/24,0,0,0,0
2012/01/25,0,0,0,0
2012/01/26,0,0,0,0
2012/01/27,0,0,0,0
2012/01/30,0,120000,-125000,-5000
2012/01/31,0,1000,-602000,-601000
2012/02/01,0,0,-701000,-701000
2012/02/02,0,0,-202000,-202000
2012/02/03,0,0,-12000,-12000
2012/02/06,0,0,-617000,-617000
2012/02/07,0,0,-550000,-550000
2012/02/08,0,0,-833000,-833000
2012/02/09,0,4953,-58000,-53047
2012/02/10,0,0,-6000,-6000
2012/02/13,0,0,0,0
2012/02/14,0,0,-57000,-57000
2012/02/15,0,0,-424500,-424500
2012/02/16,0,8000,0,8000
2012/02/17,0,31000,0,31000
2012/02/20,0,0,-5000,-5000
2012/02/21,0,0,0,0
2012/02/22,0,0,0,0
2012/02/23,0,0,-5000,-5000
2012/02/24,0,77000,-19000,58000
2012/02/27,0,0,0,0
2012/02/28,0,0,0,0
2012/02/29,0,0,-36000,-36000
2012/03/01,0,0,-11000,-11000
2012/03/02,0,0,-409000,-409000
2012/03/05,0,423000,-2000,421000
2012/03/06,0,0,-312600,-312600
2012/03/07,0,0,0,0
2012/03/08,0,0,-246818,-246818
2012/03/09,0,0,-369000,-369000
2012/03/12,0,0,-13000,-13000
2012/03/13,0,0,-1000,-1000
2012/03/14,0,17000,-100000,-83000
2012/03/15,0,10000,-41000,-31000
2012/03/16,0,0,-209000,-209000
2012/03/19,0,0,-1000,-1000
2012/03/20,0,887000,-25000,862000
2012/03/21,0,0,0,0
2012/03/22,0,0,-150000,-150000
2012/03/23,0,0,-51000,-51000
2012/03/26,0,0,-59000,-59000
2012/03/27,0,0,0,0
2012/03/28,0,0,0,0
2012/03/29,0,0,0,0
2012/03/30,0,21000,-6000,15000
2012/04/02,0,0,-1000,-1000
2012/04/03,0,0,-210000,-210000
2012/04/04,0,0,0,0
2012/04/05,0,5499,-151000,-145501
2012/04/06,0,6000,-200000,-194000
2012/04/09,0,0,-6000,-6000
2012/04/10,0,0,0,0
2012/04/11,0,0,0,0
2012/04/12,0,0,-200000,-200000
2012/04/13,0,7000,0,7000
2012/04/16,0,2000,0,2000
2012/04/17,0,0,-77000,-77000
2012/04/18,0,0,0,0
2012/04/19,0,0,0,0
2012/04/20,0,6000,0,6000
2012/04/23,0,3000,-20000,-17000
2012/04/24,0,12000,0,12000
2012/04/25,0,0,0,0
2012/04/26,0,0,-10000,-10000
2012/04/27,0,81000,-10000,71000
2012/04/30,0,0,-30000,-30000
2012/05/01,0,0,0,0
2012/05/02,0,38000,-30000,8000
2012/05/03,0,0,-2480,-2480
2012/05/04,0,7000,-8000,-1000
2012/05/07,0,0,0,0
2012/05/08,0,0,-100000,-100000
2012/05/09,0,0,0,0
2012/05/10,0,0,0,0
2012/05/11,0,7000,0,7000
2012/05/14,0,0,0,0
2012/05/15,0,28000,0,28000
2012/05/16,0,8000,-947000,-939000
2012/05/17,0,0,0,0
2012/05/18,0,8000,-121000,-113000
2012/05/21,0,0,0,0
2012/05/22,0,0,-250000,-250000
2012/05/23,0,0,0,0
2012/05/24,0,0,0,0
2012/05/25,0,0,0,0
2012/05/28,0,0,0,0
2012/05/29,0,671000,0,671000
2012/05/30,0,168014,0,168014
2012/05/31,0,0,-11000,-11000
2012/06/01,0,204000,-1000,203000
2012/06/04,0,15000,0,15000
2012/06/05,0,274000,0,274000
2012/06/06,0,0,-56000,-56000
2012/06/07,0,0,0,0
2012/06/08,0,58000,0,58000
2012/06/11,0,207000,0,207000
2012/06/12,0,61000,0,61000
2012/06/13,0,37000,0,37000
2012/06/14,0,74000,0,74000
2012/06/15,0,0,-521000,-521000
2012/06/18,0,100000,-1000,99000
2012/06/19,0,4000,0,4000
2012/06/20,0,0,0,0
2012/06/21,0,35000,0,35000
2012/06/22,0,0,0,0
2012/06/25,0,0,0,0
2012/06/26,0,2450,-43000,-40550
2012/06/27,0,0,0,0
2012/06/28,0,0,-25000,-25000
2012/06/29,0,0,0,0
2012/07/02,0,122000,-7000,115000
2012/07/03,0,55000,0,55000
2012/07/04,0,0,0,0
2012/07/05,0,3000,-2000,1000
2012/07/06,0,80000,-9000,71000
2012/07/09,0,0,0,0
2012/07/10,0,1000,0,1000
2012/07/11,0,1000,-22000,-21000
2012/07/12,0,0,0,0
2012/07/13,0,340000,0,340000
2012/07/16,0,0,-1500,-1500
2012/07/17,0,0,-166000,-166000
2012/07/18,0,0,-136974,-136974
2012/07/19,0,1000,-140000,-139000
2012/07/20,0,0,0,0
2012/07/23,0,0,-8000,-8000
2012/07/24,0,0,0,0
2012/07/25,0,0,0,0
2012/07/26,0,12000,0,12000
2012/07/27,0,0,0,0
2012/07/30,0,0,0,0
2012/07/31,0,0,0,0
2012/08/01,0,2500,0,2500
2012/08/02,0,0,0,0
2012/08/03,0,51000,0,51000
2012/08/06,0,3000,-6000,-3000
2012/08/07,0,1000,-84000,-83000
2012/08/08,0,2000,-73000,-71000
2012/08/09,0,84000,-14000,70000
2012/08/10,0,5000,0,5000
2012/08/13,0,0,-8000,-8000
2012/08/14,0,0,-3000,-3000
2012/08/15,0,6000,-81000,-75000
2012/08/16,0,0,-6000,-6000
2012/08/17,0,0,-147923,-147923
2012/08/20,0,0,-10000,-10000
2012/08/21,0,0,-3000,-3000
2012/08/22,0,4000,0,4000
2012/08/23,0,1000,-21000,-20000
2012/08/24,0,0,0,0
2012/08/27,0,9000,0,9000
2012/08/28,0,1000,0,1000
2012/08/29,0,0,-69000,-69000
2012/08/30,0,0,0,0
2012/08/31,0,7500,-14000,-6500
2012/09/03,0,0,-4000,-4000
2012/09/04,0,0,0,0
2012/09/05,0,1000,-1000,0
2012/09/06,0,3000,0,3000
2012/09/07,0,2000,-3000,-1000
2012/09/10,0,400000,0,400000
2012/09/11,0,0,0,0
2012/09/12,0,2000,-6000,-4000
2012/09/13,0,3500,0,3500
2012/09/14,0,0,0,0
2012/09/17,0,121000,0,121000
2012/09/18,0,0,-68000,-68000
2012/09/19,0,0,-19000,-19000
2012/09/20,0,50000,-14000,36000
2012/09/21,0,1616000,-21000,1595000
2012/09/24,0,52000,-8000,44000
2012/09/25,0,0,0,0
2012/09/26,0,0,-20000,-20000
2012/09/27,0,5000,0,5000
2012/09/28,0,3000,-1000,2000
2012/10/01,0,1000,0,1000
2012/10/02,0,0,0,0
2012/10/03,0,0,0,0
2012/10/04,0,0,0,0
2012/10/05,0,0,0,0
2012/10/08,0,0,0,0
2012/10/09,0,100000,0,100000
2012/10/10,0,0,0,0
2012/10/11,0,0,0,0
2012/10/12,0,1000,-2000,-1000
2012/10/15,0,0,0,0
2012/10/16,0,0,0,0
2012/10/17,0,3000,0,3000
2012/10/18,0,120000,-47000,73000
2012/10/19,0,100000,0,100000
2012/10/22,0,0,0,0
2012/10/23,0,129000,-32000,97000
2012/10/24,0,0,0,0
2012/10/25,0,0,0,0
2012/10/26,0,0,0,0
2012/10/29,0,5426,0,5426
2012/10/30,0,0,-180,-180
2012/10/31,0,0,-4000,-4000
2012/11/01,0,0,0,0
2012/11/02,0,0,-23550,-23550
2012/11/05,0,0,-3000,-3000
2012/11/06,0,0,0,0
2012/11/07,0,0,-600000,-600000
2012/11/08,0,0,0,0
2012/11/09,0,0,-400000,-400000
2012/11/12,0,0,-431000,-431000
2012/11/13,0,2000,0,2000
2012/11/14,0,0,0,0
2012/11/15,0,0,-7000,-7000
2012/11/16,0,8000,-700,7300
2012/11/19,0,0,0,0
2012/11/20,0,0,0,0
2012/11/21,0,0,0,0
2012/11/22,0,0,0,0
2012/11/23,0,0,0,0
2012/11/26,0,0,0,0
2012/11/27,0,0,-4000,-4000
2012/11/28,0,4000,-114000,-110000
2012/11/29,0,0,0,0
2012/11/30,0,0,-1000,-1000
2012/12/03,0,0,0,0
2012/12/04,0,20000,-5000,15000
2012/12/05,0,349000,-1000,348000
2012/12/06,0,20000,0,20000
2012/12/07,0,651000,0,651000
2012/12/10,0,6000,-27000,-21000
2012/12/11,0,0,0,0
2012/12/12,0,600000,0,600000
2012/12/13,0,1000,-100,900
2012/12/14,0,190000,-3000,187000
2012/12/17,0,0,-7000,-7000
2012/12/18,0,1050000,-10000,1040000
2012/12/19,0,100000,0,100000
2012/12/20,0,150000,-1000,149000
2012/12/21,0,40000,-55000,-15000
2012/12/24,0,0,-400000,-400000
2012/12/25,0,156000,0,156000
2012/12/26,0,80000,0,80000
2012/12/27,0,0,0,0
2012/12/28,0,0,0,0
2012/12/31,0,0,0,0
2013/01/01,0,0,0,0
2013/01/02,0,0,0,0
2013/01/03,0,50000,-4000,46000
2013/01/04,0,0,-8000,-8000
2013/01/07,0,100000,-65000,35000
2013/01/08,0,0,-2000,-2000
2013/01/09,0,0,-86000,-86000
2013/01/10,0,50000,0,50000
2013/01/11,0,0,-6000,-6000
2013/01/14,0,0,0,0
2013/01/15,0,0,-4000,-4000
2013/01/16,0,20000,-9000,11000
2013/01/17,0,0,-209131,-209131
2013/01/18,0,0,-436940,-436940
2013/01/21,0,0,-910000,-910000
2013/01/22,0,0,-4000,-4000
2013/01/23,0,50000,-2000,48000
2013/01/24,0,2000,-140000,-138000
2013/01/25,0,0,-85000,-85000
2013/01/28,0,0,0,0
2013/01/29,0,250000,-1000,249000
2013/01/30,0,0,0,0
2013/01/31,0,105000,-4000,101000
2013/02/01,0,0,-350200,-350200
2013/02/04,0,200000,-82000,118000
2013/02/05,0,120000,-104000,16000
2013/02/06,0,237000,-8000,229000
2013/02/07,0,0,0,0
2013/02/08,0,0,0,0
2013/02/11,0,0,0,0
2013/02/12,0,0,0,0
2013/02/13,0,0,0,0
2013/02/14,0,0,0,0
2013/02/15,0,0,0,0
2013/02/18,0,0,-26000,-26000
2013/02/19,0,0,-2000,-2000
2013/02/20,0,0,-440000,-440000
2013/02/21,0,0,-4000,-4000
2013/02/22,0,0,-15000,-15000
2013/02/25,0,30000,0,30000
2013/02/26,0,0,-2000,-2000
2013/02/27,0,9000,0,9000
2013/02/28,0,0,0,0
2013/03/01,0,0,0,0
2013/03/04,0,0,0,0
2013/03/05,0,100000,-604560,-504560
2013/03/06,0,10000,-3000,7000
2013/03/07,0,0,0,0
2013/03/08,0,0,-15000,-15000
2013/03/11,0,0,-23000,-23000
2013/03/12,0,0,-136000,-136000
2013/03/13,0,0,-3000,-3000
2013/03/14,0,0,-9000,-9000
2013/03/15,0,277000,-581000,-304000
2013/03/18,0,27000,-65114,-38114
2013/03/19,0,0,0,0
2013/03/20,0,0,-402000,-402000
2013/03/21,0,0,-100000,-100000
2013/03/22,0,0,-4000,-4000
2013/03/25,0,0,0,0
2013/03/26,0,0,0,0
2013/03/27,0,0,-30000,-30000
2013/03/28,0,0,0,0
2013/03/29,0,1000,0,1000
2013/04/01,0,0,-2000,-2000
2013/04/02,0,0,-5000,-5000
2013/04/03,0,0,0,0
2013/04/04,0,0,0,0
2013/04/05,0,0,0,0
2013/04/08,0,0,-2000,-2000
2013/04/09,0,0,-4000,-4000
2013/04/10,0,0,0,0
2013/04/11,0,0,0,0
2013/04/12,0,0,-2000,-2000
2013/04/15,0,0,-2000,-2000
2013/04/16,0,0,0,0
2013/04/17,0,98000,0,98000
2013/04/18,0,0,0,0
2013/04/19,0,35519,0,35519
2013/04/22,0,367000,-6000,361000
2013/04/23,0,0,-10000,-10000
2013/04/24,0,0,-3000,-3000
2013/04/25,0,0,-50000,-50000
2013/04/26,0,0,-5000,-5000
2013/04/29,0,0,-7000,-7000
2013/04/30,0,0,0,0
2013/05/01,0,0,0,0
2013/05/02,0,0,-3000,-3000
2013/05/03,0,0,-10000,-10000
2013/05/06,0,850000,-6000,844000
2013/05/07,0,850000,-236000,614000
2013/05/08,0,500000,-2000,498000
2013/05/09,0,0,-241000,-241000
2013/05/10,0,0,-51000,-51000
2013/05/13,0,0,-8000,-8000
2013/05/14,0,2000,-8000,-6000
2013/05/15,0,0,0,0
2013/05/16,0,0,-200000,-200000
2013/05/17,0,0,-2000,-2000
2013/05/20,0,0,-3630,-3630
2013/05/21,0,0,-2000,-2000
2013/05/22,0,0,-15000,-15000
2013/05/23,0,0,-2000,-2000
2013/05/24,0,0,-11000,-11000
2013/05/27,0,0,-3000,-3000
2013/05/28,0,100000,0,100000
2013/05/29,0,0,-190000,-190000
2013/05/30,0,0,-2000,-2000
2013/05/31,0,0,0,0
2013/06/03,0,0,0,0
2013/06/04,0,0,0,0
2013/06/05,0,0,0,0
2013/06/06,0,0,0,0
2013/06/07,0,0,-6000,-6000
2013/06/10,0,0,0,0
2013/06/11,0,10000,-368000,-358000
2013/06/12,0,0,0,0
2013/06/13,0,12000,-302000,-290000
2013/06/14,0,0,0,0
2013/06/17,0,0,0,0
2013/06/18,0,0,-401000,-401000
2013/06/19,0,0,0,0
2013/06/20,0,0,0,0
2013/06/21,0,12000,-33000,-21000
2013/06/24,0,11000,-34000,-23000
2013/06/25,0,0,0,0
2013/06/26,0,0,-5000,-5000
2013/06/27,0,0,0,0
2013/06/28,0,2000,0,2000
2013/07/01,0,0,-25000,-25000
2013/07/02,0,0,-18000,-18000
2013/07/03,0,0,-300000,-300000
2013/07/04,0,0,0,0
2013/07/05,0,0,-172000,-172000
2013/07/08,0,0,0,0
2013/07/09,0,0,0,0
2013/07/10,0,0,0,0
2013/07/11,0,312,0,312
2013/07/12,0,0,-6000,-6000
2013/07/15,0,0,0,0
2013/07/16,0,0,0,0
2013/07/17,0,0,0,0
2013/07/18,0,0,-8000,-8000
2013/07/19,0,61000,0,61000
2013/07/22,0,0,0,0
2013/07/23,0,1000,0,1000
2013/07/24,0,2000,-711763,-709763
2013/07/25,0,1000,0,1000
2013/07/26,0,0,0,0
2013/07/29,0,0,0,0
2013/07/30,0,10000,0,10000
2013/07/31,0,0,-3000,-3000
2013/08/01,0,0,0,0
2013/08/02,0,0,0,0
2013/08/05,0,0,-7000,-7000
2013/08/06,0,0,0,0
2013/08/07,0,0,0,0
2013/08/08,0,0,0,0
2013/08/09,0,0,0,0
2013/08/12,0,126000,0,126000
2013/08/13,0,0,0,0
2013/08/14,0,2000,0,2000
2013/08/15,0,0,-1000,-1000
2013/08/16,0,14000,-9000,5000
2013/08/19,0,4000,0,4000
2013/08/20,0,1000,0,1000
2013/08/21,0,0,0,0
2013/08/22,0,4000,0,4000
2013/08/23,0,7000,0,7000
2013/08/26,0,10000,0,10000
2013/08/27,0,0,0,0
2013/08/28,0,5000,-126000,-121000
2013/08/29,0,0,0,0
2013/08/30,0,16000,-4000,12000
2013/09/02,0,0,0,0
2013/09/03,0,8687,0,8687
2013/09/04,0,0,0,0
2013/09/05,0,4000,-367000,-363000
2013/09/06,0,3000,0,3000
2013/09/09,0,0,-1000,-1000
2013/09/10,0,1000,0,1000
2013/09/11,0,12000,0,12000
2013/09/12,0,59000,0,59000
2013/09/13,0,56000,-2000,54000
2013/09/16,0,1000,-1000,0
2013/09/17,0,0,0,0
2013/09/18,0,4000,-426000,-422000
2013/09/19,0,0,0,0
2013/09/20,0,0,0,0
2013/09/23,0,0,-4000,-4000
2013/09/24,0,0,0,0
2013/09/25,0,0,0,0
2013/09/26,0,1000,-75000,-74000
2013/09/27,0,0,-16000,-16000
2013/09/30,0,2000,-2000,0
2013/10/01,0,1000,-7340,-6340
2013/10/02,0,0,-600,-600
2013/10/03,0,4000,0,4000
2013/10/04,0,442000,0,442000
2013/10/07,0,1275000,0,1275000
2013/10/08,0,1109000,0,1109000
2013/10/09,0,441000,0,441000
2013/10/10,0,0,0,0
2013/10/11,0,286000,-159000,127000
2013/10/14,0,95000,0,95000
2013/10/15,0,847000,-50000,797000
2013/10/16,0,503000,0,503000
2013/10/17,0,547000,-70000,477000
2013/10/18,0,0,0,0
2013/10/21,0,0,0,0
2013/10/22,0,0,-10000,-10000
2013/10/23,0,0,0,0
2013/10/24,0,0,0,0
2013/10/25,0,0,0,0
2013/10/28,0,0,-80200,-80200
2013/10/29,0,0,-1000,-1000
2013/10/30,0,0,0,0
2013/10/31,0,7000,-850000,-843000
2013/11/01,0,0,-5000,-5000
2013/11/04,0,0,0,0
2013/11/05,0,0,-95000,-95000
2013/11/06,0,0,-60000,-60000
2013/11/07,0,0,0,0
2013/11/08,0,0,-48000,-48000
2013/11/11,0,150000,0,150000
2013/11/12,0,0,-1000,-1000
2013/11/13,0,0,-45000,-45000
2013/11/14,0,0,0,0
2013/11/15,0,0,-2000,-2000
2013/11/18,0,1149000,0,1149000
2013/11/19,0,0,-1000000,-1000000
2013/11/20,0,10000,0,10000
2013/11/21,0,0,-20000,-20000
2013/11/22,0,0,-789000,-789000
2013/11/25,0,70000,-2664,67336
2013/11/26,0,300000,0,300000
2013/11/27,0,20000,-300000,-280000
2013/11/28,0,20000,0,20000
2013/11/29,0,68000,0,68000
2013/12/02,0,0,0,0
2013/12/03,0,0,0,0
2013/12/04,0,0,-341000,-341000
2013/12/05,0,0,0,0
2013/12/06,0,0,-104000,-104000
2013/12/09,0,0,-350000,-350000
2013/12/10,0,20000,-150000,-130000
2013/12/11,0,60000,0,60000
2013/12/12,0,0,-1000,-1000
2013/12/13,0,0,0,0
2013/12/16,0,10000,0,10000
2013/12/17,0,10000,-3000,7000
2013/12/18,0,20000,0,20000
2013/12/19,0,0,0,0
2013/12/20,0,192000,0,192000
2013/12/23,0,0,0,0
2013/12/24,0,0,-13000,-13000
2013/12/25,0,20000,-12000,8000
2013/12/26,0,0,0,0
2013/12/27,0,16000,-300000,-284000
2013/12/30,0,14000,-76000,-62000
2013/12/31,0,0,-6000,-6000
2014/01/02,0,0,-451000,-451000
2014/01/03,0,0,-554000,-554000
2014/01/06,0,0,-422000,-422000
2014/01/07,0,282000,-1000,281000
2014/01/08,0,283000,-29885,253115
2014/01/09,0,0,-80000,-80000
2014/01/10,0,0,-500000,-500000
2014/01/13,0,0,0,0
2014/01/14,0,1000,-581000,-580000
2014/01/15,0,0,-77000,-77000
2014/01/16,0,98000,0,98000
2014/01/17,0,0,-61000,-61000
2014/01/20,0,48000,-501000,-453000
2014/01/21,0,0,-3000,-3000
2014/01/22,0,0,-4000,-4000
2014/01/23,0,141000,0,141000
2014/01/24,0,0,-1000,-1000
2014/01/27,0,0,-3000,-3000
2014/02/05,0,0,0,0
2014/02/06,0,0,0,0
2014/02/07,0,0,0,0
2014/02/10,0,284000,0,284000
2014/02/11,0,0,-1000,-1000
2014/02/12,0,22000,-10000,12000
2014/02/13,0,0,-193272,-193272
2014/02/14,0,0,-230000,-230000
2014/02/17,0,0,-10000,-10000
2014/02/18,0,0,-50000,-50000
2014/02/19,0,0,-93000,-93000
2014/02/20,0,0,-76000,-76000
2014/02/21,0,6000,-1000,5000
2014/02/24,0,0,-12000,-12000
2014/02/25,0,0,0,0
2014/02/26,0,0,-10000,-10000
2014/02/27,0,0,-12000,-12000
2014/03/03,0,0,0,0
2014/03/04,0,0,0,0
2014/03/05,0,0,-10000,-10000
2014/03/06,0,0,-244000,-244000
2014/03/07,0,0,-2000,-2000
2014/03/10,0,0,-6000,-6000
2014/03/11,0,0,-152000,-152000
2014/03/12,0,0,-2000,-2000
2014/03/13,0,0,0,0
2014/03/14,0,0,-2000,-2000
2014/03/17,0,0,-1000,-1000
2014/03/18,0,0,0,0
2014/03/19,0,0,0,0
2014/03/20,0,50000,0,50000
2014/03/21,0,250000,-95000,155000
2014/03/24,0,0,0,0
2014/03/25,0,300000,0,300000
2014/03/26,0,300000,0,300000
2014/03/27,0,0,0,0
2014/03/28,0,0,-5000,-5000
2014/03/31,0,0,0,0
2014/04/01,0,0,-27000,-27000
2014/04/02,0,584000,0,584000
2014/04/03,0,0,-40000,-40000
2014/04/07,0,0,-2000,-2000
2014/04/08,0,0,0,0
2014/04/09,0,0,0,0
2014/04/10,0,10906,0,10906
2014/04/11,0,771000,0,771000
2014/04/14,0,18000,0,18000
2014/04/15,0,1046000,0,1046000
2014/04/16,0,350000,-1000,349000
2014/04/17,0,130000,-2000,128000
2014/04/18,0,200000,-1000,199000
2014/04/21,0,540000,-2000,538000
2014/04/22,0,0,-2000,-2000
2014/04/23,0,250000,-2000,248000
2014/04/24,0,377000,0,377000
2014/04/25,0,0,0,0
2014/04/28,0,0,0,0
2014/04/29,0,0,0,0
2014/04/30,0,1000,-1000,0
2014/05/02,0,0,0,0
2014/05/05,0,281000,0,281000
2014/05/06,0,200000,0,200000
2014/05/07,0,0,-1000,-1000
2014/05/08,0,0,0,0
2014/05/09,0,100000,0,100000
2014/05/12,0,0,0,0
2014/05/13,0,9000,0,9000
2014/05/14,0,0,0,0
2014/05/15,0,0,0,0
2014/05/16,0,23000,0,23000
2014/05/19,0,0,-2000,-2000
2014/05/20,0,0,0,0
2014/05/21,0,0,0,0
2014/05/22,0,0,-287000,-287000
2014/05/23,0,0,-215000,-215000
2014/05/26,0,0,-423000,-423000
2014/05/27,0,0,-426000,-426000
2014/05/28,0,0,-150000,-150000
2014/05/29,0,0,-395000,-395000
2014/05/30,0,0,-3000,-3000
2014/06/03,0,0,0,0
2014/06/04,0,0,-174000,-174000
2014/06/05,0,3000,-750000,-747000
2014/06/06,0,0,-251000,-251000
2014/06/09,0,0,-301000,-301000
2014/06/10,0,0,-306000,-306000
2014/06/11,0,0,-309000,-309000
2014/06/12,0,2000,-454000,-452000
2014/06/13,0,0,-228000,-228000
2014/06/16,0,0,-509000,-509000
2014/06/17,0,0,0,0
2014/06/18,0,1000,-455000,-454000
2014/06/19,0,0,0,0
2014/06/20,0,24000,-222000,-198000
2014/06/23,0,0,-100000,-100000
2014/06/24,0,0,-163000,-163000
2014/06/25,0,0,-3000,-3000
2014/06/26,0,0,0,0
2014/06/27,0,0,0,0
2014/06/30,0,0,-27000,-27000
2014/07/01,0,0,-250000,-250000
2014/07/02,0,0,-6120,-6120
2014/07/03,0,0,0,0
2014/07/04,0,0,0,0
2014/07/07,0,0,0,0
2014/07/08,0,0,-3000,-3000
2014/07/09,0,0,0,0
2014/07/10,0,0,0,0
2014/07/11,0,0,0,0
2014/07/14,0,0,0,0
2014/07/15,0,0,-19000,-19000
2014/07/16,0,0,0,0
2014/07/17,0,14000,0,14000
2014/07/18,0,0,0,0
2014/07/21,0,0,0,0
2014/07/22,0,11000,0,11000
2014/07/23,0,0,0,0
2014/07/24,0,5000,0,5000
2014/07/25,0,3000,0,3000
2014/07/28,0,0,-600000,-600000
2014/07/29,0,4000,0,4000
2014/07/30,0,78000,-1000,77000
2014/07/31,0,21000,0,21000
2014/08/01,0,16000,0,16000
2014/08/04,0,750000,-1000,749000
2014/08/05,0,0,0,0
2014/08/06,0,5000,0,5000
2014/08/07,0,32000,0,32000
2014/08/08,0,35000,0,35000
2014/08/11,0,1359000,0,1359000
2014/08/12,0,1347000,0,1347000
2014/08/13,0,964000,0,964000
2014/08/14,0,590000,0,590000
2014/08/15,0,7000,0,7000
2014/08/18,0,101000,0,101000
2014/08/19,0,714000,0,714000
2014/08/20,0,1387000,0,1387000
2014/08/21,0,202000,0,202000
2014/08/22,0,91000,-49000,42000
2014/08/25,0,3000,0,3000
2014/08/26,0,1000,0,1000
2014/08/27,0,2000,0,2000
2014/08/28,0,29000,0,29000
2014/08/29,0,1000,0,1000
2014/09/01,0,0,0,0
2014/09/02,0,0,0,0
2014/09/03,0,11000,0,11000
2014/09/04,0,213000,0,213000
2014/09/05,0,10000,0,10000
2014/09/09,0,100000,0,100000
2014/09/10,0,41000,0,41000
2014/09/11,0,18000,0,18000
2014/09/12,0,379000,0,379000
2014/09/15,0,3000,0,3000
2014/09/16,0,140000,0,140000
2014/09/17,0,38000,0,38000
2014/09/18,0,0,-150000,-150000
2014/09/19,0,0,-1131000,-1131000
2014/09/22,0,17359,-24000,-6641
2014/09/23,0,4000,0,4000
2014/09/24,0,181000,0,181000
2014/09/25,0,0,0,0
2014/09/26,0,0,0,0
2014/09/29,0,0,0,0
2014/09/30,0,19000,0,19000
2014/10/01,0,0,0,0
2014/10/02,0,0,-823580,-823580
2014/10/03,0,0,0,0
2014/10/06,0,6000,0,6000
2014/10/07,0,1000,0,1000
2014/10/08,0,1000,-123000,-122000
2014/10/09,0,52000,-1000,51000
2014/10/13,0,0,-820,-820
2014/10/14,0,1000,0,1000
2014/10/15,0,2000,0,2000
2014/10/16,0,0,0,0
2014/10/17,0,2000,0,2000
2014/10/20,0,0,0,0
2014/10/21,0,8000,0,8000
2014/10/22,0,0,0,0
2014/10/23,0,11000,0,11000
2014/10/24,0,0,0,0
2014/10/27,0,0,-1000,-1000
2014/10/28,0,0,0,0
2014/10/29,0,2000,0,2000
2014/10/30,0,107000,-121000,-14000
2014/10/31,0,0,-265000,-265000
2014/11/03,0,0,-266000,-266000
2014/11/04,0,0,0,0
2014/11/05,0,0,0,0
2014/11/06,0,0,-134000,-134000
2014/11/07,0,0,-680000,-680000
2014/11/10,0,0,-60860,-60860
2014/11/11,0,17000,0,17000
2014/11/12,0,8000,0,8000
2014/11/13,0,0,0,0
2014/11/14,0,0,0,0
2014/11/17,0,0,-165000,-165000
2014/11/18,0,0,0,0
2014/11/19,0,0,0,0
2014/11/20,0,3000,0,3000
2014/11/21,0,6000,0,6000
2014/11/24,0,0,0,0
2014/11/25,0,1000,-61000,-60000
2014/11/26,0,615000,-71000,544000
2014/11/27,0,615000,-76000,539000
2014/11/28,0,614000,0,614000
2014/12/01,0,0,0,0
2014/12/02,0,0,-364600,-364600
2014/12/03,0,0,-352000,-352000
2014/12/04,0,0,0,0
2014/12/05,0,0,-190000,-190000
2014/12/08,0,0,-1000,-1000
2014/12/09,0,0,0,0
2014/12/10,0,0,-4000,-4000
2014/12/11,0,0,-163,-163
2014/12/12,0,0,0,0
2014/12/15,0,0,0,0
2014/12/16,0,2000,-12000,-10000
2014/12/17,0,0,-141000,-141000
2014/12/18,0,0,0,0
2014/12/19,0,58000,0,58000
2014/12/22,0,0,0,0
2014/12/23,0,0,0,0
2014/12/24,0,0,0,0
2014/12/25,0,0,-391000,-391000
2014/12/26,0,0,0,0
2014/12/29,0,0,-4000,-4000
2014/12/30,0,0,-1000,-1000
2014/12/31,0,74000,0,74000
2015/01/01,0,0,0,0
2015/01/02,0,0,0,0
2015/01/05,0,0,0,0
2015/01/06,0,0,0,0
2015/01/07,0,0,-231000,-231000
2015/01/08,0,0,-400000,-400000
2015/01/09,0,0,0,0
2015/01/12,0,0,-1400000,-1400000
2015/01/13,0,0,0,0
2015/01/14,0,0,-1000,-1000
2015/01/15,0,0,0,0
2015/01/16,0,0,0,0
2015/01/19,0,0,0,0
2015/01/20,0,0,0,0
2015/01/21,0,0,0,0
2015/01/22,0,0,-5000,-5000
2015/01/23,0,0,-560000,-560000
2015/01/26,0,0,-50000,-50000
2015/01/27,0,0,0,0
2015/01/28,0,0,0,0
2015/01/29,0,0,0,0
2015/01/30,0,0,-3000,-3000
2015/02/02,0,0,0,0
2015/02/03,0,0,0,0
2015/02/04,0,0,-126000,-126000
2015/02/05,0,0,-714520,-714520
2015/02/06,0,0,0,0
2015/02/09,0,0,0,0
2015/02/10,0,0,0,0
2015/02/11,0,0,0,0
2015/02/12,0,0,-2000,-2000
2015/02/13,0,171000,-1020640,-849640
2015/02/16,0,0,0,0
2015/02/17,0,0,0,0
2015/02/18,0,0,0,0
2015/02/19,0,0,0,0
2015/02/20,0,0,0,0
2015/02/23,0,0,0,0
2015/02/24,0,0,0,0
2015/02/25,0,81000,-16000,65000
2015/02/26,0,0,-10000,-10000
2015/02/27,0,0,0,0
2015/03/02,0,0,0,0
2015/03/03,0,0,0,0
2015/03/04,0,0,-13000,-13000
2015/03/05,0,0,-1000,-1000
2015/03/06,0,0,0,0
2015/03/09,0,0,-1000,-1000
2015/03/10,0,0,0,0
2015/03/11,0,0,0,0
2015/03/12,0,347,0,347
2015/03/13,0,0,0,0
2015/03/16,0,0,-28000,-28000
2015/03/17,0,0,0,0
2015/03/18,0,0,0,0
2015/03/19,0,0,0,0
2015/03/20,0,584000,-21000,563000
2015/03/23,0,93000,0,93000
2015/03/24,0,0,-2000,-2000
2015/03/25,0,0,0,0
2015/03/26,0,0,0,0
2015/03/27,0,0,-126000,-126000
2015/03/30,0,0,0,0
2015/03/31,0,0,0,0
2015/04/01,0,250000,0,250000
2015/04/02,0,0,0,0
2015/04/03,0,0,0,0
2015/04/06,0,0,0,0
2015/04/07,0,29000,0,29000
2015/04/08,0,279000,0,279000
2015/04/09,0,30000,0,30000
2015/04/10,0,0,0,0
2015/04/13,0,0,0,0
2015/04/14,0,0,-1000,-1000
2015/04/15,0,23000,0,23000
2015/04/16,0,0,0,0
2015/04/17,0,0,0,0
2015/04/20,0,0,-3000,-3000
2015/04/21,0,0,0,0
2015/04/22,0,0,-200400,-200400
2015/04/23,0,0,0,0
2015/04/24,0,0,-2000,-2000
2015/04/27,0,0,-500000,-500000
2015/04/28,0,0,-381000,-381000
2015/04/29,0,0,-405000,-405000
2015/04/30,0,0,0,0
2015/05/01,0,0,0,0
2015/05/04,0,0,0,0
2015/05/05,0,0,-1000,-1000
2015/05/06,0,0,0,0
2015/05/07,0,0,0,0
2015/05/08,0,0,0,0
2015/05/11,0,31000,-46000,-15000
2015/05/12,0,0,0,0
2015/05/13,0,0,0,0
2015/05/14,0,1000,0,1000
2015/05/15,0,0,-185000,-185000
2015/05/18,0,0,0,0
2015/05/19,0,0,-79000,-79000
2015/05/20,0,1000,0,1000
2015/05/21,0,20000,-150000,-130000
2015/05/22,0,0,0,0
2015/05/25,0,0,0,0
2015/05/26,0,0,-150000,-150000
2015/05/27,0,0,-150000,-150000
2015/05/28,0,0,-46000,-46000
2015/05/29,0,6000,0,6000
2015/06/01,0,0,0,0
2015/06/02,0,0,0,0
2015/06/03,0,0,0,0
2015/06/04,0,145,0,145
2015/06/05,0,0,-2000,-2000
2015/06/08,0,0,0,0
2015/06/09,0,0,0,0
2015/06/10,0,0,-3000,-3000
2015/06/11,0,0,0,0
2015/06/12,0,0,-3000,-3000
2015/06/15,0,0,0,0
2015/06/16,0,0,0,0
2015/06/17,0,0,0,0
2015/06/18,0,84000,-4000,80000
2015/06/19,0,0,0,0
2015/06/22,0,0,-24000,-24000
2015/06/23,0,25000,0,25000
2015/06/24,0,0,-20000,-20000
2015/06/25,0,0,-3000,-3000
2015/06/26,0,0,0,0
2015/06/29,0,20000,0,20000
2015/06/30,0,0,0,0
2015/07/01,0,0,0,0
2015/07/02,0,7000,0,7000
2015/07/03,0,0,0,0
2015/07/06,0,0,0,0
2015/07/07,0,11000,0,11000
2015/07/08,0,0,0,0
2015/07/09,0,2000,-6000,-4000
2015/07/10,0,0,0,0
2015/07/13,0,0,-23000,-23000
2015/07/14,0,0,0,0
2015/07/15,0,17000,0,17000
2015/07/16,0,0,0,0
2015/07/17,0,54000,0,54000
2015/07/20,0,0,0,0
2015/07/21,0,0,-9000,-9000
2015/07/22,0,400000,0,400000
2015/07/23,0,20000,0,20000
2015/07/24,0,49000,0,49000
2015/07/27,0,0,0,0
2015/07/28,0,46000,0,46000
2015/07/29,0,16000,0,16000
2015/07/30,0,9000,0,9000
2015/07/31,0,3000,0,3000
2015/08/03,0,55000,0,55000
2015/08/04,0,34000,0,34000
2015/08/05,0,25000,0,25000
2015/08/06,0,31000,0,31000
2015/08/07,0,68000,-9000,59000
2015/08/10,0,36000,0,36000
2015/08/11,0,3000,0,3000
2015/08/12,0,50000,0,50000
2015/08/13,0,207000,0,207000
2015/08/14,0,0,0,0
2015/08/17,0,2000,0,2000
2015/08/18,0,0,0,0
2015/08/19,0,1000,0,1000
2015/08/20,0,2000,0,2000
2015/08/21,0,1000,-2000,-1000
2015/08/24,0,0,0,0
2015/08/25,0,950,0,950
2015/08/26,0,77000,0,77000
2015/08/27,0,0,0,0
2015/08/28,0,0,0,0
2015/08/31,0,16000,-17000,-1000
2015/09/01,0,45000,-17000,28000
2015/09/02,0,55000,0,55000
2015/09/03,0,30000,0,30000
2015/09/04,0,0,0,0
2015/09/07,0,15000,0,15000
2015/09/08,0,9000,0,9000
2015/09/09,0,0,0,0
2015/09/10,0,0,0,0
2015/09/11,0,9000,0,9000
2015/09/14,0,3000,0,3000
2015/09/15,0,5000,0,5000
2015/09/16,0,0,-356000,-356000
2015/09/17,0,0,-734000,-734000
2015/09/18,0,0,-2319000,-2319000
2015/09/21,0,70000,-1000,69000
2015/09/22,0,958,-255000,-254042
2015/09/23,0,0,0,0
2015/09/24,0,0,0,0
2015/09/25,0,1000,0,1000
2015/09/28,0,0,0,0
2015/09/29,0,0,0,0
2015/09/30,0,0,0,0
2015/10/01,0,54000,-16000,38000
2015/10/02,0,19000,0,19000
2015/10/05,0,0,0,0
2015/10/06,0,1000,0,1000
2015/10/07,0,2000,0,2000
2015/10/08,0,0,0,0
2015/10/09,0,0,0,0
2015/10/12,0,0,-7000,-7000
2015/10/13,0,0,0,0
2015/10/14,0,0,0,0
2015/10/15,0,0,0,0
2015/10/16,0,6000,0,6000
2015/10/19,0,0,0,0
2015/10/20,0,15000,0,15000
2015/10/21,0,0,0,0
2015/10/22,0,0,0,0
2015/10/23,0,0,-87000,-87000
2015/10/26,0,0,0,0
2015/10/27,0,0,0,0
2015/10/28,0,0,0,0
2015/10/29,0,0,-1000,-1000
2015/10/30,0,0,0,0
2015/11/02,0,0,-23000,-23000
2015/11/03,0,5000,-22000,-17000
2015/11/04,0,23000,0,23000
2015/11/05,0,0,0,0
2015/11/06,0,0,0,0
2015/11/09,0,42000,0,42000
2015/11/10,0,480000,0,480000
2015/11/11,0,0,0,0
2015/11/12,0,0,0,0
2015/11/13,0,0,0,0
2015/11/16,0,0,0,0
2015/11/17,0,0,0,0
2015/11/18,0,0,0,0
2015/11/19,0,0,-28000,-28000
2015/11/20,0,0,-45000,-45000
2015/11/23,0,0,-801000,-801000
2015/11/24,0,175000,-918000,-743000
2015/11/25,0,0,0,0
2015/11/26,0,0,0,0
2015/11/27,0,0,0,0
2015/11/30,0,0,0,0
2015/12/01,0,0,0,0
2015/12/02,0,0,-815280,-815280
2015/12/03,0,0,-19000,-19000
2015/12/04,0,0,0,0
2015/12/07,0,0,0,0
2015/12/08,0,0,0,0
2015/12/09,0,1000,0,1000
2015/12/10,0,0,0,0
2015/12/11,0,0,0,0
2015/12/14,0,0,-155931,-155931
2015/12/15,0,0,-250000,-250000
2015/12/16,0,40000,-2000,38000
2015/12/17,0,39000,0,39000
2015/12/18,0,93000,-10000,83000
2015/12/21,0,19000,0,19000
2015/12/22,0,0,0,0
2015/12/23,0,0,0,0
2015/12/24,0,0,0,0
2015/12/25,0,0,0,0
2015/12/28,0,0,-47000,-47000
2015/12/29,0,0,-55000,-55000
2015/12/30,0,0,0,0
2015/12/31,0,0,0,0
2016/01/01,0,0,0,0
2016/01/04,0,0,0,0
2016/01/05,0,26000,-3000,23000
2016/01/06,0,26000,0,26000
2016/01/07,0,0,-252000,-252000
2016/01/08,0,0,0,0
2016/01/11,0,0,0,0
2016/01/12,0,0,-2000,-2000
2016/01/13,0,0,-2000,-2000
2016/01/14,0,0,0,0
2016/01/15,0,0,-7000,-7000
2016/01/18,0,0,0,0
2016/01/19,0,0,0,0
2016/01/20,0,0,-7000,-7000
2016/01/21,0,0,0,0
2016/01/22,0,0,0,0
2016/01/25,0,0,-1000,-1000
2016/01/26,0,0,0,0
2016/01/27,0,0,0,0
2016/01/28,0,50000,0,50000
2016/01/29,0,2000,0,2000
2016/02/01,0,0,0,0
2016/02/02,0,0,0,0
2016/02/03,0,0,-25000,-25000
2016/02/04,0,0,0,0
2016/02/05,0,0,0,0
2016/02/08,0,0,0,0
2016/02/09,0,0,0,0
2016/02/10,0,0,0,0
2016/02/11,0,0,0,0
2016/02/12,0,0,0,0
2016/02/15,0,0,-24496,-24496
2016/02/16,0,0,0,0
2016/02/17,0,1000,0,1000
2016/02/18,0,0,0,0
2016/02/19,0,5000,0,5000
2016/02/22,0,0,0,0
2016/02/23,0,0,0,0
2016/02/24,0,0,0,0
2016/02/25,0,0,0,0
2016/02/26,0,0,0,0
2016/02/29,0,0,0,0
2016/03/01,0,0,0,0
2016/03/02,0,0,-16157,-16157
2016/03/03,0,21000,0,21000
2016/03/04,0,20000,0,20000
2016/03/07,0,0,0,0
2016/03/08,0,0,-1000,-1000
2016/03/09,0,0,-13000,-13000
2016/03/10,0,0,-1000,-1000
2016/03/11,0,0,0,0
2016/03/14,0,0,0,0
2016/03/15,0,0,-1000,-1000
2016/03/16,0,0,0,0
2016/03/17,0,0,0,0
2016/03/18,0,2210000,0,2210000
2016/03/21,0,219000,0,219000
2016/03/22,0,0,0,0
2016/03/23,0,0,0,0
2016/03/24,0,0,0,0
2016/03/25,0,0,0,0
2016/03/28,0,0,0,0
2016/03/29,0,0,0,0
2016/03/30,0,0,-50000,-50000
2016/03/31,0,0,0,0
2016/04/01,0,0,0,0
2016/04/04,0,0,0,0
2016/04/05,0,0,0,0
2016/04/06,0,0,-45000,-45000
2016/04/07,0,0,-92000,-92000
2016/04/08,0,0,0,0
2016/04/11,0,0,0,0
2016/04/12,0,1000,0,1000
2016/04/13,0,0,-24000,-24000
2016/04/14,0,0,0,0
2016/04/15,0,4000,0,4000
2016/04/18,0,0,0,0
2016/04/19,0,0,0,0
2016/04/20,0,0,-1000,-1000
2016/04/21,0,0,0,0
2016/04/22,0,0,0,0
2016/04/25,0,0,-2000,-2000
2016/04/26,0,0,0,0
2016/04/27,0,0,0,0
2016/04/28,0,0,0,0
2016/04/29,0,0,0,0
2016/05/02,0,0,0,0
2016/05/03,0,0,0,0
2016/05/04,0,0,0,0
2016/05/05,0,0,0,0
2016/05/06,0,0,0,0
2016/05/09,0,0,0,0
2016/05/10,0,461,0,461
2016/05/11,0,0,0,0
2016/05/12,0,0,0,0
2016/05/13,0,0,0,0
2016/05/16,0,0,0,0
2016/05/17,0,0,0,0
2016/05/18,0,0,0,0
2016/05/19,0,0,0,0
2016/05/20,0,0,-2000,-2000
2016/05/23,0,0,0,0
2016/05/24,0,0,0,0
2016/05/25,0,0,0,0
2016/05/26,0,45000,0,45000
2016/05/27,0,0,0,0
2016/05/30,0,0,0,0
2016/05/31,0,0,-1000,-1000
2016/06/01,0,0,0,0
2016/06/02,0,0,0,0
2016/06/03,0,0,0,0
2016/06/06,0,0,0,0
2016/06/07,0,0,0,0
2016/06/08,0,0,0,0
2016/06/09,0,0,0,0
2016/06/10,0,0,0,0
2016/06/13,0,0,0,0
2016/06/14,0,0,0,0
2016/06/15,0,0,0,0
2016/06/16,0,0,-9000,-9000
2016/06/17,0,100000,-26000,74000
2016/06/20,0,0,-5000,-5000
2016/06/21,0,0,0,0
2016/06/22,0,2500000,0,2500000
2016/06/23,0,0,0,0
2016/06/24,0,0,-17000,-17000
2016/06/27,0,0,-2000,-2000
2016/06/28,0,0,-2000,-2000
2016/06/29,0,0,0,0
2016/06/30,0,0,0,0
2016/07/01,0,244000,0,244000
2016/07/04,0,75000,0,75000
2016/07/05,0,0,-19000,-19000
2016/07/06,0,0,-21000,-21000
2016/07/07,0,0,0,0
2016/07/08,0,0,0,0
2016/07/11,0,0,0,0
2016/07/12,0,0,0,0
2016/07/13,0,0,0,0
2016/07/14,0,82000,-1000,81000
2016/07/15,0,0,0,0
2016/07/18,0,0,0,0
2016/07/19,0,24000,-2000,22000
2016/07/20,0,20000,-3000,17000
2016/07/21,0,1000,-5000,-4000
2016/07/22,0,34000,-4000,30000
2016/07/25,0,115000,0,115000
2016/07/26,0,40000,0,40000
2016/07/27,0,0,-1000,-1000
2016/07/28,0,0,0,0
2016/07/29,0,0,-3441,-3441
2016/08/01,0,0,0,0
2016/08/02,0,0,-2000,-2000
2016/08/03,0,6000,-2000,4000
2016/08/04,0,13000,-2000,11000
2016/08/05,0,0,-1000,-1000
2016/08/08,0,7000,-1000,6000
2016/08/09,0,12000,-1000,11000
2016/08/10,0,0,0,0
2016/08/11,0,0,-1000,-1000
2016/08/12,0,23000,-1000,22000
2016/08/15,0,22000,0,22000
2016/08/16,0,0,-2000,-2000
2016/08/17,0,8000,0,8000
2016/08/18,0,0,-1000,-1000
2016/08/19,0,211000,-76000,135000
2016/08/22,0,0,0,0
2016/08/23,0,8000,0,8000
2016/08/24,0,555000,-2000,553000
2016/08/25,0,0,0,0
2016/08/26,0,1000,-42000,-41000
2016/08/29,0,11000,0,11000
2016/08/30,0,31000,0,31000
2016/08/31,0,0,0,0
2016/09/01,0,48000,0,48000
2016/09/02,0,3000,0,3000
2016/09/05,0,0,-1000,-1000
2016/09/06,0,0,0,0
2016/09/07,0,5000,0,5000
2016/09/08,0,0,0,0
2016/09/09,0,0,0,0
2016/09/12,0,0,-1741000,-1741000
2016/09/13,0,0,-2264000,-2264000
2016/09/14,0,31000,-2315950,-2284950
2016/09/15,0,0,0,0
2016/09/16,0,0,0,0
2016/09/19,0,0,-1602000,-1602000
2016/09/20,0,0,0,0
2016/09/21,0,0,0,0
2016/09/22,0,0,0,0
2016/09/23,0,83000,0,83000
2016/09/26,0,0,0,0
2016/09/27,0,0,0,0
2016/09/28,0,0,0,0
2016/09/29,0,0,0,0
2016/09/30,0,31339,0,31339
2016/10/03,0,0,0,0
2016/10/04,0,0,0,0
2016/10/05,0,0,0,0
2016/10/06,0,110000,0,110000
2016/10/07,0,1000,0,1000
2016/10/10,0,0,0,0
2016/10/11,0,1000,0,1000
2016/10/12,0,0,0,0
2016/10/13,0,200000,0,200000
2016/10/14,0,0,0,0
2016/10/17,0,0,0,0
2016/10/18,0,0,0,0
2016/10/19,0,0,0,0
2016/10/20,0,0,-1000,-1000
2016/10/21,0,0,-3000,-3000
2016/10/24,0,0,0,0
2016/10/25,0,92000,0,92000
2016/10/26,0,0,0,0
2016/10/27,0,0,0,0
2016/10/28,0,0,0,0
2016/10/31,0,0,0,0
2016/11/01,0,0,-1000,-1000
2016/11/02,0,0,-347,-347
2016/11/03,0,0,0,0
2016/11/04,0,0,0,0
2016/11/07,0,0,0,0
2016/11/08,0,0,0,0
2016/11/09,0,0,0,0
2016/11/10,0,0,0,0
2016/11/11,0,0,0,0
2016/11/14,0,0,0,0
2016/11/15,0,0,0,0
2016/11/16,0,0,0,0
2016/11/17,0,0,0,0
2016/11/18,0,0,0,0
2016/11/21,0,0,0,0
2016/11/22,0,0,0,0
2016/11/23,0,0,0,0
2016/11/24,0,0,0,0
2016/11/25,0,0,0,0
2016/11/28,0,0,0,0
2016/11/29,0,0,-25000,-25000
2016/11/30,0,0,-200000,-200000
2016/12/01,0,0,0,0
2016/12/02,0,87000,0,87000
2016/12/05,0,0,0,0
2016/12/06,0,0,0,0
2016/12/07,0,0,0,0
2016/12/08,0,0,0,0
2016/12/09,0,0,0,0
2016/12/12,0,0,0,0
2016/12/13,0,0,0,0
2016/12/14,0,0,0,0
2016/12/15,0,0,0,0
2016/12/16,0,0,0,0
2016/12/19,0,0,0,0
2016/12/20,0,0,0,0
2016/12/21,0,0,0,0
2016/12/22,0,0,0,0
2016/12/23,0,0,0,0
2016/12/26,0,0,0,0
2016/12/27,0,0,0,0
2016/12/28,0,0,0,0
2016/12/29,0,0,-555000,-555000
2016/12/30,0,0,0,0
2017/01/02,0,0,0,0
2017/01/03,0,0,0,0
2017/01/04,0,0,0,0
2017/01/05,0,0,-10000,-10000
2017/01/06,0,0,-23000,-23000
2017/01/09,0,0,0,0
2017/01/10,0,0,-87000,-87000
2017/01/11,0,0,0,0
2017/01/12,0,0,0,0
2017/01/13,0,0,0,0
2017/01/16,0,0,0,0
2017/01/17,0,0,0,0
2017/01/18,0,0,0,0
2017/01/19,0,0,0,0
2017/01/20,0,0,0,0
2017/01/23,0,721,0,721
2017/01/24,0,3000,0,3000
2017/01/25,0,0,0,0
2017/01/26,0,0,0,0
2017/01/27,0,0,0,0
2017/01/30,0,0,0,0
2017/01/31,0,0,0,0
2017/02/01,0,0,0,0
2017/02/02,0,0,0,0
2017/02/03,0,5000,0,5000
2017/02/06,0,0,0,0
2017/02/07,0,0,-62000,-62000
2017/02/08,0,0,0,0
2017/02/09,0,0,0,0
2017/02/10,0,260000,0,260000
2017/02/13,0,0,0,0
2017/02/14,0,261000,0,261000
2017/02/15,0,490000,0,490000
2017/02/16,0,0,0,0
2017/02/17,0,1000,0,1000
2017/02/20,0,0,0,0
2017/02/21,0,800000,0,800000
2017/02/22,0,119000,0,119000
2017/02/23,0,174000,0,174000
2017/02/24,0,0,0,0
2017/02/27,0,0,0,0
2017/02/28,0,0,0,0
2017/03/01,0,0,0,0
2017/03/02,0,0,0,0
2017/03/03,0,21000,-4000,17000
2017/03/06,0,0,0,0
2017/03/07,0,638000,0,638000
2017/03/08,0,0,0,0
2017/03/09,0,0,0,0
2017/03/10,0,25000,0,25000
2017/03/13,0,120000,0,120000
2017/03/14,0,25000,-10000,15000
2017/03/15,0,0,0,0
2017/03/16,0,0,0,0
2017/03/17,0,5000,-1000,4000
2017/03/20,0,88000,0,88000
2017/03/21,0,87000,0,87000
2017/03/22,0,0,0,0
2017/03/23,0,0,0,0
2017/03/24,0,1000,0,1000
2017/03/27,0,0,0,0
2017/03/28,0,0,0,0
2017/03/29,0,133024,0,133024
2017/03/30,0,4781,0,4781
2017/03/31,0,10227,0,10227
2017/04/03,0,0,0,0
2017/04/04,0,0,0,0
2017/04/05,0,3409,0,3409
2017/04/06,0,0,0,0
2017/04/07,0,137000,0,137000
2017/04/10,0,2000,0,2000
2017/04/11,0,0,0,0
2017/04/12,0,0,0,0
2017/04/13,0,0,-1000,-1000
2017/04/14,0,0,-7000,-7000
2017/04/17,0,0,0,0
2017/04/18,0,1000,0,1000
2017/04/19,0,3408,0,3408
2017/04/20,0,0,0,0
2017/04/21,0,0,0,0
2017/04/24,0,0,0,0
2017/04/25,0,0,-193,-193
2017/04/26,0,1000,-49000,-48000
2017/04/27,0,1000,0,1000
2017/04/28,0,0,-64000,-64000
2017/05/01,0,0,0,0
2017/05/02,0,0,0,0
2017/05/03,0,0,0,0
2017/05/04,0,21122,-35000,-13878
2017/05/05,0,0,-3898,-3898
2017/05/08,0,0,0,0
2017/05/09,0,0,0,0
2017/05/10,0,0,0,0
2017/05/11,0,0,0,0
2017/05/12,0,0,-313000,-313000
2017/05/15,0,132000,-366000,-234000
2017/05/16,0,387000,-279000,108000
2017/05/17,0,0,-4000,-4000
2017/05/18,0,0,-6000,-6000
2017/05/19,0,20000,0,20000
2017/05/22,0,0,-1000,-1000
2017/05/23,0,0,-3000,-3000
2017/05/24,0,0,0,0
2017/05/25,0,0,-3000,-3000
2017/05/26,0,0,-18000,-18000
2017/05/29,0,0,0,0
2017/05/30,0,0,0,0
2017/05/31,0,0,0,0
2017/06/01,0,0,0,0
2017/06/02,0,0,-13000,-13000
2017/06/05,0,0,-70000,-70000
2017/06/06,0,0,-50000,-50000
2017/06/07,0,0,-30000,-30000
2017/06/08,0,0,-1000,-1000
2017/06/09,0,0,-5000,-5000
2017/06/12,0,0,0,0
2017/06/13,0,0,-372000,-372000
2017/06/14,0,0,-1000,-1000
2017/06/15,0,0,0,0
2017/06/16,0,57000,0,57000
2017/06/19,0,3000,-8000,-5000
2017/06/20,0,832000,-12817,819183
2017/06/21,0,0,-218000,-218000
2017/06/22,0,0,0,0
2017/06/23,0,0,-3000,-3000
2017/06/26,0,0,-53000,-53000
2017/06/27,0,0,-5000,-5000
2017/06/28,0,0,-3788,-3788
2017/06/29,0,0,-2000,-2000
2017/06/30,0,0,0,0
2017/07/03,0,0,-8000,-8000
2017/07/04,0,0,-3000,-3000
2017/07/05,0,0,0,0
2017/07/06,0,0,0,0
2017/07/07,0,0,0,0
2017/07/10,0,0,-367000,-367000
2017/07/11,0,0,0,0
2017/07/12,0,0,-9867,-9867
2017/07/13,0,1000,-6000,-5000
2017/07/14,0,0,-357000,-357000
2017/07/17,0,180741,-1000,179741
2017/07/18,0,11000,0,11000
2017/07/19,0,0,-650000,-650000
2017/07/20,0,2000,0,2000
2017/07/21,0,0,0,0
2017/07/24,0,0,0,0
2017/07/25,0,2000,0,2000
2017/07/26,0,300000,-3000,297000
2017/07/27,0,0,0,0
2017/07/28,0,0,0,0
2017/07/31,0,4000,0,4000
2017/08/01,0,3000,-6000,-3000
2017/08/02,0,403000,-6000,397000
2017/08/03,0,6000,0,6000
2017/08/04,0,208000,0,208000
2017/08/07,0,5000,0,5000
2017/08/08,0,6000,-3000,3000
2017/08/09,0,610000,0,610000
2017/08/10,0,0,0,0
2017/08/11,0,115000,-134000,-19000
2017/08/14,0,0,-580000,-580000
2017/08/15,0,84000,-1000,83000
2017/08/16,0,85000,-150000,-65000
2017/08/17,0,0,-150000,-150000
2017/08/18,0,75000,-20000,55000
