Date,Open,Buy,Sell,Total
2007/04/23,0,639000,-32000,607000
2007/04/24,0,202000,-112051,89949
2007/04/25,0,70000,-293000,-223000
2007/04/26,0,13000,-211000,-198000
2007/04/27,0,275000,-94000,181000
2007/04/30,0,0,-135000,-135000
2007/05/01,0,0,0,0
2007/05/02,0,50000,-166000,-116000
2007/05/03,0,11000,-230000,-219000
2007/05/04,0,313000,0,313000
2007/05/07,0,89000,-4000,85000
2007/05/08,0,19000,-141000,-122000
2007/05/09,0,1000,-259000,-258000
2007/05/10,0,123000,-212000,-89000
2007/05/11,0,82000,-73000,9000
2007/05/14,0,10000,-20000,-10000
2007/05/15,0,32000,-38000,-6000
2007/05/16,0,83000,-6000,77000
2007/05/17,0,0,-85000,-85000
2007/05/18,0,0,-293000,-293000
2007/05/21,0,166000,-71000,95000
2007/05/22,0,575000,-312000,263000
2007/05/23,0,274000,-51000,223000
2007/05/24,0,80000,-228000,-148000
2007/05/25,0,143000,-526000,-383000
2007/05/28,0,2000,-94000,-92000
2007/05/29,0,65000,-109000,-44000
2007/05/30,0,22000,-164000,-142000
2007/05/31,0,172000,-141000,31000
2007/06/01,0,28000,-129000,-101000
2007/06/04,0,103000,-102000,1000
2007/06/05,0,55000,-39000,16000
2007/06/06,0,12000,-153000,-141000
2007/06/07,0,12000,-36000,-24000
2007/06/08,0,77000,-1200000,-1123000
2007/06/11,0,21000,-381000,-360000
2007/06/12,0,25000,-239000,-214000
2007/06/13,0,68000,-298648,-230648
2007/06/14,0,0,-564000,-564000
2007/06/15,0,323000,-435000,-112000
2007/06/18,0,0,0,0
2007/06/19,0,0,0,0
2007/06/20,0,1339000,-90000,1249000
2007/06/21,0,1786000,-147000,1639000
2007/06/22,0,1081000,-327000,754000
2007/06/25,0,43000,-766000,-723000
2007/06/26,0,61000,-1229000,-1168000
2007/06/27,0,1246000,-86000,1160000
2007/06/28,0,1082000,-82000,1000000
2007/06/29,0,50000,-224000,-174000
2007/07/02,0,72000,-99000,-27000
2007/07/03,0,24000,-51000,-27000
2007/07/04,0,75000,-9000,66000
2007/07/05,0,1057000,-54000,1003000
2007/07/06,0,71000,-91000,-20000
2007/07/09,0,1076000,-32000,1044000
2007/07/10,0,47000,-44000,3000
2007/07/11,0,82000,-29864,52136
2007/07/12,0,130000,-116000,14000
2007/07/13,0,246000,-217864,28136
2007/07/16,0,1583000,-307552,1275448
2007/07/17,0,350000,-526000,-176000
2007/07/18,0,37000,-139000,-102000
2007/07/19,0,4000,-20794,-16794
2007/07/20,0,6000,-112000,-106000
2007/07/23,0,100000,-428000,-328000
2007/07/24,0,0,-113000,-113000
2007/07/25,0,10000,-66000,-56000
2007/07/26,0,18000,-93000,-75000
2007/07/27,0,77000,-137000,-60000
2007/07/30,0,89000,-164000,-75000
2007/07/31,0,83000,-132000,-49000
2007/08/01,0,22000,-162000,-140000
2007/08/02,0,85000,-77158,7842
2007/08/03,0,72000,-162000,-90000
2007/08/06,0,17000,-45000,-28000
2007/08/07,0,15000,-174000,-159000
2007/08/08,0,397000,-99000,298000
2007/08/09,0,16000,-244456,-228456
2007/08/10,0,16000,-191000,-175000
2007/08/13,0,490000,-75000,415000
2007/08/14,0,242000,-209000,33000
2007/08/15,0,200000,-438000,-238000
2007/08/16,0,226000,-195000,31000
2007/08/17,0,162000,-267000,-105000
2007/08/20,0,78000,-135000,-57000
2007/08/21,0,1323000,-115000,1208000
2007/08/22,0,49001,-37000,12001
2007/08/23,0,70000,-251000,-181000
2007/08/24,0,343000,-121000,222000
2007/08/27,0,149000,-103000,46000
2007/08/28,0,260000,-219000,41000
2007/08/29,0,78000,-425000,-347000
2007/08/30,0,465000,-64000,401000
2007/08/31,0,1117000,-2094000,-977000
2007/09/03,0,340000,-278000,62000
2007/09/04,0,500000,-168000,332000
2007/09/05,0,254000,-510000,-256000
2007/09/06,0,194000,-877000,-683000
2007/09/07,0,568000,-89000,479000
2007/09/10,0,361000,-54000,307000
2007/09/11,0,357000,-82000,275000
2007/09/12,0,382000,-325000,57000
2007/09/13,0,213000,-428000,-215000
2007/09/14,0,154000,-84000,70000
2007/09/17,0,319000,-1351000,-1032000
2007/09/18,0,0,0,0
2007/09/19,0,304000,-1627000,-1323000
2007/09/20,0,578000,-488000,90000
2007/09/21,0,27000,-971000,-944000
2007/09/24,0,0,0,0
2007/09/25,0,0,0,0
2007/09/26,0,170000,-440000,-270000
2007/09/27,0,646000,-1574000,-928000
2007/09/28,0,1310000,-3023000,-1713000
2007/10/01,0,1133000,-752625,380375
2007/10/02,0,181000,-405000,-224000
2007/10/03,0,263000,-559000,-296000
2007/10/04,0,376000,-734000,-358000
2007/10/05,0,1084000,-283000,801000
2007/10/08,0,474000,-196000,278000
2007/10/09,0,95000,-649000,-554000
2007/10/10,0,0,0,0
2007/10/11,0,291000,-620000,-329000
2007/10/12,0,477000,-559000,-82000
2007/10/15,0,318000,-298520,19480
2007/10/16,0,549000,-176000,373000
2007/10/17,0,294000,-77080,216920
2007/10/18,0,8000,-106000,-98000
2007/10/19,0,38000,-79000,-41000
2007/10/22,0,103000,-957000,-854000
2007/10/23,0,35000,-292000,-257000
2007/10/24,0,415000,-412000,3000
2007/10/25,0,271000,-42000,229000
2007/10/26,0,460000,-526000,-66000
2007/10/29,0,88000,-321840,-233840
2007/10/30,0,38000,-296000,-258000
2007/10/31,0,120000,-928000,-808000
2007/11/01,0,418000,-1168000,-750000
2007/11/02,0,117000,-629000,-512000
2007/11/05,0,102000,-51000,51000
2007/11/06,0,531000,-545000,-14000
2007/11/07,0,867000,-167000,700000
2007/11/08,0,433000,-76000,357000
2007/11/09,0,67000,-120000,-53000
2007/11/12,0,351000,-170000,181000
2007/11/13,0,273000,-200000,73000
2007/11/14,0,343000,-20000,323000
2007/11/15,0,13000,-44000,-31000
2007/11/16,0,83000,-174000,-91000
2007/11/19,0,58000,-100000,-42000
2007/11/20,0,322000,-569000,-247000
2007/11/21,0,6000,-666000,-660000
2007/11/22,0,24000,-278000,-254000
2007/11/23,0,212000,-127000,85000
2007/11/26,0,600000,-135000,465000
2007/11/27,0,214000,-493000,-279000
2007/11/28,0,31000,-117000,-86000
2007/11/29,0,404000,-797000,-393000
2007/11/30,0,1123000,-56000,1067000
2007/12/03,0,1149000,-153000,996000
2007/12/04,0,633000,0,633000
2007/12/05,0,684000,-19000,665000
2007/12/06,0,469000,-140000,329000
2007/12/07,0,147000,-350000,-203000
2007/12/10,0,16000,-949000,-933000
2007/12/11,0,607000,-920000,-313000
2007/12/12,0,90000,-290000,-200000
2007/12/13,0,78000,-1542000,-1464000
2007/12/14,0,571000,-103000,468000
2007/12/17,0,226000,-36000,190000
2007/12/18,0,340000,-27000,313000
2007/12/19,0,640000,-165000,475000
2007/12/20,0,121000,-350000,-229000
2007/12/21,0,38000,-10000,28000
2007/12/24,0,121000,-32000,89000
2007/12/25,0,86000,-117000,-31000
2007/12/26,0,464000,-38000,426000
2007/12/27,0,854000,-151000,703000
2007/12/28,0,240000,-426000,-186000
2007/12/31,0,1328000,-50000,1278000
2008/01/01,0,0,0,0
2008/01/02,0,220000,-84000,136000
2008/01/03,0,231000,-73036,157964
2008/01/04,0,815000,-309000,506000
2008/01/07,0,670000,-1964000,-1294000
2008/01/08,0,242000,-324000,-82000
2008/01/09,0,258000,-645000,-387000
2008/01/10,0,693000,-58000,635000
2008/01/11,0,581000,-236000,345000
2008/01/14,0,504000,-1611000,-1107000
2008/01/15,0,228000,-1206000,-978000
2008/01/16,0,1176000,-153000,1023000
2008/01/17,0,464000,-1046000,-582000
2008/01/18,0,1089000,-364000,725000
2008/01/21,0,136000,-446000,-310000
2008/01/22,0,69000,0,69000
2008/01/23,0,488000,-695000,-207000
2008/01/24,0,893000,-779000,114000
2008/01/25,0,190000,-249000,-59000
2008/01/28,0,47000,-1053000,-1006000
2008/01/29,0,98000,-245000,-147000
2008/01/30,0,32000,-264000,-232000
2008/01/31,0,75000,-206000,-131000
2008/02/01,0,124000,-404000,-280000
2008/02/04,0,0,0,0
2008/02/05,0,0,0,0
2008/02/06,0,0,0,0
2008/02/07,0,0,0,0
2008/02/08,0,0,0,0
2008/02/11,0,0,0,0
2008/02/12,0,292000,-311000,-19000
2008/02/13,0,205000,-291000,-86000
2008/02/14,0,827000,-82000,745000
2008/02/15,0,915000,-45000,870000
2008/02/18,0,485000,-593000,-108000
2008/02/19,0,566000,-485000,81000
2008/02/20,0,599000,-136000,463000
2008/02/21,0,615000,-401000,214000
2008/02/22,0,368000,-62000,306000
2008/02/25,0,353000,-910685,-557685
2008/02/26,0,259000,-940664,-681664
2008/02/27,0,1063000,-736515,326485
2008/02/28,0,0,0,0
2008/02/29,0,273000,-159000,114000
2008/03/03,0,67000,-101835,-34835
2008/03/04,0,885000,-1240000,-355000
2008/03/05,0,661000,-48664,612336
2008/03/06,0,90000,-581007,-491007
2008/03/07,0,391000,-43000,348000
2008/03/10,0,813000,-514000,299000
2008/03/11,0,234000,-257000,-23000
2008/03/12,0,452000,-422382,29618
2008/03/13,0,666000,-103273,562727
2008/03/14,0,887000,-813000,74000
2008/03/17,0,444000,-634000,-190000
2008/03/18,0,490000,-119000,371000
2008/03/19,0,150000,-416000,-266000
2008/03/20,0,528000,-372000,156000
2008/03/21,0,1609000,-584000,1025000
2008/03/24,0,718000,-1439000,-721000
2008/03/25,0,1011000,-292000,719000
2008/03/26,0,1132000,-389000,743000
2008/03/27,0,702000,-141000,561000
2008/03/28,0,317000,-142000,175000
2008/03/31,0,106000,-669368,-563368
2008/04/01,0,183000,-648520,-465520
2008/04/02,0,107000,-1831000,-1724000
2008/04/03,0,253000,-230080,22920
2008/04/04,0,0,0,0
2008/04/07,0,149000,-60000,89000
2008/04/08,0,160000,-400000,-240000
2008/04/09,0,717000,-195000,522000
2008/04/10,0,56000,-67000,-11000
2008/04/11,0,94000,-626000,-532000
2008/04/14,0,576000,-28596,547404
2008/04/15,0,387000,-127000,260000
2008/04/16,0,591000,-335000,256000
2008/04/17,0,377000,-947000,-570000
2008/04/18,0,1065000,-127000,938000
2008/04/21,0,44000,-468000,-424000
2008/04/22,0,50000,-60000,-10000
2008/04/23,0,92000,-430000,-338000
2008/04/24,0,211000,-257000,-46000
2008/04/25,0,82000,-43000,39000
2008/04/28,0,225000,-250000,-25000
2008/04/29,0,270000,-279000,-9000
2008/04/30,0,196000,-38000,158000
2008/05/01,0,0,0,0
2008/05/02,0,613000,-612000,1000
2008/05/05,0,184000,-193000,-9000
2008/05/06,0,838000,-174000,664000
2008/05/07,0,373000,-404000,-31000
2008/05/08,0,357000,-18000,339000
2008/05/09,0,180000,-237000,-57000
2008/05/12,0,559000,-312000,247000
2008/05/13,0,823000,-640000,183000
2008/05/14,0,512000,-538000,-26000
2008/05/15,0,440000,-168000,272000
2008/05/16,0,446000,-149000,297000
2008/05/19,0,1372000,-641000,731000
2008/05/20,0,828000,-715000,113000
2008/05/21,0,200000,-254000,-54000
2008/05/22,0,180000,-128000,52000
2008/05/23,0,522000,-66000,456000
2008/05/26,0,188000,-760000,-572000
2008/05/27,0,231000,-325000,-94000
2008/05/28,0,215000,-56000,159000
2008/05/29,0,235000,-217000,18000
2008/05/30,0,50000,-879000,-829000
2008/06/02,0,170000,-165000,5000
2008/06/03,0,92000,-778000,-686000
2008/06/04,0,23000,-304000,-281000
2008/06/05,0,344000,-522000,-178000
2008/06/06,0,10000,-18000,-8000
2008/06/09,0,183000,-70000,113000
2008/06/10,0,117000,-240000,-123000
2008/06/11,0,256000,-110000,146000
2008/06/12,0,615000,-355000,260000
2008/06/13,0,666000,-106000,560000
2008/06/16,0,286000,-29000,257000
2008/06/17,0,90000,-226000,-136000
2008/06/18,0,467000,-94000,373000
2008/06/19,0,260000,-75000,185000
2008/06/20,0,135000,-498000,-363000
2008/06/23,0,217000,-19000,198000
2008/06/24,0,131000,-15000,116000
2008/06/25,0,225000,-50000,175000
2008/06/26,0,68000,-358000,-290000
2008/06/27,0,174000,-199000,-25000
2008/06/30,0,157000,-39000,118000
2008/07/01,0,299000,-15000,284000
2008/07/02,0,288000,-136000,152000
2008/07/03,0,487000,-355000,132000
2008/07/04,0,278000,-538000,-260000
2008/07/07,0,304000,-401000,-97000
2008/07/08,0,113000,-247000,-134000
2008/07/09,0,305000,-172000,133000
2008/07/10,0,80000,-210000,-130000
2008/07/11,0,222000,-95000,127000
2008/07/14,0,137000,-74000,63000
2008/07/15,0,58000,-162000,-104000
2008/07/16,0,79000,-1190000,-1111000
2008/07/17,0,127000,-230200,-103200
2008/07/18,0,58000,-190000,-132000
2008/07/21,0,506000,-5000,501000
2008/07/22,0,1165000,-9000,1156000
2008/07/23,0,943000,-733081,209919
2008/07/24,0,256000,-344000,-88000
2008/07/25,0,130000,-571000,-441000
2008/07/28,0,0,0,0
2008/07/29,0,77000,-267000,-190000
2008/07/30,0,276000,-212000,64000
2008/07/31,0,390000,-77000,313000
2008/08/01,0,214000,-105000,109000
2008/08/04,0,94000,-89000,5000
2008/08/05,0,259000,-195000,64000
2008/08/06,0,509000,-786000,-277000
2008/08/07,0,337000,-95000,242000
2008/08/08,0,464000,-116000,348000
2008/08/11,0,401000,-59000,342000
2008/08/12,0,322000,-361000,-39000
2008/08/13,0,743000,-128000,615000
2008/08/14,0,496000,-25000,471000
2008/08/15,0,646000,-1420000,-774000
2008/08/18,0,460000,-322778,137222
2008/08/19,0,1437000,-305072,1131928
2008/08/20,0,290000,-204000,86000
2008/08/21,0,100000,-555410,-455410
2008/08/22,0,110000,-822000,-712000
2008/08/25,0,119000,-51000,68000
2008/08/26,0,144000,-37000,107000
2008/08/27,0,737000,0,737000
2008/08/28,0,440000,-109974,330026
2008/08/29,0,183055,-229000,-45945
2008/09/01,0,229000,-72236,156764
2008/09/02,0,62000,-157000,-95000
2008/09/03,0,394000,-179000,215000
2008/09/04,0,159000,-448000,-289000
2008/09/05,0,267000,-67000,200000
2008/09/08,0,29000,-34000,-5000
2008/09/09,0,371000,-26000,345000
2008/09/10,0,158000,-48,157952
2008/09/11,0,653000,-214000,439000
2008/09/12,0,125000,-122000,3000
2008/09/15,0,16000,-259000,-243000
2008/09/16,0,587000,-985000,-398000
2008/09/17,0,249000,-351000,-102000
2008/09/18,0,787000,-264000,523000
2008/09/19,0,40000,-122000,-82000
2008/09/22,0,40000,-94000,-54000
2008/09/23,0,155000,-252000,-97000
2008/09/24,0,127000,-24000,103000
2008/09/25,0,337000,-6000,331000
2008/09/26,0,159000,-541000,-382000
2008/09/29,0,0,0,0
2008/09/30,0,2256000,-41000,2215000
2008/10/01,0,305000,-117000,188000
2008/10/02,0,77100,-89000,-11900
2008/10/03,0,259000,-227000,32000
2008/10/06,0,35000,-57838,-22838
2008/10/07,0,108000,-129179,-21179
2008/10/08,0,61000,-176500,-115500
2008/10/09,0,191000,-58000,133000
2008/10/10,0,0,0,0
2008/10/13,0,89000,0,89000
2008/10/14,0,111000,-7720,103280
2008/10/15,0,36000,-65000,-29000
2008/10/16,0,0,0,0
2008/10/17,0,16000,0,16000
2008/10/20,0,25000,-98702,-73702
2008/10/21,0,199000,-23000,176000
2008/10/22,0,22000,-945,21055
2008/10/23,0,0,0,0
2008/10/24,0,0,0,0
2008/10/27,0,4000,-18000,-14000
2008/10/28,0,166000,-64,165936
2008/10/29,0,289000,-176820,112180
2008/10/30,0,362000,-35000,327000
2008/10/31,0,1015000,-175004,839996
2008/11/03,0,609000,-1266120,-657120
2008/11/04,0,523000,-494797,28203
2008/11/05,0,395000,-440200,-45200
2008/11/06,0,871000,-23000,848000
2008/11/07,0,322175,-502772,-180597
2008/11/10,0,81000,-210000,-129000
2008/11/11,0,274000,-956000,-682000
2008/11/12,0,233000,-297055,-64055
2008/11/13,0,136000,-51686,84314
2008/11/14,0,150000,-198508,-48508
2008/11/17,0,210000,-121195,88805
2008/11/18,0,319000,-44000,275000
2008/11/19,0,197000,-308000,-111000
2008/11/20,0,115000,-297000,-182000
2008/11/21,0,203000,-310000,-107000
2008/11/24,0,163000,-365000,-202000
2008/11/25,0,180000,-19000,161000
2008/11/26,0,218000,-50000,168000
2008/11/27,0,126000,-23000,103000
2008/11/28,0,283000,-54000,229000
2008/12/01,0,156000,0,156000
2008/12/02,0,160000,-68000,92000
2008/12/03,0,291000,-82000,209000
2008/12/04,0,82000,-96936,-14936
2008/12/05,0,36000,-298120,-262120
2008/12/08,0,562000,-23000,539000
2008/12/09,0,166000,-424000,-258000
2008/12/10,0,487000,-271000,216000
2008/12/11,0,479000,-102000,377000
2008/12/12,0,224000,-316000,-92000
2008/12/15,0,335000,-537000,-202000
2008/12/16,0,202000,-132000,70000
2008/12/17,0,255000,-350000,-95000
2008/12/18,0,27000,-928000,-901000
2008/12/19,0,136000,-18000,118000
2008/12/22,0,87000,-176000,-89000
2008/12/23,0,96000,-100000,-4000
2008/12/24,0,50000,-72000,-22000
2008/12/25,0,13000,-20000,-7000
2008/12/26,0,36000,-17000,19000
2008/12/29,0,26000,-4000,22000
2008/12/30,0,120000,-72200,47800
2008/12/31,0,83000,-94976,-11976
2009/01/01,0,0,0,0
2009/01/02,0,0,0,0
2009/01/05,0,306000,-120000,186000
2009/01/06,0,272000,-23000,249000
2009/01/07,0,818000,-133000,685000
2009/01/08,0,138000,-325000,-187000
2009/01/09,0,127000,-123000,4000
2009/01/12,0,165000,-139000,26000
2009/01/13,0,358000,-197000,161000
2009/01/14,0,316000,-122000,194000
2009/01/15,0,183000,-650000,-467000
2009/01/16,0,99000,-163000,-64000
2009/01/19,0,74062,-147000,-72938
2009/01/20,0,144000,-307000,-163000
2009/01/21,0,134000,-8019,125981
2009/01/22,0,0,0,0
2009/01/23,0,0,0,0
2009/01/26,0,0,0,0
2009/01/27,0,0,0,0
2009/01/28,0,0,0,0
2009/01/29,0,0,0,0
2009/01/30,0,0,0,0
2009/02/02,0,167000,-55092,111908
2009/02/03,0,156000,-102000,54000
2009/02/04,0,42000,-7000,35000
2009/02/05,0,38000,-117000,-79000
2009/02/06,0,75000,-81000,-6000
2009/02/09,0,12000,-154000,-142000
2009/02/10,0,222000,-227000,-5000
2009/02/11,0,38000,-84486,-46486
2009/02/12,0,6000,-391000,-385000
2009/02/13,0,427000,-3000,424000
2009/02/16,0,240000,-220000,20000
2009/02/17,0,17000,-160000,-143000
2009/02/18,0,72000,-216000,-144000
2009/02/19,0,64000,-112000,-48000
2009/02/20,0,59000,-267000,-208000
2009/02/23,0,56000,-49000,7000
2009/02/24,0,45000,-47227,-2227
2009/02/25,0,212000,-10000,202000
2009/02/26,0,161000,-149000,12000
2009/02/27,0,41000,-25000,16000
2009/03/02,0,89000,-146000,-57000
2009/03/03,0,154000,-27000,127000
2009/03/04,0,488000,-81000,407000
2009/03/05,0,558000,-263000,295000
2009/03/06,0,169000,-22000,147000
2009/03/09,0,263000,-21000,242000
2009/03/10,0,406000,-221000,185000
2009/03/11,0,132000,-219000,-87000
2009/03/12,0,438000,-489000,-51000
2009/03/13,0,632000,-42648,589352
2009/03/16,0,712000,-202000,510000
2009/03/17,0,176000,-248000,-72000
2009/03/18,0,139000,-238000,-99000
2009/03/19,0,252000,-688000,-436000
2009/03/20,0,364000,-330000,34000
2009/03/23,0,181000,-156000,25000
2009/03/24,0,830000,-71000,759000
2009/03/25,0,217000,-349444,-132444
2009/03/26,0,462000,-373000,89000
2009/03/27,0,502000,-679000,-177000
2009/03/30,0,151000,-300000,-149000
2009/03/31,0,71000,-452000,-381000
2009/04/01,0,457000,-76000,381000
2009/04/02,0,1147000,-261000,886000
2009/04/03,0,678000,-1152000,-474000
2009/04/06,0,73000,-873761,-800761
2009/04/07,0,596000,-74000,522000
2009/04/08,0,238000,-320000,-82000
2009/04/09,0,1160000,-154000,1006000
2009/04/10,0,877000,-796220,80780
2009/04/13,0,719000,-1284000,-565000
2009/04/14,0,162000,-315000,-153000
2009/04/15,0,282000,-745000,-463000
2009/04/16,0,1223000,-647000,576000
2009/04/17,0,325000,-1048000,-723000
2009/04/20,0,1195000,-139000,1056000
2009/04/21,0,985000,-166000,819000
2009/04/22,0,2130000,-662000,1468000
2009/04/23,0,529000,-560000,-31000
2009/04/24,0,1166000,-1820660,-654660
2009/04/27,0,517000,-1313000,-796000
2009/04/28,0,562000,-978082,-416082
2009/04/29,0,919000,-162000,757000
2009/04/30,0,12000,-2000,10000
2009/05/01,0,0,0,0
2009/05/04,0,0,-100000,-100000
2009/05/05,0,1203000,-2822000,-1619000
2009/05/06,0,1246000,-656879,589121
2009/05/07,0,1171000,-1204000,-33000
2009/05/08,0,714000,-240000,474000
2009/05/11,0,327000,-447000,-120000
2009/05/12,0,270000,-416000,-146000
2009/05/13,0,2268000,-691000,1577000
2009/05/14,0,763000,-847000,-84000
2009/05/15,0,1197000,-361000,836000
2009/05/18,0,424000,-2058000,-1634000
2009/05/19,0,411000,-920000,-509000
2009/05/20,0,608000,-255000,353000
2009/05/21,0,285000,-507000,-222000
2009/05/22,0,721000,-572000,149000
2009/05/25,0,744000,-272000,472000
2009/05/26,0,286000,-165000,121000
2009/05/27,0,430000,-637000,-207000
2009/05/28,0,0,0,0
2009/05/29,0,0,0,0
2009/06/01,0,186000,-483000,-297000
2009/06/02,0,539000,-121000,418000
2009/06/03,0,102000,-560000,-458000
2009/06/04,0,420000,-1575000,-1155000
2009/06/05,0,118000,-337000,-219000
2009/06/08,0,174000,-344000,-170000
2009/06/09,0,1032000,-1220000,-188000
2009/06/10,0,273000,-52930,220070
2009/06/11,0,390000,-251000,139000
2009/06/12,0,178000,-478000,-300000
2009/06/15,0,277000,-121000,156000
2009/06/16,0,58000,-132254,-74254
2009/06/17,0,132000,-486000,-354000
2009/06/18,0,338000,-306000,32000
2009/06/19,0,612000,-350000,262000
2009/06/22,0,153000,-357000,-204000
2009/06/23,0,356000,-302000,54000
2009/06/24,0,312000,-490000,-178000
2009/06/25,0,256000,-355000,-99000
2009/06/26,0,39000,-230000,-191000
2009/06/29,0,80000,-65000,15000
2009/06/30,0,225000,-66000,159000
2009/07/01,0,1183000,-458000,725000
2009/07/02,0,491000,-603000,-112000
2009/07/03,0,631000,-24000,607000
2009/07/06,0,173000,-401000,-228000
2009/07/07,0,237000,-47000,190000
2009/07/08,0,328000,-52000,276000
2009/07/09,0,417000,-221000,196000
2009/07/10,0,788000,-169000,619000
2009/07/13,0,410000,-428000,-18000
2009/07/14,0,103000,-272000,-169000
2009/07/15,0,820822,-173000,647822
2009/07/16,0,555000,-210000,345000
2009/07/17,0,866000,-219000,647000
2009/07/20,0,272000,-104000,168000
2009/07/21,0,172000,-201000,-29000
2009/07/22,0,290000,-46000,244000
2009/07/23,0,935000,-94000,841000
2009/07/24,0,298000,-2100000,-1802000
2009/07/27,0,461000,-491000,-30000
2009/07/28,0,428297,-219000,209297
2009/07/29,0,220000,-1779000,-1559000
2009/07/30,0,92000,-785000,-693000
2009/07/31,0,110000,-142000,-32000
2009/08/03,0,507842,-341000,166842
2009/08/04,0,1938000,-419000,1519000
2009/08/05,0,747000,-763000,-16000
2009/08/06,0,112000,-317000,-205000
2009/08/07,0,0,0,0
2009/08/10,0,387000,-264000,123000
2009/08/11,0,148000,-3466000,-3318000
2009/08/12,0,246000,-184000,62000
2009/08/13,0,774000,-681000,93000
2009/08/14,0,460000,-312000,148000
2009/08/17,0,31000,-985000,-954000
2009/08/18,0,304000,-308000,-4000
2009/08/19,0,79000,-140000,-61000
2009/08/20,0,51000,-139340,-88340
2009/08/21,0,1087000,-180000,907000
2009/08/24,0,489000,-317000,172000
2009/08/25,0,991000,-77000,914000
2009/08/26,0,570000,-254000,316000
2009/08/27,0,403000,-102000,301000
2009/08/28,0,84000,-78000,6000
2009/08/31,0,146000,-162000,-16000
2009/09/01,0,378000,-101000,277000
2009/09/02,0,49000,-46000,3000
2009/09/03,0,275000,-141000,134000
2009/09/04,0,104000,-518000,-414000
2009/09/07,0,2507000,-159000,2348000
2009/09/08,0,1469000,-150000,1319000
2009/09/09,0,343000,-357000,-14000
2009/09/10,0,394000,-1328000,-934000
2009/09/11,0,27000,-99000,-72000
2009/09/14,0,22000,-463000,-441000
2009/09/15,0,182000,-519000,-337000
2009/09/16,0,209000,-657000,-448000
2009/09/17,0,838000,-536000,302000
2009/09/18,0,66000,-693000,-627000
2009/09/21,0,502000,-387000,115000
2009/09/22,0,143000,-241000,-98000
2009/09/23,0,223000,-617751,-394751
2009/09/24,0,124000,-254000,-130000
2009/09/25,0,327000,-329000,-2000
2009/09/28,0,45000,-54947,-9947
2009/09/29,0,214000,-1150100,-936100
2009/09/30,0,120000,-335000,-215000
2009/10/01,0,133000,-245000,-112000
2009/10/02,0,14000,-229240,-215240
2009/10/05,0,41000,-149000,-108000
2009/10/06,0,221000,-116000,105000
2009/10/07,0,362000,-88000,274000
2009/10/08,0,122000,-69450,52550
2009/10/09,0,82000,-292000,-210000
2009/10/12,0,253000,-36000,217000
2009/10/13,0,120000,-133000,-13000
2009/10/14,0,92000,-235000,-143000
2009/10/15,0,36000,-56000,-20000
2009/10/16,0,15000,-145000,-130000
2009/10/19,0,94000,-31000,63000
2009/10/20,0,249000,-91000,158000
2009/10/21,0,27000,-118735,-91735
2009/10/22,0,66000,-48000,18000
2009/10/23,0,184000,-57000,127000
2009/10/26,0,328000,-11000,317000
2009/10/27,0,325000,-148000,177000
2009/10/28,0,89000,-170750,-81750
2009/10/29,0,205000,-1126000,-921000
2009/10/30,0,110000,-313000,-203000
2009/11/02,0,65000,-499000,-434000
2009/11/03,0,14000,-376000,-362000
2009/11/04,0,165000,-385840,-220840
2009/11/05,0,150000,-42000,108000
2009/11/06,0,165000,-71710,93290
2009/11/09,0,216000,-47000,169000
2009/11/10,0,38000,-221000,-183000
2009/11/11,0,293000,-54000,239000
2009/11/12,0,33000,-15000,18000
2009/11/13,0,168000,-18000,150000
2009/11/16,0,17000,-68000,-51000
2009/11/17,0,163000,-35000,128000
2009/11/18,0,11000,-68000,-57000
2009/11/19,0,45000,-55000,-10000
2009/11/20,0,32000,-55000,-23000
2009/11/23,0,17000,-19000,-2000
2009/11/24,0,5000,-20000,-15000
2009/11/25,0,47000,-6000,41000
2009/11/26,0,84000,-19000,65000
2009/11/27,0,11000,-152000,-141000
2009/11/30,0,19000,-55563,-36563
2009/12/01,0,84000,-21000,63000
2009/12/02,0,114000,-11000,103000
2009/12/03,0,40000,-72000,-32000
2009/12/04,0,5000,-44000,-39000
2009/12/07,0,84000,-58000,26000
2009/12/08,0,37000,-56000,-19000
2009/12/09,0,30000,-162000,-132000
2009/12/10,0,78000,-419000,-341000
2009/12/11,0,167000,-44457,122543
2009/12/14,0,90000,-124000,-34000
2009/12/15,0,11000,-212395,-201395
2009/12/16,0,66000,-269000,-203000
2009/12/17,0,14000,-61000,-47000
2009/12/18,0,0,-37000,-37000
2009/12/21,0,49000,-71000,-22000
2009/12/22,0,25000,-43866,-18866
2009/12/23,0,55000,-111000,-56000
2009/12/24,0,29000,-30000,-1000
2009/12/25,0,9000,-17000,-8000
2009/12/28,0,178000,-7000,171000
2009/12/29,0,43000,-32000,11000
2009/12/30,0,931000,-45000,886000
2009/12/31,0,1351000,-342000,1009000
2010/01/01,0,0,0,0
2010/01/04,0,127000,-200000,-73000
2010/01/05,0,2153000,-292000,1861000
2010/01/06,0,863000,-255000,608000
2010/01/07,0,133000,-263000,-130000
2010/01/08,0,201000,-104000,97000
2010/01/11,0,153000,-510000,-357000
2010/01/12,0,121000,-301000,-180000
2010/01/13,0,93000,-798000,-705000
2010/01/14,0,38000,-86982,-48982
2010/01/15,0,79000,-91000,-12000
2010/01/18,0,271000,-179000,92000
2010/01/19,0,85980,-148000,-62020
2010/01/20,0,4000,-193000,-189000
2010/01/21,0,42000,-235000,-193000
2010/01/22,0,38000,-296000,-258000
2010/01/25,0,3000,-194000,-191000
2010/01/26,0,12000,-444140,-432140
2010/01/27,0,330000,-46000,284000
2010/01/28,0,66000,-89000,-23000
2010/01/29,0,69000,-229000,-160000
2010/02/01,0,149000,-362500,-213500
2010/02/02,0,99000,-67000,32000
2010/02/03,0,61000,-41000,20000
2010/02/04,0,9000,-129000,-120000
2010/02/05,0,68000,-111000,-43000
2010/02/08,0,280000,-6000,274000
2010/02/09,0,441000,-26000,415000
2010/02/10,0,24000,-81000,-57000
2010/02/11,0,0,0,0
2010/02/12,0,0,0,0
2010/02/15,0,0,0,0
2010/02/16,0,0,0,0
2010/02/17,0,0,0,0
2010/02/18,0,0,0,0
2010/02/19,0,0,0,0
2010/02/22,0,224000,-21030,202970
2010/02/23,0,41000,-45000,-4000
2010/02/24,0,122000,-277355,-155355
2010/02/25,0,39000,-206000,-167000
2010/02/26,0,73000,-3000,70000
2010/03/01,0,212000,-9000,203000
2010/03/02,0,171000,-63000,108000
2010/03/03,0,1000,-40000,-39000
2010/03/04,0,5000,-227000,-222000
2010/03/05,0,129000,-38000,91000
2010/03/08,0,96000,-33000,63000
2010/03/09,0,38000,-1000,37000
2010/03/10,0,44000,-19000,25000
2010/03/11,0,230000,-26000,204000
2010/03/12,0,112000,-4000,108000
2010/03/15,0,1000,-219000,-218000
2010/03/16,0,21000,-84000,-63000
2010/03/17,0,522000,-33000,489000
2010/03/18,0,398000,-12000,386000
2010/03/19,0,4000,0,4000
2010/03/22,0,9000,-144000,-135000
2010/03/23,0,50000,-103000,-53000
2010/03/24,0,150000,-307140,-157140
2010/03/25,0,358000,-39000,319000
2010/03/26,0,330000,-29000,301000
2010/03/29,0,452000,-144000,308000
2010/03/30,0,63000,-81000,-18000
2010/03/31,0,0,-108000,-108000
2010/04/01,0,237000,-313000,-76000
2010/04/02,0,28000,-100000,-72000
2010/04/05,0,0,0,0
2010/04/06,0,147000,-57000,90000
2010/04/07,0,20000,-323060,-303060
2010/04/08,0,62000,-89000,-27000
2010/04/09,0,12000,-6000,6000
2010/04/12,0,114000,-17000,97000
2010/04/13,0,10000,-166000,-156000
2010/04/14,0,20000,-24000,-4000
2010/04/15,0,16000,-80000,-64000
2010/04/16,0,6000,-195000,-189000
2010/04/19,0,16000,-53000,-37000
2010/04/20,0,425000,-704000,-279000
2010/04/21,0,8000,-66000,-58000
2010/04/22,0,2000,-197000,-195000
2010/04/23,0,6000,-312000,-306000
2010/04/26,0,535000,-20000,515000
2010/04/27,0,144000,-58000,86000
2010/04/28,0,12000,-192000,-180000
2010/04/29,0,182000,-94000,88000
2010/04/30,0,28000,-66000,-38000
2010/05/03,0,15000,-92000,-77000
2010/05/04,0,80000,-14000,66000
2010/05/05,0,9000,-109000,-100000
2010/05/06,0,38000,-276000,-238000
2010/05/07,0,451000,-49000,402000
2010/05/10,0,67000,-284000,-217000
2010/05/11,0,18000,-412000,-394000
2010/05/12,0,47000,-78000,-31000
2010/05/13,0,59000,-4000,55000
2010/05/14,0,208000,0,208000
2010/05/17,0,38000,-171000,-133000
2010/05/18,0,370000,-133000,237000
2010/05/19,0,768000,-62000,706000
2010/05/20,0,17000,-218000,-201000
2010/05/21,0,293000,-212000,81000
2010/05/24,0,125000,-337000,-212000
2010/05/25,0,127000,-188000,-61000
2010/05/26,0,124000,-61000,63000
2010/05/27,0,99000,-40000,59000
2010/05/28,0,183000,-65000,118000
2010/05/31,0,12000,-5000,7000
2010/06/01,0,29000,-174000,-145000
2010/06/02,0,75000,-2000,73000
2010/06/03,0,73000,-15000,58000
2010/06/04,0,5000,-30000,-25000
2010/06/07,0,82000,-61000,21000
2010/06/08,0,43000,-150000,-107000
2010/06/09,0,10000,-265000,-255000
2010/06/10,0,5000,-21000,-16000
2010/06/11,0,38000,-105000,-67000
2010/06/14,0,51000,-114000,-63000
2010/06/15,0,423000,-123000,300000
2010/06/16,0,0,0,0
2010/06/17,0,615000,-192000,423000
2010/06/18,0,46000,-61000,-15000
2010/06/21,0,255000,-193000,62000
2010/06/22,0,41000,-205000,-164000
2010/06/23,0,31000,-25000,6000
2010/06/24,0,7000,-9000,-2000
2010/06/25,0,65000,-47000,18000
2010/06/28,0,2000,0,2000
2010/06/29,0,42000,-14000,28000
2010/06/30,0,16000,-9000,7000
2010/07/01,0,73000,0,73000
2010/07/02,0,81000,-5000,76000
2010/07/05,0,43000,-12000,31000
2010/07/06,0,94000,0,94000
2010/07/07,0,0,-12325,-12325
2010/07/08,0,22000,-1865,20135
2010/07/09,0,40000,-4000,36000
2010/07/12,0,58000,-12000,46000
2010/07/13,0,5000,-81000,-76000
2010/07/14,0,44000,0,44000
2010/07/15,0,36000,-103000,-67000
2010/07/16,0,60000,-82000,-22000
2010/07/19,0,11000,-27000,-16000
2010/07/20,0,56000,-47000,9000
2010/07/21,0,41000,-21000,20000
2010/07/22,0,97000,-6000,91000
2010/07/23,0,90000,-98000,-8000
2010/07/26,0,82000,-5000,77000
2010/07/27,0,9000,-16000,-7000
2010/07/28,0,30000,-40000,-10000
2010/07/29,0,244000,-34000,210000
2010/07/30,0,86000,-183000,-97000
2010/08/02,0,214000,-59000,155000
2010/08/03,0,0,-183000,-183000
2010/08/04,0,25000,-181000,-156000
2010/08/05,0,43000,-145000,-102000
2010/08/06,0,39000,-3000,36000
2010/08/09,0,142000,-38000,104000
2010/08/10,0,400000,-133000,267000
2010/08/11,0,16000,-112000,-96000
2010/08/12,0,0,-65000,-65000
2010/08/13,0,42000,-152000,-110000
2010/08/16,0,115000,-7000,108000
2010/08/17,0,27000,-87000,-60000
2010/08/18,0,20000,-228000,-208000
2010/08/19,0,128000,-19000,109000
2010/08/20,0,147000,-143000,4000
2010/08/23,0,2379000,-5000,2374000
2010/08/24,0,251000,-1780000,-1529000
2010/08/25,0,5000,-950000,-945000
2010/08/26,0,110000,-156000,-46000
2010/08/27,0,25000,-359000,-334000
2010/08/30,0,132000,-28000,104000
2010/08/31,0,12000,-117000,-105000
2010/09/01,0,284000,-34000,250000
2010/09/02,0,125000,-695500,-570500
2010/09/03,0,6000,-453000,-447000
2010/09/06,0,73000,-15000,58000
2010/09/07,0,199000,-99000,100000
2010/09/08,0,18422,-10000,8422
2010/09/09,0,37000,-199000,-162000
2010/09/10,0,34000,-32000,2000
2010/09/13,0,150000,-35000,115000
2010/09/14,0,118000,-245000,-127000
2010/09/15,0,291000,-30000,261000
2010/09/16,0,235000,-313000,-78000
2010/09/17,0,362000,-403000,-41000
2010/09/20,0,104000,-316000,-212000
2010/09/21,0,171000,-319000,-148000
2010/09/22,0,0,0,0
2010/09/23,0,59000,-17000,42000
2010/09/24,0,110000,-18000,92000
2010/09/27,0,57000,-301000,-244000
2010/09/28,0,14000,-120000,-106000
2010/09/29,0,532000,-328400,203600
2010/09/30,0,47000,-115050,-68050
2010/10/01,0,18000,-439000,-421000
2010/10/04,0,209000,-60900,148100
2010/10/05,0,115000,-21000,94000
2010/10/06,0,1495000,-433000,1062000
2010/10/07,0,102000,-745057,-643057
2010/10/08,0,75000,-101000,-26000
2010/10/11,0,160000,-44690,115310
2010/10/12,0,79000,-159940,-80940
2010/10/13,0,44000,-773000,-729000
2010/10/14,0,177000,-501830,-324830
2010/10/15,0,485000,-552000,-67000
2010/10/18,0,70000,-820000,-750000
2010/10/19,0,6000,-587000,-581000
2010/10/20,0,17000,-529975,-512975
2010/10/21,0,25000,-335000,-310000
2010/10/22,0,235000,-743000,-508000
2010/10/25,0,397000,-28000,369000
2010/10/26,0,176000,0,176000
2010/10/27,0,36000,-90000,-54000
2010/10/28,0,136000,-250520,-114520
2010/10/29,0,124000,0,124000
2010/11/01,0,461000,-5558,455442
2010/11/02,0,121000,-286000,-165000
2010/11/03,0,67000,-60000,7000
2010/11/04,0,48000,-22348,25652
2010/11/05,0,118000,-5000,113000
2010/11/08,0,33000,-106000,-73000
2010/11/09,0,93234,-217000,-123766
2010/11/10,0,245000,-50000,195000
2010/11/11,0,54000,-69000,-15000
2010/11/12,0,0,-237000,-237000
2010/11/15,0,102000,-92000,10000
2010/11/16,0,282000,-12000,270000
2010/11/17,0,5000,0,5000
2010/11/18,0,106000,-94000,12000
2010/11/19,0,373000,-4000,369000
2010/11/22,0,10000,-152000,-142000
2010/11/23,0,20000,-61000,-41000
2010/11/24,0,97000,-189000,-92000
2010/11/25,0,5000,-146000,-141000
2010/11/26,0,0,-51000,-51000
2010/11/29,0,111000,0,111000
2010/11/30,0,183000,-122000,61000
2010/12/01,0,159000,-40000,119000
2010/12/02,0,113000,-142000,-29000
2010/12/03,0,123000,-83000,40000
2010/12/06,0,195000,-98000,97000
2010/12/07,0,647820,-149000,498820
2010/12/08,0,614000,-287000,327000
2010/12/09,0,134000,-109000,25000
2010/12/10,0,115000,-86000,29000
2010/12/13,0,493000,-70000,423000
2010/12/14,0,276000,-471923,-195923
2010/12/15,0,41000,-109000,-68000
2010/12/16,0,180000,-156000,24000
2010/12/17,0,145000,-226000,-81000
2010/12/20,0,761000,-42000,719000
2010/12/21,0,171000,-485000,-314000
2010/12/22,0,1842000,-73000,1769000
2010/12/23,0,2365000,-1035090,1329910
2010/12/24,0,1024000,-232000,792000
2010/12/27,0,132000,-133765,-1765
2010/12/28,0,63000,-177000,-114000
2010/12/29,0,1145000,-626301,518699
2010/12/30,0,50000,-894000,-844000
2010/12/31,0,15000,-98000,-83000
2011/01/03,0,166000,-25000,141000
2011/01/04,0,767000,-389000,378000
2011/01/05,0,248000,-1008000,-760000
2011/01/06,0,73000,-238000,-165000
2011/01/07,0,1087000,-195000,892000
2011/01/10,0,111000,-5000,106000
2011/01/11,0,359000,-18000,341000
2011/01/12,0,388000,-14000,374000
2011/01/13,0,286000,-482000,-196000
2011/01/14,0,118000,-4000,114000
2011/01/17,0,22000,-314404,-292404
2011/01/18,0,50000,-36000,14000
2011/01/19,0,0,-406990,-406990
2011/01/20,0,4000,-95000,-91000
2011/01/21,0,6000,-242000,-236000
2011/01/24,0,0,-148000,-148000
2011/01/25,0,38000,-120000,-82000
2011/01/26,0,124000,-108000,16000
2011/01/27,0,0,-195000,-195000
2011/01/28,0,23000,-103000,-80000
2011/01/31,0,0,0,0
2011/02/01,0,0,0,0
2011/02/02,0,0,0,0
2011/02/03,0,0,0,0
2011/02/04,0,0,0,0
2011/02/07,0,0,0,0
2011/02/08,0,47000,-130000,-83000
2011/02/09,0,18000,-178000,-160000
2011/02/10,0,52000,-319000,-267000
2011/02/11,0,49000,-425000,-376000
2011/02/14,0,359000,-135000,224000
2011/02/15,0,206000,-235000,-29000
2011/02/16,0,0,-49000,-49000
2011/02/17,0,18000,-120000,-102000
2011/02/18,0,30000,-50000,-20000
2011/02/21,0,13000,-2254000,-2241000
2011/02/22,0,178000,-39000,139000
2011/02/23,0,323000,-113000,210000
2011/02/24,0,833000,-808000,25000
2011/02/25,0,387000,-49000,338000
2011/02/28,0,0,0,0
2011/03/01,0,201000,-107649,93351
2011/03/02,0,515000,-129270,385730
2011/03/03,0,346000,-450000,-104000
2011/03/04,0,0,-133000,-133000
2011/03/07,0,30000,-76000,-46000
2011/03/08,0,94000,-4000,90000
2011/03/09,0,2000,-40979,-38979
2011/03/10,0,11398,-21000,-9602
2011/03/11,0,84000,-81500,2500
2011/03/14,0,329000,-630000,-301000
2011/03/15,0,540000,-442000,98000
2011/03/16,0,318000,-2017,315983
2011/03/17,0,170000,-44000,126000
2011/03/18,0,45000,-98000,-53000
2011/03/21,0,62000,-210000,-148000
2011/03/22,0,88000,-200000,-112000
2011/03/23,0,333000,-93000,240000
2011/03/24,0,55000,-15300,39700
2011/03/25,0,109000,-39000,70000
2011/03/28,0,101000,-27000,74000
2011/03/29,0,1438000,-26000,1412000
2011/03/30,0,350000,-133000,217000
2011/03/31,0,138000,-938000,-800000
2011/04/01,0,185000,-108000,77000
2011/04/04,0,0,0,0
2011/04/05,0,0,0,0
2011/04/06,0,172000,-58000,114000
2011/04/07,0,179000,-124000,55000
2011/04/08,0,494000,-18000,476000
2011/04/11,0,55000,-258000,-203000
2011/04/12,0,313000,-117000,196000
2011/04/13,0,152000,-231000,-79000
2011/04/14,0,1530000,-151000,1379000
2011/04/15,0,642000,-590000,52000
2011/04/18,0,127000,-735226,-608226
2011/04/19,0,649000,-160000,489000
2011/04/20,0,1664000,-335000,1329000
2011/04/21,0,341000,-1238000,-897000
2011/04/22,0,86000,-176164,-90164
2011/04/25,0,378000,-20000,358000
2011/04/26,0,252000,-67628,184372
2011/04/27,0,1830000,-537000,1293000
2011/04/28,0,148000,-660000,-512000
2011/04/29,0,110000,-862000,-752000
2011/05/02,0,0,0,0
2011/05/03,0,604000,-128865,475135
2011/05/04,0,415000,-56000,359000
2011/05/05,0,347000,-120000,227000
2011/05/06,0,203000,-587000,-384000
2011/05/09,0,310000,-101000,209000
2011/05/10,0,119000,-187000,-68000
2011/05/11,0,922000,-657526,264474
2011/05/12,0,242000,-180000,62000
2011/05/13,0,606000,-262000,344000
2011/05/16,0,295000,-259000,36000
2011/05/17,0,185000,-1143000,-958000
2011/05/18,0,208000,-981000,-773000
2011/05/19,0,316000,-332316,-16316
2011/05/20,0,224000,-741000,-517000
2011/05/23,0,231000,-800000,-569000
2011/05/24,0,388000,-724000,-336000
2011/05/25,0,206000,-461000,-255000
2011/05/26,0,81000,-113000,-32000
2011/05/27,0,131000,-121000,10000
2011/05/30,0,1234000,-1027000,207000
2011/05/31,0,683000,-1125600,-442600
2011/06/01,0,648000,-1396000,-748000
2011/06/02,0,105000,-276000,-171000
2011/06/03,0,445000,-73000,372000
2011/06/06,0,0,0,0
2011/06/07,0,294000,-208000,86000
2011/06/08,0,64000,-11000,53000
2011/06/09,0,263000,-376000,-113000
2011/06/10,0,55000,-592000,-537000
2011/06/13,0,436000,-130000,306000
2011/06/14,0,304000,-679000,-375000
2011/06/15,0,340000,-401000,-61000
2011/06/16,0,128000,-560000,-432000
2011/06/17,0,137000,-511000,-374000
2011/06/20,0,221000,-591000,-370000
2011/06/21,0,389000,-1158000,-769000
2011/06/22,0,162000,-410000,-248000
2011/06/23,0,591000,-77,590923
2011/06/24,0,372000,-315000,57000
2011/06/27,0,185000,-121000,64000
2011/06/28,0,571000,-273000,298000
2011/06/29,0,565000,-670000,-105000
2011/06/30,0,855000,-262000,593000
2011/07/01,0,971000,-222000,749000
2011/07/04,0,140000,-266000,-126000
2011/07/05,0,592000,-376803,215197
2011/07/06,0,236000,-437000,-201000
2011/07/07,0,627000,-205000,422000
2011/07/08,0,69000,-1655000,-1586000
2011/07/11,0,139000,-5000,134000
2011/07/12,0,477000,-185000,292000
2011/07/13,0,557000,-29000,528000
2011/07/14,0,499000,-315000,184000
2011/07/15,0,240000,-103000,137000
2011/07/18,0,491000,-25730,465270
2011/07/19,0,408000,-85000,323000
2011/07/20,0,301000,-339000,-38000
2011/07/21,0,212000,-239000,-27000
2011/07/22,0,822000,-1363000,-541000
2011/07/25,0,339000,-215000,124000
2011/07/26,0,457000,-234441,222559
2011/07/27,0,906000,-180000,726000
2011/07/28,0,1622000,-212000,1410000
2011/07/29,0,326000,-342000,-16000
2011/08/01,0,554000,-113000,441000
2011/08/02,0,577000,-639000,-62000
2011/08/03,0,591000,-447228,143772
2011/08/04,0,522000,-173000,349000
2011/08/05,0,648000,-2092000,-1444000
2011/08/08,0,1567000,-388000,1179000
2011/08/09,0,1569000,-642000,927000
2011/08/10,0,210000,-459000,-249000
2011/08/11,0,542000,-395000,147000
2011/08/12,0,228000,-736000,-508000
2011/08/15,0,208000,-253000,-45000
2011/08/16,0,267000,-301000,-34000
2011/08/17,0,198000,-218000,-20000
2011/08/18,0,313000,-69000,244000
2011/08/19,0,365000,-295000,70000
2011/08/22,0,1020000,-274000,746000
2011/08/23,0,1698000,-114000,1584000
2011/08/24,0,427000,-1824000,-1397000
2011/08/25,0,218000,-622000,-404000
2011/08/26,0,352000,-409000,-57000
2011/08/29,0,700000,-260000,440000
2011/08/30,0,476000,-335000,141000
2011/08/31,0,195000,-299000,-104000
2011/09/01,0,555000,-1437000,-882000
2011/09/02,0,72000,-329000,-257000
2011/09/05,0,132000,-198000,-66000
2011/09/06,0,157000,-854000,-697000
2011/09/07,0,255000,-227000,28000
2011/09/08,0,449000,-166000,283000
2011/09/09,0,155000,-277000,-122000
2011/09/12,0,0,0,0
2011/09/13,0,105000,-447000,-342000
2011/09/14,0,408000,-511000,-103000
2011/09/15,0,309000,-178000,131000
2011/09/16,0,264000,-26000,238000
2011/09/19,0,43000,-84000,-41000
2011/09/20,0,189000,-184000,5000
2011/09/21,0,66000,-46000,20000
2011/09/22,0,378000,-185000,193000
2011/09/23,0,545000,-287000,258000
2011/09/26,0,447000,-138000,309000
2011/09/27,0,190000,-57000,133000
2011/09/28,0,118000,-116000,2000
2011/09/29,0,190000,-136720,53280
2011/09/30,0,38000,-63000,-25000
2011/10/03,0,40000,-294000,-254000
2011/10/04,0,238000,-66060,171940
2011/10/05,0,123000,-74670,48330
2011/10/06,0,165000,-316000,-151000
2011/10/07,0,898000,-374220,523780
2011/10/10,0,0,0,0
2011/10/11,0,889000,-352000,537000
2011/10/12,0,864000,-439000,425000
2011/10/13,0,55000,-575000,-520000
2011/10/14,0,624000,-187000,437000
2011/10/17,0,188561,-265120,-76559
2011/10/18,0,46000,-58466,-12466
2011/10/19,0,224000,-465000,-241000
2011/10/20,0,98000,-68264,29736
2011/10/21,0,216000,-201000,15000
2011/10/24,0,497000,-229000,268000
2011/10/25,0,66000,-262000,-196000
2011/10/26,0,601000,-73000,528000
2011/10/27,0,728000,-185000,543000
2011/10/28,0,178000,-663000,-485000
2011/10/31,0,10000,-107568,-97568
2011/11/01,0,448000,-185000,263000
2011/11/02,0,137000,-303000,-166000
2011/11/03,0,109000,-90000,19000
2011/11/04,0,1210000,-73000,1137000
2011/11/07,0,154000,-17000,137000
2011/11/08,0,172000,-98000,74000
2011/11/09,0,27000,-527000,-500000
2011/11/10,0,373000,-832000,-459000
2011/11/11,0,115000,-100000,15000
2011/11/14,0,50000,-9000,41000
2011/11/15,0,138000,-124000,14000
2011/11/16,0,174000,-177000,-3000
2011/11/17,0,101000,-255000,-154000
2011/11/18,0,295340,-196000,99340
2011/11/21,0,441000,-90920,350080
2011/11/22,0,383000,-82000,301000
2011/11/23,0,384000,-185000,199000
2011/11/24,0,449000,-190000,259000
2011/11/25,0,381000,-365000,16000
2011/11/28,0,219000,-98000,121000
2011/11/29,0,179000,-67000,112000
2011/11/30,0,76000,-262240,-186240
2011/12/01,0,172000,-58000,114000
2011/12/02,0,63000,-16000,47000
2011/12/05,0,40000,-24000,16000
2011/12/06,0,77000,-28000,49000
2011/12/07,0,145000,-33000,112000
2011/12/08,0,77000,-140000,-63000
2011/12/09,0,76000,-281000,-205000
2011/12/12,0,79000,-164000,-85000
2011/12/13,0,92000,-351000,-259000
2011/12/14,0,9000,-247000,-238000
2011/12/15,0,103000,-31000,72000
2011/12/16,0,127000,-611956,-484956
2011/12/19,0,130000,-36000,94000
2011/12/20,0,75000,-3030000,-2955000
2011/12/21,0,163000,-300000,-137000
2011/12/22,0,169000,-281000,-112000
2011/12/23,0,15000,-561000,-546000
2011/12/26,0,12000,-45000,-33000
2011/12/27,0,114000,-60000,54000
2011/12/28,0,108000,-41000,67000
2011/12/29,0,132000,-40000,92000
2011/12/30,0,70000,-77000,-7000
2012/01/02,0,173000,-19000,154000
2012/01/03,0,78000,-84000,-6000
2012/01/04,0,32000,-14000,18000
2012/01/05,0,88000,-22000,66000
2012/01/06,0,0,-28000,-28000
2012/01/09,0,24000,-11000,13000
2012/01/10,0,127000,0,127000
2012/01/11,0,0,-1000,-1000
2012/01/12,0,81000,-229000,-148000
2012/01/13,0,43000,-92000,-49000
2012/01/16,0,83000,-205482,-122482
2012/01/17,0,41000,-218000,-177000
2012/01/18,0,13000,-101000,-88000
2012/01/19,0,0,0,0
2012/01/20,0,0,0,0
2012/01/23,0,0,0,0
2012/01/24,0,0,0,0
2012/01/25,0,0,0,0
2012/01/26,0,0,0,0
2012/01/27,0,0,0,0
2012/01/30,0,19000,-61000,-42000
2012/01/31,0,38000,-507000,-469000
2012/02/01,0,38000,-332000,-294000
2012/02/02,0,35000,-995000,-960000
2012/02/03,0,57000,-415000,-358000
2012/02/06,0,28000,-188000,-160000
2012/02/07,0,37000,-124000,-87000
2012/02/08,0,48000,-689000,-641000
2012/02/09,0,264000,-714000,-450000
2012/02/10,0,447000,-716000,-269000
2012/02/13,0,138000,-86000,52000
2012/02/14,0,40000,-453000,-413000
2012/02/15,0,58000,-495000,-437000
2012/02/16,0,73000,-375000,-302000
2012/02/17,0,89000,-519000,-430000
2012/02/20,0,50000,-1216000,-1166000
2012/02/21,0,0,-299000,-299000
2012/02/22,0,35000,-988760,-953760
2012/02/23,0,37000,-264000,-227000
2012/02/24,0,0,-319000,-319000
2012/02/27,0,0,0,0
2012/02/28,0,0,0,0
2012/02/29,0,244018,-112000,132018
2012/03/01,0,64000,-35000,29000
2012/03/02,0,51000,-138000,-87000
2012/03/05,0,23000,-384000,-361000
2012/03/06,0,118000,-106220,11780
2012/03/07,0,51000,-132000,-81000
2012/03/08,0,17000,-171000,-154000
2012/03/09,0,3000,-146000,-143000
2012/03/12,0,7000,-122274,-115274
2012/03/13,0,73000,-279000,-206000
2012/03/14,0,79000,-229000,-150000
2012/03/15,0,29000,-141000,-112000
2012/03/16,0,1000,-156000,-155000
2012/03/19,0,40000,-680000,-640000
2012/03/20,0,2000,-475000,-473000
2012/03/21,0,43000,-337000,-294000
2012/03/22,0,266000,-325000,-59000
2012/03/23,0,40000,-31000,9000
2012/03/26,0,42000,-228000,-186000
2012/03/27,0,15000,-432000,-417000
2012/03/28,0,0,-486000,-486000
2012/03/29,0,3434000,-248587,3185413
2012/03/30,0,992000,-156000,836000
2012/04/02,0,154000,-655000,-501000
2012/04/03,0,134000,-222000,-88000
2012/04/04,0,0,0,0
2012/04/05,0,798000,-77000,721000
2012/04/06,0,216000,-91000,125000
2012/04/09,0,79000,-42000,37000
2012/04/10,0,91000,-112000,-21000
2012/04/11,0,42000,-47000,-5000
2012/04/12,0,61000,-169000,-108000
2012/04/13,0,4000,-219000,-215000
2012/04/16,0,1000,-538000,-537000
2012/04/17,0,135000,-238000,-103000
2012/04/18,0,190000,-107000,83000
2012/04/19,0,180000,-127000,53000
2012/04/20,0,18000,-115000,-97000
2012/04/23,0,158000,-76000,82000
2012/04/24,0,44000,-210000,-166000
2012/04/25,0,26000,-367000,-341000
2012/04/26,0,5006,-122000,-116994
2012/04/27,0,86000,-49000,37000
2012/04/30,0,79000,0,79000
2012/05/01,0,0,0,0
2012/05/02,0,132000,-5000,127000
2012/05/03,0,29000,-4211,24789
2012/05/04,0,937000,-13000,924000
2012/05/07,0,104000,-28000,76000
2012/05/08,0,69000,-46395,22605
2012/05/09,0,54000,-19526,34474
2012/05/10,0,78000,0,78000
2012/05/11,0,131000,-16000,115000
2012/05/14,0,125000,-9000,116000
2012/05/15,0,310000,-917000,-607000
2012/05/16,0,385000,-20000,365000
2012/05/17,0,30000,-65000,-35000
2012/05/18,0,235000,-13000,222000
2012/05/21,0,170000,0,170000
2012/05/22,0,28000,0,28000
2012/05/23,0,144000,-27000,117000
2012/05/24,0,249000,-19000,230000
2012/05/25,0,14000,-44000,-30000
2012/05/28,0,12000,-175000,-163000
2012/05/29,0,6000,-741000,-735000
2012/05/30,0,5000,-353000,-348000
2012/05/31,0,42000,-87000,-45000
2012/06/01,0,110000,-48000,62000
2012/06/04,0,336000,-1000,335000
2012/06/05,0,67000,-218400,-151400
2012/06/06,0,132000,-121000,11000
2012/06/07,0,39000,-51000,-12000
2012/06/08,0,0,-33000,-33000
2012/06/11,0,20000,-62000,-42000
2012/06/12,0,0,-90000,-90000
2012/06/13,0,0,-26000,-26000
2012/06/14,0,36000,-29000,7000
2012/06/15,0,11000,-1000,10000
2012/06/18,0,32000,-40000,-8000
2012/06/19,0,41000,-52000,-11000
2012/06/20,0,229000,-23000,206000
2012/06/21,0,116000,-41000,75000
2012/06/22,0,20000,-19000,1000
2012/06/25,0,12000,-60000,-48000
2012/06/26,0,1000,-37000,-36000
2012/06/27,0,33000,-26000,7000
2012/06/28,0,97000,-35000,62000
2012/06/29,0,191000,-25000,166000
2012/07/02,0,20000,-82000,-62000
2012/07/03,0,161000,-10000,151000
2012/07/04,0,24000,0,24000
2012/07/05,0,39000,-58000,-19000
2012/07/06,0,67000,-78000,-11000
2012/07/09,0,0,-8000,-8000
2012/07/10,0,38000,-15000,23000
2012/07/11,0,55000,-7000,48000
2012/07/12,0,13000,-63000,-50000
2012/07/13,0,108000,-90671,17329
2012/07/16,0,25000,-15444,9556
2012/07/17,0,91000,-17000,74000
2012/07/18,0,140000,-292000,-152000
2012/07/19,0,47000,-53000,-6000
2012/07/20,0,20000,-31000,-11000
2012/07/23,0,127000,-29000,98000
2012/07/24,0,206000,0,206000
2012/07/25,0,248000,-8000,240000
2012/07/26,0,24000,-39000,-15000
2012/07/27,0,0,0,0
2012/07/30,0,0,-5000,-5000
2012/07/31,0,42000,-31000,11000
2012/08/01,0,262000,-23000,239000
2012/08/02,0,0,0,0
2012/08/03,0,7000,-37000,-30000
2012/08/06,0,58000,-4000,54000
2012/08/07,0,0,0,0
2012/08/08,0,115000,-1000,114000
2012/08/09,0,86000,-363000,-277000
2012/08/10,0,107000,-55000,52000
2012/08/13,0,62000,-75000,-13000
2012/08/14,0,139000,-3000,136000
2012/08/15,0,1236849,-1000,1235849
2012/08/16,0,989000,-4000,985000
2012/08/17,0,2753000,-7000,2746000
2012/08/20,0,1469000,-88000,1381000
2012/08/21,0,257000,-6088000,-5831000
2012/08/22,0,44000,-88000,-44000
2012/08/23,0,78000,-99000,-21000
2012/08/24,0,21000,-74000,-53000
2012/08/27,0,0,-135930,-135930
2012/08/28,0,1000,-193000,-192000
2012/08/29,0,1000,0,1000
2012/08/30,0,39000,-183000,-144000
2012/08/31,0,17000,-14000,3000
2012/09/03,0,13000,-50660,-37660
2012/09/04,0,6000,-123000,-117000
2012/09/05,0,17000,-52000,-35000
2012/09/06,0,5000,-35000,-30000
2012/09/07,0,90000,-27000,63000
2012/09/10,0,184000,-137000,47000
2012/09/11,0,15000,-201000,-186000
2012/09/12,0,78000,-51000,27000
2012/09/13,0,9000,-43000,-34000
2012/09/14,0,132000,-38000,94000
2012/09/17,0,23000,-536000,-513000
2012/09/18,0,71000,-273000,-202000
2012/09/19,0,21000,-1703500,-1682500
2012/09/20,0,7000,-1213000,-1206000
2012/09/21,0,169000,-1506000,-1337000
2012/09/24,0,34000,-656000,-622000
2012/09/25,0,47000,-133000,-86000
2012/09/26,0,69000,-193600,-124600
2012/09/27,0,64160,-277310,-213150
2012/09/28,0,3000,-4000,-1000
2012/10/01,0,11000,-18000,-7000
2012/10/02,0,11000,-5600,5400
2012/10/03,0,2000,-14000,-12000
2012/10/04,0,89000,0,89000
2012/10/05,0,50000,0,50000
2012/10/08,0,62000,-161000,-99000
2012/10/09,0,97000,-13000,84000
2012/10/10,0,0,0,0
2012/10/11,0,172000,-81700,90300
2012/10/12,0,74000,-50000,24000
2012/10/15,0,191000,-36071,154929
2012/10/16,0,104000,-36290,67710
2012/10/17,0,121000,-52000,69000
2012/10/18,0,151000,0,151000
2012/10/19,0,273000,-85000,188000
2012/10/22,0,2000,-94000,-92000
2012/10/23,0,0,-123000,-123000
2012/10/24,0,542000,-44000,498000
2012/10/25,0,292000,-36000,256000
2012/10/26,0,356000,-71000,285000
2012/10/29,0,421000,-19000,402000
2012/10/30,0,157000,-37000,120000
2012/10/31,0,334000,-4000,330000
2012/11/01,0,386000,-17000,369000
2012/11/02,0,152000,-8000,144000
2012/11/05,0,433000,-18000,415000
2012/11/06,0,93000,-35000,58000
2012/11/07,0,31000,-35000,-4000
2012/11/08,0,35000,-64000,-29000
2012/11/09,0,294000,-23000,271000
2012/11/12,0,95000,-21000,74000
2012/11/13,0,70000,-22000,48000
2012/11/14,0,26000,-94079,-68079
2012/11/15,0,123000,-39000,84000
2012/11/16,0,73000,-70000,3000
2012/11/19,0,15000,-16000,-1000
2012/11/20,0,19000,-3000,16000
2012/11/21,0,88000,-20000,68000
2012/11/22,0,94000,-7000,87000
2012/11/23,0,61000,-2000,59000
2012/11/26,0,20000,-3000,17000
2012/11/27,0,0,-15000,-15000
2012/11/28,0,21000,-9000,12000
2012/11/29,0,123000,-22000,101000
2012/11/30,0,102000,-144000,-42000
2012/12/03,0,61000,-14140,46860
2012/12/04,0,196000,-17000,179000
2012/12/05,0,441000,-51000,390000
2012/12/06,0,1171000,-94000,1077000
2012/12/07,0,1749000,-38000,1711000
2012/12/10,0,508000,-214000,294000
2012/12/11,0,199000,-491000,-292000
2012/12/12,0,132000,-36000,96000
2012/12/13,0,205000,-26000,179000
2012/12/14,0,171000,-16000,155000
2012/12/17,0,0,-209000,-209000
2012/12/18,0,3000,-426000,-423000
2012/12/19,0,0,-268000,-268000
2012/12/20,0,14000,-163000,-149000
2012/12/21,0,139000,-88000,51000
2012/12/24,0,4000,-10000,-6000
2012/12/25,0,98000,0,98000
2012/12/26,0,0,-150000,-150000
2012/12/27,0,5002,-212000,-206998
2012/12/28,0,300000,-63000,237000
2012/12/31,0,0,0,0
2013/01/01,0,0,0,0
2013/01/02,0,26000,-142000,-116000
2013/01/03,0,15000,-96000,-81000
2013/01/04,0,0,-100161,-100161
2013/01/07,0,30000,-45000,-15000
2013/01/08,0,17000,-63000,-46000
2013/01/09,0,0,-16000,-16000
2013/01/10,0,84000,-8000,76000
2013/01/11,0,70000,-12000,58000
2013/01/14,0,10000,-113000,-103000
2013/01/15,0,9000,-60000,-51000
2013/01/16,0,21000,-289000,-268000
2013/01/17,0,10000,-12000,-2000
2013/01/18,0,36000,-25000,11000
2013/01/21,0,185000,-40000,145000
2013/01/22,0,94000,-68000,26000
2013/01/23,0,60000,-82000,-22000
2013/01/24,0,31000,-100000,-69000
2013/01/25,0,24000,-45000,-21000
2013/01/28,0,60000,-50000,10000
2013/01/29,0,369000,-70000,299000
2013/01/30,0,4000,-154000,-150000
2013/01/31,0,0,-64000,-64000
2013/02/01,0,101000,-60000,41000
2013/02/04,0,318000,-76000,242000
2013/02/05,0,155000,-72000,83000
2013/02/06,0,64000,-231000,-167000
2013/02/07,0,0,0,0
2013/02/08,0,0,0,0
2013/02/11,0,0,0,0
2013/02/12,0,0,0,0
2013/02/13,0,0,0,0
2013/02/14,0,0,0,0
2013/02/15,0,0,0,0
2013/02/18,0,21000,-807000,-786000
2013/02/19,0,14000,-217402,-203402
2013/02/20,0,0,-210000,-210000
2013/02/21,0,1000,-130000,-129000
2013/02/22,0,3000,-57000,-54000
2013/02/25,0,167000,-98000,69000
2013/02/26,0,97000,-359000,-262000
2013/02/27,0,108000,-464000,-356000
2013/02/28,0,0,0,0
2013/03/01,0,13000,-139000,-126000
2013/03/04,0,117000,-29000,88000
2013/03/05,0,132000,-186000,-54000
2013/03/06,0,0,-91000,-91000
2013/03/07,0,16000,-29000,-13000
2013/03/08,0,0,-42000,-42000
2013/03/11,0,150000,-166000,-16000
2013/03/12,0,0,-26000,-26000
2013/03/13,0,17000,-160001,-143001
2013/03/14,0,216000,-176000,40000
2013/03/15,0,24000,-136000,-112000
2013/03/18,0,111000,-110000,1000
2013/03/19,0,32000,-43000,-11000
2013/03/20,0,33000,-109814,-76814
2013/03/21,0,0,-10000,-10000
2013/03/22,0,0,-178000,-178000
2013/03/25,0,30000,-17000,13000
2013/03/26,0,4000,-97000,-93000
2013/03/27,0,1000,-72000,-71000
2013/03/28,0,0,-12000,-12000
2013/03/29,0,0,-55000,-55000
2013/04/01,0,131000,-27000,104000
2013/04/02,0,27000,0,27000
2013/04/03,0,0,-10750,-10750
2013/04/04,0,0,0,0
2013/04/05,0,0,0,0
2013/04/08,0,92000,-9000,83000
2013/04/09,0,297000,-1000,296000
2013/04/10,0,1000,-21000,-20000
2013/04/11,0,306000,-53000,253000
2013/04/12,0,0,-27000,-27000
2013/04/15,0,55000,-1000,54000
2013/04/16,0,110000,-12000,98000
2013/04/17,0,236000,-43000,193000
2013/04/18,0,10000,-10000,0
2013/04/19,0,142000,-11000,131000
2013/04/22,0,677000,-74000,603000
2013/04/23,0,5000,-239000,-234000
2013/04/24,0,6000,-63000,-57000
2013/04/25,0,51000,-31000,20000
2013/04/26,0,50000,-26000,24000
2013/04/29,0,1000,-9000,-8000
2013/04/30,0,12000,-20000,-8000
2013/05/01,0,0,0,0
2013/05/02,0,16000,-74000,-58000
2013/05/03,0,10000,-53000,-43000
2013/05/06,0,2000,-349000,-347000
2013/05/07,0,514000,-12000,502000
2013/05/08,0,420000,-14000,406000
2013/05/09,0,441000,-118000,323000
2013/05/10,0,303000,-432000,-129000
2013/05/13,0,0,-11000,-11000
2013/05/14,0,84000,-3000,81000
2013/05/15,0,17000,-31000,-14000
2013/05/16,0,171000,-20000,151000
2013/05/17,0,29000,0,29000
2013/05/20,0,1000,-37000,-36000
2013/05/21,0,66000,-75000,-9000
2013/05/22,0,0,-36000,-36000
2013/05/23,0,25000,-271000,-246000
2013/05/24,0,0,-49000,-49000
2013/05/27,0,9000,-10000,-1000
2013/05/28,0,2000,-317000,-315000
2013/05/29,0,30000,-223000,-193000
2013/05/30,0,9000,-116245,-107245
2013/05/31,0,21000,-56000,-35000
2013/06/03,0,0,-28000,-28000
2013/06/04,0,19000,-31000,-12000
2013/06/05,0,0,-49000,-49000
2013/06/06,0,6000,-29000,-23000
2013/06/07,0,14000,-17000,-3000
2013/06/10,0,9000,-2000,7000
2013/06/11,0,209000,-4000,205000
2013/06/12,0,0,0,0
2013/06/13,0,59000,-9000,50000
2013/06/14,0,43000,0,43000
2013/06/17,0,20000,-3000,17000
2013/06/18,0,9000,0,9000
2013/06/19,0,29000,-1000,28000
2013/06/20,0,29000,-3000,26000
2013/06/21,0,75000,-4000,71000
2013/06/24,0,41000,0,41000
2013/06/25,0,233000,-37000,196000
2013/06/26,0,19000,-28000,-9000
2013/06/27,0,31000,-27639,3361
2013/06/28,0,0,-64000,-64000
2013/07/01,0,5000,-230000,-225000
2013/07/02,0,1000,-37000,-36000
2013/07/03,0,22000,-3000,19000
2013/07/04,0,50000,-4000,46000
2013/07/05,0,130000,0,130000
2013/07/08,0,3000,-37000,-34000
2013/07/09,0,12000,0,12000
2013/07/10,0,32000,-25000,7000
2013/07/11,0,77000,-20000,57000
2013/07/12,0,45000,-10000,35000
2013/07/15,0,6000,-39000,-33000
2013/07/16,0,43000,-32000,11000
2013/07/17,0,76000,-15000,61000
2013/07/18,0,22000,-8000,14000
2013/07/19,0,182000,-7000,175000
2013/07/22,0,43000,-11000,32000
2013/07/23,0,31000,-5000,26000
2013/07/24,0,2000,-28000,-26000
2013/07/25,0,1000,0,1000
2013/07/26,0,9000,-1000,8000
2013/07/29,0,36000,-31000,5000
2013/07/30,0,116000,0,116000
2013/07/31,0,22000,-55000,-33000
2013/08/01,0,182000,0,182000
2013/08/02,0,239000,-55000,184000
2013/08/05,0,12000,-19000,-7000
2013/08/06,0,50000,-290000,-240000
2013/08/07,0,60000,-100000,-40000
2013/08/08,0,19000,-70000,-51000
2013/08/09,0,71000,-139000,-68000
2013/08/12,0,110000,-658000,-548000
2013/08/13,0,210000,-111000,99000
2013/08/14,0,1000,-79000,-78000
2013/08/15,0,30000,-60000,-30000
2013/08/16,0,137000,-50000,87000
2013/08/19,0,23000,-15000,8000
2013/08/20,0,143000,-26000,117000
2013/08/21,0,0,0,0
2013/08/22,0,276000,-153000,123000
2013/08/23,0,944000,-18143,925857
2013/08/26,0,59000,-20000,39000
2013/08/27,0,1771000,-34000,1737000
2013/08/28,0,485000,-23771,461229
2013/08/29,0,144000,-2486000,-2342000
2013/08/30,0,49000,-388000,-339000
2013/09/02,0,0,0,0
2013/09/03,0,14000,-984000,-970000
2013/09/04,0,0,-42000,-42000
2013/09/05,0,26000,-35000,-9000
2013/09/06,0,19000,-6000,13000
2013/09/09,0,7000,-13000,-6000
2013/09/10,0,6000,-14000,-8000
2013/09/11,0,25000,-47000,-22000
2013/09/12,0,522000,-30000,492000
2013/09/13,0,222000,-20000,202000
2013/09/16,0,44000,-3000,41000
2013/09/17,0,3000,-15000,-12000
2013/09/18,0,128000,-13000,115000
2013/09/19,0,0,0,0
2013/09/20,0,0,0,0
2013/09/23,0,590000,-9000,581000
2013/09/24,0,282000,-90000,192000
2013/09/25,0,33000,-19000,14000
2013/09/26,0,39000,-103000,-64000
2013/09/27,0,35000,-52561,-17561
2013/09/30,0,255000,-8000,247000
2013/10/01,0,80000,-6000,74000
2013/10/02,0,134000,-45000,89000
2013/10/03,0,227000,-20,226980
2013/10/04,0,310000,-53000,257000
2013/10/07,0,329000,-62000,267000
2013/10/08,0,4000,-184000,-180000
2013/10/09,0,156000,-40000,116000
2013/10/10,0,0,0,0
2013/10/11,0,53000,-161000,-108000
2013/10/14,0,142000,0,142000
2013/10/15,0,17000,-78000,-61000
2013/10/16,0,209001,-106000,103001
2013/10/17,0,191000,-75000,116000
2013/10/18,0,200000,-72000,128000
2013/10/21,0,28000,-17000,11000
2013/10/22,0,106000,-34000,72000
2013/10/23,0,0,-86000,-86000
2013/10/24,0,179000,-31354,147646
2013/10/25,0,62000,-118000,-56000
2013/10/28,0,26000,-16000,10000
2013/10/29,0,17000,0,17000
2013/10/30,0,14000,-4000,10000
2013/10/31,0,30000,-22000,8000
2013/11/01,0,103000,0,103000
2013/11/04,0,45000,-64804,-19804
2013/11/05,0,48000,-11000,37000
2013/11/06,0,87000,-2000,85000
2013/11/07,0,22000,-139000,-117000
2013/11/08,0,53000,-4000,49000
2013/11/11,0,93000,-165000,-72000
2013/11/12,0,137000,-549000,-412000
2013/11/13,0,110000,-138000,-28000
2013/11/14,0,48000,-33101,14899
2013/11/15,0,70000,-558300,-488300
2013/11/18,0,259000,-24000,235000
2013/11/19,0,171000,-17000,154000
2013/11/20,0,59000,-88000,-29000
2013/11/21,0,203000,-66000,137000
2013/11/22,0,45000,-12000,33000
2013/11/25,0,164000,0,164000
2013/11/26,0,389000,-202000,187000
2013/11/27,0,126000,0,126000
2013/11/28,0,90000,-310000,-220000
2013/11/29,0,9000,-37000,-28000
2013/12/02,0,110000,-11000,99000
2013/12/03,0,84000,-55000,29000
2013/12/04,0,29000,-33000,-4000
2013/12/05,0,56000,-43000,13000
2013/12/06,0,10000,-43000,-33000
2013/12/09,0,8000,-3000,5000
2013/12/10,0,0,-70000,-70000
2013/12/11,0,0,-52000,-52000
2013/12/12,0,52000,0,52000
2013/12/13,0,1000,-52000,-51000
2013/12/16,0,0,-10000,-10000
2013/12/17,0,0,-5000,-5000
2013/12/18,0,36240,-258000,-221760
2013/12/19,0,104000,-6000,98000
2013/12/20,0,51000,0,51000
2013/12/23,0,140000,0,140000
2013/12/24,0,7000,-50109,-43109
2013/12/25,0,11000,-5000,6000
2013/12/26,0,2000,0,2000
2013/12/27,0,84000,0,84000
2013/12/30,0,245000,-65000,180000
2013/12/31,0,452000,-247000,205000
2014/01/02,0,0,-123760,-123760
2014/01/03,0,0,-34000,-34000
2014/01/06,0,71000,-10000,61000
2014/01/07,0,7000,0,7000
2014/01/08,0,151000,0,151000
2014/01/09,0,0,-86000,-86000
2014/01/10,0,0,-21000,-21000
2014/01/13,0,5000,-36000,-31000
2014/01/14,0,0,-12000,-12000
2014/01/15,0,0,-103000,-103000
2014/01/16,0,1000,-53000,-52000
2014/01/17,0,0,-47000,-47000
2014/01/20,0,2000,-28000,-26000
2014/01/21,0,0,-11000,-11000
2014/01/22,0,2000,0,2000
2014/01/23,0,0,-52000,-52000
2014/01/24,0,0,0,0
2014/01/27,0,10000,-34000,-24000
2014/02/05,0,121000,-41000,80000
2014/02/06,0,54000,-38295,15705
2014/02/07,0,10000,-96000,-86000
2014/02/10,0,0,0,0
2014/02/11,0,0,0,0
2014/02/12,0,0,-25000,-25000
2014/02/13,0,50000,-18000,32000
2014/02/14,0,22000,-9000,13000
2014/02/17,0,60000,0,60000
2014/02/18,0,29000,0,29000
2014/02/19,0,24000,-80000,-56000
2014/02/20,0,0,-21000,-21000
2014/02/21,0,171000,-10000,161000
2014/02/24,0,66000,-4000,62000
2014/02/25,0,76000,-12000,64000
2014/02/26,0,0,0,0
2014/02/27,0,0,-8000,-8000
2014/03/03,0,4000,-149000,-145000
2014/03/04,0,105000,-85000,20000
2014/03/05,0,39000,0,39000
2014/03/06,0,0,-27000,-27000
2014/03/07,0,10000,-21000,-11000
2014/03/10,0,0,0,0
2014/03/11,0,6000,-39000,-33000
2014/03/12,0,0,0,0
2014/03/13,0,30000,-93000,-63000
2014/03/14,0,40000,-48000,-8000
2014/03/17,0,84000,-51000,33000
2014/03/18,0,14000,-21000,-7000
2014/03/19,0,0,-155466,-155466
2014/03/20,0,0,-50000,-50000
2014/03/21,0,0,-112000,-112000
2014/03/24,0,35000,0,35000
2014/03/25,0,0,-14619,-14619
2014/03/26,0,15000,-46000,-31000
2014/03/27,0,0,-9000,-9000
2014/03/28,0,106000,-50000,56000
2014/03/31,0,0,-40000,-40000
2014/04/01,0,0,-96000,-96000
2014/04/02,0,150000,-17000,133000
2014/04/03,0,50000,-17000,33000
2014/04/07,0,220000,0,220000
2014/04/08,0,100000,-27000,73000
2014/04/09,0,100000,-28000,72000
2014/04/10,0,526000,-39000,487000
2014/04/11,0,36000,-42000,-6000
2014/04/14,0,0,-229000,-229000
2014/04/15,0,0,-58000,-58000
2014/04/16,0,135000,-544000,-409000
2014/04/17,0,123000,-90000,33000
2014/04/18,0,14000,-11000,3000
2014/04/21,0,41000,-104000,-63000
2014/04/22,0,0,-14000,-14000
2014/04/23,0,700000,-236000,464000
2014/04/24,0,24000,-10000,14000
2014/04/25,0,598000,-79000,519000
2014/04/28,0,64000,-10000,54000
2014/04/29,0,16000,-259000,-243000
2014/04/30,0,92000,-390000,-298000
2014/05/02,0,10000,-166000,-156000
2014/05/05,0,137000,-46000,91000
2014/05/06,0,452000,-121536,330464
2014/05/07,0,200000,-138000,62000
2014/05/08,0,10000,-165000,-155000
2014/05/09,0,100000,-168000,-68000
2014/05/12,0,0,-2000,-2000
2014/05/13,0,0,-405000,-405000
2014/05/14,0,111000,-300000,-189000
2014/05/15,0,15000,-57000,-42000
2014/05/16,0,0,-605000,-605000
2014/05/19,0,100576,-3000,97576
2014/05/20,0,67000,-17000,50000
2014/05/21,0,402000,-62000,340000
2014/05/22,0,500000,-81000,419000
2014/05/23,0,7000,-28000,-21000
2014/05/26,0,140000,-135000,5000
2014/05/27,0,0,-210000,-210000
2014/05/28,0,20000,-46000,-26000
2014/05/29,0,0,-16000,-16000
2014/05/30,0,52000,-53000,-1000
2014/06/03,0,10000,-132000,-122000
2014/06/04,0,0,-15000,-15000
2014/06/05,0,0,-62000,-62000
2014/06/06,0,50000,-37000,13000
2014/06/09,0,0,0,0
2014/06/10,0,0,-14000,-14000
2014/06/11,0,0,-15000,-15000
2014/06/12,0,0,-87000,-87000
2014/06/13,0,193,0,193
2014/06/16,0,0,-51000,-51000
2014/06/17,0,56000,0,56000
2014/06/18,0,31000,-525000,-494000
2014/06/19,0,0,-454000,-454000
2014/06/20,0,0,-290000,-290000
2014/06/23,0,16000,-200000,-184000
2014/06/24,0,33000,-351000,-318000
2014/06/25,0,14000,-80000,-66000
2014/06/26,0,17000,-100000,-83000
2014/06/27,0,0,-310000,-310000
2014/06/30,0,6000,-86000,-80000
2014/07/01,0,36000,-110000,-74000
2014/07/02,0,6000,-210000,-204000
2014/07/03,0,0,-370000,-370000
2014/07/04,0,12000,-18000,-6000
2014/07/07,0,0,-57000,-57000
2014/07/08,0,5000,-123000,-118000
2014/07/09,0,0,-14000,-14000
2014/07/10,0,32000,-238000,-206000
2014/07/11,0,25000,-1000,24000
2014/07/14,0,0,0,0
2014/07/15,0,35000,-1000,34000
2014/07/16,0,9000,-27163,-18163
2014/07/17,0,0,-523000,-523000
2014/07/18,0,54000,-9000,45000
2014/07/21,0,1000,-150000,-149000
2014/07/22,0,25000,-9000,16000
2014/07/23,0,0,0,0
2014/07/24,0,3000,0,3000
2014/07/25,0,7000,-8000,-1000
2014/07/28,0,57000,-31000,26000
2014/07/29,0,344000,-364000,-20000
2014/07/30,0,186000,-161000,25000
2014/07/31,0,318000,-71000,247000
2014/08/01,0,51000,-95000,-44000
2014/08/04,0,210000,-192000,18000
2014/08/05,0,32000,-124000,-92000
2014/08/06,0,24000,-51000,-27000
2014/08/07,0,17000,-329000,-312000
2014/08/08,0,2000,-45000,-43000
2014/08/11,0,7000,-148000,-141000
2014/08/12,0,32000,-229000,-197000
2014/08/13,0,99000,-220000,-121000
2014/08/14,0,30000,-211000,-181000
2014/08/15,0,25000,-84000,-59000
2014/08/18,0,14000,-220000,-206000
2014/08/19,0,1058000,-370000,688000
2014/08/20,0,541000,-152000,389000
2014/08/21,0,305000,-80000,225000
2014/08/22,0,167000,-228000,-61000
2014/08/25,0,598000,-237000,361000
2014/08/26,0,3353000,-155000,3198000
2014/08/27,0,1351000,-46019,1304981
2014/08/28,0,438000,-4868000,-4430000
2014/08/29,0,291000,-184000,107000
2014/09/01,0,15000,-94000,-79000
2014/09/02,0,41000,-62000,-21000
2014/09/03,0,60000,-35000,25000
2014/09/04,0,38000,-86000,-48000
2014/09/05,0,61000,-43000,18000
2014/09/09,0,252000,-58000,194000
2014/09/10,0,149000,-373000,-224000
2014/09/11,0,36000,-22000,14000
2014/09/12,0,215000,-111000,104000
2014/09/15,0,35000,-57000,-22000
2014/09/16,0,61000,-23000,38000
2014/09/17,0,614000,-41000,573000
2014/09/18,0,118000,-79000,39000
2014/09/19,0,288000,-221000,67000
2014/09/22,0,169000,-111000,58000
2014/09/23,0,204000,-77000,127000
2014/09/24,0,76000,-180000,-104000
2014/09/25,0,136000,-97040,38960
2014/09/26,0,18000,-54400,-36400
2014/09/29,0,149000,-118960,30040
2014/09/30,0,160000,-211080,-51080
2014/10/01,0,42000,-143000,-101000
2014/10/02,0,119000,-81480,37520
2014/10/03,0,96000,-181000,-85000
2014/10/06,0,101000,-37821,63179
2014/10/07,0,127000,-102000,25000
2014/10/08,0,90218,-250000,-159782
2014/10/09,0,41224,-85000,-43776
2014/10/13,0,599000,-78000,521000
2014/10/14,0,348000,-395000,-47000
2014/10/15,0,155030,-816000,-660970
2014/10/16,0,480000,-61000,419000
2014/10/17,0,311000,-234000,77000
2014/10/20,0,201000,-21000,180000
2014/10/21,0,215000,-75000,140000
2014/10/22,0,165000,-108490,56510
2014/10/23,0,86000,-39810,46190
2014/10/24,0,249000,-87520,161480
2014/10/27,0,51000,-43000,8000
2014/10/28,0,651000,-15000,636000
2014/10/29,0,195000,-165000,30000
2014/10/30,0,16000,-15000,1000
2014/10/31,0,49000,-14000,35000
2014/11/03,0,318000,-13800,304200
2014/11/04,0,33000,-2000,31000
2014/11/05,0,78000,-32000,46000
2014/11/06,0,133000,-26236,106764
2014/11/07,0,92000,-13000,79000
2014/11/10,0,57000,-9000,48000
2014/11/11,0,73000,0,73000
2014/11/12,0,22000,-69000,-47000
2014/11/13,0,19000,-412000,-393000
2014/11/14,0,68000,-41000,27000
2014/11/17,0,78000,-21000,57000
2014/11/18,0,116000,-458000,-342000
2014/11/19,0,213000,-566000,-353000
2014/11/20,0,71000,-232000,-161000
2014/11/21,0,39000,-13000,26000
2014/11/24,0,750000,-128000,622000
2014/11/25,0,67000,-91000,-24000
2014/11/26,0,325000,-171000,154000
2014/11/27,0,18000,-60000,-42000
2014/11/28,0,14000,-31000,-17000
2014/12/01,0,276000,-270000,6000
2014/12/02,0,7000,-45000,-38000
2014/12/03,0,30000,-445116,-415116
2014/12/04,0,46000,-681000,-635000
2014/12/05,0,0,-148000,-148000
2014/12/08,0,23000,-5000,18000
2014/12/09,0,65000,-404000,-339000
2014/12/10,0,35000,-540000,-505000
2014/12/11,0,36000,-27000,9000
2014/12/12,0,9000,-892000,-883000
2014/12/15,0,83000,-17000,66000
2014/12/16,0,31000,-4000,27000
2014/12/17,0,48000,-689000,-641000
2014/12/18,0,10000,-134000,-124000
2014/12/19,0,53000,-91000,-38000
2014/12/22,0,0,-28000,-28000
2014/12/23,0,1000,-1000,0
2014/12/24,0,343000,-6000,337000
2014/12/25,0,208000,-41140,166860
2014/12/26,0,20000,0,20000
2014/12/29,0,403000,-32000,371000
2014/12/30,0,522000,-47000,475000
2014/12/31,0,1497000,-14000,1483000
2015/01/01,0,0,0,0
2015/01/02,0,0,0,0
2015/01/05,0,70000,-21000,49000
2015/01/06,0,2000,-88000,-86000
2015/01/07,0,0,-76000,-76000
2015/01/08,0,0,-4000,-4000
2015/01/09,0,6000,-5000,1000
2015/01/12,0,5000,-10000,-5000
2015/01/13,0,25000,-9000,16000
2015/01/14,0,2000,-73000,-71000
2015/01/15,0,0,-22000,-22000
2015/01/16,0,6000,-44000,-38000
2015/01/19,0,1000,-48000,-47000
2015/01/20,0,5000,-75000,-70000
2015/01/21,0,0,-662000,-662000
2015/01/22,0,0,-134000,-134000
2015/01/23,0,250000,-52000,198000
2015/01/26,0,20000,-8000,12000
2015/01/27,0,0,-208000,-208000
2015/01/28,0,0,-32000,-32000
2015/01/29,0,37000,-20000,17000
2015/01/30,0,13000,0,13000
2015/02/02,0,4000,-45000,-41000
2015/02/03,0,7000,-100000,-93000
2015/02/04,0,5000,-58080,-53080
2015/02/05,0,0,-88000,-88000
2015/02/06,0,0,-99000,-99000
2015/02/09,0,0,-5000,-5000
2015/02/10,0,35000,0,35000
2015/02/11,0,1000,-262,738
2015/02/12,0,0,-2000,-2000
2015/02/13,0,9000,-286000,-277000
2015/02/16,0,0,0,0
2015/02/17,0,0,0,0
2015/02/18,0,0,0,0
2015/02/19,0,0,0,0
2015/02/20,0,0,0,0
2015/02/23,0,0,0,0
2015/02/24,0,44000,-623000,-579000
2015/02/25,0,14000,-130000,-116000
2015/02/26,0,43000,-11000,32000
2015/02/27,0,0,0,0
2015/03/02,0,2000,-52000,-50000
2015/03/03,0,0,-3000,-3000
2015/03/04,0,0,-118000,-118000
2015/03/05,0,0,-93775,-93775
2015/03/06,0,0,-67000,-67000
2015/03/09,0,0,-14406,-14406
2015/03/10,0,0,-285000,-285000
2015/03/11,0,0,-118000,-118000
2015/03/12,0,0,-222000,-222000
2015/03/13,0,0,-100000,-100000
2015/03/16,0,33000,-9000,24000
2015/03/17,0,3000,-48953,-45953
2015/03/18,0,0,-202000,-202000
2015/03/19,0,15000,-38000,-23000
2015/03/20,0,2000,-4000,-2000
2015/03/23,0,0,-121000,-121000
2015/03/24,0,0,-28000,-28000
2015/03/25,0,11000,-107000,-96000
2015/03/26,0,6000,-304000,-298000
2015/03/27,0,13000,-1000,12000
2015/03/30,0,2000,0,2000
2015/03/31,0,36000,-455000,-419000
2015/04/01,0,10000,-29620,-19620
2015/04/02,0,59000,-102000,-43000
2015/04/03,0,0,0,0
2015/04/06,0,0,0,0
2015/04/07,0,0,-80000,-80000
2015/04/08,0,0,-58000,-58000
2015/04/09,0,0,-315000,-315000
2015/04/10,0,0,-10000,-10000
2015/04/13,0,0,0,0
2015/04/14,0,0,0,0
2015/04/15,0,13000,-6000,7000
2015/04/16,0,0,-198000,-198000
2015/04/17,0,13000,0,13000
2015/04/20,0,37000,-30000,7000
2015/04/21,0,10000,-20000,-10000
2015/04/22,0,11000,0,11000
2015/04/23,0,14000,-322000,-308000
2015/04/24,0,61000,-309000,-248000
2015/04/27,0,32000,-40000,-8000
2015/04/28,0,24000,0,24000
2015/04/29,0,179000,-100000,79000
2015/04/30,0,128000,-48000,80000
2015/05/01,0,0,0,0
2015/05/04,0,0,-60000,-60000
2015/05/05,0,4000,-10000,-6000
2015/05/06,0,1000,0,1000
2015/05/07,0,3000,-15000,-12000
2015/05/08,0,2000,-35000,-33000
2015/05/11,0,54000,-11000,43000
2015/05/12,0,77000,-30000,47000
2015/05/13,0,0,-400000,-400000
2015/05/14,0,213000,-99000,114000
2015/05/15,0,70000,-171000,-101000
2015/05/18,0,18000,-14000,4000
2015/05/19,0,0,-53000,-53000
2015/05/20,0,0,-118000,-118000
2015/05/21,0,29000,-178000,-149000
2015/05/22,0,2000,-54000,-52000
2015/05/25,0,19000,-17000,2000
2015/05/26,0,3000,-58000,-55000
2015/05/27,0,0,-13000,-13000
2015/05/28,0,2000,-8000,-6000
2015/05/29,0,0,-160000,-160000
2015/06/01,0,4000,0,4000
2015/06/02,0,5000,-204000,-199000
2015/06/03,0,4000,-38000,-34000
2015/06/04,0,57000,-13000,44000
2015/06/05,0,136000,0,136000
2015/06/08,0,20000,-261000,-241000
2015/06/09,0,95000,-6000,89000
2015/06/10,0,29000,-60000,-31000
2015/06/11,0,40000,-2000,38000
2015/06/12,0,44000,-1000,43000
2015/06/15,0,10000,-100000,-90000
2015/06/16,0,30000,-30000,0
2015/06/17,0,53000,-20000,33000
2015/06/18,0,10000,-108000,-98000
2015/06/19,0,0,0,0
2015/06/22,0,91000,-343000,-252000
2015/06/23,0,16000,-31000,-15000
2015/06/24,0,0,-100000,-100000
2015/06/25,0,89000,-200000,-111000
2015/06/26,0,170000,-10000,160000
2015/06/29,0,12000,0,12000
2015/06/30,0,11000,0,11000
2015/07/01,0,0,-7000,-7000
2015/07/02,0,0,-100000,-100000
2015/07/03,0,10000,-57000,-47000
2015/07/06,0,0,-27000,-27000
2015/07/07,0,0,0,0
2015/07/08,0,188000,0,188000
2015/07/09,0,274000,0,274000
2015/07/10,0,0,0,0
2015/07/13,0,44000,-207000,-163000
2015/07/14,0,10000,-31000,-21000
2015/07/15,0,37000,0,37000
2015/07/16,0,10000,-575,9425
2015/07/17,0,21000,0,21000
2015/07/20,0,69000,0,69000
2015/07/21,0,43000,0,43000
2015/07/22,0,173000,0,173000
2015/07/23,0,200000,0,200000
2015/07/24,0,157000,0,157000
2015/07/27,0,353000,0,353000
2015/07/28,0,302000,-1000,301000
2015/07/29,0,21000,-3000,18000
2015/07/30,0,73000,-44000,29000
2015/07/31,0,21000,-101000,-80000
2015/08/03,0,62000,-106000,-44000
2015/08/04,0,486000,0,486000
2015/08/05,0,162000,0,162000
2015/08/06,0,198000,-6000,192000
2015/08/07,0,52000,-31000,21000
2015/08/10,0,32000,-9000,23000
2015/08/11,0,68000,-141000,-73000
2015/08/12,0,176000,-2470,173530
2015/08/13,0,15000,0,15000
2015/08/14,0,55000,-19000,36000
2015/08/17,0,143000,-4000,139000
2015/08/18,0,106000,-112000,-6000
2015/08/19,0,253000,-44000,209000
2015/08/20,0,43000,-17000,26000
2015/08/21,0,162000,-19000,143000
2015/08/24,0,342000,-60000,282000
2015/08/25,0,236000,-27000,209000
2015/08/26,0,49000,-9000,40000
2015/08/27,0,72000,-100000,-28000
2015/08/28,0,87000,-103000,-16000
2015/08/31,0,152000,-200000,-48000
2015/09/01,0,11000,-289655,-278655
2015/09/02,0,30000,-23000,7000
2015/09/03,0,0,-23000,-23000
2015/09/04,0,0,-74000,-74000
2015/09/07,0,2000,0,2000
2015/09/08,0,19000,-17000,2000
2015/09/09,0,57000,-21000,36000
2015/09/10,0,172000,-35000,137000
2015/09/11,0,62000,-172000,-110000
2015/09/14,0,0,-45000,-45000
2015/09/15,0,0,0,0
2015/09/16,0,1000,-1000,0
2015/09/17,0,20000,-77000,-57000
2015/09/18,0,89000,0,89000
2015/09/21,0,0,-54000,-54000
2015/09/22,0,0,-30000,-30000
2015/09/23,0,19000,0,19000
2015/09/24,0,62000,0,62000
2015/09/25,0,60000,0,60000
2015/09/28,0,0,0,0
2015/09/29,0,0,0,0
2015/09/30,0,182000,0,182000
2015/10/01,0,84000,-52000,32000
2015/10/02,0,6000,-116000,-110000
2015/10/05,0,84000,-39000,45000
2015/10/06,0,0,0,0
2015/10/07,0,6000,-5000,1000
2015/10/08,0,7000,0,7000
2015/10/09,0,0,0,0
2015/10/12,0,0,0,0
2015/10/13,0,0,-47000,-47000
2015/10/14,0,0,-23000,-23000
2015/10/15,0,56000,-25000,31000
2015/10/16,0,0,-84000,-84000
2015/10/19,0,17000,-7000,10000
2015/10/20,0,0,-67000,-67000
2015/10/21,0,0,-23000,-23000
2015/10/22,0,0,-26000,-26000
2015/10/23,0,0,-12000,-12000
2015/10/26,0,0,0,0
2015/10/27,0,0,0,0
2015/10/28,0,6000,0,6000
2015/10/29,0,24000,0,24000
2015/10/30,0,129000,0,129000
2015/11/02,0,6000,-52000,-46000
2015/11/03,0,0,0,0
2015/11/04,0,4000,0,4000
2015/11/05,0,1000,-18000,-17000
2015/11/06,0,0,-137000,-137000
2015/11/09,0,6000,-210198,-204198
2015/11/10,0,18000,0,18000
2015/11/11,0,54000,-41000,13000
2015/11/12,0,84000,-5000,79000
2015/11/13,0,82000,-71000,11000
2015/11/16,0,39000,0,39000
2015/11/17,0,2000,-4000,-2000
2015/11/18,0,17000,-86000,-69000
2015/11/19,0,30000,-162000,-132000
2015/11/20,0,0,-20000,-20000
2015/11/23,0,0,-5000,-5000
2015/11/24,0,0,-5000,-5000
2015/11/25,0,0,-12000,-12000
2015/11/26,0,1000,0,1000
2015/11/27,0,0,0,0
2015/11/30,0,18000,-10000,8000
2015/12/01,0,10000,-21000,-11000
2015/12/02,0,10000,0,10000
2015/12/03,0,0,0,0
2015/12/04,0,0,-15000,-15000
2015/12/07,0,0,-12000,-12000
2015/12/08,0,0,0,0
2015/12/09,0,0,0,0
2015/12/10,0,94000,0,94000
2015/12/11,0,0,0,0
2015/12/14,0,24000,0,24000
2015/12/15,0,40000,0,40000
2015/12/16,0,80000,0,80000
2015/12/17,0,103000,-95000,8000
2015/12/18,0,0,-30000,-30000
2015/12/21,0,0,-53000,-53000
2015/12/22,0,0,-27000,-27000
2015/12/23,0,26000,-11000,15000
2015/12/24,0,4000,0,4000
2015/12/25,0,0,0,0
2015/12/28,0,0,0,0
2015/12/29,0,52000,-40000,12000
2015/12/30,0,0,-45000,-45000
2015/12/31,0,14000,0,14000
2016/01/01,0,0,0,0
2016/01/04,0,41000,-45000,-4000
2016/01/05,0,20000,0,20000
2016/01/06,0,86000,-6000,80000
2016/01/07,0,169000,0,169000
2016/01/08,0,63000,0,63000
2016/01/11,0,76000,-10000,66000
2016/01/12,0,12000,-257000,-245000
2016/01/13,0,31000,-39000,-8000
2016/01/14,0,91000,-38000,53000
2016/01/15,0,89000,-266000,-177000
2016/01/18,0,36000,-99000,-63000
2016/01/19,0,17000,0,17000
2016/01/20,0,20000,-35000,-15000
2016/01/21,0,38000,-27000,11000
2016/01/22,0,88000,-21000,67000
2016/01/25,0,530000,-6000,524000
2016/01/26,0,50000,0,50000
2016/01/27,0,36000,0,36000
2016/01/28,0,0,-26000,-26000
2016/01/29,0,0,0,0
2016/02/01,0,0,-23000,-23000
2016/02/02,0,0,-63000,-63000
2016/02/03,0,0,-26000,-26000
2016/02/04,0,0,0,0
2016/02/05,0,0,0,0
2016/02/08,0,0,0,0
2016/02/09,0,0,0,0
2016/02/10,0,0,0,0
2016/02/11,0,0,0,0
2016/02/12,0,0,0,0
2016/02/15,0,0,0,0
2016/02/16,0,17000,-12000,5000
2016/02/17,0,51000,-83000,-32000
2016/02/18,0,2000,-69000,-67000
2016/02/19,0,0,-583000,-583000
2016/02/22,0,15000,-36000,-21000
2016/02/23,0,0,-21000,-21000
2016/02/24,0,0,-6000,-6000
2016/02/25,0,0,-13000,-13000
2016/02/26,0,0,-54000,-54000
2016/02/29,0,0,0,0
2016/03/01,0,0,-23000,-23000
2016/03/02,0,17000,-26000,-9000
2016/03/03,0,0,-25000,-25000
2016/03/04,0,0,-31000,-31000
2016/03/07,0,20000,-98000,-78000
2016/03/08,0,22000,-147000,-125000
2016/03/09,0,0,-25000,-25000
2016/03/10,0,0,-9000,-9000
2016/03/11,0,0,-54000,-54000
2016/03/14,0,26000,0,26000
2016/03/15,0,0,-22000,-22000
2016/03/16,0,0,-33000,-33000
2016/03/17,0,0,-29000,-29000
2016/03/18,0,0,-7000,-7000
2016/03/21,0,0,-6000,-6000
2016/03/22,0,1000,-5000,-4000
2016/03/23,0,90000,-90000,0
2016/03/24,0,0,0,0
2016/03/25,0,0,0,0
2016/03/28,0,2000,-5000,-3000
2016/03/29,0,39000,0,39000
2016/03/30,0,0,-3000,-3000
2016/03/31,0,496000,-576,495424
2016/04/01,0,19000,-4000,15000
2016/04/04,0,0,0,0
2016/04/05,0,0,0,0
2016/04/06,0,105000,-10000,95000
2016/04/07,0,58000,-41000,17000
2016/04/08,0,9000,0,9000
2016/04/11,0,20000,-500000,-480000
2016/04/12,0,0,0,0
2016/04/13,0,0,0,0
2016/04/14,0,11000,-10000,1000
2016/04/15,0,106000,0,106000
2016/04/18,0,103000,0,103000
2016/04/19,0,0,-176000,-176000
2016/04/20,0,122000,-2000,120000
2016/04/21,0,548000,-4000,544000
2016/04/22,0,43000,0,43000
2016/04/25,0,1000,0,1000
2016/04/26,0,2000,0,2000
2016/04/27,0,10000,-1000,9000
2016/04/28,0,34000,-18000,16000
2016/04/29,0,98000,-10000,88000
2016/05/02,0,0,0,0
2016/05/03,0,99000,0,99000
2016/05/04,0,255000,0,255000
2016/05/05,0,263000,-2000,261000
2016/05/06,0,186000,-1000,185000
2016/05/09,0,76000,0,76000
2016/05/10,0,166000,0,166000
2016/05/11,0,206000,-12000,194000
2016/05/12,0,80000,0,80000
2016/05/13,0,305000,-84000,221000
2016/05/16,0,107000,0,107000
2016/05/17,0,77000,-7000,70000
2016/05/18,0,29000,-5000,24000
2016/05/19,0,32000,-3000,29000
2016/05/20,0,19000,0,19000
2016/05/23,0,14000,-9000,5000
2016/05/24,0,0,-10000,-10000
2016/05/25,0,0,-10000,-10000
2016/05/26,0,260000,-97000,163000
2016/05/27,0,0,-72000,-72000
2016/05/30,0,2000,-84000,-82000
2016/05/31,0,5000,-33000,-28000
2016/06/01,0,0,-236000,-236000
2016/06/02,0,0,-169000,-169000
2016/06/03,0,0,-57000,-57000
2016/06/06,0,0,-117000,-117000
2016/06/07,0,8000,-98000,-90000
2016/06/08,0,0,-32000,-32000
2016/06/09,0,0,0,0
2016/06/10,0,0,0,0
2016/06/13,0,1000,-78000,-77000
2016/06/14,0,0,-20000,-20000
2016/06/15,0,79000,-21000,58000
2016/06/16,0,0,-10000,-10000
2016/06/17,0,4000,-55000,-51000
2016/06/20,0,41000,-85000,-44000
2016/06/21,0,0,-63000,-63000
2016/06/22,0,10000,-36000,-26000
2016/06/23,0,50000,-40000,10000
2016/06/24,0,71000,-97000,-26000
2016/06/27,0,1000,-37000,-36000
2016/06/28,0,10000,-87000,-77000
2016/06/29,0,6000,-38000,-32000
2016/06/30,0,2000,-46000,-44000
2016/07/01,0,0,-82000,-82000
2016/07/04,0,5000,-130000,-125000
2016/07/05,0,0,-27000,-27000
2016/07/06,0,0,-34000,-34000
2016/07/07,0,4000,-20000,-16000
2016/07/08,0,0,0,0
2016/07/11,0,36000,-169000,-133000
2016/07/12,0,30000,-70000,-40000
2016/07/13,0,50000,-158000,-108000
2016/07/14,0,0,-57000,-57000
2016/07/15,0,0,-178000,-178000
2016/07/18,0,1000,-386000,-385000
2016/07/19,0,56000,-140000,-84000
2016/07/20,0,18000,-103000,-85000
2016/07/21,0,76000,-89000,-13000
2016/07/22,0,2000,-111000,-109000
2016/07/25,0,6000,-53000,-47000
2016/07/26,0,0,-82000,-82000
2016/07/27,0,1000,-88000,-87000
2016/07/28,0,10000,-43000,-33000
2016/07/29,0,0,-27000,-27000
2016/08/01,0,2000,-85000,-83000
2016/08/02,0,30000,-72000,-42000
2016/08/03,0,0,-69000,-69000
2016/08/04,0,0,-116000,-116000
2016/08/05,0,3000,-57000,-54000
2016/08/08,0,13000,-41000,-28000
2016/08/09,0,4000,-30000,-26000
2016/08/10,0,0,-42000,-42000
2016/08/11,0,80000,-98000,-18000
2016/08/12,0,0,-21000,-21000
2016/08/15,0,0,-52000,-52000
2016/08/16,0,0,-80000,-80000
2016/08/17,0,0,-59000,-59000
2016/08/18,0,0,-83000,-83000
2016/08/19,0,1000,-25000,-24000
2016/08/22,0,0,-3000,-3000
2016/08/23,0,4000,-17000,-13000
2016/08/24,0,0,-12000,-12000
2016/08/25,0,76000,-32000,44000
2016/08/26,0,282000,-14000,268000
2016/08/29,0,249000,-24000,225000
2016/08/30,0,706000,-44000,662000
2016/08/31,0,59000,-588000,-529000
2016/09/01,0,38000,-372000,-334000
2016/09/02,0,1000,-391000,-390000
2016/09/05,0,20000,-46000,-26000
2016/09/06,0,26000,-38000,-12000
2016/09/07,0,36000,-41000,-5000
2016/09/08,0,12000,-53000,-41000
2016/09/09,0,0,-102000,-102000
2016/09/12,0,53000,-10000,43000
2016/09/13,0,112000,-6000,106000
2016/09/14,0,27000,-50000,-23000
2016/09/15,0,0,0,0
2016/09/16,0,0,0,0
2016/09/19,0,68000,-7139,60861
2016/09/20,0,1000,-1000,0
2016/09/21,0,0,-67000,-67000
2016/09/22,0,144000,-7000,137000
2016/09/23,0,99000,-7000,92000
2016/09/26,0,0,0,0
2016/09/27,0,0,0,0
2016/09/28,0,0,0,0
2016/09/29,0,0,-3000,-3000
2016/09/30,0,0,-13000,-13000
2016/10/03,0,0,-18000,-18000
2016/10/04,0,1000,0,1000
2016/10/05,0,0,-9000,-9000
2016/10/06,0,25000,-13000,12000
2016/10/07,0,10000,-1000,9000
2016/10/10,0,0,0,0
2016/10/11,0,45000,-6000,39000
2016/10/12,0,99000,0,99000
2016/10/13,0,7000,-19000,-12000
2016/10/14,0,24000,-4000,20000
2016/10/17,0,1000,-7000,-6000
2016/10/18,0,0,-3000,-3000
2016/10/19,0,100000,-141000,-41000
2016/10/20,0,0,-15000,-15000
2016/10/21,0,0,-31000,-31000
2016/10/24,0,2000,0,2000
2016/10/25,0,307000,-5000,302000
2016/10/26,0,4000,-3000,1000
2016/10/27,0,0,-1000,-1000
2016/10/28,0,0,-5000,-5000
2016/10/31,0,59000,0,59000
2016/11/01,0,4000,0,4000
2016/11/02,0,39000,0,39000
2016/11/03,0,45000,-300000,-255000
2016/11/04,0,0,0,0
2016/11/07,0,60000,-6000,54000
2016/11/08,0,12000,0,12000
2016/11/09,0,35000,-83000,-48000
2016/11/10,0,133000,0,133000
2016/11/11,0,68000,-1000,67000
2016/11/14,0,29000,-29000,0
2016/11/15,0,6000,-4000,2000
2016/11/16,0,3000,-261000,-258000
2016/11/17,0,35000,-121000,-86000
2016/11/18,0,18000,-20000,-2000
2016/11/21,0,0,-160,-160
2016/11/22,0,17000,-1000,16000
2016/11/23,0,12000,0,12000
2016/11/24,0,0,0,0
2016/11/25,0,8000,-1000,7000
2016/11/28,0,36000,-12380,23620
2016/11/29,0,2000,-1000,1000
2016/11/30,0,0,-180000,-180000
2016/12/01,0,83000,-7000,76000
2016/12/02,0,110000,-11000,99000
2016/12/05,0,43000,-5000,38000
2016/12/06,0,24000,-215000,-191000
2016/12/07,0,0,-96000,-96000
2016/12/08,0,4000,-2000,2000
2016/12/09,0,1000,-1000,0
2016/12/12,0,24000,0,24000
2016/12/13,0,2000,0,2000
2016/12/14,0,40000,-6000,34000
2016/12/15,0,92000,0,92000
2016/12/16,0,25000,-1000,24000
2016/12/19,0,55000,0,55000
2016/12/20,0,17000,0,17000
2016/12/21,0,70000,-267000,-197000
2016/12/22,0,10000,-64000,-54000
2016/12/23,0,26000,0,26000
2016/12/26,0,0,-10000,-10000
2016/12/27,0,0,0,0
2016/12/28,0,0,0,0
2016/12/29,0,0,0,0
2016/12/30,0,10000,-1000,9000
2017/01/02,0,0,0,0
2017/01/03,0,0,0,0
2017/01/04,0,0,-6000,-6000
2017/01/05,0,0,-6000,-6000
2017/01/06,0,0,-6000,-6000
2017/01/09,0,0,-5000,-5000
2017/01/10,0,60000,0,60000
2017/01/11,0,0,0,0
2017/01/12,0,0,0,0
2017/01/13,0,0,0,0
2017/01/16,0,0,-6000,-6000
2017/01/17,0,7000,-2340,4660
2017/01/18,0,4000,-213000,-209000
2017/01/19,0,0,-11000,-11000
2017/01/20,0,37000,-2000,35000
2017/01/23,0,10000,0,10000
2017/01/24,0,55000,0,55000
2017/01/25,0,0,0,0
2017/01/26,0,0,0,0
2017/01/27,0,0,0,0
2017/01/30,0,0,0,0
2017/01/31,0,0,0,0
2017/02/01,0,0,0,0
2017/02/02,0,6000,-7000,-1000
2017/02/03,0,10000,-6000,4000
2017/02/06,0,0,-6000,-6000
2017/02/07,0,75000,-39000,36000
2017/02/08,0,0,-35000,-35000
2017/02/09,0,0,-29000,-29000
2017/02/10,0,421000,-108000,313000
2017/02/13,0,10000,-10000,0
2017/02/14,0,30000,-1000,29000
2017/02/15,0,110000,0,110000
2017/02/16,0,15000,-50000,-35000
2017/02/17,0,0,-45000,-45000
2017/02/20,0,0,-107000,-107000
2017/02/21,0,1000,-62000,-61000
2017/02/22,0,5000,-50000,-45000
2017/02/23,0,1000,-157000,-156000
2017/02/24,0,19000,-212000,-193000
2017/02/27,0,0,0,0
2017/02/28,0,0,0,0
2017/03/01,0,103000,-15000,88000
2017/03/02,0,0,-3000,-3000
2017/03/03,0,10000,-11000,-1000
2017/03/06,0,0,-4000,-4000
2017/03/07,0,0,-4000,-4000
2017/03/08,0,0,-2000,-2000
2017/03/09,0,1000,-118000,-117000
2017/03/10,0,11000,-49000,-38000
2017/03/13,0,0,-10000,-10000
2017/03/14,0,0,0,0
2017/03/15,0,21000,-1000,20000
2017/03/16,0,65000,0,65000
2017/03/17,0,14000,0,14000
2017/03/20,0,0,0,0
2017/03/21,0,16000,-2000,14000
2017/03/22,0,5000,-20000,-15000
2017/03/23,0,0,-35000,-35000
2017/03/24,0,0,0,0
2017/03/27,0,2000,0,2000
2017/03/28,0,42000,0,42000
2017/03/29,0,111000,0,111000
2017/03/30,0,0,0,0
2017/03/31,0,0,0,0
2017/04/03,0,0,0,0
2017/04/04,0,0,0,0
2017/04/05,0,26000,0,26000
2017/04/06,0,4000,0,4000
2017/04/07,0,8000,-12000,-4000
2017/04/10,0,0,0,0
2017/04/11,0,0,0,0
2017/04/12,0,0,0,0
2017/04/13,0,0,0,0
2017/04/14,0,0,0,0
2017/04/17,0,164000,-7000,157000
2017/04/18,0,0,-1000,-1000
2017/04/19,0,26000,-9000,17000
2017/04/20,0,0,-13000,-13000
2017/04/21,0,0,-52000,-52000
2017/04/24,0,0,0,0
2017/04/25,0,6000,-39000,-33000
2017/04/26,0,16000,-13000,3000
2017/04/27,0,0,-13000,-13000
2017/04/28,0,2000,-26000,-24000
2017/05/01,0,0,0,0
2017/05/02,0,0,-13000,-13000
2017/05/03,0,0,-13000,-13000
2017/05/04,0,0,0,0
2017/05/05,0,1000,-19000,-18000
2017/05/08,0,2000,0,2000
2017/05/09,0,0,-6364,-6364
2017/05/10,0,1000,-3000,-2000
2017/05/11,0,0,-1000,-1000
2017/05/12,0,0,0,0
2017/05/15,0,0,0,0
2017/05/16,0,14000,-1000,13000
2017/05/17,0,113000,-3000,110000
2017/05/18,0,244000,-3000,241000
2017/05/19,0,0,-14000,-14000
2017/05/22,0,212000,-13000,199000
2017/05/23,0,90000,-95000,-5000
2017/05/24,0,226000,-3000,223000
2017/05/25,0,18000,-50000,-32000
2017/05/26,0,87000,-3000,84000
2017/05/29,0,0,0,0
2017/05/30,0,0,0,0
2017/05/31,0,7000,-15000,-8000
2017/06/01,0,176000,-3000,173000
2017/06/02,0,1000,0,1000
2017/06/05,0,0,-10000,-10000
2017/06/06,0,202000,-533,201467
2017/06/07,0,75000,0,75000
2017/06/08,0,130000,-6000,124000
2017/06/09,0,206000,-3000,203000
2017/06/12,0,138000,-39000,99000
2017/06/13,0,163000,-48000,115000
2017/06/14,0,196000,-10000,186000
2017/06/15,0,143000,-3000,140000
2017/06/16,0,297000,0,297000
2017/06/19,0,104000,-4000,100000
2017/06/20,0,24000,-2000,22000
2017/06/21,0,114000,0,114000
2017/06/22,0,0,-34000,-34000
2017/06/23,0,0,-54000,-54000
2017/06/26,0,245000,0,245000
2017/06/27,0,75000,-7000,68000
2017/06/28,0,82000,-42000,40000
2017/06/29,0,0,0,0
2017/06/30,0,0,0,0
2017/07/03,0,58000,0,58000
2017/07/04,0,54000,0,54000
2017/07/05,0,251000,-7000,244000
2017/07/06,0,0,0,0
2017/07/07,0,0,-7000,-7000
2017/07/10,0,0,-14000,-14000
2017/07/11,0,86000,0,86000
2017/07/12,0,13000,-88000,-75000
2017/07/13,0,0,-43000,-43000
2017/07/14,0,12000,-4000,8000
2017/07/17,0,2000,-136000,-134000
2017/07/18,0,25000,-14000,11000
2017/07/19,0,0,0,0
2017/07/20,0,50000,0,50000
2017/07/21,0,0,0,0
2017/07/24,0,80000,0,80000
2017/07/25,0,0,0,0
2017/07/26,0,42000,-166000,-124000
2017/07/27,0,2000,0,2000
2017/07/28,0,5000,-58000,-53000
2017/07/31,0,5000,0,5000
2017/08/01,0,0,-2000,-2000
2017/08/02,0,14000,-9000,5000
2017/08/03,0,0,-14000,-14000
2017/08/04,0,0,-52000,-52000
2017/08/07,0,30000,0,30000
2017/08/08,0,41000,-12000,29000
2017/08/09,0,130000,-186000,-56000
2017/08/10,0,232000,-13000,219000
2017/08/11,0,0,-19000,-19000
2017/08/14,0,57000,-5000,52000
2017/08/15,0,40000,-78000,-38000
2017/08/16,0,92000,-133000,-41000
2017/08/17,0,21000,-22000,-1000
2017/08/18,0,69000,-1000,68000
