Date,Open,Buy,Sell,Total
2007/01/02,0,1300000,0,1300000
2007/01/03,0,510000,-28000,482000
2007/01/04,0,120000,0,120000
2007/01/05,0,50000,-207279,-157279
2007/01/08,0,800000,0,800000
2007/01/09,0,0,0,0
2007/01/10,0,0,0,0
2007/01/11,0,0,-93000,-93000
2007/01/12,0,390000,-115000,275000
2007/01/15,0,0,0,0
2007/01/16,0,281000,-87000,194000
2007/01/17,0,2127000,0,2127000
2007/01/18,0,606000,0,606000
2007/01/19,0,3700000,-17000,3683000
2007/01/22,0,1522000,-1000,1521000
2007/01/23,0,384000,-2276000,-1892000
2007/01/24,0,700000,-330000,370000
2007/01/25,0,89000,-876000,-787000
2007/01/26,0,7000,0,7000
2007/01/29,0,50000,-351000,-301000
2007/01/30,0,300000,0,300000
2007/01/31,0,0,0,0
2007/02/01,0,0,-100000,-100000
2007/02/02,0,0,0,0
2007/02/05,0,0,-260000,-260000
2007/02/06,0,350000,-547000,-197000
2007/02/07,0,0,-603000,-603000
2007/02/08,0,0,-300000,-300000
2007/02/09,0,650000,-54000,596000
2007/02/12,0,101000,0,101000
2007/02/13,0,0,0,0
2007/02/14,0,0,0,0
2007/02/15,0,0,0,0
2007/02/16,0,0,0,0
2007/02/19,0,0,0,0
2007/02/20,0,0,0,0
2007/02/21,0,0,0,0
2007/02/22,0,0,0,0
2007/02/23,0,0,0,0
2007/02/26,0,0,0,0
2007/02/27,0,200000,0,200000
2007/02/28,0,0,0,0
2007/03/01,0,0,-2419000,-2419000
2007/03/02,0,0,-1100000,-1100000
2007/03/05,0,0,0,0
2007/03/06,0,123000,-400000,-277000
2007/03/07,0,0,-50000,-50000
2007/03/08,0,609000,0,609000
2007/03/09,0,0,0,0
2007/03/12,0,0,0,0
2007/03/13,0,0,-1000000,-1000000
2007/03/14,0,0,0,0
2007/03/15,0,0,0,0
2007/03/16,0,0,0,0
2007/03/19,0,0,0,0
2007/03/20,0,150000,0,150000
2007/03/21,0,0,0,0
2007/03/22,0,0,0,0
2007/03/23,0,0,0,0
2007/03/26,0,0,-600000,-600000
2007/03/27,0,0,-1652000,-1652000
2007/03/28,0,0,0,0
2007/03/29,0,120000,0,120000
2007/03/30,0,0,0,0
2007/04/02,0,708000,-169000,539000
2007/04/03,0,1350000,-74000,1276000
2007/04/04,0,381000,0,381000
2007/04/05,0,0,0,0
2007/04/06,0,0,0,0
2007/04/09,0,0,0,0
2007/04/10,0,500000,-1000,499000
2007/04/11,0,0,0,0
2007/04/12,0,0,0,0
2007/04/13,0,0,0,0
2007/04/16,0,0,0,0
2007/04/17,0,2718000,0,2718000
2007/04/18,0,631000,0,631000
2007/04/19,0,281000,0,281000
2007/04/20,0,0,0,0
2007/04/23,0,0,0,0
2007/04/24,0,32000,0,32000
2007/04/25,0,0,-148000,-148000
2007/04/26,0,0,-100000,-100000
2007/04/27,0,0,-482000,-482000
2007/04/30,0,10000,0,10000
2007/05/01,0,0,0,0
2007/05/02,0,180000,-228000,-48000
2007/05/03,0,0,0,0
2007/05/04,0,200000,-35000,165000
2007/05/07,0,454000,-20000,434000
2007/05/08,0,201000,-220000,-19000
2007/05/09,0,0,-222000,-222000
2007/05/10,0,50000,-274000,-224000
2007/05/11,0,0,-150000,-150000
2007/05/14,0,90000,-200000,-110000
2007/05/15,0,330000,-10000,320000
2007/05/16,0,0,-58000,-58000
2007/05/17,0,50000,-345000,-295000
2007/05/18,0,0,-101000,-101000
2007/05/21,0,0,-15000,-15000
2007/05/22,0,0,-271000,-271000
2007/05/23,0,0,-593000,-593000
2007/05/24,0,0,-1050000,-1050000
2007/05/25,0,0,-500000,-500000
2007/05/28,0,650000,0,650000
2007/05/29,0,741000,-280000,461000
2007/05/30,0,1369000,-239000,1130000
2007/05/31,0,1726000,-653000,1073000
2007/06/01,0,650000,-560000,90000
2007/06/04,0,1800000,-200000,1600000
2007/06/05,0,306000,-200000,106000
2007/06/06,0,1556000,-516000,1040000
2007/06/07,0,3378000,0,3378000
2007/06/08,0,0,0,0
2007/06/11,0,0,0,0
2007/06/12,0,1410000,-370000,1040000
2007/06/13,0,1710000,0,1710000
2007/06/14,0,210000,0,210000
2007/06/15,0,300000,0,300000
2007/06/18,0,0,0,0
2007/06/19,0,0,0,0
2007/06/20,0,600000,0,600000
2007/06/21,0,2506000,0,2506000
2007/06/22,0,1249000,0,1249000
2007/06/25,0,544000,-425000,119000
2007/06/26,0,80000,-100000,-20000
2007/06/27,0,1150000,0,1150000
2007/06/28,0,150000,-100000,50000
2007/06/29,0,0,0,0
2007/07/02,0,0,0,0
2007/07/03,0,1695000,0,1695000
2007/07/04,0,210000,-60000,150000
2007/07/05,0,577000,0,577000
2007/07/06,0,127000,-300000,-173000
2007/07/09,0,121000,-70000,51000
2007/07/10,0,0,0,0
2007/07/11,0,0,-100000,-100000
2007/07/12,0,0,-500000,-500000
2007/07/13,0,0,-150000,-150000
2007/07/16,0,0,-150000,-150000
2007/07/17,0,1350000,0,1350000
2007/07/18,0,1000,0,1000
2007/07/19,0,39000,-157000,-118000
2007/07/20,0,248000,-150000,98000
2007/07/23,0,88000,0,88000
2007/07/24,0,20000,0,20000
2007/07/25,0,93000,0,93000
2007/07/26,0,30000,0,30000
2007/07/27,0,34000,0,34000
2007/07/30,0,0,0,0
2007/07/31,0,1027000,0,1027000
2007/08/01,0,3719000,-200000,3519000
2007/08/02,0,90000,-35000,55000
2007/08/03,0,1587000,0,1587000
2007/08/06,0,2209000,-180000,2029000
2007/08/07,0,3113000,-834000,2279000
2007/08/08,0,785000,-396000,389000
2007/08/09,0,38000,-413000,-375000
2007/08/10,0,310000,-504000,-194000
2007/08/13,0,167000,-418000,-251000
2007/08/14,0,600000,-390000,210000
2007/08/15,0,0,-1026000,-1026000
2007/08/16,0,16000,-806000,-790000
2007/08/17,0,156000,-1941000,-1785000
2007/08/20,0,321000,-2374000,-2053000
2007/08/21,0,1152000,0,1152000
2007/08/22,0,3000,0,3000
2007/08/23,0,884000,0,884000
2007/08/24,0,600000,0,600000
2007/08/27,0,100000,-977000,-877000
2007/08/28,0,290000,-827000,-537000
2007/08/29,0,0,-841000,-841000
2007/08/30,0,4430000,-742000,3688000
2007/08/31,0,0,-1295000,-1295000
2007/09/03,0,85000,0,85000
2007/09/04,0,0,-625000,-625000
2007/09/05,0,0,-645000,-645000
2007/09/06,0,3000,-425000,-422000
2007/09/07,0,0,-100000,-100000
2007/09/10,0,0,-1045000,-1045000
2007/09/11,0,706000,-220000,486000
2007/09/12,0,500000,-700000,-200000
2007/09/13,0,1000000,-205000,795000
2007/09/14,0,732000,-50000,682000
2007/09/17,0,2420000,-500000,1920000
2007/09/18,0,0,0,0
2007/09/19,0,2440000,0,2440000
2007/09/20,0,1036000,-2121000,-1085000
2007/09/21,0,660000,-30000,630000
2007/09/24,0,0,0,0
2007/09/25,0,0,0,0
2007/09/26,0,1000000,0,1000000
2007/09/27,0,458000,-1300000,-842000
2007/09/28,0,0,-430000,-430000
2007/10/01,0,0,-366000,-366000
2007/10/02,0,1065000,-640000,425000
2007/10/03,0,521000,-240000,281000
2007/10/04,0,0,-1488000,-1488000
2007/10/05,0,500000,-1070000,-570000
2007/10/08,0,350000,-125922,224078
2007/10/09,0,0,-502000,-502000
2007/10/10,0,0,0,0
2007/10/11,0,0,-2188474,-2188474
2007/10/12,0,150000,-1127011,-977011
2007/10/15,0,20000,-4369910,-4349910
2007/10/16,0,0,-1155000,-1155000
2007/10/17,0,100000,-660715,-560715
2007/10/18,0,75000,-2700078,-2625078
2007/10/19,0,200000,-458000,-258000
2007/10/22,0,0,-1734580,-1734580
2007/10/23,0,0,-2403849,-2403849
2007/10/24,0,400000,-1023625,-623625
2007/10/25,0,0,0,0
2007/10/26,0,0,-175904,-175904
2007/10/29,0,1000,-1781545,-1780545
2007/10/30,0,0,-50000,-50000
2007/10/31,0,0,-3238740,-3238740
2007/11/01,0,0,-600000,-600000
2007/11/02,0,0,-2474000,-2474000
2007/11/05,0,170000,-1234000,-1064000
2007/11/06,0,1000,-1680000,-1679000
2007/11/07,0,1300000,-1971000,-671000
2007/11/08,0,500000,0,500000
2007/11/09,0,1000,-425,575
2007/11/12,0,0,0,0
2007/11/13,0,0,0,0
2007/11/14,0,1000,-1400000,-1399000
2007/11/15,0,0,-1150970,-1150970
2007/11/16,0,3000,-1370000,-1367000
2007/11/19,0,6000,-717399,-711399
2007/11/20,0,1000,0,1000
2007/11/21,0,0,-4141000,-4141000
2007/11/22,0,0,-1331366,-1331366
2007/11/23,0,2000,0,2000
2007/11/26,0,0,0,0
2007/11/27,0,1000,-43000,-42000
2007/11/28,0,0,0,0
2007/11/29,0,0,-500000,-500000
2007/11/30,0,0,0,0
2007/12/03,0,0,0,0
2007/12/04,0,2030000,0,2030000
2007/12/05,0,501000,0,501000
2007/12/06,0,2224000,0,2224000
2007/12/07,0,1430000,0,1430000
2007/12/10,0,0,0,0
2007/12/11,0,130000,0,130000
2007/12/12,0,300000,-500000,-200000
2007/12/13,0,0,-741495,-741495
2007/12/14,0,1000,0,1000
2007/12/17,0,120000,0,120000
2007/12/18,0,1000,-280000,-279000
2007/12/19,0,460000,-371092,88908
2007/12/20,0,3157000,0,3157000
2007/12/21,0,0,0,0
2007/12/24,0,10000,0,10000
2007/12/25,0,100000,0,100000
2007/12/26,0,0,0,0
2007/12/27,0,1102000,0,1102000
2007/12/28,0,780000,0,780000
2007/12/31,0,354000,0,354000
2008/01/01,0,0,0,0
2008/01/02,0,334000,-1776000,-1442000
2008/01/03,0,1534000,-358000,1176000
2008/01/04,0,2794000,-1000,2793000
2008/01/07,0,1808000,0,1808000
2008/01/08,0,461000,0,461000
2008/01/09,0,2113000,-108000,2005000
2008/01/10,0,946000,-75000,871000
2008/01/11,0,150000,-110000,40000
2008/01/14,0,547000,-159000,388000
2008/01/15,0,1584000,0,1584000
2008/01/16,0,500000,0,500000
2008/01/17,0,1000,-250000,-249000
2008/01/18,0,0,-275000,-275000
2008/01/21,0,1000,-50000,-49000
2008/01/22,0,0,-500000,-500000
2008/01/23,0,1000,0,1000
2008/01/24,0,52000,-100000,-48000
2008/01/25,0,0,0,0
2008/01/28,0,1000,-90000,-89000
2008/01/29,0,0,-100000,-100000
2008/01/30,0,250000,-375000,-125000
2008/01/31,0,300000,0,300000
2008/02/01,0,1000000,0,1000000
2008/02/04,0,0,0,0
2008/02/05,0,0,0,0
2008/02/06,0,0,0,0
2008/02/07,0,0,0,0
2008/02/08,0,0,0,0
2008/02/11,0,0,0,0
2008/02/12,0,250000,0,250000
2008/02/13,0,157000,0,157000
2008/02/14,0,0,0,0
2008/02/15,0,0,-501000,-501000
2008/02/18,0,690000,-157000,533000
2008/02/19,0,172000,-49,171951
2008/02/20,0,0,-1000,-1000
2008/02/21,0,100000,-280000,-180000
2008/02/22,0,120000,-2684000,-2564000
2008/02/25,0,1000,-200000,-199000
2008/02/26,0,200000,-150000,50000
2008/02/27,0,579000,0,579000
2008/02/28,0,0,0,0
2008/02/29,0,240000,0,240000
2008/03/03,0,86000,0,86000
2008/03/04,0,75000,0,75000
2008/03/05,0,110000,0,110000
2008/03/06,0,1000,-202000,-201000
2008/03/07,0,0,-1711000,-1711000
2008/03/10,0,1000,-800000,-799000
2008/03/11,0,101000,0,101000
2008/03/12,0,332000,0,332000
2008/03/13,0,0,-280000,-280000
2008/03/14,0,0,-600000,-600000
2008/03/17,0,1000,0,1000
2008/03/18,0,0,0,0
2008/03/19,0,1000,-150000,-149000
2008/03/20,0,61000,-500000,-439000
2008/03/21,0,500000,0,500000
2008/03/24,0,202000,-434246,-232246
2008/03/25,0,230000,-1000,229000
2008/03/26,0,746000,0,746000
2008/03/27,0,161000,-300000,-139000
2008/03/28,0,1101000,-736000,365000
2008/03/31,0,446000,0,446000
2008/04/01,0,830000,0,830000
2008/04/02,0,0,-247000,-247000
2008/04/03,0,1000,-575000,-574000
2008/04/04,0,0,0,0
2008/04/07,0,0,-1926000,-1926000
2008/04/08,0,0,-2822000,-2822000
2008/04/09,0,1000,-19327,-18327
2008/04/10,0,0,0,0
2008/04/11,0,0,-1380000,-1380000
2008/04/14,0,0,0,0
2008/04/15,0,0,-1080000,-1080000
2008/04/16,0,0,-965000,-965000
2008/04/17,0,0,-120000,-120000
2008/04/18,0,0,-501000,-501000
2008/04/21,0,1000,-1187000,-1186000
2008/04/22,0,0,0,0
2008/04/23,0,1000,0,1000
2008/04/24,0,1000,0,1000
2008/04/25,0,0,0,0
2008/04/28,0,1052000,0,1052000
2008/04/29,0,1550000,0,1550000
2008/04/30,0,2304000,0,2304000
2008/05/01,0,0,0,0
2008/05/02,0,1550000,0,1550000
2008/05/05,0,3511000,-188000,3323000
2008/05/06,0,1441000,0,1441000
2008/05/07,0,1145000,0,1145000
2008/05/08,0,804000,-80000,724000
2008/05/09,0,1001000,-50000,951000
2008/05/12,0,501000,-416000,85000
2008/05/13,0,1163000,0,1163000
2008/05/14,0,140000,0,140000
2008/05/15,0,6000,0,6000
2008/05/16,0,124000,-64000,60000
2008/05/19,0,0,0,0
2008/05/20,0,501000,-501000,0
2008/05/21,0,330000,0,330000
2008/05/22,0,414000,0,414000
2008/05/23,0,2027000,0,2027000
2008/05/26,0,360000,0,360000
2008/05/27,0,900000,-130000,770000
2008/05/28,0,601000,0,601000
2008/05/29,0,351000,-500000,-149000
2008/05/30,0,1726000,0,1726000
2008/06/02,0,2000,0,2000
2008/06/03,0,2702000,-200000,2502000
2008/06/04,0,3252000,-167000,3085000
2008/06/05,0,575000,0,575000
2008/06/06,0,497000,0,497000
2008/06/09,0,1000,-100000,-99000
2008/06/10,0,800000,0,800000
2008/06/11,0,336000,-200000,136000
2008/06/12,0,501000,0,501000
2008/06/13,0,1624000,-180000,1444000
2008/06/16,0,1994000,0,1994000
2008/06/17,0,2076000,-500000,1576000
2008/06/18,0,298000,-408850,-110850
2008/06/19,0,2540000,0,2540000
2008/06/20,0,0,-50000,-50000
2008/06/23,0,2000,0,2000
2008/06/24,0,1651000,-47000,1604000
2008/06/25,0,0,0,0
2008/06/26,0,700000,0,700000
2008/06/27,0,1857000,-30000,1827000
2008/06/30,0,2612000,0,2612000
2008/07/01,0,884000,-300000,584000
2008/07/02,0,566000,0,566000
2008/07/03,0,463000,0,463000
2008/07/04,0,453000,0,453000
2008/07/07,0,1000,-50000,-49000
2008/07/08,0,220000,-500000,-280000
2008/07/09,0,517000,-501000,16000
2008/07/10,0,40000,0,40000
2008/07/11,0,807000,0,807000
2008/07/14,0,1373000,-50000,1323000
2008/07/15,0,702000,0,702000
2008/07/16,0,920000,0,920000
2008/07/17,0,51000,-500000,-449000
2008/07/18,0,283000,-627000,-344000
2008/07/21,0,1004000,-3474000,-2470000
2008/07/22,0,1297000,-2530000,-1233000
2008/07/23,0,571000,-826000,-255000
2008/07/24,0,2111000,-1070000,1041000
2008/07/25,0,1186000,0,1186000
2008/07/28,0,0,0,0
2008/07/29,0,901000,-536000,365000
2008/07/30,0,1492000,-300000,1192000
2008/07/31,0,2201000,0,2201000
2008/08/01,0,164000,-1180000,-1016000
2008/08/04,0,957000,-900000,57000
2008/08/05,0,947000,0,947000
2008/08/06,0,1014000,-2539000,-1525000
2008/08/07,0,420000,-500000,-80000
2008/08/08,0,1000,-2114000,-2113000
2008/08/11,0,570000,-1636000,-1066000
2008/08/12,0,0,-969000,-969000
2008/08/13,0,1770000,-2420000,-650000
2008/08/14,0,75000,0,75000
2008/08/15,0,1180000,-613000,567000
2008/08/18,0,72000,-1104000,-1032000
2008/08/19,0,1054000,-1386000,-332000
2008/08/20,0,2606000,-2000,2604000
2008/08/21,0,3557000,0,3557000
2008/08/22,0,176000,0,176000
2008/08/25,0,656000,0,656000
2008/08/26,0,35000,-1000,34000
2008/08/27,0,700000,0,700000
2008/08/28,0,628000,0,628000
2008/08/29,0,300000,0,300000
2008/09/01,0,500000,0,500000
2008/09/02,0,264000,0,264000
2008/09/03,0,1104000,-146000,958000
2008/09/04,0,1791000,-800000,991000
2008/09/05,0,2074000,0,2074000
2008/09/08,0,24000,0,24000
2008/09/09,0,1123000,0,1123000
2008/09/10,0,2000,0,2000
2008/09/11,0,0,0,0
2008/09/12,0,100000,0,100000
2008/09/15,0,0,0,0
2008/09/16,0,1000,-1000,0
2008/09/17,0,50000,-400000,-350000
2008/09/18,0,101000,0,101000
2008/09/19,0,0,-400000,-400000
2008/09/22,0,150000,-250000,-100000
2008/09/23,0,1388000,-731000,657000
2008/09/24,0,0,-301000,-301000
2008/09/25,0,0,-235000,-235000
2008/09/26,0,500000,-978000,-478000
2008/09/29,0,0,0,0
2008/09/30,0,61000,-500000,-439000
2008/10/01,0,0,-693000,-693000
2008/10/02,0,886000,-149,885851
2008/10/03,0,607000,-689000,-82000
2008/10/06,0,950000,-167000,783000
2008/10/07,0,650000,-173000,477000
2008/10/08,0,200000,-738002,-538002
2008/10/09,0,400000,-927855,-527855
2008/10/10,0,0,0,0
2008/10/13,0,171000,0,171000
2008/10/14,0,130000,-1143634,-1013634
2008/10/15,0,1000,0,1000
2008/10/16,0,202000,-5426,196574
2008/10/17,0,0,-137000,-137000
2008/10/20,0,200000,-651004,-451004
2008/10/21,0,0,-543000,-543000
2008/10/22,0,330000,-2184000,-1854000
2008/10/23,0,0,-229000,-229000
2008/10/24,0,0,-165334,-165334
2008/10/27,0,0,-335000,-335000
2008/10/28,0,650000,-2082440,-1432440
2008/10/29,0,0,-3107000,-3107000
2008/10/30,0,2570000,-3717296,-1147296
2008/10/31,0,2310000,-3693173,-1383173
2008/11/03,0,2248000,-1854302,393698
2008/11/04,0,646000,-889426,-243426
2008/11/05,0,1592000,-200000,1392000
2008/11/06,0,891000,-1000,890000
2008/11/07,0,1300000,-3825625,-2525625
2008/11/10,0,1397000,-521,1396479
2008/11/11,0,2418000,-300000,2118000
2008/11/12,0,250000,-920000,-670000
2008/11/13,0,852000,-359788,492212
2008/11/14,0,350000,-1878285,-1528285
2008/11/17,0,882000,-237000,645000
2008/11/18,0,2781000,-906000,1875000
2008/11/19,0,200000,-2553000,-2353000
2008/11/20,0,2420000,-2504415,-84415
2008/11/21,0,3997000,-3155823,841177
2008/11/24,0,1899000,0,1899000
2008/11/25,0,2630000,0,2630000
2008/11/26,0,1497000,-180000,1317000
2008/11/27,0,320000,-615000,-295000
2008/11/28,0,353000,-300000,53000
2008/12/01,0,53000,-2954000,-2901000
2008/12/02,0,441000,-1147882,-706882
2008/12/03,0,1644000,-837000,807000
2008/12/04,0,872000,-1039920,-167920
2008/12/05,0,28000,-360000,-332000
2008/12/08,0,811000,0,811000
2008/12/09,0,2007000,-830000,1177000
2008/12/10,0,333000,-3176400,-2843400
2008/12/11,0,1184000,-1050000,134000
2008/12/12,0,411000,-1667000,-1256000
2008/12/15,0,1089000,-1865000,-776000
2008/12/16,0,310000,-1630000,-1320000
2008/12/17,0,620000,-1170000,-550000
2008/12/18,0,1601000,-1000,1600000
2008/12/19,0,246000,0,246000
2008/12/22,0,180000,0,180000
2008/12/23,0,425000,-1064000,-639000
2008/12/24,0,1972000,-304000,1668000
2008/12/25,0,571000,-332000,239000
2008/12/26,0,321000,0,321000
2008/12/29,0,1055000,0,1055000
2008/12/30,0,1895000,0,1895000
2008/12/31,0,695000,0,695000
2009/01/01,0,0,0,0
2009/01/02,0,0,0,0
2009/01/05,0,0,0,0
2009/01/06,0,3748000,-434000,3314000
2009/01/07,0,1586000,-1809000,-223000
2009/01/08,0,0,-701000,-701000
2009/01/09,0,201000,-200000,1000
2009/01/12,0,514000,-110000,404000
2009/01/13,0,93000,-3872842,-3779842
2009/01/14,0,205000,-2983000,-2778000
2009/01/15,0,193000,-55000,138000
2009/01/16,0,1521000,0,1521000
2009/01/19,0,460000,-135846,324154
2009/01/20,0,73000,-1313000,-1240000
2009/01/21,0,0,-1478600,-1478600
2009/01/22,0,0,0,0
2009/01/23,0,0,0,0
2009/01/26,0,0,0,0
2009/01/27,0,0,0,0
2009/01/28,0,0,0,0
2009/01/29,0,0,0,0
2009/01/30,0,0,0,0
2009/02/02,0,0,-160000,-160000
2009/02/03,0,6000,-3477000,-3471000
2009/02/04,0,519000,-703000,-184000
2009/02/05,0,150000,-225000,-75000
2009/02/06,0,370000,-650000,-280000
2009/02/09,0,2045000,-204000,1841000
2009/02/10,0,521000,-637000,-116000
2009/02/11,0,0,-590000,-590000
2009/02/12,0,0,-1118000,-1118000
2009/02/13,0,0,-422000,-422000
2009/02/16,0,1507000,-150000,1357000
2009/02/17,0,1077000,0,1077000
2009/02/18,0,1771000,-954,1770046
2009/02/19,0,650000,0,650000
2009/02/20,0,235000,-557000,-322000
2009/02/23,0,0,-461000,-461000
2009/02/24,0,330000,-1229000,-899000
2009/02/25,0,0,-2990720,-2990720
2009/02/26,0,342000,-500000,-158000
2009/02/27,0,125000,-1303334,-1178334
2009/03/02,0,0,-1292607,-1292607
2009/03/03,0,490000,-3122000,-2632000
2009/03/04,0,1210000,-1553000,-343000
2009/03/05,0,670000,-993000,-323000
2009/03/06,0,132000,-995000,-863000
2009/03/09,0,823000,-1575000,-752000
2009/03/10,0,310000,-1031000,-721000
2009/03/11,0,150000,-1462000,-1312000
2009/03/12,0,155000,-1274000,-1119000
2009/03/13,0,20000,-2874001,-2854001
2009/03/16,0,570000,-1131000,-561000
2009/03/17,0,2464000,-501000,1963000
2009/03/18,0,509000,-1301000,-792000
2009/03/19,0,250000,-336000,-86000
2009/03/20,0,598000,-401000,197000
2009/03/23,0,596000,-123000,473000
2009/03/24,0,776000,-703000,73000
2009/03/25,0,1155000,-1425000,-270000
2009/03/26,0,350000,-400000,-50000
2009/03/27,0,0,-550000,-550000
2009/03/30,0,0,-510941,-510941
2009/03/31,0,0,-2839344,-2839344
2009/04/01,0,0,-500000,-500000
2009/04/02,0,3835000,-2000,3833000
2009/04/03,0,1647000,-591000,1056000
2009/04/06,0,2924000,-200000,2724000
2009/04/07,0,2119000,-100000,2019000
2009/04/08,0,1573000,-1000,1572000
2009/04/09,0,2429000,0,2429000
2009/04/10,0,1506000,0,1506000
2009/04/13,0,2464000,-231000,2233000
2009/04/14,0,1734000,-408400,1325600
2009/04/15,0,654000,-270000,384000
2009/04/16,0,1474000,-1242000,232000
2009/04/17,0,1000000,-300000,700000
2009/04/20,0,1964000,-80000,1884000
2009/04/21,0,416000,-914000,-498000
2009/04/22,0,2890000,0,2890000
2009/04/23,0,2156000,-412000,1744000
2009/04/24,0,768000,-1047000,-279000
2009/04/27,0,0,-370000,-370000
2009/04/28,0,1000,-3587000,-3586000
2009/04/29,0,2238000,-1750000,488000
2009/04/30,0,630000,0,630000
2009/05/01,0,0,0,0
2009/05/04,0,572000,-20000,552000
2009/05/05,0,672000,-300000,372000
2009/05/06,0,40000,-1039000,-999000
2009/05/07,0,0,-1193000,-1193000
2009/05/08,0,0,-4344000,-4344000
2009/05/11,0,1000000,-5234000,-4234000
2009/05/12,0,760000,-4164401,-3404401
2009/05/13,0,0,-956000,-956000
2009/05/14,0,0,-882000,-882000
2009/05/15,0,2000,-322000,-320000
2009/05/18,0,260000,-77000,183000
2009/05/19,0,1000,-2676000,-2675000
2009/05/20,0,0,-1722000,-1722000
2009/05/21,0,0,-310000,-310000
2009/05/22,0,0,-1810000,-1810000
2009/05/25,0,65000,-3030000,-2965000
2009/05/26,0,1300000,-3000,1297000
2009/05/27,0,70000,-526000,-456000
2009/05/28,0,0,0,0
2009/05/29,0,0,0,0
2009/06/01,0,2205000,-375000,1830000
2009/06/02,0,3235000,-14000,3221000
2009/06/03,0,693000,0,693000
2009/06/04,0,560000,-13000,547000
2009/06/05,0,1890000,-12000,1878000
2009/06/08,0,200000,-85054,114946
2009/06/09,0,0,-26444,-26444
2009/06/10,0,175000,-131000,44000
2009/06/11,0,1403000,0,1403000
2009/06/12,0,436000,0,436000
2009/06/15,0,36000,0,36000
2009/06/16,0,112000,-650000,-538000
2009/06/17,0,1000,-406906,-405906
2009/06/18,0,242000,-300000,-58000
2009/06/19,0,0,0,0
2009/06/22,0,501000,0,501000
2009/06/23,0,0,-251000,-251000
2009/06/24,0,0,-430000,-430000
2009/06/25,0,600000,0,600000
2009/06/26,0,0,-30000,-30000
2009/06/29,0,30000,-80000,-50000
2009/06/30,0,0,-120000,-120000
2009/07/01,0,90000,0,90000
2009/07/02,0,468000,0,468000
2009/07/03,0,1550000,-2000,1548000
2009/07/06,0,465000,-6000,459000
2009/07/07,0,959000,0,959000
2009/07/08,0,50000,-790000,-740000
2009/07/09,0,0,-550000,-550000
2009/07/10,0,0,-1349000,-1349000
2009/07/13,0,52000,-474000,-422000
2009/07/14,0,0,-2820000,-2820000
2009/07/15,0,0,-4332000,-4332000
2009/07/16,0,280000,-1522000,-1242000
2009/07/17,0,750000,-1353000,-603000
2009/07/20,0,300000,-1119000,-819000
2009/07/21,0,768000,-1953868,-1185868
2009/07/22,0,0,-2234000,-2234000
2009/07/23,0,200000,-3410000,-3210000
2009/07/24,0,300000,-4228000,-3928000
2009/07/27,0,0,-1190000,-1190000
2009/07/28,0,500000,-752000,-252000
2009/07/29,0,0,-1113000,-1113000
2009/07/30,0,0,-954000,-954000
2009/07/31,0,0,-150000,-150000
2009/08/03,0,0,0,0
2009/08/04,0,100000,0,100000
2009/08/05,0,200000,-11000,189000
2009/08/06,0,0,-100000,-100000
2009/08/07,0,0,0,0
2009/08/10,0,1000,-101000,-100000
2009/08/11,0,1000,-120000,-119000
2009/08/12,0,0,0,0
2009/08/13,0,0,-1265,-1265
2009/08/14,0,0,-68000,-68000
2009/08/17,0,50000,-63000,-13000
2009/08/18,0,1000,0,1000
2009/08/19,0,1000,-15000,-14000
2009/08/20,0,0,0,0
2009/08/21,0,104000,-59000,45000
2009/08/24,0,1000,0,1000
2009/08/25,0,0,-88000,-88000
2009/08/26,0,400000,-150000,250000
2009/08/27,0,1000,-154000,-153000
2009/08/28,0,200000,-200000,0
2009/08/31,0,300000,-300000,0
2009/09/01,0,400000,0,400000
2009/09/02,0,0,0,0
2009/09/03,0,1000,-1000,0
2009/09/04,0,0,-1000,-1000
2009/09/07,0,0,-1000,-1000
2009/09/08,0,0,0,0
2009/09/09,0,106000,-619000,-513000
2009/09/10,0,129000,-40000,89000
2009/09/11,0,0,0,0
2009/09/14,0,1192000,-470000,722000
2009/09/15,0,2807000,0,2807000
2009/09/16,0,1500000,-646000,854000
2009/09/17,0,600000,-274000,326000
2009/09/18,0,350000,-782000,-432000
2009/09/21,0,0,-1406000,-1406000
2009/09/22,0,0,0,0
2009/09/23,0,0,-430000,-430000
2009/09/24,0,0,0,0
2009/09/25,0,350000,-68050,281950
2009/09/28,0,0,-668800,-668800
2009/09/29,0,151000,-125150,25850
2009/09/30,0,0,-691000,-691000
2009/10/01,0,0,-1417400,-1417400
2009/10/02,0,0,-667000,-667000
2009/10/05,0,500000,-1000,499000
2009/10/06,0,900000,0,900000
2009/10/07,0,330000,-143500,186500
2009/10/08,0,0,0,0
2009/10/09,0,100000,-129000,-29000
2009/10/12,0,136000,0,136000
2009/10/13,0,121000,0,121000
2009/10/14,0,830000,0,830000
2009/10/15,0,275000,0,275000
2009/10/16,0,0,-4000,-4000
2009/10/19,0,1000,0,1000
2009/10/20,0,0,0,0
2009/10/21,0,0,-316000,-316000
2009/10/22,0,240000,-564000,-324000
2009/10/23,0,420000,0,420000
2009/10/26,0,4832000,-100000,4732000
2009/10/27,0,796000,0,796000
2009/10/28,0,700000,0,700000
2009/10/29,0,100000,-1480000,-1380000
2009/10/30,0,0,-500000,-500000
2009/11/02,0,1000,0,1000
2009/11/03,0,0,0,0
2009/11/04,0,171000,-290000,-119000
2009/11/05,0,91000,0,91000
2009/11/06,0,300000,0,300000
2009/11/09,0,1000,-418000,-417000
2009/11/10,0,0,0,0
2009/11/11,0,0,0,0
2009/11/12,0,0,-1000,-1000
2009/11/13,0,0,-2000,-2000
2009/11/16,0,174000,-315000,-141000
2009/11/17,0,0,-895000,-895000
2009/11/18,0,0,-356000,-356000
2009/11/19,0,0,-362000,-362000
2009/11/20,0,0,-106000,-106000
2009/11/23,0,0,-460629,-460629
2009/11/24,0,100000,0,100000
2009/11/25,0,0,-803000,-803000
2009/11/26,0,0,-923000,-923000
2009/11/27,0,0,-415000,-415000
2009/11/30,0,0,-621900,-621900
2009/12/01,0,0,-934750,-934750
2009/12/02,0,0,-945000,-945000
2009/12/03,0,0,0,0
2009/12/04,0,0,-300000,-300000
2009/12/07,0,152000,-1150500,-998500
2009/12/08,0,153000,-1854000,-1701000
2009/12/09,0,0,-1415350,-1415350
2009/12/10,0,46000,-601000,-555000
2009/12/11,0,1000,-1550000,-1549000
2009/12/14,0,0,0,0
2009/12/15,0,75000,0,75000
2009/12/16,0,30000,-500000,-470000
2009/12/17,0,0,-1100000,-1100000
2009/12/18,0,0,-1035000,-1035000
2009/12/21,0,0,-305000,-305000
2009/12/22,0,0,-1000,-1000
2009/12/23,0,0,-600000,-600000
2009/12/24,0,0,0,0
2009/12/25,0,0,-951000,-951000
2009/12/28,0,0,-1122000,-1122000
2009/12/29,0,0,-614000,-614000
2009/12/30,0,0,-965000,-965000
2009/12/31,0,0,-610667,-610667
2010/01/01,0,0,0,0
2010/01/04,0,1000,-1205010,-1204010
2010/01/05,0,0,-547000,-547000
2010/01/06,0,0,0,0
2010/01/07,0,0,-80000,-80000
2010/01/08,0,0,0,0
2010/01/11,0,400000,0,400000
2010/01/12,0,0,-291000,-291000
2010/01/13,0,0,-292000,-292000
2010/01/14,0,0,-12000,-12000
2010/01/15,0,0,-3252161,-3252161
2010/01/18,0,0,-251256,-251256
2010/01/19,0,0,-300000,-300000
2010/01/20,0,0,-300000,-300000
2010/01/21,0,0,0,0
2010/01/22,0,0,-400000,-400000
2010/01/25,0,115000,-251000,-136000
2010/01/26,0,0,0,0
2010/01/27,0,2000,-42000,-40000
2010/01/28,0,0,0,0
2010/01/29,0,1000,0,1000
2010/02/01,0,0,-40000,-40000
2010/02/02,0,0,-408000,-408000
2010/02/03,0,0,0,0
2010/02/04,0,1000,0,1000
2010/02/05,0,0,0,0
2010/02/08,0,0,0,0
2010/02/09,0,1000,0,1000
2010/02/10,0,0,-115000,-115000
2010/02/11,0,0,0,0
2010/02/12,0,0,0,0
2010/02/15,0,0,0,0
2010/02/16,0,0,0,0
2010/02/17,0,0,0,0
2010/02/18,0,0,0,0
2010/02/19,0,0,0,0
2010/02/22,0,0,-289000,-289000
2010/02/23,0,1000,-500000,-499000
2010/02/24,0,0,-588500,-588500
2010/02/25,0,0,0,0
2010/02/26,0,901000,0,901000
2010/03/01,0,0,0,0
2010/03/02,0,0,0,0
2010/03/03,0,0,0,0
2010/03/04,0,0,0,0
2010/03/05,0,0,0,0
2010/03/08,0,0,-150000,-150000
2010/03/09,0,0,-63,-63
2010/03/10,0,53000,-200000,-147000
2010/03/11,0,0,-150000,-150000
2010/03/12,0,1000,-100000,-99000
2010/03/15,0,0,0,0
2010/03/16,0,0,0,0
2010/03/17,0,0,-105000,-105000
2010/03/18,0,0,-411700,-411700
2010/03/19,0,0,-279555,-279555
2010/03/22,0,0,-65000,-65000
2010/03/23,0,0,0,0
2010/03/24,0,0,0,0
2010/03/25,0,0,-1000,-1000
2010/03/26,0,0,-108000,-108000
2010/03/29,0,1000,0,1000
2010/03/30,0,0,-71000,-71000
2010/03/31,0,0,0,0
2010/04/01,0,0,0,0
2010/04/02,0,0,-1000,-1000
2010/04/05,0,0,0,0
2010/04/06,0,0,0,0
2010/04/07,0,0,0,0
2010/04/08,0,0,0,0
2010/04/09,0,0,0,0
2010/04/12,0,0,-199000,-199000
2010/04/13,0,0,-100000,-100000
2010/04/14,0,0,-255000,-255000
2010/04/15,0,0,-218000,-218000
2010/04/16,0,0,-454000,-454000
2010/04/19,0,0,0,0
2010/04/20,0,1000,0,1000
2010/04/21,0,0,-901000,-901000
2010/04/22,0,0,0,0
2010/04/23,0,0,0,0
2010/04/26,0,0,0,0
2010/04/27,0,0,-1000,-1000
2010/04/28,0,0,0,0
2010/04/29,0,0,0,0
2010/04/30,0,0,0,0
2010/05/03,0,0,0,0
2010/05/04,0,0,-3200,-3200
2010/05/05,0,0,0,0
2010/05/06,0,0,0,0
2010/05/07,0,1000,0,1000
2010/05/10,0,0,-106850,-106850
2010/05/11,0,0,0,0
2010/05/12,0,0,0,0
2010/05/13,0,1000,0,1000
2010/05/14,0,0,0,0
2010/05/17,0,0,-31500,-31500
2010/05/18,0,0,0,0
2010/05/19,0,0,-360000,-360000
2010/05/20,0,1000,-300000,-299000
2010/05/21,0,0,0,0
2010/05/24,0,0,-22000,-22000
2010/05/25,0,0,-80000,-80000
2010/05/26,0,0,-300000,-300000
2010/05/27,0,1000,-700,300
2010/05/28,0,0,0,0
2010/05/31,0,0,-265000,-265000
2010/06/01,0,0,0,0
2010/06/02,0,0,0,0
2010/06/03,0,0,0,0
2010/06/04,0,0,0,0
2010/06/07,0,100000,0,100000
2010/06/08,0,607000,0,607000
2010/06/09,0,1585000,0,1585000
2010/06/10,0,536000,0,536000
2010/06/11,0,0,0,0
2010/06/14,0,0,0,0
2010/06/15,0,2000,0,2000
2010/06/16,0,0,0,0
2010/06/17,0,0,0,0
2010/06/18,0,0,0,0
2010/06/21,0,0,0,0
2010/06/22,0,0,-116000,-116000
2010/06/23,0,0,-285000,-285000
2010/06/24,0,7000,0,7000
2010/06/25,0,4000,0,4000
2010/06/28,0,0,-486000,-486000
2010/06/29,0,0,0,0
2010/06/30,0,0,0,0
2010/07/01,0,0,0,0
2010/07/02,0,0,0,0
2010/07/05,0,0,0,0
2010/07/06,0,1000,0,1000
2010/07/07,0,0,0,0
2010/07/08,0,0,0,0
2010/07/09,0,0,-28000,-28000
2010/07/12,0,733000,0,733000
2010/07/13,0,296000,0,296000
2010/07/14,0,0,0,0
2010/07/15,0,0,-1000,-1000
2010/07/16,0,0,0,0
2010/07/19,0,0,0,0
2010/07/20,0,1232000,0,1232000
2010/07/21,0,408000,0,408000
2010/07/22,0,700000,0,700000
2010/07/23,0,235000,0,235000
2010/07/26,0,347000,-150000,197000
2010/07/27,0,1549000,0,1549000
2010/07/28,0,363000,0,363000
2010/07/29,0,470000,0,470000
2010/07/30,0,157000,-6000,151000
2010/08/02,0,0,-6000,-6000
2010/08/03,0,736000,0,736000
2010/08/04,0,0,-1000,-1000
2010/08/05,0,276000,-1000,275000
2010/08/06,0,0,0,0
2010/08/09,0,0,-964950,-964950
2010/08/10,0,120000,-1440000,-1320000
2010/08/11,0,0,0,0
2010/08/12,0,350000,0,350000
2010/08/13,0,600000,-120000,480000
2010/08/16,0,0,-1000,-1000
2010/08/17,0,1000,0,1000
2010/08/18,0,0,-88000,-88000
2010/08/19,0,0,-28000,-28000
2010/08/20,0,0,0,0
2010/08/23,0,77000,0,77000
2010/08/24,0,0,-1000,-1000
2010/08/25,0,0,-50000,-50000
2010/08/26,0,0,0,0
2010/08/27,0,0,0,0
2010/08/30,0,700000,0,700000
2010/08/31,0,0,0,0
2010/09/01,0,0,-932000,-932000
2010/09/02,0,211000,0,211000
2010/09/03,0,520000,0,520000
2010/09/06,0,0,0,0
2010/09/07,0,230000,-558000,-328000
2010/09/08,0,0,-376000,-376000
2010/09/09,0,615000,0,615000
2010/09/10,0,55000,0,55000
2010/09/13,0,0,-120000,-120000
2010/09/14,0,60000,-180000,-120000
2010/09/15,0,0,-485000,-485000
2010/09/16,0,0,-148000,-148000
2010/09/17,0,52000,-90000,-38000
2010/09/20,0,26000,0,26000
2010/09/21,0,40000,0,40000
2010/09/22,0,0,0,0
2010/09/23,0,0,-1000,-1000
2010/09/24,0,0,0,0
2010/09/27,0,0,-4500,-4500
2010/09/28,0,1160000,0,1160000
2010/09/29,0,150000,0,150000
2010/09/30,0,300000,-52950,247050
2010/10/01,0,30000,-35000,-5000
2010/10/04,0,130000,0,130000
2010/10/05,0,0,-421000,-421000
2010/10/06,0,0,0,0
2010/10/07,0,0,0,0
2010/10/08,0,0,0,0
2010/10/11,0,0,0,0
2010/10/12,0,90000,-1000,89000
2010/10/13,0,10000,0,10000
2010/10/14,0,0,0,0
2010/10/15,0,0,0,0
2010/10/18,0,0,-36000,-36000
2010/10/19,0,50000,-52000,-2000
2010/10/20,0,40000,0,40000
2010/10/21,0,90000,0,90000
2010/10/22,0,10000,0,10000
2010/10/25,0,10000,0,10000
2010/10/26,0,1040000,0,1040000
2010/10/27,0,1021000,0,1021000
2010/10/28,0,1300000,0,1300000
2010/10/29,0,0,-96000,-96000
2010/11/01,0,0,0,0
2010/11/02,0,0,-58000,-58000
2010/11/03,0,0,0,0
2010/11/04,0,0,-322000,-322000
2010/11/05,0,0,0,0
2010/11/08,0,100000,0,100000
2010/11/09,0,620000,0,620000
2010/11/10,0,600000,0,600000
2010/11/11,0,0,0,0
2010/11/12,0,0,0,0
2010/11/15,0,0,0,0
2010/11/16,0,122000,0,122000
2010/11/17,0,42000,0,42000
2010/11/18,0,0,0,0
2010/11/19,0,0,-1400000,-1400000
2010/11/22,0,0,-200000,-200000
2010/11/23,0,0,-750000,-750000
2010/11/24,0,0,-500000,-500000
2010/11/25,0,0,-222000,-222000
2010/11/26,0,0,-250000,-250000
2010/11/29,0,0,-200000,-200000
2010/11/30,0,0,-153000,-153000
2010/12/01,0,0,-101000,-101000
2010/12/02,0,0,-1000,-1000
2010/12/03,0,0,-223077,-223077
2010/12/06,0,0,-396000,-396000
2010/12/07,0,0,-1000,-1000
2010/12/08,0,0,0,0
2010/12/09,0,0,-1000,-1000
2010/12/10,0,0,0,0
2010/12/13,0,0,-127000,-127000
2010/12/14,0,0,0,0
2010/12/15,0,0,0,0
2010/12/16,0,0,-1000,-1000
2010/12/17,0,118000,0,118000
2010/12/20,0,0,-2000,-2000
2010/12/21,0,0,0,0
2010/12/22,0,2000,0,2000
2010/12/23,0,0,-342000,-342000
2010/12/24,0,0,-135000,-135000
2010/12/27,0,0,-52000,-52000
2010/12/28,0,0,-32000,-32000
2010/12/29,0,0,-398000,-398000
2010/12/30,0,0,-145000,-145000
2010/12/31,0,0,-159000,-159000
2011/01/03,0,0,0,0
2011/01/04,0,0,-600500,-600500
2011/01/05,0,0,0,0
2011/01/06,0,0,0,0
2011/01/07,0,0,0,0
2011/01/10,0,0,-308000,-308000
2011/01/11,0,0,-579100,-579100
2011/01/12,0,0,-348000,-348000
2011/01/13,0,0,0,0
2011/01/14,0,0,-1000,-1000
2011/01/17,0,0,0,0
2011/01/18,0,0,0,0
2011/01/19,0,0,-5000,-5000
2011/01/20,0,0,-1000,-1000
2011/01/21,0,0,-360000,-360000
2011/01/24,0,0,-394000,-394000
2011/01/25,0,1000,-521000,-520000
2011/01/26,0,0,-115000,-115000
2011/01/27,0,0,-355000,-355000
2011/01/28,0,0,-79400,-79400
2011/01/31,0,0,0,0
2011/02/01,0,0,0,0
2011/02/02,0,0,0,0
2011/02/03,0,0,0,0
2011/02/04,0,0,0,0
2011/02/07,0,0,0,0
2011/02/08,0,0,0,0
2011/02/09,0,0,0,0
2011/02/10,0,0,-1000,-1000
2011/02/11,0,4000,0,4000
2011/02/14,0,1000,0,1000
2011/02/15,0,3000,0,3000
2011/02/16,0,0,0,0
2011/02/17,0,0,0,0
2011/02/18,0,0,0,0
2011/02/21,0,0,-2000,-2000
2011/02/22,0,0,0,0
2011/02/23,0,13000,0,13000
2011/02/24,0,2000,-271000,-269000
2011/02/25,0,1000,-401000,-400000
2011/02/28,0,0,0,0
2011/03/01,0,0,-400000,-400000
2011/03/02,0,0,-86000,-86000
2011/03/03,0,0,-330000,-330000
2011/03/04,0,0,-216000,-216000
2011/03/07,0,0,0,0
2011/03/08,0,0,-454000,-454000
2011/03/09,0,0,-46000,-46000
2011/03/10,0,0,0,0
2011/03/11,0,0,0,0
2011/03/14,0,1000,0,1000
2011/03/15,0,1000,0,1000
2011/03/16,0,0,0,0
2011/03/17,0,18000,0,18000
2011/03/18,0,425000,0,425000
2011/03/21,0,0,0,0
2011/03/22,0,0,0,0
2011/03/23,0,0,0,0
2011/03/24,0,0,-254000,-254000
2011/03/25,0,305000,0,305000
2011/03/28,0,92000,0,92000
2011/03/29,0,400000,0,400000
2011/03/30,0,0,-12000,-12000
2011/03/31,0,51000,0,51000
2011/04/01,0,0,0,0
2011/04/04,0,0,0,0
2011/04/05,0,0,0,0
2011/04/06,0,100000,0,100000
2011/04/07,0,336000,0,336000
2011/04/08,0,100000,0,100000
2011/04/11,0,516000,0,516000
2011/04/12,0,815000,-1000,814000
2011/04/13,0,4297000,0,4297000
2011/04/14,0,2120000,-22000,2098000
2011/04/15,0,1000000,0,1000000
2011/04/18,0,2450000,-120000,2330000
2011/04/19,0,802000,-300000,502000
2011/04/20,0,1000000,-300000,700000
2011/04/21,0,0,0,0
2011/04/22,0,106000,-200000,-94000
2011/04/25,0,453000,-1000,452000
2011/04/26,0,0,-2000,-2000
2011/04/27,0,555000,0,555000
2011/04/28,0,0,0,0
2011/04/29,0,0,-250000,-250000
2011/05/02,0,0,0,0
2011/05/03,0,304000,0,304000
2011/05/04,0,68000,0,68000
2011/05/05,0,0,-235000,-235000
2011/05/06,0,409000,0,409000
2011/05/09,0,1000,0,1000
2011/05/10,0,300000,0,300000
2011/05/11,0,0,-1066000,-1066000
2011/05/12,0,1000,-1000,0
2011/05/13,0,0,-82000,-82000
2011/05/16,0,1000,0,1000
2011/05/17,0,101000,-1918000,-1817000
2011/05/18,0,0,0,0
2011/05/19,0,0,-2285825,-2285825
2011/05/20,0,26000,0,26000
2011/05/23,0,151000,-609000,-458000
2011/05/24,0,101000,0,101000
2011/05/25,0,64000,0,64000
2011/05/26,0,65000,-367000,-302000
2011/05/27,0,67000,-150000,-83000
2011/05/30,0,0,0,0
2011/05/31,0,52000,-820000,-768000
2011/06/01,0,39000,0,39000
2011/06/02,0,0,0,0
2011/06/03,0,0,-51000,-51000
2011/06/06,0,0,0,0
2011/06/07,0,39000,-50000,-11000
2011/06/08,0,41000,-211000,-170000
2011/06/09,0,0,0,0
2011/06/10,0,27000,0,27000
2011/06/13,0,0,0,0
2011/06/14,0,1000,-34000,-33000
2011/06/15,0,340000,0,340000
2011/06/16,0,170000,0,170000
2011/06/17,0,198000,0,198000
2011/06/20,0,171000,-119000,52000
2011/06/21,0,1000,0,1000
2011/06/22,0,41000,0,41000
2011/06/23,0,171000,0,171000
2011/06/24,0,1000,0,1000
2011/06/27,0,0,0,0
2011/06/28,0,172000,0,172000
2011/06/29,0,5000,0,5000
2011/06/30,0,18000,0,18000
2011/07/01,0,94000,-34000,60000
2011/07/04,0,0,0,0
2011/07/05,0,200000,-1100,198900
2011/07/06,0,100000,-586000,-486000
2011/07/07,0,200000,-500000,-300000
2011/07/08,0,100000,-1000,99000
2011/07/11,0,600000,0,600000
2011/07/12,0,126000,0,126000
2011/07/13,0,551000,0,551000
2011/07/14,0,2263000,-50000,2213000
2011/07/15,0,1473000,0,1473000
2011/07/18,0,1125000,0,1125000
2011/07/19,0,1000,-50000,-49000
2011/07/20,0,1000,-50000,-49000
2011/07/21,0,0,-105000,-105000
2011/07/22,0,1882000,-1000,1881000
2011/07/25,0,222000,-1000,221000
2011/07/26,0,750000,-50000,700000
2011/07/27,0,1806000,-88000,1718000
2011/07/28,0,193000,-265000,-72000
2011/07/29,0,547000,-112000,435000
2011/08/01,0,0,-103000,-103000
2011/08/02,0,278000,-20000,258000
2011/08/03,0,1000,-409000,-408000
2011/08/04,0,419000,-130000,289000
2011/08/05,0,202000,0,202000
2011/08/08,0,413000,0,413000
2011/08/09,0,1389000,-207000,1182000
2011/08/10,0,3000,0,3000
2011/08/11,0,67000,0,67000
2011/08/12,0,1000000,-82000,918000
2011/08/15,0,338000,0,338000
2011/08/16,0,26000,-350000,-324000
2011/08/17,0,1000000,-200000,800000
2011/08/18,0,0,-212000,-212000
2011/08/19,0,501000,0,501000
2011/08/22,0,252000,0,252000
2011/08/23,0,647000,0,647000
2011/08/24,0,0,0,0
2011/08/25,0,0,-118000,-118000
2011/08/26,0,1000,-1976000,-1975000
2011/08/29,0,339000,-1282000,-943000
2011/08/30,0,770000,-47000,723000
2011/08/31,0,0,0,0
2011/09/01,0,16000,-1000000,-984000
2011/09/02,0,200000,-1000,199000
2011/09/05,0,500000,-1001000,-501000
2011/09/06,0,120000,-222000,-102000
2011/09/07,0,122000,0,122000
2011/09/08,0,60000,0,60000
2011/09/09,0,214,-47000,-46786
2011/09/12,0,0,0,0
2011/09/13,0,0,-617,-617
2011/09/14,0,1000,-361078,-360078
2011/09/15,0,0,-9000,-9000
2011/09/16,0,1000,0,1000
2011/09/19,0,0,0,0
2011/09/20,0,0,0,0
2011/09/21,0,3945,0,3945
2011/09/22,0,0,-190000,-190000
2011/09/23,0,1000,-7000,-6000
2011/09/26,0,98000,0,98000
2011/09/27,0,1000,0,1000
2011/09/28,0,170000,0,170000
2011/09/29,0,1000,0,1000
2011/09/30,0,0,0,0
2011/10/03,0,0,0,0
2011/10/04,0,1000,0,1000
2011/10/05,0,216000,0,216000
2011/10/06,0,0,0,0
2011/10/07,0,0,0,0
2011/10/10,0,0,0,0
2011/10/11,0,200000,-91092,108908
2011/10/12,0,538000,-7017,530983
2011/10/13,0,350000,-282234,67766
2011/10/14,0,0,-6000,-6000
2011/10/17,0,163000,-123212,39788
2011/10/18,0,111000,-291412,-180412
2011/10/19,0,200000,-388000,-188000
2011/10/20,0,190000,-253000,-63000
2011/10/21,0,678000,0,678000
2011/10/24,0,199000,0,199000
2011/10/25,0,1061000,-492000,569000
2011/10/26,0,860000,-250000,610000
2011/10/27,0,1613000,-249000,1364000
2011/10/28,0,163000,-325000,-162000
2011/10/31,0,231000,-1215296,-984296
2011/11/01,0,98000,-1023000,-925000
2011/11/02,0,175000,-587951,-412951
2011/11/03,0,181000,0,181000
2011/11/04,0,231000,-641000,-410000
2011/11/07,0,250000,-371189,-121189
2011/11/08,0,101000,-332000,-231000
2011/11/09,0,60000,0,60000
2011/11/10,0,0,-530794,-530794
2011/11/11,0,50000,-300000,-250000
2011/11/14,0,1000,-113901,-112901
2011/11/15,0,0,-1000,-1000
2011/11/16,0,100000,-260000,-160000
2011/11/17,0,1000,-266000,-265000
2011/11/18,0,165000,-9000,156000
2011/11/21,0,1000,0,1000
2011/11/22,0,1000,-1000,0
2011/11/23,0,2000,0,2000
2011/11/24,0,1000,0,1000
2011/11/25,0,1000,0,1000
2011/11/28,0,1000,0,1000
2011/11/29,0,10000,-5000,5000
2011/11/30,0,0,0,0
2011/12/01,0,254000,-4000,250000
2011/12/02,0,0,-394000,-394000
2011/12/05,0,0,-457000,-457000
2011/12/06,0,0,-563000,-563000
2011/12/07,0,0,0,0
2011/12/08,0,0,0,0
2011/12/09,0,31619,0,31619
2011/12/12,0,0,0,0
2011/12/13,0,0,0,0
2011/12/14,0,1000,0,1000
2011/12/15,0,1000,-150000,-149000
2011/12/16,0,1000,0,1000
2011/12/19,0,1000,0,1000
2011/12/20,0,0,-252000,-252000
2011/12/21,0,0,0,0
2011/12/22,0,1000,0,1000
2011/12/23,0,0,-1000,-1000
2011/12/26,0,0,0,0
2011/12/27,0,2000,0,2000
2011/12/28,0,0,-411000,-411000
2011/12/29,0,0,-410669,-410669
2011/12/30,0,0,-331000,-331000
2012/01/02,0,1000,-352000,-351000
2012/01/03,0,0,-486000,-486000
2012/01/04,0,0,-295000,-295000
2012/01/05,0,4388,-480000,-475612
2012/01/06,0,0,-1000,-1000
2012/01/09,0,0,0,0
2012/01/10,0,102000,0,102000
2012/01/11,0,169000,-1000,168000
2012/01/12,0,0,-1000,-1000
2012/01/13,0,0,-54000,-54000
2012/01/16,0,164000,0,164000
2012/01/17,0,98000,-2000,96000
2012/01/18,0,147000,-2000,145000
2012/01/19,0,0,0,0
2012/01/20,0,0,0,0
2012/01/23,0,0,0,0
2012/01/24,0,0,0,0
2012/01/25,0,0,0,0
2012/01/26,0,0,0,0
2012/01/27,0,0,0,0
2012/01/30,0,49000,-204000,-155000
2012/01/31,0,165000,-759772,-594772
2012/02/01,0,510000,-1000,509000
2012/02/02,0,220000,-1000,219000
2012/02/03,0,260000,-347390,-87390
2012/02/06,0,100000,-2000,98000
2012/02/07,0,0,0,0
2012/02/08,0,204000,-701000,-497000
2012/02/09,0,9469,-481000,-471531
2012/02/10,0,500000,-301000,199000
2012/02/13,0,0,0,0
2012/02/14,0,0,-2000,-2000
2012/02/15,0,0,-1000,-1000
2012/02/16,0,200000,0,200000
2012/02/17,0,501000,-500000,1000
2012/02/20,0,0,-1000,-1000
2012/02/21,0,0,-200000,-200000
2012/02/22,0,0,-200000,-200000
2012/02/23,0,0,-119000,-119000
2012/02/24,0,600000,-102000,498000
2012/02/27,0,0,0,0
2012/02/28,0,0,0,0
2012/02/29,0,260000,0,260000
2012/03/01,0,0,0,0
2012/03/02,0,0,-3000,-3000
2012/03/05,0,31000,-1868000,-1837000
2012/03/06,0,0,-587656,-587656
2012/03/07,0,50000,-182000,-132000
2012/03/08,0,0,-186276,-186276
2012/03/09,0,0,-27000,-27000
2012/03/12,0,0,-1000,-1000
2012/03/13,0,0,-1000,-1000
2012/03/14,0,0,-19000,-19000
2012/03/15,0,0,-19000,-19000
2012/03/16,0,0,0,0
2012/03/19,0,0,-1000,-1000
2012/03/20,0,0,0,0
2012/03/21,0,0,0,0
2012/03/22,0,0,-38000,-38000
2012/03/23,0,0,0,0
2012/03/26,0,0,0,0
2012/03/27,0,0,0,0
2012/03/28,0,60000,-115000,-55000
2012/03/29,0,0,0,0
2012/03/30,0,0,0,0
2012/04/02,0,0,-1000,-1000
2012/04/03,0,0,0,0
2012/04/04,0,0,0,0
2012/04/05,0,1000,-445,555
2012/04/06,0,0,0,0
2012/04/09,0,0,-211000,-211000
2012/04/10,0,0,-300000,-300000
2012/04/11,0,0,-296000,-296000
2012/04/12,0,0,-173000,-173000
2012/04/13,0,0,-220000,-220000
2012/04/16,0,0,0,0
2012/04/17,0,14000,-290000,-276000
2012/04/18,0,14000,-100000,-86000
2012/04/19,0,0,-50000,-50000
2012/04/20,0,0,-170000,-170000
2012/04/23,0,0,0,0
2012/04/24,0,1000,0,1000
2012/04/25,0,0,0,0
2012/04/26,0,0,0,0
2012/04/27,0,0,0,0
2012/04/30,0,0,0,0
2012/05/01,0,0,0,0
2012/05/02,0,2000,-135000,-133000
2012/05/03,0,0,-14148,-14148
2012/05/04,0,0,-200000,-200000
2012/05/07,0,0,-195000,-195000
2012/05/08,0,0,0,0
2012/05/09,0,0,0,0
2012/05/10,0,0,0,0
2012/05/11,0,0,0,0
2012/05/14,0,0,0,0
2012/05/15,0,2000,0,2000
2012/05/16,0,9000,0,9000
2012/05/17,0,0,-55000,-55000
2012/05/18,0,0,-256000,-256000
2012/05/21,0,0,0,0
2012/05/22,0,0,-37000,-37000
2012/05/23,0,22000,-39000,-17000
2012/05/24,0,0,0,0
2012/05/25,0,0,0,0
2012/05/28,0,0,0,0
2012/05/29,0,1000,0,1000
2012/05/30,0,20017,0,20017
2012/05/31,0,0,-340000,-340000
2012/06/01,0,0,-1000,-1000
2012/06/04,0,1000,0,1000
2012/06/05,0,1000,-186000,-185000
2012/06/06,0,0,0,0
2012/06/07,0,11000,-437000,-426000
2012/06/08,0,13000,0,13000
2012/06/11,0,5000,0,5000
2012/06/12,0,16000,0,16000
2012/06/13,0,8000,0,8000
2012/06/14,0,3000,-31000,-28000
2012/06/15,0,0,0,0
2012/06/18,0,0,-100000,-100000
2012/06/19,0,0,0,0
2012/06/20,0,0,0,0
2012/06/21,0,0,0,0
2012/06/22,0,0,0,0
2012/06/25,0,0,-70000,-70000
2012/06/26,0,0,-6692,-6692
2012/06/27,0,0,0,0
2012/06/28,0,0,-2000,-2000
2012/06/29,0,0,0,0
2012/07/02,0,0,0,0
2012/07/03,0,1000,0,1000
2012/07/04,0,0,0,0
2012/07/05,0,0,-1000,-1000
2012/07/06,0,0,-258000,-258000
2012/07/09,0,0,0,0
2012/07/10,0,0,0,0
2012/07/11,0,0,0,0
2012/07/12,0,0,-229000,-229000
2012/07/13,0,0,-12037,-12037
2012/07/16,0,0,-31340,-31340
2012/07/17,0,26000,-30000,-4000
2012/07/18,0,0,0,0
2012/07/19,0,0,-295000,-295000
2012/07/20,0,0,-130000,-130000
2012/07/23,0,0,0,0
2012/07/24,0,0,0,0
2012/07/25,0,0,0,0
2012/07/26,0,0,0,0
2012/07/27,0,0,0,0
2012/07/30,0,0,0,0
2012/07/31,0,0,0,0
2012/08/01,0,0,0,0
2012/08/02,0,0,0,0
2012/08/03,0,0,0,0
2012/08/06,0,0,0,0
2012/08/07,0,0,-17000,-17000
2012/08/08,0,0,-4000,-4000
2012/08/09,0,9000,-3000,6000
2012/08/10,0,0,0,0
2012/08/13,0,0,-2000,-2000
2012/08/14,0,0,0,0
2012/08/15,0,12000,-1000,11000
2012/08/16,0,0,-501000,-501000
2012/08/17,0,34000,-11638,22362
2012/08/20,0,0,-1000,-1000
2012/08/21,0,0,0,0
2012/08/22,0,0,-500000,-500000
2012/08/23,0,0,-1000,-1000
2012/08/24,0,0,0,0
2012/08/27,0,0,-378000,-378000
2012/08/28,0,0,-500000,-500000
2012/08/29,0,0,-38000,-38000
2012/08/30,0,0,0,0
2012/08/31,0,0,0,0
2012/09/03,0,0,-514860,-514860
2012/09/04,0,0,-601000,-601000
2012/09/05,0,0,-369000,-369000
2012/09/06,0,0,0,0
2012/09/07,0,0,-1000,-1000
2012/09/10,0,0,-570000,-570000
2012/09/11,0,0,-446000,-446000
2012/09/12,0,0,-970000,-970000
2012/09/13,0,0,-2000,-2000
2012/09/14,0,0,0,0
2012/09/17,0,0,-690000,-690000
2012/09/18,0,0,-635000,-635000
2012/09/19,0,0,-6000,-6000
2012/09/20,0,0,0,0
2012/09/21,0,0,-200000,-200000
2012/09/24,0,0,-500000,-500000
2012/09/25,0,0,-151000,-151000
2012/09/26,0,0,0,0
2012/09/27,0,0,0,0
2012/09/28,0,0,0,0
2012/10/01,0,0,-50000,-50000
2012/10/02,0,0,0,0
2012/10/03,0,0,0,0
2012/10/04,0,0,-40000,-40000
2012/10/05,0,0,0,0
2012/10/08,0,0,0,0
2012/10/09,0,0,0,0
2012/10/10,0,0,0,0
2012/10/11,0,0,0,0
2012/10/12,0,0,0,0
2012/10/15,0,0,-60000,-60000
2012/10/16,0,0,-269000,-269000
2012/10/17,0,43000,-141000,-98000
2012/10/18,0,77000,-131000,-54000
2012/10/19,0,38000,-68000,-30000
2012/10/22,0,0,-27000,-27000
2012/10/23,0,0,-333000,-333000
2012/10/24,0,0,-185000,-185000
2012/10/25,0,0,-149533,-149533
2012/10/26,0,0,-57000,-57000
2012/10/29,0,9465,0,9465
2012/10/30,0,0,-265000,-265000
2012/10/31,0,138000,-279000,-141000
2012/11/01,0,0,-220000,-220000
2012/11/02,0,39000,-534000,-495000
2012/11/05,0,0,0,0
2012/11/06,0,30000,-458,29542
2012/11/07,0,50000,0,50000
2012/11/08,0,0,0,0
2012/11/09,0,0,0,0
2012/11/12,0,0,-146000,-146000
2012/11/13,0,0,-180000,-180000
2012/11/14,0,0,-224000,-224000
2012/11/15,0,0,-143000,-143000
2012/11/16,0,0,-245000,-245000
2012/11/19,0,0,-177000,-177000
2012/11/20,0,0,-155000,-155000
2012/11/21,0,0,-183000,-183000
2012/11/22,0,70000,-161000,-91000
2012/11/23,0,179000,-430438,-251438
2012/11/26,0,0,-288000,-288000
2012/11/27,0,70000,0,70000
2012/11/28,0,69000,0,69000
2012/11/29,0,0,0,0
2012/11/30,0,0,0,0
2012/12/03,0,0,-11000,-11000
2012/12/04,0,0,-21594,-21594
2012/12/05,0,0,-13000,-13000
2012/12/06,0,0,-15000,-15000
2012/12/07,0,0,-6000,-6000
2012/12/10,0,0,-1000,-1000
2012/12/11,0,0,0,0
2012/12/12,0,0,0,0
2012/12/13,0,40000,0,40000
2012/12/14,0,0,-7000,-7000
2012/12/17,0,0,-4000,-4000
2012/12/18,0,0,0,0
2012/12/19,0,0,0,0
2012/12/20,0,0,-1000,-1000
2012/12/21,0,0,-11000,-11000
2012/12/24,0,0,0,0
2012/12/25,0,0,0,0
2012/12/26,0,0,-100000,-100000
2012/12/27,0,0,-194000,-194000
2012/12/28,0,0,-157000,-157000
2012/12/31,0,0,0,0
2013/01/01,0,0,0,0
2013/01/02,0,0,0,0
2013/01/03,0,0,-1000,-1000
2013/01/04,0,0,-4000,-4000
2013/01/07,0,0,-7000,-7000
2013/01/08,0,0,-11000,-11000
2013/01/09,0,0,-24000,-24000
2013/01/10,0,0,0,0
2013/01/11,0,0,-2000,-2000
2013/01/14,0,0,0,0
2013/01/15,0,0,-1000,-1000
2013/01/16,0,0,-1000,-1000
2013/01/17,0,0,-17001,-17001
2013/01/18,0,0,0,0
2013/01/21,0,0,-6000,-6000
2013/01/22,0,0,0,0
2013/01/23,0,0,-1000,-1000
2013/01/24,0,0,-2000,-2000
2013/01/25,0,0,-2000,-2000
2013/01/28,0,0,-30000,-30000
2013/01/29,0,38000,-10000,28000
2013/01/30,0,19000,0,19000
2013/01/31,0,2000,-1000,1000
2013/02/01,0,39000,0,39000
2013/02/04,0,61000,0,61000
2013/02/05,0,58000,0,58000
2013/02/06,0,0,-5000,-5000
2013/02/07,0,0,0,0
2013/02/08,0,0,0,0
2013/02/11,0,0,0,0
2013/02/12,0,0,0,0
2013/02/13,0,0,0,0
2013/02/14,0,0,0,0
2013/02/15,0,0,0,0
2013/02/18,0,19000,0,19000
2013/02/19,0,0,-2000,-2000
2013/02/20,0,0,0,0
2013/02/21,0,0,-2000,-2000
2013/02/22,0,0,-4000,-4000
2013/02/25,0,0,0,0
2013/02/26,0,0,0,0
2013/02/27,0,0,0,0
2013/02/28,0,0,0,0
2013/03/01,0,0,-20000,-20000
2013/03/04,0,0,-30000,-30000
2013/03/05,0,38000,-20000,18000
2013/03/06,0,0,-35000,-35000
2013/03/07,0,0,-60000,-60000
2013/03/08,0,0,-1000,-1000
2013/03/11,0,0,-3000,-3000
2013/03/12,0,0,0,0
2013/03/13,0,0,-2000,-2000
2013/03/14,0,0,-1000,-1000
2013/03/15,0,19000,-45000,-26000
2013/03/18,0,0,-3000,-3000
2013/03/19,0,0,0,0
2013/03/20,0,0,0,0
2013/03/21,0,0,0,0
2013/03/22,0,0,0,0
2013/03/25,0,0,0,0
2013/03/26,0,0,0,0
2013/03/27,0,0,-9000,-9000
2013/03/28,0,0,0,0
2013/03/29,0,0,0,0
2013/04/01,0,0,-1000,-1000
2013/04/02,0,0,0,0
2013/04/03,0,0,-100000,-100000
2013/04/04,0,0,0,0
2013/04/05,0,0,0,0
2013/04/08,0,0,0,0
2013/04/09,0,0,0,0
2013/04/10,0,0,-135000,-135000
2013/04/11,0,0,0,0
2013/04/12,0,0,-112000,-112000
2013/04/15,0,0,-113000,-113000
2013/04/16,0,0,-68000,-68000
2013/04/17,0,11000,-62000,-51000
2013/04/18,0,0,0,0
2013/04/19,0,8565,-86000,-77435
2013/04/22,0,0,-200000,-200000
2013/04/23,0,0,-102000,-102000
2013/04/24,0,0,-141000,-141000
2013/04/25,0,0,-301000,-301000
2013/04/26,0,0,-202000,-202000
2013/04/29,0,0,-139393,-139393
2013/04/30,0,0,0,0
2013/05/01,0,0,0,0
2013/05/02,0,0,0,0
2013/05/03,0,0,-3000,-3000
2013/05/06,0,0,-2000,-2000
2013/05/07,0,0,-47000,-47000
2013/05/08,0,0,0,0
2013/05/09,0,0,-1000,-1000
2013/05/10,0,0,0,0
2013/05/13,0,0,-71000,-71000
2013/05/14,0,0,-2000,-2000
2013/05/15,0,0,-69000,-69000
2013/05/16,0,0,0,0
2013/05/17,0,0,0,0
2013/05/20,0,0,-46000,-46000
2013/05/21,0,0,0,0
2013/05/22,0,0,-5000,-5000
2013/05/23,0,0,0,0
2013/05/24,0,0,-2000,-2000
2013/05/27,0,0,0,0
2013/05/28,0,0,0,0
2013/05/29,0,0,0,0
2013/05/30,0,0,-6000,-6000
2013/05/31,0,0,0,0
2013/06/03,0,0,0,0
2013/06/04,0,0,0,0
2013/06/05,0,0,0,0
2013/06/06,0,0,0,0
2013/06/07,0,0,-1000,-1000
2013/06/10,0,0,0,0
2013/06/11,0,0,-30000,-30000
2013/06/12,0,0,0,0
2013/06/13,0,0,-28000,-28000
2013/06/14,0,0,0,0
2013/06/17,0,0,0,0
2013/06/18,0,0,0,0
2013/06/19,0,0,0,0
2013/06/20,0,0,0,0
2013/06/21,0,0,0,0
2013/06/24,0,0,0,0
2013/06/25,0,0,0,0
2013/06/26,0,0,0,0
2013/06/27,0,0,0,0
2013/06/28,0,0,0,0
2013/07/01,0,0,0,0
2013/07/02,0,0,0,0
2013/07/03,0,0,0,0
2013/07/04,0,0,0,0
2013/07/05,0,31000,0,31000
2013/07/08,0,0,0,0
2013/07/09,0,0,0,0
2013/07/10,0,0,0,0
2013/07/11,0,0,-965,-965
2013/07/12,0,0,0,0
2013/07/15,0,0,0,0
2013/07/16,0,0,0,0
2013/07/17,0,0,0,0
2013/07/18,0,0,0,0
2013/07/19,0,0,0,0
2013/07/22,0,0,0,0
2013/07/23,0,0,0,0
2013/07/24,0,0,0,0
2013/07/25,0,0,0,0
2013/07/26,0,0,0,0
2013/07/29,0,0,0,0
2013/07/30,0,12000,0,12000
2013/07/31,0,0,0,0
2013/08/01,0,0,0,0
2013/08/02,0,0,0,0
2013/08/05,0,0,0,0
2013/08/06,0,0,0,0
2013/08/07,0,0,0,0
2013/08/08,0,0,0,0
2013/08/09,0,0,0,0
2013/08/12,0,0,0,0
2013/08/13,0,0,0,0
2013/08/14,0,0,0,0
2013/08/15,0,0,0,0
2013/08/16,0,0,0,0
2013/08/19,0,0,0,0
2013/08/20,0,0,0,0
2013/08/21,0,0,0,0
2013/08/22,0,0,0,0
2013/08/23,0,0,0,0
2013/08/26,0,0,0,0
2013/08/27,0,0,0,0
2013/08/28,0,0,0,0
2013/08/29,0,0,0,0
2013/08/30,0,2000,0,2000
2013/09/02,0,0,0,0
2013/09/03,0,0,-10899,-10899
2013/09/04,0,0,0,0
2013/09/05,0,1000,0,1000
2013/09/06,0,0,0,0
2013/09/09,0,0,0,0
2013/09/10,0,0,0,0
2013/09/11,0,0,0,0
2013/09/12,0,8000,0,8000
2013/09/13,0,6000,0,6000
2013/09/16,0,0,0,0
2013/09/17,0,0,0,0
2013/09/18,0,0,0,0
2013/09/19,0,0,0,0
2013/09/20,0,0,0,0
2013/09/23,0,0,0,0
2013/09/24,0,0,0,0
2013/09/25,0,0,-1000,-1000
2013/09/26,0,0,0,0
2013/09/27,0,0,0,0
2013/09/30,0,0,0,0
2013/10/01,0,0,0,0
2013/10/02,0,0,0,0
2013/10/03,0,0,0,0
2013/10/04,0,0,0,0
2013/10/07,0,0,0,0
2013/10/08,0,0,0,0
2013/10/09,0,0,0,0
2013/10/10,0,0,0,0
2013/10/11,0,0,0,0
2013/10/14,0,0,0,0
2013/10/15,0,0,0,0
2013/10/16,0,0,0,0
2013/10/17,0,0,0,0
2013/10/18,0,0,0,0
2013/10/21,0,0,0,0
2013/10/22,0,0,-22000,-22000
2013/10/23,0,0,0,0
2013/10/24,0,0,0,0
2013/10/25,0,0,0,0
2013/10/28,0,0,0,0
2013/10/29,0,0,0,0
2013/10/30,0,0,0,0
2013/10/31,0,0,-1000,-1000
2013/11/01,0,0,0,0
2013/11/04,0,0,0,0
2013/11/05,0,0,0,0
2013/11/06,0,0,0,0
2013/11/07,0,0,0,0
2013/11/08,0,0,0,0
2013/11/11,0,0,0,0
2013/11/12,0,0,0,0
2013/11/13,0,0,0,0
2013/11/14,0,0,0,0
2013/11/15,0,0,0,0
2013/11/18,0,0,0,0
2013/11/19,0,0,0,0
2013/11/20,0,0,0,0
2013/11/21,0,0,0,0
2013/11/22,0,0,0,0
2013/11/25,0,9308,0,9308
2013/11/26,0,0,0,0
2013/11/27,0,0,0,0
2013/11/28,0,0,0,0
2013/11/29,0,0,0,0
2013/12/02,0,0,0,0
2013/12/03,0,0,0,0
2013/12/04,0,0,0,0
2013/12/05,0,0,0,0
2013/12/06,0,0,0,0
2013/12/09,0,0,0,0
2013/12/10,0,0,0,0
2013/12/11,0,0,-1000,-1000
2013/12/12,0,0,0,0
2013/12/13,0,0,0,0
2013/12/16,0,0,0,0
2013/12/17,0,0,0,0
2013/12/18,0,0,0,0
2013/12/19,0,0,0,0
2013/12/20,0,0,0,0
2013/12/23,0,0,0,0
2013/12/24,0,0,-2000,-2000
2013/12/25,0,0,-2000,-2000
2013/12/26,0,0,0,0
2013/12/27,0,0,0,0
2013/12/30,0,0,0,0
2013/12/31,0,0,0,0
2014/01/02,0,0,-1000,-1000
2014/01/03,0,0,-1000,-1000
2014/01/06,0,0,0,0
2014/01/07,0,0,0,0
2014/01/08,0,0,0,0
2014/01/09,0,0,0,0
2014/01/10,0,0,0,0
2014/01/13,0,0,0,0
2014/01/14,0,0,0,0
2014/01/15,0,0,0,0
2014/01/16,0,0,0,0
2014/01/17,0,0,0,0
2014/01/20,0,0,-1000,-1000
2014/01/21,0,0,0,0
2014/01/22,0,0,0,0
2014/01/23,0,0,0,0
2014/01/24,0,0,0,0
2014/01/27,0,0,-1000,-1000
2014/02/05,0,0,0,0
2014/02/06,0,0,0,0
2014/02/07,0,0,0,0
2014/02/10,0,0,0,0
2014/02/11,0,0,0,0
2014/02/12,0,0,0,0
2014/02/13,0,0,-19065,-19065
2014/02/14,0,0,0,0
2014/02/17,0,0,0,0
2014/02/18,0,0,0,0
2014/02/19,0,0,-6000,-6000
2014/02/20,0,0,-6000,-6000
2014/02/21,0,0,0,0
2014/02/24,0,0,0,0
2014/02/25,0,0,0,0
2014/02/26,0,0,0,0
2014/02/27,0,0,0,0
2014/03/03,0,0,-1000,-1000
2014/03/04,0,0,0,0
2014/03/05,0,0,0,0
2014/03/06,0,0,0,0
2014/03/07,0,0,0,0
2014/03/10,0,0,-2000,-2000
2014/03/11,0,0,-1000,-1000
2014/03/12,0,0,0,0
2014/03/13,0,0,0,0
2014/03/14,0,0,0,0
2014/03/17,0,0,0,0
2014/03/18,0,0,0,0
2014/03/19,0,0,0,0
2014/03/20,0,514000,0,514000
2014/03/21,0,326000,0,326000
2014/03/24,0,820000,0,820000
2014/03/25,0,770000,0,770000
2014/03/26,0,1450000,0,1450000
2014/03/27,0,150000,0,150000
2014/03/28,0,200000,-2000,198000
2014/03/31,0,70000,0,70000
2014/04/01,0,381000,0,381000
2014/04/02,0,0,0,0
2014/04/03,0,83000,0,83000
2014/04/07,0,0,-7000,-7000
2014/04/08,0,0,0,0
2014/04/09,0,100000,0,100000
2014/04/10,0,0,-4338,-4338
2014/04/11,0,15000,0,15000
2014/04/14,0,45000,0,45000
2014/04/15,0,0,0,0
2014/04/16,0,100000,-1000,99000
2014/04/17,0,0,-1000,-1000
2014/04/18,0,0,-68000,-68000
2014/04/21,0,0,-45000,-45000
2014/04/22,0,0,-1000,-1000
2014/04/23,0,0,0,0
2014/04/24,0,0,0,0
2014/04/25,0,0,0,0
2014/04/28,0,0,-300000,-300000
2014/04/29,0,0,-110000,-110000
2014/04/30,0,15000,-23000,-8000
2014/05/02,0,0,-185000,-185000
2014/05/05,0,0,-915000,-915000
2014/05/06,0,0,0,0
2014/05/07,0,0,-14000,-14000
2014/05/08,0,0,0,0
2014/05/09,0,0,-1000,-1000
2014/05/12,0,0,0,0
2014/05/13,0,0,0,0
2014/05/14,0,0,0,0
2014/05/15,0,0,-950000,-950000
2014/05/16,0,0,-150000,-150000
2014/05/19,0,0,-1000,-1000
2014/05/20,0,0,0,0
2014/05/21,0,0,0,0
2014/05/22,0,0,0,0
2014/05/23,0,0,0,0
2014/05/26,0,22000,-1000,21000
2014/05/27,0,0,-1000,-1000
2014/05/28,0,0,-1000,-1000
2014/05/29,0,0,-3000,-3000
2014/05/30,0,0,-1000,-1000
2014/06/03,0,0,0,0
2014/06/04,0,0,0,0
2014/06/05,0,1000,-388428,-387428
2014/06/06,0,0,-1000,-1000
2014/06/09,0,0,0,0
2014/06/10,0,0,-30000,-30000
2014/06/11,0,0,0,0
2014/06/12,0,0,-1000,-1000
2014/06/13,0,0,-20000,-20000
2014/06/16,0,0,-5000,-5000
2014/06/17,0,0,0,0
2014/06/18,0,0,-135000,-135000
2014/06/19,0,0,0,0
2014/06/20,0,0,0,0
2014/06/23,0,0,0,0
2014/06/24,0,0,0,0
2014/06/25,0,0,-25000,-25000
2014/06/26,0,0,0,0
2014/06/27,0,0,-100000,-100000
2014/06/30,0,19000,0,19000
2014/07/01,0,0,0,0
2014/07/02,0,0,-3361,-3361
2014/07/03,0,0,-560000,-560000
2014/07/04,0,0,0,0
2014/07/07,0,0,-90000,-90000
2014/07/08,0,0,-451000,-451000
2014/07/09,0,0,0,0
2014/07/10,0,0,0,0
2014/07/11,0,0,0,0
2014/07/14,0,0,0,0
2014/07/15,0,0,0,0
2014/07/16,0,0,-30000,-30000
2014/07/17,0,0,0,0
2014/07/18,0,0,0,0
2014/07/21,0,0,-30000,-30000
2014/07/22,0,0,0,0
2014/07/23,0,0,0,0
2014/07/24,0,0,0,0
2014/07/25,0,0,0,0
2014/07/28,0,0,-50000,-50000
2014/07/29,0,0,0,0
2014/07/30,0,0,-2000,-2000
2014/07/31,0,2000,0,2000
2014/08/01,0,0,0,0
2014/08/04,0,0,0,0
2014/08/05,0,0,0,0
2014/08/06,0,0,0,0
2014/08/07,0,0,0,0
2014/08/08,0,0,-100000,-100000
2014/08/11,0,0,0,0
2014/08/12,0,3000,0,3000
2014/08/13,0,0,-261000,-261000
2014/08/14,0,0,-39000,-39000
2014/08/15,0,0,0,0
2014/08/18,0,0,0,0
2014/08/19,0,0,0,0
2014/08/20,0,0,0,0
2014/08/21,0,0,-10000,-10000
2014/08/22,0,0,0,0
2014/08/25,0,0,0,0
2014/08/26,0,0,0,0
2014/08/27,0,0,-70000,-70000
2014/08/28,0,0,-206000,-206000
2014/08/29,0,0,0,0
2014/09/01,0,0,-20000,-20000
2014/09/02,0,0,-30000,-30000
2014/09/03,0,0,-100000,-100000
2014/09/04,0,0,0,0
2014/09/05,0,0,0,0
2014/09/09,0,207000,0,207000
2014/09/10,0,0,0,0
2014/09/11,0,0,0,0
2014/09/12,0,0,0,0
2014/09/15,0,0,-7000,-7000
2014/09/16,0,0,-7000,-7000
2014/09/17,0,0,0,0
2014/09/18,0,0,0,0
2014/09/19,0,0,0,0
2014/09/22,0,3240,0,3240
2014/09/23,0,3000,0,3000
2014/09/24,0,0,0,0
2014/09/25,0,0,0,0
2014/09/26,0,0,0,0
2014/09/29,0,0,0,0
2014/09/30,0,0,0,0
2014/10/01,0,0,0,0
2014/10/02,0,0,0,0
2014/10/03,0,0,0,0
2014/10/06,0,0,0,0
2014/10/07,0,0,0,0
2014/10/08,0,0,0,0
2014/10/09,0,0,0,0
2014/10/13,0,0,0,0
2014/10/14,0,0,0,0
2014/10/15,0,0,0,0
2014/10/16,0,0,0,0
2014/10/17,0,0,0,0
2014/10/20,0,0,0,0
2014/10/21,0,4000,0,4000
2014/10/22,0,0,0,0
2014/10/23,0,6000,0,6000
2014/10/24,0,0,0,0
2014/10/27,0,0,-99000,-99000
2014/10/28,0,164000,0,164000
2014/10/29,0,0,0,0
2014/10/30,0,0,0,0
2014/10/31,0,0,0,0
2014/11/03,0,0,0,0
2014/11/04,0,0,0,0
2014/11/05,0,0,0,0
2014/11/06,0,0,0,0
2014/11/07,0,0,0,0
2014/11/10,0,0,0,0
2014/11/11,0,0,0,0
2014/11/12,0,0,0,0
2014/11/13,0,0,0,0
2014/11/14,0,0,0,0
2014/11/17,0,0,0,0
2014/11/18,0,0,0,0
2014/11/19,0,0,0,0
2014/11/20,0,0,0,0
2014/11/21,0,0,0,0
2014/11/24,0,0,0,0
2014/11/25,0,0,0,0
2014/11/26,0,0,0,0
2014/11/27,0,0,-1000,-1000
2014/11/28,0,0,0,0
2014/12/01,0,0,0,0
2014/12/02,0,0,0,0
2014/12/03,0,8000,0,8000
2014/12/04,0,0,0,0
2014/12/05,0,0,-7000,-7000
2014/12/08,0,0,0,0
2014/12/09,0,0,0,0
2014/12/10,0,0,0,0
2014/12/11,0,291,0,291
2014/12/12,0,0,0,0
2014/12/15,0,0,0,0
2014/12/16,0,0,-1000,-1000
2014/12/17,0,0,-207000,-207000
2014/12/18,0,0,0,0
2014/12/19,0,0,0,0
2014/12/22,0,0,0,0
2014/12/23,0,0,0,0
2014/12/24,0,0,0,0
2014/12/25,0,0,0,0
2014/12/26,0,0,0,0
2014/12/29,0,0,0,0
2014/12/30,0,0,0,0
2014/12/31,0,0,0,0
2015/01/01,0,0,0,0
2015/01/02,0,0,0,0
2015/01/05,0,0,0,0
2015/01/06,0,0,0,0
2015/01/07,0,0,0,0
2015/01/08,0,0,0,0
2015/01/09,0,0,0,0
2015/01/12,0,0,0,0
2015/01/13,0,0,0,0
2015/01/14,0,0,0,0
2015/01/15,0,0,0,0
2015/01/16,0,0,0,0
2015/01/19,0,0,0,0
2015/01/20,0,0,0,0
2015/01/21,0,0,0,0
2015/01/22,0,0,-49000,-49000
2015/01/23,0,0,0,0
2015/01/26,0,0,0,0
2015/01/27,0,0,0,0
2015/01/28,0,150000,0,150000
2015/01/29,0,660000,0,660000
2015/01/30,0,540000,-3000,537000
2015/02/02,0,50000,0,50000
2015/02/03,0,0,0,0
2015/02/04,0,50000,0,50000
2015/02/05,0,50000,0,50000
2015/02/06,0,0,0,0
2015/02/09,0,0,0,0
2015/02/10,0,0,0,0
2015/02/11,0,0,0,0
2015/02/12,0,0,0,0
2015/02/13,0,2000,-1000,1000
2015/02/16,0,0,0,0
2015/02/17,0,0,0,0
2015/02/18,0,0,0,0
2015/02/19,0,0,0,0
2015/02/20,0,0,0,0
2015/02/23,0,0,0,0
2015/02/24,0,0,0,0
2015/02/25,0,0,-7000,-7000
2015/02/26,0,0,-1000,-1000
2015/02/27,0,0,0,0
2015/03/02,0,0,0,0
2015/03/03,0,0,0,0
2015/03/04,0,0,-1000,-1000
2015/03/05,0,0,0,0
2015/03/06,0,0,0,0
2015/03/09,0,0,-1000,-1000
2015/03/10,0,0,0,0
2015/03/11,0,0,0,0
2015/03/12,0,0,-574,-574
2015/03/13,0,0,0,0
2015/03/16,0,1000,-164000,-163000
2015/03/17,0,0,0,0
2015/03/18,0,0,0,0
2015/03/19,0,0,0,0
2015/03/20,0,0,-8000,-8000
2015/03/23,0,0,0,0
2015/03/24,0,0,0,0
2015/03/25,0,0,0,0
2015/03/26,0,0,0,0
2015/03/27,0,0,0,0
2015/03/30,0,0,0,0
2015/03/31,0,0,0,0
2015/04/01,0,0,0,0
2015/04/02,0,0,0,0
2015/04/03,0,0,0,0
2015/04/06,0,0,0,0
2015/04/07,0,0,0,0
2015/04/08,0,0,0,0
2015/04/09,0,0,0,0
2015/04/10,0,0,0,0
2015/04/13,0,0,0,0
2015/04/14,0,0,0,0
2015/04/15,0,11000,-10000,1000
2015/04/16,0,0,0,0
2015/04/17,0,0,-500000,-500000
2015/04/20,0,0,-494000,-494000
2015/04/21,0,0,-6000,-6000
2015/04/22,0,0,0,0
2015/04/23,0,0,0,0
2015/04/24,0,0,0,0
2015/04/27,0,0,-500000,-500000
2015/04/28,0,0,-1000,-1000
2015/04/29,0,0,0,0
2015/04/30,0,0,0,0
2015/05/01,0,0,0,0
2015/05/04,0,0,0,0
2015/05/05,0,0,0,0
2015/05/06,0,0,0,0
2015/05/07,0,0,0,0
2015/05/08,0,0,0,0
2015/05/11,0,0,0,0
2015/05/12,0,0,0,0
2015/05/13,0,0,0,0
2015/05/14,0,1000,0,1000
2015/05/15,0,0,0,0
2015/05/18,0,0,0,0
2015/05/19,0,0,0,0
2015/05/20,0,0,0,0
2015/05/21,0,0,0,0
2015/05/22,0,0,0,0
2015/05/25,0,0,0,0
2015/05/26,0,0,0,0
2015/05/27,0,0,0,0
2015/05/28,0,69000,-1000,68000
2015/05/29,0,103000,0,103000
2015/06/01,0,67000,0,67000
2015/06/02,0,67000,0,67000
2015/06/03,0,102000,0,102000
2015/06/04,0,1569,0,1569
2015/06/05,0,168000,-1000,167000
2015/06/08,0,69000,0,69000
2015/06/09,0,220000,0,220000
2015/06/10,0,100000,0,100000
2015/06/11,0,0,0,0
2015/06/12,0,0,0,0
2015/06/15,0,0,0,0
2015/06/16,0,0,0,0
2015/06/17,0,0,0,0
2015/06/18,0,0,0,0
2015/06/19,0,0,0,0
2015/06/22,0,0,-5910,-5910
2015/06/23,0,0,0,0
2015/06/24,0,0,0,0
2015/06/25,0,0,0,0
2015/06/26,0,20000,0,20000
2015/06/29,0,0,0,0
2015/06/30,0,0,0,0
2015/07/01,0,0,0,0
2015/07/02,0,0,0,0
2015/07/03,0,0,0,0
2015/07/06,0,0,0,0
2015/07/07,0,0,0,0
2015/07/08,0,0,0,0
2015/07/09,0,164000,0,164000
2015/07/10,0,0,0,0
2015/07/13,0,0,0,0
2015/07/14,0,0,0,0
2015/07/15,0,3000,0,3000
2015/07/16,0,0,0,0
2015/07/17,0,106000,0,106000
2015/07/20,0,0,0,0
2015/07/21,0,108000,-2000,106000
2015/07/22,0,443000,0,443000
2015/07/23,0,0,0,0
2015/07/24,0,1000,0,1000
2015/07/27,0,104000,0,104000
2015/07/28,0,6000,0,6000
2015/07/29,0,0,0,0
2015/07/30,0,0,0,0
2015/07/31,0,0,0,0
2015/08/03,0,0,0,0
2015/08/04,0,0,0,0
2015/08/05,0,0,0,0
2015/08/06,0,0,-413000,-413000
2015/08/07,0,0,0,0
2015/08/10,0,0,0,0
2015/08/11,0,0,0,0
2015/08/12,0,0,0,0
2015/08/13,0,0,0,0
2015/08/14,0,0,0,0
2015/08/17,0,0,0,0
2015/08/18,0,0,0,0
2015/08/19,0,145000,0,145000
2015/08/20,0,332000,0,332000
2015/08/21,0,193000,0,193000
2015/08/24,0,196000,0,196000
2015/08/25,0,360334,0,360334
2015/08/26,0,0,0,0
2015/08/27,0,0,-287000,-287000
2015/08/28,0,0,0,0
2015/08/31,0,0,-4000,-4000
2015/09/01,0,0,-7000,-7000
2015/09/02,0,0,0,0
2015/09/03,0,0,0,0
2015/09/04,0,0,-148000,-148000
2015/09/07,0,0,0,0
2015/09/08,0,0,-202000,-202000
2015/09/09,0,0,0,0
2015/09/10,0,0,0,0
2015/09/11,0,0,-60000,-60000
2015/09/14,0,0,0,0
2015/09/15,0,0,0,0
2015/09/16,0,0,-50000,-50000
2015/09/17,0,0,-50000,-50000
2015/09/18,0,0,0,0
2015/09/21,0,0,0,0
2015/09/22,0,0,-75709,-75709
2015/09/23,0,0,-125000,-125000
2015/09/24,0,0,0,0
2015/09/25,0,0,0,0
2015/09/28,0,0,0,0
2015/09/29,0,0,0,0
2015/09/30,0,0,0,0
2015/10/01,0,0,0,0
2015/10/02,0,5000,0,5000
2015/10/05,0,0,0,0
2015/10/06,0,0,-140000,-140000
2015/10/07,0,0,0,0
2015/10/08,0,0,0,0
2015/10/09,0,0,0,0
2015/10/12,0,0,0,0
2015/10/13,0,0,0,0
2015/10/14,0,0,0,0
2015/10/15,0,0,0,0
2015/10/16,0,0,-69000,-69000
2015/10/19,0,0,0,0
2015/10/20,0,0,-68000,-68000
2015/10/21,0,0,0,0
2015/10/22,0,0,0,0
2015/10/23,0,0,0,0
2015/10/26,0,0,0,0
2015/10/27,0,0,0,0
2015/10/28,0,0,0,0
2015/10/29,0,0,0,0
2015/10/30,0,0,0,0
2015/11/02,0,0,0,0
2015/11/03,0,0,0,0
2015/11/04,0,7000,0,7000
2015/11/05,0,0,0,0
2015/11/06,0,0,0,0
2015/11/09,0,0,0,0
2015/11/10,0,0,0,0
2015/11/11,0,0,0,0
2015/11/12,0,0,0,0
2015/11/13,0,0,0,0
2015/11/16,0,0,0,0
2015/11/17,0,0,0,0
2015/11/18,0,0,0,0
2015/11/19,0,0,0,0
2015/11/20,0,0,0,0
2015/11/23,0,0,0,0
2015/11/24,0,0,0,0
2015/11/25,0,0,0,0
2015/11/26,0,0,0,0
2015/11/27,0,0,-139000,-139000
2015/11/30,0,0,0,0
2015/12/01,0,0,0,0
2015/12/02,0,0,0,0
2015/12/03,0,0,0,0
2015/12/04,0,0,0,0
2015/12/07,0,0,0,0
2015/12/08,0,0,0,0
2015/12/09,0,0,0,0
2015/12/10,0,0,0,0
2015/12/11,0,0,0,0
2015/12/14,0,0,-1115,-1115
2015/12/15,0,0,0,0
2015/12/16,0,0,0,0
2015/12/17,0,0,0,0
2015/12/18,0,0,0,0
2015/12/21,0,0,0,0
2015/12/22,0,0,0,0
2015/12/23,0,0,0,0
2015/12/24,0,0,0,0
2015/12/25,0,0,0,0
2015/12/28,0,0,-21000,-21000
2015/12/29,0,0,-24000,-24000
2015/12/30,0,0,0,0
2015/12/31,0,0,0,0
2016/01/01,0,0,0,0
2016/01/04,0,0,0,0
2016/01/05,0,0,0,0
2016/01/06,0,0,0,0
2016/01/07,0,0,0,0
2016/01/08,0,0,0,0
2016/01/11,0,0,0,0
2016/01/12,0,0,0,0
2016/01/13,0,0,0,0
2016/01/14,0,0,0,0
2016/01/15,0,0,-1000,-1000
2016/01/18,0,0,0,0
2016/01/19,0,0,0,0
2016/01/20,0,0,-1000,-1000
2016/01/21,0,0,-41000,-41000
2016/01/22,0,0,0,0
2016/01/25,0,0,0,0
2016/01/26,0,0,0,0
2016/01/27,0,0,0,0
2016/01/28,0,0,0,0
2016/01/29,0,0,0,0
2016/02/01,0,0,-34000,-34000
2016/02/02,0,0,0,0
2016/02/03,0,0,-140000,-140000
2016/02/04,0,0,0,0
2016/02/05,0,0,0,0
2016/02/08,0,0,0,0
2016/02/09,0,0,0,0
2016/02/10,0,0,0,0
2016/02/11,0,0,0,0
2016/02/12,0,0,0,0
2016/02/15,0,887,0,887
2016/02/16,0,0,0,0
2016/02/17,0,0,0,0
2016/02/18,0,0,0,0
2016/02/19,0,0,0,0
2016/02/22,0,0,0,0
2016/02/23,0,0,0,0
2016/02/24,0,0,0,0
2016/02/25,0,0,0,0
2016/02/26,0,0,0,0
2016/02/29,0,0,0,0
2016/03/01,0,0,0,0
2016/03/02,0,0,0,0
2016/03/03,0,0,-118000,-118000
2016/03/04,0,0,0,0
2016/03/07,0,0,0,0
2016/03/08,0,0,0,0
2016/03/09,0,0,0,0
2016/03/10,0,0,0,0
2016/03/11,0,0,0,0
2016/03/14,0,0,0,0
2016/03/15,0,0,-59000,-59000
2016/03/16,0,0,0,0
2016/03/17,0,0,0,0
2016/03/18,0,0,0,0
2016/03/21,0,0,0,0
2016/03/22,0,0,0,0
2016/03/23,0,0,0,0
2016/03/24,0,0,0,0
2016/03/25,0,0,0,0
2016/03/28,0,0,0,0
2016/03/29,0,0,0,0
2016/03/30,0,0,0,0
2016/03/31,0,0,0,0
2016/04/01,0,0,0,0
2016/04/04,0,0,0,0
2016/04/05,0,0,0,0
2016/04/06,0,0,0,0
2016/04/07,0,0,0,0
2016/04/08,0,0,0,0
2016/04/11,0,0,0,0
2016/04/12,0,0,0,0
2016/04/13,0,0,0,0
2016/04/14,0,0,0,0
2016/04/15,0,5000,0,5000
2016/04/18,0,0,0,0
2016/04/19,0,0,0,0
2016/04/20,0,0,0,0
2016/04/21,0,0,0,0
2016/04/22,0,0,0,0
2016/04/25,0,0,0,0
2016/04/26,0,0,0,0
2016/04/27,0,0,0,0
2016/04/28,0,0,0,0
2016/04/29,0,0,0,0
2016/05/02,0,0,0,0
2016/05/03,0,0,0,0
2016/05/04,0,0,0,0
2016/05/05,0,0,0,0
2016/05/06,0,0,0,0
2016/05/09,0,0,0,0
2016/05/10,0,200000,-341,199659
2016/05/11,0,200000,0,200000
2016/05/12,0,0,0,0
2016/05/13,0,34000,0,34000
2016/05/16,0,334000,0,334000
2016/05/17,0,713000,0,713000
2016/05/18,0,155000,0,155000
2016/05/19,0,0,-204000,-204000
2016/05/20,0,0,0,0
2016/05/23,0,0,0,0
2016/05/24,0,0,0,0
2016/05/25,0,0,-104000,-104000
2016/05/26,0,1037000,-102000,935000
2016/05/27,0,236000,-98000,138000
2016/05/30,0,300000,0,300000
2016/05/31,0,400000,0,400000
2016/06/01,0,350000,0,350000
2016/06/02,0,0,0,0
2016/06/03,0,55000,0,55000
2016/06/06,0,0,0,0
2016/06/07,0,0,0,0
2016/06/08,0,0,0,0
2016/06/09,0,0,0,0
2016/06/10,0,0,0,0
2016/06/13,0,0,-65000,-65000
2016/06/14,0,425000,0,425000
2016/06/15,0,1438000,-224000,1214000
2016/06/16,0,135000,0,135000
2016/06/17,0,970000,0,970000
2016/06/20,0,1731000,0,1731000
2016/06/21,0,898000,0,898000
2016/06/22,0,872000,0,872000
2016/06/23,0,600000,0,600000
2016/06/24,0,626000,0,626000
2016/06/27,0,23000,0,23000
2016/06/28,0,470000,0,470000
2016/06/29,0,258000,0,258000
2016/06/30,0,30000,0,30000
2016/07/01,0,365000,-150000,215000
2016/07/04,0,250000,-242000,8000
2016/07/05,0,240000,-315000,-75000
2016/07/06,0,151000,-8000,143000
2016/07/07,0,288000,-100000,188000
2016/07/08,0,0,0,0
2016/07/11,0,300000,-300000,0
2016/07/12,0,864000,0,864000
2016/07/13,0,0,0,0
2016/07/14,0,0,-100000,-100000
2016/07/15,0,0,-371000,-371000
2016/07/18,0,474000,0,474000
2016/07/19,0,130000,0,130000
2016/07/20,0,0,-2000,-2000
2016/07/21,0,68000,-62000,6000
2016/07/22,0,50000,-838000,-788000
2016/07/25,0,0,-1897000,-1897000
2016/07/26,0,330000,-278000,52000
2016/07/27,0,70000,-207000,-137000
2016/07/28,0,498000,0,498000
2016/07/29,0,368000,-3546,364454
2016/08/01,0,110000,0,110000
2016/08/02,0,260000,0,260000
2016/08/03,0,100000,-211000,-111000
2016/08/04,0,462000,-221000,241000
2016/08/05,0,0,-161000,-161000
2016/08/08,0,103000,-537000,-434000
2016/08/09,0,200000,-1161000,-961000
2016/08/10,0,1100000,-400000,700000
2016/08/11,0,1847000,-19000,1828000
2016/08/12,0,583000,-1000,582000
2016/08/15,0,200000,-300000,-100000
2016/08/16,0,0,-259000,-259000
2016/08/17,0,0,-258000,-258000
2016/08/18,0,0,0,0
2016/08/19,0,0,0,0
2016/08/22,0,150000,-556000,-406000
2016/08/23,0,100000,0,100000
2016/08/24,0,150000,-1000,149000
2016/08/25,0,749000,0,749000
2016/08/26,0,0,0,0
2016/08/29,0,0,-222000,-222000
2016/08/30,0,0,0,0
2016/08/31,0,100000,-256000,-156000
2016/09/01,0,150000,0,150000
2016/09/02,0,200000,0,200000
2016/09/05,0,193000,0,193000
2016/09/06,0,100000,0,100000
2016/09/07,0,400000,0,400000
2016/09/08,0,189000,0,189000
2016/09/09,0,45000,0,45000
2016/09/12,0,49000,0,49000
2016/09/13,0,0,0,0
2016/09/14,0,100000,0,100000
2016/09/15,0,0,0,0
2016/09/16,0,0,0,0
2016/09/19,0,0,0,0
2016/09/20,0,0,0,0
2016/09/21,0,0,0,0
2016/09/22,0,470000,0,470000
2016/09/23,0,0,0,0
2016/09/26,0,0,0,0
2016/09/27,0,0,0,0
2016/09/28,0,0,0,0
2016/09/29,0,150000,0,150000
2016/09/30,0,272,0,272
2016/10/03,0,0,0,0
2016/10/04,0,0,0,0
2016/10/05,0,0,0,0
2016/10/06,0,0,-155000,-155000
2016/10/07,0,0,0,0
2016/10/10,0,0,0,0
2016/10/11,0,110000,0,110000
2016/10/12,0,236000,0,236000
2016/10/13,0,386000,0,386000
2016/10/14,0,989000,0,989000
2016/10/17,0,892000,0,892000
2016/10/18,0,1030000,0,1030000
2016/10/19,0,370000,0,370000
2016/10/20,0,264000,0,264000
2016/10/21,0,13000,0,13000
2016/10/24,0,110000,0,110000
2016/10/25,0,150000,0,150000
2016/10/26,0,0,0,0
2016/10/27,0,186000,0,186000
2016/10/28,0,499000,0,499000
2016/10/31,0,0,0,0
2016/11/01,0,91000,0,91000
2016/11/02,0,0,-110,-110
2016/11/03,0,0,-440000,-440000
2016/11/04,0,0,0,0
2016/11/07,0,0,0,0
2016/11/08,0,0,0,0
2016/11/09,0,0,0,0
2016/11/10,0,0,0,0
2016/11/11,0,50000,0,50000
2016/11/14,0,270000,0,270000
2016/11/15,0,491000,0,491000
2016/11/16,0,0,0,0
2016/11/17,0,300000,0,300000
2016/11/18,0,235000,-123000,112000
2016/11/21,0,140000,-30000,110000
2016/11/22,0,280000,-150000,130000
2016/11/23,0,0,-70000,-70000
2016/11/24,0,0,-100000,-100000
2016/11/25,0,80000,-120000,-40000
2016/11/28,0,0,-309000,-309000
2016/11/29,0,0,-102000,-102000
2016/11/30,0,0,-975000,-975000
2016/12/01,0,150000,-266000,-116000
2016/12/02,0,80000,0,80000
2016/12/05,0,80000,-950000,-870000
2016/12/06,0,80000,-455000,-375000
2016/12/07,0,0,0,0
2016/12/08,0,0,-105000,-105000
2016/12/09,0,100000,0,100000
2016/12/12,0,100000,0,100000
2016/12/13,0,0,-38000,-38000
2016/12/14,0,0,-500000,-500000
2016/12/15,0,0,0,0
2016/12/16,0,0,-290000,-290000
2016/12/19,0,0,-300000,-300000
2016/12/20,0,0,0,0
2016/12/21,0,0,-440000,-440000
2016/12/22,0,0,-391000,-391000
2016/12/23,0,0,0,0
2016/12/26,0,0,0,0
2016/12/27,0,0,0,0
2016/12/28,0,0,0,0
2016/12/29,0,0,0,0
2016/12/30,0,0,0,0
2017/01/02,0,0,0,0
2017/01/03,0,0,-194000,-194000
2017/01/04,0,0,-300000,-300000
2017/01/05,0,3000,0,3000
2017/01/06,0,0,-50000,-50000
2017/01/09,0,0,0,0
2017/01/10,0,0,0,0
2017/01/11,0,0,-244000,-244000
2017/01/12,0,0,-123000,-123000
2017/01/13,0,0,-271000,-271000
2017/01/16,0,0,-185000,-185000
2017/01/17,0,0,-240000,-240000
2017/01/18,0,0,0,0
2017/01/19,0,0,-367000,-367000
2017/01/20,0,0,-368000,-368000
2017/01/23,0,385,-282000,-281615
2017/01/24,0,110000,0,110000
2017/01/25,0,0,0,0
2017/01/26,0,0,0,0
2017/01/27,0,0,0,0
2017/01/30,0,0,0,0
2017/01/31,0,0,0,0
2017/02/01,0,0,0,0
2017/02/02,0,60000,0,60000
2017/02/03,0,68000,0,68000
2017/02/06,0,0,0,0
2017/02/07,0,0,0,0
2017/02/08,0,0,0,0
2017/02/09,0,0,-314000,-314000
2017/02/10,0,0,-100000,-100000
2017/02/13,0,0,-650000,-650000
2017/02/14,0,0,-1260000,-1260000
2017/02/15,0,0,-446000,-446000
2017/02/16,0,0,-420000,-420000
2017/02/17,0,0,-344000,-344000
2017/02/20,0,0,-100000,-100000
2017/02/21,0,0,-100000,-100000
2017/02/22,0,62000,-100000,-38000
2017/02/23,0,0,-200000,-200000
2017/02/24,0,60000,0,60000
2017/02/27,0,0,0,0
2017/02/28,0,0,0,0
2017/03/01,0,0,-180000,-180000
2017/03/02,0,0,-100000,-100000
2017/03/03,0,0,-100000,-100000
2017/03/06,0,265000,-100000,165000
2017/03/07,0,0,0,0
2017/03/08,0,0,0,0
2017/03/09,0,0,0,0
2017/03/10,0,0,-100000,-100000
2017/03/13,0,0,-100000,-100000
2017/03/14,0,0,-220000,-220000
2017/03/15,0,0,-280000,-280000
2017/03/16,0,0,-230000,-230000
2017/03/17,0,61000,-80000,-19000
2017/03/20,0,0,-243000,-243000
2017/03/21,0,0,-122000,-122000
2017/03/22,0,0,-100000,-100000
2017/03/23,0,0,-100000,-100000
2017/03/24,0,30000,0,30000
2017/03/27,0,0,-581000,-581000
2017/03/28,0,0,-132000,-132000
2017/03/29,0,0,-185000,-185000
2017/03/30,0,0,-537000,-537000
2017/03/31,0,0,-287000,-287000
2017/04/03,0,0,0,0
2017/04/04,0,0,0,0
2017/04/05,0,0,-80000,-80000
2017/04/06,0,0,0,0
2017/04/07,0,0,-87000,-87000
2017/04/10,0,0,0,0
2017/04/11,0,0,-41000,-41000
2017/04/12,0,0,0,0
2017/04/13,0,0,-360000,-360000
2017/04/14,0,0,-297000,-297000
2017/04/17,0,0,0,0
2017/04/18,0,0,0,0
2017/04/19,0,0,0,0
