Date,Open,Buy,Sell,Total
2007/01/02,0,729000,-546000,183000
2007/01/03,0,400000,-219000,181000
2007/01/04,0,544000,-700000,-156000
2007/01/05,0,0,-2095000,-2095000
2007/01/08,0,695000,-240000,455000
2007/01/09,0,0,0,0
2007/01/10,0,0,-6092000,-6092000
2007/01/11,0,7000,-2170000,-2163000
2007/01/12,0,3000,-1942000,-1939000
2007/01/15,0,0,-1282000,-1282000
2007/01/16,0,5000,-46000,-41000
2007/01/17,0,18000,0,18000
2007/01/18,0,800000,0,800000
2007/01/19,0,0,-922000,-922000
2007/01/22,0,1212000,-3000,1209000
2007/01/23,0,1065000,-16000,1049000
2007/01/24,0,11000,-50000,-39000
2007/01/25,0,322000,-260000,62000
2007/01/26,0,0,0,0
2007/01/29,0,0,-2000,-2000
2007/01/30,0,172000,0,172000
2007/01/31,0,0,-900000,-900000
2007/02/01,0,0,-39000,-39000
2007/02/02,0,2000,0,2000
2007/02/05,0,336000,-110000,226000
2007/02/06,0,60000,-530000,-470000
2007/02/07,0,0,-450000,-450000
2007/02/08,0,7000,0,7000
2007/02/09,0,1692000,-5240000,-3548000
2007/02/12,0,130000,-2750000,-2620000
2007/02/13,0,145000,-1530000,-1385000
2007/02/14,0,0,-2028000,-2028000
2007/02/15,0,0,0,0
2007/02/16,0,0,0,0
2007/02/19,0,0,0,0
2007/02/20,0,0,0,0
2007/02/21,0,0,0,0
2007/02/22,0,0,0,0
2007/02/23,0,0,0,0
2007/02/26,0,40000,-600000,-560000
2007/02/27,0,394000,-118000,276000
2007/02/28,0,0,0,0
2007/03/01,0,9000,-830000,-821000
2007/03/02,0,0,-560000,-560000
2007/03/05,0,0,0,0
2007/03/06,0,55000,-17000,38000
2007/03/07,0,0,-3450000,-3450000
2007/03/08,0,670000,-1000000,-330000
2007/03/09,0,300000,-50000,250000
2007/03/12,0,11000,-131000,-120000
2007/03/13,0,0,-2220000,-2220000
2007/03/14,0,0,-2206000,-2206000
2007/03/15,0,0,-200000,-200000
2007/03/16,0,200000,0,200000
2007/03/19,0,0,0,0
2007/03/20,0,250000,-1230000,-980000
2007/03/21,0,0,-19000,-19000
2007/03/22,0,0,-210000,-210000
2007/03/23,0,150000,-28000,122000
2007/03/26,0,0,-1000,-1000
2007/03/27,0,0,-1870000,-1870000
2007/03/28,0,0,-354000,-354000
2007/03/29,0,0,0,0
2007/03/30,0,400000,-115000,285000
2007/04/02,0,948000,-130000,818000
2007/04/03,0,167000,0,167000
2007/04/04,0,1000,-200000,-199000
2007/04/05,0,0,0,0
2007/04/06,0,0,0,0
2007/04/09,0,100000,-1000,99000
2007/04/10,0,900000,-3000,897000
2007/04/11,0,2000,-452000,-450000
2007/04/12,0,0,-869000,-869000
2007/04/13,0,0,-899000,-899000
2007/04/16,0,0,-198000,-198000
2007/04/17,0,360000,0,360000
2007/04/18,0,0,-160000,-160000
2007/04/19,0,543000,0,543000
2007/04/20,0,102000,-200000,-98000
2007/04/23,0,433000,-130000,303000
2007/04/24,0,191000,-20000,171000
2007/04/25,0,154000,-59000,95000
2007/04/26,0,272000,-706000,-434000
2007/04/27,0,0,0,0
2007/04/30,0,0,0,0
2007/05/01,0,0,0,0
2007/05/02,0,21000,0,21000
2007/05/03,0,360000,-800000,-440000
2007/05/04,0,1114000,-1050000,64000
2007/05/07,0,40000,-111000,-71000
2007/05/08,0,0,-4000,-4000
2007/05/09,0,0,0,0
2007/05/10,0,500000,-1056000,-556000
2007/05/11,0,700000,-1515000,-815000
2007/05/14,0,42000,-112000,-70000
2007/05/15,0,25000,-900000,-875000
2007/05/16,0,0,-13000,-13000
2007/05/17,0,0,-3000,-3000
2007/05/18,0,0,0,0
2007/05/21,0,0,-500000,-500000
2007/05/22,0,6000,0,6000
2007/05/23,0,155000,-372000,-217000
2007/05/24,0,0,-1950000,-1950000
2007/05/25,0,1000,0,1000
2007/05/28,0,0,0,0
2007/05/29,0,0,-100000,-100000
2007/05/30,0,0,-600000,-600000
2007/05/31,0,20000,-200000,-180000
2007/06/01,0,0,-420000,-420000
2007/06/04,0,4000,-200000,-196000
2007/06/05,0,0,-2606000,-2606000
2007/06/06,0,303000,-1505000,-1202000
2007/06/07,0,0,0,0
2007/06/08,0,0,0,0
2007/06/11,0,0,-10000,-10000
2007/06/12,0,8000,0,8000
2007/06/13,0,0,-6000,-6000
2007/06/14,0,0,-105000,-105000
2007/06/15,0,13000,-27000,-14000
2007/06/18,0,0,0,0
2007/06/19,0,0,0,0
2007/06/20,0,0,-4000,-4000
2007/06/21,0,0,-6000,-6000
2007/06/22,0,0,0,0
2007/06/25,0,200000,-724000,-524000
2007/06/26,0,0,0,0
2007/06/27,0,1600000,-1000000,600000
2007/06/28,0,0,-555000,-555000
2007/06/29,0,2000,0,2000
2007/07/02,0,0,0,0
2007/07/03,0,1300000,-2000,1298000
2007/07/04,0,216000,0,216000
2007/07/05,0,1638000,-263000,1375000
2007/07/06,0,895000,-200000,695000
2007/07/09,0,830000,0,830000
2007/07/10,0,11000,-42000,-31000
2007/07/11,0,0,-429000,-429000
2007/07/12,0,0,-11000,-11000
2007/07/13,0,0,0,0
2007/07/16,0,0,0,0
2007/07/17,0,618000,-7000,611000
2007/07/18,0,3782000,0,3782000
2007/07/19,0,4000,0,4000
2007/07/20,0,6000,0,6000
2007/07/23,0,1078000,-20000,1058000
2007/07/24,0,1000,0,1000
2007/07/25,0,2553000,-432000,2121000
2007/07/26,0,37000,-151000,-114000
2007/07/27,0,66000,0,66000
2007/07/30,0,200000,-2000,198000
2007/07/31,0,1200000,-2673000,-1473000
2007/08/01,0,0,-200000,-200000
2007/08/02,0,310000,-2850000,-2540000
2007/08/03,0,0,0,0
2007/08/06,0,7000,-300000,-293000
2007/08/07,0,259000,0,259000
2007/08/08,0,1243000,0,1243000
2007/08/09,0,103000,-350000,-247000
2007/08/10,0,223000,-66000,157000
2007/08/13,0,1106000,0,1106000
2007/08/14,0,10000,0,10000
2007/08/15,0,211000,0,211000
2007/08/16,0,13000,-250000,-237000
2007/08/17,0,35000,-1321000,-1286000
2007/08/20,0,264000,-10000,254000
2007/08/21,0,0,-10000,-10000
2007/08/22,0,1940000,-10000,1930000
2007/08/23,0,606000,-50000,556000
2007/08/24,0,0,-5000,-5000
2007/08/27,0,4000,-21000,-17000
2007/08/28,0,780000,0,780000
2007/08/29,0,0,0,0
2007/08/30,0,650000,-1010000,-360000
2007/08/31,0,680000,-2229000,-1549000
2007/09/03,0,19000,-20000,-1000
2007/09/04,0,45000,-1000,44000
2007/09/05,0,0,-95000,-95000
2007/09/06,0,1219000,0,1219000
2007/09/07,0,500000,-33000,467000
2007/09/10,0,0,-2000,-2000
2007/09/11,0,14000,-1607000,-1593000
2007/09/12,0,4000,0,4000
2007/09/13,0,130000,0,130000
2007/09/14,0,50000,-450000,-400000
2007/09/17,0,0,-10000,-10000
2007/09/18,0,0,0,0
2007/09/19,0,1238000,0,1238000
2007/09/20,0,62000,0,62000
2007/09/21,0,8000,-84000,-76000
2007/09/24,0,0,0,0
2007/09/25,0,0,0,0
2007/09/26,0,0,-9000,-9000
2007/09/27,0,557000,-15000,542000
2007/09/28,0,500000,-322000,178000
2007/10/01,0,0,-38000,-38000
2007/10/02,0,20000,-42000,-22000
2007/10/03,0,920000,-2002000,-1082000
2007/10/04,0,0,-210000,-210000
2007/10/05,0,0,-52000,-52000
2007/10/08,0,535000,-9000,526000
2007/10/09,0,0,0,0
2007/10/10,0,0,0,0
2007/10/11,0,116000,0,116000
2007/10/12,0,1660000,0,1660000
2007/10/15,0,103000,-370000,-267000
2007/10/16,0,32000,0,32000
2007/10/17,0,517000,-698000,-181000
2007/10/18,0,900000,-128000,772000
2007/10/19,0,0,-117980,-117980
2007/10/22,0,92000,0,92000
2007/10/23,0,16000,-1506000,-1490000
2007/10/24,0,300000,-10000,290000
2007/10/25,0,40000,-1000,39000
2007/10/26,0,0,0,0
2007/10/29,0,344000,-25000,319000
2007/10/30,0,11000,-105000,-94000
2007/10/31,0,842000,-1182000,-340000
2007/11/01,0,373000,-1492000,-1119000
2007/11/02,0,35000,-175000,-140000
2007/11/05,0,235000,-640000,-405000
2007/11/06,0,2000,0,2000
2007/11/07,0,381000,-50000,331000
2007/11/08,0,797000,0,797000
2007/11/09,0,325000,0,325000
2007/11/12,0,164000,0,164000
2007/11/13,0,1299000,-227000,1072000
2007/11/14,0,395000,-156000,239000
2007/11/15,0,4152000,-52000,4100000
2007/11/16,0,90000,-1010000,-920000
2007/11/19,0,171000,-24000,147000
2007/11/20,0,3000,-531000,-528000
2007/11/21,0,351000,-905000,-554000
2007/11/22,0,507000,-2568000,-2061000
2007/11/23,0,11000,-1782000,-1771000
2007/11/26,0,469000,-652000,-183000
2007/11/27,0,1000,0,1000
2007/11/28,0,1000,-2410600,-2409600
2007/11/29,0,705000,0,705000
2007/11/30,0,350000,0,350000
2007/12/03,0,303000,-1240,301760
2007/12/04,0,870000,0,870000
2007/12/05,0,1428000,-150000,1278000
2007/12/06,0,1750000,0,1750000
2007/12/07,0,500000,-185500,314500
2007/12/10,0,800000,-786000,14000
2007/12/11,0,1000,-129000,-128000
2007/12/12,0,0,0,0
2007/12/13,0,1000,-1150000,-1149000
2007/12/14,0,320000,0,320000
2007/12/17,0,2155000,0,2155000
2007/12/18,0,2652000,-750000,1902000
2007/12/19,0,1429000,-50000,1379000
2007/12/20,0,136000,-542000,-406000
2007/12/21,0,31000,0,31000
2007/12/24,0,917000,-115000,802000
2007/12/25,0,4464000,-6000,4458000
2007/12/26,0,1017000,-350000,667000
2007/12/27,0,1594000,-14000,1580000
2007/12/28,0,1028000,-459000,569000
2007/12/31,0,317000,-337000,-20000
2008/01/01,0,0,0,0
2008/01/02,0,0,-520000,-520000
2008/01/03,0,5967000,-845000,5122000
2008/01/04,0,9334000,-5000,9329000
2008/01/07,0,10385000,0,10385000
2008/01/08,0,1174000,-376400,797600
2008/01/09,0,1375000,-3000,1372000
2008/01/10,0,6769000,-224180,6544820
2008/01/11,0,400000,-2593000,-2193000
2008/01/14,0,151000,-1311000,-1160000
2008/01/15,0,6583000,0,6583000
2008/01/16,0,141000,0,141000
2008/01/17,0,128000,-453000,-325000
2008/01/18,0,241000,-1045000,-804000
2008/01/21,0,636000,-1061000,-425000
2008/01/22,0,0,-1010000,-1010000
2008/01/23,0,5688000,-670000,5018000
2008/01/24,0,3382000,0,3382000
2008/01/25,0,620000,-80000,540000
2008/01/28,0,629000,-902000,-273000
2008/01/29,0,2000,-4000,-2000
2008/01/30,0,309000,-641920,-332920
2008/01/31,0,35000,-250000,-215000
2008/02/01,0,2554000,-54000,2500000
2008/02/04,0,0,0,0
2008/02/05,0,0,0,0
2008/02/06,0,0,0,0
2008/02/07,0,0,0,0
2008/02/08,0,0,0,0
2008/02/11,0,0,0,0
2008/02/12,0,539000,-1806000,-1267000
2008/02/13,0,1052000,-1250000,-198000
2008/02/14,0,0,-170000,-170000
2008/02/15,0,0,-712000,-712000
2008/02/18,0,404000,-142000,262000
2008/02/19,0,2391000,-996000,1395000
2008/02/20,0,2258000,-161000,2097000
2008/02/21,0,711000,0,711000
2008/02/22,0,0,-1275000,-1275000
2008/02/25,0,1413000,-115000,1298000
2008/02/26,0,851000,-17000,834000
2008/02/27,0,1350000,-7000,1343000
2008/02/28,0,0,0,0
2008/02/29,0,1300000,-103000,1197000
2008/03/03,0,1650000,-281000,1369000
2008/03/04,0,2685000,-4000,2681000
2008/03/05,0,2177000,-497000,1680000
2008/03/06,0,490000,-12000,478000
2008/03/07,0,0,-53000,-53000
2008/03/10,0,35000,-1436000,-1401000
2008/03/11,0,116000,-30000,86000
2008/03/12,0,366000,-120000,246000
2008/03/13,0,241000,-1000,240000
2008/03/14,0,122000,0,122000
2008/03/17,0,276000,0,276000
2008/03/18,0,148000,-1738000,-1590000
2008/03/19,0,3840000,-2000000,1840000
2008/03/20,0,723000,-1270000,-547000
2008/03/21,0,917000,-400000,517000
2008/03/24,0,309000,-1400000,-1091000
2008/03/25,0,1080000,-755000,325000
2008/03/26,0,697000,-1313000,-616000
2008/03/27,0,425000,-1001000,-576000
2008/03/28,0,108000,-1035000,-927000
2008/03/31,0,20000,-123000,-103000
2008/04/01,0,32000,-1680000,-1648000
2008/04/02,0,260000,-4450000,-4190000
2008/04/03,0,1000,-4400000,-4399000
2008/04/04,0,0,0,0
2008/04/07,0,2201000,-636000,1565000
2008/04/08,0,1250000,-2066200,-816200
2008/04/09,0,102000,-2030000,-1928000
2008/04/10,0,610000,-534000,76000
2008/04/11,0,1300000,-5063000,-3763000
2008/04/14,0,360000,-5358000,-4998000
2008/04/15,0,0,-248000,-248000
2008/04/16,0,763000,-1885000,-1122000
2008/04/17,0,1001000,-6666000,-5665000
2008/04/18,0,587000,-1523000,-936000
2008/04/21,0,4000,-1050500,-1046500
2008/04/22,0,53000,-1963000,-1910000
2008/04/23,0,403000,-4431000,-4028000
2008/04/24,0,354000,-110000,244000
2008/04/25,0,101000,-100000,1000
2008/04/28,0,30000,-200000,-170000
2008/04/29,0,203000,-220000,-17000
2008/04/30,0,23000,-904000,-881000
2008/05/01,0,0,0,0
2008/05/02,0,24000,-2310000,-2286000
2008/05/05,0,88000,-1754000,-1666000
2008/05/06,0,17000,-3030000,-3013000
2008/05/07,0,19000,-193000,-174000
2008/05/08,0,21000,-7000,14000
2008/05/09,0,5000,-26000,-21000
2008/05/12,0,207000,-242000,-35000
2008/05/13,0,1324000,-32000,1292000
2008/05/14,0,176000,0,176000
2008/05/15,0,27000,-1569000,-1542000
2008/05/16,0,0,-2718000,-2718000
2008/05/19,0,103000,-661000,-558000
2008/05/20,0,4000,-742000,-738000
2008/05/21,0,0,-721000,-721000
2008/05/22,0,6000,-1778000,-1772000
2008/05/23,0,57000,-1000,56000
2008/05/26,0,46000,-144000,-98000
2008/05/27,0,2379000,-107000,2272000
2008/05/28,0,1604000,0,1604000
2008/05/29,0,944000,-75000,869000
2008/05/30,0,272000,-400000,-128000
2008/06/02,0,120000,-484000,-364000
2008/06/03,0,0,-157000,-157000
2008/06/04,0,201000,-228000,-27000
2008/06/05,0,61000,-622000,-561000
2008/06/06,0,1000,0,1000
2008/06/09,0,1000,-859000,-858000
2008/06/10,0,106000,0,106000
2008/06/11,0,105000,0,105000
2008/06/12,0,3000,-170000,-167000
2008/06/13,0,488000,0,488000
2008/06/16,0,307000,-4000,303000
2008/06/17,0,58000,-865000,-807000
2008/06/18,0,0,-500000,-500000
2008/06/19,0,0,-1505000,-1505000
2008/06/20,0,66000,-2016000,-1950000
2008/06/23,0,118000,-500000,-382000
2008/06/24,0,22000,0,22000
2008/06/25,0,66000,-301000,-235000
2008/06/26,0,400000,-500000,-100000
2008/06/27,0,201000,0,201000
2008/06/30,0,5000,-278600,-273600
2008/07/01,0,3000,-210000,-207000
2008/07/02,0,230000,-251000,-21000
2008/07/03,0,671000,-185000,486000
2008/07/04,0,256000,-104000,152000
2008/07/07,0,337000,0,337000
2008/07/08,0,500000,-684000,-184000
2008/07/09,0,6943000,-2000,6941000
2008/07/10,0,2053000,-80000,1973000
2008/07/11,0,1238000,-100000,1138000
2008/07/14,0,341000,0,341000
2008/07/15,0,2275000,0,2275000
2008/07/16,0,858000,-1000,857000
2008/07/17,0,638000,0,638000
2008/07/18,0,0,-816000,-816000
2008/07/21,0,78000,-490000,-412000
2008/07/22,0,682000,0,682000
2008/07/23,0,1000,-549000,-548000
2008/07/24,0,743000,-544000,199000
2008/07/25,0,600000,-1986000,-1386000
2008/07/28,0,0,0,0
2008/07/29,0,5000,0,5000
2008/07/30,0,1000,-481000,-480000
2008/07/31,0,1311000,0,1311000
2008/08/01,0,4000,-703000,-699000
2008/08/04,0,1330000,-1924000,-594000
2008/08/05,0,113000,-1042960,-929960
2008/08/06,0,208000,-6100000,-5892000
2008/08/07,0,400000,-818000,-418000
2008/08/08,0,25000,0,25000
2008/08/11,0,667000,-400000,267000
2008/08/12,0,228000,-2087000,-1859000
2008/08/13,0,440000,-3100000,-2660000
2008/08/14,0,0,-51000,-51000
2008/08/15,0,0,-105000,-105000
2008/08/18,0,12000,-253000,-241000
2008/08/19,0,0,-23000,-23000
2008/08/20,0,24000,-182000,-158000
2008/08/21,0,3000,-14000,-11000
2008/08/22,0,1000,-1831000,-1830000
2008/08/25,0,363000,-1000000,-637000
2008/08/26,0,3115000,-2356000,759000
2008/08/27,0,0,-257000,-257000
2008/08/28,0,212000,0,212000
2008/08/29,0,1349000,0,1349000
2008/09/01,0,1000,0,1000
2008/09/02,0,18000,-504000,-486000
2008/09/03,0,38000,-600000,-562000
2008/09/04,0,12000,-800000,-788000
2008/09/05,0,1572000,-677000,895000
2008/09/08,0,0,0,0
2008/09/09,0,16000,0,16000
2008/09/10,0,5000,0,5000
2008/09/11,0,0,0,0
2008/09/12,0,3000,-22000,-19000
2008/09/15,0,0,0,0
2008/09/16,0,5000,-750000,-745000
2008/09/17,0,17000,-3000,14000
2008/09/18,0,4000,0,4000
2008/09/19,0,10000,-26000,-16000
2008/09/22,0,0,-422000,-422000
2008/09/23,0,40000,-145000,-105000
2008/09/24,0,0,-31000,-31000
2008/09/25,0,145000,-1089000,-944000
2008/09/26,0,80000,-50000,30000
2008/09/29,0,0,0,0
2008/09/30,0,0,-700000,-700000
2008/10/01,0,536000,-11000,525000
2008/10/02,0,1054000,-10000,1044000
2008/10/03,0,501000,-545000,-44000
2008/10/06,0,730000,-22000,708000
2008/10/07,0,1125000,-13000,1112000
2008/10/08,0,260000,-9000,251000
2008/10/09,0,1932000,-201000,1731000
2008/10/10,0,0,0,0
2008/10/13,0,550000,-1960000,-1410000
2008/10/14,0,1315000,0,1315000
2008/10/15,0,28000,-80000,-52000
2008/10/16,0,123000,-102650,20350
2008/10/17,0,2674000,-87000,2587000
2008/10/20,0,0,-21850,-21850
2008/10/21,0,0,-536800,-536800
2008/10/22,0,500000,-121000,379000
2008/10/23,0,1013000,-880850,132150
2008/10/24,0,30000,-361550,-331550
2008/10/27,0,552000,-44000,508000
2008/10/28,0,113000,-88000,25000
2008/10/29,0,2378000,-79250,2298750
2008/10/30,0,1824000,-1000,1823000
2008/10/31,0,1912000,-100000,1812000
2008/11/03,0,384000,0,384000
2008/11/04,0,707000,-3000,704000
2008/11/05,0,1001000,-6000,995000
2008/11/06,0,2086000,-205000,1881000
2008/11/07,0,1410000,-883300,526700
2008/11/10,0,1057000,0,1057000
2008/11/11,0,1109000,-950,1108050
2008/11/12,0,1135000,-239000,896000
2008/11/13,0,2455000,-115000,2340000
2008/11/14,0,2302000,0,2302000
2008/11/17,0,3170000,-105000,3065000
2008/11/18,0,2709000,-844000,1865000
2008/11/19,0,60000,-242000,-182000
2008/11/20,0,1036000,0,1036000
2008/11/21,0,4305000,-135000,4170000
2008/11/24,0,3667000,-171400,3495600
2008/11/25,0,1806000,-973602,832398
2008/11/26,0,1004000,-962100,41900
2008/11/27,0,68000,-283000,-215000
2008/11/28,0,41000,-235000,-194000
2008/12/01,0,377000,-376398,602
2008/12/02,0,300000,-6500,293500
2008/12/03,0,1380000,-1642500,-262500
2008/12/04,0,338000,-2139000,-1801000
2008/12/05,0,50000,-1200000,-1150000
2008/12/08,0,875000,-977000,-102000
2008/12/09,0,640000,-1125000,-485000
2008/12/10,0,1368000,-2631000,-1263000
2008/12/11,0,1665000,-10079000,-8414000
2008/12/12,0,1425000,-4123200,-2698200
2008/12/15,0,6066000,-2516000,3550000
2008/12/16,0,1948000,-2000,1946000
2008/12/17,0,2432000,0,2432000
2008/12/18,0,1318000,-13000,1305000
2008/12/19,0,3807000,-354000,3453000
2008/12/22,0,7163000,-4303000,2860000
2008/12/23,0,4312000,0,4312000
2008/12/24,0,1237000,0,1237000
2008/12/25,0,2524000,-800000,1724000
2008/12/26,0,257000,-1380000,-1123000
2008/12/29,0,490000,-735000,-245000
2008/12/30,0,104000,-3191000,-3087000
2008/12/31,0,5018000,-1519000,3499000
2009/01/01,0,0,0,0
2009/01/02,0,0,0,0
2009/01/05,0,150000,-6075000,-5925000
2009/01/06,0,1800000,-4338000,-2538000
2009/01/07,0,1950000,-680600,1269400
2009/01/08,0,2555000,-544000,2011000
2009/01/09,0,507000,-852000,-345000
2009/01/12,0,58000,-286000,-228000
2009/01/13,0,1162000,-180000,982000
2009/01/14,0,1252000,-1863000,-611000
2009/01/15,0,1200000,-729000,471000
2009/01/16,0,9000,-1720000,-1711000
2009/01/19,0,302000,-40694,261306
2009/01/20,0,2390000,-1000,2389000
2009/01/21,0,52000,-2000,50000
2009/01/22,0,0,0,0
2009/01/23,0,0,0,0
2009/01/26,0,0,0,0
2009/01/27,0,0,0,0
2009/01/28,0,0,0,0
2009/01/29,0,0,0,0
2009/01/30,0,0,0,0
2009/02/02,0,600000,-125000,475000
2009/02/03,0,563000,-350000,213000
2009/02/04,0,1652000,-300000,1352000
2009/02/05,0,650000,0,650000
2009/02/06,0,1156000,0,1156000
2009/02/09,0,625000,-5000,620000
2009/02/10,0,274000,-450000,-176000
2009/02/11,0,99000,-127000,-28000
2009/02/12,0,370000,-2597000,-2227000
2009/02/13,0,350000,-379000,-29000
2009/02/16,0,0,-1974500,-1974500
2009/02/17,0,437000,-480000,-43000
2009/02/18,0,3539000,-10000,3529000
2009/02/19,0,3892000,0,3892000
2009/02/20,0,1655000,0,1655000
2009/02/23,0,673000,-457500,215500
2009/02/24,0,448000,-1965000,-1517000
2009/02/25,0,242000,-833000,-591000
2009/02/26,0,0,-330000,-330000
2009/02/27,0,2000,-1952000,-1950000
2009/03/02,0,0,-1972000,-1972000
2009/03/03,0,100000,-1474000,-1374000
2009/03/04,0,136000,-6232000,-6096000
2009/03/05,0,0,-3333000,-3333000
2009/03/06,0,158000,-3314000,-3156000
2009/03/09,0,0,-2117250,-2117250
2009/03/10,0,180000,-34000,146000
2009/03/11,0,0,-11000,-11000
2009/03/12,0,29000,-5000,24000
2009/03/13,0,2655000,-728000,1927000
2009/03/16,0,1756000,-705000,1051000
2009/03/17,0,0,-25000,-25000
2009/03/18,0,100000,-24000,76000
2009/03/19,0,2253000,-3000,2250000
2009/03/20,0,1500000,-6000,1494000
2009/03/23,0,0,-463000,-463000
2009/03/24,0,0,-1519000,-1519000
2009/03/25,0,0,-673000,-673000
2009/03/26,0,967000,-2100000,-1133000
2009/03/27,0,0,-35000,-35000
2009/03/30,0,0,-1204000,-1204000
2009/03/31,0,66000,-268000,-202000
2009/04/01,0,0,-2505000,-2505000
2009/04/02,0,1111000,-13000,1098000
2009/04/03,0,4889000,-3068000,1821000
2009/04/06,0,620000,-3000,617000
2009/04/07,0,342000,0,342000
2009/04/08,0,0,-2000,-2000
2009/04/09,0,300000,-181000,119000
2009/04/10,0,1014000,-350851,663149
2009/04/13,0,160000,-524000,-364000
2009/04/14,0,35000,-1310000,-1275000
2009/04/15,0,100000,-514000,-414000
2009/04/16,0,0,-4484909,-4484909
2009/04/17,0,0,-3224000,-3224000
2009/04/20,0,154000,-2045000,-1891000
2009/04/21,0,6000,-8352000,-8346000
2009/04/22,0,0,-224500,-224500
2009/04/23,0,0,-1280000,-1280000
2009/04/24,0,250000,-2839150,-2589150
2009/04/27,0,2000,-5901900,-5899900
2009/04/28,0,52000,-2088000,-2036000
2009/04/29,0,0,-269800,-269800
2009/04/30,0,300000,0,300000
2009/05/01,0,0,0,0
2009/05/04,0,1046000,0,1046000
2009/05/05,0,115000,-13000,102000
2009/05/06,0,0,-97000,-97000
2009/05/07,0,0,-51000,-51000
2009/05/08,0,0,-25000,-25000
2009/05/11,0,152000,-3767000,-3615000
2009/05/12,0,630000,-3023000,-2393000
2009/05/13,0,300000,-216350,83650
2009/05/14,0,50000,-100000,-50000
2009/05/15,0,14000,-4095000,-4081000
2009/05/18,0,0,-1547000,-1547000
2009/05/19,0,4000,-620000,-616000
2009/05/20,0,67000,-163000,-96000
2009/05/21,0,0,0,0
2009/05/22,0,0,-2647000,-2647000
2009/05/25,0,104000,-285000,-181000
2009/05/26,0,62000,-35000,27000
2009/05/27,0,92000,-1695000,-1603000
2009/05/28,0,0,0,0
2009/05/29,0,0,0,0
2009/06/01,0,72000,-674000,-602000
2009/06/02,0,68000,-11000,57000
2009/06/03,0,0,-414000,-414000
2009/06/04,0,0,-109000,-109000
2009/06/05,0,0,-9000,-9000
2009/06/08,0,9000,-9000,0
2009/06/09,0,3000,-5000,-2000
2009/06/10,0,131000,-58000,73000
2009/06/11,0,71000,0,71000
2009/06/12,0,0,-7000,-7000
2009/06/15,0,6000,0,6000
2009/06/16,0,15000,-2904000,-2889000
2009/06/17,0,1216000,-131000,1085000
2009/06/18,0,32000,-88000,-56000
2009/06/19,0,51000,0,51000
2009/06/22,0,9000,0,9000
2009/06/23,0,0,-9000,-9000
2009/06/24,0,45000,-87000,-42000
2009/06/25,0,101000,-122000,-21000
2009/06/26,0,100000,-329000,-229000
2009/06/29,0,38000,0,38000
2009/06/30,0,0,-500000,-500000
2009/07/01,0,37000,-500000,-463000
2009/07/02,0,1642000,-1950,1640050
2009/07/03,0,1980000,-16000,1964000
2009/07/06,0,329000,-2000,327000
2009/07/07,0,4000,0,4000
2009/07/08,0,0,-935000,-935000
2009/07/09,0,0,0,0
2009/07/10,0,0,-6000,-6000
2009/07/13,0,0,-8000,-8000
2009/07/14,0,0,-20000,-20000
2009/07/15,0,0,0,0
2009/07/16,0,50000,-5000,45000
2009/07/17,0,0,-1822000,-1822000
2009/07/20,0,949000,-660000,289000
2009/07/21,0,448000,-169000,279000
2009/07/22,0,0,-428000,-428000
2009/07/23,0,0,-636000,-636000
2009/07/24,0,0,-131000,-131000
2009/07/27,0,0,-420000,-420000
2009/07/28,0,0,-450000,-450000
2009/07/29,0,3003000,-175000,2828000
2009/07/30,0,229000,-6000,223000
2009/07/31,0,0,-100000,-100000
2009/08/03,0,0,-503000,-503000
2009/08/04,0,550000,-97000,453000
2009/08/05,0,1111000,-190,1110810
2009/08/06,0,540000,-518000,22000
2009/08/07,0,0,0,0
2009/08/10,0,110000,-418000,-308000
2009/08/11,0,5000,-130000,-125000
2009/08/12,0,0,-117000,-117000
2009/08/13,0,0,-1200,-1200
2009/08/14,0,0,-33100,-33100
2009/08/17,0,0,-820000,-820000
2009/08/18,0,5000,0,5000
2009/08/19,0,5000,0,5000
2009/08/20,0,3000,0,3000
2009/08/21,0,609000,-21000,588000
2009/08/24,0,306000,0,306000
2009/08/25,0,0,-109000,-109000
2009/08/26,0,1000,-1557000,-1556000
2009/08/27,0,18000,0,18000
2009/08/28,0,0,0,0
2009/08/31,0,998000,0,998000
2009/09/01,0,381000,0,381000
2009/09/02,0,2476000,0,2476000
2009/09/03,0,1733000,-1423000,310000
2009/09/04,0,1751000,-7000,1744000
2009/09/07,0,300000,-1533000,-1233000
2009/09/08,0,214000,-100000,114000
2009/09/09,0,1035000,0,1035000
2009/09/10,0,629000,-594000,35000
2009/09/11,0,0,0,0
2009/09/14,0,0,-60000,-60000
2009/09/15,0,0,0,0
2009/09/16,0,25000,-980000,-955000
2009/09/17,0,0,0,0
2009/09/18,0,20000,-53000,-33000
2009/09/21,0,0,-206000,-206000
2009/09/22,0,660000,-157000,503000
2009/09/23,0,12000,-1085000,-1073000
2009/09/24,0,0,0,0
2009/09/25,0,0,-240000,-240000
2009/09/28,0,7000,0,7000
2009/09/29,0,70000,0,70000
2009/09/30,0,880000,-68000,812000
2009/10/01,0,412000,0,412000
2009/10/02,0,9000,0,9000
2009/10/05,0,0,-47652,-47652
2009/10/06,0,800000,-126000,674000
2009/10/07,0,3284000,0,3284000
2009/10/08,0,85000,-4000,81000
2009/10/09,0,1002000,0,1002000
2009/10/12,0,0,-113520,-113520
2009/10/13,0,7000,-16984,-9984
2009/10/14,0,0,-3400,-3400
2009/10/15,0,1712000,0,1712000
2009/10/16,0,1012000,-2000,1010000
2009/10/19,0,9000,0,9000
2009/10/20,0,0,-360000,-360000
2009/10/21,0,26000,-7000,19000
2009/10/22,0,0,-157000,-157000
2009/10/23,0,0,-984000,-984000
2009/10/26,0,0,0,0
2009/10/27,0,5000,0,5000
2009/10/28,0,0,-190000,-190000
2009/10/29,0,403000,0,403000
2009/10/30,0,1700000,0,1700000
2009/11/02,0,1005000,-520,1004480
2009/11/03,0,54000,0,54000
2009/11/04,0,4146000,0,4146000
2009/11/05,0,1415000,0,1415000
2009/11/06,0,7636000,0,7636000
2009/11/09,0,37000,-45000,-8000
2009/11/10,0,68000,-4836,63164
2009/11/11,0,1928000,-139400,1788600
2009/11/12,0,1038000,-2000,1036000
2009/11/13,0,0,-12000,-12000
2009/11/16,0,761000,0,761000
2009/11/17,0,876000,0,876000
2009/11/18,0,36000,-456000,-420000
2009/11/19,0,1000000,-1760000,-760000
2009/11/20,0,8000,-1695000,-1687000
2009/11/23,0,0,-800,-800
2009/11/24,0,0,0,0
2009/11/25,0,0,0,0
2009/11/26,0,0,-47000,-47000
2009/11/27,0,0,-1916000,-1916000
2009/11/30,0,0,-994088,-994088
2009/12/01,0,80000,-100000,-20000
2009/12/02,0,50000,-1280000,-1230000
2009/12/03,0,30000,0,30000
2009/12/04,0,30000,-5000,25000
2009/12/07,0,108000,-104400,3600
2009/12/08,0,109000,0,109000
2009/12/09,0,0,-39000,-39000
2009/12/10,0,43000,-1010000,-967000
2009/12/11,0,4000,-28000,-24000
2009/12/14,0,0,-9000,-9000
2009/12/15,0,0,-260000,-260000
2009/12/16,0,0,-756000,-756000
2009/12/17,0,0,-942000,-942000
2009/12/18,0,0,-917000,-917000
2009/12/21,0,0,-1383000,-1383000
2009/12/22,0,0,-1430000,-1430000
2009/12/23,0,0,-219000,-219000
2009/12/24,0,0,-1393000,-1393000
2009/12/25,0,0,-277000,-277000
2009/12/28,0,0,-404000,-404000
2009/12/29,0,0,-537000,-537000
2009/12/30,0,0,-142000,-142000
2009/12/31,0,0,0,0
2010/01/01,0,0,0,0
2010/01/04,0,2000,-590549,-588549
2010/01/05,0,0,-937571,-937571
2010/01/06,0,0,0,0
2010/01/07,0,0,-268662,-268662
2010/01/08,0,0,-782624,-782624
2010/01/11,0,0,-200000,-200000
2010/01/12,0,0,-17000,-17000
2010/01/13,0,0,0,0
2010/01/14,0,0,-2981200,-2981200
2010/01/15,0,0,-2002000,-2002000
2010/01/18,0,1000,-1277000,-1276000
2010/01/19,0,6000,-630000,-624000
2010/01/20,0,0,-1000,-1000
2010/01/21,0,0,0,0
2010/01/22,0,0,-194230,-194230
2010/01/25,0,0,-1102000,-1102000
2010/01/26,0,0,0,0
2010/01/27,0,22000,-600000,-578000
2010/01/28,0,2000,0,2000
2010/01/29,0,2000,0,2000
2010/02/01,0,11000,0,11000
2010/02/02,0,54000,-450000,-396000
2010/02/03,0,81000,-2000,79000
2010/02/04,0,1000,0,1000
2010/02/05,0,1000,0,1000
2010/02/08,0,10000,-102000,-92000
2010/02/09,0,2000,0,2000
2010/02/10,0,28000,0,28000
2010/02/11,0,0,0,0
2010/02/12,0,0,0,0
2010/02/15,0,0,0,0
2010/02/16,0,0,0,0
2010/02/17,0,0,0,0
2010/02/18,0,0,0,0
2010/02/19,0,0,0,0
2010/02/22,0,2000,0,2000
2010/02/23,0,3000,0,3000
2010/02/24,0,6000,0,6000
2010/02/25,0,6000,0,6000
2010/02/26,0,1000,-6000,-5000
2010/03/01,0,2000,0,2000
2010/03/02,0,0,0,0
2010/03/03,0,0,0,0
2010/03/04,0,1020000,-161000,859000
2010/03/05,0,601000,-794000,-193000
2010/03/08,0,500000,-389000,111000
2010/03/09,0,300000,-100000,200000
2010/03/10,0,250000,-31000,219000
2010/03/11,0,450000,-30000,420000
2010/03/12,0,75000,-60000,15000
2010/03/15,0,0,-35000,-35000
2010/03/16,0,0,-353852,-353852
2010/03/17,0,82000,-785000,-703000
2010/03/18,0,80000,-1155000,-1075000
2010/03/19,0,0,-2000,-2000
2010/03/22,0,0,-472404,-472404
2010/03/23,0,2000,-4000,-2000
2010/03/24,0,0,0,0
2010/03/25,0,0,-1000,-1000
2010/03/26,0,0,-63000,-63000
2010/03/29,0,1000,0,1000
2010/03/30,0,0,0,0
2010/03/31,0,298000,-1000,297000
2010/04/01,0,270000,0,270000
2010/04/02,0,200000,-1000,199000
2010/04/05,0,0,0,0
2010/04/06,0,0,-31000,-31000
2010/04/07,0,0,0,0
2010/04/08,0,0,0,0
2010/04/09,0,0,-1000,-1000
2010/04/12,0,0,-130000,-130000
2010/04/13,0,0,-65000,-65000
2010/04/14,0,0,-5000,-5000
2010/04/15,0,0,-61000,-61000
2010/04/16,0,1000,-2000,-1000
2010/04/19,0,0,-284,-284
2010/04/20,0,1000,-9000,-8000
2010/04/21,0,0,0,0
2010/04/22,0,0,0,0
2010/04/23,0,520000,0,520000
2010/04/26,0,309000,0,309000
2010/04/27,0,0,-1000,-1000
2010/04/28,0,0,-251000,-251000
2010/04/29,0,0,0,0
2010/04/30,0,32000,-13000,19000
2010/05/03,0,5000,-200000,-195000
2010/05/04,0,0,-1000,-1000
2010/05/05,0,0,-10000,-10000
2010/05/06,0,0,-1471088,-1471088
2010/05/07,0,3000,-1000,2000
2010/05/10,0,55000,-105996,-50996
2010/05/11,0,1000,-35000,-34000
2010/05/12,0,0,0,0
2010/05/13,0,1000,0,1000
2010/05/14,0,7000,0,7000
2010/05/17,0,0,0,0
2010/05/18,0,0,0,0
2010/05/19,0,0,-3000,-3000
2010/05/20,0,1000,-7000,-6000
2010/05/21,0,185000,-90000,95000
2010/05/24,0,114000,-5000,109000
2010/05/25,0,1000,0,1000
2010/05/26,0,142000,-1756000,-1614000
2010/05/27,0,4000,-1606000,-1602000
2010/05/28,0,0,-1504000,-1504000
2010/05/31,0,0,-987000,-987000
2010/06/01,0,0,0,0
2010/06/02,0,0,0,0
2010/06/03,0,70000,-3000,67000
2010/06/04,0,0,-185000,-185000
2010/06/07,0,0,-550000,-550000
2010/06/08,0,1102000,-96000,1006000
2010/06/09,0,333000,0,333000
2010/06/10,0,103000,-1000,102000
2010/06/11,0,0,-734,-734
2010/06/14,0,51000,0,51000
2010/06/15,0,0,-9000,-9000
2010/06/16,0,0,0,0
2010/06/17,0,0,0,0
2010/06/18,0,0,-21000,-21000
2010/06/21,0,0,0,0
2010/06/22,0,250000,-3000,247000
2010/06/23,0,0,-400000,-400000
2010/06/24,0,63000,-49592,13408
2010/06/25,0,94000,-9000,85000
2010/06/28,0,238000,0,238000
2010/06/29,0,3000,-650000,-647000
2010/06/30,0,263000,0,263000
2010/07/01,0,100000,0,100000
2010/07/02,0,35000,0,35000
2010/07/05,0,250000,-273000,-23000
2010/07/06,0,216000,-30000,186000
2010/07/07,0,0,-163000,-163000
2010/07/08,0,0,-400000,-400000
2010/07/09,0,0,0,0
2010/07/12,0,0,-200000,-200000
2010/07/13,0,0,-2000,-2000
2010/07/14,0,409000,-200000,209000
2010/07/15,0,0,-44000,-44000
2010/07/16,0,0,-1132000,-1132000
2010/07/19,0,3000,-81000,-78000
2010/07/20,0,0,-10000,-10000
2010/07/21,0,0,-1000,-1000
2010/07/22,0,9000,-210000,-201000
2010/07/23,0,30000,0,30000
2010/07/26,0,1000,0,1000
2010/07/27,0,35000,-257000,-222000
2010/07/28,0,1000,-600000,-599000
2010/07/29,0,0,-500000,-500000
2010/07/30,0,284000,-832800,-548800
2010/08/02,0,18000,-29000,-11000
2010/08/03,0,7000,-211000,-204000
2010/08/04,0,627000,-3000,624000
2010/08/05,0,100000,-3000,97000
2010/08/06,0,744000,-2000,742000
2010/08/09,0,25000,-1000,24000
2010/08/10,0,704000,-17641,686359
2010/08/11,0,164000,-116000,48000
2010/08/12,0,0,-609000,-609000
2010/08/13,0,276000,-48000,228000
2010/08/16,0,0,0,0
2010/08/17,0,0,-179928,-179928
2010/08/18,0,0,-312000,-312000
2010/08/19,0,0,-150000,-150000
2010/08/20,0,135000,-213000,-78000
2010/08/23,0,0,-704000,-704000
2010/08/24,0,0,-157000,-157000
2010/08/25,0,25000,-51000,-26000
2010/08/26,0,0,-116000,-116000
2010/08/27,0,1000,0,1000
2010/08/30,0,3000,0,3000
2010/08/31,0,276000,0,276000
2010/09/01,0,0,0,0
2010/09/02,0,113000,0,113000
2010/09/03,0,20000,0,20000
2010/09/06,0,0,0,0
2010/09/07,0,10000,0,10000
2010/09/08,0,0,0,0
2010/09/09,0,0,0,0
2010/09/10,0,0,0,0
2010/09/13,0,0,0,0
2010/09/14,0,0,-2000,-2000
2010/09/15,0,48000,0,48000
2010/09/16,0,0,-4000,-4000
2010/09/17,0,68000,-2000,66000
2010/09/20,0,0,-1000,-1000
2010/09/21,0,0,-13000,-13000
2010/09/22,0,0,0,0
2010/09/23,0,0,-3000,-3000
2010/09/24,0,786000,-2000,784000
2010/09/27,0,498000,-2000,496000
2010/09/28,0,101000,0,101000
2010/09/29,0,0,0,0
2010/09/30,0,0,-127000,-127000
2010/10/01,0,0,0,0
2010/10/04,0,703000,-124000,579000
2010/10/05,0,0,-2000,-2000
2010/10/06,0,0,0,0
2010/10/07,0,0,0,0
2010/10/08,0,0,-1000,-1000
2010/10/11,0,119000,0,119000
2010/10/12,0,0,-76600,-76600
2010/10/13,0,168000,0,168000
2010/10/14,0,504000,-570092,-66092
2010/10/15,0,0,0,0
2010/10/18,0,0,-2000,-2000
2010/10/19,0,407000,-146300,260700
2010/10/20,0,0,-741300,-741300
2010/10/21,0,0,-140900,-140900
2010/10/22,0,0,-130000,-130000
2010/10/25,0,78000,-17000,61000
2010/10/26,0,3000,-1167101,-1164101
2010/10/27,0,12000,-849000,-837000
2010/10/28,0,2256000,-148000,2108000
2010/10/29,0,1106000,-1000,1105000
2010/11/01,0,640000,0,640000
2010/11/02,0,100000,-320000,-220000
2010/11/03,0,520000,-124000,396000
2010/11/04,0,131000,-141000,-10000
2010/11/05,0,215000,0,215000
2010/11/08,0,900000,-4000,896000
2010/11/09,0,6000,0,6000
2010/11/10,0,410000,-3000,407000
2010/11/11,0,14000,0,14000
2010/11/12,0,0,-1000,-1000
2010/11/15,0,0,-1000,-1000
2010/11/16,0,0,-5000,-5000
2010/11/17,0,0,0,0
2010/11/18,0,0,-500,-500
2010/11/19,0,125000,0,125000
2010/11/22,0,0,0,0
2010/11/23,0,0,0,0
2010/11/24,0,0,0,0
2010/11/25,0,0,-135000,-135000
2010/11/26,0,0,-3000,-3000
2010/11/29,0,0,-351000,-351000
2010/11/30,0,0,-38000,-38000
2010/12/01,0,81000,-207000,-126000
2010/12/02,0,60000,-7000,53000
2010/12/03,0,0,-583000,-583000
2010/12/06,0,0,-210000,-210000
2010/12/07,0,1000,-79000,-78000
2010/12/08,0,0,-4000,-4000
2010/12/09,0,8000,-172000,-164000
2010/12/10,0,56000,-250000,-194000
2010/12/13,0,0,-3000,-3000
2010/12/14,0,5000,-250000,-245000
2010/12/15,0,15000,-38000,-23000
2010/12/16,0,0,-3000,-3000
2010/12/17,0,9000,-253000,-244000
2010/12/20,0,0,-229000,-229000
2010/12/21,0,151000,0,151000
2010/12/22,0,53000,0,53000
2010/12/23,0,0,-1000,-1000
2010/12/24,0,0,0,0
2010/12/27,0,0,-302000,-302000
2010/12/28,0,0,-100000,-100000
2010/12/29,0,0,0,0
2010/12/30,0,0,-120000,-120000
2010/12/31,0,0,-1000,-1000
2011/01/03,0,996000,0,996000
2011/01/04,0,67000,0,67000
2011/01/05,0,0,-250000,-250000
2011/01/06,0,310000,-968400,-658400
2011/01/07,0,0,-167000,-167000
2011/01/10,0,0,-74000,-74000
2011/01/11,0,0,-37000,-37000
2011/01/12,0,0,-66000,-66000
2011/01/13,0,0,-35000,-35000
2011/01/14,0,0,-183700,-183700
2011/01/17,0,0,0,0
2011/01/18,0,0,-438000,-438000
2011/01/19,0,0,-12000,-12000
2011/01/20,0,0,-2000,-2000
2011/01/21,0,0,-6000,-6000
2011/01/24,0,0,-60000,-60000
2011/01/25,0,12000,0,12000
2011/01/26,0,0,-304000,-304000
2011/01/27,0,1000,-3000,-2000
2011/01/28,0,0,-74000,-74000
2011/01/31,0,0,0,0
2011/02/01,0,0,0,0
2011/02/02,0,0,0,0
2011/02/03,0,0,0,0
2011/02/04,0,0,0,0
2011/02/07,0,0,0,0
2011/02/08,0,0,0,0
2011/02/09,0,0,-105000,-105000
2011/02/10,0,140000,-1384944,-1244944
2011/02/11,0,6000,-30000,-24000
2011/02/14,0,2000,0,2000
2011/02/15,0,4000,-1502000,-1498000
2011/02/16,0,2000,0,2000
2011/02/17,0,0,0,0
2011/02/18,0,3000,0,3000
2011/02/21,0,0,-2000,-2000
2011/02/22,0,0,0,0
2011/02/23,0,53000,0,53000
2011/02/24,0,3000,0,3000
2011/02/25,0,2000,-1926000,-1924000
2011/02/28,0,0,0,0
2011/03/01,0,0,-272500,-272500
2011/03/02,0,1000,-1250000,-1249000
2011/03/03,0,452000,-698000,-246000
2011/03/04,0,0,0,0
2011/03/07,0,452000,0,452000
2011/03/08,0,80000,0,80000
2011/03/09,0,132000,0,132000
2011/03/10,0,150000,0,150000
2011/03/11,0,204000,0,204000
2011/03/14,0,3000,0,3000
2011/03/15,0,53000,0,53000
2011/03/16,0,500000,0,500000
2011/03/17,0,950000,-6000,944000
2011/03/18,0,401000,-1406000,-1005000
2011/03/21,0,0,0,0
2011/03/22,0,127000,0,127000
2011/03/23,0,140000,0,140000
2011/03/24,0,118000,0,118000
2011/03/25,0,100000,0,100000
2011/03/28,0,476000,0,476000
2011/03/29,0,200000,0,200000
2011/03/30,0,329000,-48000,281000
2011/03/31,0,845000,-31000,814000
2011/04/01,0,0,0,0
2011/04/04,0,0,0,0
2011/04/05,0,0,0,0
2011/04/06,0,0,-577000,-577000
2011/04/07,0,105000,0,105000
2011/04/08,0,0,0,0
2011/04/11,0,0,0,0
2011/04/12,0,50000,-4000,46000
2011/04/13,0,1023000,0,1023000
2011/04/14,0,224000,0,224000
2011/04/15,0,0,0,0
2011/04/18,0,105000,-201000,-96000
2011/04/19,0,29000,0,29000
2011/04/20,0,150000,0,150000
2011/04/21,0,1345000,-1000,1344000
2011/04/22,0,45000,0,45000
2011/04/25,0,80000,-2000,78000
2011/04/26,0,0,-4000,-4000
2011/04/27,0,1038000,-1107,1036893
2011/04/28,0,0,-3000,-3000
2011/04/29,0,430000,-100000,330000
2011/05/02,0,0,0,0
2011/05/03,0,272000,0,272000
2011/05/04,0,252000,-32000,220000
2011/05/05,0,52000,-2524000,-2472000
2011/05/06,0,172000,-50000,122000
2011/05/09,0,1000,0,1000
2011/05/10,0,200000,-50000,150000
2011/05/11,0,619000,0,619000
2011/05/12,0,16000,-2000,14000
2011/05/13,0,2000,-150000,-148000
2011/05/16,0,6000,0,6000
2011/05/17,0,120000,0,120000
2011/05/18,0,0,0,0
2011/05/19,0,1000,-100000,-99000
2011/05/20,0,223000,0,223000
2011/05/23,0,101000,-601000,-500000
2011/05/24,0,100000,-100000,0
2011/05/25,0,50000,0,50000
2011/05/26,0,1000,0,1000
2011/05/27,0,0,-1614000,-1614000
2011/05/30,0,1000,-40000,-39000
2011/05/31,0,99000,-2000,97000
2011/06/01,0,0,0,0
2011/06/02,0,0,-1718000,-1718000
2011/06/03,0,0,-324800,-324800
2011/06/06,0,0,0,0
2011/06/07,0,0,0,0
2011/06/08,0,102000,-125000,-23000
2011/06/09,0,0,0,0
2011/06/10,0,0,-900000,-900000
2011/06/13,0,0,0,0
2011/06/14,0,4000,-505000,-501000
2011/06/15,0,0,-47000,-47000
2011/06/16,0,0,0,0
2011/06/17,0,7000,-414000,-407000
2011/06/20,0,4000,0,4000
2011/06/21,0,4000,0,4000
2011/06/22,0,46000,0,46000
2011/06/23,0,2000,-6000,-4000
2011/06/24,0,13000,0,13000
2011/06/27,0,0,-10000,-10000
2011/06/28,0,46000,-1000,45000
2011/06/29,0,80000,0,80000
2011/06/30,0,3000,0,3000
2011/07/01,0,190000,0,190000
2011/07/04,0,0,0,0
2011/07/05,0,115000,-1000,114000
2011/07/06,0,0,-1000,-1000
2011/07/07,0,0,0,0
2011/07/08,0,50000,-1000,49000
2011/07/11,0,1165000,0,1165000
2011/07/12,0,1339000,0,1339000
2011/07/13,0,1054000,0,1054000
2011/07/14,0,1393000,0,1393000
2011/07/15,0,1764000,-4000,1760000
2011/07/18,0,1577000,0,1577000
2011/07/19,0,307000,0,307000
2011/07/20,0,3000,0,3000
2011/07/21,0,2000,0,2000
2011/07/22,0,0,-155000,-155000
2011/07/25,0,0,-12000,-12000
2011/07/26,0,273000,-80000,193000
2011/07/27,0,204000,-5000,199000
2011/07/28,0,0,-455000,-455000
2011/07/29,0,84000,0,84000
2011/08/01,0,3000,0,3000
2011/08/02,0,263000,-3000,260000
2011/08/03,0,10000,-6000,4000
2011/08/04,0,20000,0,20000
2011/08/05,0,32000,-50000,-18000
2011/08/08,0,13000,-50000,-37000
2011/08/09,0,37000,0,37000
2011/08/10,0,1845000,0,1845000
2011/08/11,0,1406000,0,1406000
2011/08/12,0,1015000,-22000,993000
2011/08/15,0,1167000,-60000,1107000
2011/08/16,0,256000,-4000,252000
2011/08/17,0,695000,-3000,692000
2011/08/18,0,930000,-50000,880000
2011/08/19,0,1466000,-145000,1321000
2011/08/22,0,1477000,-2000,1475000
2011/08/23,0,1056000,0,1056000
2011/08/24,0,544000,-320000,224000
2011/08/25,0,240000,-33000,207000
2011/08/26,0,61000,0,61000
2011/08/29,0,25000,0,25000
2011/08/30,0,1000,-450000,-449000
2011/08/31,0,160000,-736000,-576000
2011/09/01,0,0,-3000,-3000
2011/09/02,0,851000,-157000,694000
2011/09/05,0,300000,-15000,285000
2011/09/06,0,0,-34000,-34000
2011/09/07,0,12000,-50000,-38000
2011/09/08,0,0,-30000,-30000
2011/09/09,0,27000,0,27000
2011/09/12,0,0,0,0
2011/09/13,0,339000,-4840,334160
2011/09/14,0,306000,0,306000
2011/09/15,0,94000,0,94000
2011/09/16,0,336000,-690000,-354000
2011/09/19,0,5000,-450000,-445000
2011/09/20,0,205000,0,205000
2011/09/21,0,200602,-37000,163602
2011/09/22,0,0,-8000,-8000
2011/09/23,0,6000,-50000,-44000
2011/09/26,0,1274000,0,1274000
2011/09/27,0,8000,0,8000
2011/09/28,0,150000,-457000,-307000
2011/09/29,0,432000,0,432000
2011/09/30,0,277000,-68000,209000
2011/10/03,0,0,-1000,-1000
2011/10/04,0,201000,-638600,-437600
2011/10/05,0,33000,-51000,-18000
2011/10/06,0,239000,-1440,237560
2011/10/07,0,303000,0,303000
2011/10/10,0,0,0,0
2011/10/11,0,0,-942000,-942000
2011/10/12,0,0,-120000,-120000
2011/10/13,0,9000,0,9000
2011/10/14,0,0,-857000,-857000
2011/10/17,0,0,-4882,-4882
2011/10/18,0,3000,-12862,-9862
2011/10/19,0,0,0,0
2011/10/20,0,100000,0,100000
2011/10/21,0,360000,-1650000,-1290000
2011/10/24,0,635000,-2000,633000
2011/10/25,0,189000,0,189000
2011/10/26,0,243000,0,243000
2011/10/27,0,1193000,0,1193000
2011/10/28,0,607000,0,607000
2011/10/31,0,17000,-25000,-8000
2011/11/01,0,110000,-6000,104000
2011/11/02,0,950000,0,950000
2011/11/03,0,83000,0,83000
2011/11/04,0,0,-54000,-54000
2011/11/07,0,0,-200000,-200000
2011/11/08,0,8000,-100000,-92000
2011/11/09,0,417000,0,417000
2011/11/10,0,113000,0,113000
2011/11/11,0,270000,-2000,268000
2011/11/14,0,362113,-400000,-37887
2011/11/15,0,0,-101000,-101000
2011/11/16,0,0,-530000,-530000
2011/11/17,0,310000,-356140,-46140
2011/11/18,0,87000,0,87000
2011/11/21,0,10000,0,10000
2011/11/22,0,736000,0,736000
2011/11/23,0,332000,-100000,232000
2011/11/24,0,1818000,0,1818000
2011/11/25,0,1413000,0,1413000
2011/11/28,0,1651000,0,1651000
2011/11/29,0,1695000,0,1695000
2011/11/30,0,2654000,-1000,2653000
2011/12/01,0,2123000,0,2123000
2011/12/02,0,231000,0,231000
2011/12/05,0,121000,-39000,82000
2011/12/06,0,1377000,0,1377000
2011/12/07,0,3577000,-9000,3568000
2011/12/08,0,481000,0,481000
2011/12/09,0,1037000,-460863,576137
2011/12/12,0,1124000,0,1124000
2011/12/13,0,258000,0,258000
2011/12/14,0,40000,-10000,30000
2011/12/15,0,310000,-514000,-204000
2011/12/16,0,162000,-528500,-366500
2011/12/19,0,2259000,0,2259000
2011/12/20,0,1086000,0,1086000
2011/12/21,0,432000,-466000,-34000
2011/12/22,0,131000,-562000,-431000
2011/12/23,0,20000,-536000,-516000
2011/12/26,0,0,-2725000,-2725000
2011/12/27,0,37000,-39000,-2000
2011/12/28,0,222000,-385000,-163000
2011/12/29,0,190000,-100000,90000
2011/12/30,0,2000,-111000,-109000
2012/01/02,0,64000,-100000,-36000
2012/01/03,0,90000,-40000,50000
2012/01/04,0,39000,-350000,-311000
2012/01/05,0,416998,-1474000,-1057002
2012/01/06,0,667500,-720000,-52500
2012/01/09,0,0,-200000,-200000
2012/01/10,0,395000,-675280,-280280
2012/01/11,0,0,-57000,-57000
2012/01/12,0,538000,-1053000,-515000
2012/01/13,0,0,-1632000,-1632000
2012/01/16,0,0,-1262000,-1262000
2012/01/17,0,20000,-684000,-664000
2012/01/18,0,0,-1580000,-1580000
2012/01/19,0,0,0,0
2012/01/20,0,0,0,0
2012/01/23,0,0,0,0
2012/01/24,0,0,0,0
2012/01/25,0,0,0,0
2012/01/26,0,0,0,0
2012/01/27,0,0,0,0
2012/01/30,0,0,-789000,-789000
2012/01/31,0,7000,-5359160,-5352160
2012/02/01,0,160000,-5241700,-5081700
2012/02/02,0,41000,-433000,-392000
2012/02/03,0,0,-1705420,-1705420
2012/02/06,0,0,-99000,-99000
2012/02/07,0,1000,-100000,-99000
2012/02/08,0,238000,-855000,-617000
2012/02/09,0,0,-51144,-51144
2012/02/10,0,0,-63000,-63000
2012/02/13,0,0,0,0
2012/02/14,0,0,-252000,-252000
2012/02/15,0,0,-2229956,-2229956
2012/02/16,0,1000,-795000,-794000
2012/02/17,0,15000,-471000,-456000
2012/02/20,0,0,-5000,-5000
2012/02/21,0,0,-579000,-579000
2012/02/22,0,0,0,0
2012/02/23,0,38000,-677000,-639000
2012/02/24,0,10000,-20000,-10000
2012/02/27,0,0,0,0
2012/02/28,0,0,0,0
2012/02/29,0,644000,-921000,-277000
2012/03/01,0,89000,-156000,-67000
2012/03/02,0,50000,-30994,19006
2012/03/05,0,168000,-21000,147000
2012/03/06,0,0,-1002000,-1002000
2012/03/07,0,40000,-1751000,-1711000
2012/03/08,0,36550,-1573724,-1537174
2012/03/09,0,0,-38000,-38000
2012/03/12,0,0,-718000,-718000
2012/03/13,0,0,0,0
2012/03/14,0,10000,-1628000,-1618000
2012/03/15,0,0,-144000,-144000
2012/03/16,0,25000,-4487000,-4462000
2012/03/19,0,0,-184000,-184000
2012/03/20,0,30000,-48000,-18000
2012/03/21,0,0,-20000,-20000
2012/03/22,0,35000,0,35000
2012/03/23,0,20000,-95000,-75000
2012/03/26,0,0,-24000,-24000
2012/03/27,0,0,0,0
2012/03/28,0,0,0,0
2012/03/29,0,0,-293200,-293200
2012/03/30,0,47000,-287000,-240000
2012/04/02,0,0,-1000,-1000
2012/04/03,0,0,0,0
2012/04/04,0,0,0,0
2012/04/05,0,2000,-4556,-2556
2012/04/06,0,831000,-40000,791000
2012/04/09,0,0,-419000,-419000
2012/04/10,0,1446000,0,1446000
2012/04/11,0,35000,0,35000
2012/04/12,0,380000,-61000,319000
2012/04/13,0,233000,-100000,133000
2012/04/16,0,201000,-50000,151000
2012/04/17,0,691000,0,691000
2012/04/18,0,197000,0,197000
2012/04/19,0,29000,0,29000
2012/04/20,0,747000,0,747000
2012/04/23,0,2000,0,2000
2012/04/24,0,360000,0,360000
2012/04/25,0,112000,0,112000
2012/04/26,0,453000,0,453000
2012/04/27,0,1137000,0,1137000
2012/04/30,0,1391000,0,1391000
2012/05/01,0,0,0,0
2012/05/02,0,1942000,-100000,1842000
2012/05/03,0,11368,-349000,-337632
2012/05/04,0,144000,-201000,-57000
2012/05/07,0,0,0,0
2012/05/08,0,814000,0,814000
2012/05/09,0,392000,0,392000
2012/05/10,0,133000,0,133000
2012/05/11,0,257000,0,257000
2012/05/14,0,1526000,-50000,1476000
2012/05/15,0,2034000,-45000,1989000
2012/05/16,0,463000,-152000,311000
2012/05/17,0,100000,-121000,-21000
2012/05/18,0,266000,-220000,46000
2012/05/21,0,3341000,0,3341000
2012/05/22,0,80000,0,80000
2012/05/23,0,514000,-11521,502479
2012/05/24,0,81000,0,81000
2012/05/25,0,190000,0,190000
2012/05/28,0,260000,0,260000
2012/05/29,0,642000,-14000,628000
2012/05/30,0,0,-639280,-639280
2012/05/31,0,0,-283000,-283000
2012/06/01,0,13000,-57000,-44000
2012/06/04,0,10000,-174000,-164000
2012/06/05,0,1418000,-57000,1361000
2012/06/06,0,1167000,-168000,999000
2012/06/07,0,7000,-200000,-193000
2012/06/08,0,260000,-27000,233000
2012/06/11,0,171000,0,171000
2012/06/12,0,250000,0,250000
2012/06/13,0,236000,0,236000
2012/06/14,0,135000,0,135000
2012/06/15,0,556000,-235500,320500
2012/06/18,0,130000,-1000,129000
2012/06/19,0,31000,0,31000
2012/06/20,0,5000,-500000,-495000
2012/06/21,0,0,-293000,-293000
2012/06/22,0,5000,-95050,-90050
2012/06/25,0,4000,-50000,-46000
2012/06/26,0,407105,-57000,350105
2012/06/27,0,0,-55000,-55000
2012/06/28,0,8000,-305000,-297000
2012/06/29,0,194000,0,194000
2012/07/02,0,248000,-8000,240000
2012/07/03,0,153000,0,153000
2012/07/04,0,917000,-636000,281000
2012/07/05,0,160000,-141000,19000
2012/07/06,0,400000,-155000,245000
2012/07/09,0,210000,0,210000
2012/07/10,0,904000,-267000,637000
2012/07/11,0,541000,-43000,498000
2012/07/12,0,435000,0,435000
2012/07/13,0,200000,0,200000
2012/07/16,0,230000,-21500,208500
2012/07/17,0,1071000,-26000,1045000
2012/07/18,0,100000,0,100000
2012/07/19,0,174000,0,174000
2012/07/20,0,700000,0,700000
2012/07/23,0,330000,-22000,308000
2012/07/24,0,451000,0,451000
2012/07/25,0,1803000,0,1803000
2012/07/26,0,525000,-25000,500000
2012/07/27,0,157000,-56000,101000
2012/07/30,0,200000,-75000,125000
2012/07/31,0,600000,-24000,576000
2012/08/01,0,622000,-70000,552000
2012/08/02,0,0,0,0
2012/08/03,0,185000,0,185000
2012/08/06,0,132000,-4000,128000
2012/08/07,0,219500,-99000,120500
2012/08/08,0,3000,-717000,-714000
2012/08/09,0,76000,-2951000,-2875000
2012/08/10,0,4000,-4798000,-4794000
2012/08/13,0,0,-1275000,-1275000
2012/08/14,0,3000,-263000,-260000
2012/08/15,0,101128,-872000,-770872
2012/08/16,0,800000,-556000,244000
2012/08/17,0,447000,-852161,-405161
2012/08/20,0,44500,-243000,-198500
2012/08/21,0,665000,-2000,663000
2012/08/22,0,187000,-147000,40000
2012/08/23,0,234000,-43000,191000
2012/08/24,0,0,0,0
2012/08/27,0,203000,-1601000,-1398000
2012/08/28,0,56000,-1309000,-1253000
2012/08/29,0,52000,-659000,-607000
2012/08/30,0,128000,-41000,87000
2012/08/31,0,16000,-41000,-25000
2012/09/03,0,228000,-1209000,-981000
2012/09/04,0,0,-357000,-357000
2012/09/05,0,2000,-1281000,-1279000
2012/09/06,0,7000,-27000,-20000
2012/09/07,0,179500,-304000,-124500
2012/09/10,0,200000,-315000,-115000
2012/09/11,0,0,0,0
2012/09/12,0,1041720,-8000,1033720
2012/09/13,0,103500,0,103500
2012/09/14,0,163000,-165081,-2081
2012/09/17,0,33000,0,33000
2012/09/18,0,30000,-102000,-72000
2012/09/19,0,354000,-9000,345000
2012/09/20,0,500000,-29000,471000
2012/09/21,0,150000,-41000,109000
2012/09/24,0,152000,-60000,92000
2012/09/25,0,0,-20000,-20000
2012/09/26,0,740000,-204000,536000
2012/09/27,0,494000,-524000,-30000
2012/09/28,0,152000,-667010,-515010
2012/10/01,0,153000,-195860,-42860
2012/10/02,0,0,-297010,-297010
2012/10/03,0,0,-173950,-173950
2012/10/04,0,0,-18830,-18830
2012/10/05,0,150000,-8070,141930
2012/10/08,0,20000,-3156,16844
2012/10/09,0,150000,-14190,135810
2012/10/10,0,0,0,0
2012/10/11,0,94000,-1000,93000
2012/10/12,0,0,-504000,-504000
2012/10/15,0,0,-43000,-43000
2012/10/16,0,0,-151770,-151770
2012/10/17,0,47000,0,47000
2012/10/18,0,35000,-600,34400
2012/10/19,0,48000,0,48000
2012/10/22,0,0,0,0
2012/10/23,0,11000,0,11000
2012/10/24,0,0,0,0
2012/10/25,0,0,-4200,-4200
2012/10/26,0,50000,-25000,25000
2012/10/29,0,10846,-435000,-424154
2012/10/30,0,300000,-7000,293000
2012/10/31,0,872000,-8000,864000
2012/11/01,0,168000,-70000,98000
2012/11/02,0,7000,-25000,-18000
2012/11/05,0,0,0,0
2012/11/06,0,105000,0,105000
2012/11/07,0,0,0,0
2012/11/08,0,8000,-850000,-842000
2012/11/09,0,22000,-168500,-146500
2012/11/12,0,100000,-120000,-20000
2012/11/13,0,1000,0,1000
2012/11/14,0,0,0,0
2012/11/15,0,0,-14000,-14000
2012/11/16,0,14000,0,14000
2012/11/19,0,47000,0,47000
2012/11/20,0,0,0,0
2012/11/21,0,0,-14900,-14900
2012/11/22,0,307000,-547250,-240250
2012/11/23,0,98000,-1846000,-1748000
2012/11/26,0,0,0,0
2012/11/27,0,0,-342000,-342000
2012/11/28,0,102000,-2980,99020
2012/11/29,0,156000,0,156000
2012/11/30,0,60000,-3000,57000
2012/12/03,0,0,0,0
2012/12/04,0,0,-1000,-1000
2012/12/05,0,23000,-70000,-47000
2012/12/06,0,71000,0,71000
2012/12/07,0,0,0,0
2012/12/10,0,13000,-362000,-349000
2012/12/11,0,0,0,0
2012/12/12,0,50000,0,50000
2012/12/13,0,30000,-704920,-674920
2012/12/14,0,200000,-89000,111000
2012/12/17,0,102000,-568000,-466000
2012/12/18,0,320000,-1000,319000
2012/12/19,0,0,-340000,-340000
2012/12/20,0,16000,-310000,-294000
2012/12/21,0,218000,-828000,-610000
2012/12/24,0,0,0,0
2012/12/25,0,0,0,0
2012/12/26,0,0,-55000,-55000
2012/12/27,0,112000,-90000,22000
2012/12/28,0,242000,-922000,-680000
2012/12/31,0,0,0,0
2013/01/01,0,0,0,0
2013/01/02,0,2022000,-952000,1070000
2013/01/03,0,2408000,-290000,2118000
2013/01/04,0,4454000,-200780,4253220
2013/01/07,0,2226000,-78000,2148000
2013/01/08,0,0,-3000,-3000
2013/01/09,0,623000,-438000,185000
2013/01/10,0,60000,0,60000
2013/01/11,0,158000,-13000,145000
2013/01/14,0,290000,-108000,182000
2013/01/15,0,0,-213000,-213000
2013/01/16,0,1072000,-183000,889000
2013/01/17,0,35000,-640114,-605114
2013/01/18,0,94000,0,94000
2013/01/21,0,70000,-218000,-148000
2013/01/22,0,144000,-7000,137000
2013/01/23,0,50000,-546000,-496000
2013/01/24,0,243000,-16000,227000
2013/01/25,0,75000,-411390,-336390
2013/01/28,0,30000,0,30000
2013/01/29,0,209000,-1019260,-810260
2013/01/30,0,1010000,-896400,113600
2013/01/31,0,36000,-105000,-69000
2013/02/01,0,276000,-27010,248990
2013/02/04,0,1023000,-741000,282000
2013/02/05,0,0,-153000,-153000
2013/02/06,0,12000,-458000,-446000
2013/02/07,0,0,0,0
2013/02/08,0,0,0,0
2013/02/11,0,0,0,0
2013/02/12,0,0,0,0
2013/02/13,0,0,0,0
2013/02/14,0,0,0,0
2013/02/15,0,0,0,0
2013/02/18,0,0,-280000,-280000
2013/02/19,0,0,-267480,-267480
2013/02/20,0,1102000,-129100,972900
2013/02/21,0,2625000,-267000,2358000
2013/02/22,0,1352000,-33510,1318490
2013/02/25,0,2161000,0,2161000
2013/02/26,0,1239000,-3000,1236000
2013/02/27,0,1680000,-79000,1601000
2013/02/28,0,0,0,0
2013/03/01,0,520000,0,520000
2013/03/04,0,143000,-50000,93000
2013/03/05,0,884000,-261000,623000
2013/03/06,0,318000,0,318000
2013/03/07,0,0,0,0
2013/03/08,0,220000,-1087000,-867000
2013/03/11,0,0,-488000,-488000
2013/03/12,0,100000,-302000,-202000
2013/03/13,0,0,-186000,-186000
2013/03/14,0,0,-150200,-150200
2013/03/15,0,456000,-2089000,-1633000
2013/03/18,0,45000,-19000,26000
2013/03/19,0,100000,0,100000
2013/03/20,0,22000,-63000,-41000
2013/03/21,0,326000,-36000,290000
2013/03/22,0,44000,-7000,37000
2013/03/25,0,20000,0,20000
2013/03/26,0,408000,-26000,382000
2013/03/27,0,50000,-3872000,-3822000
2013/03/28,0,3190000,0,3190000
2013/03/29,0,0,-407000,-407000
2013/04/01,0,468000,-1003000,-535000
2013/04/02,0,40000,-211000,-171000
2013/04/03,0,130000,-1723000,-1593000
2013/04/04,0,0,0,0
2013/04/05,0,0,0,0
2013/04/08,0,0,-580000,-580000
2013/04/09,0,70000,-906000,-836000
2013/04/10,0,826000,0,826000
2013/04/11,0,1579000,-2500000,-921000
2013/04/12,0,1837000,-452000,1385000
2013/04/15,0,676000,-3000,673000
2013/04/16,0,10000,-561000,-551000
2013/04/17,0,1652000,-86000,1566000
2013/04/18,0,0,0,0
2013/04/19,0,9297,-10000,-703
2013/04/22,0,1683000,-402000,1281000
2013/04/23,0,50000,-8000,42000
2013/04/24,0,660000,-72000,588000
2013/04/25,0,1806000,-7000,1799000
2013/04/26,0,0,-6000,-6000
2013/04/29,0,5000,-240000,-235000
2013/04/30,0,0,-31000,-31000
2013/05/01,0,0,0,0
2013/05/02,0,50000,-147000,-97000
2013/05/03,0,94000,-687000,-593000
2013/05/06,0,468000,-1335000,-867000
2013/05/07,0,0,-2000,-2000
2013/05/08,0,143000,-2000,141000
2013/05/09,0,164000,-122000,42000
2013/05/10,0,20000,-124000,-104000
2013/05/13,0,10000,-9000,1000
2013/05/14,0,0,-2000,-2000
2013/05/15,0,242000,-51000,191000
2013/05/16,0,0,-62000,-62000
2013/05/17,0,0,-77000,-77000
2013/05/20,0,0,-163000,-163000
2013/05/21,0,19000,-20401,-1401
2013/05/22,0,0,-293000,-293000
2013/05/23,0,0,-52000,-52000
2013/05/24,0,0,-313000,-313000
2013/05/27,0,0,-1257000,-1257000
2013/05/28,0,0,-611000,-611000
2013/05/29,0,0,0,0
2013/05/30,0,4000,-226000,-222000
2013/05/31,0,1000,-427228,-426228
2013/06/03,0,0,-1084980,-1084980
2013/06/04,0,30000,-977000,-947000
2013/06/05,0,0,-1552490,-1552490
2013/06/06,0,0,-94000,-94000
2013/06/07,0,0,-62000,-62000
2013/06/10,0,175000,-231000,-56000
2013/06/11,0,97000,-180000,-83000
2013/06/12,0,0,0,0
2013/06/13,0,11000,-679000,-668000
2013/06/14,0,85000,-691000,-606000
2013/06/17,0,255000,-20000,235000
2013/06/18,0,62000,-2000,60000
2013/06/19,0,0,0,0
2013/06/20,0,325000,0,325000
2013/06/21,0,0,-1129000,-1129000
2013/06/24,0,104000,0,104000
2013/06/25,0,0,-402000,-402000
2013/06/26,0,0,-307000,-307000
2013/06/27,0,4000,-263000,-259000
2013/06/28,0,2000,-2729000,-2727000
2013/07/01,0,2000000,-3463000,-1463000
2013/07/02,0,0,-1017000,-1017000
2013/07/03,0,0,-1513000,-1513000
2013/07/04,0,6000,-202000,-196000
2013/07/05,0,0,-10600,-10600
2013/07/08,0,0,-47000,-47000
2013/07/09,0,0,-308000,-308000
2013/07/10,0,0,0,0
2013/07/11,0,0,-617293,-617293
2013/07/12,0,0,-263000,-263000
2013/07/15,0,0,-26000,-26000
2013/07/16,0,90000,-255000,-165000
2013/07/17,0,0,-302000,-302000
2013/07/18,0,0,-301000,-301000
2013/07/19,0,3000,-1047000,-1044000
2013/07/22,0,320000,-1028000,-708000
2013/07/23,0,2000,-1180000,-1178000
2013/07/24,0,0,-1101000,-1101000
2013/07/25,0,2000,-229000,-227000
2013/07/26,0,0,-121000,-121000
2013/07/29,0,0,-40000,-40000
2013/07/30,0,18000,-1719000,-1701000
2013/07/31,0,1000,-148000,-147000
2013/08/01,0,0,-223000,-223000
2013/08/02,0,0,-178000,-178000
2013/08/05,0,0,-1000,-1000
2013/08/06,0,0,-130000,-130000
2013/08/07,0,0,-103000,-103000
2013/08/08,0,0,-2800000,-2800000
2013/08/09,0,0,-1578000,-1578000
2013/08/12,0,0,-2042000,-2042000
2013/08/13,0,0,0,0
2013/08/14,0,7000,0,7000
2013/08/15,0,1000,-136980,-135980
2013/08/16,0,30000,-2053950,-2023950
2013/08/19,0,8000,-79820,-71820
2013/08/20,0,2000,0,2000
2013/08/21,0,0,0,0
2013/08/22,0,8000,0,8000
2013/08/23,0,163000,-133000,30000
2013/08/26,0,114000,0,114000
2013/08/27,0,0,-520000,-520000
2013/08/28,0,12000,-40000,-28000
2013/08/29,0,0,0,0
2013/08/30,0,7000,-667000,-660000
2013/09/02,0,0,-600000,-600000
2013/09/03,0,55000,-172,54828
2013/09/04,0,0,0,0
2013/09/05,0,4000,-36000,-32000
2013/09/06,0,8000,0,8000
2013/09/09,0,0,-2000,-2000
2013/09/10,0,78000,0,78000
2013/09/11,0,106000,-2000,104000
2013/09/12,0,511000,-4000,507000
2013/09/13,0,326000,-526000,-200000
2013/09/16,0,53000,0,53000
2013/09/17,0,0,0,0
2013/09/18,0,96000,-333000,-237000
2013/09/19,0,0,0,0
2013/09/20,0,0,0,0
2013/09/23,0,37000,-67000,-30000
2013/09/24,0,0,0,0
2013/09/25,0,0,0,0
2013/09/26,0,0,-1000,-1000
2013/09/27,0,0,0,0
2013/09/30,0,0,-956427,-956427
2013/10/01,0,73000,-52000,21000
2013/10/02,0,121000,-58926,62074
2013/10/03,0,8000,0,8000
2013/10/04,0,93000,0,93000
2013/10/07,0,0,-34000,-34000
2013/10/08,0,0,0,0
2013/10/09,0,0,-83000,-83000
2013/10/10,0,0,0,0
2013/10/11,0,330000,-27000,303000
2013/10/14,0,0,-152000,-152000
2013/10/15,0,81000,-278220,-197220
2013/10/16,0,178000,-28160,149840
2013/10/17,0,1000,-34720,-33720
2013/10/18,0,49000,-2000,47000
2013/10/21,0,0,-4440,-4440
2013/10/22,0,0,-6000,-6000
2013/10/23,0,0,-8000,-8000
2013/10/24,0,0,0,0
2013/10/25,0,0,-786000,-786000
2013/10/28,0,0,-34000,-34000
2013/10/29,0,0,-309600,-309600
2013/10/30,0,0,0,0
2013/10/31,0,0,-14000,-14000
2013/11/01,0,0,-6220,-6220
2013/11/04,0,95000,-75000,20000
2013/11/05,0,0,0,0
2013/11/06,0,0,-74577,-74577
2013/11/07,0,0,-1030000,-1030000
2013/11/08,0,0,-55000,-55000
2013/11/11,0,0,-191144,-191144
2013/11/12,0,0,-1339608,-1339608
2013/11/13,0,2000,-96000,-94000
2013/11/14,0,0,0,0
2013/11/15,0,0,-5000,-5000
2013/11/18,0,0,0,0
2013/11/19,0,0,-359000,-359000
2013/11/20,0,0,-50000,-50000
2013/11/21,0,1000,-200000,-199000
2013/11/22,0,0,-184000,-184000
2013/11/25,0,5913,-96000,-90087
2013/11/26,0,650000,-37000,613000
2013/11/27,0,0,0,0
2013/11/28,0,210000,-6000,204000
2013/11/29,0,0,0,0
2013/12/02,0,0,-122000,-122000
2013/12/03,0,0,-13000,-13000
2013/12/04,0,0,-94000,-94000
2013/12/05,0,0,-201000,-201000
2013/12/06,0,0,0,0
2013/12/09,0,0,0,0
2013/12/10,0,151000,-125080,25920
2013/12/11,0,0,-1000000,-1000000
2013/12/12,0,170000,-9000,161000
2013/12/13,0,173000,0,173000
2013/12/16,0,172000,-40831,131169
2013/12/17,0,176000,-5900,170100
2013/12/18,0,176000,-1000,175000
2013/12/19,0,11000,-60000,-49000
2013/12/20,0,40000,-26000,14000
2013/12/23,0,0,0,0
2013/12/24,0,0,-20000,-20000
2013/12/25,0,0,-13000,-13000
2013/12/26,0,0,-1000,-1000
2013/12/27,0,13000,0,13000
2013/12/30,0,6000,-2000,4000
2013/12/31,0,0,-6000,-6000
2014/01/02,0,7000,-5000,2000
2014/01/03,0,0,-867000,-867000
2014/01/06,0,0,-2000,-2000
2014/01/07,0,0,-2000,-2000
2014/01/08,0,1000,0,1000
2014/01/09,0,0,0,0
2014/01/10,0,0,0,0
2014/01/13,0,0,-191607,-191607
2014/01/14,0,3000,-1000,2000
2014/01/15,0,21000,-147000,-126000
2014/01/16,0,59000,0,59000
2014/01/17,0,47000,-3000,44000
2014/01/20,0,46000,-1000,45000
2014/01/21,0,0,-1031712,-1031712
2014/01/22,0,38000,-702620,-664620
2014/01/23,0,0,-508000,-508000
2014/01/24,0,0,-418677,-418677
2014/01/27,0,0,0,0
2014/02/05,0,106000,-108000,-2000
2014/02/06,0,174000,-648000,-474000
2014/02/07,0,60000,-29000,31000
2014/02/10,0,36000,-32000,4000
2014/02/11,0,0,-47000,-47000
2014/02/12,0,46000,-41000,5000
2014/02/13,0,0,-73371,-73371
2014/02/14,0,0,-326000,-326000
2014/02/17,0,76000,-34000,42000
2014/02/18,0,0,0,0
2014/02/19,0,0,-38000,-38000
2014/02/20,0,0,-306805,-306805
2014/02/21,0,12000,0,12000
2014/02/24,0,2000000,0,2000000
2014/02/25,0,1000000,0,1000000
2014/02/26,0,299000,-65000,234000
2014/02/27,0,0,-1000,-1000
2014/03/03,0,0,0,0
2014/03/04,0,18000,-51000,-33000
2014/03/05,0,0,0,0
2014/03/06,0,0,-102460,-102460
2014/03/07,0,0,-3000,-3000
2014/03/10,0,0,-102292,-102292
2014/03/11,0,0,0,0
2014/03/12,0,0,-3000,-3000
2014/03/13,0,0,-391000,-391000
2014/03/14,0,0,-1000,-1000
2014/03/17,0,5000,-2000,3000
2014/03/18,0,0,-416400,-416400
2014/03/19,0,280000,-6000,274000
2014/03/20,0,0,-4000,-4000
2014/03/21,0,300000,0,300000
2014/03/24,0,0,0,0
2014/03/25,0,0,0,0
2014/03/26,0,0,0,0
2014/03/27,0,0,0,0
2014/03/28,0,700000,-4000,696000
2014/03/31,0,0,0,0
2014/04/01,0,0,-19000,-19000
2014/04/02,0,58000,0,58000
2014/04/03,0,0,-73000,-73000
2014/04/07,0,0,-13000,-13000
2014/04/08,0,0,0,0
2014/04/09,0,0,0,0
2014/04/10,0,5540,0,5540
2014/04/11,0,122000,0,122000
2014/04/14,0,0,-54000,-54000
2014/04/15,0,54000,-100000,-46000
2014/04/16,0,0,-301000,-301000
2014/04/17,0,32000,-252000,-220000
2014/04/18,0,0,-332000,-332000
2014/04/21,0,14000,-2000,12000
2014/04/22,0,16000,0,16000
2014/04/23,0,16000,0,16000
2014/04/24,0,54000,-193000,-139000
2014/04/25,0,30000,0,30000
2014/04/28,0,0,0,0
2014/04/29,0,0,0,0
2014/04/30,0,0,-3000,-3000
2014/05/02,0,0,0,0
2014/05/05,0,0,0,0
2014/05/06,0,0,-31000,-31000
2014/05/07,0,0,-466031,-466031
2014/05/08,0,0,0,0
2014/05/09,0,0,0,0
2014/05/12,0,0,0,0
2014/05/13,0,0,-1000,-1000
2014/05/14,0,0,0,0
2014/05/15,0,0,0,0
2014/05/16,0,44000,0,44000
2014/05/19,0,0,-4000,-4000
2014/05/20,0,0,0,0
2014/05/21,0,0,0,0
2014/05/22,0,45000,0,45000
2014/05/23,0,0,0,0
2014/05/26,0,0,-16000,-16000
2014/05/27,0,0,-37000,-37000
2014/05/28,0,0,0,0
2014/05/29,0,0,-8000,-8000
2014/05/30,0,0,-6000,-6000
2014/06/03,0,0,-54000,-54000
2014/06/04,0,0,-419000,-419000
2014/06/05,0,92000,-1000000,-908000
2014/06/06,0,0,-582000,-582000
2014/06/09,0,0,-1000,-1000
2014/06/10,0,0,-12000,-12000
2014/06/11,0,0,-19000,-19000
2014/06/12,0,15000,-15000,0
2014/06/13,0,116000,-17000,99000
2014/06/16,0,0,-13000,-13000
2014/06/17,0,0,-23000,-23000
2014/06/18,0,43000,0,43000
2014/06/19,0,0,0,0
2014/06/20,0,22000,-275000,-253000
2014/06/23,0,0,0,0
2014/06/24,0,0,-1011000,-1011000
2014/06/25,0,9000,-1005000,-996000
2014/06/26,0,5000,0,5000
2014/06/27,0,3000,0,3000
2014/06/30,0,0,-35000,-35000
2014/07/01,0,0,0,0
2014/07/02,0,881,0,881
2014/07/03,0,5000,0,5000
2014/07/04,0,26000,0,26000
2014/07/07,0,0,0,0
2014/07/08,0,80000,-4000,76000
2014/07/09,0,120000,0,120000
2014/07/10,0,0,0,0
2014/07/11,0,42000,0,42000
2014/07/14,0,0,0,0
2014/07/15,0,40000,-38000,2000
2014/07/16,0,0,0,0
2014/07/17,0,30000,0,30000
2014/07/18,0,0,0,0
2014/07/21,0,0,0,0
2014/07/22,0,173000,-171000,2000
2014/07/23,0,0,0,0
2014/07/24,0,159000,0,159000
2014/07/25,0,7000,0,7000
2014/07/28,0,854000,-31000,823000
2014/07/29,0,950000,0,950000
2014/07/30,0,562000,0,562000
2014/07/31,0,46000,-41000,5000
2014/08/01,0,58000,0,58000
2014/08/04,0,40000,-1000,39000
2014/08/05,0,0,-85000,-85000
2014/08/06,0,63000,0,63000
2014/08/07,0,48000,0,48000
2014/08/08,0,63000,0,63000
2014/08/11,0,21000,0,21000
2014/08/12,0,17000,0,17000
2014/08/13,0,11000,-7000,4000
2014/08/14,0,21000,-7000,14000
2014/08/15,0,15000,-14000,1000
2014/08/18,0,0,0,0
2014/08/19,0,8000,0,8000
2014/08/20,0,0,0,0
2014/08/21,0,72000,0,72000
2014/08/22,0,0,0,0
2014/08/25,0,0,0,0
2014/08/26,0,3000,0,3000
2014/08/27,0,1000,0,1000
2014/08/28,0,52000,0,52000
2014/08/29,0,2000,-1000,1000
2014/09/01,0,0,0,0
2014/09/02,0,0,0,0
2014/09/03,0,20000,0,20000
2014/09/04,0,427000,0,427000
2014/09/05,0,56000,0,56000
2014/09/09,0,0,0,0
2014/09/10,0,0,0,0
2014/09/11,0,36000,0,36000
2014/09/12,0,32000,0,32000
2014/09/15,0,6000,0,6000
2014/09/16,0,44000,0,44000
2014/09/17,0,15000,0,15000
2014/09/18,0,5000,0,5000
2014/09/19,0,2000,-16000,-14000
2014/09/22,0,29895,-274680,-244785
2014/09/23,0,19000,0,19000
2014/09/24,0,0,0,0
2014/09/25,0,300000,0,300000
2014/09/26,0,240000,0,240000
2014/09/29,0,115000,-42000,73000
2014/09/30,0,40000,0,40000
2014/10/01,0,0,0,0
2014/10/02,0,102000,-435000,-333000
2014/10/03,0,0,0,0
2014/10/06,0,12000,-80,11920
2014/10/07,0,3000,0,3000
2014/10/08,0,3000,0,3000
2014/10/09,0,0,-680,-680
2014/10/13,0,1699000,-757240,941760
2014/10/14,0,1000,0,1000
2014/10/15,0,65000,-699720,-634720
2014/10/16,0,65000,-76560,-11560
2014/10/17,0,0,-510040,-510040
2014/10/20,0,0,-30000,-30000
2014/10/21,0,421000,0,421000
2014/10/22,0,500000,0,500000
2014/10/23,0,16000,0,16000
2014/10/24,0,22000,0,22000
2014/10/27,0,0,-5000,-5000
2014/10/28,0,0,-2639200,-2639200
2014/10/29,0,6000,-65000,-59000
2014/10/30,0,564000,-2000,562000
2014/10/31,0,350000,0,350000
2014/11/03,0,0,-5000,-5000
2014/11/04,0,0,0,0
2014/11/05,0,0,-385083,-385083
2014/11/06,0,0,0,0
2014/11/07,0,0,-21000,-21000
2014/11/10,0,0,0,0
2014/11/11,0,36000,0,36000
2014/11/12,0,17000,0,17000
2014/11/13,0,0,0,0
2014/11/14,0,475000,0,475000
2014/11/17,0,0,-41000,-41000
2014/11/18,0,0,0,0
2014/11/19,0,0,0,0
2014/11/20,0,6000,-770,5230
2014/11/21,0,11000,0,11000
2014/11/24,0,0,0,0
2014/11/25,0,2000,-1000,1000
2014/11/26,0,0,0,0
2014/11/27,0,0,-4000,-4000
2014/11/28,0,0,0,0
2014/12/01,0,0,0,0
2014/12/02,0,0,-130000,-130000
2014/12/03,0,0,-182000,-182000
2014/12/04,0,0,-109900,-109900
2014/12/05,0,0,-167000,-167000
2014/12/08,0,0,0,0
2014/12/09,0,0,0,0
2014/12/10,0,0,-27000,-27000
2014/12/11,0,0,-4398,-4398
2014/12/12,0,0,0,0
2014/12/15,0,0,0,0
2014/12/16,0,3000,-24000,-21000
2014/12/17,0,0,0,0
2014/12/18,0,0,0,0
2014/12/19,0,117000,-80,116920
2014/12/22,0,0,0,0
2014/12/23,0,0,0,0
2014/12/24,0,0,0,0
2014/12/25,0,0,0,0
2014/12/26,0,0,0,0
2014/12/29,0,0,-8000,-8000
2014/12/30,0,0,0,0
2014/12/31,0,0,0,0
2015/01/01,0,0,0,0
2015/01/02,0,0,0,0
2015/01/05,0,0,0,0
2015/01/06,0,0,0,0
2015/01/07,0,0,-531200,-531200
2015/01/08,0,0,-350000,-350000
2015/01/09,0,0,0,0
2015/01/12,0,0,0,0
2015/01/13,0,0,0,0
2015/01/14,0,15000,0,15000
2015/01/15,0,20000,0,20000
2015/01/16,0,0,-350000,-350000
2015/01/19,0,0,-1000,-1000
2015/01/20,0,25000,0,25000
2015/01/21,0,744000,0,744000
2015/01/22,0,1064000,0,1064000
2015/01/23,0,1981000,0,1981000
2015/01/26,0,100000,0,100000
2015/01/27,0,32000,0,32000
2015/01/28,0,30000,0,30000
2015/01/29,0,84000,0,84000
2015/01/30,0,264000,-4000,260000
2015/02/02,0,0,0,0
2015/02/03,0,610000,0,610000
2015/02/04,0,0,0,0
2015/02/05,0,25000,0,25000
2015/02/06,0,0,0,0
2015/02/09,0,400000,0,400000
2015/02/10,0,0,0,0
2015/02/11,0,99000,0,99000
2015/02/12,0,0,0,0
2015/02/13,0,762000,-408000,354000
2015/02/16,0,0,0,0
2015/02/17,0,0,0,0
2015/02/18,0,0,0,0
2015/02/19,0,0,0,0
2015/02/20,0,0,0,0
2015/02/23,0,0,0,0
2015/02/24,0,0,0,0
2015/02/25,0,143000,-28000,115000
2015/02/26,0,0,-22000,-22000
2015/02/27,0,0,0,0
2015/03/02,0,0,0,0
2015/03/03,0,0,-1000,-1000
2015/03/04,0,200000,-44000,156000
2015/03/05,0,0,-5000,-5000
2015/03/06,0,18000,0,18000
2015/03/09,0,181000,-3000,178000
2015/03/10,0,0,0,0
2015/03/11,0,15000,0,15000
2015/03/12,0,34000,-1501241,-1467241
2015/03/13,0,0,-300000,-300000
2015/03/16,0,0,-1580000,-1580000
2015/03/17,0,0,-133000,-133000
2015/03/18,0,0,0,0
2015/03/19,0,0,-89000,-89000
2015/03/20,0,2000,-87000,-85000
2015/03/23,0,0,-1000,-1000
2015/03/24,0,0,-138000,-138000
2015/03/25,0,0,-35200,-35200
2015/03/26,0,0,0,0
2015/03/27,0,0,-55000,-55000
2015/03/30,0,0,0,0
2015/03/31,0,0,0,0
2015/04/01,0,135000,-475000,-340000
2015/04/02,0,10000,0,10000
2015/04/03,0,0,0,0
2015/04/06,0,0,0,0
2015/04/07,0,183000,0,183000
2015/04/08,0,0,0,0
2015/04/09,0,0,0,0
2015/04/10,0,0,0,0
2015/04/13,0,0,0,0
2015/04/14,0,0,0,0
2015/04/15,0,2000,0,2000
2015/04/16,0,0,-140000,-140000
2015/04/17,0,0,-1500000,-1500000
2015/04/20,0,0,-655657,-655657
2015/04/21,0,0,0,0
2015/04/22,0,0,-163000,-163000
2015/04/23,0,0,-50000,-50000
2015/04/24,0,0,-202000,-202000
2015/04/27,0,0,0,0
2015/04/28,0,20000,-71000,-51000
2015/04/29,0,0,-5000,-5000
2015/04/30,0,0,-93000,-93000
2015/05/01,0,0,0,0
2015/05/04,0,0,-5000,-5000
2015/05/05,0,0,0,0
2015/05/06,0,0,0,0
2015/05/07,0,0,0,0
2015/05/08,0,0,0,0
2015/05/11,0,1000,0,1000
2015/05/12,0,2402000,-75000,2327000
2015/05/13,0,839000,0,839000
2015/05/14,0,973000,-73000,900000
2015/05/15,0,424000,-36000,388000
2015/05/18,0,60000,0,60000
2015/05/19,0,95000,0,95000
2015/05/20,0,0,0,0
2015/05/21,0,14000,-1000,13000
2015/05/22,0,0,0,0
2015/05/25,0,0,0,0
2015/05/26,0,0,0,0
2015/05/27,0,0,0,0
2015/05/28,0,0,-87000,-87000
2015/05/29,0,0,-10000,-10000
2015/06/01,0,0,0,0
2015/06/02,0,0,-375000,-375000
2015/06/03,0,0,0,0
2015/06/04,0,132,-1000,-868
2015/06/05,0,170000,-504000,-334000
2015/06/08,0,0,-341000,-341000
2015/06/09,0,0,-365000,-365000
2015/06/10,0,0,-54000,-54000
2015/06/11,0,0,-396000,-396000
2015/06/12,0,0,-324000,-324000
2015/06/15,0,0,0,0
2015/06/16,0,0,-2000,-2000
2015/06/17,0,0,0,0
2015/06/18,0,0,-5000,-5000
2015/06/19,0,0,0,0
2015/06/22,0,6000,-19000,-13000
2015/06/23,0,550000,-564000,-14000
2015/06/24,0,0,-39000,-39000
2015/06/25,0,0,-5000,-5000
2015/06/26,0,0,-111000,-111000
2015/06/29,0,0,-1000,-1000
2015/06/30,0,0,-5000,-5000
2015/07/01,0,186000,-6000,180000
2015/07/02,0,114000,0,114000
2015/07/03,0,46000,-133000,-87000
2015/07/06,0,0,0,0
2015/07/07,0,0,0,0
2015/07/08,0,0,0,0
2015/07/09,0,0,-13000,-13000
2015/07/10,0,0,0,0
2015/07/13,0,597000,0,597000
2015/07/14,0,42000,0,42000
2015/07/15,0,26000,0,26000
2015/07/16,0,0,0,0
2015/07/17,0,205000,0,205000
2015/07/20,0,2122000,0,2122000
2015/07/21,0,918000,0,918000
2015/07/22,0,3696000,-139000,3557000
2015/07/23,0,592000,0,592000
2015/07/24,0,101000,0,101000
2015/07/27,0,663000,0,663000
2015/07/28,0,252000,0,252000
2015/07/29,0,511000,0,511000
2015/07/30,0,660000,0,660000
2015/07/31,0,739000,0,739000
2015/08/03,0,300000,0,300000
2015/08/04,0,1799000,0,1799000
2015/08/05,0,1640000,0,1640000
2015/08/06,0,1951000,0,1951000
2015/08/07,0,710000,-1000,709000
2015/08/10,0,1694000,0,1694000
2015/08/11,0,1223000,0,1223000
2015/08/12,0,2257000,0,2257000
2015/08/13,0,328000,-139000,189000
2015/08/14,0,716000,0,716000
2015/08/17,0,1573000,0,1573000
2015/08/18,0,2113000,0,2113000
2015/08/19,0,684000,0,684000
2015/08/20,0,496000,0,496000
2015/08/21,0,530000,-11000,519000
2015/08/24,0,57000,0,57000
2015/08/25,0,550480,0,550480
2015/08/26,0,137000,0,137000
2015/08/27,0,160000,0,160000
2015/08/28,0,55000,-106000,-51000
2015/08/31,0,3000,-530000,-527000
2015/09/01,0,56000,-72000,-16000
2015/09/02,0,116000,-574415,-458415
2015/09/03,0,641000,-29000,612000
2015/09/04,0,71000,-31000,40000
2015/09/07,0,83000,-1671000,-1588000
2015/09/08,0,17000,-1739000,-1722000
2015/09/09,0,1000,-140000,-139000
2015/09/10,0,399000,-60000,339000
2015/09/11,0,312000,-30000,282000
2015/09/14,0,9000,-170000,-161000
2015/09/15,0,9000,-87000,-78000
2015/09/16,0,1000,-473000,-472000
2015/09/17,0,0,-105000,-105000
2015/09/18,0,0,-585000,-585000
2015/09/21,0,23000,-472000,-449000
2015/09/22,0,2993,-23000,-20007
2015/09/23,0,0,-97000,-97000
2015/09/24,0,0,-141000,-141000
2015/09/25,0,0,0,0
2015/09/28,0,0,0,0
2015/09/29,0,0,0,0
2015/09/30,0,0,-20560,-20560
2015/10/01,0,83000,-439000,-356000
2015/10/02,0,459000,-442000,17000
2015/10/05,0,0,-648000,-648000
2015/10/06,0,0,-47000,-47000
2015/10/07,0,486000,0,486000
2015/10/08,0,0,-90000,-90000
2015/10/09,0,0,0,0
2015/10/12,0,74000,-600000,-526000
2015/10/13,0,0,-308000,-308000
2015/10/14,0,0,-22800,-22800
2015/10/15,0,0,-1211200,-1211200
2015/10/16,0,11000,0,11000
2015/10/19,0,170000,-214000,-44000
2015/10/20,0,0,-313040,-313040
2015/10/21,0,0,0,0
2015/10/22,0,0,-38000,-38000
2015/10/23,0,0,-146000,-146000
2015/10/26,0,0,-669000,-669000
2015/10/27,0,0,-2808200,-2808200
2015/10/28,0,0,-1142000,-1142000
2015/10/29,0,0,-102640,-102640
2015/10/30,0,0,-138720,-138720
2015/11/02,0,13000,-294000,-281000
2015/11/03,0,23000,-354000,-331000
2015/11/04,0,53000,-316640,-263640
2015/11/05,0,1000,-772000,-771000
2015/11/06,0,40000,-338000,-298000
2015/11/09,0,32000,-72000,-40000
2015/11/10,0,0,-975000,-975000
2015/11/11,0,0,0,0
2015/11/12,0,40000,0,40000
2015/11/13,0,68000,0,68000
2015/11/16,0,0,0,0
2015/11/17,0,8000,-44000,-36000
2015/11/18,0,1000,-565000,-564000
2015/11/19,0,0,-200000,-200000
2015/11/20,0,0,-336400,-336400
2015/11/23,0,0,-253000,-253000
2015/11/24,0,23000,0,23000
2015/11/25,0,0,0,0
2015/11/26,0,0,0,0
2015/11/27,0,0,-159000,-159000
2015/11/30,0,2000,-1171160,-1169160
2015/12/01,0,0,-44000,-44000
2015/12/02,0,0,0,0
2015/12/03,0,0,-61000,-61000
2015/12/04,0,0,-120000,-120000
2015/12/07,0,0,-129520,-129520
2015/12/08,0,66000,-419000,-353000
2015/12/09,0,111000,0,111000
2015/12/10,0,0,0,0
2015/12/11,0,63000,0,63000
2015/12/14,0,0,-2643,-2643
2015/12/15,0,0,0,0
2015/12/16,0,0,-56000,-56000
2015/12/17,0,0,0,0
2015/12/18,0,0,-22000,-22000
2015/12/21,0,0,-483000,-483000
2015/12/22,0,0,-630000,-630000
2015/12/23,0,300000,0,300000
2015/12/24,0,1591000,0,1591000
2015/12/25,0,1240000,0,1240000
2015/12/28,0,1300000,-52000,1248000
2015/12/29,0,0,-66000,-66000
2015/12/30,0,400000,0,400000
2015/12/31,0,0,0,0
2016/01/01,0,0,0,0
2016/01/04,0,31000,0,31000
2016/01/05,0,0,-6000,-6000
2016/01/06,0,20000,0,20000
2016/01/07,0,0,-4000,-4000
2016/01/08,0,0,0,0
2016/01/11,0,12000,-20000,-8000
2016/01/12,0,0,-1851000,-1851000
2016/01/13,0,0,-23000,-23000
2016/01/14,0,0,0,0
2016/01/15,0,0,-24000,-24000
2016/01/18,0,49000,-250000,-201000
2016/01/19,0,0,-152000,-152000
2016/01/20,0,0,-24000,-24000
2016/01/21,0,0,-58000,-58000
2016/01/22,0,0,-800,-800
2016/01/25,0,0,-48000,-48000
2016/01/26,0,28000,-21000,7000
2016/01/27,0,0,-61000,-61000
2016/01/28,0,0,0,0
2016/01/29,0,2000,-1173760,-1171760
2016/02/01,0,0,-423000,-423000
2016/02/02,0,47000,-351000,-304000
2016/02/03,0,40000,-11000,29000
2016/02/04,0,0,0,0
2016/02/05,0,0,0,0
2016/02/08,0,0,0,0
2016/02/09,0,0,0,0
2016/02/10,0,0,0,0
2016/02/11,0,0,0,0
2016/02/12,0,0,0,0
2016/02/15,0,0,-519353,-519353
2016/02/16,0,16000,0,16000
2016/02/17,0,0,-707000,-707000
2016/02/18,0,0,0,0
2016/02/19,0,2000,-2120,-120
2016/02/22,0,0,-106920,-106920
2016/02/23,0,0,-60000,-60000
2016/02/24,0,0,-125000,-125000
2016/02/25,0,0,0,0
2016/02/26,0,0,0,0
2016/02/29,0,0,0,0
2016/03/01,0,0,0,0
2016/03/02,0,0,-24955,-24955
2016/03/03,0,0,0,0
2016/03/04,0,0,0,0
2016/03/07,0,0,0,0
2016/03/08,0,13000,-3000,10000
2016/03/09,0,0,-26000,-26000
2016/03/10,0,0,-1000,-1000
2016/03/11,0,0,0,0
2016/03/14,0,0,0,0
2016/03/15,0,0,-198000,-198000
2016/03/16,0,0,0,0
2016/03/17,0,0,-30000,-30000
2016/03/18,0,44000,-29000,15000
2016/03/21,0,0,0,0
2016/03/22,0,0,-131000,-131000
2016/03/23,0,0,-197000,-197000
2016/03/24,0,0,-108000,-108000
2016/03/25,0,0,0,0
2016/03/28,0,0,0,0
2016/03/29,0,0,-279000,-279000
2016/03/30,0,0,0,0
2016/03/31,0,0,0,0
2016/04/01,0,10000,0,10000
2016/04/04,0,0,0,0
2016/04/05,0,0,0,0
2016/04/06,0,3000,0,3000
2016/04/07,0,6000,0,6000
2016/04/08,0,0,0,0
2016/04/11,0,237000,0,237000
2016/04/12,0,63000,0,63000
2016/04/13,0,368000,-48000,320000
2016/04/14,0,0,0,0
2016/04/15,0,17000,-17911,-911
2016/04/18,0,162000,0,162000
2016/04/19,0,0,-68800,-68800
2016/04/20,0,6000,-1000,5000
2016/04/21,0,48000,0,48000
2016/04/22,0,164000,-187000,-23000
2016/04/25,0,0,-1000,-1000
2016/04/26,0,14000,0,14000
2016/04/27,0,0,0,0
2016/04/28,0,0,0,0
2016/04/29,0,0,0,0
2016/05/02,0,0,0,0
2016/05/03,0,0,0,0
2016/05/04,0,0,0,0
2016/05/05,0,0,0,0
2016/05/06,0,0,0,0
2016/05/09,0,0,0,0
2016/05/10,0,30539,0,30539
2016/05/11,0,0,0,0
2016/05/12,0,0,0,0
2016/05/13,0,0,0,0
2016/05/16,0,0,0,0
2016/05/17,0,0,-58000,-58000
2016/05/18,0,0,0,0
2016/05/19,0,0,0,0
2016/05/20,0,0,-153000,-153000
2016/05/23,0,25000,0,25000
2016/05/24,0,0,0,0
2016/05/25,0,0,0,0
2016/05/26,0,22000,-3000,19000
2016/05/27,0,0,0,0
2016/05/30,0,14000,0,14000
2016/05/31,0,0,-2000,-2000
2016/06/01,0,273000,0,273000
2016/06/02,0,255000,0,255000
2016/06/03,0,30000,-136000,-106000
2016/06/06,0,50000,-87000,-37000
2016/06/07,0,737000,-49000,688000
2016/06/08,0,274000,-15000,259000
2016/06/09,0,0,0,0
2016/06/10,0,0,0,0
2016/06/13,0,220000,-293000,-73000
2016/06/14,0,0,0,0
2016/06/15,0,15000,-43000,-28000
2016/06/16,0,78000,-19000,59000
2016/06/17,0,601000,-60000,541000
2016/06/20,0,0,-11000,-11000
2016/06/21,0,0,0,0
2016/06/22,0,0,0,0
2016/06/23,0,0,-1000,-1000
2016/06/24,0,10000,0,10000
2016/06/27,0,5000,-74000,-69000
2016/06/28,0,164000,-115000,49000
2016/06/29,0,0,0,0
2016/06/30,0,48000,0,48000
2016/07/01,0,0,0,0
2016/07/04,0,250000,-132000,118000
2016/07/05,0,250000,-124000,126000
2016/07/06,0,0,-80000,-80000
2016/07/07,0,1000,0,1000
2016/07/08,0,0,0,0
2016/07/11,0,0,0,0
2016/07/12,0,0,0,0
2016/07/13,0,0,0,0
2016/07/14,0,1000000,-1000,999000
2016/07/15,0,0,0,0
2016/07/18,0,0,0,0
2016/07/19,0,9000,-309000,-300000
2016/07/20,0,43000,-125000,-82000
2016/07/21,0,2000,-12000,-10000
2016/07/22,0,70000,-669000,-599000
2016/07/25,0,199000,0,199000
2016/07/26,0,70000,-88960,-18960
2016/07/27,0,3000,-253000,-250000
2016/07/28,0,0,0,0
2016/07/29,0,2360,-106000,-103640
2016/08/01,0,0,0,0
2016/08/02,0,0,-181000,-181000
2016/08/03,0,26000,-35000,-9000
2016/08/04,0,27000,-197000,-170000
2016/08/05,0,0,-62000,-62000
2016/08/08,0,1000,-225000,-224000
2016/08/09,0,259000,-1296000,-1037000
2016/08/10,0,301000,-100000,201000
2016/08/11,0,40000,-94000,-54000
2016/08/12,0,0,-4000,-4000
2016/08/15,0,0,-1333000,-1333000
2016/08/16,0,25000,-189000,-164000
2016/08/17,0,15000,0,15000
2016/08/18,0,142000,-813000,-671000
2016/08/19,0,24000,-956000,-932000
2016/08/22,0,18000,-6000,12000
2016/08/23,0,205000,-1000,204000
2016/08/24,0,0,-5000,-5000
2016/08/25,0,25000,-2000,23000
2016/08/26,0,22000,0,22000
2016/08/29,0,6000,-1000,5000
2016/08/30,0,33000,-47000,-14000
2016/08/31,0,1000,-200000,-199000
2016/09/01,0,219000,-643000,-424000
2016/09/02,0,131000,-400000,-269000
2016/09/05,0,26000,0,26000
2016/09/06,0,25000,-1712720,-1687720
2016/09/07,0,146000,-174000,-28000
2016/09/08,0,223000,-7000,216000
2016/09/09,0,143000,-99000,44000
2016/09/12,0,100000,0,100000
2016/09/13,0,115000,-248000,-133000
2016/09/14,0,164000,0,164000
2016/09/15,0,0,0,0
2016/09/16,0,0,0,0
2016/09/19,0,100000,-100000,0
2016/09/20,0,15000,-11000,4000
2016/09/21,0,10000,-70000,-60000
2016/09/22,0,127000,0,127000
2016/09/23,0,15000,-12000,3000
2016/09/26,0,0,0,0
2016/09/27,0,0,0,0
2016/09/28,0,0,0,0
2016/09/29,0,0,-100000,-100000
2016/09/30,0,62347,0,62347
2016/10/03,0,0,-205265,-205265
2016/10/04,0,0,0,0
2016/10/05,0,0,0,0
2016/10/06,0,0,0,0
2016/10/07,0,154000,0,154000
2016/10/10,0,0,0,0
2016/10/11,0,2000,-38198,-36198
2016/10/12,0,0,0,0
2016/10/13,0,0,0,0
2016/10/14,0,0,0,0
2016/10/17,0,0,0,0
2016/10/18,0,0,0,0
2016/10/19,0,0,0,0
2016/10/20,0,23000,0,23000
2016/10/21,0,15000,-100000,-85000
2016/10/24,0,0,-5000,-5000
2016/10/25,0,0,0,0
2016/10/26,0,0,0,0
2016/10/27,0,0,0,0
2016/10/28,0,0,0,0
2016/10/31,0,0,-5000,-5000
2016/11/01,0,0,0,0
2016/11/02,0,0,-687,-687
2016/11/03,0,0,-209000,-209000
2016/11/04,0,0,-11000,-11000
2016/11/07,0,0,0,0
2016/11/08,0,0,-56000,-56000
2016/11/09,0,0,-297000,-297000
2016/11/10,0,76000,-635480,-559480
2016/11/11,0,0,0,0
2016/11/14,0,0,-1231000,-1231000
2016/11/15,0,0,-24411,-24411
2016/11/16,0,0,-13720,-13720
2016/11/17,0,0,0,0
2016/11/18,0,0,0,0
2016/11/21,0,0,0,0
2016/11/22,0,56000,-160000,-104000
2016/11/23,0,0,0,0
2016/11/24,0,0,0,0
2016/11/25,0,0,0,0
2016/11/28,0,0,0,0
2016/11/29,0,80000,-53000,27000
2016/11/30,0,81000,0,81000
2016/12/01,0,91000,-16000,75000
2016/12/02,0,83000,0,83000
2016/12/05,0,0,0,0
2016/12/06,0,0,-45000,-45000
2016/12/07,0,0,0,0
2016/12/08,0,0,0,0
2016/12/09,0,0,0,0
2016/12/12,0,0,0,0
2016/12/13,0,0,0,0
2016/12/14,0,0,-100000,-100000
2016/12/15,0,5000,0,5000
2016/12/16,0,0,0,0
2016/12/19,0,0,0,0
2016/12/20,0,0,0,0
2016/12/21,0,0,0,0
2016/12/22,0,0,0,0
2016/12/23,0,0,-196000,-196000
2016/12/26,0,0,0,0
2016/12/27,0,94000,-12000,82000
2016/12/28,0,0,0,0
2016/12/29,0,0,0,0
2016/12/30,0,74000,0,74000
2017/01/02,0,0,0,0
2017/01/03,0,0,0,0
2017/01/04,0,0,0,0
2017/01/05,0,0,-34000,-34000
2017/01/06,0,129000,-49000,80000
2017/01/09,0,0,0,0
2017/01/10,0,0,0,0
2017/01/11,0,20000,0,20000
2017/01/12,0,0,0,0
2017/01/13,0,0,0,0
2017/01/16,0,200000,-60000,140000
2017/01/17,0,160000,-60000,100000
2017/01/18,0,0,-302000,-302000
2017/01/19,0,0,0,0
2017/01/20,0,0,0,0
2017/01/23,0,1036,0,1036
2017/01/24,0,0,0,0
2017/01/25,0,0,0,0
2017/01/26,0,0,0,0
2017/01/27,0,0,0,0
2017/01/30,0,0,0,0
2017/01/31,0,0,0,0
2017/02/01,0,0,0,0
2017/02/02,0,0,-206000,-206000
2017/02/03,0,44000,-135000,-91000
2017/02/06,0,126000,-156000,-30000
2017/02/07,0,0,-367000,-367000
2017/02/08,0,0,-110000,-110000
2017/02/09,0,0,-220000,-220000
2017/02/10,0,7000,-257000,-250000
2017/02/13,0,0,0,0
2017/02/14,0,0,-319000,-319000
2017/02/15,0,0,-519000,-519000
2017/02/16,0,0,0,0
2017/02/17,0,13000,-140000,-127000
2017/02/20,0,0,0,0
2017/02/21,0,0,0,0
2017/02/22,0,32000,-100000,-68000
2017/02/23,0,0,-60000,-60000
2017/02/24,0,0,0,0
2017/02/27,0,0,0,0
2017/02/28,0,0,0,0
2017/03/01,0,537000,0,537000
2017/03/02,0,270000,0,270000
2017/03/03,0,0,-10000,-10000
2017/03/06,0,0,0,0
2017/03/07,0,0,0,0
2017/03/08,0,706000,0,706000
2017/03/09,0,205000,0,205000
2017/03/10,0,50000,0,50000
2017/03/13,0,13000,0,13000
2017/03/14,0,260000,-20000,240000
2017/03/15,0,119000,-921000,-802000
2017/03/16,0,26000,0,26000
2017/03/17,0,421000,-1000,420000
2017/03/20,0,99000,-7000,92000
2017/03/21,0,0,-3000,-3000
2017/03/22,0,0,0,0
2017/03/23,0,0,0,0
2017/03/24,0,40000,0,40000
2017/03/27,0,0,-446000,-446000
2017/03/28,0,0,0,0
2017/03/29,0,102000,0,102000
2017/03/30,0,0,0,0
2017/03/31,0,0,0,0
2017/04/03,0,0,0,0
2017/04/04,0,0,0,0
2017/04/05,0,275000,-12000,263000
2017/04/06,0,124000,0,124000
2017/04/07,0,0,0,0
2017/04/10,0,0,-110000,-110000
2017/04/11,0,203000,-110000,93000
2017/04/12,0,24000,-110000,-86000
2017/04/13,0,0,0,0
2017/04/14,0,80000,-8000,72000
2017/04/17,0,0,0,0
2017/04/18,0,0,0,0
2017/04/19,0,0,0,0
2017/04/20,0,0,0,0
2017/04/21,0,0,0,0
2017/04/24,0,0,0,0
2017/04/25,0,36000,-196,35804
2017/04/26,0,0,0,0
2017/04/27,0,0,-60000,-60000
2017/04/28,0,0,-10000,-10000
2017/05/01,0,0,0,0
2017/05/02,0,30000,-121000,-91000
2017/05/03,0,12000,0,12000
2017/05/04,0,29000,0,29000
2017/05/05,0,12000,0,12000
2017/05/08,0,0,0,0
2017/05/09,0,0,0,0
2017/05/10,0,0,0,0
2017/05/11,0,672000,0,672000
2017/05/12,0,466000,0,466000
2017/05/15,0,252000,0,252000
2017/05/16,0,681000,0,681000
2017/05/17,0,0,0,0
2017/05/18,0,186000,-6000,180000
2017/05/19,0,146000,0,146000
2017/05/22,0,11000,0,11000
2017/05/23,0,329000,0,329000
2017/05/24,0,220000,0,220000
2017/05/25,0,264000,-5000,259000
2017/05/26,0,1085000,-31000,1054000
2017/05/29,0,0,0,0
2017/05/30,0,0,0,0
2017/05/31,0,1083000,-2000,1081000
2017/06/01,0,0,-120000,-120000
2017/06/02,0,0,-22000,-22000
2017/06/05,0,0,-1019000,-1019000
2017/06/06,0,0,-433000,-433000
2017/06/07,0,0,-10000,-10000
2017/06/08,0,0,-100000,-100000
2017/06/09,0,0,-18000,-18000
2017/06/12,0,0,0,0
2017/06/13,0,0,0,0
2017/06/14,0,64000,0,64000
2017/06/15,0,0,0,0
2017/06/16,0,0,-35000,-35000
2017/06/19,0,33000,-13000,20000
2017/06/20,0,1000,-16000,-15000
2017/06/21,0,0,-135000,-135000
2017/06/22,0,0,0,0
2017/06/23,0,616000,-6000,610000
2017/06/26,0,100000,-8000,92000
2017/06/27,0,0,-78000,-78000
2017/06/28,0,0,-10000,-10000
2017/06/29,0,177000,-3000,174000
2017/06/30,0,50000,-80000,-30000
2017/07/03,0,150000,-17000,133000
2017/07/04,0,0,-79000,-79000
2017/07/05,0,0,0,0
2017/07/06,0,418000,0,418000
2017/07/07,0,1000,-9000,-8000
2017/07/10,0,0,-5000,-5000
2017/07/11,0,30000,-55000,-25000
2017/07/12,0,0,-11000,-11000
2017/07/13,0,0,-841000,-841000
2017/07/14,0,0,-202000,-202000
2017/07/17,0,30123,-65000,-34877
2017/07/18,0,105000,-132000,-27000
2017/07/19,0,40000,-190000,-150000
2017/07/20,0,4000,-54000,-50000
2017/07/21,0,0,0,0
2017/07/24,0,63000,-1150000,-1087000
2017/07/25,0,13000,-130000,-117000
2017/07/26,0,21000,-222000,-201000
2017/07/27,0,0,0,0
2017/07/28,0,1000,-3776000,-3775000
2017/07/31,0,19000,-751000,-732000
2017/08/01,0,5000,-9000,-4000
2017/08/02,0,97000,-10000,87000
2017/08/03,0,100000,0,100000
2017/08/04,0,400000,-125000,275000
2017/08/07,0,65000,0,65000
2017/08/08,0,374000,-6000,368000
2017/08/09,0,88000,0,88000
2017/08/10,0,135000,0,135000
2017/08/11,0,31000,0,31000
2017/08/14,0,0,0,0
2017/08/15,0,186000,-1000,185000
2017/08/16,0,11000,-42000,-31000
2017/08/17,0,0,0,0
2017/08/18,0,0,-3000,-3000
