Date,Open,Buy,Sell,Total
2007/04/23,0,1488000,-389000,1099000
2007/04/24,0,1820000,-220000,1600000
2007/04/25,0,267000,-94000,173000
2007/04/26,0,19000,-991000,-972000
2007/04/27,0,1029000,-203000,826000
2007/04/30,0,224000,-69000,155000
2007/05/01,0,0,0,0
2007/05/02,0,65000,-298000,-233000
2007/05/03,0,95000,-590000,-495000
2007/05/04,0,323000,-113000,210000
2007/05/07,0,323000,-424000,-101000
2007/05/08,0,395000,-522000,-127000
2007/05/09,0,10000,-359000,-349000
2007/05/10,0,19000,-436000,-417000
2007/05/11,0,305000,-291000,14000
2007/05/14,0,7000,-420000,-413000
2007/05/15,0,17000,-1165000,-1148000
2007/05/16,0,26000,-377000,-351000
2007/05/17,0,102000,-33000,69000
2007/05/18,0,344000,-17000,327000
2007/05/21,0,173000,-111000,62000
2007/05/22,0,341000,-25000,316000
2007/05/23,0,195000,-134000,61000
2007/05/24,0,159000,-77000,82000
2007/05/25,0,41000,-973000,-932000
2007/05/28,0,8000,-68000,-60000
2007/05/29,0,102000,-33000,69000
2007/05/30,0,264000,-351000,-87000
2007/05/31,0,386000,-20000,366000
2007/06/01,0,61000,-5000,56000
2007/06/04,0,188000,-63000,125000
2007/06/05,0,159000,-1227000,-1068000
2007/06/06,0,205000,-133000,72000
2007/06/07,0,130000,-153000,-23000
2007/06/08,0,57000,-200000,-143000
2007/06/11,0,448000,-67000,381000
2007/06/12,0,1111000,-84000,1027000
2007/06/13,0,1317000,-44000,1273000
2007/06/14,0,1321000,-83000,1238000
2007/06/15,0,191000,-1655000,-1464000
2007/06/18,0,0,0,0
2007/06/19,0,0,0,0
2007/06/20,0,1105000,-1870000,-765000
2007/06/21,0,294000,-760000,-466000
2007/06/22,0,86000,-173000,-87000
2007/06/25,0,222000,-244000,-22000
2007/06/26,0,107000,-670000,-563000
2007/06/27,0,71000,-3000,68000
2007/06/28,0,272000,-618000,-346000
2007/06/29,0,0,-229000,-229000
2007/07/02,0,1487000,-165000,1322000
2007/07/03,0,880000,-588000,292000
2007/07/04,0,532000,-828000,-296000
2007/07/05,0,37000,-680000,-643000
2007/07/06,0,101000,-1409000,-1308000
2007/07/09,0,68000,-975000,-907000
2007/07/10,0,292000,-1151000,-859000
2007/07/11,0,112000,-185660,-73660
2007/07/12,0,443000,-218000,225000
2007/07/13,0,73000,-133660,-60660
2007/07/16,0,114000,-331251,-217251
2007/07/17,0,384000,-166000,218000
2007/07/18,0,656000,-658000,-2000
2007/07/19,0,298000,-116542,181458
2007/07/20,0,445000,-500000,-55000
2007/07/23,0,30000,-757000,-727000
2007/07/24,0,7000,-406000,-399000
2007/07/25,0,56000,-147000,-91000
2007/07/26,0,167000,-351000,-184000
2007/07/27,0,680000,-538000,142000
2007/07/30,0,735000,-463000,272000
2007/07/31,0,280000,-864000,-584000
2007/08/01,0,1027000,-1169000,-142000
2007/08/02,0,1229000,-485271,743729
2007/08/03,0,543000,-362000,181000
2007/08/06,0,436000,-245000,191000
2007/08/07,0,16000,-399000,-383000
2007/08/08,0,1065000,-1957000,-892000
2007/08/09,0,878000,-410768,467232
2007/08/10,0,8000,-811000,-803000
2007/08/13,0,122000,-197000,-75000
2007/08/14,0,486000,-675000,-189000
2007/08/15,0,489000,-1772000,-1283000
2007/08/16,0,303000,-744000,-441000
2007/08/17,0,249000,-372000,-123000
2007/08/20,0,146000,-82000,64000
2007/08/21,0,987000,-62000,925000
2007/08/22,0,1014000,-105000,909000
2007/08/23,0,790000,-899000,-109000
2007/08/24,0,165000,-260000,-95000
2007/08/27,0,91000,-464000,-373000
2007/08/28,0,137000,-35000,102000
2007/08/29,0,40000,-79000,-39000
2007/08/30,0,350000,-86000,264000
2007/08/31,0,1034000,-398000,636000
2007/09/03,0,105000,-750000,-645000
2007/09/04,0,535000,-271000,264000
2007/09/05,0,335000,-330000,5000
2007/09/06,0,506000,-320000,186000
2007/09/07,0,331000,-250000,81000
2007/09/10,0,1007000,-139000,868000
2007/09/11,0,152000,-107000,45000
2007/09/12,0,149000,-480000,-331000
2007/09/13,0,230000,-165000,65000
2007/09/14,0,180000,-101000,79000
2007/09/17,0,643000,-1634000,-991000
2007/09/18,0,0,0,0
2007/09/19,0,433000,-227000,206000
2007/09/20,0,432000,-227000,205000
2007/09/21,0,184000,-368000,-184000
2007/09/24,0,0,0,0
2007/09/25,0,0,0,0
2007/09/26,0,804000,-259000,545000
2007/09/27,0,265000,-650000,-385000
2007/09/28,0,236000,-528000,-292000
2007/10/01,0,257000,-594000,-337000
2007/10/02,0,38000,-624000,-586000
2007/10/03,0,1372000,-626000,746000
2007/10/04,0,361000,-1540000,-1179000
2007/10/05,0,134000,-199000,-65000
2007/10/08,0,820000,-294000,526000
2007/10/09,0,102000,-336000,-234000
2007/10/10,0,0,0,0
2007/10/11,0,611000,-44000,567000
2007/10/12,0,420000,-502000,-82000
2007/10/15,0,215000,-98000,117000
2007/10/16,0,724000,-201400,522600
2007/10/17,0,128000,-666000,-538000
2007/10/18,0,584000,-340000,244000
2007/10/19,0,115000,-292000,-177000
2007/10/22,0,288000,-287000,1000
2007/10/23,0,578000,-977926,-399926
2007/10/24,0,428000,-277000,151000
2007/10/25,0,160000,-119000,41000
2007/10/26,0,271000,-56000,215000
2007/10/29,0,83000,-3460,79540
2007/10/30,0,311000,-480000,-169000
2007/10/31,0,217000,-1529000,-1312000
2007/11/01,0,626000,-526220,99780
2007/11/02,0,425000,-563000,-138000
2007/11/05,0,130000,-152000,-22000
2007/11/06,0,94000,-176000,-82000
2007/11/07,0,582000,-48000,534000
2007/11/08,0,276000,-282000,-6000
2007/11/09,0,403000,-79000,324000
2007/11/12,0,111000,-237000,-126000
2007/11/13,0,247000,-471000,-224000
2007/11/14,0,20000,-105000,-85000
2007/11/15,0,185000,-848000,-663000
2007/11/16,0,209000,-96000,113000
2007/11/19,0,331000,-156000,175000
2007/11/20,0,210000,-250000,-40000
2007/11/21,0,172000,-78881,93119
2007/11/22,0,154000,-230000,-76000
2007/11/23,0,110000,-694000,-584000
2007/11/26,0,1111000,-126000,985000
2007/11/27,0,511000,-1135000,-624000
2007/11/28,0,375000,-140000,235000
2007/11/29,0,381000,-615000,-234000
2007/11/30,0,521000,-24000,497000
2007/12/03,0,27000,-73000,-46000
2007/12/04,0,82000,-45000,37000
2007/12/05,0,133000,-53000,80000
2007/12/06,0,155000,-229000,-74000
2007/12/07,0,19000,-48000,-29000
2007/12/10,0,21000,-457000,-436000
2007/12/11,0,221000,-116000,105000
2007/12/12,0,76000,-100000,-24000
2007/12/13,0,64000,-294000,-230000
2007/12/14,0,252000,-360000,-108000
2007/12/17,0,151000,-99000,52000
2007/12/18,0,541000,-309000,232000
2007/12/19,0,602000,-241000,361000
2007/12/20,0,988000,-266000,722000
2007/12/21,0,83000,-407000,-324000
2007/12/24,0,2105000,-478000,1627000
2007/12/25,0,1194000,-1225000,-31000
2007/12/26,0,279000,-449000,-170000
2007/12/27,0,570000,-266000,304000
2007/12/28,0,1454000,-812000,642000
2007/12/31,0,1204000,-260000,944000
2008/01/01,0,0,0,0
2008/01/02,0,61000,-445000,-384000
2008/01/03,0,1418000,-406000,1012000
2008/01/04,0,2313000,-1309000,1004000
2008/01/07,0,1101000,-1369000,-268000
2008/01/08,0,377000,-647000,-270000
2008/01/09,0,479000,-1132000,-653000
2008/01/10,0,1699000,-1101000,598000
2008/01/11,0,1303000,-919000,384000
2008/01/14,0,1357000,-1862000,-505000
2008/01/15,0,1996000,-2070000,-74000
2008/01/16,0,563000,-1061000,-498000
2008/01/17,0,1205000,-2030000,-825000
2008/01/18,0,1219000,-1186000,33000
2008/01/21,0,65000,-688000,-623000
2008/01/22,0,165000,-904000,-739000
2008/01/23,0,422000,-783000,-361000
2008/01/24,0,839000,-760000,79000
2008/01/25,0,848000,-340000,508000
2008/01/28,0,108000,-461000,-353000
2008/01/29,0,211000,-210000,1000
2008/01/30,0,328000,-108000,220000
2008/01/31,0,319000,-274000,45000
2008/02/01,0,2666000,-485000,2181000
2008/02/04,0,0,0,0
2008/02/05,0,0,0,0
2008/02/06,0,0,0,0
2008/02/07,0,0,0,0
2008/02/08,0,0,0,0
2008/02/11,0,0,0,0
2008/02/12,0,961000,-1403590,-442590
2008/02/13,0,137000,-982000,-845000
2008/02/14,0,834000,-697000,137000
2008/02/15,0,428000,-644000,-216000
2008/02/18,0,1742000,-514000,1228000
2008/02/19,0,362000,-646000,-284000
2008/02/20,0,351000,-664000,-313000
2008/02/21,0,1187000,-229000,958000
2008/02/22,0,199000,-400000,-201000
2008/02/25,0,2141000,-556191,1584809
2008/02/26,0,1035000,-1852136,-817136
2008/02/27,0,1460000,-975317,484683
2008/02/28,0,0,0,0
2008/02/29,0,929000,-546000,383000
2008/03/03,0,1879000,-491068,1387932
2008/03/04,0,1961000,-838000,1123000
2008/03/05,0,1008000,-1047136,-39136
2008/03/06,0,1965460,-451007,1514453
2008/03/07,0,731000,-1919000,-1188000
2008/03/10,0,1113000,-1260000,-147000
2008/03/11,0,1327000,-392000,935000
2008/03/12,0,399000,-492887,-93887
2008/03/13,0,2340000,-156000,2184000
2008/03/14,0,836000,-1344000,-508000
2008/03/17,0,743000,-199000,544000
2008/03/18,0,642000,-42000,600000
2008/03/19,0,1431700,-417000,1014700
2008/03/20,0,2042000,-1877000,165000
2008/03/21,0,1569000,-808000,761000
2008/03/24,0,2008000,-2248000,-240000
2008/03/25,0,523000,-648000,-125000
2008/03/26,0,533000,-506000,27000
2008/03/27,0,846000,-573000,273000
2008/03/28,0,1252000,-1202000,50000
2008/03/31,0,1049000,-1265804,-216804
2008/04/01,0,642000,-726000,-84000
2008/04/02,0,581000,-699000,-118000
2008/04/03,0,1369000,-1890000,-521000
2008/04/04,0,0,0,0
2008/04/07,0,731000,-1724000,-993000
2008/04/08,0,476000,-268000,208000
2008/04/09,0,812000,-1040000,-228000
2008/04/10,0,473000,-360000,113000
2008/04/11,0,314000,-609000,-295000
2008/04/14,0,721000,-309179,411821
2008/04/15,0,666000,-618000,48000
2008/04/16,0,2099000,-1144000,955000
2008/04/17,0,772000,-552000,220000
2008/04/18,0,90000,-89000,1000
2008/04/21,0,682000,-190000,492000
2008/04/22,0,433000,-616000,-183000
2008/04/23,0,507000,-426000,81000
2008/04/24,0,794000,-1129000,-335000
2008/04/25,0,359000,-987000,-628000
2008/04/28,0,278000,-276000,2000
2008/04/29,0,379000,-887000,-508000
2008/04/30,0,331000,-1032000,-701000
2008/05/01,0,0,0,0
2008/05/02,0,413000,-283000,130000
2008/05/05,0,76000,-1011000,-935000
2008/05/06,0,220000,-1271000,-1051000
2008/05/07,0,108000,-406000,-298000
2008/05/08,0,115000,-101000,14000
2008/05/09,0,136000,-426000,-290000
2008/05/12,0,496000,-65000,431000
2008/05/13,0,640004,-1606000,-965996
2008/05/14,0,99000,-313000,-214000
2008/05/15,0,251000,-40000,211000
2008/05/16,0,736000,-301000,435000
2008/05/19,0,486000,-1187000,-701000
2008/05/20,0,789000,-489000,300000
2008/05/21,0,103000,-474000,-371000
2008/05/22,0,202000,-220000,-18000
2008/05/23,0,476000,-1274000,-798000
2008/05/26,0,170000,-474000,-304000
2008/05/27,0,285000,-98000,187000
2008/05/28,0,86000,-288000,-202000
2008/05/29,0,1061000,-497000,564000
2008/05/30,0,338000,-450000,-112000
2008/06/02,0,470000,-76000,394000
2008/06/03,0,50000,-65000,-15000
2008/06/04,0,88000,-526000,-438000
2008/06/05,0,364000,-344000,20000
2008/06/06,0,314000,-161000,153000
2008/06/09,0,100000,-1023000,-923000
2008/06/10,0,91000,-1128000,-1037000
2008/06/11,0,137000,-287000,-150000
2008/06/12,0,319000,-648000,-329000
2008/06/13,0,452000,-609000,-157000
2008/06/16,0,393000,-84000,309000
2008/06/17,0,268000,-106000,162000
2008/06/18,0,206000,-87000,119000
2008/06/19,0,249000,-658000,-409000
2008/06/20,0,427000,-501000,-74000
2008/06/23,0,421000,-242000,179000
2008/06/24,0,583000,-199000,384000
2008/06/25,0,662000,-165000,497000
2008/06/26,0,133000,-61000,72000
2008/06/27,0,504000,-493000,11000
2008/06/30,0,344000,-58000,286000
2008/07/01,0,394000,-132000,262000
2008/07/02,0,548000,-41000,507000
2008/07/03,0,733000,-169000,564000
2008/07/04,0,187000,-178000,9000
2008/07/07,0,244000,-31000,213000
2008/07/08,0,580000,-595000,-15000
2008/07/09,0,1631000,-611000,1020000
2008/07/10,0,1088000,-90000,998000
2008/07/11,0,648000,-1196000,-548000
2008/07/14,0,246000,-433000,-187000
2008/07/15,0,632000,-364000,268000
2008/07/16,0,455000,-570000,-115000
2008/07/17,0,585000,-459085,125915
2008/07/18,0,301000,-287000,14000
2008/07/21,0,662000,-756000,-94000
2008/07/22,0,494000,-48000,446000
2008/07/23,0,1051000,-493000,558000
2008/07/24,0,363000,-939000,-576000
2008/07/25,0,347000,-130000,217000
2008/07/28,0,0,0,0
2008/07/29,0,538000,-250000,288000
2008/07/30,0,182000,-173000,9000
2008/07/31,0,585000,-267000,318000
2008/08/01,0,545000,-84000,461000
2008/08/04,0,352000,-66000,286000
2008/08/05,0,754000,-472000,282000
2008/08/06,0,778000,-1301000,-523000
2008/08/07,0,127000,-559000,-432000
2008/08/08,0,387000,-97000,290000
2008/08/11,0,232000,-399000,-167000
2008/08/12,0,257000,-264000,-7000
2008/08/13,0,960000,-88000,872000
2008/08/14,0,391000,-549000,-158000
2008/08/15,0,163000,-579000,-416000
2008/08/18,0,11000,-258475,-247475
2008/08/19,0,44000,-158400,-114400
2008/08/20,0,34000,-132000,-98000
2008/08/21,0,188000,-391995,-203995
2008/08/22,0,325000,-709000,-384000
2008/08/25,0,518000,-173000,345000
2008/08/26,0,17000,-237000,-220000
2008/08/27,0,124000,-124000,0
2008/08/28,0,109000,-72000,37000
2008/08/29,0,173000,-77000,96000
2008/09/01,0,278000,-216000,62000
2008/09/02,0,122000,-101094,20906
2008/09/03,0,433000,-825000,-392000
2008/09/04,0,549000,-181000,368000
2008/09/05,0,155000,-178000,-23000
2008/09/08,0,25000,-114000,-89000
2008/09/09,0,347000,-55064,291936
2008/09/10,0,205000,-97000,108000
2008/09/11,0,265000,-386000,-121000
2008/09/12,0,288000,-154000,134000
2008/09/15,0,154000,-261000,-107000
2008/09/16,0,229000,-38000,191000
2008/09/17,0,181000,-430000,-249000
2008/09/18,0,238500,-191000,47500
2008/09/19,0,90000,-1313000,-1223000
2008/09/22,0,89000,-354000,-265000
2008/09/23,0,85000,-112000,-27000
2008/09/24,0,182000,-24000,158000
2008/09/25,0,120000,-72000,48000
2008/09/26,0,106000,-473000,-367000
2008/09/29,0,0,0,0
2008/09/30,0,40000,-64000,-24000
2008/10/01,0,101000,-233000,-132000
2008/10/02,0,168000,-32000,136000
2008/10/03,0,178000,-42000,136000
2008/10/06,0,187000,-93663,93337
2008/10/07,0,288000,-118000,170000
2008/10/08,0,360000,-520000,-160000
2008/10/09,0,465000,-22000,443000
2008/10/10,0,0,0,0
2008/10/13,0,423000,-161000,262000
2008/10/14,0,427000,-15000,412000
2008/10/15,0,182500,-424100,-241600
2008/10/16,0,4500,-157000,-152500
2008/10/17,0,100000,-268531,-168531
2008/10/20,0,209000,-137849,71151
2008/10/21,0,315000,-43150,271850
2008/10/22,0,6000,-101000,-95000
2008/10/23,0,19000,-11066,7934
2008/10/24,0,4000,-17000,-13000
2008/10/27,0,211000,-45000,166000
2008/10/28,0,294000,-82050,211950
2008/10/29,0,426000,-118050,307950
2008/10/30,0,373000,-32848,340152
2008/10/31,0,1008000,-145000,863000
2008/11/03,0,494000,-376000,118000
2008/11/04,0,79000,-538000,-459000
2008/11/05,0,550000,-278000,272000
2008/11/06,0,201000,-425000,-224000
2008/11/07,0,397274,-224007,173267
2008/11/10,0,268000,-47351,220649
2008/11/11,0,276000,-178000,98000
2008/11/12,0,70000,-150000,-80000
2008/11/13,0,190000,-539650,-349650
2008/11/14,0,50000,-124000,-74000
2008/11/17,0,375000,-57917,317083
2008/11/18,0,352000,-173000,179000
2008/11/19,0,296000,-281000,15000
2008/11/20,0,309000,-159000,150000
2008/11/21,0,420000,-75000,345000
2008/11/24,0,441000,-82000,359000
2008/11/25,0,275000,-25000,250000
2008/11/26,0,83000,-14100,68900
2008/11/27,0,397000,-103950,293050
2008/11/28,0,451000,-400000,51000
2008/12/01,0,103000,-328000,-225000
2008/12/02,0,207000,-298000,-91000
2008/12/03,0,163000,-444000,-281000
2008/12/04,0,131000,-196000,-65000
2008/12/05,0,275000,-60000,215000
2008/12/08,0,698000,-122466,575534
2008/12/09,0,482000,-194000,288000
2008/12/10,0,307000,-741351,-434351
2008/12/11,0,409000,-195000,214000
2008/12/12,0,333000,-588000,-255000
2008/12/15,0,422000,-172000,250000
2008/12/16,0,834000,-297000,537000
2008/12/17,0,237000,-881000,-644000
2008/12/18,0,168000,-181000,-13000
2008/12/19,0,328000,-218000,110000
2008/12/22,0,130000,-395000,-265000
2008/12/23,0,49000,-252600,-203600
2008/12/24,0,92000,-90000,2000
2008/12/25,0,25000,-12000,13000
2008/12/26,0,48000,-38000,10000
2008/12/29,0,101000,-8000,93000
2008/12/30,0,210000,-52719,157281
2008/12/31,0,75000,-209000,-134000
2009/01/01,0,0,0,0
2009/01/02,0,0,0,0
2009/01/05,0,828000,-80542,747458
2009/01/06,0,328000,-22000,306000
2009/01/07,0,227000,-63000,164000
2009/01/08,0,154000,-730000,-576000
2009/01/09,0,150000,-71000,79000
2009/01/12,0,130000,-58000,72000
2009/01/13,0,99000,-101000,-2000
2009/01/14,0,692000,-25000,667000
2009/01/15,0,438000,-151000,287000
2009/01/16,0,178000,-39000,139000
2009/01/19,0,143424,-36000,107424
2009/01/20,0,410000,-131000,279000
2009/01/21,0,604000,-141406,462594
2009/01/22,0,0,0,0
2009/01/23,0,0,0,0
2009/01/26,0,0,0,0
2009/01/27,0,0,0,0
2009/01/28,0,0,0,0
2009/01/29,0,0,0,0
2009/01/30,0,0,0,0
2009/02/02,0,247000,-178675,68325
2009/02/03,0,261000,-206000,55000
2009/02/04,0,621000,-118000,503000
2009/02/05,0,178000,-62000,116000
2009/02/06,0,53000,-203000,-150000
2009/02/09,0,501000,-559000,-58000
2009/02/10,0,83000,-1591000,-1508000
2009/02/11,0,143000,-178633,-35633
2009/02/12,0,102000,-885000,-783000
2009/02/13,0,371000,-81000,290000
2009/02/16,0,161000,-119000,42000
2009/02/17,0,719000,-244000,475000
2009/02/18,0,283000,-544000,-261000
2009/02/19,0,886000,-522000,364000
2009/02/20,0,252000,-447892,-195892
2009/02/23,0,166000,-382000,-216000
2009/02/24,0,180000,-125000,55000
2009/02/25,0,309000,-921000,-612000
2009/02/26,0,447000,-383000,64000
2009/02/27,0,345000,-65000,280000
2009/03/02,0,328000,-503000,-175000
2009/03/03,0,388000,-252000,136000
2009/03/04,0,1114000,-192000,922000
2009/03/05,0,522000,-673000,-151000
2009/03/06,0,655000,-770000,-115000
2009/03/09,0,169000,-148000,21000
2009/03/10,0,303000,-387000,-84000
2009/03/11,0,253000,-299000,-46000
2009/03/12,0,249000,-442000,-193000
2009/03/13,0,618000,-153000,465000
2009/03/16,0,392000,-595000,-203000
2009/03/17,0,396000,-249000,147000
2009/03/18,0,353000,-465000,-112000
2009/03/19,0,1008000,-454000,554000
2009/03/20,0,485000,-235000,250000
2009/03/23,0,514000,-472000,42000
2009/03/24,0,544000,-612349,-68349
2009/03/25,0,932000,-823000,109000
2009/03/26,0,1105000,-129000,976000
2009/03/27,0,285000,-1014000,-729000
2009/03/30,0,264000,-750000,-486000
2009/03/31,0,283000,-633000,-350000
2009/04/01,0,275000,-388000,-113000
2009/04/02,0,1270000,-890424,379576
2009/04/03,0,1429000,-1677000,-248000
2009/04/06,0,628000,-386038,241962
2009/04/07,0,346000,-415000,-69000
2009/04/08,0,173000,-1669000,-1496000
2009/04/09,0,588000,-594000,-6000
2009/04/10,0,440000,-936034,-496034
2009/04/13,0,1158000,-861000,297000
2009/04/14,0,192000,-742000,-550000
2009/04/15,0,353000,-1033000,-680000
2009/04/16,0,402000,-914000,-512000
2009/04/17,0,585000,-937302,-352302
2009/04/20,0,803000,-298000,505000
2009/04/21,0,781000,-85000,696000
2009/04/22,0,930000,-529000,401000
2009/04/23,0,297000,-431000,-134000
2009/04/24,0,448000,-462000,-14000
2009/04/27,0,450000,-337313,112687
2009/04/28,0,284000,-629031,-345031
2009/04/29,0,539000,-236000,303000
2009/04/30,0,558000,-72000,486000
2009/05/01,0,0,0,0
2009/05/04,0,2427000,-616000,1811000
2009/05/05,0,390000,-1822000,-1432000
2009/05/06,0,1971000,-645831,1325169
2009/05/07,0,654000,-1227000,-573000
2009/05/08,0,531000,-288000,243000
2009/05/11,0,332000,-213048,118952
2009/05/12,0,318000,-427000,-109000
2009/05/13,0,141000,-408000,-267000
2009/05/14,0,100000,-297000,-197000
2009/05/15,0,229000,-359000,-130000
2009/05/18,0,386000,-241000,145000
2009/05/19,0,892000,-246000,646000
2009/05/20,0,1044000,-722000,322000
2009/05/21,0,121000,-705000,-584000
2009/05/22,0,316000,-725000,-409000
2009/05/25,0,202000,-1257000,-1055000
2009/05/26,0,382000,-578000,-196000
2009/05/27,0,640000,-284000,356000
2009/05/28,0,0,0,0
2009/05/29,0,0,0,0
2009/06/01,0,453000,-499000,-46000
2009/06/02,0,584000,-1072000,-488000
2009/06/03,0,265000,-1145000,-880000
2009/06/04,0,537000,-506637,30363
2009/06/05,0,403000,-663000,-260000
2009/06/08,0,251000,-604000,-353000
2009/06/09,0,849000,-350000,499000
2009/06/10,0,911000,-1091000,-180000
2009/06/11,0,287000,-414000,-127000
2009/06/12,0,266000,-913000,-647000
2009/06/15,0,600000,-570000,30000
2009/06/16,0,146215,-339000,-192785
2009/06/17,0,350000,-289000,61000
2009/06/18,0,809000,-824000,-15000
2009/06/19,0,248000,-62000,186000
2009/06/22,0,351000,-197000,154000
2009/06/23,0,132000,-357000,-225000
2009/06/24,0,712000,-431000,281000
2009/06/25,0,624000,-138000,486000
2009/06/26,0,222000,-144000,78000
2009/06/29,0,1914000,-292000,1622000
2009/06/30,0,524000,-1063000,-539000
2009/07/01,0,592000,-170000,422000
2009/07/02,0,450000,-418000,32000
2009/07/03,0,635000,-282000,353000
2009/07/06,0,650000,-561000,89000
2009/07/07,0,390000,-198000,192000
2009/07/08,0,374000,-231000,143000
2009/07/09,0,631000,-175000,456000
2009/07/10,0,193000,-119000,74000
2009/07/13,0,316000,-1567000,-1251000
2009/07/14,0,170000,-114000,56000
2009/07/15,0,631000,-253000,378000
2009/07/16,0,1135237,-288000,847237
2009/07/17,0,426000,-147000,279000
2009/07/20,0,339000,-558000,-219000
2009/07/21,0,591000,-359000,232000
2009/07/22,0,610000,-424000,186000
2009/07/23,0,159000,-473000,-314000
2009/07/24,0,197000,-765000,-568000
2009/07/27,0,262000,-185000,77000
2009/07/28,0,200655,-530000,-329345
2009/07/29,0,192000,-359000,-167000
2009/07/30,0,185000,-554000,-369000
2009/07/31,0,298000,-353000,-55000
2009/08/03,0,272288,-486000,-213712
2009/08/04,0,1092000,-587000,505000
2009/08/05,0,215000,-341000,-126000
2009/08/06,0,754000,-367000,387000
2009/08/07,0,0,0,0
2009/08/10,0,691000,-379000,312000
2009/08/11,0,1482000,-1318000,164000
2009/08/12,0,287000,-491000,-204000
2009/08/13,0,288000,-372000,-84000
2009/08/14,0,163000,-423000,-260000
2009/08/17,0,1320000,-251000,1069000
2009/08/18,0,589000,-1426000,-837000
2009/08/19,0,223000,-655950,-432950
2009/08/20,0,199000,-314000,-115000
2009/08/21,0,542000,-846000,-304000
2009/08/24,0,313440,-199000,114440
2009/08/25,0,144000,-184000,-40000
2009/08/26,0,259000,-165000,94000
2009/08/27,0,111000,-94000,17000
2009/08/28,0,196000,-150000,46000
2009/08/31,0,305000,-286000,19000
2009/09/01,0,715000,-295000,420000
2009/09/02,0,656000,-764000,-108000
2009/09/03,0,193000,-729000,-536000
2009/09/04,0,297000,-531000,-234000
2009/09/07,0,394000,-274000,120000
2009/09/08,0,501000,-377000,124000
2009/09/09,0,383604,-364000,19604
2009/09/10,0,584000,-1136000,-552000
2009/09/11,0,291000,-245000,46000
2009/09/14,0,163000,-460000,-297000
2009/09/15,0,269000,-109000,160000
2009/09/16,0,252000,-71000,181000
2009/09/17,0,139000,-274000,-135000
2009/09/18,0,638956,-225000,413956
2009/09/21,0,424000,-587000,-163000
2009/09/22,0,55000,-114000,-59000
2009/09/23,0,629000,-1437849,-808849
2009/09/24,0,172000,-79000,93000
2009/09/25,0,427000,-20000,407000
2009/09/28,0,173000,-188263,-15263
2009/09/29,0,456000,-35000,421000
2009/09/30,0,292000,-228000,64000
2009/10/01,0,126000,-284000,-158000
2009/10/02,0,191000,-903248,-712248
2009/10/05,0,269000,-225000,44000
2009/10/06,0,322000,-338160,-16160
2009/10/07,0,352000,-297000,55000
2009/10/08,0,320000,-241972,78028
2009/10/09,0,233000,-336000,-103000
2009/10/12,0,340000,-207000,133000
2009/10/13,0,403000,-448000,-45000
2009/10/14,0,1220000,-327000,893000
2009/10/15,0,93000,-294000,-201000
2009/10/16,0,594000,-630000,-36000
2009/10/19,0,270000,-218000,52000
2009/10/20,0,677000,-528000,149000
2009/10/21,0,409000,-104368,304632
2009/10/22,0,171000,-292000,-121000
2009/10/23,0,770000,-185000,585000
2009/10/26,0,494000,-236000,258000
2009/10/27,0,379000,-375000,4000
2009/10/28,0,1416000,-779000,637000
2009/10/29,0,439000,-419593,19407
2009/10/30,0,178000,-244000,-66000
2009/11/02,0,719000,-429000,290000
2009/11/03,0,560000,-188000,372000
2009/11/04,0,2999000,-1049000,1950000
2009/11/05,0,620000,-355000,265000
2009/11/06,0,1298000,-1440000,-142000
2009/11/09,0,673000,-369000,304000
2009/11/10,0,1151000,-269000,882000
2009/11/11,0,401000,-328704,72296
2009/11/12,0,523000,-1264000,-741000
2009/11/13,0,342000,-607000,-265000
2009/11/16,0,460000,-272000,188000
2009/11/17,0,527000,-1157000,-630000
2009/11/18,0,199000,-1043000,-844000
2009/11/19,0,468000,-450000,18000
2009/11/20,0,377000,-460000,-83000
2009/11/23,0,23000,-584000,-561000
2009/11/24,0,346000,-281000,65000
2009/11/25,0,582000,-192000,390000
2009/11/26,0,78000,-136000,-58000
2009/11/27,0,240000,-1594000,-1354000
2009/11/30,0,213000,-802196,-589196
2009/12/01,0,161000,-791000,-630000
2009/12/02,0,302000,-179000,123000
2009/12/03,0,6000,-90000,-84000
2009/12/04,0,26000,-346000,-320000
2009/12/07,0,381000,-19000,362000
2009/12/08,0,55000,-282000,-227000
2009/12/09,0,99000,-125000,-26000
2009/12/10,0,52000,-456000,-404000
2009/12/11,0,356000,-124566,231434
2009/12/14,0,325000,-351000,-26000
2009/12/15,0,60000,-343000,-283000
2009/12/16,0,24000,-415000,-391000
2009/12/17,0,144000,-269000,-125000
2009/12/18,0,38000,-207000,-169000
2009/12/21,0,142000,-68000,74000
2009/12/22,0,74000,-176775,-102775
2009/12/23,0,46000,-210000,-164000
2009/12/24,0,183000,-108000,75000
2009/12/25,0,109000,-72000,37000
2009/12/28,0,237000,-94000,143000
2009/12/29,0,60000,-345000,-285000
2009/12/30,0,60000,-140000,-80000
2009/12/31,0,177000,-150000,27000
2010/01/01,0,0,0,0
2010/01/04,0,86000,-614000,-528000
2010/01/05,0,229000,-516708,-287708
2010/01/06,0,237000,-356000,-119000
2010/01/07,0,345000,-308000,37000
2010/01/08,0,254000,-70000,184000
2010/01/11,0,425000,-28000,397000
2010/01/12,0,164000,-433000,-269000
2010/01/13,0,244000,-113000,131000
2010/01/14,0,148000,-55844,92156
2010/01/15,0,96000,-77000,19000
2010/01/18,0,53000,-299000,-246000
2010/01/19,0,274972,-125000,149972
2010/01/20,0,129000,-359000,-230000
2010/01/21,0,220000,-80000,140000
2010/01/22,0,81000,-651000,-570000
2010/01/25,0,87000,-454000,-367000
2010/01/26,0,91000,-1183000,-1092000
2010/01/27,0,216000,-96000,120000
2010/01/28,0,481000,-137000,344000
2010/01/29,0,198000,-328000,-130000
2010/02/01,0,452000,-263000,189000
2010/02/02,0,493000,-389000,104000
2010/02/03,0,341000,-66000,275000
2010/02/04,0,49000,-137000,-88000
2010/02/05,0,178000,-441000,-263000
2010/02/08,0,333000,-201001,131999
2010/02/09,0,346000,-110000,236000
2010/02/10,0,87000,-113000,-26000
2010/02/11,0,0,0,0
2010/02/12,0,0,0,0
2010/02/15,0,0,0,0
2010/02/16,0,0,0,0
2010/02/17,0,0,0,0
2010/02/18,0,0,0,0
2010/02/19,0,0,0,0
2010/02/22,0,417000,-270000,147000
2010/02/23,0,126000,-132000,-6000
2010/02/24,0,371000,-234300,136700
2010/02/25,0,145000,-243000,-98000
2010/02/26,0,128000,-147000,-19000
2010/03/01,0,345000,-30000,315000
2010/03/02,0,147000,-58000,89000
2010/03/03,0,143000,-55000,88000
2010/03/04,0,154000,-402000,-248000
2010/03/05,0,204000,-181000,23000
2010/03/08,0,81000,-174000,-93000
2010/03/09,0,16000,-53000,-37000
2010/03/10,0,33000,-77000,-44000
2010/03/11,0,50000,-81000,-31000
2010/03/12,0,81000,-37000,44000
2010/03/15,0,18000,-495000,-477000
2010/03/16,0,66000,-142000,-76000
2010/03/17,0,642000,-19000,623000
2010/03/18,0,447000,-26000,421000
2010/03/19,0,146000,-38000,108000
2010/03/22,0,70000,-210000,-140000
2010/03/23,0,108000,-37000,71000
2010/03/24,0,186000,-201133,-15133
2010/03/25,0,466000,-170000,296000
2010/03/26,0,260000,-169000,91000
2010/03/29,0,879000,-76000,803000
2010/03/30,0,425000,-147000,278000
2010/03/31,0,90000,-103000,-13000
2010/04/01,0,887000,-462000,425000
2010/04/02,0,199000,-78000,121000
2010/04/05,0,0,0,0
2010/04/06,0,189000,-100000,89000
2010/04/07,0,110010,-330000,-219990
2010/04/08,0,113000,-252000,-139000
2010/04/09,0,48000,-245000,-197000
2010/04/12,0,15000,-151000,-136000
2010/04/13,0,207000,-132000,75000
2010/04/14,0,19000,-145000,-126000
2010/04/15,0,254000,-20000,234000
2010/04/16,0,59000,-75000,-16000
2010/04/19,0,162000,-278000,-116000
2010/04/20,0,260000,-871000,-611000
2010/04/21,0,81000,-21000,60000
2010/04/22,0,24000,-62000,-38000
2010/04/23,0,26000,-105000,-79000
2010/04/26,0,194000,-51000,143000
2010/04/27,0,691000,-52000,639000
2010/04/28,0,151000,-686000,-535000
2010/04/29,0,231000,-147000,84000
2010/04/30,0,93000,-225000,-132000
2010/05/03,0,68000,-73000,-5000
2010/05/04,0,94000,-208000,-114000
2010/05/05,0,38000,-351000,-313000
2010/05/06,0,34000,-422000,-388000
2010/05/07,0,143000,-269000,-126000
2010/05/10,0,71000,-184000,-113000
2010/05/11,0,42000,-584000,-542000
2010/05/12,0,42000,-171000,-129000
2010/05/13,0,140000,-13000,127000
2010/05/14,0,356000,-2000,354000
2010/05/17,0,39000,-355000,-316000
2010/05/18,0,290000,-7000,283000
2010/05/19,0,366000,-87000,279000
2010/05/20,0,33000,-177000,-144000
2010/05/21,0,98000,-200000,-102000
2010/05/24,0,100000,-133000,-33000
2010/05/25,0,267000,-266000,1000
2010/05/26,0,232000,-11000,221000
2010/05/27,0,153000,-50000,103000
2010/05/28,0,153000,-147000,6000
2010/05/31,0,14000,-116000,-102000
2010/06/01,0,1000,-246000,-245000
2010/06/02,0,118000,-75000,43000
2010/06/03,0,56000,-16000,40000
2010/06/04,0,20000,-6000,14000
2010/06/07,0,83000,-105000,-22000
2010/06/08,0,349000,-145000,204000
2010/06/09,0,58000,-473000,-415000
2010/06/10,0,68000,-81000,-13000
2010/06/11,0,223000,-11000,212000
2010/06/14,0,202000,-3000,199000
2010/06/15,0,779000,-71000,708000
2010/06/16,0,0,0,0
2010/06/17,0,747000,-6000,741000
2010/06/18,0,113000,-94000,19000
2010/06/21,0,164000,-64000,100000
2010/06/22,0,93000,-48000,45000
2010/06/23,0,96000,-92000,4000
2010/06/24,0,100000,-39000,61000
2010/06/25,0,171000,-117000,54000
2010/06/28,0,218000,-44000,174000
2010/06/29,0,462000,-282000,180000
2010/06/30,0,141000,-741000,-600000
2010/07/01,0,308000,-67000,241000
2010/07/02,0,374000,-1759000,-1385000
2010/07/05,0,382000,-126000,256000
2010/07/06,0,210000,-55000,155000
2010/07/07,0,134000,-133000,1000
2010/07/08,0,309000,-95454,213546
2010/07/09,0,76000,-134000,-58000
2010/07/12,0,157000,-286000,-129000
2010/07/13,0,103000,-141000,-38000
2010/07/14,0,25000,-178000,-153000
2010/07/15,0,289000,-17000,272000
2010/07/16,0,35000,-444000,-409000
2010/07/19,0,76000,-126000,-50000
2010/07/20,0,169000,-61000,108000
2010/07/21,0,149000,-183000,-34000
2010/07/22,0,21000,-207000,-186000
2010/07/23,0,104000,-439000,-335000
2010/07/26,0,164000,-1048424,-884424
2010/07/27,0,133000,-210000,-77000
2010/07/28,0,689000,-51000,638000
2010/07/29,0,573000,-316000,257000
2010/07/30,0,184000,-272000,-88000
2010/08/02,0,178000,-464000,-286000
2010/08/03,0,182000,-73000,109000
2010/08/04,0,440000,-254000,186000
2010/08/05,0,370000,-229000,141000
2010/08/06,0,682000,-203000,479000
2010/08/09,0,459000,-100000,359000
2010/08/10,0,532000,-319000,213000
2010/08/11,0,2048000,-135000,1913000
2010/08/12,0,63000,-2498000,-2435000
2010/08/13,0,140000,-1193000,-1053000
2010/08/16,0,230000,-695000,-465000
2010/08/17,0,360000,-507000,-147000
2010/08/18,0,378000,-708000,-330000
2010/08/19,0,326000,-355000,-29000
2010/08/20,0,135000,-413000,-278000
2010/08/23,0,115000,-408000,-293000
2010/08/24,0,156000,-173000,-17000
2010/08/25,0,136000,-527000,-391000
2010/08/26,0,97000,-145000,-48000
2010/08/27,0,150000,-200000,-50000
2010/08/30,0,367000,-182000,185000
2010/08/31,0,179000,-347000,-168000
2010/09/01,0,143152,-115480,27672
2010/09/02,0,131000,-120000,11000
2010/09/03,0,180000,-152000,28000
2010/09/06,0,170000,-79000,91000
2010/09/07,0,184000,-115000,69000
2010/09/08,0,112000,-65000,47000
2010/09/09,0,261000,-166000,95000
2010/09/10,0,542000,-248000,294000
2010/09/13,0,949000,-143000,806000
2010/09/14,0,401000,-157000,244000
2010/09/15,0,316000,-92000,224000
2010/09/16,0,31000,-283000,-252000
2010/09/17,0,478000,-189000,289000
2010/09/20,0,709000,-236000,473000
2010/09/21,0,246000,-118000,128000
2010/09/22,0,0,0,0
2010/09/23,0,166000,-684000,-518000
2010/09/24,0,69000,-64000,5000
2010/09/27,0,972000,-262000,710000
2010/09/28,0,492000,-468000,24000
2010/09/29,0,669000,-310000,359000
2010/09/30,0,304000,-955000,-651000
2010/10/01,0,342000,-136600,205400
2010/10/04,0,1002000,-359400,642600
2010/10/05,0,1059000,-514300,544700
2010/10/06,0,288000,-1066500,-778500
2010/10/07,0,381000,-490949,-109949
2010/10/08,0,267000,-344000,-77000
2010/10/11,0,151000,-535000,-384000
2010/10/12,0,162000,-282000,-120000
2010/10/13,0,144000,-450000,-306000
2010/10/14,0,896000,-849000,47000
2010/10/15,0,349000,-476000,-127000
2010/10/18,0,131000,-219000,-88000
2010/10/19,0,180000,-456000,-276000
2010/10/20,0,471000,-466548,4452
2010/10/21,0,385000,-75000,310000
2010/10/22,0,420000,-468000,-48000
2010/10/25,0,641000,-149000,492000
2010/10/26,0,295000,-194000,101000
2010/10/27,0,983000,-498000,485000
2010/10/28,0,181500,-223800,-42300
2010/10/29,0,855000,-290700,564300
2010/11/01,0,2158000,-739000,1419000
2010/11/02,0,473165,-996000,-522835
2010/11/03,0,1469000,-300000,1169000
2010/11/04,0,841000,-1016000,-175000
2010/11/05,0,1068000,-167000,901000
2010/11/08,0,1377000,-1103000,274000
2010/11/09,0,269436,-568000,-298564
2010/11/10,0,874000,-1089000,-215000
2010/11/11,0,470000,-134000,336000
2010/11/12,0,395000,-392000,3000
2010/11/15,0,271000,-318242,-47242
2010/11/16,0,628000,-1271000,-643000
2010/11/17,0,216000,-831000,-615000
2010/11/18,0,103000,-179000,-76000
2010/11/19,0,126000,-274000,-148000
2010/11/22,0,46000,-160000,-114000
2010/11/23,0,18000,-196000,-178000
2010/11/24,0,230000,-175000,55000
2010/11/25,0,63000,-142000,-79000
2010/11/26,0,521000,-59000,462000
2010/11/29,0,187000,-795000,-608000
2010/11/30,0,1473000,-832000,641000
2010/12/01,0,651000,-206000,445000
2010/12/02,0,1133000,-86000,1047000
2010/12/03,0,651000,-644000,7000
2010/12/06,0,1032000,-863000,169000
2010/12/07,0,265000,-740000,-475000
2010/12/08,0,330000,-1255000,-925000
2010/12/09,0,404000,-535000,-131000
2010/12/10,0,118000,-367000,-249000
2010/12/13,0,251000,-477000,-226000
2010/12/14,0,507000,-718858,-211858
2010/12/15,0,418000,-250000,168000
2010/12/16,0,763000,-451000,312000
2010/12/17,0,439000,-647000,-208000
2010/12/20,0,336000,-208000,128000
2010/12/21,0,227000,-131000,96000
2010/12/22,0,824000,-127000,697000
2010/12/23,0,259500,-755000,-495500
2010/12/24,0,21000,-368000,-347000
2010/12/27,0,473000,-618000,-145000
2010/12/28,0,182000,-312000,-130000
2010/12/29,0,395876,-996399,-600523
2010/12/30,0,146000,-410000,-264000
2010/12/31,0,386500,-931000,-544500
2011/01/03,0,177000,-535000,-358000
2011/01/04,0,721216,-501000,220216
2011/01/05,0,623000,-562000,61000
2011/01/06,0,276000,-558000,-282000
2011/01/07,0,687000,-1054849,-367849
2011/01/10,0,139000,-1022000,-883000
2011/01/11,0,359716,-377000,-17284
2011/01/12,0,184925,-79000,105925
2011/01/13,0,227116,-469000,-241884
2011/01/14,0,241000,-60575,180425
2011/01/17,0,87000,-226204,-139204
2011/01/18,0,107951,-195000,-87049
2011/01/19,0,132000,-581000,-449000
2011/01/20,0,228000,-202000,26000
2011/01/21,0,169000,-816000,-647000
2011/01/24,0,120624,-252000,-131376
2011/01/25,0,186000,-295000,-109000
2011/01/26,0,155000,-291000,-136000
2011/01/27,0,74000,-244000,-170000
2011/01/28,0,41000,-300000,-259000
2011/01/31,0,0,0,0
2011/02/01,0,0,0,0
2011/02/02,0,0,0,0
2011/02/03,0,0,0,0
2011/02/04,0,0,0,0
2011/02/07,0,0,0,0
2011/02/08,0,79000,-1007000,-928000
2011/02/09,0,220000,-123000,97000
2011/02/10,0,385541,-247000,138541
2011/02/11,0,210000,-335000,-125000
2011/02/14,0,4000,-240000,-236000
2011/02/15,0,2000,-468000,-466000
2011/02/16,0,2000,-222000,-220000
2011/02/17,0,3000,-328000,-325000
2011/02/18,0,100000,-48600,51400
2011/02/21,0,27000,-136000,-109000
2011/02/22,0,280000,-369000,-89000
2011/02/23,0,506000,-146500,359500
2011/02/24,0,612000,-104455,507545
2011/02/25,0,744000,-49000,695000
2011/02/28,0,0,0,0
2011/03/01,0,183000,-22000,161000
2011/03/02,0,153000,-278000,-125000
2011/03/03,0,727000,-29000,698000
2011/03/04,0,107000,-199500,-92500
2011/03/07,0,72000,-71964,36
2011/03/08,0,328000,-27000,301000
2011/03/09,0,25000,-26000,-1000
2011/03/10,0,100000,-10486,89514
2011/03/11,0,297000,-193000,104000
2011/03/14,0,332000,-281000,51000
2011/03/15,0,1178000,-428000,750000
2011/03/16,0,733000,-220142,512858
2011/03/17,0,172000,-276000,-104000
2011/03/18,0,5000,-181000,-176000
2011/03/21,0,73000,-326000,-253000
2011/03/22,0,636000,-223100,412900
2011/03/23,0,444000,-86000,358000
2011/03/24,0,4000,-9000,-5000
2011/03/25,0,377000,-153000,224000
2011/03/28,0,162000,-25000,137000
2011/03/29,0,239000,-269000,-30000
2011/03/30,0,61686,-363000,-301314
2011/03/31,0,122000,-479000,-357000
2011/04/01,0,228400,-36000,192400
2011/04/04,0,0,0,0
2011/04/05,0,0,0,0
2011/04/06,0,275000,-77000,198000
2011/04/07,0,809000,-321000,488000
2011/04/08,0,588000,-45000,543000
2011/04/11,0,157000,-856000,-699000
2011/04/12,0,599000,-30000,569000
2011/04/13,0,265000,-62334,202666
2011/04/14,0,108000,-101000,7000
2011/04/15,0,11000,-29000,-18000
2011/04/18,0,48000,-253073,-205073
2011/04/19,0,360000,-178000,182000
2011/04/20,0,287000,-200000,87000
2011/04/21,0,1499300,-77000,1422300
2011/04/22,0,120000,-304000,-184000
2011/04/25,0,419771,-129000,290771
2011/04/26,0,158000,-270000,-112000
2011/04/27,0,984000,-410000,574000
2011/04/28,0,518000,-647000,-129000
2011/04/29,0,68000,-978000,-910000
2011/05/02,0,0,0,0
2011/05/03,0,213000,-36123,176877
2011/05/04,0,304000,-105757,198243
2011/05/05,0,350000,-184000,166000
2011/05/06,0,156000,-122000,34000
2011/05/09,0,1770000,-56000,1714000
2011/05/10,0,206000,-960000,-754000
2011/05/11,0,578000,-601364,-23364
2011/05/12,0,93000,-73000,20000
2011/05/13,0,41000,-315000,-274000
2011/05/16,0,618000,-166000,452000
2011/05/17,0,145000,-160000,-15000
2011/05/18,0,452000,-113000,339000
2011/05/19,0,822000,-348420,473580
2011/05/20,0,292000,-191000,101000
2011/05/23,0,359000,-475000,-116000
2011/05/24,0,399000,-198000,201000
2011/05/25,0,75000,-156000,-81000
2011/05/26,0,31000,-45000,-14000
2011/05/27,0,147000,-90000,57000
2011/05/30,0,298000,-136000,162000
2011/05/31,0,522000,-173500,348500
2011/06/01,0,80000,-15000,65000
2011/06/02,0,169000,-83000,86000
2011/06/03,0,80000,-9000,71000
2011/06/06,0,0,0,0
2011/06/07,0,6000,-27000,-21000
2011/06/08,0,6000,-2000,4000
2011/06/09,0,123000,-44000,79000
2011/06/10,0,186000,-613000,-427000
2011/06/13,0,210000,-308000,-98000
2011/06/14,0,137000,-45000,92000
2011/06/15,0,427000,-9000,418000
2011/06/16,0,244000,-212000,32000
2011/06/17,0,315000,-5000,310000
2011/06/20,0,377000,-93000,284000
2011/06/21,0,545000,-141000,404000
2011/06/22,0,29000,-49000,-20000
2011/06/23,0,301000,-41000,260000
2011/06/24,0,180000,-664000,-484000
2011/06/27,0,98000,-163000,-65000
2011/06/28,0,31000,-13000,18000
2011/06/29,0,739000,-54000,685000
2011/06/30,0,246000,-513000,-267000
2011/07/01,0,198000,-104000,94000
2011/07/04,0,136000,-229000,-93000
2011/07/05,0,242000,-414735,-172735
2011/07/06,0,157000,-131000,26000
2011/07/07,0,422000,-39000,383000
2011/07/08,0,2319000,-429000,1890000
2011/07/11,0,303000,-1188000,-885000
2011/07/12,0,729000,-1213000,-484000
2011/07/13,0,1221000,-287000,934000
2011/07/14,0,880000,-266000,614000
2011/07/15,0,798000,-544000,254000
2011/07/18,0,777000,-313495,463505
2011/07/19,0,253000,-203000,50000
2011/07/20,0,416000,-674000,-258000
2011/07/21,0,198000,-505000,-307000
2011/07/22,0,1113000,-494000,619000
2011/07/25,0,151000,-442900,-291900
2011/07/26,0,19000,-342000,-323000
2011/07/27,0,237000,-144000,93000
2011/07/28,0,348000,-230602,117398
2011/07/29,0,337000,-617000,-280000
2011/08/01,0,692000,-398000,294000
2011/08/02,0,634000,-452000,182000
2011/08/03,0,1130000,-313513,816487
2011/08/04,0,919000,-1011000,-92000
2011/08/05,0,1876000,-854000,1022000
2011/08/08,0,4172000,-678000,3494000
2011/08/09,0,2209000,-340000,1869000
2011/08/10,0,662000,-400000,262000
2011/08/11,0,615000,-3034000,-2419000
2011/08/12,0,1459000,-958000,501000
2011/08/15,0,855000,-1303000,-448000
2011/08/16,0,111000,-548000,-437000
2011/08/17,0,705000,-257000,448000
2011/08/18,0,358000,-435000,-77000
2011/08/19,0,427000,-554000,-127000
2011/08/22,0,739000,-668000,71000
2011/08/23,0,645000,-68000,577000
2011/08/24,0,486000,-755000,-269000
2011/08/25,0,674000,-394000,280000
2011/08/26,0,241000,-594000,-353000
2011/08/29,0,637000,-157000,480000
2011/08/30,0,42000,-210000,-168000
2011/08/31,0,48000,-196000,-148000
2011/09/01,0,146000,-575000,-429000
2011/09/02,0,78000,-176000,-98000
2011/09/05,0,121000,-386000,-265000
2011/09/06,0,235000,-238000,-3000
2011/09/07,0,242000,-905000,-663000
2011/09/08,0,208000,-315000,-107000
2011/09/09,0,581000,-108000,473000
2011/09/12,0,0,0,0
2011/09/13,0,179000,-432000,-253000
2011/09/14,0,808000,-589000,219000
2011/09/15,0,512000,-213000,299000
2011/09/16,0,240000,-46000,194000
2011/09/19,0,59000,-145000,-86000
2011/09/20,0,303000,-83000,220000
2011/09/21,0,126000,-45000,81000
2011/09/22,0,77000,-555000,-478000
2011/09/23,0,897000,-1864000,-967000
2011/09/26,0,885000,-312000,573000
2011/09/27,0,831000,-113000,718000
2011/09/28,0,92000,-482000,-390000
2011/09/29,0,438000,-128000,310000
2011/09/30,0,189000,-133000,56000
2011/10/03,0,199000,-820000,-621000
2011/10/04,0,611000,-1155999,-544999
2011/10/05,0,260000,-188707,71293
2011/10/06,0,652000,-83200,568800
2011/10/07,0,436000,-79000,357000
2011/10/10,0,0,0,0
2011/10/11,0,268000,-78000,190000
2011/10/12,0,61000,-12000,49000
2011/10/13,0,487000,-60020,426980
2011/10/14,0,110000,-270000,-160000
2011/10/17,0,966000,-15000,951000
2011/10/18,0,170000,-89500,80500
2011/10/19,0,622000,-56000,566000
2011/10/20,0,85000,-30839,54161
2011/10/21,0,433000,-602000,-169000
2011/10/24,0,602000,-25000,577000
2011/10/25,0,33000,-6000,27000
2011/10/26,0,393000,-36000,357000
2011/10/27,0,1064000,-555000,509000
2011/10/28,0,490000,-416960,73040
2011/10/31,0,67000,-354,66646
2011/11/01,0,263000,-38000,225000
2011/11/02,0,231000,-66000,165000
2011/11/03,0,241000,-51000,190000
2011/11/04,0,868000,-22000,846000
2011/11/07,0,174000,-47000,127000
2011/11/08,0,255000,-194000,61000
2011/11/09,0,28000,-1000,27000
2011/11/10,0,549000,-469000,80000
2011/11/11,0,403000,-288000,115000
2011/11/14,0,80000,-134000,-54000
2011/11/15,0,52000,-49000,3000
2011/11/16,0,68000,-795000,-727000
2011/11/17,0,43000,-245280,-202280
2011/11/18,0,353000,-283220,69780
2011/11/21,0,711000,-146000,565000
2011/11/22,0,796000,-8000,788000
2011/11/23,0,363000,-577200,-214200
2011/11/24,0,558000,-144000,414000
2011/11/25,0,820000,-139000,681000
2011/11/28,0,478000,-233000,245000
2011/11/29,0,355000,-115000,240000
2011/11/30,0,119000,-244658,-125658
2011/12/01,0,815000,-260000,555000
2011/12/02,0,53000,-470000,-417000
2011/12/05,0,128000,-64000,64000
2011/12/06,0,50000,-205000,-155000
2011/12/07,0,761000,-481000,280000
2011/12/08,0,318000,-260000,58000
2011/12/09,0,189000,-464000,-275000
2011/12/12,0,142000,-122000,20000
2011/12/13,0,85000,-621000,-536000
2011/12/14,0,96000,-90000,6000
2011/12/15,0,198000,-178000,20000
2011/12/16,0,280000,-29000,251000
2011/12/19,0,332000,-178000,154000
2011/12/20,0,254000,-115000,139000
2011/12/21,0,851000,-99000,752000
2011/12/22,0,113000,-252000,-139000
2011/12/23,0,114000,-286000,-172000
2011/12/26,0,251000,-79000,172000
2011/12/27,0,244000,-96000,148000
2011/12/28,0,440000,-148000,292000
2011/12/29,0,318000,-272000,46000
2011/12/30,0,191000,-115000,76000
2012/01/02,0,73000,-90000,-17000
2012/01/03,0,178000,-137000,41000
2012/01/04,0,118000,-121000,-3000
2012/01/05,0,894000,-32000,862000
2012/01/06,0,23000,-617000,-594000
2012/01/09,0,258000,-74000,184000
2012/01/10,0,816000,-93000,723000
2012/01/11,0,321000,-98000,223000
2012/01/12,0,241000,-217000,24000
2012/01/13,0,159000,-163000,-4000
2012/01/16,0,198000,-476000,-278000
2012/01/17,0,341000,-200000,141000
2012/01/18,0,367000,-904020,-537020
2012/01/19,0,0,0,0
2012/01/20,0,0,0,0
2012/01/23,0,0,0,0
2012/01/24,0,0,0,0
2012/01/25,0,0,0,0
2012/01/26,0,0,0,0
2012/01/27,0,0,0,0
2012/01/30,0,206000,-261000,-55000
2012/01/31,0,298000,-732000,-434000
2012/02/01,0,295000,-563000,-268000
2012/02/02,0,274000,-385000,-111000
2012/02/03,0,113000,-563000,-450000
2012/02/06,0,599000,-263000,336000
2012/02/07,0,820000,-154000,666000
2012/02/08,0,447000,-620000,-173000
2012/02/09,0,68000,-602000,-534000
2012/02/10,0,70000,-1357000,-1287000
2012/02/13,0,109000,-126180,-17180
2012/02/14,0,126000,-1048000,-922000
2012/02/15,0,16000,-241000,-225000
2012/02/16,0,179000,-357000,-178000
2012/02/17,0,120000,-178000,-58000
2012/02/20,0,619000,-569000,50000
2012/02/21,0,47000,-537000,-490000
2012/02/22,0,76000,-72000,4000
2012/02/23,0,100000,-563000,-463000
2012/02/24,0,24000,-777000,-753000
2012/02/27,0,0,0,0
2012/02/28,0,0,0,0
2012/02/29,0,903036,-177000,726036
2012/03/01,0,170000,-221000,-51000
2012/03/02,0,22000,-226000,-204000
2012/03/05,0,0,-841094,-841094
2012/03/06,0,100000,-351000,-251000
2012/03/07,0,59000,-300000,-241000
2012/03/08,0,29000,-423000,-394000
2012/03/09,0,13000,-197000,-184000
2012/03/12,0,5000,-188656,-183656
2012/03/13,0,167000,-75000,92000
2012/03/14,0,131000,-57000,74000
2012/03/15,0,14000,-113000,-99000
2012/03/16,0,11000,-326000,-315000
2012/03/19,0,2000,-680000,-678000
2012/03/20,0,30000,-248000,-218000
2012/03/21,0,14000,-77000,-63000
2012/03/22,0,113000,-12000,101000
2012/03/23,0,27000,-40000,-13000
2012/03/26,0,22000,-279000,-257000
2012/03/27,0,0,-107000,-107000
2012/03/28,0,5000,-250000,-245000
2012/03/29,0,33000,-154605,-121605
2012/03/30,0,37000,-141000,-104000
2012/04/02,0,11000,-120000,-109000
2012/04/03,0,142000,-19000,123000
2012/04/04,0,0,0,0
2012/04/05,0,218000,-33000,185000
2012/04/06,0,15000,-136000,-121000
2012/04/09,0,145000,-59000,86000
2012/04/10,0,22000,-86000,-64000
2012/04/11,0,24000,-10000,14000
2012/04/12,0,6000,-189000,-183000
2012/04/13,0,120000,-83000,37000
2012/04/16,0,155000,-29000,126000
2012/04/17,0,123000,-27000,96000
2012/04/18,0,77000,-23000,54000
2012/04/19,0,243000,-1000,242000
2012/04/20,0,2000,-16000,-14000
2012/04/23,0,282000,-83000,199000
2012/04/24,0,53000,-8000,45000
2012/04/25,0,27000,-366000,-339000
2012/04/26,0,13012,-60000,-46988
2012/04/27,0,484000,-38000,446000
2012/04/30,0,367000,-36000,331000
2012/05/01,0,0,0,0
2012/05/02,0,210000,-130000,80000
2012/05/03,0,72000,-386000,-314000
2012/05/04,0,515000,-32000,483000
2012/05/07,0,206000,-40000,166000
2012/05/08,0,386000,-335416,50584
2012/05/09,0,182000,-364677,-182677
2012/05/10,0,340000,-191000,149000
2012/05/11,0,260000,-166000,94000
2012/05/14,0,224000,-62000,162000
2012/05/15,0,579000,-75000,504000
2012/05/16,0,543000,-180000,363000
2012/05/17,0,178000,-72000,106000
2012/05/18,0,668000,-124000,544000
2012/05/21,0,419000,-169000,250000
2012/05/22,0,62000,-16000,46000
2012/05/23,0,296000,-78000,218000
2012/05/24,0,495000,-165000,330000
2012/05/25,0,45000,-111000,-66000
2012/05/28,0,66000,-193000,-127000
2012/05/29,0,507000,-52000,455000
2012/05/30,0,313000,-290000,23000
2012/05/31,0,124000,-248000,-124000
2012/06/01,0,234000,-170000,64000
2012/06/04,0,633000,-215000,418000
2012/06/05,0,141000,-165000,-24000
2012/06/06,0,23000,-87000,-64000
2012/06/07,0,20000,-93000,-73000
2012/06/08,0,11000,-32000,-21000
2012/06/11,0,127000,-43000,84000
2012/06/12,0,33000,-190000,-157000
2012/06/13,0,37000,-52000,-15000
2012/06/14,0,58000,-44000,14000
2012/06/15,0,353000,-61000,292000
2012/06/18,0,62000,-25000,37000
2012/06/19,0,84000,-16000,68000
2012/06/20,0,12000,-51000,-39000
2012/06/21,0,71000,-122000,-51000
2012/06/22,0,208000,-57000,151000
2012/06/25,0,74000,-262000,-188000
2012/06/26,0,77000,-132000,-55000
2012/06/27,0,158000,-61000,97000
2012/06/28,0,278000,-19000,259000
2012/06/29,0,501000,-83000,418000
2012/07/02,0,101000,-226000,-125000
2012/07/03,0,592000,-79000,513000
2012/07/04,0,60000,-145000,-85000
2012/07/05,0,445000,-85000,360000
2012/07/06,0,238000,-175000,63000
2012/07/09,0,112000,-160000,-48000
2012/07/10,0,276000,-232000,44000
2012/07/11,0,258000,-67000,191000
2012/07/12,0,141000,-122000,19000
2012/07/13,0,250000,-42000,208000
2012/07/16,0,36000,-69332,-33332
2012/07/17,0,274000,-70000,204000
2012/07/18,0,39000,-353000,-314000
2012/07/19,0,143000,-47000,96000
2012/07/20,0,165000,-47000,118000
2012/07/23,0,100000,-326000,-226000
2012/07/24,0,387000,-58000,329000
2012/07/25,0,608000,-91000,517000
2012/07/26,0,123000,-744000,-621000
2012/07/27,0,287000,-104000,183000
2012/07/30,0,538000,-221000,317000
2012/07/31,0,381000,-422000,-41000
2012/08/01,0,200000,-269000,-69000
2012/08/02,0,0,0,0
2012/08/03,0,144000,-414000,-270000
2012/08/06,0,515000,-241000,274000
2012/08/07,0,2675000,-256000,2419000
2012/08/08,0,4679000,-139000,4540000
2012/08/09,0,297000,-5553000,-5256000
2012/08/10,0,327000,-165000,162000
2012/08/13,0,128000,-2362000,-2234000
2012/08/14,0,269000,-172000,97000
2012/08/15,0,1986000,-252000,1734000
2012/08/16,0,306000,-1987000,-1681000
2012/08/17,0,506000,-305000,201000
2012/08/20,0,119000,-224000,-105000
2012/08/21,0,1179000,-621000,558000
2012/08/22,0,418000,-557000,-139000
2012/08/23,0,196000,-29000,167000
2012/08/24,0,883000,-159000,724000
2012/08/27,0,243000,-500000,-257000
2012/08/28,0,188000,-1285000,-1097000
2012/08/29,0,541000,-140000,401000
2012/08/30,0,260000,-673000,-413000
2012/08/31,0,121000,-137000,-16000
2012/09/03,0,144000,-251000,-107000
2012/09/04,0,142000,-713000,-571000
2012/09/05,0,234000,-744000,-510000
2012/09/06,0,454000,-287000,167000
2012/09/07,0,115000,-290000,-175000
2012/09/10,0,226000,-187000,39000
2012/09/11,0,86000,-195000,-109000
2012/09/12,0,441000,-95000,346000
2012/09/13,0,261500,-299000,-37500
2012/09/14,0,297000,-467000,-170000
2012/09/17,0,400000,-477000,-77000
2012/09/18,0,294000,-96000,198000
2012/09/19,0,272000,-279000,-7000
2012/09/20,0,136000,-220000,-84000
2012/09/21,0,53000,-72000,-19000
2012/09/24,0,187000,-281000,-94000
2012/09/25,0,300000,-112000,188000
2012/09/26,0,915000,-185000,730000
2012/09/27,0,185000,-445400,-260400
2012/09/28,0,89290,-824400,-735110
2012/10/01,0,233000,-111000,122000
2012/10/02,0,203000,-167400,35600
2012/10/03,0,301000,-182240,118760
2012/10/04,0,139000,-173000,-34000
2012/10/05,0,155000,-233000,-78000
2012/10/08,0,34000,-530639,-496639
2012/10/09,0,391000,-432000,-41000
2012/10/10,0,0,0,0
2012/10/11,0,443000,-211000,232000
2012/10/12,0,84000,-392000,-308000
2012/10/15,0,249000,-422000,-173000
2012/10/16,0,156000,-259000,-103000
2012/10/17,0,105000,-209000,-104000
2012/10/18,0,292000,-51000,241000
2012/10/19,0,34000,-173000,-139000
2012/10/22,0,22000,-299000,-277000
2012/10/23,0,232000,-288000,-56000
2012/10/24,0,603000,-301000,302000
2012/10/25,0,215000,-194000,21000
2012/10/26,0,185000,-286000,-101000
2012/10/29,0,501000,-48000,453000
2012/10/30,0,198000,-80770,117230
2012/10/31,0,783000,-130000,653000
2012/11/01,0,184750,-675630,-490880
2012/11/02,0,515000,-141000,374000
2012/11/05,0,306000,-89000,217000
2012/11/06,0,442000,-317450,124550
2012/11/07,0,167000,-159000,8000
2012/11/08,0,15000,-209000,-194000
2012/11/09,0,432000,-335000,97000
2012/11/12,0,166000,-419000,-253000
2012/11/13,0,138000,-296060,-158060
2012/11/14,0,154000,-26000,128000
2012/11/15,0,253000,-192000,61000
2012/11/16,0,94000,-113000,-19000
2012/11/19,0,57000,-21000,36000
2012/11/20,0,73000,-17000,56000
2012/11/21,0,95000,-152180,-57180
2012/11/22,0,170000,-583000,-413000
2012/11/23,0,367000,-45000,322000
2012/11/26,0,139000,-45000,94000
2012/11/27,0,20000,-92000,-72000
2012/11/28,0,83000,-64000,19000
2012/11/29,0,381000,-598000,-217000
2012/11/30,0,269000,-93000,176000
2012/12/03,0,239000,-106000,133000
2012/12/04,0,79000,-120000,-41000
2012/12/05,0,380000,-40220,339780
2012/12/06,0,161000,-173000,-12000
2012/12/07,0,229000,-197000,32000
2012/12/10,0,75000,-57000,18000
2012/12/11,0,806000,-36000,770000
2012/12/12,0,1151000,-655000,496000
2012/12/13,0,252000,-281000,-29000
2012/12/14,0,264000,-151000,113000
2012/12/17,0,842000,-607000,235000
2012/12/18,0,215000,-145000,70000
2012/12/19,0,203000,-317030,-114030
2012/12/20,0,363000,-662227,-299227
2012/12/21,0,937000,-241000,696000
2012/12/24,0,169000,-101000,68000
2012/12/25,0,390000,-279000,111000
2012/12/26,0,70000,-151000,-81000
2012/12/27,0,391002,-295000,96002
2012/12/28,0,248000,-272000,-24000
2012/12/31,0,0,0,0
2013/01/01,0,0,0,0
2013/01/02,0,420000,-306000,114000
2013/01/03,0,465000,-228000,237000
2013/01/04,0,666000,-367000,299000
2013/01/07,0,268000,-373000,-105000
2013/01/08,0,264000,-144000,120000
2013/01/09,0,370000,-366000,4000
2013/01/10,0,490000,-254000,236000
2013/01/11,0,48000,-853000,-805000
2013/01/14,0,135000,-635000,-500000
2013/01/15,0,69000,-628000,-559000
2013/01/16,0,253000,-470500,-217500
2013/01/17,0,316000,-268000,48000
2013/01/18,0,157000,-478000,-321000
2013/01/21,0,48000,-411000,-363000
2013/01/22,0,311000,-221000,90000
2013/01/23,0,155000,-620000,-465000
2013/01/24,0,190000,-311000,-121000
2013/01/25,0,168000,-201000,-33000
2013/01/28,0,115000,-169000,-54000
2013/01/29,0,101000,-176000,-75000
2013/01/30,0,124000,-423000,-299000
2013/01/31,0,214000,-180750,33250
2013/02/01,0,152000,-161000,-9000
2013/02/04,0,196000,-198000,-2000
2013/02/05,0,150000,-334000,-184000
2013/02/06,0,890000,-559000,331000
2013/02/07,0,0,0,0
2013/02/08,0,0,0,0
2013/02/11,0,0,0,0
2013/02/12,0,0,0,0
2013/02/13,0,0,0,0
2013/02/14,0,0,0,0
2013/02/15,0,0,0,0
2013/02/18,0,45000,-771986,-726986
2013/02/19,0,111000,-478000,-367000
2013/02/20,0,508000,-504000,4000
2013/02/21,0,814000,-466000,348000
2013/02/22,0,266000,-545000,-279000
2013/02/25,0,172000,-322000,-150000
2013/02/26,0,453000,-131000,322000
2013/02/27,0,580000,-218000,362000
2013/02/28,0,0,0,0
2013/03/01,0,391000,-858000,-467000
2013/03/04,0,258000,-263000,-5000
2013/03/05,0,261000,-503000,-242000
2013/03/06,0,483000,-381000,102000
2013/03/07,0,467985,-275000,192985
2013/03/08,0,374000,-236000,138000
2013/03/11,0,557000,-331000,226000
2013/03/12,0,298000,-308000,-10000
2013/03/13,0,30000,-1386000,-1356000
2013/03/14,0,46000,-287000,-241000
2013/03/15,0,136000,-701000,-565000
2013/03/18,0,539610,-835000,-295390
2013/03/19,0,256000,-316000,-60000
2013/03/20,0,170000,-284000,-114000
2013/03/21,0,617000,-171000,446000
2013/03/22,0,221000,-428000,-207000
2013/03/25,0,313000,-247000,66000
2013/03/26,0,242000,-168000,74000
2013/03/27,0,1127000,-376822,750178
2013/03/28,0,215190,-648000,-432810
2013/03/29,0,401000,-536000,-135000
2013/04/01,0,263000,-443000,-180000
2013/04/02,0,319000,-281000,38000
2013/04/03,0,71000,-384000,-313000
2013/04/04,0,0,0,0
2013/04/05,0,0,0,0
2013/04/08,0,89000,-386552,-297552
2013/04/09,0,154000,-108000,46000
2013/04/10,0,205000,-122000,83000
2013/04/11,0,1342782,-534000,808782
2013/04/12,0,309000,-691000,-382000
2013/04/15,0,212000,-161000,51000
2013/04/16,0,331000,-400000,-69000
2013/04/17,0,250000,-310000,-60000
2013/04/18,0,508000,-292000,216000
2013/04/19,0,431000,-427000,4000
2013/04/22,0,250000,-359000,-109000
2013/04/23,0,109000,-163000,-54000
2013/04/24,0,1163000,-414000,749000
2013/04/25,0,258000,-1018000,-760000
2013/04/26,0,346000,-481000,-135000
2013/04/29,0,183000,-196000,-13000
2013/04/30,0,123000,-153000,-30000
2013/05/01,0,0,0,0
2013/05/02,0,673000,-109000,564000
2013/05/03,0,959000,-145000,814000
2013/05/06,0,822000,-620038,201962
2013/05/07,0,125000,-311000,-186000
2013/05/08,0,522000,-325000,197000
2013/05/09,0,864000,-487000,377000
2013/05/10,0,168000,-300000,-132000
2013/05/13,0,109000,-384000,-275000
2013/05/14,0,328000,-148000,180000
2013/05/15,0,174000,-870000,-696000
2013/05/16,0,606000,-172000,434000
2013/05/17,0,78000,-148000,-70000
2013/05/20,0,131000,-122000,9000
2013/05/21,0,193000,-343000,-150000
2013/05/22,0,134000,-168000,-34000
2013/05/23,0,266990,-798000,-531010
2013/05/24,0,211000,-862000,-651000
2013/05/27,0,250000,-80000,170000
2013/05/28,0,132000,-197000,-65000
2013/05/29,0,461000,-221000,240000
2013/05/30,0,158000,-299019,-141019
2013/05/31,0,120000,-642000,-522000
2013/06/03,0,277000,-391000,-114000
2013/06/04,0,208000,-181000,27000
2013/06/05,0,325000,-103000,222000
2013/06/06,0,268000,-136000,132000
2013/06/07,0,233000,-114000,119000
2013/06/10,0,561000,-388000,173000
2013/06/11,0,216000,-237000,-21000
2013/06/12,0,0,0,0
2013/06/13,0,72657,-498000,-425343
2013/06/14,0,184000,-921000,-737000
2013/06/17,0,74000,-306000,-232000
2013/06/18,0,89000,-94993,-5993
2013/06/19,0,192000,-92000,100000
2013/06/20,0,351000,-42000,309000
2013/06/21,0,242000,-100000,142000
2013/06/24,0,83000,-157453,-74453
2013/06/25,0,716000,-1040000,-324000
2013/06/26,0,302000,-196000,106000
2013/06/27,0,222000,-321000,-99000
2013/06/28,0,164000,-346000,-182000
2013/07/01,0,225000,-345000,-120000
2013/07/02,0,159000,-148000,11000
2013/07/03,0,122000,-133000,-11000
2013/07/04,0,96520,-183000,-86480
2013/07/05,0,337000,-129000,208000
2013/07/08,0,146000,-352000,-206000
2013/07/09,0,383000,-205000,178000
2013/07/10,0,503000,-286089,216911
2013/07/11,0,704000,-182000,522000
2013/07/12,0,113000,-149000,-36000
2013/07/15,0,991000,-480000,511000
2013/07/16,0,239964,-761000,-521036
2013/07/17,0,836000,-167000,669000
2013/07/18,0,431000,-697000,-266000
2013/07/19,0,198000,-455000,-257000
2013/07/22,0,731000,-336000,395000
2013/07/23,0,197000,-455000,-258000
2013/07/24,0,886000,-683000,203000
2013/07/25,0,737000,-395000,342000
2013/07/26,0,1040000,-383000,657000
2013/07/29,0,162000,-242000,-80000
2013/07/30,0,501000,-575000,-74000
2013/07/31,0,371000,-240000,131000
2013/08/01,0,345000,-208000,137000
2013/08/02,0,1190000,-327000,863000
2013/08/05,0,681000,-877000,-196000
2013/08/06,0,1416000,-292000,1124000
2013/08/07,0,11523000,-704017,10818983
2013/08/08,0,292000,-9530000,-9238000
2013/08/09,0,213000,-916000,-703000
2013/08/12,0,347000,-3690000,-3343000
2013/08/13,0,131000,-652000,-521000
2013/08/14,0,293000,-429000,-136000
2013/08/15,0,171000,-420000,-249000
2013/08/16,0,751000,-223288,527712
2013/08/19,0,440000,-323000,117000
2013/08/20,0,263000,-386000,-123000
2013/08/21,0,0,0,0
2013/08/22,0,164000,-630000,-466000
2013/08/23,0,376000,-180000,196000
2013/08/26,0,844000,-243000,601000
2013/08/27,0,130000,-625000,-495000
2013/08/28,0,297000,-508000,-211000
2013/08/29,0,508000,-217000,291000
2013/08/30,0,429000,-136000,293000
2013/09/02,0,102000,-574990,-472990
2013/09/03,0,55000,-321000,-266000
2013/09/04,0,33000,-272000,-239000
2013/09/05,0,631000,-215000,416000
2013/09/06,0,122000,-367992,-245992
2013/09/09,0,354340,-194000,160340
2013/09/10,0,495000,-354000,141000
2013/09/11,0,349000,-204000,145000
2013/09/12,0,1866000,-341000,1525000
2013/09/13,0,664000,-666000,-2000
2013/09/16,0,147000,-442000,-295000
2013/09/17,0,57000,-178000,-121000
2013/09/18,0,262000,-337990,-75990
2013/09/19,0,0,0,0
2013/09/20,0,0,0,0
2013/09/23,0,112000,-81000,31000
2013/09/24,0,101000,-200000,-99000
2013/09/25,0,17000,-119000,-102000
2013/09/26,0,25000,-508000,-483000
2013/09/27,0,19000,-463260,-444260
2013/09/30,0,131000,-400940,-269940
2013/10/01,0,7000,-121920,-114920
2013/10/02,0,235000,-151400,83600
2013/10/03,0,2780000,-105383,2674617
2013/10/04,0,207000,-223360,-16360
2013/10/07,0,134000,-73000,61000
2013/10/08,0,195000,-353000,-158000
2013/10/09,0,359000,-63200,295800
2013/10/10,0,0,0,0
2013/10/11,0,195000,-516000,-321000
2013/10/14,0,70000,-256000,-186000
2013/10/15,0,76000,-160000,-84000
2013/10/16,0,90000,-58000,32000
2013/10/17,0,265000,-104000,161000
2013/10/18,0,128000,-174130,-46130
2013/10/21,0,237000,-45000,192000
2013/10/22,0,48000,-2272000,-2224000
2013/10/23,0,7000,-246000,-239000
2013/10/24,0,15000,-28000,-13000
2013/10/25,0,33000,-1248000,-1215000
2013/10/28,0,392000,-848000,-456000
2013/10/29,0,81000,-547620,-466620
2013/10/30,0,22000,-66000,-44000
2013/10/31,0,44000,-195000,-151000
2013/11/01,0,3000,-49000,-46000
2013/11/04,0,65000,-69000,-4000
2013/11/05,0,39000,-158000,-119000
2013/11/06,0,171000,-84000,87000
2013/11/07,0,298000,-513000,-215000
2013/11/08,0,313000,-70000,243000
2013/11/11,0,85000,-33000,52000
2013/11/12,0,404000,-74000,330000
2013/11/13,0,192000,-38000,154000
2013/11/14,0,59000,-46921,12079
2013/11/15,0,177000,-40000,137000
2013/11/18,0,153000,-29000,124000
2013/11/19,0,214000,-77150,136850
2013/11/20,0,399000,-205400,193600
2013/11/21,0,464000,-570000,-106000
2013/11/22,0,476000,-26000,450000
2013/11/25,0,915000,-25000,890000
2013/11/26,0,963000,-246000,717000
2013/11/27,0,306000,-611000,-305000
2013/11/28,0,87000,-623000,-536000
2013/11/29,0,154000,-288000,-134000
2013/12/02,0,52000,-276000,-224000
2013/12/03,0,47000,-84000,-37000
2013/12/04,0,101000,-75000,26000
2013/12/05,0,100000,-65000,35000
2013/12/06,0,53000,-35000,18000
2013/12/09,0,108000,-81000,27000
2013/12/10,0,43000,-103000,-60000
2013/12/11,0,162000,-100000,62000
2013/12/12,0,98000,-56000,42000
2013/12/13,0,28000,-137000,-109000
2013/12/16,0,24000,-24000,0
2013/12/17,0,50000,-8000,42000
2013/12/18,0,146000,-325000,-179000
2013/12/19,0,346000,-140000,206000
2013/12/20,0,10000,-306892,-296892
2013/12/23,0,106000,-51000,55000
2013/12/24,0,40000,-13000,27000
2013/12/25,0,106000,-4000,102000
2013/12/26,0,21000,-57000,-36000
2013/12/27,0,66000,-40000,26000
2013/12/30,0,126000,-138000,-12000
2013/12/31,0,273000,-226000,47000
2014/01/02,0,0,-51000,-51000
2014/01/03,0,55000,-121000,-66000
2014/01/06,0,37000,-178000,-141000
2014/01/07,0,15000,-8464,6536
2014/01/08,0,232000,-33000,199000
2014/01/09,0,3000,-18000,-15000
2014/01/10,0,30000,-7000,23000
2014/01/13,0,12000,-50000,-38000
2014/01/14,0,40000,-34000,6000
2014/01/15,0,60000,-71000,-11000
2014/01/16,0,376000,-104000,272000
2014/01/17,0,31000,-133000,-102000
2014/01/20,0,180000,-4000,176000
2014/01/21,0,243000,-19931,223069
2014/01/22,0,373000,-22000,351000
2014/01/23,0,321000,-72000,249000
2014/01/24,0,38000,-22000,16000
2014/01/27,0,62000,-187000,-125000
2014/02/05,0,238000,-57000,181000
2014/02/06,0,293000,-276000,17000
2014/02/07,0,706000,-285067,420933
2014/02/10,0,111000,-426000,-315000
2014/02/11,0,98000,-54000,44000
2014/02/12,0,41000,-53000,-12000
2014/02/13,0,103000,-744000,-641000
2014/02/14,0,3565000,-40000,3525000
2014/02/17,0,866000,-779000,87000
2014/02/18,0,1855000,-468000,1387000
2014/02/19,0,323000,-685000,-362000
2014/02/20,0,236000,-483000,-247000
2014/02/21,0,183000,-330000,-147000
2014/02/24,0,28000,-1248000,-1220000
2014/02/25,0,77000,-646899,-569899
2014/02/26,0,624000,-970000,-346000
2014/02/27,0,485000,-870000,-385000
2014/03/03,0,125000,-587000,-462000
2014/03/04,0,173000,-142000,31000
2014/03/05,0,8000,-59000,-51000
2014/03/06,0,144000,-37000,107000
2014/03/07,0,1251000,-261000,990000
2014/03/10,0,174000,-305000,-131000
2014/03/11,0,84000,-157600,-73600
2014/03/12,0,50000,-1005000,-955000
2014/03/13,0,745000,-415000,330000
2014/03/14,0,796000,-721000,75000
2014/03/17,0,611000,-999000,-388000
2014/03/18,0,283000,-613000,-330000
2014/03/19,0,276000,-268408,7592
2014/03/20,0,1002000,-442000,560000
2014/03/21,0,46000,-24000,22000
2014/03/24,0,308000,-43000,265000
2014/03/25,0,177000,-279000,-102000
2014/03/26,0,271000,-1035000,-764000
2014/03/27,0,1000,-395000,-394000
2014/03/28,0,42000,-192000,-150000
2014/03/31,0,348000,-176000,172000
2014/04/01,0,373000,-395420,-22420
2014/04/02,0,8000,-924000,-916000
2014/04/03,0,29000,-34000,-5000
2014/04/07,0,87000,-137000,-50000
2014/04/08,0,203000,-2000,201000
2014/04/09,0,163000,-688000,-525000
2014/04/10,0,135000,-186000,-51000
2014/04/11,0,40000,-121000,-81000
2014/04/14,0,36000,-28000,8000
2014/04/15,0,124000,-31360,92640
2014/04/16,0,26000,-531568,-505568
2014/04/17,0,72000,-60000,12000
2014/04/18,0,18000,-88000,-70000
2014/04/21,0,26000,-31000,-5000
2014/04/22,0,133000,-65000,68000
2014/04/23,0,1609000,-783000,826000
2014/04/24,0,228000,-692883,-464883
2014/04/25,0,125000,-310000,-185000
2014/04/28,0,435000,-89000,346000
2014/04/29,0,152000,-200000,-48000
2014/04/30,0,100000,-254000,-154000
2014/05/02,0,76000,-198000,-122000
2014/05/05,0,25000,-55000,-30000
2014/05/06,0,28000,-1046504,-1018504
2014/05/07,0,11000,-330000,-319000
2014/05/08,0,7000,-105000,-98000
2014/05/09,0,18000,-138000,-120000
2014/05/12,0,21000,-196000,-175000
2014/05/13,0,41000,-109000,-68000
2014/05/14,0,116192,-295000,-178808
2014/05/15,0,91000,-48000,43000
2014/05/16,0,56000,-94000,-38000
2014/05/19,0,70000,-6000,64000
2014/05/20,0,31000,-70000,-39000
2014/05/21,0,58,-81000,-80942
2014/05/22,0,72000,-66000,6000
2014/05/23,0,157000,-61000,96000
2014/05/26,0,324000,-101000,223000
2014/05/27,0,100000,-258000,-158000
2014/05/28,0,78000,-131000,-53000
2014/05/29,0,350000,-83000,267000
2014/05/30,0,118000,-303000,-185000
2014/06/03,0,81000,-76000,5000
2014/06/04,0,46000,-166000,-120000
2014/06/05,0,43000,-116000,-73000
2014/06/06,0,10000,-24000,-14000
2014/06/09,0,12000,-25000,-13000
2014/06/10,0,2000,-27000,-25000
2014/06/11,0,66000,-80000,-14000
2014/06/12,0,142000,-227000,-85000
2014/06/13,0,32274,-317000,-284726
2014/06/16,0,71000,-3000,68000
2014/06/17,0,187000,-5000,182000
2014/06/18,0,218000,-62000,156000
2014/06/19,0,9000,-107000,-98000
2014/06/20,0,12000,-80000,-68000
2014/06/23,0,94000,-124000,-30000
2014/06/24,0,105000,-89000,16000
2014/06/25,0,401000,-59000,342000
2014/06/26,0,102000,-195000,-93000
2014/06/27,0,68000,-99000,-31000
2014/06/30,0,138000,-29000,109000
2014/07/01,0,73000,-27000,46000
2014/07/02,0,868000,-691000,177000
2014/07/03,0,1361000,-751000,610000
2014/07/04,0,638000,-602000,36000
2014/07/07,0,73000,-517000,-444000
2014/07/08,0,672000,-141000,531000
2014/07/09,0,216000,-394000,-178000
2014/07/10,0,462000,-321000,141000
2014/07/11,0,128000,-290000,-162000
2014/07/14,0,370000,-33000,337000
2014/07/15,0,895000,-218000,677000
2014/07/16,0,301000,-893440,-592440
2014/07/17,0,42000,-386000,-344000
2014/07/18,0,115000,-153000,-38000
2014/07/21,0,200000,-141000,59000
2014/07/22,0,152000,-91000,61000
2014/07/23,0,0,0,0
2014/07/24,0,178000,-98000,80000
2014/07/25,0,302000,-110000,192000
2014/07/28,0,3844000,-1338000,2506000
2014/07/29,0,1047000,-917000,130000
2014/07/30,0,1261000,-541000,720000
2014/07/31,0,101000,-1059000,-958000
2014/08/01,0,196000,-308000,-112000
2014/08/04,0,1291000,-1061000,230000
2014/08/05,0,3203000,-486000,2717000
2014/08/06,0,1828000,-508605,1319395
2014/08/07,0,120000,-3186000,-3066000
2014/08/08,0,110000,-2766000,-2656000
2014/08/11,0,63000,-319000,-256000
2014/08/12,0,152000,-469000,-317000
2014/08/13,0,63000,-155000,-92000
2014/08/14,0,29000,-296000,-267000
2014/08/15,0,53000,-88000,-35000
2014/08/18,0,10000,-69000,-59000
2014/08/19,0,350000,-250000,100000
2014/08/20,0,831000,-712000,119000
2014/08/21,0,44000,-450000,-406000
2014/08/22,0,13000,-464000,-451000
2014/08/25,0,26000,-28000,-2000
2014/08/26,0,27000,-54000,-27000
2014/08/27,0,207000,-40000,167000
2014/08/28,0,124000,-84000,40000
2014/08/29,0,40000,-138000,-98000
2014/09/01,0,21000,-60000,-39000
2014/09/02,0,29000,-281000,-252000
2014/09/03,0,118000,-146000,-28000
2014/09/04,0,105000,-96000,9000
2014/09/05,0,4000,-1308000,-1304000
2014/09/09,0,29000,-10000,19000
2014/09/10,0,66000,-18000,48000
2014/09/11,0,191000,-245000,-54000
2014/09/12,0,83000,-95000,-12000
2014/09/15,0,451000,-158000,293000
2014/09/16,0,139000,-616000,-477000
2014/09/17,0,234000,-91000,143000
2014/09/18,0,52200,-124000,-71800
2014/09/19,0,346000,-151700,194300
2014/09/22,0,1000,-121000,-120000
2014/09/23,0,303000,-420240,-117240
2014/09/24,0,59000,-127007,-68007
2014/09/25,0,151000,-158000,-7000
2014/09/26,0,64000,-410540,-346540
2014/09/29,0,42000,-184700,-142700
2014/09/30,0,102000,-79000,23000
2014/10/01,0,18000,-102000,-84000
2014/10/02,0,53000,-238540,-185540
2014/10/03,0,58152,-284000,-225848
2014/10/06,0,50000,-34461,15539
2014/10/07,0,37000,-441000,-404000
2014/10/08,0,19000,-95000,-76000
2014/10/09,0,163000,-82000,81000
2014/10/13,0,262000,-1087000,-825000
2014/10/14,0,550000,-336000,214000
2014/10/15,0,167000,-458000,-291000
2014/10/16,0,1386000,-136200,1249800
2014/10/17,0,145000,-889000,-744000
2014/10/20,0,712000,-455000,257000
2014/10/21,0,313000,-376200,-63200
2014/10/22,0,43000,-62000,-19000
2014/10/23,0,538000,-60869,477131
2014/10/24,0,89000,-200060,-111060
2014/10/27,0,133000,-355761,-222761
2014/10/28,0,1335000,-282000,1053000
2014/10/29,0,883000,-727000,156000
2014/10/30,0,310000,-283000,27000
2014/10/31,0,656000,-264000,392000
2014/11/03,0,139000,-381000,-242000
2014/11/04,0,60000,-168220,-108220
2014/11/05,0,450000,-856000,-406000
2014/11/06,0,1147000,-484980,662020
2014/11/07,0,571000,-357000,214000
2014/11/10,0,399000,-280000,119000
2014/11/11,0,315000,-248000,67000
2014/11/12,0,169000,-335000,-166000
2014/11/13,0,44000,-76000,-32000
2014/11/14,0,41000,-64000,-23000
2014/11/17,0,516000,-360000,156000
2014/11/18,0,348000,-305000,43000
2014/11/19,0,385000,-517000,-132000
2014/11/20,0,186000,-247000,-61000
2014/11/21,0,373000,-107000,266000
2014/11/24,0,99000,-109000,-10000
2014/11/25,0,226000,-92000,134000
2014/11/26,0,173000,-42000,131000
2014/11/27,0,44000,-108000,-64000
2014/11/28,0,23000,-161000,-138000
2014/12/01,0,87000,-125000,-38000
2014/12/02,0,97000,-166000,-69000
2014/12/03,0,36000,-13922,22078
2014/12/04,0,99000,-59000,40000
2014/12/05,0,267000,-127420,139580
2014/12/08,0,249000,-188000,61000
2014/12/09,0,114000,-83000,31000
2014/12/10,0,54000,-271000,-217000
2014/12/11,0,201000,-159000,42000
2014/12/12,0,100000,-283000,-183000
2014/12/15,0,113000,-38000,75000
2014/12/16,0,71000,-48000,23000
2014/12/17,0,161000,-525000,-364000
2014/12/18,0,46000,-246000,-200000
2014/12/19,0,472000,-177000,295000
2014/12/22,0,283000,-71000,212000
2014/12/23,0,219000,-187000,32000
2014/12/24,0,453000,-264000,189000
2014/12/25,0,117000,-222000,-105000
2014/12/26,0,46000,-124000,-78000
2014/12/29,0,20000,-114000,-94000
2014/12/30,0,22000,-64000,-42000
2014/12/31,0,14000,-67000,-53000
2015/01/01,0,0,0,0
2015/01/02,0,0,0,0
2015/01/05,0,43000,-99000,-56000
2015/01/06,0,85000,-94000,-9000
2015/01/07,0,73000,-94000,-21000
2015/01/08,0,315000,-71294,243706
2015/01/09,0,186000,-291000,-105000
2015/01/12,0,2000,-73000,-71000
2015/01/13,0,181000,-93000,88000
2015/01/14,0,24000,-284000,-260000
2015/01/15,0,20000,-133000,-113000
2015/01/16,0,56000,-118000,-62000
2015/01/19,0,65000,-38000,27000
2015/01/20,0,24000,-76000,-52000
2015/01/21,0,341000,-185000,156000
2015/01/22,0,61000,-277000,-216000
2015/01/23,0,850000,-101000,749000
2015/01/26,0,23000,-263000,-240000
2015/01/27,0,65000,-50000,15000
2015/01/28,0,85000,-40000,45000
2015/01/29,0,8000,-169000,-161000
2015/01/30,0,85000,-17000,68000
2015/02/02,0,83000,-66000,17000
2015/02/03,0,88000,-26000,62000
2015/02/04,0,419000,-32000,387000
2015/02/05,0,356000,-253000,103000
2015/02/06,0,195000,-167000,28000
2015/02/09,0,370000,-219000,151000
2015/02/10,0,263000,-280000,-17000
2015/02/11,0,199000,-145000,54000
2015/02/12,0,55000,-252000,-197000
2015/02/13,0,31000,-113000,-82000
2015/02/16,0,0,0,0
2015/02/17,0,0,0,0
2015/02/18,0,0,0,0
2015/02/19,0,0,0,0
2015/02/20,0,0,0,0
2015/02/23,0,0,0,0
2015/02/24,0,448000,-186000,262000
2015/02/25,0,52000,-504219,-452219
2015/02/26,0,28000,-58000,-30000
2015/02/27,0,0,0,0
2015/03/02,0,83000,-75000,8000
2015/03/03,0,3000,-114000,-111000
2015/03/04,0,274000,-57034,216966
2015/03/05,0,30000,-386219,-356219
2015/03/06,0,47000,-95000,-48000
2015/03/09,0,0,-61949,-61949
2015/03/10,0,29000,-86000,-57000
2015/03/11,0,24000,-64000,-40000
2015/03/12,0,46000,-65512,-19512
2015/03/13,0,3000,-13000,-10000
2015/03/16,0,228000,-9000,219000
2015/03/17,0,40000,-55219,-15219
2015/03/18,0,232000,-82000,150000
2015/03/19,0,95000,-41000,54000
2015/03/20,0,33000,-171000,-138000
2015/03/23,0,43000,-192000,-149000
2015/03/24,0,72000,-55000,17000
2015/03/25,0,38000,-67000,-29000
2015/03/26,0,238000,-60000,178000
2015/03/27,0,85000,-121000,-36000
2015/03/30,0,106000,-72000,34000
2015/03/31,0,52000,-189000,-137000
2015/04/01,0,99000,-98000,1000
2015/04/02,0,78000,-136000,-58000
2015/04/03,0,0,0,0
2015/04/06,0,0,0,0
2015/04/07,0,61000,-50000,11000
2015/04/08,0,460000,-86000,374000
2015/04/09,0,421000,-56000,365000
2015/04/10,0,247000,-408000,-161000
2015/04/13,0,39000,-97000,-58000
2015/04/14,0,410000,-68720,341280
2015/04/15,0,39000,-319000,-280000
2015/04/16,0,35000,-89000,-54000
2015/04/17,0,113000,-23000,90000
2015/04/20,0,21000,-239000,-218000
2015/04/21,0,26000,-147000,-121000
2015/04/22,0,25000,-19000,6000
2015/04/23,0,60000,-66000,-6000
2015/04/24,0,79000,-121000,-42000
2015/04/27,0,103000,-24000,79000
2015/04/28,0,86000,-93000,-7000
2015/04/29,0,287000,-29000,258000
2015/04/30,0,63000,-8000,55000
2015/05/01,0,0,0,0
2015/05/04,0,21000,-97903,-76903
2015/05/05,0,118000,-9000,109000
2015/05/06,0,65000,-100000,-35000
2015/05/07,0,71000,-367000,-296000
2015/05/08,0,30000,-10000,20000
2015/05/11,0,148000,-3000,145000
2015/05/12,0,1031000,-68000,963000
2015/05/13,0,447000,-329000,118000
2015/05/14,0,631000,-567264,63736
2015/05/15,0,348000,-995000,-647000
2015/05/18,0,383000,-351000,32000
2015/05/19,0,419000,-270000,149000
2015/05/20,0,78000,-364000,-286000
2015/05/21,0,626000,-204000,422000
2015/05/22,0,34000,-357000,-323000
2015/05/25,0,167000,-55000,112000
2015/05/26,0,69000,-82000,-13000
2015/05/27,0,585000,-212000,373000
2015/05/28,0,473000,-89000,384000
2015/05/29,0,32000,-511000,-479000
2015/06/01,0,25000,-124000,-99000
2015/06/02,0,276000,-93000,183000
2015/06/03,0,91000,-158000,-67000
2015/06/04,0,167000,-229000,-62000
2015/06/05,0,184000,-80000,104000
2015/06/08,0,131000,-13000,118000
2015/06/09,0,177000,-91000,86000
2015/06/10,0,359000,-69000,290000
2015/06/11,0,108000,-250000,-142000
2015/06/12,0,125000,-25000,100000
2015/06/15,0,101000,-125000,-24000
2015/06/16,0,81000,-377000,-296000
2015/06/17,0,300000,-17000,283000
2015/06/18,0,101000,-25000,76000
2015/06/19,0,0,0,0
2015/06/22,0,1694000,-161000,1533000
2015/06/23,0,175000,-70000,105000
2015/06/24,0,34000,-171000,-137000
2015/06/25,0,358000,-482000,-124000
2015/06/26,0,218000,-317000,-99000
2015/06/29,0,273000,-18000,255000
2015/06/30,0,839000,-157000,682000
2015/07/01,0,768000,-197000,571000
2015/07/02,0,388000,-146000,242000
2015/07/03,0,553000,-214000,339000
2015/07/06,0,184000,-307000,-123000
2015/07/07,0,675000,-420000,255000
2015/07/08,0,159000,-466000,-307000
2015/07/09,0,182000,-80000,102000
2015/07/10,0,0,0,0
2015/07/13,0,306000,-307000,-1000
2015/07/14,0,66000,-279000,-213000
2015/07/15,0,239000,-322000,-83000
2015/07/16,0,102000,-79000,23000
2015/07/17,0,290000,-19000,271000
2015/07/20,0,406000,-70000,336000
2015/07/21,0,2987000,-420000,2567000
2015/07/22,0,1101000,-984000,117000
2015/07/23,0,1024000,-829000,195000
2015/07/24,0,399000,-675000,-276000
2015/07/27,0,380000,-750000,-370000
2015/07/28,0,1060000,-381000,679000
2015/07/29,0,261000,-880000,-619000
2015/07/30,0,341000,-389000,-48000
2015/07/31,0,175000,-1072000,-897000
2015/08/03,0,355000,-239000,116000
2015/08/04,0,3068000,-758000,2310000
2015/08/05,0,4923000,-1097082,3825918
2015/08/06,0,802000,-5379000,-4577000
2015/08/07,0,242000,-578000,-336000
2015/08/10,0,1038000,-1077000,-39000
2015/08/11,0,338000,-1143000,-805000
2015/08/12,0,384000,-1607000,-1223000
2015/08/13,0,292000,-599000,-307000
2015/08/14,0,764000,-556000,208000
2015/08/17,0,910000,-1069000,-159000
2015/08/18,0,1309000,-1750000,-441000
2015/08/19,0,799000,-3597000,-2798000
2015/08/20,0,603000,-417000,186000
2015/08/21,0,513000,-195000,318000
2015/08/24,0,1104000,-922000,182000
2015/08/25,0,250000,-393000,-143000
2015/08/26,0,448000,-340000,108000
2015/08/27,0,552000,-557000,-5000
2015/08/28,0,153000,-783000,-630000
2015/08/31,0,209000,-763000,-554000
2015/09/01,0,307000,-646032,-339032
2015/09/02,0,251000,-227000,24000
2015/09/03,0,185000,-562000,-377000
2015/09/04,0,69000,-524000,-455000
2015/09/07,0,857000,-286000,571000
2015/09/08,0,136000,-505000,-369000
2015/09/09,0,407000,-220000,187000
2015/09/10,0,90000,-210000,-120000
2015/09/11,0,27000,-130000,-103000
2015/09/14,0,109000,-388000,-279000
2015/09/15,0,159000,-191335,-32335
2015/09/16,0,46000,-163000,-117000
2015/09/17,0,645000,-99000,546000
2015/09/18,0,177000,-489000,-312000
2015/09/21,0,260000,-210000,50000
2015/09/22,0,412000,-235000,177000
2015/09/23,0,508000,-110000,398000
2015/09/24,0,441000,-132000,309000
2015/09/25,0,269000,-386000,-117000
2015/09/28,0,0,0,0
2015/09/29,0,0,0,0
2015/09/30,0,279000,-551000,-272000
2015/10/01,0,393000,-274053,118947
2015/10/02,0,69440,-117240,-47800
2015/10/05,0,174000,-107000,67000
2015/10/06,0,122000,-230440,-108440
2015/10/07,0,126000,-234000,-108000
2015/10/08,0,91000,-216000,-125000
2015/10/09,0,0,0,0
2015/10/12,0,504000,-500000,4000
2015/10/13,0,254000,-54000,200000
2015/10/14,0,89000,-306000,-217000
2015/10/15,0,167000,-216000,-49000
2015/10/16,0,55000,-30000,25000
2015/10/19,0,93000,-636520,-543520
2015/10/20,0,293000,-96000,197000
2015/10/21,0,133000,-329400,-196400
2015/10/22,0,182000,-321000,-139000
2015/10/23,0,153000,-150480,2520
2015/10/26,0,90000,-154000,-64000
2015/10/27,0,379000,-382320,-3320
2015/10/28,0,588000,-142000,446000
2015/10/29,0,190000,-491240,-301240
2015/10/30,0,276000,-232000,44000
2015/11/02,0,96000,-214000,-118000
2015/11/03,0,256000,-116000,140000
2015/11/04,0,232000,-367000,-135000
2015/11/05,0,157000,-124000,33000
2015/11/06,0,122000,-205000,-83000
2015/11/09,0,405000,-65000,340000
2015/11/10,0,111000,-228000,-117000
2015/11/11,0,369000,-415000,-46000
2015/11/12,0,58000,-244000,-186000
2015/11/13,0,31000,-181000,-150000
2015/11/16,0,45000,-93000,-48000
2015/11/17,0,154000,-185000,-31000
2015/11/18,0,111000,-380000,-269000
2015/11/19,0,194000,-241000,-47000
2015/11/20,0,105000,-235000,-130000
2015/11/23,0,40000,-51600,-11600
2015/11/24,0,44000,-71462,-27462
2015/11/25,0,96000,-471000,-375000
2015/11/26,0,17000,-75000,-58000
2015/11/27,0,33000,-63000,-30000
2015/11/30,0,87000,-86000,1000
2015/12/01,0,29000,-34000,-5000
2015/12/02,0,40000,-97000,-57000
2015/12/03,0,117000,-27960,89040
2015/12/04,0,48000,-141000,-93000
2015/12/07,0,124000,-148000,-24000
2015/12/08,0,61000,-89000,-28000
2015/12/09,0,71000,-95000,-24000
2015/12/10,0,40000,-176000,-136000
2015/12/11,0,96000,-150600,-54600
2015/12/14,0,13000,-50000,-37000
2015/12/15,0,468000,-75000,393000
2015/12/16,0,249000,-329000,-80000
2015/12/17,0,193000,-201000,-8000
2015/12/18,0,33000,-266000,-233000
2015/12/21,0,89000,-48000,41000
2015/12/22,0,33000,-39800,-6800
2015/12/23,0,46000,-61000,-15000
2015/12/24,0,78000,-56000,22000
2015/12/25,0,199000,-30000,169000
2015/12/28,0,55000,-35000,20000
2015/12/29,0,181000,-294360,-113360
2015/12/30,0,86000,-127000,-41000
2015/12/31,0,90000,-37000,53000
2016/01/01,0,0,0,0
2016/01/04,0,153000,-128000,25000
2016/01/05,0,55000,-59000,-4000
2016/01/06,0,97000,-181000,-84000
2016/01/07,0,471000,-262000,209000
2016/01/08,0,34000,-187000,-153000
2016/01/11,0,81000,-105000,-24000
2016/01/12,0,108000,-297000,-189000
2016/01/13,0,97000,-20000,77000
2016/01/14,0,54000,-123000,-69000
2016/01/15,0,74000,-350000,-276000
2016/01/18,0,81000,-69000,12000
2016/01/19,0,37000,-86000,-49000
2016/01/20,0,24000,-171000,-147000
2016/01/21,0,85000,-12000,73000
2016/01/22,0,27000,-63000,-36000
2016/01/25,0,346000,-84000,262000
2016/01/26,0,25000,-219000,-194000
2016/01/27,0,0,-92000,-92000
2016/01/28,0,61000,-8000,53000
2016/01/29,0,14000,-93000,-79000
2016/02/01,0,45000,-87000,-42000
2016/02/02,0,62000,-90000,-28000
2016/02/03,0,58000,-128000,-70000
2016/02/04,0,0,0,0
2016/02/05,0,0,0,0
2016/02/08,0,0,0,0
2016/02/09,0,0,0,0
2016/02/10,0,0,0,0
2016/02/11,0,0,0,0
2016/02/12,0,0,0,0
2016/02/15,0,285000,-55000,230000
2016/02/16,0,117000,-123000,-6000
2016/02/17,0,163000,-136000,27000
2016/02/18,0,370000,-135000,235000
2016/02/19,0,2000,-204000,-202000
2016/02/22,0,25000,-30000,-5000
2016/02/23,0,0,-14000,-14000
2016/02/24,0,6000,-30856,-24856
2016/02/25,0,326000,-22000,304000
2016/02/26,0,3000,-312000,-309000
2016/02/29,0,0,0,0
2016/03/01,0,55000,-24000,31000
2016/03/02,0,14000,-53000,-39000
2016/03/03,0,7000,-73900,-66900
2016/03/04,0,0,-10000,-10000
2016/03/07,0,130000,-12000,118000
2016/03/08,0,45000,-108000,-63000
2016/03/09,0,11000,-35000,-24000
2016/03/10,0,14000,-23000,-9000
2016/03/11,0,17000,-14000,3000
2016/03/14,0,33000,-15000,18000
2016/03/15,0,151000,-72000,79000
2016/03/16,0,30000,-117000,-87000
2016/03/17,0,1081000,-172000,909000
2016/03/18,0,130000,-296000,-166000
2016/03/21,0,77000,-391000,-314000
2016/03/22,0,143000,-70000,73000
2016/03/23,0,1000,-453000,-452000
2016/03/24,0,228000,-42000,186000
2016/03/25,0,56000,-105000,-49000
2016/03/28,0,97000,-196000,-99000
2016/03/29,0,52000,-171000,-119000
2016/03/30,0,198000,-15000,183000
2016/03/31,0,20000,-94094,-74094
2016/04/01,0,17000,-69000,-52000
2016/04/04,0,0,0,0
2016/04/05,0,0,0,0
2016/04/06,0,42000,-30000,12000
2016/04/07,0,7000,-113000,-106000
2016/04/08,0,10000,-14000,-4000
2016/04/11,0,7000,-17000,-10000
2016/04/12,0,77000,-58000,19000
2016/04/13,0,121000,-27000,94000
2016/04/14,0,20000,-49000,-29000
2016/04/15,0,165000,-82000,83000
2016/04/18,0,17000,-88000,-71000
2016/04/19,0,67000,-48000,19000
2016/04/20,0,189000,-41000,148000
2016/04/21,0,88000,-111000,-23000
2016/04/22,0,18000,-114000,-96000
2016/04/25,0,41000,-15000,26000
2016/04/26,0,14000,-8000,6000
2016/04/27,0,106000,-9000,97000
2016/04/28,0,43000,-153000,-110000
2016/04/29,0,38000,-42000,-4000
2016/05/02,0,0,0,0
2016/05/03,0,39000,-108000,-69000
2016/05/04,0,121000,0,121000
2016/05/05,0,106000,-17000,89000
2016/05/06,0,31000,-64000,-33000
2016/05/09,0,71000,-14000,57000
2016/05/10,0,41000,-9000,32000
2016/05/11,0,67000,-45000,22000
2016/05/12,0,33000,-196000,-163000
2016/05/13,0,218000,-138000,80000
2016/05/16,0,377000,-125000,252000
2016/05/17,0,128000,-127000,1000
2016/05/18,0,133000,-126000,7000
2016/05/19,0,132000,-67000,65000
2016/05/20,0,51000,-133000,-82000
2016/05/23,0,99000,-93000,6000
2016/05/24,0,0,-15000,-15000
2016/05/25,0,178000,-4000,174000
2016/05/26,0,82000,-76000,6000
2016/05/27,0,11000,-28000,-17000
2016/05/30,0,138000,-101000,37000
2016/05/31,0,24000,-103000,-79000
2016/06/01,0,131000,-20000,111000
2016/06/02,0,280000,-75000,205000
2016/06/03,0,287000,-40000,247000
2016/06/06,0,244000,-89000,155000
2016/06/07,0,305000,-86000,219000
2016/06/08,0,212000,-264000,-52000
2016/06/09,0,0,0,0
2016/06/10,0,0,0,0
2016/06/13,0,100000,-450000,-350000
2016/06/14,0,35000,-83000,-48000
2016/06/15,0,100000,-33000,67000
2016/06/16,0,41000,-66000,-25000
2016/06/17,0,76000,-35000,41000
2016/06/20,0,50000,-128000,-78000
2016/06/21,0,60000,-47000,13000
2016/06/22,0,126000,-24000,102000
2016/06/23,0,76000,-19000,57000
2016/06/24,0,217000,-178000,39000
2016/06/27,0,2000,-158000,-156000
2016/06/28,0,450000,-8000,442000
2016/06/29,0,97000,-213000,-116000
2016/06/30,0,84000,-134000,-50000
2016/07/01,0,1095000,-21000,1074000
2016/07/04,0,608000,-169000,439000
2016/07/05,0,149000,-42000,107000
2016/07/06,0,249000,-109000,140000
2016/07/07,0,209000,-92000,117000
2016/07/08,0,0,0,0
2016/07/11,0,575000,-189000,386000
2016/07/12,0,63001,-343000,-279999
2016/07/13,0,247000,-149000,98000
2016/07/14,0,235000,-40000,195000
2016/07/15,0,230000,-47000,183000
2016/07/18,0,149000,-140000,9000
2016/07/19,0,73000,-95000,-22000
2016/07/20,0,51000,-571000,-520000
2016/07/21,0,39000,-476000,-437000
2016/07/22,0,225000,-195000,30000
2016/07/25,0,103000,-521000,-418000
2016/07/26,0,211000,-189000,22000
2016/07/27,0,223000,-97000,126000
2016/07/28,0,64000,-71000,-7000
2016/07/29,0,420000,-124000,296000
2016/08/01,0,703000,-67000,636000
2016/08/02,0,2200000,-4000,2196000
2016/08/03,0,1940000,-430000,1510000
2016/08/04,0,23000,-2878000,-2855000
2016/08/05,0,207000,-537000,-330000
2016/08/08,0,66000,-267000,-201000
2016/08/09,0,92000,-1103000,-1011000
2016/08/10,0,113000,-1052000,-939000
2016/08/11,0,41000,-604000,-563000
2016/08/12,0,264000,-196000,68000
2016/08/15,0,239000,-676000,-437000
2016/08/16,0,115000,-105000,10000
2016/08/17,0,50000,-168000,-118000
2016/08/18,0,132000,-146000,-14000
2016/08/19,0,98000,-283000,-185000
2016/08/22,0,163000,-116000,47000
2016/08/23,0,343000,-40000,303000
2016/08/24,0,38000,-272000,-234000
2016/08/25,0,62000,-119000,-57000
2016/08/26,0,136000,-48000,88000
2016/08/29,0,26000,-449000,-423000
2016/08/30,0,57000,-128000,-71000
2016/08/31,0,31000,-224000,-193000
2016/09/01,0,48000,-65000,-17000
2016/09/02,0,34000,-69000,-35000
2016/09/05,0,130000,-65000,65000
2016/09/06,0,191000,-40000,151000
2016/09/07,0,526000,-71000,455000
2016/09/08,0,57000,-140000,-83000
2016/09/09,0,38000,-92000,-54000
2016/09/12,0,90000,-88000,2000
2016/09/13,0,160000,-100000,60000
2016/09/14,0,80000,-98000,-18000
2016/09/15,0,0,0,0
2016/09/16,0,0,0,0
2016/09/19,0,139000,-23000,116000
2016/09/20,0,17000,-94000,-77000
2016/09/21,0,38000,-84000,-46000
2016/09/22,0,38000,-171000,-133000
2016/09/23,0,126000,-193000,-67000
2016/09/26,0,11000,-116000,-105000
2016/09/27,0,0,0,0
2016/09/28,0,0,0,0
2016/09/29,0,25000,-50320,-25320
2016/09/30,0,150000,-69000,81000
2016/10/03,0,96000,-67000,29000
2016/10/04,0,158000,-62000,96000
2016/10/05,0,75000,-154000,-79000
2016/10/06,0,48000,-106000,-58000
2016/10/07,0,16000,-20000,-4000
2016/10/10,0,0,0,0
2016/10/11,0,43000,-163000,-120000
2016/10/12,0,131000,-47000,84000
2016/10/13,0,20000,-64000,-44000
2016/10/14,0,73000,-32000,41000
2016/10/17,0,174000,-42000,132000
2016/10/18,0,119998,-187000,-67002
2016/10/19,0,70000,-94000,-24000
2016/10/20,0,58000,-41000,17000
2016/10/21,0,54000,-242000,-188000
2016/10/24,0,2000,-38000,-36000
2016/10/25,0,16000,-24000,-8000
2016/10/26,0,51000,-11000,40000
2016/10/27,0,139000,-49000,90000
2016/10/28,0,159000,-34000,125000
2016/10/31,0,143000,-299000,-156000
2016/11/01,0,22000,-87000,-65000
2016/11/02,0,64000,-7000,57000
2016/11/03,0,61000,-82000,-21000
2016/11/04,0,10000,-34000,-24000
2016/11/07,0,129000,-5000,124000
2016/11/08,0,13000,-25000,-12000
2016/11/09,0,109000,-240000,-131000
2016/11/10,0,427000,-85000,342000
2016/11/11,0,197000,-176000,21000
2016/11/14,0,196000,-85000,111000
2016/11/15,0,82000,-59000,23000
2016/11/16,0,160000,-259000,-99000
2016/11/17,0,348000,-324000,24000
2016/11/18,0,133000,-10000,123000
2016/11/21,0,108000,-11000,97000
2016/11/22,0,383000,-6000,377000
2016/11/23,0,251000,-43000,208000
2016/11/24,0,16000,-4000,12000
2016/11/25,0,108000,-2000,106000
2016/11/28,0,34000,-161094,-127094
2016/11/29,0,163000,-8000,155000
2016/11/30,0,64000,-15000,49000
2016/12/01,0,47000,-77000,-30000
2016/12/02,0,78000,-462000,-384000
2016/12/05,0,38000,-67000,-29000
2016/12/06,0,171000,-6000,165000
2016/12/07,0,227000,-14000,213000
2016/12/08,0,442000,-128000,314000
2016/12/09,0,136000,-181000,-45000
2016/12/12,0,232000,-72000,160000
2016/12/13,0,36000,-30000,6000
2016/12/14,0,161000,-140000,21000
2016/12/15,0,230000,-89000,141000
2016/12/16,0,249000,-237000,12000
2016/12/19,0,88000,-129000,-41000
2016/12/20,0,335000,-49000,286000
2016/12/21,0,83000,-18000,65000
2016/12/22,0,205000,-7000,198000
2016/12/23,0,203000,-134000,69000
2016/12/26,0,135000,-183000,-48000
2016/12/27,0,34000,-154000,-120000
2016/12/28,0,145000,-133000,12000
2016/12/29,0,240000,-23000,217000
2016/12/30,0,35000,-191000,-156000
2017/01/02,0,0,0,0
2017/01/03,0,248000,-17000,231000
2017/01/04,0,124000,-108000,16000
2017/01/05,0,218000,-28000,190000
2017/01/06,0,135000,-175000,-40000
2017/01/09,0,128000,-58000,70000
2017/01/10,0,20000,-143000,-123000
2017/01/11,0,34000,-79000,-45000
2017/01/12,0,116000,-383000,-267000
2017/01/13,0,28000,-156000,-128000
2017/01/16,0,28000,-287000,-259000
2017/01/17,0,65000,-189000,-124000
2017/01/18,0,85000,-167000,-82000
2017/01/19,0,8000,-185000,-177000
2017/01/20,0,64000,-21000,43000
2017/01/23,0,206000,-30000,176000
2017/01/24,0,161000,-23000,138000
2017/01/25,0,0,0,0
2017/01/26,0,0,0,0
2017/01/27,0,0,0,0
2017/01/30,0,0,0,0
2017/01/31,0,0,0,0
2017/02/01,0,0,0,0
2017/02/02,0,105000,-37000,68000
2017/02/03,0,51000,-20000,31000
2017/02/06,0,133000,-49000,84000
2017/02/07,0,78000,-57000,21000
2017/02/08,0,82000,-125000,-43000
2017/02/09,0,18000,-101000,-83000
2017/02/10,0,217000,-221000,-4000
2017/02/13,0,177000,-38000,139000
2017/02/14,0,144000,-81000,63000
2017/02/15,0,172000,-139000,33000
2017/02/16,0,90000,-183000,-93000
2017/02/17,0,227000,-32000,195000
2017/02/20,0,88000,-122000,-34000
2017/02/21,0,45000,-232000,-187000
2017/02/22,0,136000,-45000,91000
2017/02/23,0,17000,-347000,-330000
2017/02/24,0,43000,-85000,-42000
2017/02/27,0,0,0,0
2017/02/28,0,0,0,0
2017/03/01,0,553000,-142000,411000
2017/03/02,0,737000,-242000,495000
2017/03/03,0,134000,-310000,-176000
2017/03/06,0,251000,-93000,158000
2017/03/07,0,13000,-148000,-135000
2017/03/08,0,133000,-28000,105000
2017/03/09,0,83000,-122000,-39000
2017/03/10,0,296000,-17000,279000
2017/03/13,0,317000,-30000,287000
2017/03/14,0,214000,-276000,-62000
2017/03/15,0,18000,-509000,-491000
2017/03/16,0,208000,-193000,15000
2017/03/17,0,670000,-105000,565000
2017/03/20,0,393000,-132000,261000
2017/03/21,0,259000,-283000,-24000
2017/03/22,0,235000,-176000,59000
2017/03/23,0,55000,-405000,-350000
2017/03/24,0,108000,-144000,-36000
2017/03/27,0,115000,-576000,-461000
2017/03/28,0,276000,-840000,-564000
2017/03/29,0,227000,-78000,149000
2017/03/30,0,141000,-160000,-19000
2017/03/31,0,1000,-87000,-86000
2017/04/03,0,0,0,0
2017/04/04,0,0,0,0
2017/04/05,0,372000,-48000,324000
2017/04/06,0,137000,-177000,-40000
2017/04/07,0,104000,-256000,-152000
2017/04/10,0,19000,-31000,-12000
2017/04/11,0,164000,-15000,149000
2017/04/12,0,130000,-70000,60000
2017/04/13,0,101000,-69000,32000
2017/04/14,0,38000,-19000,19000
2017/04/17,0,127000,-24000,103000
2017/04/18,0,76000,-97000,-21000
2017/04/19,0,64000,-299000,-235000
2017/04/20,0,23000,-100000,-77000
2017/04/21,0,45000,-8000,37000
2017/04/24,0,50000,-37000,13000
2017/04/25,0,74000,-38000,36000
2017/04/26,0,11000,-120000,-109000
2017/04/27,0,17000,-15000,2000
2017/04/28,0,12000,-30000,-18000
2017/05/01,0,0,0,0
2017/05/02,0,156000,-9000,147000
2017/05/03,0,13000,-115000,-102000
2017/05/04,0,163000,-27000,136000
2017/05/05,0,107000,-42000,65000
2017/05/08,0,98000,-59000,39000
2017/05/09,0,65000,-40064,24936
2017/05/10,0,106000,-10000,96000
2017/05/11,0,205000,-77000,128000
2017/05/12,0,500000,-108000,392000
2017/05/15,0,62000,-182000,-120000
2017/05/16,0,61000,-130000,-69000
2017/05/17,0,143000,-100000,43000
2017/05/18,0,93000,-72000,21000
2017/05/19,0,45000,-17000,28000
2017/05/22,0,98000,-3000,95000
2017/05/23,0,57000,-54000,3000
2017/05/24,0,47000,-88000,-41000
2017/05/25,0,2608000,-353000,2255000
2017/05/26,0,552000,-1264000,-712000
2017/05/29,0,0,0,0
2017/05/30,0,0,0,0
2017/05/31,0,168000,-396000,-228000
2017/06/01,0,47000,-95000,-48000
2017/06/02,0,228000,-57000,171000
2017/06/05,0,176000,-44000,132000
2017/06/06,0,72000,-75392,-3392
2017/06/07,0,123000,-179000,-56000
2017/06/08,0,369000,-46000,323000
2017/06/09,0,201000,-450000,-249000
2017/06/12,0,126000,-41000,85000
2017/06/13,0,32000,-26000,6000
2017/06/14,0,42000,-570000,-528000
2017/06/15,0,101000,-27000,74000
2017/06/16,0,57000,-110000,-53000
2017/06/19,0,167000,-63000,104000
2017/06/20,0,115000,-33000,82000
2017/06/21,0,423000,-152000,271000
2017/06/22,0,713000,-167000,546000
2017/06/23,0,100000,-520000,-420000
2017/06/26,0,504000,-77000,427000
2017/06/27,0,252000,-183000,69000
2017/06/28,0,363000,-151000,212000
2017/06/29,0,191000,-207000,-16000
2017/06/30,0,41000,-68000,-27000
2017/07/03,0,74000,-47000,27000
2017/07/04,0,37000,-121000,-84000
2017/07/05,0,590000,-10000,580000
2017/07/06,0,74000,-36000,38000
2017/07/07,0,12000,-32000,-20000
2017/07/10,0,56000,-3000,53000
2017/07/11,0,283000,-14000,269000
2017/07/12,0,35000,-207000,-172000
2017/07/13,0,137000,-97000,40000
2017/07/14,0,86000,-67000,19000
2017/07/17,0,133000,-73000,60000
2017/07/18,0,41000,-140000,-99000
2017/07/19,0,226000,-419000,-193000
2017/07/20,0,9000,-338000,-329000
2017/07/21,0,154000,-16000,138000
2017/07/24,0,325000,-220000,105000
2017/07/25,0,245000,-166000,79000
2017/07/26,0,79000,-896000,-817000
2017/07/27,0,0,0,0
2017/07/28,0,399000,-585000,-186000
2017/07/31,0,294000,-324000,-30000
2017/08/01,0,660000,-311000,349000
2017/08/02,0,1471000,-310000,1161000
2017/08/03,0,72000,-1419000,-1347000
2017/08/04,0,10000,-492000,-482000
2017/08/07,0,35000,-163000,-128000
2017/08/08,0,67000,-117000,-50000
2017/08/09,0,345000,-415000,-70000
2017/08/10,0,43000,-638000,-595000
2017/08/11,0,108000,-126000,-18000
2017/08/14,0,19000,-267000,-248000
2017/08/15,0,152000,-281000,-129000
2017/08/16,0,9000,-469000,-460000
2017/08/17,0,181000,-23000,158000
2017/08/18,0,216000,-184000,32000
