Date,Open,Buy,Sell,Total
2007/01/02,0,4089000,-372000,3717000
2007/01/03,0,3881365,-1331000,2550365
2007/01/04,0,7120000,-1128000,5992000
2007/01/05,0,5742000,-8637000,-2895000
2007/01/08,0,2126000,-4470000,-2344000
2007/01/09,0,1449000,-3289000,-1840000
2007/01/10,0,489000,-2586000,-2097000
2007/01/11,0,3184000,-763000,2421000
2007/01/12,0,3833000,-730000,3103000
2007/01/15,0,1620000,-9712000,-8092000
2007/01/16,0,5517000,-10953000,-5436000
2007/01/17,0,5176000,-6903000,-1727000
2007/01/18,0,5156000,-8478082,-3322082
2007/01/19,0,4617000,-5652000,-1035000
2007/01/22,0,4100000,-3740000,360000
2007/01/23,0,8051000,-1395000,6656000
2007/01/24,0,6467000,-791000,5676000
2007/01/25,0,1012000,-853000,159000
2007/01/26,0,203000,-5242909,-5039909
2007/01/29,0,50000,-1995000,-1945000
2007/01/30,0,711000,-1690025,-979025
2007/01/31,0,1190000,-2032000,-842000
2007/02/01,0,1769000,-3516000,-1747000
2007/02/02,0,2395000,-5297000,-2902000
2007/02/05,0,2686000,-4799360,-2113360
2007/02/06,0,1665000,-2563000,-898000
2007/02/07,0,10363000,-1601885,8761115
2007/02/08,0,6944000,-4791000,2153000
2007/02/09,0,18064000,-12145000,5919000
2007/02/12,0,11061000,-7434000,3627000
2007/02/13,0,10860000,-5847760,5012240
2007/02/14,0,10910000,-6196141,4713859
2007/02/15,0,0,0,0
2007/02/16,0,0,0,0
2007/02/19,0,0,0,0
2007/02/20,0,0,0,0
2007/02/21,0,0,0,0
2007/02/22,0,0,0,0
2007/02/23,0,0,0,0
2007/02/26,0,20960000,-15228000,5732000
2007/02/27,0,11224000,-3698444,7525556
2007/02/28,0,0,0,0
2007/03/01,0,18803000,-10716378,8086622
2007/03/02,0,2014000,-4741189,-2727189
2007/03/05,0,1565000,-8977000,-7412000
2007/03/06,0,2832000,-7035900,-4203900
2007/03/07,0,5954000,-5744349,209651
2007/03/08,0,6951000,-3321400,3629600
2007/03/09,0,621000,-1488000,-867000
2007/03/12,0,1363000,-3600000,-2237000
2007/03/13,0,1268000,-4300000,-3032000
2007/03/14,0,961000,-3215000,-2254000
2007/03/15,0,691000,-925000,-234000
2007/03/16,0,2753000,-1190000,1563000
2007/03/19,0,5754000,-494000,5260000
2007/03/20,0,7392000,-1333000,6059000
2007/03/21,0,3124000,-1270000,1854000
2007/03/22,0,9908000,-327000,9581000
2007/03/23,0,10511000,-534000,9977000
2007/03/26,0,2190000,-415000,1775000
2007/03/27,0,3121000,-978000,2143000
2007/03/28,0,1609000,-1337000,272000
2007/03/29,0,3459000,-1510731,1948269
2007/03/30,0,7504000,-395000,7109000
2007/04/02,0,1259000,-262000,997000
2007/04/03,0,1649000,-1391000,258000
2007/04/04,0,1822000,-1831000,-9000
2007/04/05,0,0,0,0
2007/04/06,0,0,0,0
2007/04/09,0,3044000,-682000,2362000
2007/04/10,0,1648000,-623000,1025000
2007/04/11,0,4184000,-7429000,-3245000
2007/04/12,0,7129000,-7067000,62000
2007/04/13,0,1195000,-1358000,-163000
2007/04/16,0,6051000,-2466000,3585000
2007/04/17,0,24797907,-13257000,11540907
2007/04/18,0,10876000,-3884000,6992000
2007/04/19,0,6373000,-3919000,2454000
2007/04/20,0,5971000,-1097000,4874000
2007/04/23,0,11836000,-186000,11650000
2007/04/24,0,8234000,-1691000,6543000
2007/04/25,0,3086000,-1484000,1602000
2007/04/26,0,6259000,-2037000,4222000
2007/04/27,0,1404000,-4112000,-2708000
2007/04/30,0,12910000,-5763333,7146667
2007/05/01,0,0,0,0
2007/05/02,0,7652000,-7696000,-44000
2007/05/03,0,4646000,-5649000,-1003000
2007/05/04,0,1756000,-16377000,-14621000
2007/05/07,0,2961000,-4627000,-1666000
2007/05/08,0,3418000,-1621800,1796200
2007/05/09,0,2261000,-604000,1657000
2007/05/10,0,2500000,-4338000,-1838000
2007/05/11,0,782000,-5932000,-5150000
2007/05/14,0,4716000,-956000,3760000
2007/05/15,0,3936000,-5144000,-1208000
2007/05/16,0,6411000,-4026000,2385000
2007/05/17,0,11306000,-5448000,5858000
2007/05/18,0,1135000,-1625000,-490000
2007/05/21,0,2504000,-1403000,1101000
2007/05/22,0,8930000,-5031000,3899000
2007/05/23,0,11265000,-4189000,7076000
2007/05/24,0,10422000,-9591000,831000
2007/05/25,0,8597000,-5877000,2720000
2007/05/28,0,5432000,-2506000,2926000
2007/05/29,0,6993000,-4892000,2101000
2007/05/30,0,4844000,-5739000,-895000
2007/05/31,0,5232000,-6488334,-1256334
2007/06/01,0,7294000,-8926000,-1632000
2007/06/04,0,6281000,-11584000,-5303000
2007/06/05,0,10067000,-15566000,-5499000
2007/06/06,0,11492700,-13309000,-1816300
2007/06/07,0,4933000,-2446000,2487000
2007/06/08,0,2279000,-2955000,-676000
2007/06/11,0,3310000,-5761000,-2451000
2007/06/12,0,5447000,-7544000,-2097000
2007/06/13,0,5570000,-3914000,1656000
2007/06/14,0,7386000,-675000,6711000
2007/06/15,0,4469000,-634000,3835000
2007/06/18,0,0,0,0
2007/06/19,0,0,0,0
2007/06/20,0,15896000,-6903000,8993000
2007/06/21,0,5207000,-1343000,3864000
2007/06/22,0,5214000,-2101000,3113000
2007/06/25,0,7192000,-2787000,4405000
2007/06/26,0,7753000,-1528000,6225000
2007/06/27,0,1485000,-1928000,-443000
2007/06/28,0,6290405,-2619000,3671405
2007/06/29,0,6538000,-7273000,-735000
2007/07/02,0,7975726,-2729726,5246000
2007/07/03,0,11227000,-1350000,9877000
2007/07/04,0,6694000,-1734600,4959400
2007/07/05,0,4169000,-605000,3564000
2007/07/06,0,905000,-1128000,-223000
2007/07/09,0,3355000,-2294000,1061000
2007/07/10,0,4763000,-7058000,-2295000
2007/07/11,0,6093400,-4750300,1343100
2007/07/12,0,4052600,-7427000,-3374400
2007/07/13,0,7617000,-3319000,4298000
2007/07/16,0,9866000,-7378000,2488000
2007/07/17,0,8177900,-1561000,6616900
2007/07/18,0,11285000,-18514796,-7229796
2007/07/19,0,16095000,-6427200,9667800
2007/07/20,0,6037100,-6092000,-54900
2007/07/23,0,3327000,-4336000,-1009000
2007/07/24,0,3166000,-2287600,878400
2007/07/25,0,1756000,-1759300,-3300
2007/07/26,0,4395000,-2345000,2050000
2007/07/27,0,4012000,-11560410,-7548410
2007/07/30,0,6451000,-10725000,-4274000
2007/07/31,0,1527000,-6777000,-5250000
2007/08/01,0,2290000,-12483000,-10193000
2007/08/02,0,5152000,-2397400,2754600
2007/08/03,0,5122000,-3921000,1201000
2007/08/06,0,605000,-4773000,-4168000
2007/08/07,0,1568000,-1511000,57000
2007/08/08,0,5322000,-3669300,1652700
2007/08/09,0,2291000,-3909000,-1618000
2007/08/10,0,1245000,-8414000,-7169000
2007/08/13,0,5256000,-2802000,2454000
2007/08/14,0,1838000,-2072000,-234000
2007/08/15,0,5883000,-8555000,-2672000
2007/08/16,0,5863000,-12278000,-6415000
2007/08/17,0,3121000,-5325000,-2204000
2007/08/20,0,1334000,-575000,759000
2007/08/21,0,8616000,-7870000,746000
2007/08/22,0,8142000,-5509349,2632651
2007/08/23,0,2828000,-9681000,-6853000
2007/08/24,0,8511000,-1307000,7204000
2007/08/27,0,664000,-935000,-271000
2007/08/28,0,2023080,-101920,1921160
2007/08/29,0,2705600,-2133000,572600
2007/08/30,0,3992000,-2236060,1755940
2007/08/31,0,29712300,-5751000,23961300
2007/09/03,0,5006000,-4672000,334000
2007/09/04,0,2996000,-1535000,1461000
2007/09/05,0,3103000,-1103000,2000000
2007/09/06,0,9131000,-736000,8395000
2007/09/07,0,1246000,-1825000,-579000
2007/09/10,0,699000,-13445000,-12746000
2007/09/11,0,4928000,-4541760,386240
2007/09/12,0,8387000,-3754000,4633000
2007/09/13,0,627000,-3218000,-2591000
2007/09/14,0,14077000,-2694000,11383000
2007/09/17,0,9424320,-2344000,7080320
2007/09/18,0,0,0,0
2007/09/19,0,13712000,-8968000,4744000
2007/09/20,0,14354000,-7661000,6693000
2007/09/21,0,6624000,-5476000,1148000
2007/09/24,0,0,0,0
2007/09/25,0,0,0,0
2007/09/26,0,22829000,-17730000,5099000
2007/09/27,0,9888000,-4865042,5022958
2007/09/28,0,8118000,-2465000,5653000
2007/10/01,0,6854000,-2072000,4782000
2007/10/02,0,9939000,-3810071,6128929
2007/10/03,0,10773237,-12730000,-1956763
2007/10/04,0,8910000,-7934000,976000
2007/10/05,0,11614000,-10602900,1011100
2007/10/08,0,13788000,-2756000,11032000
2007/10/09,0,7338000,-6812760,525240
2007/10/10,0,0,0,0
2007/10/11,0,12068000,-10432040,1635960
2007/10/12,0,4473000,-9401820,-4928820
2007/10/15,0,7623000,-6182240,1440760
2007/10/16,0,16354000,-5377380,10976620
2007/10/17,0,6885320,-2940560,3944760
2007/10/18,0,15481000,-3993640,11487360
2007/10/19,0,5213000,-4355000,858000
2007/10/22,0,2156000,-13970760,-11814760
2007/10/23,0,3780000,-10708000,-6928000
2007/10/24,0,8724000,-5402124,3321876
2007/10/25,0,8507687,-6644000,1863687
2007/10/26,0,2554200,-4474900,-1920700
2007/10/29,0,5356300,-3846000,1510300
2007/10/30,0,9027000,-8570140,456860
2007/10/31,0,16161000,-27580340,-11419340
2007/11/01,0,10953000,-13266700,-2313700
2007/11/02,0,9518000,-12603000,-3085000
2007/11/05,0,10471840,-9876860,594980
2007/11/06,0,13188000,-10930000,2258000
2007/11/07,0,14619000,-13659572,959428
2007/11/08,0,7157000,-5985100,1171900
2007/11/09,0,2939000,-2431000,508000
2007/11/12,0,884000,-8057070,-7173070
2007/11/13,0,7620000,-10986520,-3366520
2007/11/14,0,3025000,-1193480,1831520
2007/11/15,0,17844000,-8086440,9757560
2007/11/16,0,5677000,-8973700,-3296700
2007/11/19,0,4352000,-4315000,37000
2007/11/20,0,3763000,-7140000,-3377000
2007/11/21,0,3459000,-11273280,-7814280
2007/11/22,0,10259000,-16237180,-5978180
2007/11/23,0,9151000,-18989120,-9838120
2007/11/26,0,11073000,-17236780,-6163780
2007/11/27,0,13976000,-31547000,-17571000
2007/11/28,0,16739000,-13376180,3362820
2007/11/29,0,18760000,-7735105,11024895
2007/11/30,0,8579825,-5917020,2662805
2007/12/03,0,1969030,-6071000,-4101970
2007/12/04,0,1413100,-9318080,-7904980
2007/12/05,0,4133000,-11576480,-7443480
2007/12/06,0,8001120,-14413352,-6412232
2007/12/07,0,11272604,-20703701,-9431097
2007/12/10,0,4505000,-17263280,-12758280
2007/12/11,0,4950000,-12388600,-7438600
2007/12/12,0,8564000,-14909050,-6345050
2007/12/13,0,11933000,-18748220,-6815220
2007/12/14,0,24793000,-22666060,2126940
2007/12/17,0,4893000,-19257000,-14364000
2007/12/18,0,18148000,-15196240,2951760
2007/12/19,0,9319000,-3978020,5340980
2007/12/20,0,4709000,-8692000,-3983000
2007/12/21,0,6137000,-9388980,-3251980
2007/12/24,0,956000,-733900,222100
2007/12/25,0,5070000,-700000,4370000
2007/12/26,0,1153000,-7115000,-5962000
2007/12/27,0,5338000,-5652980,-314980
2007/12/28,0,8194050,-2671478,5522572
2007/12/31,0,1607000,-3526000,-1919000
2008/01/01,0,0,0,0
2008/01/02,0,3316509,-4767343,-1450834
2008/01/03,0,4590700,-5783700,-1193000
2008/01/04,0,5333000,-9733458,-4400458
2008/01/07,0,8223000,-11279353,-3056353
2008/01/08,0,11329309,-9874000,1455309
2008/01/09,0,4673000,-3186480,1486520
2008/01/10,0,3133308,-19999582,-16866274
2008/01/11,0,7607242,-8343000,-735758
2008/01/14,0,23726000,-1257040,22468960
2008/01/15,0,22029000,-8871660,13157340
2008/01/16,0,11366188,-10247440,1118748
2008/01/17,0,3844000,-28106151,-24262151
2008/01/18,0,5286011,-24684040,-19398029
2008/01/21,0,6098000,-9605764,-3507764
2008/01/22,0,2169000,-4083000,-1914000
2008/01/23,0,17243300,-8536000,8707300
2008/01/24,0,3422000,-4692816,-1270816
2008/01/25,0,4152000,-3108000,1044000
2008/01/28,0,1816000,-2332000,-516000
2008/01/29,0,3402000,-1321718,2080282
2008/01/30,0,6990489,-7754845,-764356
2008/01/31,0,7738000,-9659874,-1921874
2008/02/01,0,5638000,-3405039,2232961
2008/02/04,0,0,0,0
2008/02/05,0,0,0,0
2008/02/06,0,0,0,0
2008/02/07,0,0,0,0
2008/02/08,0,0,0,0
2008/02/11,0,0,0,0
2008/02/12,0,10049000,-6746920,3302080
2008/02/13,0,8146000,-2847095,5298905
2008/02/14,0,7904000,-1892000,6012000
2008/02/15,0,2123000,-3630000,-1507000
2008/02/18,0,2073000,-6217500,-4144500
2008/02/19,0,2981000,-4209000,-1228000
2008/02/20,0,4450000,-4471000,-21000
2008/02/21,0,2178000,-3795121,-1617121
2008/02/22,0,1492000,-2025000,-533000
2008/02/25,0,4560000,-2513903,2046097
2008/02/26,0,11034000,-1529000,9505000
2008/02/27,0,10369000,-11715100,-1346100
2008/02/28,0,0,0,0
2008/02/29,0,7822053,-9619000,-1796947
2008/03/03,0,2739000,-9784000,-7045000
2008/03/04,0,19830120,-20500000,-669880
2008/03/05,0,14324120,-405000,13919120
2008/03/06,0,9178000,-15880067,-6702067
2008/03/07,0,3968000,-17025000,-13057000
2008/03/10,0,2129000,-13469067,-11340067
2008/03/11,0,4152000,-15225680,-11073680
2008/03/12,0,4398667,-1446993,2951674
2008/03/13,0,1931000,-5724000,-3793000
2008/03/14,0,2451000,-8326000,-5875000
2008/03/17,0,8621000,-21561332,-12940332
2008/03/18,0,7331000,-21542000,-14211000
2008/03/19,0,2456000,-9632000,-7176000
2008/03/20,0,3675000,-5917717,-2242717
2008/03/21,0,5359000,-6286000,-927000
2008/03/24,0,15427000,-7260000,8167000
2008/03/25,0,5401000,-1705265,3695735
2008/03/26,0,6117000,-2899958,3217042
2008/03/27,0,3890566,-2669000,1221566
2008/03/28,0,16544566,-7208468,9336098
2008/03/31,0,6253895,-12809041,-6555146
2008/04/01,0,1378547,-1758000,-379453
2008/04/02,0,4111000,-1287000,2824000
2008/04/03,0,2347000,-9110640,-6763640
2008/04/04,0,0,0,0
2008/04/07,0,3409100,-104100,3305000
2008/04/08,0,2031000,-3894000,-1863000
2008/04/09,0,3848000,-2166000,1682000
2008/04/10,0,2097000,-3463982,-1366982
2008/04/11,0,1478000,-1071152,406848
2008/04/14,0,1514000,-1582000,-68000
2008/04/15,0,946000,-1147000,-201000
2008/04/16,0,4500000,-1481289,3018711
2008/04/17,0,2750000,-5556500,-2806500
2008/04/18,0,2631000,-5215000,-2584000
2008/04/21,0,3549100,-5182702,-1633602
2008/04/22,0,3724000,-5236993,-1512993
2008/04/23,0,6008500,-5614020,394480
2008/04/24,0,2962001,-3300000,-337999
2008/04/25,0,4205000,-3481000,724000
2008/04/28,0,5777361,-6646990,-869629
2008/04/29,0,4413943,-7265000,-2851057
2008/04/30,0,7127000,-11826697,-4699697
2008/05/01,0,0,0,0
2008/05/02,0,6942859,-4191000,2751859
2008/05/05,0,5266000,-7501000,-2235000
2008/05/06,0,6876000,-4608000,2268000
2008/05/07,0,2566000,-5932000,-3366000
2008/05/08,0,6821000,-9533838,-2712838
2008/05/09,0,4759000,-2818000,1941000
2008/05/12,0,1434000,-549100,884900
2008/05/13,0,3559000,-271000,3288000
2008/05/14,0,2086000,-1633013,452987
2008/05/15,0,5323954,-698000,4625954
2008/05/16,0,4731000,-9931000,-5200000
2008/05/19,0,1665000,-11382045,-9717045
2008/05/20,0,1679000,-8212000,-6533000
2008/05/21,0,5996645,-10396140,-4399495
2008/05/22,0,1454000,-5566000,-4112000
2008/05/23,0,2938000,-4204360,-1266360
2008/05/26,0,3395000,-2599300,795700
2008/05/27,0,1951000,-2894962,-943962
2008/05/28,0,2196000,-4176114,-1980114
2008/05/29,0,13494000,-2654939,10839061
2008/05/30,0,9304104,-5007000,4297104
2008/06/02,0,6454776,-1269000,5185776
2008/06/03,0,3579362,-2438000,1141362
2008/06/04,0,696000,-880000,-184000
2008/06/05,0,3972000,-6651000,-2679000
2008/06/06,0,1378000,-1316000,62000
2008/06/09,0,3076000,-5433000,-2357000
2008/06/10,0,6881200,-6454799,426401
2008/06/11,0,5411000,-3303067,2107933
2008/06/12,0,8837000,-4082000,4755000
2008/06/13,0,13722000,-6997000,6725000
2008/06/16,0,9596000,-5441000,4155000
2008/06/17,0,3510000,-3701000,-191000
2008/06/18,0,3247000,-4640460,-1393460
2008/06/19,0,3142000,-5336000,-2194000
2008/06/20,0,9305101,-2780000,6525101
2008/06/23,0,4157000,-1677634,2479366
2008/06/24,0,2767000,-1495000,1272000
2008/06/25,0,6769000,-5144160,1624840
2008/06/26,0,5652000,-2480000,3172000
2008/06/27,0,8301000,-3723000,4578000
2008/06/30,0,4305000,-1527700,2777300
2008/07/01,0,3971000,-628000,3343000
2008/07/02,0,3509000,-2286000,1223000
2008/07/03,0,3288000,-3253000,35000
2008/07/04,0,2689000,-2574000,115000
2008/07/07,0,2357000,-1438000,919000
2008/07/08,0,6062000,-5657000,405000
2008/07/09,0,15500000,-18078800,-2578800
2008/07/10,0,8211000,-5646120,2564880
2008/07/11,0,12182000,-3332000,8850000
2008/07/14,0,6951000,-8249000,-1298000
2008/07/15,0,3717000,-6355000,-2638000
2008/07/16,0,6554000,-3401000,3153000
2008/07/17,0,4646000,-3268180,1377820
2008/07/18,0,5993000,-1718000,4275000
2008/07/21,0,5251000,-893000,4358000
2008/07/22,0,2275000,-1904100,370900
2008/07/23,0,7227000,-1286000,5941000
2008/07/24,0,3141000,-1259000,1882000
2008/07/25,0,2872000,-1494000,1378000
2008/07/28,0,0,0,0
2008/07/29,0,3127000,-3516000,-389000
2008/07/30,0,2412000,-826000,1586000
2008/07/31,0,4779000,-1164000,3615000
2008/08/01,0,3105000,-684100,2420900
2008/08/04,0,3804000,-1225000,2579000
2008/08/05,0,6744000,-6241000,503000
2008/08/06,0,9268000,-2205000,7063000
2008/08/07,0,3091000,-739000,2352000
2008/08/08,0,7722212,-6913000,809212
2008/08/11,0,5273000,-1019000,4254000
2008/08/12,0,3685000,-923000,2762000
2008/08/13,0,5841000,-2330000,3511000
2008/08/14,0,2363000,-4377000,-2014000
2008/08/15,0,2522000,-7927785,-5405785
2008/08/18,0,3415000,-4851000,-1436000
2008/08/19,0,5727000,-2228000,3499000
2008/08/20,0,554943,-1798000,-1243057
2008/08/21,0,579000,-3843000,-3264000
2008/08/22,0,3571000,-6657000,-3086000
2008/08/25,0,8452000,-1009080,7442920
2008/08/26,0,1336000,-1330740,5260
2008/08/27,0,4009000,-1003000,3006000
2008/08/28,0,5225000,-3954000,1271000
2008/08/29,0,1259000,-1607449,-348449
2008/09/01,0,3281000,-4481000,-1200000
2008/09/02,0,3485000,-2051000,1434000
2008/09/03,0,3665000,-7357566,-3692566
2008/09/04,0,7882000,-7045000,837000
2008/09/05,0,6967000,-3696000,3271000
2008/09/08,0,5738000,-1606000,4132000
2008/09/09,0,16177510,-12598000,3579510
2008/09/10,0,4217000,-8337000,-4120000
2008/09/11,0,464000,-3547000,-3083000
2008/09/12,0,2244000,-1008000,1236000
2008/09/15,0,3612000,-3644000,-32000
2008/09/16,0,3590041,-820000,2770041
2008/09/17,0,5515000,-2372000,3143000
2008/09/18,0,4273000,-3088000,1185000
2008/09/19,0,2764000,-2024360,739640
2008/09/22,0,2337000,-2219000,118000
2008/09/23,0,3522498,-2171800,1350698
2008/09/24,0,2736626,-2832326,-95700
2008/09/25,0,8188105,-3236360,4951745
2008/09/26,0,2426000,-3378000,-952000
2008/09/29,0,0,0,0
2008/09/30,0,3090000,-2947000,143000
2008/10/01,0,2178620,-2158000,20620
2008/10/02,0,2006000,-2116000,-110000
2008/10/03,0,5753000,-1543000,4210000
2008/10/06,0,3904000,-6518400,-2614400
2008/10/07,0,5877000,-1142200,4734800
2008/10/08,0,3873000,-3023987,849013
2008/10/09,0,7795000,-6450000,1345000
2008/10/10,0,0,0,0
2008/10/13,0,4274000,-4087428,186572
2008/10/14,0,7568000,-3040957,4527043
2008/10/15,0,3166000,-6189650,-3023650
2008/10/16,0,5009000,-5937415,-928415
2008/10/17,0,2566000,-6315777,-3749777
2008/10/20,0,1040000,-3595790,-2555790
2008/10/21,0,1129000,-5794113,-4665113
2008/10/22,0,5284000,-2200537,3083463
2008/10/23,0,668100,-3801269,-3133169
2008/10/24,0,2221000,-2795000,-574000
2008/10/27,0,559000,-3466000,-2907000
2008/10/28,0,670000,-7758390,-7088390
2008/10/29,0,1842000,-4952926,-3110926
2008/10/30,0,3315000,-4539500,-1224500
2008/10/31,0,4961000,-4166500,794500
2008/11/03,0,7700764,-5260014,2440750
2008/11/04,0,11643000,-5546276,6096724
2008/11/05,0,8109000,-3904000,4205000
2008/11/06,0,1583000,-3681000,-2098000
2008/11/07,0,3839000,-3746954,92046
2008/11/10,0,6263000,-1723000,4540000
2008/11/11,0,2179000,-4892053,-2713053
2008/11/12,0,2562000,-2589000,-27000
2008/11/13,0,1354000,-2678000,-1324000
2008/11/14,0,2128000,-1288000,840000
2008/11/17,0,6463000,-4430000,2033000
2008/11/18,0,2971000,-1441000,1530000
2008/11/19,0,3439000,-2963000,476000
2008/11/20,0,1137000,-2326350,-1189350
2008/11/21,0,4599000,-3766039,832961
2008/11/24,0,1815000,-5041000,-3226000
2008/11/25,0,3531000,-3273000,258000
2008/11/26,0,7199000,-3619885,3579115
2008/11/27,0,4965000,-4620000,345000
2008/11/28,0,3215000,-2294764,920236
2008/12/01,0,8892850,-1679850,7213000
2008/12/02,0,8839000,-6650000,2189000
2008/12/03,0,2529300,-4725000,-2195700
2008/12/04,0,3016000,-7826000,-4810000
2008/12/05,0,4411000,-16719444,-12308444
2008/12/08,0,7067850,-6645200,422650
2008/12/09,0,4434000,-6612000,-2178000
2008/12/10,0,3604000,-19465000,-15861000
2008/12/11,0,4519000,-28122336,-23603336
2008/12/12,0,3997000,-27764000,-23767000
2008/12/15,0,5439000,-17743318,-12304318
2008/12/16,0,3860000,-6749700,-2889700
2008/12/17,0,8981000,-5655577,3325423
2008/12/18,0,7200430,-3285687,3914743
2008/12/19,0,2902570,-7848000,-4945430
2008/12/22,0,1518000,-4579900,-3061900
2008/12/23,0,1749000,-4703000,-2954000
2008/12/24,0,3550000,-2814000,736000
2008/12/25,0,1299000,-633000,666000
2008/12/26,0,207000,-738000,-531000
2008/12/29,0,2940000,-4620000,-1680000
2008/12/30,0,3449000,-4870000,-1421000
2008/12/31,0,880000,-2359000,-1479000
2009/01/01,0,0,0,0
2009/01/02,0,0,0,0
2009/01/05,0,2414000,-5769000,-3355000
2009/01/06,0,3040000,-2379347,660653
2009/01/07,0,1377895,-6163844,-4785949
2009/01/08,0,649250,-6592449,-5943199
2009/01/09,0,405000,-1822300,-1417300
2009/01/12,0,1246000,-4320153,-3074153
2009/01/13,0,1998598,-3372050,-1373452
2009/01/14,0,1057000,-2515000,-1458000
2009/01/15,0,4659000,-6732000,-2073000
2009/01/16,0,3926000,-3183585,742415
2009/01/19,0,890000,-1393170,-503170
2009/01/20,0,2806000,-8832000,-6026000
2009/01/21,0,3474000,-5697349,-2223349
2009/01/22,0,0,0,0
2009/01/23,0,0,0,0
2009/01/26,0,0,0,0
2009/01/27,0,0,0,0
2009/01/28,0,0,0,0
2009/01/29,0,0,0,0
2009/01/30,0,0,0,0
2009/02/02,0,13685163,-17531421,-3846258
2009/02/03,0,2796000,-3821730,-1025730
2009/02/04,0,10276180,-7599008,2677172
2009/02/05,0,1393000,-1927000,-534000
2009/02/06,0,2147000,-440000,1707000
2009/02/09,0,927000,-1868000,-941000
2009/02/10,0,1615000,-5044002,-3429002
2009/02/11,0,1565000,-4719000,-3154000
2009/02/12,0,1111000,-12368222,-11257222
2009/02/13,0,3383000,-627715,2755285
2009/02/16,0,2018000,-1488000,530000
2009/02/17,0,9478000,-5512414,3965586
2009/02/18,0,13644000,-1360750,12283250
2009/02/19,0,5383000,-3406925,1976075
2009/02/20,0,3627193,-4314585,-687392
2009/02/23,0,1806000,-381500,1424500
2009/02/24,0,2800000,-2467930,332070
2009/02/25,0,2422000,-10003980,-7581980
2009/02/26,0,3215000,-4276944,-1061944
2009/02/27,0,2703628,-4225286,-1521658
2009/03/02,0,371000,-9197843,-8826843
2009/03/03,0,1519000,-6643000,-5124000
2009/03/04,0,1704655,-9648057,-7943402
2009/03/05,0,2985000,-964852,2020148
2009/03/06,0,3412000,-968000,2444000
2009/03/09,0,4675000,-2883939,1791061
2009/03/10,0,5122000,-2719000,2403000
2009/03/11,0,1729496,-489000,1240496
2009/03/12,0,4647000,-3058263,1588737
2009/03/13,0,7011000,-488000,6523000
2009/03/16,0,2568000,-2358000,210000
2009/03/17,0,5516000,-1499500,4016500
2009/03/18,0,4301000,-6635265,-2334265
2009/03/19,0,6355000,-1922000,4433000
2009/03/20,0,8535000,-1844937,6690063
2009/03/23,0,6501000,-880050,5620950
2009/03/24,0,4646000,-4155900,490100
2009/03/25,0,6240000,-5801640,438360
2009/03/26,0,8538000,-1125100,7412900
2009/03/27,0,1127000,-3085450,-1958450
2009/03/30,0,2248000,-3933000,-1685000
2009/03/31,0,4705000,-4508598,196402
2009/04/01,0,2090000,-2886000,-796000
2009/04/02,0,11076000,-2403000,8673000
2009/04/03,0,16443000,-5566000,10877000
2009/04/06,0,8835000,-3411000,5424000
2009/04/07,0,2851000,-1451000,1400000
2009/04/08,0,13909000,-6678000,7231000
2009/04/09,0,4549000,-3544943,1004057
2009/04/10,0,3164000,-1859000,1305000
2009/04/13,0,3025200,-1010500,2014700
2009/04/14,0,7899000,-2217000,5682000
2009/04/15,0,5606000,-2662000,2944000
2009/04/16,0,13289000,-3161131,10127869
2009/04/17,0,3300458,-2241514,1058944
2009/04/20,0,7188000,-2732000,4456000
2009/04/21,0,6565000,-3056000,3509000
2009/04/22,0,8564000,-6270243,2293757
2009/04/23,0,7526921,-5654921,1872000
2009/04/24,0,2317000,-5986000,-3669000
2009/04/27,0,2094366,-1509575,584791
2009/04/28,0,6764000,-10809563,-4045563
2009/04/29,0,16104000,-3587550,12516450
2009/04/30,0,10467000,-2655550,7811450
2009/05/01,0,0,0,0
2009/05/04,0,19022182,-2830182,16192000
2009/05/05,0,9593790,-5050000,4543790
2009/05/06,0,17694000,-4240608,13453392
2009/05/07,0,10891000,-11758000,-867000
2009/05/08,0,7747000,-12268740,-4521740
2009/05/11,0,3440000,-11911600,-8471600
2009/05/12,0,4976000,-8208000,-3232000
2009/05/13,0,6827000,-7935700,-1108700
2009/05/14,0,4152000,-6737004,-2585004
2009/05/15,0,3784000,-7584000,-3800000
2009/05/18,0,4068071,-6045817,-1977746
2009/05/19,0,5019000,-812000,4207000
2009/05/20,0,7925000,-627000,7298000
2009/05/21,0,6467000,-9584664,-3117664
2009/05/22,0,1483000,-4797296,-3314296
2009/05/25,0,11118562,-3413000,7705562
2009/05/26,0,3579000,-1968000,1611000
2009/05/27,0,7232000,-2267276,4964724
2009/05/28,0,0,0,0
2009/05/29,0,0,0,0
2009/06/01,0,6152000,-4717800,1434200
2009/06/02,0,3005000,-2236000,769000
2009/06/03,0,7361492,-4804000,2557492
2009/06/04,0,2466000,-2868000,-402000
2009/06/05,0,1052000,-1171640,-119640
2009/06/08,0,1479000,-1882000,-403000
2009/06/09,0,7010000,-1943000,5067000
2009/06/10,0,5754000,-1006913,4747087
2009/06/11,0,3357130,-3478000,-120870
2009/06/12,0,1399000,-4036000,-2637000
2009/06/15,0,958000,-3877000,-2919000
2009/06/16,0,6470000,-2161350,4308650
2009/06/17,0,1157000,-2254000,-1097000
2009/06/18,0,2151000,-2896000,-745000
2009/06/19,0,679495,-4070600,-3391105
2009/06/22,0,1299000,-2296000,-997000
2009/06/23,0,1694000,-4473000,-2779000
2009/06/24,0,6602000,-5867996,734004
2009/06/25,0,1805000,-8472000,-6667000
2009/06/26,0,1262000,-6886000,-5624000
2009/06/29,0,4323000,-9172000,-4849000
2009/06/30,0,3897000,-5353746,-1456746
2009/07/01,0,1817000,-2868000,-1051000
2009/07/02,0,3156000,-5963000,-2807000
2009/07/03,0,1545000,-8334050,-6789050
2009/07/06,0,4375000,-2227000,2148000
2009/07/07,0,2487000,-756470,1730530
2009/07/08,0,7116000,-4492026,2623974
2009/07/09,0,6424000,-1576000,4848000
2009/07/10,0,3006000,-2008000,998000
2009/07/13,0,7163000,-3815000,3348000
2009/07/14,0,1653000,-2613553,-960553
2009/07/15,0,2542000,-4810873,-2268873
2009/07/16,0,4374000,-5876193,-1502193
2009/07/17,0,2607823,-8033600,-5425777
2009/07/20,0,1118000,-2463388,-1345388
2009/07/21,0,1557000,-8430730,-6873730
2009/07/22,0,2760000,-6793386,-4033386
2009/07/23,0,2610000,-4194135,-1584135
2009/07/24,0,4048000,-8361620,-4313620
2009/07/27,0,3166000,-3375656,-209656
2009/07/28,0,3116000,-4948178,-1832178
2009/07/29,0,1635346,-7978000,-6342654
2009/07/30,0,3206000,-4911000,-1705000
2009/07/31,0,3129000,-9270000,-6141000
2009/08/03,0,548000,-6047550,-5499550
2009/08/04,0,4065000,-11862037,-7797037
2009/08/05,0,3977000,-9742000,-5765000
2009/08/06,0,2217000,-13634000,-11417000
2009/08/07,0,0,0,0
2009/08/10,0,3469851,-13990466,-10520615
2009/08/11,0,6679000,-27366750,-20687750
2009/08/12,0,10816000,-5476599,5339401
2009/08/13,0,6847000,-1808850,5038150
2009/08/14,0,9300000,-698000,8602000
2009/08/17,0,6536000,-2252000,4284000
2009/08/18,0,5490000,-2147000,3343000
2009/08/19,0,8907000,-8436477,470523
2009/08/20,0,4493328,-5171182,-677854
2009/08/21,0,15964000,-4811550,11152450
2009/08/24,0,7406000,-4776701,2629299
2009/08/25,0,3170000,-2289629,880371
2009/08/26,0,3838000,-1441000,2397000
2009/08/27,0,2862000,-4263000,-1401000
2009/08/28,0,4802000,-1436074,3365926
2009/08/31,0,9479000,-3448562,6030438
2009/09/01,0,12020132,-1217108,10803024
2009/09/02,0,12667000,-7533000,5134000
2009/09/03,0,8095000,-2254000,5841000
2009/09/04,0,6242000,-4801000,1441000
2009/09/07,0,1946000,-6260688,-4314688
2009/09/08,0,7810000,-495000,7315000
2009/09/09,0,15503000,-3352400,12150600
2009/09/10,0,16879000,-573110,16305890
2009/09/11,0,7182000,-3927684,3254316
2009/09/14,0,1962000,-1790170,171830
2009/09/15,0,4326565,-1391000,2935565
2009/09/16,0,6312000,-862000,5450000
2009/09/17,0,8478000,-4227320,4250680
2009/09/18,0,3108000,-3293000,-185000
2009/09/21,0,310000,-4295986,-3985986
2009/09/22,0,669000,-3893000,-3224000
2009/09/23,0,4430000,-6394812,-1964812
2009/09/24,0,1223000,-2508000,-1285000
2009/09/25,0,2857272,-2623990,233282
2009/09/28,0,2256000,-536000,1720000
2009/09/29,0,6052039,-4551000,1501039
2009/09/30,0,6377000,-5009000,1368000
2009/10/01,0,2009000,-11539601,-9530601
2009/10/02,0,2183000,-8974683,-6791683
2009/10/05,0,2238275,-8789128,-6550853
2009/10/06,0,5214000,-10010358,-4796358
2009/10/07,0,2692672,-5121750,-2429078
2009/10/08,0,4283640,-11812808,-7529168
2009/10/09,0,2560000,-3503000,-943000
2009/10/12,0,1550141,-4258468,-2708327
2009/10/13,0,6965560,-8983559,-2017999
2009/10/14,0,6362215,-4250215,2112000
2009/10/15,0,7080000,-5306922,1773078
2009/10/16,0,4900000,-4896681,3319
2009/10/19,0,2504000,-2995562,-491562
2009/10/20,0,3174470,-3077652,96818
2009/10/21,0,4882000,-8131710,-3249710
2009/10/22,0,8285000,-14236940,-5951940
2009/10/23,0,3162000,-13239376,-10077376
2009/10/26,0,5680000,-10309352,-4629352
2009/10/27,0,5570000,-6578000,-1008000
2009/10/28,0,19726000,-13410000,6316000
2009/10/29,0,5237000,-9331000,-4094000
2009/10/30,0,6923000,-7699648,-776648
2009/11/02,0,4333000,-6838484,-2505484
2009/11/03,0,6389000,-7056381,-667381
2009/11/04,0,16559000,-15186374,1372626
2009/11/05,0,7835000,-7976000,-141000
2009/11/06,0,2728000,-7904448,-5176448
2009/11/09,0,2634000,-3066829,-432829
2009/11/10,0,3726000,-4007523,-281523
2009/11/11,0,4405000,-2533811,1871189
2009/11/12,0,4012000,-220501,3791499
2009/11/13,0,2011000,-3807683,-1796683
2009/11/16,0,4777000,-1968000,2809000
2009/11/17,0,9821000,-3636200,6184800
2009/11/18,0,3978000,-5728577,-1750577
2009/11/19,0,3669764,-4393420,-723656
2009/11/20,0,3212000,-4871712,-1659712
2009/11/23,0,2056000,-242000,1814000
2009/11/24,0,5329000,-459000,4870000
2009/11/25,0,5740000,-3937000,1803000
2009/11/26,0,1583000,-2294912,-711912
2009/11/27,0,3740000,-7978000,-4238000
2009/11/30,0,3955715,-3654850,300865
2009/12/01,0,3146000,-3124488,21512
2009/12/02,0,5849000,-8840000,-2991000
2009/12/03,0,4496216,-3889551,606665
2009/12/04,0,1942000,-6782800,-4840800
2009/12/07,0,4985000,-4996399,-11399
2009/12/08,0,4837000,-5776044,-939044
2009/12/09,0,2320098,-4690942,-2370844
2009/12/10,0,1842000,-7233731,-5391731
2009/12/11,0,10442000,-1374000,9068000
2009/12/14,0,4994000,-542848,4451152
2009/12/15,0,7641000,-934100,6706900
2009/12/16,0,8418000,-5465024,2952976
2009/12/17,0,8017840,-2111000,5906840
2009/12/18,0,5631000,-4169044,1461956
2009/12/21,0,5265000,-5972824,-707824
2009/12/22,0,4575000,-382000,4193000
2009/12/23,0,2617000,-373668,2243332
2009/12/24,0,2962000,-473000,2489000
2009/12/25,0,973000,-57000,916000
2009/12/28,0,2879000,-992540,1886460
2009/12/29,0,1459000,-1036000,423000
2009/12/30,0,3525000,-2289156,1235844
2009/12/31,0,1041000,-423000,618000
2010/01/01,0,0,0,0
2010/01/04,0,1263000,-1662262,-399262
2010/01/05,0,1572000,-8440000,-6868000
2010/01/06,0,2265000,-2473000,-208000
2010/01/07,0,2743000,-9064505,-6321505
2010/01/08,0,2369110,-7890160,-5521050
2010/01/11,0,9151000,-11873912,-2722912
2010/01/12,0,5828000,-6319784,-491784
2010/01/13,0,2531000,-3244000,-713000
2010/01/14,0,1967423,-4426244,-2458821
2010/01/15,0,1522000,-5296968,-3774968
2010/01/18,0,693000,-3665000,-2972000
2010/01/19,0,512500,-2428710,-1916210
2010/01/20,0,1405000,-3139992,-1734992
2010/01/21,0,1861000,-2080273,-219273
2010/01/22,0,1288000,-3193040,-1905040
2010/01/25,0,1903350,-3223840,-1320490
2010/01/26,0,1796000,-6969000,-5173000
2010/01/27,0,5519000,-3689794,1829206
2010/01/28,0,1813011,-2500000,-686989
2010/01/29,0,3076000,-4641156,-1565156
2010/02/01,0,4496000,-3859430,636570
2010/02/02,0,16319000,-7911538,8407462
2010/02/03,0,5382130,-4412614,969516
2010/02/04,0,1746000,-2254000,-508000
2010/02/05,0,2974000,-4102200,-1128200
2010/02/08,0,1063000,-2480877,-1417877
2010/02/09,0,1166000,-3443420,-2277420
2010/02/10,0,5921000,-12578000,-6657000
2010/02/11,0,0,0,0
2010/02/12,0,0,0,0
2010/02/15,0,0,0,0
2010/02/16,0,0,0,0
2010/02/17,0,0,0,0
2010/02/18,0,0,0,0
2010/02/19,0,0,0,0
2010/02/22,0,8928000,-5419846,3508154
2010/02/23,0,9849300,-5699000,4150300
2010/02/24,0,9838000,-7273000,2565000
2010/02/25,0,11805024,-8814000,2991024
2010/02/26,0,7024000,-4954638,2069362
2010/03/01,0,6876000,-3599000,3277000
2010/03/02,0,7180584,-5928000,1252584
2010/03/03,0,9654000,-7516000,2138000
2010/03/04,0,8559000,-7938581,620419
2010/03/05,0,6262000,-690008,5571992
2010/03/08,0,3720000,-385720,3334280
2010/03/09,0,3502370,-634000,2868370
2010/03/10,0,4338000,-1035001,3302999
2010/03/11,0,1903000,-3008000,-1105000
2010/03/12,0,4618000,-4093000,525000
2010/03/15,0,3856000,-4929000,-1073000
2010/03/16,0,3252001,-2445232,806769
2010/03/17,0,7571000,-4469000,3102000
2010/03/18,0,5575000,-6456000,-881000
2010/03/19,0,4107000,-14149000,-10042000
2010/03/22,0,5284000,-3914089,1369911
2010/03/23,0,2399000,-5307000,-2908000
2010/03/24,0,3447360,-7059624,-3612264
2010/03/25,0,2762000,-3785000,-1023000
2010/03/26,0,4830000,-5698976,-868976
2010/03/29,0,10373000,-2034000,8339000
2010/03/30,0,9266400,-3036828,6229572
2010/03/31,0,2493000,-3175477,-682477
2010/04/01,0,21245000,-2147440,19097560
2010/04/02,0,14712000,-7609000,7103000
2010/04/05,0,0,0,0
2010/04/06,0,6482550,-3524000,2958550
2010/04/07,0,12093530,-6936179,5157351
2010/04/08,0,6275000,-5254156,1020844
2010/04/09,0,4088000,-4007777,80223
2010/04/12,0,6755060,-2556000,4199060
2010/04/13,0,6587000,-3020000,3567000
2010/04/14,0,4183000,-2465380,1717620
2010/04/15,0,8385000,-2290000,6095000
2010/04/16,0,3706620,-3532232,174388
2010/04/19,0,3462000,-4956000,-1494000
2010/04/20,0,2632000,-3555308,-923308
2010/04/21,0,1914000,-928671,985329
2010/04/22,0,2500000,-2788260,-288260
2010/04/23,0,428000,-1550000,-1122000
2010/04/26,0,6384000,-15445124,-9061124
2010/04/27,0,6706368,-20122204,-13415836
2010/04/28,0,5098000,-36477920,-31379920
2010/04/29,0,2540000,-9691072,-7151072
2010/04/30,0,6846000,-2201064,4644936
2010/05/03,0,2443000,-5378345,-2935345
2010/05/04,0,3657000,-7686712,-4029712
2010/05/05,0,3340000,-10046028,-6706028
2010/05/06,0,3952212,-3778000,174212
2010/05/07,0,3399000,-4891442,-1492442
2010/05/10,0,3498670,-4219450,-720780
2010/05/11,0,1302000,-9782868,-8480868
2010/05/12,0,1269000,-3137000,-1868000
2010/05/13,0,3188000,-2839000,349000
2010/05/14,0,734000,-153000,581000
2010/05/17,0,1963000,-6010000,-4047000
2010/05/18,0,4151000,-3429000,722000
2010/05/19,0,813002,-1376000,-562998
2010/05/20,0,2197000,-1566000,631000
2010/05/21,0,5610000,-5378700,231300
2010/05/24,0,2155000,-3433000,-1278000
2010/05/25,0,8793000,-8042000,751000
2010/05/26,0,9191670,-10604000,-1412330
2010/05/27,0,5545000,-5863364,-318364
2010/05/28,0,5930000,-7113000,-1183000
2010/05/31,0,4856000,-2844000,2012000
2010/06/01,0,4428000,-3738000,690000
2010/06/02,0,3515000,-3021000,494000
2010/06/03,0,3275000,-1976000,1299000
2010/06/04,0,1223000,-2649311,-1426311
2010/06/07,0,5239564,-7220366,-1980802
2010/06/08,0,1763000,-4845000,-3082000
2010/06/09,0,2615200,-4820978,-2205778
2010/06/10,0,7298000,-3926000,3372000
2010/06/11,0,8643917,-7820000,823917
2010/06/14,0,5800757,-5465444,335313
2010/06/15,0,14083514,-7589850,6493664
2010/06/16,0,0,0,0
2010/06/17,0,10477875,-6152198,4325677
2010/06/18,0,6820344,-5064717,1755627
2010/06/21,0,8214326,-7236133,978193
2010/06/22,0,2483057,-1753000,730057
2010/06/23,0,5272501,-3153083,2119418
2010/06/24,0,4218000,-1106700,3111300
2010/06/25,0,9778240,-5292607,4485633
2010/06/28,0,7960000,-1912000,6048000
2010/06/29,0,13346000,-5783000,7563000
2010/06/30,0,7674000,-5198000,2476000
2010/07/01,0,3669700,-4140650,-470950
2010/07/02,0,18711000,-2063270,16647730
2010/07/05,0,17749011,-3712554,14036457
2010/07/06,0,7833000,-3907000,3926000
2010/07/07,0,3184712,-1881000,1303712
2010/07/08,0,5441000,-1315000,4126000
2010/07/09,0,2304051,-984000,1320051
2010/07/12,0,3862000,-2534648,1327352
2010/07/13,0,3524000,-1322000,2202000
2010/07/14,0,4658010,-572742,4085268
2010/07/15,0,4144000,-2848000,1296000
2010/07/16,0,3927319,-664000,3263319
2010/07/19,0,4531000,-1854000,2677000
2010/07/20,0,3719679,-3483000,236679
2010/07/21,0,7911000,-6611000,1300000
2010/07/22,0,3913960,-3018000,895960
2010/07/23,0,7755000,-6035000,1720000
2010/07/26,0,1710570,-891000,819570
2010/07/27,0,3357551,-1122000,2235551
2010/07/28,0,6925000,-253000,6672000
2010/07/29,0,9074000,-926129,8147871
2010/07/30,0,1450401,-1007069,443332
2010/08/02,0,6103000,-191000,5912000
2010/08/03,0,3563000,-901324,2661676
2010/08/04,0,4244000,-376000,3868000
2010/08/05,0,1614000,-126002,1487998
2010/08/06,0,3851000,-1113000,2738000
2010/08/09,0,2701000,-2327000,374000
2010/08/10,0,1111002,-2404000,-1292998
2010/08/11,0,3167000,-853514,2313486
2010/08/12,0,984000,-4451322,-3467322
2010/08/13,0,1727560,-1193405,534155
2010/08/16,0,1861000,-908000,953000
2010/08/17,0,3999000,-1766000,2233000
2010/08/18,0,4858000,-6523100,-1665100
2010/08/19,0,4902000,-3302000,1600000
2010/08/20,0,2844000,-982000,1862000
2010/08/23,0,2993000,-1161000,1832000
2010/08/24,0,2380000,-1823000,557000
2010/08/25,0,7213092,-6760218,452874
2010/08/26,0,3722000,-4270000,-548000
2010/08/27,0,7682000,-3935434,3746566
2010/08/30,0,6467195,-770000,5697195
2010/08/31,0,7250000,-4987374,2262626
2010/09/01,0,4943000,-1613000,3330000
2010/09/02,0,3701031,-1024100,2676931
2010/09/03,0,3038000,-1297000,1741000
2010/09/06,0,2420100,-71000,2349100
2010/09/07,0,2095857,-865390,1230467
2010/09/08,0,4628500,-735665,3892835
2010/09/09,0,1679000,-541000,1138000
2010/09/10,0,9554650,-736000,8818650
2010/09/13,0,15385000,-625000,14760000
2010/09/14,0,4078000,-848113,3229887
2010/09/15,0,2687964,-1174000,1513964
2010/09/16,0,5502000,-2347892,3154108
2010/09/17,0,8452000,-5199000,3253000
2010/09/20,0,4481000,-831000,3650000
2010/09/21,0,4073000,-810152,3262848
2010/09/22,0,0,0,0
2010/09/23,0,5142000,-1032419,4109581
2010/09/24,0,4607780,-2866000,1741780
2010/09/27,0,10563550,-2873000,7690550
2010/09/28,0,2913000,-5152000,-2239000
2010/09/29,0,5840000,-4984000,856000
2010/09/30,0,6932000,-8761806,-1829806
2010/10/01,0,4553530,-3957300,596230
2010/10/04,0,3571140,-2569530,1001610
2010/10/05,0,5783170,-6519958,-736788
2010/10/06,0,5824938,-1441266,4383672
2010/10/07,0,4450430,-6227501,-1777071
2010/10/08,0,7575170,-4374444,3200726
2010/10/11,0,5711710,-4535400,1176310
2010/10/12,0,3542980,-2402200,1140780
2010/10/13,0,4664470,-1486200,3178270
2010/10/14,0,7352110,-3722766,3629344
2010/10/15,0,1630080,-6230123,-4600043
2010/10/18,0,2774000,-4454237,-1680237
2010/10/19,0,1733000,-3327633,-1594633
2010/10/20,0,2327000,-9766000,-7439000
2010/10/21,0,4100000,-6096706,-1996706
2010/10/22,0,1790000,-5289400,-3499400
2010/10/25,0,6399000,-12834509,-6435509
2010/10/26,0,3630673,-10423897,-6793224
2010/10/27,0,2944260,-4573000,-1628740
2010/10/28,0,8153074,-7567000,586074
2010/10/29,0,2986000,-3232400,-246400
2010/11/01,0,6958000,-1494400,5463600
2010/11/02,0,1336000,-976000,360000
2010/11/03,0,5388000,-2167500,3220500
2010/11/04,0,5674000,-3214926,2459074
2010/11/05,0,3702000,-2893230,808770
2010/11/08,0,3000000,-4405096,-1405096
2010/11/09,0,1819000,-1244000,575000
2010/11/10,0,2225000,-1567980,657020
2010/11/11,0,3516000,-2076727,1439273
2010/11/12,0,4297000,-4478000,-181000
2010/11/15,0,3793858,-1332990,2460868
2010/11/16,0,5905000,-5934600,-29600
2010/11/17,0,2571000,-4910300,-2339300
2010/11/18,0,537000,-2740290,-2203290
2010/11/19,0,897280,-3103052,-2205772
2010/11/22,0,1498610,-4387959,-2889349
2010/11/23,0,1102279,-1908265,-805986
2010/11/24,0,3568000,-1079000,2489000
2010/11/25,0,2622000,-3592000,-970000
2010/11/26,0,2993000,-2505816,487184
2010/11/29,0,5187003,-1680040,3506963
2010/11/30,0,11504556,-5724881,5779675
2010/12/01,0,3074000,-4060500,-986500
2010/12/02,0,2412000,-2056838,355162
2010/12/03,0,1026000,-3433358,-2407358
2010/12/06,0,5382000,-1794000,3588000
2010/12/07,0,8386970,-2131650,6255320
2010/12/08,0,12630000,-1613400,11016600
2010/12/09,0,7145000,-5295500,1849500
2010/12/10,0,5374575,-1186000,4188575
2010/12/13,0,2782000,-1232000,1550000
2010/12/14,0,7917700,-4864200,3053500
2010/12/15,0,5892400,-2612000,3280400
2010/12/16,0,7473100,-8995729,-1522629
2010/12/17,0,1782000,-7684477,-5902477
2010/12/20,0,2617540,-7337400,-4719860
2010/12/21,0,1675000,-901829,773171
2010/12/22,0,1447000,-1720310,-273310
2010/12/23,0,1498574,-498000,1000574
2010/12/24,0,711000,-747000,-36000
2010/12/27,0,1279000,-2594000,-1315000
2010/12/28,0,1974000,-562205,1411795
2010/12/29,0,2606020,-259000,2347020
2010/12/30,0,3109000,-2205000,904000
2010/12/31,0,3586000,-470650,3115350
2011/01/03,0,1966501,-674300,1292201
2011/01/04,0,2230000,-1385000,845000
2011/01/05,0,1872000,-4653610,-2781610
2011/01/06,0,2316000,-1817829,498171
2011/01/07,0,1863000,-8727100,-6864100
2011/01/10,0,2623000,-5630218,-3007218
2011/01/11,0,3066000,-723900,2342100
2011/01/12,0,1256000,-1873310,-617310
2011/01/13,0,2632645,-3028000,-395355
2011/01/14,0,2274000,-3597312,-1323312
2011/01/17,0,737921,-2006200,-1268279
2011/01/18,0,1739000,-1479830,259170
2011/01/19,0,2219000,-4918400,-2699400
2011/01/20,0,2067000,-7845000,-5778000
2011/01/21,0,2555000,-8791738,-6236738
2011/01/24,0,2045000,-2004000,41000
2011/01/25,0,2755489,-5591000,-2835511
2011/01/26,0,1591000,-10188433,-8597433
2011/01/27,0,2706300,-3293690,-587390
2011/01/28,0,2958200,-6427464,-3469264
2011/01/31,0,0,0,0
2011/02/01,0,0,0,0
2011/02/02,0,0,0,0
2011/02/03,0,0,0,0
2011/02/04,0,0,0,0
2011/02/07,0,0,0,0
2011/02/08,0,2531500,-5008307,-2476807
2011/02/09,0,2488000,-4591270,-2103270
2011/02/10,0,7459500,-10855340,-3395840
2011/02/11,0,5063000,-11514321,-6451321
2011/02/14,0,4563000,-7437110,-2874110
2011/02/15,0,3245000,-4239709,-994709
2011/02/16,0,5117000,-4692400,424600
2011/02/17,0,3224000,-6690730,-3466730
2011/02/18,0,3105000,-1155000,1950000
2011/02/21,0,3526000,-4527400,-1001400
2011/02/22,0,2667000,-6390500,-3723500
2011/02/23,0,2965238,-5257127,-2291889
2011/02/24,0,3902494,-7006418,-3103924
2011/02/25,0,4874000,-5443859,-569859
2011/02/28,0,0,0,0
2011/03/01,0,1147000,-5644469,-4497469
2011/03/02,0,1024494,-5561236,-4536742
2011/03/03,0,3554000,-561248,2992752
2011/03/04,0,3400000,-7417442,-4017442
2011/03/07,0,475000,-3371900,-2896900
2011/03/08,0,2058000,-425600,1632400
2011/03/09,0,1154221,-2347096,-1192875
2011/03/10,0,2126000,-1394774,731226
2011/03/11,0,1280000,-2407570,-1127570
2011/03/14,0,1086000,-2235000,-1149000
2011/03/15,0,2247000,-6250550,-4003550
2011/03/16,0,2842000,-5337346,-2495346
2011/03/17,0,5199000,-6491460,-1292460
2011/03/18,0,4973000,-7241511,-2268511
2011/03/21,0,993000,-3486306,-2493306
2011/03/22,0,1745146,-2299425,-554279
2011/03/23,0,2272000,-1957000,315000
2011/03/24,0,1502000,-1039400,462600
2011/03/25,0,4414000,-1316000,3098000
2011/03/28,0,1265000,-925000,340000
2011/03/29,0,3964000,-2491160,1472840
2011/03/30,0,4533000,-1644720,2888280
2011/03/31,0,8113035,-3355117,4757918
2011/04/01,0,4743622,-3741100,1002522
2011/04/04,0,0,0,0
2011/04/05,0,0,0,0
2011/04/06,0,5933159,-1482929,4450230
2011/04/07,0,3968636,-1175503,2793133
2011/04/08,0,4247942,-1734508,2513434
2011/04/11,0,3346885,-2711500,635385
2011/04/12,0,1614222,-5868000,-4253778
2011/04/13,0,2065000,-2245312,-180312
2011/04/14,0,1178000,-2350000,-1172000
2011/04/15,0,1152000,-2375000,-1223000
2011/04/18,0,949000,-2926515,-1977515
2011/04/19,0,486000,-2264000,-1778000
2011/04/20,0,2713908,-1252000,1461908
2011/04/21,0,5179105,-2121700,3057405
2011/04/22,0,2236000,-106264,2129736
2011/04/25,0,764200,-477000,287200
2011/04/26,0,1430251,-1086000,344251
2011/04/27,0,2169000,-1219000,950000
2011/04/28,0,2968740,-2393000,575740
2011/04/29,0,1710580,-2143205,-432625
2011/05/02,0,0,0,0
2011/05/03,0,1297000,-1350700,-53700
2011/05/04,0,2262600,-5088247,-2825647
2011/05/05,0,2335000,-1455000,880000
2011/05/06,0,1043223,-1896000,-852777
2011/05/09,0,10349000,-922446,9426554
2011/05/10,0,7219000,-747000,6472000
2011/05/11,0,4813000,-2960323,1852677
2011/05/12,0,4105000,-3843381,261619
2011/05/13,0,2673000,-3891000,-1218000
2011/05/16,0,10452000,-8267000,2185000
2011/05/17,0,8693200,-8633800,59400
2011/05/18,0,3635000,-2854060,780940
2011/05/19,0,8091000,-4549270,3541730
2011/05/20,0,1887000,-3044600,-1157600
2011/05/23,0,1407000,-9587000,-8180000
2011/05/24,0,1532000,-1118978,413022
2011/05/25,0,2331000,-3750312,-1419312
2011/05/26,0,3563741,-1300522,2263219
2011/05/27,0,1641000,-705000,936000
2011/05/30,0,2705000,-2044000,661000
2011/05/31,0,7665100,-3193613,4471487
2011/06/01,0,6929000,-1552538,5376462
2011/06/02,0,5989000,-1050100,4938900
2011/06/03,0,4835000,-2668979,2166021
2011/06/06,0,0,0,0
2011/06/07,0,8702800,-6829280,1873520
2011/06/08,0,4362000,-1627386,2734614
2011/06/09,0,1169000,-1077682,91318
2011/06/10,0,3823546,-1396424,2427122
2011/06/13,0,1172000,-1282145,-110145
2011/06/14,0,2704000,-1470000,1234000
2011/06/15,0,9626000,-4738215,4887785
2011/06/16,0,3377449,-2272000,1105449
2011/06/17,0,2357367,-1548000,809367
2011/06/20,0,2109000,-1404211,704789
2011/06/21,0,4263000,-929750,3333250
2011/06/22,0,3974000,-5038000,-1064000
2011/06/23,0,933123,-1390135,-457012
2011/06/24,0,1861000,-1122202,738798
2011/06/27,0,2146000,-1497398,648602
2011/06/28,0,3214000,-1651179,1562821
2011/06/29,0,4818000,-1728000,3090000
2011/06/30,0,7347800,-1624200,5723600
2011/07/01,0,6827006,-230000,6597006
2011/07/04,0,2966608,-3393721,-427113
2011/07/05,0,6417548,-2118000,4299548
2011/07/06,0,1294882,-1583750,-288868
2011/07/07,0,1278293,-651000,627293
2011/07/08,0,15160860,-1234582,13926278
2011/07/11,0,2223715,-2200323,23392
2011/07/12,0,4381873,-1815000,2566873
2011/07/13,0,4154413,-2936500,1217913
2011/07/14,0,1694741,-1231000,463741
2011/07/15,0,2723605,-1507950,1215655
2011/07/18,0,2035297,-3047943,-1012646
2011/07/19,0,862000,-2503300,-1641300
2011/07/20,0,4465807,-2239000,2226807
2011/07/21,0,2353516,-2634100,-280584
2011/07/22,0,6998503,-3689000,3309503
2011/07/25,0,1921303,-5313404,-3392101
2011/07/26,0,4024538,-1500000,2524538
2011/07/27,0,1604994,-1811000,-206006
2011/07/28,0,2778635,-1831000,947635
2011/07/29,0,3052678,-3972089,-919411
2011/08/01,0,5565272,-2620400,2944872
2011/08/02,0,1264550,-1869710,-605160
2011/08/03,0,4973653,-10081119,-5107466
2011/08/04,0,4109492,-4528494,-419002
2011/08/05,0,9672218,-14034098,-4361880
2011/08/08,0,3408805,-8618155,-5209350
2011/08/09,0,4845232,-12390335,-7545103
2011/08/10,0,6185000,-14309452,-8124452
2011/08/11,0,4464000,-8666000,-4202000
2011/08/12,0,3843000,-8404749,-4561749
2011/08/15,0,9294353,-496001,8798352
2011/08/16,0,13362500,-3305380,10057120
2011/08/17,0,10888033,-9555240,1332793
2011/08/18,0,2386832,-7986000,-5599168
2011/08/19,0,4102110,-9094000,-4991890
2011/08/22,0,4511676,-9306000,-4794324
2011/08/23,0,4612000,-5347755,-735755
2011/08/24,0,5051129,-8643000,-3591871
2011/08/25,0,4478544,-6342055,-1863511
2011/08/26,0,4187596,-4100000,87596
2011/08/29,0,4436000,-1653336,2782664
2011/08/30,0,3738934,-5563000,-1824066
2011/08/31,0,4459590,-1628000,2831590
2011/09/01,0,6691169,-2875195,3815974
2011/09/02,0,2784592,-3375700,-591108
2011/09/05,0,1279000,-7762135,-6483135
2011/09/06,0,2889390,-4784057,-1894667
2011/09/07,0,2355753,-1409000,946753
2011/09/08,0,3195083,-2958362,236721
2011/09/09,0,5459912,-1589537,3870375
2011/09/12,0,0,0,0
2011/09/13,0,946989,-3484949,-2537960
2011/09/14,0,3477105,-4634149,-1157044
2011/09/15,0,3282000,-5623210,-2341210
2011/09/16,0,7179000,-4955000,2224000
2011/09/19,0,2610476,-1107700,1502776
2011/09/20,0,3661316,-3486000,175316
2011/09/21,0,2310498,-1616000,694498
2011/09/22,0,3190309,-6070896,-2880587
2011/09/23,0,3503610,-5916099,-2412489
2011/09/26,0,2535333,-1652900,882433
2011/09/27,0,4643912,-2396100,2247812
2011/09/28,0,5167941,-3899511,1268430
2011/09/29,0,4754188,-1989000,2765188
2011/09/30,0,7471000,-5007532,2463468
2011/10/03,0,3857733,-8102018,-4244285
2011/10/04,0,4641000,-8651470,-4010470
2011/10/05,0,2698000,-2163481,534519
2011/10/06,0,5956000,-3882840,2073160
2011/10/07,0,2359800,-2327000,32800
2011/10/10,0,0,0,0
2011/10/11,0,3346000,-3338020,7980
2011/10/12,0,3345100,-3154420,190680
2011/10/13,0,3216341,-3827400,-611059
2011/10/14,0,1939350,-4004960,-2065610
2011/10/17,0,3681935,-1859000,1822935
2011/10/18,0,2147837,-1944015,203822
2011/10/19,0,3549843,-2043820,1506023
2011/10/20,0,1620097,-2009062,-388965
2011/10/21,0,1615031,-485000,1130031
2011/10/24,0,5845086,-1343000,4502086
2011/10/25,0,2958536,-955000,2003536
2011/10/26,0,3104000,-316000,2788000
2011/10/27,0,2092415,-972000,1120415
2011/10/28,0,6324000,-2213770,4110230
2011/10/31,0,4042000,-3128800,913200
2011/11/01,0,3313000,-3784914,-471914
2011/11/02,0,1855500,-4226000,-2370500
2011/11/03,0,2982000,-5984000,-3002000
2011/11/04,0,3187000,-4295666,-1108666
2011/11/07,0,677000,-1876300,-1199300
2011/11/08,0,584012,-2474000,-1889988
2011/11/09,0,1966714,-1603380,363334
2011/11/10,0,962714,-4372000,-3409286
2011/11/11,0,1976000,-4007844,-2031844
2011/11/14,0,1195000,-2057420,-862420
2011/11/15,0,1796000,-1371000,425000
2011/11/16,0,4243602,-4754000,-510398
2011/11/17,0,1644857,-2250791,-605934
2011/11/18,0,4775000,-6042569,-1267569
2011/11/21,0,1115000,-2449978,-1334978
2011/11/22,0,963000,-2937413,-1974413
2011/11/23,0,1834000,-4247000,-2413000
2011/11/24,0,5201200,-1416000,3785200
2011/11/25,0,7132000,-3975000,3157000
2011/11/28,0,5207520,-1779720,3427800
2011/11/29,0,8084000,-2258380,5825620
2011/11/30,0,10084595,-6217320,3867275
2011/12/01,0,12291864,-3454964,8836900
2011/12/02,0,2110000,-1852000,258000
2011/12/05,0,8324000,-6673600,1650400
2011/12/06,0,6147216,-1998000,4149216
2011/12/07,0,20568000,-2010000,18558000
2011/12/08,0,9772000,-4012800,5759200
2011/12/09,0,6630192,-2479240,4150952
2011/12/12,0,2090000,-798780,1291220
2011/12/13,0,4073000,-3739812,333188
2011/12/14,0,3843864,-5038225,-1194361
2011/12/15,0,9141216,-7686780,1454436
2011/12/16,0,5787000,-6859000,-1072000
2011/12/19,0,4134000,-3539000,595000
2011/12/20,0,8331000,-4547700,3783300
2011/12/21,0,3682000,-4773800,-1091800
2011/12/22,0,4153000,-1436260,2716740
2011/12/23,0,5228000,-488780,4739220
2011/12/26,0,1509000,-1046000,463000
2011/12/27,0,3066000,-1570000,1496000
2011/12/28,0,1812220,-1530220,282000
2011/12/29,0,5683000,-1181200,4501800
2011/12/30,0,4293714,-736000,3557714
2012/01/02,0,144000,-890000,-746000
2012/01/03,0,2195000,-414432,1780568
2012/01/04,0,1568796,-1825340,-256544
2012/01/05,0,3244432,-6837833,-3593401
2012/01/06,0,3581786,-3388000,193786
2012/01/09,0,4728000,-1068300,3659700
2012/01/10,0,6839000,-2135240,4703760
2012/01/11,0,5834000,-6649250,-815250
2012/01/12,0,8127000,-9667000,-1540000
2012/01/13,0,3706000,-7337340,-3631340
2012/01/16,0,4053000,-2597000,1456000
2012/01/17,0,7239000,-4420100,2818900
2012/01/18,0,12723000,-11184458,1538542
2012/01/19,0,0,0,0
2012/01/20,0,0,0,0
2012/01/23,0,0,0,0
2012/01/24,0,0,0,0
2012/01/25,0,0,0,0
2012/01/26,0,0,0,0
2012/01/27,0,0,0,0
2012/01/30,0,8773708,-6687008,2086700
2012/01/31,0,7758182,-12319300,-4561118
2012/02/01,0,7577000,-9575862,-1998862
2012/02/02,0,6165194,-9954000,-3788806
2012/02/03,0,3431000,-8086970,-4655970
2012/02/06,0,13931000,-10718480,3212520
2012/02/07,0,1774000,-2073000,-299000
2012/02/08,0,17590000,-2432000,15158000
2012/02/09,0,4759358,-2331816,2427542
2012/02/10,0,5170000,-5338000,-168000
2012/02/13,0,8340000,-1737000,6603000
2012/02/14,0,5478005,-5006300,471705
2012/02/15,0,11119000,-6249620,4869380
2012/02/16,0,8984728,-11668753,-2684025
2012/02/17,0,5214000,-4250914,963086
2012/02/20,0,3802000,-5113289,-1311289
2012/02/21,0,7770000,-1561000,6209000
2012/02/22,0,5827000,-1681000,4146000
2012/02/23,0,2752000,-2794000,-42000
2012/02/24,0,5766400,-4057913,1708487
2012/02/27,0,0,0,0
2012/02/28,0,0,0,0
2012/02/29,0,10180324,-5851000,4329324
2012/03/01,0,2911059,-4366000,-1454941
2012/03/02,0,2712521,-2458000,254521
2012/03/05,0,1873000,-5605000,-3732000
2012/03/06,0,5000728,-6391000,-1390272
2012/03/07,0,3144670,-5563000,-2418330
2012/03/08,0,5415340,-4740494,674846
2012/03/09,0,1830000,-1344451,485549
2012/03/12,0,1756220,-725520,1030700
2012/03/13,0,4906788,-1151300,3755488
2012/03/14,0,3651663,-801815,2849848
2012/03/15,0,2486000,-1302000,1184000
2012/03/16,0,5387000,-4633929,753071
2012/03/19,0,1393000,-2487000,-1094000
2012/03/20,0,2072000,-2301000,-229000
2012/03/21,0,3409709,-1877709,1532000
2012/03/22,0,2149000,-974960,1174040
2012/03/23,0,1685776,-383000,1302776
2012/03/26,0,1974923,-5934980,-3960057
2012/03/27,0,2043000,-791453,1251547
2012/03/28,0,2433000,-5591585,-3158585
2012/03/29,0,3725000,-9762506,-6037506
2012/03/30,0,4568157,-7503620,-2935463
2012/04/02,0,1041860,-2499408,-1457548
2012/04/03,0,3375961,-975004,2400957
2012/04/04,0,0,0,0
2012/04/05,0,3155640,-4568877,-1413237
2012/04/06,0,298000,-5240065,-4942065
2012/04/09,0,850000,-2258000,-1408000
2012/04/10,0,12893552,-13216400,-322848
2012/04/11,0,2631000,-4803942,-2172942
2012/04/12,0,2916000,-6606078,-3690078
2012/04/13,0,7320964,-6238922,1082042
2012/04/16,0,7565000,-7069000,496000
2012/04/17,0,6045000,-5900000,145000
2012/04/18,0,2924000,-2398140,525860
2012/04/19,0,2880000,-2957000,-77000
2012/04/20,0,2832000,-3601719,-769719
2012/04/23,0,2561043,-2057000,504043
2012/04/24,0,3429250,-2597000,832250
2012/04/25,0,1984000,-1448000,536000
2012/04/26,0,3805000,-2073600,1731400
2012/04/27,0,15648000,-6591610,9056390
2012/04/30,0,14987000,-1622105,13364895
2012/05/01,0,0,0,0
2012/05/02,0,9534000,-1743124,7790876
2012/05/03,0,6621000,-2829000,3792000
2012/05/04,0,11767000,-5695000,6072000
2012/05/07,0,10260000,-11151000,-891000
2012/05/08,0,14716000,-2493860,12222140
2012/05/09,0,7502960,-5390760,2112200
2012/05/10,0,11095778,-3902077,7193701
2012/05/11,0,11839590,-6406680,5432910
2012/05/14,0,6325000,-4424000,1901000
2012/05/15,0,3870748,-6121824,-2251076
2012/05/16,0,4778257,-4607618,170639
2012/05/17,0,6780000,-7767942,-987942
2012/05/18,0,12585000,-5464000,7121000
2012/05/21,0,4978000,-4096000,882000
2012/05/22,0,2830000,-1929786,900214
2012/05/23,0,2718857,-2714000,4857
2012/05/24,0,4279000,-3607000,672000
2012/05/25,0,1602000,-1585000,17000
2012/05/28,0,2218246,-1348246,870000
2012/05/29,0,3983000,-3364140,618860
2012/05/30,0,10430000,-14495072,-4065072
2012/05/31,0,9411130,-12230063,-2818933
2012/06/01,0,5077000,-4195518,881482
2012/06/04,0,3543230,-1495427,2047803
2012/06/05,0,5257000,-1739000,3518000
2012/06/06,0,5102000,-3967790,1134210
2012/06/07,0,3932967,-2149000,1783967
2012/06/08,0,1290381,-1131435,158946
2012/06/11,0,3962129,-544000,3418129
2012/06/12,0,1412000,-2495000,-1083000
2012/06/13,0,1915056,-2140704,-225648
2012/06/14,0,4403672,-2079000,2324672
2012/06/15,0,5930000,-3544181,2385819
2012/06/18,0,4372131,-1239000,3133131
2012/06/19,0,3036646,-1783000,1253646
2012/06/20,0,4982175,-4961400,20775
2012/06/21,0,4671834,-4438000,233834
2012/06/22,0,3007010,-4843000,-1835990
2012/06/25,0,4514000,-7499774,-2985774
2012/06/26,0,3856000,-2962800,893200
2012/06/27,0,4607000,-2173680,2433320
2012/06/28,0,4803000,-3601120,1201880
2012/06/29,0,8690000,-3125200,5564800
2012/07/02,0,3826000,-3179000,647000
2012/07/03,0,9345857,-1527000,7818857
2012/07/04,0,4906712,-4459574,447138
2012/07/05,0,5476000,-1733928,3742072
2012/07/06,0,8436000,-5411703,3024297
2012/07/09,0,2203000,-1604000,599000
2012/07/10,0,6216498,-4610991,1605507
2012/07/11,0,1633000,-2230000,-597000
2012/07/12,0,3456000,-5159953,-1703953
2012/07/13,0,2038861,-1362557,676304
2012/07/16,0,1307000,-958000,349000
2012/07/17,0,4271000,-2168000,2103000
2012/07/18,0,3055000,-4371602,-1316602
2012/07/19,0,4054000,-5396641,-1342641
2012/07/20,0,3858000,-4623581,-765581
2012/07/23,0,5277000,-5862020,-585020
2012/07/24,0,3186000,-3583207,-397207
2012/07/25,0,6367000,-9027311,-2660311
2012/07/26,0,3726000,-6096877,-2370877
2012/07/27,0,6649000,-5337258,1311742
2012/07/30,0,3246130,-833000,2413130
2012/07/31,0,7013000,-3483338,3529662
2012/08/01,0,6242000,-1226000,5016000
2012/08/02,0,0,0,0
2012/08/03,0,6059176,-3097857,2961319
2012/08/06,0,4887000,-1433763,3453237
2012/08/07,0,7175000,-3469738,3705262
2012/08/08,0,9179303,-4878760,4300543
2012/08/09,0,6500000,-5289492,1210508
2012/08/10,0,4775000,-3482000,1293000
2012/08/13,0,3760020,-2951053,808967
2012/08/14,0,3812570,-808100,3004470
2012/08/15,0,4222000,-7465938,-3243938
2012/08/16,0,2585000,-645000,1940000
2012/08/17,0,1272364,-3618000,-2345636
2012/08/20,0,2043000,-1584000,459000
2012/08/21,0,7904577,-2410016,5494561
2012/08/22,0,1134537,-1002000,132537
2012/08/23,0,1259533,-2539056,-1279523
2012/08/24,0,1105000,-1211000,-106000
2012/08/27,0,1921000,-1891000,30000
2012/08/28,0,2880715,-5998320,-3117605
2012/08/29,0,5703000,-7394000,-1691000
2012/08/30,0,9276000,-7738305,1537695
2012/08/31,0,1440349,-2196656,-756307
2012/09/03,0,4175000,-5992000,-1817000
2012/09/04,0,2191000,-3348050,-1157050
2012/09/05,0,4992000,-6734000,-1742000
2012/09/06,0,4237000,-3067208,1169792
2012/09/07,0,6623450,-3452056,3171394
2012/09/10,0,4816698,-2020000,2796698
2012/09/11,0,2027000,-740000,1287000
2012/09/12,0,3286000,-3425000,-139000
2012/09/13,0,2820000,-1113000,1707000
2012/09/14,0,4720070,-1511000,3209070
2012/09/17,0,2620000,-4826000,-2206000
2012/09/18,0,3882460,-2531000,1351460
2012/09/19,0,5584000,-4495000,1089000
2012/09/20,0,2913000,-3515469,-602469
2012/09/21,0,3509000,-3878380,-369380
2012/09/24,0,1822000,-898000,924000
2012/09/25,0,4576000,-1168000,3408000
2012/09/26,0,4806000,-1438000,3368000
2012/09/27,0,3281755,-2384663,897092
2012/09/28,0,4584960,-4086470,498490
2012/10/01,0,881000,-3305414,-2424414
2012/10/02,0,3195000,-5043398,-1848398
2012/10/03,0,1062000,-4176682,-3114682
2012/10/04,0,5756000,-6262584,-506584
2012/10/05,0,3305000,-5930255,-2625255
2012/10/08,0,5224300,-4794340,429960
2012/10/09,0,8597511,-2459770,6137741
2012/10/10,0,0,0,0
2012/10/11,0,3221000,-8301653,-5080653
2012/10/12,0,3238000,-3537160,-299160
2012/10/15,0,5189880,-2231723,2958157
2012/10/16,0,6622000,-3868032,2753968
2012/10/17,0,3830000,-2175199,1654801
2012/10/18,0,3947000,-2295310,1651690
2012/10/19,0,4544000,-3336550,1207450
2012/10/22,0,1583000,-1561228,21772
2012/10/23,0,1792800,-3743995,-1951195
2012/10/24,0,2856000,-5249449,-2393449
2012/10/25,0,3249995,-2966630,283365
2012/10/26,0,3061000,-5162710,-2101710
2012/10/29,0,2127700,-1017000,1110700
2012/10/30,0,1760000,-3229000,-1469000
2012/10/31,0,4699000,-4956140,-257140
2012/11/01,0,4052000,-5204000,-1152000
2012/11/02,0,2950000,-2227000,723000
2012/11/05,0,3395000,-3793521,-398521
2012/11/06,0,3599000,-1219000,2380000
2012/11/07,0,2762000,-3364080,-602080
2012/11/08,0,2790350,-4130350,-1340000
2012/11/09,0,2478000,-5437000,-2959000
2012/11/12,0,2408000,-2137738,270262
2012/11/13,0,1599000,-6125000,-4526000
2012/11/14,0,2018000,-4792363,-2774363
2012/11/15,0,2382000,-3564001,-1182001
2012/11/16,0,2284000,-2642000,-358000
2012/11/19,0,2197000,-1043000,1154000
2012/11/20,0,792000,-1143333,-351333
2012/11/21,0,3702000,-3966420,-264420
2012/11/22,0,2337000,-6509570,-4172570
2012/11/23,0,7053000,-3616000,3437000
2012/11/26,0,4700000,-3996836,703164
2012/11/27,0,7820000,-7576000,244000
2012/11/28,0,9283400,-8015744,1267656
2012/11/29,0,10997000,-8928589,2068411
2012/11/30,0,10299000,-11080521,-781521
2012/12/03,0,5482000,-5411107,70893
2012/12/04,0,2465000,-2980000,-515000
2012/12/05,0,4655000,-3015592,1639408
2012/12/06,0,4384000,-2113293,2270707
2012/12/07,0,2974000,-2741671,232329
2012/12/10,0,3298000,-2372956,925044
2012/12/11,0,6351738,-4630000,1721738
2012/12/12,0,10599230,-4874340,5724890
2012/12/13,0,7390683,-6211000,1179683
2012/12/14,0,4764386,-6313334,-1548948
2012/12/17,0,4603000,-3353000,1250000
2012/12/18,0,3367000,-2082636,1284364
2012/12/19,0,4538000,-3320100,1217900
2012/12/20,0,3041000,-8443804,-5402804
2012/12/21,0,3120000,-5954071,-2834071
2012/12/24,0,1368000,-2757750,-1389750
2012/12/25,0,1793000,-2643000,-850000
2012/12/26,0,1177000,-1269000,-92000
2012/12/27,0,2092666,-4873206,-2780540
2012/12/28,0,3254000,-2649444,604556
2012/12/31,0,0,0,0
2013/01/01,0,0,0,0
2013/01/02,0,3042000,-5645000,-2603000
2013/01/03,0,3492000,-6896000,-3404000
2013/01/04,0,3307093,-7190000,-3882907
2013/01/07,0,3473000,-6322100,-2849100
2013/01/08,0,1808000,-3591000,-1783000
2013/01/09,0,1858471,-3272000,-1413529
2013/01/10,0,7138000,-4406059,2731941
2013/01/11,0,3322000,-1756073,1565927
2013/01/14,0,3267000,-3206000,61000
2013/01/15,0,3316700,-3030311,286389
2013/01/16,0,2898779,-6514810,-3616031
2013/01/17,0,5281180,-9163660,-3882480
2013/01/18,0,5735300,-9452330,-3717030
2013/01/21,0,1666000,-3529907,-1863907
2013/01/22,0,6882000,-9450768,-2568768
2013/01/23,0,6923000,-10805067,-3882067
2013/01/24,0,7734000,-10632610,-2898610
2013/01/25,0,5628695,-8808977,-3180282
2013/01/28,0,3481955,-4250000,-768045
2013/01/29,0,6610474,-6984170,-373696
2013/01/30,0,6153722,-9314038,-3160316
2013/01/31,0,4848031,-5984590,-1136559
2013/02/01,0,4274000,-5681000,-1407000
2013/02/04,0,5903000,-7171154,-1268154
2013/02/05,0,5778000,-8865420,-3087420
2013/02/06,0,6910000,-10306302,-3396302
2013/02/07,0,0,0,0
2013/02/08,0,0,0,0
2013/02/11,0,0,0,0
2013/02/12,0,0,0,0
2013/02/13,0,0,0,0
2013/02/14,0,0,0,0
2013/02/15,0,0,0,0
2013/02/18,0,8496590,-8310784,185806
2013/02/19,0,4264760,-6314013,-2049253
2013/02/20,0,8907292,-5777800,3129492
2013/02/21,0,12476000,-7756080,4719920
2013/02/22,0,13404000,-5612600,7791400
2013/02/25,0,10243000,-7851803,2391197
2013/02/26,0,8296000,-4246416,4049584
2013/02/27,0,11969000,-7535683,4433317
2013/02/28,0,0,0,0
2013/03/01,0,9046748,-3139000,5907748
2013/03/04,0,4643000,-6137745,-1494745
2013/03/05,0,5279000,-3825277,1453723
2013/03/06,0,9493000,-3419672,6073328
2013/03/07,0,8188000,-4645238,3542762
2013/03/08,0,4315748,-1983000,2332748
2013/03/11,0,6788000,-3635000,3153000
2013/03/12,0,3563000,-2453738,1109262
2013/03/13,0,8791000,-2246000,6545000
2013/03/14,0,5520748,-2982902,2537846
2013/03/15,0,9078335,-6864346,2213989
2013/03/18,0,15827000,-4889800,10937200
2013/03/19,0,5726000,-5151026,574974
2013/03/20,0,4715000,-5897645,-1182645
2013/03/21,0,2991355,-2813000,178355
2013/03/22,0,3481000,-2282700,1198300
2013/03/25,0,4182000,-2346000,1836000
2013/03/26,0,6156000,-6579738,-423738
2013/03/27,0,8489000,-15904000,-7415000
2013/03/28,0,6049694,-11933266,-5883572
2013/03/29,0,2694000,-5030000,-2336000
2013/04/01,0,3693200,-1989000,1704200
2013/04/02,0,6017532,-7226730,-1209198
2013/04/03,0,7725699,-5915168,1810531
2013/04/04,0,0,0,0
2013/04/05,0,0,0,0
2013/04/08,0,7704560,-11703218,-3998658
2013/04/09,0,7528000,-5121403,2406597
2013/04/10,0,8352000,-11534429,-3182429
2013/04/11,0,14643275,-4078000,10565275
2013/04/12,0,11027000,-8436080,2590920
2013/04/15,0,7683301,-5065000,2618301
2013/04/16,0,4860625,-2136600,2724025
2013/04/17,0,7597000,-6760330,836670
2013/04/18,0,3424000,-5839150,-2415150
2013/04/19,0,5479000,-1501670,3977330
2013/04/22,0,3391000,-3638900,-247900
2013/04/23,0,3022000,-2111030,910970
2013/04/24,0,4699000,-1188637,3510363
2013/04/25,0,3315238,-2853930,461308
2013/04/26,0,3920000,-4232790,-312790
2013/04/29,0,4060000,-4459000,-399000
2013/04/30,0,6386125,-6682900,-296775
2013/05/01,0,0,0,0
2013/05/02,0,3249000,-2811476,437524
2013/05/03,0,6126517,-1172000,4954517
2013/05/06,0,2541000,-2645688,-104688
2013/05/07,0,2280000,-1885354,394646
2013/05/08,0,8082967,-976527,7106440
2013/05/09,0,2947419,-466880,2480539
2013/05/10,0,2203000,-1505000,698000
2013/05/13,0,1335000,-1382000,-47000
2013/05/14,0,2069000,-2175130,-106130
2013/05/15,0,3504000,-2726613,777387
2013/05/16,0,5028000,-5836563,-808563
2013/05/17,0,3131000,-978000,2153000
2013/05/20,0,4496000,-857000,3639000
2013/05/21,0,2852000,-583816,2268184
2013/05/22,0,3851000,-2199260,1651740
2013/05/23,0,6792000,-3306000,3486000
2013/05/24,0,5235781,-3300000,1935781
2013/05/27,0,3628250,-1106000,2522250
2013/05/28,0,2045000,-1865000,180000
2013/05/29,0,3724000,-1962204,1761796
2013/05/30,0,1636000,-4316000,-2680000
2013/05/31,0,6688000,-4637204,2050796
2013/06/03,0,4084000,-8585000,-4501000
2013/06/04,0,2949000,-5522447,-2573447
2013/06/05,0,3310000,-4629106,-1319106
2013/06/06,0,3660661,-5438201,-1777540
2013/06/07,0,3679000,-5020834,-1341834
2013/06/10,0,6767000,-6315000,452000
2013/06/11,0,2858811,-6919584,-4060773
2013/06/12,0,0,0,0
2013/06/13,0,7129000,-6626344,502656
2013/06/14,0,5717000,-4830000,887000
2013/06/17,0,4906000,-1963717,2942283
2013/06/18,0,3450140,-5213000,-1762860
2013/06/19,0,4056000,-5527896,-1471896
2013/06/20,0,1916000,-3668877,-1752877
2013/06/21,0,6683000,-5237808,1445192
2013/06/24,0,6775000,-7090640,-315640
2013/06/25,0,2797000,-3985988,-1188988
2013/06/26,0,8704000,-6686512,2017488
2013/06/27,0,6490000,-5796000,694000
2013/06/28,0,10778654,-6402896,4375758
2013/07/01,0,11286930,-7971930,3315000
2013/07/02,0,3261247,-3816656,-555409
2013/07/03,0,7466321,-5705700,1760621
2013/07/04,0,6399446,-6164000,235446
2013/07/05,0,5906000,-4820183,1085817
2013/07/08,0,11981000,-12215000,-234000
2013/07/09,0,12267000,-8167000,4100000
2013/07/10,0,15712040,-13486875,2225165
2013/07/11,0,10892741,-6554938,4337803
2013/07/12,0,5871000,-3946000,1925000
2013/07/15,0,9837130,-3467667,6369463
2013/07/16,0,13303000,-5633000,7670000
2013/07/17,0,9313000,-5832817,3480183
2013/07/18,0,9522000,-4461061,5060939
2013/07/19,0,9846998,-4342757,5504241
2013/07/22,0,8809856,-6119000,2690856
2013/07/23,0,12425000,-7055530,5369470
2013/07/24,0,6100000,-14087877,-7987877
2013/07/25,0,5756199,-8937569,-3181370
2013/07/26,0,3578000,-6021070,-2443070
2013/07/29,0,1461000,-3057000,-1596000
2013/07/30,0,5684415,-6631000,-946585
2013/07/31,0,3948050,-9448930,-5500880
2013/08/01,0,3096337,-5591000,-2494663
2013/08/02,0,2479969,-5681000,-3201031
2013/08/05,0,4038247,-6233120,-2194873
2013/08/06,0,3228000,-8257000,-5029000
2013/08/07,0,1982000,-5478000,-3496000
2013/08/08,0,1441995,-7455000,-6013005
2013/08/09,0,1852000,-4486000,-2634000
2013/08/12,0,2244000,-7513960,-5269960
2013/08/13,0,3114900,-10754253,-7639353
2013/08/14,0,6436548,-7473000,-1036452
2013/08/15,0,4612200,-18161075,-13548875
2013/08/16,0,6475455,-10412117,-3936662
2013/08/19,0,3763300,-8134320,-4371020
2013/08/20,0,2678000,-4053377,-1375377
2013/08/21,0,0,0,0
2013/08/22,0,8333260,-13930420,-5597160
2013/08/23,0,5762000,-4530291,1231709
2013/08/26,0,2738000,-5613000,-2875000
2013/08/27,0,4629000,-6839000,-2210000
2013/08/28,0,3170000,-2606340,563660
2013/08/29,0,4182326,-3421563,760763
2013/08/30,0,5345349,-5968598,-623249
2013/09/02,0,3561076,-4339146,-778070
2013/09/03,0,3218000,-2288000,930000
2013/09/04,0,2866000,-1118000,1748000
2013/09/05,0,4124393,-3325920,798473
2013/09/06,0,2446500,-4356978,-1910478
2013/09/09,0,6525000,-6575000,-50000
2013/09/10,0,6825000,-2679687,4145313
2013/09/11,0,6526200,-3895642,2630558
2013/09/12,0,5195000,-2203000,2992000
2013/09/13,0,4839000,-10861690,-6022690
2013/09/16,0,5566400,-4551000,1015400
2013/09/17,0,4740000,-3369361,1370639
2013/09/18,0,2809744,-4143000,-1333256
2013/09/19,0,0,0,0
2013/09/20,0,0,0,0
2013/09/23,0,7074865,-8112000,-1037135
2013/09/24,0,4595000,-3493775,1101225
2013/09/25,0,6654380,-9462380,-2808000
2013/09/26,0,3975000,-4098702,-123702
2013/09/27,0,4779000,-7536291,-2757291
2013/09/30,0,7253840,-8666052,-1412212
2013/10/01,0,2852000,-5754229,-2902229
2013/10/02,0,3695808,-6930918,-3235110
2013/10/03,0,6236226,-2645016,3591210
2013/10/04,0,2550000,-5091544,-2541544
2013/10/07,0,2834509,-2574006,260503
2013/10/08,0,4561000,-3550496,1010504
2013/10/09,0,4894000,-4585280,308720
2013/10/10,0,0,0,0
2013/10/11,0,3676000,-12792103,-9116103
2013/10/14,0,3804000,-4249071,-445071
2013/10/15,0,3734000,-2220941,1513059
2013/10/16,0,3238560,-3245523,-6963
2013/10/17,0,3999000,-6729318,-2730318
2013/10/18,0,2090254,-1136664,953590
2013/10/21,0,1445000,-1038121,406879
2013/10/22,0,2666737,-3744741,-1078004
2013/10/23,0,1975853,-1653930,321923
2013/10/24,0,1671000,-2511000,-840000
2013/10/25,0,2734000,-6026887,-3292887
2013/10/28,0,2397720,-1648080,749640
2013/10/29,0,3781000,-1796300,1984700
2013/10/30,0,4300000,-2001955,2298045
2013/10/31,0,4596000,-2802984,1793016
2013/11/01,0,1455000,-929000,526000
2013/11/04,0,2959000,-3071122,-112122
2013/11/05,0,3189000,-4473608,-1284608
2013/11/06,0,2325233,-3594436,-1269203
2013/11/07,0,5059000,-2760821,2298179
2013/11/08,0,2839130,-1566780,1272350
2013/11/11,0,2203000,-4148000,-1945000
2013/11/12,0,8233000,-6782000,1451000
2013/11/13,0,3823347,-5192280,-1368933
2013/11/14,0,2667000,-3157040,-490040
2013/11/15,0,3931000,-4556493,-625493
2013/11/18,0,2292000,-4022762,-1730762
2013/11/19,0,4311962,-9527642,-5215680
2013/11/20,0,6290371,-13806120,-7515749
2013/11/21,0,4712000,-20415633,-15703633
2013/11/22,0,7144768,-24283488,-17138720
2013/11/25,0,19583000,-36092520,-16509520
2013/11/26,0,14097857,-35336970,-21239113
2013/11/27,0,6746809,-9829940,-3083131
2013/11/28,0,7081000,-6836871,244129
2013/11/29,0,10298000,-11430000,-1132000
2013/12/02,0,5063509,-9082000,-4018491
2013/12/03,0,3639780,-5831430,-2191650
2013/12/04,0,6404000,-16549405,-10145405
2013/12/05,0,10009000,-14327960,-4318960
2013/12/06,0,5180300,-7136280,-1955980
2013/12/09,0,8708340,-4077322,4631018
2013/12/10,0,4753000,-2602000,2151000
2013/12/11,0,5532000,-3559399,1972601
2013/12/12,0,1143000,-2009518,-866518
2013/12/13,0,3121843,-1899843,1222000
2013/12/16,0,3941680,-2202784,1738896
2013/12/17,0,2425000,-2377551,47449
2013/12/18,0,3318001,-5012000,-1693999
2013/12/19,0,3498000,-6620505,-3122505
2013/12/20,0,5895000,-5188349,706651
2013/12/23,0,2084670,-1563597,521073
2013/12/24,0,314000,-1555400,-1241400
2013/12/25,0,238000,-353000,-115000
2013/12/26,0,61000,-728050,-667050
2013/12/27,0,1805000,-2102860,-297860
2013/12/30,0,2284000,-662651,1621349
2013/12/31,0,1125000,-1483055,-358055
2014/01/02,0,717000,-405000,312000
2014/01/03,0,1564000,-2336000,-772000
2014/01/06,0,1653030,-1829290,-176260
2014/01/07,0,774000,-2146805,-1372805
2014/01/08,0,1878000,-3106000,-1228000
2014/01/09,0,2399030,-7725340,-5326310
2014/01/10,0,1911000,-4168980,-2257980
2014/01/13,0,1289000,-2228551,-939551
2014/01/14,0,2374000,-4226936,-1852936
2014/01/15,0,4064000,-7313824,-3249824
2014/01/16,0,1266000,-5798121,-4532121
2014/01/17,0,1326551,-5008324,-3681773
2014/01/20,0,935000,-4637145,-3702145
2014/01/21,0,1478000,-8899263,-7421263
2014/01/22,0,4405000,-17723551,-13318551
2014/01/23,0,5175000,-12957440,-7782440
2014/01/24,0,8743000,-15652073,-6909073
2014/01/27,0,8299000,-15366462,-7067462
2014/02/05,0,10316200,-25705647,-15389447
2014/02/06,0,5048000,-19227518,-14179518
2014/02/07,0,5405000,-11881441,-6476441
2014/02/10,0,836046,-4912000,-4075954
2014/02/11,0,1837456,-5517029,-3679573
2014/02/12,0,3001580,-8641511,-5639931
2014/02/13,0,2315871,-9046390,-6730519
2014/02/14,0,17742500,-25940535,-8198035
2014/02/17,0,7782000,-12130359,-4348359
2014/02/18,0,9036200,-8766000,270200
2014/02/19,0,4449000,-4686441,-237441
2014/02/20,0,1144000,-4814830,-3670830
2014/02/21,0,5400131,-3617300,1782831
2014/02/24,0,729000,-2468718,-1739718
2014/02/25,0,2550969,-3897897,-1346928
2014/02/26,0,11302000,-11777552,-475552
2014/02/27,0,10404010,-6998942,3405068
2014/03/03,0,7295000,-9054000,-1759000
2014/03/04,0,4454302,-7150605,-2696303
2014/03/05,0,4192000,-4661625,-469625
2014/03/06,0,9809455,-7400241,2409214
2014/03/07,0,7846000,-9193192,-1347192
2014/03/10,0,5817000,-2622977,3194023
2014/03/11,0,4335000,-3123929,1211071
2014/03/12,0,3968000,-2315969,1652031
2014/03/13,0,11997000,-7677088,4319912
2014/03/14,0,21555000,-6818095,14736905
2014/03/17,0,5892000,-5736000,156000
2014/03/18,0,5082000,-4997576,84424
2014/03/19,0,4490000,-6131000,-1641000
2014/03/20,0,3181000,-8392164,-5211164
2014/03/21,0,5863000,-9556180,-3693180
2014/03/24,0,3931000,-5087420,-1156420
2014/03/25,0,2001000,-6847385,-4846385
2014/03/26,0,3644000,-1459000,2185000
2014/03/27,0,3178000,-1656000,1522000
2014/03/28,0,4611000,-839020,3771980
2014/03/31,0,12336269,-6899783,5436486
2014/04/01,0,3535000,-11217802,-7682802
2014/04/02,0,4405000,-9105000,-4700000
2014/04/03,0,2943000,-3842000,-899000
2014/04/07,0,5248300,-8130000,-2881700
2014/04/08,0,8439562,-7414887,1024675
2014/04/09,0,3155000,-7115922,-3960922
2014/04/10,0,5440532,-5280473,160059
2014/04/11,0,2767000,-7170000,-4403000
2014/04/14,0,2921000,-2565600,355400
2014/04/15,0,2793000,-4851954,-2058954
2014/04/16,0,2791000,-2817000,-26000
2014/04/17,0,1727000,-3622231,-1895231
2014/04/18,0,1304000,-1563000,-259000
2014/04/21,0,576000,-992780,-416780
2014/04/22,0,1968000,-1310060,657940
2014/04/23,0,7136000,-1177000,5959000
2014/04/24,0,2837275,-3115477,-278202
2014/04/25,0,3897000,-2815000,1082000
2014/04/28,0,4500000,-2971000,1529000
2014/04/29,0,2229000,-2754562,-525562
2014/04/30,0,5545000,-5032000,513000
2014/05/02,0,1859000,-1535000,324000
2014/05/05,0,513000,-1629120,-1116120
2014/05/06,0,1372000,-3120460,-1748460
2014/05/07,0,2668000,-3393000,-725000
2014/05/08,0,2444000,-1509204,934796
2014/05/09,0,1945000,-2719520,-774520
2014/05/12,0,867562,-5639624,-4772062
2014/05/13,0,3359245,-3246000,113245
2014/05/14,0,4459000,-1394801,3064199
2014/05/15,0,3074620,-1627000,1447620
2014/05/16,0,2930000,-2111000,819000
2014/05/19,0,1610000,-2529399,-919399
2014/05/20,0,1496000,-2471895,-975895
2014/05/21,0,1161000,-1303000,-142000
2014/05/22,0,5948000,-4735578,1212422
2014/05/23,0,9224000,-9146657,77343
2014/05/26,0,3787000,-693000,3094000
2014/05/27,0,2282000,-2546000,-264000
2014/05/28,0,4984580,-3170000,1814580
2014/05/29,0,4431000,-1028675,3402325
2014/05/30,0,6315000,-6853951,-538951
2014/06/03,0,3991000,-1479100,2511900
2014/06/04,0,1913000,-3896000,-1983000
2014/06/05,0,3175000,-2812620,362380
2014/06/06,0,1383000,-951000,432000
2014/06/09,0,1697000,-755510,941490
2014/06/10,0,3592289,-3014451,577838
2014/06/11,0,3333000,-3077415,255585
2014/06/12,0,2849000,-1320600,1528400
2014/06/13,0,1842000,-1944220,-102220
2014/06/16,0,1298000,-1755074,-457074
2014/06/17,0,2119000,-3229000,-1110000
2014/06/18,0,6409000,-2706714,3702286
2014/06/19,0,1501284,-852000,649284
2014/06/20,0,1865000,-2963000,-1098000
2014/06/23,0,1956000,-1170695,785305
2014/06/24,0,3875000,-3673851,201149
2014/06/25,0,5849000,-2204041,3644959
2014/06/26,0,2627691,-278600,2349091
2014/06/27,0,2265630,-1855120,410510
2014/06/30,0,2381000,-3196948,-815948
2014/07/01,0,1893000,-2089000,-196000
2014/07/02,0,14667123,-4224618,10442505
2014/07/03,0,7642000,-4590000,3052000
2014/07/04,0,3778668,-2534000,1244668
2014/07/07,0,2903670,-1641520,1262150
2014/07/08,0,2874164,-1919000,955164
2014/07/09,0,3479070,-2000000,1479070
2014/07/10,0,5092265,-2090207,3002058
2014/07/11,0,4562000,-1880000,2682000
2014/07/14,0,3410000,-3289000,121000
2014/07/15,0,5393090,-1105000,4288090
2014/07/16,0,3703000,-4381000,-678000
2014/07/17,0,4529891,-1288000,3241891
2014/07/18,0,4315000,-1040000,3275000
2014/07/21,0,3267000,-541000,2726000
2014/07/22,0,4875000,-515000,4360000
2014/07/23,0,0,0,0
2014/07/24,0,3968259,-2588835,1379424
2014/07/25,0,3808000,-1442000,2366000
2014/07/28,0,7952000,-398000,7554000
2014/07/29,0,5822000,-944000,4878000
2014/07/30,0,7962000,-3514000,4448000
2014/07/31,0,5602000,-5138000,464000
2014/08/01,0,5450000,-760000,4690000
2014/08/04,0,3695136,-2963000,732136
2014/08/05,0,5053000,-7870115,-2817115
2014/08/06,0,4410000,-3542170,867830
2014/08/07,0,3301353,-3561584,-260231
2014/08/08,0,4206000,-3081560,1124440
2014/08/11,0,4730000,-2783000,1947000
2014/08/12,0,2265520,-5251183,-2985663
2014/08/13,0,3709000,-3193000,516000
2014/08/14,0,4192000,-4406000,-214000
2014/08/15,0,2018000,-3997600,-1979600
2014/08/18,0,888000,-1505000,-617000
2014/08/19,0,10476138,-7913000,2563138
2014/08/20,0,17151799,-10398599,6753200
2014/08/21,0,4476560,-4553000,-76440
2014/08/22,0,7488165,-2092412,5395753
2014/08/25,0,3210000,-1724000,1486000
2014/08/26,0,5600655,-671000,4929655
2014/08/27,0,11971000,-3016000,8955000
2014/08/28,0,7753000,-3571424,4181576
2014/08/29,0,6864000,-4370014,2493986
2014/09/01,0,6021000,-1716860,4304140
2014/09/02,0,3727000,-1572120,2154880
2014/09/03,0,6416660,-2897840,3518820
2014/09/04,0,4344477,-3077636,1266841
2014/09/05,0,6919636,-3465000,3454636
2014/09/09,0,5022687,-883000,4139687
2014/09/10,0,3626580,-3793000,-166420
2014/09/11,0,1975000,-976000,999000
2014/09/12,0,3335924,-1780000,1555924
2014/09/15,0,5036000,-1493000,3543000
2014/09/16,0,3648000,-3122000,526000
2014/09/17,0,5493000,-3605000,1888000
2014/09/18,0,4851000,-2818272,2032728
2014/09/19,0,2270000,-3241808,-971808
2014/09/22,0,2051300,-5999341,-3948041
2014/09/23,0,4619380,-4043317,576063
2014/09/24,0,3110745,-893879,2216866
2014/09/25,0,14732000,-3896000,10836000
2014/09/26,0,4815040,-2424395,2390645
2014/09/29,0,12687660,-11704000,983660
2014/09/30,0,6959380,-7165810,-206430
2014/10/01,0,8130300,-10270220,-2139920
2014/10/02,0,3315000,-6419640,-3104640
2014/10/03,0,2796895,-3713000,-916105
2014/10/06,0,2154503,-5415708,-3261205
2014/10/07,0,10450000,-14443152,-3993152
2014/10/08,0,7000268,-9326799,-2326531
2014/10/09,0,4249060,-2893000,1356060
2014/10/13,0,5475000,-7100647,-1625647
2014/10/14,0,9140000,-7988360,1151640
2014/10/15,0,23812500,-11948560,11863940
2014/10/16,0,18310165,-13228110,5082055
2014/10/17,0,8756000,-7338511,1417489
2014/10/20,0,9598000,-1413925,8184075
2014/10/21,0,4893000,-4598540,294460
2014/10/22,0,4430895,-4359400,71495
2014/10/23,0,3696895,-1109000,2587895
2014/10/24,0,4044000,-4691433,-647433
2014/10/27,0,2696000,-5437000,-2741000
2014/10/28,0,22513000,-21394364,1118636
2014/10/29,0,15266686,-3071733,12194953
2014/10/30,0,4990038,-2447475,2542563
2014/10/31,0,8560000,-1629219,6930781
2014/11/03,0,6057760,-2086940,3970820
2014/11/04,0,5782000,-210757,5571243
2014/11/05,0,12728000,-6294160,6433840
2014/11/06,0,6979580,-136000,6843580
2014/11/07,0,3464000,-926000,2538000
2014/11/10,0,9789000,-3042300,6746700
2014/11/11,0,5155000,-2200000,2955000
2014/11/12,0,3696000,-8147379,-4451379
2014/11/13,0,3265000,-3536260,-271260
2014/11/14,0,2641000,-4400569,-1759569
2014/11/17,0,6438000,-10631451,-4193451
2014/11/18,0,9661435,-13797598,-4136163
2014/11/19,0,10732798,-12016959,-1284161
2014/11/20,0,2193000,-3465880,-1272880
2014/11/21,0,3791242,-4916200,-1124958
2014/11/24,0,2394000,-5035859,-2641859
2014/11/25,0,6207142,-8092815,-1885673
2014/11/26,0,1942164,-3699000,-1756836
2014/11/27,0,2835162,-3040000,-204838
2014/11/28,0,2351661,-2631095,-279434
2014/12/01,0,3987000,-5151111,-1164111
2014/12/02,0,2790000,-7819845,-5029845
2014/12/03,0,2107000,-6159926,-4052926
2014/12/04,0,2199000,-4755000,-2556000
2014/12/05,0,1149000,-9064045,-7915045
2014/12/08,0,4144000,-5667222,-1523222
2014/12/09,0,7001084,-6489288,511796
2014/12/10,0,9671478,-11866336,-2194858
2014/12/11,0,4806000,-9608959,-4802959
2014/12/12,0,4064510,-7949130,-3884620
2014/12/15,0,3352000,-3592000,-240000
2014/12/16,0,2379000,-4470994,-2091994
2014/12/17,0,4218342,-12358309,-8139967
2014/12/18,0,2638120,-6562100,-3923980
2014/12/19,0,4215980,-6474672,-2258692
2014/12/22,0,2305000,-1356000,949000
2014/12/23,0,1361000,-1749000,-388000
2014/12/24,0,2435300,-2516000,-80700
2014/12/25,0,567000,-624000,-57000
2014/12/26,0,1090000,-773000,317000
2014/12/29,0,3409000,-1439000,1970000
2014/12/30,0,1881000,-2131000,-250000
2014/12/31,0,1097000,-653481,443519
2015/01/01,0,0,0,0
2015/01/02,0,0,0,0
2015/01/05,0,2228000,-6282999,-4054999
2015/01/06,0,1703000,-11200978,-9497978
2015/01/07,0,3429556,-7426971,-3997415
2015/01/08,0,6208089,-5445607,762482
2015/01/09,0,12517443,-10346268,2171175
2015/01/12,0,1536000,-3124663,-1588663
2015/01/13,0,6764400,-2951166,3813234
2015/01/14,0,4406000,-6600660,-2194660
2015/01/15,0,5223000,-3057615,2165385
2015/01/16,0,6310000,-5406929,903071
2015/01/19,0,1997000,-1284380,712620
2015/01/20,0,1543000,-1086635,456365
2015/01/21,0,6549900,-2074813,4475087
2015/01/22,0,5170000,-3004060,2165940
2015/01/23,0,8764000,-2107225,6656775
2015/01/26,0,7197000,-6238719,958281
2015/01/27,0,3862000,-4545400,-683400
2015/01/28,0,2544400,-2451000,93400
2015/01/29,0,5363500,-4183740,1179760
2015/01/30,0,4634237,-9039740,-4405503
2015/02/02,0,3103077,-3392232,-289155
2015/02/03,0,1900000,-2179283,-279283
2015/02/04,0,8290311,-4203000,4087311
2015/02/05,0,7893000,-2265620,5627380
2015/02/06,0,8137000,-1961326,6175674
2015/02/09,0,4872940,-2024000,2848940
2015/02/10,0,4710000,-2640000,2070000
2015/02/11,0,7482560,-2603600,4878960
2015/02/12,0,4754000,-3952147,801853
2015/02/13,0,6883000,-3763638,3119362
2015/02/16,0,0,0,0
2015/02/17,0,0,0,0
2015/02/18,0,0,0,0
2015/02/19,0,0,0,0
2015/02/20,0,0,0,0
2015/02/23,0,0,0,0
2015/02/24,0,15379000,-12360394,3018606
2015/02/25,0,5093000,-3605706,1487294
2015/02/26,0,9482000,-6023320,3458680
2015/02/27,0,0,0,0
2015/03/02,0,7141000,-4826286,2314714
2015/03/03,0,4663827,-3357070,1306757
2015/03/04,0,8436000,-4527271,3908729
2015/03/05,0,4096320,-3385000,711320
2015/03/06,0,2586000,-3369206,-783206
2015/03/09,0,2254150,-2536960,-282810
2015/03/10,0,2260631,-4037623,-1776992
2015/03/11,0,2790000,-4393000,-1603000
2015/03/12,0,3347000,-3634920,-287920
2015/03/13,0,1059564,-3071000,-2011436
2015/03/16,0,1833000,-3430748,-1597748
2015/03/17,0,2308724,-3374533,-1065809
2015/03/18,0,4497000,-4341745,155255
2015/03/19,0,3852000,-3441000,411000
2015/03/20,0,5881000,-7142177,-1261177
2015/03/23,0,3590000,-3338000,252000
2015/03/24,0,4346895,-3821025,525870
2015/03/25,0,2141000,-2663680,-522680
2015/03/26,0,7334826,-3305710,4029116
2015/03/27,0,4556000,-5597869,-1041869
2015/03/30,0,3750924,-3724750,26174
2015/03/31,0,7614000,-8965497,-1351497
2015/04/01,0,4815000,-8029040,-3214040
2015/04/02,0,6644900,-3041700,3603200
2015/04/03,0,0,0,0
2015/04/06,0,0,0,0
2015/04/07,0,2699000,-1427000,1272000
2015/04/08,0,4319491,-4765000,-445509
2015/04/09,0,5439050,-2771500,2667550
2015/04/10,0,8479000,-5993196,2485804
2015/04/13,0,11323000,-8864505,2458495
2015/04/14,0,6664000,-14473320,-7809320
2015/04/15,0,4401655,-10402944,-6001289
2015/04/16,0,4629000,-4190000,439000
2015/04/17,0,2898827,-5713479,-2814652
2015/04/20,0,2590000,-5436606,-2846606
2015/04/21,0,2295000,-1758000,537000
2015/04/22,0,3575642,-5287749,-1712107
2015/04/23,0,6271000,-6467075,-196075
2015/04/24,0,6766000,-6693000,73000
2015/04/27,0,8203000,-7810885,392115
2015/04/28,0,4490000,-5434000,-944000
2015/04/29,0,4951000,-5982642,-1031642
2015/04/30,0,5608000,-11211378,-5603378
2015/05/01,0,0,0,0
2015/05/04,0,2363000,-4318093,-1955093
2015/05/05,0,6021000,-6147000,-126000
2015/05/06,0,3575050,-3268709,306341
2015/05/07,0,2248000,-3630275,-1382275
2015/05/08,0,2410895,-2676388,-265493
2015/05/11,0,2888000,-2448000,440000
2015/05/12,0,9281921,-6008914,3273007
2015/05/13,0,15008000,-3110140,11897860
2015/05/14,0,28263040,-7171000,21092040
2015/05/15,0,11151000,-3249860,7901140
2015/05/18,0,10655000,-3938143,6716857
2015/05/19,0,8544895,-3299974,5244921
2015/05/20,0,5005670,-1936038,3069632
2015/05/21,0,5364200,-6886473,-1522273
2015/05/22,0,4030000,-2072000,1958000
2015/05/25,0,2264000,-1707000,557000
2015/05/26,0,2248877,-1043000,1205877
2015/05/27,0,6667000,-3530903,3136097
2015/05/28,0,9559000,-5557887,4001113
2015/05/29,0,10203790,-9456332,747458
2015/06/01,0,6243000,-8059978,-1816978
2015/06/02,0,7962790,-6365000,1597790
2015/06/03,0,2957000,-4090185,-1133185
2015/06/04,0,4330000,-5545018,-1215018
2015/06/05,0,3459000,-4325609,-866609
2015/06/08,0,4027000,-3439545,587455
2015/06/09,0,2336000,-4459096,-2123096
2015/06/10,0,5617000,-4084441,1532559
2015/06/11,0,4855000,-3287000,1568000
2015/06/12,0,2756000,-3718638,-962638
2015/06/15,0,2131000,-2766000,-635000
2015/06/16,0,5971000,-5099653,871347
2015/06/17,0,7227048,-9081925,-1854877
2015/06/18,0,4904000,-6804684,-1900684
2015/06/19,0,0,0,0
2015/06/22,0,3878789,-6482757,-2603968
2015/06/23,0,1405513,-4237000,-2831487
2015/06/24,0,1742350,-3413025,-1670675
2015/06/25,0,9640737,-6866000,2774737
2015/06/26,0,5634000,-3385000,2249000
2015/06/29,0,3925000,-4213820,-288820
2015/06/30,0,8168000,-5002666,3165334
2015/07/01,0,3433000,-4433477,-1000477
2015/07/02,0,2984536,-2915000,69536
2015/07/03,0,4228000,-4334040,-106040
2015/07/06,0,5618000,-6941000,-1323000
2015/07/07,0,9004000,-8486250,517750
2015/07/08,0,10000000,-7700952,2299048
2015/07/09,0,8074000,-7928000,146000
2015/07/10,0,0,0,0
2015/07/13,0,6286793,-8493903,-2207110
2015/07/14,0,2876000,-4012000,-1136000
2015/07/15,0,5564000,-5254456,309544
2015/07/16,0,3678000,-1305000,2373000
2015/07/17,0,5642941,-2475176,3167765
2015/07/20,0,3803792,-5132000,-1328208
2015/07/21,0,18588087,-1663000,16925087
2015/07/22,0,8522000,-11829805,-3307805
2015/07/23,0,6399504,-5442000,957504
2015/07/24,0,12866900,-5024529,7842371
2015/07/27,0,7513000,-3956000,3557000
2015/07/28,0,8655332,-4874000,3781332
2015/07/29,0,7822000,-6760005,1061995
2015/07/30,0,7830500,-6123168,1707332
2015/07/31,0,11083138,-10008000,1075138
2015/08/03,0,4808920,-3362000,1446920
2015/08/04,0,7003000,-1773886,5229114
2015/08/05,0,13069796,-6547691,6522105
2015/08/06,0,3680040,-5531440,-1851400
2015/08/07,0,6149120,-5017569,1131551
2015/08/10,0,2758000,-3873250,-1115250
2015/08/11,0,13061000,-11411000,1650000
2015/08/12,0,12156000,-5610553,6545447
2015/08/13,0,12969360,-5090012,7879348
2015/08/14,0,10162661,-3610000,6552661
2015/08/17,0,8188979,-2638000,5550979
2015/08/18,0,18597000,-6255120,12341880
2015/08/19,0,16834825,-10207000,6627825
2015/08/20,0,14853000,-13070000,1783000
2015/08/21,0,10965000,-7027000,3938000
2015/08/24,0,10438050,-9577798,860252
2015/08/25,0,8459865,-8476035,-16170
2015/08/26,0,13493000,-10162287,3330713
2015/08/27,0,11126284,-12122347,-996063
2015/08/28,0,8427000,-7972104,454896
2015/08/31,0,17560000,-14930512,2629488
2015/09/01,0,5873808,-8631830,-2758022
2015/09/02,0,10455684,-6093344,4362340
2015/09/03,0,11352000,-5453804,5898196
2015/09/04,0,4415020,-7096302,-2681282
2015/09/07,0,2735000,-6739600,-4004600
2015/09/08,0,12288402,-9435580,2852822
2015/09/09,0,14322837,-5410184,8912653
2015/09/10,0,7172940,-2761140,4411800
2015/09/11,0,9166000,-7125000,2041000
2015/09/14,0,3393000,-4577109,-1184109
2015/09/15,0,5028560,-4831080,197480
2015/09/16,0,7287000,-3257090,4029910
2015/09/17,0,14002000,-8707331,5294669
2015/09/18,0,9182148,-8597811,584337
2015/09/21,0,4525000,-7335792,-2810792
2015/09/22,0,5149761,-5162633,-12872
2015/09/23,0,2973000,-12540210,-9567210
2015/09/24,0,3125846,-4426000,-1300154
2015/09/25,0,8487572,-8454686,32886
2015/09/28,0,0,0,0
2015/09/29,0,0,0,0
2015/09/30,0,17389600,-12543542,4846058
2015/10/01,0,9764078,-6248044,3516034
2015/10/02,0,3125728,-2677480,448248
2015/10/05,0,6803280,-4060635,2742645
2015/10/06,0,6278720,-3194640,3084080
2015/10/07,0,9100595,-5716020,3384575
2015/10/08,0,3554000,-4443430,-889430
2015/10/09,0,0,0,0
2015/10/12,0,5564369,-7414988,-1850619
2015/10/13,0,3907176,-4773857,-866681
2015/10/14,0,2428040,-3111720,-683680
2015/10/15,0,5345000,-3837362,1507638
2015/10/16,0,5941000,-6017720,-76720
2015/10/19,0,4696320,-4972520,-276200
2015/10/20,0,5486000,-5107872,378128
2015/10/21,0,2046000,-1681000,365000
2015/10/22,0,5125000,-4951000,174000
2015/10/23,0,8454342,-7024600,1429742
2015/10/26,0,4327000,-5404480,-1077480
2015/10/27,0,5562050,-8044967,-2482917
2015/10/28,0,4303000,-5253946,-950946
2015/10/29,0,6742000,-6557659,184341
2015/10/30,0,4562000,-3612772,949228
2015/11/02,0,3208000,-3304520,-96520
2015/11/03,0,8744000,-11289081,-2545081
2015/11/04,0,7452000,-4232507,3219493
2015/11/05,0,2599692,-3462006,-862314
2015/11/06,0,3047000,-9242441,-6195441
2015/11/09,0,3572656,-5194690,-1622034
2015/11/10,0,4289000,-8413487,-4124487
2015/11/11,0,6598762,-8211380,-1612618
2015/11/12,0,5108680,-6709480,-1600800
2015/11/13,0,3506000,-8235420,-4729420
2015/11/16,0,7595000,-9371705,-1776705
2015/11/17,0,5789000,-5355997,433003
2015/11/18,0,3466000,-8229000,-4763000
2015/11/19,0,8913000,-7217027,1695973
2015/11/20,0,4342000,-5332580,-990580
2015/11/23,0,2656683,-2812689,-156006
2015/11/24,0,8660000,-7787649,872351
2015/11/25,0,4170502,-4300997,-130495
2015/11/26,0,9117000,-6155336,2961664
2015/11/27,0,1845680,-1641228,204452
2015/11/30,0,17288050,-22162682,-4874632
2015/12/01,0,4614000,-4561919,52081
2015/12/02,0,3653000,-4623182,-970182
2015/12/03,0,4220188,-3382590,837598
2015/12/04,0,4321000,-5647685,-1326685
2015/12/07,0,4859000,-1994364,2864636
2015/12/08,0,4310000,-6830067,-2520067
2015/12/09,0,4287000,-7608000,-3321000
2015/12/10,0,6545000,-9545000,-3000000
2015/12/11,0,7041136,-6857823,183313
2015/12/14,0,4798170,-5204702,-406532
2015/12/15,0,4800170,-4517362,282808
2015/12/16,0,7725052,-3889000,3836052
2015/12/17,0,5702000,-5669096,32904
2015/12/18,0,6591399,-6365256,226143
2015/12/21,0,3157723,-6186144,-3028421
2015/12/22,0,3811966,-2892852,919114
2015/12/23,0,3056144,-1284314,1771830
2015/12/24,0,1710000,-1057077,652923
2015/12/25,0,998000,-171000,827000
2015/12/28,0,2702000,-2275136,426864
2015/12/29,0,1515000,-4242749,-2727749
2015/12/30,0,1709502,-1817701,-108199
2015/12/31,0,2664974,-1821000,843974
2016/01/01,0,0,0,0
2016/01/04,0,1645000,-6575000,-4930000
2016/01/05,0,2186821,-3509640,-1322819
2016/01/06,0,4127003,-7405311,-3278308
2016/01/07,0,2659592,-6050533,-3390941
2016/01/08,0,1783658,-7727947,-5944289
2016/01/11,0,3528550,-11533960,-8005410
2016/01/12,0,4881000,-11875200,-6994200
2016/01/13,0,6225157,-4866484,1358673
2016/01/14,0,6181176,-6241000,-59824
2016/01/15,0,4122000,-11715522,-7593522
2016/01/18,0,5338131,-7688000,-2349869
2016/01/19,0,4330952,-3650788,680164
2016/01/20,0,7323794,-7706000,-382206
2016/01/21,0,7017840,-7836000,-818160
2016/01/22,0,5562000,-6100720,-538720
2016/01/25,0,5561000,-4269560,1291440
2016/01/26,0,6207145,-7723441,-1516296
2016/01/27,0,5711000,-2674262,3036738
2016/01/28,0,11319000,-3547601,7771399
2016/01/29,0,10654187,-6160000,4494187
2016/02/01,0,4079144,-1771000,2308144
2016/02/02,0,10595770,-2788840,7806930
2016/02/03,0,5073000,-6905313,-1832313
2016/02/04,0,0,0,0
2016/02/05,0,0,0,0
2016/02/08,0,0,0,0
2016/02/09,0,0,0,0
2016/02/10,0,0,0,0
2016/02/11,0,0,0,0
2016/02/12,0,0,0,0
2016/02/15,0,16408376,-8648006,7760370
2016/02/16,0,7018020,-3389100,3628920
2016/02/17,0,8230352,-5831200,2399152
2016/02/18,0,16914000,-9812136,7101864
2016/02/19,0,4742650,-3093649,1649001
2016/02/22,0,5769000,-4780000,989000
2016/02/23,0,8644872,-6471298,2173574
2016/02/24,0,4570000,-4992264,-422264
2016/02/25,0,8188799,-7036000,1152799
2016/02/26,0,7704473,-4050575,3653898
2016/02/29,0,0,0,0
2016/03/01,0,6764081,-5566000,1198081
2016/03/02,0,5042963,-5983200,-940237
2016/03/03,0,8183000,-8677000,-494000
2016/03/04,0,4396000,-5583900,-1187900
2016/03/07,0,5949000,-5030280,918720
2016/03/08,0,5932703,-3788878,2143825
2016/03/09,0,3704450,-2815602,888848
2016/03/10,0,5053000,-2531032,2521968
2016/03/11,0,4575000,-4849000,-274000
2016/03/14,0,5544624,-7491000,-1946376
2016/03/15,0,9335000,-3017000,6318000
2016/03/16,0,5697000,-2046356,3650644
2016/03/17,0,11345666,-3618820,7726846
2016/03/18,0,12487478,-7492367,4995111
2016/03/21,0,4041000,-4163000,-122000
2016/03/22,0,6470574,-6360803,109771
2016/03/23,0,15288800,-11682000,3606800
2016/03/24,0,12604000,-11973000,631000
2016/03/25,0,3487000,-3441000,46000
2016/03/28,0,3500000,-2548525,951475
2016/03/29,0,11332000,-10978030,353970
2016/03/30,0,8856800,-8215385,641415
2016/03/31,0,12687800,-12847095,-159295
2016/04/01,0,7197680,-10041609,-2843929
2016/04/04,0,0,0,0
2016/04/05,0,0,0,0
2016/04/06,0,13122039,-13610160,-488121
2016/04/07,0,7726850,-10015853,-2289003
2016/04/08,0,9586000,-12323720,-2737720
2016/04/11,0,9108000,-7568943,1539057
2016/04/12,0,11868000,-10982024,885976
2016/04/13,0,11673064,-8516462,3156602
2016/04/14,0,8030000,-7381083,648917
2016/04/15,0,12626261,-5721000,6905261
2016/04/18,0,2927000,-2651985,275015
2016/04/19,0,3125000,-3739862,-614862
2016/04/20,0,9821194,-6635063,3186131
2016/04/21,0,4185981,-5191553,-1005572
2016/04/22,0,2823833,-1164000,1659833
2016/04/25,0,2367377,-2033970,333407
2016/04/26,0,3548791,-4291000,-742209
2016/04/27,0,5333000,-3440840,1892160
2016/04/28,0,6737019,-6686000,51019
2016/04/29,0,8051038,-7786180,264858
2016/05/02,0,0,0,0
2016/05/03,0,4106000,-4430396,-324396
2016/05/04,0,7815466,-10257931,-2442465
2016/05/05,0,4013000,-5122000,-1109000
2016/05/06,0,5813666,-6976000,-1162334
2016/05/09,0,1759003,-3530896,-1771893
2016/05/10,0,2854833,-4560000,-1705167
2016/05/11,0,5017941,-5935600,-917659
2016/05/12,0,5568000,-2779640,2788360
2016/05/13,0,22967534,-8134200,14833334
2016/05/16,0,6599000,-4570000,2029000
2016/05/17,0,5972440,-4825713,1146727
2016/05/18,0,6095315,-6188000,-92685
2016/05/19,0,6188000,-7109520,-921520
2016/05/20,0,6351000,-3093690,3257310
2016/05/23,0,6785239,-2932000,3853239
2016/05/24,0,4701417,-5000000,-298583
2016/05/25,0,5073833,-3063040,2010793
2016/05/26,0,2112000,-2962000,-850000
2016/05/27,0,5642000,-4231794,1410206
2016/05/30,0,6259000,-1195966,5063034
2016/05/31,0,13627084,-9157505,4469579
2016/06/01,0,7436406,-3344000,4092406
2016/06/02,0,7712852,-2351598,5361254
2016/06/03,0,5095000,-3016000,2079000
2016/06/06,0,7246000,-3603724,3642276
2016/06/07,0,10866000,-6284000,4582000
2016/06/08,0,9674000,-8382120,1291880
2016/06/09,0,0,0,0
2016/06/10,0,0,0,0
2016/06/13,0,13270000,-15071259,-1801259
2016/06/14,0,4682764,-2712000,1970764
2016/06/15,0,5449003,-2345473,3103530
2016/06/16,0,5210000,-4949589,260411
2016/06/17,0,8093920,-4961488,3132432
2016/06/20,0,4220000,-3506200,713800
2016/06/21,0,7258489,-3439360,3819129
2016/06/22,0,6204848,-4947246,1257602
2016/06/23,0,4098138,-5244840,-1146702
2016/06/24,0,4699527,-7910896,-3211369
2016/06/27,0,3212000,-2186543,1025457
2016/06/28,0,4326000,-3745000,581000
2016/06/29,0,7872200,-3869102,4003098
2016/06/30,0,6578000,-5721729,856271
2016/07/01,0,8783000,-363392,8419608
2016/07/04,0,2432592,-1556540,876052
2016/07/05,0,5683000,-3566000,2117000
2016/07/06,0,4109000,-4688000,-579000
2016/07/07,0,7162000,-4218562,2943438
2016/07/08,0,0,0,0
2016/07/11,0,15356163,-8764000,6592163
2016/07/12,0,9816664,-5571567,4245097
2016/07/13,0,8631600,-1910231,6721369
2016/07/14,0,4268652,-1996597,2272055
2016/07/15,0,8730489,-4126326,4604163
2016/07/18,0,5067000,-1108000,3959000
2016/07/19,0,7777000,-4576800,3200200
2016/07/20,0,9887000,-6225000,3662000
2016/07/21,0,14083517,-10118002,3965515
2016/07/22,0,8059000,-5801068,2257932
2016/07/25,0,8212000,-3129000,5083000
2016/07/26,0,9325000,-4847000,4478000
2016/07/27,0,6274121,-5264000,1010121
2016/07/28,0,5707805,-3525000,2182805
2016/07/29,0,6364000,-6460080,-96080
2016/08/01,0,7250136,-2793000,4457136
2016/08/02,0,3439570,-3136112,303458
2016/08/03,0,4218641,-1841000,2377641
2016/08/04,0,4438000,-5595387,-1157387
2016/08/05,0,6262839,-2834600,3428239
2016/08/08,0,1990989,-2925798,-934809
2016/08/09,0,4474000,-1480000,2994000
2016/08/10,0,9779480,-2340000,7439480
2016/08/11,0,9151937,-4577000,4574937
2016/08/12,0,5617629,-2627960,2989669
2016/08/15,0,4174000,-9069144,-4895144
2016/08/16,0,7444000,-7461241,-17241
2016/08/17,0,4108640,-4083000,25640
2016/08/18,0,8446000,-11730095,-3284095
2016/08/19,0,4950735,-6733000,-1782265
2016/08/22,0,4239300,-5227300,-988000
2016/08/23,0,3407300,-5999931,-2592631
2016/08/24,0,3280796,-4499587,-1218791
2016/08/25,0,6152300,-7496834,-1344534
2016/08/26,0,3300980,-4031504,-730524
2016/08/29,0,3337300,-5151740,-1814440
2016/08/30,0,3623324,-3551105,72219
2016/08/31,0,5400006,-12836657,-7436651
2016/09/01,0,3328910,-8405364,-5076454
2016/09/02,0,4409110,-7058610,-2649500
2016/09/05,0,3983000,-5715000,-1732000
2016/09/06,0,8530168,-10609958,-2079790
2016/09/07,0,6686028,-10623339,-3937311
2016/09/08,0,5714000,-5463772,250228
2016/09/09,0,2831000,-6941264,-4110264
2016/09/12,0,7545316,-10337210,-2791894
2016/09/13,0,6451000,-8648000,-2197000
2016/09/14,0,7589271,-14126341,-6537070
2016/09/15,0,0,0,0
2016/09/16,0,0,0,0
2016/09/19,0,17118000,-18148370,-1030370
2016/09/20,0,7430547,-12030581,-4600034
2016/09/21,0,7116000,-9099000,-1983000
2016/09/22,0,13597120,-14092000,-494880
2016/09/23,0,7499000,-12158259,-4659259
2016/09/26,0,2985000,-4414885,-1429885
2016/09/27,0,0,0,0
2016/09/28,0,0,0,0
2016/09/29,0,17372096,-13465861,3906235
2016/09/30,0,8301092,-13202905,-4901813
2016/10/03,0,9946000,-3665000,6281000
2016/10/04,0,13601390,-7704231,5897159
2016/10/05,0,10262320,-8959440,1302880
2016/10/06,0,6140792,-7253611,-1112819
2016/10/07,0,5046588,-5160067,-113479
2016/10/10,0,0,0,0
2016/10/11,0,8992000,-10716807,-1724807
2016/10/12,0,2390000,-3209264,-819264
2016/10/13,0,6293000,-5348000,945000
2016/10/14,0,5922977,-8238382,-2315405
2016/10/17,0,3290000,-3713612,-423612
2016/10/18,0,9257008,-6757680,2499328
2016/10/19,0,5662499,-5991000,-328501
2016/10/20,0,4862000,-5795869,-933869
2016/10/21,0,2385000,-1098000,1287000
2016/10/24,0,4343000,-3597597,745403
2016/10/25,0,16532000,-16263936,268064
2016/10/26,0,5433000,-4676602,756398
2016/10/27,0,7204222,-9377800,-2173578
2016/10/28,0,4494001,-5762903,-1268902
2016/10/31,0,7118404,-4129000,2989404
2016/11/01,0,2982000,-3130360,-148360
2016/11/02,0,2249806,-2637158,-387352
2016/11/03,0,5623000,-6532464,-909464
2016/11/04,0,2823000,-2256000,567000
2016/11/07,0,2656000,-5066833,-2410833
2016/11/08,0,4268826,-3363000,905826
2016/11/09,0,5645000,-21414220,-15769220
2016/11/10,0,3712000,-18186000,-14474000
2016/11/11,0,4920000,-24147205,-19227205
2016/11/14,0,4709000,-15928328,-11219328
2016/11/15,0,14415000,-21899033,-7484033
2016/11/16,0,14496000,-21612872,-7116872
2016/11/17,0,4227000,-16300000,-12073000
2016/11/18,0,3164000,-12366256,-9202256
2016/11/21,0,1927000,-7471822,-5544822
2016/11/22,0,4959000,-11446685,-6487685
2016/11/23,0,5802628,-13138342,-7335714
2016/11/24,0,9125000,-11104000,-1979000
2016/11/25,0,2897000,-5470503,-2573503
2016/11/28,0,2960000,-5921898,-2961898
2016/11/29,0,7561000,-13062160,-5501160
2016/11/30,0,10635172,-18073649,-7438477
2016/12/01,0,5351966,-9840301,-4488335
2016/12/02,0,5957000,-12372860,-6415860
2016/12/05,0,2670000,-5918232,-3248232
2016/12/06,0,4081000,-7920729,-3839729
2016/12/07,0,5353000,-8023739,-2670739
2016/12/08,0,10756000,-11726302,-970302
2016/12/09,0,7046625,-7067539,-20914
2016/12/12,0,2654000,-7219614,-4565614
2016/12/13,0,2635184,-7343448,-4708264
2016/12/14,0,3489485,-7127921,-3638436
2016/12/15,0,3835000,-17209000,-13374000
2016/12/16,0,7926981,-13455779,-5528798
2016/12/19,0,2041136,-5668956,-3627820
2016/12/20,0,1761204,-5001820,-3240616
2016/12/21,0,1948000,-6599708,-4651708
2016/12/22,0,1122584,-4175008,-3052424
2016/12/23,0,1362000,-4006000,-2644000
2016/12/26,0,385000,-687000,-302000
2016/12/27,0,475000,-1985000,-1510000
2016/12/28,0,1621310,-3462000,-1840690
2016/12/29,0,2223290,-3970000,-1746710
2016/12/30,0,3948000,-2761001,1186999
2017/01/02,0,0,0,0
2017/01/03,0,1121000,-1792000,-671000
2017/01/04,0,3781000,-7958455,-4177455
2017/01/05,0,9968314,-10924835,-956521
2017/01/06,0,2887055,-5705722,-2818667
2017/01/09,0,1832294,-2671415,-839121
2017/01/10,0,1361000,-5621000,-4260000
2017/01/11,0,4105244,-8121138,-4015894
2017/01/12,0,5248000,-3997461,1250539
2017/01/13,0,6322618,-7083000,-760382
2017/01/16,0,3242000,-5869984,-2627984
2017/01/17,0,1987538,-4223824,-2236286
2017/01/18,0,3404000,-6823609,-3419609
2017/01/19,0,8600000,-9734297,-1134297
2017/01/20,0,3537652,-5216618,-1678966
2017/01/23,0,10144000,-15101307,-4957307
2017/01/24,0,9824619,-16875321,-7050702
2017/01/25,0,0,0,0
2017/01/26,0,0,0,0
2017/01/27,0,0,0,0
2017/01/30,0,0,0,0
2017/01/31,0,0,0,0
2017/02/01,0,0,0,0
2017/02/02,0,32919343,-43615463,-10696120
2017/02/03,0,9104000,-11533846,-2429846
2017/02/06,0,5880302,-8421941,-2541639
2017/02/07,0,3878091,-7568700,-3690609
2017/02/08,0,4256404,-11767716,-7511312
2017/02/09,0,4177178,-4549880,-372702
2017/02/10,0,10071000,-12643030,-2572030
2017/02/13,0,3332612,-3360225,-27613
2017/02/14,0,6939000,-11060956,-4121956
2017/02/15,0,7815000,-5990862,1824138
2017/02/16,0,5031000,-2660029,2370971
2017/02/17,0,2009000,-3908240,-1899240
2017/02/20,0,2565100,-4732000,-2166900
2017/02/21,0,2873000,-3352000,-479000
2017/02/22,0,3828537,-4190118,-361581
2017/02/23,0,3940000,-5995000,-2055000
2017/02/24,0,11261000,-11001054,259946
2017/02/27,0,0,0,0
2017/02/28,0,0,0,0
2017/03/01,0,15071050,-6192467,8878583
2017/03/02,0,5316956,-9819468,-4502512
2017/03/03,0,2228000,-5658774,-3430774
2017/03/06,0,2346524,-3322856,-976332
2017/03/07,0,2613720,-1829384,784336
2017/03/08,0,5570000,-7600850,-2030850
2017/03/09,0,5574000,-13659349,-8085349
2017/03/10,0,4465029,-11607000,-7141971
2017/03/13,0,6573428,-9246772,-2673344
2017/03/14,0,10479451,-4357356,6122095
2017/03/15,0,5765553,-2220214,3545339
2017/03/16,0,6724000,-3892000,2832000
2017/03/17,0,12109524,-5920224,6189300
2017/03/20,0,6841000,-8610000,-1769000
2017/03/21,0,7260204,-3921240,3338964
2017/03/22,0,3822000,-3752772,69228
2017/03/23,0,3526000,-1409316,2116684
2017/03/24,0,7739495,-6511010,1228485
2017/03/27,0,4736000,-4973000,-237000
2017/03/28,0,8826000,-7400365,1425635
2017/03/29,0,4404622,-4482626,-78004
2017/03/30,0,10083000,-11544676,-1461676
2017/03/31,0,9839000,-9684680,154320
2017/04/03,0,0,0,0
2017/04/04,0,0,0,0
2017/04/05,0,15928221,-10812993,5115228
2017/04/06,0,10416000,-10204000,212000
2017/04/07,0,1978463,-9356299,-7377836
2017/04/10,0,3037000,-3491000,-454000
2017/04/11,0,3063000,-7634600,-4571600
2017/04/12,0,6668047,-5854268,813779
2017/04/13,0,2594799,-2592000,2799
2017/04/14,0,501000,-728000,-227000
2017/04/17,0,1499000,-2911000,-1412000
2017/04/18,0,1656900,-3182030,-1525130
2017/04/19,0,4006816,-7221488,-3214672
2017/04/20,0,6363821,-8551679,-2187858
2017/04/21,0,3432000,-4048409,-616409
2017/04/24,0,7372843,-7231188,141655
2017/04/25,0,8099843,-7562000,537843
2017/04/26,0,5966315,-4843658,1122657
2017/04/27,0,2957582,-3422111,-464529
2017/04/28,0,2513700,-3496685,-982985
2017/05/01,0,0,0,0
2017/05/02,0,5624696,-6528035,-903339
2017/05/03,0,3457000,-4079000,-622000
2017/05/04,0,4086500,-7110947,-3024447
2017/05/05,0,4927228,-2352000,2575228
2017/05/08,0,2902609,-3100729,-198120
2017/05/09,0,4758982,-5363518,-604536
2017/05/10,0,6416324,-5741000,675324
2017/05/11,0,12472721,-10553576,1919145
2017/05/12,0,8766836,-4326581,4440255
2017/05/15,0,5754254,-3053784,2700470
2017/05/16,0,10198400,-7799556,2398844
2017/05/17,0,9310800,-6305974,3004826
2017/05/18,0,6981244,-2448180,4533064
2017/05/19,0,4057561,-2628043,1429518
2017/05/22,0,1783900,-2847002,-1063102
2017/05/23,0,3787040,-3926024,-138984
2017/05/24,0,4431901,-2035236,2396665
2017/05/25,0,9360000,-4253247,5106753
2017/05/26,0,0,0,0
2017/05/29,0,0,0,0
2017/05/30,0,0,0,0
2017/05/31,0,9954000,-11734584,-1780584
2017/06/01,0,6718779,-6803517,-84738
2017/06/02,0,4083000,-2897160,1185840
2017/06/05,0,3296714,-3664000,-367286
2017/06/06,0,5164272,-2705000,2459272
2017/06/07,0,6584800,-2761000,3823800
2017/06/08,0,2372374,-5202100,-2829726
2017/06/09,0,5819000,-8890473,-3071473
2017/06/12,0,3658190,-4388000,-729810
2017/06/13,0,4920000,-4469000,451000
2017/06/14,0,7483000,-4989334,2493666
2017/06/15,0,4054688,-5743000,-1688312
2017/06/16,0,5966436,-8152747,-2186311
2017/06/19,0,3874612,-3205542,669070
2017/06/20,0,6507068,-7273699,-766631
2017/06/21,0,7492000,-3754000,3738000
2017/06/22,0,7271614,-2398000,4873614
2017/06/23,0,7212000,-4170232,3041768
2017/06/26,0,10414000,-6694700,3719300
2017/06/27,0,6487583,-3353000,3134583
2017/06/28,0,9272939,-5419000,3853939
2017/06/29,0,7554531,-7507000,47531
2017/06/30,0,4650000,-2676208,1973792
2017/07/03,0,17044000,-16806363,237637
2017/07/04,0,3072000,-2942000,130000
2017/07/05,0,2823000,-2742000,81000
2017/07/06,0,1592000,-1942000,-350000
2017/07/07,0,2284465,-3085605,-801140
2017/07/10,0,2616047,-2493243,122804
2017/07/11,0,3154077,-3091000,63077
2017/07/12,0,5090000,-7641052,-2551052
2017/07/13,0,8910274,-8554300,355974
2017/07/14,0,1848218,-4393000,-2544782
2017/07/17,0,2445000,-5969000,-3524000
2017/07/18,0,2878680,-3828000,-949320
2017/07/19,0,3962282,-5345000,-1382718
2017/07/20,0,1845826,-3546000,-1700174
2017/07/21,0,2108698,-2457835,-349137
2017/07/24,0,6504831,-4188348,2316483
2017/07/25,0,3298849,-3616816,-317967
2017/07/26,0,4592000,-3550083,1041917
2017/07/27,0,0,0,0
2017/07/28,0,6669745,-10851972,-4182227
2017/07/31,0,15195000,-13853809,1341191
2017/08/01,0,14241868,-14584909,-343041
2017/08/02,0,6116293,-8181920,-2065627
2017/08/03,0,12764166,-9847306,2916860
2017/08/04,0,17684000,-15466812,2217188
2017/08/07,0,2756095,-2914245,-158150
2017/08/08,0,4984685,-4604044,380641
2017/08/09,0,10487418,-12008080,-1520662
2017/08/10,0,6536224,-3739846,2796378
2017/08/11,0,2832617,-3954000,-1121383
2017/08/14,0,5322000,-2006021,3315979
2017/08/15,0,12446000,-5059715,7386285
2017/08/16,0,8357000,-2673410,5683590
2017/08/17,0,4679000,-2033000,2646000
2017/08/18,0,3720000,-2285991,1434009
