Date,Open,Buy,Sell,Total
2007/01/02,0,12000,-1000,11000
2007/01/03,0,12000,0,12000
2007/01/04,0,6000,-7000,-1000
2007/01/05,0,0,0,0
2007/01/08,0,0,-1920,-1920
2007/01/09,0,0,0,0
2007/01/10,0,0,-2000,-2000
2007/01/11,0,0,0,0
2007/01/12,0,0,0,0
2007/01/15,0,0,-5000,-5000
2007/01/16,0,0,-166000,-166000
2007/01/17,0,0,-6000,-6000
2007/01/18,0,3000,-4000,-1000
2007/01/19,0,2000,0,2000
2007/01/22,0,2000,-6000,-4000
2007/01/23,0,0,-1000,-1000
2007/01/24,0,9000,0,9000
2007/01/25,0,1000,0,1000
2007/01/26,0,0,-11000,-11000
2007/01/29,0,2000,0,2000
2007/01/30,0,0,0,0
2007/01/31,0,2000,0,2000
2007/02/01,0,3000,0,3000
2007/02/02,0,1000,0,1000
2007/02/05,0,159000,-2000,157000
2007/02/06,0,4000,0,4000
2007/02/07,0,0,-3000,-3000
2007/02/08,0,0,0,0
2007/02/09,0,78000,0,78000
2007/02/12,0,416000,-57000,359000
2007/02/13,0,413000,-40000,373000
2007/02/14,0,120000,0,120000
2007/02/15,0,0,0,0
2007/02/16,0,0,0,0
2007/02/19,0,0,0,0
2007/02/20,0,0,0,0
2007/02/21,0,0,0,0
2007/02/22,0,0,0,0
2007/02/23,0,0,0,0
2007/02/26,0,110000,-3000,107000
2007/02/27,0,70000,-8000,62000
2007/02/28,0,0,0,0
2007/03/01,0,91000,-21000,70000
2007/03/02,0,90000,0,90000
2007/03/05,0,171000,-27000,144000
2007/03/06,0,35000,0,35000
2007/03/07,0,89000,-68000,21000
2007/03/08,0,66000,-23000,43000
2007/03/09,0,63000,0,63000
2007/03/12,0,85000,0,85000
2007/03/13,0,32000,0,32000
2007/03/14,0,75000,-3000,72000
2007/03/15,0,107000,0,107000
2007/03/16,0,67000,0,67000
2007/03/19,0,38000,0,38000
2007/03/20,0,0,0,0
2007/03/21,0,35000,0,35000
2007/03/22,0,65000,-2000,63000
2007/03/23,0,88000,0,88000
2007/03/26,0,2000,-30000,-28000
2007/03/27,0,1000,-3000,-2000
2007/03/28,0,0,-11000,-11000
2007/03/29,0,0,-12000,-12000
2007/03/30,0,2000,0,2000
2007/04/02,0,205000,0,205000
2007/04/03,0,514000,-1000,513000
2007/04/04,0,294000,-1000,293000
2007/04/05,0,0,0,0
2007/04/06,0,0,0,0
2007/04/09,0,204000,0,204000
2007/04/10,0,269000,-2000,267000
2007/04/11,0,270000,-2000,268000
2007/04/12,0,129000,0,129000
2007/04/13,0,0,0,0
2007/04/16,0,8000,0,8000
2007/04/17,0,30000,0,30000
2007/04/18,0,0,-4000,-4000
2007/04/19,0,0,-39000,-39000
2007/04/20,0,0,-103000,-103000
2007/04/23,0,66000,-278000,-212000
2007/04/24,0,0,0,0
2007/04/25,0,1000,-12000,-11000
2007/04/26,0,12000,-6000,6000
2007/04/27,0,2000,-469000,-467000
2007/04/30,0,6000,0,6000
2007/05/01,0,0,0,0
2007/05/02,0,0,-9000,-9000
2007/05/03,0,13000,-7000,6000
2007/05/04,0,109000,-7000,102000
2007/05/07,0,17000,0,17000
2007/05/08,0,0,-4000,-4000
2007/05/09,0,5277000,-5276000,1000
2007/05/10,0,0,-11000,-11000
2007/05/11,0,0,-4000,-4000
2007/05/14,0,1000,0,1000
2007/05/15,0,0,-1000,-1000
2007/05/16,0,10000,0,10000
2007/05/17,0,98000,0,98000
2007/05/18,0,98000,-4000,94000
2007/05/21,0,54000,0,54000
2007/05/22,0,0,0,0
2007/05/23,0,5348000,-5348000,0
2007/05/24,0,0,0,0
2007/05/25,0,56000,0,56000
2007/05/28,0,41000,0,41000
2007/05/29,0,0,0,0
2007/05/30,0,0,0,0
2007/05/31,0,7000,0,7000
2007/06/01,0,0,0,0
2007/06/04,0,1000,0,1000
2007/06/05,0,4000,-3000,1000
2007/06/06,0,74000,-4000,70000
2007/06/07,0,0,-23000,-23000
2007/06/08,0,0,-4000,-4000
2007/06/11,0,0,0,0
2007/06/12,0,4000,0,4000
2007/06/13,0,0,0,0
2007/06/14,0,0,0,0
2007/06/15,0,2000,0,2000
2007/06/18,0,0,0,0
2007/06/19,0,0,0,0
2007/06/20,0,39000,0,39000
2007/06/21,0,122000,-14540,107460
2007/06/22,0,9000,0,9000
2007/06/25,0,82000,-6000,76000
2007/06/26,0,0,-8000,-8000
2007/06/27,0,0,-8000,-8000
2007/06/28,0,7000,0,7000
2007/06/29,0,348000,-8000,340000
2007/07/02,0,5000,-11000,-6000
2007/07/03,0,0,-5000,-5000
2007/07/04,0,43000,0,43000
2007/07/05,0,39000,0,39000
2007/07/06,0,0,0,0
2007/07/09,0,42000,0,42000
2007/07/10,0,42000,-10000,32000
2007/07/11,0,24000,-7000,17000
2007/07/12,0,2000,-42000,-40000
2007/07/13,0,0,-3000,-3000
2007/07/16,0,20000,0,20000
2007/07/17,0,37000,-20000,17000
2007/07/18,0,61000,-19000,42000
2007/07/19,0,32000,-48000,-16000
2007/07/20,0,22000,-22000,0
2007/07/23,0,67000,0,67000
2007/07/24,0,110000,-10000,100000
2007/07/25,0,288000,0,288000
2007/07/26,0,14000,-6000,8000
2007/07/27,0,97000,-23000,74000
2007/07/30,0,30000,-133000,-103000
2007/07/31,0,170000,-142000,28000
2007/08/01,0,305000,-279000,26000
2007/08/02,0,5000,-40000,-35000
2007/08/03,0,4000,-47000,-43000
2007/08/06,0,1000,-12000,-11000
2007/08/07,0,0,-5000,-5000
2007/08/08,0,23000,-50000,-27000
2007/08/09,0,7000,0,7000
2007/08/10,0,9000,-32000,-23000
2007/08/13,0,19000,-16000,3000
2007/08/14,0,2000,-5000,-3000
2007/08/15,0,10000,-43000,-33000
2007/08/16,0,14000,-29000,-15000
2007/08/17,0,0,-19000,-19000
2007/08/20,0,25000,0,25000
2007/08/21,0,495000,-10000,485000
2007/08/22,0,2000,0,2000
2007/08/23,0,156000,0,156000
2007/08/24,0,0,-18000,-18000
2007/08/27,0,0,-1000,-1000
2007/08/28,0,0,0,0
2007/08/29,0,2000,-2000,0
2007/08/30,0,11000,-4000,7000
2007/08/31,0,21000,-11000,10000
2007/09/03,0,13000,-1001,11999
2007/09/04,0,0,-15000,-15000
2007/09/05,0,0,-25000,-25000
2007/09/06,0,11000,0,11000
2007/09/07,0,26000,-10000,16000
2007/09/10,0,84000,-40000,44000
2007/09/11,0,0,-21000,-21000
2007/09/12,0,0,-8000,-8000
2007/09/13,0,0,-10000,-10000
2007/09/14,0,2000,0,2000
2007/09/17,0,4000,-4000,0
2007/09/18,0,0,0,0
2007/09/19,0,3000,0,3000
2007/09/20,0,27000,-4000,23000
2007/09/21,0,8000,0,8000
2007/09/24,0,0,0,0
2007/09/25,0,0,0,0
2007/09/26,0,14000,0,14000
2007/09/27,0,12000,-3000,9000
2007/09/28,0,5000,-27000,-22000
2007/10/01,0,0,-13000,-13000
2007/10/02,0,19000,-1000,18000
2007/10/03,0,46000,-200000,-154000
2007/10/04,0,140000,-265000,-125000
2007/10/05,0,14000,-195000,-181000
2007/10/08,0,55000,0,55000
2007/10/09,0,3000,-11000,-8000
2007/10/10,0,0,0,0
2007/10/11,0,55000,-1000,54000
2007/10/12,0,0,-16000,-16000
2007/10/15,0,6000,-7000,-1000
2007/10/16,0,0,-3000,-3000
2007/10/17,0,4000,-11000,-7000
2007/10/18,0,5000,0,5000
2007/10/19,0,28000,0,28000
2007/10/22,0,1000,-39000,-38000
2007/10/23,0,74000,-14000,60000
2007/10/24,0,1000,-18000,-17000
2007/10/25,0,5000,-2000,3000
2007/10/26,0,73000,0,73000
2007/10/29,0,31000,-1000,30000
2007/10/30,0,18000,-5000,13000
2007/10/31,0,10000,0,10000
2007/11/01,0,1000,-4000,-3000
2007/11/02,0,0,-7000,-7000
2007/11/05,0,12000,-18000,-6000
2007/11/06,0,0,-10000,-10000
2007/11/07,0,63000,-10000,53000
2007/11/08,0,71000,-51000,20000
2007/11/09,0,124000,0,124000
2007/11/12,0,0,-40000,-40000
2007/11/13,0,78000,-24000,54000
2007/11/14,0,0,-1180,-1180
2007/11/15,0,0,0,0
2007/11/16,0,0,-4000,-4000
2007/11/19,0,0,-1000,-1000
2007/11/20,0,15000,-15000,0
2007/11/21,0,0,-50000,-50000
2007/11/22,0,17000,-2000,15000
2007/11/23,0,57000,-15000,42000
2007/11/26,0,21000,0,21000
2007/11/27,0,22000,-4000,18000
2007/11/28,0,2000,0,2000
2007/11/29,0,252000,-441000,-189000
2007/11/30,0,18000,0,18000
2007/12/03,0,0,-7000,-7000
2007/12/04,0,6000,0,6000
2007/12/05,0,0,-11000,-11000
2007/12/06,0,30000,-5000,25000
2007/12/07,0,86000,-10770,75230
2007/12/10,0,6000,0,6000
2007/12/11,0,0,0,0
2007/12/12,0,13000,0,13000
2007/12/13,0,5000,-10000,-5000
2007/12/14,0,27000,-11000,16000
2007/12/17,0,187000,-30000,157000
2007/12/18,0,95000,-20000,75000
2007/12/19,0,66000,-12000,54000
2007/12/20,0,1000,-12000,-11000
2007/12/21,0,6000,-1000,5000
2007/12/24,0,94000,-4000,90000
2007/12/25,0,82000,-2000,80000
2007/12/26,0,106000,-6000,100000
2007/12/27,0,156000,0,156000
2007/12/28,0,129000,-3000,126000
2007/12/31,0,6000,-4000,2000
2008/01/01,0,0,0,0
2008/01/02,0,0,-60000,-60000
2008/01/03,0,2000,-2000,0
2008/01/04,0,16000,-5000,11000
2008/01/07,0,36000,-3000,33000
2008/01/08,0,27000,-2000,25000
2008/01/09,0,53000,0,53000
2008/01/10,0,99000,-15000,84000
2008/01/11,0,154000,-17000,137000
2008/01/14,0,3000,-3000,0
2008/01/15,0,35000,-13000,22000
2008/01/16,0,16000,0,16000
2008/01/17,0,214000,-8000,206000
2008/01/18,0,101000,-36000,65000
2008/01/21,0,0,-14000,-14000
2008/01/22,0,2000,-174000,-172000
2008/01/23,0,13000,-13000,0
2008/01/24,0,13000,-21000,-8000
2008/01/25,0,0,-16000,-16000
2008/01/28,0,0,-5000,-5000
2008/01/29,0,0,0,0
2008/01/30,0,0,-37000,-37000
2008/01/31,0,15000,0,15000
2008/02/01,0,5000,0,5000
2008/02/04,0,0,0,0
2008/02/05,0,0,0,0
2008/02/06,0,0,0,0
2008/02/07,0,0,0,0
2008/02/08,0,0,0,0
2008/02/11,0,0,0,0
2008/02/12,0,173000,-5000,168000
2008/02/13,0,205000,-10000,195000
2008/02/14,0,50000,-4000,46000
2008/02/15,0,121000,-23000,98000
2008/02/18,0,33000,-301000,-268000
2008/02/19,0,16000,-207000,-191000
2008/02/20,0,8000,-335000,-327000
2008/02/21,0,12000,-283000,-271000
2008/02/22,0,4000,-303000,-299000
2008/02/25,0,7000,-624000,-617000
2008/02/26,0,21000,-356000,-335000
2008/02/27,0,0,-615000,-615000
2008/02/28,0,0,0,0
2008/02/29,0,79000,-1147000,-1068000
2008/03/03,0,7000,-2826000,-2819000
2008/03/04,0,44000,-504000,-460000
2008/03/05,0,11000,-535000,-524000
2008/03/06,0,34000,-932000,-898000
2008/03/07,0,12000,-37000,-25000
2008/03/10,0,71000,-2000,69000
2008/03/11,0,90000,0,90000
2008/03/12,0,43000,0,43000
2008/03/13,0,2000,0,2000
2008/03/14,0,0,-1000,-1000
2008/03/17,0,586000,-35000,551000
2008/03/18,0,133000,-12000,121000
2008/03/19,0,13000,0,13000
2008/03/20,0,137000,-9000,128000
2008/03/21,0,89000,0,89000
2008/03/24,0,279000,-68000,211000
2008/03/25,0,624000,-192000,432000
2008/03/26,0,806000,-1000,805000
2008/03/27,0,309000,-205000,104000
2008/03/28,0,474000,0,474000
2008/03/31,0,290000,-808000,-518000
2008/04/01,0,1000,-273000,-272000
2008/04/02,0,0,-8000,-8000
2008/04/03,0,0,-18000,-18000
2008/04/04,0,0,0,0
2008/04/07,0,10000,0,10000
2008/04/08,0,6000,-55000,-49000
2008/04/09,0,0,-58000,-58000
2008/04/10,0,0,-138000,-138000
2008/04/11,0,9000,-189000,-180000
2008/04/14,0,5000,-130000,-125000
2008/04/15,0,0,-76000,-76000
2008/04/16,0,29000,-872000,-843000
2008/04/17,0,83000,-560000,-477000
2008/04/18,0,14000,-31000,-17000
2008/04/21,0,16000,-36000,-20000
2008/04/22,0,9000,-461,8539
2008/04/23,0,21000,-175000,-154000
2008/04/24,0,0,-51000,-51000
2008/04/25,0,5000,0,5000
2008/04/28,0,0,-1000,-1000
2008/04/29,0,300000,-190000,110000
2008/04/30,0,401000,-2300000,-1899000
2008/05/01,0,0,0,0
2008/05/02,0,0,-8949000,-8949000
2008/05/05,0,0,-200000,-200000
2008/05/06,0,0,-341000,-341000
2008/05/07,0,400000,-400000,0
2008/05/08,0,5921000,-4693000,1228000
2008/05/09,0,1083000,-737000,346000
2008/05/12,0,12000,-3000,9000
2008/05/13,0,207000,-13000,194000
2008/05/14,0,204000,-101000,103000
2008/05/15,0,31000,0,31000
2008/05/16,0,262000,-3000,259000
2008/05/19,0,253000,-4000,249000
2008/05/20,0,127000,-1485000,-1358000
2008/05/21,0,928000,-515570,412430
2008/05/22,0,80000,-1041000,-961000
2008/05/23,0,80000,-468000,-388000
2008/05/26,0,2000,0,2000
2008/05/27,0,0,0,0
2008/05/28,0,66000,-367000,-301000
2008/05/29,0,3000,-63000,-60000
2008/05/30,0,170000,-14000,156000
2008/06/02,0,9000,-1007000,-998000
2008/06/03,0,73000,-15000,58000
2008/06/04,0,65000,-75000,-10000
2008/06/05,0,86000,-71000,15000
2008/06/06,0,28000,-85000,-57000
2008/06/09,0,0,-44000,-44000
2008/06/10,0,12000,-38000,-26000
2008/06/11,0,8000,-252000,-244000
2008/06/12,0,86000,-365000,-279000
2008/06/13,0,54000,-1634000,-1580000
2008/06/16,0,116000,-608411,-492411
2008/06/17,0,26000,-76000,-50000
2008/06/18,0,3000,-84000,-81000
2008/06/19,0,43000,-168000,-125000
2008/06/20,0,2000,-156000,-154000
2008/06/23,0,3000,-2000,1000
2008/06/24,0,10000,-14000,-4000
2008/06/25,0,156000,-10000,146000
2008/06/26,0,145000,-75000,70000
2008/06/27,0,60000,-102000,-42000
2008/06/30,0,56000,-98000,-42000
2008/07/01,0,46000,-52000,-6000
2008/07/02,0,147000,-4000,143000
2008/07/03,0,59000,-69000,-10000
2008/07/04,0,164000,-76000,88000
2008/07/07,0,106000,-51000,55000
2008/07/08,0,0,-178000,-178000
2008/07/09,0,13000,-11000,2000
2008/07/10,0,114000,-34000,80000
2008/07/11,0,127000,-75000,52000
2008/07/14,0,6000,-47000,-41000
2008/07/15,0,0,-153000,-153000
2008/07/16,0,47000,-29000,18000
2008/07/17,0,6000,-110000,-104000
2008/07/18,0,84000,-104000,-20000
2008/07/21,0,50000,-83000,-33000
2008/07/22,0,60000,-16000,44000
2008/07/23,0,467000,-46000,421000
2008/07/24,0,62000,-162000,-100000
2008/07/25,0,59000,-62000,-3000
2008/07/28,0,0,0,0
2008/07/29,0,42000,-41000,1000
2008/07/30,0,90000,-47000,43000
2008/07/31,0,5000,-766000,-761000
2008/08/01,0,10000,-288000,-278000
2008/08/04,0,68000,-120000,-52000
2008/08/05,0,6000,-231000,-225000
2008/08/06,0,32000,-21000,11000
2008/08/07,0,0,-2000,-2000
2008/08/08,0,53000,-9000,44000
2008/08/11,0,4000,-47000,-43000
2008/08/12,0,3000,-6000,-3000
2008/08/13,0,63000,-3000,60000
2008/08/14,0,95000,-67000,28000
2008/08/15,0,2000,-101000,-99000
2008/08/18,0,0,-2000,-2000
2008/08/19,0,57000,-98000,-41000
2008/08/20,0,12000,-62000,-50000
2008/08/21,0,29000,-168000,-139000
2008/08/22,0,8000,-37000,-29000
2008/08/25,0,26000,-9000,17000
2008/08/26,0,5000,-25000,-20000
2008/08/27,0,42000,-5000,37000
2008/08/28,0,23000,-402000,-379000
2008/08/29,0,79000,-440000,-361000
2008/09/01,0,1000,-109000,-108000
2008/09/02,0,22000,-93000,-71000
2008/09/03,0,0,-18000,-18000
2008/09/04,0,6000,-6000,0
2008/09/05,0,6000,-39000,-33000
2008/09/08,0,26000,0,26000
2008/09/09,0,0,-29000,-29000
2008/09/10,0,14000,-2000,12000
2008/09/11,0,20000,-62000,-42000
2008/09/12,0,33000,-19000,14000
2008/09/15,0,0,-36000,-36000
2008/09/16,0,0,0,0
2008/09/17,0,5000,-9000,-4000
2008/09/18,0,0,0,0
2008/09/19,0,446000,-12000,434000
2008/09/22,0,300000,-30000,270000
2008/09/23,0,141000,-200000,-59000
2008/09/24,0,0,-320000,-320000
2008/09/25,0,248000,-145000,103000
2008/09/26,0,3000,-741000,-738000
2008/09/29,0,0,0,0
2008/09/30,0,20000,-13000,7000
2008/10/01,0,38000,-38000,0
2008/10/02,0,72000,-51000,21000
2008/10/03,0,285000,0,285000
2008/10/06,0,84000,-88000,-4000
2008/10/07,0,18000,-130000,-112000
2008/10/08,0,7000,-166000,-159000
2008/10/09,0,47000,-98000,-51000
2008/10/10,0,0,0,0
2008/10/13,0,34000,-222000,-188000
2008/10/14,0,208000,-102000,106000
2008/10/15,0,59000,-262000,-203000
2008/10/16,0,1000,-64000,-63000
2008/10/17,0,11000,-635000,-624000
2008/10/20,0,1000,-242000,-241000
2008/10/21,0,141000,-4000,137000
2008/10/22,0,20000,-20000,0
2008/10/23,0,1000,-465000,-464000
2008/10/24,0,0,-305000,-305000
2008/10/27,0,0,-572000,-572000
2008/10/28,0,22000,-27000,-5000
2008/10/29,0,18000,-34000,-16000
2008/10/30,0,60000,-19000,41000
2008/10/31,0,51000,0,51000
2008/11/03,0,110000,-27000,83000
2008/11/04,0,31000,-27000,4000
2008/11/05,0,97000,-354000,-257000
2008/11/06,0,102000,-131000,-29000
2008/11/07,0,63000,-20000,43000
2008/11/10,0,128000,-36000,92000
2008/11/11,0,10000,-53000,-43000
2008/11/12,0,75000,-79000,-4000
2008/11/13,0,13000,-55000,-42000
2008/11/14,0,3000,-43000,-40000
2008/11/17,0,172000,-14000,158000
2008/11/18,0,28000,-172000,-144000
2008/11/19,0,26000,-23000,3000
2008/11/20,0,24000,-23000,1000
2008/11/21,0,35000,-32000,3000
2008/11/24,0,158000,-83000,75000
2008/11/25,0,84000,-135000,-51000
2008/11/26,0,63000,-56000,7000
2008/11/27,0,152000,-7000,145000
2008/11/28,0,53000,-65000,-12000
2008/12/01,0,53000,-45000,8000
2008/12/02,0,376000,-212000,164000
2008/12/03,0,11000,-159000,-148000
2008/12/04,0,30000,-11000,19000
2008/12/05,0,15000,-30000,-15000
2008/12/08,0,125000,-208000,-83000
2008/12/09,0,43000,-128000,-85000
2008/12/10,0,31000,-11000,20000
2008/12/11,0,36000,-8000,28000
2008/12/12,0,69000,-300000,-231000
2008/12/15,0,7000,-241000,-234000
2008/12/16,0,23000,-47000,-24000
2008/12/17,0,73000,-523000,-450000
2008/12/18,0,115000,-151000,-36000
2008/12/19,0,43000,-93000,-50000
2008/12/22,0,33000,-167000,-134000
2008/12/23,0,10000,-39000,-29000
2008/12/24,0,24000,-12000,12000
2008/12/25,0,1000,-24000,-23000
2008/12/26,0,59000,-1000,58000
2008/12/29,0,4000,-12000,-8000
2008/12/30,0,162000,-34000,128000
2008/12/31,0,6000,-321000,-315000
2009/01/01,0,0,0,0
2009/01/02,0,0,0,0
2009/01/05,0,110000,-441000,-331000
2009/01/06,0,73000,-37000,36000
2009/01/07,0,188000,-13000,175000
2009/01/08,0,1000,-254000,-253000
2009/01/09,0,28000,-46000,-18000
2009/01/12,0,174000,-337000,-163000
2009/01/13,0,7000,-110000,-103000
2009/01/14,0,35000,-7000,28000
2009/01/15,0,28000,-94000,-66000
2009/01/16,0,6000,-123000,-117000
2009/01/19,0,8000,-75000,-67000
2009/01/20,0,147000,-221000,-74000
2009/01/21,0,46000,-105000,-59000
2009/01/22,0,0,0,0
2009/01/23,0,0,0,0
2009/01/26,0,0,0,0
2009/01/27,0,0,0,0
2009/01/28,0,0,0,0
2009/01/29,0,0,0,0
2009/01/30,0,0,0,0
2009/02/02,0,73000,-48000,25000
2009/02/03,0,67000,-2000,65000
2009/02/04,0,138000,-36000,102000
2009/02/05,0,920000,-1000,919000
2009/02/06,0,1000,-57000,-56000
2009/02/09,0,0,-15000,-15000
2009/02/10,0,20000,0,20000
2009/02/11,0,0,-30000,-30000
2009/02/12,0,12000,-24000,-12000
2009/02/13,0,0,0,0
2009/02/16,0,16000,0,16000
2009/02/17,0,3000,-6000,-3000
2009/02/18,0,35000,-101000,-66000
2009/02/19,0,0,-35000,-35000
2009/02/20,0,12000,-15000,-3000
2009/02/23,0,246000,0,246000
2009/02/24,0,0,0,0
2009/02/25,0,31000,0,31000
2009/02/26,0,0,-12000,-12000
2009/02/27,0,17000,0,17000
2009/03/02,0,1000,-16000,-15000
2009/03/03,0,0,-72000,-72000
2009/03/04,0,0,0,0
2009/03/05,0,213000,0,213000
2009/03/06,0,20000,0,20000
2009/03/09,0,14000,0,14000
2009/03/10,0,37000,0,37000
2009/03/11,0,36000,-6000,30000
2009/03/12,0,0,-36000,-36000
2009/03/13,0,47000,-4000,43000
2009/03/16,0,140000,-34000,106000
2009/03/17,0,5000,-70000,-65000
2009/03/18,0,42000,-40000,2000
2009/03/19,0,871000,0,871000
2009/03/20,0,697000,-53000,644000
2009/03/23,0,240000,-50000,190000
2009/03/24,0,1000,-10000,-9000
2009/03/25,0,71000,-495,70505
2009/03/26,0,1000,-9000,-8000
2009/03/27,0,1000,0,1000
2009/03/30,0,0,-47000,-47000
2009/03/31,0,0,-33000,-33000
2009/04/01,0,0,0,0
2009/04/02,0,85000,-25000,60000
2009/04/03,0,75000,-255000,-180000
2009/04/06,0,8000,-105000,-97000
2009/04/07,0,74000,-356000,-282000
2009/04/08,0,0,-193000,-193000
2009/04/09,0,17000,-320000,-303000
2009/04/10,0,108000,-851000,-743000
2009/04/13,0,45000,0,45000
2009/04/14,0,32000,-1105000,-1073000
2009/04/15,0,14000,-1032000,-1018000
2009/04/16,0,38000,-1617000,-1579000
2009/04/17,0,585000,-179000,406000
2009/04/20,0,20000,-165000,-145000
2009/04/21,0,215000,-196000,19000
2009/04/22,0,244000,-352000,-108000
2009/04/23,0,31000,-785005,-754005
2009/04/24,0,62000,-308000,-246000
2009/04/27,0,26000,-35000,-9000
2009/04/28,0,59000,-11000,48000
2009/04/29,0,246000,-409000,-163000
2009/04/30,0,41000,0,41000
2009/05/01,0,0,0,0
2009/05/04,0,532000,-1000,531000
2009/05/05,0,223000,-73000,150000
2009/05/06,0,250000,-23000,227000
2009/05/07,0,151000,-112000,39000
2009/05/08,0,105000,-128000,-23000
2009/05/11,0,73000,-189000,-116000
2009/05/12,0,41000,-582000,-541000
2009/05/13,0,19000,-250000,-231000
2009/05/14,0,86000,-94000,-8000
2009/05/15,0,90000,-87000,3000
2009/05/18,0,174000,-96000,78000
2009/05/19,0,116000,-55000,61000
2009/05/20,0,126000,-46000,80000
2009/05/21,0,392000,-400000,-8000
2009/05/22,0,1000,-67000,-66000
2009/05/25,0,701000,-25000,676000
2009/05/26,0,277000,-142000,135000
2009/05/27,0,83000,-40000,43000
2009/05/28,0,0,0,0
2009/05/29,0,0,0,0
2009/06/01,0,181000,-74000,107000
2009/06/02,0,180000,-216000,-36000
2009/06/03,0,83000,-171000,-88000
2009/06/04,0,18000,-251000,-233000
2009/06/05,0,93000,-9000,84000
2009/06/08,0,55000,-230000,-175000
2009/06/09,0,129000,-56000,73000
2009/06/10,0,50000,-19000,31000
2009/06/11,0,31000,-43000,-12000
2009/06/12,0,72000,-99000,-27000
2009/06/15,0,31000,-107000,-76000
2009/06/16,0,10000,-31000,-21000
2009/06/17,0,5000,-48000,-43000
2009/06/18,0,7000,-5000,2000
2009/06/19,0,37000,-14000,23000
2009/06/22,0,46000,-23000,23000
2009/06/23,0,14000,-111000,-97000
2009/06/24,0,170000,-21000,149000
2009/06/25,0,59000,-18000,41000
2009/06/26,0,29000,-22000,7000
2009/06/29,0,396000,-13000,383000
2009/06/30,0,411000,-132000,279000
2009/07/01,0,52000,0,52000
2009/07/02,0,67000,-16000,51000
2009/07/03,0,36000,-146000,-110000
2009/07/06,0,26000,-24000,2000
2009/07/07,0,28000,-3000,25000
2009/07/08,0,0,-37000,-37000
2009/07/09,0,43000,0,43000
2009/07/10,0,8000,-18000,-10000
2009/07/13,0,28000,-239000,-211000
2009/07/14,0,10000,-19000,-9000
2009/07/15,0,100000,-87180,12820
2009/07/16,0,26000,-35000,-9000
2009/07/17,0,172000,-4000,168000
2009/07/20,0,179000,-11000,168000
2009/07/21,0,146000,-82000,64000
2009/07/22,0,27000,-7000,20000
2009/07/23,0,58000,-14000,44000
2009/07/24,0,2000,-39000,-37000
2009/07/27,0,37000,-2000,35000
2009/07/28,0,930000,-29000,901000
2009/07/29,0,4000,-43000,-39000
2009/07/30,0,190000,-53000,137000
2009/07/31,0,99000,-52000,47000
2009/08/03,0,11000,-212000,-201000
2009/08/04,0,70000,-169000,-99000
2009/08/05,0,74000,-56000,18000
2009/08/06,0,6000,-71000,-65000
2009/08/07,0,0,0,0
2009/08/10,0,3000,-33000,-30000
2009/08/11,0,14000,-85000,-71000
2009/08/12,0,13000,-65000,-52000
2009/08/13,0,0,-80000,-80000
2009/08/14,0,0,-119000,-119000
2009/08/17,0,10000,-1000,9000
2009/08/18,0,263000,-10000,253000
2009/08/19,0,5000,-20000,-15000
2009/08/20,0,5000,-58000,-53000
2009/08/21,0,6000,-12000,-6000
2009/08/24,0,17000,0,17000
2009/08/25,0,39000,0,39000
2009/08/26,0,0,-61000,-61000
2009/08/27,0,0,0,0
2009/08/28,0,53000,0,53000
2009/08/31,0,14020,-12000,2020
2009/09/01,0,40000,-270000,-230000
2009/09/02,0,53000,-761000,-708000
2009/09/03,0,13000,-6000,7000
2009/09/04,0,212000,-61000,151000
2009/09/07,0,35000,0,35000
2009/09/08,0,140000,-39000,101000
2009/09/09,0,39000,0,39000
2009/09/10,0,170000,-53000,117000
2009/09/11,0,315000,-2000,313000
2009/09/14,0,0,-48000,-48000
2009/09/15,0,85000,0,85000
2009/09/16,0,195000,-5000,190000
2009/09/17,0,148000,-15000,133000
2009/09/18,0,38000,-285,37715
2009/09/21,0,32000,-33000,-1000
2009/09/22,0,92000,-5000,87000
2009/09/23,0,155000,-164000,-9000
2009/09/24,0,71000,-185000,-114000
2009/09/25,0,209000,-177000,32000
2009/09/28,0,7000,-78000,-71000
2009/09/29,0,11000,-580000,-569000
2009/09/30,0,0,0,0
2009/10/01,0,32000,-426000,-394000
2009/10/02,0,0,-98000,-98000
2009/10/05,0,5000,-189075,-184075
2009/10/06,0,43000,-17000,26000
2009/10/07,0,594000,-92000,502000
2009/10/08,0,20000,-123000,-103000
2009/10/09,0,3000,-20000,-17000
2009/10/12,0,30000,-66000,-36000
2009/10/13,0,109000,-104000,5000
2009/10/14,0,15000,-84000,-69000
2009/10/15,0,79000,-56000,23000
2009/10/16,0,20000,-88000,-68000
2009/10/19,0,73000,-10000,63000
2009/10/20,0,175000,-48000,127000
2009/10/21,0,320000,-29045,290955
2009/10/22,0,8000,-86000,-78000
2009/10/23,0,30000,-1000,29000
2009/10/26,0,79000,-30000,49000
2009/10/27,0,19000,-51000,-32000
2009/10/28,0,3000,-14000,-11000
2009/10/29,0,359000,-157030,201970
2009/10/30,0,653000,-35000,618000
2009/11/02,0,131000,-56000,75000
2009/11/03,0,188000,-100000,88000
2009/11/04,0,5000,-8000,-3000
2009/11/05,0,151000,-66000,85000
2009/11/06,0,34000,0,34000
2009/11/09,0,20000,-202000,-182000
2009/11/10,0,373000,0,373000
2009/11/11,0,266000,-1000,265000
2009/11/12,0,146000,-20000,126000
2009/11/13,0,107000,0,107000
2009/11/16,0,72000,-28000,44000
2009/11/17,0,172000,-40000,132000
2009/11/18,0,103000,-128000,-25000
2009/11/19,0,0,-198000,-198000
2009/11/20,0,2000,-167000,-165000
2009/11/23,0,0,-118000,-118000
2009/11/24,0,148000,-52000,96000
2009/11/25,0,347000,-18000,329000
2009/11/26,0,418000,-15140,402860
2009/11/27,0,2000,-168000,-166000
2009/11/30,0,201000,-5000,196000
2009/12/01,0,332000,-114000,218000
2009/12/02,0,387000,-34000,353000
2009/12/03,0,49000,-9000,40000
2009/12/04,0,16000,-70000,-54000
2009/12/07,0,141000,-127000,14000
2009/12/08,0,16000,-25000,-9000
2009/12/09,0,40000,-54000,-14000
2009/12/10,0,27000,-167170,-140170
2009/12/11,0,0,-49000,-49000
2009/12/14,0,5000,-44000,-39000
2009/12/15,0,40000,-16000,24000
2009/12/16,0,0,-132000,-132000
2009/12/17,0,60000,-88000,-28000
2009/12/18,0,0,-167000,-167000
2009/12/21,0,2000,-37000,-35000
2009/12/22,0,21000,-37000,-16000
2009/12/23,0,6000,-10000,-4000
2009/12/24,0,35000,-19000,16000
2009/12/25,0,0,-44000,-44000
2009/12/28,0,64000,-60000,4000
2009/12/29,0,38000,-2000,36000
2009/12/30,0,361000,-44450,316550
2009/12/31,0,258000,-22000,236000
2010/01/01,0,0,0,0
2010/01/04,0,242000,-95000,147000
2010/01/05,0,282000,-74000,208000
2010/01/06,0,134000,-65000,69000
2010/01/07,0,61000,-40000,21000
2010/01/08,0,39000,-61000,-22000
2010/01/11,0,75000,-200000,-125000
2010/01/12,0,10000,-4000,6000
2010/01/13,0,4000,-80000,-76000
2010/01/14,0,18000,-189000,-171000
2010/01/15,0,10000,-153000,-143000
2010/01/18,0,77000,-206000,-129000
2010/01/19,0,30000,-153000,-123000
2010/01/20,0,41000,-66000,-25000
2010/01/21,0,132000,-116000,16000
2010/01/22,0,29000,-150000,-121000
2010/01/25,0,4000,-3000,1000
2010/01/26,0,0,-285000,-285000
2010/01/27,0,59000,-25000,34000
2010/01/28,0,59000,-22000,37000
2010/01/29,0,9000,-17000,-8000
2010/02/01,0,0,-40000,-40000
2010/02/02,0,0,-249000,-249000
2010/02/03,0,115000,-41658,73342
2010/02/04,0,114000,-101000,13000
2010/02/05,0,52000,-604000,-552000
2010/02/08,0,0,-117000,-117000
2010/02/09,0,80000,-40000,40000
2010/02/10,0,102000,-25000,77000
2010/02/11,0,0,0,0
2010/02/12,0,0,0,0
2010/02/15,0,0,0,0
2010/02/16,0,0,0,0
2010/02/17,0,0,0,0
2010/02/18,0,0,0,0
2010/02/19,0,0,0,0
2010/02/22,0,0,-2000,-2000
2010/02/23,0,3000,-30000,-27000
2010/02/24,0,0,-4000,-4000
2010/02/25,0,0,-42000,-42000
2010/02/26,0,27000,0,27000
2010/03/01,0,148000,-16000,132000
2010/03/02,0,212000,-132000,80000
2010/03/03,0,48000,-41000,7000
2010/03/04,0,0,-48000,-48000
2010/03/05,0,93000,-77000,16000
2010/03/08,0,517000,-100000,417000
2010/03/09,0,25000,-3000,22000
2010/03/10,0,22000,-488000,-466000
2010/03/11,0,76000,-23000,53000
2010/03/12,0,90000,-4000,86000
2010/03/15,0,30000,-99000,-69000
2010/03/16,0,25000,0,25000
2010/03/17,0,63000,0,63000
2010/03/18,0,420000,-967000,-547000
2010/03/19,0,339000,-363000,-24000
2010/03/22,0,1513000,-314000,1199000
2010/03/23,0,631000,-182000,449000
2010/03/24,0,30045,-633000,-602955
2010/03/25,0,40000,-283000,-243000
2010/03/26,0,191000,-216000,-25000
2010/03/29,0,164000,0,164000
2010/03/30,0,25000,-950000,-925000
2010/03/31,0,46000,-940000,-894000
2010/04/01,0,311000,-22000,289000
2010/04/02,0,0,-38000,-38000
2010/04/05,0,0,0,0
2010/04/06,0,386000,-102000,284000
2010/04/07,0,74000,-301000,-227000
2010/04/08,0,203000,-606000,-403000
2010/04/09,0,105000,-571000,-466000
2010/04/12,0,259000,-35000,224000
2010/04/13,0,2000,-125000,-123000
2010/04/14,0,18000,-760000,-742000
2010/04/15,0,81000,-546335,-465335
2010/04/16,0,106000,-259000,-153000
2010/04/19,0,34000,-181000,-147000
2010/04/20,0,213000,-589000,-376000
2010/04/21,0,303000,-105000,198000
2010/04/22,0,36000,-416250,-380250
2010/04/23,0,430000,-244000,186000
2010/04/26,0,29000,-87000,-58000
2010/04/27,0,40000,-117000,-77000
2010/04/28,0,139000,-733000,-594000
2010/04/29,0,23000,-66000,-43000
2010/04/30,0,68000,-57000,11000
2010/05/03,0,306000,-371000,-65000
2010/05/04,0,136000,-43000,93000
2010/05/05,0,301000,-107000,194000
2010/05/06,0,301000,-155000,146000
2010/05/07,0,323000,-41060,281940
2010/05/10,0,55000,-106000,-51000
2010/05/11,0,141000,-106000,35000
2010/05/12,0,66000,-254000,-188000
2010/05/13,0,107000,0,107000
2010/05/14,0,659000,-69000,590000
2010/05/17,0,249000,-196000,53000
2010/05/18,0,39000,-171000,-132000
2010/05/19,0,83000,-241000,-158000
2010/05/20,0,111000,-325000,-214000
2010/05/21,0,492000,-1070000,-578000
2010/05/24,0,365000,-20000,345000
2010/05/25,0,126000,-136000,-10000
2010/05/26,0,989000,-247000,742000
2010/05/27,0,206000,-325000,-119000
2010/05/28,0,32000,-408000,-376000
2010/05/31,0,109000,-228000,-119000
2010/06/01,0,1000,-276000,-275000
2010/06/02,0,61000,-50000,11000
2010/06/03,0,17000,-94000,-77000
2010/06/04,0,2000,-1000,1000
2010/06/07,0,155000,-48000,107000
2010/06/08,0,79000,-181000,-102000
2010/06/09,0,1413000,-180000,1233000
2010/06/10,0,1046000,-55000,991000
2010/06/11,0,783000,0,783000
2010/06/14,0,149000,0,149000
2010/06/15,0,571000,-460000,111000
2010/06/16,0,0,0,0
2010/06/17,0,239000,-247000,-8000
2010/06/18,0,153000,-22000,131000
2010/06/21,0,402000,-138000,264000
2010/06/22,0,95000,-203000,-108000
2010/06/23,0,1094000,-424000,670000
2010/06/24,0,224000,-41000,183000
2010/06/25,0,107408,-28000,79408
2010/06/28,0,134000,-107000,27000
2010/06/29,0,210000,-132000,78000
2010/06/30,0,220000,-95000,125000
2010/07/01,0,12000,-172000,-160000
2010/07/02,0,8000,-3000,5000
2010/07/05,0,30000,-9000,21000
2010/07/06,0,430000,-255000,175000
2010/07/07,0,694000,-171000,523000
2010/07/08,0,611000,-168035,442965
2010/07/09,0,700000,-162000,538000
2010/07/12,0,471000,-18000,453000
2010/07/13,0,927000,-45000,882000
2010/07/14,0,349000,-209000,140000
2010/07/15,0,236000,-137000,99000
2010/07/16,0,0,-264402,-264402
2010/07/19,0,25000,-118000,-93000
2010/07/20,0,36000,-92000,-56000
2010/07/21,0,54000,-171000,-117000
2010/07/22,0,146000,-18000,128000
2010/07/23,0,232000,-2000,230000
2010/07/26,0,105000,-3000,102000
2010/07/27,0,104000,-436000,-332000
2010/07/28,0,59000,-84000,-25000
2010/07/29,0,71000,-40000,31000
2010/07/30,0,211000,-165000,46000
2010/08/02,0,279000,-355000,-76000
2010/08/03,0,256000,-59000,197000
2010/08/04,0,206000,-76000,130000
2010/08/05,0,3000,-159000,-156000
2010/08/06,0,9000,-136000,-127000
2010/08/09,0,56000,-35000,21000
2010/08/10,0,23000,-327000,-304000
2010/08/11,0,10000,-9000,1000
2010/08/12,0,91000,-65000,26000
2010/08/13,0,43000,-99000,-56000
2010/08/16,0,138000,-35000,103000
2010/08/17,0,162000,-321000,-159000
2010/08/18,0,62000,-33000,29000
2010/08/19,0,35000,-6000,29000
2010/08/20,0,4000,-6000,-2000
2010/08/23,0,145000,-34000,111000
2010/08/24,0,51000,-374000,-323000
2010/08/25,0,197000,-81000,116000
2010/08/26,0,81000,-224000,-143000
2010/08/27,0,128000,-68000,60000
2010/08/30,0,0,-95000,-95000
2010/08/31,0,6000,-81000,-75000
2010/09/01,0,178000,-271000,-93000
2010/09/02,0,416000,-1000,415000
2010/09/03,0,0,-109000,-109000
2010/09/06,0,3000,-108000,-105000
2010/09/07,0,192000,-125000,67000
2010/09/08,0,14000,-36000,-22000
2010/09/09,0,152000,-148000,4000
2010/09/10,0,5000,-213000,-208000
2010/09/13,0,110000,-226000,-116000
2010/09/14,0,41000,-173000,-132000
2010/09/15,0,72000,-88000,-16000
2010/09/16,0,55000,-367250,-312250
2010/09/17,0,505000,-96000,409000
2010/09/20,0,82000,-128950,-46950
2010/09/21,0,105000,-121400,-16400
2010/09/22,0,0,0,0
2010/09/23,0,74000,-2000,72000
2010/09/24,0,62000,-222000,-160000
2010/09/27,0,3000,-37000,-34000
2010/09/28,0,29000,-512000,-483000
2010/09/29,0,138000,-49650,88350
2010/09/30,0,26000,-158000,-132000
2010/10/01,0,41000,-48000,-7000
2010/10/04,0,42000,-62000,-20000
2010/10/05,0,23000,-215000,-192000
2010/10/06,0,40000,-546000,-506000
2010/10/07,0,174000,-2030000,-1856000
2010/10/08,0,35000,-463000,-428000
2010/10/11,0,480000,-478000,2000
2010/10/12,0,24000,-308250,-284250
2010/10/13,0,37000,-207000,-170000
2010/10/14,0,40000,-109000,-69000
2010/10/15,0,215000,-114000,101000
2010/10/18,0,16000,-188000,-172000
2010/10/19,0,32000,-234000,-202000
2010/10/20,0,299000,-132000,167000
2010/10/21,0,427000,-127000,300000
2010/10/22,0,45000,-78000,-33000
2010/10/25,0,43000,-424000,-381000
2010/10/26,0,72000,-234000,-162000
2010/10/27,0,94000,-70000,24000
2010/10/28,0,39000,-110000,-71000
2010/10/29,0,77000,-66000,11000
2010/11/01,0,172000,-427000,-255000
2010/11/02,0,102000,-74000,28000
2010/11/03,0,162000,-93250,68750
2010/11/04,0,100000,-14837,85163
2010/11/05,0,183000,-262050,-79050
2010/11/08,0,503000,-432011,70989
2010/11/09,0,115000,-564000,-449000
2010/11/10,0,263000,-628000,-365000
2010/11/11,0,39000,-533400,-494400
2010/11/12,0,14000,-21000,-7000
2010/11/15,0,18000,-69000,-51000
2010/11/16,0,3000,-217000,-214000
2010/11/17,0,320000,-263000,57000
2010/11/18,0,8000,-291000,-283000
2010/11/19,0,38000,-115000,-77000
2010/11/22,0,32000,-22000,10000
2010/11/23,0,2750,-13000,-10250
2010/11/24,0,44000,-7100,36900
2010/11/25,0,24000,-5000,19000
2010/11/26,0,72000,-114000,-42000
2010/11/29,0,41000,-46000,-5000
2010/11/30,0,243000,-371131,-128131
2010/12/01,0,120000,-164000,-44000
2010/12/02,0,166000,-46000,120000
2010/12/03,0,15000,-30000,-15000
2010/12/06,0,71000,-15000,56000
2010/12/07,0,104000,-13000,91000
2010/12/08,0,15000,-22000,-7000
2010/12/09,0,85000,-72000,13000
2010/12/10,0,15000,-319000,-304000
2010/12/13,0,17000,-19000,-2000
2010/12/14,0,29000,-181000,-152000
2010/12/15,0,95000,-268850,-173850
2010/12/16,0,51000,-259000,-208000
2010/12/17,0,15000,-218000,-203000
2010/12/20,0,44000,-413000,-369000
2010/12/21,0,13000,-22500,-9500
2010/12/22,0,53000,-6262,46738
2010/12/23,0,34000,-391000,-357000
2010/12/24,0,24000,-376000,-352000
2010/12/27,0,33000,-297000,-264000
2010/12/28,0,50000,-476000,-426000
2010/12/29,0,173000,-17000,156000
2010/12/30,0,45000,-5000,40000
2010/12/31,0,2000,-21000,-19000
2011/01/03,0,22000,-31000,-9000
2011/01/04,0,167000,-138000,29000
2011/01/05,0,41000,-61000,-20000
2011/01/06,0,166000,-46000,120000
2011/01/07,0,43000,-404000,-361000
2011/01/10,0,9000,-20000,-11000
2011/01/11,0,16000,-17000,-1000
2011/01/12,0,9000,-7000,2000
2011/01/13,0,7000,-61000,-54000
2011/01/14,0,41000,0,41000
2011/01/17,0,71000,-201000,-130000
2011/01/18,0,42000,-3000,39000
2011/01/19,0,141000,-41000,100000
2011/01/20,0,6000,-104000,-98000
2011/01/21,0,5000,-480000,-475000
2011/01/24,0,1000,-36000,-35000
2011/01/25,0,21000,-279000,-258000
2011/01/26,0,1000,-13000,-12000
2011/01/27,0,0,-33000,-33000
2011/01/28,0,10000,-11000,-1000
2011/01/31,0,0,0,0
2011/02/01,0,0,0,0
2011/02/02,0,0,0,0
2011/02/03,0,0,0,0
2011/02/04,0,0,0,0
2011/02/07,0,0,0,0
2011/02/08,0,106000,-186000,-80000
2011/02/09,0,38000,-78000,-40000
2011/02/10,0,67000,-254000,-187000
2011/02/11,0,467000,-283000,184000
2011/02/14,0,88000,-664000,-576000
2011/02/15,0,43000,-856321,-813321
2011/02/16,0,164000,-1609000,-1445000
2011/02/17,0,31000,-655000,-624000
2011/02/18,0,73000,-214350,-141350
2011/02/21,0,69000,-60000,9000
2011/02/22,0,54000,-192650,-138650
2011/02/23,0,17000,-62000,-45000
2011/02/24,0,35000,-30000,5000
2011/02/25,0,33000,-111000,-78000
2011/02/28,0,0,0,0
2011/03/01,0,17000,-67000,-50000
2011/03/02,0,45000,-132000,-87000
2011/03/03,0,5000,-73000,-68000
2011/03/04,0,64000,-17000,47000
2011/03/07,0,231000,-10000,221000
2011/03/08,0,171000,-54000,117000
2011/03/09,0,114000,-38000,76000
2011/03/10,0,33000,-54000,-21000
2011/03/11,0,651000,-111000,540000
2011/03/14,0,677000,-60000,617000
2011/03/15,0,737000,-203000,534000
2011/03/16,0,1123000,-49000,1074000
2011/03/17,0,10000,-142000,-132000
2011/03/18,0,1005000,-54000,951000
2011/03/21,0,323000,-36000,287000
2011/03/22,0,383000,-33000,350000
2011/03/23,0,429000,-12000,417000
2011/03/24,0,1129000,-61000,1068000
2011/03/25,0,78000,-280435,-202435
2011/03/28,0,102000,-10000,92000
2011/03/29,0,421000,-3000,418000
2011/03/30,0,219000,-1000,218000
2011/03/31,0,33000,-83565,-50565
2011/04/01,0,55000,-111000,-56000
2011/04/04,0,0,0,0
2011/04/05,0,0,0,0
2011/04/06,0,226000,-13000,213000
2011/04/07,0,307000,-78000,229000
2011/04/08,0,109000,-111000,-2000
2011/04/11,0,67000,-57000,10000
2011/04/12,0,232000,-100050,131950
2011/04/13,0,58000,-20000,38000
2011/04/14,0,228000,-51000,177000
2011/04/15,0,397000,-127000,270000
2011/04/18,0,147000,-88000,59000
2011/04/19,0,83000,-34000,49000
2011/04/20,0,154000,-16000,138000
2011/04/21,0,172000,-30000,142000
2011/04/22,0,91000,-50000,41000
2011/04/25,0,98000,-290000,-192000
2011/04/26,0,198000,-57000,141000
2011/04/27,0,213000,-1000,212000
2011/04/28,0,7000,-227000,-220000
2011/04/29,0,142000,-69000,73000
2011/05/02,0,0,0,0
2011/05/03,0,952000,-97000,855000
2011/05/04,0,262000,-102000,160000
2011/05/05,0,245000,-356000,-111000
2011/05/06,0,27000,-256000,-229000
2011/05/09,0,705000,-165000,540000
2011/05/10,0,217000,-111000,106000
2011/05/11,0,644000,-49000,595000
2011/05/12,0,90000,-106000,-16000
2011/05/13,0,750000,-221000,529000
2011/05/16,0,160000,-100000,60000
2011/05/17,0,526000,-294000,232000
2011/05/18,0,127000,-27000,100000
2011/05/19,0,375000,-24000,351000
2011/05/20,0,278000,-6000,272000
2011/05/23,0,139000,-278000,-139000
2011/05/24,0,37000,-338000,-301000
2011/05/25,0,15000,-164000,-149000
2011/05/26,0,178000,-31622,146378
2011/05/27,0,61000,-41000,20000
2011/05/30,0,87000,-27000,60000
2011/05/31,0,75000,-125700,-50700
2011/06/01,0,89000,-92000,-3000
2011/06/02,0,87000,-331000,-244000
2011/06/03,0,110000,-66000,44000
2011/06/06,0,0,0,0
2011/06/07,0,8000,-67000,-59000
2011/06/08,0,54000,-35000,19000
2011/06/09,0,613630,-181000,432630
2011/06/10,0,253000,-430000,-177000
2011/06/13,0,333000,-126000,207000
2011/06/14,0,136000,-66000,70000
2011/06/15,0,546000,-306000,240000
2011/06/16,0,112000,-126000,-14000
2011/06/17,0,300000,-84000,216000
2011/06/20,0,330000,-22000,308000
2011/06/21,0,270000,-73000,197000
2011/06/22,0,73000,-210000,-137000
2011/06/23,0,59000,-95000,-36000
2011/06/24,0,112000,-248000,-136000
2011/06/27,0,91000,-195000,-104000
2011/06/28,0,0,-78000,-78000
2011/06/29,0,64000,-121000,-57000
2011/06/30,0,120000,-240000,-120000
2011/07/01,0,1548000,-402672,1145328
2011/07/04,0,495000,-367000,128000
2011/07/05,0,193000,-436000,-243000
2011/07/06,0,244000,-292000,-48000
2011/07/07,0,158000,-204000,-46000
2011/07/08,0,348000,-664000,-316000
2011/07/11,0,72000,-71000,1000
2011/07/12,0,621000,-557000,64000
2011/07/13,0,156000,-133000,23000
2011/07/14,0,78000,-261000,-183000
2011/07/15,0,34000,-124000,-90000
2011/07/18,0,555000,-178391,376609
2011/07/19,0,478050,-454000,24050
2011/07/20,0,81000,-190000,-109000
2011/07/21,0,1249000,-196000,1053000
2011/07/22,0,85000,-230000,-145000
2011/07/25,0,9000,-443000,-434000
2011/07/26,0,18000,-12000,6000
2011/07/27,0,239000,-349050,-110050
2011/07/28,0,1054000,-1026000,28000
2011/07/29,0,819000,-584000,235000
2011/08/01,0,385000,-358000,27000
2011/08/02,0,1743000,-720000,1023000
2011/08/03,0,87000,-99000,-12000
2011/08/04,0,308050,-603000,-294950
2011/08/05,0,24000,-35000,-11000
2011/08/08,0,31000,-303000,-272000
2011/08/09,0,2818500,-1910000,908500
2011/08/10,0,274000,-1617000,-1343000
2011/08/11,0,351000,-343000,8000
2011/08/12,0,18000,-693000,-675000
2011/08/15,0,225000,-7000,218000
2011/08/16,0,214500,-230000,-15500
2011/08/17,0,105250,-152000,-46750
2011/08/18,0,24000,-659000,-635000
2011/08/19,0,266000,-46000,220000
2011/08/22,0,1345000,-841000,504000
2011/08/23,0,256000,-325000,-69000
2011/08/24,0,0,-124000,-124000
2011/08/25,0,27000,-1181000,-1154000
2011/08/26,0,234000,-161000,73000
2011/08/29,0,173000,-172000,1000
2011/08/30,0,117000,-92000,25000
2011/08/31,0,29000,-84000,-55000
2011/09/01,0,90000,-2232000,-2142000
2011/09/02,0,543000,-182000,361000
2011/09/05,0,79000,-154000,-75000
2011/09/06,0,425000,-782000,-357000
2011/09/07,0,118000,-303000,-185000
2011/09/08,0,169000,-20000,149000
2011/09/09,0,678000,-30000,648000
2011/09/12,0,0,0,0
2011/09/13,0,499000,-126000,373000
2011/09/14,0,709000,-473000,236000
2011/09/15,0,523000,-150000,373000
2011/09/16,0,1659000,-299000,1360000
2011/09/19,0,451000,-732000,-281000
2011/09/20,0,406000,-403811,2189
2011/09/21,0,1189000,-239000,950000
2011/09/22,0,74000,-650000,-576000
2011/09/23,0,364000,-1658000,-1294000
2011/09/26,0,217000,-277000,-60000
2011/09/27,0,136000,-31000,105000
2011/09/28,0,314000,-275000,39000
2011/09/29,0,341000,-293000,48000
2011/09/30,0,106000,-217250,-111250
2011/10/03,0,306000,-306000,0
2011/10/04,0,261000,-7000,254000
2011/10/05,0,32000,-216000,-184000
2011/10/06,0,341811,-250000,91811
2011/10/07,0,49000,-99000,-50000
2011/10/10,0,0,0,0
2011/10/11,0,909000,-623750,285250
2011/10/12,0,448000,-110000,338000
2011/10/13,0,906000,-56000,850000
2011/10/14,0,1113000,-118000,995000
2011/10/17,0,497000,-207000,290000
2011/10/18,0,436000,-63000,373000
2011/10/19,0,215000,-55000,160000
2011/10/20,0,108000,-102000,6000
2011/10/21,0,396000,-43000,353000
2011/10/24,0,309000,-48000,261000
2011/10/25,0,509000,-134250,374750
2011/10/26,0,504000,-55000,449000
2011/10/27,0,322000,-194000,128000
2011/10/28,0,380000,-107000,273000
2011/10/31,0,334700,-72000,262700
2011/11/01,0,603000,-94250,508750
2011/11/02,0,800000,-287000,513000
2011/11/03,0,286000,-399000,-113000
2011/11/04,0,381800,-198250,183550
2011/11/07,0,618000,-134000,484000
2011/11/08,0,363000,-117000,246000
2011/11/09,0,245000,-92701,152299
2011/11/10,0,611109,-574800,36309
2011/11/11,0,326000,-95000,231000
2011/11/14,0,822000,-183000,639000
2011/11/15,0,521000,-633000,-112000
2011/11/16,0,2062000,-916109,1145891
2011/11/17,0,1350000,-615000,735000
2011/11/18,0,1720000,-952000,768000
2011/11/21,0,1832000,-220000,1612000
2011/11/22,0,1221000,-765000,456000
2011/11/23,0,1778000,-470000,1308000
2011/11/24,0,2169000,-635000,1534000
2011/11/25,0,654000,-667000,-13000
2011/11/28,0,1022000,-682000,340000
2011/11/29,0,1030000,-828000,202000
2011/11/30,0,12887410,-8884000,4003410
2011/12/01,0,2791000,-3421000,-630000
2011/12/02,0,1064000,-923000,141000
2011/12/05,0,457000,-1274000,-817000
2011/12/06,0,1214000,-1041000,173000
2011/12/07,0,719000,-361000,358000
2011/12/08,0,1114000,-568000,546000
2011/12/09,0,418280,-454000,-35720
2011/12/12,0,188000,-144000,44000
2011/12/13,0,425000,-113000,312000
2011/12/14,0,451000,-108000,343000
2011/12/15,0,281000,-304000,-23000
2011/12/16,0,1145000,-668000,477000
2011/12/19,0,143000,-220000,-77000
2011/12/20,0,452000,-228800,223200
2011/12/21,0,188000,-386200,-198200
2011/12/22,0,169000,-197000,-28000
2011/12/23,0,118000,-137000,-19000
2011/12/26,0,75000,-94000,-19000
2011/12/27,0,197000,-36000,161000
2011/12/28,0,233000,-129000,104000
2011/12/29,0,160000,-246000,-86000
2011/12/30,0,183000,-250000,-67000
2012/01/02,0,10000,-162000,-152000
2012/01/03,0,197812,-426000,-228188
2012/01/04,0,630000,-558934,71066
2012/01/05,0,261000,-114000,147000
2012/01/06,0,190000,-374000,-184000
2012/01/09,0,452000,-74000,378000
2012/01/10,0,305000,-938000,-633000
2012/01/11,0,1396000,-801000,595000
2012/01/12,0,144000,-1265000,-1121000
2012/01/13,0,414000,-929000,-515000
2012/01/16,0,215000,-584000,-369000
2012/01/17,0,424000,-795500,-371500
2012/01/18,0,889000,-578000,311000
2012/01/19,0,0,0,0
2012/01/20,0,0,0,0
2012/01/23,0,0,0,0
2012/01/24,0,0,0,0
2012/01/25,0,0,0,0
2012/01/26,0,0,0,0
2012/01/27,0,0,0,0
2012/01/30,0,667395,-445500,221895
2012/01/31,0,707000,-306500,400500
2012/02/01,0,1065000,-788000,277000
2012/02/02,0,649000,-663000,-14000
2012/02/03,0,1152000,-192000,960000
2012/02/06,0,508000,-468625,39375
2012/02/07,0,258000,-648000,-390000
2012/02/08,0,429000,-326000,103000
2012/02/09,0,285000,-270080,14920
2012/02/10,0,207000,-136128,70872
2012/02/13,0,993000,-14000,979000
2012/02/14,0,312000,-179000,133000
2012/02/15,0,320994,-200000,120994
2012/02/16,0,211000,-399452,-188452
2012/02/17,0,633000,-177000,456000
2012/02/20,0,557000,-345000,212000
2012/02/21,0,171000,-603000,-432000
2012/02/22,0,268000,-248000,20000
2012/02/23,0,143000,-402000,-259000
2012/02/24,0,208000,-236000,-28000
2012/02/27,0,0,0,0
2012/02/28,0,0,0,0
2012/02/29,0,1105016,-1469000,-363984
2012/03/01,0,1629213,-1225000,404213
2012/03/02,0,305529,-146000,159529
2012/03/05,0,234000,-344000,-110000
2012/03/06,0,319000,-340000,-21000
2012/03/07,0,153000,-279000,-126000
2012/03/08,0,528000,-113000,415000
2012/03/09,0,62000,-182000,-120000
2012/03/12,0,97000,-123250,-26250
2012/03/13,0,300000,-16750,283250
2012/03/14,0,388700,-77303,311397
2012/03/15,0,298000,-588000,-290000
2012/03/16,0,91000,-110000,-19000
2012/03/19,0,58100,-60000,-1900
2012/03/20,0,615000,-49000,566000
2012/03/21,0,757000,-84000,673000
2012/03/22,0,950000,-163148,786852
2012/03/23,0,193000,-140000,53000
2012/03/26,0,559000,-346000,213000
2012/03/27,0,462000,-851000,-389000
2012/03/28,0,524000,-528000,-4000
2012/03/29,0,462000,-752000,-290000
2012/03/30,0,315000,-693250,-378250
2012/04/02,0,133000,-453000,-320000
2012/04/03,0,424319,-410000,14319
2012/04/04,0,0,0,0
2012/04/05,0,611100,-447000,164100
2012/04/06,0,123000,-607563,-484563
2012/04/09,0,78000,-628000,-550000
2012/04/10,0,64000,-1039000,-975000
2012/04/11,0,100000,-320000,-220000
2012/04/12,0,735000,-562994,172006
2012/04/13,0,133176,-566332,-433156
2012/04/16,0,87058,-705668,-618610
2012/04/17,0,355000,-847312,-492312
2012/04/18,0,332000,-119000,213000
2012/04/19,0,407000,-196000,211000
2012/04/20,0,104000,-915000,-811000
2012/04/23,0,241000,-1700000,-1459000
2012/04/24,0,285000,-248000,37000
2012/04/25,0,430000,-358000,72000
2012/04/26,0,416000,-134060,281940
2012/04/27,0,82000,-178000,-96000
2012/04/30,0,146000,-37251,108749
2012/05/01,0,0,0,0
2012/05/02,0,316000,-124000,192000
2012/05/03,0,235000,-33000,202000
2012/05/04,0,248000,-269000,-21000
2012/05/07,0,116000,-524000,-408000
2012/05/08,0,107000,-201000,-94000
2012/05/09,0,30000,-241000,-211000
2012/05/10,0,31000,-77061,-46061
2012/05/11,0,77000,-323000,-246000
2012/05/14,0,38000,-142000,-104000
2012/05/15,0,95000,-164000,-69000
2012/05/16,0,229000,-222000,7000
2012/05/17,0,658000,-227000,431000
2012/05/18,0,372000,-282000,90000
2012/05/21,0,80000,-82000,-2000
2012/05/22,0,63000,-418750,-355750
2012/05/23,0,214000,-143000,71000
2012/05/24,0,86000,-160000,-74000
2012/05/25,0,13000,-109000,-96000
2012/05/28,0,81000,-59000,22000
2012/05/29,0,219000,-229000,-10000
2012/05/30,0,253000,-637000,-384000
2012/05/31,0,337418,-674786,-337368
2012/06/01,0,253200,-287312,-34112
2012/06/04,0,193238,-393000,-199762
2012/06/05,0,160000,-363389,-203389
2012/06/06,0,129000,-232000,-103000
2012/06/07,0,162789,-541000,-378211
2012/06/08,0,262883,-818000,-555117
2012/06/11,0,317000,-35000,282000
2012/06/12,0,200000,-105000,95000
2012/06/13,0,83000,-734000,-651000
2012/06/14,0,86000,-628500,-542500
2012/06/15,0,558705,-714360,-155655
2012/06/18,0,69000,-395000,-326000
2012/06/19,0,217000,-32000,185000
2012/06/20,0,397000,-151551,245449
2012/06/21,0,160489,-140000,20489
2012/06/22,0,42000,-249000,-207000
2012/06/25,0,4000,-201000,-197000
2012/06/26,0,17000,-164000,-147000
2012/06/27,0,130000,-33000,97000
2012/06/28,0,106000,-126000,-20000
2012/06/29,0,246000,-84000,162000
2012/07/02,0,132000,-244000,-112000
2012/07/03,0,268000,-62000,206000
2012/07/04,0,245000,-138594,106406
2012/07/05,0,138000,-109000,29000
2012/07/06,0,126000,-34000,92000
2012/07/09,0,112000,-83000,29000
2012/07/10,0,220000,-91000,129000
2012/07/11,0,441000,-80040,360960
2012/07/12,0,166000,-276000,-110000
2012/07/13,0,120000,-16000,104000
2012/07/16,0,264000,-89000,175000
2012/07/17,0,217000,-262000,-45000
2012/07/18,0,264900,-253000,11900
2012/07/19,0,110000,-73000,37000
2012/07/20,0,97000,-112000,-15000
2012/07/23,0,32000,-888000,-856000
2012/07/24,0,114000,-343000,-229000
2012/07/25,0,83000,-383000,-300000
2012/07/26,0,21000,-219154,-198154
2012/07/27,0,538000,-35000,503000
2012/07/30,0,90251,-591000,-500749
2012/07/31,0,223000,-460000,-237000
2012/08/01,0,90000,-115000,-25000
2012/08/02,0,0,0,0
2012/08/03,0,663691,-264000,399691
2012/08/06,0,1411000,-78000,1333000
2012/08/07,0,1630000,-27000,1603000
2012/08/08,0,1558621,-83000,1475621
2012/08/09,0,1584960,-2000,1582960
2012/08/10,0,1297000,-70000,1227000
2012/08/13,0,557240,-17000,540240
2012/08/14,0,319000,-490000,-171000
2012/08/15,0,431000,-657000,-226000
2012/08/16,0,606680,-421599,185081
2012/08/17,0,150000,-69000,81000
2012/08/20,0,23000,-32000,-9000
2012/08/21,0,671816,-91000,580816
2012/08/22,0,215276,-53000,162276
2012/08/23,0,60914,-39000,21914
2012/08/24,0,65000,-41000,24000
2012/08/27,0,198000,-68001,129999
2012/08/28,0,88000,-54392,33608
2012/08/29,0,343000,-13000,330000
2012/08/30,0,380000,-381000,-1000
2012/08/31,0,112235,-69885,42350
2012/09/03,0,786000,-292839,493161
2012/09/04,0,281000,-170000,111000
2012/09/05,0,656560,-326560,330000
2012/09/06,0,17000,-245000,-228000
2012/09/07,0,417000,-44194,372806
2012/09/10,0,298920,-223600,75320
2012/09/11,0,584280,-64000,520280
2012/09/12,0,176400,-142000,34400
2012/09/13,0,456000,-99000,357000
2012/09/14,0,1573000,-170080,1402920
2012/09/17,0,545922,-321000,224922
2012/09/18,0,153000,-130000,23000
2012/09/19,0,727000,-122050,604950
2012/09/20,0,401000,-97000,304000
2012/09/21,0,383080,-195000,188080
2012/09/24,0,585000,-19000,566000
2012/09/25,0,320080,-139800,180280
2012/09/26,0,280000,-48000,232000
2012/09/27,0,583000,-24341,558659
2012/09/28,0,1723000,-203338,1519662
2012/10/01,0,274000,-253000,21000
2012/10/02,0,260000,-107960,152040
2012/10/03,0,142000,-89000,53000
2012/10/04,0,93000,-52000,41000
2012/10/05,0,82000,-36400,45600
2012/10/08,0,133700,-39000,94700
2012/10/09,0,363000,-25120,337880
2012/10/10,0,0,0,0
2012/10/11,0,84000,-82000,2000
2012/10/12,0,131000,-355000,-224000
2012/10/15,0,57000,-109000,-52000
2012/10/16,0,190004,-214000,-23996
2012/10/17,0,212000,-100000,112000
2012/10/18,0,101000,-47000,54000
2012/10/19,0,314000,-129000,185000
2012/10/22,0,104000,-79000,25000
2012/10/23,0,106400,-68000,38400
2012/10/24,0,13000,-96125,-83125
2012/10/25,0,26000,-120000,-94000
2012/10/26,0,135000,-237000,-102000
2012/10/29,0,248000,-132440,115560
2012/10/30,0,339800,-159000,180800
2012/10/31,0,41000,-180000,-139000
2012/11/01,0,62000,-177620,-115620
2012/11/02,0,216000,-272000,-56000
2012/11/05,0,253000,-111000,142000
2012/11/06,0,290000,-361000,-71000
2012/11/07,0,868000,-181000,687000
2012/11/08,0,48000,-311000,-263000
2012/11/09,0,290000,-244000,46000
2012/11/12,0,239200,-107124,132076
2012/11/13,0,252000,-247000,5000
2012/11/14,0,86340,-270308,-183968
2012/11/15,0,292520,-250600,41920
2012/11/16,0,163000,-338000,-175000
2012/11/19,0,83000,-116000,-33000
2012/11/20,0,91000,-92000,-1000
2012/11/21,0,224000,-216000,8000
2012/11/22,0,87000,-24000,63000
2012/11/23,0,366000,0,366000
2012/11/26,0,167000,-53000,114000
2012/11/27,0,341000,-419320,-78320
2012/11/28,0,487100,-18000,469100
2012/11/29,0,541000,-119000,422000
2012/11/30,0,975000,-105985,869015
2012/12/03,0,1185000,-54000,1131000
2012/12/04,0,207627,-118760,88867
2012/12/05,0,221000,-40000,181000
2012/12/06,0,281000,-68000,213000
2012/12/07,0,164000,-16000,148000
2012/12/10,0,205000,-40101,164899
2012/12/11,0,739992,-55000,684992
2012/12/12,0,282000,-160240,121760
2012/12/13,0,776111,-455000,321111
2012/12/14,0,758529,-479000,279529
2012/12/17,0,89000,-479500,-390500
2012/12/18,0,229000,-317000,-88000
2012/12/19,0,330000,-298000,32000
2012/12/20,0,243000,-153000,90000
2012/12/21,0,442000,-467040,-25040
2012/12/24,0,173001,-17000,156001
2012/12/25,0,156000,-25000,131000
2012/12/26,0,149000,-130000,19000
2012/12/27,0,92000,-205000,-113000
2012/12/28,0,516000,-2027000,-1511000
2012/12/31,0,0,0,0
2013/01/01,0,0,0,0
2013/01/02,0,716000,-90000,626000
2013/01/03,0,173000,-586000,-413000
2013/01/04,0,396000,-892000,-496000
2013/01/07,0,355000,-645800,-290800
2013/01/08,0,418000,-927000,-509000
2013/01/09,0,356000,-461000,-105000
2013/01/10,0,1004000,-280000,724000
2013/01/11,0,462000,-483000,-21000
2013/01/14,0,232000,-601856,-369856
2013/01/15,0,78000,-399000,-321000
2013/01/16,0,613000,-808960,-195960
2013/01/17,0,415300,-708000,-292700
2013/01/18,0,216000,-235000,-19000
2013/01/21,0,64000,-497000,-433000
2013/01/22,0,250000,-574231,-324231
2013/01/23,0,544000,-501678,42322
2013/01/24,0,805000,-732000,73000
2013/01/25,0,649000,-588000,61000
2013/01/28,0,1207000,-531000,676000
2013/01/29,0,783000,-348000,435000
2013/01/30,0,1373000,-488000,885000
2013/01/31,0,1680000,-820000,860000
2013/02/01,0,3487000,-163000,3324000
2013/02/04,0,908000,-470000,438000
2013/02/05,0,558000,-503520,54480
2013/02/06,0,248000,-171560,76440
2013/02/07,0,0,0,0
2013/02/08,0,0,0,0
2013/02/11,0,0,0,0
2013/02/12,0,0,0,0
2013/02/13,0,0,0,0
2013/02/14,0,0,0,0
2013/02/15,0,0,0,0
2013/02/18,0,1463065,-975200,487865
2013/02/19,0,487244,-338000,149244
2013/02/20,0,404209,-139000,265209
2013/02/21,0,790000,-515000,275000
2013/02/22,0,805000,-407000,398000
2013/02/25,0,998000,-372328,625672
2013/02/26,0,904000,-226926,677074
2013/02/27,0,828000,-359122,468878
2013/02/28,0,0,0,0
2013/03/01,0,725000,-130000,595000
2013/03/04,0,275000,-306000,-31000
2013/03/05,0,481000,-135000,346000
2013/03/06,0,654000,-143000,511000
2013/03/07,0,456000,-412282,43718
2013/03/08,0,929400,-627000,302400
2013/03/11,0,284000,-39000,245000
2013/03/12,0,986000,-70892,915108
2013/03/13,0,419230,-297000,122230
2013/03/14,0,101000,-425561,-324561
2013/03/15,0,657000,-264678,392322
2013/03/18,0,384206,-352440,31766
2013/03/19,0,375000,-246000,129000
2013/03/20,0,117000,-482470,-365470
2013/03/21,0,122214,-394000,-271786
2013/03/22,0,819299,-244125,575174
2013/03/25,0,460210,-151000,309210
2013/03/26,0,277458,-261000,16458
2013/03/27,0,958000,-57000,901000
2013/03/28,0,775516,-110000,665516
2013/03/29,0,286000,-77000,209000
2013/04/01,0,31200,-68000,-36800
2013/04/02,0,363500,-196000,167500
2013/04/03,0,646795,-18000,628795
2013/04/04,0,0,0,0
2013/04/05,0,0,0,0
2013/04/08,0,1207082,-385000,822082
2013/04/09,0,1079000,-424654,654346
2013/04/10,0,1404323,-322920,1081403
2013/04/11,0,282429,-94000,188429
2013/04/12,0,600000,-254000,346000
2013/04/15,0,533598,-141000,392598
2013/04/16,0,120540,-39400,81140
2013/04/17,0,722000,-232000,490000
2013/04/18,0,489000,-310000,179000
2013/04/19,0,1974000,-120000,1854000
2013/04/22,0,1322000,-131000,1191000
2013/04/23,0,935528,-425000,510528
2013/04/24,0,1348000,-84000,1264000
2013/04/25,0,1811200,-317440,1493760
2013/04/26,0,1112400,-914880,197520
2013/04/29,0,723000,-47200,675800
2013/04/30,0,2074000,-56680,2017320
2013/05/01,0,0,0,0
2013/05/02,0,3325173,-268811,3056362
2013/05/03,0,564000,-234000,330000
2013/05/06,0,544000,-307000,237000
2013/05/07,0,1299191,-731327,567864
2013/05/08,0,703375,-351920,351455
2013/05/09,0,374700,-171750,202950
2013/05/10,0,483000,-261000,222000
2013/05/13,0,178000,-628000,-450000
2013/05/14,0,860567,-237000,623567
2013/05/15,0,1317000,-307000,1010000
2013/05/16,0,1016000,-226000,790000
2013/05/17,0,493000,-128100,364900
2013/05/20,0,596000,-123000,473000
2013/05/21,0,535000,-165493,369507
2013/05/22,0,231000,-288000,-57000
2013/05/23,0,323000,-416000,-93000
2013/05/24,0,688000,-253000,435000
2013/05/27,0,608089,-89000,519089
2013/05/28,0,289000,-97000,192000
2013/05/29,0,251000,-264000,-13000
2013/05/30,0,431000,-261000,170000
2013/05/31,0,944000,-157967,786033
2013/06/03,0,952000,-540880,411120
2013/06/04,0,688000,-502000,186000
2013/06/05,0,448000,-273069,174931
2013/06/06,0,168980,-694285,-525305
2013/06/07,0,262000,-623037,-361037
2013/06/10,0,136000,-168000,-32000
2013/06/11,0,428000,-282562,145438
2013/06/12,0,0,0,0
2013/06/13,0,257000,-588000,-331000
2013/06/14,0,695000,-965000,-270000
2013/06/17,0,134000,-126260,7740
2013/06/18,0,99000,-181000,-82000
2013/06/19,0,144000,-221309,-77309
2013/06/20,0,137000,-293320,-156320
2013/06/21,0,261000,-870389,-609389
2013/06/24,0,582000,-438258,143742
2013/06/25,0,350000,-769000,-419000
2013/06/26,0,831000,-371000,460000
2013/06/27,0,342000,-179000,163000
2013/06/28,0,533000,-256000,277000
2013/07/01,0,312000,-340000,-28000
2013/07/02,0,528000,-145328,382672
2013/07/03,0,368000,-406200,-38200
2013/07/04,0,369000,-146000,223000
2013/07/05,0,534000,-123000,411000
2013/07/08,0,134000,-116000,18000
2013/07/09,0,545000,-328692,216308
2013/07/10,0,602000,-125480,476520
2013/07/11,0,711000,-117000,594000
2013/07/12,0,370000,-169000,201000
2013/07/15,0,793887,-336629,457258
2013/07/16,0,470000,-645720,-175720
2013/07/17,0,943000,-771000,172000
2013/07/18,0,994000,-109000,885000
2013/07/19,0,1262493,-491000,771493
2013/07/22,0,531709,-805000,-273291
2013/07/23,0,508550,-419640,88910
2013/07/24,0,675000,-60000,615000
2013/07/25,0,822000,-110724,711276
2013/07/26,0,289000,-75000,214000
2013/07/29,0,156000,-132000,24000
2013/07/30,0,235000,-85000,150000
2013/07/31,0,316000,-297913,18087
2013/08/01,0,138000,-137400,600
2013/08/02,0,412429,-275000,137429
2013/08/05,0,77000,-68000,9000
2013/08/06,0,89000,-563000,-474000
2013/08/07,0,320210,-607000,-286790
2013/08/08,0,270000,-256000,14000
2013/08/09,0,75000,-270760,-195760
2013/08/12,0,28000,-422000,-394000
2013/08/13,0,154000,-106000,48000
2013/08/14,0,18655,-401000,-382345
2013/08/15,0,26000,-483582,-457582
2013/08/16,0,263024,-119750,143274
2013/08/19,0,334000,-194000,140000
2013/08/20,0,288000,-322000,-34000
2013/08/21,0,0,0,0
2013/08/22,0,218000,-835350,-617350
2013/08/23,0,233600,-517000,-283400
2013/08/26,0,1045000,-584000,461000
2013/08/27,0,1389000,-840000,549000
2013/08/28,0,1347000,-399000,948000
2013/08/29,0,1780100,-1006000,774100
2013/08/30,0,292000,-1304865,-1012865
2013/09/02,0,146800,-563000,-416200
2013/09/03,0,141200,-269627,-128427
2013/09/04,0,212000,-168000,44000
2013/09/05,0,628353,-307000,321353
2013/09/06,0,655000,-651668,3332
2013/09/09,0,502000,-311000,191000
2013/09/10,0,276000,-376000,-100000
2013/09/11,0,369000,-338104,30896
2013/09/12,0,260000,-347430,-87430
2013/09/13,0,903000,-381150,521850
2013/09/16,0,778000,-601000,177000
2013/09/17,0,179000,-324000,-145000
2013/09/18,0,139893,-923200,-783307
2013/09/19,0,0,0,0
2013/09/20,0,0,0,0
2013/09/23,0,727000,-1015300,-288300
2013/09/24,0,704000,-381741,322259
2013/09/25,0,882200,-708650,173550
2013/09/26,0,766000,-904300,-138300
2013/09/27,0,1362000,-1172552,189448
2013/09/30,0,1077050,-1174543,-97493
2013/10/01,0,470000,-551592,-81592
2013/10/02,0,876886,-636785,240101
2013/10/03,0,1503707,-624596,879111
2013/10/04,0,581000,-297900,283100
2013/10/07,0,1142000,-440150,701850
2013/10/08,0,486000,-447949,38051
2013/10/09,0,958000,-829208,128792
2013/10/10,0,0,0,0
2013/10/11,0,628000,-450326,177674
2013/10/14,0,312000,-168999,143001
2013/10/15,0,378000,-178215,199785
2013/10/16,0,654950,-480000,174950
2013/10/17,0,496000,-212000,284000
2013/10/18,0,558000,-195000,363000
2013/10/21,0,103000,-134000,-31000
2013/10/22,0,1753083,-943400,809683
2013/10/23,0,1242158,-225650,1016508
2013/10/24,0,644000,-90000,554000
2013/10/25,0,441000,-231000,210000
2013/10/28,0,499000,-86000,413000
2013/10/29,0,786000,-944250,-158250
2013/10/30,0,1132000,-1688450,-556450
2013/10/31,0,849600,-728928,120672
2013/11/01,0,101000,-549800,-448800
2013/11/04,0,125000,-372000,-247000
2013/11/05,0,423000,-367124,55876
2013/11/06,0,59589,-574830,-515241
2013/11/07,0,220000,-878000,-658000
2013/11/08,0,508803,-76000,432803
2013/11/11,0,199000,-123000,76000
2013/11/12,0,652000,-138000,514000
2013/11/13,0,192154,-405885,-213731
2013/11/14,0,28000,-220000,-192000
2013/11/15,0,536000,-227000,309000
2013/11/18,0,478730,-263500,215230
2013/11/19,0,66000,-72000,-6000
2013/11/20,0,384342,-490660,-106318
2013/11/21,0,811000,-1005300,-194300
2013/11/22,0,102232,-185500,-83268
2013/11/25,0,72000,-120650,-48650
2013/11/26,0,1302910,-1150162,152748
2013/11/27,0,110000,-197000,-87000
2013/11/28,0,773000,-201177,571823
2013/11/29,0,813000,-304000,509000
2013/12/02,0,257000,-57000,200000
2013/12/03,0,575140,-629443,-54303
2013/12/04,0,378000,-261000,117000
2013/12/05,0,294000,-303000,-9000
2013/12/06,0,359000,-308600,50400
2013/12/09,0,474000,-192000,282000
2013/12/10,0,201000,-65000,136000
2013/12/11,0,518000,-208000,310000
2013/12/12,0,486200,-172493,313707
2013/12/13,0,348000,-245000,103000
2013/12/16,0,186000,-257800,-71800
2013/12/17,0,655000,-451000,204000
2013/12/18,0,167899,-52000,115899
2013/12/19,0,213000,-89264,123736
2013/12/20,0,845000,-120978,724022
2013/12/23,0,56500,-296750,-240250
2013/12/24,0,25408,-21000,4408
2013/12/25,0,48180,-7000,41180
2013/12/26,0,5000,-9000,-4000
2013/12/27,0,155000,-15000,140000
2013/12/30,0,417000,-22002,394998
2013/12/31,0,1349000,-252000,1097000
2014/01/02,0,433000,-191000,242000
2014/01/03,0,367000,-212100,154900
2014/01/06,0,667693,-420000,247693
2014/01/07,0,163000,-124500,38500
2014/01/08,0,190000,-107000,83000
2014/01/09,0,132300,-294841,-162541
2014/01/10,0,326000,-299000,27000
2014/01/13,0,159000,-53000,106000
2014/01/14,0,3822000,-3947490,-125490
2014/01/15,0,151000,-202000,-51000
2014/01/16,0,110000,-39350,70650
2014/01/17,0,305000,-90049,214951
2014/01/20,0,258000,-78000,180000
2014/01/21,0,241200,-98000,143200
2014/01/22,0,168000,-95000,73000
2014/01/23,0,302000,-231000,71000
2014/01/24,0,549000,-73000,476000
2014/01/27,0,552000,-750387,-198387
2014/02/05,0,809910,-1627700,-817790
2014/02/06,0,335000,-851150,-516150
2014/02/07,0,425000,-621240,-196240
2014/02/10,0,283490,-116000,167490
2014/02/11,0,308789,-124000,184789
2014/02/12,0,78000,-194000,-116000
2014/02/13,0,173472,-367300,-193828
2014/02/14,0,313000,-404221,-91221
2014/02/17,0,212000,-78000,134000
2014/02/18,0,211000,-89000,122000
2014/02/19,0,235000,-92300,142700
2014/02/20,0,121000,-195347,-74347
2014/02/21,0,504000,-39000,465000
2014/02/24,0,38000,-64600,-26600
2014/02/25,0,208000,-147816,60184
2014/02/26,0,356000,-97206,258794
2014/02/27,0,268381,-415018,-146637
2014/03/03,0,255000,-348000,-93000
2014/03/04,0,125000,-183000,-58000
2014/03/05,0,50000,-64000,-14000
2014/03/06,0,273000,-389819,-116819
2014/03/07,0,275000,-549100,-274100
2014/03/10,0,323000,-400000,-77000
2014/03/11,0,982000,-1413600,-431600
2014/03/12,0,331000,-343000,-12000
2014/03/13,0,176000,-410987,-234987
2014/03/14,0,93000,-630000,-537000
2014/03/17,0,128945,-260000,-131055
2014/03/18,0,650000,-1365878,-715878
2014/03/19,0,41000,-307000,-266000
2014/03/20,0,74000,-411678,-337678
2014/03/21,0,159000,-659800,-500800
2014/03/24,0,187000,-283278,-96278
2014/03/25,0,486000,-835556,-349556
2014/03/26,0,320000,-582000,-262000
2014/03/27,0,396000,-777200,-381200
2014/03/28,0,277000,-599000,-322000
2014/03/31,0,1421856,-1630000,-208144
2014/04/01,0,462000,-691819,-229819
2014/04/02,0,435000,-262000,173000
2014/04/03,0,174000,-283000,-109000
2014/04/07,0,436000,-329000,107000
2014/04/08,0,339035,-371000,-31965
2014/04/09,0,180000,-111000,69000
2014/04/10,0,232390,-276000,-43610
2014/04/11,0,408000,-169000,239000
2014/04/14,0,598000,-149000,449000
2014/04/15,0,376000,-195000,181000
2014/04/16,0,404000,-146000,258000
2014/04/17,0,202000,-217000,-15000
2014/04/18,0,67000,-63000,4000
2014/04/21,0,28000,-37000,-9000
2014/04/22,0,470000,-122050,347950
2014/04/23,0,1416000,-1299000,117000
2014/04/24,0,287000,-290050,-3050
2014/04/25,0,551000,-176000,375000
2014/04/28,0,155000,-212000,-57000
2014/04/29,0,1508000,-1400000,108000
2014/04/30,0,30000,-190000,-160000
2014/05/02,0,28000,-135450,-107450
2014/05/05,0,3000,-54000,-51000
2014/05/06,0,0,-203000,-203000
2014/05/07,0,136000,-224000,-88000
2014/05/08,0,109000,-263085,-154085
2014/05/09,0,96000,-126000,-30000
2014/05/12,0,23000,-96000,-73000
2014/05/13,0,119000,-69000,50000
2014/05/14,0,594000,-143000,451000
2014/05/15,0,44000,-107000,-63000
2014/05/16,0,201000,-85000,116000
2014/05/19,0,105350,-62064,43286
2014/05/20,0,138180,-81534,56646
2014/05/21,0,173000,-105000,68000
2014/05/22,0,325000,-81000,244000
2014/05/23,0,204000,-100950,103050
2014/05/26,0,549000,-35000,514000
2014/05/27,0,398000,-115000,283000
2014/05/28,0,691000,-414000,277000
2014/05/29,0,354000,-274962,79038
2014/05/30,0,535000,-480254,54746
2014/06/03,0,137000,-144940,-7940
2014/06/04,0,7000,-75000,-68000
2014/06/05,0,15000,-101000,-86000
2014/06/06,0,13000,-90000,-77000
2014/06/09,0,40000,-144000,-104000
2014/06/10,0,234773,-77000,157773
2014/06/11,0,64000,-23000,41000
2014/06/12,0,135000,-19000,116000
2014/06/13,0,131000,-211000,-80000
2014/06/16,0,256000,-147938,108062
2014/06/17,0,147000,-166000,-19000
2014/06/18,0,559000,-219000,340000
2014/06/19,0,137921,-217600,-79679
2014/06/20,0,389479,-128000,261479
2014/06/23,0,187000,-153127,33873
2014/06/24,0,175000,-276944,-101944
2014/06/25,0,515000,-491785,23215
2014/06/26,0,372000,-293000,79000
2014/06/27,0,584000,-680000,-96000
2014/06/30,0,2024150,-2074020,-49870
2014/07/01,0,339000,-75000,264000
2014/07/02,0,327000,-105254,221746
2014/07/03,0,26000,-76000,-50000
2014/07/04,0,6000,-102000,-96000
2014/07/07,0,60000,-148000,-88000
2014/07/08,0,111000,-95000,16000
2014/07/09,0,301000,-188000,113000
2014/07/10,0,253000,-183000,70000
2014/07/11,0,198000,-156000,42000
2014/07/14,0,140000,-408950,-268950
2014/07/15,0,110000,-98000,12000
2014/07/16,0,90000,-13000,77000
2014/07/17,0,204000,-60450,143550
2014/07/18,0,214000,-25000,189000
2014/07/21,0,80000,-77800,2200
2014/07/22,0,192000,-42000,150000
2014/07/23,0,0,0,0
2014/07/24,0,60000,-92000,-32000
2014/07/25,0,196000,-15000,181000
2014/07/28,0,541000,-17102,523898
2014/07/29,0,418000,-104000,314000
2014/07/30,0,606000,-196000,410000
2014/07/31,0,252850,-541398,-288548
2014/08/01,0,190000,-222000,-32000
2014/08/04,0,177000,-396500,-219500
2014/08/05,0,198000,-473616,-275616
2014/08/06,0,110000,-306190,-196190
2014/08/07,0,57000,-128755,-71755
2014/08/08,0,61000,-187616,-126616
2014/08/11,0,55000,-123000,-68000
2014/08/12,0,163000,-274509,-111509
2014/08/13,0,412000,-266000,146000
2014/08/14,0,167000,-243000,-76000
2014/08/15,0,56000,-210000,-154000
2014/08/18,0,149000,-559000,-410000
2014/08/19,0,266100,-461000,-194900
2014/08/20,0,845280,-871003,-25723
2014/08/21,0,494420,-604800,-110380
2014/08/22,0,405883,-133000,272883
2014/08/25,0,80000,-131200,-51200
2014/08/26,0,70950,-137850,-66900
2014/08/27,0,557000,-415000,142000
2014/08/28,0,468000,-71000,397000
2014/08/29,0,396000,-254000,142000
2014/09/01,0,125000,-116000,9000
2014/09/02,0,176000,-196000,-20000
2014/09/03,0,253810,-232520,21290
2014/09/04,0,148000,-176684,-28684
2014/09/05,0,169000,-268406,-99406
2014/09/09,0,157270,-59000,98270
2014/09/10,0,61410,-187000,-125590
2014/09/11,0,103812,-68700,35112
2014/09/12,0,158000,-87000,71000
2014/09/15,0,80000,-94540,-14540
2014/09/16,0,67000,-135000,-68000
2014/09/17,0,235000,-315000,-80000
2014/09/18,0,40000,-34000,6000
2014/09/19,0,157000,-213000,-56000
2014/09/22,0,51000,-362000,-311000
2014/09/23,0,30000,-142993,-112993
2014/09/24,0,123000,-38180,84820
2014/09/25,0,77000,-149000,-72000
2014/09/26,0,75000,-436000,-361000
2014/09/29,0,244000,-1116000,-872000
2014/09/30,0,1378000,-2625767,-1247767
2014/10/01,0,228690,-375000,-146310
2014/10/02,0,224280,-468000,-243720
2014/10/03,0,68000,-107000,-39000
2014/10/06,0,38000,-245000,-207000
2014/10/07,0,42000,-282000,-240000
2014/10/08,0,261636,-354636,-93000
2014/10/09,0,255000,-227654,27346
2014/10/13,0,60000,-543300,-483300
2014/10/14,0,289054,-270350,18704
2014/10/15,0,198000,-576000,-378000
2014/10/16,0,195430,-373000,-177570
2014/10/17,0,89000,-628720,-539720
2014/10/20,0,482124,-211195,270929
2014/10/21,0,229000,-151000,78000
2014/10/22,0,288000,-197000,91000
2014/10/23,0,251000,-127000,124000
2014/10/24,0,142000,-333423,-191423
2014/10/27,0,176000,-87000,89000
2014/10/28,0,417000,-198718,218282
2014/10/29,0,206000,-118000,88000
2014/10/30,0,210900,-69000,141900
2014/10/31,0,271000,-172000,99000
2014/11/03,0,99300,-246000,-146700
2014/11/04,0,123000,-102000,21000
2014/11/05,0,46000,-138000,-92000
2014/11/06,0,349000,-178000,171000
2014/11/07,0,19480,-154726,-135246
2014/11/10,0,387000,-326420,60580
2014/11/11,0,209000,-345000,-136000
2014/11/12,0,129000,-326377,-197377
2014/11/13,0,231000,-471000,-240000
2014/11/14,0,43000,-1599210,-1556210
2014/11/17,0,160000,-464539,-304539
2014/11/18,0,72000,-321000,-249000
2014/11/19,0,677000,-315000,362000
2014/11/20,0,227000,-145000,82000
2014/11/21,0,85000,-240000,-155000
2014/11/24,0,180000,-102000,78000
2014/11/25,0,641000,-356960,284040
2014/11/26,0,176000,-140000,36000
2014/11/27,0,228000,-65000,163000
2014/11/28,0,105000,-107000,-2000
2014/12/01,0,307947,-279009,28938
2014/12/02,0,157000,-437000,-280000
2014/12/03,0,181645,-273000,-91355
2014/12/04,0,199000,-219990,-20990
2014/12/05,0,34000,-75000,-41000
2014/12/08,0,86000,-170000,-84000
2014/12/09,0,112000,-175000,-63000
2014/12/10,0,60600,-450000,-389400
2014/12/11,0,80440,-328000,-247560
2014/12/12,0,43000,-491000,-448000
2014/12/15,0,90000,-632000,-542000
2014/12/16,0,205196,-594000,-388804
2014/12/17,0,219630,-894000,-674370
2014/12/18,0,126541,-571810,-445269
2014/12/19,0,291480,-484974,-193494
2014/12/22,0,104000,-376724,-272724
2014/12/23,0,172000,-285000,-113000
2014/12/24,0,143000,-252000,-109000
2014/12/25,0,37000,-52000,-15000
2014/12/26,0,42000,-53000,-11000
2014/12/29,0,246000,-288000,-42000
2014/12/30,0,206980,-238000,-31020
2014/12/31,0,64000,-592000,-528000
2015/01/01,0,0,0,0
2015/01/02,0,0,0,0
2015/01/05,0,215000,-581000,-366000
2015/01/06,0,200000,-894000,-694000
2015/01/07,0,39000,-874000,-835000
2015/01/08,0,112000,-445000,-333000
2015/01/09,0,146000,-254000,-108000
2015/01/12,0,95000,-803000,-708000
2015/01/13,0,386000,-918116,-532116
2015/01/14,0,599490,-1170213,-570723
2015/01/15,0,2833000,-3008000,-175000
2015/01/16,0,164490,-968471,-803981
2015/01/19,0,277000,-103000,174000
2015/01/20,0,250000,-362510,-112510
2015/01/21,0,241000,-30958,210042
2015/01/22,0,242401,-73626,168775
2015/01/23,0,248000,-50000,198000
2015/01/26,0,126000,-135000,-9000
2015/01/27,0,141000,-48000,93000
2015/01/28,0,212000,-16000,196000
2015/01/29,0,131000,-142000,-11000
2015/01/30,0,221000,-206043,14957
2015/02/02,0,214000,-57000,157000
2015/02/03,0,112000,-45000,67000
2015/02/04,0,168000,-310000,-142000
2015/02/05,0,319000,-57000,262000
2015/02/06,0,189000,-69436,119564
2015/02/09,0,61206,-72000,-10794
2015/02/10,0,209000,-58000,151000
2015/02/11,0,500000,-129000,371000
2015/02/12,0,176000,-193000,-17000
2015/02/13,0,220000,-92851,127149
2015/02/16,0,0,0,0
2015/02/17,0,0,0,0
2015/02/18,0,0,0,0
2015/02/19,0,0,0,0
2015/02/20,0,0,0,0
2015/02/23,0,0,0,0
2015/02/24,0,2456000,-2279033,176967
2015/02/25,0,351000,-144000,207000
2015/02/26,0,768252,-948038,-179786
2015/02/27,0,0,0,0
2015/03/02,0,524000,-458130,65870
2015/03/03,0,470094,-177000,293094
2015/03/04,0,336000,-314000,22000
2015/03/05,0,313000,-234000,79000
2015/03/06,0,355000,-324000,31000
2015/03/09,0,46000,-518000,-472000
2015/03/10,0,230000,-267000,-37000
2015/03/11,0,137000,-272180,-135180
2015/03/12,0,117000,-75000,42000
2015/03/13,0,108000,-105000,3000
2015/03/16,0,41000,-120603,-79603
2015/03/17,0,183000,-62000,121000
2015/03/18,0,311000,-84732,226268
2015/03/19,0,206530,-41000,165530
2015/03/20,0,218000,-208705,9295
2015/03/23,0,195000,-117819,77181
2015/03/24,0,279000,-194400,84600
2015/03/25,0,72000,-37000,35000
2015/03/26,0,293000,-139000,154000
2015/03/27,0,264000,-125310,138690
2015/03/30,0,371440,-178440,193000
2015/03/31,0,615000,-165630,449370
2015/04/01,0,46000,-415000,-369000
2015/04/02,0,355000,-53000,302000
2015/04/03,0,0,0,0
2015/04/06,0,0,0,0
2015/04/07,0,276000,-21000,255000
2015/04/08,0,266000,-326490,-60490
2015/04/09,0,157000,-412000,-255000
2015/04/10,0,313910,-206000,107910
2015/04/13,0,441000,-234000,207000
2015/04/14,0,290000,-98000,192000
2015/04/15,0,292000,-442000,-150000
2015/04/16,0,216000,-41000,175000
2015/04/17,0,205094,-187272,17822
2015/04/20,0,177543,-136000,41543
2015/04/21,0,93000,-154000,-61000
2015/04/22,0,200760,-214541,-13781
2015/04/23,0,580000,-146000,434000
2015/04/24,0,670000,-443000,227000
2015/04/27,0,520000,-456000,64000
2015/04/28,0,419000,-364291,54709
2015/04/29,0,423000,-306000,117000
2015/04/30,0,382000,-587320,-205320
2015/05/01,0,0,0,0
2015/05/04,0,54000,-188000,-134000
2015/05/05,0,201000,-215000,-14000
2015/05/06,0,171000,-108655,62345
2015/05/07,0,151000,-181090,-30090
2015/05/08,0,167000,-463000,-296000
2015/05/11,0,178000,-105000,73000
2015/05/12,0,96000,-234000,-138000
2015/05/13,0,113000,-130000,-17000
2015/05/14,0,17000,-257000,-240000
2015/05/15,0,144000,-369000,-225000
2015/05/18,0,58000,-75000,-17000
2015/05/19,0,148000,-281000,-133000
2015/05/20,0,449000,-229000,220000
2015/05/21,0,877000,-608000,269000
2015/05/22,0,312000,-154000,158000
2015/05/25,0,188000,-252000,-64000
2015/05/26,0,302820,-159000,143820
2015/05/27,0,770000,-103000,667000
2015/05/28,0,529000,-404094,124906
2015/05/29,0,900000,-618075,281925
2015/06/01,0,367035,-902504,-535469
2015/06/02,0,276150,-249000,27150
2015/06/03,0,742000,-332000,410000
2015/06/04,0,436000,-649600,-213600
2015/06/05,0,901000,-536000,365000
2015/06/08,0,301000,-522952,-221952
2015/06/09,0,321000,-559555,-238555
2015/06/10,0,543000,-226000,317000
2015/06/11,0,364147,-330083,34064
2015/06/12,0,572000,-247000,325000
2015/06/15,0,562000,-464000,98000
2015/06/16,0,798000,-413000,385000
2015/06/17,0,805000,-578000,227000
2015/06/18,0,780000,-368000,412000
2015/06/19,0,0,0,0
2015/06/22,0,1022000,-135988,886012
2015/06/23,0,434000,-288000,146000
2015/06/24,0,503140,-249000,254140
2015/06/25,0,582094,-179000,403094
2015/06/26,0,2089000,-112000,1977000
2015/06/29,0,2140000,-670546,1469454
2015/06/30,0,4337000,-1934427,2402573
2015/07/01,0,905000,-834000,71000
2015/07/02,0,733000,-601000,132000
2015/07/03,0,444000,-546000,-102000
2015/07/06,0,477000,-374000,103000
2015/07/07,0,1052000,-1200000,-148000
2015/07/08,0,899000,-662000,237000
2015/07/09,0,1404000,-914092,489908
2015/07/10,0,0,0,0
2015/07/13,0,835000,-644000,191000
2015/07/14,0,716000,-922401,-206401
2015/07/15,0,949000,-760019,188981
2015/07/16,0,609000,-146000,463000
2015/07/17,0,785000,-475005,309995
2015/07/20,0,668000,-340000,328000
2015/07/21,0,557000,-186000,371000
2015/07/22,0,1849000,-277000,1572000
2015/07/23,0,405608,-383000,22608
2015/07/24,0,369111,-136000,233111
2015/07/27,0,361375,-344000,17375
2015/07/28,0,871337,-301000,570337
2015/07/29,0,2726000,-272788,2453212
2015/07/30,0,674000,-453090,220910
2015/07/31,0,1351705,-576000,775705
2015/08/03,0,408000,-534000,-126000
2015/08/04,0,700000,-394357,305643
2015/08/05,0,472990,-437000,35990
2015/08/06,0,331000,-567000,-236000
2015/08/07,0,380591,-321000,59591
2015/08/10,0,540000,-124000,416000
2015/08/11,0,362000,-553000,-191000
2015/08/12,0,486614,-366000,120614
2015/08/13,0,392420,-336507,55913
2015/08/14,0,775000,-230000,545000
2015/08/17,0,429000,-533071,-104071
2015/08/18,0,168000,-986810,-818810
2015/08/19,0,380487,-1478347,-1097860
2015/08/20,0,319000,-1877000,-1558000
2015/08/21,0,895500,-1609338,-713838
2015/08/24,0,1047000,-1304000,-257000
2015/08/25,0,1687700,-1727166,-39466
2015/08/26,0,723000,-1406040,-683040
2015/08/27,0,1663590,-1210000,453590
2015/08/28,0,699100,-1280411,-581311
2015/08/31,0,509740,-1206000,-696260
2015/09/01,0,487710,-590883,-103173
2015/09/02,0,496000,-450303,45697
2015/09/03,0,148000,-573000,-425000
2015/09/04,0,167303,-396610,-229307
2015/09/07,0,378000,-329273,48727
2015/09/08,0,186000,-431000,-245000
2015/09/09,0,713054,-607200,105854
2015/09/10,0,639667,-703794,-64127
2015/09/11,0,171000,-536000,-365000
2015/09/14,0,107000,-449475,-342475
2015/09/15,0,162100,-433100,-271000
2015/09/16,0,570000,-977328,-407328
2015/09/17,0,1199000,-975213,223787
2015/09/18,0,1036000,-1141872,-105872
2015/09/21,0,91000,-830071,-739071
2015/09/22,0,193853,-1133091,-939238
2015/09/23,0,42000,-1030849,-988849
2015/09/24,0,200765,-666359,-465594
2015/09/25,0,167340,-770063,-602723
2015/09/28,0,0,0,0
2015/09/29,0,0,0,0
2015/09/30,0,2439000,-2724268,-285268
2015/10/01,0,590775,-693000,-102225
2015/10/02,0,580554,-508132,72422
2015/10/05,0,463050,-308211,154839
2015/10/06,0,362000,-311373,50627
2015/10/07,0,572000,-623756,-51756
2015/10/08,0,467000,-567000,-100000
2015/10/09,0,0,0,0
2015/10/12,0,809000,-1009950,-200950
2015/10/13,0,501000,-573132,-72132
2015/10/14,0,173000,-416002,-243002
2015/10/15,0,803000,-757082,45918
2015/10/16,0,251000,-202511,48489
2015/10/19,0,318000,-383562,-65562
2015/10/20,0,582000,-256251,325749
2015/10/21,0,262000,-360000,-98000
2015/10/22,0,299000,-678845,-379845
2015/10/23,0,516000,-253100,262900
2015/10/26,0,732200,-304927,427273
2015/10/27,0,178000,-374457,-196457
2015/10/28,0,407000,-432502,-25502
2015/10/29,0,178000,-536202,-358202
2015/10/30,0,260000,-607146,-347146
2015/11/02,0,148000,-329000,-181000
2015/11/03,0,444000,-467553,-23553
2015/11/04,0,618000,-374649,243351
2015/11/05,0,476000,-402889,73111
2015/11/06,0,377000,-425600,-48600
2015/11/09,0,178000,-505561,-327561
2015/11/10,0,120000,-615000,-495000
2015/11/11,0,240000,-1129122,-889122
2015/11/12,0,159475,-631570,-472095
2015/11/13,0,154000,-659000,-505000
2015/11/16,0,812000,-742930,69070
2015/11/17,0,364000,-750515,-386515
2015/11/18,0,152000,-563000,-411000
2015/11/19,0,236000,-124000,112000
2015/11/20,0,182000,-250000,-68000
2015/11/23,0,711220,-360497,350723
2015/11/24,0,482000,-371813,110187
2015/11/25,0,695000,-312488,382512
2015/11/26,0,879000,-293000,586000
2015/11/27,0,298000,-249477,48523
2015/11/30,0,1126101,-2184845,-1058744
2015/12/01,0,459000,-391094,67906
2015/12/02,0,515000,-382000,133000
2015/12/03,0,364000,-203211,160789
2015/12/04,0,276200,-320000,-43800
2015/12/07,0,421000,-454982,-33982
2015/12/08,0,254000,-624153,-370153
2015/12/09,0,489000,-679000,-190000
2015/12/10,0,532000,-1072509,-540509
2015/12/11,0,827340,-553500,273840
2015/12/14,0,412000,-157003,254997
2015/12/15,0,302000,-132114,169886
2015/12/16,0,664715,-341658,323057
2015/12/17,0,309000,-157255,151745
2015/12/18,0,864621,-448000,416621
2015/12/21,0,270717,-419000,-148283
2015/12/22,0,537700,-256000,281700
2015/12/23,0,424715,-99000,325715
2015/12/24,0,253000,-23000,230000
2015/12/25,0,224000,-10000,214000
2015/12/28,0,380600,-72000,308600
2015/12/29,0,514000,-116000,398000
2015/12/30,0,236000,-364228,-128228
2015/12/31,0,283005,-103000,180005
2016/01/01,0,0,0,0
2016/01/04,0,156440,-580000,-423560
2016/01/05,0,243520,-484000,-240480
2016/01/06,0,407093,-468567,-61474
2016/01/07,0,335680,-1024164,-688484
2016/01/08,0,497000,-336532,160468
2016/01/11,0,109038,-497000,-387962
2016/01/12,0,128000,-327700,-199700
2016/01/13,0,148000,-390288,-242288
2016/01/14,0,294000,-297000,-3000
2016/01/15,0,244000,-797972,-553972
2016/01/18,0,534986,-576000,-41014
2016/01/19,0,75000,-183000,-108000
2016/01/20,0,829829,-509000,320829
2016/01/21,0,227000,-368000,-141000
2016/01/22,0,218000,-153000,65000
2016/01/25,0,477000,-133000,344000
2016/01/26,0,112715,-286724,-174009
2016/01/27,0,310000,-173161,136839
2016/01/28,0,664000,-253450,410550
2016/01/29,0,712178,-181000,531178
2016/02/01,0,299715,-150500,149215
2016/02/02,0,323000,-254249,68751
2016/02/03,0,352000,-517763,-165763
2016/02/04,0,0,0,0
2016/02/05,0,0,0,0
2016/02/08,0,0,0,0
2016/02/09,0,0,0,0
2016/02/10,0,0,0,0
2016/02/11,0,0,0,0
2016/02/12,0,0,0,0
2016/02/15,0,1282000,-557337,724663
2016/02/16,0,820700,-223626,597074
2016/02/17,0,326007,-94000,232007
2016/02/18,0,582000,-142600,439400
2016/02/19,0,364114,-132000,232114
2016/02/22,0,303000,-19000,284000
2016/02/23,0,767250,-134000,633250
2016/02/24,0,760700,-412210,348490
2016/02/25,0,407905,-335000,72905
2016/02/26,0,624401,-382023,242378
2016/02/29,0,0,0,0
2016/03/01,0,722768,-328198,394570
2016/03/02,0,580019,-288000,292019
2016/03/03,0,450159,-158500,291659
2016/03/04,0,253000,-228000,25000
2016/03/07,0,393000,-149000,244000
2016/03/08,0,327559,-504000,-176441
2016/03/09,0,955000,-129000,826000
2016/03/10,0,455000,-38198,416802
2016/03/11,0,524000,-63000,461000
2016/03/14,0,251792,-103000,148792
2016/03/15,0,247000,-146000,101000
2016/03/16,0,547000,-216000,331000
2016/03/17,0,855472,-316000,539472
2016/03/18,0,968618,-474000,494618
2016/03/21,0,137000,-121000,16000
2016/03/22,0,324344,-446344,-122000
2016/03/23,0,506000,-72000,434000
2016/03/24,0,458000,-595000,-137000
2016/03/25,0,566000,-287000,279000
2016/03/28,0,661000,-113000,548000
2016/03/29,0,1284000,-639300,644700
2016/03/30,0,1614000,-512000,1102000
2016/03/31,0,1497000,-880000,617000
2016/04/01,0,345000,-1705000,-1360000
2016/04/04,0,0,0,0
2016/04/05,0,0,0,0
2016/04/06,0,1307200,-1548936,-241736
2016/04/07,0,341000,-525004,-184004
2016/04/08,0,741000,-471000,270000
2016/04/11,0,393000,-465377,-72377
2016/04/12,0,419000,-233000,186000
2016/04/13,0,580476,-747700,-167224
2016/04/14,0,271000,-288417,-17417
2016/04/15,0,615000,-258000,357000
2016/04/18,0,526027,-443000,83027
2016/04/19,0,124000,-368000,-244000
2016/04/20,0,213000,-673000,-460000
2016/04/21,0,238000,-118000,120000
2016/04/22,0,95736,-315000,-219264
2016/04/25,0,208000,-197000,11000
2016/04/26,0,398977,-378000,20977
2016/04/27,0,219700,-456000,-236300
2016/04/28,0,167000,-671000,-504000
2016/04/29,0,433100,-354000,79100
2016/05/02,0,0,0,0
2016/05/03,0,404000,-403200,800
2016/05/04,0,597000,-593418,3582
2016/05/05,0,432800,-517000,-84200
2016/05/06,0,671472,-556000,115472
2016/05/09,0,493676,-435000,58676
2016/05/10,0,283736,-832000,-548264
2016/05/11,0,812000,-969000,-157000
2016/05/12,0,267800,-354000,-86200
2016/05/13,0,80000,-646000,-566000
2016/05/16,0,154000,-456000,-302000
2016/05/17,0,266000,-424000,-158000
2016/05/18,0,561100,-458000,103100
2016/05/19,0,453000,-815000,-362000
2016/05/20,0,142000,-302057,-160057
2016/05/23,0,465775,-282000,183775
2016/05/24,0,135735,-470000,-334265
2016/05/25,0,248735,-316000,-67265
2016/05/26,0,150000,-421000,-271000
2016/05/27,0,333000,-472000,-139000
2016/05/30,0,385000,-134000,251000
2016/05/31,0,737782,-743340,-5558
2016/06/01,0,692478,-111038,581440
2016/06/02,0,791156,-328000,463156
2016/06/03,0,634000,-303000,331000
2016/06/06,0,414000,-190548,223452
2016/06/07,0,930000,-248000,682000
2016/06/08,0,476000,-298000,178000
2016/06/09,0,0,0,0
2016/06/10,0,0,0,0
2016/06/13,0,422000,-250000,172000
2016/06/14,0,146000,-178000,-32000
2016/06/15,0,181000,-311000,-130000
2016/06/16,0,109000,-456000,-347000
2016/06/17,0,397000,-241000,156000
2016/06/20,0,327000,-159000,168000
2016/06/21,0,366263,-445000,-78737
2016/06/22,0,273792,-324000,-50208
2016/06/23,0,113640,-201000,-87360
2016/06/24,0,251000,-716000,-465000
2016/06/27,0,94000,-78000,16000
2016/06/28,0,138000,-214000,-76000
2016/06/29,0,197000,-207000,-10000
2016/06/30,0,607000,-315000,292000
2016/07/01,0,685000,-79000,606000
2016/07/04,0,369000,-86000,283000
2016/07/05,0,166000,-102000,64000
2016/07/06,0,117000,-465000,-348000
2016/07/07,0,207000,-237000,-30000
2016/07/08,0,0,0,0
2016/07/11,0,1074789,-190000,884789
2016/07/12,0,694000,-264204,429796
2016/07/13,0,540000,-457000,83000
2016/07/14,0,329156,-368000,-38844
2016/07/15,0,574640,-765000,-190360
2016/07/18,0,703000,-508000,195000
2016/07/19,0,1268000,-556000,712000
2016/07/20,0,418000,-512491,-94491
2016/07/21,0,581000,-293484,287516
2016/07/22,0,370000,-207000,163000
2016/07/25,0,165000,-120000,45000
2016/07/26,0,197000,-160000,37000
2016/07/27,0,143000,-179000,-36000
2016/07/28,0,282000,-237000,45000
2016/07/29,0,692000,-288000,404000
2016/08/01,0,793312,-250000,543312
2016/08/02,0,339992,-232000,107992
2016/08/03,0,419994,-198000,221994
2016/08/04,0,802570,-195000,607570
2016/08/05,0,1114000,-164000,950000
2016/08/08,0,196299,-165000,31299
2016/08/09,0,354000,-85000,269000
2016/08/10,0,580424,-149000,431424
2016/08/11,0,433362,-267000,166362
2016/08/12,0,998935,-206000,792935
2016/08/15,0,265000,-459284,-194284
2016/08/16,0,511000,-274000,237000
2016/08/17,0,1354259,-127000,1227259
2016/08/18,0,267440,-225335,42105
2016/08/19,0,217428,-812251,-594823
2016/08/22,0,81000,-369355,-288355
2016/08/23,0,1027000,-223000,804000
2016/08/24,0,344120,-388000,-43880
2016/08/25,0,334000,-463000,-129000
2016/08/26,0,170000,-428000,-258000
2016/08/29,0,436860,-135000,301860
2016/08/30,0,413488,-147000,266488
2016/08/31,0,1110370,-949039,161331
2016/09/01,0,75150,-422000,-346850
2016/09/02,0,540952,-178000,362952
2016/09/05,0,737500,-127000,610500
2016/09/06,0,563416,-182000,381416
2016/09/07,0,1299000,-364000,935000
2016/09/08,0,489000,-325570,163430
2016/09/09,0,518000,-557000,-39000
2016/09/12,0,423350,-983862,-560512
2016/09/13,0,800000,-529000,271000
2016/09/14,0,925492,-512000,413492
2016/09/15,0,0,0,0
2016/09/16,0,0,0,0
2016/09/19,0,766000,-385000,381000
2016/09/20,0,245000,-164000,81000
2016/09/21,0,670000,-258000,412000
2016/09/22,0,549438,-390000,159438
2016/09/23,0,824000,-670098,153902
2016/09/26,0,542200,-123090,419110
2016/09/27,0,0,0,0
2016/09/28,0,0,0,0
2016/09/29,0,1767372,-194506,1572866
2016/09/30,0,1003002,-782126,220876
2016/10/03,0,370000,-266800,103200
2016/10/04,0,659951,-31852,628099
2016/10/05,0,1015690,-87100,928590
2016/10/06,0,508050,-188603,319447
2016/10/07,0,852392,-365980,486412
2016/10/10,0,0,0,0
2016/10/11,0,1131577,-303000,828577
2016/10/12,0,1209000,-175736,1033264
2016/10/13,0,416590,-546200,-129610
2016/10/14,0,1033000,-1512000,-479000
2016/10/17,0,448000,-1121294,-673294
2016/10/18,0,661000,-512000,149000
2016/10/19,0,308000,-229510,78490
2016/10/20,0,230245,-199000,31245
2016/10/21,0,418000,-379000,39000
2016/10/24,0,255250,-520650,-265400
2016/10/25,0,87000,-388000,-301000
2016/10/26,0,384000,-354000,30000
2016/10/27,0,1469741,-1500000,-30259
2016/10/28,0,423000,-164000,259000
2016/10/31,0,325089,-307000,18089
2016/11/01,0,211000,-66000,145000
2016/11/02,0,158147,-199000,-40853
2016/11/03,0,150000,-185552,-35552
2016/11/04,0,63000,-236000,-173000
2016/11/07,0,65250,-251270,-186020
2016/11/08,0,93637,-197000,-103363
2016/11/09,0,326879,-711000,-384121
2016/11/10,0,135000,-463000,-328000
2016/11/11,0,286000,-779806,-493806
2016/11/14,0,41000,-529547,-488547
2016/11/15,0,24780,-456436,-431656
2016/11/16,0,214000,-243270,-29270
2016/11/17,0,264000,-291000,-27000
2016/11/18,0,258000,-540824,-282824
2016/11/21,0,53000,-524727,-471727
2016/11/22,0,312000,-570772,-258772
2016/11/23,0,202000,-181278,20722
2016/11/24,0,195000,-120000,75000
2016/11/25,0,65000,-64000,1000
2016/11/28,0,148000,-181000,-33000
2016/11/29,0,192000,-250128,-58128
2016/11/30,0,961000,-1126426,-165426
2016/12/01,0,55067,-209000,-153933
2016/12/02,0,174760,-422004,-247244
2016/12/05,0,163000,-414195,-251195
2016/12/06,0,437000,-368000,69000
2016/12/07,0,277000,-207650,69350
2016/12/08,0,633000,-268170,364830
2016/12/09,0,586747,-286833,299914
2016/12/12,0,398000,-293000,105000
2016/12/13,0,482139,-320467,161672
2016/12/14,0,406930,-248000,158930
2016/12/15,0,403000,-163000,240000
2016/12/16,0,680000,-479000,201000
2016/12/19,0,163950,-157000,6950
2016/12/20,0,131794,-180881,-49087
2016/12/21,0,44000,-205110,-161110
2016/12/22,0,79388,-326000,-246612
2016/12/23,0,29000,-374000,-345000
2016/12/26,0,48000,-96000,-48000
2016/12/27,0,19000,-43000,-24000
2016/12/28,0,32000,-66990,-34990
2016/12/29,0,88116,-203209,-115093
2016/12/30,0,474000,-73550,400450
2017/01/02,0,0,0,0
2017/01/03,0,7000,-68000,-61000
2017/01/04,0,131987,-180000,-48013
2017/01/05,0,235793,-231000,4793
2017/01/06,0,273000,-246000,27000
2017/01/09,0,117104,-180442,-63338
2017/01/10,0,357000,-600140,-243140
2017/01/11,0,250078,-50000,200078
2017/01/12,0,311000,-183000,128000
2017/01/13,0,129341,-90000,39341
2017/01/16,0,32000,-279000,-247000
2017/01/17,0,139000,-241000,-102000
2017/01/18,0,228000,-527628,-299628
2017/01/19,0,615000,-652403,-37403
2017/01/20,0,108274,-334000,-225726
2017/01/23,0,366000,-110337,255663
2017/01/24,0,617016,-176000,441016
2017/01/25,0,0,0,0
2017/01/26,0,0,0,0
2017/01/27,0,0,0,0
2017/01/30,0,0,0,0
2017/01/31,0,0,0,0
2017/02/01,0,0,0,0
2017/02/02,0,1056362,-938625,117737
2017/02/03,0,149000,-224127,-75127
2017/02/06,0,336028,-303000,33028
2017/02/07,0,126094,-209031,-82937
2017/02/08,0,234376,-472604,-238228
2017/02/09,0,157406,-153000,4406
2017/02/10,0,410130,-165410,244720
2017/02/13,0,131294,-85000,46294
2017/02/14,0,441000,-44000,397000
2017/02/15,0,925000,-165000,760000
2017/02/16,0,448000,-251000,197000
2017/02/17,0,60000,-353000,-293000
2017/02/20,0,113923,-91000,22923
2017/02/21,0,155000,-145000,10000
2017/02/22,0,185000,-198660,-13660
2017/02/23,0,219000,-231550,-12550
2017/02/24,0,386625,-340398,46227
2017/02/27,0,0,0,0
2017/02/28,0,0,0,0
2017/03/01,0,351215,-299735,51480
2017/03/02,0,640679,-536173,104506
2017/03/03,0,657000,-540064,116936
2017/03/06,0,42438,-123372,-80934
2017/03/07,0,52000,-311158,-259158
2017/03/08,0,70000,-552343,-482343
2017/03/09,0,197000,-1425000,-1228000
2017/03/10,0,208000,-536647,-328647
2017/03/13,0,197886,-143072,54814
2017/03/14,0,621539,-838421,-216882
2017/03/15,0,366000,-613343,-247343
2017/03/16,0,690100,-729104,-39004
2017/03/17,0,1224000,-916858,307142
2017/03/20,0,559000,-984000,-425000
2017/03/21,0,1534098,-1615923,-81825
2017/03/22,0,2365769,-2452945,-87176
2017/03/23,0,791000,-126084,664916
2017/03/24,0,1280271,-1336245,-55974
2017/03/27,0,576000,-54000,522000
2017/03/28,0,860000,-375260,484740
2017/03/29,0,184092,-442000,-257908
2017/03/30,0,724000,-591000,133000
2017/03/31,0,200000,-330000,-130000
2017/04/03,0,0,0,0
2017/04/04,0,0,0,0
2017/04/05,0,684354,-414000,270354
2017/04/06,0,762000,-438000,324000
2017/04/07,0,390469,-635000,-244531
2017/04/10,0,220000,-420000,-200000
2017/04/11,0,301330,-445730,-144400
2017/04/12,0,251344,-306862,-55518
2017/04/13,0,281000,-147000,134000
2017/04/14,0,3000,-114000,-111000
2017/04/17,0,83000,-116000,-33000
2017/04/18,0,152000,-118735,33265
2017/04/19,0,173100,-648156,-475056
2017/04/20,0,413000,-276000,137000
2017/04/21,0,294000,-143481,150519
2017/04/24,0,106000,-74000,32000
2017/04/25,0,493000,-304000,189000
2017/04/26,0,665000,-497760,167240
2017/04/27,0,248850,-296000,-47150
2017/04/28,0,542720,-565000,-22280
2017/05/01,0,0,0,0
2017/05/02,0,213000,-394000,-181000
2017/05/03,0,236000,-380000,-144000
2017/05/04,0,426000,-311000,115000
2017/05/05,0,197058,-318646,-121588
2017/05/08,0,460659,-258369,202290
2017/05/09,0,1100557,-228399,872158
2017/05/10,0,482038,-255000,227038
2017/05/11,0,362254,-302000,60254
2017/05/12,0,561966,-236000,325966
2017/05/15,0,291523,-117000,174523
2017/05/16,0,5744000,-245000,5499000
2017/05/17,0,1333222,-453772,879450
2017/05/18,0,1197978,-414000,783978
2017/05/19,0,1342000,-327000,1015000
2017/05/22,0,1028053,-513000,515053
2017/05/23,0,955980,-714620,241360
2017/05/24,0,869475,-964000,-94525
2017/05/25,0,1266100,-705985,560115
2017/05/26,0,0,0,0
2017/05/29,0,0,0,0
2017/05/30,0,0,0,0
2017/05/31,0,11343702,-9808667,1535035
2017/06/01,0,1237000,-973026,263974
2017/06/02,0,1161000,-654000,507000
2017/06/05,0,938947,-840200,98747
2017/06/06,0,338512,-178000,160512
2017/06/07,0,943000,-169000,774000
2017/06/08,0,600222,-342670,257552
2017/06/09,0,948000,-501219,446781
2017/06/12,0,1507492,-917000,590492
2017/06/13,0,655000,-235000,420000
2017/06/14,0,514000,-313283,200717
2017/06/15,0,171000,-280716,-109716
2017/06/16,0,923000,-807000,116000
2017/06/19,0,375294,-209670,165624
2017/06/20,0,201000,-188000,13000
2017/06/21,0,1109654,-679000,430654
2017/06/22,0,769268,-334000,435268
2017/06/23,0,439000,-319338,119662
2017/06/26,0,1184000,-333000,851000
2017/06/27,0,841000,-670000,171000
2017/06/28,0,711741,-258000,453741
2017/06/29,0,571000,-210000,361000
2017/06/30,0,565000,-519000,46000
2017/07/03,0,685000,-206961,478039
2017/07/04,0,211000,-260000,-49000
2017/07/05,0,341000,-121000,220000
2017/07/06,0,195000,-154060,40940
2017/07/07,0,429645,-535906,-106261
2017/07/10,0,107114,-200881,-93767
2017/07/11,0,607845,-303190,304655
2017/07/12,0,130044,-263497,-133453
2017/07/13,0,296300,-242000,54300
2017/07/14,0,259000,-205000,54000
2017/07/17,0,494000,-190000,304000
2017/07/18,0,339300,-361000,-21700
2017/07/19,0,684000,-419000,265000
2017/07/20,0,618362,-398000,220362
2017/07/21,0,356076,-247633,108443
2017/07/24,0,409000,-254000,155000
2017/07/25,0,814000,-313003,500997
2017/07/26,0,601000,-254000,347000
2017/07/27,0,814000,-201000,613000
2017/07/28,0,120000,-117047,2953
2017/07/31,0,349000,-386488,-37488
2017/08/01,0,505000,-283000,222000
2017/08/02,0,473389,-350000,123389
2017/08/03,0,287061,-300221,-13160
2017/08/04,0,189000,-72000,117000
2017/08/07,0,672246,-420000,252246
2017/08/08,0,132000,-255000,-123000
2017/08/09,0,196441,-188000,8441
2017/08/10,0,301588,-289000,12588
2017/08/11,0,167000,-223325,-56325
2017/08/14,0,337000,-49000,288000
2017/08/15,0,246000,-106000,140000
2017/08/16,0,328000,-358804,-30804
2017/08/17,0,293000,-168000,125000
2017/08/18,0,371000,-183000,188000
