Date,Open,Buy,Sell,Total
2007/04/23,0,101000,-101000,0
2007/04/24,0,20000,-27000,-7000
2007/04/25,0,31000,-142000,-111000
2007/04/26,0,0,-952000,-952000
2007/04/27,0,30000,-140000,-110000
2007/04/30,0,23000,-367000,-344000
2007/05/01,0,0,0,0
2007/05/02,0,4000,-171000,-167000
2007/05/03,0,139000,-72000,67000
2007/05/04,0,255000,-10000,245000
2007/05/07,0,46000,-177000,-131000
2007/05/08,0,695000,-92000,603000
2007/05/09,0,140000,-58000,82000
2007/05/10,0,0,-18000,-18000
2007/05/11,0,3000,-418000,-415000
2007/05/14,0,7000,-59000,-52000
2007/05/15,0,34000,-433000,-399000
2007/05/16,0,0,-79000,-79000
2007/05/17,0,512000,-226000,286000
2007/05/18,0,745000,-266000,479000
2007/05/21,0,762000,-513000,249000
2007/05/22,0,204000,-251000,-47000
2007/05/23,0,223000,-51000,172000
2007/05/24,0,48000,-88000,-40000
2007/05/25,0,393000,-199000,194000
2007/05/28,0,15000,-25000,-10000
2007/05/29,0,153000,-254000,-101000
2007/05/30,0,166000,-116000,50000
2007/05/31,0,444000,-47000,397000
2007/06/01,0,123000,-1481000,-1358000
2007/06/04,0,2000,-99000,-97000
2007/06/05,0,10000,-292000,-282000
2007/06/06,0,112000,-195000,-83000
2007/06/07,0,101000,-26000,75000
2007/06/08,0,52000,-138000,-86000
2007/06/11,0,0,-81000,-81000
2007/06/12,0,8000,-92000,-84000
2007/06/13,0,7000,-75000,-68000
2007/06/14,0,19000,-152000,-133000
2007/06/15,0,7000,-86000,-79000
2007/06/18,0,0,0,0
2007/06/19,0,0,0,0
2007/06/20,0,79000,-801000,-722000
2007/06/21,0,261000,-90000,171000
2007/06/22,0,252000,-73000,179000
2007/06/25,0,67000,-5000,62000
2007/06/26,0,69000,-287000,-218000
2007/06/27,0,281000,-286000,-5000
2007/06/28,0,1235000,-1000,1234000
2007/06/29,0,835000,-575000,260000
2007/07/02,0,2926000,-230229,2695771
2007/07/03,0,144000,-1646000,-1502000
2007/07/04,0,13000,-533000,-520000
2007/07/05,0,8000,-418000,-410000
2007/07/06,0,72000,-474000,-402000
2007/07/09,0,16000,-132000,-116000
2007/07/10,0,225000,-316000,-91000
2007/07/11,0,14000,-133000,-119000
2007/07/12,0,1038000,-276000,762000
2007/07/13,0,479000,-472000,7000
2007/07/16,0,122000,-1477049,-1355049
2007/07/17,0,134000,-296000,-162000
2007/07/18,0,3000,-512000,-509000
2007/07/19,0,167000,-68000,99000
2007/07/20,0,102000,-257000,-155000
2007/07/23,0,45000,-568000,-523000
2007/07/24,0,418000,-766000,-348000
2007/07/25,0,30000,-216000,-186000
2007/07/26,0,1577000,-468000,1109000
2007/07/27,0,212000,-559000,-347000
2007/07/30,0,230000,-714000,-484000
2007/07/31,0,796000,-522000,274000
2007/08/01,0,284000,-1356000,-1072000
2007/08/02,0,266000,-1650000,-1384000
2007/08/03,0,273000,-829000,-556000
2007/08/06,0,14000,-107000,-93000
2007/08/07,0,281000,-205000,76000
2007/08/08,0,183000,-760000,-577000
2007/08/09,0,81000,-932000,-851000
2007/08/10,0,416000,-391000,25000
2007/08/13,0,208000,-216000,-8000
2007/08/14,0,134000,-721000,-587000
2007/08/15,0,364000,-445000,-81000
2007/08/16,0,961000,-489000,472000
2007/08/17,0,470000,-660000,-190000
2007/08/20,0,518000,-291000,227000
2007/08/21,0,103000,-243000,-140000
2007/08/22,0,158000,-293000,-135000
2007/08/23,0,79000,-1110000,-1031000
2007/08/24,0,5000,-570000,-565000
2007/08/27,0,382000,-343000,39000
2007/08/28,0,37000,-768000,-731000
2007/08/29,0,204000,-62000,142000
2007/08/30,0,429000,-507000,-78000
2007/08/31,0,614000,-219000,395000
2007/09/03,0,1053000,-506000,547000
2007/09/04,0,163000,-43000,120000
2007/09/05,0,80000,-187000,-107000
2007/09/06,0,184000,-160000,24000
2007/09/07,0,87000,-93000,-6000
2007/09/10,0,301000,-232000,69000
2007/09/11,0,107000,-65000,42000
2007/09/12,0,174000,-270000,-96000
2007/09/13,0,38000,-137000,-99000
2007/09/14,0,161000,-208000,-47000
2007/09/17,0,104000,-130000,-26000
2007/09/18,0,0,0,0
2007/09/19,0,1542000,-358000,1184000
2007/09/20,0,858000,-480000,378000
2007/09/21,0,657000,-368000,289000
2007/09/24,0,0,0,0
2007/09/25,0,0,0,0
2007/09/26,0,801000,-279000,522000
2007/09/27,0,94000,-714000,-620000
2007/09/28,0,934000,-553000,381000
2007/10/01,0,633000,-644000,-11000
2007/10/02,0,839000,-861000,-22000
2007/10/03,0,412000,-361000,51000
2007/10/04,0,358000,-1093000,-735000
2007/10/05,0,656000,-379000,277000
2007/10/08,0,792000,-414000,378000
2007/10/09,0,50000,-403000,-353000
2007/10/10,0,0,0,0
2007/10/11,0,28000,-27000,1000
2007/10/12,0,525000,-397000,128000
2007/10/15,0,436000,-174000,262000
2007/10/16,0,228000,-125000,103000
2007/10/17,0,141000,-247000,-106000
2007/10/18,0,139000,-332000,-193000
2007/10/19,0,194000,-179000,15000
2007/10/22,0,212000,-885000,-673000
2007/10/23,0,198000,-200000,-2000
2007/10/24,0,873000,-166000,707000
2007/10/25,0,589000,-139000,450000
2007/10/26,0,618000,-99000,519000
2007/10/29,0,819000,-350000,469000
2007/10/30,0,156000,-304000,-148000
2007/10/31,0,314000,-1078000,-764000
2007/11/01,0,136000,-792000,-656000
2007/11/02,0,301000,-807000,-506000
2007/11/05,0,589000,-605000,-16000
2007/11/06,0,376000,-321000,55000
2007/11/07,0,193000,-374000,-181000
2007/11/08,0,189000,-394000,-205000
2007/11/09,0,669000,-71000,598000
2007/11/12,0,201000,-127000,74000
2007/11/13,0,436000,-137000,299000
2007/11/14,0,378000,-326000,52000
2007/11/15,0,38000,-230000,-192000
2007/11/16,0,152000,-997000,-845000
2007/11/19,0,215000,-1145000,-930000
2007/11/20,0,1103000,-600000,503000
2007/11/21,0,637000,-640000,-3000
2007/11/22,0,533000,-469000,64000
2007/11/23,0,531000,-1200000,-669000
2007/11/26,0,903000,-92000,811000
2007/11/27,0,969000,-376000,593000
2007/11/28,0,65000,-227000,-162000
2007/11/29,0,817000,-557000,260000
2007/11/30,0,362000,-789000,-427000
2007/12/03,0,1621000,-210000,1411000
2007/12/04,0,440000,-231000,209000
2007/12/05,0,234000,-283000,-49000
2007/12/06,0,477000,-633000,-156000
2007/12/07,0,984000,-602000,382000
2007/12/10,0,365000,-340000,25000
2007/12/11,0,227000,-467000,-240000
2007/12/12,0,751000,-589000,162000
2007/12/13,0,124000,-762000,-638000
2007/12/14,0,610000,-1401000,-791000
2007/12/17,0,412000,-222000,190000
2007/12/18,0,717000,-52000,665000
2007/12/19,0,359000,-289000,70000
2007/12/20,0,12000,-245000,-233000
2007/12/21,0,472000,-308000,164000
2007/12/24,0,451000,-81720,369280
2007/12/25,0,275000,-578000,-303000
2007/12/26,0,182000,-289000,-107000
2007/12/27,0,549000,-523000,26000
2007/12/28,0,157000,-1035000,-878000
2007/12/31,0,222000,-353000,-131000
2008/01/01,0,0,0,0
2008/01/02,0,32000,-238000,-206000
2008/01/03,0,468000,-749000,-281000
2008/01/04,0,482000,-117000,365000
2008/01/07,0,604000,-621000,-17000
2008/01/08,0,1022000,-8000,1014000
2008/01/09,0,952000,-733000,219000
2008/01/10,0,398000,-144000,254000
2008/01/11,0,212000,-336000,-124000
2008/01/14,0,1714000,-185000,1529000
2008/01/15,0,1556000,-801000,755000
2008/01/16,0,736000,-446000,290000
2008/01/17,0,628000,-1567360,-939360
2008/01/18,0,569000,-809000,-240000
2008/01/21,0,150000,-494000,-344000
2008/01/22,0,152000,-412000,-260000
2008/01/23,0,549000,-214000,335000
2008/01/24,0,320000,-527000,-207000
2008/01/25,0,222000,-229000,-7000
2008/01/28,0,173000,-298000,-125000
2008/01/29,0,654000,-751000,-97000
2008/01/30,0,799000,-153000,646000
2008/01/31,0,1202000,-181000,1021000
2008/02/01,0,1653000,-378000,1275000
2008/02/04,0,0,0,0
2008/02/05,0,0,0,0
2008/02/06,0,0,0,0
2008/02/07,0,0,0,0
2008/02/08,0,0,0,0
2008/02/11,0,0,0,0
2008/02/12,0,511000,-909000,-398000
2008/02/13,0,593000,-134000,459000
2008/02/14,0,839000,-1807000,-968000
2008/02/15,0,529000,-75000,454000
2008/02/18,0,415000,-117000,298000
2008/02/19,0,34000,-250000,-216000
2008/02/20,0,670000,-713000,-43000
2008/02/21,0,575000,-288000,287000
2008/02/22,0,634000,-117000,517000
2008/02/25,0,532000,-794369,-262369
2008/02/26,0,423000,-1617162,-1194162
2008/02/27,0,671000,-1216409,-545409
2008/02/28,0,0,0,0
2008/02/29,0,679000,-350000,329000
2008/03/03,0,362000,-131584,230416
2008/03/04,0,722000,-764000,-42000
2008/03/05,0,920000,-633000,287000
2008/03/06,0,166000,-385471,-219471
2008/03/07,0,267000,-398000,-131000
2008/03/10,0,264000,-604752,-340752
2008/03/11,0,530000,-483000,47000
2008/03/12,0,418000,-173164,244836
2008/03/13,0,324000,-64000,260000
2008/03/14,0,230000,-487000,-257000
2008/03/17,0,838000,-119000,719000
2008/03/18,0,476000,-200000,276000
2008/03/19,0,550000,-354000,196000
2008/03/20,0,1100000,-392000,708000
2008/03/21,0,476000,-320000,156000
2008/03/24,0,1009000,-569000,440000
2008/03/25,0,278000,-225000,53000
2008/03/26,0,121000,-297000,-176000
2008/03/27,0,1310000,-257000,1053000
2008/03/28,0,816000,-383826,432174
2008/03/31,0,584000,-786699,-202699
2008/04/01,0,456000,-459000,-3000
2008/04/02,0,442000,-140000,302000
2008/04/03,0,504000,-14000,490000
2008/04/04,0,0,0,0
2008/04/07,0,914000,-29000,885000
2008/04/08,0,1247000,-575000,672000
2008/04/09,0,1184000,-227000,957000
2008/04/10,0,347000,-673000,-326000
2008/04/11,0,211000,-631000,-420000
2008/04/14,0,77000,-70550,6450
2008/04/15,0,38000,-181000,-143000
2008/04/16,0,186000,-629000,-443000
2008/04/17,0,178000,-392000,-214000
2008/04/18,0,199000,-57000,142000
2008/04/21,0,124000,-226000,-102000
2008/04/22,0,113000,-352000,-239000
2008/04/23,0,426000,-337000,89000
2008/04/24,0,124000,-16000,108000
2008/04/25,0,244000,-51000,193000
2008/04/28,0,315000,-786000,-471000
2008/04/29,0,286000,-69000,217000
2008/04/30,0,391000,-824000,-433000
2008/05/01,0,0,0,0
2008/05/02,0,589000,-15000,574000
2008/05/05,0,276000,-769000,-493000
2008/05/06,0,270000,-70000,200000
2008/05/07,0,83000,-234000,-151000
2008/05/08,0,12000,-116000,-104000
2008/05/09,0,573000,-199000,374000
2008/05/12,0,642000,-12000,630000
2008/05/13,0,808000,-685000,123000
2008/05/14,0,58000,-164000,-106000
2008/05/15,0,308000,-364000,-56000
2008/05/16,0,144000,-27000,117000
2008/05/19,0,206000,-67000,139000
2008/05/20,0,636000,-1340000,-704000
2008/05/21,0,21000,-38000,-17000
2008/05/22,0,120000,-75000,45000
2008/05/23,0,74000,-46000,28000
2008/05/26,0,258000,-194000,64000
2008/05/27,0,50000,-80000,-30000
2008/05/28,0,9000,-431000,-422000
2008/05/29,0,39000,-128000,-89000
2008/05/30,0,386000,-62000,324000
2008/06/02,0,74000,-14000,60000
2008/06/03,0,108000,-75000,33000
2008/06/04,0,90000,-433000,-343000
2008/06/05,0,934000,-884000,50000
2008/06/06,0,13000,-370000,-357000
2008/06/09,0,107000,-16000,91000
2008/06/10,0,78000,-170000,-92000
2008/06/11,0,517000,-77000,440000
2008/06/12,0,302000,-54000,248000
2008/06/13,0,86000,-192000,-106000
2008/06/16,0,90000,-52000,38000
2008/06/17,0,122000,-55000,67000
2008/06/18,0,373000,-21000,352000
2008/06/19,0,311000,-222000,89000
2008/06/20,0,222000,-1112000,-890000
2008/06/23,0,488000,-47000,441000
2008/06/24,0,220000,-36000,184000
2008/06/25,0,735000,-35000,700000
2008/06/26,0,235000,-232000,3000
2008/06/27,0,388000,-730000,-342000
2008/06/30,0,535000,-52000,483000
2008/07/01,0,700000,-352000,348000
2008/07/02,0,730000,-20000,710000
2008/07/03,0,396000,-121000,275000
2008/07/04,0,733000,-518000,215000
2008/07/07,0,1006000,-672000,334000
2008/07/08,0,507000,-1693000,-1186000
2008/07/09,0,680000,-297000,383000
2008/07/10,0,268000,-9092,258908
2008/07/11,0,252000,-252000,0
2008/07/14,0,76000,-163000,-87000
2008/07/15,0,150000,-95000,55000
2008/07/16,0,204000,-101457,102543
2008/07/17,0,307000,-449160,-142160
2008/07/18,0,226000,-195000,31000
2008/07/21,0,1263000,-22000,1241000
2008/07/22,0,715000,0,715000
2008/07/23,0,964000,-30000,934000
2008/07/24,0,289000,-978000,-689000
2008/07/25,0,326000,-65000,261000
2008/07/28,0,0,0,0
2008/07/29,0,345000,-75000,270000
2008/07/30,0,62000,-117000,-55000
2008/07/31,0,358000,-1000,357000
2008/08/01,0,244000,-113000,131000
2008/08/04,0,404000,-110000,294000
2008/08/05,0,556000,-225000,331000
2008/08/06,0,626000,-112000,514000
2008/08/07,0,91000,-43000,48000
2008/08/08,0,279000,-100000,179000
2008/08/11,0,21000,-456000,-435000
2008/08/12,0,4000,-414000,-410000
2008/08/13,0,198000,-168000,30000
2008/08/14,0,487000,-89000,398000
2008/08/15,0,63000,-98000,-35000
2008/08/18,0,0,-254175,-254175
2008/08/19,0,10000,-96200,-86200
2008/08/20,0,1000,-98000,-97000
2008/08/21,0,19000,-544555,-525555
2008/08/22,0,118000,-298000,-180000
2008/08/25,0,110000,-160000,-50000
2008/08/26,0,36000,-62000,-26000
2008/08/27,0,136000,-32000,104000
2008/08/28,0,168000,-172000,-4000
2008/08/29,0,508000,-238000,270000
2008/09/01,0,478000,-14000,464000
2008/09/02,0,274000,-75567,198433
2008/09/03,0,310000,-188276,121724
2008/09/04,0,402000,-194000,208000
2008/09/05,0,258000,-103000,155000
2008/09/08,0,497000,-145000,352000
2008/09/09,0,459000,-299096,159904
2008/09/10,0,357000,-120000,237000
2008/09/11,0,457000,-205000,252000
2008/09/12,0,1061000,-284000,777000
2008/09/15,0,83000,-524000,-441000
2008/09/16,0,389000,-27000,362000
2008/09/17,0,217000,-644000,-427000
2008/09/18,0,494000,-290000,204000
2008/09/19,0,487000,-1266000,-779000
2008/09/22,0,148000,-536000,-388000
2008/09/23,0,301000,-330000,-29000
2008/09/24,0,500000,-266000,234000
2008/09/25,0,179000,-35000,144000
2008/09/26,0,60000,-706000,-646000
2008/09/29,0,0,0,0
2008/09/30,0,7000,-297000,-290000
2008/10/01,0,366000,-415000,-49000
2008/10/02,0,363000,-141000,222000
2008/10/03,0,373000,-65000,308000
2008/10/06,0,409000,-177043,231957
2008/10/07,0,342000,-208000,134000
2008/10/08,0,372000,-807000,-435000
2008/10/09,0,301000,-33000,268000
2008/10/10,0,0,0,0
2008/10/13,0,681000,-285000,396000
2008/10/14,0,275000,-40000,235000
2008/10/15,0,280000,-704952,-424952
2008/10/16,0,0,-1667,-1667
2008/10/17,0,186000,-274000,-88000
2008/10/20,0,117000,-34509,82491
2008/10/21,0,472000,-50000,422000
2008/10/22,0,50000,-1000,49000
2008/10/23,0,18000,-11578,6422
2008/10/24,0,30000,-115998,-85998
2008/10/27,0,1124000,-95000,1029000
2008/10/28,0,321000,-26838,294162
2008/10/29,0,352000,-2000,350000
2008/10/30,0,214000,-39000,175000
2008/10/31,0,917000,-35000,882000
2008/11/03,0,236000,-389000,-153000
2008/11/04,0,105000,-207000,-102000
2008/11/05,0,234000,-1548000,-1314000
2008/11/06,0,162000,-112000,50000
2008/11/07,0,406000,-272404,133596
2008/11/10,0,590000,-35000,555000
2008/11/11,0,779000,-117000,662000
2008/11/12,0,276000,-284000,-8000
2008/11/13,0,234000,-547596,-313596
2008/11/14,0,95000,-49000,46000
2008/11/17,0,201000,-75795,125205
2008/11/18,0,427000,-28000,399000
2008/11/19,0,363000,-218000,145000
2008/11/20,0,384000,-1011000,-627000
2008/11/21,0,645000,-389000,256000
2008/11/24,0,452000,-13000,439000
2008/11/25,0,418000,-116000,302000
2008/11/26,0,65000,-12000,53000
2008/11/27,0,524000,-367000,157000
2008/11/28,0,640000,-16000,624000
2008/12/01,0,311000,-32000,279000
2008/12/02,0,115000,-194000,-79000
2008/12/03,0,177000,-249000,-72000
2008/12/04,0,238000,-99583,138417
2008/12/05,0,80000,-29000,51000
2008/12/08,0,351000,-18000,333000
2008/12/09,0,646000,-27000,619000
2008/12/10,0,258000,-10000,248000
2008/12/11,0,134000,-319000,-185000
2008/12/12,0,84000,-886000,-802000
2008/12/15,0,590000,-171000,419000
2008/12/16,0,73000,-272000,-199000
2008/12/17,0,147000,-689000,-542000
2008/12/18,0,6000,-26000,-20000
2008/12/19,0,138000,-77000,61000
2008/12/22,0,144000,-66000,78000
2008/12/23,0,471000,-287000,184000
2008/12/24,0,57000,-120000,-63000
2008/12/25,0,135000,-20000,115000
2008/12/26,0,107000,-50000,57000
2008/12/29,0,98000,-12000,86000
2008/12/30,0,62000,-35317,26683
2008/12/31,0,5000,-48000,-43000
2009/01/01,0,0,0,0
2009/01/02,0,0,0,0
2009/01/05,0,872000,-30998,841002
2009/01/06,0,1394000,-47000,1347000
2009/01/07,0,788000,-691000,97000
2009/01/08,0,1611000,-662000,949000
2009/01/09,0,420000,-94000,326000
2009/01/12,0,231000,-769000,-538000
2009/01/13,0,388000,-77000,311000
2009/01/14,0,57000,-175000,-118000
2009/01/15,0,94000,-204000,-110000
2009/01/16,0,164000,-291000,-127000
2009/01/19,0,149058,-176000,-26942
2009/01/20,0,458000,-122822,335178
2009/01/21,0,471000,-31000,440000
2009/01/22,0,0,0,0
2009/01/23,0,0,0,0
2009/01/26,0,0,0,0
2009/01/27,0,0,0,0
2009/01/28,0,0,0,0
2009/01/29,0,0,0,0
2009/01/30,0,0,0,0
2009/02/02,0,109000,-1692074,-1583074
2009/02/03,0,15000,-240000,-225000
2009/02/04,0,165000,-103000,62000
2009/02/05,0,151000,-201000,-50000
2009/02/06,0,170000,-76000,94000
2009/02/09,0,2097000,-346000,1751000
2009/02/10,0,63000,-506000,-443000
2009/02/11,0,457000,-296541,160459
2009/02/12,0,50000,-1256000,-1206000
2009/02/13,0,230000,-55000,175000
2009/02/16,0,2000,-158000,-156000
2009/02/17,0,96000,-555000,-459000
2009/02/18,0,150000,-340000,-190000
2009/02/19,0,205000,-272000,-67000
2009/02/20,0,208000,-157690,50310
2009/02/23,0,272000,-191000,81000
2009/02/24,0,255000,-160000,95000
2009/02/25,0,295000,-139000,156000
2009/02/26,0,618000,-30000,588000
2009/02/27,0,216000,-45000,171000
2009/03/02,0,398000,-378000,20000
2009/03/03,0,198000,-73000,125000
2009/03/04,0,392000,-224000,168000
2009/03/05,0,199000,-261000,-62000
2009/03/06,0,104000,-11000,93000
2009/03/09,0,201000,-141000,60000
2009/03/10,0,501000,-220000,281000
2009/03/11,0,1137000,-486000,651000
2009/03/12,0,435000,-47000,388000
2009/03/13,0,710000,-469955,240045
2009/03/16,0,101000,-572000,-471000
2009/03/17,0,454000,-411000,43000
2009/03/18,0,382000,-1744000,-1362000
2009/03/19,0,533000,-366000,167000
2009/03/20,0,565000,-1207188,-642188
2009/03/23,0,342000,-499000,-157000
2009/03/24,0,191000,-168000,23000
2009/03/25,0,267000,-117000,150000
2009/03/26,0,134000,-251000,-117000
2009/03/27,0,599000,-1073000,-474000
2009/03/30,0,58000,-862000,-804000
2009/03/31,0,137000,-95000,42000
2009/04/01,0,487000,-194000,293000
2009/04/02,0,1891000,-622000,1269000
2009/04/03,0,364000,-620000,-256000
2009/04/06,0,117000,-398319,-281319
2009/04/07,0,787000,-297000,490000
2009/04/08,0,781000,-1367000,-586000
2009/04/09,0,1004000,-310000,694000
2009/04/10,0,188000,-1106000,-918000
2009/04/13,0,251000,-1088000,-837000
2009/04/14,0,443000,-839896,-396896
2009/04/15,0,237000,-820000,-583000
2009/04/16,0,528000,-882000,-354000
2009/04/17,0,461000,-1017036,-556036
2009/04/20,0,462000,-280000,182000
2009/04/21,0,619000,-69000,550000
2009/04/22,0,118000,-450000,-332000
2009/04/23,0,222000,-488000,-266000
2009/04/24,0,707000,-321000,386000
2009/04/27,0,764000,-1135000,-371000
2009/04/28,0,537000,-560897,-23897
2009/04/29,0,461000,-132000,329000
2009/04/30,0,105000,-481000,-376000
2009/05/01,0,0,0,0
2009/05/04,0,347000,-765000,-418000
2009/05/05,0,306000,-698000,-392000
2009/05/06,0,2195000,-192741,2002259
2009/05/07,0,213000,-609000,-396000
2009/05/08,0,547000,-182000,365000
2009/05/11,0,149000,-354000,-205000
2009/05/12,0,313000,-331000,-18000
2009/05/13,0,900000,-187000,713000
2009/05/14,0,64000,-392000,-328000
2009/05/15,0,179000,-682000,-503000
2009/05/18,0,38000,-339000,-301000
2009/05/19,0,623000,-348899,274101
2009/05/20,0,121000,-1007000,-886000
2009/05/21,0,34000,-700000,-666000
2009/05/22,0,27000,-728137,-701137
2009/05/25,0,436000,-486000,-50000
2009/05/26,0,1334000,-833000,501000
2009/05/27,0,983000,-495000,488000
2009/05/28,0,0,0,0
2009/05/29,0,0,0,0
2009/06/01,0,200000,-1586000,-1386000
2009/06/02,0,588000,-580000,8000
2009/06/03,0,206000,-246000,-40000
2009/06/04,0,392000,-827634,-435634
2009/06/05,0,165000,-211000,-46000
2009/06/08,0,126000,-239000,-113000
2009/06/09,0,1327000,-365000,962000
2009/06/10,0,266000,-35897,230103
2009/06/11,0,246000,-998000,-752000
2009/06/12,0,379000,-1015000,-636000
2009/06/15,0,566000,-192000,374000
2009/06/16,0,108000,-96611,11389
2009/06/17,0,350000,-314000,36000
2009/06/18,0,421000,-296000,125000
2009/06/19,0,282000,-60000,222000
2009/06/22,0,439000,-156000,283000
2009/06/23,0,31000,-206000,-175000
2009/06/24,0,991000,-215000,776000
2009/06/25,0,271000,-173000,98000
2009/06/26,0,160000,-113000,47000
2009/06/29,0,266000,-121000,145000
2009/06/30,0,455000,-276000,179000
2009/07/01,0,542000,-1012000,-470000
2009/07/02,0,207000,-97000,110000
2009/07/03,0,298000,-126000,172000
2009/07/06,0,135000,-197000,-62000
2009/07/07,0,2185000,0,2185000
2009/07/08,0,101000,-1615000,-1514000
2009/07/09,0,1120000,-464000,656000
2009/07/10,0,156000,-64000,92000
2009/07/13,0,373000,-545000,-172000
2009/07/14,0,86000,-85000,1000
2009/07/15,0,718000,-156000,562000
2009/07/16,0,136000,-192000,-56000
2009/07/17,0,172000,-312648,-140648
2009/07/20,0,190000,-241000,-51000
2009/07/21,0,68000,-391000,-323000
2009/07/22,0,276000,-54000,222000
2009/07/23,0,56000,-117000,-61000
2009/07/24,0,30000,-380000,-350000
2009/07/27,0,101000,-74000,27000
2009/07/28,0,94957,-294000,-199043
2009/07/29,0,418000,-67000,351000
2009/07/30,0,86000,-401000,-315000
2009/07/31,0,51000,-494000,-443000
2009/08/03,0,3437,-798000,-794563
2009/08/04,0,692000,-746000,-54000
2009/08/05,0,88000,-761000,-673000
2009/08/06,0,216000,-97000,119000
2009/08/07,0,0,0,0
2009/08/10,0,93000,-317000,-224000
2009/08/11,0,229000,-320000,-91000
2009/08/12,0,446000,-201000,245000
2009/08/13,0,1262000,-312000,950000
2009/08/14,0,224000,-403000,-179000
2009/08/17,0,160000,-223000,-63000
2009/08/18,0,553000,-1216000,-663000
2009/08/19,0,256000,-156620,99380
2009/08/20,0,110000,-636050,-526050
2009/08/21,0,191000,-648450,-457450
2009/08/24,0,401000,-194605,206395
2009/08/25,0,311000,-381000,-70000
2009/08/26,0,324000,-131000,193000
2009/08/27,0,100000,-60000,40000
2009/08/28,0,389000,-227000,162000
2009/08/31,0,55000,-112560,-57560
2009/09/01,0,160000,-247470,-87470
2009/09/02,0,21000,-156000,-135000
2009/09/03,0,115000,-515000,-400000
2009/09/04,0,80000,-270000,-190000
2009/09/07,0,25650,-231000,-205350
2009/09/08,0,524000,-386000,138000
2009/09/09,0,608000,-106000,502000
2009/09/10,0,950000,-554000,396000
2009/09/11,0,550000,-196000,354000
2009/09/14,0,847000,-1154000,-307000
2009/09/15,0,258000,-467000,-209000
2009/09/16,0,363000,-249910,113090
2009/09/17,0,213000,-286000,-73000
2009/09/18,0,480000,-718000,-238000
2009/09/21,0,222000,-883000,-661000
2009/09/22,0,0,-573000,-573000
2009/09/23,0,418000,-839465,-421465
2009/09/24,0,326000,-525000,-199000
2009/09/25,0,155000,-44000,111000
2009/09/28,0,209000,-28082,180918
2009/09/29,0,569000,-67000,502000
2009/09/30,0,62000,-259000,-197000
2009/10/01,0,7000,-441000,-434000
2009/10/02,0,88000,-352000,-264000
2009/10/05,0,13000,-496000,-483000
2009/10/06,0,66000,-488000,-422000
2009/10/07,0,114000,-87000,27000
2009/10/08,0,45000,-304000,-259000
2009/10/09,0,55000,-150000,-95000
2009/10/12,0,94000,-344000,-250000
2009/10/13,0,312000,-139000,173000
2009/10/14,0,12000,-143000,-131000
2009/10/15,0,140000,-42000,98000
2009/10/16,0,94000,-19000,75000
2009/10/19,0,114000,-43000,71000
2009/10/20,0,20000,-224000,-204000
2009/10/21,0,80000,-44355,35645
2009/10/22,0,97000,-105000,-8000
2009/10/23,0,209000,-41000,168000
2009/10/26,0,759000,-207000,552000
2009/10/27,0,58000,-140000,-82000
2009/10/28,0,108000,-221000,-113000
2009/10/29,0,620000,-36000,584000
2009/10/30,0,235000,-122000,113000
2009/11/02,0,186000,-340000,-154000
2009/11/03,0,67000,-247000,-180000
2009/11/04,0,338000,-53000,285000
2009/11/05,0,218000,-29000,189000
2009/11/06,0,197000,-113000,84000
2009/11/09,0,407000,-67000,340000
2009/11/10,0,121000,-295000,-174000
2009/11/11,0,471000,-123000,348000
2009/11/12,0,223000,-48000,175000
2009/11/13,0,413000,-542000,-129000
2009/11/16,0,36000,-36000,0
2009/11/17,0,179000,-92000,87000
2009/11/18,0,148000,-166000,-18000
2009/11/19,0,72000,-37000,35000
2009/11/20,0,93000,-137000,-44000
2009/11/23,0,72000,-42000,30000
2009/11/24,0,182000,-82000,100000
2009/11/25,0,39000,-378000,-339000
2009/11/26,0,39000,-78000,-39000
2009/11/27,0,48000,-669000,-621000
2009/11/30,0,64000,-31635,32365
2009/12/01,0,98000,-58000,40000
2009/12/02,0,306000,-63350,242650
2009/12/03,0,18000,-57000,-39000
2009/12/04,0,109000,-39000,70000
2009/12/07,0,63000,-20070,42930
2009/12/08,0,5000,-129000,-124000
2009/12/09,0,0,-125000,-125000
2009/12/10,0,113000,-603000,-490000
2009/12/11,0,143000,-85588,57412
2009/12/14,0,34000,-257000,-223000
2009/12/15,0,18000,-190000,-172000
2009/12/16,0,0,-520000,-520000
2009/12/17,0,47000,-113000,-66000
2009/12/18,0,15000,-61000,-46000
2009/12/21,0,43000,-64000,-21000
2009/12/22,0,31000,-193091,-162091
2009/12/23,0,63000,-218000,-155000
2009/12/24,0,206000,-99000,107000
2009/12/25,0,18000,-3000,15000
2009/12/28,0,726000,-17000,709000
2009/12/29,0,166000,-60000,106000
2009/12/30,0,79000,-302000,-223000
2009/12/31,0,235000,-166000,69000
2010/01/01,0,0,0,0
2010/01/04,0,73000,-652000,-579000
2010/01/05,0,782000,-716300,65700
2010/01/06,0,1448000,-474000,974000
2010/01/07,0,511000,-448000,63000
2010/01/08,0,1468000,-1628000,-160000
2010/01/11,0,151000,-311000,-160000
2010/01/12,0,134000,-317000,-183000
2010/01/13,0,474000,-37000,437000
2010/01/14,0,183000,-378736,-195736
2010/01/15,0,5000,-113000,-108000
2010/01/18,0,112000,-230000,-118000
2010/01/19,0,434110,-26000,408110
2010/01/20,0,255000,-546000,-291000
2010/01/21,0,39000,-228000,-189000
2010/01/22,0,269000,-419000,-150000
2010/01/25,0,402000,-413000,-11000
2010/01/26,0,585000,-1375000,-790000
2010/01/27,0,164000,-187000,-23000
2010/01/28,0,483000,-319000,164000
2010/01/29,0,300000,-286000,14000
2010/02/01,0,379000,-605000,-226000
2010/02/02,0,66000,-344000,-278000
2010/02/03,0,286000,-110000,176000
2010/02/04,0,162000,-55000,107000
2010/02/05,0,412000,-194000,218000
2010/02/08,0,672000,-34002,637998
2010/02/09,0,510000,-62354,447646
2010/02/10,0,359000,-98000,261000
2010/02/11,0,0,0,0
2010/02/12,0,0,0,0
2010/02/15,0,0,0,0
2010/02/16,0,0,0,0
2010/02/17,0,0,0,0
2010/02/18,0,0,0,0
2010/02/19,0,0,0,0
2010/02/22,0,778000,-86460,691540
2010/02/23,0,264000,-444000,-180000
2010/02/24,0,164000,-400000,-236000
2010/02/25,0,304000,-331000,-27000
2010/02/26,0,109000,-24000,85000
2010/03/01,0,272000,-456000,-184000
2010/03/02,0,111000,-613492,-502492
2010/03/03,0,454000,-62000,392000
2010/03/04,0,31000,-554000,-523000
2010/03/05,0,158000,-231000,-73000
2010/03/08,0,98000,-137000,-39000
2010/03/09,0,16000,-16000,0
2010/03/10,0,34000,-230000,-196000
2010/03/11,0,166000,-10000,156000
2010/03/12,0,130000,-104000,26000
2010/03/15,0,28000,-338000,-310000
2010/03/16,0,267000,-197000,70000
2010/03/17,0,966000,-25000,941000
2010/03/18,0,436000,-70902,365098
2010/03/19,0,142000,-25000,117000
2010/03/22,0,165000,-247000,-82000
2010/03/23,0,190000,-30000,160000
2010/03/24,0,131000,-213545,-82545
2010/03/25,0,865000,-268000,597000
2010/03/26,0,338000,-145000,193000
2010/03/29,0,238000,-60000,178000
2010/03/30,0,104000,-10000,94000
2010/03/31,0,38000,-42000,-4000
2010/04/01,0,444000,-160000,284000
2010/04/02,0,62000,-5000,57000
2010/04/05,0,0,0,0
2010/04/06,0,263000,-187000,76000
2010/04/07,0,68000,-5000,63000
2010/04/08,0,278000,-30000,248000
2010/04/09,0,67000,-32000,35000
2010/04/12,0,32000,-18000,14000
2010/04/13,0,205000,-134000,71000
2010/04/14,0,59000,-33000,26000
2010/04/15,0,49000,-32000,17000
2010/04/16,0,79000,-89000,-10000
2010/04/19,0,613000,-166000,447000
2010/04/20,0,309000,-705000,-396000
2010/04/21,0,158000,-99000,59000
2010/04/22,0,344000,-140000,204000
2010/04/23,0,205000,-181000,24000
2010/04/26,0,115000,-180000,-65000
2010/04/27,0,47000,-86000,-39000
2010/04/28,0,328000,-181000,147000
2010/04/29,0,8000,-134390,-126390
2010/04/30,0,76000,-134000,-58000
2010/05/03,0,70000,-117000,-47000
2010/05/04,0,42000,-126000,-84000
2010/05/05,0,32000,-140000,-108000
2010/05/06,0,52000,-553000,-501000
2010/05/07,0,131000,-77000,54000
2010/05/10,0,98000,-167849,-69849
2010/05/11,0,59000,-755000,-696000
2010/05/12,0,68000,-135000,-67000
2010/05/13,0,194000,-10000,184000
2010/05/14,0,464000,-88000,376000
2010/05/17,0,124000,-314000,-190000
2010/05/18,0,392000,-123000,269000
2010/05/19,0,583000,-140000,443000
2010/05/20,0,50000,-356000,-306000
2010/05/21,0,122000,-80000,42000
2010/05/24,0,27000,-18000,9000
2010/05/25,0,351000,-379000,-28000
2010/05/26,0,243000,0,243000
2010/05/27,0,59000,-41000,18000
2010/05/28,0,21000,-212000,-191000
2010/05/31,0,3000,-4000,-1000
2010/06/01,0,3000,-268000,-265000
2010/06/02,0,151000,-42000,109000
2010/06/03,0,90000,0,90000
2010/06/04,0,40000,-16000,24000
2010/06/07,0,109000,-76000,33000
2010/06/08,0,149000,-172000,-23000
2010/06/09,0,6000,-397000,-391000
2010/06/10,0,37000,-32000,5000
2010/06/11,0,221000,-15000,206000
2010/06/14,0,108000,-59000,49000
2010/06/15,0,774000,-85000,689000
2010/06/16,0,0,0,0
2010/06/17,0,1243000,-1277000,-34000
2010/06/18,0,41000,-117000,-76000
2010/06/21,0,32000,-35000,-3000
2010/06/22,0,48000,0,48000
2010/06/23,0,16000,-40000,-24000
2010/06/24,0,1000,-1853,-853
2010/06/25,0,154000,-57000,97000
2010/06/28,0,3000,-3000,0
2010/06/29,0,174000,-11000,163000
2010/06/30,0,155000,-55000,100000
2010/07/01,0,282000,-2000,280000
2010/07/02,0,134000,-98000,36000
2010/07/05,0,115000,-37000,78000
2010/07/06,0,198000,-3000,195000
2010/07/07,0,19000,-30000,-11000
2010/07/08,0,123000,-62259,60741
2010/07/09,0,49000,-29000,20000
2010/07/12,0,91000,-174000,-83000
2010/07/13,0,205000,-35000,170000
2010/07/14,0,707000,-245000,462000
2010/07/15,0,6000,-249000,-243000
2010/07/16,0,41000,-1000,40000
2010/07/19,0,71000,-79000,-8000
2010/07/20,0,96000,-10000,86000
2010/07/21,0,100000,-12000,88000
2010/07/22,0,25000,-67000,-42000
2010/07/23,0,26000,-93000,-67000
2010/07/26,0,95000,-21000,74000
2010/07/27,0,35000,-62000,-27000
2010/07/28,0,95000,-82000,13000
2010/07/29,0,12000,-110000,-98000
2010/07/30,0,25000,-185000,-160000
2010/08/02,0,188000,-60000,128000
2010/08/03,0,171000,-228000,-57000
2010/08/04,0,1000,-136000,-135000
2010/08/05,0,47000,-542000,-495000
2010/08/06,0,39000,-25000,14000
2010/08/09,0,1000,-108000,-107000
2010/08/10,0,12000,-318000,-306000
2010/08/11,0,348000,-88000,260000
2010/08/12,0,19000,-153000,-134000
2010/08/13,0,18000,-158000,-140000
2010/08/16,0,83000,-22000,61000
2010/08/17,0,35000,-30000,5000
2010/08/18,0,23000,-375000,-352000
2010/08/19,0,25000,-5000,20000
2010/08/20,0,40000,-162000,-122000
2010/08/23,0,121000,-25000,96000
2010/08/24,0,0,-251000,-251000
2010/08/25,0,49000,-484000,-435000
2010/08/26,0,40000,-96000,-56000
2010/08/27,0,25000,-181000,-156000
2010/08/30,0,72000,-76000,-4000
2010/08/31,0,6000,-22000,-16000
2010/09/01,0,59000,-51000,8000
2010/09/02,0,30000,-514270,-484270
2010/09/03,0,149000,-137000,12000
2010/09/06,0,265000,-11000,254000
2010/09/07,0,130000,-40000,90000
2010/09/08,0,18000,-21000,-3000
2010/09/09,0,183000,-18000,165000
2010/09/10,0,69000,-36000,33000
2010/09/13,0,122000,-1000,121000
2010/09/14,0,0,-124000,-124000
2010/09/15,0,4000,-195000,-191000
2010/09/16,0,14000,-247000,-233000
2010/09/17,0,187000,-44000,143000
2010/09/20,0,13000,-21000,-8000
2010/09/21,0,0,-14000,-14000
2010/09/22,0,0,0,0
2010/09/23,0,86000,-7000,79000
2010/09/24,0,50000,-35000,15000
2010/09/27,0,267000,-33000,234000
2010/09/28,0,22000,-5000,17000
2010/09/29,0,15000,-86000,-71000
2010/09/30,0,37000,-218000,-181000
2010/10/01,0,76000,-106000,-30000
2010/10/04,0,131000,-251000,-120000
2010/10/05,0,186000,-29000,157000
2010/10/06,0,18000,-64000,-46000
2010/10/07,0,3000,-7223,-4223
2010/10/08,0,208000,-19000,189000
2010/10/11,0,18000,-17000,1000
2010/10/12,0,27000,-107000,-80000
2010/10/13,0,48000,-115000,-67000
2010/10/14,0,394000,-14000,380000
2010/10/15,0,321000,-79000,242000
2010/10/18,0,329000,-82000,247000
2010/10/19,0,144000,-145000,-1000
2010/10/20,0,180000,-149000,31000
2010/10/21,0,314000,-48000,266000
2010/10/22,0,189000,-207000,-18000
2010/10/25,0,322000,-366000,-44000
2010/10/26,0,181000,-85000,96000
2010/10/27,0,68000,-96000,-28000
2010/10/28,0,324000,-260000,64000
2010/10/29,0,104000,-290000,-186000
2010/11/01,0,647000,-140226,506774
2010/11/02,0,123000,-1217420,-1094420
2010/11/03,0,66000,-1151000,-1085000
2010/11/04,0,69000,-84000,-15000
2010/11/05,0,401000,-52000,349000
2010/11/08,0,50000,-129000,-79000
2010/11/09,0,6620,-32000,-25380
2010/11/10,0,142000,-44000,98000
2010/11/11,0,253000,-129000,124000
2010/11/12,0,85000,-62000,23000
2010/11/15,0,124000,-348000,-224000
2010/11/16,0,668000,-126000,542000
2010/11/17,0,108000,-55000,53000
2010/11/18,0,78000,-68000,10000
2010/11/19,0,51000,-42000,9000
2010/11/22,0,147000,-66300,80700
2010/11/23,0,28000,-86000,-58000
2010/11/24,0,220000,-12000,208000
2010/11/25,0,110000,-20000,90000
2010/11/26,0,24000,-52000,-28000
2010/11/29,0,153000,-61000,92000
2010/11/30,0,104000,-46000,58000
2010/12/01,0,446000,-187000,259000
2010/12/02,0,100000,-78000,22000
2010/12/03,0,15000,-128000,-113000
2010/12/06,0,125000,-154000,-29000
2010/12/07,0,303576,-166000,137576
2010/12/08,0,25000,-411000,-386000
2010/12/09,0,133000,-45000,88000
2010/12/10,0,219000,-215000,4000
2010/12/13,0,101000,-155000,-54000
2010/12/14,0,10000,-268803,-258803
2010/12/15,0,127000,-365000,-238000
2010/12/16,0,10000,-334000,-324000
2010/12/17,0,100000,-672000,-572000
2010/12/20,0,40000,-114000,-74000
2010/12/21,0,60000,-110000,-50000
2010/12/22,0,7000,-69000,-62000
2010/12/23,0,9000,-448000,-439000
2010/12/24,0,11000,-257000,-246000
2010/12/27,0,93000,-900778,-807778
2010/12/28,0,62000,-1361000,-1299000
2010/12/29,0,71000,-83867,-12867
2010/12/30,0,73000,-112000,-39000
2010/12/31,0,141000,-81000,60000
2011/01/03,0,180000,-28000,152000
2011/01/04,0,86000,-94000,-8000
2011/01/05,0,111000,-214000,-103000
2011/01/06,0,171000,-146000,25000
2011/01/07,0,309000,-406000,-97000
2011/01/10,0,67000,-84000,-17000
2011/01/11,0,343000,-60000,283000
2011/01/12,0,214000,-37000,177000
2011/01/13,0,49000,-493000,-444000
2011/01/14,0,51000,-12000,39000
2011/01/17,0,32000,-486276,-454276
2011/01/18,0,38000,-121000,-83000
2011/01/19,0,221000,-657000,-436000
2011/01/20,0,32000,-17000,15000
2011/01/21,0,44000,-206000,-162000
2011/01/24,0,16000,-182000,-166000
2011/01/25,0,47000,-124000,-77000
2011/01/26,0,69000,-269000,-200000
2011/01/27,0,9000,-341000,-332000
2011/01/28,0,327000,-267000,60000
2011/01/31,0,0,0,0
2011/02/01,0,0,0,0
2011/02/02,0,0,0,0
2011/02/03,0,0,0,0
2011/02/04,0,0,0,0
2011/02/07,0,0,0,0
2011/02/08,0,544000,-647000,-103000
2011/02/09,0,60000,-175000,-115000
2011/02/10,0,348000,-239000,109000
2011/02/11,0,164000,-270000,-106000
2011/02/14,0,193000,-104000,89000
2011/02/15,0,175000,-445000,-270000
2011/02/16,0,64000,-245000,-181000
2011/02/17,0,33000,-278000,-245000
2011/02/18,0,116000,-270000,-154000
2011/02/21,0,176000,-308000,-132000
2011/02/22,0,652000,-181000,471000
2011/02/23,0,792000,-260000,532000
2011/02/24,0,958000,-119000,839000
2011/02/25,0,1079000,-99000,980000
2011/02/28,0,0,0,0
2011/03/01,0,259160,-52000,207160
2011/03/02,0,376000,-342000,34000
2011/03/03,0,920440,-281000,639440
2011/03/04,0,99000,-147100,-48100
2011/03/07,0,66000,-4707,61293
2011/03/08,0,179000,-59000,120000
2011/03/09,0,27000,-147241,-120241
2011/03/10,0,41260,-280000,-238740
2011/03/11,0,332000,-124000,208000
2011/03/14,0,660400,-214000,446400
2011/03/15,0,1630000,-97900,1532100
2011/03/16,0,767000,-159630,607370
2011/03/17,0,782000,-156000,626000
2011/03/18,0,429000,-204000,225000
2011/03/21,0,720000,-839000,-119000
2011/03/22,0,101000,-446000,-345000
2011/03/23,0,72000,-118000,-46000
2011/03/24,0,2000,-29000,-27000
2011/03/25,0,204000,-171000,33000
2011/03/28,0,212000,-16000,196000
2011/03/29,0,145000,-252000,-107000
2011/03/30,0,59000,-250000,-191000
2011/03/31,0,168000,-157000,11000
2011/04/01,0,186000,-118000,68000
2011/04/04,0,0,0,0
2011/04/05,0,0,0,0
2011/04/06,0,206000,-94000,112000
2011/04/07,0,571000,-38000,533000
2011/04/08,0,419000,-424000,-5000
2011/04/11,0,79000,-69000,10000
2011/04/12,0,844000,-206000,638000
2011/04/13,0,534000,-110000,424000
2011/04/14,0,293000,-149000,144000
2011/04/15,0,776000,-287000,489000
2011/04/18,0,440000,-286216,153784
2011/04/19,0,385000,-279000,106000
2011/04/20,0,559000,-139000,420000
2011/04/21,0,800000,-558000,242000
2011/04/22,0,396000,-336702,59298
2011/04/25,0,190000,-304000,-114000
2011/04/26,0,162000,-64885,97115
2011/04/27,0,442000,-1600000,-1158000
2011/04/28,0,328000,-643000,-315000
2011/04/29,0,83000,-834000,-751000
2011/05/02,0,0,0,0
2011/05/03,0,476000,-77833,398167
2011/05/04,0,837000,-261000,576000
2011/05/05,0,368000,-757000,-389000
2011/05/06,0,379000,-624000,-245000
2011/05/09,0,217000,-212000,5000
2011/05/10,0,107000,-39000,68000
2011/05/11,0,0,-171102,-171102
2011/05/12,0,55000,-68000,-13000
2011/05/13,0,89000,-50000,39000
2011/05/16,0,235000,-26000,209000
2011/05/17,0,206000,-113000,93000
2011/05/18,0,423000,-116000,307000
2011/05/19,0,339000,-305928,33072
2011/05/20,0,285000,-170000,115000
2011/05/23,0,761000,-290000,471000
2011/05/24,0,687000,-581000,106000
2011/05/25,0,137000,-133000,4000
2011/05/26,0,293000,-182000,111000
2011/05/27,0,295000,-227000,68000
2011/05/30,0,446000,-161000,285000
2011/05/31,0,974000,-126000,848000
2011/06/01,0,98000,-300000,-202000
2011/06/02,0,238000,-190000,48000
2011/06/03,0,206000,-78000,128000
2011/06/06,0,0,0,0
2011/06/07,0,175000,-73000,102000
2011/06/08,0,50000,-120000,-70000
2011/06/09,0,206000,-132000,74000
2011/06/10,0,156000,-183000,-27000
2011/06/13,0,430000,-37000,393000
2011/06/14,0,344000,-52000,292000
2011/06/15,0,604000,-283000,321000
2011/06/16,0,367000,-552000,-185000
2011/06/17,0,409000,-176000,233000
2011/06/20,0,722000,-238000,484000
2011/06/21,0,895000,-497000,398000
2011/06/22,0,286000,-214000,72000
2011/06/23,0,1043000,-108000,935000
2011/06/24,0,555000,-312000,243000
2011/06/27,0,667000,-265000,402000
2011/06/28,0,198000,-293000,-95000
2011/06/29,0,783000,-735000,48000
2011/06/30,0,623000,-501000,122000
2011/07/01,0,128000,-353000,-225000
2011/07/04,0,98000,-589000,-491000
2011/07/05,0,210000,-1111899,-901899
2011/07/06,0,116000,-312000,-196000
2011/07/07,0,1219000,-200000,1019000
2011/07/08,0,1309000,-202000,1107000
2011/07/11,0,416000,-775000,-359000
2011/07/12,0,470000,-285000,185000
2011/07/13,0,1267000,-154000,1113000
2011/07/14,0,959000,-321000,638000
2011/07/15,0,653000,-939000,-286000
2011/07/18,0,584000,-23280,560720
2011/07/19,0,37000,-60000,-23000
2011/07/20,0,616000,-425000,191000
2011/07/21,0,110000,-191000,-81000
2011/07/22,0,103000,-175000,-72000
2011/07/25,0,35000,-305000,-270000
2011/07/26,0,116000,-273515,-157515
2011/07/27,0,284000,-394000,-110000
2011/07/28,0,103000,-237000,-134000
2011/07/29,0,91000,-148000,-57000
2011/08/01,0,26000,-13400,12600
2011/08/02,0,448000,-416000,32000
2011/08/03,0,2507000,-836452,1670548
2011/08/04,0,2769000,-823000,1946000
2011/08/05,0,2759000,-739000,2020000
2011/08/08,0,2188000,-506000,1682000
2011/08/09,0,2933000,-340000,2593000
2011/08/10,0,968000,-727000,241000
2011/08/11,0,724000,-524000,200000
2011/08/12,0,395000,-929000,-534000
2011/08/15,0,264000,-27000,237000
2011/08/16,0,68000,-100000,-32000
2011/08/17,0,152000,-364000,-212000
2011/08/18,0,403000,-227000,176000
2011/08/19,0,709000,-262000,447000
2011/08/22,0,950000,-34000,916000
2011/08/23,0,921000,-40000,881000
2011/08/24,0,492000,-233000,259000
2011/08/25,0,245000,-229000,16000
2011/08/26,0,306000,-186000,120000
2011/08/29,0,273000,-288000,-15000
2011/08/30,0,169000,-275000,-106000
2011/08/31,0,119000,-135000,-16000
2011/09/01,0,447000,-1000000,-553000
2011/09/02,0,219000,-571000,-352000
2011/09/05,0,315000,-405000,-90000
2011/09/06,0,388000,-509000,-121000
2011/09/07,0,429000,-85000,344000
2011/09/08,0,240000,-295000,-55000
2011/09/09,0,245000,-181000,64000
2011/09/12,0,0,0,0
2011/09/13,0,327000,-283000,44000
2011/09/14,0,1101000,-194000,907000
2011/09/15,0,801000,-3000,798000
2011/09/16,0,213000,-79000,134000
2011/09/19,0,225000,-85000,140000
2011/09/20,0,398000,-79000,319000
2011/09/21,0,343000,-114000,229000
2011/09/22,0,130000,-341000,-211000
2011/09/23,0,1209000,-442000,767000
2011/09/26,0,1062000,-63000,999000
2011/09/27,0,297000,-15000,282000
2011/09/28,0,52000,-233000,-181000
2011/09/29,0,43000,-139000,-96000
2011/09/30,0,22000,-105000,-83000
2011/10/03,0,103000,-184000,-81000
2011/10/04,0,537000,-4000,533000
2011/10/05,0,438000,-30791,407209
2011/10/06,0,635000,-253000,382000
2011/10/07,0,378000,-228000,150000
2011/10/10,0,0,0,0
2011/10/11,0,409000,-225000,184000
2011/10/12,0,61000,-292000,-231000
2011/10/13,0,50000,-70000,-20000
2011/10/14,0,12000,-274000,-262000
2011/10/17,0,784000,-26000,758000
2011/10/18,0,52000,-26000,26000
2011/10/19,0,273000,-54000,219000
2011/10/20,0,103000,-28000,75000
2011/10/21,0,448291,-43967,404324
2011/10/24,0,477000,-30000,447000
2011/10/25,0,170000,-211000,-41000
2011/10/26,0,672000,-21000,651000
2011/10/27,0,989000,-145000,844000
2011/10/28,0,622000,-259000,363000
2011/10/31,0,129000,-491288,-362288
2011/11/01,0,331000,-204000,127000
2011/11/02,0,323000,-203000,120000
2011/11/03,0,503000,-285000,218000
2011/11/04,0,448000,-265000,183000
2011/11/07,0,68000,-6000,62000
2011/11/08,0,506000,-737000,-231000
2011/11/09,0,37000,-6000,31000
2011/11/10,0,525000,-479000,46000
2011/11/11,0,327000,-33000,294000
2011/11/14,0,234000,-37000,197000
2011/11/15,0,112000,-79000,33000
2011/11/16,0,147000,-691000,-544000
2011/11/17,0,181000,-627000,-446000
2011/11/18,0,712000,-246000,466000
2011/11/21,0,1126000,-180000,946000
2011/11/22,0,983000,-257000,726000
2011/11/23,0,561000,-218000,343000
2011/11/24,0,445000,-33000,412000
2011/11/25,0,325000,-391344,-66344
2011/11/28,0,242000,-168000,74000
2011/11/29,0,255000,-97000,158000
2011/11/30,0,166000,-445000,-279000
2011/12/01,0,343000,-42000,301000
2011/12/02,0,43000,-56000,-13000
2011/12/05,0,178000,-255000,-77000
2011/12/06,0,183000,-96000,87000
2011/12/07,0,111000,-51000,60000
2011/12/08,0,95000,-199000,-104000
2011/12/09,0,110000,-120000,-10000
2011/12/12,0,56000,-183000,-127000
2011/12/13,0,32000,-127000,-95000
2011/12/14,0,40000,-50000,-10000
2011/12/15,0,308000,-119000,189000
2011/12/16,0,384000,-6000,378000
2011/12/19,0,323000,-132000,191000
2011/12/20,0,266000,-36000,230000
2011/12/21,0,498000,-50000,448000
2011/12/22,0,164000,-35000,129000
2011/12/23,0,99000,-6000,93000
2011/12/26,0,38000,-22000,16000
2011/12/27,0,286000,-25000,261000
2011/12/28,0,672000,-117000,555000
2011/12/29,0,332000,-142000,190000
2011/12/30,0,141000,-157000,-16000
2012/01/02,0,134000,-146000,-12000
2012/01/03,0,234000,-33000,201000
2012/01/04,0,171000,-247000,-76000
2012/01/05,0,284000,-55247,228753
2012/01/06,0,381000,-104000,277000
2012/01/09,0,68000,-96000,-28000
2012/01/10,0,101000,-41000,60000
2012/01/11,0,21000,0,21000
2012/01/12,0,60000,-114000,-54000
2012/01/13,0,73000,-43000,30000
2012/01/16,0,172000,-339000,-167000
2012/01/17,0,174000,-114000,60000
2012/01/18,0,39000,-89000,-50000
2012/01/19,0,0,0,0
2012/01/20,0,0,0,0
2012/01/23,0,0,0,0
2012/01/24,0,0,0,0
2012/01/25,0,0,0,0
2012/01/26,0,0,0,0
2012/01/27,0,0,0,0
2012/01/30,0,788000,-140000,648000
2012/01/31,0,80000,-397000,-317000
2012/02/01,0,44000,-563000,-519000
2012/02/02,0,278000,-696000,-418000
2012/02/03,0,115000,-686000,-571000
2012/02/06,0,50000,-429000,-379000
2012/02/07,0,290100,-592000,-301900
2012/02/08,0,82000,-96000,-14000
2012/02/09,0,297000,-749000,-452000
2012/02/10,0,117000,-576000,-459000
2012/02/13,0,107000,-28000,79000
2012/02/14,0,143000,-945000,-802000
2012/02/15,0,179000,-646100,-467100
2012/02/16,0,354000,-491000,-137000
2012/02/17,0,610000,-358000,252000
2012/02/20,0,227450,-931000,-703550
2012/02/21,0,5000,-734000,-729000
2012/02/22,0,162000,-24000,138000
2012/02/23,0,124000,-421250,-297250
2012/02/24,0,40000,-604000,-564000
2012/02/27,0,0,0,0
2012/02/28,0,0,0,0
2012/02/29,0,549448,-22000,527448
2012/03/01,0,610000,-79000,531000
2012/03/02,0,598000,-212000,386000
2012/03/05,0,3000,-935000,-932000
2012/03/06,0,328000,-223000,105000
2012/03/07,0,119000,-784000,-665000
2012/03/08,0,108000,-275000,-167000
2012/03/09,0,116000,-133000,-17000
2012/03/12,0,107000,-241105,-134105
2012/03/13,0,229000,-102000,127000
2012/03/14,0,395000,-55000,340000
2012/03/15,0,47000,-94000,-47000
2012/03/16,0,484000,-1250000,-766000
2012/03/19,0,1461000,-1050000,411000
2012/03/20,0,1275000,-382000,893000
2012/03/21,0,632000,-855256,-223256
2012/03/22,0,291000,-429000,-138000
2012/03/23,0,52000,-104000,-52000
2012/03/26,0,262000,-553000,-291000
2012/03/27,0,16000,-170000,-154000
2012/03/28,0,735000,-347000,388000
2012/03/29,0,103000,-264967,-161967
2012/03/30,0,96000,-33000,63000
2012/04/02,0,58000,-162000,-104000
2012/04/03,0,448100,-56000,392100
2012/04/04,0,0,0,0
2012/04/05,0,590000,-57000,533000
2012/04/06,0,89000,-348000,-259000
2012/04/09,0,330000,-157100,172900
2012/04/10,0,42000,-174000,-132000
2012/04/11,0,619000,-147000,472000
2012/04/12,0,311000,-443000,-132000
2012/04/13,0,114000,-195000,-81000
2012/04/16,0,922000,-62000,860000
2012/04/17,0,219000,-91000,128000
2012/04/18,0,96000,-68000,28000
2012/04/19,0,178000,-3000,175000
2012/04/20,0,123000,-22000,101000
2012/04/23,0,373000,-54000,319000
2012/04/24,0,568000,-1347000,-779000
2012/04/25,0,119000,-1244000,-1125000
2012/04/26,0,32013,-121000,-88987
2012/04/27,0,285000,-108000,177000
2012/04/30,0,360000,-21000,339000
2012/05/01,0,0,0,0
2012/05/02,0,575140,-174000,401140
2012/05/03,0,41000,-105000,-64000
2012/05/04,0,103000,-43000,60000
2012/05/07,0,181000,-118000,63000
2012/05/08,0,104000,-4002,99998
2012/05/09,0,266000,-53522,212478
2012/05/10,0,169000,-178000,-9000
2012/05/11,0,301000,-82000,219000
2012/05/14,0,227000,-6000,221000
2012/05/15,0,716000,-104000,612000
2012/05/16,0,975000,-362000,613000
2012/05/17,0,85000,-121000,-36000
2012/05/18,0,448000,-127000,321000
2012/05/21,0,421000,-64000,357000
2012/05/22,0,19000,-16000,3000
2012/05/23,0,371000,-72000,299000
2012/05/24,0,599000,-6000,593000
2012/05/25,0,59000,-54000,5000
2012/05/28,0,77000,-100000,-23000
2012/05/29,0,123000,-219000,-96000
2012/05/30,0,92000,-461000,-369000
2012/05/31,0,161000,-330000,-169000
2012/06/01,0,224000,-155000,69000
2012/06/04,0,856000,-150000,706000
2012/06/05,0,224000,-71000,153000
2012/06/06,0,135000,-74000,61000
2012/06/07,0,520000,-56000,464000
2012/06/08,0,83000,-3000,80000
2012/06/11,0,477000,-15000,462000
2012/06/12,0,123000,-184000,-61000
2012/06/13,0,220000,-29000,191000
2012/06/14,0,575000,-69000,506000
2012/06/15,0,323000,-44000,279000
2012/06/18,0,476000,-131000,345000
2012/06/19,0,222000,-20000,202000
2012/06/20,0,50000,-176000,-126000
2012/06/21,0,41000,-275000,-234000
2012/06/22,0,234000,-82000,152000
2012/06/25,0,354000,-152000,202000
2012/06/26,0,110000,-28000,82000
2012/06/27,0,318000,-197000,121000
2012/06/28,0,353000,-343000,10000
2012/06/29,0,590000,-328000,262000
2012/07/02,0,365000,-240000,125000
2012/07/03,0,1130000,-184000,946000
2012/07/04,0,2667000,-39000,2628000
2012/07/05,0,1253000,-168000,1085000
2012/07/06,0,962000,-58000,904000
2012/07/09,0,41000,-5844000,-5803000
2012/07/10,0,58000,-508000,-450000
2012/07/11,0,91000,-248000,-157000
2012/07/12,0,81000,-61000,20000
2012/07/13,0,407000,-2000,405000
2012/07/16,0,91000,-431938,-340938
2012/07/17,0,228000,-596000,-368000
2012/07/18,0,403000,-783000,-380000
2012/07/19,0,129000,-386000,-257000
2012/07/20,0,42000,-632000,-590000
2012/07/23,0,118000,-504000,-386000
2012/07/24,0,512000,-340000,172000
2012/07/25,0,86000,-182000,-96000
2012/07/26,0,14000,-412000,-398000
2012/07/27,0,55000,-749000,-694000
2012/07/30,0,36000,-211000,-175000
2012/07/31,0,57000,-406000,-349000
2012/08/01,0,78000,-113000,-35000
2012/08/02,0,0,0,0
2012/08/03,0,164000,-17000,147000
2012/08/06,0,147000,-373000,-226000
2012/08/07,0,103000,-278000,-175000
2012/08/08,0,24000,-62000,-38000
2012/08/09,0,260000,-5000,255000
2012/08/10,0,308000,-277000,31000
2012/08/13,0,537000,-11000,526000
2012/08/14,0,354000,-36000,318000
2012/08/15,0,931000,-18000,913000
2012/08/16,0,63000,-42000,21000
2012/08/17,0,41000,-133000,-92000
2012/08/20,0,38000,-70000,-32000
2012/08/21,0,251000,-184000,67000
2012/08/22,0,28000,-83000,-55000
2012/08/23,0,20000,-21000,-1000
2012/08/24,0,11000,-227000,-216000
2012/08/27,0,57000,-313000,-256000
2012/08/28,0,64000,-309000,-245000
2012/08/29,0,5000,-112000,-107000
2012/08/30,0,46000,-310000,-264000
2012/08/31,0,6000,-154000,-148000
2012/09/03,0,12000,-110000,-98000
2012/09/04,0,83000,-671000,-588000
2012/09/05,0,1082000,-496000,586000
2012/09/06,0,59000,-1017000,-958000
2012/09/07,0,442000,-543000,-101000
2012/09/10,0,238000,-410000,-172000
2012/09/11,0,41000,-265000,-224000
2012/09/12,0,52000,-15000,37000
2012/09/13,0,45000,-57000,-12000
2012/09/14,0,1301000,-89000,1212000
2012/09/17,0,748000,-985000,-237000
2012/09/18,0,230000,-68000,162000
2012/09/19,0,2022000,-66000,1956000
2012/09/20,0,98000,-1436000,-1338000
2012/09/21,0,6000,-64000,-58000
2012/09/24,0,21000,-493000,-472000
2012/09/25,0,44000,-1332000,-1288000
2012/09/26,0,51000,-302000,-251000
2012/09/27,0,27000,-273000,-246000
2012/09/28,0,20000,-263000,-243000
2012/10/01,0,235000,-90000,145000
2012/10/02,0,202000,-242000,-40000
2012/10/03,0,119000,-429000,-310000
2012/10/04,0,623000,-170000,453000
2012/10/05,0,102000,-310000,-208000
2012/10/08,0,44000,-350000,-306000
2012/10/09,0,126000,-105000,21000
2012/10/10,0,0,0,0
2012/10/11,0,1289000,-2000,1287000
2012/10/12,0,30000,-265000,-235000
2012/10/15,0,275000,-526000,-251000
2012/10/16,0,29000,-492000,-463000
2012/10/17,0,694000,-354000,340000
2012/10/18,0,193000,-57000,136000
2012/10/19,0,97000,-65000,32000
2012/10/22,0,66000,-303000,-237000
2012/10/23,0,1000,-359000,-358000
2012/10/24,0,377000,-40000,337000
2012/10/25,0,209000,-33000,176000
2012/10/26,0,111000,-399000,-288000
2012/10/29,0,306000,-114000,192000
2012/10/30,0,294000,-120000,174000
2012/10/31,0,65000,-136000,-71000
2012/11/01,0,111000,-317000,-206000
2012/11/02,0,26000,-186000,-160000
2012/11/05,0,153000,-20000,133000
2012/11/06,0,314000,-683000,-369000
2012/11/07,0,614430,-131000,483430
2012/11/08,0,421000,-742000,-321000
2012/11/09,0,501000,-193000,308000
2012/11/12,0,122000,-128000,-6000
2012/11/13,0,165000,-376000,-211000
2012/11/14,0,1009000,-560000,449000
2012/11/15,0,702000,-219000,483000
2012/11/16,0,862000,-163000,699000
2012/11/19,0,1067000,-537000,530000
2012/11/20,0,157000,-1366000,-1209000
2012/11/21,0,375000,-555000,-180000
2012/11/22,0,340000,-75000,265000
2012/11/23,0,587000,-402000,185000
2012/11/26,0,586000,-512000,74000
2012/11/27,0,237000,-596000,-359000
2012/11/28,0,524000,-185000,339000
2012/11/29,0,459000,-120000,339000
2012/11/30,0,120000,-426000,-306000
2012/12/03,0,819000,-135000,684000
2012/12/04,0,442000,-1091000,-649000
2012/12/05,0,344000,-104000,240000
2012/12/06,0,80000,-221000,-141000
2012/12/07,0,254000,-104000,150000
2012/12/10,0,99000,-493000,-394000
2012/12/11,0,36000,-33000,3000
2012/12/12,0,159000,-453000,-294000
2012/12/13,0,90000,-165000,-75000
2012/12/14,0,45000,-237000,-192000
2012/12/17,0,30000,-77000,-47000
2012/12/18,0,148000,-39000,109000
2012/12/19,0,224000,-233000,-9000
2012/12/20,0,15000,-650388,-635388
2012/12/21,0,241000,-154000,87000
2012/12/24,0,216000,-95000,121000
2012/12/25,0,567000,-153000,414000
2012/12/26,0,30000,-149000,-119000
2012/12/27,0,165002,-218000,-52998
2012/12/28,0,369000,-141000,228000
2012/12/31,0,0,0,0
2013/01/01,0,0,0,0
2013/01/02,0,399000,-24000,375000
2013/01/03,0,372000,-341000,31000
2013/01/04,0,442000,-263000,179000
2013/01/07,0,437000,-252000,185000
2013/01/08,0,154000,-401863,-247863
2013/01/09,0,121000,-149000,-28000
2013/01/10,0,688000,-333000,355000
2013/01/11,0,95000,-514000,-419000
2013/01/14,0,157000,-376000,-219000
2013/01/15,0,13000,-199000,-186000
2013/01/16,0,711000,-249000,462000
2013/01/17,0,30000,-89000,-59000
2013/01/18,0,28000,-38000,-10000
2013/01/21,0,48000,-80000,-32000
2013/01/22,0,34000,-133000,-99000
2013/01/23,0,55000,-59000,-4000
2013/01/24,0,27000,-231000,-204000
2013/01/25,0,12000,-402000,-390000
2013/01/28,0,36000,-45000,-9000
2013/01/29,0,17000,-52000,-35000
2013/01/30,0,56000,-247000,-191000
2013/01/31,0,5000,-129000,-124000
2013/02/01,0,46000,-63000,-17000
2013/02/04,0,187000,-169000,18000
2013/02/05,0,84000,-220000,-136000
2013/02/06,0,68000,-623000,-555000
2013/02/07,0,0,0,0
2013/02/08,0,0,0,0
2013/02/11,0,0,0,0
2013/02/12,0,0,0,0
2013/02/13,0,0,0,0
2013/02/14,0,0,0,0
2013/02/15,0,0,0,0
2013/02/18,0,75000,-707000,-632000
2013/02/19,0,98000,-312000,-214000
2013/02/20,0,143000,-433070,-290070
2013/02/21,0,34000,-328000,-294000
2013/02/22,0,21000,-81000,-60000
2013/02/25,0,18000,-243000,-225000
2013/02/26,0,9000,-135000,-126000
2013/02/27,0,137000,-70000,67000
2013/02/28,0,0,0,0
2013/03/01,0,66000,-112000,-46000
2013/03/04,0,735000,-102000,633000
2013/03/05,0,711000,-405000,306000
2013/03/06,0,1093000,-79000,1014000
2013/03/07,0,567000,-94000,473000
2013/03/08,0,95000,-35000,60000
2013/03/11,0,155000,-222000,-67000
2013/03/12,0,9000,-41000,-32000
2013/03/13,0,204000,-1979001,-1775001
2013/03/14,0,291000,-394000,-103000
2013/03/15,0,437000,-337000,100000
2013/03/18,0,138000,-174000,-36000
2013/03/19,0,112000,-98000,14000
2013/03/20,0,49000,-322000,-273000
2013/03/21,0,38000,-21000,17000
2013/03/22,0,19000,-55000,-36000
2013/03/25,0,29000,-14000,15000
2013/03/26,0,32000,-56000,-24000
2013/03/27,0,165000,-74000,91000
2013/03/28,0,111000,-157000,-46000
2013/03/29,0,126000,-132000,-6000
2013/04/01,0,171000,-62000,109000
2013/04/02,0,130000,-109000,21000
2013/04/03,0,36000,-9000,27000
2013/04/04,0,0,0,0
2013/04/05,0,0,0,0
2013/04/08,0,92000,-60000,32000
2013/04/09,0,15000,-125000,-110000
2013/04/10,0,34000,-228000,-194000
2013/04/11,0,109000,-139000,-30000
2013/04/12,0,46000,-189000,-143000
2013/04/15,0,5000,-54000,-49000
2013/04/16,0,76000,-25000,51000
2013/04/17,0,99000,-404000,-305000
2013/04/18,0,104000,-22000,82000
2013/04/19,0,124000,-53000,71000
2013/04/22,0,157000,-58000,99000
2013/04/23,0,72000,-105000,-33000
2013/04/24,0,946000,-107000,839000
2013/04/25,0,115000,-639000,-524000
2013/04/26,0,137000,-95000,42000
2013/04/29,0,100000,-216000,-116000
2013/04/30,0,121000,-180000,-59000
2013/05/01,0,0,0,0
2013/05/02,0,120000,-99000,21000
2013/05/03,0,143000,-228000,-85000
2013/05/06,0,244000,-77000,167000
2013/05/07,0,187000,-178000,9000
2013/05/08,0,578000,-45000,533000
2013/05/09,0,62000,-610000,-548000
2013/05/10,0,30000,-84000,-54000
2013/05/13,0,8000,-51000,-43000
2013/05/14,0,322000,-71000,251000
2013/05/15,0,36000,-442000,-406000
2013/05/16,0,263000,-160000,103000
2013/05/17,0,79000,-129000,-50000
2013/05/20,0,96000,-56000,40000
2013/05/21,0,177000,-197000,-20000
2013/05/22,0,143000,-64000,79000
2013/05/23,0,68000,-685000,-617000
2013/05/24,0,135000,-275000,-140000
2013/05/27,0,30000,-29000,1000
2013/05/28,0,3000,-91000,-88000
2013/05/29,0,144000,-64000,80000
2013/05/30,0,81000,-227863,-146863
2013/05/31,0,124000,-142000,-18000
2013/06/03,0,54000,-114000,-60000
2013/06/04,0,12000,-51000,-39000
2013/06/05,0,60000,-347000,-287000
2013/06/06,0,11000,-45000,-34000
2013/06/07,0,60000,-76000,-16000
2013/06/10,0,148000,-21000,127000
2013/06/11,0,41000,-12000,29000
2013/06/12,0,0,0,0
2013/06/13,0,114000,-34000,80000
2013/06/14,0,47000,-65000,-18000
2013/06/17,0,77000,-17000,60000
2013/06/18,0,48000,-52000,-4000
2013/06/19,0,302000,-197000,105000
2013/06/20,0,108000,-20000,88000
2013/06/21,0,106000,-151000,-45000
2013/06/24,0,282000,-23000,259000
2013/06/25,0,418000,-55000,363000
2013/06/26,0,21000,-54000,-33000
2013/06/27,0,109000,-95000,14000
2013/06/28,0,58000,-322000,-264000
2013/07/01,0,195000,-378000,-183000
2013/07/02,0,56000,-71000,-15000
2013/07/03,0,55000,-8000,47000
2013/07/04,0,147000,-67000,80000
2013/07/05,0,280000,-97000,183000
2013/07/08,0,129000,-244000,-115000
2013/07/09,0,1398000,-112000,1286000
2013/07/10,0,132000,-502000,-370000
2013/07/11,0,1131000,-253000,878000
2013/07/12,0,215000,-666000,-451000
2013/07/15,0,814000,-610000,204000
2013/07/16,0,1514000,-143346,1370654
2013/07/17,0,498000,-2433000,-1935000
2013/07/18,0,311000,-580000,-269000
2013/07/19,0,198000,-105000,93000
2013/07/22,0,424000,-28000,396000
2013/07/23,0,430000,-395000,35000
2013/07/24,0,200000,-249000,-49000
2013/07/25,0,24000,-169000,-145000
2013/07/26,0,63000,-235000,-172000
2013/07/29,0,75000,-292000,-217000
2013/07/30,0,175000,-43000,132000
2013/07/31,0,92000,-80000,12000
2013/08/01,0,95000,-145000,-50000
2013/08/02,0,1022000,-125000,897000
2013/08/05,0,217000,-657000,-440000
2013/08/06,0,83000,-365000,-282000
2013/08/07,0,44000,-347000,-303000
2013/08/08,0,85000,-90000,-5000
2013/08/09,0,271000,-408000,-137000
2013/08/12,0,286000,-82000,204000
2013/08/13,0,18000,-73000,-55000
2013/08/14,0,150000,-407000,-257000
2013/08/15,0,74000,-114000,-40000
2013/08/16,0,238000,-136000,102000
2013/08/19,0,151000,-47000,104000
2013/08/20,0,109000,-42000,67000
2013/08/21,0,0,0,0
2013/08/22,0,211000,-172000,39000
2013/08/23,0,450000,-140185,309815
2013/08/26,0,81000,-263000,-182000
2013/08/27,0,95000,-49000,46000
2013/08/28,0,265000,-26000,239000
2013/08/29,0,460000,-229000,231000
2013/08/30,0,88000,-328000,-240000
2013/09/02,0,38000,-107000,-69000
2013/09/03,0,33000,-47000,-14000
2013/09/04,0,80000,-75000,5000
2013/09/05,0,51000,-110000,-59000
2013/09/06,0,23000,-66400,-43400
2013/09/09,0,27600,-336000,-308400
2013/09/10,0,87000,-264720,-177720
2013/09/11,0,223000,-56000,167000
2013/09/12,0,68000,-101000,-33000
2013/09/13,0,21000,-135200,-114200
2013/09/16,0,486000,-60000,426000
2013/09/17,0,98000,-176000,-78000
2013/09/18,0,160520,-369000,-208480
2013/09/19,0,0,0,0
2013/09/20,0,0,0,0
2013/09/23,0,20000,-52000,-32000
2013/09/24,0,5000,-205000,-200000
2013/09/25,0,45000,-190040,-145040
2013/09/26,0,22000,-305000,-283000
2013/09/27,0,38200,-46000,-7800
2013/09/30,0,189000,-58400,130600
2013/10/01,0,315000,-32000,283000
2013/10/02,0,239000,-85000,154000
2013/10/03,0,1609000,-196000,1413000
2013/10/04,0,692000,-558000,134000
2013/10/07,0,231000,-84000,147000
2013/10/08,0,76000,-111000,-35000
2013/10/09,0,133000,-216000,-83000
2013/10/10,0,0,0,0
2013/10/11,0,149000,-45000,104000
2013/10/14,0,141000,-125000,16000
2013/10/15,0,89000,-199000,-110000
2013/10/16,0,32000,-130000,-98000
2013/10/17,0,481000,-139000,342000
2013/10/18,0,12000,-109000,-97000
2013/10/21,0,26000,-174000,-148000
2013/10/22,0,6000,-216000,-210000
2013/10/23,0,35000,-442000,-407000
2013/10/24,0,88000,-72000,16000
2013/10/25,0,148000,-555000,-407000
2013/10/28,0,99000,-104000,-5000
2013/10/29,0,666000,-53000,613000
2013/10/30,0,61000,-266000,-205000
2013/10/31,0,6000,-23000,-17000
2013/11/01,0,24000,-26000,-2000
2013/11/04,0,91000,-48232,42768
2013/11/05,0,153000,-23000,130000
2013/11/06,0,52000,-82000,-30000
2013/11/07,0,19000,-22000,-3000
2013/11/08,0,33000,-22000,11000
2013/11/11,0,154000,-57280,96720
2013/11/12,0,200000,-13000,187000
2013/11/13,0,129000,-37200,91800
2013/11/14,0,104000,-107000,-3000
2013/11/15,0,591000,-74000,517000
2013/11/18,0,239000,-36000,203000
2013/11/19,0,233000,-343000,-110000
2013/11/20,0,133000,-158600,-25600
2013/11/21,0,59000,-112000,-53000
2013/11/22,0,16000,-142000,-126000
2013/11/25,0,267000,-134000,133000
2013/11/26,0,385000,-29000,356000
2013/11/27,0,40000,-83000,-43000
2013/11/28,0,212000,-97000,115000
2013/11/29,0,219000,-85000,134000
2013/12/02,0,25000,-79000,-54000
2013/12/03,0,20000,-108000,-88000
2013/12/04,0,78000,-7000,71000
2013/12/05,0,0,-100000,-100000
2013/12/06,0,56000,-26000,30000
2013/12/09,0,305000,-203000,102000
2013/12/10,0,58000,-149000,-91000
2013/12/11,0,115000,-365000,-250000
2013/12/12,0,1000,-6000,-5000
2013/12/13,0,39000,-25000,14000
2013/12/16,0,87000,-27000,60000
2013/12/17,0,20000,-58000,-38000
2013/12/18,0,20000,-214000,-194000
2013/12/19,0,159000,-90000,69000
2013/12/20,0,84000,-3000,81000
2013/12/23,0,104000,-37760,66240
2013/12/24,0,67000,-16000,51000
2013/12/25,0,54000,-24000,30000
2013/12/26,0,133000,-18000,115000
2013/12/27,0,10000,-48000,-38000
2013/12/30,0,113000,-101000,12000
2013/12/31,0,133000,-195000,-62000
2014/01/02,0,2000,-88000,-86000
2014/01/03,0,10000,-86000,-76000
2014/01/06,0,6000,-22000,-16000
2014/01/07,0,45000,-14000,31000
2014/01/08,0,5000,-5200,-200
2014/01/09,0,61000,-37000,24000
2014/01/10,0,2000,-58000,-56000
2014/01/13,0,16000,-29000,-13000
2014/01/14,0,0,-37000,-37000
2014/01/15,0,105000,-191000,-86000
2014/01/16,0,18000,-182000,-164000
2014/01/17,0,0,-95000,-95000
2014/01/20,0,11000,-20480,-9480
2014/01/21,0,170000,-6012,163988
2014/01/22,0,86000,0,86000
2014/01/23,0,19000,-80000,-61000
2014/01/24,0,11000,-1000,10000
2014/01/27,0,170000,-160000,10000
2014/02/05,0,59000,-220880,-161880
2014/02/06,0,16000,-131000,-115000
2014/02/07,0,97000,-66000,31000
2014/02/10,0,31000,-86000,-55000
2014/02/11,0,51000,-13000,38000
2014/02/12,0,154000,-49000,105000
2014/02/13,0,70000,-71000,-1000
2014/02/14,0,74000,-8000,66000
2014/02/17,0,21000,-2000,19000
2014/02/18,0,10000,-29000,-19000
2014/02/19,0,10000,-62000,-52000
2014/02/20,0,7000,-63000,-56000
2014/02/21,0,12000,-3000,9000
2014/02/24,0,11000,-16000,-5000
2014/02/25,0,8000,-210000,-202000
2014/02/26,0,0,0,0
2014/02/27,0,47000,-42000,5000
2014/03/03,0,18000,-281000,-263000
2014/03/04,0,7000,-1000,6000
2014/03/05,0,0,-12000,-12000
2014/03/06,0,0,-230000,-230000
2014/03/07,0,34000,-379000,-345000
2014/03/10,0,20000,-4000,16000
2014/03/11,0,4000,-12000,-8000
2014/03/12,0,0,-10000,-10000
2014/03/13,0,0,-161000,-161000
2014/03/14,0,18000,-150000,-132000
2014/03/17,0,19000,-175000,-156000
2014/03/18,0,226000,-306000,-80000
2014/03/19,0,10000,-23912,-13912
2014/03/20,0,32000,-161400,-129400
2014/03/21,0,7000,-18000,-11000
2014/03/24,0,29000,-8081,20919
2014/03/25,0,22000,-210160,-188160
2014/03/26,0,18356,-51000,-32644
2014/03/27,0,38000,-217000,-179000
2014/03/28,0,22000,-32000,-10000
2014/03/31,0,11000,-130000,-119000
2014/04/01,0,71000,-286840,-215840
2014/04/02,0,63000,-91000,-28000
2014/04/03,0,50000,-24000,26000
2014/04/07,0,4000,-1000,3000
2014/04/08,0,76132,-30000,46132
2014/04/09,0,44000,-31000,13000
2014/04/10,0,5000,-15000,-10000
2014/04/11,0,6000,-17000,-11000
2014/04/14,0,8000,-4920,3080
2014/04/15,0,19000,-27000,-8000
2014/04/16,0,14000,-571240,-557240
2014/04/17,0,3000,-78000,-75000
2014/04/18,0,0,-30000,-30000
2014/04/21,0,0,-61000,-61000
2014/04/22,0,0,-1000,-1000
2014/04/23,0,8000,-353000,-345000
2014/04/24,0,0,-14000,-14000
2014/04/25,0,6000,-156590,-150590
2014/04/28,0,68000,0,68000
2014/04/29,0,98000,-162000,-64000
2014/04/30,0,90000,-98000,-8000
2014/05/02,0,12000,-38000,-26000
2014/05/05,0,35000,-65000,-30000
2014/05/06,0,5000,-265740,-260740
2014/05/07,0,11000,-282000,-271000
2014/05/08,0,2000,-28000,-26000
2014/05/09,0,1000,-139000,-138000
2014/05/12,0,49000,-31000,18000
2014/05/13,0,12000,-28000,-16000
2014/05/14,0,157000,-4000,153000
2014/05/15,0,14000,0,14000
2014/05/16,0,129000,-34000,95000
2014/05/19,0,33000,-29000,4000
2014/05/20,0,7000,-18000,-11000
2014/05/21,0,15000,-7000,8000
2014/05/22,0,134580,-20000,114580
2014/05/23,0,92000,0,92000
2014/05/26,0,92000,-70000,22000
2014/05/27,0,0,0,0
2014/05/28,0,116000,-128000,-12000
2014/05/29,0,2000,-4000,-2000
2014/05/30,0,112000,-87000,25000
2014/06/03,0,1016000,-64000,952000
2014/06/04,0,0,-25000,-25000
2014/06/05,0,628000,-363000,265000
2014/06/06,0,0,-3000,-3000
2014/06/09,0,0,-3000,-3000
2014/06/10,0,71000,-1000,70000
2014/06/11,0,202000,-42000,160000
2014/06/12,0,20000,-24000,-4000
2014/06/13,0,156,-1000,-844
2014/06/16,0,2000,-8000,-6000
2014/06/17,0,105000,-14000,91000
2014/06/18,0,226000,-1056000,-830000
2014/06/19,0,136000,-209000,-73000
2014/06/20,0,190000,-96000,94000
2014/06/23,0,159000,-39000,120000
2014/06/24,0,324000,-59480,264520
2014/06/25,0,43000,-347000,-304000
2014/06/26,0,110000,-312000,-202000
2014/06/27,0,74000,-408000,-334000
2014/06/30,0,314000,-322000,-8000
2014/07/01,0,810000,-218602,591398
2014/07/02,0,1872000,-696000,1176000
2014/07/03,0,10000,-3639000,-3629000
2014/07/04,0,0,-452000,-452000
2014/07/07,0,38000,-187000,-149000
2014/07/08,0,2000,-60058,-58058
2014/07/09,0,0,-73000,-73000
2014/07/10,0,57000,-191000,-134000
2014/07/11,0,63000,-139000,-76000
2014/07/14,0,10000,-15000,-5000
2014/07/15,0,71000,-332000,-261000
2014/07/16,0,10000,-250000,-240000
2014/07/17,0,2000,-67000,-65000
2014/07/18,0,51000,-35000,16000
2014/07/21,0,11000,-70000,-59000
2014/07/22,0,70000,-62000,8000
2014/07/23,0,0,0,0
2014/07/24,0,0,-41000,-41000
2014/07/25,0,72000,-25000,47000
2014/07/28,0,158000,-492000,-334000
2014/07/29,0,370000,-261000,109000
2014/07/30,0,233000,-388440,-155440
2014/07/31,0,40000,-110000,-70000
2014/08/01,0,45000,-55000,-10000
2014/08/04,0,25000,-127000,-102000
2014/08/05,0,96000,-321000,-225000
2014/08/06,0,15000,-121000,-106000
2014/08/07,0,3000,-80000,-77000
2014/08/08,0,7000,-2000,5000
2014/08/11,0,2000,0,2000
2014/08/12,0,0,-280000,-280000
2014/08/13,0,59000,-31000,28000
2014/08/14,0,0,-226000,-226000
2014/08/15,0,0,-38000,-38000
2014/08/18,0,0,-48000,-48000
2014/08/19,0,3000,-46000,-43000
2014/08/20,0,6000,-136760,-130760
2014/08/21,0,1000,-5000,-4000
2014/08/22,0,31000,-2000,29000
2014/08/25,0,36000,-15000,21000
2014/08/26,0,123000,0,123000
2014/08/27,0,3000,-2000,1000
2014/08/28,0,44000,0,44000
2014/08/29,0,0,-50000,-50000
2014/09/01,0,0,-5000,-5000
2014/09/02,0,50000,-106000,-56000
2014/09/03,0,15000,-32000,-17000
2014/09/04,0,20000,-26000,-6000
2014/09/05,0,0,0,0
2014/09/09,0,0,0,0
2014/09/10,0,0,-2000,-2000
2014/09/11,0,0,-22000,-22000
2014/09/12,0,0,-47000,-47000
2014/09/15,0,13000,-28000,-15000
2014/09/16,0,13000,0,13000
2014/09/17,0,212000,-41000,171000
2014/09/18,0,3000,0,3000
2014/09/19,0,75000,-3000,72000
2014/09/22,0,86000,-9220,76780
2014/09/23,0,171000,-22000,149000
2014/09/24,0,82000,-3000,79000
2014/09/25,0,30000,-37000,-7000
2014/09/26,0,13000,-1000,12000
2014/09/29,0,17000,0,17000
2014/09/30,0,62000,-4000,58000
2014/10/01,0,46000,-21000,25000
2014/10/02,0,16000,-28000,-12000
2014/10/03,0,3000,-128000,-125000
2014/10/06,0,0,-17000,-17000
2014/10/07,0,0,-15000,-15000
2014/10/08,0,108000,0,108000
2014/10/09,0,64000,-10000,54000
2014/10/13,0,70000,-200000,-130000
2014/10/14,0,0,-187000,-187000
2014/10/15,0,136000,-393000,-257000
2014/10/16,0,12000,-14000,-2000
2014/10/17,0,77000,-97000,-20000
2014/10/20,0,60000,-10000,50000
2014/10/21,0,0,-5000,-5000
2014/10/22,0,100000,0,100000
2014/10/23,0,0,-2513,-2513
2014/10/24,0,0,0,0
2014/10/27,0,84000,-54973,29027
2014/10/28,0,175000,0,175000
2014/10/29,0,36000,-252971,-216971
2014/10/30,0,38000,-132000,-94000
2014/10/31,0,9000,-29000,-20000
2014/11/03,0,6000,-124000,-118000
2014/11/04,0,4000,0,4000
2014/11/05,0,52000,-20000,32000
2014/11/06,0,222000,-40587,181413
2014/11/07,0,65000,0,65000
2014/11/10,0,74000,-8000,66000
2014/11/11,0,100000,0,100000
2014/11/12,0,10000,-6000,4000
2014/11/13,0,0,-63000,-63000
2014/11/14,0,7000,-103000,-96000
2014/11/17,0,37000,-13000,24000
2014/11/18,0,130000,0,130000
2014/11/19,0,80000,-20000,60000
2014/11/20,0,15000,0,15000
2014/11/21,0,20000,-17000,3000
2014/11/24,0,202000,-157000,45000
2014/11/25,0,68000,-28000,40000
2014/11/26,0,0,0,0
2014/11/27,0,4000,-20000,-16000
2014/11/28,0,0,-3000,-3000
2014/12/01,0,24000,0,24000
2014/12/02,0,5000,-79809,-74809
2014/12/03,0,0,-20000,-20000
2014/12/04,0,0,-47000,-47000
2014/12/05,0,0,-13000,-13000
2014/12/08,0,0,-4000,-4000
2014/12/09,0,8000,0,8000
2014/12/10,0,0,0,0
2014/12/11,0,2000,0,2000
2014/12/12,0,353000,-5000,348000
2014/12/15,0,31000,-3000,28000
2014/12/16,0,94000,0,94000
2014/12/17,0,41000,-122000,-81000
2014/12/18,0,30000,-20000,10000
2014/12/19,0,370000,-73000,297000
2014/12/22,0,168000,-63000,105000
2014/12/23,0,72000,0,72000
2014/12/24,0,136000,-601000,-465000
2014/12/25,0,82000,0,82000
2014/12/26,0,0,-60000,-60000
2014/12/29,0,60000,0,60000
2014/12/30,0,17000,-110000,-93000
2014/12/31,0,141000,-203000,-62000
2015/01/01,0,0,0,0
2015/01/02,0,0,0,0
2015/01/05,0,93000,-390000,-297000
2015/01/06,0,106000,-244000,-138000
2015/01/07,0,110000,-216000,-106000
2015/01/08,0,479000,-147000,332000
2015/01/09,0,147000,-42000,105000
2015/01/12,0,422000,-57000,365000
2015/01/13,0,122000,-409000,-287000
2015/01/14,0,212000,-311000,-99000
2015/01/15,0,113000,-110000,3000
2015/01/16,0,229000,-81198,147802
2015/01/19,0,76000,-280000,-204000
2015/01/20,0,448000,-99000,349000
2015/01/21,0,26000,-171000,-145000
2015/01/22,0,50000,-160000,-110000
2015/01/23,0,21000,-38000,-17000
2015/01/26,0,213000,-124000,89000
2015/01/27,0,0,-248000,-248000
2015/01/28,0,2000,-60000,-58000
2015/01/29,0,26000,-224000,-198000
2015/01/30,0,30000,-2000,28000
2015/02/02,0,20000,-108000,-88000
2015/02/03,0,201000,-67000,134000
2015/02/04,0,134000,-50000,84000
2015/02/05,0,33000,-12000,21000
2015/02/06,0,165000,-11000,154000
2015/02/09,0,9000,-44000,-35000
2015/02/10,0,68000,-97000,-29000
2015/02/11,0,601000,-21000,580000
2015/02/12,0,74000,-150000,-76000
2015/02/13,0,306000,-113000,193000
2015/02/16,0,0,0,0
2015/02/17,0,0,0,0
2015/02/18,0,0,0,0
2015/02/19,0,0,0,0
2015/02/20,0,0,0,0
2015/02/23,0,0,0,0
2015/02/24,0,108000,-145000,-37000
2015/02/25,0,199000,-77000,122000
2015/02/26,0,180000,-119000,61000
2015/02/27,0,0,0,0
2015/03/02,0,474000,-13000,461000
2015/03/03,0,52000,-14000,38000
2015/03/04,0,173000,-538000,-365000
2015/03/05,0,71000,-267964,-196964
2015/03/06,0,486000,-10000,476000
2015/03/09,0,109000,-342669,-233669
2015/03/10,0,27000,-126000,-99000
2015/03/11,0,157000,-719000,-562000
2015/03/12,0,176000,-81640,94360
2015/03/13,0,226000,-373000,-147000
2015/03/16,0,129000,-45000,84000
2015/03/17,0,77000,-95000,-18000
2015/03/18,0,193000,-94000,99000
2015/03/19,0,266000,-172000,94000
2015/03/20,0,380000,-103000,277000
2015/03/23,0,96000,-86000,10000
2015/03/24,0,40000,-50000,-10000
2015/03/25,0,118000,-203298,-85298
2015/03/26,0,83000,-666000,-583000
2015/03/27,0,78000,-374000,-296000
2015/03/30,0,66000,-41000,25000
2015/03/31,0,18000,-51000,-33000
2015/04/01,0,22000,-46000,-24000
2015/04/02,0,1000,-28000,-27000
2015/04/03,0,0,0,0
2015/04/06,0,0,0,0
2015/04/07,0,209000,-1000,208000
2015/04/08,0,217000,-80000,137000
2015/04/09,0,186000,-52000,134000
2015/04/10,0,692000,-215000,477000
2015/04/13,0,475000,-34000,441000
2015/04/14,0,78000,-173000,-95000
2015/04/15,0,152000,-107000,45000
2015/04/16,0,645000,-207000,438000
2015/04/17,0,36000,-31000,5000
2015/04/20,0,5000,-21000,-16000
2015/04/21,0,567000,-148000,419000
2015/04/22,0,170000,-298000,-128000
2015/04/23,0,305000,-53000,252000
2015/04/24,0,647000,-28000,619000
2015/04/27,0,260000,-332000,-72000
2015/04/28,0,164000,-36000,128000
2015/04/29,0,457000,-31000,426000
2015/04/30,0,130000,-180000,-50000
2015/05/01,0,0,0,0
2015/05/04,0,84000,-314000,-230000
2015/05/05,0,152000,-30000,122000
2015/05/06,0,90000,-43000,47000
2015/05/07,0,54000,-20000,34000
2015/05/08,0,28000,-43000,-15000
2015/05/11,0,99000,-571000,-472000
2015/05/12,0,247000,-680000,-433000
2015/05/13,0,5000,-62000,-57000
2015/05/14,0,86000,-419000,-333000
2015/05/15,0,0,-411000,-411000
2015/05/18,0,14000,-109000,-95000
2015/05/19,0,0,-20000,-20000
2015/05/20,0,16000,-317000,-301000
2015/05/21,0,47000,-346000,-299000
2015/05/22,0,70000,-147000,-77000
2015/05/25,0,0,-33000,-33000
2015/05/26,0,8000,-14000,-6000
2015/05/27,0,2000,0,2000
2015/05/28,0,18000,-27000,-9000
2015/05/29,0,29000,0,29000
2015/06/01,0,1000,-3000,-2000
2015/06/02,0,40000,-70000,-30000
2015/06/03,0,25000,-67000,-42000
2015/06/04,0,2000,-155000,-153000
2015/06/05,0,5000,-1086000,-1081000
2015/06/08,0,1000,-44000,-43000
2015/06/09,0,1000,-8000,-7000
2015/06/10,0,21000,-12000,9000
2015/06/11,0,3000,-42000,-39000
2015/06/12,0,0,-28000,-28000
2015/06/15,0,0,-20000,-20000
2015/06/16,0,6000,-8000,-2000
2015/06/17,0,73000,-19000,54000
2015/06/18,0,124000,-56000,68000
2015/06/19,0,0,0,0
2015/06/22,0,279000,-100000,179000
2015/06/23,0,213000,-4000,209000
2015/06/24,0,9000,-44000,-35000
2015/06/25,0,110000,-9000,101000
2015/06/26,0,16000,0,16000
2015/06/29,0,38000,-2000,36000
2015/06/30,0,24000,-51000,-27000
2015/07/01,0,30000,0,30000
2015/07/02,0,38000,-4000,34000
2015/07/03,0,13000,-3000,10000
2015/07/06,0,0,-6000,-6000
2015/07/07,0,45000,-170000,-125000
2015/07/08,0,76000,-225000,-149000
2015/07/09,0,94000,-11000,83000
2015/07/10,0,0,0,0
2015/07/13,0,10000,-37000,-27000
2015/07/14,0,593000,-86000,507000
2015/07/15,0,74000,-438000,-364000
2015/07/16,0,1000,-40000,-39000
2015/07/17,0,2000,0,2000
2015/07/20,0,7000,-7000,0
2015/07/21,0,15000,-30000,-15000
2015/07/22,0,73000,-2000,71000
2015/07/23,0,144000,-5000,139000
2015/07/24,0,152000,0,152000
2015/07/27,0,201000,-2000,199000
2015/07/28,0,397000,-10000,387000
2015/07/29,0,36000,-52000,-16000
2015/07/30,0,26000,-23000,3000
2015/07/31,0,0,-181000,-181000
2015/08/03,0,29000,-75000,-46000
2015/08/04,0,797000,-12000,785000
2015/08/05,0,254000,-3000,251000
2015/08/06,0,174000,-122000,52000
2015/08/07,0,3000,-94000,-91000
2015/08/10,0,11000,-20000,-9000
2015/08/11,0,0,-418000,-418000
2015/08/12,0,270000,-20000,250000
2015/08/13,0,25000,-12000,13000
2015/08/14,0,34000,-43000,-9000
2015/08/17,0,28000,-15000,13000
2015/08/18,0,9000,-219000,-210000
2015/08/19,0,177000,-278000,-101000
2015/08/20,0,10000,-126000,-116000
2015/08/21,0,6000,-59000,-53000
2015/08/24,0,297000,-177000,120000
2015/08/25,0,44000,-50000,-6000
2015/08/26,0,217000,-50000,167000
2015/08/27,0,31000,-152000,-121000
2015/08/28,0,21000,-316000,-295000
2015/08/31,0,4000,-406000,-402000
2015/09/01,0,54000,-376928,-322928
2015/09/02,0,229000,-106000,123000
2015/09/03,0,29000,-165000,-136000
2015/09/04,0,60000,-261000,-201000
2015/09/07,0,118000,-20000,98000
2015/09/08,0,21000,-109000,-88000
2015/09/09,0,283000,-34000,249000
2015/09/10,0,16000,-84000,-68000
2015/09/11,0,57000,0,57000
2015/09/14,0,80000,-532000,-452000
2015/09/15,0,0,-62000,-62000
2015/09/16,0,70000,-15000,55000
2015/09/17,0,128000,-31000,97000
2015/09/18,0,3000,-40000,-37000
2015/09/21,0,4000,-112000,-108000
2015/09/22,0,23000,-2000,21000
2015/09/23,0,74000,-6000,68000
2015/09/24,0,34000,-86000,-52000
2015/09/25,0,112000,-29000,83000
2015/09/28,0,0,0,0
2015/09/29,0,0,0,0
2015/09/30,0,188000,-73000,115000
2015/10/01,0,61000,-141000,-80000
2015/10/02,0,77000,-16000,61000
2015/10/05,0,230000,-48000,182000
2015/10/06,0,655000,0,655000
2015/10/07,0,1149000,-289000,860000
2015/10/08,0,302000,-527000,-225000
2015/10/09,0,0,0,0
2015/10/12,0,492000,-392000,100000
2015/10/13,0,165000,-327000,-162000
2015/10/14,0,223000,-176000,47000
2015/10/15,0,300000,-74000,226000
2015/10/16,0,103000,-278000,-175000
2015/10/19,0,497000,-116000,381000
2015/10/20,0,145000,-255000,-110000
2015/10/21,0,69000,-83000,-14000
2015/10/22,0,60000,-622000,-562000
2015/10/23,0,296000,-240000,56000
2015/10/26,0,244000,-151000,93000
2015/10/27,0,20000,-215000,-195000
2015/10/28,0,15000,-254000,-239000
2015/10/29,0,7000,-305000,-298000
2015/10/30,0,203000,-48000,155000
2015/11/02,0,158000,-97000,61000
2015/11/03,0,256000,-161000,95000
2015/11/04,0,960000,-41000,919000
2015/11/05,0,66000,-42000,24000
2015/11/06,0,364000,-81000,283000
2015/11/09,0,153000,-588000,-435000
2015/11/10,0,149000,-304000,-155000
2015/11/11,0,529000,-318000,211000
2015/11/12,0,300000,-315000,-15000
2015/11/13,0,158000,-321000,-163000
2015/11/16,0,298000,-259000,39000
2015/11/17,0,234000,-194000,40000
2015/11/18,0,27000,-229000,-202000
2015/11/19,0,126000,-157000,-31000
2015/11/20,0,28000,-48000,-20000
2015/11/23,0,64000,-55000,9000
2015/11/24,0,41000,-38000,3000
2015/11/25,0,8000,-39000,-31000
2015/11/26,0,76000,-351000,-275000
2015/11/27,0,64000,-134000,-70000
2015/11/30,0,126000,-210000,-84000
2015/12/01,0,38000,-168000,-130000
2015/12/02,0,4000,-66000,-62000
2015/12/03,0,44000,-96000,-52000
2015/12/04,0,49000,-44000,5000
2015/12/07,0,98000,-185000,-87000
2015/12/08,0,22000,-62000,-40000
2015/12/09,0,61000,-47000,14000
2015/12/10,0,119000,-51000,68000
2015/12/11,0,0,-25000,-25000
2015/12/14,0,86000,-221000,-135000
2015/12/15,0,189000,-11000,178000
2015/12/16,0,298000,-1000,297000
2015/12/17,0,110000,-175000,-65000
2015/12/18,0,8000,-90000,-82000
2015/12/21,0,14000,-60000,-46000
2015/12/22,0,10000,-121000,-111000
2015/12/23,0,15000,-3000,12000
2015/12/24,0,92000,-14000,78000
2015/12/25,0,16000,-63000,-47000
2015/12/28,0,45000,-17000,28000
2015/12/29,0,5000,-95000,-90000
2015/12/30,0,6000,-149000,-143000
2015/12/31,0,51000,-361000,-310000
2016/01/01,0,0,0,0
2016/01/04,0,197000,-69000,128000
2016/01/05,0,20000,-44000,-24000
2016/01/06,0,26000,-28000,-2000
2016/01/07,0,296000,-231000,65000
2016/01/08,0,112000,-102000,10000
2016/01/11,0,63000,-28000,35000
2016/01/12,0,6000,-57000,-51000
2016/01/13,0,116000,-85000,31000
2016/01/14,0,12000,-140000,-128000
2016/01/15,0,122000,-287000,-165000
2016/01/18,0,61000,-116000,-55000
2016/01/19,0,136000,-18000,118000
2016/01/20,0,33000,-176000,-143000
2016/01/21,0,78000,-84000,-6000
2016/01/22,0,8000,-18000,-10000
2016/01/25,0,58000,-26000,32000
2016/01/26,0,10000,-57000,-47000
2016/01/27,0,39000,-2000,37000
2016/01/28,0,186000,-7000,179000
2016/01/29,0,47000,-43000,4000
2016/02/01,0,48000,-10000,38000
2016/02/02,0,0,-41000,-41000
2016/02/03,0,25000,-1000,24000
2016/02/04,0,0,0,0
2016/02/05,0,0,0,0
2016/02/08,0,0,0,0
2016/02/09,0,0,0,0
2016/02/10,0,0,0,0
2016/02/11,0,0,0,0
2016/02/12,0,0,0,0
2016/02/15,0,72000,-57000,15000
2016/02/16,0,171000,-6000,165000
2016/02/17,0,288000,-59000,229000
2016/02/18,0,112000,-10000,102000
2016/02/19,0,51000,-44000,7000
2016/02/22,0,65000,-54000,11000
2016/02/23,0,15000,-42000,-27000
2016/02/24,0,0,-81000,-81000
2016/02/25,0,0,-2000,-2000
2016/02/26,0,31000,-31000,0
2016/02/29,0,0,0,0
2016/03/01,0,47000,-33000,14000
2016/03/02,0,329000,-80000,249000
2016/03/03,0,275000,-367000,-92000
2016/03/04,0,175000,-104000,71000
2016/03/07,0,972000,-22000,950000
2016/03/08,0,135000,-327000,-192000
2016/03/09,0,310000,-8000,302000
2016/03/10,0,92000,-144000,-52000
2016/03/11,0,33000,-15000,18000
2016/03/14,0,35000,-35000,0
2016/03/15,0,88000,-154000,-66000
2016/03/16,0,108000,-153356,-45356
2016/03/17,0,58000,-272000,-214000
2016/03/18,0,0,-17000,-17000
2016/03/21,0,106000,-29000,77000
2016/03/22,0,59000,-62000,-3000
2016/03/23,0,0,-36000,-36000
2016/03/24,0,130000,-25000,105000
2016/03/25,0,10000,-130000,-120000
2016/03/28,0,116000,-67000,49000
2016/03/29,0,2000,-182000,-180000
2016/03/30,0,109000,-187000,-78000
2016/03/31,0,216000,-154161,61839
2016/04/01,0,18000,-229000,-211000
2016/04/04,0,0,0,0
2016/04/05,0,0,0,0
2016/04/06,0,9000,-183000,-174000
2016/04/07,0,77000,-99000,-22000
2016/04/08,0,14000,-320000,-306000
2016/04/11,0,12000,-17000,-5000
2016/04/12,0,13000,-76000,-63000
2016/04/13,0,140000,-10000,130000
2016/04/14,0,71000,-95000,-24000
2016/04/15,0,323000,-95000,228000
2016/04/18,0,39000,-42000,-3000
2016/04/19,0,111000,-37000,74000
2016/04/20,0,115000,-161000,-46000
2016/04/21,0,535000,-9000,526000
2016/04/22,0,663000,-18000,645000
2016/04/25,0,132000,-71000,61000
2016/04/26,0,454000,-84000,370000
2016/04/27,0,148000,-171000,-23000
2016/04/28,0,172000,-1038000,-866000
2016/04/29,0,95000,-403000,-308000
2016/05/02,0,0,0,0
2016/05/03,0,15000,-107000,-92000
2016/05/04,0,442000,-552000,-110000
2016/05/05,0,211000,-54000,157000
2016/05/06,0,127000,-48000,79000
2016/05/09,0,44000,-22000,22000
2016/05/10,0,68000,-52000,16000
2016/05/11,0,345000,-9000,336000
2016/05/12,0,0,-34000,-34000
2016/05/13,0,72000,-301000,-229000
2016/05/16,0,12000,-221000,-209000
2016/05/17,0,291000,-29000,262000
2016/05/18,0,168000,-109000,59000
2016/05/19,0,160000,-341000,-181000
2016/05/20,0,282000,-116000,166000
2016/05/23,0,57000,-180000,-123000
2016/05/24,0,2000,-153000,-151000
2016/05/25,0,43000,-134000,-91000
2016/05/26,0,0,-5000,-5000
2016/05/27,0,0,0,0
2016/05/30,0,7000,-138000,-131000
2016/05/31,0,103000,-363000,-260000
2016/06/01,0,10000,-2000,8000
2016/06/02,0,0,-10000,-10000
2016/06/03,0,1000,0,1000
2016/06/06,0,9000,-43024,-34024
2016/06/07,0,362000,0,362000
2016/06/08,0,8000,-558000,-550000
2016/06/09,0,0,0,0
2016/06/10,0,0,0,0
2016/06/13,0,126000,-34000,92000
2016/06/14,0,31000,0,31000
2016/06/15,0,135000,-62000,73000
2016/06/16,0,10000,-5000,5000
2016/06/17,0,383000,-2000,381000
2016/06/20,0,501000,-42000,459000
2016/06/21,0,629000,-25000,604000
2016/06/22,0,58000,0,58000
2016/06/23,0,311000,0,311000
2016/06/24,0,31000,-286000,-255000
2016/06/27,0,41000,-51000,-10000
2016/06/28,0,265000,-1000,264000
2016/06/29,0,25000,-207000,-182000
2016/06/30,0,21000,-133000,-112000
2016/07/01,0,548000,-15000,533000
2016/07/04,0,276000,-73000,203000
2016/07/05,0,96000,-75000,21000
2016/07/06,0,29000,-86000,-57000
2016/07/07,0,61000,-39000,22000
2016/07/08,0,0,0,0
2016/07/11,0,538000,-19000,519000
2016/07/12,0,2574000,-57000,2517000
2016/07/13,0,76000,-2968000,-2892000
2016/07/14,0,40000,-271000,-231000
2016/07/15,0,49000,-314000,-265000
2016/07/18,0,14000,-286000,-272000
2016/07/19,0,127000,-79000,48000
2016/07/20,0,40000,-180000,-140000
2016/07/21,0,192000,-7000,185000
2016/07/22,0,14000,-4000,10000
2016/07/25,0,166000,-66000,100000
2016/07/26,0,7000,-71000,-64000
2016/07/27,0,229000,-52000,177000
2016/07/28,0,145000,-18000,127000
2016/07/29,0,8000,-238000,-230000
2016/08/01,0,123000,-11000,112000
2016/08/02,0,40000,-36000,4000
2016/08/03,0,64000,-147000,-83000
2016/08/04,0,27000,-227000,-200000
2016/08/05,0,106000,-163000,-57000
2016/08/08,0,39000,-46000,-7000
2016/08/09,0,92000,-142000,-50000
2016/08/10,0,205000,-81000,124000
2016/08/11,0,1000,-172000,-171000
2016/08/12,0,175000,-3000,172000
2016/08/15,0,10000,-22000,-12000
2016/08/16,0,3000,-62000,-59000
2016/08/17,0,0,-98000,-98000
2016/08/18,0,25000,-15000,10000
2016/08/19,0,120000,-111000,9000
2016/08/22,0,13000,-71000,-58000
2016/08/23,0,133000,-30000,103000
2016/08/24,0,54000,-75000,-21000
2016/08/25,0,3000,-138000,-135000
2016/08/26,0,62000,-10000,52000
2016/08/29,0,15000,-169000,-154000
2016/08/30,0,49000,-2000,47000
2016/08/31,0,15000,-61000,-46000
2016/09/01,0,2000,-215000,-213000
2016/09/02,0,94000,-57000,37000
2016/09/05,0,70000,-28000,42000
2016/09/06,0,65000,-29000,36000
2016/09/07,0,416000,-13000,403000
2016/09/08,0,93000,-74000,19000
2016/09/09,0,114000,-38000,76000
2016/09/12,0,2000,-189000,-187000
2016/09/13,0,107000,-6000,101000
2016/09/14,0,41000,-82000,-41000
2016/09/15,0,0,0,0
2016/09/16,0,0,0,0
2016/09/19,0,73000,-16000,57000
2016/09/20,0,1000,-1000,0
2016/09/21,0,133000,-118000,15000
2016/09/22,0,12000,-25000,-13000
2016/09/23,0,104000,-4000,100000
2016/09/26,0,10000,-16000,-6000
2016/09/27,0,0,0,0
2016/09/28,0,0,0,0
2016/09/29,0,25000,-2000,23000
2016/09/30,0,29000,-50000,-21000
2016/10/03,0,0,-34000,-34000
2016/10/04,0,9000,-2000,7000
2016/10/05,0,5000,-8000,-3000
2016/10/06,0,104000,-38000,66000
2016/10/07,0,8000,-5000,3000
2016/10/10,0,0,0,0
2016/10/11,0,164000,-173000,-9000
2016/10/12,0,161000,-74000,87000
2016/10/13,0,479000,-14000,465000
2016/10/14,0,25000,-58000,-33000
2016/10/17,0,3000,-29000,-26000
2016/10/18,0,565000,-5000,560000
2016/10/19,0,950000,-100000,850000
2016/10/20,0,1026000,-477000,549000
2016/10/21,0,366000,-259000,107000
2016/10/24,0,180000,-207000,-27000
2016/10/25,0,332000,-136000,196000
2016/10/26,0,279000,-86000,193000
2016/10/27,0,103000,-161000,-58000
2016/10/28,0,169000,-59000,110000
2016/10/31,0,125000,-127000,-2000
2016/11/01,0,44000,-305000,-261000
2016/11/02,0,156000,-34000,122000
2016/11/03,0,142000,-106000,36000
2016/11/04,0,22000,-188000,-166000
2016/11/07,0,214000,0,214000
2016/11/08,0,983000,-42000,941000
2016/11/09,0,140000,-1379000,-1239000
2016/11/10,0,1933000,-121000,1812000
2016/11/11,0,686000,-135000,551000
2016/11/14,0,156000,-707000,-551000
2016/11/15,0,145000,-245000,-100000
2016/11/16,0,338000,-358000,-20000
2016/11/17,0,67000,-360000,-293000
2016/11/18,0,121000,-290000,-169000
2016/11/21,0,44000,-68000,-24000
2016/11/22,0,2251000,-62000,2189000
2016/11/23,0,910000,-71000,839000
2016/11/24,0,111000,-94000,17000
2016/11/25,0,89000,-111000,-22000
2016/11/28,0,403000,-144218,258782
2016/11/29,0,399000,-179000,220000
2016/11/30,0,462000,-213000,249000
2016/12/01,0,529000,-122000,407000
2016/12/02,0,140000,-310000,-170000
2016/12/05,0,186000,-167000,19000
2016/12/06,0,243000,-255000,-12000
2016/12/07,0,41000,-90000,-49000
2016/12/08,0,187000,-14000,173000
2016/12/09,0,143000,-98000,45000
2016/12/12,0,152000,-165000,-13000
2016/12/13,0,62000,-147000,-85000
2016/12/14,0,97000,-203000,-106000
2016/12/15,0,133000,-664000,-531000
2016/12/16,0,335000,-384000,-49000
2016/12/19,0,224000,-353000,-129000
2016/12/20,0,65000,-218000,-153000
2016/12/21,0,199000,-42000,157000
2016/12/22,0,88000,-397000,-309000
2016/12/23,0,374000,-387000,-13000
2016/12/26,0,72000,-22000,50000
2016/12/27,0,6000,-101000,-95000
2016/12/28,0,376000,-955000,-579000
2016/12/29,0,132000,-469000,-337000
2016/12/30,0,111000,-80000,31000
2017/01/02,0,0,0,0
2017/01/03,0,240000,-49000,191000
2017/01/04,0,64000,-293000,-229000
2017/01/05,0,384000,-333000,51000
2017/01/06,0,110000,-591000,-481000
2017/01/09,0,70000,-410000,-340000
2017/01/10,0,66000,-1686000,-1620000
2017/01/11,0,61000,-329000,-268000
2017/01/12,0,565000,-280000,285000
2017/01/13,0,301000,-345000,-44000
2017/01/16,0,325000,-112000,213000
2017/01/17,0,58000,-415000,-357000
2017/01/18,0,215000,-1773000,-1558000
2017/01/19,0,58000,-104000,-46000
2017/01/20,0,124000,-86000,38000
2017/01/23,0,35000,-181000,-146000
2017/01/24,0,71000,-54000,17000
2017/01/25,0,0,0,0
2017/01/26,0,0,0,0
2017/01/27,0,0,0,0
2017/01/30,0,0,0,0
2017/01/31,0,0,0,0
2017/02/01,0,0,0,0
2017/02/02,0,134000,-266000,-132000
2017/02/03,0,101000,-480000,-379000
2017/02/06,0,125000,-175000,-50000
2017/02/07,0,75000,-186000,-111000
2017/02/08,0,110000,-388000,-278000
2017/02/09,0,66000,-59000,7000
2017/02/10,0,836000,-512000,324000
2017/02/13,0,125000,-68000,57000
2017/02/14,0,52000,-70000,-18000
2017/02/15,0,541000,-850000,-309000
2017/02/16,0,549000,-592000,-43000
2017/02/17,0,53000,-29000,24000
2017/02/20,0,17000,-325000,-308000
2017/02/21,0,304000,-577000,-273000
2017/02/22,0,37000,-261000,-224000
2017/02/23,0,62000,-132000,-70000
2017/02/24,0,64000,-124000,-60000
2017/02/27,0,0,0,0
2017/02/28,0,0,0,0
2017/03/01,0,55000,-384000,-329000
2017/03/02,0,95000,-20000,75000
2017/03/03,0,14000,-3000,11000
2017/03/06,0,144000,-43000,101000
2017/03/07,0,38000,-62000,-24000
2017/03/08,0,31000,-134000,-103000
2017/03/09,0,287000,-52000,235000
2017/03/10,0,254000,-189000,65000
2017/03/13,0,68000,0,68000
2017/03/14,0,140000,-38000,102000
2017/03/15,0,72000,-77000,-5000
2017/03/16,0,621000,-98000,523000
2017/03/17,0,76000,-89000,-13000
2017/03/20,0,97000,-65000,32000
2017/03/21,0,274000,-299000,-25000
2017/03/22,0,16000,-186000,-170000
2017/03/23,0,2000,-118000,-116000
2017/03/24,0,7000,-86000,-79000
2017/03/27,0,1000,-64000,-63000
2017/03/28,0,74000,-111000,-37000
2017/03/29,0,214000,-5000,209000
2017/03/30,0,9000,-14000,-5000
2017/03/31,0,203000,0,203000
2017/04/03,0,0,0,0
2017/04/04,0,0,0,0
2017/04/05,0,51000,-3000,48000
2017/04/06,0,264000,-108000,156000
2017/04/07,0,597000,-505000,92000
2017/04/10,0,251000,-152000,99000
2017/04/11,0,84000,-78000,6000
2017/04/12,0,228000,-36000,192000
2017/04/13,0,67000,-63000,4000
2017/04/14,0,33000,-97000,-64000
2017/04/17,0,11000,-68000,-57000
2017/04/18,0,83000,-125000,-42000
2017/04/19,0,217000,-141000,76000
2017/04/20,0,0,-256000,-256000
2017/04/21,0,4000,-70000,-66000
2017/04/24,0,3000,-17000,-14000
2017/04/25,0,36000,-89000,-53000
2017/04/26,0,108000,-1019000,-911000
2017/04/27,0,317000,-4000,313000
2017/04/28,0,104000,-24000,80000
2017/05/01,0,0,0,0
2017/05/02,0,25000,-8000,17000
2017/05/03,0,82000,-16000,66000
2017/05/04,0,50000,-11000,39000
2017/05/05,0,324000,-125000,199000
2017/05/08,0,67000,-80000,-13000
2017/05/09,0,171000,-77192,93808
2017/05/10,0,241000,-59000,182000
2017/05/11,0,451000,-124000,327000
2017/05/12,0,7000,-4000,3000
2017/05/15,0,121000,-18000,103000
2017/05/16,0,150000,-341000,-191000
2017/05/17,0,65000,-48000,17000
2017/05/18,0,147000,-254000,-107000
2017/05/19,0,9000,-62000,-53000
2017/05/22,0,286000,-6000,280000
2017/05/23,0,30000,-2000,28000
2017/05/24,0,862000,-284000,578000
2017/05/25,0,808000,-113000,695000
2017/05/26,0,247000,-270000,-23000
2017/05/29,0,0,0,0
2017/05/30,0,0,0,0
2017/05/31,0,21000,-38000,-17000
2017/06/01,0,748000,-394000,354000
2017/06/02,0,89000,-217000,-128000
2017/06/05,0,218000,-78000,140000
2017/06/06,0,226000,-108505,117495
2017/06/07,0,257000,-135000,122000
2017/06/08,0,369000,-285000,84000
2017/06/09,0,15000,-203000,-188000
2017/06/12,0,275000,-252000,23000
2017/06/13,0,2000,-111000,-109000
2017/06/14,0,0,-204000,-204000
2017/06/15,0,32000,-214000,-182000
2017/06/16,0,47000,-6000,41000
2017/06/19,0,80000,-11000,69000
2017/06/20,0,257000,-41000,216000
2017/06/21,0,576000,-60000,516000
2017/06/22,0,205000,-31000,174000
2017/06/23,0,481000,-55000,426000
2017/06/26,0,778000,-52000,726000
2017/06/27,0,637000,-48000,589000
2017/06/28,0,524000,-508000,16000
2017/06/29,0,200000,-92000,108000
2017/06/30,0,121000,-15000,106000
2017/07/03,0,96000,-57000,39000
2017/07/04,0,39000,-8000,31000
2017/07/05,0,414000,-59000,355000
2017/07/06,0,244000,-294000,-50000
2017/07/07,0,43000,-18000,25000
2017/07/10,0,505000,-58000,447000
2017/07/11,0,2289000,-83000,2206000
2017/07/12,0,51000,-1879000,-1828000
2017/07/13,0,53000,-375000,-322000
2017/07/14,0,22000,-265000,-243000
2017/07/17,0,6000,-134000,-128000
2017/07/18,0,0,-234000,-234000
2017/07/19,0,187000,-251000,-64000
2017/07/20,0,6000,-266000,-260000
2017/07/21,0,12000,-12000,0
2017/07/24,0,0,-93000,-93000
2017/07/25,0,1000,-15000,-14000
2017/07/26,0,24000,-302000,-278000
2017/07/27,0,123000,-3000,120000
2017/07/28,0,52000,-85000,-33000
2017/07/31,0,81000,-94000,-13000
2017/08/01,0,111000,-2000,109000
2017/08/02,0,0,-47000,-47000
2017/08/03,0,65000,-255000,-190000
2017/08/04,0,58000,-103000,-45000
2017/08/07,0,118000,-34000,84000
2017/08/08,0,160000,-175000,-15000
2017/08/09,0,17000,-488000,-471000
2017/08/10,0,15000,-118000,-103000
2017/08/11,0,1000,-17000,-16000
2017/08/14,0,53000,-2000,51000
2017/08/15,0,0,-53000,-53000
2017/08/16,0,3000,-70000,-67000
2017/08/17,0,144000,-16000,128000
2017/08/18,0,16000,-147000,-131000
