Date,Open,Buy,Sell,Total
2007/01/02,0,2732000,-1006000,1726000
2007/01/03,0,1594000,-976000,618000
2007/01/04,0,1628000,-2297000,-669000
2007/01/05,0,2446000,-6242928,-3796928
2007/01/08,0,633000,-3894533,-3261533
2007/01/09,0,470000,-1173000,-703000
2007/01/10,0,1010880,-6119386,-5108506
2007/01/11,0,73000,-2359000,-2286000
2007/01/12,0,1526000,-878000,648000
2007/01/15,0,406000,-1637000,-1231000
2007/01/16,0,1336000,-556960,779040
2007/01/17,0,1298000,-952000,346000
2007/01/18,0,1476000,-1330525,145475
2007/01/19,0,9376000,-1410300,7965700
2007/01/22,0,9576000,-1913104,7662896
2007/01/23,0,3619000,-204000,3415000
2007/01/24,0,14099000,-756000,13343000
2007/01/25,0,8435000,-557001,7877999
2007/01/26,0,4954000,-4840279,113721
2007/01/29,0,8825000,-4539770,4285230
2007/01/30,0,9749000,-3027294,6721706
2007/01/31,0,12248000,-3285990,8962010
2007/02/01,0,7703000,-754000,6949000
2007/02/02,0,9117040,-1721887,7395153
2007/02/05,0,7089000,-1679000,5410000
2007/02/06,0,15323000,-531000,14792000
2007/02/07,0,6089000,-1135000,4954000
2007/02/08,0,6816168,-1874090,4942078
2007/02/09,0,5995000,-1182550,4812450
2007/02/12,0,6350000,-2698000,3652000
2007/02/13,0,8277000,-5048830,3228170
2007/02/14,0,16543000,-7799547,8743453
2007/02/15,0,0,0,0
2007/02/16,0,0,0,0
2007/02/19,0,0,0,0
2007/02/20,0,0,0,0
2007/02/21,0,0,0,0
2007/02/22,0,0,0,0
2007/02/23,0,0,0,0
2007/02/26,0,14204000,-6697000,7507000
2007/02/27,0,8997000,-4818275,4178725
2007/02/28,0,0,0,0
2007/03/01,0,4171000,-11824000,-7653000
2007/03/02,0,2682000,-3317000,-635000
2007/03/05,0,8105000,-6610092,1494908
2007/03/06,0,6133000,-5574615,558385
2007/03/07,0,12143000,-8280544,3862456
2007/03/08,0,3852154,-2577000,1275154
2007/03/09,0,3036000,-2736000,300000
2007/03/12,0,1330000,-720000,610000
2007/03/13,0,4414000,-2479000,1935000
2007/03/14,0,5674000,-6085079,-411079
2007/03/15,0,13668000,-380000,13288000
2007/03/16,0,13474000,-917000,12557000
2007/03/19,0,1821000,-1199537,621463
2007/03/20,0,4718000,-1690430,3027570
2007/03/21,0,3562000,-1195060,2366940
2007/03/22,0,13869000,-1328000,12541000
2007/03/23,0,9361000,-296331,9064669
2007/03/26,0,6166000,-1659583,4506417
2007/03/27,0,6585000,-3472316,3112684
2007/03/28,0,4799000,-2052000,2747000
2007/03/29,0,11036000,-5543000,5493000
2007/03/30,0,6154000,-1343000,4811000
2007/04/02,0,4677000,-1113000,3564000
2007/04/03,0,4352000,-648000,3704000
2007/04/04,0,4803000,-355000,4448000
2007/04/05,0,0,0,0
2007/04/06,0,0,0,0
2007/04/09,0,7480000,-724122,6755878
2007/04/10,0,4657000,-23000,4634000
2007/04/11,0,3391000,-931000,2460000
2007/04/12,0,3478000,-3191789,286211
2007/04/13,0,2565000,-159000,2406000
2007/04/16,0,6023000,-815463,5207537
2007/04/17,0,1722000,-449428,1272572
2007/04/18,0,4153000,-623000,3530000
2007/04/19,0,5166000,-5861000,-695000
2007/04/20,0,1560000,-162000,1398000
2007/04/23,0,4064000,-197000,3867000
2007/04/24,0,1215000,-626000,589000
2007/04/25,0,1115000,-794000,321000
2007/04/26,0,6489000,-3616319,2872681
2007/04/27,0,6061000,-9709000,-3648000
2007/04/30,0,5897000,-4304260,1592740
2007/05/01,0,0,0,0
2007/05/02,0,3211000,-3858000,-647000
2007/05/03,0,1154000,-1618000,-464000
2007/05/04,0,2197000,-1478748,718252
2007/05/07,0,2350000,-1309000,1041000
2007/05/08,0,2350000,-206000,2144000
2007/05/09,0,6800000,-3811000,2989000
2007/05/10,0,4333000,-1270000,3063000
2007/05/11,0,1755000,-1241000,514000
2007/05/14,0,4581000,-2007425,2573575
2007/05/15,0,2140000,-646211,1493789
2007/05/16,0,1557000,-665000,892000
2007/05/17,0,10340280,-599000,9741280
2007/05/18,0,12004000,-1108333,10895667
2007/05/21,0,15648000,-1857333,13790667
2007/05/22,0,717666,-608000,109666
2007/05/23,0,4220000,-1194000,3026000
2007/05/24,0,1460000,-1093000,367000
2007/05/25,0,1084000,-5268194,-4184194
2007/05/28,0,1595000,-2607000,-1012000
2007/05/29,0,1687000,-3113600,-1426600
2007/05/30,0,3314000,-5206344,-1892344
2007/05/31,0,5237451,-12300260,-7062809
2007/06/01,0,6255880,-490000,5765880
2007/06/04,0,437000,-496000,-59000
2007/06/05,0,2818000,-3189000,-371000
2007/06/06,0,2937000,-1611000,1326000
2007/06/07,0,3814000,-4308000,-494000
2007/06/08,0,1030000,-1252000,-222000
2007/06/11,0,2568000,-1480250,1087750
2007/06/12,0,3715000,-1928987,1786013
2007/06/13,0,4241000,-1198000,3043000
2007/06/14,0,2563000,-486000,2077000
2007/06/15,0,16451000,-1826451,14624549
2007/06/18,0,0,0,0
2007/06/19,0,0,0,0
2007/06/20,0,31397000,-8640965,22756035
2007/06/21,0,14270000,-2262000,12008000
2007/06/22,0,5710000,-1221000,4489000
2007/06/25,0,6919000,-4950000,1969000
2007/06/26,0,3580832,-2448000,1132832
2007/06/27,0,730000,-2606000,-1876000
2007/06/28,0,4789000,-2867000,1922000
2007/06/29,0,7471000,-7783144,-312144
2007/07/02,0,4552000,-1882000,2670000
2007/07/03,0,11942000,-5624000,6318000
2007/07/04,0,5097000,-1001000,4096000
2007/07/05,0,4898000,-4797475,100525
2007/07/06,0,2956000,-8635000,-5679000
2007/07/09,0,4327000,-2527000,1800000
2007/07/10,0,2248000,-3066000,-818000
2007/07/11,0,2380200,-1588000,792200
2007/07/12,0,4563000,-3563500,999500
2007/07/13,0,6149000,-764000,5385000
2007/07/16,0,3612000,-4253000,-641000
2007/07/17,0,12705000,-10927000,1778000
2007/07/18,0,5470000,-6899000,-1429000
2007/07/19,0,2974000,-1755000,1219000
2007/07/20,0,2389000,-932000,1457000
2007/07/23,0,4260000,-3644000,616000
2007/07/24,0,8795000,-2809000,5986000
2007/07/25,0,6636000,-10492800,-3856800
2007/07/26,0,8506000,-2135320,6370680
2007/07/27,0,2315790,-14149760,-11833970
2007/07/30,0,3862000,-13663000,-9801000
2007/07/31,0,6084000,-10509000,-4425000
2007/08/01,0,8533000,-15293700,-6760700
2007/08/02,0,9069000,-4053400,5015600
2007/08/03,0,5125000,-4189000,936000
2007/08/06,0,3681105,-3939000,-257895
2007/08/07,0,4081000,-6197000,-2116000
2007/08/08,0,5443000,-1750000,3693000
2007/08/09,0,9799000,-1214000,8585000
2007/08/10,0,8433000,-9271000,-838000
2007/08/13,0,4567000,-3560000,1007000
2007/08/14,0,5468000,-5034000,434000
2007/08/15,0,2958000,-9417000,-6459000
2007/08/16,0,2524000,-13645000,-11121000
2007/08/17,0,3021000,-10966000,-7945000
2007/08/20,0,2553000,-4104000,-1551000
2007/08/21,0,3171000,-3198118,-27118
2007/08/22,0,1927000,-2201412,-274412
2007/08/23,0,5353000,-1286000,4067000
2007/08/24,0,3631000,-1276104,2354896
2007/08/27,0,4279000,-2427000,1852000
2007/08/28,0,1600000,-2538000,-938000
2007/08/29,0,4199000,-4906000,-707000
2007/08/30,0,3778000,-2011000,1767000
2007/08/31,0,8394000,-2707000,5687000
2007/09/03,0,5886000,-1045000,4841000
2007/09/04,0,1993000,-1103000,890000
2007/09/05,0,5264000,-3917527,1346473
2007/09/06,0,6534000,-2220000,4314000
2007/09/07,0,1950000,-1161000,789000
2007/09/10,0,1294000,-4792000,-3498000
2007/09/11,0,993000,-1239000,-246000
2007/09/12,0,3735000,-1461884,2273116
2007/09/13,0,2403000,-2354480,48520
2007/09/14,0,7404000,-3343807,4060193
2007/09/17,0,1683000,-3082000,-1399000
2007/09/18,0,0,0,0
2007/09/19,0,20166000,-3759670,16406330
2007/09/20,0,16361000,-3065000,13296000
2007/09/21,0,10203000,-167000,10036000
2007/09/24,0,0,0,0
2007/09/25,0,0,0,0
2007/09/26,0,8172000,-1105080,7066920
2007/09/27,0,10902000,-2283130,8618870
2007/09/28,0,14727000,-9600000,5127000
2007/10/01,0,10323000,-5149000,5174000
2007/10/02,0,15760000,-3975000,11785000
2007/10/03,0,12941865,-1685000,11256865
2007/10/04,0,9625000,-8824300,800700
2007/10/05,0,5982000,-1897877,4084123
2007/10/08,0,3737000,-1446030,2290970
2007/10/09,0,7203000,-2875000,4328000
2007/10/10,0,0,0,0
2007/10/11,0,6426000,-1494064,4931936
2007/10/12,0,2172000,-3615000,-1443000
2007/10/15,0,1413000,-1521000,-108000
2007/10/16,0,2985000,-3186500,-201500
2007/10/17,0,3650522,-4877922,-1227400
2007/10/18,0,7479000,-3187851,4291149
2007/10/19,0,1600000,-2696000,-1096000
2007/10/22,0,7207000,-11490000,-4283000
2007/10/23,0,4249000,-1064000,3185000
2007/10/24,0,2792258,-702050,2090208
2007/10/25,0,9994698,-5538000,4456698
2007/10/26,0,4848774,-2052000,2796774
2007/10/29,0,10330000,-7418000,2912000
2007/10/30,0,6495000,-3631000,2864000
2007/10/31,0,5200000,-1487000,3713000
2007/11/01,0,5781000,-1514000,4267000
2007/11/02,0,6970940,-9418000,-2447060
2007/11/05,0,9956000,-8083000,1873000
2007/11/06,0,4246000,-4667500,-421500
2007/11/07,0,10729114,-5954832,4774282
2007/11/08,0,8745500,-9978300,-1232800
2007/11/09,0,6294000,-1518000,4776000
2007/11/12,0,12683000,-10190876,2492124
2007/11/13,0,9812000,-7416267,2395733
2007/11/14,0,12878000,-9906300,2971700
2007/11/15,0,5198000,-3932000,1266000
2007/11/16,0,2019922,-10152000,-8132078
2007/11/19,0,4097953,-10781670,-6683717
2007/11/20,0,4423000,-18779063,-14356063
2007/11/21,0,3934000,-12677450,-8743450
2007/11/22,0,4937000,-3192781,1744219
2007/11/23,0,1397000,-4124000,-2727000
2007/11/26,0,6518000,-3103000,3415000
2007/11/27,0,3638000,-10518000,-6880000
2007/11/28,0,1277000,-3637000,-2360000
2007/11/29,0,4541000,-1498406,3042594
2007/11/30,0,6379000,-7918879,-1539879
2007/12/03,0,1990000,-3380390,-1390390
2007/12/04,0,1408148,-3738000,-2329852
2007/12/05,0,2320000,-6865270,-4545270
2007/12/06,0,11289000,-8116000,3173000
2007/12/07,0,16860396,-13256660,3603736
2007/12/10,0,4279100,-5123291,-844191
2007/12/11,0,6211000,-5274000,937000
2007/12/12,0,2334000,-9522000,-7188000
2007/12/13,0,1939000,-8074168,-6135168
2007/12/14,0,1548000,-4576393,-3028393
2007/12/17,0,1097000,-5252830,-4155830
2007/12/18,0,2285000,-5757249,-3472249
2007/12/19,0,1990000,-4177989,-2187989
2007/12/20,0,1608000,-2293000,-685000
2007/12/21,0,4423000,-1215000,3208000
2007/12/24,0,870000,-862000,8000
2007/12/25,0,424000,-839000,-415000
2007/12/26,0,1345000,-2026000,-681000
2007/12/27,0,2447000,-475000,1972000
2007/12/28,0,3847000,-1647000,2200000
2007/12/31,0,1237000,-116000,1121000
2008/01/01,0,0,0,0
2008/01/02,0,180000,-3287000,-3107000
2008/01/03,0,4189000,-2871000,1318000
2008/01/04,0,3900000,-3768020,131980
2008/01/07,0,2646000,-2810000,-164000
2008/01/08,0,5429000,-4056279,1372721
2008/01/09,0,5027000,-1637856,3389144
2008/01/10,0,9436000,-5044061,4391939
2008/01/11,0,3961427,-3636975,324452
2008/01/14,0,19930000,-7204957,12725043
2008/01/15,0,21427000,-8910349,12516651
2008/01/16,0,6969000,-10877000,-3908000
2008/01/17,0,7136000,-7177993,-41993
2008/01/18,0,7799030,-12755376,-4956346
2008/01/21,0,4060000,-6234000,-2174000
2008/01/22,0,1276000,-9850000,-8574000
2008/01/23,0,7895100,-10139000,-2243900
2008/01/24,0,5891000,-2857000,3034000
2008/01/25,0,2284000,-3267000,-983000
2008/01/28,0,3002000,-9534000,-6532000
2008/01/29,0,2885000,-13830174,-10945174
2008/01/30,0,15896287,-55339500,-39443213
2008/01/31,0,14433000,-54319500,-39886500
2008/02/01,0,17852000,-12881500,4970500
2008/02/04,0,0,0,0
2008/02/05,0,0,0,0
2008/02/06,0,0,0,0
2008/02/07,0,0,0,0
2008/02/08,0,0,0,0
2008/02/11,0,0,0,0
2008/02/12,0,15232000,-9016560,6215440
2008/02/13,0,9038000,-6358000,2680000
2008/02/14,0,13596000,-6465000,7131000
2008/02/15,0,5712000,-5416160,295840
2008/02/18,0,2696000,-3827000,-1131000
2008/02/19,0,6444000,-2871000,3573000
2008/02/20,0,2722130,-5445000,-2722870
2008/02/21,0,4207181,-2089219,2117962
2008/02/22,0,2657000,-2560000,97000
2008/02/25,0,7156000,-2092000,5064000
2008/02/26,0,6028000,-3504000,2524000
2008/02/27,0,12083000,-7192000,4891000
2008/02/28,0,0,0,0
2008/02/29,0,12570186,-7581539,4988647
2008/03/03,0,8767000,-4636000,4131000
2008/03/04,0,14598000,-3620000,10978000
2008/03/05,0,24411000,-15295000,9116000
2008/03/06,0,15345000,-5585000,9760000
2008/03/07,0,14089000,-3976226,10112774
2008/03/10,0,12914000,-4581000,8333000
2008/03/11,0,24166000,-23908000,258000
2008/03/12,0,18951332,-7053454,11897878
2008/03/13,0,14447000,-11920520,2526480
2008/03/14,0,5696000,-5708000,-12000
2008/03/17,0,7613000,-11939794,-4326794
2008/03/18,0,9410000,-6773445,2636555
2008/03/19,0,14677000,-9291796,5385204
2008/03/20,0,17257000,-7272561,9984439
2008/03/21,0,28752000,-4568000,24184000
2008/03/24,0,30979000,-4188000,26791000
2008/03/25,0,9436000,-5572499,3863501
2008/03/26,0,20559000,-12093486,8465514
2008/03/27,0,3401939,-12349000,-8947061
2008/03/28,0,12588939,-14530000,-1941061
2008/03/31,0,7135261,-17454700,-10319439
2008/04/01,0,7152102,-19031502,-11879400
2008/04/02,0,3464000,-13016000,-9552000
2008/04/03,0,2415000,-12787000,-10372000
2008/04/04,0,0,0,0
2008/04/07,0,6007000,-30743300,-24736300
2008/04/08,0,5366000,-17805000,-12439000
2008/04/09,0,3627000,-7296000,-3669000
2008/04/10,0,7086000,-7239031,-153031
2008/04/11,0,6759100,-7846730,-1087630
2008/04/14,0,4037000,-4977000,-940000
2008/04/15,0,3520000,-4659000,-1139000
2008/04/16,0,3731001,-7423000,-3691999
2008/04/17,0,10432000,-11350000,-918000
2008/04/18,0,11881000,-9305855,2575145
2008/04/21,0,10005000,-4169651,5835349
2008/04/22,0,5728476,-6619000,-890524
2008/04/23,0,6838000,-3758114,3079886
2008/04/24,0,10169000,-12136000,-1967000
2008/04/25,0,1351000,-7817092,-6466092
2008/04/28,0,9093000,-6544000,2549000
2008/04/29,0,12635100,-13927000,-1291900
2008/04/30,0,5125000,-13745000,-8620000
2008/05/01,0,0,0,0
2008/05/02,0,7797000,-5372000,2425000
2008/05/05,0,4564660,-8512000,-3947340
2008/05/06,0,3201518,-8914000,-5712482
2008/05/07,0,2543000,-13735200,-11192200
2008/05/08,0,4012000,-10281000,-6269000
2008/05/09,0,2744000,-4235700,-1491700
2008/05/12,0,1503000,-2155800,-652800
2008/05/13,0,7269000,-8663000,-1394000
2008/05/14,0,2048618,-2334000,-285382
2008/05/15,0,11600000,-8098171,3501829
2008/05/16,0,6111000,-3073000,3038000
2008/05/19,0,7492000,-5498000,1994000
2008/05/20,0,3024000,-9005000,-5981000
2008/05/21,0,1080000,-4072970,-2992970
2008/05/22,0,2258000,-6336980,-4078980
2008/05/23,0,1716000,-7569000,-5853000
2008/05/26,0,2097000,-3822200,-1725200
2008/05/27,0,1727000,-7180000,-5453000
2008/05/28,0,2750000,-9167000,-6417000
2008/05/29,0,4671000,-3107488,1563512
2008/05/30,0,7660100,-4631253,3028847
2008/06/02,0,3307000,-3272000,35000
2008/06/03,0,2646000,-4172261,-1526261
2008/06/04,0,1097533,-12684000,-11586467
2008/06/05,0,3202000,-13432000,-10230000
2008/06/06,0,1938000,-8315000,-6377000
2008/06/09,0,1666000,-4447000,-2781000
2008/06/10,0,1715000,-8592691,-6877691
2008/06/11,0,5639000,-3929000,1710000
2008/06/12,0,3119000,-5145000,-2026000
2008/06/13,0,1706000,-3886000,-2180000
2008/06/16,0,2721000,-2679000,42000
2008/06/17,0,3490000,-1698000,1792000
2008/06/18,0,1289000,-3575000,-2286000
2008/06/19,0,2200000,-7802450,-5602450
2008/06/20,0,2527657,-5399000,-2871343
2008/06/23,0,4957000,-1841550,3115450
2008/06/24,0,1602000,-2264000,-662000
2008/06/25,0,7639000,-909711,6729289
2008/06/26,0,2500991,-3339000,-838009
2008/06/27,0,5331000,-14000142,-8669142
2008/06/30,0,3430000,-8904000,-5474000
2008/07/01,0,4181000,-6128000,-1947000
2008/07/02,0,3561000,-7020000,-3459000
2008/07/03,0,2878000,-9047160,-6169160
2008/07/04,0,3279000,-21259000,-17980000
2008/07/07,0,8549500,-7720223,829277
2008/07/08,0,2935000,-12902000,-9967000
2008/07/09,0,6191000,-8560710,-2369710
2008/07/10,0,4162000,-5640000,-1478000
2008/07/11,0,2642000,-13251000,-10609000
2008/07/14,0,2353153,-4646000,-2292847
2008/07/15,0,2261000,-4826227,-2565227
2008/07/16,0,4204000,-4621000,-417000
2008/07/17,0,13012000,-12355820,656180
2008/07/18,0,2084000,-10118847,-8034847
2008/07/21,0,5191000,-8274091,-3083091
2008/07/22,0,3351000,-4801000,-1450000
2008/07/23,0,9288000,-1992690,7295310
2008/07/24,0,9353000,-13167000,-3814000
2008/07/25,0,1509000,-6213000,-4704000
2008/07/28,0,0,0,0
2008/07/29,0,3123000,-10877660,-7754660
2008/07/30,0,6179000,-7501000,-1322000
2008/07/31,0,6340000,-5375000,965000
2008/08/01,0,2539000,-5018869,-2479869
2008/08/04,0,840000,-6517594,-5677594
2008/08/05,0,8182000,-5835000,2347000
2008/08/06,0,9843000,-1218961,8624039
2008/08/07,0,1338000,-2325000,-987000
2008/08/08,0,7434000,-3975000,3459000
2008/08/11,0,2620000,-5196000,-2576000
2008/08/12,0,4258000,-12227000,-7969000
2008/08/13,0,4480000,-9818241,-5338241
2008/08/14,0,1271000,-6763200,-5492200
2008/08/15,0,1524000,-8010000,-6486000
2008/08/18,0,2890000,-7550000,-4660000
2008/08/19,0,5930000,-7013000,-1083000
2008/08/20,0,4155000,-6013000,-1858000
2008/08/21,0,3828000,-8022000,-4194000
2008/08/22,0,5519000,-9117000,-3598000
2008/08/25,0,6033000,-14145000,-8112000
2008/08/26,0,5401000,-14853000,-9452000
2008/08/27,0,5326000,-8784022,-3458022
2008/08/28,0,4400000,-9851000,-5451000
2008/08/29,0,6224000,-9540323,-3316323
2008/09/01,0,4349250,-4012000,337250
2008/09/02,0,2520000,-1399000,1121000
2008/09/03,0,3707000,-3784000,-77000
2008/09/04,0,1717000,-5288000,-3571000
2008/09/05,0,3144000,-13575959,-10431959
2008/09/08,0,5689000,-12388311,-6699311
2008/09/09,0,3498000,-8409000,-4911000
2008/09/10,0,2289000,-17090000,-14801000
2008/09/11,0,4122000,-11547038,-7425038
2008/09/12,0,5863000,-17706000,-11843000
2008/09/15,0,1149000,-10925000,-9776000
2008/09/16,0,7028000,-9590000,-2562000
2008/09/17,0,5219000,-9895071,-4676071
2008/09/18,0,14067000,-27567000,-13500000
2008/09/19,0,19849847,-23981000,-4131153
2008/09/22,0,10581270,-19450000,-8868730
2008/09/23,0,2369000,-14018000,-11649000
2008/09/24,0,5266880,-26235480,-20968600
2008/09/25,0,4014000,-11751000,-7737000
2008/09/26,0,5976000,-15067000,-9091000
2008/09/29,0,0,0,0
2008/09/30,0,6868000,-26553900,-19685900
2008/10/01,0,1927000,-10188000,-8261000
2008/10/02,0,12081000,-18791000,-6710000
2008/10/03,0,10608000,-18266900,-7658900
2008/10/06,0,6730000,-14037000,-7307000
2008/10/07,0,4645000,-5486842,-841842
2008/10/08,0,6138000,-5353546,784454
2008/10/09,0,10423000,-8201758,2221242
2008/10/10,0,0,0,0
2008/10/13,0,4137000,-4293442,-156442
2008/10/14,0,3058000,-9052663,-5994663
2008/10/15,0,2429000,-5456446,-3027446
2008/10/16,0,1270001,-2837000,-1566999
2008/10/17,0,1104000,-19798500,-18694500
2008/10/20,0,3733000,-15989120,-12256120
2008/10/21,0,8588000,-10204000,-1616000
2008/10/22,0,4050000,-3649839,400161
2008/10/23,0,4727000,-2056500,2670500
2008/10/24,0,894100,-4408000,-3513900
2008/10/27,0,2446100,-2225000,221100
2008/10/28,0,5342000,-6133396,-791396
2008/10/29,0,3365000,-6555000,-3190000
2008/10/30,0,6791000,-1201000,5590000
2008/10/31,0,10125620,-5894500,4231120
2008/11/03,0,12036000,-2782000,9254000
2008/11/04,0,7041200,-3339000,3702200
2008/11/05,0,10510000,-2321000,8189000
2008/11/06,0,1841000,-5279000,-3438000
2008/11/07,0,2250000,-6224206,-3974206
2008/11/10,0,2487000,-1460000,1027000
2008/11/11,0,5804000,-7896801,-2092801
2008/11/12,0,3739200,-11437000,-7697800
2008/11/13,0,5432000,-10659000,-5227000
2008/11/14,0,2288000,-1636000,652000
2008/11/17,0,7535000,-2448000,5087000
2008/11/18,0,3470000,-4961601,-1491601
2008/11/19,0,1756000,-3421620,-1665620
2008/11/20,0,3077000,-6664700,-3587700
2008/11/21,0,3732000,-4645966,-913966
2008/11/24,0,2791800,-5454265,-2662465
2008/11/25,0,4287000,-1818375,2468625
2008/11/26,0,4065200,-6934349,-2869149
2008/11/27,0,4774000,-3636700,1137300
2008/11/28,0,4293000,-5062670,-769670
2008/12/01,0,7515000,-7393000,122000
2008/12/02,0,2309000,-12206000,-9897000
2008/12/03,0,5248000,-7747000,-2499000
2008/12/04,0,1120100,-7782000,-6661900
2008/12/05,0,3374000,-2428140,945860
2008/12/08,0,9685300,-8837078,848222
2008/12/09,0,5237000,-4882000,355000
2008/12/10,0,4765000,-8920000,-4155000
2008/12/11,0,6237000,-8951300,-2714300
2008/12/12,0,1825000,-10169000,-8344000
2008/12/15,0,5554000,-6348000,-794000
2008/12/16,0,2213000,-8881000,-6668000
2008/12/17,0,6254000,-15869847,-9615847
2008/12/18,0,4518000,-5375000,-857000
2008/12/19,0,7149000,-7944000,-795000
2008/12/22,0,1913000,-6744500,-4831500
2008/12/23,0,2297000,-4435000,-2138000
2008/12/24,0,1899000,-2950000,-1051000
2008/12/25,0,153000,-676000,-523000
2008/12/26,0,997000,-3236000,-2239000
2008/12/29,0,1125000,-1104000,21000
2008/12/30,0,5641000,-897000,4744000
2008/12/31,0,1141000,-1481000,-340000
2009/01/01,0,0,0,0
2009/01/02,0,0,0,0
2009/01/05,0,2699000,-7441760,-4742760
2009/01/06,0,6370658,-6822031,-451373
2009/01/07,0,23155000,-3531000,19624000
2009/01/08,0,8802000,-11099000,-2297000
2009/01/09,0,9267000,-4627000,4640000
2009/01/12,0,3254543,-4896000,-1641457
2009/01/13,0,1915174,-2223312,-308138
2009/01/14,0,2571000,-5291295,-2720295
2009/01/15,0,2867000,-8075000,-5208000
2009/01/16,0,478000,-3208000,-2730000
2009/01/19,0,4652000,-1262080,3389920
2009/01/20,0,5327000,-7322000,-1995000
2009/01/21,0,7098200,-5578060,1520140
2009/01/22,0,0,0,0
2009/01/23,0,0,0,0
2009/01/26,0,0,0,0
2009/01/27,0,0,0,0
2009/01/28,0,0,0,0
2009/01/29,0,0,0,0
2009/01/30,0,0,0,0
2009/02/02,0,17209477,-11633457,5576020
2009/02/03,0,1816000,-3688220,-1872220
2009/02/04,0,2392000,-5303000,-2911000
2009/02/05,0,2509000,-5479000,-2970000
2009/02/06,0,3704000,-4080000,-376000
2009/02/09,0,775000,-4003000,-3228000
2009/02/10,0,5016000,-6120000,-1104000
2009/02/11,0,6457000,-3702000,2755000
2009/02/12,0,1245000,-5271919,-4026919
2009/02/13,0,2377000,-775000,1602000
2009/02/16,0,1300000,-1426985,-126985
2009/02/17,0,3422000,-2631087,790913
2009/02/18,0,4927000,-1405000,3522000
2009/02/19,0,3510000,-2465000,1045000
2009/02/20,0,1371000,-5239000,-3868000
2009/02/23,0,3394000,-1206000,2188000
2009/02/24,0,1036000,-5415980,-4379980
2009/02/25,0,2197100,-1716570,480530
2009/02/26,0,2750000,-1374460,1375540
2009/02/27,0,5365422,-2456000,2909422
2009/03/02,0,3652000,-5615153,-1963153
2009/03/03,0,2224000,-1581000,643000
2009/03/04,0,3324262,-3004000,320262
2009/03/05,0,4387000,-1960000,2427000
2009/03/06,0,3899000,-1125300,2773700
2009/03/09,0,4847000,-1038000,3809000
2009/03/10,0,4178000,-3309000,869000
2009/03/11,0,14944120,-13074000,1870120
2009/03/12,0,6014000,-4548000,1466000
2009/03/13,0,10452000,-4166000,6286000
2009/03/16,0,4637000,-1323000,3314000
2009/03/17,0,5763000,-1582000,4181000
2009/03/18,0,10010500,-2399000,7611500
2009/03/19,0,1472000,-3225000,-1753000
2009/03/20,0,5116000,-2713056,2402944
2009/03/23,0,9256000,-719000,8537000
2009/03/24,0,4629000,-1712000,2917000
2009/03/25,0,7844000,-5911940,1932060
2009/03/26,0,5774000,-655000,5119000
2009/03/27,0,7961000,-10785000,-2824000
2009/03/30,0,5219523,-4150000,1069523
2009/03/31,0,8330000,-16279695,-7949695
2009/04/01,0,2580000,-5915200,-3335200
2009/04/02,0,9547000,-2984700,6562300
2009/04/03,0,2336000,-2558000,-222000
2009/04/06,0,4311000,-2081000,2230000
2009/04/07,0,3031000,-1155000,1876000
2009/04/08,0,12464000,-8452000,4012000
2009/04/09,0,11388000,-1610679,9777321
2009/04/10,0,7916000,-1797000,6119000
2009/04/13,0,4842000,-1055000,3787000
2009/04/14,0,6276000,-4109000,2167000
2009/04/15,0,7794000,-5799000,1995000
2009/04/16,0,16263000,-12794000,3469000
2009/04/17,0,8882874,-4715000,4167874
2009/04/20,0,6624000,-2353000,4271000
2009/04/21,0,5750000,-4822000,928000
2009/04/22,0,4136000,-5791000,-1655000
2009/04/23,0,3244000,-2382000,862000
2009/04/24,0,2604000,-2831000,-227000
2009/04/27,0,7077987,-2733060,4344927
2009/04/28,0,4633000,-3780000,853000
2009/04/29,0,9193000,-3276469,5916531
2009/04/30,0,18147059,-1694854,16452205
2009/05/01,0,0,0,0
2009/05/04,0,6497000,-2010031,4486969
2009/05/05,0,14654000,-5383000,9271000
2009/05/06,0,8602000,-4208000,4394000
2009/05/07,0,8308000,-8185000,123000
2009/05/08,0,20655000,-19210000,1445000
2009/05/11,0,3945000,-6365700,-2420700
2009/05/12,0,7738000,-3519000,4219000
2009/05/13,0,4720018,-5117000,-396982
2009/05/14,0,15362751,-17043307,-1680556
2009/05/15,0,9891000,-8462000,1429000
2009/05/18,0,4161639,-11133000,-6971361
2009/05/19,0,5974000,-3340000,2634000
2009/05/20,0,4056000,-7704000,-3648000
2009/05/21,0,4417000,-10194000,-5777000
2009/05/22,0,939000,-5893969,-4954969
2009/05/25,0,3923000,-4995528,-1072528
2009/05/26,0,7761000,-4062000,3699000
2009/05/27,0,13722528,-19728347,-6005819
2009/05/28,0,0,0,0
2009/05/29,0,0,0,0
2009/06/01,0,7209000,-9395000,-2186000
2009/06/02,0,13612341,-15493341,-1881000
2009/06/03,0,4193300,-5097754,-904454
2009/06/04,0,1283000,-6547000,-5264000
2009/06/05,0,3248233,-4519000,-1270767
2009/06/08,0,1195000,-2936000,-1741000
2009/06/09,0,5319000,-2530000,2789000
2009/06/10,0,2596000,-1267261,1328739
2009/06/11,0,7480000,-3421000,4059000
2009/06/12,0,5208836,-8632410,-3423574
2009/06/15,0,3101000,-2765000,336000
2009/06/16,0,6258000,-5131740,1126260
2009/06/17,0,2488000,-2884000,-396000
2009/06/18,0,3341000,-3943600,-602600
2009/06/19,0,3044177,-2644000,400177
2009/06/22,0,1343000,-5445000,-4102000
2009/06/23,0,1386200,-6266000,-4879800
2009/06/24,0,7360000,-3092000,4268000
2009/06/25,0,3208000,-7891000,-4683000
2009/06/26,0,973000,-3250000,-2277000
2009/06/29,0,4791000,-6869000,-2078000
2009/06/30,0,3598000,-2594681,1003319
2009/07/01,0,3488000,-3041283,446717
2009/07/02,0,1439000,-1747000,-308000
2009/07/03,0,815152,-2486000,-1670848
2009/07/06,0,1132000,-3285000,-2153000
2009/07/07,0,7825000,-8791830,-966830
2009/07/08,0,1654930,-8000200,-6345270
2009/07/09,0,1928000,-4152000,-2224000
2009/07/10,0,837000,-2654509,-1817509
2009/07/13,0,1830000,-9102000,-7272000
2009/07/14,0,2160000,-4329256,-2169256
2009/07/15,0,2856000,-1933100,922900
2009/07/16,0,1971000,-5198000,-3227000
2009/07/17,0,1749000,-1171213,577787
2009/07/20,0,2563000,-219084,2343916
2009/07/21,0,2821000,-2564201,256799
2009/07/22,0,2382000,-646863,1735137
2009/07/23,0,1993000,-1173650,819350
2009/07/24,0,1170000,-1103740,66260
2009/07/27,0,4249000,-906502,3342498
2009/07/28,0,1997000,-888020,1108980
2009/07/29,0,1648780,-600000,1048780
2009/07/30,0,2844000,-5040000,-2196000
2009/07/31,0,3347000,-8382000,-5035000
2009/08/03,0,2360460,-3204000,-843540
2009/08/04,0,7175000,-9037711,-1862711
2009/08/05,0,4513000,-914378,3598622
2009/08/06,0,5129000,-3738000,1391000
2009/08/07,0,0,0,0
2009/08/10,0,4876454,-6070000,-1193546
2009/08/11,0,5199000,-3229240,1969760
2009/08/12,0,8111000,-3956000,4155000
2009/08/13,0,10333000,-4270000,6063000
2009/08/14,0,16025000,-4141816,11883184
2009/08/17,0,4454000,-3362000,1092000
2009/08/18,0,3263000,-4358170,-1095170
2009/08/19,0,1265000,-1950093,-685093
2009/08/20,0,2640000,-2834475,-194475
2009/08/21,0,6425000,-5040530,1384470
2009/08/24,0,8250000,-689270,7560730
2009/08/25,0,823000,-3065122,-2242122
2009/08/26,0,5199000,-5044195,154805
2009/08/27,0,882000,-3475862,-2593862
2009/08/28,0,2921000,-2072544,848456
2009/08/31,0,1769000,-4109256,-2340256
2009/09/01,0,2087000,-3813309,-1726309
2009/09/02,0,1193790,-3947000,-2753210
2009/09/03,0,1413000,-1848000,-435000
2009/09/04,0,1780000,-3041000,-1261000
2009/09/07,0,1864000,-599030,1264970
2009/09/08,0,5274000,-915540,4358460
2009/09/09,0,2109340,-2904928,-795588
2009/09/10,0,11789000,-467600,11321400
2009/09/11,0,3693000,-769000,2924000
2009/09/14,0,5771000,-3289620,2481380
2009/09/15,0,5436568,-2458600,2977968
2009/09/16,0,8674000,-1248860,7425140
2009/09/17,0,2453000,-1687040,765960
2009/09/18,0,1335100,-3440000,-2104900
2009/09/21,0,331000,-2119420,-1788420
2009/09/22,0,439000,-771785,-332785
2009/09/23,0,1909548,-2158804,-249256
2009/09/24,0,1841000,-9934900,-8093900
2009/09/25,0,1359554,-3859910,-2500356
2009/09/28,0,1775000,-1983000,-208000
2009/09/29,0,4714171,-2627000,2087171
2009/09/30,0,3454000,-3407660,46340
2009/10/01,0,2802000,-1214000,1588000
2009/10/02,0,3898300,-8803969,-4905669
2009/10/05,0,5911364,-4704043,1207321
2009/10/06,0,9404000,-1340000,8064000
2009/10/07,0,2904591,-1577700,1326891
2009/10/08,0,4488000,-3847400,640600
2009/10/09,0,2347000,-759510,1587490
2009/10/12,0,799075,-1677000,-877925
2009/10/13,0,1658710,-4886250,-3227540
2009/10/14,0,4100000,-1957000,2143000
2009/10/15,0,5446000,-3591535,1854465
2009/10/16,0,1876000,-5163000,-3287000
2009/10/19,0,1277000,-1628477,-351477
2009/10/20,0,2760499,-2523000,237499
2009/10/21,0,1784000,-3810220,-2026220
2009/10/22,0,1380170,-8249140,-6868970
2009/10/23,0,1181000,-3694590,-2513590
2009/10/26,0,4188000,-858000,3330000
2009/10/27,0,1815000,-2287300,-472300
2009/10/28,0,1091000,-3461800,-2370800
2009/10/29,0,1109000,-6899020,-5790020
2009/10/30,0,600000,-5339370,-4739370
2009/11/02,0,442000,-2951160,-2509160
2009/11/03,0,286000,-3214000,-2928000
2009/11/04,0,490000,-2504587,-2014587
2009/11/05,0,187000,-2773000,-2586000
2009/11/06,0,2095000,-994000,1101000
2009/11/09,0,2802000,-2050000,752000
2009/11/10,0,2414000,-909000,1505000
2009/11/11,0,3571000,-301000,3270000
2009/11/12,0,2934000,-341000,2593000
2009/11/13,0,2169000,-2276697,-107697
2009/11/16,0,5343000,-2953450,2389550
2009/11/17,0,5216000,-1516000,3700000
2009/11/18,0,3053000,-4528080,-1475080
2009/11/19,0,3184953,-2742620,442333
2009/11/20,0,1780000,-5879270,-4099270
2009/11/23,0,1089000,-4325000,-3236000
2009/11/24,0,3840700,-1935270,1905430
2009/11/25,0,4478000,-59000,4419000
2009/11/26,0,978000,-1457000,-479000
2009/11/27,0,601000,-7950000,-7349000
2009/11/30,0,1026714,-4131064,-3104350
2009/12/01,0,2798000,-3329529,-531529
2009/12/02,0,5863000,-701000,5162000
2009/12/03,0,4088340,-449513,3638827
2009/12/04,0,1475000,-1637940,-162940
2009/12/07,0,1964629,-1303060,661569
2009/12/08,0,1516000,-1003000,513000
2009/12/09,0,2274190,-1254428,1019762
2009/12/10,0,2690000,-5119710,-2429710
2009/12/11,0,3268000,-1642680,1625320
2009/12/14,0,2417000,-946842,1470158
2009/12/15,0,1528000,-1270070,257930
2009/12/16,0,908000,-2193734,-1285734
2009/12/17,0,2025650,-2327360,-301710
2009/12/18,0,606000,-1814000,-1208000
2009/12/21,0,1077000,-1200910,-123910
2009/12/22,0,1152000,-1112000,40000
2009/12/23,0,934000,-134067,799933
2009/12/24,0,3933000,-446400,3486600
2009/12/25,0,1059000,-31000,1028000
2009/12/28,0,3094000,-170560,2923440
2009/12/29,0,927000,-238064,688936
2009/12/30,0,4889000,-2133000,2756000
2009/12/31,0,2267000,-301140,1965860
2010/01/01,0,0,0,0
2010/01/04,0,768000,-1407000,-639000
2010/01/05,0,2387000,-1242350,1144650
2010/01/06,0,3564000,-1554332,2009668
2010/01/07,0,9731000,-2686209,7044791
2010/01/08,0,7649350,-4522870,3126480
2010/01/11,0,1469000,-378000,1091000
2010/01/12,0,1019000,-1348165,-329165
2010/01/13,0,2802000,-1377288,1424712
2010/01/14,0,4073000,-659140,3413860
2010/01/15,0,2642000,-1946000,696000
2010/01/18,0,1766080,-1101080,665000
2010/01/19,0,715000,-2960060,-2245060
2010/01/20,0,2079000,-3243478,-1164478
2010/01/21,0,2263000,-1127960,1135040
2010/01/22,0,1422000,-8326120,-6904120
2010/01/25,0,3497050,-5479578,-1982528
2010/01/26,0,398000,-9110000,-8712000
2010/01/27,0,4259000,-1695110,2563890
2010/01/28,0,4379534,-3763890,615644
2010/01/29,0,5426000,-6826970,-1400970
2010/02/01,0,5929000,-4691020,1237980
2010/02/02,0,9037000,-11118350,-2081350
2010/02/03,0,1720180,-3255000,-1534820
2010/02/04,0,1201000,-5771260,-4570260
2010/02/05,0,1197000,-6628860,-5431860
2010/02/08,0,1182281,-7112316,-5930035
2010/02/09,0,2304000,-6904130,-4600130
2010/02/10,0,418000,-6903000,-6485000
2010/02/11,0,0,0,0
2010/02/12,0,0,0,0
2010/02/15,0,0,0,0
2010/02/16,0,0,0,0
2010/02/17,0,0,0,0
2010/02/18,0,0,0,0
2010/02/19,0,0,0,0
2010/02/22,0,3667000,-870290,2796710
2010/02/23,0,4454000,-1341424,3112576
2010/02/24,0,7916000,-2648000,5268000
2010/02/25,0,9781480,-5032000,4749480
2010/02/26,0,6375000,-1682619,4692381
2010/03/01,0,6380000,-1136000,5244000
2010/03/02,0,5984000,-1832000,4152000
2010/03/03,0,4272000,-935000,3337000
2010/03/04,0,7341000,-3541000,3800000
2010/03/05,0,8257000,-1575240,6681760
2010/03/08,0,3361000,-249210,3111790
2010/03/09,0,2826660,-1547682,1278978
2010/03/10,0,3309401,-1516763,1792638
2010/03/11,0,2577000,-1271670,1305330
2010/03/12,0,4696000,-716000,3980000
2010/03/15,0,4302000,-2336100,1965900
2010/03/16,0,2011001,-1865330,145671
2010/03/17,0,7139000,-3307350,3831650
2010/03/18,0,4523000,-1076000,3447000
2010/03/19,0,6266000,-950000,5316000
2010/03/22,0,363000,-2753210,-2390210
2010/03/23,0,518000,-2039700,-1521700
2010/03/24,0,3668000,-3911000,-243000
2010/03/25,0,1456000,-2433750,-977750
2010/03/26,0,5662000,-2916000,2746000
2010/03/29,0,3408000,-585330,2822670
2010/03/30,0,3165041,-1367000,1798041
2010/03/31,0,3734000,-2822345,911655
2010/04/01,0,7003488,-1106400,5897088
2010/04/02,0,2091000,-1407790,683210
2010/04/05,0,0,0,0
2010/04/06,0,4730500,-3563380,1167120
2010/04/07,0,3550310,-5625300,-2074990
2010/04/08,0,2699000,-9750817,-7051817
2010/04/09,0,2118000,-2104760,13240
2010/04/12,0,2590290,-3455000,-864710
2010/04/13,0,1381000,-2124400,-743400
2010/04/14,0,1858000,-63600,1794400
2010/04/15,0,2045000,-5273534,-3228534
2010/04/16,0,1314160,-3093940,-1779780
2010/04/19,0,1705000,-5960110,-4255110
2010/04/20,0,2171860,-3127319,-955459
2010/04/21,0,3600221,-2170470,1429751
2010/04/22,0,5226000,-5735690,-509690
2010/04/23,0,6101000,-10012370,-3911370
2010/04/26,0,7041000,-658630,6382370
2010/04/27,0,7192113,-4469113,2723000
2010/04/28,0,160000,-3446510,-3286510
2010/04/29,0,221000,-3523000,-3302000
2010/04/30,0,5849000,-1111490,4737510
2010/05/03,0,2562000,-2630000,-68000
2010/05/04,0,2878000,-3820415,-942415
2010/05/05,0,1304000,-7642000,-6338000
2010/05/06,0,5169070,-8359109,-3190039
2010/05/07,0,3428000,-9696790,-6268790
2010/05/10,0,1445830,-2123050,-677220
2010/05/11,0,1528000,-6902000,-5374000
2010/05/12,0,1219000,-3692000,-2473000
2010/05/13,0,3326000,-572900,2753100
2010/05/14,0,6360000,-2108000,4252000
2010/05/17,0,1612000,-3970000,-2358000
2010/05/18,0,3898000,-1333000,2565000
2010/05/19,0,1581003,-5780000,-4198997
2010/05/20,0,736000,-4941000,-4205000
2010/05/21,0,884000,-3838040,-2954040
2010/05/24,0,1574000,-2554000,-980000
2010/05/25,0,3399300,-5682000,-2282700
2010/05/26,0,7316870,-9625860,-2308990
2010/05/27,0,3245464,-9461860,-6216396
2010/05/28,0,2134000,-6787700,-4653700
2010/05/31,0,3850000,-3488000,362000
2010/06/01,0,1666000,-5057000,-3391000
2010/06/02,0,3391000,-8887000,-5496000
2010/06/03,0,4186000,-1614000,2572000
2010/06/04,0,3369000,-2625000,744000
2010/06/07,0,1537533,-5444890,-3907357
2010/06/08,0,1670000,-1358000,312000
2010/06/09,0,363000,-4572000,-4209000
2010/06/10,0,891000,-386000,505000
2010/06/11,0,4187535,-6990830,-2803295
2010/06/14,0,5421535,-1504000,3917535
2010/06/15,0,6771069,-1930040,4841029
2010/06/16,0,0,0,0
2010/06/17,0,14996825,-1976009,13020816
2010/06/18,0,2354646,-2134140,220506
2010/06/21,0,10771608,-4639327,6132281
2010/06/22,0,3972531,-3297910,674621
2010/06/23,0,1340397,-1881794,-541397
2010/06/24,0,1921832,-3448747,-1526915
2010/06/25,0,766000,-4606781,-3840781
2010/06/28,0,1547000,-1059000,488000
2010/06/29,0,4414000,-3541000,873000
2010/06/30,0,5459000,-5067434,391566
2010/07/01,0,1889000,-7005680,-5116680
2010/07/02,0,3165000,-4804960,-1639960
2010/07/05,0,4234265,-5024010,-789745
2010/07/06,0,8719000,-1384000,7335000
2010/07/07,0,7607386,-1925000,5682386
2010/07/08,0,13084000,-794280,12289720
2010/07/09,0,10810000,-3428657,7381343
2010/07/12,0,7997000,-3424440,4572560
2010/07/13,0,4007000,-1770000,2237000
2010/07/14,0,9029341,-3349000,5680341
2010/07/15,0,6324007,-7656000,-1331993
2010/07/16,0,2018240,-4208809,-2190569
2010/07/19,0,2405000,-4397000,-1992000
2010/07/20,0,2985573,-4298847,-1313274
2010/07/21,0,4770000,-1886894,2883106
2010/07/22,0,4897460,-5561000,-663540
2010/07/23,0,6876330,-922000,5954330
2010/07/26,0,2464280,-1298000,1166280
2010/07/27,0,2454246,-3819000,-1364754
2010/07/28,0,2944000,-3816000,-872000
2010/07/29,0,4636000,-2950718,1685282
2010/07/30,0,1970789,-2269960,-299171
2010/08/02,0,7901000,-2143000,5758000
2010/08/03,0,3140000,-1302000,1838000
2010/08/04,0,4419000,-2108820,2310180
2010/08/05,0,4974300,-4036701,937599
2010/08/06,0,4258000,-2954960,1303040
2010/08/09,0,4436000,-3799790,636210
2010/08/10,0,2651000,-769000,1882000
2010/08/11,0,3765000,-1357475,2407525
2010/08/12,0,9356000,-2198000,7158000
2010/08/13,0,8486797,-2579000,5907797
2010/08/16,0,4440000,-1316000,3124000
2010/08/17,0,7539000,-1644000,5895000
2010/08/18,0,5010000,-2502000,2508000
2010/08/19,0,8654000,-335000,8319000
2010/08/20,0,12869000,-10839000,2030000
2010/08/23,0,4377000,-394000,3983000
2010/08/24,0,13842000,-12042000,1800000
2010/08/25,0,3866000,-7220000,-3354000
2010/08/26,0,1809000,-2796700,-987700
2010/08/27,0,1956000,-2194860,-238860
2010/08/30,0,5247471,-1906000,3341471
2010/08/31,0,5715000,-2449227,3265773
2010/09/01,0,4262000,-1243000,3019000
2010/09/02,0,9726000,-751847,8974153
2010/09/03,0,3672000,-1275000,2397000
2010/09/06,0,4184000,-665380,3518620
2010/09/07,0,2652806,-407250,2245556
2010/09/08,0,3806000,-749459,3056541
2010/09/09,0,1943000,-273000,1670000
2010/09/10,0,4868260,-445000,4423260
2010/09/13,0,9734000,-204400,9529600
2010/09/14,0,2603000,-1370000,1233000
2010/09/15,0,3501493,-477000,3024493
2010/09/16,0,1763350,-1627320,136030
2010/09/17,0,6611000,-10225000,-3614000
2010/09/20,0,1220000,-2404110,-1184110
2010/09/21,0,1697000,-186200,1510800
2010/09/22,0,0,0,0
2010/09/23,0,5296887,-180588,5116299
2010/09/24,0,6229820,-1597000,4632820
2010/09/27,0,8425970,-5392940,3033030
2010/09/28,0,3693960,-1336600,2357360
2010/09/29,0,6862000,-3901000,2961000
2010/09/30,0,3324000,-4707000,-1383000
2010/10/01,0,2664960,-809000,1855960
2010/10/04,0,5557950,-1524770,4033180
2010/10/05,0,4922570,-2611209,2311361
2010/10/06,0,4910771,-3955000,955771
2010/10/07,0,2300950,-2180000,120950
2010/10/08,0,5438710,-2563000,2875710
2010/10/11,0,4307340,-1336000,2971340
2010/10/12,0,3619810,-2552000,1067810
2010/10/13,0,9724890,-2297543,7427347
2010/10/14,0,19164270,-1873000,17291270
2010/10/15,0,12519650,-1295000,11224650
2010/10/18,0,5647000,-3135000,2512000
2010/10/19,0,6904360,-8495461,-1591101
2010/10/20,0,6206000,-3671000,2535000
2010/10/21,0,17978000,-5620000,12358000
2010/10/22,0,11007773,-3872000,7135773
2010/10/25,0,16509000,-1670000,14839000
2010/10/26,0,16691000,-3691525,12999475
2010/10/27,0,23209870,-8333000,14876870
2010/10/28,0,13038601,-6665000,6373601
2010/10/29,0,8710000,-3243000,5467000
2010/11/01,0,8243000,-288000,7955000
2010/11/02,0,8074000,-1518000,6556000
2010/11/03,0,10329000,-734000,9595000
2010/11/04,0,10118000,-668000,9450000
2010/11/05,0,10225652,-1481801,8743851
2010/11/08,0,9995000,-2169389,7825611
2010/11/09,0,10960000,-2656070,8303930
2010/11/10,0,8257879,-2540880,5716999
2010/11/11,0,8248000,-1191661,7056339
2010/11/12,0,5419000,-3960400,1458600
2010/11/15,0,5222710,-1787000,3435710
2010/11/16,0,5562000,-2199000,3363000
2010/11/17,0,4479000,-5650000,-1171000
2010/11/18,0,11245000,-4206139,7038861
2010/11/19,0,9125320,-4665000,4460320
2010/11/22,0,3388800,-1679000,1709800
2010/11/23,0,3244190,-2815600,428590
2010/11/24,0,6002000,-3730000,2272000
2010/11/25,0,6480000,-776000,5704000
2010/11/26,0,4984000,-1731710,3252290
2010/11/29,0,2236000,-2425702,-189702
2010/11/30,0,7887433,-7582787,304646
2010/12/01,0,8621000,-1228000,7393000
2010/12/02,0,5560001,-1299149,4260852
2010/12/03,0,3327000,-723000,2604000
2010/12/06,0,7709000,-2757030,4951970
2010/12/07,0,4461450,-1456786,3004664
2010/12/08,0,7429000,-1549000,5880000
2010/12/09,0,7195000,-2960170,4234830
2010/12/10,0,2045000,-645400,1399600
2010/12/13,0,776000,-1410000,-634000
2010/12/14,0,4284000,-2986656,1297344
2010/12/15,0,10906000,-2347400,8558600
2010/12/16,0,4597000,-2944220,1652780
2010/12/17,0,9342842,-3040000,6302842
2010/12/20,0,5757870,-2836000,2921870
2010/12/21,0,4151000,-1262370,2888630
2010/12/22,0,1813000,-1452706,360294
2010/12/23,0,2056000,-1297620,758380
2010/12/24,0,1354000,-390000,964000
2010/12/27,0,2034000,-383000,1651000
2010/12/28,0,2856000,-459000,2397000
2010/12/29,0,3819660,-837600,2982060
2010/12/30,0,6668000,-2953000,3715000
2010/12/31,0,4079000,-686030,3392970
2011/01/03,0,4143000,-536000,3607000
2011/01/04,0,5480000,-2414347,3065653
2011/01/05,0,7869473,-3086300,4783173
2011/01/06,0,6393000,-3306000,3087000
2011/01/07,0,4181000,-7829000,-3648000
2011/01/10,0,4233000,-5028000,-795000
2011/01/11,0,5507000,-5188380,318620
2011/01/12,0,2678000,-2733000,-55000
2011/01/13,0,4314917,-1432910,2882007
2011/01/14,0,2451000,-1880000,571000
2011/01/17,0,1937992,-1384000,553992
2011/01/18,0,4022000,-1135190,2886810
2011/01/19,0,5747000,-803000,4944000
2011/01/20,0,1544000,-679000,865000
2011/01/21,0,2290000,-2335000,-45000
2011/01/24,0,1176000,-1865000,-689000
2011/01/25,0,4502000,-1256000,3246000
2011/01/26,0,1575000,-839240,735760
2011/01/27,0,7902000,-1015930,6886070
2011/01/28,0,22581150,-3445070,19136080
2011/01/31,0,0,0,0
2011/02/01,0,0,0,0
2011/02/02,0,0,0,0
2011/02/03,0,0,0,0
2011/02/04,0,0,0,0
2011/02/07,0,0,0,0
2011/02/08,0,19688800,-9167040,10521760
2011/02/09,0,13554000,-5545515,8008485
2011/02/10,0,24577000,-9970530,14606470
2011/02/11,0,19304000,-7548499,11755501
2011/02/14,0,7826000,-8382560,-556560
2011/02/15,0,10604000,-4574606,6029394
2011/02/16,0,7320000,-6684943,635057
2011/02/17,0,7567000,-6391800,1175200
2011/02/18,0,10856000,-2477000,8379000
2011/02/21,0,5682000,-2006250,3675750
2011/02/22,0,6095000,-9824500,-3729500
2011/02/23,0,5259691,-5670260,-410569
2011/02/24,0,4940292,-6535000,-1594708
2011/02/25,0,6452840,-7391422,-938582
2011/02/28,0,0,0,0
2011/03/01,0,2390000,-3240000,-850000
2011/03/02,0,1145392,-6745017,-5599625
2011/03/03,0,3890000,-4217827,-327827
2011/03/04,0,3728000,-2286600,1441400
2011/03/07,0,2032000,-1298000,734000
2011/03/08,0,2696000,-4677000,-1981000
2011/03/09,0,2702399,-5515158,-2812759
2011/03/10,0,846000,-4622144,-3776144
2011/03/11,0,1037000,-3024048,-1987048
2011/03/14,0,4372000,-2662000,1710000
2011/03/15,0,4040000,-5510430,-1470430
2011/03/16,0,3986000,-2837850,1148150
2011/03/17,0,3372000,-2247150,1124850
2011/03/18,0,4701000,-5650993,-949993
2011/03/21,0,2243000,-3513000,-1270000
2011/03/22,0,4131000,-2487415,1643585
2011/03/23,0,5227000,-5864000,-637000
2011/03/24,0,2303000,-1786000,517000
2011/03/25,0,3649000,-4432000,-783000
2011/03/28,0,3914000,-3366900,547100
2011/03/29,0,8420800,-781860,7638940
2011/03/30,0,16213200,-1012189,15201011
2011/03/31,0,6607964,-3769084,2838880
2011/04/01,0,2858666,-255000,2603666
2011/04/04,0,0,0,0
2011/04/05,0,0,0,0
2011/04/06,0,9298174,-1814420,7483754
2011/04/07,0,7835510,-4213101,3622409
2011/04/08,0,4688590,-1309340,3379250
2011/04/11,0,3077933,-2046000,1031933
2011/04/12,0,7145010,-2191730,4953280
2011/04/13,0,9003000,-1180302,7822698
2011/04/14,0,5928000,-4222300,1705700
2011/04/15,0,5012000,-4563600,448400
2011/04/18,0,5231000,-3136695,2094305
2011/04/19,0,2705838,-4731000,-2025162
2011/04/20,0,3285000,-791571,2493429
2011/04/21,0,11094000,-3382002,7711998
2011/04/22,0,2049000,-419000,1630000
2011/04/25,0,2985000,-322000,2663000
2011/04/26,0,2950000,-956240,1993760
2011/04/27,0,8157000,-751733,7405267
2011/04/28,0,3824383,-2217000,1607383
2011/04/29,0,7666739,-2819961,4846778
2011/05/02,0,0,0,0
2011/05/03,0,2305100,-1802000,503100
2011/05/04,0,1612115,-3549529,-1937414
2011/05/05,0,829000,-1289070,-460070
2011/05/06,0,2572216,-2360000,212216
2011/05/09,0,6429000,-3995000,2434000
2011/05/10,0,2040000,-2228360,-188360
2011/05/11,0,5031000,-1449000,3582000
2011/05/12,0,1698000,-2367000,-669000
2011/05/13,0,2594000,-2853000,-259000
2011/05/16,0,1951000,-2319200,-368200
2011/05/17,0,2556500,-2987200,-430700
2011/05/18,0,1742000,-1458000,284000
2011/05/19,0,3795000,-2558000,1237000
2011/05/20,0,1769000,-2362610,-593610
2011/05/23,0,2742000,-4275000,-1533000
2011/05/24,0,1900000,-3855373,-1955373
2011/05/25,0,1346838,-3423263,-2076425
2011/05/26,0,1301000,-1972633,-671633
2011/05/27,0,4321000,-2174400,2146600
2011/05/30,0,2871000,-9117607,-6246607
2011/05/31,0,13006000,-8066719,4939281
2011/06/01,0,7089522,-2005135,5084387
2011/06/02,0,7282000,-4091693,3190307
2011/06/03,0,5715000,-1107000,4608000
2011/06/06,0,0,0,0
2011/06/07,0,2648897,-1891036,757861
2011/06/08,0,5014000,-3676000,1338000
2011/06/09,0,3885000,-5512015,-1627015
2011/06/10,0,2298376,-6626000,-4327624
2011/06/13,0,2078000,-8619096,-6541096
2011/06/14,0,3869000,-6975000,-3106000
2011/06/15,0,10427000,-8438444,1988556
2011/06/16,0,3759090,-4172302,-413212
2011/06/17,0,9410000,-8752774,657226
2011/06/20,0,2387000,-6545066,-4158066
2011/06/21,0,5804820,-6244692,-439872
2011/06/22,0,7878000,-5707660,2170340
2011/06/23,0,6464585,-12317633,-5853048
2011/06/24,0,5722000,-11281295,-5559295
2011/06/27,0,5598000,-11606289,-6008289
2011/06/28,0,10078000,-6757617,3320383
2011/06/29,0,4611000,-6483303,-1872303
2011/06/30,0,11881000,-5468000,6413000
2011/07/01,0,2379866,-1622000,757866
2011/07/04,0,4057213,-4331513,-274300
2011/07/05,0,6552688,-5843193,709495
2011/07/06,0,3749327,-2378201,1371126
2011/07/07,0,3958972,-5540400,-1581428
2011/07/08,0,6544411,-5340560,1203851
2011/07/11,0,4197985,-3065700,1132285
2011/07/12,0,4386982,-5597600,-1210618
2011/07/13,0,1617593,-4392842,-2775249
2011/07/14,0,6426797,-2986000,3440797
2011/07/15,0,4148935,-2316146,1832789
2011/07/18,0,3992685,-3453600,539085
2011/07/19,0,2281000,-1644400,636600
2011/07/20,0,2944563,-1291957,1652606
2011/07/21,0,3769729,-954000,2815729
2011/07/22,0,6085285,-404000,5681285
2011/07/25,0,2518685,-1754000,764685
2011/07/26,0,4718313,-1673000,3045313
2011/07/27,0,3433566,-7098330,-3664764
2011/07/28,0,4376526,-4080012,296514
2011/07/29,0,2227841,-2629516,-401675
2011/08/01,0,3412772,-215400,3197372
2011/08/02,0,9739579,-11122000,-1382421
2011/08/03,0,7256291,-12079414,-4823123
2011/08/04,0,5686849,-8683000,-2996151
2011/08/05,0,2835417,-10889868,-8054451
2011/08/08,0,3052920,-13105495,-10052575
2011/08/09,0,9727226,-10724128,-996902
2011/08/10,0,7771000,-13925490,-6154490
2011/08/11,0,4199000,-7345000,-3146000
2011/08/12,0,2934000,-8543739,-5609739
2011/08/15,0,3167333,-2748001,419332
2011/08/16,0,2073000,-3433900,-1360900
2011/08/17,0,2513497,-2615069,-101572
2011/08/18,0,4281537,-8011000,-3729463
2011/08/19,0,2735439,-5900000,-3164561
2011/08/22,0,3153859,-4576000,-1422141
2011/08/23,0,4033000,-2163897,1869103
2011/08/24,0,3041310,-6384308,-3342998
2011/08/25,0,3631556,-3039976,591580
2011/08/26,0,2187696,-4810111,-2622415
2011/08/29,0,4126000,-4860784,-734784
2011/08/30,0,1457681,-4627000,-3169319
2011/08/31,0,2660615,-2602000,58615
2011/09/01,0,8455952,-7406629,1049323
2011/09/02,0,3613056,-4049000,-435944
2011/09/05,0,1428000,-6923310,-5495310
2011/09/06,0,2333383,-5797259,-3463876
2011/09/07,0,1871427,-5355500,-3484073
2011/09/08,0,3639852,-14930000,-11290148
2011/09/09,0,4364000,-6430000,-2066000
2011/09/12,0,0,0,0
2011/09/13,0,1628813,-9286000,-7657187
2011/09/14,0,6944983,-11904606,-4959623
2011/09/15,0,4409000,-11878060,-7469060
2011/09/16,0,6134000,-8245000,-2111000
2011/09/19,0,793380,-2766430,-1973050
2011/09/20,0,3215823,-6072000,-2856177
2011/09/21,0,2397158,-3355000,-957842
2011/09/22,0,5868918,-13204429,-7335511
2011/09/23,0,7355660,-13744130,-6388470
2011/09/26,0,4689603,-6250950,-1561347
2011/09/27,0,3889180,-3594064,295116
2011/09/28,0,4007108,-6745000,-2737892
2011/09/29,0,5782525,-5579000,203525
2011/09/30,0,4264000,-6295000,-2031000
2011/10/03,0,529699,-7401500,-6871801
2011/10/04,0,4014000,-8576473,-4562473
2011/10/05,0,2300000,-7022077,-4722077
2011/10/06,0,6590000,-3436950,3153050
2011/10/07,0,7647000,-4091000,3556000
2011/10/10,0,0,0,0
2011/10/11,0,8319000,-2509000,5810000
2011/10/12,0,2890115,-1514623,1375492
2011/10/13,0,3065131,-1850000,1215131
2011/10/14,0,2083937,-4296800,-2212863
2011/10/17,0,3229599,-3455680,-226081
2011/10/18,0,1482052,-3872500,-2390448
2011/10/19,0,1617095,-2903000,-1285905
2011/10/20,0,2722473,-3522900,-800427
2011/10/21,0,7373155,-4716000,2657155
2011/10/24,0,8656853,-2337080,6319773
2011/10/25,0,4489557,-2496000,1993557
2011/10/26,0,2899000,-2460000,439000
2011/10/27,0,1717500,-1615000,102500
2011/10/28,0,6831000,-3397900,3433100
2011/10/31,0,3023000,-2770000,253000
2011/11/01,0,5966000,-6935800,-969800
2011/11/02,0,4878000,-6631000,-1753000
2011/11/03,0,2093000,-6739000,-4646000
2011/11/04,0,4104000,-6854799,-2750799
2011/11/07,0,4644425,-5403425,-759000
2011/11/08,0,1079573,-4910000,-3830427
2011/11/09,0,1466143,-2895000,-1428857
2011/11/10,0,513143,-2104000,-1590857
2011/11/11,0,838000,-3651000,-2813000
2011/11/14,0,4824000,-2893770,1930230
2011/11/15,0,1653000,-4021000,-2368000
2011/11/16,0,2337000,-4469000,-2132000
2011/11/17,0,605566,-2065834,-1460268
2011/11/18,0,4523000,-15963150,-11440150
2011/11/21,0,7804275,-17995398,-10191123
2011/11/22,0,1786000,-7908000,-6122000
2011/11/23,0,1187000,-6004000,-4817000
2011/11/24,0,3908000,-3991000,-83000
2011/11/25,0,3181000,-9109000,-5928000
2011/11/28,0,3096688,-3749000,-652312
2011/11/29,0,1591000,-2599086,-1008086
2011/11/30,0,8295568,-10209051,-1913483
2011/12/01,0,8420000,-6087585,2332415
2011/12/02,0,6807000,-4645000,2162000
2011/12/05,0,5367000,-1353134,4013866
2011/12/06,0,5808000,-6111650,-303650
2011/12/07,0,8662000,-3738000,4924000
2011/12/08,0,4427000,-5365000,-938000
2011/12/09,0,3717842,-3022000,695842
2011/12/12,0,3656000,-1952000,1704000
2011/12/13,0,3747000,-4723000,-976000
2011/12/14,0,2492000,-1460200,1031800
2011/12/15,0,1980000,-4240224,-2260224
2011/12/16,0,732000,-960869,-228869
2011/12/19,0,2085200,-3990000,-1904800
2011/12/20,0,2396000,-7605200,-5209200
2011/12/21,0,4145000,-3554800,590200
2011/12/22,0,2821000,-1866000,955000
2011/12/23,0,4562630,-2665000,1897630
2011/12/26,0,738000,-3308000,-2570000
2011/12/27,0,1813000,-1206000,607000
2011/12/28,0,3151000,-936000,2215000
2011/12/29,0,2456000,-1575000,881000
2011/12/30,0,2986000,-1166580,1819420
2012/01/02,0,1302200,-1205000,97200
2012/01/03,0,3950000,-2525000,1425000
2012/01/04,0,2468000,-13026400,-10558400
2012/01/05,0,4437000,-7418000,-2981000
2012/01/06,0,3259357,-2903000,356357
2012/01/09,0,1903000,-3799280,-1896280
2012/01/10,0,4046000,-3242000,804000
2012/01/11,0,2999000,-9761000,-6762000
2012/01/12,0,3565000,-3469000,96000
2012/01/13,0,6766000,-7490000,-724000
2012/01/16,0,2444000,-3530000,-1086000
2012/01/17,0,3078000,-3609000,-531000
2012/01/18,0,3434000,-3611000,-177000
2012/01/19,0,0,0,0
2012/01/20,0,0,0,0
2012/01/23,0,0,0,0
2012/01/24,0,0,0,0
2012/01/25,0,0,0,0
2012/01/26,0,0,0,0
2012/01/27,0,0,0,0
2012/01/30,0,13620487,-6642000,6978487
2012/01/31,0,6513644,-5924000,589644
2012/02/01,0,1721000,-6879428,-5158428
2012/02/02,0,5948000,-5087000,861000
2012/02/03,0,5011773,-4362837,648936
2012/02/06,0,5577000,-4784000,793000
2012/02/07,0,4937735,-7980070,-3042335
2012/02/08,0,3526189,-2302500,1223689
2012/02/09,0,6075000,-1806064,4268936
2012/02/10,0,3886000,-5432000,-1546000
2012/02/13,0,4499000,-313823,4185177
2012/02/14,0,4390923,-1758400,2632523
2012/02/15,0,4527000,-2398735,2128265
2012/02/16,0,4277000,-7321830,-3044830
2012/02/17,0,14432000,-9291178,5140822
2012/02/20,0,16428000,-5164000,11264000
2012/02/21,0,10670145,-6258000,4412145
2012/02/22,0,3671000,-3540000,131000
2012/02/23,0,3614943,-4489425,-874482
2012/02/24,0,3903094,-2829000,1074094
2012/02/27,0,0,0,0
2012/02/28,0,0,0,0
2012/02/29,0,9320401,-3279230,6041171
2012/03/01,0,2762620,-4341141,-1578521
2012/03/02,0,4106221,-1501000,2605221
2012/03/05,0,2175000,-2232000,-57000
2012/03/06,0,4045000,-2711000,1334000
2012/03/07,0,3213000,-5324220,-2111220
2012/03/08,0,3130000,-4758000,-1628000
2012/03/09,0,2561000,-4324000,-1763000
2012/03/12,0,928000,-994000,-66000
2012/03/13,0,4436000,-1409000,3027000
2012/03/14,0,3841500,-506707,3334793
2012/03/15,0,1575142,-1522000,53142
2012/03/16,0,3552000,-3885290,-333290
2012/03/19,0,6246000,-5365000,881000
2012/03/20,0,3500000,-1944600,1555400
2012/03/21,0,6134250,-8645250,-2511000
2012/03/22,0,6276000,-4551000,1725000
2012/03/23,0,1999100,-4081000,-2081900
2012/03/26,0,3266228,-10335070,-7068842
2012/03/27,0,2594000,-4260200,-1666200
2012/03/28,0,4015000,-3970906,44094
2012/03/29,0,3151000,-4703000,-1552000
2012/03/30,0,5432142,-6731000,-1298858
2012/04/02,0,1883000,-3877378,-1994378
2012/04/03,0,4606460,-2788000,1818460
2012/04/04,0,0,0,0
2012/04/05,0,1249000,-9633535,-8384535
2012/04/06,0,279062,-4939000,-4659938
2012/04/09,0,2444000,-5718000,-3274000
2012/04/10,0,1903000,-2489070,-586070
2012/04/11,0,643000,-3024600,-2381600
2012/04/12,0,1285000,-4571000,-3286000
2012/04/13,0,3017850,-4171803,-1153953
2012/04/16,0,1249000,-4866143,-3617143
2012/04/17,0,2231000,-5775794,-3544794
2012/04/18,0,2578730,-3264000,-685270
2012/04/19,0,1127000,-2238000,-1111000
2012/04/20,0,603000,-2997150,-2394150
2012/04/23,0,1818136,-4048000,-2229864
2012/04/24,0,5238000,-18848000,-13610000
2012/04/25,0,3261000,-3796000,-535000
2012/04/26,0,2839000,-6078107,-3239107
2012/04/27,0,3788672,-6733344,-2944672
2012/04/30,0,2983000,-6416196,-3433196
2012/05/01,0,0,0,0
2012/05/02,0,3280000,-8361211,-5081211
2012/05/03,0,2753000,-2953000,-200000
2012/05/04,0,3711000,-8193000,-4482000
2012/05/07,0,4469000,-13536878,-9067878
2012/05/08,0,1991000,-14339750,-12348750
2012/05/09,0,1098000,-7516000,-6418000
2012/05/10,0,3853375,-7324658,-3471283
2012/05/11,0,913377,-6843092,-5929715
2012/05/14,0,394000,-2664000,-2270000
2012/05/15,0,2647000,-5379173,-2732173
2012/05/16,0,1507571,-5583881,-4076310
2012/05/17,0,3400000,-5829000,-2429000
2012/05/18,0,2088000,-6097610,-4009610
2012/05/21,0,3298645,-2750000,548645
2012/05/22,0,1418000,-2490001,-1072001
2012/05/23,0,1895439,-3109000,-1213561
2012/05/24,0,1653000,-4043482,-2390482
2012/05/25,0,1892000,-2561189,-669189
2012/05/28,0,2847000,-2672000,175000
2012/05/29,0,3501000,-3001000,500000
2012/05/30,0,8046000,-12235561,-4189561
2012/05/31,0,6168749,-9529026,-3360277
2012/06/01,0,1756000,-4349303,-2593303
2012/06/04,0,4031444,-2988000,1043444
2012/06/05,0,1901000,-3246000,-1345000
2012/06/06,0,2347000,-2316000,31000
2012/06/07,0,2288388,-3701000,-1412612
2012/06/08,0,2080248,-6160329,-4080081
2012/06/11,0,3329736,-1685000,1644736
2012/06/12,0,1890000,-3162000,-1272000
2012/06/13,0,3744101,-5253000,-1508899
2012/06/14,0,3382950,-6587869,-3204919
2012/06/15,0,15627000,-10387720,5239280
2012/06/18,0,3129616,-3999548,-869932
2012/06/19,0,6160174,-5694000,466174
2012/06/20,0,5221989,-2700500,2521489
2012/06/21,0,1846798,-1723000,123798
2012/06/22,0,874317,-5779000,-4904683
2012/06/25,0,577000,-5372000,-4795000
2012/06/26,0,1524000,-3055000,-1531000
2012/06/27,0,2033000,-982000,1051000
2012/06/28,0,3800000,-2911000,889000
2012/06/29,0,6355000,-2016000,4339000
2012/07/02,0,1764000,-1887000,-123000
2012/07/03,0,6104571,-5336000,768571
2012/07/04,0,2606567,-733000,1873567
2012/07/05,0,4410000,-3532000,878000
2012/07/06,0,5872000,-1706000,4166000
2012/07/09,0,4906000,-4406000,500000
2012/07/10,0,4144000,-2357400,1786600
2012/07/11,0,2450000,-3198000,-748000
2012/07/12,0,3074000,-6741185,-3667185
2012/07/13,0,2428303,-4545092,-2116789
2012/07/16,0,1827000,-1152001,674999
2012/07/17,0,6153600,-1827000,4326600
2012/07/18,0,3644000,-6601571,-2957571
2012/07/19,0,2490000,-2262571,227429
2012/07/20,0,2246000,-1284023,961977
2012/07/23,0,1431000,-2902000,-1471000
2012/07/24,0,2393000,-3473571,-1080571
2012/07/25,0,1369000,-5232920,-3863920
2012/07/26,0,2420000,-3715929,-1295929
2012/07/27,0,4948000,-572000,4376000
2012/07/30,0,2795273,-1305000,1490273
2012/07/31,0,8051290,-3645786,4405504
2012/08/01,0,3620000,-4877260,-1257260
2012/08/02,0,0,0,0
2012/08/03,0,2879381,-4867571,-1988190
2012/08/06,0,11575000,-808000,10767000
2012/08/07,0,8134330,-1317565,6816765
2012/08/08,0,4011402,-671391,3340011
2012/08/09,0,7625000,-3059000,4566000
2012/08/10,0,3498000,-1328000,2170000
2012/08/13,0,2412000,-498000,1914000
2012/08/14,0,4816000,-1094000,3722000
2012/08/15,0,3293976,-1836920,1457056
2012/08/16,0,2836000,-2618000,218000
2012/08/17,0,1513000,-1651000,-138000
2012/08/20,0,1076000,-170000,906000
2012/08/21,0,5112536,-577933,4534603
2012/08/22,0,1098957,-815000,283957
2012/08/23,0,1341195,-1627370,-286175
2012/08/24,0,915000,-1835352,-920352
2012/08/27,0,1524000,-1197000,327000
2012/08/28,0,1811646,-605000,1206646
2012/08/29,0,2053000,-2125000,-72000
2012/08/30,0,3795000,-6637493,-2842493
2012/08/31,0,900416,-1123251,-222835
2012/09/03,0,505000,-1941000,-1436000
2012/09/04,0,413000,-2615926,-2202926
2012/09/05,0,806000,-6026000,-5220000
2012/09/06,0,1149000,-3654250,-2505250
2012/09/07,0,2879500,-396947,2482553
2012/09/10,0,2889500,-1193000,1696500
2012/09/11,0,1785000,-2051000,-266000
2012/09/12,0,2852000,-3481000,-629000
2012/09/13,0,1919000,-784000,1135000
2012/09/14,0,5441927,-2937000,2504927
2012/09/17,0,3884000,-1841000,2043000
2012/09/18,0,2747000,-1479000,1268000
2012/09/19,0,4864000,-1296700,3567300
2012/09/20,0,2279165,-2220000,59165
2012/09/21,0,3737000,-3485844,251156
2012/09/24,0,1452000,-486000,966000
2012/09/25,0,3489000,-1273000,2216000
2012/09/26,0,1993000,-1463000,530000
2012/09/27,0,3026000,-2156542,869458
2012/09/28,0,4911200,-2837261,2073939
2012/10/01,0,1195000,-945000,250000
2012/10/02,0,2493000,-2528000,-35000
2012/10/03,0,1152000,-2402462,-1250462
2012/10/04,0,2203000,-6367000,-4164000
2012/10/05,0,1930000,-5508000,-3578000
2012/10/08,0,2195772,-2438872,-243100
2012/10/09,0,3775000,-3495000,280000
2012/10/10,0,0,0,0
2012/10/11,0,1215000,-10989960,-9774960
2012/10/12,0,1270000,-5072000,-3802000
2012/10/15,0,1072000,-3135000,-2063000
2012/10/16,0,2025000,-5750000,-3725000
2012/10/17,0,4210000,-9954506,-5744506
2012/10/18,0,1380000,-3927000,-2547000
2012/10/19,0,1676000,-7808000,-6132000
2012/10/22,0,1651000,-10427539,-8776539
2012/10/23,0,1462350,-1920269,-457919
2012/10/24,0,527000,-2386948,-1859948
2012/10/25,0,600000,-1540000,-940000
2012/10/26,0,1195000,-2716000,-1521000
2012/10/29,0,1013300,-1754000,-740700
2012/10/30,0,1392679,-4244000,-2851321
2012/10/31,0,1898000,-2633000,-735000
2012/11/01,0,1398000,-6100000,-4702000
2012/11/02,0,2930000,-5260000,-2330000
2012/11/05,0,2014000,-3844560,-1830560
2012/11/06,0,2604000,-2126000,478000
2012/11/07,0,2475000,-3302804,-827804
2012/11/08,0,1744000,-4767000,-3023000
2012/11/09,0,1872700,-4431000,-2558300
2012/11/12,0,2397000,-4481990,-2084990
2012/11/13,0,1540000,-6065000,-4525000
2012/11/14,0,3779000,-9928620,-6149620
2012/11/15,0,1946000,-14631110,-12685110
2012/11/16,0,8630000,-19320784,-10690784
2012/11/19,0,4297000,-1687943,2609057
2012/11/20,0,6776000,-2621000,4155000
2012/11/21,0,1690000,-3322161,-1632161
2012/11/22,0,2314000,-4927828,-2613828
2012/11/23,0,5913000,-2725000,3188000
2012/11/26,0,2887000,-2097500,789500
2012/11/27,0,4588000,-1120000,3468000
2012/11/28,0,2806600,-3026296,-219696
2012/11/29,0,8771000,-2868000,5903000
2012/11/30,0,8892000,-4905465,3986535
2012/12/03,0,2501000,-3036130,-535130
2012/12/04,0,4764014,-6975558,-2211544
2012/12/05,0,2915000,-3929000,-1014000
2012/12/06,0,2876000,-1737223,1138777
2012/12/07,0,2185000,-156000,2029000
2012/12/10,0,3548000,-1130244,2417756
2012/12/11,0,4785159,-1980000,2805159
2012/12/12,0,5352000,-1513000,3839000
2012/12/13,0,4309228,-1241538,3067690
2012/12/14,0,4246278,-1353379,2892899
2012/12/17,0,3297000,-2148000,1149000
2012/12/18,0,2851000,-2755000,96000
2012/12/19,0,3124000,-2273000,851000
2012/12/20,0,3098000,-2737923,360077
2012/12/21,0,2638000,-2349697,288303
2012/12/24,0,915000,-393000,522000
2012/12/25,0,2065000,-171000,1894000
2012/12/26,0,1537143,-523000,1014143
2012/12/27,0,2423134,-1723206,699928
2012/12/28,0,4180000,-1016000,3164000
2012/12/31,0,0,0,0
2013/01/01,0,0,0,0
2013/01/02,0,2830000,-685000,2145000
2013/01/03,0,3537000,-920000,2617000
2013/01/04,0,6083000,-1360000,4723000
2013/01/07,0,3179000,-2732443,446557
2013/01/08,0,2021000,-1191000,830000
2013/01/09,0,2140426,-1050000,1090426
2013/01/10,0,9851000,-4753000,5098000
2013/01/11,0,1750000,-1347000,403000
2013/01/14,0,2079000,-2929000,-850000
2013/01/15,0,3617129,-2172000,1445129
2013/01/16,0,2823560,-3661645,-838085
2013/01/17,0,2586700,-1729000,857700
2013/01/18,0,2951000,-1272461,1678539
2013/01/21,0,1489000,-1375045,113955
2013/01/22,0,1816000,-910960,905040
2013/01/23,0,1657000,-899936,757064
2013/01/24,0,1893000,-2375000,-482000
2013/01/25,0,4746000,-4208000,538000
2013/01/28,0,1639000,-630000,1009000
2013/01/29,0,2432500,-1857000,575500
2013/01/30,0,4172190,-2011000,2161190
2013/01/31,0,5264824,-3323300,1941524
2013/02/01,0,3073000,-1617000,1456000
2013/02/04,0,3125000,-1885000,1240000
2013/02/05,0,3701567,-2031000,1670567
2013/02/06,0,4370000,-4539000,-169000
2013/02/07,0,0,0,0
2013/02/08,0,0,0,0
2013/02/11,0,0,0,0
2013/02/12,0,0,0,0
2013/02/13,0,0,0,0
2013/02/14,0,0,0,0
2013/02/15,0,0,0,0
2013/02/18,0,7755000,-7025996,729004
2013/02/19,0,1522031,-1877473,-355442
2013/02/20,0,7103048,-8241780,-1138732
2013/02/21,0,4354000,-5793000,-1439000
2013/02/22,0,1693000,-4698375,-3005375
2013/02/25,0,2446000,-3969604,-1523604
2013/02/26,0,4999000,-8965456,-3966456
2013/02/27,0,3288000,-8803734,-5515734
2013/02/28,0,0,0,0
2013/03/01,0,4756000,-4324000,432000
2013/03/04,0,2650000,-10141000,-7491000
2013/03/05,0,1941000,-4415000,-2474000
2013/03/06,0,2603000,-4147330,-1544330
2013/03/07,0,849000,-1240118,-391118
2013/03/08,0,6482700,-6984000,-501300
2013/03/11,0,4136000,-5262000,-1126000
2013/03/12,0,1316000,-1709220,-393220
2013/03/13,0,1235000,-7086000,-5851000
2013/03/14,0,1443000,-7027444,-5584444
2013/03/15,0,16388000,-17400276,-1012276
2013/03/18,0,704000,-4189500,-3485500
2013/03/19,0,1810000,-4490665,-2680665
2013/03/20,0,604000,-5667977,-5063977
2013/03/21,0,774625,-3978000,-3203375
2013/03/22,0,2648986,-3887340,-1238354
2013/03/25,0,1254000,-1887097,-633097
2013/03/26,0,1708921,-4592903,-2883982
2013/03/27,0,1795000,-2400700,-605700
2013/03/28,0,1887207,-4595350,-2708143
2013/03/29,0,1769000,-458000,1311000
2013/04/01,0,373080,-715000,-341920
2013/04/02,0,2351935,-3922000,-1570065
2013/04/03,0,665000,-1886410,-1221410
2013/04/04,0,0,0,0
2013/04/05,0,0,0,0
2013/04/08,0,4181384,-7485751,-3304367
2013/04/09,0,1177087,-4156470,-2979383
2013/04/10,0,2547700,-9171700,-6624000
2013/04/11,0,1711259,-3584000,-1872741
2013/04/12,0,996000,-2248804,-1252804
2013/04/15,0,1086650,-1791800,-705150
2013/04/16,0,1205302,-4321676,-3116374
2013/04/17,0,2788400,-8074600,-5286200
2013/04/18,0,1084000,-4501100,-3417100
2013/04/19,0,1558000,-3070100,-1512100
2013/04/22,0,1279569,-1773300,-493731
2013/04/23,0,1104000,-1845430,-741430
2013/04/24,0,4223000,-3568605,654395
2013/04/25,0,5802874,-4517000,1285874
2013/04/26,0,7214100,-6141600,1072500
2013/04/29,0,2270000,-2619000,-349000
2013/04/30,0,5083331,-5916856,-833525
2013/05/01,0,0,0,0
2013/05/02,0,6360453,-6417272,-56819
2013/05/03,0,1028000,-3368000,-2340000
2013/05/06,0,2235000,-3095111,-860111
2013/05/07,0,2129218,-2414118,-284900
2013/05/08,0,5118663,-3784700,1333963
2013/05/09,0,5302149,-3262304,2039845
2013/05/10,0,4474000,-1630160,2843840
2013/05/13,0,756000,-827330,-71330
2013/05/14,0,3097000,-2188432,908568
2013/05/15,0,3495000,-1844950,1650050
2013/05/16,0,2826000,-4399000,-1573000
2013/05/17,0,1252000,-1031000,221000
2013/05/20,0,2887000,-1655000,1232000
2013/05/21,0,2320000,-1402147,917853
2013/05/22,0,2727000,-2684940,42060
2013/05/23,0,2460000,-6217060,-3757060
2013/05/24,0,1189934,-9296465,-8106531
2013/05/27,0,1162016,-3586531,-2424515
2013/05/28,0,2314000,-2084000,230000
2013/05/29,0,1977910,-2746563,-768653
2013/05/30,0,896000,-7700000,-6804000
2013/05/31,0,4806000,-8142035,-3336035
2013/06/03,0,1056000,-4013000,-2957000
2013/06/04,0,1821706,-6293026,-4471320
2013/06/05,0,1018000,-4151144,-3133144
2013/06/06,0,902076,-5126800,-4224724
2013/06/07,0,621000,-4629673,-4008673
2013/06/10,0,1223000,-3668000,-2445000
2013/06/11,0,1252309,-7870000,-6617691
2013/06/12,0,0,0,0
2013/06/13,0,1301000,-11008813,-9707813
2013/06/14,0,1441000,-7244000,-5803000
2013/06/17,0,910000,-3224481,-2314481
2013/06/18,0,1001975,-5510886,-4508911
2013/06/19,0,1436000,-3478676,-2042676
2013/06/20,0,1054000,-5620848,-4566848
2013/06/21,0,15112526,-21454493,-6341967
2013/06/24,0,2465000,-5848976,-3383976
2013/06/25,0,3266000,-2910211,355789
2013/06/26,0,4560577,-5811750,-1251173
2013/06/27,0,3833423,-2216000,1617423
2013/06/28,0,5813000,-4311042,1501958
2013/07/01,0,2584000,-1948400,635600
2013/07/02,0,2926027,-4073986,-1147959
2013/07/03,0,1712099,-1680600,31499
2013/07/04,0,1470521,-231000,1239521
2013/07/05,0,2423000,-519000,1904000
2013/07/08,0,3663000,-4661874,-998874
2013/07/09,0,4794000,-5753000,-959000
2013/07/10,0,5217000,-1617000,3600000
2013/07/11,0,9337080,-675500,8661580
2013/07/12,0,5300000,-647000,4653000
2013/07/15,0,6546000,-892084,5653916
2013/07/16,0,8713000,-1826000,6887000
2013/07/17,0,12084000,-2362781,9721219
2013/07/18,0,5758000,-1967800,3790200
2013/07/19,0,3681178,-1679211,2001967
2013/07/22,0,6507867,-1958000,4549867
2013/07/23,0,9949400,-1242441,8706959
2013/07/24,0,3655000,-1208874,2446126
2013/07/25,0,3311000,-1788000,1523000
2013/07/26,0,2298000,-1319000,979000
2013/07/29,0,3238320,-1373881,1864439
2013/07/30,0,4294000,-1553000,2741000
2013/07/31,0,5192000,-3266500,1925500
2013/08/01,0,2890000,-1380600,1509400
2013/08/02,0,9679839,-683596,8996243
2013/08/05,0,5173249,-1329000,3844249
2013/08/06,0,702000,-4656480,-3954480
2013/08/07,0,2474000,-3695700,-1221700
2013/08/08,0,3273616,-4426000,-1152384
2013/08/09,0,3493000,-5779000,-2286000
2013/08/12,0,1762800,-1696000,66800
2013/08/13,0,2324500,-2351000,-26500
2013/08/14,0,3105740,-6128000,-3022260
2013/08/15,0,1726000,-6173716,-4447716
2013/08/16,0,2009231,-3032960,-1023729
2013/08/19,0,2024000,-6346000,-4322000
2013/08/20,0,2355600,-4859000,-2503400
2013/08/21,0,0,0,0
2013/08/22,0,2615000,-11678059,-9063059
2013/08/23,0,2573640,-3508000,-934360
2013/08/26,0,258000,-2376000,-2118000
2013/08/27,0,603000,-2987000,-2384000
2013/08/28,0,1179000,-1939534,-760534
2013/08/29,0,4357738,-1452000,2905738
2013/08/30,0,2470350,-2636867,-166517
2013/09/02,0,2399000,-707600,1691400
2013/09/03,0,2477000,-1375000,1102000
2013/09/04,0,2769700,-1042000,1727700
2013/09/05,0,5683202,-1750000,3933202
2013/09/06,0,2986000,-1441520,1544480
2013/09/09,0,5782000,-748712,5033288
2013/09/10,0,4857000,-1601480,3255520
2013/09/11,0,5693200,-6250324,-557124
2013/09/12,0,4158000,-1378000,2780000
2013/09/13,0,1991100,-1425760,565340
2013/09/16,0,5532000,-6937280,-1405280
2013/09/17,0,2778000,-6360371,-3582371
2013/09/18,0,2491957,-4408640,-1916683
2013/09/19,0,0,0,0
2013/09/20,0,0,0,0
2013/09/23,0,3573400,-4349920,-776520
2013/09/24,0,3148800,-4236652,-1087852
2013/09/25,0,3711200,-2650600,1060600
2013/09/26,0,767000,-1831520,-1064520
2013/09/27,0,2023000,-4155130,-2132130
2013/09/30,0,1574000,-5556880,-3982880
2013/10/01,0,1313000,-3136134,-1823134
2013/10/02,0,3787240,-4819134,-1031894
2013/10/03,0,9262103,-5582960,3679143
2013/10/04,0,3376720,-4895480,-1518760
2013/10/07,0,1242945,-3738000,-2495055
2013/10/08,0,2876000,-3462299,-586299
2013/10/09,0,2821000,-3813509,-992509
2013/10/10,0,0,0,0
2013/10/11,0,1759572,-5815000,-4055428
2013/10/14,0,1038000,-1763928,-725928
2013/10/15,0,2360000,-3297844,-937844
2013/10/16,0,940000,-3834100,-2894100
2013/10/17,0,3484000,-4791000,-1307000
2013/10/18,0,2540210,-2294582,245628
2013/10/21,0,875000,-723750,151250
2013/10/22,0,1666080,-1012673,653407
2013/10/23,0,1562362,-1503225,59137
2013/10/24,0,322000,-1021000,-699000
2013/10/25,0,645000,-3488320,-2843320
2013/10/28,0,1991920,-3319810,-1327890
2013/10/29,0,2809000,-2976692,-167692
2013/10/30,0,1981452,-965320,1016132
2013/10/31,0,3201000,-2113612,1087388
2013/11/01,0,468000,-359000,109000
2013/11/04,0,62000,-1712544,-1650544
2013/11/05,0,404000,-3096395,-2692395
2013/11/06,0,921000,-2276000,-1355000
2013/11/07,0,1057000,-2604306,-1547306
2013/11/08,0,673000,-2003000,-1330000
2013/11/11,0,744000,-2181000,-1437000
2013/11/12,0,1686000,-1006600,679400
2013/11/13,0,710495,-4882740,-4172245
2013/11/14,0,531000,-3771886,-3240886
2013/11/15,0,887000,-2111344,-1224344
2013/11/18,0,335000,-1675524,-1340524
2013/11/19,0,1170108,-1736108,-566000
2013/11/20,0,1254000,-2944693,-1690693
2013/11/21,0,563000,-4245000,-3682000
2013/11/22,0,542000,-1832396,-1290396
2013/11/25,0,1126000,-825910,300090
2013/11/26,0,4124216,-4462313,-338097
2013/11/27,0,516945,-970080,-453135
2013/11/28,0,2119000,-1052500,1066500
2013/11/29,0,1709000,-1309040,399960
2013/12/02,0,483945,-962000,-478055
2013/12/03,0,707965,-1223391,-515426
2013/12/04,0,1881000,-1922040,-41040
2013/12/05,0,1062000,-2056041,-994041
2013/12/06,0,703000,-3702000,-2999000
2013/12/09,0,3562960,-1621074,1941886
2013/12/10,0,1327200,-867000,460200
2013/12/11,0,2485500,-435004,2050496
2013/12/12,0,622680,-1891430,-1268750
2013/12/13,0,1182000,-1390350,-208350
2013/12/16,0,452000,-2302052,-1850052
2013/12/17,0,818000,-2323440,-1505440
2013/12/18,0,973639,-2488472,-1514833
2013/12/19,0,1441000,-1563000,-122000
2013/12/20,0,2326360,-4979774,-2653414
2013/12/23,0,2095000,-2221000,-126000
2013/12/24,0,784200,-469305,314895
2013/12/25,0,580000,-103880,476120
2013/12/26,0,153000,-325000,-172000
2013/12/27,0,2236000,-749000,1487000
2013/12/30,0,2824000,-1107508,1716492
2013/12/31,0,1428000,-551000,877000
2014/01/02,0,403000,-1091000,-688000
2014/01/03,0,449000,-2138000,-1689000
2014/01/06,0,1002385,-1943596,-941211
2014/01/07,0,1395000,-2069000,-674000
2014/01/08,0,766000,-2544000,-1778000
2014/01/09,0,973000,-1920000,-947000
2014/01/10,0,913000,-2177147,-1264147
2014/01/13,0,913000,-863440,49560
2014/01/14,0,1044000,-1548910,-504910
2014/01/15,0,1584000,-1288384,295616
2014/01/16,0,988000,-775594,212406
2014/01/17,0,195105,-1011921,-816816
2014/01/20,0,612973,-200000,412973
2014/01/21,0,551000,-553678,-2678
2014/01/22,0,3676000,-851120,2824880
2014/01/23,0,1236000,-1412000,-176000
2014/01/24,0,2117000,-1679000,438000
2014/01/27,0,2647000,-7379681,-4732681
2014/02/05,0,5019200,-15091551,-10072351
2014/02/06,0,3943000,-9801622,-5858622
2014/02/07,0,4584000,-7907823,-3323823
2014/02/10,0,751000,-2355280,-1604280
2014/02/11,0,1275038,-1465379,-190341
2014/02/12,0,1357000,-2342280,-985280
2014/02/13,0,424189,-1020440,-596251
2014/02/14,0,3337000,-1318190,2018810
2014/02/17,0,1070000,-1318920,-248920
2014/02/18,0,1974000,-2224790,-250790
2014/02/19,0,1910900,-882000,1028900
2014/02/20,0,491000,-1476219,-985219
2014/02/21,0,2831000,-433000,2398000
2014/02/24,0,1340000,-431270,908730
2014/02/25,0,3715610,-469960,3245650
2014/02/26,0,4165000,-1167778,2997222
2014/02/27,0,2373000,-1826827,546173
2014/03/03,0,2539000,-3792000,-1253000
2014/03/04,0,517880,-1931754,-1413874
2014/03/05,0,687000,-428000,259000
2014/03/06,0,1680000,-1374119,305881
2014/03/07,0,3301000,-323000,2978000
2014/03/10,0,1565000,-1228892,336108
2014/03/11,0,2617000,-1816635,800365
2014/03/12,0,912000,-1139744,-227744
2014/03/13,0,3122000,-1344152,1777848
2014/03/14,0,627000,-4251800,-3624800
2014/03/17,0,652000,-1028123,-376123
2014/03/18,0,3378000,-1965840,1412160
2014/03/19,0,242044,-759605,-517561
2014/03/20,0,2384000,-5055920,-2671920
2014/03/21,0,3236800,-4984000,-1747200
2014/03/24,0,2666000,-805600,1860400
2014/03/25,0,4297000,-1842919,2454081
2014/03/26,0,2411000,-1523000,888000
2014/03/27,0,6859000,-1508272,5350728
2014/03/28,0,4191000,-668833,3522167
2014/03/31,0,3322985,-1532581,1790404
2014/04/01,0,3066920,-1673198,1393722
2014/04/02,0,3059000,-390000,2669000
2014/04/03,0,3873000,-418200,3454800
2014/04/07,0,3592000,-2162000,1430000
2014/04/08,0,4210249,-1972000,2238249
2014/04/09,0,2217000,-1304844,912156
2014/04/10,0,2722000,-1844000,878000
2014/04/11,0,1693000,-955000,738000
2014/04/14,0,2494000,-1019000,1475000
2014/04/15,0,4106000,-1953713,2152287
2014/04/16,0,4100000,-2165400,1934600
2014/04/17,0,1482000,-1317000,165000
2014/04/18,0,906000,-171000,735000
2014/04/21,0,263000,-79000,184000
2014/04/22,0,673000,-793000,-120000
2014/04/23,0,705000,-2523400,-1818400
2014/04/24,0,2208000,-949000,1259000
2014/04/25,0,4554000,-1963080,2590920
2014/04/28,0,2678000,-1832000,846000
2014/04/29,0,3125600,-1090440,2035160
2014/04/30,0,10382000,-4636760,5745240
2014/05/02,0,3376000,-2943280,432720
2014/05/05,0,1174000,-770000,404000
2014/05/06,0,2477000,-1809000,668000
2014/05/07,0,2890000,-2663920,226080
2014/05/08,0,1226000,-1716400,-490400
2014/05/09,0,1748000,-1449157,298843
2014/05/12,0,488249,-1296842,-808593
2014/05/13,0,2555000,-2307812,247188
2014/05/14,0,3218000,-2637000,581000
2014/05/15,0,1033000,-833000,200000
2014/05/16,0,1256000,-1644000,-388000
2014/05/19,0,1800080,-899711,900369
2014/05/20,0,1283000,-1550594,-267594
2014/05/21,0,1528000,-889560,638440
2014/05/22,0,1978000,-988000,990000
2014/05/23,0,1842000,-2402720,-560720
2014/05/26,0,1788000,-633468,1154532
2014/05/27,0,394000,-312000,82000
2014/05/28,0,4699000,-2595047,2103953
2014/05/29,0,2279000,-1145096,1133904
2014/05/30,0,3948500,-5704566,-1756066
2014/06/03,0,3042000,-1974000,1068000
2014/06/04,0,1190000,-1341750,-151750
2014/06/05,0,1195000,-2083120,-888120
2014/06/06,0,1045000,-1242240,-197240
2014/06/09,0,1197000,-897000,300000
2014/06/10,0,2519583,-2156660,362923
2014/06/11,0,3092000,-3086260,5740
2014/06/12,0,3688000,-3505500,182500
2014/06/13,0,3753000,-4330977,-577977
2014/06/16,0,3223000,-4171000,-948000
2014/06/17,0,3391000,-2410000,981000
2014/06/18,0,8700700,-1519000,7181700
2014/06/19,0,5116413,-465000,4651413
2014/06/20,0,3009500,-3331840,-322340
2014/06/23,0,3009000,-510780,2498220
2014/06/24,0,2374000,-1628251,745749
2014/06/25,0,837000,-565986,271014
2014/06/26,0,1830000,-488000,1342000
2014/06/27,0,1107000,-1287000,-180000
2014/06/30,0,1244000,-1169640,74360
2014/07/01,0,1978610,-1723000,255610
2014/07/02,0,1900498,-1269455,631043
2014/07/03,0,1607000,-1491000,116000
2014/07/04,0,805734,-1444000,-638266
2014/07/07,0,1448000,-1233000,215000
2014/07/08,0,1292000,-256000,1036000
2014/07/09,0,507580,-338000,169580
2014/07/10,0,3330000,-1254920,2075080
2014/07/11,0,2201000,-799720,1401280
2014/07/14,0,4373000,-3592160,780840
2014/07/15,0,4090227,-2562000,1528227
2014/07/16,0,1796000,-5869000,-4073000
2014/07/17,0,2271000,-2785920,-514920
2014/07/18,0,2257000,-3189000,-932000
2014/07/21,0,2497000,-2921224,-424224
2014/07/22,0,4650000,-3899520,750480
2014/07/23,0,0,0,0
2014/07/24,0,2170000,-3959760,-1789760
2014/07/25,0,2136000,-2562000,-426000
2014/07/28,0,4452040,-1833040,2619000
2014/07/29,0,4911000,-3044840,1866160
2014/07/30,0,3670000,-1152000,2518000
2014/07/31,0,2588000,-3238000,-650000
2014/08/01,0,1260000,-1246120,13880
2014/08/04,0,1158128,-5043160,-3885032
2014/08/05,0,1951000,-6753520,-4802520
2014/08/06,0,3402000,-897000,2505000
2014/08/07,0,583000,-2201704,-1618704
2014/08/08,0,693000,-1311776,-618776
2014/08/11,0,354000,-652726,-298726
2014/08/12,0,1467000,-1761677,-294677
2014/08/13,0,1600000,-870640,729360
2014/08/14,0,1108000,-1217000,-109000
2014/08/15,0,2204000,-618000,1586000
2014/08/18,0,749000,-878000,-129000
2014/08/19,0,2123545,-349000,1774545
2014/08/20,0,2258545,-1100000,1158545
2014/08/21,0,1294000,-1136000,158000
2014/08/22,0,4920544,-814520,4106024
2014/08/25,0,1159000,-898400,260600
2014/08/26,0,1867810,-1094600,773210
2014/08/27,0,4631000,-1520040,3110960
2014/08/28,0,2127000,-1763000,364000
2014/08/29,0,2422000,-3603000,-1181000
2014/09/01,0,2419000,-645000,1774000
2014/09/02,0,1611000,-1662001,-51001
2014/09/03,0,1862588,-940894,921694
2014/09/04,0,1584244,-874000,710244
2014/09/05,0,894000,-535413,358587
2014/09/09,0,824252,-909000,-84748
2014/09/10,0,594161,-3121312,-2527151
2014/09/11,0,348000,-1279080,-931080
2014/09/12,0,418000,-1238480,-820480
2014/09/15,0,1040000,-1063000,-23000
2014/09/16,0,744000,-1666000,-922000
2014/09/17,0,2551000,-2860000,-309000
2014/09/18,0,1223000,-594460,628540
2014/09/19,0,1999000,-2050140,-51140
2014/09/22,0,1172000,-4570000,-3398000
2014/09/23,0,1198000,-2135628,-937628
2014/09/24,0,871985,-1207004,-335019
2014/09/25,0,2489000,-4188000,-1699000
2014/09/26,0,2900000,-4101000,-1201000
2014/09/29,0,3485000,-8653000,-5168000
2014/09/30,0,4580000,-6527700,-1947700
2014/10/01,0,1709000,-3719000,-2010000
2014/10/02,0,2141000,-4842000,-2701000
2014/10/03,0,1298249,-3286000,-1987751
2014/10/06,0,1422000,-4775000,-3353000
2014/10/07,0,4030000,-4531578,-501578
2014/10/08,0,3509000,-3417000,92000
2014/10/09,0,4350200,-4306000,44200
2014/10/13,0,2072000,-6657000,-4585000
2014/10/14,0,2615000,-4443840,-1828840
2014/10/15,0,3637000,-7191000,-3554000
2014/10/16,0,4054000,-4171040,-117040
2014/10/17,0,15364000,-24989686,-9625686
2014/10/20,0,3262200,-5242007,-1979807
2014/10/21,0,1153000,-5009000,-3856000
2014/10/22,0,2060249,-5221680,-3161431
2014/10/23,0,954249,-2470000,-1515751
2014/10/24,0,725000,-4262753,-3537753
2014/10/27,0,1790000,-2218000,-428000
2014/10/28,0,4012000,-2458400,1553600
2014/10/29,0,3999746,-3163200,836546
2014/10/30,0,2800743,-2418000,382743
2014/10/31,0,2357000,-2739000,-382000
2014/11/03,0,1688000,-948000,740000
2014/11/04,0,2463000,-1358460,1104540
2014/11/05,0,1591000,-1673000,-82000
2014/11/06,0,1488500,-1009680,478820
2014/11/07,0,339000,-995000,-656000
2014/11/10,0,3638365,-2226860,1411505
2014/11/11,0,1779000,-2355000,-576000
2014/11/12,0,1996002,-3889700,-1893698
2014/11/13,0,1285039,-2011000,-725961
2014/11/14,0,1193000,-1943960,-750960
2014/11/17,0,1058080,-2181434,-1123354
2014/11/18,0,2260945,-830000,1430945
2014/11/19,0,5741314,-3988000,1753314
2014/11/20,0,1542000,-1648000,-106000
2014/11/21,0,584560,-1689000,-1104440
2014/11/24,0,1297000,-997360,299640
2014/11/25,0,4186029,-4564607,-378578
2014/11/26,0,585038,-1020000,-434962
2014/11/27,0,1426038,-388000,1038038
2014/11/28,0,1598038,-1422276,175762
2014/12/01,0,406000,-3344960,-2938960
2014/12/02,0,1320281,-3937000,-2616719
2014/12/03,0,1269445,-1295000,-25555
2014/12/04,0,2214441,-1429000,785441
2014/12/05,0,626437,-742000,-115563
2014/12/08,0,696432,-610000,86432
2014/12/09,0,1331429,-1965000,-633571
2014/12/10,0,1442899,-3684160,-2241261
2014/12/11,0,746635,-2127027,-1380392
2014/12/12,0,863574,-3534000,-2670426
2014/12/15,0,1091624,-3829000,-2737376
2014/12/16,0,2361619,-5677900,-3316281
2014/12/17,0,2395251,-7959961,-5564710
2014/12/18,0,2120695,-3428200,-1307505
2014/12/19,0,3102248,-1805000,1297248
2014/12/22,0,1702899,-653000,1049899
2014/12/23,0,1304000,-900100,403900
2014/12/24,0,1808000,-1219000,589000
2014/12/25,0,689000,-165000,524000
2014/12/26,0,1313000,-244000,1069000
2014/12/29,0,3751000,-724000,3027000
2014/12/30,0,1293016,-1365000,-71984
2014/12/31,0,1131000,-1236391,-105391
2015/01/01,0,0,0,0
2015/01/02,0,0,0,0
2015/01/05,0,1259020,-2406000,-1146980
2015/01/06,0,1235964,-7024000,-5788036
2015/01/07,0,1573225,-4675900,-3102675
2015/01/08,0,4601157,-2444810,2156347
2015/01/09,0,890618,-1515417,-624799
2015/01/12,0,4809000,-1538000,3271000
2015/01/13,0,3872000,-2395000,1477000
2015/01/14,0,2243000,-3192000,-949000
2015/01/15,0,2026000,-1521000,505000
2015/01/16,0,1403000,-3649915,-2246915
2015/01/19,0,2758000,-1086000,1672000
2015/01/20,0,3358047,-1389000,1969047
2015/01/21,0,6351000,-1626473,4724527
2015/01/22,0,2404000,-1851000,553000
2015/01/23,0,4285000,-1212533,3072467
2015/01/26,0,3976000,-3376520,599480
2015/01/27,0,3128000,-426835,2701165
2015/01/28,0,2311000,-669000,1642000
2015/01/29,0,4000000,-2379000,1621000
2015/01/30,0,2626000,-3999000,-1373000
2015/02/02,0,3291699,-1133000,2158699
2015/02/03,0,2977301,-886600,2090701
2015/02/04,0,7232000,-1475000,5757000
2015/02/05,0,3473000,-439000,3034000
2015/02/06,0,5334000,-705000,4629000
2015/02/09,0,3636704,-958000,2678704
2015/02/10,0,2752000,-1172000,1580000
2015/02/11,0,3821440,-1417556,2403884
2015/02/12,0,3055000,-1685836,1369164
2015/02/13,0,3860000,-1889000,1971000
2015/02/16,0,0,0,0
2015/02/17,0,0,0,0
2015/02/18,0,0,0,0
2015/02/19,0,0,0,0
2015/02/20,0,0,0,0
2015/02/23,0,0,0,0
2015/02/24,0,8076000,-1265380,6810620
2015/02/25,0,4066000,-988000,3078000
2015/02/26,0,6481000,-5109626,1371374
2015/02/27,0,0,0,0
2015/03/02,0,3215000,-2254747,960253
2015/03/03,0,2832924,-1399000,1433924
2015/03/04,0,2094000,-1137000,957000
2015/03/05,0,1998000,-1236000,762000
2015/03/06,0,2685000,-2169800,515200
2015/03/09,0,1449000,-2364000,-915000
2015/03/10,0,2801000,-2449091,351909
2015/03/11,0,3183000,-2925000,258000
2015/03/12,0,2402000,-2274203,127797
2015/03/13,0,811000,-2912200,-2101200
2015/03/16,0,1879000,-2496866,-617866
2015/03/17,0,2592000,-1574000,1018000
2015/03/18,0,4162000,-2332922,1829078
2015/03/19,0,3194000,-529070,2664930
2015/03/20,0,3917000,-4701400,-784400
2015/03/23,0,468000,-1198000,-730000
2015/03/24,0,1564249,-1398000,166249
2015/03/25,0,490000,-1759000,-1269000
2015/03/26,0,2650000,-1193000,1457000
2015/03/27,0,2148000,-2600140,-452140
2015/03/30,0,2248920,-1863920,385000
2015/03/31,0,3000000,-2167000,833000
2015/04/01,0,2169000,-3434667,-1265667
2015/04/02,0,2904945,-1161200,1743745
2015/04/03,0,0,0,0
2015/04/06,0,0,0,0
2015/04/07,0,1422000,-1295000,127000
2015/04/08,0,2178000,-3529000,-1351000
2015/04/09,0,2310000,-3225000,-915000
2015/04/10,0,2514360,-1210000,1304360
2015/04/13,0,6458000,-1097000,5361000
2015/04/14,0,6127000,-4367000,1760000
2015/04/15,0,3849000,-6041280,-2192280
2015/04/16,0,5067000,-348000,4719000
2015/04/17,0,2420576,-1588199,832377
2015/04/20,0,2016000,-1062642,953358
2015/04/21,0,5846000,-896000,4950000
2015/04/22,0,7021000,-4535445,2485555
2015/04/23,0,6999000,-817862,6181138
2015/04/24,0,12848000,-249000,12599000
2015/04/27,0,6299000,-558000,5741000
2015/04/28,0,5325000,-2115000,3210000
2015/04/29,0,5263000,-1896000,3367000
2015/04/30,0,4882000,-4704000,178000
2015/05/01,0,0,0,0
2015/05/04,0,2845000,-1763967,1081033
2015/05/05,0,2598000,-777000,1821000
2015/05/06,0,3196000,-1529000,1667000
2015/05/07,0,911000,-3406000,-2495000
2015/05/08,0,1412249,-1096400,315849
2015/05/11,0,1486211,-1395000,91211
2015/05/12,0,1605000,-1166000,439000
2015/05/13,0,473000,-1202000,-729000
2015/05/14,0,1501000,-3833000,-2332000
2015/05/15,0,1500000,-2029420,-529420
2015/05/18,0,1402000,-2328000,-926000
2015/05/19,0,3265249,-3168000,97249
2015/05/20,0,4265520,-4543000,-277480
2015/05/21,0,717800,-10058776,-9340976
2015/05/22,0,4992000,-3180000,1812000
2015/05/25,0,1465920,-2763000,-1297080
2015/05/26,0,1358000,-1007000,351000
2015/05/27,0,3895000,-3812249,82751
2015/05/28,0,2250029,-4273576,-2023547
2015/05/29,0,5398899,-5716545,-317646
2015/06/01,0,2470000,-2531400,-61400
2015/06/02,0,2259154,-2795000,-535846
2015/06/03,0,450000,-2703000,-2253000
2015/06/04,0,1634000,-5462000,-3828000
2015/06/05,0,845000,-3841760,-2996760
2015/06/08,0,919415,-2837561,-1918146
2015/06/09,0,1356800,-1720373,-363573
2015/06/10,0,1241000,-2041000,-800000
2015/06/11,0,2091000,-3720520,-1629520
2015/06/12,0,838000,-2813411,-1975411
2015/06/15,0,950000,-1821083,-871083
2015/06/16,0,1209000,-2585000,-1376000
2015/06/17,0,2583000,-5821418,-3238418
2015/06/18,0,4278939,-5098927,-819988
2015/06/19,0,0,0,0
2015/06/22,0,1958369,-2879904,-921535
2015/06/23,0,774000,-1905000,-1131000
2015/06/24,0,1637740,-1531425,106315
2015/06/25,0,3616244,-3360000,256244
2015/06/26,0,2012000,-1943000,69000
2015/06/29,0,249000,-2502000,-2253000
2015/06/30,0,3321000,-3273320,47680
2015/07/01,0,2568000,-2812284,-244284
2015/07/02,0,2000248,-2467000,-466752
2015/07/03,0,932000,-1995000,-1063000
2015/07/06,0,1293000,-1810000,-517000
2015/07/07,0,2801000,-2151700,649300
2015/07/08,0,1428000,-6014240,-4586240
2015/07/09,0,1474000,-4310000,-2836000
2015/07/10,0,0,0,0
2015/07/13,0,1807000,-3246210,-1439210
2015/07/14,0,3235000,-1879000,1356000
2015/07/15,0,5190000,-1826836,3363164
2015/07/16,0,2382400,-1647200,735200
2015/07/17,0,1689000,-1136000,553000
2015/07/20,0,1409369,-2130000,-720631
2015/07/21,0,801000,-546000,255000
2015/07/22,0,1961500,-1522355,439145
2015/07/23,0,1503000,-1596000,-93000
2015/07/24,0,943945,-1320000,-376055
2015/07/27,0,943000,-1862000,-919000
2015/07/28,0,3179566,-4546000,-1366434
2015/07/29,0,2696000,-3437073,-741073
2015/07/30,0,2212000,-2832200,-620200
2015/07/31,0,4073865,-5291000,-1217135
2015/08/03,0,2706514,-2920000,-213486
2015/08/04,0,3428000,-4131327,-703327
2015/08/05,0,3210009,-1666206,1543803
2015/08/06,0,1884000,-2118000,-234000
2015/08/07,0,1960000,-2211000,-251000
2015/08/10,0,183000,-1261000,-1078000
2015/08/11,0,1904000,-4914800,-3010800
2015/08/12,0,1681000,-4691072,-3010072
2015/08/13,0,2815000,-3291211,-476211
2015/08/14,0,1017600,-1550000,-532400
2015/08/17,0,1313238,-1480000,-166762
2015/08/18,0,3059000,-4870000,-1811000
2015/08/19,0,2693369,-3522000,-828631
2015/08/20,0,2032090,-6510000,-4477910
2015/08/21,0,1903000,-4850000,-2947000
2015/08/24,0,3037000,-8041000,-5004000
2015/08/25,0,3051149,-4638009,-1586860
2015/08/26,0,3031000,-5623562,-2592562
2015/08/27,0,2505000,-5451600,-2946600
2015/08/28,0,3961000,-3546324,414676
2015/08/31,0,7665015,-7687225,-22210
2015/09/01,0,3333950,-4645650,-1311700
2015/09/02,0,2649000,-3402632,-753632
2015/09/03,0,1204000,-2079000,-875000
2015/09/04,0,1140632,-2750907,-1610275
2015/09/07,0,736000,-2379000,-1643000
2015/09/08,0,713000,-2148000,-1435000
2015/09/09,0,5794386,-2191046,3603340
2015/09/10,0,1840369,-1301010,539359
2015/09/11,0,737000,-1017536,-280536
2015/09/14,0,1303000,-2074000,-771000
2015/09/15,0,2194000,-1371000,823000
2015/09/16,0,2223000,-3575329,-1352329
2015/09/17,0,4567000,-3816000,751000
2015/09/18,0,3291295,-3615101,-323806
2015/09/21,0,1756000,-4472388,-2716388
2015/09/22,0,1545000,-2709571,-1164571
2015/09/23,0,1102000,-5405608,-4303608
2015/09/24,0,619000,-3402000,-2783000
2015/09/25,0,1564560,-3463720,-1899160
2015/09/28,0,0,0,0
2015/09/29,0,0,0,0
2015/09/30,0,6036551,-6414697,-378146
2015/10/01,0,3854592,-2069000,1785592
2015/10/02,0,2995655,-2054400,941255
2015/10/05,0,1848200,-2038783,-190583
2015/10/06,0,3626000,-3117275,508725
2015/10/07,0,4429063,-1548000,2881063
2015/10/08,0,7105000,-874000,6231000
2015/10/09,0,0,0,0
2015/10/12,0,7593000,-1835387,5757613
2015/10/13,0,4431342,-2383866,2047476
2015/10/14,0,3695000,-2504000,1191000
2015/10/15,0,5253160,-385694,4867466
2015/10/16,0,3458000,-564000,2894000
2015/10/19,0,5166000,-620800,4545200
2015/10/20,0,3668000,-2241000,1427000
2015/10/21,0,1650000,-636000,1014000
2015/10/22,0,2150010,-1307000,843010
2015/10/23,0,3952000,-210200,3741800
2015/10/26,0,7548000,-1596112,5951888
2015/10/27,0,3943000,-1766812,2176188
2015/10/28,0,2945000,-2119129,825871
2015/10/29,0,1720744,-2643307,-922563
2015/10/30,0,4180000,-2975774,1204226
2015/11/02,0,2187000,-1157000,1030000
2015/11/03,0,3628000,-764607,2863393
2015/11/04,0,7017000,-3079697,3937303
2015/11/05,0,2534000,-1241000,1293000
2015/11/06,0,1962000,-6793188,-4831188
2015/11/09,0,1664244,-1676000,-11756
2015/11/10,0,2789000,-3780000,-991000
2015/11/11,0,2162201,-4801200,-2638999
2015/11/12,0,2805000,-2009000,796000
2015/11/13,0,1325000,-3432236,-2107236
2015/11/16,0,1925000,-3468000,-1543000
2015/11/17,0,3351000,-922880,2428120
2015/11/18,0,3146000,-3068000,78000
2015/11/19,0,3384000,-1550000,1834000
2015/11/20,0,2454000,-1661000,793000
2015/11/23,0,4602440,-1635000,2967440
2015/11/24,0,2304000,-1502467,801533
2015/11/25,0,2479575,-1410575,1069000
2015/11/26,0,3892000,-1931812,1960188
2015/11/27,0,1921600,-2597432,-675832
2015/11/30,0,12095256,-15826535,-3731279
2015/12/01,0,6306000,-1153718,5152282
2015/12/02,0,2924309,-2156480,767829
2015/12/03,0,4914000,-2168481,2745519
2015/12/04,0,1966000,-4242409,-2276409
2015/12/07,0,4017000,-1160409,2856591
2015/12/08,0,3608000,-3973493,-365493
2015/12/09,0,2592000,-3339000,-747000
2015/12/10,0,5949000,-7617000,-1668000
2015/12/11,0,3383332,-5800000,-2416668
2015/12/14,0,2106000,-3072132,-966132
2015/12/15,0,4085797,-3265738,820059
2015/12/16,0,3001557,-1341000,1660557
2015/12/17,0,5595000,-2321172,3273828
2015/12/18,0,7445076,-4463332,2981744
2015/12/21,0,2462558,-2907000,-444442
2015/12/22,0,1554110,-2278973,-724863
2015/12/23,0,1608557,-775504,833053
2015/12/24,0,1985010,-586000,1399010
2015/12/25,0,1246000,-586000,660000
2015/12/28,0,2502000,-791000,1711000
2015/12/29,0,1332000,-2583000,-1251000
2015/12/30,0,891074,-2137130,-1246056
2015/12/31,0,1800812,-2698000,-897188
2016/01/01,0,0,0,0
2016/01/04,0,680179,-6850000,-6169821
2016/01/05,0,2623101,-2031000,592101
2016/01/06,0,2394248,-3821701,-1427453
2016/01/07,0,3157396,-9900846,-6743450
2016/01/08,0,900000,-4274210,-3374210
2016/01/11,0,1705306,-5824000,-4118694
2016/01/12,0,3186000,-3461000,-275000
2016/01/13,0,9296550,-3339956,5956594
2016/01/14,0,6009295,-4101160,1908135
2016/01/15,0,4011000,-6370996,-2359996
2016/01/18,0,5413033,-4340000,1073033
2016/01/19,0,3732000,-1754059,1977941
2016/01/20,0,7493475,-4143000,3350475
2016/01/21,0,2224158,-3487800,-1263642
2016/01/22,0,2935000,-1599134,1335866
2016/01/25,0,2514000,-1733000,781000
2016/01/26,0,1839557,-2642861,-803304
2016/01/27,0,1588000,-858888,729112
2016/01/28,0,4182000,-2196282,1985718
2016/01/29,0,6789113,-2446000,4343113
2016/02/01,0,2745557,-604000,2141557
2016/02/02,0,5075316,-1508549,3566767
2016/02/03,0,3598680,-2989000,609680
2016/02/04,0,0,0,0
2016/02/05,0,0,0,0
2016/02/08,0,0,0,0
2016/02/09,0,0,0,0
2016/02/10,0,0,0,0
2016/02/11,0,0,0,0
2016/02/12,0,0,0,0
2016/02/15,0,3839145,-4212230,-373085
2016/02/16,0,3231500,-1175607,2055893
2016/02/17,0,2406890,-538051,1868839
2016/02/18,0,4308072,-2507000,1801072
2016/02/19,0,4223990,-990765,3233225
2016/02/22,0,2039000,-1800400,238600
2016/02/23,0,1689128,-762000,927128
2016/02/24,0,1940400,-1188922,751478
2016/02/25,0,3382157,-360000,3022157
2016/02/26,0,6635586,-3130240,3505346
2016/02/29,0,0,0,0
2016/03/01,0,6301108,-3964520,2336588
2016/03/02,0,4521165,-2061000,2460165
2016/03/03,0,5735964,-1882000,3853964
2016/03/04,0,4163000,-2214000,1949000
2016/03/07,0,4892000,-3164118,1727882
2016/03/08,0,8360000,-1242337,7117663
2016/03/09,0,4753592,-1175000,3578592
2016/03/10,0,5985000,-1885778,4099222
2016/03/11,0,4103000,-515040,3587960
2016/03/14,0,2844000,-826267,2017733
2016/03/15,0,3327000,-990000,2337000
2016/03/16,0,3312000,-1111000,2201000
2016/03/17,0,6345410,-988754,5356656
2016/03/18,0,12225839,-5951285,6274554
2016/03/21,0,3604000,-2711000,893000
2016/03/22,0,4465575,-4551180,-85605
2016/03/23,0,3173500,-1607000,1566500
2016/03/24,0,4010000,-750000,3260000
2016/03/25,0,507000,-455359,51641
2016/03/28,0,3275000,-449000,2826000
2016/03/29,0,3554000,-2138300,1415700
2016/03/30,0,9328000,-3649913,5678087
2016/03/31,0,7081000,-5975000,1106000
2016/04/01,0,5755000,-5220761,534239
2016/04/04,0,0,0,0
2016/04/05,0,0,0,0
2016/04/06,0,5806595,-5311586,495009
2016/04/07,0,3427982,-2899000,528982
2016/04/08,0,4847000,-3419000,1428000
2016/04/11,0,2054000,-1431110,622890
2016/04/12,0,3092000,-1072000,2020000
2016/04/13,0,8017000,-548425,7468575
2016/04/14,0,5052000,-2019525,3032475
2016/04/15,0,4358718,-730000,3628718
2016/04/18,0,2044000,-384000,1660000
2016/04/19,0,6627000,-1525000,5102000
2016/04/20,0,5063902,-2565000,2498902
2016/04/21,0,2730402,-1655000,1075402
2016/04/22,0,3253705,-737040,2516665
2016/04/25,0,6080714,-1340750,4739964
2016/04/26,0,4954122,-2643810,2310312
2016/04/27,0,5527000,-3091000,2436000
2016/04/28,0,7132598,-5040000,2092598
2016/04/29,0,4489447,-4964007,-474560
2016/05/02,0,0,0,0
2016/05/03,0,2842000,-3774290,-932290
2016/05/04,0,5080000,-6988021,-1908021
2016/05/05,0,2378000,-3807000,-1429000
2016/05/06,0,3177410,-4600700,-1423290
2016/05/09,0,2423000,-3433000,-1010000
2016/05/10,0,3148705,-3535000,-386295
2016/05/11,0,2388777,-4977000,-2588223
2016/05/12,0,2670000,-2671000,-1000
2016/05/13,0,4188000,-5965000,-1777000
2016/05/16,0,3639964,-4209000,-569036
2016/05/17,0,2076000,-4183303,-2107303
2016/05/18,0,3695796,-2679000,1016796
2016/05/19,0,2468000,-5168000,-2700000
2016/05/20,0,3328000,-2292495,1035505
2016/05/23,0,3317780,-2149000,1168780
2016/05/24,0,3172956,-1135000,2037956
2016/05/25,0,3278705,-2578692,700013
2016/05/26,0,2060000,-2388000,-328000
2016/05/27,0,2203000,-1902505,300495
2016/05/30,0,3382000,-1440128,1941872
2016/05/31,0,9710912,-9313825,397087
2016/06/01,0,3393574,-1004000,2389574
2016/06/02,0,2499148,-1307000,1192148
2016/06/03,0,2671000,-1856733,814267
2016/06/06,0,2399680,-2680760,-281080
2016/06/07,0,5583000,-1533000,4050000
2016/06/08,0,8270000,-1457000,6813000
2016/06/09,0,0,0,0
2016/06/10,0,0,0,0
2016/06/13,0,3137000,-3825719,-688719
2016/06/14,0,2716764,-2857000,-140236
2016/06/15,0,3559095,-1307595,2251500
2016/06/16,0,1690142,-3410000,-1719858
2016/06/17,0,4080000,-2456474,1623526
2016/06/20,0,2906000,-1006480,1899520
2016/06/21,0,3044361,-1413000,1631361
2016/06/22,0,2754122,-1888400,865722
2016/06/23,0,1255876,-3663000,-2407124
2016/06/24,0,3130260,-7401325,-4271065
2016/06/27,0,1174000,-2563280,-1389280
2016/06/28,0,2230175,-6083400,-3853225
2016/06/29,0,2444000,-2326000,118000
2016/06/30,0,5380000,-5199192,180808
2016/07/01,0,5428000,-5045720,382280
2016/07/04,0,1748000,-2183583,-435583
2016/07/05,0,1577000,-1647522,-70522
2016/07/06,0,1518000,-5373000,-3855000
2016/07/07,0,810393,-449712,360681
2016/07/08,0,0,0,0
2016/07/11,0,4215787,-2529266,1686521
2016/07/12,0,4378000,-4423207,-45207
2016/07/13,0,3902000,-3266910,635090
2016/07/14,0,3625148,-2170000,1455148
2016/07/15,0,4883876,-2924000,1959876
2016/07/18,0,5327100,-926000,4401100
2016/07/19,0,6631650,-2664040,3967610
2016/07/20,0,5618000,-1493881,4124119
2016/07/21,0,5874818,-1296109,4578709
2016/07/22,0,3722000,-1387000,2335000
2016/07/25,0,5255000,-2060088,3194912
2016/07/26,0,4247000,-1865000,2382000
2016/07/27,0,3007000,-3049033,-42033
2016/07/28,0,5447000,-4183648,1263352
2016/07/29,0,4546000,-4231000,315000
2016/08/01,0,3791496,-4128000,-336504
2016/08/02,0,1329947,-3605300,-2275353
2016/08/03,0,3478949,-2968975,509974
2016/08/04,0,1340000,-2910861,-1570861
2016/08/05,0,7685000,-6815000,870000
2016/08/08,0,3251282,-4431701,-1180419
2016/08/09,0,4039000,-4006000,33000
2016/08/10,0,4491000,-4898000,-407000
2016/08/11,0,5567000,-5587207,-20207
2016/08/12,0,4835000,-4989370,-154370
2016/08/15,0,1921000,-1702000,219000
2016/08/16,0,2713000,-3185734,-472734
2016/08/17,0,2535128,-1211960,1323168
2016/08/18,0,1895800,-1183276,712524
2016/08/19,0,959348,-2373000,-1413652
2016/08/22,0,1759600,-2378000,-618400
2016/08/23,0,2210600,-1740000,470600
2016/08/24,0,888844,-890000,-1156
2016/08/25,0,1838689,-1279280,559409
2016/08/26,0,1105787,-770774,335013
2016/08/29,0,1464600,-1335000,129600
2016/08/30,0,1453746,-2227000,-773254
2016/08/31,0,2874395,-5124226,-2249831
2016/09/01,0,1495600,-5008782,-3513182
2016/09/02,0,1321329,-1138000,183329
2016/09/05,0,1520000,-1129000,391000
2016/09/06,0,3344022,-1687000,1657022
2016/09/07,0,2051000,-1469236,581764
2016/09/08,0,1796000,-2122000,-326000
2016/09/09,0,611000,-5511132,-4900132
2016/09/12,0,405000,-5353002,-4948002
2016/09/13,0,2257000,-6349000,-4092000
2016/09/14,0,3939498,-7271584,-3332086
2016/09/15,0,0,0,0
2016/09/16,0,0,0,0
2016/09/19,0,1743903,-1234793,509110
2016/09/20,0,1235186,-1217000,18186
2016/09/21,0,2438204,-1859000,579204
2016/09/22,0,1421730,-768000,653730
2016/09/23,0,3184354,-2010000,1174354
2016/09/26,0,729754,-1017000,-287246
2016/09/27,0,0,0,0
2016/09/28,0,0,0,0
2016/09/29,0,4985484,-3436233,1549251
2016/09/30,0,2650580,-4712792,-2062212
2016/10/03,0,1390316,-1219400,170916
2016/10/04,0,1866994,-1229072,637922
2016/10/05,0,1495000,-1869000,-374000
2016/10/06,0,2428278,-1397589,1030689
2016/10/07,0,2173611,-861000,1312611
2016/10/10,0,0,0,0
2016/10/11,0,4448000,-2254800,2193200
2016/10/12,0,2482000,-828460,1653540
2016/10/13,0,3325500,-5784000,-2458500
2016/10/14,0,1656000,-1288800,367200
2016/10/17,0,2087000,-2252090,-165090
2016/10/18,0,4131417,-2283000,1848417
2016/10/19,0,3231945,-1704000,1527945
2016/10/20,0,1285000,-2714950,-1429950
2016/10/21,0,8210000,-9817000,-1607000
2016/10/24,0,1413000,-2686440,-1273440
2016/10/25,0,1245361,-1461000,-215639
2016/10/26,0,1039183,-2978000,-1938817
2016/10/27,0,1701345,-4698151,-2996806
2016/10/28,0,3868000,-2146182,1721818
2016/10/31,0,2208375,-2356000,-147625
2016/11/01,0,1518000,-1457510,60490
2016/11/02,0,611545,-2525798,-1914253
2016/11/03,0,3483000,-1898196,1584804
2016/11/04,0,3528001,-2393000,1135001
2016/11/07,0,2439000,-1714540,724460
2016/11/08,0,4711695,-1948000,2763695
2016/11/09,0,3532000,-5251000,-1719000
2016/11/10,0,6331000,-3174560,3156440
2016/11/11,0,2723492,-7030750,-4307258
2016/11/14,0,2242712,-6255955,-4013243
2016/11/15,0,1630408,-4650129,-3019721
2016/11/16,0,2187000,-2312893,-125893
2016/11/17,0,1675744,-2345000,-669256
2016/11/18,0,3248000,-5256052,-2008052
2016/11/21,0,1802000,-1329650,472350
2016/11/22,0,3215000,-1419426,1795574
2016/11/23,0,2324576,-1302790,1021786
2016/11/24,0,991761,-993000,-1239
2016/11/25,0,1319000,-1132416,186584
2016/11/28,0,5297000,-833000,4464000
2016/11/29,0,4797000,-2076009,2720991
2016/11/30,0,8348201,-6771832,1576369
2016/12/01,0,2526763,-1333858,1192905
2016/12/02,0,1451000,-2196123,-745123
2016/12/05,0,2091000,-2338687,-247687
2016/12/06,0,2885778,-1324895,1560883
2016/12/07,0,3072000,-812852,2259148
2016/12/08,0,6921000,-989560,5931440
2016/12/09,0,4417784,-857072,3560712
2016/12/12,0,1480291,-750601,729690
2016/12/13,0,2140197,-1490438,649759
2016/12/14,0,4070390,-714000,3356390
2016/12/15,0,3540000,-1693000,1847000
2016/12/16,0,4348572,-6049263,-1700691
2016/12/19,0,1621323,-1336000,285323
2016/12/20,0,1578648,-716000,862648
2016/12/21,0,2751000,-1474928,1276072
2016/12/22,0,1122720,-3015454,-1892734
2016/12/23,0,1964408,-3668000,-1703592
2016/12/26,0,232000,-427000,-195000
2016/12/27,0,262000,-395000,-133000
2016/12/28,0,1555502,-899000,656502
2016/12/29,0,2068821,-3091052,-1022231
2016/12/30,0,2830000,-1250000,1580000
2017/01/02,0,0,0,0
2017/01/03,0,1137000,-1872000,-735000
2017/01/04,0,3302000,-1900066,1401934
2017/01/05,0,4458298,-3208000,1250298
2017/01/06,0,3982000,-987000,2995000
2017/01/09,0,1529780,-629000,900780
2017/01/10,0,3152000,-1467000,1685000
2017/01/11,0,3209000,-815000,2394000
2017/01/12,0,4827666,-1116000,3711666
2017/01/13,0,3379826,-1134000,2245826
2017/01/16,0,1210000,-1122234,87766
2017/01/17,0,2810974,-611000,2199974
2017/01/18,0,1885593,-5181462,-3295869
2017/01/19,0,3040000,-3178753,-138753
2017/01/20,0,2003540,-1899934,103606
2017/01/23,0,5156044,-3139630,2016414
2017/01/24,0,5788565,-4996132,792433
2017/01/25,0,0,0,0
2017/01/26,0,0,0,0
2017/01/27,0,0,0,0
2017/01/30,0,0,0,0
2017/01/31,0,0,0,0
2017/02/01,0,0,0,0
2017/02/02,0,5815622,-8277857,-2462235
2017/02/03,0,1858000,-3899822,-2041822
2017/02/06,0,2811784,-3684393,-872609
2017/02/07,0,2426370,-1602780,823590
2017/02/08,0,3706568,-7276066,-3569498
2017/02/09,0,2693000,-3479800,-786800
2017/02/10,0,5402600,-2055800,3346800
2017/02/13,0,3208270,-1765815,1442455
2017/02/14,0,3331000,-5078008,-1747008
2017/02/15,0,9877819,-3853075,6024744
2017/02/16,0,7139200,-7158000,-18800
2017/02/17,0,2836000,-1431700,1404300
2017/02/20,0,1590731,-941115,649616
2017/02/21,0,1671000,-737000,934000
2017/02/22,0,1116472,-1725462,-608990
2017/02/23,0,2142000,-919984,1222016
2017/02/24,0,2075483,-1780970,294513
2017/02/27,0,0,0,0
2017/02/28,0,0,0,0
2017/03/01,0,2138883,-2889485,-750602
2017/03/02,0,2431000,-1693476,737524
2017/03/03,0,3842449,-4539707,-697258
2017/03/06,0,2037273,-2540054,-502781
2017/03/07,0,2671300,-1345036,1326264
2017/03/08,0,1688890,-3167815,-1478925
2017/03/09,0,3913000,-8707026,-4794026
2017/03/10,0,2685777,-2616233,69544
2017/03/13,0,1552210,-1107655,444555
2017/03/14,0,3347665,-1324937,2022728
2017/03/15,0,1897000,-1740146,156854
2017/03/16,0,4710900,-1953403,2757497
2017/03/17,0,6569960,-5496142,1073818
2017/03/20,0,1297000,-1192972,104028
2017/03/21,0,5770344,-1707068,4063276
2017/03/22,0,2085000,-2890487,-805487
2017/03/23,0,1232091,-649114,582977
2017/03/24,0,2822535,-1198875,1623660
2017/03/27,0,2281000,-1285378,995622
2017/03/28,0,5092000,-2194539,2897461
2017/03/29,0,2732746,-3113821,-381075
2017/03/30,0,2778000,-3024541,-246541
2017/03/31,0,3527807,-4387010,-859203
2017/04/03,0,0,0,0
2017/04/04,0,0,0,0
2017/04/05,0,8837087,-9051451,-214364
2017/04/06,0,3469000,-3921858,-452858
2017/04/07,0,2224898,-3948000,-1723102
2017/04/10,0,2953305,-3109763,-156458
2017/04/11,0,7544801,-3117156,4427645
2017/04/12,0,3915485,-2642201,1273284
2017/04/13,0,3424961,-1418000,2006961
2017/04/14,0,3013000,-1301000,1712000
2017/04/17,0,3584000,-861000,2723000
2017/04/18,0,3478000,-599725,2878275
2017/04/19,0,3303453,-3771110,-467657
2017/04/20,0,3036375,-1891514,1144861
2017/04/21,0,2393000,-1032045,1360955
2017/04/24,0,1832042,-1095856,736186
2017/04/25,0,4498479,-1470000,3028479
2017/04/26,0,8269000,-1705227,6563773
2017/04/27,0,1937732,-1245178,692554
2017/04/28,0,2276980,-4933972,-2656992
2017/05/01,0,0,0,0
2017/05/02,0,2463000,-1468000,995000
2017/05/03,0,1493000,-1661496,-168496
2017/05/04,0,2252000,-1554700,697300
2017/05/05,0,2641170,-2849000,-207830
2017/05/08,0,3330593,-3264659,65934
2017/05/09,0,1414495,-5565000,-4150505
2017/05/10,0,2382930,-4445000,-2062070
2017/05/11,0,2823470,-4343000,-1519530
2017/05/12,0,2447816,-3844000,-1396184
2017/05/15,0,2555905,-3329000,-773095
2017/05/16,0,2790000,-5285315,-2495315
2017/05/17,0,2397745,-1833000,564745
2017/05/18,0,1570330,-959519,610811
2017/05/19,0,1891056,-1370840,520216
2017/05/22,0,4583584,-4893079,-309495
2017/05/23,0,3721698,-3298567,423131
2017/05/24,0,3912019,-1454000,2458019
2017/05/25,0,4866323,-1927617,2938706
2017/05/26,0,0,0,0
2017/05/29,0,0,0,0
2017/05/30,0,0,0,0
2017/05/31,0,10759952,-8969120,1790832
2017/06/01,0,3077885,-1931061,1146824
2017/06/02,0,1462090,-2134061,-671971
2017/06/05,0,2268064,-2124000,144064
2017/06/06,0,1768890,-1253000,515890
2017/06/07,0,2552000,-3050901,-498901
2017/06/08,0,1356760,-3593000,-2236240
2017/06/09,0,3590000,-4154000,-564000
2017/06/12,0,1511126,-5128542,-3617416
2017/06/13,0,899033,-1574160,-675127
2017/06/14,0,1564000,-1927505,-363505
2017/06/15,0,1119151,-2828000,-1708849
2017/06/16,0,2536121,-5312209,-2776088
2017/06/19,0,724090,-478000,246090
2017/06/20,0,365156,-745000,-379844
2017/06/21,0,3742061,-5307300,-1565239
2017/06/22,0,1469030,-1876133,-407103
2017/06/23,0,2000937,-1815500,185437
2017/06/26,0,17699160,-14296660,3402500
2017/06/27,0,2548318,-2049000,499318
2017/06/28,0,2212476,-2543000,-330524
2017/06/29,0,1342000,-1016000,326000
2017/06/30,0,2376000,-2686000,-310000
2017/07/03,0,1515000,-1674000,-159000
2017/07/04,0,769000,-1860000,-1091000
2017/07/05,0,2316000,-1564000,752000
2017/07/06,0,1304000,-3109761,-1805761
2017/07/07,0,547680,-1276940,-729260
2017/07/10,0,952393,-3425194,-2472801
2017/07/11,0,3671938,-3985459,-313521
2017/07/12,0,3282000,-1400416,1881584
2017/07/13,0,3109010,-2327303,781707
2017/07/14,0,1737551,-2161003,-423452
2017/07/17,0,1442000,-676221,765779
2017/07/18,0,1280972,-1436000,-155028
2017/07/19,0,2222000,-1566000,656000
2017/07/20,0,876695,-1621521,-744826
2017/07/21,0,905607,-1470126,-564519
2017/07/24,0,2280571,-980736,1299835
2017/07/25,0,1114000,-1580401,-466401
2017/07/26,0,917594,-2297454,-1379860
2017/07/27,0,2868000,-708775,2159225
2017/07/28,0,1909000,-1238229,670771
2017/07/31,0,5390000,-6726705,-1336705
2017/08/01,0,2706000,-2828300,-122300
2017/08/02,0,1025840,-586418,439422
2017/08/03,0,2810000,-1516829,1293171
2017/08/04,0,930000,-783725,146275
2017/08/07,0,1271192,-613383,657809
2017/08/08,0,1575466,-1416505,158961
2017/08/09,0,2602635,-2849004,-246369
2017/08/10,0,1149180,-1366978,-217798
2017/08/11,0,609000,-1535824,-926824
2017/08/14,0,1729032,-258924,1470108
2017/08/15,0,1224000,-1178733,45267
2017/08/16,0,2294272,-3086000,-791728
2017/08/17,0,2053173,-671625,1381548
2017/08/18,0,2515000,-1433648,1081352
