Date,Open,Buy,Sell,Total
2007/01/02,0,0,0,0
2007/01/03,0,127000,-590,126410
2007/01/04,0,0,0,0
2007/01/05,0,16000,-117646,-101646
2007/01/08,0,0,0,0
2007/01/09,0,0,-160000,-160000
2007/01/10,0,0,-41000,-41000
2007/01/11,0,4000,0,4000
2007/01/12,0,128000,0,128000
2007/01/15,0,0,0,0
2007/01/16,0,125000,-61500,63500
2007/01/17,0,34000,0,34000
2007/01/18,0,0,-43000,-43000
2007/01/19,0,0,-397000,-397000
2007/01/22,0,132000,-5000,127000
2007/01/23,0,0,-222000,-222000
2007/01/24,0,558000,-26000,532000
2007/01/25,0,36000,0,36000
2007/01/26,0,0,-18000,-18000
2007/01/29,0,0,-3000,-3000
2007/01/30,0,186000,-64000,122000
2007/01/31,0,700000,0,700000
2007/02/01,0,98000,0,98000
2007/02/02,0,9000,0,9000
2007/02/05,0,72000,0,72000
2007/02/06,0,114000,0,114000
2007/02/07,0,0,0,0
2007/02/08,0,9000,-91000,-82000
2007/02/09,0,208000,0,208000
2007/02/12,0,114000,-39000,75000
2007/02/13,0,234000,-66000,168000
2007/02/14,0,42000,-8000,34000
2007/02/15,0,0,0,0
2007/02/16,0,0,0,0
2007/02/19,0,0,0,0
2007/02/20,0,0,0,0
2007/02/21,0,0,0,0
2007/02/22,0,0,0,0
2007/02/23,0,0,0,0
2007/02/26,0,0,0,0
2007/02/27,0,159000,0,159000
2007/02/28,0,0,0,0
2007/03/01,0,36000,-100000,-64000
2007/03/02,0,70000,0,70000
2007/03/05,0,200000,-25000,175000
2007/03/06,0,249000,-130000,119000
2007/03/07,0,1087000,0,1087000
2007/03/08,0,0,-90000,-90000
2007/03/09,0,0,0,0
2007/03/12,0,20000,-3000,17000
2007/03/13,0,0,-98000,-98000
2007/03/14,0,612000,-13000,599000
2007/03/15,0,1005000,-12000,993000
2007/03/16,0,12000,0,12000
2007/03/19,0,147000,0,147000
2007/03/20,0,0,-17000,-17000
2007/03/21,0,0,-33000,-33000
2007/03/22,0,417000,-16000,401000
2007/03/23,0,100000,-48000,52000
2007/03/26,0,34000,0,34000
2007/03/27,0,450000,0,450000
2007/03/28,0,73000,-182570,-109570
2007/03/29,0,0,-11000,-11000
2007/03/30,0,0,-60000,-60000
2007/04/02,0,605000,0,605000
2007/04/03,0,0,-171000,-171000
2007/04/04,0,43000,-2000,41000
2007/04/05,0,0,0,0
2007/04/06,0,0,0,0
2007/04/09,0,200000,-5000,195000
2007/04/10,0,466000,-12000,454000
2007/04/11,0,5000,-144000,-139000
2007/04/12,0,64000,-44000,20000
2007/04/13,0,195000,-826000,-631000
2007/04/16,0,100000,-40000,60000
2007/04/17,0,252000,-41000,211000
2007/04/18,0,45000,-35000,10000
2007/04/19,0,32000,-35000,-3000
2007/04/20,0,70000,-85000,-15000
2007/04/23,0,37000,-25000,12000
2007/04/24,0,1000000,-10000,990000
2007/04/25,0,127000,-236000,-109000
2007/04/26,0,0,-300000,-300000
2007/04/27,0,0,0,0
2007/04/30,0,0,0,0
2007/05/01,0,0,0,0
2007/05/02,0,67000,0,67000
2007/05/03,0,32000,-60000,-28000
2007/05/04,0,522000,-373000,149000
2007/05/07,0,182000,0,182000
2007/05/08,0,250000,-7000,243000
2007/05/09,0,150000,-201000,-51000
2007/05/10,0,227000,-17000,210000
2007/05/11,0,0,-1000,-1000
2007/05/14,0,12000,0,12000
2007/05/15,0,74000,-1000,73000
2007/05/16,0,39000,-7000,32000
2007/05/17,0,45000,-36000,9000
2007/05/18,0,0,-20000,-20000
2007/05/21,0,15000,0,15000
2007/05/22,0,598000,-270000,328000
2007/05/23,0,212000,-114000,98000
2007/05/24,0,276000,0,276000
2007/05/25,0,563000,-50000,513000
2007/05/28,0,250000,0,250000
2007/05/29,0,110000,0,110000
2007/05/30,0,286000,-50000,236000
2007/05/31,0,200000,-140000,60000
2007/06/01,0,29000,-170000,-141000
2007/06/04,0,6000,-140000,-134000
2007/06/05,0,0,-80000,-80000
2007/06/06,0,38000,0,38000
2007/06/07,0,0,0,0
2007/06/08,0,100000,0,100000
2007/06/11,0,0,-49000,-49000
2007/06/12,0,158000,-383000,-225000
2007/06/13,0,0,0,0
2007/06/14,0,40000,-10000,30000
2007/06/15,0,72000,-45000,27000
2007/06/18,0,0,0,0
2007/06/19,0,0,0,0
2007/06/20,0,262000,-1000,261000
2007/06/21,0,537000,-258000,279000
2007/06/22,0,950000,-135000,815000
2007/06/25,0,26000,-929000,-903000
2007/06/26,0,945000,-431000,514000
2007/06/27,0,3800000,-150000,3650000
2007/06/28,0,60000,0,60000
2007/06/29,0,8000,-20000,-12000
2007/07/02,0,676000,0,676000
2007/07/03,0,70000,-500000,-430000
2007/07/04,0,103000,-21000,82000
2007/07/05,0,410000,-146000,264000
2007/07/06,0,62000,-320000,-258000
2007/07/09,0,10000,-1325000,-1315000
2007/07/10,0,260000,-550000,-290000
2007/07/11,0,0,0,0
2007/07/12,0,200000,-64000,136000
2007/07/13,0,657000,-700000,-43000
2007/07/16,0,4108000,0,4108000
2007/07/17,0,2427000,-17000,2410000
2007/07/18,0,116000,0,116000
2007/07/19,0,267000,-6000,261000
2007/07/20,0,174000,-629000,-455000
2007/07/23,0,200000,0,200000
2007/07/24,0,411000,0,411000
2007/07/25,0,336000,0,336000
2007/07/26,0,584000,-300000,284000
2007/07/27,0,461000,0,461000
2007/07/30,0,701000,0,701000
2007/07/31,0,10000,-5000,5000
2007/08/01,0,174000,-356000,-182000
2007/08/02,0,5000,-243000,-238000
2007/08/03,0,117000,-50000,67000
2007/08/06,0,340000,0,340000
2007/08/07,0,752000,0,752000
2007/08/08,0,470000,-220000,250000
2007/08/09,0,7000,0,7000
2007/08/10,0,890000,-111000,779000
2007/08/13,0,143000,-21000,122000
2007/08/14,0,1171000,0,1171000
2007/08/15,0,19000,-40000,-21000
2007/08/16,0,221000,0,221000
2007/08/17,0,345000,-500000,-155000
2007/08/20,0,76000,-300000,-224000
2007/08/21,0,20000,0,20000
2007/08/22,0,88000,-3000,85000
2007/08/23,0,0,-300000,-300000
2007/08/24,0,0,-9000,-9000
2007/08/27,0,12000,-224000,-212000
2007/08/28,0,80000,-41000,39000
2007/08/29,0,20000,-536000,-516000
2007/08/30,0,127000,-636000,-509000
2007/08/31,0,1491000,-363000,1128000
2007/09/03,0,362000,-15000,347000
2007/09/04,0,1769000,-108000,1661000
2007/09/05,0,0,-456000,-456000
2007/09/06,0,0,-2130000,-2130000
2007/09/07,0,402000,-656000,-254000
2007/09/10,0,0,-1836000,-1836000
2007/09/11,0,0,-590000,-590000
2007/09/12,0,51000,-30000,21000
2007/09/13,0,0,-1040000,-1040000
2007/09/14,0,0,-183000,-183000
2007/09/17,0,1100000,0,1100000
2007/09/18,0,0,0,0
2007/09/19,0,708000,0,708000
2007/09/20,0,2212000,0,2212000
2007/09/21,0,5817000,-135000,5682000
2007/09/24,0,0,0,0
2007/09/25,0,0,0,0
2007/09/26,0,3987000,-72000,3915000
2007/09/27,0,1381000,-22000,1359000
2007/09/28,0,3032000,-13000,3019000
2007/10/01,0,506000,-891000,-385000
2007/10/02,0,1401000,-63000,1338000
2007/10/03,0,1050000,-2000,1048000
2007/10/04,0,350000,-1124000,-774000
2007/10/05,0,684000,-2142000,-1458000
2007/10/08,0,406000,-15000,391000
2007/10/09,0,300000,0,300000
2007/10/10,0,0,0,0
2007/10/11,0,276000,-1085000,-809000
2007/10/12,0,934000,0,934000
2007/10/15,0,58000,-2627000,-2569000
2007/10/16,0,980000,-1448000,-468000
2007/10/17,0,114000,-835000,-721000
2007/10/18,0,0,-200000,-200000
2007/10/19,0,0,-943000,-943000
2007/10/22,0,80000,-522000,-442000
2007/10/23,0,39000,-2000,37000
2007/10/24,0,0,0,0
2007/10/25,0,0,-847000,-847000
2007/10/26,0,0,-80000,-80000
2007/10/29,0,657000,-250000,407000
2007/10/30,0,221000,0,221000
2007/10/31,0,787000,-20000,767000
2007/11/01,0,476000,-1000,475000
2007/11/02,0,100000,-150000,-50000
2007/11/05,0,184000,-1920000,-1736000
2007/11/06,0,1000,0,1000
2007/11/07,0,1326000,-10000,1316000
2007/11/08,0,917000,0,917000
2007/11/09,0,657000,0,657000
2007/11/12,0,27000,0,27000
2007/11/13,0,526000,0,526000
2007/11/14,0,296000,-20000,276000
2007/11/15,0,101000,-1260000,-1159000
2007/11/16,0,17000,-850000,-833000
2007/11/19,0,120000,-2888000,-2768000
2007/11/20,0,139000,-602000,-463000
2007/11/21,0,126000,-246000,-120000
2007/11/22,0,7000,-981000,-974000
2007/11/23,0,44000,-165000,-121000
2007/11/26,0,887000,-201000,686000
2007/11/27,0,758000,0,758000
2007/11/28,0,722000,0,722000
2007/11/29,0,5000,-20000,-15000
2007/11/30,0,19000,-10000,9000
2007/12/03,0,699000,-19000,680000
2007/12/04,0,191000,0,191000
2007/12/05,0,6000,-191000,-185000
2007/12/06,0,102000,-93000,9000
2007/12/07,0,0,-15000,-15000
2007/12/10,0,680000,0,680000
2007/12/11,0,171000,-1391000,-1220000
2007/12/12,0,500000,-112000,388000
2007/12/13,0,287000,-101000,186000
2007/12/14,0,1210000,-60000,1150000
2007/12/17,0,445000,-2000,443000
2007/12/18,0,1151000,-19000,1132000
2007/12/19,0,873000,-60000,813000
2007/12/20,0,436000,-17000,419000
2007/12/21,0,871000,0,871000
2007/12/24,0,821000,-213000,608000
2007/12/25,0,400000,-621000,-221000
2007/12/26,0,500000,-97000,403000
2007/12/27,0,587000,-50000,537000
2007/12/28,0,0,-303000,-303000
2007/12/31,0,100000,-598000,-498000
2008/01/01,0,0,0,0
2008/01/02,0,134000,-25000,109000
2008/01/03,0,150000,-816000,-666000
2008/01/04,0,298000,-686000,-388000
2008/01/07,0,1034000,0,1034000
2008/01/08,0,2890000,-51000,2839000
2008/01/09,0,6432000,-402000,6030000
2008/01/10,0,1643000,-13000,1630000
2008/01/11,0,725000,-10000,715000
2008/01/14,0,4819000,-278000,4541000
2008/01/15,0,346000,-517000,-171000
2008/01/16,0,622000,-1742000,-1120000
2008/01/17,0,292000,-214000,78000
2008/01/18,0,3000,-3182000,-3179000
2008/01/21,0,419000,-1106000,-687000
2008/01/22,0,23000,-598000,-575000
2008/01/23,0,89000,-108000,-19000
2008/01/24,0,85000,0,85000
2008/01/25,0,199000,-197000,2000
2008/01/28,0,2000,-1416000,-1414000
2008/01/29,0,8000,-844000,-836000
2008/01/30,0,1195000,-2688960,-1493960
2008/01/31,0,790000,-1810000,-1020000
2008/02/01,0,2061000,-150000,1911000
2008/02/04,0,0,0,0
2008/02/05,0,0,0,0
2008/02/06,0,0,0,0
2008/02/07,0,0,0,0
2008/02/08,0,0,0,0
2008/02/11,0,0,0,0
2008/02/12,0,1325000,-1481000,-156000
2008/02/13,0,2834000,-960000,1874000
2008/02/14,0,334000,-2880000,-2546000
2008/02/15,0,32000,-2475000,-2443000
2008/02/18,0,405000,-196000,209000
2008/02/19,0,1106000,-2538000,-1432000
2008/02/20,0,1454000,-1403000,51000
2008/02/21,0,20000,0,20000
2008/02/22,0,0,-440000,-440000
2008/02/25,0,243000,-375000,-132000
2008/02/26,0,405000,-640000,-235000
2008/02/27,0,50000,-21000,29000
2008/02/28,0,0,0,0
2008/02/29,0,152000,-502000,-350000
2008/03/03,0,1000,-178000,-177000
2008/03/04,0,1275000,-23000,1252000
2008/03/05,0,1995000,-207000,1788000
2008/03/06,0,117000,-758000,-641000
2008/03/07,0,110000,-165000,-55000
2008/03/10,0,10000,-245000,-235000
2008/03/11,0,277000,-2446000,-2169000
2008/03/12,0,305000,-1892000,-1587000
2008/03/13,0,5000,-71000,-66000
2008/03/14,0,87000,0,87000
2008/03/17,0,45000,0,45000
2008/03/18,0,1588000,-268000,1320000
2008/03/19,0,279000,0,279000
2008/03/20,0,964000,0,964000
2008/03/21,0,399000,0,399000
2008/03/24,0,267000,-187000,80000
2008/03/25,0,110000,-1845000,-1735000
2008/03/26,0,10000,-2224000,-2214000
2008/03/27,0,12000,-15000,-3000
2008/03/28,0,114000,-717000,-603000
2008/03/31,0,409000,-495000,-86000
2008/04/01,0,6000,-1480000,-1474000
2008/04/02,0,0,-100000,-100000
2008/04/03,0,4000,-2936000,-2932000
2008/04/04,0,0,0,0
2008/04/07,0,74000,-2019000,-1945000
2008/04/08,0,605000,-585000,20000
2008/04/09,0,56000,-1638000,-1582000
2008/04/10,0,4000,-350000,-346000
2008/04/11,0,840000,-734000,106000
2008/04/14,0,0,-158000,-158000
2008/04/15,0,1000,-130000,-129000
2008/04/16,0,0,-576000,-576000
2008/04/17,0,302000,-1743000,-1441000
2008/04/18,0,21000,-678000,-657000
2008/04/21,0,9000,-89000,-80000
2008/04/22,0,37000,-1083000,-1046000
2008/04/23,0,9000,-2074000,-2065000
2008/04/24,0,13000,-1290000,-1277000
2008/04/25,0,5000,-349000,-344000
2008/04/28,0,57000,0,57000
2008/04/29,0,9000,-1828240,-1819240
2008/04/30,0,61000,-3199000,-3138000
2008/05/01,0,0,0,0
2008/05/02,0,45000,-170000,-125000
2008/05/05,0,78000,-7000,71000
2008/05/06,0,35000,-250000,-215000
2008/05/07,0,31000,-650000,-619000
2008/05/08,0,213000,-794000,-581000
2008/05/09,0,693000,-50000,643000
2008/05/12,0,553000,-8000,545000
2008/05/13,0,2495000,-20000,2475000
2008/05/14,0,2392000,0,2392000
2008/05/15,0,12000,0,12000
2008/05/16,0,1790000,-59000,1731000
2008/05/19,0,112000,-311000,-199000
2008/05/20,0,1615000,-421000,1194000
2008/05/21,0,130000,-64000,66000
2008/05/22,0,30000,-250000,-220000
2008/05/23,0,61000,-6000,55000
2008/05/26,0,103000,0,103000
2008/05/27,0,2556000,-118000,2438000
2008/05/28,0,62000,-440000,-378000
2008/05/29,0,35000,0,35000
2008/05/30,0,58000,-11000,47000
2008/06/02,0,447000,0,447000
2008/06/03,0,940000,-119000,821000
2008/06/04,0,9000,-1069000,-1060000
2008/06/05,0,106000,-447000,-341000
2008/06/06,0,5000,-414000,-409000
2008/06/09,0,5000,0,5000
2008/06/10,0,1091000,0,1091000
2008/06/11,0,890000,0,890000
2008/06/12,0,68000,0,68000
2008/06/13,0,165000,-35000,130000
2008/06/16,0,0,-8000,-8000
2008/06/17,0,958000,0,958000
2008/06/18,0,555000,0,555000
2008/06/19,0,150000,-793000,-643000
2008/06/20,0,106000,-1427000,-1321000
2008/06/23,0,47000,-100000,-53000
2008/06/24,0,20000,0,20000
2008/06/25,0,102000,-459000,-357000
2008/06/26,0,0,-1455000,-1455000
2008/06/27,0,5000,-245000,-240000
2008/06/30,0,51000,-143000,-92000
2008/07/01,0,1028000,0,1028000
2008/07/02,0,100000,-7000,93000
2008/07/03,0,705000,-1000,704000
2008/07/04,0,41000,-505000,-464000
2008/07/07,0,572000,-81000,491000
2008/07/08,0,250000,0,250000
2008/07/09,0,1366000,-90000,1276000
2008/07/10,0,0,-233000,-233000
2008/07/11,0,1779000,-400000,1379000
2008/07/14,0,802000,-295000,507000
2008/07/15,0,16000,0,16000
2008/07/16,0,831000,-50000,781000
2008/07/17,0,1649000,-1520000,129000
2008/07/18,0,319000,-246000,73000
2008/07/21,0,1049000,0,1049000
2008/07/22,0,138000,-7350,130650
2008/07/23,0,517000,-69000,448000
2008/07/24,0,5022000,-23000,4999000
2008/07/25,0,301000,0,301000
2008/07/28,0,0,0,0
2008/07/29,0,17000,-9000,8000
2008/07/30,0,12000,-85000,-73000
2008/07/31,0,43000,0,43000
2008/08/01,0,1783000,0,1783000
2008/08/04,0,1042000,-13000,1029000
2008/08/05,0,0,0,0
2008/08/06,0,12000,-64000,-52000
2008/08/07,0,0,0,0
2008/08/08,0,43000,-30000,13000
2008/08/11,0,271000,-241000,30000
2008/08/12,0,365000,-512000,-147000
2008/08/13,0,44000,0,44000
2008/08/14,0,11000,-6000,5000
2008/08/15,0,40000,0,40000
2008/08/18,0,7000,-26000,-19000
2008/08/19,0,0,-46000,-46000
2008/08/20,0,6000,-19000,-13000
2008/08/21,0,791000,-21000,770000
2008/08/22,0,715000,0,715000
2008/08/25,0,1825000,0,1825000
2008/08/26,0,84000,-34000,50000
2008/08/27,0,0,-815000,-815000
2008/08/28,0,0,-120000,-120000
2008/08/29,0,4000,-195000,-191000
2008/09/01,0,5000,-90000,-85000
2008/09/02,0,14000,-1526000,-1512000
2008/09/03,0,237000,-93000,144000
2008/09/04,0,45000,-2000,43000
2008/09/05,0,24000,0,24000
2008/09/08,0,187000,0,187000
2008/09/09,0,44000,-909000,-865000
2008/09/10,0,101000,-755000,-654000
2008/09/11,0,0,0,0
2008/09/12,0,1300000,-3000,1297000
2008/09/15,0,1100000,0,1100000
2008/09/16,0,272000,-13000,259000
2008/09/17,0,447000,-4000,443000
2008/09/18,0,532000,0,532000
2008/09/19,0,850000,-2000,848000
2008/09/22,0,574000,-262000,312000
2008/09/23,0,342000,-104000,238000
2008/09/24,0,340000,-2610000,-2270000
2008/09/25,0,542000,-559000,-17000
2008/09/26,0,2295000,0,2295000
2008/09/29,0,0,0,0
2008/09/30,0,553000,0,553000
2008/10/01,0,401000,-815000,-414000
2008/10/02,0,2932000,-17000,2915000
2008/10/03,0,2677000,-26000,2651000
2008/10/06,0,200000,-38000,162000
2008/10/07,0,717000,-24000,693000
2008/10/08,0,1509000,-158000,1351000
2008/10/09,0,2562000,-317000,2245000
2008/10/10,0,0,0,0
2008/10/13,0,2646000,0,2646000
2008/10/14,0,2148000,0,2148000
2008/10/15,0,1325000,-300000,1025000
2008/10/16,0,33000,-495000,-462000
2008/10/17,0,73000,-3090000,-3017000
2008/10/20,0,424000,-26000,398000
2008/10/21,0,848000,-636000,212000
2008/10/22,0,519000,-334000,185000
2008/10/23,0,540000,-1850000,-1310000
2008/10/24,0,1133000,-112000,1021000
2008/10/27,0,1017000,-193000,824000
2008/10/28,0,1769000,-1322000,447000
2008/10/29,0,885000,-14000,871000
2008/10/30,0,3057000,-26000,3031000
2008/10/31,0,2044000,-20000,2024000
2008/11/03,0,1232000,-385000,847000
2008/11/04,0,150000,-788000,-638000
2008/11/05,0,80000,-1594000,-1514000
2008/11/06,0,209000,-1707000,-1498000
2008/11/07,0,410000,-157000,253000
2008/11/10,0,617000,-291000,326000
2008/11/11,0,452000,-3000,449000
2008/11/12,0,1154000,-809000,345000
2008/11/13,0,509000,-219000,290000
2008/11/14,0,329000,-32000,297000
2008/11/17,0,782000,-50000,732000
2008/11/18,0,2467000,-969000,1498000
2008/11/19,0,4410000,-100000,4310000
2008/11/20,0,243000,-487000,-244000
2008/11/21,0,101000,-6347000,-6246000
2008/11/24,0,298000,-8738000,-8440000
2008/11/25,0,206000,-3864695,-3658695
2008/11/26,0,48000,-1032000,-984000
2008/11/27,0,146000,-60000,86000
2008/11/28,0,55000,-1674000,-1619000
2008/12/01,0,275000,-250305,24695
2008/12/02,0,825000,-677000,148000
2008/12/03,0,452000,-541000,-89000
2008/12/04,0,19000,-335000,-316000
2008/12/05,0,400000,-255000,145000
2008/12/08,0,345000,-513000,-168000
2008/12/09,0,90000,-1851000,-1761000
2008/12/10,0,12000,-1316000,-1304000
2008/12/11,0,133000,-3138000,-3005000
2008/12/12,0,64000,-2726000,-2662000
2008/12/15,0,332000,-1464000,-1132000
2008/12/16,0,0,-4283000,-4283000
2008/12/17,0,2609000,-4075000,-1466000
2008/12/18,0,234000,-757000,-523000
2008/12/19,0,606000,-936000,-330000
2008/12/22,0,74000,-65000,9000
2008/12/23,0,463000,0,463000
2008/12/24,0,296000,-1956000,-1660000
2008/12/25,0,4000,-2092000,-2088000
2008/12/26,0,329000,0,329000
2008/12/29,0,0,0,0
2008/12/30,0,51000,0,51000
2008/12/31,0,0,-180000,-180000
2009/01/01,0,0,0,0
2009/01/02,0,0,0,0
2009/01/05,0,169000,-567000,-398000
2009/01/06,0,933000,-663000,270000
2009/01/07,0,2018000,-56000,1962000
2009/01/08,0,6761000,-120000,6641000
2009/01/09,0,2360000,-200000,2160000
2009/01/12,0,5065000,-25000,5040000
2009/01/13,0,1066000,-153000,913000
2009/01/14,0,1782000,-18000,1764000
2009/01/15,0,0,-323000,-323000
2009/01/16,0,217000,0,217000
2009/01/19,0,1713000,-467000,1246000
2009/01/20,0,560000,-10000,550000
2009/01/21,0,545000,-385000,160000
2009/01/22,0,0,0,0
2009/01/23,0,0,0,0
2009/01/26,0,0,0,0
2009/01/27,0,0,0,0
2009/01/28,0,0,0,0
2009/01/29,0,0,0,0
2009/01/30,0,0,0,0
2009/02/02,0,3545000,0,3545000
2009/02/03,0,964000,-1775000,-811000
2009/02/04,0,218000,-889000,-671000
2009/02/05,0,45000,-1595000,-1550000
2009/02/06,0,558000,-1482000,-924000
2009/02/09,0,800000,-858000,-58000
2009/02/10,0,68000,-531000,-463000
2009/02/11,0,50000,-17000,33000
2009/02/12,0,100000,-1364000,-1264000
2009/02/13,0,0,-670000,-670000
2009/02/16,0,20000,-1120640,-1100640
2009/02/17,0,0,-250000,-250000
2009/02/18,0,1235000,-215000,1020000
2009/02/19,0,0,-995000,-995000
2009/02/20,0,99000,-751000,-652000
2009/02/23,0,75000,-82000,-7000
2009/02/24,0,10000,-1335000,-1325000
2009/02/25,0,0,-250000,-250000
2009/02/26,0,0,-1780000,-1780000
2009/02/27,0,1206000,-116000,1090000
2009/03/02,0,0,-2277000,-2277000
2009/03/03,0,9000,-865000,-856000
2009/03/04,0,239000,-3000,236000
2009/03/05,0,80000,0,80000
2009/03/06,0,88000,-2318000,-2230000
2009/03/09,0,638000,-1044000,-406000
2009/03/10,0,1032000,-248000,784000
2009/03/11,0,253000,-187000,66000
2009/03/12,0,1288000,-794000,494000
2009/03/13,0,297000,-967000,-670000
2009/03/16,0,144000,-654000,-510000
2009/03/17,0,2200000,-320000,1880000
2009/03/18,0,350000,-750000,-400000
2009/03/19,0,350000,-803000,-453000
2009/03/20,0,500000,-1184000,-684000
2009/03/23,0,387000,-16000,371000
2009/03/24,0,505000,-119000,386000
2009/03/25,0,108000,-514000,-406000
2009/03/26,0,0,-879000,-879000
2009/03/27,0,0,-277000,-277000
2009/03/30,0,0,-1659000,-1659000
2009/03/31,0,0,-31000,-31000
2009/04/01,0,500000,-609000,-109000
2009/04/02,0,42000,-3508000,-3466000
2009/04/03,0,500000,-880000,-380000
2009/04/06,0,60000,-746000,-686000
2009/04/07,0,266000,-746000,-480000
2009/04/08,0,493000,-867000,-374000
2009/04/09,0,610000,-505000,105000
2009/04/10,0,100000,-46000,54000
2009/04/13,0,175000,-70000,105000
2009/04/14,0,20000,-820000,-800000
2009/04/15,0,100000,-1249000,-1149000
2009/04/16,0,180000,-122000,58000
2009/04/17,0,25000,-908000,-883000
2009/04/20,0,0,0,0
2009/04/21,0,13000,-218000,-205000
2009/04/22,0,37000,-453000,-416000
2009/04/23,0,0,-726000,-726000
2009/04/24,0,0,-187000,-187000
2009/04/27,0,74000,-177000,-103000
2009/04/28,0,5000,0,5000
2009/04/29,0,3000,0,3000
2009/04/30,0,36000,-192000,-156000
2009/05/01,0,0,0,0
2009/05/04,0,463000,-7000,456000
2009/05/05,0,263000,0,263000
2009/05/06,0,10000,-41000,-31000
2009/05/07,0,1916000,-43000,1873000
2009/05/08,0,388000,-19000,369000
2009/05/11,0,712000,-760000,-48000
2009/05/12,0,400000,-50000,350000
2009/05/13,0,3000,-70000,-67000
2009/05/14,0,468000,-150000,318000
2009/05/15,0,1537000,0,1537000
2009/05/18,0,6000,-39000,-33000
2009/05/19,0,2254000,-4014206,-1760206
2009/05/20,0,71000,-504000,-433000
2009/05/21,0,503000,-507000,-4000
2009/05/22,0,452000,-1862000,-1410000
2009/05/25,0,282000,-27000,255000
2009/05/26,0,5093000,-181000,4912000
2009/05/27,0,747000,-250000,497000
2009/05/28,0,0,0,0
2009/05/29,0,0,0,0
2009/06/01,0,619000,-1532000,-913000
2009/06/02,0,19000,-19000,0
2009/06/03,0,0,-46000,-46000
2009/06/04,0,0,-1726000,-1726000
2009/06/05,0,0,-1259000,-1259000
2009/06/08,0,113000,-40000,73000
2009/06/09,0,5000,-11000,-6000
2009/06/10,0,612000,-1917000,-1305000
2009/06/11,0,22000,-100000,-78000
2009/06/12,0,0,-2000,-2000
2009/06/15,0,8000,0,8000
2009/06/16,0,74000,-1000,73000
2009/06/17,0,255000,-25000,230000
2009/06/18,0,194000,0,194000
2009/06/19,0,84000,0,84000
2009/06/22,0,14000,-600000,-586000
2009/06/23,0,0,-1424000,-1424000
2009/06/24,0,345000,-1642000,-1297000
2009/06/25,0,2000,-1315000,-1313000
2009/06/26,0,616000,-1284000,-668000
2009/06/29,0,111000,-277000,-166000
2009/06/30,0,0,-45000,-45000
2009/07/01,0,272000,-909000,-637000
2009/07/02,0,0,-2244000,-2244000
2009/07/03,0,0,-69000,-69000
2009/07/06,0,294000,-199000,95000
2009/07/07,0,207000,-1411000,-1204000
2009/07/08,0,0,-1148000,-1148000
2009/07/09,0,0,-1009000,-1009000
2009/07/10,0,788000,-359000,429000
2009/07/13,0,0,-113000,-113000
2009/07/14,0,0,-670000,-670000
2009/07/15,0,300000,-953000,-653000
2009/07/16,0,0,-147000,-147000
2009/07/17,0,0,-270000,-270000
2009/07/20,0,0,-6000,-6000
2009/07/21,0,0,-1475000,-1475000
2009/07/22,0,0,-401000,-401000
2009/07/23,0,0,-59000,-59000
2009/07/24,0,355000,-151000,204000
2009/07/27,0,500000,-662000,-162000
2009/07/28,0,0,-164000,-164000
2009/07/29,0,4000,-178000,-174000
2009/07/30,0,1600000,-16000,1584000
2009/07/31,0,1501000,-20000,1481000
2009/08/03,0,1550000,0,1550000
2009/08/04,0,4295000,-153000,4142000
2009/08/05,0,2442000,0,2442000
2009/08/06,0,1046000,-512000,534000
2009/08/07,0,0,0,0
2009/08/10,0,17000,-61000,-44000
2009/08/11,0,108000,0,108000
2009/08/12,0,0,0,0
2009/08/13,0,530000,-13000,517000
2009/08/14,0,1085000,-354000,731000
2009/08/17,0,832000,-85000,747000
2009/08/18,0,973000,-1207000,-234000
2009/08/19,0,390000,-150090,239910
2009/08/20,0,186000,-17000,169000
2009/08/21,0,387000,-25000,362000
2009/08/24,0,1294000,0,1294000
2009/08/25,0,2957000,-252360,2704640
2009/08/26,0,2247000,-497970,1749030
2009/08/27,0,2170000,-11030,2158970
2009/08/28,0,0,0,0
2009/08/31,0,1023000,0,1023000
2009/09/01,0,0,-806640,-806640
2009/09/02,0,0,-164000,-164000
2009/09/03,0,883000,-9000,874000
2009/09/04,0,300000,-11000,289000
2009/09/07,0,300000,-73000,227000
2009/09/08,0,75000,-34690,40310
2009/09/09,0,608000,-41080,566920
2009/09/10,0,3248000,0,3248000
2009/09/11,0,584000,0,584000
2009/09/14,0,2500000,-135000,2365000
2009/09/15,0,68000,0,68000
2009/09/16,0,57000,-270000,-213000
2009/09/17,0,25000,0,25000
2009/09/18,0,40000,-272000,-232000
2009/09/21,0,884000,-5000,879000
2009/09/22,0,0,0,0
2009/09/23,0,109000,-286000,-177000
2009/09/24,0,656000,-1003000,-347000
2009/09/25,0,100000,-110000,-10000
2009/09/28,0,13000,0,13000
2009/09/29,0,170000,-788000,-618000
2009/09/30,0,40000,-1184000,-1144000
2009/10/01,0,800000,-321000,479000
2009/10/02,0,20000,-101720,-81720
2009/10/05,0,0,0,0
2009/10/06,0,0,-65000,-65000
2009/10/07,0,0,-1906720,-1906720
2009/10/08,0,0,-651000,-651000
2009/10/09,0,5000,0,5000
2009/10/12,0,0,0,0
2009/10/13,0,64000,-330000,-266000
2009/10/14,0,0,-435000,-435000
2009/10/15,0,0,-290000,-290000
2009/10/16,0,45000,-3000,42000
2009/10/19,0,17000,-41000,-24000
2009/10/20,0,8000,-221000,-213000
2009/10/21,0,57000,-1370000,-1313000
2009/10/22,0,0,-571000,-571000
2009/10/23,0,0,-1633000,-1633000
2009/10/26,0,242000,-450000,-208000
2009/10/27,0,7000,-14010,-7010
2009/10/28,0,0,-494000,-494000
2009/10/29,0,200000,-769000,-569000
2009/10/30,0,101000,-177000,-76000
2009/11/02,0,8000,-276000,-268000
2009/11/03,0,108000,-604000,-496000
2009/11/04,0,7000,-60000,-53000
2009/11/05,0,8000,-513000,-505000
2009/11/06,0,3000,-50000,-47000
2009/11/09,0,8000,-65000,-57000
2009/11/10,0,2337000,-7100,2329900
2009/11/11,0,623000,0,623000
2009/11/12,0,0,-2000,-2000
2009/11/13,0,0,-20000,-20000
2009/11/16,0,506000,-60000,446000
2009/11/17,0,0,-3000,-3000
2009/11/18,0,0,-219000,-219000
2009/11/19,0,647000,-693000,-46000
2009/11/20,0,0,-697000,-697000
2009/11/23,0,0,-606000,-606000
2009/11/24,0,0,-392000,-392000
2009/11/25,0,0,0,0
2009/11/26,0,0,-746000,-746000
2009/11/27,0,0,-519000,-519000
2009/11/30,0,10000,-139000,-129000
2009/12/01,0,0,-753500,-753500
2009/12/02,0,24000,-116000,-92000
2009/12/03,0,0,-64000,-64000
2009/12/04,0,0,-778000,-778000
2009/12/07,0,81000,-953000,-872000
2009/12/08,0,81000,-809000,-728000
2009/12/09,0,0,-144000,-144000
2009/12/10,0,0,-617990,-617990
2009/12/11,0,6000,-1272000,-1266000
2009/12/14,0,0,-14000,-14000
2009/12/15,0,0,-600,-600
2009/12/16,0,0,-411000,-411000
2009/12/17,0,0,-110000,-110000
2009/12/18,0,0,-90000,-90000
2009/12/21,0,205000,-420000,-215000
2009/12/22,0,120000,-11000,109000
2009/12/23,0,2000,0,2000
2009/12/24,0,188000,-547000,-359000
2009/12/25,0,0,-11000,-11000
2009/12/28,0,0,-209000,-209000
2009/12/29,0,0,-132000,-132000
2009/12/30,0,500000,-1346000,-846000
2009/12/31,0,500000,-27000,473000
2010/01/01,0,0,0,0
2010/01/04,0,11000,-1327320,-1316320
2010/01/05,0,591000,-303000,288000
2010/01/06,0,64000,-4285000,-4221000
2010/01/07,0,0,-5000,-5000
2010/01/08,0,115000,-12000,103000
2010/01/11,0,425000,-5000,420000
2010/01/12,0,80000,-13000,67000
2010/01/13,0,0,-2000,-2000
2010/01/14,0,145000,-227000,-82000
2010/01/15,0,53000,-168000,-115000
2010/01/18,0,1000,-898250,-897250
2010/01/19,0,8000,-1156000,-1148000
2010/01/20,0,0,-10000,-10000
2010/01/21,0,0,-206000,-206000
2010/01/22,0,82000,0,82000
2010/01/25,0,0,-850000,-850000
2010/01/26,0,84000,-3000,81000
2010/01/27,0,64000,-366000,-302000
2010/01/28,0,9000,0,9000
2010/01/29,0,10000,0,10000
2010/02/01,0,12000,-531000,-519000
2010/02/02,0,1107000,-14000,1093000
2010/02/03,0,602000,-1000,601000
2010/02/04,0,572000,-247000,325000
2010/02/05,0,290000,0,290000
2010/02/08,0,58000,-4000,54000
2010/02/09,0,325000,0,325000
2010/02/10,0,58000,-107000,-49000
2010/02/11,0,0,0,0
2010/02/12,0,0,0,0
2010/02/15,0,0,0,0
2010/02/16,0,0,0,0
2010/02/17,0,0,0,0
2010/02/18,0,0,0,0
2010/02/19,0,0,0,0
2010/02/22,0,280000,0,280000
2010/02/23,0,654000,0,654000
2010/02/24,0,1911000,0,1911000
2010/02/25,0,631000,0,631000
2010/02/26,0,107000,-6000,101000
2010/03/01,0,520000,0,520000
2010/03/02,0,1533000,0,1533000
2010/03/03,0,0,0,0
2010/03/04,0,500000,-6000,494000
2010/03/05,0,3000,0,3000
2010/03/08,0,0,0,0
2010/03/09,0,280000,0,280000
2010/03/10,0,714000,-8000,706000
2010/03/11,0,202000,-41000,161000
2010/03/12,0,0,-268000,-268000
2010/03/15,0,0,-539000,-539000
2010/03/16,0,0,-7000,-7000
2010/03/17,0,9000,-346000,-337000
2010/03/18,0,5000,-6000,-1000
2010/03/19,0,0,-1275590,-1275590
2010/03/22,0,0,-1370000,-1370000
2010/03/23,0,4000,-1149000,-1145000
2010/03/24,0,0,-129000,-129000
2010/03/25,0,0,-1172000,-1172000
2010/03/26,0,0,-253000,-253000
2010/03/29,0,7000,0,7000
2010/03/30,0,117000,-400000,-283000
2010/03/31,0,0,-5370,-5370
2010/04/01,0,1341000,-282000,1059000
2010/04/02,0,3000,-296000,-293000
2010/04/05,0,0,0,0
2010/04/06,0,150000,-155000,-5000
2010/04/07,0,889000,-19000,870000
2010/04/08,0,0,-573000,-573000
2010/04/09,0,186000,-3000,183000
2010/04/12,0,0,-346200,-346200
2010/04/13,0,0,-53000,-53000
2010/04/14,0,0,-141000,-141000
2010/04/15,0,0,-526000,-526000
2010/04/16,0,0,-359000,-359000
2010/04/19,0,1000,-145,855
2010/04/20,0,82000,-9000,73000
2010/04/21,0,4000,-2476000,-2472000
2010/04/22,0,0,-3022000,-3022000
2010/04/23,0,0,-591000,-591000
2010/04/26,0,0,-434000,-434000
2010/04/27,0,5000,-249000,-244000
2010/04/28,0,4000,-3000,1000
2010/04/29,0,0,0,0
2010/04/30,0,100000,-21000,79000
2010/05/03,0,0,-4000,-4000
2010/05/04,0,529000,0,529000
2010/05/05,0,0,-13000,-13000
2010/05/06,0,0,-7000,-7000
2010/05/07,0,8000,-1000,7000
2010/05/10,0,79000,0,79000
2010/05/11,0,208000,-1000,207000
2010/05/12,0,2000,0,2000
2010/05/13,0,84000,0,84000
2010/05/14,0,21000,-1000000,-979000
2010/05/17,0,3000,-1000,2000
2010/05/18,0,0,-363000,-363000
2010/05/19,0,739000,-18000,721000
2010/05/20,0,747000,-250430,496570
2010/05/21,0,370000,0,370000
2010/05/24,0,0,-156000,-156000
2010/05/25,0,78000,-548000,-470000
2010/05/26,0,7000,-604000,-597000
2010/05/27,0,12000,-27000,-15000
2010/05/28,0,0,-37000,-37000
2010/05/31,0,0,-51000,-51000
2010/06/01,0,1000,-450000,-449000
2010/06/02,0,0,-1711000,-1711000
2010/06/03,0,0,-649000,-649000
2010/06/04,0,667000,0,667000
2010/06/07,0,0,-400000,-400000
2010/06/08,0,7000,-1000,6000
2010/06/09,0,4000,0,4000
2010/06/10,0,8000,-224000,-216000
2010/06/11,0,0,-660,-660
2010/06/14,0,6000,0,6000
2010/06/15,0,0,-12000,-12000
2010/06/16,0,0,0,0
2010/06/17,0,0,-232000,-232000
2010/06/18,0,0,-34000,-34000
2010/06/21,0,0,-409000,-409000
2010/06/22,0,0,-69000,-69000
2010/06/23,0,0,-615000,-615000
2010/06/24,0,49000,-804000,-755000
2010/06/25,0,13000,-531000,-518000
2010/06/28,0,299000,-194000,105000
2010/06/29,0,7000,0,7000
2010/06/30,0,748000,-34000,714000
2010/07/01,0,0,0,0
2010/07/02,0,5000,0,5000
2010/07/05,0,0,-2000,-2000
2010/07/06,0,24000,0,24000
2010/07/07,0,0,0,0
2010/07/08,0,0,0,0
2010/07/09,0,683000,0,683000
2010/07/12,0,5000,0,5000
2010/07/13,0,33000,-8000,25000
2010/07/14,0,1000,-5000,-4000
2010/07/15,0,101000,-151000,-50000
2010/07/16,0,3000,-322000,-319000
2010/07/19,0,26000,-1891000,-1865000
2010/07/20,0,0,0,0
2010/07/21,0,435000,-4000,431000
2010/07/22,0,341000,0,341000
2010/07/23,0,1000,-622000,-621000
2010/07/26,0,119000,-727000,-608000
2010/07/27,0,42000,-233090,-191090
2010/07/28,0,5000,-198000,-193000
2010/07/29,0,0,0,0
2010/07/30,0,0,-215000,-215000
2010/08/02,0,22000,-24000,-2000
2010/08/03,0,12000,-17000,-5000
2010/08/04,0,1000,-372000,-371000
2010/08/05,0,0,-13000,-13000
2010/08/06,0,0,-979000,-979000
2010/08/09,0,32000,-2000,30000
2010/08/10,0,90000,-108000,-18000
2010/08/11,0,97000,-72000,25000
2010/08/12,0,0,-198000,-198000
2010/08/13,0,0,-75000,-75000
2010/08/16,0,0,-3000,-3000
2010/08/17,0,2000,-17000,-15000
2010/08/18,0,1000,-8000,-7000
2010/08/19,0,0,-2000,-2000
2010/08/20,0,1000,-1644000,-1643000
2010/08/23,0,0,-1818000,-1818000
2010/08/24,0,0,-5000,-5000
2010/08/25,0,27000,-5000,22000
2010/08/26,0,124000,-3000,121000
2010/08/27,0,53000,0,53000
2010/08/30,0,7000,0,7000
2010/08/31,0,961000,-23220,937780
2010/09/01,0,230000,0,230000
2010/09/02,0,271000,0,271000
2010/09/03,0,2000,-180,1820
2010/09/06,0,0,-2550000,-2550000
2010/09/07,0,36000,-450000,-414000
2010/09/08,0,0,0,0
2010/09/09,0,0,0,0
2010/09/10,0,8000,0,8000
2010/09/13,0,115000,0,115000
2010/09/14,0,643000,-5000,638000
2010/09/15,0,23000,0,23000
2010/09/16,0,0,-113000,-113000
2010/09/17,0,532000,-61000,471000
2010/09/20,0,0,-28000,-28000
2010/09/21,0,0,-6000,-6000
2010/09/22,0,0,0,0
2010/09/23,0,67000,-14000,53000
2010/09/24,0,345000,-7000,338000
2010/09/27,0,1410000,-8000,1402000
2010/09/28,0,302000,-400000,-98000
2010/09/29,0,164000,-400000,-236000
2010/09/30,0,326000,-814000,-488000
2010/10/01,0,0,0,0
2010/10/04,0,0,-6000,-6000
2010/10/05,0,200000,0,200000
2010/10/06,0,0,-107000,-107000
2010/10/07,0,0,0,0
2010/10/08,0,370000,-4000,366000
2010/10/11,0,0,0,0
2010/10/12,0,500000,-4000,496000
2010/10/13,0,401000,0,401000
2010/10/14,0,612000,-24000,588000
2010/10/15,0,185000,0,185000
2010/10/18,0,282000,-4000,278000
2010/10/19,0,47000,0,47000
2010/10/20,0,492000,0,492000
2010/10/21,0,189000,0,189000
2010/10/22,0,550000,-20000,530000
2010/10/25,0,244000,-39000,205000
2010/10/26,0,31000,0,31000
2010/10/27,0,21000,0,21000
2010/10/28,0,15000,-83000,-68000
2010/10/29,0,0,-260000,-260000
2010/11/01,0,0,0,0
2010/11/02,0,141000,0,141000
2010/11/03,0,254000,0,254000
2010/11/04,0,409000,0,409000
2010/11/05,0,785000,0,785000
2010/11/08,0,134000,-152000,-18000
2010/11/09,0,813000,0,813000
2010/11/10,0,0,-191700,-191700
2010/11/11,0,9000,0,9000
2010/11/12,0,0,-3000,-3000
2010/11/15,0,175000,-96000,79000
2010/11/16,0,1201000,-12000,1189000
2010/11/17,0,885000,0,885000
2010/11/18,0,778000,-105000,673000
2010/11/19,0,510000,0,510000
2010/11/22,0,0,0,0
2010/11/23,0,5000,-11000,-6000
2010/11/24,0,0,0,0
2010/11/25,0,0,-33000,-33000
2010/11/26,0,44000,-57000,-13000
2010/11/29,0,0,-2000,-2000
2010/11/30,0,0,-44000,-44000
2010/12/01,0,130000,-313480,-183480
2010/12/02,0,0,-43000,-43000
2010/12/03,0,0,-18000,-18000
2010/12/06,0,726000,-30000,696000
2010/12/07,0,4000,-2000,2000
2010/12/08,0,0,-10000,-10000
2010/12/09,0,21000,-101000,-80000
2010/12/10,0,0,-80000,-80000
2010/12/13,0,0,-22000,-22000
2010/12/14,0,0,-2000,-2000
2010/12/15,0,0,0,0
2010/12/16,0,0,-8000,-8000
2010/12/17,0,656000,-19000,637000
2010/12/20,0,307000,-9000,298000
2010/12/21,0,2000,0,2000
2010/12/22,0,7000,0,7000
2010/12/23,0,0,-16000,-16000
2010/12/24,0,0,-75000,-75000
2010/12/27,0,0,-257000,-257000
2010/12/28,0,0,-1000,-1000
2010/12/29,0,46000,0,46000
2010/12/30,0,0,0,0
2010/12/31,0,0,-26000,-26000
2011/01/03,0,0,-37000,-37000
2011/01/04,0,4000,-302000,-298000
2011/01/05,0,0,-185000,-185000
2011/01/06,0,0,-38000,-38000
2011/01/07,0,213000,-361000,-148000
2011/01/10,0,0,-339000,-339000
2011/01/11,0,96000,-578000,-482000
2011/01/12,0,127000,-25000,102000
2011/01/13,0,460000,0,460000
2011/01/14,0,446000,-47000,399000
2011/01/17,0,377000,-80000,297000
2011/01/18,0,120000,-670000,-550000
2011/01/19,0,6000,-21000,-15000
2011/01/20,0,0,-837000,-837000
2011/01/21,0,262000,-657000,-395000
2011/01/24,0,90000,-263000,-173000
2011/01/25,0,21000,-480000,-459000
2011/01/26,0,130000,-126000,4000
2011/01/27,0,5000,-91000,-86000
2011/01/28,0,60000,-56000,4000
2011/01/31,0,0,0,0
2011/02/01,0,0,0,0
2011/02/02,0,0,0,0
2011/02/03,0,0,0,0
2011/02/04,0,0,0,0
2011/02/07,0,0,0,0
2011/02/08,0,0,-1000,-1000
2011/02/09,0,100000,0,100000
2011/02/10,0,0,-26000,-26000
2011/02/11,0,18000,-290000,-272000
2011/02/14,0,6000,-100000,-94000
2011/02/15,0,21000,0,21000
2011/02/16,0,10000,-11000,-1000
2011/02/17,0,45000,0,45000
2011/02/18,0,211000,0,211000
2011/02/21,0,0,-7000,-7000
2011/02/22,0,21000,0,21000
2011/02/23,0,15000,-164000,-149000
2011/02/24,0,16000,-200000,-184000
2011/02/25,0,4000,-22000,-18000
2011/02/28,0,0,0,0
2011/03/01,0,11000,0,11000
2011/03/02,0,5000,-12000,-7000
2011/03/03,0,0,-695000,-695000
2011/03/04,0,0,-27000,-27000
2011/03/07,0,0,0,0
2011/03/08,0,0,0,0
2011/03/09,0,4000,-11000,-7000
2011/03/10,0,0,-55000,-55000
2011/03/11,0,100000,0,100000
2011/03/14,0,369000,0,369000
2011/03/15,0,224000,0,224000
2011/03/16,0,691000,0,691000
2011/03/17,0,1460000,-151000,1309000
2011/03/18,0,162000,-85000,77000
2011/03/21,0,1455000,0,1455000
2011/03/22,0,700000,0,700000
2011/03/23,0,9000,0,9000
2011/03/24,0,49000,0,49000
2011/03/25,0,0,-66000,-66000
2011/03/28,0,100000,0,100000
2011/03/29,0,330000,0,330000
2011/03/30,0,39000,0,39000
2011/03/31,0,0,-57000,-57000
2011/04/01,0,300000,-500000,-200000
2011/04/04,0,0,0,0
2011/04/05,0,0,0,0
2011/04/06,0,1229000,-7000,1222000
2011/04/07,0,154000,-190000,-36000
2011/04/08,0,119000,-357000,-238000
2011/04/11,0,137000,-48000,89000
2011/04/12,0,27000,-375000,-348000
2011/04/13,0,1150000,-567250,582750
2011/04/14,0,313000,-500000,-187000
2011/04/15,0,1117000,0,1117000
2011/04/18,0,127000,-4000,123000
2011/04/19,0,110000,0,110000
2011/04/20,0,141000,-21000,120000
2011/04/21,0,1261000,-26000,1235000
2011/04/22,0,1264000,0,1264000
2011/04/25,0,20000,-168000,-148000
2011/04/26,0,479000,-8000,471000
2011/04/27,0,921000,-6662,914338
2011/04/28,0,0,-1000,-1000
2011/04/29,0,103000,0,103000
2011/05/02,0,0,0,0
2011/05/03,0,283000,0,283000
2011/05/04,0,250000,0,250000
2011/05/05,0,92000,-318000,-226000
2011/05/06,0,56000,-694000,-638000
2011/05/09,0,2000,-2668000,-2666000
2011/05/10,0,0,0,0
2011/05/11,0,375000,0,375000
2011/05/12,0,477000,-139000,338000
2011/05/13,0,500000,-33000,467000
2011/05/16,0,643000,0,643000
2011/05/17,0,8000,0,8000
2011/05/18,0,8000,0,8000
2011/05/19,0,203000,-794000,-591000
2011/05/20,0,0,-2000,-2000
2011/05/23,0,6000,-52000,-46000
2011/05/24,0,145000,0,145000
2011/05/25,0,0,-56000,-56000
2011/05/26,0,14000,-50000,-36000
2011/05/27,0,32000,-270000,-238000
2011/05/30,0,162000,-1108000,-946000
2011/05/31,0,65000,-503000,-438000
2011/06/01,0,57000,-2000,55000
2011/06/02,0,0,-40000,-40000
2011/06/03,0,0,-50000,-50000
2011/06/06,0,0,0,0
2011/06/07,0,0,-350000,-350000
2011/06/08,0,75000,-280000,-205000
2011/06/09,0,0,-60000,-60000
2011/06/10,0,120000,-50000,70000
2011/06/13,0,0,-338000,-338000
2011/06/14,0,549000,-38000,511000
2011/06/15,0,53000,0,53000
2011/06/16,0,63000,0,63000
2011/06/17,0,350000,-592000,-242000
2011/06/20,0,182000,0,182000
2011/06/21,0,109000,-30000,79000
2011/06/22,0,44000,-94000,-50000
2011/06/23,0,150000,-518540,-368540
2011/06/24,0,43000,-296000,-253000
2011/06/27,0,420000,-415000,5000
2011/06/28,0,713000,0,713000
2011/06/29,0,919000,-374000,545000
2011/06/30,0,474000,-65000,409000
2011/07/01,0,146000,-29000,117000
2011/07/04,0,154000,-5000,149000
2011/07/05,0,1017000,-54000,963000
2011/07/06,0,147000,-2000,145000
2011/07/07,0,20000,0,20000
2011/07/08,0,40000,-6000,34000
2011/07/11,0,0,-51000,-51000
2011/07/12,0,99000,-100000,-1000
2011/07/13,0,1194000,0,1194000
2011/07/14,0,986000,-200000,786000
2011/07/15,0,1118000,-329000,789000
2011/07/18,0,1222000,-10000,1212000
2011/07/19,0,256000,-280000,-24000
2011/07/20,0,77000,-7000,70000
2011/07/21,0,103000,-376000,-273000
2011/07/22,0,100000,-15000,85000
2011/07/25,0,30000,-558000,-528000
2011/07/26,0,100000,-388000,-288000
2011/07/27,0,388000,-1506000,-1118000
2011/07/28,0,419000,-397000,22000
2011/07/29,0,282000,0,282000
2011/08/01,0,7000,-248000,-241000
2011/08/02,0,33000,-543000,-510000
2011/08/03,0,45000,-1829000,-1784000
2011/08/04,0,63000,-550000,-487000
2011/08/05,0,133000,-537000,-404000
2011/08/08,0,93000,-613000,-520000
2011/08/09,0,121000,-17000,104000
2011/08/10,0,410000,-220000,190000
2011/08/11,0,241000,-131000,110000
2011/08/12,0,80000,-177000,-97000
2011/08/15,0,238000,-524000,-286000
2011/08/16,0,410000,-24000,386000
2011/08/17,0,175000,-307000,-132000
2011/08/18,0,216000,0,216000
2011/08/19,0,71000,-323000,-252000
2011/08/22,0,79000,-4000,75000
2011/08/23,0,1279000,0,1279000
2011/08/24,0,1218000,0,1218000
2011/08/25,0,771000,-113000,658000
2011/08/26,0,3607000,0,3607000
2011/08/29,0,1019000,0,1019000
2011/08/30,0,186000,-160000,26000
2011/08/31,0,115000,-5000,110000
2011/09/01,0,423000,-67000,356000
2011/09/02,0,111000,-12000,99000
2011/09/05,0,545000,-20000,525000
2011/09/06,0,20000,-525000,-505000
2011/09/07,0,61000,-733000,-672000
2011/09/08,0,251000,-374000,-123000
2011/09/09,0,72000,0,72000
2011/09/12,0,0,0,0
2011/09/13,0,41000,-1632344,-1591344
2011/09/14,0,345000,-1008000,-663000
2011/09/15,0,130000,-52000,78000
2011/09/16,0,1084000,-930000,154000
2011/09/19,0,20000,-161000,-141000
2011/09/20,0,1006000,-101000,905000
2011/09/21,0,51462,-53000,-1538
2011/09/22,0,40000,-758000,-718000
2011/09/23,0,348000,-493000,-145000
2011/09/26,0,58000,-120000,-62000
2011/09/27,0,405000,-100000,305000
2011/09/28,0,100000,-76000,24000
2011/09/29,0,221000,0,221000
2011/09/30,0,253000,-92000,161000
2011/10/03,0,0,-164000,-164000
2011/10/04,0,29000,0,29000
2011/10/05,0,787000,0,787000
2011/10/06,0,1227000,0,1227000
2011/10/07,0,3133000,-55000,3078000
2011/10/10,0,0,0,0
2011/10/11,0,1048000,0,1048000
2011/10/12,0,500000,-67000,433000
2011/10/13,0,12000,-20000,-8000
2011/10/14,0,20000,-728000,-708000
2011/10/17,0,10000,-179028,-169028
2011/10/18,0,41000,-158776,-117776
2011/10/19,0,30000,0,30000
2011/10/20,0,30000,-578000,-548000
2011/10/21,0,356000,-285000,71000
2011/10/24,0,823000,-10000,813000
2011/10/25,0,440000,-32000,408000
2011/10/26,0,405000,-590000,-185000
2011/10/27,0,157000,0,157000
2011/10/28,0,193000,0,193000
2011/10/31,0,528000,-147000,381000
2011/11/01,0,402000,-8000,394000
2011/11/02,0,132000,0,132000
2011/11/03,0,4000,-198000,-194000
2011/11/04,0,167000,-76000,91000
2011/11/07,0,140000,0,140000
2011/11/08,0,162000,-423000,-261000
2011/11/09,0,70000,-378000,-308000
2011/11/10,0,38000,0,38000
2011/11/11,0,526000,-3000,523000
2011/11/14,0,482000,-2061,479939
2011/11/15,0,2941000,-2000,2939000
2011/11/16,0,750000,-60000,690000
2011/11/17,0,293000,-403000,-110000
2011/11/18,0,8000,-1705000,-1697000
2011/11/21,0,59000,-1107000,-1048000
2011/11/22,0,354000,-237000,117000
2011/11/23,0,170000,-158000,12000
2011/11/24,0,465000,-52000,413000
2011/11/25,0,406000,-5000,401000
2011/11/28,0,88000,-285000,-197000
2011/11/29,0,8000,0,8000
2011/11/30,0,5000,-60000,-55000
2011/12/01,0,1525000,-40000,1485000
2011/12/02,0,115000,0,115000
2011/12/05,0,39000,-74000,-35000
2011/12/06,0,0,0,0
2011/12/07,0,326000,0,326000
2011/12/08,0,144000,0,144000
2011/12/09,0,260000,-4983,255017
2011/12/12,0,162000,-125000,37000
2011/12/13,0,476000,0,476000
2011/12/14,0,166000,0,166000
2011/12/15,0,44000,-93000,-49000
2011/12/16,0,34000,-175500,-141500
2011/12/19,0,204000,-74000,130000
2011/12/20,0,149000,-24000,125000
2011/12/21,0,25000,-25000,0
2011/12/22,0,114000,0,114000
2011/12/23,0,127000,-428000,-301000
2011/12/26,0,226000,-1518000,-1292000
2011/12/27,0,18000,-309000,-291000
2011/12/28,0,0,-3285000,-3285000
2011/12/29,0,30000,-3655000,-3625000
2011/12/30,0,10000,-2966000,-2956000
2012/01/02,0,20000,-4555000,-4535000
2012/01/03,0,30000,-2196900,-2166900
2012/01/04,0,530000,-1379000,-849000
2012/01/05,0,2976,-625000,-622024
2012/01/06,0,30000,-238000,-208000
2012/01/09,0,0,-316000,-316000
2012/01/10,0,0,-288000,-288000
2012/01/11,0,555000,-180000,375000
2012/01/12,0,100000,-214000,-114000
2012/01/13,0,371000,-360000,11000
2012/01/16,0,179000,-1589000,-1410000
2012/01/17,0,294000,-50000,244000
2012/01/18,0,372000,-960000,-588000
2012/01/19,0,0,0,0
2012/01/20,0,0,0,0
2012/01/23,0,0,0,0
2012/01/24,0,0,0,0
2012/01/25,0,0,0,0
2012/01/26,0,0,0,0
2012/01/27,0,0,0,0
2012/01/30,0,200000,-246000,-46000
2012/01/31,0,226000,-951000,-725000
2012/02/01,0,0,-1065000,-1065000
2012/02/02,0,473000,-555000,-82000
2012/02/03,0,0,-390000,-390000
2012/02/06,0,469000,-27000,442000
2012/02/07,0,0,-294000,-294000
2012/02/08,0,0,-542000,-542000
2012/02/09,0,0,-301889,-301889
2012/02/10,0,10000,-139000,-129000
2012/02/13,0,0,-50000,-50000
2012/02/14,0,0,-256000,-256000
2012/02/15,0,1069000,-19000,1050000
2012/02/16,0,101000,-813000,-712000
2012/02/17,0,23000,0,23000
2012/02/20,0,1221000,-33000,1188000
2012/02/21,0,16000,-132000,-116000
2012/02/22,0,176000,-50000,126000
2012/02/23,0,0,-248000,-248000
2012/02/24,0,100000,-365000,-265000
2012/02/27,0,0,0,0
2012/02/28,0,0,0,0
2012/02/29,0,25000,-5000,20000
2012/03/01,0,0,-389000,-389000
2012/03/02,0,0,-44000,-44000
2012/03/05,0,855000,-2000,853000
2012/03/06,0,330000,-2000,328000
2012/03/07,0,350000,0,350000
2012/03/08,0,0,-165528,-165528
2012/03/09,0,635000,0,635000
2012/03/12,0,49000,-105000,-56000
2012/03/13,0,0,-3000,-3000
2012/03/14,0,116000,0,116000
2012/03/15,0,10000,-65000,-55000
2012/03/16,0,180000,-368000,-188000
2012/03/19,0,29000,-6000,23000
2012/03/20,0,0,-148000,-148000
2012/03/21,0,2210000,-320000,1890000
2012/03/22,0,180000,-359000,-179000
2012/03/23,0,0,-188000,-188000
2012/03/26,0,0,-1109000,-1109000
2012/03/27,0,0,-412000,-412000
2012/03/28,0,0,-232000,-232000
2012/03/29,0,180000,-40000,140000
2012/03/30,0,59000,-9000,50000
2012/04/02,0,0,-626000,-626000
2012/04/03,0,0,0,0
2012/04/04,0,0,0,0
2012/04/05,0,1006000,-10134,995866
2012/04/06,0,141000,-523000,-382000
2012/04/09,0,0,-191000,-191000
2012/04/10,0,61000,-430000,-369000
2012/04/11,0,0,0,0
2012/04/12,0,0,-1000,-1000
2012/04/13,0,50000,0,50000
2012/04/16,0,10000,-677000,-667000
2012/04/17,0,10000,-394000,-384000
2012/04/18,0,0,-350000,-350000
2012/04/19,0,17000,0,17000
2012/04/20,0,18000,-102000,-84000
2012/04/23,0,4000,0,4000
2012/04/24,0,33000,-55000,-22000
2012/04/25,0,20000,0,20000
2012/04/26,0,0,-200000,-200000
2012/04/27,0,83000,0,83000
2012/04/30,0,0,-829580,-829580
2012/05/01,0,0,0,0
2012/05/02,0,57000,0,57000
2012/05/03,0,0,-152201,-152201
2012/05/04,0,19000,-3183000,-3164000
2012/05/07,0,600,-687000,-686400
2012/05/08,0,0,-750000,-750000
2012/05/09,0,0,-786000,-786000
2012/05/10,0,0,-28000,-28000
2012/05/11,0,23000,0,23000
2012/05/14,0,0,-178000,-178000
2012/05/15,0,43000,0,43000
2012/05/16,0,21000,-433000,-412000
2012/05/17,0,1000,0,1000
2012/05/18,0,23000,0,23000
2012/05/21,0,414000,-36000,378000
2012/05/22,0,898000,0,898000
2012/05/23,0,0,-41000,-41000
2012/05/24,0,600000,0,600000
2012/05/25,0,601000,-5000,596000
2012/05/28,0,89000,-44000,45000
2012/05/29,0,609000,0,609000
2012/05/30,0,0,-221445,-221445
2012/05/31,0,0,-1392000,-1392000
2012/06/01,0,21000,-1000,20000
2012/06/04,0,22000,0,22000
2012/06/05,0,16000,0,16000
2012/06/06,0,0,-234000,-234000
2012/06/07,0,0,-959000,-959000
2012/06/08,0,304000,-262000,42000
2012/06/11,0,56000,-829000,-773000
2012/06/12,0,317000,-200000,117000
2012/06/13,0,699000,-128000,571000
2012/06/14,0,66000,-121000,-55000
2012/06/15,0,0,-655500,-655500
2012/06/18,0,0,-197000,-197000
2012/06/19,0,0,-316000,-316000
2012/06/20,0,0,-53000,-53000
2012/06/21,0,23000,-424000,-401000
2012/06/22,0,0,-552000,-552000
2012/06/25,0,0,-489000,-489000
2012/06/26,0,0,-243440,-243440
2012/06/27,0,0,0,0
2012/06/28,0,263000,-23000,240000
2012/06/29,0,0,0,0
2012/07/02,0,512000,-14000,498000
2012/07/03,0,364000,0,364000
2012/07/04,0,0,-286000,-286000
2012/07/05,0,8000,-4000,4000
2012/07/06,0,125000,-17000,108000
2012/07/09,0,82000,0,82000
2012/07/10,0,277000,0,277000
2012/07/11,0,101000,-63000,38000
2012/07/12,0,0,0,0
2012/07/13,0,0,0,0
2012/07/16,0,1522000,-2500,1519500
2012/07/17,0,1387000,0,1387000
2012/07/18,0,1354000,-24000,1330000
2012/07/19,0,2293000,0,2293000
2012/07/20,0,1027000,-27000,1000000
2012/07/23,0,343000,-53000,290000
2012/07/24,0,698000,0,698000
2012/07/25,0,303000,0,303000
2012/07/26,0,171000,0,171000
2012/07/27,0,390000,0,390000
2012/07/30,0,592000,0,592000
2012/07/31,0,592000,0,592000
2012/08/01,0,118000,0,118000
2012/08/02,0,0,0,0
2012/08/03,0,2523000,0,2523000
2012/08/06,0,2932000,-203000,2729000
2012/08/07,0,3000,-195000,-192000
2012/08/08,0,227000,-39000,188000
2012/08/09,0,133000,-471000,-338000
2012/08/10,0,67000,-409000,-342000
2012/08/13,0,10000,-107000,-97000
2012/08/14,0,15000,-7000,8000
2012/08/15,0,2000000,-47000,1953000
2012/08/16,0,49000,-13000,36000
2012/08/17,0,1500,-180921,-179421
2012/08/20,0,14500,-21000,-6500
2012/08/21,0,211000,-4000,207000
2012/08/22,0,6000,-6000,0
2012/08/23,0,34000,-54000,-20000
2012/08/24,0,0,-1000,-1000
2012/08/27,0,18000,-134000,-116000
2012/08/28,0,13000,-160000,-147000
2012/08/29,0,398000,-284000,114000
2012/08/30,0,100000,-123000,-23000
2012/08/31,0,17000,-395000,-378000
2012/09/03,0,0,-837000,-837000
2012/09/04,0,185000,0,185000
2012/09/05,0,2000,-467000,-465000
2012/09/06,0,6000,-477000,-471000
2012/09/07,0,43500,-39000,4500
2012/09/10,0,239000,0,239000
2012/09/11,0,0,0,0
2012/09/12,0,367000,0,367000
2012/09/13,0,69000,-476000,-407000
2012/09/14,0,440000,-233000,207000
2012/09/17,0,96000,0,96000
2012/09/18,0,0,-247000,-247000
2012/09/19,0,0,-392000,-392000
2012/09/20,0,0,-534000,-534000
2012/09/21,0,0,-250000,-250000
2012/09/24,0,2000,-196000,-194000
2012/09/25,0,0,0,0
2012/09/26,0,635000,-27000,608000
2012/09/27,0,22000,-2000,20000
2012/09/28,0,146000,-107000,39000
2012/10/01,0,2000,0,2000
2012/10/02,0,0,0,0
2012/10/03,0,100000,-158000,-58000
2012/10/04,0,0,-60000,-60000
2012/10/05,0,0,-460000,-460000
2012/10/08,0,0,0,0
2012/10/09,0,0,0,0
2012/10/10,0,0,0,0
2012/10/11,0,0,-37000,-37000
2012/10/12,0,0,-254000,-254000
2012/10/15,0,75000,0,75000
2012/10/16,0,0,-40000,-40000
2012/10/17,0,5000,0,5000
2012/10/18,0,25000,-525000,-500000
2012/10/19,0,0,0,0
2012/10/22,0,0,-30000,-30000
2012/10/23,0,28000,-406000,-378000
2012/10/24,0,378000,0,378000
2012/10/25,0,190000,0,190000
2012/10/26,0,156000,0,156000
2012/10/29,0,83911,0,83911
2012/10/30,0,0,-169000,-169000
2012/10/31,0,0,-178000,-178000
2012/11/01,0,0,-680000,-680000
2012/11/02,0,10000,-1776000,-1766000
2012/11/05,0,0,-104000,-104000
2012/11/06,0,0,-50000,-50000
2012/11/07,0,0,0,0
2012/11/08,0,20000,-708000,-688000
2012/11/09,0,0,-1200500,-1200500
2012/11/12,0,0,-296000,-296000
2012/11/13,0,4000,-508000,-504000
2012/11/14,0,20000,-4011000,-3991000
2012/11/15,0,0,-422000,-422000
2012/11/16,0,0,-2545000,-2545000
2012/11/19,0,245000,-483,244517
2012/11/20,0,250000,-27000,223000
2012/11/21,0,51000,-58000,-7000
2012/11/22,0,63000,0,63000
2012/11/23,0,37000,0,37000
2012/11/26,0,128000,0,128000
2012/11/27,0,31000,-2000,29000
2012/11/28,0,113000,-6000,107000
2012/11/29,0,27000,-66000,-39000
2012/11/30,0,17000,-223000,-206000
2012/12/03,0,400000,0,400000
2012/12/04,0,150000,-3000,147000
2012/12/05,0,150000,-120000,30000
2012/12/06,0,0,-60000,-60000
2012/12/07,0,53000,0,53000
2012/12/10,0,0,-1000,-1000
2012/12/11,0,0,0,0
2012/12/12,0,581000,-280000,301000
2012/12/13,0,30000,-4000,26000
2012/12/14,0,10000,-74000,-64000
2012/12/17,0,0,-36000,-36000
2012/12/18,0,0,-244000,-244000
2012/12/19,0,60000,0,60000
2012/12/20,0,0,-107000,-107000
2012/12/21,0,0,-839000,-839000
2012/12/24,0,327000,0,327000
2012/12/25,0,25000,0,25000
2012/12/26,0,890000,-60000,830000
2012/12/27,0,35000,-248000,-213000
2012/12/28,0,197000,-60000,137000
2012/12/31,0,0,0,0
2013/01/01,0,0,0,0
2013/01/02,0,0,0,0
2013/01/03,0,337000,-8000,329000
2013/01/04,0,344000,-113000,231000
2013/01/07,0,360000,-89000,271000
2013/01/08,0,859000,-46000,813000
2013/01/09,0,0,-72000,-72000
2013/01/10,0,171000,-150000,21000
2013/01/11,0,705000,-103000,602000
2013/01/14,0,215000,-361000,-146000
2013/01/15,0,0,-5000,-5000
2013/01/16,0,190000,-23000,167000
2013/01/17,0,0,-157981,-157981
2013/01/18,0,0,-1000,-1000
2013/01/21,0,0,-66000,-66000
2013/01/22,0,0,-129000,-129000
2013/01/23,0,0,-113000,-113000
2013/01/24,0,4000,-92000,-88000
2013/01/25,0,0,-738000,-738000
2013/01/28,0,0,-112000,-112000
2013/01/29,0,0,-298000,-298000
2013/01/30,0,0,-150000,-150000
2013/01/31,0,18000,-7000,11000
2013/02/01,0,0,-649000,-649000
2013/02/04,0,181000,-349000,-168000
2013/02/05,0,0,-300000,-300000
2013/02/06,0,0,-49000,-49000
2013/02/07,0,0,0,0
2013/02/08,0,0,0,0
2013/02/11,0,0,0,0
2013/02/12,0,0,0,0
2013/02/13,0,0,0,0
2013/02/14,0,0,0,0
2013/02/15,0,0,0,0
2013/02/18,0,0,-337000,-337000
2013/02/19,0,0,-1418000,-1418000
2013/02/20,0,0,-415000,-415000
2013/02/21,0,0,-140000,-140000
2013/02/22,0,0,-68000,-68000
2013/02/25,0,0,-580000,-580000
2013/02/26,0,0,-126000,-126000
2013/02/27,0,0,-363000,-363000
2013/02/28,0,0,0,0
2013/03/01,0,49000,-440000,-391000
2013/03/04,0,0,-449000,-449000
2013/03/05,0,0,-1186000,-1186000
2013/03/06,0,120000,-1126000,-1006000
2013/03/07,0,0,-55000,-55000
2013/03/08,0,0,-216000,-216000
2013/03/11,0,0,-379000,-379000
2013/03/12,0,0,-54000,-54000
2013/03/13,0,0,-170000,-170000
2013/03/14,0,0,-688000,-688000
2013/03/15,0,114000,-5716000,-5602000
2013/03/18,0,69000,-120000,-51000
2013/03/19,0,0,-531000,-531000
2013/03/20,0,0,-157000,-157000
2013/03/21,0,0,-162000,-162000
2013/03/22,0,0,-308000,-308000
2013/03/25,0,0,0,0
2013/03/26,0,0,-113000,-113000
2013/03/27,0,0,-337060,-337060
2013/03/28,0,0,-90000,-90000
2013/03/29,0,2000,0,2000
2013/04/01,0,0,-4000,-4000
2013/04/02,0,35000,-19000,16000
2013/04/03,0,0,0,0
2013/04/04,0,0,0,0
2013/04/05,0,0,0,0
2013/04/08,0,0,-90000,-90000
2013/04/09,0,0,-50000,-50000
2013/04/10,0,0,0,0
2013/04/11,0,0,-98000,-98000
2013/04/12,0,0,-1000,-1000
2013/04/15,0,0,-49000,-49000
2013/04/16,0,0,-109000,-109000
2013/04/17,0,0,-85000,-85000
2013/04/18,0,0,0,0
2013/04/19,0,18980,-80000,-61020
2013/04/22,0,0,-7000,-7000
2013/04/23,0,0,-16000,-16000
2013/04/24,0,0,-20000,-20000
2013/04/25,0,400000,-14000,386000
2013/04/26,0,0,-9000,-9000
2013/04/29,0,0,-46000,-46000
2013/04/30,0,0,0,0
2013/05/01,0,0,0,0
2013/05/02,0,0,-30000,-30000
2013/05/03,0,112000,-50000,62000
2013/05/06,0,75000,-19000,56000
2013/05/07,0,0,0,0
2013/05/08,0,0,0,0
2013/05/09,0,0,-186000,-186000
2013/05/10,0,0,-96000,-96000
2013/05/13,0,0,-14000,-14000
2013/05/14,0,45000,-1000,44000
2013/05/15,0,40000,0,40000
2013/05/16,0,210000,0,210000
2013/05/17,0,73000,-21000,52000
2013/05/20,0,70000,-116000,-46000
2013/05/21,0,15000,0,15000
2013/05/22,0,0,-29000,-29000
2013/05/23,0,0,-2000,-2000
2013/05/24,0,0,-28000,-28000
2013/05/27,0,20000,-12000,8000
2013/05/28,0,30000,-5000,25000
2013/05/29,0,0,-70000,-70000
2013/05/30,0,0,-155000,-155000
2013/05/31,0,26000,-250000,-224000
2013/06/03,0,0,0,0
2013/06/04,0,0,-7000,-7000
2013/06/05,0,0,0,0
2013/06/06,0,0,-35000,-35000
2013/06/07,0,308000,-21000,287000
2013/06/10,0,15000,-35000,-20000
2013/06/11,0,42000,0,42000
2013/06/12,0,0,0,0
2013/06/13,0,35000,-303000,-268000
2013/06/14,0,0,-111000,-111000
2013/06/17,0,229000,-72000,157000
2013/06/18,0,41000,-4000,37000
2013/06/19,0,187000,-50000,137000
2013/06/20,0,0,0,0
2013/06/21,0,7000,-184000,-177000
2013/06/24,0,22000,-7000,15000
2013/06/25,0,0,0,0
2013/06/26,0,0,-10000,-10000
2013/06/27,0,52000,0,52000
2013/06/28,0,1000,0,1000
2013/07/01,0,0,-105000,-105000
2013/07/02,0,0,-87000,-87000
2013/07/03,0,0,-317000,-317000
2013/07/04,0,0,0,0
2013/07/05,0,31000,-69000,-38000
2013/07/08,0,0,0,0
2013/07/09,0,89000,0,89000
2013/07/10,0,0,0,0
2013/07/11,0,31000,-11682,19318
2013/07/12,0,0,-11000,-11000
2013/07/15,0,99000,0,99000
2013/07/16,0,97000,-23000,74000
2013/07/17,0,752000,-64000,688000
2013/07/18,0,844000,-5000,839000
2013/07/19,0,260000,-32920,227080
2013/07/22,0,709000,0,709000
2013/07/23,0,2160000,0,2160000
2013/07/24,0,199000,0,199000
2013/07/25,0,27000,-88000,-61000
2013/07/26,0,0,0,0
2013/07/29,0,100000,-57000,43000
2013/07/30,0,186000,-9000,177000
2013/07/31,0,165000,-459000,-294000
2013/08/01,0,90000,0,90000
2013/08/02,0,0,0,0
2013/08/05,0,32000,0,32000
2013/08/06,0,100000,-95000,5000
2013/08/07,0,0,-170000,-170000
2013/08/08,0,0,0,0
2013/08/09,0,29000,0,29000
2013/08/12,0,0,0,0
2013/08/13,0,0,0,0
2013/08/14,0,95000,-175000,-80000
2013/08/15,0,0,-391000,-391000
2013/08/16,0,2000,0,2000
2013/08/19,0,7000,0,7000
2013/08/20,0,3000,-54000,-51000
2013/08/21,0,0,0,0
2013/08/22,0,7000,-46000,-39000
2013/08/23,0,26000,-80000,-54000
2013/08/26,0,30000,0,30000
2013/08/27,0,0,-46000,-46000
2013/08/28,0,11000,0,11000
2013/08/29,0,0,0,0
2013/08/30,0,89000,-6000,83000
2013/09/02,0,0,0,0
2013/09/03,0,37618,0,37618
2013/09/04,0,0,0,0
2013/09/05,0,0,-8000,-8000
2013/09/06,0,8000,0,8000
2013/09/09,0,0,-3000,-3000
2013/09/10,0,1000,-800,200
2013/09/11,0,33000,-19480,13520
2013/09/12,0,4000,0,4000
2013/09/13,0,0,-91000,-91000
2013/09/16,0,4000,0,4000
2013/09/17,0,0,0,0
2013/09/18,0,8000,-787000,-779000
2013/09/19,0,0,0,0
2013/09/20,0,0,0,0
2013/09/23,0,0,-1000,-1000
2013/09/24,0,0,-41000,-41000
2013/09/25,0,0,-7040,-7040
2013/09/26,0,2000,0,2000
2013/09/27,0,3000,-24000,-21000
2013/09/30,0,3000,-3000,0
2013/10/01,0,2000,-128000,-126000
2013/10/02,0,0,-32000,-32000
2013/10/03,0,307000,0,307000
2013/10/04,0,1000,0,1000
2013/10/07,0,314000,0,314000
2013/10/08,0,295000,0,295000
2013/10/09,0,0,0,0
2013/10/10,0,0,0,0
2013/10/11,0,78000,0,78000
2013/10/14,0,0,-2560,-2560
2013/10/15,0,600000,-73000,527000
2013/10/16,0,139000,-59000,80000
2013/10/17,0,201000,0,201000
2013/10/18,0,85000,-20000,65000
2013/10/21,0,280000,0,280000
2013/10/22,0,102000,-48000,54000
2013/10/23,0,459000,-40000,419000
2013/10/24,0,173000,0,173000
2013/10/25,0,0,0,0
2013/10/28,0,500000,-78000,422000
2013/10/29,0,0,-2000,-2000
2013/10/30,0,25000,0,25000
2013/10/31,0,0,0,0
2013/11/01,0,0,-135320,-135320
2013/11/04,0,0,-129000,-129000
2013/11/05,0,0,-345000,-345000
2013/11/06,0,0,-30000,-30000
2013/11/07,0,0,0,0
2013/11/08,0,500000,0,500000
2013/11/11,0,0,0,0
2013/11/12,0,1000,0,1000
2013/11/13,0,68000,-2000,66000
2013/11/14,0,0,0,0
2013/11/15,0,0,0,0
2013/11/18,0,0,0,0
2013/11/19,0,0,-23000,-23000
2013/11/20,0,0,-120000,-120000
2013/11/21,0,75000,-72000,3000
2013/11/22,0,0,-21000,-21000
2013/11/25,0,0,-2286,-2286
2013/11/26,0,0,-800000,-800000
2013/11/27,0,0,-19000,-19000
2013/11/28,0,0,-28000,-28000
2013/11/29,0,0,-45000,-45000
2013/12/02,0,500000,-348000,152000
2013/12/03,0,0,-10000,-10000
2013/12/04,0,0,-36000,-36000
2013/12/05,0,116000,-61000,55000
2013/12/06,0,0,0,0
2013/12/09,0,150000,0,150000
2013/12/10,0,800000,0,800000
2013/12/11,0,2100000,-32000,2068000
2013/12/12,0,1318000,-2000,1316000
2013/12/13,0,529000,-1000,528000
2013/12/16,0,588000,-15000,573000
2013/12/17,0,592000,-5000,587000
2013/12/18,0,91000,-397000,-306000
2013/12/19,0,320000,0,320000
2013/12/20,0,79000,-945000,-866000
2013/12/23,0,30000,-55000,-25000
2013/12/24,0,125000,-69000,56000
2013/12/25,0,620000,-20000,600000
2013/12/26,0,30000,-13000,17000
2013/12/27,0,218000,0,218000
2013/12/30,0,215000,-34000,181000
2013/12/31,0,0,-9000,-9000
2014/01/02,0,0,-47000,-47000
2014/01/03,0,30000,-258000,-228000
2014/01/06,0,0,-103000,-103000
2014/01/07,0,0,-1000,-1000
2014/01/08,0,101000,0,101000
2014/01/09,0,0,-8000,-8000
2014/01/10,0,0,-2000,-2000
2014/01/13,0,0,0,0
2014/01/14,0,3000,-104000,-101000
2014/01/15,0,0,-165000,-165000
2014/01/16,0,0,0,0
2014/01/17,0,0,-59000,-59000
2014/01/20,0,0,-15000,-15000
2014/01/21,0,0,-91000,-91000
2014/01/22,0,0,-202000,-202000
2014/01/23,0,0,-33000,-33000
2014/01/24,0,0,-59000,-59000
2014/01/27,0,0,-3000,-3000
2014/02/05,0,0,0,0
2014/02/06,0,0,-30000,-30000
2014/02/07,0,480000,-73000,407000
2014/02/10,0,0,-92000,-92000
2014/02/11,0,0,-2000,-2000
2014/02/12,0,130000,-103000,27000
2014/02/13,0,435,-10000,-9565
2014/02/14,0,0,0,0
2014/02/17,0,0,0,0
2014/02/18,0,0,0,0
2014/02/19,0,0,-17000,-17000
2014/02/20,0,0,-16000,-16000
2014/02/21,0,0,0,0
2014/02/24,0,0,-463000,-463000
2014/02/25,0,0,-157000,-157000
2014/02/26,0,0,-70000,-70000
2014/02/27,0,0,-1312000,-1312000
2014/03/03,0,0,-490000,-490000
2014/03/04,0,0,-32000,-32000
2014/03/05,0,0,-144000,-144000
2014/03/06,0,0,-31000,-31000
2014/03/07,0,0,-28000,-28000
2014/03/10,0,0,-13000,-13000
2014/03/11,0,0,-73015,-73015
2014/03/12,0,0,-1362000,-1362000
2014/03/13,0,0,-598040,-598040
2014/03/14,0,0,-16000,-16000
2014/03/17,0,0,-613200,-613200
2014/03/18,0,0,-31000,-31000
2014/03/19,0,0,-75000,-75000
2014/03/20,0,0,-1609000,-1609000
2014/03/21,0,0,-1336000,-1336000
2014/03/24,0,0,-552437,-552437
2014/03/25,0,0,0,0
2014/03/26,0,0,0,0
2014/03/27,0,0,0,0
2014/03/28,0,0,-82000,-82000
2014/03/31,0,0,0,0
2014/04/01,0,0,-40000,-40000
2014/04/02,0,0,0,0
2014/04/03,0,0,-80000,-80000
2014/04/07,0,0,-21000,-21000
2014/04/08,0,0,-40000,-40000
2014/04/09,0,0,0,0
2014/04/10,0,9415,-50000,-40585
2014/04/11,0,160000,-50000,110000
2014/04/14,0,0,0,0
2014/04/15,0,0,-100000,-100000
2014/04/16,0,0,-1000,-1000
2014/04/17,0,0,-79000,-79000
2014/04/18,0,0,-2000,-2000
2014/04/21,0,1000,-2000,-1000
2014/04/22,0,0,-4000,-4000
2014/04/23,0,0,-1000,-1000
2014/04/24,0,0,-40000,-40000
2014/04/25,0,0,-56000,-56000
2014/04/28,0,0,0,0
2014/04/29,0,0,0,0
2014/04/30,0,0,-11000,-11000
2014/05/02,0,100000,0,100000
2014/05/05,0,0,0,0
2014/05/06,0,0,0,0
2014/05/07,0,0,0,0
2014/05/08,0,0,0,0
2014/05/09,0,0,-1000,-1000
2014/05/12,0,20000,0,20000
2014/05/13,0,0,-1000,-1000
2014/05/14,0,7000,0,7000
2014/05/15,0,0,-1000,-1000
2014/05/16,0,0,-46000,-46000
2014/05/19,0,0,-4000,-4000
2014/05/20,0,0,0,0
2014/05/21,0,0,0,0
2014/05/22,0,215000,0,215000
2014/05/23,0,20000,0,20000
2014/05/26,0,0,-4000,-4000
2014/05/27,0,0,-28000,-28000
2014/05/28,0,6000,-2000,4000
2014/05/29,0,0,-8000,-8000
2014/05/30,0,80000,-6000,74000
2014/06/03,0,0,-17000,-17000
2014/06/04,0,0,0,0
2014/06/05,0,0,0,0
2014/06/06,0,0,-2000,-2000
2014/06/09,0,0,-1000,-1000
2014/06/10,0,0,-11000,-11000
2014/06/11,0,0,-18000,-18000
2014/06/12,0,85000,-32000,53000
2014/06/13,0,0,-255000,-255000
2014/06/16,0,0,-22000,-22000
2014/06/17,0,0,0,0
2014/06/18,0,2000,-21920,-19920
2014/06/19,0,0,0,0
2014/06/20,0,0,-307500,-307500
2014/06/23,0,650000,0,650000
2014/06/24,0,1191000,-10000,1181000
2014/06/25,0,100000,-6000,94000
2014/06/26,0,6000,0,6000
2014/06/27,0,62000,0,62000
2014/06/30,0,1000,-28000,-27000
2014/07/01,0,164000,-33000,131000
2014/07/02,0,493000,-2962,490038
2014/07/03,0,2000,0,2000
2014/07/04,0,0,0,0
2014/07/07,0,0,0,0
2014/07/08,0,200000,-1000,199000
2014/07/09,0,0,0,0
2014/07/10,0,0,0,0
2014/07/11,0,0,0,0
2014/07/14,0,0,0,0
2014/07/15,0,0,-276000,-276000
2014/07/16,0,0,0,0
2014/07/17,0,28000,-100000,-72000
2014/07/18,0,0,-38000,-38000
2014/07/21,0,0,0,0
2014/07/22,0,21000,0,21000
2014/07/23,0,0,0,0
2014/07/24,0,1190000,0,1190000
2014/07/25,0,1206000,-261000,945000
2014/07/28,0,735000,0,735000
2014/07/29,0,7000,0,7000
2014/07/30,0,37000,-2000,35000
2014/07/31,0,47000,0,47000
2014/08/01,0,96000,0,96000
2014/08/04,0,0,-15000,-15000
2014/08/05,0,0,-258000,-258000
2014/08/06,0,10000,0,10000
2014/08/07,0,42000,0,42000
2014/08/08,0,57000,-23000,34000
2014/08/11,0,19000,-125000,-106000
2014/08/12,0,7000,0,7000
2014/08/13,0,284000,-127000,157000
2014/08/14,0,24000,0,24000
2014/08/15,0,10000,0,10000
2014/08/18,0,2000,0,2000
2014/08/19,0,7000,0,7000
2014/08/20,0,4000,0,4000
2014/08/21,0,49000,0,49000
2014/08/22,0,0,0,0
2014/08/25,0,0,0,0
2014/08/26,0,3000,0,3000
2014/08/27,0,2000,0,2000
2014/08/28,0,55000,0,55000
2014/08/29,0,1000,0,1000
2014/09/01,0,0,0,0
2014/09/02,0,0,0,0
2014/09/03,0,21000,-400000,-379000
2014/09/04,0,448000,0,448000
2014/09/05,0,297000,0,297000
2014/09/09,0,70000,0,70000
2014/09/10,0,0,0,0
2014/09/11,0,66000,0,66000
2014/09/12,0,422000,0,422000
2014/09/15,0,435000,0,435000
2014/09/16,0,11000,-200000,-189000
2014/09/17,0,14000,-279000,-265000
2014/09/18,0,100000,-26000,74000
2014/09/19,0,2000,-167000,-165000
2014/09/22,0,29462,0,29462
2014/09/23,0,3000,-197000,-194000
2014/09/24,0,3000,0,3000
2014/09/25,0,100000,-85000,15000
2014/09/26,0,0,0,0
2014/09/29,0,0,0,0
2014/09/30,0,38000,0,38000
2014/10/01,0,0,0,0
2014/10/02,0,1000,0,1000
2014/10/03,0,0,0,0
2014/10/06,0,10000,-400000,-390000
2014/10/07,0,3000,-400000,-397000
2014/10/08,0,3000,-499000,-496000
2014/10/09,0,0,-1000,-1000
2014/10/13,0,0,0,0
2014/10/14,0,1000,0,1000
2014/10/15,0,6000,-335000,-329000
2014/10/16,0,200000,0,200000
2014/10/17,0,3000,0,3000
2014/10/20,0,0,0,0
2014/10/21,0,14000,0,14000
2014/10/22,0,435000,0,435000
2014/10/23,0,566000,0,566000
2014/10/24,0,540000,0,540000
2014/10/27,0,547000,-1000,546000
2014/10/28,0,0,0,0
2014/10/29,0,159000,0,159000
2014/10/30,0,226000,0,226000
2014/10/31,0,31000,-3000,28000
2014/11/03,0,0,-5000,-5000
2014/11/04,0,0,0,0
2014/11/05,0,0,0,0
2014/11/06,0,0,0,0
2014/11/07,0,0,-23000,-23000
2014/11/10,0,0,-560000,-560000
2014/11/11,0,32000,0,32000
2014/11/12,0,15000,-396000,-381000
2014/11/13,0,0,0,0
2014/11/14,0,0,0,0
2014/11/17,0,0,-42000,-42000
2014/11/18,0,0,0,0
2014/11/19,0,0,0,0
2014/11/20,0,6000,0,6000
2014/11/21,0,85000,0,85000
2014/11/24,0,896000,0,896000
2014/11/25,0,2000,-2000,0
2014/11/26,0,277000,-1000,276000
2014/11/27,0,23000,-4000,19000
2014/11/28,0,330000,0,330000
2014/12/01,0,0,0,0
2014/12/02,0,0,-202000,-202000
2014/12/03,0,120000,-255840,-135840
2014/12/04,0,0,0,0
2014/12/05,0,0,-57000,-57000
2014/12/08,0,0,-4000,-4000
2014/12/09,0,0,0,0
2014/12/10,0,0,-111000,-111000
2014/12/11,0,67000,-4720,62280
2014/12/12,0,0,0,0
2014/12/15,0,0,-80327,-80327
2014/12/16,0,0,-79000,-79000
2014/12/17,0,200000,-100000,100000
2014/12/18,0,0,0,0
2014/12/19,0,143000,-189000,-46000
2014/12/22,0,0,0,0
2014/12/23,0,198000,0,198000
2014/12/24,0,5195000,0,5195000
2014/12/25,0,1279000,0,1279000
2014/12/26,0,771000,0,771000
2014/12/29,0,740000,-8000,732000
2014/12/30,0,587000,-383000,204000
2014/12/31,0,90000,-802000,-712000
2015/01/01,0,0,0,0
2015/01/02,0,0,0,0
2015/01/05,0,20000,0,20000
2015/01/06,0,288000,0,288000
2015/01/07,0,64000,-39000,25000
2015/01/08,0,2321000,0,2321000
2015/01/09,0,937000,0,937000
2015/01/12,0,2350000,0,2350000
2015/01/13,0,3492000,0,3492000
2015/01/14,0,228000,-3000,225000
2015/01/15,0,546000,0,546000
2015/01/16,0,654000,0,654000
2015/01/19,0,1909000,0,1909000
2015/01/20,0,603000,0,603000
2015/01/21,0,123000,0,123000
2015/01/22,0,896000,-93000,803000
2015/01/23,0,608000,-5000,603000
2015/01/26,0,327000,0,327000
2015/01/27,0,0,0,0
2015/01/28,0,180000,0,180000
2015/01/29,0,33000,-56000,-23000
2015/01/30,0,44000,-12000,32000
2015/02/02,0,113000,0,113000
2015/02/03,0,235000,0,235000
2015/02/04,0,1123000,-1000,1122000
2015/02/05,0,16000,0,16000
2015/02/06,0,0,-54000,-54000
2015/02/09,0,1300000,-75000,1225000
2015/02/10,0,350000,0,350000
2015/02/11,0,28000,0,28000
2015/02/12,0,0,-1341000,-1341000
2015/02/13,0,0,-935000,-935000
2015/02/16,0,0,0,0
2015/02/17,0,0,0,0
2015/02/18,0,0,0,0
2015/02/19,0,0,0,0
2015/02/20,0,0,0,0
2015/02/23,0,0,0,0
2015/02/24,0,436000,0,436000
2015/02/25,0,0,-33000,-33000
2015/02/26,0,867000,-407000,460000
2015/02/27,0,0,0,0
2015/03/02,0,420000,-249000,171000
2015/03/03,0,0,-2000,-2000
2015/03/04,0,3000,-142000,-139000
2015/03/05,0,371000,-1049000,-678000
2015/03/06,0,290000,-1094000,-804000
2015/03/09,0,361000,-404000,-43000
2015/03/10,0,0,-426000,-426000
2015/03/11,0,0,-1000,-1000
2015/03/12,0,0,-142,-142
2015/03/13,0,0,0,0
2015/03/16,0,0,-14000,-14000
2015/03/17,0,0,-73000,-73000
2015/03/18,0,0,-964000,-964000
2015/03/19,0,0,-262000,-262000
2015/03/20,0,3000,-39000,-36000
2015/03/23,0,84000,-128000,-44000
2015/03/24,0,200000,-205000,-5000
2015/03/25,0,0,-476000,-476000
2015/03/26,0,0,-11000,-11000
2015/03/27,0,709000,-102000,607000
2015/03/30,0,52000,0,52000
2015/03/31,0,15000,0,15000
2015/04/01,0,36000,0,36000
2015/04/02,0,161000,-270000,-109000
2015/04/03,0,0,0,0
2015/04/06,0,0,0,0
2015/04/07,0,0,0,0
2015/04/08,0,1500000,-35000,1465000
2015/04/09,0,0,0,0
2015/04/10,0,180000,0,180000
2015/04/13,0,899000,0,899000
2015/04/14,0,33000,-394000,-361000
2015/04/15,0,289000,-3000,286000
2015/04/16,0,0,0,0
2015/04/17,0,1741000,0,1741000
2015/04/20,0,200000,-5000,195000
2015/04/21,0,180000,0,180000
2015/04/22,0,226000,0,226000
2015/04/23,0,100000,0,100000
2015/04/24,0,926000,-3000,923000
2015/04/27,0,190000,0,190000
2015/04/28,0,150000,-484000,-334000
2015/04/29,0,0,-8000,-8000
2015/04/30,0,300000,-2000,298000
2015/05/01,0,0,0,0
2015/05/04,0,29000,0,29000
2015/05/05,0,0,-90000,-90000
2015/05/06,0,493000,-285000,208000
2015/05/07,0,8000,-518000,-510000
2015/05/08,0,0,-162000,-162000
2015/05/11,0,22000,0,22000
2015/05/12,0,0,-70000,-70000
2015/05/13,0,53000,-132000,-79000
2015/05/14,0,3000,-913000,-910000
2015/05/15,0,0,-131000,-131000
2015/05/18,0,0,0,0
2015/05/19,0,0,-429000,-429000
2015/05/20,0,4000,-811000,-807000
2015/05/21,0,0,-901000,-901000
2015/05/22,0,0,-983000,-983000
2015/05/25,0,0,-1094000,-1094000
2015/05/26,0,0,-239000,-239000
2015/05/27,0,0,-405000,-405000
2015/05/28,0,12000,-2091000,-2079000
2015/05/29,0,0,-721000,-721000
2015/06/01,0,0,-345000,-345000
2015/06/02,0,0,-33000,-33000
2015/06/03,0,0,-110000,-110000
2015/06/04,0,319,-924000,-923681
2015/06/05,0,0,-103000,-103000
2015/06/08,0,0,-25000,-25000
2015/06/09,0,0,-253000,-253000
2015/06/10,0,363000,-9000,354000
2015/06/11,0,60000,-85000,-25000
2015/06/12,0,0,-949000,-949000
2015/06/15,0,20000,-71000,-51000
2015/06/16,0,0,-235000,-235000
2015/06/17,0,0,-18000,-18000
2015/06/18,0,0,-401000,-401000
2015/06/19,0,0,0,0
2015/06/22,0,1000,-38000,-37000
2015/06/23,0,91000,-222000,-131000
2015/06/24,0,10000,-255000,-245000
2015/06/25,0,10000,-299000,-289000
2015/06/26,0,0,-94000,-94000
2015/06/29,0,2000,-473000,-471000
2015/06/30,0,0,-200000,-200000
2015/07/01,0,0,-2000,-2000
2015/07/02,0,0,-700000,-700000
2015/07/03,0,0,-600000,-600000
2015/07/06,0,0,-200000,-200000
2015/07/07,0,0,-485000,-485000
2015/07/08,0,0,0,0
2015/07/09,0,2000,-11000,-9000
2015/07/10,0,0,0,0
2015/07/13,0,25000,-328000,-303000
2015/07/14,0,0,0,0
2015/07/15,0,31000,-761000,-730000
2015/07/16,0,245000,-412000,-167000
2015/07/17,0,112000,-252000,-140000
2015/07/20,0,427000,0,427000
2015/07/21,0,22000,0,22000
2015/07/22,0,30000,-189000,-159000
2015/07/23,0,126000,0,126000
2015/07/24,0,89000,0,89000
2015/07/27,0,0,0,0
2015/07/28,0,235000,0,235000
2015/07/29,0,43000,0,43000
2015/07/30,0,40000,-44000,-4000
2015/07/31,0,64000,-75000,-11000
2015/08/03,0,256000,0,256000
2015/08/04,0,118000,-76000,42000
2015/08/05,0,238000,0,238000
2015/08/06,0,223000,0,223000
2015/08/07,0,168000,0,168000
2015/08/10,0,19000,-4000,15000
2015/08/11,0,25000,0,25000
2015/08/12,0,106000,-760000,-654000
2015/08/13,0,11000,-849000,-838000
2015/08/14,0,0,0,0
2015/08/17,0,3000,0,3000
2015/08/18,0,66000,-662000,-596000
2015/08/19,0,2000,-13000,-11000
2015/08/20,0,2000,-153000,-151000
2015/08/21,0,470000,0,470000
2015/08/24,0,210000,0,210000
2015/08/25,0,345004,0,345004
2015/08/26,0,353000,-87000,266000
2015/08/27,0,1000,-161000,-160000
2015/08/28,0,1000,0,1000
2015/08/31,0,62000,-50000,12000
2015/09/01,0,469000,-362000,107000
2015/09/02,0,396000,-85000,311000
2015/09/03,0,124000,-186000,-62000
2015/09/04,0,0,-37000,-37000
2015/09/07,0,293000,0,293000
2015/09/08,0,15000,-155000,-140000
2015/09/09,0,1000,-1021000,-1020000
2015/09/10,0,110000,-134000,-24000
2015/09/11,0,334000,-141000,193000
2015/09/14,0,115000,-25000,90000
2015/09/15,0,8000,0,8000
2015/09/16,0,0,0,0
2015/09/17,0,732000,0,732000
2015/09/18,0,10000,-403000,-393000
2015/09/21,0,572000,0,572000
2015/09/22,0,541994,-451280,90714
2015/09/23,0,0,-41000,-41000
2015/09/24,0,15000,-307000,-292000
2015/09/25,0,161000,0,161000
2015/09/28,0,0,0,0
2015/09/29,0,0,0,0
2015/09/30,0,330000,-148000,182000
2015/10/01,0,9000,-112000,-103000
2015/10/02,0,53000,0,53000
2015/10/05,0,0,-31000,-31000
2015/10/06,0,93000,0,93000
2015/10/07,0,792000,0,792000
2015/10/08,0,670000,0,670000
2015/10/09,0,0,0,0
2015/10/12,0,1186000,0,1186000
2015/10/13,0,736000,0,736000
2015/10/14,0,538000,0,538000
2015/10/15,0,70000,0,70000
2015/10/16,0,111000,0,111000
2015/10/19,0,458000,0,458000
2015/10/20,0,378000,0,378000
2015/10/21,0,250000,0,250000
2015/10/22,0,85000,0,85000
2015/10/23,0,135000,-74000,61000
2015/10/26,0,425000,0,425000
2015/10/27,0,15000,0,15000
2015/10/28,0,0,0,0
2015/10/29,0,10000,-1000,9000
2015/10/30,0,12000,0,12000
2015/11/02,0,0,-64000,-64000
2015/11/03,0,76000,0,76000
2015/11/04,0,144000,-3000,141000
2015/11/05,0,0,-71000,-71000
2015/11/06,0,81000,-75000,6000
2015/11/09,0,45000,-101000,-56000
2015/11/10,0,0,0,0
2015/11/11,0,415000,-34000,381000
2015/11/12,0,144000,0,144000
2015/11/13,0,142000,-2000,140000
2015/11/16,0,44000,0,44000
2015/11/17,0,100000,-33000,67000
2015/11/18,0,101000,-200000,-99000
2015/11/19,0,70000,-59000,11000
2015/11/20,0,0,-33000,-33000
2015/11/23,0,0,-172000,-172000
2015/11/24,0,122000,-15000,107000
2015/11/25,0,100000,0,100000
2015/11/26,0,30000,0,30000
2015/11/27,0,0,-114000,-114000
2015/11/30,0,126000,-245000,-119000
2015/12/01,0,0,-200000,-200000
2015/12/02,0,17000,-159000,-142000
2015/12/03,0,99000,-538000,-439000
2015/12/04,0,0,0,0
2015/12/07,0,219000,0,219000
2015/12/08,0,15000,0,15000
2015/12/09,0,0,-630000,-630000
2015/12/10,0,0,-300000,-300000
2015/12/11,0,0,0,0
2015/12/14,0,0,-2484,-2484
2015/12/15,0,15000,-750000,-735000
2015/12/16,0,0,-3000,-3000
2015/12/17,0,0,0,0
2015/12/18,0,0,-21000,-21000
2015/12/21,0,0,0,0
2015/12/22,0,28000,-267000,-239000
2015/12/23,0,279000,-228000,51000
2015/12/24,0,300000,-1042000,-742000
2015/12/25,0,175000,-354000,-179000
2015/12/28,0,170000,0,170000
2015/12/29,0,236000,-141000,95000
2015/12/30,0,135000,0,135000
2015/12/31,0,0,-3100000,-3100000
2016/01/01,0,0,0,0
2016/01/04,0,1159000,0,1159000
2016/01/05,0,0,-1180000,-1180000
2016/01/06,0,108000,-856000,-748000
2016/01/07,0,106000,-4000,102000
2016/01/08,0,0,0,0
2016/01/11,0,1252000,-499000,753000
2016/01/12,0,29000,-2000,27000
2016/01/13,0,151000,-1000,150000
2016/01/14,0,0,0,0
2016/01/15,0,28000,-39000,-11000
2016/01/18,0,31000,-1061000,-1030000
2016/01/19,0,100000,-638000,-538000
2016/01/20,0,0,-449000,-449000
2016/01/21,0,0,-196000,-196000
2016/01/22,0,0,0,0
2016/01/25,0,20000,-5000,15000
2016/01/26,0,0,0,0
2016/01/27,0,0,0,0
2016/01/28,0,0,0,0
2016/01/29,0,2000,0,2000
2016/02/01,0,0,0,0
2016/02/02,0,534000,0,534000
2016/02/03,0,0,0,0
2016/02/04,0,0,0,0
2016/02/05,0,0,0,0
2016/02/08,0,0,0,0
2016/02/09,0,0,0,0
2016/02/10,0,0,0,0
2016/02/11,0,0,0,0
2016/02/12,0,0,0,0
2016/02/15,0,70000,-976,69024
2016/02/16,0,23000,0,23000
2016/02/17,0,1000,0,1000
2016/02/18,0,0,0,0
2016/02/19,0,0,-1000,-1000
2016/02/22,0,0,0,0
2016/02/23,0,0,0,0
2016/02/24,0,0,0,0
2016/02/25,0,0,0,0
2016/02/26,0,1093000,0,1093000
2016/02/29,0,0,0,0
2016/03/01,0,0,0,0
2016/03/02,0,0,-27596,-27596
2016/03/03,0,120000,0,120000
2016/03/04,0,200000,0,200000
2016/03/07,0,323000,0,323000
2016/03/08,0,27000,-90000,-63000
2016/03/09,0,92000,-926000,-834000
2016/03/10,0,0,-31000,-31000
2016/03/11,0,0,-179000,-179000
2016/03/14,0,0,-45000,-45000
2016/03/15,0,0,-71000,-71000
2016/03/16,0,0,-659000,-659000
2016/03/17,0,0,-27000,-27000
2016/03/18,0,77000,-100000,-23000
2016/03/21,0,0,-73000,-73000
2016/03/22,0,0,0,0
2016/03/23,0,0,0,0
2016/03/24,0,36000,-81000,-45000
2016/03/25,0,0,-67000,-67000
2016/03/28,0,90000,0,90000
2016/03/29,0,28000,-1000,27000
2016/03/30,0,0,-44000,-44000
2016/03/31,0,80000,-89000,-9000
2016/04/01,0,0,0,0
2016/04/04,0,0,0,0
2016/04/05,0,0,0,0
2016/04/06,0,0,-476000,-476000
2016/04/07,0,0,-54000,-54000
2016/04/08,0,0,-210000,-210000
2016/04/11,0,0,0,0
2016/04/12,0,1000,0,1000
2016/04/13,0,0,-48000,-48000
2016/04/14,0,0,0,0
2016/04/15,0,14000,-103000,-89000
2016/04/18,0,14000,0,14000
2016/04/19,0,150000,-60000,90000
2016/04/20,0,302000,-1000,301000
2016/04/21,0,39000,-271000,-232000
2016/04/22,0,42000,0,42000
2016/04/25,0,0,-14000,-14000
2016/04/26,0,0,0,0
2016/04/27,0,0,0,0
2016/04/28,0,0,0,0
2016/04/29,0,15000,-5000,10000
2016/05/02,0,0,0,0
2016/05/03,0,0,0,0
2016/05/04,0,0,-20000,-20000
2016/05/05,0,965000,-150000,815000
2016/05/06,0,0,0,0
2016/05/09,0,0,0,0
2016/05/10,0,160000,-121,159879
2016/05/11,0,0,0,0
2016/05/12,0,0,0,0
2016/05/13,0,0,-45000,-45000
2016/05/16,0,0,-12000,-12000
2016/05/17,0,70000,-203000,-133000
2016/05/18,0,0,-1423000,-1423000
2016/05/19,0,0,-1488000,-1488000
2016/05/20,0,0,0,0
2016/05/23,0,0,-17000,-17000
2016/05/24,0,0,0,0
2016/05/25,0,0,0,0
2016/05/26,0,0,-2000,-2000
2016/05/27,0,0,-15000,-15000
2016/05/30,0,2000,-15000,-13000
2016/05/31,0,0,-1201000,-1201000
2016/06/01,0,4000,-228000,-224000
2016/06/02,0,0,-134000,-134000
2016/06/03,0,0,-93000,-93000
2016/06/06,0,0,-38000,-38000
2016/06/07,0,0,-12000,-12000
2016/06/08,0,0,-125000,-125000
2016/06/09,0,0,0,0
2016/06/10,0,0,0,0
2016/06/13,0,0,-230000,-230000
2016/06/14,0,0,-563000,-563000
2016/06/15,0,0,-442600,-442600
2016/06/16,0,0,-555000,-555000
2016/06/17,0,1000,-1058000,-1057000
2016/06/20,0,0,-20000,-20000
2016/06/21,0,0,0,0
2016/06/22,0,0,-60000,-60000
2016/06/23,0,0,-40000,-40000
2016/06/24,0,23000,-208000,-185000
2016/06/27,0,0,-421000,-421000
2016/06/28,0,120000,0,120000
2016/06/29,0,0,0,0
2016/06/30,0,50000,0,50000
2016/07/01,0,0,-245000,-245000
2016/07/04,0,414000,-54000,360000
2016/07/05,0,0,-116000,-116000
2016/07/06,0,146000,-407000,-261000
2016/07/07,0,19000,0,19000
2016/07/08,0,0,0,0
2016/07/11,0,29000,0,29000
2016/07/12,0,480000,0,480000
2016/07/13,0,0,0,0
2016/07/14,0,0,-255000,-255000
2016/07/15,0,20000,0,20000
2016/07/18,0,42000,0,42000
2016/07/19,0,9000,-12000,-3000
2016/07/20,0,188000,-264000,-76000
2016/07/21,0,1000,-142000,-141000
2016/07/22,0,71000,-48000,23000
2016/07/25,0,219000,-70000,149000
2016/07/26,0,150000,-113000,37000
2016/07/27,0,0,-307000,-307000
2016/07/28,0,0,-47000,-47000
2016/07/29,0,1111,-203000,-201889
2016/08/01,0,10000,0,10000
2016/08/02,0,292000,-59000,233000
2016/08/03,0,30000,-103000,-73000
2016/08/04,0,227000,-42000,185000
2016/08/05,0,200000,-9000,191000
2016/08/08,0,201000,-44000,157000
2016/08/09,0,1000,-301000,-300000
2016/08/10,0,5000,0,5000
2016/08/11,0,1000,-80000,-79000
2016/08/12,0,0,-5000,-5000
2016/08/15,0,0,-27000,-27000
2016/08/16,0,10000,-9000,1000
2016/08/17,0,1000,0,1000
2016/08/18,0,0,-3000,-3000
2016/08/19,0,1000,-144000,-143000
2016/08/22,0,2000,-9000,-7000
2016/08/23,0,0,-1000,-1000
2016/08/24,0,0,-7000,-7000
2016/08/25,0,6000,-2000,4000
2016/08/26,0,0,-88000,-88000
2016/08/29,0,0,-1000,-1000
2016/08/30,0,34000,-1000,33000
2016/08/31,0,1000,-20000,-19000
2016/09/01,0,102000,0,102000
2016/09/02,0,0,-97000,-97000
2016/09/05,0,0,-2000,-2000
2016/09/06,0,0,0,0
2016/09/07,0,169000,-70000,99000
2016/09/08,0,0,-7000,-7000
2016/09/09,0,1000,0,1000
2016/09/12,0,0,0,0
2016/09/13,0,1000,0,1000
2016/09/14,0,66000,0,66000
2016/09/15,0,0,0,0
2016/09/16,0,0,0,0
2016/09/19,0,100000,0,100000
2016/09/20,0,0,0,0
2016/09/21,0,0,-5000,-5000
2016/09/22,0,0,0,0
2016/09/23,0,0,-29000,-29000
2016/09/26,0,150000,-10000,140000
2016/09/27,0,0,0,0
2016/09/28,0,0,0,0
2016/09/29,0,125000,0,125000
2016/09/30,0,329684,0,329684
2016/10/03,0,150000,0,150000
2016/10/04,0,187000,-6000,181000
2016/10/05,0,92000,0,92000
2016/10/06,0,60000,0,60000
2016/10/07,0,183000,0,183000
2016/10/10,0,0,0,0
2016/10/11,0,274000,-110000,164000
2016/10/12,0,130000,0,130000
2016/10/13,0,1000000,0,1000000
2016/10/14,0,31000,0,31000
2016/10/17,0,202000,0,202000
2016/10/18,0,86000,0,86000
2016/10/19,0,1796000,0,1796000
2016/10/20,0,6134000,0,6134000
2016/10/21,0,464000,0,464000
2016/10/24,0,70000,0,70000
2016/10/25,0,131000,0,131000
2016/10/26,0,381000,0,381000
2016/10/27,0,1128000,0,1128000
2016/10/28,0,419000,-31000,388000
2016/10/31,0,90000,-75000,15000
2016/11/01,0,40000,-1000,39000
2016/11/02,0,119000,-624,118376
2016/11/03,0,198000,0,198000
2016/11/04,0,35000,-7000,28000
2016/11/07,0,566000,0,566000
2016/11/08,0,369000,-3000,366000
2016/11/09,0,93000,-22000,71000
2016/11/10,0,919000,0,919000
2016/11/11,0,14000,0,14000
2016/11/14,0,38000,-127000,-89000
2016/11/15,0,621000,-18000,603000
2016/11/16,0,16000,-54000,-38000
2016/11/17,0,370000,0,370000
2016/11/18,0,216000,0,216000
2016/11/21,0,0,0,0
2016/11/22,0,266000,-8000,258000
2016/11/23,0,409000,0,409000
2016/11/24,0,106000,0,106000
2016/11/25,0,152000,0,152000
2016/11/28,0,149000,0,149000
2016/11/29,0,121000,-94000,27000
2016/11/30,0,531000,-76000,455000
2016/12/01,0,186000,0,186000
2016/12/02,0,193000,0,193000
2016/12/05,0,251000,-110000,141000
2016/12/06,0,36000,-460000,-424000
2016/12/07,0,62000,-200000,-138000
2016/12/08,0,0,-413000,-413000
2016/12/09,0,15000,-200000,-185000
2016/12/12,0,183000,-200000,-17000
2016/12/13,0,27000,-101000,-74000
2016/12/14,0,22000,-450000,-428000
2016/12/15,0,0,-537000,-537000
2016/12/16,0,15000,-144000,-129000
2016/12/19,0,85000,-596000,-511000
2016/12/20,0,0,-200000,-200000
2016/12/21,0,48000,-38000,10000
2016/12/22,0,10000,-18000,-8000
2016/12/23,0,0,-274000,-274000
2016/12/26,0,100000,-337000,-237000
2016/12/27,0,0,0,0
2016/12/28,0,148000,0,148000
2016/12/29,0,0,0,0
2016/12/30,0,122000,-400000,-278000
2017/01/02,0,0,0,0
2017/01/03,0,150000,0,150000
2017/01/04,0,293000,-300000,-7000
2017/01/05,0,427000,-500000,-73000
2017/01/06,0,112000,-576000,-464000
2017/01/09,0,120000,-126000,-6000
2017/01/10,0,35000,-81000,-46000
2017/01/11,0,85000,-37000,48000
2017/01/12,0,43000,-120000,-77000
2017/01/13,0,30000,-300000,-270000
2017/01/16,0,0,-193000,-193000
2017/01/17,0,28000,-66000,-38000
2017/01/18,0,0,-308000,-308000
2017/01/19,0,0,-633000,-633000
2017/01/20,0,0,-41000,-41000
2017/01/23,0,11002,0,11002
2017/01/24,0,34000,0,34000
2017/01/25,0,0,0,0
2017/01/26,0,0,0,0
2017/01/27,0,0,0,0
2017/01/30,0,0,0,0
2017/01/31,0,0,0,0
2017/02/01,0,0,0,0
2017/02/02,0,0,-262000,-262000
2017/02/03,0,48000,-213000,-165000
2017/02/06,0,0,-20000,-20000
2017/02/07,0,0,-509000,-509000
2017/02/08,0,0,-92000,-92000
2017/02/09,0,12000,-321000,-309000
2017/02/10,0,50000,-51000,-1000
2017/02/13,0,45000,0,45000
2017/02/14,0,278000,-40000,238000
2017/02/15,0,58000,-15000,43000
2017/02/16,0,50000,0,50000
2017/02/17,0,2000,0,2000
2017/02/20,0,0,-40000,-40000
2017/02/21,0,0,-109000,-109000
2017/02/22,0,0,-48000,-48000
2017/02/23,0,1000,-452000,-451000
2017/02/24,0,0,-150000,-150000
2017/02/27,0,0,0,0
2017/02/28,0,0,0,0
2017/03/01,0,0,0,0
2017/03/02,0,0,-425000,-425000
2017/03/03,0,3000,-440000,-437000
2017/03/06,0,0,-208000,-208000
2017/03/07,0,19000,0,19000
2017/03/08,0,272000,-464000,-192000
2017/03/09,0,50000,-541000,-491000
2017/03/10,0,95000,0,95000
2017/03/13,0,0,-541000,-541000
2017/03/14,0,0,-1205800,-1205800
2017/03/15,0,60000,-10000,50000
2017/03/16,0,50000,0,50000
2017/03/17,0,78000,0,78000
2017/03/20,0,0,-30000,-30000
2017/03/21,0,0,-353000,-353000
2017/03/22,0,87000,-23000,64000
2017/03/23,0,10000,0,10000
2017/03/24,0,52000,0,52000
2017/03/27,0,80000,0,80000
2017/03/28,0,80000,0,80000
2017/03/29,0,419924,0,419924
2017/03/30,0,164053,-70000,94053
2017/03/31,0,119368,0,119368
2017/04/03,0,0,0,0
2017/04/04,0,0,0,0
2017/04/05,0,197455,0,197455
2017/04/06,0,50000,0,50000
2017/04/07,0,102000,-98000,4000
2017/04/10,0,202000,-10000,192000
2017/04/11,0,205000,0,205000
2017/04/12,0,332000,-27000,305000
2017/04/13,0,231000,0,231000
2017/04/14,0,100000,-17000,83000
2017/04/17,0,100000,0,100000
2017/04/18,0,98000,0,98000
2017/04/19,0,106453,-86000,20453
2017/04/20,0,2000,-1038000,-1036000
2017/04/21,0,0,0,0
2017/04/24,0,0,-304000,-304000
2017/04/25,0,0,-719173,-719173
2017/04/26,0,1000,-334000,-333000
2017/04/27,0,71000,-127000,-56000
2017/04/28,0,0,-297000,-297000
2017/05/01,0,0,0,0
2017/05/02,0,0,-25000,-25000
2017/05/03,0,0,-20000,-20000
2017/05/04,0,51445,-46000,5445
2017/05/05,0,37000,-465831,-428831
2017/05/08,0,0,-28000,-28000
2017/05/09,0,0,-325000,-325000
2017/05/10,0,0,-494000,-494000
2017/05/11,0,7000,-70000,-63000
2017/05/12,0,0,-31000,-31000
2017/05/15,0,250000,-110000,140000
2017/05/16,0,734000,-51000,683000
2017/05/17,0,0,-60000,-60000
2017/05/18,0,0,-16000,-16000
2017/05/19,0,0,-35000,-35000
2017/05/22,0,0,-509000,-509000
2017/05/23,0,0,-9000,-9000
2017/05/24,0,0,0,0
2017/05/25,0,0,-6000,-6000
2017/05/26,0,0,-134000,-134000
2017/05/29,0,0,0,0
2017/05/30,0,0,0,0
2017/05/31,0,246000,-220000,26000
2017/06/01,0,0,-380000,-380000
2017/06/02,0,0,-445000,-445000
2017/06/05,0,0,-57000,-57000
2017/06/06,0,40000,-236000,-196000
2017/06/07,0,1010000,-21000,989000
2017/06/08,0,504000,-128000,376000
2017/06/09,0,60000,-52000,8000
2017/06/12,0,0,0,0
2017/06/13,0,0,0,0
2017/06/14,0,0,-2000,-2000
2017/06/15,0,0,-498000,-498000
2017/06/16,0,0,-151000,-151000
2017/06/19,0,38000,-387000,-349000
2017/06/20,0,395000,-25229,369771
2017/06/21,0,296000,-36000,260000
2017/06/22,0,0,0,0
2017/06/23,0,0,-6000,-6000
2017/06/26,0,94000,-95000,-1000
2017/06/27,0,0,-65000,-65000
2017/06/28,0,0,-78174,-78174
2017/06/29,0,0,-23000,-23000
2017/06/30,0,0,0,0
2017/07/03,0,0,-483000,-483000
2017/07/04,0,98000,-131000,-33000
2017/07/05,0,64000,0,64000
2017/07/06,0,264000,0,264000
2017/07/07,0,0,0,0
2017/07/10,0,0,-10000,-10000
2017/07/11,0,0,-3000,-3000
2017/07/12,0,23000,-19705,3295
2017/07/13,0,133000,-23000,110000
2017/07/14,0,35000,-12000,23000
2017/07/17,0,6294,-81000,-74706
2017/07/18,0,21000,-162000,-141000
2017/07/19,0,0,0,0
2017/07/20,0,4000,0,4000
2017/07/21,0,400000,-145000,255000
2017/07/24,0,0,0,0
2017/07/25,0,52000,-250000,-198000
2017/07/26,0,0,-7000,-7000
2017/07/27,0,50000,-267000,-217000
2017/07/28,0,297000,0,297000
2017/07/31,0,9000,-82000,-73000
2017/08/01,0,5000,-17000,-12000
2017/08/02,0,8000,-10000,-2000
2017/08/03,0,297000,0,297000
2017/08/04,0,861000,-34000,827000
2017/08/07,0,31000,0,31000
2017/08/08,0,827000,-6000,821000
2017/08/09,0,74000,-3000,71000
2017/08/10,0,1000,0,1000
2017/08/11,0,3000,-5000,-2000
2017/08/14,0,0,-5000,-5000
2017/08/15,0,140000,-2000,138000
2017/08/16,0,502000,0,502000
2017/08/17,0,0,0,0
2017/08/18,0,34000,0,34000
