Date,Open,Buy,Sell,Total
2007/04/23,0,0,-100000,-100000
2007/04/24,0,0,-28000,-28000
2007/04/25,0,0,-123000,-123000
2007/04/26,0,0,-51000,-51000
2007/04/27,0,2000,-90000,-88000
2007/04/30,0,0,-100000,-100000
2007/05/01,0,0,0,0
2007/05/02,0,0,-188000,-188000
2007/05/03,0,143000,-75000,68000
2007/05/04,0,280000,0,280000
2007/05/07,0,97000,-17000,80000
2007/05/08,0,68000,-243000,-175000
2007/05/09,0,0,-34000,-34000
2007/05/10,0,0,-16000,-16000
2007/05/11,0,5000,-466000,-461000
2007/05/14,0,0,-58000,-58000
2007/05/15,0,40000,-101000,-61000
2007/05/16,0,7000,-27000,-20000
2007/05/17,0,100000,-46000,54000
2007/05/18,0,0,-38000,-38000
2007/05/21,0,1018000,-180000,838000
2007/05/22,0,43000,-166000,-123000
2007/05/23,0,282000,-244000,38000
2007/05/24,0,179000,-192000,-13000
2007/05/25,0,80000,-252000,-172000
2007/05/28,0,4000,-25000,-21000
2007/05/29,0,7000,-348000,-341000
2007/05/30,0,104000,-275000,-171000
2007/05/31,0,228000,-7000,221000
2007/06/01,0,32000,-14000,18000
2007/06/04,0,11000,-117000,-106000
2007/06/05,0,4000,-155000,-151000
2007/06/06,0,218000,-184000,34000
2007/06/07,0,234000,-25000,209000
2007/06/08,0,97000,-113000,-16000
2007/06/11,0,1554000,-72000,1482000
2007/06/12,0,614000,-106000,508000
2007/06/13,0,3000,-75000,-72000
2007/06/14,0,0,-148000,-148000
2007/06/15,0,678000,-28000,650000
2007/06/18,0,0,0,0
2007/06/19,0,0,0,0
2007/06/20,0,887000,-1763000,-876000
2007/06/21,0,321000,-2210000,-1889000
2007/06/22,0,62000,-496900,-434900
2007/06/25,0,788000,-85000,703000
2007/06/26,0,198000,-174000,24000
2007/06/27,0,143000,-160000,-17000
2007/06/28,0,280000,-192000,88000
2007/06/29,0,196000,-267000,-71000
2007/07/02,0,335000,-280000,55000
2007/07/03,0,797000,-103000,694000
2007/07/04,0,871000,-290000,581000
2007/07/05,0,522000,-227000,295000
2007/07/06,0,95000,-389000,-294000
2007/07/09,0,2439000,-196000,2243000
2007/07/10,0,1913000,-141000,1772000
2007/07/11,0,383000,-1414492,-1031492
2007/07/12,0,480000,-353000,127000
2007/07/13,0,365000,-408492,-43492
2007/07/16,0,265000,-1363841,-1098841
2007/07/17,0,87000,-444000,-357000
2007/07/18,0,120000,-383000,-263000
2007/07/19,0,426000,-16224,409776
2007/07/20,0,251000,-630000,-379000
2007/07/23,0,142000,-708000,-566000
2007/07/24,0,212000,-1259000,-1047000
2007/07/25,0,86000,-61000,25000
2007/07/26,0,293000,-534000,-241000
2007/07/27,0,1000,-1015000,-1014000
2007/07/30,0,362000,-860000,-498000
2007/07/31,0,97000,-549000,-452000
2007/08/01,0,128000,-712000,-584000
2007/08/02,0,253000,-254307,-1307
2007/08/03,0,264000,-684000,-420000
2007/08/06,0,61000,-145000,-84000
2007/08/07,0,451000,-285000,166000
2007/08/08,0,84000,-405000,-321000
2007/08/09,0,127000,-528752,-401752
2007/08/10,0,56000,-375000,-319000
2007/08/13,0,242000,-190000,52000
2007/08/14,0,990000,-701000,289000
2007/08/15,0,556000,-148000,408000
2007/08/16,0,1031000,-968000,63000
2007/08/17,0,816000,-266000,550000
2007/08/20,0,994000,-862000,132000
2007/08/21,0,135000,-1073000,-938000
2007/08/22,0,163000,-236000,-73000
2007/08/23,0,210000,-912000,-702000
2007/08/24,0,268000,-395000,-127000
2007/08/27,0,230000,-298000,-68000
2007/08/28,0,163000,-768000,-605000
2007/08/29,0,1209000,-135000,1074000
2007/08/30,0,2123000,-725000,1398000
2007/08/31,0,1158000,-816000,342000
2007/09/03,0,590000,-1374000,-784000
2007/09/04,0,145000,-271000,-126000
2007/09/05,0,38000,-234000,-196000
2007/09/06,0,613000,-210000,403000
2007/09/07,0,233000,-607000,-374000
2007/09/10,0,585000,-316000,269000
2007/09/11,0,403000,-205000,198000
2007/09/12,0,417000,-673000,-256000
2007/09/13,0,100000,-365000,-265000
2007/09/14,0,318000,-2024000,-1706000
2007/09/17,0,263000,-273000,-10000
2007/09/18,0,0,0,0
2007/09/19,0,904000,-520000,384000
2007/09/20,0,1078000,-1148000,-70000
2007/09/21,0,897000,-556000,341000
2007/09/24,0,0,0,0
2007/09/25,0,0,0,0
2007/09/26,0,1850000,-979000,871000
2007/09/27,0,434000,-1172000,-738000
2007/09/28,0,289000,-879000,-590000
2007/10/01,0,914000,-767000,147000
2007/10/02,0,1368000,-764000,604000
2007/10/03,0,1247000,-925000,322000
2007/10/04,0,439000,-822000,-383000
2007/10/05,0,709000,-473000,236000
2007/10/08,0,347000,-251000,96000
2007/10/09,0,74000,-805000,-731000
2007/10/10,0,0,0,0
2007/10/11,0,155000,-335000,-180000
2007/10/12,0,495000,-351000,144000
2007/10/15,0,188000,-580000,-392000
2007/10/16,0,647000,-424000,223000
2007/10/17,0,429000,-484000,-55000
2007/10/18,0,331000,-355000,-24000
2007/10/19,0,85000,-407000,-322000
2007/10/22,0,325000,-314000,11000
2007/10/23,0,180000,-561000,-381000
2007/10/24,0,320000,-174000,146000
2007/10/25,0,464000,-235000,229000
2007/10/26,0,577000,-311000,266000
2007/10/29,0,219000,-456000,-237000
2007/10/30,0,92000,-223000,-131000
2007/10/31,0,413000,-786000,-373000
2007/11/01,0,88000,-912000,-824000
2007/11/02,0,293000,-1304000,-1011000
2007/11/05,0,778000,-503000,275000
2007/11/06,0,299000,-439000,-140000
2007/11/07,0,190000,-249000,-59000
2007/11/08,0,269000,-411000,-142000
2007/11/09,0,247000,-364000,-117000
2007/11/12,0,161000,-62000,99000
2007/11/13,0,763000,-545000,218000
2007/11/14,0,77000,-401000,-324000
2007/11/15,0,176000,-221000,-45000
2007/11/16,0,102000,-581000,-479000
2007/11/19,0,444000,-448000,-4000
2007/11/20,0,1299000,-614000,685000
2007/11/21,0,479000,-628000,-149000
2007/11/22,0,343000,-456000,-113000
2007/11/23,0,181000,-966000,-785000
2007/11/26,0,1400000,-584000,816000
2007/11/27,0,624000,-1218000,-594000
2007/11/28,0,165000,-491000,-326000
2007/11/29,0,732000,-50000,682000
2007/11/30,0,399000,-180000,219000
2007/12/03,0,1001000,-767000,234000
2007/12/04,0,160000,-161000,-1000
2007/12/05,0,414000,-186000,228000
2007/12/06,0,185000,-857000,-672000
2007/12/07,0,105000,-664000,-559000
2007/12/10,0,329000,-221000,108000
2007/12/11,0,222000,-206000,16000
2007/12/12,0,233000,-331000,-98000
2007/12/13,0,107000,-677000,-570000
2007/12/14,0,338000,-205000,133000
2007/12/17,0,274000,-300000,-26000
2007/12/18,0,776000,-86000,690000
2007/12/19,0,898000,-296000,602000
2007/12/20,0,61000,-262000,-201000
2007/12/21,0,288000,-235000,53000
2007/12/24,0,85000,-161040,-76040
2007/12/25,0,25000,-263000,-238000
2007/12/26,0,159000,-176000,-17000
2007/12/27,0,555501,-380000,175501
2007/12/28,0,175000,-514000,-339000
2007/12/31,0,139000,-52000,87000
2008/01/01,0,0,0,0
2008/01/02,0,71000,-242000,-171000
2008/01/03,0,821000,-216000,605000
2008/01/04,0,401000,-359000,42000
2008/01/07,0,605000,-1144000,-539000
2008/01/08,0,112000,-228000,-116000
2008/01/09,0,633000,-924000,-291000
2008/01/10,0,505000,-136000,369000
2008/01/11,0,391000,-203000,188000
2008/01/14,0,1694000,-807500,886500
2008/01/15,0,1763000,-816000,947000
2008/01/16,0,563000,-947000,-384000
2008/01/17,0,550000,-1202520,-652520
2008/01/18,0,549000,-470000,79000
2008/01/21,0,35000,-245000,-210000
2008/01/22,0,323000,-793000,-470000
2008/01/23,0,365000,-299000,66000
2008/01/24,0,349000,-397000,-48000
2008/01/25,0,313000,-421000,-108000
2008/01/28,0,130000,-243000,-113000
2008/01/29,0,301000,-185000,116000
2008/01/30,0,321000,-304000,17000
2008/01/31,0,359000,-156000,203000
2008/02/01,0,247000,-52000,195000
2008/02/04,0,0,0,0
2008/02/05,0,0,0,0
2008/02/06,0,0,0,0
2008/02/07,0,0,0,0
2008/02/08,0,0,0,0
2008/02/11,0,0,0,0
2008/02/12,0,128000,-180000,-52000
2008/02/13,0,42000,-172000,-130000
2008/02/14,0,266000,-197000,69000
2008/02/15,0,573000,-103000,470000
2008/02/18,0,231000,-365000,-134000
2008/02/19,0,226000,-90000,136000
2008/02/20,0,210000,-123000,87000
2008/02/21,0,671000,-201000,470000
2008/02/22,0,764000,-437000,327000
2008/02/25,0,164000,-569389,-405389
2008/02/26,0,19000,-1481368,-1462368
2008/02/27,0,6000,-941239,-935239
2008/02/28,0,0,0,0
2008/02/29,0,272000,-252000,20000
2008/03/03,0,296000,-47687,248313
2008/03/04,0,740000,-206000,534000
2008/03/05,0,907000,-436368,470632
2008/03/06,0,92000,-49018,42982
2008/03/07,0,497000,-99000,398000
2008/03/10,0,414000,-420953,-6953
2008/03/11,0,558000,-663000,-105000
2008/03/12,0,419000,-107614,311386
2008/03/13,0,411000,-267000,144000
2008/03/14,0,265000,-495000,-230000
2008/03/17,0,784000,-102000,682000
2008/03/18,0,498000,-67000,431000
2008/03/19,0,294000,-248000,46000
2008/03/20,0,1068000,-607000,461000
2008/03/21,0,684000,-505000,179000
2008/03/24,0,817000,-563000,254000
2008/03/25,0,470000,-699000,-229000
2008/03/26,0,175000,-178000,-3000
2008/03/27,0,486000,-618000,-132000
2008/03/28,0,540000,-212167,327833
2008/03/31,0,664000,-911640,-247640
2008/04/01,0,147000,-270000,-123000
2008/04/02,0,423000,-95000,328000
2008/04/03,0,136000,-7000,129000
2008/04/04,0,0,0,0
2008/04/07,0,409000,-69000,340000
2008/04/08,0,459000,-424000,35000
2008/04/09,0,404000,-965000,-561000
2008/04/10,0,45000,-905000,-860000
2008/04/11,0,186000,-699000,-513000
2008/04/14,0,6000,-100412,-94412
2008/04/15,0,100000,-134000,-34000
2008/04/16,0,41000,-268000,-227000
2008/04/17,0,49000,-255000,-206000
2008/04/18,0,17000,-31000,-14000
2008/04/21,0,4000,-76000,-72000
2008/04/22,0,70000,-114000,-44000
2008/04/23,0,213000,-36000,177000
2008/04/24,0,130000,-225000,-95000
2008/04/25,0,159000,-9000,150000
2008/04/28,0,481000,-49000,432000
2008/04/29,0,218000,-65000,153000
2008/04/30,0,370000,-507000,-137000
2008/05/01,0,0,0,0
2008/05/02,0,307000,-57000,250000
2008/05/05,0,100000,-20000,80000
2008/05/06,0,263000,-19000,244000
2008/05/07,0,97000,-28000,69000
2008/05/08,0,36000,-117000,-81000
2008/05/09,0,200000,-84000,116000
2008/05/12,0,664000,-36000,628000
2008/05/13,0,389012,-220000,169012
2008/05/14,0,66000,-67000,-1000
2008/05/15,0,112000,-49000,63000
2008/05/16,0,91000,-73000,18000
2008/05/19,0,162000,-99000,63000
2008/05/20,0,235000,-546000,-311000
2008/05/21,0,64000,-81000,-17000
2008/05/22,0,99000,-55000,44000
2008/05/23,0,79000,-20000,59000
2008/05/26,0,274000,-15000,259000
2008/05/27,0,56000,-33000,23000
2008/05/28,0,28000,-13000,15000
2008/05/29,0,38000,-18000,20000
2008/05/30,0,367000,-5000,362000
2008/06/02,0,100000,-10000,90000
2008/06/03,0,73000,-41000,32000
2008/06/04,0,85000,-21000,64000
2008/06/05,0,677000,-90000,587000
2008/06/06,0,16000,-32000,-16000
2008/06/09,0,44000,-23000,21000
2008/06/10,0,77000,-125000,-48000
2008/06/11,0,133000,-3000,130000
2008/06/12,0,418000,-41000,377000
2008/06/13,0,77000,-240000,-163000
2008/06/16,0,86000,-41000,45000
2008/06/17,0,214000,-82000,132000
2008/06/18,0,389000,-20000,369000
2008/06/19,0,183000,-171000,12000
2008/06/20,0,305000,-369000,-64000
2008/06/23,0,603000,-12000,591000
2008/06/24,0,218000,-35000,183000
2008/06/25,0,812000,-4000,808000
2008/06/26,0,320000,-53000,267000
2008/06/27,0,297000,-54000,243000
2008/06/30,0,488000,-57000,431000
2008/07/01,0,1273000,-7061,1265939
2008/07/02,0,800000,-517000,283000
2008/07/03,0,372000,-1071000,-699000
2008/07/04,0,272000,-310000,-38000
2008/07/07,0,23000,-68000,-45000
2008/07/08,0,427000,-649000,-222000
2008/07/09,0,613000,-108000,505000
2008/07/10,0,333000,-9000,324000
2008/07/11,0,158000,-385000,-227000
2008/07/14,0,114000,-55000,59000
2008/07/15,0,175000,-69000,106000
2008/07/16,0,203000,-193791,9209
2008/07/17,0,192000,-207610,-15610
2008/07/18,0,182000,-231000,-49000
2008/07/21,0,491000,-23000,468000
2008/07/22,0,797000,-2000,795000
2008/07/23,0,752000,-59000,693000
2008/07/24,0,273000,-68000,205000
2008/07/25,0,291000,-86000,205000
2008/07/28,0,0,0,0
2008/07/29,0,354000,-116000,238000
2008/07/30,0,52000,-110000,-58000
2008/07/31,0,330000,-183000,147000
2008/08/01,0,262000,-47000,215000
2008/08/04,0,325000,-60000,265000
2008/08/05,0,719000,-9000,710000
2008/08/06,0,543000,-54000,489000
2008/08/07,0,83000,-30000,53000
2008/08/08,0,297000,-4000,293000
2008/08/11,0,123000,-208000,-85000
2008/08/12,0,9000,-328000,-319000
2008/08/13,0,338000,-228000,110000
2008/08/14,0,365000,-103000,262000
2008/08/15,0,123000,-122000,1000
2008/08/18,0,0,-350000,-350000
2008/08/19,0,2000,-154946,-152946
2008/08/20,0,4000,-129000,-125000
2008/08/21,0,4000,-524000,-520000
2008/08/22,0,26000,-417000,-391000
2008/08/25,0,67000,-86000,-19000
2008/08/26,0,51000,-91000,-40000
2008/08/27,0,189000,-69000,120000
2008/08/28,0,192000,-155000,37000
2008/08/29,0,266000,-202000,64000
2008/09/01,0,349000,-1049,347951
2008/09/02,0,174000,-90000,84000
2008/09/03,0,274000,-25008,248992
2008/09/04,0,342000,-101000,241000
2008/09/05,0,220000,-49000,171000
2008/09/08,0,236000,-82000,154000
2008/09/09,0,468000,-75120,392880
2008/09/10,0,222000,-40000,182000
2008/09/11,0,342000,-228000,114000
2008/09/12,0,446000,-3000,443000
2008/09/15,0,73000,-365000,-292000
2008/09/16,0,228000,-29000,199000
2008/09/17,0,254000,-758000,-504000
2008/09/18,0,415000,-203000,212000
2008/09/19,0,67000,-340258,-273258
2008/09/22,0,75000,-386000,-311000
2008/09/23,0,177000,-176000,1000
2008/09/24,0,351000,-67000,284000
2008/09/25,0,227000,-40000,187000
2008/09/26,0,50000,-841000,-791000
2008/09/29,0,0,0,0
2008/09/30,0,0,-55000,-55000
2008/10/01,0,365000,-500000,-135000
2008/10/02,0,244000,-127488,116512
2008/10/03,0,285000,-97000,188000
2008/10/06,0,320000,-218796,101204
2008/10/07,0,312000,-94000,218000
2008/10/08,0,452000,-794000,-342000
2008/10/09,0,315000,-62000,253000
2008/10/10,0,0,0,0
2008/10/13,0,469000,-243000,226000
2008/10/14,0,296000,0,296000
2008/10/15,0,132000,-529892,-397892
2008/10/16,0,0,-88750,-88750
2008/10/17,0,80000,-47000,33000
2008/10/20,0,111000,-88427,22573
2008/10/21,0,318000,-64000,254000
2008/10/22,0,2000,-21000,-19000
2008/10/23,0,179000,-55693,123307
2008/10/24,0,0,-21194,-21194
2008/10/27,0,61000,-212376,-151376
2008/10/28,0,269000,-49880,219120
2008/10/29,0,385000,-3000,382000
2008/10/30,0,213000,-41000,172000
2008/10/31,0,481000,-45000,436000
2008/11/03,0,231000,-33000,198000
2008/11/04,0,127000,-65000,62000
2008/11/05,0,245000,-186000,59000
2008/11/06,0,159000,-78000,81000
2008/11/07,0,344000,-379274,-35274
2008/11/10,0,250000,-135496,114504
2008/11/11,0,395000,-65000,330000
2008/11/12,0,71000,-275000,-204000
2008/11/13,0,231000,-97362,133638
2008/11/14,0,61000,-65000,-4000
2008/11/17,0,115000,-43433,71567
2008/11/18,0,296000,-48000,248000
2008/11/19,0,183000,-222000,-39000
2008/11/20,0,530000,-67000,463000
2008/11/21,0,574000,-197000,377000
2008/11/24,0,372000,-34000,338000
2008/11/25,0,413000,-20000,393000
2008/11/26,0,54000,-16000,38000
2008/11/27,0,367000,-757000,-390000
2008/11/28,0,630000,-31000,599000
2008/12/01,0,35000,-61000,-26000
2008/12/02,0,71000,-129000,-58000
2008/12/03,0,94000,-184000,-90000
2008/12/04,0,179000,-94000,85000
2008/12/05,0,76000,-24000,52000
2008/12/08,0,319000,-17024,301976
2008/12/09,0,507000,-20000,487000
2008/12/10,0,120000,-15000,105000
2008/12/11,0,148000,-111000,37000
2008/12/12,0,37000,-593000,-556000
2008/12/15,0,427000,-182000,245000
2008/12/16,0,26000,-313000,-287000
2008/12/17,0,2000,-509000,-507000
2008/12/18,0,30000,-78000,-48000
2008/12/19,0,144000,-84000,60000
2008/12/22,0,150000,-77000,73000
2008/12/23,0,23000,-149000,-126000
2008/12/24,0,67000,-124000,-57000
2008/12/25,0,42000,-29000,13000
2008/12/26,0,64000,-66000,-2000
2008/12/29,0,102000,-10000,92000
2008/12/30,0,85000,-3851,81149
2008/12/31,0,8000,-57521,-49521
2009/01/01,0,0,0,0
2009/01/02,0,0,0,0
2009/01/05,0,230000,-7000,223000
2009/01/06,0,156000,-23000,133000
2009/01/07,0,90000,-70000,20000
2009/01/08,0,161000,-108000,53000
2009/01/09,0,187000,-49000,138000
2009/01/12,0,174000,-13000,161000
2009/01/13,0,37000,-5000,32000
2009/01/14,0,50000,-23000,27000
2009/01/15,0,143000,-62000,81000
2009/01/16,0,183000,-18000,165000
2009/01/19,0,49015,-45000,4015
2009/01/20,0,450000,-88000,362000
2009/01/21,0,465000,-39000,426000
2009/01/22,0,0,0,0
2009/01/23,0,0,0,0
2009/01/26,0,0,0,0
2009/01/27,0,0,0,0
2009/01/28,0,0,0,0
2009/01/29,0,0,0,0
2009/01/30,0,0,0,0
2009/02/02,0,20000,-94283,-74283
2009/02/03,0,17000,-236000,-219000
2009/02/04,0,160000,-2000,158000
2009/02/05,0,115000,-7000,108000
2009/02/06,0,29000,-59000,-30000
2009/02/09,0,3000,-345000,-342000
2009/02/10,0,66000,-371000,-305000
2009/02/11,0,60000,-229562,-169562
2009/02/12,0,12000,-559000,-547000
2009/02/13,0,371000,-3000,368000
2009/02/16,0,3000,-202000,-199000
2009/02/17,0,58000,-336000,-278000
2009/02/18,0,174000,-415000,-241000
2009/02/19,0,133000,-233000,-100000
2009/02/20,0,191000,-127682,63318
2009/02/23,0,202000,-148000,54000
2009/02/24,0,166000,-148000,18000
2009/02/25,0,268000,-50000,218000
2009/02/26,0,792000,-87000,705000
2009/02/27,0,170000,-52000,118000
2009/03/02,0,344000,-417000,-73000
2009/03/03,0,193000,-66000,127000
2009/03/04,0,270000,-258000,12000
2009/03/05,0,190000,-160000,30000
2009/03/06,0,140000,-16000,124000
2009/03/09,0,228000,-23000,205000
2009/03/10,0,260000,-155000,105000
2009/03/11,0,594000,-461000,133000
2009/03/12,0,411000,-141000,270000
2009/03/13,0,607000,-293000,314000
2009/03/16,0,103000,-603000,-500000
2009/03/17,0,499000,-306000,193000
2009/03/18,0,330000,-426000,-96000
2009/03/19,0,302000,-235000,67000
2009/03/20,0,408000,-340591,67409
2009/03/23,0,423000,-309000,114000
2009/03/24,0,327000,-79000,248000
2009/03/25,0,178000,-252000,-74000
2009/03/26,0,121000,-190000,-69000
2009/03/27,0,126000,-1233000,-1107000
2009/03/30,0,27000,-1206000,-1179000
2009/03/31,0,105000,-104000,1000
2009/04/01,0,308000,-247000,61000
2009/04/02,0,749000,-49000,700000
2009/04/03,0,182000,-384000,-202000
2009/04/06,0,216000,-128000,88000
2009/04/07,0,327000,-234000,93000
2009/04/08,0,126000,-1026000,-900000
2009/04/09,0,165000,-124000,41000
2009/04/10,0,172000,-1007000,-835000
2009/04/13,0,217000,-1004000,-787000
2009/04/14,0,213000,-672000,-459000
2009/04/15,0,185000,-954000,-769000
2009/04/16,0,576000,-767000,-191000
2009/04/17,0,310000,-515000,-205000
2009/04/20,0,504000,-116000,388000
2009/04/21,0,517000,-53000,464000
2009/04/22,0,81000,-625000,-544000
2009/04/23,0,108000,-492000,-384000
2009/04/24,0,303000,-436000,-133000
2009/04/27,0,610000,-92000,518000
2009/04/28,0,322000,-319040,2960
2009/04/29,0,439000,-88000,351000
2009/04/30,0,107000,-6000,101000
2009/05/01,0,0,0,0
2009/05/04,0,199000,-9000,190000
2009/05/05,0,317000,-488000,-171000
2009/05/06,0,843000,-172638,670362
2009/05/07,0,156000,-659000,-503000
2009/05/08,0,511000,-266000,245000
2009/05/11,0,49000,-367000,-318000
2009/05/12,0,384000,-154000,230000
2009/05/13,0,91000,-229000,-138000
2009/05/14,0,4000,-559000,-555000
2009/05/15,0,188000,-602000,-414000
2009/05/18,0,2000,-413000,-411000
2009/05/19,0,145000,-42000,103000
2009/05/20,0,25000,-699000,-674000
2009/05/21,0,28000,-716000,-688000
2009/05/22,0,1000,-495000,-494000
2009/05/25,0,97000,-297000,-200000
2009/05/26,0,308000,-518000,-210000
2009/05/27,0,699000,-332000,367000
2009/05/28,0,0,0,0
2009/05/29,0,0,0,0
2009/06/01,0,267000,-792000,-525000
2009/06/02,0,33000,-365000,-332000
2009/06/03,0,287000,-168000,119000
2009/06/04,0,274000,-538707,-264707
2009/06/05,0,91000,-222000,-131000
2009/06/08,0,134000,-270000,-136000
2009/06/09,0,1754000,-44000,1710000
2009/06/10,0,229000,-43568,185432
2009/06/11,0,333000,-407000,-74000
2009/06/12,0,137000,-1355000,-1218000
2009/06/15,0,457000,-327000,130000
2009/06/16,0,147330,-100000,47330
2009/06/17,0,518000,-58000,460000
2009/06/18,0,312000,-299000,13000
2009/06/19,0,359000,-85000,274000
2009/06/22,0,524000,-251000,273000
2009/06/23,0,64000,-81000,-17000
2009/06/24,0,772000,-307000,465000
2009/06/25,0,249000,-167000,82000
2009/06/26,0,134000,-93000,41000
2009/06/29,0,136000,-133000,3000
2009/06/30,0,343000,-22000,321000
2009/07/01,0,695000,-155000,540000
2009/07/02,0,111000,-365000,-254000
2009/07/03,0,70000,-236000,-166000
2009/07/06,0,9000,-214000,-205000
2009/07/07,0,419000,-98000,321000
2009/07/08,0,109000,-22000,87000
2009/07/09,0,786000,-25000,761000
2009/07/10,0,102000,-84000,18000
2009/07/13,0,159000,-570000,-411000
2009/07/14,0,250000,-146000,104000
2009/07/15,0,1825515,-168000,1657515
2009/07/16,0,60000,-1148000,-1088000
2009/07/17,0,232000,-343000,-111000
2009/07/20,0,197000,-209000,-12000
2009/07/21,0,72000,-296000,-224000
2009/07/22,0,360000,-263000,97000
2009/07/23,0,87000,-269000,-182000
2009/07/24,0,157000,-493000,-336000
2009/07/27,0,299000,-86000,213000
2009/07/28,0,59550,-160000,-100450
2009/07/29,0,267000,-346000,-79000
2009/07/30,0,106000,-398000,-292000
2009/07/31,0,165000,-271000,-106000
2009/08/03,0,80101,-763000,-682899
2009/08/04,0,343000,-872000,-529000
2009/08/05,0,74000,-546000,-472000
2009/08/06,0,128000,-134000,-6000
2009/08/07,0,0,0,0
2009/08/10,0,104000,-247000,-143000
2009/08/11,0,120000,-121000,-1000
2009/08/12,0,378000,-257000,121000
2009/08/13,0,629000,-146000,483000
2009/08/14,0,246000,-308000,-62000
2009/08/17,0,61000,-301000,-240000
2009/08/18,0,614000,-287000,327000
2009/08/19,0,324000,-163000,161000
2009/08/20,0,68000,-333000,-265000
2009/08/21,0,127000,-362000,-235000
2009/08/24,0,119000,-98000,21000
2009/08/25,0,4000,-202000,-198000
2009/08/26,0,65000,-161000,-96000
2009/08/27,0,21000,-23000,-2000
2009/08/28,0,189000,-32000,157000
2009/08/31,0,52000,-76000,-24000
2009/09/01,0,109000,-69160,39840
2009/09/02,0,107000,-173240,-66240
2009/09/03,0,26000,-317130,-291130
2009/09/04,0,193000,-296000,-103000
2009/09/07,0,50000,-335000,-285000
2009/09/08,0,558000,-128000,430000
2009/09/09,0,280000,-97000,183000
2009/09/10,0,1165000,-331000,834000
2009/09/11,0,357000,-109030,247970
2009/09/14,0,691000,-730000,-39000
2009/09/15,0,489000,-375480,113520
2009/09/16,0,875000,-301509,573491
2009/09/17,0,573000,-220000,353000
2009/09/18,0,354000,-472000,-118000
2009/09/21,0,128000,-1375920,-1247920
2009/09/22,0,96000,-161000,-65000
2009/09/23,0,850000,-897284,-47284
2009/09/24,0,245000,-479000,-234000
2009/09/25,0,47000,-189000,-142000
2009/09/28,0,41000,-42371,-1371
2009/09/29,0,393000,-90000,303000
2009/09/30,0,68000,-210000,-142000
2009/10/01,0,646000,-288000,358000
2009/10/02,0,77000,-473000,-396000
2009/10/05,0,111000,-344000,-233000
2009/10/06,0,467000,-316000,151000
2009/10/07,0,40000,-1008000,-968000
2009/10/08,0,450000,-590000,-140000
2009/10/09,0,530000,-621000,-91000
2009/10/12,0,512000,-137000,375000
2009/10/13,0,303000,-486000,-183000
2009/10/14,0,263000,-162000,101000
2009/10/15,0,683000,-86000,597000
2009/10/16,0,57000,-514000,-457000
2009/10/19,0,126000,-826000,-700000
2009/10/20,0,409000,-444000,-35000
2009/10/21,0,32000,-96874,-64874
2009/10/22,0,185000,-549000,-364000
2009/10/23,0,185000,-30000,155000
2009/10/26,0,905000,-157000,748000
2009/10/27,0,205000,-61000,144000
2009/10/28,0,75000,-199000,-124000
2009/10/29,0,611000,-973000,-362000
2009/10/30,0,87000,-755000,-668000
2009/11/02,0,257000,-403000,-146000
2009/11/03,0,90000,-265000,-175000
2009/11/04,0,292000,-23000,269000
2009/11/05,0,149000,-97000,52000
2009/11/06,0,197000,-403000,-206000
2009/11/09,0,498000,-43000,455000
2009/11/10,0,129000,-8000,121000
2009/11/11,0,546000,-20000,526000
2009/11/12,0,73000,-161000,-88000
2009/11/13,0,568000,-210000,358000
2009/11/16,0,52000,-37000,15000
2009/11/17,0,107000,-103000,4000
2009/11/18,0,29000,-160000,-131000
2009/11/19,0,66000,-420000,-354000
2009/11/20,0,60000,-309000,-249000
2009/11/23,0,138000,-11000,127000
2009/11/24,0,56000,-115000,-59000
2009/11/25,0,73000,-144000,-71000
2009/11/26,0,59000,-55000,4000
2009/11/27,0,85000,-292000,-207000
2009/11/30,0,193000,-27158,165842
2009/12/01,0,99000,-495000,-396000
2009/12/02,0,142000,-231000,-89000
2009/12/03,0,55000,-91000,-36000
2009/12/04,0,111000,-63000,48000
2009/12/07,0,115000,-2000,113000
2009/12/08,0,41000,-185000,-144000
2009/12/09,0,55000,-189000,-134000
2009/12/10,0,98000,-667000,-569000
2009/12/11,0,165000,-154391,10609
2009/12/14,0,75000,-308000,-233000
2009/12/15,0,3000,-265000,-262000
2009/12/16,0,38000,-625000,-587000
2009/12/17,0,93000,-67000,26000
2009/12/18,0,78000,-66000,12000
2009/12/21,0,106000,-143000,-37000
2009/12/22,0,71000,-224970,-153970
2009/12/23,0,240000,-288000,-48000
2009/12/24,0,480000,-118000,362000
2009/12/25,0,144000,-41000,103000
2009/12/28,0,358000,-216000,142000
2009/12/29,0,152000,-44000,108000
2009/12/30,0,94000,-143000,-49000
2009/12/31,0,157000,-279000,-122000
2010/01/01,0,0,0,0
2010/01/04,0,135000,-629000,-494000
2010/01/05,0,1465000,-844000,621000
2010/01/06,0,2267000,-1043000,1224000
2010/01/07,0,859000,-1102000,-243000
2010/01/08,0,563000,-922000,-359000
2010/01/11,0,1106000,-174000,932000
2010/01/12,0,99000,-743000,-644000
2010/01/13,0,582000,-313000,269000
2010/01/14,0,541000,-561498,-20498
2010/01/15,0,942000,-118000,824000
2010/01/18,0,599000,-96000,503000
2010/01/19,0,123450,-845000,-721550
2010/01/20,0,239000,-837000,-598000
2010/01/21,0,391000,-286000,105000
2010/01/22,0,444000,-635000,-191000
2010/01/25,0,41000,-1627000,-1586000
2010/01/26,0,60000,-2585000,-2525000
2010/01/27,0,219120,-101000,118120
2010/01/28,0,383000,-139000,244000
2010/01/29,0,246000,-261000,-15000
2010/02/01,0,427000,-232040,194960
2010/02/02,0,104000,-369000,-265000
2010/02/03,0,312000,-18000,294000
2010/02/04,0,280000,-89000,191000
2010/02/05,0,322000,-59000,263000
2010/02/08,0,718000,-139081,578919
2010/02/09,0,648000,-158976,489024
2010/02/10,0,620000,-187000,433000
2010/02/11,0,0,0,0
2010/02/12,0,0,0,0
2010/02/15,0,0,0,0
2010/02/16,0,0,0,0
2010/02/17,0,0,0,0
2010/02/18,0,0,0,0
2010/02/19,0,0,0,0
2010/02/22,0,631000,-69000,562000
2010/02/23,0,138000,-272000,-134000
2010/02/24,0,186000,-812000,-626000
2010/02/25,0,282000,-367000,-85000
2010/02/26,0,144000,-17000,127000
2010/03/01,0,375000,-128000,247000
2010/03/02,0,235000,-108000,127000
2010/03/03,0,128000,-141000,-13000
2010/03/04,0,528000,-740000,-212000
2010/03/05,0,276000,-502000,-226000
2010/03/08,0,135000,-142000,-7000
2010/03/09,0,126000,-30000,96000
2010/03/10,0,17000,-309000,-292000
2010/03/11,0,96000,-202000,-106000
2010/03/12,0,197000,-848000,-651000
2010/03/15,0,20000,-466000,-446000
2010/03/16,0,681000,-205000,476000
2010/03/17,0,1019000,-57000,962000
2010/03/18,0,529000,-9980,519020
2010/03/19,0,89000,-3000,86000
2010/03/22,0,193000,-304000,-111000
2010/03/23,0,205000,-66000,139000
2010/03/24,0,203000,-187625,15375
2010/03/25,0,1039000,-275000,764000
2010/03/26,0,454000,-155000,299000
2010/03/29,0,280000,-72000,208000
2010/03/30,0,270000,-3000,267000
2010/03/31,0,17000,-42000,-25000
2010/04/01,0,692000,-105000,587000
2010/04/02,0,56000,-55000,1000
2010/04/05,0,0,0,0
2010/04/06,0,491000,-97000,394000
2010/04/07,0,796000,-120000,676000
2010/04/08,0,446000,-380000,66000
2010/04/09,0,313000,-7000,306000
2010/04/12,0,813000,-54000,759000
2010/04/13,0,219000,-589000,-370000
2010/04/14,0,294000,-61000,233000
2010/04/15,0,266000,-475000,-209000
2010/04/16,0,70000,-194000,-124000
2010/04/19,0,277000,-655000,-378000
2010/04/20,0,468000,-994000,-526000
2010/04/21,0,124000,-151000,-27000
2010/04/22,0,90000,-52000,38000
2010/04/23,0,30000,-236000,-206000
2010/04/26,0,422000,-323000,99000
2010/04/27,0,329000,-232000,97000
2010/04/28,0,235000,-355230,-120230
2010/04/29,0,133000,-422000,-289000
2010/04/30,0,155000,-203000,-48000
2010/05/03,0,142000,-916000,-774000
2010/05/04,0,178000,-238000,-60000
2010/05/05,0,56000,-812000,-756000
2010/05/06,0,20000,-698000,-678000
2010/05/07,0,214000,-341000,-127000
2010/05/10,0,22000,-217000,-195000
2010/05/11,0,15000,-983000,-968000
2010/05/12,0,250000,-178000,72000
2010/05/13,0,238000,-38000,200000
2010/05/14,0,627000,-24000,603000
2010/05/17,0,59000,-480000,-421000
2010/05/18,0,445000,-198000,247000
2010/05/19,0,999000,-352000,647000
2010/05/20,0,74000,-998380,-924380
2010/05/21,0,284000,-126000,158000
2010/05/24,0,13000,-173330,-160330
2010/05/25,0,427000,-371260,55740
2010/05/26,0,669000,-88000,581000
2010/05/27,0,583000,-75000,508000
2010/05/28,0,315000,-220000,95000
2010/05/31,0,252000,-4000,248000
2010/06/01,0,155000,-392000,-237000
2010/06/02,0,297000,-127000,170000
2010/06/03,0,853000,-11000,842000
2010/06/04,0,114000,-375000,-261000
2010/06/07,0,94000,-312000,-218000
2010/06/08,0,191000,-255000,-64000
2010/06/09,0,51000,-610000,-559000
2010/06/10,0,73000,-44000,29000
2010/06/11,0,139000,-42000,97000
2010/06/14,0,454000,-64000,390000
2010/06/15,0,890000,-898000,-8000
2010/06/16,0,0,0,0
2010/06/17,0,1368000,-402000,966000
2010/06/18,0,163010,-228000,-64990
2010/06/21,0,178000,-312000,-134000
2010/06/22,0,84000,-22000,62000
2010/06/23,0,293000,-123000,170000
2010/06/24,0,27000,-147000,-120000
2010/06/25,0,248000,-228000,20000
2010/06/28,0,296000,-52000,244000
2010/06/29,0,666000,-480000,186000
2010/06/30,0,238000,-73000,165000
2010/07/01,0,287000,-112000,175000
2010/07/02,0,251000,-58000,193000
2010/07/05,0,179000,-36000,143000
2010/07/06,0,260000,-135000,125000
2010/07/07,0,33000,-179000,-146000
2010/07/08,0,550000,-144198,405802
2010/07/09,0,508000,-447000,61000
2010/07/12,0,1085000,-795000,290000
2010/07/13,0,156000,-628000,-472000
2010/07/14,0,67000,-286000,-219000
2010/07/15,0,30000,-137000,-107000
2010/07/16,0,2000,-43000,-41000
2010/07/19,0,64000,-85040,-21040
2010/07/20,0,157000,-16000,141000
2010/07/21,0,127000,-58000,69000
2010/07/22,0,265000,-72000,193000
2010/07/23,0,44000,-205000,-161000
2010/07/26,0,27000,-40000,-13000
2010/07/27,0,36000,-169000,-133000
2010/07/28,0,81000,-87000,-6000
2010/07/29,0,90000,-79000,11000
2010/07/30,0,50000,-252000,-202000
2010/08/02,0,191000,-283000,-92000
2010/08/03,0,0,-112000,-112000
2010/08/04,0,44000,-114000,-70000
2010/08/05,0,15000,-232000,-217000
2010/08/06,0,49000,-25000,24000
2010/08/09,0,24000,-178000,-154000
2010/08/10,0,66000,-227000,-161000
2010/08/11,0,265000,-141000,124000
2010/08/12,0,76000,-232000,-156000
2010/08/13,0,37000,-200000,-163000
2010/08/16,0,10000,-38000,-28000
2010/08/17,0,5000,-25000,-20000
2010/08/18,0,11000,-437000,-426000
2010/08/19,0,11000,-23000,-12000
2010/08/20,0,6000,-177000,-171000
2010/08/23,0,195000,-14000,181000
2010/08/24,0,0,-334000,-334000
2010/08/25,0,0,-651000,-651000
2010/08/26,0,84000,-343000,-259000
2010/08/27,0,44000,-227000,-183000
2010/08/30,0,122120,-128000,-5880
2010/08/31,0,24000,-35000,-11000
2010/09/01,0,69000,-91000,-22000
2010/09/02,0,135000,-218000,-83000
2010/09/03,0,122000,-195000,-73000
2010/09/06,0,419000,-17000,402000
2010/09/07,0,25000,-138000,-113000
2010/09/08,0,16000,-66000,-50000
2010/09/09,0,185000,-156000,29000
2010/09/10,0,49000,-46000,3000
2010/09/13,0,126000,-218000,-92000
2010/09/14,0,82000,-81000,1000
2010/09/15,0,16000,-168000,-152000
2010/09/16,0,62000,-73000,-11000
2010/09/17,0,239000,-72000,167000
2010/09/20,0,1000,-106000,-105000
2010/09/21,0,24000,-10000,14000
2010/09/22,0,0,0,0
2010/09/23,0,109680,-18000,91680
2010/09/24,0,41000,-4680,36320
2010/09/27,0,14000,-53000,-39000
2010/09/28,0,2000,-54000,-52000
2010/09/29,0,29550,-75000,-45450
2010/09/30,0,15000,-73000,-58000
2010/10/01,0,54450,-5000,49450
2010/10/04,0,732000,-39000,693000
2010/10/05,0,263000,-237000,26000
2010/10/06,0,39000,-62000,-23000
2010/10/07,0,8000,-9759,-1759
2010/10/08,0,269000,-5000,264000
2010/10/11,0,70000,-47000,23000
2010/10/12,0,364000,-228000,136000
2010/10/13,0,53000,-383000,-330000
2010/10/14,0,235000,-238000,-3000
2010/10/15,0,287000,-61000,226000
2010/10/18,0,43000,-239000,-196000
2010/10/19,0,46000,-240000,-194000
2010/10/20,0,39000,-90000,-51000
2010/10/21,0,236000,-47000,189000
2010/10/22,0,27000,-192000,-165000
2010/10/25,0,743000,-240000,503000
2010/10/26,0,223000,-98000,125000
2010/10/27,0,105000,-63000,42000
2010/10/28,0,399000,-870000,-471000
2010/10/29,0,108000,-61000,47000
2010/11/01,0,908000,-83000,825000
2010/11/02,0,88370,-75000,13370
2010/11/03,0,10000,-31080,-21080
2010/11/04,0,36000,-27000,9000
2010/11/05,0,117000,-24000,93000
2010/11/08,0,154000,-69000,85000
2010/11/09,0,15795,-43000,-27205
2010/11/10,0,222000,-282000,-60000
2010/11/11,0,191000,-18000,173000
2010/11/12,0,20000,-93000,-73000
2010/11/15,0,4000,-11000,-7000
2010/11/16,0,858000,-160000,698000
2010/11/17,0,73000,-16000,57000
2010/11/18,0,80000,-3000,77000
2010/11/19,0,27000,-78000,-51000
2010/11/22,0,109000,-45490,63510
2010/11/23,0,17000,-133000,-116000
2010/11/24,0,196000,-19000,177000
2010/11/25,0,45000,-24000,21000
2010/11/26,0,50000,-24000,26000
2010/11/29,0,168000,-7000,161000
2010/11/30,0,88000,0,88000
2010/12/01,0,430000,-42000,388000
2010/12/02,0,192000,-151000,41000
2010/12/03,0,4000,-141000,-137000
2010/12/06,0,41000,-108000,-67000
2010/12/07,0,10000,-231000,-221000
2010/12/08,0,34000,-557000,-523000
2010/12/09,0,216000,-65000,151000
2010/12/10,0,20000,-62000,-42000
2010/12/13,0,4000,-142000,-138000
2010/12/14,0,39000,-322748,-283748
2010/12/15,0,60000,-295000,-235000
2010/12/16,0,10000,-565000,-555000
2010/12/17,0,5000,-785000,-780000
2010/12/20,0,5000,-297000,-292000
2010/12/21,0,32000,-112000,-80000
2010/12/22,0,6000,-49000,-43000
2010/12/23,0,42000,-291000,-249000
2010/12/24,0,20000,-231000,-211000
2010/12/27,0,95000,-79907,15093
2010/12/28,0,17000,-306000,-289000
2010/12/29,0,32000,-101588,-69588
2010/12/30,0,35000,-416000,-381000
2010/12/31,0,5000,-103000,-98000
2011/01/03,0,110000,-28000,82000
2011/01/04,0,145000,-115000,30000
2011/01/05,0,249000,-76000,173000
2011/01/06,0,526000,0,526000
2011/01/07,0,380000,-328000,52000
2011/01/10,0,140000,-62000,78000
2011/01/11,0,441000,-40000,401000
2011/01/12,0,88000,-121000,-33000
2011/01/13,0,129000,-523000,-394000
2011/01/14,0,19000,-65000,-46000
2011/01/17,0,135000,-133840,1160
2011/01/18,0,820000,-165000,655000
2011/01/19,0,580000,-1019000,-439000
2011/01/20,0,94000,-285000,-191000
2011/01/21,0,424000,-284000,140000
2011/01/24,0,300000,-481000,-181000
2011/01/25,0,134000,-440000,-306000
2011/01/26,0,105000,-205000,-100000
2011/01/27,0,34000,-422000,-388000
2011/01/28,0,935000,-358000,577000
2011/01/31,0,0,0,0
2011/02/01,0,0,0,0
2011/02/02,0,0,0,0
2011/02/03,0,0,0,0
2011/02/04,0,0,0,0
2011/02/07,0,0,0,0
2011/02/08,0,428000,-536000,-108000
2011/02/09,0,432000,-171000,261000
2011/02/10,0,444000,-473000,-29000
2011/02/11,0,262000,-401000,-139000
2011/02/14,0,369000,-429000,-60000
2011/02/15,0,689000,-919000,-230000
2011/02/16,0,338000,-857000,-519000
2011/02/17,0,259000,-390000,-131000
2011/02/18,0,111000,-325000,-214000
2011/02/21,0,216000,-354000,-138000
2011/02/22,0,757000,-230000,527000
2011/02/23,0,949000,-281000,668000
2011/02/24,0,1154000,-27000,1127000
2011/02/25,0,1494000,-110000,1384000
2011/02/28,0,0,0,0
2011/03/01,0,630000,-42000,588000
2011/03/02,0,546000,-301000,245000
2011/03/03,0,1114000,-271000,843000
2011/03/04,0,43000,-362000,-319000
2011/03/07,0,128000,-68078,59922
2011/03/08,0,282000,-47000,235000
2011/03/09,0,54000,-157000,-103000
2011/03/10,0,117000,-79000,38000
2011/03/11,0,309000,-290000,19000
2011/03/14,0,1109000,-250000,859000
2011/03/15,0,1959000,-203000,1756000
2011/03/16,0,1010000,-351000,659000
2011/03/17,0,379000,-378000,1000
2011/03/18,0,261000,-294856,-33856
2011/03/21,0,358000,-755000,-397000
2011/03/22,0,12000,-677000,-665000
2011/03/23,0,207000,-416000,-209000
2011/03/24,0,23000,-136000,-113000
2011/03/25,0,587000,-760000,-173000
2011/03/28,0,253000,-487000,-234000
2011/03/29,0,206000,-359000,-153000
2011/03/30,0,122000,-293000,-171000
2011/03/31,0,48000,-165000,-117000
2011/04/01,0,334000,-75000,259000
2011/04/04,0,0,0,0
2011/04/05,0,0,0,0
2011/04/06,0,639000,-214000,425000
2011/04/07,0,548000,-92000,456000
2011/04/08,0,436000,-47000,389000
2011/04/11,0,70000,-136000,-66000
2011/04/12,0,987000,-208000,779000
2011/04/13,0,655000,-82000,573000
2011/04/14,0,252000,-70000,182000
2011/04/15,0,37000,-205000,-168000
2011/04/18,0,136000,-204864,-68864
2011/04/19,0,175000,-262000,-87000
2011/04/20,0,120000,-125000,-5000
2011/04/21,0,681000,-188000,493000
2011/04/22,0,99000,-173000,-74000
2011/04/25,0,99000,-83000,16000
2011/04/26,0,38000,-427000,-389000
2011/04/27,0,551000,-447000,104000
2011/04/28,0,366000,-684000,-318000
2011/04/29,0,31000,-975000,-944000
2011/05/02,0,0,0,0
2011/05/03,0,345000,-132772,212228
2011/05/04,0,286000,-108000,178000
2011/05/05,0,575000,-54000,521000
2011/05/06,0,381000,-117000,264000
2011/05/09,0,465000,-67000,398000
2011/05/10,0,74000,-250000,-176000
2011/05/11,0,481000,-83514,397486
2011/05/12,0,159000,-166000,-7000
2011/05/13,0,55000,-730000,-675000
2011/05/16,0,236000,-334000,-98000
2011/05/17,0,147000,-47000,100000
2011/05/18,0,471000,-26000,445000
2011/05/19,0,381000,-151232,229768
2011/05/20,0,279000,-114000,165000
2011/05/23,0,328000,-120000,208000
2011/05/24,0,750000,-30000,720000
2011/05/25,0,56000,-8000,48000
2011/05/26,0,39000,-31000,8000
2011/05/27,0,328000,-138000,190000
2011/05/30,0,1381000,-342000,1039000
2011/05/31,0,932000,-133000,799000
2011/06/01,0,244000,-51000,193000
2011/06/02,0,293000,-375000,-82000
2011/06/03,0,256000,-310000,-54000
2011/06/06,0,0,0,0
2011/06/07,0,117000,-99000,18000
2011/06/08,0,1000,-176000,-175000
2011/06/09,0,212000,-44000,168000
2011/06/10,0,0,-229000,-229000
2011/06/13,0,534000,-70000,464000
2011/06/14,0,171000,-57000,114000
2011/06/15,0,333000,-13000,320000
2011/06/16,0,482000,-27000,455000
2011/06/17,0,404000,-95000,309000
2011/06/20,0,626000,-36000,590000
2011/06/21,0,1118000,0,1118000
2011/06/22,0,568000,-638000,-70000
2011/06/23,0,632000,-5000,627000
2011/06/24,0,596000,-215000,381000
2011/06/27,0,224000,-214000,10000
2011/06/28,0,152000,-47000,105000
2011/06/29,0,903000,-56000,847000
2011/06/30,0,542000,-28000,514000
2011/07/01,0,15000,-113000,-98000
2011/07/04,0,71000,-314000,-243000
2011/07/05,0,19000,-1027831,-1008831
2011/07/06,0,63000,-158000,-95000
2011/07/07,0,491000,-126000,365000
2011/07/08,0,133000,-135000,-2000
2011/07/11,0,3326000,-140000,3186000
2011/07/12,0,3318000,-86000,3232000
2011/07/13,0,1432000,-1426000,6000
2011/07/14,0,1076000,-432000,644000
2011/07/15,0,653000,-2335000,-1682000
2011/07/18,0,422000,-28075,393925
2011/07/19,0,6000,-27000,-21000
2011/07/20,0,539000,-194000,345000
2011/07/21,0,24000,-20000,4000
2011/07/22,0,47000,-11000,36000
2011/07/25,0,4000,-364000,-360000
2011/07/26,0,50000,-248095,-198095
2011/07/27,0,4000,-49000,-45000
2011/07/28,0,25000,-199000,-174000
2011/07/29,0,29000,-144000,-115000
2011/08/01,0,19000,-55000,-36000
2011/08/02,0,815000,-499000,316000
2011/08/03,0,1821000,-188672,1632328
2011/08/04,0,1603000,-234000,1369000
2011/08/05,0,2080000,-315000,1765000
2011/08/08,0,1954000,-230000,1724000
2011/08/09,0,2711000,-497000,2214000
2011/08/10,0,219000,-560000,-341000
2011/08/11,0,578000,-154000,424000
2011/08/12,0,31000,-889000,-858000
2011/08/15,0,150000,-167000,-17000
2011/08/16,0,24000,-119000,-95000
2011/08/17,0,266000,-118000,148000
2011/08/18,0,475000,-230000,245000
2011/08/19,0,753000,-33000,720000
2011/08/22,0,1228000,-29000,1199000
2011/08/23,0,810000,-21000,789000
2011/08/24,0,301000,-157000,144000
2011/08/25,0,237000,-20000,217000
2011/08/26,0,353000,-134000,219000
2011/08/29,0,359000,-13000,346000
2011/08/30,0,1000,-322000,-321000
2011/08/31,0,169000,-167910,1090
2011/09/01,0,94000,-811000,-717000
2011/09/02,0,90000,-528000,-438000
2011/09/05,0,30000,-362000,-332000
2011/09/06,0,400000,-130000,270000
2011/09/07,0,372000,-22000,350000
2011/09/08,0,151000,-333000,-182000
2011/09/09,0,325000,-123000,202000
2011/09/12,0,0,0,0
2011/09/13,0,215000,-125000,90000
2011/09/14,0,1330000,-147000,1183000
2011/09/15,0,819000,-141000,678000
2011/09/16,0,57000,-26000,31000
2011/09/19,0,122000,-16000,106000
2011/09/20,0,417000,-97000,320000
2011/09/21,0,325000,-78000,247000
2011/09/22,0,142000,-151000,-9000
2011/09/23,0,1567000,-210000,1357000
2011/09/26,0,1371000,-60000,1311000
2011/09/27,0,248000,-4000,244000
2011/09/28,0,36000,-309000,-273000
2011/09/29,0,29000,-129000,-100000
2011/09/30,0,32000,-124000,-92000
2011/10/03,0,103000,-179000,-76000
2011/10/04,0,538000,-149000,389000
2011/10/05,0,400000,-71210,328790
2011/10/06,0,446000,-30000,416000
2011/10/07,0,135000,-22000,113000
2011/10/10,0,0,0,0
2011/10/11,0,50000,-102000,-52000
2011/10/12,0,28000,-48000,-20000
2011/10/13,0,47000,-122000,-75000
2011/10/14,0,17000,-134000,-117000
2011/10/17,0,53000,-34000,19000
2011/10/18,0,165473,-43000,122473
2011/10/19,0,281000,-17000,264000
2011/10/20,0,123000,-7000,116000
2011/10/21,0,568000,0,568000
2011/10/24,0,416000,0,416000
2011/10/25,0,117000,-33000,84000
2011/10/26,0,735000,-5000,730000
2011/10/27,0,690000,-32000,658000
2011/10/28,0,232000,-367000,-135000
2011/10/31,0,65000,-85649,-20649
2011/11/01,0,437000,-26000,411000
2011/11/02,0,279000,-104000,175000
2011/11/03,0,260000,-169000,91000
2011/11/04,0,501000,-1000,500000
2011/11/07,0,40000,-34000,6000
2011/11/08,0,146000,-19000,127000
2011/11/09,0,27000,-2000,25000
2011/11/10,0,564000,-70000,494000
2011/11/11,0,196000,-40000,156000
2011/11/14,0,4000,-22000,-18000
2011/11/15,0,13000,-8000,5000
2011/11/16,0,1000,-213000,-212000
2011/11/17,0,110000,-310715,-200715
2011/11/18,0,639000,-309000,330000
2011/11/21,0,1214000,-93000,1121000
2011/11/22,0,1047000,-11000,1036000
2011/11/23,0,844000,-63000,781000
2011/11/24,0,553000,-9000,544000
2011/11/25,0,420000,-152000,268000
2011/11/28,0,268000,-80000,188000
2011/11/29,0,327000,-51000,276000
2011/11/30,0,75000,-250000,-175000
2011/12/01,0,464000,-30000,434000
2011/12/02,0,81000,-10000,71000
2011/12/05,0,51000,-38000,13000
2011/12/06,0,100000,-26000,74000
2011/12/07,0,74000,-29000,45000
2011/12/08,0,4000,-205000,-201000
2011/12/09,0,140000,-115000,25000
2011/12/12,0,20000,-5000,15000
2011/12/13,0,32000,-90000,-58000
2011/12/14,0,32000,0,32000
2011/12/15,0,135000,-15000,120000
2011/12/16,0,394000,0,394000
2011/12/19,0,393000,-21000,372000
2011/12/20,0,256000,-1000,255000
2011/12/21,0,337000,-54000,283000
2011/12/22,0,201000,-2000,199000
2011/12/23,0,5000,-14000,-9000
2011/12/26,0,42000,-34000,8000
2011/12/27,0,295000,-3000,292000
2011/12/28,0,318000,-31000,287000
2011/12/29,0,298000,-13000,285000
2011/12/30,0,129000,-86000,43000
2012/01/02,0,90000,-63000,27000
2012/01/03,0,240000,0,240000
2012/01/04,0,94000,-43000,51000
2012/01/05,0,302000,-12000,290000
2012/01/06,0,11000,-59000,-48000
2012/01/09,0,84000,-31000,53000
2012/01/10,0,112000,-10923,101077
2012/01/11,0,0,0,0
2012/01/12,0,54000,-3000,51000
2012/01/13,0,82000,-16000,66000
2012/01/16,0,14000,-324000,-310000
2012/01/17,0,100000,-1000,99000
2012/01/18,0,1000,-106000,-105000
2012/01/19,0,0,0,0
2012/01/20,0,0,0,0
2012/01/23,0,0,0,0
2012/01/24,0,0,0,0
2012/01/25,0,0,0,0
2012/01/26,0,0,0,0
2012/01/27,0,0,0,0
2012/01/30,0,22000,-60000,-38000
2012/01/31,0,1000,-324000,-323000
2012/02/01,0,22000,-528000,-506000
2012/02/02,0,118000,-588000,-470000
2012/02/03,0,6000,-922000,-916000
2012/02/06,0,428000,-188213,239787
2012/02/07,0,730000,-23000,707000
2012/02/08,0,597000,-312000,285000
2012/02/09,0,123000,-854000,-731000
2012/02/10,0,45000,-712000,-667000
2012/02/13,0,418000,-60000,358000
2012/02/14,0,257000,-1237000,-980000
2012/02/15,0,576000,-333000,243000
2012/02/16,0,616000,-614000,2000
2012/02/17,0,594000,-909000,-315000
2012/02/20,0,394000,-1486000,-1092000
2012/02/21,0,348000,-1471000,-1123000
2012/02/22,0,216000,-931000,-715000
2012/02/23,0,139000,-468000,-329000
2012/02/24,0,0,-758000,-758000
2012/02/27,0,0,0,0
2012/02/28,0,0,0,0
2012/02/29,0,570062,-289000,281062
2012/03/01,0,245000,-934000,-689000
2012/03/02,0,16000,-161000,-145000
2012/03/05,0,31000,-1196000,-1165000
2012/03/06,0,184000,-257000,-73000
2012/03/07,0,7000,-419000,-412000
2012/03/08,0,80000,-354000,-274000
2012/03/09,0,44000,-193000,-149000
2012/03/12,0,26000,-333313,-307313
2012/03/13,0,264000,-136000,128000
2012/03/14,0,515000,-287000,228000
2012/03/15,0,50000,-164000,-114000
2012/03/16,0,60000,-469000,-409000
2012/03/19,0,11000,-1271000,-1260000
2012/03/20,0,42000,-333000,-291000
2012/03/21,0,13000,-309000,-296000
2012/03/22,0,187000,-40000,147000
2012/03/23,0,78000,-96000,-18000
2012/03/26,0,26000,-477000,-451000
2012/03/27,0,25000,-197000,-172000
2012/03/28,0,8000,-533000,-525000
2012/03/29,0,78000,-151980,-73980
2012/03/30,0,25000,-88000,-63000
2012/04/02,0,5000,-191000,-186000
2012/04/03,0,283000,-19000,264000
2012/04/04,0,0,0,0
2012/04/05,0,448000,-88000,360000
2012/04/06,0,42000,-192000,-150000
2012/04/09,0,220000,-122000,98000
2012/04/10,0,11000,-104000,-93000
2012/04/11,0,54000,-17000,37000
2012/04/12,0,7000,-232000,-225000
2012/04/13,0,6000,-141000,-135000
2012/04/16,0,18000,-25000,-7000
2012/04/17,0,92000,-30000,62000
2012/04/18,0,170000,0,170000
2012/04/19,0,237000,-1000,236000
2012/04/20,0,23000,-3000,20000
2012/04/23,0,513000,-28000,485000
2012/04/24,0,38000,-201000,-163000
2012/04/25,0,47000,-104000,-57000
2012/04/26,0,22000,-100000,-78000
2012/04/27,0,67000,-50265,16735
2012/04/30,0,142000,-5000,137000
2012/05/01,0,0,0,0
2012/05/02,0,321000,-3000,318000
2012/05/03,0,43000,0,43000
2012/05/04,0,56000,-11000,45000
2012/05/07,0,115000,-43000,72000
2012/05/08,0,6000,-65944,-59944
2012/05/09,0,172000,-74000,98000
2012/05/10,0,191000,-34000,157000
2012/05/11,0,390000,-97000,293000
2012/05/14,0,243000,-20000,223000
2012/05/15,0,853000,-66000,787000
2012/05/16,0,1003000,-3435,999565
2012/05/17,0,5000,-6000,-1000
2012/05/18,0,474000,-55000,419000
2012/05/21,0,613000,-15000,598000
2012/05/22,0,33000,-26000,7000
2012/05/23,0,399000,-17000,382000
2012/05/24,0,801000,-27000,774000
2012/05/25,0,161000,-31000,130000
2012/05/28,0,162000,-1000,161000
2012/05/29,0,560000,-33000,527000
2012/05/30,0,946000,-179000,767000
2012/05/31,0,127000,-129000,-2000
2012/06/01,0,236000,-21000,215000
2012/06/04,0,1099000,-47000,1052000
2012/06/05,0,189000,-324000,-135000
2012/06/06,0,20000,-58000,-38000
2012/06/07,0,89000,-649000,-560000
2012/06/08,0,13000,-30000,-17000
2012/06/11,0,50000,-132000,-82000
2012/06/12,0,23000,-180000,-157000
2012/06/13,0,21000,-349000,-328000
2012/06/14,0,89000,-85000,4000
2012/06/15,0,160000,-817000,-657000
2012/06/18,0,437000,-30000,407000
2012/06/19,0,73000,-14000,59000
2012/06/20,0,229000,-32000,197000
2012/06/21,0,127000,-128000,-1000
2012/06/22,0,74000,-155000,-81000
2012/06/25,0,62000,-218000,-156000
2012/06/26,0,7000,-26000,-19000
2012/06/27,0,324000,-85000,239000
2012/06/28,0,392000,-10000,382000
2012/06/29,0,1129000,-1000,1128000
2012/07/02,0,95000,-301000,-206000
2012/07/03,0,809000,-55000,754000
2012/07/04,0,563000,-69000,494000
2012/07/05,0,2797000,-86000,2711000
2012/07/06,0,2879000,-73000,2806000
2012/07/09,0,480000,-69000,411000
2012/07/10,0,3353000,-56000,3297000
2012/07/11,0,110000,-4950000,-4840000
2012/07/12,0,84000,-2677000,-2593000
2012/07/13,0,373000,-1906000,-1533000
2012/07/16,0,59000,-67110,-8110
2012/07/17,0,244000,-225000,19000
2012/07/18,0,225000,-659000,-434000
2012/07/19,0,68000,-385000,-317000
2012/07/20,0,14000,-65000,-51000
2012/07/23,0,207000,-60000,147000
2012/07/24,0,603000,-31000,572000
2012/07/25,0,100000,-145000,-45000
2012/07/26,0,42000,-32000,10000
2012/07/27,0,67000,-23000,44000
2012/07/30,0,26000,-41000,-15000
2012/07/31,0,61000,-91000,-30000
2012/08/01,0,34000,-48000,-14000
2012/08/02,0,0,0,0
2012/08/03,0,20000,-16000,4000
2012/08/06,0,38000,-29000,9000
2012/08/07,0,31000,-11000,20000
2012/08/08,0,35000,-2000,33000
2012/08/09,0,231000,-41000,190000
2012/08/10,0,240000,-49000,191000
2012/08/13,0,76000,-32000,44000
2012/08/14,0,143000,-32000,111000
2012/08/15,0,30000,-75000,-45000
2012/08/16,0,20000,-15000,5000
2012/08/17,0,11000,-113000,-102000
2012/08/20,0,13000,-57000,-44000
2012/08/21,0,135000,-31000,104000
2012/08/22,0,122000,-20000,102000
2012/08/23,0,58000,-31000,27000
2012/08/24,0,43000,-279000,-236000
2012/08/27,0,42000,-443000,-401000
2012/08/28,0,20000,-314000,-294000
2012/08/29,0,17000,-34000,-17000
2012/08/30,0,21000,-420000,-399000
2012/08/31,0,42000,-5000,37000
2012/09/03,0,15000,-72000,-57000
2012/09/04,0,29000,-379000,-350000
2012/09/05,0,90000,-164000,-74000
2012/09/06,0,77000,-101000,-24000
2012/09/07,0,91000,-3000,88000
2012/09/10,0,143710,-258768,-115058
2012/09/11,0,23000,-150000,-127000
2012/09/12,0,18000,-37000,-19000
2012/09/13,0,38000,-13000,25000
2012/09/14,0,528000,-28000,500000
2012/09/17,0,167000,-813000,-646000
2012/09/18,0,157000,-27000,130000
2012/09/19,0,98000,-101000,-3000
2012/09/20,0,2000,-438000,-436000
2012/09/21,0,1000,-161000,-160000
2012/09/24,0,18000,-475000,-457000
2012/09/25,0,69000,0,69000
2012/09/26,0,56000,-10000,46000
2012/09/27,0,5000,-10000,-5000
2012/09/28,0,9000,-25000,-16000
2012/10/01,0,52000,-1000,51000
2012/10/02,0,15000,-113000,-98000
2012/10/03,0,43000,-209000,-166000
2012/10/04,0,111000,-46000,65000
2012/10/05,0,6000,-105000,-99000
2012/10/08,0,3000,-507000,-504000
2012/10/09,0,166000,-12000,154000
2012/10/10,0,0,0,0
2012/10/11,0,491000,-23000,468000
2012/10/12,0,176000,-78000,98000
2012/10/15,0,316000,-134000,182000
2012/10/16,0,5000,-103000,-98000
2012/10/17,0,3000,-194000,-191000
2012/10/18,0,203000,-16000,187000
2012/10/19,0,58000,-60000,-2000
2012/10/22,0,5000,-54000,-49000
2012/10/23,0,2000,-240000,-238000
2012/10/24,0,591000,-6000,585000
2012/10/25,0,185000,-31000,154000
2012/10/26,0,131000,-125000,6000
2012/10/29,0,480000,-22000,458000
2012/10/30,0,172000,-56000,116000
2012/10/31,0,7000,-21000,-14000
2012/11/01,0,324000,-49000,275000
2012/11/02,0,27000,-132000,-105000
2012/11/05,0,209000,-77000,132000
2012/11/06,0,179000,-75000,104000
2012/11/07,0,105000,-164000,-59000
2012/11/08,0,86000,-215000,-129000
2012/11/09,0,245000,-20000,225000
2012/11/12,0,5000,-33000,-28000
2012/11/13,0,111000,-146000,-35000
2012/11/14,0,250000,-55000,195000
2012/11/15,0,371000,-22000,349000
2012/11/16,0,237000,-29000,208000
2012/11/19,0,377000,-86637,290363
2012/11/20,0,88000,-60000,28000
2012/11/21,0,142000,-111000,31000
2012/11/22,0,238000,-165000,73000
2012/11/23,0,444000,-37000,407000
2012/11/26,0,104000,-378000,-274000
2012/11/27,0,23000,-120000,-97000
2012/11/28,0,191000,-54000,137000
2012/11/29,0,367000,-30000,337000
2012/11/30,0,233000,-58000,175000
2012/12/03,0,141000,-525000,-384000
2012/12/04,0,100000,-18000,82000
2012/12/05,0,150000,-476000,-326000
2012/12/06,0,30000,-808000,-778000
2012/12/07,0,36000,-42000,-6000
2012/12/10,0,52000,-86000,-34000
2012/12/11,0,37000,-265000,-228000
2012/12/12,0,461000,-54000,407000
2012/12/13,0,366000,-295000,71000
2012/12/14,0,162000,-355000,-193000
2012/12/17,0,49000,-512000,-463000
2012/12/18,0,34000,-64000,-30000
2012/12/19,0,17000,-306661,-289661
2012/12/20,0,30000,-491000,-461000
2012/12/21,0,14000,-178000,-164000
2012/12/24,0,131000,-100000,31000
2012/12/25,0,280000,-202000,78000
2012/12/26,0,254000,-108000,146000
2012/12/27,0,72004,-281000,-208996
2012/12/28,0,116000,-32000,84000
2012/12/31,0,0,0,0
2013/01/01,0,0,0,0
2013/01/02,0,13000,-143000,-130000
2013/01/03,0,336000,-342000,-6000
2013/01/04,0,103000,-478000,-375000
2013/01/07,0,178000,-166000,12000
2013/01/08,0,83000,-126000,-43000
2013/01/09,0,54000,-51000,3000
2013/01/10,0,264000,-67000,197000
2013/01/11,0,127000,-121000,6000
2013/01/14,0,65000,-458000,-393000
2013/01/15,0,13000,-374000,-361000
2013/01/16,0,170000,-183000,-13000
2013/01/17,0,30000,-180000,-150000
2013/01/18,0,30000,-114000,-84000
2013/01/21,0,42000,-80000,-38000
2013/01/22,0,79000,-12000,67000
2013/01/23,0,34000,-48000,-14000
2013/01/24,0,25000,-443000,-418000
2013/01/25,0,48000,-145000,-97000
2013/01/28,0,0,-44000,-44000
2013/01/29,0,26000,-62000,-36000
2013/01/30,0,128000,-307000,-179000
2013/01/31,0,24000,-144000,-120000
2013/02/01,0,62000,-119000,-57000
2013/02/04,0,138000,-75000,63000
2013/02/05,0,70000,-213000,-143000
2013/02/06,0,17000,-805000,-788000
2013/02/07,0,0,0,0
2013/02/08,0,0,0,0
2013/02/11,0,0,0,0
2013/02/12,0,0,0,0
2013/02/13,0,0,0,0
2013/02/14,0,0,0,0
2013/02/15,0,0,0,0
2013/02/18,0,65000,-692000,-627000
2013/02/19,0,37000,-491000,-454000
2013/02/20,0,379000,-615000,-236000
2013/02/21,0,1000,-518000,-517000
2013/02/22,0,30000,-100000,-70000
2013/02/25,0,0,-348000,-348000
2013/02/26,0,28000,-245000,-217000
2013/02/27,0,60000,-25000,35000
2013/02/28,0,0,0,0
2013/03/01,0,73000,-137000,-64000
2013/03/04,0,361000,-99788,261212
2013/03/05,0,50000,-550000,-500000
2013/03/06,0,193000,-71000,122000
2013/03/07,0,4000,-187000,-183000
2013/03/08,0,53000,-45000,8000
2013/03/11,0,185000,-315000,-130000
2013/03/12,0,168000,-100000,68000
2013/03/13,0,71000,-741001,-670001
2013/03/14,0,194000,-444000,-250000
2013/03/15,0,549264,-269000,280264
2013/03/18,0,270000,-218000,52000
2013/03/19,0,83000,-170000,-87000
2013/03/20,0,192736,-90000,102736
2013/03/21,0,71000,-123000,-52000
2013/03/22,0,74000,-179784,-105784
2013/03/25,0,39000,-53000,-14000
2013/03/26,0,138000,-68000,70000
2013/03/27,0,120000,-188000,-68000
2013/03/28,0,34000,-53000,-19000
2013/03/29,0,259000,-75000,184000
2013/04/01,0,130000,-79000,51000
2013/04/02,0,307000,-120000,187000
2013/04/03,0,223000,-40000,183000
2013/04/04,0,0,0,0
2013/04/05,0,0,0,0
2013/04/08,0,105000,-83000,22000
2013/04/09,0,41000,-150000,-109000
2013/04/10,0,100000,-71000,29000
2013/04/11,0,83000,-275000,-192000
2013/04/12,0,103000,-156000,-53000
2013/04/15,0,224000,-398000,-174000
2013/04/16,0,133000,-417000,-284000
2013/04/17,0,323000,-287000,36000
2013/04/18,0,56000,-6000,50000
2013/04/19,0,6000,-38000,-32000
2013/04/22,0,459000,-104000,355000
2013/04/23,0,667000,-153000,514000
2013/04/24,0,377000,-855000,-478000
2013/04/25,0,80000,-806000,-726000
2013/04/26,0,8000,-581000,-573000
2013/04/29,0,26000,-153000,-127000
2013/04/30,0,841000,-117000,724000
2013/05/01,0,0,0,0
2013/05/02,0,1064000,-143000,921000
2013/05/03,0,59000,-287000,-228000
2013/05/06,0,60000,-180000,-120000
2013/05/07,0,413000,-123000,290000
2013/05/08,0,297000,-184000,113000
2013/05/09,0,618000,-50000,568000
2013/05/10,0,691000,-30000,661000
2013/05/13,0,674000,-298000,376000
2013/05/14,0,950000,-79000,871000
2013/05/15,0,610000,-1136000,-526000
2013/05/16,0,364000,-691000,-327000
2013/05/17,0,359000,-325000,34000
2013/05/20,0,370000,-60000,310000
2013/05/21,0,260000,-151000,109000
2013/05/22,0,248000,-294000,-46000
2013/05/23,0,179000,-605000,-426000
2013/05/24,0,129000,-330000,-201000
2013/05/27,0,118993,-83000,35993
2013/05/28,0,158000,-57000,101000
2013/05/29,0,401000,-393000,8000
2013/05/30,0,314000,-598000,-284000
2013/05/31,0,233000,-165233,67767
2013/06/03,0,161000,-158000,3000
2013/06/04,0,404000,-304000,100000
2013/06/05,0,118000,-35000,83000
2013/06/06,0,78000,-254000,-176000
2013/06/07,0,407000,-60000,347000
2013/06/10,0,88000,-164000,-76000
2013/06/11,0,171000,-429000,-258000
2013/06/12,0,0,0,0
2013/06/13,0,112000,-70000,42000
2013/06/14,0,35000,-215000,-180000
2013/06/17,0,77000,-35000,42000
2013/06/18,0,128000,-27000,101000
2013/06/19,0,182000,-418000,-236000
2013/06/20,0,98000,-187000,-89000
2013/06/21,0,304000,-655000,-351000
2013/06/24,0,554000,-173000,381000
2013/06/25,0,554000,-794000,-240000
2013/06/26,0,546000,-62000,484000
2013/06/27,0,335000,-139000,196000
2013/06/28,0,608000,-427000,181000
2013/07/01,0,183000,-464000,-281000
2013/07/02,0,141000,-163997,-22997
2013/07/03,0,309000,-164000,145000
2013/07/04,0,213000,-45000,168000
2013/07/05,0,820000,-181000,639000
2013/07/08,0,95000,-366000,-271000
2013/07/09,0,350000,-100000,250000
2013/07/10,0,271000,-377000,-106000
2013/07/11,0,563997,-644000,-80003
2013/07/12,0,272000,-644000,-372000
2013/07/15,0,647000,-757000,-110000
2013/07/16,0,198884,-1107000,-908116
2013/07/17,0,555000,-1203000,-648000
2013/07/18,0,247000,-191000,56000
2013/07/19,0,251000,-139000,112000
2013/07/22,0,338000,-68000,270000
2013/07/23,0,332000,-145000,187000
2013/07/24,0,32000,-224000,-192000
2013/07/25,0,58000,-171000,-113000
2013/07/26,0,94000,-343000,-249000
2013/07/29,0,85000,-210000,-125000
2013/07/30,0,253000,-255000,-2000
2013/07/31,0,239000,-22000,217000
2013/08/01,0,176000,-257000,-81000
2013/08/02,0,333000,-101000,232000
2013/08/05,0,264000,-186000,78000
2013/08/06,0,695000,-316953,378047
2013/08/07,0,243000,-781000,-538000
2013/08/08,0,178000,-923000,-745000
2013/08/09,0,283000,-619943,-336943
2013/08/12,0,418000,-115000,303000
2013/08/13,0,144000,-157000,-13000
2013/08/14,0,613000,-203016,409984
2013/08/15,0,148000,-286000,-138000
2013/08/16,0,360000,-140000,220000
2013/08/19,0,85000,-99000,-14000
2013/08/20,0,111000,-180000,-69000
2013/08/21,0,0,0,0
2013/08/22,0,187000,-547000,-360000
2013/08/23,0,260000,-232000,28000
2013/08/26,0,256000,-57000,199000
2013/08/27,0,73000,-159000,-86000
2013/08/28,0,118000,-424000,-306000
2013/08/29,0,664000,-46000,618000
2013/08/30,0,637000,-271000,366000
2013/09/02,0,150000,-662000,-512000
2013/09/03,0,213000,-485000,-272000
2013/09/04,0,197000,-344000,-147000
2013/09/05,0,305000,-279000,26000
2013/09/06,0,144000,-367000,-223000
2013/09/09,0,789000,-118000,671000
2013/09/10,0,160000,-541000,-381000
2013/09/11,0,145000,-322000,-177000
2013/09/12,0,326000,-222000,104000
2013/09/13,0,143000,-318000,-175000
2013/09/16,0,708000,-46000,662000
2013/09/17,0,139000,-554000,-415000
2013/09/18,0,313560,-254000,59560
2013/09/19,0,0,0,0
2013/09/20,0,0,0,0
2013/09/23,0,403000,-350000,53000
2013/09/24,0,128000,-299000,-171000
2013/09/25,0,102440,-334440,-232000
2013/09/26,0,63000,-429800,-366800
2013/09/27,0,19000,-127550,-108550
2013/09/30,0,108000,-106250,1750
2013/10/01,0,182000,-81550,100450
2013/10/02,0,182000,-154300,27700
2013/10/03,0,310057,-353000,-42943
2013/10/04,0,296000,-195000,101000
2013/10/07,0,289000,-55000,234000
2013/10/08,0,194000,-51000,143000
2013/10/09,0,61000,-290000,-229000
2013/10/10,0,0,0,0
2013/10/11,0,82000,-199000,-117000
2013/10/14,0,74000,-456000,-382000
2013/10/15,0,117000,-157450,-40450
2013/10/16,0,65000,-47000,18000
2013/10/17,0,608000,-184000,424000
2013/10/18,0,222000,-51000,171000
2013/10/21,0,40000,-25000,15000
2013/10/22,0,57000,-78000,-21000
2013/10/23,0,55000,-354000,-299000
2013/10/24,0,736000,-147000,589000
2013/10/25,0,187000,-608000,-421000
2013/10/28,0,45000,-36000,9000
2013/10/29,0,89000,-168300,-79300
2013/10/30,0,174000,-40000,134000
2013/10/31,0,30000,-33000,-3000
2013/11/01,0,228000,-171000,57000
2013/11/04,0,66000,-268425,-202425
2013/11/05,0,102000,-65460,36540
2013/11/06,0,0,-111000,-111000
2013/11/07,0,1000,-58000,-57000
2013/11/08,0,0,-130000,-130000
2013/11/11,0,5000,-75000,-70000
2013/11/12,0,219000,-32000,187000
2013/11/13,0,114000,-59000,55000
2013/11/14,0,103000,-69000,34000
2013/11/15,0,369000,-33000,336000
2013/11/18,0,152000,-90000,62000
2013/11/19,0,392000,-125000,267000
2013/11/20,0,127000,-322400,-195400
2013/11/22,0,86000,-132000,-46000
2013/11/25,0,356000,-28000,328000
2013/11/26,0,241000,-98000,143000
2013/11/27,0,221000,-56000,165000
2013/11/28,0,427000,-163000,264000
2013/11/29,0,192000,-82000,110000
2013/12/02,0,130000,-280000,-150000
2013/12/03,0,47000,-237000,-190000
2013/12/04,0,636000,-234000,402000
2013/12/05,0,58000,-408000,-350000
2013/12/06,0,47000,-71000,-24000
2013/12/09,0,314000,-400000,-86000
2013/12/11,0,98000,-351000,-253000
2013/12/12,0,62000,-117000,-55000
2013/12/16,0,117000,-60000,57000
2013/12/17,0,88000,-21000,67000
2013/12/20,0,138000,-22000,116000
2013/12/24,0,52000,-15000,37000
2013/12/26,0,155000,-53000,102000
2013/12/30,0,590000,-44000,546000
2013/12/31,0,283027,-37000,246027
2014/01/03,0,192000,-370000,-178000
2014/01/08,0,290000,-72000,218000
2014/01/10,0,27000,-76000,-49000
2014/01/13,0,502000,-36000,466000
2014/01/15,0,616000,-258000,358000
2014/01/16,0,751000,-546000,205000
2014/01/20,0,90000,-18000,72000
2014/01/22,0,2000,-38000,-36000
2014/01/24,0,481000,-14000,467000
2014/02/05,0,60000,-616000,-556000
2014/02/07,0,13000,-73000,-60000
2014/02/11,0,11000,-10000,1000
2014/02/12,0,96000,-45000,51000
2014/02/14,0,178000,-50000,128000
2014/02/18,0,50000,-49000,1000
2014/02/20,0,3000,-91000,-88000
2014/02/24,0,1000,-39000,-38000
2014/02/26,0,32000,-51000,-19000
2014/02/27,0,0,-27000,-27000
2014/03/03,0,10000,-315000,-305000
2014/03/04,0,10000,-11000,-1000
2014/03/05,0,0,-10000,-10000
2014/03/06,0,0,-18000,-18000
2014/03/07,0,15000,-42000,-27000
2014/03/10,0,33000,-7000,26000
2014/03/11,0,5000,-9000,-4000
2014/03/12,0,17000,0,17000
2014/03/13,0,35000,-226210,-191210
2014/03/14,0,93000,-143000,-50000
2014/03/17,0,9000,-134000,-125000
2014/03/18,0,13000,-273000,-260000
2014/03/19,0,810000,-60000,750000
2014/03/20,0,112000,-142000,-30000
2014/03/21,0,376000,-118588,257412
2014/03/24,0,58000,-3000,55000
2014/03/25,0,0,-48000,-48000
2014/03/26,0,16000,-51000,-35000
2014/03/27,0,2000,-67000,-65000
2014/03/28,0,15000,-12000,3000
2014/03/31,0,9000,-21000,-12000
2014/04/01,0,7000,-77070,-70070
2014/04/02,0,26000,-17000,9000
2014/04/03,0,91000,-8000,83000
2014/04/07,0,7000,-12000,-5000
2014/04/08,0,4000,-4000,0
2014/04/09,0,14000,-52000,-38000
2014/04/10,0,518000,-282000,236000
2014/04/11,0,111000,-68000,43000
2014/04/14,0,101000,-127000,-26000
2014/04/15,0,59000,-141000,-82000
2014/04/16,0,166000,-670000,-504000
2014/04/17,0,111000,-457000,-346000
2014/04/18,0,37000,-45000,-8000
2014/04/21,0,35000,-10000,25000
2014/04/22,0,0,0,0
2014/04/23,0,213000,-385000,-172000
2014/04/24,0,33000,-314000,-281000
2014/04/25,0,28000,-158000,-130000
2014/04/28,0,52000,0,52000
2014/04/29,0,108000,-227000,-119000
2014/04/30,0,69000,-123000,-54000
2014/05/02,0,27000,-25000,2000
2014/05/05,0,14000,-123000,-109000
2014/05/06,0,77000,-301090,-224090
2014/05/07,0,5000,-337000,-332000
2014/05/08,0,14000,-230000,-216000
2014/05/09,0,0,-203000,-203000
2014/05/12,0,111000,-141000,-30000
2014/05/13,0,60000,-161000,-101000
2014/05/14,0,184000,-79000,105000
2014/05/15,0,22000,-63000,-41000
2014/05/16,0,270000,-186000,84000
2014/05/19,0,260207,-88000,172207
2014/05/20,0,233000,-130000,103000
2014/05/21,0,109000,-36000,73000
2014/05/22,0,186000,-32000,154000
2014/05/23,0,85000,-47000,38000
2014/05/26,0,71000,-60000,11000
2014/05/27,0,88000,0,88000
2014/05/28,0,79000,-112000,-33000
2014/05/29,0,95000,-190000,-95000
2014/05/30,0,155000,-169000,-14000
2014/06/03,0,26000,-74000,-48000
2014/06/04,0,194000,-31500,162500
2014/06/05,0,167000,-240000,-73000
2014/06/06,0,47000,-35000,12000
2014/06/09,0,489000,-22000,467000
2014/06/10,0,409000,-190000,219000
2014/06/11,0,168000,-130000,38000
2014/06/12,0,35000,-94000,-59000
2014/06/13,0,70000,-21000,49000
2014/06/16,0,62000,-11000,51000
2014/06/17,0,142000,-13000,129000
2014/06/18,0,278000,-511000,-233000
2014/06/19,0,223000,-1000,222000
2014/06/20,0,27000,-55000,-28000
2014/06/23,0,113000,-83000,30000
2014/06/24,0,1078000,-564000,514000
2014/06/25,0,706000,-248000,458000
2014/06/26,0,193000,-70000,123000
2014/06/27,0,32000,-103000,-71000
2014/06/30,0,425000,-120000,305000
2014/07/01,0,1149000,-64000,1085000
2014/07/02,0,601000,-2022000,-1421000
2014/07/03,0,457000,-192000,265000
2014/07/04,0,179000,-72000,107000
2014/07/07,0,653000,-111000,542000
2014/07/08,0,579000,-43000,536000
2014/07/09,0,0,-322000,-322000
2014/07/10,0,201000,-118000,83000
2014/07/11,0,295000,-985000,-690000
2014/07/14,0,60000,-90000,-30000
2014/07/15,0,51000,-69000,-18000
2014/07/16,0,250000,-1207230,-957230
2014/07/17,0,44000,-70000,-26000
2014/07/18,0,18000,-1376000,-1358000
2014/07/21,0,39000,-117000,-78000
2014/07/22,0,74000,-106000,-32000
2014/07/23,0,0,0,0
2014/07/24,0,55000,-1176000,-1121000
2014/07/25,0,102000,-18000,84000
2014/07/28,0,184000,-19000,165000
2014/07/29,0,254000,-276000,-22000
2014/07/30,0,79000,-145000,-66000
2014/07/31,0,72000,-230000,-158000
2014/08/01,0,87000,-52000,35000
2014/08/04,0,158000,-159000,-1000
2014/08/05,0,82000,-294000,-212000
2014/08/06,0,93000,-181000,-88000
2014/08/07,0,10000,-138000,-128000
2014/08/08,0,32000,-33000,-1000
2014/08/11,0,34000,-39000,-5000
2014/08/12,0,25000,-322000,-297000
2014/08/13,0,36000,-174000,-138000
2014/08/14,0,11000,-381000,-370000
2014/08/15,0,5000,-46000,-41000
2014/08/18,0,0,-45000,-45000
2014/08/19,0,66000,-96000,-30000
2014/08/20,0,4000,-458000,-454000
2014/08/21,0,30000,-2000,28000
2014/08/22,0,44000,-260000,-216000
2014/08/25,0,71000,-5000,66000
2014/08/26,0,10000,-30000,-20000
2014/08/27,0,9000,0,9000
2014/08/28,0,14000,-10000,4000
2014/08/29,0,62000,-110000,-48000
2014/09/01,0,12000,-11000,1000
2014/09/02,0,6000,-228000,-222000
2014/09/03,0,1000,-37000,-36000
2014/09/04,0,10000,-98000,-88000
2014/09/05,0,0,-5000,-5000
2014/09/09,0,0,0,0
2014/09/10,0,0,-29000,-29000
2014/09/11,0,5000,-60000,-55000
2014/09/12,0,15000,-283000,-268000
2014/09/15,0,130000,-40000,90000
2014/09/16,0,183000,-130000,53000
2014/09/17,0,282000,-223000,59000
2014/09/18,0,7000,-5000,2000
2014/09/19,0,51000,-14000,37000
2014/09/22,0,18000,-39000,-21000
2014/09/23,0,277000,-361000,-84000
2014/09/24,0,81000,-51953,29047
2014/09/25,0,0,-69000,-69000
2014/09/26,0,78000,-11000,67000
2014/09/29,0,46000,-26000,20000
2014/09/30,0,236000,-35000,201000
2014/10/01,0,66000,-60000,6000
2014/10/02,0,810340,-109000,701340
2014/10/03,0,273000,-197000,76000
2014/10/06,0,61000,-236000,-175000
2014/10/07,0,21000,-197000,-176000
2014/10/08,0,30000,-374000,-344000
2014/10/09,0,67000,-73000,-6000
2014/10/13,0,117000,-105000,12000
2014/10/14,0,11000,-25000,-14000
2014/10/15,0,113000,-237000,-124000
2014/10/16,0,74000,-42000,32000
2014/10/17,0,139000,-202000,-63000
2014/10/20,0,5000,-36000,-31000
2014/10/21,0,0,-6000,-6000
2014/10/22,0,8000,-40000,-32000
2014/10/23,0,20000,-20141,-141
2014/10/24,0,2000,-70000,-68000
2014/10/27,0,103000,-1000,102000
2014/10/28,0,213000,-20000,193000
2014/10/29,0,56000,-56000,0
2014/10/30,0,50000,-25000,25000
2014/10/31,0,58000,-70000,-12000
2014/11/03,0,17000,-25000,-8000
2014/11/04,0,22000,0,22000
2014/11/05,0,64000,-21000,43000
2014/11/06,0,274000,-769,273231
2014/11/07,0,31000,-84000,-53000
2014/11/10,0,288000,-36000,252000
2014/11/11,0,62000,-17000,45000
2014/11/12,0,66000,-34000,32000
2014/11/13,0,4000,-95000,-91000
2014/11/14,0,79000,-100000,-21000
2014/11/17,0,77000,-56000,21000
2014/11/18,0,205000,-10000,195000
2014/11/19,0,163000,-75000,88000
2014/11/20,0,633000,-23000,610000
2014/11/21,0,119000,-114000,5000
2014/11/24,0,310000,-67000,243000
2014/11/25,0,174000,-554000,-380000
2014/11/26,0,2000,-32000,-30000
2014/11/27,0,12000,-14000,-2000
2014/11/28,0,8000,-114000,-106000
2014/12/01,0,46000,-80000,-34000
2014/12/02,0,26000,-10000,16000
2014/12/03,0,31000,-11000,20000
2014/12/04,0,123000,-59000,64000
2014/12/05,0,50000,-31000,19000
2014/12/08,0,13000,-66000,-53000
2014/12/09,0,24000,-13000,11000
2014/12/10,0,105000,-46000,59000
2014/12/11,0,93000,-148000,-55000
2014/12/12,0,110000,-49000,61000
2014/12/15,0,72000,-347000,-275000
2014/12/16,0,66000,-84000,-18000
2014/12/17,0,69000,-112000,-43000
2014/12/18,0,18000,-44956,-26956
2014/12/19,0,225000,-109000,116000
2014/12/22,0,139000,-83000,56000
2014/12/23,0,29000,-37000,-8000
2014/12/24,0,360000,-90000,270000
2014/12/25,0,95000,-282000,-187000
2014/12/26,0,87000,-97000,-10000
2014/12/29,0,151000,-112000,39000
2014/12/30,0,70000,-99000,-29000
2014/12/31,0,7000,-173000,-166000
2015/01/01,0,0,0,0
2015/01/02,0,0,0,0
2015/01/05,0,253000,-88000,165000
2015/01/06,0,12000,-41000,-29000
2015/01/07,0,58000,-214000,-156000
2015/01/08,0,389000,-65000,324000
2015/01/09,0,47000,-393000,-346000
2015/01/12,0,97000,-58000,39000
2015/01/13,0,89000,-112000,-23000
2015/01/14,0,121000,-235000,-114000
2015/01/15,0,69000,-107000,-38000
2015/01/16,0,34000,-120141,-86141
2015/01/19,0,47000,-65000,-18000
2015/01/20,0,339000,-19000,320000
2015/01/21,0,133000,-146000,-13000
2015/01/22,0,623000,-187000,436000
2015/01/23,0,43000,-153000,-110000
2015/01/26,0,285000,-6000,279000
2015/01/27,0,91000,-67000,24000
2015/01/28,0,35000,-114000,-79000
2015/01/29,0,62000,-231000,-169000
2015/01/30,0,70000,-96000,-26000
2015/02/02,0,120000,-306000,-186000
2015/02/03,0,2011000,-72000,1939000
2015/02/04,0,605000,-480000,125000
2015/02/05,0,36000,-35142,858
2015/02/06,0,8000,-330000,-322000
2015/02/09,0,34000,-18000,16000
2015/02/10,0,97000,-238000,-141000
2015/02/11,0,242000,-124183,117817
2015/02/12,0,160000,-375000,-215000
2015/02/13,0,127000,-280000,-153000
2015/02/16,0,0,0,0
2015/02/17,0,0,0,0
2015/02/18,0,0,0,0
2015/02/19,0,0,0,0
2015/02/20,0,0,0,0
2015/02/23,0,0,0,0
2015/02/24,0,19000,-254000,-235000
2015/02/25,0,264000,-172000,92000
2015/02/26,0,36000,-49000,-13000
2015/02/27,0,0,0,0
2015/03/02,0,102000,-1330000,-1228000
2015/03/03,0,153000,-174000,-21000
2015/03/04,0,23000,-21000,2000
2015/03/05,0,70000,-308772,-238772
2015/03/06,0,163000,-138000,25000
2015/03/09,0,45000,-172071,-127071
2015/03/10,0,41000,-70000,-29000
2015/03/11,0,68000,-54000,14000
2015/03/12,0,32000,-147010,-115010
2015/03/13,0,20000,-37000,-17000
2015/03/16,0,84000,-16000,68000
2015/03/17,0,41000,-38000,3000
2015/03/18,0,61000,-75000,-14000
2015/03/19,0,205000,-32000,173000
2015/03/20,0,455000,-72000,383000
2015/03/23,0,71000,-84000,-13000
2015/03/24,0,42000,-59000,-17000
2015/03/25,0,23000,-369142,-346142
2015/03/26,0,188000,-43000,145000
2015/03/27,0,108000,-48000,60000
2015/03/30,0,36000,-30000,6000
2015/03/31,0,25000,-58000,-33000
2015/04/01,0,18000,-52000,-34000
2015/04/02,0,15000,-16000,-1000
2015/04/03,0,0,0,0
2015/04/06,0,0,0,0
2015/04/07,0,652000,-24000,628000
2015/04/08,0,144000,-168000,-24000
2015/04/09,0,13000,-277000,-264000
2015/04/10,0,542000,-15000,527000
2015/04/13,0,916000,-290000,626000
2015/04/14,0,250000,-245000,5000
2015/04/15,0,232000,-649000,-417000
2015/04/16,0,252000,-198000,54000
2015/04/17,0,63000,-169000,-106000
2015/04/20,0,26000,-54000,-28000
2015/04/21,0,412000,-58000,354000
2015/04/22,0,383000,-683000,-300000
2015/04/23,0,260000,-696000,-436000
2015/04/24,0,457000,-161000,296000
2015/04/27,0,476000,-36000,440000
2015/04/28,0,588000,-402000,186000
2015/04/29,0,729000,-175000,554000
2015/04/30,0,162000,-120000,42000
2015/05/01,0,0,0,0
2015/05/04,0,65000,-82000,-17000
2015/05/05,0,86000,-153000,-67000
2015/05/06,0,234000,-378000,-144000
2015/05/07,0,217000,-88000,129000
2015/05/08,0,48000,-424000,-376000
2015/05/11,0,100000,-495000,-395000
2015/05/12,0,310000,-341000,-31000
2015/05/13,0,26000,-89000,-63000
2015/05/14,0,192000,-306000,-114000
2015/05/15,0,89000,-260000,-171000
2015/05/18,0,33000,-237000,-204000
2015/05/19,0,63000,-58000,5000
2015/05/20,0,67000,-768000,-701000
2015/05/21,0,79000,-192000,-113000
2015/05/22,0,32000,-344000,-312000
2015/05/25,0,27000,-125000,-98000
2015/05/26,0,4000,-37000,-33000
2015/05/27,0,0,-11000,-11000
2015/05/28,0,84000,-35000,49000
2015/05/29,0,0,-39000,-39000
2015/06/01,0,16000,-40000,-24000
2015/06/02,0,18000,-5000,13000
2015/06/03,0,91000,-47000,44000
2015/06/04,0,20000,-168000,-148000
2015/06/05,0,35000,-230000,-195000
2015/06/08,0,50000,-119000,-69000
2015/06/09,0,57000,-62000,-5000
2015/06/10,0,12000,-83000,-71000
2015/06/11,0,3000,-28000,-25000
2015/06/12,0,0,-21000,-21000
2015/06/15,0,12000,-27000,-15000
2015/06/16,0,6000,-12000,-6000
2015/06/17,0,99000,-91000,8000
2015/06/18,0,2000,-8000,-6000
2015/06/19,0,0,0,0
2015/06/22,0,206000,-12000,194000
2015/06/23,0,71000,0,71000
2015/06/24,0,43000,-21000,22000
2015/06/25,0,22000,-76000,-54000
2015/06/26,0,55000,-20000,35000
2015/06/29,0,29000,-9000,20000
2015/06/30,0,52000,-39000,13000
2015/07/01,0,4000,-73000,-69000
2015/07/02,0,72000,-98000,-26000
2015/07/03,0,65000,-2000,63000
2015/07/06,0,401000,-535000,-134000
2015/07/07,0,495000,-3000,492000
2015/07/08,0,949000,-33000,916000
2015/07/09,0,87000,-732000,-645000
2015/07/10,0,0,0,0
2015/07/13,0,42000,-102000,-60000
2015/07/14,0,10000,-290000,-280000
2015/07/15,0,44000,-131000,-87000
2015/07/16,0,20000,-43000,-23000
2015/07/17,0,75000,-16000,59000
2015/07/20,0,0,-71000,-71000
2015/07/21,0,0,-228000,-228000
2015/07/22,0,173000,-1000,172000
2015/07/23,0,167000,-43000,124000
2015/07/24,0,32000,-5000,27000
2015/07/27,0,222000,-83000,139000
2015/07/28,0,390000,-3000,387000
2015/07/29,0,23000,-53000,-30000
2015/07/30,0,34000,-20000,14000
2015/07/31,0,4000,-208000,-204000
2015/08/03,0,0,-154000,-154000
2015/08/04,0,936000,-8000,928000
2015/08/05,0,306000,-6000,300000
2015/08/06,0,96000,-8000,88000
2015/08/07,0,14000,-27000,-13000
2015/08/10,0,4000,-28000,-24000
2015/08/11,0,75000,-469000,-394000
2015/08/12,0,305000,-144000,161000
2015/08/13,0,76000,-235000,-159000
2015/08/14,0,81000,-106000,-25000
2015/08/17,0,118000,-89000,29000
2015/08/18,0,26000,-376000,-350000
2015/08/19,0,160000,-206000,-46000
2015/08/20,0,52000,-92000,-40000
2015/08/21,0,53000,-880000,-827000
2015/08/24,0,746000,-268000,478000
2015/08/25,0,1000,-91000,-90000
2015/08/26,0,66000,-67000,-1000
2015/08/27,0,44000,-201000,-157000
2015/08/28,0,25000,-257000,-232000
2015/08/31,0,8000,-359000,-351000
2015/09/01,0,0,-385761,-385761
2015/09/02,0,2000,-34000,-32000
2015/09/03,0,8000,-76000,-68000
2015/09/04,0,5000,-311000,-306000
2015/09/07,0,5000,-41000,-36000
2015/09/08,0,0,-49000,-49000
2015/09/09,0,76000,-10000,66000
2015/09/10,0,94000,-25000,69000
2015/09/11,0,15000,-53000,-38000
2015/09/14,0,4000,-43000,-39000
2015/09/15,0,36000,0,36000
2015/09/16,0,100162,-22000,78162
2015/09/17,0,312000,-52000,260000
2015/09/18,0,16000,-241000,-225000
2015/09/21,0,9000,-165000,-156000
2015/09/22,0,2000,-28000,-26000
2015/09/23,0,21000,-1000,20000
2015/09/24,0,26000,-30000,-4000
2015/09/25,0,109000,-32000,77000
2015/09/28,0,0,0,0
2015/09/29,0,0,0,0
2015/09/30,0,164000,-14000,150000
2015/10/01,0,166000,-102000,64000
2015/10/02,0,55000,-43000,12000
2015/10/05,0,103000,-62000,41000
2015/10/06,0,26000,-52000,-26000
2015/10/07,0,201000,-49000,152000
2015/10/08,0,128000,-93000,35000
2015/10/09,0,0,0,0
2015/10/12,0,249000,-155000,94000
2015/10/13,0,30000,-164000,-134000
2015/10/14,0,88000,-107000,-19000
2015/10/15,0,168000,-105000,63000
2015/10/16,0,0,-226000,-226000
2015/10/19,0,148000,-1000,147000
2015/10/20,0,44000,-80000,-36000
2015/10/21,0,12000,-181000,-169000
2015/10/22,0,5000,0,5000
2015/10/23,0,58000,-33000,25000
2015/10/26,0,109000,-8000,101000
2015/10/27,0,0,-90000,-90000
2015/10/28,0,12000,-50000,-38000
2015/10/29,0,13000,-33000,-20000
2015/10/30,0,85000,-15000,70000
2015/11/02,0,97000,-59000,38000
2015/11/03,0,138000,-53000,85000
2015/11/04,0,290000,-24000,266000
2015/11/05,0,132000,-210000,-78000
2015/11/06,0,54000,-322000,-268000
2015/11/09,0,22000,-36000,-14000
2015/11/10,0,19000,-5000,14000
2015/11/11,0,35000,-83000,-48000
2015/11/12,0,44000,-49000,-5000
2015/11/13,0,19000,-71000,-52000
2015/11/16,0,0,-29000,-29000
2015/11/17,0,70000,-35000,35000
2015/11/18,0,57000,-138000,-81000
2015/11/19,0,39000,-55000,-16000
2015/11/20,0,83000,-9000,74000
2015/11/23,0,77000,-27000,50000
2015/11/24,0,63000,-99000,-36000
2015/11/25,0,22000,-39000,-17000
2015/11/26,0,165000,-2000,163000
2015/11/27,0,98000,-120000,-22000
2015/11/30,0,58000,-100000,-42000
2015/12/01,0,185000,-50000,135000
2015/12/02,0,15000,-151000,-136000
2015/12/03,0,40000,-48000,-8000
2015/12/04,0,10000,-73000,-63000
2015/12/07,0,135000,-17000,118000
2015/12/08,0,27000,-236000,-209000
2015/12/09,0,3000,-32000,-29000
2015/12/10,0,2000,-111000,-109000
2015/12/11,0,8000,-10000,-2000
2015/12/14,0,18000,-39000,-21000
2015/12/15,0,90000,-28000,62000
2015/12/16,0,84000,-37000,47000
2015/12/17,0,107000,-106000,1000
2015/12/18,0,32000,-20000,12000
2015/12/21,0,15000,-51000,-36000
2015/12/22,0,16000,-66000,-50000
2015/12/23,0,0,-18000,-18000
2015/12/24,0,70000,-1000,69000
2015/12/25,0,33000,-6000,27000
2015/12/28,0,28000,0,28000
2015/12/29,0,13000,-12000,1000
2015/12/30,0,18000,-180000,-162000
2015/12/31,0,54000,-108000,-54000
2016/01/01,0,0,0,0
2016/01/04,0,49000,-96000,-47000
2016/01/05,0,6000,-32000,-26000
2016/01/06,0,16000,-81000,-65000
2016/01/07,0,296000,-65000,231000
2016/01/08,0,13000,-24000,-11000
2016/01/11,0,16000,-27000,-11000
2016/01/12,0,0,-23000,-23000
2016/01/13,0,3000,0,3000
2016/01/14,0,0,-24000,-24000
2016/01/15,0,23000,-141000,-118000
2016/01/18,0,15000,0,15000
2016/01/19,0,65000,0,65000
2016/01/20,0,7000,-106000,-99000
2016/01/21,0,108000,-3000,105000
2016/01/22,0,14000,-31000,-17000
2016/01/25,0,25000,-10000,15000
2016/01/26,0,0,-28000,-28000
2016/01/27,0,13000,-1000,12000
2016/01/28,0,8000,-8000,0
2016/01/29,0,35000,-162000,-127000
2016/02/01,0,29000,-27000,2000
2016/02/02,0,19000,-8000,11000
2016/02/03,0,11000,-31000,-20000
2016/02/04,0,0,0,0
2016/02/05,0,0,0,0
2016/02/08,0,0,0,0
2016/02/09,0,0,0,0
2016/02/10,0,0,0,0
2016/02/11,0,0,0,0
2016/02/12,0,0,0,0
2016/02/15,0,7000,-2000,5000
2016/02/16,0,247000,-4000,243000
2016/02/17,0,153000,-3000,150000
2016/02/18,0,107000,-38000,69000
2016/02/19,0,36000,-3000,33000
2016/02/22,0,54000,-44000,10000
2016/02/23,0,11000,-58000,-47000
2016/02/24,0,49000,-62000,-13000
2016/02/25,0,54000,-32000,22000
2016/02/26,0,159000,-175000,-16000
2016/02/29,0,0,0,0
2016/03/01,0,156000,-91000,65000
2016/03/02,0,84000,-96000,-12000
2016/03/03,0,140000,-47000,93000
2016/03/04,0,37000,-149000,-112000
2016/03/07,0,10000,-104000,-94000
2016/03/08,0,3000,-74000,-71000
2016/03/09,0,35000,-42000,-7000
2016/03/10,0,10000,-43000,-33000
2016/03/11,0,10000,-21353,-11353
2016/03/14,0,22000,-23000,-1000
2016/03/15,0,30000,-1000,29000
2016/03/16,0,89000,-57000,32000
2016/03/17,0,83000,-44000,39000
2016/03/18,0,76000,-28000,48000
2016/03/21,0,56000,-123000,-67000
2016/03/22,0,15000,-115000,-100000
2016/03/23,0,15000,-56000,-41000
2016/03/24,0,59000,-4000,55000
2016/03/25,0,17000,-82000,-65000
2016/03/28,0,138000,-5000,133000
2016/03/29,0,31000,-109000,-78000
2016/03/30,0,83000,-39000,44000
2016/03/31,0,37000,-69905,-32905
2016/04/01,0,83000,-15000,68000
2016/04/04,0,0,0,0
2016/04/05,0,0,0,0
2016/04/06,0,34000,-70000,-36000
2016/04/07,0,52000,-118000,-66000
2016/04/08,0,11000,-12000,-1000
2016/04/11,0,17000,-16000,1000
2016/04/12,0,6000,-15000,-9000
2016/04/13,0,107000,-67000,40000
2016/04/14,0,50000,-73000,-23000
2016/04/15,0,146000,-94000,52000
2016/04/18,0,13000,-64490,-51490
2016/04/19,0,10000,-33000,-23000
2016/04/20,0,254000,-18000,236000
2016/04/21,0,11000,-68000,-57000
2016/04/22,0,1000,-55000,-54000
2016/04/25,0,30000,-12000,18000
2016/04/26,0,35000,-15000,20000
2016/04/27,0,27000,-14000,13000
2016/04/28,0,34000,-65000,-31000
2016/04/29,0,20000,-76000,-56000
2016/05/02,0,0,0,0
2016/05/03,0,27000,-20000,7000
2016/05/04,0,49000,-22000,27000
2016/05/05,0,4000,-12000,-8000
2016/05/06,0,0,-21000,-21000
2016/05/09,0,37000,-21000,16000
2016/05/10,0,121000,-45000,76000
2016/05/11,0,14000,-121000,-107000
2016/05/12,0,6000,-2000,4000
2016/05/13,0,69000,-17000,52000
2016/05/16,0,15000,-21000,-6000
2016/05/17,0,3000,-10000,-7000
2016/05/18,0,10000,-7000,3000
2016/05/19,0,3000,-16000,-13000
2016/05/20,0,3000,-7000,-4000
2016/05/23,0,27000,-10000,17000
2016/05/24,0,21000,0,21000
2016/05/25,0,4000,-10000,-6000
2016/05/26,0,0,-2000,-2000
2016/05/27,0,588000,0,588000
2016/05/30,0,0,-52000,-52000
2016/05/31,0,10000,-1000,9000
2016/06/01,0,1000,0,1000
2016/06/02,0,580000,-17000,563000
2016/06/03,0,0,-30000,-30000
2016/06/06,0,5000,-59000,-54000
2016/06/07,0,10000,-35000,-25000
2016/06/08,0,10000,-20000,-10000
2016/06/09,0,0,0,0
2016/06/10,0,0,0,0
2016/06/13,0,14000,-20000,-6000
2016/06/14,0,344000,0,344000
2016/06/15,0,522000,-36000,486000
2016/06/16,0,394000,-46000,348000
2016/06/17,0,767000,-10000,757000
2016/06/20,0,213000,-23000,190000
2016/06/21,0,4000,-7000,-3000
2016/06/22,0,1129000,0,1129000
2016/06/23,0,0,0,0
2016/06/24,0,675000,-136000,539000
2016/06/27,0,3000,-85000,-82000
2016/06/28,0,3000,-2000,1000
2016/06/29,0,18000,-5000,13000
2016/06/30,0,71000,-45000,26000
2016/07/01,0,43000,-3000,40000
2016/07/04,0,8000,-46000,-38000
2016/07/05,0,268000,-9000,259000
2016/07/06,0,2000,-29000,-27000
2016/07/07,0,225000,-72000,153000
2016/07/08,0,0,0,0
2016/07/11,0,202000,-5000,197000
2016/07/12,0,71000,-16000,55000
2016/07/13,0,55000,-87000,-32000
2016/07/14,0,174000,-2000,172000
2016/07/15,0,510000,-35000,475000
2016/07/18,0,4660000,-21000,4639000
2016/07/19,0,107000,-3934000,-3827000
2016/07/20,0,55000,-757000,-702000
2016/07/21,0,204000,-109000,95000
2016/07/22,0,24000,-21000,3000
2016/07/25,0,3000,-130000,-127000
2016/07/26,0,0,-63000,-63000
2016/07/27,0,1000,-95000,-94000
2016/07/28,0,26000,-56000,-30000
2016/07/29,0,10000,-38000,-28000
2016/08/01,0,46000,-221000,-175000
2016/08/02,0,0,-261000,-261000
2016/08/03,0,0,-101000,-101000
2016/08/04,0,6000,-255000,-249000
2016/08/05,0,0,-42000,-42000
2016/08/08,0,16000,-54000,-38000
2016/08/09,0,41000,0,41000
2016/08/10,0,41000,-8000,33000
2016/08/11,0,1000,-121000,-120000
2016/08/12,0,3000,-3000,0
2016/08/15,0,0,-9000,-9000
2016/08/16,0,12000,-70000,-58000
2016/08/17,0,13000,-241000,-228000
2016/08/18,0,8000,-71000,-63000
2016/08/19,0,12000,-9000,3000
2016/08/22,0,1000,-78000,-77000
2016/08/23,0,12000,0,12000
2016/08/24,0,5000,0,5000
2016/08/25,0,44000,-2000,42000
2016/08/26,0,36000,-1000,35000
2016/08/29,0,14000,-41000,-27000
2016/08/30,0,1000,-6000,-5000
2016/08/31,0,2000,-63000,-61000
2016/09/01,0,15000,-86000,-71000
2016/09/02,0,15000,-23000,-8000
2016/09/05,0,19000,-71000,-52000
2016/09/06,0,18000,-8000,10000
2016/09/07,0,19000,-24000,-5000
2016/09/08,0,0,0,0
2016/09/09,0,0,-35000,-35000
2016/09/12,0,2000,-10000,-8000
2016/09/13,0,25000,-44000,-19000
2016/09/14,0,2000,-25000,-23000
2016/09/15,0,0,0,0
2016/09/16,0,0,0,0
2016/09/19,0,105000,-8000,97000
2016/09/20,0,44000,-23000,21000
2016/09/21,0,0,-120000,-120000
2016/09/22,0,12000,-36000,-24000
2016/09/23,0,124000,-20000,104000
2016/09/26,0,69000,-9000,60000
2016/09/27,0,0,0,0
2016/09/28,0,0,0,0
2016/09/29,0,38000,-13000,25000
2016/09/30,0,31000,-56000,-25000
2016/10/03,0,0,-22000,-22000
2016/10/04,0,15000,-20000,-5000
2016/10/05,0,3000,-17000,-14000
2016/10/06,0,0,-31000,-31000
2016/10/07,0,15000,-7000,8000
2016/10/10,0,0,0,0
2016/10/11,0,22000,-9000,13000
2016/10/12,0,67000,-19000,48000
2016/10/13,0,12000,-19000,-7000
2016/10/14,0,38000,-22000,16000
2016/10/17,0,2000,-29000,-27000
2016/10/18,0,16000,-27000,-11000
2016/10/19,0,59000,-800000,-741000
2016/10/20,0,297000,-1240000,-943000
2016/10/21,0,282000,-907000,-625000
2016/10/24,0,0,-21000,-21000
2016/10/25,0,11000,-47000,-36000
2016/10/26,0,62000,-12000,50000
2016/10/27,0,9000,-275000,-266000
2016/10/28,0,11000,-25000,-14000
2016/10/31,0,3000,0,3000
2016/11/01,0,18000,0,18000
2016/11/02,0,113000,-97000,16000
2016/11/03,0,68000,-7000,61000
2016/11/04,0,7000,-20000,-13000
2016/11/07,0,118000,-2000,116000
2016/11/08,0,43000,-1000,42000
2016/11/09,0,57000,-375000,-318000
2016/11/10,0,135000,-17000,118000
2016/11/11,0,174000,-10000,164000
2016/11/14,0,33000,-63000,-30000
2016/11/15,0,45000,-34000,11000
2016/11/16,0,1000,-210000,-209000
2016/11/17,0,54000,-207000,-153000
2016/11/18,0,111000,0,111000
2016/11/21,0,3000,-39000,-36000
2016/11/22,0,386000,-10000,376000
2016/11/23,0,134000,-130000,4000
2016/11/24,0,9000,0,9000
2016/11/25,0,15000,-3000,12000
2016/11/28,0,131000,-53902,77098
2016/11/29,0,133000,-38000,95000
2016/11/30,0,27000,-48000,-21000
2016/12/01,0,1378000,-59000,1319000
2016/12/02,0,173000,-245000,-72000
2016/12/05,0,141000,-167000,-26000
2016/12/06,0,231000,-96000,135000
2016/12/07,0,299000,-7000,292000
2016/12/08,0,1090000,-11000,1079000
2016/12/09,0,381000,-62000,319000
2016/12/12,0,1087000,-152000,935000
2016/12/13,0,54000,-290000,-236000
2016/12/14,0,61000,-217000,-156000
2016/12/15,0,193000,-651000,-458000
2016/12/16,0,472000,-771000,-299000
2016/12/19,0,318000,-76000,242000
2016/12/20,0,110000,-111000,-1000
2016/12/21,0,178000,-48000,130000
2016/12/22,0,61000,-257000,-196000
2016/12/23,0,76000,-505000,-429000
2016/12/26,0,30000,-247000,-217000
2016/12/27,0,59000,-358000,-299000
2016/12/28,0,40000,-552000,-512000
2016/12/29,0,650000,-161000,489000
2016/12/30,0,45000,-76000,-31000
2017/01/02,0,0,0,0
2017/01/03,0,227000,-57000,170000
2017/01/04,0,94000,-510000,-416000
2017/01/05,0,1184000,-182000,1002000
2017/01/06,0,1202000,-218000,984000
2017/01/09,0,495000,-263000,232000
2017/01/10,0,377000,-418000,-41000
2017/01/11,0,63000,-238000,-175000
2017/01/12,0,272000,-660000,-388000
2017/01/13,0,70000,-1222000,-1152000
2017/01/16,0,113000,-320000,-207000
2017/01/17,0,108000,-394000,-286000
2017/01/18,0,149000,-996000,-847000
2017/01/19,0,103000,-352000,-249000
2017/01/20,0,147000,-149000,-2000
2017/01/23,0,65000,-180000,-115000
2017/01/24,0,33000,-46000,-13000
2017/01/25,0,0,0,0
2017/01/26,0,0,0,0
2017/01/27,0,0,0,0
2017/01/30,0,0,0,0
2017/01/31,0,0,0,0
2017/02/01,0,0,0,0
2017/02/02,0,302000,-229000,73000
2017/02/03,0,131000,-208000,-77000
2017/02/06,0,78000,0,78000
2017/02/07,0,639000,-46000,593000
2017/02/08,0,265000,-122000,143000
2017/02/09,0,157000,-163000,-6000
2017/02/10,0,1594000,-54000,1540000
2017/02/13,0,973000,-444000,529000
2017/02/14,0,327000,-181000,146000
2017/02/15,0,880000,-95000,785000
2017/02/16,0,231000,-142000,89000
2017/02/17,0,83000,-61000,22000
2017/02/20,0,74000,-1487000,-1413000
2017/02/21,0,164000,-1857000,-1693000
2017/02/22,0,306000,-233000,73000
2017/02/23,0,235000,-70000,165000
2017/02/24,0,1090000,-351000,739000
2017/02/27,0,0,0,0
2017/02/28,0,0,0,0
2017/03/01,0,68000,-553000,-485000
2017/03/02,0,64000,-107000,-43000
2017/03/03,0,168000,-57000,111000
2017/03/06,0,114000,-67000,47000
2017/03/07,0,178000,-44000,134000
2017/03/08,0,53000,-212000,-159000
2017/03/09,0,174000,-1412000,-1238000
2017/03/10,0,72000,-81000,-9000
2017/03/13,0,27000,-45000,-18000
2017/03/14,0,121000,-29000,92000
2017/03/15,0,151000,-39000,112000
2017/03/16,0,373000,-104000,269000
2017/03/17,0,22000,-56000,-34000
2017/03/20,0,6000,-15000,-9000
2017/03/21,0,110000,-105000,5000
2017/03/22,0,26000,-50000,-24000
2017/03/23,0,2000,-30000,-28000
2017/03/24,0,25000,-25000,0
2017/03/27,0,35000,-83000,-48000
2017/03/28,0,92000,-95000,-3000
2017/03/29,0,245000,-21000,224000
2017/03/30,0,0,-10000,-10000
2017/03/31,0,0,0,0
2017/04/03,0,0,0,0
2017/04/04,0,0,0,0
2017/04/05,0,35000,0,35000
2017/04/06,0,4000,-6000,-2000
2017/04/07,0,48000,-608000,-560000
2017/04/10,0,0,-434000,-434000
2017/04/11,0,32000,0,32000
2017/04/12,0,20000,-39000,-19000
2017/04/13,0,96000,-30000,66000
2017/04/14,0,0,-96000,-96000
2017/04/17,0,14000,-15000,-1000
2017/04/18,0,0,-34000,-34000
2017/04/19,0,14000,-93000,-79000
2017/04/20,0,4000,-53000,-49000
2017/04/21,0,65000,-5000,60000
2017/04/24,0,17000,-35000,-18000
2017/04/25,0,49000,0,49000
2017/04/26,0,433000,-29000,404000
2017/04/27,0,6000,-78000,-72000
2017/04/28,0,63000,-20000,43000
2017/05/01,0,0,0,0
2017/05/02,0,260000,-22000,238000
2017/05/03,0,0,-2000,-2000
2017/05/04,0,25000,-38000,-13000
2017/05/05,0,1000,-355000,-354000
2017/05/08,0,0,-10000,-10000
2017/05/09,0,13000,-57872,-44872
2017/05/10,0,0,-6000,-6000
2017/05/11,0,19000,0,19000
2017/05/12,0,0,-27000,-27000
2017/05/15,0,9000,-17000,-8000
2017/05/16,0,2081000,-36000,2045000
2017/05/17,0,1511000,-38000,1473000
2017/05/18,0,2501000,-25000,2476000
2017/05/19,0,2005000,-31000,1974000
2017/05/22,0,1818000,-14378,1803622
2017/05/23,0,990000,-4000,986000
2017/05/24,0,1019000,-3000,1016000
2017/05/25,0,1804000,-2000,1802000
2017/05/26,0,1018000,-45000,973000
2017/05/29,0,0,0,0
2017/05/30,0,0,0,0
2017/05/31,0,3303000,-66000,3237000
2017/06/01,0,2285000,-14000,2271000
2017/06/02,0,1404000,-5000,1399000
2017/06/05,0,2226000,-31000,2195000
2017/06/06,0,2232000,-230,2231770
2017/06/07,0,1514000,-1000,1513000
2017/06/08,0,1685000,-15000,1670000
2017/06/09,0,1642000,-8000,1634000
2017/06/12,0,1222000,-11000,1211000
2017/06/13,0,0,-56000,-56000
2017/06/14,0,575000,-318000,257000
2017/06/15,0,70000,-310000,-240000
2017/06/16,0,25000,0,25000
2017/06/19,0,22000,-5000,17000
2017/06/20,0,49000,-16000,33000
2017/06/21,0,742000,-110000,632000
2017/06/22,0,1543000,-47000,1496000
2017/06/23,0,1645000,-15000,1630000
2017/06/26,0,2188000,-121000,2067000
2017/06/27,0,1885000,-38000,1847000
2017/06/28,0,2401000,-127000,2274000
2017/06/29,0,31000,-22000,9000
2017/06/30,0,50000,-21000,29000
2017/07/03,0,1663000,-20000,1643000
2017/07/04,0,1858000,-50000,1808000
2017/07/05,0,1955000,-21000,1934000
2017/07/06,0,534000,-156000,378000
2017/07/07,0,225000,-10000,215000
2017/07/10,0,48000,-19000,29000
2017/07/11,0,1899000,-580000,1319000
2017/07/12,0,324000,-150000,174000
2017/07/13,0,2526000,-203000,2323000
2017/07/14,0,3346000,-89000,3257000
2017/07/17,0,8464000,-17000,8447000
2017/07/18,0,585000,-5162000,-4577000
2017/07/19,0,62000,-1870000,-1808000
2017/07/20,0,86000,-207000,-121000
2017/07/21,0,21000,-141000,-120000
2017/07/24,0,89000,-720000,-631000
2017/07/25,0,48000,-101000,-53000
2017/07/26,0,25000,-389000,-364000
2017/07/27,0,174000,-105000,69000
2017/07/28,0,33000,-131000,-98000
2017/07/31,0,24000,-83000,-59000
2017/08/01,0,38000,-94000,-56000
2017/08/02,0,17000,-124000,-107000
2017/08/03,0,5000,-329000,-324000
2017/08/04,0,109000,-1200000,-1091000
2017/08/07,0,4000,-1623000,-1619000
2017/08/08,0,108000,-1731000,-1623000
2017/08/09,0,123000,-1905000,-1782000
2017/08/10,0,36000,-1762000,-1726000
2017/08/11,0,3000,-46000,-43000
2017/08/14,0,0,-22000,-22000
2017/08/15,0,82000,-1611000,-1529000
2017/08/16,0,3000,-1736000,-1733000
2017/08/17,0,90000,-2299000,-2209000
2017/08/18,0,57000,-2179000,-2122000
