Date,Open,Buy,Sell,Total
2007/01/02,0,5209000,-389000,4820000
2007/01/03,0,2151000,-2883000,-732000
2007/01/04,0,4792900,-1661230,3131670
2007/01/05,0,8916000,-7521621,1394379
2007/01/08,0,3645000,-3719458,-74458
2007/01/09,0,4929000,-332000,4597000
2007/01/10,0,1722880,-5697371,-3974491
2007/01/11,0,1904000,-2094000,-190000
2007/01/12,0,1482000,-1289900,192100
2007/01/15,0,2377000,-3383000,-1006000
2007/01/16,0,1414000,-1464410,-50410
2007/01/17,0,2449000,-2279600,169400
2007/01/18,0,1522000,-1560000,-38000
2007/01/19,0,2919000,-1489000,1430000
2007/01/22,0,2594000,-2681770,-87770
2007/01/23,0,1203000,-999000,204000
2007/01/24,0,5214000,-894230,4319770
2007/01/25,0,4047000,-2649000,1398000
2007/01/26,0,2528000,-4700409,-2172409
2007/01/29,0,896000,-3121872,-2225872
2007/01/30,0,2028000,-2390999,-362999
2007/01/31,0,2685000,-4358570,-1673570
2007/02/01,0,1572000,-1051566,520434
2007/02/02,0,1895000,-703000,1192000
2007/02/05,0,6290000,-1996364,4293636
2007/02/06,0,3213000,-1755000,1458000
2007/02/07,0,2716900,-1723000,993900
2007/02/08,0,4533000,-2225899,2307101
2007/02/09,0,3869000,-2201006,1667994
2007/02/12,0,1281000,-2960000,-1679000
2007/02/13,0,926000,-2503570,-1577570
2007/02/14,0,5858896,-5291443,567453
2007/02/15,0,0,0,0
2007/02/16,0,0,0,0
2007/02/19,0,0,0,0
2007/02/20,0,0,0,0
2007/02/21,0,0,0,0
2007/02/22,0,0,0,0
2007/02/23,0,0,0,0
2007/02/26,0,10988000,-5990920,4997080
2007/02/27,0,4764000,-9964428,-5200428
2007/02/28,0,0,0,0
2007/03/01,0,2125000,-18914314,-16789314
2007/03/02,0,5509000,-4509230,999770
2007/03/05,0,14029000,-9169441,4859559
2007/03/06,0,8839000,-7787000,1052000
2007/03/07,0,13097000,-9059971,4037029
2007/03/08,0,2418031,-4302738,-1884707
2007/03/09,0,1833000,-3244000,-1411000
2007/03/12,0,1402000,-1825000,-423000
2007/03/13,0,1185000,-2448000,-1263000
2007/03/14,0,5961000,-6040000,-79000
2007/03/15,0,8369000,-1314000,7055000
2007/03/16,0,7474000,-4204574,3269426
2007/03/19,0,294000,-1271785,-977785
2007/03/20,0,540000,-2348030,-1808030
2007/03/21,0,1823000,-540100,1282900
2007/03/22,0,10087000,-1708000,8379000
2007/03/23,0,8299000,-389846,7909154
2007/03/26,0,8884000,-3132507,5751493
2007/03/27,0,7410000,-6999490,410510
2007/03/28,0,3063000,-3102000,-39000
2007/03/29,0,5584000,-4767000,817000
2007/03/30,0,3901000,-1486621,2414379
2007/04/02,0,7160000,-2403000,4757000
2007/04/03,0,4808500,-2433000,2375500
2007/04/04,0,4862000,-1980685,2881315
2007/04/05,0,0,0,0
2007/04/06,0,0,0,0
2007/04/09,0,3253000,-589000,2664000
2007/04/10,0,6443000,-696000,5747000
2007/04/11,0,3964000,-527000,3437000
2007/04/12,0,3239000,-3482000,-243000
2007/04/13,0,686000,-4979081,-4293081
2007/04/16,0,6782000,-699000,6083000
2007/04/17,0,3636000,-1767941,1868059
2007/04/18,0,3946500,-2548260,1398240
2007/04/19,0,1213500,-9706596,-8493096
2007/04/20,0,381000,-678000,-297000
2007/04/23,0,3284000,-806000,2478000
2007/04/24,0,1442000,-617030,824970
2007/04/25,0,243000,-4223000,-3980000
2007/04/26,0,1820000,-3479730,-1659730
2007/04/27,0,726000,-5998000,-5272000
2007/04/30,0,1787000,-6879230,-5092230
2007/05/01,0,0,0,0
2007/05/02,0,133000,-3215000,-3082000
2007/05/03,0,2460000,-3102000,-642000
2007/05/04,0,5165000,-2794000,2371000
2007/05/07,0,5955000,-1351000,4604000
2007/05/08,0,517000,-969000,-452000
2007/05/09,0,5431000,-1391000,4040000
2007/05/10,0,2894000,-3126271,-232271
2007/05/11,0,469000,-1300000,-831000
2007/05/14,0,2098000,-2191000,-93000
2007/05/15,0,848000,-484739,363261
2007/05/16,0,673000,-3501000,-2828000
2007/05/17,0,3995000,-5264780,-1269780
2007/05/18,0,2266000,-8856200,-6590200
2007/05/21,0,5205000,-9977030,-4772030
2007/05/22,0,1296000,-670000,626000
2007/05/23,0,4092000,-2797000,1295000
2007/05/24,0,5491100,-2672778,2818322
2007/05/25,0,859000,-6904000,-6045000
2007/05/28,0,1099000,-1876000,-777000
2007/05/29,0,1993000,-5541262,-3548262
2007/05/30,0,1795000,-7408000,-5613000
2007/05/31,0,6401939,-16297230,-9895291
2007/06/01,0,3030000,-4130000,-1100000
2007/06/04,0,1492000,-3734840,-2242840
2007/06/05,0,2851000,-2054500,796500
2007/06/06,0,3631600,-2180110,1451490
2007/06/07,0,1952000,-4062042,-2110042
2007/06/08,0,2330000,-1550000,780000
2007/06/11,0,9137000,-5438100,3698900
2007/06/12,0,2905000,-4214000,-1309000
2007/06/13,0,1232000,-2314000,-1082000
2007/06/14,0,2215000,-972000,1243000
2007/06/15,0,3731000,-1619200,2111800
2007/06/18,0,0,0,0
2007/06/19,0,0,0,0
2007/06/20,0,11730000,-8678010,3051990
2007/06/21,0,18726000,-4836090,13889910
2007/06/22,0,2695000,-2337080,357920
2007/06/25,0,4574000,-619000,3955000
2007/06/26,0,3516494,-9512000,-5995506
2007/06/27,0,1523000,-5977500,-4454500
2007/06/28,0,5750200,-8445000,-2694800
2007/06/29,0,4943000,-9627230,-4684230
2007/07/02,0,1765000,-1674000,91000
2007/07/03,0,1259000,-4999183,-3740183
2007/07/04,0,2106000,-533700,1572300
2007/07/05,0,3032200,-616000,2416200
2007/07/06,0,2350000,-2309970,40030
2007/07/09,0,4819000,-8706083,-3887083
2007/07/10,0,8093000,-1108000,6985000
2007/07/11,0,4359100,-3101800,1257300
2007/07/12,0,5388800,-3749300,1639500
2007/07/13,0,6481000,-1442000,5039000
2007/07/16,0,1490000,-6659000,-5169000
2007/07/17,0,1868200,-6529300,-4661100
2007/07/18,0,2473000,-7985303,-5512303
2007/07/19,0,5856000,-1516800,4339200
2007/07/20,0,3057400,-1223000,1834400
2007/07/23,0,4678000,-2683280,1994720
2007/07/24,0,11707000,-3408000,8299000
2007/07/25,0,3714000,-1822700,1891300
2007/07/26,0,3353000,-3970300,-617300
2007/07/27,0,6602587,-15273250,-8670663
2007/07/30,0,6149000,-14451000,-8302000
2007/07/31,0,9123000,-8278015,844985
2007/08/01,0,16194000,-21633000,-5439000
2007/08/02,0,6644000,-3053250,3590750
2007/08/03,0,5258000,-2609165,2648835
2007/08/06,0,4932000,-3426000,1506000
2007/08/07,0,10504000,-3450000,7054000
2007/08/08,0,2850000,-6271287,-3421287
2007/08/09,0,12171000,-4033000,8138000
2007/08/10,0,3518000,-8142500,-4624500
2007/08/13,0,3283000,-1100000,2183000
2007/08/14,0,3711000,-3076000,635000
2007/08/15,0,8231000,-5790100,2440900
2007/08/16,0,1618000,-12758358,-11140358
2007/08/17,0,2528000,-12979000,-10451000
2007/08/20,0,4220000,-1069000,3151000
2007/08/21,0,7361000,-5052400,2308600
2007/08/22,0,3712400,-3405102,307298
2007/08/23,0,8069000,-2229000,5840000
2007/08/24,0,5786000,-2499000,3287000
2007/08/27,0,9976000,-1425000,8551000
2007/08/28,0,8832000,-2699000,6133000
2007/08/29,0,13920000,-4816000,9104000
2007/08/30,0,14063000,-2702000,11361000
2007/08/31,0,14790000,-1602000,13188000
2007/09/03,0,2710000,-2082000,628000
2007/09/04,0,2998000,-897370,2100630
2007/09/05,0,7607000,-3332000,4275000
2007/09/06,0,13346000,-1535000,11811000
2007/09/07,0,7664000,-690000,6974000
2007/09/10,0,7012000,-3926000,3086000
2007/09/11,0,11354000,-1129000,10225000
2007/09/12,0,524000,-3075000,-2551000
2007/09/13,0,3799200,-2637000,1162200
2007/09/14,0,6149000,-57000,6092000
2007/09/17,0,433375,-4782955,-4349580
2007/09/18,0,0,0,0
2007/09/19,0,12565000,-776367,11788633
2007/09/20,0,13638000,-1948281,11689719
2007/09/21,0,7139000,-68000,7071000
2007/09/24,0,0,0,0
2007/09/25,0,0,0,0
2007/09/26,0,3674000,-4685283,-1011283
2007/09/27,0,12132000,-13050660,-918660
2007/09/28,0,4542000,-1474000,3068000
2007/10/01,0,1430000,-1199000,231000
2007/10/02,0,11694000,-1535790,10158210
2007/10/03,0,13049000,-2341466,10707534
2007/10/04,0,10763000,-8818060,1944940
2007/10/05,0,5155000,-3015800,2139200
2007/10/08,0,7158000,-1317920,5840080
2007/10/09,0,5997000,-3452600,2544400
2007/10/10,0,0,0,0
2007/10/11,0,10103000,-1387600,8715400
2007/10/12,0,2250000,-3170000,-920000
2007/10/15,0,4177000,-1713200,2463800
2007/10/16,0,11874000,-4198000,7676000
2007/10/17,0,4117000,-4753800,-636800
2007/10/18,0,5222000,-5562954,-340954
2007/10/19,0,2661000,-1722800,938200
2007/10/22,0,2734000,-9732000,-6998000
2007/10/23,0,2516000,-934000,1582000
2007/10/24,0,1223958,-1494000,-270042
2007/10/25,0,7650644,-1032000,6618644
2007/10/26,0,8580124,-742000,7838124
2007/10/29,0,8854000,-1405000,7449000
2007/10/30,0,3608000,-3650430,-42430
2007/10/31,0,4469000,-6012000,-1543000
2007/11/01,0,8663000,-9460000,-797000
2007/11/02,0,7964000,-5426000,2538000
2007/11/05,0,5282000,-11275160,-5993160
2007/11/06,0,2185000,-3071000,-886000
2007/11/07,0,3474480,-3422100,52380
2007/11/08,0,3053000,-5980400,-2927400
2007/11/09,0,5238000,-789000,4449000
2007/11/12,0,1751000,-7903991,-6152991
2007/11/13,0,3143000,-4491969,-1348969
2007/11/14,0,5171000,-2103000,3068000
2007/11/15,0,5108000,-2126000,2982000
2007/11/16,0,4529274,-6754000,-2224726
2007/11/19,0,3049570,-9694000,-6644430
2007/11/20,0,7491000,-18029239,-10538239
2007/11/21,0,6048000,-14435180,-8387180
2007/11/22,0,3576000,-907136,2668864
2007/11/23,0,676000,-3137000,-2461000
2007/11/26,0,6573000,-2645000,3928000
2007/11/27,0,7520000,-11801000,-4281000
2007/11/28,0,5474000,-6157702,-683702
2007/11/29,0,6141000,-3541555,2599445
2007/11/30,0,11727000,-3699550,8027450
2007/12/03,0,7175189,-5819260,1355929
2007/12/04,0,2551324,-2045000,506324
2007/12/05,0,4569554,-6265000,-1695446
2007/12/06,0,11936200,-5891000,6045200
2007/12/07,0,11219484,-4277294,6942190
2007/12/10,0,3617000,-3438233,178767
2007/12/11,0,4963000,-2980089,1982911
2007/12/12,0,3869000,-3554000,315000
2007/12/13,0,8349446,-6041850,2307596
2007/12/14,0,3308000,-8320935,-5012935
2007/12/17,0,2327000,-2702700,-375700
2007/12/18,0,4363000,-3064354,1298646
2007/12/19,0,974000,-3713751,-2739751
2007/12/20,0,2350000,-2774000,-424000
2007/12/21,0,5772000,-1119000,4653000
2007/12/24,0,1071000,-1368000,-297000
2007/12/25,0,22000,-759000,-737000
2007/12/26,0,2267000,-1673000,594000
2007/12/27,0,3442000,-2862000,580000
2007/12/28,0,4635000,-2591288,2043712
2007/12/31,0,925000,-379000,546000
2008/01/01,0,0,0,0
2008/01/02,0,343000,-5281385,-4938385
2008/01/03,0,4303000,-5109000,-806000
2008/01/04,0,3721000,-6011642,-2290642
2008/01/07,0,3714000,-8447441,-4733441
2008/01/08,0,7013000,-4145078,2867922
2008/01/09,0,7231000,-2673986,4557014
2008/01/10,0,6768000,-6785735,-17735
2008/01/11,0,3628903,-2362421,1266482
2008/01/14,0,11143000,-5110042,6032958
2008/01/15,0,11052000,-3858525,7193475
2008/01/16,0,10135086,-4443650,5691436
2008/01/17,0,5964000,-5860268,103732
2008/01/18,0,3860887,-7708130,-3847243
2008/01/21,0,1193000,-14021567,-12828567
2008/01/22,0,1599000,-16847000,-15248000
2008/01/23,0,7097000,-6161000,936000
2008/01/24,0,10142000,-9885258,256742
2008/01/25,0,1163000,-1211000,-48000
2008/01/28,0,2716000,-7064000,-4348000
2008/01/29,0,3091000,-10054577,-6963577
2008/01/30,0,10958801,-26655000,-15696199
2008/01/31,0,7876900,-35293486,-27416586
2008/02/01,0,11701000,-26579174,-14878174
2008/02/04,0,0,0,0
2008/02/05,0,0,0,0
2008/02/06,0,0,0,0
2008/02/07,0,0,0,0
2008/02/08,0,0,0,0
2008/02/11,0,0,0,0
2008/02/12,0,8393000,-19194609,-10801609
2008/02/13,0,6862000,-7750000,-888000
2008/02/14,0,13299000,-5679000,7620000
2008/02/15,0,4465000,-6885544,-2420544
2008/02/18,0,3962000,-3162000,800000
2008/02/19,0,3930000,-2419000,1511000
2008/02/20,0,2668000,-7828000,-5160000
2008/02/21,0,4964974,-3970109,994865
2008/02/22,0,1668000,-5607000,-3939000
2008/02/25,0,8162000,-2551000,5611000
2008/02/26,0,6391000,-8640600,-2249600
2008/02/27,0,14194000,-5600000,8594000
2008/02/28,0,0,0,0
2008/02/29,0,6089162,-8740953,-2651791
2008/03/03,0,8050000,-5387000,2663000
2008/03/04,0,17032000,-2437596,14594404
2008/03/05,0,6001000,-1293000,4708000
2008/03/06,0,11163000,-3626040,7536960
2008/03/07,0,4869000,-6719890,-1850890
2008/03/10,0,7884000,-14696000,-6812000
2008/03/11,0,8267000,-2910000,5357000
2008/03/12,0,8531108,-11453000,-2921892
2008/03/13,0,5448000,-20199650,-14751650
2008/03/14,0,2356000,-11064000,-8708000
2008/03/17,0,3575000,-12687325,-9112325
2008/03/18,0,9830000,-19834279,-10004279
2008/03/19,0,4311000,-7354000,-3043000
2008/03/20,0,7977000,-5554470,2422530
2008/03/21,0,8688964,-725000,7963964
2008/03/24,0,16672000,-2432000,14240000
2008/03/25,0,8239000,-3482647,4756353
2008/03/26,0,7868000,-19710550,-11842550
2008/03/27,0,3792598,-13084990,-9292392
2008/03/28,0,13405598,-27701258,-14295660
2008/03/31,0,9093621,-28598546,-19504925
2008/04/01,0,3516466,-13420111,-9903645
2008/04/02,0,3774000,-10398000,-6624000
2008/04/03,0,1821000,-11184254,-9363254
2008/04/04,0,0,0,0
2008/04/07,0,2761000,-13056000,-10295000
2008/04/08,0,1496000,-13441781,-11945781
2008/04/09,0,1595000,-10954400,-9359400
2008/04/10,0,5292001,-3134680,2157321
2008/04/11,0,8695000,-8260141,434859
2008/04/14,0,3753000,-2384000,1369000
2008/04/15,0,4718000,-8675590,-3957590
2008/04/16,0,1545000,-11633420,-10088420
2008/04/17,0,5898000,-8676491,-2778491
2008/04/18,0,2222000,-5901005,-3679005
2008/04/21,0,4476000,-2824577,1651423
2008/04/22,0,1135000,-9681409,-8546409
2008/04/23,0,4740000,-6392703,-1652703
2008/04/24,0,6851000,-10076109,-3225109
2008/04/25,0,1115000,-12124428,-11009428
2008/04/28,0,10998239,-19460397,-8462158
2008/04/29,0,4538000,-10431229,-5893229
2008/04/30,0,6765000,-30398000,-23633000
2008/05/01,0,0,0,0
2008/05/02,0,7231650,-13691000,-6459350
2008/05/05,0,2842000,-7996000,-5154000
2008/05/06,0,2745500,-1410000,1335500
2008/05/07,0,3247500,-6906000,-3658500
2008/05/08,0,4374400,-13099393,-8724993
2008/05/09,0,1556000,-7394990,-5838990
2008/05/12,0,1830000,-3486230,-1656230
2008/05/13,0,7045000,-6678000,367000
2008/05/14,0,3332855,-2760404,572451
2008/05/15,0,6714667,-1954606,4760061
2008/05/16,0,4059000,-1612000,2447000
2008/05/19,0,3858200,-1979000,1879200
2008/05/20,0,3350000,-4477000,-1127000
2008/05/21,0,859992,-4448400,-3588408
2008/05/22,0,2265000,-7151005,-4886005
2008/05/23,0,2094000,-6364000,-4270000
2008/05/26,0,3016000,-3186400,-170400
2008/05/27,0,889000,-1537851,-648851
2008/05/28,0,437000,-7700000,-7263000
2008/05/29,0,5760000,-5624180,135820
2008/05/30,0,7841600,-8802773,-961173
2008/06/02,0,3943063,-3379320,563743
2008/06/03,0,1083217,-4439458,-3356241
2008/06/04,0,645000,-6782315,-6137315
2008/06/05,0,3772000,-6531000,-2759000
2008/06/06,0,4172000,-4521060,-349060
2008/06/09,0,2039000,-4642000,-2603000
2008/06/10,0,271000,-8017046,-7746046
2008/06/11,0,3989000,-5734000,-1745000
2008/06/12,0,2388000,-6918000,-4530000
2008/06/13,0,3163000,-4850445,-1687445
2008/06/16,0,2837000,-5369000,-2532000
2008/06/17,0,3132000,-4282000,-1150000
2008/06/18,0,2350000,-6775000,-4425000
2008/06/19,0,3992000,-14165000,-10173000
2008/06/20,0,3200906,-9709000,-6508094
2008/06/23,0,2851000,-2791000,60000
2008/06/24,0,1282000,-4233000,-2951000
2008/06/25,0,6260000,-3453024,2806976
2008/06/26,0,2997413,-2346000,651413
2008/06/27,0,7624800,-6102000,1522800
2008/06/30,0,5094000,-3856460,1237540
2008/07/01,0,5148000,-8931477,-3783477
2008/07/02,0,6176000,-4201000,1975000
2008/07/03,0,3692000,-6899000,-3207000
2008/07/04,0,1956000,-7112800,-5156800
2008/07/07,0,8844000,-4936494,3907506
2008/07/08,0,4630000,-13532000,-8902000
2008/07/09,0,6402000,-7686330,-1284330
2008/07/10,0,3343000,-2325000,1018000
2008/07/11,0,2348000,-4408000,-2060000
2008/07/14,0,3032000,-4228223,-1196223
2008/07/15,0,6545000,-11371700,-4826700
2008/07/16,0,6193000,-6598000,-405000
2008/07/17,0,4081000,-7283190,-3202190
2008/07/18,0,3663000,-6148000,-2485000
2008/07/21,0,5810000,-1277803,4532197
2008/07/22,0,1329000,-4002000,-2673000
2008/07/23,0,5921000,-3001740,2919260
2008/07/24,0,5025000,-5629840,-604840
2008/07/25,0,1854000,-2846000,-992000
2008/07/28,0,0,0,0
2008/07/29,0,2517000,-7866000,-5349000
2008/07/30,0,3271000,-2651000,620000
2008/07/31,0,3792000,-5800000,-2008000
2008/08/01,0,1797000,-1450444,346556
2008/08/04,0,2196000,-4697000,-2501000
2008/08/05,0,6162000,-9239000,-3077000
2008/08/06,0,6722000,-8360972,-1638972
2008/08/07,0,600000,-6375371,-5775371
2008/08/08,0,6954127,-3204000,3750127
2008/08/11,0,3114000,-3806000,-692000
2008/08/12,0,1541000,-1131000,410000
2008/08/13,0,757000,-2343000,-1586000
2008/08/14,0,945000,-2466000,-1521000
2008/08/15,0,495000,-6502000,-6007000
2008/08/18,0,902000,-4799000,-3897000
2008/08/19,0,2432000,-7233000,-4801000
2008/08/20,0,998566,-6999000,-6000434
2008/08/21,0,1469000,-7761887,-6292887
2008/08/22,0,2307000,-4773777,-2466777
2008/08/25,0,3013000,-2239000,774000
2008/08/26,0,932000,-3741000,-2809000
2008/08/27,0,5105000,-5396536,-291536
2008/08/28,0,5975000,-6087000,-112000
2008/08/29,0,3118000,-1374136,1743864
2008/09/01,0,3593000,-6128000,-2535000
2008/09/02,0,1306000,-2720000,-1414000
2008/09/03,0,1526000,-1342259,183741
2008/09/04,0,2176000,-4593646,-2417646
2008/09/05,0,1102000,-4796000,-3694000
2008/09/08,0,1863000,-2661000,-798000
2008/09/09,0,1112000,-2479860,-1367860
2008/09/10,0,2645000,-7955000,-5310000
2008/09/11,0,3643000,-10157903,-6514903
2008/09/12,0,3037000,-3345000,-308000
2008/09/15,0,1437000,-6588000,-5151000
2008/09/16,0,4266158,-3923000,343158
2008/09/17,0,3509000,-2816000,693000
2008/09/18,0,11192000,-4939000,6253000
2008/09/19,0,8970000,-4297000,4673000
2008/09/22,0,3179000,-1673000,1506000
2008/09/23,0,1778282,-1061000,717282
2008/09/24,0,2822174,-2799881,22293
2008/09/25,0,1902058,-6190000,-4287942
2008/09/26,0,3328000,-7357491,-4029491
2008/09/29,0,0,0,0
2008/09/30,0,6663000,-4119000,2544000
2008/10/01,0,1529000,-3747000,-2218000
2008/10/02,0,4541000,-3405835,1135165
2008/10/03,0,4346000,-2470000,1876000
2008/10/06,0,2390000,-7815000,-5425000
2008/10/07,0,5984000,-1659513,4324487
2008/10/08,0,5380000,-4196164,1183836
2008/10/09,0,8023982,-4844000,3179982
2008/10/10,0,0,0,0
2008/10/13,0,4676000,-5019670,-343670
2008/10/14,0,4692000,-6445050,-1753050
2008/10/15,0,1975000,-1161000,814000
2008/10/16,0,842000,-1274920,-432920
2008/10/17,0,1177000,-14608000,-13431000
2008/10/20,0,3202000,-3112000,90000
2008/10/21,0,3737000,-6595048,-2858048
2008/10/22,0,1551000,-3963000,-2412000
2008/10/23,0,1278000,-3030000,-1752000
2008/10/24,0,814000,-2362000,-1548000
2008/10/27,0,838000,-3111000,-2273000
2008/10/28,0,872000,-4838689,-3966689
2008/10/29,0,2609000,-3881000,-1272000
2008/10/30,0,10755000,-4182642,6572358
2008/10/31,0,14089000,-6439000,7650000
2008/11/03,0,11622000,-4596508,7025492
2008/11/04,0,9665000,-1259000,8406000
2008/11/05,0,4256000,-4121000,135000
2008/11/06,0,1492000,-3948000,-2456000
2008/11/07,0,1931000,-8247000,-6316000
2008/11/10,0,2251000,-1526000,725000
2008/11/11,0,3765000,-1836750,1928250
2008/11/12,0,3135000,-3032000,103000
2008/11/13,0,2479000,-6660000,-4181000
2008/11/14,0,2864000,-3075747,-211747
2008/11/17,0,5732000,-2820000,2912000
2008/11/18,0,3892000,-4074051,-182051
2008/11/19,0,982000,-6393000,-5411000
2008/11/20,0,1624000,-4452000,-2828000
2008/11/21,0,4797000,-6534477,-1737477
2008/11/24,0,2005000,-4372000,-2367000
2008/11/25,0,3384000,-3398952,-14952
2008/11/26,0,4043000,-6893034,-2850034
2008/11/27,0,3858000,-12237150,-8379150
2008/11/28,0,5732000,-4279584,1452416
2008/12/01,0,9052000,-5182000,3870000
2008/12/02,0,1799000,-8280243,-6481243
2008/12/03,0,559000,-3365649,-2806649
2008/12/04,0,818000,-5542000,-4724000
2008/12/05,0,2215000,-1658550,556450
2008/12/08,0,13241000,-472000,12769000
2008/12/09,0,4852000,-3694504,1157496
2008/12/10,0,5394000,-3165976,2228024
2008/12/11,0,9284270,-1929270,7355000
2008/12/12,0,1765649,-6225649,-4460000
2008/12/15,0,7340100,-3325000,4015100
2008/12/16,0,1701100,-4360000,-2658900
2008/12/17,0,6041000,-6947572,-906572
2008/12/18,0,2252000,-1132000,1120000
2008/12/19,0,4361000,-3582000,779000
2008/12/22,0,867000,-7572000,-6705000
2008/12/23,0,1252000,-3903000,-2651000
2008/12/24,0,1461000,-3175000,-1714000
2008/12/25,0,270000,-678000,-408000
2008/12/26,0,954000,-1632000,-678000
2008/12/29,0,2204000,-1176000,1028000
2008/12/30,0,7525000,-3953000,3572000
2008/12/31,0,810000,-1488000,-678000
2009/01/01,0,0,0,0
2009/01/02,0,0,0,0
2009/01/05,0,2703000,-3249000,-546000
2009/01/06,0,3578072,-3663617,-85545
2009/01/07,0,9817219,-1099000,8718219
2009/01/08,0,3817000,-7478000,-3661000
2009/01/09,0,1438000,-3952000,-2514000
2009/01/12,0,1899976,-4969000,-3069024
2009/01/13,0,1307554,-1006000,301554
2009/01/14,0,223000,-1780000,-1557000
2009/01/15,0,462000,-10166000,-9704000
2009/01/16,0,257000,-3610506,-3353506
2009/01/19,0,610000,-694410,-84410
2009/01/20,0,3765000,-9402900,-5637900
2009/01/21,0,3338960,-5367660,-2028700
2009/01/22,0,0,0,0
2009/01/23,0,0,0,0
2009/01/26,0,0,0,0
2009/01/27,0,0,0,0
2009/01/28,0,0,0,0
2009/01/29,0,0,0,0
2009/01/30,0,0,0,0
2009/02/02,0,1810208,-4636316,-2826108
2009/02/03,0,1061000,-1215000,-154000
2009/02/04,0,1487000,-1496000,-9000
2009/02/05,0,2077000,-1811000,266000
2009/02/06,0,2623000,-1175000,1448000
2009/02/09,0,599000,-484000,115000
2009/02/10,0,3882445,-1162000,2720445
2009/02/11,0,3948290,-1882000,2066290
2009/02/12,0,3120000,-6353000,-3233000
2009/02/13,0,4044000,-2684000,1360000
2009/02/16,0,316000,-2370242,-2054242
2009/02/17,0,1020000,-4162712,-3142712
2009/02/18,0,5988000,-2039000,3949000
2009/02/19,0,4500000,-2606000,1894000
2009/02/20,0,964256,-5857256,-4893000
2009/02/23,0,3212000,-487000,2725000
2009/02/24,0,535000,-3210173,-2675173
2009/02/25,0,2620050,-1227000,1393050
2009/02/26,0,2000000,-964200,1035800
2009/02/27,0,946852,-1346000,-399148
2009/03/02,0,311000,-8567377,-8256377
2009/03/03,0,431000,-2932000,-2501000
2009/03/04,0,2439000,-2482000,-43000
2009/03/05,0,2708000,-195000,2513000
2009/03/06,0,4268000,-1485481,2782519
2009/03/09,0,3385000,-1202000,2183000
2009/03/10,0,6957500,-746000,6211500
2009/03/11,0,11364535,-791612,10572923
2009/03/12,0,4964000,-1579000,3385000
2009/03/13,0,13650000,-942000,12708000
2009/03/16,0,4701000,-755290,3945710
2009/03/17,0,4385911,-350000,4035911
2009/03/18,0,6894200,-1945000,4949200
2009/03/19,0,457150,-2018000,-1560850
2009/03/20,0,2891000,-1028000,1863000
2009/03/23,0,7703000,-1064000,6639000
2009/03/24,0,3747000,-1064000,2683000
2009/03/25,0,9675000,-1607935,8067065
2009/03/26,0,4903000,-2816000,2087000
2009/03/27,0,937000,-2837000,-1900000
2009/03/30,0,3748000,-3202000,546000
2009/03/31,0,4665500,-3830817,834683
2009/04/01,0,1355000,-4837720,-3482720
2009/04/02,0,11332000,-1104000,10228000
2009/04/03,0,1814000,-1784000,30000
2009/04/06,0,4482000,-991574,3490426
2009/04/07,0,2408000,-1050000,1358000
2009/04/08,0,5585000,-7612000,-2027000
2009/04/09,0,10099991,-5650052,4449939
2009/04/10,0,4796000,-1040000,3756000
2009/04/13,0,3865000,-918000,2947000
2009/04/14,0,5677000,-4239000,1438000
2009/04/15,0,2718000,-4495000,-1777000
2009/04/16,0,3671000,-2081690,1589310
2009/04/17,0,3784000,-2274000,1510000
2009/04/20,0,4755000,-1190000,3565000
2009/04/21,0,2862000,-3173000,-311000
2009/04/22,0,1053000,-1922000,-869000
2009/04/23,0,3048000,-3125000,-77000
2009/04/24,0,3245000,-2958000,287000
2009/04/27,0,4004642,-6890890,-2886248
2009/04/28,0,3803191,-4160746,-357555
2009/04/29,0,8531482,-4130461,4401021
2009/04/30,0,16733683,-1677131,15056552
2009/05/01,0,0,0,0
2009/05/04,0,10346000,-1379000,8967000
2009/05/05,0,9991000,-3149000,6842000
2009/05/06,0,6394000,-4255000,2139000
2009/05/07,0,6840000,-8563000,-1723000
2009/05/08,0,6536745,-3970469,2566276
2009/05/11,0,2633000,-5155000,-2522000
2009/05/12,0,3988000,-2993000,995000
2009/05/13,0,2083000,-3460775,-1377775
2009/05/14,0,22472644,-28493399,-6020755
2009/05/15,0,4513000,-4855000,-342000
2009/05/18,0,1812574,-5718000,-3905426
2009/05/19,0,4636000,-301830,4334170
2009/05/20,0,4395010,-1791000,2604010
2009/05/21,0,3251000,-5601017,-2350017
2009/05/22,0,1457000,-5269000,-3812000
2009/05/25,0,700000,-4250160,-3550160
2009/05/26,0,4710000,-3445000,1265000
2009/05/27,0,9786160,-10746742,-960582
2009/05/28,0,0,0,0
2009/05/29,0,0,0,0
2009/06/01,0,7409000,-5782000,1627000
2009/06/02,0,4580000,-1892000,2688000
2009/06/03,0,4728000,-2238165,2489835
2009/06/04,0,1294000,-3895050,-2601050
2009/06/05,0,1093332,-1837000,-743668
2009/06/08,0,716000,-3721000,-3005000
2009/06/09,0,4492000,-1885304,2606696
2009/06/10,0,1622000,-1726668,-104668
2009/06/11,0,3675000,-3590400,84600
2009/06/12,0,3428000,-4401000,-973000
2009/06/15,0,2543777,-1659000,884777
2009/06/16,0,2455000,-2817300,-362300
2009/06/17,0,995000,-2962000,-1967000
2009/06/18,0,2625000,-4951000,-2326000
2009/06/19,0,2857902,-2921522,-63620
2009/06/22,0,989000,-2873750,-1884750
2009/06/23,0,1335500,-7119685,-5784185
2009/06/24,0,8813000,-7268154,1544846
2009/06/25,0,2972000,-1944100,1027900
2009/06/26,0,1564000,-1222800,341200
2009/06/29,0,4170000,-5882000,-1712000
2009/06/30,0,3658000,-2282178,1375822
2009/07/01,0,3477000,-1044200,2432800
2009/07/02,0,1807000,-2308000,-501000
2009/07/03,0,726804,-885000,-158196
2009/07/06,0,391000,-2131060,-1740060
2009/07/07,0,1439000,-1184060,254940
2009/07/08,0,361000,-4280013,-3919013
2009/07/09,0,1539000,-1136000,403000
2009/07/10,0,634000,-2029848,-1395848
2009/07/13,0,1517000,-5940475,-4423475
2009/07/14,0,3791000,-2770030,1020970
2009/07/15,0,6592000,-3658798,2933202
2009/07/16,0,4558000,-1122000,3436000
2009/07/17,0,2298858,-1680253,618605
2009/07/20,0,3128000,-678957,2449043
2009/07/21,0,1866511,-1303870,562641
2009/07/22,0,2757000,-1115000,1642000
2009/07/23,0,2986000,-2099290,886710
2009/07/24,0,2222357,-2372000,-149643
2009/07/27,0,2494000,-185304,2308696
2009/07/28,0,2860900,-1365000,1495900
2009/07/29,0,2368041,-1071000,1297041
2009/07/30,0,2416000,-3112000,-696000
2009/07/31,0,3446410,-4623000,-1176590
2009/08/03,0,2130000,-1358000,772000
2009/08/04,0,1843000,-3728887,-1885887
2009/08/05,0,5226000,-2998837,2227163
2009/08/06,0,3142000,-2234000,908000
2009/08/07,0,0,0,0
2009/08/10,0,5505368,-3537896,1967472
2009/08/11,0,6739896,-7677000,-937104
2009/08/12,0,6216000,-2012000,4204000
2009/08/13,0,12582000,-4280000,8302000
2009/08/14,0,13289000,-2565421,10723579
2009/08/17,0,1788000,-3270000,-1482000
2009/08/18,0,4580000,-3179000,1401000
2009/08/19,0,1150000,-1936565,-786565
2009/08/20,0,2500000,-3495000,-995000
2009/08/21,0,1611000,-5863770,-4252770
2009/08/24,0,4213000,-2642000,1571000
2009/08/25,0,416000,-2323000,-1907000
2009/08/26,0,1887149,-1819000,68149
2009/08/27,0,1286000,-1623000,-337000
2009/08/28,0,3787000,-2802933,984067
2009/08/31,0,5018000,-4995458,22542
2009/09/01,0,2029000,-1250418,778582
2009/09/02,0,1070271,-2614420,-1544149
2009/09/03,0,1283000,-10466180,-9183180
2009/09/04,0,1130000,-3432121,-2302121
2009/09/07,0,1513000,-6683000,-5170000
2009/09/08,0,8097450,-2482410,5615040
2009/09/09,0,4629619,-987000,3642619
2009/09/10,0,11317000,-1244890,10072110
2009/09/11,0,6615200,-2443552,4171648
2009/09/14,0,533000,-2109400,-1576400
2009/09/15,0,5734850,-149000,5585850
2009/09/16,0,3785000,-1044820,2740180
2009/09/17,0,3708000,-2470850,1237150
2009/09/18,0,4436000,-3798451,637549
2009/09/21,0,355720,-1996847,-1641127
2009/09/22,0,281000,-902000,-621000
2009/09/23,0,4824418,-2509638,2314780
2009/09/24,0,3785000,-2066260,1718740
2009/09/25,0,1059333,-4344105,-3284772
2009/09/28,0,1285000,-1762200,-477200
2009/09/29,0,10693345,-825000,9868345
2009/09/30,0,4236000,-900930,3335070
2009/10/01,0,3650000,-1589000,2061000
2009/10/02,0,839230,-3646331,-2807101
2009/10/05,0,3148351,-4015181,-866830
2009/10/06,0,4140000,-1100000,3040000
2009/10/07,0,3459766,-1846440,1613326
2009/10/08,0,6101000,-1575000,4526000
2009/10/09,0,2516320,-407000,2109320
2009/10/12,0,2141673,-2016850,124823
2009/10/13,0,1708160,-3973426,-2265266
2009/10/14,0,4374800,-537220,3837580
2009/10/15,0,6019000,-869500,5149500
2009/10/16,0,2336190,-1345000,991190
2009/10/19,0,1294000,-1636725,-342725
2009/10/20,0,829000,-1569121,-740121
2009/10/21,0,1354000,-2977790,-1623790
2009/10/22,0,1173970,-6338000,-5164030
2009/10/23,0,920000,-1617610,-697610
2009/10/26,0,4638000,-171000,4467000
2009/10/27,0,2662442,-4352045,-1689603
2009/10/28,0,541000,-5341000,-4800000
2009/10/29,0,929000,-4866000,-3937000
2009/10/30,0,757000,-6835820,-6078820
2009/11/02,0,1740000,-4213860,-2473860
2009/11/03,0,1911000,-3503142,-1592142
2009/11/04,0,597000,-3565073,-2968073
2009/11/05,0,377000,-2079000,-1702000
2009/11/06,0,3336000,-649831,2686169
2009/11/09,0,3213000,-265000,2948000
2009/11/10,0,3047000,-233124,2813876
2009/11/11,0,4744000,-218080,4525920
2009/11/12,0,3791000,-1607000,2184000
2009/11/13,0,3010000,-391942,2618058
2009/11/16,0,5180000,-284000,4896000
2009/11/17,0,6679000,-1210480,5468520
2009/11/18,0,4955000,-2793046,2161954
2009/11/19,0,4136191,-1963960,2172231
2009/11/20,0,1862000,-4383000,-2521000
2009/11/23,0,1101000,-691927,409073
2009/11/24,0,1988000,-158000,1830000
2009/11/25,0,5424000,-61000,5363000
2009/11/26,0,1374000,-1846000,-472000
2009/11/27,0,5124000,-11992301,-6868301
2009/11/30,0,3118315,-3947564,-829249
2009/12/01,0,5398000,-1491500,3906500
2009/12/02,0,2168000,-1257000,911000
2009/12/03,0,5888270,-1310879,4577391
2009/12/04,0,1780000,-2432447,-652447
2009/12/07,0,2508000,-1184522,1323478
2009/12/08,0,1877651,-1222945,654706
2009/12/09,0,494000,-1835340,-1341340
2009/12/10,0,5831000,-7083080,-1252080
2009/12/11,0,3336000,-1904770,1431230
2009/12/14,0,2287000,-1048310,1238690
2009/12/15,0,1998000,-912000,1086000
2009/12/16,0,704000,-900000,-196000
2009/12/17,0,1581540,-2115190,-533650
2009/12/18,0,2106000,-2676000,-570000
2009/12/21,0,1250000,-292000,958000
2009/12/22,0,3590000,-249000,3341000
2009/12/23,0,3048000,-1322066,1725934
2009/12/24,0,5134000,-494000,4640000
2009/12/25,0,1446000,-66000,1380000
2009/12/28,0,4450000,-93800,4356200
2009/12/29,0,2356000,-235000,2121000
2009/12/30,0,7208000,-2705000,4503000
2009/12/31,0,2830000,-385000,2445000
2010/01/01,0,0,0,0
2010/01/04,0,909000,-819020,89980
2010/01/05,0,3610000,-3910000,-300000
2010/01/06,0,2744000,-4361953,-1617953
2010/01/07,0,8661000,-3191721,5469279
2010/01/08,0,3906220,-603000,3303220
2010/01/11,0,3895000,-477000,3418000
2010/01/12,0,4251000,-1790259,2460741
2010/01/13,0,3053000,-2127176,925824
2010/01/14,0,5503000,-1597660,3905340
2010/01/15,0,5476000,-6050836,-574836
2010/01/18,0,5548000,-822000,4726000
2010/01/19,0,6124000,-3804640,2319360
2010/01/20,0,10972000,-4179232,6792768
2010/01/21,0,6783000,-1924000,4859000
2010/01/22,0,10078000,-5329000,4749000
2010/01/25,0,6183680,-3988245,2195435
2010/01/26,0,11116000,-8394000,2722000
2010/01/27,0,3571000,-3574270,-3270
2010/01/28,0,2625000,-5035130,-2410130
2010/01/29,0,3748000,-9158170,-5410170
2010/02/01,0,2900708,-4365462,-1464754
2010/02/02,0,2722000,-6344000,-3622000
2010/02/03,0,2263730,-1414000,849730
2010/02/04,0,1378000,-3287000,-1909000
2010/02/05,0,2689000,-5193940,-2504940
2010/02/08,0,2455000,-4642654,-2187654
2010/02/09,0,2699000,-2131220,567780
2010/02/10,0,1743000,-3709000,-1966000
2010/02/11,0,0,0,0
2010/02/12,0,0,0,0
2010/02/15,0,0,0,0
2010/02/16,0,0,0,0
2010/02/17,0,0,0,0
2010/02/18,0,0,0,0
2010/02/19,0,0,0,0
2010/02/22,0,5925000,-2180405,3744595
2010/02/23,0,10369189,-1230000,9139189
2010/02/24,0,10001000,-4091000,5910000
2010/02/25,0,10009000,-6217000,3792000
2010/02/26,0,4344832,-719733,3625099
2010/03/01,0,6648000,-1699922,4948078
2010/03/02,0,3870000,-932260,2937740
2010/03/03,0,10754000,-1954329,8799671
2010/03/04,0,4611900,-4168000,443900
2010/03/05,0,9217000,-1007000,8210000
2010/03/08,0,4767000,-272048,4494952
2010/03/09,0,7266590,-4371670,2894920
2010/03/10,0,5055661,-573947,4481714
2010/03/11,0,2973000,-514931,2458069
2010/03/12,0,6089000,-286449,5802551
2010/03/15,0,5442000,-2802000,2640000
2010/03/16,0,3563001,-840349,2722652
2010/03/17,0,9830000,-1094000,8736000
2010/03/18,0,6045000,-322000,5723000
2010/03/19,0,5247000,-662167,4584833
2010/03/22,0,514000,-3559940,-3045940
2010/03/23,0,653000,-285000,368000
2010/03/24,0,2732000,-371000,2361000
2010/03/25,0,2107311,-2281000,-173689
2010/03/26,0,5383000,-3673000,1710000
2010/03/29,0,6026000,-1248000,4778000
2010/03/30,0,3413223,-2297000,1116223
2010/03/31,0,2359000,-1181902,1177098
2010/04/01,0,8900000,-779751,8120249
2010/04/02,0,2370000,-89000,2281000
2010/04/05,0,0,0,0
2010/04/06,0,6979000,-618000,6361000
2010/04/07,0,5630000,-1411813,4218187
2010/04/08,0,2442000,-2256600,185400
2010/04/09,0,3834000,-1170630,2663370
2010/04/12,0,2504450,-924000,1580450
2010/04/13,0,869000,-1484279,-615279
2010/04/14,0,2413000,-1514860,898140
2010/04/15,0,5652000,-2014568,3637432
2010/04/16,0,4331160,-2168000,2163160
2010/04/19,0,3009000,-6357000,-3348000
2010/04/20,0,3047005,-2925110,121895
2010/04/21,0,5626000,-3673202,1952798
2010/04/22,0,2666000,-5765220,-3099220
2010/04/23,0,2433000,-3876001,-1443001
2010/04/26,0,12026000,-751250,11274750
2010/04/27,0,8931038,-5819038,3112000
2010/04/28,0,4010349,-4962568,-952219
2010/04/29,0,4804000,-4017000,787000
2010/04/30,0,5889000,-2554965,3334035
2010/05/03,0,337060,-2861000,-2523940
2010/05/04,0,2944001,-3566660,-622659
2010/05/05,0,4443202,-10138960,-5695758
2010/05/06,0,5186842,-6814552,-1627710
2010/05/07,0,4471856,-7072407,-2600551
2010/05/10,0,3053850,-4260281,-1206431
2010/05/11,0,2688000,-6688000,-4000000
2010/05/12,0,3221166,-3525600,-304434
2010/05/13,0,4646000,-3652810,993190
2010/05/14,0,1896000,-4870872,-2974872
2010/05/17,0,4049000,-4142710,-93710
2010/05/18,0,5570000,-2105000,3465000
2010/05/19,0,2749003,-3171000,-421997
2010/05/20,0,2816000,-6056570,-3240570
2010/05/21,0,3279000,-3658382,-379382
2010/05/24,0,3380000,-4582000,-1202000
2010/05/25,0,2171000,-6009000,-3838000
2010/05/26,0,10202872,-25662505,-15459633
2010/05/27,0,5146000,-8807988,-3661988
2010/05/28,0,6071000,-6076000,-5000
2010/05/31,0,3986000,-1472000,2514000
2010/06/01,0,1377000,-4256000,-2879000
2010/06/02,0,3355000,-6563000,-3208000
2010/06/03,0,4809291,-2029000,2780291
2010/06/04,0,2889000,-3044569,-155569
2010/06/07,0,3676005,-6885620,-3209615
2010/06/08,0,1635000,-1818500,-183500
2010/06/09,0,244000,-5807000,-5563000
2010/06/10,0,3707000,-2601000,1106000
2010/06/11,0,5842966,-2107000,3735966
2010/06/14,0,8903966,-4066000,4837966
2010/06/15,0,5437932,-3364650,2073282
2010/06/16,0,0,0,0
2010/06/17,0,9749288,-4450294,5298994
2010/06/18,0,3357173,-4459340,-1102167
2010/06/21,0,10864140,-6622761,4241379
2010/06/22,0,4542211,-6149930,-1607719
2010/06/23,0,3209290,-7433851,-4224561
2010/06/24,0,1030092,-2219202,-1189110
2010/06/25,0,599000,-5409012,-4810012
2010/06/28,0,826000,-1091000,-265000
2010/06/29,0,3796000,-5370000,-1574000
2010/06/30,0,4339497,-8693488,-4353991
2010/07/01,0,762000,-7972704,-7210704
2010/07/02,0,821000,-3126020,-2305020
2010/07/05,0,485971,-2539818,-2053847
2010/07/06,0,5029000,-5967842,-938842
2010/07/07,0,11765856,-4778000,6987856
2010/07/08,0,3870000,-1988847,1881153
2010/07/09,0,13740368,-4354937,9385431
2010/07/12,0,14082249,-2878600,11203649
2010/07/13,0,4778000,-3876478,901522
2010/07/14,0,14763532,-3496000,11267532
2010/07/15,0,18411000,-6403103,12007897
2010/07/16,0,17922989,-11423000,6499989
2010/07/19,0,4236825,-2845000,1391825
2010/07/20,0,4296460,-1024242,3272218
2010/07/21,0,4294000,-1926930,2367070
2010/07/22,0,5745190,-1601002,4144188
2010/07/23,0,7667332,-3147000,4520332
2010/07/26,0,3110070,-1740000,1370070
2010/07/27,0,2533501,-5908000,-3374499
2010/07/28,0,3296000,-392125,2903875
2010/07/29,0,6123000,-1475278,4647722
2010/07/30,0,1813837,-4443110,-2629273
2010/08/02,0,8702000,-3611000,5091000
2010/08/03,0,5185000,-4106000,1079000
2010/08/04,0,7451000,-1049198,6401802
2010/08/05,0,1813000,-1316161,496839
2010/08/06,0,5590818,-778508,4812310
2010/08/09,0,7972000,-1747000,6225000
2010/08/10,0,4670000,-5125000,-455000
2010/08/11,0,10223000,-2704617,7518383
2010/08/12,0,9161924,-11054362,-1892438
2010/08/13,0,2803093,-1167000,1636093
2010/08/16,0,414000,-697000,-283000
2010/08/17,0,1832000,-1165000,667000
2010/08/18,0,6758000,-3610000,3148000
2010/08/19,0,14341638,-11561463,2780175
2010/08/20,0,2991000,-1279000,1712000
2010/08/23,0,13043000,-9048000,3995000
2010/08/24,0,2838000,-3463680,-625680
2010/08/25,0,13013000,-10054000,2959000
2010/08/26,0,4084000,-4474420,-390420
2010/08/27,0,1547000,-2069680,-522680
2010/08/30,0,6047315,-3885000,2162315
2010/08/31,0,4489000,-6703951,-2214951
2010/09/01,0,7185000,-2325000,4860000
2010/09/02,0,3314000,-2242291,1071709
2010/09/03,0,3142000,-11215000,-8073000
2010/09/06,0,5400000,-2536000,2864000
2010/09/07,0,1795964,-494210,1301754
2010/09/08,0,1447100,-1654114,-207014
2010/09/09,0,3971000,-2031000,1940000
2010/09/10,0,3792600,-2500000,1292600
2010/09/13,0,9927000,-1898000,8029000
2010/09/14,0,9224000,-3667000,5557000
2010/09/15,0,2697791,-5079000,-2381209
2010/09/16,0,2542000,-3294150,-752150
2010/09/17,0,5378000,-5488000,-110000
2010/09/20,0,2224000,-484000,1740000
2010/09/21,0,3271000,-3116000,155000
2010/09/22,0,0,0,0
2010/09/23,0,12305000,-7615552,4689448
2010/09/24,0,4251040,-6042000,-1790960
2010/09/27,0,2549100,-3198000,-648900
2010/09/28,0,1472030,-682735,789295
2010/09/29,0,6239000,-2909427,3329573
2010/09/30,0,2789000,-1854000,935000
2010/10/01,0,2640080,-290000,2350080
2010/10/04,0,7030780,-1419000,5611780
2010/10/05,0,3297620,-5405930,-2108310
2010/10/06,0,3373438,-2048000,1325438
2010/10/07,0,3108460,-3133000,-24540
2010/10/08,0,2925230,-3077103,-151873
2010/10/11,0,3037900,-3003806,34094
2010/10/12,0,3361830,-9343000,-5981170
2010/10/13,0,5344734,-4501550,843184
2010/10/14,0,9180690,-4008355,5172335
2010/10/15,0,1993090,-2774001,-780911
2010/10/18,0,3180000,-5857000,-2677000
2010/10/19,0,4173000,-6089052,-1916052
2010/10/20,0,3699000,-5286390,-1587390
2010/10/21,0,4523000,-4145000,378000
2010/10/22,0,3654002,-1878000,1776002
2010/10/25,0,4286000,-662000,3624000
2010/10/26,0,3739267,-828000,2911267
2010/10/27,0,3563160,-1254000,2309160
2010/10/28,0,11464416,-7778000,3686416
2010/10/29,0,2272000,-4194000,-1922000
2010/11/01,0,7154000,-2229000,4925000
2010/11/02,0,4990000,-1238000,3752000
2010/11/03,0,4305000,-678000,3627000
2010/11/04,0,4481000,-507000,3974000
2010/11/05,0,5840000,-906054,4933946
2010/11/08,0,3823000,-612000,3211000
2010/11/09,0,4439000,-741000,3698000
2010/11/10,0,2536070,-1798210,737860
2010/11/11,0,1202000,-2085868,-883868
2010/11/12,0,3238000,-3003600,234400
2010/11/15,0,4272239,-2738000,1534239
2010/11/16,0,2316000,-3324000,-1008000
2010/11/17,0,1907000,-3836000,-1929000
2010/11/18,0,902000,-1638820,-736820
2010/11/19,0,2069800,-2282000,-212200
2010/11/22,0,3939970,-859000,3080970
2010/11/23,0,2082530,-1917000,165530
2010/11/24,0,2893000,-952000,1941000
2010/11/25,0,1459000,-3276500,-1817500
2010/11/26,0,859000,-2393750,-1534750
2010/11/29,0,2153000,-4037989,-1884989
2010/11/30,0,10088959,-10242206,-153247
2010/12/01,0,6836296,-4415000,2421296
2010/12/02,0,5479239,-1931490,3547749
2010/12/03,0,6184000,-2755000,3429000
2010/12/06,0,4761000,-556000,4205000
2010/12/07,0,2438870,-1859467,579403
2010/12/08,0,1124000,-2444000,-1320000
2010/12/09,0,4206000,-738100,3467900
2010/12/10,0,2748000,-862000,1886000
2010/12/13,0,368000,-273000,95000
2010/12/14,0,2143000,-1044000,1099000
2010/12/15,0,5030000,-3129000,1901000
2010/12/16,0,2603000,-7373000,-4770000
2010/12/17,0,1872000,-8700420,-6828420
2010/12/20,0,1455790,-3142000,-1686210
2010/12/21,0,1160000,-1287730,-127730
2010/12/22,0,939000,-2192651,-1253651
2010/12/23,0,3634000,-3939000,-305000
2010/12/24,0,1379000,-3591000,-2212000
2010/12/27,0,1997000,-8000,1989000
2010/12/28,0,2514000,-1081210,1432790
2010/12/29,0,3227280,-435000,2792280
2010/12/30,0,8208000,-2868000,5340000
2010/12/31,0,5733000,-1061364,4671636
2011/01/03,0,2332000,-145000,2187000
2011/01/04,0,1120000,-2479000,-1359000
2011/01/05,0,2547757,-6850270,-4302513
2011/01/06,0,4428000,-3669000,759000
2011/01/07,0,4489000,-5437000,-948000
2011/01/10,0,4799000,-5515000,-716000
2011/01/11,0,6746000,-2674000,4072000
2011/01/12,0,3262000,-4235000,-973000
2011/01/13,0,3044064,-2566506,477558
2011/01/14,0,9971276,-341000,9630276
2011/01/17,0,2959673,-940000,2019673
2011/01/18,0,16734000,-4330703,12403297
2011/01/19,0,11146000,-2568090,8577910
2011/01/20,0,10787000,-2233000,8554000
2011/01/21,0,5209000,-2517000,2692000
2011/01/24,0,12210000,-1028000,11182000
2011/01/25,0,12672000,-391000,12281000
2011/01/26,0,13478000,-1384940,12093060
2011/01/27,0,8992000,-1788750,7203250
2011/01/28,0,13333410,-3254250,10079160
2011/01/31,0,0,0,0
2011/02/01,0,0,0,0
2011/02/02,0,0,0,0
2011/02/03,0,0,0,0
2011/02/04,0,0,0,0
2011/02/07,0,0,0,0
2011/02/08,0,40310800,-7439083,32871717
2011/02/09,0,6639000,-6989834,-350834
2011/02/10,0,13677000,-18321520,-4644520
2011/02/11,0,5798000,-8489516,-2691516
2011/02/14,0,11556000,-9261980,2294020
2011/02/15,0,12163000,-6550392,5612608
2011/02/16,0,9774000,-6825825,2948175
2011/02/17,0,7127000,-6683740,443260
2011/02/18,0,10844000,-2388000,8456000
2011/02/21,0,6864000,-3207000,3657000
2011/02/22,0,5114000,-8745521,-3631521
2011/02/23,0,9975609,-5781780,4193829
2011/02/24,0,8167382,-8147000,20382
2011/02/25,0,6902000,-5203428,1698572
2011/02/28,0,0,0,0
2011/03/01,0,4734000,-3175102,1558898
2011/03/02,0,4411222,-6843530,-2432308
2011/03/03,0,5014000,-1608316,3405684
2011/03/04,0,3320000,-712900,2607100
2011/03/07,0,1692000,-4579590,-2887590
2011/03/08,0,3746000,-2760000,986000
2011/03/09,0,3384516,-2120786,1263730
2011/03/10,0,1009000,-5346322,-4337322
2011/03/11,0,1891000,-3448703,-1557703
2011/03/14,0,6411000,-3343000,3068000
2011/03/15,0,9175000,-7329350,1845650
2011/03/16,0,11057500,-4821170,6236330
2011/03/17,0,4488500,-1834650,2653850
2011/03/18,0,5233000,-4903820,329180
2011/03/21,0,7208000,-2351000,4857000
2011/03/22,0,6254426,-3493000,2761426
2011/03/23,0,5339000,-4583000,756000
2011/03/24,0,3833000,-3135000,698000
2011/03/25,0,7161000,-5143000,2018000
2011/03/28,0,6186000,-4351000,1835000
2011/03/29,0,7703000,-3623514,4079486
2011/03/30,0,10128000,-2077000,8051000
2011/03/31,0,6932849,-2942916,3989933
2011/04/01,0,5944535,-2350342,3594193
2011/04/04,0,0,0,0
2011/04/05,0,0,0,0
2011/04/06,0,23252462,-7105842,16146620
2011/04/07,0,10947770,-1932197,9015573
2011/04/08,0,9886686,-1558000,8328686
2011/04/11,0,11629788,-6402000,5227788
2011/04/12,0,1758220,-2261400,-503180
2011/04/13,0,1766000,-2956731,-1190731
2011/04/14,0,6831000,-2207150,4623850
2011/04/15,0,5318000,-4414000,904000
2011/04/18,0,3673000,-1427928,2245072
2011/04/19,0,5099586,-5128000,-28414
2011/04/20,0,7477852,-1117460,6360392
2011/04/21,0,12723000,-121000,12602000
2011/04/22,0,7515000,-3644000,3871000
2011/04/25,0,1238000,-2606000,-1368000
2011/04/26,0,3377183,-447090,2930093
2011/04/27,0,4437000,-1095500,3341500
2011/04/28,0,3291452,-1931000,1360452
2011/04/29,0,3710842,-2971800,739042
2011/05/02,0,0,0,0
2011/05/03,0,903599,-2395000,-1491401
2011/05/04,0,1372469,-4922995,-3550526
2011/05/05,0,1071000,-2269000,-1198000
2011/05/06,0,1479683,-4469000,-2989317
2011/05/09,0,4121000,-8191731,-4070731
2011/05/10,0,1893700,-1390470,503230
2011/05/11,0,2113000,-1447400,665600
2011/05/12,0,2159400,-5088000,-2928600
2011/05/13,0,1393000,-3939000,-2546000
2011/05/16,0,999000,-2749400,-1750400
2011/05/17,0,2514400,-3268000,-753600
2011/05/18,0,3013000,-768000,2245000
2011/05/19,0,4571000,-4457000,114000
2011/05/20,0,2193000,-3583000,-1390000
2011/05/23,0,1648000,-8541664,-6893664
2011/05/24,0,953000,-3983808,-3030808
2011/05/25,0,3393986,-5402027,-2008041
2011/05/26,0,1719337,-1566269,153068
2011/05/27,0,2075000,-3498000,-1423000
2011/05/30,0,2903000,-13144331,-10241331
2011/05/31,0,22092000,-7423932,14668068
2011/06/01,0,13146000,-7479421,5666579
2011/06/02,0,6812000,-4721000,2091000
2011/06/03,0,6595000,-4310000,2285000
2011/06/06,0,0,0,0
2011/06/07,0,3509000,-4702436,-1193436
2011/06/08,0,11633000,-2802000,8831000
2011/06/09,0,2712000,-1992782,719218
2011/06/10,0,4099777,-2557000,1542777
2011/06/13,0,2322000,-4230560,-1908560
2011/06/14,0,4398000,-4281000,117000
2011/06/15,0,10965000,-13348575,-2383575
2011/06/16,0,3099800,-7756102,-4656302
2011/06/17,0,7994000,-4664524,3329476
2011/06/20,0,2451000,-4076900,-1625900
2011/06/21,0,4478518,-4774386,-295868
2011/06/22,0,8189000,-6482000,1707000
2011/06/23,0,3705406,-2626788,1078618
2011/06/24,0,2341000,-3403165,-1062165
2011/06/27,0,13044000,-3078975,9965025
2011/06/28,0,5322000,-3707032,1614968
2011/06/29,0,6043000,-7652890,-1609890
2011/06/30,0,17213000,-10308800,6904200
2011/07/01,0,4853098,-6834000,-1980902
2011/07/04,0,5622562,-7988138,-2365576
2011/07/05,0,4928704,-9951231,-5022527
2011/07/06,0,4113841,-5109449,-995608
2011/07/07,0,5984533,-6110000,-125467
2011/07/08,0,5881631,-4702000,1179631
2011/07/11,0,5667834,-6976000,-1308166
2011/07/12,0,4429767,-7355000,-2925233
2011/07/13,0,2643978,-4023000,-1379022
2011/07/14,0,5756553,-4130000,1626553
2011/07/15,0,5490768,-4013000,1477768
2011/07/18,0,4423939,-3254000,1169939
2011/07/19,0,2002000,-4823500,-2821500
2011/07/20,0,5705797,-4425259,1280538
2011/07/21,0,4189106,-1843000,2346106
2011/07/22,0,4161370,-2258000,1903370
2011/07/25,0,2210045,-1558000,652045
2011/07/26,0,3832931,-1458000,2374931
2011/07/27,0,2821732,-5564000,-2742268
2011/07/28,0,3565516,-2863000,702516
2011/07/29,0,4568168,-3504789,1063379
2011/08/01,0,4143963,-858000,3285963
2011/08/02,0,11005483,-16828510,-5823027
2011/08/03,0,3513889,-6861339,-3347450
2011/08/04,0,6270098,-4766000,1504098
2011/08/05,0,13750247,-24454211,-10703964
2011/08/08,0,6675183,-13410233,-6735050
2011/08/09,0,8826332,-14886580,-6060248
2011/08/10,0,7929000,-15053865,-7124865
2011/08/11,0,5893000,-6468000,-575000
2011/08/12,0,2772000,-8642406,-5870406
2011/08/15,0,2897123,-2735001,162122
2011/08/16,0,3055000,-5442000,-2387000
2011/08/17,0,5410240,-5484500,-74260
2011/08/18,0,6481913,-7997000,-1515087
2011/08/19,0,4736071,-3698082,1037989
2011/08/22,0,4435927,-4135000,300927
2011/08/23,0,5426000,-5815397,-389397
2011/08/24,0,7759364,-13238400,-5479036
2011/08/25,0,5175713,-6571982,-1396269
2011/08/26,0,9042072,-9976064,-933992
2011/08/29,0,10444000,-7003894,3440106
2011/08/30,0,3061959,-9080000,-6018041
2011/08/31,0,4075141,-5120259,-1045118
2011/09/01,0,7634411,-7505517,128894
2011/09/02,0,2066309,-5335000,-3268691
2011/09/05,0,4498000,-7787360,-3289360
2011/09/06,0,5847290,-11029858,-5182568
2011/09/07,0,10759540,-6144000,4615540
2011/09/08,0,6478379,-10629000,-4150621
2011/09/09,0,4737000,-5840000,-1103000
2011/09/12,0,0,0,0
2011/09/13,0,6704081,-15410747,-8706666
2011/09/14,0,7437719,-11474664,-4036945
2011/09/15,0,4005000,-5981410,-1976410
2011/09/16,0,7619000,-9468000,-1849000
2011/09/19,0,2731474,-7402000,-4670526
2011/09/20,0,3761898,-5437400,-1675502
2011/09/21,0,4687204,-5117000,-429796
2011/09/22,0,7746771,-10523003,-2776232
2011/09/23,0,16672972,-25146691,-8473719
2011/09/26,0,16955668,-7901000,9054668
2011/09/27,0,5376467,-3870591,1505876
2011/09/28,0,7719031,-7035200,683831
2011/09/29,0,6064706,-11215000,-5150294
2011/09/30,0,5633000,-5511600,121400
2011/10/03,0,1372050,-7984900,-6612850
2011/10/04,0,5883000,-3446000,2437000
2011/10/05,0,2344000,-2793160,-449160
2011/10/06,0,10770000,-7128000,3642000
2011/10/07,0,7258000,-1434000,5824000
2011/10/10,0,0,0,0
2011/10/11,0,12189500,-10191000,1998500
2011/10/12,0,4069469,-10540041,-6470572
2011/10/13,0,6119846,-13261250,-7141404
2011/10/14,0,1227547,-2976000,-1748453
2011/10/17,0,5131743,-3098510,2033233
2011/10/18,0,1289745,-2179000,-889255
2011/10/19,0,2387858,-1784337,603521
2011/10/20,0,3072907,-5920769,-2847862
2011/10/21,0,1263976,-4698144,-3434168
2011/10/24,0,7546381,-5600000,1946381
2011/10/25,0,2436798,-3914000,-1477202
2011/10/26,0,2946000,-4991000,-2045000
2011/10/27,0,2187000,-5156000,-2969000
2011/10/28,0,8245000,-4212000,4033000
2011/10/31,0,5862000,-5471000,391000
2011/11/01,0,5318000,-5927200,-609200
2011/11/02,0,1406530,-6789530,-5383000
2011/11/03,0,1532000,-3791000,-2259000
2011/11/04,0,3793000,-3099000,694000
2011/11/07,0,1196000,-1794000,-598000
2011/11/08,0,951556,-1437000,-485444
2011/11/09,0,2196559,-2921098,-724539
2011/11/10,0,1831380,-3460000,-1628620
2011/11/11,0,1375000,-2563000,-1188000
2011/11/14,0,941000,-2163000,-1222000
2011/11/15,0,2045000,-1110000,935000
2011/11/16,0,2454490,-4266000,-1811510
2011/11/17,0,1452976,-2225879,-772903
2011/11/18,0,1963328,-7332400,-5369072
2011/11/21,0,2630000,-5801000,-3171000
2011/11/22,0,2731000,-4994260,-2263260
2011/11/23,0,1848972,-6595000,-4746028
2011/11/24,0,3147000,-3145000,2000
2011/11/25,0,1597000,-6870000,-5273000
2011/11/28,0,1716104,-5304000,-3587896
2011/11/29,0,2465000,-4693000,-2228000
2011/11/30,0,7169126,-7933999,-764873
2011/12/01,0,8452000,-5481649,2970351
2011/12/02,0,2643000,-5352500,-2709500
2011/12/05,0,2598000,-576249,2021751
2011/12/06,0,1623000,-1975000,-352000
2011/12/07,0,6841000,-1671251,5169749
2011/12/08,0,3448000,-3417000,31000
2011/12/09,0,609778,-5196000,-4586222
2011/12/12,0,1475000,-635000,840000
2011/12/13,0,789000,-2048000,-1259000
2011/12/14,0,1091000,-1697385,-606385
2011/12/15,0,2104000,-7411976,-5307976
2011/12/16,0,1310000,-7610944,-6300944
2011/12/19,0,1710000,-3897000,-2187000
2011/12/20,0,2950000,-5865000,-2915000
2011/12/21,0,3429000,-2819000,610000
2011/12/22,0,1386000,-5861879,-4475879
2011/12/23,0,3168000,-660966,2507034
2011/12/26,0,603000,-748000,-145000
2011/12/27,0,1851000,-1045000,806000
2011/12/28,0,2002000,-1840000,162000
2011/12/29,0,2746000,-2855000,-109000
2011/12/30,0,2412000,-947319,1464681
2012/01/02,0,261000,-1469000,-1208000
2012/01/03,0,3336000,-3920000,-584000
2012/01/04,0,1630000,-3717730,-2087730
2012/01/05,0,1628000,-2380480,-752480
2012/01/06,0,2901643,-5760000,-2858357
2012/01/09,0,3224000,-3907090,-683090
2012/01/10,0,4724000,-1691000,3033000
2012/01/11,0,1477000,-2932000,-1455000
2012/01/12,0,2809000,-6055000,-3246000
2012/01/13,0,5225000,-9089000,-3864000
2012/01/16,0,2878000,-3738000,-860000
2012/01/17,0,3188000,-3222000,-34000
2012/01/18,0,3336000,-4635000,-1299000
2012/01/19,0,0,0,0
2012/01/20,0,0,0,0
2012/01/23,0,0,0,0
2012/01/24,0,0,0,0
2012/01/25,0,0,0,0
2012/01/26,0,0,0,0
2012/01/27,0,0,0,0
2012/01/30,0,9431220,-10603000,-1171780
2012/01/31,0,5557072,-7255501,-1698429
2012/02/01,0,1687000,-4075404,-2388404
2012/02/02,0,5740000,-6012000,-272000
2012/02/03,0,2400000,-4343800,-1943800
2012/02/06,0,1546000,-2009000,-463000
2012/02/07,0,3325000,-1139000,2186000
2012/02/08,0,2798000,-1101000,1697000
2012/02/09,0,2440000,-725102,1714898
2012/02/10,0,1693000,-462000,1231000
2012/02/13,0,5772000,-381496,5390504
2012/02/14,0,3361171,-2835400,525771
2012/02/15,0,4911000,-2156000,2755000
2012/02/16,0,2916000,-1671006,1244994
2012/02/17,0,4834000,-3472800,1361200
2012/02/20,0,10448000,-1072000,9376000
2012/02/21,0,4426000,-2919200,1506800
2012/02/22,0,3783000,-1695000,2088000
2012/02/23,0,1456404,-1833712,-377308
2012/02/24,0,2903300,-1309000,1594300
2012/02/27,0,0,0,0
2012/02/28,0,0,0,0
2012/02/29,0,10061785,-6646163,3415622
2012/03/01,0,2568467,-4579677,-2011210
2012/03/02,0,3962191,-985455,2976736
2012/03/05,0,1883000,-3361000,-1478000
2012/03/06,0,2886000,-3465580,-579580
2012/03/07,0,1881000,-4116000,-2235000
2012/03/08,0,2514000,-3513000,-999000
2012/03/09,0,1281000,-1129000,152000
2012/03/12,0,717000,-763000,-46000
2012/03/13,0,5395000,-1094636,4300364
2012/03/14,0,3695000,-2071495,1623505
2012/03/15,0,1911914,-2261000,-349086
2012/03/16,0,2272000,-5416220,-3144220
2012/03/19,0,1405000,-4112000,-2707000
2012/03/20,0,1111000,-1774001,-663001
2012/03/21,0,3044130,-10492130,-7448000
2012/03/22,0,3007000,-1963000,1044000
2012/03/23,0,1536000,-1036000,500000
2012/03/26,0,2896572,-7487030,-4590458
2012/03/27,0,4286000,-2003000,2283000
2012/03/28,0,1911100,-1639353,271747
2012/03/29,0,1952000,-4237000,-2285000
2012/03/30,0,4186084,-3810560,375524
2012/04/02,0,1687000,-3098000,-1411000
2012/04/03,0,3173529,-2239000,934529
2012/04/04,0,0,0,0
2012/04/05,0,2142000,-9831400,-7689400
2012/04/06,0,1115403,-7415000,-6299597
2012/04/09,0,1056000,-3048000,-1992000
2012/04/10,0,1510000,-1317340,192660
2012/04/11,0,620120,-3608180,-2988060
2012/04/12,0,2460000,-5186000,-2726000
2012/04/13,0,3366056,-3001000,365056
2012/04/16,0,1382000,-3279000,-1897000
2012/04/17,0,1509000,-4620290,-3111290
2012/04/18,0,2105000,-2199000,-94000
2012/04/19,0,757004,-2035654,-1278650
2012/04/20,0,758000,-2636712,-1878712
2012/04/23,0,2612137,-3360000,-747863
2012/04/24,0,922000,-1596000,-674000
2012/04/25,0,249000,-1107000,-858000
2012/04/26,0,922000,-2252000,-1330000
2012/04/27,0,2652278,-3023000,-370722
2012/04/30,0,1478000,-2380156,-902156
2012/05/01,0,0,0,0
2012/05/02,0,3198600,-2964836,233764
2012/05/03,0,1989000,-4139000,-2150000
2012/05/04,0,3506000,-7514000,-4008000
2012/05/07,0,1939000,-7170000,-5231000
2012/05/08,0,2032000,-3926000,-1894000
2012/05/09,0,2130000,-5622824,-3492824
2012/05/10,0,1259639,-2282173,-1022534
2012/05/11,0,1611104,-5492156,-3881052
2012/05/14,0,2280000,-5309000,-3029000
2012/05/15,0,2586000,-2620400,-34400
2012/05/16,0,1079429,-3848682,-2769253
2012/05/17,0,2860000,-4080000,-1220000
2012/05/18,0,2621000,-7031000,-4410000
2012/05/21,0,1423000,-1270207,152793
2012/05/22,0,2295000,-1924000,371000
2012/05/23,0,1857429,-3301000,-1443571
2012/05/24,0,2261000,-3144038,-883038
2012/05/25,0,2385000,-3370000,-985000
2012/05/28,0,1992000,-1473000,519000
2012/05/29,0,4204400,-3451793,752607
2012/05/30,0,8016000,-13020907,-5004907
2012/05/31,0,5784596,-8046623,-2262027
2012/06/01,0,3119000,-4185688,-1066688
2012/06/04,0,3964524,-2288000,1676524
2012/06/05,0,3678000,-3146000,532000
2012/06/06,0,3023400,-2102000,921400
2012/06/07,0,4423657,-1528000,2895657
2012/06/08,0,3663151,-5688000,-2024849
2012/06/11,0,5218443,-2333000,2885443
2012/06/12,0,5161000,-4868000,293000
2012/06/13,0,3690131,-2734000,956131
2012/06/14,0,7878446,-3836706,4041740
2012/06/15,0,33066000,-29079547,3986453
2012/06/18,0,2790266,-3733309,-943043
2012/06/19,0,3305620,-1961000,1344620
2012/06/20,0,5497272,-2623900,2873372
2012/06/21,0,2227434,-2304000,-76566
2012/06/22,0,2161891,-2849000,-687109
2012/06/25,0,1007000,-4482000,-3475000
2012/06/26,0,1816000,-2420000,-604000
2012/06/27,0,1495000,-2611000,-1116000
2012/06/28,0,5299000,-7001000,-1702000
2012/06/29,0,5990140,-5690000,300140
2012/07/02,0,4734000,-5544000,-810000
2012/07/03,0,4274429,-2559649,1714780
2012/07/04,0,2132278,-1035000,1097278
2012/07/05,0,3104000,-2521000,583000
2012/07/06,0,6867000,-3107000,3760000
2012/07/09,0,3995000,-2370000,1625000
2012/07/10,0,3226000,-2252400,973600
2012/07/11,0,2859000,-3075000,-216000
2012/07/12,0,1119135,-4503733,-3384598
2012/07/13,0,1466343,-2563950,-1097607
2012/07/16,0,2521000,-1281570,1239430
2012/07/17,0,5027200,-1211000,3816200
2012/07/18,0,1532000,-3504429,-1972429
2012/07/19,0,3790000,-1428999,2361001
2012/07/20,0,1682000,-838635,843365
2012/07/23,0,1535000,-3491000,-1956000
2012/07/24,0,3130000,-1533429,1596571
2012/07/25,0,1388000,-3422760,-2034760
2012/07/26,0,1804000,-3449448,-1645448
2012/07/27,0,2646000,-1131000,1515000
2012/07/30,0,3012478,-457000,2555478
2012/07/31,0,7739425,-2123110,5616315
2012/08/01,0,2086500,-1042000,1044500
2012/08/02,0,0,0,0
2012/08/03,0,1439002,-839429,599573
2012/08/06,0,5468000,-893000,4575000
2012/08/07,0,6255800,-2099110,4156690
2012/08/08,0,5384029,-1633358,3750671
2012/08/09,0,8840000,-1009000,7831000
2012/08/10,0,3555000,-1959000,1596000
2012/08/13,0,2271000,-1038042,1232958
2012/08/14,0,4121000,-2207000,1914000
2012/08/15,0,3970000,-2187740,1782260
2012/08/16,0,3954000,-1976000,1978000
2012/08/17,0,2646000,-5275000,-2629000
2012/08/20,0,825000,-553000,272000
2012/08/21,0,5995213,-981118,5014095
2012/08/22,0,1133607,-1691000,-557393
2012/08/23,0,1738282,-654000,1084282
2012/08/24,0,487000,-1484890,-997890
2012/08/27,0,1824000,-1624000,200000
2012/08/28,0,1215502,-832698,382804
2012/08/29,0,1664000,-852000,812000
2012/08/30,0,4513000,-5542046,-1029046
2012/08/31,0,1648373,-1347000,301373
2012/09/03,0,618000,-1667500,-1049500
2012/09/04,0,348000,-853376,-505376
2012/09/05,0,607000,-5467800,-4860800
2012/09/06,0,1051000,-3998000,-2947000
2012/09/07,0,3001000,-2020037,980963
2012/09/10,0,1948000,-473289,1474711
2012/09/11,0,1093000,-1102000,-9000
2012/09/12,0,3490200,-330000,3160200
2012/09/13,0,2268000,-583268,1684732
2012/09/14,0,4498818,-1123060,3375758
2012/09/17,0,3500000,-1497000,2003000
2012/09/18,0,2782000,-1043000,1739000
2012/09/19,0,5015000,-1664000,3351000
2012/09/20,0,2649369,-788000,1861369
2012/09/21,0,4511000,-1542000,2969000
2012/09/24,0,1971000,-419000,1552000
2012/09/25,0,4007000,-3090000,917000
2012/09/26,0,2029000,-1522000,507000
2012/09/27,0,3571000,-3037110,533890
2012/09/28,0,4467400,-2157909,2309491
2012/10/01,0,706000,-1994000,-1288000
2012/10/02,0,2552000,-612000,1940000
2012/10/03,0,1160000,-1333051,-173051
2012/10/04,0,1703000,-1160000,543000
2012/10/05,0,1461000,-2500000,-1039000
2012/10/08,0,1788592,-1856592,-68000
2012/10/09,0,5003000,-3839000,1164000
2012/10/10,0,0,0,0
2012/10/11,0,1277600,-5367000,-4089400
2012/10/12,0,2469000,-2124000,345000
2012/10/15,0,1557000,-1625000,-68000
2012/10/16,0,1623000,-2525000,-902000
2012/10/17,0,3394000,-2059478,1334522
2012/10/18,0,1130000,-1007000,123000
2012/10/19,0,1889000,-1677000,212000
2012/10/22,0,664000,-1599713,-935713
2012/10/23,0,810100,-2399520,-1589420
2012/10/24,0,1015000,-2663961,-1648961
2012/10/25,0,642000,-2077000,-1435000
2012/10/26,0,2538000,-3216000,-678000
2012/10/29,0,2326900,-5144000,-2817100
2012/10/30,0,1928282,-3383019,-1454737
2012/10/31,0,4959000,-4511000,448000
2012/11/01,0,2536000,-4721200,-2185200
2012/11/02,0,4284000,-2774000,1510000
2012/11/05,0,2599000,-1822000,777000
2012/11/06,0,2097000,-1443000,654000
2012/11/07,0,1986000,-1485500,500500
2012/11/08,0,3626000,-4724400,-1098400
2012/11/09,0,1433000,-3057000,-1624000
2012/11/12,0,560000,-1355000,-795000
2012/11/13,0,1405000,-8103000,-6698000
2012/11/14,0,3151000,-6336600,-3185600
2012/11/15,0,2767000,-8727000,-5960000
2012/11/16,0,3920000,-6926000,-3006000
2012/11/19,0,3723000,-4165000,-442000
2012/11/20,0,932000,-2956000,-2024000
2012/11/21,0,1685845,-5731296,-4045451
2012/11/22,0,1714000,-2320000,-606000
2012/11/23,0,6452192,-1894000,4558192
2012/11/26,0,3238000,-2098749,1139251
2012/11/27,0,4778000,-1758000,3020000
2012/11/28,0,3265100,-2227600,1037500
2012/11/29,0,7024000,-5252000,1772000
2012/11/30,0,9618000,-7669758,1948242
2012/12/03,0,3640000,-2495500,1144500
2012/12/04,0,2272574,-2604000,-331426
2012/12/05,0,4335000,-3397000,938000
2012/12/06,0,3838000,-1710814,2127186
2012/12/07,0,2875000,-841000,2034000
2012/12/10,0,3711000,-1660705,2050295
2012/12/11,0,5382133,-1804000,3578133
2012/12/12,0,5989000,-2174000,3815000
2012/12/13,0,10101873,-2342476,7759397
2012/12/14,0,3974275,-2605098,1369177
2012/12/17,0,4003000,-2085000,1918000
2012/12/18,0,3346000,-2496000,850000
2012/12/19,0,4140000,-2237000,1903000
2012/12/20,0,2839000,-3560312,-721312
2012/12/21,0,3855000,-2627329,1227671
2012/12/24,0,1077000,-1353000,-276000
2012/12/25,0,1998000,-101000,1897000
2012/12/26,0,1548000,-396000,1152000
2012/12/27,0,3253232,-3389500,-136268
2012/12/28,0,7712000,-4383000,3329000
2012/12/31,0,0,0,0
2013/01/01,0,0,0,0
2013/01/02,0,5130000,-2460000,2670000
2013/01/03,0,6560000,-278000,6282000
2013/01/04,0,8115000,-4210000,3905000
2013/01/07,0,7265000,-5535100,1729900
2013/01/08,0,3830000,-3157000,673000
2013/01/09,0,3943000,-4138600,-195600
2013/01/10,0,9306000,-6555000,2751000
2013/01/11,0,2584000,-1388000,1196000
2013/01/14,0,2849000,-2738000,111000
2013/01/15,0,3293854,-2013000,1280854
2013/01/16,0,4094200,-3474000,620200
2013/01/17,0,7593200,-5876000,1717200
2013/01/18,0,2382000,-1836394,545606
2013/01/21,0,1615000,-1000000,615000
2013/01/22,0,2224000,-444779,1779221
2013/01/23,0,2175000,-654315,1520685
2013/01/24,0,3132000,-2627000,505000
2013/01/25,0,3872000,-4437000,-565000
2013/01/28,0,1521000,-809000,712000
2013/01/29,0,2371800,-516000,1855800
2013/01/30,0,4114300,-1542818,2571482
2013/01/31,0,6251000,-3411329,2839671
2013/02/01,0,2489000,-2992000,-503000
2013/02/04,0,2754808,-1919000,835808
2013/02/05,0,3164000,-1646000,1518000
2013/02/06,0,5974000,-4725000,1249000
2013/02/07,0,0,0,0
2013/02/08,0,0,0,0
2013/02/11,0,0,0,0
2013/02/12,0,0,0,0
2013/02/13,0,0,0,0
2013/02/14,0,0,0,0
2013/02/15,0,0,0,0
2013/02/18,0,7567000,-6825719,741281
2013/02/19,0,1783000,-1806369,-23369
2013/02/20,0,7238575,-2127134,5111441
2013/02/21,0,6345000,-4556000,1789000
2013/02/22,0,2260000,-2075000,185000
2013/02/25,0,3118290,-4472837,-1354547
2013/02/26,0,6846272,-7000000,-153728
2013/02/27,0,3644944,-4425617,-780673
2013/02/28,0,0,0,0
2013/03/01,0,7207000,-6403000,804000
2013/03/04,0,3851000,-10221000,-6370000
2013/03/05,0,2721000,-5580000,-2859000
2013/03/06,0,4175000,-2674914,1500086
2013/03/07,0,1514000,-1315449,198551
2013/03/08,0,4951100,-4205000,746100
2013/03/11,0,4718000,-3982000,736000
2013/03/12,0,3633000,-3380838,252162
2013/03/13,0,1543000,-3654000,-2111000
2013/03/14,0,2328000,-4361984,-2033984
2013/03/15,0,14642967,-19618997,-4976030
2013/03/18,0,2336000,-3860375,-1524375
2013/03/19,0,2251000,-5040887,-2789887
2013/03/20,0,1655000,-6215897,-4560897
2013/03/21,0,1344000,-3172000,-1828000
2013/03/22,0,1109000,-2999551,-1890551
2013/03/25,0,1452000,-1820000,-368000
2013/03/26,0,1576000,-2686000,-1110000
2013/03/27,0,2819000,-836000,1983000
2013/03/28,0,4678000,-3261180,1416820
2013/03/29,0,4128000,-1021000,3107000
2013/04/01,0,615648,-1013400,-397752
2013/04/02,0,3653141,-2628000,1025141
2013/04/03,0,1230200,-1765000,-534800
2013/04/04,0,0,0,0
2013/04/05,0,0,0,0
2013/04/08,0,3054500,-4222000,-1167500
2013/04/09,0,1157000,-3379816,-2222816
2013/04/10,0,4647000,-4486000,161000
2013/04/11,0,1085686,-2070760,-985074
2013/04/12,0,959000,-1088476,-129476
2013/04/15,0,1807426,-1515400,292026
2013/04/16,0,2980832,-2885939,94893
2013/04/17,0,3778000,-5183800,-1405800
2013/04/18,0,1380000,-3134200,-1754200
2013/04/19,0,2005000,-1759200,245800
2013/04/22,0,1976000,-1306300,669700
2013/04/23,0,5514000,-2659000,2855000
2013/04/24,0,8792000,-2530149,6261851
2013/04/25,0,7348258,-2665600,4682658
2013/04/26,0,6867000,-2258700,4608300
2013/04/29,0,7188000,-1354000,5834000
2013/04/30,0,5927953,-5397600,530353
2013/05/01,0,0,0,0
2013/05/02,0,5549000,-886470,4662530
2013/05/03,0,3370000,-985000,2385000
2013/05/06,0,4595000,-1286395,3308605
2013/05/07,0,9378000,-1341815,8036185
2013/05/08,0,6874559,-3722750,3151809
2013/05/09,0,4547965,-1459260,3088705
2013/05/10,0,3817000,-3018000,799000
2013/05/13,0,3090000,-3742700,-652700
2013/05/14,0,5003000,-1364175,3638825
2013/05/15,0,5044000,-2768328,2275672
2013/05/16,0,5298000,-1377000,3921000
2013/05/17,0,2345000,-1191000,1154000
2013/05/20,0,1555000,-1558000,-3000
2013/05/21,0,1329000,-1156033,172967
2013/05/22,0,3147000,-2293020,853980
2013/05/23,0,2313994,-4340980,-2026986
2013/05/24,0,6935870,-5182000,1753870
2013/05/27,0,3357095,-2087000,1270095
2013/05/28,0,2199000,-2427000,-228000
2013/05/29,0,3890000,-3661011,228989
2013/05/30,0,1039000,-6672000,-5633000
2013/05/31,0,10467000,-9471953,995047
2013/06/03,0,2838000,-3755994,-917994
2013/06/04,0,3457000,-6036000,-2579000
2013/06/05,0,1839000,-5897466,-4058466
2013/06/06,0,3063852,-7423600,-4359748
2013/06/07,0,2253527,-4111077,-1857550
2013/06/10,0,5077000,-3549000,1528000
2013/06/11,0,5202668,-4846000,356668
2013/06/12,0,0,0,0
2013/06/13,0,3268000,-8307000,-5039000
2013/06/14,0,4293000,-5268000,-975000
2013/06/17,0,1847430,-2929000,-1081570
2013/06/18,0,2655175,-6567000,-3911825
2013/06/19,0,3940423,-5186000,-1245577
2013/06/20,0,3414000,-7201396,-3787396
2013/06/21,0,25498000,-34421463,-8923463
2013/06/24,0,3177000,-5063700,-1886700
2013/06/25,0,6695000,-6293985,401015
2013/06/26,0,7278043,-9125313,-1847270
2013/06/27,0,3556957,-3377000,179957
2013/06/28,0,6295000,-5588000,707000
2013/07/01,0,4243000,-4915000,-672000
2013/07/02,0,2644857,-2632126,12731
2013/07/03,0,2549000,-3549100,-1000100
2013/07/04,0,2726000,-2601359,124641
2013/07/05,0,3531000,-1523000,2008000
2013/07/08,0,1699000,-4467000,-2768000
2013/07/09,0,3637000,-777000,2860000
2013/07/10,0,3186000,-917000,2269000
2013/07/11,0,7706544,-661000,7045544
2013/07/12,0,6840000,-4026000,2814000
2013/07/15,0,10072000,-1740000,8332000
2013/07/16,0,11611000,-7412000,4199000
2013/07/17,0,15476000,-5458865,10017135
2013/07/18,0,18923000,-6052100,12870900
2013/07/19,0,10970888,-6169410,4801478
2013/07/22,0,4390235,-3723000,667235
2013/07/23,0,6772000,-1781292,4990708
2013/07/24,0,5573000,-1450000,4123000
2013/07/25,0,5346899,-2518400,2828499
2013/07/26,0,3883000,-2467000,1416000
2013/07/29,0,2993000,-566880,2426120
2013/07/30,0,3269000,-683000,2586000
2013/07/31,0,2661000,-4062000,-1401000
2013/08/01,0,1684000,-1427000,257000
2013/08/02,0,1448000,-877000,571000
2013/08/05,0,1279778,-1586000,-306222
2013/08/06,0,764000,-3862000,-3098000
2013/08/07,0,1348000,-3708000,-2360000
2013/08/08,0,373900,-4725000,-4351100
2013/08/09,0,679000,-4338000,-3659000
2013/08/12,0,521000,-2485180,-1964180
2013/08/13,0,1227670,-1762000,-534330
2013/08/14,0,1062453,-4624180,-3561727
2013/08/15,0,783000,-4967229,-4184229
2013/08/16,0,3166000,-4713557,-1547557
2013/08/19,0,1737000,-3705000,-1968000
2013/08/20,0,1524000,-4296000,-2772000
2013/08/21,0,0,0,0
2013/08/22,0,2942790,-11483896,-8541106
2013/08/23,0,4023000,-4345510,-322510
2013/08/26,0,1067000,-2937000,-1870000
2013/08/27,0,1631000,-4562000,-2931000
2013/08/28,0,1814000,-3491780,-1677780
2013/08/29,0,5355751,-3786300,1569451
2013/08/30,0,5210400,-7114683,-1904283
2013/09/02,0,1711000,-3715440,-2004440
2013/09/03,0,3975000,-1689000,2286000
2013/09/04,0,3424000,-1726000,1698000
2013/09/05,0,4058534,-2095240,1963294
2013/09/06,0,2523000,-1857000,666000
2013/09/09,0,5888000,-1427000,4461000
2013/09/10,0,7617000,-2435000,5182000
2013/09/11,0,8018000,-3789060,4228940
2013/09/12,0,4337000,-1913810,2423190
2013/09/13,0,2015000,-1678420,336580
2013/09/16,0,5144000,-627000,4517000
2013/09/17,0,3164000,-2945000,219000
2013/09/18,0,2888589,-3295000,-406411
2013/09/19,0,0,0,0
2013/09/20,0,0,0,0
2013/09/23,0,4836380,-5135690,-299310
2013/09/24,0,3004000,-1974569,1029431
2013/09/25,0,4914000,-3661300,1252700
2013/09/26,0,1562000,-2653935,-1091935
2013/09/27,0,4090000,-2284620,1805380
2013/09/30,0,1579000,-6031601,-4452601
2013/10/01,0,1528000,-2181615,-653615
2013/10/02,0,1506680,-1597635,-90955
2013/10/03,0,7767272,-1476500,6290772
2013/10/04,0,2127000,-1799370,327630
2013/10/07,0,1336491,-3751080,-2414589
2013/10/08,0,2959862,-896760,2063102
2013/10/09,0,2963000,-2202831,760169
2013/10/10,0,0,0,0
2013/10/11,0,2979000,-858330,2120670
2013/10/14,0,1641000,-736886,904114
2013/10/15,0,3527000,-750670,2776330
2013/10/16,0,2103210,-761770,1341440
2013/10/17,0,2211040,-848570,1362470
2013/10/18,0,1187618,-414000,773618
2013/10/21,0,1261000,-149470,1111530
2013/10/22,0,2146850,-1336000,810850
2013/10/23,0,1798470,-1213882,584588
2013/10/24,0,863500,-552000,311500
2013/10/25,0,790000,-2955576,-2165576
2013/10/28,0,2627000,-438000,2189000
2013/10/29,0,4182000,-967810,3214190
2013/10/30,0,2170358,-353000,1817358
2013/10/31,0,3293000,-1678273,1614727
2013/11/01,0,549000,-722530,-173530
2013/11/04,0,144000,-1437000,-1293000
2013/11/05,0,828000,-2252530,-1424530
2013/11/06,0,1588350,-906000,682350
2013/11/07,0,918000,-1899510,-981510
2013/11/08,0,582000,-2032000,-1450000
2013/11/11,0,797000,-2212000,-1415000
2013/11/12,0,2466000,-1753000,713000
2013/11/13,0,939422,-4589000,-3649578
2013/11/14,0,756000,-2486000,-1730000
2013/11/15,0,2441000,-1166330,1274670
2013/11/18,0,686000,-483426,202574
2013/11/19,0,1604006,-732006,872000
2013/11/20,0,884000,-1039000,-155000
2013/11/21,0,1036000,-5071590,-4035590
2013/11/22,0,1331000,-3178000,-1847000
2013/11/25,0,1172000,-1121000,51000
2013/11/26,0,4929000,-6281441,-1352441
2013/11/27,0,2171491,-1113000,1058491
2013/11/28,0,3145000,-389490,2755510
2013/11/29,0,3746000,-762000,2984000
2013/12/02,0,1756491,-75100,1681391
2013/12/03,0,1777234,-1152695,624539
2013/12/04,0,6961000,-1273000,5688000
2013/12/05,0,4491000,-2227168,2263832
2013/12/06,0,2038000,-2839970,-801970
2013/12/09,0,5017000,-868970,4148030
2013/12/10,0,1794000,-1167000,627000
2013/12/11,0,3918000,-1086387,2831613
2013/12/12,0,1389360,-2200530,-811170
2013/12/13,0,3116000,-1302860,1813140
2013/12/16,0,1375000,-1532840,-157840
2013/12/17,0,4142000,-3786280,355720
2013/12/18,0,1184000,-1986893,-802893
2013/12/19,0,3008000,-914240,2093760
2013/12/20,0,4887000,-6711133,-1824133
2013/12/23,0,1990000,-2490430,-500430
2013/12/24,0,1204000,-1362000,-158000
2013/12/25,0,746000,-420000,326000
2013/12/26,0,146000,-295000,-149000
2013/12/27,0,2982000,-949000,2033000
2013/12/30,0,3339000,-1247005,2091995
2013/12/31,0,2261000,-747000,1514000
2014/01/02,0,977000,-628000,349000
2014/01/03,0,658000,-2103000,-1445000
2014/01/06,0,1421531,-1606202,-184671
2014/01/07,0,1710000,-1668000,42000
2014/01/08,0,1249000,-1715000,-466000
2014/01/09,0,892200,-1441000,-548800
2014/01/10,0,1354000,-1650525,-296525
2014/01/13,0,1672000,-536266,1135734
2014/01/14,0,541000,-2160106,-1619106
2014/01/15,0,4549000,-1373134,3175866
2014/01/16,0,1006000,-4250461,-3244461
2014/01/17,0,206491,-3052228,-2845737
2014/01/20,0,771000,-3770320,-2999320
2014/01/21,0,1531000,-2245969,-714969
2014/01/22,0,3614000,-1734000,1880000
2014/01/23,0,2992000,-1971843,1020157
2014/01/24,0,3271000,-2136000,1135000
2014/01/27,0,3105000,-8915711,-5810711
2014/02/05,0,5960120,-17284510,-11324390
2014/02/06,0,4803000,-9541170,-4738170
2014/02/07,0,3201000,-6222600,-3021600
2014/02/10,0,2215000,-1862026,352974
2014/02/11,0,1049787,-1160892,-111105
2014/02/12,0,1984000,-2935743,-951743
2014/02/13,0,917882,-1214000,-296118
2014/02/14,0,3976000,-1061139,2914861
2014/02/17,0,1525000,-4540300,-3015300
2014/02/18,0,3177000,-774300,2402700
2014/02/19,0,2075000,-435000,1640000
2014/02/20,0,2032000,-744536,1287464
2014/02/21,0,4145000,-1153000,2992000
2014/02/24,0,1298000,-1026750,271250
2014/02/25,0,1774699,-861910,912789
2014/02/26,0,3833000,-1239230,2593770
2014/02/27,0,3660000,-2022103,1637897
2014/03/03,0,2499000,-5007000,-2508000
2014/03/04,0,1245000,-1632796,-387796
2014/03/05,0,1075560,-3527206,-2451646
2014/03/06,0,1372000,-1887910,-515910
2014/03/07,0,2831000,-262000,2569000
2014/03/10,0,1832000,-1203924,628076
2014/03/11,0,3012000,-1996804,1015196
2014/03/12,0,953000,-2889378,-1936378
2014/03/13,0,2422000,-4914237,-2492237
2014/03/14,0,1172000,-5161150,-3989150
2014/03/17,0,1973000,-1218000,755000
2014/03/18,0,3117000,-1779840,1337160
2014/03/19,0,776000,-2810650,-2034650
2014/03/20,0,1686000,-5298590,-3612590
2014/03/21,0,3598700,-5497000,-1898300
2014/03/24,0,2488000,-580000,1908000
2014/03/25,0,2438000,-1707910,730090
2014/03/26,0,2493000,-4288366,-1795366
2014/03/27,0,6617000,-5360000,1257000
2014/03/28,0,3809000,-5616960,-1807960
2014/03/31,0,3393591,-3402100,-8509
2014/04/01,0,2190000,-5668862,-3478862
2014/04/02,0,2793000,-3359259,-566259
2014/04/03,0,2186000,-2873791,-687791
2014/04/07,0,4518230,-4407000,111230
2014/04/08,0,2959876,-3740660,-780784
2014/04/09,0,3363000,-2841051,521949
2014/04/10,0,1727660,-1959440,-231780
2014/04/11,0,1987010,-1456000,531010
2014/04/14,0,1918000,-616000,1302000
2014/04/15,0,3593000,-2000307,1592693
2014/04/16,0,3223000,-1705000,1518000
2014/04/17,0,790000,-2335000,-1545000
2014/04/18,0,761000,-211000,550000
2014/04/21,0,53000,-461000,-408000
2014/04/22,0,600000,-1668000,-1068000
2014/04/23,0,626000,-2375000,-1749000
2014/04/24,0,1737000,-600000,1137000
2014/04/25,0,1019000,-1172000,-153000
2014/04/28,0,1866000,-1487000,379000
2014/04/29,0,854000,-2262000,-1408000
2014/04/30,0,7988000,-5248000,2740000
2014/05/02,0,1281000,-1644000,-363000
2014/05/05,0,135000,-1550000,-1415000
2014/05/06,0,523000,-2073000,-1550000
2014/05/07,0,943000,-3614000,-2671000
2014/05/08,0,1550000,-1089950,460050
2014/05/09,0,1165000,-1420000,-255000
2014/05/12,0,557876,-1911504,-1353628
2014/05/13,0,3555000,-1939000,1616000
2014/05/14,0,4335000,-3173000,1162000
2014/05/15,0,853040,-607000,246040
2014/05/16,0,1443000,-1830000,-387000
2014/05/19,0,1169150,-1682018,-512868
2014/05/20,0,1943000,-3181588,-1238588
2014/05/21,0,1379000,-499000,880000
2014/05/22,0,1922000,-444000,1478000
2014/05/23,0,2503000,-2530580,-27580
2014/05/26,0,622000,-392050,229950
2014/05/27,0,704000,-144070,559930
2014/05/28,0,4148000,-2293030,1854970
2014/05/29,0,3479000,-1103586,2375414
2014/05/30,0,5038100,-7065642,-2027542
2014/06/03,0,2438000,-1505097,932903
2014/06/04,0,2760000,-3150668,-390668
2014/06/05,0,1013000,-2453900,-1440900
2014/06/06,0,745000,-726220,18780
2014/06/09,0,1402000,-1082870,319130
2014/06/10,0,4151281,-546300,3604981
2014/06/11,0,969000,-1817890,-848890
2014/06/12,0,1530290,-821000,709290
2014/06/13,0,958000,-1131686,-173686
2014/06/16,0,921000,-1412360,-491360
2014/06/17,0,2052000,-926880,1125120
2014/06/18,0,7521300,-814135,6707165
2014/06/19,0,2083021,-486000,1597021
2014/06/20,0,2662500,-2635000,27500
2014/06/23,0,2028000,-570247,1457753
2014/06/24,0,3780000,-623644,3156356
2014/06/25,0,2347850,-1150934,1196916
2014/06/26,0,2700222,-560520,2139702
2014/06/27,0,1338000,-1516494,-178494
2014/06/30,0,1913000,-1682650,230350
2014/07/01,0,4956000,-313000,4643000
2014/07/02,0,7137751,-967538,6170213
2014/07/03,0,940000,-1416000,-476000
2014/07/04,0,2511384,-1556170,955214
2014/07/07,0,2240847,-840000,1400847
2014/07/08,0,1632783,-1418000,214783
2014/07/09,0,2254220,-156000,2098220
2014/07/10,0,2388958,-1118030,1270928
2014/07/11,0,4294855,-955000,3339855
2014/07/14,0,3237000,-2137000,1100000
2014/07/15,0,4153421,-1999000,2154421
2014/07/16,0,4056000,-2624000,1432000
2014/07/17,0,2676381,-681000,1995381
2014/07/18,0,3122000,-1587000,1535000
2014/07/21,0,3074000,-1272000,1802000
2014/07/22,0,4372000,-879000,3493000
2014/07/23,0,0,0,0
2014/07/24,0,1970583,-602000,1368583
2014/07/25,0,1657000,-298000,1359000
2014/07/28,0,3779140,-264140,3515000
2014/07/29,0,7455000,-1102000,6353000
2014/07/30,0,4451000,-1537000,2914000
2014/07/31,0,3451000,-4269000,-818000
2014/08/01,0,2241000,-986000,1255000
2014/08/04,0,2039147,-4488225,-2449078
2014/08/05,0,2937000,-7220642,-4283642
2014/08/06,0,4025000,-1328000,2697000
2014/08/07,0,915925,-2710523,-1794598
2014/08/08,0,1258000,-1855544,-597544
2014/08/11,0,366000,-1260735,-894735
2014/08/12,0,1938000,-2365558,-427558
2014/08/13,0,2955000,-693000,2262000
2014/08/14,0,2034000,-1858000,176000
2014/08/15,0,2911000,-1868000,1043000
2014/08/18,0,836000,-920000,-84000
2014/08/19,0,3391873,-893000,2498873
2014/08/20,0,3903637,-2613000,1290637
2014/08/21,0,1952000,-927000,1025000
2014/08/22,0,7233980,-997360,6236620
2014/08/25,0,2536000,-618224,1917776
2014/08/26,0,1546981,-545000,1001981
2014/08/27,0,5150000,-1618000,3532000
2014/08/28,0,3397594,-678847,2718747
2014/08/29,0,3321000,-3893000,-572000
2014/09/01,0,3971000,-1505000,2466000
2014/09/02,0,2411000,-1759000,652000
2014/09/03,0,3169676,-777370,2392306
2014/09/04,0,1124378,-1607000,-482622
2014/09/05,0,1250000,-302000,948000
2014/09/09,0,1322093,-95000,1227093
2014/09/10,0,709140,-3891350,-3182210
2014/09/11,0,1534000,-1171000,363000
2014/09/12,0,1313421,-1074000,239421
2014/09/15,0,3656000,-2086000,1570000
2014/09/16,0,1544424,-2654000,-1109576
2014/09/17,0,4912000,-5699000,-787000
2014/09/18,0,3582701,-1605080,1977621
2014/09/19,0,1953000,-1898920,54080
2014/09/22,0,2596000,-4933000,-2337000
2014/09/23,0,1566000,-4226070,-2660070
2014/09/24,0,2905508,-2533000,372508
2014/09/25,0,4047000,-2564282,1482718
2014/09/26,0,5857512,-1674707,4182805
2014/09/29,0,6281000,-7424000,-1143000
2014/09/30,0,6110000,-6753185,-643185
2014/10/01,0,4126000,-5632000,-1506000
2014/10/02,0,3665000,-4686500,-1021500
2014/10/03,0,1732876,-3574000,-1841124
2014/10/06,0,2271537,-5946190,-3674653
2014/10/07,0,3974000,-4225430,-251430
2014/10/08,0,4370190,-6782190,-2412000
2014/10/09,0,2173912,-1820300,353612
2014/10/13,0,2570000,-2396000,174000
2014/10/14,0,2919000,-2839000,80000
2014/10/15,0,5934000,-10030000,-4096000
2014/10/16,0,2762000,-6265692,-3503692
2014/10/17,0,11800000,-18488139,-6688139
2014/10/20,0,2224400,-3138034,-913634
2014/10/21,0,1203000,-2701804,-1498804
2014/10/22,0,1498876,-1490408,8468
2014/10/23,0,1236876,-1456000,-219124
2014/10/24,0,1204000,-3173813,-1969813
2014/10/27,0,1516000,-1596000,-80000
2014/10/28,0,5006000,-4001000,1005000
2014/10/29,0,2972627,-6281000,-3308373
2014/10/30,0,2258503,-2611226,-352723
2014/10/31,0,2749000,-3770400,-1021400
2014/11/03,0,1445932,-1413000,32932
2014/11/04,0,1900000,-1039000,861000
2014/11/05,0,1510000,-2931784,-1421784
2014/11/06,0,1793100,-1341000,452100
2014/11/07,0,508000,-1098140,-590140
2014/11/10,0,4323365,-1068100,3255265
2014/11/11,0,1640362,-1372000,268362
2014/11/12,0,1028359,-4094467,-3066108
2014/11/13,0,1859334,-2093100,-233766
2014/11/14,0,1362331,-2061930,-699599
2014/11/17,0,682327,-2515204,-1832877
2014/11/18,0,2628816,-2056000,572816
2014/11/19,0,6685888,-6517850,168038
2014/11/20,0,2625307,-1251000,1374307
2014/11/21,0,2848304,-1384000,1464304
2014/11/24,0,2350302,-1738410,611892
2014/11/25,0,5548167,-5892799,-344632
2014/11/26,0,1202316,-2033000,-830684
2014/11/27,0,1349313,-710000,639313
2014/11/28,0,2856311,-1511000,1345311
2014/12/01,0,697000,-3740667,-3043667
2014/12/02,0,2328000,-4244000,-1916000
2014/12/03,0,1943028,-1351000,592028
2014/12/04,0,6266000,-4421000,1845000
2014/12/05,0,2029000,-1292000,737000
2014/12/08,0,1193000,-1036000,157000
2014/12/09,0,790063,-1441900,-651837
2014/12/10,0,1208138,-4315000,-3106862
2014/12/11,0,1593000,-3924551,-2331551
2014/12/12,0,592529,-3227106,-2634577
2014/12/15,0,1757000,-5764000,-4007000
2014/12/16,0,3578000,-4590150,-1012150
2014/12/17,0,2204342,-9586210,-7381868
2014/12/18,0,1413501,-4542483,-3128982
2014/12/19,0,3382251,-4214605,-832354
2014/12/22,0,1678334,-726000,952334
2014/12/23,0,1394398,-1227761,166637
2014/12/24,0,1667000,-1110000,557000
2014/12/25,0,534000,-274000,260000
2014/12/26,0,1245000,-400000,845000
2014/12/29,0,3242000,-931000,2311000
2014/12/30,0,1924014,-1994000,-69986
2014/12/31,0,1170000,-1187000,-17000
2015/01/01,0,0,0,0
2015/01/02,0,0,0,0
2015/01/05,0,1312986,-3835000,-2522014
2015/01/06,0,1671000,-5166000,-3495000
2015/01/07,0,1356190,-5535000,-4178810
2015/01/08,0,2563448,-1847176,716272
2015/01/09,0,1037362,-1682381,-645019
2015/01/12,0,646000,-3501000,-2855000
2015/01/13,0,3437000,-3101534,335466
2015/01/14,0,1845000,-4899228,-3054228
2015/01/15,0,1217000,-2768631,-1551631
2015/01/16,0,1328000,-5435247,-4107247
2015/01/19,0,3448000,-1013000,2435000
2015/01/20,0,4337545,-1465000,2872545
2015/01/21,0,3532000,-708378,2823622
2015/01/22,0,2741000,-2190000,551000
2015/01/23,0,3510000,-888861,2621139
2015/01/26,0,1178000,-1388351,-210351
2015/01/27,0,2388000,-1236464,1151536
2015/01/28,0,3863000,-647000,3216000
2015/01/29,0,2941000,-3111080,-170080
2015/01/30,0,3676000,-7839990,-4163990
2015/02/02,0,3868152,-414360,3453792
2015/02/03,0,4022848,-1702560,2320288
2015/02/04,0,7905000,-2626000,5279000
2015/02/05,0,6850000,-1935000,4915000
2015/02/06,0,5575000,-1333430,4241570
2015/02/09,0,6989588,-1033000,5956588
2015/02/10,0,5497000,-1410000,4087000
2015/02/11,0,4364756,-2871000,1493756
2015/02/12,0,3485000,-2252000,1233000
2015/02/13,0,8848000,-4110468,4737532
2015/02/16,0,0,0,0
2015/02/17,0,0,0,0
2015/02/18,0,0,0,0
2015/02/19,0,0,0,0
2015/02/20,0,0,0,0
2015/02/23,0,0,0,0
2015/02/24,0,8163000,-1525905,6637095
2015/02/25,0,4537000,-1044524,3492476
2015/02/26,0,3952000,-3148830,803170
2015/02/27,0,0,0,0
2015/03/02,0,4529000,-2377627,2151373
2015/03/03,0,5210966,-2236000,2974966
2015/03/04,0,1618000,-834000,784000
2015/03/05,0,2468000,-1855000,613000
2015/03/06,0,6604000,-3164000,3440000
2015/03/09,0,2675000,-2420000,255000
2015/03/10,0,3206437,-3132039,74398
2015/03/11,0,2552000,-3602000,-1050000
2015/03/12,0,4590870,-2110000,2480870
2015/03/13,0,3617000,-4661820,-1044820
2015/03/16,0,2528000,-1700240,827760
2015/03/17,0,4107000,-1267000,2840000
2015/03/18,0,7524000,-1999003,5524997
2015/03/19,0,6516000,-2513000,4003000
2015/03/20,0,4569000,-5531244,-962244
2015/03/23,0,1063000,-738000,325000
2015/03/24,0,2138515,-2161575,-23060
2015/03/25,0,2528000,-1372000,1156000
2015/03/26,0,5183000,-1358000,3825000
2015/03/27,0,4006000,-3479780,526220
2015/03/30,0,4122944,-1915944,2207000
2015/03/31,0,4514000,-2823000,1691000
2015/04/01,0,3681000,-4561000,-880000
2015/04/02,0,4310491,-968700,3341791
2015/04/03,0,0,0,0
2015/04/06,0,0,0,0
2015/04/07,0,2422000,-1077000,1345000
2015/04/08,0,6979000,-9592000,-2613000
2015/04/09,0,3094000,-1139000,1955000
2015/04/10,0,3644620,-305000,3339620
2015/04/13,0,7304380,-1791000,5513380
2015/04/14,0,8649000,-5813000,2836000
2015/04/15,0,13753000,-8235940,5517060
2015/04/16,0,11828000,-2053000,9775000
2015/04/17,0,10579563,-3560800,7018763
2015/04/20,0,5293000,-1771992,3521008
2015/04/21,0,7348000,-1757000,5591000
2015/04/22,0,13269000,-7515973,5753027
2015/04/23,0,10713000,-1484682,9228318
2015/04/24,0,14293000,-3557000,10736000
2015/04/27,0,7111000,-4949690,2161310
2015/04/28,0,6222000,-2424981,3797019
2015/04/29,0,7179000,-1996744,5182256
2015/04/30,0,8981000,-6804915,2176085
2015/05/01,0,0,0,0
2015/05/04,0,4390000,-639821,3750179
2015/05/05,0,4329000,-644000,3685000
2015/05/06,0,5845000,-2236000,3609000
2015/05/07,0,2657000,-4497000,-1840000
2015/05/08,0,4590515,-1647000,2943515
2015/05/11,0,3031000,-1305000,1726000
2015/05/12,0,5268662,-1173000,4095662
2015/05/13,0,2743000,-2292000,451000
2015/05/14,0,3296000,-4015000,-719000
2015/05/15,0,2024000,-2162579,-138579
2015/05/18,0,2235000,-910000,1325000
2015/05/19,0,2321515,-865000,1456515
2015/05/20,0,3229000,-3093000,136000
2015/05/21,0,3222900,-5936472,-2713572
2015/05/22,0,5625000,-1366000,4259000
2015/05/25,0,875000,-2190000,-1315000
2015/05/26,0,1203000,-863403,339597
2015/05/27,0,2424000,-1676904,747096
2015/05/28,0,3139164,-5802563,-2663399
2015/05/29,0,6204247,-6421329,-217082
2015/06/01,0,885000,-2799000,-1914000
2015/06/02,0,3382414,-2753000,629414
2015/06/03,0,2207000,-3359192,-1152192
2015/06/04,0,2264000,-6709268,-4445268
2015/06/05,0,939000,-4542640,-3603640
2015/06/08,0,1820000,-4121747,-2301747
2015/06/09,0,1650550,-2645632,-995082
2015/06/10,0,1968872,-2997000,-1028128
2015/06/11,0,1826000,-3914880,-2088880
2015/06/12,0,1303800,-3131442,-1827642
2015/06/15,0,628000,-1898000,-1270000
2015/06/16,0,2985000,-3325000,-340000
2015/06/17,0,3167000,-5478740,-2311740
2015/06/18,0,4206000,-5979212,-1773212
2015/06/19,0,0,0,0
2015/06/22,0,2615272,-1744069,871203
2015/06/23,0,1166000,-3539000,-2373000
2015/06/24,0,1702849,-2569555,-866706
2015/06/25,0,4325661,-3213000,1112661
2015/06/26,0,1649000,-2703000,-1054000
2015/06/29,0,1122000,-2118000,-996000
2015/06/30,0,3915000,-3251056,663944
2015/07/01,0,4110000,-2465864,1644136
2015/07/02,0,1592860,-3717000,-2124140
2015/07/03,0,2109000,-5504000,-3395000
2015/07/06,0,2074000,-3957000,-1883000
2015/07/07,0,2951000,-3961489,-1010489
2015/07/08,0,2370000,-8559000,-6189000
2015/07/09,0,1834000,-6159000,-4325000
2015/07/10,0,0,0,0
2015/07/13,0,2388642,-3899966,-1511324
2015/07/14,0,3450000,-2381000,1069000
2015/07/15,0,5250000,-3291351,1958649
2015/07/16,0,2490000,-4225189,-1735189
2015/07/17,0,2034863,-2721030,-686167
2015/07/20,0,1448275,-2343000,-894725
2015/07/21,0,2403472,-1490000,913472
2015/07/22,0,2595000,-3302990,-707990
2015/07/23,0,2775350,-2014000,761350
2015/07/24,0,1339491,-1706000,-366509
2015/07/27,0,2138000,-4044000,-1906000
2015/07/28,0,3476504,-6582000,-3105496
2015/07/29,0,3496000,-2893644,602356
2015/07/30,0,2573000,-2482000,91000
2015/07/31,0,3734174,-4588760,-854586
2015/08/03,0,1840946,-4812000,-2971054
2015/08/04,0,3246000,-2377340,868660
2015/08/05,0,1374123,-2465379,-1091256
2015/08/06,0,1152000,-1851000,-699000
2015/08/07,0,892000,-1845000,-953000
2015/08/10,0,280000,-560000,-280000
2015/08/11,0,2803000,-6536000,-3733000
2015/08/12,0,3708000,-2734426,973574
2015/08/13,0,4366000,-7028378,-2662378
2015/08/14,0,3472300,-3954000,-481700
2015/08/17,0,2406076,-2524641,-118565
2015/08/18,0,2887000,-3908000,-1021000
2015/08/19,0,4828275,-6521363,-1693088
2015/08/20,0,2777000,-6096209,-3319209
2015/08/21,0,6000000,-5264207,735793
2015/08/24,0,6646000,-8769000,-2123000
2015/08/25,0,4097194,-6924603,-2827409
2015/08/26,0,3771000,-7019588,-3248588
2015/08/27,0,4815000,-7278000,-2463000
2015/08/28,0,3350000,-3794009,-444009
2015/08/31,0,8468000,-8647448,-179448
2015/09/01,0,3559152,-6151967,-2592815
2015/09/02,0,3802000,-4305337,-503337
2015/09/03,0,1856000,-1778000,78000
2015/09/04,0,778563,-3955184,-3176621
2015/09/07,0,645000,-2499603,-1854603
2015/09/08,0,690000,-3146445,-2456445
2015/09/09,0,6471126,-4008798,2462328
2015/09/10,0,3546874,-4063343,-516469
2015/09/11,0,1304000,-1214000,90000
2015/09/14,0,1233000,-2991545,-1758545
2015/09/15,0,1626500,-2720850,-1094350
2015/09/16,0,3442000,-4109524,-667524
2015/09/17,0,5480000,-4115000,1365000
2015/09/18,0,5179555,-4745916,433639
2015/09/21,0,1610000,-4751044,-3141044
2015/09/22,0,1306161,-1492719,-186558
2015/09/23,0,833000,-5588560,-4755560
2015/09/24,0,899105,-5921000,-5021895
2015/09/25,0,2865000,-4266380,-1401380
2015/09/28,0,0,0,0
2015/09/29,0,0,0,0
2015/09/30,0,5745993,-10457316,-4711323
2015/10/01,0,5009000,-7183000,-2174000
2015/10/02,0,2850447,-5239000,-2388553
2015/10/05,0,2360000,-1452912,907088
2015/10/06,0,3691000,-2668600,1022400
2015/10/07,0,4019870,-2433000,1586870
2015/10/08,0,2149000,-2773000,-624000
2015/10/09,0,0,0,0
2015/10/12,0,6353914,-4308261,2045653
2015/10/13,0,5061032,-3622640,1438392
2015/10/14,0,5354000,-4982210,371790
2015/10/15,0,5860000,-2365412,3494588
2015/10/16,0,2813000,-2269000,544000
2015/10/19,0,3498000,-779280,2718720
2015/10/20,0,4149000,-1711000,2438000
2015/10/21,0,6339000,-1665000,4674000
2015/10/22,0,2546000,-2723682,-177682
2015/10/23,0,6133000,-261350,5871650
2015/10/26,0,4909002,-1011522,3897480
2015/10/27,0,4477700,-1141486,3336214
2015/10/28,0,2945000,-1795637,1149363
2015/10/29,0,3398499,-2362097,1036402
2015/10/30,0,5813000,-3207728,2605272
2015/11/02,0,1879000,-2136000,-257000
2015/11/03,0,4587000,-2722488,1864512
2015/11/04,0,9503000,-4217122,5285878
2015/11/05,0,1634000,-2073944,-439944
2015/11/06,0,2129000,-7002748,-4873748
2015/11/09,0,1365574,-1775000,-409426
2015/11/10,0,2425000,-4687002,-2262002
2015/11/11,0,3106715,-4595864,-1489149
2015/11/12,0,1324000,-2299000,-975000
2015/11/13,0,2215447,-4261407,-2045960
2015/11/16,0,2619000,-3777000,-1158000
2015/11/17,0,2309000,-2160120,148880
2015/11/18,0,2555000,-4088000,-1533000
2015/11/19,0,3073000,-2507000,566000
2015/11/20,0,1190000,-2182000,-992000
2015/11/23,0,2025091,-2324000,-298909
2015/11/24,0,2073000,-4843855,-2770855
2015/11/25,0,1480821,-2531821,-1051000
2015/11/26,0,3226000,-1724400,1501600
2015/11/27,0,1054000,-3080797,-2026797
2015/11/30,0,11913651,-19447816,-7534165
2015/12/01,0,5387000,-3157250,2229750
2015/12/02,0,3141000,-3687000,-546000
2015/12/03,0,2885000,-2706657,178343
2015/12/04,0,1270000,-6337601,-5067601
2015/12/07,0,3401000,-2099601,1301399
2015/12/08,0,543000,-5999089,-5456089
2015/12/09,0,2785000,-6721000,-3936000
2015/12/10,0,2685000,-9078000,-6393000
2015/12/11,0,3133670,-8836000,-5702330
2015/12/14,0,1850000,-3098085,-1248085
2015/12/15,0,2888000,-4724973,-1836973
2015/12/16,0,3715000,-5345000,-1630000
2015/12/17,0,2979000,-3301767,-322767
2015/12/18,0,3707714,-4116273,-408559
2015/12/21,0,1176000,-1849000,-673000
2015/12/22,0,1677834,-1958104,-280270
2015/12/23,0,1573000,-1097877,475123
2015/12/24,0,2960000,-1097000,1863000
2015/12/25,0,1439000,-480000,959000
2015/12/28,0,2095000,-1771000,324000
2015/12/29,0,1345000,-1278391,66609
2015/12/30,0,1424740,-1966668,-541928
2015/12/31,0,1966991,-3834000,-1867009
2016/01/01,0,0,0,0
2016/01/04,0,455080,-7507000,-7051920
2016/01/05,0,2653244,-2469000,184244
2016/01/06,0,2409713,-3933000,-1523287
2016/01/07,0,1924560,-5181166,-3256606
2016/01/08,0,1729000,-5213232,-3484232
2016/01/11,0,1271850,-5683000,-4411150
2016/01/12,0,2201000,-5829375,-3628375
2016/01/13,0,2713121,-7936275,-5223154
2016/01/14,0,2797234,-10393000,-7595766
2016/01/15,0,816000,-8512927,-7696927
2016/01/18,0,4294515,-5900000,-1605485
2016/01/19,0,2308000,-3622127,-1314127
2016/01/20,0,4669550,-6232000,-1562450
2016/01/21,0,2912775,-4823000,-1910225
2016/01/22,0,2813000,-2810724,2276
2016/01/25,0,2901000,-2880000,21000
2016/01/26,0,1215000,-2684000,-1469000
2016/01/27,0,1606000,-2141730,-535730
2016/01/28,0,3750000,-2334344,1415656
2016/01/29,0,6859468,-2861959,3997509
2016/02/01,0,2610000,-1671000,939000
2016/02/02,0,3320936,-1994012,1326924
2016/02/03,0,2341000,-3836519,-1495519
2016/02/04,0,0,0,0
2016/02/05,0,0,0,0
2016/02/08,0,0,0,0
2016/02/09,0,0,0,0
2016/02/10,0,0,0,0
2016/02/11,0,0,0,0
2016/02/12,0,0,0,0
2016/02/15,0,4555491,-4279361,276130
2016/02/16,0,10269000,-8563941,1705059
2016/02/17,0,2152982,-787000,1365982
2016/02/18,0,4887000,-1791804,3095196
2016/02/19,0,2386550,-784206,1602344
2016/02/22,0,1475000,-1128085,346915
2016/02/23,0,2214998,-2300000,-85002
2016/02/24,0,2797000,-983574,1813426
2016/02/25,0,3410330,-5460000,-2049670
2016/02/26,0,6571843,-5125150,1446693
2016/02/29,0,0,0,0
2016/03/01,0,4871266,-3138930,1732336
2016/03/02,0,1991425,-1232734,758691
2016/03/03,0,7925070,-1801000,6124070
2016/03/04,0,4466000,-1365835,3100165
2016/03/07,0,4930000,-1408037,3521963
2016/03/08,0,4196131,-1954763,2241368
2016/03/09,0,3299568,-1557000,1742568
2016/03/10,0,4039000,-1842000,2197000
2016/03/11,0,5067000,-1159000,3908000
2016/03/14,0,4290000,-769600,3520400
2016/03/15,0,3608000,-1131000,2477000
2016/03/16,0,5046000,-929907,4116093
2016/03/17,0,5667090,-2988000,2679090
2016/03/18,0,12305000,-5681228,6623772
2016/03/21,0,3976000,-1714000,2262000
2016/03/22,0,3935128,-2120277,1814851
2016/03/23,0,3023600,-914000,2109600
2016/03/24,0,4209000,-922000,3287000
2016/03/25,0,455000,-407000,48000
2016/03/28,0,1953000,-231000,1722000
2016/03/29,0,2626000,-677320,1948680
2016/03/30,0,7396000,-1094065,6301935
2016/03/31,0,8540000,-4739000,3801000
2016/04/01,0,4102332,-3703000,399332
2016/04/04,0,0,0,0
2016/04/05,0,0,0,0
2016/04/06,0,5357084,-5063210,293874
2016/04/07,0,5400535,-6473000,-1072465
2016/04/08,0,4806000,-3107000,1699000
2016/04/11,0,1728000,-1384500,343500
2016/04/12,0,1958000,-955000,1003000
2016/04/13,0,4884000,-2148000,2736000
2016/04/14,0,4298000,-1861215,2436785
2016/04/15,0,6216195,-346000,5870195
2016/04/18,0,3145030,-543000,2602030
2016/04/19,0,3215000,-1677000,1538000
2016/04/20,0,3847054,-2648000,1199054
2016/04/21,0,2290922,-785000,1505922
2016/04/22,0,4828545,-882940,3945605
2016/04/25,0,2436903,-909700,1527203
2016/04/26,0,3377960,-1396000,1981960
2016/04/27,0,6990000,-3548000,3442000
2016/04/28,0,3276078,-4971000,-1694922
2016/04/29,0,2353000,-3703800,-1350800
2016/05/02,0,0,0,0
2016/05/03,0,1308000,-3292000,-1984000
2016/05/04,0,2205000,-6096750,-3891750
2016/05/05,0,2316000,-5707830,-3391830
2016/05/06,0,4320090,-8463000,-4142910
2016/05/09,0,3966000,-3914000,52000
2016/05/10,0,3599545,-5280000,-1680455
2016/05/11,0,4062643,-5233000,-1170357
2016/05/12,0,625000,-2373000,-1748000
2016/05/13,0,754500,-8126403,-7371903
2016/05/16,0,1560500,-3582000,-2021500
2016/05/17,0,778000,-5094971,-4316971
2016/05/18,0,2830947,-5121000,-2290053
2016/05/19,0,1677000,-6034402,-4357402
2016/05/20,0,1333000,-5117479,-3784479
2016/05/23,0,3014385,-1983000,1031385
2016/05/24,0,1024758,-2619000,-1594242
2016/05/25,0,1691545,-2701000,-1009455
2016/05/26,0,532000,-2031000,-1499000
2016/05/27,0,1901000,-2712272,-811272
2016/05/30,0,3651000,-1184654,2466346
2016/05/31,0,10560000,-11511475,-951475
2016/06/01,0,4100000,-4727150,-627150
2016/06/02,0,3764402,-4670200,-905798
2016/06/03,0,3439000,-2807000,632000
2016/06/06,0,2051000,-3305620,-1254620
2016/06/07,0,4936424,-1587000,3349424
2016/06/08,0,5000100,-4643200,356900
2016/06/09,0,0,0,0
2016/06/10,0,0,0,0
2016/06/13,0,2507000,-5071074,-2564074
2016/06/14,0,3208764,-2609000,599764
2016/06/15,0,1705172,-1726219,-21047
2016/06/16,0,1303062,-6080000,-4776938
2016/06/17,0,4141000,-3581350,559650
2016/06/20,0,2747000,-1211589,1535411
2016/06/21,0,3053000,-1683000,1370000
2016/06/22,0,2739274,-2159000,580274
2016/06/23,0,924406,-925000,-594
2016/06/24,0,3446446,-5899525,-2453079
2016/06/27,0,157000,-975000,-818000
2016/06/28,0,1712000,-2767000,-1055000
2016/06/29,0,2139000,-981000,1158000
2016/06/30,0,5236000,-4801237,434763
2016/07/01,0,4955000,-1024320,3930680
2016/07/04,0,1738000,-565000,1173000
2016/07/05,0,886000,-1530000,-644000
2016/07/06,0,1294000,-6146000,-4852000
2016/07/07,0,2672000,-1238286,1433714
2016/07/08,0,0,0,0
2016/07/11,0,5380000,-2339280,3040720
2016/07/12,0,6681000,-1708609,4972391
2016/07/13,0,3653000,-1447724,2205276
2016/07/14,0,4571000,-1588000,2983000
2016/07/15,0,7271406,-2584906,4686500
2016/07/18,0,4046000,-3004060,1041940
2016/07/19,0,6717000,-2562200,4154800
2016/07/20,0,4874000,-4507000,367000
2016/07/21,0,6001201,-2676126,3325075
2016/07/22,0,5616000,-5241668,374332
2016/07/25,0,4515000,-1943948,2571052
2016/07/26,0,3012000,-1906000,1106000
2016/07/27,0,2063000,-2480000,-417000
2016/07/28,0,3758000,-2721000,1037000
2016/07/29,0,1607000,-3357000,-1750000
2016/08/01,0,4051872,-2704000,1347872
2016/08/02,0,1611000,-1780680,-169680
2016/08/03,0,1092000,-3766200,-2674200
2016/08/04,0,2218000,-3439336,-1221336
2016/08/05,0,3847840,-1659000,2188840
2016/08/08,0,2035703,-1556473,479230
2016/08/09,0,2764000,-2199462,564538
2016/08/10,0,4376000,-2100639,2275361
2016/08/11,0,2790000,-1492000,1298000
2016/08/12,0,3448300,-1471300,1977000
2016/08/15,0,2800000,-814000,1986000
2016/08/16,0,2817000,-3161442,-344442
2016/08/17,0,2319118,-1414030,905088
2016/08/18,0,1535650,-1165631,370019
2016/08/19,0,2142401,-2613000,-470599
2016/08/22,0,1321000,-2066147,-745147
2016/08/23,0,1398000,-808000,590000
2016/08/24,0,1069784,-1068000,1784
2016/08/25,0,2579000,-1204000,1375000
2016/08/26,0,1542256,-533764,1008492
2016/08/29,0,1317000,-1861000,-544000
2016/08/30,0,1635901,-1422000,213901
2016/08/31,0,4032478,-5961000,-1928522
2016/09/01,0,897713,-5072520,-4174807
2016/09/02,0,1386604,-1377000,9604
2016/09/05,0,1699000,-395000,1304000
2016/09/06,0,4120307,-1084000,3036307
2016/09/07,0,1934000,-1169000,765000
2016/09/08,0,1187000,-2410000,-1223000
2016/09/09,0,996000,-3968000,-2972000
2016/09/12,0,349274,-6477482,-6128208
2016/09/13,0,2875000,-7774000,-4899000
2016/09/14,0,3203295,-9104232,-5900937
2016/09/15,0,0,0,0
2016/09/16,0,0,0,0
2016/09/19,0,1956000,-6738000,-4782000
2016/09/20,0,1090887,-3955329,-2864442
2016/09/21,0,2727000,-3413580,-686580
2016/09/22,0,1707505,-1005000,702505
2016/09/23,0,3320069,-2682420,637649
2016/09/26,0,815000,-1154000,-339000
2016/09/27,0,0,0,0
2016/09/28,0,0,0,0
2016/09/29,0,6428604,-3625999,2802605
2016/09/30,0,1897600,-5911791,-4014191
2016/10/03,0,1070945,-2246000,-1175055
2016/10/04,0,2898058,-1227320,1670738
2016/10/05,0,448000,-820000,-372000
2016/10/06,0,1439541,-1189000,250541
2016/10/07,0,1602771,-1527000,75771
2016/10/10,0,0,0,0
2016/10/11,0,2771000,-4495000,-1724000
2016/10/12,0,2755000,-3008212,-253212
2016/10/13,0,2533000,-6181882,-3648882
2016/10/14,0,1845000,-2105329,-260329
2016/10/17,0,2620000,-3355540,-735540
2016/10/18,0,2998982,-751000,2247982
2016/10/19,0,2929491,-3328000,-398509
2016/10/20,0,3244000,-2613822,630178
2016/10/21,0,11655000,-9834000,1821000
2016/10/24,0,1297000,-2637000,-1340000
2016/10/25,0,2006654,-1262000,744654
2016/10/26,0,3507000,-2444304,1062696
2016/10/27,0,3229336,-3165000,64336
2016/10/28,0,3736000,-2308431,1427569
2016/10/31,0,2865517,-3459000,-593483
2016/11/01,0,712000,-1635230,-923230
2016/11/02,0,1024770,-1584281,-559511
2016/11/03,0,1646000,-2484928,-838928
2016/11/04,0,1975000,-1819000,156000
2016/11/07,0,856000,-1645992,-789992
2016/11/08,0,2632670,-1218000,1414670
2016/11/09,0,3727000,-5433000,-1706000
2016/11/10,0,3279000,-1836000,1443000
2016/11/11,0,1209800,-7657197,-6447397
2016/11/14,0,1751000,-6181645,-4430645
2016/11/15,0,1420000,-3328364,-1908364
2016/11/16,0,940000,-2600562,-1660562
2016/11/17,0,1597000,-2478000,-881000
2016/11/18,0,953000,-4224198,-3271198
2016/11/21,0,496000,-1529951,-1033951
2016/11/22,0,3029000,-1060504,1968496
2016/11/23,0,1749000,-364826,1384174
2016/11/24,0,1539000,-726000,813000
2016/11/25,0,991000,-433804,557196
2016/11/28,0,2309000,-309000,2000000
2016/11/29,0,2857000,-2204000,653000
2016/11/30,0,7191400,-5152025,2039375
2016/12/01,0,5255564,-3003400,2252164
2016/12/02,0,2207000,-2884130,-677130
2016/12/05,0,2460000,-2481359,-21359
2016/12/06,0,3559896,-1733000,1826896
2016/12/07,0,945000,-1420000,-475000
2016/12/08,0,6369000,-1058000,5311000
2016/12/09,0,3423499,-1664223,1759276
2016/12/12,0,1816484,-2119000,-302516
2016/12/13,0,2788750,-1668718,1120032
2016/12/14,0,2417500,-1263000,1154500
2016/12/15,0,6335000,-7798000,-1463000
2016/12/16,0,7312711,-5377133,1935578
2016/12/19,0,4408958,-1036580,3372378
2016/12/20,0,2187957,-1196649,991308
2016/12/21,0,3170000,-1082590,2087410
2016/12/22,0,2328180,-2545000,-216820
2016/12/23,0,5365000,-1967000,3398000
2016/12/26,0,1089000,-222000,867000
2016/12/27,0,839000,-325000,514000
2016/12/28,0,2607000,-583969,2023031
2016/12/29,0,3943319,-2637830,1305489
2016/12/30,0,3245000,-1205000,2040000
2017/01/02,0,0,0,0
2017/01/03,0,1875000,-1388000,487000
2017/01/04,0,4361000,-1857387,2503613
2017/01/05,0,5922630,-1404500,4518130
2017/01/06,0,1923000,-1341000,582000
2017/01/09,0,2476998,-1530000,946998
2017/01/10,0,2239000,-1445000,794000
2017/01/11,0,2793980,-1947000,846980
2017/01/12,0,7120701,-962000,6158701
2017/01/13,0,3975310,-1817000,2158310
2017/01/16,0,912000,-1106000,-194000
2017/01/17,0,2010221,-304000,1706221
2017/01/18,0,5059418,-3106788,1952630
2017/01/19,0,2428000,-2919867,-491867
2017/01/20,0,1996340,-3027806,-1031466
2017/01/23,0,5541000,-2266425,3274575
2017/01/24,0,3749257,-1991706,1757551
2017/01/25,0,0,0,0
2017/01/26,0,0,0,0
2017/01/27,0,0,0,0
2017/01/30,0,0,0,0
2017/01/31,0,0,0,0
2017/02/01,0,0,0,0
2017/02/02,0,12124670,-9904015,2220655
2017/02/03,0,4193000,-3511570,681430
2017/02/06,0,2387000,-1977344,409656
2017/02/07,0,2594358,-1001397,1592961
2017/02/08,0,3144012,-3957387,-813375
2017/02/09,0,3085205,-784000,2301205
2017/02/10,0,5100800,-1146880,3953920
2017/02/13,0,2653591,-1056644,1596947
2017/02/14,0,3151000,-3496562,-345562
2017/02/15,0,5482975,-3941997,1540978
2017/02/16,0,2987000,-1527000,1460000
2017/02/17,0,3477000,-3727041,-250041
2017/02/20,0,2537000,-2874000,-337000
2017/02/21,0,7272000,-2740000,4532000
2017/02/22,0,2585046,-1894357,690689
2017/02/23,0,4284000,-4038428,245572
2017/02/24,0,1707203,-2778951,-1071748
2017/02/27,0,0,0,0
2017/02/28,0,0,0,0
2017/03/01,0,2670750,-5726725,-3055975
2017/03/02,0,7161000,-6095060,1065940
2017/03/03,0,4578191,-5558072,-979881
2017/03/06,0,4426366,-3263520,1162846
2017/03/07,0,1950550,-1004262,946288
2017/03/08,0,1079678,-2781910,-1702232
2017/03/09,0,2913000,-7788565,-4875565
2017/03/10,0,2742930,-2319000,423930
2017/03/13,0,1413260,-2267590,-854330
2017/03/14,0,3837490,-3851442,-13952
2017/03/15,0,2287060,-2692784,-405724
2017/03/16,0,4663400,-1364489,3298911
2017/03/17,0,7889892,-9983039,-2093147
2017/03/20,0,2201000,-2038622,162378
2017/03/21,0,4244180,-1123730,3120450
2017/03/22,0,2167000,-2149609,17391
2017/03/23,0,1219893,-582078,637815
2017/03/24,0,1725367,-1274950,450417
2017/03/27,0,2744000,-2220337,523663
2017/03/28,0,5486000,-3165799,2320201
2017/03/29,0,2265887,-3355477,-1089590
2017/03/30,0,2216000,-2924226,-708226
2017/03/31,0,2892000,-4412300,-1520300
2017/04/03,0,0,0,0
2017/04/04,0,0,0,0
2017/04/05,0,6393833,-8362020,-1968187
2017/04/06,0,3128000,-4199000,-1071000
2017/04/07,0,1839956,-3367000,-1527044
2017/04/10,0,2557000,-2948000,-391000
2017/04/11,0,2788610,-2298062,490548
2017/04/12,0,1790000,-1439722,350278
2017/04/13,0,1942036,-1082000,860036
2017/04/14,0,529000,-1373000,-844000
2017/04/17,0,417000,-1504000,-1087000
2017/04/18,0,621000,-2117850,-1496850
2017/04/19,0,1106491,-4818904,-3712413
2017/04/20,0,1795613,-3705000,-1909387
2017/04/21,0,891000,-1517500,-626500
2017/04/24,0,7600241,-7690490,-90249
2017/04/25,0,3749922,-1055188,2694734
2017/04/26,0,7319003,-1627233,5691770
2017/04/27,0,1294864,-3031000,-1736136
2017/04/28,0,2077930,-3935000,-1857070
2017/05/01,0,0,0,0
2017/05/02,0,15215689,-14428585,787104
2017/05/03,0,1277000,-1418383,-141383
2017/05/04,0,2223000,-3225000,-1002000
2017/05/05,0,2164780,-4101000,-1936220
2017/05/08,0,1754318,-2468495,-714177
2017/05/09,0,2281106,-2595958,-314852
2017/05/10,0,2448580,-2932000,-483420
2017/05/11,0,2762070,-4218570,-1456500
2017/05/12,0,1844926,-2100000,-255074
2017/05/15,0,4188930,-3905000,283930
2017/05/16,0,4685000,-6143488,-1458488
2017/05/17,0,3207188,-3173147,34041
2017/05/18,0,1123980,-883000,240980
2017/05/19,0,506539,-2575811,-2069272
2017/05/22,0,1877356,-1987032,-109676
2017/05/23,0,1301800,-1854551,-552751
2017/05/24,0,1783290,-823000,960290
2017/05/25,0,2128000,-1471758,656242
2017/05/26,0,0,0,0
2017/05/29,0,0,0,0
2017/05/30,0,0,0,0
2017/05/31,0,15221531,-14863577,357954
2017/06/01,0,2093805,-2866000,-772195
2017/06/02,0,2005782,-2856901,-851119
2017/06/05,0,2564118,-1288000,1276118
2017/06/06,0,1920446,-2651000,-730554
2017/06/07,0,3158000,-2974195,183805
2017/06/08,0,1332280,-2020855,-688575
2017/06/09,0,7340465,-8887887,-1547422
2017/06/12,0,461128,-4131456,-3670328
2017/06/13,0,1030000,-1040507,-10507
2017/06/14,0,2062000,-1337530,724470
2017/06/15,0,1457000,-2181422,-724422
2017/06/16,0,3267418,-6030483,-2763065
2017/06/19,0,1165540,-1441009,-275469
2017/06/20,0,831748,-1228000,-396252
2017/06/21,0,4128529,-3892000,236529
2017/06/22,0,3103090,-1371696,1731394
2017/06/23,0,3203000,-1137737,2065263
2017/06/26,0,7694000,-377042,7316958
2017/06/27,0,2995981,-2831165,164816
2017/06/28,0,1667504,-1610770,56734
2017/06/29,0,1445367,-943255,502112
2017/06/30,0,2751000,-1672859,1078141
2017/07/03,0,2144000,-1943540,200460
2017/07/04,0,1404000,-2802876,-1398876
2017/07/05,0,4231000,-1753000,2478000
2017/07/06,0,2270000,-2089691,180309
2017/07/07,0,1091385,-1850033,-758648
2017/07/10,0,1835777,-2699191,-863414
2017/07/11,0,3344897,-1567120,1777777
2017/07/12,0,4821000,-3130631,1690369
2017/07/13,0,3342965,-3809770,-466805
2017/07/14,0,1389992,-2177870,-787878
2017/07/17,0,3176000,-3315000,-139000
2017/07/18,0,6447108,-1106614,5340494
2017/07/19,0,3755000,-4088000,-333000
2017/07/20,0,1938670,-1458884,479786
2017/07/21,0,1478882,-705869,773013
2017/07/24,0,3055813,-813660,2242153
2017/07/25,0,1220233,-749340,470893
2017/07/26,0,2597914,-1642433,955481
2017/07/27,0,6056000,-943000,5113000
2017/07/28,0,608244,-991770,-383526
2017/07/31,0,5072000,-3835112,1236888
2017/08/01,0,4207000,-2514000,1693000
2017/08/02,0,2177913,-2135000,42913
2017/08/03,0,3676041,-2141320,1534721
2017/08/04,0,2152000,-1691608,460392
2017/08/07,0,626197,-213467,412730
2017/08/08,0,2899488,-706000,2193488
2017/08/09,0,1776310,-738038,1038272
2017/08/10,0,2075080,-1179813,895267
2017/08/11,0,1269764,-1235000,34764
2017/08/14,0,1895000,-530773,1364227
2017/08/15,0,3569000,-733136,2835864
2017/08/16,0,3745010,-4145000,-399990
2017/08/17,0,6934520,-1508000,5426520
2017/08/18,0,4234000,-2704834,1529166
