Date,Open,Buy,Sell,Total
2007/01/02,0,0,-64000,-64000
2007/01/03,0,518000,-21030,496970
2007/01/04,0,150000,-41044,108956
2007/01/05,0,114000,-209457,-95457
2007/01/08,0,0,-65000,-65000
2007/01/09,0,130000,0,130000
2007/01/10,0,488000,-14000,474000
2007/01/11,0,109000,0,109000
2007/01/12,0,198000,-501000,-303000
2007/01/15,0,100000,-440000,-340000
2007/01/16,0,13000,0,13000
2007/01/17,0,36000,0,36000
2007/01/18,0,260000,0,260000
2007/01/19,0,0,-397000,-397000
2007/01/22,0,100000,-5000,95000
2007/01/23,0,0,-68000,-68000
2007/01/24,0,50000,-26000,24000
2007/01/25,0,248000,0,248000
2007/01/26,0,0,-20000,-20000
2007/01/29,0,0,-4000,-4000
2007/01/30,0,179000,-339000,-160000
2007/01/31,0,0,0,0
2007/02/01,0,0,-14000,-14000
2007/02/02,0,10000,0,10000
2007/02/05,0,709000,-250000,459000
2007/02/06,0,604000,-32700,571300
2007/02/07,0,40000,0,40000
2007/02/08,0,85000,0,85000
2007/02/09,0,368000,0,368000
2007/02/12,0,197000,-37000,160000
2007/02/13,0,66000,-67000,-1000
2007/02/14,0,1565000,-47000,1518000
2007/02/15,0,0,0,0
2007/02/16,0,0,0,0
2007/02/19,0,0,0,0
2007/02/20,0,0,0,0
2007/02/21,0,0,0,0
2007/02/22,0,0,0,0
2007/02/23,0,0,0,0
2007/02/26,0,100000,0,100000
2007/02/27,0,0,-114000,-114000
2007/02/28,0,0,0,0
2007/03/01,0,230000,-149000,81000
2007/03/02,0,0,0,0
2007/03/05,0,20000,-25000,-5000
2007/03/06,0,250000,-94000,156000
2007/03/07,0,0,-14000,-14000
2007/03/08,0,150000,0,150000
2007/03/09,0,0,0,0
2007/03/12,0,20000,-3000,17000
2007/03/13,0,7000,0,7000
2007/03/14,0,100000,-14000,86000
2007/03/15,0,840000,0,840000
2007/03/16,0,15000,0,15000
2007/03/19,0,50000,0,50000
2007/03/20,0,0,-17000,-17000
2007/03/21,0,0,-333000,-333000
2007/03/22,0,400000,-16000,384000
2007/03/23,0,0,-863000,-863000
2007/03/26,0,583000,0,583000
2007/03/27,0,23000,0,23000
2007/03/28,0,57000,-21000,36000
2007/03/29,0,39000,-10000,29000
2007/03/30,0,0,-16000,-16000
2007/04/02,0,0,-22000,-22000
2007/04/03,0,0,-184000,-184000
2007/04/04,0,40000,0,40000
2007/04/05,0,0,0,0
2007/04/06,0,0,0,0
2007/04/09,0,0,-6000,-6000
2007/04/10,0,87000,-9000,78000
2007/04/11,0,255000,-150000,105000
2007/04/12,0,0,-95000,-95000
2007/04/13,0,0,-36000,-36000
2007/04/16,0,150000,-216000,-66000
2007/04/17,0,0,-30000,-30000
2007/04/18,0,33000,0,33000
2007/04/19,0,0,0,0
2007/04/20,0,20000,-105000,-85000
2007/04/23,0,5000,0,5000
2007/04/24,0,87000,-349000,-262000
2007/04/25,0,0,-3000,-3000
2007/04/26,0,0,-160000,-160000
2007/04/27,0,0,-189000,-189000
2007/04/30,0,0,0,0
2007/05/01,0,0,0,0
2007/05/02,0,36000,0,36000
2007/05/03,0,0,-158000,-158000
2007/05/04,0,23000,-50000,-27000
2007/05/07,0,44000,0,44000
2007/05/08,0,0,-378450,-378450
2007/05/09,0,0,0,0
2007/05/10,0,26000,-23000,3000
2007/05/11,0,0,-166000,-166000
2007/05/14,0,0,-9000,-9000
2007/05/15,0,57000,-2000,55000
2007/05/16,0,0,-17000,-17000
2007/05/17,0,95000,-9000,86000
2007/05/18,0,0,-9000,-9000
2007/05/21,0,35000,0,35000
2007/05/22,0,196000,-85000,111000
2007/05/23,0,0,-156000,-156000
2007/05/24,0,2374000,0,2374000
2007/05/25,0,47000,0,47000
2007/05/28,0,1397000,-100000,1297000
2007/05/29,0,874000,-300000,574000
2007/05/30,0,25000,-10000,15000
2007/05/31,0,80000,-52000,28000
2007/06/01,0,0,-466000,-466000
2007/06/04,0,9000,-20000,-11000
2007/06/05,0,0,-553000,-553000
2007/06/06,0,6000,-214000,-208000
2007/06/07,0,0,0,0
2007/06/08,0,0,0,0
2007/06/11,0,0,-59000,-59000
2007/06/12,0,15000,-151000,-136000
2007/06/13,0,40000,-5000,35000
2007/06/14,0,0,-284000,-284000
2007/06/15,0,22000,-395000,-373000
2007/06/18,0,0,0,0
2007/06/19,0,0,0,0
2007/06/20,0,4000,0,4000
2007/06/21,0,30000,-13000,17000
2007/06/22,0,0,0,0
2007/06/25,0,0,-928000,-928000
2007/06/26,0,809000,-144000,665000
2007/06/27,0,3306000,-430000,2876000
2007/06/28,0,0,-350000,-350000
2007/06/29,0,0,0,0
2007/07/02,0,0,-521000,-521000
2007/07/03,0,0,-370000,-370000
2007/07/04,0,18000,-72000,-54000
2007/07/05,0,2020000,-99000,1921000
2007/07/06,0,2035000,-425000,1610000
2007/07/09,0,1903000,-72000,1831000
2007/07/10,0,55000,-195000,-140000
2007/07/11,0,0,-975000,-975000
2007/07/12,0,0,-248020,-248020
2007/07/13,0,23000,0,23000
2007/07/16,0,0,0,0
2007/07/17,0,30000,-274000,-244000
2007/07/18,0,31000,-250000,-219000
2007/07/19,0,13000,-4000,9000
2007/07/20,0,12000,-732000,-720000
2007/07/23,0,4000,0,4000
2007/07/24,0,646000,0,646000
2007/07/25,0,1218000,0,1218000
2007/07/26,0,31000,-30000,1000
2007/07/27,0,5000,-300000,-295000
2007/07/30,0,1000,0,1000
2007/07/31,0,0,-7000,-7000
2007/08/01,0,6000,-684000,-678000
2007/08/02,0,7000,-16000,-9000
2007/08/03,0,83000,0,83000
2007/08/06,0,48000,0,48000
2007/08/07,0,308000,-50000,258000
2007/08/08,0,117000,-29000,88000
2007/08/09,0,347000,0,347000
2007/08/10,0,3081000,-147000,2934000
2007/08/13,0,2189000,-23000,2166000
2007/08/14,0,2414000,-6000,2408000
2007/08/15,0,261000,0,261000
2007/08/16,0,1018000,0,1018000
2007/08/17,0,915000,-120000,795000
2007/08/20,0,102000,0,102000
2007/08/21,0,230000,0,230000
2007/08/22,0,378000,-4000,374000
2007/08/23,0,143000,0,143000
2007/08/24,0,190000,-17000,173000
2007/08/27,0,113000,-24000,89000
2007/08/28,0,160000,-8000,152000
2007/08/29,0,20000,-107000,-87000
2007/08/30,0,650000,0,650000
2007/08/31,0,900000,-124000,776000
2007/09/03,0,1767000,-34000,1733000
2007/09/04,0,426000,-10000,416000
2007/09/05,0,200000,0,200000
2007/09/06,0,41000,-71000,-30000
2007/09/07,0,246000,-49300,196700
2007/09/10,0,728000,0,728000
2007/09/11,0,330000,0,330000
2007/09/12,0,468000,-1000,467000
2007/09/13,0,23000,-734000,-711000
2007/09/14,0,89000,-40000,49000
2007/09/17,0,0,0,0
2007/09/18,0,0,0,0
2007/09/19,0,508000,0,508000
2007/09/20,0,162000,0,162000
2007/09/21,0,2048000,-135000,1913000
2007/09/24,0,0,0,0
2007/09/25,0,0,0,0
2007/09/26,0,1279000,-13000,1266000
2007/09/27,0,1153000,-21000,1132000
2007/09/28,0,649000,-915000,-266000
2007/10/01,0,1322000,-177000,1145000
2007/10/02,0,1398000,-19000,1379000
2007/10/03,0,1098000,-811000,287000
2007/10/04,0,310000,0,310000
2007/10/05,0,228000,-29000,199000
2007/10/08,0,76000,-71000,5000
2007/10/09,0,175000,-15000,160000
2007/10/10,0,0,0,0
2007/10/11,0,520000,0,520000
2007/10/12,0,242000,-37000,205000
2007/10/15,0,69000,-29000,40000
2007/10/16,0,292000,0,292000
2007/10/17,0,978000,-135000,843000
2007/10/18,0,60000,-295000,-235000
2007/10/19,0,102000,-1680000,-1578000
2007/10/22,0,188000,-300000,-112000
2007/10/23,0,171000,-14000,157000
2007/10/24,0,625000,-10000,615000
2007/10/25,0,0,-454000,-454000
2007/10/26,0,0,-5000,-5000
2007/10/29,0,825000,0,825000
2007/10/30,0,428000,-405000,23000
2007/10/31,0,847000,-20000,827000
2007/11/01,0,393000,-51000,342000
2007/11/02,0,135000,-1029000,-894000
2007/11/05,0,177000,-459000,-282000
2007/11/06,0,2000,-575000,-573000
2007/11/07,0,412000,-10000,402000
2007/11/08,0,1534000,-170000,1364000
2007/11/09,0,377000,0,377000
2007/11/12,0,39000,-91000,-52000
2007/11/13,0,416000,0,416000
2007/11/14,0,2090000,-456000,1634000
2007/11/15,0,641000,-660000,-19000
2007/11/16,0,33000,-1295000,-1262000
2007/11/19,0,668000,-2492000,-1824000
2007/11/20,0,54000,-429000,-375000
2007/11/21,0,193000,-333000,-140000
2007/11/22,0,327000,-61000,266000
2007/11/23,0,249000,0,249000
2007/11/26,0,368000,-990000,-622000
2007/11/27,0,369000,0,369000
2007/11/28,0,2000,0,2000
2007/11/29,0,6000,-120000,-114000
2007/11/30,0,121000,-220000,-99000
2007/12/03,0,200000,-25000,175000
2007/12/04,0,1000,-35000,-34000
2007/12/05,0,1000,-72000,-71000
2007/12/06,0,105000,-186000,-81000
2007/12/07,0,100000,-50000,50000
2007/12/10,0,0,0,0
2007/12/11,0,1000,-861000,-860000
2007/12/12,0,0,-60000,-60000
2007/12/13,0,227000,-30000,197000
2007/12/14,0,1999000,-260000,1739000
2007/12/17,0,413000,-2000,411000
2007/12/18,0,913000,-1438000,-525000
2007/12/19,0,1251000,-624000,627000
2007/12/20,0,52000,-1436000,-1384000
2007/12/21,0,23000,-167000,-144000
2007/12/24,0,346000,-467000,-121000
2007/12/25,0,300000,-344000,-44000
2007/12/26,0,110000,-1543000,-1433000
2007/12/27,0,53000,-18000,35000
2007/12/28,0,144000,-250000,-106000
2007/12/31,0,0,-1200000,-1200000
2008/01/01,0,0,0,0
2008/01/02,0,86000,-1174000,-1088000
2008/01/03,0,561000,-336000,225000
2008/01/04,0,520000,-544000,-24000
2008/01/07,0,277000,0,277000
2008/01/08,0,775000,-141000,634000
2008/01/09,0,2777000,-5000,2772000
2008/01/10,0,361000,-13080,347920
2008/01/11,0,2000,-591000,-589000
2008/01/14,0,26000,-579000,-553000
2008/01/15,0,521000,-964000,-443000
2008/01/16,0,502000,-428000,74000
2008/01/17,0,96000,-250000,-154000
2008/01/18,0,4000,-1275000,-1271000
2008/01/21,0,31000,-3365000,-3334000
2008/01/22,0,0,-2236000,-2236000
2008/01/23,0,137000,-53000,84000
2008/01/24,0,57000,-240000,-183000
2008/01/25,0,125000,-375000,-250000
2008/01/28,0,3000,-895000,-892000
2008/01/29,0,69000,-1782000,-1713000
2008/01/30,0,78000,-1971000,-1893000
2008/01/31,0,432000,-715000,-283000
2008/02/01,0,124000,-801000,-677000
2008/02/04,0,0,0,0
2008/02/05,0,0,0,0
2008/02/06,0,0,0,0
2008/02/07,0,0,0,0
2008/02/08,0,0,0,0
2008/02/11,0,0,0,0
2008/02/12,0,1106000,-13000,1093000
2008/02/13,0,534000,-166000,368000
2008/02/14,0,506000,-20000,486000
2008/02/15,0,491000,0,491000
2008/02/18,0,215000,-250000,-35000
2008/02/19,0,426000,-941000,-515000
2008/02/20,0,743000,-1207000,-464000
2008/02/21,0,20000,-9000,11000
2008/02/22,0,98000,-77000,21000
2008/02/25,0,5000,-104000,-99000
2008/02/26,0,40000,-3436000,-3396000
2008/02/27,0,325000,-219000,106000
2008/02/28,0,0,0,0
2008/02/29,0,20000,-207000,-187000
2008/03/03,0,2378000,-403000,1975000
2008/03/04,0,1307000,-106000,1201000
2008/03/05,0,1324000,-11000,1313000
2008/03/06,0,1000,-852000,-851000
2008/03/07,0,616000,-1365000,-749000
2008/03/10,0,13000,-613000,-600000
2008/03/11,0,821000,-550000,271000
2008/03/12,0,32000,-26000,6000
2008/03/13,0,20000,-402000,-382000
2008/03/14,0,19000,-301000,-282000
2008/03/17,0,69000,0,69000
2008/03/18,0,718000,-2508000,-1790000
2008/03/19,0,1155000,-222000,933000
2008/03/20,0,138000,0,138000
2008/03/21,0,1349000,0,1349000
2008/03/24,0,151000,-8000,143000
2008/03/25,0,30000,-435000,-405000
2008/03/26,0,188000,-240000,-52000
2008/03/27,0,15000,-199000,-184000
2008/03/28,0,19000,-67000,-48000
2008/03/31,0,11000,-550000,-539000
2008/04/01,0,7000,-718000,-711000
2008/04/02,0,6000,-15000,-9000
2008/04/03,0,4000,0,4000
2008/04/04,0,0,0,0
2008/04/07,0,280000,-1129000,-849000
2008/04/08,0,8000,-867600,-859600
2008/04/09,0,8000,-400000,-392000
2008/04/10,0,5000,0,5000
2008/04/11,0,0,-446100,-446100
2008/04/14,0,0,-5000,-5000
2008/04/15,0,2000,-1775000,-1773000
2008/04/16,0,0,-3484470,-3484470
2008/04/17,0,3000,-382000,-379000
2008/04/18,0,181000,-568000,-387000
2008/04/21,0,13000,-1400000,-1387000
2008/04/22,0,49000,-984000,-935000
2008/04/23,0,11000,-1106000,-1095000
2008/04/24,0,16000,-2470360,-2454360
2008/04/25,0,7000,-430000,-423000
2008/04/28,0,121000,-100000,21000
2008/04/29,0,11000,-1089000,-1078000
2008/04/30,0,80000,-1442000,-1362000
2008/05/01,0,0,0,0
2008/05/02,0,58000,-1448000,-1390000
2008/05/05,0,179000,-7000,172000
2008/05/06,0,44000,-460000,-416000
2008/05/07,0,34000,-179000,-145000
2008/05/08,0,18000,-977000,-959000
2008/05/09,0,21000,-903000,-882000
2008/05/12,0,27000,-8000,19000
2008/05/13,0,1118000,-28000,1090000
2008/05/14,0,58000,-443000,-385000
2008/05/15,0,16000,-94000,-78000
2008/05/16,0,0,-831000,-831000
2008/05/19,0,36000,-88000,-52000
2008/05/20,0,2043000,-28000,2015000
2008/05/21,0,0,-14000,-14000
2008/05/22,0,40000,0,40000
2008/05/23,0,11000,-7000,4000
2008/05/26,0,89000,0,89000
2008/05/27,0,709000,0,709000
2008/05/28,0,16000,-427000,-411000
2008/05/29,0,48000,0,48000
2008/05/30,0,60000,-14000,46000
2008/06/02,0,95000,-420000,-325000
2008/06/03,0,0,-552000,-552000
2008/06/04,0,12000,-426000,-414000
2008/06/05,0,6000,-62000,-56000
2008/06/06,0,7000,-195000,-188000
2008/06/09,0,6000,0,6000
2008/06/10,0,6000,-18000,-12000
2008/06/11,0,49000,0,49000
2008/06/12,0,111000,0,111000
2008/06/13,0,236000,-46000,190000
2008/06/16,0,0,-10000,-10000
2008/06/17,0,25000,0,25000
2008/06/18,0,150000,0,150000
2008/06/19,0,50000,-12000,38000
2008/06/20,0,107000,-190000,-83000
2008/06/23,0,44000,0,44000
2008/06/24,0,25000,0,25000
2008/06/25,0,156000,-8000,148000
2008/06/26,0,0,0,0
2008/06/27,0,6000,-312000,-306000
2008/06/30,0,88000,0,88000
2008/07/01,0,20000,0,20000
2008/07/02,0,157000,0,157000
2008/07/03,0,17000,-597000,-580000
2008/07/04,0,53000,0,53000
2008/07/07,0,50000,-66000,-16000
2008/07/08,0,10000,-93000,-83000
2008/07/09,0,45000,-20000,25000
2008/07/10,0,0,-128000,-128000
2008/07/11,0,81000,-30000,51000
2008/07/14,0,4000,-377000,-373000
2008/07/15,0,21000,-305000,-284000
2008/07/16,0,62000,0,62000
2008/07/17,0,34000,-113000,-79000
2008/07/18,0,8000,-32000,-24000
2008/07/21,0,450000,-28000,422000
2008/07/22,0,5000,-122460,-117460
2008/07/23,0,11000,-101000,-90000
2008/07/24,0,5000,-36000,-31000
2008/07/25,0,1000,0,1000
2008/07/28,0,0,0,0
2008/07/29,0,21000,-110000,-89000
2008/07/30,0,16000,-134000,-118000
2008/07/31,0,86000,-840990,-754990
2008/08/01,0,18000,0,18000
2008/08/04,0,6000,-11000,-5000
2008/08/05,0,0,-96000,-96000
2008/08/06,0,18000,-678140,-660140
2008/08/07,0,0,0,0
2008/08/08,0,57000,-28000,29000
2008/08/11,0,361000,0,361000
2008/08/12,0,486000,-40000,446000
2008/08/13,0,10000,-86000,-76000
2008/08/14,0,265000,-13000,252000
2008/08/15,0,50000,-5000,45000
2008/08/18,0,7000,-27000,-20000
2008/08/19,0,0,-284000,-284000
2008/08/20,0,8000,-26000,-18000
2008/08/21,0,195000,-28000,167000
2008/08/22,0,8000,0,8000
2008/08/25,0,332000,0,332000
2008/08/26,0,74000,-46000,28000
2008/08/27,0,0,-15000,-15000
2008/08/28,0,0,-15000,-15000
2008/08/29,0,6000,-63000,-57000
2008/09/01,0,6000,0,6000
2008/09/02,0,25000,-5000,20000
2008/09/03,0,96000,-4000,92000
2008/09/04,0,61000,-1000,60000
2008/09/05,0,34000,0,34000
2008/09/08,0,89000,0,89000
2008/09/09,0,58000,0,58000
2008/09/10,0,55000,0,55000
2008/09/11,0,0,0,0
2008/09/12,0,0,-3000,-3000
2008/09/15,0,0,0,0
2008/09/16,0,28000,-18000,10000
2008/09/17,0,26000,-673000,-647000
2008/09/18,0,17000,-667000,-650000
2008/09/19,0,71000,-707000,-636000
2008/09/22,0,47000,-51000,-4000
2008/09/23,0,145000,-1237000,-1092000
2008/09/24,0,50000,-6000,44000
2008/09/25,0,112000,-51000,61000
2008/09/26,0,46000,0,46000
2008/09/29,0,0,0,0
2008/09/30,0,54000,0,54000
2008/10/01,0,31000,-13000,18000
2008/10/02,0,149000,-24000,125000
2008/10/03,0,159000,-36000,123000
2008/10/06,0,0,-42000,-42000
2008/10/07,0,0,-30000,-30000
2008/10/08,0,130000,-10000,120000
2008/10/09,0,47000,-2604000,-2557000
2008/10/10,0,0,0,0
2008/10/13,0,0,0,0
2008/10/14,0,0,-4000,-4000
2008/10/15,0,66000,0,66000
2008/10/16,0,21000,0,21000
2008/10/17,0,87000,-89000,-2000
2008/10/20,0,20000,-39000,-19000
2008/10/21,0,81000,-35000,46000
2008/10/22,0,800000,-622000,178000
2008/10/23,0,20000,-1821000,-1801000
2008/10/24,0,557000,-54000,503000
2008/10/27,0,0,-383000,-383000
2008/10/28,0,733000,-39000,694000
2008/10/29,0,106000,-1113000,-1007000
2008/10/30,0,221000,-4000,217000
2008/10/31,0,90000,-50000,40000
2008/11/03,0,537000,0,537000
2008/11/04,0,178000,-324000,-146000
2008/11/05,0,9000,-4000,5000
2008/11/06,0,12000,-11000,1000
2008/11/07,0,11000,0,11000
2008/11/10,0,20000,0,20000
2008/11/11,0,70000,-4000,66000
2008/11/12,0,12000,-3000,9000
2008/11/13,0,0,-29000,-29000
2008/11/14,0,109000,-25000,84000
2008/11/17,0,56000,0,56000
2008/11/18,0,148000,-57000,91000
2008/11/19,0,72000,0,72000
2008/11/20,0,99000,-85000,14000
2008/11/21,0,225000,-55000,170000
2008/11/24,0,16000,-100000,-84000
2008/11/25,0,89000,-61630,27370
2008/11/26,0,37000,0,37000
2008/11/27,0,153000,0,153000
2008/11/28,0,0,-24000,-24000
2008/12/01,0,63000,-275370,-212370
2008/12/02,0,63000,0,63000
2008/12/03,0,79000,-176000,-97000
2008/12/04,0,18000,0,18000
2008/12/05,0,0,-1000,-1000
2008/12/08,0,80000,-50000,30000
2008/12/09,0,51000,-10000,41000
2008/12/10,0,53000,-75000,-22000
2008/12/11,0,74000,-163000,-89000
2008/12/12,0,80000,-107000,-27000
2008/12/15,0,100000,-53000,47000
2008/12/16,0,3385000,-149000,3236000
2008/12/17,0,7000,-30000,-23000
2008/12/18,0,71000,-563000,-492000
2008/12/19,0,26000,-600000,-574000
2008/12/22,0,40000,-3593000,-3553000
2008/12/23,0,564000,0,564000
2008/12/24,0,0,0,0
2008/12/25,0,4000,0,4000
2008/12/26,0,471000,0,471000
2008/12/29,0,0,0,0
2008/12/30,0,0,0,0
2008/12/31,0,0,-31000,-31000
2009/01/01,0,0,0,0
2009/01/02,0,0,0,0
2009/01/05,0,124000,-11000,113000
2009/01/06,0,109000,0,109000
2009/01/07,0,0,-220000,-220000
2009/01/08,0,89000,0,89000
2009/01/09,0,8000,0,8000
2009/01/12,0,8000,-28000,-20000
2009/01/13,0,99000,0,99000
2009/01/14,0,0,-17000,-17000
2009/01/15,0,0,-282000,-282000
2009/01/16,0,29000,-160000,-131000
2009/01/19,0,30000,-542000,-512000
2009/01/20,0,0,-10000,-10000
2009/01/21,0,0,-2000,-2000
2009/01/22,0,0,0,0
2009/01/23,0,0,0,0
2009/01/26,0,0,0,0
2009/01/27,0,0,0,0
2009/01/28,0,0,0,0
2009/01/29,0,0,0,0
2009/01/30,0,0,0,0
2009/02/02,0,0,0,0
2009/02/03,0,328000,-10000,318000
2009/02/04,0,70000,-13000,57000
2009/02/05,0,30000,0,30000
2009/02/06,0,82000,0,82000
2009/02/09,0,0,-10000,-10000
2009/02/10,0,102000,0,102000
2009/02/11,0,0,-11000,-11000
2009/02/12,0,65000,-44000,21000
2009/02/13,0,0,-10000,-10000
2009/02/16,0,0,0,0
2009/02/17,0,0,0,0
2009/02/18,0,0,-18000,-18000
2009/02/19,0,0,0,0
2009/02/20,0,63000,0,63000
2009/02/23,0,167000,0,167000
2009/02/24,0,39000,0,39000
2009/02/25,0,0,0,0
2009/02/26,0,3000,-14000,-11000
2009/02/27,0,3000,-1000,2000
2009/03/02,0,0,-3000,-3000
2009/03/03,0,0,0,0
2009/03/04,0,0,-56000,-56000
2009/03/05,0,5000,0,5000
2009/03/06,0,0,-24000,-24000
2009/03/09,0,0,-44000,-44000
2009/03/10,0,29000,-6000,23000
2009/03/11,0,800000,-25000,775000
2009/03/12,0,420000,-9000,411000
2009/03/13,0,74000,-22000,52000
2009/03/16,0,12000,-509000,-497000
2009/03/17,0,0,-229000,-229000
2009/03/18,0,0,-75000,-75000
2009/03/19,0,0,-8000,-8000
2009/03/20,0,0,-11000,-11000
2009/03/23,0,79000,-14000,65000
2009/03/24,0,0,-31000,-31000
2009/03/25,0,0,0,0
2009/03/26,0,0,-150000,-150000
2009/03/27,0,0,-11000,-11000
2009/03/30,0,0,-6000,-6000
2009/03/31,0,0,-39000,-39000
2009/04/01,0,0,0,0
2009/04/02,0,0,-19000,-19000
2009/04/03,0,0,-67000,-67000
2009/04/06,0,0,-4000,-4000
2009/04/07,0,11000,0,11000
2009/04/08,0,1012000,-4000,1008000
2009/04/09,0,0,-3000,-3000
2009/04/10,0,0,0,0
2009/04/13,0,0,-86000,-86000
2009/04/14,0,0,-80000,-80000
2009/04/15,0,0,-50000,-50000
2009/04/16,0,0,-22000,-22000
2009/04/17,0,0,-15000,-15000
2009/04/20,0,53000,0,53000
2009/04/21,0,11000,0,11000
2009/04/22,0,0,-8000,-8000
2009/04/23,0,0,-623000,-623000
2009/04/24,0,0,-10000,-10000
2009/04/27,0,3000,-103000,-100000
2009/04/28,0,4000,0,4000
2009/04/29,0,5000,0,5000
2009/04/30,0,73000,0,73000
2009/05/01,0,0,0,0
2009/05/04,0,158000,-8000,150000
2009/05/05,0,94000,-23000,71000
2009/05/06,0,0,-36000,-36000
2009/05/07,0,5000,-34000,-29000
2009/05/08,0,309000,-89000,220000
2009/05/11,0,10000,-12000,-2000
2009/05/12,0,0,-47000,-47000
2009/05/13,0,101000,-87000,14000
2009/05/14,0,0,-285000,-285000
2009/05/15,0,30000,-434000,-404000
2009/05/18,0,6000,-241000,-235000
2009/05/19,0,6000,-106000,-100000
2009/05/20,0,6000,-46000,-40000
2009/05/21,0,3000,0,3000
2009/05/22,0,2000,-10000,-8000
2009/05/25,0,262000,-29000,233000
2009/05/26,0,466000,0,466000
2009/05/27,0,306000,-34000,272000
2009/05/28,0,0,0,0
2009/05/29,0,0,0,0
2009/06/01,0,286000,-11000,275000
2009/06/02,0,229000,-23000,206000
2009/06/03,0,0,-38000,-38000
2009/06/04,0,571000,-7000,564000
2009/06/05,0,0,-11000,-11000
2009/06/08,0,17000,-7000,10000
2009/06/09,0,8000,-11000,-3000
2009/06/10,0,0,-90000,-90000
2009/06/11,0,29000,0,29000
2009/06/12,0,0,-26000,-26000
2009/06/15,0,12000,0,12000
2009/06/16,0,30000,-14000,16000
2009/06/17,0,531000,-82000,449000
2009/06/18,0,325000,0,325000
2009/06/19,0,85000,0,85000
2009/06/22,0,19000,0,19000
2009/06/23,0,0,-20000,-20000
2009/06/24,0,6000,0,6000
2009/06/25,0,3000,0,3000
2009/06/26,0,0,-68000,-68000
2009/06/29,0,16000,0,16000
2009/06/30,0,0,0,0
2009/07/01,0,33000,0,33000
2009/07/02,0,0,-1000,-1000
2009/07/03,0,0,-37000,-37000
2009/07/06,0,400000,-9000,391000
2009/07/07,0,9000,0,9000
2009/07/08,0,0,-10000,-10000
2009/07/09,0,0,0,0
2009/07/10,0,0,-12000,-12000
2009/07/13,0,0,-15000,-15000
2009/07/14,0,0,-94000,-94000
2009/07/15,0,0,-39000,-39000
2009/07/16,0,0,-67000,-67000
2009/07/17,0,0,-531000,-531000
2009/07/20,0,252000,-371894,-119894
2009/07/21,0,58000,-48000,10000
2009/07/22,0,0,-58000,-58000
2009/07/23,0,0,-83000,-83000
2009/07/24,0,0,-66000,-66000
2009/07/27,0,0,-16000,-16000
2009/07/28,0,0,-304000,-304000
2009/07/29,0,7000,-151000,-144000
2009/07/30,0,0,-23000,-23000
2009/07/31,0,1000,-337000,-336000
2009/08/03,0,0,0,0
2009/08/04,0,0,-5000,-5000
2009/08/05,0,0,0,0
2009/08/06,0,0,-18000,-18000
2009/08/07,0,0,0,0
2009/08/10,0,22000,-64000,-42000
2009/08/11,0,66000,0,66000
2009/08/12,0,0,-96000,-96000
2009/08/13,0,670000,-19000,651000
2009/08/14,0,615000,0,615000
2009/08/17,0,1165000,-85000,1080000
2009/08/18,0,12000,-70000,-58000
2009/08/19,0,273000,-3000,270000
2009/08/20,0,7000,-11000,-4000
2009/08/21,0,0,-208000,-208000
2009/08/24,0,287000,0,287000
2009/08/25,0,48000,-3000,45000
2009/08/26,0,3000,0,3000
2009/08/27,0,27000,-3000,24000
2009/08/28,0,0,0,0
2009/08/31,0,29000,0,29000
2009/09/01,0,0,-501000,-501000
2009/09/02,0,451000,-337270,113730
2009/09/03,0,911000,-107656,803344
2009/09/04,0,0,-14000,-14000
2009/09/07,0,498000,-12000,486000
2009/09/08,0,493000,-1279000,-786000
2009/09/09,0,364000,-563860,-199860
2009/09/10,0,730000,0,730000
2009/09/11,0,254000,0,254000
2009/09/14,0,2714000,-290000,2424000
2009/09/15,0,620000,0,620000
2009/09/16,0,925000,0,925000
2009/09/17,0,200000,0,200000
2009/09/18,0,1000,-351000,-350000
2009/09/21,0,0,-5000,-5000
2009/09/22,0,41000,-6000,35000
2009/09/23,0,24000,-5000,19000
2009/09/24,0,8000,0,8000
2009/09/25,0,150000,0,150000
2009/09/28,0,461000,0,461000
2009/09/29,0,2414000,0,2414000
2009/09/30,0,1457000,-17000,1440000
2009/10/01,0,0,0,0
2009/10/02,0,345000,-25170,319830
2009/10/05,0,81000,0,81000
2009/10/06,0,0,-27000,-27000
2009/10/07,0,392000,0,392000
2009/10/08,0,25000,0,25000
2009/10/09,0,5000,0,5000
2009/10/12,0,400000,0,400000
2009/10/13,0,569000,0,569000
2009/10/14,0,320000,-6000,314000
2009/10/15,0,2120000,-350000,1770000
2009/10/16,0,1000000,-3000,997000
2009/10/19,0,60000,-401000,-341000
2009/10/20,0,12000,-49000,-37000
2009/10/21,0,41000,-13000,28000
2009/10/22,0,0,0,0
2009/10/23,0,0,-34000,-34000
2009/10/26,0,0,-655000,-655000
2009/10/27,0,787000,-20000,767000
2009/10/28,0,1129000,-5000,1124000
2009/10/29,0,705000,-7000,698000
2009/10/30,0,90000,-3000,87000
2009/11/02,0,11000,-2000,9000
2009/11/03,0,52000,-5000,47000
2009/11/04,0,89000,0,89000
2009/11/05,0,11000,0,11000
2009/11/06,0,433000,0,433000
2009/11/09,0,9000,0,9000
2009/11/10,0,1125000,-9200,1115800
2009/11/11,0,175000,0,175000
2009/11/12,0,888000,-2000,886000
2009/11/13,0,0,-24000,-24000
2009/11/16,0,213000,-1000,212000
2009/11/17,0,121000,-4000,117000
2009/11/18,0,150000,-21000,129000
2009/11/19,0,0,-8000,-8000
2009/11/20,0,14000,-185000,-171000
2009/11/23,0,0,-706000,-706000
2009/11/24,0,0,-309000,-309000
2009/11/25,0,0,-166000,-166000
2009/11/26,0,0,-749000,-749000
2009/11/27,0,105000,-648000,-543000
2009/11/30,0,100000,-210000,-110000
2009/12/01,0,209000,0,209000
2009/12/02,0,78000,0,78000
2009/12/03,0,0,-77000,-77000
2009/12/04,0,200000,-28000,172000
2009/12/07,0,43000,-70000,-27000
2009/12/08,0,44000,-532520,-488520
2009/12/09,0,165000,-100000,65000
2009/12/10,0,0,-2928970,-2928970
2009/12/11,0,8000,0,8000
2009/12/14,0,151000,-33000,118000
2009/12/15,0,175000,0,175000
2009/12/16,0,0,-20000,-20000
2009/12/17,0,0,0,0
2009/12/18,0,0,-113000,-113000
2009/12/21,0,0,-88000,-88000
2009/12/22,0,0,-14000,-14000
2009/12/23,0,203000,0,203000
2009/12/24,0,250000,0,250000
2009/12/25,0,19000,-1157000,-1138000
2009/12/28,0,0,-218000,-218000
2009/12/29,0,0,-1834000,-1834000
2009/12/30,0,150000,-1087000,-937000
2009/12/31,0,155000,-2000,153000
2010/01/01,0,0,0,0
2010/01/04,0,54000,-44000,10000
2010/01/05,0,1533000,-213000,1320000
2010/01/06,0,1174000,0,1174000
2010/01/07,0,4745000,-6000,4739000
2010/01/08,0,1902000,-16000,1886000
2010/01/11,0,500000,-6000,494000
2010/01/12,0,565000,-16000,549000
2010/01/13,0,0,-2000,-2000
2010/01/14,0,0,-385000,-385000
2010/01/15,0,930000,-183000,747000
2010/01/18,0,275000,-94000,181000
2010/01/19,0,200000,-147000,53000
2010/01/20,0,442000,-22000,420000
2010/01/21,0,162000,-88000,74000
2010/01/22,0,372000,-50000,322000
2010/01/25,0,333000,-512000,-179000
2010/01/26,0,450000,-85000,365000
2010/01/27,0,291000,0,291000
2010/01/28,0,1143000,-200000,943000
2010/01/29,0,211000,0,211000
2010/02/01,0,80000,-4000,76000
2010/02/02,0,541000,0,541000
2010/02/03,0,116000,-2000,114000
2010/02/04,0,83000,-165000,-82000
2010/02/05,0,118000,-165000,-47000
2010/02/08,0,63000,-6000,57000
2010/02/09,0,248000,-8000,240000
2010/02/10,0,524000,-119000,405000
2010/02/11,0,0,0,0
2010/02/12,0,0,0,0
2010/02/15,0,0,0,0
2010/02/16,0,0,0,0
2010/02/17,0,0,0,0
2010/02/18,0,0,0,0
2010/02/19,0,0,0,0
2010/02/22,0,77000,-20000,57000
2010/02/23,0,1070000,-260000,810000
2010/02/24,0,1504000,0,1504000
2010/02/25,0,1545000,-190000,1355000
2010/02/26,0,8000,-299000,-291000
2010/03/01,0,7000,0,7000
2010/03/02,0,2060000,0,2060000
2010/03/03,0,3578000,-30000,3548000
2010/03/04,0,0,-1147000,-1147000
2010/03/05,0,4000,0,4000
2010/03/08,0,350000,-200000,150000
2010/03/09,0,166000,-100000,66000
2010/03/10,0,9000,-1064000,-1055000
2010/03/11,0,4000,-633130,-629130
2010/03/12,0,238000,-151000,87000
2010/03/15,0,0,-13000,-13000
2010/03/16,0,719000,-10000,709000
2010/03/17,0,13000,-875000,-862000
2010/03/18,0,8000,-18000,-10000
2010/03/19,0,307000,-307020,-20
2010/03/22,0,0,-1756000,-1756000
2010/03/23,0,5000,-745000,-740000
2010/03/24,0,0,-391000,-391000
2010/03/25,0,0,-9710,-9710
2010/03/26,0,450000,-34000,416000
2010/03/29,0,39000,0,39000
2010/03/30,0,196000,0,196000
2010/03/31,0,1750000,-8000,1742000
2010/04/01,0,125000,-3000,122000
2010/04/02,0,649000,-134000,515000
2010/04/05,0,0,0,0
2010/04/06,0,2467000,-6000,2461000
2010/04/07,0,1307000,-11000,1296000
2010/04/08,0,500000,-21000,479000
2010/04/09,0,871000,-29000,842000
2010/04/12,0,0,-55000,-55000
2010/04/13,0,0,-36000,-36000
2010/04/14,0,500000,-153000,347000
2010/04/15,0,41000,-183000,-142000
2010/04/16,0,0,-11000,-11000
2010/04/19,0,52000,-225601,-173601
2010/04/20,0,75000,-12000,63000
2010/04/21,0,6000,-100000,-94000
2010/04/22,0,0,-460000,-460000
2010/04/23,0,0,-30000,-30000
2010/04/26,0,966000,-200000,766000
2010/04/27,0,1727000,-6000,1721000
2010/04/28,0,46000,-6000,40000
2010/04/29,0,50000,0,50000
2010/04/30,0,0,-96000,-96000
2010/05/03,0,623000,-6000,617000
2010/05/04,0,520000,-10000,510000
2010/05/05,0,275000,-217000,58000
2010/05/06,0,100000,-636000,-536000
2010/05/07,0,156000,0,156000
2010/05/10,0,105000,0,105000
2010/05/11,0,874000,-200000,674000
2010/05/12,0,560000,-978000,-418000
2010/05/13,0,116000,-620000,-504000
2010/05/14,0,31000,0,31000
2010/05/17,0,4000,-803000,-799000
2010/05/18,0,0,-113000,-113000
2010/05/19,0,0,-168000,-168000
2010/05/20,0,10000,-1003370,-993370
2010/05/21,0,219000,-528000,-309000
2010/05/24,0,0,-969630,-969630
2010/05/25,0,55000,-1630000,-1575000
2010/05/26,0,14000,-1559000,-1545000
2010/05/27,0,100000,-2772000,-2672000
2010/05/28,0,946000,-424000,522000
2010/05/31,0,0,-302000,-302000
2010/06/01,0,2000,-634000,-632000
2010/06/02,0,0,-416000,-416000
2010/06/03,0,910000,-317000,593000
2010/06/04,0,380000,-293000,87000
2010/06/07,0,77000,-389000,-312000
2010/06/08,0,56000,-1414000,-1358000
2010/06/09,0,28000,-21000,7000
2010/06/10,0,196000,-2000,194000
2010/06/11,0,0,-500,-500
2010/06/14,0,8000,-1011000,-1003000
2010/06/15,0,0,-722000,-722000
2010/06/16,0,0,0,0
2010/06/17,0,0,-215000,-215000
2010/06/18,0,0,-32000,-32000
2010/06/21,0,120000,0,120000
2010/06/22,0,0,-166000,-166000
2010/06/23,0,0,-2898000,-2898000
2010/06/24,0,69000,-2808000,-2739000
2010/06/25,0,9000,-1276000,-1267000
2010/06/28,0,165000,-748000,-583000
2010/06/29,0,9000,-254000,-245000
2010/06/30,0,36000,-45000,-9000
2010/07/01,0,0,-223460,-223460
2010/07/02,0,6000,-182000,-176000
2010/07/05,0,0,-1000,-1000
2010/07/06,0,3647000,-290000,3357000
2010/07/07,0,1725000,-130000,1595000
2010/07/08,0,772000,0,772000
2010/07/09,0,202000,-1200000,-998000
2010/07/12,0,43000,-60000,-17000
2010/07/13,0,0,-388000,-388000
2010/07/14,0,1000,-387000,-386000
2010/07/15,0,0,-34000,-34000
2010/07/16,0,7497000,-2472000,5025000
2010/07/19,0,2196000,-15000,2181000
2010/07/20,0,0,-967000,-967000
2010/07/21,0,0,-1384000,-1384000
2010/07/22,0,7000,-224000,-217000
2010/07/23,0,1000,-35000,-34000
2010/07/26,0,1000,-752000,-751000
2010/07/27,0,50000,-1351500,-1301500
2010/07/28,0,126000,-2394000,-2268000
2010/07/29,0,0,-29000,-29000
2010/07/30,0,0,-1279000,-1279000
2010/08/02,0,25000,-42000,-17000
2010/08/03,0,15000,-263000,-248000
2010/08/04,0,0,-20000,-20000
2010/08/05,0,0,-138000,-138000
2010/08/06,0,0,-30000,-30000
2010/08/09,0,263000,-1000,262000
2010/08/10,0,117000,0,117000
2010/08/11,0,129000,-486000,-357000
2010/08/12,0,5000,-807000,-802000
2010/08/13,0,0,-106000,-106000
2010/08/16,0,0,-427000,-427000
2010/08/17,0,13000,-417000,-404000
2010/08/18,0,0,-141000,-141000
2010/08/19,0,10000,-503000,-493000
2010/08/20,0,1000,-1520000,-1519000
2010/08/23,0,0,-887000,-887000
2010/08/24,0,0,-459000,-459000
2010/08/25,0,32000,-6000,26000
2010/08/26,0,1103000,-558000,545000
2010/08/27,0,3000,-461000,-458000
2010/08/30,0,10000,-529830,-519830
2010/08/31,0,98000,-35000,63000
2010/09/01,0,0,-17000,-17000
2010/09/02,0,5000,-250090,-245090
2010/09/03,0,3000,0,3000
2010/09/06,0,0,-15000,-15000
2010/09/07,0,13000,-685000,-672000
2010/09/08,0,15000,0,15000
2010/09/09,0,14000,0,14000
2010/09/10,0,9000,-77000,-68000
2010/09/13,0,0,0,0
2010/09/14,0,33000,-5000,28000
2010/09/15,0,73000,-500000,-427000
2010/09/16,0,0,-17000,-17000
2010/09/17,0,116000,-52000,64000
2010/09/20,0,35000,-4000,31000
2010/09/21,0,0,-8000,-8000
2010/09/22,0,0,0,0
2010/09/23,0,0,-10000,-10000
2010/09/24,0,0,-73000,-73000
2010/09/27,0,0,-6000,-6000
2010/09/28,0,2000,0,2000
2010/09/29,0,0,0,0
2010/09/30,0,0,-20000,-20000
2010/10/01,0,0,0,0
2010/10/04,0,0,-632000,-632000
2010/10/05,0,0,0,0
2010/10/06,0,0,-88000,-88000
2010/10/07,0,0,-252200,-252200
2010/10/08,0,0,-175090,-175090
2010/10/11,0,0,0,0
2010/10/12,0,0,-5000,-5000
2010/10/13,0,242000,0,242000
2010/10/14,0,1086000,-32000,1054000
2010/10/15,0,82000,0,82000
2010/10/18,0,0,-40000,-40000
2010/10/19,0,19000,-35000,-16000
2010/10/20,0,0,-35000,-35000
2010/10/21,0,0,-348000,-348000
2010/10/22,0,487000,-16000,471000
2010/10/25,0,0,0,0
2010/10/26,0,487000,0,487000
2010/10/27,0,27000,0,27000
2010/10/28,0,0,0,0
2010/10/29,0,168000,-1000,167000
2010/11/01,0,0,0,0
2010/11/02,0,0,0,0
2010/11/03,0,0,0,0
2010/11/04,0,523000,-42530,480470
2010/11/05,0,238000,0,238000
2010/11/08,0,400000,-6000,394000
2010/11/09,0,18000,0,18000
2010/11/10,0,0,-489000,-489000
2010/11/11,0,27000,0,27000
2010/11/12,0,0,-75000,-75000
2010/11/15,0,0,-2000,-2000
2010/11/16,0,0,-13000,-13000
2010/11/17,0,0,-780000,-780000
2010/11/18,0,0,0,0
2010/11/19,0,0,-158000,-158000
2010/11/22,0,0,0,0
2010/11/23,0,0,-10000,-10000
2010/11/24,0,0,0,0
2010/11/25,0,0,-170000,-170000
2010/11/26,0,2000,-1509000,-1507000
2010/11/29,0,0,-362000,-362000
2010/11/30,0,0,-1241000,-1241000
2010/12/01,0,160000,-17000,143000
2010/12/02,0,0,-20000,-20000
2010/12/03,0,0,-23000,-23000
2010/12/06,0,170000,-40000,130000
2010/12/07,0,412000,-1000,411000
2010/12/08,0,0,-14000,-14000
2010/12/09,0,2000,-6000,-4000
2010/12/10,0,0,0,0
2010/12/13,0,0,-9000,-9000
2010/12/14,0,13000,-130000,-117000
2010/12/15,0,0,-171000,-171000
2010/12/16,0,1718000,-12000,1706000
2010/12/17,0,2276000,-243000,2033000
2010/12/20,0,0,-11000,-11000
2010/12/21,0,3000,0,3000
2010/12/22,0,9000,0,9000
2010/12/23,0,35000,-3000,32000
2010/12/24,0,7000,0,7000
2010/12/27,0,385000,-6000,379000
2010/12/28,0,0,-5000,-5000
2010/12/29,0,70000,-29000,41000
2010/12/30,0,70000,-110000,-40000
2010/12/31,0,314000,-53000,261000
2011/01/03,0,0,-30000,-30000
2011/01/04,0,134000,-94000,40000
2011/01/05,0,250000,-38000,212000
2011/01/06,0,0,0,0
2011/01/07,0,0,-241000,-241000
2011/01/10,0,0,-39000,-39000
2011/01/11,0,121000,0,121000
2011/01/12,0,0,0,0
2011/01/13,0,0,0,0
2011/01/14,0,237000,-13000,224000
2011/01/17,0,1024000,-20000,1004000
2011/01/18,0,142000,0,142000
2011/01/19,0,2321000,-75000,2246000
2011/01/20,0,2730000,-7000,2723000
2011/01/21,0,0,-14000,-14000
2011/01/24,0,818000,0,818000
2011/01/25,0,584000,-1000,583000
2011/01/26,0,372000,-1000,371000
2011/01/27,0,632000,-73000,559000
2011/01/28,0,681000,-14000,667000
2011/01/31,0,0,0,0
2011/02/01,0,0,0,0
2011/02/02,0,0,0,0
2011/02/03,0,0,0,0
2011/02/04,0,0,0,0
2011/02/07,0,0,0,0
2011/02/08,0,2783000,0,2783000
2011/02/09,0,1184000,0,1184000
2011/02/10,0,1026000,-76000,950000
2011/02/11,0,345000,-100000,245000
2011/02/14,0,288000,0,288000
2011/02/15,0,544000,0,544000
2011/02/16,0,1129000,-69000,1060000
2011/02/17,0,440000,0,440000
2011/02/18,0,1761000,0,1761000
2011/02/21,0,911000,-8000,903000
2011/02/22,0,610000,0,610000
2011/02/23,0,275000,0,275000
2011/02/24,0,8000,-483000,-475000
2011/02/25,0,5000,-812000,-807000
2011/02/28,0,0,0,0
2011/03/01,0,0,-22000,-22000
2011/03/02,0,2000,-1457000,-1455000
2011/03/03,0,663000,-2259000,-1596000
2011/03/04,0,43000,-50000,-7000
2011/03/07,0,0,-74000,-74000
2011/03/08,0,0,-287000,-287000
2011/03/09,0,5000,-140000,-135000
2011/03/10,0,0,-439000,-439000
2011/03/11,0,108000,-627000,-519000
2011/03/14,0,130000,0,130000
2011/03/15,0,72000,0,72000
2011/03/16,0,352000,-361000,-9000
2011/03/17,0,458000,0,458000
2011/03/18,0,436000,-13000,423000
2011/03/21,0,280000,0,280000
2011/03/22,0,2000,-102000,-100000
2011/03/23,0,50000,0,50000
2011/03/24,0,10000,-618000,-608000
2011/03/25,0,3000,0,3000
2011/03/28,0,197000,-66000,131000
2011/03/29,0,80000,0,80000
2011/03/30,0,1032000,-14000,1018000
2011/03/31,0,910000,-6000,904000
2011/04/01,0,868000,-120000,748000
2011/04/04,0,0,0,0
2011/04/05,0,0,0,0
2011/04/06,0,130000,-1159000,-1029000
2011/04/07,0,75000,-554000,-479000
2011/04/08,0,0,-99000,-99000
2011/04/11,0,1000,-200000,-199000
2011/04/12,0,500000,-445000,55000
2011/04/13,0,430000,-233000,197000
2011/04/14,0,682000,0,682000
2011/04/15,0,300000,-271000,29000
2011/04/18,0,0,-102000,-102000
2011/04/19,0,403000,-28000,375000
2011/04/20,0,84000,0,84000
2011/04/21,0,51000,-66000,-15000
2011/04/22,0,366000,0,366000
2011/04/25,0,0,-403000,-403000
2011/04/26,0,883000,-229000,654000
2011/04/27,0,747000,-2407,744593
2011/04/28,0,32000,-8000,24000
2011/04/29,0,0,0,0
2011/05/02,0,0,0,0
2011/05/03,0,63000,-130000,-67000
2011/05/04,0,63000,-184000,-121000
2011/05/05,0,63000,-1047000,-984000
2011/05/06,0,62000,-2689000,-2627000
2011/05/09,0,2000,-1364000,-1362000
2011/05/10,0,76000,-50000,26000
2011/05/11,0,0,-705000,-705000
2011/05/12,0,19000,-1456000,-1437000
2011/05/13,0,0,-1839000,-1839000
2011/05/16,0,7000,-86000,-79000
2011/05/17,0,0,-14000,-14000
2011/05/18,0,0,-61000,-61000
2011/05/19,0,3000,-16000,-13000
2011/05/20,0,0,-1417000,-1417000
2011/05/23,0,2000,-111005,-109005
2011/05/24,0,0,-139000,-139000
2011/05/25,0,0,0,0
2011/05/26,0,6000,-415000,-409000
2011/05/27,0,0,-1156000,-1156000
2011/05/30,0,3000,-2783000,-2780000
2011/05/31,0,0,-203000,-203000
2011/06/01,0,0,-2659000,-2659000
2011/06/02,0,0,-619000,-619000
2011/06/03,0,0,-1290000,-1290000
2011/06/06,0,0,0,0
2011/06/07,0,0,-100000,-100000
2011/06/08,0,5000,-626000,-621000
2011/06/09,0,0,-80000,-80000
2011/06/10,0,0,-45000,-45000
2011/06/13,0,0,0,0
2011/06/14,0,13000,-1014000,-1001000
2011/06/15,0,80000,-4000,76000
2011/06/16,0,0,-76000,-76000
2011/06/17,0,328000,-909000,-581000
2011/06/20,0,13000,0,13000
2011/06/21,0,17000,-203000,-186000
2011/06/22,0,327000,-24000,303000
2011/06/23,0,309000,-20000,289000
2011/06/24,0,109000,-890000,-781000
2011/06/27,0,4000,0,4000
2011/06/28,0,79000,-153000,-74000
2011/06/29,0,141000,0,141000
2011/06/30,0,32000,0,32000
2011/07/01,0,12000,-28000,-16000
2011/07/04,0,0,-100000,-100000
2011/07/05,0,0,-5000,-5000
2011/07/06,0,0,-11000,-11000
2011/07/07,0,0,0,0
2011/07/08,0,0,-7000,-7000
2011/07/11,0,0,-62000,-62000
2011/07/12,0,8000,0,8000
2011/07/13,0,18000,0,18000
2011/07/14,0,351000,-100000,251000
2011/07/15,0,540000,-208000,332000
2011/07/18,0,1207000,0,1207000
2011/07/19,0,313000,-300000,13000
2011/07/20,0,15000,0,15000
2011/07/21,0,7000,-400000,-393000
2011/07/22,0,0,-19000,-19000
2011/07/25,0,0,-350000,-350000
2011/07/26,0,403000,-400000,3000
2011/07/27,0,30000,-776000,-746000
2011/07/28,0,1000,-820000,-819000
2011/07/29,0,0,-1200000,-1200000
2011/08/01,0,10000,0,10000
2011/08/02,0,0,-3066000,-3066000
2011/08/03,0,499000,-550000,-51000
2011/08/04,0,159000,-272000,-113000
2011/08/05,0,81000,0,81000
2011/08/08,0,51000,0,51000
2011/08/09,0,197000,0,197000
2011/08/10,0,64000,-906000,-842000
2011/08/11,0,92000,0,92000
2011/08/12,0,6000,-25000,-19000
2011/08/15,0,13000,0,13000
2011/08/16,0,0,-117000,-117000
2011/08/17,0,0,-7000,-7000
2011/08/18,0,146000,0,146000
2011/08/19,0,10000,-3000,7000
2011/08/22,0,88000,-2000,86000
2011/08/23,0,11000,0,11000
2011/08/24,0,0,0,0
2011/08/25,0,0,0,0
2011/08/26,0,69000,0,69000
2011/08/29,0,18000,0,18000
2011/08/30,0,2000,-154000,-152000
2011/08/31,0,0,-6000,-6000
2011/09/01,0,200000,-5000,195000
2011/09/02,0,84000,-15000,69000
2011/09/05,0,0,-27000,-27000
2011/09/06,0,0,0,0
2011/09/07,0,27000,0,27000
2011/09/08,0,0,0,0
2011/09/09,0,33000,-400000,-367000
2011/09/12,0,0,0,0
2011/09/13,0,48000,-8501,39499
2011/09/14,0,108000,0,108000
2011/09/15,0,41000,-123000,-82000
2011/09/16,0,510000,-1194000,-684000
2011/09/19,0,42000,0,42000
2011/09/20,0,6000,0,6000
2011/09/21,0,0,-67928,-67928
2011/09/22,0,45000,-10000,35000
2011/09/23,0,10000,-1020000,-1010000
2011/09/26,0,40000,0,40000
2011/09/27,0,15000,0,15000
2011/09/28,0,400000,-12000,388000
2011/09/29,0,41000,-994000,-953000
2011/09/30,0,305000,-123000,182000
2011/10/03,0,0,-340000,-340000
2011/10/04,0,4000,-54000,-50000
2011/10/05,0,41000,-341000,-300000
2011/10/06,0,805000,-659000,146000
2011/10/07,0,307000,0,307000
2011/10/10,0,0,0,0
2011/10/11,0,0,0,0
2011/10/12,0,0,0,0
2011/10/13,0,16000,-495000,-479000
2011/10/14,0,340000,-14000,326000
2011/10/17,0,0,-8004,-8004
2011/10/18,0,691000,-213681,477319
2011/10/19,0,0,0,0
2011/10/20,0,78000,0,78000
2011/10/21,0,0,0,0
2011/10/24,0,46500,-2000,44500
2011/10/25,0,337000,-36000,301000
2011/10/26,0,4000,0,4000
2011/10/27,0,9000,0,9000
2011/10/28,0,14000,0,14000
2011/10/31,0,80000,-14000,66000
2011/11/01,0,0,-10000,-10000
2011/11/02,0,19000,0,19000
2011/11/03,0,5000,-800000,-795000
2011/11/04,0,0,-597000,-597000
2011/11/07,0,0,-800000,-800000
2011/11/08,0,14000,-35000,-21000
2011/11/09,0,0,0,0
2011/11/10,0,4000,-23000,-19000
2011/11/11,0,0,-4000,-4000
2011/11/14,0,16508,0,16508
2011/11/15,0,0,-2000,-2000
2011/11/16,0,0,0,0
2011/11/17,0,5000,-21000,-16000
2011/11/18,0,10000,0,10000
2011/11/21,0,2317000,-543000,1774000
2011/11/22,0,9000,-289000,-280000
2011/11/23,0,29000,-726000,-697000
2011/11/24,0,20000,0,20000
2011/11/25,0,44000,0,44000
2011/11/28,0,9000,0,9000
2011/11/29,0,9000,0,9000
2011/11/30,0,7000,-4000,3000
2011/12/01,0,0,-411000,-411000
2011/12/02,0,0,-270000,-270000
2011/12/05,0,10000,-10000,0
2011/12/06,0,0,-100000,-100000
2011/12/07,0,6000,0,6000
2011/12/08,0,8000,0,8000
2011/12/09,0,0,-4453,-4453
2011/12/12,0,34000,0,34000
2011/12/13,0,1456000,0,1456000
2011/12/14,0,86000,0,86000
2011/12/15,0,36000,0,36000
2011/12/16,0,5000,-48500,-43500
2011/12/19,0,32000,-14000,18000
2011/12/20,0,11000,0,11000
2011/12/21,0,0,-200000,-200000
2011/12/22,0,1512000,0,1512000
2011/12/23,0,0,-12000,-12000
2011/12/26,0,2080000,-17000,2063000
2011/12/27,0,22000,-78000,-56000
2011/12/28,0,0,-210000,-210000
2011/12/29,0,0,-200000,-200000
2011/12/30,0,303000,-215000,88000
2012/01/02,0,24000,0,24000
2012/01/03,0,97000,-101000,-4000
2012/01/04,0,0,0,0
2012/01/05,0,720000,-106384,613616
2012/01/06,0,1000,-7000,-6000
2012/01/09,0,0,0,0
2012/01/10,0,200000,-5000,195000
2012/01/11,0,0,-12000,-12000
2012/01/12,0,0,-26000,-26000
2012/01/13,0,37000,-114000,-77000
2012/01/16,0,0,-11000,-11000
2012/01/17,0,0,-32000,-32000
2012/01/18,0,0,-98000,-98000
2012/01/19,0,0,0,0
2012/01/20,0,0,0,0
2012/01/23,0,0,0,0
2012/01/24,0,0,0,0
2012/01/25,0,0,0,0
2012/01/26,0,0,0,0
2012/01/27,0,0,0,0
2012/01/30,0,0,-7000,-7000
2012/01/31,0,17000,-3000,14000
2012/02/01,0,0,-218000,-218000
2012/02/02,0,0,-15000,-15000
2012/02/03,0,0,-68000,-68000
2012/02/06,0,0,-33000,-33000
2012/02/07,0,0,0,0
2012/02/08,0,0,-9000,-9000
2012/02/09,0,0,-88651,-88651
2012/02/10,0,0,-13000,-13000
2012/02/13,0,0,0,0
2012/02/14,0,0,-53000,-53000
2012/02/15,0,750000,-23000,727000
2012/02/16,0,2000,-13000,-11000
2012/02/17,0,18000,0,18000
2012/02/20,0,0,-10000,-10000
2012/02/21,0,2814000,0,2814000
2012/02/22,0,1057000,0,1057000
2012/02/23,0,0,-73000,-73000
2012/02/24,0,0,-36000,-36000
2012/02/27,0,0,0,0
2012/02/28,0,0,0,0
2012/02/29,0,2000000,-8000,1992000
2012/03/01,0,2000000,-72000,1928000
2012/03/02,0,0,-17000,-17000
2012/03/05,0,1061000,-3000,1058000
2012/03/06,0,500000,-49000,451000
2012/03/07,0,500000,0,500000
2012/03/08,0,199257,-16000,183257
2012/03/09,0,126000,-1008000,-882000
2012/03/12,0,0,-6000,-6000
2012/03/13,0,250000,-38000,212000
2012/03/14,0,750000,-36000,714000
2012/03/15,0,0,-120000,-120000
2012/03/16,0,1000000,-386000,614000
2012/03/19,0,0,-91000,-91000
2012/03/20,0,3000,-206000,-203000
2012/03/21,0,4460000,0,4460000
2012/03/22,0,180000,0,180000
2012/03/23,0,0,-162000,-162000
2012/03/26,0,666000,-146000,520000
2012/03/27,0,754000,0,754000
2012/03/28,0,0,0,0
2012/03/29,0,1050000,0,1050000
2012/03/30,0,75000,-11000,64000
2012/04/02,0,0,-402000,-402000
2012/04/03,0,0,0,0
2012/04/04,0,0,0,0
2012/04/05,0,6180,-2000,4180
2012/04/06,0,24000,-35000,-11000
2012/04/09,0,0,-15000,-15000
2012/04/10,0,360000,0,360000
2012/04/11,0,0,0,0
2012/04/12,0,0,-54000,-54000
2012/04/13,0,99000,0,99000
2012/04/16,0,3000,0,3000
2012/04/17,0,0,0,0
2012/04/18,0,0,0,0
2012/04/19,0,0,0,0
2012/04/20,0,24000,0,24000
2012/04/23,0,4000,0,4000
2012/04/24,0,21000,0,21000
2012/04/25,0,0,0,0
2012/04/26,0,0,0,0
2012/04/27,0,162000,0,162000
2012/04/30,0,0,0,0
2012/05/01,0,0,0,0
2012/05/02,0,66000,0,66000
2012/05/03,0,0,-2874,-2874
2012/05/04,0,26000,-23000,3000
2012/05/07,0,800,0,800
2012/05/08,0,0,0,0
2012/05/09,0,0,0,0
2012/05/10,0,0,0,0
2012/05/11,0,27000,-29000,-2000
2012/05/14,0,0,-1500000,-1500000
2012/05/15,0,49000,-1500000,-1451000
2012/05/16,0,32000,-3000,29000
2012/05/17,0,199000,-27550,171450
2012/05/18,0,1006000,0,1006000
2012/05/21,0,16000,-1052000,-1036000
2012/05/22,0,0,0,0
2012/05/23,0,0,0,0
2012/05/24,0,0,-1919000,-1919000
2012/05/25,0,0,0,0
2012/05/28,0,1000,0,1000
2012/05/29,0,9000,-3720000,-3711000
2012/05/30,0,0,-2503403,-2503403
2012/05/31,0,15000,-1000,14000
2012/06/01,0,47000,-2000,45000
2012/06/04,0,27000,0,27000
2012/06/05,0,141000,-98000,43000
2012/06/06,0,0,-186000,-186000
2012/06/07,0,0,0,0
2012/06/08,0,197000,0,197000
2012/06/11,0,69000,0,69000
2012/06/12,0,536000,0,536000
2012/06/13,0,794000,-97000,697000
2012/06/14,0,46000,-801000,-755000
2012/06/15,0,250000,-407500,-157500
2012/06/18,0,0,-31000,-31000
2012/06/19,0,0,-1381000,-1381000
2012/06/20,0,4000,-767000,-763000
2012/06/21,0,57000,-647000,-590000
2012/06/22,0,0,-552000,-552000
2012/06/25,0,0,-95000,-95000
2012/06/26,0,5629,-19000,-13371
2012/06/27,0,0,0,0
2012/06/28,0,0,-21000,-21000
2012/06/29,0,0,0,0
2012/07/02,0,374000,-13000,361000
2012/07/03,0,93000,0,93000
2012/07/04,0,0,-751000,-751000
2012/07/05,0,87000,-6000,81000
2012/07/06,0,41000,-21000,20000
2012/07/09,0,0,-500000,-500000
2012/07/10,0,2000,0,2000
2012/07/11,0,0,-79000,-79000
2012/07/12,0,0,0,0
2012/07/13,0,0,0,0
2012/07/16,0,0,-3000,-3000
2012/07/17,0,283000,0,283000
2012/07/18,0,472000,-4000,468000
2012/07/19,0,2000,0,2000
2012/07/20,0,0,-270000,-270000
2012/07/23,0,0,-45000,-45000
2012/07/24,0,1000,0,1000
2012/07/25,0,0,0,0
2012/07/26,0,33000,0,33000
2012/07/27,0,0,0,0
2012/07/30,0,0,-82000,-82000
2012/07/31,0,0,-1000000,-1000000
2012/08/01,0,4500,0,4500
2012/08/02,0,0,0,0
2012/08/03,0,0,0,0
2012/08/06,0,9000,-7000,2000
2012/08/07,0,115000,-233000,-118000
2012/08/08,0,3000,-52000,-49000
2012/08/09,0,136000,-93000,43000
2012/08/10,0,8000,-19000,-11000
2012/08/13,0,0,-16000,-16000
2012/08/14,0,0,-6000,-6000
2012/08/15,0,187446,-44000,143446
2012/08/16,0,0,-348000,-348000
2012/08/17,0,24500,-234071,-209571
2012/08/20,0,500,-36000,-35500
2012/08/21,0,0,-4000,-4000
2012/08/22,0,0,-6000,-6000
2012/08/23,0,5000,-70000,-65000
2012/08/24,0,0,0,0
2012/08/27,0,3000,-286000,-283000
2012/08/28,0,2000,-1000,1000
2012/08/29,0,0,-220000,-220000
2012/08/30,0,0,-1000,-1000
2012/08/31,0,19500,-35000,-15500
2012/09/03,0,0,-8000,-8000
2012/09/04,0,0,0,0
2012/09/05,0,3000,-4000,-1000
2012/09/06,0,7000,0,7000
2012/09/07,0,5500,-1000,4500
2012/09/10,0,0,0,0
2012/09/11,0,0,0,0
2012/09/12,0,6000,-32000,-26000
2012/09/13,0,6000,0,6000
2012/09/14,0,0,0,0
2012/09/17,0,3000,0,3000
2012/09/18,0,209000,-181000,28000
2012/09/19,0,0,-49000,-49000
2012/09/20,0,0,-55000,-55000
2012/09/21,0,0,-802000,-802000
2012/09/24,0,3000,-43707,-40707
2012/09/25,0,0,0,0
2012/09/26,0,0,-42000,-42000
2012/09/27,0,2000,-2000,0
2012/09/28,0,7000,-2000,5000
2012/10/01,0,3500,0,3500
2012/10/02,0,0,0,0
2012/10/03,0,0,0,0
2012/10/04,0,0,0,0
2012/10/05,0,0,-1000,-1000
2012/10/08,0,0,-103000,-103000
2012/10/09,0,0,0,0
2012/10/10,0,0,0,0
2012/10/11,0,0,0,0
2012/10/12,0,1000,0,1000
2012/10/15,0,0,0,0
2012/10/16,0,200000,0,200000
2012/10/17,0,6000,-400000,-394000
2012/10/18,0,28000,0,28000
2012/10/19,0,0,-160000,-160000
2012/10/22,0,0,0,0
2012/10/23,0,36000,0,36000
2012/10/24,0,0,0,0
2012/10/25,0,0,-128000,-128000
2012/10/26,0,0,-887000,-887000
2012/10/29,0,918,0,918
2012/10/30,0,0,0,0
2012/10/31,0,0,-12000,-12000
2012/11/01,0,0,0,0
2012/11/02,0,9000,-9000,0
2012/11/05,0,0,-3000,-3000
2012/11/06,0,0,0,0
2012/11/07,0,0,0,0
2012/11/08,0,0,0,0
2012/11/09,0,0,-1000,-1000
2012/11/12,0,0,-20000,-20000
2012/11/13,0,4000,0,4000
2012/11/14,0,0,-20000,-20000
2012/11/15,0,400000,-5000,395000
2012/11/16,0,620000,0,620000
2012/11/19,0,600000,0,600000
2012/11/20,0,0,-20000,-20000
2012/11/21,0,400000,0,400000
2012/11/22,0,0,0,0
2012/11/23,0,0,0,0
2012/11/26,0,0,0,0
2012/11/27,0,0,-9000,-9000
2012/11/28,0,183000,-10000,173000
2012/11/29,0,39000,0,39000
2012/11/30,0,358000,-11000,347000
2012/12/03,0,300000,0,300000
2012/12/04,0,800000,-4000,796000
2012/12/05,0,0,0,0
2012/12/06,0,279000,0,279000
2012/12/07,0,219000,0,219000
2012/12/10,0,250000,-53000,197000
2012/12/11,0,0,0,0
2012/12/12,0,1268000,0,1268000
2012/12/13,0,165000,-7000,158000
2012/12/14,0,132000,-63000,69000
2012/12/17,0,357000,-42000,315000
2012/12/18,0,258000,-15000,243000
2012/12/19,0,186000,0,186000
2012/12/20,0,300000,-36000,264000
2012/12/21,0,989000,-143500,845500
2012/12/24,0,192000,0,192000
2012/12/25,0,320000,0,320000
2012/12/26,0,10000,0,10000
2012/12/27,0,150000,0,150000
2012/12/28,0,10000,0,10000
2012/12/31,0,0,0,0
2013/01/01,0,0,0,0
2013/01/02,0,0,0,0
2013/01/03,0,750000,-10000,740000
2013/01/04,0,1540000,-24000,1516000
2013/01/07,0,360000,-127000,233000
2013/01/08,0,95000,-5000,90000
2013/01/09,0,96000,-49000,47000
2013/01/10,0,560000,0,560000
2013/01/11,0,321000,-12000,309000
2013/01/14,0,0,-150000,-150000
2013/01/15,0,147000,-8000,139000
2013/01/16,0,0,-25000,-25000
2013/01/17,0,96466,-112000,-15534
2013/01/18,0,0,-408000,-408000
2013/01/21,0,427000,-49000,378000
2013/01/22,0,160000,-16000,144000
2013/01/23,0,52000,-6000,46000
2013/01/24,0,4000,-25000,-21000
2013/01/25,0,0,-1453000,-1453000
2013/01/28,0,0,-193000,-193000
2013/01/29,0,0,-424000,-424000
2013/01/30,0,319000,0,319000
2013/01/31,0,78000,-9000,69000
2013/02/01,0,256000,0,256000
2013/02/04,0,148000,-558000,-410000
2013/02/05,0,0,-142000,-142000
2013/02/06,0,155000,-80000,75000
2013/02/07,0,0,0,0
2013/02/08,0,0,0,0
2013/02/11,0,0,0,0
2013/02/12,0,0,0,0
2013/02/13,0,0,0,0
2013/02/14,0,0,0,0
2013/02/15,0,0,0,0
2013/02/18,0,147000,-88000,59000
2013/02/19,0,0,-350000,-350000
2013/02/20,0,0,0,0
2013/02/21,0,0,-12000,-12000
2013/02/22,0,49000,-48000,1000
2013/02/25,0,15000,-2000,13000
2013/02/26,0,20000,-605000,-585000
2013/02/27,0,0,-629000,-629000
2013/02/28,0,0,0,0
2013/03/01,0,0,-1660000,-1660000
2013/03/04,0,0,-312000,-312000
2013/03/05,0,0,-486000,-486000
2013/03/06,0,0,-37000,-37000
2013/03/07,0,0,0,0
2013/03/08,0,109000,-193000,-84000
2013/03/11,0,373000,-9000,364000
2013/03/12,0,574000,-3000,571000
2013/03/13,0,0,-7000,-7000
2013/03/14,0,0,-1123000,-1123000
2013/03/15,0,0,-10040000,-10040000
2013/03/18,0,86000,-13000,73000
2013/03/19,0,20000,-93000,-73000
2013/03/20,0,10000,-5000,5000
2013/03/21,0,60000,0,60000
2013/03/22,0,0,-196000,-196000
2013/03/25,0,0,0,0
2013/03/26,0,0,0,0
2013/03/27,0,2000,-309000,-307000
2013/03/28,0,0,-481000,-481000
2013/03/29,0,1000,-446000,-445000
2013/04/01,0,0,-5000,-5000
2013/04/02,0,0,-7000,-7000
2013/04/03,0,0,0,0
2013/04/04,0,0,0,0
2013/04/05,0,0,0,0
2013/04/08,0,0,-8000,-8000
2013/04/09,0,0,-12000,-12000
2013/04/10,0,128000,0,128000
2013/04/11,0,191000,0,191000
2013/04/12,0,0,-2000,-2000
2013/04/15,0,500000,-10000,490000
2013/04/16,0,0,-49000,-49000
2013/04/17,0,1000000,-114000,886000
2013/04/18,0,0,0,0
2013/04/19,0,37260,-100000,-62740
2013/04/22,0,500000,-15000,485000
2013/04/23,0,81000,-111000,-30000
2013/04/24,0,884000,-3000,881000
2013/04/25,0,1465000,-22000,1443000
2013/04/26,0,869000,-10000,859000
2013/04/29,0,0,-162000,-162000
2013/04/30,0,53000,0,53000
2013/05/01,0,0,0,0
2013/05/02,0,0,-126000,-126000
2013/05/03,0,405000,-25000,380000
2013/05/06,0,0,-12000,-12000
2013/05/07,0,1581000,-2000,1579000
2013/05/08,0,3017000,-3000,3014000
2013/05/09,0,105000,-9000,96000
2013/05/10,0,56000,-458000,-402000
2013/05/13,0,181000,-15000,166000
2013/05/14,0,493000,-3000,490000
2013/05/15,0,300000,-2000,298000
2013/05/16,0,987000,0,987000
2013/05/17,0,200000,-33000,167000
2013/05/20,0,154000,-9000,145000
2013/05/21,0,0,-195000,-195000
2013/05/22,0,125000,-35000,90000
2013/05/23,0,0,-2000,-2000
2013/05/24,0,0,-491000,-491000
2013/05/27,0,0,-5000,-5000
2013/05/28,0,0,-812000,-812000
2013/05/29,0,0,0,0
2013/05/30,0,0,-321000,-321000
2013/05/31,0,2000,-913000,-911000
2013/06/03,0,19000,0,19000
2013/06/04,0,0,-544000,-544000
2013/06/05,0,0,-470000,-470000
2013/06/06,0,350000,-200000,150000
2013/06/07,0,319000,0,319000
2013/06/10,0,452000,0,452000
2013/06/11,0,619000,0,619000
2013/06/12,0,0,0,0
2013/06/13,0,60000,-459000,-399000
2013/06/14,0,130000,0,130000
2013/06/17,0,167000,-11000,156000
2013/06/18,0,337000,-7000,330000
2013/06/19,0,634000,-4000,630000
2013/06/20,0,348000,0,348000
2013/06/21,0,191000,-997000,-806000
2013/06/24,0,140000,-53000,87000
2013/06/25,0,660000,-70000,590000
2013/06/26,0,59000,-252000,-193000
2013/06/27,0,40000,-8000,32000
2013/06/28,0,270000,-54000,216000
2013/07/01,0,0,-271000,-271000
2013/07/02,0,0,-705000,-705000
2013/07/03,0,123000,-241000,-118000
2013/07/04,0,45000,-43000,2000
2013/07/05,0,316000,-30000,286000
2013/07/08,0,99000,-126000,-27000
2013/07/09,0,441000,0,441000
2013/07/10,0,356000,-27000,329000
2013/07/11,0,173000,-9348,163652
2013/07/12,0,47000,-93000,-46000
2013/07/15,0,74000,-112000,-38000
2013/07/16,0,510000,-30000,480000
2013/07/17,0,283000,-199000,84000
2013/07/18,0,160000,-4000,156000
2013/07/19,0,303000,-35000,268000
2013/07/22,0,115000,0,115000
2013/07/23,0,3000,0,3000
2013/07/24,0,1247000,-977000,270000
2013/07/25,0,1000,-895000,-894000
2013/07/26,0,84000,-341000,-257000
2013/07/29,0,0,-200000,-200000
2013/07/30,0,1000,-229000,-228000
2013/07/31,0,0,-630000,-630000
2013/08/01,0,0,-579000,-579000
2013/08/02,0,0,-200000,-200000
2013/08/05,0,0,-2000,-2000
2013/08/06,0,300000,-166000,134000
2013/08/07,0,0,-365000,-365000
2013/08/08,0,0,-38000,-38000
2013/08/09,0,0,-479000,-479000
2013/08/12,0,0,-264000,-264000
2013/08/13,0,0,0,0
2013/08/14,0,73000,-25000,48000
2013/08/15,0,19200,-527000,-507800
2013/08/16,0,30000,-239000,-209000
2013/08/19,0,28000,0,28000
2013/08/20,0,33000,0,33000
2013/08/21,0,0,0,0
2013/08/22,0,88000,-94000,-6000
2013/08/23,0,18000,-124000,-106000
2013/08/26,0,34000,0,34000
2013/08/27,0,0,-154000,-154000
2013/08/28,0,23000,-519000,-496000
2013/08/29,0,310000,0,310000
2013/08/30,0,8000,-28000,-20000
2013/09/02,0,0,0,0
2013/09/03,0,0,-480,-480
2013/09/04,0,708000,0,708000
2013/09/05,0,100000,-23000,77000
2013/09/06,0,209000,0,209000
2013/09/09,0,10000,-4000,6000
2013/09/10,0,120000,-1000,119000
2013/09/11,0,355000,-22000,333000
2013/09/12,0,150000,-250000,-100000
2013/09/13,0,160000,-85000,75000
2013/09/16,0,11000,-60000,-49000
2013/09/17,0,162000,0,162000
2013/09/18,0,199000,-592000,-393000
2013/09/19,0,0,0,0
2013/09/20,0,0,0,0
2013/09/23,0,0,-351000,-351000
2013/09/24,0,1000,-89000,-88000
2013/09/25,0,0,-200000,-200000
2013/09/26,0,3000,-208150,-205150
2013/09/27,0,0,-102670,-102670
2013/09/30,0,4000,-197760,-193760
2013/10/01,0,582000,-62000,520000
2013/10/02,0,1383000,-5680,1377320
2013/10/03,0,2254000,-600,2253400
2013/10/04,0,350000,0,350000
2013/10/07,0,502000,-4000,498000
2013/10/08,0,365000,0,365000
2013/10/09,0,330000,-72000,258000
2013/10/10,0,0,0,0
2013/10/11,0,0,-125000,-125000
2013/10/14,0,82000,-23000,59000
2013/10/15,0,81000,-206000,-125000
2013/10/16,0,95000,-22440,72560
2013/10/17,0,2000,-122000,-120000
2013/10/18,0,0,-1000,-1000
2013/10/21,0,421000,-70750,350250
2013/10/22,0,20000,-46000,-26000
2013/10/23,0,0,-37000,-37000
2013/10/24,0,0,0,0
2013/10/25,0,0,-3000,-3000
2013/10/28,0,0,-42000,-42000
2013/10/29,0,0,-1000,-1000
2013/10/30,0,219000,-115000,104000
2013/10/31,0,0,-108040,-108040
2013/11/01,0,0,-33500,-33500
2013/11/04,0,0,-57000,-57000
2013/11/05,0,0,-274000,-274000
2013/11/06,0,0,-94000,-94000
2013/11/07,0,0,-2000,-2000
2013/11/08,0,0,0,0
2013/11/11,0,0,0,0
2013/11/12,0,0,0,0
2013/11/13,0,0,-71000,-71000
2013/11/14,0,0,0,0
2013/11/15,0,0,-106000,-106000
2013/11/18,0,88000,0,88000
2013/11/19,0,0,-170000,-170000
2013/11/20,0,300000,-100000,200000
2013/11/21,0,0,-253000,-253000
2013/11/22,0,293000,-1000,292000
2013/11/25,0,0,-458423,-458423
2013/11/26,0,198000,-832200,-634200
2013/11/27,0,0,-696160,-696160
2013/11/28,0,0,-400000,-400000
2013/11/29,0,0,-106000,-106000
2013/12/02,0,55000,-12000,43000
2013/12/03,0,354000,-674000,-320000
2013/12/04,0,365000,-613320,-248320
2013/12/05,0,0,-181000,-181000
2013/12/06,0,0,0,0
2013/12/09,0,330000,0,330000
2013/12/10,0,0,0,0
2013/12/11,0,0,-28000,-28000
2013/12/12,0,0,-18000,-18000
2013/12/13,0,0,-114400,-114400
2013/12/16,0,0,-18210,-18210
2013/12/17,0,100000,-1064930,-964930
2013/12/18,0,0,-658000,-658000
2013/12/19,0,0,0,0
2013/12/20,0,52000,-58000,-6000
2013/12/23,0,0,-17000,-17000
2013/12/24,0,0,-30000,-30000
2013/12/25,0,0,-23000,-23000
2013/12/26,0,0,-79000,-79000
2013/12/27,0,20000,-797000,-777000
2013/12/30,0,25000,-852000,-827000
2013/12/31,0,0,-759000,-759000
2014/01/02,0,29000,-108000,-79000
2014/01/03,0,0,-254000,-254000
2014/01/06,0,380000,-144000,236000
2014/01/07,0,0,-3000,-3000
2014/01/08,0,1000,-210000,-209000
2014/01/09,0,0,-10050,-10050
2014/01/10,0,0,-240000,-240000
2014/01/13,0,0,-106000,-106000
2014/01/14,0,4000,-737000,-733000
2014/01/15,0,0,-1436720,-1436720
2014/01/16,0,0,0,0
2014/01/17,0,0,-1024000,-1024000
2014/01/20,0,0,-660620,-660620
2014/01/21,0,0,-413000,-413000
2014/01/22,0,0,-158000,-158000
2014/01/23,0,0,-62000,-62000
2014/01/24,0,0,-22000,-22000
2014/01/27,0,0,-87000,-87000
2014/02/05,0,0,-401000,-401000
2014/02/06,0,0,-40000,-40000
2014/02/07,0,0,-61000,-61000
2014/02/10,0,2000,-6000,-4000
2014/02/11,0,0,-3000,-3000
2014/02/12,0,816000,-10000,806000
2014/02/13,0,486218,-20000,466218
2014/02/14,0,0,-10000,-10000
2014/02/17,0,0,-2197780,-2197780
2014/02/18,0,0,-30000,-30000
2014/02/19,0,198000,-779000,-581000
2014/02/20,0,0,-417350,-417350
2014/02/21,0,14000,-29000,-15000
2014/02/24,0,0,-728030,-728030
2014/02/25,0,0,-106000,-106000
2014/02/26,0,150000,-749440,-599440
2014/02/27,0,1339000,-21000,1318000
2014/03/03,0,1423000,-226980,1196020
2014/03/04,0,845000,-38540,806460
2014/03/05,0,750000,0,750000
2014/03/06,0,0,-214000,-214000
2014/03/07,0,0,-34000,-34000
2014/03/10,0,110000,-19000,91000
2014/03/11,0,0,-115000,-115000
2014/03/12,0,0,-19000,-19000
2014/03/13,0,0,-47960,-47960
2014/03/14,0,0,-21000,-21000
2014/03/17,0,0,-258000,-258000
2014/03/18,0,0,-21300,-21300
2014/03/19,0,0,0,0
2014/03/20,0,0,0,0
2014/03/21,0,0,-1000,-1000
2014/03/24,0,0,0,0
2014/03/25,0,0,0,0
2014/03/26,0,0,0,0
2014/03/27,0,0,0,0
2014/03/28,0,0,-5000,-5000
2014/03/31,0,0,0,0
2014/04/01,0,0,-46000,-46000
2014/04/02,0,0,-60000,-60000
2014/04/03,0,0,-102000,-102000
2014/04/07,0,0,-30000,-30000
2014/04/08,0,0,0,0
2014/04/09,0,0,0,0
2014/04/10,0,10412,0,10412
2014/04/11,0,79000,0,79000
2014/04/14,0,0,0,0
2014/04/15,0,0,-1000,-1000
2014/04/16,0,45000,-2000,43000
2014/04/17,0,45000,-2000,43000
2014/04/18,0,45000,-3000,42000
2014/04/21,0,0,-5000,-5000
2014/04/22,0,0,-5000,-5000
2014/04/23,0,175000,-2000,173000
2014/04/24,0,50000,0,50000
2014/04/25,0,0,0,0
2014/04/28,0,0,0,0
2014/04/29,0,0,-1000,-1000
2014/04/30,0,46000,-10000,36000
2014/05/02,0,0,0,0
2014/05/05,0,0,0,0
2014/05/06,0,0,0,0
2014/05/07,0,0,0,0
2014/05/08,0,0,0,0
2014/05/09,0,0,-3000,-3000
2014/05/12,0,30000,0,30000
2014/05/13,0,6000,0,6000
2014/05/14,0,8000,0,8000
2014/05/15,0,0,-2000,-2000
2014/05/16,0,53000,0,53000
2014/05/19,0,0,-5000,-5000
2014/05/20,0,0,0,0
2014/05/21,0,0,0,0
2014/05/22,0,500000,0,500000
2014/05/23,0,290000,0,290000
2014/05/26,0,8000,-2000,6000
2014/05/27,0,3000,-20000,-17000
2014/05/28,0,0,-2000,-2000
2014/05/29,0,0,-35000,-35000
2014/05/30,0,0,-8000,-8000
2014/06/03,0,0,-40000,-40000
2014/06/04,0,50000,-14000,36000
2014/06/05,0,0,-24000,-24000
2014/06/06,0,0,-2000,-2000
2014/06/09,0,0,-2000,-2000
2014/06/10,0,0,-15000,-15000
2014/06/11,0,0,-21000,-21000
2014/06/12,0,0,-37000,-37000
2014/06/13,0,110000,-19000,91000
2014/06/16,0,0,-734000,-734000
2014/06/17,0,0,-1186000,-1186000
2014/06/18,0,5000,-1212000,-1207000
2014/06/19,0,0,-450,-450
2014/06/20,0,0,-409500,-409500
2014/06/23,0,981000,0,981000
2014/06/24,0,1836000,-12000,1824000
2014/06/25,0,300000,-7000,293000
2014/06/26,0,821000,0,821000
2014/06/27,0,37000,0,37000
2014/06/30,0,69000,-21000,48000
2014/07/01,0,556000,0,556000
2014/07/02,0,479000,-4129,474871
2014/07/03,0,78000,-235000,-157000
2014/07/04,0,118000,0,118000
2014/07/07,0,0,0,0
2014/07/08,0,0,-16000,-16000
2014/07/09,0,30000,-69000,-39000
2014/07/10,0,35000,0,35000
2014/07/11,0,298000,0,298000
2014/07/14,0,97000,0,97000
2014/07/15,0,0,-49000,-49000
2014/07/16,0,420000,0,420000
2014/07/17,0,68000,0,68000
2014/07/18,0,279000,0,279000
2014/07/21,0,0,0,0
2014/07/22,0,24000,0,24000
2014/07/23,0,0,0,0
2014/07/24,0,11000,-105000,-94000
2014/07/25,0,7000,0,7000
2014/07/28,0,0,0,0
2014/07/29,0,119000,0,119000
2014/07/30,0,21000,-2000,19000
2014/07/31,0,73000,0,73000
2014/08/01,0,36000,-38000,-2000
2014/08/04,0,0,-172000,-172000
2014/08/05,0,0,-866000,-866000
2014/08/06,0,11000,0,11000
2014/08/07,0,139000,0,139000
2014/08/08,0,65000,0,65000
2014/08/11,0,21000,0,21000
2014/08/12,0,60000,0,60000
2014/08/13,0,221000,0,221000
2014/08/14,0,29000,0,29000
2014/08/15,0,63000,-17000,46000
2014/08/18,0,2000,0,2000
2014/08/19,0,9000,0,9000
2014/08/20,0,7000,0,7000
2014/08/21,0,38000,0,38000
2014/08/22,0,0,0,0
2014/08/25,0,0,0,0
2014/08/26,0,32000,0,32000
2014/08/27,0,3000,0,3000
2014/08/28,0,66000,0,66000
2014/08/29,0,1000,0,1000
2014/09/01,0,0,0,0
2014/09/02,0,171000,0,171000
2014/09/03,0,26000,0,26000
2014/09/04,0,521000,-24000,497000
2014/09/05,0,23000,0,23000
2014/09/09,0,100000,0,100000
2014/09/10,0,0,-400000,-400000
2014/09/11,0,110000,-1093000,-983000
2014/09/12,0,34000,-50000,-16000
2014/09/15,0,33000,-455000,-422000
2014/09/16,0,16000,-250000,-234000
2014/09/17,0,51000,0,51000
2014/09/18,0,20000,-315000,-295000
2014/09/19,0,35000,-755000,-720000
2014/09/22,0,72056,0,72056
2014/09/23,0,16000,0,16000
2014/09/24,0,35000,-377000,-342000
2014/09/25,0,0,-231000,-231000
2014/09/26,0,0,-20230,-20230
2014/09/29,0,0,-90000,-90000
2014/09/30,0,44000,-676000,-632000
2014/10/01,0,0,-586000,-586000
2014/10/02,0,0,0,0
2014/10/03,0,40000,-374000,-334000
2014/10/06,0,12000,0,12000
2014/10/07,0,3000,-244000,-241000
2014/10/08,0,3000,-88000,-85000
2014/10/09,0,0,-64000,-64000
2014/10/13,0,0,0,0
2014/10/14,0,1000,-61000,-60000
2014/10/15,0,8000,-457000,-449000
2014/10/16,0,0,-99000,-99000
2014/10/17,0,5000,-103480,-98480
2014/10/20,0,0,-66000,-66000
2014/10/21,0,22000,-50000,-28000
2014/10/22,0,0,-490000,-490000
2014/10/23,0,34000,-615000,-581000
2014/10/24,0,41000,-303000,-262000
2014/10/27,0,0,-604000,-604000
2014/10/28,0,0,-820000,-820000
2014/10/29,0,9000,0,9000
2014/10/30,0,263000,0,263000
2014/10/31,0,0,-5000,-5000
2014/11/03,0,0,-7000,-7000
2014/11/04,0,0,0,0
2014/11/05,0,0,0,0
2014/11/06,0,0,-24000,-24000
2014/11/07,0,0,-26000,-26000
2014/11/10,0,0,0,0
2014/11/11,0,37000,-21000,16000
2014/11/12,0,18000,0,18000
2014/11/13,0,0,0,0
2014/11/14,0,0,0,0
2014/11/17,0,0,-50000,-50000
2014/11/18,0,0,-11000,-11000
2014/11/19,0,0,0,0
2014/11/20,0,7000,0,7000
2014/11/21,0,12000,-27000,-15000
2014/11/24,0,0,0,0
2014/11/25,0,1000,-3000,-2000
2014/11/26,0,0,-2000,-2000
2014/11/27,0,0,-6000,-6000
2014/11/28,0,0,0,0
2014/12/01,0,0,0,0
2014/12/02,0,0,0,0
2014/12/03,0,0,-75170,-75170
2014/12/04,0,0,0,0
2014/12/05,0,0,-27000,-27000
2014/12/08,0,0,-5000,-5000
2014/12/09,0,0,0,0
2014/12/10,0,0,-38000,-38000
2014/12/11,0,122000,-2118,119882
2014/12/12,0,0,0,0
2014/12/15,0,0,-84668,-84668
2014/12/16,0,5000,-81000,-76000
2014/12/17,0,1499000,-171000,1328000
2014/12/18,0,0,-49000,-49000
2014/12/19,0,165000,-125000,40000
2014/12/22,0,0,0,0
2014/12/23,0,750000,0,750000
2014/12/24,0,1678000,0,1678000
2014/12/25,0,0,-90000,-90000
2014/12/26,0,81000,0,81000
2014/12/29,0,0,-10000,-10000
2014/12/30,0,67000,-5000,62000
2014/12/31,0,113000,-3000,110000
2015/01/01,0,0,0,0
2015/01/02,0,0,0,0
2015/01/05,0,35000,0,35000
2015/01/06,0,0,-800000,-800000
2015/01/07,0,35000,-43000,-8000
2015/01/08,0,1416000,0,1416000
2015/01/09,0,1586000,0,1586000
2015/01/12,0,1044000,0,1044000
2015/01/13,0,772000,-1000,771000
2015/01/14,0,483000,-4000,479000
2015/01/15,0,404000,0,404000
2015/01/16,0,153000,0,153000
2015/01/19,0,225000,0,225000
2015/01/20,0,25000,0,25000
2015/01/21,0,84000,-4000,80000
2015/01/22,0,736000,-51000,685000
2015/01/23,0,79000,-7000,72000
2015/01/26,0,0,0,0
2015/01/27,0,0,0,0
2015/01/28,0,100000,0,100000
2015/01/29,0,660000,-1574000,-914000
2015/01/30,0,31000,-88000,-57000
2015/02/02,0,1731000,0,1731000
2015/02/03,0,3363000,0,3363000
2015/02/04,0,1398000,-1000,1397000
2015/02/05,0,62000,0,62000
2015/02/06,0,370000,-1000,369000
2015/02/09,0,111000,0,111000
2015/02/10,0,0,0,0
2015/02/11,0,345000,0,345000
2015/02/12,0,0,-327000,-327000
2015/02/13,0,577000,-22000,555000
2015/02/16,0,0,0,0
2015/02/17,0,0,0,0
2015/02/18,0,0,0,0
2015/02/19,0,0,0,0
2015/02/20,0,0,0,0
2015/02/23,0,0,0,0
2015/02/24,0,173000,-853000,-680000
2015/02/25,0,1552000,-40000,1512000
2015/02/26,0,0,-206000,-206000
2015/02/27,0,0,0,0
2015/03/02,0,90000,-317000,-227000
2015/03/03,0,195000,-3000,192000
2015/03/04,0,4000,-211000,-207000
2015/03/05,0,100000,-9000,91000
2015/03/06,0,78000,-70000,8000
2015/03/09,0,136000,-8000,128000
2015/03/10,0,47000,-1000,46000
2015/03/11,0,191000,-1000,190000
2015/03/12,0,0,-19302,-19302
2015/03/13,0,191000,0,191000
2015/03/16,0,0,-45000,-45000
2015/03/17,0,0,-5000,-5000
2015/03/18,0,0,-15000,-15000
2015/03/19,0,19000,-500000,-481000
2015/03/20,0,7000,-1266000,-1259000
2015/03/23,0,475000,-510000,-35000
2015/03/24,0,0,-638000,-638000
2015/03/25,0,0,-15000,-15000
2015/03/26,0,462000,0,462000
2015/03/27,0,0,-169000,-169000
2015/03/30,0,34000,0,34000
2015/03/31,0,92000,-2000,90000
2015/04/01,0,86000,0,86000
2015/04/02,0,120000,0,120000
2015/04/03,0,0,0,0
2015/04/06,0,0,0,0
2015/04/07,0,40000,-6000,34000
2015/04/08,0,0,-112000,-112000
2015/04/09,0,0,-6000,-6000
2015/04/10,0,0,-5000,-5000
2015/04/13,0,1679000,0,1679000
2015/04/14,0,805000,-12000,793000
2015/04/15,0,141000,-10000,131000
2015/04/16,0,189000,-1288000,-1099000
2015/04/17,0,302000,-469000,-167000
2015/04/20,0,101000,-6000,95000
2015/04/21,0,297000,-12000,285000
2015/04/22,0,500000,-155000,345000
2015/04/23,0,54000,0,54000
2015/04/24,0,253000,-3000,250000
2015/04/27,0,153000,-78000,75000
2015/04/28,0,125000,-414000,-289000
2015/04/29,0,329000,-12000,317000
2015/04/30,0,7000,-3000,4000
2015/05/01,0,0,0,0
2015/05/04,0,100000,-124000,-24000
2015/05/05,0,294000,-3000,291000
2015/05/06,0,7000,-1113000,-1106000
2015/05/07,0,0,-498000,-498000
2015/05/08,0,0,-288000,-288000
2015/05/11,0,33000,0,33000
2015/05/12,0,475000,-35000,440000
2015/05/13,0,90000,-159000,-69000
2015/05/14,0,6000,0,6000
2015/05/15,0,0,-363000,-363000
2015/05/18,0,0,0,0
2015/05/19,0,0,0,0
2015/05/20,0,6000,-298000,-292000
2015/05/21,0,124000,-303000,-179000
2015/05/22,0,0,-68000,-68000
2015/05/25,0,0,-69000,-69000
2015/05/26,0,0,-952000,-952000
2015/05/27,0,0,-125000,-125000
2015/05/28,0,71000,-281000,-210000
2015/05/29,0,0,-115000,-115000
2015/06/01,0,0,-83000,-83000
2015/06/02,0,0,-35000,-35000
2015/06/03,0,1210000,-156000,1054000
2015/06/04,0,0,-21013,-21013
2015/06/05,0,1000,-6000,-5000
2015/06/08,0,0,0,0
2015/06/09,0,0,-3000,-3000
2015/06/10,0,34000,-13000,21000
2015/06/11,0,0,0,0
2015/06/12,0,348000,-35000,313000
2015/06/15,0,0,0,0
2015/06/16,0,200000,-50000,150000
2015/06/17,0,48000,-450000,-402000
2015/06/18,0,350000,-571000,-221000
2015/06/19,0,0,0,0
2015/06/22,0,62000,-124000,-62000
2015/06/23,0,60000,-480000,-420000
2015/06/24,0,0,-51000,-51000
2015/06/25,0,16000,-306000,-290000
2015/06/26,0,9000,-2000,7000
2015/06/29,0,0,-341000,-341000
2015/06/30,0,0,-652000,-652000
2015/07/01,0,0,-2000,-2000
2015/07/02,0,0,-554000,-554000
2015/07/03,0,0,-500000,-500000
2015/07/06,0,0,-343000,-343000
2015/07/07,0,0,-500000,-500000
2015/07/08,0,0,0,0
2015/07/09,0,2000,-39000,-37000
2015/07/10,0,0,0,0
2015/07/13,0,0,-401000,-401000
2015/07/14,0,0,-19000,-19000
2015/07/15,0,38000,-539000,-501000
2015/07/16,0,0,-574000,-574000
2015/07/17,0,10000,-173000,-163000
2015/07/20,0,0,-13000,-13000
2015/07/21,0,16000,-774000,-758000
2015/07/22,0,0,-153000,-153000
2015/07/23,0,48000,-280000,-232000
2015/07/24,0,104000,0,104000
2015/07/27,0,305000,0,305000
2015/07/28,0,360000,0,360000
2015/07/29,0,291000,0,291000
2015/07/30,0,27000,-48000,-21000
2015/07/31,0,32000,-600000,-568000
2015/08/03,0,132000,0,132000
2015/08/04,0,79000,-122000,-43000
2015/08/05,0,62000,0,62000
2015/08/06,0,73000,-8000,65000
2015/08/07,0,360000,0,360000
2015/08/10,0,22000,-6000,16000
2015/08/11,0,26000,0,26000
2015/08/12,0,377000,-770000,-393000
2015/08/13,0,374000,-973000,-599000
2015/08/14,0,0,-44000,-44000
2015/08/17,0,3000,-14000,-11000
2015/08/18,0,1000,-390000,-389000
2015/08/19,0,2000,-304000,-302000
2015/08/20,0,2000,-431000,-429000
2015/08/21,0,1000,-72000,-71000
2015/08/24,0,0,-60000,-60000
2015/08/25,0,2283,-75000,-72717
2015/08/26,0,92000,0,92000
2015/08/27,0,1000,-2000,-1000
2015/08/28,0,5000,0,5000
2015/08/31,0,2000,-168000,-166000
2015/09/01,0,80000,-318000,-238000
2015/09/02,0,138000,-144000,-6000
2015/09/03,0,62000,0,62000
2015/09/04,0,27000,-1000,26000
2015/09/07,0,31000,-49000,-18000
2015/09/08,0,17000,0,17000
2015/09/09,0,1184000,0,1184000
2015/09/10,0,0,-504000,-504000
2015/09/11,0,17000,-308000,-291000
2015/09/14,0,8000,0,8000
2015/09/15,0,9000,0,9000
2015/09/16,0,1000,-22000,-21000
2015/09/17,0,0,0,0
2015/09/18,0,0,-417000,-417000
2015/09/21,0,23000,0,23000
2015/09/22,0,710303,-4000,706303
2015/09/23,0,0,0,0
2015/09/24,0,0,-45000,-45000
2015/09/25,0,815000,-45000,770000
2015/09/28,0,0,0,0
2015/09/29,0,0,0,0
2015/09/30,0,0,-40000,-40000
2015/10/01,0,730000,-39000,691000
2015/10/02,0,601000,0,601000
2015/10/05,0,82000,0,82000
2015/10/06,0,315000,0,315000
2015/10/07,0,1391000,0,1391000
2015/10/08,0,120000,0,120000
2015/10/09,0,0,0,0
2015/10/12,0,39000,0,39000
2015/10/13,0,268000,0,268000
2015/10/14,0,208000,0,208000
2015/10/15,0,257000,0,257000
2015/10/16,0,273000,0,273000
2015/10/19,0,174000,0,174000
2015/10/20,0,352000,0,352000
2015/10/21,0,90000,0,90000
2015/10/22,0,0,0,0
2015/10/23,0,0,-91000,-91000
2015/10/26,0,0,0,0
2015/10/27,0,0,0,0
2015/10/28,0,0,0,0
2015/10/29,0,0,-261000,-261000
2015/10/30,0,0,-1000,-1000
2015/11/02,0,0,0,0
2015/11/03,0,10000,-311000,-301000
2015/11/04,0,81000,-6000,75000
2015/11/05,0,0,-75000,-75000
2015/11/06,0,66000,0,66000
2015/11/09,0,42000,-31000,11000
2015/11/10,0,0,-74000,-74000
2015/11/11,0,0,0,0
2015/11/12,0,79000,0,79000
2015/11/13,0,0,-1000,-1000
2015/11/16,0,0,0,0
2015/11/17,0,0,0,0
2015/11/18,0,1000,-240000,-239000
2015/11/19,0,75000,-216000,-141000
2015/11/20,0,34000,-4000,30000
2015/11/23,0,0,-2000,-2000
2015/11/24,0,0,0,0
2015/11/25,0,0,0,0
2015/11/26,0,0,0,0
2015/11/27,0,0,-144000,-144000
2015/11/30,0,0,-440000,-440000
2015/12/01,0,0,0,0
2015/12/02,0,50000,0,50000
2015/12/03,0,0,-45000,-45000
2015/12/04,0,0,0,0
2015/12/07,0,0,0,0
2015/12/08,0,0,0,0
2015/12/09,0,0,0,0
2015/12/10,0,0,0,0
2015/12/11,0,0,0,0
2015/12/14,0,0,-253046,-253046
2015/12/15,0,0,-463000,-463000
2015/12/16,0,0,-834000,-834000
2015/12/17,0,0,0,0
2015/12/18,0,0,-127000,-127000
2015/12/21,0,0,0,0
2015/12/22,0,0,0,0
2015/12/23,0,0,0,0
2015/12/24,0,0,-1300000,-1300000
2015/12/25,0,0,0,0
2015/12/28,0,0,-18000,-18000
2015/12/29,0,0,-42000,-42000
2015/12/30,0,0,0,0
2015/12/31,0,0,-2715000,-2715000
2016/01/01,0,0,0,0
2016/01/04,0,0,0,0
2016/01/05,0,55000,-2527000,-2472000
2016/01/06,0,0,-127000,-127000
2016/01/07,0,15000,-5000,10000
2016/01/08,0,15000,0,15000
2016/01/11,0,279000,0,279000
2016/01/12,0,0,-55000,-55000
2016/01/13,0,0,-1000,-1000
2016/01/14,0,0,-62000,-62000
2016/01/15,0,0,-110000,-110000
2016/01/18,0,0,-1333000,-1333000
2016/01/19,0,0,-166000,-166000
2016/01/20,0,0,-45000,-45000
2016/01/21,0,0,0,0
2016/01/22,0,0,0,0
2016/01/25,0,0,-176000,-176000
2016/01/26,0,0,-15000,-15000
2016/01/27,0,0,-246000,-246000
2016/01/28,0,79000,-70000,9000
2016/01/29,0,2000,-70000,-68000
2016/02/01,0,0,-40000,-40000
2016/02/02,0,0,-48000,-48000
2016/02/03,0,0,0,0
2016/02/04,0,0,0,0
2016/02/05,0,0,0,0
2016/02/08,0,0,0,0
2016/02/09,0,0,0,0
2016/02/10,0,0,0,0
2016/02/11,0,0,0,0
2016/02/12,0,0,0,0
2016/02/15,0,49,0,49
2016/02/16,0,0,0,0
2016/02/17,0,2000,0,2000
2016/02/18,0,0,0,0
2016/02/19,0,63000,0,63000
2016/02/22,0,0,0,0
2016/02/23,0,0,0,0
2016/02/24,0,0,0,0
2016/02/25,0,0,0,0
2016/02/26,0,0,0,0
2016/02/29,0,0,0,0
2016/03/01,0,0,0,0
2016/03/02,0,0,-38018,-38018
2016/03/03,0,0,0,0
2016/03/04,0,0,0,0
2016/03/07,0,0,0,0
2016/03/08,0,0,-22000,-22000
2016/03/09,0,5000,-30000,-25000
2016/03/10,0,0,-4000,-4000
2016/03/11,0,200000,-4000,196000
2016/03/14,0,0,0,0
2016/03/15,0,1000,0,1000
2016/03/16,0,0,-1000,-1000
2016/03/17,0,0,0,0
2016/03/18,0,51000,0,51000
2016/03/21,0,0,0,0
2016/03/22,0,0,0,0
2016/03/23,0,0,0,0
2016/03/24,0,75000,0,75000
2016/03/25,0,0,-260000,-260000
2016/03/28,0,0,0,0
2016/03/29,0,0,-1000,-1000
2016/03/30,0,0,-73000,-73000
2016/03/31,0,0,0,0
2016/04/01,0,0,0,0
2016/04/04,0,0,0,0
2016/04/05,0,0,0,0
2016/04/06,0,0,0,0
2016/04/07,0,40000,-94000,-54000
2016/04/08,0,40000,0,40000
2016/04/11,0,0,-99000,-99000
2016/04/12,0,11000,-161000,-150000
2016/04/13,0,5000,-51000,-46000
2016/04/14,0,0,-145000,-145000
2016/04/15,0,50000,-111000,-61000
2016/04/18,0,80000,0,80000
2016/04/19,0,0,0,0
2016/04/20,0,0,0,0
2016/04/21,0,0,0,0
2016/04/22,0,40000,-72000,-32000
2016/04/25,0,0,-839000,-839000
2016/04/26,0,0,-213000,-213000
2016/04/27,0,0,-770000,-770000
2016/04/28,0,0,0,0
2016/04/29,0,500000,0,500000
2016/05/02,0,0,0,0
2016/05/03,0,500000,0,500000
2016/05/04,0,203000,0,203000
2016/05/05,0,0,-1304000,-1304000
2016/05/06,0,5000,-3000,2000
2016/05/09,0,350000,0,350000
2016/05/10,0,94,0,94
2016/05/11,0,251000,0,251000
2016/05/12,0,0,0,0
2016/05/13,0,0,0,0
2016/05/16,0,0,0,0
2016/05/17,0,0,0,0
2016/05/18,0,0,0,0
2016/05/19,0,0,-7000,-7000
2016/05/20,0,0,-4000,-4000
2016/05/23,0,0,0,0
2016/05/24,0,0,0,0
2016/05/25,0,0,0,0
2016/05/26,0,1000,0,1000
2016/05/27,0,0,-45000,-45000
2016/05/30,0,0,-25000,-25000
2016/05/31,0,0,-3000,-3000
2016/06/01,0,149000,0,149000
2016/06/02,0,311000,-11000,300000
2016/06/03,0,0,0,0
2016/06/06,0,0,-60000,-60000
2016/06/07,0,0,-65000,-65000
2016/06/08,0,0,0,0
2016/06/09,0,0,0,0
2016/06/10,0,0,0,0
2016/06/13,0,0,-8000,-8000
2016/06/14,0,0,-225000,-225000
2016/06/15,0,0,-88000,-88000
2016/06/16,0,0,-342700,-342700
2016/06/17,0,0,-260000,-260000
2016/06/20,0,0,-12000,-12000
2016/06/21,0,0,0,0
2016/06/22,0,0,0,0
2016/06/23,0,0,-150000,-150000
2016/06/24,0,6000,-37000,-31000
2016/06/27,0,4000,-150000,-146000
2016/06/28,0,4000,0,4000
2016/06/29,0,0,0,0
2016/06/30,0,0,0,0
2016/07/01,0,0,0,0
2016/07/04,0,0,0,0
2016/07/05,0,0,-48000,-48000
2016/07/06,0,0,-51000,-51000
2016/07/07,0,23000,0,23000
2016/07/08,0,0,0,0
2016/07/11,0,0,-190000,-190000
2016/07/12,0,0,0,0
2016/07/13,0,0,0,0
2016/07/14,0,0,-3000,-3000
2016/07/15,0,0,-8000,-8000
2016/07/18,0,0,0,0
2016/07/19,0,10000,-3000,7000
2016/07/20,0,50000,-17000,33000
2016/07/21,0,2000,-30000,-28000
2016/07/22,0,83000,-23000,60000
2016/07/25,0,236000,0,236000
2016/07/26,0,78000,-80000,-2000
2016/07/27,0,0,-125000,-125000
2016/07/28,0,0,-134000,-134000
2016/07/29,0,1019,-54000,-52981
2016/08/01,0,0,0,0
2016/08/02,0,0,-5000,-5000
2016/08/03,0,28000,-11000,17000
2016/08/04,0,32000,-2000,30000
2016/08/05,0,0,-6000,-6000
2016/08/08,0,1000,-38000,-37000
2016/08/09,0,0,-1000,-1000
2016/08/10,0,0,0,0
2016/08/11,0,3000,-3000,0
2016/08/12,0,0,-8000,-8000
2016/08/15,0,0,-13000,-13000
2016/08/16,0,15000,-12000,3000
2016/08/17,0,3000,0,3000
2016/08/18,0,0,-4000,-4000
2016/08/19,0,8000,-167000,-159000
2016/08/22,0,9000,0,9000
2016/08/23,0,0,-9000,-9000
2016/08/24,0,0,-9000,-9000
2016/08/25,0,12000,-2000,10000
2016/08/26,0,1000,0,1000
2016/08/29,0,0,-4000,-4000
2016/08/30,0,39000,-2000,37000
2016/08/31,0,42000,0,42000
2016/09/01,0,119000,0,119000
2016/09/02,0,6000,0,6000
2016/09/05,0,1000,-13000,-12000
2016/09/06,0,85000,0,85000
2016/09/07,0,12000,0,12000
2016/09/08,0,15000,-9000,6000
2016/09/09,0,4000,0,4000
2016/09/12,0,0,0,0
2016/09/13,0,1000,-4000,-3000
2016/09/14,0,75000,0,75000
2016/09/15,0,0,0,0
2016/09/16,0,0,0,0
2016/09/19,0,0,0,0
2016/09/20,0,0,0,0
2016/09/21,0,0,0,0
2016/09/22,0,0,-2000,-2000
2016/09/23,0,0,-19000,-19000
2016/09/26,0,15000,0,15000
2016/09/27,0,0,0,0
2016/09/28,0,0,0,0
2016/09/29,0,0,0,0
2016/09/30,0,74078,0,74078
2016/10/03,0,51000,0,51000
2016/10/04,0,0,0,0
2016/10/05,0,0,0,0
2016/10/06,0,0,0,0
2016/10/07,0,1000,0,1000
2016/10/10,0,0,0,0
2016/10/11,0,8000,-146470,-138470
2016/10/12,0,0,-80000,-80000
2016/10/13,0,0,0,0
2016/10/14,0,61000,0,61000
2016/10/17,0,0,0,0
2016/10/18,0,0,0,0
2016/10/19,0,1156000,-100000,1056000
2016/10/20,0,282000,-90000,192000
2016/10/21,0,47000,0,47000
2016/10/24,0,0,0,0
2016/10/25,0,0,-17000,-17000
2016/10/26,0,0,-132000,-132000
2016/10/27,0,0,0,0
2016/10/28,0,0,0,0
2016/10/31,0,0,-5400,-5400
2016/11/01,0,0,-2000,-2000
2016/11/02,0,0,-237,-237
2016/11/03,0,0,0,0
2016/11/04,0,0,-115000,-115000
2016/11/07,0,0,-2000,-2000
2016/11/08,0,146000,-400000,-254000
2016/11/09,0,0,-300000,-300000
2016/11/10,0,373000,0,373000
2016/11/11,0,0,0,0
2016/11/14,0,0,-79000,-79000
2016/11/15,0,86000,0,86000
2016/11/16,0,0,-60000,-60000
2016/11/17,0,177000,-17000,160000
2016/11/18,0,101000,0,101000
2016/11/21,0,100000,0,100000
2016/11/22,0,144000,-20000,124000
2016/11/23,0,22000,0,22000
2016/11/24,0,87000,-6000,81000
2016/11/25,0,216000,0,216000
2016/11/28,0,8000,0,8000
2016/11/29,0,41000,-62000,-21000
2016/11/30,0,376000,0,376000
2016/12/01,0,1294000,-2000,1292000
2016/12/02,0,1013000,0,1013000
2016/12/05,0,1512000,0,1512000
2016/12/06,0,1500000,0,1500000
2016/12/07,0,346000,-7000,339000
2016/12/08,0,2099000,0,2099000
2016/12/09,0,28000,0,28000
2016/12/12,0,839000,0,839000
2016/12/13,0,99000,-10000,89000
2016/12/14,0,274000,0,274000
2016/12/15,0,20000,0,20000
2016/12/16,0,201000,0,201000
2016/12/19,0,60000,0,60000
2016/12/20,0,0,-95000,-95000
2016/12/21,0,104000,0,104000
2016/12/22,0,611000,-3000,608000
2016/12/23,0,0,0,0
2016/12/26,0,0,0,0
2016/12/27,0,0,0,0
2016/12/28,0,141000,0,141000
2016/12/29,0,482000,-14000,468000
2016/12/30,0,0,0,0
2017/01/02,0,0,0,0
2017/01/03,0,0,0,0
2017/01/04,0,0,0,0
2017/01/05,0,291000,-2000,289000
2017/01/06,0,1435000,-11000,1424000
2017/01/09,0,703000,0,703000
2017/01/10,0,1792000,0,1792000
2017/01/11,0,0,-37000,-37000
2017/01/12,0,441000,-26000,415000
2017/01/13,0,750000,0,750000
2017/01/16,0,256000,0,256000
2017/01/17,0,25000,-13000,12000
2017/01/18,0,1753000,-26000,1727000
2017/01/19,0,1070000,-27000,1043000
2017/01/20,0,2022000,0,2022000
2017/01/23,0,1274320,-1000,1273320
2017/01/24,0,239000,0,239000
2017/01/25,0,0,0,0
2017/01/26,0,0,0,0
2017/01/27,0,0,0,0
2017/01/30,0,0,0,0
2017/01/31,0,0,0,0
2017/02/01,0,0,0,0
2017/02/02,0,327000,-160000,167000
2017/02/03,0,376000,0,376000
2017/02/06,0,1058000,-34000,1024000
2017/02/07,0,460000,-151000,309000
2017/02/08,0,2573000,-200000,2373000
2017/02/09,0,102000,0,102000
2017/02/10,0,1219000,-6000,1213000
2017/02/13,0,732000,-32000,700000
2017/02/14,0,621000,0,621000
2017/02/15,0,49000,-36000,13000
2017/02/16,0,0,0,0
2017/02/17,0,62000,-443000,-381000
2017/02/20,0,5000,-346000,-341000
2017/02/21,0,181000,-1207000,-1026000
2017/02/22,0,263000,-37000,226000
2017/02/23,0,2000,0,2000
2017/02/24,0,0,0,0
2017/02/27,0,0,0,0
2017/02/28,0,0,0,0
2017/03/01,0,61000,-308000,-247000
2017/03/02,0,157000,-1211000,-1054000
2017/03/03,0,103000,-356000,-253000
2017/03/06,0,199000,-89000,110000
2017/03/07,0,46000,0,46000
2017/03/08,0,329000,-1052000,-723000
2017/03/09,0,50000,-123000,-73000
2017/03/10,0,250000,-614000,-364000
2017/03/13,0,163000,0,163000
2017/03/14,0,137000,-74000,63000
2017/03/15,0,100000,-102000,-2000
2017/03/16,0,1359000,0,1359000
2017/03/17,0,248000,-28000,220000
2017/03/20,0,14000,-11000,3000
2017/03/21,0,110000,-2271000,-2161000
2017/03/22,0,86000,-401000,-315000
2017/03/23,0,0,-45000,-45000
2017/03/24,0,17000,-199000,-182000
2017/03/27,0,80000,0,80000
2017/03/28,0,50000,-101000,-51000
2017/03/29,0,383865,-43000,340865
2017/03/30,0,26278,-236000,-209722
2017/03/31,0,34130,-259000,-224870
2017/04/03,0,0,0,0
2017/04/04,0,0,0,0
2017/04/05,0,192042,-663000,-470958
2017/04/06,0,97000,-163000,-66000
2017/04/07,0,124000,-489000,-365000
2017/04/10,0,52000,0,52000
2017/04/11,0,91000,0,91000
2017/04/12,0,150000,-263000,-113000
2017/04/13,0,183000,0,183000
2017/04/14,0,100000,-20000,80000
2017/04/17,0,0,0,0
2017/04/18,0,2000,0,2000
2017/04/19,0,8040,-613000,-604960
2017/04/20,0,2000,-1897000,-1895000
2017/04/21,0,0,0,0
2017/04/24,0,0,-561000,-561000
2017/04/25,0,0,-2812193,-2812193
2017/04/26,0,3000,-535000,-532000
2017/04/27,0,101000,-1000,100000
2017/04/28,0,0,-55000,-55000
2017/05/01,0,0,0,0
2017/05/02,0,348000,0,348000
2017/05/03,0,0,0,0
2017/05/04,0,42419,-25000,17419
2017/05/05,0,0,-3027785,-3027785
2017/05/08,0,0,0,0
2017/05/09,0,0,-152000,-152000
2017/05/10,0,0,-716000,-716000
2017/05/11,0,0,-1780000,-1780000
2017/05/12,0,0,-1108000,-1108000
2017/05/15,0,311000,-80000,231000
2017/05/16,0,914000,-123000,791000
2017/05/17,0,0,-220000,-220000
2017/05/18,0,0,-339000,-339000
2017/05/19,0,0,-691000,-691000
2017/05/22,0,0,-229009,-229009
2017/05/23,0,0,-119000,-119000
2017/05/24,0,0,-236000,-236000
2017/05/25,0,0,-156000,-156000
2017/05/26,0,0,-266000,-266000
2017/05/29,0,0,0,0
2017/05/30,0,0,0,0
2017/05/31,0,0,-40000,-40000
2017/06/01,0,0,-190000,-190000
2017/06/02,0,0,-56000,-56000
2017/06/05,0,31000,-364000,-333000
2017/06/06,0,42000,-34000,8000
2017/06/07,0,0,-31000,-31000
2017/06/08,0,212000,-3000,209000
2017/06/09,0,0,-111000,-111000
2017/06/12,0,0,-127000,-127000
2017/06/13,0,0,-160000,-160000
2017/06/14,0,0,-148000,-148000
2017/06/15,0,0,0,0
2017/06/16,0,0,-591000,-591000
2017/06/19,0,8000,-172000,-164000
2017/06/20,0,0,-31007,-31007
2017/06/21,0,0,-100000,-100000
2017/06/22,0,0,0,0
2017/06/23,0,0,-9000,-9000
2017/06/26,0,330000,-167000,163000
2017/06/27,0,333000,-132000,201000
2017/06/28,0,0,-8938,-8938
2017/06/29,0,75000,-4000,71000
2017/06/30,0,725000,0,725000
2017/07/03,0,0,-21000,-21000
2017/07/04,0,9000,-96000,-87000
2017/07/05,0,0,-55000,-55000
2017/07/06,0,196000,-337000,-141000
2017/07/07,0,73000,-122000,-49000
2017/07/10,0,95000,-7000,88000
2017/07/11,0,20000,-338000,-318000
2017/07/12,0,225000,-25124,199876
2017/07/13,0,1000,-135000,-134000
2017/07/14,0,0,-115000,-115000
2017/07/17,0,302,-2000,-1698
2017/07/18,0,36000,-50000,-14000
2017/07/19,0,0,-115000,-115000
2017/07/20,0,205000,-150000,55000
2017/07/21,0,0,-1000,-1000
2017/07/24,0,0,-125000,-125000
2017/07/25,0,3000,-150000,-147000
2017/07/26,0,0,-428000,-428000
2017/07/27,0,0,0,0
2017/07/28,0,430000,0,430000
2017/07/31,0,397000,0,397000
2017/08/01,0,7000,-27000,-20000
2017/08/02,0,8000,-776000,-768000
2017/08/03,0,11000,-457000,-446000
2017/08/04,0,19000,-180000,-161000
2017/08/07,0,11000,0,11000
2017/08/08,0,17000,-53000,-36000
2017/08/09,0,204000,-29000,175000
2017/08/10,0,61000,0,61000
2017/08/11,0,4000,-353000,-349000
2017/08/14,0,0,-252000,-252000
2017/08/15,0,176000,-2000,174000
2017/08/16,0,825000,0,825000
2017/08/17,0,1000,-260000,-259000
2017/08/18,0,0,-1000,-1000
