Date,Open,Buy,Sell,Total
2007/01/02,0,1041000,0,1041000
2007/01/03,0,2013000,0,2013000
2007/01/04,0,401000,0,401000
2007/01/05,0,300000,0,300000
2007/01/08,0,244000,0,244000
2007/01/09,0,325000,0,325000
2007/01/10,0,888000,0,888000
2007/01/11,0,1400000,0,1400000
2007/01/12,0,72000,0,72000
2007/01/15,0,430000,0,430000
2007/01/16,0,673000,-570000,103000
2007/01/17,0,50000,0,50000
2007/01/18,0,425000,0,425000
2007/01/19,0,0,-630000,-630000
2007/01/22,0,440000,-65000,375000
2007/01/23,0,0,0,0
2007/01/24,0,703000,-70000,633000
2007/01/25,0,300000,-51000,249000
2007/01/26,0,100000,-600000,-500000
2007/01/29,0,140000,0,140000
2007/01/30,0,165000,0,165000
2007/01/31,0,70000,-65000,5000
2007/02/01,0,50000,0,50000
2007/02/02,0,0,0,0
2007/02/05,0,0,0,0
2007/02/06,0,0,-103000,-103000
2007/02/07,0,435000,0,435000
2007/02/08,0,0,-232000,-232000
2007/02/09,0,0,-111000,-111000
2007/02/12,0,0,-37000,-37000
2007/02/13,0,180000,-750000,-570000
2007/02/14,0,450000,0,450000
2007/02/15,0,0,0,0
2007/02/16,0,0,0,0
2007/02/19,0,0,0,0
2007/02/20,0,0,0,0
2007/02/21,0,0,0,0
2007/02/22,0,0,0,0
2007/02/23,0,0,0,0
2007/02/26,0,851000,0,851000
2007/02/27,0,300000,-88000,212000
2007/02/28,0,0,0,0
2007/03/01,0,0,-132000,-132000
2007/03/02,0,0,0,0
2007/03/05,0,150000,0,150000
2007/03/06,0,40000,-170000,-130000
2007/03/07,0,0,0,0
2007/03/08,0,300000,0,300000
2007/03/09,0,0,-500000,-500000
2007/03/12,0,0,-500000,-500000
2007/03/13,0,0,-210000,-210000
2007/03/14,0,0,0,0
2007/03/15,0,0,0,0
2007/03/16,0,230000,-150000,80000
2007/03/19,0,1000,0,1000
2007/03/20,0,0,-185000,-185000
2007/03/21,0,0,-205000,-205000
2007/03/22,0,2920000,-180000,2740000
2007/03/23,0,800000,0,800000
2007/03/26,0,0,0,0
2007/03/27,0,0,0,0
2007/03/28,0,0,-120000,-120000
2007/03/29,0,0,0,0
2007/03/30,0,0,0,0
2007/04/02,0,70000,0,70000
2007/04/03,0,0,0,0
2007/04/04,0,100000,0,100000
2007/04/05,0,0,0,0
2007/04/06,0,0,0,0
2007/04/09,0,550000,0,550000
2007/04/10,0,1350000,-1001000,349000
2007/04/11,0,0,-200000,-200000
2007/04/12,0,100000,-200000,-100000
2007/04/13,0,0,-230000,-230000
2007/04/16,0,0,0,0
2007/04/17,0,600000,0,600000
2007/04/18,0,0,0,0
2007/04/19,0,120000,0,120000
2007/04/20,0,50000,0,50000
2007/04/23,0,0,0,0
2007/04/24,0,2000,0,2000
2007/04/25,0,1000,-800000,-799000
2007/04/26,0,0,-600000,-600000
2007/04/27,0,0,0,0
2007/04/30,0,0,-251000,-251000
2007/05/01,0,0,0,0
2007/05/02,0,0,-135000,-135000
2007/05/03,0,0,-407000,-407000
2007/05/04,0,80000,-430000,-350000
2007/05/07,0,0,0,0
2007/05/08,0,0,-1112000,-1112000
2007/05/09,0,200000,-15000,185000
2007/05/10,0,0,-446000,-446000
2007/05/11,0,0,-15000,-15000
2007/05/14,0,0,-235000,-235000
2007/05/15,0,3000,-902000,-899000
2007/05/16,0,0,-432000,-432000
2007/05/17,0,0,-1437000,-1437000
2007/05/18,0,500000,0,500000
2007/05/21,0,500000,0,500000
2007/05/22,0,330000,-900000,-570000
2007/05/23,0,0,0,0
2007/05/24,0,0,0,0
2007/05/25,0,0,-612000,-612000
2007/05/28,0,0,0,0
2007/05/29,0,0,0,0
2007/05/30,0,0,0,0
2007/05/31,0,240000,-262000,-22000
2007/06/01,0,0,-412000,-412000
2007/06/04,0,41000,-88000,-47000
2007/06/05,0,1600000,-39517,1560483
2007/06/06,0,50000,0,50000
2007/06/07,0,0,0,0
2007/06/08,0,0,0,0
2007/06/11,0,0,-180000,-180000
2007/06/12,0,0,0,0
2007/06/13,0,0,-20000,-20000
2007/06/14,0,0,-20000,-20000
2007/06/15,0,0,0,0
2007/06/18,0,0,0,0
2007/06/19,0,0,0,0
2007/06/20,0,0,0,0
2007/06/21,0,0,0,0
2007/06/22,0,0,0,0
2007/06/25,0,280000,0,280000
2007/06/26,0,0,-20000,-20000
2007/06/27,0,0,-1000000,-1000000
2007/06/28,0,0,-1200000,-1200000
2007/06/29,0,0,0,0
2007/07/02,0,100000,0,100000
2007/07/03,0,0,0,0
2007/07/04,0,0,0,0
2007/07/05,0,0,-300000,-300000
2007/07/06,0,0,0,0
2007/07/09,0,150000,-200000,-50000
2007/07/10,0,150000,0,150000
2007/07/11,0,0,0,0
2007/07/12,0,0,-35000,-35000
2007/07/13,0,50000,-265000,-215000
2007/07/16,0,0,-200000,-200000
2007/07/17,0,250000,0,250000
2007/07/18,0,501000,-40000,461000
2007/07/19,0,0,-100000,-100000
2007/07/20,0,200000,0,200000
2007/07/23,0,0,0,0
2007/07/24,0,1200000,0,1200000
2007/07/25,0,1000,0,1000
2007/07/26,0,0,-290000,-290000
2007/07/27,0,250000,0,250000
2007/07/30,0,0,0,0
2007/07/31,0,0,0,0
2007/08/01,0,600000,0,600000
2007/08/02,0,1357000,-50000,1307000
2007/08/03,0,701000,-50000,651000
2007/08/06,0,490000,0,490000
2007/08/07,0,200000,0,200000
2007/08/08,0,1588000,0,1588000
2007/08/09,0,49000,0,49000
2007/08/10,0,38000,0,38000
2007/08/13,0,863000,0,863000
2007/08/14,0,21000,0,21000
2007/08/15,0,31000,0,31000
2007/08/16,0,695000,0,695000
2007/08/17,0,1174000,0,1174000
2007/08/20,0,232000,0,232000
2007/08/21,0,384000,0,384000
2007/08/22,0,0,0,0
2007/08/23,0,0,0,0
2007/08/24,0,620000,-1000,619000
2007/08/27,0,400000,-134000,266000
2007/08/28,0,0,0,0
2007/08/29,0,0,0,0
2007/08/30,0,0,-380000,-380000
2007/08/31,0,1600000,-1000,1599000
2007/09/03,0,2683000,-1108000,1575000
2007/09/04,0,3945000,-492000,3453000
2007/09/05,0,1648000,0,1648000
2007/09/06,0,0,-50000,-50000
2007/09/07,0,0,0,0
2007/09/10,0,1045000,-1789000,-744000
2007/09/11,0,555000,-100000,455000
2007/09/12,0,410000,0,410000
2007/09/13,0,100000,-20000,80000
2007/09/14,0,0,0,0
2007/09/17,0,0,0,0
2007/09/18,0,0,0,0
2007/09/19,0,200000,-42000,158000
2007/09/20,0,495000,0,495000
2007/09/21,0,0,0,0
2007/09/24,0,0,0,0
2007/09/25,0,0,0,0
2007/09/26,0,80000,-631000,-551000
2007/09/27,0,380000,-750000,-370000
2007/09/28,0,0,-220000,-220000
2007/10/01,0,0,-333000,-333000
2007/10/02,0,888000,0,888000
2007/10/03,0,0,-142000,-142000
2007/10/04,0,0,-143000,-143000
2007/10/05,0,0,-42000,-42000
2007/10/08,0,0,-443000,-443000
2007/10/09,0,0,-650000,-650000
2007/10/10,0,0,0,0
2007/10/11,0,618000,-327000,291000
2007/10/12,0,0,-324000,-324000
2007/10/15,0,0,0,0
2007/10/16,0,0,-768000,-768000
2007/10/17,0,0,-1010000,-1010000
2007/10/18,0,0,-905000,-905000
2007/10/19,0,0,-1139000,-1139000
2007/10/22,0,692000,-1234020,-542020
2007/10/23,0,760000,-1898000,-1138000
2007/10/24,0,919000,-1114000,-195000
2007/10/25,0,0,-121000,-121000
2007/10/26,0,0,-380000,-380000
2007/10/29,0,943000,-1902000,-959000
2007/10/30,0,608000,-1262000,-654000
2007/10/31,0,160000,-220000,-60000
2007/11/01,0,100000,-328000,-228000
2007/11/02,0,1000,0,1000
2007/11/05,0,268000,-20000,248000
2007/11/06,0,439000,-778160,-339160
2007/11/07,0,0,0,0
2007/11/08,0,563000,0,563000
2007/11/09,0,251000,0,251000
2007/11/12,0,1002000,0,1002000
2007/11/13,0,1000,-400000,-399000
2007/11/14,0,0,-230,-230
2007/11/15,0,0,0,0
2007/11/16,0,45000,0,45000
2007/11/19,0,569000,0,569000
2007/11/20,0,1000,0,1000
2007/11/21,0,0,-78000,-78000
2007/11/22,0,584000,0,584000
2007/11/23,0,1000,0,1000
2007/11/26,0,1000,0,1000
2007/11/27,0,0,0,0
2007/11/28,0,200000,0,200000
2007/11/29,0,1000,0,1000
2007/11/30,0,0,-1000,-1000
2007/12/03,0,0,0,0
2007/12/04,0,0,-206000,-206000
2007/12/05,0,208000,0,208000
2007/12/06,0,0,0,0
2007/12/07,0,157000,0,157000
2007/12/10,0,0,0,0
2007/12/11,0,401000,0,401000
2007/12/12,0,0,0,0
2007/12/13,0,0,-1000,-1000
2007/12/14,0,2000,0,2000
2007/12/17,0,0,0,0
2007/12/18,0,1000,-300000,-299000
2007/12/19,0,1000,0,1000
2007/12/20,0,0,-426000,-426000
2007/12/21,0,0,0,0
2007/12/24,0,0,0,0
2007/12/25,0,0,0,0
2007/12/26,0,0,0,0
2007/12/27,0,0,0,0
2007/12/28,0,0,-145670,-145670
2007/12/31,0,280000,-350000,-70000
2008/01/01,0,0,0,0
2008/01/02,0,0,0,0
2008/01/03,0,0,-525000,-525000
2008/01/04,0,0,-1000,-1000
2008/01/07,0,1000,0,1000
2008/01/08,0,0,0,0
2008/01/09,0,0,0,0
2008/01/10,0,1000,0,1000
2008/01/11,0,121000,-300000,-179000
2008/01/14,0,0,0,0
2008/01/15,0,123000,-250000,-127000
2008/01/16,0,0,0,0
2008/01/17,0,0,0,0
2008/01/18,0,212000,0,212000
2008/01/21,0,38000,0,38000
2008/01/22,0,570000,-179000,391000
2008/01/23,0,1000,-1049000,-1048000
2008/01/24,0,2000,0,2000
2008/01/25,0,381000,0,381000
2008/01/28,0,0,-240000,-240000
2008/01/29,0,0,0,0
2008/01/30,0,0,0,0
2008/01/31,0,0,0,0
2008/02/01,0,401000,-500000,-99000
2008/02/04,0,0,0,0
2008/02/05,0,0,0,0
2008/02/06,0,0,0,0
2008/02/07,0,0,0,0
2008/02/08,0,0,0,0
2008/02/11,0,0,0,0
2008/02/12,0,0,-201000,-201000
2008/02/13,0,1000,0,1000
2008/02/14,0,650000,0,650000
2008/02/15,0,700000,0,700000
2008/02/18,0,0,-42000,-42000
2008/02/19,0,0,-520000,-520000
2008/02/20,0,0,-172000,-172000
2008/02/21,0,0,-441500,-441500
2008/02/22,0,250000,-447000,-197000
2008/02/25,0,0,-324000,-324000
2008/02/26,0,1000,-500000,-499000
2008/02/27,0,0,-127000,-127000
2008/02/28,0,0,0,0
2008/02/29,0,0,-758000,-758000
2008/03/03,0,380000,0,380000
2008/03/04,0,401000,-1329000,-928000
2008/03/05,0,1133000,-565000,568000
2008/03/06,0,830000,0,830000
2008/03/07,0,0,0,0
2008/03/10,0,1000,-300000,-299000
2008/03/11,0,1000,-100000,-99000
2008/03/12,0,2000,-330000,-328000
2008/03/13,0,0,-150000,-150000
2008/03/14,0,0,-150000,-150000
2008/03/17,0,1000,-295000,-294000
2008/03/18,0,1000,-34000,-33000
2008/03/19,0,1000,-300000,-299000
2008/03/20,0,1000,-300000,-299000
2008/03/21,0,0,-59000,-59000
2008/03/24,0,2000,-1514000,-1512000
2008/03/25,0,0,-1051000,-1051000
2008/03/26,0,1000,-1186000,-1185000
2008/03/27,0,1000,-200000,-199000
2008/03/28,0,1000,0,1000
2008/03/31,0,1000,0,1000
2008/04/01,0,1702000,-133000,1569000
2008/04/02,0,744000,0,744000
2008/04/03,0,0,0,0
2008/04/04,0,0,0,0
2008/04/07,0,830000,0,830000
2008/04/08,0,1000,0,1000
2008/04/09,0,0,0,0
2008/04/10,0,651000,-200000,451000
2008/04/11,0,1000000,-200000,800000
2008/04/14,0,500000,-1000,499000
2008/04/15,0,111000,0,111000
2008/04/16,0,0,-463000,-463000
2008/04/17,0,900000,0,900000
2008/04/18,0,500000,0,500000
2008/04/21,0,1000,0,1000
2008/04/22,0,2472000,-450000,2022000
2008/04/23,0,1201000,0,1201000
2008/04/24,0,1039000,0,1039000
2008/04/25,0,301000,-183000,118000
2008/04/28,0,2000,-170000,-168000
2008/04/29,0,650000,0,650000
2008/04/30,0,505000,0,505000
2008/05/01,0,0,0,0
2008/05/02,0,1000,-80,920
2008/05/05,0,1000,-23000,-22000
2008/05/06,0,301000,0,301000
2008/05/07,0,1000,-400000,-399000
2008/05/08,0,0,0,0
2008/05/09,0,2000,-250000,-248000
2008/05/12,0,2000,0,2000
2008/05/13,0,2000,-27000,-25000
2008/05/14,0,0,-66000,-66000
2008/05/15,0,0,-420000,-420000
2008/05/16,0,0,0,0
2008/05/19,0,0,0,0
2008/05/20,0,100000,-1000,99000
2008/05/21,0,0,0,0
2008/05/22,0,1591000,0,1591000
2008/05/23,0,1120000,-1000,1119000
2008/05/26,0,430000,0,430000
2008/05/27,0,4000,0,4000
2008/05/28,0,1000,-438000,-437000
2008/05/29,0,1000,-100000,-99000
2008/05/30,0,1000,0,1000
2008/06/02,0,2000,0,2000
2008/06/03,0,213000,0,213000
2008/06/04,0,1000,0,1000
2008/06/05,0,200000,0,200000
2008/06/06,0,201000,0,201000
2008/06/09,0,1000,0,1000
2008/06/10,0,300000,0,300000
2008/06/11,0,1000,0,1000
2008/06/12,0,2000,0,2000
2008/06/13,0,3000,-570000,-567000
2008/06/16,0,3000,0,3000
2008/06/17,0,1000,0,1000
2008/06/18,0,150000,0,150000
2008/06/19,0,150000,-1000,149000
2008/06/20,0,0,0,0
2008/06/23,0,141000,0,141000
2008/06/24,0,21000,0,21000
2008/06/25,0,120000,-1000,119000
2008/06/26,0,47000,0,47000
2008/06/27,0,301000,0,301000
2008/06/30,0,210000,0,210000
2008/07/01,0,161000,0,161000
2008/07/02,0,102000,-1000,101000
2008/07/03,0,178000,0,178000
2008/07/04,0,380000,0,380000
2008/07/07,0,52000,0,52000
2008/07/08,0,186000,0,186000
2008/07/09,0,100000,-1000,99000
2008/07/10,0,21000,0,21000
2008/07/11,0,117000,0,117000
2008/07/14,0,351000,-929,350071
2008/07/15,0,211000,-27000,184000
2008/07/16,0,404000,-201000,203000
2008/07/17,0,1000,0,1000
2008/07/18,0,332000,-73000,259000
2008/07/21,0,201000,0,201000
2008/07/22,0,200000,0,200000
2008/07/23,0,587000,0,587000
2008/07/24,0,25000,0,25000
2008/07/25,0,0,0,0
2008/07/28,0,0,0,0
2008/07/29,0,239000,0,239000
2008/07/30,0,282000,-70000,212000
2008/07/31,0,570000,0,570000
2008/08/01,0,54000,0,54000
2008/08/04,0,251000,0,251000
2008/08/05,0,0,0,0
2008/08/06,0,86000,0,86000
2008/08/07,0,0,0,0
2008/08/08,0,3000,0,3000
2008/08/11,0,101000,0,101000
2008/08/12,0,100000,-3000,97000
2008/08/13,0,0,0,0
2008/08/14,0,0,0,0
2008/08/15,0,550000,0,550000
2008/08/18,0,503000,0,503000
2008/08/19,0,24000,-144000,-120000
2008/08/20,0,0,0,0
2008/08/21,0,48000,0,48000
2008/08/22,0,1000,0,1000
2008/08/25,0,191000,0,191000
2008/08/26,0,0,-2000,-2000
2008/08/27,0,204000,0,204000
2008/08/28,0,0,0,0
2008/08/29,0,96000,0,96000
2008/09/01,0,1000,0,1000
2008/09/02,0,176000,0,176000
2008/09/03,0,403000,-200000,203000
2008/09/04,0,633000,0,633000
2008/09/05,0,13000,-200000,-187000
2008/09/08,0,7000,0,7000
2008/09/09,0,159000,0,159000
2008/09/10,0,190000,0,190000
2008/09/11,0,100000,0,100000
2008/09/12,0,21000,0,21000
2008/09/15,0,170000,0,170000
2008/09/16,0,100000,-2000,98000
2008/09/17,0,0,-157000,-157000
2008/09/18,0,1000,0,1000
2008/09/19,0,0,-442000,-442000
2008/09/22,0,356000,-400000,-44000
2008/09/23,0,20000,-218000,-198000
2008/09/24,0,74000,-182000,-108000
2008/09/25,0,160000,-133000,27000
2008/09/26,0,1000,-13000,-12000
2008/09/29,0,0,0,0
2008/09/30,0,0,-100000,-100000
2008/10/01,0,251000,-405000,-154000
2008/10/02,0,245000,-402090,-157090
2008/10/03,0,0,-235000,-235000
2008/10/06,0,262000,-167000,95000
2008/10/07,0,0,-207100,-207100
2008/10/08,0,200000,-102000,98000
2008/10/09,0,174000,-30000,144000
2008/10/10,0,0,0,0
2008/10/13,0,422000,-110000,312000
2008/10/14,0,0,-105885,-105885
2008/10/15,0,402000,-70635,331365
2008/10/16,0,4000,-6040,-2040
2008/10/17,0,300000,-102000,198000
2008/10/20,0,200000,-105000,95000
2008/10/21,0,400000,-110000,290000
2008/10/22,0,208000,-140000,68000
2008/10/23,0,100000,-227000,-127000
2008/10/24,0,0,-19000,-19000
2008/10/27,0,0,-410000,-410000
2008/10/28,0,0,-422000,-422000
2008/10/29,0,500000,-1823000,-1323000
2008/10/30,0,350000,-1068360,-718360
2008/10/31,0,403000,-1271000,-868000
2008/11/03,0,0,-751320,-751320
2008/11/04,0,0,-107022,-107022
2008/11/05,0,51000,-878800,-827800
2008/11/06,0,150000,-129000,21000
2008/11/07,0,0,-117000,-117000
2008/11/10,0,202000,-759000,-557000
2008/11/11,0,1000,-288800,-287800
2008/11/12,0,0,-270000,-270000
2008/11/13,0,0,-660000,-660000
2008/11/14,0,1000,-728000,-727000
2008/11/17,0,1000,-295000,-294000
2008/11/18,0,50000,-1059000,-1009000
2008/11/19,0,0,-302000,-302000
2008/11/20,0,0,-2695000,-2695000
2008/11/21,0,50000,-412000,-362000
2008/11/24,0,74000,0,74000
2008/11/25,0,1000,-538560,-537560
2008/11/26,0,1000,0,1000
2008/11/27,0,6000,-681000,-675000
2008/11/28,0,0,-118000,-118000
2008/12/01,0,2000,-118000,-116000
2008/12/02,0,0,-67000,-67000
2008/12/03,0,275000,-109000,166000
2008/12/04,0,176000,-115000,61000
2008/12/05,0,0,-220000,-220000
2008/12/08,0,1000,-70000,-69000
2008/12/09,0,13000,0,13000
2008/12/10,0,0,-810000,-810000
2008/12/11,0,14000,-252000,-238000
2008/12/12,0,0,-491000,-491000
2008/12/15,0,0,-260000,-260000
2008/12/16,0,252000,-158000,94000
2008/12/17,0,1254000,-334000,920000
2008/12/18,0,903000,-328000,575000
2008/12/19,0,280000,-252000,28000
2008/12/22,0,0,-462000,-462000
2008/12/23,0,1000,-216000,-215000
2008/12/24,0,190000,0,190000
2008/12/25,0,0,0,0
2008/12/26,0,0,0,0
2008/12/29,0,91000,0,91000
2008/12/30,0,0,0,0
2008/12/31,0,0,0,0
2009/01/01,0,0,0,0
2009/01/02,0,0,0,0
2009/01/05,0,500000,-200000,300000
2009/01/06,0,0,-200000,-200000
2009/01/07,0,0,0,0
2009/01/08,0,0,0,0
2009/01/09,0,3000,0,3000
2009/01/12,0,1000,0,1000
2009/01/13,0,1000,0,1000
2009/01/14,0,0,0,0
2009/01/15,0,0,0,0
2009/01/16,0,2000,0,2000
2009/01/19,0,100000,0,100000
2009/01/20,0,100000,0,100000
2009/01/21,0,0,0,0
2009/01/22,0,0,0,0
2009/01/23,0,0,0,0
2009/01/26,0,0,0,0
2009/01/27,0,0,0,0
2009/01/28,0,0,0,0
2009/01/29,0,0,0,0
2009/01/30,0,0,0,0
2009/02/02,0,0,0,0
2009/02/03,0,560000,0,560000
2009/02/04,0,490000,0,490000
2009/02/05,0,400000,-541040,-141040
2009/02/06,0,0,0,0
2009/02/09,0,0,-280000,-280000
2009/02/10,0,0,-750000,-750000
2009/02/11,0,0,-596000,-596000
2009/02/12,0,0,0,0
2009/02/13,0,200000,0,200000
2009/02/16,0,1730000,-841000,889000
2009/02/17,0,1410000,-300000,1110000
2009/02/18,0,1520000,-1200000,320000
2009/02/19,0,100000,-522000,-422000
2009/02/20,0,0,0,0
2009/02/23,0,295000,0,295000
2009/02/24,0,855000,-270000,585000
2009/02/25,0,2230000,-777000,1453000
2009/02/26,0,1773000,-299000,1474000
2009/02/27,0,600000,-460000,140000
2009/03/02,0,70000,-287000,-217000
2009/03/03,0,638000,-177000,461000
2009/03/04,0,800000,0,800000
2009/03/05,0,800000,-399000,401000
2009/03/06,0,860000,0,860000
2009/03/09,0,1656000,-600000,1056000
2009/03/10,0,1625000,-903000,722000
2009/03/11,0,0,-100000,-100000
2009/03/12,0,0,-1228000,-1228000
2009/03/13,0,50000,-984000,-934000
2009/03/16,0,125000,-924000,-799000
2009/03/17,0,500000,-2000,498000
2009/03/18,0,50000,-483000,-433000
2009/03/19,0,0,-1530000,-1530000
2009/03/20,0,0,-1620000,-1620000
2009/03/23,0,2967000,-501000,2466000
2009/03/24,0,115000,-4000,111000
2009/03/25,0,936000,-572000,364000
2009/03/26,0,815000,-634000,181000
2009/03/27,0,442000,-200000,242000
2009/03/30,0,1326000,-931000,395000
2009/03/31,0,689000,-587000,102000
2009/04/01,0,397000,-268000,129000
2009/04/02,0,300000,-998000,-698000
2009/04/03,0,1617000,-284000,1333000
2009/04/06,0,3060000,-1079000,1981000
2009/04/07,0,1131000,0,1131000
2009/04/08,0,350000,-21000,329000
2009/04/09,0,1979000,-241000,1738000
2009/04/10,0,240000,-494000,-254000
2009/04/13,0,0,-749000,-749000
2009/04/14,0,85000,-902000,-817000
2009/04/15,0,800000,-450000,350000
2009/04/16,0,450000,-823000,-373000
2009/04/17,0,300000,-160000,140000
2009/04/20,0,1211000,-957000,254000
2009/04/21,0,3240000,-1145000,2095000
2009/04/22,0,856000,-100000,756000
2009/04/23,0,2800000,-151000,2649000
2009/04/24,0,400000,-1203000,-803000
2009/04/27,0,1000000,-50000,950000
2009/04/28,0,961000,0,961000
2009/04/29,0,2363000,-506000,1857000
2009/04/30,0,30000,-608,29392
2009/05/01,0,0,0,0
2009/05/04,0,590000,0,590000
2009/05/05,0,207000,-330000,-123000
2009/05/06,0,908000,-420000,488000
2009/05/07,0,1643000,-289000,1354000
2009/05/08,0,349000,-56000,293000
2009/05/11,0,800000,-150000,650000
2009/05/12,0,1127000,-573000,554000
2009/05/13,0,1744000,-306000,1438000
2009/05/14,0,250000,-200000,50000
2009/05/15,0,481000,-200000,281000
2009/05/18,0,1632000,-2432000,-800000
2009/05/19,0,1295000,-123000,1172000
2009/05/20,0,2176000,-1000,2175000
2009/05/21,0,885000,0,885000
2009/05/22,0,999000,-2000,997000
2009/05/25,0,250000,-251000,-1000
2009/05/26,0,289000,-251000,38000
2009/05/27,0,0,-28000,-28000
2009/05/28,0,0,0,0
2009/05/29,0,0,0,0
2009/06/01,0,0,-864000,-864000
2009/06/02,0,100000,-891000,-791000
2009/06/03,0,0,-1130000,-1130000
2009/06/04,0,250000,-1350000,-1100000
2009/06/05,0,300000,-512000,-212000
2009/06/08,0,1684000,-148000,1536000
2009/06/09,0,221000,-1990000,-1769000
2009/06/10,0,1222000,-600000,622000
2009/06/11,0,155000,0,155000
2009/06/12,0,260000,-25000,235000
2009/06/15,0,151000,-200000,-49000
2009/06/16,0,1161000,-2251000,-1090000
2009/06/17,0,2000,-1641000,-1639000
2009/06/18,0,459000,-1889000,-1430000
2009/06/19,0,1157000,-224000,933000
2009/06/22,0,61000,0,61000
2009/06/23,0,1090000,-851000,239000
2009/06/24,0,60000,-50000,10000
2009/06/25,0,451000,-500000,-49000
2009/06/26,0,0,0,0
2009/06/29,0,495000,0,495000
2009/06/30,0,1642000,-300000,1342000
2009/07/01,0,51000,0,51000
2009/07/02,0,2051000,-400000,1651000
2009/07/03,0,50000,-1164000,-1114000
2009/07/06,0,0,-325000,-325000
2009/07/07,0,96000,-3357000,-3261000
2009/07/08,0,0,-568000,-568000
2009/07/09,0,1853000,-100000,1753000
2009/07/10,0,0,-831000,-831000
2009/07/13,0,0,-1209000,-1209000
2009/07/14,0,742000,-3957000,-3215000
2009/07/15,0,0,-3193000,-3193000
2009/07/16,0,2137000,-2153000,-16000
2009/07/17,0,2005000,-800000,1205000
2009/07/20,0,1000,0,1000
2009/07/21,0,0,-2000,-2000
2009/07/22,0,30000,0,30000
2009/07/23,0,50000,-710000,-660000
2009/07/24,0,0,-1000,-1000
2009/07/27,0,0,0,0
2009/07/28,0,788000,0,788000
2009/07/29,0,500000,-1387000,-887000
2009/07/30,0,370000,-157000,213000
2009/07/31,0,0,-191000,-191000
2009/08/03,0,100000,-286000,-186000
2009/08/04,0,50000,0,50000
2009/08/05,0,0,0,0
2009/08/06,0,40000,-180000,-140000
2009/08/07,0,0,0,0
2009/08/10,0,233000,-387000,-154000
2009/08/11,0,1000,0,1000
2009/08/12,0,34000,0,34000
2009/08/13,0,220000,-50000,170000
2009/08/14,0,50000,0,50000
2009/08/17,0,1418000,-449000,969000
2009/08/18,0,281000,-193000,88000
2009/08/19,0,968000,-100000,868000
2009/08/20,0,0,-130000,-130000
2009/08/21,0,0,0,0
2009/08/24,0,749000,0,749000
2009/08/25,0,426000,0,426000
2009/08/26,0,1260000,0,1260000
2009/08/27,0,2550000,0,2550000
2009/08/28,0,555000,0,555000
2009/08/31,0,1176000,0,1176000
2009/09/01,0,300000,0,300000
2009/09/02,0,140000,-680000,-540000
2009/09/03,0,415000,-101000,314000
2009/09/04,0,250000,-31000,219000
2009/09/07,0,65000,-150000,-85000
2009/09/08,0,150000,-206000,-56000
2009/09/09,0,1000,-119000,-118000
2009/09/10,0,103000,0,103000
2009/09/11,0,100000,-390000,-290000
2009/09/14,0,441000,-381000,60000
2009/09/15,0,316000,0,316000
2009/09/16,0,0,-70000,-70000
2009/09/17,0,0,-385000,-385000
2009/09/18,0,0,-272000,-272000
2009/09/21,0,50000,0,50000
2009/09/22,0,0,0,0
2009/09/23,0,243000,-101000,142000
2009/09/24,0,305000,0,305000
2009/09/25,0,0,-300000,-300000
2009/09/28,0,0,-200000,-200000
2009/09/29,0,307000,0,307000
2009/09/30,0,1102000,-70000,1032000
2009/10/01,0,800000,0,800000
2009/10/02,0,82000,-286000,-204000
2009/10/05,0,80000,-130000,-50000
2009/10/06,0,0,-250000,-250000
2009/10/07,0,0,-300000,-300000
2009/10/08,0,0,-211000,-211000
2009/10/09,0,539000,0,539000
2009/10/12,0,30000,-381000,-351000
2009/10/13,0,618000,-150000,468000
2009/10/14,0,822000,-789000,33000
2009/10/15,0,1392000,-1272000,120000
2009/10/16,0,142000,-116950,25050
2009/10/19,0,12000,-170840,-158840
2009/10/20,0,500000,-309000,191000
2009/10/21,0,756000,-277000,479000
2009/10/22,0,0,-497000,-497000
2009/10/23,0,229000,0,229000
2009/10/26,0,30000,-119040,-89040
2009/10/27,0,578000,-70000,508000
2009/10/28,0,0,-492000,-492000
2009/10/29,0,0,-822000,-822000
2009/10/30,0,147000,0,147000
2009/11/02,0,207000,-1530,205470
2009/11/03,0,32000,-40000,-8000
2009/11/04,0,464000,-296000,168000
2009/11/05,0,762000,-400000,362000
2009/11/06,0,1048000,-60000,988000
2009/11/09,0,349000,0,349000
2009/11/10,0,1040000,-16000,1024000
2009/11/11,0,350000,-70000,280000
2009/11/12,0,150000,-493500,-343500
2009/11/13,0,0,-2000,-2000
2009/11/16,0,338000,-100,337900
2009/11/17,0,151000,-30000,121000
2009/11/18,0,0,-37000,-37000
2009/11/19,0,440000,0,440000
2009/11/20,0,1081000,-860680,220320
2009/11/23,0,797000,-54000,743000
2009/11/24,0,0,-150000,-150000
2009/11/25,0,1355000,-19000,1336000
2009/11/26,0,743000,-45000,698000
2009/11/27,0,230000,0,230000
2009/11/30,0,0,-2000,-2000
2009/12/01,0,370000,0,370000
2009/12/02,0,320000,-550000,-230000
2009/12/03,0,0,0,0
2009/12/04,0,0,-579000,-579000
2009/12/07,0,519000,-230000,289000
2009/12/08,0,898000,-21500,876500
2009/12/09,0,750000,-56000,694000
2009/12/10,0,970000,-105000,865000
2009/12/11,0,958000,-440000,518000
2009/12/14,0,479000,0,479000
2009/12/15,0,523000,-20000,503000
2009/12/16,0,0,-100000,-100000
2009/12/17,0,0,-483000,-483000
2009/12/18,0,0,-28800,-28800
2009/12/21,0,1050000,-392000,658000
2009/12/22,0,150000,-458000,-308000
2009/12/23,0,30000,-698000,-668000
2009/12/24,0,0,-853000,-853000
2009/12/25,0,0,-1000,-1000
2009/12/28,0,20000,-910600,-890600
2009/12/29,0,0,-648000,-648000
2009/12/30,0,0,-6100,-6100
2009/12/31,0,225000,-10000,215000
2010/01/01,0,0,0,0
2010/01/04,0,0,-1170000,-1170000
2010/01/05,0,0,-2514000,-2514000
2010/01/06,0,0,-1154440,-1154440
2010/01/07,0,30000,-1334000,-1304000
2010/01/08,0,1245000,-684000,561000
2010/01/11,0,333000,-1396000,-1063000
2010/01/12,0,340000,-400000,-60000
2010/01/13,0,22000,-350000,-328000
2010/01/14,0,0,0,0
2010/01/15,0,0,-1301000,-1301000
2010/01/18,0,160000,-4470120,-4310120
2010/01/19,0,3000,-3598860,-3595860
2010/01/20,0,300000,-796900,-496900
2010/01/21,0,0,-600000,-600000
2010/01/22,0,500000,0,500000
2010/01/25,0,150000,-1000,149000
2010/01/26,0,150000,-80000,70000
2010/01/27,0,22000,-1264970,-1242970
2010/01/28,0,1000,-624000,-623000
2010/01/29,0,1000,0,1000
2010/02/01,0,151000,-104000,47000
2010/02/02,0,0,-520000,-520000
2010/02/03,0,305000,-560000,-255000
2010/02/04,0,510000,0,510000
2010/02/05,0,1000,-140000,-139000
2010/02/08,0,615000,-610000,5000
2010/02/09,0,35000,0,35000
2010/02/10,0,300000,0,300000
2010/02/11,0,0,0,0
2010/02/12,0,0,0,0
2010/02/15,0,0,0,0
2010/02/16,0,0,0,0
2010/02/17,0,0,0,0
2010/02/18,0,0,0,0
2010/02/19,0,0,0,0
2010/02/22,0,421000,0,421000
2010/02/23,0,1509000,-130000,1379000
2010/02/24,0,1119000,-100000,1019000
2010/02/25,0,0,-81000,-81000
2010/02/26,0,391000,-259000,132000
2010/03/01,0,101000,-86000,15000
2010/03/02,0,75000,-933000,-858000
2010/03/03,0,911000,0,911000
2010/03/04,0,1423000,-1000,1422000
2010/03/05,0,0,-219000,-219000
2010/03/08,0,400000,-200290,199710
2010/03/09,0,117000,-785000,-668000
2010/03/10,0,245000,0,245000
2010/03/11,0,464000,-145000,319000
2010/03/12,0,21000,-3000,18000
2010/03/15,0,334000,-90000,244000
2010/03/16,0,116000,-773000,-657000
2010/03/17,0,919000,0,919000
2010/03/18,0,1115000,-231000,884000
2010/03/19,0,514000,-387200,126800
2010/03/22,0,0,-24000,-24000
2010/03/23,0,0,-534000,-534000
2010/03/24,0,85000,-152000,-67000
2010/03/25,0,0,-401000,-401000
2010/03/26,0,347000,-360000,-13000
2010/03/29,0,119000,-203000,-84000
2010/03/30,0,348000,0,348000
2010/03/31,0,100000,0,100000
2010/04/01,0,0,0,0
2010/04/02,0,0,-1000,-1000
2010/04/05,0,0,0,0
2010/04/06,0,50000,-1497130,-1447130
2010/04/07,0,178000,-970000,-792000
2010/04/08,0,795000,-674460,120540
2010/04/09,0,0,-14000,-14000
2010/04/12,0,100000,-71500,28500
2010/04/13,0,800000,-661000,139000
2010/04/14,0,0,-20000,-20000
2010/04/15,0,335000,-1000,334000
2010/04/16,0,40000,0,40000
2010/04/19,0,0,-211000,-211000
2010/04/20,0,50000,-386000,-336000
2010/04/21,0,0,-242000,-242000
2010/04/22,0,80000,-310000,-230000
2010/04/23,0,307000,-92000,215000
2010/04/26,0,0,0,0
2010/04/27,0,0,-208000,-208000
2010/04/28,0,0,-337000,-337000
2010/04/29,0,0,-200000,-200000
2010/04/30,0,0,-222000,-222000
2010/05/03,0,0,0,0
2010/05/04,0,20000,-2288000,-2268000
2010/05/05,0,835000,-1977000,-1142000
2010/05/06,0,210000,-422000,-212000
2010/05/07,0,1335000,-704000,631000
2010/05/10,0,1058000,-569050,488950
2010/05/11,0,301000,-425000,-124000
2010/05/12,0,0,-50000,-50000
2010/05/13,0,0,-230000,-230000
2010/05/14,0,2000,-137000,-135000
2010/05/17,0,80000,-68000,12000
2010/05/18,0,0,-276000,-276000
2010/05/19,0,0,0,0
2010/05/20,0,12000,-84000,-72000
2010/05/21,0,87000,-255000,-168000
2010/05/24,0,3000,-180000,-177000
2010/05/25,0,500000,-212000,288000
2010/05/26,0,1061000,0,1061000
2010/05/27,0,803000,-83000,720000
2010/05/28,0,0,-110000,-110000
2010/05/31,0,0,-101700,-101700
2010/06/01,0,522000,-960500,-438500
2010/06/02,0,981000,-144000,837000
2010/06/03,0,435000,-619000,-184000
2010/06/04,0,0,-248000,-248000
2010/06/07,0,0,-185000,-185000
2010/06/08,0,802000,-583000,219000
2010/06/09,0,500000,-2099000,-1599000
2010/06/10,0,0,-770000,-770000
2010/06/11,0,925000,-1300000,-375000
2010/06/14,0,273000,-838440,-565440
2010/06/15,0,619000,0,619000
2010/06/16,0,0,0,0
2010/06/17,0,0,-145000,-145000
2010/06/18,0,150000,-820000,-670000
2010/06/21,0,790000,0,790000
2010/06/22,0,1621000,-117000,1504000
2010/06/23,0,100000,-497000,-397000
2010/06/24,0,1259000,0,1259000
2010/06/25,0,822000,-38000,784000
2010/06/28,0,401000,-77000,324000
2010/06/29,0,600000,-59000,541000
2010/06/30,0,0,-510000,-510000
2010/07/01,0,200000,-323000,-123000
2010/07/02,0,344000,-99000,245000
2010/07/05,0,888000,0,888000
2010/07/06,0,1000,-20000,-19000
2010/07/07,0,150000,-900000,-750000
2010/07/08,0,350000,0,350000
2010/07/09,0,83000,-186000,-103000
2010/07/12,0,0,-65000,-65000
2010/07/13,0,0,-74000,-74000
2010/07/14,0,25000,-300000,-275000
2010/07/15,0,121000,-1172000,-1051000
2010/07/16,0,0,-554000,-554000
2010/07/19,0,0,-635000,-635000
2010/07/20,0,947000,-408250,538750
2010/07/21,0,136000,-272000,-136000
2010/07/22,0,0,-78000,-78000
2010/07/23,0,210000,-20000,190000
2010/07/26,0,241000,0,241000
2010/07/27,0,0,-102000,-102000
2010/07/28,0,0,-84000,-84000
2010/07/29,0,164000,-16000,148000
2010/07/30,0,188000,-10000,178000
2010/08/02,0,220000,-30000,190000
2010/08/03,0,1031000,-10000,1021000
2010/08/04,0,0,-326000,-326000
2010/08/05,0,274000,-750000,-476000
2010/08/06,0,60000,-1077000,-1017000
2010/08/09,0,300000,-1224000,-924000
2010/08/10,0,50000,-10000,40000
2010/08/11,0,1000,0,1000
2010/08/12,0,24000,-202000,-178000
2010/08/13,0,350000,-111000,239000
2010/08/16,0,654000,-340500,313500
2010/08/17,0,200000,-600000,-400000
2010/08/18,0,137000,-293500,-156500
2010/08/19,0,350000,0,350000
2010/08/20,0,71000,-6000,65000
2010/08/23,0,134000,-466000,-332000
2010/08/24,0,1997000,-1000,1996000
2010/08/25,0,0,-270000,-270000
2010/08/26,0,0,0,0
2010/08/27,0,0,-400000,-400000
2010/08/30,0,1000,-1329000,-1328000
2010/08/31,0,13000,-1774000,-1761000
2010/09/01,0,0,-688000,-688000
2010/09/02,0,60000,-1901258,-1841258
2010/09/03,0,1424000,-3778000,-2354000
2010/09/06,0,540000,-2284000,-1744000
2010/09/07,0,377000,-2579935,-2202935
2010/09/08,0,360000,-6148386,-5788386
2010/09/09,0,214000,-711590,-497590
2010/09/10,0,270000,0,270000
2010/09/13,0,280000,0,280000
2010/09/14,0,0,-100000,-100000
2010/09/15,0,0,-93129,-93129
2010/09/16,0,103000,-587000,-484000
2010/09/17,0,0,-252000,-252000
2010/09/20,0,0,-1331000,-1331000
2010/09/21,0,0,-1935000,-1935000
2010/09/22,0,0,0,0
2010/09/23,0,228000,-908085,-680085
2010/09/24,0,0,-1000,-1000
2010/09/27,0,0,-175000,-175000
2010/09/28,0,9000,-80000,-71000
2010/09/29,0,375000,-70000,305000
2010/09/30,0,709000,-1182,707818
2010/10/01,0,812000,0,812000
2010/10/04,0,870000,0,870000
2010/10/05,0,578000,0,578000
2010/10/06,0,170000,-895000,-725000
2010/10/07,0,170000,0,170000
2010/10/08,0,10000,0,10000
2010/10/11,0,20000,-106000,-86000
2010/10/12,0,138000,0,138000
2010/10/13,0,130000,-134000,-4000
2010/10/14,0,0,-100000,-100000
2010/10/15,0,150000,-163000,-13000
2010/10/18,0,10000,-1437000,-1427000
2010/10/19,0,181000,-2961000,-2780000
2010/10/20,0,150000,-386000,-236000
2010/10/21,0,0,-680000,-680000
2010/10/22,0,200000,-1366000,-1166000
2010/10/25,0,0,-1037210,-1037210
2010/10/26,0,0,-1301000,-1301000
2010/10/27,0,841000,-806000,35000
2010/10/28,0,0,-350000,-350000
2010/10/29,0,180000,-12000,168000
2010/11/01,0,570000,-500000,70000
2010/11/02,0,380000,0,380000
2010/11/03,0,200000,-314000,-114000
2010/11/04,0,0,-377000,-377000
2010/11/05,0,100000,-284000,-184000
2010/11/08,0,0,-152967,-152967
2010/11/09,0,50000,0,50000
2010/11/10,0,0,0,0
2010/11/11,0,0,0,0
2010/11/12,0,0,-182000,-182000
2010/11/15,0,21000,-495000,-474000
2010/11/16,0,0,-200000,-200000
2010/11/17,0,0,-270000,-270000
2010/11/18,0,0,-400000,-400000
2010/11/19,0,10000,-373000,-363000
2010/11/22,0,0,-2000,-2000
2010/11/23,0,0,-483000,-483000
2010/11/24,0,0,-200000,-200000
2010/11/25,0,10000,0,10000
2010/11/26,0,0,-703000,-703000
2010/11/29,0,0,-598000,-598000
2010/11/30,0,0,-397000,-397000
2010/12/01,0,0,-123000,-123000
2010/12/02,0,0,-980000,-980000
2010/12/03,0,0,-300000,-300000
2010/12/06,0,0,-34000,-34000
2010/12/07,0,0,-463300,-463300
2010/12/08,0,0,-582000,-582000
2010/12/09,0,0,-396000,-396000
2010/12/10,0,0,-562000,-562000
2010/12/13,0,0,-301000,-301000
2010/12/14,0,280000,0,280000
2010/12/15,0,0,0,0
2010/12/16,0,0,0,0
2010/12/17,0,0,-16000,-16000
2010/12/20,0,0,-1000,-1000
2010/12/21,0,0,-784000,-784000
2010/12/22,0,1000,-65000,-64000
2010/12/23,0,0,0,0
2010/12/24,0,0,0,0
2010/12/27,0,0,-158000,-158000
2010/12/28,0,0,-727000,-727000
2010/12/29,0,0,-726000,-726000
2010/12/30,0,0,-390000,-390000
2010/12/31,0,0,-1000000,-1000000
2011/01/03,0,0,-636090,-636090
2011/01/04,0,0,-445000,-445000
2011/01/05,0,0,-611000,-611000
2011/01/06,0,0,0,0
2011/01/07,0,0,-50000,-50000
2011/01/10,0,0,-1000,-1000
2011/01/11,0,0,0,0
2011/01/12,0,0,-981000,-981000
2011/01/13,0,0,0,0
2011/01/14,0,0,0,0
2011/01/17,0,0,0,0
2011/01/18,0,0,0,0
2011/01/19,0,0,0,0
2011/01/20,0,0,0,0
2011/01/21,0,0,-300000,-300000
2011/01/24,0,0,0,0
2011/01/25,0,0,0,0
2011/01/26,0,0,-600000,-600000
2011/01/27,0,179000,-10000,169000
2011/01/28,0,0,-240000,-240000
2011/01/31,0,0,0,0
2011/02/01,0,0,0,0
2011/02/02,0,0,0,0
2011/02/03,0,0,0,0
2011/02/04,0,0,0,0
2011/02/07,0,0,0,0
2011/02/08,0,440000,-205000,235000
2011/02/09,0,0,-320760,-320760
2011/02/10,0,0,0,0
2011/02/11,0,0,0,0
2011/02/14,0,0,0,0
2011/02/15,0,0,0,0
2011/02/16,0,0,0,0
2011/02/17,0,0,0,0
2011/02/18,0,0,0,0
2011/02/21,0,0,0,0
2011/02/22,0,0,0,0
2011/02/23,0,8000,-260000,-252000
2011/02/24,0,0,-50000,-50000
2011/02/25,0,0,-200000,-200000
2011/02/28,0,0,0,0
2011/03/01,0,0,0,0
2011/03/02,0,0,0,0
2011/03/03,0,0,-200000,-200000
2011/03/04,0,0,0,0
2011/03/07,0,0,0,0
2011/03/08,0,0,0,0
2011/03/09,0,15000,0,15000
2011/03/10,0,0,0,0
2011/03/11,0,0,0,0
2011/03/14,0,0,0,0
2011/03/15,0,0,-1000,-1000
2011/03/16,0,0,0,0
2011/03/17,0,2000,0,2000
2011/03/18,0,0,0,0
2011/03/21,0,0,0,0
2011/03/22,0,0,0,0
2011/03/23,0,0,-248000,-248000
2011/03/24,0,0,0,0
2011/03/25,0,0,0,0
2011/03/28,0,0,0,0
2011/03/29,0,0,0,0
2011/03/30,0,0,-8000,-8000
2011/03/31,0,0,-16000,-16000
2011/04/01,0,0,0,0
2011/04/04,0,0,0,0
2011/04/05,0,0,0,0
2011/04/06,0,0,0,0
2011/04/07,0,0,0,0
2011/04/08,0,0,0,0
2011/04/11,0,0,0,0
2011/04/12,0,0,0,0
2011/04/13,0,0,0,0
2011/04/14,0,0,0,0
2011/04/15,0,0,0,0
2011/04/18,0,0,0,0
2011/04/19,0,0,0,0
2011/04/20,0,0,0,0
2011/04/21,0,0,0,0
2011/04/22,0,0,0,0
2011/04/25,0,0,0,0
2011/04/26,0,0,0,0
2011/04/27,0,58000,0,58000
2011/04/28,0,101000,0,101000
2011/04/29,0,0,-300000,-300000
2011/05/02,0,0,0,0
2011/05/03,0,35000,0,35000
2011/05/04,0,0,0,0
2011/05/05,0,0,-1000000,-1000000
2011/05/06,0,0,0,0
2011/05/09,0,0,0,0
2011/05/10,0,0,0,0
2011/05/11,0,0,-277000,-277000
2011/05/12,0,1000,0,1000
2011/05/13,0,136000,-323250,-187250
2011/05/16,0,1000,-17000,-16000
2011/05/17,0,0,0,0
2011/05/18,0,0,0,0
2011/05/19,0,0,0,0
2011/05/20,0,27000,0,27000
2011/05/23,0,0,-1000,-1000
2011/05/24,0,0,-295000,-295000
2011/05/25,0,0,0,0
2011/05/26,0,0,-80000,-80000
2011/05/27,0,0,-45000,-45000
2011/05/30,0,1000,-1000,0
2011/05/31,0,0,0,0
2011/06/01,0,0,-160000,-160000
2011/06/02,0,0,-236000,-236000
2011/06/03,0,0,0,0
2011/06/06,0,0,0,0
2011/06/07,0,0,-40000,-40000
2011/06/08,0,1000,0,1000
2011/06/09,0,0,-20000,-20000
2011/06/10,0,0,-70000,-70000
2011/06/13,0,0,-20000,-20000
2011/06/14,0,2000,0,2000
2011/06/15,0,0,-17000,-17000
2011/06/16,0,0,0,0
2011/06/17,0,4000,-3000,1000
2011/06/20,0,2000,-1000,1000
2011/06/21,0,2000,0,2000
2011/06/22,0,2000,0,2000
2011/06/23,0,1000,0,1000
2011/06/24,0,29000,0,29000
2011/06/27,0,0,0,0
2011/06/28,0,64000,0,64000
2011/06/29,0,6000,0,6000
2011/06/30,0,31000,0,31000
2011/07/01,0,1000,-389000,-388000
2011/07/04,0,105000,-400000,-295000
2011/07/05,0,416000,-651000,-235000
2011/07/06,0,310000,-80000,230000
2011/07/07,0,0,0,0
2011/07/08,0,0,-63000,-63000
2011/07/11,0,0,0,0
2011/07/12,0,181000,-200,180800
2011/07/13,0,2000,0,2000
2011/07/14,0,0,-25000,-25000
2011/07/15,0,2000,0,2000
2011/07/18,0,100000,0,100000
2011/07/19,0,1000,0,1000
2011/07/20,0,2000,0,2000
2011/07/21,0,1000,0,1000
2011/07/22,0,0,-2000,-2000
2011/07/25,0,0,-3000,-3000
2011/07/26,0,0,0,0
2011/07/27,0,0,-1000,-1000
2011/07/28,0,0,-2000,-2000
2011/07/29,0,0,0,0
2011/08/01,0,101000,0,101000
2011/08/02,0,0,-1000,-1000
2011/08/03,0,4000,0,4000
2011/08/04,0,8000,0,8000
2011/08/05,0,6000,0,6000
2011/08/08,0,5000,-60000,-55000
2011/08/09,0,7000,0,7000
2011/08/10,0,0,0,0
2011/08/11,0,8000,0,8000
2011/08/12,0,0,0,0
2011/08/15,0,1000,0,1000
2011/08/16,0,380000,0,380000
2011/08/17,0,180000,-1000,179000
2011/08/18,0,53000,0,53000
2011/08/19,0,1000,-12000,-11000
2011/08/22,0,51000,0,51000
2011/08/23,0,1000,0,1000
2011/08/24,0,0,0,0
2011/08/25,0,0,0,0
2011/08/26,0,1000,0,1000
2011/08/29,0,70000,0,70000
2011/08/30,0,45000,0,45000
2011/08/31,0,0,0,0
2011/09/01,0,0,0,0
2011/09/02,0,0,-2000,-2000
2011/09/05,0,0,-1000,-1000
2011/09/06,0,0,-249000,-249000
2011/09/07,0,3000,0,3000
2011/09/08,0,50000,0,50000
2011/09/09,0,0,0,0
2011/09/12,0,0,0,0
2011/09/13,0,0,-1094,-1094
2011/09/14,0,1000,0,1000
2011/09/15,0,0,-15000,-15000
2011/09/16,0,1000,0,1000
2011/09/19,0,1000,0,1000
2011/09/20,0,0,0,0
2011/09/21,0,100365,0,100365
2011/09/22,0,0,0,0
2011/09/23,0,343000,0,343000
2011/09/26,0,335000,0,335000
2011/09/27,0,72000,0,72000
2011/09/28,0,249000,-1000,248000
2011/09/29,0,3400,0,3400
2011/09/30,0,0,0,0
2011/10/03,0,0,-1000,-1000
2011/10/04,0,1000,0,1000
2011/10/05,0,0,0,0
2011/10/06,0,0,0,0
2011/10/07,0,135000,0,135000
2011/10/10,0,0,0,0
2011/10/11,0,652000,0,652000
2011/10/12,0,0,0,0
2011/10/13,0,0,0,0
2011/10/14,0,0,-55000,-55000
2011/10/17,0,30000,-1028,28972
2011/10/18,0,30000,-1632,28368
2011/10/19,0,0,0,0
2011/10/20,0,0,0,0
2011/10/21,0,100000,0,100000
2011/10/24,0,1000,0,1000
2011/10/25,0,0,0,0
2011/10/26,0,1000,0,1000
2011/10/27,0,1000,0,1000
2011/10/28,0,1000,0,1000
2011/10/31,0,0,-1000,-1000
2011/11/01,0,0,-1000,-1000
2011/11/02,0,0,0,0
2011/11/03,0,0,0,0
2011/11/04,0,0,-2000,-2000
2011/11/07,0,0,0,0
2011/11/08,0,210000,0,210000
2011/11/09,0,287000,-342000,-55000
2011/11/10,0,507000,-150000,357000
2011/11/11,0,672000,-181000,491000
2011/11/14,0,1239000,-486149,752851
2011/11/15,0,0,-81000,-81000
2011/11/16,0,0,-425000,-425000
2011/11/17,0,80000,-331000,-251000
2011/11/18,0,4000,-639000,-635000
2011/11/21,0,1000,0,1000
2011/11/22,0,1000,-1000,0
2011/11/23,0,2000,0,2000
2011/11/24,0,172000,0,172000
2011/11/25,0,264000,-100000,164000
2011/11/28,0,282000,-125000,157000
2011/11/29,0,1000,0,1000
2011/11/30,0,0,0,0
2011/12/01,0,400000,-74000,326000
2011/12/02,0,250000,0,250000
2011/12/05,0,200000,-176000,24000
2011/12/06,0,250000,0,250000
2011/12/07,0,586000,0,586000
2011/12/08,0,740000,0,740000
2011/12/09,0,118565,0,118565
2011/12/12,0,246000,0,246000
2011/12/13,0,0,-50000,-50000
2011/12/14,0,50000,-25000,25000
2011/12/15,0,0,-26000,-26000
2011/12/16,0,0,-1000,-1000
2011/12/19,0,86000,0,86000
2011/12/20,0,40000,0,40000
2011/12/21,0,50000,-180000,-130000
2011/12/22,0,41000,0,41000
2011/12/23,0,286000,-1000,285000
2011/12/26,0,200000,0,200000
2011/12/27,0,1000,-20000,-19000
2011/12/28,0,0,-40000,-40000
2011/12/29,0,0,-93000,-93000
2011/12/30,0,0,-161000,-161000
2012/01/02,0,301000,-10000,291000
2012/01/03,0,0,-21000,-21000
2012/01/04,0,455000,-10000,445000
2012/01/05,0,0,-34306,-34306
2012/01/06,0,0,-271050,-271050
2012/01/09,0,0,-81000,-81000
2012/01/10,0,300000,-55000,245000
2012/01/11,0,200000,-41000,159000
2012/01/12,0,0,-284000,-284000
2012/01/13,0,0,-2000,-2000
2012/01/16,0,0,-151000,-151000
2012/01/17,0,83000,-29000,54000
2012/01/18,0,450000,-121000,329000
2012/01/19,0,0,0,0
2012/01/20,0,0,0,0
2012/01/23,0,0,0,0
2012/01/24,0,0,0,0
2012/01/25,0,0,0,0
2012/01/26,0,0,0,0
2012/01/27,0,0,0,0
2012/01/30,0,0,-4000,-4000
2012/01/31,0,115000,-310000,-195000
2012/02/01,0,500000,-91000,409000
2012/02/02,0,0,0,0
2012/02/03,0,0,-101000,-101000
2012/02/06,0,0,-382000,-382000
2012/02/07,0,0,-600000,-600000
2012/02/08,0,275000,-820000,-545000
2012/02/09,0,99255,-386000,-286745
2012/02/10,0,271000,0,271000
2012/02/13,0,0,-626000,-626000
2012/02/14,0,0,-869000,-869000
2012/02/15,0,0,-401000,-401000
2012/02/16,0,902000,-370000,532000
2012/02/17,0,1000,-239000,-238000
2012/02/20,0,0,-1000,-1000
2012/02/21,0,151000,-50000,101000
2012/02/22,0,486000,0,486000
2012/02/23,0,0,-75000,-75000
2012/02/24,0,0,-223000,-223000
2012/02/27,0,0,0,0
2012/02/28,0,0,0,0
2012/02/29,0,0,-480,-480
2012/03/01,0,0,0,0
2012/03/02,0,0,-373000,-373000
2012/03/05,0,0,-335000,-335000
2012/03/06,0,198000,-347000,-149000
2012/03/07,0,0,-133000,-133000
2012/03/08,0,100000,-6408,93592
2012/03/09,0,0,0,0
2012/03/12,0,0,-252000,-252000
2012/03/13,0,0,-308000,-308000
2012/03/14,0,0,-8000,-8000
2012/03/15,0,0,-128000,-128000
2012/03/16,0,0,-286000,-286000
2012/03/19,0,0,-140250,-140250
2012/03/20,0,0,-1000,-1000
2012/03/21,0,0,-100000,-100000
2012/03/22,0,0,0,0
2012/03/23,0,0,-94000,-94000
2012/03/26,0,0,-130000,-130000
2012/03/27,0,0,0,0
2012/03/28,0,0,-250000,-250000
2012/03/29,0,0,-230000,-230000
2012/03/30,0,0,-120000,-120000
2012/04/02,0,0,0,0
2012/04/03,0,0,-51000,-51000
2012/04/04,0,0,0,0
2012/04/05,0,5124,-500000,-494876
2012/04/06,0,0,0,0
2012/04/09,0,0,-1000,-1000
2012/04/10,0,0,0,0
2012/04/11,0,0,0,0
2012/04/12,0,0,0,0
2012/04/13,0,0,0,0
2012/04/16,0,0,0,0
2012/04/17,0,0,-300000,-300000
2012/04/18,0,0,-300000,-300000
2012/04/19,0,0,0,0
2012/04/20,0,0,0,0
2012/04/23,0,0,0,0
2012/04/24,0,1000,0,1000
2012/04/25,0,0,-240000,-240000
2012/04/26,0,0,-60000,-60000
2012/04/27,0,0,0,0
2012/04/30,0,0,0,0
2012/05/01,0,0,0,0
2012/05/02,0,3000,0,3000
2012/05/03,0,1123,0,1123
2012/05/04,0,0,-1000,-1000
2012/05/07,0,0,-220,-220
2012/05/08,0,0,0,0
2012/05/09,0,0,0,0
2012/05/10,0,0,0,0
2012/05/11,0,0,0,0
2012/05/14,0,0,0,0
2012/05/15,0,3000,0,3000
2012/05/16,0,104000,0,104000
2012/05/17,0,0,0,0
2012/05/18,0,0,-22000,-22000
2012/05/21,0,0,0,0
2012/05/22,0,0,0,0
2012/05/23,0,35000,-2000,33000
2012/05/24,0,0,-270000,-270000
2012/05/25,0,0,0,0
2012/05/28,0,0,0,0
2012/05/29,0,222000,0,222000
2012/05/30,0,0,-4017,-4017
2012/05/31,0,0,0,0
2012/06/01,0,0,0,0
2012/06/04,0,3000,0,3000
2012/06/05,0,2000,-50000,-48000
2012/06/06,0,0,0,0
2012/06/07,0,0,0,0
2012/06/08,0,41000,-220000,-179000
2012/06/11,0,16000,0,16000
2012/06/12,0,50000,0,50000
2012/06/13,0,28000,0,28000
2012/06/14,0,22000,-1000,21000
2012/06/15,0,200000,0,200000
2012/06/18,0,150000,-150,149850
2012/06/19,0,0,0,0
2012/06/20,0,0,-2000,-2000
2012/06/21,0,150000,0,150000
2012/06/22,0,0,0,0
2012/06/25,0,200000,0,200000
2012/06/26,0,100000,-11336,88664
2012/06/27,0,0,0,0
2012/06/28,0,0,-3000,-3000
2012/06/29,0,0,0,0
2012/07/02,0,0,-1000,-1000
2012/07/03,0,1000,0,1000
2012/07/04,0,0,0,0
2012/07/05,0,0,-1000,-1000
2012/07/06,0,0,0,0
2012/07/09,0,0,0,0
2012/07/10,0,0,0,0
2012/07/11,0,100000,0,100000
2012/07/12,0,0,0,0
2012/07/13,0,100000,0,100000
2012/07/16,0,0,0,0
2012/07/17,0,6000,0,6000
2012/07/18,0,0,-23000,-23000
2012/07/19,0,0,0,0
2012/07/20,0,0,0,0
2012/07/23,0,100000,0,100000
2012/07/24,0,0,0,0
2012/07/25,0,150000,0,150000
2012/07/26,0,0,0,0
2012/07/27,0,0,0,0
2012/07/30,0,100000,0,100000
2012/07/31,0,0,0,0
2012/08/01,0,0,0,0
2012/08/02,0,0,0,0
2012/08/03,0,0,0,0
2012/08/06,0,0,-1000,-1000
2012/08/07,0,0,-60000,-60000
2012/08/08,0,0,-12000,-12000
2012/08/09,0,18000,-8000,10000
2012/08/10,0,0,-5000,-5000
2012/08/13,0,0,-5000,-5000
2012/08/14,0,0,-3000,-3000
2012/08/15,0,0,-124000,-124000
2012/08/16,0,0,-2000,-2000
2012/08/17,0,7057,-2000,5057
2012/08/20,0,0,-3000,-3000
2012/08/21,0,0,-1000,-1000
2012/08/22,0,0,-1000,-1000
2012/08/23,0,0,0,0
2012/08/24,0,0,0,0
2012/08/27,0,0,-3000,-3000
2012/08/28,0,0,0,0
2012/08/29,0,0,-3000,-3000
2012/08/30,0,0,-1000,-1000
2012/08/31,0,0,-1000,-1000
2012/09/03,0,0,-2000,-2000
2012/09/04,0,0,0,0
2012/09/05,0,0,-1000,-1000
2012/09/06,0,0,0,0
2012/09/07,0,0,-1000,-1000
2012/09/10,0,0,0,0
2012/09/11,0,0,0,0
2012/09/12,0,0,-8000,-8000
2012/09/13,0,500,0,500
2012/09/14,0,0,0,0
2012/09/17,0,0,0,0
2012/09/18,0,45000,0,45000
2012/09/19,0,52000,-1000,51000
2012/09/20,0,0,0,0
2012/09/21,0,0,-1000,-1000
2012/09/24,0,0,0,0
2012/09/25,0,0,0,0
2012/09/26,0,0,-1000,-1000
2012/09/27,0,0,0,0
2012/09/28,0,1000,0,1000
2012/10/01,0,0,0,0
2012/10/02,0,0,0,0
2012/10/03,0,0,0,0
2012/10/04,0,0,0,0
2012/10/05,0,0,-1000,-1000
2012/10/08,0,110000,0,110000
2012/10/09,0,0,0,0
2012/10/10,0,0,0,0
2012/10/11,0,0,0,0
2012/10/12,0,0,0,0
2012/10/15,0,0,0,0
2012/10/16,0,0,0,0
2012/10/17,0,0,0,0
2012/10/18,0,0,-9000,-9000
2012/10/19,0,0,0,0
2012/10/22,0,0,0,0
2012/10/23,0,0,0,0
2012/10/24,0,0,0,0
2012/10/25,0,0,-1000,-1000
2012/10/26,0,0,0,0
2012/10/29,0,0,-11658,-11658
2012/10/30,0,0,-400,-400
2012/10/31,0,0,0,0
2012/11/01,0,0,0,0
2012/11/02,0,1000,0,1000
2012/11/05,0,0,0,0
2012/11/06,0,0,0,0
2012/11/07,0,19000,0,19000
2012/11/08,0,0,0,0
2012/11/09,0,0,0,0
2012/11/12,0,0,0,0
2012/11/13,0,0,0,0
2012/11/14,0,0,0,0
2012/11/15,0,0,0,0
2012/11/16,0,2000,0,2000
2012/11/19,0,0,0,0
2012/11/20,0,0,0,0
2012/11/21,0,0,0,0
2012/11/22,0,0,-1000,-1000
2012/11/23,0,0,0,0
2012/11/26,0,0,0,0
2012/11/27,0,0,0,0
2012/11/28,0,0,-29360,-29360
2012/11/29,0,0,0,0
2012/11/30,0,0,-3000,-3000
2012/12/03,0,0,0,0
2012/12/04,0,0,-2000,-2000
2012/12/05,0,0,0,0
2012/12/06,0,0,0,0
2012/12/07,0,0,0,0
2012/12/10,0,0,-2000,-2000
2012/12/11,0,0,0,0
2012/12/12,0,0,0,0
2012/12/13,0,0,0,0
2012/12/14,0,0,-1000,-1000
2012/12/17,0,0,0,0
2012/12/18,0,0,0,0
2012/12/19,0,0,0,0
2012/12/20,0,0,-10000,-10000
2012/12/21,0,0,-167953,-167953
2012/12/24,0,0,0,0
2012/12/25,0,0,0,0
2012/12/26,0,0,0,0
2012/12/27,0,0,0,0
2012/12/28,0,0,0,0
2012/12/31,0,0,0,0
2013/01/01,0,0,0,0
2013/01/02,0,0,0,0
2013/01/03,0,0,-1000,-1000
2013/01/04,0,0,-2000,-2000
2013/01/07,0,0,-24000,-24000
2013/01/08,0,0,-123000,-123000
2013/01/09,0,0,-324200,-324200
2013/01/10,0,0,0,0
2013/01/11,0,0,-1000,-1000
2013/01/14,0,0,0,0
2013/01/15,0,0,-405000,-405000
2013/01/16,0,1000,-402000,-401000
2013/01/17,0,0,-395147,-395147
2013/01/18,0,0,-250000,-250000
2013/01/21,0,0,-5000,-5000
2013/01/22,0,0,-1000,-1000
2013/01/23,0,0,0,0
2013/01/24,0,1000,-2000,-1000
2013/01/25,0,0,-2000,-2000
2013/01/28,0,0,0,0
2013/01/29,0,0,0,0
2013/01/30,0,0,0,0
2013/01/31,0,1000,-1000,0
2013/02/01,0,0,0,0
2013/02/04,0,0,-22000,-22000
2013/02/05,0,0,-22000,-22000
2013/02/06,0,0,-1000,-1000
2013/02/07,0,0,0,0
2013/02/08,0,0,0,0
2013/02/11,0,0,0,0
2013/02/12,0,0,0,0
2013/02/13,0,0,0,0
2013/02/14,0,0,0,0
2013/02/15,0,0,0,0
2013/02/18,0,0,0,0
2013/02/19,0,596000,-7000,589000
2013/02/20,0,361000,0,361000
2013/02/21,0,0,-1000,-1000
2013/02/22,0,0,-2000,-2000
2013/02/25,0,86000,0,86000
2013/02/26,0,0,0,0
2013/02/27,0,0,-314400,-314400
2013/02/28,0,0,0,0
2013/03/01,0,0,0,0
2013/03/04,0,0,0,0
2013/03/05,0,0,-90000,-90000
2013/03/06,0,0,-2000,-2000
2013/03/07,0,0,0,0
2013/03/08,0,0,-2000,-2000
2013/03/11,0,0,-1000,-1000
2013/03/12,0,1000,0,1000
2013/03/13,0,0,0,0
2013/03/14,0,0,-1000,-1000
2013/03/15,0,0,-1000,-1000
2013/03/18,0,0,0,0
2013/03/19,0,0,0,0
2013/03/20,0,0,0,0
2013/03/21,0,0,0,0
2013/03/22,0,0,-1000,-1000
2013/03/25,0,0,0,0
2013/03/26,0,0,0,0
2013/03/27,0,0,-11000,-11000
2013/03/28,0,0,0,0
2013/03/29,0,0,0,0
2013/04/01,0,0,-1000,-1000
2013/04/02,0,0,0,0
2013/04/03,0,0,-90000,-90000
2013/04/04,0,0,0,0
2013/04/05,0,0,0,0
2013/04/08,0,0,0,0
2013/04/09,0,0,-210000,-210000
2013/04/10,0,0,-90000,-90000
2013/04/11,0,0,0,0
2013/04/12,0,0,-4000,-4000
2013/04/15,0,0,0,0
2013/04/16,0,0,-126000,-126000
2013/04/17,0,25000,-4000,21000
2013/04/18,0,0,0,0
2013/04/19,0,7828,0,7828
2013/04/22,0,95000,0,95000
2013/04/23,0,55000,-200000,-145000
2013/04/24,0,241000,0,241000
2013/04/25,0,0,-2000,-2000
2013/04/26,0,0,-1000,-1000
2013/04/29,0,0,0,0
2013/04/30,0,0,0,0
2013/05/01,0,0,0,0
2013/05/02,0,0,0,0
2013/05/03,0,256000,-3000,253000
2013/05/06,0,0,-1000,-1000
2013/05/07,0,0,-10000,-10000
2013/05/08,0,0,0,0
2013/05/09,0,0,-2000,-2000
2013/05/10,0,0,0,0
2013/05/13,0,0,-2000,-2000
2013/05/14,0,0,-3000,-3000
2013/05/15,0,0,0,0
2013/05/16,0,0,0,0
2013/05/17,0,0,-1000,-1000
2013/05/20,0,50000,0,50000
2013/05/21,0,0,0,0
2013/05/22,0,100000,-4000,96000
2013/05/23,0,0,0,0
2013/05/24,0,0,-441000,-441000
2013/05/27,0,0,-150000,-150000
2013/05/28,0,0,0,0
2013/05/29,0,0,0,0
2013/05/30,0,0,0,0
2013/05/31,0,456000,0,456000
2013/06/03,0,0,0,0
2013/06/04,0,160000,0,160000
2013/06/05,0,532000,0,532000
2013/06/06,0,409000,0,409000
2013/06/07,0,371000,-108000,263000
2013/06/10,0,0,0,0
2013/06/11,0,8000,0,8000
2013/06/12,0,0,0,0
2013/06/13,0,7000,0,7000
2013/06/14,0,50000,0,50000
2013/06/17,0,0,0,0
2013/06/18,0,171000,0,171000
2013/06/19,0,135000,0,135000
2013/06/20,0,0,0,0
2013/06/21,0,0,0,0
2013/06/24,0,37000,0,37000
2013/06/25,0,675000,0,675000
2013/06/26,0,238000,0,238000
2013/06/27,0,378000,0,378000
2013/06/28,0,1304000,0,1304000
2013/07/01,0,740000,0,740000
2013/07/02,0,475000,0,475000
2013/07/03,0,750000,0,750000
2013/07/04,0,0,0,0
2013/07/05,0,310000,-31000,279000
2013/07/08,0,274000,0,274000
2013/07/09,0,0,0,0
2013/07/10,0,0,0,0
2013/07/11,0,840000,-2305,837695
2013/07/12,0,158000,0,158000
2013/07/15,0,637000,0,637000
2013/07/16,0,525000,0,525000
2013/07/17,0,995000,0,995000
2013/07/18,0,963000,0,963000
2013/07/19,0,678000,0,678000
2013/07/22,0,100000,0,100000
2013/07/23,0,1000,0,1000
2013/07/24,0,250000,-71000,179000
2013/07/25,0,450000,0,450000
2013/07/26,0,0,-50000,-50000
2013/07/29,0,0,-120000,-120000
2013/07/30,0,1106000,-154000,952000
2013/07/31,0,1700000,-1000,1699000
2013/08/01,0,652000,0,652000
2013/08/02,0,300000,-149000,151000
2013/08/05,0,540000,0,540000
2013/08/06,0,193000,0,193000
2013/08/07,0,20000,0,20000
2013/08/08,0,226000,0,226000
2013/08/09,0,163000,0,163000
2013/08/12,0,0,0,0
2013/08/13,0,250000,-152000,98000
2013/08/14,0,0,-637000,-637000
2013/08/15,0,0,0,0
2013/08/16,0,101000,-99000,2000
2013/08/19,0,472000,0,472000
2013/08/20,0,136000,0,136000
2013/08/21,0,0,0,0
2013/08/22,0,0,-252000,-252000
2013/08/23,0,0,-300000,-300000
2013/08/26,0,0,0,0
2013/08/27,0,0,-1183000,-1183000
2013/08/28,0,0,-135000,-135000
2013/08/29,0,0,0,0
2013/08/30,0,0,-1549000,-1549000
2013/09/02,0,0,0,0
2013/09/03,0,0,-45968,-45968
2013/09/04,0,0,0,0
2013/09/05,0,200000,-48000,152000
2013/09/06,0,762000,0,762000
2013/09/09,0,820000,0,820000
2013/09/10,0,128000,0,128000
2013/09/11,0,224000,0,224000
2013/09/12,0,833000,0,833000
2013/09/13,0,148000,-1000,147000
2013/09/16,0,126000,0,126000
2013/09/17,0,127000,-22000,105000
2013/09/18,0,160000,0,160000
2013/09/19,0,0,0,0
2013/09/20,0,0,0,0
2013/09/23,0,120000,0,120000
2013/09/24,0,0,0,0
2013/09/25,0,572000,0,572000
2013/09/26,0,231000,0,231000
2013/09/27,0,1000,0,1000
2013/09/30,0,0,-1000,-1000
2013/10/01,0,100000,-83000,17000
2013/10/02,0,0,-250000,-250000
2013/10/03,0,94000,0,94000
2013/10/04,0,0,-58000,-58000
2013/10/07,0,0,-8225,-8225
2013/10/08,0,637000,-33400,603600
2013/10/09,0,598000,0,598000
2013/10/10,0,0,0,0
2013/10/11,0,280000,0,280000
2013/10/14,0,1954000,0,1954000
2013/10/15,0,1096000,0,1096000
2013/10/16,0,363000,-591425,-228425
2013/10/17,0,0,-390347,-390347
2013/10/18,0,551000,-49500,501500
2013/10/21,0,0,-250000,-250000
2013/10/22,0,0,-4000,-4000
2013/10/23,0,0,-450000,-450000
2013/10/24,0,0,-230000,-230000
2013/10/25,0,0,0,0
2013/10/28,0,104000,-315000,-211000
2013/10/29,0,167000,0,167000
2013/10/30,0,0,0,0
2013/10/31,0,0,0,0
2013/11/01,0,140000,-1375,138625
2013/11/04,0,0,-157000,-157000
2013/11/05,0,0,-35252,-35252
2013/11/06,0,0,-91000,-91000
2013/11/07,0,0,-4000,-4000
2013/11/08,0,774000,-1078923,-304923
2013/11/11,0,0,0,0
2013/11/12,0,0,-156000,-156000
2013/11/13,0,60000,0,60000
2013/11/14,0,0,-412250,-412250
2013/11/15,0,20000,-2000,18000
2013/11/18,0,0,0,0
2013/11/19,0,0,0,0
2013/11/20,0,60000,0,60000
2013/11/21,0,2000,0,2000
2013/11/22,0,107000,0,107000
2013/11/25,0,0,-2908,-2908
2013/11/26,0,199000,0,199000
2013/11/27,0,88000,0,88000
2013/11/28,0,188000,0,188000
2013/11/29,0,0,0,0
2013/12/02,0,53000,0,53000
2013/12/03,0,2000,0,2000
2013/12/04,0,252000,0,252000
2013/12/05,0,152000,0,152000
2013/12/06,0,0,-137000,-137000
2013/12/09,0,58000,-40000,18000
2013/12/10,0,0,0,0
2013/12/11,0,100000,0,100000
2013/12/12,0,0,-1000,-1000
2013/12/13,0,0,-40000,-40000
2013/12/16,0,587000,0,587000
2013/12/17,0,582000,-1500,580500
2013/12/18,0,601000,-102500,498500
2013/12/19,0,70000,0,70000
2013/12/20,0,0,-3000,-3000
2013/12/23,0,1000,-90500,-89500
2013/12/24,0,0,-137000,-137000
2013/12/25,0,0,-897000,-897000
2013/12/26,0,0,-20000,-20000
2013/12/27,0,1000,-315000,-314000
2013/12/30,0,0,-1168625,-1168625
2013/12/31,0,0,-351000,-351000
2014/01/02,0,0,-1183000,-1183000
2014/01/03,0,0,-2763500,-2763500
2014/01/06,0,0,-3063000,-3063000
2014/01/07,0,0,-476000,-476000
2014/01/08,0,1000,-737250,-736250
2014/01/09,0,0,-1144250,-1144250
2014/01/10,0,0,-126000,-126000
2014/01/13,0,0,-100000,-100000
2014/01/14,0,0,0,0
2014/01/15,0,0,-101000,-101000
2014/01/16,0,0,-173000,-173000
2014/01/17,0,0,-1000,-1000
2014/01/20,0,0,-332000,-332000
2014/01/21,0,0,-150000,-150000
2014/01/22,0,0,-500000,-500000
2014/01/23,0,0,-811000,-811000
2014/01/24,0,0,-200000,-200000
2014/01/27,0,0,-153750,-153750
2014/02/05,0,0,0,0
2014/02/06,0,0,0,0
2014/02/07,0,800000,0,800000
2014/02/10,0,690000,0,690000
2014/02/11,0,0,0,0
2014/02/12,0,0,0,0
2014/02/13,0,0,-2000,-2000
2014/02/14,0,694,0,694
2014/02/17,0,68000,0,68000
2014/02/18,0,0,0,0
2014/02/19,0,393000,-9000,384000
2014/02/20,0,100000,-11000,89000
2014/02/21,0,1000,0,1000
2014/02/24,0,1000,-15000,-14000
2014/02/25,0,0,0,0
2014/02/26,0,0,-987250,-987250
2014/02/27,0,0,-500000,-500000
2014/03/03,0,0,0,0
2014/03/04,0,0,-116000,-116000
2014/03/05,0,0,0,0
2014/03/06,0,0,-317000,-317000
2014/03/07,0,0,0,0
2014/03/10,0,0,-302000,-302000
2014/03/11,0,0,-58000,-58000
2014/03/12,0,0,0,0
2014/03/13,0,0,0,0
2014/03/14,0,0,-1000,-1000
2014/03/17,0,0,0,0
2014/03/18,0,0,-49000,-49000
2014/03/19,0,832000,-2000,830000
2014/03/20,0,0,0,0
2014/03/21,0,0,-41000,-41000
2014/03/24,0,0,0,0
2014/03/25,0,0,0,0
2014/03/26,0,0,0,0
2014/03/27,0,0,0,0
2014/03/28,0,0,0,0
2014/03/31,0,0,0,0
2014/04/01,0,0,-5000,-5000
2014/04/02,0,0,0,0
2014/04/03,0,0,-9000,-9000
2014/04/07,0,0,0,0
2014/04/08,0,0,-174000,-174000
2014/04/09,0,0,0,0
2014/04/10,0,0,-562,-562
2014/04/11,0,0,-144000,-144000
2014/04/14,0,0,-443000,-443000
2014/04/15,0,0,0,0
2014/04/16,0,0,-100000,-100000
2014/04/17,0,0,-362000,-362000
2014/04/18,0,0,-669175,-669175
2014/04/21,0,0,-1000,-1000
2014/04/22,0,0,0,0
2014/04/23,0,0,0,0
2014/04/24,0,0,0,0
2014/04/25,0,0,0,0
2014/04/28,0,0,0,0
2014/04/29,0,0,0,0
2014/04/30,0,225000,0,225000
2014/05/02,0,0,0,0
2014/05/05,0,0,0,0
2014/05/06,0,0,0,0
2014/05/07,0,0,0,0
2014/05/08,0,0,0,0
2014/05/09,0,0,0,0
2014/05/12,0,0,0,0
2014/05/13,0,0,0,0
2014/05/14,0,0,0,0
2014/05/15,0,0,0,0
2014/05/16,0,4000,0,4000
2014/05/19,0,0,-1000,-1000
2014/05/20,0,0,0,0
2014/05/21,0,0,-400000,-400000
2014/05/22,0,0,-300000,-300000
2014/05/23,0,0,0,0
2014/05/26,0,14000,0,14000
2014/05/27,0,12000,0,12000
2014/05/28,0,0,-300000,-300000
2014/05/29,0,0,-301000,-301000
2014/05/30,0,0,-300000,-300000
2014/06/03,0,0,-247000,-247000
2014/06/04,0,0,0,0
2014/06/05,0,0,-225500,-225500
2014/06/06,0,2000,0,2000
2014/06/09,0,1000,0,1000
2014/06/10,0,0,0,0
2014/06/11,0,0,0,0
2014/06/12,0,0,-4000,-4000
2014/06/13,0,0,0,0
2014/06/16,0,0,-2000,-2000
2014/06/17,0,0,0,0
2014/06/18,0,0,0,0
2014/06/19,0,0,0,0
2014/06/20,0,0,-1000,-1000
2014/06/23,0,0,-406600,-406600
2014/06/24,0,0,-620000,-620000
2014/06/25,0,0,0,0
2014/06/26,0,0,-306000,-306000
2014/06/27,0,0,0,0
2014/06/30,0,0,-117000,-117000
2014/07/01,0,52000,0,52000
2014/07/02,0,10942,-100000,-89058
2014/07/03,0,0,-100000,-100000
2014/07/04,0,0,-352000,-352000
2014/07/07,0,0,-550000,-550000
2014/07/08,0,0,-351000,-351000
2014/07/09,0,0,0,0
2014/07/10,0,0,0,0
2014/07/11,0,0,-200000,-200000
2014/07/14,0,0,0,0
2014/07/15,0,0,-220000,-220000
2014/07/16,0,0,0,0
2014/07/17,0,0,-297000,-297000
2014/07/18,0,0,0,0
2014/07/21,0,0,0,0
2014/07/22,0,0,0,0
2014/07/23,0,0,0,0
2014/07/24,0,0,-410000,-410000
2014/07/25,0,0,-820000,-820000
2014/07/28,0,0,0,0
2014/07/29,0,0,0,0
2014/07/30,0,519000,-5000,514000
2014/07/31,0,2000,0,2000
2014/08/01,0,0,0,0
2014/08/04,0,0,0,0
2014/08/05,0,0,0,0
2014/08/06,0,0,0,0
2014/08/07,0,0,-50000,-50000
2014/08/08,0,0,0,0
2014/08/11,0,164000,0,164000
2014/08/12,0,2000,0,2000
2014/08/13,0,0,0,0
2014/08/14,0,0,0,0
2014/08/15,0,0,-1000,-1000
2014/08/18,0,0,0,0
2014/08/19,0,0,0,0
2014/08/20,0,0,0,0
2014/08/21,0,2000,0,2000
2014/08/22,0,0,-250000,-250000
2014/08/25,0,0,0,0
2014/08/26,0,0,0,0
2014/08/27,0,0,0,0
2014/08/28,0,0,-4000,-4000
2014/08/29,0,0,0,0
2014/09/01,0,0,0,0
2014/09/02,0,0,0,0
2014/09/03,0,0,0,0
2014/09/04,0,0,-62500,-62500
2014/09/05,0,0,0,0
2014/09/09,0,0,-60000,-60000
2014/09/10,0,0,-408650,-408650
2014/09/11,0,0,0,0
2014/09/12,0,0,-158000,-158000
2014/09/15,0,1000,0,1000
2014/09/16,0,1000,-278000,-277000
2014/09/17,0,0,0,0
2014/09/18,0,0,0,0
2014/09/19,0,0,-402000,-402000
2014/09/22,0,1000,-1526,-526
2014/09/23,0,0,-37473,-37473
2014/09/24,0,0,0,0
2014/09/25,0,0,0,0
2014/09/26,0,0,0,0
2014/09/29,0,0,0,0
2014/09/30,0,0,0,0
2014/10/01,0,0,0,0
2014/10/02,0,0,0,0
2014/10/03,0,0,0,0
2014/10/06,0,0,0,0
2014/10/07,0,0,0,0
2014/10/08,0,0,0,0
2014/10/09,0,0,0,0
2014/10/13,0,0,0,0
2014/10/14,0,0,-606,-606
2014/10/15,0,0,0,0
2014/10/16,0,0,0,0
2014/10/17,0,0,0,0
2014/10/20,0,0,0,0
2014/10/21,0,150000,0,150000
2014/10/22,0,100000,0,100000
2014/10/23,0,0,0,0
2014/10/24,0,0,0,0
2014/10/27,0,0,0,0
2014/10/28,0,0,0,0
2014/10/29,0,2000,0,2000
2014/10/30,0,0,-70000,-70000
2014/10/31,0,0,0,0
2014/11/03,0,0,-1000,-1000
2014/11/04,0,0,0,0
2014/11/05,0,0,0,0
2014/11/06,0,0,0,0
2014/11/07,0,0,0,0
2014/11/10,0,0,0,0
2014/11/11,0,0,0,0
2014/11/12,0,0,-650,-650
2014/11/13,0,0,0,0
2014/11/14,0,0,0,0
2014/11/17,0,0,0,0
2014/11/18,0,0,0,0
2014/11/19,0,0,0,0
2014/11/20,0,0,0,0
2014/11/21,0,226000,0,226000
2014/11/24,0,213000,0,213000
2014/11/25,0,32000,0,32000
2014/11/26,0,314000,-1000,313000
2014/11/27,0,115000,-1000,114000
2014/11/28,0,35000,0,35000
2014/12/01,0,0,0,0
2014/12/02,0,0,0,0
2014/12/03,0,0,-2000,-2000
2014/12/04,0,0,0,0
2014/12/05,0,44000,-100000,-56000
2014/12/08,0,0,0,0
2014/12/09,0,0,0,0
2014/12/10,0,0,0,0
2014/12/11,0,35000,-331,34669
2014/12/12,0,18000,0,18000
2014/12/15,0,0,0,0
2014/12/16,0,518000,-10000,508000
2014/12/17,0,162000,0,162000
2014/12/18,0,70000,0,70000
2014/12/19,0,1200000,-2000,1198000
2014/12/22,0,252000,-50000,202000
2014/12/23,0,435000,0,435000
2014/12/24,0,0,-100000,-100000
2014/12/25,0,0,0,0
2014/12/26,0,428000,0,428000
2014/12/29,0,0,0,0
2014/12/30,0,0,0,0
2014/12/31,0,0,0,0
2015/01/01,0,0,0,0
2015/01/02,0,0,0,0
2015/01/05,0,0,0,0
2015/01/06,0,0,0,0
2015/01/07,0,0,-76000,-76000
2015/01/08,0,912000,0,912000
2015/01/09,0,0,0,0
2015/01/12,0,0,-75000,-75000
2015/01/13,0,0,0,0
2015/01/14,0,0,0,0
2015/01/15,0,83000,0,83000
2015/01/16,0,0,0,0
2015/01/19,0,0,0,0
2015/01/20,0,587000,0,587000
2015/01/21,0,0,0,0
2015/01/22,0,0,-1000,-1000
2015/01/23,0,0,0,0
2015/01/26,0,132000,0,132000
2015/01/27,0,390000,0,390000
2015/01/28,0,0,0,0
2015/01/29,0,60000,0,60000
2015/01/30,0,0,-1000,-1000
2015/02/02,0,0,0,0
2015/02/03,0,29000,0,29000
2015/02/04,0,15000,0,15000
2015/02/05,0,0,0,0
2015/02/06,0,0,0,0
2015/02/09,0,0,0,0
2015/02/10,0,0,0,0
2015/02/11,0,0,0,0
2015/02/12,0,0,0,0
2015/02/13,0,0,-1000,-1000
2015/02/16,0,0,0,0
2015/02/17,0,0,0,0
2015/02/18,0,0,0,0
2015/02/19,0,0,0,0
2015/02/20,0,0,0,0
2015/02/23,0,0,0,0
2015/02/24,0,0,0,0
2015/02/25,0,0,0,0
2015/02/26,0,215000,-1000,214000
2015/02/27,0,0,0,0
2015/03/02,0,10000,0,10000
2015/03/03,0,0,0,0
2015/03/04,0,0,-1000,-1000
2015/03/05,0,0,-400000,-400000
2015/03/06,0,0,0,0
2015/03/09,0,0,-200000,-200000
2015/03/10,0,20000,-575000,-555000
2015/03/11,0,0,-525000,-525000
2015/03/12,0,350,0,350
2015/03/13,0,0,0,0
2015/03/16,0,0,-515000,-515000
2015/03/17,0,0,0,0
2015/03/18,0,0,-147000,-147000
2015/03/19,0,0,-512000,-512000
2015/03/20,0,0,-899000,-899000
2015/03/23,0,0,-100000,-100000
2015/03/24,0,0,-239000,-239000
2015/03/25,0,0,-169000,-169000
2015/03/26,0,0,0,0
2015/03/27,0,0,0,0
2015/03/30,0,0,0,0
2015/03/31,0,0,0,0
2015/04/01,0,152000,0,152000
2015/04/02,0,0,0,0
2015/04/03,0,0,0,0
2015/04/06,0,0,0,0
2015/04/07,0,0,0,0
2015/04/08,0,0,0,0
2015/04/09,0,0,0,0
2015/04/10,0,0,0,0
2015/04/13,0,0,0,0
2015/04/14,0,0,0,0
2015/04/15,0,0,0,0
2015/04/16,0,0,-338250,-338250
2015/04/17,0,0,0,0
2015/04/20,0,0,0,0
2015/04/21,0,0,0,0
2015/04/22,0,0,0,0
2015/04/23,0,0,0,0
2015/04/24,0,0,-1000,-1000
2015/04/27,0,0,0,0
2015/04/28,0,0,0,0
2015/04/29,0,0,-1000,-1000
2015/04/30,0,0,-47000,-47000
2015/05/01,0,0,0,0
2015/05/04,0,0,-88000,-88000
2015/05/05,0,0,0,0
2015/05/06,0,0,-330000,-330000
2015/05/07,0,0,0,0
2015/05/08,0,0,0,0
2015/05/11,0,0,-148000,-148000
2015/05/12,0,0,-113000,-113000
2015/05/13,0,0,-112000,-112000
2015/05/14,0,0,-243000,-243000
2015/05/15,0,0,-325000,-325000
2015/05/18,0,0,-115000,-115000
2015/05/19,0,0,-74000,-74000
2015/05/20,0,0,0,0
2015/05/21,0,0,0,0
2015/05/22,0,0,-32000,-32000
2015/05/25,0,0,0,0
2015/05/26,0,0,0,0
2015/05/27,0,0,0,0
2015/05/28,0,0,0,0
2015/05/29,0,0,0,0
2015/06/01,0,0,0,0
2015/06/02,0,0,0,0
2015/06/03,0,0,0,0
2015/06/04,0,9000,-438,8562
2015/06/05,0,0,0,0
2015/06/08,0,0,0,0
2015/06/09,0,0,-15000,-15000
2015/06/10,0,0,0,0
2015/06/11,0,0,0,0
2015/06/12,0,0,0,0
2015/06/15,0,0,0,0
2015/06/16,0,0,0,0
2015/06/17,0,0,-475000,-475000
2015/06/18,0,0,-1000,-1000
2015/06/19,0,0,0,0
2015/06/22,0,0,-3000,-3000
2015/06/23,0,0,0,0
2015/06/24,0,0,0,0
2015/06/25,0,0,0,0
2015/06/26,0,0,0,0
2015/06/29,0,0,0,0
2015/06/30,0,0,0,0
2015/07/01,0,0,0,0
2015/07/02,0,0,0,0
2015/07/03,0,0,0,0
2015/07/06,0,0,0,0
2015/07/07,0,0,0,0
2015/07/08,0,89000,0,89000
2015/07/09,0,0,0,0
2015/07/10,0,0,0,0
2015/07/13,0,58000,0,58000
2015/07/14,0,220000,0,220000
2015/07/15,0,58000,0,58000
2015/07/16,0,0,0,0
2015/07/17,0,13000,0,13000
2015/07/20,0,0,0,0
2015/07/21,0,0,0,0
2015/07/22,0,0,0,0
2015/07/23,0,0,0,0
2015/07/24,0,0,0,0
2015/07/27,0,0,0,0
2015/07/28,0,5000,0,5000
2015/07/29,0,0,0,0
2015/07/30,0,166000,0,166000
2015/07/31,0,266000,0,266000
2015/08/03,0,131000,0,131000
2015/08/04,0,0,0,0
2015/08/05,0,0,0,0
2015/08/06,0,141000,0,141000
2015/08/07,0,50000,0,50000
2015/08/10,0,0,0,0
2015/08/11,0,0,0,0
2015/08/12,0,0,0,0
2015/08/13,0,0,0,0
2015/08/14,0,0,0,0
2015/08/17,0,0,0,0
2015/08/18,0,0,0,0
2015/08/19,0,0,-100000,-100000
2015/08/20,0,0,-112500,-112500
2015/08/21,0,0,0,0
2015/08/24,0,220000,0,220000
2015/08/25,0,908,-269000,-268092
2015/08/26,0,0,-269000,-269000
2015/08/27,0,0,-183000,-183000
2015/08/28,0,1000,0,1000
2015/08/31,0,1000,-2000,-1000
2015/09/01,0,0,-3000,-3000
2015/09/02,0,0,0,0
2015/09/03,0,1000,0,1000
2015/09/04,0,0,0,0
2015/09/07,0,0,0,0
2015/09/08,0,0,0,0
2015/09/09,0,0,0,0
2015/09/10,0,0,0,0
2015/09/11,0,56000,0,56000
2015/09/14,0,0,0,0
2015/09/15,0,0,0,0
2015/09/16,0,0,0,0
2015/09/17,0,0,0,0
2015/09/18,0,0,-2000,-2000
2015/09/21,0,283000,0,283000
2015/09/22,0,2320132,0,2320132
2015/09/23,0,250000,0,250000
2015/09/24,0,674000,0,674000
2015/09/25,0,597000,0,597000
2015/09/28,0,0,0,0
2015/09/29,0,0,0,0
2015/09/30,0,502000,0,502000
2015/10/01,0,1736000,0,1736000
2015/10/02,0,51000,-79000,-28000
2015/10/05,0,324000,0,324000
2015/10/06,0,0,-337000,-337000
2015/10/07,0,0,0,0
2015/10/08,0,0,-79000,-79000
2015/10/09,0,0,0,0
2015/10/12,0,0,-48000,-48000
2015/10/13,0,336000,0,336000
2015/10/14,0,0,-150000,-150000
2015/10/15,0,0,0,0
2015/10/16,0,0,0,0
2015/10/19,0,0,-137000,-137000
2015/10/20,0,0,0,0
2015/10/21,0,905000,0,905000
2015/10/22,0,956000,-100000,856000
2015/10/23,0,1336000,-50000,1286000
2015/10/26,0,150000,0,150000
2015/10/27,0,0,-77000,-77000
2015/10/28,0,687000,-60000,627000
2015/10/29,0,0,0,0
2015/10/30,0,0,0,0
2015/11/02,0,0,-400000,-400000
2015/11/03,0,0,-450000,-450000
2015/11/04,0,4000,-151000,-147000
2015/11/05,0,80000,0,80000
2015/11/06,0,0,-330000,-330000
2015/11/09,0,0,0,0
2015/11/10,0,0,0,0
2015/11/11,0,350000,-241000,109000
2015/11/12,0,0,0,0
2015/11/13,0,325000,0,325000
2015/11/16,0,237000,0,237000
2015/11/17,0,735000,0,735000
2015/11/18,0,1338000,0,1338000
2015/11/19,0,252000,0,252000
2015/11/20,0,0,-1000,-1000
2015/11/23,0,818000,0,818000
2015/11/24,0,459000,0,459000
2015/11/25,0,526000,0,526000
2015/11/26,0,133000,0,133000
2015/11/27,0,438000,0,438000
2015/11/30,0,0,0,0
2015/12/01,0,370000,0,370000
2015/12/02,0,674000,-900000,-226000
2015/12/03,0,169000,0,169000
2015/12/04,0,208000,-179000,29000
2015/12/07,0,0,0,0
2015/12/08,0,0,0,0
2015/12/09,0,130000,0,130000
2015/12/10,0,79000,-1035000,-956000
2015/12/11,0,128000,-60000,68000
2015/12/14,0,130000,-121432,8568
2015/12/15,0,332000,-260000,72000
2015/12/16,0,3101000,0,3101000
2015/12/17,0,699000,0,699000
2015/12/18,0,87000,0,87000
2015/12/21,0,193000,0,193000
2015/12/22,0,0,-65000,-65000
2015/12/23,0,0,-335000,-335000
2015/12/24,0,180000,-145000,35000
2015/12/25,0,140000,0,140000
2015/12/28,0,230000,0,230000
2015/12/29,0,676000,0,676000
2015/12/30,0,0,0,0
2015/12/31,0,222000,-90000,132000
2016/01/01,0,0,0,0
2016/01/04,0,0,-200000,-200000
2016/01/05,0,44000,-200000,-156000
2016/01/06,0,225000,-130000,95000
2016/01/07,0,20000,0,20000
2016/01/08,0,0,0,0
2016/01/11,0,0,0,0
2016/01/12,0,0,0,0
2016/01/13,0,990000,0,990000
2016/01/14,0,1308000,0,1308000
2016/01/15,0,1436000,-5000,1431000
2016/01/18,0,506000,0,506000
2016/01/19,0,0,0,0
2016/01/20,0,200000,-5000,195000
2016/01/21,0,100000,-412000,-312000
2016/01/22,0,382000,0,382000
2016/01/25,0,282000,0,282000
2016/01/26,0,0,-575000,-575000
2016/01/27,0,235000,-48000,187000
2016/01/28,0,150000,-99000,51000
2016/01/29,0,270000,-366000,-96000
2016/02/01,0,78000,-342000,-264000
2016/02/02,0,325000,-773000,-448000
2016/02/03,0,0,-208000,-208000
2016/02/04,0,0,0,0
2016/02/05,0,0,0,0
2016/02/08,0,0,0,0
2016/02/09,0,0,0,0
2016/02/10,0,0,0,0
2016/02/11,0,0,0,0
2016/02/12,0,0,0,0
2016/02/15,0,0,-810,-810
2016/02/16,0,488000,0,488000
2016/02/17,0,5000,-484000,-479000
2016/02/18,0,870000,-150000,720000
2016/02/19,0,200000,-889000,-689000
2016/02/22,0,0,0,0
2016/02/23,0,2124000,0,2124000
2016/02/24,0,2501000,-130000,2371000
2016/02/25,0,0,-113000,-113000
2016/02/26,0,0,-224000,-224000
2016/02/29,0,0,0,0
2016/03/01,0,150000,-20000,130000
2016/03/02,0,25000,-200000,-175000
2016/03/03,0,0,-99000,-99000
2016/03/04,0,0,-132000,-132000
2016/03/07,0,0,-697000,-697000
2016/03/08,0,17000,-2697000,-2680000
2016/03/09,0,902000,-542000,360000
2016/03/10,0,0,-26000,-26000
2016/03/11,0,342000,-642000,-300000
2016/03/14,0,1000000,-856000,144000
2016/03/15,0,58000,-104000,-46000
2016/03/16,0,1135000,-30000,1105000
2016/03/17,0,735000,0,735000
2016/03/18,0,325000,-133000,192000
2016/03/21,0,50000,-10000,40000
2016/03/22,0,0,0,0
2016/03/23,0,35000,0,35000
2016/03/24,0,0,-91000,-91000
2016/03/25,0,217000,0,217000
2016/03/28,0,0,-76000,-76000
2016/03/29,0,0,-40000,-40000
2016/03/30,0,24000,0,24000
2016/03/31,0,0,0,0
2016/04/01,0,2086000,-15000,2071000
2016/04/04,0,0,0,0
2016/04/05,0,0,0,0
2016/04/06,0,186000,-500000,-314000
2016/04/07,0,1250000,-417000,833000
2016/04/08,0,12000,-181000,-169000
2016/04/11,0,0,-55000,-55000
2016/04/12,0,0,-632000,-632000
2016/04/13,0,0,-666000,-666000
2016/04/14,0,969000,-407000,562000
2016/04/15,0,0,-1172000,-1172000
2016/04/18,0,970000,0,970000
2016/04/19,0,0,-59000,-59000
2016/04/20,0,0,-194000,-194000
2016/04/21,0,1521000,-238000,1283000
2016/04/22,0,970000,-441000,529000
2016/04/25,0,0,-39000,-39000
2016/04/26,0,26000,-734000,-708000
2016/04/27,0,0,-109000,-109000
2016/04/28,0,0,-1543000,-1543000
2016/04/29,0,0,-587000,-587000
2016/05/02,0,0,0,0
2016/05/03,0,0,-327000,-327000
2016/05/04,0,0,-155000,-155000
2016/05/05,0,0,-75000,-75000
2016/05/06,0,0,-558000,-558000
2016/05/09,0,0,-226000,-226000
2016/05/10,0,120236,0,120236
2016/05/11,0,0,0,0
2016/05/12,0,0,-30000,-30000
2016/05/13,0,0,-100000,-100000
2016/05/16,0,24000,0,24000
2016/05/17,0,90000,-30000,60000
2016/05/18,0,0,-65000,-65000
2016/05/19,0,0,-114000,-114000
2016/05/20,0,115000,-159000,-44000
2016/05/23,0,0,-445000,-445000
2016/05/24,0,115000,-65000,50000
2016/05/25,0,20000,-394000,-374000
2016/05/26,0,1000,-518000,-517000
2016/05/27,0,85000,0,85000
2016/05/30,0,0,-975000,-975000
2016/05/31,0,0,-756000,-756000
2016/06/01,0,53000,-430000,-377000
2016/06/02,0,0,-396000,-396000
2016/06/03,0,0,-326000,-326000
2016/06/06,0,0,-496000,-496000
2016/06/07,0,0,-1073000,-1073000
2016/06/08,0,270000,-218000,52000
2016/06/09,0,0,0,0
2016/06/10,0,0,0,0
2016/06/13,0,63000,-463000,-400000
2016/06/14,0,113000,-555000,-442000
2016/06/15,0,0,-127000,-127000
2016/06/16,0,140000,-303000,-163000
2016/06/17,0,354000,0,354000
2016/06/20,0,344000,0,344000
2016/06/21,0,0,0,0
2016/06/22,0,600000,-16000,584000
2016/06/23,0,383000,-194000,189000
2016/06/24,0,70000,-862000,-792000
2016/06/27,0,20000,-484000,-464000
2016/06/28,0,171000,-300000,-129000
2016/06/29,0,0,-531000,-531000
2016/06/30,0,100000,-500000,-400000
2016/07/01,0,0,0,0
2016/07/04,0,0,-577000,-577000
2016/07/05,0,10000,0,10000
2016/07/06,0,0,0,0
2016/07/07,0,40000,0,40000
2016/07/08,0,0,0,0
2016/07/11,0,64000,0,64000
2016/07/12,0,65000,0,65000
2016/07/13,0,75000,0,75000
2016/07/14,0,10000,0,10000
2016/07/15,0,305000,0,305000
2016/07/18,0,254000,0,254000
2016/07/19,0,656000,-1000,655000
2016/07/20,0,88000,-182000,-94000
2016/07/21,0,1150000,-133000,1017000
2016/07/22,0,504000,-2000,502000
2016/07/25,0,163000,0,163000
2016/07/26,0,0,-77000,-77000
2016/07/27,0,141000,-1200000,-1059000
2016/07/28,0,0,0,0
2016/07/29,0,817000,-2687,814313
2016/08/01,0,129000,0,129000
2016/08/02,0,0,-19000,-19000
2016/08/03,0,39000,-81000,-42000
2016/08/04,0,130000,0,130000
2016/08/05,0,232000,0,232000
2016/08/08,0,0,-2000,-2000
2016/08/09,0,196000,0,196000
2016/08/10,0,50000,0,50000
2016/08/11,0,110000,-134000,-24000
2016/08/12,0,0,-1000,-1000
2016/08/15,0,130000,0,130000
2016/08/16,0,15000,-1000,14000
2016/08/17,0,14000,-70000,-56000
2016/08/18,0,10000,0,10000
2016/08/19,0,27000,0,27000
2016/08/22,0,0,-175000,-175000
2016/08/23,0,0,-25000,-25000
2016/08/24,0,0,-1000,-1000
2016/08/25,0,0,-1000,-1000
2016/08/26,0,95000,-36000,59000
2016/08/29,0,412000,0,412000
2016/08/30,0,410000,0,410000
2016/08/31,0,117000,0,117000
2016/09/01,0,30000,0,30000
2016/09/02,0,246000,-10000,236000
2016/09/05,0,85000,0,85000
2016/09/06,0,1153000,-56000,1097000
2016/09/07,0,414000,-10000,404000
2016/09/08,0,281000,-110000,171000
2016/09/09,0,880000,0,880000
2016/09/12,0,270000,0,270000
2016/09/13,0,231000,-40000,191000
2016/09/14,0,162000,0,162000
2016/09/15,0,0,0,0
2016/09/16,0,0,0,0
2016/09/19,0,598000,0,598000
2016/09/20,0,162000,0,162000
2016/09/21,0,55000,-20000,35000
2016/09/22,0,0,-10000,-10000
2016/09/23,0,118000,0,118000
2016/09/26,0,0,0,0
2016/09/27,0,0,0,0
2016/09/28,0,0,0,0
2016/09/29,0,564000,-31000,533000
2016/09/30,0,373,-20000,-19627
2016/10/03,0,0,-155000,-155000
2016/10/04,0,0,-95000,-95000
2016/10/05,0,58000,-128000,-70000
2016/10/06,0,60000,0,60000
2016/10/07,0,380000,-98000,282000
2016/10/10,0,0,0,0
2016/10/11,0,59000,0,59000
2016/10/12,0,78000,-128000,-50000
2016/10/13,0,1065000,-26000,1039000
2016/10/14,0,39000,0,39000
2016/10/17,0,71000,0,71000
2016/10/18,0,12000,0,12000
2016/10/19,0,100000,-51000,49000
2016/10/20,0,2000,-360000,-358000
2016/10/21,0,2000,-100000,-98000
2016/10/24,0,15000,-232000,-217000
2016/10/25,0,0,-130000,-130000
2016/10/26,0,30000,-143000,-113000
2016/10/27,0,84000,0,84000
2016/10/28,0,125000,-85000,40000
2016/10/31,0,0,0,0
2016/11/01,0,65000,0,65000
2016/11/02,0,57007,-80000,-22993
2016/11/03,0,38000,-417000,-379000
2016/11/04,0,47000,-150000,-103000
2016/11/07,0,28000,-38000,-10000
2016/11/08,0,0,-24000,-24000
2016/11/09,0,0,-588000,-588000
2016/11/10,0,0,-27000,-27000
2016/11/11,0,65000,-330000,-265000
2016/11/14,0,0,0,0
2016/11/15,0,65000,-85000,-20000
2016/11/16,0,256000,-36000,220000
2016/11/17,0,40000,-170000,-130000
2016/11/18,0,0,0,0
2016/11/21,0,0,0,0
2016/11/22,0,71000,0,71000
2016/11/23,0,270000,0,270000
2016/11/24,0,0,0,0
2016/11/25,0,250000,0,250000
2016/11/28,0,0,-170000,-170000
2016/11/29,0,2000,0,2000
2016/11/30,0,0,0,0
2016/12/01,0,265000,-193000,72000
2016/12/02,0,0,-345000,-345000
2016/12/05,0,0,-150000,-150000
2016/12/06,0,27000,0,27000
2016/12/07,0,0,0,0
2016/12/08,0,0,0,0
2016/12/09,0,100000,0,100000
2016/12/12,0,0,-40000,-40000
2016/12/13,0,100000,0,100000
2016/12/14,0,0,-130000,-130000
2016/12/15,0,1000,-100000,-99000
2016/12/16,0,0,-101000,-101000
2016/12/19,0,0,-198000,-198000
2016/12/20,0,0,-207000,-207000
2016/12/21,0,0,0,0
2016/12/22,0,0,-1151000,-1151000
2016/12/23,0,0,-415000,-415000
2016/12/26,0,0,-200000,-200000
2016/12/27,0,0,-100000,-100000
2016/12/28,0,129000,-387000,-258000
2016/12/29,0,50000,0,50000
2016/12/30,0,31000,0,31000
2017/01/02,0,0,0,0
2017/01/03,0,0,0,0
2017/01/04,0,84000,0,84000
2017/01/05,0,202000,0,202000
2017/01/06,0,171000,0,171000
2017/01/09,0,0,-100000,-100000
2017/01/10,0,52000,-537000,-485000
2017/01/11,0,3000,-1527000,-1524000
2017/01/12,0,0,-605000,-605000
2017/01/13,0,40000,-849000,-809000
2017/01/16,0,40000,-45000,-5000
2017/01/17,0,135000,-70000,65000
2017/01/18,0,130000,-165000,-35000
2017/01/19,0,0,0,0
2017/01/20,0,58000,-25000,33000
2017/01/23,0,274,-850000,-849726
2017/01/24,0,10000,-700000,-690000
2017/01/25,0,0,0,0
2017/01/26,0,0,0,0
2017/01/27,0,0,0,0
2017/01/30,0,0,0,0
2017/01/31,0,0,0,0
2017/02/01,0,0,0,0
2017/02/02,0,10000,-669000,-659000
2017/02/03,0,905000,-2045000,-1140000
2017/02/06,0,612000,-95000,517000
2017/02/07,0,712000,0,712000
2017/02/08,0,475000,-100000,375000
2017/02/09,0,290000,-300000,-10000
2017/02/10,0,200000,0,200000
2017/02/13,0,45000,-210000,-165000
2017/02/14,0,50000,-251000,-201000
2017/02/15,0,542000,0,542000
2017/02/16,0,100000,-188000,-88000
2017/02/17,0,126000,-38000,88000
2017/02/20,0,30000,-454000,-424000
2017/02/21,0,30000,-61000,-31000
2017/02/22,0,191000,-30000,161000
2017/02/23,0,0,-117000,-117000
2017/02/24,0,0,0,0
2017/02/27,0,0,0,0
2017/02/28,0,0,0,0
2017/03/01,0,0,0,0
2017/03/02,0,0,-84000,-84000
2017/03/03,0,0,-1105000,-1105000
2017/03/06,0,0,-916000,-916000
2017/03/07,0,0,-1426000,-1426000
2017/03/08,0,40000,-453000,-413000
2017/03/09,0,0,0,0
2017/03/10,0,0,-60000,-60000
2017/03/13,0,0,-7000,-7000
2017/03/14,0,0,0,0
2017/03/15,0,66000,0,66000
2017/03/16,0,0,0,0
2017/03/17,0,0,-151000,-151000
2017/03/20,0,9000,-202000,-193000
2017/03/21,0,0,-53000,-53000
2017/03/22,0,84000,-155000,-71000
2017/03/23,0,56000,-436000,-380000
2017/03/24,0,11000,-104000,-93000
2017/03/27,0,10000,-961000,-951000
2017/03/28,0,0,-631000,-631000
2017/03/29,0,10000,-222000,-212000
2017/03/30,0,0,0,0
2017/03/31,0,0,0,0
2017/04/03,0,0,0,0
2017/04/04,0,0,0,0
2017/04/05,0,0,-6000,-6000
2017/04/06,0,0,0,0
2017/04/07,0,0,0,0
2017/04/10,0,0,0,0
2017/04/11,0,0,0,0
2017/04/12,0,0,0,0
2017/04/13,0,0,-175000,-175000
2017/04/14,0,0,-51000,-51000
2017/04/17,0,0,0,0
2017/04/18,0,70000,0,70000
2017/04/19,0,0,0,0
