Date,Open,Buy,Sell,Total
2007/01/02,0,24000,-3164905,-3140905
2007/01/03,0,1272000,-1945000,-673000
2007/01/04,0,8000,-1319000,-1311000
2007/01/05,0,41000,-1328581,-1287581
2007/01/08,0,5000,-226253,-221253
2007/01/09,0,3000,-1237000,-1234000
2007/01/10,0,20000,-48000,-28000
2007/01/11,0,22000,-1000,21000
2007/01/12,0,600000,-663533,-63533
2007/01/15,0,1000,-22000,-21000
2007/01/16,0,825000,0,825000
2007/01/17,0,16000,-1253000,-1237000
2007/01/18,0,10000,-42000,-32000
2007/01/19,0,318000,-159000,159000
2007/01/22,0,47233,-1000,46233
2007/01/23,0,4000,0,4000
2007/01/24,0,7000,0,7000
2007/01/25,0,18000,-4000,14000
2007/01/26,0,15000,-49000,-34000
2007/01/29,0,23000,-18000,5000
2007/01/30,0,38000,-23000,15000
2007/01/31,0,4000,0,4000
2007/02/01,0,24000,0,24000
2007/02/02,0,61000,0,61000
2007/02/05,0,4000,-22000,-18000
2007/02/06,0,7000,-26000,-19000
2007/02/07,0,1000,-7000,-6000
2007/02/08,0,0,-9000,-9000
2007/02/09,0,29000,-65000,-36000
2007/02/12,0,153000,0,153000
2007/02/13,0,38000,-112000,-74000
2007/02/14,0,175000,-588000,-413000
2007/02/15,0,0,0,0
2007/02/16,0,0,0,0
2007/02/19,0,0,0,0
2007/02/20,0,0,0,0
2007/02/21,0,0,0,0
2007/02/22,0,0,0,0
2007/02/23,0,0,0,0
2007/02/26,0,193000,-1466775,-1273775
2007/02/27,0,3464000,-3000,3461000
2007/02/28,0,0,0,0
2007/03/01,0,6000000,-84000,5916000
2007/03/02,0,3000,-1152000,-1149000
2007/03/05,0,8000,-413000,-405000
2007/03/06,0,948000,0,948000
2007/03/07,0,2750000,-3396664,-646664
2007/03/08,0,4000,-17000,-13000
2007/03/09,0,1000,-760000,-759000
2007/03/12,0,0,-412856,-412856
2007/03/13,0,139000,-1615000,-1476000
2007/03/14,0,0,-443000,-443000
2007/03/15,0,256000,-1450000,-1194000
2007/03/16,0,0,-720274,-720274
2007/03/19,0,0,-19000,-19000
2007/03/20,0,0,0,0
2007/03/21,0,11000,-917730,-906730
2007/03/22,0,35000,-613824,-578824
2007/03/23,0,16000,-320000,-304000
2007/03/26,0,0,-480000,-480000
2007/03/27,0,10000,-1285000,-1275000
2007/03/28,0,0,-539000,-539000
2007/03/29,0,3000,-744000,-741000
2007/03/30,0,1391000,-1490000,-99000
2007/04/02,0,267000,-21000,246000
2007/04/03,0,3000,-278000,-275000
2007/04/04,0,43000,-211000,-168000
2007/04/05,0,0,0,0
2007/04/06,0,0,0,0
2007/04/09,0,3384000,-250000,3134000
2007/04/10,0,4933000,-121000,4812000
2007/04/11,0,1459000,-510000,949000
2007/04/12,0,1176000,0,1176000
2007/04/13,0,1083000,-9000,1074000
2007/04/16,0,659000,-76609,582391
2007/04/17,0,880000,-336,879664
2007/04/18,0,0,-8000,-8000
2007/04/19,0,8000,-42000,-34000
2007/04/20,0,200000,-1000,199000
2007/04/23,0,52000,0,52000
2007/04/24,0,0,0,0
2007/04/25,0,58000,-1032000,-974000
2007/04/26,0,9000,-58000,-49000
2007/04/27,0,106000,-1422000,-1316000
2007/04/30,0,1604000,-891000,713000
2007/05/01,0,0,0,0
2007/05/02,0,608000,-73422,534578
2007/05/03,0,1108000,-324000,784000
2007/05/04,0,790000,-336000,454000
2007/05/07,0,658000,-75000,583000
2007/05/08,0,47000,-298000,-251000
2007/05/09,0,644000,-334520,309480
2007/05/10,0,698000,-253000,445000
2007/05/11,0,342000,-3255000,-2913000
2007/05/14,0,76000,-949000,-873000
2007/05/15,0,141000,-1379012,-1238012
2007/05/16,0,21600,0,21600
2007/05/17,0,15000,-262000,-247000
2007/05/18,0,1158000,-263000,895000
2007/05/21,0,35000,-265000,-230000
2007/05/22,0,368000,-127000,241000
2007/05/23,0,12000,-41000,-29000
2007/05/24,0,86000,-16000,70000
2007/05/25,0,143000,0,143000
2007/05/28,0,75000,0,75000
2007/05/29,0,998000,-54000,944000
2007/05/30,0,134667,-164012,-29345
2007/05/31,0,2103000,-265667,1837333
2007/06/01,0,124907,-7000,117907
2007/06/04,0,2000,-46000,-44000
2007/06/05,0,411000,-45000,366000
2007/06/06,0,2440000,-222000,2218000
2007/06/07,0,907000,-13000,894000
2007/06/08,0,889000,0,889000
2007/06/11,0,4000,-428000,-424000
2007/06/12,0,148000,-4000,144000
2007/06/13,0,8000,0,8000
2007/06/14,0,2000,0,2000
2007/06/15,0,709000,0,709000
2007/06/18,0,0,0,0
2007/06/19,0,0,0,0
2007/06/20,0,288000,0,288000
2007/06/21,0,2803000,-111000,2692000
2007/06/22,0,100000,-48000,52000
2007/06/25,0,423000,-31000,392000
2007/06/26,0,65000,-43000,22000
2007/06/27,0,226000,-223000,3000
2007/06/28,0,549000,0,549000
2007/06/29,0,1883000,-1807666,75334
2007/07/02,0,38000,-1986267,-1948267
2007/07/03,0,4944000,-2472962,2471038
2007/07/04,0,2095000,-140000,1955000
2007/07/05,0,37000,-14000,23000
2007/07/06,0,111000,-7000,104000
2007/07/09,0,1375000,-14000,1361000
2007/07/10,0,787000,-14000,773000
2007/07/11,0,30000,-74000,-44000
2007/07/12,0,25000,-42000,-17000
2007/07/13,0,980000,-8000,972000
2007/07/16,0,9000,-2000,7000
2007/07/17,0,130000,-269000,-139000
2007/07/18,0,69000,-95000,-26000
2007/07/19,0,136000,-109000,27000
2007/07/20,0,40000,-53000,-13000
2007/07/23,0,358000,-125000,233000
2007/07/24,0,135000,-133000,2000
2007/07/25,0,65000,-156000,-91000
2007/07/26,0,311000,0,311000
2007/07/27,0,541000,-165000,376000
2007/07/30,0,583000,-671000,-88000
2007/07/31,0,100000,-3485000,-3385000
2007/08/01,0,384000,-6468000,-6084000
2007/08/02,0,279000,-460000,-181000
2007/08/03,0,389000,-1540000,-1151000
2007/08/06,0,19000,-44000,-25000
2007/08/07,0,20000,-436000,-416000
2007/08/08,0,144000,-218000,-74000
2007/08/09,0,59000,-88000,-29000
2007/08/10,0,125000,-131000,-6000
2007/08/13,0,326000,-86000,240000
2007/08/14,0,12000,-284000,-272000
2007/08/15,0,25000,-494000,-469000
2007/08/16,0,89000,-114000,-25000
2007/08/17,0,5000,-1005000,-1000000
2007/08/20,0,1078000,-1303000,-225000
2007/08/21,0,120000,-628000,-508000
2007/08/22,0,76000,-75000,1000
2007/08/23,0,793000,0,793000
2007/08/24,0,45000,-756000,-711000
2007/08/27,0,63000,0,63000
2007/08/28,0,78000,-154000,-76000
2007/08/29,0,106000,-201000,-95000
2007/08/30,0,171000,-293000,-122000
2007/08/31,0,368000,-1751000,-1383000
2007/09/03,0,1824000,-206000,1618000
2007/09/04,0,23000,-146000,-123000
2007/09/05,0,11000,-158000,-147000
2007/09/06,0,23000,-349000,-326000
2007/09/07,0,0,-72000,-72000
2007/09/10,0,898000,-679000,219000
2007/09/11,0,3000,-439000,-436000
2007/09/12,0,515000,-377000,138000
2007/09/13,0,32000,-223000,-191000
2007/09/14,0,127000,-69000,58000
2007/09/17,0,8000,-166000,-158000
2007/09/18,0,0,0,0
2007/09/19,0,661000,-1262000,-601000
2007/09/20,0,309000,-323000,-14000
2007/09/21,0,623000,-677000,-54000
2007/09/24,0,0,0,0
2007/09/25,0,0,0,0
2007/09/26,0,849000,-2886000,-2037000
2007/09/27,0,199000,-3861493,-3662493
2007/09/28,0,306000,-281107,24893
2007/10/01,0,182000,-696000,-514000
2007/10/02,0,34000,0,34000
2007/10/03,0,300000,-230042,69958
2007/10/04,0,245000,-42000,203000
2007/10/05,0,385000,-30000,355000
2007/10/08,0,19000,-74000,-55000
2007/10/09,0,583000,-36000,547000
2007/10/10,0,0,0,0
2007/10/11,0,318000,-160000,158000
2007/10/12,0,318000,-91000,227000
2007/10/15,0,10000,-100000,-90000
2007/10/16,0,25000,-531000,-506000
2007/10/17,0,244500,-39000,205500
2007/10/18,0,186000,-745000,-559000
2007/10/19,0,0,-115000,-115000
2007/10/22,0,113000,-154000,-41000
2007/10/23,0,85000,-161130,-76130
2007/10/24,0,52000,-246230,-194230
2007/10/25,0,14000,-3000,11000
2007/10/26,0,30000,-258000,-228000
2007/10/29,0,62000,-966770,-904770
2007/10/30,0,281000,0,281000
2007/10/31,0,367000,-78000,289000
2007/11/01,0,229000,-171000,58000
2007/11/02,0,594000,-823900,-229900
2007/11/05,0,74000,-322460,-248460
2007/11/06,0,130000,-397130,-267130
2007/11/07,0,497000,-843630,-346630
2007/11/08,0,42000,-980000,-938000
2007/11/09,0,74000,-986000,-912000
2007/11/12,0,12000,-1708400,-1696400
2007/11/13,0,84000,-429000,-345000
2007/11/14,0,253000,-2000,251000
2007/11/15,0,394000,-86000,308000
2007/11/16,0,383000,-249590,133410
2007/11/19,0,67000,-172000,-105000
2007/11/20,0,201000,-83000,118000
2007/11/21,0,13000,-188900,-175900
2007/11/22,0,104000,-736600,-632600
2007/11/23,0,5000,-242000,-237000
2007/11/26,0,48000,-93000,-45000
2007/11/27,0,41000,-79000,-38000
2007/11/28,0,15000,-28000,-13000
2007/11/29,0,49000,-12000,37000
2007/11/30,0,1071000,-1006000,65000
2007/12/03,0,38000,-42010,-4010
2007/12/04,0,6000,-3000,3000
2007/12/05,0,29000,-122000,-93000
2007/12/06,0,23000,-7030,15970
2007/12/07,0,7000,-145973,-138973
2007/12/10,0,11000,-6000,5000
2007/12/11,0,28000,-20000,8000
2007/12/12,0,334000,-1000,333000
2007/12/13,0,16000,-145000,-129000
2007/12/14,0,6000,-146000,-140000
2007/12/17,0,20000,-146000,-126000
2007/12/18,0,52000,-104000,-52000
2007/12/19,0,3345000,-3355060,-10060
2007/12/20,0,158000,-183950,-25950
2007/12/21,0,62000,-1000,61000
2007/12/24,0,1000,-9000,-8000
2007/12/25,0,0,-4000,-4000
2007/12/26,0,10000,-118000,-108000
2007/12/27,0,35000,-346000,-311000
2007/12/28,0,48000,-18000,30000
2007/12/31,0,33000,-9000,24000
2008/01/01,0,0,0,0
2008/01/02,0,15000,-98000,-83000
2008/01/03,0,46000,-44000,2000
2008/01/04,0,54810,-52106,2704
2008/01/07,0,102000,-5000,97000
2008/01/08,0,39000,-3000,36000
2008/01/09,0,15000,-20000,-5000
2008/01/10,0,14000,0,14000
2008/01/11,0,6000,-44000,-38000
2008/01/14,0,99000,-67000,32000
2008/01/15,0,292000,-12889,279111
2008/01/16,0,649000,-49000,600000
2008/01/17,0,128000,-66000,62000
2008/01/18,0,122000,-31687,90313
2008/01/21,0,26000,-15000,11000
2008/01/22,0,3000,-68000,-65000
2008/01/23,0,105000,-77000,28000
2008/01/24,0,20000,-17000,3000
2008/01/25,0,1000,-74450,-73450
2008/01/28,0,45000,-51000,-6000
2008/01/29,0,95000,-100000,-5000
2008/01/30,0,63000,-168000,-105000
2008/01/31,0,255000,-24000,231000
2008/02/01,0,201000,-263000,-62000
2008/02/04,0,0,0,0
2008/02/05,0,0,0,0
2008/02/06,0,0,0,0
2008/02/07,0,0,0,0
2008/02/08,0,0,0,0
2008/02/11,0,0,0,0
2008/02/12,0,135000,-110000,25000
2008/02/13,0,0,-63000,-63000
2008/02/14,0,33000,-69000,-36000
2008/02/15,0,41000,-68000,-27000
2008/02/18,0,130000,-17000,113000
2008/02/19,0,47000,-81000,-34000
2008/02/20,0,41096,-20000,21096
2008/02/21,0,126000,-475000,-349000
2008/02/22,0,59000,-338000,-279000
2008/02/25,0,74000,-23000,51000
2008/02/26,0,77000,-29000,48000
2008/02/27,0,92000,-580000,-488000
2008/02/28,0,0,0,0
2008/02/29,0,398000,-3000,395000
2008/03/03,0,99000,-60000,39000
2008/03/04,0,213000,-485000,-272000
2008/03/05,0,113000,-28000,85000
2008/03/06,0,98000,-83000,15000
2008/03/07,0,83000,-19000,64000
2008/03/10,0,18000,-15000,3000
2008/03/11,0,168000,-7000,161000
2008/03/12,0,231000,-100300,130700
2008/03/13,0,6000,-10000,-4000
2008/03/14,0,2000,-61000,-59000
2008/03/17,0,12000,-188000,-176000
2008/03/18,0,34000,-76000,-42000
2008/03/19,0,48000,-55000,-7000
2008/03/20,0,237000,-144000,93000
2008/03/21,0,1261000,-82000,1179000
2008/03/24,0,1313000,-60000,1253000
2008/03/25,0,348000,-5140,342860
2008/03/26,0,2035000,-3000,2032000
2008/03/27,0,2000000,-12000,1988000
2008/03/28,0,2054000,-8000,2046000
2008/03/31,0,801000,-71000,730000
2008/04/01,0,196000,-101000,95000
2008/04/02,0,0,-43000,-43000
2008/04/03,0,1467000,-45000,1422000
2008/04/04,0,0,0,0
2008/04/07,0,15000,-21000,-6000
2008/04/08,0,0,-57000,-57000
2008/04/09,0,36000,-349000,-313000
2008/04/10,0,2000,-1076000,-1074000
2008/04/11,0,0,-1520000,-1520000
2008/04/14,0,2000,-1030000,-1028000
2008/04/15,0,2000,-539000,-537000
2008/04/16,0,469000,-1772180,-1303180
2008/04/17,0,79000,-63000,16000
2008/04/18,0,82000,0,82000
2008/04/21,0,23000,-16000,7000
2008/04/22,0,21000,-414000,-393000
2008/04/23,0,29000,-11260,17740
2008/04/24,0,0,-60500,-60500
2008/04/25,0,0,0,0
2008/04/28,0,300000,-4000,296000
2008/04/29,0,1000,-259000,-258000
2008/04/30,0,56000,0,56000
2008/05/01,0,0,0,0
2008/05/02,0,16000,-25000,-9000
2008/05/05,0,9000,-31000,-22000
2008/05/06,0,19000,-170000,-151000
2008/05/07,0,50000,-61000,-11000
2008/05/08,0,0,-51000,-51000
2008/05/09,0,6000,-3000,3000
2008/05/12,0,0,-6000,-6000
2008/05/13,0,31000,-239000,-208000
2008/05/14,0,6000,-264000,-258000
2008/05/15,0,218000,-460000,-242000
2008/05/16,0,48000,-371000,-323000
2008/05/19,0,27000,-271000,-244000
2008/05/20,0,149000,-483000,-334000
2008/05/21,0,0,-361000,-361000
2008/05/22,0,104000,-900000,-796000
2008/05/23,0,1000,-734000,-733000
2008/05/26,0,20000,-391000,-371000
2008/05/27,0,4000,-352000,-348000
2008/05/28,0,4000,-628000,-624000
2008/05/29,0,118000,-208000,-90000
2008/05/30,0,40000,-74000,-34000
2008/06/02,0,22000,-18000,4000
2008/06/03,0,27000,-122000,-95000
2008/06/04,0,2000,-23000,-21000
2008/06/05,0,134000,-201894,-67894
2008/06/06,0,15000,-39000,-24000
2008/06/09,0,37000,-37000,0
2008/06/10,0,287000,-49090,237910
2008/06/11,0,2000,-37000,-35000
2008/06/12,0,0,-12000,-12000
2008/06/13,0,31000,-44000,-13000
2008/06/16,0,0,-69000,-69000
2008/06/17,0,27000,-15000,12000
2008/06/18,0,17000,-70000,-53000
2008/06/19,0,1000,-174000,-173000
2008/06/20,0,0,-163000,-163000
2008/06/23,0,49000,0,49000
2008/06/24,0,12000,-29000,-17000
2008/06/25,0,86000,-22000,64000
2008/06/26,0,46000,-91000,-45000
2008/06/27,0,14000,-206000,-192000
2008/06/30,0,59000,0,59000
2008/07/01,0,98000,0,98000
2008/07/02,0,70000,-93000,-23000
2008/07/03,0,189000,-79000,110000
2008/07/04,0,3000,-219000,-216000
2008/07/07,0,59000,-13000,46000
2008/07/08,0,0,-135000,-135000
2008/07/09,0,45000,-393000,-348000
2008/07/10,0,83000,-73000,10000
2008/07/11,0,28000,-123000,-95000
2008/07/14,0,102000,0,102000
2008/07/15,0,135000,-37000,98000
2008/07/16,0,13000,-52000,-39000
2008/07/17,0,1000,-178000,-177000
2008/07/18,0,4000,-371000,-367000
2008/07/21,0,115000,-4000,111000
2008/07/22,0,50000,-2000,48000
2008/07/23,0,57000,-97500,-40500
2008/07/24,0,394000,-82000,312000
2008/07/25,0,24000,0,24000
2008/07/28,0,0,0,0
2008/07/29,0,25000,-76000,-51000
2008/07/30,0,152000,-59000,93000
2008/07/31,0,21000,-4000,17000
2008/08/01,0,6000,-4000,2000
2008/08/04,0,21000,-26000,-5000
2008/08/05,0,132000,0,132000
2008/08/06,0,39000,-96000,-57000
2008/08/07,0,109000,-32000,77000
2008/08/08,0,116000,-18000,98000
2008/08/11,0,5000,-4000,1000
2008/08/12,0,34000,-142000,-108000
2008/08/13,0,8000,-2000,6000
2008/08/14,0,9000,-14000,-5000
2008/08/15,0,160000,-22000,138000
2008/08/18,0,484000,-51000,433000
2008/08/19,0,56000,-168027,-112027
2008/08/20,0,44000,-54000,-10000
2008/08/21,0,5000,-175000,-170000
2008/08/22,0,133000,-113000,20000
2008/08/25,0,11000,-252000,-241000
2008/08/26,0,2000,-1000,1000
2008/08/27,0,43000,-9000,34000
2008/08/28,0,7000,-28000,-21000
2008/08/29,0,47000,-1000,46000
2008/09/01,0,8000,-31000,-23000
2008/09/02,0,0,-168000,-168000
2008/09/03,0,2000,-254000,-252000
2008/09/04,0,8000,-478000,-470000
2008/09/05,0,0,-62000,-62000
2008/09/08,0,34000,0,34000
2008/09/09,0,36000,-1000,35000
2008/09/10,0,47000,-2000,45000
2008/09/11,0,0,-58000,-58000
2008/09/12,0,15000,0,15000
2008/09/15,0,37000,-20000,17000
2008/09/16,0,591,-2000,-1409
2008/09/17,0,1000,-56000,-55000
2008/09/18,0,33000,-55000,-22000
2008/09/19,0,162000,-642000,-480000
2008/09/22,0,100000,-17000,83000
2008/09/23,0,87000,-21000,66000
2008/09/24,0,101000,-53000,48000
2008/09/25,0,57000,-51000,6000
2008/09/26,0,402000,-168000,234000
2008/09/29,0,0,0,0
2008/09/30,0,183000,-35000,148000
2008/10/01,0,312000,-35000,277000
2008/10/02,0,353000,-12000,341000
2008/10/03,0,290000,-44000,246000
2008/10/06,0,482000,-39000,443000
2008/10/07,0,0,-113420,-113420
2008/10/08,0,2000,-44000,-42000
2008/10/09,0,33000,-6000,27000
2008/10/10,0,0,0,0
2008/10/13,0,451600,-110000,341600
2008/10/14,0,513000,-18000,495000
2008/10/15,0,39000,-341000,-302000
2008/10/16,0,11000,0,11000
2008/10/17,0,0,-318000,-318000
2008/10/20,0,102000,-395741,-293741
2008/10/21,0,78000,-192000,-114000
2008/10/22,0,51000,-259000,-208000
2008/10/23,0,0,0,0
2008/10/24,0,58000,-16000,42000
2008/10/27,0,0,0,0
2008/10/28,0,15778,-467795,-452017
2008/10/29,0,200631,-28000,172631
2008/10/30,0,178000,-31560,146440
2008/10/31,0,117000,-592000,-475000
2008/11/03,0,164000,-98000,66000
2008/11/04,0,22000,-78000,-56000
2008/11/05,0,129000,-75000,54000
2008/11/06,0,350000,-141000,209000
2008/11/07,0,126000,-56000,70000
2008/11/10,0,242000,-93000,149000
2008/11/11,0,126000,-133000,-7000
2008/11/12,0,1000,-139000,-138000
2008/11/13,0,0,-444000,-444000
2008/11/14,0,1000,-212000,-211000
2008/11/17,0,177000,-275000,-98000
2008/11/18,0,17000,-54000,-37000
2008/11/19,0,58000,-45000,13000
2008/11/20,0,69000,-134760,-65760
2008/11/21,0,425000,-28000,397000
2008/11/24,0,0,-35000,-35000
2008/11/25,0,58000,-5000,53000
2008/11/26,0,4000,-17000,-13000
2008/11/27,0,350000,-16000,334000
2008/11/28,0,37000,-35000,2000
2008/12/01,0,35000,-7000,28000
2008/12/02,0,9000,-142000,-133000
2008/12/03,0,7000,-216000,-209000
2008/12/04,0,106000,-11000,95000
2008/12/05,0,16000,-131000,-115000
2008/12/08,0,40000,-16000,24000
2008/12/09,0,125000,-9000,116000
2008/12/10,0,172000,-51000,121000
2008/12/11,0,154000,-110000,44000
2008/12/12,0,160000,-118000,42000
2008/12/15,0,36000,-31000,5000
2008/12/16,0,301000,-35000,266000
2008/12/17,0,2156000,-80000,2076000
2008/12/18,0,804000,-633000,171000
2008/12/19,0,74000,-251000,-177000
2008/12/22,0,165000,-70000,95000
2008/12/23,0,1862000,-1479208,382792
2008/12/24,0,41000,-50132,-9132
2008/12/25,0,13000,-34000,-21000
2008/12/26,0,14000,-22000,-8000
2008/12/29,0,14000,-134000,-120000
2008/12/30,0,40000,-442000,-402000
2008/12/31,0,2000,-40000,-38000
2009/01/01,0,0,0,0
2009/01/02,0,0,0,0
2009/01/05,0,1533000,-1991000,-458000
2009/01/06,0,1013000,-1546222,-533222
2009/01/07,0,51000,-9000,42000
2009/01/08,0,71000,-60000,11000
2009/01/09,0,141000,-4000,137000
2009/01/12,0,37000,-46000,-9000
2009/01/13,0,168000,0,168000
2009/01/14,0,39000,-27000,12000
2009/01/15,0,15000,-89000,-74000
2009/01/16,0,93000,-73000,20000
2009/01/19,0,105000,-1000,104000
2009/01/20,0,8000,0,8000
2009/01/21,0,98000,-87000,11000
2009/01/22,0,0,0,0
2009/01/23,0,0,0,0
2009/01/26,0,0,0,0
2009/01/27,0,0,0,0
2009/01/28,0,0,0,0
2009/01/29,0,0,0,0
2009/01/30,0,0,0,0
2009/02/02,0,363000,-32000,331000
2009/02/03,0,540000,-76000,464000
2009/02/04,0,56000,-433000,-377000
2009/02/05,0,49000,-3000,46000
2009/02/06,0,47000,0,47000
2009/02/09,0,43000,-814299,-771299
2009/02/10,0,81000,-694001,-613001
2009/02/11,0,261000,-990000,-729000
2009/02/12,0,58000,0,58000
2009/02/13,0,53000,0,53000
2009/02/16,0,114000,-47000,67000
2009/02/17,0,147000,0,147000
2009/02/18,0,397000,-8000,389000
2009/02/19,0,152000,-238000,-86000
2009/02/20,0,92000,-35000,57000
2009/02/23,0,258000,0,258000
2009/02/24,0,0,-49000,-49000
2009/02/25,0,79000,0,79000
2009/02/26,0,31000,-3000,28000
2009/02/27,0,0,-531000,-531000
2009/03/02,0,0,-412000,-412000
2009/03/03,0,23000,-857000,-834000
2009/03/04,0,0,-122000,-122000
2009/03/05,0,3000,-120000,-117000
2009/03/06,0,32500,-4000,28500
2009/03/09,0,35000,-54845,-19845
2009/03/10,0,16000,-3000,13000
2009/03/11,0,4000,-958,3042
2009/03/12,0,9000,-23000,-14000
2009/03/13,0,184000,-1543000,-1359000
2009/03/16,0,284000,-1093584,-809584
2009/03/17,0,44000,-117000,-73000
2009/03/18,0,37000,-53000,-16000
2009/03/19,0,83000,-96000,-13000
2009/03/20,0,0,-276000,-276000
2009/03/23,0,10000,0,10000
2009/03/24,0,7000,-56000,-49000
2009/03/25,0,36000,0,36000
2009/03/26,0,5000,-5000,0
2009/03/27,0,12500,-13000,-500
2009/03/30,0,0,-10000,-10000
2009/03/31,0,13000,-6000,7000
2009/04/01,0,23000,-309820,-286820
2009/04/02,0,294000,-134000,160000
2009/04/03,0,181000,-46000,135000
2009/04/06,0,0,-103000,-103000
2009/04/07,0,30000,-543000,-513000
2009/04/08,0,0,-297000,-297000
2009/04/09,0,167000,-44000,123000
2009/04/10,0,100000,-29000,71000
2009/04/13,0,158000,0,158000
2009/04/14,0,71000,-11000,60000
2009/04/15,0,55000,-22000,33000
2009/04/16,0,134000,-24000,110000
2009/04/17,0,43000,-67000,-24000
2009/04/20,0,152000,-29000,123000
2009/04/21,0,440000,-137000,303000
2009/04/22,0,49000,-108000,-59000
2009/04/23,0,101000,-291000,-190000
2009/04/24,0,115000,-237000,-122000
2009/04/27,0,77000,-53800,23200
2009/04/28,0,59000,-25000,34000
2009/04/29,0,213000,-2381000,-2168000
2009/04/30,0,451000,-98000,353000
2009/05/01,0,0,0,0
2009/05/04,0,118000,-110000,8000
2009/05/05,0,234000,-143000,91000
2009/05/06,0,108000,-267000,-159000
2009/05/07,0,329600,-609600,-280000
2009/05/08,0,821000,-133000,688000
2009/05/11,0,280000,-647094,-367094
2009/05/12,0,112000,-33000,79000
2009/05/13,0,131000,-76000,55000
2009/05/14,0,16000,-740620,-724620
2009/05/15,0,43000,-125000,-82000
2009/05/18,0,4000,-143000,-139000
2009/05/19,0,229000,-4120,224880
2009/05/20,0,338000,-144000,194000
2009/05/21,0,11000,-387000,-376000
2009/05/22,0,18000,-92000,-74000
2009/05/25,0,17000,-94000,-77000
2009/05/26,0,14000,-26000,-12000
2009/05/27,0,66000,-46000,20000
2009/05/28,0,0,0,0
2009/05/29,0,0,0,0
2009/06/01,0,116000,-96000,20000
2009/06/02,0,91000,-127000,-36000
2009/06/03,0,95000,-79000,16000
2009/06/04,0,572000,-170000,402000
2009/06/05,0,34000,-93000,-59000
2009/06/08,0,179000,-76000,103000
2009/06/09,0,325000,-173000,152000
2009/06/10,0,64000,-299000,-235000
2009/06/11,0,309000,-108000,201000
2009/06/12,0,264000,-263000,1000
2009/06/15,0,101000,-106000,-5000
2009/06/16,0,23000,-236000,-213000
2009/06/17,0,24000,-204000,-180000
2009/06/18,0,1070000,-65000,1005000
2009/06/19,0,376000,-54001,321999
2009/06/22,0,64000,-110000,-46000
2009/06/23,0,1038000,-136000,902000
2009/06/24,0,979000,-368000,611000
2009/06/25,0,335000,-81000,254000
2009/06/26,0,316000,-54000,262000
2009/06/29,0,1848000,-258000,1590000
2009/06/30,0,1670100,-87000,1583100
2009/07/01,0,553400,-96000,457400
2009/07/02,0,434000,0,434000
2009/07/03,0,39000,-423000,-384000
2009/07/06,0,448000,-55000,393000
2009/07/07,0,1983000,-22000,1961000
2009/07/08,0,109000,-827820,-718820
2009/07/09,0,185000,-3000,182000
2009/07/10,0,1501000,-154000,1347000
2009/07/13,0,46000,-111000,-65000
2009/07/14,0,7000,-86000,-79000
2009/07/15,0,1712000,-16000,1696000
2009/07/16,0,883000,-304000,579000
2009/07/17,0,297000,-522000,-225000
2009/07/20,0,736000,-232000,504000
2009/07/21,0,374000,-71000,303000
2009/07/22,0,182000,-9000,173000
2009/07/23,0,170000,-180000,-10000
2009/07/24,0,87000,-213000,-126000
2009/07/27,0,942000,-10000,932000
2009/07/28,0,476000,-1568318,-1092318
2009/07/29,0,115000,-170000,-55000
2009/07/30,0,2000,-173000,-171000
2009/07/31,0,11000,-216000,-205000
2009/08/03,0,52000,-58000,-6000
2009/08/04,0,1000,-300000,-299000
2009/08/05,0,21000,-109600,-88600
2009/08/06,0,23000,-30000,-7000
2009/08/07,0,0,0,0
2009/08/10,0,3000,-185400,-182400
2009/08/11,0,23000,-16000,7000
2009/08/12,0,862000,-53000,809000
2009/08/13,0,118000,-59000,59000
2009/08/14,0,5000,-2076000,-2071000
2009/08/17,0,31000,-1721000,-1690000
2009/08/18,0,669000,-155000,514000
2009/08/19,0,63000,-49000,14000
2009/08/20,0,357000,-39000,318000
2009/08/21,0,29000,-52000,-23000
2009/08/24,0,222000,-25000,197000
2009/08/25,0,174000,-33000,141000
2009/08/26,0,169000,-242000,-73000
2009/08/27,0,195000,-483000,-288000
2009/08/28,0,959000,-404000,555000
2009/08/31,0,920000,-184000,736000
2009/09/01,0,1300000,-357000,943000
2009/09/02,0,754000,-117000,637000
2009/09/03,0,218000,-24000,194000
2009/09/04,0,409000,-43000,366000
2009/09/07,0,41000,-20000,21000
2009/09/08,0,123000,-1893000,-1770000
2009/09/09,0,68000,-15000,53000
2009/09/10,0,288000,-168000,120000
2009/09/11,0,49000,-29000,20000
2009/09/14,0,0,-99000,-99000
2009/09/15,0,402000,-124000,278000
2009/09/16,0,157000,-484000,-327000
2009/09/17,0,428000,-494000,-66000
2009/09/18,0,1010000,-23000,987000
2009/09/21,0,2000,-149000,-147000
2009/09/22,0,29000,-17000,12000
2009/09/23,0,87000,-1084520,-997520
2009/09/24,0,24000,-161000,-137000
2009/09/25,0,201000,-30000,171000
2009/09/28,0,4000,-60000,-56000
2009/09/29,0,471000,-2000,469000
2009/09/30,0,699000,-191000,508000
2009/10/01,0,751320,-45000,706320
2009/10/02,0,183000,-208000,-25000
2009/10/05,0,1071000,-193000,878000
2009/10/06,0,1189000,-81000,1108000
2009/10/07,0,0,-470100,-470100
2009/10/08,0,55000,-38000,17000
2009/10/09,0,15000,-9000,6000
2009/10/12,0,169000,-55000,114000
2009/10/13,0,428000,-185000,243000
2009/10/14,0,134000,-220000,-86000
2009/10/15,0,688000,-170012,517988
2009/10/16,0,134000,-68000,66000
2009/10/19,0,265000,-17000,248000
2009/10/20,0,265000,-36975,228025
2009/10/21,0,39000,-120000,-81000
2009/10/22,0,340000,-193930,146070
2009/10/23,0,68000,-5000,63000
2009/10/26,0,36000,-81000,-45000
2009/10/27,0,11000,-79900,-68900
2009/10/28,0,35000,-27000,8000
2009/10/29,0,199000,-288000,-89000
2009/10/30,0,0,-106000,-106000
2009/11/02,0,728000,-520850,207150
2009/11/03,0,1729000,-38000,1691000
2009/11/04,0,3446000,-218000,3228000
2009/11/05,0,4122000,-2368000,1754000
2009/11/06,0,17000,-354000,-337000
2009/11/09,0,28000,-492000,-464000
2009/11/10,0,311000,-2905000,-2594000
2009/11/11,0,118000,-600000,-482000
2009/11/12,0,608000,-112000,496000
2009/11/13,0,264000,-34360,229640
2009/11/16,0,282000,-2271000,-1989000
2009/11/17,0,607000,-567000,40000
2009/11/18,0,156000,-1682220,-1526220
2009/11/19,0,162000,-1658000,-1496000
2009/11/20,0,62000,-596000,-534000
2009/11/23,0,25000,-461261,-436261
2009/11/24,0,6000,-64430,-58430
2009/11/25,0,426000,-1540000,-1114000
2009/11/26,0,25000,-1286000,-1261000
2009/11/27,0,299000,-1411000,-1112000
2009/11/30,0,26000,-51000,-25000
2009/12/01,0,265000,-21000,244000
2009/12/02,0,27000,-83000,-56000
2009/12/03,0,21000,-15916,5084
2009/12/04,0,509000,-52000,457000
2009/12/07,0,254000,-50000,204000
2009/12/08,0,45000,-72906,-27906
2009/12/09,0,0,-176000,-176000
2009/12/10,0,292000,-191410,100590
2009/12/11,0,1199000,-1079000,120000
2009/12/14,0,284000,-1113000,-829000
2009/12/15,0,99000,-756000,-657000
2009/12/16,0,1033000,-992000,41000
2009/12/17,0,974000,-219000,755000
2009/12/18,0,653000,-87000,566000
2009/12/21,0,328000,-290000,38000
2009/12/22,0,468000,-27000,441000
2009/12/23,0,556000,-511000,45000
2009/12/24,0,857000,-29000,828000
2009/12/25,0,138000,-36000,102000
2009/12/28,0,828000,-558000,270000
2009/12/29,0,572000,-442000,130000
2009/12/30,0,353000,-15000,338000
2009/12/31,0,30000,-65000,-35000
2010/01/01,0,0,0,0
2010/01/04,0,781000,-39000,742000
2010/01/05,0,2036000,-481000,1555000
2010/01/06,0,1572000,-45000,1527000
2010/01/07,0,2431344,-202000,2229344
2010/01/08,0,831000,-256219,574781
2010/01/11,0,964000,-274000,690000
2010/01/12,0,611000,-9000,602000
2010/01/13,0,129000,-112000,17000
2010/01/14,0,12000,-98100,-86100
2010/01/15,0,30000,-631070,-601070
2010/01/18,0,416000,-1005000,-589000
2010/01/19,0,614000,-434000,180000
2010/01/20,0,89000,-1025000,-936000
2010/01/21,0,274673,-1452000,-1177327
2010/01/22,0,120000,-111000,9000
2010/01/25,0,0,-1221689,-1221689
2010/01/26,0,21000,-376290,-355290
2010/01/27,0,141000,-94000,47000
2010/01/28,0,188000,-38000,150000
2010/01/29,0,35000,-60000,-25000
2010/02/01,0,11000,-164000,-153000
2010/02/02,0,9000,-334000,-325000
2010/02/03,0,25000,-49000,-24000
2010/02/04,0,753000,-305000,448000
2010/02/05,0,32000,-279000,-247000
2010/02/08,0,194000,-874400,-680400
2010/02/09,0,548000,-297000,251000
2010/02/10,0,38000,-285000,-247000
2010/02/11,0,0,0,0
2010/02/12,0,0,0,0
2010/02/15,0,0,0,0
2010/02/16,0,0,0,0
2010/02/17,0,0,0,0
2010/02/18,0,0,0,0
2010/02/19,0,0,0,0
2010/02/22,0,380000,-339720,40280
2010/02/23,0,382000,-932000,-550000
2010/02/24,0,382000,-61000,321000
2010/02/25,0,6000,-140000,-134000
2010/02/26,0,106000,-50000,56000
2010/03/01,0,279000,-96000,183000
2010/03/02,0,235000,-122000,113000
2010/03/03,0,686000,-42000,644000
2010/03/04,0,144000,-282173,-138173
2010/03/05,0,303000,-107000,196000
2010/03/08,0,477000,-21000,456000
2010/03/09,0,78000,-45000,33000
2010/03/10,0,242293,-249840,-7547
2010/03/11,0,161000,-36000,125000
2010/03/12,0,11000,-23000,-12000
2010/03/15,0,13000,-102000,-89000
2010/03/16,0,703000,-207000,496000
2010/03/17,0,501000,-115000,386000
2010/03/18,0,2217000,-1191000,1026000
2010/03/19,0,950000,-369000,581000
2010/03/22,0,264000,-96000,168000
2010/03/23,0,481000,-120560,360440
2010/03/24,0,2601000,-20000,2581000
2010/03/25,0,948000,-152000,796000
2010/03/26,0,769000,-580000,189000
2010/03/29,0,487000,-43000,444000
2010/03/30,0,654000,-167000,487000
2010/03/31,0,350000,-174000,176000
2010/04/01,0,168000,-62000,106000
2010/04/02,0,67000,-211000,-144000
2010/04/05,0,0,0,0
2010/04/06,0,691000,-566910,124090
2010/04/07,0,444000,-175375,268625
2010/04/08,0,392000,-83000,309000
2010/04/09,0,215000,-134000,81000
2010/04/12,0,109000,-482000,-373000
2010/04/13,0,512000,-52000,460000
2010/04/14,0,2000,-129960,-127960
2010/04/15,0,19000,-112700,-93700
2010/04/16,0,19000,-240000,-221000
2010/04/19,0,79000,-207000,-128000
2010/04/20,0,166000,-116000,50000
2010/04/21,0,199000,-267000,-68000
2010/04/22,0,34000,-913410,-879410
2010/04/23,0,95000,-632000,-537000
2010/04/26,0,67000,-663000,-596000
2010/04/27,0,253000,-614000,-361000
2010/04/28,0,106000,-764000,-658000
2010/04/29,0,1771000,-1238000,533000
2010/04/30,0,78000,-1103000,-1025000
2010/05/03,0,52000,-817000,-765000
2010/05/04,0,2013000,-1061080,951920
2010/05/05,0,19000,-946000,-927000
2010/05/06,0,139000,-1608000,-1469000
2010/05/07,0,2179000,-249000,1930000
2010/05/10,0,13000,-394000,-381000
2010/05/11,0,75000,-2169370,-2094370
2010/05/12,0,448000,-71000,377000
2010/05/13,0,141000,-105000,36000
2010/05/14,0,99000,-17000,82000
2010/05/17,0,20000,-232000,-212000
2010/05/18,0,803000,-536000,267000
2010/05/19,0,330000,-606000,-276000
2010/05/20,0,1000,-59000,-58000
2010/05/21,0,181000,-326000,-145000
2010/05/24,0,55000,-319000,-264000
2010/05/25,0,28000,-324000,-296000
2010/05/26,0,146000,-628000,-482000
2010/05/27,0,116000,-200000,-84000
2010/05/28,0,54000,-101000,-47000
2010/05/31,0,5000,-51000,-46000
2010/06/01,0,182000,-363000,-181000
2010/06/02,0,31000,-766000,-735000
2010/06/03,0,164000,-64000,100000
2010/06/04,0,97000,-2000,95000
2010/06/07,0,445000,-523000,-78000
2010/06/08,0,227000,-1075022,-848022
2010/06/09,0,353000,-2046000,-1693000
2010/06/10,0,389000,-33000,356000
2010/06/11,0,71000,-194000,-123000
2010/06/14,0,386000,-159000,227000
2010/06/15,0,79000,-725000,-646000
2010/06/16,0,0,0,0
2010/06/17,0,277000,-57000,220000
2010/06/18,0,139000,-6000,133000
2010/06/21,0,976000,-1453000,-477000
2010/06/22,0,842000,-587000,255000
2010/06/23,0,421000,-165000,256000
2010/06/24,0,1088000,-119913,968087
2010/06/25,0,127100,-35000,92100
2010/06/28,0,152500,-88000,64500
2010/06/29,0,70400,-96000,-25600
2010/06/30,0,763000,-397000,366000
2010/07/01,0,298000,-81000,217000
2010/07/02,0,85000,-34000,51000
2010/07/05,0,397000,-84000,313000
2010/07/06,0,247000,-196000,51000
2010/07/07,0,153000,-23000,130000
2010/07/08,0,135000,-103000,32000
2010/07/09,0,46000,-17000,29000
2010/07/12,0,249000,-59000,190000
2010/07/13,0,71000,-32000,39000
2010/07/14,0,154000,-263000,-109000
2010/07/15,0,81000,-19000,62000
2010/07/16,0,1560000,-98000,1462000
2010/07/19,0,646000,-165000,481000
2010/07/20,0,1680000,-69000,1611000
2010/07/21,0,519000,-57000,462000
2010/07/22,0,1233000,-162000,1071000
2010/07/23,0,1294450,-43000,1251450
2010/07/26,0,1002000,-708000,294000
2010/07/27,0,168000,-487000,-319000
2010/07/28,0,130000,-471000,-341000
2010/07/29,0,103000,-23000,80000
2010/07/30,0,322000,-115000,207000
2010/08/02,0,0,-56000,-56000
2010/08/03,0,1117000,-501000,616000
2010/08/04,0,838000,-142000,696000
2010/08/05,0,76000,-189000,-113000
2010/08/06,0,152000,-15000,137000
2010/08/09,0,157000,-26000,131000
2010/08/10,0,505000,-135000,370000
2010/08/11,0,442000,-16000,426000
2010/08/12,0,17000,-32000,-15000
2010/08/13,0,31000,-32000,-1000
2010/08/16,0,149000,-97000,52000
2010/08/17,0,496000,-44000,452000
2010/08/18,0,557000,-62000,495000
2010/08/19,0,1247000,-151000,1096000
2010/08/20,0,412000,-76000,336000
2010/08/23,0,821000,-417000,404000
2010/08/24,0,963000,-181000,782000
2010/08/25,0,922000,-293000,629000
2010/08/26,0,687000,-197000,490000
2010/08/27,0,596000,-539000,57000
2010/08/30,0,903000,-202000,701000
2010/08/31,0,677000,-46000,631000
2010/09/01,0,335000,-2258,332742
2010/09/02,0,423000,-327161,95839
2010/09/03,0,184000,-3672550,-3488550
2010/09/06,0,722000,-1034000,-312000
2010/09/07,0,123000,-56000,67000
2010/09/08,0,191000,-1360000,-1169000
2010/09/09,0,293000,-237000,56000
2010/09/10,0,553000,-582000,-29000
2010/09/13,0,764000,-100000,664000
2010/09/14,0,170000,-609000,-439000
2010/09/15,0,172000,-26000,146000
2010/09/16,0,656000,-80520,575480
2010/09/17,0,1236000,-355000,881000
2010/09/20,0,497000,-91000,406000
2010/09/21,0,519000,-13000,506000
2010/09/22,0,0,0,0
2010/09/23,0,81000,-94935,-13935
2010/09/24,0,505000,-125838,379162
2010/09/27,0,308000,-60000,248000
2010/09/28,0,90000,-51000,39000
2010/09/29,0,212000,-52000,160000
2010/09/30,0,711000,-212095,498905
2010/10/01,0,367000,-258000,109000
2010/10/04,0,198000,-131000,67000
2010/10/05,0,298000,-331000,-33000
2010/10/06,0,188000,-154000,34000
2010/10/07,0,298000,-184000,114000
2010/10/08,0,12000,-118000,-106000
2010/10/11,0,180000,-659000,-479000
2010/10/12,0,29000,-954000,-925000
2010/10/13,0,110000,-896000,-786000
2010/10/14,0,201000,-1756000,-1555000
2010/10/15,0,230000,-4005000,-3775000
2010/10/18,0,442000,-4983000,-4541000
2010/10/19,0,233000,-3763000,-3530000
2010/10/20,0,83000,-1159000,-1076000
2010/10/21,0,102000,-390000,-288000
2010/10/22,0,68000,-217000,-149000
2010/10/25,0,410000,-336000,74000
2010/10/26,0,570000,-1086000,-516000
2010/10/27,0,27000,-200000,-173000
2010/10/28,0,145000,-157000,-12000
2010/10/29,0,126000,-522000,-396000
2010/11/01,0,352000,-864000,-512000
2010/11/02,0,145000,-370000,-225000
2010/11/03,0,288000,-21000,267000
2010/11/04,0,236000,-5000,231000
2010/11/05,0,105000,-18000,87000
2010/11/08,0,76000,-438000,-362000
2010/11/09,0,104000,-140000,-36000
2010/11/10,0,199000,-71000,128000
2010/11/11,0,85000,-2000,83000
2010/11/12,0,106000,-1175000,-1069000
2010/11/15,0,118000,-982000,-864000
2010/11/16,0,201000,-80000,121000
2010/11/17,0,95000,-295000,-200000
2010/11/18,0,48000,-1059230,-1011230
2010/11/19,0,70000,-964320,-894320
2010/11/22,0,719000,-1104000,-385000
2010/11/23,0,146000,-576000,-430000
2010/11/24,0,72000,-2087000,-2015000
2010/11/25,0,126000,-856000,-730000
2010/11/26,0,17000,-456000,-439000
2010/11/29,0,65000,-485000,-420000
2010/11/30,0,233000,-694320,-461320
2010/12/01,0,522000,-2147065,-1625065
2010/12/02,0,449000,-199000,250000
2010/12/03,0,36000,-283000,-247000
2010/12/06,0,66000,-41000,25000
2010/12/07,0,15000,-28000,-13000
2010/12/08,0,204000,-79000,125000
2010/12/09,0,91000,-66000,25000
2010/12/10,0,13000,-64000,-51000
2010/12/13,0,217000,-17000,200000
2010/12/14,0,222000,-575000,-353000
2010/12/15,0,264000,-457000,-193000
2010/12/16,0,395000,-79000,316000
2010/12/17,0,438000,-64000,374000
2010/12/20,0,218000,-32000,186000
2010/12/21,0,22000,-46000,-24000
2010/12/22,0,35000,-36330,-1330
2010/12/23,0,234000,-32000,202000
2010/12/24,0,83000,-50000,33000
2010/12/27,0,96000,-76000,20000
2010/12/28,0,291000,-23000,268000
2010/12/29,0,205000,-1009000,-804000
2010/12/30,0,103000,-8000,95000
2010/12/31,0,132000,-760000,-628000
2011/01/03,0,138000,-35000,103000
2011/01/04,0,96000,-128000,-32000
2011/01/05,0,33000,-640000,-607000
2011/01/06,0,36000,0,36000
2011/01/07,0,183000,-295000,-112000
2011/01/10,0,17000,-1213000,-1196000
2011/01/11,0,319000,-868000,-549000
2011/01/12,0,95000,-3451,91549
2011/01/13,0,75000,-500000,-425000
2011/01/14,0,87000,-37000,50000
2011/01/17,0,103000,-328000,-225000
2011/01/18,0,853000,-705000,148000
2011/01/19,0,1051000,-143000,908000
2011/01/20,0,41000,-91000,-50000
2011/01/21,0,290000,-31000,259000
2011/01/24,0,3000,0,3000
2011/01/25,0,484000,0,484000
2011/01/26,0,101000,0,101000
2011/01/27,0,56000,-2262000,-2206000
2011/01/28,0,61000,-6440000,-6379000
2011/01/31,0,0,0,0
2011/02/01,0,0,0,0
2011/02/02,0,0,0,0
2011/02/03,0,0,0,0
2011/02/04,0,0,0,0
2011/02/07,0,0,0,0
2011/02/08,0,54000,-1911829,-1857829
2011/02/09,0,100000,-1218000,-1118000
2011/02/10,0,33000,-280000,-247000
2011/02/11,0,50000,-177000,-127000
2011/02/14,0,3000,-476000,-473000
2011/02/15,0,207000,-313750,-106750
2011/02/16,0,158000,-264166,-106166
2011/02/17,0,82000,-290000,-208000
2011/02/18,0,148000,-1056000,-908000
2011/02/21,0,105000,-1022000,-917000
2011/02/22,0,106000,-393000,-287000
2011/02/23,0,121000,-155000,-34000
2011/02/24,0,75000,-131000,-56000
2011/02/25,0,168000,-84000,84000
2011/02/28,0,0,0,0
2011/03/01,0,210000,-246000,-36000
2011/03/02,0,266000,-358000,-92000
2011/03/03,0,177000,-353000,-176000
2011/03/04,0,108000,-171000,-63000
2011/03/07,0,91000,-73000,18000
2011/03/08,0,78000,-73000,5000
2011/03/09,0,63000,-125000,-62000
2011/03/10,0,323000,-230000,93000
2011/03/11,0,11000,-237000,-226000
2011/03/14,0,270000,-119000,151000
2011/03/15,0,332000,-193000,139000
2011/03/16,0,206000,-1122000,-916000
2011/03/17,0,53000,-172000,-119000
2011/03/18,0,1117000,-241000,876000
2011/03/21,0,1112000,-2551000,-1439000
2011/03/22,0,571000,-1850000,-1279000
2011/03/23,0,603000,-1371000,-768000
2011/03/24,0,437000,-1098000,-661000
2011/03/25,0,2865000,-112000,2753000
2011/03/28,0,256000,-121000,135000
2011/03/29,0,468000,-87000,381000
2011/03/30,0,264000,-221197,42803
2011/03/31,0,89126,-43000,46126
2011/04/01,0,214000,-148000,66000
2011/04/04,0,0,0,0
2011/04/05,0,0,0,0
2011/04/06,0,119000,-20000,99000
2011/04/07,0,49000,-14859,34141
2011/04/08,0,189000,-48000,141000
2011/04/11,0,97000,-54000,43000
2011/04/12,0,95000,-139000,-44000
2011/04/13,0,51000,-30000,21000
2011/04/14,0,288000,-56000,232000
2011/04/15,0,58000,-193000,-135000
2011/04/18,0,9000,-52000,-43000
2011/04/19,0,38000,-104000,-66000
2011/04/20,0,98000,-16000,82000
2011/04/21,0,445265,-11000,434265
2011/04/22,0,192000,-2000,190000
2011/04/25,0,156000,-93000,63000
2011/04/26,0,152000,-263000,-111000
2011/04/27,0,349000,-72000,277000
2011/04/28,0,283000,-157000,126000
2011/04/29,0,139000,-5000,134000
2011/05/02,0,0,0,0
2011/05/03,0,139000,-334000,-195000
2011/05/04,0,83000,-210000,-127000
2011/05/05,0,9000,-71000,-62000
2011/05/06,0,55000,-124000,-69000
2011/05/09,0,109000,-465180,-356180
2011/05/10,0,99000,-50000,49000
2011/05/11,0,122000,-29000,93000
2011/05/12,0,121000,-541000,-420000
2011/05/13,0,153000,-26000,127000
2011/05/16,0,336000,-1027000,-691000
2011/05/17,0,256000,-1935000,-1679000
2011/05/18,0,278000,-599000,-321000
2011/05/19,0,224000,-122000,102000
2011/05/20,0,112000,-98000,14000
2011/05/23,0,227000,-820000,-593000
2011/05/24,0,190000,-128000,62000
2011/05/25,0,37000,-385101,-348101
2011/05/26,0,222000,-33044,188956
2011/05/27,0,288000,-142000,146000
2011/05/30,0,392000,-73000,319000
2011/05/31,0,1041000,-170000,871000
2011/06/01,0,219000,-84000,135000
2011/06/02,0,153000,-60000,93000
2011/06/03,0,166000,-10133,155867
2011/06/06,0,0,0,0
2011/06/07,0,131000,-46000,85000
2011/06/08,0,58000,-40150,17850
2011/06/09,0,123000,-58080,64920
2011/06/10,0,39000,-382000,-343000
2011/06/13,0,18000,-257000,-239000
2011/06/14,0,243000,-2045000,-1802000
2011/06/15,0,614000,-655000,-41000
2011/06/16,0,49000,-527000,-478000
2011/06/17,0,84000,-124000,-40000
2011/06/20,0,76000,-67000,9000
2011/06/21,0,137000,-63000,74000
2011/06/22,0,82000,-108000,-26000
2011/06/23,0,85000,-244000,-159000
2011/06/24,0,253000,-154000,99000
2011/06/27,0,117000,-190000,-73000
2011/06/28,0,666000,-315000,351000
2011/06/29,0,139000,-329000,-190000
2011/06/30,0,269000,-224000,45000
2011/07/01,0,263000,-725000,-462000
2011/07/04,0,262000,-106000,156000
2011/07/05,0,1217000,-442000,775000
2011/07/06,0,418000,-256000,162000
2011/07/07,0,303000,-332000,-29000
2011/07/08,0,551000,-411000,140000
2011/07/11,0,50000,-709000,-659000
2011/07/12,0,245000,-875504,-630504
2011/07/13,0,179000,-212000,-33000
2011/07/14,0,54000,-76000,-22000
2011/07/15,0,272000,-24000,248000
2011/07/18,0,63000,-317000,-254000
2011/07/19,0,117000,-180000,-63000
2011/07/20,0,258000,-17000,241000
2011/07/21,0,104000,-17000,87000
2011/07/22,0,389000,-89000,300000
2011/07/25,0,59000,-202000,-143000
2011/07/26,0,100000,-71000,29000
2011/07/27,0,260000,-34000,226000
2011/07/28,0,183000,-54000,129000
2011/07/29,0,185000,-3000,182000
2011/08/01,0,383000,-167000,216000
2011/08/02,0,39000,-69496,-30496
2011/08/03,0,113000,-284000,-171000
2011/08/04,0,146000,-102000,44000
2011/08/05,0,111000,-354000,-243000
2011/08/08,0,80000,-468000,-388000
2011/08/09,0,316000,-649000,-333000
2011/08/10,0,185000,-590000,-405000
2011/08/11,0,344000,-365000,-21000
2011/08/12,0,0,-479000,-479000
2011/08/15,0,92000,-50000,42000
2011/08/16,0,488000,-459000,29000
2011/08/17,0,141000,-409000,-268000
2011/08/18,0,82000,-397000,-315000
2011/08/19,0,30000,-108000,-78000
2011/08/22,0,90030,-77000,13030
2011/08/23,0,171000,-57000,114000
2011/08/24,0,81000,-192000,-111000
2011/08/25,0,72000,0,72000
2011/08/26,0,115000,-444000,-329000
2011/08/29,0,187000,-56000,131000
2011/08/30,0,118000,-95000,23000
2011/08/31,0,53000,-148000,-95000
2011/09/01,0,157000,-435000,-278000
2011/09/02,0,294000,-125000,169000
2011/09/05,0,21000,-330000,-309000
2011/09/06,0,42000,-160000,-118000
2011/09/07,0,119000,-57000,62000
2011/09/08,0,114000,-55000,59000
2011/09/09,0,58000,-69000,-11000
2011/09/12,0,0,0,0
2011/09/13,0,64000,-71000,-7000
2011/09/14,0,219000,-241000,-22000
2011/09/15,0,111000,-171000,-60000
2011/09/16,0,116000,-74000,42000
2011/09/19,0,42000,-29000,13000
2011/09/20,0,49000,-91000,-42000
2011/09/21,0,605000,-195000,410000
2011/09/22,0,23000,-259000,-236000
2011/09/23,0,63000,-259000,-196000
2011/09/26,0,113000,-163000,-50000
2011/09/27,0,167000,-31000,136000
2011/09/28,0,54000,-67570,-13570
2011/09/29,0,114000,-185000,-71000
2011/09/30,0,130000,-272638,-142638
2011/10/03,0,72000,-64000,8000
2011/10/04,0,75000,-8000,67000
2011/10/05,0,172000,-57000,115000
2011/10/06,0,199000,-381000,-182000
2011/10/07,0,299000,-303000,-4000
2011/10/10,0,0,0,0
2011/10/11,0,307000,-25000,282000
2011/10/12,0,90000,-105000,-15000
2011/10/13,0,61000,-48000,13000
2011/10/14,0,47000,-7000,40000
2011/10/17,0,504000,-399950,104050
2011/10/18,0,32070,-444000,-411930
2011/10/19,0,232100,-322000,-89900
2011/10/20,0,58000,-256000,-198000
2011/10/21,0,137000,-356000,-219000
2011/10/24,0,352000,-503000,-151000
2011/10/25,0,90000,-338000,-248000
2011/10/26,0,257000,-894350,-637350
2011/10/27,0,77000,-812220,-735220
2011/10/28,0,290000,-634000,-344000
2011/10/31,0,52000,-43000,9000
2011/11/01,0,142000,-31000,111000
2011/11/02,0,62000,-72000,-10000
2011/11/03,0,33000,-233000,-200000
2011/11/04,0,154000,-36000,118000
2011/11/07,0,34000,-253000,-219000
2011/11/08,0,89000,-832020,-743020
2011/11/09,0,1558000,-222000,1336000
2011/11/10,0,221000,-370000,-149000
2011/11/11,0,1089000,-187000,902000
2011/11/14,0,295000,-295000,0
2011/11/15,0,62000,-5000,57000
2011/11/16,0,193000,-38000,155000
2011/11/17,0,37000,-73000,-36000
2011/11/18,0,92000,-29000,63000
2011/11/21,0,355000,-281000,74000
2011/11/22,0,391000,-1000,390000
2011/11/23,0,75000,-64000,11000
2011/11/24,0,176000,-128000,48000
2011/11/25,0,57000,-409000,-352000
2011/11/28,0,238000,-1000,237000
2011/11/29,0,70000,-795743,-725743
2011/11/30,0,455000,-196510,258490
2011/12/01,0,689000,-251000,438000
2011/12/02,0,165000,-72000,93000
2011/12/05,0,76000,-159000,-83000
2011/12/06,0,106000,-222000,-116000
2011/12/07,0,455000,-13000,442000
2011/12/08,0,20000,-109000,-89000
2011/12/09,0,70000,-117000,-47000
2011/12/12,0,751000,-175000,576000
2011/12/13,0,406000,-55240,350760
2011/12/14,0,371000,-77000,294000
2011/12/15,0,252000,-91000,161000
2011/12/16,0,356000,-117000,239000
2011/12/19,0,311000,-274000,37000
2011/12/20,0,267000,-3000,264000
2011/12/21,0,160000,-145000,15000
2011/12/22,0,242000,-29910,212090
2011/12/23,0,511000,-8000,503000
2011/12/26,0,39000,-190000,-151000
2011/12/27,0,132000,-54000,78000
2011/12/28,0,326890,-26890,300000
2011/12/29,0,129040,-11000,118040
2011/12/30,0,120001,-17000,103001
2012/01/02,0,106000,-316000,-210000
2012/01/03,0,108000,-6000,102000
2012/01/04,0,76000,-283000,-207000
2012/01/05,0,125000,-824601,-699601
2012/01/06,0,216000,-223000,-7000
2012/01/09,0,112000,-28000,84000
2012/01/10,0,299000,-28000,271000
2012/01/11,0,580000,-46000,534000
2012/01/12,0,1009000,-219000,790000
2012/01/13,0,193000,-288000,-95000
2012/01/16,0,851000,-113000,738000
2012/01/17,0,994000,-32000,962000
2012/01/18,0,439000,-178000,261000
2012/01/19,0,0,0,0
2012/01/20,0,0,0,0
2012/01/23,0,0,0,0
2012/01/24,0,0,0,0
2012/01/25,0,0,0,0
2012/01/26,0,0,0,0
2012/01/27,0,0,0,0
2012/01/30,0,285000,-92000,193000
2012/01/31,0,277000,-670000,-393000
2012/02/01,0,807000,-185000,622000
2012/02/02,0,507000,-187000,320000
2012/02/03,0,149000,-237000,-88000
2012/02/06,0,205000,-152000,53000
2012/02/07,0,290000,-17000,273000
2012/02/08,0,545000,-28000,517000
2012/02/09,0,218000,-41000,177000
2012/02/10,0,368000,-364000,4000
2012/02/13,0,512000,-285000,227000
2012/02/14,0,384000,-71000,313000
2012/02/15,0,681000,0,681000
2012/02/16,0,200000,-52000,148000
2012/02/17,0,469000,-4000,465000
2012/02/20,0,41000,-120000,-79000
2012/02/21,0,552000,-82000,470000
2012/02/22,0,457000,-479700,-22700
2012/02/23,0,492000,-364000,128000
2012/02/24,0,388000,-109000,279000
2012/02/27,0,0,0,0
2012/02/28,0,0,0,0
2012/02/29,0,384308,-201000,183308
2012/03/01,0,170000,-7000,163000
2012/03/02,0,208000,-77000,131000
2012/03/05,0,249000,-204000,45000
2012/03/06,0,519000,-608000,-89000
2012/03/07,0,303000,-204000,99000
2012/03/08,0,226000,-551000,-325000
2012/03/09,0,192000,-140000,52000
2012/03/12,0,210000,-112000,98000
2012/03/13,0,431000,-8000,423000
2012/03/14,0,208000,-27000,181000
2012/03/15,0,86000,-9000,77000
2012/03/16,0,206000,-113000,93000
2012/03/19,0,91000,-400000,-309000
2012/03/20,0,173000,-8000,165000
2012/03/21,0,189000,-62000,127000
2012/03/22,0,74000,-11000,63000
2012/03/23,0,254000,-7000,247000
2012/03/26,0,38000,-58000,-20000
2012/03/27,0,0,-53000,-53000
2012/03/28,0,37000,-50000,-13000
2012/03/29,0,37000,-346000,-309000
2012/03/30,0,79000,-11000,68000
2012/04/02,0,53000,-38000,15000
2012/04/03,0,156000,-21000,135000
2012/04/04,0,0,0,0
2012/04/05,0,274000,-87000,187000
2012/04/06,0,136000,-477000,-341000
2012/04/09,0,84000,-93000,-9000
2012/04/10,0,58000,-91000,-33000
2012/04/11,0,48000,-94000,-46000
2012/04/12,0,31000,-197000,-166000
2012/04/13,0,81000,-177000,-96000
2012/04/16,0,39000,-150000,-111000
2012/04/17,0,4000,-360650,-356650
2012/04/18,0,154000,-605000,-451000
2012/04/19,0,308000,-43000,265000
2012/04/20,0,524000,-766621,-242621
2012/04/23,0,165000,-33000,132000
2012/04/24,0,264000,-83000,181000
2012/04/25,0,223774,-144000,79774
2012/04/26,0,44000,-14000,30000
2012/04/27,0,15000,-58000,-43000
2012/04/30,0,56000,-19490,36510
2012/05/01,0,0,0,0
2012/05/02,0,148000,-217000,-69000
2012/05/03,0,96000,-133000,-37000
2012/05/04,0,44000,-48000,-4000
2012/05/07,0,7000,-88000,-81000
2012/05/08,0,20000,-78000,-58000
2012/05/09,0,5000,-87000,-82000
2012/05/10,0,0,-142000,-142000
2012/05/11,0,4000,-17000,-13000
2012/05/14,0,8000,-31000,-23000
2012/05/15,0,23000,-44000,-21000
2012/05/16,0,33000,-209000,-176000
2012/05/17,0,130000,-178000,-48000
2012/05/18,0,88000,-166000,-78000
2012/05/21,0,27000,-22000,5000
2012/05/22,0,48000,-55000,-7000
2012/05/23,0,77000,-112000,-35000
2012/05/24,0,172000,-37000,135000
2012/05/25,0,24000,-7000,17000
2012/05/28,0,54000,-34000,20000
2012/05/29,0,56000,-71000,-15000
2012/05/30,0,24000,-155000,-131000
2012/05/31,0,40000,-90000,-50000
2012/06/01,0,5000,-73249,-68249
2012/06/04,0,57000,-118000,-61000
2012/06/05,0,152000,-4000,148000
2012/06/06,0,32000,-15000,17000
2012/06/07,0,25000,-13000,12000
2012/06/08,0,21000,-115000,-94000
2012/06/11,0,22000,-11000,11000
2012/06/12,0,103000,-22000,81000
2012/06/13,0,37000,-52000,-15000
2012/06/14,0,30000,-48000,-18000
2012/06/15,0,603393,-109000,494393
2012/06/18,0,80000,-73000,7000
2012/06/19,0,285000,-26000,259000
2012/06/20,0,156000,-47000,109000
2012/06/21,0,140776,-11000,129776
2012/06/22,0,67000,-1000,66000
2012/06/25,0,236000,-188000,48000
2012/06/26,0,186000,-234000,-48000
2012/06/27,0,146000,-62000,84000
2012/06/28,0,117272,-50000,67272
2012/06/29,0,150271,-258000,-107729
2012/07/02,0,41000,-35000,6000
2012/07/03,0,155000,-621000,-466000
2012/07/04,0,69000,-131000,-62000
2012/07/05,0,139000,-228000,-89000
2012/07/06,0,29000,-44000,-15000
2012/07/09,0,43000,-55000,-12000
2012/07/10,0,62000,-180000,-118000
2012/07/11,0,69000,-120000,-51000
2012/07/12,0,60000,-89000,-29000
2012/07/13,0,56000,-121000,-65000
2012/07/16,0,87000,-90000,-3000
2012/07/17,0,127000,-174000,-47000
2012/07/18,0,121000,-192000,-71000
2012/07/19,0,51000,-61000,-10000
2012/07/20,0,78000,-79000,-1000
2012/07/23,0,52000,-117000,-65000
2012/07/24,0,84000,-77000,7000
2012/07/25,0,436000,-286000,150000
2012/07/26,0,446221,-200000,246221
2012/07/27,0,132000,-224000,-92000
2012/07/30,0,145000,-110000,35000
2012/07/31,0,219000,-200000,19000
2012/08/01,0,81000,-79000,2000
2012/08/02,0,0,0,0
2012/08/03,0,128000,-86000,42000
2012/08/06,0,151796,-74000,77796
2012/08/07,0,204000,-113000,91000
2012/08/08,0,153000,-37000,116000
2012/08/09,0,313000,-15000,298000
2012/08/10,0,299000,-18000,281000
2012/08/13,0,198613,-17000,181613
2012/08/14,0,345000,-264000,81000
2012/08/15,0,150000,-136000,14000
2012/08/16,0,118572,-90000,28572
2012/08/17,0,80000,-93000,-13000
2012/08/20,0,74000,-165000,-91000
2012/08/21,0,228000,-118000,110000
2012/08/22,0,50000,-56000,-6000
2012/08/23,0,81593,-70000,11593
2012/08/24,0,159000,-199000,-40000
2012/08/27,0,70000,-98000,-28000
2012/08/28,0,120000,-180000,-60000
2012/08/29,0,108000,-377000,-269000
2012/08/30,0,24602,-23000,1602
2012/08/31,0,113000,-373000,-260000
2012/09/03,0,86000,-84000,2000
2012/09/04,0,59000,-77000,-18000
2012/09/05,0,45000,-38925,6075
2012/09/06,0,70000,-132560,-62560
2012/09/07,0,62000,-60000,2000
2012/09/10,0,70000,-88000,-18000
2012/09/11,0,52000,-133000,-81000
2012/09/12,0,7000,-14000,-7000
2012/09/13,0,18000,-8000,10000
2012/09/14,0,101000,-2000,99000
2012/09/17,0,47000,-28000,19000
2012/09/18,0,29000,-119000,-90000
2012/09/19,0,76000,-100940,-24940
2012/09/20,0,6000,-226000,-220000
2012/09/21,0,68000,-102000,-34000
2012/09/24,0,5000,-71000,-66000
2012/09/25,0,33000,-33000,0
2012/09/26,0,49000,-68000,-19000
2012/09/27,0,61000,-126000,-65000
2012/09/28,0,64719,-121000,-56281
2012/10/01,0,91000,-88000,3000
2012/10/02,0,222000,-19000,203000
2012/10/03,0,55000,-73000,-18000
2012/10/04,0,38000,-160000,-122000
2012/10/05,0,23850,-113000,-89150
2012/10/08,0,23000,-300481,-277481
2012/10/09,0,89000,-79000,10000
2012/10/10,0,0,0,0
2012/10/11,0,17152,-182623,-165471
2012/10/12,0,28000,-139000,-111000
2012/10/15,0,5000,-19000,-14000
2012/10/16,0,2000,-127000,-125000
2012/10/17,0,4000,-169000,-165000
2012/10/18,0,44000,-22000,22000
2012/10/19,0,7000,-57000,-50000
2012/10/22,0,29000,-108000,-79000
2012/10/23,0,49000,-68000,-19000
2012/10/24,0,34000,-19560,14440
2012/10/25,0,14000,-32000,-18000
2012/10/26,0,150000,-36000,114000
2012/10/29,0,117000,-29000,88000
2012/10/30,0,55000,0,55000
2012/10/31,0,331000,-109000,222000
2012/11/01,0,49000,-57000,-8000
2012/11/02,0,2005451,-1991451,14000
2012/11/05,0,226845,-16000,210845
2012/11/06,0,73000,-4000,69000
2012/11/07,0,31000,-11000,20000
2012/11/08,0,34000,-36000,-2000
2012/11/09,0,134000,-55000,79000
2012/11/12,0,53000,-34000,19000
2012/11/13,0,69000,-77000,-8000
2012/11/14,0,41000,-126000,-85000
2012/11/15,0,41000,-20000,21000
2012/11/16,0,40000,-130000,-90000
2012/11/19,0,26000,-16000,10000
2012/11/20,0,17000,0,17000
2012/11/21,0,34000,-115000,-81000
2012/11/22,0,14000,0,14000
2012/11/23,0,208000,0,208000
2012/11/26,0,98000,-2000,96000
2012/11/27,0,70192,-41080,29112
2012/11/28,0,72000,-2000,70000
2012/11/29,0,235000,-5000,230000
2012/11/30,0,318000,-66000,252000
2012/12/03,0,739000,-2000,737000
2012/12/04,0,59000,-15000,44000
2012/12/05,0,554000,-40000,514000
2012/12/06,0,583000,-47000,536000
2012/12/07,0,54000,-24000,30000
2012/12/10,0,1000,-28100,-27100
2012/12/11,0,123000,-10000,113000
2012/12/12,0,325000,-140000,185000
2012/12/13,0,109000,-11000,98000
2012/12/14,0,234000,-2000,232000
2012/12/17,0,503000,-43000,460000
2012/12/18,0,353000,-171000,182000
2012/12/19,0,488000,-78000,410000
2012/12/20,0,304192,-24000,280192
2012/12/21,0,504000,-59000,445000
2012/12/24,0,285000,-6000,279000
2012/12/25,0,183000,-34000,149000
2012/12/26,0,171000,0,171000
2012/12/27,0,327000,-1000,326000
2012/12/28,0,205000,0,205000
2012/12/31,0,0,0,0
2013/01/01,0,0,0,0
2013/01/02,0,91000,-16000,75000
2013/01/03,0,179000,0,179000
2013/01/04,0,226000,-60000,166000
2013/01/07,0,165325,-38000,127325
2013/01/08,0,590990,-57000,533990
2013/01/09,0,599720,-7000,592720
2013/01/10,0,209000,-86000,123000
2013/01/11,0,209000,-8000,201000
2013/01/14,0,100000,-17000,83000
2013/01/15,0,488000,-36000,452000
2013/01/16,0,365000,-159000,206000
2013/01/17,0,249000,-114000,135000
2013/01/18,0,299683,-2000,297683
2013/01/21,0,178000,-11000,167000
2013/01/22,0,179000,-20000,159000
2013/01/23,0,71000,-25000,46000
2013/01/24,0,61000,-70200,-9200
2013/01/25,0,100136,-93000,7136
2013/01/28,0,17000,0,17000
2013/01/29,0,66000,0,66000
2013/01/30,0,240000,-5000,235000
2013/01/31,0,4000,-13000,-9000
2013/02/01,0,36000,-38000,-2000
2013/02/04,0,57800,0,57800
2013/02/05,0,20000,0,20000
2013/02/06,0,21198,-24000,-2802
2013/02/07,0,0,0,0
2013/02/08,0,0,0,0
2013/02/11,0,0,0,0
2013/02/12,0,0,0,0
2013/02/13,0,0,0,0
2013/02/14,0,0,0,0
2013/02/15,0,0,0,0
2013/02/18,0,53800,-103000,-49200
2013/02/19,0,66000,-83000,-17000
2013/02/20,0,43908,-121000,-77092
2013/02/21,0,82606,-218356,-135750
2013/02/22,0,39160,-71000,-31840
2013/02/25,0,128000,-134000,-6000
2013/02/26,0,26848,-74000,-47152
2013/02/27,0,345000,-51000,294000
2013/02/28,0,0,0,0
2013/03/01,0,135616,-438000,-302384
2013/03/04,0,480216,-789000,-308784
2013/03/05,0,323212,-217000,106212
2013/03/06,0,338605,-5000,333605
2013/03/07,0,163000,-36000,127000
2013/03/08,0,7605,-544000,-536395
2013/03/11,0,484590,-262000,222590
2013/03/12,0,193615,-55000,138615
2013/03/13,0,161000,-273000,-112000
2013/03/14,0,276166,-124000,152166
2013/03/15,0,235280,-709232,-473952
2013/03/18,0,174168,-834000,-659832
2013/03/19,0,260000,-189000,71000
2013/03/20,0,37000,-117000,-80000
2013/03/21,0,105655,-130000,-24345
2013/03/22,0,98000,-16000,82000
2013/03/25,0,0,-32000,-32000
2013/03/26,0,71216,-60000,11216
2013/03/27,0,0,-53000,-53000
2013/03/28,0,3587,-20000,-16413
2013/03/29,0,43607,0,43607
2013/04/01,0,25000,-4000,21000
2013/04/02,0,294000,-10000,284000
2013/04/03,0,181000,-21000,160000
2013/04/04,0,0,0,0
2013/04/05,0,0,0,0
2013/04/08,0,54284,-84000,-29716
2013/04/09,0,169000,-78000,91000
2013/04/10,0,51000,-142000,-91000
2013/04/11,0,151600,-12000,139600
2013/04/12,0,92000,-25000,67000
2013/04/15,0,13000,-3000,10000
2013/04/16,0,443000,-5000,438000
2013/04/17,0,20000,-52000,-32000
2013/04/18,0,299000,-27000,272000
2013/04/19,0,58000,-69000,-11000
2013/04/22,0,570000,-73000,497000
2013/04/23,0,150360,-101000,49360
2013/04/24,0,110000,-31000,79000
2013/04/25,0,209000,0,209000
2013/04/26,0,189000,-5000,184000
2013/04/29,0,9000,0,9000
2013/04/30,0,228000,0,228000
2013/05/01,0,0,0,0
2013/05/02,0,323641,-201434,122207
2013/05/03,0,21000,-274000,-253000
2013/05/06,0,92000,-13000,79000
2013/05/07,0,299546,-2000,297546
2013/05/08,0,121000,-26016,94984
2013/05/09,0,96032,-44000,52032
2013/05/10,0,211000,-91000,120000
2013/05/13,0,171000,-149000,22000
2013/05/14,0,139626,-119000,20626
2013/05/15,0,577000,-13000,564000
2013/05/16,0,369000,-6000,363000
2013/05/17,0,322000,-120000,202000
2013/05/20,0,8000,-79000,-71000
2013/05/21,0,586000,-119000,467000
2013/05/22,0,65000,-28000,37000
2013/05/23,0,515000,-96000,419000
2013/05/24,0,218000,-34000,184000
2013/05/27,0,86000,-10000,76000
2013/05/28,0,231000,-24000,207000
2013/05/29,0,47000,-63000,-16000
2013/05/30,0,142000,-91000,51000
2013/05/31,0,38000,-324766,-286766
2013/06/03,0,148000,-344000,-196000
2013/06/04,0,1047000,-203000,844000
2013/06/05,0,561000,-196000,365000
2013/06/06,0,132000,-169000,-37000
2013/06/07,0,455000,-124000,331000
2013/06/10,0,118000,-3000,115000
2013/06/11,0,81000,-46000,35000
2013/06/12,0,0,0,0
2013/06/13,0,338000,-36000,302000
2013/06/14,0,81000,-66000,15000
2013/06/17,0,293000,-110000,183000
2013/06/18,0,250000,-204000,46000
2013/06/19,0,79000,-163920,-84920
2013/06/20,0,188000,-320,187680
2013/06/21,0,901000,-11000,890000
2013/06/24,0,1319000,-201000,1118000
2013/06/25,0,589000,-284000,305000
2013/06/26,0,445000,-188000,257000
2013/06/27,0,3228000,-537000,2691000
2013/06/28,0,787000,-346199,440801
2013/07/01,0,443000,-336000,107000
2013/07/02,0,818000,-325772,492228
2013/07/03,0,481000,-241000,240000
2013/07/04,0,1194000,-263000,931000
2013/07/05,0,628000,-434000,194000
2013/07/08,0,436000,-651000,-215000
2013/07/09,0,483000,-242618,240382
2013/07/10,0,1566000,-87000,1479000
2013/07/11,0,1253000,-155640,1097360
2013/07/12,0,1644000,-33000,1611000
2013/07/15,0,1692818,-1853033,-160215
2013/07/16,0,1202000,-230000,972000
2013/07/17,0,739000,-412000,327000
2013/07/18,0,1418000,-937000,481000
2013/07/19,0,325000,-211128,113872
2013/07/22,0,792000,-111000,681000
2013/07/23,0,827000,-208000,619000
2013/07/24,0,1170000,-246000,924000
2013/07/25,0,1977000,-521000,1456000
2013/07/26,0,917000,-57000,860000
2013/07/29,0,2285000,-2000,2283000
2013/07/30,0,2358000,-76000,2282000
2013/07/31,0,3472000,-629000,2843000
2013/08/01,0,918308,-1243000,-324692
2013/08/02,0,1828000,-410000,1418000
2013/08/05,0,1422000,-450000,972000
2013/08/06,0,1246000,-678000,568000
2013/08/07,0,822000,-403000,419000
2013/08/08,0,1628000,-9000,1619000
2013/08/09,0,928000,-115000,813000
2013/08/12,0,121406,-271000,-149594
2013/08/13,0,1287000,-167000,1120000
2013/08/14,0,591000,-778000,-187000
2013/08/15,0,868000,-249000,619000
2013/08/16,0,1671000,-137000,1534000
2013/08/19,0,958000,-284000,674000
2013/08/20,0,483000,-370000,113000
2013/08/21,0,0,0,0
2013/08/22,0,498000,-629000,-131000
2013/08/23,0,602000,-84000,518000
2013/08/26,0,332000,-385000,-53000
2013/08/27,0,776000,-404000,372000
2013/08/28,0,44000,-378000,-334000
2013/08/29,0,553000,-546000,7000
2013/08/30,0,1491000,-838000,653000
2013/09/02,0,392000,-347000,45000
2013/09/03,0,453000,-822000,-369000
2013/09/04,0,1673000,-832000,841000
2013/09/05,0,1792000,-1327719,464281
2013/09/06,0,2795975,-1035000,1760975
2013/09/09,0,1443000,-832000,611000
2013/09/10,0,1067000,-1282463,-215463
2013/09/11,0,1923000,-1421000,502000
2013/09/12,0,768000,-429000,339000
2013/09/13,0,250000,-329950,-79950
2013/09/16,0,394000,-750000,-356000
2013/09/17,0,249000,-522902,-273902
2013/09/18,0,277000,-376000,-99000
2013/09/19,0,0,0,0
2013/09/20,0,0,0,0
2013/09/23,0,297000,-787794,-490794
2013/09/24,0,527000,-218512,308488
2013/09/25,0,253000,-645183,-392183
2013/09/26,0,88000,-1221000,-1133000
2013/09/27,0,215000,-404000,-189000
2013/09/30,0,303000,-474338,-171338
2013/10/01,0,272000,-570000,-298000
2013/10/02,0,443000,-142000,301000
2013/10/03,0,1187000,-736000,451000
2013/10/04,0,71000,-264581,-193581
2013/10/07,0,60000,-353544,-293544
2013/10/08,0,349000,-159793,189207
2013/10/09,0,147000,-136396,10604
2013/10/10,0,0,0,0
2013/10/11,0,1763000,-199000,1564000
2013/10/14,0,3075537,-480000,2595537
2013/10/15,0,1199475,-1152796,46679
2013/10/16,0,500000,-408000,92000
2013/10/17,0,441000,-771000,-330000
2013/10/18,0,842000,-760000,82000
2013/10/21,0,89000,-1022550,-933550
2013/10/22,0,891000,-308000,583000
2013/10/23,0,205000,-684887,-479887
2013/10/24,0,183000,-1044912,-861912
2013/10/25,0,217000,-558000,-341000
2013/10/28,0,408000,-565646,-157646
2013/10/29,0,572000,-871000,-299000
2013/10/30,0,34000,-845188,-811188
2013/10/31,0,233000,-199842,33158
2013/11/01,0,294000,-687000,-393000
2013/11/04,0,15412,-463000,-447588
2013/11/05,0,174000,-190000,-16000
2013/11/06,0,664000,-1016877,-352877
2013/11/07,0,685000,-964000,-279000
2013/11/08,0,663183,-1091000,-427817
2013/11/11,0,44138,-245000,-200862
2013/11/12,0,318123,-635898,-317775
2013/11/13,0,209000,-190904,18096
2013/11/14,0,980000,-1960976,-980976
2013/11/15,0,392988,-298000,94988
2013/11/18,0,356000,-625000,-269000
2013/11/19,0,336000,-263000,73000
2013/11/20,0,136000,-831000,-695000
2013/11/21,0,197494,-561000,-363506
2013/11/22,0,247324,-1154000,-906676
2013/11/25,0,81000,-516700,-435700
2013/11/26,0,398000,-694907,-296907
2013/11/27,0,778000,-602856,175144
2013/11/28,0,1407000,-823222,583778
2013/11/29,0,123000,-726000,-603000
2013/12/02,0,217000,-449000,-232000
2013/12/03,0,327747,-662403,-334656
2013/12/04,0,515958,-540000,-24042
2013/12/05,0,226000,-646000,-420000
2013/12/06,0,523566,-767000,-243434
2013/12/09,0,191000,-488000,-297000
2013/12/10,0,610000,-721100,-111100
2013/12/11,0,259000,-798750,-539750
2013/12/12,0,529250,-321000,208250
2013/12/13,0,339000,-367000,-28000
2013/12/16,0,418441,-250000,168441
2013/12/17,0,231000,-922222,-691222
2013/12/18,0,232525,-223000,9525
2013/12/19,0,193000,-158000,35000
2013/12/20,0,324049,-312050,11999
2013/12/23,0,439000,-331000,108000
2013/12/24,0,438000,-725000,-287000
2013/12/25,0,474000,-187000,287000
2013/12/26,0,329000,-193000,136000
2013/12/27,0,246000,-438000,-192000
2013/12/30,0,499000,-696003,-197003
2013/12/31,0,215000,-143000,72000
2014/01/02,0,390000,-411000,-21000
2014/01/03,0,2054000,-1645000,409000
2014/01/06,0,851000,-2328175,-1477175
2014/01/07,0,617000,-2233225,-1616225
2014/01/08,0,187000,-2119250,-1932250
2014/01/09,0,297000,-1585675,-1288675
2014/01/10,0,121000,-1043000,-922000
2014/01/13,0,508000,-806050,-298050
2014/01/14,0,50000,-1151525,-1101525
2014/01/15,0,180000,-619525,-439525
2014/01/16,0,785000,-1364850,-579850
2014/01/17,0,12000,-1101350,-1089350
2014/01/20,0,98000,-379375,-281375
2014/01/21,0,377000,-346000,31000
2014/01/22,0,469000,-493225,-24225
2014/01/23,0,149596,-995200,-845604
2014/01/24,0,531000,-257350,273650
2014/01/27,0,645798,-271000,374798
2014/02/05,0,102169,-894000,-791831
2014/02/06,0,756000,-949000,-193000
2014/02/07,0,155000,-1139931,-984931
2014/02/10,0,479000,-734000,-255000
2014/02/11,0,244000,-1333000,-1089000
2014/02/12,0,120000,-638425,-518425
2014/02/13,0,129000,-871000,-742000
2014/02/14,0,353000,-1165000,-812000
2014/02/17,0,173000,-1999700,-1826700
2014/02/18,0,391000,-904716,-513716
2014/02/19,0,277000,-224000,53000
2014/02/20,0,631000,-804654,-173654
2014/02/21,0,145000,-221000,-76000
2014/02/24,0,523000,-195000,328000
2014/02/25,0,11000,-55000,-44000
2014/02/26,0,401000,-642000,-241000
2014/02/27,0,476000,-88000,388000
2014/03/03,0,302000,-245000,57000
2014/03/04,0,272000,-296000,-24000
2014/03/05,0,418000,-926000,-508000
2014/03/06,0,2619000,-1543275,1075725
2014/03/07,0,1076000,-843000,233000
2014/03/10,0,214000,-980200,-766200
2014/03/11,0,301000,-268000,33000
2014/03/12,0,153000,-843687,-690687
2014/03/13,0,248000,-956000,-708000
2014/03/14,0,356000,-737000,-381000
2014/03/17,0,522000,-639000,-117000
2014/03/18,0,228000,-598000,-370000
2014/03/19,0,518000,-664000,-146000
2014/03/20,0,694000,-914242,-220242
2014/03/21,0,808000,-327000,481000
2014/03/24,0,1299596,-746489,553107
2014/03/25,0,380000,-865000,-485000
2014/03/26,0,255000,-390574,-135574
2014/03/27,0,146000,-58000,88000
2014/03/28,0,102000,-308000,-206000
2014/03/31,0,223000,-270000,-47000
2014/04/01,0,33000,-310000,-277000
2014/04/02,0,29000,-146000,-117000
2014/04/03,0,190000,-186009,3991
2014/04/07,0,1712000,-208820,1503180
2014/04/08,0,726000,-381000,345000
2014/04/09,0,59752,-77875,-18123
2014/04/10,0,378000,-1559318,-1181318
2014/04/11,0,171000,-698000,-527000
2014/04/14,0,99000,-448000,-349000
2014/04/15,0,158000,-485000,-327000
2014/04/16,0,346000,-908000,-562000
2014/04/17,0,483000,-724050,-241050
2014/04/18,0,38000,-356000,-318000
2014/04/21,0,83000,-8000,75000
2014/04/22,0,730000,-94000,636000
2014/04/23,0,2000,-1573082,-1571082
2014/04/24,0,275000,-1038171,-763171
2014/04/25,0,327000,-412000,-85000
2014/04/28,0,277000,-181000,96000
2014/04/29,0,817000,-1217683,-400683
2014/04/30,0,593000,-660000,-67000
2014/05/02,0,609000,-247000,362000
2014/05/05,0,440000,-390000,50000
2014/05/06,0,127000,-358000,-231000
2014/05/07,0,25000,-281000,-256000
2014/05/08,0,26000,-1241787,-1215787
2014/05/09,0,68000,-688973,-620973
2014/05/12,0,188000,-434000,-246000
2014/05/13,0,263000,-37000,226000
2014/05/14,0,167000,-773000,-606000
2014/05/15,0,190000,-643000,-453000
2014/05/16,0,13000,-547000,-534000
2014/05/19,0,58000,-215000,-157000
2014/05/20,0,160000,-491800,-331800
2014/05/21,0,69000,-256000,-187000
2014/05/22,0,646000,-523000,123000
2014/05/23,0,52000,-103925,-51925
2014/05/26,0,147000,-118000,29000
2014/05/27,0,48000,-64000,-16000
2014/05/28,0,603000,-819000,-216000
2014/05/29,0,93000,-39528,53472
2014/05/30,0,386000,-274000,112000
2014/06/03,0,372000,-287245,84755
2014/06/04,0,136000,-45000,91000
2014/06/05,0,89000,-35000,54000
2014/06/06,0,176000,-24000,152000
2014/06/09,0,272000,-88000,184000
2014/06/10,0,94893,-24000,70893
2014/06/11,0,274000,-12000,262000
2014/06/12,0,69000,-21000,48000
2014/06/13,0,237000,-365000,-128000
2014/06/16,0,443000,-13000,430000
2014/06/17,0,991000,-20000,971000
2014/06/18,0,1010000,-88000,922000
2014/06/19,0,319000,-51000,268000
2014/06/20,0,368000,-69000,299000
2014/06/23,0,612000,-124000,488000
2014/06/24,0,884000,-524000,360000
2014/06/25,0,440000,-161000,279000
2014/06/26,0,154000,-12000,142000
2014/06/27,0,183000,-30000,153000
2014/06/30,0,242000,-92000,150000
2014/07/01,0,110000,-98000,12000
2014/07/02,0,173000,-125000,48000
2014/07/03,0,53000,-156000,-103000
2014/07/04,0,138000,-179000,-41000
2014/07/07,0,209000,-79000,130000
2014/07/08,0,192000,-12000,180000
2014/07/09,0,43000,-243000,-200000
2014/07/10,0,70000,-21000,49000
2014/07/11,0,124000,-227000,-103000
2014/07/14,0,165000,-28000,137000
2014/07/15,0,135000,-6000,129000
2014/07/16,0,188000,-161000,27000
2014/07/17,0,237000,-30000,207000
2014/07/18,0,113000,-156000,-43000
2014/07/21,0,23000,-572750,-549750
2014/07/22,0,204000,-686133,-482133
2014/07/23,0,0,0,0
2014/07/24,0,286000,-867103,-581103
2014/07/25,0,2043000,-751000,1292000
2014/07/28,0,1927100,-545524,1381576
2014/07/29,0,1105000,-387000,718000
2014/07/30,0,165000,-1799000,-1634000
2014/07/31,0,391000,-1148975,-757975
2014/08/01,0,138000,-570275,-432275
2014/08/04,0,136000,-430000,-294000
2014/08/05,0,276000,-1190000,-914000
2014/08/06,0,1121000,-1289075,-168075
2014/08/07,0,170000,-134000,36000
2014/08/08,0,235000,-273000,-38000
2014/08/11,0,100000,-299000,-199000
2014/08/12,0,190000,-587000,-397000
2014/08/13,0,127000,-637620,-510620
2014/08/14,0,152000,-232000,-80000
2014/08/15,0,153000,-90000,63000
2014/08/18,0,78000,-149000,-71000
2014/08/19,0,100000,-88000,12000
2014/08/20,0,120000,-83000,37000
2014/08/21,0,510000,-57000,453000
2014/08/22,0,184000,-255000,-71000
2014/08/25,0,113000,-196000,-83000
2014/08/26,0,104000,-89000,15000
2014/08/27,0,234000,-725000,-491000
2014/08/28,0,362000,-279000,83000
2014/08/29,0,216000,-173000,43000
2014/09/01,0,80000,-275000,-195000
2014/09/02,0,181000,-82000,99000
2014/09/03,0,124000,-51000,73000
2014/09/04,0,119000,-348000,-229000
2014/09/05,0,186000,-32000,154000
2014/09/09,0,113000,-777000,-664000
2014/09/10,0,791000,-512464,278536
2014/09/11,0,38000,-41000,-3000
2014/09/12,0,48000,-44000,4000
2014/09/15,0,28000,-57000,-29000
2014/09/16,0,228000,-332000,-104000
2014/09/17,0,250000,-205000,45000
2014/09/18,0,722000,-138000,584000
2014/09/19,0,64000,-174000,-110000
2014/09/22,0,35000,-43000,-8000
2014/09/23,0,85000,-23000,62000
2014/09/24,0,185000,-15000,170000
2014/09/25,0,103000,-43000,60000
2014/09/26,0,107000,-17000,90000
2014/09/29,0,27000,-329000,-302000
2014/09/30,0,298000,-68000,230000
2014/10/01,0,119000,-78000,41000
2014/10/02,0,262762,-58000,204762
2014/10/03,0,123132,-488000,-364868
2014/10/06,0,115674,-149132,-33458
2014/10/07,0,33000,-105000,-72000
2014/10/08,0,389105,-432105,-43000
2014/10/09,0,106000,-110000,-4000
2014/10/13,0,262000,-100000,162000
2014/10/14,0,285159,-56000,229159
2014/10/15,0,258000,-406000,-148000
2014/10/16,0,367000,-1152000,-785000
2014/10/17,0,174000,-917000,-743000
2014/10/20,0,465000,-84000,381000
2014/10/21,0,478000,-84000,394000
2014/10/22,0,731417,-174000,557417
2014/10/23,0,720000,-299000,421000
2014/10/24,0,155000,-301000,-146000
2014/10/27,0,208000,-693472,-485472
2014/10/28,0,405000,-1318000,-913000
2014/10/29,0,386000,-1316000,-930000
2014/10/30,0,569202,-45000,524202
2014/10/31,0,827000,-75000,752000
2014/11/03,0,988000,-496000,492000
2014/11/04,0,306000,-997000,-691000
2014/11/05,0,529000,-966000,-437000
2014/11/06,0,801000,-736000,65000
2014/11/07,0,1471000,-1820000,-349000
2014/11/10,0,685000,-182000,503000
2014/11/11,0,181000,-83000,98000
2014/11/12,0,257000,-327000,-70000
2014/11/13,0,389000,-234000,155000
2014/11/14,0,658000,-98000,560000
2014/11/17,0,358000,-259000,99000
2014/11/18,0,413000,-160000,253000
2014/11/19,0,440000,-133000,307000
2014/11/20,0,1169000,-138000,1031000
2014/11/21,0,784000,-232000,552000
2014/11/24,0,18925,-230000,-211075
2014/11/25,0,1258000,-564000,694000
2014/11/26,0,2069000,-360105,1708895
2014/11/27,0,782000,-445000,337000
2014/11/28,0,545000,-271000,274000
2014/12/01,0,175000,-128124,46876
2014/12/02,0,194000,-520000,-326000
2014/12/03,0,243000,-107000,136000
2014/12/04,0,460000,-319000,141000
2014/12/05,0,175000,-72000,103000
2014/12/08,0,31000,-241000,-210000
2014/12/09,0,147000,-276000,-129000
2014/12/10,0,750000,-488883,261117
2014/12/11,0,506000,-43000,463000
2014/12/12,0,453000,-427000,26000
2014/12/15,0,250000,-146000,104000
2014/12/16,0,803125,-484000,319125
2014/12/17,0,988000,-528000,460000
2014/12/18,0,304000,-108000,196000
2014/12/19,0,50000,-89000,-39000
2014/12/22,0,129000,-112000,17000
2014/12/23,0,91000,-419000,-328000
2014/12/24,0,46000,-421000,-375000
2014/12/25,0,4000,-106000,-102000
2014/12/26,0,174000,-1229000,-1055000
2014/12/29,0,43000,-193000,-150000
2014/12/30,0,184000,-481000,-297000
2014/12/31,0,340000,-43000,297000
2015/01/01,0,0,0,0
2015/01/02,0,0,0,0
2015/01/05,0,233000,-467000,-234000
2015/01/06,0,541000,-1196000,-655000
2015/01/07,0,150000,-583000,-433000
2015/01/08,0,625000,-737000,-112000
2015/01/09,0,10000,-483000,-473000
2015/01/12,0,220000,-836000,-616000
2015/01/13,0,111000,-106000,5000
2015/01/14,0,13000,-150000,-137000
2015/01/15,0,91000,-796796,-705796
2015/01/16,0,1047000,-587000,460000
2015/01/19,0,223000,-241000,-18000
2015/01/20,0,495000,-133000,362000
2015/01/21,0,56000,-437000,-381000
2015/01/22,0,462000,-265000,197000
2015/01/23,0,97000,-372000,-275000
2015/01/26,0,92000,-224000,-132000
2015/01/27,0,146000,-129000,17000
2015/01/28,0,114000,-542000,-428000
2015/01/29,0,166000,-495000,-329000
2015/01/30,0,227000,-300000,-73000
2015/02/02,0,808000,-12000,796000
2015/02/03,0,836000,-220106,615894
2015/02/04,0,1179000,-208000,971000
2015/02/05,0,799000,-140000,659000
2015/02/06,0,384000,-223000,161000
2015/02/09,0,332000,-58000,274000
2015/02/10,0,1070000,-153000,917000
2015/02/11,0,596845,-107000,489845
2015/02/12,0,767000,-128000,639000
2015/02/13,0,764000,-54000,710000
2015/02/16,0,0,0,0
2015/02/17,0,0,0,0
2015/02/18,0,0,0,0
2015/02/19,0,0,0,0
2015/02/20,0,0,0,0
2015/02/23,0,0,0,0
2015/02/24,0,584000,-227000,357000
2015/02/25,0,1175000,-158000,1017000
2015/02/26,0,1725000,-209000,1516000
2015/02/27,0,0,0,0
2015/03/02,0,117000,-330000,-213000
2015/03/03,0,1196000,-451000,745000
2015/03/04,0,88000,-250000,-162000
2015/03/05,0,814185,-113000,701185
2015/03/06,0,1858000,-24000,1834000
2015/03/09,0,1666000,-156000,1510000
2015/03/10,0,1041000,-756000,285000
2015/03/11,0,1116000,-649000,467000
2015/03/12,0,1592000,-1082000,510000
2015/03/13,0,125000,-697000,-572000
2015/03/16,0,166000,-152743,13257
2015/03/17,0,8000,-200000,-192000
2015/03/18,0,98000,-3004470,-2906470
2015/03/19,0,322000,-1228000,-906000
2015/03/20,0,1868000,-146000,1722000
2015/03/23,0,427000,-437321,-10321
2015/03/24,0,113000,-413000,-300000
2015/03/25,0,44000,-160000,-116000
2015/03/26,0,342000,-314000,28000
2015/03/27,0,211000,-552000,-341000
2015/03/30,0,603000,-674000,-71000
2015/03/31,0,1126000,-216000,910000
2015/04/01,0,1329000,-683000,646000
2015/04/02,0,162000,-1254000,-1092000
2015/04/03,0,0,0,0
2015/04/06,0,0,0,0
2015/04/07,0,3221000,-3040000,181000
2015/04/08,0,528000,-951000,-423000
2015/04/09,0,302000,-893000,-591000
2015/04/10,0,133000,-510000,-377000
2015/04/13,0,120000,-942000,-822000
2015/04/14,0,370000,-780000,-410000
2015/04/15,0,830000,-193000,637000
2015/04/16,0,452000,-1202000,-750000
2015/04/17,0,502000,-346105,155895
2015/04/20,0,266000,-288000,-22000
2015/04/21,0,268000,-186000,82000
2015/04/22,0,192000,-122000,70000
2015/04/23,0,760000,-50000,710000
2015/04/24,0,524000,-31000,493000
2015/04/27,0,476000,-29000,447000
2015/04/28,0,200000,-142000,58000
2015/04/29,0,445000,-135000,310000
2015/04/30,0,370000,-132000,238000
2015/05/01,0,0,0,0
2015/05/04,0,152000,-308000,-156000
2015/05/05,0,401000,-299000,102000
2015/05/06,0,228000,-226000,2000
2015/05/07,0,1002000,-193000,809000
2015/05/08,0,402000,-508000,-106000
2015/05/11,0,369000,-498000,-129000
2015/05/12,0,713000,-16000,697000
2015/05/13,0,161000,-240000,-79000
2015/05/14,0,338000,-69000,269000
2015/05/15,0,232000,-274000,-42000
2015/05/18,0,297000,-1128000,-831000
2015/05/19,0,112000,-505000,-393000
2015/05/20,0,161000,-338000,-177000
2015/05/21,0,93000,-444000,-351000
2015/05/22,0,92000,-305000,-213000
2015/05/25,0,30000,-283000,-253000
2015/05/26,0,165000,-201000,-36000
2015/05/27,0,251000,-264000,-13000
2015/05/28,0,171000,-111000,60000
2015/05/29,0,94000,-223000,-129000
2015/06/01,0,85000,-413000,-328000
2015/06/02,0,72000,-108000,-36000
2015/06/03,0,87000,-284000,-197000
2015/06/04,0,282000,-241000,41000
2015/06/05,0,193000,-716000,-523000
2015/06/08,0,238000,-429000,-191000
2015/06/09,0,65000,-584000,-519000
2015/06/10,0,161000,-393000,-232000
2015/06/11,0,83000,-496000,-413000
2015/06/12,0,227000,-743000,-516000
2015/06/15,0,189000,-168000,21000
2015/06/16,0,95000,-677000,-582000
2015/06/17,0,387000,-911000,-524000
2015/06/18,0,447000,-313000,134000
2015/06/19,0,0,0,0
2015/06/22,0,262000,-604000,-342000
2015/06/23,0,323000,-483000,-160000
2015/06/24,0,439000,-334000,105000
2015/06/25,0,107000,-282000,-175000
2015/06/26,0,135000,-132000,3000
2015/06/29,0,1002000,-139000,863000
2015/06/30,0,530000,-623000,-93000
2015/07/01,0,584000,-400000,184000
2015/07/02,0,182000,-401000,-219000
2015/07/03,0,190000,-353000,-163000
2015/07/06,0,194000,-415000,-221000
2015/07/07,0,125000,-127000,-2000
2015/07/08,0,949000,-532858,416142
2015/07/09,0,201000,-98000,103000
2015/07/10,0,0,0,0
2015/07/13,0,160000,-272000,-112000
2015/07/14,0,366000,-466000,-100000
2015/07/15,0,652000,-482000,170000
2015/07/16,0,266000,-773000,-507000
2015/07/17,0,190000,-149000,41000
2015/07/20,0,392000,-126000,266000
2015/07/21,0,684000,-280000,404000
2015/07/22,0,361000,-110000,251000
2015/07/23,0,557000,-173000,384000
2015/07/24,0,375000,-231000,144000
2015/07/27,0,665000,-181000,484000
2015/07/28,0,619000,-188000,431000
2015/07/29,0,290000,-188000,102000
2015/07/30,0,240000,-124000,116000
2015/07/31,0,202000,-330000,-128000
2015/08/03,0,456000,-189000,267000
2015/08/04,0,899000,-97000,802000
2015/08/05,0,507000,-139000,368000
2015/08/06,0,509000,-94000,415000
2015/08/07,0,81000,-131000,-50000
2015/08/10,0,261000,-267000,-6000
2015/08/11,0,208000,-360200,-152200
2015/08/12,0,140000,-135000,5000
2015/08/13,0,153000,-211000,-58000
2015/08/14,0,182000,-202000,-20000
2015/08/17,0,168000,-48000,120000
2015/08/18,0,113000,-696000,-583000
2015/08/19,0,220000,-1038000,-818000
2015/08/20,0,679000,-738000,-59000
2015/08/21,0,315000,-1144000,-829000
2015/08/24,0,336000,-589000,-253000
2015/08/25,0,559000,-757000,-198000
2015/08/26,0,379000,-343000,36000
2015/08/27,0,299000,-438000,-139000
2015/08/28,0,204000,-338000,-134000
2015/08/31,0,128000,-330000,-202000
2015/09/01,0,197000,-243000,-46000
2015/09/02,0,183000,-341000,-158000
2015/09/03,0,87000,-138000,-51000
2015/09/04,0,184000,-114000,70000
2015/09/07,0,24000,-103000,-79000
2015/09/08,0,60000,-368000,-308000
2015/09/09,0,159000,-228000,-69000
2015/09/10,0,410000,-41000,369000
2015/09/11,0,177000,-536000,-359000
2015/09/14,0,485000,-539000,-54000
2015/09/15,0,373000,-308000,65000
2015/09/16,0,630000,-992000,-362000
2015/09/17,0,404000,-724000,-320000
2015/09/18,0,1375000,-2381000,-1006000
2015/09/21,0,727000,-297000,430000
2015/09/22,0,402000,-638000,-236000
2015/09/23,0,249000,-799903,-550903
2015/09/24,0,283000,-1190000,-907000
2015/09/25,0,789000,-126000,663000
2015/09/28,0,0,0,0
2015/09/29,0,0,0,0
2015/09/30,0,2911000,-313000,2598000
2015/10/01,0,1538000,-388000,1150000
2015/10/02,0,773000,-3937624,-3164624
2015/10/05,0,2110000,-4256000,-2146000
2015/10/06,0,1212000,-2383000,-1171000
2015/10/07,0,820000,-2129000,-1309000
2015/10/08,0,1120000,-2302000,-1182000
2015/10/09,0,0,0,0
2015/10/12,0,1995637,-1601000,394637
2015/10/13,0,975000,-2802000,-1827000
2015/10/14,0,884000,-966000,-82000
2015/10/15,0,730000,-998000,-268000
2015/10/16,0,1877000,-2196000,-319000
2015/10/19,0,329000,-575000,-246000
2015/10/20,0,808000,-745000,63000
2015/10/21,0,147000,-1132000,-985000
2015/10/22,0,537000,-1101684,-564684
2015/10/23,0,175000,-584000,-409000
2015/10/26,0,243000,-868000,-625000
2015/10/27,0,580000,-326000,254000
2015/10/28,0,580000,-254034,325966
2015/10/29,0,244000,-499000,-255000
2015/10/30,0,230000,-137000,93000
2015/11/02,0,1256000,-479000,777000
2015/11/03,0,704000,-179000,525000
2015/11/04,0,814000,-448000,366000
2015/11/05,0,280000,-282000,-2000
2015/11/06,0,504000,-201000,303000
2015/11/09,0,972000,-144000,828000
2015/11/10,0,978000,-175000,803000
2015/11/11,0,972000,-155000,817000
2015/11/12,0,1107000,-658000,449000
2015/11/13,0,1024000,-671000,353000
2015/11/16,0,1951000,-172000,1779000
2015/11/17,0,1220000,-957000,263000
2015/11/18,0,1306000,-435000,871000
2015/11/19,0,952000,-164000,788000
2015/11/20,0,934000,-81000,853000
2015/11/23,0,1228000,-280000,948000
2015/11/24,0,735000,-421000,314000
2015/11/25,0,1089000,-408000,681000
2015/11/26,0,1308000,-123000,1185000
2015/11/27,0,941000,-598000,343000
2015/11/30,0,456000,-820000,-364000
2015/12/01,0,601000,-214291,386709
2015/12/02,0,574000,-666000,-92000
2015/12/03,0,2316000,-204000,2112000
2015/12/04,0,769000,-969000,-200000
2015/12/07,0,729000,-258000,471000
2015/12/08,0,771000,-244000,527000
2015/12/09,0,477000,-305000,172000
2015/12/10,0,905000,-361000,544000
2015/12/11,0,1542000,-307000,1235000
2015/12/14,0,2162000,-1429000,733000
2015/12/15,0,3748000,-2652000,1096000
2015/12/16,0,807000,-1502000,-695000
2015/12/17,0,948000,-318000,630000
2015/12/18,0,2173000,-345000,1828000
2015/12/21,0,798000,-627000,171000
2015/12/22,0,313000,-541000,-228000
2015/12/23,0,909000,-380219,528781
2015/12/24,0,715000,-39000,676000
2015/12/25,0,1930000,-77000,1853000
2015/12/28,0,788000,-361000,427000
2015/12/29,0,4077000,-583259,3493741
2015/12/30,0,656000,-428438,227562
2015/12/31,0,286000,-398000,-112000
2016/01/01,0,0,0,0
2016/01/04,0,811000,-265000,546000
2016/01/05,0,2194000,-247000,1947000
2016/01/06,0,637000,-983000,-346000
2016/01/07,0,1287000,-624000,663000
2016/01/08,0,1058000,-315000,743000
2016/01/11,0,665000,-792000,-127000
2016/01/12,0,1499000,-881000,618000
2016/01/13,0,4743000,-389000,4354000
2016/01/14,0,1877000,-885000,992000
2016/01/15,0,3247000,-574799,2672201
2016/01/18,0,3423000,-889000,2534000
2016/01/19,0,1391000,-505000,886000
2016/01/20,0,1101000,-1015000,86000
2016/01/21,0,3233615,-201000,3032615
2016/01/22,0,2338000,-454000,1884000
2016/01/25,0,977000,-1022000,-45000
2016/01/26,0,1687000,-153000,1534000
2016/01/27,0,1881205,-539000,1342205
2016/01/28,0,1695000,-444000,1251000
2016/01/29,0,2037000,-832000,1205000
2016/02/01,0,1316000,-984000,332000
2016/02/02,0,2497000,-449355,2047645
2016/02/03,0,911820,-870000,41820
2016/02/04,0,0,0,0
2016/02/05,0,0,0,0
2016/02/08,0,0,0,0
2016/02/09,0,0,0,0
2016/02/10,0,0,0,0
2016/02/11,0,0,0,0
2016/02/12,0,0,0,0
2016/02/15,0,2184000,-1993000,191000
2016/02/16,0,928000,-3359000,-2431000
2016/02/17,0,3159000,-654000,2505000
2016/02/18,0,1639000,-1128713,510287
2016/02/19,0,1336000,-910366,425634
2016/02/22,0,1131000,-503907,627093
2016/02/23,0,3316205,-865000,2451205
2016/02/24,0,1261000,-2408992,-1147992
2016/02/25,0,2102000,-1381000,721000
2016/02/26,0,4937575,-1669000,3268575
2016/02/29,0,0,0,0
2016/03/01,0,1395123,-1411000,-15877
2016/03/02,0,926000,-1882000,-956000
2016/03/03,0,1577371,-1291000,286371
2016/03/04,0,1975000,-1032000,943000
2016/03/07,0,446000,-3299000,-2853000
2016/03/08,0,2988000,-1393000,1595000
2016/03/09,0,1665000,-1925522,-260522
2016/03/10,0,685000,-558996,126004
2016/03/11,0,978000,-510000,468000
2016/03/14,0,49000,-878000,-829000
2016/03/15,0,2827000,-1266000,1561000
2016/03/16,0,894000,-2566000,-1672000
2016/03/17,0,2831000,-2773000,58000
2016/03/18,0,1246000,-797000,449000
2016/03/21,0,182000,-758000,-576000
2016/03/22,0,1368205,-1491000,-122795
2016/03/23,0,637000,-980000,-343000
2016/03/24,0,944000,-643000,301000
2016/03/25,0,825000,-496000,329000
2016/03/28,0,359000,-167000,192000
2016/03/29,0,827000,-351000,476000
2016/03/30,0,2777000,-387000,2390000
2016/03/31,0,2496317,-1188000,1308317
2016/04/01,0,7642637,-1091238,6551399
2016/04/04,0,0,0,0
2016/04/05,0,0,0,0
2016/04/06,0,6325811,-2528000,3797811
2016/04/07,0,1144851,-1604633,-459782
2016/04/08,0,1099000,-1301844,-202844
2016/04/11,0,734000,-513000,221000
2016/04/12,0,1810165,-700000,1110165
2016/04/13,0,2585000,-1025000,1560000
2016/04/14,0,911000,-930000,-19000
2016/04/15,0,1898000,-1335000,563000
2016/04/18,0,2181000,-2217369,-36369
2016/04/19,0,1167954,-1189000,-21046
2016/04/20,0,2966000,-1613000,1353000
2016/04/21,0,1847000,-1655000,192000
2016/04/22,0,1754000,-1913966,-159966
2016/04/25,0,1226272,-1167683,58589
2016/04/26,0,1067636,-1267000,-199364
2016/04/27,0,2437000,-2387000,50000
2016/04/28,0,3273000,-2890758,382242
2016/04/29,0,1822000,-703000,1119000
2016/05/02,0,0,0,0
2016/05/03,0,916000,-1693000,-777000
2016/05/04,0,2045000,-1619621,425379
2016/05/05,0,1539000,-1065000,474000
2016/05/06,0,1866000,-2316000,-450000
2016/05/09,0,1411000,-557866,853134
2016/05/10,0,4687000,-1105000,3582000
2016/05/11,0,2021171,-1816830,204341
2016/05/12,0,2319000,-1950000,369000
2016/05/13,0,2653318,-2482000,171318
2016/05/16,0,2734000,-3074000,-340000
2016/05/17,0,2201636,-920100,1281536
2016/05/18,0,1281000,-2043000,-762000
2016/05/19,0,563000,-1451000,-888000
2016/05/20,0,663000,-2199000,-1536000
2016/05/23,0,1948318,-257000,1691318
2016/05/24,0,533000,-798000,-265000
2016/05/25,0,512000,-490000,22000
2016/05/26,0,1075762,-696000,379762
2016/05/27,0,1002000,-1105166,-103166
2016/05/30,0,623000,-210000,413000
2016/05/31,0,1180000,-535000,645000
2016/06/01,0,685142,-571000,114142
2016/06/02,0,1038401,-227000,811401
2016/06/03,0,1237000,-506907,730093
2016/06/06,0,358000,-712122,-354122
2016/06/07,0,1192000,-194498,997502
2016/06/08,0,832000,-639000,193000
2016/06/09,0,0,0,0
2016/06/10,0,0,0,0
2016/06/13,0,552000,-391000,161000
2016/06/14,0,861303,-562000,299303
2016/06/15,0,894000,-697000,197000
2016/06/16,0,1247000,-623274,623726
2016/06/17,0,1791052,-728454,1062598
2016/06/20,0,375000,-1057000,-682000
2016/06/21,0,220000,-514000,-294000
2016/06/22,0,1108000,-441000,667000
2016/06/23,0,351000,-264000,87000
2016/06/24,0,1084000,-1488775,-404775
2016/06/27,0,647000,-610000,37000
2016/06/28,0,682000,-402065,279935
2016/06/29,0,208000,-494000,-286000
2016/06/30,0,619000,-929561,-310561
2016/07/01,0,727667,-637000,90667
2016/07/04,0,1647934,-745000,902934
2016/07/05,0,398000,-547904,-149904
2016/07/06,0,1195000,-872000,323000
2016/07/07,0,1464000,-1232000,232000
2016/07/08,0,0,0,0
2016/07/11,0,1538921,-1046998,491923
2016/07/12,0,1712000,-1474628,237372
2016/07/13,0,366000,-903340,-537340
2016/07/14,0,254000,-865139,-611139
2016/07/15,0,1686000,-755721,930279
2016/07/18,0,977000,-855000,122000
2016/07/19,0,853000,-584000,269000
2016/07/20,0,1005000,-1850636,-845636
2016/07/21,0,3312000,-257000,3055000
2016/07/22,0,1001000,-714000,287000
2016/07/25,0,2030441,-774960,1255481
2016/07/26,0,1249000,-1228364,20636
2016/07/27,0,1183828,-725000,458828
2016/07/28,0,216414,-119000,97414
2016/07/29,0,1150000,-1167000,-17000
2016/08/01,0,1401242,-868000,533242
2016/08/02,0,571000,-1376000,-805000
2016/08/03,0,953000,-990610,-37610
2016/08/04,0,613000,-931685,-318685
2016/08/05,0,241000,-774000,-533000
2016/08/08,0,310000,-775302,-465302
2016/08/09,0,358000,-1099000,-741000
2016/08/10,0,916458,-388815,527643
2016/08/11,0,871400,-1061000,-189600
2016/08/12,0,846000,-568000,278000
2016/08/15,0,708656,-759000,-50344
2016/08/16,0,179000,-597000,-418000
2016/08/17,0,299431,-1086000,-786569
2016/08/18,0,523000,-382000,141000
2016/08/19,0,433000,-868441,-435441
2016/08/22,0,372000,-387000,-15000
2016/08/23,0,855828,-246000,609828
2016/08/24,0,527414,-456000,71414
2016/08/25,0,434000,-171000,263000
2016/08/26,0,492655,-444285,48370
2016/08/29,0,755000,-575000,180000
2016/08/30,0,1195000,-709000,486000
2016/08/31,0,783000,-1161000,-378000
2016/09/01,0,263000,-758000,-495000
2016/09/02,0,502000,-406000,96000
2016/09/05,0,123000,-199000,-76000
2016/09/06,0,452000,-454321,-2321
2016/09/07,0,306000,-1577000,-1271000
2016/09/08,0,858500,-671000,187500
2016/09/09,0,113000,-2717000,-2604000
2016/09/12,0,271000,-1558000,-1287000
2016/09/13,0,516000,-1264000,-748000
2016/09/14,0,1670000,-511000,1159000
2016/09/15,0,0,0,0
2016/09/16,0,0,0,0
2016/09/19,0,1537411,-755200,782211
2016/09/20,0,2393000,-1457586,935414
2016/09/21,0,1092000,-928000,164000
2016/09/22,0,765000,-428026,336974
2016/09/23,0,935927,-858913,77014
2016/09/26,0,395548,-287000,108548
2016/09/27,0,0,0,0
2016/09/28,0,0,0,0
2016/09/29,0,1519347,-978409,540938
2016/09/30,0,2839000,-3187029,-348029
2016/10/03,0,1284484,-973000,311484
2016/10/04,0,903000,-798811,104189
2016/10/05,0,1286000,-2321000,-1035000
2016/10/06,0,1132000,-1295000,-163000
2016/10/07,0,828000,-1382000,-554000
2016/10/10,0,0,0,0
2016/10/11,0,2485000,-1210388,1274612
2016/10/12,0,565000,-1788108,-1223108
2016/10/13,0,1295000,-615850,679150
2016/10/14,0,3470000,-1273000,2197000
2016/10/17,0,209000,-456717,-247717
2016/10/18,0,1318000,-401000,917000
2016/10/19,0,463980,-708185,-244205
2016/10/20,0,346000,-408000,-62000
2016/10/21,0,501000,-900934,-399934
2016/10/24,0,333000,-503000,-170000
2016/10/25,0,522000,-422000,100000
2016/10/26,0,359000,-348000,11000
2016/10/27,0,215000,-246000,-31000
2016/10/28,0,133000,-382000,-249000
2016/10/31,0,353000,-185000,168000
2016/11/01,0,587000,-964000,-377000
2016/11/02,0,145000,-781000,-636000
2016/11/03,0,779000,-724726,54274
2016/11/04,0,371000,-306000,65000
2016/11/07,0,362000,-337057,24943
2016/11/08,0,202000,-605000,-403000
2016/11/09,0,1107000,-1802000,-695000
2016/11/10,0,826000,-2742000,-1916000
2016/11/11,0,1776000,-1736068,39932
2016/11/14,0,1320000,-1607000,-287000
2016/11/15,0,1312000,-1129800,182200
2016/11/16,0,712000,-764000,-52000
2016/11/17,0,85000,-651980,-566980
2016/11/18,0,444000,-874899,-430899
2016/11/21,0,511000,-522898,-11898
2016/11/22,0,572000,-501000,71000
2016/11/23,0,510000,-1955084,-1445084
2016/11/24,0,106000,-642000,-536000
2016/11/25,0,62000,-346000,-284000
2016/11/28,0,177000,-545000,-368000
2016/11/29,0,391000,-381000,10000
2016/11/30,0,848000,-836000,12000
2016/12/01,0,263000,-1353734,-1090734
2016/12/02,0,264000,-492770,-228770
2016/12/05,0,116000,-195251,-79251
2016/12/06,0,360000,-257251,102749
2016/12/07,0,400000,-390884,9116
2016/12/08,0,731000,-625883,105117
2016/12/09,0,662000,-994547,-332547
2016/12/12,0,457000,-646000,-189000
2016/12/13,0,743000,-2062000,-1319000
2016/12/14,0,1260000,-2001615,-741615
2016/12/15,0,1076000,-997000,79000
2016/12/16,0,846000,-998511,-152511
2016/12/19,0,651000,-788451,-137451
2016/12/20,0,1256000,-869346,386654
2016/12/21,0,422868,-436000,-13132
2016/12/22,0,980000,-134825,845175
2016/12/23,0,1045000,-964874,80126
2016/12/26,0,195000,-190000,5000
2016/12/27,0,273000,-250000,23000
2016/12/28,0,511000,-666000,-155000
2016/12/29,0,1333000,-808000,525000
2016/12/30,0,1649000,-1308000,341000
2017/01/02,0,0,0,0
2017/01/03,0,138000,-1008000,-870000
2017/01/04,0,229000,-847808,-618808
2017/01/05,0,133000,-838365,-705365
2017/01/06,0,258000,-1410365,-1152365
2017/01/09,0,105000,-441000,-336000
2017/01/10,0,705000,-2795000,-2090000
2017/01/11,0,1396000,-3855947,-2459947
2017/01/12,0,1549000,-2710560,-1161560
2017/01/13,0,874000,-2435686,-1561686
2017/01/16,0,499000,-1144000,-645000
2017/01/17,0,1926000,-3477000,-1551000
2017/01/18,0,1469000,-3189425,-1720425
2017/01/19,0,1457104,-1513136,-56032
2017/01/20,0,521000,-2337104,-1816104
2017/01/23,0,669000,-2061000,-1392000
2017/01/24,0,1093926,-818000,275926
2017/01/25,0,0,0,0
2017/01/26,0,0,0,0
2017/01/27,0,0,0,0
2017/01/30,0,0,0,0
2017/01/31,0,0,0,0
2017/02/01,0,0,0,0
2017/02/02,0,1031000,-3632535,-2601535
2017/02/03,0,1399000,-2585662,-1186662
2017/02/06,0,323000,-1472363,-1149363
2017/02/07,0,36000,-2971363,-2935363
2017/02/08,0,555000,-1227357,-672357
2017/02/09,0,139000,-585000,-446000
2017/02/10,0,598926,-797000,-198074
2017/02/13,0,484000,-287175,196825
2017/02/14,0,436926,-270000,166926
2017/02/15,0,598000,-747803,-149803
2017/02/16,0,1712926,-591000,1121926
2017/02/17,0,1003000,-761000,242000
2017/02/20,0,869000,-110942,758058
2017/02/21,0,254000,-502000,-248000
2017/02/22,0,645389,-541000,104389
2017/02/23,0,841000,-1021000,-180000
2017/02/24,0,820702,-472908,347794
2017/02/27,0,0,0,0
2017/02/28,0,0,0,0
2017/03/01,0,1197000,-850355,346645
2017/03/02,0,1686000,-2284000,-598000
2017/03/03,0,383000,-632000,-249000
2017/03/06,0,622000,-500000,122000
2017/03/07,0,1122000,-1037223,84777
2017/03/08,0,1673000,-216000,1457000
2017/03/09,0,543380,-2205000,-1661620
2017/03/10,0,2127000,-2504000,-377000
2017/03/13,0,733378,-1310025,-576647
2017/03/14,0,323000,-589000,-266000
2017/03/15,0,672000,-1766000,-1094000
2017/03/16,0,1451264,-1766000,-314736
2017/03/17,0,1144000,-1812098,-668098
2017/03/20,0,549000,-695000,-146000
2017/03/21,0,661380,-660000,1380
2017/03/22,0,233000,-965702,-732702
2017/03/23,0,909000,-1352000,-443000
2017/03/24,0,207380,-824000,-616620
2017/03/27,0,716000,-1875000,-1159000
2017/03/28,0,988000,-1456344,-468344
2017/03/29,0,1671000,-260000,1411000
2017/03/30,0,367000,-715000,-348000
2017/03/31,0,859000,-1420000,-561000
2017/04/03,0,0,0,0
2017/04/04,0,0,0,0
2017/04/05,0,1184760,-2406300,-1221540
2017/04/06,0,458000,-1361000,-903000
2017/04/07,0,815000,-1472271,-657271
2017/04/10,0,750000,-492000,258000
2017/04/11,0,396600,-984200,-587600
2017/04/12,0,658000,-670894,-12894
2017/04/13,0,284000,-2275000,-1991000
2017/04/14,0,718000,-1276000,-558000
2017/04/17,0,297000,-1479000,-1182000
2017/04/18,0,667000,-1109000,-442000
2017/04/19,0,156000,-1015000,-859000
