Date,Open,Buy,Sell,Total
2007/04/23,0,13000,-73000,-60000
2007/04/24,0,26000,-579000,-553000
2007/04/25,0,30000,-96000,-66000
2007/04/26,0,500000,-97000,403000
2007/04/27,0,0,-491000,-491000
2007/04/30,0,200000,-376000,-176000
2007/05/01,0,0,0,0
2007/05/02,0,10000,-269000,-259000
2007/05/03,0,0,-116000,-116000
2007/05/04,0,177000,-164000,13000
2007/05/07,0,56000,-180000,-124000
2007/05/08,0,47000,-71000,-24000
2007/05/09,0,2000,-144000,-142000
2007/05/10,0,14000,-125000,-111000
2007/05/11,0,11000,-224000,-213000
2007/05/14,0,13000,-50000,-37000
2007/05/15,0,32000,-75000,-43000
2007/05/16,0,127000,-19000,108000
2007/05/17,0,795000,-53000,742000
2007/05/18,0,115000,-28000,87000
2007/05/21,0,491000,-113000,378000
2007/05/22,0,349000,-22000,327000
2007/05/23,0,496000,-45000,451000
2007/05/24,0,54000,-143000,-89000
2007/05/25,0,1012000,-433000,579000
2007/05/28,0,36000,-60000,-24000
2007/05/29,0,100000,-213000,-113000
2007/05/30,0,98000,-248000,-150000
2007/05/31,0,347000,0,347000
2007/06/01,0,248000,-260000,-12000
2007/06/04,0,179000,-119000,60000
2007/06/05,0,0,-351000,-351000
2007/06/06,0,375000,-214000,161000
2007/06/07,0,195000,-66000,129000
2007/06/08,0,44000,-168000,-124000
2007/06/11,0,50000,-61000,-11000
2007/06/12,0,17000,-75000,-58000
2007/06/13,0,140000,-115000,25000
2007/06/14,0,220000,-224000,-4000
2007/06/15,0,1207000,-142000,1065000
2007/06/18,0,0,0,0
2007/06/19,0,0,0,0
2007/06/20,0,614000,-2108000,-1494000
2007/06/21,0,1145000,-272000,873000
2007/06/22,0,530000,-311000,219000
2007/06/25,0,339000,-267000,72000
2007/06/26,0,1282000,-1315000,-33000
2007/06/27,0,231000,-1557000,-1326000
2007/06/28,0,316000,-273000,43000
2007/06/29,0,202000,-493000,-291000
2007/07/02,0,205000,-293000,-88000
2007/07/03,0,127000,-193000,-66000
2007/07/04,0,407000,-778000,-371000
2007/07/05,0,463000,-64000,399000
2007/07/06,0,132000,-314000,-182000
2007/07/09,0,450000,-410000,40000
2007/07/10,0,269000,-50000,219000
2007/07/11,0,63000,-72000,-9000
2007/07/12,0,337000,-620000,-283000
2007/07/13,0,681000,-1172000,-491000
2007/07/16,0,37000,-671571,-634571
2007/07/17,0,106000,-321000,-215000
2007/07/18,0,211000,-301000,-90000
2007/07/19,0,315000,-201000,114000
2007/07/20,0,273000,-183000,90000
2007/07/23,0,161000,-585000,-424000
2007/07/24,0,278000,-680000,-402000
2007/07/25,0,95000,-156000,-61000
2007/07/26,0,595000,-408000,187000
2007/07/27,0,56000,-1142000,-1086000
2007/07/30,0,1106000,-830000,276000
2007/07/31,0,408000,-578000,-170000
2007/08/01,0,33000,-431000,-398000
2007/08/02,0,323000,-617000,-294000
2007/08/03,0,455000,-528000,-73000
2007/08/06,0,10000,-88000,-78000
2007/08/07,0,90000,-1221000,-1131000
2007/08/08,0,666000,-299000,367000
2007/08/09,0,2000,-290000,-288000
2007/08/10,0,5000,-594000,-589000
2007/08/13,0,161000,-137000,24000
2007/08/14,0,54000,-1287000,-1233000
2007/08/15,0,256000,-193000,63000
2007/08/16,0,769000,-333000,436000
2007/08/17,0,475000,-293000,182000
2007/08/20,0,1072000,-286000,786000
2007/08/21,0,536000,-266000,270000
2007/08/22,0,1000,-348000,-347000
2007/08/23,0,0,-754000,-754000
2007/08/24,0,15000,-228000,-213000
2007/08/27,0,496000,-215000,281000
2007/08/28,0,55000,-32000,23000
2007/08/29,0,204000,-212000,-8000
2007/08/30,0,741000,-107000,634000
2007/08/31,0,1029000,-742000,287000
2007/09/03,0,1778000,-378000,1400000
2007/09/04,0,483000,-166000,317000
2007/09/05,0,233000,-224000,9000
2007/09/06,0,170000,-305000,-135000
2007/09/07,0,5000,-1707000,-1702000
2007/09/10,0,446000,-100000,346000
2007/09/11,0,555000,-66000,489000
2007/09/12,0,26000,-239000,-213000
2007/09/13,0,50000,-53000,-3000
2007/09/14,0,158000,-1457000,-1299000
2007/09/17,0,37000,-344000,-307000
2007/09/18,0,0,0,0
2007/09/19,0,263000,-462000,-199000
2007/09/20,0,502000,-236000,266000
2007/09/21,0,338000,-124000,214000
2007/09/24,0,0,0,0
2007/09/25,0,0,0,0
2007/09/26,0,2404000,-129000,2275000
2007/09/27,0,102000,-346000,-244000
2007/09/28,0,605000,-390000,215000
2007/10/01,0,909000,-288000,621000
2007/10/02,0,331000,-514000,-183000
2007/10/03,0,688000,-1199000,-511000
2007/10/04,0,66000,-328000,-262000
2007/10/05,0,211000,-112000,99000
2007/10/08,0,618000,-13000,605000
2007/10/09,0,5000,-688000,-683000
2007/10/10,0,0,0,0
2007/10/11,0,81000,-51000,30000
2007/10/12,0,291000,-652000,-361000
2007/10/15,0,25000,-116000,-91000
2007/10/16,0,248000,-64000,184000
2007/10/17,0,64000,-128000,-64000
2007/10/18,0,305000,-70000,235000
2007/10/19,0,116000,-180000,-64000
2007/10/22,0,212000,-359000,-147000
2007/10/23,0,71000,-269000,-198000
2007/10/24,0,196000,-30000,166000
2007/10/25,0,95000,-23000,72000
2007/10/26,0,305000,0,305000
2007/10/29,0,209000,-379000,-170000
2007/10/30,0,159000,-148000,11000
2007/10/31,0,241000,-986000,-745000
2007/11/01,0,115000,-1023000,-908000
2007/11/02,0,660000,-534000,126000
2007/11/05,0,131000,-1598000,-1467000
2007/11/06,0,326000,-280000,46000
2007/11/07,0,585000,-319000,266000
2007/11/08,0,114000,-1289000,-1175000
2007/11/09,0,692000,-33000,659000
2007/11/12,0,115000,-5000,110000
2007/11/13,0,281000,-52000,229000
2007/11/14,0,598000,-136000,462000
2007/11/15,0,12000,-137000,-125000
2007/11/16,0,43000,-361000,-318000
2007/11/19,0,73000,-25000,48000
2007/11/20,0,221000,-61000,160000
2007/11/21,0,23000,-143000,-120000
2007/11/22,0,71000,-48000,23000
2007/11/23,0,134000,-1166000,-1032000
2007/11/26,0,139000,-36000,103000
2007/11/27,0,244000,-59000,185000
2007/11/28,0,70000,-75000,-5000
2007/11/29,0,336000,0,336000
2007/11/30,0,239000,-44000,195000
2007/12/03,0,385000,-74000,311000
2007/12/04,0,63000,-10000,53000
2007/12/05,0,227000,-117000,110000
2007/12/06,0,126000,-566000,-440000
2007/12/07,0,182000,-410000,-228000
2007/12/10,0,35000,-238000,-203000
2007/12/11,0,102000,-6000,96000
2007/12/12,0,144000,-26000,118000
2007/12/13,0,94000,-293000,-199000
2007/12/14,0,205000,-74000,131000
2007/12/17,0,165000,-482000,-317000
2007/12/18,0,516000,-136000,380000
2007/12/19,0,130000,-218000,-88000
2007/12/20,0,12000,-126000,-114000
2007/12/21,0,197000,-21000,176000
2007/12/24,0,72000,-20432,51568
2007/12/25,0,0,-126000,-126000
2007/12/26,0,151000,-119000,32000
2007/12/27,0,512401,-104000,408401
2007/12/28,0,183000,-302000,-119000
2007/12/31,0,215000,-308000,-93000
2008/01/01,0,0,0,0
2008/01/02,0,490000,-85000,405000
2008/01/03,0,445000,-1000,444000
2008/01/04,0,335000,-55000,280000
2008/01/07,0,439000,-330000,109000
2008/01/08,0,364000,-244000,120000
2008/01/09,0,510000,-232000,278000
2008/01/10,0,228000,-37000,191000
2008/01/11,0,330000,-77000,253000
2008/01/14,0,2313000,-135000,2178000
2008/01/15,0,1083000,-1001000,82000
2008/01/16,0,733000,-54000,679000
2008/01/17,0,241000,-449000,-208000
2008/01/18,0,259000,-170000,89000
2008/01/21,0,5000,-416000,-411000
2008/01/22,0,33000,-947000,-914000
2008/01/23,0,168000,-675216,-507216
2008/01/24,0,92000,-917000,-825000
2008/01/25,0,232000,-165000,67000
2008/01/28,0,99000,-181000,-82000
2008/01/29,0,100000,-249000,-149000
2008/01/30,0,720000,-996000,-276000
2008/01/31,0,1324000,-243000,1081000
2008/02/01,0,391000,-101000,290000
2008/02/04,0,0,0,0
2008/02/05,0,0,0,0
2008/02/06,0,0,0,0
2008/02/07,0,0,0,0
2008/02/08,0,0,0,0
2008/02/11,0,0,0,0
2008/02/12,0,319000,-165000,154000
2008/02/13,0,154000,-475000,-321000
2008/02/14,0,162000,-71000,91000
2008/02/15,0,241000,-39000,202000
2008/02/18,0,791000,-983000,-192000
2008/02/19,0,268000,-350000,-82000
2008/02/20,0,142000,-231000,-89000
2008/02/21,0,203000,-468000,-265000
2008/02/22,0,784000,-907000,-123000
2008/02/25,0,164000,-644835,-480835
2008/02/26,0,5000,-1023350,-1018350
2008/02/27,0,102000,-747655,-645655
2008/02/28,0,0,0,0
2008/02/29,0,81000,-430000,-349000
2008/03/03,0,666000,-33678,632322
2008/03/04,0,717000,-142000,575000
2008/03/05,0,284000,-679350,-395350
2008/03/06,0,30000,-297778,-267778
2008/03/07,0,217000,-173000,44000
2008/03/10,0,716000,-570000,146000
2008/03/11,0,503000,-187000,316000
2008/03/12,0,499000,-44739,454261
2008/03/13,0,186000,-127228,58772
2008/03/14,0,1184000,-278000,906000
2008/03/17,0,861000,-69000,792000
2008/03/18,0,493000,-56000,437000
2008/03/19,0,667000,-1115000,-448000
2008/03/20,0,725000,-508000,217000
2008/03/21,0,330000,-560000,-230000
2008/03/24,0,1368000,-260000,1108000
2008/03/25,0,474000,-691000,-217000
2008/03/26,0,309000,-220000,89000
2008/03/27,0,406000,-578000,-172000
2008/03/28,0,439000,-168813,270187
2008/03/31,0,1465000,-823797,641203
2008/04/01,0,278000,-273000,5000
2008/04/02,0,403000,-98000,305000
2008/04/03,0,129000,-5000,124000
2008/04/04,0,0,0,0
2008/04/07,0,473000,-71000,402000
2008/04/08,0,776000,-329000,447000
2008/04/09,0,195000,-163000,32000
2008/04/10,0,294000,-300000,-6000
2008/04/11,0,167000,-392000,-225000
2008/04/14,0,54000,-44608,9392
2008/04/15,0,491000,-106000,385000
2008/04/16,0,282000,-302000,-20000
2008/04/17,0,370000,-153000,217000
2008/04/18,0,73000,-55000,18000
2008/04/21,0,111000,-117000,-6000
2008/04/22,0,36000,-593000,-557000
2008/04/23,0,574000,-21000,553000
2008/04/24,0,289000,-104000,185000
2008/04/25,0,113000,-51000,62000
2008/04/28,0,411000,-50000,361000
2008/04/29,0,197000,-182000,15000
2008/04/30,0,416000,-1307000,-891000
2008/05/01,0,0,0,0
2008/05/02,0,288000,-654000,-366000
2008/05/05,0,96000,-434000,-338000
2008/05/06,0,237000,-653000,-416000
2008/05/07,0,127000,-47000,80000
2008/05/08,0,17000,-123000,-106000
2008/05/09,0,4000,-59000,-55000
2008/05/12,0,446000,-16000,430000
2008/05/13,0,394000,-673000,-279000
2008/05/14,0,39000,-189000,-150000
2008/05/15,0,68000,-479000,-411000
2008/05/16,0,49000,-15000,34000
2008/05/19,0,113000,-234000,-121000
2008/05/20,0,186000,-423000,-237000
2008/05/21,0,55000,-83000,-28000
2008/05/22,0,90000,-382000,-292000
2008/05/23,0,64000,-18000,46000
2008/05/26,0,192000,-5000,187000
2008/05/27,0,64000,-44000,20000
2008/05/28,0,16000,-30000,-14000
2008/05/29,0,145000,-3000,142000
2008/05/30,0,109000,0,109000
2008/06/02,0,47000,-294000,-247000
2008/06/03,0,57000,-219000,-162000
2008/06/04,0,74000,-61000,13000
2008/06/05,0,374000,-110000,264000
2008/06/06,0,16000,-35000,-19000
2008/06/09,0,27000,-17000,10000
2008/06/10,0,58000,-82000,-24000
2008/06/11,0,92000,-45000,47000
2008/06/12,0,300000,-72000,228000
2008/06/13,0,59000,-425000,-366000
2008/06/16,0,59000,-363000,-304000
2008/06/17,0,192000,-64000,128000
2008/06/18,0,376000,0,376000
2008/06/19,0,320000,-178000,142000
2008/06/20,0,148000,-384000,-236000
2008/06/23,0,597000,-12000,585000
2008/06/24,0,741000,-153847,587153
2008/06/25,0,561000,-403000,158000
2008/06/26,0,249000,-135000,114000
2008/06/27,0,281000,-346000,-65000
2008/06/30,0,352000,-361000,-9000
2008/07/01,0,493000,-171000,322000
2008/07/02,0,581000,-65000,516000
2008/07/03,0,273000,-131000,142000
2008/07/04,0,317000,-213000,104000
2008/07/07,0,48000,-200000,-152000
2008/07/08,0,315000,-476000,-161000
2008/07/09,0,433000,-469000,-36000
2008/07/10,0,251000,0,251000
2008/07/11,0,287000,-266000,21000
2008/07/14,0,53000,-103000,-50000
2008/07/15,0,231000,-275000,-44000
2008/07/16,0,128000,-90711,37289
2008/07/17,0,139000,-66735,72265
2008/07/18,0,129000,-234000,-105000
2008/07/21,0,350000,-4000,346000
2008/07/22,0,577000,-8000,569000
2008/07/23,0,611000,-163000,448000
2008/07/24,0,190000,-122000,68000
2008/07/25,0,242000,-8000,234000
2008/07/28,0,0,0,0
2008/07/29,0,295000,-69000,226000
2008/07/30,0,85000,-64000,21000
2008/07/31,0,237000,-36000,201000
2008/08/01,0,168000,-63000,105000
2008/08/04,0,248000,-2000,246000
2008/08/05,0,505000,-19000,486000
2008/08/06,0,488000,-130000,358000
2008/08/07,0,50000,-80000,-30000
2008/08/08,0,167000,-1000,166000
2008/08/11,0,19000,-274000,-255000
2008/08/12,0,6000,-209000,-203000
2008/08/13,0,168000,-110000,58000
2008/08/14,0,505000,-69000,436000
2008/08/15,0,59000,-76000,-17000
2008/08/18,0,0,-248703,-248703
2008/08/19,0,1000,-92366,-91366
2008/08/20,0,0,-89000,-89000
2008/08/21,0,6000,-500780,-494780
2008/08/22,0,21000,-248000,-227000
2008/08/25,0,25000,-57000,-32000
2008/08/26,0,23000,-1256000,-1233000
2008/08/27,0,135000,-34000,101000
2008/08/28,0,131000,-111000,20000
2008/08/29,0,187000,-60000,127000
2008/09/01,0,250000,-2256,247744
2008/09/02,0,125000,-62000,63000
2008/09/03,0,230000,-16786,213214
2008/09/04,0,223000,-105000,118000
2008/09/05,0,211000,-10000,201000
2008/09/08,0,140000,-56000,84000
2008/09/09,0,312000,-124088,187912
2008/09/10,0,148000,-5000,143000
2008/09/11,0,348000,-184000,164000
2008/09/12,0,432000,-2000,430000
2008/09/15,0,48000,-273000,-225000
2008/09/16,0,223000,-55000,168000
2008/09/17,0,196000,-538000,-342000
2008/09/18,0,261000,-104000,157000
2008/09/19,0,55000,-330000,-275000
2008/09/22,0,363000,-255000,108000
2008/09/23,0,320000,-116000,204000
2008/09/24,0,289000,-49000,240000
2008/09/25,0,313000,-127000,186000
2008/09/26,0,18000,-682000,-664000
2008/09/29,0,0,0,0
2008/09/30,0,279000,-285000,-6000
2008/10/01,0,327000,-915000,-588000
2008/10/02,0,417000,-90000,327000
2008/10/03,0,220000,-55000,165000
2008/10/06,0,123000,-444000,-321000
2008/10/07,0,402000,-33073,368927
2008/10/08,0,523000,-605000,-82000
2008/10/09,0,416000,-40000,376000
2008/10/10,0,0,0,0
2008/10/13,0,350000,0,350000
2008/10/14,0,181000,-110000,71000
2008/10/15,0,168000,-459886,-291886
2008/10/16,0,0,0,0
2008/10/17,0,126000,-111000,15000
2008/10/20,0,84000,-91082,-7082
2008/10/21,0,244000,-54000,190000
2008/10/22,0,0,-29000,-29000
2008/10/23,0,23000,-11515,11485
2008/10/24,0,17000,-28000,-11000
2008/10/27,0,184000,-102959,81041
2008/10/28,0,190000,-59000,131000
2008/10/29,0,355000,-12000,343000
2008/10/30,0,138000,-35000,103000
2008/10/31,0,305000,-126000,179000
2008/11/03,0,203000,-31000,172000
2008/11/04,0,116000,-46000,70000
2008/11/05,0,221000,-105000,116000
2008/11/06,0,110000,-61000,49000
2008/11/07,0,228000,-303603,-75603
2008/11/10,0,187000,-43000,144000
2008/11/11,0,303000,-61000,242000
2008/11/12,0,60000,-273000,-213000
2008/11/13,0,174000,-40360,133640
2008/11/14,0,54000,-61000,-7000
2008/11/17,0,216000,-49530,166470
2008/11/18,0,273000,-155000,118000
2008/11/19,0,134000,-231000,-97000
2008/11/20,0,393000,-74000,319000
2008/11/21,0,475000,-411000,64000
2008/11/24,0,252000,-16000,236000
2008/11/25,0,305000,-4000,301000
2008/11/26,0,36000,-8000,28000
2008/11/27,0,230000,-205000,25000
2008/11/28,0,477000,-12000,465000
2008/12/01,0,41000,-28000,13000
2008/12/02,0,54000,-105000,-51000
2008/12/03,0,99000,-156000,-57000
2008/12/04,0,146000,-83000,63000
2008/12/05,0,66000,-16000,50000
2008/12/08,0,230000,-12131,217869
2008/12/09,0,470000,-17000,453000
2008/12/10,0,199000,-9000,190000
2008/12/11,0,99000,-186000,-87000
2008/12/12,0,44000,-571000,-527000
2008/12/15,0,294000,-111000,183000
2008/12/16,0,70000,-236000,-166000
2008/12/17,0,9000,-348000,-339000
2008/12/18,0,8000,-16000,-8000
2008/12/19,0,48000,-62000,-14000
2008/12/22,0,102000,-47000,55000
2008/12/23,0,14000,-105000,-91000
2008/12/24,0,45000,-78000,-33000
2008/12/25,0,130000,-20000,110000
2008/12/26,0,288000,-21000,267000
2008/12/29,0,75000,-257000,-182000
2008/12/30,0,50000,-2245,47755
2008/12/31,0,7000,-37813,-30813
2009/01/01,0,0,0,0
2009/01/02,0,0,0,0
2009/01/05,0,150000,-18000,132000
2009/01/06,0,302000,-1000,301000
2009/01/07,0,276000,-116000,160000
2009/01/08,0,390000,-139000,251000
2009/01/09,0,131000,-37000,94000
2009/01/12,0,109000,-14000,95000
2009/01/13,0,29000,-3000,26000
2009/01/14,0,32000,-16000,16000
2009/01/15,0,91000,-43000,48000
2009/01/16,0,118000,-12000,106000
2009/01/19,0,37000,-21044,15956
2009/01/20,0,322000,-45000,277000
2009/01/21,0,385000,-69000,316000
2009/01/22,0,0,0,0
2009/01/23,0,0,0,0
2009/01/26,0,0,0,0
2009/01/27,0,0,0,0
2009/01/28,0,0,0,0
2009/01/29,0,0,0,0
2009/01/30,0,0,0,0
2009/02/02,0,0,-70192,-70192
2009/02/03,0,52000,-165000,-113000
2009/02/04,0,134000,-3000,131000
2009/02/05,0,81000,-33000,48000
2009/02/06,0,50000,-40000,10000
2009/02/09,0,100000,-251000,-151000
2009/02/10,0,138000,-272000,-134000
2009/02/11,0,54000,-277072,-223072
2009/02/12,0,30000,-505000,-475000
2009/02/13,0,152000,-5000,147000
2009/02/16,0,4000,-221000,-217000
2009/02/17,0,40000,-233000,-193000
2009/02/18,0,105000,-185000,-80000
2009/02/19,0,84000,-179000,-95000
2009/02/20,0,136000,-95089,40911
2009/02/23,0,149000,-108000,41000
2009/02/24,0,134000,-110000,24000
2009/02/25,0,196000,-23000,173000
2009/02/26,0,459000,-62000,397000
2009/02/27,0,252000,-36000,216000
2009/03/02,0,254000,-286000,-32000
2009/03/03,0,137000,-147000,-10000
2009/03/04,0,179000,-175000,4000
2009/03/05,0,108000,-99000,9000
2009/03/06,0,95000,-150000,-55000
2009/03/09,0,126000,-18000,108000
2009/03/10,0,459000,-99000,360000
2009/03/11,0,435000,-759000,-324000
2009/03/12,0,144000,-417000,-273000
2009/03/13,0,419000,-60389,358611
2009/03/16,0,69000,-267000,-198000
2009/03/17,0,339000,-220000,119000
2009/03/18,0,229000,-278000,-49000
2009/03/19,0,225000,-186000,39000
2009/03/20,0,325000,-238000,87000
2009/03/23,0,292000,-188000,104000
2009/03/24,0,115000,-73000,42000
2009/03/25,0,262000,-5000,257000
2009/03/26,0,96000,-583041,-487041
2009/03/27,0,928000,-927000,1000
2009/03/30,0,15000,-744000,-729000
2009/03/31,0,63000,-41000,22000
2009/04/01,0,268000,-153000,115000
2009/04/02,0,1374000,-764000,610000
2009/04/03,0,126000,-399000,-273000
2009/04/06,0,435000,-503000,-68000
2009/04/07,0,221000,-99074,121926
2009/04/08,0,206000,-1015000,-809000
2009/04/09,0,189000,-152000,37000
2009/04/10,0,115000,-823000,-708000
2009/04/13,0,173000,-922000,-749000
2009/04/14,0,166000,-831000,-665000
2009/04/15,0,171000,-871000,-700000
2009/04/16,0,532000,-554000,-22000
2009/04/17,0,232000,-342000,-110000
2009/04/20,0,420000,-39000,381000
2009/04/21,0,354000,-96000,258000
2009/04/22,0,56000,-422000,-366000
2009/04/23,0,55000,-356000,-301000
2009/04/24,0,161000,-289000,-128000
2009/04/27,0,532000,-43000,489000
2009/04/28,0,224000,-306000,-82000
2009/04/29,0,325000,-53000,272000
2009/04/30,0,19000,0,19000
2009/05/01,0,0,0,0
2009/05/04,0,193000,-88000,105000
2009/05/05,0,270000,-231000,39000
2009/05/06,0,607000,-58091,548909
2009/05/07,0,141000,-435000,-294000
2009/05/08,0,456000,-149000,307000
2009/05/11,0,47000,-218000,-171000
2009/05/12,0,155000,-276000,-121000
2009/05/13,0,99000,-145000,-46000
2009/05/14,0,12000,-409000,-397000
2009/05/15,0,68000,-472000,-404000
2009/05/18,0,12000,-304000,-292000
2009/05/19,0,130000,-78000,52000
2009/05/20,0,84000,-617000,-533000
2009/05/21,0,14000,-504000,-490000
2009/05/22,0,14000,-476000,-462000
2009/05/25,0,44000,-267000,-223000
2009/05/26,0,585000,-310000,275000
2009/05/27,0,690000,-401000,289000
2009/05/28,0,0,0,0
2009/05/29,0,0,0,0
2009/06/01,0,268000,-731000,-463000
2009/06/02,0,18000,-264000,-246000
2009/06/03,0,147000,-117000,30000
2009/06/04,0,198000,-307533,-109533
2009/06/05,0,73000,-229000,-156000
2009/06/08,0,224000,-197000,27000
2009/06/09,0,1313000,-36000,1277000
2009/06/10,0,183000,-58000,125000
2009/06/11,0,228000,-436000,-208000
2009/06/12,0,146955,-1014000,-867045
2009/06/15,0,352000,-183000,169000
2009/06/16,0,124000,-72075,51925
2009/06/17,0,310000,-110000,200000
2009/06/18,0,344000,-204000,140000
2009/06/19,0,231000,-37000,194000
2009/06/22,0,305000,-212000,93000
2009/06/23,0,81000,-60000,21000
2009/06/24,0,726000,-372000,354000
2009/06/25,0,189000,-159000,30000
2009/06/26,0,118000,-105000,13000
2009/06/29,0,79000,-127000,-48000
2009/06/30,0,259000,-21000,238000
2009/07/01,0,633000,-107000,526000
2009/07/02,0,132000,-183000,-51000
2009/07/03,0,48000,-94000,-46000
2009/07/06,0,33000,-141000,-108000
2009/07/07,0,335000,-9000,326000
2009/07/08,0,121000,-26000,95000
2009/07/09,0,475000,-192000,283000
2009/07/10,0,16000,-53000,-37000
2009/07/13,0,280000,-427000,-147000
2009/07/14,0,57000,-255000,-198000
2009/07/15,0,500053,-75000,425053
2009/07/16,0,131000,-89000,42000
2009/07/17,0,137000,-70000,67000
2009/07/20,0,133000,-146000,-13000
2009/07/21,0,459000,-197000,262000
2009/07/22,0,663000,-76000,587000
2009/07/23,0,104000,-399000,-295000
2009/07/24,0,95000,-257000,-162000
2009/07/27,0,161000,-513000,-352000
2009/07/28,0,236804,-105000,131804
2009/07/29,0,158000,-267000,-109000
2009/07/30,0,47000,-304000,-257000
2009/07/31,0,3000,-238000,-235000
2009/08/03,0,35754,-565000,-529246
2009/08/04,0,240000,-593000,-353000
2009/08/05,0,52000,-192000,-140000
2009/08/06,0,93000,-189000,-96000
2009/08/07,0,0,0,0
2009/08/10,0,178000,-179000,-1000
2009/08/11,0,274000,-178000,96000
2009/08/12,0,172000,-385000,-213000
2009/08/13,0,481000,-98000,383000
2009/08/14,0,380000,-64000,316000
2009/08/17,0,63000,-149000,-86000
2009/08/18,0,344000,-748000,-404000
2009/08/19,0,291000,-256000,35000
2009/08/20,0,87000,-397000,-310000
2009/08/21,0,219000,-299000,-80000
2009/08/24,0,140000,-172353,-32353
2009/08/25,0,133000,-250000,-117000
2009/08/26,0,371000,-251000,120000
2009/08/27,0,67000,-61000,6000
2009/08/28,0,368000,-19000,349000
2009/08/31,0,53000,-47000,6000
2009/09/01,0,490000,-37000,453000
2009/09/02,0,91340,-192000,-100660
2009/09/03,0,31000,-463000,-432000
2009/09/04,0,143000,-250000,-107000
2009/09/07,0,316000,-454630,-138630
2009/09/08,0,483000,-48700,434300
2009/09/09,0,240000,-96570,143430
2009/09/10,0,894000,-221110,672890
2009/09/11,0,352000,-166900,185100
2009/09/14,0,741000,-486000,255000
2009/09/15,0,135000,-268020,-133020
2009/09/16,0,458000,-137420,320580
2009/09/17,0,52000,-80800,-28800
2009/09/18,0,119000,-497000,-378000
2009/09/21,0,215000,-712620,-497620
2009/09/22,0,11000,-200000,-189000
2009/09/23,0,16000,-1065649,-1049649
2009/09/24,0,6000,-262000,-256000
2009/09/25,0,5000,-108000,-103000
2009/09/28,0,23000,-31466,-8466
2009/09/29,0,48000,-22000,26000
2009/09/30,0,22000,-73180,-51180
2009/10/01,0,70000,-199000,-129000
2009/10/02,0,0,-276000,-276000
2009/10/05,0,6000,-190000,-184000
2009/10/06,0,21000,-193000,-172000
2009/10/07,0,66000,-262000,-196000
2009/10/08,0,36000,-215000,-179000
2009/10/09,0,154000,-267000,-113000
2009/10/12,0,26000,-179140,-153140
2009/10/13,0,137000,-93000,44000
2009/10/14,0,1000,-114000,-113000
2009/10/15,0,163000,-134000,29000
2009/10/16,0,55040,-24000,31040
2009/10/19,0,81000,-92000,-11000
2009/10/20,0,5000,-138000,-133000
2009/10/21,0,20000,-30491,-10491
2009/10/22,0,28000,-39000,-11000
2009/10/23,0,145000,0,145000
2009/10/26,0,322000,-100000,222000
2009/10/27,0,106000,-43000,63000
2009/10/28,0,35000,-126813,-91813
2009/10/29,0,389000,-159000,230000
2009/10/30,0,36000,-108000,-72000
2009/11/02,0,114000,-235000,-121000
2009/11/03,0,13000,-193000,-180000
2009/11/04,0,170000,-9805,160195
2009/11/05,0,132000,-34772,97228
2009/11/06,0,197000,-7000,190000
2009/11/09,0,405000,-9000,396000
2009/11/10,0,88000,-4000,84000
2009/11/11,0,410000,0,410000
2009/11/12,0,120000,-78000,42000
2009/11/13,0,388000,-180000,208000
2009/11/16,0,47000,-42000,5000
2009/11/17,0,109000,-197000,-88000
2009/11/18,0,26000,-180000,-154000
2009/11/19,0,17000,-52000,-35000
2009/11/20,0,36000,-91000,-55000
2009/11/23,0,6000,-6000,0
2009/11/24,0,18000,-66000,-48000
2009/11/25,0,94000,-33000,61000
2009/11/26,0,40000,-94000,-54000
2009/11/27,0,9000,-536000,-527000
2009/11/30,0,172000,-36946,135054
2009/12/01,0,68000,-35090,32910
2009/12/02,0,25000,-21000,4000
2009/12/03,0,0,-6000,-6000
2009/12/04,0,5000,-26000,-21000
2009/12/07,0,17000,-9000,8000
2009/12/08,0,0,-103000,-103000
2009/12/09,0,8000,-111600,-103600
2009/12/10,0,0,-376000,-376000
2009/12/11,0,77000,-47648,29352
2009/12/14,0,48000,-188000,-140000
2009/12/15,0,2000,-177000,-175000
2009/12/16,0,21000,-441000,-420000
2009/12/17,0,28000,-53000,-25000
2009/12/18,0,2000,-26000,-24000
2009/12/21,0,7000,-56000,-49000
2009/12/22,0,1000,-127462,-126462
2009/12/23,0,2000,-218000,-216000
2009/12/24,0,52000,-45000,7000
2009/12/25,0,6000,-14000,-8000
2009/12/28,0,226000,-7000,219000
2009/12/29,0,82000,-26000,56000
2009/12/30,0,34000,-105000,-71000
2009/12/31,0,84000,-84000,0
2010/01/01,0,0,0,0
2010/01/04,0,12000,-405000,-393000
2010/01/05,0,478000,-513000,-35000
2010/01/06,0,1294000,-388000,906000
2010/01/07,0,391000,-113000,278000
2010/01/08,0,678000,-247000,431000
2010/01/11,0,219000,-95000,124000
2010/01/12,0,244000,-735000,-491000
2010/01/13,0,489000,-412000,77000
2010/01/14,0,199000,-107826,91174
2010/01/15,0,24000,-101000,-77000
2010/01/18,0,67000,-10000,57000
2010/01/19,0,90960,-38000,52960
2010/01/20,0,23000,-373000,-350000
2010/01/21,0,49000,-156000,-107000
2010/01/22,0,66000,-284000,-218000
2010/01/25,0,57000,-367000,-310000
2010/01/26,0,199000,-799000,-600000
2010/01/27,0,77000,-381000,-304000
2010/01/28,0,643000,-90000,553000
2010/01/29,0,168000,-476000,-308000
2010/02/01,0,308000,-137000,171000
2010/02/02,0,41000,-742000,-701000
2010/02/03,0,179000,-14000,165000
2010/02/04,0,103000,-90000,13000
2010/02/05,0,189000,-32000,157000
2010/02/08,0,576000,-9542,566458
2010/02/09,0,314000,-107000,207000
2010/02/10,0,317000,-74000,243000
2010/02/11,0,0,0,0
2010/02/12,0,0,0,0
2010/02/15,0,0,0,0
2010/02/16,0,0,0,0
2010/02/17,0,0,0,0
2010/02/18,0,0,0,0
2010/02/19,0,0,0,0
2010/02/22,0,425000,-75000,350000
2010/02/23,0,148000,-365000,-217000
2010/02/24,0,219000,-239000,-20000
2010/02/25,0,189000,-403000,-214000
2010/02/26,0,114000,-69000,45000
2010/03/01,0,248000,-90000,158000
2010/03/02,0,172000,-239577,-67577
2010/03/03,0,75000,-68000,7000
2010/03/04,0,132000,-696000,-564000
2010/03/05,0,220000,-113000,107000
2010/03/08,0,129000,-129000,0
2010/03/09,0,128000,-128000,0
2010/03/10,0,7000,-205000,-198000
2010/03/11,0,25000,-18000,7000
2010/03/12,0,113000,-12000,101000
2010/03/15,0,101000,-266000,-165000
2010/03/16,0,223000,-437000,-214000
2010/03/17,0,770000,-86000,684000
2010/03/18,0,462000,-9000,453000
2010/03/19,0,98000,-54000,44000
2010/03/22,0,787000,-200000,587000
2010/03/23,0,248000,-26000,222000
2010/03/24,0,294000,-141204,152796
2010/03/25,0,989000,-227000,762000
2010/03/26,0,515000,-105000,410000
2010/03/29,0,289000,-18000,271000
2010/03/30,0,73000,-55000,18000
2010/03/31,0,82000,-5000,77000
2010/04/01,0,412000,-198000,214000
2010/04/02,0,52000,-563000,-511000
2010/04/05,0,0,0,0
2010/04/06,0,376000,-67000,309000
2010/04/07,0,133000,-414000,-281000
2010/04/08,0,229000,-58000,171000
2010/04/09,0,102000,-569000,-467000
2010/04/12,0,262000,-238000,24000
2010/04/13,0,114000,-243000,-129000
2010/04/14,0,225000,-68000,157000
2010/04/15,0,225000,-204000,21000
2010/04/16,0,20000,-79000,-59000
2010/04/19,0,239000,-111000,128000
2010/04/20,0,359000,-964000,-605000
2010/04/21,0,178000,-272000,-94000
2010/04/22,0,379000,-333000,46000
2010/04/23,0,113000,-137000,-24000
2010/04/26,0,1008000,-125000,883000
2010/04/27,0,137000,-443000,-306000
2010/04/28,0,255000,-291000,-36000
2010/04/29,0,128440,-91000,37440
2010/04/30,0,528000,-297000,231000
2010/05/03,0,218000,-389000,-171000
2010/05/04,0,189000,-116000,73000
2010/05/05,0,245000,-462000,-217000
2010/05/06,0,60000,-1393000,-1333000
2010/05/07,0,436000,-69000,367000
2010/05/10,0,21000,-171738,-150738
2010/05/11,0,68000,-856000,-788000
2010/05/12,0,38000,-192000,-154000
2010/05/13,0,210000,-50000,160000
2010/05/14,0,374000,-13000,361000
2010/05/17,0,41000,-371000,-330000
2010/05/18,0,301000,-193000,108000
2010/05/19,0,913000,-154000,759000
2010/05/20,0,80000,-375000,-295000
2010/05/21,0,284000,-282000,2000
2010/05/24,0,27000,-29000,-2000
2010/05/25,0,790000,-277000,513000
2010/05/26,0,288000,-270000,18000
2010/05/27,0,96000,-86000,10000
2010/05/28,0,37000,-159000,-122000
2010/05/31,0,7000,-26000,-19000
2010/06/01,0,44000,-293000,-249000
2010/06/02,0,202000,-43000,159000
2010/06/03,0,84000,0,84000
2010/06/04,0,22000,-20000,2000
2010/06/07,0,592000,-84000,508000
2010/06/08,0,209000,-416000,-207000
2010/06/09,0,0,-520000,-520000
2010/06/10,0,29000,-19000,10000
2010/06/11,0,96000,-10000,86000
2010/06/14,0,71000,-111000,-40000
2010/06/15,0,554000,-181000,373000
2010/06/16,0,0,0,0
2010/06/17,0,1171000,-269000,902000
2010/06/18,0,18000,-424000,-406000
2010/06/21,0,56000,-90000,-34000
2010/06/22,0,124000,-94000,30000
2010/06/23,0,21000,-80000,-59000
2010/06/24,0,30000,-30742,-742
2010/06/25,0,108000,-194000,-86000
2010/06/28,0,20000,-2000,18000
2010/06/29,0,133000,-1000,132000
2010/06/30,0,257000,-342000,-85000
2010/07/01,0,244000,-15000,229000
2010/07/02,0,187000,-47000,140000
2010/07/05,0,454000,-39756,414244
2010/07/06,0,478000,-28000,450000
2010/07/07,0,1005000,-67000,938000
2010/07/08,0,250000,-508000,-258000
2010/07/09,0,582000,-323000,259000
2010/07/12,0,142000,-251000,-109000
2010/07/13,0,54000,-321000,-267000
2010/07/14,0,41000,-209000,-168000
2010/07/15,0,4000,-31000,-27000
2010/07/16,0,86000,-240000,-154000
2010/07/19,0,25000,-61000,-36000
2010/07/20,0,123000,-6000,117000
2010/07/21,0,322000,-112000,210000
2010/07/22,0,36000,-38000,-2000
2010/07/23,0,61000,-46000,15000
2010/07/26,0,5000,-21000,-16000
2010/07/27,0,8000,-100000,-92000
2010/07/28,0,24000,-67000,-43000
2010/07/29,0,19000,-52000,-33000
2010/07/30,0,1000,-108000,-107000
2010/08/02,0,103000,-93000,10000
2010/08/03,0,4000,-81000,-77000
2010/08/04,0,8000,-74000,-66000
2010/08/05,0,25000,-131000,-106000
2010/08/06,0,13000,-15000,-2000
2010/08/09,0,84000,-80000,4000
2010/08/10,0,30000,-142000,-112000
2010/08/11,0,0,-42000,-42000
2010/08/12,0,18000,-139000,-121000
2010/08/13,0,1000,-112000,-111000
2010/08/16,0,29000,-15000,14000
2010/08/17,0,41000,-229000,-188000
2010/08/18,0,101000,-272000,-171000
2010/08/19,0,40000,-24000,16000
2010/08/20,0,13000,-103000,-90000
2010/08/23,0,128500,-41000,87500
2010/08/24,0,109500,-182000,-72500
2010/08/25,0,31000,-374000,-343000
2010/08/26,0,3000,-67000,-64000
2010/08/27,0,20000,-129000,-109000
2010/08/30,0,75000,-34000,41000
2010/08/31,0,0,-4000,-4000
2010/09/01,0,19191,-27250,-8059
2010/09/02,0,86000,-162000,-76000
2010/09/03,0,53000,-137000,-84000
2010/09/06,0,148000,-48000,100000
2010/09/07,0,68000,-92000,-24000
2010/09/08,0,15000,-95000,-80000
2010/09/09,0,125000,-36000,89000
2010/09/10,0,41000,-40000,1000
2010/09/13,0,165000,-37000,128000
2010/09/14,0,34000,-70000,-36000
2010/09/15,0,104000,-98000,6000
2010/09/16,0,114000,-89000,25000
2010/09/17,0,336000,-44000,292000
2010/09/20,0,63000,-74000,-11000
2010/09/21,0,19000,-118000,-99000
2010/09/22,0,0,0,0
2010/09/23,0,57000,-109000,-52000
2010/09/24,0,122000,-97000,25000
2010/09/27,0,157000,-26000,131000
2010/09/28,0,170000,-15000,155000
2010/09/29,0,109000,-112000,-3000
2010/09/30,0,112000,-121000,-9000
2010/10/01,0,36000,-16000,20000
2010/10/04,0,75000,-233000,-158000
2010/10/05,0,115000,-4000,111000
2010/10/06,0,113000,-66000,47000
2010/10/07,0,25000,-23999,1001
2010/10/08,0,155000,-22000,133000
2010/10/11,0,35000,-145000,-110000
2010/10/12,0,22000,-125000,-103000
2010/10/13,0,6000,-83000,-77000
2010/10/14,0,507000,-21000,486000
2010/10/15,0,235000,-142000,93000
2010/10/18,0,210000,-271000,-61000
2010/10/19,0,245000,-241000,4000
2010/10/20,0,226000,-102000,124000
2010/10/21,0,457000,-62000,395000
2010/10/22,0,215000,-211000,4000
2010/10/25,0,782000,-113000,669000
2010/10/26,0,331000,-368000,-37000
2010/10/27,0,71000,-175000,-104000
2010/10/28,0,129000,-337000,-208000
2010/10/29,0,148000,-373000,-225000
2010/11/01,0,613340,-84000,529340
2010/11/02,0,122000,-1115000,-993000
2010/11/03,0,187000,-1096000,-909000
2010/11/04,0,43000,-54000,-11000
2010/11/05,0,707000,-231000,476000
2010/11/08,0,599000,-182000,417000
2010/11/09,0,138432,-61000,77432
2010/11/10,0,232000,-263210,-31210
2010/11/11,0,743000,-422000,321000
2010/11/12,0,324000,-270000,54000
2010/11/15,0,94000,-50000,44000
2010/11/16,0,670000,-266000,404000
2010/11/17,0,324000,-4000,320000
2010/11/18,0,218000,-19000,199000
2010/11/19,0,171000,-187000,-16000
2010/11/22,0,61000,-24000,37000
2010/11/23,0,155000,-77000,78000
2010/11/24,0,440000,-81000,359000
2010/11/25,0,77000,-98000,-21000
2010/11/26,0,100000,-171000,-71000
2010/11/29,0,261000,-432000,-171000
2010/11/30,0,234000,-463000,-229000
2010/12/01,0,862000,-334000,528000
2010/12/02,0,803000,-387000,416000
2010/12/03,0,123000,-317000,-194000
2010/12/06,0,351001,-262000,89001
2010/12/07,0,281000,-177000,104000
2010/12/08,0,77000,-425000,-348000
2010/12/09,0,174000,-160000,14000
2010/12/10,0,31000,-120000,-89000
2010/12/13,0,8000,-221000,-213000
2010/12/14,0,76000,-309868,-233868
2010/12/15,0,426000,-519000,-93000
2010/12/16,0,267000,-370000,-103000
2010/12/17,0,236000,-677000,-441000
2010/12/20,0,25000,-417000,-392000
2010/12/21,0,77000,-696000,-619000
2010/12/22,0,43000,-23000,20000
2010/12/23,0,26000,-208000,-182000
2010/12/24,0,13000,-200000,-187000
2010/12/27,0,116000,-155000,-39000
2010/12/28,0,151000,-290000,-139000
2010/12/29,0,51000,-50451,549
2010/12/30,0,174000,-151000,23000
2010/12/31,0,81000,-47000,34000
2011/01/03,0,123000,-111000,12000
2011/01/04,0,125000,-134000,-9000
2011/01/05,0,362000,-798000,-436000
2011/01/06,0,242000,-108000,134000
2011/01/07,0,269000,-315000,-46000
2011/01/10,0,147000,-172000,-25000
2011/01/11,0,298000,-227000,71000
2011/01/12,0,86000,-31000,55000
2011/01/13,0,181000,-336000,-155000
2011/01/14,0,11000,-144000,-133000
2011/01/17,0,75550,-238110,-162560
2011/01/18,0,37000,-92000,-55000
2011/01/19,0,294000,-688000,-394000
2011/01/20,0,48000,-52000,-4000
2011/01/21,0,132000,-478000,-346000
2011/01/24,0,99000,-254000,-155000
2011/01/25,0,55000,-176000,-121000
2011/01/26,0,281000,-362000,-81000
2011/01/27,0,89000,-261000,-172000
2011/01/28,0,618000,-386000,232000
2011/01/31,0,0,0,0
2011/02/01,0,0,0,0
2011/02/02,0,0,0,0
2011/02/03,0,0,0,0
2011/02/04,0,0,0,0
2011/02/07,0,0,0,0
2011/02/08,0,754000,-562000,192000
2011/02/09,0,280000,-403000,-123000
2011/02/10,0,592000,-465000,127000
2011/02/11,0,170000,-698000,-528000
2011/02/14,0,220000,-271000,-51000
2011/02/15,0,203000,-734000,-531000
2011/02/16,0,199000,-384000,-185000
2011/02/17,0,223000,-353000,-130000
2011/02/18,0,238000,-42000,196000
2011/02/21,0,195000,-593000,-398000
2011/02/22,0,581000,-131000,450000
2011/02/23,0,1815000,-153000,1662000
2011/02/24,0,782000,-50000,732000
2011/02/25,0,841000,-39000,802000
2011/02/28,0,0,0,0
2011/03/01,0,239000,-146000,93000
2011/03/02,0,657000,-226000,431000
2011/03/03,0,682000,-126000,556000
2011/03/04,0,41000,-401000,-360000
2011/03/07,0,166000,-32965,133035
2011/03/08,0,236000,-82000,154000
2011/03/09,0,69000,-10000,59000
2011/03/10,0,379000,-39000,340000
2011/03/11,0,1802000,-208000,1594000
2011/03/14,0,577000,-581000,-4000
2011/03/15,0,1210000,-284000,926000
2011/03/16,0,696000,-507000,189000
2011/03/17,0,315000,-115000,200000
2011/03/18,0,543500,-266000,277500
2011/03/21,0,674000,-452500,221500
2011/03/22,0,74000,-491000,-417000
2011/03/23,0,265000,-256000,9000
2011/03/24,0,548000,-152000,396000
2011/03/25,0,494000,-353000,141000
2011/03/28,0,193000,-144000,49000
2011/03/29,0,408000,-461000,-53000
2011/03/30,0,72000,-663000,-591000
2011/03/31,0,309000,-187000,122000
2011/04/01,0,226000,-84000,142000
2011/04/04,0,0,0,0
2011/04/05,0,0,0,0
2011/04/06,0,184000,-564000,-380000
2011/04/07,0,542000,-233000,309000
2011/04/08,0,338000,-637000,-299000
2011/04/11,0,64000,-186000,-122000
2011/04/12,0,984000,-165000,819000
2011/04/13,0,453000,-180000,273000
2011/04/14,0,306000,-108000,198000
2011/04/15,0,474000,-101000,373000
2011/04/18,0,44000,-330460,-286460
2011/04/19,0,842000,-147000,695000
2011/04/20,0,569000,-253000,316000
2011/04/21,0,1474000,-358000,1116000
2011/04/22,0,274000,-714000,-440000
2011/04/25,0,244000,-206000,38000
2011/04/26,0,130000,-140000,-10000
2011/04/27,0,450000,-1496000,-1046000
2011/04/28,0,440000,-391000,49000
2011/04/29,0,109000,-722000,-613000
2011/05/02,0,0,0,0
2011/05/03,0,538000,-58794,479206
2011/05/04,0,824000,-187000,637000
2011/05/05,0,317000,-67000,250000
2011/05/06,0,587000,-774000,-187000
2011/05/09,0,373000,-78000,295000
2011/05/10,0,147000,-265000,-118000
2011/05/11,0,36000,-169764,-133764
2011/05/12,0,28000,-260000,-232000
2011/05/13,0,65000,-83000,-18000
2011/05/16,0,160000,-298000,-138000
2011/05/17,0,107000,-205000,-98000
2011/05/18,0,273000,-734000,-461000
2011/05/19,0,275000,-96820,178180
2011/05/20,0,360000,-69000,291000
2011/05/23,0,209000,-93000,116000
2011/05/24,0,648000,-60000,588000
2011/05/25,0,62000,-82000,-20000
2011/05/26,0,92000,-42002,49998
2011/05/27,0,213000,-69000,144000
2011/05/30,0,279000,-95000,184000
2011/05/31,0,714000,-8000,706000
2011/06/01,0,150000,-129000,21000
2011/06/02,0,398000,-96000,302000
2011/06/03,0,120000,-122000,-2000
2011/06/06,0,0,0,0
2011/06/07,0,99000,-210000,-111000
2011/06/08,0,107773,-131000,-23227
2011/06/09,0,144227,-122000,22227
2011/06/10,0,226000,-151000,75000
2011/06/13,0,355000,-171550,183450
2011/06/14,0,252000,-88000,164000
2011/06/15,0,264000,-792000,-528000
2011/06/16,0,337000,-190000,147000
2011/06/17,0,288000,-261000,27000
2011/06/20,0,322000,-453000,-131000
2011/06/21,0,512000,-166000,346000
2011/06/22,0,165000,-141000,24000
2011/06/23,0,532000,-99000,433000
2011/06/24,0,325000,-206000,119000
2011/06/27,0,148000,-232000,-84000
2011/06/28,0,48000,-174000,-126000
2011/06/29,0,414000,-125000,289000
2011/06/30,0,1067000,-75000,992000
2011/07/01,0,149000,-76000,73000
2011/07/04,0,193000,-206000,-13000
2011/07/05,0,2114000,-513922,1600078
2011/07/06,0,3493000,-324000,3169000
2011/07/07,0,596000,-1096000,-500000
2011/07/08,0,97000,-2511000,-2414000
2011/07/11,0,245000,-44000,201000
2011/07/12,0,277000,-118000,159000
2011/07/13,0,1240000,-141000,1099000
2011/07/14,0,621000,-175000,446000
2011/07/15,0,329000,-741000,-412000
2011/07/18,0,245000,-7495,237505
2011/07/19,0,74000,-48000,26000
2011/07/20,0,316000,-444000,-128000
2011/07/21,0,491000,-367000,124000
2011/07/22,0,163000,-34000,129000
2011/07/25,0,32000,-281000,-249000
2011/07/26,0,176000,-363000,-187000
2011/07/27,0,135000,-295000,-160000
2011/07/28,0,80000,-199000,-119000
2011/07/29,0,52000,-48000,4000
2011/08/01,0,10000,-12000,-2000
2011/08/02,0,1045000,-138000,907000
2011/08/03,0,3913000,-290666,3622334
2011/08/04,0,1478000,-1028000,450000
2011/08/05,0,1277000,-1708000,-431000
2011/08/08,0,1313000,-365000,948000
2011/08/09,0,1893000,-175000,1718000
2011/08/10,0,254000,-362000,-108000
2011/08/11,0,395000,-227000,168000
2011/08/12,0,362000,-736000,-374000
2011/08/15,0,208000,-1000,207000
2011/08/16,0,206000,-58000,148000
2011/08/17,0,275000,-558000,-283000
2011/08/18,0,271000,-37000,234000
2011/08/19,0,501000,-666000,-165000
2011/08/22,0,675000,-120000,555000
2011/08/23,0,550000,-60000,490000
2011/08/24,0,182000,-157000,25000
2011/08/25,0,279000,-127000,152000
2011/08/26,0,353000,-62000,291000
2011/08/29,0,356000,-324000,32000
2011/08/30,0,219000,-740000,-521000
2011/08/31,0,0,-155000,-155000
2011/09/01,0,353000,-583000,-230000
2011/09/02,0,135000,-248000,-113000
2011/09/05,0,243000,-303000,-60000
2011/09/06,0,247000,-158000,89000
2011/09/07,0,185000,-415000,-230000
2011/09/08,0,379000,-201000,178000
2011/09/09,0,186000,-77000,109000
2011/09/12,0,0,0,0
2011/09/13,0,256000,-80000,176000
2011/09/14,0,819000,-24000,795000
2011/09/15,0,546000,-41000,505000
2011/09/16,0,209000,-11000,198000
2011/09/19,0,82000,-45000,37000
2011/09/20,0,278000,-40000,238000
2011/09/21,0,133000,-593000,-460000
2011/09/22,0,178000,-63000,115000
2011/09/23,0,887000,-151000,736000
2011/09/26,0,745000,-52000,693000
2011/09/27,0,281000,-110000,171000
2011/09/28,0,230000,-258000,-28000
2011/09/29,0,63000,-65000,-2000
2011/09/30,0,29000,-93000,-64000
2011/10/03,0,40000,-174000,-134000
2011/10/04,0,358000,-113000,245000
2011/10/05,0,205000,-6294,198706
2011/10/06,0,341000,-3000,338000
2011/10/07,0,54000,-895000,-841000
2011/10/10,0,0,0,0
2011/10/11,0,18000,-150000,-132000
2011/10/12,0,12000,-74000,-62000
2011/10/13,0,9000,-85000,-76000
2011/10/14,0,0,-156000,-156000
2011/10/17,0,135000,-13000,122000
2011/10/18,0,101000,-32000,69000
2011/10/19,0,177000,-423000,-246000
2011/10/20,0,94000,-108518,-14518
2011/10/21,0,322000,-12338,309662
2011/10/24,0,190000,0,190000
2011/10/25,0,123000,-15000,108000
2011/10/26,0,409000,-23000,386000
2011/10/27,0,731000,-128000,603000
2011/10/28,0,694000,-180000,514000
2011/10/31,0,85000,-102926,-17926
2011/11/01,0,210000,-155000,55000
2011/11/02,0,178000,-312000,-134000
2011/11/03,0,474000,-41000,433000
2011/11/04,0,499000,-199000,300000
2011/11/07,0,270000,-8000,262000
2011/11/08,0,449000,-16000,433000
2011/11/09,0,55000,-55000,0
2011/11/10,0,491000,-227000,264000
2011/11/11,0,160000,-52000,108000
2011/11/14,0,311000,-670000,-359000
2011/11/15,0,0,-221000,-221000
2011/11/16,0,64000,-448000,-384000
2011/11/17,0,52000,-303000,-251000
2011/11/18,0,452000,-191000,261000
2011/11/21,0,674000,-31000,643000
2011/11/22,0,674000,-16000,658000
2011/11/23,0,411000,-51000,360000
2011/11/24,0,284000,-8000,276000
2011/11/25,0,198000,-98000,100000
2011/11/28,0,222000,-52000,170000
2011/11/29,0,239000,-61000,178000
2011/11/30,0,159000,-277000,-118000
2011/12/01,0,246000,-19000,227000
2011/12/02,0,43000,-118000,-75000
2011/12/05,0,44000,-71000,-27000
2011/12/06,0,55000,-51000,4000
2011/12/07,0,70000,-21000,49000
2011/12/08,0,0,-108000,-108000
2011/12/09,0,51000,-103000,-52000
2011/12/12,0,60000,-6000,54000
2011/12/13,0,101000,-71000,30000
2011/12/14,0,17000,0,17000
2011/12/15,0,73000,-254000,-181000
2011/12/16,0,230000,-6000,224000
2011/12/19,0,220000,-136000,84000
2011/12/20,0,126000,-31000,95000
2011/12/21,0,455000,-176000,279000
2011/12/22,0,204000,-21000,183000
2011/12/23,0,101000,-6000,95000
2011/12/26,0,47715,-27000,20715
2011/12/27,0,174000,-15000,159000
2011/12/28,0,337000,-59000,278000
2011/12/29,0,224000,-26000,198000
2011/12/30,0,112000,-103000,9000
2012/01/02,0,51000,-60000,-9000
2012/01/03,0,140000,-235000,-95000
2012/01/04,0,95000,-454000,-359000
2012/01/05,0,162000,-123000,39000
2012/01/06,0,20000,-66000,-46000
2012/01/09,0,45000,-29000,16000
2012/01/10,0,96000,-5000,91000
2012/01/11,0,10000,-13000,-3000
2012/01/12,0,53000,-80000,-27000
2012/01/13,0,121000,-58000,63000
2012/01/16,0,3000,-223000,-220000
2012/01/17,0,77000,-3000,74000
2012/01/18,0,14000,-83000,-69000
2012/01/19,0,0,0,0
2012/01/20,0,0,0,0
2012/01/23,0,0,0,0
2012/01/24,0,0,0,0
2012/01/25,0,0,0,0
2012/01/26,0,0,0,0
2012/01/27,0,0,0,0
2012/01/30,0,1343000,-52000,1291000
2012/01/31,0,6000,-169000,-163000
2012/02/01,0,85000,-317000,-232000
2012/02/02,0,399000,-329000,70000
2012/02/03,0,247000,-555000,-308000
2012/02/06,0,545000,-149000,396000
2012/02/07,0,16000,-128000,-112000
2012/02/08,0,76000,-93000,-17000
2012/02/09,0,18000,-492000,-474000
2012/02/10,0,350000,-611000,-261000
2012/02/13,0,202000,-11000,191000
2012/02/14,0,7000,-597000,-590000
2012/02/15,0,292000,-133000,159000
2012/02/16,0,141000,-573000,-432000
2012/02/17,0,795000,-382752,412248
2012/02/20,0,254000,-457000,-203000
2012/02/21,0,1185000,-478000,707000
2012/02/22,0,679000,-69000,610000
2012/02/23,0,72000,-365000,-293000
2012/02/24,0,0,-415000,-415000
2012/02/27,0,0,0,0
2012/02/28,0,0,0,0
2012/02/29,0,598034,-23000,575034
2012/03/01,0,319000,-1902000,-1583000
2012/03/02,0,26000,-410000,-384000
2012/03/05,0,37000,-734000,-697000
2012/03/06,0,677000,-161000,516000
2012/03/07,0,20000,-418000,-398000
2012/03/08,0,23000,-305000,-282000
2012/03/09,0,181000,-131000,50000
2012/03/12,0,50000,-193155,-143155
2012/03/13,0,131000,-53000,78000
2012/03/14,0,156000,-55000,101000
2012/03/15,0,117000,-185000,-68000
2012/03/16,0,25000,-228000,-203000
2012/03/19,0,394000,-707000,-313000
2012/03/20,0,403000,-209000,194000
2012/03/21,0,12000,-792000,-780000
2012/03/22,0,130000,-59000,71000
2012/03/23,0,36000,-15000,21000
2012/03/26,0,7000,-250000,-243000
2012/03/27,0,3000,-243000,-240000
2012/03/28,0,2000,-310000,-308000
2012/03/29,0,15000,-145966,-130966
2012/03/30,0,31000,-418000,-387000
2012/04/02,0,9000,-209000,-200000
2012/04/03,0,203000,-55000,148000
2012/04/04,0,0,0,0
2012/04/05,0,233000,-382000,-149000
2012/04/06,0,134000,-637000,-503000
2012/04/09,0,117000,-352000,-235000
2012/04/10,0,15000,-191000,-176000
2012/04/11,0,10000,-28000,-18000
2012/04/12,0,13000,-186000,-173000
2012/04/13,0,10000,-90000,-80000
2012/04/16,0,0,-19000,-19000
2012/04/17,0,43000,-28000,15000
2012/04/18,0,259000,-200000,59000
2012/04/19,0,127000,-260000,-133000
2012/04/20,0,14000,-88000,-74000
2012/04/23,0,264000,-40000,224000
2012/04/24,0,31000,-179000,-148000
2012/04/25,0,29000,-147000,-118000
2012/04/26,0,11009,-156000,-144991
2012/04/27,0,33000,-228080,-195080
2012/04/30,0,138000,-121000,17000
2012/05/01,0,0,0,0
2012/05/02,0,182050,-46000,136050
2012/05/03,0,75000,-50,74950
2012/05/04,0,18000,-264000,-246000
2012/05/07,0,135000,-114000,21000
2012/05/08,0,34000,-107759,-73759
2012/05/09,0,89000,-82000,7000
2012/05/10,0,431000,-2000,429000
2012/05/11,0,282000,-4000,278000
2012/05/14,0,191000,-151000,40000
2012/05/15,0,549000,-102300,446700
2012/05/16,0,525000,-865000,-340000
2012/05/17,0,41000,-355000,-314000
2012/05/18,0,337000,-3000,334000
2012/05/21,0,339000,-68000,271000
2012/05/22,0,25000,-106200,-81200
2012/05/23,0,279000,-10000,269000
2012/05/24,0,410000,-67000,343000
2012/05/25,0,49000,-10000,39000
2012/05/28,0,29000,-3000,26000
2012/05/29,0,46000,-76000,-30000
2012/05/30,0,81000,-84500,-3500
2012/05/31,0,25000,-226000,-201000
2012/06/01,0,144020,-1000,143020
2012/06/04,0,625000,-4020,620980
2012/06/05,0,233000,-44000,189000
2012/06/06,0,85000,0,85000
2012/06/07,0,202015,0,202015
2012/06/08,0,226000,-4015,221985
2012/06/11,0,27000,-71000,-44000
2012/06/12,0,54000,-84000,-30000
2012/06/13,0,10000,-52000,-42000
2012/06/14,0,383000,-49000,334000
2012/06/15,0,288000,-67000,221000
2012/06/18,0,150150,-87000,63150
2012/06/19,0,7000,-81000,-74000
2012/06/20,0,46000,-95000,-49000
2012/06/21,0,20000,-80000,-60000
2012/06/22,0,59000,-38150,20850
2012/06/25,0,30000,-89000,-59000
2012/06/26,0,174000,-19000,155000
2012/06/27,0,287000,-51000,236000
2012/06/28,0,212000,-53000,159000
2012/06/29,0,566000,-5000,561000
2012/07/02,0,1445000,-158000,1287000
2012/07/03,0,938000,-329000,609000
2012/07/04,0,0,-528000,-528000
2012/07/05,0,27000,-1213000,-1186000
2012/07/06,0,50000,-25000,25000
2012/07/09,0,48000,-55000,-7000
2012/07/10,0,115000,-214000,-99000
2012/07/11,0,62000,0,62000
2012/07/12,0,31000,-27000,4000
2012/07/13,0,213000,-71000,142000
2012/07/16,0,58000,-3102,54898
2012/07/17,0,192000,-14000,178000
2012/07/18,0,33000,-227000,-194000
2012/07/19,0,57000,-77000,-20000
2012/07/20,0,67000,-23000,44000
2012/07/23,0,178000,-38000,140000
2012/07/24,0,382000,-1000,381000
2012/07/25,0,105000,-52000,53000
2012/07/26,0,87000,-24000,63000
2012/07/27,0,101000,-70000,31000
2012/07/30,0,21000,-35000,-14000
2012/07/31,0,99000,-93000,6000
2012/08/01,0,58000,-10000,48000
2012/08/02,0,0,0,0
2012/08/03,0,16000,-79000,-63000
2012/08/06,0,113000,-11000,102000
2012/08/07,0,80000,0,80000
2012/08/08,0,94200,-47000,47200
2012/08/09,0,244000,-13000,231000
2012/08/10,0,172000,-267000,-95000
2012/08/13,0,68100,-85000,-16900
2012/08/14,0,144000,-42000,102000
2012/08/15,0,459000,-367000,92000
2012/08/16,0,62000,-29000,33000
2012/08/17,0,55000,-89000,-34000
2012/08/20,0,31000,-63000,-32000
2012/08/21,0,76000,-36000,40000
2012/08/22,0,8000,-36000,-28000
2012/08/23,0,2000,-37000,-35000
2012/08/24,0,5000,-272000,-267000
2012/08/27,0,2000,-296000,-294000
2012/08/28,0,43000,-162000,-119000
2012/08/29,0,224000,0,224000
2012/08/30,0,210000,-269000,-59000
2012/08/31,0,72000,-104000,-32000
2012/09/03,0,287000,-49000,238000
2012/09/04,0,22000,-437000,-415000
2012/09/05,0,99000,-114000,-15000
2012/09/06,0,327000,-55000,272000
2012/09/07,0,328000,-47200,280800
2012/09/10,0,97000,-140000,-43000
2012/09/11,0,102000,-78000,24000
2012/09/12,0,337000,-8000,329000
2012/09/13,0,48000,-10000,38000
2012/09/14,0,183000,-57000,126000
2012/09/17,0,93000,-700100,-607100
2012/09/18,0,226000,-66000,160000
2012/09/19,0,109000,-448000,-339000
2012/09/20,0,42000,-296000,-254000
2012/09/21,0,0,-93000,-93000
2012/09/24,0,25000,-303000,-278000
2012/09/25,0,22000,0,22000
2012/09/26,0,46000,-2000,44000
2012/09/27,0,27000,0,27000
2012/09/28,0,55000,-15000,40000
2012/10/01,0,21000,-16000,5000
2012/10/02,0,13000,-7000,6000
2012/10/03,0,0,-106000,-106000
2012/10/04,0,126000,-267000,-141000
2012/10/05,0,5000,-66000,-61000
2012/10/08,0,7000,-314000,-307000
2012/10/09,0,83000,-15000,68000
2012/10/10,0,0,0,0
2012/10/11,0,310000,-14000,296000
2012/10/12,0,118000,-61000,57000
2012/10/15,0,198000,-68000,130000
2012/10/16,0,334000,-65000,269000
2012/10/17,0,96000,-477000,-381000
2012/10/18,0,131000,-65000,66000
2012/10/19,0,102000,-41000,61000
2012/10/22,0,5000,-106000,-101000
2012/10/23,0,34000,-209000,-175000
2012/10/24,0,277000,-72000,205000
2012/10/25,0,99000,-51000,48000
2012/10/26,0,336000,-30000,306000
2012/10/29,0,512000,-297000,215000
2012/10/30,0,272000,-70000,202000
2012/10/31,0,19000,-27000,-8000
2012/11/01,0,47000,-55000,-8000
2012/11/02,0,58000,-9000,49000
2012/11/05,0,142000,-11000,131000
2012/11/06,0,99000,-13000,86000
2012/11/07,0,50000,-104000,-54000
2012/11/08,0,76000,-130000,-54000
2012/11/09,0,201000,-8000,193000
2012/11/12,0,59000,-18000,41000
2012/11/13,0,102000,-739000,-637000
2012/11/14,0,86000,-125000,-39000
2012/11/15,0,166000,-159000,7000
2012/11/16,0,491000,-54000,437000
2012/11/19,0,228000,-204977,23023
2012/11/20,0,8000,-87000,-79000
2012/11/21,0,182000,-76000,106000
2012/11/22,0,129000,-221000,-92000
2012/11/23,0,172000,-15000,157000
2012/11/26,0,315000,-356000,-41000
2012/11/27,0,111000,-113000,-2000
2012/11/28,0,45000,-135000,-90000
2012/11/29,0,308000,-95000,213000
2012/11/30,0,332000,-51000,281000
2012/12/03,0,100000,-960000,-860000
2012/12/04,0,174000,-7000,167000
2012/12/05,0,204000,-6000,198000
2012/12/06,0,212000,-110000,102000
2012/12/07,0,187000,-547000,-360000
2012/12/10,0,141000,-631000,-490000
2012/12/11,0,143000,-3000,140000
2012/12/12,0,153000,-1038000,-885000
2012/12/13,0,89000,-1184000,-1095000
2012/12/14,0,21000,-302000,-281000
2012/12/17,0,118000,-1307000,-1189000
2012/12/18,0,0,-201000,-201000
2012/12/19,0,182000,-133000,49000
2012/12/20,0,18000,-543252,-525252
2012/12/21,0,18000,-283000,-265000
2012/12/24,0,2000,-50000,-48000
2012/12/25,0,273000,-76000,197000
2012/12/26,0,32000,-43000,-11000
2012/12/27,0,52002,-272000,-219998
2012/12/28,0,527000,-124000,403000
2012/12/31,0,0,0,0
2013/01/01,0,0,0,0
2013/01/02,0,24000,-57000,-33000
2013/01/03,0,1025000,-771000,254000
2013/01/04,0,657000,-739000,-82000
2013/01/07,0,91000,-521000,-430000
2013/01/08,0,80000,-561147,-481147
2013/01/09,0,37000,-69000,-32000
2013/01/10,0,221000,-799000,-578000
2013/01/11,0,67000,-65000,2000
2013/01/14,0,88000,-284000,-196000
2013/01/15,0,12000,-331000,-319000
2013/01/16,0,297000,-324000,-27000
2013/01/17,0,33000,-486000,-453000
2013/01/18,0,29000,-162000,-133000
2013/01/21,0,301000,-111000,190000
2013/01/22,0,96000,-50000,46000
2013/01/23,0,95000,-138000,-43000
2013/01/24,0,62000,-172000,-110000
2013/01/25,0,160000,-98000,62000
2013/01/28,0,192000,-303000,-111000
2013/01/29,0,13000,-98000,-85000
2013/01/30,0,213000,-362000,-149000
2013/01/31,0,22000,-232000,-210000
2013/02/01,0,14000,-124000,-110000
2013/02/04,0,138000,-195000,-57000
2013/02/05,0,120000,-88000,32000
2013/02/06,0,13000,-512000,-499000
2013/02/07,0,0,0,0
2013/02/08,0,0,0,0
2013/02/11,0,0,0,0
2013/02/12,0,0,0,0
2013/02/13,0,0,0,0
2013/02/14,0,0,0,0
2013/02/15,0,0,0,0
2013/02/18,0,200000,-419000,-219000
2013/02/19,0,62000,-234000,-172000
2013/02/20,0,1014000,-294000,720000
2013/02/21,0,19000,-202000,-183000
2013/02/22,0,6000,-69000,-63000
2013/02/25,0,16000,-176000,-160000
2013/02/26,0,43000,-75000,-32000
2013/02/27,0,6000,-62233,-56233
2013/02/28,0,0,0,0
2013/03/01,0,23000,-132000,-109000
2013/03/04,0,258000,-56000,202000
2013/03/05,0,88000,-438000,-350000
2013/03/06,0,41000,-100000,-59000
2013/03/07,0,23000,-48000,-25000
2013/03/08,0,119000,-16000,103000
2013/03/11,0,42000,-236000,-194000
2013/03/12,0,13000,-40000,-27000
2013/03/13,0,54000,-257000,-203000
2013/03/14,0,68000,-216000,-148000
2013/03/15,0,91000,-274000,-183000
2013/03/18,0,96000,-106000,-10000
2013/03/19,0,56000,-23000,33000
2013/03/20,0,254000,-52000,202000
2013/03/21,0,3000,-7000,-4000
2013/03/22,0,55000,-24000,31000
2013/03/25,0,2000,-42000,-40000
2013/03/26,0,29000,-81000,-52000
2013/03/27,0,109000,-62000,47000
2013/03/28,0,323000,-4000,319000
2013/03/29,0,241000,-19000,222000
2013/04/01,0,150000,-41000,109000
2013/04/02,0,21000,-106000,-85000
2013/04/03,0,146000,-40000,106000
2013/04/04,0,0,0,0
2013/04/05,0,0,0,0
2013/04/08,0,82000,-30000,52000
2013/04/09,0,26000,-71000,-45000
2013/04/10,0,31000,-19000,12000
2013/04/11,0,236000,-119000,117000
2013/04/12,0,90000,-39000,51000
2013/04/15,0,2000,-22000,-20000
2013/04/16,0,54000,-8000,46000
2013/04/17,0,95000,-131000,-36000
2013/04/18,0,46000,-78000,-32000
2013/04/19,0,12000,-75000,-63000
2013/04/22,0,168000,-76000,92000
2013/04/23,0,72000,-28000,44000
2013/04/24,0,658000,-249000,409000
2013/04/25,0,177000,-517000,-340000
2013/04/26,0,157000,-213000,-56000
2013/04/29,0,108000,-23000,85000
2013/04/30,0,186000,-166000,20000
2013/05/01,0,0,0,0
2013/05/02,0,350000,-75000,275000
2013/05/03,0,33000,-244000,-211000
2013/05/06,0,836000,-179000,657000
2013/05/07,0,622000,-322000,300000
2013/05/08,0,877000,-396000,481000
2013/05/09,0,104000,-120000,-16000
2013/05/10,0,186000,-129000,57000
2013/05/13,0,57000,-304000,-247000
2013/05/14,0,244000,-386000,-142000
2013/05/15,0,19000,-935000,-916000
2013/05/16,0,285000,-203000,82000
2013/05/17,0,101000,-108000,-7000
2013/05/20,0,13000,-30000,-17000
2013/05/21,0,17000,-229000,-212000
2013/05/22,0,64000,-49000,15000
2013/05/23,0,129000,-669000,-540000
2013/05/24,0,108000,-807000,-699000
2013/05/27,0,83000,-4000,79000
2013/05/28,0,7000,-60000,-53000
2013/05/29,0,28000,-79000,-51000
2013/05/30,0,6000,-230000,-224000
2013/05/31,0,118000,-102000,16000
2013/06/03,0,70000,-59000,11000
2013/06/04,0,44000,-56000,-12000
2013/06/05,0,55000,-19000,36000
2013/06/06,0,8000,-39000,-31000
2013/06/07,0,26000,-127000,-101000
2013/06/10,0,77000,-34000,43000
2013/06/11,0,24000,-36000,-12000
2013/06/12,0,0,0,0
2013/06/13,0,63000,-121000,-58000
2013/06/14,0,54000,-25000,29000
2013/06/17,0,56000,-17000,39000
2013/06/18,0,73000,-215,72785
2013/06/19,0,223000,-33000,190000
2013/06/20,0,55000,-19000,36000
2013/06/21,0,85000,-645000,-560000
2013/06/24,0,15000,-179000,-164000
2013/06/25,0,413000,-174000,239000
2013/06/26,0,29000,-259000,-230000
2013/06/27,0,74000,-96000,-22000
2013/06/28,0,37000,-241000,-204000
2013/07/01,0,113000,-327000,-214000
2013/07/02,0,15000,-60000,-45000
2013/07/03,0,76000,-17000,59000
2013/07/04,0,162000,-38000,124000
2013/07/05,0,507000,-8000,499000
2013/07/08,0,47000,-127000,-80000
2013/07/09,0,91000,-66000,25000
2013/07/10,0,56000,-49000,7000
2013/07/11,0,637000,-183000,454000
2013/07/12,0,30000,-157000,-127000
2013/07/15,0,560000,-150000,410000
2013/07/16,0,107000,-74000,33000
2013/07/17,0,483000,-130000,353000
2013/07/18,0,917000,-49000,868000
2013/07/19,0,766000,-393424,372576
2013/07/22,0,84000,-1044000,-960000
2013/07/23,0,236000,-115000,121000
2013/07/24,0,109000,-720000,-611000
2013/07/25,0,19000,-135000,-116000
2013/07/26,0,75000,-20000,55000
2013/07/29,0,14000,-253000,-239000
2013/07/30,0,178000,-140000,38000
2013/07/31,0,44000,-97000,-53000
2013/08/01,0,54000,-56000,-2000
2013/08/02,0,944000,-139000,805000
2013/08/05,0,30000,-278000,-248000
2013/08/06,0,202000,-170000,32000
2013/08/07,0,237000,-245000,-8000
2013/08/08,0,8000,-102000,-94000
2013/08/09,0,109000,-263000,-154000
2013/08/12,0,242000,-59000,183000
2013/08/13,0,0,-382000,-382000
2013/08/14,0,0,-285000,-285000
2013/08/15,0,42000,-56000,-14000
2013/08/16,0,198000,-19000,179000
2013/08/19,0,16000,-162000,-146000
2013/08/20,0,51000,-76000,-25000
2013/08/21,0,0,0,0
2013/08/22,0,130000,-80000,50000
2013/08/23,0,2000,-189530,-187530
2013/08/26,0,53000,-24000,29000
2013/08/27,0,141000,-283000,-142000
2013/08/28,0,114000,-59000,55000
2013/08/29,0,182000,-90000,92000
2013/08/30,0,111000,-54000,57000
2013/09/02,0,65000,-49000,16000
2013/09/03,0,184000,-115000,69000
2013/09/04,0,295000,-8000,287000
2013/09/05,0,25000,-24000,1000
2013/09/06,0,99000,-107000,-8000
2013/09/09,0,17000,-154000,-137000
2013/09/10,0,182000,-99000,83000
2013/09/11,0,187000,-60010,126990
2013/09/12,0,69000,-59860,9140
2013/09/13,0,170330,-134910,35420
2013/09/16,0,344000,-70550,273450
2013/09/17,0,100000,-136000,-36000
2013/09/18,0,445316,-115000,330316
2013/09/19,0,0,0,0
2013/09/20,0,0,0,0
2013/09/23,0,158000,-34000,124000
2013/09/24,0,91000,-158000,-67000
2013/09/25,0,42000,-94100,-52100
2013/09/26,0,84000,-299330,-215330
2013/09/27,0,192624,-236290,-43666
2013/09/30,0,234000,-126000,108000
2013/10/01,0,956000,-430000,526000
2013/10/02,0,549000,-430163,118837
2013/10/03,0,641000,-265000,376000
2013/10/04,0,234000,-415000,-181000
2013/10/07,0,442000,-127000,315000
2013/10/08,0,226000,-590000,-364000
2013/10/09,0,118000,-221000,-103000
2013/10/10,0,0,0,0
2013/10/11,0,134000,-126000,8000
2013/10/14,0,53000,-260000,-207000
2013/10/15,0,100000,-390000,-290000
2013/10/16,0,195000,-300000,-105000
2013/10/17,0,372000,-304000,68000
2013/10/18,0,47000,-162000,-115000
2013/10/21,0,23000,-461000,-438000
2013/10/22,0,126000,-49000,77000
2013/10/23,0,163000,-274000,-111000
2013/10/24,0,40000,-53000,-13000
2013/10/25,0,653000,-385530,267470
2013/10/28,0,94000,-194000,-100000
2013/10/29,0,115000,-30000,85000
2013/10/30,0,163000,-201000,-38000
2013/10/31,0,42000,-128000,-86000
2013/11/01,0,36000,-258000,-222000
2013/11/04,0,133000,-94486,38514
2013/11/05,0,66000,-58000,8000
2013/11/06,0,111000,-38000,73000
2013/11/07,0,190000,-52000,138000
2013/11/08,0,28000,-592000,-564000
2013/11/11,0,206000,-7000,199000
2013/11/12,0,257000,-142000,115000
2013/11/13,0,98000,-36000,62000
2013/11/14,0,83000,-18000,65000
2013/11/15,0,118000,-199000,-81000
2013/11/18,0,116000,-149000,-33000
2013/11/19,0,358000,-63000,295000
2013/11/20,0,419000,-64000,355000
2013/11/21,0,130000,-94000,36000
2013/11/22,0,13000,-184000,-171000
2013/11/25,0,233000,0,233000
2013/11/26,0,130000,-9000,121000
2013/11/27,0,65000,-15000,50000
2013/11/28,0,210000,-250000,-40000
2013/11/29,0,97000,-13000,84000
2013/12/02,0,7000,-77000,-70000
2013/12/03,0,90000,-132000,-42000
2013/12/04,0,19000,-118000,-99000
2013/12/05,0,114000,-109000,5000
2013/12/06,0,23000,-77000,-54000
2013/12/09,0,376000,-100000,276000
2013/12/10,0,68000,-213000,-145000
2013/12/11,0,13000,-402000,-389000
2013/12/12,0,341100,-88000,253100
2013/12/13,0,26000,-409000,-383000
2013/12/16,0,79000,-103000,-24000
2013/12/17,0,62000,-114000,-52000
2013/12/18,0,229060,-23000,206060
2013/12/19,0,28000,-218000,-190000
2013/12/20,0,155000,-24000,131000
2013/12/23,0,102000,-13000,89000
2013/12/24,0,31000,-84000,-53000
2013/12/25,0,35000,-67000,-32000
2013/12/26,0,54000,-1000,53000
2013/12/27,0,78000,-14000,64000
2013/12/30,0,152000,-34000,118000
2013/12/31,0,309000,-124000,185000
2014/01/02,0,211000,-129000,82000
2014/01/03,0,15000,-228000,-213000
2014/01/06,0,37000,-124000,-87000
2014/01/07,0,44000,-66000,-22000
2014/01/08,0,81000,-3000,78000
2014/01/09,0,28000,-138000,-110000
2014/01/10,0,31000,-8000,23000
2014/01/13,0,10000,-38000,-28000
2014/01/14,0,38000,-24000,14000
2014/01/15,0,87000,-125000,-38000
2014/01/16,0,250000,-113000,137000
2014/01/17,0,57000,-86000,-29000
2014/01/20,0,22000,-8000,14000
2014/01/21,0,3000,-4015,-1015
2014/01/22,0,29000,0,29000
2014/01/23,0,33000,-90000,-57000
2014/01/24,0,40000,-15000,25000
2014/01/27,0,15000,-209000,-194000
2014/02/05,0,188000,-65000,123000
2014/02/06,0,69000,-29000,40000
2014/02/07,0,4000,-140180,-136180
2014/02/10,0,40000,-30000,10000
2014/02/11,0,7000,-74000,-67000
2014/02/12,0,46000,-29000,17000
2014/02/13,0,30000,-80000,-50000
2014/02/14,0,56000,-21000,35000
2014/02/17,0,46000,-23000,23000
2014/02/18,0,44000,-1000,43000
2014/02/19,0,2000,-43000,-41000
2014/02/20,0,21000,-63000,-42000
2014/02/21,0,82000,-78000,4000
2014/02/24,0,41000,-25000,16000
2014/02/25,0,46000,-15000,31000
2014/02/26,0,47000,-1000,46000
2014/02/27,0,30000,-44000,-14000
2014/03/03,0,10000,-248216,-238216
2014/03/04,0,7000,-23000,-16000
2014/03/05,0,59000,-1100,57900
2014/03/06,0,190000,-300000,-110000
2014/03/07,0,46000,-202000,-156000
2014/03/10,0,0,-80000,-80000
2014/03/11,0,19000,-22000,-3000
2014/03/12,0,14000,-449000,-435000
2014/03/13,0,52000,-232000,-180000
2014/03/14,0,26000,-99000,-73000
2014/03/17,0,128000,-87000,41000
2014/03/18,0,41000,-5000,36000
2014/03/19,0,33000,-39366,-6366
2014/03/20,0,10000,-63000,-53000
2014/03/21,0,36000,-7000,29000
2014/03/24,0,22000,-94886,-72886
2014/03/25,0,1000,-41000,-40000
2014/03/26,0,49000,-43000,6000
2014/03/27,0,15000,-98000,-83000
2014/03/28,0,0,-107000,-107000
2014/03/31,0,170000,-33000,137000
2014/04/01,0,141000,-270600,-129600
2014/04/02,0,67000,0,67000
2014/04/03,0,14000,0,14000
2014/04/07,0,2000,-28000,-26000
2014/04/08,0,20000,0,20000
2014/04/09,0,0,-41000,-41000
2014/04/10,0,0,-4000,-4000
2014/04/11,0,0,-93000,-93000
2014/04/14,0,61000,-32000,29000
2014/04/15,0,0,-31000,-31000
2014/04/16,0,8000,-418720,-410720
2014/04/17,0,9000,-43000,-34000
2014/04/18,0,48000,-41569,6431
2014/04/21,0,0,-43000,-43000
2014/04/22,0,30000,0,30000
2014/04/23,0,100000,-92000,8000
2014/04/24,0,0,-16098,-16098
2014/04/25,0,14000,-216000,-202000
2014/04/28,0,44000,0,44000
2014/04/29,0,62000,-141000,-79000
2014/04/30,0,0,-159000,-159000
2014/05/02,0,40000,-22000,18000
2014/05/05,0,62000,-49000,13000
2014/05/06,0,0,-225562,-225562
2014/05/07,0,140000,-233000,-93000
2014/05/08,0,0,-59000,-59000
2014/05/09,0,36000,-233000,-197000
2014/05/12,0,0,-173000,-173000
2014/05/13,0,31000,-50000,-19000
2014/05/14,0,172000,-16000,156000
2014/05/15,0,100000,0,100000
2014/05/16,0,15000,-36000,-21000
2014/05/19,0,0,-50823,-50823
2014/05/20,0,73000,-14000,59000
2014/05/21,0,20000,-22000,-2000
2014/05/22,0,212365,-30000,182365
2014/05/23,0,11000,-1000,10000
2014/05/26,0,62000,-54000,8000
2014/05/27,0,0,0,0
2014/05/28,0,106000,-63000,43000
2014/05/29,0,30000,-85000,-55000
2014/05/30,0,149000,-93000,56000
2014/06/03,0,1053000,-12000,1041000
2014/06/04,0,20000,-21000,-1000
2014/06/05,0,698000,-145000,553000
2014/06/06,0,50000,0,50000
2014/06/09,0,11000,0,11000
2014/06/10,0,217000,-24000,193000
2014/06/11,0,239000,-102000,137000
2014/06/12,0,21000,-6000,15000
2014/06/13,0,370,0,370
2014/06/16,0,15,-11000,-10985
2014/06/17,0,103000,-3000,100000
2014/06/18,0,90000,-1115000,-1025000
2014/06/19,0,21000,-150000,-129000
2014/06/20,0,13000,0,13000
2014/06/23,0,42000,-117000,-75000
2014/06/24,0,63000,-130000,-67000
2014/06/25,0,109000,-19000,90000
2014/06/26,0,86000,0,86000
2014/06/27,0,3000,-12000,-9000
2014/06/30,0,68000,-10000,58000
2014/07/01,0,85000,-192,84808
2014/07/02,0,858000,-2000,856000
2014/07/03,0,78000,-64299,13701
2014/07/04,0,2000,-1205000,-1203000
2014/07/07,0,0,-76000,-76000
2014/07/08,0,155000,-32000,123000
2014/07/09,0,0,-70000,-70000
2014/07/10,0,118000,-29000,89000
2014/07/11,0,45000,-3000,42000
2014/07/14,0,0,-2000,-2000
2014/07/15,0,0,-833000,-833000
2014/07/16,0,31000,-286480,-255480
2014/07/17,0,0,-23000,-23000
2014/07/18,0,6000,-26000,-20000
2014/07/21,0,11000,0,11000
2014/07/22,0,103000,-9000,94000
2014/07/23,0,0,0,0
2014/07/24,0,25000,-54000,-29000
2014/07/25,0,11000,-31000,-20000
2014/07/28,0,88000,-50000,38000
2014/07/29,0,263000,-100000,163000
2014/07/30,0,56000,-7000,49000
2014/07/31,0,12000,-52000,-40000
2014/08/01,0,81000,-45000,36000
2014/08/04,0,40000,-32000,8000
2014/08/05,0,0,-216000,-216000
2014/08/06,0,0,-114000,-114000
2014/08/07,0,2000,-66000,-64000
2014/08/08,0,3000,-13000,-10000
2014/08/11,0,0,0,0
2014/08/12,0,119000,-239000,-120000
2014/08/13,0,0,-107000,-107000
2014/08/14,0,10000,-184000,-174000
2014/08/15,0,74000,-35000,39000
2014/08/18,0,20000,-48000,-28000
2014/08/19,0,0,-116000,-116000
2014/08/20,0,64000,-212000,-148000
2014/08/21,0,0,-60000,-60000
2014/08/22,0,68000,-29000,39000
2014/08/25,0,28000,0,28000
2014/08/26,0,47000,-530,46470
2014/08/27,0,15000,0,15000
2014/08/28,0,28000,0,28000
2014/08/29,0,22000,-45000,-23000
2014/09/01,0,32000,-13000,19000
2014/09/02,0,16000,-86000,-70000
2014/09/03,0,0,-38000,-38000
2014/09/04,0,0,-51000,-51000
2014/09/05,0,20000,0,20000
2014/09/09,0,3000,0,3000
2014/09/10,0,1000,-762000,-761000
2014/09/11,0,0,-4000,-4000
2014/09/12,0,0,-11000,-11000
2014/09/15,0,0,0,0
2014/09/16,0,11000,0,11000
2014/09/17,0,182000,-45000,137000
2014/09/18,0,1000,0,1000
2014/09/19,0,22000,-68,21932
2014/09/22,0,4000,-19000,-15000
2014/09/23,0,150000,-3000,147000
2014/09/24,0,106000,-30000,76000
2014/09/25,0,0,-79000,-79000
2014/09/26,0,0,-1000,-1000
2014/09/29,0,0,0,0
2014/09/30,0,48000,0,48000
2014/10/01,0,0,-67000,-67000
2014/10/02,0,21000,-6000,15000
2014/10/03,0,3190,-99000,-95810
2014/10/06,0,0,-68000,-68000
2014/10/07,0,2000,-15000,-13000
2014/10/08,0,9000,0,9000
2014/10/09,0,27000,-11000,16000
2014/10/13,0,107000,0,107000
2014/10/14,0,2000,-6000,-4000
2014/10/15,0,0,-182000,-182000
2014/10/16,0,15000,-17000,-2000
2014/10/17,0,73000,-34000,39000
2014/10/20,0,0,-71000,-71000
2014/10/21,0,0,-5000,-5000
2014/10/22,0,0,-15000,-15000
2014/10/23,0,0,0,0
2014/10/24,0,15000,-13000,2000
2014/10/27,0,48000,-14000,34000
2014/10/28,0,71000,-42000,29000
2014/10/29,0,14000,0,14000
2014/10/30,0,35000,-11000,24000
2014/10/31,0,7000,-5000,2000
2014/11/03,0,107000,-4000,103000
2014/11/04,0,3000,0,3000
2014/11/05,0,48000,-50000,-2000
2014/11/06,0,199000,-470,198530
2014/11/07,0,18000,-4000,14000
2014/11/10,0,89000,0,89000
2014/11/11,0,10000,0,10000
2014/11/12,0,0,-25000,-25000
2014/11/13,0,0,-12000,-12000
2014/11/14,0,7000,-63000,-56000
2014/11/17,0,11000,-9000,2000
2014/11/18,0,138000,0,138000
2014/11/19,0,91000,-8000,83000
2014/11/20,0,12000,0,12000
2014/11/21,0,0,-11000,-11000
2014/11/24,0,116000,-19000,97000
2014/11/25,0,0,-26000,-26000
2014/11/26,0,20000,0,20000
2014/11/27,0,5000,0,5000
2014/11/28,0,0,-5000,-5000
2014/12/01,0,38000,0,38000
2014/12/02,0,6000,0,6000
2014/12/03,0,0,0,0
2014/12/04,0,0,-37214,-37214
2014/12/05,0,0,-16405,-16405
2014/12/08,0,0,-4000,-4000
2014/12/09,0,8000,0,8000
2014/12/10,0,0,0,0
2014/12/11,0,0,0,0
2014/12/12,0,2000,-5000,-3000
2014/12/15,0,34000,-30000,4000
2014/12/16,0,223000,-2000,221000
2014/12/17,0,286000,-189000,97000
2014/12/18,0,0,-19000,-19000
2014/12/19,0,89000,-128000,-39000
2014/12/22,0,120000,-16000,104000
2014/12/23,0,70000,0,70000
2014/12/24,0,230000,-4000,226000
2014/12/25,0,21000,0,21000
2014/12/26,0,30000,-30000,0
2014/12/29,0,36000,0,36000
2014/12/30,0,10000,-248000,-238000
2014/12/31,0,85000,-151000,-66000
2015/01/01,0,0,0,0
2015/01/02,0,0,0,0
2015/01/05,0,210000,-81000,129000
2015/01/06,0,50000,-49000,1000
2015/01/07,0,275000,-74000,201000
2015/01/08,0,344000,-60000,284000
2015/01/09,0,132000,0,132000
2015/01/12,0,8000,0,8000
2015/01/13,0,154000,-80000,74000
2015/01/14,0,2000,-134000,-132000
2015/01/15,0,11000,-70000,-59000
2015/01/16,0,5000,-118163,-113163
2015/01/19,0,72000,-19000,53000
2015/01/20,0,205000,-69000,136000
2015/01/21,0,80000,-71000,9000
2015/01/22,0,0,-120000,-120000
2015/01/23,0,0,-150000,-150000
2015/01/26,0,20000,0,20000
2015/01/27,0,0,-40000,-40000
2015/01/28,0,0,0,0
2015/01/29,0,20000,-245000,-225000
2015/01/30,0,7000,-11000,-4000
2015/02/02,0,111000,0,111000
2015/02/03,0,1160000,-202000,958000
2015/02/04,0,186000,-121000,65000
2015/02/05,0,6000,-253000,-247000
2015/02/06,0,16000,-75000,-59000
2015/02/09,0,300000,-142000,158000
2015/02/10,0,104000,-90000,14000
2015/02/11,0,15000,-2000,13000
2015/02/12,0,0,-24000,-24000
2015/02/13,0,14000,-41000,-27000
2015/02/16,0,0,0,0
2015/02/17,0,0,0,0
2015/02/18,0,0,0,0
2015/02/19,0,0,0,0
2015/02/20,0,0,0,0
2015/02/23,0,0,0,0
2015/02/24,0,29000,-46000,-17000
2015/02/25,0,54000,-133000,-79000
2015/02/26,0,44000,0,44000
2015/02/27,0,0,0,0
2015/03/02,0,41000,-442000,-401000
2015/03/03,0,0,-280939,-280939
2015/03/04,0,0,-339000,-339000
2015/03/05,0,80000,-169245,-89245
2015/03/06,0,0,0,0
2015/03/09,0,30000,-1788,28212
2015/03/10,0,30000,-50000,-20000
2015/03/11,0,0,-11000,-11000
2015/03/12,0,2000,-4000,-2000
2015/03/13,0,0,0,0
2015/03/16,0,50000,-70000,-20000
2015/03/17,0,5000,-140246,-135246
2015/03/18,0,2000,-69000,-67000
2015/03/19,0,57000,-31000,26000
2015/03/20,0,2000,0,2000
2015/03/23,0,11000,-76000,-65000
2015/03/24,0,11000,-6000,5000
2015/03/25,0,21000,-160000,-139000
2015/03/26,0,18000,-32000,-14000
2015/03/27,0,33000,-2000,31000
2015/03/30,0,22000,-85000,-63000
2015/03/31,0,5000,-2000,3000
2015/04/01,0,0,-62000,-62000
2015/04/02,0,0,-12000,-12000
2015/04/03,0,0,0,0
2015/04/06,0,0,0,0
2015/04/07,0,263000,-27000,236000
2015/04/08,0,718000,-53000,665000
2015/04/09,0,0,-409000,-409000
2015/04/10,0,2000,-7000,-5000
2015/04/13,0,208000,-12000,196000
2015/04/14,0,204000,0,204000
2015/04/15,0,249000,-202000,47000
2015/04/16,0,487000,-226000,261000
2015/04/17,0,120000,-68000,52000
2015/04/20,0,106000,-82000,24000
2015/04/21,0,62000,0,62000
2015/04/22,0,86000,-321000,-235000
2015/04/23,0,277000,-70000,207000
2015/04/24,0,363000,-12000,351000
2015/04/27,0,232000,-363000,-131000
2015/04/28,0,102000,-296000,-194000
2015/04/29,0,752000,-224000,528000
2015/04/30,0,304000,-120000,184000
2015/05/01,0,0,0,0
2015/05/04,0,18000,-12000,6000
2015/05/05,0,178000,-40000,138000
2015/05/06,0,128000,-71000,57000
2015/05/07,0,110000,-91000,19000
2015/05/08,0,124000,-47000,77000
2015/05/11,0,79000,-360000,-281000
2015/05/12,0,179000,-381000,-202000
2015/05/13,0,14000,-10000,4000
2015/05/14,0,63000,-460000,-397000
2015/05/15,0,2000,-399000,-397000
2015/05/18,0,0,-309000,-309000
2015/05/19,0,0,-121000,-121000
2015/05/20,0,0,-434000,-434000
2015/05/21,0,14000,-244000,-230000
2015/05/22,0,0,-41000,-41000
2015/05/25,0,0,-52000,-52000
2015/05/26,0,1000,-10000,-9000
2015/05/27,0,0,0,0
2015/05/28,0,20000,-4000,16000
2015/05/29,0,0,-5000,-5000
2015/06/01,0,0,0,0
2015/06/02,0,0,-92000,-92000
2015/06/03,0,0,-24000,-24000
2015/06/04,0,0,-22000,-22000
2015/06/05,0,0,-19000,-19000
2015/06/08,0,0,0,0
2015/06/09,0,0,-9000,-9000
2015/06/10,0,4000,0,4000
2015/06/11,0,3000,-9000,-6000
2015/06/12,0,0,0,0
2015/06/15,0,0,0,0
2015/06/16,0,0,0,0
2015/06/17,0,65000,0,65000
2015/06/18,0,18000,0,18000
2015/06/19,0,0,0,0
2015/06/22,0,109000,0,109000
2015/06/23,0,0,-13000,-13000
2015/06/24,0,10000,-13000,-3000
2015/06/25,0,56000,0,56000
2015/06/26,0,62000,0,62000
2015/06/29,0,26000,-1000,25000
2015/06/30,0,456000,-6000,450000
2015/07/01,0,2000,-30000,-28000
2015/07/02,0,24000,-4000,20000
2015/07/03,0,16000,-2000,14000
2015/07/06,0,4000,0,4000
2015/07/07,0,40000,0,40000
2015/07/08,0,118000,-10000,108000
2015/07/09,0,95000,-5000,90000
2015/07/10,0,0,0,0
2015/07/13,0,87000,-33000,54000
2015/07/14,0,0,-144000,-144000
2015/07/15,0,45000,-12000,33000
2015/07/16,0,14000,-16000,-2000
2015/07/17,0,1000,0,1000
2015/07/20,0,642000,-2000,640000
2015/07/21,0,21000,-539000,-518000
2015/07/22,0,63000,-57000,6000
2015/07/23,0,137000,-126000,11000
2015/07/24,0,42000,-238000,-196000
2015/07/27,0,140000,-16000,124000
2015/07/28,0,244000,-8000,236000
2015/07/29,0,70000,-143000,-73000
2015/07/30,0,19000,-27000,-8000
2015/07/31,0,9000,-510000,-501000
2015/08/03,0,7000,-76000,-69000
2015/08/04,0,734000,-69000,665000
2015/08/05,0,248000,0,248000
2015/08/06,0,190000,-21000,169000
2015/08/07,0,125000,-8000,117000
2015/08/10,0,201000,-34000,167000
2015/08/11,0,76000,-226000,-150000
2015/08/12,0,370000,-61000,309000
2015/08/13,0,107000,0,107000
2015/08/14,0,17000,-35000,-18000
2015/08/17,0,66000,-11000,55000
2015/08/18,0,28000,-214000,-186000
2015/08/19,0,186000,-144000,42000
2015/08/20,0,2000,-62000,-60000
2015/08/21,0,10000,-30000,-20000
2015/08/24,0,165000,-158000,7000
2015/08/25,0,49000,-37000,12000
2015/08/26,0,40000,-109000,-69000
2015/08/27,0,58000,-235000,-177000
2015/08/28,0,103000,-883000,-780000
2015/08/31,0,55000,-297000,-242000
2015/09/01,0,46000,-224658,-178658
2015/09/02,0,32000,-93000,-61000
2015/09/03,0,0,-102000,-102000
2015/09/04,0,5000,-140000,-135000
2015/09/07,0,12000,-3000,9000
2015/09/08,0,0,-45000,-45000
2015/09/09,0,138000,-5000,133000
2015/09/10,0,5000,-69000,-64000
2015/09/11,0,18000,-9000,9000
2015/09/14,0,0,-59000,-59000
2015/09/15,0,9000,0,9000
2015/09/16,0,6000,-33000,-27000
2015/09/17,0,75000,-6000,69000
2015/09/18,0,0,-20000,-20000
2015/09/21,0,0,-106000,-106000
2015/09/22,0,8000,-6000,2000
2015/09/23,0,25000,-36000,-11000
2015/09/24,0,57000,-70000,-13000
2015/09/25,0,57000,-68000,-11000
2015/09/28,0,0,0,0
2015/09/29,0,0,0,0
2015/09/30,0,138000,-38000,100000
2015/10/01,0,102000,-55000,47000
2015/10/02,0,4000,-10000,-6000
2015/10/05,0,0,-34000,-34000
2015/10/06,0,166000,-6000,160000
2015/10/07,0,148000,-42000,106000
2015/10/08,0,40000,-115000,-75000
2015/10/09,0,0,0,0
2015/10/12,0,542000,-54000,488000
2015/10/13,0,158000,-336000,-178000
2015/10/14,0,59000,-162000,-103000
2015/10/15,0,19000,-89000,-70000
2015/10/16,0,6000,-100000,-94000
2015/10/19,0,17000,-18000,-1000
2015/10/20,0,28000,-17000,11000
2015/10/21,0,76000,-1000,75000
2015/10/22,0,4000,-3000,1000
2015/10/23,0,1000,-6000,-5000
2015/10/26,0,19000,-12000,7000
2015/10/27,0,0,-5000,-5000
2015/10/28,0,0,-37000,-37000
2015/10/29,0,30000,0,30000
2015/10/30,0,48000,0,48000
2015/11/02,0,0,-66000,-66000
2015/11/03,0,107000,0,107000
2015/11/04,0,119000,-48000,71000
2015/11/05,0,8000,-114000,-106000
2015/11/06,0,5000,-29000,-24000
2015/11/09,0,16000,-4000,12000
2015/11/10,0,3000,-1000,2000
2015/11/11,0,5000,-60000,-55000
2015/11/12,0,1000,-33000,-32000
2015/11/13,0,2000,-26000,-24000
2015/11/16,0,25000,-12000,13000
2015/11/17,0,22000,-21000,1000
2015/11/18,0,140000,-4000,136000
2015/11/19,0,14000,-27000,-13000
2015/11/20,0,6000,0,6000
2015/11/23,0,0,-2000,-2000
2015/11/24,0,0,-7000,-7000
2015/11/25,0,2000,0,2000
2015/11/26,0,21000,-2000,19000
2015/11/27,0,2000,-21000,-19000
2015/11/30,0,29000,-9000,20000
2015/12/01,0,24000,-26000,-2000
2015/12/02,0,32000,-21000,11000
2015/12/03,0,9000,-25000,-16000
2015/12/04,0,4000,-3000,1000
2015/12/07,0,7000,-5000,2000
2015/12/08,0,4000,-3000,1000
2015/12/09,0,5000,-2000,3000
2015/12/10,0,3000,-2000,1000
2015/12/11,0,20000,-6000,14000
2015/12/14,0,13000,-31000,-18000
2015/12/15,0,25000,-136000,-111000
2015/12/16,0,0,-5000,-5000
2015/12/17,0,9000,-24000,-15000
2015/12/18,0,12000,-13000,-1000
2015/12/21,0,14000,-14000,0
2015/12/22,0,15000,-14000,1000
2015/12/23,0,15000,-1000,14000
2015/12/24,0,20000,0,20000
2015/12/25,0,5000,-4000,1000
2015/12/28,0,0,0,0
2015/12/29,0,0,-1000,-1000
2015/12/30,0,0,-81000,-81000
2015/12/31,0,45000,-54000,-9000
2016/01/01,0,0,0,0
2016/01/04,0,116000,-40000,76000
2016/01/05,0,16000,-26000,-10000
2016/01/06,0,92000,-30000,62000
2016/01/07,0,166000,-83000,83000
2016/01/08,0,45000,-40000,5000
2016/01/11,0,43000,-22000,21000
2016/01/12,0,18000,-13000,5000
2016/01/13,0,6000,-32000,-26000
2016/01/14,0,0,-11000,-11000
2016/01/15,0,31294,-142000,-110706
2016/01/18,0,101000,-6000,95000
2016/01/19,0,18000,-32000,-14000
2016/01/20,0,0,-91000,-91000
2016/01/21,0,87000,-2000,85000
2016/01/22,0,0,-92000,-92000
2016/01/25,0,37000,-17000,20000
2016/01/26,0,0,-39000,-39000
2016/01/27,0,0,-8000,-8000
2016/01/28,0,35000,-35080,-80
2016/01/29,0,6000,0,6000
2016/02/01,0,36000,-129000,-93000
2016/02/02,0,0,-2214,-2214
2016/02/03,0,0,-1000,-1000
2016/02/04,0,0,0,0
2016/02/05,0,0,0,0
2016/02/08,0,0,0,0
2016/02/09,0,0,0,0
2016/02/10,0,0,0,0
2016/02/11,0,0,0,0
2016/02/12,0,0,0,0
2016/02/15,0,0,0,0
2016/02/16,0,47000,0,47000
2016/02/17,0,118000,-4000,114000
2016/02/18,0,3000,-4000,-1000
2016/02/19,0,0,-2000,-2000
2016/02/22,0,17000,-66000,-49000
2016/02/23,0,45000,-28000,17000
2016/02/24,0,8000,-4000,4000
2016/02/25,0,0,-35000,-35000
2016/02/26,0,90000,0,90000
2016/02/29,0,0,0,0
2016/03/01,0,79000,-40000,39000
2016/03/02,0,52000,-7000,45000
2016/03/03,0,32000,-39000,-7000
2016/03/04,0,103000,-40000,63000
2016/03/07,0,111000,-229000,-118000
2016/03/08,0,385000,-75000,310000
2016/03/09,0,107000,-42000,65000
2016/03/10,0,54000,-18000,36000
2016/03/11,0,42000,0,42000
2016/03/14,0,334000,-4000,330000
2016/03/15,0,120000,-160000,-40000
2016/03/16,0,58000,-193000,-135000
2016/03/17,0,426000,-32000,394000
2016/03/18,0,344000,-94000,250000
2016/03/21,0,111000,-145000,-34000
2016/03/22,0,443000,-264000,179000
2016/03/23,0,683000,-198000,485000
2016/03/24,0,112000,-49000,63000
2016/03/25,0,30000,-191000,-161000
2016/03/28,0,14000,0,14000
2016/03/29,0,8000,-100000,-92000
2016/03/30,0,305000,-162000,143000
2016/03/31,0,467000,-80275,386725
2016/04/01,0,104000,-180000,-76000
2016/04/04,0,0,0,0
2016/04/05,0,0,0,0
2016/04/06,0,100000,-233000,-133000
2016/04/07,0,11000,-80000,-69000
2016/04/08,0,158000,-59000,99000
2016/04/11,0,74000,-17000,57000
2016/04/12,0,124000,-204000,-80000
2016/04/13,0,132000,-126000,6000
2016/04/14,0,240000,-110000,130000
2016/04/15,0,405000,-50000,355000
2016/04/18,0,247000,-33000,214000
2016/04/19,0,357000,-21000,336000
2016/04/20,0,730000,-241000,489000
2016/04/21,0,601000,-109000,492000
2016/04/22,0,180000,-290000,-110000
2016/04/25,0,479000,-200000,279000
2016/04/26,0,87000,-325000,-238000
2016/04/27,0,122000,-176000,-54000
2016/04/28,0,164000,-1205000,-1041000
2016/04/29,0,125000,-587000,-462000
2016/05/02,0,0,0,0
2016/05/03,0,50000,-329000,-279000
2016/05/04,0,110000,-389000,-279000
2016/05/05,0,151000,-171000,-20000
2016/05/06,0,30000,-549000,-519000
2016/05/09,0,0,-1361000,-1361000
2016/05/10,0,52000,-477000,-425000
2016/05/11,0,40000,-894000,-854000
2016/05/12,0,11000,-100000,-89000
2016/05/13,0,429000,-410000,19000
2016/05/16,0,183000,-107000,76000
2016/05/17,0,61000,-234000,-173000
2016/05/18,0,10000,-162000,-152000
2016/05/19,0,380000,-152000,228000
2016/05/20,0,70000,-260000,-190000
2016/05/23,0,208000,-73000,135000
2016/05/24,0,72000,0,72000
2016/05/25,0,212000,0,212000
2016/05/26,0,34000,0,34000
2016/05/27,0,0,-6000,-6000
2016/05/30,0,100000,-57000,43000
2016/05/31,0,1000,-101000,-100000
2016/06/01,0,0,-26000,-26000
2016/06/02,0,15000,-18000,-3000
2016/06/03,0,50000,-1000,49000
2016/06/06,0,0,-59000,-59000
2016/06/07,0,295000,-403000,-108000
2016/06/08,0,754000,-167000,587000
2016/06/09,0,0,0,0
2016/06/10,0,0,0,0
2016/06/13,0,6000,-256000,-250000
2016/06/14,0,8000,-45000,-37000
2016/06/15,0,290000,-150000,140000
2016/06/16,0,131000,-22000,109000
2016/06/17,0,35000,-50000,-15000
2016/06/20,0,103000,-91000,12000
2016/06/21,0,15000,-54000,-39000
2016/06/22,0,0,-76000,-76000
2016/06/23,0,0,-311000,-311000
2016/06/24,0,182000,-77000,105000
2016/06/27,0,0,-66000,-66000
2016/06/28,0,36000,-220000,-184000
2016/06/29,0,263000,0,263000
2016/06/30,0,230000,-58000,172000
2016/07/01,0,496000,-50000,446000
2016/07/04,0,224000,-50000,174000
2016/07/05,0,2253000,-189000,2064000
2016/07/06,0,101000,-1022000,-921000
2016/07/07,0,80000,-77000,3000
2016/07/08,0,0,0,0
2016/07/11,0,69000,-138000,-69000
2016/07/12,0,27000,-1302000,-1275000
2016/07/13,0,300000,-59000,241000
2016/07/14,0,0,-23000,-23000
2016/07/15,0,0,-40000,-40000
2016/07/18,0,287000,-60000,227000
2016/07/19,0,107000,-8000,99000
2016/07/20,0,29000,-109000,-80000
2016/07/21,0,178000,-8000,170000
2016/07/22,0,3000,-91000,-88000
2016/07/25,0,40000,-121000,-81000
2016/07/26,0,0,-4000,-4000
2016/07/27,0,34000,-269000,-235000
2016/07/28,0,2000,-212000,-210000
2016/07/29,0,391000,0,391000
2016/08/01,0,24000,-31000,-7000
2016/08/02,0,0,-2000,-2000
2016/08/03,0,25000,-52000,-27000
2016/08/04,0,0,-139000,-139000
2016/08/05,0,206000,-18000,188000
2016/08/08,0,14000,-85000,-71000
2016/08/09,0,61000,0,61000
2016/08/10,0,218000,-18000,200000
2016/08/11,0,154000,-159000,-5000
2016/08/12,0,766000,-2000,764000
2016/08/15,0,5000,-49000,-44000
2016/08/16,0,59000,-127000,-68000
2016/08/17,0,78000,-62000,16000
2016/08/18,0,32000,-17000,15000
2016/08/19,0,161000,-156000,5000
2016/08/22,0,52000,-95000,-43000
2016/08/23,0,32000,-368000,-336000
2016/08/24,0,127000,0,127000
2016/08/25,0,115000,-12000,103000
2016/08/26,0,41000,-107000,-66000
2016/08/29,0,44000,-151000,-107000
2016/08/30,0,4000,-3000,1000
2016/08/31,0,2000,-87000,-85000
2016/09/01,0,120000,-189000,-69000
2016/09/02,0,63000,-212000,-149000
2016/09/05,0,71000,-137000,-66000
2016/09/06,0,20000,-198000,-178000
2016/09/07,0,81000,-309000,-228000
2016/09/08,0,17000,-86000,-69000
2016/09/09,0,2000,-150000,-148000
2016/09/12,0,152000,-90000,62000
2016/09/13,0,32000,-209000,-177000
2016/09/14,0,35000,-105000,-70000
2016/09/15,0,0,0,0
2016/09/16,0,0,0,0
2016/09/19,0,5000,-173000,-168000
2016/09/20,0,5000,-1000,4000
2016/09/21,0,247000,-282000,-35000
2016/09/22,0,45000,-98000,-53000
2016/09/23,0,76000,0,76000
2016/09/26,0,0,-5000,-5000
2016/09/27,0,0,0,0
2016/09/28,0,0,0,0
2016/09/29,0,14000,0,14000
2016/09/30,0,26000,-30000,-4000
2016/10/03,0,2000,-5000,-3000
2016/10/04,0,2000,-5000,-3000
2016/10/05,0,1000,-12000,-11000
2016/10/06,0,150000,-622000,-472000
2016/10/07,0,850000,-403000,447000
2016/10/10,0,0,0,0
2016/10/11,0,608000,-22000,586000
2016/10/12,0,644000,-231000,413000
2016/10/13,0,322000,-540000,-218000
2016/10/14,0,358000,-8000,350000
2016/10/17,0,40000,-541000,-501000
2016/10/18,0,164000,-179000,-15000
2016/10/19,0,916000,-543000,373000
2016/10/20,0,977000,-526000,451000
2016/10/21,0,1158000,-135000,1023000
2016/10/24,0,43000,-40000,3000
2016/10/25,0,426000,-531000,-105000
2016/10/26,0,256000,-258000,-2000
2016/10/27,0,496000,-183000,313000
2016/10/28,0,34000,-143000,-109000
2016/10/31,0,154000,-52000,102000
2016/11/01,0,80000,-437000,-357000
2016/11/02,0,181000,-310000,-129000
2016/11/03,0,62000,-415000,-353000
2016/11/04,0,147000,-87000,60000
2016/11/07,0,473000,-7000,466000
2016/11/08,0,488000,-83000,405000
2016/11/09,0,360000,-527000,-167000
2016/11/10,0,881000,-96000,785000
2016/11/11,0,298000,-50000,248000
2016/11/14,0,109000,-333000,-224000
2016/11/15,0,251000,-52000,199000
2016/11/16,0,624000,-416000,208000
2016/11/17,0,320000,-280000,40000
2016/11/18,0,614000,-36000,578000
2016/11/21,0,104000,-216000,-112000
2016/11/22,0,575000,-44000,531000
2016/11/23,0,925000,-52000,873000
2016/11/24,0,329000,-63000,266000
2016/11/25,0,82000,-40000,42000
2016/11/28,0,299000,-23740,275260
2016/11/29,0,227000,-176000,51000
2016/11/30,0,235000,-62000,173000
2016/12/01,0,315000,-56000,259000
2016/12/02,0,321000,-175000,146000
2016/12/05,0,158000,-249000,-91000
2016/12/06,0,50000,-128000,-78000
2016/12/07,0,60000,-110000,-50000
2016/12/08,0,160000,-2000,158000
2016/12/09,0,119000,-123000,-4000
2016/12/12,0,111000,-153000,-42000
2016/12/13,0,120000,-274000,-154000
2016/12/14,0,20000,-321000,-301000
2016/12/15,0,142000,-440000,-298000
2016/12/16,0,233000,-314000,-81000
2016/12/19,0,55000,-118000,-63000
2016/12/20,0,83000,-165000,-82000
2016/12/21,0,449000,-79000,370000
2016/12/22,0,158000,-326000,-168000
2016/12/23,0,208000,-348000,-140000
2016/12/26,0,154000,-320000,-166000
2016/12/27,0,157000,-115000,42000
2016/12/28,0,230000,-37000,193000
2016/12/29,0,117000,-10000,107000
2016/12/30,0,640000,-268000,372000
2017/01/02,0,0,0,0
2017/01/03,0,310000,-10000,300000
2017/01/04,0,207000,-272000,-65000
2017/01/05,0,602000,-216000,386000
2017/01/06,0,591000,-261000,330000
2017/01/09,0,288000,-624000,-336000
2017/01/10,0,837000,-1870000,-1033000
2017/01/11,0,42000,-363000,-321000
2017/01/12,0,412000,-853000,-441000
2017/01/13,0,58000,-276000,-218000
2017/01/16,0,80000,-230000,-150000
2017/01/17,0,22000,-360000,-338000
2017/01/18,0,717000,-1105000,-388000
2017/01/19,0,190000,-208000,-18000
2017/01/20,0,124000,-278000,-154000
2017/01/23,0,142000,-55000,87000
2017/01/24,0,70000,-66000,4000
2017/01/25,0,0,0,0
2017/01/26,0,0,0,0
2017/01/27,0,0,0,0
2017/01/30,0,0,0,0
2017/01/31,0,0,0,0
2017/02/01,0,0,0,0
2017/02/02,0,195000,-379000,-184000
2017/02/03,0,212000,-505000,-293000
2017/02/06,0,230000,-297000,-67000
2017/02/07,0,155000,-352000,-197000
2017/02/08,0,183000,-493000,-310000
2017/02/09,0,53000,-114000,-61000
2017/02/10,0,995000,-298000,697000
2017/02/13,0,71000,-77000,-6000
2017/02/14,0,66000,-51000,15000
2017/02/15,0,917000,-134000,783000
2017/02/16,0,154000,-93000,61000
2017/02/17,0,7000,-84000,-77000
2017/02/20,0,13000,-262000,-249000
2017/02/21,0,60000,-657000,-597000
2017/02/22,0,101000,-176000,-75000
2017/02/23,0,54000,-216000,-162000
2017/02/24,0,5000,-126000,-121000
2017/02/27,0,0,0,0
2017/02/28,0,0,0,0
2017/03/01,0,335000,-565000,-230000
2017/03/02,0,165000,-372000,-207000
2017/03/03,0,36000,-50000,-14000
2017/03/06,0,50000,-109000,-59000
2017/03/07,0,83000,-24000,59000
2017/03/08,0,48000,-226000,-178000
2017/03/09,0,8000,-225000,-217000
2017/03/10,0,122000,-173000,-51000
2017/03/13,0,155000,0,155000
2017/03/14,0,227000,-156000,71000
2017/03/15,0,349000,-122000,227000
2017/03/16,0,350000,-194000,156000
2017/03/17,0,48000,-32000,16000
2017/03/20,0,19000,-90000,-71000
2017/03/21,0,116000,-32000,84000
2017/03/22,0,9000,-123000,-114000
2017/03/23,0,86000,-31000,55000
2017/03/24,0,6000,-200000,-194000
2017/03/27,0,77000,-18000,59000
2017/03/28,0,85000,-201000,-116000
2017/03/29,0,247000,-12000,235000
2017/03/30,0,45000,-160000,-115000
2017/03/31,0,0,-356000,-356000
2017/04/03,0,0,0,0
2017/04/04,0,0,0,0
2017/04/05,0,68000,-28000,40000
2017/04/06,0,108000,-54000,54000
2017/04/07,0,39000,-30000,9000
2017/04/10,0,66000,-30000,36000
2017/04/11,0,54000,-15000,39000
2017/04/12,0,63000,-132000,-69000
2017/04/13,0,472000,-10000,462000
2017/04/14,0,51000,-28000,23000
2017/04/17,0,74000,-85000,-11000
2017/04/18,0,18000,-25000,-7000
2017/04/19,0,62000,-318000,-256000
2017/04/20,0,65000,-30000,35000
2017/04/21,0,0,-31000,-31000
2017/04/24,0,10000,0,10000
2017/04/25,0,47000,-2000,45000
2017/04/26,0,529000,-399000,130000
2017/04/27,0,26000,-182000,-156000
2017/04/28,0,2000,-102000,-100000
2017/05/01,0,0,0,0
2017/05/02,0,0,0,0
2017/05/03,0,27000,0,27000
2017/05/04,0,0,0,0
2017/05/05,0,128000,-71000,57000
2017/05/08,0,1000,-55000,-54000
2017/05/09,0,10000,-409720,-399720
2017/05/10,0,102000,-165000,-63000
2017/05/11,0,74000,-236000,-162000
2017/05/12,0,29000,-57000,-28000
2017/05/15,0,0,-21000,-21000
2017/05/16,0,361000,-30000,331000
2017/05/17,0,2000,-126000,-124000
2017/05/18,0,5000,0,5000
2017/05/19,0,254000,-10000,244000
2017/05/22,0,38000,-196000,-158000
2017/05/23,0,110000,-10000,100000
2017/05/24,0,357000,-62000,295000
2017/05/25,0,970000,-14000,956000
2017/05/26,0,94000,-41000,53000
2017/05/29,0,0,0,0
2017/05/30,0,0,0,0
2017/05/31,0,259000,-67000,192000
2017/06/01,0,8000,-140000,-132000
2017/06/02,0,68000,-50000,18000
2017/06/05,0,80000,-169000,-89000
2017/06/06,0,479000,-37933,441067
2017/06/07,0,665000,-46000,619000
2017/06/08,0,903000,-3000,900000
2017/06/09,0,333000,-39000,294000
2017/06/12,0,286000,-25000,261000
2017/06/13,0,903000,-2000,901000
2017/06/14,0,563000,-7000,556000
2017/06/15,0,26000,-203000,-177000
2017/06/16,0,2962000,-10000,2952000
2017/06/19,0,120000,-7000,113000
2017/06/20,0,262000,-2000,260000
2017/06/21,0,182000,-117000,65000
2017/06/22,0,23000,-20000,3000
2017/06/23,0,15000,-40000,-25000
2017/06/26,0,580000,-5000,575000
2017/06/27,0,192000,-10000,182000
2017/06/28,0,171000,-2000,169000
2017/06/29,0,21000,-74000,-53000
2017/06/30,0,187000,0,187000
2017/07/03,0,214000,-14000,200000
2017/07/04,0,459000,-45000,414000
2017/07/05,0,1967000,-85000,1882000
2017/07/06,0,0,-1929000,-1929000
2017/07/07,0,0,-165000,-165000
2017/07/10,0,12000,-142000,-130000
2017/07/11,0,123000,-10000,113000
2017/07/12,0,81000,-277000,-196000
2017/07/13,0,18000,-110000,-92000
2017/07/14,0,8000,-32000,-24000
2017/07/17,0,95000,-124000,-29000
2017/07/18,0,20000,-54000,-34000
2017/07/19,0,0,-1319000,-1319000
2017/07/20,0,10000,-27000,-17000
2017/07/21,0,37000,0,37000
2017/07/24,0,10000,-3000,7000
2017/07/25,0,24000,0,24000
2017/07/26,0,19000,-277000,-258000
2017/07/27,0,20000,-15000,5000
2017/07/28,0,30000,-1000,29000
2017/07/31,0,16000,-85000,-69000
2017/08/01,0,8000,-2000,6000
2017/08/02,0,20000,-4000,16000
2017/08/03,0,42000,-233000,-191000
2017/08/04,0,0,-145000,-145000
2017/08/07,0,268000,-50000,218000
2017/08/08,0,114000,-64000,50000
2017/08/09,0,62000,-310000,-248000
2017/08/10,0,134000,-81000,53000
2017/08/11,0,40000,-28000,12000
2017/08/14,0,0,-60000,-60000
2017/08/15,0,0,-76000,-76000
2017/08/16,0,20000,-137000,-117000
2017/08/17,0,22000,-97000,-75000
2017/08/18,0,0,-46000,-46000
