Date,Open,Buy,Sell,Total
2007/01/02,0,0,-7000,-7000
2007/01/03,0,0,-69660,-69660
2007/01/04,0,524000,-70000,454000
2007/01/05,0,15000,0,15000
2007/01/08,0,0,0,0
2007/01/09,0,155000,0,155000
2007/01/10,0,1254000,-13000,1241000
2007/01/11,0,110000,0,110000
2007/01/12,0,427000,-13000,414000
2007/01/15,0,0,0,0
2007/01/16,0,5000,0,5000
2007/01/17,0,26000,0,26000
2007/01/18,0,721000,0,721000
2007/01/19,0,1150000,-287000,863000
2007/01/22,0,312000,-5000,307000
2007/01/23,0,148000,-144000,4000
2007/01/24,0,67000,-267000,-200000
2007/01/25,0,42000,-24000,18000
2007/01/26,0,15000,-366433,-351433
2007/01/29,0,200000,-2000,198000
2007/01/30,0,763000,0,763000
2007/01/31,0,3370000,-300000,3070000
2007/02/01,0,121000,0,121000
2007/02/02,0,10000,0,10000
2007/02/05,0,372000,-110000,262000
2007/02/06,0,412000,0,412000
2007/02/07,0,636000,0,636000
2007/02/08,0,63000,-9000,54000
2007/02/09,0,586000,0,586000
2007/02/12,0,179000,-356000,-177000
2007/02/13,0,2026000,-57000,1969000
2007/02/14,0,961000,-491000,470000
2007/02/15,0,0,0,0
2007/02/16,0,0,0,0
2007/02/19,0,0,0,0
2007/02/20,0,0,0,0
2007/02/21,0,0,0,0
2007/02/22,0,0,0,0
2007/02/23,0,0,0,0
2007/02/26,0,170000,-600000,-430000
2007/02/27,0,0,-54000,-54000
2007/02/28,0,0,0,0
2007/03/01,0,545000,-439000,106000
2007/03/02,0,0,-250000,-250000
2007/03/05,0,60000,-94000,-34000
2007/03/06,0,293000,-70000,223000
2007/03/07,0,0,-9000,-9000
2007/03/08,0,196000,-31000,165000
2007/03/09,0,261000,0,261000
2007/03/12,0,164000,-7000,157000
2007/03/13,0,22000,0,22000
2007/03/14,0,1911000,-149000,1762000
2007/03/15,0,45000,0,45000
2007/03/16,0,533000,0,533000
2007/03/19,0,52000,0,52000
2007/03/20,0,85000,-12000,73000
2007/03/21,0,500000,-724000,-224000
2007/03/22,0,400000,-112000,288000
2007/03/23,0,110000,-324000,-214000
2007/03/26,0,173000,-251000,-78000
2007/03/27,0,20000,-84000,-64000
2007/03/28,0,471000,-717000,-246000
2007/03/29,0,0,-141000,-141000
2007/03/30,0,215000,-12000,203000
2007/04/02,0,260000,-15000,245000
2007/04/03,0,0,-183000,-183000
2007/04/04,0,460000,-10000,450000
2007/04/05,0,0,0,0
2007/04/06,0,0,0,0
2007/04/09,0,525000,-250000,275000
2007/04/10,0,2669000,-57000,2612000
2007/04/11,0,1768000,-134000,1634000
2007/04/12,0,1510000,-40000,1470000
2007/04/13,0,0,-72000,-72000
2007/04/16,0,212000,-90000,122000
2007/04/17,0,607000,-2000,605000
2007/04/18,0,80000,0,80000
2007/04/19,0,224000,0,224000
2007/04/20,0,20000,-126000,-106000
2007/04/23,0,43000,0,43000
2007/04/24,0,850000,-450000,400000
2007/04/25,0,0,0,0
2007/04/26,0,700000,-200000,500000
2007/04/27,0,0,-66000,-66000
2007/04/30,0,960000,-35000,925000
2007/05/01,0,0,0,0
2007/05/02,0,366000,0,366000
2007/05/03,0,600000,-110000,490000
2007/05/04,0,21000,-130000,-109000
2007/05/07,0,53000,-45000,8000
2007/05/08,0,2856000,-257000,2599000
2007/05/09,0,1141000,0,1141000
2007/05/10,0,2026000,-474000,1552000
2007/05/11,0,30000,-129000,-99000
2007/05/14,0,230000,-24000,206000
2007/05/15,0,541000,-2000,539000
2007/05/16,0,518000,-12000,506000
2007/05/17,0,30000,-6000,24000
2007/05/18,0,146000,0,146000
2007/05/21,0,420000,0,420000
2007/05/22,0,307000,0,307000
2007/05/23,0,139000,-414000,-275000
2007/05/24,0,0,-140000,-140000
2007/05/25,0,36000,0,36000
2007/05/28,0,0,0,0
2007/05/29,0,0,-11000,-11000
2007/05/30,0,24000,0,24000
2007/05/31,0,1250000,-150000,1100000
2007/06/01,0,1450000,-631000,819000
2007/06/04,0,7000,0,7000
2007/06/05,0,0,-87000,-87000
2007/06/06,0,36000,0,36000
2007/06/07,0,0,-50000,-50000
2007/06/08,0,0,0,0
2007/06/11,0,355000,-53000,302000
2007/06/12,0,202000,-73000,129000
2007/06/13,0,0,-94000,-94000
2007/06/14,0,0,-421000,-421000
2007/06/15,0,120000,-661000,-541000
2007/06/18,0,0,0,0
2007/06/19,0,0,0,0
2007/06/20,0,568000,-180000,388000
2007/06/21,0,521000,-81000,440000
2007/06/22,0,0,-499000,-499000
2007/06/25,0,1089000,-657000,432000
2007/06/26,0,95000,-414000,-319000
2007/06/27,0,0,-2753000,-2753000
2007/06/28,0,90000,-3657000,-3567000
2007/06/29,0,2000,-669000,-667000
2007/07/02,0,176000,-289000,-113000
2007/07/03,0,0,-474000,-474000
2007/07/04,0,3000,-221000,-218000
2007/07/05,0,411000,-74000,337000
2007/07/06,0,300000,-1095000,-795000
2007/07/09,0,200000,-440000,-240000
2007/07/10,0,101000,0,101000
2007/07/11,0,0,-400000,-400000
2007/07/12,0,0,-13000,-13000
2007/07/13,0,1300000,0,1300000
2007/07/16,0,840000,0,840000
2007/07/17,0,58000,-167000,-109000
2007/07/18,0,272000,-150000,122000
2007/07/19,0,59000,0,59000
2007/07/20,0,919000,-250000,669000
2007/07/23,0,123000,-88000,35000
2007/07/24,0,836000,0,836000
2007/07/25,0,454000,0,454000
2007/07/26,0,1009000,-30000,979000
2007/07/27,0,33000,0,33000
2007/07/30,0,6000,-100000,-94000
2007/07/31,0,100000,-5000,95000
2007/08/01,0,434000,-78000,356000
2007/08/02,0,100000,-65000,35000
2007/08/03,0,597000,0,597000
2007/08/06,0,282000,0,282000
2007/08/07,0,553000,-50000,503000
2007/08/08,0,1510000,0,1510000
2007/08/09,0,142000,0,142000
2007/08/10,0,540000,-1360000,-820000
2007/08/13,0,19000,-1021000,-1002000
2007/08/14,0,715000,-1157000,-442000
2007/08/15,0,15000,0,15000
2007/08/16,0,420000,0,420000
2007/08/17,0,848000,-135000,713000
2007/08/20,0,400000,0,400000
2007/08/21,0,602000,-381000,221000
2007/08/22,0,1478000,-3000,1475000
2007/08/23,0,200000,-400000,-200000
2007/08/24,0,0,-9000,-9000
2007/08/27,0,7000,-17000,-10000
2007/08/28,0,80000,-7000,73000
2007/08/29,0,160000,-231000,-71000
2007/08/30,0,4198000,-200000,3998000
2007/08/31,0,702000,-38000,664000
2007/09/03,0,2348000,-8000,2340000
2007/09/04,0,1669000,-7000,1662000
2007/09/05,0,76000,-140000,-64000
2007/09/06,0,183000,-20000,163000
2007/09/07,0,0,-1540000,-1540000
2007/09/10,0,1100000,-2513000,-1413000
2007/09/11,0,300000,-570000,-270000
2007/09/12,0,83000,-1000,82000
2007/09/13,0,0,-3356000,-3356000
2007/09/14,0,205000,-115000,90000
2007/09/17,0,5000,-285000,-280000
2007/09/18,0,0,0,0
2007/09/19,0,706000,-1531000,-825000
2007/09/20,0,517000,0,517000
2007/09/21,0,3993000,-98000,3895000
2007/09/24,0,0,0,0
2007/09/25,0,0,0,0
2007/09/26,0,2702000,-9000,2693000
2007/09/27,0,953000,-1634000,-681000
2007/09/28,0,150000,-509000,-359000
2007/10/01,0,2127000,-16000,2111000
2007/10/02,0,577000,-126000,451000
2007/10/03,0,647000,-2000,645000
2007/10/04,0,765000,0,765000
2007/10/05,0,1376000,-417000,959000
2007/10/08,0,201000,-215000,-14000
2007/10/09,0,134000,0,134000
2007/10/10,0,0,0,0
2007/10/11,0,1500000,-3224000,-1724000
2007/10/12,0,1282000,-400000,882000
2007/10/15,0,138000,-870000,-732000
2007/10/16,0,134000,-2686000,-2552000
2007/10/17,0,122000,-574000,-452000
2007/10/18,0,596000,-366000,230000
2007/10/19,0,100000,-1049500,-949500
2007/10/22,0,89000,-650000,-561000
2007/10/23,0,16000,-3093000,-3077000
2007/10/24,0,355000,-14000,341000
2007/10/25,0,477000,-1450000,-973000
2007/10/26,0,0,0,0
2007/10/29,0,164000,-2238000,-2074000
2007/10/30,0,14000,-625000,-611000
2007/10/31,0,532000,-968000,-436000
2007/11/01,0,219000,-346000,-127000
2007/11/02,0,85000,-597000,-512000
2007/11/05,0,3159000,-395000,2764000
2007/11/06,0,2402000,-1101000,1301000
2007/11/07,0,302000,-10000,292000
2007/11/08,0,571000,0,571000
2007/11/09,0,688000,0,688000
2007/11/12,0,222000,-95000,127000
2007/11/13,0,415000,0,415000
2007/11/14,0,7000,-167000,-160000
2007/11/15,0,303000,-10000,293000
2007/11/16,0,686000,0,686000
2007/11/19,0,92000,-2327000,-2235000
2007/11/20,0,611000,-377000,234000
2007/11/21,0,17000,-207000,-190000
2007/11/22,0,66000,-759000,-693000
2007/11/23,0,20000,-277000,-257000
2007/11/26,0,108000,-112000,-4000
2007/11/27,0,3000,0,3000
2007/11/28,0,62000,-481000,-419000
2007/11/29,0,45000,-110000,-65000
2007/11/30,0,1000,-20000,-19000
2007/12/03,0,4000,-503000,-499000
2007/12/04,0,3000,-1090000,-1087000
2007/12/05,0,8000,-641000,-633000
2007/12/06,0,0,-10000,-10000
2007/12/07,0,0,-12000,-12000
2007/12/10,0,30000,0,30000
2007/12/11,0,1000,-912000,-911000
2007/12/12,0,0,-40000,-40000
2007/12/13,0,41000,-14000,27000
2007/12/14,0,1072000,-1202820,-130820
2007/12/17,0,506000,-2001000,-1495000
2007/12/18,0,757000,-2110000,-1353000
2007/12/19,0,207000,-3692000,-3485000
2007/12/20,0,1000,-2148000,-2147000
2007/12/21,0,23000,-1287000,-1264000
2007/12/24,0,136000,-543000,-407000
2007/12/25,0,0,-1330000,-1330000
2007/12/26,0,0,-328000,-328000
2007/12/27,0,3000,-248000,-245000
2007/12/28,0,80000,-283000,-203000
2007/12/31,0,1000,-211000,-210000
2008/01/01,0,0,0,0
2008/01/02,0,37000,0,37000
2008/01/03,0,366000,-896000,-530000
2008/01/04,0,243000,-46000,197000
2008/01/07,0,167000,0,167000
2008/01/08,0,9000,-27000,-18000
2008/01/09,0,779000,-85000,694000
2008/01/10,0,214000,-9065,204935
2008/01/11,0,152000,-4000,148000
2008/01/14,0,101000,-162000,-61000
2008/01/15,0,230000,-242000,-12000
2008/01/16,0,52000,-55000,-3000
2008/01/17,0,185000,-26000,159000
2008/01/18,0,231000,-485000,-254000
2008/01/21,0,20000,-337000,-317000
2008/01/22,0,0,-454000,-454000
2008/01/23,0,26000,-810000,-784000
2008/01/24,0,526000,-117000,409000
2008/01/25,0,559000,-67000,492000
2008/01/28,0,2000,-142000,-140000
2008/01/29,0,91000,-255000,-164000
2008/01/30,0,374000,-3214000,-2840000
2008/01/31,0,260000,-2345000,-2085000
2008/02/01,0,966000,-1307000,-341000
2008/02/04,0,0,0,0
2008/02/05,0,0,0,0
2008/02/06,0,0,0,0
2008/02/07,0,0,0,0
2008/02/08,0,0,0,0
2008/02/11,0,0,0,0
2008/02/12,0,735000,-10000,725000
2008/02/13,0,2283000,-139000,2144000
2008/02/14,0,112000,-20000,92000
2008/02/15,0,55000,-1686000,-1631000
2008/02/18,0,122000,-1015000,-893000
2008/02/19,0,949000,-386133,562867
2008/02/20,0,405000,-102000,303000
2008/02/21,0,15000,-7000,8000
2008/02/22,0,250000,-306000,-56000
2008/02/25,0,4000,-233000,-229000
2008/02/26,0,202000,-980000,-778000
2008/02/27,0,236000,-177000,59000
2008/02/28,0,0,0,0
2008/02/29,0,0,-2006000,-2006000
2008/03/03,0,1000,-76000,-75000
2008/03/04,0,6000,-325000,-319000
2008/03/05,0,2086000,-165000,1921000
2008/03/06,0,675000,-65000,610000
2008/03/07,0,253000,-354000,-101000
2008/03/10,0,10000,-24000,-14000
2008/03/11,0,2309000,-750000,1559000
2008/03/12,0,1281000,-515000,766000
2008/03/13,0,603000,-138060,464940
2008/03/14,0,665000,-300000,365000
2008/03/17,0,435000,0,435000
2008/03/18,0,308000,-412000,-104000
2008/03/19,0,472000,0,472000
2008/03/20,0,7000,0,7000
2008/03/21,0,91000,-800000,-709000
2008/03/24,0,97000,-38000,59000
2008/03/25,0,23000,-1463000,-1440000
2008/03/26,0,1310000,0,1310000
2008/03/27,0,3529000,-15000,3514000
2008/03/28,0,80000,-55000,25000
2008/03/31,0,875000,-15000,860000
2008/04/01,0,834000,-399000,435000
2008/04/02,0,0,-253000,-253000
2008/04/03,0,1004000,-262000,742000
2008/04/04,0,0,0,0
2008/04/07,0,74000,-41400,32600
2008/04/08,0,3252000,-557000,2695000
2008/04/09,0,7000,-265000,-258000
2008/04/10,0,693000,0,693000
2008/04/11,0,0,-268000,-268000
2008/04/14,0,0,-3000,-3000
2008/04/15,0,201000,0,201000
2008/04/16,0,0,-1074000,-1074000
2008/04/17,0,252000,-69000,183000
2008/04/18,0,21000,-103000,-82000
2008/04/21,0,10000,-450000,-440000
2008/04/22,0,36000,-138000,-102000
2008/04/23,0,8000,-20000,-12000
2008/04/24,0,13000,0,13000
2008/04/25,0,6000,-10000,-4000
2008/04/28,0,51000,-922000,-871000
2008/04/29,0,9000,-421000,-412000
2008/04/30,0,62000,-9121060,-9059060
2008/05/01,0,0,0,0
2008/05/02,0,43000,-2494000,-2451000
2008/05/05,0,77000,-1255000,-1178000
2008/05/06,0,33000,-3070000,-3037000
2008/05/07,0,26000,-738000,-712000
2008/05/08,0,1015000,-108000,907000
2008/05/09,0,16000,-36000,-20000
2008/05/12,0,1221000,-6000,1215000
2008/05/13,0,2831000,-350000,2481000
2008/05/14,0,1047000,-50000,997000
2008/05/15,0,11000,0,11000
2008/05/16,0,0,-7000,-7000
2008/05/19,0,20000,-786000,-766000
2008/05/20,0,27000,-18000,9000
2008/05/21,0,100000,-623000,-523000
2008/05/22,0,30000,0,30000
2008/05/23,0,8000,-255000,-247000
2008/05/26,0,129000,0,129000
2008/05/27,0,129000,0,129000
2008/05/28,0,12000,0,12000
2008/05/29,0,83000,0,83000
2008/05/30,0,46000,-12000,34000
2008/06/02,0,82000,-38000,44000
2008/06/03,0,0,-453000,-453000
2008/06/04,0,9000,0,9000
2008/06/05,0,4000,0,4000
2008/06/06,0,186000,-245000,-59000
2008/06/09,0,54000,0,54000
2008/06/10,0,55000,0,55000
2008/06/11,0,436000,0,436000
2008/06/12,0,501000,0,501000
2008/06/13,0,162000,-1033000,-871000
2008/06/16,0,20000,-90000,-70000
2008/06/17,0,33000,0,33000
2008/06/18,0,300000,0,300000
2008/06/19,0,0,-9000,-9000
2008/06/20,0,77000,-412000,-335000
2008/06/23,0,32000,-1987000,-1955000
2008/06/24,0,227000,-1719000,-1492000
2008/06/25,0,120000,-40000,80000
2008/06/26,0,0,0,0
2008/06/27,0,13000,-298000,-285000
2008/06/30,0,96000,-20000,76000
2008/07/01,0,28000,0,28000
2008/07/02,0,4000,-7000,-3000
2008/07/03,0,24000,-1000,23000
2008/07/04,0,40000,-304000,-264000
2008/07/07,0,120000,0,120000
2008/07/08,0,0,0,0
2008/07/09,0,0,-15000,-15000
2008/07/10,0,0,-96000,-96000
2008/07/11,0,26000,-170000,-144000
2008/07/14,0,3000,-96000,-93000
2008/07/15,0,766000,0,766000
2008/07/16,0,43000,0,43000
2008/07/17,0,317000,-82000,235000
2008/07/18,0,466000,-501000,-35000
2008/07/21,0,5000,-34000,-29000
2008/07/22,0,4000,-7630,-3630
2008/07/23,0,43000,-64000,-21000
2008/07/24,0,4000,-37000,-33000
2008/07/25,0,0,-58000,-58000
2008/07/28,0,0,0,0
2008/07/29,0,17000,-25000,-8000
2008/07/30,0,46000,-20000,26000
2008/07/31,0,64000,0,64000
2008/08/01,0,32000,0,32000
2008/08/04,0,16000,-10000,6000
2008/08/05,0,400000,0,400000
2008/08/06,0,1013000,-44000,969000
2008/08/07,0,0,-335000,-335000
2008/08/08,0,42000,-150000,-108000
2008/08/11,0,261000,-200000,61000
2008/08/12,0,354000,-110000,244000
2008/08/13,0,0,-170000,-170000
2008/08/14,0,8000,-100000,-92000
2008/08/15,0,0,-100000,-100000
2008/08/18,0,5000,-38000,-33000
2008/08/19,0,0,-125000,-125000
2008/08/20,0,4000,-17000,-13000
2008/08/21,0,120000,-20000,100000
2008/08/22,0,6000,0,6000
2008/08/25,0,30000,0,30000
2008/08/26,0,33000,-31000,2000
2008/08/27,0,0,-23000,-23000
2008/08/28,0,0,-15000,-15000
2008/08/29,0,6000,-42000,-36000
2008/09/01,0,3000,-10000,-7000
2008/09/02,0,16000,-8000,8000
2008/09/03,0,78000,-2000,76000
2008/09/04,0,47000,-3000,44000
2008/09/05,0,26000,0,26000
2008/09/08,0,166000,0,166000
2008/09/09,0,45000,-159000,-114000
2008/09/10,0,78000,-500000,-422000
2008/09/11,0,0,-500000,-500000
2008/09/12,0,152000,-1000,151000
2008/09/15,0,0,-6000,-6000
2008/09/16,0,24000,-14000,10000
2008/09/17,0,19000,-50000,-31000
2008/09/18,0,111000,0,111000
2008/09/19,0,15000,-26000,-11000
2008/09/22,0,62000,0,62000
2008/09/23,0,0,-19000,-19000
2008/09/24,0,0,-664000,-664000
2008/09/25,0,112000,-38000,74000
2008/09/26,0,278000,0,278000
2008/09/29,0,0,0,0
2008/09/30,0,4000,-213000,-209000
2008/10/01,0,669000,-21000,648000
2008/10/02,0,116000,-16000,100000
2008/10/03,0,572000,-24000,548000
2008/10/06,0,300000,-33000,267000
2008/10/07,0,55000,-24000,31000
2008/10/08,0,100000,-7000,93000
2008/10/09,0,593000,-1515000,-922000
2008/10/10,0,0,0,0
2008/10/13,0,0,-1304000,-1304000
2008/10/14,0,6000,-1999000,-1993000
2008/10/15,0,26000,0,26000
2008/10/16,0,35000,0,35000
2008/10/17,0,286000,-376000,-90000
2008/10/20,0,100000,-26000,74000
2008/10/21,0,10000,-126000,-116000
2008/10/22,0,767000,-134000,633000
2008/10/23,0,14000,-1389000,-1375000
2008/10/24,0,142000,-39000,103000
2008/10/27,0,0,-187000,-187000
2008/10/28,0,774000,-160000,614000
2008/10/29,0,0,-57000,-57000
2008/10/30,0,311000,-7000,304000
2008/10/31,0,120000,-620000,-500000
2008/11/03,0,383000,0,383000
2008/11/04,0,145000,-184000,-39000
2008/11/05,0,100000,-246000,-146000
2008/11/06,0,9000,-199000,-190000
2008/11/07,0,1007000,0,1007000
2008/11/10,0,90000,0,90000
2008/11/11,0,321000,-2000,319000
2008/11/12,0,12000,-21000,-9000
2008/11/13,0,2009000,-19000,1990000
2008/11/14,0,515000,-32000,483000
2008/11/17,0,44000,0,44000
2008/11/18,0,137000,-1284000,-1147000
2008/11/19,0,260000,-2800000,-2540000
2008/11/20,0,551000,-2144000,-1593000
2008/11/21,0,99000,-3388000,-3289000
2008/11/24,0,50000,-2303000,-2253000
2008/11/25,0,8000,-851656,-843656
2008/11/26,0,31000,-1000000,-969000
2008/11/27,0,146000,-22000,124000
2008/11/28,0,0,-17000,-17000
2008/12/01,0,32000,-121344,-89344
2008/12/02,0,0,0,0
2008/12/03,0,41000,-121000,-80000
2008/12/04,0,15000,-22000,-7000
2008/12/05,0,0,-1000,-1000
2008/12/08,0,47000,0,47000
2008/12/09,0,88000,0,88000
2008/12/10,0,15000,-55000,-40000
2008/12/11,0,117000,-1669000,-1552000
2008/12/12,0,60000,-1060000,-1000000
2008/12/15,0,15000,-682000,-667000
2008/12/16,0,0,-920000,-920000
2008/12/17,0,9000,-696000,-687000
2008/12/18,0,1019000,-112000,907000
2008/12/19,0,20000,-528000,-508000
2008/12/22,0,0,-137000,-137000
2008/12/23,0,411000,0,411000
2008/12/24,0,0,0,0
2008/12/25,0,4000,-476000,-472000
2008/12/26,0,684000,0,684000
2008/12/29,0,0,0,0
2008/12/30,0,0,-120000,-120000
2008/12/31,0,0,-22000,-22000
2009/01/01,0,0,0,0
2009/01/02,0,0,0,0
2009/01/05,0,0,-12000,-12000
2009/01/06,0,139000,0,139000
2009/01/07,0,0,-436000,-436000
2009/01/08,0,3265000,0,3265000
2009/01/09,0,15000,0,15000
2009/01/12,0,84000,-25000,59000
2009/01/13,0,72000,0,72000
2009/01/14,0,200000,-13000,187000
2009/01/15,0,0,-191000,-191000
2009/01/16,0,17000,-366000,-349000
2009/01/19,0,3000,-656000,-653000
2009/01/20,0,0,-11000,-11000
2009/01/21,0,300000,-169000,131000
2009/01/22,0,0,0,0
2009/01/23,0,0,0,0
2009/01/26,0,0,0,0
2009/01/27,0,0,0,0
2009/01/28,0,0,0,0
2009/01/29,0,0,0,0
2009/01/30,0,0,0,0
2009/02/02,0,0,-300000,-300000
2009/02/03,0,1131000,0,1131000
2009/02/04,0,36000,-8000,28000
2009/02/05,0,85000,-1000,84000
2009/02/06,0,68000,0,68000
2009/02/09,0,300000,-8000,292000
2009/02/10,0,149000,0,149000
2009/02/11,0,60000,-17000,43000
2009/02/12,0,61000,-32000,29000
2009/02/13,0,0,-7000,-7000
2009/02/16,0,60000,0,60000
2009/02/17,0,0,-50000,-50000
2009/02/18,0,28000,-212000,-184000
2009/02/19,0,0,-100000,-100000
2009/02/20,0,150000,-62000,88000
2009/02/23,0,128000,0,128000
2009/02/24,0,298000,0,298000
2009/02/25,0,0,0,0
2009/02/26,0,3000,-128000,-125000
2009/02/27,0,5000,-1000,4000
2009/03/02,0,0,-2000,-2000
2009/03/03,0,350000,-1304000,-954000
2009/03/04,0,0,-27000,-27000
2009/03/05,0,2000,0,2000
2009/03/06,0,0,-169000,-169000
2009/03/09,0,700000,-35000,665000
2009/03/10,0,389000,-5000,384000
2009/03/11,0,1083000,-12000,1071000
2009/03/12,0,344000,-196000,148000
2009/03/13,0,57000,-323000,-266000
2009/03/16,0,9000,-511000,-502000
2009/03/17,0,0,-240000,-240000
2009/03/18,0,0,-64000,-64000
2009/03/19,0,300000,-7000,293000
2009/03/20,0,0,-12000,-12000
2009/03/23,0,1335000,-17000,1318000
2009/03/24,0,0,-36000,-36000
2009/03/25,0,350000,0,350000
2009/03/26,0,0,-150000,-150000
2009/03/27,0,0,-57000,-57000
2009/03/30,0,700000,-7000,693000
2009/03/31,0,600000,-50000,550000
2009/04/01,0,0,-19000,-19000
2009/04/02,0,1276000,-23000,1253000
2009/04/03,0,0,-55000,-55000
2009/04/06,0,400000,-5000,395000
2009/04/07,0,13000,0,13000
2009/04/08,0,3962000,-5000,3957000
2009/04/09,0,1543000,-4000,1539000
2009/04/10,0,0,0,0
2009/04/13,0,768000,-74000,694000
2009/04/14,0,316000,-18000,298000
2009/04/15,0,70000,-150000,-80000
2009/04/16,0,0,-27000,-27000
2009/04/17,0,0,-103000,-103000
2009/04/20,0,878000,0,878000
2009/04/21,0,53000,0,53000
2009/04/22,0,5000,-167000,-162000
2009/04/23,0,100000,-104000,-4000
2009/04/24,0,55000,-91000,-36000
2009/04/27,0,3000,-110000,-107000
2009/04/28,0,5000,-250000,-245000
2009/04/29,0,4000,0,4000
2009/04/30,0,0,0,0
2009/05/01,0,0,0,0
2009/05/04,0,155000,-243000,-88000
2009/05/05,0,176000,-100000,76000
2009/05/06,0,81000,-1259000,-1178000
2009/05/07,0,63000,-680000,-617000
2009/05/08,0,0,-1816000,-1816000
2009/05/11,0,411000,-9000,402000
2009/05/12,0,0,-14000,-14000
2009/05/13,0,67000,-60000,7000
2009/05/14,0,0,0,0
2009/05/15,0,35000,-2050000,-2015000
2009/05/18,0,7000,-1828000,-1821000
2009/05/19,0,7000,-197000,-190000
2009/05/20,0,21000,-62000,-41000
2009/05/21,0,3000,-2083000,-2080000
2009/05/22,0,4000,-2552000,-2548000
2009/05/25,0,198000,-1533000,-1335000
2009/05/26,0,808000,-161000,647000
2009/05/27,0,361000,-238000,123000
2009/05/28,0,0,0,0
2009/05/29,0,0,0,0
2009/06/01,0,201000,-118000,83000
2009/06/02,0,192000,-21000,171000
2009/06/03,0,78000,-486000,-408000
2009/06/04,0,0,-106000,-106000
2009/06/05,0,0,-1067000,-1067000
2009/06/08,0,13000,-7000,6000
2009/06/09,0,805000,-8000,797000
2009/06/10,0,550000,-111000,439000
2009/06/11,0,21000,0,21000
2009/06/12,0,250000,-22000,228000
2009/06/15,0,9000,0,9000
2009/06/16,0,22000,-11000,11000
2009/06/17,0,638000,-113000,525000
2009/06/18,0,549000,0,549000
2009/06/19,0,64000,0,64000
2009/06/22,0,13000,0,13000
2009/06/23,0,37000,-305000,-268000
2009/06/24,0,195000,-13000,182000
2009/06/25,0,111000,-40000,71000
2009/06/26,0,0,-77000,-77000
2009/06/29,0,112000,-250000,-138000
2009/06/30,0,0,0,0
2009/07/01,0,79000,0,79000
2009/07/02,0,34000,-751000,-717000
2009/07/03,0,0,-27000,-27000
2009/07/06,0,314000,-8000,306000
2009/07/07,0,7000,-484000,-477000
2009/07/08,0,0,-8000,-8000
2009/07/09,0,41000,0,41000
2009/07/10,0,986000,-8000,978000
2009/07/13,0,0,-12000,-12000
2009/07/14,0,0,-74000,-74000
2009/07/15,0,0,0,0
2009/07/16,0,0,-7000,-7000
2009/07/17,0,0,-257000,-257000
2009/07/20,0,245000,-202000,43000
2009/07/21,0,53000,-125000,-72000
2009/07/22,0,0,-42000,-42000
2009/07/23,0,0,-117000,-117000
2009/07/24,0,0,-33000,-33000
2009/07/27,0,0,-35000,-35000
2009/07/28,0,0,-78000,-78000
2009/07/29,0,0,-424000,-424000
2009/07/30,0,90000,-16000,74000
2009/07/31,0,78000,-61000,17000
2009/08/03,0,127000,0,127000
2009/08/04,0,4214000,-4000,4210000
2009/08/05,0,2080000,0,2080000
2009/08/06,0,1558000,-14000,1544000
2009/08/07,0,0,0,0
2009/08/10,0,366000,-49000,317000
2009/08/11,0,1692000,0,1692000
2009/08/12,0,376000,-119000,257000
2009/08/13,0,280000,-15000,265000
2009/08/14,0,125000,-33000,92000
2009/08/17,0,505000,-63000,442000
2009/08/18,0,8000,0,8000
2009/08/19,0,95000,0,95000
2009/08/20,0,605000,-9000,596000
2009/08/21,0,773000,-365000,408000
2009/08/24,0,575000,0,575000
2009/08/25,0,1712000,-3000,1709000
2009/08/26,0,2507000,0,2507000
2009/08/27,0,938000,-3000,935000
2009/08/28,0,1449000,0,1449000
2009/08/31,0,1517000,0,1517000
2009/09/01,0,630000,-851000,-221000
2009/09/02,0,1007000,-233000,774000
2009/09/03,0,212000,-9000,203000
2009/09/04,0,300000,-10000,290000
2009/09/07,0,300000,-76000,224000
2009/09/08,0,207000,-1830,205170
2009/09/09,0,2850000,0,2850000
2009/09/10,0,3196000,0,3196000
2009/09/11,0,2750000,0,2750000
2009/09/14,0,457000,-87000,370000
2009/09/15,0,45000,-560000,-515000
2009/09/16,0,534000,-250000,284000
2009/09/17,0,1050000,-125000,925000
2009/09/18,0,1000000,-162000,838000
2009/09/21,0,1039000,-12000,1027000
2009/09/22,0,0,-242000,-242000
2009/09/23,0,25000,-835000,-810000
2009/09/24,0,420000,-630000,-210000
2009/09/25,0,480000,0,480000
2009/09/28,0,12000,0,12000
2009/09/29,0,10000,-4000,6000
2009/09/30,0,0,-13000,-13000
2009/10/01,0,0,0,0
2009/10/02,0,23000,-313560,-290560
2009/10/05,0,0,-76000,-76000
2009/10/06,0,0,-25000,-25000
2009/10/07,0,0,0,0
2009/10/08,0,0,0,0
2009/10/09,0,4000,0,4000
2009/10/12,0,0,0,0
2009/10/13,0,14000,0,14000
2009/10/14,0,0,-505000,-505000
2009/10/15,0,0,0,0
2009/10/16,0,41000,-946000,-905000
2009/10/19,0,16000,-126000,-110000
2009/10/20,0,9000,-83000,-74000
2009/10/21,0,22000,-10000,12000
2009/10/22,0,655000,-88000,567000
2009/10/23,0,0,-1401000,-1401000
2009/10/26,0,648000,-29000,619000
2009/10/27,0,643000,-16000,627000
2009/10/28,0,200000,-3000,197000
2009/10/29,0,103000,-6000,97000
2009/10/30,0,78000,-3000,75000
2009/11/02,0,8000,-4000,4000
2009/11/03,0,106000,-4000,102000
2009/11/04,0,7000,0,7000
2009/11/05,0,7000,0,7000
2009/11/06,0,603000,-1000,602000
2009/11/09,0,7000,0,7000
2009/11/10,0,4000,-6870,-2870
2009/11/11,0,0,-4000,-4000
2009/11/12,0,800000,-2000,798000
2009/11/13,0,0,-18000,-18000
2009/11/16,0,134000,0,134000
2009/11/17,0,0,-4000,-4000
2009/11/18,0,0,-100000,-100000
2009/11/19,0,400000,-1064000,-664000
2009/11/20,0,0,-659000,-659000
2009/11/23,0,0,-308000,-308000
2009/11/24,0,37000,-7000,30000
2009/11/25,0,0,0,0
2009/11/26,0,0,-4000,-4000
2009/11/27,0,170000,-720000,-550000
2009/11/30,0,652000,-220000,432000
2009/12/01,0,135000,0,135000
2009/12/02,0,0,-959000,-959000
2009/12/03,0,0,-88000,-88000
2009/12/04,0,0,-7000,-7000
2009/12/07,0,194000,0,194000
2009/12/08,0,0,-1397000,-1397000
2009/12/09,0,0,-674860,-674860
2009/12/10,0,0,-464440,-464440
2009/12/11,0,6000,-130000,-124000
2009/12/14,0,0,-13000,-13000
2009/12/15,0,80000,0,80000
2009/12/16,0,0,-15000,-15000
2009/12/17,0,0,0,0
2009/12/18,0,0,-94000,-94000
2009/12/21,0,233000,-350000,-117000
2009/12/22,0,0,-159000,-159000
2009/12/23,0,3000,-137000,-134000
2009/12/24,0,180000,-250000,-70000
2009/12/25,0,115000,-11000,104000
2009/12/28,0,17000,-158000,-141000
2009/12/29,0,420000,-784000,-364000
2009/12/30,0,163000,-500000,-337000
2009/12/31,0,0,-261140,-261140
2010/01/01,0,0,0,0
2010/01/04,0,15000,-2082000,-2067000
2010/01/05,0,1575000,-114000,1461000
2010/01/06,0,1265000,-1008000,257000
2010/01/07,0,1360000,-6000,1354000
2010/01/08,0,0,-17000,-17000
2010/01/11,0,760000,-5000,755000
2010/01/12,0,0,-513000,-513000
2010/01/13,0,250000,-406000,-156000
2010/01/14,0,244000,-8000,236000
2010/01/15,0,96000,-1581580,-1485580
2010/01/18,0,2000,-214000,-212000
2010/01/19,0,550000,-440000,110000
2010/01/20,0,0,-222700,-222700
2010/01/21,0,0,-204000,-204000
2010/01/22,0,0,0,0
2010/01/25,0,116000,-1380000,-1264000
2010/01/26,0,152000,-4000,148000
2010/01/27,0,123000,0,123000
2010/01/28,0,391000,0,391000
2010/01/29,0,877000,0,877000
2010/02/01,0,16000,-3000,13000
2010/02/02,0,250000,0,250000
2010/02/03,0,7000,-102000,-95000
2010/02/04,0,39000,-179000,-140000
2010/02/05,0,960000,0,960000
2010/02/08,0,25000,-305000,-280000
2010/02/09,0,313000,0,313000
2010/02/10,0,125000,-80000,45000
2010/02/11,0,0,0,0
2010/02/12,0,0,0,0
2010/02/15,0,0,0,0
2010/02/16,0,0,0,0
2010/02/17,0,0,0,0
2010/02/18,0,0,0,0
2010/02/19,0,0,0,0
2010/02/22,0,28000,0,28000
2010/02/23,0,1339000,0,1339000
2010/02/24,0,685000,0,685000
2010/02/25,0,1601000,0,1601000
2010/02/26,0,372000,-104000,268000
2010/03/01,0,1346000,-10000,1336000
2010/03/02,0,2631000,0,2631000
2010/03/03,0,750000,0,750000
2010/03/04,0,2290000,-8000,2282000
2010/03/05,0,4000,0,4000
2010/03/08,0,1182000,0,1182000
2010/03/09,0,6000,0,6000
2010/03/10,0,283000,-95000,188000
2010/03/11,0,202000,-140000,62000
2010/03/12,0,100000,-557000,-457000
2010/03/15,0,0,-260000,-260000
2010/03/16,0,650000,-8000,642000
2010/03/17,0,112000,-218000,-106000
2010/03/18,0,6000,-8000,-2000
2010/03/19,0,0,-963000,-963000
2010/03/22,0,0,-141000,-141000
2010/03/23,0,4000,-1581000,-1577000
2010/03/24,0,14000,-2000,12000
2010/03/25,0,0,-318100,-318100
2010/03/26,0,0,-753000,-753000
2010/03/29,0,9000,-383000,-374000
2010/03/30,0,206000,-100000,106000
2010/03/31,0,15000,-6000,9000
2010/04/01,0,0,-252000,-252000
2010/04/02,0,3000,-264000,-261000
2010/04/05,0,0,0,0
2010/04/06,0,160000,-6000,154000
2010/04/07,0,126000,-115000,11000
2010/04/08,0,1500000,-82000,1418000
2010/04/09,0,0,-175000,-175000
2010/04/12,0,0,-1041000,-1041000
2010/04/13,0,0,-21000,-21000
2010/04/14,0,0,-56000,-56000
2010/04/15,0,0,-159000,-159000
2010/04/16,0,1000,-59000,-58000
2010/04/19,0,285000,-679,284321
2010/04/20,0,763000,-46000,717000
2010/04/21,0,97000,-135000,-38000
2010/04/22,0,262000,0,262000
2010/04/23,0,0,0,0
2010/04/26,0,0,-2468000,-2468000
2010/04/27,0,808000,-504000,304000
2010/04/28,0,253000,-5000,248000
2010/04/29,0,628000,-150000,478000
2010/04/30,0,0,-15000,-15000
2010/05/03,0,436000,-23000,413000
2010/05/04,0,60000,-211000,-151000
2010/05/05,0,350000,-186000,164000
2010/05/06,0,324000,-8000,316000
2010/05/07,0,451000,-1000,450000
2010/05/10,0,625000,0,625000
2010/05/11,0,464000,-131000,333000
2010/05/12,0,133000,-1664000,-1531000
2010/05/13,0,169000,-152000,17000
2010/05/14,0,122000,-565000,-443000
2010/05/17,0,59000,-2000,57000
2010/05/18,0,347000,-87000,260000
2010/05/19,0,80000,-62000,18000
2010/05/20,0,754000,-345000,409000
2010/05/21,0,831000,-35000,796000
2010/05/24,0,12000,-1807000,-1795000
2010/05/25,0,4000,-2543000,-2539000
2010/05/26,0,258000,-1485000,-1227000
2010/05/27,0,20000,-470000,-450000
2010/05/28,0,0,-415000,-415000
2010/05/31,0,100000,0,100000
2010/06/01,0,2000,-230000,-228000
2010/06/02,0,0,-984000,-984000
2010/06/03,0,0,-300000,-300000
2010/06/04,0,0,0,0
2010/06/07,0,0,-700000,-700000
2010/06/08,0,11000,-476000,-465000
2010/06/09,0,5000,-300000,-295000
2010/06/10,0,12000,-1000,11000
2010/06/11,0,0,-80,-80
2010/06/14,0,7000,0,7000
2010/06/15,0,270000,-894610,-624610
2010/06/16,0,0,0,0
2010/06/17,0,0,-1125000,-1125000
2010/06/18,0,0,-1923000,-1923000
2010/06/21,0,0,-493000,-493000
2010/06/22,0,0,-368000,-368000
2010/06/23,0,0,-537000,-537000
2010/06/24,0,12000,-595000,-583000
2010/06/25,0,0,-96000,-96000
2010/06/28,0,120000,-862000,-742000
2010/06/29,0,135000,-539000,-404000
2010/06/30,0,341000,-152000,189000
2010/07/01,0,0,-4000,-4000
2010/07/02,0,3000,0,3000
2010/07/05,0,0,-3000,-3000
2010/07/06,0,20000,0,20000
2010/07/07,0,276000,-421000,-145000
2010/07/08,0,0,-270000,-270000
2010/07/09,0,0,-328000,-328000
2010/07/12,0,5000,0,5000
2010/07/13,0,0,-8000,-8000
2010/07/14,0,1000,0,1000
2010/07/15,0,0,-88000,-88000
2010/07/16,0,76000,-1727000,-1651000
2010/07/19,0,25000,-107210,-82210
2010/07/20,0,0,-187000,-187000
2010/07/21,0,21000,-4000,17000
2010/07/22,0,5000,0,5000
2010/07/23,0,1000,-284000,-283000
2010/07/26,0,0,-902000,-902000
2010/07/27,0,30000,-713000,-683000
2010/07/28,0,4000,-300000,-296000
2010/07/29,0,0,-1001000,-1001000
2010/07/30,0,0,-903000,-903000
2010/08/02,0,16000,-81000,-65000
2010/08/03,0,7000,-6000,1000
2010/08/04,0,71000,-434000,-363000
2010/08/05,0,70000,-16000,54000
2010/08/06,0,657000,-11000,646000
2010/08/09,0,23000,-2000,21000
2010/08/10,0,63000,0,63000
2010/08/11,0,71000,-140000,-69000
2010/08/12,0,40000,-19000,21000
2010/08/13,0,30000,-52000,-22000
2010/08/16,0,0,-504000,-504000
2010/08/17,0,3000,-1011110,-1008110
2010/08/18,0,2000,-141000,-139000
2010/08/19,0,0,-19000,-19000
2010/08/20,0,230000,-274000,-44000
2010/08/23,0,0,0,0
2010/08/24,0,75000,-463000,-388000
2010/08/25,0,221000,-7000,214000
2010/08/26,0,726000,-4000,722000
2010/08/27,0,3000,0,3000
2010/08/30,0,10000,-21320,-11320
2010/08/31,0,240000,0,240000
2010/09/01,0,0,0,0
2010/09/02,0,5000,0,5000
2010/09/03,0,41000,0,41000
2010/09/06,0,0,-1131000,-1131000
2010/09/07,0,14000,-800000,-786000
2010/09/08,0,0,0,0
2010/09/09,0,0,0,0
2010/09/10,0,8000,0,8000
2010/09/13,0,110000,0,110000
2010/09/14,0,0,-172000,-172000
2010/09/15,0,0,-5000,-5000
2010/09/16,0,0,-15000,-15000
2010/09/17,0,44000,-101000,-57000
2010/09/20,0,0,-4000,-4000
2010/09/21,0,0,-7000,-7000
2010/09/22,0,0,0,0
2010/09/23,0,0,-15000,-15000
2010/09/24,0,0,-9000,-9000
2010/09/27,0,0,-8000,-8000
2010/09/28,0,1000,-17000,-16000
2010/09/29,0,0,0,0
2010/09/30,0,0,-18000,-18000
2010/10/01,0,200000,0,200000
2010/10/04,0,0,-6000,-6000
2010/10/05,0,0,0,0
2010/10/06,0,0,-426000,-426000
2010/10/07,0,0,0,0
2010/10/08,0,0,-63000,-63000
2010/10/11,0,0,0,0
2010/10/12,0,0,-203000,-203000
2010/10/13,0,31000,0,31000
2010/10/14,0,919000,-20000,899000
2010/10/15,0,403000,0,403000
2010/10/18,0,31000,-4000,27000
2010/10/19,0,415000,0,415000
2010/10/20,0,936000,0,936000
2010/10/21,0,38000,-110000,-72000
2010/10/22,0,872000,0,872000
2010/10/25,0,459000,0,459000
2010/10/26,0,462000,-968000,-506000
2010/10/27,0,817000,0,817000
2010/10/28,0,0,-110000,-110000
2010/10/29,0,0,-170000,-170000
2010/11/01,0,0,0,0
2010/11/02,0,50000,-142000,-92000
2010/11/03,0,223000,-26000,197000
2010/11/04,0,270000,0,270000
2010/11/05,0,869000,0,869000
2010/11/08,0,2166000,-4000,2162000
2010/11/09,0,84000,0,84000
2010/11/10,0,0,-6000,-6000
2010/11/11,0,8000,-30000,-22000
2010/11/12,0,97000,-3000,94000
2010/11/15,0,0,-2000,-2000
2010/11/16,0,737000,-8000,729000
2010/11/17,0,145000,-3000,142000
2010/11/18,0,324000,0,324000
2010/11/19,0,35000,-77000,-42000
2010/11/22,0,46000,0,46000
2010/11/23,0,0,0,0
2010/11/24,0,30000,0,30000
2010/11/25,0,60000,-24000,36000
2010/11/26,0,83000,-4000,79000
2010/11/29,0,30000,-663000,-633000
2010/11/30,0,203000,-33000,170000
2010/12/01,0,462000,-101000,361000
2010/12/02,0,140000,-201000,-61000
2010/12/03,0,580000,-17000,563000
2010/12/06,0,1402000,-30000,1372000
2010/12/07,0,531000,-6000,525000
2010/12/08,0,550000,-10000,540000
2010/12/09,0,682000,-5000,677000
2010/12/10,0,154000,-45000,109000
2010/12/13,0,544000,-16000,528000
2010/12/14,0,407000,-31000,376000
2010/12/15,0,806000,-260490,545510
2010/12/16,0,100000,-9000,91000
2010/12/17,0,203000,-19000,184000
2010/12/20,0,24000,-101000,-77000
2010/12/21,0,48000,-148000,-100000
2010/12/22,0,7000,0,7000
2010/12/23,0,0,-6000,-6000
2010/12/24,0,0,0,0
2010/12/27,0,0,-5000,-5000
2010/12/28,0,650000,0,650000
2010/12/29,0,45000,0,45000
2010/12/30,0,150000,0,150000
2010/12/31,0,0,-16000,-16000
2011/01/03,0,265000,-220000,45000
2011/01/04,0,21000,0,21000
2011/01/05,0,300000,0,300000
2011/01/06,0,0,-777000,-777000
2011/01/07,0,370000,-204000,166000
2011/01/10,0,38000,-47000,-9000
2011/01/11,0,91000,-89000,2000
2011/01/12,0,264000,-740000,-476000
2011/01/13,0,0,0,0
2011/01/14,0,0,-37000,-37000
2011/01/17,0,342000,-556500,-214500
2011/01/18,0,87000,0,87000
2011/01/19,0,116000,-19000,97000
2011/01/20,0,251000,-15000,236000
2011/01/21,0,147000,-276000,-129000
2011/01/24,0,90000,-39000,51000
2011/01/25,0,14000,-1000,13000
2011/01/26,0,150000,-251000,-101000
2011/01/27,0,24000,-354000,-330000
2011/01/28,0,245000,-50000,195000
2011/01/31,0,0,0,0
2011/02/01,0,0,0,0
2011/02/02,0,0,0,0
2011/02/03,0,0,0,0
2011/02/04,0,0,0,0
2011/02/07,0,0,0,0
2011/02/08,0,572000,0,572000
2011/02/09,0,383000,0,383000
2011/02/10,0,109000,-78000,31000
2011/02/11,0,232000,-57000,175000
2011/02/14,0,332000,-19000,313000
2011/02/15,0,60000,-67000,-7000
2011/02/16,0,523000,-111000,412000
2011/02/17,0,92000,0,92000
2011/02/18,0,41000,-11000,30000
2011/02/21,0,685000,-433000,252000
2011/02/22,0,662000,0,662000
2011/02/23,0,31000,-159000,-128000
2011/02/24,0,5000,-198000,-193000
2011/02/25,0,4000,-255000,-251000
2011/02/28,0,0,0,0
2011/03/01,0,0,-630000,-630000
2011/03/02,0,5000,-553000,-548000
2011/03/03,0,79000,-900000,-821000
2011/03/04,0,0,-198000,-198000
2011/03/07,0,20000,-763000,-743000
2011/03/08,0,0,0,0
2011/03/09,0,0,-900000,-900000
2011/03/10,0,293000,-382000,-89000
2011/03/11,0,234000,-398000,-164000
2011/03/14,0,320000,-84000,236000
2011/03/15,0,54000,0,54000
2011/03/16,0,681000,-115000,566000
2011/03/17,0,633000,0,633000
2011/03/18,0,1018000,-78000,940000
2011/03/21,0,1025000,-57000,968000
2011/03/22,0,277000,-112000,165000
2011/03/23,0,200000,-30000,170000
2011/03/24,0,1347000,-27000,1320000
2011/03/25,0,874000,0,874000
2011/03/28,0,965000,-23000,942000
2011/03/29,0,1172000,-93000,1079000
2011/03/30,0,570000,0,570000
2011/03/31,0,723000,-17000,706000
2011/04/01,0,151000,-9000,142000
2011/04/04,0,0,0,0
2011/04/05,0,0,0,0
2011/04/06,0,931000,-707000,224000
2011/04/07,0,536000,-1025000,-489000
2011/04/08,0,0,-1759000,-1759000
2011/04/11,0,111000,-232000,-121000
2011/04/12,0,150000,-1396000,-1246000
2011/04/13,0,300000,-1455000,-1155000
2011/04/14,0,14000,0,14000
2011/04/15,0,0,-542000,-542000
2011/04/18,0,5000,-70000,-65000
2011/04/19,0,7000,-80000,-73000
2011/04/20,0,20000,-611000,-591000
2011/04/21,0,10000,-609000,-599000
2011/04/22,0,107000,-231000,-124000
2011/04/25,0,0,-267000,-267000
2011/04/26,0,0,-1599000,-1599000
2011/04/27,0,694000,-454697,239303
2011/04/28,0,0,-703000,-703000
2011/04/29,0,0,-344000,-344000
2011/05/02,0,0,0,0
2011/05/03,0,54000,-189000,-135000
2011/05/04,0,61000,-50000,11000
2011/05/05,0,80000,-316000,-236000
2011/05/06,0,42000,-2117000,-2075000
2011/05/09,0,221000,-1016000,-795000
2011/05/10,0,613000,0,613000
2011/05/11,0,200000,0,200000
2011/05/12,0,1012000,-244000,768000
2011/05/13,0,0,-15000,-15000
2011/05/16,0,212000,-15000,197000
2011/05/17,0,362000,-32000,330000
2011/05/18,0,8000,0,8000
2011/05/19,0,1003000,-70000,933000
2011/05/20,0,231000,-215000,16000
2011/05/23,0,6000,-22000,-16000
2011/05/24,0,549000,0,549000
2011/05/25,0,0,0,0
2011/05/26,0,485000,-1000000,-515000
2011/05/27,0,150000,-1000000,-850000
2011/05/30,0,266000,-9000,257000
2011/05/31,0,15000,-1002000,-987000
2011/06/01,0,13000,-14000,-1000
2011/06/02,0,49000,-520000,-471000
2011/06/03,0,0,-1515000,-1515000
2011/06/06,0,0,0,0
2011/06/07,0,7000,-9000,-2000
2011/06/08,0,239000,-8000,231000
2011/06/09,0,0,-244000,-244000
2011/06/10,0,0,0,0
2011/06/13,0,150000,-8000,142000
2011/06/14,0,209000,-11000,198000
2011/06/15,0,115000,0,115000
2011/06/16,0,346000,-300000,46000
2011/06/17,0,159000,-415000,-256000
2011/06/20,0,10000,-504000,-494000
2011/06/21,0,42000,-169000,-127000
2011/06/22,0,39000,-20000,19000
2011/06/23,0,96000,-781230,-685230
2011/06/24,0,52000,-668000,-616000
2011/06/27,0,109000,-150000,-41000
2011/06/28,0,357000,-730000,-373000
2011/06/29,0,558000,0,558000
2011/06/30,0,168000,-100000,68000
2011/07/01,0,432000,-200000,232000
2011/07/04,0,522000,-5000,517000
2011/07/05,0,871000,-454000,417000
2011/07/06,0,173000,-1000,172000
2011/07/07,0,43000,-50000,-7000
2011/07/08,0,64000,-150000,-86000
2011/07/11,0,33000,-137000,-104000
2011/07/12,0,26000,-200000,-174000
2011/07/13,0,111000,0,111000
2011/07/14,0,615000,-200000,415000
2011/07/15,0,101000,-203000,-102000
2011/07/18,0,6000,-49000,-43000
2011/07/19,0,154000,-489000,-335000
2011/07/20,0,455000,-11000,444000
2011/07/21,0,252000,-405000,-153000
2011/07/22,0,0,-49000,-49000
2011/07/25,0,20000,-613000,-593000
2011/07/26,0,627000,-374000,253000
2011/07/27,0,264000,-763000,-499000
2011/07/28,0,45000,-1128000,-1083000
2011/07/29,0,0,0,0
2011/08/01,0,8000,-251000,-243000
2011/08/02,0,953000,-2052000,-1099000
2011/08/03,0,139000,-1417000,-1278000
2011/08/04,0,1141000,-106000,1035000
2011/08/05,0,75000,-24000,51000
2011/08/08,0,59000,-455000,-396000
2011/08/09,0,572000,-161000,411000
2011/08/10,0,49000,-570000,-521000
2011/08/11,0,101000,-585000,-484000
2011/08/12,0,119000,-246000,-127000
2011/08/15,0,81000,-20000,61000
2011/08/16,0,660000,-461000,199000
2011/08/17,0,216000,-106000,110000
2011/08/18,0,99000,-350000,-251000
2011/08/19,0,218000,0,218000
2011/08/22,0,444000,-4000,440000
2011/08/23,0,302000,-20000,282000
2011/08/24,0,254000,0,254000
2011/08/25,0,230000,0,230000
2011/08/26,0,1563000,-889000,674000
2011/08/29,0,2332000,-78000,2254000
2011/08/30,0,809000,0,809000
2011/08/31,0,257000,-7000,250000
2011/09/01,0,471000,-14000,457000
2011/09/02,0,51000,-12000,39000
2011/09/05,0,89000,-316000,-227000
2011/09/06,0,132000,0,132000
2011/09/07,0,482000,0,482000
2011/09/08,0,202000,0,202000
2011/09/09,0,19000,-614000,-595000
2011/09/12,0,0,0,0
2011/09/13,0,710000,-9729,700271
2011/09/14,0,386000,-138000,248000
2011/09/15,0,73000,-115000,-42000
2011/09/16,0,886000,-648000,238000
2011/09/19,0,241000,-1000,240000
2011/09/20,0,1004000,-1000,1003000
2011/09/21,0,98625,-37000,61625
2011/09/22,0,87000,-351000,-264000
2011/09/23,0,23000,-140000,-117000
2011/09/26,0,192000,-100000,92000
2011/09/27,0,1553000,-50000,1503000
2011/09/28,0,2783000,-286000,2497000
2011/09/29,0,131000,-348000,-217000
2011/09/30,0,496500,-121000,375500
2011/10/03,0,226000,-26000,200000
2011/10/04,0,502000,-263000,239000
2011/10/05,0,57000,0,57000
2011/10/06,0,1776000,-60000,1716000
2011/10/07,0,4082000,-52000,4030000
2011/10/10,0,0,0,0
2011/10/11,0,873000,-364000,509000
2011/10/12,0,50000,-164000,-114000
2011/10/13,0,230000,-30000,200000
2011/10/14,0,0,-503000,-503000
2011/10/17,0,0,-125437,-125437
2011/10/18,0,4000,-520229,-516229
2011/10/19,0,294000,-28000,266000
2011/10/20,0,50000,-300000,-250000
2011/10/21,0,0,-256000,-256000
2011/10/24,0,181500,-120000,61500
2011/10/25,0,262000,-306000,-44000
2011/10/26,0,424000,-15000,409000
2011/10/27,0,6000,-259000,-253000
2011/10/28,0,393000,-218000,175000
2011/10/31,0,557000,-10000,547000
2011/11/01,0,125000,-12000,113000
2011/11/02,0,423000,-260000,163000
2011/11/03,0,154000,-696000,-542000
2011/11/04,0,563000,-225000,338000
2011/11/07,0,925000,-350000,575000
2011/11/08,0,765000,-304000,461000
2011/11/09,0,386000,0,386000
2011/11/10,0,3000,0,3000
2011/11/11,0,69000,-3000,66000
2011/11/14,0,330000,-5375,324625
2011/11/15,0,147000,-1000,146000
2011/11/16,0,419000,0,419000
2011/11/17,0,202000,-284000,-82000
2011/11/18,0,38000,-1277000,-1239000
2011/11/21,0,211000,-1154000,-943000
2011/11/22,0,191000,-270000,-79000
2011/11/23,0,128000,-166000,-38000
2011/11/24,0,633000,-260000,373000
2011/11/25,0,409000,-75000,334000
2011/11/28,0,327000,-357000,-30000
2011/11/29,0,18000,-60000,-42000
2011/11/30,0,4000,-4000,0
2011/12/01,0,902000,-36000,866000
2011/12/02,0,15000,0,15000
2011/12/05,0,6000,-37000,-31000
2011/12/06,0,0,-100000,-100000
2011/12/07,0,325000,0,325000
2011/12/08,0,247000,0,247000
2011/12/09,0,357000,-4361,352639
2011/12/12,0,359000,0,359000
2011/12/13,0,257000,-1470000,-1213000
2011/12/14,0,183000,0,183000
2011/12/15,0,141000,0,141000
2011/12/16,0,4000,-213500,-209500
2011/12/19,0,19000,-751000,-732000
2011/12/20,0,308000,-525000,-217000
2011/12/21,0,405000,-297000,108000
2011/12/22,0,10000,-400000,-390000
2011/12/23,0,0,-713000,-713000
2011/12/26,0,66000,-1606000,-1540000
2011/12/27,0,18000,-1344000,-1326000
2011/12/28,0,0,-3549000,-3549000
2011/12/29,0,0,-1571000,-1571000
2011/12/30,0,10000,-2748000,-2738000
2012/01/02,0,19000,-2655000,-2636000
2012/01/03,0,0,-2153000,-2153000
2012/01/04,0,731000,-2539000,-1808000
2012/01/05,0,180196,-1676250,-1496054
2012/01/06,0,500,-70000,-69500
2012/01/09,0,139000,-263000,-124000
2012/01/10,0,259000,-229000,30000
2012/01/11,0,0,-336000,-336000
2012/01/12,0,0,-122000,-122000
2012/01/13,0,0,-869000,-869000
2012/01/16,0,0,-455000,-455000
2012/01/17,0,0,-378000,-378000
2012/01/18,0,381000,-358000,23000
2012/01/19,0,0,0,0
2012/01/20,0,0,0,0
2012/01/23,0,0,0,0
2012/01/24,0,0,0,0
2012/01/25,0,0,0,0
2012/01/26,0,0,0,0
2012/01/27,0,0,0,0
2012/01/30,0,600000,-1033000,-433000
2012/01/31,0,20000,-1034000,-1014000
2012/02/01,0,0,-186000,-186000
2012/02/02,0,0,-179000,-179000
2012/02/03,0,0,-1160000,-1160000
2012/02/06,0,262000,-26000,236000
2012/02/07,0,40000,-160000,-120000
2012/02/08,0,0,-467000,-467000
2012/02/09,0,35322,-628000,-592678
2012/02/10,0,10000,-507000,-497000
2012/02/13,0,0,-1000,-1000
2012/02/14,0,164000,-206000,-42000
2012/02/15,0,0,-789000,-789000
2012/02/16,0,1000,-25000,-24000
2012/02/17,0,289000,0,289000
2012/02/20,0,397000,-8000,389000
2012/02/21,0,1600000,0,1600000
2012/02/22,0,172000,0,172000
2012/02/23,0,20000,-7000,13000
2012/02/24,0,68000,-29000,39000
2012/02/27,0,0,0,0
2012/02/28,0,0,0,0
2012/02/29,0,486000,-51000,435000
2012/03/01,0,210000,-955000,-745000
2012/03/02,0,0,-13000,-13000
2012/03/05,0,501000,-3000,498000
2012/03/06,0,466000,-141000,325000
2012/03/07,0,618000,0,618000
2012/03/08,0,851000,-13330,837670
2012/03/09,0,0,0,0
2012/03/12,0,46000,-13000,33000
2012/03/13,0,3000,-30000,-27000
2012/03/14,0,0,-61000,-61000
2012/03/15,0,0,-177000,-177000
2012/03/16,0,180000,-467000,-287000
2012/03/19,0,117100,-14000,103100
2012/03/20,0,100000,-2536000,-2436000
2012/03/21,0,2824000,-388000,2436000
2012/03/22,0,240000,0,240000
2012/03/23,0,0,-358000,-358000
2012/03/26,0,0,-613000,-613000
2012/03/27,0,580000,-218000,362000
2012/03/28,0,0,0,0
2012/03/29,0,0,0,0
2012/03/30,0,41000,-29000,12000
2012/04/02,0,2000,-1000,1000
2012/04/03,0,0,-370000,-370000
2012/04/04,0,0,0,0
2012/04/05,0,3000,-184629,-181629
2012/04/06,0,13000,-112000,-99000
2012/04/09,0,0,-11000,-11000
2012/04/10,0,0,-510000,-510000
2012/04/11,0,0,0,0
2012/04/12,0,0,-319000,-319000
2012/04/13,0,64000,-305000,-241000
2012/04/16,0,0,-575000,-575000
2012/04/17,0,0,0,0
2012/04/18,0,0,-39000,-39000
2012/04/19,0,0,0,0
2012/04/20,0,12000,0,12000
2012/04/23,0,831000,0,831000
2012/04/24,0,33000,0,33000
2012/04/25,0,500000,0,500000
2012/04/26,0,31000,0,31000
2012/04/27,0,73000,0,73000
2012/04/30,0,1155000,0,1155000
2012/05/01,0,0,0,0
2012/05/02,0,53000,-121000,-68000
2012/05/03,0,255124,-800000,-544876
2012/05/04,0,45000,-726000,-681000
2012/05/07,0,800,-255000,-254200
2012/05/08,0,0,0,0
2012/05/09,0,0,-407000,-407000
2012/05/10,0,0,-971000,-971000
2012/05/11,0,16000,-1326000,-1310000
2012/05/14,0,0,-270000,-270000
2012/05/15,0,40000,0,40000
2012/05/16,0,30000,-54000,-24000
2012/05/17,0,114000,-70000,44000
2012/05/18,0,15000,-185000,-170000
2012/05/21,0,0,-94000,-94000
2012/05/22,0,0,0,0
2012/05/23,0,0,-36000,-36000
2012/05/24,0,0,-563000,-563000
2012/05/25,0,100000,0,100000
2012/05/28,0,0,-44000,-44000
2012/05/29,0,8000,-129000,-121000
2012/05/30,0,0,-151184,-151184
2012/05/31,0,18000,-88000,-70000
2012/06/01,0,15000,0,15000
2012/06/04,0,22000,-103520,-81520
2012/06/05,0,104000,-100000,4000
2012/06/06,0,0,-101000,-101000
2012/06/07,0,0,-684000,-684000
2012/06/08,0,153000,-256000,-103000
2012/06/11,0,53000,-27000,26000
2012/06/12,0,178000,0,178000
2012/06/13,0,82000,-61000,21000
2012/06/14,0,42000,-45000,-3000
2012/06/15,0,0,-264500,-264500
2012/06/18,0,0,-1000,-1000
2012/06/19,0,0,-372000,-372000
2012/06/20,0,0,0,0
2012/06/21,0,0,-42000,-42000
2012/06/22,0,0,-82000,-82000
2012/06/25,0,0,-301000,-301000
2012/06/26,0,68000,-62959,5041
2012/06/27,0,0,0,0
2012/06/28,0,70000,-188000,-118000
2012/06/29,0,48000,-545000,-497000
2012/07/02,0,202000,-10000,192000
2012/07/03,0,96000,0,96000
2012/07/04,0,148000,-198000,-50000
2012/07/05,0,5000,-4000,1000
2012/07/06,0,0,-167000,-167000
2012/07/09,0,0,0,0
2012/07/10,0,2000,0,2000
2012/07/11,0,1000,-46000,-45000
2012/07/12,0,0,0,0
2012/07/13,0,0,0,0
2012/07/16,0,0,-2500,-2500
2012/07/17,0,16000,0,16000
2012/07/18,0,356000,0,356000
2012/07/19,0,2000,0,2000
2012/07/20,0,0,-130000,-130000
2012/07/23,0,0,-14000,-14000
2012/07/24,0,0,0,0
2012/07/25,0,524000,0,524000
2012/07/26,0,548000,-360000,188000
2012/07/27,0,0,0,0
2012/07/30,0,197000,0,197000
2012/07/31,0,0,0,0
2012/08/01,0,1073500,0,1073500
2012/08/02,0,0,0,0
2012/08/03,0,1222000,0,1222000
2012/08/06,0,205500,-6000,199500
2012/08/07,0,2000,-189000,-187000
2012/08/08,0,332000,-38000,294000
2012/08/09,0,113000,-25000,88000
2012/08/10,0,54000,-9000,45000
2012/08/13,0,0,-14000,-14000
2012/08/14,0,0,-8000,-8000
2012/08/15,0,1553426,-26000,1527426
2012/08/16,0,1000000,-11000,989000
2012/08/17,0,19500,-189806,-170306
2012/08/20,0,0,-22000,-22000
2012/08/21,0,0,-3000,-3000
2012/08/22,0,0,-4000,-4000
2012/08/23,0,3000,-39000,-36000
2012/08/24,0,0,-315000,-315000
2012/08/27,0,77000,-64000,13000
2012/08/28,0,1000,0,1000
2012/08/29,0,0,-130000,-130000
2012/08/30,0,0,-1000,-1000
2012/08/31,0,13000,-105000,-92000
2012/09/03,0,0,-7000,-7000
2012/09/04,0,0,-20000,-20000
2012/09/05,0,1000,-283000,-282000
2012/09/06,0,5000,-420000,-415000
2012/09/07,0,3000,-2000,1000
2012/09/10,0,0,0,0
2012/09/11,0,0,0,0
2012/09/12,0,4500,-8000,-3500
2012/09/13,0,3500,-80000,-76500
2012/09/14,0,80000,0,80000
2012/09/17,0,3000,-30000,-27000
2012/09/18,0,276000,-194000,82000
2012/09/19,0,124000,-93000,31000
2012/09/20,0,0,-27000,-27000
2012/09/21,0,0,-367000,-367000
2012/09/24,0,1000,-113000,-112000
2012/09/25,0,0,0,0
2012/09/26,0,0,-718000,-718000
2012/09/27,0,2000,-76000,-74000
2012/09/28,0,5000,0,5000
2012/10/01,0,2000,0,2000
2012/10/02,0,100000,0,100000
2012/10/03,0,90000,-506000,-416000
2012/10/04,0,0,0,0
2012/10/05,0,0,-101000,-101000
2012/10/08,0,0,-102000,-102000
2012/10/09,0,0,0,0
2012/10/10,0,0,0,0
2012/10/11,0,0,0,0
2012/10/12,0,0,-6000,-6000
2012/10/15,0,2000,-100000,-98000
2012/10/16,0,0,-200000,-200000
2012/10/17,0,4000,-330000,-326000
2012/10/18,0,1000,0,1000
2012/10/19,0,0,-120000,-120000
2012/10/22,0,0,0,0
2012/10/23,0,20000,-8000,12000
2012/10/24,0,0,-246000,-246000
2012/10/25,0,0,0,0
2012/10/26,0,0,-782000,-782000
2012/10/29,0,0,-5751,-5751
2012/10/30,0,0,-42000,-42000
2012/10/31,0,0,-62000,-62000
2012/11/01,0,0,0,0
2012/11/02,0,9000,-1949000,-1940000
2012/11/05,0,100000,0,100000
2012/11/06,0,350000,0,350000
2012/11/07,0,0,0,0
2012/11/08,0,0,-45000,-45000
2012/11/09,0,481000,-500,480500
2012/11/12,0,400000,-340000,60000
2012/11/13,0,115000,-160000,-45000
2012/11/14,0,300000,-250000,50000
2012/11/15,0,300000,-300000,0
2012/11/16,0,12000,-2135000,-2123000
2012/11/19,0,129000,-16000,113000
2012/11/20,0,515000,0,515000
2012/11/21,0,40000,0,40000
2012/11/22,0,0,0,0
2012/11/23,0,15000,0,15000
2012/11/26,0,0,0,0
2012/11/27,0,15000,-8000,7000
2012/11/28,0,119000,-13000,106000
2012/11/29,0,29000,0,29000
2012/11/30,0,42000,-11000,31000
2012/12/03,0,0,-206000,-206000
2012/12/04,0,0,-21000,-21000
2012/12/05,0,0,-401000,-401000
2012/12/06,0,0,0,0
2012/12/07,0,0,0,0
2012/12/10,0,0,-35000,-35000
2012/12/11,0,300000,0,300000
2012/12/12,0,250000,-50000,200000
2012/12/13,0,0,-2000,-2000
2012/12/14,0,21000,-225000,-204000
2012/12/17,0,460000,-91000,369000
2012/12/18,0,467000,-107000,360000
2012/12/19,0,0,0,0
2012/12/20,0,0,-61000,-61000
2012/12/21,0,0,-90000,-90000
2012/12/24,0,0,0,0
2012/12/25,0,30000,0,30000
2012/12/26,0,719000,-45000,674000
2012/12/27,0,1156000,-149000,1007000
2012/12/28,0,619000,-68000,551000
2012/12/31,0,0,0,0
2013/01/01,0,0,0,0
2013/01/02,0,362000,-50000,312000
2013/01/03,0,613000,-7000,606000
2013/01/04,0,468000,-14000,454000
2013/01/07,0,404000,-351000,53000
2013/01/08,0,0,-124000,-124000
2013/01/09,0,0,-26000,-26000
2013/01/10,0,62000,0,62000
2013/01/11,0,150000,-166000,-16000
2013/01/14,0,135000,-115000,20000
2013/01/15,0,0,-139000,-139000
2013/01/16,0,0,-48000,-48000
2013/01/17,0,0,-225025,-225025
2013/01/18,0,35000,0,35000
2013/01/21,0,0,-37000,-37000
2013/01/22,0,0,-170000,-170000
2013/01/23,0,0,-39000,-39000
2013/01/24,0,2000,-38000,-36000
2013/01/25,0,0,-878000,-878000
2013/01/28,0,0,-1096000,-1096000
2013/01/29,0,0,-605000,-605000
2013/01/30,0,0,-110000,-110000
2013/01/31,0,20000,-37000,-17000
2013/02/01,0,0,0,0
2013/02/04,0,3000,-19000,-16000
2013/02/05,0,0,-1025000,-1025000
2013/02/06,0,3000,-500740,-497740
2013/02/07,0,0,0,0
2013/02/08,0,0,0,0
2013/02/11,0,0,0,0
2013/02/12,0,0,0,0
2013/02/13,0,0,0,0
2013/02/14,0,0,0,0
2013/02/15,0,0,0,0
2013/02/18,0,0,-84000,-84000
2013/02/19,0,0,-307000,-307000
2013/02/20,0,0,-295000,-295000
2013/02/21,0,0,-70000,-70000
2013/02/22,0,0,-26000,-26000
2013/02/25,0,0,-41000,-41000
2013/02/26,0,0,-404000,-404000
2013/02/27,0,0,-202000,-202000
2013/02/28,0,0,0,0
2013/03/01,0,0,-153000,-153000
2013/03/04,0,0,-205000,-205000
2013/03/05,0,0,-310000,-310000
2013/03/06,0,0,-251000,-251000
2013/03/07,0,0,-32000,-32000
2013/03/08,0,0,-44000,-44000
2013/03/11,0,0,-539000,-539000
2013/03/12,0,0,-90000,-90000
2013/03/13,0,0,-246000,-246000
2013/03/14,0,0,-6000,-6000
2013/03/15,0,3287000,-17000,3270000
2013/03/18,0,33000,-10000,23000
2013/03/19,0,0,-12000,-12000
2013/03/20,0,0,-14000,-14000
2013/03/21,0,0,0,0
2013/03/22,0,0,-7000,-7000
2013/03/25,0,0,0,0
2013/03/26,0,0,0,0
2013/03/27,0,2000,-61000,-59000
2013/03/28,0,0,-257000,-257000
2013/03/29,0,2000,0,2000
2013/04/01,0,0,-4000,-4000
2013/04/02,0,0,-4000,-4000
2013/04/03,0,0,-16000,-16000
2013/04/04,0,0,0,0
2013/04/05,0,0,0,0
2013/04/08,0,0,-444000,-444000
2013/04/09,0,100000,-6000,94000
2013/04/10,0,0,0,0
2013/04/11,0,0,-94000,-94000
2013/04/12,0,0,-1000,-1000
2013/04/15,0,0,-4000,-4000
2013/04/16,0,0,-44000,-44000
2013/04/17,0,20000,-127000,-107000
2013/04/18,0,0,0,0
2013/04/19,0,16109,0,16109
2013/04/22,0,0,-25000,-25000
2013/04/23,0,150000,-25000,125000
2013/04/24,0,55000,-5000,50000
2013/04/25,0,214000,-16000,198000
2013/04/26,0,0,-8000,-8000
2013/04/29,0,25000,-13000,12000
2013/04/30,0,290000,-405000,-115000
2013/05/01,0,0,0,0
2013/05/02,0,50000,-14000,36000
2013/05/03,0,0,-60000,-60000
2013/05/06,0,140000,-19000,121000
2013/05/07,0,110000,-1000,109000
2013/05/08,0,310000,-3000,307000
2013/05/09,0,75000,-11000,64000
2013/05/10,0,115000,-90000,25000
2013/05/13,0,35000,-11000,24000
2013/05/14,0,36000,-3000,33000
2013/05/15,0,0,-612000,-612000
2013/05/16,0,1353000,0,1353000
2013/05/17,0,296000,-21000,275000
2013/05/20,0,0,-168000,-168000
2013/05/21,0,0,0,0
2013/05/22,0,0,-25000,-25000
2013/05/23,0,0,-2000,-2000
2013/05/24,0,0,-371000,-371000
2013/05/27,0,0,-2000,-2000
2013/05/28,0,0,-3000,-3000
2013/05/29,0,0,0,0
2013/05/30,0,0,-150000,-150000
2013/05/31,0,2000,-180000,-178000
2013/06/03,0,0,0,0
2013/06/04,0,0,0,0
2013/06/05,0,58000,-30000,28000
2013/06/06,0,105000,-238000,-133000
2013/06/07,0,95000,-139000,-44000
2013/06/10,0,44000,0,44000
2013/06/11,0,216000,0,216000
2013/06/12,0,0,0,0
2013/06/13,0,41000,-6000,35000
2013/06/14,0,0,0,0
2013/06/17,0,459000,-55000,404000
2013/06/18,0,30000,-4000,26000
2013/06/19,0,20000,-4000,16000
2013/06/20,0,0,0,0
2013/06/21,0,7000,-64000,-57000
2013/06/24,0,221000,0,221000
2013/06/25,0,300000,0,300000
2013/06/26,0,180000,-8000,172000
2013/06/27,0,207000,-13000,194000
2013/06/28,0,436000,-3000,433000
2013/07/01,0,0,-280000,-280000
2013/07/02,0,1500000,-432000,1068000
2013/07/03,0,1386000,-70000,1316000
2013/07/04,0,266000,-100000,166000
2013/07/05,0,352000,-21000,331000
2013/07/08,0,1527000,-100000,1427000
2013/07/09,0,238000,0,238000
2013/07/10,0,340000,0,340000
2013/07/11,0,370000,-527,369473
2013/07/12,0,50000,-12000,38000
2013/07/15,0,0,0,0
2013/07/16,0,80000,-21000,59000
2013/07/17,0,0,0,0
2013/07/18,0,272000,-4000,268000
2013/07/19,0,95000,0,95000
2013/07/22,0,42000,0,42000
2013/07/23,0,228800,0,228800
2013/07/24,0,1000,0,1000
2013/07/25,0,500000,0,500000
2013/07/26,0,26000,0,26000
2013/07/29,0,0,-45000,-45000
2013/07/30,0,1000,-138000,-137000
2013/07/31,0,110000,-473000,-363000
2013/08/01,0,90000,-93000,-3000
2013/08/02,0,0,-101000,-101000
2013/08/05,0,79000,-2000,77000
2013/08/06,0,220000,0,220000
2013/08/07,0,500000,-84000,416000
2013/08/08,0,1311000,0,1311000
2013/08/09,0,607000,0,607000
2013/08/12,0,475000,0,475000
2013/08/13,0,0,0,0
2013/08/14,0,575000,0,575000
2013/08/15,0,10000,-3000,7000
2013/08/16,0,68000,-32000,36000
2013/08/19,0,6000,-240000,-234000
2013/08/20,0,13000,0,13000
2013/08/21,0,0,0,0
2013/08/22,0,6000,0,6000
2013/08/23,0,10000,0,10000
2013/08/26,0,294000,0,294000
2013/08/27,0,0,0,0
2013/08/28,0,19000,0,19000
2013/08/29,0,185000,0,185000
2013/08/30,0,7000,-83000,-76000
2013/09/02,0,140000,0,140000
2013/09/03,0,0,-66330,-66330
2013/09/04,0,0,0,0
2013/09/05,0,0,-5000,-5000
2013/09/06,0,52000,0,52000
2013/09/09,0,227000,-3000,224000
2013/09/10,0,22000,0,22000
2013/09/11,0,1607000,-57000,1550000
2013/09/12,0,1042000,-44230,997770
2013/09/13,0,313000,-68230,244770
2013/09/16,0,598000,-2340,595660
2013/09/17,0,745000,-5000,740000
2013/09/18,0,415000,-531000,-116000
2013/09/19,0,0,0,0
2013/09/20,0,0,0,0
2013/09/23,0,0,-26000,-26000
2013/09/24,0,15000,-32050,-17050
2013/09/25,0,452000,-280000,172000
2013/09/26,0,2000,-49000,-47000
2013/09/27,0,619000,-43000,576000
2013/09/30,0,1302000,-26000,1276000
2013/10/01,0,1729000,-26000,1703000
2013/10/02,0,1914000,-1000,1913000
2013/10/03,0,1295000,-10000,1285000
2013/10/04,0,283000,0,283000
2013/10/07,0,433000,-260000,173000
2013/10/08,0,252000,0,252000
2013/10/09,0,0,-50000,-50000
2013/10/10,0,0,0,0
2013/10/11,0,60000,0,60000
2013/10/14,0,0,-151000,-151000
2013/10/15,0,100000,-10000,90000
2013/10/16,0,253000,-16910,236090
2013/10/17,0,143000,-100000,43000
2013/10/18,0,34000,-18000,16000
2013/10/21,0,401000,-130000,271000
2013/10/22,0,151000,-163720,-12720
2013/10/23,0,1652000,-356450,1295550
2013/10/24,0,1000,-10000,-9000
2013/10/25,0,1000000,0,1000000
2013/10/28,0,10000,-34000,-24000
2013/10/29,0,1121000,-2000,1119000
2013/10/30,0,715000,-568050,146950
2013/10/31,0,212000,-33000,179000
2013/11/01,0,0,-26550,-26550
2013/11/04,0,500000,-410000,90000
2013/11/05,0,0,-65000,-65000
2013/11/06,0,0,-24000,-24000
2013/11/07,0,500000,-40000,460000
2013/11/08,0,200000,-11000,189000
2013/11/11,0,0,-909000,-909000
2013/11/12,0,1000,-199000,-198000
2013/11/13,0,0,0,0
2013/11/14,0,0,-60500,-60500
2013/11/15,0,0,-4000,-4000
2013/11/18,0,766000,-300000,466000
2013/11/19,0,0,-237000,-237000
2013/11/20,0,300000,-217000,83000
2013/11/21,0,0,-35000,-35000
2013/11/22,0,51000,-131000,-80000
2013/11/25,0,149000,-203671,-54671
2013/11/26,0,0,-330000,-330000
2013/11/27,0,0,-130000,-130000
2013/11/28,0,87630,0,87630
2013/11/29,0,0,-65000,-65000
2013/12/02,0,0,0,0
2013/12/03,0,0,-160000,-160000
2013/12/04,0,0,-161000,-161000
2013/12/05,0,0,-100000,-100000
2013/12/06,0,24000,0,24000
2013/12/09,0,266000,0,266000
2013/12/10,0,0,0,0
2013/12/11,0,830000,0,830000
2013/12/12,0,0,-2000,-2000
2013/12/13,0,76000,-1000,75000
2013/12/16,0,0,-903000,-903000
2013/12/17,0,0,-196000,-196000
2013/12/18,0,0,-661000,-661000
2013/12/19,0,0,0,0
2013/12/20,0,75000,0,75000
2013/12/23,0,0,-233000,-233000
2013/12/24,0,0,-295000,-295000
2013/12/25,0,0,-17000,-17000
2013/12/26,0,0,-232000,-232000
2013/12/27,0,17000,0,17000
2013/12/30,0,240000,-3000,237000
2013/12/31,0,0,-8000,-8000
2014/01/02,0,16000,-105000,-89000
2014/01/03,0,0,-1282000,-1282000
2014/01/06,0,0,-337000,-337000
2014/01/07,0,0,-542020,-542020
2014/01/08,0,76000,-110000,-34000
2014/01/09,0,0,-360000,-360000
2014/01/10,0,0,-329500,-329500
2014/01/13,0,0,-100000,-100000
2014/01/14,0,2000,-107000,-105000
2014/01/15,0,0,-229000,-229000
2014/01/16,0,0,-76000,-76000
2014/01/17,0,0,-320000,-320000
2014/01/20,0,0,-37000,-37000
2014/01/21,0,85000,-544420,-459420
2014/01/22,0,0,-535000,-535000
2014/01/23,0,52000,-176000,-124000
2014/01/24,0,0,-16000,-16000
2014/01/27,0,0,-166000,-166000
2014/02/05,0,0,0,0
2014/02/06,0,0,-1285000,-1285000
2014/02/07,0,284000,-110000,174000
2014/02/10,0,0,-163000,-163000
2014/02/11,0,0,-88000,-88000
2014/02/12,0,0,-59000,-59000
2014/02/13,0,0,-195467,-195467
2014/02/14,0,0,-360000,-360000
2014/02/17,0,0,-728000,-728000
2014/02/18,0,0,-1419000,-1419000
2014/02/19,0,9000,-158100,-149100
2014/02/20,0,0,-165000,-165000
2014/02/21,0,10000,0,10000
2014/02/24,0,0,-288000,-288000
2014/02/25,0,0,-182540,-182540
2014/02/26,0,0,-532000,-532000
2014/02/27,0,0,-120000,-120000
2014/03/03,0,0,-737240,-737240
2014/03/04,0,0,-167500,-167500
2014/03/05,0,0,-1588000,-1588000
2014/03/06,0,0,-2466000,-2466000
2014/03/07,0,0,-653000,-653000
2014/03/10,0,0,-780350,-780350
2014/03/11,0,0,-890370,-890370
2014/03/12,0,0,-504000,-504000
2014/03/13,0,0,-30000,-30000
2014/03/14,0,0,-5000,-5000
2014/03/17,0,0,-119000,-119000
2014/03/18,0,0,-85000,-85000
2014/03/19,0,0,-75000,-75000
2014/03/20,0,0,-110000,-110000
2014/03/21,0,0,-838000,-838000
2014/03/24,0,0,-53358,-53358
2014/03/25,0,0,-100000,-100000
2014/03/26,0,0,0,0
2014/03/27,0,0,0,0
2014/03/28,0,0,-217680,-217680
2014/03/31,0,0,0,0
2014/04/01,0,0,-54000,-54000
2014/04/02,0,0,-46000,-46000
2014/04/03,0,0,-83000,-83000
2014/04/07,0,0,-22000,-22000
2014/04/08,0,0,0,0
2014/04/09,0,0,0,0
2014/04/10,0,13079,0,13079
2014/04/11,0,0,0,0
2014/04/14,0,0,0,0
2014/04/15,0,14000,0,14000
2014/04/16,0,0,-1000,-1000
2014/04/17,0,0,-287000,-287000
2014/04/18,0,0,-266000,-266000
2014/04/21,0,2000,-2000,0
2014/04/22,0,0,-3000,-3000
2014/04/23,0,0,0,0
2014/04/24,0,0,-40000,-40000
2014/04/25,0,0,-50000,-50000
2014/04/28,0,0,-102000,-102000
2014/04/29,0,0,0,0
2014/04/30,0,0,-161000,-161000
2014/05/02,0,0,0,0
2014/05/05,0,0,0,0
2014/05/06,0,164000,-809000,-645000
2014/05/07,0,0,-1000,-1000
2014/05/08,0,0,0,0
2014/05/09,0,0,-1000,-1000
2014/05/12,0,0,0,0
2014/05/13,0,0,-1000,-1000
2014/05/14,0,0,0,0
2014/05/15,0,1000,-72000,-71000
2014/05/16,0,0,-325000,-325000
2014/05/19,0,0,-117653,-117653
2014/05/20,0,0,0,0
2014/05/21,0,0,0,0
2014/05/22,0,0,0,0
2014/05/23,0,0,0,0
2014/05/26,0,0,-32000,-32000
2014/05/27,0,0,-55000,-55000
2014/05/28,0,0,-2000,-2000
2014/05/29,0,106000,0,106000
2014/05/30,0,0,-380400,-380400
2014/06/03,0,0,0,0
2014/06/04,0,372000,0,372000
2014/06/05,0,0,0,0
2014/06/06,0,0,-2000,-2000
2014/06/09,0,2000,0,2000
2014/06/10,0,0,-9000,-9000
2014/06/11,0,627000,-14000,613000
2014/06/12,0,0,-35000,-35000
2014/06/13,0,0,-13000,-13000
2014/06/16,0,0,-21000,-21000
2014/06/17,0,0,0,0
2014/06/18,0,357000,-23270,333730
2014/06/19,0,0,0,0
2014/06/20,0,0,-276000,-276000
2014/06/23,0,50000,0,50000
2014/06/24,0,0,-8000,-8000
2014/06/25,0,177000,-4000,173000
2014/06/26,0,111000,-11000,100000
2014/06/27,0,115000,-1354000,-1239000
2014/06/30,0,0,-21000,-21000
2014/07/01,0,130000,0,130000
2014/07/02,0,0,-1040,-1040
2014/07/03,0,0,-47000,-47000
2014/07/04,0,0,0,0
2014/07/07,0,0,0,0
2014/07/08,0,0,-15000,-15000
2014/07/09,0,0,0,0
2014/07/10,0,0,0,0
2014/07/11,0,0,0,0
2014/07/14,0,0,0,0
2014/07/15,0,0,-220000,-220000
2014/07/16,0,0,0,0
2014/07/17,0,22000,0,22000
2014/07/18,0,0,0,0
2014/07/21,0,0,0,0
2014/07/22,0,39000,0,39000
2014/07/23,0,0,0,0
2014/07/24,0,427000,0,427000
2014/07/25,0,518000,0,518000
2014/07/28,0,0,0,0
2014/07/29,0,5000,0,5000
2014/07/30,0,43000,-2000,41000
2014/07/31,0,39000,0,39000
2014/08/01,0,94000,0,94000
2014/08/04,0,0,-200000,-200000
2014/08/05,0,665000,0,665000
2014/08/06,0,7000,0,7000
2014/08/07,0,33000,0,33000
2014/08/08,0,44000,0,44000
2014/08/11,0,15000,0,15000
2014/08/12,0,12000,0,12000
2014/08/13,0,8000,0,8000
2014/08/14,0,20000,0,20000
2014/08/15,0,8000,0,8000
2014/08/18,0,2000,0,2000
2014/08/19,0,7000,0,7000
2014/08/20,0,146000,0,146000
2014/08/21,0,4000,-63000,-59000
2014/08/22,0,0,0,0
2014/08/25,0,0,0,0
2014/08/26,0,2000,0,2000
2014/08/27,0,2000,0,2000
2014/08/28,0,44000,-10000,34000
2014/08/29,0,2000,0,2000
2014/09/01,0,0,0,0
2014/09/02,0,0,0,0
2014/09/03,0,17000,0,17000
2014/09/04,0,398000,0,398000
2014/09/05,0,16000,0,16000
2014/09/09,0,0,0,0
2014/09/10,0,0,-141000,-141000
2014/09/11,0,29000,-194000,-165000
2014/09/12,0,23000,0,23000
2014/09/15,0,5000,0,5000
2014/09/16,0,12000,0,12000
2014/09/17,0,11000,0,11000
2014/09/18,0,0,0,0
2014/09/19,0,1500,-15000,-13500
2014/09/22,0,24431,0,24431
2014/09/23,0,3000,-7000,-4000
2014/09/24,0,4000,0,4000
2014/09/25,0,0,0,0
2014/09/26,0,0,0,0
2014/09/29,0,0,0,0
2014/09/30,0,29000,0,29000
2014/10/01,0,0,0,0
2014/10/02,0,1000,0,1000
2014/10/03,0,0,0,0
2014/10/06,0,8000,0,8000
2014/10/07,0,2000,-300000,-298000
2014/10/08,0,2000,-696000,-694000
2014/10/09,0,0,0,0
2014/10/13,0,0,0,0
2014/10/14,0,1000,-1400000,-1399000
2014/10/15,0,6000,-52,5948
2014/10/16,0,0,-580768,-580768
2014/10/17,0,4000,0,4000
2014/10/20,0,0,0,0
2014/10/21,0,9000,0,9000
2014/10/22,0,0,0,0
2014/10/23,0,14000,0,14000
2014/10/24,0,0,0,0
2014/10/27,0,0,-1000,-1000
2014/10/28,0,0,0,0
2014/10/29,0,3000,0,3000
2014/10/30,0,203000,0,203000
2014/10/31,0,28000,-4000,24000
2014/11/03,0,0,-45000,-45000
2014/11/04,0,0,0,0
2014/11/05,0,0,0,0
2014/11/06,0,0,0,0
2014/11/07,0,0,-20000,-20000
2014/11/10,0,0,0,0
2014/11/11,0,25000,0,25000
2014/11/12,0,12000,0,12000
2014/11/13,0,0,0,0
2014/11/14,0,0,0,0
2014/11/17,0,0,-38000,-38000
2014/11/18,0,0,0,0
2014/11/19,0,0,0,0
2014/11/20,0,5000,0,5000
2014/11/21,0,0,0,0
2014/11/24,0,0,0,0
2014/11/25,0,1000,-1000,0
2014/11/26,0,0,0,0
2014/11/27,0,0,-1000,-1000
2014/11/28,0,0,0,0
2014/12/01,0,0,0,0
2014/12/02,0,0,0,0
2014/12/03,0,0,-11000,-11000
2014/12/04,0,0,0,0
2014/12/05,0,0,-313000,-313000
2014/12/08,0,0,-84000,-84000
2014/12/09,0,0,0,0
2014/12/10,0,0,-10000,-10000
2014/12/11,0,0,-2542,-2542
2014/12/12,0,0,0,0
2014/12/15,0,0,0,0
2014/12/16,0,7000,0,7000
2014/12/17,0,0,0,0
2014/12/18,0,0,0,0
2014/12/19,0,205000,-1000,204000
2014/12/22,0,50000,-330000,-280000
2014/12/23,0,0,0,0
2014/12/24,0,723000,0,723000
2014/12/25,0,0,0,0
2014/12/26,0,0,0,0
2014/12/29,0,0,-8000,-8000
2014/12/30,0,0,-63000,-63000
2014/12/31,0,0,-1000,-1000
2015/01/01,0,0,0,0
2015/01/02,0,0,0,0
2015/01/05,0,250000,-755000,-505000
2015/01/06,0,0,-68000,-68000
2015/01/07,0,0,-94000,-94000
2015/01/08,0,757000,-100000,657000
2015/01/09,0,0,-1493000,-1493000
2015/01/12,0,970000,-123960,846040
2015/01/13,0,190000,-3000,187000
2015/01/14,0,0,-4000,-4000
2015/01/15,0,0,0,0
2015/01/16,0,0,0,0
2015/01/19,0,217000,0,217000
2015/01/20,0,424000,0,424000
2015/01/21,0,510000,0,510000
2015/01/22,0,363000,0,363000
2015/01/23,0,250000,-5000,245000
2015/01/26,0,15000,0,15000
2015/01/27,0,0,0,0
2015/01/28,0,0,0,0
2015/01/29,0,0,-36000,-36000
2015/01/30,0,0,-10000,-10000
2015/02/02,0,600000,0,600000
2015/02/03,0,666000,0,666000
2015/02/04,0,460000,0,460000
2015/02/05,0,0,0,0
2015/02/06,0,0,-1000,-1000
2015/02/09,0,86000,0,86000
2015/02/10,0,0,-476000,-476000
2015/02/11,0,140000,0,140000
2015/02/12,0,865000,-4000,861000
2015/02/13,0,0,-12000,-12000
2015/02/16,0,0,0,0
2015/02/17,0,0,0,0
2015/02/18,0,0,0,0
2015/02/19,0,0,0,0
2015/02/20,0,0,0,0
2015/02/23,0,0,0,0
2015/02/24,0,0,0,0
2015/02/25,0,270000,-31000,239000
2015/02/26,0,0,-7000,-7000
2015/02/27,0,0,0,0
2015/03/02,0,80000,0,80000
2015/03/03,0,0,-2000,-2000
2015/03/04,0,0,-27000,-27000
2015/03/05,0,0,-5000,-5000
2015/03/06,0,540000,0,540000
2015/03/09,0,235000,-401000,-166000
2015/03/10,0,0,-1000,-1000
2015/03/11,0,0,-1000,-1000
2015/03/12,0,282,-390000,-389718
2015/03/13,0,0,0,0
2015/03/16,0,237000,0,237000
2015/03/17,0,0,-3000,-3000
2015/03/18,0,0,0,0
2015/03/19,0,0,-2000,-2000
2015/03/20,0,2000,-36000,-34000
2015/03/23,0,0,-2000,-2000
2015/03/24,0,0,-4000,-4000
2015/03/25,0,0,-46000,-46000
2015/03/26,0,0,0,0
2015/03/27,0,0,-65000,-65000
2015/03/30,0,0,0,0
2015/03/31,0,0,-1000,-1000
2015/04/01,0,0,-115000,-115000
2015/04/02,0,0,0,0
2015/04/03,0,0,0,0
2015/04/06,0,0,0,0
2015/04/07,0,709000,0,709000
2015/04/08,0,2477000,-18000,2459000
2015/04/09,0,436000,-55000,381000
2015/04/10,0,165000,0,165000
2015/04/13,0,325000,-55000,270000
2015/04/14,0,68000,-4000,64000
2015/04/15,0,68000,-43000,25000
2015/04/16,0,786000,0,786000
2015/04/17,0,1204000,0,1204000
2015/04/20,0,332000,-34000,298000
2015/04/21,0,487000,0,487000
2015/04/22,0,329000,-75000,254000
2015/04/23,0,286000,0,286000
2015/04/24,0,581000,-2000,579000
2015/04/27,0,750000,0,750000
2015/04/28,0,284000,-2000,282000
2015/04/29,0,471000,-9000,462000
2015/04/30,0,610000,-2000,608000
2015/05/01,0,0,0,0
2015/05/04,0,57000,0,57000
2015/05/05,0,0,-2000,-2000
2015/05/06,0,0,0,0
2015/05/07,0,0,0,0
2015/05/08,0,187000,0,187000
2015/05/11,0,263000,-485000,-222000
2015/05/12,0,1119000,0,1119000
2015/05/13,0,244000,-70000,174000
2015/05/14,0,3000,0,3000
2015/05/15,0,105000,-616000,-511000
2015/05/18,0,655000,-229000,426000
2015/05/19,0,332000,0,332000
2015/05/20,0,178000,-79000,99000
2015/05/21,0,96000,-932000,-836000
2015/05/22,0,67000,-241000,-174000
2015/05/25,0,0,-95000,-95000
2015/05/26,0,0,0,0
2015/05/27,0,0,-205000,-205000
2015/05/28,0,23000,-784000,-761000
2015/05/29,0,0,-585000,-585000
2015/06/01,0,80000,-1026000,-946000
2015/06/02,0,0,-640000,-640000
2015/06/03,0,74000,0,74000
2015/06/04,0,0,-76789,-76789
2015/06/05,0,0,-4000,-4000
2015/06/08,0,0,0,0
2015/06/09,0,0,0,0
2015/06/10,0,32000,-10000,22000
2015/06/11,0,127000,-95000,32000
2015/06/12,0,0,-304000,-304000
2015/06/15,0,0,-113000,-113000
2015/06/16,0,0,-79000,-79000
2015/06/17,0,0,-159000,-159000
2015/06/18,0,140000,-8000,132000
2015/06/19,0,0,0,0
2015/06/22,0,140000,-54000,86000
2015/06/23,0,97000,0,97000
2015/06/24,0,12000,-39000,-27000
2015/06/25,0,0,-5000,-5000
2015/06/26,0,0,-47000,-47000
2015/06/29,0,0,-76000,-76000
2015/06/30,0,70000,-605000,-535000
2015/07/01,0,187000,0,187000
2015/07/02,0,43000,0,43000
2015/07/03,0,92000,0,92000
2015/07/06,0,0,0,0
2015/07/07,0,0,-1200000,-1200000
2015/07/08,0,136000,0,136000
2015/07/09,0,1000,-9000,-8000
2015/07/10,0,0,0,0
2015/07/13,0,0,-367000,-367000
2015/07/14,0,21000,-53000,-32000
2015/07/15,0,28000,-200000,-172000
2015/07/16,0,257000,-249000,8000
2015/07/17,0,37000,-90000,-53000
2015/07/20,0,0,0,0
2015/07/21,0,2000,0,2000
2015/07/22,0,0,-89000,-89000
2015/07/23,0,287000,0,287000
2015/07/24,0,138000,0,138000
2015/07/27,0,0,0,0
2015/07/28,0,79000,-35000,44000
2015/07/29,0,27000,0,27000
2015/07/30,0,18000,0,18000
2015/07/31,0,143000,0,143000
2015/08/03,0,103000,0,103000
2015/08/04,0,60000,-200000,-140000
2015/08/05,0,48000,-245000,-197000
2015/08/06,0,53000,0,53000
2015/08/07,0,81000,0,81000
2015/08/10,0,152000,-1003000,-851000
2015/08/11,0,329000,-259000,70000
2015/08/12,0,175000,-450000,-275000
2015/08/13,0,29000,-1110000,-1081000
2015/08/14,0,30000,-30,29970
2015/08/17,0,2000,0,2000
2015/08/18,0,1000,-322000,-321000
2015/08/19,0,1000,-131000,-130000
2015/08/20,0,2000,-29000,-27000
2015/08/21,0,254000,-148000,106000
2015/08/24,0,10000,-197000,-187000
2015/08/25,0,197546,-442000,-244454
2015/08/26,0,147000,-443000,-296000
2015/08/27,0,95000,-47000,48000
2015/08/28,0,155000,-238000,-83000
2015/08/31,0,203000,-313000,-110000
2015/09/01,0,99000,-255000,-156000
2015/09/02,0,136000,-92000,44000
2015/09/03,0,104000,-68000,36000
2015/09/04,0,30000,-114000,-84000
2015/09/07,0,66000,-68000,-2000
2015/09/08,0,12000,0,12000
2015/09/09,0,70000,-104000,-34000
2015/09/10,0,110000,0,110000
2015/09/11,0,21000,0,21000
2015/09/14,0,6000,0,6000
2015/09/15,0,241000,0,241000
2015/09/16,0,395000,-87000,308000
2015/09/17,0,20000,-35000,-15000
2015/09/18,0,10000,-320000,-310000
2015/09/21,0,118000,0,118000
2015/09/22,0,2545,-411000,-408455
2015/09/23,0,250000,0,250000
2015/09/24,0,60000,0,60000
2015/09/25,0,1000,0,1000
2015/09/28,0,0,0,0
2015/09/29,0,0,0,0
2015/09/30,0,0,-331000,-331000
2015/10/01,0,47000,-31000,16000
2015/10/02,0,49000,0,49000
2015/10/05,0,0,-27000,-27000
2015/10/06,0,802000,0,802000
2015/10/07,0,364000,0,364000
2015/10/08,0,128000,0,128000
2015/10/09,0,0,0,0
2015/10/12,0,1393000,0,1393000
2015/10/13,0,360000,0,360000
2015/10/14,0,0,0,0
2015/10/15,0,412000,0,412000
2015/10/16,0,7000,0,7000
2015/10/19,0,300000,0,300000
2015/10/20,0,65000,0,65000
2015/10/21,0,80000,0,80000
2015/10/22,0,34000,0,34000
2015/10/23,0,0,-66000,-66000
2015/10/26,0,0,0,0
2015/10/27,0,18000,0,18000
2015/10/28,0,0,0,0
2015/10/29,0,0,-1000,-1000
2015/10/30,0,36000,0,36000
2015/11/02,0,7000,0,7000
2015/11/03,0,7000,-575000,-568000
2015/11/04,0,60000,-2000,58000
2015/11/05,0,1000,-159000,-158000
2015/11/06,0,0,-100000,-100000
2015/11/09,0,30000,-100000,-70000
2015/11/10,0,0,-245000,-245000
2015/11/11,0,148000,0,148000
2015/11/12,0,68000,-62000,6000
2015/11/13,0,18000,-301000,-283000
2015/11/16,0,0,0,0
2015/11/17,0,0,-198000,-198000
2015/11/18,0,0,-210000,-210000
2015/11/19,0,110000,0,110000
2015/11/20,0,0,0,0
2015/11/23,0,0,-1000,-1000
2015/11/24,0,0,0,0
2015/11/25,0,0,0,0
2015/11/26,0,0,0,0
2015/11/27,0,0,-10000,-10000
2015/11/30,0,0,-430000,-430000
2015/12/01,0,0,0,0
2015/12/02,0,66000,-675000,-609000
2015/12/03,0,0,-86000,-86000
2015/12/04,0,0,0,0
2015/12/07,0,0,-250000,-250000
2015/12/08,0,0,-772000,-772000
2015/12/09,0,0,-60000,-60000
2015/12/10,0,0,0,0
2015/12/11,0,0,-75000,-75000
2015/12/14,0,0,-62093,-62093
2015/12/15,0,0,0,0
2015/12/16,0,0,-2000,-2000
2015/12/17,0,0,-37000,-37000
2015/12/18,0,0,-19000,-19000
2015/12/21,0,0,-210000,-210000
2015/12/22,0,214000,0,214000
2015/12/23,0,612000,-75000,537000
2015/12/24,0,301000,0,301000
2015/12/25,0,95000,0,95000
2015/12/28,0,96000,-18000,78000
2015/12/29,0,0,-36000,-36000
2015/12/30,0,138000,0,138000
2015/12/31,0,0,-2360000,-2360000
2016/01/01,0,0,0,0
2016/01/04,0,749000,0,749000
2016/01/05,0,0,-197000,-197000
2016/01/06,0,189000,-1945000,-1756000
2016/01/07,0,11000,-3000,8000
2016/01/08,0,0,0,0
2016/01/11,0,0,0,0
2016/01/12,0,188000,-2000,186000
2016/01/13,0,673000,-1000,672000
2016/01/14,0,137000,0,137000
2016/01/15,0,111000,-33000,78000
2016/01/18,0,215000,-813450,-598450
2016/01/19,0,200000,-44000,156000
2016/01/20,0,0,-124000,-124000
2016/01/21,0,0,-10000,-10000
2016/01/22,0,0,-273000,-273000
2016/01/25,0,80000,-4000,76000
2016/01/26,0,0,0,0
2016/01/27,0,0,0,0
2016/01/28,0,0,0,0
2016/01/29,0,52000,0,52000
2016/02/01,0,0,-50000,-50000
2016/02/02,0,0,0,0
2016/02/03,0,0,0,0
2016/02/04,0,0,0,0
2016/02/05,0,0,0,0
2016/02/08,0,0,0,0
2016/02/09,0,0,0,0
2016/02/10,0,0,0,0
2016/02/11,0,0,0,0
2016/02/12,0,0,0,0
2016/02/15,0,0,-223,-223
2016/02/16,0,0,0,0
2016/02/17,0,1000,0,1000
2016/02/18,0,124000,0,124000
2016/02/19,0,0,0,0
2016/02/22,0,0,0,0
2016/02/23,0,0,-700000,-700000
2016/02/24,0,0,-276000,-276000
2016/02/25,0,0,-193000,-193000
2016/02/26,0,140000,0,140000
2016/02/29,0,0,0,0
2016/03/01,0,0,0,0
2016/03/02,0,38000,-26884,11116
2016/03/03,0,427000,0,427000
2016/03/04,0,310000,0,310000
2016/03/07,0,80000,0,80000
2016/03/08,0,1990000,0,1990000
2016/03/09,0,62000,-24000,38000
2016/03/10,0,0,-153000,-153000
2016/03/11,0,490000,-98000,392000
2016/03/14,0,450000,0,450000
2016/03/15,0,229000,-50000,179000
2016/03/16,0,65000,-80000,-15000
2016/03/17,0,277000,-20000,257000
2016/03/18,0,80000,-26000,54000
2016/03/21,0,323000,-40000,283000
2016/03/22,0,55000,0,55000
2016/03/23,0,0,0,0
2016/03/24,0,0,-20000,-20000
2016/03/25,0,679000,-330000,349000
2016/03/28,0,453000,-140000,313000
2016/03/29,0,76000,-1000,75000
2016/03/30,0,135000,-46000,89000
2016/03/31,0,1131000,0,1131000
2016/04/01,0,60000,0,60000
2016/04/04,0,0,0,0
2016/04/05,0,0,0,0
2016/04/06,0,131000,-163000,-32000
2016/04/07,0,118000,0,118000
2016/04/08,0,97000,-10000,87000
2016/04/11,0,0,0,0
2016/04/12,0,0,-1000,-1000
2016/04/13,0,646000,-43000,603000
2016/04/14,0,221000,0,221000
2016/04/15,0,613000,-13000,600000
2016/04/18,0,123000,0,123000
2016/04/19,0,23000,-60000,-37000
2016/04/20,0,543000,0,543000
2016/04/21,0,400000,0,400000
2016/04/22,0,0,-11000,-11000
2016/04/25,0,0,-1000,-1000
2016/04/26,0,0,0,0
2016/04/27,0,0,0,0
2016/04/28,0,0,0,0
2016/04/29,0,158000,0,158000
2016/05/02,0,0,0,0
2016/05/03,0,0,0,0
2016/05/04,0,160000,-103000,57000
2016/05/05,0,0,-153000,-153000
2016/05/06,0,30000,-65000,-35000
2016/05/09,0,57000,0,57000
2016/05/10,0,40000,-749,39251
2016/05/11,0,0,0,0
2016/05/12,0,0,0,0
2016/05/13,0,0,-22000,-22000
2016/05/16,0,0,0,0
2016/05/17,0,280000,0,280000
2016/05/18,0,20000,0,20000
2016/05/19,0,10000,-1265000,-1255000
2016/05/20,0,36000,-1318000,-1282000
2016/05/23,0,0,-739000,-739000
2016/05/24,0,25000,-330000,-305000
2016/05/25,0,0,-278000,-278000
2016/05/26,0,0,-419000,-419000
2016/05/27,0,0,-75000,-75000
2016/05/30,0,0,-1153000,-1153000
2016/05/31,0,0,-3000,-3000
2016/06/01,0,0,-140000,-140000
2016/06/02,0,11000,0,11000
2016/06/03,0,676000,-59000,617000
2016/06/06,0,0,-57000,-57000
2016/06/07,0,0,-148000,-148000
2016/06/08,0,160000,-83000,77000
2016/06/09,0,0,0,0
2016/06/10,0,0,0,0
2016/06/13,0,0,-132000,-132000
2016/06/14,0,0,-116000,-116000
2016/06/15,0,0,-50000,-50000
2016/06/16,0,0,-469000,-469000
2016/06/17,0,0,-312000,-312000
2016/06/20,0,0,-903000,-903000
2016/06/21,0,0,-295000,-295000
2016/06/22,0,0,-20000,-20000
2016/06/23,0,0,-20000,-20000
2016/06/24,0,17000,-218000,-201000
2016/06/27,0,0,-221000,-221000
2016/06/28,0,167000,-306000,-139000
2016/06/29,0,0,0,0
2016/06/30,0,0,-134000,-134000
2016/07/01,0,930000,0,930000
2016/07/04,0,627000,-14000,613000
2016/07/05,0,200000,-50000,150000
2016/07/06,0,100000,-39000,61000
2016/07/07,0,102000,0,102000
2016/07/08,0,0,0,0
2016/07/11,0,30000,-180000,-150000
2016/07/12,0,836000,0,836000
2016/07/13,0,6000,0,6000
2016/07/14,0,0,-1000,-1000
2016/07/15,0,21000,0,21000
2016/07/18,0,0,0,0
2016/07/19,0,8000,-330000,-322000
2016/07/20,0,178000,-23000,155000
2016/07/21,0,1000,-175000,-174000
2016/07/22,0,64000,-67000,-3000
2016/07/25,0,181000,-10000,171000
2016/07/26,0,80000,-100000,-20000
2016/07/27,0,0,-33000,-33000
2016/07/28,0,42000,0,42000
2016/07/29,0,325227,-80000,245227
2016/08/01,0,8000,-500000,-492000
2016/08/02,0,0,-85000,-85000
2016/08/03,0,13000,-141000,-128000
2016/08/04,0,25000,-730000,-705000
2016/08/05,0,0,-51000,-51000
2016/08/08,0,87000,-11000,76000
2016/08/09,0,50000,-17000,33000
2016/08/10,0,35000,-72000,-37000
2016/08/11,0,26000,-2000,24000
2016/08/12,0,31000,-6000,25000
2016/08/15,0,26000,-152000,-126000
2016/08/16,0,12000,-88000,-76000
2016/08/17,0,2000,-45000,-43000
2016/08/18,0,0,-143000,-143000
2016/08/19,0,0,-129000,-129000
2016/08/22,0,0,-9000,-9000
2016/08/23,0,0,-1000,-1000
2016/08/24,0,0,-7000,-7000
2016/08/25,0,0,-2000,-2000
2016/08/26,0,0,-12000,-12000
2016/08/29,0,0,0,0
2016/08/30,0,30000,-30000,0
2016/08/31,0,2000,0,2000
2016/09/01,0,91000,0,91000
2016/09/02,0,24000,0,24000
2016/09/05,0,346000,-2000,344000
2016/09/06,0,0,-45000,-45000
2016/09/07,0,340000,0,340000
2016/09/08,0,55000,-6000,49000
2016/09/09,0,109000,0,109000
2016/09/12,0,0,-45000,-45000
2016/09/13,0,0,0,0
2016/09/14,0,58000,0,58000
2016/09/15,0,0,0,0
2016/09/16,0,0,0,0
2016/09/19,0,0,-200000,-200000
2016/09/20,0,0,0,0
2016/09/21,0,0,-5000,-5000
2016/09/22,0,3000,0,3000
2016/09/23,0,0,-20000,-20000
2016/09/26,0,200000,-23000,177000
2016/09/27,0,0,0,0
2016/09/28,0,0,0,0
2016/09/29,0,0,0,0
2016/09/30,0,57822,0,57822
2016/10/03,0,54000,0,54000
2016/10/04,0,0,-980000,-980000
2016/10/05,0,0,-5000,-5000
2016/10/06,0,0,0,0
2016/10/07,0,276000,0,276000
2016/10/10,0,0,0,0
2016/10/11,0,451000,0,451000
2016/10/12,0,230000,0,230000
2016/10/13,0,551000,0,551000
2016/10/14,0,318000,0,318000
2016/10/17,0,922000,0,922000
2016/10/18,0,80000,0,80000
2016/10/19,0,2545000,-20000,2525000
2016/10/20,0,2972000,0,2972000
2016/10/21,0,459000,-46000,413000
2016/10/24,0,333000,-4000,329000
2016/10/25,0,321000,0,321000
2016/10/26,0,430000,-33000,397000
2016/10/27,0,396000,-29000,367000
2016/10/28,0,320000,-28000,292000
2016/10/31,0,0,-4000,-4000
2016/11/01,0,114000,-52000,62000
2016/11/02,0,126000,-703,125297
2016/11/03,0,76000,-193000,-117000
2016/11/04,0,853000,-16000,837000
2016/11/07,0,343000,0,343000
2016/11/08,0,1009000,-2000,1007000
2016/11/09,0,1425000,-62000,1363000
2016/11/10,0,1066000,-22000,1044000
2016/11/11,0,953000,-59000,894000
2016/11/14,0,179000,-70000,109000
2016/11/15,0,757000,-50000,707000
2016/11/16,0,159000,-41000,118000
2016/11/17,0,537000,0,537000
2016/11/18,0,74000,0,74000
2016/11/21,0,150000,0,150000
2016/11/22,0,165000,-42000,123000
2016/11/23,0,174000,0,174000
2016/11/24,0,27000,0,27000
2016/11/25,0,4000,0,4000
2016/11/28,0,0,0,0
2016/11/29,0,70000,-48358,21642
2016/11/30,0,15000,0,15000
2016/12/01,0,78000,0,78000
2016/12/02,0,0,0,0
2016/12/05,0,23000,0,23000
2016/12/06,0,0,-260000,-260000
2016/12/07,0,0,-160000,-160000
2016/12/08,0,0,-240000,-240000
2016/12/09,0,40000,-100000,-60000
2016/12/12,0,0,-260000,-260000
2016/12/13,0,67000,-168000,-101000
2016/12/14,0,16000,-400000,-384000
2016/12/15,0,0,-602000,-602000
2016/12/16,0,0,-110000,-110000
2016/12/19,0,0,-630000,-630000
2016/12/20,0,0,-370000,-370000
2016/12/21,0,0,-236000,-236000
2016/12/22,0,0,-370000,-370000
2016/12/23,0,0,-888000,-888000
2016/12/26,0,0,-765000,-765000
2016/12/27,0,0,0,0
2016/12/28,0,344000,-19000,325000
2016/12/29,0,47000,-5000,42000
2016/12/30,0,22000,-785000,-763000
2017/01/02,0,0,0,0
2017/01/03,0,800000,0,800000
2017/01/04,0,100000,0,100000
2017/01/05,0,123000,-44000,79000
2017/01/06,0,131000,-44000,87000
2017/01/09,0,68000,0,68000
2017/01/10,0,124000,-427590,-303590
2017/01/11,0,89000,-164000,-75000
2017/01/12,0,90000,-78000,12000
2017/01/13,0,174000,0,174000
2017/01/16,0,795000,-215000,580000
2017/01/17,0,0,-25000,-25000
2017/01/18,0,61000,-358000,-297000
2017/01/19,0,150000,-828000,-678000
2017/01/20,0,0,-54000,-54000
2017/01/23,0,781,-162000,-161219
2017/01/24,0,5000,-10000,-5000
2017/01/25,0,0,0,0
2017/01/26,0,0,0,0
2017/01/27,0,0,0,0
2017/01/30,0,0,0,0
2017/01/31,0,0,0,0
2017/02/01,0,0,0,0
2017/02/02,0,71000,-277000,-206000
2017/02/03,0,68000,0,68000
2017/02/06,0,160000,-423000,-263000
2017/02/07,0,120000,-116000,4000
2017/02/08,0,0,0,0
2017/02/09,0,106000,-50000,56000
2017/02/10,0,0,-337660,-337660
2017/02/13,0,773000,-7000,766000
2017/02/14,0,260000,-321000,-61000
2017/02/15,0,0,0,0
2017/02/16,0,59000,0,59000
2017/02/17,0,1000,-163000,-162000
2017/02/20,0,0,-629000,-629000
2017/02/21,0,900000,0,900000
2017/02/22,0,0,0,0
2017/02/23,0,36000,-142000,-106000
2017/02/24,0,0,-23000,-23000
2017/02/27,0,0,0,0
2017/02/28,0,0,0,0
2017/03/01,0,0,-135000,-135000
2017/03/02,0,0,-70000,-70000
2017/03/03,0,3000,-1403000,-1400000
2017/03/06,0,0,-224000,-224000
2017/03/07,0,261000,0,261000
2017/03/08,0,300000,-222000,78000
2017/03/09,0,45000,-807000,-762000
2017/03/10,0,21000,-1767000,-1746000
2017/03/13,0,50000,-254000,-204000
2017/03/14,0,27000,-88000,-61000
2017/03/15,0,77000,-460000,-383000
2017/03/16,0,50000,0,50000
2017/03/17,0,7000,-308000,-301000
2017/03/20,0,0,-205000,-205000
2017/03/21,0,3000,-100000,-97000
2017/03/22,0,150000,-107000,43000
2017/03/23,0,0,-366000,-366000
2017/03/24,0,51000,-427000,-376000
2017/03/27,0,100000,-792000,-692000
2017/03/28,0,85000,-494000,-409000
2017/03/29,0,80000,0,80000
2017/03/30,0,70000,0,70000
2017/03/31,0,100000,-730000,-630000
2017/04/03,0,0,0,0
2017/04/04,0,0,0,0
2017/04/05,0,80000,0,80000
2017/04/06,0,57000,-312000,-255000
2017/04/07,0,3000,-161000,-158000
2017/04/10,0,2000,-71000,-69000
2017/04/11,0,185000,0,185000
2017/04/12,0,127000,-19000,108000
2017/04/13,0,127000,0,127000
2017/04/14,0,50000,-17000,33000
2017/04/17,0,58000,0,58000
2017/04/18,0,416000,0,416000
2017/04/19,0,0,0,0
2017/04/20,0,2000,-1040000,-1038000
2017/04/21,0,40000,-50000,-10000
2017/04/24,0,0,0,0
2017/04/25,0,0,-508024,-508024
2017/04/26,0,1000,-433000,-432000
2017/04/27,0,1000,-459000,-458000
2017/04/28,0,0,-41000,-41000
2017/05/01,0,0,0,0
2017/05/02,0,0,-120000,-120000
2017/05/03,0,0,-111000,-111000
2017/05/04,0,0,-249000,-249000
2017/05/05,0,0,-348000,-348000
2017/05/08,0,32000,-266000,-234000
2017/05/09,0,0,-871000,-871000
2017/05/10,0,0,-821000,-821000
2017/05/11,0,256000,-50000,206000
2017/05/12,0,0,-63000,-63000
2017/05/15,0,230000,-70000,160000
2017/05/16,0,676000,-207000,469000
2017/05/17,0,261000,-4000,257000
2017/05/18,0,70000,-18000,52000
2017/05/19,0,0,-172000,-172000
2017/05/22,0,0,-341000,-341000
2017/05/23,0,0,-227000,-227000
2017/05/24,0,0,0,0
2017/05/25,0,0,-306000,-306000
2017/05/26,0,0,-234000,-234000
2017/05/29,0,0,0,0
2017/05/30,0,0,0,0
2017/05/31,0,0,-109000,-109000
2017/06/01,0,0,-170000,-170000
2017/06/02,0,0,-322000,-322000
2017/06/05,0,0,-30000,-30000
2017/06/06,0,0,-38000,-38000
2017/06/07,0,0,-18000,-18000
2017/06/08,0,0,-64000,-64000
2017/06/09,0,0,-698000,-698000
2017/06/12,0,0,0,0
2017/06/13,0,0,-154000,-154000
2017/06/14,0,0,-7000,-7000
2017/06/15,0,0,-11000,-11000
2017/06/16,0,0,-4220000,-4220000
2017/06/19,0,5000,-314000,-309000
2017/06/20,0,20000,-17000,3000
2017/06/21,0,160000,-75000,85000
2017/06/22,0,0,-96000,-96000
2017/06/23,0,0,-556000,-556000
2017/06/26,0,60000,-8000,52000
2017/06/27,0,0,-34000,-34000
2017/06/28,0,388000,-70000,318000
2017/06/29,0,276000,-23000,253000
2017/06/30,0,73000,0,73000
2017/07/03,0,0,-77000,-77000
2017/07/04,0,81000,-79000,2000
2017/07/05,0,0,0,0
2017/07/06,0,112000,-610000,-498000
2017/07/07,0,0,-90000,-90000
2017/07/10,0,0,-66000,-66000
2017/07/11,0,0,-158000,-158000
2017/07/12,0,50000,-31000,19000
2017/07/13,0,1000,-56000,-55000
2017/07/14,0,0,-116000,-116000
2017/07/17,0,298,-92000,-91702
2017/07/18,0,19000,-113000,-94000
2017/07/19,0,0,0,0
2017/07/20,0,2000,0,2000
2017/07/21,0,0,-68000,-68000
2017/07/24,0,0,-365000,-365000
2017/07/25,0,2000,0,2000
2017/07/26,0,0,-417000,-417000
2017/07/27,0,0,-64000,-64000
2017/07/28,0,1000,0,1000
2017/07/31,0,7000,0,7000
2017/08/01,0,3000,-18000,-15000
2017/08/02,0,6000,-10000,-4000
2017/08/03,0,6000,-320000,-314000
2017/08/04,0,15000,-27000,-12000
2017/08/07,0,7000,0,7000
2017/08/08,0,9000,-6000,3000
2017/08/09,0,13000,0,13000
2017/08/10,0,1000,0,1000
2017/08/11,0,0,-23000,-23000
2017/08/14,0,0,-2000,-2000
2017/08/15,0,127000,-2000,125000
2017/08/16,0,458000,-181000,277000
2017/08/17,0,0,0,0
2017/08/18,0,0,0,0
