Date,Open,Buy,Sell,Total
2007/01/02,0,2315000,-335000,1980000
2007/01/03,0,2252000,-2321000,-69000
2007/01/04,0,424000,-475277,-51277
2007/01/05,0,1751000,-2647000,-896000
2007/01/08,0,652000,-1811275,-1159275
2007/01/09,0,2191000,-551000,1640000
2007/01/10,0,2254980,-5135910,-2880930
2007/01/11,0,3620000,-1223000,2397000
2007/01/12,0,1904000,-558000,1346000
2007/01/15,0,777000,-1109000,-332000
2007/01/16,0,3226000,-624000,2602000
2007/01/17,0,2270800,-990000,1280800
2007/01/18,0,6529000,-1387676,5141324
2007/01/19,0,3783000,-1196000,2587000
2007/01/22,0,8630000,-3285000,5345000
2007/01/23,0,12156000,-803000,11353000
2007/01/24,0,4757000,-506746,4250254
2007/01/25,0,1865000,-525000,1340000
2007/01/26,0,973000,-1227060,-254060
2007/01/29,0,1014000,-969040,44960
2007/01/30,0,7174000,-2373723,4800277
2007/01/31,0,2227000,-3670090,-1443090
2007/02/01,0,5668000,-622000,5046000
2007/02/02,0,14391000,-1373140,13017860
2007/02/05,0,8253000,-2126355,6126645
2007/02/06,0,7429000,-2052000,5377000
2007/02/07,0,14403700,-899000,13504700
2007/02/08,0,8284000,-1992190,6291810
2007/02/09,0,9211000,-2035840,7175160
2007/02/12,0,2546000,-2758000,-212000
2007/02/13,0,3703000,-2621650,1081350
2007/02/14,0,12720000,-5873358,6846642
2007/02/15,0,0,0,0
2007/02/16,0,0,0,0
2007/02/19,0,0,0,0
2007/02/20,0,0,0,0
2007/02/21,0,0,0,0
2007/02/22,0,0,0,0
2007/02/23,0,0,0,0
2007/02/26,0,16522100,-3529480,12992620
2007/02/27,0,7571000,-3270288,4300712
2007/02/28,0,0,0,0
2007/03/01,0,4780000,-9134500,-4354500
2007/03/02,0,3133000,-2942000,191000
2007/03/05,0,3626000,-7047652,-3421652
2007/03/06,0,1596000,-4278000,-2682000
2007/03/07,0,3802000,-6000572,-2198572
2007/03/08,0,3566372,-2231000,1335372
2007/03/09,0,3932000,-2960000,972000
2007/03/12,0,1946892,-708000,1238892
2007/03/13,0,4752000,-2632000,2120000
2007/03/14,0,5856000,-4093693,1762307
2007/03/15,0,14041000,-959000,13082000
2007/03/16,0,5078000,-1861800,3216200
2007/03/19,0,1566000,-2991829,-1425829
2007/03/20,0,414512,-921276,-506764
2007/03/21,0,1233000,-3908300,-2675300
2007/03/22,0,7482000,-4934000,2548000
2007/03/23,0,5756000,-283000,5473000
2007/03/26,0,5471000,-2819000,2652000
2007/03/27,0,2685000,-2518000,167000
2007/03/28,0,1996000,-1308000,688000
2007/03/29,0,5262000,-2165000,3097000
2007/03/30,0,4310000,-1555000,2755000
2007/04/02,0,10157000,-1672000,8485000
2007/04/03,0,2943200,-473000,2470200
2007/04/04,0,2863782,-923383,1940399
2007/04/05,0,0,0,0
2007/04/06,0,0,0,0
2007/04/09,0,4537000,-561000,3976000
2007/04/10,0,4725000,-230000,4495000
2007/04/11,0,1385000,-346000,1039000
2007/04/12,0,4141000,-3405914,735086
2007/04/13,0,1183000,-235000,948000
2007/04/16,0,3730000,-1656000,2074000
2007/04/17,0,3119000,-411232,2707768
2007/04/18,0,3745000,-598000,3147000
2007/04/19,0,880000,-4783100,-3903100
2007/04/20,0,402000,-411000,-9000
2007/04/23,0,1825000,-1149000,676000
2007/04/24,0,1196000,-1358000,-162000
2007/04/25,0,720000,-1679000,-959000
2007/04/26,0,357000,-1423730,-1066730
2007/04/27,0,723000,-1404000,-681000
2007/04/30,0,955000,-7338523,-6383523
2007/05/01,0,0,0,0
2007/05/02,0,1759000,-3937000,-2178000
2007/05/03,0,1432600,-1047000,385600
2007/05/04,0,3017000,-954000,2063000
2007/05/07,0,4452000,-1082000,3370000
2007/05/08,0,1694865,-79394,1615471
2007/05/09,0,1761000,-1872000,-111000
2007/05/10,0,2728000,-592000,2136000
2007/05/11,0,1075000,-844811,230189
2007/05/14,0,2667000,-2246000,421000
2007/05/15,0,983000,-472730,510270
2007/05/16,0,1254879,-492000,762879
2007/05/17,0,3043000,-1599435,1443565
2007/05/18,0,3253000,-2166869,1086131
2007/05/21,0,2258000,-1518000,740000
2007/05/22,0,5217000,-4389000,828000
2007/05/23,0,2213000,-2606000,-393000
2007/05/24,0,6837300,-986000,5851300
2007/05/25,0,3888875,-3022540,866335
2007/05/28,0,3296000,-546000,2750000
2007/05/29,0,3051184,-373284,2677900
2007/05/30,0,2022000,-2144000,-122000
2007/05/31,0,2233000,-4788424,-2555424
2007/06/01,0,2494000,-1461000,1033000
2007/06/04,0,3084000,-379000,2705000
2007/06/05,0,4269774,-1488000,2781774
2007/06/06,0,1802000,-2242000,-440000
2007/06/07,0,3782000,-1065000,2717000
2007/06/08,0,1703630,-895000,808630
2007/06/11,0,2426000,-701000,1725000
2007/06/12,0,2049000,-1340000,709000
2007/06/13,0,4691000,-457000,4234000
2007/06/14,0,3402000,-1657000,1745000
2007/06/15,0,8192000,-9596000,-1404000
2007/06/18,0,0,0,0
2007/06/19,0,0,0,0
2007/06/20,0,27153000,-16139000,11014000
2007/06/21,0,12333000,-9516000,2817000
2007/06/22,0,2764000,-5564000,-2800000
2007/06/25,0,6253000,-3206000,3047000
2007/06/26,0,2092054,-4847985,-2755931
2007/06/27,0,1104000,-1286000,-182000
2007/06/28,0,4711000,-5369000,-658000
2007/06/29,0,6397000,-5378423,1018577
2007/07/02,0,2530000,-1914000,616000
2007/07/03,0,4157000,-4049000,108000
2007/07/04,0,2398000,-677000,1721000
2007/07/05,0,1196000,-1581366,-385366
2007/07/06,0,1933000,-2967000,-1034000
2007/07/09,0,3997000,-2784000,1213000
2007/07/10,0,4215000,-6296000,-2081000
2007/07/11,0,1708000,-14055000,-12347000
2007/07/12,0,3979700,-3005300,974400
2007/07/13,0,7548000,-2198285,5349715
2007/07/16,0,3716000,-1995000,1721000
2007/07/17,0,1739000,-4283000,-2544000
2007/07/18,0,3290000,-3240630,49370
2007/07/19,0,2955000,-908000,2047000
2007/07/20,0,3579666,-827000,2752666
2007/07/23,0,4610000,-1053000,3557000
2007/07/24,0,5420000,-1746916,3673084
2007/07/25,0,2594000,-1705400,888600
2007/07/26,0,5165000,-5743000,-578000
2007/07/27,0,3568596,-9549100,-5980504
2007/07/30,0,2519000,-9464512,-6945512
2007/07/31,0,4882000,-6237900,-1355900
2007/08/01,0,13237408,-13224600,12808
2007/08/02,0,6196000,-4408000,1788000
2007/08/03,0,3727000,-2494095,1232905
2007/08/06,0,645000,-1938000,-1293000
2007/08/07,0,1890000,-2359000,-469000
2007/08/08,0,2064300,-493000,1571300
2007/08/09,0,4221000,-2914000,1307000
2007/08/10,0,3948000,-5741900,-1793900
2007/08/13,0,3517000,-1593000,1924000
2007/08/14,0,3870000,-3715000,155000
2007/08/15,0,4365000,-4764000,-399000
2007/08/16,0,3632000,-6770816,-3138816
2007/08/17,0,1235000,-5408539,-4173539
2007/08/20,0,1995000,-950000,1045000
2007/08/21,0,1849000,-1364000,485000
2007/08/22,0,4002500,-2487756,1514744
2007/08/23,0,6909000,-2937000,3972000
2007/08/24,0,2071000,-1753140,317860
2007/08/27,0,4513000,-4381000,132000
2007/08/28,0,1926000,-1453000,473000
2007/08/29,0,2660000,-2985700,-325700
2007/08/30,0,3133000,-1252000,1881000
2007/08/31,0,5763000,-833000,4930000
2007/09/03,0,2128000,-1107691,1020309
2007/09/04,0,2959000,-1130000,1829000
2007/09/05,0,3674000,-6304000,-2630000
2007/09/06,0,4380000,-7113000,-2733000
2007/09/07,0,2683000,-1912370,770630
2007/09/10,0,3652000,-6316000,-2664000
2007/09/11,0,2894000,-7144000,-4250000
2007/09/12,0,2881000,-1245894,1635106
2007/09/13,0,2432000,-2039589,392411
2007/09/14,0,5440000,-4491590,948410
2007/09/17,0,1166850,-3936279,-2769429
2007/09/18,0,0,0,0
2007/09/19,0,7640000,-7089000,551000
2007/09/20,0,7164000,-2760000,4404000
2007/09/21,0,4617000,-1729000,2888000
2007/09/24,0,0,0,0
2007/09/25,0,0,0,0
2007/09/26,0,2203000,-5517000,-3314000
2007/09/27,0,7848000,-8790000,-942000
2007/09/28,0,5521000,-7536000,-2015000
2007/10/01,0,588000,-728000,-140000
2007/10/02,0,5094000,-513000,4581000
2007/10/03,0,6423653,-2230000,4193653
2007/10/04,0,3892000,-2051176,1840824
2007/10/05,0,3625000,-946000,2679000
2007/10/08,0,3487000,-6785218,-3298218
2007/10/09,0,1801000,-4385984,-2584984
2007/10/10,0,0,0,0
2007/10/11,0,3819200,-4909000,-1089800
2007/10/12,0,1790573,-1810573,-20000
2007/10/15,0,1697000,-775000,922000
2007/10/16,0,1422000,-1156000,266000
2007/10/17,0,1305000,-2266200,-961200
2007/10/18,0,1482000,-1862234,-380234
2007/10/19,0,1465000,-457734,1007266
2007/10/22,0,960000,-5688000,-4728000
2007/10/23,0,2000000,-1343630,656370
2007/10/24,0,1396811,-430000,966811
2007/10/25,0,4775805,-1959000,2816805
2007/10/26,0,4154476,-3616000,538476
2007/10/29,0,3866000,-3195000,671000
2007/10/30,0,836000,-4163000,-3327000
2007/10/31,0,2392000,-2330450,61550
2007/11/01,0,3235000,-6844000,-3609000
2007/11/02,0,609000,-6850430,-6241430
2007/11/05,0,853000,-5955000,-5102000
2007/11/06,0,749000,-2713730,-1964730
2007/11/07,0,3256676,-2957000,299676
2007/11/08,0,4957000,-5052900,-95900
2007/11/09,0,2416000,-625000,1791000
2007/11/12,0,4745000,-3831996,913004
2007/11/13,0,2687000,-2476883,210117
2007/11/14,0,1224000,-3830000,-2606000
2007/11/15,0,958000,-2450000,-1492000
2007/11/16,0,1178565,-3555000,-2376435
2007/11/19,0,733546,-2328940,-1595394
2007/11/20,0,1891000,-6959060,-5068060
2007/11/21,0,664000,-5366750,-4702750
2007/11/22,0,1151000,-1380762,-229762
2007/11/23,0,650000,-2434000,-1784000
2007/11/26,0,3760000,-1391600,2368400
2007/11/27,0,2232000,-3364000,-1132000
2007/11/28,0,2003000,-4090000,-2087000
2007/11/29,0,3416000,-2360472,1055528
2007/11/30,0,5211000,-5384473,-173473
2007/12/03,0,1878000,-6020000,-4142000
2007/12/04,0,3964641,-1689000,2275641
2007/12/05,0,3395344,-2554000,841344
2007/12/06,0,3894000,-3978000,-84000
2007/12/07,0,5481870,-3554570,1927300
2007/12/10,0,1108000,-1489000,-381000
2007/12/11,0,1511000,-905000,606000
2007/12/12,0,4674000,-7222000,-2548000
2007/12/13,0,3623000,-8667000,-5044000
2007/12/14,0,3836000,-7636649,-3800649
2007/12/17,0,2118000,-5606000,-3488000
2007/12/18,0,3029000,-1818756,1210244
2007/12/19,0,1427000,-3566547,-2139547
2007/12/20,0,2016000,-1493000,523000
2007/12/21,0,3096000,-5184000,-2088000
2007/12/24,0,952000,-2464246,-1512246
2007/12/25,0,376000,-105000,271000
2007/12/26,0,661000,-220000,441000
2007/12/27,0,1968000,-4847000,-2879000
2007/12/28,0,2743000,-3858000,-1115000
2007/12/31,0,286000,-268000,18000
2008/01/01,0,0,0,0
2008/01/02,0,1181000,-2567000,-1386000
2008/01/03,0,2750000,-3861000,-1111000
2008/01/04,0,3197000,-2849000,348000
2008/01/07,0,3725000,-4220500,-495500
2008/01/08,0,1964000,-2649280,-685280
2008/01/09,0,5526000,-2044072,3481928
2008/01/10,0,3830000,-2339506,1490494
2008/01/11,0,5907144,-1979277,3927867
2008/01/14,0,6163000,-1988109,4174891
2008/01/15,0,5947000,-2543193,3403807
2008/01/16,0,3971000,-4252000,-281000
2008/01/17,0,4559000,-2279853,2279147
2008/01/18,0,5244298,-3703636,1540662
2008/01/21,0,755000,-4103500,-3348500
2008/01/22,0,1338000,-9790000,-8452000
2008/01/23,0,3161000,-6675500,-3514500
2008/01/24,0,3782000,-6537803,-2755803
2008/01/25,0,1857000,-2637000,-780000
2008/01/28,0,1607000,-3784000,-2177000
2008/01/29,0,3983000,-1956492,2026508
2008/01/30,0,6103411,-7158079,-1054668
2008/01/31,0,9690000,-16613000,-6923000
2008/02/01,0,5844000,-4317037,1526963
2008/02/04,0,0,0,0
2008/02/05,0,0,0,0
2008/02/06,0,0,0,0
2008/02/07,0,0,0,0
2008/02/08,0,0,0,0
2008/02/11,0,0,0,0
2008/02/12,0,5271291,-6355230,-1083939
2008/02/13,0,5214000,-4725000,489000
2008/02/14,0,7368000,-1284000,6084000
2008/02/15,0,2817000,-973000,1844000
2008/02/18,0,4241000,-2312000,1929000
2008/02/19,0,2760000,-1390000,1370000
2008/02/20,0,2760050,-3583000,-822950
2008/02/21,0,2643192,-1158916,1484276
2008/02/22,0,1008000,-2350060,-1342060
2008/02/25,0,3606200,-2970000,636200
2008/02/26,0,2919000,-1291000,1628000
2008/02/27,0,8952300,-2904000,6048300
2008/02/28,0,0,0,0
2008/02/29,0,3616738,-10798125,-7181387
2008/03/03,0,1798000,-7174000,-5376000
2008/03/04,0,5754573,-4658000,1096573
2008/03/05,0,3636000,-4110000,-474000
2008/03/06,0,5613000,-4987010,625990
2008/03/07,0,2490000,-6023596,-3533596
2008/03/10,0,1784000,-4503927,-2719927
2008/03/11,0,2134000,-17572000,-15438000
2008/03/12,0,4227434,-3786520,440914
2008/03/13,0,824000,-6309000,-5485000
2008/03/14,0,2523000,-6658791,-4135791
2008/03/17,0,1594000,-8877000,-7283000
2008/03/18,0,2563000,-4101983,-1538983
2008/03/19,0,3672000,-1354000,2318000
2008/03/20,0,4918000,-5867097,-949097
2008/03/21,0,6053000,-334000,5719000
2008/03/24,0,15003000,-491000,14512000
2008/03/25,0,7460000,-1539738,5920262
2008/03/26,0,4031000,-10759934,-6728934
2008/03/27,0,1277898,-7041000,-5763102
2008/03/28,0,5327898,-10264228,-4936330
2008/03/31,0,6235095,-16470097,-10235002
2008/04/01,0,3772386,-6208937,-2436551
2008/04/02,0,2771001,-6424000,-3652999
2008/04/03,0,2896000,-6312967,-3416967
2008/04/04,0,0,0,0
2008/04/07,0,5036300,-8276000,-3239700
2008/04/08,0,7699000,-17813233,-10114233
2008/04/09,0,1732000,-3756491,-2024491
2008/04/10,0,2276200,-3752934,-1476734
2008/04/11,0,1802000,-585193,1216807
2008/04/14,0,1828000,-2756853,-928853
2008/04/15,0,4103000,-5592000,-1489000
2008/04/16,0,2785300,-3231000,-445700
2008/04/17,0,4200000,-3007000,1193000
2008/04/18,0,1679000,-6979082,-5300082
2008/04/21,0,3886448,-8876338,-4989890
2008/04/22,0,2087876,-6576000,-4488124
2008/04/23,0,3826000,-5668420,-1842420
2008/04/24,0,5198000,-8126000,-2928000
2008/04/25,0,1503442,-1608000,-104558
2008/04/28,0,8004000,-8001670,2330
2008/04/29,0,6596000,-16545000,-9949000
2008/04/30,0,7458000,-11482839,-4024839
2008/05/01,0,0,0,0
2008/05/02,0,9293000,-9449000,-156000
2008/05/05,0,5676000,-7713000,-2037000
2008/05/06,0,2782150,-2046000,736150
2008/05/07,0,8284000,-7952079,331921
2008/05/08,0,4179000,-11834000,-7655000
2008/05/09,0,2133000,-4493000,-2360000
2008/05/12,0,1146000,-1126250,19750
2008/05/13,0,2138000,-1384000,754000
2008/05/14,0,1345506,-1695000,-349494
2008/05/15,0,3139000,-623000,2516000
2008/05/16,0,3016000,-250000,2766000
2008/05/19,0,3136000,-4676000,-1540000
2008/05/20,0,5011000,-7981000,-2970000
2008/05/21,0,2004000,-2746370,-742370
2008/05/22,0,2840000,-4508263,-1668263
2008/05/23,0,7453000,-1810000,5643000
2008/05/26,0,1507000,-2156000,-649000
2008/05/27,0,507000,-4736000,-4229000
2008/05/28,0,77000,-3066000,-2989000
2008/05/29,0,2682000,-4547000,-1865000
2008/05/30,0,6789700,-6195772,593928
2008/06/02,0,1955000,-4771000,-2816000
2008/06/03,0,2218003,-5547624,-3329621
2008/06/04,0,4148000,-5648475,-1500475
2008/06/05,0,8724000,-10282000,-1558000
2008/06/06,0,3336000,-2157995,1178005
2008/06/09,0,139000,-6904000,-6765000
2008/06/10,0,2060000,-10592219,-8532219
2008/06/11,0,732000,-3359005,-2627005
2008/06/12,0,1281000,-3691000,-2410000
2008/06/13,0,1939000,-3762000,-1823000
2008/06/16,0,2062000,-5600000,-3538000
2008/06/17,0,2989000,-5147000,-2158000
2008/06/18,0,4405000,-3721000,684000
2008/06/19,0,5950000,-11907000,-5957000
2008/06/20,0,5067906,-9719000,-4651094
2008/06/23,0,4376000,-6419000,-2043000
2008/06/24,0,4301500,-4297112,4388
2008/06/25,0,4063000,-10918370,-6855370
2008/06/26,0,2236000,-7907000,-5671000
2008/06/27,0,3449000,-5165500,-1716500
2008/06/30,0,2777000,-2490320,286680
2008/07/01,0,3363000,-2103000,1260000
2008/07/02,0,4047000,-6562563,-2515563
2008/07/03,0,5562000,-11152137,-5590137
2008/07/04,0,4391000,-8268000,-3877000
2008/07/07,0,4795000,-2675000,2120000
2008/07/08,0,4995000,-8993000,-3998000
2008/07/09,0,3920000,-4472000,-552000
2008/07/10,0,2314000,-1344000,970000
2008/07/11,0,1201000,-3873000,-2672000
2008/07/14,0,1494000,-2566000,-1072000
2008/07/15,0,623000,-9465022,-8842022
2008/07/16,0,5222000,-6027000,-805000
2008/07/17,0,2697000,-3523010,-826010
2008/07/18,0,1484000,-2653000,-1169000
2008/07/21,0,4276000,-651862,3624138
2008/07/22,0,1994000,-2921000,-927000
2008/07/23,0,11270000,-11301320,-31320
2008/07/24,0,1985000,-9456000,-7471000
2008/07/25,0,1101338,-1377000,-275662
2008/07/28,0,0,0,0
2008/07/29,0,1605000,-4806033,-3201033
2008/07/30,0,5067000,-3508000,1559000
2008/07/31,0,2688000,-1674000,1014000
2008/08/01,0,5286000,-5691167,-405167
2008/08/04,0,2691000,-1457000,1234000
2008/08/05,0,6113000,-4355155,1757845
2008/08/06,0,6599000,-3539986,3059014
2008/08/07,0,4273726,-3688275,585451
2008/08/08,0,3736000,-1359000,2377000
2008/08/11,0,1866000,-1274000,592000
2008/08/12,0,2099000,-1290000,809000
2008/08/13,0,1796000,-1096000,700000
2008/08/14,0,3648011,-5722000,-2073989
2008/08/15,0,1408000,-2728000,-1320000
2008/08/18,0,2755000,-2770000,-15000
2008/08/19,0,2249000,-3262000,-1013000
2008/08/20,0,4525000,-4263000,262000
2008/08/21,0,3927810,-3928000,-190
2008/08/22,0,2348000,-1363863,984137
2008/08/25,0,2099000,-413000,1686000
2008/08/26,0,5134000,-5927777,-793777
2008/08/27,0,5154000,-5053245,100755
2008/08/28,0,4680000,-3128000,1552000
2008/08/29,0,2685000,-1855579,829421
2008/09/01,0,5529000,-4809757,719243
2008/09/02,0,3241000,-1789000,1452000
2008/09/03,0,2251000,-817000,1434000
2008/09/04,0,3433890,-1537000,1896890
2008/09/05,0,4333000,-1798000,2535000
2008/09/08,0,1268000,-858000,410000
2008/09/09,0,2633000,-2342000,291000
2008/09/10,0,3218000,-2670000,548000
2008/09/11,0,4180000,-4641289,-461289
2008/09/12,0,1895000,-4803000,-2908000
2008/09/15,0,4899386,-4220000,679386
2008/09/16,0,4445000,-3070000,1375000
2008/09/17,0,5545000,-3328000,2217000
2008/09/18,0,7999000,-4947000,3052000
2008/09/19,0,6568000,-2085000,4483000
2008/09/22,0,1836000,-1664000,172000
2008/09/23,0,1353000,-395550,957450
2008/09/24,0,4559478,-3162972,1396506
2008/09/25,0,2401109,-2543000,-141891
2008/09/26,0,1954000,-2890000,-936000
2008/09/29,0,0,0,0
2008/09/30,0,4711000,-2425000,2286000
2008/10/01,0,1870000,-3558000,-1688000
2008/10/02,0,5624000,-3720000,1904000
2008/10/03,0,3348203,-811000,2537203
2008/10/06,0,4001000,-4910000,-909000
2008/10/07,0,12592000,-1217000,11375000
2008/10/08,0,1480000,-3303000,-1823000
2008/10/09,0,3030096,-2163814,866282
2008/10/10,0,0,0,0
2008/10/13,0,1285000,-2067880,-782880
2008/10/14,0,3007000,-1186873,1820127
2008/10/15,0,1835000,-793000,1042000
2008/10/16,0,222000,-1245000,-1023000
2008/10/17,0,1497000,-7514000,-6017000
2008/10/20,0,2638000,-4710313,-2072313
2008/10/21,0,2565000,-4531343,-1966343
2008/10/22,0,1925000,-1844000,81000
2008/10/23,0,4205000,-5220000,-1015000
2008/10/24,0,4123000,-2769000,1354000
2008/10/27,0,1647000,-2768000,-1121000
2008/10/28,0,1265000,-3049000,-1784000
2008/10/29,0,2288000,-1951000,337000
2008/10/30,0,6584000,-1169000,5415000
2008/10/31,0,9367000,-4093000,5274000
2008/11/03,0,8316000,-3178904,5137096
2008/11/04,0,5630926,-777000,4853926
2008/11/05,0,2897000,-3460000,-563000
2008/11/06,0,3282000,-3785000,-503000
2008/11/07,0,2019000,-3922000,-1903000
2008/11/10,0,2010000,-363000,1647000
2008/11/11,0,2815000,-4078513,-1263513
2008/11/12,0,1524000,-1945000,-421000
2008/11/13,0,1540000,-2957956,-1417956
2008/11/14,0,2039000,-963000,1076000
2008/11/17,0,4675000,-625000,4050000
2008/11/18,0,3243000,-4398751,-1155751
2008/11/19,0,1247000,-2106476,-859476
2008/11/20,0,2997000,-2403000,594000
2008/11/21,0,3407000,-1035000,2372000
2008/11/24,0,4582000,-4183500,398500
2008/11/25,0,3009925,-2134187,875738
2008/11/26,0,2227000,-4370391,-2143391
2008/11/27,0,4301000,-4353000,-52000
2008/11/28,0,3079000,-2408350,670650
2008/12/01,0,5414000,-3780000,1634000
2008/12/02,0,3518000,-4312000,-794000
2008/12/03,0,1927000,-3193000,-1266000
2008/12/04,0,2231000,-5151700,-2920700
2008/12/05,0,3168000,-1100480,2067520
2008/12/08,0,9939000,-5284039,4654961
2008/12/09,0,2993000,-3376000,-383000
2008/12/10,0,3643000,-3602000,41000
2008/12/11,0,5130000,-4022000,1108000
2008/12/12,0,1076000,-4017000,-2941000
2008/12/15,0,5382000,-1842000,3540000
2008/12/16,0,2672000,-3389000,-717000
2008/12/17,0,6607000,-9625400,-3018400
2008/12/18,0,2684300,-4238000,-1553700
2008/12/19,0,4547000,-4533000,14000
2008/12/22,0,945000,-6094000,-5149000
2008/12/23,0,2852000,-2642000,210000
2008/12/24,0,1465000,-1791000,-326000
2008/12/25,0,569000,-710000,-141000
2008/12/26,0,231000,-1904000,-1673000
2008/12/29,0,353000,-1464000,-1111000
2008/12/30,0,2291000,-825433,1465567
2008/12/31,0,640000,-1282000,-642000
2009/01/01,0,0,0,0
2009/01/02,0,0,0,0
2009/01/05,0,1639000,-2364000,-725000
2009/01/06,0,3171140,-4380000,-1208860
2009/01/07,0,7191421,-3272000,3919421
2009/01/08,0,2105000,-4480300,-2375300
2009/01/09,0,225000,-1598000,-1373000
2009/01/12,0,780808,-3171000,-2390192
2009/01/13,0,1114121,-1266000,-151879
2009/01/14,0,350000,-2872000,-2522000
2009/01/15,0,523000,-7003000,-6480000
2009/01/16,0,779000,-4322000,-3543000
2009/01/19,0,178000,-388200,-210200
2009/01/20,0,1401000,-5641000,-4240000
2009/01/21,0,3046500,-7783520,-4737020
2009/01/22,0,0,0,0
2009/01/23,0,0,0,0
2009/01/26,0,0,0,0
2009/01/27,0,0,0,0
2009/01/28,0,0,0,0
2009/01/29,0,0,0,0
2009/01/30,0,0,0,0
2009/02/02,0,14109000,-4681113,9427887
2009/02/03,0,531000,-1572500,-1041500
2009/02/04,0,666000,-2102000,-1436000
2009/02/05,0,1196160,-3200460,-2004300
2009/02/06,0,1378000,-960000,418000
2009/02/09,0,543000,-3090000,-2547000
2009/02/10,0,4356000,-4886000,-530000
2009/02/11,0,1986000,-1607000,379000
2009/02/12,0,1426000,-3775456,-2349456
2009/02/13,0,1722000,-1260000,462000
2009/02/16,0,199000,-1284000,-1085000
2009/02/17,0,958000,-5267454,-4309454
2009/02/18,0,4072000,-2837000,1235000
2009/02/19,0,2598000,-2722000,-124000
2009/02/20,0,986063,-5707829,-4721766
2009/02/23,0,2112000,-2938000,-826000
2009/02/24,0,1048000,-8323900,-7275900
2009/02/25,0,1778050,-692580,1085470
2009/02/26,0,971000,-2294530,-1323530
2009/02/27,0,497522,-1410000,-912478
2009/03/02,0,3052000,-4980555,-1928555
2009/03/03,0,845000,-2093000,-1248000
2009/03/04,0,1514763,-2500234,-985471
2009/03/05,0,2008000,-539000,1469000
2009/03/06,0,2184000,-683000,1501000
2009/03/09,0,2475000,-978000,1497000
2009/03/10,0,4166000,-597000,3569000
2009/03/11,0,9830657,-4631000,5199657
2009/03/12,0,2822000,-1705000,1117000
2009/03/13,0,6679000,-6037000,642000
2009/03/16,0,3503000,-1591000,1912000
2009/03/17,0,3466000,-974000,2492000
2009/03/18,0,7718000,-1270000,6448000
2009/03/19,0,889000,-1588000,-699000
2009/03/20,0,3240000,-1422000,1818000
2009/03/23,0,6177000,-4698000,1479000
2009/03/24,0,3332000,-385000,2947000
2009/03/25,0,6394000,-888840,5505160
2009/03/26,0,5118000,-3298000,1820000
2009/03/27,0,1661000,-2419000,-758000
2009/03/30,0,5310000,-4116000,1194000
2009/03/31,0,2973000,-4998931,-2025931
2009/04/01,0,3138000,-2550570,587430
2009/04/02,0,7578000,-1605000,5973000
2009/04/03,0,1581000,-1683000,-102000
2009/04/06,0,4075520,-2061000,2014520
2009/04/07,0,9043000,-9695000,-652000
2009/04/08,0,4682000,-4981622,-299622
2009/04/09,0,5166000,-1363282,3802718
2009/04/10,0,7000000,-2879000,4121000
2009/04/13,0,3021000,-2619000,402000
2009/04/14,0,5247000,-2706000,2541000
2009/04/15,0,3644000,-1608000,2036000
2009/04/16,0,4509000,-1675000,2834000
2009/04/17,0,3779212,-684000,3095212
2009/04/20,0,2727000,-928000,1799000
2009/04/21,0,3146000,-1848000,1298000
2009/04/22,0,2047000,-3279000,-1232000
2009/04/23,0,1143000,-1605000,-462000
2009/04/24,0,1734000,-1801000,-67000
2009/04/27,0,2125951,-3559720,-1433769
2009/04/28,0,2743000,-4422000,-1679000
2009/04/29,0,8708000,-2619000,6089000
2009/04/30,0,10461000,-1504473,8956527
2009/05/01,0,0,0,0
2009/05/04,0,6392000,-887000,5505000
2009/05/05,0,8111731,-3036000,5075731
2009/05/06,0,6138000,-3462000,2676000
2009/05/07,0,4363000,-5023000,-660000
2009/05/08,0,3581000,-2945622,635378
2009/05/11,0,1494000,-3438000,-1944000
2009/05/12,0,2473000,-1863000,610000
2009/05/13,0,890000,-2151000,-1261000
2009/05/14,0,13463000,-15482000,-2019000
2009/05/15,0,3925050,-5488000,-1562950
2009/05/18,0,1894264,-4993000,-3098736
2009/05/19,0,2903000,-4967500,-2064500
2009/05/20,0,2368000,-3840642,-1472642
2009/05/21,0,2403000,-5332000,-2929000
2009/05/22,0,1708050,-7380096,-5672046
2009/05/25,0,381000,-6941051,-6560051
2009/05/26,0,7330000,-2642000,4688000
2009/05/27,0,5628051,-6591637,-963586
2009/05/28,0,0,0,0
2009/05/29,0,0,0,0
2009/06/01,0,4496000,-3689100,806900
2009/06/02,0,1757423,-1474423,283000
2009/06/03,0,2759000,-2974000,-215000
2009/06/04,0,3947000,-4740000,-793000
2009/06/05,0,529599,-2519277,-1989678
2009/06/08,0,321000,-3175873,-2854873
2009/06/09,0,4639000,-6937000,-2298000
2009/06/10,0,958232,-790000,168232
2009/06/11,0,1997000,-1358000,639000
2009/06/12,0,2125336,-2957100,-831764
2009/06/15,0,1547000,-1209000,338000
2009/06/16,0,1573000,-1473810,99190
2009/06/17,0,1309000,-2099000,-790000
2009/06/18,0,1743000,-3321000,-1578000
2009/06/19,0,1802848,-3417651,-1614803
2009/06/22,0,464000,-1981000,-1517000
2009/06/23,0,951900,-4421000,-3469100
2009/06/24,0,6749000,-4913034,1835966
2009/06/25,0,2419250,-1267000,1152250
2009/06/26,0,1080000,-1071000,9000
2009/06/29,0,2253000,-3124000,-871000
2009/06/30,0,2789000,-2027339,761661
2009/07/01,0,1965000,-609250,1355750
2009/07/02,0,926000,-1150000,-224000
2009/07/03,0,487588,-925000,-437412
2009/07/06,0,196000,-1189000,-993000
2009/07/07,0,930000,-632420,297580
2009/07/08,0,228000,-1786000,-1558000
2009/07/09,0,4090000,-2928000,1162000
2009/07/10,0,548000,-1251462,-703462
2009/07/13,0,1397000,-2736000,-1339000
2009/07/14,0,1414000,-1033138,380862
2009/07/15,0,1577000,-809000,768000
2009/07/16,0,4039600,-748000,3291600
2009/07/17,0,917000,-397621,519379
2009/07/20,0,1437000,-154533,1282467
2009/07/21,0,1296000,-819240,476760
2009/07/22,0,2217000,-269000,1948000
2009/07/23,0,1345000,-1892030,-547030
2009/07/24,0,510000,-1228870,-718870
2009/07/27,0,1732000,-358400,1373600
2009/07/28,0,1274000,-451000,823000
2009/07/29,0,1044567,-522000,522567
2009/07/30,0,1828150,-2910482,-1082332
2009/07/31,0,2315000,-2735000,-420000
2009/08/03,0,761000,-789000,-28000
2009/08/04,0,1073000,-3323000,-2250000
2009/08/05,0,696610,-650000,46610
2009/08/06,0,2879000,-769150,2109850
2009/08/07,0,0,0,0
2009/08/10,0,4998120,-4935814,62306
2009/08/11,0,8644000,-3599000,5045000
2009/08/12,0,5916000,-2713000,3203000
2009/08/13,0,5061420,-300000,4761420
2009/08/14,0,3105400,-1345000,1760400
2009/08/17,0,1621070,-1223000,398070
2009/08/18,0,1717000,-967000,750000
2009/08/19,0,818000,-1825964,-1007964
2009/08/20,0,2056000,-1884000,172000
2009/08/21,0,3551000,-4856710,-1305710
2009/08/24,0,4540000,-532000,4008000
2009/08/25,0,2253000,-1665643,587357
2009/08/26,0,654000,-1509000,-855000
2009/08/27,0,856000,-792000,64000
2009/08/28,0,3049000,-600265,2448735
2009/08/31,0,1312000,-2290081,-978081
2009/09/01,0,1691000,-226718,1464282
2009/09/02,0,647100,-721000,-73900
2009/09/03,0,1081000,-1524000,-443000
2009/09/04,0,802844,-407100,395744
2009/09/07,0,1298000,-330810,967190
2009/09/08,0,4272000,-94950,4177050
2009/09/09,0,1857000,-2021879,-164879
2009/09/10,0,8565000,-656960,7908040
2009/09/11,0,4023000,-331154,3691846
2009/09/14,0,1278000,-3220610,-1942610
2009/09/15,0,3711508,-3668000,43508
2009/09/16,0,3497000,-2933000,564000
2009/09/17,0,1965000,-2896560,-931560
2009/09/18,0,3761000,-4051750,-290750
2009/09/21,0,559000,-2256000,-1697000
2009/09/22,0,210000,-204000,6000
2009/09/23,0,1353195,-1929337,-576142
2009/09/24,0,892000,-2531570,-1639570
2009/09/25,0,2915000,-2112030,802970
2009/09/28,0,455000,-446340,8660
2009/09/29,0,3671682,-2886650,785032
2009/09/30,0,2133000,-2100000,33000
2009/10/01,0,1947000,-2212000,-265000
2009/10/02,0,8175000,-9855044,-1680044
2009/10/05,0,962685,-2457685,-1495000
2009/10/06,0,3509000,-2117350,1391650
2009/10/07,0,2703424,-441000,2262424
2009/10/08,0,3683000,-1026093,2656907
2009/10/09,0,1003000,-251000,752000
2009/10/12,0,671000,-999000,-328000
2009/10/13,0,1619040,-3253403,-1634363
2009/10/14,0,2409000,-241000,2168000
2009/10/15,0,5140000,-1078000,4062000
2009/10/16,0,1285050,-4950515,-3665465
2009/10/19,0,1166000,-3304320,-2138320
2009/10/20,0,720000,-2282000,-1562000
2009/10/21,0,1255000,-4222018,-2967018
2009/10/22,0,620000,-7596810,-6976810
2009/10/23,0,1655000,-1906000,-251000
2009/10/26,0,7652000,-3251000,4401000
2009/10/27,0,839000,-3187018,-2348018
2009/10/28,0,243000,-3252000,-3009000
2009/10/29,0,414000,-2972000,-2558000
2009/10/30,0,1601000,-3863739,-2262739
2009/11/02,0,242000,-2681480,-2439480
2009/11/03,0,479000,-2315220,-1836220
2009/11/04,0,559000,-356007,202993
2009/11/05,0,362000,-1653000,-1291000
2009/11/06,0,2557000,-166000,2391000
2009/11/09,0,3210000,-29000,3181000
2009/11/10,0,3241000,-77000,3164000
2009/11/11,0,2858000,-59000,2799000
2009/11/12,0,2130000,-245584,1884416
2009/11/13,0,1756000,-457975,1298025
2009/11/16,0,4495000,-731900,3763100
2009/11/17,0,3550000,-659000,2891000
2009/11/18,0,2430000,-3536510,-1106510
2009/11/19,0,1949000,-1938505,10495
2009/11/20,0,1346000,-4147000,-2801000
2009/11/23,0,721000,-362108,358892
2009/11/24,0,905000,-115000,790000
2009/11/25,0,5229000,-289478,4939522
2009/11/26,0,777000,-279000,498000
2009/11/27,0,2154000,-5760000,-3606000
2009/11/30,0,663068,-2727107,-2064039
2009/12/01,0,2106000,-2026775,79225
2009/12/02,0,1142000,-523000,619000
2009/12/03,0,1884960,-1019432,865528
2009/12/04,0,2805000,-244645,2560355
2009/12/07,0,1646000,-643000,1003000
2009/12/08,0,1220000,-957000,263000
2009/12/09,0,652000,-358670,293330
2009/12/10,0,1305000,-3992570,-2687570
2009/12/11,0,2031000,-1499840,531160
2009/12/14,0,972000,-278000,694000
2009/12/15,0,1539000,-804653,734347
2009/12/16,0,541000,-608000,-67000
2009/12/17,0,1237650,-1196000,41650
2009/12/18,0,396000,-1552000,-1156000
2009/12/21,0,758000,-117000,641000
2009/12/22,0,979000,-171000,808000
2009/12/23,0,514000,-144054,369946
2009/12/24,0,2735000,-311600,2423400
2009/12/25,0,790000,-74000,716000
2009/12/28,0,2487000,-154000,2333000
2009/12/29,0,683000,-155000,528000
2009/12/30,0,3244000,-1515000,1729000
2009/12/31,0,1690000,-1033000,657000
2010/01/01,0,0,0,0
2010/01/04,0,563000,-574000,-11000
2010/01/05,0,1066000,-1285000,-219000
2010/01/06,0,3914000,-1680125,2233875
2010/01/07,0,4254000,-713652,3540348
2010/01/08,0,2682420,-1829000,853420
2010/01/11,0,2001000,-680000,1321000
2010/01/12,0,1223530,-762866,460664
2010/01/13,0,1029000,-2197260,-1168260
2010/01/14,0,866000,-1876580,-1010580
2010/01/15,0,1658690,-1627119,31571
2010/01/18,0,394000,-912000,-518000
2010/01/19,0,699000,-2720470,-2021470
2010/01/20,0,1863000,-2383016,-520016
2010/01/21,0,2455000,-812130,1642870
2010/01/22,0,3305000,-3328000,-23000
2010/01/25,0,1290350,-2260000,-969650
2010/01/26,0,1052000,-5672000,-4620000
2010/01/27,0,4040000,-1239840,2800160
2010/01/28,0,1948700,-2203000,-254300
2010/01/29,0,1439000,-3125480,-1686480
2010/02/01,0,175000,-2809110,-2634110
2010/02/02,0,3412000,-2982050,429950
2010/02/03,0,2448590,-1112000,1336590
2010/02/04,0,4131000,-3164000,967000
2010/02/05,0,2157000,-4385850,-2228850
2010/02/08,0,1040166,-4337239,-3297073
2010/02/09,0,993000,-2689565,-1696565
2010/02/10,0,789000,-2557000,-1768000
2010/02/11,0,0,0,0
2010/02/12,0,0,0,0
2010/02/15,0,0,0,0
2010/02/16,0,0,0,0
2010/02/17,0,0,0,0
2010/02/18,0,0,0,0
2010/02/19,0,0,0,0
2010/02/22,0,3771000,-1098000,2673000
2010/02/23,0,7586000,-832000,6754000
2010/02/24,0,5393000,-1967000,3426000
2010/02/25,0,6975000,-3582000,3393000
2010/02/26,0,6240840,-1090458,5150382
2010/03/01,0,5235000,-1336840,3898160
2010/03/02,0,1916000,-602000,1314000
2010/03/03,0,3394000,-1732000,1662000
2010/03/04,0,6443000,-3482000,2961000
2010/03/05,0,6168000,-1594000,4574000
2010/03/08,0,3962000,-224040,3737960
2010/03/09,0,5936900,-3450590,2486310
2010/03/10,0,2377772,-422768,1955004
2010/03/11,0,3586000,-485000,3101000
2010/03/12,0,5232720,-257000,4975720
2010/03/15,0,3881000,-1504000,2377000
2010/03/16,0,1285001,-315000,970001
2010/03/17,0,5534000,-26000,5508000
2010/03/18,0,6982000,-974000,6008000
2010/03/19,0,5382000,-1052120,4329880
2010/03/22,0,490000,-2124680,-1634680
2010/03/23,0,1371000,-350000,1021000
2010/03/24,0,3829000,-1005000,2824000
2010/03/25,0,1055000,-2215500,-1160500
2010/03/26,0,4011000,-2332000,1679000
2010/03/29,0,2886000,-1528000,1358000
2010/03/30,0,1930000,-863000,1067000
2010/03/31,0,1501000,-1179720,321280
2010/04/01,0,3746000,-794200,2951800
2010/04/02,0,1290000,-148000,1142000
2010/04/05,0,0,0,0
2010/04/06,0,4746000,-529000,4217000
2010/04/07,0,4645810,-790000,3855810
2010/04/08,0,2560000,-1292000,1268000
2010/04/09,0,5823000,-1219550,4603450
2010/04/12,0,2457090,-851000,1606090
2010/04/13,0,2499000,-1101000,1398000
2010/04/14,0,2478000,-39640,2438360
2010/04/15,0,2436000,-1534954,901046
2010/04/16,0,1223130,-1303000,-79870
2010/04/19,0,791000,-2420000,-1629000
2010/04/20,0,518000,-2444439,-1926439
2010/04/21,0,1300000,-3481000,-2181000
2010/04/22,0,2978500,-3798530,-820030
2010/04/23,0,453000,-2437000,-1984000
2010/04/26,0,5431000,-15480,5415520
2010/04/27,0,7174080,-3095080,4079000
2010/04/28,0,2940000,-3114210,-174210
2010/04/29,0,3765000,-2274000,1491000
2010/04/30,0,6184000,-384370,5799630
2010/05/03,0,365000,-2531210,-2166210
2010/05/04,0,1475000,-1876000,-401000
2010/05/05,0,1924000,-5689810,-3765810
2010/05/06,0,8476090,-3878477,4597613
2010/05/07,0,7211000,-3028740,4182260
2010/05/10,0,841760,-1950410,-1108650
2010/05/11,0,2639000,-3952000,-1313000
2010/05/12,0,4328000,-1345000,2983000
2010/05/13,0,4418000,-944000,3474000
2010/05/14,0,3177000,-1494000,1683000
2010/05/17,0,2213000,-4601000,-2388000
2010/05/18,0,4647000,-397000,4250000
2010/05/19,0,4246003,-1654000,2592003
2010/05/20,0,4531000,-2262000,2269000
2010/05/21,0,1543000,-6584300,-5041300
2010/05/24,0,4193000,-2859180,1333820
2010/05/25,0,1961500,-3356000,-1394500
2010/05/26,0,5018250,-6133000,-1114750
2010/05/27,0,3369508,-5411780,-2042272
2010/05/28,0,2456000,-2945000,-489000
2010/05/31,0,2877000,-1306000,1571000
2010/06/01,0,684000,-2914000,-2230000
2010/06/02,0,3181000,-5673960,-2492960
2010/06/03,0,2621000,-1719000,902000
2010/06/04,0,1160000,-2613000,-1453000
2010/06/07,0,679604,-4425580,-3745976
2010/06/08,0,2806000,-1706800,1099200
2010/06/09,0,2307000,-2420000,-113000
2010/06/10,0,1257000,-1947000,-690000
2010/06/11,0,3526754,-990000,2536754
2010/06/14,0,3017754,-1250000,1767754
2010/06/15,0,3799508,-2030910,1768598
2010/06/16,0,0,0,0
2010/06/17,0,6655721,-2382859,4272862
2010/06/18,0,3084158,-3897750,-813592
2010/06/21,0,6193133,-5490612,702521
2010/06/22,0,4445668,-4235000,210668
2010/06/23,0,1987704,-1966820,20884
2010/06/24,0,2419000,-3398536,-979536
2010/06/25,0,3083000,-2389423,693577
2010/06/28,0,3476545,-3094000,382545
2010/06/29,0,5019000,-3726721,1292279
2010/06/30,0,4729289,-4001242,728047
2010/07/01,0,2181000,-4336127,-2155127
2010/07/02,0,2268000,-2083570,184430
2010/07/05,0,6896040,-3341539,3554501
2010/07/06,0,9996000,-4243195,5752805
2010/07/07,0,2950703,-1873000,1077703
2010/07/08,0,1674000,-3160444,-1486444
2010/07/09,0,6267098,-9207000,-2939902
2010/07/12,0,2859000,-635072,2223928
2010/07/13,0,1248000,-1952690,-704690
2010/07/14,0,4222836,-469827,3753009
2010/07/15,0,1616000,-3016000,-1400000
2010/07/16,0,1085340,-568000,517340
2010/07/19,0,1987000,-937000,1050000
2010/07/20,0,2878183,-916000,1962183
2010/07/21,0,2135000,-1055000,1080000
2010/07/22,0,897460,-1018000,-120540
2010/07/23,0,3823040,-1318000,2505040
2010/07/26,0,1138060,-1004000,134060
2010/07/27,0,645597,-2465000,-1819403
2010/07/28,0,2294000,-1263073,1030927
2010/07/29,0,1835000,-1510532,324468
2010/07/30,0,820041,-1736720,-916679
2010/08/02,0,4477000,-282000,4195000
2010/08/03,0,1044000,-225000,819000
2010/08/04,0,1443000,-464075,978925
2010/08/05,0,4085210,-1343182,2742028
2010/08/06,0,3301000,-636000,2665000
2010/08/09,0,6906000,-5839000,1067000
2010/08/10,0,1495000,-1966000,-471000
2010/08/11,0,12319257,-12257877,61380
2010/08/12,0,187014,-1922000,-1734986
2010/08/13,0,8233843,-8860743,-626900
2010/08/16,0,10695000,-10619000,76000
2010/08/17,0,1452000,-2467000,-1015000
2010/08/18,0,2079000,-1652000,427000
2010/08/19,0,1607000,-2953000,-1346000
2010/08/20,0,993000,-2040000,-1047000
2010/08/23,0,9074000,-7738000,1336000
2010/08/24,0,2053304,-2823800,-770496
2010/08/25,0,444000,-6401000,-5957000
2010/08/26,0,2492000,-3302000,-810000
2010/08/27,0,1763000,-1240800,522200
2010/08/30,0,1662940,-1211000,451940
2010/08/31,0,1513000,-1321464,191536
2010/09/01,0,591000,-2696000,-2105000
2010/09/02,0,1185000,-1361566,-176566
2010/09/03,0,2280000,-1516000,764000
2010/09/06,0,2182000,-741000,1441000
2010/09/07,0,2555533,-976750,1578783
2010/09/08,0,659290,-551442,107848
2010/09/09,0,1749000,-1306000,443000
2010/09/10,0,2155190,-237000,1918190
2010/09/13,0,5494000,-108000,5386000
2010/09/14,0,1795000,-573000,1222000
2010/09/15,0,2842968,-104000,2738968
2010/09/16,0,1798000,-416970,1381030
2010/09/17,0,4023097,-2267300,1755797
2010/09/20,0,891000,-136000,755000
2010/09/21,0,1016000,-495000,521000
2010/09/22,0,0,0,0
2010/09/23,0,1556000,-994349,561651
2010/09/24,0,2760360,-1913000,847360
2010/09/27,0,1618140,-655390,962750
2010/09/28,0,2183750,-1471700,712050
2010/09/29,0,4272000,-2091000,2181000
2010/09/30,0,2024800,-3245000,-1220200
2010/10/01,0,1579130,-61000,1518130
2010/10/04,0,4616000,-2965000,1651000
2010/10/05,0,986850,-1544330,-557480
2010/10/06,0,2832367,-1287000,1545367
2010/10/07,0,2843420,-1393000,1450420
2010/10/08,0,2800150,-1989725,810425
2010/10/11,0,1324830,-627969,696861
2010/10/12,0,2526600,-3945000,-1418400
2010/10/13,0,3397080,-2223396,1173684
2010/10/14,0,9149500,-2985000,6164500
2010/10/15,0,9553340,-1081000,8472340
2010/10/18,0,9110000,-3783000,5327000
2010/10/19,0,5710450,-3218428,2492022
2010/10/20,0,2058000,-2097000,-39000
2010/10/21,0,5853000,-2802000,3051000
2010/10/22,0,3381000,-2118000,1263000
2010/10/25,0,14745000,-6472080,8272920
2010/10/26,0,14031000,-3100481,10930519
2010/10/27,0,12100780,-3512000,8588780
2010/10/28,0,18422651,-4089000,14333651
2010/10/29,0,7055960,-1258000,5797960
2010/11/01,0,8561000,-2777000,5784000
2010/11/02,0,2903000,-1096000,1807000
2010/11/03,0,2034000,-552000,1482000
2010/11/04,0,2268000,-691000,1577000
2010/11/05,0,10681000,-3972524,6708476
2010/11/08,0,3766000,-2698698,1067302
2010/11/09,0,3413000,-2204000,1209000
2010/11/10,0,4882000,-1148350,3733650
2010/11/11,0,1578000,-2592375,-1014375
2010/11/12,0,4167000,-1799000,2368000
2010/11/15,0,4826879,-1745000,3081879
2010/11/16,0,6327000,-3065936,3261064
2010/11/17,0,4909836,-6549000,-1639164
2010/11/18,0,951000,-1016400,-65400
2010/11/19,0,1384390,-3109000,-1724610
2010/11/22,0,3666610,-305000,3361610
2010/11/23,0,2707360,-2962210,-254850
2010/11/24,0,5567000,-4627000,940000
2010/11/25,0,5736000,-2148000,3588000
2010/11/26,0,4731000,-3433450,1297550
2010/11/29,0,1847000,-1540606,306394
2010/11/30,0,7626461,-3275410,4351051
2010/12/01,0,8800000,-12258500,-3458500
2010/12/02,0,9106420,-5503897,3602523
2010/12/03,0,1760000,-5419000,-3659000
2010/12/06,0,5662000,-4830000,832000
2010/12/07,0,6904074,-7072986,-168912
2010/12/08,0,5562000,-4187590,1374410
2010/12/09,0,7241000,-673000,6568000
2010/12/10,0,3530000,-1556000,1974000
2010/12/13,0,7887000,-981000,6906000
2010/12/14,0,7196100,-1593000,5603100
2010/12/15,0,12897100,-1664000,11233100
2010/12/16,0,6250000,-1654000,4596000
2010/12/17,0,7671000,-2762314,4908686
2010/12/20,0,5200350,-827000,4373350
2010/12/21,0,4290000,-1273060,3016940
2010/12/22,0,1537000,-907060,629940
2010/12/23,0,2583000,-498160,2084840
2010/12/24,0,2513000,-206000,2307000
2010/12/27,0,1632000,-524000,1108000
2010/12/28,0,1887000,-170000,1717000
2010/12/29,0,1972410,-292000,1680410
2010/12/30,0,3722000,-1871000,1851000
2010/12/31,0,3325000,-618950,2706050
2011/01/03,0,2502000,-198000,2304000
2011/01/04,0,2278000,-1415000,863000
2011/01/05,0,1226336,-2245220,-1018884
2011/01/06,0,4245000,-984000,3261000
2011/01/07,0,5745000,-2107000,3638000
2011/01/10,0,2847000,-2521000,326000
2011/01/11,0,3707000,-478000,3229000
2011/01/12,0,2525000,-1386000,1139000
2011/01/13,0,7041118,-1118448,5922670
2011/01/14,0,4509000,-187000,4322000
2011/01/17,0,1964649,-1065000,899649
2011/01/18,0,4939000,-808580,4130420
2011/01/19,0,7861000,-985000,6876000
2011/01/20,0,1967000,-1150000,817000
2011/01/21,0,1853000,-1399000,454000
2011/01/24,0,1343000,-879000,464000
2011/01/25,0,3755000,-374000,3381000
2011/01/26,0,13775000,-491991,13283009
2011/01/27,0,13469000,-1302210,12166790
2011/01/28,0,34476550,-2782000,31694550
2011/01/31,0,0,0,0
2011/02/01,0,0,0,0
2011/02/02,0,0,0,0
2011/02/03,0,0,0,0
2011/02/04,0,0,0,0
2011/02/07,0,0,0,0
2011/02/08,0,13281000,-8047000,5234000
2011/02/09,0,6268000,-5413239,854761
2011/02/10,0,9039000,-4826150,4212850
2011/02/11,0,16939000,-9277279,7661721
2011/02/14,0,8848000,-6525450,2322550
2011/02/15,0,11521000,-6350162,5170838
2011/02/16,0,8682000,-4572000,4110000
2011/02/17,0,8407000,-5294110,3112890
2011/02/18,0,5898000,-1243000,4655000
2011/02/21,0,5455000,-1418000,4037000
2011/02/22,0,3235000,-7905000,-4670000
2011/02/23,0,6658034,-5886260,771774
2011/02/24,0,6219502,-7583000,-1363498
2011/02/25,0,4184000,-3952855,231145
2011/02/28,0,0,0,0
2011/03/01,0,6297000,-3045747,3251253
2011/03/02,0,3065351,-4152000,-1086649
2011/03/03,0,2943000,-872153,2070847
2011/03/04,0,10006000,-1593000,8413000
2011/03/07,0,857000,-538000,319000
2011/03/08,0,4187000,-945000,3242000
2011/03/09,0,849279,-1666701,-817422
2011/03/10,0,2513000,-2739534,-226534
2011/03/11,0,2757000,-6987900,-4230900
2011/03/14,0,13122000,-1407000,11715000
2011/03/15,0,3780000,-4869460,-1089460
2011/03/16,0,7851000,-3353500,4497500
2011/03/17,0,3257000,-1530820,1726180
2011/03/18,0,13158000,-3268767,9889233
2011/03/21,0,3390000,-4787000,-1397000
2011/03/22,0,3409600,-3048600,361000
2011/03/23,0,4742000,-1672000,3070000
2011/03/24,0,2378000,-607000,1771000
2011/03/25,0,6811343,-304000,6507343
2011/03/28,0,4257000,-627800,3629200
2011/03/29,0,12113800,-1888597,10225203
2011/03/30,0,13237000,-1029000,12208000
2011/03/31,0,5874563,-4328260,1546303
2011/04/01,0,2673374,-3203683,-530309
2011/04/04,0,0,0,0
2011/04/05,0,0,0,0
2011/04/06,0,12553750,-2154294,10399456
2011/04/07,0,10964640,-3392288,7572352
2011/04/08,0,6581704,-2639000,3942704
2011/04/11,0,7061224,-5154000,1907224
2011/04/12,0,4070294,-3569000,501294
2011/04/13,0,3811000,-4613008,-802008
2011/04/14,0,4696000,-6308900,-1612900
2011/04/15,0,3361998,-7639000,-4277002
2011/04/18,0,3386000,-3481792,-95792
2011/04/19,0,4444534,-9566000,-5121466
2011/04/20,0,2498000,-3224035,-726035
2011/04/21,0,5116000,-4837014,278986
2011/04/22,0,1762000,-1110000,652000
2011/04/25,0,1571000,-1925000,-354000
2011/04/26,0,3921000,-1090282,2830718
2011/04/27,0,4431000,-715000,3716000
2011/04/28,0,1701751,-1127000,574751
2011/04/29,0,2577141,-1357000,1220141
2011/05/02,0,0,0,0
2011/05/03,0,2790000,-3771000,-981000
2011/05/04,0,1698299,-7260141,-5561842
2011/05/05,0,939000,-466000,473000
2011/05/06,0,1418172,-6795500,-5377328
2011/05/09,0,3040000,-6251064,-3211064
2011/05/10,0,1638000,-2184410,-546410
2011/05/11,0,2918000,-3360900,-442900
2011/05/12,0,2396000,-2749000,-353000
2011/05/13,0,1512000,-2091000,-579000
2011/05/16,0,2350300,-4274000,-1923700
2011/05/17,0,1889000,-1947000,-58000
2011/05/18,0,1952000,-1327000,625000
2011/05/19,0,2481000,-2406000,75000
2011/05/20,0,1933000,-6290556,-4357556
2011/05/23,0,2178000,-2620000,-442000
2011/05/24,0,1079000,-3822872,-2743872
2011/05/25,0,1169534,-2728468,-1558934
2011/05/26,0,1484000,-1531586,-47586
2011/05/27,0,10629000,-3080000,7549000
2011/05/30,0,4053000,-3663000,390000
2011/05/31,0,6679000,-3716287,2962713
2011/06/01,0,3689000,-1086173,2602827
2011/06/02,0,3880000,-3180875,699125
2011/06/03,0,10900000,-1484000,9416000
2011/06/06,0,0,0,0
2011/06/07,0,3658393,-1506173,2152220
2011/06/08,0,7704000,-4362000,3342000
2011/06/09,0,2101000,-1466389,634611
2011/06/10,0,7835681,-3128000,4707681
2011/06/13,0,1541000,-3399098,-1858098
2011/06/14,0,1601000,-3051000,-1450000
2011/06/15,0,13449000,-6425526,7023474
2011/06/16,0,1148660,-3319031,-2170371
2011/06/17,0,10592000,-2329552,8262448
2011/06/20,0,1557000,-1698831,-141831
2011/06/21,0,3852448,-1807329,2045119
2011/06/22,0,4146000,-4515000,-369000
2011/06/23,0,2850721,-3440759,-590038
2011/06/24,0,2752000,-3297931,-545931
2011/06/27,0,8237000,-3049328,5187672
2011/06/28,0,3930000,-2703121,1226879
2011/06/29,0,6146000,-2890037,3255963
2011/06/30,0,6983000,-6483800,499200
2011/07/01,0,1944680,-7231210,-5286530
2011/07/04,0,2241200,-7652133,-5410933
2011/07/05,0,2102728,-6428644,-4325916
2011/07/06,0,2304758,-4833244,-2528486
2011/07/07,0,1778375,-2576000,-797625
2011/07/08,0,3694171,-3641640,52531
2011/07/11,0,1388454,-542000,846454
2011/07/12,0,1827163,-1160000,667163
2011/07/13,0,1157783,-2638900,-1481117
2011/07/14,0,2666260,-4661800,-1995540
2011/07/15,0,1373061,-4795000,-3421939
2011/07/18,0,293012,-1766000,-1472988
2011/07/19,0,660000,-2400900,-1740900
2011/07/20,0,4907776,-10627289,-5719513
2011/07/21,0,4401721,-2834000,1567721
2011/07/22,0,4510508,-3788000,722508
2011/07/25,0,3486288,-2626000,860288
2011/07/26,0,3498061,-4680000,-1181939
2011/07/27,0,5077013,-5528000,-450987
2011/07/28,0,2898444,-1173000,1725444
2011/07/29,0,1856128,-2328565,-472437
2011/08/01,0,2490811,-162650,2328161
2011/08/02,0,5499958,-12899430,-7399472
2011/08/03,0,5647594,-26113107,-20465513
2011/08/04,0,6647519,-10677350,-4029831
2011/08/05,0,5523133,-9328151,-3805018
2011/08/08,0,3767369,-12045322,-8277953
2011/08/09,0,10579368,-19594411,-9015043
2011/08/10,0,9007000,-25208561,-16201561
2011/08/11,0,5876000,-7804270,-1928270
2011/08/12,0,2979000,-8920070,-5941070
2011/08/15,0,4699500,-4375001,324499
2011/08/16,0,4209000,-4148000,61000
2011/08/17,0,3769565,-3994000,-224435
2011/08/18,0,2905169,-9617000,-6711831
2011/08/19,0,3941300,-2515165,1426135
2011/08/22,0,2586782,-2647419,-60637
2011/08/23,0,3717000,-4649607,-932607
2011/08/24,0,10451317,-7874777,2576540
2011/08/25,0,2562004,-3609477,-1047473
2011/08/26,0,4713947,-3317000,1396947
2011/08/29,0,5285000,-3076563,2208437
2011/08/30,0,8396115,-3775000,4621115
2011/08/31,0,3085845,-2825755,260090
2011/09/01,0,7381038,-6367783,1013255
2011/09/02,0,1589877,-2991000,-1401123
2011/09/05,0,1943000,-5166733,-3223733
2011/09/06,0,2308530,-4973317,-2664787
2011/09/07,0,2259208,-2567000,-307792
2011/09/08,0,4321588,-7852000,-3530412
2011/09/09,0,3781000,-3508056,272944
2011/09/12,0,0,0,0
2011/09/13,0,2240700,-6780012,-4539312
2011/09/14,0,10157025,-8592051,1564974
2011/09/15,0,3324000,-4768780,-1444780
2011/09/16,0,5094000,-9413000,-4319000
2011/09/19,0,384273,-2190000,-1805727
2011/09/20,0,2825218,-4932000,-2106782
2011/09/21,0,2836461,-5101000,-2264539
2011/09/22,0,7333959,-17093859,-9759900
2011/09/23,0,6315310,-20993450,-14678140
2011/09/26,0,2360512,-5264500,-2903988
2011/09/27,0,5145306,-10191000,-5045694
2011/09/28,0,4375500,-9783200,-5407700
2011/09/29,0,2428189,-1862000,566189
2011/09/30,0,5221000,-5579000,-358000
2011/10/03,0,2703345,-5154000,-2450655
2011/10/04,0,2974000,-4284800,-1310800
2011/10/05,0,3027000,-3402409,-375409
2011/10/06,0,12000000,-5757000,6243000
2011/10/07,0,1997000,-1188890,808110
2011/10/10,0,0,0,0
2011/10/11,0,8580000,-5276000,3304000
2011/10/12,0,2748869,-768715,1980154
2011/10/13,0,5510517,-2135000,3375517
2011/10/14,0,6786664,-3617000,3169664
2011/10/17,0,5198729,-2529000,2669729
2011/10/18,0,9552660,-2968189,6584471
2011/10/19,0,1788805,-1494000,294805
2011/10/20,0,1707062,-2698000,-990938
2011/10/21,0,1276859,-1768000,-491141
2011/10/24,0,5113589,-6675000,-1561411
2011/10/25,0,4656325,-8922000,-4265675
2011/10/26,0,4105000,-7864000,-3759000
2011/10/27,0,2486000,-7244000,-4758000
2011/10/28,0,13829000,-3286000,10543000
2011/10/31,0,3172000,-2620000,552000
2011/11/01,0,2306000,-3518390,-1212390
2011/11/02,0,692000,-2324000,-1632000
2011/11/03,0,3711000,-7738000,-4027000
2011/11/04,0,2983000,-5280480,-2297480
2011/11/07,0,1777000,-2220000,-443000
2011/11/08,0,3520676,-4011000,-490324
2011/11/09,0,2112857,-3198650,-1085793
2011/11/10,0,314857,-4034000,-3719143
2011/11/11,0,1087000,-3121000,-2034000
2011/11/14,0,1092000,-2492000,-1400000
2011/11/15,0,3693000,-3159000,534000
2011/11/16,0,1314000,-4665000,-3351000
2011/11/17,0,525429,-1767510,-1242081
2011/11/18,0,1376000,-8175150,-6799150
2011/11/21,0,2665000,-5300412,-2635412
2011/11/22,0,1274000,-4055000,-2781000
2011/11/23,0,971000,-5384000,-4413000
2011/11/24,0,2419000,-4235000,-1816000
2011/11/25,0,1378000,-8664000,-7286000
2011/11/28,0,5054928,-8550000,-3495072
2011/11/29,0,1068000,-5529000,-4461000
2011/11/30,0,3741946,-4722134,-980188
2011/12/01,0,5547000,-1645810,3901190
2011/12/02,0,1928000,-1263000,665000
2011/12/05,0,1743000,-2890000,-1147000
2011/12/06,0,1582000,-5278000,-3696000
2011/12/07,0,4791000,-1281000,3510000
2011/12/08,0,1879000,-1570000,309000
2011/12/09,0,1014467,-3625000,-2610533
2011/12/12,0,1175000,-843000,332000
2011/12/13,0,862000,-3062000,-2200000
2011/12/14,0,953000,-944270,8730
2011/12/15,0,3028000,-3068000,-40000
2011/12/16,0,2576000,-1573168,1002832
2011/12/19,0,2753000,-2216000,537000
2011/12/20,0,1930000,-3144600,-1214600
2011/12/21,0,1945000,-4340400,-2395400
2011/12/22,0,1287000,-1567000,-280000
2011/12/23,0,2447000,-1792960,654040
2011/12/26,0,604000,-141000,463000
2011/12/27,0,1035000,-397000,638000
2011/12/28,0,1803000,-2569262,-766262
2011/12/29,0,3215000,-1954000,1261000
2011/12/30,0,1641000,-1325146,315854
2012/01/02,0,844000,-2108000,-1264000
2012/01/03,0,2129000,-2384000,-255000
2012/01/04,0,2366000,-3115000,-749000
2012/01/05,0,3369000,-2645000,724000
2012/01/06,0,3714643,-3072000,642643
2012/01/09,0,1806085,-4185000,-2378915
2012/01/10,0,3343000,-2707000,636000
2012/01/11,0,1566000,-5139000,-3573000
2012/01/12,0,2974000,-6954000,-3980000
2012/01/13,0,4732000,-10494000,-5762000
2012/01/16,0,3232000,-3495000,-263000
2012/01/17,0,2021000,-3426000,-1405000
2012/01/18,0,5320000,-8767000,-3447000
2012/01/19,0,0,0,0
2012/01/20,0,0,0,0
2012/01/23,0,0,0,0
2012/01/24,0,0,0,0
2012/01/25,0,0,0,0
2012/01/26,0,0,0,0
2012/01/27,0,0,0,0
2012/01/30,0,8300237,-11415000,-3114763
2012/01/31,0,9711492,-9740000,-28508
2012/02/01,0,4589000,-5788700,-1199700
2012/02/02,0,3243000,-8732000,-5489000
2012/02/03,0,2760000,-5445000,-2685000
2012/02/06,0,6399000,-1580000,4819000
2012/02/07,0,4531000,-2164000,2367000
2012/02/08,0,2060000,-2709000,-649000
2012/02/09,0,4188000,-4561913,-373913
2012/02/10,0,960000,-825000,135000
2012/02/13,0,1852000,-527000,1325000
2012/02/14,0,1991010,-2668300,-677290
2012/02/15,0,5589000,-1002400,4586600
2012/02/16,0,3949000,-574000,3375000
2012/02/17,0,3617000,-1757276,1859724
2012/02/20,0,5506000,-1104000,4402000
2012/02/21,0,5353956,-2422600,2931356
2012/02/22,0,6003790,-1067000,4936790
2012/02/23,0,3706772,-1682000,2024772
2012/02/24,0,4177900,-1171000,3006900
2012/02/27,0,0,0,0
2012/02/28,0,0,0,0
2012/02/29,0,8953047,-4538788,4414259
2012/03/01,0,1850005,-865606,984399
2012/03/02,0,2574749,-1016000,1558749
2012/03/05,0,2129000,-1127000,1002000
2012/03/06,0,5875105,-3878000,1997105
2012/03/07,0,2157000,-1816000,341000
2012/03/08,0,1918000,-2436000,-518000
2012/03/09,0,971000,-1121000,-150000
2012/03/12,0,1601000,-2296000,-695000
2012/03/13,0,3594000,-2801000,793000
2012/03/14,0,3969000,-1941137,2027863
2012/03/15,0,1376323,-1097000,279323
2012/03/16,0,1668000,-2123966,-455966
2012/03/19,0,2063000,-6629000,-4566000
2012/03/20,0,1253000,-4858200,-3605200
2012/03/21,0,2830945,-11328695,-8497750
2012/03/22,0,1671000,-7288443,-5617443
2012/03/23,0,1911000,-3716000,-1805000
2012/03/26,0,1627572,-9908000,-8280428
2012/03/27,0,3393364,-6123000,-2729636
2012/03/28,0,3547000,-3531200,15800
2012/03/29,0,4073000,-5499000,-1426000
2012/03/30,0,6185192,-4134000,2051192
2012/04/02,0,2288000,-3337000,-1049000
2012/04/03,0,2856899,-2742000,114899
2012/04/04,0,0,0,0
2012/04/05,0,2765000,-3828000,-1063000
2012/04/06,0,1781000,-4595000,-2814000
2012/04/09,0,301000,-2343000,-2042000
2012/04/10,0,1636000,-3015000,-1379000
2012/04/11,0,502000,-2389710,-1887710
2012/04/12,0,1416000,-5203000,-3787000
2012/04/13,0,2710867,-2473437,237430
2012/04/16,0,1329000,-2642000,-1313000
2012/04/17,0,2160000,-4382330,-2222330
2012/04/18,0,3260000,-2965000,295000
2012/04/19,0,2264000,-1647000,617000
2012/04/20,0,1380000,-1395240,-15240
2012/04/23,0,1490737,-1501000,-10263
2012/04/24,0,2047000,-2536000,-489000
2012/04/25,0,784000,-1489000,-705000
2012/04/26,0,834764,-1002000,-167236
2012/04/27,0,2340665,-2443002,-102337
2012/04/30,0,1710000,-1692343,17657
2012/05/01,0,0,0,0
2012/05/02,0,1981000,-2385993,-404993
2012/05/03,0,1059000,-3788000,-2729000
2012/05/04,0,3006000,-4557000,-1551000
2012/05/07,0,2745000,-10231000,-7486000
2012/05/08,0,801000,-1581500,-780500
2012/05/09,0,1022000,-3927772,-2905772
2012/05/10,0,2143720,-4243835,-2100115
2012/05/11,0,1176294,-5616000,-4439706
2012/05/14,0,689000,-2040000,-1351000
2012/05/15,0,1078000,-3473910,-2395910
2012/05/16,0,6457729,-3767778,2689951
2012/05/17,0,3541000,-3176612,364388
2012/05/18,0,2144000,-5252550,-3108550
2012/05/21,0,1369000,-1696565,-327565
2012/05/22,0,1706000,-1594000,112000
2012/05/23,0,2130541,-4217000,-2086459
2012/05/24,0,2382000,-3003679,-621679
2012/05/25,0,2636000,-2706000,-70000
2012/05/28,0,1626000,-1604000,22000
2012/05/29,0,2962000,-3250500,-288500
2012/05/30,0,6514000,-8864444,-2350444
2012/05/31,0,20582044,-20526469,55575
2012/06/01,0,2644000,-6666760,-4022760
2012/06/04,0,3351771,-4305436,-953665
2012/06/05,0,2200000,-3238000,-1038000
2012/06/06,0,2899000,-4636000,-1737000
2012/06/07,0,1950690,-3253000,-1302310
2012/06/08,0,1512916,-5906927,-4394011
2012/06/11,0,3745622,-2025000,1720622
2012/06/12,0,1420000,-4166000,-2746000
2012/06/13,0,2304943,-3144555,-839612
2012/06/14,0,2282810,-3519400,-1236590
2012/06/15,0,15869000,-12109062,3759938
2012/06/18,0,5617317,-4091322,1525995
2012/06/19,0,3924933,-2209000,1715933
2012/06/20,0,3857770,-1869000,1988770
2012/06/21,0,2254664,-2962000,-707336
2012/06/22,0,1342060,-3105290,-1763230
2012/06/25,0,683000,-3189000,-2506000
2012/06/26,0,1418000,-1443000,-25000
2012/06/27,0,1051000,-1689000,-638000
2012/06/28,0,1429000,-1688000,-259000
2012/06/29,0,3698000,-1818000,1880000
2012/07/02,0,731000,-1685000,-954000
2012/07/03,0,5054429,-2327000,2727429
2012/07/04,0,1610084,-1031000,579084
2012/07/05,0,2461000,-3276000,-815000
2012/07/06,0,1931000,-717000,1214000
2012/07/09,0,3204000,-3896000,-692000
2012/07/10,0,2228000,-2964500,-736500
2012/07/11,0,1390000,-1591000,-201000
2012/07/12,0,1846000,-2853764,-1007764
2012/07/13,0,1152029,-1208939,-56910
2012/07/16,0,1688000,-1700000,-12000
2012/07/17,0,4709200,-2128000,2581200
2012/07/18,0,1505000,-2280429,-775429
2012/07/19,0,2776000,-1542429,1233571
2012/07/20,0,1451000,-831922,619078
2012/07/23,0,880000,-2368000,-1488000
2012/07/24,0,2143000,-1355089,787911
2012/07/25,0,1089000,-3141940,-2052940
2012/07/26,0,1475000,-2599010,-1124010
2012/07/27,0,2764000,-1036000,1728000
2012/07/30,0,2164919,-397000,1767919
2012/07/31,0,5929073,-2074583,3854490
2012/08/01,0,1863000,-1021850,841150
2012/08/02,0,0,0,0
2012/08/03,0,2943552,-2471429,472123
2012/08/06,0,3557000,-257000,3300000
2012/08/07,0,4104200,-1975909,2128291
2012/08/08,0,3529676,-1542405,1987271
2012/08/09,0,5542000,-2384000,3158000
2012/08/10,0,3016000,-197000,2819000
2012/08/13,0,1209000,-319000,890000
2012/08/14,0,3156000,-1096000,2060000
2012/08/15,0,3170142,-1359225,1810917
2012/08/16,0,2210000,-1864000,346000
2012/08/17,0,1830000,-993000,837000
2012/08/20,0,685000,-530657,154343
2012/08/21,0,3822328,-1444224,2378104
2012/08/22,0,856193,-1412000,-555807
2012/08/23,0,1239353,-876000,363353
2012/08/24,0,238000,-1087342,-849342
2012/08/27,0,1452000,-1547000,-95000
2012/08/28,0,907654,-2219000,-1311346
2012/08/29,0,1260000,-1442000,-182000
2012/08/30,0,3855000,-3875952,-20952
2012/08/31,0,1266554,-1424110,-157556
2012/09/03,0,642000,-1025000,-383000
2012/09/04,0,140000,-1213161,-1073161
2012/09/05,0,1237000,-4412000,-3175000
2012/09/06,0,1005000,-3041000,-2036000
2012/09/07,0,1520000,-2313435,-793435
2012/09/10,0,1447000,-2053000,-606000
2012/09/11,0,579000,-773000,-194000
2012/09/12,0,3294000,-3348000,-54000
2012/09/13,0,1415000,-1141000,274000
2012/09/14,0,4912485,-4072000,840485
2012/09/17,0,3034480,-2561000,473480
2012/09/18,0,2347000,-2525000,-178000
2012/09/19,0,3468000,-1549300,1918700
2012/09/20,0,1949415,-1490000,459415
2012/09/21,0,3027000,-2179254,847746
2012/09/24,0,1496469,-1314000,182469
2012/09/25,0,2659000,-2178761,480239
2012/09/26,0,1299000,-2409000,-1110000
2012/09/27,0,2503000,-3581129,-1078129
2012/09/28,0,3454400,-2015515,1438885
2012/10/01,0,1161000,-1183000,-22000
2012/10/02,0,1591000,-1432977,158023
2012/10/03,0,802000,-488105,313895
2012/10/04,0,2193000,-971000,1222000
2012/10/05,0,1061000,-2323541,-1262541
2012/10/08,0,1244800,-1924000,-679200
2012/10/09,0,3556000,-2294000,1262000
2012/10/10,0,0,0,0
2012/10/11,0,438000,-3588000,-3150000
2012/10/12,0,809240,-4797000,-3987760
2012/10/15,0,852240,-1877000,-1024760
2012/10/16,0,2194000,-7251000,-5057000
2012/10/17,0,2147200,-4269152,-2121952
2012/10/18,0,2145000,-1039000,1106000
2012/10/19,0,1906000,-2603000,-697000
2012/10/22,0,930000,-1262161,-332161
2012/10/23,0,564100,-2283714,-1719614
2012/10/24,0,320000,-1419290,-1099290
2012/10/25,0,213000,-1554000,-1341000
2012/10/26,0,617000,-3607000,-2990000
2012/10/29,0,915100,-3057000,-2141900
2012/10/30,0,1706901,-2817000,-1110099
2012/10/31,0,783000,-3252000,-2469000
2012/11/01,0,933000,-3024500,-2091500
2012/11/02,0,1859000,-3334000,-1475000
2012/11/05,0,2043000,-2685210,-642210
2012/11/06,0,944000,-4305000,-3361000
2012/11/07,0,1996000,-5876000,-3880000
2012/11/08,0,2137000,-6533000,-4396000
2012/11/09,0,1667000,-7170000,-5503000
2012/11/12,0,1222000,-3185000,-1963000
2012/11/13,0,1481000,-6566000,-5085000
2012/11/14,0,3142030,-6305110,-3163080
2012/11/15,0,1635620,-5121000,-3485380
2012/11/16,0,2441724,-2456000,-14276
2012/11/19,0,2587660,-4801000,-2213340
2012/11/20,0,626000,-4678000,-4052000
2012/11/21,0,1473000,-3008000,-1535000
2012/11/22,0,945000,-2498677,-1553677
2012/11/23,0,3979000,-2172000,1807000
2012/11/26,0,4205000,-1602500,2602500
2012/11/27,0,2651000,-1686000,965000
2012/11/28,0,2153200,-1632843,520357
2012/11/29,0,7877000,-5389000,2488000
2012/11/30,0,7014000,-6032334,981666
2012/12/03,0,2451000,-1978260,472740
2012/12/04,0,2422405,-3416260,-993855
2012/12/05,0,3520000,-2173000,1347000
2012/12/06,0,2937000,-2425271,511729
2012/12/07,0,2262000,-772000,1490000
2012/12/10,0,2132000,-741000,1391000
2012/12/11,0,3504497,-1552000,1952497
2012/12/12,0,4541000,-1877650,2663350
2012/12/13,0,4411738,-560897,3850841
2012/12/14,0,3824698,-1244816,2579882
2012/12/17,0,4799000,-1466000,3333000
2012/12/18,0,3126000,-2644660,481340
2012/12/19,0,2550000,-1630000,920000
2012/12/20,0,3143000,-1971445,1171555
2012/12/21,0,3485000,-2567107,917893
2012/12/24,0,1221000,-335000,886000
2012/12/25,0,1715000,-128000,1587000
2012/12/26,0,1352000,-635000,717000
2012/12/27,0,4123098,-1862000,2261098
2012/12/28,0,6587620,-4453000,2134620
2012/12/31,0,0,0,0
2013/01/01,0,0,0,0
2013/01/02,0,3034000,-866000,2168000
2013/01/03,0,4521000,-842000,3679000
2013/01/04,0,6907000,-2057000,4850000
2013/01/07,0,4549000,-1817200,2731800
2013/01/08,0,2792000,-1558000,1234000
2013/01/09,0,3029000,-1713000,1316000
2013/01/10,0,6899000,-3645000,3254000
2013/01/11,0,2259000,-356000,1903000
2013/01/14,0,2689520,-3007210,-317690
2013/01/15,0,3644000,-2616000,1028000
2013/01/16,0,3114000,-2170000,944000
2013/01/17,0,8936900,-6442000,2494900
2013/01/18,0,3290910,-1133087,2157823
2013/01/21,0,4029000,-1810000,2219000
2013/01/22,0,3760000,-2178039,1581961
2013/01/23,0,2031000,-1165117,865883
2013/01/24,0,1542000,-1450000,92000
2013/01/25,0,3512000,-2794000,718000
2013/01/28,0,2079000,-411000,1668000
2013/01/29,0,2640300,-339000,2301300
2013/01/30,0,4863000,-1968041,2894959
2013/01/31,0,6512143,-2729000,3783143
2013/02/01,0,3717000,-2551000,1166000
2013/02/04,0,4051000,-1628000,2423000
2013/02/05,0,3862000,-3105000,757000
2013/02/06,0,5927000,-3404000,2523000
2013/02/07,0,0,0,0
2013/02/08,0,0,0,0
2013/02/11,0,0,0,0
2013/02/12,0,0,0,0
2013/02/13,0,0,0,0
2013/02/14,0,0,0,0
2013/02/15,0,0,0,0
2013/02/18,0,6497000,-8395913,-1898913
2013/02/19,0,1581070,-843457,737613
2013/02/20,0,3747000,-3439981,307019
2013/02/21,0,6350000,-4960000,1390000
2013/02/22,0,1895000,-1689000,206000
2013/02/25,0,4415146,-4026928,388218
2013/02/26,0,11199071,-11285000,-85929
2013/02/27,0,2895232,-3603814,-708582
2013/02/28,0,0,0,0
2013/03/01,0,3643000,-3542000,101000
2013/03/04,0,4569000,-9726000,-5157000
2013/03/05,0,3507000,-4288770,-781770
2013/03/06,0,2275000,-2131410,143590
2013/03/07,0,708000,-672529,35471
2013/03/08,0,5779600,-5159000,620600
2013/03/11,0,3146000,-3682000,-536000
2013/03/12,0,718000,-1089079,-371079
2013/03/13,0,795000,-2696000,-1901000
2013/03/14,0,1203000,-2399051,-1196051
2013/03/15,0,1926000,-4188000,-2262000
2013/03/18,0,624000,-3477600,-2853600
2013/03/19,0,1171000,-3388117,-2217117
2013/03/20,0,1022000,-4134689,-3112689
2013/03/21,0,929000,-2068060,-1139060
2013/03/22,0,960000,-1411036,-451036
2013/03/25,0,586000,-946000,-360000
2013/03/26,0,408000,-1850000,-1442000
2013/03/27,0,2160000,-1131000,1029000
2013/03/28,0,2332000,-5508000,-3176000
2013/03/29,0,2156205,-1565000,591205
2013/04/01,0,856423,-393300,463123
2013/04/02,0,1817318,-1922000,-104682
2013/04/03,0,964700,-3256000,-2291300
2013/04/04,0,0,0,0
2013/04/05,0,0,0,0
2013/04/08,0,1107310,-4926043,-3818733
2013/04/09,0,861400,-3986794,-3125394
2013/04/10,0,4088000,-4362000,-274000
2013/04/11,0,1558780,-2975900,-1417120
2013/04/12,0,1005000,-2781380,-1776380
2013/04/15,0,344484,-1336000,-991516
2013/04/16,0,1129531,-2021653,-892122
2013/04/17,0,3040500,-4094000,-1053500
2013/04/18,0,320800,-1683000,-1362200
2013/04/19,0,1023500,-547513,475987
2013/04/22,0,499400,-620000,-120600
2013/04/23,0,878100,-2025000,-1146900
2013/04/24,0,1704000,-3461000,-1757000
2013/04/25,0,2743057,-3243000,-499943
2013/04/26,0,2942700,-3970000,-1027300
2013/04/29,0,2152000,-2208000,-56000
2013/04/30,0,3693032,-5356000,-1662968
2013/05/01,0,0,0,0
2013/05/02,0,2418000,-3932696,-1514696
2013/05/03,0,1333000,-4751000,-3418000
2013/05/06,0,2489000,-4236161,-1747161
2013/05/07,0,1539500,-1995569,-456069
2013/05/08,0,4793687,-3016800,1776887
2013/05/09,0,2112150,-1591116,521034
2013/05/10,0,3400000,-1603000,1797000
2013/05/13,0,1345200,-413700,931500
2013/05/14,0,3182000,-1939000,1243000
2013/05/15,0,4374136,-1655300,2718836
2013/05/16,0,3103000,-1290000,1813000
2013/05/17,0,953000,-695000,258000
2013/05/20,0,2033000,-770000,1263000
2013/05/21,0,1526000,-947272,578728
2013/05/22,0,2016000,-1633460,382540
2013/05/23,0,4465000,-4561540,-96540
2013/05/24,0,4950576,-5887000,-936424
2013/05/27,0,666758,-1711070,-1044312
2013/05/28,0,1407000,-2276000,-869000
2013/05/29,0,1580000,-836397,743603
2013/05/30,0,2335000,-4497469,-2162469
2013/05/31,0,5334000,-6736155,-1402155
2013/06/03,0,1295000,-2346000,-1051000
2013/06/04,0,2566000,-3191000,-625000
2013/06/05,0,1239896,-2887831,-1647935
2013/06/06,0,1359859,-4136900,-2777041
2013/06/07,0,819013,-2725948,-1906935
2013/06/10,0,656000,-1159000,-503000
2013/06/11,0,1207282,-2462000,-1254718
2013/06/12,0,0,0,0
2013/06/13,0,1355000,-7262000,-5907000
2013/06/14,0,883000,-2981000,-2098000
2013/06/17,0,1033326,-1244000,-210674
2013/06/18,0,1092300,-4426238,-3333938
2013/06/19,0,1363398,-4011000,-2647602
2013/06/20,0,634000,-3509988,-2875988
2013/06/21,0,17696000,-22400552,-4704552
2013/06/24,0,1527000,-3434000,-1907000
2013/06/25,0,1977000,-2447732,-470732
2013/06/26,0,3441000,-5285785,-1844785
2013/06/27,0,2145000,-1874000,271000
2013/06/28,0,3891000,-3612840,278160
2013/07/01,0,2204000,-3506080,-1302080
2013/07/02,0,2512257,-3733421,-1221164
2013/07/03,0,1639000,-1763100,-124100
2013/07/04,0,1725302,-313000,1412302
2013/07/05,0,2755000,-1244100,1510900
2013/07/08,0,3114000,-3704000,-590000
2013/07/09,0,2613000,-750000,1863000
2013/07/10,0,1810000,-793000,1017000
2013/07/11,0,4354772,-1225000,3129772
2013/07/12,0,2837000,-1169000,1668000
2013/07/15,0,3100000,-501000,2599000
2013/07/16,0,4276000,-503000,3773000
2013/07/17,0,3955000,-677380,3277620
2013/07/18,0,4720000,-1231230,3488770
2013/07/19,0,3414053,-888760,2525293
2013/07/22,0,3255688,-517000,2738688
2013/07/23,0,5039480,-10023350,-4983870
2013/07/24,0,2567460,-940000,1627460
2013/07/25,0,1428509,-574150,854359
2013/07/26,0,2329000,-1471000,858000
2013/07/29,0,1488000,-1390000,98000
2013/07/30,0,2890000,-677000,2213000
2013/07/31,0,3191000,-2356740,834260
2013/08/01,0,1509000,-579000,930000
2013/08/02,0,4030000,-1872390,2157610
2013/08/05,0,1158000,-1184000,-26000
2013/08/06,0,283000,-2922000,-2639000
2013/08/07,0,1179000,-1834000,-655000
2013/08/08,0,520514,-2814000,-2293486
2013/08/09,0,248000,-3115000,-2867000
2013/08/12,0,133000,-1214000,-1081000
2013/08/13,0,806000,-1207000,-401000
2013/08/14,0,204438,-2341000,-2136562
2013/08/15,0,228000,-3599841,-3371841
2013/08/16,0,730000,-1555023,-825023
2013/08/19,0,315000,-1765000,-1450000
2013/08/20,0,548754,-2140000,-1591246
2013/08/21,0,0,0,0
2013/08/22,0,855970,-7845492,-6989522
2013/08/23,0,874000,-2000000,-1126000
2013/08/26,0,802000,-1374000,-572000
2013/08/27,0,2183000,-2362000,-179000
2013/08/28,0,449000,-2302000,-1853000
2013/08/29,0,2411469,-1587015,824454
2013/08/30,0,2611051,-2000000,611051
2013/09/02,0,1244824,-1174000,70824
2013/09/03,0,2092000,-946010,1145990
2013/09/04,0,2438824,-1399000,1039824
2013/09/05,0,2433679,-2367000,66679
2013/09/06,0,1813000,-1715410,97590
2013/09/09,0,3198000,-1524000,1674000
2013/09/10,0,4297000,-1414630,2882370
2013/09/11,0,3847000,-1956782,1890218
2013/09/12,0,2814960,-991720,1823240
2013/09/13,0,1702000,-2415200,-713200
2013/09/16,0,5182000,-251820,4930180
2013/09/17,0,2089000,-1985930,103070
2013/09/18,0,2543937,-4055650,-1511713
2013/09/19,0,0,0,0
2013/09/20,0,0,0,0
2013/09/23,0,3290000,-2250770,1039230
2013/09/24,0,1513000,-1436328,76672
2013/09/25,0,2678460,-2198890,479570
2013/09/26,0,818000,-1490170,-672170
2013/09/27,0,1844080,-1417864,426216
2013/09/30,0,1365000,-3628904,-2263904
2013/10/01,0,1125000,-1458463,-333463
2013/10/02,0,1937824,-1013390,924434
2013/10/03,0,3806349,-945960,2860389
2013/10/04,0,2433700,-345030,2088670
2013/10/07,0,1052073,-1024800,27273
2013/10/08,0,2421000,-922893,1498107
2013/10/09,0,1498824,-467900,1030924
2013/10/10,0,0,0,0
2013/10/11,0,2850000,-2172500,677500
2013/10/14,0,1049000,-347131,701869
2013/10/15,0,1922000,-491310,1430690
2013/10/16,0,1038000,-673374,364626
2013/10/17,0,1995000,-832047,1162953
2013/10/18,0,852537,-1064203,-211666
2013/10/21,0,1624000,-186370,1437630
2013/10/22,0,1270000,-560000,710000
2013/10/23,0,1261227,-1248180,13047
2013/10/24,0,939000,-118050,820950
2013/10/25,0,1098000,-1595000,-497000
2013/10/28,0,1000060,-541000,459060
2013/10/29,0,2174824,-1265200,909624
2013/10/30,0,2312147,-397000,1915147
2013/10/31,0,4140000,-1369610,2770390
2013/11/01,0,531020,-619241,-88221
2013/11/04,0,850000,-1620514,-770514
2013/11/05,0,525001,-1243334,-718333
2013/11/06,0,1862824,-907000,955824
2013/11/07,0,1025000,-1190000,-165000
2013/11/08,0,919000,-775824,143176
2013/11/11,0,821000,-1299000,-478000
2013/11/12,0,2826000,-1469000,1357000
2013/11/13,0,1539516,-2419000,-879484
2013/11/14,0,796170,-2023777,-1227607
2013/11/15,0,1284000,-629108,654892
2013/11/18,0,1525000,-1040081,484919
2013/11/19,0,1219025,-1178201,40824
2013/11/20,0,393000,-1079000,-686000
2013/11/21,0,1166824,-2833000,-1666176
2013/11/22,0,366000,-1178664,-812664
2013/11/25,0,725000,-296000,429000
2013/11/26,0,2291072,-2099132,191940
2013/11/27,0,1423073,-714000,709073
2013/11/28,0,2496000,-750060,1745940
2013/11/29,0,1934000,-705030,1228970
2013/12/02,0,862073,-46000,816073
2013/12/03,0,962350,-429123,533227
2013/12/04,0,2731000,-826000,1905000
2013/12/05,0,2236050,-1206020,1030030
2013/12/06,0,2879000,-942500,1936500
2013/12/09,0,5047000,-496657,4550343
2013/12/10,0,3229500,-437000,2792500
2013/12/11,0,2577200,-260915,2316285
2013/12/12,0,1448100,-1029492,418608
2013/12/13,0,2834000,-863500,1970500
2013/12/16,0,1561000,-2050000,-489000
2013/12/17,0,2170000,-1955005,214995
2013/12/18,0,2182790,-1153700,1029090
2013/12/19,0,3452000,-536116,2915884
2013/12/20,0,3871880,-4692382,-820502
2013/12/23,0,2825000,-1828310,996690
2013/12/24,0,1076000,-577000,499000
2013/12/25,0,278000,-79000,199000
2013/12/26,0,79000,-145000,-66000
2013/12/27,0,2002000,-473000,1529000
2013/12/30,0,2085000,-257002,1827998
2013/12/31,0,1447000,-395000,1052000
2014/01/02,0,998000,-429000,569000
2014/01/03,0,2740000,-1220000,1520000
2014/01/06,0,2226177,-1534108,692069
2014/01/07,0,2385000,-1298500,1086500
2014/01/08,0,1552000,-1437180,114820
2014/01/09,0,2189000,-1095000,1094000
2014/01/10,0,800000,-1591205,-791205
2014/01/13,0,1504458,-529235,975223
2014/01/14,0,457000,-1159959,-702959
2014/01/15,0,1042000,-1312396,-270396
2014/01/16,0,837000,-1598211,-761211
2014/01/17,0,1200073,-823747,376326
2014/01/20,0,1193228,-1057000,136228
2014/01/21,0,2008570,-1480102,528468
2014/01/22,0,2529000,-1651000,878000
2014/01/23,0,2684000,-1336000,1348000
2014/01/24,0,2093000,-1794715,298285
2014/01/27,0,3258000,-6594242,-3336242
2014/02/05,0,3157000,-11666199,-8509199
2014/02/06,0,2073000,-7475585,-5402585
2014/02/07,0,2297000,-5021604,-2724604
2014/02/10,0,488000,-2027043,-1539043
2014/02/11,0,1156155,-831111,325044
2014/02/12,0,601000,-1728652,-1127652
2014/02/13,0,373240,-569000,-195760
2014/02/14,0,3047000,-895370,2151630
2014/02/17,0,897000,-1386300,-489300
2014/02/18,0,1835000,-843700,991300
2014/02/19,0,1271000,-153000,1118000
2014/02/20,0,491000,-463513,27487
2014/02/21,0,2851000,-681000,2170000
2014/02/24,0,908000,-409730,498270
2014/02/25,0,1218157,-642800,575357
2014/02/26,0,2691000,-2494532,196468
2014/02/27,0,2030000,-2017072,12928
2014/03/03,0,2340000,-4679420,-2339420
2014/03/04,0,520100,-2591471,-2071371
2014/03/05,0,590000,-2113530,-1523530
2014/03/06,0,1495000,-1546294,-51294
2014/03/07,0,2576000,-996884,1579116
2014/03/10,0,883000,-1225846,-342846
2014/03/11,0,2050000,-1612425,437575
2014/03/12,0,702000,-1817364,-1115364
2014/03/13,0,2137000,-6616890,-4479890
2014/03/14,0,794000,-7270870,-6476870
2014/03/17,0,1411000,-5389905,-3978905
2014/03/18,0,3838000,-4991080,-1153080
2014/03/19,0,584918,-3328000,-2743082
2014/03/20,0,1846000,-6613230,-4767230
2014/03/21,0,2933300,-6265000,-3331700
2014/03/24,0,2065000,-1976000,89000
2014/03/25,0,2365000,-2039896,325104
2014/03/26,0,924000,-3497480,-2573480
2014/03/27,0,4885000,-2947000,1938000
2014/03/28,0,2784000,-1769417,1014583
2014/03/31,0,1882683,-3046203,-1163520
2014/04/01,0,1568570,-2736739,-1168169
2014/04/02,0,1943000,-1760000,183000
2014/04/03,0,1364000,-2285810,-921810
2014/04/07,0,2066200,-2258360,-192160
2014/04/08,0,1934395,-2492510,-558115
2014/04/09,0,2885000,-1480851,1404149
2014/04/10,0,1096000,-1857269,-761269
2014/04/11,0,1606000,-678000,928000
2014/04/14,0,1467000,-1742000,-275000
2014/04/15,0,2123000,-1786275,336725
2014/04/16,0,2253000,-2972980,-719980
2014/04/17,0,786000,-1440000,-654000
2014/04/18,0,1287000,-602000,685000
2014/04/21,0,238000,-234000,4000
2014/04/22,0,662000,-1514000,-852000
2014/04/23,0,662000,-1599607,-937607
2014/04/24,0,835000,-1317000,-482000
2014/04/25,0,1980000,-483000,1497000
2014/04/28,0,1794000,-1086000,708000
2014/04/29,0,1184000,-974000,210000
2014/04/30,0,6646000,-4287000,2359000
2014/05/02,0,1158000,-2482000,-1324000
2014/05/05,0,32000,-1452000,-1420000
2014/05/06,0,236000,-1940000,-1704000
2014/05/07,0,286000,-3389000,-3103000
2014/05/08,0,1499000,-2044000,-545000
2014/05/09,0,568000,-2713000,-2145000
2014/05/12,0,317395,-1460235,-1142840
2014/05/13,0,1326000,-790000,536000
2014/05/14,0,2653000,-2016000,637000
2014/05/15,0,848000,-2176000,-1328000
2014/05/16,0,911000,-1887000,-976000
2014/05/19,0,1400000,-514838,885162
2014/05/20,0,870000,-778478,91522
2014/05/21,0,634000,-1334000,-700000
2014/05/22,0,1459000,-419000,1040000
2014/05/23,0,1593000,-1104200,488800
2014/05/26,0,163000,-395000,-232000
2014/05/27,0,326000,-399000,-73000
2014/05/28,0,2198000,-1239000,959000
2014/05/29,0,1443000,-969092,473908
2014/05/30,0,3700200,-5039400,-1339200
2014/06/03,0,1818000,-1947167,-129167
2014/06/04,0,504000,-1762000,-1258000
2014/06/05,0,675000,-2897520,-2222520
2014/06/06,0,393000,-925240,-532240
2014/06/09,0,491000,-459000,32000
2014/06/10,0,1966985,-489000,1477985
2014/06/11,0,957000,-1296200,-339200
2014/06/12,0,1308000,-541200,766800
2014/06/13,0,874000,-812180,61820
2014/06/16,0,736000,-655320,80680
2014/06/17,0,1287000,-428000,859000
2014/06/18,0,5433000,-786000,4647000
2014/06/19,0,1058812,-485790,573022
2014/06/20,0,1408800,-1859000,-450200
2014/06/23,0,1514000,-292414,1221586
2014/06/24,0,1862000,-1212273,649727
2014/06/25,0,967000,-2590684,-1623684
2014/06/26,0,1598904,-940430,658474
2014/06/27,0,1371000,-1001000,370000
2014/06/30,0,902000,-807000,95000
2014/07/01,0,1987000,-337000,1650000
2014/07/02,0,1123789,-1743360,-619571
2014/07/03,0,1063000,-1454000,-391000
2014/07/04,0,947267,-1860000,-912733
2014/07/07,0,1455231,-1118000,337231
2014/07/08,0,633045,-144000,489045
2014/07/09,0,532080,-189000,343080
2014/07/10,0,1528982,-1557000,-28018
2014/07/11,0,2010000,-539143,1470857
2014/07/14,0,876000,-1926000,-1050000
2014/07/15,0,1253094,-768000,485094
2014/07/16,0,1438000,-730000,708000
2014/07/17,0,2003140,-745204,1257936
2014/07/18,0,1376000,-502000,874000
2014/07/21,0,869000,-406000,463000
2014/07/22,0,2536000,-1105000,1431000
2014/07/23,0,0,0,0
2014/07/24,0,718518,-1028390,-309872
2014/07/25,0,2397000,-477000,1920000
2014/07/28,0,2574030,-296030,2278000
2014/07/29,0,3794000,-874000,2920000
2014/07/30,0,3639000,-1080000,2559000
2014/07/31,0,2016000,-2316000,-300000
2014/08/01,0,906000,-455000,451000
2014/08/04,0,1592099,-2201000,-608901
2014/08/05,0,613000,-5026140,-4413140
2014/08/06,0,1850000,-1198000,652000
2014/08/07,0,656230,-1181475,-525245
2014/08/08,0,679000,-1314920,-635920
2014/08/11,0,286000,-365793,-79793
2014/08/12,0,1197000,-1330386,-133386
2014/08/13,0,1865000,-429000,1436000
2014/08/14,0,691000,-1579000,-888000
2014/08/15,0,584000,-445000,139000
2014/08/18,0,307000,-410000,-103000
2014/08/19,0,2170164,-691000,1479164
2014/08/20,0,1859212,-507000,1352212
2014/08/21,0,723000,-336000,387000
2014/08/22,0,4149599,-1138900,3010699
2014/08/25,0,923000,-1022745,-99745
2014/08/26,0,1603366,-954400,648966
2014/08/27,0,3414000,-784000,2630000
2014/08/28,0,1738272,-1133850,604422
2014/08/29,0,2118000,-2179000,-61000
2014/09/01,0,1846000,-1075000,771000
2014/09/02,0,1315000,-1304000,11000
2014/09/03,0,1809458,-1316610,492848
2014/09/04,0,1498973,-1150000,348973
2014/09/05,0,706000,-369000,337000
2014/09/09,0,823815,-361000,462815
2014/09/10,0,856707,-2019340,-1162633
2014/09/11,0,602000,-964000,-362000
2014/09/12,0,563284,-1474000,-910716
2014/09/15,0,1180000,-814000,366000
2014/09/16,0,1268403,-1167970,100433
2014/09/17,0,2971000,-2486000,485000
2014/09/18,0,648373,-868900,-220527
2014/09/19,0,1488000,-2856079,-1368079
2014/09/22,0,2275000,-2584000,-309000
2014/09/23,0,1280000,-2110210,-830210
2014/09/24,0,1623875,-1320210,303665
2014/09/25,0,1025000,-1752268,-727268
2014/09/26,0,1414014,-1335000,79014
2014/09/29,0,2678000,-4572000,-1894000
2014/09/30,0,2377000,-2769100,-392100
2014/10/01,0,1510000,-3049000,-1539000
2014/10/02,0,1646000,-3174920,-1528920
2014/10/03,0,1463395,-1168634,294761
2014/10/06,0,1473325,-2458750,-985425
2014/10/07,0,1366000,-1758069,-392069
2014/10/08,0,2278000,-2265000,13000
2014/10/09,0,2889920,-885000,2004920
2014/10/13,0,2839000,-1729000,1110000
2014/10/14,0,1941000,-1930900,10100
2014/10/15,0,3356000,-4434000,-1078000
2014/10/16,0,1798000,-2539554,-741554
2014/10/17,0,5902500,-8869847,-2967347
2014/10/20,0,2128600,-1042128,1086472
2014/10/21,0,1557000,-1998060,-441060
2014/10/22,0,1413395,-2104400,-691005
2014/10/23,0,1273395,-1596000,-322605
2014/10/24,0,1551000,-2694750,-1143750
2014/10/27,0,1775000,-1452000,323000
2014/10/28,0,4828000,-2478510,2349490
2014/10/29,0,2134184,-994000,1140184
2014/10/30,0,1912000,-716000,1196000
2014/10/31,0,2298000,-2255000,43000
2014/11/03,0,1294300,-1271000,23300
2014/11/04,0,1696000,-1386000,310000
2014/11/05,0,1658000,-1515000,143000
2014/11/06,0,1035500,-673920,361580
2014/11/07,0,892000,-1368000,-476000
2014/11/10,0,3708009,-1097606,2610403
2014/11/11,0,1561010,-1223000,338010
2014/11/12,0,639010,-2302700,-1663690
2014/11/13,0,1684021,-1885000,-200979
2014/11/14,0,614000,-1416450,-802450
2014/11/17,0,629000,-1605689,-976689
2014/11/18,0,1725073,-421000,1304073
2014/11/19,0,4329605,-3165000,1164605
2014/11/20,0,1389001,-241750,1147251
2014/11/21,0,925000,-801000,124000
2014/11/24,0,1251000,-646900,604100
2014/11/25,0,2306876,-2605864,-298988
2014/11/26,0,327552,-1011000,-683448
2014/11/27,0,1529547,-215000,1314547
2014/11/28,0,1339542,-1110329,229213
2014/12/01,0,581823,-2350075,-1768252
2014/12/02,0,581000,-3338670,-2757670
2014/12/03,0,949000,-1733000,-784000
2014/12/04,0,1557933,-1579000,-21067
2014/12/05,0,477925,-1726000,-1248075
2014/12/08,0,680916,-1463000,-782084
2014/12/09,0,513587,-2114920,-1601333
2014/12/10,0,769069,-2707000,-1937931
2014/12/11,0,300965,-2257081,-1956116
2014/12/12,0,149201,-2133000,-1983799
2014/12/15,0,325000,-2782000,-2457000
2014/12/16,0,1134310,-2579336,-1445026
2014/12/17,0,1283141,-5690093,-4406952
2014/12/18,0,1161940,-2567020,-1405080
2014/12/19,0,2194338,-1892814,301524
2014/12/22,0,920803,-708000,212803
2014/12/23,0,814000,-528300,285700
2014/12/24,0,1212000,-776816,435184
2014/12/25,0,459000,-231000,228000
2014/12/26,0,991000,-122000,869000
2014/12/29,0,2635000,-820000,1815000
2014/12/30,0,1260015,-842000,418015
2014/12/31,0,994000,-519919,474081
2015/01/01,0,0,0,0
2015/01/02,0,0,0,0
2015/01/05,0,1019285,-1807000,-787715
2015/01/06,0,913000,-3710000,-2797000
2015/01/07,0,1764702,-3755000,-1990298
2015/01/08,0,2436000,-2685430,-249430
2015/01/09,0,600000,-1908854,-1308854
2015/01/12,0,2503198,-1443000,1060198
2015/01/13,0,2420133,-1918710,501423
2015/01/14,0,2840000,-2916000,-76000
2015/01/15,0,932000,-2180000,-1248000
2015/01/16,0,1532000,-3634018,-2102018
2015/01/19,0,1121000,-1063000,58000
2015/01/20,0,3062965,-1415000,1647965
2015/01/21,0,2681000,-1360920,1320080
2015/01/22,0,1686000,-2287000,-601000
2015/01/23,0,2670000,-2342758,327242
2015/01/26,0,683000,-1504735,-821735
2015/01/27,0,1611410,-726651,884759
2015/01/28,0,1391000,-577000,814000
2015/01/29,0,1680000,-1904000,-224000
2015/01/30,0,2518000,-3618000,-1100000
2015/02/02,0,2191783,-1018364,1173419
2015/02/03,0,3128217,-1620200,1508017
2015/02/04,0,8767906,-5401000,3366906
2015/02/05,0,1316000,-1218000,98000
2015/02/06,0,1790000,-1162640,627360
2015/02/09,0,417882,-907000,-489118
2015/02/10,0,1463000,-1014000,449000
2015/02/11,0,3013508,-1309565,1703943
2015/02/12,0,1602000,-694000,908000
2015/02/13,0,1778000,-932000,846000
2015/02/16,0,0,0,0
2015/02/17,0,0,0,0
2015/02/18,0,0,0,0
2015/02/19,0,0,0,0
2015/02/20,0,0,0,0
2015/02/23,0,0,0,0
2015/02/24,0,3483000,-1465876,2017124
2015/02/25,0,2812000,-514000,2298000
2015/02/26,0,2848000,-2338717,509283
2015/02/27,0,0,0,0
2015/03/02,0,2087000,-1645184,441816
2015/03/03,0,2563048,-1085000,1478048
2015/03/04,0,2622000,-665000,1957000
2015/03/05,0,1325000,-1687000,-362000
2015/03/06,0,2904000,-3970000,-1066000
2015/03/09,0,258000,-1773000,-1515000
2015/03/10,0,1094908,-2784270,-1689362
2015/03/11,0,984000,-2658000,-1674000
2015/03/12,0,4663000,-4386000,277000
2015/03/13,0,1951040,-2700000,-748960
2015/03/16,0,573000,-1627993,-1054993
2015/03/17,0,1566000,-1598000,-32000
2015/03/18,0,2806000,-1666118,1139882
2015/03/19,0,2598000,-551028,2046972
2015/03/20,0,2505000,-2083000,422000
2015/03/23,0,1620000,-1103900,516100
2015/03/24,0,2659395,-958867,1700528
2015/03/25,0,1052000,-1608000,-556000
2015/03/26,0,2333000,-724000,1609000
2015/03/27,0,1763000,-1632330,130670
2015/03/30,0,2127850,-890850,1237000
2015/03/31,0,3437000,-1203000,2234000
2015/04/01,0,771000,-2750000,-1979000
2015/04/02,0,2668073,-638000,2030073
2015/04/03,0,0,0,0
2015/04/06,0,0,0,0
2015/04/07,0,4206000,-397060,3808940
2015/04/08,0,7217000,-1997000,5220000
2015/04/09,0,2597000,-1723620,873380
2015/04/10,0,1865000,-1167000,698000
2015/04/13,0,2636000,-877000,1759000
2015/04/14,0,3600000,-3745390,-145390
2015/04/15,0,2576000,-4970730,-2394730
2015/04/16,0,4296000,-1593000,2703000
2015/04/17,0,1213685,-1998000,-784315
2015/04/20,0,1603000,-937728,665272
2015/04/21,0,608000,-1797000,-1189000
2015/04/22,0,3685000,-3615799,69201
2015/04/23,0,6742000,-1064430,5677570
2015/04/24,0,7321000,-748000,6573000
2015/04/27,0,6277000,-745530,5531470
2015/04/28,0,4560000,-1846000,2714000
2015/04/29,0,3103000,-1635000,1468000
2015/04/30,0,5498000,-4200000,1298000
2015/05/01,0,0,0,0
2015/05/04,0,1799000,-1237632,561368
2015/05/05,0,1440000,-713826,726174
2015/05/06,0,3471000,-1175000,2296000
2015/05/07,0,1642000,-2021000,-379000
2015/05/08,0,1383395,-2137800,-754405
2015/05/11,0,2130392,-408000,1722392
2015/05/12,0,3896597,-1014000,2882597
2015/05/13,0,988000,-626000,362000
2015/05/14,0,2907700,-2647000,260700
2015/05/15,0,1482000,-1253341,228659
2015/05/18,0,1294000,-837000,457000
2015/05/19,0,1935395,-933450,1001945
2015/05/20,0,3784000,-2464000,1320000
2015/05/21,0,2727600,-4064027,-1336427
2015/05/22,0,3067000,-1177000,1890000
2015/05/25,0,825000,-1392000,-567000
2015/05/26,0,925000,-453000,472000
2015/05/27,0,1725000,-912395,812605
2015/05/28,0,2818471,-3432685,-614214
2015/05/29,0,5784165,-4354830,1429335
2015/06/01,0,2577000,-2586000,-9000
2015/06/02,0,2895406,-2120000,775406
2015/06/03,0,1536000,-2405000,-869000
2015/06/04,0,2268000,-4185000,-1917000
2015/06/05,0,1826000,-3652640,-1826640
2015/06/08,0,1128000,-2367986,-1239986
2015/06/09,0,1481230,-1594150,-112920
2015/06/10,0,1674910,-2040000,-365090
2015/06/11,0,1627000,-2689000,-1062000
2015/06/12,0,1244000,-2907197,-1663197
2015/06/15,0,671000,-1632700,-961700
2015/06/16,0,2589000,-2650000,-61000
2015/06/17,0,3291000,-5120374,-1829374
2015/06/18,0,2695000,-3907687,-1212687
2015/06/19,0,0,0,0
2015/06/22,0,2584363,-1522942,1061421
2015/06/23,0,940160,-1982000,-1041840
2015/06/24,0,902054,-613828,288226
2015/06/25,0,3199562,-2197000,1002562
2015/06/26,0,1176000,-1413000,-237000
2015/06/29,0,671800,-1209000,-537200
2015/06/30,0,2886000,-2094562,791438
2015/07/01,0,2091000,-2039973,51027
2015/07/02,0,1474246,-2468000,-993754
2015/07/03,0,532000,-1474000,-942000
2015/07/06,0,1481000,-1671000,-190000
2015/07/07,0,1976000,-1139200,836800
2015/07/08,0,2062000,-4745574,-2683574
2015/07/09,0,2130000,-3212508,-1082508
2015/07/10,0,0,0,0
2015/07/13,0,2954000,-2467438,486562
2015/07/14,0,2647000,-1855000,792000
2015/07/15,0,3724000,-1594347,2129653
2015/07/16,0,3144000,-1171000,1973000
2015/07/17,0,2319000,-1271000,1048000
2015/07/20,0,2546366,-829000,1717366
2015/07/21,0,2590000,-622000,1968000
2015/07/22,0,2585000,-951725,1633275
2015/07/23,0,2931000,-759000,2172000
2015/07/24,0,2003073,-1549000,454073
2015/07/27,0,1667000,-1076000,591000
2015/07/28,0,3084334,-2399000,685334
2015/07/29,0,2017000,-1674806,342194
2015/07/30,0,1616000,-1558410,57590
2015/07/31,0,4879322,-3255000,1624322
2015/08/03,0,2047363,-1913000,134363
2015/08/04,0,2040000,-1543692,496308
2015/08/05,0,3133412,-974146,2159266
2015/08/06,0,1342000,-777000,565000
2015/08/07,0,1632000,-1435000,197000
2015/08/10,0,1765000,-349000,1416000
2015/08/11,0,2681000,-3849000,-1168000
2015/08/12,0,2961000,-1115000,1846000
2015/08/13,0,3796000,-3039150,756850
2015/08/14,0,1452500,-1091000,361500
2015/08/17,0,1612794,-1151000,461794
2015/08/18,0,2841000,-2081000,760000
2015/08/19,0,3435366,-2967000,468366
2015/08/20,0,1438000,-4050000,-2612000
2015/08/21,0,3581000,-3500000,81000
2015/08/24,0,2845000,-6552000,-3707000
2015/08/25,0,2333025,-3746772,-1413747
2015/08/26,0,2899000,-4153928,-1254928
2015/08/27,0,2191920,-5169000,-2977080
2015/08/28,0,3459000,-2432787,1026213
2015/08/31,0,5120000,-6710000,-1590000
2015/09/01,0,2832736,-4786190,-1953454
2015/09/02,0,2145000,-3770364,-1625364
2015/09/03,0,1475000,-2758091,-1283091
2015/09/04,0,1380755,-3189922,-1809167
2015/09/07,0,955000,-1668506,-713506
2015/09/08,0,305000,-2312000,-2007000
2015/09/09,0,4646385,-3718135,928250
2015/09/10,0,1428391,-1004000,424391
2015/09/11,0,535000,-1253000,-718000
2015/09/14,0,831000,-2109800,-1278800
2015/09/15,0,1058000,-1582000,-524000
2015/09/16,0,2376000,-1716588,659412
2015/09/17,0,3918000,-1727000,2191000
2015/09/18,0,3085184,-2646323,438861
2015/09/21,0,1469000,-2779208,-1310208
2015/09/22,0,762000,-888364,-126364
2015/09/23,0,1401000,-3162215,-1761215
2015/09/24,0,434000,-1866000,-1432000
2015/09/25,0,1010220,-2016160,-1005940
2015/09/28,0,0,0,0
2015/09/29,0,0,0,0
2015/09/30,0,4298408,-7815589,-3517181
2015/10/01,0,2751340,-2776000,-24660
2015/10/02,0,1544490,-2359400,-814910
2015/10/05,0,1808150,-1571963,236187
2015/10/06,0,2232000,-2093600,138400
2015/10/07,0,4226582,-3839000,387582
2015/10/08,0,1869000,-1119000,750000
2015/10/09,0,0,0,0
2015/10/12,0,5019036,-2709800,2309236
2015/10/13,0,3712073,-3321610,390463
2015/10/14,0,2172000,-1309000,863000
2015/10/15,0,3106000,-1692718,1413282
2015/10/16,0,5772000,-3503883,2268117
2015/10/19,0,2918000,-1373210,1544790
2015/10/20,0,4665000,-2637824,2027176
2015/10/21,0,1573000,-1684000,-111000
2015/10/22,0,2105009,-1259600,845409
2015/10/23,0,3341000,-1591000,1750000
2015/10/26,0,2679000,-1302029,1376971
2015/10/27,0,2883000,-1744492,1138508
2015/10/28,0,1674000,-1509151,164849
2015/10/29,0,1330000,-2091697,-761697
2015/10/30,0,3470000,-2629553,840447
2015/11/02,0,1226000,-981000,245000
2015/11/03,0,3424000,-1313024,2110976
2015/11/04,0,4544000,-1533439,3010561
2015/11/05,0,1444600,-1223036,221564
2015/11/06,0,1595000,-4955044,-3360044
2015/11/09,0,2007101,-1017200,989901
2015/11/10,0,2095000,-4457000,-2362000
2015/11/11,0,1471209,-2858601,-1387392
2015/11/12,0,2044000,-2451000,-407000
2015/11/13,0,2495000,-3977967,-1482967
2015/11/16,0,932000,-2962000,-2030000
2015/11/17,0,1191000,-1268750,-77750
2015/11/18,0,1894000,-3321000,-1427000
2015/11/19,0,2273000,-1729000,544000
2015/11/20,0,1085000,-2014971,-929971
2015/11/23,0,1327034,-1212400,114634
2015/11/24,0,1902000,-1535505,366495
2015/11/25,0,2837270,-1176270,1661000
2015/11/26,0,3373000,-1457101,1915899
2015/11/27,0,1248000,-2306895,-1058895
2015/11/30,0,8539381,-12053713,-3514332
2015/12/01,0,3316000,-1137113,2178887
2015/12/02,0,1836000,-904500,931500
2015/12/03,0,2187000,-943317,1243683
2015/12/04,0,1967000,-2779030,-812030
2015/12/07,0,1712000,-768030,943970
2015/12/08,0,1494000,-2646779,-1152779
2015/12/09,0,1476000,-2413000,-937000
2015/12/10,0,2342300,-4815000,-2472700
2015/12/11,0,3036328,-4349000,-1312672
2015/12/14,0,2403300,-2385175,18125
2015/12/15,0,1591000,-2199137,-608137
2015/12/16,0,1194228,-1171000,23228
2015/12/17,0,1980000,-1402030,577970
2015/12/18,0,4073663,-2537933,1535730
2015/12/21,0,3280529,-1410000,1870529
2015/12/22,0,1990254,-1161407,828847
2015/12/23,0,838228,-610296,227932
2015/12/24,0,1208000,-1014000,194000
2015/12/25,0,636000,-532000,104000
2015/12/28,0,1633300,-664000,969300
2015/12/29,0,678000,-905000,-227000
2015/12/30,0,1033572,-2379702,-1346130
2015/12/31,0,2393433,-2430000,-36567
2016/01/01,0,0,0,0
2016/01/04,0,423540,-6376000,-5952460
2016/01/05,0,1921593,-1346623,574970
2016/01/06,0,4026907,-2294000,1732907
2016/01/07,0,2872228,-5163885,-2291657
2016/01/08,0,1002000,-3531223,-2529223
2016/01/11,0,695244,-4309000,-3613756
2016/01/12,0,1042000,-2825000,-1783000
2016/01/13,0,1270363,-3020550,-1750187
2016/01/14,0,1011073,-2475000,-1463927
2016/01/15,0,657000,-4886247,-4229247
2016/01/18,0,3587630,-5473000,-1885370
2016/01/19,0,1145300,-1494466,-349166
2016/01/20,0,1695960,-3161000,-1465040
2016/01/21,0,1315804,-2689000,-1373196
2016/01/22,0,3163000,-1475220,1687780
2016/01/25,0,2293000,-1659000,634000
2016/01/26,0,1054228,-1399000,-344772
2016/01/27,0,1582000,-647045,934955
2016/01/28,0,2738000,-1619973,1118027
2016/01/29,0,5201569,-2170000,3031569
2016/02/01,0,2186228,-986000,1200228
2016/02/02,0,2648637,-1534230,1114407
2016/02/03,0,2124000,-2510778,-386778
2016/02/04,0,0,0,0
2016/02/05,0,0,0,0
2016/02/08,0,0,0,0
2016/02/09,0,0,0,0
2016/02/10,0,0,0,0
2016/02/11,0,0,0,0
2016/02/12,0,0,0,0
2016/02/15,0,4219073,-3383142,835931
2016/02/16,0,2602000,-1304800,1297200
2016/02/17,0,1258146,-665060,593086
2016/02/18,0,2624000,-1290192,1333808
2016/02/19,0,1651732,-893247,758485
2016/02/22,0,1634000,-1157000,477000
2016/02/23,0,1316556,-698000,618556
2016/02/24,0,1811000,-1320132,490868
2016/02/25,0,1943288,-1534000,409288
2016/02/26,0,3703454,-1980740,1722714
2016/02/29,0,0,0,0
2016/03/01,0,2833053,-3410610,-577557
2016/03/02,0,1590122,-776000,814122
2016/03/03,0,2584000,-1480000,1104000
2016/03/04,0,2659000,-1881000,778000
2016/03/07,0,2705000,-1582458,1122542
2016/03/08,0,2558592,-1399467,1159125
2016/03/09,0,1492316,-1540000,-47684
2016/03/10,0,3078000,-2558000,520000
2016/03/11,0,3436000,-1265431,2170569
2016/03/14,0,2420000,-538400,1881600
2016/03/15,0,3240000,-685000,2555000
2016/03/16,0,2417000,-735000,1682000
2016/03/17,0,3863514,-1208000,2655514
2016/03/18,0,7668000,-5598750,2069250
2016/03/21,0,2525000,-3275000,-750000
2016/03/22,0,2682358,-1809243,873115
2016/03/23,0,2830400,-1184000,1646400
2016/03/24,0,2315000,-208000,2107000
2016/03/25,0,199000,-433000,-234000
2016/03/28,0,1438000,-150000,1288000
2016/03/29,0,1606000,-320300,1285700
2016/03/30,0,5502000,-633923,4868077
2016/03/31,0,7710000,-3712000,3998000
2016/04/01,0,7312237,-3583000,3729237
2016/04/04,0,0,0,0
2016/04/05,0,0,0,0
2016/04/06,0,3666696,-3210300,456396
2016/04/07,0,4311735,-3678141,633594
2016/04/08,0,4851460,-2724000,2127460
2016/04/11,0,1904000,-1820110,83890
2016/04/12,0,3066000,-1007000,2059000
2016/04/13,0,7877000,-1178000,6699000
2016/04/14,0,12331600,-950849,11380751
2016/04/15,0,3939421,-1241000,2698421
2016/04/18,0,3217000,-1194090,2022910
2016/04/19,0,9199000,-1682000,7517000
2016/04/20,0,5952658,-3488100,2464558
2016/04/21,0,1637111,-723000,914111
2016/04/22,0,3389257,-637000,2752257
2016/04/25,0,1599169,-381840,1217329
2016/04/26,0,2885489,-1519000,1366489
2016/04/27,0,3731000,-2376000,1355000
2016/04/28,0,4816889,-3423000,1393889
2016/04/29,0,3783000,-4270140,-487140
2016/05/02,0,0,0,0
2016/05/03,0,4571000,-2817720,1753280
2016/05/04,0,5406000,-4074721,1331279
2016/05/05,0,3819000,-3306540,512460
2016/05/06,0,9316514,-7300000,2016514
2016/05/09,0,4178000,-2395000,1783000
2016/05/10,0,2789257,-2631000,158257
2016/05/11,0,9328499,-5059000,4269499
2016/05/12,0,3244000,-2995000,249000
2016/05/13,0,5527800,-5628000,-100200
2016/05/16,0,1537193,-1822000,-284807
2016/05/17,0,4726000,-4121231,604769
2016/05/18,0,6978441,-4833000,2145441
2016/05/19,0,2548000,-5266140,-2718140
2016/05/20,0,5213000,-2904366,2308634
2016/05/23,0,2369936,-1908000,461936
2016/05/24,0,5223898,-3368000,1855898
2016/05/25,0,1748257,-2476000,-727743
2016/05/26,0,1758000,-1523000,235000
2016/05/27,0,2215400,-695436,1519964
2016/05/30,0,2799000,-643845,2155155
2016/05/31,0,7854715,-6422533,1432182
2016/06/01,0,3243492,-1574000,1669492
2016/06/02,0,3644984,-1629000,2015984
2016/06/03,0,2542000,-2562000,-20000
2016/06/06,0,2363000,-1375470,987530
2016/06/07,0,7833000,-2083000,5750000
2016/06/08,0,5300700,-3517648,1783052
2016/06/09,0,0,0,0
2016/06/10,0,0,0,0
2016/06/13,0,3506000,-2353667,1152333
2016/06/14,0,3161812,-2867472,294340
2016/06/15,0,3899433,-1859003,2040430
2016/06/16,0,1872000,-3049197,-1177197
2016/06/17,0,3537000,-1740281,1796719
2016/06/20,0,3092000,-713000,2379000
2016/06/21,0,2019738,-912000,1107738
2016/06/22,0,2798362,-1160500,1637862
2016/06/23,0,1472030,-1156000,316030
2016/06/24,0,1761967,-5141387,-3379420
2016/06/27,0,761000,-1682000,-921000
2016/06/28,0,3009000,-1766000,1243000
2016/06/29,0,2000000,-2050000,-50000
2016/06/30,0,3318000,-1907771,1410229
2016/07/01,0,3821000,-2043510,1777490
2016/07/04,0,2027000,-2668026,-641026
2016/07/05,0,2417000,-3741594,-1324594
2016/07/06,0,2727000,-4310000,-1583000
2016/07/07,0,983000,-762254,220746
2016/07/08,0,0,0,0
2016/07/11,0,5200246,-1418405,3781841
2016/07/12,0,10088000,-1372875,8715125
2016/07/13,0,4012000,-1710049,2301951
2016/07/14,0,3337984,-1157000,2180984
2016/07/15,0,5084030,-785000,4299030
2016/07/18,0,4079000,-251000,3828000
2016/07/19,0,6469000,-173850,6295150
2016/07/20,0,6085000,-755000,5330000
2016/07/21,0,4612140,-533030,4079110
2016/07/22,0,4128000,-867022,3260978
2016/07/25,0,3551000,-1142100,2408900
2016/07/26,0,5878000,-386000,5492000
2016/07/27,0,7131000,-778963,6352037
2016/07/28,0,6249000,-1401000,4848000
2016/07/29,0,2395000,-2382000,13000
2016/08/01,0,4310832,-1729000,2581832
2016/08/02,0,2516384,-868350,1648034
2016/08/03,0,3094385,-1589000,1505385
2016/08/04,0,3286000,-2100000,1186000
2016/08/05,0,2502000,-3606000,-1104000
2016/08/08,0,1970170,-935669,1034501
2016/08/09,0,2598000,-1326000,1272000
2016/08/10,0,2331000,-2610000,-279000
2016/08/11,0,2863000,-2404950,458050
2016/08/12,0,3471400,-2751400,720000
2016/08/15,0,1787000,-1362000,425000
2016/08/16,0,2609821,-3372851,-763030
2016/08/17,0,1680495,-1047000,633495
2016/08/18,0,1570550,-857865,712685
2016/08/19,0,765095,-2342131,-1577036
2016/08/22,0,1212300,-2638000,-1425700
2016/08/23,0,1842863,-764000,1078863
2016/08/24,0,604190,-1071000,-466810
2016/08/25,0,1592368,-1935000,-342632
2016/08/26,0,1403665,-722000,681665
2016/08/29,0,1356300,-1303315,52985
2016/08/30,0,991305,-1367000,-375695
2016/08/31,0,2911588,-4183088,-1271500
2016/09/01,0,395300,-3467620,-3072320
2016/09/02,0,2360439,-1647000,713439
2016/09/05,0,979000,-786000,193000
2016/09/06,0,2961035,-1539373,1421662
2016/09/07,0,2088000,-1845000,243000
2016/09/08,0,1969000,-2559000,-590000
2016/09/09,0,839000,-2685000,-1846000
2016/09/12,0,762996,-5256609,-4493613
2016/09/13,0,2930000,-4603000,-1673000
2016/09/14,0,3656141,-7616524,-3960383
2016/09/15,0,0,0,0
2016/09/16,0,0,0,0
2016/09/19,0,2215000,-1241000,974000
2016/09/20,0,615428,-1969248,-1353820
2016/09/21,0,1578000,-999782,578218
2016/09/22,0,1081025,-1792000,-710975
2016/09/23,0,1992765,-2093386,-100621
2016/09/26,0,425000,-848000,-423000
2016/09/27,0,0,0,0
2016/09/28,0,0,0,0
2016/09/29,0,4720020,-1890607,2829413
2016/09/30,0,2785020,-4635237,-1850217
2016/10/03,0,1233751,-834190,399561
2016/10/04,0,2449912,-1432967,1016945
2016/10/05,0,545000,-1228000,-683000
2016/10/06,0,1146024,-1167166,-21142
2016/10/07,0,2029566,-2292000,-262434
2016/10/10,0,0,0,0
2016/10/11,0,2584000,-3250121,-666121
2016/10/12,0,4665000,-3829627,835373
2016/10/13,0,5337500,-6091000,-753500
2016/10/14,0,3581670,-2692000,889670
2016/10/17,0,4514000,-4386476,127524
2016/10/18,0,5427646,-3151000,2276646
2016/10/19,0,4066073,-2078286,1987787
2016/10/20,0,3013000,-3209954,-196954
2016/10/21,0,7586000,-8587034,-1001034
2016/10/24,0,1493000,-1106270,386730
2016/10/25,0,4170975,-820137,3350838
2016/10/26,0,3906367,-2888000,1018367
2016/10/27,0,1632845,-4141030,-2508185
2016/10/28,0,2730000,-1214150,1515850
2016/10/31,0,2978647,-2315000,663647
2016/11/01,0,1852000,-1046119,805881
2016/11/02,0,531203,-1847573,-1316370
2016/11/03,0,1788000,-1677696,110304
2016/11/04,0,1953000,-1657000,296000
2016/11/07,0,2050000,-2161527,-111527
2016/11/08,0,1671213,-1163000,508213
2016/11/09,0,2587000,-4191000,-1604000
2016/11/10,0,4386000,-1366000,3020000
2016/11/11,0,1662000,-5840380,-4178380
2016/11/14,0,2332000,-4632680,-2300680
2016/11/15,0,1552424,-4408302,-2855878
2016/11/16,0,3141000,-2175609,965391
2016/11/17,0,1334000,-2431000,-1097000
2016/11/18,0,1213793,-3097000,-1883207
2016/11/21,0,1182000,-1507556,-325556
2016/11/22,0,2780000,-1103087,1676913
2016/11/23,0,1984015,-923682,1060333
2016/11/24,0,1193000,-1540000,-347000
2016/11/25,0,1079000,-548093,530907
2016/11/28,0,3019000,-697000,2322000
2016/11/29,0,4612000,-1772212,2839788
2016/11/30,0,9985832,-4582897,5402935
2016/12/01,0,1559129,-1879400,-320271
2016/12/02,0,1595000,-1442000,153000
2016/12/05,0,2777000,-1947906,829094
2016/12/06,0,4472079,-1833377,2638702
2016/12/07,0,1769000,-1274000,495000
2016/12/08,0,4718000,-1830000,2888000
2016/12/09,0,3612697,-1604657,2008040
2016/12/12,0,2160920,-846198,1314722
2016/12/13,0,2899573,-2384631,514942
2016/12/14,0,4330510,-1151000,3179510
2016/12/15,0,3490000,-1185583,2304417
2016/12/16,0,4067000,-3694262,372738
2016/12/19,0,1027128,-747000,280128
2016/12/20,0,2368808,-752018,1616790
2016/12/21,0,2254000,-1370626,883374
2016/12/22,0,1250524,-2835189,-1584665
2016/12/23,0,2238424,-2428000,-189576
2016/12/26,0,987000,-502000,485000
2016/12/27,0,327000,-481000,-154000
2016/12/28,0,2204919,-928000,1276919
2016/12/29,0,1802689,-2621993,-819304
2016/12/30,0,3179000,-975000,2204000
2017/01/02,0,0,0,0
2017/01/03,0,792000,-1463000,-671000
2017/01/04,0,1305000,-1243669,61331
2017/01/05,0,2825800,-1592033,1233767
2017/01/06,0,2435780,-918385,1517395
2017/01/09,0,2914784,-478517,2436267
2017/01/10,0,3633000,-1603905,2029095
2017/01/11,0,4005800,-1428964,2576836
2017/01/12,0,5303721,-838005,4465716
2017/01/13,0,3271600,-470421,2801179
2017/01/16,0,258000,-1692988,-1434988
2017/01/17,0,1379160,-875083,504077
2017/01/18,0,2400638,-5306443,-2905805
2017/01/19,0,2801374,-2792464,8910
2017/01/20,0,1733400,-1609473,123927
2017/01/23,0,3027127,-2361561,665566
2017/01/24,0,1537471,-1969136,-431665
2017/01/25,0,0,0,0
2017/01/26,0,0,0,0
2017/01/27,0,0,0,0
2017/01/30,0,0,0,0
2017/01/31,0,0,0,0
2017/02/01,0,0,0,0
2017/02/02,0,5560231,-7400670,-1840439
2017/02/03,0,3654000,-4815876,-1161876
2017/02/06,0,3516786,-1612420,1904366
2017/02/07,0,5884008,-1148714,4735294
2017/02/08,0,1912412,-2554615,-642203
2017/02/09,0,2387000,-2881032,-494032
2017/02/10,0,4675000,-3394016,1280984
2017/02/13,0,1813145,-941212,871933
2017/02/14,0,2257000,-2155366,101634
2017/02/15,0,5372121,-2283285,3088836
2017/02/16,0,4134000,-1562000,2572000
2017/02/17,0,2223000,-1008221,1214779
2017/02/20,0,2021000,-888970,1132030
2017/02/21,0,3181000,-779000,2402000
2017/02/22,0,3999000,-2321013,1677987
2017/02/23,0,1750000,-1631000,119000
2017/02/24,0,1897000,-1462146,434854
2017/02/27,0,0,0,0
2017/02/28,0,0,0,0
2017/03/01,0,1403960,-3496573,-2092613
2017/03/02,0,4338000,-3211600,1126400
2017/03/03,0,3249269,-1646261,1603008
2017/03/06,0,3564412,-2220615,1343797
2017/03/07,0,2731140,-2468014,263126
2017/03/08,0,1785000,-2846081,-1061081
2017/03/09,0,1974000,-4924960,-2950960
2017/03/10,0,1641684,-1789000,-147316
2017/03/13,0,806144,-718000,88144
2017/03/14,0,2221411,-1451629,769782
2017/03/15,0,1484748,-1973807,-489059
2017/03/16,0,4195894,-2526000,1669894
2017/03/17,0,5771686,-6358507,-586821
2017/03/20,0,903000,-930000,-27000
2017/03/21,0,4443448,-468000,3975448
2017/03/22,0,4797000,-2393299,2403701
2017/03/23,0,2103563,-2485880,-382317
2017/03/24,0,2385057,-1833505,551552
2017/03/27,0,3178000,-1003747,2174253
2017/03/28,0,4265000,-2400906,1864094
2017/03/29,0,1656808,-1942902,-286094
2017/03/30,0,2379000,-3236220,-857220
2017/03/31,0,7380000,-4320000,3060000
2017/04/03,0,0,0,0
2017/04/04,0,0,0,0
2017/04/05,0,4087936,-4533000,-445064
2017/04/06,0,2534000,-4105000,-1571000
2017/04/07,0,2370374,-4241000,-1870626
2017/04/10,0,1603000,-2645000,-1042000
2017/04/11,0,7037176,-5154000,1883176
2017/04/12,0,4122280,-2194000,1928280
2017/04/13,0,1444172,-1083000,361172
2017/04/14,0,612000,-904000,-292000
2017/04/17,0,945980,-632000,313980
2017/04/18,0,1148000,-1933015,-785015
2017/04/19,0,1873723,-3870644,-1996921
2017/04/20,0,1010036,-2542601,-1532565
2017/04/21,0,729549,-582133,147416
2017/04/24,0,1632002,-493000,1139002
2017/04/25,0,5439075,-4268024,1171051
2017/04/26,0,3587000,-9784112,-6197112
2017/04/27,0,1799692,-2997000,-1197308
2017/04/28,0,3101380,-3301238,-199858
2017/05/01,0,0,0,0
2017/05/02,0,2993640,-3176030,-182390
2017/05/03,0,1171000,-2194036,-1023036
2017/05/04,0,1434000,-1561800,-127800
2017/05/05,0,1256842,-4559000,-3302158
2017/05/08,0,2024719,-1477959,546760
2017/05/09,0,1437205,-7107000,-5669795
2017/05/10,0,2992862,-7646000,-4653138
2017/05/11,0,5395130,-3474600,1920530
2017/05/12,0,4215764,-1895000,2320764
2017/05/15,0,1846827,-2722411,-875584
2017/05/16,0,2942067,-12798300,-9856233
2017/05/17,0,3187843,-2837000,350843
2017/05/18,0,2229822,-3194000,-964178
2017/05/19,0,2655870,-2817444,-161574
2017/05/22,0,4867281,-2257368,2609913
2017/05/23,0,4127013,-2931793,1195220
2017/05/24,0,920092,-3302000,-2381908
2017/05/25,0,2291532,-2457816,-166284
2017/05/26,0,0,0,0
2017/05/29,0,0,0,0
2017/05/30,0,0,0,0
2017/05/31,0,25281680,-27843887,-2562207
2017/06/01,0,1945000,-4541593,-2596593
2017/06/02,0,2670889,-8872059,-6201170
2017/06/05,0,4592978,-3696624,896354
2017/06/06,0,1573289,-3415000,-1841711
2017/06/07,0,1912000,-6541521,-4629521
2017/06/08,0,1000790,-5755532,-4754742
2017/06/09,0,3706000,-5765170,-2059170
2017/06/12,0,1776290,-4248970,-2472680
2017/06/13,0,1477000,-3097747,-1620747
2017/06/14,0,1996000,-3038580,-1042580
2017/06/15,0,1152000,-4920917,-3768917
2017/06/16,0,39722000,-40416543,-694543
2017/06/19,0,3030172,-2236957,793215
2017/06/20,0,1476900,-2737652,-1260752
2017/06/21,0,4419173,-6411500,-1992327
2017/06/22,0,1727903,-3751299,-2023396
2017/06/23,0,3087000,-4585396,-1498396
2017/06/26,0,31535680,-29750180,1785500
2017/06/27,0,4270702,-4086728,183974
2017/06/28,0,3268926,-4018862,-749936
2017/06/29,0,1677996,-4536743,-2858747
2017/06/30,0,3992000,-3520658,471342
2017/07/03,0,2403152,-2493578,-90426
2017/07/04,0,3739000,-5331354,-1592354
2017/07/05,0,2229000,-3134940,-905940
2017/07/06,0,3911000,-2512150,1398850
2017/07/07,0,1296315,-2547152,-1250837
2017/07/10,0,2979552,-1766572,1212980
2017/07/11,0,1486949,-1118240,368709
2017/07/12,0,3130000,-1892471,1237529
2017/07/13,0,2453139,-2050036,403103
2017/07/14,0,821056,-2459876,-1638820
2017/07/17,0,1124000,-983034,140966
2017/07/18,0,1073968,-1567727,-493759
2017/07/19,0,1224000,-1417021,-193021
2017/07/20,0,651706,-2134358,-1482652
2017/07/21,0,1033988,-2767908,-1733920
2017/07/24,0,1771030,-1002952,768078
2017/07/25,0,779000,-1742780,-963780
2017/07/26,0,1487507,-1164211,323296
2017/07/27,0,2855000,-871584,1983416
2017/07/28,0,1217000,-1135057,81943
2017/07/31,0,3998728,-3310095,688633
2017/08/01,0,1618908,-1383400,235508
2017/08/02,0,976323,-616000,360323
2017/08/03,0,954000,-1447122,-493122
2017/08/04,0,697516,-1063785,-366269
2017/08/07,0,755146,-1599296,-844150
2017/08/08,0,2958000,-3000282,-42282
2017/08/09,0,2345170,-3317479,-972309
2017/08/10,0,2027344,-2808165,-780821
2017/08/11,0,805000,-2222440,-1417440
2017/08/14,0,443944,-1114821,-670877
2017/08/15,0,883000,-1562710,-679710
2017/08/16,0,1668330,-2759000,-1090670
2017/08/17,0,1938528,-1590850,347678
2017/08/18,0,813000,-2074004,-1261004
