Date,Open,Buy,Sell,Total
2007/01/02,0,3221000,-1314000,1907000
2007/01/03,0,5670000,-1752000,3918000
2007/01/04,0,2398000,-260000,2138000
2007/01/05,0,4169000,-4534000,-365000
2007/01/08,0,4782000,-3281491,1500509
2007/01/09,0,3796000,-1229236,2566764
2007/01/10,0,7561000,-7304920,256080
2007/01/11,0,6647000,-3027160,3619840
2007/01/12,0,2682000,-2127000,555000
2007/01/15,0,575000,-3009688,-2434688
2007/01/16,0,1237000,-6166000,-4929000
2007/01/17,0,7483000,-1660168,5822832
2007/01/18,0,4669000,-957324,3711676
2007/01/19,0,1533000,-4107000,-2574000
2007/01/22,0,3197000,-3447000,-250000
2007/01/23,0,2241000,-718000,1523000
2007/01/24,0,6591000,-4819093,1771907
2007/01/25,0,277000,-1286000,-1009000
2007/01/26,0,757000,-5458000,-4701000
2007/01/29,0,1163000,-4403060,-3240060
2007/01/30,0,1757101,-828000,929101
2007/01/31,0,2503000,-1735740,767260
2007/02/01,0,7865000,-449547,7415453
2007/02/02,0,3147000,-416000,2731000
2007/02/05,0,1454000,-994000,460000
2007/02/06,0,2635687,-1554000,1081687
2007/02/07,0,1742000,-3358000,-1616000
2007/02/08,0,3505706,-2652000,853706
2007/02/09,0,4792000,-3334000,1458000
2007/02/12,0,3300000,-2313540,986460
2007/02/13,0,4676000,-2740400,1935600
2007/02/14,0,7918000,-4725541,3192459
2007/02/15,0,0,0,0
2007/02/16,0,0,0,0
2007/02/19,0,0,0,0
2007/02/20,0,0,0,0
2007/02/21,0,0,0,0
2007/02/22,0,0,0,0
2007/02/23,0,0,0,0
2007/02/26,0,6722000,-7344588,-622588
2007/02/27,0,6544000,-12109627,-5565627
2007/02/28,0,0,0,0
2007/03/01,0,776000,-18114660,-17338660
2007/03/02,0,2581000,-6288000,-3707000
2007/03/05,0,2372000,-16038893,-13666893
2007/03/06,0,648000,-4371000,-3723000
2007/03/07,0,792000,-7223462,-6431462
2007/03/08,0,1037411,-4807945,-3770534
2007/03/09,0,1506000,-1311000,195000
2007/03/12,0,129000,-3703560,-3574560
2007/03/13,0,2926000,-6646000,-3720000
2007/03/14,0,1026000,-7270334,-6244334
2007/03/15,0,490000,-2140800,-1650800
2007/03/16,0,1885000,-384400,1500600
2007/03/19,0,3261000,-666821,2594179
2007/03/20,0,2657000,-3743041,-1086041
2007/03/21,0,1331000,-1522000,-191000
2007/03/22,0,5246000,-3940000,1306000
2007/03/23,0,4350000,-4929000,-579000
2007/03/26,0,14285000,-5325000,8960000
2007/03/27,0,22008000,-2864000,19144000
2007/03/28,0,14912000,-2595000,12317000
2007/03/29,0,10845000,-5464000,5381000
2007/03/30,0,4478000,-2061000,2417000
2007/04/02,0,2549000,-2073000,476000
2007/04/03,0,3178000,-2680000,498000
2007/04/04,0,5883000,-2017131,3865869
2007/04/05,0,0,0,0
2007/04/06,0,0,0,0
2007/04/09,0,2465000,-270320,2194680
2007/04/10,0,2546000,-545507,2000493
2007/04/11,0,4835000,-5220603,-385603
2007/04/12,0,2758000,-5668000,-2910000
2007/04/13,0,8106000,-3450580,4655420
2007/04/16,0,1563000,-1684860,-121860
2007/04/17,0,1472125,-4277520,-2805395
2007/04/18,0,3353000,-5828156,-2475156
2007/04/19,0,6720000,-9974240,-3254240
2007/04/20,0,5409000,-2463000,2946000
2007/04/23,0,10316000,-7132000,3184000
2007/04/24,0,11370000,-1986000,9384000
2007/04/25,0,1031000,-5398000,-4367000
2007/04/26,0,17406000,-10992204,6413796
2007/04/27,0,16524000,-2870000,13654000
2007/04/30,0,2118200,-2799120,-680920
2007/05/01,0,0,0,0
2007/05/02,0,5315000,-2076000,3239000
2007/05/03,0,15188000,-12753910,2434090
2007/05/04,0,2188000,-2890000,-702000
2007/05/07,0,4107000,-5203000,-1096000
2007/05/08,0,1741000,-4741939,-3000939
2007/05/09,0,3002000,-1415000,1587000
2007/05/10,0,7796000,-985068,6810932
2007/05/11,0,4062000,-799476,3262524
2007/05/14,0,12112000,-1637000,10475000
2007/05/15,0,4248000,-1699691,2548309
2007/05/16,0,6321000,-5933000,388000
2007/05/17,0,4899000,-1592640,3306360
2007/05/18,0,9699000,-8497000,1202000
2007/05/21,0,4372000,-2491000,1881000
2007/05/22,0,1025000,-1696000,-671000
2007/05/23,0,3279000,-2283000,996000
2007/05/24,0,1820000,-1712408,107592
2007/05/25,0,4350000,-8415000,-4065000
2007/05/28,0,1727000,-1443000,284000
2007/05/29,0,6424000,-4759000,1665000
2007/05/30,0,3969000,-5506000,-1537000
2007/05/31,0,3787000,-3565120,221880
2007/06/01,0,3593000,-5735000,-2142000
2007/06/04,0,4162000,-10165000,-6003000
2007/06/05,0,8821000,-29739292,-20918292
2007/06/06,0,17207000,-9098000,8109000
2007/06/07,0,6749000,-4221000,2528000
2007/06/08,0,4034000,-3663003,370997
2007/06/11,0,3698000,-15523000,-11825000
2007/06/12,0,9385000,-3533640,5851360
2007/06/13,0,8874000,-5287000,3587000
2007/06/14,0,9306272,-11067272,-1761000
2007/06/15,0,5130000,-4089000,1041000
2007/06/18,0,0,0,0
2007/06/19,0,0,0,0
2007/06/20,0,15774000,-8301000,7473000
2007/06/21,0,11669000,-6801000,4868000
2007/06/22,0,22632100,-12572000,10060100
2007/06/25,0,13761000,-10091820,3669180
2007/06/26,0,20147000,-8332000,11815000
2007/06/27,0,10482000,-8152540,2329460
2007/06/28,0,14242000,-10633000,3609000
2007/06/29,0,6560000,-9848300,-3288300
2007/07/02,0,12312038,-8449202,3862836
2007/07/03,0,19512000,-15960080,3551920
2007/07/04,0,16980000,-6601225,10378775
2007/07/05,0,15348000,-3925000,11423000
2007/07/06,0,34132000,-18078380,16053620
2007/07/09,0,5340500,-22029642,-16689142
2007/07/10,0,19900000,-24115080,-4215080
2007/07/11,0,3993000,-3120000,873000
2007/07/12,0,3433000,-6492147,-3059147
2007/07/13,0,8209000,-1410000,6799000
2007/07/16,0,2332000,-3619760,-1287760
2007/07/17,0,2365000,-1428000,937000
2007/07/18,0,5115000,-1956000,3159000
2007/07/19,0,12019000,-6564000,5455000
2007/07/20,0,4486000,-1785223,2700777
2007/07/23,0,2576000,-2187000,389000
2007/07/24,0,6562500,-9198500,-2636000
2007/07/25,0,3522000,-17245715,-13723715
2007/07/26,0,8389000,-7650000,739000
2007/07/27,0,10970000,-18747000,-7777000
2007/07/30,0,8081000,-13745060,-5664060
2007/07/31,0,14841000,-13626419,1214581
2007/08/01,0,16726004,-17910737,-1184733
2007/08/02,0,10326000,-12264000,-1938000
2007/08/03,0,5545715,-8308000,-2762285
2007/08/06,0,8086000,-13979000,-5893000
2007/08/07,0,18278000,-17218690,1059310
2007/08/08,0,14565000,-8724000,5841000
2007/08/09,0,11580000,-8512000,3068000
2007/08/10,0,3732000,-10212196,-6480196
2007/08/13,0,6843000,-7391000,-548000
2007/08/14,0,4361000,-3325000,1036000
2007/08/15,0,5942000,-7069000,-1127000
2007/08/16,0,6315000,-19649000,-13334000
2007/08/17,0,8976000,-27626000,-18650000
2007/08/20,0,14646000,-14454000,192000
2007/08/21,0,5759000,-8426000,-2667000
2007/08/22,0,8533000,-10301535,-1768535
2007/08/23,0,14490000,-12003210,2486790
2007/08/24,0,17765000,-12791860,4973140
2007/08/27,0,11935000,-7935000,4000000
2007/08/28,0,14755000,-16102464,-1347464
2007/08/29,0,20281290,-15698399,4582891
2007/08/30,0,13881000,-4912000,8969000
2007/08/31,0,14759000,-5634000,9125000
2007/09/03,0,10330000,-4278000,6052000
2007/09/04,0,2114000,-2925000,-811000
2007/09/05,0,5886000,-5079000,807000
2007/09/06,0,6340000,-976000,5364000
2007/09/07,0,1083000,-1355000,-272000
2007/09/10,0,2900000,-7577000,-4677000
2007/09/11,0,4282000,-8672242,-4390242
2007/09/12,0,1515000,-3842000,-2327000
2007/09/13,0,3748000,-4330790,-582790
2007/09/14,0,5093000,-40000,5053000
2007/09/17,0,811000,-1675000,-864000
2007/09/18,0,0,0,0
2007/09/19,0,17290000,-830000,16460000
2007/09/20,0,5218000,-1068500,4149500
2007/09/21,0,12472000,-2350000,10122000
2007/09/24,0,0,0,0
2007/09/25,0,0,0,0
2007/09/26,0,8595000,-1487000,7108000
2007/09/27,0,6120000,-5040742,1079258
2007/09/28,0,5742000,-4905000,837000
2007/10/01,0,1523000,-4589000,-3066000
2007/10/02,0,3276000,-2487230,788770
2007/10/03,0,6524000,-713945,5810055
2007/10/04,0,4995000,-3234000,1761000
2007/10/05,0,7904000,-1460000,6444000
2007/10/08,0,4661000,-4632000,29000
2007/10/09,0,3350000,-3885000,-535000
2007/10/10,0,0,0,0
2007/10/11,0,18717000,-6524384,12192616
2007/10/12,0,5721000,-6487203,-766203
2007/10/15,0,4249000,-3889110,359890
2007/10/16,0,3633000,-5249595,-1616595
2007/10/17,0,5702667,-6837148,-1134481
2007/10/18,0,8873000,-3920120,4952880
2007/10/19,0,8060500,-2056000,6004500
2007/10/22,0,4284000,-15012500,-10728500
2007/10/23,0,8927000,-4305211,4621789
2007/10/24,0,11562100,-1969660,9592440
2007/10/25,0,3073497,-3841000,-767503
2007/10/26,0,3757000,-3961500,-204500
2007/10/29,0,9990000,-6745210,3244790
2007/10/30,0,9700000,-1626520,8073480
2007/10/31,0,4035000,-1815000,2220000
2007/11/01,0,3790000,-1061267,2728733
2007/11/02,0,3232000,-4913000,-1681000
2007/11/05,0,11650000,-8295000,3355000
2007/11/06,0,16157000,-2411000,13746000
2007/11/07,0,19790000,-9382800,10407200
2007/11/08,0,6964000,-5692000,1272000
2007/11/09,0,9119000,-10810920,-1691920
2007/11/12,0,1258000,-5556611,-4298611
2007/11/13,0,6167000,-5154555,1012445
2007/11/14,0,11257000,-13190923,-1933923
2007/11/15,0,1399000,-3287100,-1888100
2007/11/16,0,9709000,-14156300,-4447300
2007/11/19,0,1867000,-10795694,-8928694
2007/11/20,0,6634000,-8009482,-1375482
2007/11/21,0,10630000,-6345003,4284997
2007/11/22,0,3714000,-2555000,1159000
2007/11/23,0,5113000,-4498000,615000
2007/11/26,0,11240000,-11431000,-191000
2007/11/27,0,9944000,-6368663,3575337
2007/11/28,0,11297000,-9679902,1617098
2007/11/29,0,15443000,-13003844,2439156
2007/11/30,0,19892742,-22616036,-2723294
2007/12/03,0,1868522,-1083031,785491
2007/12/04,0,1536000,-1401000,135000
2007/12/05,0,4749000,-7562000,-2813000
2007/12/06,0,13143000,-8307070,4835930
2007/12/07,0,5786217,-2794794,2991423
2007/12/10,0,2124000,-683170,1440830
2007/12/11,0,1059000,-838000,221000
2007/12/12,0,1613000,-6711301,-5098301
2007/12/13,0,2110000,-4690000,-2580000
2007/12/14,0,9440000,-13145355,-3705355
2007/12/17,0,6561000,-6669000,-108000
2007/12/18,0,6261000,-10096004,-3835004
2007/12/19,0,5802000,-8617191,-2815191
2007/12/20,0,13164400,-9190705,3973695
2007/12/21,0,4160000,-3843000,317000
2007/12/24,0,1690000,-958990,731010
2007/12/25,0,187000,-403000,-216000
2007/12/26,0,775000,-2354000,-1579000
2007/12/27,0,5581650,-9100650,-3519000
2007/12/28,0,4296000,-6013000,-1717000
2007/12/31,0,2797000,-3801090,-1004090
2008/01/01,0,0,0,0
2008/01/02,0,6619000,-5759141,859859
2008/01/03,0,5290000,-5723000,-433000
2008/01/04,0,13807000,-9996620,3810380
2008/01/07,0,31452000,-10532000,20920000
2008/01/08,0,24691512,-13873836,10817676
2008/01/09,0,11520000,-20075695,-8555695
2008/01/10,0,8002074,-5875401,2126673
2008/01/11,0,9106000,-8065000,1041000
2008/01/14,0,25005000,-9636006,15368994
2008/01/15,0,25874000,-9869459,16004541
2008/01/16,0,18830324,-20201760,-1371436
2008/01/17,0,13987000,-9312408,4674592
2008/01/18,0,30844000,-18087030,12756970
2008/01/21,0,34287000,-30126367,4160633
2008/01/22,0,10451000,-15210000,-4759000
2008/01/23,0,14924000,-17839776,-2915776
2008/01/24,0,11816000,-9674684,2141316
2008/01/25,0,10251000,-20439000,-10188000
2008/01/28,0,5872000,-12322400,-6450400
2008/01/29,0,17527000,-14530066,2996934
2008/01/30,0,7146366,-9697000,-2550634
2008/01/31,0,8323000,-1626386,6696614
2008/02/01,0,10499301,-5587143,4912158
2008/02/04,0,0,0,0
2008/02/05,0,0,0,0
2008/02/06,0,0,0,0
2008/02/07,0,0,0,0
2008/02/08,0,0,0,0
2008/02/11,0,0,0,0
2008/02/12,0,9720000,-17490069,-7770069
2008/02/13,0,18350750,-13649888,4700862
2008/02/14,0,20679784,-27704000,-7024216
2008/02/15,0,9122000,-7381540,1740460
2008/02/18,0,10083000,-7874500,2208500
2008/02/19,0,7736000,-7412000,324000
2008/02/20,0,7094000,-7130000,-36000
2008/02/21,0,2687000,-5990484,-3303484
2008/02/22,0,12555000,-9727000,2828000
2008/02/25,0,9866000,-8186000,1680000
2008/02/26,0,10015000,-6516000,3499000
2008/02/27,0,14289000,-11929000,2360000
2008/02/28,0,0,0,0
2008/02/29,0,8593077,-7948000,645077
2008/03/03,0,6252000,-6974750,-722750
2008/03/04,0,10288000,-4030000,6258000
2008/03/05,0,8181000,-5463000,2718000
2008/03/06,0,20294000,-12735476,7558524
2008/03/07,0,10519000,-17696000,-7177000
2008/03/10,0,9720447,-12715655,-2995208
2008/03/11,0,19140000,-16502072,2637928
2008/03/12,0,14450746,-11673393,2777353
2008/03/13,0,10339000,-10767000,-428000
2008/03/14,0,15868000,-17132000,-1264000
2008/03/17,0,5848000,-13500690,-7652690
2008/03/18,0,10087000,-13525403,-3438403
2008/03/19,0,6407000,-14421400,-8014400
2008/03/20,0,8310000,-20304900,-11994900
2008/03/21,0,7193210,-5446100,1747110
2008/03/24,0,15921000,-13428000,2493000
2008/03/25,0,7946000,-5801500,2144500
2008/03/26,0,6777000,-6912730,-135730
2008/03/27,0,7008009,-13755000,-6746991
2008/03/28,0,15507009,-25178000,-9670991
2008/03/31,0,10941648,-25511106,-14569458
2008/04/01,0,9439710,-43792832,-34353122
2008/04/02,0,16480000,-15790679,689321
2008/04/03,0,8485000,-33029190,-24544190
2008/04/04,0,0,0,0
2008/04/07,0,11647000,-7287000,4360000
2008/04/08,0,4088000,-4590000,-502000
2008/04/09,0,9192000,-10688910,-1496910
2008/04/10,0,8264000,-5638150,2625850
2008/04/11,0,5545000,-7731161,-2186161
2008/04/14,0,10878000,-11282800,-404800
2008/04/15,0,3194000,-3570000,-376000
2008/04/16,0,17215001,-4366000,12849001
2008/04/17,0,6253000,-5234762,1018238
2008/04/18,0,10697000,-6968003,3728997
2008/04/21,0,13762976,-2537300,11225676
2008/04/22,0,10160807,-12268000,-2107193
2008/04/23,0,5408000,-8444653,-3036653
2008/04/24,0,3260000,-12043186,-8783186
2008/04/25,0,4817000,-11862907,-7045907
2008/04/28,0,20765705,-14425000,6340705
2008/04/29,0,7765413,-7663221,102192
2008/04/30,0,12785000,-14136564,-1351564
2008/05/01,0,0,0,0
2008/05/02,0,10426239,-11911020,-1484781
2008/05/05,0,4492000,-13240889,-8748889
2008/05/06,0,9168000,-12644797,-3476797
2008/05/07,0,10909000,-9864804,1044196
2008/05/08,0,12072000,-8867978,3204022
2008/05/09,0,4692000,-12478000,-7786000
2008/05/12,0,2951000,-8726000,-5775000
2008/05/13,0,9106000,-12628541,-3522541
2008/05/14,0,5945000,-4726553,1218447
2008/05/15,0,12657653,-10173232,2484421
2008/05/16,0,7364000,-6128800,1235200
2008/05/19,0,5436000,-3322000,2114000
2008/05/20,0,11934000,-21149000,-9215000
2008/05/21,0,7044280,-7934195,-889915
2008/05/22,0,5457000,-6618000,-1161000
2008/05/23,0,2728000,-6197000,-3469000
2008/05/26,0,2886000,-3122000,-236000
2008/05/27,0,4472000,-6653225,-2181225
2008/05/28,0,4633000,-11870804,-7237804
2008/05/29,0,3804000,-3567701,236299
2008/05/30,0,14786000,-11463303,3322697
2008/06/02,0,5263356,-2219000,3044356
2008/06/03,0,3199179,-5243806,-2044627
2008/06/04,0,3973000,-1075910,2897090
2008/06/05,0,5166000,-3851000,1315000
2008/06/06,0,3395000,-4029896,-634896
2008/06/09,0,1706000,-3747000,-2041000
2008/06/10,0,4012000,-9687060,-5675060
2008/06/11,0,2943000,-2491000,452000
2008/06/12,0,5006000,-10953000,-5947000
2008/06/13,0,2971000,-6956070,-3985070
2008/06/16,0,5812000,-6849000,-1037000
2008/06/17,0,1381800,-2363630,-981830
2008/06/18,0,4301000,-6276393,-1975393
2008/06/19,0,3514000,-11010000,-7496000
2008/06/20,0,6272776,-15470900,-9198124
2008/06/23,0,6527300,-6544620,-17320
2008/06/24,0,3942000,-7278615,-3336615
2008/06/25,0,7170000,-13612157,-6442157
2008/06/26,0,5236000,-7497000,-2261000
2008/06/27,0,11375000,-13702000,-2327000
2008/06/30,0,15884000,-14255000,1629000
2008/07/01,0,6619000,-8753196,-2134196
2008/07/02,0,14012160,-21012160,-7000000
2008/07/03,0,13662000,-27667222,-14005222
2008/07/04,0,3903000,-4634000,-731000
2008/07/07,0,3146000,-4670000,-1524000
2008/07/08,0,6309000,-8726000,-2417000
2008/07/09,0,8527000,-8373440,153560
2008/07/10,0,7320000,-6787000,533000
2008/07/11,0,10130000,-14182600,-4052600
2008/07/14,0,7203000,-5621692,1581308
2008/07/15,0,10966000,-12749219,-1783219
2008/07/16,0,8043000,-6778000,1265000
2008/07/17,0,13632000,-14395278,-763278
2008/07/18,0,5816000,-4720844,1095156
2008/07/21,0,5943000,-3515000,2428000
2008/07/22,0,2481000,-5768800,-3287800
2008/07/23,0,5606000,-5196677,409323
2008/07/24,0,12411686,-14819000,-2407314
2008/07/25,0,5288000,-10253000,-4965000
2008/07/28,0,0,0,0
2008/07/29,0,5038000,-3531000,1507000
2008/07/30,0,3234000,-3876000,-642000
2008/07/31,0,7545000,-9911090,-2366090
2008/08/01,0,3094310,-3489470,-395160
2008/08/04,0,8161360,-8315540,-154180
2008/08/05,0,11523000,-9422314,2100686
2008/08/06,0,6816000,-5668000,1148000
2008/08/07,0,5665000,-3424000,2241000
2008/08/08,0,8676105,-6029920,2646185
2008/08/11,0,4150000,-6024000,-1874000
2008/08/12,0,9220000,-8620000,600000
2008/08/13,0,12132000,-22954786,-10822786
2008/08/14,0,5887000,-9761700,-3874700
2008/08/15,0,5992000,-13971000,-7979000
2008/08/18,0,2104000,-7871000,-5767000
2008/08/19,0,9681000,-19806400,-10125400
2008/08/20,0,16021467,-44137230,-28115763
2008/08/21,0,3914000,-3844400,69600
2008/08/22,0,3795000,-3275700,519300
2008/08/25,0,9436000,-2380648,7055352
2008/08/26,0,2828000,-7008000,-4180000
2008/08/27,0,16847000,-19237709,-2390709
2008/08/28,0,9496000,-19376138,-9880138
2008/08/29,0,11485000,-25909928,-14424928
2008/09/01,0,11120940,-6596000,4524940
2008/09/02,0,10237000,-6436770,3800230
2008/09/03,0,10629000,-14128380,-3499380
2008/09/04,0,5404080,-16243580,-10839500
2008/09/05,0,14951000,-12998700,1952300
2008/09/08,0,4614000,-2043000,2571000
2008/09/09,0,16998000,-15262000,1736000
2008/09/10,0,27141000,-35177000,-8036000
2008/09/11,0,22073500,-20343000,1730500
2008/09/12,0,18427000,-21513380,-3086380
2008/09/15,0,11042800,-11796641,-753841
2008/09/16,0,8591168,-12565129,-3973961
2008/09/17,0,7915082,-3499002,4416080
2008/09/18,0,10476400,-22110120,-11633720
2008/09/19,0,16666000,-7826493,8839507
2008/09/22,0,26266428,-12148628,14117800
2008/09/23,0,16562285,-11681700,4880585
2008/09/24,0,6447707,-8208307,-1760600
2008/09/25,0,4032000,-4811281,-779281
2008/09/26,0,6346000,-4653000,1693000
2008/09/29,0,0,0,0
2008/09/30,0,10843000,-16602120,-5759120
2008/10/01,0,12573000,-10477200,2095800
2008/10/02,0,8677000,-16849720,-8172720
2008/10/03,0,3593000,-6355120,-2762120
2008/10/06,0,1532000,-12085920,-10553920
2008/10/07,0,3032000,-8011740,-4979740
2008/10/08,0,525000,-8486410,-7961410
2008/10/09,0,3130000,-14101428,-10971428
2008/10/10,0,0,0,0
2008/10/13,0,13015280,-8130914,4884366
2008/10/14,0,5805000,-7419195,-1614195
2008/10/15,0,5174030,-2255000,2919030
2008/10/16,0,3254000,-2297000,957000
2008/10/17,0,6229000,-13238142,-7009142
2008/10/20,0,5755840,-15750422,-9994582
2008/10/21,0,11624000,-5472426,6151574
2008/10/22,0,5135620,-6131760,-996140
2008/10/23,0,2925280,-2874101,51179
2008/10/24,0,1191000,-1327000,-136000
2008/10/27,0,356000,-3648300,-3292300
2008/10/28,0,2168400,-6787114,-4618714
2008/10/29,0,6555000,-6927290,-372290
2008/10/30,0,4881000,-3009643,1871357
2008/10/31,0,7087310,-8508700,-1421390
2008/11/03,0,10752905,-8327984,2424921
2008/11/04,0,5968000,-18978237,-13010237
2008/11/05,0,18095000,-17961580,133420
2008/11/06,0,14804000,-8584199,6219801
2008/11/07,0,7788000,-15770700,-7982700
2008/11/10,0,8331000,-5004000,3327000
2008/11/11,0,9313000,-10216554,-903554
2008/11/12,0,4401000,-3525147,875853
2008/11/13,0,3001000,-7987550,-4986550
2008/11/14,0,5584000,-10723787,-5139787
2008/11/17,0,5945000,-5993200,-48200
2008/11/18,0,3303000,-4075618,-772618
2008/11/19,0,7503000,-5012860,2490140
2008/11/20,0,8245000,-9603388,-1358388
2008/11/21,0,6671000,-7407401,-736401
2008/11/24,0,8579000,-9047400,-468400
2008/11/25,0,7689000,-16579351,-8890351
2008/11/26,0,7949000,-7397970,551030
2008/11/27,0,4829000,-2272280,2556720
2008/11/28,0,13290678,-11741642,1549036
2008/12/01,0,12714000,-9667000,3047000
2008/12/02,0,6896000,-7893000,-997000
2008/12/03,0,10995400,-13937760,-2942360
2008/12/04,0,4745000,-14625000,-9880000
2008/12/05,0,7868000,-11623776,-3755776
2008/12/08,0,9931000,-6985056,2945944
2008/12/09,0,9273000,-8387000,886000
2008/12/10,0,9426000,-6830480,2595520
2008/12/11,0,9770530,-1838920,7931610
2008/12/12,0,2753000,-9183880,-6430880
2008/12/15,0,4825000,-5938000,-1113000
2008/12/16,0,3080000,-14343000,-11263000
2008/12/17,0,13192960,-12269242,923718
2008/12/18,0,2979000,-3124329,-145329
2008/12/19,0,3921000,-8748672,-4827672
2008/12/22,0,1423000,-7018128,-5595128
2008/12/23,0,2775000,-7600000,-4825000
2008/12/24,0,5305520,-5806000,-500480
2008/12/25,0,203000,-781000,-578000
2008/12/26,0,131000,-1733000,-1602000
2008/12/29,0,794000,-960175,-166175
2008/12/30,0,3617000,-1914640,1702360
2008/12/31,0,1610000,-1112000,498000
2009/01/01,0,0,0,0
2009/01/02,0,0,0,0
2009/01/05,0,10639000,-2305000,8334000
2009/01/06,0,13985000,-3452000,10533000
2009/01/07,0,7364271,-4157000,3207271
2009/01/08,0,4398000,-5559000,-1161000
2009/01/09,0,7249000,-2607000,4642000
2009/01/12,0,6696713,-5327000,1369713
2009/01/13,0,5270768,-2599779,2670989
2009/01/14,0,10897000,-6320000,4577000
2009/01/15,0,1699000,-7993000,-6294000
2009/01/16,0,5772000,-9749831,-3977831
2009/01/19,0,2148000,-3006479,-858479
2009/01/20,0,2795000,-5096000,-2301000
2009/01/21,0,6207000,-4909400,1297600
2009/01/22,0,0,0,0
2009/01/23,0,0,0,0
2009/01/26,0,0,0,0
2009/01/27,0,0,0,0
2009/01/28,0,0,0,0
2009/01/29,0,0,0,0
2009/01/30,0,0,0,0
2009/02/02,0,12461911,-12759769,-297858
2009/02/03,0,3470000,-5098999,-1628999
2009/02/04,0,3833000,-5503000,-1670000
2009/02/05,0,4978000,-2918630,2059370
2009/02/06,0,7038234,-4192435,2845799
2009/02/09,0,2702000,-4022000,-1320000
2009/02/10,0,2801000,-2976000,-175000
2009/02/11,0,2611000,-1464000,1147000
2009/02/12,0,918000,-3720245,-2802245
2009/02/13,0,3020000,-3488273,-468273
2009/02/16,0,319000,-1129249,-810249
2009/02/17,0,2062000,-4594856,-2532856
2009/02/18,0,4432000,-3396596,1035404
2009/02/19,0,4158000,-5001094,-843094
2009/02/20,0,4929707,-5160707,-231000
2009/02/23,0,2527000,-757000,1770000
2009/02/24,0,1642400,-11962425,-10320025
2009/02/25,0,1817000,-1081040,735960
2009/02/26,0,3921203,-3942022,-20819
2009/02/27,0,1826000,-2665492,-839492
2009/03/02,0,7730000,-9533072,-1803072
2009/03/03,0,4766000,-6284250,-1518250
2009/03/04,0,7871000,-12890060,-5019060
2009/03/05,0,9905000,-9914000,-9000
2009/03/06,0,4422000,-5610610,-1188610
2009/03/09,0,1666000,-5295000,-3629000
2009/03/10,0,6210000,-2133070,4076930
2009/03/11,0,3216063,-4153000,-936937
2009/03/12,0,4119000,-2737000,1382000
2009/03/13,0,10241000,-2127124,8113876
2009/03/16,0,5772000,-1989000,3783000
2009/03/17,0,16112000,-10249666,5862334
2009/03/18,0,6845000,-5930956,914044
2009/03/19,0,6692000,-3348000,3344000
2009/03/20,0,2472000,-3291558,-819558
2009/03/23,0,6839000,-1162681,5676319
2009/03/24,0,8219000,-14818652,-6599652
2009/03/25,0,10014000,-4809420,5204580
2009/03/26,0,7231000,-1026000,6205000
2009/03/27,0,7224000,-1650000,5574000
2009/03/30,0,7174000,-4039120,3134880
2009/03/31,0,9774000,-2440768,7333232
2009/04/01,0,3489000,-710000,2779000
2009/04/02,0,9166000,-4936700,4229300
2009/04/03,0,5585000,-1724600,3860400
2009/04/06,0,9415000,-3485000,5930000
2009/04/07,0,8516000,-6976000,1540000
2009/04/08,0,9474000,-8165000,1309000
2009/04/09,0,13297000,-6865609,6431391
2009/04/10,0,11794000,-536380,11257620
2009/04/13,0,10851000,-3789000,7062000
2009/04/14,0,11965000,-5114000,6851000
2009/04/15,0,7702000,-9715000,-2013000
2009/04/16,0,24470000,-12064000,12406000
2009/04/17,0,25409086,-14994049,10415037
2009/04/20,0,6091000,-9915864,-3824864
2009/04/21,0,2417000,-5726000,-3309000
2009/04/22,0,9801000,-10776468,-975468
2009/04/23,0,7932500,-5986790,1945710
2009/04/24,0,9203000,-2915000,6288000
2009/04/27,0,5456273,-1798300,3657973
2009/04/28,0,8543196,-5687185,2856011
2009/04/29,0,11036000,-10065188,970812
2009/04/30,0,6715000,-1520448,5194552
2009/05/01,0,0,0,0
2009/05/04,0,4313000,-290160,4022840
2009/05/05,0,17755225,-4037659,13717566
2009/05/06,0,25222726,-20792640,4430086
2009/05/07,0,17617000,-16484042,1132958
2009/05/08,0,8259000,-5211260,3047740
2009/05/11,0,7274000,-8550000,-1276000
2009/05/12,0,5668000,-5215000,453000
2009/05/13,0,8476000,-7713534,762466
2009/05/14,0,20760252,-10285000,10475252
2009/05/15,0,20045000,-8581220,11463780
2009/05/18,0,8209308,-4742000,3467308
2009/05/19,0,9981286,-3259961,6721325
2009/05/20,0,10559000,-3533000,7026000
2009/05/21,0,6346000,-5425000,921000
2009/05/22,0,6882000,-6518100,363900
2009/05/25,0,3998000,-3325710,672290
2009/05/26,0,10087000,-4773388,5313612
2009/05/27,0,10068410,-9178285,890125
2009/05/28,0,0,0,0
2009/05/29,0,0,0,0
2009/06/01,0,17867000,-17221260,645740
2009/06/02,0,15772000,-5068300,10703700
2009/06/03,0,4173000,-954000,3219000
2009/06/04,0,4059580,-8316753,-4257173
2009/06/05,0,7654159,-5694693,1959466
2009/06/08,0,3602000,-4337000,-735000
2009/06/09,0,8959000,-10089700,-1130700
2009/06/10,0,3367360,-4318414,-951054
2009/06/11,0,6370000,-3881930,2488070
2009/06/12,0,12573000,-9712000,2861000
2009/06/15,0,4848000,-7021999,-2173999
2009/06/16,0,7936000,-15507852,-7571852
2009/06/17,0,7531000,-5868000,1663000
2009/06/18,0,9588000,-4795000,4793000
2009/06/19,0,14149000,-4453000,9696000
2009/06/22,0,31162000,-4799000,26363000
2009/06/23,0,9372800,-7517929,1854871
2009/06/24,0,5278000,-6566010,-1288010
2009/06/25,0,24758000,-8871000,15887000
2009/06/26,0,11355000,-3204800,8150200
2009/06/29,0,5768000,-8620760,-2852760
2009/06/30,0,4342000,-4849035,-507035
2009/07/01,0,7932000,-9978501,-2046501
2009/07/02,0,6427000,-5184000,1243000
2009/07/03,0,3077235,-3838155,-760920
2009/07/06,0,6073000,-4911500,1161500
2009/07/07,0,13310000,-5978070,7331930
2009/07/08,0,2210000,-5027000,-2817000
2009/07/09,0,1593000,-5281000,-3688000
2009/07/10,0,1259000,-5785045,-4526045
2009/07/13,0,10624000,-11899038,-1275038
2009/07/14,0,7451000,-5279506,2171494
2009/07/15,0,5029000,-2069717,2959283
2009/07/16,0,6244701,-1453504,4791197
2009/07/17,0,2433910,-3718584,-1284674
2009/07/20,0,4056000,-7100286,-3044286
2009/07/21,0,5707000,-6334010,-627010
2009/07/22,0,7157000,-9946989,-2789989
2009/07/23,0,4745000,-1361090,3383910
2009/07/24,0,3666500,-1195090,2471410
2009/07/27,0,2360000,-181669,2178331
2009/07/28,0,3229000,-11710290,-8481290
2009/07/29,0,5094764,-20643000,-15548236
2009/07/30,0,2675000,-8007000,-5332000
2009/07/31,0,4404000,-9899040,-5495040
2009/08/03,0,3639000,-10822140,-7183140
2009/08/04,0,2193000,-4900000,-2707000
2009/08/05,0,5727000,-6134397,-407397
2009/08/06,0,3135000,-9242036,-6107036
2009/08/07,0,0,0,0
2009/08/10,0,2574641,-3947000,-1372359
2009/08/11,0,3030885,-12591000,-9560115
2009/08/12,0,3973000,-7125091,-3152091
2009/08/13,0,7199000,-8114000,-915000
2009/08/14,0,14948000,-7532000,7416000
2009/08/17,0,636000,-9683000,-9047000
2009/08/18,0,1266000,-5514000,-4248000
2009/08/19,0,3976000,-12683186,-8707186
2009/08/20,0,4230000,-4843000,-613000
2009/08/21,0,2194000,-4307520,-2113520
2009/08/24,0,5727000,-3027065,2699935
2009/08/25,0,4443000,-1922886,2520114
2009/08/26,0,9602000,-10972000,-1370000
2009/08/27,0,3473000,-14425000,-10952000
2009/08/28,0,4992000,-9368000,-4376000
2009/08/31,0,4860000,-6076176,-1216176
2009/09/01,0,7295500,-5380262,1915238
2009/09/02,0,2586700,-6564090,-3977390
2009/09/03,0,2255340,-10446000,-8190660
2009/09/04,0,14251000,-14126456,124544
2009/09/07,0,7811000,-6793780,1017220
2009/09/08,0,8732000,-4596000,4136000
2009/09/09,0,7163000,-2554533,4608467
2009/09/10,0,10402500,-2103742,8298758
2009/09/11,0,4337000,-1252000,3085000
2009/09/14,0,5455000,-6547000,-1092000
2009/09/15,0,4187414,-4068000,119414
2009/09/16,0,3669000,-7004880,-3335880
2009/09/17,0,8980440,-4832570,4147870
2009/09/18,0,5866000,-5185000,681000
2009/09/21,0,7711000,-2152881,5558119
2009/09/22,0,3026000,-827000,2199000
2009/09/23,0,2585000,-4673680,-2088680
2009/09/24,0,976000,-6043000,-5067000
2009/09/25,0,2236986,-4420580,-2183594
2009/09/28,0,1293000,-807000,486000
2009/09/29,0,5397782,-8875808,-3478026
2009/09/30,0,6247000,-3205060,3041940
2009/10/01,0,10348060,-1886900,8461160
2009/10/02,0,6937200,-4144800,2792400
2009/10/05,0,4196564,-6615089,-2418525
2009/10/06,0,3355000,-964860,2390140
2009/10/07,0,18225000,-2271100,15953900
2009/10/08,0,11845016,-11629173,215843
2009/10/09,0,8535000,-6485340,2049660
2009/10/12,0,4250000,-5836881,-1586881
2009/10/13,0,9749960,-10564026,-814066
2009/10/14,0,9080260,-3355162,5725098
2009/10/15,0,4088060,-2136610,1951450
2009/10/16,0,5822000,-5360709,461291
2009/10/19,0,8920000,-11643284,-2723284
2009/10/20,0,5719031,-2670000,3049031
2009/10/21,0,6284770,-5472592,812178
2009/10/22,0,15719020,-8886000,6833020
2009/10/23,0,14048000,-4900532,9147468
2009/10/26,0,5228000,-2515500,2712500
2009/10/27,0,9695000,-11064064,-1369064
2009/10/28,0,6575000,-14414777,-7839777
2009/10/29,0,8044000,-10759620,-2715620
2009/10/30,0,7033000,-4243000,2790000
2009/11/02,0,1435000,-6944917,-5509917
2009/11/03,0,186000,-7675944,-7489944
2009/11/04,0,10105000,-12247609,-2142609
2009/11/05,0,2346043,-5726600,-3380557
2009/11/06,0,2048001,-2762760,-714759
2009/11/09,0,3024000,-4112000,-1088000
2009/11/10,0,3392000,-825804,2566196
2009/11/11,0,5803000,-6405920,-602920
2009/11/12,0,4895000,-2759058,2135942
2009/11/13,0,3854000,-1580221,2273779
2009/11/16,0,5100000,-3937000,1163000
2009/11/17,0,5615500,-2833560,2781940
2009/11/18,0,2830000,-3443995,-613995
2009/11/19,0,1136868,-2468413,-1331545
2009/11/20,0,4112000,-4517600,-405600
2009/11/23,0,392000,-1951786,-1559786
2009/11/24,0,1510000,-1638877,-128877
2009/11/25,0,3149000,-1863301,1285699
2009/11/26,0,2169000,-691183,1477817
2009/11/27,0,909000,-7468000,-6559000
2009/11/30,0,1465023,-3661761,-2196738
2009/12/01,0,3414000,-4337859,-923859
2009/12/02,0,2945000,-2233000,712000
2009/12/03,0,3871660,-1978877,1892783
2009/12/04,0,2261000,-7116794,-4855794
2009/12/07,0,2098000,-4768599,-2670599
2009/12/08,0,5750440,-12604696,-6854256
2009/12/09,0,2073000,-3855100,-1782100
2009/12/10,0,3067000,-6588904,-3521904
2009/12/11,0,1737000,-5179000,-3442000
2009/12/14,0,4369000,-3636000,733000
2009/12/15,0,3381000,-2699960,681040
2009/12/16,0,3133000,-1759162,1373838
2009/12/17,0,1866010,-2135386,-269376
2009/12/18,0,3684000,-2475000,1209000
2009/12/21,0,3522690,-5829980,-2307290
2009/12/22,0,1665000,-986000,679000
2009/12/23,0,970000,-704488,265512
2009/12/24,0,2444000,-867000,1577000
2009/12/25,0,836000,-591000,245000
2009/12/28,0,2521000,-3075659,-554659
2009/12/29,0,2830000,-330848,2499152
2009/12/30,0,2954000,-2169120,784880
2009/12/31,0,2892000,-1002100,1889900
2010/01/01,0,0,0,0
2010/01/04,0,2310000,-451894,1858106
2010/01/05,0,6452600,-3436540,3016060
2010/01/06,0,16608000,-4435891,12172109
2010/01/07,0,6240000,-1270193,4969807
2010/01/08,0,3023040,-1062000,1961040
2010/01/11,0,2175000,-1622311,552689
2010/01/12,0,7555757,-10727635,-3171878
2010/01/13,0,5289000,-3252770,2036230
2010/01/14,0,3776000,-649480,3126520
2010/01/15,0,4520000,-2788729,1731271
2010/01/18,0,810000,-365001,444999
2010/01/19,0,2729000,-1726450,1002550
2010/01/20,0,3024000,-2192000,832000
2010/01/21,0,5364000,-19900270,-14536270
2010/01/22,0,8941000,-9730540,-789540
2010/01/25,0,2104930,-5001480,-2896550
2010/01/26,0,5620300,-6538000,-917700
2010/01/27,0,1820717,-3786450,-1965733
2010/01/28,0,1537370,-2777761,-1240391
2010/01/29,0,3677000,-7607820,-3930820
2010/02/01,0,1509721,-9794870,-8285149
2010/02/02,0,6302000,-20598540,-14296540
2010/02/03,0,7984220,-2159182,5825038
2010/02/04,0,11195860,-10442972,752888
2010/02/05,0,2489000,-5265000,-2776000
2010/02/08,0,21701731,-36285874,-14584143
2010/02/09,0,35209000,-22499300,12709700
2010/02/10,0,18371000,-7010100,11360900
2010/02/11,0,0,0,0
2010/02/12,0,0,0,0
2010/02/15,0,0,0,0
2010/02/16,0,0,0,0
2010/02/17,0,0,0,0
2010/02/18,0,0,0,0
2010/02/19,0,0,0,0
2010/02/22,0,8345500,-7224000,1121500
2010/02/23,0,2991194,-7723480,-4732286
2010/02/24,0,10437000,-5494566,4942434
2010/02/25,0,9000000,-6419000,2581000
2010/02/26,0,4855280,-3832196,1023084
2010/03/01,0,6598000,-3753656,2844344
2010/03/02,0,2754000,-5537588,-2783588
2010/03/03,0,1277000,-2865131,-1588131
2010/03/04,0,1551000,-4901000,-3350000
2010/03/05,0,7942820,-1117000,6825820
2010/03/08,0,6193000,-774596,5418404
2010/03/09,0,5061332,-1834000,3227332
2010/03/10,0,9945000,-5597399,4347601
2010/03/11,0,6128000,-1862000,4266000
2010/03/12,0,3995000,-3597066,397934
2010/03/15,0,3154000,-5016000,-1862000
2010/03/16,0,916001,-1332656,-416655
2010/03/17,0,5685000,-3821312,1863688
2010/03/18,0,2709000,-4615914,-1906914
2010/03/19,0,5771000,-8099050,-2328050
2010/03/22,0,3791000,-5722958,-1931958
2010/03/23,0,1805000,-4568000,-2763000
2010/03/24,0,2490504,-2929990,-439486
2010/03/25,0,1097000,-5610500,-4513500
2010/03/26,0,3667000,-8424700,-4757700
2010/03/29,0,4053000,-4623306,-570306
2010/03/30,0,3670250,-3591926,78324
2010/03/31,0,3026000,-6308379,-3282379
2010/04/01,0,6684000,-9106839,-2422839
2010/04/02,0,2118000,-1772000,346000
2010/04/05,0,0,0,0
2010/04/06,0,2386520,-2876000,-489480
2010/04/07,0,10741300,-8322028,2419272
2010/04/08,0,10236000,-5390825,4845175
2010/04/09,0,8083000,-2837686,5245314
2010/04/12,0,7658580,-1208000,6450580
2010/04/13,0,666000,-3204000,-2538000
2010/04/14,0,1290000,-2445578,-1155578
2010/04/15,0,11356000,-5882140,5473860
2010/04/16,0,1930880,-5865000,-3934120
2010/04/19,0,3713000,-9936000,-6223000
2010/04/20,0,2369000,-6762100,-4393100
2010/04/21,0,2388000,-5120818,-2732818
2010/04/22,0,751000,-3558010,-2807010
2010/04/23,0,1038000,-14701289,-13663289
2010/04/26,0,5065000,-2552000,2513000
2010/04/27,0,5475227,-5014227,461000
2010/04/28,0,1147236,-8484410,-7337174
2010/04/29,0,924000,-10885909,-9961909
2010/04/30,0,7076000,-7761580,-685580
2010/05/03,0,758000,-8209477,-7451477
2010/05/04,0,3096000,-7977000,-4881000
2010/05/05,0,11376310,-9358657,2017653
2010/05/06,0,3069178,-4308000,-1238822
2010/05/07,0,12123858,-10466788,1657070
2010/05/10,0,4383450,-3304433,1079017
2010/05/11,0,13431000,-9442000,3989000
2010/05/12,0,4744907,-7396000,-2651093
2010/05/13,0,2489000,-2066000,423000
2010/05/14,0,3069000,-2682000,387000
2010/05/17,0,1335000,-3776000,-2441000
2010/05/18,0,3175000,-3573040,-398040
2010/05/19,0,1750001,-6411000,-4660999
2010/05/20,0,2002000,-4944000,-2942000
2010/05/21,0,1245000,-10246190,-9001190
2010/05/24,0,4639000,-7465512,-2826512
2010/05/25,0,1183000,-7463000,-6280000
2010/05/26,0,2591970,-4929000,-2337030
2010/05/27,0,4622204,-9058844,-4436640
2010/05/28,0,6765120,-3586057,3179063
2010/05/31,0,5328000,-7249000,-1921000
2010/06/01,0,2393000,-4435000,-2042000
2010/06/02,0,1698000,-2223000,-525000
2010/06/03,0,8604000,-2595250,6008750
2010/06/04,0,5735000,-1341000,4394000
2010/06/07,0,7797000,-6873000,924000
2010/06/08,0,2812932,-1564000,1248932
2010/06/09,0,4547000,-3212000,1335000
2010/06/10,0,2350000,-601000,1749000
2010/06/11,0,4831623,-3683000,1148623
2010/06/14,0,7936399,-3506000,4430399
2010/06/15,0,3876638,-1933366,1943272
2010/06/16,0,0,0,0
2010/06/17,0,8614854,-2809266,5805588
2010/06/18,0,3162885,-1622161,1540724
2010/06/21,0,8732864,-5550713,3182151
2010/06/22,0,3428706,-1239000,2189706
2010/06/23,0,5387939,-2519481,2868458
2010/06/24,0,1143000,-1625850,-482850
2010/06/25,0,1895000,-4755083,-2860083
2010/06/28,0,1155000,-2225000,-1070000
2010/06/29,0,6473000,-5348444,1124556
2010/06/30,0,2271507,-7902000,-5630493
2010/07/01,0,1985000,-4694876,-2709876
2010/07/02,0,1640000,-1899090,-259090
2010/07/05,0,4840518,-1744806,3095712
2010/07/06,0,4500004,-2662467,1837537
2010/07/07,0,407884,-1993000,-1585116
2010/07/08,0,3086000,-2621736,464264
2010/07/09,0,6904590,-5306000,1598590
2010/07/12,0,4891000,-3106266,1784734
2010/07/13,0,1732000,-3912512,-2180512
2010/07/14,0,7193530,-4312389,2881141
2010/07/15,0,2510000,-2790197,-280197
2010/07/16,0,4279603,-4563000,-283397
2010/07/19,0,2686000,-2613000,73000
2010/07/20,0,3169828,-1071000,2098828
2010/07/21,0,13272000,-3507000,9765000
2010/07/22,0,3456792,-2431000,1025792
2010/07/23,0,13113000,-4299117,8813883
2010/07/26,0,9860010,-3021144,6838866
2010/07/27,0,2829870,-4414020,-1584150
2010/07/28,0,9873000,-9056127,816873
2010/07/29,0,3496000,-2667853,828147
2010/07/30,0,4393397,-3846026,547371
2010/08/02,0,10284000,-9574000,710000
2010/08/03,0,11492000,-2172000,9320000
2010/08/04,0,5714000,-1336734,4377266
2010/08/05,0,6582000,-3092302,3489698
2010/08/06,0,7869000,-769000,7100000
2010/08/09,0,1925000,-2096000,-171000
2010/08/10,0,3483000,-3217760,265240
2010/08/11,0,6014000,-3581780,2432220
2010/08/12,0,4591335,-2993600,1597735
2010/08/13,0,8936769,-6906000,2030769
2010/08/16,0,23350680,-18026680,5324000
2010/08/17,0,11299000,-3612850,7686150
2010/08/18,0,3787000,-3175000,612000
2010/08/19,0,6807000,-1796000,5011000
2010/08/20,0,4328000,-2672000,1656000
2010/08/23,0,2896000,-2185000,711000
2010/08/24,0,1824000,-4660821,-2836821
2010/08/25,0,4155482,-7863000,-3707518
2010/08/26,0,2162000,-2289000,-127000
2010/08/27,0,6154000,-3492571,2661429
2010/08/30,0,7953439,-4516995,3436444
2010/08/31,0,6062000,-2215503,3846497
2010/09/01,0,3870000,-3714180,155820
2010/09/02,0,2041124,-1666760,374364
2010/09/03,0,4248000,-1230640,3017360
2010/09/06,0,2591000,-4897000,-2306000
2010/09/07,0,1632405,-1829760,-197355
2010/09/08,0,895300,-1225363,-330063
2010/09/09,0,6315000,-2914000,3401000
2010/09/10,0,1927210,-944000,983210
2010/09/13,0,10879000,-3552000,7327000
2010/09/14,0,13364000,-2928000,10436000
2010/09/15,0,4119000,-2741708,1377292
2010/09/16,0,1685000,-1562320,122680
2010/09/17,0,4768000,-2153000,2615000
2010/09/20,0,2668000,-1965000,703000
2010/09/21,0,1631000,-2513000,-882000
2010/09/22,0,0,0,0
2010/09/23,0,10103740,-703820,9399920
2010/09/24,0,3670490,-4116000,-445510
2010/09/27,0,5553170,-2468601,3084569
2010/09/28,0,1874880,-228000,1646880
2010/09/29,0,16959000,-3557000,13402000
2010/09/30,0,6530000,-5378760,1151240
2010/10/01,0,2575160,-3940000,-1364840
2010/10/04,0,3582470,-2678916,903554
2010/10/05,0,3111369,-6561460,-3450091
2010/10/06,0,3413208,-10421485,-7008277
2010/10/07,0,2306470,-3289300,-982830
2010/10/08,0,2220840,-2087489,133351
2010/10/11,0,6135870,-564825,5571045
2010/10/12,0,2631460,-6680861,-4049401
2010/10/13,0,2266110,-1217000,1049110
2010/10/14,0,7449870,-5150841,2299029
2010/10/15,0,4284370,-2268675,2015695
2010/10/18,0,1380000,-7650404,-6270404
2010/10/19,0,1644730,-3918552,-2273822
2010/10/20,0,7908000,-5442500,2465500
2010/10/21,0,1214000,-7849707,-6635707
2010/10/22,0,6013192,-13225864,-7212672
2010/10/25,0,2461000,-6072503,-3611503
2010/10/26,0,4393744,-18798000,-14404256
2010/10/27,0,1631850,-5326871,-3695021
2010/10/28,0,6698141,-19134686,-12436545
2010/10/29,0,2026000,-6858450,-4832450
2010/11/01,0,6406000,-3434000,2972000
2010/11/02,0,2287750,-5126940,-2839190
2010/11/03,0,5056000,-1941000,3115000
2010/11/04,0,4991389,-3556859,1434530
2010/11/05,0,1999271,-6531486,-4532215
2010/11/08,0,4501000,-9019328,-4518328
2010/11/09,0,1470000,-6510300,-5040300
2010/11/10,0,4048000,-9162580,-5114580
2010/11/11,0,3742248,-1960499,1781749
2010/11/12,0,1802000,-4994590,-3192590
2010/11/15,0,3065427,-8145400,-5079973
2010/11/16,0,7918000,-9216000,-1298000
2010/11/17,0,6980000,-2833000,4147000
2010/11/18,0,11642000,-6216334,5425666
2010/11/19,0,701440,-7232398,-6530958
2010/11/22,0,1473710,-954700,519010
2010/11/23,0,808530,-5433355,-4624825
2010/11/24,0,3846000,-5871240,-2025240
2010/11/25,0,5859000,-11529940,-5670940
2010/11/26,0,3814000,-12121912,-8307912
2010/11/29,0,3436000,-5105852,-1669852
2010/11/30,0,8362481,-12664695,-4302214
2010/12/01,0,5938000,-8177000,-2239000
2010/12/02,0,4722000,-2691224,2030776
2010/12/03,0,2401000,-14762360,-12361360
2010/12/06,0,3754000,-10872520,-7118520
2010/12/07,0,8593110,-10631003,-2037893
2010/12/08,0,2649000,-4474000,-1825000
2010/12/09,0,3427000,-3085871,341129
2010/12/10,0,1307697,-1188160,119537
2010/12/13,0,531000,-2188000,-1657000
2010/12/14,0,2486000,-7528000,-5042000
2010/12/15,0,8700000,-4739180,3960820
2010/12/16,0,5702000,-2111319,3590681
2010/12/17,0,1789000,-1181332,607668
2010/12/20,0,2185380,-2662399,-477019
2010/12/21,0,4397000,-1048100,3348900
2010/12/22,0,1759000,-3028000,-1269000
2010/12/23,0,1373000,-654183,718817
2010/12/24,0,692000,-190000,502000
2010/12/27,0,2727000,-611000,2116000
2010/12/28,0,2221000,-2204000,17000
2010/12/29,0,2737590,-1409000,1328590
2010/12/30,0,2442000,-2114000,328000
2010/12/31,0,8127000,-3100490,5026510
2011/01/03,0,7743000,-1566750,6176250
2011/01/04,0,8039000,-2631000,5408000
2011/01/05,0,3188000,-4234910,-1046910
2011/01/06,0,1278000,-5520000,-4242000
2011/01/07,0,2843000,-5019092,-2176092
2011/01/10,0,2160000,-2160813,-813
2011/01/11,0,4623000,-3312465,1310535
2011/01/12,0,5340580,-9023458,-3682878
2011/01/13,0,3967944,-1875800,2092144
2011/01/14,0,2857000,-4448000,-1591000
2011/01/17,0,820832,-2922000,-2101168
2011/01/18,0,4039700,-3471610,568090
2011/01/19,0,3377000,-6320900,-2943900
2011/01/20,0,1598310,-3710370,-2112060
2011/01/21,0,8117000,-13602725,-5485725
2011/01/24,0,2748000,-5212980,-2464980
2011/01/25,0,8023000,-8763620,-740620
2011/01/26,0,14261000,-6844757,7416243
2011/01/27,0,19618000,-10947374,8670626
2011/01/28,0,7681600,-6308000,1373600
2011/01/31,0,0,0,0
2011/02/01,0,0,0,0
2011/02/02,0,0,0,0
2011/02/03,0,0,0,0
2011/02/04,0,0,0,0
2011/02/07,0,0,0,0
2011/02/08,0,12757000,-8675338,4081662
2011/02/09,0,7914000,-7742140,171860
2011/02/10,0,10407000,-8260392,2146608
2011/02/11,0,9294000,-9860298,-566298
2011/02/14,0,3913000,-5218560,-1305560
2011/02/15,0,3994200,-5187127,-1192927
2011/02/16,0,2138400,-4451060,-2312660
2011/02/17,0,6649000,-9885136,-3236136
2011/02/18,0,4500000,-2395004,2104996
2011/02/21,0,1903000,-1929996,-26996
2011/02/22,0,10172000,-14988000,-4816000
2011/02/23,0,5843387,-8152420,-2309033
2011/02/24,0,5588349,-5726438,-138089
2011/02/25,0,7124000,-10744139,-3620139
2011/02/28,0,0,0,0
2011/03/01,0,7811800,-2731402,5080398
2011/03/02,0,2683499,-6039000,-3355501
2011/03/03,0,5780000,-12661000,-6881000
2011/03/04,0,5303000,-10464540,-5161540
2011/03/07,0,8774000,-13285000,-4511000
2011/03/08,0,5340000,-13164300,-7824300
2011/03/09,0,2039488,-5651300,-3611812
2011/03/10,0,3417000,-14422620,-11005620
2011/03/11,0,3868000,-7814220,-3946220
2011/03/14,0,5001000,-7856180,-2855180
2011/03/15,0,9476400,-17456480,-7980080
2011/03/16,0,16156000,-13853466,2302534
2011/03/17,0,13523000,-11796340,1726660
2011/03/18,0,1477000,-5626730,-4149730
2011/03/21,0,336000,-1428641,-1092641
2011/03/22,0,8121000,-3011000,5110000
2011/03/23,0,6927000,-3746000,3181000
2011/03/24,0,5412000,-2082000,3330000
2011/03/25,0,29000000,-4230115,24769885
2011/03/28,0,6558000,-3808000,2750000
2011/03/29,0,11253000,-2330956,8922044
2011/03/30,0,11298000,-5434038,5863962
2011/03/31,0,10884413,-7966306,2918107
2011/04/01,0,12399403,-2914373,9485030
2011/04/04,0,0,0,0
2011/04/05,0,0,0,0
2011/04/06,0,19471741,-11134986,8336755
2011/04/07,0,2313955,-4219228,-1905273
2011/04/08,0,8516162,-4565000,3951162
2011/04/11,0,4424676,-4271000,153676
2011/04/12,0,2459600,-5821484,-3361884
2011/04/13,0,4358000,-4369328,-11328
2011/04/14,0,2867000,-5441300,-2574300
2011/04/15,0,4034000,-2952440,1081560
2011/04/18,0,2260000,-1425803,834197
2011/04/19,0,3487000,-4160000,-673000
2011/04/20,0,5666374,-4132240,1534134
2011/04/21,0,8712143,-1414271,7297872
2011/04/22,0,4547000,-885000,3662000
2011/04/25,0,2919000,-737000,2182000
2011/04/26,0,4792236,-3788000,1004236
2011/04/27,0,5982000,-6353000,-371000
2011/04/28,0,10091220,-13404000,-3312780
2011/04/29,0,3312235,-10443000,-7130765
2011/05/02,0,0,0,0
2011/05/03,0,1859000,-4261901,-2402901
2011/05/04,0,2052000,-6875000,-4823000
2011/05/05,0,1881000,-5717000,-3836000
2011/05/06,0,2198155,-10703397,-8505242
2011/05/09,0,4796000,-7783924,-2987924
2011/05/10,0,2662000,-4850843,-2188843
2011/05/11,0,4684000,-4326000,358000
2011/05/12,0,3784000,-8464000,-4680000
2011/05/13,0,1584000,-18113667,-16529667
2011/05/16,0,1581000,-5633000,-4052000
2011/05/17,0,2640000,-6995620,-4355620
2011/05/18,0,1310000,-1580000,-270000
2011/05/19,0,4921000,-3470000,1451000
2011/05/20,0,880000,-1047737,-167737
2011/05/23,0,2352000,-6886000,-4534000
2011/05/24,0,1350000,-4604948,-3254948
2011/05/25,0,1725000,-3174000,-1449000
2011/05/26,0,2062516,-1346071,716445
2011/05/27,0,1633000,-4171000,-2538000
2011/05/30,0,3370000,-2781000,589000
2011/05/31,0,4237000,-3144101,1092899
2011/06/01,0,5594000,-1791410,3802590
2011/06/02,0,3831300,-1058500,2772800
2011/06/03,0,2305860,-2194720,111140
2011/06/06,0,0,0,0
2011/06/07,0,3038000,-8469957,-5431957
2011/06/08,0,2655000,-3298610,-643610
2011/06/09,0,2063000,-1210334,852666
2011/06/10,0,1597240,-1438250,158990
2011/06/13,0,1536000,-5904165,-4368165
2011/06/14,0,1684000,-3719000,-2035000
2011/06/15,0,6355000,-8156081,-1801081
2011/06/16,0,1346761,-5021000,-3674239
2011/06/17,0,2117672,-5139000,-3021328
2011/06/20,0,3963000,-6627902,-2664902
2011/06/21,0,5917000,-7103000,-1186000
2011/06/22,0,6360000,-6520000,-160000
2011/06/23,0,7375498,-9999580,-2624082
2011/06/24,0,4712000,-5314944,-602944
2011/06/27,0,2654000,-3534993,-880993
2011/06/28,0,1438000,-4705006,-3267006
2011/06/29,0,3887000,-6213509,-2326509
2011/06/30,0,5640000,-1604000,4036000
2011/07/01,0,4652816,-4571832,80984
2011/07/04,0,6591827,-10711416,-4119589
2011/07/05,0,2974932,-16935542,-13960610
2011/07/06,0,1100609,-11439415,-10338806
2011/07/07,0,2856031,-20579044,-17723013
2011/07/08,0,7160921,-26170966,-19010045
2011/07/11,0,4276999,-21931811,-17654812
2011/07/12,0,2153073,-12392835,-10239762
2011/07/13,0,1998231,-5906978,-3908747
2011/07/14,0,2077967,-5264584,-3186617
2011/07/15,0,2481333,-3014000,-532667
2011/07/18,0,1844461,-3141187,-1296726
2011/07/19,0,658000,-4618000,-3960000
2011/07/20,0,3442745,-5213010,-1770265
2011/07/21,0,2345505,-8100000,-5754495
2011/07/22,0,5165612,-7985000,-2819388
2011/07/25,0,1058477,-6534475,-5475998
2011/07/26,0,2397284,-2608000,-210716
2011/07/27,0,3374217,-2200000,1174217
2011/07/28,0,2756166,-6718462,-3962296
2011/07/29,0,3416658,-7397451,-3980793
2011/08/01,0,7229069,-2890042,4339027
2011/08/02,0,2564301,-2734718,-170417
2011/08/03,0,1405730,-2199000,-793270
2011/08/04,0,1707825,-1756000,-48175
2011/08/05,0,4464960,-7594501,-3129541
2011/08/08,0,2505979,-13295489,-10789510
2011/08/09,0,4691000,-12119376,-7428376
2011/08/10,0,1974000,-11462560,-9488560
2011/08/11,0,1922000,-7071126,-5149126
2011/08/12,0,1216000,-9263397,-8047397
2011/08/15,0,2463912,-3631001,-1167089
2011/08/16,0,2651000,-4566000,-1915000
2011/08/17,0,4498154,-22836228,-18338074
2011/08/18,0,6186199,-19443000,-13256801
2011/08/19,0,2835050,-7506500,-4671450
2011/08/22,0,7593887,-10670000,-3076113
2011/08/23,0,4737000,-4143237,593763
2011/08/24,0,8634674,-14862220,-6227546
2011/08/25,0,2964198,-7615574,-4651376
2011/08/26,0,9010565,-15244983,-6234418
2011/08/29,0,4188100,-3081692,1106408
2011/08/30,0,1747381,-6499411,-4752030
2011/08/31,0,4048944,-3940603,108341
2011/09/01,0,7389558,-12001993,-4612435
2011/09/02,0,6093842,-8996484,-2902642
2011/09/05,0,714000,-5148757,-4434757
2011/09/06,0,3836416,-5831011,-1994595
2011/09/07,0,2674608,-5968512,-3293904
2011/09/08,0,3836486,-9613610,-5777124
2011/09/09,0,4058000,-2563000,1495000
2011/09/12,0,0,0,0
2011/09/13,0,1830933,-5866000,-4035067
2011/09/14,0,3634558,-3922975,-288417
2011/09/15,0,5329000,-3534971,1794029
2011/09/16,0,4395000,-3306550,1088450
2011/09/19,0,410262,-1817046,-1406784
2011/09/20,0,2409718,-4771000,-2361282
2011/09/21,0,4262638,-14335801,-10073163
2011/09/22,0,3267448,-13299728,-10032280
2011/09/23,0,8412175,-13590728,-5178553
2011/09/26,0,4449046,-5211291,-762245
2011/09/27,0,6750382,-6968194,-217812
2011/09/28,0,5939598,-7008803,-1069205
2011/09/29,0,5929003,-1766000,4163003
2011/09/30,0,8695310,-4509092,4186218
2011/10/03,0,2452225,-4088541,-1636316
2011/10/04,0,2902000,-2057334,844666
2011/10/05,0,2670000,-7086417,-4416417
2011/10/06,0,7995070,-5083414,2911656
2011/10/07,0,5338000,-2266000,3072000
2011/10/10,0,0,0,0
2011/10/11,0,5593721,-2812848,2780873
2011/10/12,0,1436000,-1780140,-344140
2011/10/13,0,1875332,-2916000,-1040668
2011/10/14,0,854322,-3051285,-2196963
2011/10/17,0,2051208,-5940000,-3888792
2011/10/18,0,2303156,-8673850,-6370694
2011/10/19,0,1275453,-5458607,-4183154
2011/10/20,0,1003207,-3692702,-2689495
2011/10/21,0,1311530,-8391000,-7079470
2011/10/24,0,7487000,-6033427,1453573
2011/10/25,0,3976767,-3745000,231767
2011/10/26,0,8073000,-3431322,4641678
2011/10/27,0,9658030,-3388170,6269860
2011/10/28,0,14779000,-5500080,9278920
2011/10/31,0,4284000,-4980360,-696360
2011/11/01,0,8980500,-4671600,4308900
2011/11/02,0,6920000,-17241100,-10321100
2011/11/03,0,4028000,-6067000,-2039000
2011/11/04,0,10537000,-8971256,1565744
2011/11/07,0,1363000,-735000,628000
2011/11/08,0,1151288,-3175925,-2024637
2011/11/09,0,2246443,-3991515,-1745072
2011/11/10,0,1623000,-9579971,-7956971
2011/11/11,0,3521000,-3390551,130449
2011/11/14,0,2812000,-1121420,1690580
2011/11/15,0,2154000,-620000,1534000
2011/11/16,0,4121000,-3695000,426000
2011/11/17,0,2376000,-1452158,923842
2011/11/18,0,2341000,-3117997,-776997
2011/11/21,0,4974000,-3800859,1173141
2011/11/22,0,2965000,-4536425,-1571425
2011/11/23,0,166000,-3245000,-3079000
2011/11/24,0,5488960,-3288960,2200000
2011/11/25,0,5420000,-8806000,-3386000
2011/11/28,0,2030868,-4822000,-2791132
2011/11/29,0,3406000,-11051113,-7645113
2011/11/30,0,7842228,-9803311,-1961083
2011/12/01,0,5363000,-3808879,1554121
2011/12/02,0,4257000,-6367575,-2110575
2011/12/05,0,910000,-431000,479000
2011/12/06,0,3507000,-2588680,918320
2011/12/07,0,4778000,-2813178,1964822
2011/12/08,0,3936000,-3551260,384740
2011/12/09,0,4086554,-6967000,-2880446
2011/12/12,0,3413000,-5732000,-2319000
2011/12/13,0,1749000,-1287000,462000
2011/12/14,0,2028000,-940580,1087420
2011/12/15,0,3279000,-9810000,-6531000
2011/12/16,0,4549000,-7390658,-2841658
2011/12/19,0,4442000,-8525000,-4083000
2011/12/20,0,2057000,-4605422,-2548422
2011/12/21,0,617000,-3537851,-2920851
2011/12/22,0,2457000,-3637978,-1180978
2011/12/23,0,1898000,-3291350,-1393350
2011/12/26,0,569000,-207000,362000
2011/12/27,0,1722000,-526167,1195833
2011/12/28,0,1952963,-762963,1190000
2011/12/29,0,2419247,-1645520,773727
2011/12/30,0,1646424,-625000,1021424
2012/01/02,0,262000,-1203000,-941000
2012/01/03,0,2674919,-3490000,-815081
2012/01/04,0,690000,-1188550,-498550
2012/01/05,0,2390758,-9194779,-6804021
2012/01/06,0,1005500,-12219000,-11213500
2012/01/09,0,1841000,-4080000,-2239000
2012/01/10,0,3507000,-1395651,2111349
2012/01/11,0,2799000,-1689000,1110000
2012/01/12,0,2199000,-1758000,441000
2012/01/13,0,2950000,-1477000,1473000
2012/01/16,0,1203000,-1796621,-593621
2012/01/17,0,3083000,-400030,2682970
2012/01/18,0,2970000,-1512000,1458000
2012/01/19,0,0,0,0
2012/01/20,0,0,0,0
2012/01/23,0,0,0,0
2012/01/24,0,0,0,0
2012/01/25,0,0,0,0
2012/01/26,0,0,0,0
2012/01/27,0,0,0,0
2012/01/30,0,8069908,-10249927,-2180019
2012/01/31,0,5340161,-13103684,-7763523
2012/02/01,0,1390000,-2698000,-1308000
2012/02/02,0,4893000,-3856350,1036650
2012/02/03,0,3231000,-2615000,616000
2012/02/06,0,4073000,-1885989,2187011
2012/02/07,0,1916989,-713000,1203989
2012/02/08,0,2717000,-3679741,-962741
2012/02/09,0,3932000,-2058279,1873721
2012/02/10,0,3173000,-3705486,-532486
2012/02/13,0,3346000,-1602000,1744000
2012/02/14,0,4237227,-2411600,1825627
2012/02/15,0,3917000,-5449455,-1532455
2012/02/16,0,1901000,-1628000,273000
2012/02/17,0,2911000,-1627000,1284000
2012/02/20,0,1287000,-3457000,-2170000
2012/02/21,0,904199,-341000,563199
2012/02/22,0,3970000,-348000,3622000
2012/02/23,0,1022000,-2988000,-1966000
2012/02/24,0,2428600,-3410000,-981400
2012/02/27,0,0,0,0
2012/02/28,0,0,0,0
2012/02/29,0,8059249,-4823984,3235265
2012/03/01,0,1854510,-2562454,-707944
2012/03/02,0,2965233,-3950490,-985257
2012/03/05,0,4705000,-12678780,-7973780
2012/03/06,0,8155474,-17709409,-9553935
2012/03/07,0,4758000,-8385520,-3627520
2012/03/08,0,2948000,-2194000,754000
2012/03/09,0,1458000,-4222000,-2764000
2012/03/12,0,1435000,-5064157,-3629157
2012/03/13,0,3478000,-4643510,-1165510
2012/03/14,0,3033550,-5792339,-2758789
2012/03/15,0,2819000,-8039474,-5220474
2012/03/16,0,1979000,-2467000,-488000
2012/03/19,0,869000,-4348000,-3479000
2012/03/20,0,342000,-1893000,-1551000
2012/03/21,0,2422062,-4424062,-2002000
2012/03/22,0,1974000,-2821107,-847107
2012/03/23,0,1998000,-2558000,-560000
2012/03/26,0,922000,-9569880,-8647880
2012/03/27,0,3432000,-456448,2975552
2012/03/28,0,305000,-945900,-640900
2012/03/29,0,1792000,-2841852,-1049852
2012/03/30,0,3263667,-3925153,-661486
2012/04/02,0,2838000,-1498700,1339300
2012/04/03,0,3177826,-1299780,1878046
2012/04/04,0,0,0,0
2012/04/05,0,914000,-2610722,-1696722
2012/04/06,0,165237,-3600000,-3434763
2012/04/09,0,467000,-3998785,-3531785
2012/04/10,0,1133000,-1784600,-651600
2012/04/11,0,541000,-3046985,-2505985
2012/04/12,0,1410000,-4696000,-3286000
2012/04/13,0,1867069,-1172000,695069
2012/04/16,0,1015000,-957000,58000
2012/04/17,0,823000,-1656000,-833000
2012/04/18,0,334000,-1988000,-1654000
2012/04/19,0,1332000,-864000,468000
2012/04/20,0,998000,-1073046,-75046
2012/04/23,0,1348296,-1290000,58296
2012/04/24,0,945000,-2418000,-1473000
2012/04/25,0,413000,-2311730,-1898730
2012/04/26,0,632000,-517000,115000
2012/04/27,0,1380802,-2959000,-1578198
2012/04/30,0,1089000,-2224182,-1135182
2012/05/01,0,0,0,0
2012/05/02,0,2290000,-3039000,-749000
2012/05/03,0,1026001,-1245490,-219489
2012/05/04,0,2242000,-3705080,-1463080
2012/05/07,0,1699000,-6210500,-4511500
2012/05/08,0,2121000,-5119940,-2998940
2012/05/09,0,2302000,-6028000,-3726000
2012/05/10,0,1712807,-2476468,-763661
2012/05/11,0,983916,-4174893,-3190977
2012/05/14,0,707000,-1262000,-555000
2012/05/15,0,2172000,-3774501,-1602501
2012/05/16,0,1939000,-3338186,-1399186
2012/05/17,0,2838000,-4631000,-1793000
2012/05/18,0,2342000,-3489602,-1147602
2012/05/21,0,1339144,-928000,411144
2012/05/22,0,278000,-2158000,-1880000
2012/05/23,0,803000,-2843000,-2040000
2012/05/24,0,1736000,-4462000,-2726000
2012/05/25,0,1897000,-5308385,-3411385
2012/05/28,0,2590733,-3374733,-784000
2012/05/29,0,4509000,-7310750,-2801750
2012/05/30,0,8294000,-8271569,22431
2012/05/31,0,11046076,-11152779,-106703
2012/06/01,0,1911000,-4177908,-2266908
2012/06/04,0,1752405,-2108000,-355595
2012/06/05,0,2669000,-2788160,-119160
2012/06/06,0,2240000,-2938000,-698000
2012/06/07,0,5109940,-5330470,-220530
2012/06/08,0,3559213,-8705462,-5146249
2012/06/11,0,3687196,-5311247,-1624051
2012/06/12,0,5272000,-6987000,-1715000
2012/06/13,0,4814611,-10654898,-5840287
2012/06/14,0,2719999,-5487560,-2767561
2012/06/15,0,19729500,-21175661,-1446161
2012/06/18,0,2460270,-8446161,-5985891
2012/06/19,0,2294044,-3754043,-1459999
2012/06/20,0,4288333,-3384000,904333
2012/06/21,0,990784,-3031000,-2040216
2012/06/22,0,467207,-3564000,-3096793
2012/06/25,0,797000,-3233146,-2436146
2012/06/26,0,2143000,-1854881,288119
2012/06/27,0,5253000,-3520660,1732340
2012/06/28,0,1708000,-2924985,-1216985
2012/06/29,0,4351000,-2504000,1847000
2012/07/02,0,1823000,-3164000,-1341000
2012/07/03,0,6888000,-3965000,2923000
2012/07/04,0,2572253,-1836000,736253
2012/07/05,0,1265000,-876033,388967
2012/07/06,0,2226000,-824000,1402000
2012/07/09,0,1161000,-1026000,135000
2012/07/10,0,1746812,-1341000,405812
2012/07/11,0,1472270,-1230006,242264
2012/07/12,0,1653415,-3650000,-1996585
2012/07/13,0,2258123,-989505,1268618
2012/07/16,0,5683000,-4131000,1552000
2012/07/17,0,3259000,-2395000,864000
2012/07/18,0,1967000,-2422000,-455000
2012/07/19,0,2842000,-3400000,-558000
2012/07/20,0,3341000,-2690000,651000
2012/07/23,0,1675000,-2819000,-1144000
2012/07/24,0,1855000,-935000,920000
2012/07/25,0,1423000,-5263000,-3840000
2012/07/26,0,1363853,-3192181,-1828328
2012/07/27,0,4250000,-3050720,1199280
2012/07/30,0,1621074,-1655000,-33926
2012/07/31,0,5655557,-3821025,1834532
2012/08/01,0,3215000,-3412000,-197000
2012/08/02,0,0,0,0
2012/08/03,0,3162561,-3117000,45561
2012/08/06,0,4328000,-3010500,1317500
2012/08/07,0,3015000,-3552890,-537890
2012/08/08,0,3414513,-4825187,-1410674
2012/08/09,0,7690000,-5531000,2159000
2012/08/10,0,3285000,-1514000,1771000
2012/08/13,0,2517000,-1347000,1170000
2012/08/14,0,2955322,-1737000,1218322
2012/08/15,0,3427000,-2678000,749000
2012/08/16,0,2820000,-6131000,-3311000
2012/08/17,0,841000,-1344800,-503800
2012/08/20,0,1917000,-2231000,-314000
2012/08/21,0,5436800,-7755541,-2318741
2012/08/22,0,667615,-4420000,-3752385
2012/08/23,0,1118790,-1500000,-381210
2012/08/24,0,1228000,-988016,239984
2012/08/27,0,1520000,-1555000,-35000
2012/08/28,0,2677553,-1845000,832553
2012/08/29,0,1457000,-1081440,375560
2012/08/30,0,3007000,-4588000,-1581000
2012/08/31,0,1093864,-768672,325192
2012/09/03,0,368000,-2080000,-1712000
2012/09/04,0,170000,-683000,-513000
2012/09/05,0,1447486,-3488000,-2040514
2012/09/06,0,1796000,-1921450,-125450
2012/09/07,0,2067234,-203540,1863694
2012/09/10,0,2549406,-1800000,749406
2012/09/11,0,4672000,-5356440,-684440
2012/09/12,0,4338000,-10255000,-5917000
2012/09/13,0,4405000,-8841000,-4436000
2012/09/14,0,6271000,-27657000,-21386000
2012/09/17,0,7053000,-16207000,-9154000
2012/09/18,0,3899000,-8847000,-4948000
2012/09/19,0,4347000,-3991350,355650
2012/09/20,0,2199000,-3030855,-831855
2012/09/21,0,3480030,-4756000,-1275970
2012/09/24,0,2637000,-3971000,-1334000
2012/09/25,0,2897000,-3188047,-291047
2012/09/26,0,1806000,-1161000,645000
2012/09/27,0,3806000,-2583036,1222964
2012/09/28,0,2252610,-4236987,-1984377
2012/10/01,0,951000,-2267910,-1316910
2012/10/02,0,2062000,-3993459,-1931459
2012/10/03,0,412000,-3436330,-3024330
2012/10/04,0,1695000,-1365000,330000
2012/10/05,0,1460000,-2789000,-1329000
2012/10/08,0,2405800,-1840760,565040
2012/10/09,0,4290000,-2565072,1724928
2012/10/10,0,0,0,0
2012/10/11,0,1089000,-12191060,-11102060
2012/10/12,0,3823000,-8748784,-4925784
2012/10/15,0,544000,-478000,66000
2012/10/16,0,1420300,-1046010,374290
2012/10/17,0,1047000,-867522,179478
2012/10/18,0,1082000,-165000,917000
2012/10/19,0,520000,-1060699,-540699
2012/10/22,0,663000,-846466,-183466
2012/10/23,0,909800,-683101,226699
2012/10/24,0,1069000,-4843047,-3774047
2012/10/25,0,1243000,-4803800,-3560800
2012/10/26,0,1803000,-4012620,-2209620
2012/10/29,0,1390000,-3299440,-1909440
2012/10/30,0,1375000,-4168000,-2793000
2012/10/31,0,1165000,-1628870,-463870
2012/11/01,0,498000,-2826676,-2328676
2012/11/02,0,826000,-2170000,-1344000
2012/11/05,0,1013000,-1522000,-509000
2012/11/06,0,649000,-920000,-271000
2012/11/07,0,2546000,-1538750,1007250
2012/11/08,0,2181000,-4808928,-2627928
2012/11/09,0,971000,-2740142,-1769142
2012/11/12,0,308000,-2183420,-1875420
2012/11/13,0,977000,-7055269,-6078269
2012/11/14,0,3580000,-2619000,961000
2012/11/15,0,2231000,-1553133,677867
2012/11/16,0,1542000,-2015000,-473000
2012/11/19,0,1615000,-2077960,-462960
2012/11/20,0,2999000,-1256120,1742880
2012/11/21,0,2460000,-2249620,210380
2012/11/22,0,2049000,-3012960,-963960
2012/11/23,0,10288000,-3826000,6462000
2012/11/26,0,21577000,-8198845,13378155
2012/11/27,0,7002000,-3590060,3411940
2012/11/28,0,9145600,-3101913,6043687
2012/11/29,0,14930000,-8345092,6584908
2012/11/30,0,28979000,-5612887,23366113
2012/12/03,0,16373500,-3682356,12691144
2012/12/04,0,5041389,-2940030,2101359
2012/12/05,0,6738000,-1793128,4944872
2012/12/06,0,11367000,-1070920,10296080
2012/12/07,0,5838000,-1950000,3888000
2012/12/10,0,6501000,-2489000,4012000
2012/12/11,0,6453104,-4651102,1802002
2012/12/12,0,7560000,-6098812,1461188
2012/12/13,0,9305047,-3676780,5628267
2012/12/14,0,14876306,-764005,14112301
2012/12/17,0,6470740,-2263000,4207740
2012/12/18,0,5145000,-1529000,3616000
2012/12/19,0,6318000,-2845073,3472927
2012/12/20,0,4621000,-5137000,-516000
2012/12/21,0,5088000,-5979444,-891444
2012/12/24,0,2455000,-300230,2154770
2012/12/25,0,1273000,-237303,1035697
2012/12/26,0,1147000,-438057,708943
2012/12/27,0,3202182,-2419000,783182
2012/12/28,0,3067000,-3926000,-859000
2012/12/31,0,0,0,0
2013/01/01,0,0,0,0
2013/01/02,0,5052900,-3056000,1996900
2013/01/03,0,5011000,-512940,4498060
2013/01/04,0,4790000,-2513000,2277000
2013/01/07,0,2342000,-3287400,-945400
2013/01/08,0,3461000,-1124367,2336633
2013/01/09,0,7878453,-1425000,6453453
2013/01/10,0,7222000,-5620620,1601380
2013/01/11,0,3738000,-2985437,752563
2013/01/14,0,4169700,-1578000,2591700
2013/01/15,0,2368000,-639000,1729000
2013/01/16,0,4150000,-2801030,1348970
2013/01/17,0,1584700,-4491140,-2906440
2013/01/18,0,4272000,-7445645,-3173645
2013/01/21,0,2535000,-1666000,869000
2013/01/22,0,3220000,-4093797,-873797
2013/01/23,0,3855000,-3618112,236888
2013/01/24,0,3146000,-1824000,1322000
2013/01/25,0,5269056,-5386000,-116944
2013/01/28,0,2594000,-693000,1901000
2013/01/29,0,8191500,-1315000,6876500
2013/01/30,0,5428000,-1768000,3660000
2013/01/31,0,4738198,-3060998,1677200
2013/02/01,0,2253000,-905000,1348000
2013/02/04,0,5028000,-1531729,3496271
2013/02/05,0,4663000,-2625490,2037510
2013/02/06,0,1909760,-2588850,-679090
2013/02/07,0,0,0,0
2013/02/08,0,0,0,0
2013/02/11,0,0,0,0
2013/02/12,0,0,0,0
2013/02/13,0,0,0,0
2013/02/14,0,0,0,0
2013/02/15,0,0,0,0
2013/02/18,0,3209475,-2713000,496475
2013/02/19,0,1963398,-894000,1069398
2013/02/20,0,2800339,-1887620,912719
2013/02/21,0,4276000,-2571330,1704670
2013/02/22,0,2114000,-1719000,395000
2013/02/25,0,1338000,-2950123,-1612123
2013/02/26,0,1663090,-2321918,-658828
2013/02/27,0,2150000,-2957016,-807016
2013/02/28,0,0,0,0
2013/03/01,0,1152000,-1375000,-223000
2013/03/04,0,2073000,-5039000,-2966000
2013/03/05,0,2026000,-2612000,-586000
2013/03/06,0,2449000,-2719570,-270570
2013/03/07,0,2804000,-1303921,1500079
2013/03/08,0,2187600,-1592309,595291
2013/03/11,0,1737000,-1986000,-249000
2013/03/12,0,882000,-977133,-95133
2013/03/13,0,1466000,-2301000,-835000
2013/03/14,0,1121000,-1900846,-779846
2013/03/15,0,2165495,-4991000,-2825505
2013/03/18,0,855000,-7019000,-6164000
2013/03/19,0,1747000,-5122305,-3375305
2013/03/20,0,3392000,-7085673,-3693673
2013/03/21,0,2033401,-3594000,-1560599
2013/03/22,0,901708,-6070849,-5169141
2013/03/25,0,1085000,-1860000,-775000
2013/03/26,0,1379687,-3034000,-1654313
2013/03/27,0,1081000,-2347760,-1266760
2013/03/28,0,777707,-4570736,-3793029
2013/03/29,0,2184790,-8401000,-6216210
2013/04/01,0,478343,-561000,-82657
2013/04/02,0,204818,-3326000,-3121182
2013/04/03,0,688676,-2912210,-2223534
2013/04/04,0,0,0,0
2013/04/05,0,0,0,0
2013/04/08,0,848000,-6451820,-5603820
2013/04/09,0,1021892,-7350940,-6329048
2013/04/10,0,1236000,-4973000,-3737000
2013/04/11,0,1876793,-2810462,-933669
2013/04/12,0,5123150,-2699000,2424150
2013/04/15,0,5274247,-6260000,-985753
2013/04/16,0,7038316,-4311000,2727316
2013/04/17,0,5888000,-3625000,2263000
2013/04/18,0,6172000,-5241000,931000
2013/04/19,0,3256000,-1056000,2200000
2013/04/22,0,4286070,-509000,3777070
2013/04/23,0,2331000,-2399000,-68000
2013/04/24,0,2352000,-2063000,289000
2013/04/25,0,4050738,-2820401,1230337
2013/04/26,0,3301000,-3065000,236000
2013/04/29,0,2815000,-1320000,1495000
2013/04/30,0,3348630,-2333000,1015630
2013/05/01,0,0,0,0
2013/05/02,0,1849968,-1199806,650162
2013/05/03,0,1535000,-1921000,-386000
2013/05/06,0,742000,-828129,-86129
2013/05/07,0,1139005,-1104000,35005
2013/05/08,0,3892330,-3582383,309947
2013/05/09,0,1476417,-1745000,-268583
2013/05/10,0,5115000,-3617000,1498000
2013/05/13,0,1280000,-392000,888000
2013/05/14,0,4366000,-2552000,1814000
2013/05/15,0,4382000,-2244000,2138000
2013/05/16,0,3307000,-1206000,2101000
2013/05/17,0,2009000,-973000,1036000
2013/05/20,0,1643000,-1688000,-45000
2013/05/21,0,2833000,-2295426,537574
2013/05/22,0,3591000,-2009000,1582000
2013/05/23,0,3485000,-3398000,87000
2013/05/24,0,4148543,-3248101,900442
2013/05/27,0,276928,-953070,-676142
2013/05/28,0,1065000,-5473810,-4408810
2013/05/29,0,3636000,-1922000,1714000
2013/05/30,0,1583000,-3437000,-1854000
2013/05/31,0,2849000,-3806330,-957330
2013/06/03,0,1310000,-2351000,-1041000
2013/06/04,0,996000,-2058610,-1062610
2013/06/05,0,858000,-2315505,-1457505
2013/06/06,0,1395468,-5754800,-4359332
2013/06/07,0,1619419,-2339693,-720274
2013/06/10,0,1073000,-1477000,-404000
2013/06/11,0,4107133,-4130111,-22978
2013/06/12,0,0,0,0
2013/06/13,0,3826000,-4934177,-1108177
2013/06/14,0,1411000,-2369000,-958000
2013/06/17,0,1901000,-2420515,-519515
2013/06/18,0,1436000,-2115019,-679019
2013/06/19,0,1542000,-1988837,-446837
2013/06/20,0,938000,-3488031,-2550031
2013/06/21,0,5441000,-9340350,-3899350
2013/06/24,0,1558000,-3096359,-1538359
2013/06/25,0,4986000,-1845646,3140354
2013/06/26,0,8728166,-9097095,-368929
2013/06/27,0,3848834,-2175000,1673834
2013/06/28,0,7073000,-3062924,4010076
2013/07/01,0,3199000,-1667000,1532000
2013/07/02,0,2856858,-1339468,1517390
2013/07/03,0,2454609,-2745500,-290891
2013/07/04,0,1643000,-1488000,155000
2013/07/05,0,2613000,-2445000,168000
2013/07/08,0,1267000,-2972500,-1705500
2013/07/09,0,4128000,-773000,3355000
2013/07/10,0,3180000,-680000,2500000
2013/07/11,0,5276496,-1302000,3974496
2013/07/12,0,2530000,-1610000,920000
2013/07/15,0,5419931,-2801150,2618781
2013/07/16,0,4044000,-1441000,2603000
2013/07/17,0,4688000,-845000,3843000
2013/07/18,0,4851000,-566000,4285000
2013/07/19,0,4949102,-1694000,3255102
2013/07/22,0,2007217,-717000,1290217
2013/07/23,0,4791710,-296401,4495309
2013/07/24,0,1461200,-2081090,-619890
2013/07/25,0,1446163,-819000,627163
2013/07/26,0,1489000,-555000,934000
2013/07/29,0,1055000,-1073000,-18000
2013/07/30,0,2504000,-1177000,1327000
2013/07/31,0,1528000,-2492938,-964938
2013/08/01,0,392000,-2903500,-2511500
2013/08/02,0,940915,-1625000,-684085
2013/08/05,0,1028798,-880000,148798
2013/08/06,0,1401000,-2489000,-1088000
2013/08/07,0,1237980,-2340530,-1102550
2013/08/08,0,1086481,-2515000,-1428519
2013/08/09,0,1620000,-2643000,-1023000
2013/08/12,0,440000,-985000,-545000
2013/08/13,0,1727000,-2374774,-647774
2013/08/14,0,1227353,-1799633,-572280
2013/08/15,0,997000,-2561514,-1564514
2013/08/16,0,1202496,-1176000,26496
2013/08/19,0,1367000,-1762000,-395000
2013/08/20,0,1673114,-1449284,223830
2013/08/21,0,0,0,0
2013/08/22,0,1884114,-4511108,-2626994
2013/08/23,0,826000,-1510000,-684000
2013/08/26,0,515000,-643000,-128000
2013/08/27,0,3153000,-1758000,1395000
2013/08/28,0,1707000,-792000,915000
2013/08/29,0,2000708,-1127000,873708
2013/08/30,0,3274980,-1309000,1965980
2013/09/02,0,1425000,-813000,612000
2013/09/03,0,1465740,-1899240,-433500
2013/09/04,0,3021000,-681000,2340000
2013/09/05,0,3239427,-2491879,747548
2013/09/06,0,3047000,-2085000,962000
2013/09/09,0,3518000,-579000,2939000
2013/09/10,0,3497000,-1195000,2302000
2013/09/11,0,4664000,-915396,3748604
2013/09/12,0,4015000,-1284000,2731000
2013/09/13,0,2074000,-548532,1525468
2013/09/16,0,2628000,-382000,2246000
2013/09/17,0,2015000,-1074084,940916
2013/09/18,0,1828864,-939000,889864
2013/09/19,0,0,0,0
2013/09/20,0,0,0,0
2013/09/23,0,3005000,-1426000,1579000
2013/09/24,0,2590000,-2124857,465143
2013/09/25,0,2707820,-1763820,944000
2013/09/26,0,1796000,-955000,841000
2013/09/27,0,1962000,-2187176,-225176
2013/09/30,0,6419342,-4568332,1851010
2013/10/01,0,593000,-1139468,-546468
2013/10/02,0,1532373,-1368537,163836
2013/10/03,0,4867350,-1071877,3795473
2013/10/04,0,1253000,-521366,731634
2013/10/07,0,2277618,-1059200,1218418
2013/10/08,0,1758000,-2256701,-498701
2013/10/09,0,1029000,-465000,564000
2013/10/10,0,0,0,0
2013/10/11,0,2884760,-919282,1965478
2013/10/14,0,1837000,-288098,1548902
2013/10/15,0,2293000,-706655,1586345
2013/10/16,0,647176,-463176,184000
2013/10/17,0,1747000,-1230000,517000
2013/10/18,0,1404000,-186585,1217415
2013/10/21,0,1440000,-121460,1318540
2013/10/22,0,956000,-2243551,-1287551
2013/10/23,0,1614021,-4193513,-2579492
2013/10/24,0,1397000,-517353,879647
2013/10/25,0,1128000,-1444000,-316000
2013/10/28,0,2125000,-347000,1778000
2013/10/29,0,2110642,-1717300,393342
2013/10/30,0,1741000,-1501087,239913
2013/10/31,0,4474000,-2848902,1625098
2013/11/01,0,617000,-1405000,-788000
2013/11/04,0,711780,-1160000,-448220
2013/11/05,0,1180000,-2084197,-904197
2013/11/06,0,1460000,-1999233,-539233
2013/11/07,0,3069000,-3585000,-516000
2013/11/08,0,789000,-1329000,-540000
2013/11/11,0,1015000,-1696000,-681000
2013/11/12,0,1997000,-3178765,-1181765
2013/11/13,0,2177231,-4421000,-2243769
2013/11/14,0,2249000,-3753420,-1504420
2013/11/15,0,3961000,-2539645,1421355
2013/11/18,0,3597845,-3382312,215533
2013/11/19,0,4825743,-1667743,3158000
2013/11/20,0,3056224,-3129360,-73136
2013/11/21,0,3258000,-3184342,73658
2013/11/22,0,1506000,-2719659,-1213659
2013/11/25,0,911540,-516120,395420
2013/11/26,0,2145091,-1595367,549724
2013/11/27,0,919618,-2406683,-1487065
2013/11/28,0,1326000,-456591,869409
2013/11/29,0,1851000,-879000,972000
2013/12/02,0,1089618,-257000,832618
2013/12/03,0,362000,-695737,-333737
2013/12/04,0,1430000,-839506,590494
2013/12/05,0,1030000,-1217000,-187000
2013/12/06,0,939000,-1216711,-277711
2013/12/09,0,1928000,-857340,1070660
2013/12/10,0,653000,-795000,-142000
2013/12/11,0,1554000,-900056,653944
2013/12/12,0,384320,-1037017,-652697
2013/12/13,0,1136000,-2939048,-1803048
2013/12/16,0,424000,-1093856,-669856
2013/12/17,0,1084000,-1238900,-154900
2013/12/18,0,1621000,-2047000,-426000
2013/12/19,0,1176878,-1002975,173903
2013/12/20,0,1492000,-1616459,-124459
2013/12/23,0,1039000,-1160200,-121200
2013/12/24,0,422000,-492000,-70000
2013/12/25,0,341000,-90000,251000
2013/12/26,0,41000,-151090,-110090
2013/12/27,0,1938000,-1100000,838000
2013/12/30,0,2719000,-621013,2097987
2013/12/31,0,1596000,-458000,1138000
2014/01/02,0,672000,-1137200,-465200
2014/01/03,0,343340,-1181000,-837660
2014/01/06,0,737873,-1453000,-715127
2014/01/07,0,1218000,-1622000,-404000
2014/01/08,0,1472000,-910000,562000
2014/01/09,0,1333000,-1536529,-203529
2014/01/10,0,1747000,-1674588,72412
2014/01/13,0,1458020,-381216,1076804
2014/01/14,0,2039000,-917000,1122000
2014/01/15,0,1113000,-2119000,-1006000
2014/01/16,0,513000,-1110663,-597663
2014/01/17,0,2525442,-1531000,994442
2014/01/20,0,159000,-1266620,-1107620
2014/01/21,0,643000,-1310802,-667802
2014/01/22,0,1923000,-502000,1421000
2014/01/23,0,748000,-2104507,-1356507
2014/01/24,0,1475000,-2247980,-772980
2014/01/27,0,2246000,-6722951,-4476951
2014/02/05,0,3784172,-11346389,-7562217
2014/02/06,0,2806000,-6860790,-4054790
2014/02/07,0,1530000,-4640000,-3110000
2014/02/10,0,150000,-1419322,-1269322
2014/02/11,0,379957,-2129734,-1749777
2014/02/12,0,736000,-1613768,-877768
2014/02/13,0,284399,-2138290,-1853891
2014/02/14,0,2492420,-2156844,335576
2014/02/17,0,650000,-375000,275000
2014/02/18,0,1685000,-2714962,-1029962
2014/02/19,0,1118000,-1480000,-362000
2014/02/20,0,761000,-2526086,-1765086
2014/02/21,0,2034000,-747000,1287000
2014/02/24,0,783000,-972580,-189580
2014/02/25,0,974866,-1529253,-554387
2014/02/26,0,2228000,-2728179,-500179
2014/02/27,0,2768104,-2829713,-61609
2014/03/03,0,2646000,-2319000,327000
2014/03/04,0,429000,-1657000,-1228000
2014/03/05,0,601000,-1955140,-1354140
2014/03/06,0,1879000,-983770,895230
2014/03/07,0,1676000,-314000,1362000
2014/03/10,0,1591000,-1970934,-379934
2014/03/11,0,4538000,-5223000,-685000
2014/03/12,0,1060000,-2105670,-1045670
2014/03/13,0,817000,-3698310,-2881310
2014/03/14,0,1013000,-2868200,-1855200
2014/03/17,0,1079000,-1280208,-201208
2014/03/18,0,782000,-1355894,-573894
2014/03/19,0,337000,-1471955,-1134955
2014/03/20,0,762000,-4497285,-3735285
2014/03/21,0,4278000,-4860000,-582000
2014/03/24,0,4772000,-1078000,3694000
2014/03/25,0,4774000,-2895129,1878871
2014/03/26,0,2991000,-1578000,1413000
2014/03/27,0,5512000,-2266200,3245800
2014/03/28,0,3115000,-542000,2573000
2014/03/31,0,2017361,-930880,1086481
2014/04/01,0,2365000,-564392,1800608
2014/04/02,0,2213000,-1928480,284520
2014/04/03,0,3491000,-546000,2945000
2014/04/07,0,7090000,-6528000,562000
2014/04/08,0,1057934,-3154913,-2096979
2014/04/09,0,1736000,-2254968,-518968
2014/04/10,0,2405570,-2859570,-454000
2014/04/11,0,1205500,-1828450,-622950
2014/04/14,0,1380000,-353000,1027000
2014/04/15,0,1039000,-2113000,-1074000
2014/04/16,0,3367000,-1720422,1646578
2014/04/17,0,1314000,-398000,916000
2014/04/18,0,666000,-27207,638793
2014/04/21,0,737000,-113000,624000
2014/04/22,0,262100,-649000,-386900
2014/04/23,0,485000,-1770160,-1285160
2014/04/24,0,705370,-1846000,-1140630
2014/04/25,0,750000,-2200000,-1450000
2014/04/28,0,1516000,-3357000,-1841000
2014/04/29,0,1238000,-1583000,-345000
2014/04/30,0,1042000,-3462439,-2420439
2014/05/02,0,1247000,-1056500,190500
2014/05/05,0,474000,-3315000,-2841000
2014/05/06,0,718000,-1578000,-860000
2014/05/07,0,1934000,-4094000,-2160000
2014/05/08,0,2533000,-3408000,-875000
2014/05/09,0,1452000,-3438200,-1986200
2014/05/12,0,662934,-2714828,-2051894
2014/05/13,0,3276686,-2596000,680686
2014/05/14,0,3153000,-3579000,-426000
2014/05/15,0,1045000,-1323000,-278000
2014/05/16,0,1947000,-1284407,662593
2014/05/19,0,646000,-1000420,-354420
2014/05/20,0,843000,-2981763,-2138763
2014/05/21,0,624000,-1966000,-1342000
2014/05/22,0,985000,-2832000,-1847000
2014/05/23,0,1658000,-2109231,-451231
2014/05/26,0,166000,-1856760,-1690760
2014/05/27,0,192000,-565000,-373000
2014/05/28,0,1838000,-2876000,-1038000
2014/05/29,0,1407000,-2749262,-1342262
2014/05/30,0,4550000,-10024863,-5474863
2014/06/03,0,4339000,-2116173,2222827
2014/06/04,0,910000,-2411272,-1501272
2014/06/05,0,733000,-4501791,-3768791
2014/06/06,0,993000,-2417000,-1424000
2014/06/09,0,928000,-2339000,-1411000
2014/06/10,0,3103146,-2186700,916446
2014/06/11,0,1484000,-1536181,-52181
2014/06/12,0,1092000,-1758000,-666000
2014/06/13,0,1176000,-2027000,-851000
2014/06/16,0,1041000,-1664815,-623815
2014/06/17,0,1279000,-2109287,-830287
2014/06/18,0,5245000,-5184000,61000
2014/06/19,0,1057930,-2847000,-1789070
2014/06/20,0,1487000,-1982360,-495360
2014/06/23,0,931000,-2974932,-2043932
2014/06/24,0,1360000,-2305146,-945146
2014/06/25,0,781085,-1351739,-570654
2014/06/26,0,1284370,-3492280,-2207910
2014/06/27,0,2006000,-6638801,-4632801
2014/06/30,0,1267000,-4350447,-3083447
2014/07/01,0,1526000,-3479000,-1953000
2014/07/02,0,565868,-1414246,-848378
2014/07/03,0,404000,-1300000,-896000
2014/07/04,0,201335,-1821000,-1619665
2014/07/07,0,845883,-1948500,-1102617
2014/07/08,0,451000,-263734,187266
2014/07/09,0,470690,-501000,-30310
2014/07/10,0,1622032,-1957000,-334968
2014/07/11,0,1189244,-776000,413244
2014/07/14,0,1158000,-1224000,-66000
2014/07/15,0,1906967,-1825000,81967
2014/07/16,0,1389000,-558000,831000
2014/07/17,0,3816598,-414000,3402598
2014/07/18,0,1680000,-825980,854020
2014/07/21,0,1396000,-962000,434000
2014/07/22,0,1644000,-90000,1554000
2014/07/23,0,0,0,0
2014/07/24,0,773354,-414251,359103
2014/07/25,0,1911000,-494000,1417000
2014/07/28,0,5090640,-1827720,3262920
2014/07/29,0,6147000,-1687000,4460000
2014/07/30,0,3191000,-2273000,918000
2014/07/31,0,3363000,-2791000,572000
2014/08/01,0,756000,-1347000,-591000
2014/08/04,0,1359000,-3082080,-1723080
2014/08/05,0,2621000,-6072708,-3451708
2014/08/06,0,2362000,-2503330,-141330
2014/08/07,0,1281582,-1755995,-474413
2014/08/08,0,670000,-933536,-263536
2014/08/11,0,1136000,-500000,636000
2014/08/12,0,742000,-1384910,-642910
2014/08/13,0,2036000,-565600,1470400
2014/08/14,0,314000,-2062000,-1748000
2014/08/15,0,1021000,-1154000,-133000
2014/08/18,0,879500,-2163000,-1283500
2014/08/19,0,3253857,-2913190,340667
2014/08/20,0,1981740,-3795000,-1813260
2014/08/21,0,1638000,-2395000,-757000
2014/08/22,0,5010959,-5643000,-632041
2014/08/25,0,2516000,-1033531,1482469
2014/08/26,0,4810985,-645000,4165985
2014/08/27,0,6257000,-774000,5483000
2014/08/28,0,2028736,-1623000,405736
2014/08/29,0,3487960,-2811000,676960
2014/09/01,0,2384000,-293000,2091000
2014/09/02,0,1645620,-828000,817620
2014/09/03,0,5775544,-948070,4827474
2014/09/04,0,2040363,-577963,1462400
2014/09/05,0,2573000,-582000,1991000
2014/09/09,0,3285074,-316000,2969074
2014/09/10,0,1443971,-2113780,-669809
2014/09/11,0,2141000,-400000,1741000
2014/09/12,0,3417074,-398296,3018778
2014/09/15,0,4428000,-2124000,2304000
2014/09/16,0,1292839,-4506000,-3213161
2014/09/17,0,3374000,-4775000,-1401000
2014/09/18,0,1203874,-1463000,-259126
2014/09/19,0,2527000,-4492840,-1965840
2014/09/22,0,1189000,-4430895,-3241895
2014/09/23,0,989000,-1999440,-1010440
2014/09/24,0,2626871,-1888000,738871
2014/09/25,0,1392000,-3239213,-1847213
2014/09/26,0,1240941,-2935308,-1694367
2014/09/29,0,2910000,-12756848,-9846848
2014/09/30,0,6210000,-8073343,-1863343
2014/10/01,0,1379020,-8433405,-7054385
2014/10/02,0,962000,-6901274,-5939274
2014/10/03,0,951073,-1249260,-298187
2014/10/06,0,1014082,-2860000,-1845918
2014/10/07,0,2094000,-2143477,-49477
2014/10/08,0,4394530,-3971015,423515
2014/10/09,0,2273000,-3531063,-1258063
2014/10/13,0,1548000,-1402980,145020
2014/10/14,0,1506000,-1730121,-224121
2014/10/15,0,3174000,-5211220,-2037220
2014/10/16,0,2531000,-3752173,-1221173
2014/10/17,0,1944000,-5205000,-3261000
2014/10/20,0,1429475,-1758222,-328747
2014/10/21,0,814000,-3361791,-2547791
2014/10/22,0,2486073,-4907000,-2420927
2014/10/23,0,1642073,-3617000,-1974927
2014/10/24,0,737000,-4287069,-3550069
2014/10/27,0,2204000,-4251264,-2047264
2014/10/28,0,5665000,-4408341,1256659
2014/10/29,0,3965507,-487000,3478507
2014/10/30,0,3735960,-925280,2810680
2014/10/31,0,3330000,-1147000,2183000
2014/11/03,0,1364288,-2695515,-1331227
2014/11/04,0,3807245,-1691000,2116245
2014/11/05,0,2719000,-2936118,-217118
2014/11/06,0,5071100,-4548858,522242
2014/11/07,0,3169000,-4221680,-1052680
2014/11/10,0,5492000,-4727128,764872
2014/11/11,0,3113000,-3912000,-799000
2014/11/12,0,2341000,-4363899,-2022899
2014/11/13,0,2968000,-1512000,1456000
2014/11/14,0,2058000,-2717500,-659500
2014/11/17,0,443000,-1944029,-1501029
2014/11/18,0,1165750,-4564753,-3399003
2014/11/19,0,4152800,-4280000,-127200
2014/11/20,0,1435000,-2645603,-1210603
2014/11/21,0,1460000,-5090195,-3630195
2014/11/24,0,1030000,-5802171,-4772171
2014/11/25,0,2257000,-5390786,-3133786
2014/11/26,0,168000,-2426159,-2258159
2014/11/27,0,933000,-1505000,-572000
2014/11/28,0,3155000,-4889951,-1734951
2014/12/01,0,1628000,-3639579,-2011579
2014/12/02,0,3799000,-8801000,-5002000
2014/12/03,0,5594146,-7378072,-1783926
2014/12/04,0,1791000,-2701862,-910862
2014/12/05,0,129000,-2032000,-1903000
2014/12/08,0,421000,-1689685,-1268685
2014/12/09,0,274000,-2253795,-1979795
2014/12/10,0,806263,-5801000,-4994737
2014/12/11,0,687000,-4563282,-3876282
2014/12/12,0,183750,-3942501,-3758751
2014/12/15,0,637388,-4105000,-3467612
2014/12/16,0,4228643,-4831402,-602759
2014/12/17,0,2606000,-9839748,-7233748
2014/12/18,0,1381053,-4277000,-2895947
2014/12/19,0,2004031,-3134087,-1130056
2014/12/22,0,1125000,-1610000,-485000
2014/12/23,0,1800000,-874000,926000
2014/12/24,0,2358000,-631000,1727000
2014/12/25,0,1043000,-620000,423000
2014/12/26,0,945000,-479000,466000
2014/12/29,0,4381269,-2102269,2279000
2014/12/30,0,2149765,-903000,1246765
2014/12/31,0,1731000,-2597419,-866419
2015/01/01,0,0,0,0
2015/01/02,0,0,0,0
2015/01/05,0,3396000,-1715000,1681000
2015/01/06,0,2378000,-5094715,-2716715
2015/01/07,0,1838000,-2675000,-837000
2015/01/08,0,2400000,-2190555,209445
2015/01/09,0,1918000,-1111201,806799
2015/01/12,0,1099000,-1532661,-433661
2015/01/13,0,4646253,-736000,3910253
2015/01/14,0,1886000,-3958995,-2072995
2015/01/15,0,2328000,-2027000,301000
2015/01/16,0,1639000,-2771100,-1132100
2015/01/19,0,2615000,-352000,2263000
2015/01/20,0,1675000,-1205462,469538
2015/01/21,0,2774000,-561985,2212015
2015/01/22,0,2743000,-434000,2309000
2015/01/23,0,4650000,-1256571,3393429
2015/01/26,0,792000,-2012321,-1220321
2015/01/27,0,2349000,-1329534,1019466
2015/01/28,0,1968000,-723820,1244180
2015/01/29,0,1678000,-1466000,212000
2015/01/30,0,3096000,-2382220,713780
2015/02/02,0,1208000,-663000,545000
2015/02/03,0,1992000,-249735,1742265
2015/02/04,0,9392294,-917530,8474764
2015/02/05,0,10172000,-1944000,8228000
2015/02/06,0,3819000,-1998000,1821000
2015/02/09,0,2355310,-906000,1449310
2015/02/10,0,4119000,-773000,3346000
2015/02/11,0,2802736,-1287000,1515736
2015/02/12,0,1697000,-682000,1015000
2015/02/13,0,6020000,-772161,5247839
2015/02/16,0,0,0,0
2015/02/17,0,0,0,0
2015/02/18,0,0,0,0
2015/02/19,0,0,0,0
2015/02/20,0,0,0,0
2015/02/23,0,0,0,0
2015/02/24,0,3120200,-1979996,1140204
2015/02/25,0,5407000,-1143000,4264000
2015/02/26,0,5358000,-1350571,4007429
2015/02/27,0,0,0,0
2015/03/02,0,2719000,-2461218,257782
2015/03/03,0,4617101,-1396608,3220493
2015/03/04,0,3826000,-406000,3420000
2015/03/05,0,3177000,-1409000,1768000
2015/03/06,0,5004000,-2329040,2674960
2015/03/09,0,2737000,-1941000,796000
2015/03/10,0,2114982,-1981693,133289
2015/03/11,0,610300,-2271871,-1661571
2015/03/12,0,904000,-809000,95000
2015/03/13,0,673217,-968000,-294783
2015/03/16,0,1487000,-2766773,-1279773
2015/03/17,0,1305000,-414000,891000
2015/03/18,0,2845000,-1583621,1261379
2015/03/19,0,2132000,-1076092,1055908
2015/03/20,0,2694000,-3168000,-474000
2015/03/23,0,1387000,-248000,1139000
2015/03/24,0,1172073,-911680,260393
2015/03/25,0,1327200,-524000,803200
2015/03/26,0,2268000,-908000,1360000
2015/03/27,0,2047000,-1498812,548188
2015/03/30,0,1813245,-758245,1055000
2015/03/31,0,3010000,-1385000,1625000
2015/04/01,0,1002995,-1578000,-575005
2015/04/02,0,2695750,-1194000,1501750
2015/04/03,0,0,0,0
2015/04/06,0,0,0,0
2015/04/07,0,2752000,-2622040,129960
2015/04/08,0,3327000,-2382000,945000
2015/04/09,0,2266000,-1989000,277000
2015/04/10,0,1346000,-2998000,-1652000
2015/04/13,0,1553726,-1912000,-358274
2015/04/14,0,581000,-2056000,-1475000
2015/04/15,0,2893400,-8002980,-5109580
2015/04/16,0,2270000,-1222000,1048000
2015/04/17,0,957101,-1975024,-1017923
2015/04/20,0,707000,-4509000,-3802000
2015/04/21,0,1914000,-2722000,-808000
2015/04/22,0,1355000,-4046700,-2691700
2015/04/23,0,4743000,-10829627,-6086627
2015/04/24,0,8790200,-16386031,-7595831
2015/04/27,0,4831000,-4788130,42870
2015/04/28,0,4294000,-1494000,2800000
2015/04/29,0,3388000,-2687000,701000
2015/04/30,0,3103793,-4542870,-1439077
2015/05/01,0,0,0,0
2015/05/04,0,1252000,-1582000,-330000
2015/05/05,0,4018000,-309000,3709000
2015/05/06,0,2747000,-1843000,904000
2015/05/07,0,3022000,-2875695,146305
2015/05/08,0,3691073,-1906631,1784442
2015/05/11,0,2169000,-943367,1225633
2015/05/12,0,1851000,-1260000,591000
2015/05/13,0,1994000,-1003000,991000
2015/05/14,0,1566000,-2775065,-1209065
2015/05/15,0,2832000,-1573360,1258640
2015/05/18,0,2153000,-835000,1318000
2015/05/19,0,7191073,-2486000,4705073
2015/05/20,0,1539000,-1990002,-451002
2015/05/21,0,2880000,-3540000,-660000
2015/05/22,0,2341000,-1216652,1124348
2015/05/25,0,1207000,-2011000,-804000
2015/05/26,0,2359000,-2558000,-199000
2015/05/27,0,1434000,-1334073,99927
2015/05/28,0,5368000,-5508588,-140588
2015/05/29,0,5191715,-5086309,105406
2015/06/01,0,1626000,-3897486,-2271486
2015/06/02,0,2479286,-2871627,-392341
2015/06/03,0,2096000,-2695107,-599107
2015/06/04,0,5630000,-5383284,246716
2015/06/05,0,1641193,-4167130,-2525937
2015/06/08,0,975000,-4038407,-3063407
2015/06/09,0,2940000,-2114101,825899
2015/06/10,0,2049236,-3346000,-1296764
2015/06/11,0,2144000,-3060868,-916868
2015/06/12,0,1300000,-2627352,-1327352
2015/06/15,0,2564000,-2646000,-82000
2015/06/16,0,2477000,-4232000,-1755000
2015/06/17,0,3743000,-5105493,-1362493
2015/06/18,0,3207000,-4217273,-1010273
2015/06/19,0,0,0,0
2015/06/22,0,3102129,-1968406,1133723
2015/06/23,0,1019000,-3008650,-1989650
2015/06/24,0,1499220,-587073,912147
2015/06/25,0,4193051,-2098000,2095051
2015/06/26,0,1248200,-1089751,158449
2015/06/29,0,1285000,-2614000,-1329000
2015/06/30,0,5318000,-4229004,1088996
2015/07/01,0,1923000,-2381363,-458363
2015/07/02,0,2735086,-1993000,742086
2015/07/03,0,1367000,-2429480,-1062480
2015/07/06,0,2772000,-1941000,831000
2015/07/07,0,3170000,-2716586,453414
2015/07/08,0,2991000,-5529161,-2538161
2015/07/09,0,2833000,-4265272,-1432272
2015/07/10,0,0,0,0
2015/07/13,0,1809000,-2720822,-911822
2015/07/14,0,3276060,-3137749,138311
2015/07/15,0,1648000,-1695943,-47943
2015/07/16,0,768000,-809810,-41810
2015/07/17,0,1522000,-1037000,485000
2015/07/20,0,1250129,-810367,439762
2015/07/21,0,1783000,-607950,1175050
2015/07/22,0,3584000,-1967044,1616956
2015/07/23,0,1249337,-1985000,-735663
2015/07/24,0,795750,-1704000,-908250
2015/07/27,0,2049000,-1737370,311630
2015/07/28,0,4462666,-4141900,320766
2015/07/29,0,2246000,-4649403,-2403403
2015/07/30,0,2113340,-2390909,-277569
2015/07/31,0,2928482,-5121000,-2192518
2015/08/03,0,1942190,-2440000,-497810
2015/08/04,0,2646000,-2392203,253797
2015/08/05,0,2442000,-1767019,674981
2015/08/06,0,1595000,-1811417,-216417
2015/08/07,0,1779000,-2424000,-645000
2015/08/10,0,535000,-1131000,-596000
2015/08/11,0,2127657,-4252664,-2125007
2015/08/12,0,2623000,-2582000,41000
2015/08/13,0,4470002,-3216249,1253753
2015/08/14,0,2264386,-948001,1316385
2015/08/17,0,1727885,-846000,881885
2015/08/18,0,2577000,-1802049,774951
2015/08/19,0,2086132,-4284000,-2197868
2015/08/20,0,2481000,-4598070,-2117070
2015/08/21,0,3425000,-3482000,-57000
2015/08/24,0,4912000,-6622220,-1710220
2015/08/25,0,4361000,-4064973,296027
2015/08/26,0,3401000,-4665366,-1264366
2015/08/27,0,3480000,-4910000,-1430000
2015/08/28,0,3305000,-2585881,719119
2015/08/31,0,7021281,-4686678,2334603
2015/09/01,0,2760070,-3855827,-1095757
2015/09/02,0,3392000,-5510692,-2118692
2015/09/03,0,2612480,-1575000,1037480
2015/09/04,0,4882888,-1968186,2914702
2015/09/07,0,2485000,-970560,1514440
2015/09/08,0,3940000,-1861335,2078665
2015/09/09,0,7069291,-4611060,2458231
2015/09/10,0,5312951,-2329238,2983713
2015/09/11,0,4130000,-1387000,2743000
2015/09/14,0,2579000,-1804280,774720
2015/09/15,0,4843000,-1358000,3485000
2015/09/16,0,3077000,-4357732,-1280732
2015/09/17,0,5468000,-3460610,2007390
2015/09/18,0,6698614,-6574264,124350
2015/09/21,0,3281000,-3128911,152089
2015/09/22,0,1278180,-1410302,-132122
2015/09/23,0,2718000,-2768440,-50440
2015/09/24,0,1513000,-2702000,-1189000
2015/09/25,0,2074000,-2261246,-187246
2015/09/28,0,0,0,0
2015/09/29,0,0,0,0
2015/09/30,0,3910000,-7531610,-3621610
2015/10/01,0,3322285,-2688848,633437
2015/10/02,0,3029000,-2034533,994467
2015/10/05,0,1547000,-1513318,33682
2015/10/06,0,3092000,-2588255,503745
2015/10/07,0,4608328,-3268000,1340328
2015/10/08,0,1620000,-4384140,-2764140
2015/10/09,0,0,0,0
2015/10/12,0,3758311,-3158141,600170
2015/10/13,0,2432885,-3349854,-916969
2015/10/14,0,936000,-2436593,-1500593
2015/10/15,0,2915000,-2432652,482348
2015/10/16,0,3572000,-5181104,-1609104
2015/10/19,0,2324000,-2284132,39868
2015/10/20,0,2718000,-3792820,-1074820
2015/10/21,0,3188000,-3494272,-306272
2015/10/22,0,1999060,-1789944,209116
2015/10/23,0,2710368,-1433188,1277180
2015/10/26,0,2616000,-2923600,-307600
2015/10/27,0,1271000,-1909160,-638160
2015/10/28,0,2928000,-2965963,-37963
2015/10/29,0,825000,-3173102,-2348102
2015/10/30,0,3469000,-4538553,-1069553
2015/11/02,0,1254000,-1542000,-288000
2015/11/03,0,3051000,-1742029,1308971
2015/11/04,0,5326000,-2389528,2936472
2015/11/05,0,1375000,-3120656,-1745656
2015/11/06,0,1166000,-6649398,-5483398
2015/11/09,0,429071,-3718786,-3289715
2015/11/10,0,521000,-4878424,-4357424
2015/11/11,0,209000,-5626288,-5417288
2015/11/12,0,1116246,-3465760,-2349514
2015/11/13,0,880928,-6633379,-5752451
2015/11/16,0,653197,-4050418,-3397221
2015/11/17,0,2071000,-5092366,-3021366
2015/11/18,0,1697000,-7478163,-5781163
2015/11/19,0,2004000,-7127219,-5123219
2015/11/20,0,902000,-6338281,-5436281
2015/11/23,0,2031000,-4836967,-2805967
2015/11/24,0,2400000,-3940751,-1540751
2015/11/25,0,3038019,-3489291,-451272
2015/11/26,0,8176000,-2870655,5305345
2015/11/27,0,3446000,-4947720,-1501720
2015/11/30,0,10724644,-13781999,-3057355
2015/12/01,0,7316000,-950636,6365364
2015/12/02,0,3736180,-2655000,1081180
2015/12/03,0,3534000,-1667121,1866879
2015/12/04,0,929280,-5813740,-4884460
2015/12/07,0,3058000,-1696011,1361989
2015/12/08,0,2322000,-3349285,-1027285
2015/12/09,0,3222000,-3391000,-169000
2015/12/10,0,1646000,-5080300,-3434300
2015/12/11,0,3172000,-5448616,-2276616
2015/12/14,0,3189000,-1556580,1632420
2015/12/15,0,4581000,-1471431,3109569
2015/12/16,0,1227000,-3032500,-1805500
2015/12/17,0,1115000,-1774922,-659922
2015/12/18,0,3430745,-4701263,-1270518
2015/12/21,0,2745811,-1843000,902811
2015/12/22,0,748395,-1398000,-649605
2015/12/23,0,1889000,-877000,1012000
2015/12/24,0,602000,-108000,494000
2015/12/25,0,443000,-628000,-185000
2015/12/28,0,1728000,-469000,1259000
2015/12/29,0,1079000,-1160000,-81000
2015/12/30,0,649336,-2039126,-1389790
2015/12/31,0,834364,-589000,245364
2016/01/01,0,0,0,0
2016/01/04,0,599120,-4458000,-3858880
2016/01/05,0,1350627,-2155408,-804781
2016/01/06,0,1838192,-1881022,-42830
2016/01/07,0,1202105,-3785986,-2583881
2016/01/08,0,1618000,-5225780,-3607780
2016/01/11,0,809088,-5142052,-4332964
2016/01/12,0,498000,-2807200,-2309200
2016/01/13,0,2320424,-2450761,-130337
2016/01/14,0,1692885,-2658840,-965955
2016/01/15,0,1625000,-6586622,-4961622
2016/01/18,0,2645214,-4226000,-1580786
2016/01/19,0,1191000,-1711372,-520372
2016/01/20,0,3053264,-2506000,547264
2016/01/21,0,1033934,-2673000,-1639066
2016/01/22,0,1894000,-3769920,-1875920
2016/01/25,0,2791000,-2967000,-176000
2016/01/26,0,1472000,-9593391,-8121391
2016/01/27,0,2471000,-3211485,-740485
2016/01/28,0,3332000,-4376985,-1044985
2016/01/29,0,6068759,-4353693,1715066
2016/02/01,0,2098362,-2624000,-525638
2016/02/02,0,2247803,-2399129,-151326
2016/02/03,0,1202000,-4608928,-3406928
2016/02/04,0,0,0,0
2016/02/05,0,0,0,0
2016/02/08,0,0,0,0
2016/02/09,0,0,0,0
2016/02/10,0,0,0,0
2016/02/11,0,0,0,0
2016/02/12,0,0,0,0
2016/02/15,0,2994885,-2857792,137093
2016/02/16,0,3699000,-715000,2984000
2016/02/17,0,4090770,-3510904,579866
2016/02/18,0,3787000,-528116,3258884
2016/02/19,0,2858264,-831472,2026792
2016/02/22,0,2271000,-776260,1494740
2016/02/23,0,1406352,-695000,711352
2016/02/24,0,961000,-1820545,-859545
2016/02/25,0,4112800,-1494000,2618800
2016/02/26,0,4567000,-3268053,1298947
2016/02/29,0,0,0,0
2016/03/01,0,4478927,-1862674,2616253
2016/03/02,0,3344044,-1155000,2189044
2016/03/03,0,6770993,-4288000,2482993
2016/03/04,0,2869000,-2421000,448000
2016/03/07,0,4652056,-3653820,998236
2016/03/08,0,3938000,-4381200,-443200
2016/03/09,0,4100000,-2692334,1407666
2016/03/10,0,2805000,-865303,1939697
2016/03/11,0,3031000,-1125000,1906000
2016/03/14,0,2618460,-1777000,841460
2016/03/15,0,3292540,-934000,2358540
2016/03/16,0,2938000,-1694000,1244000
2016/03/17,0,4769000,-1806340,2962660
2016/03/18,0,8374523,-6068937,2305586
2016/03/21,0,1979000,-1820513,158487
2016/03/22,0,4196635,-1975394,2221241
2016/03/23,0,2210000,-1564011,645989
2016/03/24,0,2900000,-400224,2499776
2016/03/25,0,975000,-380000,595000
2016/03/28,0,3935000,-1503000,2432000
2016/03/29,0,2471568,-965208,1506360
2016/03/30,0,7569400,-827000,6742400
2016/03/31,0,4198000,-3526514,671486
2016/04/01,0,4291000,-5139000,-848000
2016/04/04,0,0,0,0
2016/04/05,0,0,0,0
2016/04/06,0,3336285,-6057626,-2721341
2016/04/07,0,2626000,-4269008,-1643008
2016/04/08,0,3184000,-7278700,-4094700
2016/04/11,0,2297000,-1743590,553410
2016/04/12,0,1980548,-2231980,-251432
2016/04/13,0,6708563,-2261400,4447163
2016/04/14,0,1586000,-2292751,-706751
2016/04/15,0,4638678,-1931000,2707678
2016/04/18,0,893000,-1963760,-1070760
2016/04/19,0,2870000,-2378360,491640
2016/04/20,0,2467312,-3314000,-846688
2016/04/21,0,2663000,-1014380,1648620
2016/04/22,0,807000,-1753000,-946000
2016/04/25,0,1738000,-729000,1009000
2016/04/26,0,4284032,-4787000,-502968
2016/04/27,0,1924000,-4554800,-2630800
2016/04/28,0,1745904,-4315280,-2569376
2016/04/29,0,4838853,-5262853,-424000
2016/05/02,0,0,0,0
2016/05/03,0,2728000,-2773102,-45102
2016/05/04,0,1508000,-6400149,-4892149
2016/05/05,0,578000,-3577850,-2999850
2016/05/06,0,1797000,-5522000,-3725000
2016/05/09,0,803000,-2943020,-2140020
2016/05/10,0,2107000,-2587000,-480000
2016/05/11,0,1282400,-5068000,-3785600
2016/05/12,0,1217756,-2304000,-1086244
2016/05/13,0,999000,-6777100,-5778100
2016/05/16,0,546000,-3552000,-3006000
2016/05/17,0,1504000,-7526880,-6022880
2016/05/18,0,2257380,-3690000,-1432620
2016/05/19,0,1412000,-5954540,-4542540
2016/05/20,0,4317427,-5271032,-953605
2016/05/23,0,3998015,-3566000,432015
2016/05/24,0,1363000,-3704360,-2341360
2016/05/25,0,1256000,-1955220,-699220
2016/05/26,0,1362000,-2127000,-765000
2016/05/27,0,2463000,-3831271,-1368271
2016/05/30,0,3267010,-3118000,149010
2016/05/31,0,10301000,-12000529,-1699529
2016/06/01,0,3557580,-2651000,906580
2016/06/02,0,2162000,-1496032,665968
2016/06/03,0,2878000,-1734000,1144000
2016/06/06,0,2102000,-3376278,-1274278
2016/06/07,0,5657000,-2130000,3527000
2016/06/08,0,4831000,-2660461,2170539
2016/06/09,0,0,0,0
2016/06/10,0,0,0,0
2016/06/13,0,2812237,-2277000,535237
2016/06/14,0,3387473,-797420,2590053
2016/06/15,0,1413493,-1736120,-322627
2016/06/16,0,1238461,-2162000,-923539
2016/06/17,0,2572456,-2198267,374189
2016/06/20,0,2545000,-753274,1791726
2016/06/21,0,2544000,-2328042,215958
2016/06/22,0,2068972,-1028221,1040751
2016/06/23,0,1605520,-962360,643160
2016/06/24,0,1514816,-5235600,-3720784
2016/06/27,0,916000,-2016484,-1100484
2016/06/28,0,419000,-1283249,-864249
2016/06/29,0,1820400,-997041,823359
2016/06/30,0,3218000,-1396847,1821153
2016/07/01,0,3435000,-575990,2859010
2016/07/04,0,1334000,-1722000,-388000
2016/07/05,0,1809000,-910634,898366
2016/07/06,0,1498000,-3678000,-2180000
2016/07/07,0,1192000,-814194,377806
2016/07/08,0,0,0,0
2016/07/11,0,5093000,-698000,4395000
2016/07/12,0,2474000,-1422967,1051033
2016/07/13,0,4992186,-1100752,3891434
2016/07/14,0,2445000,-1922000,523000
2016/07/15,0,3479520,-1581000,1898520
2016/07/18,0,3468000,-2761000,707000
2016/07/19,0,5214000,-2091646,3122354
2016/07/20,0,3839000,-3422085,416915
2016/07/21,0,4557290,-1730615,2826675
2016/07/22,0,2958000,-1650743,1307257
2016/07/25,0,3269000,-2309000,960000
2016/07/26,0,4255000,-3203360,1051640
2016/07/27,0,3875000,-2288000,1587000
2016/07/28,0,4529000,-2147000,2382000
2016/07/29,0,3640683,-3222000,418683
2016/08/01,0,3870792,-3028000,842792
2016/08/02,0,3088000,-2757292,330708
2016/08/03,0,2841637,-2202000,639637
2016/08/04,0,2250000,-2694263,-444263
2016/08/05,0,2812113,-1556000,1256113
2016/08/08,0,1458260,-438000,1020260
2016/08/09,0,2134000,-568000,1566000
2016/08/10,0,2759000,-917668,1841332
2016/08/11,0,2099000,-2355000,-256000
2016/08/12,0,2555085,-839000,1716085
2016/08/15,0,1778000,-1367000,411000
2016/08/16,0,2035000,-2096000,-61000
2016/08/17,0,2265362,-3553000,-1287638
2016/08/18,0,1672000,-2574787,-902787
2016/08/19,0,1117147,-4184000,-3066853
2016/08/22,0,1033000,-3272000,-2239000
2016/08/23,0,1599000,-3026000,-1427000
2016/08/24,0,453935,-1914000,-1460065
2016/08/25,0,1438000,-2138282,-700282
2016/08/26,0,813456,-919223,-105767
2016/08/29,0,1039000,-2498000,-1459000
2016/08/30,0,1447420,-1791000,-343580
2016/08/31,0,2335040,-5151183,-2816143
2016/09/01,0,643000,-3356078,-2713078
2016/09/02,0,1861729,-2391000,-529271
2016/09/05,0,2005000,-1028000,977000
2016/09/06,0,3825940,-2920180,905760
2016/09/07,0,2292000,-2808534,-516534
2016/09/08,0,1588000,-3907489,-2319489
2016/09/09,0,272000,-2070000,-1798000
2016/09/12,0,561481,-3752214,-3190733
2016/09/13,0,1667800,-4277668,-2609868
2016/09/14,0,3742603,-4668759,-926156
2016/09/15,0,0,0,0
2016/09/16,0,0,0,0
2016/09/19,0,4337400,-7931808,-3594408
2016/09/20,0,1362828,-953758,409070
2016/09/21,0,2167000,-1288000,879000
2016/09/22,0,1093100,-612000,481100
2016/09/23,0,2470000,-1701173,768827
2016/09/26,0,775030,-874000,-98970
2016/09/27,0,0,0,0
2016/09/28,0,0,0,0
2016/09/29,0,4092115,-3052336,1039779
2016/09/30,0,1875346,-4782790,-2907444
2016/10/03,0,357000,-509000,-152000
2016/10/04,0,2549390,-1825648,723742
2016/10/05,0,856566,-884400,-27834
2016/10/06,0,1107358,-1734000,-626642
2016/10/07,0,1098780,-1222000,-123220
2016/10/10,0,0,0,0
2016/10/11,0,1429278,-1999542,-570264
2016/10/12,0,1615000,-2780848,-1165848
2016/10/13,0,2026500,-4405000,-2378500
2016/10/14,0,1175099,-1292460,-117361
2016/10/17,0,916871,-3245652,-2328781
2016/10/18,0,3296830,-1676600,1620230
2016/10/19,0,8823885,-3006360,5817525
2016/10/20,0,4194000,-2983423,1210577
2016/10/21,0,1145498,-2430683,-1285185
2016/10/24,0,857000,-2086570,-1229570
2016/10/25,0,1549529,-1706100,-156571
2016/10/26,0,1310619,-1512696,-202077
2016/10/27,0,1839495,-2176355,-336860
2016/10/28,0,1915000,-1625000,290000
2016/10/31,0,2846376,-1995700,850676
2016/11/01,0,1560000,-2341000,-781000
2016/11/02,0,2392326,-3169000,-776674
2016/11/03,0,1226000,-1827613,-601613
2016/11/04,0,1101000,-2006000,-905000
2016/11/07,0,729000,-2008214,-1279214
2016/11/08,0,1720746,-272000,1448746
2016/11/09,0,1828000,-4183000,-2355000
2016/11/10,0,1043000,-1686000,-643000
2016/11/11,0,1409000,-5291494,-3882494
2016/11/14,0,647000,-4430940,-3783940
2016/11/15,0,1123000,-3489520,-2366520
2016/11/16,0,617460,-3008214,-2390754
2016/11/17,0,1044958,-5556725,-4511767
2016/11/18,0,3025000,-4454983,-1429983
2016/11/21,0,493000,-1438053,-945053
2016/11/22,0,3104000,-2272764,831236
2016/11/23,0,2155000,-673808,1481192
2016/11/24,0,689000,-695000,-6000
2016/11/25,0,631000,-384776,246224
2016/11/28,0,1510634,-827000,683634
2016/11/29,0,1621001,-1729284,-108283
2016/11/30,0,6404000,-6272002,131998
2016/12/01,0,1591686,-1525726,65960
2016/12/02,0,1078000,-1442000,-364000
2016/12/05,0,692000,-2243176,-1551176
2016/12/06,0,3005000,-990000,2015000
2016/12/07,0,3213000,-997836,2215164
2016/12/08,0,5070801,-1581835,3488966
2016/12/09,0,2698576,-2440981,257595
2016/12/12,0,1837000,-3628475,-1791475
2016/12/13,0,3980211,-3036024,944187
2016/12/14,0,1814570,-2790060,-975490
2016/12/15,0,2041000,-1413000,628000
2016/12/16,0,2996000,-2231000,765000
2016/12/19,0,1731710,-841092,890618
2016/12/20,0,1979856,-986283,993573
2016/12/21,0,1590000,-1641484,-51484
2016/12/22,0,1548476,-2977000,-1428524
2016/12/23,0,1504000,-2531000,-1027000
2016/12/26,0,124630,-1767000,-1642370
2016/12/27,0,119000,-783000,-664000
2016/12/28,0,511000,-815000,-304000
2016/12/29,0,810546,-2064934,-1254388
2016/12/30,0,2849000,-1197693,1651307
2017/01/02,0,0,0,0
2017/01/03,0,669000,-1025000,-356000
2017/01/04,0,969000,-2511792,-1542792
2017/01/05,0,2442194,-3052506,-610312
2017/01/06,0,1550000,-1550596,-596
2017/01/09,0,430000,-854659,-424659
2017/01/10,0,1893000,-2013659,-120659
2017/01/11,0,1556724,-1702629,-145905
2017/01/12,0,3458290,-2311628,1146662
2017/01/13,0,2931178,-1836526,1094652
2017/01/16,0,71000,-1510000,-1439000
2017/01/17,0,1370180,-1990000,-619820
2017/01/18,0,2026000,-2308445,-282445
2017/01/19,0,526000,-2987358,-2461358
2017/01/20,0,517492,-1725098,-1207606
2017/01/23,0,4273000,-1103480,3169520
2017/01/24,0,3563000,-2146782,1416218
2017/01/25,0,0,0,0
2017/01/26,0,0,0,0
2017/01/27,0,0,0,0
2017/01/30,0,0,0,0
2017/01/31,0,0,0,0
2017/02/01,0,0,0,0
2017/02/02,0,7342258,-7468661,-126403
2017/02/03,0,2264952,-3859166,-1594214
2017/02/06,0,1608000,-2323808,-715808
2017/02/07,0,2544334,-3875957,-1331623
2017/02/08,0,2021432,-5422328,-3400896
2017/02/09,0,2209000,-1469233,739767
2017/02/10,0,6427500,-6828567,-401067
2017/02/13,0,2883652,-2047000,836652
2017/02/14,0,3134952,-2948032,186920
2017/02/15,0,5953000,-1047000,4906000
2017/02/16,0,2970000,-2866000,104000
2017/02/17,0,1639000,-1719000,-80000
2017/02/20,0,675000,-918000,-243000
2017/02/21,0,2670000,-1411000,1259000
2017/02/22,0,3605976,-2891000,714976
2017/02/23,0,2909000,-3103926,-194926
2017/02/24,0,2451000,-1186040,1264960
2017/02/27,0,0,0,0
2017/02/28,0,0,0,0
2017/03/01,0,3941390,-5429018,-1487628
2017/03/02,0,3730322,-3935028,-204706
2017/03/03,0,2416330,-2339025,77305
2017/03/06,0,1356218,-1287376,68842
2017/03/07,0,941055,-886844,54211
2017/03/08,0,3001000,-2501022,499978
2017/03/09,0,2494000,-4559258,-2065258
2017/03/10,0,1176633,-2093581,-916948
2017/03/13,0,843188,-1247876,-404688
2017/03/14,0,1759862,-1861937,-102075
2017/03/15,0,1235000,-1204354,30646
2017/03/16,0,4308696,-2218579,2090117
2017/03/17,0,7660308,-7598282,62026
2017/03/20,0,669984,-1035000,-365016
2017/03/21,0,4148884,-1737989,2410895
2017/03/22,0,1850944,-1735699,115245
2017/03/23,0,989000,-1355379,-366379
2017/03/24,0,2044868,-556210,1488658
2017/03/27,0,3951547,-924500,3027047
2017/03/28,0,4066955,-2478157,1588798
2017/03/29,0,2530536,-2652000,-121464
2017/03/30,0,2633000,-2266679,366321
2017/03/31,0,2822200,-4712480,-1890280
2017/04/03,0,0,0,0
2017/04/04,0,0,0,0
2017/04/05,0,8091362,-7410080,681282
2017/04/06,0,5096960,-4614000,482960
2017/04/07,0,2831000,-3239000,-408000
2017/04/10,0,2873000,-2057487,815513
2017/04/11,0,3705000,-3392400,312600
2017/04/12,0,2161000,-2986589,-825589
2017/04/13,0,2384000,-2427000,-43000
2017/04/14,0,179000,-974000,-795000
2017/04/17,0,829295,-1391000,-561705
2017/04/18,0,2794000,-3166630,-372630
2017/04/19,0,4453000,-5766478,-1313478
2017/04/20,0,3256000,-2882602,373398
2017/04/21,0,3177637,-3923974,-746337
2017/04/24,0,2164017,-1509000,655017
2017/04/25,0,3532577,-2985121,547456
2017/04/26,0,2962582,-2266000,696582
2017/04/27,0,796003,-1336375,-540372
2017/04/28,0,1684000,-2192000,-508000
2017/05/01,0,0,0,0
2017/05/02,0,2348000,-2089000,259000
2017/05/03,0,1780000,-1224710,555290
2017/05/04,0,1901000,-857600,1043400
2017/05/05,0,930564,-782000,148564
2017/05/08,0,1151724,-973574,178150
2017/05/09,0,2963950,-1671883,1292067
2017/05/10,0,3347404,-3315000,32404
2017/05/11,0,6784965,-3653000,3131965
2017/05/12,0,6170000,-3497000,2673000
2017/05/15,0,2536934,-2449000,87934
2017/05/16,0,7255000,-4980010,2274990
2017/05/17,0,1683000,-4841177,-3158177
2017/05/18,0,701724,-4680332,-3978608
2017/05/19,0,971797,-3065571,-2093774
2017/05/22,0,679401,-2166540,-1487139
2017/05/23,0,1834840,-2644104,-809264
2017/05/24,0,511640,-1959773,-1448133
2017/05/25,0,1101000,-1587161,-486161
2017/05/26,0,0,0,0
2017/05/29,0,0,0,0
2017/05/30,0,0,0,0
2017/05/31,0,5296431,-4032678,1263753
2017/06/01,0,940539,-1730845,-790306
2017/06/02,0,998932,-1500550,-501618
2017/06/05,0,1157000,-1753008,-596008
2017/06/06,0,1094211,-1704956,-610745
2017/06/07,0,957000,-3066698,-2109698
2017/06/08,0,701000,-2107010,-1406010
2017/06/09,0,1932000,-3508361,-1576361
2017/06/12,0,1059390,-2680000,-1620610
2017/06/13,0,1840010,-571549,1268461
2017/06/14,0,1548000,-1909938,-361938
2017/06/15,0,1182000,-2395034,-1213034
2017/06/16,0,4506799,-3812745,694054
2017/06/19,0,1707652,-1306535,401117
2017/06/20,0,776000,-983722,-207722
2017/06/21,0,2613000,-3295000,-682000
2017/06/22,0,2433205,-1443468,989737
2017/06/23,0,1486000,-1926198,-440198
2017/06/26,0,3523614,-897500,2626114
2017/06/27,0,1440003,-1371636,68367
2017/06/28,0,2760183,-1560906,1199277
2017/06/29,0,1254000,-2236671,-982671
2017/06/30,0,1056000,-1503000,-447000
2017/07/03,0,1139320,-1189000,-49680
2017/07/04,0,870000,-3105410,-2235410
2017/07/05,0,1719000,-1245000,474000
2017/07/06,0,920000,-1371000,-451000
2017/07/07,0,1060635,-1907828,-847193
2017/07/10,0,556645,-1582251,-1025606
2017/07/11,0,1328057,-736971,591086
2017/07/12,0,752000,-682060,69940
2017/07/13,0,2396548,-2009000,387548
2017/07/14,0,366000,-1763000,-1397000
2017/07/17,0,1634000,-842000,792000
2017/07/18,0,789000,-701000,88000
2017/07/19,0,2223317,-1284000,939317
2017/07/20,0,1943746,-2019000,-75254
2017/07/21,0,1109750,-847000,262750
2017/07/24,0,1057000,-1260522,-203522
2017/07/25,0,394000,-429412,-35412
2017/07/26,0,474614,-1199300,-724686
2017/07/27,0,2559000,-394000,2165000
2017/07/28,0,1497000,-1095526,401474
2017/07/31,0,1852980,-2520060,-667080
2017/08/01,0,916000,-1214000,-298000
2017/08/02,0,1321000,-1294000,27000
2017/08/03,0,1402378,-2593812,-1191434
2017/08/04,0,1470110,-1885000,-414890
2017/08/07,0,1549611,-181000,1368611
2017/08/08,0,934000,-1036000,-102000
2017/08/09,0,586978,-1596000,-1009022
2017/08/10,0,1195304,-1123000,72304
2017/08/11,0,888525,-1615001,-726476
2017/08/14,0,649943,-661130,-11187
2017/08/15,0,1391000,-1496000,-105000
2017/08/16,0,1538000,-2732000,-1194000
2017/08/17,0,366000,-1161000,-795000
2017/08/18,0,213000,-1547000,-1334000
