Date,Open,Buy,Sell,Total
2007/01/02,0,0,-1500000,-1500000
2007/01/03,0,0,-680,-680
2007/01/04,0,104000,-53000,51000
2007/01/05,0,0,-250648,-250648
2007/01/08,0,0,-500000,-500000
2007/01/09,0,0,0,0
2007/01/10,0,2000,0,2000
2007/01/11,0,7000,-80000,-73000
2007/01/12,0,46000,0,46000
2007/01/15,0,0,-356000,-356000
2007/01/16,0,5000,0,5000
2007/01/17,0,19000,0,19000
2007/01/18,0,500000,-144000,356000
2007/01/19,0,0,-270000,-270000
2007/01/22,0,56000,-559000,-503000
2007/01/23,0,133000,-16000,117000
2007/01/24,0,826000,0,826000
2007/01/25,0,28000,-100000,-72000
2007/01/26,0,0,-1000,-1000
2007/01/29,0,0,-3000,-3000
2007/01/30,0,93000,-800000,-707000
2007/01/31,0,0,0,0
2007/02/01,0,0,-49000,-49000
2007/02/02,0,0,0,0
2007/02/05,0,56000,0,56000
2007/02/06,0,78000,0,78000
2007/02/07,0,0,0,0
2007/02/08,0,5000,0,5000
2007/02/09,0,144000,0,144000
2007/02/12,0,0,0,0
2007/02/13,0,0,0,0
2007/02/14,0,0,-553000,-553000
2007/02/15,0,0,0,0
2007/02/16,0,0,0,0
2007/02/19,0,0,0,0
2007/02/20,0,0,0,0
2007/02/21,0,0,0,0
2007/02/22,0,0,0,0
2007/02/23,0,0,0,0
2007/02/26,0,50000,0,50000
2007/02/27,0,0,-188000,-188000
2007/02/28,0,0,0,0
2007/03/01,0,9000,0,9000
2007/03/02,0,0,-742000,-742000
2007/03/05,0,0,0,0
2007/03/06,0,53000,0,53000
2007/03/07,0,0,0,0
2007/03/08,0,600000,-500000,100000
2007/03/09,0,400000,-500000,-100000
2007/03/12,0,11000,-512000,-501000
2007/03/13,0,0,-1847000,-1847000
2007/03/14,0,0,-796000,-796000
2007/03/15,0,0,-400,-400
2007/03/16,0,0,0,0
2007/03/19,0,1000,0,1000
2007/03/20,0,0,-9000,-9000
2007/03/21,0,0,-18000,-18000
2007/03/22,0,0,-9000,-9000
2007/03/23,0,0,-28000,-28000
2007/03/26,0,3504000,0,3504000
2007/03/27,0,1800000,0,1800000
2007/03/28,0,0,0,0
2007/03/29,0,0,-1000,-1000
2007/03/30,0,0,-2000,-2000
2007/04/02,0,0,0,0
2007/04/03,0,0,0,0
2007/04/04,0,150000,0,150000
2007/04/05,0,0,0,0
2007/04/06,0,0,0,0
2007/04/09,0,150000,-1000,149000
2007/04/10,0,0,-4000,-4000
2007/04/11,0,2000,0,2000
2007/04/12,0,0,0,0
2007/04/13,0,25000,-18000,7000
2007/04/16,0,650000,-110000,540000
2007/04/17,0,1683000,0,1683000
2007/04/18,0,0,0,0
2007/04/19,0,305000,0,305000
2007/04/20,0,0,-98000,-98000
2007/04/23,0,256000,-81000,175000
2007/04/24,0,327000,0,327000
2007/04/25,0,0,0,0
2007/04/26,0,660000,0,660000
2007/04/27,0,805000,0,805000
2007/04/30,0,150000,-150000,0
2007/05/01,0,0,0,0
2007/05/02,0,1421000,0,1421000
2007/05/03,0,0,0,0
2007/05/04,0,349000,0,349000
2007/05/07,0,175000,-21000,154000
2007/05/08,0,0,-9000,-9000
2007/05/09,0,300000,-250000,50000
2007/05/10,0,0,-13000,-13000
2007/05/11,0,0,0,0
2007/05/14,0,13000,0,13000
2007/05/15,0,282000,-1000,281000
2007/05/16,0,0,-31000,-31000
2007/05/17,0,186000,-479000,-293000
2007/05/18,0,0,-34000,-34000
2007/05/21,0,0,0,0
2007/05/22,0,12000,0,12000
2007/05/23,0,40000,-48000,-8000
2007/05/24,0,130000,0,130000
2007/05/25,0,928000,0,928000
2007/05/28,0,0,0,0
2007/05/29,0,0,0,0
2007/05/30,0,187000,0,187000
2007/05/31,0,150000,0,150000
2007/06/01,0,0,-200000,-200000
2007/06/04,0,5000,-623000,-618000
2007/06/05,0,0,-916000,-916000
2007/06/06,0,393000,-350000,43000
2007/06/07,0,0,0,0
2007/06/08,0,0,-1000000,-1000000
2007/06/11,0,160000,-360000,-200000
2007/06/12,0,99000,-575000,-476000
2007/06/13,0,0,0,0
2007/06/14,0,0,-76000,-76000
2007/06/15,0,13000,-3125000,-3112000
2007/06/18,0,0,0,0
2007/06/19,0,0,0,0
2007/06/20,0,102000,-3100000,-2998000
2007/06/21,0,20000,-8000,12000
2007/06/22,0,50000,0,50000
2007/06/25,0,0,-517000,-517000
2007/06/26,0,0,0,0
2007/06/27,0,0,0,0
2007/06/28,0,1000000,0,1000000
2007/06/29,0,0,0,0
2007/07/02,0,190000,0,190000
2007/07/03,0,1500000,0,1500000
2007/07/04,0,2078000,0,2078000
2007/07/05,0,2484000,-328000,2156000
2007/07/06,0,10494000,-500000,9994000
2007/07/09,0,12000,-490000,-478000
2007/07/10,0,0,-52000,-52000
2007/07/11,0,749000,-750000,-1000
2007/07/12,0,82000,-23000,59000
2007/07/13,0,50000,0,50000
2007/07/16,0,2310000,-44000,2266000
2007/07/17,0,0,-76000,-76000
2007/07/18,0,913000,0,913000
2007/07/19,0,656000,0,656000
2007/07/20,0,29000,0,29000
2007/07/23,0,1000,0,1000
2007/07/24,0,1000,0,1000
2007/07/25,0,123000,0,123000
2007/07/26,0,89000,0,89000
2007/07/27,0,202000,-2975000,-2773000
2007/07/30,0,1000,0,1000
2007/07/31,0,0,-3000,-3000
2007/08/01,0,3000,-66000,-63000
2007/08/02,0,3000,-700000,-697000
2007/08/03,0,9000,0,9000
2007/08/06,0,2000,0,2000
2007/08/07,0,902000,0,902000
2007/08/08,0,1949000,0,1949000
2007/08/09,0,154000,0,154000
2007/08/10,0,159000,-18000,141000
2007/08/13,0,180000,0,180000
2007/08/14,0,52000,0,52000
2007/08/15,0,103000,-90000,13000
2007/08/16,0,210000,-718000,-508000
2007/08/17,0,418000,0,418000
2007/08/20,0,15000,0,15000
2007/08/21,0,600000,0,600000
2007/08/22,0,68000,0,68000
2007/08/23,0,3745000,-3000,3742000
2007/08/24,0,792000,-8000,784000
2007/08/27,0,56000,-14000,42000
2007/08/28,0,0,-399000,-399000
2007/08/29,0,100000,0,100000
2007/08/30,0,62000,0,62000
2007/08/31,0,700000,-224000,476000
2007/09/03,0,122000,-26000,96000
2007/09/04,0,91000,-1806000,-1715000
2007/09/05,0,2435000,0,2435000
2007/09/06,0,62000,0,62000
2007/09/07,0,0,-824000,-824000
2007/09/10,0,0,-2000,-2000
2007/09/11,0,2150000,0,2150000
2007/09/12,0,300000,-80000,220000
2007/09/13,0,400000,-320000,80000
2007/09/14,0,0,0,0
2007/09/17,0,354000,0,354000
2007/09/18,0,0,0,0
2007/09/19,0,1967000,0,1967000
2007/09/20,0,1274000,0,1274000
2007/09/21,0,3914000,-79000,3835000
2007/09/24,0,0,0,0
2007/09/25,0,0,0,0
2007/09/26,0,890000,-8000,882000
2007/09/27,0,1256000,-250000,1006000
2007/09/28,0,1181000,-8000,1173000
2007/10/01,0,2700000,-1213000,1487000
2007/10/02,0,740000,-11000,729000
2007/10/03,0,0,-101000,-101000
2007/10/04,0,50000,-250000,-200000
2007/10/05,0,190000,-1003000,-813000
2007/10/08,0,130000,-12000,118000
2007/10/09,0,90000,-30000,60000
2007/10/10,0,0,0,0
2007/10/11,0,50000,-200000,-150000
2007/10/12,0,622000,-102000,520000
2007/10/15,0,5000,-211000,-206000
2007/10/16,0,0,-200000,-200000
2007/10/17,0,15000,-1535000,-1520000
2007/10/18,0,0,-470000,-470000
2007/10/19,0,0,-5563600,-5563600
2007/10/22,0,181000,-2000000,-1819000
2007/10/23,0,79000,-5159000,-5080000
2007/10/24,0,0,-840960,-840960
2007/10/25,0,0,-1162850,-1162850
2007/10/26,0,0,-406000,-406000
2007/10/29,0,143000,-138000,5000
2007/10/30,0,66000,0,66000
2007/10/31,0,223000,0,223000
2007/11/01,0,94000,-1635000,-1541000
2007/11/02,0,150000,0,150000
2007/11/05,0,56000,-500,55500
2007/11/06,0,1000,-25000,-24000
2007/11/07,0,1000,0,1000
2007/11/08,0,516000,0,516000
2007/11/09,0,35000,-250000,-215000
2007/11/12,0,4000,-630000,-626000
2007/11/13,0,69000,-2100000,-2031000
2007/11/14,0,234000,-160000,74000
2007/11/15,0,1000,-516000,-515000
2007/11/16,0,7000,-67000,-60000
2007/11/19,0,34000,-671000,-637000
2007/11/20,0,1000,-204000,-203000
2007/11/21,0,2000000,-234000,1766000
2007/11/22,0,0,0,0
2007/11/23,0,2000,0,2000
2007/11/26,0,504000,-464000,40000
2007/11/27,0,0,0,0
2007/11/28,0,0,0,0
2007/11/29,0,311000,-200000,111000
2007/11/30,0,114000,0,114000
2007/12/03,0,930000,-14000,916000
2007/12/04,0,353000,-4000,349000
2007/12/05,0,8000,0,8000
2007/12/06,0,0,-3000,-3000
2007/12/07,0,0,-21960,-21960
2007/12/10,0,0,-250000,-250000
2007/12/11,0,125000,-21000,104000
2007/12/12,0,0,0,0
2007/12/13,0,1000,-26000,-25000
2007/12/14,0,515000,0,515000
2007/12/17,0,0,0,0
2007/12/18,0,263000,0,263000
2007/12/19,0,1000,-60000,-59000
2007/12/20,0,400000,-43000,357000
2007/12/21,0,0,0,0
2007/12/24,0,136000,-146000,-10000
2007/12/25,0,0,0,0
2007/12/26,0,179000,0,179000
2007/12/27,0,93000,0,93000
2007/12/28,0,0,-90000,-90000
2007/12/31,0,0,-152000,-152000
2008/01/01,0,0,0,0
2008/01/02,0,420000,-814000,-394000
2008/01/03,0,0,-80000,-80000
2008/01/04,0,1270000,-1800,1268200
2008/01/07,0,7448000,0,7448000
2008/01/08,0,4628000,-1164000,3464000
2008/01/09,0,971000,-800000,171000
2008/01/10,0,917000,-87000,830000
2008/01/11,0,0,-789000,-789000
2008/01/14,0,3212000,-344000,2868000
2008/01/15,0,2396000,-25000,2371000
2008/01/16,0,2426000,-220000,2206000
2008/01/17,0,1600000,-355000,1245000
2008/01/18,0,800000,0,800000
2008/01/21,0,1354000,-660000,694000
2008/01/22,0,0,0,0
2008/01/23,0,1453000,-1141000,312000
2008/01/24,0,4500000,-122000,4378000
2008/01/25,0,1172000,-30000,1142000
2008/01/28,0,512000,-1803000,-1291000
2008/01/29,0,1243000,-870000,373000
2008/01/30,0,121000,-100000,21000
2008/01/31,0,945000,0,945000
2008/02/01,0,1339000,-174000,1165000
2008/02/04,0,0,0,0
2008/02/05,0,0,0,0
2008/02/06,0,0,0,0
2008/02/07,0,0,0,0
2008/02/08,0,0,0,0
2008/02/11,0,0,0,0
2008/02/12,0,1743000,-201000,1542000
2008/02/13,0,351000,-164000,187000
2008/02/14,0,656000,-60000,596000
2008/02/15,0,1000000,-920000,80000
2008/02/18,0,1119000,-1310000,-191000
2008/02/19,0,1476000,-69000,1407000
2008/02/20,0,222000,-400000,-178000
2008/02/21,0,1294000,-200000,1094000
2008/02/22,0,520000,-264000,256000
2008/02/25,0,1025000,-528000,497000
2008/02/26,0,639000,-167000,472000
2008/02/27,0,275000,-575000,-300000
2008/02/28,0,0,0,0
2008/02/29,0,0,-193000,-193000
2008/03/03,0,309000,0,309000
2008/03/04,0,100000,-56000,44000
2008/03/05,0,122000,0,122000
2008/03/06,0,0,-112000,-112000
2008/03/07,0,23000,-727000,-704000
2008/03/10,0,1000,-2612380,-2611380
2008/03/11,0,965000,-201000,764000
2008/03/12,0,55000,-645470,-590470
2008/03/13,0,0,-200000,-200000
2008/03/14,0,756000,0,756000
2008/03/17,0,1342000,-100000,1242000
2008/03/18,0,100000,-91000,9000
2008/03/19,0,996000,0,996000
2008/03/20,0,1241000,-563000,678000
2008/03/21,0,924000,-38000,886000
2008/03/24,0,541000,0,541000
2008/03/25,0,3760000,-1350000,2410000
2008/03/26,0,1200000,-110000,1090000
2008/03/27,0,201000,-850000,-649000
2008/03/28,0,1001000,-50000,951000
2008/03/31,0,501000,-1044000,-543000
2008/04/01,0,1300000,-753000,547000
2008/04/02,0,500000,-6705000,-6205000
2008/04/03,0,760000,-2211000,-1451000
2008/04/04,0,0,0,0
2008/04/07,0,1080000,-239000,841000
2008/04/08,0,1670000,-700000,970000
2008/04/09,0,3833000,-1156000,2677000
2008/04/10,0,150000,-661000,-511000
2008/04/11,0,508000,-364000,144000
2008/04/14,0,1553000,-84500,1468500
2008/04/15,0,1219000,-1534000,-315000
2008/04/16,0,700000,-165000,535000
2008/04/17,0,2748000,-650000,2098000
2008/04/18,0,252000,-232000,20000
2008/04/21,0,151000,-300000,-149000
2008/04/22,0,1000,-3998000,-3997000
2008/04/23,0,0,-1056000,-1056000
2008/04/24,0,1035000,-2352000,-1317000
2008/04/25,0,0,-445000,-445000
2008/04/28,0,26000,-655500,-629500
2008/04/29,0,136000,-844000,-708000
2008/04/30,0,513000,-788000,-275000
2008/05/01,0,0,0,0
2008/05/02,0,1232000,-6880000,-5648000
2008/05/05,0,2576000,-2639000,-63000
2008/05/06,0,17000,-1158000,-1141000
2008/05/07,0,11000,-1980000,-1969000
2008/05/08,0,94000,-607000,-513000
2008/05/09,0,2000,-233000,-231000
2008/05/12,0,871000,-105000,766000
2008/05/13,0,1588000,-50000,1538000
2008/05/14,0,183000,-1336000,-1153000
2008/05/15,0,3136000,0,3136000
2008/05/16,0,0,-380000,-380000
2008/05/19,0,4000,-333000,-329000
2008/05/20,0,100000,-7000,93000
2008/05/21,0,50000,-250000,-200000
2008/05/22,0,1000,-470000,-469000
2008/05/23,0,76000,-345000,-269000
2008/05/26,0,5000,-176000,-171000
2008/05/27,0,272000,-708000,-436000
2008/05/28,0,1000,-1330000,-1329000
2008/05/29,0,28000,-80000,-52000
2008/05/30,0,30000,-2138000,-2108000
2008/06/02,0,2000,-5529000,-5527000
2008/06/03,0,140000,-120000,20000
2008/06/04,0,2000,-660000,-658000
2008/06/05,0,1000,0,1000
2008/06/06,0,201000,0,201000
2008/06/09,0,1000,-400000,-399000
2008/06/10,0,3000,0,3000
2008/06/11,0,110000,-200000,-90000
2008/06/12,0,46000,0,46000
2008/06/13,0,13000,0,13000
2008/06/16,0,1000000,-35000,965000
2008/06/17,0,110000,-128000,-18000
2008/06/18,0,0,0,0
2008/06/19,0,0,-677000,-677000
2008/06/20,0,63000,-586000,-523000
2008/06/23,0,176000,0,176000
2008/06/24,0,35000,-154500,-119500
2008/06/25,0,12000,-502000,-490000
2008/06/26,0,0,-1210000,-1210000
2008/06/27,0,1000,0,1000
2008/06/30,0,8000,-36000,-28000
2008/07/01,0,3000,-534000,-531000
2008/07/02,0,0,-141000,-141000
2008/07/03,0,1847000,-1000,1846000
2008/07/04,0,3803000,-229000,3574000
2008/07/07,0,1941000,0,1941000
2008/07/08,0,50000,0,50000
2008/07/09,0,105000,-328000,-223000
2008/07/10,0,0,-165080,-165080
2008/07/11,0,2139000,0,2139000
2008/07/14,0,1000,0,1000
2008/07/15,0,6000,0,6000
2008/07/16,0,24000,-200000,-176000
2008/07/17,0,8000,0,8000
2008/07/18,0,0,-18000,-18000
2008/07/21,0,501000,-288000,213000
2008/07/22,0,0,-1000,-1000
2008/07/23,0,186000,-53000,133000
2008/07/24,0,1607000,-15000,1592000
2008/07/25,0,1000,0,1000
2008/07/28,0,0,0,0
2008/07/29,0,5000,0,5000
2008/07/30,0,603000,-143000,460000
2008/07/31,0,7000,-74000,-67000
2008/08/01,0,4000,0,4000
2008/08/04,0,2000,-503000,-501000
2008/08/05,0,457000,-737480,-280480
2008/08/06,0,2000,-1429000,-1427000
2008/08/07,0,0,-1281000,-1281000
2008/08/08,0,33000,0,33000
2008/08/11,0,211000,0,211000
2008/08/12,0,287000,-1211000,-924000
2008/08/13,0,0,-2000000,-2000000
2008/08/14,0,505000,-1656000,-1151000
2008/08/15,0,100000,-674000,-574000
2008/08/18,0,1000,-1955000,-1954000
2008/08/19,0,0,-3442000,-3442000
2008/08/20,0,4000,-2021000,-2017000
2008/08/21,0,220000,-888000,-668000
2008/08/22,0,51000,-140000,-89000
2008/08/25,0,542000,-160000,382000
2008/08/26,0,287000,-17000,270000
2008/08/27,0,106000,-8422000,-8316000
2008/08/28,0,0,-2027000,-2027000
2008/08/29,0,18000,-500000,-482000
2008/09/01,0,297000,-890000,-593000
2008/09/02,0,4000,-47000,-43000
2008/09/03,0,1535000,0,1535000
2008/09/04,0,15000,0,15000
2008/09/05,0,6000,-197000,-191000
2008/09/08,0,308000,0,308000
2008/09/09,0,125000,0,125000
2008/09/10,0,107000,-1500000,-1393000
2008/09/11,0,100000,-754000,-654000
2008/09/12,0,388000,-2910000,-2522000
2008/09/15,0,0,0,0
2008/09/16,0,3006000,-3000,3003000
2008/09/17,0,16000,-1000,15000
2008/09/18,0,2003000,-330000,1673000
2008/09/19,0,228000,-21000,207000
2008/09/22,0,5000,-37000,-32000
2008/09/23,0,0,-219000,-219000
2008/09/24,0,0,-1000,-1000
2008/09/25,0,259000,-22000,237000
2008/09/26,0,1023000,0,1023000
2008/09/29,0,0,0,0
2008/09/30,0,0,-11000,-11000
2008/10/01,0,333000,-12000,321000
2008/10/02,0,2015000,-13000,2002000
2008/10/03,0,165000,-24000,141000
2008/10/06,0,10000,-19000,-9000
2008/10/07,0,1230000,-1948000,-718000
2008/10/08,0,0,-10000,-10000
2008/10/09,0,609000,-2090,606910
2008/10/10,0,0,0,0
2008/10/13,0,0,-1451200,-1451200
2008/10/14,0,50000,-74820,-24820
2008/10/15,0,4000,-23120,-19120
2008/10/16,0,4000,0,4000
2008/10/17,0,0,-1134920,-1134920
2008/10/20,0,0,-1020000,-1020000
2008/10/21,0,12000,-1574500,-1562500
2008/10/22,0,0,-309000,-309000
2008/10/23,0,12000,-1110000,-1098000
2008/10/24,0,100000,-540000,-440000
2008/10/27,0,607000,-705000,-98000
2008/10/28,0,7000,-55636,-48636
2008/10/29,0,0,-23840,-23840
2008/10/30,0,27000,-1300,25700
2008/10/31,0,337000,0,337000
2008/11/03,0,4739000,-28000,4711000
2008/11/04,0,319000,-4000,315000
2008/11/05,0,752000,-3000,749000
2008/11/06,0,3037000,-4000,3033000
2008/11/07,0,0,-35000,-35000
2008/11/10,0,609000,0,609000
2008/11/11,0,1540000,-200740,1339260
2008/11/12,0,420000,-23000,397000
2008/11/13,0,24000,-15000,9000
2008/11/14,0,5000,-2007000,-2002000
2008/11/17,0,1000,-2041000,-2040000
2008/11/18,0,5987000,-3260000,2727000
2008/11/19,0,450000,-150600,299400
2008/11/20,0,1848000,0,1848000
2008/11/21,0,83000,0,83000
2008/11/24,0,482000,-1000,481000
2008/11/25,0,3771000,0,3771000
2008/11/26,0,1213000,0,1213000
2008/11/27,0,219000,0,219000
2008/11/28,0,4499000,-15000,4484000
2008/12/01,0,2815000,-7327000,-4512000
2008/12/02,0,1439000,-400000,1039000
2008/12/03,0,1003000,-41000,962000
2008/12/04,0,2173000,-3440000,-1267000
2008/12/05,0,1409000,-403000,1006000
2008/12/08,0,1181000,-110000,1071000
2008/12/09,0,2740000,-1560000,1180000
2008/12/10,0,2741000,-500620,2240380
2008/12/11,0,2309000,-848000,1461000
2008/12/12,0,1100000,-175000,925000
2008/12/15,0,868000,-1000000,-132000
2008/12/16,0,745000,-2008000,-1263000
2008/12/17,0,984000,-116000,868000
2008/12/18,0,901000,-10000,891000
2008/12/19,0,150000,-324000,-174000
2008/12/22,0,927000,-671000,256000
2008/12/23,0,1814000,-500000,1314000
2008/12/24,0,875000,-1200000,-325000
2008/12/25,0,30000,-308000,-278000
2008/12/26,0,1086000,0,1086000
2008/12/29,0,0,-300000,-300000
2008/12/30,0,400000,-1225000,-825000
2008/12/31,0,1100000,-1768000,-668000
2009/01/01,0,0,0,0
2009/01/02,0,0,0,0
2009/01/05,0,0,-1000000,-1000000
2009/01/06,0,397000,0,397000
2009/01/07,0,578000,-688000,-110000
2009/01/08,0,130000,0,130000
2009/01/09,0,979000,-400000,579000
2009/01/12,0,352000,-665000,-313000
2009/01/13,0,48000,0,48000
2009/01/14,0,79000,-10000,69000
2009/01/15,0,200000,-1149000,-949000
2009/01/16,0,92000,-2302000,-2210000
2009/01/19,0,2000,-637000,-635000
2009/01/20,0,0,-600000,-600000
2009/01/21,0,66000,-1200000,-1134000
2009/01/22,0,0,0,0
2009/01/23,0,0,0,0
2009/01/26,0,0,0,0
2009/01/27,0,0,0,0
2009/01/28,0,0,0,0
2009/01/29,0,0,0,0
2009/01/30,0,0,0,0
2009/02/02,0,65000,0,65000
2009/02/03,0,122000,0,122000
2009/02/04,0,228000,-1008000,-780000
2009/02/05,0,305000,-800000,-495000
2009/02/06,0,312000,-459000,-147000
2009/02/09,0,400000,-375000,25000
2009/02/10,0,682000,-770000,-88000
2009/02/11,0,559000,-402000,157000
2009/02/12,0,267000,-44180,222820
2009/02/13,0,55000,-146000,-91000
2009/02/16,0,0,-400000,-400000
2009/02/17,0,0,-1200000,-1200000
2009/02/18,0,16000,-3285000,-3269000
2009/02/19,0,888000,-322000,566000
2009/02/20,0,1281000,0,1281000
2009/02/23,0,572000,-969000,-397000
2009/02/24,0,274000,-50000,224000
2009/02/25,0,0,0,0
2009/02/26,0,600000,-10000,590000
2009/02/27,0,1000,0,1000
2009/03/02,0,50000,-1761000,-1711000
2009/03/03,0,9000,-1250000,-1241000
2009/03/04,0,306000,-402000,-96000
2009/03/05,0,0,0,0
2009/03/06,0,9000,-160000,-151000
2009/03/09,0,9000,-56000,-47000
2009/03/10,0,214000,-4000,210000
2009/03/11,0,800000,-10000,790000
2009/03/12,0,0,-35000,-35000
2009/03/13,0,0,-7000,-7000
2009/03/16,0,1920000,-2503300,-583300
2009/03/17,0,2350000,-2000,2348000
2009/03/18,0,0,-220000,-220000
2009/03/19,0,689000,-373000,316000
2009/03/20,0,524000,0,524000
2009/03/23,0,400000,-1014000,-614000
2009/03/24,0,1400000,-1703000,-303000
2009/03/25,0,600000,-3062000,-2462000
2009/03/26,0,0,-1180000,-1180000
2009/03/27,0,0,-1895000,-1895000
2009/03/30,0,0,-599000,-599000
2009/03/31,0,2639000,-101000,2538000
2009/04/01,0,82000,-100000,-18000
2009/04/02,0,443000,-369000,74000
2009/04/03,0,82000,-1401000,-1319000
2009/04/06,0,169000,-221000,-52000
2009/04/07,0,420000,-3053000,-2633000
2009/04/08,0,405000,-2884000,-2479000
2009/04/09,0,0,-436000,-436000
2009/04/10,0,350000,-3010590,-2660590
2009/04/13,0,817000,-1000,816000
2009/04/14,0,784000,-2000,782000
2009/04/15,0,310000,-2000,308000
2009/04/16,0,800000,-6000,794000
2009/04/17,0,500000,-173000,327000
2009/04/20,0,0,-310000,-310000
2009/04/21,0,1000,0,1000
2009/04/22,0,0,-995000,-995000
2009/04/23,0,300000,-1000,299000
2009/04/24,0,0,-18000,-18000
2009/04/27,0,0,0,0
2009/04/28,0,1400000,-1491540,-91540
2009/04/29,0,0,-486000,-486000
2009/04/30,0,700000,0,700000
2009/05/01,0,0,0,0
2009/05/04,0,312000,0,312000
2009/05/05,0,150000,0,150000
2009/05/06,0,1066000,-247000,819000
2009/05/07,0,292000,-918000,-626000
2009/05/08,0,270000,-221000,49000
2009/05/11,0,3210000,-907000,2303000
2009/05/12,0,0,-1095000,-1095000
2009/05/13,0,164000,-5000,159000
2009/05/14,0,0,-61000,-61000
2009/05/15,0,473000,0,473000
2009/05/18,0,2600000,-291000,2309000
2009/05/19,0,400000,-155111,244889
2009/05/20,0,1000000,-1000,999000
2009/05/21,0,0,0,0
2009/05/22,0,0,-595000,-595000
2009/05/25,0,19000,-127710,-108710
2009/05/26,0,270000,-807000,-537000
2009/05/27,0,251000,-21000,230000
2009/05/28,0,0,0,0
2009/05/29,0,0,0,0
2009/06/01,0,253000,-5000,248000
2009/06/02,0,955000,-6000,949000
2009/06/03,0,31000,-1776000,-1745000
2009/06/04,0,90000,-2000,88000
2009/06/05,0,0,-466000,-466000
2009/06/08,0,10000,-2252000,-2242000
2009/06/09,0,4000,-2636000,-2632000
2009/06/10,0,3000,-46000,-43000
2009/06/11,0,15000,-630000,-615000
2009/06/12,0,0,-1502000,-1502000
2009/06/15,0,7000,0,7000
2009/06/16,0,2618000,-2000,2616000
2009/06/17,0,20000,0,20000
2009/06/18,0,14000,0,14000
2009/06/19,0,221000,0,221000
2009/06/22,0,0,-60000,-60000
2009/06/23,0,0,-1000,-1000
2009/06/24,0,64000,0,64000
2009/06/25,0,2000,0,2000
2009/06/26,0,222000,0,222000
2009/06/29,0,47000,-90000,-43000
2009/06/30,0,100000,0,100000
2009/07/01,0,61000,-600000,-539000
2009/07/02,0,75000,-1040000,-965000
2009/07/03,0,110000,-1020000,-910000
2009/07/06,0,1942000,-5000,1937000
2009/07/07,0,656000,-193000,463000
2009/07/08,0,0,-6000,-6000
2009/07/09,0,50000,-100000,-50000
2009/07/10,0,450000,-39000,411000
2009/07/13,0,0,-145000,-145000
2009/07/14,0,0,-228000,-228000
2009/07/15,0,10000,-109000,-99000
2009/07/16,0,0,-34000,-34000
2009/07/17,0,0,-2000,-2000
2009/07/20,0,66000,-1002000,-936000
2009/07/21,0,0,-234000,-234000
2009/07/22,0,270000,-623000,-353000
2009/07/23,0,0,-19000,-19000
2009/07/24,0,43000,-62000,-19000
2009/07/27,0,525000,-753000,-228000
2009/07/28,0,715000,-39000,676000
2009/07/29,0,15000,-730000,-715000
2009/07/30,0,0,-9000,-9000
2009/07/31,0,0,-54000,-54000
2009/08/03,0,0,-226000,-226000
2009/08/04,0,30000,-133000,-103000
2009/08/05,0,43000,0,43000
2009/08/06,0,100000,-636000,-536000
2009/08/07,0,0,0,0
2009/08/10,0,33000,-2000,31000
2009/08/11,0,6000,-400000,-394000
2009/08/12,0,0,-466000,-466000
2009/08/13,0,0,-116000,-116000
2009/08/14,0,0,-340000,-340000
2009/08/17,0,0,-578000,-578000
2009/08/18,0,7000,-199000,-192000
2009/08/19,0,5000,0,5000
2009/08/20,0,4000,-302000,-298000
2009/08/21,0,0,-193220,-193220
2009/08/24,0,6000,0,6000
2009/08/25,0,0,-1000,-1000
2009/08/26,0,2000,-300000,-298000
2009/08/27,0,15000,-2000,13000
2009/08/28,0,0,0,0
2009/08/31,0,15000,-45000,-30000
2009/09/01,0,0,0,0
2009/09/02,0,621000,0,621000
2009/09/03,0,1495000,-7000,1488000
2009/09/04,0,100000,-8000,92000
2009/09/07,0,0,-7000,-7000
2009/09/08,0,356000,-1517000,-1161000
2009/09/09,0,46000,-25000,21000
2009/09/10,0,210000,0,210000
2009/09/11,0,0,0,0
2009/09/14,0,0,-282000,-282000
2009/09/15,0,0,0,0
2009/09/16,0,29000,0,29000
2009/09/17,0,1590000,0,1590000
2009/09/18,0,1501000,-48000,1453000
2009/09/21,0,549000,-3000,546000
2009/09/22,0,0,0,0
2009/09/23,0,1014000,-123000,891000
2009/09/24,0,1172000,-85000,1087000
2009/09/25,0,1334000,-100000,1234000
2009/09/28,0,8000,0,8000
2009/09/29,0,76000,0,76000
2009/09/30,0,0,-72000,-72000
2009/10/01,0,4875000,-5488,4869512
2009/10/02,0,2523000,-1700,2521300
2009/10/05,0,0,-560,-560
2009/10/06,0,0,-1000,-1000
2009/10/07,0,2833000,-96000,2737000
2009/10/08,0,956000,-106000,850000
2009/10/09,0,2568000,-61000,2507000
2009/10/12,0,2267000,0,2267000
2009/10/13,0,47000,-230000,-183000
2009/10/14,0,400000,-4000,396000
2009/10/15,0,2950000,-50000,2900000
2009/10/16,0,50000,-1000,49000
2009/10/19,0,11000,0,11000
2009/10/20,0,33000,-200000,-167000
2009/10/21,0,22000,-1050000,-1028000
2009/10/22,0,0,0,0
2009/10/23,0,536000,-63000,473000
2009/10/26,0,2546000,0,2546000
2009/10/27,0,82000,-482000,-400000
2009/10/28,0,0,-2000,-2000
2009/10/29,0,3000,-1037000,-1034000
2009/10/30,0,613000,-325000,288000
2009/11/02,0,793000,0,793000
2009/11/03,0,835000,-1000,834000
2009/11/04,0,538000,-138000,400000
2009/11/05,0,3366000,0,3366000
2009/11/06,0,1965000,-63000,1902000
2009/11/09,0,316000,-63000,253000
2009/11/10,0,53000,-5480,47520
2009/11/11,0,45000,0,45000
2009/11/12,0,0,-2000,-2000
2009/11/13,0,531000,-14000,517000
2009/11/16,0,108000,-1000,107000
2009/11/17,0,0,-460400,-460400
2009/11/18,0,0,-11000,-11000
2009/11/19,0,0,-1279000,-1279000
2009/11/20,0,0,-2459000,-2459000
2009/11/23,0,0,-421000,-421000
2009/11/24,0,0,-87000,-87000
2009/11/25,0,0,-1068000,-1068000
2009/11/26,0,0,-110000,-110000
2009/11/27,0,0,-2327000,-2327000
2009/11/30,0,0,-306000,-306000
2009/12/01,0,506000,-405000,101000
2009/12/02,0,0,-195000,-195000
2009/12/03,0,0,-408000,-408000
2009/12/04,0,0,-2189776,-2189776
2009/12/07,0,0,-917000,-917000
2009/12/08,0,0,0,0
2009/12/09,0,679000,0,679000
2009/12/10,0,0,-13640,-13640
2009/12/11,0,5000,-3518000,-3513000
2009/12/14,0,576000,-10000,566000
2009/12/15,0,650000,0,650000
2009/12/16,0,440000,-13000,427000
2009/12/17,0,0,0,0
2009/12/18,0,50000,-262000,-212000
2009/12/21,0,0,0,0
2009/12/22,0,1310000,-8000,1302000
2009/12/23,0,0,0,0
2009/12/24,0,0,-190000,-190000
2009/12/25,0,450000,-9000,441000
2009/12/28,0,0,-758000,-758000
2009/12/29,0,100000,-1744000,-1644000
2009/12/30,0,100000,-2790000,-2690000
2009/12/31,0,0,-2067400,-2067400
2010/01/01,0,0,0,0
2010/01/04,0,2000,-2093000,-2091000
2010/01/05,0,187000,-2551000,-2364000
2010/01/06,0,678000,-68000,610000
2010/01/07,0,160000,-1000,159000
2010/01/08,0,926000,-2000,924000
2010/01/11,0,2276000,-9000,2267000
2010/01/12,0,0,-629000,-629000
2010/01/13,0,50000,0,50000
2010/01/14,0,0,-72000,-72000
2010/01/15,0,0,-138000,-138000
2010/01/18,0,1000,-255000,-254000
2010/01/19,0,3000,0,3000
2010/01/20,0,0,-156400,-156400
2010/01/21,0,10000,-4258000,-4248000
2010/01/22,0,0,-242000,-242000
2010/01/25,0,0,-3000,-3000
2010/01/26,0,0,-1000,-1000
2010/01/27,0,157000,-54000,103000
2010/01/28,0,1000,-429003,-428003
2010/01/29,0,3000,-484000,-481000
2010/02/01,0,2000,-137000,-135000
2010/02/02,0,0,-764680,-764680
2010/02/03,0,21000,-279120,-258120
2010/02/04,0,2000,-9394100,-9392100
2010/02/05,0,1000,-140000,-139000
2010/02/08,0,10000,-1000,9000
2010/02/09,0,424000,0,424000
2010/02/10,0,430000,-950000,-520000
2010/02/11,0,0,0,0
2010/02/12,0,0,0,0
2010/02/15,0,0,0,0
2010/02/16,0,0,0,0
2010/02/17,0,0,0,0
2010/02/18,0,0,0,0
2010/02/19,0,0,0,0
2010/02/22,0,585000,0,585000
2010/02/23,0,354000,0,354000
2010/02/24,0,4000,-336000,-332000
2010/02/25,0,617000,0,617000
2010/02/26,0,2000,-1004000,-1002000
2010/03/01,0,1000,0,1000
2010/03/02,0,0,-385000,-385000
2010/03/03,0,1200000,-1090000,110000
2010/03/04,0,70000,-1000,69000
2010/03/05,0,351000,-50000,301000
2010/03/08,0,1879000,0,1879000
2010/03/09,0,2298000,-50000,2248000
2010/03/10,0,200000,-2000,198000
2010/03/11,0,1000,0,1000
2010/03/12,0,0,-4000,-4000
2010/03/15,0,0,-1022000,-1022000
2010/03/16,0,0,-1000,-1000
2010/03/17,0,2000,-149000,-147000
2010/03/18,0,0,-927760,-927760
2010/03/19,0,0,-1000,-1000
2010/03/22,0,0,-2000,-2000
2010/03/23,0,4000,-1000,3000
2010/03/24,0,0,-2000,-2000
2010/03/25,0,0,-230860,-230860
2010/03/26,0,0,-701000,-701000
2010/03/29,0,2000,-1101000,-1099000
2010/03/30,0,1000,-879180,-878180
2010/03/31,0,0,-251000,-251000
2010/04/01,0,0,0,0
2010/04/02,0,0,-2000,-2000
2010/04/05,0,0,0,0
2010/04/06,0,0,-1943000,-1943000
2010/04/07,0,0,-501000,-501000
2010/04/08,0,200000,-3000,197000
2010/04/09,0,0,-1000,-1000
2010/04/12,0,0,0,0
2010/04/13,0,0,-3000,-3000
2010/04/14,0,3000,0,3000
2010/04/15,0,106000,-2000,104000
2010/04/16,0,1000,-2000,-1000
2010/04/19,0,0,-617,-617
2010/04/20,0,1000,-6000,-5000
2010/04/21,0,0,0,0
2010/04/22,0,0,0,0
2010/04/23,0,0,-998000,-998000
2010/04/26,0,0,-1400000,-1400000
2010/04/27,0,1000,-1000,0
2010/04/28,0,1000,-1000,0
2010/04/29,0,0,-1266000,-1266000
2010/04/30,0,0,-12000,-12000
2010/05/03,0,0,-400000,-400000
2010/05/04,0,0,-903580,-903580
2010/05/05,0,0,-9000,-9000
2010/05/06,0,0,-2000,-2000
2010/05/07,0,3000,-1000,2000
2010/05/10,0,2000,0,2000
2010/05/11,0,2000,-1000,1000
2010/05/12,0,0,0,0
2010/05/13,0,1000,0,1000
2010/05/14,0,7000,0,7000
2010/05/17,0,0,-1000,-1000
2010/05/18,0,0,-500000,-500000
2010/05/19,0,0,-20000,-20000
2010/05/20,0,2000,-12000,-10000
2010/05/21,0,0,0,0
2010/05/24,0,107000,-5000,102000
2010/05/25,0,0,0,0
2010/05/26,0,3000,-3000,0
2010/05/27,0,11000,0,11000
2010/05/28,0,0,-4000,-4000
2010/05/31,0,0,0,0
2010/06/01,0,0,0,0
2010/06/02,0,0,0,0
2010/06/03,0,0,-7000,-7000
2010/06/04,0,0,0,0
2010/06/07,0,0,-420000,-420000
2010/06/08,0,3000,-1000,2000
2010/06/09,0,1000,0,1000
2010/06/10,0,2000,-1000,1000
2010/06/11,0,135000,-28,134972
2010/06/14,0,1000,0,1000
2010/06/15,0,0,-8000,-8000
2010/06/16,0,0,0,0
2010/06/17,0,0,-35480,-35480
2010/06/18,0,0,-40000,-40000
2010/06/21,0,0,0,0
2010/06/22,0,0,-3000,-3000
2010/06/23,0,0,0,0
2010/06/24,0,74000,-3000,71000
2010/06/25,0,210000,-10000,200000
2010/06/28,0,172000,0,172000
2010/06/29,0,3000,0,3000
2010/06/30,0,0,-90620,-90620
2010/07/01,0,0,0,0
2010/07/02,0,5000,-540000,-535000
2010/07/05,0,0,-376000,-376000
2010/07/06,0,14000,0,14000
2010/07/07,0,0,0,0
2010/07/08,0,0,0,0
2010/07/09,0,3932000,0,3932000
2010/07/12,0,4000,0,4000
2010/07/13,0,0,-29000,-29000
2010/07/14,0,1000,-106000,-105000
2010/07/15,0,0,-32000,-32000
2010/07/16,0,2118000,-1667000,451000
2010/07/19,0,0,-1536000,-1536000
2010/07/20,0,170000,0,170000
2010/07/21,0,250000,-2000,248000
2010/07/22,0,240000,0,240000
2010/07/23,0,31000,0,31000
2010/07/26,0,1000,0,1000
2010/07/27,0,30000,0,30000
2010/07/28,0,3000,-202000,-199000
2010/07/29,0,0,0,0
2010/07/30,0,1409000,-37000,1372000
2010/08/02,0,1017000,-34000,983000
2010/08/03,0,1319000,-4000,1315000
2010/08/04,0,360000,-14000,346000
2010/08/05,0,250000,-4000,246000
2010/08/06,0,384000,-2000,382000
2010/08/09,0,83000,-1000,82000
2010/08/10,0,51000,-75000,-24000
2010/08/11,0,55000,-97000,-42000
2010/08/12,0,0,-1096000,-1096000
2010/08/13,0,0,-1237000,-1237000
2010/08/16,0,150000,-1679000,-1529000
2010/08/17,0,1000,-1953168,-1952168
2010/08/18,0,918000,-5000,913000
2010/08/19,0,0,-543000,-543000
2010/08/20,0,524000,0,524000
2010/08/23,0,180000,0,180000
2010/08/24,0,100000,-1000,99000
2010/08/25,0,70000,-1000,69000
2010/08/26,0,85000,-923000,-838000
2010/08/27,0,1000,-150000,-149000
2010/08/30,0,3000,0,3000
2010/08/31,0,0,-36000,-36000
2010/09/01,0,160000,0,160000
2010/09/02,0,1000,-424000,-423000
2010/09/03,0,366000,-72000,294000
2010/09/06,0,673000,0,673000
2010/09/07,0,8000,0,8000
2010/09/08,0,394000,0,394000
2010/09/09,0,0,0,0
2010/09/10,0,1531000,0,1531000
2010/09/13,0,2761000,0,2761000
2010/09/14,0,972000,-3000,969000
2010/09/15,0,514000,-200000,314000
2010/09/16,0,2525000,-4000,2521000
2010/09/17,0,3548000,-6000,3542000
2010/09/20,0,0,-1000,-1000
2010/09/21,0,250000,-101000,149000
2010/09/22,0,0,0,0
2010/09/23,0,358000,-9000,349000
2010/09/24,0,60000,-2000,58000
2010/09/27,0,364000,-104000,260000
2010/09/28,0,25000,0,25000
2010/09/29,0,590000,0,590000
2010/09/30,0,2449000,-4000,2445000
2010/10/01,0,3770000,0,3770000
2010/10/04,0,578000,-139600,438400
2010/10/05,0,28000,-371000,-343000
2010/10/06,0,935000,-517000,418000
2010/10/07,0,300000,0,300000
2010/10/08,0,50000,-3000,47000
2010/10/11,0,400000,-20380,379620
2010/10/12,0,1619000,-9000,1610000
2010/10/13,0,402000,0,402000
2010/10/14,0,2052000,-200000,1852000
2010/10/15,0,1643000,-94000,1549000
2010/10/18,0,2101000,-2080,2098920
2010/10/19,0,989000,-28400,960600
2010/10/20,0,81000,0,81000
2010/10/21,0,2561000,0,2561000
2010/10/22,0,2950000,-19000,2931000
2010/10/25,0,3510000,-10080,3499920
2010/10/26,0,2971000,0,2971000
2010/10/27,0,521000,-270000,251000
2010/10/28,0,825000,-449000,376000
2010/10/29,0,943000,-803000,140000
2010/11/01,0,1721000,-622000,1099000
2010/11/02,0,2585000,0,2585000
2010/11/03,0,5162000,-102000,5060000
2010/11/04,0,5385000,0,5385000
2010/11/05,0,8198000,0,8198000
2010/11/08,0,5087000,-383000,4704000
2010/11/09,0,114000,-60000,54000
2010/11/10,0,260000,-113000,147000
2010/11/11,0,4000,-250000,-246000
2010/11/12,0,0,-238000,-238000
2010/11/15,0,0,-4439000,-4439000
2010/11/16,0,1002000,-1507000,-505000
2010/11/17,0,439000,-1519000,-1080000
2010/11/18,0,0,0,0
2010/11/19,0,0,-203000,-203000
2010/11/22,0,0,0,0
2010/11/23,0,0,-296000,-296000
2010/11/24,0,0,-1210000,-1210000
2010/11/25,0,0,-3397000,-3397000
2010/11/26,0,3000,-4478000,-4475000
2010/11/29,0,0,-508000,-508000
2010/11/30,0,161000,-398000,-237000
2010/12/01,0,2326000,-7000,2319000
2010/12/02,0,578000,-8000,570000
2010/12/03,0,1426000,-418000,1008000
2010/12/06,0,2649000,-164000,2485000
2010/12/07,0,653000,-353000,300000
2010/12/08,0,200000,-5000,195000
2010/12/09,0,466000,-776000,-310000
2010/12/10,0,200000,-750000,-550000
2010/12/13,0,0,-336000,-336000
2010/12/14,0,925000,-50000,875000
2010/12/15,0,502000,-53000,449000
2010/12/16,0,368000,-5000,363000
2010/12/17,0,109000,-105000,4000
2010/12/20,0,0,-4000,-4000
2010/12/21,0,571000,0,571000
2010/12/22,0,2573000,-400000,2173000
2010/12/23,0,0,-404000,-404000
2010/12/24,0,88000,-680000,-592000
2010/12/27,0,0,-2000,-2000
2010/12/28,0,123000,0,123000
2010/12/29,0,15000,-420000,-405000
2010/12/30,0,500000,0,500000
2010/12/31,0,450000,-373000,77000
2011/01/03,0,2158000,0,2158000
2011/01/04,0,1702000,0,1702000
2011/01/05,0,650000,-768000,-118000
2011/01/06,0,523000,-588000,-65000
2011/01/07,0,233000,-261000,-28000
2011/01/10,0,0,-104000,-104000
2011/01/11,0,305000,-460000,-155000
2011/01/12,0,60000,-1679000,-1619000
2011/01/13,0,0,-2448000,-2448000
2011/01/14,0,0,-799600,-799600
2011/01/17,0,560000,-1628000,-1068000
2011/01/18,0,500000,-1140,498860
2011/01/19,0,442000,-370000,72000
2011/01/20,0,0,-2000,-2000
2011/01/21,0,0,-2600000,-2600000
2011/01/24,0,270000,-1309000,-1039000
2011/01/25,0,92000,-41000,51000
2011/01/26,0,200000,-239000,-39000
2011/01/27,0,696000,-2000,694000
2011/01/28,0,0,-6000,-6000
2011/01/31,0,0,0,0
2011/02/01,0,0,0,0
2011/02/02,0,0,0,0
2011/02/03,0,0,0,0
2011/02/04,0,0,0,0
2011/02/07,0,0,0,0
2011/02/08,0,3523000,0,3523000
2011/02/09,0,1415000,-160000,1255000
2011/02/10,0,0,-2000,-2000
2011/02/11,0,9000,-358000,-349000
2011/02/14,0,3000,-400000,-397000
2011/02/15,0,5000,-1481000,-1476000
2011/02/16,0,7000,-1978000,-1971000
2011/02/17,0,0,-1309000,-1309000
2011/02/18,0,200000,-689000,-489000
2011/02/21,0,0,-1003000,-1003000
2011/02/22,0,0,-791000,-791000
2011/02/23,0,59000,-300000,-241000
2011/02/24,0,4000,0,4000
2011/02/25,0,2000,-889000,-887000
2011/02/28,0,0,0,0
2011/03/01,0,0,-1000036,-1000036
2011/03/02,0,3000,0,3000
2011/03/03,0,869000,-777000,92000
2011/03/04,0,0,-4945000,-4945000
2011/03/07,0,0,-4406800,-4406800
2011/03/08,0,0,-1650000,-1650000
2011/03/09,0,1693000,0,1693000
2011/03/10,0,388000,0,388000
2011/03/11,0,1085000,-271000,814000
2011/03/14,0,5000,-138000,-133000
2011/03/15,0,77000,-1212000,-1135000
2011/03/16,0,160000,0,160000
2011/03/17,0,98000,0,98000
2011/03/18,0,1000,-7000,-6000
2011/03/21,0,706000,-1257000,-551000
2011/03/22,0,1578000,0,1578000
2011/03/23,0,650000,0,650000
2011/03/24,0,126000,0,126000
2011/03/25,0,277000,0,277000
2011/03/28,0,0,0,0
2011/03/29,0,0,-160000,-160000
2011/03/30,0,0,-56000,-56000
2011/03/31,0,0,-163000,-163000
2011/04/01,0,0,-1185000,-1185000
2011/04/04,0,0,0,0
2011/04/05,0,0,0,0
2011/04/06,0,0,-166000,-166000
2011/04/07,0,0,-52000,-52000
2011/04/08,0,0,0,0
2011/04/11,0,1000,-729000,-728000
2011/04/12,0,0,-203000,-203000
2011/04/13,0,0,0,0
2011/04/14,0,2000,0,2000
2011/04/15,0,0,-1271000,-1271000
2011/04/18,0,0,-1747000,-1747000
2011/04/19,0,4000,-2686000,-2682000
2011/04/20,0,0,-1593835,-1593835
2011/04/21,0,0,-582000,-582000
2011/04/22,0,37000,-1400000,-1363000
2011/04/25,0,0,-986000,-986000
2011/04/26,0,98000,-767000,-669000
2011/04/27,0,374000,-1314543,-940543
2011/04/28,0,115000,-2628000,-2513000
2011/04/29,0,0,-4471840,-4471840
2011/05/02,0,0,0,0
2011/05/03,0,40000,-1169800,-1129800
2011/05/04,0,40000,-800000,-760000
2011/05/05,0,122000,-1454000,-1332000
2011/05/06,0,32000,0,32000
2011/05/09,0,0,-600000,-600000
2011/05/10,0,0,-420000,-420000
2011/05/11,0,0,-2606000,-2606000
2011/05/12,0,20000,-1501000,-1481000
2011/05/13,0,0,-253000,-253000
2011/05/16,0,7000,-1380000,-1373000
2011/05/17,0,0,-576000,-576000
2011/05/18,0,0,-618000,-618000
2011/05/19,0,64000,0,64000
2011/05/20,0,842000,-1000,841000
2011/05/23,0,70000,-1001000,-931000
2011/05/24,0,0,-1000000,-1000000
2011/05/25,0,0,-1009000,-1009000
2011/05/26,0,2000,-100000,-98000
2011/05/27,0,0,0,0
2011/05/30,0,1000,0,1000
2011/05/31,0,0,-1000,-1000
2011/06/01,0,0,-115000,-115000
2011/06/02,0,0,0,0
2011/06/03,0,0,0,0
2011/06/06,0,0,0,0
2011/06/07,0,0,-951000,-951000
2011/06/08,0,2000,0,2000
2011/06/09,0,400000,0,400000
2011/06/10,0,0,0,0
2011/06/13,0,130000,0,130000
2011/06/14,0,93000,0,93000
2011/06/15,0,68000,0,68000
2011/06/16,0,0,0,0
2011/06/17,0,11000,-345000,-334000
2011/06/20,0,6000,-371000,-365000
2011/06/21,0,33000,-1000,32000
2011/06/22,0,205000,0,205000
2011/06/23,0,3000,-196000,-193000
2011/06/24,0,104000,0,104000
2011/06/27,0,2000,0,2000
2011/06/28,0,42000,0,42000
2011/06/29,0,93000,0,93000
2011/06/30,0,100000,0,100000
2011/07/01,0,71000,0,71000
2011/07/04,0,0,-5017000,-5017000
2011/07/05,0,0,-497000,-497000
2011/07/06,0,2000000,-382000,1618000
2011/07/07,0,1060000,0,1060000
2011/07/08,0,3250000,-1502000,1748000
2011/07/11,0,1050000,0,1050000
2011/07/12,0,1003000,-115000,888000
2011/07/13,0,77000,-50000,27000
2011/07/14,0,410000,0,410000
2011/07/15,0,296000,-3000,293000
2011/07/18,0,43000,0,43000
2011/07/19,0,105000,-8000,97000
2011/07/20,0,5000,-17000,-12000
2011/07/21,0,123000,0,123000
2011/07/22,0,3031000,-127000,2904000
2011/07/25,0,4300000,-16000,4284000
2011/07/26,0,0,0,0
2011/07/27,0,675000,-7000,668000
2011/07/28,0,3812000,-7000,3805000
2011/07/29,0,6252000,0,6252000
2011/08/01,0,362000,0,362000
2011/08/02,0,39000,-4000,35000
2011/08/03,0,507000,-6000,501000
2011/08/04,0,791000,0,791000
2011/08/05,0,405000,0,405000
2011/08/08,0,1580000,-34000,1546000
2011/08/09,0,358000,-400000,-42000
2011/08/10,0,2315000,-1000,2314000
2011/08/11,0,185000,0,185000
2011/08/12,0,36000,-15000,21000
2011/08/15,0,213000,0,213000
2011/08/16,0,727000,-3000,724000
2011/08/17,0,71000,-1321000,-1250000
2011/08/18,0,161000,-670000,-509000
2011/08/19,0,56000,-448000,-392000
2011/08/22,0,206000,-2000,204000
2011/08/23,0,6000,0,6000
2011/08/24,0,500000,-467000,33000
2011/08/25,0,1500000,-1613000,-113000
2011/08/26,0,256000,-1942000,-1686000
2011/08/29,0,60000,0,60000
2011/08/30,0,90000,0,90000
2011/08/31,0,30000,-6000,24000
2011/09/01,0,0,-399000,-399000
2011/09/02,0,149000,-8000,141000
2011/09/05,0,0,-752000,-752000
2011/09/06,0,0,-348000,-348000
2011/09/07,0,14000,-600000,-586000
2011/09/08,0,60000,0,60000
2011/09/09,0,196000,0,196000
2011/09/12,0,0,0,0
2011/09/13,0,29000,-5527,23473
2011/09/14,0,233000,-903000,-670000
2011/09/15,0,223000,-11000,212000
2011/09/16,0,31000,-559000,-528000
2011/09/19,0,5000,0,5000
2011/09/20,0,364000,-1689000,-1325000
2011/09/21,0,0,-1076146,-1076146
2011/09/22,0,0,-155000,-155000
2011/09/23,0,6000,-2504000,-2498000
2011/09/26,0,24000,-242000,-218000
2011/09/27,0,9000,-6342000,-6333000
2011/09/28,0,0,-4000,-4000
2011/09/29,0,24000,-1067000,-1043000
2011/09/30,0,157000,-855000,-698000
2011/10/03,0,0,-288460,-288460
2011/10/04,0,60000,-2917370,-2857370
2011/10/05,0,25000,-229730,-204730
2011/10/06,0,771000,-3272000,-2501000
2011/10/07,0,313000,-4149000,-3836000
2011/10/10,0,0,0,0
2011/10/11,0,70000,-88500,-18500
2011/10/12,0,0,-1360000,-1360000
2011/10/13,0,302000,0,302000
2011/10/14,0,4000,-200000,-196000
2011/10/17,0,20000,-5347,14653
2011/10/18,0,33000,-238785,-205785
2011/10/19,0,0,-400000,-400000
2011/10/20,0,0,0,0
2011/10/21,0,0,0,0
2011/10/24,0,0,0,0
2011/10/25,0,966000,0,966000
2011/10/26,0,1321000,-60000,1261000
2011/10/27,0,1412000,-30000,1382000
2011/10/28,0,626000,-430000,196000
2011/10/31,0,350000,-8000,342000
2011/11/01,0,828000,-702500,125500
2011/11/02,0,342000,-3060,338940
2011/11/03,0,442000,-278000,164000
2011/11/04,0,513000,-247000,266000
2011/11/07,0,1300000,-350653,949347
2011/11/08,0,1182000,0,1182000
2011/11/09,0,1052000,0,1052000
2011/11/10,0,448000,-1037000,-589000
2011/11/11,0,798000,-2000,796000
2011/11/14,0,677249,0,677249
2011/11/15,0,0,-2000,-2000
2011/11/16,0,341000,0,341000
2011/11/17,0,0,-108000,-108000
2011/11/18,0,36000,0,36000
2011/11/21,0,9000,-50000,-41000
2011/11/22,0,383000,-11000,372000
2011/11/23,0,16000,-982000,-966000
2011/11/24,0,152000,0,152000
2011/11/25,0,399000,0,399000
2011/11/28,0,415000,0,415000
2011/11/29,0,475000,-30000,445000
2011/11/30,0,4000,-427000,-423000
2011/12/01,0,3524000,-151000,3373000
2011/12/02,0,1375000,-145000,1230000
2011/12/05,0,766000,-6000,760000
2011/12/06,0,150000,-77000,73000
2011/12/07,0,189000,0,189000
2011/12/08,0,4000,-127000,-123000
2011/12/09,0,1343000,-4223,1338777
2011/12/12,0,2858000,0,2858000
2011/12/13,0,187000,0,187000
2011/12/14,0,383000,-33000,350000
2011/12/15,0,186000,-981000,-795000
2011/12/16,0,0,-863000,-863000
2011/12/19,0,32000,-421000,-389000
2011/12/20,0,42000,-19000,23000
2011/12/21,0,336000,0,336000
2011/12/22,0,1003000,0,1003000
2011/12/23,0,310000,-5000,305000
2011/12/26,0,503000,-69000,434000
2011/12/27,0,35000,-1379000,-1344000
2011/12/28,0,0,-1205000,-1205000
2011/12/29,0,0,-300000,-300000
2011/12/30,0,0,-8000,-8000
2012/01/02,0,11000,-371000,-360000
2012/01/03,0,25000,-717000,-692000
2012/01/04,0,0,0,0
2012/01/05,0,650000,-30730,619270
2012/01/06,0,1114000,-2684000,-1570000
2012/01/09,0,500000,-1232000,-732000
2012/01/10,0,0,-606000,-606000
2012/01/11,0,0,-6000,-6000
2012/01/12,0,0,-13000,-13000
2012/01/13,0,0,-522000,-522000
2012/01/16,0,560000,-2321000,-1761000
2012/01/17,0,53000,-370000,-317000
2012/01/18,0,57000,-2296000,-2239000
2012/01/19,0,0,0,0
2012/01/20,0,0,0,0
2012/01/23,0,0,0,0
2012/01/24,0,0,0,0
2012/01/25,0,0,0,0
2012/01/26,0,0,0,0
2012/01/27,0,0,0,0
2012/01/30,0,0,-899000,-899000
2012/01/31,0,51000,-994000,-943000
2012/02/01,0,512000,-1122100,-610100
2012/02/02,0,81000,-609000,-528000
2012/02/03,0,30000,-9000,21000
2012/02/06,0,779000,-16000,763000
2012/02/07,0,0,0,0
2012/02/08,0,0,-386000,-386000
2012/02/09,0,1810000,-47339,1762661
2012/02/10,0,686000,-600000,86000
2012/02/13,0,20000,-120000,-100000
2012/02/14,0,0,-28000,-28000
2012/02/15,0,1235000,-496000,739000
2012/02/16,0,301000,-5000,296000
2012/02/17,0,32000,-200000,-168000
2012/02/20,0,0,-55000,-55000
2012/02/21,0,0,0,0
2012/02/22,0,0,0,0
2012/02/23,0,0,-279000,-279000
2012/02/24,0,0,-20000,-20000
2012/02/27,0,0,0,0
2012/02/28,0,0,0,0
2012/02/29,0,593000,-86000,507000
2012/03/01,0,107000,-1209000,-1102000
2012/03/02,0,0,-452000,-452000
2012/03/05,0,0,-1002000,-1002000
2012/03/06,0,50000,-553000,-503000
2012/03/07,0,0,-351000,-351000
2012/03/08,0,383699,-167000,216699
2012/03/09,0,0,-361480,-361480
2012/03/12,0,360000,-4000,356000
2012/03/13,0,340000,-13000,327000
2012/03/14,0,378000,0,378000
2012/03/15,0,244000,-2339000,-2095000
2012/03/16,0,0,-299000,-299000
2012/03/19,0,0,-299000,-299000
2012/03/20,0,0,-23000,-23000
2012/03/21,0,0,-957000,-957000
2012/03/22,0,307000,0,307000
2012/03/23,0,0,-126000,-126000
2012/03/26,0,0,-73000,-73000
2012/03/27,0,0,-80000,-80000
2012/03/28,0,0,0,0
2012/03/29,0,0,-196000,-196000
2012/03/30,0,33000,-323000,-290000
2012/04/02,0,144000,-1000,143000
2012/04/03,0,0,0,0
2012/04/04,0,0,0,0
2012/04/05,0,148000,-6854,141146
2012/04/06,0,10000,-60000,-50000
2012/04/09,0,320000,-60000,260000
2012/04/10,0,0,0,0
2012/04/11,0,0,-207308,-207308
2012/04/12,0,0,-142000,-142000
2012/04/13,0,11000,0,11000
2012/04/16,0,54000,-53000,1000
2012/04/17,0,0,-58000,-58000
2012/04/18,0,0,0,0
2012/04/19,0,0,-36000,-36000
2012/04/20,0,10000,0,10000
2012/04/23,0,2000,-32000,-30000
2012/04/24,0,12000,-860000,-848000
2012/04/25,0,0,0,0
2012/04/26,0,0,0,0
2012/04/27,0,125000,0,125000
2012/04/30,0,0,0,0
2012/05/01,0,0,0,0
2012/05/02,0,39000,0,39000
2012/05/03,0,0,-5016,-5016
2012/05/04,0,10000,-11000,-1000
2012/05/07,0,0,0,0
2012/05/08,0,0,0,0
2012/05/09,0,83000,0,83000
2012/05/10,0,0,0,0
2012/05/11,0,13000,0,13000
2012/05/14,0,0,0,0
2012/05/15,0,29000,0,29000
2012/05/16,0,239000,0,239000
2012/05/17,0,161000,-1000000,-839000
2012/05/18,0,13000,-179000,-166000
2012/05/21,0,0,-400000,-400000
2012/05/22,0,0,0,0
2012/05/23,0,16000,-64000,-48000
2012/05/24,0,0,0,0
2012/05/25,0,0,0,0
2012/05/28,0,0,0,0
2012/05/29,0,7000,0,7000
2012/05/30,0,0,-2051,-2051
2012/05/31,0,0,-8000,-8000
2012/06/01,0,17000,-1000,16000
2012/06/04,0,19000,0,19000
2012/06/05,0,39000,0,39000
2012/06/06,0,0,-87000,-87000
2012/06/07,0,0,0,0
2012/06/08,0,99000,0,99000
2012/06/11,0,36000,-205000,-169000
2012/06/12,0,293000,0,293000
2012/06/13,0,77000,0,77000
2012/06/14,0,73000,0,73000
2012/06/15,0,0,-189000,-189000
2012/06/18,0,360000,-1000,359000
2012/06/19,0,0,-11000,-11000
2012/06/20,0,9000,0,9000
2012/06/21,0,2177000,0,2177000
2012/06/22,0,0,0,0
2012/06/25,0,0,0,0
2012/06/26,0,6676,-79000,-72324
2012/06/27,0,0,0,0
2012/06/28,0,0,-20000,-20000
2012/06/29,0,0,0,0
2012/07/02,0,368000,-10000,358000
2012/07/03,0,832000,0,832000
2012/07/04,0,200000,0,200000
2012/07/05,0,5000,-3000,2000
2012/07/06,0,0,-13000,-13000
2012/07/09,0,0,0,0
2012/07/10,0,1000,0,1000
2012/07/11,0,1000,-35000,-34000
2012/07/12,0,10000,0,10000
2012/07/13,0,0,0,0
2012/07/16,0,1232000,-1000,1231000
2012/07/17,0,1215000,-37000,1178000
2012/07/18,0,410000,0,410000
2012/07/19,0,335000,0,335000
2012/07/20,0,0,0,0
2012/07/23,0,7000,-20000,-13000
2012/07/24,0,1000,-234000,-233000
2012/07/25,0,73000,-350000,-277000
2012/07/26,0,18000,-57000,-39000
2012/07/27,0,140000,0,140000
2012/07/30,0,1050000,0,1050000
2012/07/31,0,107000,0,107000
2012/08/01,0,13000,0,13000
2012/08/02,0,0,0,0
2012/08/03,0,424000,-349000,75000
2012/08/06,0,1704000,-7000,1697000
2012/08/07,0,3061000,-126000,2935000
2012/08/08,0,1067000,-23000,1044000
2012/08/09,0,228000,-16000,212000
2012/08/10,0,66500,-8000,58500
2012/08/13,0,0,-8000,-8000
2012/08/14,0,0,-5000,-5000
2012/08/15,0,25000,-58000,-33000
2012/08/16,0,1275000,-8000,1267000
2012/08/17,0,13500,-147619,-134119
2012/08/20,0,90000,-16000,74000
2012/08/21,0,100000,-909000,-809000
2012/08/22,0,820000,-117000,703000
2012/08/23,0,7500,-295000,-287500
2012/08/24,0,0,0,0
2012/08/27,0,2000,-371000,-369000
2012/08/28,0,1000,-1000,0
2012/08/29,0,0,-105000,-105000
2012/08/30,0,700000,-1000,699000
2012/08/31,0,13500,-583000,-569500
2012/09/03,0,0,-1137000,-1137000
2012/09/04,0,0,-432000,-432000
2012/09/05,0,2000,-2000,0
2012/09/06,0,3000,0,3000
2012/09/07,0,404000,-3000,401000
2012/09/10,0,1433000,0,1433000
2012/09/11,0,500000,0,500000
2012/09/12,0,1036000,0,1036000
2012/09/13,0,2897000,0,2897000
2012/09/14,0,7315000,0,7315000
2012/09/17,0,1839000,0,1839000
2012/09/18,0,4104000,-134000,3970000
2012/09/19,0,100000,-63000,37000
2012/09/20,0,0,-17000,-17000
2012/09/21,0,200000,-33000,167000
2012/09/24,0,1302000,-1265000,37000
2012/09/25,0,625000,0,625000
2012/09/26,0,650000,-166000,484000
2012/09/27,0,151000,0,151000
2012/09/28,0,3000,-692000,-689000
2012/10/01,0,102000,-822950,-720950
2012/10/02,0,454000,-872000,-418000
2012/10/03,0,590000,-112110,477890
2012/10/04,0,0,-500000,-500000
2012/10/05,0,300000,0,300000
2012/10/08,0,0,0,0
2012/10/09,0,0,-500040,-500040
2012/10/10,0,0,0,0
2012/10/11,0,777000,-1201000,-424000
2012/10/12,0,301000,-984000,-683000
2012/10/15,0,547000,-85500,461500
2012/10/16,0,0,-22320,-22320
2012/10/17,0,41000,-94500,-53500
2012/10/18,0,10000,0,10000
2012/10/19,0,100000,-500000,-400000
2012/10/22,0,0,-1698000,-1698000
2012/10/23,0,12000,-767000,-755000
2012/10/24,0,0,-1223000,-1223000
2012/10/25,0,0,-2333000,-2333000
2012/10/26,0,0,-1134500,-1134500
2012/10/29,0,170000,-682476,-512476
2012/10/30,0,300000,-1008210,-708210
2012/10/31,0,680000,-499000,181000
2012/11/01,0,136000,-1238000,-1102000
2012/11/02,0,475000,-308000,167000
2012/11/05,0,74000,-5000,69000
2012/11/06,0,0,0,0
2012/11/07,0,450000,0,450000
2012/11/08,0,1000,0,1000
2012/11/09,0,20000,-500,19500
2012/11/12,0,0,0,0
2012/11/13,0,72000,0,72000
2012/11/14,0,0,-770000,-770000
2012/11/15,0,0,-8000,-8000
2012/11/16,0,522000,0,522000
2012/11/19,0,327000,-88000,239000
2012/11/20,0,1481000,-40000,1441000
2012/11/21,0,328000,0,328000
2012/11/22,0,128000,0,128000
2012/11/23,0,771000,0,771000
2012/11/26,0,943000,-60700,882300
2012/11/27,0,530000,-110000,420000
2012/11/28,0,618000,-4762000,-4144000
2012/11/29,0,186000,-90000,96000
2012/11/30,0,200000,-4000,196000
2012/12/03,0,50000,0,50000
2012/12/04,0,500000,-936000,-436000
2012/12/05,0,0,-1647000,-1647000
2012/12/06,0,1065000,-100000,965000
2012/12/07,0,0,-327000,-327000
2012/12/10,0,0,-338000,-338000
2012/12/11,0,575000,-50000,525000
2012/12/12,0,1375000,0,1375000
2012/12/13,0,560000,-860000,-300000
2012/12/14,0,702000,-322000,380000
2012/12/17,0,825000,-965000,-140000
2012/12/18,0,0,-17000,-17000
2012/12/19,0,0,-69000,-69000
2012/12/20,0,3000,-184000,-181000
2012/12/21,0,0,-72000,-72000
2012/12/24,0,0,-523000,-523000
2012/12/25,0,80000,-8000,72000
2012/12/26,0,0,0,0
2012/12/27,0,0,-1052000,-1052000
2012/12/28,0,279000,0,279000
2012/12/31,0,0,0,0
2013/01/01,0,0,0,0
2013/01/02,0,275000,0,275000
2013/01/03,0,1028000,-3007000,-1979000
2013/01/04,0,611000,-680000,-69000
2013/01/07,0,500000,-1553500,-1053500
2013/01/08,0,1585000,0,1585000
2013/01/09,0,1113000,-1330000,-217000
2013/01/10,0,3132000,0,3132000
2013/01/11,0,2126000,-10000,2116000
2013/01/14,0,213000,-1000000,-787000
2013/01/15,0,0,-1006000,-1006000
2013/01/16,0,0,-283000,-283000
2013/01/17,0,228605,-429000,-200395
2013/01/18,0,0,-10000,-10000
2013/01/21,0,0,-1036000,-1036000
2013/01/22,0,0,-1121000,-1121000
2013/01/23,0,0,-1298000,-1298000
2013/01/24,0,303000,-262000,41000
2013/01/25,0,0,-7000,-7000
2013/01/28,0,0,-296755,-296755
2013/01/29,0,0,-2144000,-2144000
2013/01/30,0,0,-1101000,-1101000
2013/01/31,0,65000,-327000,-262000
2013/02/01,0,0,-448000,-448000
2013/02/04,0,0,-504180,-504180
2013/02/05,0,60000,-235000,-175000
2013/02/06,0,1000,-97000,-96000
2013/02/07,0,0,0,0
2013/02/08,0,0,0,0
2013/02/11,0,0,0,0
2013/02/12,0,0,0,0
2013/02/13,0,0,0,0
2013/02/14,0,0,0,0
2013/02/15,0,0,0,0
2013/02/18,0,20000,-120000,-100000
2013/02/19,0,0,-635000,-635000
2013/02/20,0,70000,-73000,-3000
2013/02/21,0,0,-1392000,-1392000
2013/02/22,0,70000,-610000,-540000
2013/02/25,0,50000,0,50000
2013/02/26,0,300000,-292000,8000
2013/02/27,0,0,0,0
2013/02/28,0,0,0,0
2013/03/01,0,269000,-1329000,-1060000
2013/03/04,0,0,-1508000,-1508000
2013/03/05,0,124000,-1844000,-1720000
2013/03/06,0,0,-94000,-94000
2013/03/07,0,0,-500000,-500000
2013/03/08,0,0,-6000,-6000
2013/03/11,0,1000,-3000,-2000
2013/03/12,0,0,-960000,-960000
2013/03/13,0,120000,-753747,-633747
2013/03/14,0,0,-302000,-302000
2013/03/15,0,2753000,-155000,2598000
2013/03/18,0,27000,-5000,22000
2013/03/19,0,0,0,0
2013/03/20,0,0,-134800,-134800
2013/03/21,0,0,-339000,-339000
2013/03/22,0,0,-187000,-187000
2013/03/25,0,0,0,0
2013/03/26,0,440000,0,440000
2013/03/27,0,140000,-57000,83000
2013/03/28,0,355000,0,355000
2013/03/29,0,3000,-316000,-313000
2013/04/01,0,0,-2600,-2600
2013/04/02,0,0,-5000,-5000
2013/04/03,0,0,0,0
2013/04/04,0,0,0,0
2013/04/05,0,0,0,0
2013/04/08,0,0,-634000,-634000
2013/04/09,0,0,-5000,-5000
2013/04/10,0,0,0,0
2013/04/11,0,0,0,0
2013/04/12,0,0,-1000,-1000
2013/04/15,0,0,-2000,-2000
2013/04/16,0,0,0,0
2013/04/17,0,0,-41000,-41000
2013/04/18,0,0,0,0
2013/04/19,0,19728,0,19728
2013/04/22,0,0,-8000,-8000
2013/04/23,0,0,-6000,-6000
2013/04/24,0,0,-1000,-1000
2013/04/25,0,0,-12000,-12000
2013/04/26,0,0,-4000,-4000
2013/04/29,0,0,-10000,-10000
2013/04/30,0,0,-1066000,-1066000
2013/05/01,0,0,0,0
2013/05/02,0,0,0,0
2013/05/03,0,0,-767000,-767000
2013/05/06,0,0,-1113000,-1113000
2013/05/07,0,0,-750000,-750000
2013/05/08,0,0,-2000,-2000
2013/05/09,0,1000,0,1000
2013/05/10,0,0,-139000,-139000
2013/05/13,0,0,-8000,-8000
2013/05/14,0,0,-18000,-18000
2013/05/15,0,322000,0,322000
2013/05/16,0,0,0,0
2013/05/17,0,0,-3000,-3000
2013/05/20,0,0,-6000,-6000
2013/05/21,0,0,-674000,-674000
2013/05/22,0,0,-214000,-214000
2013/05/23,0,0,-378000,-378000
2013/05/24,0,0,-11000,-11000
2013/05/27,0,0,-6000,-6000
2013/05/28,0,0,0,0
2013/05/29,0,0,0,0
2013/05/30,0,0,-2000,-2000
2013/05/31,0,0,0,0
2013/06/03,0,0,-854,-854
2013/06/04,0,0,0,0
2013/06/05,0,10000,0,10000
2013/06/06,0,0,0,0
2013/06/07,0,0,-13000,-13000
2013/06/10,0,0,0,0
2013/06/11,0,39000,0,39000
2013/06/12,0,0,0,0
2013/06/13,0,32000,-3000,29000
2013/06/14,0,0,0,0
2013/06/17,0,0,-948000,-948000
2013/06/18,0,0,-222000,-222000
2013/06/19,0,0,-1000,-1000
2013/06/20,0,0,0,0
2013/06/21,0,2000,-57000,-55000
2013/06/24,0,17000,-288000,-271000
2013/06/25,0,0,0,0
2013/06/26,0,0,-8000,-8000
2013/06/27,0,2000,0,2000
2013/06/28,0,0,0,0
2013/07/01,0,0,-5000,-5000
2013/07/02,0,0,-69000,-69000
2013/07/03,0,0,0,0
2013/07/04,0,0,-533369,-533369
2013/07/05,0,134000,-450000,-316000
2013/07/08,0,0,0,0
2013/07/09,0,0,0,0
2013/07/10,0,0,0,0
2013/07/11,0,0,-2118,-2118
2013/07/12,0,0,-9000,-9000
2013/07/15,0,0,0,0
2013/07/16,0,0,-36000,-36000
2013/07/17,0,0,0,0
2013/07/18,0,2000,-2000,0
2013/07/19,0,1000,0,1000
2013/07/22,0,0,0,0
2013/07/23,0,1000,0,1000
2013/07/24,0,1000,0,1000
2013/07/25,0,601000,0,601000
2013/07/26,0,600000,0,600000
2013/07/29,0,0,0,0
2013/07/30,0,28000,0,28000
2013/07/31,0,0,-2000,-2000
2013/08/01,0,0,0,0
2013/08/02,0,0,0,0
2013/08/05,0,0,-8000,-8000
2013/08/06,0,0,0,0
2013/08/07,0,0,0,0
2013/08/08,0,0,0,0
2013/08/09,0,393000,0,393000
2013/08/12,0,78000,0,78000
2013/08/13,0,0,0,0
2013/08/14,0,3000,0,3000
2013/08/15,0,1000,-2000,-1000
2013/08/16,0,16000,-260000,-244000
2013/08/19,0,5000,0,5000
2013/08/20,0,2000,0,2000
2013/08/21,0,0,0,0
2013/08/22,0,5000,0,5000
2013/08/23,0,9000,-180000,-171000
2013/08/26,0,15000,0,15000
2013/08/27,0,0,0,0
2013/08/28,0,9000,0,9000
2013/08/29,0,0,0,0
2013/08/30,0,8000,-4000,4000
2013/09/02,0,0,0,0
2013/09/03,0,6146,0,6146
2013/09/04,0,0,0,0
2013/09/05,0,11000,0,11000
2013/09/06,0,5000,0,5000
2013/09/09,0,0,-2000,-2000
2013/09/10,0,1000,0,1000
2013/09/11,0,16000,0,16000
2013/09/12,0,15000,0,15000
2013/09/13,0,12000,-2000,10000
2013/09/16,0,3000,0,3000
2013/09/17,0,0,-177000,-177000
2013/09/18,0,6000,-292000,-286000
2013/09/19,0,0,0,0
2013/09/20,0,0,0,0
2013/09/23,0,0,0,0
2013/09/24,0,0,-207000,-207000
2013/09/25,0,0,0,0
2013/09/26,0,2000,-400000,-398000
2013/09/27,0,3000,-330000,-327000
2013/09/30,0,3000,-302000,-299000
2013/10/01,0,1000,0,1000
2013/10/02,0,0,-840,-840
2013/10/03,0,5000,-150000,-145000
2013/10/04,0,1000,0,1000
2013/10/07,0,0,0,0
2013/10/08,0,0,0,0
2013/10/09,0,0,0,0
2013/10/10,0,0,0,0
2013/10/11,0,138000,0,138000
2013/10/14,0,0,0,0
2013/10/15,0,0,0,0
2013/10/16,0,0,-180527,-180527
2013/10/17,0,1000,0,1000
2013/10/18,0,0,0,0
2013/10/21,0,0,0,0
2013/10/22,0,0,-15000,-15000
2013/10/23,0,0,0,0
2013/10/24,0,0,0,0
2013/10/25,0,0,0,0
2013/10/28,0,0,-28000,-28000
2013/10/29,0,0,-2000,-2000
2013/10/30,0,0,0,0
2013/10/31,0,0,0,0
2013/11/01,0,0,-2000,-2000
2013/11/04,0,0,0,0
2013/11/05,0,0,0,0
2013/11/06,0,0,0,0
2013/11/07,0,0,0,0
2013/11/08,0,0,0,0
2013/11/11,0,0,0,0
2013/11/12,0,1000,0,1000
2013/11/13,0,8000,0,8000
2013/11/14,0,0,0,0
2013/11/15,0,0,-4000,-4000
2013/11/18,0,177000,0,177000
2013/11/19,0,170000,0,170000
2013/11/20,0,990000,0,990000
2013/11/21,0,1041000,-1000,1040000
2013/11/22,0,550000,-1000,549000
2013/11/25,0,0,-131623,-131623
2013/11/26,0,116000,-1000,115000
2013/11/27,0,115000,0,115000
2013/11/28,0,0,0,0
2013/11/29,0,0,0,0
2013/12/02,0,0,0,0
2013/12/03,0,0,-2000,-2000
2013/12/04,0,0,0,0
2013/12/05,0,77000,-1000,76000
2013/12/06,0,879000,0,879000
2013/12/09,0,615000,0,615000
2013/12/10,0,0,0,0
2013/12/11,0,77000,-2000,75000
2013/12/12,0,0,0,0
2013/12/13,0,0,0,0
2013/12/16,0,0,0,0
2013/12/17,0,0,-4000,-4000
2013/12/18,0,0,-2000,-2000
2013/12/19,0,200000,0,200000
2013/12/20,0,35000,0,35000
2013/12/23,0,0,0,0
2013/12/24,0,0,-18000,-18000
2013/12/25,0,0,-39000,-39000
2013/12/26,0,0,-5000,-5000
2013/12/27,0,117000,-14000,103000
2013/12/30,0,0,-83000,-83000
2013/12/31,0,0,-5000,-5000
2014/01/02,0,400000,-90000,310000
2014/01/03,0,0,-4000,-4000
2014/01/06,0,0,-81000,-81000
2014/01/07,0,0,-2000,-2000
2014/01/08,0,1000,0,1000
2014/01/09,0,0,-2000,-2000
2014/01/10,0,0,0,0
2014/01/13,0,0,0,0
2014/01/14,0,2000,0,2000
2014/01/15,0,0,-133000,-133000
2014/01/16,0,0,-37000,-37000
2014/01/17,0,0,-751169,-751169
2014/01/20,0,0,0,0
2014/01/21,0,0,-476640,-476640
2014/01/22,0,0,-7000,-7000
2014/01/23,0,0,0,0
2014/01/24,0,0,-1000,-1000
2014/01/27,0,0,-3000,-3000
2014/02/05,0,0,0,0
2014/02/06,0,0,0,0
2014/02/07,0,0,0,0
2014/02/10,0,3000,0,3000
2014/02/11,0,0,-2000,-2000
2014/02/12,0,0,0,0
2014/02/13,0,2000,-993,1007
2014/02/14,0,0,0,0
2014/02/17,0,0,0,0
2014/02/18,0,0,-2000,-2000
2014/02/19,0,0,-193000,-193000
2014/02/20,0,0,-49000,-49000
2014/02/21,0,11000,-3000,8000
2014/02/24,0,0,0,0
2014/02/25,0,0,0,0
2014/02/26,0,0,-102000,-102000
2014/02/27,0,0,-2000,-2000
2014/03/03,0,0,0,0
2014/03/04,0,0,0,0
2014/03/05,0,0,0,0
2014/03/06,0,0,-6000,-6000
2014/03/07,0,0,-158000,-158000
2014/03/10,0,0,-19000,-19000
2014/03/11,0,0,-1136000,-1136000
2014/03/12,0,0,-963000,-963000
2014/03/13,0,0,0,0
2014/03/14,0,0,-256000,-256000
2014/03/17,0,0,-814000,-814000
2014/03/18,0,0,-1335000,-1335000
2014/03/19,0,0,-450000,-450000
2014/03/20,0,0,0,0
2014/03/21,0,0,0,0
2014/03/24,0,0,0,0
2014/03/25,0,0,0,0
2014/03/26,0,0,0,0
2014/03/27,0,0,0,0
2014/03/28,0,0,-3000,-3000
2014/03/31,0,0,0,0
2014/04/01,0,0,-4000,-4000
2014/04/02,0,0,0,0
2014/04/03,0,0,-70000,-70000
2014/04/07,0,0,-10000,-10000
2014/04/08,0,0,0,0
2014/04/09,0,0,0,0
2014/04/10,0,8796,0,8796
2014/04/11,0,0,0,0
2014/04/14,0,0,0,0
2014/04/15,0,0,0,0
2014/04/16,0,0,-2000,-2000
2014/04/17,0,0,-503000,-503000
2014/04/18,0,0,-402418,-402418
2014/04/21,0,5000,-2000,3000
2014/04/22,0,0,-4000,-4000
2014/04/23,0,0,-3000,-3000
2014/04/24,0,0,0,0
2014/04/25,0,0,-100000,-100000
2014/04/28,0,0,0,0
2014/04/29,0,0,-146000,-146000
2014/04/30,0,0,-15000,-15000
2014/05/02,0,0,0,0
2014/05/05,0,0,0,0
2014/05/06,0,0,0,0
2014/05/07,0,0,0,0
2014/05/08,0,0,0,0
2014/05/09,0,0,-3000,-3000
2014/05/12,0,0,0,0
2014/05/13,0,0,-1000,-1000
2014/05/14,0,0,0,0
2014/05/15,0,0,-79000,-79000
2014/05/16,0,0,-348000,-348000
2014/05/19,0,0,-125811,-125811
2014/05/20,0,0,0,0
2014/05/21,0,0,0,0
2014/05/22,0,0,0,0
2014/05/23,0,0,0,0
2014/05/26,0,0,-28000,-28000
2014/05/27,0,0,-48000,-48000
2014/05/28,0,0,-2000,-2000
2014/05/29,0,0,-7000,-7000
2014/05/30,0,0,-4000,-4000
2014/06/03,0,0,0,0
2014/06/04,0,0,0,0
2014/06/05,0,0,0,0
2014/06/06,0,0,-2000,-2000
2014/06/09,0,2000,0,2000
2014/06/10,0,0,-9000,-9000
2014/06/11,0,0,-13000,-13000
2014/06/12,0,0,-23000,-23000
2014/06/13,0,0,-12000,-12000
2014/06/16,0,0,-8000,-8000
2014/06/17,0,0,0,0
2014/06/18,0,1000,0,1000
2014/06/19,0,0,0,0
2014/06/20,0,0,-242000,-242000
2014/06/23,0,0,0,0
2014/06/24,0,0,-22000,-22000
2014/06/25,0,0,-4000,-4000
2014/06/26,0,0,0,0
2014/06/27,0,0,0,0
2014/06/30,0,0,-30000,-30000
2014/07/01,0,0,0,0
2014/07/02,0,3026,0,3026
2014/07/03,0,0,-46000,-46000
2014/07/04,0,0,0,0
2014/07/07,0,0,0,0
2014/07/08,0,0,-5000,-5000
2014/07/09,0,0,0,0
2014/07/10,0,0,0,0
2014/07/11,0,0,0,0
2014/07/14,0,0,0,0
2014/07/15,0,0,-32000,-32000
2014/07/16,0,0,0,0
2014/07/17,0,21000,0,21000
2014/07/18,0,0,0,0
2014/07/21,0,0,0,0
2014/07/22,0,16000,0,16000
2014/07/23,0,0,0,0
2014/07/24,0,7000,0,7000
2014/07/25,0,5000,-980000,-975000
2014/07/28,0,0,-594000,-594000
2014/07/29,0,5000,0,5000
2014/07/30,0,162000,-1000,161000
2014/07/31,0,83000,0,83000
2014/08/01,0,83000,0,83000
2014/08/04,0,0,0,0
2014/08/05,0,0,0,0
2014/08/06,0,7000,0,7000
2014/08/07,0,31000,0,31000
2014/08/08,0,42000,0,42000
2014/08/11,0,14000,0,14000
2014/08/12,0,18000,0,18000
2014/08/13,0,7000,0,7000
2014/08/14,0,17000,0,17000
2014/08/15,0,7000,0,7000
2014/08/18,0,1000,0,1000
2014/08/19,0,7000,0,7000
2014/08/20,0,3000,0,3000
2014/08/21,0,232000,0,232000
2014/08/22,0,0,0,0
2014/08/25,0,0,0,0
2014/08/26,0,3000,0,3000
2014/08/27,0,61000,0,61000
2014/08/28,0,25000,0,25000
2014/08/29,0,0,0,0
2014/09/01,0,0,0,0
2014/09/02,0,0,0,0
2014/09/03,0,16000,0,16000
2014/09/04,0,358000,0,358000
2014/09/05,0,16000,0,16000
2014/09/09,0,0,0,0
2014/09/10,0,0,0,0
2014/09/11,0,28000,0,28000
2014/09/12,0,22000,0,22000
2014/09/15,0,0,0,0
2014/09/16,0,4000,0,4000
2014/09/17,0,10000,0,10000
2014/09/18,0,0,0,0
2014/09/19,0,1000,-138000,-137000
2014/09/22,0,170991,0,170991
2014/09/23,0,103000,-160000,-57000
2014/09/24,0,3000,0,3000
2014/09/25,0,0,0,0
2014/09/26,0,70000,0,70000
2014/09/29,0,50000,0,50000
2014/09/30,0,28000,0,28000
2014/10/01,0,0,0,0
2014/10/02,0,10000,-5500,4500
2014/10/03,0,0,0,0
2014/10/06,0,8000,0,8000
2014/10/07,0,2000,0,2000
2014/10/08,0,2000,0,2000
2014/10/09,0,0,-1600,-1600
2014/10/13,0,0,0,0
2014/10/14,0,1000,0,1000
2014/10/15,0,4000,-1000000,-996000
2014/10/16,0,0,-1000000,-1000000
2014/10/17,0,3000,-1000000,-997000
2014/10/20,0,0,-500000,-500000
2014/10/21,0,10000,0,10000
2014/10/22,0,0,0,0
2014/10/23,0,180000,-500000,-320000
2014/10/24,0,0,0,0
2014/10/27,0,0,-1000,-1000
2014/10/28,0,0,0,0
2014/10/29,0,6000,-200,5800
2014/10/30,0,881000,0,881000
2014/10/31,0,138000,-173000,-35000
2014/11/03,0,0,-5000,-5000
2014/11/04,0,0,-200000,-200000
2014/11/05,0,90000,0,90000
2014/11/06,0,0,0,0
2014/11/07,0,462000,-18000,444000
2014/11/10,0,0,0,0
2014/11/11,0,25000,0,25000
2014/11/12,0,11000,-416,10584
2014/11/13,0,0,0,0
2014/11/14,0,0,0,0
2014/11/17,0,0,-34000,-34000
2014/11/18,0,0,0,0
2014/11/19,0,0,0,0
2014/11/20,0,5000,0,5000
2014/11/21,0,0,0,0
2014/11/24,0,0,0,0
2014/11/25,0,0,0,0
2014/11/26,0,0,0,0
2014/11/27,0,0,-1000,-1000
2014/11/28,0,0,0,0
2014/12/01,0,0,0,0
2014/12/02,0,0,0,0
2014/12/03,0,0,0,0
2014/12/04,0,0,0,0
2014/12/05,0,0,-247000,-247000
2014/12/08,0,0,-3000,-3000
2014/12/09,0,0,0,0
2014/12/10,0,0,-6000,-6000
2014/12/11,0,1124,0,1124
2014/12/12,0,0,0,0
2014/12/15,0,0,0,0
2014/12/16,0,4000,-13000,-9000
2014/12/17,0,0,0,0
2014/12/18,0,0,0,0
2014/12/19,0,99000,0,99000
2014/12/22,0,0,0,0
2014/12/23,0,0,0,0
2014/12/24,0,0,0,0
2014/12/25,0,0,0,0
2014/12/26,0,0,0,0
2014/12/29,0,0,-7000,-7000
2014/12/30,0,0,-2000,-2000
2014/12/31,0,0,-1000,-1000
2015/01/01,0,0,0,0
2015/01/02,0,0,0,0
2015/01/05,0,0,0,0
2015/01/06,0,0,0,0
2015/01/07,0,0,-3000,-3000
2015/01/08,0,0,0,0
2015/01/09,0,0,0,0
2015/01/12,0,0,0,0
2015/01/13,0,0,0,0
2015/01/14,0,0,-3000,-3000
2015/01/15,0,600000,0,600000
2015/01/16,0,0,0,0
2015/01/19,0,0,0,0
2015/01/20,0,0,0,0
2015/01/21,0,150000,0,150000
2015/01/22,0,0,-12000,-12000
2015/01/23,0,150000,-3000,147000
2015/01/26,0,0,0,0
2015/01/27,0,0,0,0
2015/01/28,0,0,0,0
2015/01/29,0,0,0,0
2015/01/30,0,0,-6000,-6000
2015/02/02,0,0,0,0
2015/02/03,0,0,0,0
2015/02/04,0,0,0,0
2015/02/05,0,0,0,0
2015/02/06,0,0,0,0
2015/02/09,0,0,0,0
2015/02/10,0,0,0,0
2015/02/11,0,0,0,0
2015/02/12,0,0,-2000,-2000
2015/02/13,0,16000,-4000,12000
2015/02/16,0,0,0,0
2015/02/17,0,0,0,0
2015/02/18,0,0,0,0
2015/02/19,0,0,0,0
2015/02/20,0,0,0,0
2015/02/23,0,0,0,0
2015/02/24,0,0,0,0
2015/02/25,0,0,-29000,-29000
2015/02/26,0,0,-3000,-3000
2015/02/27,0,0,0,0
2015/03/02,0,0,0,0
2015/03/03,0,0,-1000,-1000
2015/03/04,0,0,-27000,-27000
2015/03/05,0,0,-140000,-140000
2015/03/06,0,0,0,0
2015/03/09,0,0,-2000,-2000
2015/03/10,0,0,0,0
2015/03/11,0,0,0,0
2015/03/12,0,0,-2519,-2519
2015/03/13,0,0,0,0
2015/03/16,0,0,-11000,-11000
2015/03/17,0,0,-3000,-3000
2015/03/18,0,0,0,0
2015/03/19,0,0,-1000,-1000
2015/03/20,0,0,-38000,-38000
2015/03/23,0,0,-1000,-1000
2015/03/24,0,0,-3000,-3000
2015/03/25,0,0,-1000,-1000
2015/03/26,0,175000,0,175000
2015/03/27,0,0,0,0
2015/03/30,0,0,0,0
2015/03/31,0,0,0,0
2015/04/01,0,0,0,0
2015/04/02,0,75000,0,75000
2015/04/03,0,0,0,0
2015/04/06,0,0,0,0
2015/04/07,0,0,0,0
2015/04/08,0,194000,0,194000
2015/04/09,0,0,0,0
2015/04/10,0,0,0,0
2015/04/13,0,0,0,0
2015/04/14,0,0,-3000,-3000
2015/04/15,0,125000,0,125000
2015/04/16,0,0,0,0
2015/04/17,0,0,0,0
2015/04/20,0,0,-4000,-4000
2015/04/21,0,0,0,0
2015/04/22,0,0,0,0
2015/04/23,0,1100000,0,1100000
2015/04/24,0,594000,-2000,592000
2015/04/27,0,1316000,0,1316000
2015/04/28,0,587000,-3000,584000
2015/04/29,0,196000,-8000,188000
2015/04/30,0,0,-62000,-62000
2015/05/01,0,0,0,0
2015/05/04,0,0,0,0
2015/05/05,0,0,-1000,-1000
2015/05/06,0,69000,0,69000
2015/05/07,0,36000,0,36000
2015/05/08,0,555000,0,555000
2015/05/11,0,432000,0,432000
2015/05/12,0,15000,0,15000
2015/05/13,0,1000000,0,1000000
2015/05/14,0,166000,0,166000
2015/05/15,0,1697000,-2000,1695000
2015/05/18,0,2718000,0,2718000
2015/05/19,0,0,0,0
2015/05/20,0,97000,0,97000
2015/05/21,0,0,0,0
2015/05/22,0,0,0,0
2015/05/25,0,0,0,0
2015/05/26,0,0,0,0
2015/05/27,0,0,0,0
2015/05/28,0,162000,-138000,24000
2015/05/29,0,0,-2000,-2000
2015/06/01,0,0,0,0
2015/06/02,0,0,0,0
2015/06/03,0,0,-250000,-250000
2015/06/04,0,1707,-682309,-680602
2015/06/05,0,0,-1021000,-1021000
2015/06/08,0,0,-766000,-766000
2015/06/09,0,0,-315000,-315000
2015/06/10,0,0,-291000,-291000
2015/06/11,0,0,0,0
2015/06/12,0,900000,-4000,896000
2015/06/15,0,31000,-1744000,-1713000
2015/06/16,0,480000,-2000,478000
2015/06/17,0,0,0,0
2015/06/18,0,580000,-691000,-111000
2015/06/19,0,0,0,0
2015/06/22,0,390000,-93000,297000
2015/06/23,0,41000,0,41000
2015/06/24,0,0,-120000,-120000
2015/06/25,0,0,-4000,-4000
2015/06/26,0,0,-250000,-250000
2015/06/29,0,19000,-501000,-482000
2015/06/30,0,0,-535000,-535000
2015/07/01,0,0,0,0
2015/07/02,0,0,0,0
2015/07/03,0,0,-1000000,-1000000
2015/07/06,0,0,0,0
2015/07/07,0,0,0,0
2015/07/08,0,0,0,0
2015/07/09,0,2000,-9000,-7000
2015/07/10,0,0,0,0
2015/07/13,0,0,0,0
2015/07/14,0,0,-36000,-36000
2015/07/15,0,26000,0,26000
2015/07/16,0,0,-21000,-21000
2015/07/17,0,43000,-10000,33000
2015/07/20,0,0,0,0
2015/07/21,0,3000,0,3000
2015/07/22,0,66000,-115000,-49000
2015/07/23,0,34000,0,34000
2015/07/24,0,68000,0,68000
2015/07/27,0,0,-856657,-856657
2015/07/28,0,72000,0,72000
2015/07/29,0,25000,0,25000
2015/07/30,0,18000,0,18000
2015/07/31,0,3000,0,3000
2015/08/03,0,675000,0,675000
2015/08/04,0,56000,0,56000
2015/08/05,0,43000,-1000,42000
2015/08/06,0,346000,0,346000
2015/08/07,0,74000,0,74000
2015/08/10,0,66000,0,66000
2015/08/11,0,4000,0,4000
2015/08/12,0,656000,-66000,590000
2015/08/13,0,673000,0,673000
2015/08/14,0,600000,0,600000
2015/08/17,0,3000,0,3000
2015/08/18,0,0,0,0
2015/08/19,0,2000,0,2000
2015/08/20,0,2000,0,2000
2015/08/21,0,284000,0,284000
2015/08/24,0,142000,0,142000
2015/08/25,0,296260,0,296260
2015/08/26,0,64000,0,64000
2015/08/27,0,0,0,0
2015/08/28,0,102000,0,102000
2015/08/31,0,26000,-50000,-24000
2015/09/01,0,38000,-65000,-27000
2015/09/02,0,131000,-200000,-69000
2015/09/03,0,72000,-240000,-168000
2015/09/04,0,500,-2080,-1580
2015/09/07,0,21000,0,21000
2015/09/08,0,11000,0,11000
2015/09/09,0,0,0,0
2015/09/10,0,0,-1320,-1320
2015/09/11,0,182000,0,182000
2015/09/14,0,5000,0,5000
2015/09/15,0,6000,0,6000
2015/09/16,0,0,-62000,-62000
2015/09/17,0,600000,0,600000
2015/09/18,0,500000,-293000,207000
2015/09/21,0,234000,-113000,121000
2015/09/22,0,385731,-2000,383731
2015/09/23,0,490000,0,490000
2015/09/24,0,0,0,0
2015/09/25,0,36000,0,36000
2015/09/28,0,0,0,0
2015/09/29,0,0,0,0
2015/09/30,0,145000,0,145000
2015/10/01,0,7000,-27000,-20000
2015/10/02,0,36000,0,36000
2015/10/05,0,0,0,0
2015/10/06,0,2000,0,2000
2015/10/07,0,4000,0,4000
2015/10/08,0,0,0,0
2015/10/09,0,0,0,0
2015/10/12,0,0,0,0
2015/10/13,0,0,0,0
2015/10/14,0,0,0,0
2015/10/15,0,0,0,0
2015/10/16,0,8000,0,8000
2015/10/19,0,0,0,0
2015/10/20,0,0,0,0
2015/10/21,0,0,0,0
2015/10/22,0,0,0,0
2015/10/23,0,0,-61000,-61000
2015/10/26,0,0,0,0
2015/10/27,0,0,0,0
2015/10/28,0,0,0,0
2015/10/29,0,0,-1000,-1000
2015/10/30,0,0,-359540,-359540
2015/11/02,0,0,0,0
2015/11/03,0,6000,0,6000
2015/11/04,0,44000,-1000,43000
2015/11/05,0,1000,0,1000
2015/11/06,0,0,0,0
2015/11/09,0,29000,0,29000
2015/11/10,0,0,0,0
2015/11/11,0,0,0,0
2015/11/12,0,0,0,0
2015/11/13,0,0,-1000,-1000
2015/11/16,0,0,-350000,-350000
2015/11/17,0,0,-578000,-578000
2015/11/18,0,0,0,0
2015/11/19,0,0,-50000,-50000
2015/11/20,0,0,0,0
2015/11/23,0,0,-246363,-246363
2015/11/24,0,0,0,0
2015/11/25,0,0,0,0
2015/11/26,0,0,0,0
2015/11/27,0,0,0,0
2015/11/30,0,1000,0,1000
2015/12/01,0,0,0,0
2015/12/02,0,0,0,0
2015/12/03,0,0,-32000,-32000
2015/12/04,0,0,0,0
2015/12/07,0,0,0,0
2015/12/08,0,0,0,0
2015/12/09,0,0,0,0
2015/12/10,0,0,0,0
2015/12/11,0,0,0,0
2015/12/14,0,116000,-708,115292
2015/12/15,0,0,0,0
2015/12/16,0,0,-2000,-2000
2015/12/17,0,0,0,0
2015/12/18,0,166000,-17000,149000
2015/12/21,0,0,0,0
2015/12/22,0,56000,0,56000
2015/12/23,0,136000,0,136000
2015/12/24,0,0,0,0
2015/12/25,0,0,0,0
2015/12/28,0,6000,0,6000
2015/12/29,0,0,-10000,-10000
2015/12/30,0,0,0,0
2015/12/31,0,0,0,0
2016/01/01,0,0,0,0
2016/01/04,0,0,0,0
2016/01/05,0,0,-6000,-6000
2016/01/06,0,0,0,0
2016/01/07,0,0,-4000,-4000
2016/01/08,0,0,0,0
2016/01/11,0,0,0,0
2016/01/12,0,0,-1000,-1000
2016/01/13,0,0,-2000,-2000
2016/01/14,0,111000,0,111000
2016/01/15,0,0,-26000,-26000
2016/01/18,0,0,-2150000,-2150000
2016/01/19,0,0,-2027000,-2027000
2016/01/20,0,0,-1006000,-1006000
2016/01/21,0,0,0,0
2016/01/22,0,0,0,0
2016/01/25,0,258000,-1530456,-1272456
2016/01/26,0,0,0,0
2016/01/27,0,87000,0,87000
2016/01/28,0,0,0,0
2016/01/29,0,2000,0,2000
2016/02/01,0,0,0,0
2016/02/02,0,0,0,0
2016/02/03,0,0,0,0
2016/02/04,0,0,0,0
2016/02/05,0,0,0,0
2016/02/08,0,0,0,0
2016/02/09,0,0,0,0
2016/02/10,0,0,0,0
2016/02/11,0,0,0,0
2016/02/12,0,0,0,0
2016/02/15,0,826,0,826
2016/02/16,0,0,-100000,-100000
2016/02/17,0,2000,-3000000,-2998000
2016/02/18,0,0,-1720000,-1720000
2016/02/19,0,0,0,0
2016/02/22,0,0,-1500000,-1500000
2016/02/23,0,0,-1000020,-1000020
2016/02/24,0,0,0,0
2016/02/25,0,0,-931000,-931000
2016/02/26,0,0,0,0
2016/02/29,0,0,0,0
2016/03/01,0,0,0,0
2016/03/02,0,0,-28960,-28960
2016/03/03,0,0,-205000,-205000
2016/03/04,0,30000,0,30000
2016/03/07,0,649000,-80000,569000
2016/03/08,0,81000,-59000,22000
2016/03/09,0,0,-22000,-22000
2016/03/10,0,0,-1000,-1000
2016/03/11,0,133000,0,133000
2016/03/14,0,0,0,0
2016/03/15,0,1000,0,1000
2016/03/16,0,0,-1000,-1000
2016/03/17,0,0,0,0
2016/03/18,0,130000,0,130000
2016/03/21,0,0,0,0
2016/03/22,0,0,0,0
2016/03/23,0,0,0,0
2016/03/24,0,0,0,0
2016/03/25,0,0,0,0
2016/03/28,0,0,0,0
2016/03/29,0,0,0,0
2016/03/30,0,0,0,0
2016/03/31,0,0,0,0
2016/04/01,0,0,0,0
2016/04/04,0,0,0,0
2016/04/05,0,0,0,0
2016/04/06,0,0,0,0
2016/04/07,0,0,0,0
2016/04/08,0,0,-938400,-938400
2016/04/11,0,0,0,0
2016/04/12,0,0,-17000,-17000
2016/04/13,0,0,-39000,-39000
2016/04/14,0,0,0,0
2016/04/15,0,16000,0,16000
2016/04/18,0,0,0,0
2016/04/19,0,0,0,0
2016/04/20,0,0,0,0
2016/04/21,0,0,0,0
2016/04/22,0,0,0,0
2016/04/25,0,0,-2000,-2000
2016/04/26,0,0,0,0
2016/04/27,0,0,-795545,-795545
2016/04/28,0,0,0,0
2016/04/29,0,0,0,0
2016/05/02,0,0,0,0
2016/05/03,0,0,0,0
2016/05/04,0,86000,0,86000
2016/05/05,0,0,0,0
2016/05/06,0,0,0,0
2016/05/09,0,0,0,0
2016/05/10,0,86000,-1107,84893
2016/05/11,0,0,0,0
2016/05/12,0,0,0,0
2016/05/13,0,0,0,0
2016/05/16,0,0,-228000,-228000
2016/05/17,0,0,0,0
2016/05/18,0,0,0,0
2016/05/19,0,0,0,0
2016/05/20,0,91000,0,91000
2016/05/23,0,63000,0,63000
2016/05/24,0,0,0,0
2016/05/25,0,0,0,0
2016/05/26,0,89000,-3000,86000
2016/05/27,0,89000,0,89000
2016/05/30,0,0,0,0
2016/05/31,0,0,-2000,-2000
2016/06/01,0,0,0,0
2016/06/02,0,0,-450530,-450530
2016/06/03,0,0,0,0
2016/06/06,0,109000,0,109000
2016/06/07,0,0,0,0
2016/06/08,0,46000,0,46000
2016/06/09,0,0,0,0
2016/06/10,0,0,0,0
2016/06/13,0,0,0,0
2016/06/14,0,0,0,0
2016/06/15,0,47000,0,47000
2016/06/16,0,0,-16000,-16000
2016/06/17,0,0,-220000,-220000
2016/06/20,0,0,-9000,-9000
2016/06/21,0,0,0,0
2016/06/22,0,0,0,0
2016/06/23,0,0,0,0
2016/06/24,0,0,-49000,-49000
2016/06/27,0,0,-24000,-24000
2016/06/28,0,0,-3000,-3000
2016/06/29,0,0,0,0
2016/06/30,0,0,0,0
2016/07/01,0,0,-223000,-223000
2016/07/04,0,0,0,0
2016/07/05,0,0,-34000,-34000
2016/07/06,0,570000,-36000,534000
2016/07/07,0,0,0,0
2016/07/08,0,0,0,0
2016/07/11,0,0,0,0
2016/07/12,0,502000,0,502000
2016/07/13,0,0,0,0
2016/07/14,0,539000,-3000,536000
2016/07/15,0,0,0,0
2016/07/18,0,400000,0,400000
2016/07/19,0,490000,-2000,488000
2016/07/20,0,35000,-10000,25000
2016/07/21,0,1000,-715000,-714000
2016/07/22,0,59000,-13000,46000
2016/07/25,0,165000,0,165000
2016/07/26,0,290000,0,290000
2016/07/27,0,0,-3000,-3000
2016/07/28,0,0,0,0
2016/07/29,0,1088,-10000,-8912
2016/08/01,0,0,0,0
2016/08/02,0,0,-4000,-4000
2016/08/03,0,11000,-6000,5000
2016/08/04,0,23000,-2000,21000
2016/08/05,0,0,-3000,-3000
2016/08/08,0,1000,-5000,-4000
2016/08/09,0,0,-1000,-1000
2016/08/10,0,0,0,0
2016/08/11,0,1000,-2000,-1000
2016/08/12,0,1000,-4000,-3000
2016/08/15,0,0,0,0
2016/08/16,0,0,-6000,-6000
2016/08/17,0,2000,0,2000
2016/08/18,0,0,-207000,-207000
2016/08/19,0,1000,-322000,-321000
2016/08/22,0,0,0,0
2016/08/23,0,0,-493000,-493000
2016/08/24,0,0,-555000,-555000
2016/08/25,0,0,-1000,-1000
2016/08/26,0,1000,-758000,-757000
2016/08/29,0,0,-83000,-83000
2016/08/30,0,27000,-464000,-437000
2016/08/31,0,1000,0,1000
2016/09/01,0,84000,0,84000
2016/09/02,0,0,0,0
2016/09/05,0,1000,-2000,-1000
2016/09/06,0,0,0,0
2016/09/07,0,8000,0,8000
2016/09/08,0,0,-7000,-7000
2016/09/09,0,0,0,0
2016/09/12,0,0,0,0
2016/09/13,0,0,0,0
2016/09/14,0,53000,0,53000
2016/09/15,0,0,0,0
2016/09/16,0,0,0,0
2016/09/19,0,0,-34000,-34000
2016/09/20,0,0,0,0
2016/09/21,0,0,0,0
2016/09/22,0,0,0,0
2016/09/23,0,0,-6000,-6000
2016/09/26,0,0,0,0
2016/09/27,0,0,0,0
2016/09/28,0,0,0,0
2016/09/29,0,0,0,0
2016/09/30,0,54083,0,54083
2016/10/03,0,0,0,0
2016/10/04,0,0,0,0
2016/10/05,0,0,0,0
2016/10/06,0,0,0,0
2016/10/07,0,1000,0,1000
2016/10/10,0,0,0,0
2016/10/11,0,2000,0,2000
2016/10/12,0,0,-86000,-86000
2016/10/13,0,0,0,0
2016/10/14,0,0,0,0
2016/10/17,0,0,0,0
2016/10/18,0,0,0,0
2016/10/19,0,0,0,0
2016/10/20,0,11000,0,11000
2016/10/21,0,10000,0,10000
2016/10/24,0,0,0,0
2016/10/25,0,0,0,0
2016/10/26,0,0,0,0
2016/10/27,0,0,0,0
2016/10/28,0,0,0,0
2016/10/31,0,0,0,0
2016/11/01,0,0,-1000,-1000
2016/11/02,0,0,-49068,-49068
2016/11/03,0,89000,-1000,88000
2016/11/04,0,0,-150000,-150000
2016/11/07,0,0,-78000,-78000
2016/11/08,0,0,-212000,-212000
2016/11/09,0,0,0,0
2016/11/10,0,0,0,0
2016/11/11,0,0,0,0
2016/11/14,0,0,0,0
2016/11/15,0,0,0,0
2016/11/16,0,0,-840,-840
2016/11/17,0,0,0,0
2016/11/18,0,0,0,0
2016/11/21,0,0,0,0
2016/11/22,0,0,0,0
2016/11/23,0,0,0,0
2016/11/24,0,0,0,0
2016/11/25,0,0,0,0
2016/11/28,0,0,0,0
2016/11/29,0,0,-44345,-44345
2016/11/30,0,0,0,0
2016/12/01,0,320000,0,320000
2016/12/02,0,0,0,0
2016/12/05,0,0,0,0
2016/12/06,0,0,0,0
2016/12/07,0,390000,0,390000
2016/12/08,0,0,-234000,-234000
2016/12/09,0,0,-80000,-80000
2016/12/12,0,221000,0,221000
2016/12/13,0,0,0,0
2016/12/14,0,0,0,0
2016/12/15,0,0,0,0
2016/12/16,0,0,0,0
2016/12/19,0,0,0,0
2016/12/20,0,0,0,0
2016/12/21,0,0,0,0
2016/12/22,0,300000,0,300000
2016/12/23,0,0,0,0
2016/12/26,0,0,0,0
2016/12/27,0,0,0,0
2016/12/28,0,0,0,0
2016/12/29,0,0,0,0
2016/12/30,0,0,0,0
2017/01/02,0,0,0,0
2017/01/03,0,0,0,0
2017/01/04,0,0,0,0
2017/01/05,0,8000,0,8000
2017/01/06,0,0,-6000,-6000
2017/01/09,0,0,0,0
2017/01/10,0,0,0,0
2017/01/11,0,0,0,0
2017/01/12,0,300000,0,300000
2017/01/13,0,0,0,0
2017/01/16,0,0,0,0
2017/01/17,0,0,0,0
2017/01/18,0,0,0,0
2017/01/19,0,10000,0,10000
2017/01/20,0,0,0,0
2017/01/23,0,939,0,939
2017/01/24,0,4000,0,4000
2017/01/25,0,0,0,0
2017/01/26,0,0,0,0
2017/01/27,0,0,0,0
2017/01/30,0,0,0,0
2017/01/31,0,0,0,0
2017/02/01,0,0,0,0
2017/02/02,0,0,0,0
2017/02/03,0,29000,0,29000
2017/02/06,0,0,0,0
2017/02/07,0,0,-106000,-106000
2017/02/08,0,0,0,0
2017/02/09,0,201000,0,201000
2017/02/10,0,100000,0,100000
2017/02/13,0,65000,0,65000
2017/02/14,0,372000,0,372000
2017/02/15,0,0,0,0
2017/02/16,0,0,0,0
2017/02/17,0,1000,0,1000
2017/02/20,0,0,0,0
2017/02/21,0,0,0,0
2017/02/22,0,0,0,0
2017/02/23,0,1000,0,1000
2017/02/24,0,0,0,0
2017/02/27,0,0,0,0
2017/02/28,0,0,0,0
2017/03/01,0,0,0,0
2017/03/02,0,0,0,0
2017/03/03,0,2000,-8000,-6000
2017/03/06,0,0,0,0
2017/03/07,0,239000,0,239000
2017/03/08,0,0,0,0
2017/03/09,0,0,0,0
2017/03/10,0,0,0,0
2017/03/13,0,0,0,0
2017/03/14,0,0,-17000,-17000
2017/03/15,0,0,0,0
2017/03/16,0,0,0,0
2017/03/17,0,7000,-1000,6000
2017/03/20,0,0,-8000,-8000
2017/03/21,0,0,-7000,-7000
2017/03/22,0,0,0,0
2017/03/23,0,0,0,0
2017/03/24,0,1000,0,1000
2017/03/27,0,0,0,0
2017/03/28,0,0,0,0
2017/03/29,0,211840,0,211840
2017/03/30,0,7612,0,7612
2017/03/31,0,16286,0,16286
2017/04/03,0,0,0,0
2017/04/04,0,0,0,0
2017/04/05,0,5428,0,5428
2017/04/06,0,0,0,0
2017/04/07,0,2000,0,2000
2017/04/10,0,2000,0,2000
2017/04/11,0,0,0,0
2017/04/12,0,0,0,0
2017/04/13,0,0,0,0
2017/04/14,0,0,-10000,-10000
2017/04/17,0,0,-60000,-60000
2017/04/18,0,2000,0,2000
2017/04/19,0,5427,0,5427
2017/04/20,0,1000,0,1000
2017/04/21,0,0,0,0
2017/04/24,0,0,0,0
2017/04/25,0,0,-21,-21
2017/04/26,0,2000,-87000,-85000
2017/04/27,0,1000,0,1000
2017/04/28,0,0,-112000,-112000
2017/05/01,0,0,0,0
2017/05/02,0,0,0,0
2017/05/03,0,44000,0,44000
2017/05/04,0,62384,-61000,1384
2017/05/05,0,30982,0,30982
2017/05/08,0,31000,-183000,-152000
2017/05/09,0,20000,0,20000
2017/05/10,0,0,0,0
2017/05/11,0,0,-267000,-267000
2017/05/12,0,21000,-389000,-368000
2017/05/15,0,210000,0,210000
2017/05/16,0,617000,-2000,615000
2017/05/17,0,0,0,0
2017/05/18,0,0,-5000,-5000
2017/05/19,0,0,0,0
2017/05/22,0,0,-2000,-2000
2017/05/23,0,20000,0,20000
2017/05/24,0,0,0,0
2017/05/25,0,0,-5000,-5000
2017/05/26,0,0,-29000,-29000
2017/05/29,0,0,0,0
2017/05/30,0,0,0,0
2017/05/31,0,0,0,0
2017/06/01,0,0,0,0
2017/06/02,0,0,-21000,-21000
2017/06/05,0,0,-112000,-112000
2017/06/06,0,0,-155000,-155000
2017/06/07,0,0,-8000,-8000
2017/06/08,0,0,-2000,-2000
2017/06/09,0,0,-228000,-228000
2017/06/12,0,0,0,0
2017/06/13,0,0,-60000,-60000
2017/06/14,0,0,-2000,-2000
2017/06/15,0,0,0,0
2017/06/16,0,1000,-279000,-278000
2017/06/19,0,6000,-12000,-6000
2017/06/20,0,0,-21079,-21079
2017/06/21,0,0,0,0
2017/06/22,0,0,0,0
2017/06/23,0,0,-6000,-6000
2017/06/26,0,0,-7000,-7000
2017/06/27,0,7000,-5000,2000
2017/06/28,0,0,-6033,-6033
2017/06/29,0,0,-3000,-3000
2017/06/30,0,0,0,0
2017/07/03,0,0,-15000,-15000
2017/07/04,0,0,-5000,-5000
2017/07/05,0,0,0,0
2017/07/06,0,0,0,0
2017/07/07,0,0,-418000,-418000
2017/07/10,0,0,-5000,-5000
2017/07/11,0,0,0,0
2017/07/12,0,0,-17158,-17158
2017/07/13,0,0,-10000,-10000
2017/07/14,0,0,-10000,-10000
2017/07/17,0,156,-1000,-844
2017/07/18,0,17000,0,17000
2017/07/19,0,0,0,0
2017/07/20,0,2000,0,2000
2017/07/21,0,0,0,0
2017/07/24,0,0,0,0
2017/07/25,0,3000,0,3000
2017/07/26,0,1000,-5000,-4000
2017/07/27,0,0,0,0
2017/07/28,0,0,0,0
2017/07/31,0,83000,0,83000
2017/08/01,0,29000,-3000,26000
2017/08/02,0,6000,-9000,-3000
2017/08/03,0,8000,0,8000
2017/08/04,0,13000,0,13000
2017/08/07,0,8000,0,8000
2017/08/08,0,72000,-6000,66000
2017/08/09,0,134000,0,134000
2017/08/10,0,0,0,0
2017/08/11,0,1000,-2000,-1000
2017/08/14,0,0,-2000,-2000
2017/08/15,0,8000,-1000,7000
2017/08/16,0,8000,0,8000
2017/08/17,0,1000,0,1000
2017/08/18,0,0,0,0
