Date,Open,Buy,Sell,Total
2007/04/23,0,655000,-745000,-90000
2007/04/24,0,245000,-44000,201000
2007/04/25,0,50000,-201000,-151000
2007/04/26,0,164000,-336000,-172000
2007/04/27,0,188000,-745000,-557000
2007/04/30,0,146000,-880000,-734000
2007/05/01,0,0,0,0
2007/05/02,0,248000,-1226000,-978000
2007/05/03,0,155000,-1873000,-1718000
2007/05/04,0,788000,-109600,678400
2007/05/07,0,675000,-389000,286000
2007/05/08,0,376000,-304000,72000
2007/05/09,0,0,-684000,-684000
2007/05/10,0,590000,-29000,561000
2007/05/11,0,113000,-265000,-152000
2007/05/14,0,515000,-745000,-230000
2007/05/15,0,60000,-62000,-2000
2007/05/16,0,1000,-176000,-175000
2007/05/17,0,200000,-474000,-274000
2007/05/18,0,20000,-68000,-48000
2007/05/21,0,580000,-317000,263000
2007/05/22,0,4000,-69000,-65000
2007/05/23,0,138000,-277000,-139000
2007/05/24,0,29000,-234000,-205000
2007/05/25,0,66000,-391000,-325000
2007/05/28,0,40000,-42000,-2000
2007/05/29,0,100000,-600000,-500000
2007/05/30,0,84000,-455000,-371000
2007/05/31,0,192000,-5000,187000
2007/06/01,0,30000,-190000,-160000
2007/06/04,0,6000,-368000,-362000
2007/06/05,0,67000,-395000,-328000
2007/06/06,0,791000,-404000,387000
2007/06/07,0,54000,-15000,39000
2007/06/08,0,50000,-144000,-94000
2007/06/11,0,430000,-133000,297000
2007/06/12,0,307000,-52000,255000
2007/06/13,0,330000,-43000,287000
2007/06/14,0,1495000,-86000,1409000
2007/06/15,0,208000,-31000,177000
2007/06/18,0,0,0,0
2007/06/19,0,0,0,0
2007/06/20,0,868000,-1234000,-366000
2007/06/21,0,392000,-2319000,-1927000
2007/06/22,0,1102000,-1045000,57000
2007/06/25,0,812000,-455000,357000
2007/06/26,0,728000,-628000,100000
2007/06/27,0,138000,-86000,52000
2007/06/28,0,66000,-1250000,-1184000
2007/06/29,0,1084000,-202000,882000
2007/07/02,0,140000,-292000,-152000
2007/07/03,0,1755000,-218000,1537000
2007/07/04,0,204000,-500000,-296000
2007/07/05,0,95000,-1685000,-1590000
2007/07/06,0,117000,-497000,-380000
2007/07/09,0,1107000,-176000,931000
2007/07/10,0,313000,-467000,-154000
2007/07/11,0,3000,-356000,-353000
2007/07/12,0,157000,-290000,-133000
2007/07/13,0,372000,-197000,175000
2007/07/16,0,554000,-243252,310748
2007/07/17,0,24000,-154000,-130000
2007/07/18,0,409000,-337000,72000
2007/07/19,0,28000,-877000,-849000
2007/07/20,0,17000,-189000,-172000
2007/07/23,0,0,-340000,-340000
2007/07/24,0,324000,-562000,-238000
2007/07/25,0,61000,-6000,55000
2007/07/26,0,318000,-265000,53000
2007/07/27,0,1000,-324000,-323000
2007/07/30,0,54000,-458000,-404000
2007/07/31,0,53000,-335000,-282000
2007/08/01,0,838000,-325000,513000
2007/08/02,0,900000,-173000,727000
2007/08/03,0,84000,-328000,-244000
2007/08/06,0,10000,-130000,-120000
2007/08/07,0,683000,-148443,534557
2007/08/08,0,186000,-2239000,-2053000
2007/08/09,0,6000,-903000,-897000
2007/08/10,0,24000,-255000,-231000
2007/08/13,0,133000,-110000,23000
2007/08/14,0,47000,-406000,-359000
2007/08/15,0,330000,-198000,132000
2007/08/16,0,385000,-265000,120000
2007/08/17,0,260000,-318000,-58000
2007/08/20,0,344000,-183000,161000
2007/08/21,0,758000,-73000,685000
2007/08/22,0,516000,-130000,386000
2007/08/23,0,952000,-1581000,-629000
2007/08/24,0,634000,-366000,268000
2007/08/27,0,206000,-384000,-178000
2007/08/28,0,220000,-60000,160000
2007/08/29,0,123000,-99000,24000
2007/08/30,0,790000,-371000,419000
2007/08/31,0,1275000,-536000,739000
2007/09/03,0,476000,-1849000,-1373000
2007/09/04,0,76000,-638000,-562000
2007/09/05,0,1115000,-574000,541000
2007/09/06,0,399000,-306000,93000
2007/09/07,0,105000,-117000,-12000
2007/09/10,0,88000,-374000,-286000
2007/09/11,0,96000,-354000,-258000
2007/09/12,0,23000,-323000,-300000
2007/09/13,0,1120000,-179000,941000
2007/09/14,0,74000,-56000,18000
2007/09/17,0,452000,-130000,322000
2007/09/18,0,0,0,0
2007/09/19,0,1975000,-970000,1005000
2007/09/20,0,558000,-1092000,-534000
2007/09/21,0,617000,-1527000,-910000
2007/09/24,0,0,0,0
2007/09/25,0,0,0,0
2007/09/26,0,824000,-322000,502000
2007/09/27,0,1610000,-392000,1218000
2007/09/28,0,2271000,-322000,1949000
2007/10/01,0,1283000,-1287000,-4000
2007/10/02,0,212000,-1010000,-798000
2007/10/03,0,270000,-321000,-51000
2007/10/04,0,37000,-246000,-209000
2007/10/05,0,393000,-663000,-270000
2007/10/08,0,363000,-273000,90000
2007/10/09,0,97000,-261000,-164000
2007/10/10,0,0,0,0
2007/10/11,0,277000,-265000,12000
2007/10/12,0,411000,-234000,177000
2007/10/15,0,100000,-206000,-106000
2007/10/16,0,149000,-361350,-212350
2007/10/17,0,135000,-796000,-661000
2007/10/18,0,161000,-590000,-429000
2007/10/19,0,266000,-53000,213000
2007/10/22,0,241000,-349000,-108000
2007/10/23,0,280000,-1077000,-797000
2007/10/24,0,142000,-1016000,-874000
2007/10/25,0,138000,-351000,-213000
2007/10/26,0,310000,-450000,-140000
2007/10/29,0,1137000,-958000,179000
2007/10/30,0,60000,-813000,-753000
2007/10/31,0,378000,-1191000,-813000
2007/11/01,0,206000,-1411000,-1205000
2007/11/02,0,180000,-764000,-584000
2007/11/05,0,80000,-575000,-495000
2007/11/06,0,228000,-989000,-761000
2007/11/07,0,33000,-423000,-390000
2007/11/08,0,92000,-554000,-462000
2007/11/09,0,317000,-119000,198000
2007/11/12,0,234000,-327000,-93000
2007/11/13,0,362000,-35000,327000
2007/11/14,0,652000,-173000,479000
2007/11/15,0,10000,-75000,-65000
2007/11/16,0,94000,-84000,10000
2007/11/19,0,121000,-146000,-25000
2007/11/20,0,343000,-1433000,-1090000
2007/11/21,0,180000,-841000,-661000
2007/11/22,0,154000,-96000,58000
2007/11/23,0,49000,-197000,-148000
2007/11/26,0,510000,-2000,508000
2007/11/27,0,161000,-500110,-339110
2007/11/28,0,56000,-94000,-38000
2007/11/29,0,219000,-15020,203980
2007/11/30,0,1108000,-3000,1105000
2007/12/03,0,735000,-776000,-41000
2007/12/04,0,34000,-94000,-60000
2007/12/05,0,200000,-388000,-188000
2007/12/06,0,225000,-367000,-142000
2007/12/07,0,237000,-24000,213000
2007/12/10,0,30000,-214000,-184000
2007/12/11,0,813000,-678000,135000
2007/12/12,0,98000,-316000,-218000
2007/12/13,0,137000,-313000,-176000
2007/12/14,0,332000,-524000,-192000
2007/12/17,0,102000,-283000,-181000
2007/12/18,0,434000,-127000,307000
2007/12/19,0,1205000,-135830,1069170
2007/12/20,0,149000,-408000,-259000
2007/12/21,0,165000,-1101000,-936000
2007/12/24,0,51000,-310000,-259000
2007/12/25,0,421000,-182000,239000
2007/12/26,0,420000,-161000,259000
2007/12/27,0,2694000,-269000,2425000
2007/12/28,0,1171000,-391000,780000
2007/12/31,0,2406000,-734000,1672000
2008/01/01,0,0,0,0
2008/01/02,0,261000,-176000,85000
2008/01/03,0,382001,-343000,39001
2008/01/04,0,1090000,-23000,1067000
2008/01/07,0,501000,-1530150,-1029150
2008/01/08,0,696000,-1317000,-621000
2008/01/09,0,1606000,-464000,1142000
2008/01/10,0,919000,-431000,488000
2008/01/11,0,637000,-784000,-147000
2008/01/14,0,692000,-1507000,-815000
2008/01/15,0,793000,-461000,332000
2008/01/16,0,2259000,-424000,1835000
2008/01/17,0,262000,-800000,-538000
2008/01/18,0,478000,-681050,-203050
2008/01/21,0,1516000,-214000,1302000
2008/01/22,0,11000,-99000,-88000
2008/01/23,0,745000,-1975000,-1230000
2008/01/24,0,576000,-404000,172000
2008/01/25,0,1078000,-136000,942000
2008/01/28,0,1263000,-1023000,240000
2008/01/29,0,1077000,-1872000,-795000
2008/01/30,0,472000,-222000,250000
2008/01/31,0,295000,-587000,-292000
2008/02/01,0,1233000,-678000,555000
2008/02/04,0,0,0,0
2008/02/05,0,0,0,0
2008/02/06,0,0,0,0
2008/02/07,0,0,0,0
2008/02/08,0,0,0,0
2008/02/11,0,0,0,0
2008/02/12,0,1023000,-934000,89000
2008/02/13,0,33000,-761000,-728000
2008/02/14,0,796000,-257000,539000
2008/02/15,0,347000,-388000,-41000
2008/02/18,0,956000,-214000,742000
2008/02/19,0,1487000,-359000,1128000
2008/02/20,0,213000,-466000,-253000
2008/02/21,0,776000,-145000,631000
2008/02/22,0,465000,-1067000,-602000
2008/02/25,0,712000,-327570,384430
2008/02/26,0,299000,-2027956,-1728956
2008/02/27,0,594000,-2032234,-1438234
2008/02/28,0,0,0,0
2008/02/29,0,264000,-871000,-607000
2008/03/03,0,839000,-31981,807019
2008/03/04,0,1243000,-1048000,195000
2008/03/05,0,701000,-706956,-5956
2008/03/06,0,973000,-167007,805993
2008/03/07,0,347000,-454000,-107000
2008/03/10,0,1307000,-638000,669000
2008/03/11,0,493000,-613000,-120000
2008/03/12,0,637000,-465235,171765
2008/03/13,0,713000,-100117,612883
2008/03/14,0,474000,-517000,-43000
2008/03/17,0,864000,-202000,662000
2008/03/18,0,994000,-419400,574600
2008/03/19,0,577000,-178000,399000
2008/03/20,0,1689000,-735000,954000
2008/03/21,0,1695000,-966000,729000
2008/03/24,0,1932000,-2883000,-951000
2008/03/25,0,1002000,-1405000,-403000
2008/03/26,0,288000,-483000,-195000
2008/03/27,0,1236000,-1671000,-435000
2008/03/28,0,877000,-266743,610257
2008/03/31,0,962000,-1211797,-249797
2008/04/01,0,2809000,-2420000,389000
2008/04/02,0,1022000,-303000,719000
2008/04/03,0,598000,-478000,120000
2008/04/04,0,0,0,0
2008/04/07,0,1421000,-1104000,317000
2008/04/08,0,651000,-708000,-57000
2008/04/09,0,972000,-586000,386000
2008/04/10,0,796000,-543000,253000
2008/04/11,0,467000,-1023000,-556000
2008/04/14,0,297000,-342000,-45000
2008/04/15,0,358000,-1203000,-845000
2008/04/16,0,443000,-1437000,-994000
2008/04/17,0,758000,-496000,262000
2008/04/18,0,310000,-1411000,-1101000
2008/04/21,0,69000,-692000,-623000
2008/04/22,0,130000,-523000,-393000
2008/04/23,0,580000,-317000,263000
2008/04/24,0,171000,-49000,122000
2008/04/25,0,102000,-20000,82000
2008/04/28,0,369000,-270000,99000
2008/04/29,0,586000,-371000,215000
2008/04/30,0,523000,-471000,52000
2008/05/01,0,0,0,0
2008/05/02,0,616000,-220000,396000
2008/05/05,0,186000,-592000,-406000
2008/05/06,0,695000,-322000,373000
2008/05/07,0,125000,-8000,117000
2008/05/08,0,126000,-27000,99000
2008/05/09,0,372000,-126000,246000
2008/05/12,0,410000,-39000,371000
2008/05/13,0,960000,-19000,941000
2008/05/14,0,158000,-461000,-303000
2008/05/15,0,720000,-210000,510000
2008/05/16,0,707000,-99000,608000
2008/05/19,0,848000,-120000,728000
2008/05/20,0,244000,-1244000,-1000000
2008/05/21,0,111000,-345000,-234000
2008/05/22,0,105000,-248000,-143000
2008/05/23,0,598000,-238000,360000
2008/05/26,0,171000,-331000,-160000
2008/05/27,0,281000,-71000,210000
2008/05/28,0,94000,-536000,-442000
2008/05/29,0,69000,-867000,-798000
2008/05/30,0,195000,-429000,-234000
2008/06/02,0,229000,-1060,227940
2008/06/03,0,436000,-188000,248000
2008/06/04,0,146000,-5000,141000
2008/06/05,0,443000,-93000,350000
2008/06/06,0,145000,-48000,97000
2008/06/09,0,23000,-478000,-455000
2008/06/10,0,44000,-1731000,-1687000
2008/06/11,0,90000,-339000,-249000
2008/06/12,0,105000,-263000,-158000
2008/06/13,0,343000,-146000,197000
2008/06/16,0,279000,-131000,148000
2008/06/17,0,627000,-292000,335000
2008/06/18,0,1162000,-34000,1128000
2008/06/19,0,402000,-963000,-561000
2008/06/20,0,256000,-1268000,-1012000
2008/06/23,0,654000,-265000,389000
2008/06/24,0,452000,-594000,-142000
2008/06/25,0,551000,-234000,317000
2008/06/26,0,208000,-143000,65000
2008/06/27,0,201000,-847000,-646000
2008/06/30,0,548000,-160000,388000
2008/07/01,0,429000,-395000,34000
2008/07/02,0,758000,-114500,643500
2008/07/03,0,389000,-889000,-500000
2008/07/04,0,358000,-205000,153000
2008/07/07,0,189000,-55000,134000
2008/07/08,0,632000,-445000,187000
2008/07/09,0,1556000,-514000,1042000
2008/07/10,0,600000,-382000,218000
2008/07/11,0,491000,-429000,62000
2008/07/14,0,116000,-171000,-55000
2008/07/15,0,115000,-1626000,-1511000
2008/07/16,0,263000,-119000,144000
2008/07/17,0,582000,-453235,128765
2008/07/18,0,124000,-373000,-249000
2008/07/21,0,466000,-41000,425000
2008/07/22,0,513000,0,513000
2008/07/23,0,234000,-797000,-563000
2008/07/24,0,626000,-155000,471000
2008/07/25,0,661000,-259000,402000
2008/07/28,0,0,0,0
2008/07/29,0,442000,-512000,-70000
2008/07/30,0,305000,-239000,66000
2008/07/31,0,593000,-121000,472000
2008/08/01,0,580000,-134000,446000
2008/08/04,0,230000,-36000,194000
2008/08/05,0,615000,-80000,535000
2008/08/06,0,408000,-16000,392000
2008/08/07,0,121000,-83000,38000
2008/08/08,0,329000,-2000,327000
2008/08/11,0,579000,-184000,395000
2008/08/12,0,407000,-622000,-215000
2008/08/13,0,158000,-302000,-144000
2008/08/14,0,827000,-105000,722000
2008/08/15,0,176000,-182000,-6000
2008/08/18,0,7000,-353553,-346553
2008/08/19,0,1487336,-421000,1066336
2008/08/20,0,1993000,-103000,1890000
2008/08/21,0,317000,-804015,-487015
2008/08/22,0,251000,-1314000,-1063000
2008/08/25,0,83000,-483000,-400000
2008/08/26,0,158000,-38000,120000
2008/08/27,0,916000,-201000,715000
2008/08/28,0,688000,-83000,605000
2008/08/29,0,204000,-138000,66000
2008/09/01,0,228000,-111000,117000
2008/09/02,0,1532023,-65000,1467023
2008/09/03,0,350000,-62000,288000
2008/09/04,0,202000,-1577000,-1375000
2008/09/05,0,140000,-476000,-336000
2008/09/08,0,62000,-349000,-287000
2008/09/09,0,251000,-39000,212000
2008/09/10,0,427000,-21000,406000
2008/09/11,0,624000,-168000,456000
2008/09/12,0,308000,-16000,292000
2008/09/15,0,102000,-246000,-144000
2008/09/16,0,1029000,-133000,896000
2008/09/17,0,811000,-466000,345000
2008/09/18,0,751000,-288000,463000
2008/09/19,0,95000,-207000,-112000
2008/09/22,0,280000,-240000,40000
2008/09/23,0,586000,-131000,455000
2008/09/24,0,582000,-329000,253000
2008/09/25,0,221000,-94000,127000
2008/09/26,0,14000,-672000,-658000
2008/09/29,0,0,0,0
2008/09/30,0,258000,-43000,215000
2008/10/01,0,186000,-815000,-629000
2008/10/02,0,167000,-274000,-107000
2008/10/03,0,238000,-136000,102000
2008/10/06,0,111000,-525626,-414626
2008/10/07,0,307000,-19000,288000
2008/10/08,0,179000,-421000,-242000
2008/10/09,0,541000,-120640,420360
2008/10/10,0,0,0,0
2008/10/13,0,316000,-30000,286000
2008/10/14,0,56000,-111200,-55200
2008/10/15,0,347000,-204770,142230
2008/10/16,0,0,-49000,-49000
2008/10/17,0,149000,-59000,90000
2008/10/20,0,74000,-123896,-49896
2008/10/21,0,302000,-303020,-1020
2008/10/22,0,0,-261501,-261501
2008/10/23,0,3000,-61328,-58328
2008/10/24,0,0,0,0
2008/10/27,0,21000,-17000,4000
2008/10/28,0,157000,-176436,-19436
2008/10/29,0,296000,-7000,289000
2008/10/30,0,117000,-9000,108000
2008/10/31,0,428000,-62000,366000
2008/11/03,0,322000,-359000,-37000
2008/11/04,0,188000,-318992,-130992
2008/11/05,0,1763000,-202000,1561000
2008/11/06,0,196000,-1112717,-916717
2008/11/07,0,532355,-389000,143355
2008/11/10,0,343000,-10000,333000
2008/11/11,0,311000,-249000,62000
2008/11/12,0,50000,-134000,-84000
2008/11/13,0,128000,-33964,94036
2008/11/14,0,45000,-148000,-103000
2008/11/17,0,166000,-28331,137669
2008/11/18,0,1161000,-46000,1115000
2008/11/19,0,398000,-152000,246000
2008/11/20,0,438000,-54000,384000
2008/11/21,0,528000,-4000,524000
2008/11/24,0,458000,-20000,438000
2008/11/25,0,1329000,-602000,727000
2008/11/26,0,242000,-28000,214000
2008/11/27,0,692000,-406000,286000
2008/11/28,0,1515000,-340000,1175000
2008/12/01,0,571000,-178592,392408
2008/12/02,0,211000,-1134000,-923000
2008/12/03,0,396000,-206000,190000
2008/12/04,0,725000,-249000,476000
2008/12/05,0,283000,-220000,63000
2008/12/08,0,669000,-115224,553776
2008/12/09,0,824000,-292000,532000
2008/12/10,0,468000,-924000,-456000
2008/12/11,0,632000,-285000,347000
2008/12/12,0,87000,-1012000,-925000
2008/12/15,0,271000,-238000,33000
2008/12/16,0,262000,-168000,94000
2008/12/17,0,683000,-370000,313000
2008/12/18,0,453000,-102000,351000
2008/12/19,0,126000,-367000,-241000
2008/12/22,0,125000,-626000,-501000
2008/12/23,0,33000,-1736000,-1703000
2008/12/24,0,66000,-841000,-775000
2008/12/25,0,28000,-260000,-232000
2008/12/26,0,42000,-223000,-181000
2008/12/29,0,76000,-511640,-435640
2008/12/30,0,114000,-252664,-138664
2008/12/31,0,50000,-275187,-225187
2009/01/01,0,0,0,0
2009/01/02,0,0,0,0
2009/01/05,0,306000,-39000,267000
2009/01/06,0,1484000,-43120,1440880
2009/01/07,0,444000,-395000,49000
2009/01/08,0,652000,-82000,570000
2009/01/09,0,148000,-143000,5000
2009/01/12,0,222000,-113000,109000
2009/01/13,0,125000,-117000,8000
2009/01/14,0,290000,-343000,-53000
2009/01/15,0,211000,-423000,-212000
2009/01/16,0,392000,-422000,-30000
2009/01/19,0,52558,-26000,26558
2009/01/20,0,278000,-62000,216000
2009/01/21,0,751000,-278000,473000
2009/01/22,0,0,0,0
2009/01/23,0,0,0,0
2009/01/26,0,0,0,0
2009/01/27,0,0,0,0
2009/01/28,0,0,0,0
2009/01/29,0,0,0,0
2009/01/30,0,0,0,0
2009/02/02,0,28000,-913773,-885773
2009/02/03,0,364000,-301000,63000
2009/02/04,0,354000,-9000,345000
2009/02/05,0,814000,-358000,456000
2009/02/06,0,964000,-858000,106000
2009/02/09,0,223000,-450000,-227000
2009/02/10,0,50000,-546000,-496000
2009/02/11,0,65000,-489000,-424000
2009/02/12,0,39237,-592000,-552763
2009/02/13,0,591000,-38000,553000
2009/02/16,0,351000,-122000,229000
2009/02/17,0,49000,-398000,-349000
2009/02/18,0,100000,-198000,-98000
2009/02/19,0,86000,-145000,-59000
2009/02/20,0,134000,-365000,-231000
2009/02/23,0,125000,-100000,25000
2009/02/24,0,167000,-136000,31000
2009/02/25,0,180000,-67000,113000
2009/02/26,0,379000,-36000,343000
2009/02/27,0,944000,-45000,899000
2009/03/02,0,486000,-897000,-411000
2009/03/03,0,293000,-1514000,-1221000
2009/03/04,0,182000,-196000,-14000
2009/03/05,0,347000,-202000,145000
2009/03/06,0,481000,-272000,209000
2009/03/09,0,495000,-131000,364000
2009/03/10,0,132000,-362000,-230000
2009/03/11,0,1002000,-378000,624000
2009/03/12,0,166000,-742000,-576000
2009/03/13,0,495000,-186905,308095
2009/03/16,0,564000,-691000,-127000
2009/03/17,0,634000,-339000,295000
2009/03/18,0,790000,-383000,407000
2009/03/19,0,784000,-288000,496000
2009/03/20,0,2289000,-294000,1995000
2009/03/23,0,790000,-168000,622000
2009/03/24,0,2296000,-501000,1795000
2009/03/25,0,1584000,-1099000,485000
2009/03/26,0,90000,-1930000,-1840000
2009/03/27,0,37000,-1047000,-1010000
2009/03/30,0,248000,-676000,-428000
2009/03/31,0,172000,-81000,91000
2009/04/01,0,504000,-258000,246000
2009/04/02,0,891000,-412000,479000
2009/04/03,0,39000,-968000,-929000
2009/04/06,0,423000,-504904,-81904
2009/04/07,0,858000,-386000,472000
2009/04/08,0,317000,-806000,-489000
2009/04/09,0,684000,-1011000,-327000
2009/04/10,0,369000,-989000,-620000
2009/04/13,0,876000,-854000,22000
2009/04/14,0,186000,-2679000,-2493000
2009/04/15,0,501000,-708000,-207000
2009/04/16,0,779000,-620000,159000
2009/04/17,0,559000,-735900,-176900
2009/04/20,0,581000,-78000,503000
2009/04/21,0,706000,-99000,607000
2009/04/22,0,1033000,-650000,383000
2009/04/23,0,491000,-357000,134000
2009/04/24,0,480000,-260000,220000
2009/04/27,0,640000,-145000,495000
2009/04/28,0,238000,-301000,-63000
2009/04/29,0,489000,-262000,227000
2009/04/30,0,7000,-13000,-6000
2009/05/01,0,0,0,0
2009/05/04,0,10000,-4000,6000
2009/05/05,0,43000,-501000,-458000
2009/05/06,0,2300000,-1559463,740537
2009/05/07,0,1447000,-467000,980000
2009/05/08,0,1027000,-346000,681000
2009/05/11,0,1827000,-413000,1414000
2009/05/12,0,650000,-1494000,-844000
2009/05/13,0,571000,-815000,-244000
2009/05/14,0,369000,-2063000,-1694000
2009/05/15,0,630000,-1415000,-785000
2009/05/18,0,301000,-881000,-580000
2009/05/19,0,665000,-1076000,-411000
2009/05/20,0,290000,-973000,-683000
2009/05/21,0,250000,-720000,-470000
2009/05/22,0,250000,-435000,-185000
2009/05/25,0,203000,-761000,-558000
2009/05/26,0,376000,-708000,-332000
2009/05/27,0,864000,-182000,682000
2009/05/28,0,0,0,0
2009/05/29,0,0,0,0
2009/06/01,0,1004000,-1210000,-206000
2009/06/02,0,1088000,-817000,271000
2009/06/03,0,189000,-793000,-604000
2009/06/04,0,437000,-1840000,-1403000
2009/06/05,0,390000,-372000,18000
2009/06/08,0,383000,-478000,-95000
2009/06/09,0,1366000,-110000,1256000
2009/06/10,0,933000,-206520,726480
2009/06/11,0,383000,-540000,-157000
2009/06/12,0,525000,-1166000,-641000
2009/06/15,0,425000,-798000,-373000
2009/06/16,0,248729,-185000,63729
2009/06/17,0,628000,-348000,280000
2009/06/18,0,311000,-847000,-536000
2009/06/19,0,352000,-588000,-236000
2009/06/22,0,611000,-493000,118000
2009/06/23,0,334000,-244000,90000
2009/06/24,0,735000,-262000,473000
2009/06/25,0,135000,-1471000,-1336000
2009/06/26,0,136000,-1152000,-1016000
2009/06/29,0,160000,-67000,93000
2009/06/30,0,225000,-171000,54000
2009/07/01,0,636000,-49000,587000
2009/07/02,0,183000,-190000,-7000
2009/07/03,0,275000,-84000,191000
2009/07/06,0,1072000,-286000,786000
2009/07/07,0,473000,-376000,97000
2009/07/08,0,115000,-88000,27000
2009/07/09,0,436000,-9000,427000
2009/07/10,0,360000,-163000,197000
2009/07/13,0,338000,-521000,-183000
2009/07/14,0,96000,-84000,12000
2009/07/15,0,596118,-173000,423118
2009/07/16,0,655000,-147000,508000
2009/07/17,0,297000,-54000,243000
2009/07/20,0,877000,-160000,717000
2009/07/21,0,338000,-185000,153000
2009/07/22,0,291000,-923000,-632000
2009/07/23,0,91000,-128000,-37000
2009/07/24,0,196000,-316000,-120000
2009/07/27,0,1315000,-768000,547000
2009/07/28,0,961009,-303000,658009
2009/07/29,0,316000,-1734000,-1418000
2009/07/30,0,310000,-494000,-184000
2009/07/31,0,124000,-1163000,-1039000
2009/08/03,0,41165,-506000,-464835
2009/08/04,0,595000,-672000,-77000
2009/08/05,0,504000,-675000,-171000
2009/08/06,0,292000,-862000,-570000
2009/08/07,0,0,0,0
2009/08/10,0,126000,-185000,-59000
2009/08/11,0,85000,-211000,-126000
2009/08/12,0,123000,-180000,-57000
2009/08/13,0,313000,-146000,167000
2009/08/14,0,1406000,-497000,909000
2009/08/17,0,207000,-271000,-64000
2009/08/18,0,370000,-1352000,-982000
2009/08/19,0,191000,-60000,131000
2009/08/20,0,58000,-232102,-174102
2009/08/21,0,682000,-262000,420000
2009/08/24,0,1432000,-417000,1015000
2009/08/25,0,342000,-459000,-117000
2009/08/26,0,677000,-509000,168000
2009/08/27,0,295000,-197000,98000
2009/08/28,0,1242000,-675000,567000
2009/08/31,0,622000,-173000,449000
2009/09/01,0,294000,-855000,-561000
2009/09/02,0,885000,-156000,729000
2009/09/03,0,462000,-633000,-171000
2009/09/04,0,109000,-207000,-98000
2009/09/07,0,324000,-148000,176000
2009/09/08,0,735000,-595000,140000
2009/09/09,0,153000,-211000,-58000
2009/09/10,0,482000,-175000,307000
2009/09/11,0,260000,-100000,160000
2009/09/14,0,68000,-449000,-381000
2009/09/15,0,183000,-482000,-299000
2009/09/16,0,385000,-481387,-96387
2009/09/17,0,1571000,-530000,1041000
2009/09/18,0,276060,-1312000,-1035940
2009/09/21,0,1500000,-1579000,-79000
2009/09/22,0,89000,-745000,-656000
2009/09/23,0,114000,-1273373,-1159373
2009/09/24,0,107000,-672000,-565000
2009/09/25,0,565000,-953000,-388000
2009/09/28,0,78000,-21429,56571
2009/09/29,0,925000,-43000,882000
2009/09/30,0,1125000,-469960,655040
2009/10/01,0,1997000,-684500,1312500
2009/10/02,0,907000,-972780,-65780
2009/10/05,0,422000,-893080,-471080
2009/10/06,0,1447000,-839341,607659
2009/10/07,0,1778000,-3465000,-1687000
2009/10/08,0,1341000,-1079000,262000
2009/10/09,0,1193000,-1071000,122000
2009/10/12,0,690000,-575000,115000
2009/10/13,0,1646000,-537000,1109000
2009/10/14,0,1359000,-782000,577000
2009/10/15,0,515000,-245000,270000
2009/10/16,0,461000,-936000,-475000
2009/10/19,0,470000,-229000,241000
2009/10/20,0,2736000,-327000,2409000
2009/10/21,0,1982000,-205133,1776867
2009/10/22,0,809000,-952000,-143000
2009/10/23,0,1237000,-701000,536000
2009/10/26,0,1645000,-684000,961000
2009/10/27,0,750000,-402000,348000
2009/10/28,0,2652000,-1701000,951000
2009/10/29,0,1609000,-1130000,479000
2009/10/30,0,843000,-834000,9000
2009/11/02,0,200000,-564000,-364000
2009/11/03,0,734000,-677000,57000
2009/11/04,0,978000,-507440,470560
2009/11/05,0,523000,-878000,-355000
2009/11/06,0,423000,-814000,-391000
2009/11/09,0,981000,-162000,819000
2009/11/10,0,268000,-282000,-14000
2009/11/11,0,944000,-372000,572000
2009/11/12,0,177000,-169000,8000
2009/11/13,0,519000,-561000,-42000
2009/11/16,0,142000,-76000,66000
2009/11/17,0,573000,-539000,34000
2009/11/18,0,392000,-272000,120000
2009/11/19,0,929000,-28000,901000
2009/11/20,0,442000,-280000,162000
2009/11/23,0,375000,-81000,294000
2009/11/24,0,123000,-95000,28000
2009/11/25,0,85000,-124000,-39000
2009/11/26,0,472000,-329000,143000
2009/11/27,0,315000,-1052000,-737000
2009/11/30,0,56000,-288324,-232324
2009/12/01,0,180000,-248320,-68320
2009/12/02,0,37000,-211000,-174000
2009/12/03,0,1000,-68000,-67000
2009/12/04,0,3558000,-72000,3486000
2009/12/07,0,67000,-32000,35000
2009/12/08,0,135000,-173000,-38000
2009/12/09,0,215000,-213000,2000
2009/12/10,0,190000,-382000,-192000
2009/12/11,0,118000,-35009,82991
2009/12/14,0,529000,-1401000,-872000
2009/12/15,0,192000,-843000,-651000
2009/12/16,0,22000,-567000,-545000
2009/12/17,0,34000,-478000,-444000
2009/12/18,0,30000,-67000,-37000
2009/12/21,0,37000,-58000,-21000
2009/12/22,0,578000,-599576,-21576
2009/12/23,0,112000,-225000,-113000
2009/12/24,0,734000,-536000,198000
2009/12/25,0,86000,-433000,-347000
2009/12/28,0,278000,-228000,50000
2009/12/29,0,125000,-190000,-65000
2009/12/30,0,1139000,-157000,982000
2009/12/31,0,1078000,-130000,948000
2010/01/01,0,0,0,0
2010/01/04,0,111000,-477000,-366000
2010/01/05,0,1620000,-603000,1017000
2010/01/06,0,2081000,-394000,1687000
2010/01/07,0,525000,-408000,117000
2010/01/08,0,1250000,-615000,635000
2010/01/11,0,722000,-550000,172000
2010/01/12,0,152000,-1094000,-942000
2010/01/13,0,389000,-1659000,-1270000
2010/01/14,0,254000,-368698,-114698
2010/01/15,0,434000,-649000,-215000
2010/01/18,0,169000,-80000,89000
2010/01/19,0,174980,-248000,-73020
2010/01/20,0,59000,-364000,-305000
2010/01/21,0,4104000,-1547000,2557000
2010/01/22,0,100000,-433000,-333000
2010/01/25,0,431000,-305000,126000
2010/01/26,0,124000,-1085000,-961000
2010/01/27,0,98000,-612000,-514000
2010/01/28,0,201000,-105000,96000
2010/01/29,0,289000,-369000,-80000
2010/02/01,0,249000,-381000,-132000
2010/02/02,0,634000,-447000,187000
2010/02/03,0,633000,-268000,365000
2010/02/04,0,1036000,-208000,828000
2010/02/05,0,1440000,-703000,737000
2010/02/08,0,1885000,-339001,1545999
2010/02/09,0,528000,-4316000,-3788000
2010/02/10,0,327000,-650000,-323000
2010/02/11,0,0,0,0
2010/02/12,0,0,0,0
2010/02/15,0,0,0,0
2010/02/16,0,0,0,0
2010/02/17,0,0,0,0
2010/02/18,0,0,0,0
2010/02/19,0,0,0,0
2010/02/22,0,365000,-331000,34000
2010/02/23,0,226000,-160000,66000
2010/02/24,0,238000,-259038,-21038
2010/02/25,0,309000,-287000,22000
2010/02/26,0,108000,-425000,-317000
2010/03/01,0,664000,-137000,527000
2010/03/02,0,134000,-335000,-201000
2010/03/03,0,349000,-184000,165000
2010/03/04,0,171000,-541000,-370000
2010/03/05,0,349000,-361000,-12000
2010/03/08,0,133000,-144000,-11000
2010/03/09,0,350000,-104000,246000
2010/03/10,0,68000,-43000,25000
2010/03/11,0,25000,-72000,-47000
2010/03/12,0,151000,-127000,24000
2010/03/15,0,43000,-304000,-261000
2010/03/16,0,128000,-137000,-9000
2010/03/17,0,924000,-146900,777100
2010/03/18,0,591000,-149000,442000
2010/03/19,0,111000,-40000,71000
2010/03/22,0,376000,-217000,159000
2010/03/23,0,280000,-56000,224000
2010/03/24,0,157000,-236477,-79477
2010/03/25,0,693000,-203000,490000
2010/03/26,0,359000,-86000,273000
2010/03/29,0,360000,-300000,60000
2010/03/30,0,96000,-90000,6000
2010/03/31,0,57000,-61000,-4000
2010/04/01,0,348000,-165000,183000
2010/04/02,0,23000,-77000,-54000
2010/04/05,0,0,0,0
2010/04/06,0,156000,-75000,81000
2010/04/07,0,399000,-68000,331000
2010/04/08,0,755000,-65000,690000
2010/04/09,0,877000,-180000,697000
2010/04/12,0,647000,-48000,599000
2010/04/13,0,389000,-565000,-176000
2010/04/14,0,486000,-183000,303000
2010/04/15,0,4103000,-710000,3393000
2010/04/16,0,769000,-402000,367000
2010/04/19,0,84000,-2186000,-2102000
2010/04/20,0,935000,-1837936,-902936
2010/04/21,0,153000,-2268000,-2115000
2010/04/22,0,225000,-355000,-130000
2010/04/23,0,199000,-85000,114000
2010/04/26,0,553000,-167000,386000
2010/04/27,0,46000,-174000,-128000
2010/04/28,0,185000,-182000,3000
2010/04/29,0,496000,-212920,283080
2010/04/30,0,457000,-262000,195000
2010/05/03,0,193000,-534000,-341000
2010/05/04,0,238000,-532000,-294000
2010/05/05,0,72000,-918000,-846000
2010/05/06,0,575000,-350000,225000
2010/05/07,0,680000,-200000,480000
2010/05/10,0,116000,-296000,-180000
2010/05/11,0,824000,-788000,36000
2010/05/12,0,454000,-1178000,-724000
2010/05/13,0,217000,-375000,-158000
2010/05/14,0,365000,-85000,280000
2010/05/17,0,671000,-481000,190000
2010/05/18,0,301000,-76000,225000
2010/05/19,0,709000,-117000,592000
2010/05/20,0,67000,-253000,-186000
2010/05/21,0,735000,-92000,643000
2010/05/24,0,11000,-10000,1000
2010/05/25,0,305000,-141000,164000
2010/05/26,0,368000,-2000,366000
2010/05/27,0,342000,-32000,310000
2010/05/28,0,37000,-273000,-236000
2010/05/31,0,38000,-75000,-37000
2010/06/01,0,35000,-1411000,-1376000
2010/06/02,0,82000,-75000,7000
2010/06/03,0,123000,-58000,65000
2010/06/04,0,19000,-268000,-249000
2010/06/07,0,70000,-56000,14000
2010/06/08,0,97000,-131000,-34000
2010/06/09,0,19000,-393000,-374000
2010/06/10,0,0,-43000,-43000
2010/06/11,0,77000,-371000,-294000
2010/06/14,0,254000,-280000,-26000
2010/06/15,0,675000,-331000,344000
2010/06/16,0,0,0,0
2010/06/17,0,852000,-116000,736000
2010/06/18,0,96000,-169000,-73000
2010/06/21,0,141000,-100000,41000
2010/06/22,0,10000,-6000,4000
2010/06/23,0,270000,-116000,154000
2010/06/24,0,70000,-62000,8000
2010/06/25,0,359000,-134000,225000
2010/06/28,0,83000,-62000,21000
2010/06/29,0,143000,-301000,-158000
2010/06/30,0,1153000,-150000,1003000
2010/07/01,0,164000,-142000,22000
2010/07/02,0,147000,-442000,-295000
2010/07/05,0,108000,-1129000,-1021000
2010/07/06,0,97000,-7000,90000
2010/07/07,0,83000,-43000,40000
2010/07/08,0,78000,-9206,68794
2010/07/09,0,86000,-506000,-420000
2010/07/12,0,44000,-66000,-22000
2010/07/13,0,7000,-63000,-56000
2010/07/14,0,7000,-204000,-197000
2010/07/15,0,18000,-201000,-183000
2010/07/16,0,11000,-162000,-151000
2010/07/19,0,80000,-245000,-165000
2010/07/20,0,150000,-200000,-50000
2010/07/21,0,163000,-221000,-58000
2010/07/22,0,75000,-163000,-88000
2010/07/23,0,114000,-91000,23000
2010/07/26,0,230000,-156000,74000
2010/07/27,0,113000,-91000,22000
2010/07/28,0,195000,-170000,25000
2010/07/29,0,52000,-53000,-1000
2010/07/30,0,201000,-118000,83000
2010/08/02,0,364000,-240000,124000
2010/08/03,0,181000,-1079000,-898000
2010/08/04,0,400000,-581000,-181000
2010/08/05,0,451000,-264000,187000
2010/08/06,0,404000,-978000,-574000
2010/08/09,0,289000,-1095000,-806000
2010/08/10,0,474000,-185000,289000
2010/08/11,0,536000,-90000,446000
2010/08/12,0,255000,-294000,-39000
2010/08/13,0,306000,-292000,14000
2010/08/16,0,562000,-420000,142000
2010/08/17,0,2265000,-279000,1986000
2010/08/18,0,597000,-1326000,-729000
2010/08/19,0,64000,-1066000,-1002000
2010/08/20,0,277000,-795000,-518000
2010/08/23,0,416000,-486000,-70000
2010/08/24,0,925000,-734000,191000
2010/08/25,0,318000,-1653000,-1335000
2010/08/26,0,165000,-282000,-117000
2010/08/27,0,188000,-467000,-279000
2010/08/30,0,102000,-229000,-127000
2010/08/31,0,20000,-1118000,-1098000
2010/09/01,0,223154,-123000,100154
2010/09/02,0,146080,-722240,-576160
2010/09/03,0,887000,-766000,121000
2010/09/06,0,469920,-513000,-43080
2010/09/07,0,398000,-149000,249000
2010/09/08,0,116000,-464000,-348000
2010/09/09,0,95000,-150000,-55000
2010/09/10,0,35000,-540000,-505000
2010/09/13,0,1058000,-717000,341000
2010/09/14,0,728000,-881000,-153000
2010/09/15,0,244000,-611000,-367000
2010/09/16,0,221000,-113000,108000
2010/09/17,0,853000,-619000,234000
2010/09/20,0,361000,-400000,-39000
2010/09/21,0,299000,-411000,-112000
2010/09/22,0,0,0,0
2010/09/23,0,111000,-916000,-805000
2010/09/24,0,446000,-103000,343000
2010/09/27,0,1199000,-625000,574000
2010/09/28,0,141000,-657000,-516000
2010/09/29,0,605000,-574000,31000
2010/09/30,0,274000,-890940,-616940
2010/10/01,0,316000,-183000,133000
2010/10/04,0,502000,-1548200,-1046200
2010/10/05,0,672000,-167000,505000
2010/10/06,0,1817600,-701420,1116180
2010/10/07,0,134000,-678408,-544408
2010/10/08,0,441000,-378000,63000
2010/10/11,0,138000,-1516380,-1378380
2010/10/12,0,1868000,-877000,991000
2010/10/13,0,259800,-1224000,-964200
2010/10/14,0,1292000,-2487000,-1195000
2010/10/15,0,1284000,-1848000,-564000
2010/10/18,0,1027000,-578080,448920
2010/10/19,0,308000,-1086000,-778000
2010/10/20,0,292000,-2420980,-2128980
2010/10/21,0,553000,-1482000,-929000
2010/10/22,0,281000,-505000,-224000
2010/10/25,0,463000,-203000,260000
2010/10/26,0,1151000,-364000,787000
2010/10/27,0,201000,-469000,-268000
2010/10/28,0,497000,-441780,55220
2010/10/29,0,704000,-277000,427000
2010/11/01,0,1052000,-762000,290000
2010/11/02,0,241000,-306000,-65000
2010/11/03,0,715000,-2289700,-1574700
2010/11/04,0,511000,-1890600,-1379600
2010/11/05,0,944000,-1855000,-911000
2010/11/08,0,426000,-1346000,-920000
2010/11/09,0,731361,-540000,191361
2010/11/10,0,887000,-374000,513000
2010/11/11,0,284000,-445000,-161000
2010/11/12,0,490000,-528000,-38000
2010/11/15,0,1347000,-788000,559000
2010/11/16,0,811000,-1295000,-484000
2010/11/17,0,646000,-941000,-295000
2010/11/18,0,514000,-1048000,-534000
2010/11/19,0,629500,-71000,558500
2010/11/22,0,86000,-736380,-650380
2010/11/23,0,46000,-369000,-323000
2010/11/24,0,256000,-244000,12000
2010/11/25,0,286334,-137000,149334
2010/11/26,0,458666,-695000,-236334
2010/11/29,0,836000,-849000,-13000
2010/11/30,0,711000,-532000,179000
2010/12/01,0,844000,-866456,-22456
2010/12/02,0,1207000,-1255000,-48000
2010/12/03,0,607000,-396000,211000
2010/12/06,0,1448000,-1220000,228000
2010/12/07,0,603000,-371000,232000
2010/12/08,0,240000,-691000,-451000
2010/12/09,0,271000,-694000,-423000
2010/12/10,0,294000,-1241000,-947000
2010/12/13,0,148000,-452000,-304000
2010/12/14,0,1458000,-707890,750110
2010/12/15,0,1796000,-1241000,555000
2010/12/16,0,484000,-2349000,-1865000
2010/12/17,0,324000,-1344000,-1020000
2010/12/20,0,489000,-177000,312000
2010/12/21,0,918000,-1417000,-499000
2010/12/22,0,264000,-509000,-245000
2010/12/23,0,599000,-624000,-25000
2010/12/24,0,198000,-175005,22995
2010/12/27,0,341000,-531590,-190590
2010/12/28,0,246000,-221000,25000
2010/12/29,0,188101,-1393183,-1205082
2010/12/30,0,245000,-2640000,-2395000
2010/12/31,0,367000,-3124000,-2757000
2011/01/03,0,2357000,-815000,1542000
2011/01/04,0,616000,-2414000,-1798000
2011/01/05,0,234000,-685000,-451000
2011/01/06,0,1298000,-145000,1153000
2011/01/07,0,274000,-585000,-311000
2011/01/10,0,213000,-687000,-474000
2011/01/11,0,550500,-637000,-86500
2011/01/12,0,1149000,-210000,939000
2011/01/13,0,650399,-992000,-341601
2011/01/14,0,761000,-431000,330000
2011/01/17,0,354701,-795638,-440937
2011/01/18,0,317000,-443000,-126000
2011/01/19,0,474000,-797000,-323000
2011/01/20,0,123000,-64000,59000
2011/01/21,0,483000,-883000,-400000
2011/01/24,0,214000,-872000,-658000
2011/01/25,0,288607,-841000,-552393
2011/01/26,0,142088,-1403000,-1260912
2011/01/27,0,268438,-521000,-252562
2011/01/28,0,108550,-570000,-461450
2011/01/31,0,0,0,0
2011/02/01,0,0,0,0
2011/02/02,0,0,0,0
2011/02/03,0,0,0,0
2011/02/04,0,0,0,0
2011/02/07,0,0,0,0
2011/02/08,0,1109000,-262000,847000
2011/02/09,0,253000,-474120,-221120
2011/02/10,0,256000,-1282000,-1026000
2011/02/11,0,419000,-438462,-19462
2011/02/14,0,182000,-302000,-120000
2011/02/15,0,226000,-465000,-239000
2011/02/16,0,207000,-243180,-36180
2011/02/17,0,235000,-552000,-317000
2011/02/18,0,321000,-158000,163000
2011/02/21,0,190773,-417000,-226227
2011/02/22,0,449000,-262000,187000
2011/02/23,0,611000,-113000,498000
2011/02/24,0,586000,-180000,406000
2011/02/25,0,1065000,-618000,447000
2011/02/28,0,0,0,0
2011/03/01,0,574000,-156000,418000
2011/03/02,0,556000,-386260,169740
2011/03/03,0,1785000,-628000,1157000
2011/03/04,0,557000,-1133000,-576000
2011/03/07,0,483000,-944970,-461970
2011/03/08,0,668000,-450000,218000
2011/03/09,0,107000,-142000,-35000
2011/03/10,0,264000,-166721,97279
2011/03/11,0,664000,-167000,497000
2011/03/14,0,1355000,-729000,626000
2011/03/15,0,1660000,-888000,772000
2011/03/16,0,1059000,-181016,877984
2011/03/17,0,159000,-239000,-80000
2011/03/18,0,472000,-160000,312000
2011/03/21,0,384000,-302000,82000
2011/03/22,0,733000,-2017320,-1284320
2011/03/23,0,495000,-854000,-359000
2011/03/24,0,19000,-439000,-420000
2011/03/25,0,489000,-1114000,-625000
2011/03/28,0,215000,-327000,-112000
2011/03/29,0,458000,-718000,-260000
2011/03/30,0,272000,-872000,-600000
2011/03/31,0,226000,-521000,-295000
2011/04/01,0,218000,-302000,-84000
2011/04/04,0,0,0,0
2011/04/05,0,0,0,0
2011/04/06,0,466000,-63000,403000
2011/04/07,0,870000,-188000,682000
2011/04/08,0,268200,-188000,80200
2011/04/11,0,397000,-753000,-356000
2011/04/12,0,458000,-146000,312000
2011/04/13,0,369000,-176000,193000
2011/04/14,0,184000,-63000,121000
2011/04/15,0,154400,-540000,-385600
2011/04/18,0,319000,-257034,61966
2011/04/19,0,339000,-203000,136000
2011/04/20,0,1096000,-286000,810000
2011/04/21,0,1313000,-487000,826000
2011/04/22,0,419000,-236000,183000
2011/04/25,0,932000,-281000,651000
2011/04/26,0,642000,-1006000,-364000
2011/04/27,0,871000,-199000,672000
2011/04/28,0,1005000,-702000,303000
2011/04/29,0,633000,-854000,-221000
2011/05/02,0,0,0,0
2011/05/03,0,178000,-35656,142344
2011/05/04,0,490000,-148000,342000
2011/05/05,0,405000,-77000,328000
2011/05/06,0,513000,-40000,473000
2011/05/09,0,563100,-224000,339100
2011/05/10,0,134600,-149000,-14400
2011/05/11,0,178247,-133716,44531
2011/05/12,0,183653,-343000,-159347
2011/05/13,0,302000,-271000,31000
2011/05/16,0,295000,-289000,6000
2011/05/17,0,72000,-155000,-83000
2011/05/18,0,281000,-154000,127000
2011/05/19,0,191000,-278856,-87856
2011/05/20,0,125000,-97000,28000
2011/05/23,0,383000,-352000,31000
2011/05/24,0,357000,-36000,321000
2011/05/25,0,141000,-72000,69000
2011/05/26,0,67000,-52000,15000
2011/05/27,0,253000,-120000,133000
2011/05/30,0,261000,-268000,-7000
2011/05/31,0,324000,-200000,124000
2011/06/01,0,602826,-27000,575826
2011/06/02,0,153000,-59000,94000
2011/06/03,0,49000,-2000,47000
2011/06/06,0,0,0,0
2011/06/07,0,123000,-483000,-360000
2011/06/08,0,10000,-10000,0
2011/06/09,0,142000,-134000,8000
2011/06/10,0,65000,-205000,-140000
2011/06/13,0,344000,-102000,242000
2011/06/14,0,124000,-65000,59000
2011/06/15,0,234000,-823000,-589000
2011/06/16,0,198000,-531000,-333000
2011/06/17,0,191000,-77000,114000
2011/06/20,0,441000,-923000,-482000
2011/06/21,0,523000,-769000,-246000
2011/06/22,0,98000,-934000,-836000
2011/06/23,0,310000,-75552,234448
2011/06/24,0,205000,-224000,-19000
2011/06/27,0,50000,-149000,-99000
2011/06/28,0,24000,-74000,-50000
2011/06/29,0,347000,-219000,128000
2011/06/30,0,177000,-86000,91000
2011/07/01,0,128000,-64000,64000
2011/07/04,0,135000,-153000,-18000
2011/07/05,0,268000,-422596,-154596
2011/07/06,0,187000,-103000,84000
2011/07/07,0,532000,-28000,504000
2011/07/08,0,1318000,-383000,935000
2011/07/11,0,326000,-272000,54000
2011/07/12,0,875000,-737000,138000
2011/07/13,0,650000,-591000,59000
2011/07/14,0,630000,-189000,441000
2011/07/15,0,588000,-780000,-192000
2011/07/18,0,409000,-109580,299420
2011/07/19,0,520000,-111191,408809
2011/07/20,0,523000,-78000,445000
2011/07/21,0,381000,-496000,-115000
2011/07/22,0,2111000,-181000,1930000
2011/07/25,0,334000,-479000,-145000
2011/07/26,0,982000,-481137,500863
2011/07/27,0,2239000,-166000,2073000
2011/07/28,0,2143000,-393518,1749482
2011/07/29,0,522000,-598000,-76000
2011/08/01,0,748000,-136000,612000
2011/08/02,0,1258000,-165000,1093000
2011/08/03,0,1179000,-238000,941000
2011/08/04,0,1190000,-528000,662000
2011/08/05,0,1088000,-2573000,-1485000
2011/08/08,0,1057000,-1098000,-41000
2011/08/09,0,1579000,-577000,1002000
2011/08/10,0,376000,-753000,-377000
2011/08/11,0,1693000,-153000,1540000
2011/08/12,0,488000,-929000,-441000
2011/08/15,0,336000,-556000,-220000
2011/08/16,0,174000,-286000,-112000
2011/08/17,0,868000,-1299000,-431000
2011/08/18,0,459000,-1824000,-1365000
2011/08/19,0,379000,-759000,-380000
2011/08/22,0,1210000,-623000,587000
2011/08/23,0,1337000,-700000,637000
2011/08/24,0,2899000,-211000,2688000
2011/08/25,0,174000,-852000,-678000
2011/08/26,0,272880,-1010000,-737120
2011/08/29,0,395000,-376000,19000
2011/08/30,0,161000,-131000,30000
2011/08/31,0,98000,-101000,-3000
2011/09/01,0,256000,-1171000,-915000
2011/09/02,0,24000,-669000,-645000
2011/09/05,0,25000,-357000,-332000
2011/09/06,0,143000,-1974000,-1831000
2011/09/07,0,192000,-17000,175000
2011/09/08,0,240000,-203000,37000
2011/09/09,0,283000,-212000,71000
2011/09/12,0,0,0,0
2011/09/13,0,143000,-274000,-131000
2011/09/14,0,679000,-137000,542000
2011/09/15,0,567000,-60000,507000
2011/09/16,0,495000,-263000,232000
2011/09/19,0,289000,-58000,231000
2011/09/20,0,370000,-390000,-20000
2011/09/21,0,484000,-26000,458000
2011/09/22,0,482000,-388120,93880
2011/09/23,0,944000,-465320,478680
2011/09/26,0,708000,-136000,572000
2011/09/27,0,550000,-68000,482000
2011/09/28,0,150000,-160000,-10000
2011/09/29,0,213000,-164000,49000
2011/09/30,0,229000,-512610,-283610
2011/10/03,0,85000,-105000,-20000
2011/10/04,0,252000,-17500,234500
2011/10/05,0,438000,-89707,348293
2011/10/06,0,900000,-29,899971
2011/10/07,0,302000,-737000,-435000
2011/10/10,0,0,0,0
2011/10/11,0,449000,-463000,-14000
2011/10/12,0,228000,-45000,183000
2011/10/13,0,143000,-282000,-139000
2011/10/14,0,42000,-60000,-18000
2011/10/17,0,0,-24000,-24000
2011/10/18,0,28000,-197109,-169109
2011/10/19,0,123000,-16000,107000
2011/10/20,0,38000,-33979,4021
2011/10/21,0,263000,-4000,259000
2011/10/24,0,341000,-44000,297000
2011/10/25,0,639000,-322000,317000
2011/10/26,0,1008000,-324000,684000
2011/10/27,0,707000,-463000,244000
2011/10/28,0,602760,-610500,-7740
2011/10/31,0,518000,-100068,417932
2011/11/01,0,810000,-442000,368000
2011/11/02,0,1085000,-109000,976000
2011/11/03,0,286000,-317000,-31000
2011/11/04,0,978000,-570000,408000
2011/11/07,0,101000,-389000,-288000
2011/11/08,0,827000,-121000,706000
2011/11/09,0,162000,-105000,57000
2011/11/10,0,585000,-655000,-70000
2011/11/11,0,148000,-167000,-19000
2011/11/14,0,494000,-105000,389000
2011/11/15,0,544000,-89000,455000
2011/11/16,0,494000,-261000,233000
2011/11/17,0,196000,-313080,-117080
2011/11/18,0,303000,-251000,52000
2011/11/21,0,589000,-1541000,-952000
2011/11/22,0,593000,-138000,455000
2011/11/23,0,392000,-251000,141000
2011/11/24,0,323000,-75000,248000
2011/11/25,0,238000,-166000,72000
2011/11/28,0,550000,-273000,277000
2011/11/29,0,260000,-199000,61000
2011/11/30,0,191000,-416000,-225000
2011/12/01,0,749000,-3000,746000
2011/12/02,0,390000,-334000,56000
2011/12/05,0,212000,-165000,47000
2011/12/06,0,113000,-630000,-517000
2011/12/07,0,41000,-82000,-41000
2011/12/08,0,212000,-221000,-9000
2011/12/09,0,419000,-163000,256000
2011/12/12,0,206000,-285000,-79000
2011/12/13,0,277000,-133000,144000
2011/12/14,0,72000,-180000,-108000
2011/12/15,0,158000,-769000,-611000
2011/12/16,0,555000,-717900,-162900
2011/12/19,0,186000,-382000,-196000
2011/12/20,0,96000,-38000,58000
2011/12/21,0,878000,-272000,606000
2011/12/22,0,379000,-51000,328000
2011/12/23,0,196000,-26000,170000
2011/12/26,0,108000,-173000,-65000
2011/12/27,0,266000,-98000,168000
2011/12/28,0,168000,-43000,125000
2011/12/29,0,292000,-136000,156000
2011/12/30,0,1660000,-234000,1426000
2012/01/02,0,101000,-107000,-6000
2012/01/03,0,195000,-945000,-750000
2012/01/04,0,47000,-164000,-117000
2012/01/05,0,177000,-48000,129000
2012/01/06,0,914000,-121000,793000
2012/01/09,0,41000,-855000,-814000
2012/01/10,0,378000,-257000,121000
2012/01/11,0,20000,-170000,-150000
2012/01/12,0,68000,-64000,4000
2012/01/13,0,164000,-118000,46000
2012/01/16,0,88000,-430000,-342000
2012/01/17,0,159000,-263000,-104000
2012/01/18,0,563000,-130000,433000
2012/01/19,0,0,0,0
2012/01/20,0,0,0,0
2012/01/23,0,0,0,0
2012/01/24,0,0,0,0
2012/01/25,0,0,0,0
2012/01/26,0,0,0,0
2012/01/27,0,0,0,0
2012/01/30,0,471000,-265000,206000
2012/01/31,0,1090000,-277000,813000
2012/02/01,0,642000,-279000,363000
2012/02/02,0,562000,-289000,273000
2012/02/03,0,25000,-753000,-728000
2012/02/06,0,273000,-195875,77125
2012/02/07,0,254000,-191000,63000
2012/02/08,0,369000,-866000,-497000
2012/02/09,0,955000,-474000,481000
2012/02/10,0,151000,-1090000,-939000
2012/02/13,0,159000,-669000,-510000
2012/02/14,0,108000,-850000,-742000
2012/02/15,0,792000,-228000,564000
2012/02/16,0,162000,-488000,-326000
2012/02/17,0,669000,-313000,356000
2012/02/20,0,427000,-611000,-184000
2012/02/21,0,155000,-1138000,-983000
2012/02/22,0,114000,-385000,-271000
2012/02/23,0,28000,-328000,-300000
2012/02/24,0,44000,-360000,-316000
2012/02/27,0,0,0,0
2012/02/28,0,0,0,0
2012/02/29,0,305028,-1333000,-1027972
2012/03/01,0,174000,-36000,138000
2012/03/02,0,88000,-81000,7000
2012/03/05,0,75000,-642000,-567000
2012/03/06,0,208000,-290000,-82000
2012/03/07,0,241000,-256000,-15000
2012/03/08,0,82000,-373000,-291000
2012/03/09,0,55000,-106000,-51000
2012/03/12,0,1282000,-242868,1039132
2012/03/13,0,305000,-115000,190000
2012/03/14,0,378000,-34000,344000
2012/03/15,0,53000,-1381000,-1328000
2012/03/16,0,116000,-421000,-305000
2012/03/19,0,9000,-561000,-552000
2012/03/20,0,451000,-207120,243880
2012/03/21,0,351000,-68000,283000
2012/03/22,0,196000,-692000,-496000
2012/03/23,0,248000,-316000,-68000
2012/03/26,0,177000,-293000,-116000
2012/03/27,0,1000,-221000,-220000
2012/03/28,0,20000,-209000,-189000
2012/03/29,0,101000,-169710,-68710
2012/03/30,0,73000,-119000,-46000
2012/04/02,0,11000,-151000,-140000
2012/04/03,0,171000,-99000,72000
2012/04/04,0,0,0,0
2012/04/05,0,193000,-120000,73000
2012/04/06,0,25000,-205000,-180000
2012/04/09,0,113000,-143000,-30000
2012/04/10,0,20000,-79000,-59000
2012/04/11,0,17000,-42000,-25000
2012/04/12,0,19000,-217000,-198000
2012/04/13,0,8000,-130000,-122000
2012/04/16,0,2000,-39000,-37000
2012/04/17,0,40000,-34000,6000
2012/04/18,0,261000,-123000,138000
2012/04/19,0,111000,-192000,-81000
2012/04/20,0,9000,-50000,-41000
2012/04/23,0,221000,-12000,209000
2012/04/24,0,24000,-21000,3000
2012/04/25,0,22000,-24000,-2000
2012/04/26,0,10010,-67000,-56990
2012/04/27,0,62000,-39000,23000
2012/04/30,0,64000,-21000,43000
2012/05/01,0,0,0,0
2012/05/02,0,177000,-1000,176000
2012/05/03,0,185000,-2000,183000
2012/05/04,0,402000,0,402000
2012/05/07,0,9000,-51000,-42000
2012/05/08,0,45000,-220000,-175000
2012/05/09,0,92000,-51109,40891
2012/05/10,0,131000,-17000,114000
2012/05/11,0,229000,-27000,202000
2012/05/14,0,134000,-46000,88000
2012/05/15,0,393000,-101000,292000
2012/05/16,0,443000,-162000,281000
2012/05/17,0,2000,-10000,-8000
2012/05/18,0,191000,-41000,150000
2012/05/21,0,313000,-1000,312000
2012/05/22,0,4000,-30000,-26000
2012/05/23,0,216000,0,216000
2012/05/24,0,801000,-35000,766000
2012/05/25,0,183000,-81000,102000
2012/05/28,0,37000,-2000,35000
2012/05/29,0,501000,-87000,414000
2012/05/30,0,59000,-110000,-51000
2012/05/31,0,123000,-26000,97000
2012/06/01,0,120000,-17000,103000
2012/06/04,0,645000,-96000,549000
2012/06/05,0,60000,-21000,39000
2012/06/06,0,0,-98000,-98000
2012/06/07,0,0,-63000,-63000
2012/06/08,0,24000,-275000,-251000
2012/06/11,0,154000,-23000,131000
2012/06/12,0,88000,-149000,-61000
2012/06/13,0,410000,-26000,384000
2012/06/14,0,109000,-3000,106000
2012/06/15,0,185000,-42000,143000
2012/06/18,0,96000,-27000,69000
2012/06/19,0,15000,-25000,-10000
2012/06/20,0,34000,-185000,-151000
2012/06/21,0,5000,-92000,-87000
2012/06/22,0,75000,-43000,32000
2012/06/25,0,15000,-119000,-104000
2012/06/26,0,10000,-62000,-52000
2012/06/27,0,96000,-134000,-38000
2012/06/28,0,514000,-23000,491000
2012/06/29,0,330000,-28000,302000
2012/07/02,0,476000,-218000,258000
2012/07/03,0,242000,-59000,183000
2012/07/04,0,176000,-74000,102000
2012/07/05,0,57000,-5000,52000
2012/07/06,0,33000,-74000,-41000
2012/07/09,0,19000,-314000,-295000
2012/07/10,0,167000,-261000,-94000
2012/07/11,0,68000,-79000,-11000
2012/07/12,0,20000,-68034,-48034
2012/07/13,0,196000,-4000,192000
2012/07/16,0,0,-30762,-30762
2012/07/17,0,112000,-646000,-534000
2012/07/18,0,79000,-316000,-237000
2012/07/19,0,119000,-161000,-42000
2012/07/20,0,1000,-93000,-92000
2012/07/23,0,62000,-36000,26000
2012/07/24,0,294000,0,294000
2012/07/25,0,84240,-60000,24240
2012/07/26,0,40000,-302000,-262000
2012/07/27,0,12000,-235000,-223000
2012/07/30,0,102000,-48000,54000
2012/07/31,0,97000,-139000,-42000
2012/08/01,0,192000,-91000,101000
2012/08/02,0,0,0,0
2012/08/03,0,2000,-69000,-67000
2012/08/06,0,17000,-221000,-204000
2012/08/07,0,172000,-67000,105000
2012/08/08,0,159000,-235000,-76000
2012/08/09,0,221000,-67000,154000
2012/08/10,0,506000,-86000,420000
2012/08/13,0,479000,-325000,154000
2012/08/14,0,227000,-160000,67000
2012/08/15,0,247000,-124000,123000
2012/08/16,0,450000,0,450000
2012/08/17,0,668000,-11000,657000
2012/08/20,0,972000,-16330,955670
2012/08/21,0,3329000,-217000,3112000
2012/08/22,0,197000,-2352000,-2155000
2012/08/23,0,36000,-576000,-540000
2012/08/24,0,17000,-658000,-641000
2012/08/27,0,21000,-503000,-482000
2012/08/28,0,2000,-337000,-335000
2012/08/29,0,110000,-79000,31000
2012/08/30,0,51000,-431000,-380000
2012/08/31,0,0,-287000,-287000
2012/09/03,0,180000,-156000,24000
2012/09/04,0,202000,-492000,-290000
2012/09/05,0,24000,-348000,-324000
2012/09/06,0,360000,-294000,66000
2012/09/07,0,361000,-350000,11000
2012/09/10,0,140000,-162000,-22000
2012/09/11,0,47000,-846000,-799000
2012/09/12,0,1256000,-33000,1223000
2012/09/13,0,347000,-389000,-42000
2012/09/14,0,1291000,-556000,735000
2012/09/17,0,644000,-653000,-9000
2012/09/18,0,384000,-109000,275000
2012/09/19,0,143000,-288000,-145000
2012/09/20,0,211000,-887000,-676000
2012/09/21,0,72000,-503000,-431000
2012/09/24,0,50000,-607000,-557000
2012/09/25,0,683000,-260000,423000
2012/09/26,0,240000,-82000,158000
2012/09/27,0,33000,-407000,-374000
2012/09/28,0,301000,-91000,210000
2012/10/01,0,126000,-209590,-83590
2012/10/02,0,556000,-236000,320000
2012/10/03,0,34000,-1599930,-1565930
2012/10/04,0,100000,-61930,38070
2012/10/05,0,73000,-86000,-13000
2012/10/08,0,19000,-492433,-473433
2012/10/09,0,112000,-60000,52000
2012/10/10,0,0,0,0
2012/10/11,0,253000,-122000,131000
2012/10/12,0,40000,-200000,-160000
2012/10/15,0,150000,-93560,56440
2012/10/16,0,13000,-75450,-62450
2012/10/17,0,994000,-53000,941000
2012/10/18,0,277000,-156000,121000
2012/10/19,0,640000,-57000,583000
2012/10/22,0,206000,-93000,113000
2012/10/23,0,45000,-455000,-410000
2012/10/24,0,420000,-176750,243250
2012/10/25,0,345000,-701000,-356000
2012/10/26,0,4000,-389000,-385000
2012/10/29,0,268000,-8000,260000
2012/10/30,0,177000,-28060,148940
2012/10/31,0,8000,-1068000,-1060000
2012/11/01,0,287000,-45000,242000
2012/11/02,0,113000,-103000,10000
2012/11/05,0,114000,-63000,51000
2012/11/06,0,86000,-55000,31000
2012/11/07,0,388000,-89000,299000
2012/11/08,0,25000,-482000,-457000
2012/11/09,0,43000,-42000,1000
2012/11/12,0,328000,-30000,298000
2012/11/13,0,109000,-277000,-168000
2012/11/14,0,69000,-41000,28000
2012/11/15,0,97000,-37000,60000
2012/11/16,0,0,-121000,-121000
2012/11/19,0,157000,-16681,140319
2012/11/20,0,366000,-269000,97000
2012/11/21,0,209000,-169000,40000
2012/11/22,0,123000,-203000,-80000
2012/11/23,0,244000,-20000,224000
2012/11/26,0,729000,-139000,590000
2012/11/27,0,122000,-138000,-16000
2012/11/28,0,142000,-615000,-473000
2012/11/29,0,522000,-558000,-36000
2012/11/30,0,526000,-751380,-225380
2012/12/03,0,162000,-526000,-364000
2012/12/04,0,588000,-344390,243610
2012/12/05,0,509000,-175000,334000
2012/12/06,0,167000,-724000,-557000
2012/12/07,0,129000,-196000,-67000
2012/12/10,0,175000,-228000,-53000
2012/12/11,0,520000,-234000,286000
2012/12/12,0,1795000,-345000,1450000
2012/12/13,0,1005000,-474000,531000
2012/12/14,0,613000,-257000,356000
2012/12/17,0,303000,-327000,-24000
2012/12/18,0,221000,-299000,-78000
2012/12/19,0,205000,-1295000,-1090000
2012/12/20,0,303000,-592000,-289000
2012/12/21,0,270000,-1039000,-769000
2012/12/24,0,253000,-144000,109000
2012/12/25,0,564000,-289000,275000
2012/12/26,0,771000,-196000,575000
2012/12/27,0,602002,-208000,394002
2012/12/28,0,1174000,-140000,1034000
2012/12/31,0,0,0,0
2013/01/01,0,0,0,0
2013/01/02,0,329000,-982000,-653000
2013/01/03,0,928000,-1710300,-782300
2013/01/04,0,456000,-498000,-42000
2013/01/07,0,408000,-85000,323000
2013/01/08,0,67000,-340000,-273000
2013/01/09,0,1114000,-457000,657000
2013/01/10,0,229000,-682000,-453000
2013/01/11,0,882000,-270000,612000
2013/01/14,0,50000,-377000,-327000
2013/01/15,0,61000,-312000,-251000
2013/01/16,0,76000,-565000,-489000
2013/01/17,0,34000,-466000,-432000
2013/01/18,0,97000,-125000,-28000
2013/01/21,0,1000,-48000,-47000
2013/01/22,0,127000,-80000,47000
2013/01/23,0,30000,-45000,-15000
2013/01/24,0,36000,-1040000,-1004000
2013/01/25,0,76000,-50000,26000
2013/01/28,0,11000,-74000,-63000
2013/01/29,0,139000,-130000,9000
2013/01/30,0,449000,-202000,247000
2013/01/31,0,75000,-119000,-44000
2013/02/01,0,52000,-113000,-61000
2013/02/04,0,935000,-260000,675000
2013/02/05,0,241000,-296000,-55000
2013/02/06,0,220000,-460000,-240000
2013/02/07,0,0,0,0
2013/02/08,0,0,0,0
2013/02/11,0,0,0,0
2013/02/12,0,0,0,0
2013/02/13,0,0,0,0
2013/02/14,0,0,0,0
2013/02/15,0,0,0,0
2013/02/18,0,7000,-789000,-782000
2013/02/19,0,361000,-724000,-363000
2013/02/20,0,57000,-473000,-416000
2013/02/21,0,204000,-194000,10000
2013/02/22,0,731000,-72000,659000
2013/02/25,0,320000,-655000,-335000
2013/02/26,0,603000,-616752,-13752
2013/02/27,0,129000,-300000,-171000
2013/02/28,0,0,0,0
2013/03/01,0,42000,-174000,-132000
2013/03/04,0,100000,-256996,-156996
2013/03/05,0,164000,-491000,-327000
2013/03/06,0,180000,-331000,-151000
2013/03/07,0,20000,-214000,-194000
2013/03/08,0,56000,-101000,-45000
2013/03/11,0,42000,-240000,-198000
2013/03/12,0,61000,-64000,-3000
2013/03/13,0,61000,-326000,-265000
2013/03/14,0,71000,-226000,-155000
2013/03/15,0,91000,-273000,-182000
2013/03/18,0,306000,-201000,105000
2013/03/19,0,170000,-100000,70000
2013/03/20,0,416000,-154999,261001
2013/03/21,0,43000,-50000,-7000
2013/03/22,0,87000,-68000,19000
2013/03/25,0,13000,-52000,-39000
2013/03/26,0,43000,-49000,-6000
2013/03/27,0,71000,-35000,36000
2013/03/28,0,0,-51000,-51000
2013/03/29,0,905000,-135000,770000
2013/04/01,0,54000,-320000,-266000
2013/04/02,0,206000,-56000,150000
2013/04/03,0,77000,-43000,34000
2013/04/04,0,0,0,0
2013/04/05,0,0,0,0
2013/04/08,0,16000,-771000,-755000
2013/04/09,0,20000,-30000,-10000
2013/04/10,0,13000,-70000,-57000
2013/04/11,0,1000,-153000,-152000
2013/04/12,0,9000,-146000,-137000
2013/04/15,0,0,-79000,-79000
2013/04/16,0,66000,-21000,45000
2013/04/17,0,217000,-143000,74000
2013/04/18,0,75000,-33000,42000
2013/04/19,0,110000,-240000,-130000
2013/04/22,0,59000,-133000,-74000
2013/04/23,0,39000,-277000,-238000
2013/04/24,0,49000,-63000,-14000
2013/04/25,0,3000,-38000,-35000
2013/04/26,0,19000,-78000,-59000
2013/04/29,0,62000,-5000,57000
2013/04/30,0,54000,-1017000,-963000
2013/05/01,0,0,0,0
2013/05/02,0,56000,-36000,20000
2013/05/03,0,3000,-83000,-80000
2013/05/06,0,11000,-20000,-9000
2013/05/07,0,4000,-50000,-46000
2013/05/08,0,246000,-31000,215000
2013/05/09,0,254000,-56000,198000
2013/05/10,0,215000,-29000,186000
2013/05/13,0,1000,-72000,-71000
2013/05/14,0,218000,-8000,210000
2013/05/15,0,52000,-34000,18000
2013/05/16,0,178000,-127000,51000
2013/05/17,0,125000,-60000,65000
2013/05/20,0,0,-47000,-47000
2013/05/21,0,62000,-64000,-2000
2013/05/22,0,5000,-50000,-45000
2013/05/23,0,55000,-639000,-584000
2013/05/24,0,0,-151000,-151000
2013/05/27,0,14000,-12000,2000
2013/05/28,0,128000,-32000,96000
2013/05/29,0,20000,-658000,-638000
2013/05/30,0,33000,-189000,-156000
2013/05/31,0,0,-71170,-71170
2013/06/03,0,25000,-48000,-23000
2013/06/04,0,0,-51000,-51000
2013/06/05,0,0,-18000,-18000
2013/06/06,0,7000,-18000,-11000
2013/06/07,0,4000,-10000,-6000
2013/06/10,0,33000,-165000,-132000
2013/06/11,0,33000,-107000,-74000
2013/06/12,0,0,0,0
2013/06/13,0,2000,-102000,-100000
2013/06/14,0,35000,-159000,-124000
2013/06/17,0,45000,-21000,24000
2013/06/18,0,20000,-33000,-13000
2013/06/19,0,55000,-15000,40000
2013/06/20,0,37000,-23000,14000
2013/06/21,0,31000,-46509,-15509
2013/06/24,0,0,-1000,-1000
2013/06/25,0,336000,-219000,117000
2013/06/26,0,190000,-186000,4000
2013/06/27,0,62000,-264000,-202000
2013/06/28,0,1254000,-88000,1166000
2013/07/01,0,162000,-369000,-207000
2013/07/02,0,46000,-89000,-43000
2013/07/03,0,165000,-150000,15000
2013/07/04,0,82000,-120000,-38000
2013/07/05,0,213000,-100000,113000
2013/07/08,0,38009,-71000,-32991
2013/07/09,0,49000,-16000,33000
2013/07/10,0,184000,-5000,179000
2013/07/11,0,136000,-128000,8000
2013/07/12,0,360000,-15000,345000
2013/07/15,0,42000,-381664,-339664
2013/07/16,0,297000,-9000,288000
2013/07/17,0,197000,-86000,111000
2013/07/18,0,34000,-38000,-4000
2013/07/19,0,132000,-201000,-69000
2013/07/22,0,26000,-115000,-89000
2013/07/23,0,102000,-34000,68000
2013/07/24,0,81000,-21000,60000
2013/07/25,0,6000,-46000,-40000
2013/07/26,0,32000,-87000,-55000
2013/07/29,0,39000,-59000,-20000
2013/07/30,0,189000,-46000,143000
2013/07/31,0,32000,-17000,15000
2013/08/01,0,83000,-26000,57000
2013/08/02,0,106000,-30000,76000
2013/08/05,0,8000,-151000,-143000
2013/08/06,0,9000,-86000,-77000
2013/08/07,0,2000,-150000,-148000
2013/08/08,0,84000,-103000,-19000
2013/08/09,0,89000,-324000,-235000
2013/08/12,0,130000,-475000,-345000
2013/08/13,0,4000,-75000,-71000
2013/08/14,0,7000,-164000,-157000
2013/08/15,0,0,-90000,-90000
2013/08/16,0,114000,-119000,-5000
2013/08/19,0,39000,-22000,17000
2013/08/20,0,10000,-46000,-36000
2013/08/21,0,0,0,0
2013/08/22,0,91000,-53000,38000
2013/08/23,0,264000,-17174,246826
2013/08/26,0,732000,-27022,704978
2013/08/27,0,19000,-648000,-629000
2013/08/28,0,32000,-182000,-150000
2013/08/29,0,187000,-95000,92000
2013/08/30,0,42000,-339000,-297000
2013/09/02,0,53000,-4000,49000
2013/09/03,0,52000,-54000,-2000
2013/09/04,0,10000,-10000,0
2013/09/05,0,29000,-40000,-11000
2013/09/06,0,182000,-29000,153000
2013/09/09,0,37000,-1083000,-1046000
2013/09/10,0,20000,-69000,-49000
2013/09/11,0,38000,-19000,19000
2013/09/12,0,84000,-68000,16000
2013/09/13,0,15000,0,15000
2013/09/16,0,22000,-8000,14000
2013/09/17,0,1000,-12000,-11000
2013/09/18,0,40000,-310000,-270000
2013/09/19,0,0,0,0
2013/09/20,0,0,0,0
2013/09/23,0,58000,-338000,-280000
2013/09/24,0,0,-136000,-136000
2013/09/25,0,6000,-50000,-44000
2013/09/26,0,10000,-220000,-210000
2013/09/27,0,15000,-41000,-26000
2013/09/30,0,95000,-90000,5000
2013/10/01,0,16000,-56000,-40000
2013/10/02,0,5000,-31000,-26000
2013/10/03,0,964000,-32000,932000
2013/10/04,0,208000,-65000,143000
2013/10/07,0,2254000,-121000,2133000
2013/10/08,0,1791000,-870000,921000
2013/10/09,0,937000,-1265000,-328000
2013/10/10,0,0,0,0
2013/10/11,0,125000,-500160,-375160
2013/10/14,0,9000,-526285,-517285
2013/10/15,0,221000,-186000,35000
2013/10/16,0,260000,-2175000,-1915000
2013/10/17,0,117000,-559000,-442000
2013/10/18,0,100000,-57000,43000
2013/10/21,0,18000,-54000,-36000
2013/10/22,0,1000,-115000,-114000
2013/10/23,0,2000,-490693,-488693
2013/10/24,0,0,-9000,-9000
2013/10/25,0,30000,-293000,-263000
2013/10/28,0,38000,-49000,-11000
2013/10/29,0,270000,-150571,119429
2013/10/30,0,154000,-31000,123000
2013/10/31,0,30000,0,30000
2013/11/01,0,62000,-150000,-88000
2013/11/04,0,34000,-142000,-108000
2013/11/05,0,79000,-331000,-252000
2013/11/06,0,0,-91000,-91000
2013/11/07,0,19000,-30000,-11000
2013/11/08,0,8000,-21000,-13000
2013/11/11,0,1000,-7000,-6000
2013/11/12,0,147000,0,147000
2013/11/13,0,42000,-109000,-67000
2013/11/14,0,10000,-125262,-115262
2013/11/15,0,57000,-39000,18000
2013/11/18,0,157000,-33000,124000
2013/11/19,0,477000,-151000,326000
2013/11/20,0,241640,-87000,154640
2013/11/21,0,44000,-158000,-114000
2013/11/22,0,60000,-107000,-47000
2013/11/25,0,211000,0,211000
2013/11/26,0,70000,-87000,-17000
2013/11/27,0,50000,-18000,32000
2013/11/28,0,92000,0,92000
2013/11/29,0,509000,-100000,409000
2013/12/02,0,232000,-161000,71000
2013/12/03,0,269000,-63000,206000
2013/12/04,0,66000,-190000,-124000
2013/12/05,0,172000,-93000,79000
2013/12/06,0,25000,-110000,-85000
2013/12/09,0,18000,-76000,-58000
2013/12/10,0,221000,-1000,220000
2013/12/11,0,178000,-117000,61000
2013/12/12,0,81000,-67000,14000
2013/12/13,0,25000,-26000,-1000
2013/12/16,0,61000,-277000,-216000
2013/12/17,0,21000,-61000,-40000
2013/12/18,0,55660,-139000,-83340
2013/12/19,0,18000,-92000,-74000
2013/12/20,0,3000,0,3000
2013/12/23,0,214000,-3000,211000
2013/12/24,0,0,-13000,-13000
2013/12/25,0,19000,-10000,9000
2013/12/26,0,0,0,0
2013/12/27,0,24000,-10000,14000
2013/12/30,0,35000,-5000,30000
2013/12/31,0,32000,-59000,-27000
2014/01/02,0,39000,-160000,-121000
2014/01/03,0,18000,-170000,-152000
2014/01/06,0,21000,-102000,-81000
2014/01/07,0,65000,-55000,10000
2014/01/08,0,20000,-166000,-146000
2014/01/09,0,0,-8000,-8000
2014/01/10,0,57000,-1000,56000
2014/01/13,0,7000,-14000,-7000
2014/01/14,0,120000,-79000,41000
2014/01/15,0,46000,-68000,-22000
2014/01/16,0,62000,-71000,-9000
2014/01/17,0,0,-65000,-65000
2014/01/20,0,33000,-25000,8000
2014/01/21,0,50000,-4000,46000
2014/01/22,0,0,-44000,-44000
2014/01/23,0,33000,-56000,-23000
2014/01/24,0,0,-12000,-12000
2014/01/27,0,120000,-65000,55000
2014/02/05,0,58000,-331000,-273000
2014/02/06,0,109000,-104421,4579
2014/02/07,0,150000,-220000,-70000
2014/02/10,0,1000,-400000,-399000
2014/02/11,0,0,0,0
2014/02/12,0,0,-18000,-18000
2014/02/13,0,0,-37000,-37000
2014/02/14,0,89000,-31000,58000
2014/02/17,0,31000,0,31000
2014/02/18,0,4000,0,4000
2014/02/19,0,3000,-90000,-87000
2014/02/20,0,0,-92000,-92000
2014/02/21,0,0,0,0
2014/02/24,0,1000,-56000,-55000
2014/02/25,0,0,-6000,-6000
2014/02/26,0,0,-100000,-100000
2014/02/27,0,0,-6000,-6000
2014/03/03,0,0,-268000,-268000
2014/03/04,0,35000,0,35000
2014/03/05,0,0,0,0
2014/03/06,0,0,-38000,-38000
2014/03/07,0,0,-19000,-19000
2014/03/10,0,50000,-3448,46552
2014/03/11,0,38000,-1000,37000
2014/03/12,0,1000,-63000,-62000
2014/03/13,0,126000,-163000,-37000
2014/03/14,0,19000,-85000,-66000
2014/03/17,0,6000,-189740,-183740
2014/03/18,0,6000,-164000,-158000
2014/03/19,0,63000,-47910,15090
2014/03/20,0,16000,-144000,-128000
2014/03/21,0,16000,-90475,-74475
2014/03/24,0,37000,0,37000
2014/03/25,0,30000,-4000,26000
2014/03/26,0,9000,-156754,-147754
2014/03/27,0,0,0,0
2014/03/28,0,31000,0,31000
2014/03/31,0,0,-24000,-24000
2014/04/01,0,12000,-71000,-59000
2014/04/02,0,0,0,0
2014/04/03,0,0,-29000,-29000
2014/04/07,0,0,-23000,-23000
2014/04/08,0,0,0,0
2014/04/09,0,0,-18000,-18000
2014/04/10,0,0,0,0
2014/04/11,0,0,-12000,-12000
2014/04/14,0,0,0,0
2014/04/15,0,0,-9499,-9499
2014/04/16,0,0,-350000,-350000
2014/04/17,0,0,-39000,-39000
2014/04/18,0,0,-16000,-16000
2014/04/21,0,0,-4000,-4000
2014/04/22,0,0,0,0
2014/04/23,0,0,-43000,-43000
2014/04/24,0,0,-10000,-10000
2014/04/25,0,16000,-100880,-84880
2014/04/28,0,26000,0,26000
2014/04/29,0,20000,-154000,-134000
2014/04/30,0,15000,-40000,-25000
2014/05/02,0,0,-6000,-6000
2014/05/05,0,3000,-42000,-39000
2014/05/06,0,0,-266916,-266916
2014/05/07,0,0,-492000,-492000
2014/05/08,0,0,-186000,-186000
2014/05/09,0,0,-118000,-118000
2014/05/12,0,200000,0,200000
2014/05/13,0,0,-465000,-465000
2014/05/14,0,119000,-300000,-181000
2014/05/15,0,23000,0,23000
2014/05/16,0,35000,-70000,-35000
2014/05/19,0,0,-2953,-2953
2014/05/20,0,0,-42000,-42000
2014/05/21,0,7,-320168,-320161
2014/05/22,0,0,-5000,-5000
2014/05/23,0,41000,-131000,-90000
2014/05/26,0,0,-156000,-156000
2014/05/27,0,0,-45000,-45000
2014/05/28,0,32000,-31000,1000
2014/05/29,0,0,0,0
2014/05/30,0,0,-86000,-86000
2014/06/03,0,0,-29000,-29000
2014/06/04,0,0,-20000,-20000
2014/06/05,0,0,-70000,-70000
2014/06/06,0,0,0,0
2014/06/09,0,0,0,0
2014/06/10,0,0,-1000,-1000
2014/06/11,0,32000,-27000,5000
2014/06/12,0,0,0,0
2014/06/13,0,0,0,0
2014/06/16,0,0,0,0
2014/06/17,0,30000,-3000,27000
2014/06/18,0,216000,-59000,157000
2014/06/19,0,0,-10000,-10000
2014/06/20,0,26000,0,26000
2014/06/23,0,40000,-11000,29000
2014/06/24,0,56000,-2000,54000
2014/06/25,0,18000,0,18000
2014/06/26,0,56000,0,56000
2014/06/27,0,3000,0,3000
2014/06/30,0,10000,-9000,1000
2014/07/01,0,503000,0,503000
2014/07/02,0,572000,-2000,570000
2014/07/03,0,181000,-73000,108000
2014/07/04,0,0,-5000,-5000
2014/07/07,0,0,-50000,-50000
2014/07/08,0,3000,-28000,-25000
2014/07/09,0,430000,0,430000
2014/07/10,0,440000,-19000,421000
2014/07/11,0,234000,-2000,232000
2014/07/14,0,0,0,0
2014/07/15,0,0,-6000,-6000
2014/07/16,0,4000,-15696,-11696
2014/07/17,0,139000,0,139000
2014/07/18,0,547000,0,547000
2014/07/21,0,2000,0,2000
2014/07/22,0,31000,0,31000
2014/07/23,0,0,0,0
2014/07/24,0,22000,0,22000
2014/07/25,0,162000,-11000,151000
2014/07/28,0,233000,0,233000
2014/07/29,0,144000,-19000,125000
2014/07/30,0,88000,-22000,66000
2014/07/31,0,247000,-27000,220000
2014/08/01,0,35000,0,35000
2014/08/04,0,0,-424000,-424000
2014/08/05,0,5000,-79000,-74000
2014/08/06,0,7000,-26000,-19000
2014/08/07,0,0,-60000,-60000
2014/08/08,0,0,-19000,-19000
2014/08/11,0,300000,0,300000
2014/08/12,0,253000,-208000,45000
2014/08/13,0,183000,0,183000
2014/08/14,0,470000,-148000,322000
2014/08/15,0,24000,-21000,3000
2014/08/18,0,72000,-79000,-7000
2014/08/19,0,0,-401000,-401000
2014/08/20,0,0,-109000,-109000
2014/08/21,0,249000,-50000,199000
2014/08/22,0,65000,-50000,15000
2014/08/25,0,150000,0,150000
2014/08/26,0,60000,-50000,10000
2014/08/27,0,511000,-351451,159549
2014/08/28,0,792000,-488000,304000
2014/08/29,0,30000,-285000,-255000
2014/09/01,0,1000,-50000,-49000
2014/09/02,0,0,-76000,-76000
2014/09/03,0,115000,-26000,89000
2014/09/04,0,5000,-20000,-15000
2014/09/05,0,0,-100000,-100000
2014/09/09,0,0,-80000,-80000
2014/09/10,0,0,0,0
2014/09/11,0,7000,-4000,3000
2014/09/12,0,22000,-5000,17000
2014/09/15,0,0,-200000,-200000
2014/09/16,0,72000,0,72000
2014/09/17,0,160000,-272000,-112000
2014/09/18,0,1000,0,1000
2014/09/19,0,37000,0,37000
2014/09/22,0,0,-18000,-18000
2014/09/23,0,157000,0,157000
2014/09/24,0,41000,-246,40754
2014/09/25,0,0,-30000,-30000
2014/09/26,0,0,0,0
2014/09/29,0,30000,-7020,22980
2014/09/30,0,122000,-7000,115000
2014/10/01,0,0,-57280,-57280
2014/10/02,0,60000,-6000,54000
2014/10/03,0,118,-167000,-166882
2014/10/06,0,0,-12740,-12740
2014/10/07,0,0,-20000,-20000
2014/10/08,0,0,-320000,-320000
2014/10/09,0,37000,-24178,12822
2014/10/13,0,63000,-742,62258
2014/10/14,0,8000,0,8000
2014/10/15,0,0,-358000,-358000
2014/10/16,0,14000,-34000,-20000
2014/10/17,0,164000,-38000,126000
2014/10/20,0,0,0,0
2014/10/21,0,0,-5000,-5000
2014/10/22,0,30000,-30000,0
2014/10/23,0,0,-5580,-5580
2014/10/24,0,29000,-740,28260
2014/10/27,0,26000,-7000,19000
2014/10/28,0,58000,-200000,-142000
2014/10/29,0,42000,-251000,-209000
2014/10/30,0,39000,-110422,-71422
2014/10/31,0,40000,-5000,35000
2014/11/03,0,5000,-7000,-2000
2014/11/04,0,3000,-50000,-47000
2014/11/05,0,88000,0,88000
2014/11/06,0,181000,-50437,130563
2014/11/07,0,73000,-21000,52000
2014/11/10,0,41000,-2000,39000
2014/11/11,0,54000,0,54000
2014/11/12,0,0,-35000,-35000
2014/11/13,0,0,-430000,-430000
2014/11/14,0,430000,-140000,290000
2014/11/17,0,29000,-221000,-192000
2014/11/18,0,104000,-258000,-154000
2014/11/19,0,239000,-546000,-307000
2014/11/20,0,15000,-165000,-150000
2014/11/21,0,0,-11000,-11000
2014/11/24,0,250000,-171000,79000
2014/11/25,0,0,-28000,-28000
2014/11/26,0,0,0,0
2014/11/27,0,3000,0,3000
2014/11/28,0,387000,-402000,-15000
2014/12/01,0,25000,-99000,-74000
2014/12/02,0,2000,-7000,-5000
2014/12/03,0,0,-41736,-41736
2014/12/04,0,3000,-17000,-14000
2014/12/05,0,0,-9000,-9000
2014/12/08,0,129000,-3000,126000
2014/12/09,0,12460,0,12460
2014/12/10,0,2000,-20000,-18000
2014/12/11,0,54000,0,54000
2014/12/12,0,111000,-6000,105000
2014/12/15,0,260000,-1000,259000
2014/12/16,0,193000,-29000,164000
2014/12/17,0,43000,-240000,-197000
2014/12/18,0,0,-131000,-131000
2014/12/19,0,174000,-84000,90000
2014/12/22,0,0,-42000,-42000
2014/12/23,0,80000,-25000,55000
2014/12/24,0,708000,0,708000
2014/12/25,0,522000,-423000,99000
2014/12/26,0,60000,-21000,39000
2014/12/29,0,520000,-134000,386000
2014/12/30,0,339000,-33000,306000
2014/12/31,0,1507000,-61000,1446000
2015/01/01,0,0,0,0
2015/01/02,0,0,0,0
2015/01/05,0,0,-120000,-120000
2015/01/06,0,0,-20000,-20000
2015/01/07,0,0,-29000,-29000
2015/01/08,0,0,0,0
2015/01/09,0,41000,0,41000
2015/01/12,0,43000,0,43000
2015/01/13,0,107000,-50000,57000
2015/01/14,0,0,-111000,-111000
2015/01/15,0,0,-217000,-217000
2015/01/16,0,0,-143064,-143064
2015/01/19,0,53000,-696000,-643000
2015/01/20,0,2000,-200000,-198000
2015/01/21,0,0,-431000,-431000
2015/01/22,0,1906000,-830000,1076000
2015/01/23,0,1000,-267000,-266000
2015/01/26,0,0,0,0
2015/01/27,0,2000,-250000,-248000
2015/01/28,0,0,0,0
2015/01/29,0,16000,-35000,-19000
2015/01/30,0,0,-22000,-22000
2015/02/02,0,6000,-94000,-88000
2015/02/03,0,0,-50000,-50000
2015/02/04,0,1343000,-1521340,-178340
2015/02/05,0,77000,-1062065,-985065
2015/02/06,0,115000,-180000,-65000
2015/02/09,0,0,-64000,-64000
2015/02/10,0,138000,-124000,14000
2015/02/11,0,95000,-2540,92460
2015/02/12,0,143000,-50000,93000
2015/02/13,0,90000,-295000,-205000
2015/02/16,0,0,0,0
2015/02/17,0,0,0,0
2015/02/18,0,0,0,0
2015/02/19,0,0,0,0
2015/02/20,0,0,0,0
2015/02/23,0,0,0,0
2015/02/24,0,0,-171000,-171000
2015/02/25,0,33000,-155000,-122000
2015/02/26,0,21000,-7000,14000
2015/02/27,0,0,0,0
2015/03/02,0,184000,-1437000,-1253000
2015/03/03,0,101000,-87000,14000
2015/03/04,0,3000,-85000,-82000
2015/03/05,0,30000,-88359,-58359
2015/03/06,0,32000,-63000,-31000
2015/03/09,0,10000,-12602,-2602
2015/03/10,0,10000,-182000,-172000
2015/03/11,0,40000,-54000,-14000
2015/03/12,0,44000,-331022,-287022
2015/03/13,0,10000,-301000,-291000
2015/03/16,0,123000,-11000,112000
2015/03/17,0,26000,-110065,-84065
2015/03/18,0,56000,-129000,-73000
2015/03/19,0,120000,-42000,78000
2015/03/20,0,18000,-105000,-87000
2015/03/23,0,81000,-155000,-74000
2015/03/24,0,13000,-78000,-65000
2015/03/25,0,49000,-19000,30000
2015/03/26,0,59000,-76000,-17000
2015/03/27,0,60000,-4000,56000
2015/03/30,0,13000,-3000,10000
2015/03/31,0,20000,-64000,-44000
2015/04/01,0,60000,-72000,-12000
2015/04/02,0,20000,-192000,-172000
2015/04/03,0,0,0,0
2015/04/06,0,0,0,0
2015/04/07,0,11000,-180000,-169000
2015/04/08,0,60000,-101000,-41000
2015/04/09,0,1534000,-612000,922000
2015/04/10,0,3000,-252000,-249000
2015/04/13,0,0,-20000,-20000
2015/04/14,0,10000,-45000,-35000
2015/04/15,0,66000,-248000,-182000
2015/04/16,0,0,-401000,-401000
2015/04/17,0,26000,-80000,-54000
2015/04/20,0,26000,-4000,22000
2015/04/21,0,1000,-110000,-109000
2015/04/22,0,20000,-20000,0
2015/04/23,0,346000,-115000,231000
2015/04/24,0,663000,-1438000,-775000
2015/04/27,0,750000,-621000,129000
2015/04/28,0,349000,-347000,2000
2015/04/29,0,586000,-129000,457000
2015/04/30,0,313000,-20000,293000
2015/05/01,0,0,0,0
2015/05/04,0,337000,-203000,134000
2015/05/05,0,329000,-45000,284000
2015/05/06,0,113000,0,113000
2015/05/07,0,848000,-10000,838000
2015/05/08,0,113000,-207000,-94000
2015/05/11,0,121000,-220000,-99000
2015/05/12,0,460000,0,460000
2015/05/13,0,426000,-38000,388000
2015/05/14,0,100000,-494000,-394000
2015/05/15,0,382000,-406000,-24000
2015/05/18,0,1030000,-130000,900000
2015/05/19,0,190000,-664000,-474000
2015/05/20,0,321000,-606000,-285000
2015/05/21,0,123000,-278000,-155000
2015/05/22,0,97000,-465000,-368000
2015/05/25,0,318000,-113000,205000
2015/05/26,0,120000,-739000,-619000
2015/05/27,0,0,-91000,-91000
2015/05/28,0,195000,-266000,-71000
2015/05/29,0,27000,0,27000
2015/06/01,0,103000,0,103000
2015/06/02,0,105000,-425000,-320000
2015/06/03,0,61000,-324000,-263000
2015/06/04,0,130000,-111000,19000
2015/06/05,0,110000,-138000,-28000
2015/06/08,0,145000,-195000,-50000
2015/06/09,0,25000,-25000,0
2015/06/10,0,3000,-36000,-33000
2015/06/11,0,102000,-209000,-107000
2015/06/12,0,20000,-40000,-20000
2015/06/15,0,100000,-24000,76000
2015/06/16,0,27000,-28000,-1000
2015/06/17,0,58000,-95000,-37000
2015/06/18,0,156000,-98000,58000
2015/06/19,0,0,0,0
2015/06/22,0,160000,-16000,144000
2015/06/23,0,73000,-9000,64000
2015/06/24,0,4000,0,4000
2015/06/25,0,70000,0,70000
2015/06/26,0,50000,-34000,16000
2015/06/29,0,62000,-42000,20000
2015/06/30,0,0,-14000,-14000
2015/07/01,0,0,0,0
2015/07/02,0,10000,-60000,-50000
2015/07/03,0,47000,-1000,46000
2015/07/06,0,0,-10000,-10000
2015/07/07,0,12000,-31000,-19000
2015/07/08,0,53000,-118000,-65000
2015/07/09,0,104000,0,104000
2015/07/10,0,0,0,0
2015/07/13,0,1000,-43000,-42000
2015/07/14,0,32000,-104000,-72000
2015/07/15,0,152000,-164000,-12000
2015/07/16,0,85000,-53000,32000
2015/07/17,0,60000,-15000,45000
2015/07/20,0,60000,0,60000
2015/07/21,0,45000,-75000,-30000
2015/07/22,0,48000,-184000,-136000
2015/07/23,0,116000,-10000,106000
2015/07/24,0,116000,-7000,109000
2015/07/27,0,475000,0,475000
2015/07/28,0,384000,-9000,375000
2015/07/29,0,977000,-14215,962785
2015/07/30,0,43000,-577000,-534000
2015/07/31,0,111000,-337000,-226000
2015/08/03,0,45000,-172000,-127000
2015/08/04,0,662000,-201000,461000
2015/08/05,0,318000,-101000,217000
2015/08/06,0,52000,-23000,29000
2015/08/07,0,250000,-22000,228000
2015/08/10,0,20000,-20000,0
2015/08/11,0,380000,-261000,119000
2015/08/12,0,243000,-41000,202000
2015/08/13,0,563000,-160000,403000
2015/08/14,0,122000,-142000,-20000
2015/08/17,0,152000,-69000,83000
2015/08/18,0,29000,-203000,-174000
2015/08/19,0,219000,-356000,-137000
2015/08/20,0,463000,-226000,237000
2015/08/21,0,108000,-35000,73000
2015/08/24,0,460000,-137000,323000
2015/08/25,0,42000,-163000,-121000
2015/08/26,0,68000,-104000,-36000
2015/08/27,0,497000,-175000,322000
2015/08/28,0,50000,-377800,-327800
2015/08/31,0,50000,-341300,-291300
2015/09/01,0,185000,-266208,-81208
2015/09/02,0,295000,-160000,135000
2015/09/03,0,73000,-340000,-267000
2015/09/04,0,217000,-391000,-174000
2015/09/07,0,480000,-217000,263000
2015/09/08,0,260000,-359000,-99000
2015/09/09,0,319000,-399000,-80000
2015/09/10,0,194000,-221000,-27000
2015/09/11,0,48000,-246000,-198000
2015/09/14,0,144000,-359760,-215760
2015/09/15,0,510000,-16003,493997
2015/09/16,0,267000,-296000,-29000
2015/09/17,0,249000,-296000,-47000
2015/09/18,0,449000,-154000,295000
2015/09/21,0,603000,-98000,505000
2015/09/22,0,63000,0,63000
2015/09/23,0,201000,-7000,194000
2015/09/24,0,220000,-27000,193000
2015/09/25,0,1399000,-69000,1330000
2015/09/28,0,0,0,0
2015/09/29,0,0,0,0
2015/09/30,0,1702000,-91000,1611000
2015/10/01,0,762000,-56000,706000
2015/10/02,0,324000,-64000,260000
2015/10/05,0,11000,-7000,4000
2015/10/06,0,123000,-20000,103000
2015/10/07,0,278000,-56000,222000
2015/10/08,0,127000,-219000,-92000
2015/10/09,0,0,0,0
2015/10/12,0,338000,-24000,314000
2015/10/13,0,73000,-160000,-87000
2015/10/14,0,74000,-119000,-45000
2015/10/15,0,5000,-95000,-90000
2015/10/16,0,547000,-19000,528000
2015/10/19,0,41000,0,41000
2015/10/20,0,313000,-40000,273000
2015/10/21,0,0,-12000,-12000
2015/10/22,0,209000,-4440,204560
2015/10/23,0,29000,-173560,-144560
2015/10/26,0,14000,-138000,-124000
2015/10/27,0,10000,-83000,-73000
2015/10/28,0,55000,-8000,47000
2015/10/29,0,0,-107940,-107940
2015/10/30,0,78000,-531000,-453000
2015/11/02,0,117000,-94000,23000
2015/11/03,0,1000,-161000,-160000
2015/11/04,0,250000,-152000,98000
2015/11/05,0,163000,-102000,61000
2015/11/06,0,510000,-156000,354000
2015/11/09,0,51000,-36000,15000
2015/11/10,0,47000,-16000,31000
2015/11/11,0,355000,-156000,199000
2015/11/12,0,0,-17000,-17000
2015/11/13,0,82000,-39000,43000
2015/11/16,0,0,-17000,-17000
2015/11/17,0,10000,-10000,0
2015/11/18,0,5000,-11000,-6000
2015/11/19,0,16000,-14000,2000
2015/11/20,0,0,0,0
2015/11/23,0,85000,0,85000
2015/11/24,0,4000,-5000,-1000
2015/11/25,0,143000,-24000,119000
2015/11/26,0,134000,-5000,129000
2015/11/27,0,52000,-36000,16000
2015/11/30,0,52000,-190000,-138000
2015/12/01,0,93000,-41000,52000
2015/12/02,0,87000,-5500,81500
2015/12/03,0,172000,-3000,169000
2015/12/04,0,140000,-68000,72000
2015/12/07,0,418000,-131000,287000
2015/12/08,0,81000,-191000,-110000
2015/12/09,0,178000,-108000,70000
2015/12/10,0,22000,-139000,-117000
2015/12/11,0,3000,-154000,-151000
2015/12/14,0,310000,-96000,214000
2015/12/15,0,41000,-13000,28000
2015/12/16,0,105000,-116000,-11000
2015/12/17,0,62000,-148000,-86000
2015/12/18,0,50000,-12000,38000
2015/12/21,0,50000,0,50000
2015/12/22,0,12000,-3000,9000
2015/12/23,0,10000,-5000,5000
2015/12/24,0,129000,-34000,95000
2015/12/25,0,104000,-77000,27000
2015/12/28,0,5000,-1000,4000
2015/12/29,0,12000,0,12000
2015/12/30,0,7000,-106000,-99000
2015/12/31,0,22000,-134000,-112000
2016/01/01,0,0,0,0
2016/01/04,0,23000,-141000,-118000
2016/01/05,0,104000,-283000,-179000
2016/01/06,0,19000,-130000,-111000
2016/01/07,0,297000,-248068,48932
2016/01/08,0,0,-68000,-68000
2016/01/11,0,341000,-4000,337000
2016/01/12,0,32000,-50000,-18000
2016/01/13,0,88000,-127000,-39000
2016/01/14,0,543000,-402000,141000
2016/01/15,0,390000,-160000,230000
2016/01/18,0,314000,0,314000
2016/01/19,0,10000,-63000,-53000
2016/01/20,0,200000,-30000,170000
2016/01/21,0,155000,-7000,148000
2016/01/22,0,101000,-319000,-218000
2016/01/25,0,156000,-85000,71000
2016/01/26,0,153000,-226000,-73000
2016/01/27,0,50000,-50000,0
2016/01/28,0,191000,-200000,-9000
2016/01/29,0,151000,-170000,-19000
2016/02/01,0,500000,-93000,407000
2016/02/02,0,0,-70000,-70000
2016/02/03,0,7000,-713000,-706000
2016/02/04,0,0,0,0
2016/02/05,0,0,0,0
2016/02/08,0,0,0,0
2016/02/09,0,0,0,0
2016/02/10,0,0,0,0
2016/02/11,0,0,0,0
2016/02/12,0,0,0,0
2016/02/15,0,64000,0,64000
2016/02/16,0,213000,0,213000
2016/02/17,0,136000,-186000,-50000
2016/02/18,0,20000,-10000,10000
2016/02/19,0,0,-20000,-20000
2016/02/22,0,590000,-31000,559000
2016/02/23,0,23000,-519000,-496000
2016/02/24,0,0,-450000,-450000
2016/02/25,0,303000,-480000,-177000
2016/02/26,0,200000,-201000,-1000
2016/02/29,0,0,0,0
2016/03/01,0,74000,-100000,-26000
2016/03/02,0,151000,-91000,60000
2016/03/03,0,469000,-120000,349000
2016/03/04,0,397000,-396000,1000
2016/03/07,0,1325000,-185000,1140000
2016/03/08,0,444000,-1080000,-636000
2016/03/09,0,115000,-76000,39000
2016/03/10,0,30000,0,30000
2016/03/11,0,2000,-188193,-186193
2016/03/14,0,18000,-33000,-15000
2016/03/15,0,0,-176000,-176000
2016/03/16,0,324000,-78000,246000
2016/03/17,0,138000,-73000,65000
2016/03/18,0,0,-151000,-151000
2016/03/21,0,0,-5000,-5000
2016/03/22,0,20000,-197000,-177000
2016/03/23,0,10000,-152000,-142000
2016/03/24,0,15000,-5000,10000
2016/03/25,0,27000,-19000,8000
2016/03/28,0,51000,0,51000
2016/03/29,0,3000,-131000,-128000
2016/03/30,0,79000,0,79000
2016/03/31,0,28000,-61382,-33382
2016/04/01,0,59000,-52000,7000
2016/04/04,0,0,0,0
2016/04/05,0,0,0,0
2016/04/06,0,116000,-103000,13000
2016/04/07,0,13000,-84000,-71000
2016/04/08,0,41000,-53000,-12000
2016/04/11,0,107000,-48000,59000
2016/04/12,0,70000,-119000,-49000
2016/04/13,0,181000,-66880,114120
2016/04/14,0,42000,-120000,-78000
2016/04/15,0,210000,-92000,118000
2016/04/18,0,0,-69000,-69000
2016/04/19,0,0,-26000,-26000
2016/04/20,0,7000,-98000,-91000
2016/04/21,0,69000,-20000,49000
2016/04/22,0,82000,-62000,20000
2016/04/25,0,19000,-75000,-56000
2016/04/26,0,200000,-6000,194000
2016/04/27,0,146000,-94000,52000
2016/04/28,0,56000,-300000,-244000
2016/04/29,0,20000,-17000,3000
2016/05/02,0,0,0,0
2016/05/03,0,4000,-74000,-70000
2016/05/04,0,3000,-25000,-22000
2016/05/05,0,46000,-10000,36000
2016/05/06,0,22000,-86000,-64000
2016/05/09,0,158000,-70000,88000
2016/05/10,0,19000,-80000,-61000
2016/05/11,0,0,-15000,-15000
2016/05/12,0,0,-54000,-54000
2016/05/13,0,0,-19000,-19000
2016/05/16,0,20000,-11000,9000
2016/05/17,0,126000,0,126000
2016/05/18,0,13000,-8000,5000
2016/05/19,0,0,-16000,-16000
2016/05/20,0,119000,-70000,49000
2016/05/23,0,146000,-414000,-268000
2016/05/24,0,46000,-319000,-273000
2016/05/25,0,168000,-32000,136000
2016/05/26,0,23000,-279000,-256000
2016/05/27,0,2000,0,2000
2016/05/30,0,36000,-69080,-33080
2016/05/31,0,105000,-47000,58000
2016/06/01,0,20000,-238000,-218000
2016/06/02,0,47000,-18000,29000
2016/06/03,0,0,-10000,-10000
2016/06/06,0,115000,-41000,74000
2016/06/07,0,93000,-34000,59000
2016/06/08,0,33000,-261000,-228000
2016/06/09,0,0,0,0
2016/06/10,0,0,0,0
2016/06/13,0,29000,-38000,-9000
2016/06/14,0,42000,-200000,-158000
2016/06/15,0,57000,-88000,-31000
2016/06/16,0,38000,-49000,-11000
2016/06/17,0,5000,-21000,-16000
2016/06/20,0,213000,-313000,-100000
2016/06/21,0,30000,-179000,-149000
2016/06/22,0,200000,-16000,184000
2016/06/23,0,23000,-317000,-294000
2016/06/24,0,489000,-134000,355000
2016/06/27,0,52000,-26000,26000
2016/06/28,0,116000,-16000,100000
2016/06/29,0,171000,-2000,169000
2016/06/30,0,591000,-506000,85000
2016/07/01,0,428000,-795000,-367000
2016/07/04,0,63000,-159000,-96000
2016/07/05,0,195000,-6000,189000
2016/07/06,0,523000,-111000,412000
2016/07/07,0,56000,-104000,-48000
2016/07/08,0,0,0,0
2016/07/11,0,461000,-58000,403000
2016/07/12,0,270000,-306000,-36000
2016/07/13,0,1885000,-573000,1312000
2016/07/14,0,57000,-1171000,-1114000
2016/07/15,0,37000,-120000,-83000
2016/07/18,0,189000,-49000,140000
2016/07/19,0,140000,-22000,118000
2016/07/20,0,138000,-219000,-81000
2016/07/21,0,229000,-2000,227000
2016/07/22,0,4000,-106000,-102000
2016/07/25,0,145000,-125000,20000
2016/07/26,0,21000,-1000,20000
2016/07/27,0,110000,-210000,-100000
2016/07/28,0,185000,-82000,103000
2016/07/29,0,51000,-176000,-125000
2016/08/01,0,47000,-4000,43000
2016/08/02,0,115000,-71000,44000
2016/08/03,0,61000,-160000,-99000
2016/08/04,0,35000,-173000,-138000
2016/08/05,0,59000,-24000,35000
2016/08/08,0,8000,-68000,-60000
2016/08/09,0,6000,0,6000
2016/08/10,0,31000,-30000,1000
2016/08/11,0,128000,-115000,13000
2016/08/12,0,0,-59000,-59000
2016/08/15,0,7000,-76000,-69000
2016/08/16,0,39000,-68000,-29000
2016/08/17,0,173000,-303000,-130000
2016/08/18,0,191000,-63000,128000
2016/08/19,0,61000,-20000,41000
2016/08/22,0,60000,-11000,49000
2016/08/23,0,60000,-26000,34000
2016/08/24,0,2000,-68000,-66000
2016/08/25,0,0,-96000,-96000
2016/08/26,0,0,-80000,-80000
2016/08/29,0,76000,-99000,-23000
2016/08/30,0,18000,-197000,-179000
2016/08/31,0,156000,-290000,-134000
2016/09/01,0,111000,-175000,-64000
2016/09/02,0,10000,-86000,-76000
2016/09/05,0,165000,-182000,-17000
2016/09/06,0,149000,-364000,-215000
2016/09/07,0,119000,-70000,49000
2016/09/08,0,252000,-144000,108000
2016/09/09,0,307000,-158000,149000
2016/09/12,0,311000,-24000,287000
2016/09/13,0,249000,-13000,236000
2016/09/14,0,184000,0,184000
2016/09/15,0,0,0,0
2016/09/16,0,0,0,0
2016/09/19,0,147000,-43000,104000
2016/09/20,0,266000,-27000,239000
2016/09/21,0,131000,-89000,42000
2016/09/22,0,78000,-8000,70000
2016/09/23,0,67000,-91000,-24000
2016/09/26,0,0,0,0
2016/09/27,0,0,0,0
2016/09/28,0,0,0,0
2016/09/29,0,54000,-21320,32680
2016/09/30,0,212000,-274000,-62000
2016/10/03,0,69000,-14000,55000
2016/10/04,0,0,-71000,-71000
2016/10/05,0,43000,-7000,36000
2016/10/06,0,0,-42000,-42000
2016/10/07,0,9000,0,9000
2016/10/10,0,0,0,0
2016/10/11,0,17000,-35000,-18000
2016/10/12,0,43000,-76000,-33000
2016/10/13,0,65000,-302000,-237000
2016/10/14,0,28000,-80000,-52000
2016/10/17,0,23000,-86000,-63000
2016/10/18,0,4000,-66000,-62000
2016/10/19,0,523000,-220000,303000
2016/10/20,0,148000,-570000,-422000
2016/10/21,0,36000,-123000,-87000
2016/10/24,0,191000,-43000,148000
2016/10/25,0,163000,-9000,154000
2016/10/26,0,20000,-15000,5000
2016/10/27,0,107000,-1000,106000
2016/10/28,0,20000,-87000,-67000
2016/10/31,0,63000,-150000,-87000
2016/11/01,0,24000,-40000,-16000
2016/11/02,0,76000,-2000,74000
2016/11/03,0,92000,-109000,-17000
2016/11/04,0,0,-27000,-27000
2016/11/07,0,292000,-2000,290000
2016/11/08,0,25000,-513000,-488000
2016/11/09,0,127000,-678000,-551000
2016/11/10,0,36000,-49000,-13000
2016/11/11,0,119000,-209000,-90000
2016/11/14,0,80000,-87000,-7000
2016/11/15,0,223000,-12000,211000
2016/11/16,0,26000,-102000,-76000
2016/11/17,0,31000,-255000,-224000
2016/11/18,0,51000,-1000,50000
2016/11/21,0,131000,-42000,89000
2016/11/22,0,180000,-41000,139000
2016/11/23,0,25000,-52000,-27000
2016/11/24,0,2000,-5000,-3000
2016/11/25,0,2000,0,2000
2016/11/28,0,188000,-68708,119292
2016/11/29,0,57000,-197000,-140000
2016/11/30,0,40000,-6000,34000
2016/12/01,0,56000,-57000,-1000
2016/12/02,0,186000,-104000,82000
2016/12/05,0,192000,-281000,-89000
2016/12/06,0,143000,-206000,-63000
2016/12/07,0,80000,-168000,-88000
2016/12/08,0,270000,-533000,-263000
2016/12/09,0,118000,-510000,-392000
2016/12/12,0,77000,-64000,13000
2016/12/13,0,382000,-433000,-51000
2016/12/14,0,286000,-61000,225000
2016/12/15,0,265000,-5000,260000
2016/12/16,0,156000,-11000,145000
2016/12/19,0,302000,-112000,190000
2016/12/20,0,149000,-32000,117000
2016/12/21,0,32000,-54000,-22000
2016/12/22,0,150000,-3000,147000
2016/12/23,0,4000,-94000,-90000
2016/12/26,0,110000,-12000,98000
2016/12/27,0,40000,-105000,-65000
2016/12/28,0,5000,-89000,-84000
2016/12/29,0,2000,-9000,-7000
2016/12/30,0,36000,-349000,-313000
2017/01/02,0,0,0,0
2017/01/03,0,39000,-70000,-31000
2017/01/04,0,0,-52000,-52000
2017/01/05,0,63000,-179000,-116000
2017/01/06,0,9000,-90000,-81000
2017/01/09,0,100000,-74000,26000
2017/01/10,0,6000,-131000,-125000
2017/01/11,0,0,-9000,-9000
2017/01/12,0,292000,-131000,161000
2017/01/13,0,25000,-161000,-136000
2017/01/16,0,160000,-23000,137000
2017/01/17,0,61000,-174000,-113000
2017/01/18,0,273000,-306000,-33000
2017/01/19,0,122000,-208000,-86000
2017/01/20,0,30000,-15000,15000
2017/01/23,0,366000,-648000,-282000
2017/01/24,0,19000,-86000,-67000
2017/01/25,0,0,0,0
2017/01/26,0,0,0,0
2017/01/27,0,0,0,0
2017/01/30,0,0,0,0
2017/01/31,0,0,0,0
2017/02/01,0,0,0,0
2017/02/02,0,545000,-661000,-116000
2017/02/03,0,74000,-1238000,-1164000
2017/02/06,0,62000,-132000,-70000
2017/02/07,0,29000,-7000,22000
2017/02/08,0,306000,-42000,264000
2017/02/09,0,60000,-63000,-3000
2017/02/10,0,113000,-23000,90000
2017/02/13,0,54000,-68000,-14000
2017/02/14,0,60000,-23000,37000
2017/02/15,0,170000,-102000,68000
2017/02/16,0,95000,-4000,91000
2017/02/17,0,40000,0,40000
2017/02/20,0,4000,-3000,1000
2017/02/21,0,2000,-17000,-15000
2017/02/22,0,35000,0,35000
2017/02/23,0,6000,-35000,-29000
2017/02/24,0,0,0,0
2017/02/27,0,0,0,0
2017/02/28,0,0,0,0
2017/03/01,0,381000,-81000,300000
2017/03/02,0,80000,-307000,-227000
2017/03/03,0,0,-148000,-148000
2017/03/06,0,0,-103000,-103000
2017/03/07,0,58000,0,58000
2017/03/08,0,51000,-153000,-102000
2017/03/09,0,211000,-6000,205000
2017/03/10,0,162000,-61000,101000
2017/03/13,0,10000,-41000,-31000
2017/03/14,0,6000,-153000,-147000
2017/03/15,0,64000,-101000,-37000
2017/03/16,0,276000,-96000,180000
2017/03/17,0,104000,-107000,-3000
2017/03/20,0,80000,0,80000
2017/03/21,0,35000,-220000,-185000
2017/03/22,0,163000,-164000,-1000
2017/03/23,0,95000,-30000,65000
2017/03/24,0,170000,-24000,146000
2017/03/27,0,6000,-93000,-87000
2017/03/28,0,352000,-10000,342000
2017/03/29,0,309000,-17000,292000
2017/03/30,0,160000,-70000,90000
2017/03/31,0,238000,0,238000
2017/04/03,0,0,0,0
2017/04/04,0,0,0,0
2017/04/05,0,141000,-63000,78000
2017/04/06,0,52000,-15180,36820
2017/04/07,0,140000,-13000,127000
2017/04/10,0,60000,0,60000
2017/04/11,0,100000,0,100000
2017/04/12,0,40000,-2000,38000
2017/04/13,0,22000,0,22000
2017/04/14,0,60000,0,60000
2017/04/17,0,113000,0,113000
2017/04/18,0,0,-1000,-1000
2017/04/19,0,136000,-56000,80000
2017/04/20,0,0,-20000,-20000
2017/04/21,0,100000,-5000,95000
2017/04/24,0,77680,-124000,-46320
2017/04/25,0,16000,-102000,-86000
2017/04/26,0,36000,-107000,-71000
2017/04/27,0,70000,0,70000
2017/04/28,0,120000,-4000,116000
2017/05/01,0,0,0,0
2017/05/02,0,0,0,0
2017/05/03,0,10000,-4000,6000
2017/05/04,0,61000,0,61000
2017/05/05,0,85000,-21000,64000
2017/05/08,0,81000,-6000,75000
2017/05/09,0,147000,-48688,98312
2017/05/10,0,167000,-1000,166000
2017/05/11,0,6000,-12000,-6000
2017/05/12,0,13000,-4000,9000
2017/05/15,0,470000,-31000,439000
2017/05/16,0,159000,-231000,-72000
2017/05/17,0,305000,-26000,279000
2017/05/18,0,175000,-51000,124000
2017/05/19,0,286000,-41000,245000
2017/05/22,0,102000,-81000,21000
2017/05/23,0,51000,-123000,-72000
2017/05/24,0,0,-39000,-39000
2017/05/25,0,62000,0,62000
2017/05/26,0,5000,-36000,-31000
2017/05/29,0,0,0,0
2017/05/30,0,0,0,0
2017/05/31,0,12000,0,12000
2017/06/01,0,0,-7000,-7000
2017/06/02,0,2000,-21000,-19000
2017/06/05,0,22000,-1000,21000
2017/06/06,0,50000,-787,49213
2017/06/07,0,12000,-54000,-42000
2017/06/08,0,0,-1000,-1000
2017/06/09,0,10000,-6000,4000
2017/06/12,0,17000,0,17000
2017/06/13,0,0,-71000,-71000
2017/06/14,0,0,-8000,-8000
2017/06/15,0,100000,-17000,83000
2017/06/16,0,152000,0,152000
2017/06/19,0,8000,0,8000
2017/06/20,0,41000,0,41000
2017/06/21,0,267000,-110000,157000
2017/06/22,0,66000,-1000,65000
2017/06/23,0,96000,-11000,85000
2017/06/26,0,506000,0,506000
2017/06/27,0,172000,0,172000
2017/06/28,0,475000,0,475000
2017/06/29,0,90000,-2000,88000
2017/06/30,0,200000,-4000,196000
2017/07/03,0,633000,0,633000
2017/07/04,0,28000,-9000,19000
2017/07/05,0,471000,-28000,443000
2017/07/06,0,0,-49000,-49000
2017/07/07,0,5000,-95000,-90000
2017/07/10,0,48000,-1000,47000
2017/07/11,0,171000,-104000,67000
2017/07/12,0,0,-147000,-147000
2017/07/13,0,1000,-38000,-37000
2017/07/14,0,0,-9000,-9000
2017/07/17,0,92000,-17000,75000
2017/07/18,0,42000,-9000,33000
2017/07/19,0,2588000,-128000,2460000
2017/07/20,0,80000,-1272000,-1192000
2017/07/21,0,0,-308000,-308000
2017/07/24,0,18000,-113000,-95000
2017/07/25,0,0,-253000,-253000
2017/07/26,0,41000,-356000,-315000
2017/07/27,0,0,-43000,-43000
2017/07/28,0,0,-260000,-260000
2017/07/31,0,0,-24000,-24000
2017/08/01,0,0,-13000,-13000
2017/08/02,0,4000,-818000,-814000
2017/08/03,0,55000,-30000,25000
2017/08/04,0,96000,-641000,-545000
2017/08/07,0,53000,0,53000
2017/08/08,0,2000,-172000,-170000
2017/08/09,0,0,-303000,-303000
2017/08/10,0,13000,-174000,-161000
2017/08/11,0,0,-26000,-26000
2017/08/14,0,0,-43000,-43000
2017/08/15,0,1000,-32000,-31000
2017/08/16,0,2000,-41000,-39000
2017/08/17,0,0,-3000,-3000
2017/08/18,0,10000,-64000,-54000
