Date,Open,Buy,Sell,Total
2007/04/23,0,285000,-28000,257000
2007/04/24,0,7000,-105000,-98000
2007/04/25,0,65000,0,65000
2007/04/26,0,56000,-981000,-925000
2007/04/27,0,22000,-657000,-635000
2007/04/30,0,168000,-25000,143000
2007/05/01,0,0,0,0
2007/05/02,0,2000,-15000,-13000
2007/05/03,0,22000,-111000,-89000
2007/05/04,0,78000,-202000,-124000
2007/05/07,0,232000,-320000,-88000
2007/05/08,0,16000,-104000,-88000
2007/05/09,0,0,-3000,-3000
2007/05/10,0,120000,-86000,34000
2007/05/11,0,6000,-235000,-229000
2007/05/14,0,0,-50000,-50000
2007/05/15,0,0,-22000,-22000
2007/05/16,0,55000,0,55000
2007/05/17,0,80000,-92000,-12000
2007/05/18,0,15000,-11000,4000
2007/05/21,0,265000,-100000,165000
2007/05/22,0,75000,-58000,17000
2007/05/23,0,27000,-46000,-19000
2007/05/24,0,255000,-10000,245000
2007/05/25,0,15000,-6000,9000
2007/05/28,0,15000,-2000,13000
2007/05/29,0,50000,0,50000
2007/05/30,0,9000,-25000,-16000
2007/05/31,0,0,-100000,-100000
2007/06/01,0,25000,0,25000
2007/06/04,0,0,0,0
2007/06/05,0,0,-50000,-50000
2007/06/06,0,0,0,0
2007/06/07,0,75000,0,75000
2007/06/08,0,3000,-29000,-26000
2007/06/11,0,0,0,0
2007/06/12,0,2000,-65000,-63000
2007/06/13,0,0,-11000,-11000
2007/06/14,0,15000,-5000,10000
2007/06/15,0,10000,-155000,-145000
2007/06/18,0,0,0,0
2007/06/19,0,0,0,0
2007/06/20,0,325000,-59000,266000
2007/06/21,0,250000,-44000,206000
2007/06/22,0,83000,-133000,-50000
2007/06/25,0,442000,-100000,342000
2007/06/26,0,117000,0,117000
2007/06/27,0,57000,0,57000
2007/06/28,0,135000,-40000,95000
2007/06/29,0,36000,-143000,-107000
2007/07/02,0,70000,-38000,32000
2007/07/03,0,125000,-56000,69000
2007/07/04,0,188000,-10000,178000
2007/07/05,0,206000,-1000,205000
2007/07/06,0,117000,-21000,96000
2007/07/09,0,257000,-58000,199000
2007/07/10,0,149000,0,149000
2007/07/11,0,160000,-54000,106000
2007/07/12,0,804000,-74000,730000
2007/07/13,0,2345000,-58000,2287000
2007/07/16,0,2028000,-770000,1258000
2007/07/17,0,270000,-1016000,-746000
2007/07/18,0,8000,-351000,-343000
2007/07/19,0,203000,-221000,-18000
2007/07/20,0,0,-330000,-330000
2007/07/23,0,7000,-100000,-93000
2007/07/24,0,366000,-230000,136000
2007/07/25,0,200000,-95000,105000
2007/07/26,0,437000,-1136000,-699000
2007/07/27,0,530000,-519000,11000
2007/07/30,0,172000,-320000,-148000
2007/07/31,0,865000,-132000,733000
2007/08/01,0,297000,-1139000,-842000
2007/08/02,0,611000,-718000,-107000
2007/08/03,0,21000,-176000,-155000
2007/08/06,0,45000,-63000,-18000
2007/08/07,0,265000,-144000,121000
2007/08/08,0,7000,-9000,-2000
2007/08/09,0,39000,-3000,36000
2007/08/10,0,12000,-109000,-97000
2007/08/13,0,130000,0,130000
2007/08/14,0,38000,-22000,16000
2007/08/15,0,294000,-726000,-432000
2007/08/16,0,110000,-718000,-608000
2007/08/17,0,167000,-458000,-291000
2007/08/20,0,378000,-343000,35000
2007/08/21,0,31000,-273000,-242000
2007/08/22,0,116000,-20000,96000
2007/08/23,0,213000,-156000,57000
2007/08/24,0,11000,-100000,-89000
2007/08/27,0,40000,-320000,-280000
2007/08/28,0,42000,-18000,24000
2007/08/29,0,45000,-15000,30000
2007/08/30,0,468000,-74000,394000
2007/08/31,0,229000,-1229000,-1000000
2007/09/03,0,605000,-500000,105000
2007/09/04,0,152000,-53000,99000
2007/09/05,0,175000,-10000,165000
2007/09/06,0,2000,-5000,-3000
2007/09/07,0,19000,-245000,-226000
2007/09/10,0,61000,-231000,-170000
2007/09/11,0,7000,-80000,-73000
2007/09/12,0,48000,-55000,-7000
2007/09/13,0,10000,-210000,-200000
2007/09/14,0,17000,-103000,-86000
2007/09/17,0,41000,-170000,-129000
2007/09/18,0,0,0,0
2007/09/19,0,87000,-337000,-250000
2007/09/20,0,639000,-292000,347000
2007/09/21,0,80000,-310000,-230000
2007/09/24,0,0,0,0
2007/09/25,0,0,0,0
2007/09/26,0,529000,-235000,294000
2007/09/27,0,40000,-426000,-386000
2007/09/28,0,96000,-427000,-331000
2007/10/01,0,529000,-272000,257000
2007/10/02,0,246000,-40000,206000
2007/10/03,0,694000,-372000,322000
2007/10/04,0,110000,-644000,-534000
2007/10/05,0,53000,-305000,-252000
2007/10/08,0,202000,-300000,-98000
2007/10/09,0,100000,-85000,15000
2007/10/10,0,0,0,0
2007/10/11,0,114000,-197,113803
2007/10/12,0,67000,-132000,-65000
2007/10/15,0,0,-46000,-46000
2007/10/16,0,90000,-577000,-487000
2007/10/17,0,28000,-217000,-189000
2007/10/18,0,129000,-1000,128000
2007/10/19,0,10000,-4000,6000
2007/10/22,0,51000,-139000,-88000
2007/10/23,0,22000,-40000,-18000
2007/10/24,0,23000,-35000,-12000
2007/10/25,0,12000,-91000,-79000
2007/10/26,0,84000,-30000,54000
2007/10/29,0,193000,-335000,-142000
2007/10/30,0,79000,-10000,69000
2007/10/31,0,242000,-114000,128000
2007/11/01,0,25000,-120000,-95000
2007/11/02,0,42000,-183000,-141000
2007/11/05,0,88000,-377000,-289000
2007/11/06,0,0,-21000,-21000
2007/11/07,0,10000,-15000,-5000
2007/11/08,0,65000,-291000,-226000
2007/11/09,0,44000,-80000,-36000
2007/11/12,0,98000,-627000,-529000
2007/11/13,0,137000,-2000,135000
2007/11/14,0,154000,-31000,123000
2007/11/15,0,52000,-26000,26000
2007/11/16,0,29000,-212000,-183000
2007/11/19,0,52000,-10000,42000
2007/11/20,0,118000,-90000,28000
2007/11/21,0,13000,-343000,-330000
2007/11/22,0,17000,-15000,2000
2007/11/23,0,0,-36000,-36000
2007/11/26,0,57000,-1000,56000
2007/11/27,0,22000,-52000,-30000
2007/11/28,0,15000,-9000,6000
2007/11/29,0,29000,-34000,-5000
2007/11/30,0,68000,-2000,66000
2007/12/03,0,5000,-2000,3000
2007/12/04,0,100000,-30000,70000
2007/12/05,0,1000,-264000,-263000
2007/12/06,0,29000,-16000,13000
2007/12/07,0,26000,0,26000
2007/12/10,0,15000,-11000,4000
2007/12/11,0,113000,-10000,103000
2007/12/12,0,276000,-17000,259000
2007/12/13,0,41000,-55000,-14000
2007/12/14,0,82000,-34000,48000
2007/12/17,0,163000,-10000,153000
2007/12/18,0,309000,0,309000
2007/12/19,0,112000,-29000,83000
2007/12/20,0,302000,-38000,264000
2007/12/21,0,118000,-207000,-89000
2007/12/24,0,109000,-71232,37768
2007/12/25,0,0,-37000,-37000
2007/12/26,0,0,-152000,-152000
2007/12/27,0,7000,-152000,-145000
2007/12/28,0,2000,-264000,-262000
2007/12/31,0,7000,-101000,-94000
2008/01/01,0,0,0,0
2008/01/02,0,0,-124000,-124000
2008/01/03,0,48000,0,48000
2008/01/04,0,28000,-13000,15000
2008/01/07,0,157000,-36000,121000
2008/01/08,0,17000,-158000,-141000
2008/01/09,0,62000,-168000,-106000
2008/01/10,0,28000,-15000,13000
2008/01/11,0,0,-2000,-2000
2008/01/14,0,219000,-91000,128000
2008/01/15,0,5000,-303000,-298000
2008/01/16,0,70000,-13000,57000
2008/01/17,0,94000,-616,93384
2008/01/18,0,105000,-38000,67000
2008/01/21,0,16000,-33000,-17000
2008/01/22,0,73000,-473000,-400000
2008/01/23,0,74000,-2000,72000
2008/01/24,0,26000,-33000,-7000
2008/01/25,0,69000,-214000,-145000
2008/01/28,0,79000,0,79000
2008/01/29,0,53000,0,53000
2008/01/30,0,9000,-418000,-409000
2008/01/31,0,10000,-74000,-64000
2008/02/01,0,75000,-8000,67000
2008/02/04,0,0,0,0
2008/02/05,0,0,0,0
2008/02/06,0,0,0,0
2008/02/07,0,0,0,0
2008/02/08,0,0,0,0
2008/02/11,0,0,0,0
2008/02/12,0,11000,-31000,-20000
2008/02/13,0,15000,-13000,2000
2008/02/14,0,33000,0,33000
2008/02/15,0,55000,0,55000
2008/02/18,0,11000,-17000,-6000
2008/02/19,0,6000,0,6000
2008/02/20,0,0,-3000,-3000
2008/02/21,0,98000,-21000,77000
2008/02/22,0,21000,-23000,-2000
2008/02/25,0,24000,-17094,6906
2008/02/26,0,0,-107094,-107094
2008/02/27,0,0,-133208,-133208
2008/02/28,0,0,0,0
2008/02/29,0,0,-59000,-59000
2008/03/03,0,15000,-18547,-3547
2008/03/04,0,79000,-251000,-172000
2008/03/05,0,470000,-50094,419906
2008/03/06,0,22000,-52598,-30598
2008/03/07,0,22000,-42000,-20000
2008/03/10,0,39000,-35000,4000
2008/03/11,0,86000,-12000,74000
2008/03/12,0,26000,-69288,-43288
2008/03/13,0,5000,-2000,3000
2008/03/14,0,55000,-107000,-52000
2008/03/17,0,54000,-168000,-114000
2008/03/18,0,81000,-51000,30000
2008/03/19,0,21000,-36000,-15000
2008/03/20,0,60000,-154000,-94000
2008/03/21,0,50000,-71000,-21000
2008/03/24,0,188000,-383000,-195000
2008/03/25,0,85000,-166000,-81000
2008/03/26,0,67000,-83000,-16000
2008/03/27,0,91000,-55000,36000
2008/03/28,0,611000,-44000,567000
2008/03/31,0,220000,-123937,96063
2008/04/01,0,0,-996000,-996000
2008/04/02,0,29000,-15000,14000
2008/04/03,0,0,0,0
2008/04/04,0,0,0,0
2008/04/07,0,45000,-5000,40000
2008/04/08,0,0,-38000,-38000
2008/04/09,0,65000,-59000,6000
2008/04/10,0,0,-60000,-60000
2008/04/11,0,40000,-58000,-18000
2008/04/14,0,55000,-86228,-31228
2008/04/15,0,15000,-47000,-32000
2008/04/16,0,20000,-87000,-67000
2008/04/17,0,33000,-28000,5000
2008/04/18,0,19000,-166000,-147000
2008/04/21,0,4000,0,4000
2008/04/22,0,41000,-80000,-39000
2008/04/23,0,54000,-4000,50000
2008/04/24,0,11000,-4000,7000
2008/04/25,0,29000,-40000,-11000
2008/04/28,0,39000,0,39000
2008/04/29,0,65000,-5000,60000
2008/04/30,0,41000,0,41000
2008/05/01,0,0,0,0
2008/05/02,0,82000,-1000,81000
2008/05/05,0,48000,-25000,23000
2008/05/06,0,67000,-6000,61000
2008/05/07,0,0,-14000,-14000
2008/05/08,0,16000,-5000,11000
2008/05/09,0,1000,-29000,-28000
2008/05/12,0,62000,-2000,60000
2008/05/13,0,110000,0,110000
2008/05/14,0,1000,0,1000
2008/05/15,0,39000,-32000,7000
2008/05/16,0,39000,-29000,10000
2008/05/19,0,84000,-2000,82000
2008/05/20,0,51000,-167000,-116000
2008/05/21,0,13000,-47000,-34000
2008/05/22,0,7000,-2000,5000
2008/05/23,0,1000,-6000,-5000
2008/05/26,0,20000,0,20000
2008/05/27,0,27000,0,27000
2008/05/28,0,13000,0,13000
2008/05/29,0,48000,-34000,14000
2008/05/30,0,43000,0,43000
2008/06/02,0,39000,0,39000
2008/06/03,0,30000,0,30000
2008/06/04,0,1000,0,1000
2008/06/05,0,66000,-33000,33000
2008/06/06,0,9000,0,9000
2008/06/09,0,0,-4000,-4000
2008/06/10,0,16000,-22000,-6000
2008/06/11,0,38000,0,38000
2008/06/12,0,141000,0,141000
2008/06/13,0,73000,-69000,4000
2008/06/16,0,45000,-9000,36000
2008/06/17,0,36000,-14000,22000
2008/06/18,0,1000,-10000,-9000
2008/06/19,0,64000,-33000,31000
2008/06/20,0,45000,-197000,-152000
2008/06/23,0,184000,0,184000
2008/06/24,0,33000,-50000,-17000
2008/06/25,0,122000,-45000,77000
2008/06/26,0,0,-30000,-30000
2008/06/27,0,22000,-98000,-76000
2008/06/30,0,67000,-61000,6000
2008/07/01,0,134000,0,134000
2008/07/02,0,48000,-17000,31000
2008/07/03,0,63000,-29000,34000
2008/07/04,0,142000,-31000,111000
2008/07/07,0,2000,-138000,-136000
2008/07/08,0,72000,-149000,-77000
2008/07/09,0,252000,-65000,187000
2008/07/10,0,88000,-17000,71000
2008/07/11,0,206000,-121000,85000
2008/07/14,0,86000,-61000,25000
2008/07/15,0,35000,-376000,-341000
2008/07/16,0,75000,-44535,30465
2008/07/17,0,75000,-21715,53285
2008/07/18,0,135000,-41000,94000
2008/07/21,0,416000,0,416000
2008/07/22,0,109000,-569000,-460000
2008/07/23,0,290000,-48000,242000
2008/07/24,0,2000,-550000,-548000
2008/07/25,0,120000,-20000,100000
2008/07/28,0,0,0,0
2008/07/29,0,20000,-37000,-17000
2008/07/30,0,0,-84000,-84000
2008/07/31,0,43000,-77000,-34000
2008/08/01,0,89000,-1000,88000
2008/08/04,0,19000,0,19000
2008/08/05,0,59000,-18000,41000
2008/08/06,0,83000,-42000,41000
2008/08/07,0,32000,-3000,29000
2008/08/08,0,25000,0,25000
2008/08/11,0,0,-59000,-59000
2008/08/12,0,0,-1000,-1000
2008/08/13,0,41000,-46000,-5000
2008/08/14,0,124000,-51000,73000
2008/08/15,0,32000,-62000,-30000
2008/08/18,0,0,-113815,-113815
2008/08/19,0,440,-28000,-27560
2008/08/20,0,0,-21000,-21000
2008/08/21,0,11000,-157635,-146635
2008/08/22,0,11000,-130000,-119000
2008/08/25,0,6000,-17000,-11000
2008/08/26,0,3000,-40000,-37000
2008/08/27,0,30000,-29000,1000
2008/08/28,0,121000,-49000,72000
2008/08/29,0,32000,-19000,13000
2008/09/01,0,0,-2000,-2000
2008/09/02,0,3104,-89000,-85896
2008/09/03,0,36000,-82431,-46431
2008/09/04,0,53000,-35000,18000
2008/09/05,0,11000,-18000,-7000
2008/09/08,0,0,-41000,-41000
2008/09/09,0,3000,-14032,-11032
2008/09/10,0,143000,-7000,136000
2008/09/11,0,115000,-43000,72000
2008/09/12,0,0,-43000,-43000
2008/09/15,0,100000,-53000,47000
2008/09/16,0,387000,-11000,376000
2008/09/17,0,75000,-288000,-213000
2008/09/18,0,103000,-22000,81000
2008/09/19,0,3000,-142000,-139000
2008/09/22,0,0,-174000,-174000
2008/09/23,0,77000,-13000,64000
2008/09/24,0,81000,-130000,-49000
2008/09/25,0,78000,-32000,46000
2008/09/26,0,11000,-129000,-118000
2008/09/29,0,0,0,0
2008/09/30,0,0,-66000,-66000
2008/10/01,0,26000,-82000,-56000
2008/10/02,0,4000,-25415,-21415
2008/10/03,0,33000,-15000,18000
2008/10/06,0,0,-13660,-13660
2008/10/07,0,66000,-9000,57000
2008/10/08,0,11000,0,11000
2008/10/09,0,3000,-33000,-30000
2008/10/10,0,0,0,0
2008/10/13,0,12000,0,12000
2008/10/14,0,0,0,0
2008/10/15,0,2000,-93494,-91494
2008/10/16,0,0,0,0
2008/10/17,0,0,-4000,-4000
2008/10/20,0,0,-8685,-8685
2008/10/21,0,0,-3000,-3000
2008/10/22,0,7000,-32000,-25000
2008/10/23,0,0,-11301,-11301
2008/10/24,0,0,-2288,-2288
2008/10/27,0,42000,-34000,8000
2008/10/28,0,4000,-8000,-4000
2008/10/29,0,0,0,0
2008/10/30,0,10000,-69000,-59000
2008/10/31,0,43000,-214000,-171000
2008/11/03,0,34000,-409000,-375000
2008/11/04,0,69000,-24000,45000
2008/11/05,0,45000,-1000,44000
2008/11/06,0,5000,-34112,-29112
2008/11/07,0,9000,-86000,-77000
2008/11/10,0,42000,-21000,21000
2008/11/11,0,73000,-11000,62000
2008/11/12,0,23000,-79000,-56000
2008/11/13,0,0,-82304,-82304
2008/11/14,0,5000,-21000,-16000
2008/11/17,0,19000,-3926,15074
2008/11/18,0,10000,-14000,-4000
2008/11/19,0,11000,-49000,-38000
2008/11/20,0,0,-13000,-13000
2008/11/21,0,31000,-71000,-40000
2008/11/24,0,1000,-10000,-9000
2008/11/25,0,2000,0,2000
2008/11/26,0,3000,0,3000
2008/11/27,0,16000,0,16000
2008/11/28,0,17000,-19000,-2000
2008/12/01,0,1000,0,1000
2008/12/02,0,23000,-3000,20000
2008/12/03,0,8000,-56000,-48000
2008/12/04,0,0,-21991,-21991
2008/12/05,0,14000,-5000,9000
2008/12/08,0,21000,0,21000
2008/12/09,0,14000,-18000,-4000
2008/12/10,0,7000,-2000,5000
2008/12/11,0,23000,-36000,-13000
2008/12/12,0,10000,-31000,-21000
2008/12/15,0,31000,-16000,15000
2008/12/16,0,0,-39000,-39000
2008/12/17,0,0,-25000,-25000
2008/12/18,0,0,-10000,-10000
2008/12/19,0,20000,-10000,10000
2008/12/22,0,24000,-9000,15000
2008/12/23,0,5000,-30000,-25000
2008/12/24,0,6000,0,6000
2008/12/25,0,0,-5000,-5000
2008/12/26,0,0,-4000,-4000
2008/12/29,0,0,-19000,-19000
2008/12/30,0,13000,-8404,4596
2008/12/31,0,0,-8000,-8000
2009/01/01,0,0,0,0
2009/01/02,0,0,0,0
2009/01/05,0,18000,-9000,9000
2009/01/06,0,50000,0,50000
2009/01/07,0,3000,-7000,-4000
2009/01/08,0,0,-76000,-76000
2009/01/09,0,0,-4000,-4000
2009/01/12,0,0,0,0
2009/01/13,0,0,0,0
2009/01/14,0,8000,-3000,5000
2009/01/15,0,0,0,0
2009/01/16,0,0,0,0
2009/01/19,0,19000,-6000,13000
2009/01/20,0,0,-4000,-4000
2009/01/21,0,0,-1000,-1000
2009/01/22,0,0,0,0
2009/01/23,0,0,0,0
2009/01/26,0,0,0,0
2009/01/27,0,0,0,0
2009/01/28,0,0,0,0
2009/01/29,0,0,0,0
2009/01/30,0,0,0,0
2009/02/02,0,19000,-19000,0
2009/02/03,0,0,-15000,-15000
2009/02/04,0,0,0,0
2009/02/05,0,0,0,0
2009/02/06,0,0,-19000,-19000
2009/02/09,0,0,-12000,-12000
2009/02/10,0,0,-14000,-14000
2009/02/11,0,16000,-3000,13000
2009/02/12,0,13000,-30000,-17000
2009/02/13,0,18000,0,18000
2009/02/16,0,5000,-25000,-20000
2009/02/17,0,0,-44000,-44000
2009/02/18,0,25000,-50000,-25000
2009/02/19,0,14000,-18000,-4000
2009/02/20,0,4000,-27686,-23686
2009/02/23,0,0,-11000,-11000
2009/02/24,0,0,-14000,-14000
2009/02/25,0,4000,0,4000
2009/02/26,0,4000,0,4000
2009/02/27,0,3000,-14000,-11000
2009/03/02,0,14000,-68000,-54000
2009/03/03,0,4000,-17000,-13000
2009/03/04,0,0,-18000,-18000
2009/03/05,0,17000,-2000,15000
2009/03/06,0,4000,0,4000
2009/03/09,0,18000,0,18000
2009/03/10,0,2000,-40000,-38000
2009/03/11,0,132000,-16000,116000
2009/03/12,0,31000,-103000,-72000
2009/03/13,0,101000,-282,100718
2009/03/16,0,20000,0,20000
2009/03/17,0,60000,-42000,18000
2009/03/18,0,38000,-105000,-67000
2009/03/19,0,0,-18000,-18000
2009/03/20,0,35000,-64000,-29000
2009/03/23,0,17000,-7000,10000
2009/03/24,0,714000,-4000,710000
2009/03/25,0,133000,0,133000
2009/03/26,0,25000,-4000,21000
2009/03/27,0,0,-113000,-113000
2009/03/30,0,0,-16000,-16000
2009/03/31,0,17000,0,17000
2009/04/01,0,26000,-13000,13000
2009/04/02,0,139000,0,139000
2009/04/03,0,134000,-514000,-380000
2009/04/06,0,85000,-14282,70718
2009/04/07,0,59000,-10000,49000
2009/04/08,0,0,-494000,-494000
2009/04/09,0,106000,-2000,104000
2009/04/10,0,76000,-120000,-44000
2009/04/13,0,46000,-36000,10000
2009/04/14,0,44000,-41000,3000
2009/04/15,0,39000,-132000,-93000
2009/04/16,0,132000,-46000,86000
2009/04/17,0,99000,-62281,36719
2009/04/20,0,117000,-14000,103000
2009/04/21,0,65000,-24000,41000
2009/04/22,0,0,-141339,-141339
2009/04/23,0,0,-99000,-99000
2009/04/24,0,198000,-124000,74000
2009/04/27,0,303000,-58000,245000
2009/04/28,0,113000,-38000,75000
2009/04/29,0,87000,-13000,74000
2009/04/30,0,14000,0,14000
2009/05/01,0,0,0,0
2009/05/04,0,6000,-398000,-392000
2009/05/05,0,97000,-25000,72000
2009/05/06,0,136000,-57000,79000
2009/05/07,0,15000,-128000,-113000
2009/05/08,0,106000,-7000,99000
2009/05/11,0,6000,-97000,-91000
2009/05/12,0,89000,-10000,79000
2009/05/13,0,2000,-28000,-26000
2009/05/14,0,0,-70000,-70000
2009/05/15,0,0,-144000,-144000
2009/05/18,0,0,-81000,-81000
2009/05/19,0,18000,0,18000
2009/05/20,0,1000,-25000,-24000
2009/05/21,0,0,-95000,-95000
2009/05/22,0,0,-32000,-32000
2009/05/25,0,7000,-4000,3000
2009/05/26,0,49000,-15000,34000
2009/05/27,0,48000,-14000,34000
2009/05/28,0,0,0,0
2009/05/29,0,0,0,0
2009/06/01,0,49000,-36000,13000
2009/06/02,0,0,-83000,-83000
2009/06/03,0,68000,0,68000
2009/06/04,0,94000,-23000,71000
2009/06/05,0,4000,-39000,-35000
2009/06/08,0,15000,-21000,-6000
2009/06/09,0,211000,0,211000
2009/06/10,0,21000,-9000,12000
2009/06/11,0,50000,-43000,7000
2009/06/12,0,925,-225000,-224075
2009/06/15,0,19000,-98000,-79000
2009/06/16,0,1000,-12000,-11000
2009/06/17,0,63329,0,63329
2009/06/18,0,3000,-62000,-59000
2009/06/19,0,10000,-19000,-9000
2009/06/22,0,14000,-36000,-22000
2009/06/23,0,0,-8000,-8000
2009/06/24,0,40000,-41000,-1000
2009/06/25,0,24663,-12000,12663
2009/06/26,0,0,-11000,-11000
2009/06/29,0,22000,-8326,13674
2009/06/30,0,46000,-6000,40000
2009/07/01,0,157000,0,157000
2009/07/02,0,9000,-4000,5000
2009/07/03,0,11000,-14000,-3000
2009/07/06,0,1000,-49000,-48000
2009/07/07,0,52658,0,52658
2009/07/08,0,0,-6000,-6000
2009/07/09,0,79000,0,79000
2009/07/10,0,8000,-7000,1000
2009/07/13,0,51000,-28000,23000
2009/07/14,0,4000,-20000,-16000
2009/07/15,0,248709,-5000,243709
2009/07/16,0,137000,-2000,135000
2009/07/17,0,391000,0,391000
2009/07/20,0,19000,-241000,-222000
2009/07/21,0,7000,-8000,-1000
2009/07/22,0,66000,-46000,20000
2009/07/23,0,18000,-16000,2000
2009/07/24,0,1812,-47000,-45188
2009/07/27,0,63000,-3000,60000
2009/07/28,0,66686,-33000,33686
2009/07/29,0,69000,-41000,28000
2009/07/30,0,1000,-29000,-28000
2009/07/31,0,30000,-116000,-86000
2009/08/03,0,9156,-145000,-135844
2009/08/04,0,0,-165000,-165000
2009/08/05,0,1000,-155000,-154000
2009/08/06,0,1000,-32000,-31000
2009/08/07,0,0,0,0
2009/08/10,0,46000,-45000,1000
2009/08/11,0,1000,-19000,-18000
2009/08/12,0,0,-10000,-10000
2009/08/13,0,7000,-10000,-3000
2009/08/14,0,7000,-9000,-2000
2009/08/17,0,4000,-69000,-65000
2009/08/18,0,82000,-5000,77000
2009/08/19,0,61000,-52000,9000
2009/08/20,0,0,-83000,-83000
2009/08/21,0,5000,-153000,-148000
2009/08/24,0,7000,-4000,3000
2009/08/25,0,0,-20000,-20000
2009/08/26,0,0,-13000,-13000
2009/08/27,0,0,0,0
2009/08/28,0,1000,-29000,-28000
2009/08/31,0,0,-8000,-8000
2009/09/01,0,6000,-5000,1000
2009/09/02,0,0,0,0
2009/09/03,0,0,0,0
2009/09/04,0,7000,-15000,-8000
2009/09/07,0,0,-10000,-10000
2009/09/08,0,129000,0,129000
2009/09/09,0,12000,-13000,-1000
2009/09/10,0,110000,-6000,104000
2009/09/11,0,3000,-7000,-4000
2009/09/14,0,9000,-82000,-73000
2009/09/15,0,0,0,0
2009/09/16,0,18000,-62000,-44000
2009/09/17,0,9000,-3000,6000
2009/09/18,0,74000,-22000,52000
2009/09/21,0,2000,-138000,-136000
2009/09/22,0,0,-14000,-14000
2009/09/23,0,0,-69000,-69000
2009/09/24,0,0,-8000,-8000
2009/09/25,0,3000,-80000,-77000
2009/09/28,0,0,-4337,-4337
2009/09/29,0,15000,0,15000
2009/09/30,0,0,-1000,-1000
2009/10/01,0,0,-9000,-9000
2009/10/02,0,41000,-26000,15000
2009/10/05,0,9000,-52000,-43000
2009/10/06,0,0,-25000,-25000
2009/10/07,0,100000,0,100000
2009/10/08,0,150000,-16000,134000
2009/10/09,0,5000,-77000,-72000
2009/10/12,0,332000,-164000,168000
2009/10/13,0,14000,-15000,-1000
2009/10/14,0,0,-1000,-1000
2009/10/15,0,171000,-8000,163000
2009/10/16,0,32000,-10000,22000
2009/10/19,0,195000,-10000,185000
2009/10/20,0,70000,-5000,65000
2009/10/21,0,10000,-183000,-173000
2009/10/22,0,82000,-20000,62000
2009/10/23,0,0,-5000,-5000
2009/10/26,0,41000,-70000,-29000
2009/10/27,0,195000,-305000,-110000
2009/10/28,0,4000,-248000,-244000
2009/10/29,0,47000,-51000,-4000
2009/10/30,0,117000,-62000,55000
2009/11/02,0,0,-47000,-47000
2009/11/03,0,0,-54000,-54000
2009/11/04,0,0,0,0
2009/11/05,0,10000,-6000,4000
2009/11/06,0,0,-60000,-60000
2009/11/09,0,88000,-40000,48000
2009/11/10,0,2000,0,2000
2009/11/11,0,237000,0,237000
2009/11/12,0,0,0,0
2009/11/13,0,149000,0,149000
2009/11/16,0,1000,0,1000
2009/11/17,0,12000,-31000,-19000
2009/11/18,0,0,-9000,-9000
2009/11/19,0,8000,0,8000
2009/11/20,0,10000,-43000,-33000
2009/11/23,0,0,-2000,-2000
2009/11/24,0,3000,0,3000
2009/11/25,0,224000,0,224000
2009/11/26,0,63000,0,63000
2009/11/27,0,92000,-72000,20000
2009/11/30,0,0,-66000,-66000
2009/12/01,0,17000,-3000,14000
2009/12/02,0,33000,-28000,5000
2009/12/03,0,3000,0,3000
2009/12/04,0,9000,-4000,5000
2009/12/07,0,69000,-7000,62000
2009/12/08,0,0,-7000,-7000
2009/12/09,0,38000,-258000,-220000
2009/12/10,0,80000,-141000,-61000
2009/12/11,0,0,-17592,-17592
2009/12/14,0,6000,-44000,-38000
2009/12/15,0,0,-206000,-206000
2009/12/16,0,9000,-130000,-121000
2009/12/17,0,24000,-2000,22000
2009/12/18,0,6000,-4000,2000
2009/12/21,0,11000,-4000,7000
2009/12/22,0,0,-4000,-4000
2009/12/23,0,30000,-88000,-58000
2009/12/24,0,0,-16000,-16000
2009/12/25,0,0,-3000,-3000
2009/12/28,0,105000,-9000,96000
2009/12/29,0,16000,-6000,10000
2009/12/30,0,3000,0,3000
2009/12/31,0,76000,0,76000
2010/01/01,0,0,0,0
2010/01/04,0,12000,-91000,-79000
2010/01/05,0,87000,-27000,60000
2010/01/06,0,58000,-9000,49000
2010/01/07,0,38000,-10000,28000
2010/01/08,0,86000,-4000,82000
2010/01/11,0,6000,-44000,-38000
2010/01/12,0,35000,-1000,34000
2010/01/13,0,50000,-8000,42000
2010/01/14,0,20000,-20000,0
2010/01/15,0,0,-46000,-46000
2010/01/18,0,8000,0,8000
2010/01/19,0,40419,-25000,15419
2010/01/20,0,2000,-32000,-30000
2010/01/21,0,11000,-71000,-60000
2010/01/22,0,5000,-29000,-24000
2010/01/25,0,3000,-52000,-49000
2010/01/26,0,61000,-198000,-137000
2010/01/27,0,17000,-15000,2000
2010/01/28,0,46000,-18000,28000
2010/01/29,0,16000,-57000,-41000
2010/02/01,0,0,-61000,-61000
2010/02/02,0,7000,-33000,-26000
2010/02/03,0,0,-4000,-4000
2010/02/04,0,17000,0,17000
2010/02/05,0,44000,-1000,43000
2010/02/08,0,23000,-10000,13000
2010/02/09,0,4000,-20000,-16000
2010/02/10,0,68000,-54000,14000
2010/02/11,0,0,0,0
2010/02/12,0,0,0,0
2010/02/15,0,0,0,0
2010/02/16,0,0,0,0
2010/02/17,0,0,0,0
2010/02/18,0,0,0,0
2010/02/19,0,0,0,0
2010/02/22,0,94000,-19000,75000
2010/02/23,0,0,-9000,-9000
2010/02/24,0,2000,-383,1617
2010/02/25,0,66000,-34000,32000
2010/02/26,0,6000,-1000,5000
2010/03/01,0,31000,0,31000
2010/03/02,0,4000,0,4000
2010/03/03,0,3000,0,3000
2010/03/04,0,50000,-95000,-45000
2010/03/05,0,117000,-4000,113000
2010/03/08,0,75000,0,75000
2010/03/09,0,13000,0,13000
2010/03/10,0,12000,-11000,1000
2010/03/11,0,296000,0,296000
2010/03/12,0,25000,0,25000
2010/03/15,0,49000,-102000,-53000
2010/03/16,0,107000,-13000,94000
2010/03/17,0,410000,0,410000
2010/03/18,0,133000,0,133000
2010/03/19,0,119000,-60000,59000
2010/03/22,0,3000,-86000,-83000
2010/03/23,0,24000,-3000,21000
2010/03/24,0,61000,-51000,10000
2010/03/25,0,215000,-9000,206000
2010/03/26,0,125000,-6000,119000
2010/03/29,0,125000,0,125000
2010/03/30,0,0,-3000,-3000
2010/03/31,0,10000,-12000,-2000
2010/04/01,0,89000,0,89000
2010/04/02,0,0,-24000,-24000
2010/04/05,0,0,0,0
2010/04/06,0,246000,0,246000
2010/04/07,0,0,-24000,-24000
2010/04/08,0,57000,-4000,53000
2010/04/09,0,7000,0,7000
2010/04/12,0,0,-78000,-78000
2010/04/13,0,7000,-28000,-21000
2010/04/14,0,0,-2000,-2000
2010/04/15,0,16000,0,16000
2010/04/16,0,0,-18000,-18000
2010/04/19,0,13000,-23000,-10000
2010/04/20,0,3000,-251000,-248000
2010/04/21,0,1000,-2000,-1000
2010/04/22,0,3000,-5000,-2000
2010/04/23,0,0,-21000,-21000
2010/04/26,0,93000,-16000,77000
2010/04/27,0,106000,-17000,89000
2010/04/28,0,25000,-2000,23000
2010/04/29,0,50000,-42000,8000
2010/04/30,0,43000,-222000,-179000
2010/05/03,0,227000,0,227000
2010/05/04,0,0,-22000,-22000
2010/05/05,0,0,-117000,-117000
2010/05/06,0,0,-198000,-198000
2010/05/07,0,37000,-26000,11000
2010/05/10,0,32000,-128252,-96252
2010/05/11,0,1000,-196588,-195588
2010/05/12,0,4000,-351000,-347000
2010/05/13,0,19000,-16000,3000
2010/05/14,0,102000,-15000,87000
2010/05/17,0,0,-148000,-148000
2010/05/18,0,64000,-17000,47000
2010/05/19,0,156000,-95000,61000
2010/05/20,0,0,-69000,-69000
2010/05/21,0,7000,-18000,-11000
2010/05/24,0,0,0,0
2010/05/25,0,80000,-59000,21000
2010/05/26,0,75000,-102000,-27000
2010/05/27,0,25000,-16000,9000
2010/05/28,0,0,-43000,-43000
2010/05/31,0,0,-17000,-17000
2010/06/01,0,0,-57000,-57000
2010/06/02,0,0,0,0
2010/06/03,0,0,-20000,-20000
2010/06/04,0,0,-23000,-23000
2010/06/07,0,0,-1000,-1000
2010/06/08,0,0,-8000,-8000
2010/06/09,0,0,-59000,-59000
2010/06/10,0,0,0,0
2010/06/11,0,0,0,0
2010/06/14,0,6000,0,6000
2010/06/15,0,172000,-1000,171000
2010/06/16,0,0,0,0
2010/06/17,0,381000,-10000,371000
2010/06/18,0,0,-50000,-50000
2010/06/21,0,38000,0,38000
2010/06/22,0,1000,0,1000
2010/06/23,0,0,-9000,-9000
2010/06/24,0,41000,-674,40326
2010/06/25,0,43000,0,43000
2010/06/28,0,8000,0,8000
2010/06/29,0,10000,-2000,8000
2010/06/30,0,5000,0,5000
2010/07/01,0,11000,0,11000
2010/07/02,0,27000,-1000,26000
2010/07/05,0,12000,-5000,7000
2010/07/06,0,8000,-8000,0
2010/07/07,0,0,-16000,-16000
2010/07/08,0,1000,-29000,-28000
2010/07/09,0,30000,0,30000
2010/07/12,0,0,-17000,-17000
2010/07/13,0,50000,-4000,46000
2010/07/14,0,36000,-14000,22000
2010/07/15,0,34000,-17000,17000
2010/07/16,0,50000,0,50000
2010/07/19,0,0,-4000,-4000
2010/07/20,0,26000,-150000,-124000
2010/07/21,0,23000,-6000,17000
2010/07/22,0,6000,-2000,4000
2010/07/23,0,23000,-4481,18519
2010/07/26,0,0,0,0
2010/07/27,0,0,-18000,-18000
2010/07/28,0,156000,-650000,-494000
2010/07/29,0,0,-174000,-174000
2010/07/30,0,0,-29000,-29000
2010/08/02,0,42000,-47000,-5000
2010/08/03,0,57000,-30000,27000
2010/08/04,0,0,-77000,-77000
2010/08/05,0,0,-8000,-8000
2010/08/06,0,3000,0,3000
2010/08/09,0,11000,-16000,-5000
2010/08/10,0,0,-7000,-7000
2010/08/11,0,0,-8000,-8000
2010/08/12,0,0,-14000,-14000
2010/08/13,0,0,-69000,-69000
2010/08/16,0,0,-1000,-1000
2010/08/17,0,0,-16000,-16000
2010/08/18,0,3000,-48000,-45000
2010/08/19,0,0,-9000,-9000
2010/08/20,0,65000,-24571,40429
2010/08/23,0,36000,-1000,35000
2010/08/24,0,0,-62000,-62000
2010/08/25,0,0,-64000,-64000
2010/08/26,0,0,-11000,-11000
2010/08/27,0,0,-50000,-50000
2010/08/30,0,1000,-47000,-46000
2010/08/31,0,7000,-14000,-7000
2010/09/01,0,143,-20000,-19857
2010/09/02,0,0,-135000,-135000
2010/09/03,0,37000,-36000,1000
2010/09/06,0,3000,0,3000
2010/09/07,0,17000,-14000,3000
2010/09/08,0,3000,-6000,-3000
2010/09/09,0,0,-150000,-150000
2010/09/10,0,6000,0,6000
2010/09/13,0,59000,0,59000
2010/09/14,0,128000,-16000,112000
2010/09/15,0,0,-2000,-2000
2010/09/16,0,2000,-4000,-2000
2010/09/17,0,18000,0,18000
2010/09/20,0,10000,0,10000
2010/09/21,0,0,-143000,-143000
2010/09/22,0,0,0,0
2010/09/23,0,15000,0,15000
2010/09/24,0,13000,0,13000
2010/09/27,0,0,-9000,-9000
2010/09/28,0,0,-1000,-1000
2010/09/29,0,24000,-3000,21000
2010/09/30,0,0,-7000,-7000
2010/10/01,0,0,0,0
2010/10/04,0,0,-5000,-5000
2010/10/05,0,1000,-6000,-5000
2010/10/06,0,0,-58000,-58000
2010/10/07,0,1000,-8558,-7558
2010/10/08,0,20000,-41000,-21000
2010/10/11,0,0,-74000,-74000
2010/10/12,0,0,-32000,-32000
2010/10/13,0,35000,-27000,8000
2010/10/14,0,533000,-167000,366000
2010/10/15,0,439000,-386000,53000
2010/10/18,0,374000,-139000,235000
2010/10/19,0,1000,-215000,-214000
2010/10/20,0,22000,-10000,12000
2010/10/21,0,0,-8000,-8000
2010/10/22,0,220000,-35000,185000
2010/10/25,0,4000,-367000,-363000
2010/10/26,0,24000,-1000,23000
2010/10/27,0,7000,0,7000
2010/10/28,0,43000,0,43000
2010/10/29,0,122000,0,122000
2010/11/01,0,165000,0,165000
2010/11/02,0,193000,0,193000
2010/11/03,0,14000,0,14000
2010/11/04,0,10000,0,10000
2010/11/05,0,235000,-118000,117000
2010/11/08,0,34000,-29000,5000
2010/11/09,0,0,-47000,-47000
2010/11/10,0,40000,0,40000
2010/11/11,0,4000,0,4000
2010/11/12,0,0,-46000,-46000
2010/11/15,0,6000,-239000,-233000
2010/11/16,0,227000,0,227000
2010/11/17,0,170000,-10000,160000
2010/11/18,0,5000,-60000,-55000
2010/11/19,0,0,-29000,-29000
2010/11/22,0,0,-39000,-39000
2010/11/23,0,0,-77000,-77000
2010/11/24,0,43000,0,43000
2010/11/25,0,2000,-72000,-70000
2010/11/26,0,16000,-163000,-147000
2010/11/29,0,200000,-3000,197000
2010/11/30,0,236000,0,236000
2010/12/01,0,109000,-618000,-509000
2010/12/02,0,17000,0,17000
2010/12/03,0,16000,-9000,7000
2010/12/06,0,16000,-108000,-92000
2010/12/07,0,16000,-83000,-67000
2010/12/08,0,60000,-92000,-32000
2010/12/09,0,56000,0,56000
2010/12/10,0,5000,0,5000
2010/12/13,0,64000,-30000,34000
2010/12/14,0,0,-109000,-109000
2010/12/15,0,3000,-6000,-3000
2010/12/16,0,1000,0,1000
2010/12/17,0,0,-1000,-1000
2010/12/20,0,0,-25000,-25000
2010/12/21,0,0,-20000,-20000
2010/12/22,0,5000,-14000,-9000
2010/12/23,0,0,-23000,-23000
2010/12/24,0,0,0,0
2010/12/27,0,43000,-6887,36113
2010/12/28,0,0,-14000,-14000
2010/12/29,0,11000,-1000,10000
2010/12/30,0,6000,-3000,3000
2010/12/31,0,1000,-44000,-43000
2011/01/03,0,7000,-26000,-19000
2011/01/04,0,8000,-58000,-50000
2011/01/05,0,6000,-12000,-6000
2011/01/06,0,70000,-23000,47000
2011/01/07,0,12000,-34000,-22000
2011/01/10,0,12000,-10000,2000
2011/01/11,0,132000,-36000,96000
2011/01/12,0,15000,-1000,14000
2011/01/13,0,11000,-56000,-45000
2011/01/14,0,0,-3000,-3000
2011/01/17,0,4000,-8000,-4000
2011/01/18,0,5000,-325000,-320000
2011/01/19,0,0,-77000,-77000
2011/01/20,0,509000,0,509000
2011/01/21,0,228000,-16000,212000
2011/01/24,0,35000,-26000,9000
2011/01/25,0,2000,0,2000
2011/01/26,0,26000,0,26000
2011/01/27,0,0,-3000,-3000
2011/01/28,0,17000,-700000,-683000
2011/01/31,0,0,0,0
2011/02/01,0,0,0,0
2011/02/02,0,0,0,0
2011/02/03,0,0,0,0
2011/02/04,0,0,0,0
2011/02/07,0,0,0,0
2011/02/08,0,79000,-43000,36000
2011/02/09,0,9000,0,9000
2011/02/10,0,49000,-41000,8000
2011/02/11,0,9000,-157000,-148000
2011/02/14,0,26000,-23000,3000
2011/02/15,0,20000,-83000,-63000
2011/02/16,0,31000,-31000,0
2011/02/17,0,1000,-51000,-50000
2011/02/18,0,0,-3000,-3000
2011/02/21,0,0,-56000,-56000
2011/02/22,0,0,-16000,-16000
2011/02/23,0,0,-10000,-10000
2011/02/24,0,2000,0,2000
2011/02/25,0,1000,-52000,-51000
2011/02/28,0,0,0,0
2011/03/01,0,7000,-12000,-5000
2011/03/02,0,0,-22000,-22000
2011/03/03,0,7000,0,7000
2011/03/04,0,5000,-4000,1000
2011/03/07,0,44000,0,44000
2011/03/08,0,77000,-1000,76000
2011/03/09,0,0,0,0
2011/03/10,0,0,-11000,-11000
2011/03/11,0,5000,-56000,-51000
2011/03/14,0,0,-39000,-39000
2011/03/15,0,75000,-3000,72000
2011/03/16,0,89000,-1000,88000
2011/03/17,0,26000,-12000,14000
2011/03/18,0,6000,-87000,-81000
2011/03/21,0,0,-29000,-29000
2011/03/22,0,0,-18000,-18000
2011/03/23,0,21000,-17000,4000
2011/03/24,0,12000,0,12000
2011/03/25,0,40000,0,40000
2011/03/28,0,32000,0,32000
2011/03/29,0,9000,-4000,5000
2011/03/30,0,0,-2000,-2000
2011/03/31,0,0,-37000,-37000
2011/04/01,0,61000,0,61000
2011/04/04,0,0,0,0
2011/04/05,0,0,0,0
2011/04/06,0,1000,-3000,-2000
2011/04/07,0,11000,-10000,1000
2011/04/08,0,107000,-1000,106000
2011/04/11,0,10000,-17000,-7000
2011/04/12,0,115000,-1000,114000
2011/04/13,0,48000,-50000,-2000
2011/04/14,0,23000,-26000,-3000
2011/04/15,0,10000,-11000,-1000
2011/04/18,0,4000,-21000,-17000
2011/04/19,0,6000,-46000,-40000
2011/04/20,0,1000,-18000,-17000
2011/04/21,0,143000,-27000,116000
2011/04/22,0,874000,-3000,871000
2011/04/25,0,159000,0,159000
2011/04/26,0,6000,0,6000
2011/04/27,0,99000,-13000,86000
2011/04/28,0,81000,0,81000
2011/04/29,0,170000,-5000,165000
2011/05/02,0,0,0,0
2011/05/03,0,54000,0,54000
2011/05/04,0,8000,-9000,-1000
2011/05/05,0,29000,-10000,19000
2011/05/06,0,2000,-247000,-245000
2011/05/09,0,30000,-380000,-350000
2011/05/10,0,1000,-320000,-319000
2011/05/11,0,0,-69876,-69876
2011/05/12,0,0,-18000,-18000
2011/05/13,0,0,-4000,-4000
2011/05/16,0,10000,-25000,-15000
2011/05/17,0,0,-4000,-4000
2011/05/18,0,0,0,0
2011/05/19,0,331000,-12416,318584
2011/05/20,0,0,-102000,-102000
2011/05/23,0,0,-31000,-31000
2011/05/24,0,0,-2000,-2000
2011/05/25,0,20000,-6000,14000
2011/05/26,0,0,-2000,-2000
2011/05/27,0,0,-16000,-16000
2011/05/30,0,0,-4000,-4000
2011/05/31,0,4000,0,4000
2011/06/01,0,431000,-50000,381000
2011/06/02,0,0,-20000,-20000
2011/06/03,0,0,-100000,-100000
2011/06/06,0,0,0,0
2011/06/07,0,2000,0,2000
2011/06/08,0,11000,-6000,5000
2011/06/09,0,0,0,0
2011/06/10,0,1000,0,1000
2011/06/13,0,17000,-2000,15000
2011/06/14,0,0,0,0
2011/06/15,0,0,-10000,-10000
2011/06/16,0,1000,-1000,0
2011/06/17,0,0,0,0
2011/06/20,0,0,-2000,-2000
2011/06/21,0,14000,0,14000
2011/06/22,0,0,0,0
2011/06/23,0,0,-2000,-2000
2011/06/24,0,23000,-39000,-16000
2011/06/27,0,2000,-37000,-35000
2011/06/28,0,0,0,0
2011/06/29,0,1000,0,1000
2011/06/30,0,14000,0,14000
2011/07/01,0,10000,0,10000
2011/07/04,0,0,-7000,-7000
2011/07/05,0,100000,-100282,-282
2011/07/06,0,26000,-18000,8000
2011/07/07,0,83000,0,83000
2011/07/08,0,0,-66000,-66000
2011/07/11,0,30000,0,30000
2011/07/12,0,8000,0,8000
2011/07/13,0,0,-42000,-42000
2011/07/14,0,0,0,0
2011/07/15,0,50000,0,50000
2011/07/18,0,500000,0,500000
2011/07/19,0,100000,0,100000
2011/07/20,0,27000,-76000,-49000
2011/07/21,0,10000,0,10000
2011/07/22,0,18000,0,18000
2011/07/25,0,0,-15000,-15000
2011/07/26,0,340000,-15000,325000
2011/07/27,0,100000,-5000,95000
2011/07/28,0,30000,-106000,-76000
2011/07/29,0,1000,0,1000
2011/08/01,0,2000,-80000,-78000
2011/08/02,0,40000,-930000,-890000
2011/08/03,0,25000,-4000,21000
2011/08/04,0,6000,-20000,-14000
2011/08/05,0,6000,-30000,-24000
2011/08/08,0,6000,-38000,-32000
2011/08/09,0,0,-73000,-73000
2011/08/10,0,0,-75000,-75000
2011/08/11,0,0,-64000,-64000
2011/08/12,0,0,-262000,-262000
2011/08/15,0,0,0,0
2011/08/16,0,0,0,0
2011/08/17,0,102000,-91000,11000
2011/08/18,0,0,-2000,-2000
2011/08/19,0,0,-166000,-166000
2011/08/22,0,86000,-50000,36000
2011/08/23,0,6000,-100000,-94000
2011/08/24,0,0,0,0
2011/08/25,0,20000,0,20000
2011/08/26,0,0,0,0
2011/08/29,0,53000,-121000,-68000
2011/08/30,0,0,0,0
2011/08/31,0,0,0,0
2011/09/01,0,1000,0,1000
2011/09/02,0,0,0,0
2011/09/05,0,0,-25000,-25000
2011/09/06,0,0,-7000,-7000
2011/09/07,0,0,0,0
2011/09/08,0,0,-25000,-25000
2011/09/09,0,8000,-2000,6000
2011/09/12,0,0,0,0
2011/09/13,0,0,-5000,-5000
2011/09/14,0,0,0,0
2011/09/15,0,4000,0,4000
2011/09/16,0,0,0,0
2011/09/19,0,20000,0,20000
2011/09/20,0,30000,-1000,29000
2011/09/21,0,27000,-160000,-133000
2011/09/22,0,9000,-160000,-151000
2011/09/23,0,29000,-91000,-62000
2011/09/26,0,15000,0,15000
2011/09/27,0,0,0,0
2011/09/28,0,14000,-16000,-2000
2011/09/29,0,5000,-5000,0
2011/09/30,0,0,-13000,-13000
2011/10/03,0,0,0,0
2011/10/04,0,0,0,0
2011/10/05,0,0,-499,-499
2011/10/06,0,6000,0,6000
2011/10/07,0,7000,0,7000
2011/10/10,0,0,0,0
2011/10/11,0,0,0,0
2011/10/12,0,0,0,0
2011/10/13,0,0,-6000,-6000
2011/10/14,0,0,0,0
2011/10/17,0,0,0,0
2011/10/18,0,0,-1000,-1000
2011/10/19,0,0,-13000,-13000
2011/10/20,0,0,-897,-897
2011/10/21,0,61,0,61
2011/10/24,0,13000,0,13000
2011/10/25,0,1000,0,1000
2011/10/26,0,19000,0,19000
2011/10/27,0,0,-2000,-2000
2011/10/28,0,39000,0,39000
2011/10/31,0,3000,0,3000
2011/11/01,0,14000,0,14000
2011/11/02,0,2000,-1000,1000
2011/11/03,0,0,-3000,-3000
2011/11/04,0,51000,0,51000
2011/11/07,0,0,0,0
2011/11/08,0,0,-3000,-3000
2011/11/09,0,0,0,0
2011/11/10,0,0,-3000,-3000
2011/11/11,0,0,-8000,-8000
2011/11/14,0,0,0,0
2011/11/15,0,6000,0,6000
2011/11/16,0,0,-4000,-4000
2011/11/17,0,6000,-8000,-2000
2011/11/18,0,0,-7000,-7000
2011/11/21,0,8000,-1000,7000
2011/11/22,0,8000,0,8000
2011/11/23,0,0,-9000,-9000
2011/11/24,0,3000,0,3000
2011/11/25,0,1000,-26000,-25000
2011/11/28,0,6000,-12000,-6000
2011/11/29,0,0,-10000,-10000
2011/11/30,0,0,-41000,-41000
2011/12/01,0,8000,0,8000
2011/12/02,0,14000,0,14000
2011/12/05,0,2000,-7000,-5000
2011/12/06,0,0,-16000,-16000
2011/12/07,0,9000,0,9000
2011/12/08,0,0,-5000,-5000
2011/12/09,0,0,-20000,-20000
2011/12/12,0,0,0,0
2011/12/13,0,0,-19000,-19000
2011/12/14,0,0,0,0
2011/12/15,0,0,0,0
2011/12/16,0,0,-2000,-2000
2011/12/19,0,12000,-8000,4000
2011/12/20,0,0,0,0
2011/12/21,0,0,0,0
2011/12/22,0,0,0,0
2011/12/23,0,0,-1000,-1000
2011/12/26,0,3000,-1000,2000
2011/12/27,0,12000,0,12000
2011/12/28,0,33000,0,33000
2011/12/29,0,60000,0,60000
2011/12/30,0,19000,0,19000
2012/01/02,0,1000,0,1000
2012/01/03,0,15000,0,15000
2012/01/04,0,0,-7000,-7000
2012/01/05,0,0,-5000,-5000
2012/01/06,0,0,-27000,-27000
2012/01/09,0,0,-2000,-2000
2012/01/10,0,4000,0,4000
2012/01/11,0,0,0,0
2012/01/12,0,6000,0,6000
2012/01/13,0,0,-3000,-3000
2012/01/16,0,0,-32000,-32000
2012/01/17,0,0,0,0
2012/01/18,0,24000,-8000,16000
2012/01/19,0,0,0,0
2012/01/20,0,0,0,0
2012/01/23,0,0,0,0
2012/01/24,0,0,0,0
2012/01/25,0,0,0,0
2012/01/26,0,0,0,0
2012/01/27,0,0,0,0
2012/01/30,0,0,0,0
2012/01/31,0,5000,0,5000
2012/02/01,0,16000,0,16000
2012/02/02,0,6000,-6000,0
2012/02/03,0,0,-24000,-24000
2012/02/06,0,0,-6000,-6000
2012/02/07,0,3000,0,3000
2012/02/08,0,23000,0,23000
2012/02/09,0,1000,-12000,-11000
2012/02/10,0,0,-3000,-3000
2012/02/13,0,54000,0,54000
2012/02/14,0,7000,-33000,-26000
2012/02/15,0,20000,0,20000
2012/02/16,0,42000,-6000,36000
2012/02/17,0,47000,0,47000
2012/02/20,0,0,0,0
2012/02/21,0,0,-52000,-52000
2012/02/22,0,22000,0,22000
2012/02/23,0,8000,-26000,-18000
2012/02/24,0,0,-20000,-20000
2012/02/27,0,0,0,0
2012/02/28,0,0,0,0
2012/02/29,0,55000,0,55000
2012/03/01,0,38000,0,38000
2012/03/02,0,0,-2000,-2000
2012/03/05,0,0,-30000,-30000
2012/03/06,0,52000,0,52000
2012/03/07,0,0,-22000,-22000
2012/03/08,0,5000,-22000,-17000
2012/03/09,0,0,-9000,-9000
2012/03/12,0,0,-19000,-19000
2012/03/13,0,50000,0,50000
2012/03/14,0,52000,0,52000
2012/03/15,0,2000,-7000,-5000
2012/03/16,0,0,0,0
2012/03/19,0,0,-22000,-22000
2012/03/20,0,1000,-23000,-22000
2012/03/21,0,0,0,0
2012/03/22,0,24000,0,24000
2012/03/23,0,12000,0,12000
2012/03/26,0,2000,-30000,-28000
2012/03/27,0,0,-18000,-18000
2012/03/28,0,0,-10000,-10000
2012/03/29,0,0,-1914,-1914
2012/03/30,0,4000,-9000,-5000
2012/04/02,0,0,-32000,-32000
2012/04/03,0,48000,0,48000
2012/04/04,0,0,0,0
2012/04/05,0,21000,-5000,16000
2012/04/06,0,10000,-51000,-41000
2012/04/09,0,0,-16000,-16000
2012/04/10,0,0,-20000,-20000
2012/04/11,0,0,-4000,-4000
2012/04/12,0,9000,-49000,-40000
2012/04/13,0,3000,-25000,-22000
2012/04/16,0,0,-5000,-5000
2012/04/17,0,0,-6000,-6000
2012/04/18,0,0,0,0
2012/04/19,0,2000,0,2000
2012/04/20,0,13000,-2000,11000
2012/04/23,0,6000,-8000,-2000
2012/04/24,0,0,0,0
2012/04/25,0,0,-6000,-6000
2012/04/26,0,4002,-14000,-9998
2012/04/27,0,0,-10472,-10472
2012/04/30,0,8000,0,8000
2012/05/01,0,0,0,0
2012/05/02,0,2000,0,2000
2012/05/03,0,0,0,0
2012/05/04,0,0,0,0
2012/05/07,0,0,-1000,-1000
2012/05/08,0,0,-1000,-1000
2012/05/09,0,0,-9458,-9458
2012/05/10,0,0,0,0
2012/05/11,0,1000,-2000,-1000
2012/05/14,0,0,-4000,-4000
2012/05/15,0,0,0,0
2012/05/16,0,13000,0,13000
2012/05/17,0,0,-5000,-5000
2012/05/18,0,2000,-1000,1000
2012/05/21,0,0,-7000,-7000
2012/05/22,0,0,-1000,-1000
2012/05/23,0,0,-14000,-14000
2012/05/24,0,0,-11000,-11000
2012/05/25,0,8000,0,8000
2012/05/28,0,1000,-10000,-9000
2012/05/29,0,0,0,0
2012/05/30,0,0,-8000,-8000
2012/05/31,0,0,-6000,-6000
2012/06/01,0,1000,-11000,-10000
2012/06/04,0,7000,0,7000
2012/06/05,0,0,-2000,-2000
2012/06/06,0,0,-2000,-2000
2012/06/07,0,0,-4000,-4000
2012/06/08,0,0,-9377,-9377
2012/06/11,0,2000,-1000,1000
2012/06/12,0,0,-1000,-1000
2012/06/13,0,0,0,0
2012/06/14,0,3000,0,3000
2012/06/15,0,41000,0,41000
2012/06/18,0,18000,0,18000
2012/06/19,0,8000,-8000,0
2012/06/20,0,8000,-7000,1000
2012/06/21,0,0,-5000,-5000
2012/06/22,0,0,-13000,-13000
2012/06/25,0,0,-39000,-39000
2012/06/26,0,0,-3000,-3000
2012/06/27,0,0,-2000,-2000
2012/06/28,0,0,-13000,-13000
2012/06/29,0,0,-3000,-3000
2012/07/02,0,0,0,0
2012/07/03,0,0,0,0
2012/07/04,0,6000,0,6000
2012/07/05,0,6000,0,6000
2012/07/06,0,0,-6000,-6000
2012/07/09,0,2000,0,2000
2012/07/10,0,0,0,0
2012/07/11,0,0,0,0
2012/07/12,0,1000,0,1000
2012/07/13,0,1000,0,1000
2012/07/16,0,0,0,0
2012/07/17,0,1000,0,1000
2012/07/18,0,10000,0,10000
2012/07/19,0,0,0,0
2012/07/20,0,0,0,0
2012/07/23,0,12000,0,12000
2012/07/24,0,0,0,0
2012/07/25,0,11000,0,11000
2012/07/26,0,0,-10000,-10000
2012/07/27,0,0,0,0
2012/07/30,0,0,-1000,-1000
2012/07/31,0,0,0,0
2012/08/01,0,0,0,0
2012/08/02,0,0,0,0
2012/08/03,0,0,-15000,-15000
2012/08/06,0,4000,-8000,-4000
2012/08/07,0,23000,-6000,17000
2012/08/08,0,7000,0,7000
2012/08/09,0,42000,0,42000
2012/08/10,0,39000,0,39000
2012/08/13,0,12000,0,12000
2012/08/14,0,75000,0,75000
2012/08/15,0,0,0,0
2012/08/16,0,0,0,0
2012/08/17,0,72000,0,72000
2012/08/20,0,0,0,0
2012/08/21,0,23000,0,23000
2012/08/22,0,0,-1000,-1000
2012/08/23,0,5000,0,5000
2012/08/24,0,0,0,0
2012/08/27,0,5000,-6000,-1000
2012/08/28,0,0,-9000,-9000
2012/08/29,0,0,0,0
2012/08/30,0,16000,-34000,-18000
2012/08/31,0,8000,-4000,4000
2012/09/03,0,0,0,0
2012/09/04,0,0,-12000,-12000
2012/09/05,0,8000,-8000,0
2012/09/06,0,0,-13000,-13000
2012/09/07,0,0,0,0
2012/09/10,0,0,-7000,-7000
2012/09/11,0,0,0,0
2012/09/12,0,9000,-7000,2000
2012/09/13,0,8000,0,8000
2012/09/14,0,35000,0,35000
2012/09/17,0,0,0,0
2012/09/18,0,0,0,0
2012/09/19,0,13000,0,13000
2012/09/20,0,6000,-1000,5000
2012/09/21,0,0,0,0
2012/09/24,0,0,-27000,-27000
2012/09/25,0,0,0,0
2012/09/26,0,9000,0,9000
2012/09/27,0,15000,0,15000
2012/09/28,0,0,0,0
2012/10/01,0,5000,0,5000
2012/10/02,0,6000,-5000,1000
2012/10/03,0,0,0,0
2012/10/04,0,34000,0,34000
2012/10/05,0,6000,0,6000
2012/10/08,0,0,-15000,-15000
2012/10/09,0,0,0,0
2012/10/10,0,0,0,0
2012/10/11,0,0,-2000,-2000
2012/10/12,0,2000,-29000,-27000
2012/10/15,0,0,-12000,-12000
2012/10/16,0,0,-12000,-12000
2012/10/17,0,0,-25000,-25000
2012/10/18,0,0,-7000,-7000
2012/10/19,0,0,-8000,-8000
2012/10/22,0,3000,-8000,-5000
2012/10/23,0,0,-90000,-90000
2012/10/24,0,0,0,0
2012/10/25,0,0,-22000,-22000
2012/10/26,0,1000,0,1000
2012/10/29,0,6000,-8000,-2000
2012/10/30,0,11000,-8000,3000
2012/10/31,0,0,-14000,-14000
2012/11/01,0,0,0,0
2012/11/02,0,0,0,0
2012/11/05,0,19000,-3000,16000
2012/11/06,0,6000,0,6000
2012/11/07,0,0,-17000,-17000
2012/11/08,0,45000,-30000,15000
2012/11/09,0,36000,-3000,33000
2012/11/12,0,24000,0,24000
2012/11/13,0,24000,-6000,18000
2012/11/14,0,39000,0,39000
2012/11/15,0,35000,-1000,34000
2012/11/16,0,40000,-10000,30000
2012/11/19,0,39000,0,39000
2012/11/20,0,36000,-3000,33000
2012/11/21,0,33000,-21000,12000
2012/11/22,0,36000,0,36000
2012/11/23,0,36000,0,36000
2012/11/26,0,44000,0,44000
2012/11/27,0,33000,-8000,25000
2012/11/28,0,43000,0,43000
2012/11/29,0,74000,0,74000
2012/11/30,0,67000,0,67000
2012/12/03,0,75000,0,75000
2012/12/04,0,56000,0,56000
2012/12/05,0,93000,0,93000
2012/12/06,0,17000,-1000,16000
2012/12/07,0,9000,0,9000
2012/12/10,0,0,0,0
2012/12/11,0,23000,0,23000
2012/12/12,0,42000,0,42000
2012/12/13,0,2000,0,2000
2012/12/14,0,10000,0,10000
2012/12/17,0,0,-1000,-1000
2012/12/18,0,0,0,0
2012/12/19,0,0,0,0
2012/12/20,0,0,-42000,-42000
2012/12/21,0,0,-48000,-48000
2012/12/24,0,4000,-6000,-2000
2012/12/25,0,58000,0,58000
2012/12/26,0,0,0,0
2012/12/27,0,0,-6000,-6000
2012/12/28,0,0,-4000,-4000
2012/12/31,0,0,0,0
2013/01/01,0,0,0,0
2013/01/02,0,0,-7000,-7000
2013/01/03,0,0,-3000,-3000
2013/01/04,0,20000,-35000,-15000
2013/01/07,0,0,-28000,-28000
2013/01/08,0,0,-22000,-22000
2013/01/09,0,0,-11000,-11000
2013/01/10,0,26000,0,26000
2013/01/11,0,0,0,0
2013/01/14,0,10000,-64000,-54000
2013/01/15,0,0,-26000,-26000
2013/01/16,0,0,-19000,-19000
2013/01/17,0,0,-16000,-16000
2013/01/18,0,0,0,0
2013/01/21,0,0,-6000,-6000
2013/01/22,0,0,-5000,-5000
2013/01/23,0,0,0,0
2013/01/24,0,1000,-34000,-33000
2013/01/25,0,0,-11000,-11000
2013/01/28,0,0,0,0
2013/01/29,0,14000,-9000,5000
2013/01/30,0,5000,-8000,-3000
2013/01/31,0,0,0,0
2013/02/01,0,0,-9000,-9000
2013/02/04,0,12000,0,12000
2013/02/05,0,9000,0,9000
2013/02/06,0,0,0,0
2013/02/07,0,0,0,0
2013/02/08,0,0,0,0
2013/02/11,0,0,0,0
2013/02/12,0,0,0,0
2013/02/13,0,0,0,0
2013/02/14,0,0,0,0
2013/02/15,0,0,0,0
2013/02/18,0,2000,0,2000
2013/02/19,0,13000,-13000,0
2013/02/20,0,1000,-647000,-646000
2013/02/21,0,1000,0,1000
2013/02/22,0,7000,-9000,-2000
2013/02/25,0,0,-2000,-2000
2013/02/26,0,1000,-3000,-2000
2013/02/27,0,16000,0,16000
2013/02/28,0,0,0,0
2013/03/01,0,0,-7000,-7000
2013/03/04,0,0,-10000,-10000
2013/03/05,0,0,0,0
2013/03/06,0,0,0,0
2013/03/07,0,0,-8000,-8000
2013/03/08,0,0,0,0
2013/03/11,0,0,0,0
2013/03/12,0,0,0,0
2013/03/13,0,0,-4000,-4000
2013/03/14,0,14000,-10000,4000
2013/03/15,0,23000,-24000,-1000
2013/03/18,0,0,-7000,-7000
2013/03/19,0,10000,-4000,6000
2013/03/20,0,0,-14000,-14000
2013/03/21,0,0,0,0
2013/03/22,0,4000,0,4000
2013/03/25,0,0,-15000,-15000
2013/03/26,0,0,-2000,-2000
2013/03/27,0,0,-4000,-4000
2013/03/28,0,0,0,0
2013/03/29,0,1000,-2000,-1000
2013/04/01,0,1000,-6000,-5000
2013/04/02,0,0,0,0
2013/04/03,0,0,-2000,-2000
2013/04/04,0,0,0,0
2013/04/05,0,0,0,0
2013/04/08,0,1000,-21000,-20000
2013/04/09,0,0,-12000,-12000
2013/04/10,0,0,-4000,-4000
2013/04/11,0,2000,-3000,-1000
2013/04/12,0,0,0,0
2013/04/15,0,0,-1000,-1000
2013/04/16,0,0,0,0
2013/04/17,0,0,-29000,-29000
2013/04/18,0,0,0,0
2013/04/19,0,0,0,0
2013/04/22,0,0,0,0
2013/04/23,0,4000,0,4000
2013/04/24,0,5000,0,5000
2013/04/25,0,0,-5000,-5000
2013/04/26,0,0,-2000,-2000
2013/04/29,0,0,0,0
2013/04/30,0,0,0,0
2013/05/01,0,0,0,0
2013/05/02,0,0,-7000,-7000
2013/05/03,0,60000,0,60000
2013/05/06,0,20000,-1000,19000
2013/05/07,0,0,0,0
2013/05/08,0,21000,0,21000
2013/05/09,0,0,0,0
2013/05/10,0,3000,-12000,-9000
2013/05/13,0,0,-33000,-33000
2013/05/14,0,40000,-15000,25000
2013/05/15,0,6000,-39000,-33000
2013/05/16,0,49000,-1000,48000
2013/05/17,0,17000,0,17000
2013/05/20,0,6000,0,6000
2013/05/21,0,4000,0,4000
2013/05/22,0,0,0,0
2013/05/23,0,0,-82000,-82000
2013/05/24,0,0,-9000,-9000
2013/05/27,0,13000,0,13000
2013/05/28,0,0,0,0
2013/05/29,0,0,0,0
2013/05/30,0,0,-29000,-29000
2013/05/31,0,0,0,0
2013/06/03,0,0,-4000,-4000
2013/06/04,0,0,-28000,-28000
2013/06/05,0,0,-1000,-1000
2013/06/06,0,0,-13000,-13000
2013/06/07,0,0,-16000,-16000
2013/06/10,0,2000,-1000,1000
2013/06/11,0,0,-2000,-2000
2013/06/12,0,0,0,0
2013/06/13,0,0,0,0
2013/06/14,0,3000,0,3000
2013/06/17,0,0,0,0
2013/06/18,0,0,0,0
2013/06/19,0,0,0,0
2013/06/20,0,231,-129,102
2013/06/21,0,11000,-23000,-12000
2013/06/24,0,0,0,0
2013/06/25,0,33000,0,33000
2013/06/26,0,0,-10000,-10000
2013/06/27,0,19000,-3000,16000
2013/06/28,0,0,-9000,-9000
2013/07/01,0,2000,-10000,-8000
2013/07/02,0,0,-5000,-5000
2013/07/03,0,0,0,0
2013/07/04,0,27000,0,27000
2013/07/05,0,49000,-2000,47000
2013/07/08,0,21000,-34000,-13000
2013/07/09,0,3000,0,3000
2013/07/10,0,13000,-9000,4000
2013/07/11,0,48000,0,48000
2013/07/12,0,10000,0,10000
2013/07/15,0,15000,0,15000
2013/07/16,0,20000,-2000,18000
2013/07/17,0,54000,-21000,33000
2013/07/18,0,12000,-5000,7000
2013/07/19,0,6000,-7000,-1000
2013/07/22,0,0,0,0
2013/07/23,0,17000,0,17000
2013/07/24,0,0,-1000,-1000
2013/07/25,0,39000,-543,38457
2013/07/26,0,3000,-34000,-31000
2013/07/29,0,4000,-2000,2000
2013/07/30,0,46000,-11000,35000
2013/07/31,0,19000,0,19000
2013/08/01,0,16000,0,16000
2013/08/02,0,478000,0,478000
2013/08/05,0,0,-7000,-7000
2013/08/06,0,0,-28000,-28000
2013/08/07,0,0,-50000,-50000
2013/08/08,0,0,-25000,-25000
2013/08/09,0,1000,-539000,-538000
2013/08/12,0,0,-33000,-33000
2013/08/13,0,0,0,0
2013/08/14,0,9000,-45000,-36000
2013/08/15,0,6000,-4000,2000
2013/08/16,0,13000,-5000,8000
2013/08/19,0,6000,-3000,3000
2013/08/20,0,0,-34000,-34000
2013/08/21,0,0,0,0
2013/08/22,0,1000,-29000,-28000
2013/08/23,0,0,-1000,-1000
2013/08/26,0,0,0,0
2013/08/27,0,2000,0,2000
2013/08/28,0,0,0,0
2013/08/29,0,0,0,0
2013/08/30,0,0,-2000,-2000
2013/09/02,0,0,0,0
2013/09/03,0,0,0,0
2013/09/04,0,0,0,0
2013/09/05,0,0,0,0
2013/09/06,0,0,0,0
2013/09/09,0,0,0,0
2013/09/10,0,0,0,0
2013/09/11,0,0,0,0
2013/09/12,0,3000,-2000,1000
2013/09/13,0,0,0,0
2013/09/16,0,2000,0,2000
2013/09/17,0,0,0,0
2013/09/18,0,2000,0,2000
2013/09/19,0,0,0,0
2013/09/20,0,0,0,0
2013/09/23,0,6000,0,6000
2013/09/24,0,0,-1000,-1000
2013/09/25,0,0,0,0
2013/09/26,0,0,0,0
2013/09/27,0,10000,0,10000
2013/09/30,0,0,0,0
2013/10/01,0,18000,0,18000
2013/10/02,0,860000,0,860000
2013/10/03,0,400000,-105000,295000
2013/10/04,0,73000,-5000,68000
2013/10/07,0,137000,-217000,-80000
2013/10/08,0,0,0,0
2013/10/09,0,6000,-1000,5000
2013/10/10,0,0,0,0
2013/10/11,0,11000,0,11000
2013/10/14,0,5000,-270000,-265000
2013/10/15,0,216000,-1000,215000
2013/10/16,0,160000,-2000,158000
2013/10/17,0,152000,-132000,20000
2013/10/18,0,150000,-168000,-18000
2013/10/21,0,0,-34000,-34000
2013/10/22,0,46000,0,46000
2013/10/23,0,34000,-143000,-109000
2013/10/24,0,285000,-161000,124000
2013/10/25,0,77000,-185000,-108000
2013/10/28,0,57000,-79000,-22000
2013/10/29,0,4000,-20000,-16000
2013/10/30,0,14000,-88000,-74000
2013/10/31,0,7000,-125000,-118000
2013/11/01,0,30000,-291000,-261000
2013/11/04,0,275000,-135000,140000
2013/11/05,0,0,-46000,-46000
2013/11/06,0,20000,-225000,-205000
2013/11/07,0,80000,-73000,7000
2013/11/08,0,20000,-450000,-430000
2013/11/11,0,0,-1000,-1000
2013/11/12,0,66000,-30000,36000
2013/11/13,0,39000,-30000,9000
2013/11/14,0,35000,-50000,-15000
2013/11/15,0,11000,-1000,10000
2013/11/18,0,109000,-6000,103000
2013/11/19,0,190000,0,190000
2013/11/20,0,587000,0,587000
2013/11/21,0,8000,-73000,-65000
2013/11/22,0,96000,-15000,81000
2013/11/25,0,34000,0,34000
2013/11/26,0,50000,-334000,-284000
2013/11/27,0,37000,-10000,27000
2013/11/28,0,85000,-10000,75000
2013/11/29,0,16000,-8000,8000
2013/12/02,0,86000,-113000,-27000
2013/12/03,0,45000,-11000,34000
2013/12/04,0,71000,-23000,48000
2013/12/05,0,30000,-492000,-462000
2013/12/06,0,45000,-143000,-98000
2013/12/09,0,1000,-27000,-26000
2013/12/10,0,0,-26000,-26000
2013/12/11,0,16000,-126000,-110000
2013/12/12,0,11000,-100000,-89000
2013/12/13,0,41000,-7000,34000
2013/12/16,0,0,-211000,-211000
2013/12/17,0,0,0,0
2013/12/18,0,13000,-6000,7000
2013/12/19,0,0,-40000,-40000
2013/12/20,0,28000,0,28000
2013/12/23,0,0,0,0
2013/12/24,0,0,0,0
2013/12/25,0,1000,0,1000
2013/12/26,0,0,0,0
2013/12/27,0,1000,0,1000
2013/12/30,0,4000,0,4000
2013/12/31,0,0,-6000,-6000
2014/01/02,0,0,0,0
2014/01/03,0,0,-5000,-5000
2014/01/06,0,2000,0,2000
2014/01/07,0,11000,0,11000
2014/01/08,0,42000,0,42000
2014/01/09,0,0,0,0
2014/01/10,0,17000,0,17000
2014/01/13,0,22000,0,22000
2014/01/14,0,0,-35000,-35000
2014/01/15,0,47000,0,47000
2014/01/16,0,41000,0,41000
2014/01/17,0,29000,-1000,28000
2014/01/20,0,31000,-10000,21000
2014/01/21,0,0,-45000,-45000
2014/01/22,0,16000,0,16000
2014/01/23,0,45000,-4000,41000
2014/01/24,0,62000,0,62000
2014/01/27,0,3000,-42000,-39000
2014/02/05,0,15000,-14000,1000
2014/02/06,0,60000,-24000,36000
2014/02/07,0,33000,-15000,18000
2014/02/10,0,1000,-2000,-1000
2014/02/11,0,2000,0,2000
2014/02/12,0,1000,-15000,-14000
2014/02/13,0,0,-17000,-17000
2014/02/14,0,52000,-1000,51000
2014/02/17,0,314000,-52000,262000
2014/02/18,0,114000,-92000,22000
2014/02/19,0,13000,-5000,8000
2014/02/20,0,10000,-193000,-183000
2014/02/21,0,14000,0,14000
2014/02/24,0,1000,-229000,-228000
2014/02/25,0,0,-1000,-1000
2014/02/26,0,21000,0,21000
2014/02/27,0,0,-3000,-3000
2014/03/03,0,44000,-75000,-31000
2014/03/04,0,6000,0,6000
2014/03/05,0,4000,-8000,-4000
2014/03/06,0,8000,-4000,4000
2014/03/07,0,0,-162000,-162000
2014/03/10,0,35000,-13000,22000
2014/03/11,0,7000,0,7000
2014/03/12,0,0,0,0
2014/03/13,0,0,-11000,-11000
2014/03/14,0,13000,-15000,-2000
2014/03/17,0,0,0,0
2014/03/18,0,172000,-5000,167000
2014/03/19,0,52000,-72000,-20000
2014/03/20,0,26000,-17000,9000
2014/03/21,0,106000,-7000,99000
2014/03/24,0,35000,-12000,23000
2014/03/25,0,85000,-30000,55000
2014/03/26,0,312000,-56000,256000
2014/03/27,0,154000,-56000,98000
2014/03/28,0,80000,-206000,-126000
2014/03/31,0,2000,-68000,-66000
2014/04/01,0,49000,-14000,35000
2014/04/02,0,6000,-77000,-71000
2014/04/03,0,44000,-5000,39000
2014/04/07,0,11000,-2000,9000
2014/04/08,0,53000,0,53000
2014/04/09,0,15000,-1000,14000
2014/04/10,0,37000,-9000,28000
2014/04/11,0,0,-10000,-10000
2014/04/14,0,49000,0,49000
2014/04/15,0,62000,-4000,58000
2014/04/16,0,0,-36000,-36000
2014/04/17,0,20000,-46000,-26000
2014/04/18,0,28000,-3000,25000
2014/04/21,0,0,-20000,-20000
2014/04/22,0,4000,0,4000
2014/04/23,0,5000,-15000,-10000
2014/04/24,0,0,-9097,-9097
2014/04/25,0,0,-64000,-64000
2014/04/28,0,18000,-21000,-3000
2014/04/29,0,0,-32000,-32000
2014/04/30,0,31000,0,31000
2014/05/02,0,0,-85000,-85000
2014/05/05,0,1000,-13000,-12000
2014/05/06,0,0,-20607,-20607
2014/05/07,0,0,-19000,-19000
2014/05/08,0,0,-16000,-16000
2014/05/09,0,0,-233000,-233000
2014/05/12,0,15000,-77000,-62000
2014/05/13,0,0,-84000,-84000
2014/05/14,0,52000,-68000,-16000
2014/05/15,0,4000,0,4000
2014/05/16,0,0,0,0
2014/05/19,0,5000,0,5000
2014/05/20,0,0,0,0
2014/05/21,0,0,-5000,-5000
2014/05/22,0,0,-3000,-3000
2014/05/23,0,3000,-10000,-7000
2014/05/26,0,100000,0,100000
2014/05/27,0,20000,0,20000
2014/05/28,0,0,0,0
2014/05/29,0,50000,-10000,40000
2014/05/30,0,30000,-24000,6000
2014/06/03,0,0,0,0
2014/06/04,0,0,0,0
2014/06/05,0,0,-2000,-2000
2014/06/06,0,12000,-1000,11000
2014/06/09,0,0,0,0
2014/06/10,0,4000,0,4000
2014/06/11,0,8000,-11000,-3000
2014/06/12,0,0,-7000,-7000
2014/06/13,0,0,0,0
2014/06/16,0,22000,0,22000
2014/06/17,0,29000,0,29000
2014/06/18,0,17000,-70000,-53000
2014/06/19,0,40000,0,40000
2014/06/20,0,30000,0,30000
2014/06/23,0,29000,-2000,27000
2014/06/24,0,64000,-5000,59000
2014/06/25,0,1000,0,1000
2014/06/26,0,23000,0,23000
2014/06/27,0,0,0,0
2014/06/30,0,13140,0,13140
2014/07/01,0,41000,-105000,-64000
2014/07/02,0,4000,-170000,-166000
2014/07/03,0,0,0,0
2014/07/04,0,0,-5000,-5000
2014/07/07,0,0,-5000,-5000
2014/07/08,0,1000,0,1000
2014/07/09,0,0,-5000,-5000
2014/07/10,0,27000,0,27000
2014/07/11,0,57000,-1000,56000
2014/07/14,0,48000,-6000,42000
2014/07/15,0,0,-15000,-15000
2014/07/16,0,182000,-4000,178000
2014/07/17,0,39000,-24000,15000
2014/07/18,0,97000,0,97000
2014/07/21,0,198000,0,198000
2014/07/22,0,59000,0,59000
2014/07/23,0,0,0,0
2014/07/24,0,35000,-16000,19000
2014/07/25,0,19000,-13000,6000
2014/07/28,0,197000,-22000,175000
2014/07/29,0,51000,-162000,-111000
2014/07/30,0,1000,-84000,-83000
2014/07/31,0,83000,-132000,-49000
2014/08/01,0,9000,-87000,-78000
2014/08/04,0,0,-55000,-55000
2014/08/05,0,0,-157000,-157000
2014/08/06,0,0,-147000,-147000
2014/08/07,0,0,-38000,-38000
2014/08/08,0,0,-49000,-49000
2014/08/11,0,0,-13000,-13000
2014/08/12,0,0,-65000,-65000
2014/08/13,0,0,0,0
2014/08/14,0,0,-48000,-48000
2014/08/15,0,0,-7000,-7000
2014/08/18,0,0,-10000,-10000
2014/08/19,0,0,-33000,-33000
2014/08/20,0,0,0,0
2014/08/21,0,0,0,0
2014/08/22,0,4000,-16000,-12000
2014/08/25,0,0,0,0
2014/08/26,0,0,0,0
2014/08/27,0,2000,0,2000
2014/08/28,0,0,0,0
2014/08/29,0,0,0,0
2014/09/01,0,0,0,0
2014/09/02,0,0,-35000,-35000
2014/09/03,0,0,0,0
2014/09/04,0,62000,-21000,41000
2014/09/05,0,0,0,0
2014/09/09,0,0,0,0
2014/09/10,0,0,-1000,-1000
2014/09/11,0,0,0,0
2014/09/12,0,0,-4000,-4000
2014/09/15,0,0,-2000,-2000
2014/09/16,0,0,-3000,-3000
2014/09/17,0,0,0,0
2014/09/18,0,1000,0,1000
2014/09/19,0,0,0,0
2014/09/22,0,0,-6000,-6000
2014/09/23,0,0,0,0
2014/09/24,0,0,-10695,-10695
2014/09/25,0,0,-10000,-10000
2014/09/26,0,0,0,0
2014/09/29,0,0,0,0
2014/09/30,0,18000,0,18000
2014/10/01,0,0,-17140,-17140
2014/10/02,0,10000,-13000,-3000
2014/10/03,0,0,-24000,-24000
2014/10/06,0,0,-6000,-6000
2014/10/07,0,0,-6000,-6000
2014/10/08,0,0,0,0
2014/10/09,0,3000,-5000,-2000
2014/10/13,0,25000,-8000,17000
2014/10/14,0,0,0,0
2014/10/15,0,0,-12000,-12000
2014/10/16,0,5000,-4000,1000
2014/10/17,0,0,-80000,-80000
2014/10/20,0,48000,0,48000
2014/10/21,0,0,0,0
2014/10/22,0,0,0,0
2014/10/23,0,0,0,0
2014/10/24,0,0,0,0
2014/10/27,0,0,-49000,-49000
2014/10/28,0,9000,0,9000
2014/10/29,0,0,-27000,-27000
2014/10/30,0,8000,-2000,6000
2014/10/31,0,0,-7000,-7000
2014/11/03,0,1000,0,1000
2014/11/04,0,1000,0,1000
2014/11/05,0,0,-12000,-12000
2014/11/06,0,0,0,0
2014/11/07,0,0,-2000,-2000
2014/11/10,0,68000,0,68000
2014/11/11,0,3000,0,3000
2014/11/12,0,0,-55000,-55000
2014/11/13,0,0,-1000,-1000
2014/11/14,0,4000,-11000,-7000
2014/11/17,0,0,-1000,-1000
2014/11/18,0,2000,0,2000
2014/11/19,0,11000,0,11000
2014/11/20,0,5000,0,5000
2014/11/21,0,0,0,0
2014/11/24,0,0,-10000,-10000
2014/11/25,0,0,-6000,-6000
2014/11/26,0,0,0,0
2014/11/27,0,0,0,0
2014/11/28,0,0,0,0
2014/12/01,0,11000,0,11000
2014/12/02,0,0,0,0
2014/12/03,0,0,0,0
2014/12/04,0,0,-7000,-7000
2014/12/05,0,0,0,0
2014/12/08,0,0,0,0
2014/12/09,0,0,0,0
2014/12/10,0,0,0,0
2014/12/11,0,0,0,0
2014/12/12,0,0,-5000,-5000
2014/12/15,0,13000,0,13000
2014/12/16,0,18000,0,18000
2014/12/17,0,38000,0,38000
2014/12/18,0,0,-7039,-7039
2014/12/19,0,0,-32000,-32000
2014/12/22,0,0,-4000,-4000
2014/12/23,0,2000,0,2000
2014/12/24,0,0,-2000,-2000
2014/12/25,0,0,0,0
2014/12/26,0,0,0,0
2014/12/29,0,0,0,0
2014/12/30,0,2000,0,2000
2014/12/31,0,0,-3000,-3000
2015/01/01,0,0,0,0
2015/01/02,0,0,0,0
2015/01/05,0,0,-3000,-3000
2015/01/06,0,0,-52000,-52000
2015/01/07,0,6000,0,6000
2015/01/08,0,0,-2000,-2000
2015/01/09,0,6000,0,6000
2015/01/12,0,0,0,0
2015/01/13,0,13000,0,13000
2015/01/14,0,0,0,0
2015/01/15,0,0,-10000,-10000
2015/01/16,0,0,-12000,-12000
2015/01/19,0,0,-3000,-3000
2015/01/20,0,0,0,0
2015/01/21,0,0,0,0
2015/01/22,0,0,0,0
2015/01/23,0,0,0,0
2015/01/26,0,0,0,0
2015/01/27,0,141000,0,141000
2015/01/28,0,3000,0,3000
2015/01/29,0,13000,0,13000
2015/01/30,0,0,0,0
2015/02/02,0,0,0,0
2015/02/03,0,0,-96000,-96000
2015/02/04,0,0,0,0
2015/02/05,0,295000,0,295000
2015/02/06,0,100000,-6000,94000
2015/02/09,0,193000,0,193000
2015/02/10,0,80000,-95000,-15000
2015/02/11,0,10000,0,10000
2015/02/12,0,80000,-38000,42000
2015/02/13,0,4000,-8000,-4000
2015/02/16,0,0,0,0
2015/02/17,0,0,0,0
2015/02/18,0,0,0,0
2015/02/19,0,0,0,0
2015/02/20,0,0,0,0
2015/02/23,0,0,0,0
2015/02/24,0,0,0,0
2015/02/25,0,336000,-5000,331000
2015/02/26,0,77000,0,77000
2015/02/27,0,0,0,0
2015/03/02,0,30000,-25000,5000
2015/03/03,0,79000,0,79000
2015/03/04,0,1000,-70000,-69000
2015/03/05,0,75000,-5497,69503
2015/03/06,0,130000,-6000,124000
2015/03/09,0,0,-6000,-6000
2015/03/10,0,0,-10000,-10000
2015/03/11,0,10000,-3000,7000
2015/03/12,0,3000,-2000,1000
2015/03/13,0,82000,0,82000
2015/03/16,0,41000,0,41000
2015/03/17,0,315000,-365497,-50497
2015/03/18,0,3000,-1000,2000
2015/03/19,0,11000,0,11000
2015/03/20,0,5000,-49000,-44000
2015/03/23,0,0,-2000,-2000
2015/03/24,0,0,-4000,-4000
2015/03/25,0,19000,-50000,-31000
2015/03/26,0,12000,-1000,11000
2015/03/27,0,7000,-1000,6000
2015/03/30,0,8000,0,8000
2015/03/31,0,54000,-523000,-469000
2015/04/01,0,0,-44000,-44000
2015/04/02,0,0,0,0
2015/04/03,0,0,0,0
2015/04/06,0,0,0,0
2015/04/07,0,15000,0,15000
2015/04/08,0,0,-9000,-9000
2015/04/09,0,0,0,0
2015/04/10,0,1000,0,1000
2015/04/13,0,0,-30000,-30000
2015/04/14,0,0,-30000,-30000
2015/04/15,0,2000,-6000,-4000
2015/04/16,0,1000,-74000,-73000
2015/04/17,0,2000,0,2000
2015/04/20,0,8000,0,8000
2015/04/21,0,2000,-115000,-113000
2015/04/22,0,10000,-321000,-311000
2015/04/23,0,19000,-229000,-210000
2015/04/24,0,36000,0,36000
2015/04/27,0,18000,0,18000
2015/04/28,0,17000,0,17000
2015/04/29,0,99000,0,99000
2015/04/30,0,427000,0,427000
2015/05/01,0,0,0,0
2015/05/04,0,183000,-45000,138000
2015/05/05,0,60000,-180000,-120000
2015/05/06,0,2000,0,2000
2015/05/07,0,1000,-16000,-15000
2015/05/08,0,0,-250000,-250000
2015/05/11,0,23000,-50000,-27000
2015/05/12,0,86000,0,86000
2015/05/13,0,2000,-145000,-143000
2015/05/14,0,0,-84000,-84000
2015/05/15,0,0,-38000,-38000
2015/05/18,0,14000,-5000,9000
2015/05/19,0,4000,-12000,-8000
2015/05/20,0,14000,-59000,-45000
2015/05/21,0,0,-78000,-78000
2015/05/22,0,0,-12000,-12000
2015/05/25,0,0,-8000,-8000
2015/05/26,0,1000,0,1000
2015/05/27,0,0,-9000,-9000
2015/05/28,0,0,-3000,-3000
2015/05/29,0,0,0,0
2015/06/01,0,3000,0,3000
2015/06/02,0,0,-2000,-2000
2015/06/03,0,0,-5000,-5000
2015/06/04,0,0,-3000,-3000
2015/06/05,0,0,0,0
2015/06/08,0,0,-1000,-1000
2015/06/09,0,0,0,0
2015/06/10,0,3000,-1000,2000
2015/06/11,0,1000,-3000,-2000
2015/06/12,0,0,0,0
2015/06/15,0,0,0,0
2015/06/16,0,0,0,0
2015/06/17,0,34000,-10000,24000
2015/06/18,0,0,0,0
2015/06/19,0,0,0,0
2015/06/22,0,0,0,0
2015/06/23,0,0,0,0
2015/06/24,0,33000,-31000,2000
2015/06/25,0,1059000,0,1059000
2015/06/26,0,29000,0,29000
2015/06/29,0,51000,0,51000
2015/06/30,0,0,0,0
2015/07/01,0,0,0,0
2015/07/02,0,0,-6000,-6000
2015/07/03,0,10000,0,10000
2015/07/06,0,0,-16000,-16000
2015/07/07,0,54000,-16000,38000
2015/07/08,0,19000,-240000,-221000
2015/07/09,0,25000,0,25000
2015/07/10,0,0,0,0
2015/07/13,0,20000,-72000,-52000
2015/07/14,0,0,-86000,-86000
2015/07/15,0,0,0,0
2015/07/16,0,0,-40000,-40000
2015/07/17,0,7000,0,7000
2015/07/20,0,0,0,0
2015/07/21,0,0,-6000,-6000
2015/07/22,0,22000,-8000,14000
2015/07/23,0,22000,-20000,2000
2015/07/24,0,5000,0,5000
2015/07/27,0,60000,0,60000
2015/07/28,0,106000,-2000,104000
2015/07/29,0,0,-4000,-4000
2015/07/30,0,0,-3000,-3000
2015/07/31,0,0,-50000,-50000
2015/08/03,0,0,-832000,-832000
2015/08/04,0,77000,-7000,70000
2015/08/05,0,46000,0,46000
2015/08/06,0,9000,-4000,5000
2015/08/07,0,0,-7000,-7000
2015/08/10,0,0,-18000,-18000
2015/08/11,0,0,-91000,-91000
2015/08/12,0,80000,0,80000
2015/08/13,0,0,0,0
2015/08/14,0,0,-59000,-59000
2015/08/17,0,37000,-2000,35000
2015/08/18,0,0,-59000,-59000
2015/08/19,0,6000,-17000,-11000
2015/08/20,0,0,-12000,-12000
2015/08/21,0,0,-11000,-11000
2015/08/24,0,99000,-77000,22000
2015/08/25,0,10000,-13000,-3000
2015/08/26,0,0,-5000,-5000
2015/08/27,0,0,-34000,-34000
2015/08/28,0,0,-15000,-15000
2015/08/31,0,0,-18000,-18000
2015/09/01,0,0,-26000,-26000
2015/09/02,0,0,-4000,-4000
2015/09/03,0,0,-34000,-34000
2015/09/04,0,0,-2000,-2000
2015/09/07,0,35000,0,35000
2015/09/08,0,0,-1000,-1000
2015/09/09,0,22000,0,22000
2015/09/10,0,1000,0,1000
2015/09/11,0,0,0,0
2015/09/14,0,0,-18000,-18000
2015/09/15,0,1000,0,1000
2015/09/16,0,0,0,0
2015/09/17,0,13000,0,13000
2015/09/18,0,14000,0,14000
2015/09/21,0,0,-18000,-18000
2015/09/22,0,0,0,0
2015/09/23,0,0,-1000,-1000
2015/09/24,0,1000,0,1000
2015/09/25,0,13000,0,13000
2015/09/28,0,0,0,0
2015/09/29,0,0,0,0
2015/09/30,0,9000,0,9000
2015/10/01,0,11000,-14000,-3000
2015/10/02,0,0,0,0
2015/10/05,0,0,-14000,-14000
2015/10/06,0,0,-2000,-2000
2015/10/07,0,0,0,0
2015/10/08,0,0,0,0
2015/10/09,0,0,0,0
2015/10/12,0,0,0,0
2015/10/13,0,0,0,0
2015/10/14,0,22000,-4000,18000
2015/10/15,0,0,0,0
2015/10/16,0,0,0,0
2015/10/19,0,2000,0,2000
2015/10/20,0,43000,0,43000
2015/10/21,0,70000,-2000,68000
2015/10/22,0,0,0,0
2015/10/23,0,0,0,0
2015/10/26,0,160000,-14000,146000
2015/10/27,0,0,-30000,-30000
2015/10/28,0,40000,0,40000
2015/10/29,0,0,-170000,-170000
2015/10/30,0,3000,0,3000
2015/11/02,0,0,-70000,-70000
2015/11/03,0,0,0,0
2015/11/04,0,7000,0,7000
2015/11/05,0,2000,0,2000
2015/11/06,0,0,-13000,-13000
2015/11/09,0,0,0,0
2015/11/10,0,0,0,0
2015/11/11,0,0,-13000,-13000
2015/11/12,0,0,-9000,-9000
2015/11/13,0,2000,-22000,-20000
2015/11/16,0,0,-36000,-36000
2015/11/17,0,1000,0,1000
2015/11/18,0,0,-1000,-1000
2015/11/19,0,0,-2000,-2000
2015/11/20,0,0,-1000,-1000
2015/11/23,0,0,0,0
2015/11/24,0,0,0,0
2015/11/25,0,0,0,0
2015/11/26,0,1000,-12000,-11000
2015/11/27,0,0,0,0
2015/11/30,0,0,-16000,-16000
2015/12/01,0,0,0,0
2015/12/02,0,0,0,0
2015/12/03,0,0,0,0
2015/12/04,0,0,-1000,-1000
2015/12/07,0,9000,0,9000
2015/12/08,0,0,0,0
2015/12/09,0,0,0,0
2015/12/10,0,1000,0,1000
2015/12/11,0,19000,-33000,-14000
2015/12/14,0,5000,0,5000
2015/12/15,0,12000,0,12000
2015/12/16,0,6000,0,6000
2015/12/17,0,0,0,0
2015/12/18,0,20000,-40000,-20000
2015/12/21,0,0,0,0
2015/12/22,0,0,-20000,-20000
2015/12/23,0,0,0,0
2015/12/24,0,18000,0,18000
2015/12/25,0,0,0,0
2015/12/28,0,107000,-16000,91000
2015/12/29,0,0,0,0
2015/12/30,0,0,-29000,-29000
2015/12/31,0,6000,0,6000
2016/01/01,0,0,0,0
2016/01/04,0,29000,-5000,24000
2016/01/05,0,0,-2000,-2000
2016/01/06,0,0,-14000,-14000
2016/01/07,0,6000,-25000,-19000
2016/01/08,0,0,0,0
2016/01/11,0,50000,0,50000
2016/01/12,0,16000,-4000,12000
2016/01/13,0,0,-73000,-73000
2016/01/14,0,1000,-23000,-22000
2016/01/15,0,5000,-70000,-65000
2016/01/18,0,0,0,0
2016/01/19,0,7000,0,7000
2016/01/20,0,7000,-6000,1000
2016/01/21,0,79000,0,79000
2016/01/22,0,0,-1000,-1000
2016/01/25,0,0,0,0
2016/01/26,0,20000,0,20000
2016/01/27,0,0,-33000,-33000
2016/01/28,0,0,-1000,-1000
2016/01/29,0,0,-32000,-32000
2016/02/01,0,1000,-11000,-10000
2016/02/02,0,0,0,0
2016/02/03,0,35000,0,35000
2016/02/04,0,0,0,0
2016/02/05,0,0,0,0
2016/02/08,0,0,0,0
2016/02/09,0,0,0,0
2016/02/10,0,0,0,0
2016/02/11,0,0,0,0
2016/02/12,0,0,0,0
2016/02/15,0,0,0,0
2016/02/16,0,78000,-33000,45000
2016/02/17,0,0,-7000,-7000
2016/02/18,0,1000,-2000,-1000
2016/02/19,0,0,0,0
2016/02/22,0,0,-4000,-4000
2016/02/23,0,6000,-9000,-3000
2016/02/24,0,15000,0,15000
2016/02/25,0,0,0,0
2016/02/26,0,0,0,0
2016/02/29,0,0,0,0
2016/03/01,0,1000,0,1000
2016/03/02,0,50000,0,50000
2016/03/03,0,30000,0,30000
2016/03/04,0,60000,-1000,59000
2016/03/07,0,65000,-44000,21000
2016/03/08,0,0,-43000,-43000
2016/03/09,0,8000,-10000,-2000
2016/03/10,0,52000,0,52000
2016/03/11,0,13000,-1000,12000
2016/03/14,0,3000,0,3000
2016/03/15,0,6000,0,6000
2016/03/16,0,24000,0,24000
2016/03/17,0,10000,0,10000
2016/03/18,0,20000,-31000,-11000
2016/03/21,0,10000,-51000,-41000
2016/03/22,0,0,-15000,-15000
2016/03/23,0,0,0,0
2016/03/24,0,0,-24000,-24000
2016/03/25,0,3000,-9000,-6000
2016/03/28,0,6000,-25000,-19000
2016/03/29,0,3000,-32000,-29000
2016/03/30,0,3000,-3000,0
2016/03/31,0,1000,-9888,-8888
2016/04/01,0,2000,-11000,-9000
2016/04/04,0,0,0,0
2016/04/05,0,0,0,0
2016/04/06,0,0,-123000,-123000
2016/04/07,0,2000,-10000,-8000
2016/04/08,0,2000,-3000,-1000
2016/04/11,0,5000,-2000,3000
2016/04/12,0,5000,-13000,-8000
2016/04/13,0,30000,-4000,26000
2016/04/14,0,21000,-8000,13000
2016/04/15,0,22000,-36000,-14000
2016/04/18,0,0,-30000,-30000
2016/04/19,0,19000,-39000,-20000
2016/04/20,0,10000,-5000,5000
2016/04/21,0,15000,-10000,5000
2016/04/22,0,0,0,0
2016/04/25,0,2000,-21000,-19000
2016/04/26,0,8000,0,8000
2016/04/27,0,0,-10000,-10000
2016/04/28,0,0,-9000,-9000
2016/04/29,0,0,0,0
2016/05/02,0,0,0,0
2016/05/03,0,0,0,0
2016/05/04,0,6000,0,6000
2016/05/05,0,0,-1000,-1000
2016/05/06,0,0,-1000,-1000
2016/05/09,0,0,0,0
2016/05/10,0,39000,-1000,38000
2016/05/11,0,0,-2000,-2000
2016/05/12,0,6000,-11000,-5000
2016/05/13,0,0,-8000,-8000
2016/05/16,0,24000,0,24000
2016/05/17,0,64000,0,64000
2016/05/18,0,0,-6000,-6000
2016/05/19,0,24000,0,24000
2016/05/20,0,6000,-45000,-39000
2016/05/23,0,4000,-35000,-31000
2016/05/24,0,0,0,0
2016/05/25,0,0,-35000,-35000
2016/05/26,0,0,0,0
2016/05/27,0,0,0,0
2016/05/30,0,5000,-27000,-22000
2016/05/31,0,0,-19000,-19000
2016/06/01,0,0,0,0
2016/06/02,0,0,-3000,-3000
2016/06/03,0,0,-1000,-1000
2016/06/06,0,0,-46000,-46000
2016/06/07,0,2000,0,2000
2016/06/08,0,1000,0,1000
2016/06/09,0,0,0,0
2016/06/10,0,0,0,0
2016/06/13,0,1000,0,1000
2016/06/14,0,1000,0,1000
2016/06/15,0,1000,-2000,-1000
2016/06/16,0,3000,-6000,-3000
2016/06/17,0,10000,0,10000
2016/06/20,0,24000,0,24000
2016/06/21,0,1000,0,1000
2016/06/22,0,0,0,0
2016/06/23,0,0,0,0
2016/06/24,0,25000,-40000,-15000
2016/06/27,0,0,0,0
2016/06/28,0,0,0,0
2016/06/29,0,0,-1000,-1000
2016/06/30,0,0,0,0
2016/07/01,0,0,0,0
2016/07/04,0,2000,0,2000
2016/07/05,0,0,0,0
2016/07/06,0,25000,0,25000
2016/07/07,0,0,0,0
2016/07/08,0,0,0,0
2016/07/11,0,3000,0,3000
2016/07/12,0,37000,0,37000
2016/07/13,0,0,-11000,-11000
2016/07/14,0,30000,0,30000
2016/07/15,0,44000,-3000,41000
2016/07/18,0,0,0,0
2016/07/19,0,31000,0,31000
2016/07/20,0,51000,-1000,50000
2016/07/21,0,51000,0,51000
2016/07/22,0,41000,0,41000
2016/07/25,0,34000,-41000,-7000
2016/07/26,0,3000,-31000,-28000
2016/07/27,0,0,-1000,-1000
2016/07/28,0,35000,0,35000
2016/07/29,0,10000,0,10000
2016/08/01,0,33000,0,33000
2016/08/02,0,0,0,0
2016/08/03,0,11000,-22000,-11000
2016/08/04,0,6000,-63000,-57000
2016/08/05,0,8000,-5000,3000
2016/08/08,0,6000,-35000,-29000
2016/08/09,0,2000,-47000,-45000
2016/08/10,0,0,-67000,-67000
2016/08/11,0,0,-29000,-29000
2016/08/12,0,20000,-1000,19000
2016/08/15,0,0,-1000,-1000
2016/08/16,0,0,-54000,-54000
2016/08/17,0,1000,-3000,-2000
2016/08/18,0,0,-15000,-15000
2016/08/19,0,4000,-7000,-3000
2016/08/22,0,0,-5000,-5000
2016/08/23,0,0,-3000,-3000
2016/08/24,0,0,0,0
2016/08/25,0,0,-4000,-4000
2016/08/26,0,0,0,0
2016/08/29,0,0,-75000,-75000
2016/08/30,0,0,0,0
2016/08/31,0,62000,-24000,38000
2016/09/01,0,0,-45000,-45000
2016/09/02,0,0,-12000,-12000
2016/09/05,0,3000,0,3000
2016/09/06,0,5000,-22000,-17000
2016/09/07,0,4000,0,4000
2016/09/08,0,0,0,0
2016/09/09,0,0,-14000,-14000
2016/09/12,0,0,0,0
2016/09/13,0,0,-6000,-6000
2016/09/14,0,0,0,0
2016/09/15,0,0,0,0
2016/09/16,0,0,0,0
2016/09/19,0,6000,0,6000
2016/09/20,0,2000,-4000,-2000
2016/09/21,0,0,-14000,-14000
2016/09/22,0,6000,0,6000
2016/09/23,0,24000,-5000,19000
2016/09/26,0,0,0,0
2016/09/27,0,0,0,0
2016/09/28,0,0,0,0
2016/09/29,0,0,0,0
2016/09/30,0,0,0,0
2016/10/03,0,0,-1000,-1000
2016/10/04,0,0,-4000,-4000
2016/10/05,0,0,-2000,-2000
2016/10/06,0,0,-8000,-8000
2016/10/07,0,0,-1000,-1000
2016/10/10,0,0,0,0
2016/10/11,0,0,-2000,-2000
2016/10/12,0,10000,0,10000
2016/10/13,0,1000,-4000,-3000
2016/10/14,0,11000,0,11000
2016/10/17,0,0,-2000,-2000
2016/10/18,0,0,-2000,-2000
2016/10/19,0,4000,-19000,-15000
2016/10/20,0,0,-9000,-9000
2016/10/21,0,0,-9000,-9000
2016/10/24,0,0,0,0
2016/10/25,0,0,0,0
2016/10/26,0,0,0,0
2016/10/27,0,0,0,0
2016/10/28,0,0,0,0
2016/10/31,0,0,0,0
2016/11/01,0,8000,0,8000
2016/11/02,0,43000,0,43000
2016/11/03,0,20000,0,20000
2016/11/04,0,0,-1000,-1000
2016/11/07,0,8000,0,8000
2016/11/08,0,0,0,0
2016/11/09,0,4000,-66000,-62000
2016/11/10,0,10000,-1000,9000
2016/11/11,0,0,0,0
2016/11/14,0,24000,-3000,21000
2016/11/15,0,11000,-1000,10000
2016/11/16,0,11000,-24000,-13000
2016/11/17,0,25000,-69000,-44000
2016/11/18,0,32000,0,32000
2016/11/21,0,10000,-3651,6349
2016/11/22,0,32000,-1000,31000
2016/11/23,0,23000,0,23000
2016/11/24,0,0,0,0
2016/11/25,0,0,0,0
2016/11/28,0,7000,-2056,4944
2016/11/29,0,0,-2000,-2000
2016/11/30,0,0,-142000,-142000
2016/12/01,0,66000,0,66000
2016/12/02,0,0,-13000,-13000
2016/12/05,0,0,-4000,-4000
2016/12/06,0,8000,0,8000
2016/12/07,0,0,0,0
2016/12/08,0,0,0,0
2016/12/09,0,1000,0,1000
2016/12/12,0,20000,0,20000
2016/12/13,0,0,0,0
2016/12/14,0,0,-32000,-32000
2016/12/15,0,1000,0,1000
2016/12/16,0,10000,0,10000
2016/12/19,0,0,0,0
2016/12/20,0,8000,0,8000
2016/12/21,0,10000,0,10000
2016/12/22,0,3000,0,3000
2016/12/23,0,1000,0,1000
2016/12/26,0,0,0,0
2016/12/27,0,0,0,0
2016/12/28,0,0,0,0
2016/12/29,0,15000,-1000,14000
2016/12/30,0,7000,0,7000
2017/01/02,0,0,0,0
2017/01/03,0,0,0,0
2017/01/04,0,0,0,0
2017/01/05,0,0,-2000,-2000
2017/01/06,0,0,-3000,-3000
2017/01/09,0,0,-3000,-3000
2017/01/10,0,0,0,0
2017/01/11,0,0,0,0
2017/01/12,0,2000,0,2000
2017/01/13,0,0,0,0
2017/01/16,0,0,-4000,-4000
2017/01/17,0,0,0,0
2017/01/18,0,39000,-13000,26000
2017/01/19,0,53000,-11000,42000
2017/01/20,0,19000,0,19000
2017/01/23,0,1000,-4000,-3000
2017/01/24,0,0,0,0
2017/01/25,0,0,0,0
2017/01/26,0,0,0,0
2017/01/27,0,0,0,0
2017/01/30,0,0,0,0
2017/01/31,0,0,0,0
2017/02/01,0,0,0,0
2017/02/02,0,11000,-3000,8000
2017/02/03,0,4000,-4000,0
2017/02/06,0,10000,0,10000
2017/02/07,0,0,0,0
2017/02/08,0,0,-12000,-12000
2017/02/09,0,0,-11000,-11000
2017/02/10,0,0,0,0
2017/02/13,0,2000,0,2000
2017/02/14,0,0,0,0
2017/02/15,0,0,0,0
2017/02/16,0,0,0,0
2017/02/17,0,0,0,0
2017/02/20,0,0,-20000,-20000
2017/02/21,0,0,0,0
2017/02/22,0,4000,0,4000
2017/02/23,0,1000,0,1000
2017/02/24,0,0,-1000,-1000
2017/02/27,0,0,0,0
2017/02/28,0,0,0,0
2017/03/01,0,0,0,0
2017/03/02,0,0,0,0
2017/03/03,0,0,-1000,-1000
2017/03/06,0,0,0,0
2017/03/07,0,0,0,0
2017/03/08,0,0,0,0
2017/03/09,0,0,-28000,-28000
2017/03/10,0,3000,0,3000
2017/03/13,0,0,0,0
2017/03/14,0,0,0,0
2017/03/15,0,1000,-1000,0
2017/03/16,0,36000,0,36000
2017/03/17,0,0,0,0
2017/03/20,0,0,0,0
2017/03/21,0,11000,0,11000
2017/03/22,0,4000,0,4000
2017/03/23,0,0,-69000,-69000
2017/03/24,0,0,0,0
2017/03/27,0,1000,0,1000
2017/03/28,0,26000,-2000,24000
2017/03/29,0,84000,0,84000
2017/03/30,0,0,0,0
2017/03/31,0,1000,0,1000
2017/04/03,0,0,0,0
2017/04/04,0,0,0,0
2017/04/05,0,4000,0,4000
2017/04/06,0,0,-4000,-4000
2017/04/07,0,0,-6000,-6000
2017/04/10,0,0,0,0
2017/04/11,0,0,0,0
2017/04/12,0,0,0,0
2017/04/13,0,0,0,0
2017/04/14,0,0,0,0
2017/04/17,0,0,0,0
2017/04/18,0,0,0,0
2017/04/19,0,0,-4000,-4000
2017/04/20,0,1000,-1000,0
2017/04/21,0,0,0,0
2017/04/24,0,0,0,0
2017/04/25,0,0,-2000,-2000
2017/04/26,0,6000,0,6000
2017/04/27,0,0,0,0
2017/04/28,0,0,-16000,-16000
2017/05/01,0,0,0,0
2017/05/02,0,0,0,0
2017/05/03,0,0,0,0
2017/05/04,0,0,0,0
2017/05/05,0,0,-5000,-5000
2017/05/08,0,0,0,0
2017/05/09,0,0,-2050,-2050
2017/05/10,0,0,0,0
2017/05/11,0,0,0,0
2017/05/12,0,0,0,0
2017/05/15,0,0,-5000,-5000
2017/05/16,0,0,-5000,-5000
2017/05/17,0,0,0,0
2017/05/18,0,0,0,0
2017/05/19,0,0,0,0
2017/05/22,0,30000,0,30000
2017/05/23,0,0,-2000,-2000
2017/05/24,0,0,-2000,-2000
2017/05/25,0,0,0,0
2017/05/26,0,50000,0,50000
2017/05/29,0,0,0,0
2017/05/30,0,0,0,0
2017/05/31,0,5000,-7000,-2000
2017/06/01,0,4000,-8000,-4000
2017/06/02,0,10000,-1000,9000
2017/06/05,0,0,0,0
2017/06/06,0,0,0,0
2017/06/07,0,0,0,0
2017/06/08,0,0,0,0
2017/06/09,0,18000,0,18000
2017/06/12,0,5000,0,5000
2017/06/13,0,2000,0,2000
2017/06/14,0,2000,0,2000
2017/06/15,0,0,-2000,-2000
2017/06/16,0,0,-1000,-1000
2017/06/19,0,0,0,0
2017/06/20,0,18000,0,18000
2017/06/21,0,58000,0,58000
2017/06/22,0,3000,-18000,-15000
2017/06/23,0,0,0,0
2017/06/26,0,109000,0,109000
2017/06/27,0,47000,-5000,42000
2017/06/28,0,55000,0,55000
2017/06/29,0,0,0,0
2017/06/30,0,0,0,0
2017/07/03,0,0,0,0
2017/07/04,0,0,0,0
2017/07/05,0,146000,-8000,138000
2017/07/06,0,0,0,0
2017/07/07,0,0,0,0
2017/07/10,0,0,-4000,-4000
2017/07/11,0,53000,0,53000
2017/07/12,0,0,-58000,-58000
2017/07/13,0,0,-12000,-12000
2017/07/14,0,0,-14000,-14000
2017/07/17,0,0,-24000,-24000
2017/07/18,0,0,-9000,-9000
2017/07/19,0,0,0,0
2017/07/20,0,0,0,0
2017/07/21,0,363000,0,363000
2017/07/24,0,0,-324000,-324000
2017/07/25,0,0,-43000,-43000
2017/07/26,0,0,-39000,-39000
2017/07/27,0,0,-1000,-1000
2017/07/28,0,7000,0,7000
2017/07/31,0,0,0,0
2017/08/01,0,0,0,0
2017/08/02,0,1000,0,1000
2017/08/03,0,0,-15000,-15000
2017/08/04,0,1000,-22000,-21000
2017/08/07,0,0,0,0
2017/08/08,0,0,-8000,-8000
2017/08/09,0,1000,-171000,-170000
2017/08/10,0,0,0,0
2017/08/11,0,0,0,0
2017/08/14,0,2000,0,2000
2017/08/15,0,0,-32000,-32000
2017/08/16,0,36000,-4000,32000
2017/08/17,0,165000,0,165000
2017/08/18,0,109000,-10000,99000
