Date,Open,Buy,Sell,Total
2007/01/02,0,200000,-14000,186000
2007/01/03,0,0,-35000,-35000
2007/01/04,0,0,-200000,-200000
2007/01/05,0,0,0,0
2007/01/08,0,0,0,0
2007/01/09,0,0,0,0
2007/01/10,0,0,-24000,-24000
2007/01/11,0,2000,0,2000
2007/01/12,0,40000,-247000,-207000
2007/01/15,0,0,0,0
2007/01/16,0,2000,0,2000
2007/01/17,0,0,0,0
2007/01/18,0,954000,-200000,754000
2007/01/19,0,120000,-6000,114000
2007/01/22,0,125000,-1000,124000
2007/01/23,0,0,0,0
2007/01/24,0,606000,0,606000
2007/01/25,0,10000,0,10000
2007/01/26,0,1000,0,1000
2007/01/29,0,0,-1000,-1000
2007/01/30,0,335000,0,335000
2007/01/31,0,1090000,0,1090000
2007/02/01,0,961000,0,961000
2007/02/02,0,331000,0,331000
2007/02/05,0,541000,0,541000
2007/02/06,0,30000,0,30000
2007/02/07,0,255000,0,255000
2007/02/08,0,0,-100000,-100000
2007/02/09,0,0,-36000,-36000
2007/02/12,0,0,-308000,-308000
2007/02/13,0,0,-21000,-21000
2007/02/14,0,0,-43000,-43000
2007/02/15,0,0,0,0
2007/02/16,0,0,0,0
2007/02/19,0,0,0,0
2007/02/20,0,0,0,0
2007/02/21,0,0,0,0
2007/02/22,0,0,0,0
2007/02/23,0,0,0,0
2007/02/26,0,0,0,0
2007/02/27,0,0,-137000,-137000
2007/02/28,0,0,0,0
2007/03/01,0,0,0,0
2007/03/02,0,0,0,0
2007/03/05,0,0,-55000,-55000
2007/03/06,0,0,-17000,-17000
2007/03/07,0,0,-67000,-67000
2007/03/08,0,200000,0,200000
2007/03/09,0,0,0,0
2007/03/12,0,0,0,0
2007/03/13,0,261000,-356000,-95000
2007/03/14,0,340000,-576000,-236000
2007/03/15,0,524000,0,524000
2007/03/16,0,0,-1000,-1000
2007/03/19,0,158000,0,158000
2007/03/20,0,370000,-11000,359000
2007/03/21,0,5550000,-101000,5449000
2007/03/22,0,7169000,-64000,7105000
2007/03/23,0,33000,-300000,-267000
2007/03/26,0,2972000,-756000,2216000
2007/03/27,0,800000,0,800000
2007/03/28,0,553000,0,553000
2007/03/29,0,0,-174000,-174000
2007/03/30,0,500000,-13000,487000
2007/04/02,0,480000,-226000,254000
2007/04/03,0,888000,-752000,136000
2007/04/04,0,88000,-517000,-429000
2007/04/05,0,0,0,0
2007/04/06,0,0,0,0
2007/04/09,0,0,-175000,-175000
2007/04/10,0,1034000,0,1034000
2007/04/11,0,490000,-881000,-391000
2007/04/12,0,0,-214000,-214000
2007/04/13,0,220000,-1183000,-963000
2007/04/16,0,0,-17000,-17000
2007/04/17,0,3000,-202000,-199000
2007/04/18,0,276000,-200000,76000
2007/04/19,0,103000,-100000,3000
2007/04/20,0,8000,-1340000,-1332000
2007/04/23,0,0,-105000,-105000
2007/04/24,0,11000,-20000,-9000
2007/04/25,0,0,-143000,-143000
2007/04/26,0,0,-45000,-45000
2007/04/27,0,0,-100000,-100000
2007/04/30,0,0,0,0
2007/05/01,0,0,0,0
2007/05/02,0,510000,0,510000
2007/05/03,0,1340000,0,1340000
2007/05/04,0,0,0,0
2007/05/07,0,0,0,0
2007/05/08,0,0,-3000,-3000
2007/05/09,0,0,-60000,-60000
2007/05/10,0,0,-6000,-6000
2007/05/11,0,82000,-190000,-108000
2007/05/14,0,0,-30000,-30000
2007/05/15,0,13000,0,13000
2007/05/16,0,0,-111000,-111000
2007/05/17,0,100000,-2000,98000
2007/05/18,0,0,-281000,-281000
2007/05/21,0,0,0,0
2007/05/22,0,514000,-130000,384000
2007/05/23,0,0,-50000,-50000
2007/05/24,0,0,0,0
2007/05/25,0,0,-248000,-248000
2007/05/28,0,0,-310000,-310000
2007/05/29,0,2000,0,2000
2007/05/30,0,0,0,0
2007/05/31,0,0,-1365000,-1365000
2007/06/01,0,0,-820000,-820000
2007/06/04,0,0,-200000,-200000
2007/06/05,0,0,-296,-296
2007/06/06,0,2000,-241000,-239000
2007/06/07,0,0,-400000,-400000
2007/06/08,0,0,-250000,-250000
2007/06/11,0,0,-500000,-500000
2007/06/12,0,0,-300000,-300000
2007/06/13,0,200000,-70000,130000
2007/06/14,0,0,-253000,-253000
2007/06/15,0,0,-382000,-382000
2007/06/18,0,0,0,0
2007/06/19,0,0,0,0
2007/06/20,0,0,0,0
2007/06/21,0,5800000,0,5800000
2007/06/22,0,550000,-59000,491000
2007/06/25,0,0,-125000,-125000
2007/06/26,0,7000,0,7000
2007/06/27,0,2500000,-59000,2441000
2007/06/28,0,0,0,0
2007/06/29,0,2000,0,2000
2007/07/02,0,1000000,0,1000000
2007/07/03,0,0,0,0
2007/07/04,0,300000,0,300000
2007/07/05,0,0,-30000,-30000
2007/07/06,0,0,-810000,-810000
2007/07/09,0,29000,-1506000,-1477000
2007/07/10,0,0,-390000,-390000
2007/07/11,0,15000,-900000,-885000
2007/07/12,0,0,-500000,-500000
2007/07/13,0,31000,-700000,-669000
2007/07/16,0,230000,0,230000
2007/07/17,0,0,-304000,-304000
2007/07/18,0,78000,-300000,-222000
2007/07/19,0,4000,-429000,-425000
2007/07/20,0,1102000,0,1102000
2007/07/23,0,61000,-1000,60000
2007/07/24,0,1000,-450000,-449000
2007/07/25,0,38000,-100000,-62000
2007/07/26,0,1000,0,1000
2007/07/27,0,1000,0,1000
2007/07/30,0,1400000,0,1400000
2007/07/31,0,120000,-300000,-180000
2007/08/01,0,0,0,0
2007/08/02,0,2000,-300000,-298000
2007/08/03,0,11000,-1000,10000
2007/08/06,0,0,-300000,-300000
2007/08/07,0,38000,0,38000
2007/08/08,0,2000,0,2000
2007/08/09,0,5000,0,5000
2007/08/10,0,18000,-25000,-7000
2007/08/13,0,0,0,0
2007/08/14,0,0,0,0
2007/08/15,0,1000,0,1000
2007/08/16,0,38000,-11000,27000
2007/08/17,0,2000,0,2000
2007/08/20,0,3000,0,3000
2007/08/21,0,0,-1000,-1000
2007/08/22,0,500000,0,500000
2007/08/23,0,0,0,0
2007/08/24,0,0,-2000,-2000
2007/08/27,0,5000,0,5000
2007/08/28,0,0,0,0
2007/08/29,0,0,0,0
2007/08/30,0,0,-371000,-371000
2007/08/31,0,4000,-536000,-532000
2007/09/03,0,529000,-528000,1000
2007/09/04,0,5000,-61000,-56000
2007/09/05,0,0,-352000,-352000
2007/09/06,0,0,-1260000,-1260000
2007/09/07,0,0,-663000,-663000
2007/09/10,0,4000,-296000,-292000
2007/09/11,0,0,-1190000,-1190000
2007/09/12,0,2000,-208000,-206000
2007/09/13,0,0,0,0
2007/09/14,0,0,0,0
2007/09/17,0,0,-700000,-700000
2007/09/18,0,0,0,0
2007/09/19,0,0,0,0
2007/09/20,0,0,-185000,-185000
2007/09/21,0,0,-837000,-837000
2007/09/24,0,0,0,0
2007/09/25,0,0,0,0
2007/09/26,0,2000,-201000,-199000
2007/09/27,0,1000,-2317000,-2316000
2007/09/28,0,0,-4336000,-4336000
2007/10/01,0,1000000,-830000,170000
2007/10/02,0,10000,-840000,-830000
2007/10/03,0,0,0,0
2007/10/04,0,0,0,0
2007/10/05,0,0,-666000,-666000
2007/10/08,0,0,-830000,-830000
2007/10/09,0,0,0,0
2007/10/10,0,0,0,0
2007/10/11,0,0,-348000,-348000
2007/10/12,0,0,-494000,-494000
2007/10/15,0,39000,-2060000,-2021000
2007/10/16,0,0,-2312000,-2312000
2007/10/17,0,0,-3604000,-3604000
2007/10/18,0,0,-152000,-152000
2007/10/19,0,0,-26000,-26000
2007/10/22,0,1000,0,1000
2007/10/23,0,1000,-1238000,-1237000
2007/10/24,0,0,0,0
2007/10/25,0,0,-1150000,-1150000
2007/10/26,0,0,0,0
2007/10/29,0,1000,-400000,-399000
2007/10/30,0,1000,0,1000
2007/10/31,0,61000,0,61000
2007/11/01,0,0,-15000,-15000
2007/11/02,0,7000,0,7000
2007/11/05,0,16000,0,16000
2007/11/06,0,1000,-489000,-488000
2007/11/07,0,0,0,0
2007/11/08,0,2000,0,2000
2007/11/09,0,1000,0,1000
2007/11/12,0,3000,0,3000
2007/11/13,0,1000,0,1000
2007/11/14,0,61000,-36000,25000
2007/11/15,0,0,0,0
2007/11/16,0,0,0,0
2007/11/19,0,1000,0,1000
2007/11/20,0,1000,0,1000
2007/11/21,0,38000,0,38000
2007/11/22,0,1000,0,1000
2007/11/23,0,5000,0,5000
2007/11/26,0,0,0,0
2007/11/27,0,6000,0,6000
2007/11/28,0,1000,0,1000
2007/11/29,0,1000,0,1000
2007/11/30,0,0,0,0
2007/12/03,0,1000,-500000,-499000
2007/12/04,0,0,-500000,-500000
2007/12/05,0,0,0,0
2007/12/06,0,0,0,0
2007/12/07,0,0,0,0
2007/12/10,0,0,0,0
2007/12/11,0,1000,0,1000
2007/12/12,0,0,0,0
2007/12/13,0,0,-1000,-1000
2007/12/14,0,960000,0,960000
2007/12/17,0,953000,0,953000
2007/12/18,0,1176000,0,1176000
2007/12/19,0,1000,0,1000
2007/12/20,0,0,-54000,-54000
2007/12/21,0,1000,-4000,-3000
2007/12/24,0,34000,-100000,-66000
2007/12/25,0,0,-75000,-75000
2007/12/26,0,0,0,0
2007/12/27,0,1000,-20000,-19000
2007/12/28,0,0,-26000,-26000
2007/12/31,0,211000,0,211000
2008/01/01,0,0,0,0
2008/01/02,0,0,0,0
2008/01/03,0,0,0,0
2008/01/04,0,0,-4000,-4000
2008/01/07,0,80000,0,80000
2008/01/08,0,2000,0,2000
2008/01/09,0,25000,-3000,22000
2008/01/10,0,13000,0,13000
2008/01/11,0,1000,-4000,-3000
2008/01/14,0,0,0,0
2008/01/15,0,1000,0,1000
2008/01/16,0,0,0,0
2008/01/17,0,14000,0,14000
2008/01/18,0,122000,-3000,119000
2008/01/21,0,119000,-33000,86000
2008/01/22,0,0,0,0
2008/01/23,0,1000,0,1000
2008/01/24,0,6000,0,6000
2008/01/25,0,2000,0,2000
2008/01/28,0,152000,0,152000
2008/01/29,0,0,-66000,-66000
2008/01/30,0,1000,0,1000
2008/01/31,0,0,0,0
2008/02/01,0,1000,-17000,-16000
2008/02/04,0,0,0,0
2008/02/05,0,0,0,0
2008/02/06,0,0,0,0
2008/02/07,0,0,0,0
2008/02/08,0,0,0,0
2008/02/11,0,0,0,0
2008/02/12,0,0,-1000,-1000
2008/02/13,0,29000,0,29000
2008/02/14,0,0,0,0
2008/02/15,0,0,0,0
2008/02/18,0,35000,0,35000
2008/02/19,0,82000,-58000,24000
2008/02/20,0,8000,0,8000
2008/02/21,0,0,0,0
2008/02/22,0,0,0,0
2008/02/25,0,1000,0,1000
2008/02/26,0,1000,-42000,-41000
2008/02/27,0,0,-1000,-1000
2008/02/28,0,0,0,0
2008/02/29,0,0,0,0
2008/03/03,0,0,-116000,-116000
2008/03/04,0,1000,0,1000
2008/03/05,0,24000,0,24000
2008/03/06,0,0,0,0
2008/03/07,0,0,-1000,-1000
2008/03/10,0,3000,-285000,-282000
2008/03/11,0,3000,0,3000
2008/03/12,0,4000,0,4000
2008/03/13,0,0,0,0
2008/03/14,0,1000,0,1000
2008/03/17,0,2000,0,2000
2008/03/18,0,1000,0,1000
2008/03/19,0,3000,0,3000
2008/03/20,0,2000,-79000,-77000
2008/03/21,0,4000,-400000,-396000
2008/03/24,0,3000,0,3000
2008/03/25,0,0,-4000,-4000
2008/03/26,0,2000,0,2000
2008/03/27,0,3000,0,3000
2008/03/28,0,73000,0,73000
2008/03/31,0,91000,-10000,81000
2008/04/01,0,1000,-20000,-19000
2008/04/02,0,224000,0,224000
2008/04/03,0,3000,0,3000
2008/04/04,0,0,0,0
2008/04/07,0,197000,-465000,-268000
2008/04/08,0,3000,0,3000
2008/04/09,0,4000,-11000,-7000
2008/04/10,0,2000,0,2000
2008/04/11,0,0,0,0
2008/04/14,0,0,-2000,-2000
2008/04/15,0,1000,0,1000
2008/04/16,0,0,-6000,-6000
2008/04/17,0,1000,0,1000
2008/04/18,0,229000,-13000,216000
2008/04/21,0,235000,0,235000
2008/04/22,0,5000,0,5000
2008/04/23,0,5000,0,5000
2008/04/24,0,7000,0,7000
2008/04/25,0,4000,0,4000
2008/04/28,0,16000,0,16000
2008/04/29,0,5000,0,5000
2008/04/30,0,29000,0,29000
2008/05/01,0,0,0,0
2008/05/02,0,16000,0,16000
2008/05/05,0,4000,-195000,-191000
2008/05/06,0,9000,0,9000
2008/05/07,0,8000,-3000,5000
2008/05/08,0,21000,0,21000
2008/05/09,0,9000,-54000,-45000
2008/05/12,0,12000,0,12000
2008/05/13,0,19000,-311000,-292000
2008/05/14,0,19000,0,19000
2008/05/15,0,14000,0,14000
2008/05/16,0,0,0,0
2008/05/19,0,15000,0,15000
2008/05/20,0,100000,-7000,93000
2008/05/21,0,30000,0,30000
2008/05/22,0,11000,0,11000
2008/05/23,0,0,-3000,-3000
2008/05/26,0,12000,0,12000
2008/05/27,0,6000,-200000,-194000
2008/05/28,0,7000,0,7000
2008/05/29,0,7000,0,7000
2008/05/30,0,5000,-1000,4000
2008/06/02,0,13000,0,13000
2008/06/03,0,0,0,0
2008/06/04,0,6000,0,6000
2008/06/05,0,2000,0,2000
2008/06/06,0,4000,0,4000
2008/06/09,0,3000,0,3000
2008/06/10,0,0,0,0
2008/06/11,0,8000,0,8000
2008/06/12,0,13000,0,13000
2008/06/13,0,14000,0,14000
2008/06/16,0,0,-2000,-2000
2008/06/17,0,5000,0,5000
2008/06/18,0,0,0,0
2008/06/19,0,0,-5000,-5000
2008/06/20,0,0,-8000,-8000
2008/06/23,0,42000,0,42000
2008/06/24,0,5000,0,5000
2008/06/25,0,66000,-4000,62000
2008/06/26,0,0,0,0
2008/06/27,0,3000,0,3000
2008/06/30,0,174000,0,174000
2008/07/01,0,10000,0,10000
2008/07/02,0,0,-4000,-4000
2008/07/03,0,7000,0,7000
2008/07/04,0,20000,0,20000
2008/07/07,0,16000,0,16000
2008/07/08,0,0,0,0
2008/07/09,0,0,-9000,-9000
2008/07/10,0,0,0,0
2008/07/11,0,11000,-7000,4000
2008/07/14,0,1000,0,1000
2008/07/15,0,8000,0,8000
2008/07/16,0,11000,0,11000
2008/07/17,0,7000,0,7000
2008/07/18,0,0,-1572000,-1572000
2008/07/21,0,39000,-103000,-64000
2008/07/22,0,100000,0,100000
2008/07/23,0,5000,-27000,-22000
2008/07/24,0,2000,-19000,-17000
2008/07/25,0,0,-458000,-458000
2008/07/28,0,0,0,0
2008/07/29,0,9000,0,9000
2008/07/30,0,8000,-22000,-14000
2008/07/31,0,5000,0,5000
2008/08/01,0,6000,0,6000
2008/08/04,0,3000,0,3000
2008/08/05,0,0,0,0
2008/08/06,0,9000,0,9000
2008/08/07,0,0,0,0
2008/08/08,0,12000,0,12000
2008/08/11,0,80000,0,80000
2008/08/12,0,109000,-18000,91000
2008/08/13,0,0,0,0
2008/08/14,0,0,-21000,-21000
2008/08/15,0,0,0,0
2008/08/18,0,2000,0,2000
2008/08/19,0,0,-17000,-17000
2008/08/20,0,1000,-6000,-5000
2008/08/21,0,12000,-6000,6000
2008/08/22,0,3000,0,3000
2008/08/25,0,29000,0,29000
2008/08/26,0,1000,-16000,-15000
2008/08/27,0,0,0,0
2008/08/28,0,0,0,0
2008/08/29,0,13000,0,13000
2008/09/01,0,2000,0,2000
2008/09/02,0,10000,0,10000
2008/09/03,0,42000,0,42000
2008/09/04,0,32000,0,32000
2008/09/05,0,16000,0,16000
2008/09/08,0,39000,0,39000
2008/09/09,0,27000,0,27000
2008/09/10,0,19000,0,19000
2008/09/11,0,0,0,0
2008/09/12,0,0,0,0
2008/09/15,0,0,0,0
2008/09/16,0,2000,-8000,-6000
2008/09/17,0,0,-3000,-3000
2008/09/18,0,8000,0,8000
2008/09/19,0,106000,-8000,98000
2008/09/22,0,0,-155000,-155000
2008/09/23,0,1030000,0,1030000
2008/09/24,0,500000,-14000,486000
2008/09/25,0,0,-10000,-10000
2008/09/26,0,7000,0,7000
2008/09/29,0,0,0,0
2008/09/30,0,205000,0,205000
2008/10/01,0,8000,-35000,-27000
2008/10/02,0,7000,-10000,-3000
2008/10/03,0,0,-14000,-14000
2008/10/06,0,6000,-15000,-9000
2008/10/07,0,0,-11000,-11000
2008/10/08,0,0,-4000,-4000
2008/10/09,0,14000,-16000,-2000
2008/10/10,0,0,0,0
2008/10/13,0,0,0,0
2008/10/14,0,0,0,0
2008/10/15,0,27000,0,27000
2008/10/16,0,39000,0,39000
2008/10/17,0,117000,-8000,109000
2008/10/20,0,0,-17000,-17000
2008/10/21,0,77000,0,77000
2008/10/22,0,0,0,0
2008/10/23,0,0,-45000,-45000
2008/10/24,0,0,-9000,-9000
2008/10/27,0,0,-128000,-128000
2008/10/28,0,0,-77000,-77000
2008/10/29,0,0,-16000,-16000
2008/10/30,0,617000,-8000,609000
2008/10/31,0,18000,0,18000
2008/11/03,0,5000,0,5000
2008/11/04,0,63000,0,63000
2008/11/05,0,18000,0,18000
2008/11/06,0,3000,-13000,-10000
2008/11/07,0,0,0,0
2008/11/10,0,16000,0,16000
2008/11/11,0,11000,0,11000
2008/11/12,0,3000,-9000,-6000
2008/11/13,0,0,-12000,-12000
2008/11/14,0,4000,0,4000
2008/11/17,0,12000,0,12000
2008/11/18,0,82000,0,82000
2008/11/19,0,0,-106000,-106000
2008/11/20,0,11000,0,11000
2008/11/21,0,35000,-300000,-265000
2008/11/24,0,28000,-77000,-49000
2008/11/25,0,8000,0,8000
2008/11/26,0,11000,0,11000
2008/11/27,0,99000,0,99000
2008/11/28,0,0,0,0
2008/12/01,0,26000,0,26000
2008/12/02,0,73000,0,73000
2008/12/03,0,38000,-856000,-818000
2008/12/04,0,77000,0,77000
2008/12/05,0,0,0,0
2008/12/08,0,6000,0,6000
2008/12/09,0,54000,0,54000
2008/12/10,0,21000,0,21000
2008/12/11,0,85000,0,85000
2008/12/12,0,0,-38000,-38000
2008/12/15,0,21000,-3000,18000
2008/12/16,0,0,0,0
2008/12/17,0,4000,-146000,-142000
2008/12/18,0,11000,-33000,-22000
2008/12/19,0,1000,-105000,-104000
2008/12/22,0,0,-16000,-16000
2008/12/23,0,2000,0,2000
2008/12/24,0,0,-1000000,-1000000
2008/12/25,0,3000,0,3000
2008/12/26,0,0,-5000,-5000
2008/12/29,0,0,0,0
2008/12/30,0,0,0,0
2008/12/31,0,0,0,0
2009/01/01,0,0,0,0
2009/01/02,0,0,0,0
2009/01/05,0,0,0,0
2009/01/06,0,37000,0,37000
2009/01/07,0,0,0,0
2009/01/08,0,0,0,0
2009/01/09,0,9000,0,9000
2009/01/12,0,9000,-7000,2000
2009/01/13,0,3000,-60000,-57000
2009/01/14,0,0,0,0
2009/01/15,0,0,-57000,-57000
2009/01/16,0,7000,0,7000
2009/01/19,0,0,-1311000,-1311000
2009/01/20,0,0,-78242,-78242
2009/01/21,0,0,-2000,-2000
2009/01/22,0,0,0,0
2009/01/23,0,0,0,0
2009/01/26,0,0,0,0
2009/01/27,0,0,0,0
2009/01/28,0,0,0,0
2009/01/29,0,0,0,0
2009/01/30,0,0,0,0
2009/02/02,0,0,0,0
2009/02/03,0,0,0,0
2009/02/04,0,0,-45000,-45000
2009/02/05,0,0,0,0
2009/02/06,0,137000,0,137000
2009/02/09,0,90000,-2000,88000
2009/02/10,0,0,0,0
2009/02/11,0,0,-11000,-11000
2009/02/12,0,0,0,0
2009/02/13,0,70000,0,70000
2009/02/16,0,0,0,0
2009/02/17,0,0,0,0
2009/02/18,0,0,0,0
2009/02/19,0,0,0,0
2009/02/20,0,0,0,0
2009/02/23,0,274000,0,274000
2009/02/24,0,0,0,0
2009/02/25,0,0,0,0
2009/02/26,0,0,0,0
2009/02/27,0,3000,0,3000
2009/03/02,0,0,0,0
2009/03/03,0,0,0,0
2009/03/04,0,0,0,0
2009/03/05,0,0,0,0
2009/03/06,0,0,0,0
2009/03/09,0,0,-2000,-2000
2009/03/10,0,0,-325000,-325000
2009/03/11,0,0,0,0
2009/03/12,0,423000,0,423000
2009/03/13,0,0,-17000,-17000
2009/03/16,0,0,-11000,-11000
2009/03/17,0,0,-61000,-61000
2009/03/18,0,0,-25000,-25000
2009/03/19,0,0,0,0
2009/03/20,0,0,-10000,-10000
2009/03/23,0,149000,-8000,141000
2009/03/24,0,0,-35000,-35000
2009/03/25,0,0,0,0
2009/03/26,0,0,0,0
2009/03/27,0,0,0,0
2009/03/30,0,0,-8000,-8000
2009/03/31,0,0,-12000,-12000
2009/04/01,0,0,0,0
2009/04/02,0,0,-23000,-23000
2009/04/03,0,0,-14000,-14000
2009/04/06,0,0,-4000,-4000
2009/04/07,0,13000,0,13000
2009/04/08,0,484000,-5000,479000
2009/04/09,0,238000,-4000,234000
2009/04/10,0,0,0,0
2009/04/13,0,0,-15000,-15000
2009/04/14,0,8000,-18000,-10000
2009/04/15,0,0,0,0
2009/04/16,0,0,-26000,-26000
2009/04/17,0,0,-21000,-21000
2009/04/20,0,2000,-99000,-97000
2009/04/21,0,13000,0,13000
2009/04/22,0,0,0,0
2009/04/23,0,16000,-144000,-128000
2009/04/24,0,0,-3000,-3000
2009/04/27,0,3000,0,3000
2009/04/28,0,5000,0,5000
2009/04/29,0,0,0,0
2009/04/30,0,0,0,0
2009/05/01,0,0,0,0
2009/05/04,0,186000,0,186000
2009/05/05,0,56000,-10000,46000
2009/05/06,0,0,-122000,-122000
2009/05/07,0,0,-39000,-39000
2009/05/08,0,0,-10000,-10000
2009/05/11,0,4000,0,4000
2009/05/12,0,0,-1000,-1000
2009/05/13,0,0,-134000,-134000
2009/05/14,0,0,0,0
2009/05/15,0,28000,0,28000
2009/05/18,0,0,0,0
2009/05/19,0,7000,0,7000
2009/05/20,0,0,-61000,-61000
2009/05/21,0,0,0,0
2009/05/22,0,0,-12000,-12000
2009/05/25,0,0,-10000,-10000
2009/05/26,0,0,-381000,-381000
2009/05/27,0,4000,-380000,-376000
2009/05/28,0,0,0,0
2009/05/29,0,0,0,0
2009/06/01,0,0,-266000,-266000
2009/06/02,0,0,0,0
2009/06/03,0,0,0,0
2009/06/04,0,5000,0,5000
2009/06/05,0,0,0,0
2009/06/08,0,4000,0,4000
2009/06/09,0,6000,-1000,5000
2009/06/10,0,2000,0,2000
2009/06/11,0,6000,0,6000
2009/06/12,0,0,0,0
2009/06/15,0,2000,0,2000
2009/06/16,0,6000,0,6000
2009/06/17,0,6000,0,6000
2009/06/18,0,5000,0,5000
2009/06/19,0,1000,0,1000
2009/06/22,0,5000,0,5000
2009/06/23,0,0,-5000,-5000
2009/06/24,0,1000,0,1000
2009/06/25,0,1000,0,1000
2009/06/26,0,0,0,0
2009/06/29,0,0,0,0
2009/06/30,0,0,0,0
2009/07/01,0,5000,0,5000
2009/07/02,0,0,-1000,-1000
2009/07/03,0,0,-8000,-8000
2009/07/06,0,0,-1000,-1000
2009/07/07,0,2000,0,2000
2009/07/08,0,0,-2000,-2000
2009/07/09,0,0,0,0
2009/07/10,0,0,-3000,-3000
2009/07/13,0,0,-4000,-4000
2009/07/14,0,0,-10000,-10000
2009/07/15,0,0,0,0
2009/07/16,0,0,-3000,-3000
2009/07/17,0,0,-270000,-270000
2009/07/20,0,0,0,0
2009/07/21,0,0,-5000,-5000
2009/07/22,0,0,-96000,-96000
2009/07/23,0,0,-3000,-3000
2009/07/24,0,0,-2000,-2000
2009/07/27,0,0,0,0
2009/07/28,0,0,0,0
2009/07/29,0,0,0,0
2009/07/30,0,0,-4000,-4000
2009/07/31,0,0,0,0
2009/08/03,0,0,0,0
2009/08/04,0,0,-3000,-3000
2009/08/05,0,0,0,0
2009/08/06,0,0,0,0
2009/08/07,0,0,0,0
2009/08/10,0,6000,-2000,4000
2009/08/11,0,2000,0,2000
2009/08/12,0,0,0,0
2009/08/13,0,0,0,0
2009/08/14,0,0,-1000,-1000
2009/08/17,0,0,-1000,-1000
2009/08/18,0,3000,-100000,-97000
2009/08/19,0,1000,-100000,-99000
2009/08/20,0,2000,0,2000
2009/08/21,0,0,-101000,-101000
2009/08/24,0,3000,0,3000
2009/08/25,0,0,0,0
2009/08/26,0,1000,0,1000
2009/08/27,0,4000,-401000,-397000
2009/08/28,0,0,0,0
2009/08/31,0,5000,0,5000
2009/09/01,0,0,0,0
2009/09/02,0,0,0,0
2009/09/03,0,1000,-3000,-2000
2009/09/04,0,0,-3000,-3000
2009/09/07,0,0,-153000,-153000
2009/09/08,0,0,0,0
2009/09/09,0,112000,0,112000
2009/09/10,0,7000,0,7000
2009/09/11,0,0,0,0
2009/09/14,0,0,-40000,-40000
2009/09/15,0,0,0,0
2009/09/16,0,10000,0,10000
2009/09/17,0,0,0,0
2009/09/18,0,0,-4000,-4000
2009/09/21,0,0,-2000,-2000
2009/09/22,0,400000,0,400000
2009/09/23,0,400000,-1000,399000
2009/09/24,0,400000,0,400000
2009/09/25,0,300000,0,300000
2009/09/28,0,0,0,0
2009/09/29,0,4000,0,4000
2009/09/30,0,200000,0,200000
2009/10/01,0,0,0,0
2009/10/02,0,0,0,0
2009/10/05,0,0,-4000,-4000
2009/10/06,0,0,0,0
2009/10/07,0,0,0,0
2009/10/08,0,400000,0,400000
2009/10/09,0,2000,0,2000
2009/10/12,0,0,0,0
2009/10/13,0,1287000,0,1287000
2009/10/14,0,500000,-1000,499000
2009/10/15,0,500000,0,500000
2009/10/16,0,500000,-8000,492000
2009/10/19,0,256000,0,256000
2009/10/20,0,0,0,0
2009/10/21,0,6000,-4000,2000
2009/10/22,0,209000,0,209000
2009/10/23,0,0,0,0
2009/10/26,0,0,0,0
2009/10/27,0,3000,0,3000
2009/10/28,0,250000,-2000,248000
2009/10/29,0,2000,0,2000
2009/10/30,0,200000,0,200000
2009/11/02,0,64000,0,64000
2009/11/03,0,3000,0,3000
2009/11/04,0,236000,0,236000
2009/11/05,0,4000,0,4000
2009/11/06,0,1000,0,1000
2009/11/09,0,3000,0,3000
2009/11/10,0,2000,-8000,-6000
2009/11/11,0,0,0,0
2009/11/12,0,0,-8000,-8000
2009/11/13,0,0,-8000,-8000
2009/11/16,0,0,0,0
2009/11/17,0,0,-2000,-2000
2009/11/18,0,0,-5000,-5000
2009/11/19,0,0,-1000,-1000
2009/11/20,0,0,-3000,-3000
2009/11/23,0,0,-11000,-11000
2009/11/24,0,0,0,0
2009/11/25,0,0,0,0
2009/11/26,0,0,0,0
2009/11/27,0,0,0,0
2009/11/30,0,0,-6000,-6000
2009/12/01,0,0,0,0
2009/12/02,0,0,-250000,-250000
2009/12/03,0,0,0,0
2009/12/04,0,0,-3000,-3000
2009/12/07,0,0,0,0
2009/12/08,0,0,0,0
2009/12/09,0,80000,0,80000
2009/12/10,0,0,-1000,-1000
2009/12/11,0,3000,0,3000
2009/12/14,0,0,0,0
2009/12/15,0,0,0,0
2009/12/16,0,0,-2000,-2000
2009/12/17,0,0,-290000,-290000
2009/12/18,0,0,-2000,-2000
2009/12/21,0,0,0,0
2009/12/22,0,0,-2000,-2000
2009/12/23,0,0,0,0
2009/12/24,0,40000,0,40000
2009/12/25,0,240000,-5000,235000
2009/12/28,0,28000,0,28000
2009/12/29,0,271000,0,271000
2009/12/30,0,227000,0,227000
2009/12/31,0,0,-1000,-1000
2010/01/01,0,0,0,0
2010/01/04,0,11000,0,11000
2010/01/05,0,0,-4000,-4000
2010/01/06,0,2283000,0,2283000
2010/01/07,0,0,-4000,-4000
2010/01/08,0,0,-8000,-8000
2010/01/11,0,0,0,0
2010/01/12,0,0,-639000,-639000
2010/01/13,0,0,-600000,-600000
2010/01/14,0,200000,-500000,-300000
2010/01/15,0,1738000,-414000,1324000
2010/01/18,0,11000,-683000,-672000
2010/01/19,0,0,-31000,-31000
2010/01/20,0,0,-139000,-139000
2010/01/21,0,0,0,0
2010/01/22,0,0,0,0
2010/01/25,0,0,-160000,-160000
2010/01/26,0,0,0,0
2010/01/27,0,27000,0,27000
2010/01/28,0,7000,-2000,5000
2010/01/29,0,10000,-5000,5000
2010/02/01,0,12000,0,12000
2010/02/02,0,0,0,0
2010/02/03,0,4000,0,4000
2010/02/04,0,6000,0,6000
2010/02/05,0,6000,0,6000
2010/02/08,0,11000,0,11000
2010/02/09,0,9000,0,9000
2010/02/10,0,0,0,0
2010/02/11,0,0,0,0
2010/02/12,0,0,0,0
2010/02/15,0,0,0,0
2010/02/16,0,0,0,0
2010/02/17,0,0,0,0
2010/02/18,0,0,0,0
2010/02/19,0,0,0,0
2010/02/22,0,9000,-130000,-121000
2010/02/23,0,11000,0,11000
2010/02/24,0,5000,0,5000
2010/02/25,0,5000,0,5000
2010/02/26,0,7000,-161000,-154000
2010/03/01,0,6000,-284000,-278000
2010/03/02,0,0,0,0
2010/03/03,0,0,0,0
2010/03/04,0,0,-1141000,-1141000
2010/03/05,0,0,-745000,-745000
2010/03/08,0,0,0,0
2010/03/09,0,70000,-1000,69000
2010/03/10,0,0,-8000,-8000
2010/03/11,0,0,0,0
2010/03/12,0,30000,-16000,14000
2010/03/15,0,0,0,0
2010/03/16,0,0,0,0
2010/03/17,0,20000,0,20000
2010/03/18,0,0,-215000,-215000
2010/03/19,0,0,-10000,-10000
2010/03/22,0,0,-7000,-7000
2010/03/23,0,1000,-7000,-6000
2010/03/24,0,0,0,0
2010/03/25,0,0,-206000,-206000
2010/03/26,0,0,0,0
2010/03/29,0,7000,-6000,1000
2010/03/30,0,0,0,0
2010/03/31,0,0,-5000,-5000
2010/04/01,0,0,0,0
2010/04/02,0,0,-6000,-6000
2010/04/05,0,0,0,0
2010/04/06,0,0,-5000,-5000
2010/04/07,0,0,0,0
2010/04/08,0,0,0,0
2010/04/09,0,0,-3000,-3000
2010/04/12,0,0,-3000,-3000
2010/04/13,0,0,-6000,-6000
2010/04/14,0,8000,0,8000
2010/04/15,0,0,-5000,-5000
2010/04/16,0,0,-10000,-10000
2010/04/19,0,0,-980,-980
2010/04/20,0,4000,-101000,-97000
2010/04/21,0,0,0,0
2010/04/22,0,0,0,0
2010/04/23,0,0,0,0
2010/04/26,0,0,0,0
2010/04/27,0,0,-4000,-4000
2010/04/28,0,0,-4000,-4000
2010/04/29,0,0,0,0
2010/04/30,0,0,-4000,-4000
2010/05/03,0,0,0,0
2010/05/04,0,0,0,0
2010/05/05,0,6000,-3000,3000
2010/05/06,0,0,0,0
2010/05/07,0,27000,0,27000
2010/05/10,0,9000,0,9000
2010/05/11,0,6000,0,6000
2010/05/12,0,0,-2000,-2000
2010/05/13,0,4000,0,4000
2010/05/14,0,0,-204000,-204000
2010/05/17,0,0,-4000,-4000
2010/05/18,0,0,0,0
2010/05/19,0,0,0,0
2010/05/20,0,4000,0,4000
2010/05/21,0,0,0,0
2010/05/24,0,0,-1000,-1000
2010/05/25,0,49000,0,49000
2010/05/26,0,55000,-1000,54000
2010/05/27,0,8000,0,8000
2010/05/28,0,0,-1000,-1000
2010/05/31,0,0,0,0
2010/06/01,0,2000,0,2000
2010/06/02,0,0,0,0
2010/06/03,0,0,0,0
2010/06/04,0,0,-75000,-75000
2010/06/07,0,0,0,0
2010/06/08,0,7000,0,7000
2010/06/09,0,0,0,0
2010/06/10,0,7000,0,7000
2010/06/11,0,0,0,0
2010/06/14,0,6000,-3000,3000
2010/06/15,0,0,-90000,-90000
2010/06/16,0,0,0,0
2010/06/17,0,0,-1000,-1000
2010/06/18,0,0,-11000,-11000
2010/06/21,0,0,0,0
2010/06/22,0,0,-2000,-2000
2010/06/23,0,0,-2000,-2000
2010/06/24,0,0,-28000,-28000
2010/06/25,0,0,-59000,-59000
2010/06/28,0,1000,-8000,-7000
2010/06/29,0,4000,0,4000
2010/06/30,0,0,0,0
2010/07/01,0,0,0,0
2010/07/02,0,1000,0,1000
2010/07/05,0,0,0,0
2010/07/06,0,3000,0,3000
2010/07/07,0,0,0,0
2010/07/08,0,0,0,0
2010/07/09,0,0,0,0
2010/07/12,0,1000,0,1000
2010/07/13,0,0,0,0
2010/07/14,0,0,0,0
2010/07/15,0,53000,0,53000
2010/07/16,0,0,-210000,-210000
2010/07/19,0,58000,-18000,40000
2010/07/20,0,0,0,0
2010/07/21,0,5000,-3000,2000
2010/07/22,0,0,0,0
2010/07/23,0,0,0,0
2010/07/26,0,0,0,0
2010/07/27,0,8000,-57000,-49000
2010/07/28,0,360000,-205000,155000
2010/07/29,0,349000,-300000,49000
2010/07/30,0,269000,-8000,261000
2010/08/02,0,205000,-20000,185000
2010/08/03,0,0,0,0
2010/08/04,0,301000,-9000,292000
2010/08/05,0,377000,-10000,367000
2010/08/06,0,0,-7000,-7000
2010/08/09,0,547000,0,547000
2010/08/10,0,471000,-265000,206000
2010/08/11,0,385000,0,385000
2010/08/12,0,1000,-12000,-11000
2010/08/13,0,496000,0,496000
2010/08/16,0,0,-3000,-3000
2010/08/17,0,202000,0,202000
2010/08/18,0,206000,-3000,203000
2010/08/19,0,100000,-1000,99000
2010/08/20,0,50000,-2000,48000
2010/08/23,0,0,0,0
2010/08/24,0,0,-5000,-5000
2010/08/25,0,6000,-4000,2000
2010/08/26,0,0,-3000,-3000
2010/08/27,0,2000,0,2000
2010/08/30,0,6000,-5000,1000
2010/08/31,0,16000,0,16000
2010/09/01,0,0,0,0
2010/09/02,0,4000,0,4000
2010/09/03,0,2000,0,2000
2010/09/06,0,0,0,0
2010/09/07,0,3000,0,3000
2010/09/08,0,254000,0,254000
2010/09/09,0,200000,0,200000
2010/09/10,0,102000,0,102000
2010/09/13,0,0,0,0
2010/09/14,0,0,0,0
2010/09/15,0,47000,0,47000
2010/09/16,0,0,-12000,-12000
2010/09/17,0,0,-8000,-8000
2010/09/20,0,0,-3000,-3000
2010/09/21,0,0,-6000,-6000
2010/09/22,0,0,0,0
2010/09/23,0,0,-4000,-4000
2010/09/24,0,0,-6000,-6000
2010/09/27,0,0,-3000,-3000
2010/09/28,0,0,0,0
2010/09/29,0,0,0,0
2010/09/30,0,0,-14000,-14000
2010/10/01,0,0,0,0
2010/10/04,0,0,0,0
2010/10/05,0,0,0,0
2010/10/06,0,0,-2000,-2000
2010/10/07,0,0,0,0
2010/10/08,0,0,-125000,-125000
2010/10/11,0,0,0,0
2010/10/12,0,610000,-4000,606000
2010/10/13,0,310000,-65000,245000
2010/10/14,0,316000,0,316000
2010/10/15,0,53000,-5000,48000
2010/10/18,0,301000,-3000,298000
2010/10/19,0,63000,0,63000
2010/10/20,0,0,0,0
2010/10/21,0,0,0,0
2010/10/22,0,0,0,0
2010/10/25,0,0,0,0
2010/10/26,0,0,0,0
2010/10/27,0,4000,0,4000
2010/10/28,0,0,0,0
2010/10/29,0,0,0,0
2010/11/01,0,0,-65000,-65000
2010/11/02,0,0,0,0
2010/11/03,0,0,0,0
2010/11/04,0,85000,0,85000
2010/11/05,0,0,0,0
2010/11/08,0,0,-28000,-28000
2010/11/09,0,9000,0,9000
2010/11/10,0,0,-4000,-4000
2010/11/11,0,6000,0,6000
2010/11/12,0,0,-7000,-7000
2010/11/15,0,0,-1000,-1000
2010/11/16,0,318000,-10000,308000
2010/11/17,0,0,0,0
2010/11/18,0,0,0,0
2010/11/19,0,0,0,0
2010/11/22,0,0,-4000,-4000
2010/11/23,0,0,-2000,-2000
2010/11/24,0,0,0,0
2010/11/25,0,0,-630000,-630000
2010/11/26,0,0,-1087000,-1087000
2010/11/29,0,0,-263000,-263000
2010/11/30,0,1000,-7000,-6000
2010/12/01,0,0,-13000,-13000
2010/12/02,0,0,-16000,-16000
2010/12/03,0,0,-10000,-10000
2010/12/06,0,0,-32000,-32000
2010/12/07,0,0,-1000,-1000
2010/12/08,0,0,-10000,-10000
2010/12/09,0,0,-5000,-5000
2010/12/10,0,0,0,0
2010/12/13,0,0,-5000,-5000
2010/12/14,0,0,0,0
2010/12/15,0,0,0,0
2010/12/16,0,0,-8000,-8000
2010/12/17,0,0,-48000,-48000
2010/12/20,0,0,-9000,-9000
2010/12/21,0,2000,0,2000
2010/12/22,0,7000,0,7000
2010/12/23,0,0,-38000,-38000
2010/12/24,0,0,0,0
2010/12/27,0,0,-4000,-4000
2010/12/28,0,0,0,0
2010/12/29,0,0,-100000,-100000
2010/12/30,0,0,-200000,-200000
2010/12/31,0,0,0,0
2011/01/03,0,0,0,0
2011/01/04,0,0,-620000,-620000
2011/01/05,0,0,-400000,-400000
2011/01/06,0,0,-323000,-323000
2011/01/07,0,0,-100000,-100000
2011/01/10,0,0,-286000,-286000
2011/01/11,0,0,-50000,-50000
2011/01/12,0,0,0,0
2011/01/13,0,0,0,0
2011/01/14,0,6000,0,6000
2011/01/17,0,0,0,0
2011/01/18,0,0,-157000,-157000
2011/01/19,0,0,-20000,-20000
2011/01/20,0,0,-204000,-204000
2011/01/21,0,0,-1455000,-1455000
2011/01/24,0,0,-271804,-271804
2011/01/25,0,4000,-400000,-396000
2011/01/26,0,0,-400000,-400000
2011/01/27,0,0,-401000,-401000
2011/01/28,0,0,-411000,-411000
2011/01/31,0,0,0,0
2011/02/01,0,0,0,0
2011/02/02,0,0,0,0
2011/02/03,0,0,0,0
2011/02/04,0,0,0,0
2011/02/07,0,0,0,0
2011/02/08,0,0,-230000,-230000
2011/02/09,0,0,-35000,-35000
2011/02/10,0,0,-5000,-5000
2011/02/11,0,14000,-152000,-138000
2011/02/14,0,6000,-10000,-4000
2011/02/15,0,10000,0,10000
2011/02/16,0,0,0,0
2011/02/17,0,0,0,0
2011/02/18,0,0,-200000,-200000
2011/02/21,0,0,-6000,-6000
2011/02/22,0,0,0,0
2011/02/23,0,0,-347000,-347000
2011/02/24,0,6000,-453000,-447000
2011/02/25,0,3000,-4000,-1000
2011/02/28,0,0,0,0
2011/03/01,0,0,-145000,-145000
2011/03/02,0,0,0,0
2011/03/03,0,0,0,0
2011/03/04,0,0,0,0
2011/03/07,0,0,0,0
2011/03/08,0,0,0,0
2011/03/09,0,0,-65000,-65000
2011/03/10,0,0,0,0
2011/03/11,0,0,0,0
2011/03/14,0,5000,0,5000
2011/03/15,0,4000,0,4000
2011/03/16,0,0,-347000,-347000
2011/03/17,0,29000,0,29000
2011/03/18,0,0,0,0
2011/03/21,0,0,0,0
2011/03/22,0,0,0,0
2011/03/23,0,0,0,0
2011/03/24,0,2000,0,2000
2011/03/25,0,0,0,0
2011/03/28,0,0,0,0
2011/03/29,0,0,0,0
2011/03/30,0,92000,0,92000
2011/03/31,0,46000,0,46000
2011/04/01,0,0,0,0
2011/04/04,0,0,0,0
2011/04/05,0,0,0,0
2011/04/06,0,0,0,0
2011/04/07,0,0,-64000,-64000
2011/04/08,0,0,0,0
2011/04/11,0,0,0,0
2011/04/12,0,0,-7000,-7000
2011/04/13,0,0,0,0
2011/04/14,0,0,-7000,-7000
2011/04/15,0,0,0,0
2011/04/18,0,0,0,0
2011/04/19,0,6000,0,6000
2011/04/20,0,0,0,0
2011/04/21,0,0,0,0
2011/04/22,0,0,0,0
2011/04/25,0,0,-5000,-5000
2011/04/26,0,0,-7000,-7000
2011/04/27,0,189000,0,189000
2011/04/28,0,0,0,0
2011/04/29,0,0,0,0
2011/05/02,0,0,0,0
2011/05/03,0,10000,0,10000
2011/05/04,0,10000,0,10000
2011/05/05,0,10000,0,10000
2011/05/06,0,10000,0,10000
2011/05/09,0,2000,-11000,-9000
2011/05/10,0,0,0,0
2011/05/11,0,0,0,0
2011/05/12,0,4000,-4000,0
2011/05/13,0,319000,-114000,205000
2011/05/16,0,202000,0,202000
2011/05/17,0,600000,0,600000
2011/05/18,0,0,0,0
2011/05/19,0,282000,0,282000
2011/05/20,0,0,-2000,-2000
2011/05/23,0,250000,-1000,249000
2011/05/24,0,368000,0,368000
2011/05/25,0,0,0,0
2011/05/26,0,0,0,0
2011/05/27,0,0,-2000,-2000
2011/05/30,0,2000,0,2000
2011/05/31,0,128000,-1000,127000
2011/06/01,0,0,0,0
2011/06/02,0,0,0,0
2011/06/03,0,0,0,0
2011/06/06,0,0,0,0
2011/06/07,0,0,0,0
2011/06/08,0,4000,-19000,-15000
2011/06/09,0,0,0,0
2011/06/10,0,0,0,0
2011/06/13,0,0,0,0
2011/06/14,0,908000,0,908000
2011/06/15,0,610000,-165000,445000
2011/06/16,0,0,0,0
2011/06/17,0,362000,-9000,353000
2011/06/20,0,6000,-1000,5000
2011/06/21,0,8000,0,8000
2011/06/22,0,265000,0,265000
2011/06/23,0,4000,0,4000
2011/06/24,0,304000,0,304000
2011/06/27,0,421000,0,421000
2011/06/28,0,312000,0,312000
2011/06/29,0,219000,0,219000
2011/06/30,0,196000,0,196000
2011/07/01,0,1000,0,1000
2011/07/04,0,130000,0,130000
2011/07/05,0,386000,-2000,384000
2011/07/06,0,0,-1000,-1000
2011/07/07,0,0,0,0
2011/07/08,0,0,-3000,-3000
2011/07/11,0,470000,0,470000
2011/07/12,0,501000,-24000,477000
2011/07/13,0,549000,0,549000
2011/07/14,0,0,-61000,-61000
2011/07/15,0,916000,0,916000
2011/07/18,0,2000,0,2000
2011/07/19,0,55000,0,55000
2011/07/20,0,5000,0,5000
2011/07/21,0,52000,0,52000
2011/07/22,0,0,-7000,-7000
2011/07/25,0,137000,-8000,129000
2011/07/26,0,0,0,0
2011/07/27,0,0,-6000,-6000
2011/07/28,0,0,-1028000,-1028000
2011/07/29,0,0,0,0
2011/08/01,0,29000,-144000,-115000
2011/08/02,0,2096000,-549000,1547000
2011/08/03,0,1419000,0,1419000
2011/08/04,0,2537000,0,2537000
2011/08/05,0,231000,0,231000
2011/08/08,0,90000,0,90000
2011/08/09,0,53000,0,53000
2011/08/10,0,1663000,0,1663000
2011/08/11,0,525000,0,525000
2011/08/12,0,1602000,0,1602000
2011/08/15,0,504000,0,504000
2011/08/16,0,500000,-61000,439000
2011/08/17,0,176000,-3000,173000
2011/08/18,0,1032000,0,1032000
2011/08/19,0,3000,-2000,1000
2011/08/22,0,16000,0,16000
2011/08/23,0,453000,0,453000
2011/08/24,0,10000,0,10000
2011/08/25,0,0,0,0
2011/08/26,0,13000,0,13000
2011/08/29,0,257000,0,257000
2011/08/30,0,501000,0,501000
2011/08/31,0,500000,-1000,499000
2011/09/01,0,10000,-2000,8000
2011/09/02,0,272000,-5000,267000
2011/09/05,0,178000,-4000,174000
2011/09/06,0,550000,0,550000
2011/09/07,0,9000,0,9000
2011/09/08,0,500000,-14000,486000
2011/09/09,0,455000,0,455000
2011/09/12,0,0,0,0
2011/09/13,0,374000,-1888,372112
2011/09/14,0,305000,-4000,301000
2011/09/15,0,2000,-10000,-8000
2011/09/16,0,10000,-1000,9000
2011/09/19,0,2000,0,2000
2011/09/20,0,0,0,0
2011/09/21,0,405849,-100000,305849
2011/09/22,0,0,-351000,-351000
2011/09/23,0,4000,0,4000
2011/09/26,0,15000,-197000,-182000
2011/09/27,0,5000,0,5000
2011/09/28,0,0,-2000,-2000
2011/09/29,0,4000,0,4000
2011/09/30,0,5000,0,5000
2011/10/03,0,0,-1000,-1000
2011/10/04,0,7000,0,7000
2011/10/05,0,7000,0,7000
2011/10/06,0,8000,-1000,7000
2011/10/07,0,6000,0,6000
2011/10/10,0,0,0,0
2011/10/11,0,0,0,0
2011/10/12,0,0,0,0
2011/10/13,0,0,0,0
2011/10/14,0,30000,0,30000
2011/10/17,0,0,-2254,-2254
2011/10/18,0,2000,-907809,-905809
2011/10/19,0,0,-1007000,-1007000
2011/10/20,0,0,-1012000,-1012000
2011/10/21,0,0,-343000,-343000
2011/10/24,0,5000,-500000,-495000
2011/10/25,0,0,-400000,-400000
2011/10/26,0,1000,-100000,-99000
2011/10/27,0,4000,-600000,-596000
2011/10/28,0,5000,-320000,-315000
2011/10/31,0,0,-5000,-5000
2011/11/01,0,0,-1004000,-1004000
2011/11/02,0,3000,0,3000
2011/11/03,0,2000,0,2000
2011/11/04,0,0,-4000,-4000
2011/11/07,0,0,0,0
2011/11/08,0,21000,0,21000
2011/11/09,0,0,0,0
2011/11/10,0,2000,-153000,-151000
2011/11/11,0,0,-2000,-2000
2011/11/14,0,17161,-3000,14161
2011/11/15,0,0,-1000,-1000
2011/11/16,0,0,0,0
2011/11/17,0,0,-86000,-86000
2011/11/18,0,3000,0,3000
2011/11/21,0,5000,0,5000
2011/11/22,0,3000,-4000,-1000
2011/11/23,0,10000,0,10000
2011/11/24,0,7000,0,7000
2011/11/25,0,16000,-1000,15000
2011/11/28,0,2000,-501000,-499000
2011/11/29,0,4000,0,4000
2011/11/30,0,0,-3000,-3000
2011/12/01,0,0,-11000,-11000
2011/12/02,0,0,0,0
2011/12/05,0,2000,-4000,-2000
2011/12/06,0,0,0,0
2011/12/07,0,2000,0,2000
2011/12/08,0,1000,-22000,-21000
2011/12/09,0,0,-12096,-12096
2011/12/12,0,0,0,0
2011/12/13,0,0,0,0
2011/12/14,0,0,-110000,-110000
2011/12/15,0,0,-113000,-113000
2011/12/16,0,2000,-55000,-53000
2011/12/19,0,2000,0,2000
2011/12/20,0,2000,-50000,-48000
2011/12/21,0,0,-447000,-447000
2011/12/22,0,3000,-41000,-38000
2011/12/23,0,0,-72000,-72000
2011/12/26,0,0,0,0
2011/12/27,0,5000,0,5000
2011/12/28,0,0,-2000,-2000
2011/12/29,0,0,0,0
2011/12/30,0,0,-4000,-4000
2012/01/02,0,5000,0,5000
2012/01/03,0,0,-7000,-7000
2012/01/04,0,0,0,0
2012/01/05,0,167272,-2000,165272
2012/01/06,0,0,-1000,-1000
2012/01/09,0,0,-1000,-1000
2012/01/10,0,0,-1000,-1000
2012/01/11,0,0,-3000,-3000
2012/01/12,0,0,-355000,-355000
2012/01/13,0,0,-359000,-359000
2012/01/16,0,0,-402000,-402000
2012/01/17,0,0,-350000,-350000
2012/01/18,0,0,-355000,-355000
2012/01/19,0,0,0,0
2012/01/20,0,0,0,0
2012/01/23,0,0,0,0
2012/01/24,0,0,0,0
2012/01/25,0,0,0,0
2012/01/26,0,0,0,0
2012/01/27,0,0,0,0
2012/01/30,0,0,-10000,-10000
2012/01/31,0,0,-351000,-351000
2012/02/01,0,0,-153000,-153000
2012/02/02,0,0,-204000,-204000
2012/02/03,0,0,-3000,-3000
2012/02/06,0,0,-6000,-6000
2012/02/07,0,0,0,0
2012/02/08,0,13000,-4000,9000
2012/02/09,0,0,-9170,-9170
2012/02/10,0,7000,0,7000
2012/02/13,0,0,0,0
2012/02/14,0,0,-4000,-4000
2012/02/15,0,0,-7000,-7000
2012/02/16,0,17000,0,17000
2012/02/17,0,34000,0,34000
2012/02/20,0,0,-2000,-2000
2012/02/21,0,0,0,0
2012/02/22,0,0,0,0
2012/02/23,0,0,-2000,-2000
2012/02/24,0,0,-267000,-267000
2012/02/27,0,0,0,0
2012/02/28,0,0,0,0
2012/02/29,0,0,-2000,-2000
2012/03/01,0,0,0,0
2012/03/02,0,0,-4000,-4000
2012/03/05,0,218000,-2000,216000
2012/03/06,0,0,-1000,-1000
2012/03/07,0,0,0,0
2012/03/08,0,7764,-5000,2764
2012/03/09,0,0,0,0
2012/03/12,0,0,-2000,-2000
2012/03/13,0,0,-5000,-5000
2012/03/14,0,0,-178000,-178000
2012/03/15,0,0,-33000,-33000
2012/03/16,0,0,-16000,-16000
2012/03/19,0,0,-2000,-2000
2012/03/20,0,0,-2000,-2000
2012/03/21,0,0,0,0
2012/03/22,0,0,0,0
2012/03/23,0,0,0,0
2012/03/26,0,0,-1000,-1000
2012/03/27,0,0,0,0
2012/03/28,0,0,0,0
2012/03/29,0,0,0,0
2012/03/30,0,0,-2000,-2000
2012/04/02,0,0,-1000,-1000
2012/04/03,0,0,-400000,-400000
2012/04/04,0,0,0,0
2012/04/05,0,1000,-18109,-17109
2012/04/06,0,0,0,0
2012/04/09,0,0,-3000,-3000
2012/04/10,0,0,0,0
2012/04/11,0,0,-150000,-150000
2012/04/12,0,0,0,0
2012/04/13,0,0,0,0
2012/04/16,0,1000,0,1000
2012/04/17,0,0,0,0
2012/04/18,0,0,0,0
2012/04/19,0,0,0,0
2012/04/20,0,0,0,0
2012/04/23,0,1000,0,1000
2012/04/24,0,4000,0,4000
2012/04/25,0,0,0,0
2012/04/26,0,0,0,0
2012/04/27,0,0,0,0
2012/04/30,0,0,0,0
2012/05/01,0,0,0,0
2012/05/02,0,15000,0,15000
2012/05/03,0,1028,0,1028
2012/05/04,0,0,-4000,-4000
2012/05/07,0,0,-300,-300
2012/05/08,0,0,0,0
2012/05/09,0,0,0,0
2012/05/10,0,0,0,0
2012/05/11,0,0,0,0
2012/05/14,0,0,0,0
2012/05/15,0,11000,0,11000
2012/05/16,0,3000,0,3000
2012/05/17,0,0,0,0
2012/05/18,0,0,0,0
2012/05/21,0,0,0,0
2012/05/22,0,0,0,0
2012/05/23,0,0,-6000,-6000
2012/05/24,0,0,0,0
2012/05/25,0,0,0,0
2012/05/28,0,0,0,0
2012/05/29,0,2000,0,2000
2012/05/30,0,0,-2948,-2948
2012/05/31,0,0,0,0
2012/06/01,0,0,0,0
2012/06/04,0,6000,-167000,-161000
2012/06/05,0,5000,-243000,-238000
2012/06/06,0,0,-1000,-1000
2012/06/07,0,0,-6000,-6000
2012/06/08,0,14000,-86000,-72000
2012/06/11,0,5000,-150000,-145000
2012/06/12,0,18000,-800000,-782000
2012/06/13,0,12000,-222000,-210000
2012/06/14,0,19000,0,19000
2012/06/15,0,0,-500,-500
2012/06/18,0,0,-500000,-500000
2012/06/19,0,0,-374000,-374000
2012/06/20,0,0,-300000,-300000
2012/06/21,0,0,-200000,-200000
2012/06/22,0,0,0,0
2012/06/25,0,0,0,0
2012/06/26,0,923,-21000,-20077
2012/06/27,0,0,-119000,-119000
2012/06/28,0,0,-6000,-6000
2012/06/29,0,0,-120000,-120000
2012/07/02,0,0,-303000,-303000
2012/07/03,0,3000,-59000,-56000
2012/07/04,0,0,-259000,-259000
2012/07/05,0,0,-1000,-1000
2012/07/06,0,0,-3000,-3000
2012/07/09,0,0,-9000,-9000
2012/07/10,0,0,0,0
2012/07/11,0,0,0,0
2012/07/12,0,0,-300000,-300000
2012/07/13,0,0,0,0
2012/07/16,0,0,0,0
2012/07/17,0,0,-32000,-32000
2012/07/18,0,0,0,0
2012/07/19,0,0,0,0
2012/07/20,0,0,0,0
2012/07/23,0,0,0,0
2012/07/24,0,0,0,0
2012/07/25,0,0,0,0
2012/07/26,0,5000,0,5000
2012/07/27,0,0,0,0
2012/07/30,0,0,0,0
2012/07/31,0,0,0,0
2012/08/01,0,0,0,0
2012/08/02,0,0,0,0
2012/08/03,0,0,0,0
2012/08/06,0,11000,0,11000
2012/08/07,0,1000,-18000,-17000
2012/08/08,0,1000,-4000,-3000
2012/08/09,0,31000,-3000,28000
2012/08/10,0,500,-2000,-1500
2012/08/13,0,0,-1000,-1000
2012/08/14,0,0,-1000,-1000
2012/08/15,0,0,-29000,-29000
2012/08/16,0,0,-1000,-1000
2012/08/17,0,12737,-1000,11737
2012/08/20,0,0,-1000,-1000
2012/08/21,0,0,0,0
2012/08/22,0,0,-1000,-1000
2012/08/23,0,1000,0,1000
2012/08/24,0,0,0,0
2012/08/27,0,0,0,0
2012/08/28,0,0,0,0
2012/08/29,0,0,-2000,-2000
2012/08/30,0,0,0,0
2012/08/31,0,3500,0,3500
2012/09/03,0,0,-1000,-1000
2012/09/04,0,0,0,0
2012/09/05,0,0,0,0
2012/09/06,0,1000,0,1000
2012/09/07,0,1000,-1000,0
2012/09/10,0,0,0,0
2012/09/11,0,0,0,0
2012/09/12,0,1000,0,1000
2012/09/13,0,0,0,0
2012/09/14,0,0,0,0
2012/09/17,0,1000,0,1000
2012/09/18,0,0,-29000,-29000
2012/09/19,0,0,-6000,-6000
2012/09/20,0,0,0,0
2012/09/21,0,0,-1000,-1000
2012/09/24,0,0,0,0
2012/09/25,0,0,0,0
2012/09/26,0,0,-1000,-1000
2012/09/27,0,0,0,0
2012/09/28,0,0,0,0
2012/10/01,0,1000,0,1000
2012/10/02,0,6000,0,6000
2012/10/03,0,0,0,0
2012/10/04,0,0,0,0
2012/10/05,0,0,0,0
2012/10/08,0,0,0,0
2012/10/09,0,0,-98000,-98000
2012/10/10,0,0,0,0
2012/10/11,0,0,-108000,-108000
2012/10/12,0,0,-101000,-101000
2012/10/15,0,0,-91000,-91000
2012/10/16,0,0,0,0
2012/10/17,0,1000,0,1000
2012/10/18,0,29000,0,29000
2012/10/19,0,0,0,0
2012/10/22,0,0,0,0
2012/10/23,0,0,0,0
2012/10/24,0,0,0,0
2012/10/25,0,0,-4000,-4000
2012/10/26,0,0,0,0
2012/10/29,0,0,-7622,-7622
2012/10/30,0,0,0,0
2012/10/31,0,0,0,0
2012/11/01,0,0,0,0
2012/11/02,0,0,0,0
2012/11/05,0,0,0,0
2012/11/06,0,0,0,0
2012/11/07,0,0,-8000,-8000
2012/11/08,0,0,0,0
2012/11/09,0,0,0,0
2012/11/12,0,0,0,0
2012/11/13,0,0,0,0
2012/11/14,0,0,0,0
2012/11/15,0,0,0,0
2012/11/16,0,0,0,0
2012/11/19,0,0,0,0
2012/11/20,0,0,0,0
2012/11/21,0,0,0,0
2012/11/22,0,0,-4000,-4000
2012/11/23,0,0,0,0
2012/11/26,0,0,0,0
2012/11/27,0,0,0,0
2012/11/28,0,124000,-1000,123000
2012/11/29,0,0,0,0
2012/11/30,0,0,0,0
2012/12/03,0,0,-500,-500
2012/12/04,0,0,0,0
2012/12/05,0,0,-1000,-1000
2012/12/06,0,0,0,0
2012/12/07,0,5000,0,5000
2012/12/10,0,0,-8000,-8000
2012/12/11,0,0,0,0
2012/12/12,0,0,0,0
2012/12/13,0,0,0,0
2012/12/14,0,0,-1000,-1000
2012/12/17,0,0,0,0
2012/12/18,0,0,0,0
2012/12/19,0,0,0,0
2012/12/20,0,0,-6000,-6000
2012/12/21,0,0,-27000,-27000
2012/12/24,0,0,0,0
2012/12/25,0,0,0,0
2012/12/26,0,0,0,0
2012/12/27,0,0,0,0
2012/12/28,0,0,0,0
2012/12/31,0,0,0,0
2013/01/01,0,0,0,0
2013/01/02,0,0,-10000,-10000
2013/01/03,0,0,-3000,-3000
2013/01/04,0,0,-7000,-7000
2013/01/07,0,0,-11000,-11000
2013/01/08,0,0,-2000,-2000
2013/01/09,0,0,0,0
2013/01/10,0,0,0,0
2013/01/11,0,0,-2000,-2000
2013/01/14,0,0,0,0
2013/01/15,0,0,-2000,-2000
2013/01/16,0,0,-4000,-4000
2013/01/17,0,0,-38533,-38533
2013/01/18,0,0,0,0
2013/01/21,0,0,-13000,-13000
2013/01/22,0,0,-1000,-1000
2013/01/23,0,0,-2000,-2000
2013/01/24,0,0,-6000,-6000
2013/01/25,0,0,-3000,-3000
2013/01/28,0,0,0,0
2013/01/29,0,0,0,0
2013/01/30,0,0,0,0
2013/01/31,0,2000,-2000,0
2013/02/01,0,0,0,0
2013/02/04,0,48000,0,48000
2013/02/05,0,49000,0,49000
2013/02/06,0,0,-10000,-10000
2013/02/07,0,0,0,0
2013/02/08,0,0,0,0
2013/02/11,0,0,0,0
2013/02/12,0,0,0,0
2013/02/13,0,0,0,0
2013/02/14,0,0,0,0
2013/02/15,0,0,0,0
2013/02/18,0,0,0,0
2013/02/19,0,0,-3000,-3000
2013/02/20,0,0,-228000,-228000
2013/02/21,0,0,-251000,-251000
2013/02/22,0,0,-291000,-291000
2013/02/25,0,0,0,0
2013/02/26,0,0,-62000,-62000
2013/02/27,0,0,-300000,-300000
2013/02/28,0,0,0,0
2013/03/01,0,0,-478000,-478000
2013/03/04,0,0,0,0
2013/03/05,0,0,-28000,-28000
2013/03/06,0,0,-62000,-62000
2013/03/07,0,0,0,0
2013/03/08,0,0,0,0
2013/03/11,0,1000,-98000,-97000
2013/03/12,0,0,-9000,-9000
2013/03/13,0,0,-3000,-3000
2013/03/14,0,0,-3000,-3000
2013/03/15,0,0,-42000,-42000
2013/03/18,0,0,-6000,-6000
2013/03/19,0,0,0,0
2013/03/20,0,0,-2000,-2000
2013/03/21,0,0,0,0
2013/03/22,0,0,-2000,-2000
2013/03/25,0,0,0,0
2013/03/26,0,0,0,0
2013/03/27,0,0,-19000,-19000
2013/03/28,0,0,0,0
2013/03/29,0,0,0,0
2013/04/01,0,0,-2000,-2000
2013/04/02,0,0,0,0
2013/04/03,0,0,0,0
2013/04/04,0,0,0,0
2013/04/05,0,0,0,0
2013/04/08,0,0,0,0
2013/04/09,0,0,0,0
2013/04/10,0,0,0,0
2013/04/11,0,0,0,0
2013/04/12,0,0,0,0
2013/04/15,0,0,-2000,-2000
2013/04/16,0,0,0,0
2013/04/17,0,0,-203000,-203000
2013/04/18,0,0,0,0
2013/04/19,0,9803,-253000,-243197
2013/04/22,0,0,-242000,-242000
2013/04/23,0,0,-244000,-244000
2013/04/24,0,0,-232000,-232000
2013/04/25,0,0,-203000,-203000
2013/04/26,0,0,-235000,-235000
2013/04/29,0,0,-1000,-1000
2013/04/30,0,0,-227000,-227000
2013/05/01,0,0,0,0
2013/05/02,0,0,0,0
2013/05/03,0,0,-289000,-289000
2013/05/06,0,0,-253000,-253000
2013/05/07,0,6000,-251000,-245000
2013/05/08,0,0,-248000,-248000
2013/05/09,0,0,-246000,-246000
2013/05/10,0,0,-244000,-244000
2013/05/13,0,0,-3000,-3000
2013/05/14,0,0,-5000,-5000
2013/05/15,0,0,0,0
2013/05/16,0,0,0,0
2013/05/17,0,0,-31000,-31000
2013/05/20,0,0,-3000,-3000
2013/05/21,0,0,0,0
2013/05/22,0,0,-8000,-8000
2013/05/23,0,0,-1000,-1000
2013/05/24,0,0,-2000,-2000
2013/05/27,0,0,-1000,-1000
2013/05/28,0,0,0,0
2013/05/29,0,0,0,0
2013/05/30,0,0,-6000,-6000
2013/05/31,0,0,0,0
2013/06/03,0,0,0,0
2013/06/04,0,0,0,0
2013/06/05,0,0,0,0
2013/06/06,0,0,0,0
2013/06/07,0,0,-16000,-16000
2013/06/10,0,0,0,0
2013/06/11,0,0,-27000,-27000
2013/06/12,0,0,0,0
2013/06/13,0,0,-28000,-28000
2013/06/14,0,0,0,0
2013/06/17,0,0,0,0
2013/06/18,0,0,-26000,-26000
2013/06/19,0,0,-5000,-5000
2013/06/20,0,0,-24358,-24358
2013/06/21,0,2000,0,2000
2013/06/24,0,0,0,0
2013/06/25,0,0,0,0
2013/06/26,0,0,-2000,-2000
2013/06/27,0,0,0,0
2013/06/28,0,0,0,0
2013/07/01,0,0,-1000,-1000
2013/07/02,0,0,0,0
2013/07/03,0,0,0,0
2013/07/04,0,0,-5000,-5000
2013/07/05,0,3000,0,3000
2013/07/08,0,0,-5000,-5000
2013/07/09,0,0,0,0
2013/07/10,0,0,0,0
2013/07/11,0,712,0,712
2013/07/12,0,0,-2000,-2000
2013/07/15,0,0,0,0
2013/07/16,0,0,0,0
2013/07/17,0,0,0,0
2013/07/18,0,0,0,0
2013/07/19,0,0,0,0
2013/07/22,0,0,0,0
2013/07/23,0,200000,0,200000
2013/07/24,0,150000,0,150000
2013/07/25,0,245000,0,245000
2013/07/26,0,135000,0,135000
2013/07/29,0,0,0,0
2013/07/30,0,38000,0,38000
2013/07/31,0,118000,0,118000
2013/08/01,0,9000,0,9000
2013/08/02,0,0,0,0
2013/08/05,0,367000,0,367000
2013/08/06,0,50000,0,50000
2013/08/07,0,455000,0,455000
2013/08/08,0,69000,0,69000
2013/08/09,0,75000,0,75000
2013/08/12,0,21000,0,21000
2013/08/13,0,0,0,0
2013/08/14,0,1000,0,1000
2013/08/15,0,388000,-1000,387000
2013/08/16,0,0,0,0
2013/08/19,0,27000,0,27000
2013/08/20,0,268000,0,268000
2013/08/21,0,0,0,0
2013/08/22,0,66000,0,66000
2013/08/23,0,2000,0,2000
2013/08/26,0,4000,0,4000
2013/08/27,0,0,0,0
2013/08/28,0,2000,0,2000
2013/08/29,0,0,0,0
2013/08/30,0,2000,-70000,-68000
2013/09/02,0,0,0,0
2013/09/03,0,0,-9108,-9108
2013/09/04,0,0,0,0
2013/09/05,0,41000,0,41000
2013/09/06,0,1000,0,1000
2013/09/09,0,0,-105000,-105000
2013/09/10,0,12000,0,12000
2013/09/11,0,4000,0,4000
2013/09/12,0,14000,0,14000
2013/09/13,0,285000,-1000,284000
2013/09/16,0,0,0,0
2013/09/17,0,0,0,0
2013/09/18,0,3000,0,3000
2013/09/19,0,0,0,0
2013/09/20,0,0,0,0
2013/09/23,0,0,0,0
2013/09/24,0,258000,0,258000
2013/09/25,0,0,0,0
2013/09/26,0,75000,0,75000
2013/09/27,0,0,0,0
2013/09/30,0,0,-1000,-1000
2013/10/01,0,60000,0,60000
2013/10/02,0,2717000,0,2717000
2013/10/03,0,2126000,0,2126000
2013/10/04,0,821000,0,821000
2013/10/07,0,1540000,-300000,1240000
2013/10/08,0,0,0,0
2013/10/09,0,128000,-165000,-37000
2013/10/10,0,0,0,0
2013/10/11,0,0,0,0
2013/10/14,0,477000,0,477000
2013/10/15,0,1600000,-135000,1465000
2013/10/16,0,400000,0,400000
2013/10/17,0,1500000,0,1500000
2013/10/18,0,1015000,0,1015000
2013/10/21,0,1102000,0,1102000
2013/10/22,0,0,0,0
2013/10/23,0,200000,0,200000
2013/10/24,0,1670000,0,1670000
2013/10/25,0,500000,-1000000,-500000
2013/10/28,0,300000,-500000,-200000
2013/10/29,0,814000,-800000,14000
2013/10/30,0,1348000,-930000,418000
2013/10/31,0,114000,0,114000
2013/11/01,0,0,-2000,-2000
2013/11/04,0,368000,-440000,-72000
2013/11/05,0,330000,0,330000
2013/11/06,0,300000,0,300000
2013/11/07,0,1606000,0,1606000
2013/11/08,0,0,0,0
2013/11/11,0,60000,0,60000
2013/11/12,0,184000,0,184000
2013/11/13,0,53000,0,53000
2013/11/14,0,0,0,0
2013/11/15,0,0,0,0
2013/11/18,0,0,0,0
2013/11/19,0,0,0,0
2013/11/20,0,0,0,0
2013/11/21,0,3000,0,3000
2013/11/22,0,70000,0,70000
2013/11/25,0,3277,0,3277
2013/11/26,0,50000,-1000,49000
2013/11/27,0,0,0,0
2013/11/28,0,281000,0,281000
2013/11/29,0,0,0,0
2013/12/02,0,0,0,0
2013/12/03,0,0,0,0
2013/12/04,0,0,-66000,-66000
2013/12/05,0,0,0,0
2013/12/06,0,0,0,0
2013/12/09,0,0,-419000,-419000
2013/12/10,0,0,-400000,-400000
2013/12/11,0,0,-400000,-400000
2013/12/12,0,0,-400000,-400000
2013/12/13,0,0,-700000,-700000
2013/12/16,0,10000,-450000,-440000
2013/12/17,0,40000,-1440000,-1400000
2013/12/18,0,0,-791000,-791000
2013/12/19,0,0,-209000,-209000
2013/12/20,0,0,-656000,-656000
2013/12/23,0,0,-300000,-300000
2013/12/24,0,120000,-200000,-80000
2013/12/25,0,0,-4000,-4000
2013/12/26,0,0,-500000,-500000
2013/12/27,0,20000,0,20000
2013/12/30,0,0,-10000,-10000
2013/12/31,0,0,0,0
2014/01/02,0,0,-513000,-513000
2014/01/03,0,0,-768000,-768000
2014/01/06,0,0,-1535000,-1535000
2014/01/07,0,0,-1390000,-1390000
2014/01/08,0,1000,-2323000,-2322000
2014/01/09,0,170000,-565000,-395000
2014/01/10,0,0,-1061000,-1061000
2014/01/13,0,100000,-973000,-873000
2014/01/14,0,1000,-351000,-350000
2014/01/15,0,62000,0,62000
2014/01/16,0,0,0,0
2014/01/17,0,0,-333000,-333000
2014/01/20,0,0,0,0
2014/01/21,0,0,0,0
2014/01/22,0,0,-1320000,-1320000
2014/01/23,0,0,-82000,-82000
2014/01/24,0,0,-221000,-221000
2014/01/27,0,0,-160000,-160000
2014/02/05,0,0,0,0
2014/02/06,0,0,0,0
2014/02/07,0,0,0,0
2014/02/10,0,0,0,0
2014/02/11,0,0,0,0
2014/02/12,0,0,0,0
2014/02/13,0,56996,0,56996
2014/02/14,0,0,0,0
2014/02/17,0,327000,0,327000
2014/02/18,0,325000,0,325000
2014/02/19,0,0,-25000,-25000
2014/02/20,0,0,-25000,-25000
2014/02/21,0,0,0,0
2014/02/24,0,1000,-128000,-127000
2014/02/25,0,84000,-34000,50000
2014/02/26,0,0,0,0
2014/02/27,0,0,-1000,-1000
2014/03/03,0,0,-202000,-202000
2014/03/04,0,0,-200000,-200000
2014/03/05,0,0,-190000,-190000
2014/03/06,0,0,-206000,-206000
2014/03/07,0,0,-926000,-926000
2014/03/10,0,0,-843000,-843000
2014/03/11,0,0,-32000,-32000
2014/03/12,0,0,-1000,-1000
2014/03/13,0,0,0,0
2014/03/14,0,141000,-301000,-160000
2014/03/17,0,81000,-501000,-420000
2014/03/18,0,299000,0,299000
2014/03/19,0,150000,0,150000
2014/03/20,0,329000,0,329000
2014/03/21,0,330000,-3000,327000
2014/03/24,0,140000,0,140000
2014/03/25,0,180000,0,180000
2014/03/26,0,310000,0,310000
2014/03/27,0,179000,0,179000
2014/03/28,0,143000,-1001000,-858000
2014/03/31,0,35000,0,35000
2014/04/01,0,0,-213000,-213000
2014/04/02,0,0,0,0
2014/04/03,0,0,-86000,-86000
2014/04/07,0,0,-2000,-2000
2014/04/08,0,80000,0,80000
2014/04/09,0,0,-155000,-155000
2014/04/10,0,0,-4398,-4398
2014/04/11,0,0,0,0
2014/04/14,0,0,-100000,-100000
2014/04/15,0,0,-100000,-100000
2014/04/16,0,0,0,0
2014/04/17,0,0,0,0
2014/04/18,0,0,-1000,-1000
2014/04/21,0,1000,-1000,0
2014/04/22,0,0,-1000,-1000
2014/04/23,0,0,0,0
2014/04/24,0,0,0,0
2014/04/25,0,0,0,0
2014/04/28,0,110000,0,110000
2014/04/29,0,0,0,0
2014/04/30,0,0,-1000,-1000
2014/05/02,0,0,0,0
2014/05/05,0,0,0,0
2014/05/06,0,0,-200000,-200000
2014/05/07,0,0,0,0
2014/05/08,0,124000,0,124000
2014/05/09,0,0,-1000,-1000
2014/05/12,0,0,0,0
2014/05/13,0,0,0,0
2014/05/14,0,0,0,0
2014/05/15,0,0,0,0
2014/05/16,0,0,0,0
2014/05/19,0,0,-151000,-151000
2014/05/20,0,0,-515000,-515000
2014/05/21,0,0,0,0
2014/05/22,0,0,0,0
2014/05/23,0,0,0,0
2014/05/26,0,0,-17000,-17000
2014/05/27,0,0,-14000,-14000
2014/05/28,0,35000,0,35000
2014/05/29,0,0,-2000,-2000
2014/05/30,0,0,0,0
2014/06/03,0,0,-2000,-2000
2014/06/04,0,0,0,0
2014/06/05,0,0,0,0
2014/06/06,0,0,0,0
2014/06/09,0,0,0,0
2014/06/10,0,0,-87000,-87000
2014/06/11,0,0,-3000,-3000
2014/06/12,0,1000,-153000,-152000
2014/06/13,0,0,-191000,-191000
2014/06/16,0,0,-54000,-54000
2014/06/17,0,0,-30000,-30000
2014/06/18,0,1000,-455000,-454000
2014/06/19,0,0,-75000,-75000
2014/06/20,0,0,-126000,-126000
2014/06/23,0,0,-50000,-50000
2014/06/24,0,2000,-1000,1000
2014/06/25,0,0,-1000,-1000
2014/06/26,0,0,-23000,-23000
2014/06/27,0,0,-17000,-17000
2014/06/30,0,0,-10000,-10000
2014/07/01,0,0,-110000,-110000
2014/07/02,0,6756,-142000,-135244
2014/07/03,0,0,0,0
2014/07/04,0,0,0,0
2014/07/07,0,0,0,0
2014/07/08,0,0,-2000,-2000
2014/07/09,0,0,0,0
2014/07/10,0,0,0,0
2014/07/11,0,0,0,0
2014/07/14,0,0,0,0
2014/07/15,0,0,-2000,-2000
2014/07/16,0,0,0,0
2014/07/17,0,5000,0,5000
2014/07/18,0,0,0,0
2014/07/21,0,0,0,0
2014/07/22,0,4000,0,4000
2014/07/23,0,0,0,0
2014/07/24,0,1000,0,1000
2014/07/25,0,2000,0,2000
2014/07/28,0,12000,0,12000
2014/07/29,0,8000,-103000,-95000
2014/07/30,0,143000,0,143000
2014/07/31,0,6000,0,6000
2014/08/01,0,5000,0,5000
2014/08/04,0,150000,0,150000
2014/08/05,0,0,0,0
2014/08/06,0,2000,-119000,-117000
2014/08/07,0,8000,-140000,-132000
2014/08/08,0,10000,0,10000
2014/08/11,0,3000,0,3000
2014/08/12,0,6000,0,6000
2014/08/13,0,2000,-12000,-10000
2014/08/14,0,3000,-14000,-11000
2014/08/15,0,2000,0,2000
2014/08/18,0,0,0,0
2014/08/19,0,2000,0,2000
2014/08/20,0,0,0,0
2014/08/21,0,115000,0,115000
2014/08/22,0,0,0,0
2014/08/25,0,0,0,0
2014/08/26,0,1000,0,1000
2014/08/27,0,100000,0,100000
2014/08/28,0,6000,-4000,2000
2014/08/29,0,0,0,0
2014/09/01,0,0,0,0
2014/09/02,0,0,0,0
2014/09/03,0,3000,0,3000
2014/09/04,0,3000,-48000,-45000
2014/09/05,0,4000,0,4000
2014/09/09,0,0,0,0
2014/09/10,0,0,0,0
2014/09/11,0,5000,0,5000
2014/09/12,0,6000,0,6000
2014/09/15,0,0,0,0
2014/09/16,0,0,0,0
2014/09/17,0,2000,0,2000
2014/09/18,0,0,0,0
2014/09/19,0,500,0,500
2014/09/22,0,8838,0,8838
2014/09/23,0,0,-190000,-190000
2014/09/24,0,0,-90000,-90000
2014/09/25,0,0,0,0
2014/09/26,0,0,-80000,-80000
2014/09/29,0,0,0,0
2014/09/30,0,7000,0,7000
2014/10/01,0,0,0,0
2014/10/02,0,1000,0,1000
2014/10/03,0,0,0,0
2014/10/06,0,2000,0,2000
2014/10/07,0,0,0,0
2014/10/08,0,1000,0,1000
2014/10/09,0,0,-1000,-1000
2014/10/13,0,0,0,0
2014/10/14,0,0,0,0
2014/10/15,0,0,0,0
2014/10/16,0,0,0,0
2014/10/17,0,0,0,0
2014/10/20,0,0,0,0
2014/10/21,0,2000,0,2000
2014/10/22,0,0,0,0
2014/10/23,0,2000,0,2000
2014/10/24,0,0,0,0
2014/10/27,0,0,0,0
2014/10/28,0,0,0,0
2014/10/29,0,2000,0,2000
2014/10/30,0,0,0,0
2014/10/31,0,0,0,0
2014/11/03,0,0,-2000,-2000
2014/11/04,0,0,0,0
2014/11/05,0,0,0,0
2014/11/06,0,0,0,0
2014/11/07,0,0,0,0
2014/11/10,0,0,0,0
2014/11/11,0,6000,0,6000
2014/11/12,0,3000,0,3000
2014/11/13,0,0,-1000,-1000
2014/11/14,0,0,0,0
2014/11/17,0,0,0,0
2014/11/18,0,0,0,0
2014/11/19,0,0,0,0
2014/11/20,0,0,0,0
2014/11/21,0,0,0,0
2014/11/24,0,0,0,0
2014/11/25,0,0,0,0
2014/11/26,0,145000,0,145000
2014/11/27,0,143000,0,143000
2014/11/28,0,143000,0,143000
2014/12/01,0,142000,0,142000
2014/12/02,0,140000,0,140000
2014/12/03,0,8000,0,8000
2014/12/04,0,0,-150000,-150000
2014/12/05,0,0,-95000,-95000
2014/12/08,0,0,0,0
2014/12/09,0,0,0,0
2014/12/10,0,0,0,0
2014/12/11,0,0,-2874,-2874
2014/12/12,0,0,0,0
2014/12/15,0,0,0,0
2014/12/16,0,53000,0,53000
2014/12/17,0,0,0,0
2014/12/18,0,0,0,0
2014/12/19,0,0,-5000,-5000
2014/12/22,0,0,0,0
2014/12/23,0,0,0,0
2014/12/24,0,0,0,0
2014/12/25,0,0,0,0
2014/12/26,0,0,0,0
2014/12/29,0,0,0,0
2014/12/30,0,0,0,0
2014/12/31,0,0,-1000,-1000
2015/01/01,0,0,0,0
2015/01/02,0,0,0,0
2015/01/05,0,0,0,0
2015/01/06,0,0,-222000,-222000
2015/01/07,0,0,-1000,-1000
2015/01/08,0,0,0,0
2015/01/09,0,0,0,0
2015/01/12,0,0,0,0
2015/01/13,0,0,0,0
2015/01/14,0,0,0,0
2015/01/15,0,0,0,0
2015/01/16,0,0,0,0
2015/01/19,0,0,0,0
2015/01/20,0,0,0,0
2015/01/21,0,0,0,0
2015/01/22,0,0,0,0
2015/01/23,0,0,0,0
2015/01/26,0,0,0,0
2015/01/27,0,0,0,0
2015/01/28,0,0,0,0
2015/01/29,0,0,0,0
2015/01/30,0,0,-7000,-7000
2015/02/02,0,0,0,0
2015/02/03,0,0,0,0
2015/02/04,0,0,0,0
2015/02/05,0,0,0,0
2015/02/06,0,0,0,0
2015/02/09,0,0,0,0
2015/02/10,0,0,0,0
2015/02/11,0,0,0,0
2015/02/12,0,0,0,0
2015/02/13,0,0,-5000,-5000
2015/02/16,0,0,0,0
2015/02/17,0,0,0,0
2015/02/18,0,0,0,0
2015/02/19,0,0,0,0
2015/02/20,0,0,0,0
2015/02/23,0,0,0,0
2015/02/24,0,0,0,0
2015/02/25,0,0,-4000,-4000
2015/02/26,0,0,-3000,-3000
2015/02/27,0,0,0,0
2015/03/02,0,0,0,0
2015/03/03,0,0,-1000,-1000
2015/03/04,0,0,-17000,-17000
2015/03/05,0,0,-1000,-1000
2015/03/06,0,0,0,0
2015/03/09,0,0,-2000,-2000
2015/03/10,0,0,0,0
2015/03/11,0,0,0,0
2015/03/12,0,0,-516,-516
2015/03/13,0,0,0,0
2015/03/16,0,0,0,0
2015/03/17,0,0,0,0
2015/03/18,0,0,0,0
2015/03/19,0,0,-1000,-1000
2015/03/20,0,0,-5000,-5000
2015/03/23,0,0,-1000,-1000
2015/03/24,0,0,-1000,-1000
2015/03/25,0,0,-1000,-1000
2015/03/26,0,0,0,0
2015/03/27,0,0,-49000,-49000
2015/03/30,0,0,0,0
2015/03/31,0,0,0,0
2015/04/01,0,0,0,0
2015/04/02,0,0,0,0
2015/04/03,0,0,0,0
2015/04/06,0,0,0,0
2015/04/07,0,0,0,0
2015/04/08,0,0,0,0
2015/04/09,0,0,0,0
2015/04/10,0,0,0,0
2015/04/13,0,0,0,0
2015/04/14,0,400000,0,400000
2015/04/15,0,100000,-97000,3000
2015/04/16,0,0,0,0
2015/04/17,0,0,0,0
2015/04/20,0,0,-2000,-2000
2015/04/21,0,50000,0,50000
2015/04/22,0,0,0,0
2015/04/23,0,0,0,0
2015/04/24,0,10000,-1000,9000
2015/04/27,0,0,0,0
2015/04/28,0,0,-1000,-1000
2015/04/29,0,0,-1000,-1000
2015/04/30,0,500000,0,500000
2015/05/01,0,0,0,0
2015/05/04,0,660000,0,660000
2015/05/05,0,520000,0,520000
2015/05/06,0,0,0,0
2015/05/07,0,0,0,0
2015/05/08,0,0,0,0
2015/05/11,0,0,0,0
2015/05/12,0,0,0,0
2015/05/13,0,0,0,0
2015/05/14,0,1000,-50000,-49000
2015/05/15,0,0,0,0
2015/05/18,0,0,0,0
2015/05/19,0,0,0,0
2015/05/20,0,0,0,0
2015/05/21,0,0,0,0
2015/05/22,0,0,0,0
2015/05/25,0,0,0,0
2015/05/26,0,0,0,0
2015/05/27,0,0,0,0
2015/05/28,0,0,-117000,-117000
2015/05/29,0,0,-1000,-1000
2015/06/01,0,0,0,0
2015/06/02,0,0,0,0
2015/06/03,0,0,0,0
2015/06/04,0,0,-368,-368
2015/06/05,0,0,-101000,-101000
2015/06/08,0,0,-100000,-100000
2015/06/09,0,0,0,0
2015/06/10,0,0,0,0
2015/06/11,0,0,0,0
2015/06/12,0,0,-1000,-1000
2015/06/15,0,31000,0,31000
2015/06/16,0,0,0,0
2015/06/17,0,0,-69000,-69000
2015/06/18,0,0,-115000,-115000
2015/06/19,0,0,0,0
2015/06/22,0,0,-11000,-11000
2015/06/23,0,0,0,0
2015/06/24,0,0,-37000,-37000
2015/06/25,0,0,-11000,-11000
2015/06/26,0,0,-28000,-28000
2015/06/29,0,0,0,0
2015/06/30,0,0,0,0
2015/07/01,0,0,0,0
2015/07/02,0,0,0,0
2015/07/03,0,0,0,0
2015/07/06,0,0,0,0
2015/07/07,0,0,0,0
2015/07/08,0,0,-300000,-300000
2015/07/09,0,0,-381000,-381000
2015/07/10,0,0,0,0
2015/07/13,0,0,-300000,-300000
2015/07/14,0,0,-300000,-300000
2015/07/15,0,8000,-300000,-292000
2015/07/16,0,0,-120000,-120000
2015/07/17,0,35000,-11000,24000
2015/07/20,0,0,0,0
2015/07/21,0,1000,0,1000
2015/07/22,0,170000,0,170000
2015/07/23,0,170000,0,170000
2015/07/24,0,72000,0,72000
2015/07/27,0,0,0,0
2015/07/28,0,15000,0,15000
2015/07/29,0,2000,0,2000
2015/07/30,0,176000,0,176000
2015/07/31,0,622000,0,622000
2015/08/03,0,245000,0,245000
2015/08/04,0,1000,0,1000
2015/08/05,0,136000,0,136000
2015/08/06,0,3000,0,3000
2015/08/07,0,1000,0,1000
2015/08/10,0,1000,0,1000
2015/08/11,0,1000,0,1000
2015/08/12,0,0,-220000,-220000
2015/08/13,0,59000,-200000,-141000
2015/08/14,0,0,0,0
2015/08/17,0,0,0,0
2015/08/18,0,144000,0,144000
2015/08/19,0,0,0,0
2015/08/20,0,201000,0,201000
2015/08/21,0,0,0,0
2015/08/24,0,0,0,0
2015/08/25,0,1701,0,1701
2015/08/26,0,100000,0,100000
2015/08/27,0,0,0,0
2015/08/28,0,0,0,0
2015/08/31,0,0,-10000,-10000
2015/09/01,0,9000,-14000,-5000
2015/09/02,0,0,0,0
2015/09/03,0,8000,0,8000
2015/09/04,0,0,0,0
2015/09/07,0,4000,0,4000
2015/09/08,0,3000,0,3000
2015/09/09,0,0,0,0
2015/09/10,0,0,0,0
2015/09/11,0,3000,0,3000
2015/09/14,0,1000,0,1000
2015/09/15,0,1000,0,1000
2015/09/16,0,0,0,0
2015/09/17,0,0,0,0
2015/09/18,0,0,-2000,-2000
2015/09/21,0,2000,-33000,-31000
2015/09/22,0,0,-1098,-1098
2015/09/23,0,0,0,0
2015/09/24,0,0,0,0
2015/09/25,0,0,0,0
2015/09/28,0,0,0,0
2015/09/29,0,0,0,0
2015/09/30,0,0,0,0
2015/10/01,0,2000,0,2000
2015/10/02,0,6000,0,6000
2015/10/05,0,0,0,0
2015/10/06,0,566000,0,566000
2015/10/07,0,1000,0,1000
2015/10/08,0,0,0,0
2015/10/09,0,0,0,0
2015/10/12,0,0,0,0
2015/10/13,0,0,0,0
2015/10/14,0,0,0,0
2015/10/15,0,154000,0,154000
2015/10/16,0,2000,0,2000
2015/10/19,0,245000,-244000,1000
2015/10/20,0,100000,0,100000
2015/10/21,0,0,0,0
2015/10/22,0,0,0,0
2015/10/23,0,500000,0,500000
2015/10/26,0,577000,0,577000
2015/10/27,0,100000,0,100000
2015/10/28,0,0,0,0
2015/10/29,0,0,0,0
2015/10/30,0,152000,0,152000
2015/11/02,0,0,0,0
2015/11/03,0,137000,0,137000
2015/11/04,0,108000,-1000,107000
2015/11/05,0,310000,0,310000
2015/11/06,0,0,0,0
2015/11/09,0,200000,0,200000
2015/11/10,0,459000,0,459000
2015/11/11,0,300000,-200000,100000
2015/11/12,0,0,-200000,-200000
2015/11/13,0,0,-483000,-483000
2015/11/16,0,0,-670000,-670000
2015/11/17,0,0,-121000,-121000
2015/11/18,0,1000,0,1000
2015/11/19,0,0,0,0
2015/11/20,0,0,0,0
2015/11/23,0,0,-1000,-1000
2015/11/24,0,0,0,0
2015/11/25,0,0,0,0
2015/11/26,0,50000,0,50000
2015/11/27,0,0,0,0
2015/11/30,0,100000,0,100000
2015/12/01,0,0,0,0
2015/12/02,0,0,0,0
2015/12/03,0,0,0,0
2015/12/04,0,0,0,0
2015/12/07,0,0,0,0
2015/12/08,0,0,0,0
2015/12/09,0,0,0,0
2015/12/10,0,0,0,0
2015/12/11,0,100000,0,100000
2015/12/14,0,1062,0,1062
2015/12/15,0,100000,0,100000
2015/12/16,0,0,-1000,-1000
2015/12/17,0,0,0,0
2015/12/18,0,0,0,0
2015/12/21,0,0,0,0
2015/12/22,0,0,0,0
2015/12/23,0,100000,0,100000
2015/12/24,0,0,0,0
2015/12/25,0,0,0,0
2015/12/28,0,21000,0,21000
2015/12/29,0,19000,0,19000
2015/12/30,0,0,0,0
2015/12/31,0,0,0,0
2016/01/01,0,0,0,0
2016/01/04,0,0,0,0
2016/01/05,0,0,-2000,-2000
2016/01/06,0,0,0,0
2016/01/07,0,0,0,0
2016/01/08,0,0,0,0
2016/01/11,0,0,0,0
2016/01/12,0,0,0,0
2016/01/13,0,0,0,0
2016/01/14,0,0,0,0
2016/01/15,0,0,-7000,-7000
2016/01/18,0,0,-346000,-346000
2016/01/19,0,0,-335000,-335000
2016/01/20,0,0,-359000,-359000
2016/01/21,0,0,-344000,-344000
2016/01/22,0,0,-160000,-160000
2016/01/25,0,100000,-442000,-342000
2016/01/26,0,0,-403000,-403000
2016/01/27,0,0,0,0
2016/01/28,0,14000,0,14000
2016/01/29,0,0,0,0
2016/02/01,0,0,0,0
2016/02/02,0,0,0,0
2016/02/03,0,0,0,0
2016/02/04,0,0,0,0
2016/02/05,0,0,0,0
2016/02/08,0,0,0,0
2016/02/09,0,0,0,0
2016/02/10,0,0,0,0
2016/02/11,0,0,0,0
2016/02/12,0,0,0,0
2016/02/15,0,0,-177,-177
2016/02/16,0,0,0,0
2016/02/17,0,0,0,0
2016/02/18,0,0,0,0
2016/02/19,0,0,0,0
2016/02/22,0,0,0,0
2016/02/23,0,0,-17000,-17000
2016/02/24,0,0,-6000,-6000
2016/02/25,0,0,-80000,-80000
2016/02/26,0,0,-100000,-100000
2016/02/29,0,0,0,0
2016/03/01,0,0,-100000,-100000
2016/03/02,0,0,-158112,-158112
2016/03/03,0,0,-150000,-150000
2016/03/04,0,0,-100000,-100000
2016/03/07,0,0,-100000,-100000
2016/03/08,0,0,-61000,-61000
2016/03/09,0,0,-150000,-150000
2016/03/10,0,0,-14000,-14000
2016/03/11,0,0,-172000,-172000
2016/03/14,0,0,0,0
2016/03/15,0,0,0,0
2016/03/16,0,0,0,0
2016/03/17,0,0,0,0
2016/03/18,0,0,-100000,-100000
2016/03/21,0,0,0,0
2016/03/22,0,0,0,0
2016/03/23,0,0,-280000,-280000
2016/03/24,0,0,-110000,-110000
2016/03/25,0,0,0,0
2016/03/28,0,0,-150000,-150000
2016/03/29,0,0,-100000,-100000
2016/03/30,0,0,-14000,-14000
2016/03/31,0,0,-78000,-78000
2016/04/01,0,0,-127000,-127000
2016/04/04,0,0,0,0
2016/04/05,0,0,0,0
2016/04/06,0,0,-22000,-22000
2016/04/07,0,0,0,0
2016/04/08,0,0,0,0
2016/04/11,0,0,0,0
2016/04/12,0,0,0,0
2016/04/13,0,0,0,0
2016/04/14,0,0,0,0
2016/04/15,0,0,-4000,-4000
2016/04/18,0,0,0,0
2016/04/19,0,0,0,0
2016/04/20,0,0,-1000,-1000
2016/04/21,0,0,0,0
2016/04/22,0,0,0,0
2016/04/25,0,0,0,0
2016/04/26,0,0,0,0
2016/04/27,0,0,0,0
2016/04/28,0,0,0,0
2016/04/29,0,0,0,0
2016/05/02,0,0,0,0
2016/05/03,0,0,0,0
2016/05/04,0,0,0,0
2016/05/05,0,0,0,0
2016/05/06,0,0,0,0
2016/05/09,0,0,0,0
2016/05/10,0,0,-2339,-2339
2016/05/11,0,0,0,0
2016/05/12,0,0,0,0
2016/05/13,0,0,0,0
2016/05/16,0,0,0,0
2016/05/17,0,0,0,0
2016/05/18,0,0,0,0
2016/05/19,0,0,0,0
2016/05/20,0,0,0,0
2016/05/23,0,0,0,0
2016/05/24,0,0,0,0
2016/05/25,0,0,0,0
2016/05/26,0,0,-1000,-1000
2016/05/27,0,0,0,0
2016/05/30,0,0,0,0
2016/05/31,0,0,0,0
2016/06/01,0,0,0,0
2016/06/02,0,0,0,0
2016/06/03,0,0,0,0
2016/06/06,0,0,0,0
2016/06/07,0,0,0,0
2016/06/08,0,0,0,0
2016/06/09,0,0,0,0
2016/06/10,0,0,0,0
2016/06/13,0,0,0,0
2016/06/14,0,0,0,0
2016/06/15,0,0,0,0
2016/06/16,0,0,0,0
2016/06/17,0,5000,0,5000
2016/06/20,0,0,0,0
2016/06/21,0,0,0,0
2016/06/22,0,0,0,0
2016/06/23,0,0,0,0
2016/06/24,0,0,0,0
2016/06/27,0,0,-1000,-1000
2016/06/28,0,0,0,0
2016/06/29,0,0,0,0
2016/06/30,0,0,0,0
2016/07/01,0,0,0,0
2016/07/04,0,0,0,0
2016/07/05,0,0,0,0
2016/07/06,0,0,0,0
2016/07/07,0,0,0,0
2016/07/08,0,0,0,0
2016/07/11,0,0,0,0
2016/07/12,0,0,0,0
2016/07/13,0,0,0,0
2016/07/14,0,0,0,0
2016/07/15,0,0,0,0
2016/07/18,0,0,0,0
2016/07/19,0,0,-1000,-1000
2016/07/20,0,0,-3000,-3000
2016/07/21,0,0,-4000,-4000
2016/07/22,0,0,-4000,-4000
2016/07/25,0,0,0,0
2016/07/26,0,0,0,0
2016/07/27,0,0,-1000,-1000
2016/07/28,0,0,0,0
2016/07/29,0,2248,-3000,-752
2016/08/01,0,0,0,0
2016/08/02,0,0,-1000,-1000
2016/08/03,0,0,-2000,-2000
2016/08/04,0,0,0,0
2016/08/05,0,0,-1000,-1000
2016/08/08,0,0,-2000,-2000
2016/08/09,0,0,0,0
2016/08/10,0,0,0,0
2016/08/11,0,0,0,0
2016/08/12,0,0,-1000,-1000
2016/08/15,0,0,0,0
2016/08/16,0,0,-2000,-2000
2016/08/17,0,0,0,0
2016/08/18,0,0,-1000,-1000
2016/08/19,0,1000,0,1000
2016/08/22,0,0,0,0
2016/08/23,0,0,-1000,-1000
2016/08/24,0,0,-1000,-1000
2016/08/25,0,0,-1000,-1000
2016/08/26,0,0,0,0
2016/08/29,0,0,0,0
2016/08/30,0,0,-1000,-1000
2016/08/31,0,0,0,0
2016/09/01,0,0,0,0
2016/09/02,0,0,0,0
2016/09/05,0,0,0,0
2016/09/06,0,0,0,0
2016/09/07,0,0,0,0
2016/09/08,0,0,-2000,-2000
2016/09/09,0,0,0,0
2016/09/12,0,0,0,0
2016/09/13,0,0,0,0
2016/09/14,0,0,-1000,-1000
2016/09/15,0,0,0,0
2016/09/16,0,0,0,0
2016/09/19,0,0,0,0
2016/09/20,0,0,0,0
2016/09/21,0,0,0,0
2016/09/22,0,0,0,0
2016/09/23,0,0,0,0
2016/09/26,0,0,0,0
2016/09/27,0,0,0,0
2016/09/28,0,0,0,0
2016/09/29,0,0,0,0
2016/09/30,0,848,0,848
2016/10/03,0,0,0,0
2016/10/04,0,0,0,0
2016/10/05,0,0,0,0
2016/10/06,0,0,0,0
2016/10/07,0,288000,0,288000
2016/10/10,0,0,0,0
2016/10/11,0,139000,0,139000
2016/10/12,0,0,0,0
2016/10/13,0,0,0,0
2016/10/14,0,0,0,0
2016/10/17,0,0,0,0
2016/10/18,0,0,0,0
2016/10/19,0,0,0,0
2016/10/20,0,0,-29000,-29000
2016/10/21,0,0,-30000,-30000
2016/10/24,0,0,0,0
2016/10/25,0,0,0,0
2016/10/26,0,0,0,0
2016/10/27,0,0,0,0
2016/10/28,0,0,0,0
2016/10/31,0,0,0,0
2016/11/01,0,0,0,0
2016/11/02,0,36,0,36
2016/11/03,0,0,-201000,-201000
2016/11/04,0,0,0,0
2016/11/07,0,0,0,0
2016/11/08,0,0,0,0
2016/11/09,0,0,0,0
2016/11/10,0,0,0,0
2016/11/11,0,0,0,0
2016/11/14,0,0,-325000,-325000
2016/11/15,0,0,-11000,-11000
2016/11/16,0,0,-45000,-45000
2016/11/17,0,0,-144000,-144000
2016/11/18,0,0,0,0
2016/11/21,0,0,-200000,-200000
2016/11/22,0,2000,-200000,-198000
2016/11/23,0,0,0,0
2016/11/24,0,0,0,0
2016/11/25,0,0,0,0
2016/11/28,0,0,0,0
2016/11/29,0,4000,0,4000
2016/11/30,0,0,0,0
2016/12/01,0,2000,0,2000
2016/12/02,0,0,0,0
2016/12/05,0,0,0,0
2016/12/06,0,0,0,0
2016/12/07,0,0,0,0
2016/12/08,0,0,0,0
2016/12/09,0,0,0,0
2016/12/12,0,0,0,0
2016/12/13,0,0,0,0
2016/12/14,0,0,0,0
2016/12/15,0,0,0,0
2016/12/16,0,0,-2000,-2000
2016/12/19,0,0,0,0
2016/12/20,0,0,0,0
2016/12/21,0,0,0,0
2016/12/22,0,0,0,0
2016/12/23,0,0,0,0
2016/12/26,0,0,0,0
2016/12/27,0,0,0,0
2016/12/28,0,0,0,0
2016/12/29,0,0,0,0
2016/12/30,0,0,0,0
2017/01/02,0,0,0,0
2017/01/03,0,0,0,0
2017/01/04,0,0,0,0
2017/01/05,0,121000,0,121000
2017/01/06,0,129000,0,129000
2017/01/09,0,0,0,0
2017/01/10,0,0,0,0
2017/01/11,0,0,0,0
2017/01/12,0,0,0,0
2017/01/13,0,0,0,0
2017/01/16,0,0,0,0
2017/01/17,0,0,0,0
2017/01/18,0,0,0,0
2017/01/19,0,0,0,0
2017/01/20,0,0,0,0
2017/01/23,0,0,0,0
2017/01/24,0,0,0,0
2017/01/25,0,0,0,0
2017/01/26,0,0,0,0
2017/01/27,0,0,0,0
2017/01/30,0,0,0,0
2017/01/31,0,0,0,0
2017/02/01,0,0,0,0
2017/02/02,0,0,0,0
2017/02/03,0,25000,0,25000
2017/02/06,0,0,0,0
2017/02/07,0,0,0,0
2017/02/08,0,0,0,0
2017/02/09,0,0,0,0
2017/02/10,0,0,0,0
2017/02/13,0,0,0,0
2017/02/14,0,0,0,0
2017/02/15,0,105000,0,105000
2017/02/16,0,0,0,0
2017/02/17,0,200000,0,200000
2017/02/20,0,33000,0,33000
2017/02/21,0,57000,0,57000
2017/02/22,0,0,0,0
2017/02/23,0,0,0,0
2017/02/24,0,0,0,0
2017/02/27,0,0,0,0
2017/02/28,0,0,0,0
2017/03/01,0,0,0,0
2017/03/02,0,0,0,0
2017/03/03,0,0,0,0
2017/03/06,0,0,0,0
2017/03/07,0,0,0,0
2017/03/08,0,0,0,0
2017/03/09,0,0,0,0
2017/03/10,0,0,0,0
2017/03/13,0,0,0,0
2017/03/14,0,0,0,0
2017/03/15,0,0,0,0
2017/03/16,0,228000,0,228000
2017/03/17,0,135000,-2000,133000
2017/03/20,0,162000,0,162000
2017/03/21,0,17000,0,17000
2017/03/22,0,0,0,0
2017/03/23,0,0,0,0
2017/03/24,0,0,0,0
2017/03/27,0,0,0,0
2017/03/28,0,0,0,0
2017/03/29,0,85000,0,85000
2017/03/30,0,43000,0,43000
2017/03/31,0,0,0,0
2017/04/03,0,0,0,0
2017/04/04,0,0,0,0
2017/04/05,0,42000,0,42000
2017/04/06,0,109000,0,109000
2017/04/07,0,0,0,0
2017/04/10,0,137000,0,137000
2017/04/11,0,0,0,0
2017/04/12,0,0,0,0
2017/04/13,0,0,0,0
2017/04/14,0,0,-10000,-10000
2017/04/17,0,0,0,0
2017/04/18,0,0,0,0
2017/04/19,0,0,0,0
2017/04/20,0,0,0,0
2017/04/21,0,0,0,0
2017/04/24,0,0,0,0
2017/04/25,0,163,0,163
2017/04/26,0,0,0,0
2017/04/27,0,0,0,0
2017/04/28,0,0,0,0
2017/05/01,0,0,0,0
2017/05/02,0,0,0,0
2017/05/03,0,0,0,0
2017/05/04,0,85773,0,85773
2017/05/05,0,447,0,447
2017/05/08,0,0,0,0
2017/05/09,0,0,0,0
2017/05/10,0,0,0,0
2017/05/11,0,0,0,0
2017/05/12,0,0,0,0
2017/05/15,0,66000,0,66000
2017/05/16,0,194000,0,194000
2017/05/17,0,0,0,0
2017/05/18,0,0,-1000,-1000
2017/05/19,0,0,0,0
2017/05/22,0,0,0,0
2017/05/23,0,0,0,0
2017/05/24,0,0,0,0
2017/05/25,0,0,-2000,-2000
2017/05/26,0,0,-9000,-9000
2017/05/29,0,0,0,0
2017/05/30,0,0,0,0
2017/05/31,0,0,0,0
2017/06/01,0,0,0,0
2017/06/02,0,0,-6000,-6000
2017/06/05,0,0,-7000,-7000
2017/06/06,0,0,-5000,-5000
2017/06/07,0,0,-2000,-2000
2017/06/08,0,0,0,0
2017/06/09,0,0,-2000,-2000
2017/06/12,0,0,0,0
2017/06/13,0,0,0,0
2017/06/14,0,0,0,0
2017/06/15,0,0,0,0
2017/06/16,0,0,-215000,-215000
2017/06/19,0,0,-4000,-4000
2017/06/20,0,1000,-6913,-5913
2017/06/21,0,0,0,0
2017/06/22,0,0,0,0
2017/06/23,0,0,-172000,-172000
2017/06/26,0,0,-2000,-2000
2017/06/27,0,0,-2000,-2000
2017/06/28,0,0,-1899,-1899
2017/06/29,0,0,-1000,-1000
2017/06/30,0,0,-170000,-170000
2017/07/03,0,0,0,0
2017/07/04,0,0,-1000,-1000
2017/07/05,0,0,0,0
2017/07/06,0,0,0,0
2017/07/07,0,0,0,0
2017/07/10,0,0,-2000,-2000
2017/07/11,0,0,0,0
2017/07/12,0,0,-4938,-4938
2017/07/13,0,0,-3000,-3000
2017/07/14,0,0,-3000,-3000
2017/07/17,0,57,0,57
2017/07/18,0,5000,0,5000
2017/07/19,0,0,0,0
2017/07/20,0,0,0,0
2017/07/21,0,0,0,0
2017/07/24,0,0,0,0
2017/07/25,0,1000,0,1000
2017/07/26,0,0,0,0
2017/07/27,0,0,0,0
2017/07/28,0,0,-37000,-37000
2017/07/31,0,0,0,0
2017/08/01,0,0,-12000,-12000
2017/08/02,0,0,-3000,-3000
2017/08/03,0,0,0,0
2017/08/04,0,4000,0,4000
2017/08/07,0,0,0,0
2017/08/08,0,0,-2000,-2000
2017/08/09,0,0,0,0
2017/08/10,0,0,0,0
2017/08/11,0,1000,0,1000
2017/08/14,0,0,0,0
2017/08/15,0,0,0,0
2017/08/16,0,0,0,0
2017/08/17,0,0,0,0
2017/08/18,0,0,0,0
