Date,Open,Buy,Sell,Total
2007/01/02,0,1444000,-1005000,439000
2007/01/03,0,840000,-166000,674000
2007/01/04,0,1479000,-40000,1439000
2007/01/05,0,1390000,-799000,591000
2007/01/08,0,369000,-262208,106792
2007/01/09,0,627000,0,627000
2007/01/10,0,1053000,-1637000,-584000
2007/01/11,0,484000,-244000,240000
2007/01/12,0,65000,-82000,-17000
2007/01/15,0,15000,-256000,-241000
2007/01/16,0,72000,-37000,35000
2007/01/17,0,137000,-2349100,-2212100
2007/01/18,0,778000,-1508000,-730000
2007/01/19,0,693000,-67000,626000
2007/01/22,0,6565000,-557808,6007192
2007/01/23,0,1871000,-94000,1777000
2007/01/24,0,6293000,-1600000,4693000
2007/01/25,0,2817000,-40000,2777000
2007/01/26,0,1001000,-2159000,-1158000
2007/01/29,0,1089000,-296000,793000
2007/01/30,0,49000,-612716,-563716
2007/01/31,0,890000,-715460,174540
2007/02/01,0,2844000,-791000,2053000
2007/02/02,0,1988000,-140000,1848000
2007/02/05,0,739000,-153000,586000
2007/02/06,0,267000,-1240000,-973000
2007/02/07,0,816200,-911000,-94800
2007/02/08,0,844000,-1834378,-990378
2007/02/09,0,578000,-230520,347480
2007/02/12,0,652000,-2594000,-1942000
2007/02/13,0,478000,-687740,-209740
2007/02/14,0,1627000,-866980,760020
2007/02/15,0,0,0,0
2007/02/16,0,0,0,0
2007/02/19,0,0,0,0
2007/02/20,0,0,0,0
2007/02/21,0,0,0,0
2007/02/22,0,0,0,0
2007/02/23,0,0,0,0
2007/02/26,0,3553000,-3276834,276166
2007/02/27,0,2428000,-1693000,735000
2007/02/28,0,0,0,0
2007/03/01,0,246000,-4254000,-4008000
2007/03/02,0,667000,-1168000,-501000
2007/03/05,0,2100000,-2374000,-274000
2007/03/06,0,467000,-3393000,-2926000
2007/03/07,0,1565000,-1779189,-214189
2007/03/08,0,81000,-1798360,-1717360
2007/03/09,0,2306000,-1934200,371800
2007/03/12,0,2312000,-175000,2137000
2007/03/13,0,3011000,-681000,2330000
2007/03/14,0,2571000,-884220,1686780
2007/03/15,0,4095000,-167000,3928000
2007/03/16,0,2219000,-300000,1919000
2007/03/19,0,1970000,-12000,1958000
2007/03/20,0,2909100,-12000,2897100
2007/03/21,0,581000,-307000,274000
2007/03/22,0,1997100,-449000,1548100
2007/03/23,0,761100,-1756000,-994900
2007/03/26,0,566000,0,566000
2007/03/27,0,947000,-2499000,-1552000
2007/03/28,0,408300,-1820000,-1411700
2007/03/29,0,821100,-1863000,-1041900
2007/03/30,0,1165200,-898500,266700
2007/04/02,0,688000,-187000,501000
2007/04/03,0,48400,-725346,-676946
2007/04/04,0,619200,-127000,492200
2007/04/05,0,0,0,0
2007/04/06,0,0,0,0
2007/04/09,0,3116000,-88000,3028000
2007/04/10,0,1948100,-37000,1911100
2007/04/11,0,1078200,-72000,1006200
2007/04/12,0,726200,-5000,721200
2007/04/13,0,398000,-80000,318000
2007/04/16,0,912000,-46000,866000
2007/04/17,0,470000,-149657,320343
2007/04/18,0,232000,-393000,-161000
2007/04/19,0,321000,-1474000,-1153000
2007/04/20,0,1719000,-1158000,561000
2007/04/23,0,1105000,-750000,355000
2007/04/24,0,851000,-321000,530000
2007/04/25,0,200000,-237000,-37000
2007/04/26,0,528000,-183181,344819
2007/04/27,0,199000,-422000,-223000
2007/04/30,0,187000,-759520,-572520
2007/05/01,0,0,0,0
2007/05/02,0,782000,-1191000,-409000
2007/05/03,0,80000,-43000,37000
2007/05/04,0,656000,-16000,640000
2007/05/07,0,2378000,-72000,2306000
2007/05/08,0,313000,-508000,-195000
2007/05/09,0,287000,-856000,-569000
2007/05/10,0,733000,-2434000,-1701000
2007/05/11,0,2000,-1255000,-1253000
2007/05/14,0,172000,-425000,-253000
2007/05/15,0,122000,-124000,-2000
2007/05/16,0,651000,-1322000,-671000
2007/05/17,0,363000,-2662800,-2299800
2007/05/18,0,219000,-358000,-139000
2007/05/21,0,492000,-873000,-381000
2007/05/22,0,393000,-1581000,-1188000
2007/05/23,0,260000,-532000,-272000
2007/05/24,0,289000,-258000,31000
2007/05/25,0,238000,-247000,-9000
2007/05/28,0,336000,0,336000
2007/05/29,0,328000,-6000,322000
2007/05/30,0,384000,-284000,100000
2007/05/31,0,3001000,-899740,2101260
2007/06/01,0,893000,-795000,98000
2007/06/04,0,269000,-318000,-49000
2007/06/05,0,127000,-168000,-41000
2007/06/06,0,279000,-1245000,-966000
2007/06/07,0,975000,-160000,815000
2007/06/08,0,112000,-120000,-8000
2007/06/11,0,58000,-111000,-53000
2007/06/12,0,118000,-625000,-507000
2007/06/13,0,568000,-744000,-176000
2007/06/14,0,271000,-32000,239000
2007/06/15,0,695000,-53000,642000
2007/06/18,0,0,0,0
2007/06/19,0,0,0,0
2007/06/20,0,1721000,-2710000,-989000
2007/06/21,0,2327000,-230000,2097000
2007/06/22,0,403000,-1189000,-786000
2007/06/25,0,65000,-44000,21000
2007/06/26,0,1054000,-1605000,-551000
2007/06/27,0,57000,-5864540,-5807540
2007/06/28,0,1008000,-1938000,-930000
2007/06/29,0,2780000,-517740,2262260
2007/07/02,0,1213000,-323000,890000
2007/07/03,0,404000,-2953700,-2549700
2007/07/04,0,471000,-27000,444000
2007/07/05,0,268000,-393000,-125000
2007/07/06,0,478000,-794000,-316000
2007/07/09,0,771000,-14000,757000
2007/07/10,0,490000,-1133000,-643000
2007/07/11,0,234000,-967000,-733000
2007/07/12,0,389000,-952760,-563760
2007/07/13,0,701000,-708000,-7000
2007/07/16,0,469000,-686000,-217000
2007/07/17,0,802000,-1092000,-290000
2007/07/18,0,715000,-1965000,-1250000
2007/07/19,0,408000,-1294000,-886000
2007/07/20,0,215000,-49000,166000
2007/07/23,0,747000,-120000,627000
2007/07/24,0,1316000,-167000,1149000
2007/07/25,0,840000,-197000,643000
2007/07/26,0,813000,-1159000,-346000
2007/07/27,0,848000,-3621000,-2773000
2007/07/30,0,836000,-3248000,-2412000
2007/07/31,0,334000,-1668000,-1334000
2007/08/01,0,1195000,-5276000,-4081000
2007/08/02,0,625000,-300400,324600
2007/08/03,0,376000,-1493000,-1117000
2007/08/06,0,327000,-1590580,-1263580
2007/08/07,0,537000,-245000,292000
2007/08/08,0,594000,-569000,25000
2007/08/09,0,185000,-42000,143000
2007/08/10,0,209000,-2407470,-2198470
2007/08/13,0,459000,-97000,362000
2007/08/14,0,233000,-901000,-668000
2007/08/15,0,391000,-2137000,-1746000
2007/08/16,0,1166000,-2065000,-899000
2007/08/17,0,141000,-1750000,-1609000
2007/08/20,0,196000,-441000,-245000
2007/08/21,0,267000,-278092,-11092
2007/08/22,0,375000,-148383,226617
2007/08/23,0,822000,-175000,647000
2007/08/24,0,81000,-329000,-248000
2007/08/27,0,222000,-94000,128000
2007/08/28,0,506000,-149000,357000
2007/08/29,0,342000,-637000,-295000
2007/08/30,0,735000,-514000,221000
2007/08/31,0,2332000,-246000,2086000
2007/09/03,0,984000,-157000,827000
2007/09/04,0,344000,-163000,181000
2007/09/05,0,249000,-795000,-546000
2007/09/06,0,441000,-135000,306000
2007/09/07,0,409000,-95000,314000
2007/09/10,0,325000,-788000,-463000
2007/09/11,0,246000,-1083000,-837000
2007/09/12,0,320000,-754000,-434000
2007/09/13,0,67000,-1233000,-1166000
2007/09/14,0,1226000,-2321000,-1095000
2007/09/17,0,111000,-971000,-860000
2007/09/18,0,0,0,0
2007/09/19,0,3031000,-1067000,1964000
2007/09/20,0,1328000,-198000,1130000
2007/09/21,0,675000,-232000,443000
2007/09/24,0,0,0,0
2007/09/25,0,0,0,0
2007/09/26,0,730000,-8000,722000
2007/09/27,0,1519000,-192000,1327000
2007/09/28,0,1182000,-362000,820000
2007/10/01,0,320000,-1326000,-1006000
2007/10/02,0,957000,-3360000,-2403000
2007/10/03,0,663794,-4699000,-4035206
2007/10/04,0,956000,-140000,816000
2007/10/05,0,1175000,-486000,689000
2007/10/08,0,957000,-220000,737000
2007/10/09,0,156000,-946000,-790000
2007/10/10,0,0,0,0
2007/10/11,0,1142000,-1297000,-155000
2007/10/12,0,688000,-1686000,-998000
2007/10/15,0,773000,-339000,434000
2007/10/16,0,113000,-2167000,-2054000
2007/10/17,0,484000,-4852000,-4368000
2007/10/18,0,387000,-1972000,-1585000
2007/10/19,0,42000,-364000,-322000
2007/10/22,0,314000,-1654000,-1340000
2007/10/23,0,374000,-4288000,-3914000
2007/10/24,0,1502000,-2170200,-668200
2007/10/25,0,524199,-3143800,-2619601
2007/10/26,0,719000,-56000,663000
2007/10/29,0,1043000,-931000,112000
2007/10/30,0,177000,-956000,-779000
2007/10/31,0,726000,-1008000,-282000
2007/11/01,0,810000,-281000,529000
2007/11/02,0,321000,-797000,-476000
2007/11/05,0,263000,-1059000,-796000
2007/11/06,0,187000,-893000,-706000
2007/11/07,0,809000,-2745000,-1936000
2007/11/08,0,349000,-1568000,-1219000
2007/11/09,0,522000,-362000,160000
2007/11/12,0,83000,-1054000,-971000
2007/11/13,0,270000,-804000,-534000
2007/11/14,0,110000,-455000,-345000
2007/11/15,0,438000,-684000,-246000
2007/11/16,0,39000,-991000,-952000
2007/11/19,0,56000,-376000,-320000
2007/11/20,0,421000,-1055000,-634000
2007/11/21,0,31000,-2104340,-2073340
2007/11/22,0,379000,-509000,-130000
2007/11/23,0,700000,-832000,-132000
2007/11/26,0,1392000,-621000,771000
2007/11/27,0,1223000,-880000,343000
2007/11/28,0,105000,-601000,-496000
2007/11/29,0,677000,-203107,473893
2007/11/30,0,1549000,-6266000,-4717000
2007/12/03,0,402000,-2269000,-1867000
2007/12/04,0,220000,-3475000,-3255000
2007/12/05,0,255000,-4448000,-4193000
2007/12/06,0,1174000,-776000,398000
2007/12/07,0,922000,-591000,331000
2007/12/10,0,222000,-171000,51000
2007/12/11,0,319000,-566000,-247000
2007/12/12,0,629000,-807000,-178000
2007/12/13,0,124000,-645000,-521000
2007/12/14,0,311000,-606000,-295000
2007/12/17,0,313000,-939000,-626000
2007/12/18,0,1763234,-3440234,-1677000
2007/12/19,0,2000,-1443000,-1441000
2007/12/20,0,151000,-1023000,-872000
2007/12/21,0,1147000,-966000,181000
2007/12/24,0,119000,-419000,-300000
2007/12/25,0,129000,-37000,92000
2007/12/26,0,215000,-31000,184000
2007/12/27,0,394000,-57000,337000
2007/12/28,0,530000,-270000,260000
2007/12/31,0,102000,-42000,60000
2008/01/01,0,0,0,0
2008/01/02,0,63000,-807000,-744000
2008/01/03,0,255000,-511000,-256000
2008/01/04,0,635000,-1773000,-1138000
2008/01/07,0,341000,-728000,-387000
2008/01/08,0,265000,-804000,-539000
2008/01/09,0,715000,-228000,487000
2008/01/10,0,857000,-406000,451000
2008/01/11,0,477000,-664000,-187000
2008/01/14,0,4501000,-272000,4229000
2008/01/15,0,2578000,-4883373,-2305373
2008/01/16,0,2084000,-1347000,737000
2008/01/17,0,911000,-706001,204999
2008/01/18,0,1359530,-586000,773530
2008/01/21,0,28000,-986000,-958000
2008/01/22,0,435000,-1114000,-679000
2008/01/23,0,731000,-361000,370000
2008/01/24,0,533000,-468000,65000
2008/01/25,0,260000,-203000,57000
2008/01/28,0,146000,-439000,-293000
2008/01/29,0,433000,-218656,214344
2008/01/30,0,790971,-1742000,-951029
2008/01/31,0,856000,-1184000,-328000
2008/02/01,0,223000,-452000,-229000
2008/02/04,0,0,0,0
2008/02/05,0,0,0,0
2008/02/06,0,0,0,0
2008/02/07,0,0,0,0
2008/02/08,0,0,0,0
2008/02/11,0,0,0,0
2008/02/12,0,346000,-957000,-611000
2008/02/13,0,115000,-367260,-252260
2008/02/14,0,1273000,-659754,613246
2008/02/15,0,456000,-259000,197000
2008/02/18,0,557000,-349000,208000
2008/02/19,0,683000,-60000,623000
2008/02/20,0,263000,-698000,-435000
2008/02/21,0,594000,-205988,388012
2008/02/22,0,98000,-315000,-217000
2008/02/25,0,997000,-223000,774000
2008/02/26,0,888000,-249000,639000
2008/02/27,0,2099000,-860000,1239000
2008/02/28,0,0,0,0
2008/02/29,0,953615,-1065405,-111790
2008/03/03,0,304000,-693000,-389000
2008/03/04,0,1647000,-121000,1526000
2008/03/05,0,751000,-227000,524000
2008/03/06,0,3299000,-117000,3182000
2008/03/07,0,564000,-202000,362000
2008/03/10,0,845000,-617000,228000
2008/03/11,0,632000,-250000,382000
2008/03/12,0,1243363,-120000,1123363
2008/03/13,0,371000,-708000,-337000
2008/03/14,0,292000,-686000,-394000
2008/03/17,0,642000,-1572000,-930000
2008/03/18,0,860000,-717000,143000
2008/03/19,0,979000,-140000,839000
2008/03/20,0,1136000,-670000,466000
2008/03/21,0,1533000,-189000,1344000
2008/03/24,0,3167000,-48000,3119000
2008/03/25,0,1678000,-24000,1654000
2008/03/26,0,1055000,-511000,544000
2008/03/27,0,363085,-410000,-46915
2008/03/28,0,1398085,-1088000,310085
2008/03/31,0,316304,-395000,-78696
2008/04/01,0,377568,-403000,-25432
2008/04/02,0,612000,-108000,504000
2008/04/03,0,66000,-233000,-167000
2008/04/04,0,0,0,0
2008/04/07,0,344000,-167000,177000
2008/04/08,0,378000,-992000,-614000
2008/04/09,0,526000,-609000,-83000
2008/04/10,0,536000,-117000,419000
2008/04/11,0,417000,-98364,318636
2008/04/14,0,121000,-274000,-153000
2008/04/15,0,63000,-222000,-159000
2008/04/16,0,582000,-26000,556000
2008/04/17,0,730000,-278000,452000
2008/04/18,0,241000,-10000,231000
2008/04/21,0,579000,-19000,560000
2008/04/22,0,214529,-396000,-181471
2008/04/23,0,899000,-40000,859000
2008/04/24,0,410001,-139000,271001
2008/04/25,0,162000,-161000,1000
2008/04/28,0,1056000,-23000,1033000
2008/04/29,0,619000,-838000,-219000
2008/04/30,0,321000,-51000,270000
2008/05/01,0,0,0,0
2008/05/02,0,642000,-114000,528000
2008/05/05,0,247000,-736000,-489000
2008/05/06,0,819000,-104000,715000
2008/05/07,0,199000,-147000,52000
2008/05/08,0,623000,-815000,-192000
2008/05/09,0,37000,-504000,-467000
2008/05/12,0,313000,-27000,286000
2008/05/13,0,827000,-135000,692000
2008/05/14,0,167000,-211000,-44000
2008/05/15,0,876000,-531000,345000
2008/05/16,0,785000,-212000,573000
2008/05/19,0,513000,-118000,395000
2008/05/20,0,776000,-482000,294000
2008/05/21,0,234000,-651500,-417500
2008/05/22,0,268000,-1203000,-935000
2008/05/23,0,143000,-521000,-378000
2008/05/26,0,598000,-237000,361000
2008/05/27,0,218000,-178000,40000
2008/05/28,0,66000,-1079000,-1013000
2008/05/29,0,518000,-1028000,-510000
2008/05/30,0,873000,-493895,379105
2008/06/02,0,132000,-118000,14000
2008/06/03,0,16000,-607000,-591000
2008/06/04,0,72000,-491000,-419000
2008/06/05,0,716000,-802000,-86000
2008/06/06,0,91000,-250000,-159000
2008/06/09,0,134000,-479000,-345000
2008/06/10,0,151000,-1527026,-1376026
2008/06/11,0,44000,-108000,-64000
2008/06/12,0,155000,-800000,-645000
2008/06/13,0,89000,-569000,-480000
2008/06/16,0,224000,-403000,-179000
2008/06/17,0,81000,-218000,-137000
2008/06/18,0,62000,-606000,-544000
2008/06/19,0,39000,-1229000,-1190000
2008/06/20,0,492668,-939000,-446332
2008/06/23,0,449000,-76000,373000
2008/06/24,0,463000,-262000,201000
2008/06/25,0,1664000,-912256,751744
2008/06/26,0,74000,-485000,-411000
2008/06/27,0,1211000,-1242000,-31000
2008/06/30,0,452000,-197000,255000
2008/07/01,0,765000,-115000,650000
2008/07/02,0,474000,-1055000,-581000
2008/07/03,0,545000,-3349331,-2804331
2008/07/04,0,117000,-714000,-597000
2008/07/07,0,837000,-200000,637000
2008/07/08,0,219000,-1448000,-1229000
2008/07/09,0,708000,-215000,493000
2008/07/10,0,895000,-138000,757000
2008/07/11,0,180000,-588000,-408000
2008/07/14,0,111000,-359000,-248000
2008/07/15,0,103000,-1129038,-1026038
2008/07/16,0,358000,-592000,-234000
2008/07/17,0,348000,-1332400,-984400
2008/07/18,0,311000,-819000,-508000
2008/07/21,0,1636000,-181000,1455000
2008/07/22,0,313000,-164000,149000
2008/07/23,0,1026000,-1008260,17740
2008/07/24,0,512000,-212000,300000
2008/07/25,0,189000,-799000,-610000
2008/07/28,0,0,0,0
2008/07/29,0,246000,-1403000,-1157000
2008/07/30,0,649000,-193000,456000
2008/07/31,0,1996000,-1820000,176000
2008/08/01,0,380000,-220000,160000
2008/08/04,0,256000,-367000,-111000
2008/08/05,0,1013000,-1084000,-71000
2008/08/06,0,1345000,-167000,1178000
2008/08/07,0,47000,-473000,-426000
2008/08/08,0,684000,-118000,566000
2008/08/11,0,156000,-201000,-45000
2008/08/12,0,230000,-34000,196000
2008/08/13,0,185000,-233000,-48000
2008/08/14,0,98000,-290000,-192000
2008/08/15,0,18000,-828000,-810000
2008/08/18,0,96000,-623000,-527000
2008/08/19,0,602000,-893000,-291000
2008/08/20,0,642000,-434000,208000
2008/08/21,0,564000,-470000,94000
2008/08/22,0,621000,-583000,38000
2008/08/25,0,794000,-109000,685000
2008/08/26,0,206000,-61000,145000
2008/08/27,0,976000,-145000,831000
2008/08/28,0,1400000,-793000,607000
2008/08/29,0,614000,-302555,311445
2008/09/01,0,190000,-663000,-473000
2008/09/02,0,347000,-295000,52000
2008/09/03,0,283000,-41000,242000
2008/09/04,0,93000,-438000,-345000
2008/09/05,0,55000,-570000,-515000
2008/09/08,0,130000,-157000,-27000
2008/09/09,0,157000,-118000,39000
2008/09/10,0,363000,-1115000,-752000
2008/09/11,0,172000,-1225000,-1053000
2008/09/12,0,230000,-117000,113000
2008/09/15,0,289000,-1648000,-1359000
2008/09/16,0,449506,-231000,218506
2008/09/17,0,387000,-563000,-176000
2008/09/18,0,277000,-731000,-454000
2008/09/19,0,228000,-358000,-130000
2008/09/22,0,458000,-296000,162000
2008/09/23,0,336000,-330000,6000
2008/09/24,0,1589669,-1638669,-49000
2008/09/25,0,184000,-197000,-13000
2008/09/26,0,113000,-660000,-547000
2008/09/29,0,0,0,0
2008/09/30,0,586000,-613000,-27000
2008/10/01,0,372000,-637000,-265000
2008/10/02,0,226000,-498000,-272000
2008/10/03,0,234000,-116000,118000
2008/10/06,0,49000,-1029000,-980000
2008/10/07,0,354000,-186000,168000
2008/10/08,0,245000,-471000,-226000
2008/10/09,0,479000,-485000,-6000
2008/10/10,0,0,0,0
2008/10/13,0,108000,-329000,-221000
2008/10/14,0,295000,-253000,42000
2008/10/15,0,269000,-127000,142000
2008/10/16,0,0,-471000,-471000
2008/10/17,0,179000,-545000,-366000
2008/10/20,0,99000,-205000,-106000
2008/10/21,0,1230000,-514000,716000
2008/10/22,0,334000,-385000,-51000
2008/10/23,0,121000,-589000,-468000
2008/10/24,0,154000,-194000,-40000
2008/10/27,0,198000,-438000,-240000
2008/10/28,0,577200,-784000,-206800
2008/10/29,0,3105094,-758000,2347094
2008/10/30,0,1459000,-161000,1298000
2008/10/31,0,1691000,-1443000,248000
2008/11/03,0,625000,-655000,-30000
2008/11/04,0,699000,-78000,621000
2008/11/05,0,709000,-319000,390000
2008/11/06,0,551000,-536000,15000
2008/11/07,0,592000,-973000,-381000
2008/11/10,0,444000,-114000,330000
2008/11/11,0,214000,-178591,35409
2008/11/12,0,197000,-471000,-274000
2008/11/13,0,159000,-735000,-576000
2008/11/14,0,215000,-794644,-579644
2008/11/17,0,756000,-83000,673000
2008/11/18,0,743000,-497000,246000
2008/11/19,0,134000,-381000,-247000
2008/11/20,0,118000,-712252,-594252
2008/11/21,0,463000,-508000,-45000
2008/11/24,0,287000,-406000,-119000
2008/11/25,0,788000,-134603,653397
2008/11/26,0,553000,-449212,103788
2008/11/27,0,569000,-68000,501000
2008/11/28,0,553000,-21260,531740
2008/12/01,0,920000,-607000,313000
2008/12/02,0,1010000,-986000,24000
2008/12/03,0,797000,-492000,305000
2008/12/04,0,213000,-518000,-305000
2008/12/05,0,282000,-244000,38000
2008/12/08,0,1727000,-66000,1661000
2008/12/09,0,556000,-48000,508000
2008/12/10,0,820000,-22000,798000
2008/12/11,0,1186000,-56000,1130000
2008/12/12,0,297000,-702000,-405000
2008/12/15,0,1189000,-119000,1070000
2008/12/16,0,440000,-37000,403000
2008/12/17,0,1272000,-316000,956000
2008/12/18,0,646000,-60000,586000
2008/12/19,0,646000,-641000,5000
2008/12/22,0,281000,-1590000,-1309000
2008/12/23,0,189000,-840000,-651000
2008/12/24,0,341170,-730000,-388830
2008/12/25,0,36000,-206000,-170000
2008/12/26,0,38000,-54000,-16000
2008/12/29,0,126000,-129000,-3000
2008/12/30,0,689000,-27000,662000
2008/12/31,0,152000,-241000,-89000
2009/01/01,0,0,0,0
2009/01/02,0,0,0,0
2009/01/05,0,456000,-154000,302000
2009/01/06,0,718712,-79000,639712
2009/01/07,0,840138,-125000,715138
2009/01/08,0,41000,-1496000,-1455000
2009/01/09,0,118000,-374000,-256000
2009/01/12,0,293906,-775000,-481094
2009/01/13,0,140000,-241000,-101000
2009/01/14,0,55000,-217000,-162000
2009/01/15,0,20000,-1530000,-1510000
2009/01/16,0,305000,-513000,-208000
2009/01/19,0,445000,-127380,317620
2009/01/20,0,423000,-1247000,-824000
2009/01/21,0,803000,-551000,252000
2009/01/22,0,0,0,0
2009/01/23,0,0,0,0
2009/01/26,0,0,0,0
2009/01/27,0,0,0,0
2009/01/28,0,0,0,0
2009/01/29,0,0,0,0
2009/01/30,0,0,0,0
2009/02/02,0,4204480,-4485784,-281304
2009/02/03,0,316000,-192540,123460
2009/02/04,0,428000,-289000,139000
2009/02/05,0,274000,-248000,26000
2009/02/06,0,434000,-141000,293000
2009/02/09,0,26000,-173000,-147000
2009/02/10,0,161000,-315000,-154000
2009/02/11,0,332000,-618000,-286000
2009/02/12,0,288000,-984000,-696000
2009/02/13,0,552000,-1000,551000
2009/02/16,0,20000,-183000,-163000
2009/02/17,0,74000,-302314,-228314
2009/02/18,0,775000,-228000,547000
2009/02/19,0,777000,-514000,263000
2009/02/20,0,140000,-1038000,-898000
2009/02/23,0,421000,-95000,326000
2009/02/24,0,31000,-520830,-489830
2009/02/25,0,513000,-273190,239810
2009/02/26,0,355000,-165990,189010
2009/02/27,0,133000,-69000,64000
2009/03/02,0,33000,-1145084,-1112084
2009/03/03,0,0,-296000,-296000
2009/03/04,0,662000,-344000,318000
2009/03/05,0,485000,-306000,179000
2009/03/06,0,654000,-229500,424500
2009/03/09,0,410000,-57000,353000
2009/03/10,0,446000,-191000,255000
2009/03/11,0,230914,-45000,185914
2009/03/12,0,555000,-308000,247000
2009/03/13,0,1577000,-664000,913000
2009/03/16,0,540000,-32000,508000
2009/03/17,0,449000,-75000,374000
2009/03/18,0,1086000,-196000,890000
2009/03/19,0,77000,-355000,-278000
2009/03/20,0,362000,-114000,248000
2009/03/23,0,1220000,-19000,1201000
2009/03/24,0,740000,-449000,291000
2009/03/25,0,1271000,-101030,1169970
2009/03/26,0,1027000,-108000,919000
2009/03/27,0,88000,-479000,-391000
2009/03/30,0,275000,-502000,-227000
2009/03/31,0,507000,-229795,277205
2009/04/01,0,178000,-149000,29000
2009/04/02,0,1412000,-89000,1323000
2009/04/03,0,251000,-190000,61000
2009/04/06,0,1079000,-1864000,-785000
2009/04/07,0,318000,-204000,114000
2009/04/08,0,802000,-1476000,-674000
2009/04/09,0,1885000,-400000,1485000
2009/04/10,0,766000,-127000,639000
2009/04/13,0,580000,-480000,100000
2009/04/14,0,1559000,-496000,1063000
2009/04/15,0,564000,-585000,-21000
2009/04/16,0,794000,-189000,605000
2009/04/17,0,1355384,-797000,558384
2009/04/20,0,744000,-438000,306000
2009/04/21,0,377000,-647000,-270000
2009/04/22,0,101000,-387000,-286000
2009/04/23,0,624000,-473000,151000
2009/04/24,0,467000,-765000,-298000
2009/04/27,0,521204,-956000,-434796
2009/04/28,0,555000,-669000,-114000
2009/04/29,0,1460000,-182000,1278000
2009/04/30,0,3201000,-89000,3112000
2009/05/01,0,0,0,0
2009/05/04,0,1027223,-46000,981223
2009/05/05,0,1202000,-771000,431000
2009/05/06,0,1217000,-591000,626000
2009/05/07,0,1313000,-1332000,-19000
2009/05/08,0,1052000,-432000,620000
2009/05/11,0,413000,-1538000,-1125000
2009/05/12,0,670000,-591000,79000
2009/05/13,0,279000,-321000,-42000
2009/05/14,0,397000,-2045000,-1648000
2009/05/15,0,592000,-606000,-14000
2009/05/18,0,235000,-1414000,-1179000
2009/05/19,0,878000,-1041000,-163000
2009/05/20,0,1070000,-612000,458000
2009/05/21,0,608000,-1003000,-395000
2009/05/22,0,228000,-946000,-718000
2009/05/25,0,214000,-1168098,-954098
2009/05/26,0,2739000,-786000,1953000
2009/05/27,0,2639098,-4454645,-1815547
2009/05/28,0,0,0,0
2009/05/29,0,0,0,0
2009/06/01,0,1381000,-1695000,-314000
2009/06/02,0,797000,-198000,599000
2009/06/03,0,1199000,-152000,1047000
2009/06/04,0,437000,-597000,-160000
2009/06/05,0,250836,-245000,5836
2009/06/08,0,869000,-832920,36080
2009/06/09,0,1738000,-583480,1154520
2009/06/10,0,707313,-49000,658313
2009/06/11,0,955000,-366000,589000
2009/06/12,0,352000,-681000,-329000
2009/06/15,0,263000,-265000,-2000
2009/06/16,0,114000,-376080,-262080
2009/06/17,0,614000,-930000,-316000
2009/06/18,0,176000,-600000,-424000
2009/06/19,0,94000,-455000,-361000
2009/06/22,0,161000,-378000,-217000
2009/06/23,0,167200,-1018000,-850800
2009/06/24,0,1260000,-562000,698000
2009/06/25,0,520000,-367000,153000
2009/06/26,0,567000,-160000,407000
2009/06/29,0,634000,-1116000,-482000
2009/06/30,0,645000,-414767,230233
2009/07/01,0,699000,-22000,677000
2009/07/02,0,427000,-269000,158000
2009/07/03,0,53062,-158000,-104938
2009/07/06,0,39000,-376000,-337000
2009/07/07,0,242000,-40010,201990
2009/07/08,0,43000,-526000,-483000
2009/07/09,0,390466,-61000,329466
2009/07/10,0,170000,-157000,13000
2009/07/13,0,71000,-1798000,-1727000
2009/07/14,0,56000,-2277130,-2221130
2009/07/15,0,677000,-410000,267000
2009/07/16,0,134000,-532000,-398000
2009/07/17,0,368222,-22400,345822
2009/07/20,0,904000,-192000,712000
2009/07/21,0,293000,-92300,200700
2009/07/22,0,620000,-196000,424000
2009/07/23,0,438000,-75740,362260
2009/07/24,0,484000,-582290,-98290
2009/07/27,0,605000,-56000,549000
2009/07/28,0,441000,-705000,-264000
2009/07/29,0,333792,-71000,262792
2009/07/30,0,218000,-351000,-133000
2009/07/31,0,240000,-583000,-343000
2009/08/03,0,370000,-468000,-98000
2009/08/04,0,215000,-1144000,-929000
2009/08/05,0,280000,-304000,-24000
2009/08/06,0,216000,-269000,-53000
2009/08/07,0,0,0,0
2009/08/10,0,788416,-3668000,-2879584
2009/08/11,0,402000,-1246000,-844000
2009/08/12,0,263000,-341000,-78000
2009/08/13,0,844000,-97000,747000
2009/08/14,0,174000,-43000,131000
2009/08/17,0,38000,-315000,-277000
2009/08/18,0,158000,-266000,-108000
2009/08/19,0,61000,-677000,-616000
2009/08/20,0,114000,-235000,-121000
2009/08/21,0,78000,-950220,-872220
2009/08/24,0,599000,-130683,468317
2009/08/25,0,28000,-221000,-193000
2009/08/26,0,61000,-352000,-291000
2009/08/27,0,244000,-525000,-281000
2009/08/28,0,527000,-99000,428000
2009/08/31,0,1319000,-789312,529688
2009/09/01,0,356000,-76118,279882
2009/09/02,0,452000,-158000,294000
2009/09/03,0,200000,-206000,-6000
2009/09/04,0,138000,-146000,-8000
2009/09/07,0,143000,-55000,88000
2009/09/08,0,1816000,-458000,1358000
2009/09/09,0,247000,-97000,150000
2009/09/10,0,2080000,-67750,2012250
2009/09/11,0,734000,-44000,690000
2009/09/14,0,71000,-277000,-206000
2009/09/15,0,687000,-1000,686000
2009/09/16,0,1066000,-46000,1020000
2009/09/17,0,632000,-16350,615650
2009/09/18,0,871000,-601000,270000
2009/09/21,0,98000,-236000,-138000
2009/09/22,0,30000,-5000,25000
2009/09/23,0,442000,-621000,-179000
2009/09/24,0,394000,-124000,270000
2009/09/25,0,94000,-680600,-586600
2009/09/28,0,65000,-207000,-142000
2009/09/29,0,851000,-89000,762000
2009/09/30,0,1315000,-224000,1091000
2009/10/01,0,363000,-179000,184000
2009/10/02,0,444000,-505000,-61000
2009/10/05,0,318000,-563000,-245000
2009/10/06,0,407000,-395000,12000
2009/10/07,0,507407,-328170,179237
2009/10/08,0,606000,-162000,444000
2009/10/09,0,336000,-115000,221000
2009/10/12,0,521000,-454000,67000
2009/10/13,0,244960,-672818,-427858
2009/10/14,0,446000,-9000,437000
2009/10/15,0,967000,-240000,727000
2009/10/16,0,342000,-783000,-441000
2009/10/19,0,153000,-1013636,-860636
2009/10/20,0,139000,-213000,-74000
2009/10/21,0,431000,-412000,19000
2009/10/22,0,115000,-1026000,-911000
2009/10/23,0,104000,-125000,-21000
2009/10/26,0,586000,-21000,565000
2009/10/27,0,2156000,-350000,1806000
2009/10/28,0,173000,-524000,-351000
2009/10/29,0,341000,-956000,-615000
2009/10/30,0,3006000,-4082000,-1076000
2009/11/02,0,23000,-720000,-697000
2009/11/03,0,159000,-501000,-342000
2009/11/04,0,201000,-184284,16716
2009/11/05,0,68000,-312000,-244000
2009/11/06,0,200000,0,200000
2009/11/09,0,420000,0,420000
2009/11/10,0,365000,-9854,355146
2009/11/11,0,660000,0,660000
2009/11/12,0,760000,-4000,756000
2009/11/13,0,760000,-451000,309000
2009/11/16,0,697000,-342000,355000
2009/11/17,0,825000,-382000,443000
2009/11/18,0,782000,-591000,191000
2009/11/19,0,227000,-223000,4000
2009/11/20,0,1013000,-976000,37000
2009/11/23,0,191000,-526000,-335000
2009/11/24,0,347000,-1097000,-750000
2009/11/25,0,1064000,-171000,893000
2009/11/26,0,191000,-78000,113000
2009/11/27,0,95000,-1538000,-1443000
2009/11/30,0,444084,-703217,-259133
2009/12/01,0,571000,-345000,226000
2009/12/02,0,193000,-109650,83350
2009/12/03,0,326000,-15289,310711
2009/12/04,0,131000,-22000,109000
2009/12/07,0,515000,-295407,219593
2009/12/08,0,481000,-154000,327000
2009/12/09,0,914000,-610580,303420
2009/12/10,0,646000,-985390,-339390
2009/12/11,0,459049,-276000,183049
2009/12/14,0,290000,-36000,254000
2009/12/15,0,175000,-38000,137000
2009/12/16,0,34000,-110000,-76000
2009/12/17,0,581030,-404000,177030
2009/12/18,0,226000,-648000,-422000
2009/12/21,0,669000,-18000,651000
2009/12/22,0,195000,-43000,152000
2009/12/23,0,209000,-15347,193653
2009/12/24,0,831000,-166000,665000
2009/12/25,0,229000,-65000,164000
2009/12/28,0,914000,-12000,902000
2009/12/29,0,187000,-51000,136000
2009/12/30,0,851000,-481000,370000
2009/12/31,0,457000,-238353,218647
2010/01/01,0,0,0,0
2010/01/04,0,522000,-39000,483000
2010/01/05,0,724000,-1265000,-541000
2010/01/06,0,1240000,-110000,1130000
2010/01/07,0,1043000,-48223,994777
2010/01/08,0,698970,-1040000,-341030
2010/01/11,0,1009000,-68000,941000
2010/01/12,0,690034,-168378,521656
2010/01/13,0,199000,-340000,-141000
2010/01/14,0,153000,-163264,-10264
2010/01/15,0,150000,-1355000,-1205000
2010/01/18,0,75000,-358000,-283000
2010/01/19,0,994000,-548390,445610
2010/01/20,0,98000,-586000,-488000
2010/01/21,0,818000,-354000,464000
2010/01/22,0,401000,-795000,-394000
2010/01/25,0,6490,-568000,-561510
2010/01/26,0,69000,-4546000,-4477000
2010/01/27,0,508000,-382880,125120
2010/01/28,0,382000,-445000,-63000
2010/01/29,0,1034000,-797380,236620
2010/02/01,0,39000,-438760,-399760
2010/02/02,0,147000,-839790,-692790
2010/02/03,0,30750,-280000,-249250
2010/02/04,0,11000,-381000,-370000
2010/02/05,0,38000,-1030390,-992390
2010/02/08,0,170,-871000,-870830
2010/02/09,0,94000,-394360,-300360
2010/02/10,0,178000,-633000,-455000
2010/02/11,0,0,0,0
2010/02/12,0,0,0,0
2010/02/15,0,0,0,0
2010/02/16,0,0,0,0
2010/02/17,0,0,0,0
2010/02/18,0,0,0,0
2010/02/19,0,0,0,0
2010/02/22,0,793196,-207000,586196
2010/02/23,0,1707000,-146000,1561000
2010/02/24,0,813000,-507000,306000
2010/02/25,0,1237000,-935000,302000
2010/02/26,0,1127000,-57118,1069882
2010/03/01,0,1744287,-240000,1504287
2010/03/02,0,431000,-101000,330000
2010/03/03,0,591000,-19000,572000
2010/03/04,0,673000,-889000,-216000
2010/03/05,0,1562000,-190000,1372000
2010/03/08,0,890000,-23000,867000
2010/03/09,0,1852890,-1122000,730890
2010/03/10,0,421000,-31106,389894
2010/03/11,0,816000,-61000,755000
2010/03/12,0,713000,-58000,655000
2010/03/15,0,195000,-333000,-138000
2010/03/16,0,344000,-4000,340000
2010/03/17,0,1849000,-30000,1819000
2010/03/18,0,1148000,-101000,1047000
2010/03/19,0,563000,-150000,413000
2010/03/22,0,130000,-454360,-324360
2010/03/23,0,50000,-47000,3000
2010/03/24,0,112000,-26000,86000
2010/03/25,0,282000,-297000,-15000
2010/03/26,0,640000,-353000,287000
2010/03/29,0,669000,-78000,591000
2010/03/30,0,646000,-179000,467000
2010/03/31,0,223000,-89017,133983
2010/04/01,0,1375000,-162720,1212280
2010/04/02,0,103000,-21000,82000
2010/04/05,0,0,0,0
2010/04/06,0,664000,-37000,627000
2010/04/07,0,1171980,-47000,1124980
2010/04/08,0,698000,-192000,506000
2010/04/09,0,281000,-88920,192080
2010/04/12,0,338820,-38000,300820
2010/04/13,0,181000,-229000,-48000
2010/04/14,0,253000,-124430,128570
2010/04/15,0,1041000,-50000,991000
2010/04/16,0,467030,-299000,168030
2010/04/19,0,387000,-569000,-182000
2010/04/20,0,178000,-641000,-463000
2010/04/21,0,457000,-697196,-240196
2010/04/22,0,187000,-1190710,-1003710
2010/04/23,0,531000,-433000,98000
2010/04/26,0,941000,-10000,931000
2010/04/27,0,994140,-1035140,-41000
2010/04/28,0,75000,-451040,-376040
2010/04/29,0,325000,-553000,-228000
2010/04/30,0,1121000,-855000,266000
2010/05/03,0,21000,-442000,-421000
2010/05/04,0,145000,-418000,-273000
2010/05/05,0,54000,-1252530,-1198530
2010/05/06,0,306000,-924000,-618000
2010/05/07,0,297000,-936540,-639540
2010/05/10,0,294730,-511150,-216420
2010/05/11,0,1024000,-1464000,-440000
2010/05/12,0,101000,-213000,-112000
2010/05/13,0,399000,-85000,314000
2010/05/14,0,141000,-143000,-2000
2010/05/17,0,129000,-261000,-132000
2010/05/18,0,272000,-146000,126000
2010/05/19,0,422000,-384000,38000
2010/05/20,0,38000,-398000,-360000
2010/05/21,0,188000,-681940,-493940
2010/05/24,0,154000,-505000,-351000
2010/05/25,0,123000,-619000,-496000
2010/05/26,0,1180000,-1161000,19000
2010/05/27,0,334000,-421401,-87401
2010/05/28,0,579000,-677000,-98000
2010/05/31,0,314000,-197000,117000
2010/06/01,0,192000,-549000,-357000
2010/06/02,0,249000,-267000,-18000
2010/06/03,0,401000,-256000,145000
2010/06/04,0,141000,-46000,95000
2010/06/07,0,113000,-488000,-375000
2010/06/08,0,179000,-340000,-161000
2010/06/09,0,97000,-892000,-795000
2010/06/10,0,181000,-200000,-19000
2010/06/11,0,348652,-70000,278652
2010/06/14,0,414652,-307000,107652
2010/06/15,0,1038305,-388770,649535
2010/06/16,0,0,0,0
2010/06/17,0,644851,-262000,382851
2010/06/18,0,927246,-533045,394201
2010/06/21,0,1297413,-912195,385218
2010/06/22,0,517584,-505000,12584
2010/06/23,0,291741,-538678,-246937
2010/06/24,0,326000,-1073490,-747490
2010/06/25,0,129432,-612000,-482568
2010/06/28,0,64000,-199000,-135000
2010/06/29,0,595000,-1028000,-433000
2010/06/30,0,687000,-941000,-254000
2010/07/01,0,380000,-845600,-465600
2010/07/02,0,299000,-407610,-108610
2010/07/05,0,67694,-208000,-140306
2010/07/06,0,457000,-225000,232000
2010/07/07,0,39412,-206000,-166588
2010/07/08,0,297000,-34000,263000
2010/07/09,0,427504,-30000,397504
2010/07/12,0,1045000,-87576,957424
2010/07/13,0,120000,-120000,0
2010/07/14,0,912990,-76287,836703
2010/07/15,0,283000,-106000,177000
2010/07/16,0,291000,-156228,134772
2010/07/19,0,508000,-171000,337000
2010/07/20,0,1409000,-191000,1218000
2010/07/21,0,460000,-356000,104000
2010/07/22,0,109000,-301000,-192000
2010/07/23,0,866000,-275000,591000
2010/07/26,0,244820,-251000,-6180
2010/07/27,0,60604,-712000,-651396
2010/07/28,0,1362000,-1240000,122000
2010/07/29,0,1094000,-641138,452862
2010/07/30,0,561000,-669648,-108648
2010/08/02,0,2026000,-645000,1381000
2010/08/03,0,854000,-285000,569000
2010/08/04,0,695000,-52000,643000
2010/08/05,0,482000,-43000,439000
2010/08/06,0,801000,-64000,737000
2010/08/09,0,564000,-211000,353000
2010/08/10,0,141000,-429000,-288000
2010/08/11,0,394000,-210025,183975
2010/08/12,0,143000,-235000,-92000
2010/08/13,0,265807,-158000,107807
2010/08/16,0,249000,-134000,115000
2010/08/17,0,241000,-69000,172000
2010/08/18,0,554000,-581000,-27000
2010/08/19,0,113000,-512000,-399000
2010/08/20,0,24000,-108000,-84000
2010/08/23,0,423000,-214000,209000
2010/08/24,0,334374,-382500,-48126
2010/08/25,0,163000,-1635000,-1472000
2010/08/26,0,171000,-659000,-488000
2010/08/27,0,184000,-311500,-127500
2010/08/30,0,295151,-331000,-35849
2010/08/31,0,360000,-387854,-27854
2010/09/01,0,376000,-313000,63000
2010/09/02,0,290160,-80000,210160
2010/09/03,0,127000,-200000,-73000
2010/09/06,0,231000,-29000,202000
2010/09/07,0,323398,-70000,253398
2010/09/08,0,65140,-163752,-98612
2010/09/09,0,193000,-87000,106000
2010/09/10,0,209380,0,209380
2010/09/13,0,1922000,-10643,1911357
2010/09/14,0,478938,-19000,459938
2010/09/15,0,624018,-126000,498018
2010/09/16,0,184000,-16000,168000
2010/09/17,0,767000,-418000,349000
2010/09/20,0,266000,-189000,77000
2010/09/21,0,382000,-12000,370000
2010/09/22,0,0,0,0
2010/09/23,0,331000,-159512,171488
2010/09/24,0,1015680,-56000,959680
2010/09/27,0,80230,-76000,4230
2010/09/28,0,208520,-28000,180520
2010/09/29,0,829000,-299000,530000
2010/09/30,0,124000,-11000,113000
2010/10/01,0,322230,0,322230
2010/10/04,0,364100,-37000,327100
2010/10/05,0,441160,-158150,283010
2010/10/06,0,1183550,-37000,1146550
2010/10/07,0,1300710,-149000,1151710
2010/10/08,0,1093090,-43000,1050090
2010/10/11,0,916680,-167000,749680
2010/10/12,0,611160,-408000,203160
2010/10/13,0,1149220,-515000,634220
2010/10/14,0,831640,-586000,245640
2010/10/15,0,14532550,-1649000,12883550
2010/10/18,0,1539000,-1873000,-334000
2010/10/19,0,1476000,-804000,672000
2010/10/20,0,1104000,-917000,187000
2010/10/21,0,322000,-566000,-244000
2010/10/22,0,207000,-819000,-612000
2010/10/25,0,501000,-109000,392000
2010/10/26,0,595772,-42000,553772
2010/10/27,0,523400,-296000,227400
2010/10/28,0,1107466,-2484000,-1376534
2010/10/29,0,225000,-136000,89000
2010/11/01,0,1215000,-123000,1092000
2010/11/02,0,355000,-56000,299000
2010/11/03,0,1427000,-384000,1043000
2010/11/04,0,630000,-436000,194000
2010/11/05,0,788000,-1236296,-448296
2010/11/08,0,300000,-513000,-213000
2010/11/09,0,230000,-32000,198000
2010/11/10,0,430000,-365160,64840
2010/11/11,0,865000,-329232,535768
2010/11/12,0,734000,-523000,211000
2010/11/15,0,155832,-917000,-761168
2010/11/16,0,579000,-400000,179000
2010/11/17,0,552000,-785000,-233000
2010/11/18,0,86000,-449640,-363640
2010/11/19,0,221630,-472000,-250370
2010/11/22,0,419490,-63000,356490
2010/11/23,0,72950,-299148,-226198
2010/11/24,0,806000,-237000,569000
2010/11/25,0,685000,-470000,215000
2010/11/26,0,483000,-555000,-72000
2010/11/29,0,371000,-458648,-87648
2010/11/30,0,1334988,-2332278,-997290
2010/12/01,0,2029000,-3416000,-1387000
2010/12/02,0,951000,-2028126,-1077126
2010/12/03,0,349000,-859000,-510000
2010/12/06,0,484000,-1133000,-649000
2010/12/07,0,1322610,-239000,1083610
2010/12/08,0,1321000,-364000,957000
2010/12/09,0,985000,-473000,512000
2010/12/10,0,280000,-173000,107000
2010/12/13,0,172000,-154000,18000
2010/12/14,0,2047000,-424000,1623000
2010/12/15,0,632000,-921000,-289000
2010/12/16,0,583000,-814000,-231000
2010/12/17,0,1583000,-1268000,315000
2010/12/20,0,1939020,-497000,1442020
2010/12/21,0,378000,-212480,165520
2010/12/22,0,206000,-52600,153400
2010/12/23,0,432000,-203000,229000
2010/12/24,0,81000,-96000,-15000
2010/12/27,0,413000,-90000,323000
2010/12/28,0,330000,-3000,327000
2010/12/29,0,536230,-1009000,-472770
2010/12/30,0,852000,-485000,367000
2010/12/31,0,1063000,-140810,922190
2011/01/03,0,1640000,-96000,1544000
2011/01/04,0,125000,-84000,41000
2011/01/05,0,532000,-461460,70540
2011/01/06,0,866000,-267000,599000
2011/01/07,0,478000,-557000,-79000
2011/01/10,0,295000,-214000,81000
2011/01/11,0,536000,-308000,228000
2011/01/12,0,65000,-24000,41000
2011/01/13,0,1746031,-92000,1654031
2011/01/14,0,731000,-7000,724000
2011/01/17,0,775291,-1368000,-592709
2011/01/18,0,1030000,-719090,310910
2011/01/19,0,1415000,-2391000,-976000
2011/01/20,0,825000,-886000,-61000
2011/01/21,0,443000,-527000,-84000
2011/01/24,0,109000,-49000,60000
2011/01/25,0,255000,-194000,61000
2011/01/26,0,461000,-26730,434270
2011/01/27,0,185000,-79300,105700
2011/01/28,0,1168410,-813000,355410
2011/01/31,0,0,0,0
2011/02/01,0,0,0,0
2011/02/02,0,0,0,0
2011/02/03,0,0,0,0
2011/02/04,0,0,0,0
2011/02/07,0,0,0,0
2011/02/08,0,2606000,-2832000,-226000
2011/02/09,0,318000,-670340,-352340
2011/02/10,0,531000,-1190360,-659360
2011/02/11,0,401000,-1106000,-705000
2011/02/14,0,440000,-1278780,-838780
2011/02/15,0,85000,-878338,-793338
2011/02/16,0,15000,-631000,-616000
2011/02/17,0,76000,-1168040,-1092040
2011/02/18,0,330000,-37000,293000
2011/02/21,0,32000,-329034,-297034
2011/02/22,0,49000,-1775000,-1726000
2011/02/23,0,316306,-871050,-554744
2011/02/24,0,309000,-627000,-318000
2011/02/25,0,299000,-826102,-527102
2011/02/28,0,0,0,0
2011/03/01,0,123000,-248000,-125000
2011/03/02,0,383760,-1146000,-762240
2011/03/03,0,597000,-363000,234000
2011/03/04,0,1345000,-947000,398000
2011/03/07,0,88000,-103000,-15000
2011/03/08,0,783000,-1007000,-224000
2011/03/09,0,398000,-633023,-235023
2011/03/10,0,276000,-1589847,-1313847
2011/03/11,0,97000,-2485950,-2388950
2011/03/14,0,647000,-1309000,-662000
2011/03/15,0,546000,-2364990,-1818990
2011/03/16,0,339000,-371920,-32920
2011/03/17,0,542000,-954550,-412550
2011/03/18,0,1102000,-730837,371163
2011/03/21,0,198000,-437000,-239000
2011/03/22,0,159403,-1465000,-1305597
2011/03/23,0,320000,-722000,-402000
2011/03/24,0,13000,-90000,-77000
2011/03/25,0,623000,0,623000
2011/03/28,0,280000,-76000,204000
2011/03/29,0,391000,-27000,364000
2011/03/30,0,641000,-187000,454000
2011/03/31,0,1029832,-362334,667498
2011/04/01,0,452663,-1633000,-1180337
2011/04/04,0,0,0,0
2011/04/05,0,0,0,0
2011/04/06,0,1380314,-745000,635314
2011/04/07,0,696000,-972000,-276000
2011/04/08,0,1098545,-45000,1053545
2011/04/11,0,246000,-107000,139000
2011/04/12,0,253254,-273000,-19746
2011/04/13,0,756000,-351000,405000
2011/04/14,0,1258000,-619000,639000
2011/04/15,0,72000,-504000,-432000
2011/04/18,0,316000,-121279,194721
2011/04/19,0,345000,-349000,-4000
2011/04/20,0,561000,-530957,30043
2011/04/21,0,1838576,-23000,1815576
2011/04/22,0,761000,-1000,760000
2011/04/25,0,838000,-121000,717000
2011/04/26,0,280000,-222675,57325
2011/04/27,0,466000,-739000,-273000
2011/04/28,0,697909,-606000,91909
2011/04/29,0,999000,-220000,779000
2011/05/02,0,0,0,0
2011/05/03,0,319000,-304000,15000
2011/05/04,0,341000,-472000,-131000
2011/05/05,0,25000,-148000,-123000
2011/05/06,0,486091,-355000,131091
2011/05/09,0,506000,-36000,470000
2011/05/10,0,189000,-139000,50000
2011/05/11,0,434000,-520000,-86000
2011/05/12,0,381000,-398000,-17000
2011/05/13,0,134000,-259000,-125000
2011/05/16,0,149000,-586000,-437000
2011/05/17,0,134000,-449000,-315000
2011/05/18,0,453000,-7000,446000
2011/05/19,0,836833,-535000,301833
2011/05/20,0,207000,-419000,-212000
2011/05/23,0,102000,-989000,-887000
2011/05/24,0,402000,-143693,258307
2011/05/25,0,334000,-1163000,-829000
2011/05/26,0,27000,-698542,-671542
2011/05/27,0,81000,-109000,-28000
2011/05/30,0,220000,-392000,-172000
2011/05/31,0,2277000,-138603,2138397
2011/06/01,0,960045,-166705,793340
2011/06/02,0,543000,-196000,347000
2011/06/03,0,274000,-64000,210000
2011/06/06,0,0,0,0
2011/06/07,0,136000,-52000,84000
2011/06/08,0,71000,-111000,-40000
2011/06/09,0,428000,-213480,214520
2011/06/10,0,225261,-757000,-531739
2011/06/13,0,57000,-467687,-410687
2011/06/14,0,668000,-263000,405000
2011/06/15,0,2535000,-1548000,987000
2011/06/16,0,149000,-400000,-251000
2011/06/17,0,210000,-373000,-163000
2011/06/20,0,211000,-404205,-193205
2011/06/21,0,616000,-107000,509000
2011/06/22,0,213000,-1146000,-933000
2011/06/23,0,274902,-61343,213559
2011/06/24,0,570000,-240314,329686
2011/06/27,0,7000,-153047,-146047
2011/06/28,0,105000,-274659,-169659
2011/06/29,0,757000,-313000,444000
2011/06/30,0,866000,-64000,802000
2011/07/01,0,322664,-77000,245664
2011/07/04,0,200171,-121000,79171
2011/07/05,0,431708,-394000,37708
2011/07/06,0,385000,-200000,185000
2011/07/07,0,222000,-132000,90000
2011/07/08,0,520000,-37000,483000
2011/07/11,0,1795000,-269000,1526000
2011/07/12,0,737259,-423000,314259
2011/07/13,0,219000,-1350000,-1131000
2011/07/14,0,145000,-109000,36000
2011/07/15,0,149780,-316000,-166220
2011/07/18,0,187000,-992000,-805000
2011/07/19,0,193000,-232100,-39100
2011/07/20,0,789934,-599000,190934
2011/07/21,0,549396,-1015000,-465604
2011/07/22,0,848000,-331000,517000
2011/07/25,0,261994,-389000,-127006
2011/07/26,0,453910,-162000,291910
2011/07/27,0,264000,-454000,-190000
2011/07/28,0,533000,-454000,79000
2011/07/29,0,629030,-304672,324358
2011/08/01,0,1243486,-104000,1139486
2011/08/02,0,1052000,-807000,245000
2011/08/03,0,239000,-437000,-198000
2011/08/04,0,787000,-655000,132000
2011/08/05,0,520000,-1211000,-691000
2011/08/08,0,506000,-2745844,-2239844
2011/08/09,0,727000,-1386000,-659000
2011/08/10,0,1070000,-2654718,-1584718
2011/08/11,0,886000,-735000,151000
2011/08/12,0,165000,-2019493,-1854493
2011/08/15,0,860751,-143001,717750
2011/08/16,0,107000,-567000,-460000
2011/08/17,0,858000,-661000,197000
2011/08/18,0,831820,-1595846,-764026
2011/08/19,0,353000,-506000,-153000
2011/08/22,0,367000,-293000,74000
2011/08/23,0,568000,-86382,481618
2011/08/24,0,1038000,-1025000,13000
2011/08/25,0,350000,-203702,146298
2011/08/26,0,295000,-76000,219000
2011/08/29,0,727000,-87685,639315
2011/08/30,0,220000,-467000,-247000
2011/08/31,0,2580369,-338000,2242369
2011/09/01,0,1671000,-312151,1358849
2011/09/02,0,728000,-517000,211000
2011/09/05,0,143000,-1381960,-1238960
2011/09/06,0,487000,-871862,-384862
2011/09/07,0,1508000,-515719,992281
2011/09/08,0,799000,-827000,-28000
2011/09/09,0,845000,-461000,384000
2011/09/12,0,0,0,0
2011/09/13,0,65000,-506000,-441000
2011/09/14,0,172000,-654494,-482494
2011/09/15,0,733000,-194000,539000
2011/09/16,0,1211000,-207000,1004000
2011/09/19,0,38000,-123000,-85000
2011/09/20,0,459114,-386000,73114
2011/09/21,0,1355000,-209000,1146000
2011/09/22,0,277986,-1277000,-999014
2011/09/23,0,446000,-897000,-451000
2011/09/26,0,353000,-268000,85000
2011/09/27,0,682000,-876000,-194000
2011/09/28,0,333864,-695873,-362009
2011/09/29,0,356000,-442000,-86000
2011/09/30,0,195000,-735000,-540000
2011/10/03,0,358000,-1232000,-874000
2011/10/04,0,630000,-882000,-252000
2011/10/05,0,499000,-229000,270000
2011/10/06,0,1082000,-1000000,82000
2011/10/07,0,713000,-448000,265000
2011/10/10,0,0,0,0
2011/10/11,0,530000,-222000,308000
2011/10/12,0,360000,-66000,294000
2011/10/13,0,184000,-263000,-79000
2011/10/14,0,499000,-729000,-230000
2011/10/17,0,670000,-352000,318000
2011/10/18,0,436000,-950000,-514000
2011/10/19,0,775000,-536000,239000
2011/10/20,0,665000,-913000,-248000
2011/10/21,0,612000,-650000,-38000
2011/10/24,0,1995000,-156000,1839000
2011/10/25,0,1124000,-151330,972670
2011/10/26,0,649000,-208000,441000
2011/10/27,0,609000,-125000,484000
2011/10/28,0,1130000,-102000,1028000
2011/10/31,0,516000,-675000,-159000
2011/11/01,0,679000,-273000,406000
2011/11/02,0,774000,-408000,366000
2011/11/03,0,661000,-3365000,-2704000
2011/11/04,0,872000,-209000,663000
2011/11/07,0,272000,-76000,196000
2011/11/08,0,350000,-204297,145703
2011/11/09,0,515000,-237000,278000
2011/11/10,0,39000,-428000,-389000
2011/11/11,0,28000,-409170,-381170
2011/11/14,0,153000,-261000,-108000
2011/11/15,0,208000,-22000,186000
2011/11/16,0,161000,-454000,-293000
2011/11/17,0,420000,-357738,62262
2011/11/18,0,69000,-276000,-207000
2011/11/21,0,196000,-614000,-418000
2011/11/22,0,166000,-593000,-427000
2011/11/23,0,377000,-856000,-479000
2011/11/24,0,243000,-609000,-366000
2011/11/25,0,266000,-635000,-369000
2011/11/28,0,245108,-313000,-67892
2011/11/29,0,173000,-724000,-551000
2011/11/30,0,775412,-572000,203412
2011/12/01,0,2115000,-45000,2070000
2011/12/02,0,725000,-62000,663000
2011/12/05,0,157000,-123000,34000
2011/12/06,0,244000,-121000,123000
2011/12/07,0,749000,-1126085,-377085
2011/12/08,0,591000,-446000,145000
2011/12/09,0,105000,-501000,-396000
2011/12/12,0,360000,-147000,213000
2011/12/13,0,280000,-919745,-639745
2011/12/14,0,547000,-113000,434000
2011/12/15,0,108001,-635000,-526999
2011/12/16,0,335000,-117000,218000
2011/12/19,0,519000,-348000,171000
2011/12/20,0,370000,-93000,277000
2011/12/21,0,413000,-282000,131000
2011/12/22,0,227000,-71000,156000
2011/12/23,0,535000,-110000,425000
2011/12/26,0,254000,-7000,247000
2011/12/27,0,262000,-11000,251000
2011/12/28,0,304000,-35000,269000
2011/12/29,0,571000,-188000,383000
2011/12/30,0,317000,-47000,270000
2012/01/02,0,8000,-44000,-36000
2012/01/03,0,498000,-89000,409000
2012/01/04,0,622000,-526000,96000
2012/01/05,0,702000,-369000,333000
2012/01/06,0,366000,-901000,-535000
2012/01/09,0,399000,-306000,93000
2012/01/10,0,1158000,-594000,564000
2012/01/11,0,487000,-270000,217000
2012/01/12,0,499000,-238000,261000
2012/01/13,0,675000,-500000,175000
2012/01/16,0,262000,-711000,-449000
2012/01/17,0,565000,-291000,274000
2012/01/18,0,1295000,-1303000,-8000
2012/01/19,0,0,0,0
2012/01/20,0,0,0,0
2012/01/23,0,0,0,0
2012/01/24,0,0,0,0
2012/01/25,0,0,0,0
2012/01/26,0,0,0,0
2012/01/27,0,0,0,0
2012/01/30,0,1450178,-179000,1271178
2012/01/31,0,1117000,-396500,720500
2012/02/01,0,350000,-288000,62000
2012/02/02,0,438000,-151000,287000
2012/02/03,0,805000,-365000,440000
2012/02/06,0,383000,-537000,-154000
2012/02/07,0,416000,-9000,407000
2012/02/08,0,1085000,-660000,425000
2012/02/09,0,562000,-735108,-173108
2012/02/10,0,527000,-136000,391000
2012/02/13,0,564000,-25000,539000
2012/02/14,0,53000,-133200,-80200
2012/02/15,0,840000,-249000,591000
2012/02/16,0,748000,-673000,75000
2012/02/17,0,643000,-685000,-42000
2012/02/20,0,140000,-154000,-14000
2012/02/21,0,237000,-361000,-124000
2012/02/22,0,1238000,-297000,941000
2012/02/23,0,515000,-1045000,-530000
2012/02/24,0,476000,-677000,-201000
2012/02/27,0,0,0,0
2012/02/28,0,0,0,0
2012/02/29,0,1583000,-623000,960000
2012/03/01,0,491843,-75000,416843
2012/03/02,0,351626,-157000,194626
2012/03/05,0,630000,-728000,-98000
2012/03/06,0,417000,-574000,-157000
2012/03/07,0,267000,-573000,-306000
2012/03/08,0,232000,-360000,-128000
2012/03/09,0,253000,-450000,-197000
2012/03/12,0,386000,-662000,-276000
2012/03/13,0,2000000,-397000,1603000
2012/03/14,0,1020000,-564850,455150
2012/03/15,0,500000,-352000,148000
2012/03/16,0,220000,-513000,-293000
2012/03/19,0,315000,-218000,97000
2012/03/20,0,140000,-172000,-32000
2012/03/21,0,449000,-415000,34000
2012/03/22,0,315000,-228000,87000
2012/03/23,0,153000,-9000,144000
2012/03/26,0,175000,-1089000,-914000
2012/03/27,0,252000,-209000,43000
2012/03/28,0,267000,-341000,-74000
2012/03/29,0,353000,-427000,-74000
2012/03/30,0,367000,-343000,24000
2012/04/02,0,195000,-413000,-218000
2012/04/03,0,907693,-776000,131693
2012/04/04,0,0,0,0
2012/04/05,0,394000,-608000,-214000
2012/04/06,0,71000,-859574,-788574
2012/04/09,0,266000,-493000,-227000
2012/04/10,0,366000,-183000,183000
2012/04/11,0,240000,-563000,-323000
2012/04/12,0,257000,-886000,-629000
2012/04/13,0,335076,-401000,-65924
2012/04/16,0,94000,-405000,-311000
2012/04/17,0,28000,-446000,-418000
2012/04/18,0,529000,-305000,224000
2012/04/19,0,246000,-81000,165000
2012/04/20,0,326000,-453924,-127924
2012/04/23,0,952000,-512000,440000
2012/04/24,0,212000,-119000,93000
2012/04/25,0,276000,-182000,94000
2012/04/26,0,339000,-286000,53000
2012/04/27,0,676000,-511000,165000
2012/04/30,0,286954,-183000,103954
2012/05/01,0,0,0,0
2012/05/02,0,688000,-206000,482000
2012/05/03,0,218000,-38000,180000
2012/05/04,0,613000,-408000,205000
2012/05/07,0,1105000,-1305000,-200000
2012/05/08,0,175000,-421000,-246000
2012/05/09,0,393000,-838000,-445000
2012/05/10,0,306000,-158223,147777
2012/05/11,0,248000,-551000,-303000
2012/05/14,0,219000,-163000,56000
2012/05/15,0,380000,-216000,164000
2012/05/16,0,322000,-967000,-645000
2012/05/17,0,373000,-527000,-154000
2012/05/18,0,659000,-939000,-280000
2012/05/21,0,990000,-824000,166000
2012/05/22,0,439000,-725000,-286000
2012/05/23,0,243000,-641000,-398000
2012/05/24,0,158000,-317000,-159000
2012/05/25,0,71000,-560000,-489000
2012/05/28,0,136000,-107000,29000
2012/05/29,0,296000,-77000,219000
2012/05/30,0,1379000,-1426725,-47725
2012/05/31,0,997997,-717489,280508
2012/06/01,0,215000,-487076,-272076
2012/06/04,0,693269,-144000,549269
2012/06/05,0,765000,-816000,-51000
2012/06/06,0,641000,-581000,60000
2012/06/07,0,151034,-153000,-1966
2012/06/08,0,284378,-342000,-57622
2012/06/11,0,703000,-91000,612000
2012/06/12,0,814000,-660000,154000
2012/06/13,0,676000,-875000,-199000
2012/06/14,0,540000,-603212,-63212
2012/06/15,0,1065000,-2480109,-1415109
2012/06/18,0,748000,-839000,-91000
2012/06/19,0,1006000,-1017000,-11000
2012/06/20,0,1157000,-695000,462000
2012/06/21,0,513412,-312000,201412
2012/06/22,0,377000,-718000,-341000
2012/06/25,0,329000,-992000,-663000
2012/06/26,0,387000,-194000,193000
2012/06/27,0,526000,-229000,297000
2012/06/28,0,395000,-488000,-93000
2012/06/29,0,945000,-207000,738000
2012/07/02,0,107000,-268000,-161000
2012/07/03,0,405000,-50000,355000
2012/07/04,0,296000,-182000,114000
2012/07/05,0,266000,-106000,160000
2012/07/06,0,349000,-129000,220000
2012/07/09,0,395000,-260000,135000
2012/07/10,0,248000,-252000,-4000
2012/07/11,0,322000,-318000,4000
2012/07/12,0,337000,-608000,-271000
2012/07/13,0,356000,-88900,267100
2012/07/16,0,170000,-24000,146000
2012/07/17,0,874000,-769000,105000
2012/07/18,0,403000,-1130998,-727998
2012/07/19,0,518000,-623000,-105000
2012/07/20,0,202000,-443000,-241000
2012/07/23,0,374000,-1338000,-964000
2012/07/24,0,551000,-420000,131000
2012/07/25,0,132000,-709000,-577000
2012/07/26,0,201000,-564246,-363246
2012/07/27,0,312000,-142000,170000
2012/07/30,0,230109,-137000,93109
2012/07/31,0,402000,-310791,91209
2012/08/01,0,185000,-167000,18000
2012/08/02,0,0,0,0
2012/08/03,0,394885,-268000,126885
2012/08/06,0,621000,-190000,431000
2012/08/07,0,783000,-24000,759000
2012/08/08,0,677648,-53000,624648
2012/08/09,0,1647000,-108000,1539000
2012/08/10,0,529000,-241000,288000
2012/08/13,0,268000,-202000,66000
2012/08/14,0,910000,-344000,566000
2012/08/15,0,406000,-95000,311000
2012/08/16,0,594000,-1000,593000
2012/08/17,0,193000,-123000,70000
2012/08/20,0,44000,-18000,26000
2012/08/21,0,951011,-14000,937011
2012/08/22,0,82707,-46000,36707
2012/08/23,0,118470,-84000,34470
2012/08/24,0,78000,-85000,-7000
2012/08/27,0,279000,-315000,-36000
2012/08/28,0,379885,-229000,150885
2012/08/29,0,227000,-154000,73000
2012/08/30,0,1010000,-1038000,-28000
2012/08/31,0,348000,-350213,-2213
2012/09/03,0,167000,-326000,-159000
2012/09/04,0,69000,-156000,-87000
2012/09/05,0,270000,-558000,-288000
2012/09/06,0,234000,-188000,46000
2012/09/07,0,277000,-166694,110306
2012/09/10,0,271718,-176000,95718
2012/09/11,0,122000,-104000,18000
2012/09/12,0,460000,-196000,264000
2012/09/13,0,294000,-42000,252000
2012/09/14,0,805000,-13000,792000
2012/09/17,0,300000,-158000,142000
2012/09/18,0,313000,-68000,245000
2012/09/19,0,699000,-105000,594000
2012/09/20,0,402000,-77000,325000
2012/09/21,0,1014000,-83000,931000
2012/09/24,0,772000,-247000,525000
2012/09/25,0,668000,-92000,576000
2012/09/26,0,315000,-267000,48000
2012/09/27,0,702000,-247546,454454
2012/09/28,0,320000,-177528,142472
2012/10/01,0,215000,-98000,117000
2012/10/02,0,354000,-251000,103000
2012/10/03,0,166000,-153000,13000
2012/10/04,0,581000,-191000,390000
2012/10/05,0,155000,-34000,121000
2012/10/08,0,150000,-126000,24000
2012/10/09,0,548000,-121190,426810
2012/10/10,0,0,0,0
2012/10/11,0,138300,-365000,-226700
2012/10/12,0,52000,-182000,-130000
2012/10/15,0,153000,-49000,104000
2012/10/16,0,19000,-283000,-264000
2012/10/17,0,348000,-175000,173000
2012/10/18,0,177000,-265000,-88000
2012/10/19,0,1264000,-287000,977000
2012/10/22,0,65000,-194000,-129000
2012/10/23,0,155900,-238000,-82100
2012/10/24,0,93000,-547808,-454808
2012/10/25,0,163000,-514000,-351000
2012/10/26,0,202000,-853000,-651000
2012/10/29,0,207500,-466000,-258500
2012/10/30,0,177114,-434000,-256886
2012/10/31,0,192000,-478000,-286000
2012/11/01,0,203000,-418000,-215000
2012/11/02,0,85000,-194000,-109000
2012/11/05,0,539000,-213000,326000
2012/11/06,0,386000,-161000,225000
2012/11/07,0,352000,-142000,210000
2012/11/08,0,385000,-750000,-365000
2012/11/09,0,302000,-364000,-62000
2012/11/12,0,102000,-160000,-58000
2012/11/13,0,216000,-876000,-660000
2012/11/14,0,163000,-151000,12000
2012/11/15,0,595000,-402000,193000
2012/11/16,0,353000,-550000,-197000
2012/11/19,0,208000,-142000,66000
2012/11/20,0,100000,-141000,-41000
2012/11/21,0,499000,-710000,-211000
2012/11/22,0,143000,-188000,-45000
2012/11/23,0,989000,-636000,353000
2012/11/26,0,505000,-537000,-32000
2012/11/27,0,733000,-704000,29000
2012/11/28,0,585900,-799000,-213100
2012/11/29,0,1563000,-1782718,-219718
2012/11/30,0,2034000,-1962023,71977
2012/12/03,0,1022000,-873009,148991
2012/12/04,0,1322000,-1025000,297000
2012/12/05,0,1078000,-1003000,75000
2012/12/06,0,1523000,-1084000,439000
2012/12/07,0,852000,-639000,213000
2012/12/10,0,938000,-656077,281923
2012/12/11,0,1521560,-1460000,61560
2012/12/12,0,1093000,-1377000,-284000
2012/12/13,0,1684048,-1630000,54048
2012/12/14,0,848342,-684000,164342
2012/12/17,0,2362000,-1589854,772146
2012/12/18,0,960000,-72000,888000
2012/12/19,0,785000,-135000,650000
2012/12/20,0,575000,-420000,155000
2012/12/21,0,592000,-760137,-168137
2012/12/24,0,415000,-44000,371000
2012/12/25,0,331000,-35000,296000
2012/12/26,0,397000,-141000,256000
2012/12/27,0,240000,-93000,147000
2012/12/28,0,357000,-55000,302000
2012/12/31,0,0,0,0
2013/01/01,0,0,0,0
2013/01/02,0,874000,-184945,689055
2013/01/03,0,625000,-56000,569000
2013/01/04,0,653000,-312000,341000
2013/01/07,0,452000,-399800,52200
2013/01/08,0,290000,-333000,-43000
2013/01/09,0,422000,-101000,321000
2013/01/10,0,1054000,-501000,553000
2013/01/11,0,248000,-101000,147000
2013/01/14,0,108000,-150000,-42000
2013/01/15,0,232000,-252000,-20000
2013/01/16,0,491000,-431000,60000
2013/01/17,0,355700,-281000,74700
2013/01/18,0,437000,-783000,-346000
2013/01/21,0,71000,-112000,-41000
2013/01/22,0,223000,-145000,78000
2013/01/23,0,354000,-107853,246147
2013/01/24,0,151000,-338000,-187000
2013/01/25,0,156000,-551000,-395000
2013/01/28,0,122000,-87000,35000
2013/01/29,0,253000,-113000,140000
2013/01/30,0,889000,-93000,796000
2013/01/31,0,748000,-347000,401000
2013/02/01,0,669000,-226000,443000
2013/02/04,0,516000,-114000,402000
2013/02/05,0,858000,-80000,778000
2013/02/06,0,490942,-357000,133942
2013/02/07,0,0,0,0
2013/02/08,0,0,0,0
2013/02/11,0,0,0,0
2013/02/12,0,0,0,0
2013/02/13,0,0,0,0
2013/02/14,0,0,0,0
2013/02/15,0,0,0,0
2013/02/18,0,1652577,-298000,1354577
2013/02/19,0,550298,-246000,304298
2013/02/20,0,821265,-242000,579265
2013/02/21,0,2428000,-1388000,1040000
2013/02/22,0,836000,-269000,567000
2013/02/25,0,596000,-626380,-30380
2013/02/26,0,440000,-388500,51500
2013/02/27,0,651000,-494240,156760
2013/02/28,0,0,0,0
2013/03/01,0,613000,-300000,313000
2013/03/04,0,843000,-1240000,-397000
2013/03/05,0,585000,-502000,83000
2013/03/06,0,229000,-48000,181000
2013/03/07,0,323000,-68497,254503
2013/03/08,0,310300,-125000,185300
2013/03/11,0,451000,-312000,139000
2013/03/12,0,61000,-229751,-168751
2013/03/13,0,119000,-187000,-68000
2013/03/14,0,308000,-595430,-287430
2013/03/15,0,1348000,-3030000,-1682000
2013/03/18,0,134000,-866700,-732700
2013/03/19,0,472000,-775000,-303000
2013/03/20,0,465000,-1692641,-1227641
2013/03/21,0,247000,-416000,-169000
2013/03/22,0,274379,-623492,-349113
2013/03/25,0,385000,-221000,164000
2013/03/26,0,417000,-587000,-170000
2013/03/27,0,439000,-129000,310000
2013/03/28,0,192000,-538000,-346000
2013/03/29,0,157000,-178000,-21000
2013/04/01,0,50587,-7000,43587
2013/04/02,0,242000,-65000,177000
2013/04/03,0,511618,-466000,45618
2013/04/04,0,0,0,0
2013/04/05,0,0,0,0
2013/04/08,0,1139000,-1219000,-80000
2013/04/09,0,515000,-1151290,-636290
2013/04/10,0,368000,-955000,-587000
2013/04/11,0,361840,-405000,-43160
2013/04/12,0,518000,-206000,312000
2013/04/15,0,230079,-324600,-94521
2013/04/16,0,204582,-142000,62582
2013/04/17,0,965000,-769900,195100
2013/04/18,0,310000,-495388,-185388
2013/04/19,0,461000,-206800,254200
2013/04/22,0,185000,-161100,23900
2013/04/23,0,179000,-233000,-54000
2013/04/24,0,583000,-47000,536000
2013/04/25,0,461000,-169800,291200
2013/04/26,0,656000,-252900,403100
2013/04/29,0,360000,-43000,317000
2013/04/30,0,1152000,-47100,1104900
2013/05/01,0,0,0,0
2013/05/02,0,269000,-134009,134991
2013/05/03,0,473000,-203000,270000
2013/05/06,0,666000,-263750,402250
2013/05/07,0,814000,-165938,648062
2013/05/08,0,1276000,-59610,1216390
2013/05/09,0,751403,-39300,712103
2013/05/10,0,498000,-144000,354000
2013/05/13,0,356000,-128900,227100
2013/05/14,0,589000,-37200,551800
2013/05/15,0,767000,-284115,482885
2013/05/16,0,993000,-255000,738000
2013/05/17,0,361000,-41000,320000
2013/05/20,0,450000,-207000,243000
2013/05/21,0,255000,-79558,175442
2013/05/22,0,653000,-131000,522000
2013/05/23,0,745000,-616000,129000
2013/05/24,0,218000,-350000,-132000
2013/05/27,0,234772,-236000,-1228
2013/05/28,0,217000,-212000,5000
2013/05/29,0,276000,-89000,187000
2013/05/30,0,607000,-1069000,-462000
2013/05/31,0,1011000,-462927,548073
2013/06/03,0,782000,-723000,59000
2013/06/04,0,768000,-723000,45000
2013/06/05,0,610000,-399132,210868
2013/06/06,0,754872,-747000,7872
2013/06/07,0,1358000,-557111,800889
2013/06/10,0,276000,-260000,16000
2013/06/11,0,599000,-729000,-130000
2013/06/12,0,0,0,0
2013/06/13,0,1199000,-1277000,-78000
2013/06/14,0,1251000,-1789000,-538000
2013/06/17,0,427000,-345766,81234
2013/06/18,0,254000,-681000,-427000
2013/06/19,0,393000,-705762,-312762
2013/06/20,0,909000,-927591,-18591
2013/06/21,0,4617000,-4228346,388654
2013/06/24,0,331000,-1180000,-849000
2013/06/25,0,639000,-447000,192000
2013/06/26,0,916000,-619250,296750
2013/06/27,0,758000,-531000,227000
2013/06/28,0,1536000,-582000,954000
2013/07/01,0,684000,-309000,375000
2013/07/02,0,302000,-410109,-108109
2013/07/03,0,275000,-904500,-629500
2013/07/04,0,83000,-50000,33000
2013/07/05,0,713000,-73000,640000
2013/07/08,0,345000,-651000,-306000
2013/07/09,0,615000,-157000,458000
2013/07/10,0,493000,-99000,394000
2013/07/11,0,1399000,-174000,1225000
2013/07/12,0,717000,-66000,651000
2013/07/15,0,895000,-17000,878000
2013/07/16,0,1322000,-655000,667000
2013/07/17,0,1818000,-63000,1755000
2013/07/18,0,966000,-608000,358000
2013/07/19,0,1004592,-659000,345592
2013/07/22,0,627808,-484000,143808
2013/07/23,0,1283000,-34000,1249000
2013/07/24,0,602000,-139000,463000
2013/07/25,0,520000,-223000,297000
2013/07/26,0,472000,-264000,208000
2013/07/29,0,170000,-137000,33000
2013/07/30,0,615000,-154000,461000
2013/07/31,0,666000,-590924,75076
2013/08/01,0,157000,-140000,17000
2013/08/02,0,344755,-550000,-205245
2013/08/05,0,385000,-266000,119000
2013/08/06,0,203000,-673000,-470000
2013/08/07,0,491000,-371000,120000
2013/08/08,0,55520,-796000,-740480
2013/08/09,0,214000,-686000,-472000
2013/08/12,0,130000,-109000,21000
2013/08/13,0,211000,-112000,99000
2013/08/14,0,143107,-385000,-241893
2013/08/15,0,57000,-627706,-570706
2013/08/16,0,196557,-332000,-135443
2013/08/19,0,40000,-343000,-303000
2013/08/20,0,365745,-494745,-129000
2013/08/21,0,0,0,0
2013/08/22,0,890745,-1087000,-196255
2013/08/23,0,435000,-337000,98000
2013/08/26,0,50000,-115000,-65000
2013/08/27,0,127000,-188000,-61000
2013/08/28,0,71000,-168000,-97000
2013/08/29,0,523000,-311000,212000
2013/08/30,0,443000,-165160,277840
2013/09/02,0,351000,-122000,229000
2013/09/03,0,468000,-262000,206000
2013/09/04,0,641764,-75000,566764
2013/09/05,0,545764,-125000,420764
2013/09/06,0,440000,-689000,-249000
2013/09/09,0,669000,-607000,62000
2013/09/10,0,903000,-675000,228000
2013/09/11,0,1047000,-295662,751338
2013/09/12,0,665000,-78000,587000
2013/09/13,0,332000,-119000,213000
2013/09/16,0,711000,-82000,629000
2013/09/17,0,365000,-210000,155000
2013/09/18,0,284241,-41000,243241
2013/09/19,0,0,0,0
2013/09/20,0,0,0,0
2013/09/23,0,672000,-66000,606000
2013/09/24,0,379000,-379866,-866
2013/09/25,0,654000,-265000,389000
2013/09/26,0,265000,-254000,11000
2013/09/27,0,458000,-227463,230537
2013/09/30,0,554528,-593763,-39235
2013/10/01,0,3218000,-355930,2862070
2013/10/02,0,8134000,-1297983,6836017
2013/10/03,0,5786189,-1252723,4533466
2013/10/04,0,945000,-473000,472000
2013/10/07,0,3884273,-522000,3362273
2013/10/08,0,1435000,-450000,985000
2013/10/09,0,513000,-243000,270000
2013/10/10,0,0,0,0
2013/10/11,0,1117000,-239000,878000
2013/10/14,0,698000,-118155,579845
2013/10/15,0,2236000,-298000,1938000
2013/10/16,0,683000,-111000,572000
2013/10/17,0,746000,-265000,481000
2013/10/18,0,1515000,-530000,985000
2013/10/21,0,441000,-299000,142000
2013/10/22,0,2005521,-236000,1769521
2013/10/23,0,4926334,-371000,4555334
2013/10/24,0,4114000,-1221000,2893000
2013/10/25,0,641154,-987000,-345846
2013/10/28,0,1557000,-679000,878000
2013/10/29,0,1283000,-891000,392000
2013/10/30,0,1566000,-124967,1441033
2013/10/31,0,1556000,-2119000,-563000
2013/11/01,0,1901000,-1856000,45000
2013/11/04,0,1311000,-669000,642000
2013/11/05,0,458000,-555834,-97834
2013/11/06,0,969000,-967000,2000
2013/11/07,0,1491000,-832000,659000
2013/11/08,0,686000,-1236000,-550000
2013/11/11,0,1275000,-648000,627000
2013/11/12,0,2490000,-610000,1880000
2013/11/13,0,622230,-2692000,-2069770
2013/11/14,0,1150538,-909000,241538
2013/11/15,0,2777000,-937000,1840000
2013/11/18,0,1394000,-560000,834000
2013/11/19,0,670000,-281000,389000
2013/11/20,0,2879000,-923336,1955664
2013/11/21,0,2850857,-1352000,1498857
2013/11/22,0,326000,-748000,-422000
2013/11/25,0,249000,-333000,-84000
2013/11/26,0,1019172,-1015715,3457
2013/11/27,0,663273,-160000,503273
2013/11/28,0,620000,-227000,393000
2013/11/29,0,345000,-242000,103000
2013/12/02,0,169273,-408000,-238727
2013/12/03,0,319000,-490093,-171093
2013/12/04,0,891066,-211000,680066
2013/12/05,0,629000,-342000,287000
2013/12/06,0,756000,-279000,477000
2013/12/09,0,794000,-78000,716000
2013/12/10,0,841000,-699000,142000
2013/12/11,0,1001000,-747000,254000
2013/12/12,0,650000,-1110301,-460301
2013/12/13,0,2772000,-1459000,1313000
2013/12/16,0,1441000,-2072000,-631000
2013/12/17,0,1725000,-874000,851000
2013/12/18,0,1553000,-1043000,510000
2013/12/19,0,3056000,-129000,2927000
2013/12/20,0,1377000,-655654,721346
2013/12/23,0,393000,-638000,-245000
2013/12/24,0,248000,-361000,-113000
2013/12/25,0,164000,-231000,-67000
2013/12/26,0,150000,-138000,12000
2013/12/27,0,516000,-327000,189000
2013/12/30,0,489000,-124000,365000
2013/12/31,0,300000,-215000,85000
2014/01/02,0,123286,-396326,-273040
2014/01/03,0,492000,-643000,-151000
2014/01/06,0,571000,-2614470,-2043470
2014/01/07,0,784000,-314000,470000
2014/01/08,0,778000,-243000,535000
2014/01/09,0,721000,-1349000,-628000
2014/01/10,0,552000,-526836,25164
2014/01/13,0,448000,-70000,378000
2014/01/14,0,598000,-348000,250000
2014/01/15,0,447000,-1352000,-905000
2014/01/16,0,187000,-1578000,-1391000
2014/01/17,0,379273,-1015000,-635727
2014/01/20,0,838000,-874000,-36000
2014/01/21,0,242000,-1785762,-1543762
2014/01/22,0,651000,-1775000,-1124000
2014/01/23,0,1243000,-1127000,116000
2014/01/24,0,1021000,-1461000,-440000
2014/01/27,0,768000,-1584361,-816361
2014/02/05,0,1638000,-4274000,-2636000
2014/02/06,0,1010000,-1793000,-783000
2014/02/07,0,398000,-1038000,-640000
2014/02/10,0,104000,-785000,-681000
2014/02/11,0,371041,-488000,-116959
2014/02/12,0,208000,-944000,-736000
2014/02/13,0,190438,-416399,-225961
2014/02/14,0,804000,-330000,474000
2014/02/17,0,257000,-591000,-334000
2014/02/18,0,417000,-760000,-343000
2014/02/19,0,273000,-648000,-375000
2014/02/20,0,354061,-797000,-442939
2014/02/21,0,599000,-853000,-254000
2014/02/24,0,534000,-57000,477000
2014/02/25,0,294000,-166109,127891
2014/02/26,0,898000,-518000,380000
2014/02/27,0,850000,-240577,609423
2014/03/03,0,1773000,-2554000,-781000
2014/03/04,0,467000,-1020000,-553000
2014/03/05,0,313000,-640000,-327000
2014/03/06,0,590000,-1052423,-462423
2014/03/07,0,1187000,-610000,577000
2014/03/10,0,826000,-963000,-137000
2014/03/11,0,952000,-1012000,-60000
2014/03/12,0,390000,-886000,-496000
2014/03/13,0,610000,-482479,127521
2014/03/14,0,561000,-1370000,-809000
2014/03/17,0,177000,-398000,-221000
2014/03/18,0,694000,-1290000,-596000
2014/03/19,0,148000,-1514000,-1366000
2014/03/20,0,430000,-1633000,-1203000
2014/03/21,0,552000,-3014000,-2462000
2014/03/24,0,459000,-934131,-475131
2014/03/25,0,430000,-1493000,-1063000
2014/03/26,0,1527000,-1073000,454000
2014/03/27,0,293000,-1060000,-767000
2014/03/28,0,1056000,-699500,356500
2014/03/31,0,1326273,-620500,705773
2014/04/01,0,531000,-275214,255786
2014/04/02,0,747000,-242000,505000
2014/04/03,0,692000,-136000,556000
2014/04/07,0,963000,-640000,323000
2014/04/08,0,234000,-550000,-316000
2014/04/09,0,510000,-263000,247000
2014/04/10,0,694000,-629230,64770
2014/04/11,0,998000,-261000,737000
2014/04/14,0,411000,-119000,292000
2014/04/15,0,300000,-621000,-321000
2014/04/16,0,922000,-505000,417000
2014/04/17,0,316000,-423000,-107000
2014/04/18,0,112000,-128000,-16000
2014/04/21,0,74000,-71000,3000
2014/04/22,0,188000,-592000,-404000
2014/04/23,0,266000,-716644,-450644
2014/04/24,0,496000,-662646,-166646
2014/04/25,0,329000,-172000,157000
2014/04/28,0,445000,-328000,117000
2014/04/29,0,407000,-415000,-8000
2014/04/30,0,876000,-1814000,-938000
2014/05/02,0,946000,-696000,250000
2014/05/05,0,460000,-538000,-78000
2014/05/06,0,417000,-108000,309000
2014/05/07,0,854000,-938000,-84000
2014/05/08,0,505000,-823255,-318255
2014/05/09,0,54000,-908150,-854150
2014/05/12,0,301000,-736000,-435000
2014/05/13,0,675000,-563000,112000
2014/05/14,0,1739000,-1180000,559000
2014/05/15,0,874000,-745000,129000
2014/05/16,0,627000,-869725,-242725
2014/05/19,0,1238000,-596260,641740
2014/05/20,0,892845,-914846,-22001
2014/05/21,0,429000,-1257313,-828313
2014/05/22,0,1006000,-458000,548000
2014/05/23,0,1399000,-847108,551892
2014/05/26,0,1512000,-231000,1281000
2014/05/27,0,1110000,-1169000,-59000
2014/05/28,0,1201000,-1182604,18396
2014/05/29,0,1081000,-1066000,15000
2014/05/30,0,1782000,-2521893,-739893
2014/06/03,0,876000,-469744,406256
2014/06/04,0,1093000,-437000,656000
2014/06/05,0,560000,-575000,-15000
2014/06/06,0,514000,-378000,136000
2014/06/09,0,884000,-707000,177000
2014/06/10,0,791214,-1120800,-329586
2014/06/11,0,438000,-280800,157200
2014/06/12,0,1174000,-1120000,54000
2014/06/13,0,428000,-309000,119000
2014/06/16,0,317000,-190580,126420
2014/06/17,0,702000,-783000,-81000
2014/06/18,0,2035300,-1418643,616657
2014/06/19,0,687194,-283000,404194
2014/06/20,0,676000,-367000,309000
2014/06/23,0,639000,-206317,432683
2014/06/24,0,707000,-782861,-75861
2014/06/25,0,338000,-475420,-137420
2014/06/26,0,520032,-484000,36032
2014/06/27,0,354000,-504000,-150000
2014/06/30,0,393000,-634692,-241692
2014/07/01,0,359000,-270000,89000
2014/07/02,0,397000,-170632,226368
2014/07/03,0,301000,-359000,-58000
2014/07/04,0,176000,-231000,-55000
2014/07/07,0,597000,-188000,409000
2014/07/08,0,411000,-216003,194997
2014/07/09,0,245000,-178000,67000
2014/07/10,0,446000,-374702,71298
2014/07/11,0,596000,-625000,-29000
2014/07/14,0,312000,-211159,100841
2014/07/15,0,389262,-347000,42262
2014/07/16,0,364000,-766000,-402000
2014/07/17,0,686033,-257000,429033
2014/07/18,0,740000,-291000,449000
2014/07/21,0,439000,-686000,-247000
2014/07/22,0,979000,-284460,694540
2014/07/23,0,0,0,0
2014/07/24,0,328000,-531816,-203816
2014/07/25,0,345000,-336000,9000
2014/07/28,0,1004000,-654000,350000
2014/07/29,0,1191000,-719390,471610
2014/07/30,0,767000,-444000,323000
2014/07/31,0,876000,-864364,11636
2014/08/01,0,357000,-259000,98000
2014/08/04,0,323000,-753000,-430000
2014/08/05,0,1053000,-2096086,-1043086
2014/08/06,0,599000,-534000,65000
2014/08/07,0,233716,-762959,-529243
2014/08/08,0,795000,-921136,-126136
2014/08/11,0,281000,-234000,47000
2014/08/12,0,507000,-853754,-346754
2014/08/13,0,347000,-528000,-181000
2014/08/14,0,123000,-900000,-777000
2014/08/15,0,295000,-149000,146000
2014/08/18,0,50000,-161000,-111000
2014/08/19,0,499375,-88000,411375
2014/08/20,0,636375,-580000,56375
2014/08/21,0,255000,-658000,-403000
2014/08/22,0,1125075,-179000,946075
2014/08/25,0,208000,-114000,94000
2014/08/26,0,211515,-179000,32515
2014/08/27,0,1238000,-976000,262000
2014/08/28,0,478000,-717281,-239281
2014/08/29,0,870000,-864000,6000
2014/09/01,0,584000,-367000,217000
2014/09/02,0,626000,-646241,-20241
2014/09/03,0,631000,-575000,56000
2014/09/04,0,773000,-610168,162832
2014/09/05,0,305000,-246000,59000
2014/09/09,0,244224,-169224,75000
2014/09/10,0,106000,-687000,-581000
2014/09/11,0,64000,-210000,-146000
2014/09/12,0,224592,-617340,-392748
2014/09/15,0,137000,-305000,-168000
2014/09/16,0,78000,-383000,-305000
2014/09/17,0,559000,-735000,-176000
2014/09/18,0,186000,-206000,-20000
2014/09/19,0,297616,-372000,-74384
2014/09/22,0,47000,-1026263,-979263
2014/09/23,0,294000,-415000,-121000
2014/09/24,0,283000,-440000,-157000
2014/09/25,0,97000,-446000,-349000
2014/09/26,0,478000,-287000,191000
2014/09/29,0,859000,-1347113,-488113
2014/09/30,0,569000,-1005037,-436037
2014/10/01,0,497000,-853245,-356245
2014/10/02,0,227000,-1030853,-803853
2014/10/03,0,212000,-171000,41000
2014/10/06,0,157000,-731000,-574000
2014/10/07,0,54000,-672801,-618801
2014/10/08,0,519000,-921224,-402224
2014/10/09,0,281000,-989454,-708454
2014/10/13,0,191000,-352000,-161000
2014/10/14,0,325000,-715398,-390398
2014/10/15,0,502000,-863000,-361000
2014/10/16,0,204000,-482000,-278000
2014/10/17,0,347000,-1179000,-832000
2014/10/20,0,254000,-552000,-298000
2014/10/21,0,89000,-313658,-224658
2014/10/22,0,230000,-329000,-99000
2014/10/23,0,110000,-124000,-14000
2014/10/24,0,169000,-557016,-388016
2014/10/27,0,353000,-292000,61000
2014/10/28,0,1186000,-382000,804000
2014/10/29,0,577000,-498000,79000
2014/10/30,0,298000,-323425,-25425
2014/10/31,0,367000,-480167,-113167
2014/11/03,0,137000,-481000,-344000
2014/11/04,0,370026,-362000,8026
2014/11/05,0,168000,-225000,-57000
2014/11/06,0,174000,-151000,23000
2014/11/07,0,34000,-169495,-135495
2014/11/10,0,810000,-226500,583500
2014/11/11,0,399000,-477000,-78000
2014/11/12,0,138000,-703500,-565500
2014/11/13,0,78000,-386000,-308000
2014/11/14,0,161000,-655837,-494837
2014/11/17,0,130000,-410895,-280895
2014/11/18,0,377273,-328000,49273
2014/11/19,0,1130000,-604000,526000
2014/11/20,0,643000,-163745,479255
2014/11/21,0,342000,-211000,131000
2014/11/24,0,328000,-143000,185000
2014/11/25,0,874000,-1094611,-220611
2014/11/26,0,234000,-650000,-416000
2014/11/27,0,517000,-157000,360000
2014/11/28,0,1042000,-1078503,-36503
2014/12/01,0,197000,-598000,-401000
2014/12/02,0,296000,-669000,-373000
2014/12/03,0,685000,-526000,159000
2014/12/04,0,477000,-197000,280000
2014/12/05,0,326000,-218000,108000
2014/12/08,0,141000,-181000,-40000
2014/12/09,0,245000,-305000,-60000
2014/12/10,0,212000,-1035752,-823752
2014/12/11,0,205000,-1054000,-849000
2014/12/12,0,730273,-1183000,-452727
2014/12/15,0,97000,-724000,-627000
2014/12/16,0,753000,-954000,-201000
2014/12/17,0,558000,-1758262,-1200262
2014/12/18,0,515588,-1377000,-861412
2014/12/19,0,913368,-237000,676368
2014/12/22,0,510000,-121000,389000
2014/12/23,0,288000,-250000,38000
2014/12/24,0,478000,-102000,376000
2014/12/25,0,87000,-69000,18000
2014/12/26,0,111000,-91000,20000
2014/12/29,0,902000,-145000,757000
2014/12/30,0,230000,-232000,-2000
2014/12/31,0,116000,-129000,-13000
2015/01/01,0,0,0,0
2015/01/02,0,0,0,0
2015/01/05,0,68000,-449000,-381000
2015/01/06,0,371000,-1184000,-813000
2015/01/07,0,212000,-823000,-611000
2015/01/08,0,495000,-146000,349000
2015/01/09,0,141000,-330000,-189000
2015/01/12,0,278000,-130000,148000
2015/01/13,0,367000,-128000,239000
2015/01/14,0,409000,-587000,-178000
2015/01/15,0,166000,-607000,-441000
2015/01/16,0,353000,-646261,-293261
2015/01/19,0,131000,-207000,-76000
2015/01/20,0,383000,-92000,291000
2015/01/21,0,485000,-71000,414000
2015/01/22,0,540850,-167000,373850
2015/01/23,0,536000,-87000,449000
2015/01/26,0,365000,-515000,-150000
2015/01/27,0,648000,-63000,585000
2015/01/28,0,348000,-202000,146000
2015/01/29,0,352000,-198000,154000
2015/01/30,0,370000,-540000,-170000
2015/02/02,0,198000,-260000,-62000
2015/02/03,0,311000,-182000,129000
2015/02/04,0,534000,-593000,-59000
2015/02/05,0,323000,-531000,-208000
2015/02/06,0,402000,-193000,209000
2015/02/09,0,126000,-423000,-297000
2015/02/10,0,1101000,-947000,154000
2015/02/11,0,228000,-516046,-288046
2015/02/12,0,375000,-358000,17000
2015/02/13,0,300000,-738000,-438000
2015/02/16,0,0,0,0
2015/02/17,0,0,0,0
2015/02/18,0,0,0,0
2015/02/19,0,0,0,0
2015/02/20,0,0,0,0
2015/02/23,0,0,0,0
2015/02/24,0,906000,-142432,763568
2015/02/25,0,340000,-490000,-150000
2015/02/26,0,780000,-1882901,-1102901
2015/02/27,0,0,0,0
2015/03/02,0,374000,-1132000,-758000
2015/03/03,0,454894,-1145000,-690106
2015/03/04,0,502000,-1119000,-617000
2015/03/05,0,344000,-327000,17000
2015/03/06,0,351000,-753000,-402000
2015/03/09,0,213000,-643000,-430000
2015/03/10,0,125895,-636000,-510105
2015/03/11,0,151000,-778000,-627000
2015/03/12,0,303000,-722000,-419000
2015/03/13,0,215000,-537385,-322385
2015/03/16,0,240000,-470294,-230294
2015/03/17,0,361000,-942000,-581000
2015/03/18,0,516000,-270000,246000
2015/03/19,0,338000,-141000,197000
2015/03/20,0,608000,-864000,-256000
2015/03/23,0,25000,-264000,-239000
2015/03/24,0,315000,-174000,141000
2015/03/25,0,69000,-197000,-128000
2015/03/26,0,686000,-307000,379000
2015/03/27,0,287000,-288000,-1000
2015/03/30,0,417000,-667000,-250000
2015/03/31,0,554000,-899000,-345000
2015/04/01,0,157000,-322000,-165000
2015/04/02,0,475273,-96000,379273
2015/04/03,0,0,0,0
2015/04/06,0,0,0,0
2015/04/07,0,293000,-38000,255000
2015/04/08,0,397000,-957000,-560000
2015/04/09,0,279000,-185000,94000
2015/04/10,0,541000,-235000,306000
2015/04/13,0,193000,-181000,12000
2015/04/14,0,275000,-359000,-84000
2015/04/15,0,351000,-1256000,-905000
2015/04/16,0,599000,-495000,104000
2015/04/17,0,312894,-314462,-1568
2015/04/20,0,368000,-418341,-50341
2015/04/21,0,110000,-337000,-227000
2015/04/22,0,488000,-384588,103412
2015/04/23,0,1449000,-415258,1033742
2015/04/24,0,1379000,-347000,1032000
2015/04/27,0,1081000,-909000,172000
2015/04/28,0,877000,-517000,360000
2015/04/29,0,1071000,-464000,607000
2015/04/30,0,2339000,-853000,1486000
2015/05/01,0,0,0,0
2015/05/04,0,1501000,-702000,799000
2015/05/05,0,1110000,-789000,321000
2015/05/06,0,1252000,-640000,612000
2015/05/07,0,1523000,-405000,1118000
2015/05/08,0,784000,-446000,338000
2015/05/11,0,990000,-286000,704000
2015/05/12,0,542828,-258000,284828
2015/05/13,0,598000,-570000,28000
2015/05/14,0,1216080,-661000,555080
2015/05/15,0,216000,-771184,-555184
2015/05/18,0,664000,-380000,284000
2015/05/19,0,712000,-487000,225000
2015/05/20,0,327617,-577000,-249383
2015/05/21,0,284000,-1194000,-910000
2015/05/22,0,812000,-242000,570000
2015/05/25,0,207000,-551000,-344000
2015/05/26,0,529000,-292000,237000
2015/05/27,0,806000,-408000,398000
2015/05/28,0,505000,-875894,-370894
2015/05/29,0,1355000,-2140856,-785856
2015/06/01,0,122000,-456000,-334000
2015/06/02,0,322000,-637000,-315000
2015/06/03,0,207000,-835000,-628000
2015/06/04,0,320000,-1399253,-1079253
2015/06/05,0,389000,-1427000,-1038000
2015/06/08,0,875000,-987000,-112000
2015/06/09,0,53000,-612521,-559521
2015/06/10,0,478000,-983000,-505000
2015/06/11,0,271000,-619000,-348000
2015/06/12,0,213000,-1026000,-813000
2015/06/15,0,259000,-604000,-345000
2015/06/16,0,134000,-680000,-546000
2015/06/17,0,901000,-1715000,-814000
2015/06/18,0,660000,-1195000,-535000
2015/06/19,0,0,0,0
2015/06/22,0,624000,-473966,150034
2015/06/23,0,447000,-847000,-400000
2015/06/24,0,512000,-340000,172000
2015/06/25,0,1625167,-1606000,19167
2015/06/26,0,805000,-643000,162000
2015/06/29,0,359000,-822000,-463000
2015/06/30,0,669000,-788615,-119615
2015/07/01,0,252000,-259000,-7000
2015/07/02,0,221000,-497529,-276529
2015/07/03,0,226000,-513000,-287000
2015/07/06,0,342000,-356667,-14667
2015/07/07,0,358000,-282000,76000
2015/07/08,0,556000,-1352000,-796000
2015/07/09,0,199000,-918000,-719000
2015/07/10,0,0,0,0
2015/07/13,0,400000,-1100000,-700000
2015/07/14,0,584000,-821000,-237000
2015/07/15,0,871000,-865357,5643
2015/07/16,0,653000,-406000,247000
2015/07/17,0,385000,-624000,-239000
2015/07/20,0,382000,-307000,75000
2015/07/21,0,273000,-270000,3000
2015/07/22,0,561000,-661000,-100000
2015/07/23,0,258000,-504000,-246000
2015/07/24,0,70273,-438000,-367727
2015/07/27,0,163000,-477184,-314184
2015/07/28,0,703000,-1229000,-526000
2015/07/29,0,729000,-760000,-31000
2015/07/30,0,551730,-562000,-10270
2015/07/31,0,770520,-1315000,-544480
2015/08/03,0,445000,-515000,-70000
2015/08/04,0,406000,-343000,63000
2015/08/05,0,329000,-140000,189000
2015/08/06,0,321000,-310000,11000
2015/08/07,0,288000,-391525,-103525
2015/08/10,0,306000,-333000,-27000
2015/08/11,0,428000,-1036000,-608000
2015/08/12,0,449000,-236000,213000
2015/08/13,0,1110000,-699113,410887
2015/08/14,0,389000,-397000,-8000
2015/08/17,0,191551,-838000,-646449
2015/08/18,0,255600,-309000,-53400
2015/08/19,0,530000,-666000,-136000
2015/08/20,0,268000,-957000,-689000
2015/08/21,0,387000,-878002,-491002
2015/08/24,0,535000,-1473000,-938000
2015/08/25,0,424000,-899469,-475469
2015/08/26,0,948000,-1213204,-265204
2015/08/27,0,765000,-1480000,-715000
2015/08/28,0,537000,-797080,-260080
2015/08/31,0,1072000,-966000,106000
2015/09/01,0,529000,-990000,-461000
2015/09/02,0,550000,-598894,-48894
2015/09/03,0,500000,-438000,62000
2015/09/04,0,235894,-661530,-425636
2015/09/07,0,107000,-257000,-150000
2015/09/08,0,43000,-306000,-263000
2015/09/09,0,1536136,-354000,1182136
2015/09/10,0,685998,-481471,204527
2015/09/11,0,96000,-454000,-358000
2015/09/14,0,141000,-398000,-257000
2015/09/15,0,503000,-170000,333000
2015/09/16,0,388000,-267198,120802
2015/09/17,0,871000,-807373,63627
2015/09/18,0,770780,-872162,-101382
2015/09/21,0,281000,-805136,-524136
2015/09/22,0,441000,-117284,323716
2015/09/23,0,252000,-1745526,-1493526
2015/09/24,0,556000,-834000,-278000
2015/09/25,0,228740,-430000,-201260
2015/09/28,0,0,0,0
2015/09/29,0,0,0,0
2015/09/30,0,1418183,-1171000,247183
2015/10/01,0,898015,-180000,718015
2015/10/02,0,916000,-429000,487000
2015/10/05,0,723080,-642000,81080
2015/10/06,0,817000,-800509,16491
2015/10/07,0,1227918,-566000,661918
2015/10/08,0,570000,-592000,-22000
2015/10/09,0,0,0,0
2015/10/12,0,917000,-621730,295270
2015/10/13,0,1022273,-156784,865489
2015/10/14,0,397000,-135000,262000
2015/10/15,0,839000,-221000,618000
2015/10/16,0,998000,-255000,743000
2015/10/19,0,667000,-100000,567000
2015/10/20,0,1035000,-263000,772000
2015/10/21,0,521000,-132000,389000
2015/10/22,0,513000,-336998,176002
2015/10/23,0,1487000,-48000,1439000
2015/10/26,0,721000,-212000,509000
2015/10/27,0,501000,-542000,-41000
2015/10/28,0,393000,-407932,-14932
2015/10/29,0,422000,-554971,-132971
2015/10/30,0,530000,-481183,48817
2015/11/02,0,682000,-219000,463000
2015/11/03,0,1251000,-212718,1038282
2015/11/04,0,3214000,-520599,2693401
2015/11/05,0,538000,-372000,166000
2015/11/06,0,490000,-1147000,-657000
2015/11/09,0,388000,-370000,18000
2015/11/10,0,531000,-827000,-296000
2015/11/11,0,417000,-735000,-318000
2015/11/12,0,234000,-336000,-102000
2015/11/13,0,298000,-1082000,-784000
2015/11/16,0,377000,-710000,-333000
2015/11/17,0,509000,-211000,298000
2015/11/18,0,308000,-753000,-445000
2015/11/19,0,735000,-346000,389000
2015/11/20,0,254000,-633000,-379000
2015/11/23,0,374436,-342000,32436
2015/11/24,0,312000,-376785,-64785
2015/11/25,0,552000,-506000,46000
2015/11/26,0,672000,-165000,507000
2015/11/27,0,217000,-746000,-529000
2015/11/30,0,1982000,-3115483,-1133483
2015/12/01,0,786000,-500894,285106
2015/12/02,0,908000,-1088000,-180000
2015/12/03,0,147000,-416000,-269000
2015/12/04,0,303000,-1088626,-785626
2015/12/07,0,432000,-218000,214000
2015/12/08,0,299000,-822000,-523000
2015/12/09,0,405000,-915000,-510000
2015/12/10,0,324000,-1277502,-953502
2015/12/11,0,824136,-1522352,-698216
2015/12/14,0,65000,-220126,-155126
2015/12/15,0,707000,-432708,274292
2015/12/16,0,758436,-844000,-85564
2015/12/17,0,761000,-311000,450000
2015/12/18,0,1503000,-842415,660585
2015/12/21,0,127439,-706000,-578561
2015/12/22,0,386489,-661000,-274511
2015/12/23,0,332436,-112000,220436
2015/12/24,0,279000,-51000,228000
2015/12/25,0,54000,-66000,-12000
2015/12/28,0,594000,-68000,526000
2015/12/29,0,195000,-110000,85000
2015/12/30,0,39000,-268342,-229342
2015/12/31,0,200000,-124000,76000
2016/01/01,0,0,0,0
2016/01/04,0,143160,-879000,-735840
2016/01/05,0,383003,-373000,10003
2016/01/06,0,814045,-519000,295045
2016/01/07,0,488226,-949543,-461317
2016/01/08,0,1217000,-1242798,-25798
2016/01/11,0,118000,-1694000,-1576000
2016/01/12,0,376000,-805000,-429000
2016/01/13,0,469000,-507648,-38648
2016/01/14,0,221273,-385000,-163727
2016/01/15,0,512000,-862593,-350593
2016/01/18,0,288000,-513000,-225000
2016/01/19,0,588000,-233315,354685
2016/01/20,0,567436,-620000,-52564
2016/01/21,0,215000,-482000,-267000
2016/01/22,0,412000,-162000,250000
2016/01/25,0,634000,-204000,430000
2016/01/26,0,376436,-377975,-1539
2016/01/27,0,773000,-247341,525659
2016/01/28,0,620000,-576176,43824
2016/01/29,0,1329546,-541000,788546
2016/02/01,0,395436,-283000,112436
2016/02/02,0,727391,-571780,155611
2016/02/03,0,316000,-642870,-326870
2016/02/04,0,0,0,0
2016/02/05,0,0,0,0
2016/02/08,0,0,0,0
2016/02/09,0,0,0,0
2016/02/10,0,0,0,0
2016/02/11,0,0,0,0
2016/02/12,0,0,0,0
2016/02/15,0,735273,-405130,330143
2016/02/16,0,592000,-738493,-146493
2016/02/17,0,186546,-87000,99546
2016/02/18,0,775000,-273406,501594
2016/02/19,0,548000,-273064,274936
2016/02/22,0,318000,-487000,-169000
2016/02/23,0,202780,-120000,82780
2016/02/24,0,295000,-520000,-225000
2016/02/25,0,675716,-239000,436716
2016/02/26,0,1026335,-879819,146516
2016/02/29,0,0,0,0
2016/03/01,0,449008,-610000,-160992
2016/03/02,0,362000,-275000,87000
2016/03/03,0,1530323,-361000,1169323
2016/03/04,0,540000,-652000,-112000
2016/03/07,0,474000,-532000,-58000
2016/03/08,0,388000,-185000,203000
2016/03/09,0,428000,-360000,68000
2016/03/10,0,633000,-119000,514000
2016/03/11,0,1017000,-100000,917000
2016/03/14,0,231000,-74000,157000
2016/03/15,0,695000,-231000,464000
2016/03/16,0,548000,-288000,260000
2016/03/17,0,997642,-402000,595642
2016/03/18,0,1776000,-742931,1033069
2016/03/21,0,548000,-695000,-147000
2016/03/22,0,926094,-1055094,-129000
2016/03/23,0,434000,-530000,-96000
2016/03/24,0,420000,-215000,205000
2016/03/25,0,81000,-259000,-178000
2016/03/28,0,289000,-272000,17000
2016/03/29,0,144000,-314000,-170000
2016/03/30,0,1013900,-398000,615900
2016/03/31,0,769000,-923000,-154000
2016/04/01,0,275000,-578000,-303000
2016/04/04,0,0,0,0
2016/04/05,0,0,0,0
2016/04/06,0,513320,-1044000,-530680
2016/04/07,0,122000,-481000,-359000
2016/04/08,0,431000,-1235000,-804000
2016/04/11,0,592000,-420749,171251
2016/04/12,0,218000,-716000,-498000
2016/04/13,0,1027480,-485000,542480
2016/04/14,0,701000,-448000,253000
2016/04/15,0,1344000,-442000,902000
2016/04/18,0,445000,-461000,-16000
2016/04/19,0,240000,-1068000,-828000
2016/04/20,0,887201,-1287000,-399799
2016/04/21,0,635000,-418000,217000
2016/04/22,0,404320,-637000,-232680
2016/04/25,0,468000,-313000,155000
2016/04/26,0,387166,-331000,56166
2016/04/27,0,633000,-1162000,-529000
2016/04/28,0,446233,-1031335,-585102
2016/04/29,0,366000,-621000,-255000
2016/05/02,0,0,0,0
2016/05/03,0,308000,-953000,-645000
2016/05/04,0,1135000,-1883616,-748616
2016/05/05,0,614000,-1259000,-645000
2016/05/06,0,986640,-1683000,-696360
2016/05/09,0,205000,-659000,-454000
2016/05/10,0,271320,-609000,-337680
2016/05/11,0,1217900,-1084000,133900
2016/05/12,0,291000,-519000,-228000
2016/05/13,0,286000,-1488000,-1202000
2016/05/16,0,377100,-653000,-275900
2016/05/17,0,339000,-702000,-363000
2016/05/18,0,1178280,-806000,372280
2016/05/19,0,583000,-1561000,-978000
2016/05/20,0,1005409,-377000,628409
2016/05/23,0,1051800,-499000,552800
2016/05/24,0,444320,-335000,109320
2016/05/25,0,744320,-213000,531320
2016/05/26,0,313000,-583000,-270000
2016/05/27,0,574000,-152000,422000
2016/05/30,0,803000,-85000,718000
2016/05/31,0,1939501,-1193164,746337
2016/06/01,0,418900,-206000,212900
2016/06/02,0,862800,-154100,708700
2016/06/03,0,631000,-289000,342000
2016/06/06,0,653000,-543094,109906
2016/06/07,0,1918000,-172000,1746000
2016/06/08,0,1208000,-159000,1049000
2016/06/09,0,0,0,0
2016/06/10,0,0,0,0
2016/06/13,0,432000,-506000,-74000
2016/06/14,0,394000,-144000,250000
2016/06/15,0,555000,-208000,347000
2016/06/16,0,487000,-339000,148000
2016/06/17,0,632000,-711000,-79000
2016/06/20,0,1108000,-43000,1065000
2016/06/21,0,921350,-124000,797350
2016/06/22,0,512144,-166000,346144
2016/06/23,0,244000,-130000,114000
2016/06/24,0,406000,-1463000,-1057000
2016/06/27,0,123000,-112000,11000
2016/06/28,0,298000,-161000,137000
2016/06/29,0,460900,-222000,238900
2016/06/30,0,684000,-455000,229000
2016/07/01,0,916000,-447000,469000
2016/07/04,0,389000,-351000,38000
2016/07/05,0,228000,-154000,74000
2016/07/06,0,153000,-736000,-583000
2016/07/07,0,118000,-252000,-134000
2016/07/08,0,0,0,0
2016/07/11,0,1222450,-126000,1096450
2016/07/12,0,953000,-410303,542697
2016/07/13,0,748000,-344000,404000
2016/07/14,0,656800,-175000,481800
2016/07/15,0,1043000,-344000,699000
2016/07/18,0,939000,-597000,342000
2016/07/19,0,2050000,-362000,1688000
2016/07/20,0,1404000,-389000,1015000
2016/07/21,0,1179000,-842000,337000
2016/07/22,0,910000,-326000,584000
2016/07/25,0,522000,-151025,370975
2016/07/26,0,977000,-69000,908000
2016/07/27,0,388000,-248000,140000
2016/07/28,0,731000,-362000,369000
2016/07/29,0,367000,-421000,-54000
2016/08/01,0,1054784,-282000,772784
2016/08/02,0,599723,-170100,429623
2016/08/03,0,234726,-160000,74726
2016/08/04,0,188000,-260000,-72000
2016/08/05,0,710711,-324000,386711
2016/08/08,0,383229,-554000,-170771
2016/08/09,0,446000,-361000,85000
2016/08/10,0,777000,-767000,10000
2016/08/11,0,449000,-259000,190000
2016/08/12,0,646000,-89000,557000
2016/08/15,0,422000,-200000,222000
2016/08/16,0,460000,-429000,31000
2016/08/17,0,345621,-258000,87621
2016/08/18,0,320000,-371000,-51000
2016/08/19,0,312790,-557000,-244210
2016/08/22,0,115000,-376500,-261500
2016/08/23,0,733000,-376500,356500
2016/08/24,0,254000,-241500,12500
2016/08/25,0,1420000,-499500,920500
2016/08/26,0,289000,-287500,1500
2016/08/29,0,499000,-449500,49500
2016/08/30,0,444000,-253500,190500
2016/08/31,0,1361261,-1636500,-275239
2016/09/01,0,154980,-1109500,-954520
2016/09/02,0,180000,-255500,-75500
2016/09/05,0,391000,-605000,-214000
2016/09/06,0,768000,-115000,653000
2016/09/07,0,610000,-116000,494000
2016/09/08,0,473000,-386000,87000
2016/09/09,0,149000,-481000,-332000
2016/09/12,0,132000,-1016000,-884000
2016/09/13,0,177000,-837000,-660000
2016/09/14,0,533056,-1600493,-1067437
2016/09/15,0,0,0,0
2016/09/16,0,0,0,0
2016/09/19,0,498000,-155000,343000
2016/09/20,0,284023,-343000,-58977
2016/09/21,0,396000,-94000,302000
2016/09/22,0,451000,-299000,152000
2016/09/23,0,471000,-92874,378126
2016/09/26,0,124000,-220000,-96000
2016/09/27,0,0,0,0
2016/09/28,0,0,0,0
2016/09/29,0,981000,-391546,589454
2016/09/30,0,470000,-1075784,-605784
2016/10/03,0,110188,-229000,-118812
2016/10/04,0,253560,-263116,-9556
2016/10/05,0,78000,-73000,5000
2016/10/06,0,80000,-235000,-155000
2016/10/07,0,151000,-204000,-53000
2016/10/10,0,0,0,0
2016/10/11,0,544000,-223000,321000
2016/10/12,0,714000,-598264,115736
2016/10/13,0,285000,-1279000,-994000
2016/10/14,0,77000,-366000,-289000
2016/10/17,0,82000,-658600,-576600
2016/10/18,0,267546,-696000,-428454
2016/10/19,0,523273,-126000,397273
2016/10/20,0,245000,-530222,-285222
2016/10/21,0,32000,-336000,-304000
2016/10/24,0,196000,-225000,-29000
2016/10/25,0,108000,-63000,45000
2016/10/26,0,363000,-368000,-5000
2016/10/27,0,128307,-728000,-599693
2016/10/28,0,676000,-1013000,-337000
2016/10/31,0,243508,-1572000,-1328492
2016/11/01,0,281000,-576000,-295000
2016/11/02,0,109300,-916000,-806700
2016/11/03,0,226000,-861000,-635000
2016/11/04,0,90000,-377000,-287000
2016/11/07,0,101000,-906000,-805000
2016/11/08,0,265300,-538000,-272700
2016/11/09,0,495000,-1213000,-718000
2016/11/10,0,160000,-765000,-605000
2016/11/11,0,135000,-1576376,-1441376
2016/11/14,0,108000,-1134000,-1026000
2016/11/15,0,255000,-894000,-639000
2016/11/16,0,524000,-1067000,-543000
2016/11/17,0,1288000,-1389000,-101000
2016/11/18,0,361000,-1575000,-1214000
2016/11/21,0,843000,-429561,413439
2016/11/22,0,595746,-405000,190746
2016/11/23,0,270000,-115436,154564
2016/11/24,0,53000,-191000,-138000
2016/11/25,0,156000,-102000,54000
2016/11/28,0,240000,-194000,46000
2016/11/29,0,347000,-423244,-76244
2016/11/30,0,3828294,-2691680,1136614
2016/12/01,0,604667,-926000,-321333
2016/12/02,0,364000,-493000,-129000
2016/12/05,0,305000,-584292,-279292
2016/12/06,0,764422,-270000,494422
2016/12/07,0,319000,-101000,218000
2016/12/08,0,1084000,-208000,876000
2016/12/09,0,548484,-198095,350389
2016/12/12,0,198786,-54000,144786
2016/12/13,0,1111301,-582719,528582
2016/12/14,0,346870,-203000,143870
2016/12/15,0,472000,-597000,-125000
2016/12/16,0,606000,-746000,-140000
2016/12/19,0,452233,-172000,280233
2016/12/20,0,500878,-295000,205878
2016/12/21,0,499000,-305000,194000
2016/12/22,0,89776,-446000,-356224
2016/12/23,0,214000,-573000,-359000
2016/12/26,0,82000,-95000,-13000
2016/12/27,0,110000,-98000,12000
2016/12/28,0,226000,-186000,40000
2016/12/29,0,199606,-385549,-185943
2016/12/30,0,592000,-61000,531000
2017/01/02,0,0,0,0
2017/01/03,0,125000,-190100,-65100
2017/01/04,0,284000,-308000,-24000
2017/01/05,0,207700,-358000,-150300
2017/01/06,0,462000,-141000,321000
2017/01/09,0,195458,-158000,37458
2017/01/10,0,168000,-103000,65000
2017/01/11,0,465200,-117000,348200
2017/01/12,0,557000,-165000,392000
2017/01/13,0,390900,-258000,132900
2017/01/16,0,409000,-603000,-194000
2017/01/17,0,415860,-572000,-156140
2017/01/18,0,529955,-640341,-110386
2017/01/19,0,350000,-693375,-343375
2017/01/20,0,181600,-675000,-493400
2017/01/23,0,660000,-762017,-102017
2017/01/24,0,587448,-1034000,-446552
2017/01/25,0,0,0,0
2017/01/26,0,0,0,0
2017/01/27,0,0,0,0
2017/01/30,0,0,0,0
2017/01/31,0,0,0,0
2017/02/01,0,0,0,0
2017/02/02,0,865240,-2233000,-1367760
2017/02/03,0,465000,-768300,-303300
2017/02/06,0,468462,-1005000,-536538
2017/02/07,0,172187,-506000,-333813
2017/02/08,0,218748,-1100000,-881252
2017/02/09,0,181000,-1163036,-982036
2017/02/10,0,630000,-182000,448000
2017/02/13,0,201600,-167000,34600
2017/02/14,0,453000,-373548,79452
2017/02/15,0,1095000,-367000,728000
2017/02/16,0,1118000,-481000,637000
2017/02/17,0,269000,-1112000,-843000
2017/02/20,0,387000,-125000,262000
2017/02/21,0,140000,-237000,-97000
2017/02/22,0,331000,-283000,48000
2017/02/23,0,262000,-199000,63000
2017/02/24,0,626000,-875966,-249966
2017/02/27,0,0,0,0
2017/02/28,0,0,0,0
2017/03/01,0,132500,-441967,-309467
2017/03/02,0,295568,-376400,-80832
2017/03/03,0,413024,-582879,-169855
2017/03/06,0,481326,-277904,203422
2017/03/07,0,498000,-634200,-136200
2017/03/08,0,136000,-413700,-277700
2017/03/09,0,308000,-1196000,-888000
2017/03/10,0,138000,-537000,-399000
2017/03/13,0,109400,-96000,13400
2017/03/14,0,253100,-641900,-388800
2017/03/15,0,157000,-569700,-412700
2017/03/16,0,694236,-683000,11236
2017/03/17,0,858000,-433942,424058
2017/03/20,0,122000,-107000,15000
2017/03/21,0,870200,-401590,468610
2017/03/22,0,428537,-218978,209559
2017/03/23,0,398000,-69000,329000
2017/03/24,0,810007,-217500,592507
2017/03/27,0,824000,-113000,711000
2017/03/28,0,1321000,-584000,737000
2017/03/29,0,595810,-335275,260535
2017/03/30,0,1812000,-737000,1075000
2017/03/31,0,601000,-655000,-54000
2017/04/03,0,0,0,0
2017/04/04,0,0,0,0
2017/04/05,0,1921509,-377000,1544509
2017/04/06,0,554000,-632000,-78000
2017/04/07,0,634650,-480000,154650
2017/04/10,0,757000,-413000,344000
2017/04/11,0,591000,-514000,77000
2017/04/12,0,956534,-450000,506534
2017/04/13,0,548000,-253000,295000
2017/04/14,0,106000,-108000,-2000
2017/04/17,0,104000,-56000,48000
2017/04/18,0,684000,-360500,323500
2017/04/19,0,595000,-734400,-139400
2017/04/20,0,343000,-513000,-170000
2017/04/21,0,179930,-207735,-27805
2017/04/24,0,262000,-129000,133000
2017/04/25,0,774000,-439000,335000
2017/04/26,0,1076000,-309000,767000
2017/04/27,0,641190,-284000,357190
2017/04/28,0,727850,-389000,338850
2017/05/01,0,0,0,0
2017/05/02,0,630000,-229000,401000
2017/05/03,0,419000,-128000,291000
2017/05/04,0,307000,-68000,239000
2017/05/05,0,122200,-154000,-31800
2017/05/08,0,187000,-331962,-144962
2017/05/09,0,320230,-528000,-207770
2017/05/10,0,530200,-245000,285200
2017/05/11,0,393600,-169000,224600
2017/05/12,0,333332,-331000,2332
2017/05/15,0,187703,-424000,-236297
2017/05/16,0,313000,-518061,-205061
2017/05/17,0,217000,-477000,-260000
2017/05/18,0,204200,-375000,-170800
2017/05/19,0,192742,-535528,-342786
2017/05/22,0,215830,-681957,-466127
2017/05/23,0,480000,-858440,-378440
2017/05/24,0,468736,-684000,-215264
2017/05/25,0,422535,-492860,-70325
2017/05/26,0,0,0,0
2017/05/29,0,0,0,0
2017/05/30,0,0,0,0
2017/05/31,0,5277994,-5218119,59875
2017/06/01,0,342000,-884681,-542681
2017/06/02,0,250788,-554906,-304118
2017/06/05,0,487756,-524219,-36463
2017/06/06,0,403000,-236000,167000
2017/06/07,0,541384,-489491,51893
2017/06/08,0,238000,-466000,-228000
2017/06/09,0,151000,-675831,-524831
2017/06/12,0,108000,-879000,-771000
2017/06/13,0,118000,-320000,-202000
2017/06/14,0,140000,-1131700,-991700
2017/06/15,0,254000,-1124908,-870908
2017/06/16,0,418000,-651000,-233000
2017/06/19,0,192600,-395000,-202400
2017/06/20,0,216000,-249000,-33000
2017/06/21,0,1164265,-1209048,-44783
2017/06/22,0,417696,-1662115,-1244419
2017/06/23,0,293000,-1050189,-757189
2017/06/26,0,703000,-955500,-252500
2017/06/27,0,336000,-1121000,-785000
2017/06/28,0,462390,-815000,-352610
2017/06/29,0,261000,-391735,-130735
2017/06/30,0,1166000,-1297000,-131000
2017/07/03,0,383000,-309000,74000
2017/07/04,0,260000,-701227,-441227
2017/07/05,0,275000,-528130,-253130
2017/07/06,0,97000,-1121420,-1024420
2017/07/07,0,105860,-862704,-756844
2017/07/10,0,154000,-776043,-622043
2017/07/11,0,254513,-609670,-355157
2017/07/12,0,331000,-676506,-345506
2017/07/13,0,224000,-1067413,-843413
2017/07/14,0,122000,-591878,-469878
2017/07/17,0,239000,-345000,-106000
2017/07/18,0,301736,-956482,-654746
2017/07/19,0,330376,-909997,-579621
2017/07/20,0,394300,-869000,-474700
2017/07/21,0,513000,-173925,339075
2017/07/24,0,316000,-528387,-212387
2017/07/25,0,207000,-257600,-50600
2017/07/26,0,128000,-417992,-289992
2017/07/27,0,842000,-315000,527000
2017/07/28,0,197000,-609300,-412300
2017/07/31,0,361000,-463000,-102000
2017/08/01,0,120000,-267000,-147000
2017/08/02,0,197550,-183000,14550
2017/08/03,0,213000,-418400,-205400
2017/08/04,0,116000,-366000,-250000
2017/08/07,0,221000,-50000,171000
2017/08/08,0,204000,-248000,-44000
2017/08/09,0,205900,-284000,-78100
2017/08/10,0,231902,-370000,-138098
2017/08/11,0,165000,-437000,-272000
2017/08/14,0,324000,-275000,49000
2017/08/15,0,162000,-232000,-70000
2017/08/16,0,536000,-758000,-222000
2017/08/17,0,316000,-148000,168000
2017/08/18,0,195000,-294000,-99000
