Date,Open,Buy,Sell,Total
2007/01/02,0,0,-200000,-200000
2007/01/03,0,300000,-194000,106000
2007/01/04,0,0,-670000,-670000
2007/01/05,0,0,-1427452,-1427452
2007/01/08,0,0,0,0
2007/01/09,0,337000,-110000,227000
2007/01/10,0,11000,0,11000
2007/01/11,0,0,-517000,-517000
2007/01/12,0,0,-592000,-592000
2007/01/15,0,0,-40000,-40000
2007/01/16,0,2000,0,2000
2007/01/17,0,1000,0,1000
2007/01/18,0,90000,0,90000
2007/01/19,0,994000,0,994000
2007/01/22,0,59000,0,59000
2007/01/23,0,0,0,0
2007/01/24,0,0,-104000,-104000
2007/01/25,0,0,0,0
2007/01/26,0,0,-189000,-189000
2007/01/29,0,0,-1000,-1000
2007/01/30,0,20000,-121000,-101000
2007/01/31,0,0,0,0
2007/02/01,0,0,0,0
2007/02/02,0,0,0,0
2007/02/05,0,1000,-1021000,-1020000
2007/02/06,0,30000,0,30000
2007/02/07,0,0,0,0
2007/02/08,0,2000,0,2000
2007/02/09,0,0,0,0
2007/02/12,0,0,0,0
2007/02/13,0,0,0,0
2007/02/14,0,0,0,0
2007/02/15,0,0,0,0
2007/02/16,0,0,0,0
2007/02/19,0,0,0,0
2007/02/20,0,0,0,0
2007/02/21,0,0,0,0
2007/02/22,0,0,0,0
2007/02/23,0,0,0,0
2007/02/26,0,0,0,0
2007/02/27,0,400000,0,400000
2007/02/28,0,0,0,0
2007/03/01,0,0,0,0
2007/03/02,0,0,0,0
2007/03/05,0,0,-7000,-7000
2007/03/06,0,0,0,0
2007/03/07,0,0,0,0
2007/03/08,0,0,0,0
2007/03/09,0,0,0,0
2007/03/12,0,0,0,0
2007/03/13,0,0,0,0
2007/03/14,0,0,0,0
2007/03/15,0,0,0,0
2007/03/16,0,0,0,0
2007/03/19,0,0,0,0
2007/03/20,0,0,-14000,-14000
2007/03/21,0,0,0,0
2007/03/22,0,0,0,0
2007/03/23,0,0,0,0
2007/03/26,0,1000,0,1000
2007/03/27,0,0,0,0
2007/03/28,0,0,0,0
2007/03/29,0,0,0,0
2007/03/30,0,0,-1000,-1000
2007/04/02,0,0,0,0
2007/04/03,0,0,0,0
2007/04/04,0,0,0,0
2007/04/05,0,0,0,0
2007/04/06,0,0,0,0
2007/04/09,0,0,0,0
2007/04/10,0,0,-1000,-1000
2007/04/11,0,200000,-400000,-200000
2007/04/12,0,100000,-6000,94000
2007/04/13,0,0,-1000,-1000
2007/04/16,0,0,0,0
2007/04/17,0,100000,0,100000
2007/04/18,0,55000,0,55000
2007/04/19,0,1000,0,1000
2007/04/20,0,9000,0,9000
2007/04/23,0,2000,0,2000
2007/04/24,0,8000,0,8000
2007/04/25,0,690000,0,690000
2007/04/26,0,0,0,0
2007/04/27,0,0,0,0
2007/04/30,0,0,0,0
2007/05/01,0,0,0,0
2007/05/02,0,0,0,0
2007/05/03,0,0,0,0
2007/05/04,0,0,0,0
2007/05/07,0,0,0,0
2007/05/08,0,0,-3000,-3000
2007/05/09,0,0,0,0
2007/05/10,0,0,-4000,-4000
2007/05/11,0,0,-1000,-1000
2007/05/14,0,0,0,0
2007/05/15,0,11000,0,11000
2007/05/16,0,488000,-2000,486000
2007/05/17,0,0,-51000,-51000
2007/05/18,0,498000,0,498000
2007/05/21,0,0,0,0
2007/05/22,0,210000,0,210000
2007/05/23,0,619000,0,619000
2007/05/24,0,0,0,0
2007/05/25,0,415000,0,415000
2007/05/28,0,0,0,0
2007/05/29,0,2000,0,2000
2007/05/30,0,0,0,0
2007/05/31,0,0,0,0
2007/06/01,0,0,0,0
2007/06/04,0,2000,0,2000
2007/06/05,0,0,0,0
2007/06/06,0,1000,0,1000
2007/06/07,0,0,0,0
2007/06/08,0,0,0,0
2007/06/11,0,0,0,0
2007/06/12,0,0,0,0
2007/06/13,0,0,0,0
2007/06/14,0,0,-2000,-2000
2007/06/15,0,0,-2000,-2000
2007/06/18,0,0,0,0
2007/06/19,0,0,0,0
2007/06/20,0,0,-1000,-1000
2007/06/21,0,300000,0,300000
2007/06/22,0,310000,0,310000
2007/06/25,0,8000,0,8000
2007/06/26,0,650000,0,650000
2007/06/27,0,840000,0,840000
2007/06/28,0,150000,0,150000
2007/06/29,0,1000,0,1000
2007/07/02,0,0,0,0
2007/07/03,0,0,0,0
2007/07/04,0,1461000,0,1461000
2007/07/05,0,103000,-30000,73000
2007/07/06,0,100000,-350000,-250000
2007/07/09,0,0,-3000,-3000
2007/07/10,0,0,-620000,-620000
2007/07/11,0,160000,-100000,60000
2007/07/12,0,1065000,0,1065000
2007/07/13,0,0,0,0
2007/07/16,0,1102000,0,1102000
2007/07/17,0,0,-3000,-3000
2007/07/18,0,0,-10000,-10000
2007/07/19,0,6000,0,6000
2007/07/20,0,100000,0,100000
2007/07/23,0,0,0,0
2007/07/24,0,0,-960000,-960000
2007/07/25,0,0,0,0
2007/07/26,0,2000,0,2000
2007/07/27,0,1000,0,1000
2007/07/30,0,0,0,0
2007/07/31,0,0,0,0
2007/08/01,0,0,-1000,-1000
2007/08/02,0,2000,0,2000
2007/08/03,0,0,-10000,-10000
2007/08/06,0,1000,0,1000
2007/08/07,0,1000,0,1000
2007/08/08,0,2000,0,2000
2007/08/09,0,0,0,0
2007/08/10,0,900000,-20000,880000
2007/08/13,0,0,0,0
2007/08/14,0,4000000,-301000,3699000
2007/08/15,0,2001000,0,2001000
2007/08/16,0,3000,-7000,-4000
2007/08/17,0,0,-305000,-305000
2007/08/20,0,4000,0,4000
2007/08/21,0,0,0,0
2007/08/22,0,0,0,0
2007/08/23,0,0,0,0
2007/08/24,0,0,-2000,-2000
2007/08/27,0,7000,0,7000
2007/08/28,0,0,0,0
2007/08/29,0,0,-1000,-1000
2007/08/30,0,0,0,0
2007/08/31,0,1006000,-6000,1000000
2007/09/03,0,523000,0,523000
2007/09/04,0,5000,0,5000
2007/09/05,0,0,0,0
2007/09/06,0,0,0,0
2007/09/07,0,0,-311000,-311000
2007/09/10,0,5000,-1000,4000
2007/09/11,0,0,0,0
2007/09/12,0,0,0,0
2007/09/13,0,0,0,0
2007/09/14,0,250000,0,250000
2007/09/17,0,300000,0,300000
2007/09/18,0,0,0,0
2007/09/19,0,500000,0,500000
2007/09/20,0,0,0,0
2007/09/21,0,0,-8000,-8000
2007/09/24,0,0,0,0
2007/09/25,0,0,0,0
2007/09/26,0,0,-1000,-1000
2007/09/27,0,3000,0,3000
2007/09/28,0,120000,0,120000
2007/10/01,0,0,-56000,-56000
2007/10/02,0,0,-100000,-100000
2007/10/03,0,0,-50000,-50000
2007/10/04,0,0,0,0
2007/10/05,0,0,-1000,-1000
2007/10/08,0,0,-154000,-154000
2007/10/09,0,0,-248000,-248000
2007/10/10,0,0,0,0
2007/10/11,0,0,0,0
2007/10/12,0,0,0,0
2007/10/15,0,1000,-1000000,-999000
2007/10/16,0,0,-1000000,-1000000
2007/10/17,0,0,-1140000,-1140000
2007/10/18,0,600000,-160000,440000
2007/10/19,0,50000,-1031000,-981000
2007/10/22,0,230000,-1000000,-770000
2007/10/23,0,1000,-1000000,-999000
2007/10/24,0,0,0,0
2007/10/25,0,0,0,0
2007/10/26,0,0,0,0
2007/10/29,0,0,0,0
2007/10/30,0,2000,0,2000
2007/10/31,0,0,0,0
2007/11/01,0,0,0,0
2007/11/02,0,7000,0,7000
2007/11/05,0,19000,0,19000
2007/11/06,0,0,0,0
2007/11/07,0,0,0,0
2007/11/08,0,1000,0,1000
2007/11/09,0,2000,0,2000
2007/11/12,0,403000,0,403000
2007/11/13,0,1000,0,1000
2007/11/14,0,0,0,0
2007/11/15,0,1000,0,1000
2007/11/16,0,0,0,0
2007/11/19,0,0,0,0
2007/11/20,0,1000,0,1000
2007/11/21,0,0,0,0
2007/11/22,0,2000,0,2000
2007/11/23,0,4000,0,4000
2007/11/26,0,0,0,0
2007/11/27,0,1000,0,1000
2007/11/28,0,0,0,0
2007/11/29,0,1000,0,1000
2007/11/30,0,1000,0,1000
2007/12/03,0,0,0,0
2007/12/04,0,0,0,0
2007/12/05,0,1000,0,1000
2007/12/06,0,500000,0,500000
2007/12/07,0,0,0,0
2007/12/10,0,0,0,0
2007/12/11,0,0,0,0
2007/12/12,0,0,0,0
2007/12/13,0,0,0,0
2007/12/14,0,5000,0,5000
2007/12/17,0,90000,0,90000
2007/12/18,0,3000,-1398000,-1395000
2007/12/19,0,100000,-275000,-175000
2007/12/20,0,0,0,0
2007/12/21,0,1000,-4000,-3000
2007/12/24,0,0,0,0
2007/12/25,0,0,0,0
2007/12/26,0,0,0,0
2007/12/27,0,0,0,0
2007/12/28,0,0,0,0
2007/12/31,0,0,0,0
2008/01/01,0,0,0,0
2008/01/02,0,0,0,0
2008/01/03,0,0,0,0
2008/01/04,0,0,-2000,-2000
2008/01/07,0,1000,0,1000
2008/01/08,0,2000,0,2000
2008/01/09,0,0,-1000,-1000
2008/01/10,0,21000,0,21000
2008/01/11,0,1624000,0,1624000
2008/01/14,0,0,0,0
2008/01/15,0,0,0,0
2008/01/16,0,8597000,0,8597000
2008/01/17,0,2856000,0,2856000
2008/01/18,0,761000,0,761000
2008/01/21,0,5383000,0,5383000
2008/01/22,0,2734000,0,2734000
2008/01/23,0,486000,0,486000
2008/01/24,0,43000,0,43000
2008/01/25,0,417000,0,417000
2008/01/28,0,201000,0,201000
2008/01/29,0,98000,-200000,-102000
2008/01/30,0,1081000,0,1081000
2008/01/31,0,0,0,0
2008/02/01,0,3570000,0,3570000
2008/02/04,0,0,0,0
2008/02/05,0,0,0,0
2008/02/06,0,0,0,0
2008/02/07,0,0,0,0
2008/02/08,0,0,0,0
2008/02/11,0,0,0,0
2008/02/12,0,1864000,-2000,1862000
2008/02/13,0,251000,0,251000
2008/02/14,0,0,-2300000,-2300000
2008/02/15,0,1000,-1000000,-999000
2008/02/18,0,31000,-133000,-102000
2008/02/19,0,691000,-1000000,-309000
2008/02/20,0,500000,-1000,499000
2008/02/21,0,2747000,-362000,2385000
2008/02/22,0,2698000,-356000,2342000
2008/02/25,0,2768000,0,2768000
2008/02/26,0,341000,0,341000
2008/02/27,0,1111000,-3026000,-1915000
2008/02/28,0,0,0,0
2008/02/29,0,565000,-993000,-428000
2008/03/03,0,50000,0,50000
2008/03/04,0,854000,-738000,116000
2008/03/05,0,1021000,0,1021000
2008/03/06,0,1000,-1146000,-1145000
2008/03/07,0,800000,-2002000,-1202000
2008/03/10,0,2000,-4300000,-4298000
2008/03/11,0,1703000,-20000,1683000
2008/03/12,0,4000,0,4000
2008/03/13,0,710000,-1527000,-817000
2008/03/14,0,2501000,0,2501000
2008/03/17,0,658000,0,658000
2008/03/18,0,472000,0,472000
2008/03/19,0,102000,0,102000
2008/03/20,0,102000,-480000,-378000
2008/03/21,0,3000,0,3000
2008/03/24,0,2639000,0,2639000
2008/03/25,0,2250000,-5000,2245000
2008/03/26,0,752000,0,752000
2008/03/27,0,1803000,-2000000,-197000
2008/03/28,0,2000,0,2000
2008/03/31,0,1606000,0,1606000
2008/04/01,0,1000,0,1000
2008/04/02,0,588000,-900000,-312000
2008/04/03,0,801000,-250000,551000
2008/04/04,0,0,0,0
2008/04/07,0,133000,-1000000,-867000
2008/04/08,0,600000,-1153000,-553000
2008/04/09,0,1000,-15000,-14000
2008/04/10,0,1000,0,1000
2008/04/11,0,0,-200000,-200000
2008/04/14,0,2000000,-51000,1949000
2008/04/15,0,879000,-710000,169000
2008/04/16,0,2351000,-105000,2246000
2008/04/17,0,1192000,0,1192000
2008/04/18,0,2000000,-9000,1991000
2008/04/21,0,2000,-2190000,-2188000
2008/04/22,0,1000,0,1000
2008/04/23,0,2000,-170000,-168000
2008/04/24,0,3000,0,3000
2008/04/25,0,1000,-523000,-522000
2008/04/28,0,8000,-500000,-492000
2008/04/29,0,336000,-500000,-164000
2008/04/30,0,10000,-1000000,-990000
2008/05/01,0,0,0,0
2008/05/02,0,2000,-963000,-961000
2008/05/05,0,2000,-1500000,-1498000
2008/05/06,0,10000,-800000,-790000
2008/05/07,0,2000,-3017000,-3015000
2008/05/08,0,14000,-500000,-486000
2008/05/09,0,663000,-500000,163000
2008/05/12,0,5000,-969000,-964000
2008/05/13,0,153000,-609000,-456000
2008/05/14,0,87000,-834000,-747000
2008/05/15,0,13000,-500000,-487000
2008/05/16,0,0,-250000,-250000
2008/05/19,0,37000,0,37000
2008/05/20,0,0,-282000,-282000
2008/05/21,0,0,-500000,-500000
2008/05/22,0,4000,-800000,-796000
2008/05/23,0,0,-1000,-1000
2008/05/26,0,14000,0,14000
2008/05/27,0,0,-408000,-408000
2008/05/28,0,1003000,-500000,503000
2008/05/29,0,3000,-100000,-97000
2008/05/30,0,1000,0,1000
2008/06/02,0,5000,0,5000
2008/06/03,0,0,-200000,-200000
2008/06/04,0,2000,-342000,-340000
2008/06/05,0,1000,0,1000
2008/06/06,0,1000,-500000,-499000
2008/06/09,0,1000,0,1000
2008/06/10,0,0,0,0
2008/06/11,0,1044000,-1878000,-834000
2008/06/12,0,2105000,0,2105000
2008/06/13,0,5000,-2792000,-2787000
2008/06/16,0,440000,-2000,438000
2008/06/17,0,504000,0,504000
2008/06/18,0,0,0,0
2008/06/19,0,0,-2000,-2000
2008/06/20,0,361000,-7000,354000
2008/06/23,0,257000,0,257000
2008/06/24,0,201000,0,201000
2008/06/25,0,0,-1000,-1000
2008/06/26,0,396000,0,396000
2008/06/27,0,1000,0,1000
2008/06/30,0,1057000,0,1057000
2008/07/01,0,713000,-657000,56000
2008/07/02,0,80000,-364000,-284000
2008/07/03,0,255000,-300000,-45000
2008/07/04,0,7000,0,7000
2008/07/07,0,9000,0,9000
2008/07/08,0,892000,-3044000,-2152000
2008/07/09,0,0,-3142000,-3142000
2008/07/10,0,0,-626000,-626000
2008/07/11,0,5000,-756000,-751000
2008/07/14,0,2000,-225000,-223000
2008/07/15,0,4000,0,4000
2008/07/16,0,6000,0,6000
2008/07/17,0,335000,0,335000
2008/07/18,0,320000,-20000,300000
2008/07/21,0,1000,0,1000
2008/07/22,0,3000,0,3000
2008/07/23,0,1000,-9000,-8000
2008/07/24,0,2000,-18000,-16000
2008/07/25,0,0,0,0
2008/07/28,0,0,0,0
2008/07/29,0,4000,0,4000
2008/07/30,0,2000,0,2000
2008/07/31,0,2000,0,2000
2008/08/01,0,3000,0,3000
2008/08/04,0,1000,0,1000
2008/08/05,0,600000,-396000,204000
2008/08/06,0,146000,0,146000
2008/08/07,0,146000,0,146000
2008/08/08,0,12000,0,12000
2008/08/11,0,0,0,0
2008/08/12,0,0,-218000,-218000
2008/08/13,0,63000,0,63000
2008/08/14,0,0,-903000,-903000
2008/08/15,0,0,0,0
2008/08/18,0,2000,0,2000
2008/08/19,0,0,-251000,-251000
2008/08/20,0,0,-6000,-6000
2008/08/21,0,3000,-4000,-1000
2008/08/22,0,355000,-500000,-145000
2008/08/25,0,1000,0,1000
2008/08/26,0,150000,-9000,141000
2008/08/27,0,0,0,0
2008/08/28,0,350000,0,350000
2008/08/29,0,7000,0,7000
2008/09/01,0,1000,0,1000
2008/09/02,0,503000,0,503000
2008/09/03,0,872000,0,872000
2008/09/04,0,1703000,0,1703000
2008/09/05,0,606000,0,606000
2008/09/08,0,0,0,0
2008/09/09,0,22000,0,22000
2008/09/10,0,6000,-800000,-794000
2008/09/11,0,0,-40000,-40000
2008/09/12,0,0,-730000,-730000
2008/09/15,0,0,-171000,-171000
2008/09/16,0,0,0,0
2008/09/17,0,0,-1793000,-1793000
2008/09/18,0,0,-1000,-1000
2008/09/19,0,0,-336000,-336000
2008/09/22,0,0,-250000,-250000
2008/09/23,0,66000,-195000,-129000
2008/09/24,0,0,-3000,-3000
2008/09/25,0,0,-8000,-8000
2008/09/26,0,2000,0,2000
2008/09/29,0,0,0,0
2008/09/30,0,1000,-116000,-115000
2008/10/01,0,2000,-174000,-172000
2008/10/02,0,1000,0,1000
2008/10/03,0,0,-37000,-37000
2008/10/06,0,7000,-1000,6000
2008/10/07,0,0,-6000,-6000
2008/10/08,0,0,0,0
2008/10/09,0,18000,-104000,-86000
2008/10/10,0,0,0,0
2008/10/13,0,0,0,0
2008/10/14,0,0,0,0
2008/10/15,0,6000,0,6000
2008/10/16,0,8000,0,8000
2008/10/17,0,0,-138000,-138000
2008/10/20,0,0,0,0
2008/10/21,0,500000,0,500000
2008/10/22,0,0,0,0
2008/10/23,0,800000,-2000,798000
2008/10/24,0,300000,-370000,-70000
2008/10/27,0,0,-26000,-26000
2008/10/28,0,0,-202000,-202000
2008/10/29,0,0,-3000,-3000
2008/10/30,0,0,-45000,-45000
2008/10/31,0,0,0,0
2008/11/03,0,0,0,0
2008/11/04,0,0,0,0
2008/11/05,0,4000,0,4000
2008/11/06,0,0,0,0
2008/11/07,0,0,0,0
2008/11/10,0,1000,0,1000
2008/11/11,0,902000,0,902000
2008/11/12,0,1000,0,1000
2008/11/13,0,0,0,0
2008/11/14,0,1000,0,1000
2008/11/17,0,2000,0,2000
2008/11/18,0,0,0,0
2008/11/19,0,0,0,0
2008/11/20,0,1000,0,1000
2008/11/21,0,59000,0,59000
2008/11/24,0,7000,0,7000
2008/11/25,0,301000,0,301000
2008/11/26,0,91000,0,91000
2008/11/27,0,74000,0,74000
2008/11/28,0,0,0,0
2008/12/01,0,6000,0,6000
2008/12/02,0,636000,0,636000
2008/12/03,0,11000,0,11000
2008/12/04,0,214000,0,214000
2008/12/05,0,0,0,0
2008/12/08,0,2000,0,2000
2008/12/09,0,25000,0,25000
2008/12/10,0,0,0,0
2008/12/11,0,28000,0,28000
2008/12/12,0,0,-17000,-17000
2008/12/15,0,0,-1000,-1000
2008/12/16,0,0,0,0
2008/12/17,0,901000,-424000,477000
2008/12/18,0,0,0,0
2008/12/19,0,0,-1371000,-1371000
2008/12/22,0,0,0,0
2008/12/23,0,506000,0,506000
2008/12/24,0,0,0,0
2008/12/25,0,2000,0,2000
2008/12/26,0,0,-6000,-6000
2008/12/29,0,0,0,0
2008/12/30,0,0,0,0
2008/12/31,0,0,0,0
2009/01/01,0,0,0,0
2009/01/02,0,0,0,0
2009/01/05,0,0,0,0
2009/01/06,0,0,0,0
2009/01/07,0,0,0,0
2009/01/08,0,0,0,0
2009/01/09,0,4000,0,4000
2009/01/12,0,3000,-12000,-9000
2009/01/13,0,2000,0,2000
2009/01/14,0,0,0,0
2009/01/15,0,0,-59000,-59000
2009/01/16,0,3000,0,3000
2009/01/19,0,0,-15000,-15000
2009/01/20,0,0,-300000,-300000
2009/01/21,0,0,-1000,-1000
2009/01/22,0,0,0,0
2009/01/23,0,0,0,0
2009/01/26,0,0,0,0
2009/01/27,0,0,0,0
2009/01/28,0,0,0,0
2009/01/29,0,0,0,0
2009/01/30,0,0,0,0
2009/02/02,0,0,0,0
2009/02/03,0,0,0,0
2009/02/04,0,0,-47000,-47000
2009/02/05,0,0,0,0
2009/02/06,0,0,0,0
2009/02/09,0,0,-2000,-2000
2009/02/10,0,0,0,0
2009/02/11,0,0,-4000,-4000
2009/02/12,0,0,0,0
2009/02/13,0,0,0,0
2009/02/16,0,0,0,0
2009/02/17,0,0,0,0
2009/02/18,0,0,0,0
2009/02/19,0,0,0,0
2009/02/20,0,478000,0,478000
2009/02/23,0,0,0,0
2009/02/24,0,0,0,0
2009/02/25,0,0,0,0
2009/02/26,0,0,0,0
2009/02/27,0,1000,0,1000
2009/03/02,0,0,0,0
2009/03/03,0,0,0,0
2009/03/04,0,0,0,0
2009/03/05,0,0,0,0
2009/03/06,0,0,0,0
2009/03/09,0,0,-503000,-503000
2009/03/10,0,0,0,0
2009/03/11,0,0,0,0
2009/03/12,0,0,-12000,-12000
2009/03/13,0,0,-5000,-5000
2009/03/16,0,0,-4000,-4000
2009/03/17,0,0,-4000,-4000
2009/03/18,0,0,-8000,-8000
2009/03/19,0,0,-1891000,-1891000
2009/03/20,0,0,-3000,-3000
2009/03/23,0,0,-1802000,-1802000
2009/03/24,0,0,-11000,-11000
2009/03/25,0,0,0,0
2009/03/26,0,0,0,0
2009/03/27,0,1150000,0,1150000
2009/03/30,0,0,-2000,-2000
2009/03/31,0,0,-4000,-4000
2009/04/01,0,0,0,0
2009/04/02,0,0,-7000,-7000
2009/04/03,0,0,-1773000,-1773000
2009/04/06,0,0,-2000,-2000
2009/04/07,0,4000,0,4000
2009/04/08,0,0,-1000,-1000
2009/04/09,0,0,-2000,-2000
2009/04/10,0,0,0,0
2009/04/13,0,72000,-4000,68000
2009/04/14,0,252000,-6000,246000
2009/04/15,0,766000,0,766000
2009/04/16,0,0,-8000,-8000
2009/04/17,0,0,-900000,-900000
2009/04/20,0,0,-250000,-250000
2009/04/21,0,0,-1000,-1000
2009/04/22,0,0,0,0
2009/04/23,0,0,-576000,-576000
2009/04/24,0,0,-1151000,-1151000
2009/04/27,0,1000,0,1000
2009/04/28,0,1000,-1350000,-1349000
2009/04/29,0,0,0,0
2009/04/30,0,0,-1000000,-1000000
2009/05/01,0,0,0,0
2009/05/04,0,6000,0,6000
2009/05/05,0,69000,-1132000,-1063000
2009/05/06,0,0,-10000,-10000
2009/05/07,0,0,-600000,-600000
2009/05/08,0,0,-1780000,-1780000
2009/05/11,0,1008000,-2972000,-1964000
2009/05/12,0,0,-4000,-4000
2009/05/13,0,0,-1131000,-1131000
2009/05/14,0,0,-184000,-184000
2009/05/15,0,8000,0,8000
2009/05/18,0,0,0,0
2009/05/19,0,2000,0,2000
2009/05/20,0,0,-3000,-3000
2009/05/21,0,0,0,0
2009/05/22,0,0,-4000,-4000
2009/05/25,0,0,-3000,-3000
2009/05/26,0,0,-45000,-45000
2009/05/27,0,0,-53000,-53000
2009/05/28,0,0,0,0
2009/05/29,0,0,0,0
2009/06/01,0,0,-31000,-31000
2009/06/02,0,0,0,0
2009/06/03,0,1456000,0,1456000
2009/06/04,0,0,0,0
2009/06/05,0,0,0,0
2009/06/08,0,0,0,0
2009/06/09,0,0,0,0
2009/06/10,0,0,0,0
2009/06/11,0,3000,0,3000
2009/06/12,0,0,0,0
2009/06/15,0,2000,0,2000
2009/06/16,0,5000,0,5000
2009/06/17,0,5000,0,5000
2009/06/18,0,5000,0,5000
2009/06/19,0,1000,0,1000
2009/06/22,0,4000,0,4000
2009/06/23,0,0,-5000,-5000
2009/06/24,0,2000,0,2000
2009/06/25,0,0,0,0
2009/06/26,0,0,0,0
2009/06/29,0,0,0,0
2009/06/30,0,2080000,0,2080000
2009/07/01,0,394000,0,394000
2009/07/02,0,390000,0,390000
2009/07/03,0,0,-7000,-7000
2009/07/06,0,450000,-18000,432000
2009/07/07,0,5742000,0,5742000
2009/07/08,0,2390000,-2000,2388000
2009/07/09,0,1000000,0,1000000
2009/07/10,0,0,-602000,-602000
2009/07/13,0,0,0,0
2009/07/14,0,0,-463000,-463000
2009/07/15,0,0,0,0
2009/07/16,0,0,-2000,-2000
2009/07/17,0,0,-20000,-20000
2009/07/20,0,0,0,0
2009/07/21,0,0,-5000,-5000
2009/07/22,0,2000,0,2000
2009/07/23,0,0,-3000,-3000
2009/07/24,0,0,-2000,-2000
2009/07/27,0,0,-400000,-400000
2009/07/28,0,0,-618000,-618000
2009/07/29,0,0,0,0
2009/07/30,0,0,-3000,-3000
2009/07/31,0,0,0,0
2009/08/03,0,0,-2000000,-2000000
2009/08/04,0,0,0,0
2009/08/05,0,0,0,0
2009/08/06,0,0,-590000,-590000
2009/08/07,0,0,0,0
2009/08/10,0,5000,-2000,3000
2009/08/11,0,2000,0,2000
2009/08/12,0,0,-1205000,-1205000
2009/08/13,0,0,-500000,-500000
2009/08/14,0,0,0,0
2009/08/17,0,0,-1000,-1000
2009/08/18,0,3000,-500000,-497000
2009/08/19,0,2000,0,2000
2009/08/20,0,2000,-500000,-498000
2009/08/21,0,0,-3555000,-3555000
2009/08/24,0,2000,0,2000
2009/08/25,0,300000,-2058000,-1758000
2009/08/26,0,300000,-875000,-575000
2009/08/27,0,504000,-12000,492000
2009/08/28,0,0,-2156000,-2156000
2009/08/31,0,0,0,0
2009/09/01,0,0,-1045000,-1045000
2009/09/02,0,0,-2093000,-2093000
2009/09/03,0,1000,-3000,-2000
2009/09/04,0,65000,-3000,62000
2009/09/07,0,0,-2258000,-2258000
2009/09/08,0,0,0,0
2009/09/09,0,1113000,-8000,1105000
2009/09/10,0,1000000,0,1000000
2009/09/11,0,200000,0,200000
2009/09/14,0,3500000,-25000,3475000
2009/09/15,0,4900000,0,4900000
2009/09/16,0,6000000,0,6000000
2009/09/17,0,4600000,0,4600000
2009/09/18,0,2860000,-2927000,-67000
2009/09/21,0,0,-2013000,-2013000
2009/09/22,0,0,0,0
2009/09/23,0,0,-1000,-1000
2009/09/24,0,0,0,0
2009/09/25,0,0,0,0
2009/09/28,0,120000,0,120000
2009/09/29,0,708000,-20000,688000
2009/09/30,0,0,0,0
2009/10/01,0,1000000,0,1000000
2009/10/02,0,0,0,0
2009/10/05,0,0,-23000,-23000
2009/10/06,0,1000000,0,1000000
2009/10/07,0,1120000,0,1120000
2009/10/08,0,2400000,0,2400000
2009/10/09,0,1050000,0,1050000
2009/10/12,0,0,0,0
2009/10/13,0,3000,0,3000
2009/10/14,0,0,0,0
2009/10/15,0,0,0,0
2009/10/16,0,1000000,-11000,989000
2009/10/19,0,4000,-84000,-80000
2009/10/20,0,0,0,0
2009/10/21,0,1000000,-3000,997000
2009/10/22,0,0,0,0
2009/10/23,0,0,0,0
2009/10/26,0,0,0,0
2009/10/27,0,2000,0,2000
2009/10/28,0,0,-1000,-1000
2009/10/29,0,1000,0,1000
2009/10/30,0,0,0,0
2009/11/02,0,3000,-19000,-16000
2009/11/03,0,1000,0,1000
2009/11/04,0,2000,0,2000
2009/11/05,0,2000,0,2000
2009/11/06,0,1000,0,1000
2009/11/09,0,2000,-1250000,-1248000
2009/11/10,0,1000,0,1000
2009/11/11,0,0,-19000,-19000
2009/11/12,0,0,-750000,-750000
2009/11/13,0,0,-1204000,-1204000
2009/11/16,0,0,-1000,-1000
2009/11/17,0,0,-2000,-2000
2009/11/18,0,0,-3000,-3000
2009/11/19,0,0,-1000,-1000
2009/11/20,0,0,-2000,-2000
2009/11/23,0,0,-922000,-922000
2009/11/24,0,0,0,0
2009/11/25,0,0,0,0
2009/11/26,0,0,-18000,-18000
2009/11/27,0,0,0,0
2009/11/30,0,0,-5000,-5000
2009/12/01,0,0,0,0
2009/12/02,0,0,0,0
2009/12/03,0,0,0,0
2009/12/04,0,0,-2000,-2000
2009/12/07,0,0,0,0
2009/12/08,0,0,0,0
2009/12/09,0,0,-12000,-12000
2009/12/10,0,0,-1000,-1000
2009/12/11,0,1000,0,1000
2009/12/14,0,0,0,0
2009/12/15,0,0,0,0
2009/12/16,0,0,0,0
2009/12/17,0,0,0,0
2009/12/18,0,0,-2000,-2000
2009/12/21,0,0,0,0
2009/12/22,0,0,-2000,-2000
2009/12/23,0,0,0,0
2009/12/24,0,0,0,0
2009/12/25,0,0,-3000,-3000
2009/12/28,0,0,-31000,-31000
2009/12/29,0,0,-34000,-34000
2009/12/30,0,0,-30000,-30000
2009/12/31,0,0,0,0
2010/01/01,0,0,0,0
2010/01/04,0,1002000,0,1002000
2010/01/05,0,1870000,-1000,1869000
2010/01/06,0,921000,-600000,321000
2010/01/07,0,3851000,-1000,3850000
2010/01/08,0,250000,-1000,249000
2010/01/11,0,1500000,0,1500000
2010/01/12,0,1250000,-2000,1248000
2010/01/13,0,538000,0,538000
2010/01/14,0,958000,-39000,919000
2010/01/15,0,1100000,-711835,388165
2010/01/18,0,1000000,-47694,952306
2010/01/19,0,842000,0,842000
2010/01/20,0,0,-1000,-1000
2010/01/21,0,400000,0,400000
2010/01/22,0,421000,-1000000,-579000
2010/01/25,0,0,-2000,-2000
2010/01/26,0,321000,0,321000
2010/01/27,0,1005000,0,1005000
2010/01/28,0,2000,0,2000
2010/01/29,0,2000,-9000,-7000
2010/02/01,0,1002000,0,1002000
2010/02/02,0,0,0,0
2010/02/03,0,1000,0,1000
2010/02/04,0,1000,0,1000
2010/02/05,0,1000,-200000,-199000
2010/02/08,0,2000,0,2000
2010/02/09,0,2000,0,2000
2010/02/10,0,0,0,0
2010/02/11,0,0,0,0
2010/02/12,0,0,0,0
2010/02/15,0,0,0,0
2010/02/16,0,0,0,0
2010/02/17,0,0,0,0
2010/02/18,0,0,0,0
2010/02/19,0,0,0,0
2010/02/22,0,2000,0,2000
2010/02/23,0,2000,0,2000
2010/02/24,0,2300000,0,2300000
2010/02/25,0,2265000,-600000,1665000
2010/02/26,0,1000,0,1000
2010/03/01,0,501000,0,501000
2010/03/02,0,0,0,0
2010/03/03,0,0,-500000,-500000
2010/03/04,0,2300000,-1000,2299000
2010/03/05,0,633000,0,633000
2010/03/08,0,0,0,0
2010/03/09,0,3995000,-11000,3984000
2010/03/10,0,1500000,-101000,1399000
2010/03/11,0,0,-2800000,-2800000
2010/03/12,0,928000,0,928000
2010/03/15,0,0,0,0
2010/03/16,0,1000000,0,1000000
2010/03/17,0,2000,0,2000
2010/03/18,0,1320000,-1000,1319000
2010/03/19,0,1500000,-1000,1499000
2010/03/22,0,100000,-2000,98000
2010/03/23,0,0,-101000,-101000
2010/03/24,0,800000,-250000,550000
2010/03/25,0,341000,-1000,340000
2010/03/26,0,1000000,-750000,250000
2010/03/29,0,1000,-10000,-9000
2010/03/30,0,0,0,0
2010/03/31,0,0,-858000,-858000
2010/04/01,0,0,0,0
2010/04/02,0,0,-531000,-531000
2010/04/05,0,0,0,0
2010/04/06,0,0,-461000,-461000
2010/04/07,0,0,0,0
2010/04/08,0,0,0,0
2010/04/09,0,300000,-1000,299000
2010/04/12,0,0,-1000,-1000
2010/04/13,0,0,-1000,-1000
2010/04/14,0,0,-4000,-4000
2010/04/15,0,880000,-1000,879000
2010/04/16,0,31000,-5000,26000
2010/04/19,0,0,-700000,-700000
2010/04/20,0,0,-1000000,-1000000
2010/04/21,0,0,0,0
2010/04/22,0,0,-600000,-600000
2010/04/23,0,0,-500000,-500000
2010/04/26,0,0,-500000,-500000
2010/04/27,0,0,0,0
2010/04/28,0,0,-1000,-1000
2010/04/29,0,0,-700000,-700000
2010/04/30,0,0,0,0
2010/05/03,0,0,0,0
2010/05/04,0,0,-2000000,-2000000
2010/05/05,0,11000,0,11000
2010/05/06,0,0,-300000,-300000
2010/05/07,0,30000,0,30000
2010/05/10,0,2000,-2458000,-2456000
2010/05/11,0,1201000,0,1201000
2010/05/12,0,0,-476000,-476000
2010/05/13,0,801000,-1000000,-199000
2010/05/14,0,2000,0,2000
2010/05/17,0,0,-4000,-4000
2010/05/18,0,0,0,0
2010/05/19,0,0,0,0
2010/05/20,0,0,-400000,-400000
2010/05/21,0,0,-200000,-200000
2010/05/24,0,0,-200000,-200000
2010/05/25,0,1000,-435000,-434000
2010/05/26,0,2000,0,2000
2010/05/27,0,2000,0,2000
2010/05/28,0,0,0,0
2010/05/31,0,0,0,0
2010/06/01,0,0,0,0
2010/06/02,0,0,0,0
2010/06/03,0,0,0,0
2010/06/04,0,0,-1000,-1000
2010/06/07,0,0,0,0
2010/06/08,0,2000,0,2000
2010/06/09,0,0,0,0
2010/06/10,0,2000,-120000,-118000
2010/06/11,0,0,0,0
2010/06/14,0,2000,0,2000
2010/06/15,0,547000,-850000,-303000
2010/06/16,0,0,0,0
2010/06/17,0,0,-920000,-920000
2010/06/18,0,0,0,0
2010/06/21,0,0,-600000,-600000
2010/06/22,0,0,0,0
2010/06/23,0,879000,-2000,877000
2010/06/24,0,400000,-37000,363000
2010/06/25,0,200000,-75000,125000
2010/06/28,0,500000,0,500000
2010/06/29,0,165000,0,165000
2010/06/30,0,0,0,0
2010/07/01,0,0,0,0
2010/07/02,0,100000,0,100000
2010/07/05,0,0,0,0
2010/07/06,0,12000,0,12000
2010/07/07,0,0,0,0
2010/07/08,0,100000,0,100000
2010/07/09,0,0,0,0
2010/07/12,0,0,-910000,-910000
2010/07/13,0,0,-2171000,-2171000
2010/07/14,0,0,-344000,-344000
2010/07/15,0,76000,0,76000
2010/07/16,0,565000,0,565000
2010/07/19,0,59000,-3000,56000
2010/07/20,0,0,0,0
2010/07/21,0,0,-4000,-4000
2010/07/22,0,0,0,0
2010/07/23,0,0,0,0
2010/07/26,0,0,0,0
2010/07/27,0,0,0,0
2010/07/28,0,0,0,0
2010/07/29,0,0,0,0
2010/07/30,0,0,-15000,-15000
2010/08/02,0,1800000,-7000,1793000
2010/08/03,0,0,0,0
2010/08/04,0,1800000,-12000,1788000
2010/08/05,0,8294000,-12000,8282000
2010/08/06,0,2072000,0,2072000
2010/08/09,0,500000,0,500000
2010/08/10,0,0,0,0
2010/08/11,0,1000,0,1000
2010/08/12,0,242000,-15000,227000
2010/08/13,0,23000,0,23000
2010/08/16,0,815000,-3000,812000
2010/08/17,0,1030000,-5479000,-4449000
2010/08/18,0,400000,-2000,398000
2010/08/19,0,0,-3000,-3000
2010/08/20,0,0,-1000,-1000
2010/08/23,0,3311000,0,3311000
2010/08/24,0,0,-3007000,-3007000
2010/08/25,0,665000,-7781000,-7116000
2010/08/26,0,0,-3268000,-3268000
2010/08/27,0,3000,-2902000,-2899000
2010/08/30,0,306000,0,306000
2010/08/31,0,0,0,0
2010/09/01,0,0,-131000,-131000
2010/09/02,0,2809000,0,2809000
2010/09/03,0,2570000,0,2570000
2010/09/06,0,0,0,0
2010/09/07,0,0,0,0
2010/09/08,0,0,0,0
2010/09/09,0,0,-250000,-250000
2010/09/10,0,0,0,0
2010/09/13,0,0,0,0
2010/09/14,0,156000,-527000,-371000
2010/09/15,0,0,-1863000,-1863000
2010/09/16,0,0,-14620,-14620
2010/09/17,0,0,-17400,-17400
2010/09/20,0,500000,-3000,497000
2010/09/21,0,500000,-5000,495000
2010/09/22,0,0,0,0
2010/09/23,0,0,-5000,-5000
2010/09/24,0,0,-36000,-36000
2010/09/27,0,579000,-3000,576000
2010/09/28,0,0,0,0
2010/09/29,0,300000,0,300000
2010/09/30,0,839000,-14000,825000
2010/10/01,0,0,0,0
2010/10/04,0,400000,-3959900,-3559900
2010/10/05,0,0,0,0
2010/10/06,0,0,-2000,-2000
2010/10/07,0,0,-2000000,-2000000
2010/10/08,0,0,-82000,-82000
2010/10/11,0,0,-1203000,-1203000
2010/10/12,0,480000,-1304000,-824000
2010/10/13,0,0,-28000,-28000
2010/10/14,0,1467000,-1800000,-333000
2010/10/15,0,922000,-2385000,-1463000
2010/10/18,0,664000,-3103000,-2439000
2010/10/19,0,75000,0,75000
2010/10/20,0,187000,-295000,-108000
2010/10/21,0,2407000,-800000,1607000
2010/10/22,0,4004000,-443000,3561000
2010/10/25,0,707000,-1500000,-793000
2010/10/26,0,0,-868000,-868000
2010/10/27,0,325000,-721380,-396380
2010/10/28,0,0,-700000,-700000
2010/10/29,0,980000,-2794000,-1814000
2010/11/01,0,620000,0,620000
2010/11/02,0,630000,0,630000
2010/11/03,0,1487000,-475000,1012000
2010/11/04,0,4437000,0,4437000
2010/11/05,0,700000,-300000,400000
2010/11/08,0,2303000,-1214000,1089000
2010/11/09,0,10000,-439000,-429000
2010/11/10,0,0,-1448000,-1448000
2010/11/11,0,7000,-40000,-33000
2010/11/12,0,1000,-307000,-306000
2010/11/15,0,0,-1347000,-1347000
2010/11/16,0,4000,-989000,-985000
2010/11/17,0,150000,-4236000,-4086000
2010/11/18,0,50000,-258000,-208000
2010/11/19,0,100000,0,100000
2010/11/22,0,0,-4000,-4000
2010/11/23,0,0,-262000,-262000
2010/11/24,0,0,-1485000,-1485000
2010/11/25,0,100000,-595000,-495000
2010/11/26,0,0,0,0
2010/11/29,0,0,-200000,-200000
2010/11/30,0,619000,-323000,296000
2010/12/01,0,0,-9000,-9000
2010/12/02,0,0,-38000,-38000
2010/12/03,0,0,-791000,-791000
2010/12/06,0,0,-291000,-291000
2010/12/07,0,0,-1000,-1000
2010/12/08,0,0,-415000,-415000
2010/12/09,0,0,-803000,-803000
2010/12/10,0,0,-100000,-100000
2010/12/13,0,0,-3000,-3000
2010/12/14,0,0,-230000,-230000
2010/12/15,0,300000,-952000,-652000
2010/12/16,0,0,-333000,-333000
2010/12/17,0,0,-467000,-467000
2010/12/20,0,0,-419000,-419000
2010/12/21,0,1000,-1000000,-999000
2010/12/22,0,203000,-1062000,-859000
2010/12/23,0,0,-1425000,-1425000
2010/12/24,0,0,-768000,-768000
2010/12/27,0,0,-1641000,-1641000
2010/12/28,0,0,-182000,-182000
2010/12/29,0,0,-750000,-750000
2010/12/30,0,0,-170000,-170000
2010/12/31,0,0,0,0
2011/01/03,0,0,-306000,-306000
2011/01/04,0,500000,0,500000
2011/01/05,0,0,-107000,-107000
2011/01/06,0,0,-4284000,-4284000
2011/01/07,0,0,-2075000,-2075000
2011/01/10,0,0,-2459000,-2459000
2011/01/11,0,0,-3982000,-3982000
2011/01/12,0,0,0,0
2011/01/13,0,0,-370000,-370000
2011/01/14,0,468000,-800000,-332000
2011/01/17,0,0,-310000,-310000
2011/01/18,0,0,-412000,-412000
2011/01/19,0,0,-275000,-275000
2011/01/20,0,0,-466000,-466000
2011/01/21,0,0,-647000,-647000
2011/01/24,0,0,-200000,-200000
2011/01/25,0,2000,0,2000
2011/01/26,0,0,0,0
2011/01/27,0,0,-200000,-200000
2011/01/28,0,0,-6000,-6000
2011/01/31,0,0,0,0
2011/02/01,0,0,0,0
2011/02/02,0,0,0,0
2011/02/03,0,0,0,0
2011/02/04,0,0,0,0
2011/02/07,0,0,0,0
2011/02/08,0,0,0,0
2011/02/09,0,0,-1367000,-1367000
2011/02/10,0,0,-732000,-732000
2011/02/11,0,7000,0,7000
2011/02/14,0,3000,0,3000
2011/02/15,0,5000,-200000,-195000
2011/02/16,0,0,0,0
2011/02/17,0,0,-400000,-400000
2011/02/18,0,0,0,0
2011/02/21,0,0,-3000,-3000
2011/02/22,0,0,0,0
2011/02/23,0,0,-45000,-45000
2011/02/24,0,3000,0,3000
2011/02/25,0,2000,-326000,-324000
2011/02/28,0,0,0,0
2011/03/01,0,0,-100000,-100000
2011/03/02,0,0,0,0
2011/03/03,0,0,0,0
2011/03/04,0,0,0,0
2011/03/07,0,0,-500000,-500000
2011/03/08,0,0,0,0
2011/03/09,0,16000,0,16000
2011/03/10,0,0,0,0
2011/03/11,0,0,0,0
2011/03/14,0,3000,0,3000
2011/03/15,0,2000,0,2000
2011/03/16,0,0,0,0
2011/03/17,0,3000,0,3000
2011/03/18,0,0,0,0
2011/03/21,0,0,0,0
2011/03/22,0,0,0,0
2011/03/23,0,0,0,0
2011/03/24,0,2000,0,2000
2011/03/25,0,0,0,0
2011/03/28,0,0,0,0
2011/03/29,0,75000,0,75000
2011/03/30,0,51000,0,51000
2011/03/31,0,0,-13000,-13000
2011/04/01,0,0,0,0
2011/04/04,0,0,0,0
2011/04/05,0,0,0,0
2011/04/06,0,0,0,0
2011/04/07,0,0,0,0
2011/04/08,0,0,0,0
2011/04/11,0,0,0,0
2011/04/12,0,0,-4000,-4000
2011/04/13,0,0,0,0
2011/04/14,0,0,-4000,-4000
2011/04/15,0,0,0,0
2011/04/18,0,0,0,0
2011/04/19,0,3000,0,3000
2011/04/20,0,0,0,0
2011/04/21,0,0,-1100000,-1100000
2011/04/22,0,0,-1090000,-1090000
2011/04/25,0,0,-3000,-3000
2011/04/26,0,0,-1154000,-1154000
2011/04/27,0,171000,-75000,96000
2011/04/28,0,0,0,0
2011/04/29,0,0,0,0
2011/05/02,0,0,0,0
2011/05/03,0,12000,-500000,-488000
2011/05/04,0,12000,-580000,-568000
2011/05/05,0,12000,-520000,-508000
2011/05/06,0,13000,-480000,-467000
2011/05/09,0,1000,-420000,-419000
2011/05/10,0,0,-350000,-350000
2011/05/11,0,0,-320000,-320000
2011/05/12,0,0,-322000,-322000
2011/05/13,0,141000,-300000,-159000
2011/05/16,0,0,-879000,-879000
2011/05/17,0,0,-350000,-350000
2011/05/18,0,0,-330000,-330000
2011/05/19,0,2000,-300000,-298000
2011/05/20,0,0,-281000,-281000
2011/05/23,0,0,-602000,-602000
2011/05/24,0,0,-643340,-643340
2011/05/25,0,0,0,0
2011/05/26,0,0,0,0
2011/05/27,0,0,-2000,-2000
2011/05/30,0,2000,-740000,-738000
2011/05/31,0,0,-710000,-710000
2011/06/01,0,0,-402000,-402000
2011/06/02,0,0,-344000,-344000
2011/06/03,0,0,-391000,-391000
2011/06/06,0,0,0,0
2011/06/07,0,0,-401000,-401000
2011/06/08,0,3000,-61000,-58000
2011/06/09,0,0,-76600,-76600
2011/06/10,0,0,0,0
2011/06/13,0,0,0,0
2011/06/14,0,7000,0,7000
2011/06/15,0,42000,0,42000
2011/06/16,0,0,0,0
2011/06/17,0,15000,-6000,9000
2011/06/20,0,7000,-1000,6000
2011/06/21,0,9000,0,9000
2011/06/22,0,7000,0,7000
2011/06/23,0,4000,0,4000
2011/06/24,0,5000,0,5000
2011/06/27,0,1000,0,1000
2011/06/28,0,15000,0,15000
2011/06/29,0,24000,0,24000
2011/06/30,0,6000,0,6000
2011/07/01,0,1000,0,1000
2011/07/04,0,0,0,0
2011/07/05,0,0,-3000,-3000
2011/07/06,0,0,-1000,-1000
2011/07/07,0,0,0,0
2011/07/08,0,0,-4000,-4000
2011/07/11,0,0,0,0
2011/07/12,0,4000,0,4000
2011/07/13,0,10000,0,10000
2011/07/14,0,16000,0,16000
2011/07/15,0,511000,0,511000
2011/07/18,0,3000,0,3000
2011/07/19,0,7000,0,7000
2011/07/20,0,7000,0,7000
2011/07/21,0,204000,0,204000
2011/07/22,0,0,-10000,-10000
2011/07/25,0,400000,-12000,388000
2011/07/26,0,100000,0,100000
2011/07/27,0,0,-9000,-9000
2011/07/28,0,0,-10000,-10000
2011/07/29,0,0,0,0
2011/08/01,0,5000,0,5000
2011/08/02,0,200000,-3000,197000
2011/08/03,0,29000,0,29000
2011/08/04,0,41000,0,41000
2011/08/05,0,68000,0,68000
2011/08/08,0,28000,0,28000
2011/08/09,0,35000,0,35000
2011/08/10,0,34000,0,34000
2011/08/11,0,20000,0,20000
2011/08/12,0,1000,-5000,-4000
2011/08/15,0,3000,0,3000
2011/08/16,0,0,-275000,-275000
2011/08/17,0,0,-3000,-3000
2011/08/18,0,29000,0,29000
2011/08/19,0,3000,-2000,1000
2011/08/22,0,19000,0,19000
2011/08/23,0,3000,0,3000
2011/08/24,0,0,0,0
2011/08/25,0,0,0,0
2011/08/26,0,16000,0,16000
2011/08/29,0,7000,0,7000
2011/08/30,0,0,0,0
2011/08/31,0,0,-1000,-1000
2011/09/01,0,0,-2000,-2000
2011/09/02,0,16000,-5000,11000
2011/09/05,0,0,-4000,-4000
2011/09/06,0,0,0,0
2011/09/07,0,10000,0,10000
2011/09/08,0,0,0,0
2011/09/09,0,7000,0,7000
2011/09/12,0,0,0,0
2011/09/13,0,9000,-1979,7021
2011/09/14,0,5000,-4000,1000
2011/09/15,0,0,-250000,-250000
2011/09/16,0,8000,0,8000
2011/09/19,0,1000,0,1000
2011/09/20,0,0,-1000,-1000
2011/09/21,0,3121,0,3121
2011/09/22,0,0,-2000,-2000
2011/09/23,0,3000,0,3000
2011/09/26,0,10000,0,10000
2011/09/27,0,4000,0,4000
2011/09/28,0,0,-2000,-2000
2011/09/29,0,3000,0,3000
2011/09/30,0,7000,0,7000
2011/10/03,0,0,-1000,-1000
2011/10/04,0,6000,0,6000
2011/10/05,0,9000,0,9000
2011/10/06,0,10000,0,10000
2011/10/07,0,1000,0,1000
2011/10/10,0,0,0,0
2011/10/11,0,0,0,0
2011/10/12,0,0,0,0
2011/10/13,0,0,0,0
2011/10/14,0,0,-35000,-35000
2011/10/17,0,0,-2212,-2212
2011/10/18,0,1000,-13894,-12894
2011/10/19,0,0,0,0
2011/10/20,0,0,0,0
2011/10/21,0,0,0,0
2011/10/24,0,3000,0,3000
2011/10/25,0,0,0,0
2011/10/26,0,1000,0,1000
2011/10/27,0,2000,0,2000
2011/10/28,0,4000,0,4000
2011/10/31,0,0,-639000,-639000
2011/11/01,0,0,-211000,-211000
2011/11/02,0,4000,0,4000
2011/11/03,0,1000,0,1000
2011/11/04,0,0,-4000,-4000
2011/11/07,0,0,0,0
2011/11/08,0,4000,0,4000
2011/11/09,0,0,0,0
2011/11/10,0,0,0,0
2011/11/11,0,0,0,0
2011/11/14,0,17558,-3000,14558
2011/11/15,0,0,-1000,-1000
2011/11/16,0,0,0,0
2011/11/17,0,2000,0,2000
2011/11/18,0,1000,-600000,-599000
2011/11/21,0,4000,0,4000
2011/11/22,0,2000,-3100,-1100
2011/11/23,0,7000,-171640,-164640
2011/11/24,0,5000,0,5000
2011/11/25,0,10000,0,10000
2011/11/28,0,2000,0,2000
2011/11/29,0,2000,0,2000
2011/11/30,0,0,-240570,-240570
2011/12/01,0,3000000,0,3000000
2011/12/02,0,0,0,0
2011/12/05,0,0,-3000,-3000
2011/12/06,0,0,0,0
2011/12/07,0,2000,0,2000
2011/12/08,0,0,0,0
2011/12/09,0,23833,0,23833
2011/12/12,0,0,0,0
2011/12/13,0,0,0,0
2011/12/14,0,10000,0,10000
2011/12/15,0,9000,0,9000
2011/12/16,0,1000,-3500,-2500
2011/12/19,0,3000,0,3000
2011/12/20,0,2000,0,2000
2011/12/21,0,0,0,0
2011/12/22,0,3000,0,3000
2011/12/23,0,700000,-3000,697000
2011/12/26,0,0,0,0
2011/12/27,0,6000,0,6000
2011/12/28,0,0,-3000,-3000
2011/12/29,0,0,0,0
2011/12/30,0,0,-4000,-4000
2012/01/02,0,6000,0,6000
2012/01/03,0,0,-9000,-9000
2012/01/04,0,0,0,0
2012/01/05,0,0,-37288,-37288
2012/01/06,0,0,-2000,-2000
2012/01/09,0,0,-1000,-1000
2012/01/10,0,0,-1000,-1000
2012/01/11,0,0,-3000,-3000
2012/01/12,0,0,-6000,-6000
2012/01/13,0,0,-9000,-9000
2012/01/16,0,0,-3000,-3000
2012/01/17,0,0,0,0
2012/01/18,0,0,-3000,-3000
2012/01/19,0,0,0,0
2012/01/20,0,0,0,0
2012/01/23,0,0,0,0
2012/01/24,0,0,0,0
2012/01/25,0,0,0,0
2012/01/26,0,0,0,0
2012/01/27,0,0,0,0
2012/01/30,0,1900000,-1000,1899000
2012/01/31,0,1000000,-1000,999000
2012/02/01,0,380000,-4000,376000
2012/02/02,0,800000,-4000,796000
2012/02/03,0,0,-4000,-4000
2012/02/06,0,890000,-8000,882000
2012/02/07,0,600000,0,600000
2012/02/08,0,800000,-2000,798000
2012/02/09,0,483659,-3000,480659
2012/02/10,0,80000,-236000,-156000
2012/02/13,0,70000,-399000,-329000
2012/02/14,0,137000,-1002000,-865000
2012/02/15,0,0,-402000,-402000
2012/02/16,0,0,-1000,-1000
2012/02/17,0,2000,0,2000
2012/02/20,0,0,-1000,-1000
2012/02/21,0,740000,0,740000
2012/02/22,0,0,0,0
2012/02/23,0,0,-451000,-451000
2012/02/24,0,0,-3000,-3000
2012/02/27,0,0,0,0
2012/02/28,0,0,0,0
2012/02/29,0,0,-1000,-1000
2012/03/01,0,0,-1001000,-1001000
2012/03/02,0,0,-402000,-402000
2012/03/05,0,0,0,0
2012/03/06,0,0,-601000,-601000
2012/03/07,0,0,-40000,-40000
2012/03/08,0,0,-2073259,-2073259
2012/03/09,0,0,-98000,-98000
2012/03/12,0,0,-371000,-371000
2012/03/13,0,0,-404000,-404000
2012/03/14,0,0,-533000,-533000
2012/03/15,0,0,-43000,-43000
2012/03/16,0,0,-13000,-13000
2012/03/19,0,0,-600500,-600500
2012/03/20,0,0,-1000,-1000
2012/03/21,0,0,0,0
2012/03/22,0,0,0,0
2012/03/23,0,0,0,0
2012/03/26,0,0,0,0
2012/03/27,0,0,0,0
2012/03/28,0,0,-840000,-840000
2012/03/29,0,0,0,0
2012/03/30,0,0,0,0
2012/04/02,0,0,-1000,-1000
2012/04/03,0,0,0,0
2012/04/04,0,0,0,0
2012/04/05,0,1000,-1740672,-1739672
2012/04/06,0,0,0,0
2012/04/09,0,0,-3000,-3000
2012/04/10,0,0,-500000,-500000
2012/04/11,0,0,-660000,-660000
2012/04/12,0,0,0,0
2012/04/13,0,0,0,0
2012/04/16,0,0,0,0
2012/04/17,0,0,0,0
2012/04/18,0,0,0,0
2012/04/19,0,0,0,0
2012/04/20,0,0,0,0
2012/04/23,0,0,0,0
2012/04/24,0,1000,0,1000
2012/04/25,0,0,0,0
2012/04/26,0,0,0,0
2012/04/27,0,0,0,0
2012/04/30,0,0,0,0
2012/05/01,0,0,0,0
2012/05/02,0,3000,0,3000
2012/05/03,0,29885,0,29885
2012/05/04,0,0,-3000,-3000
2012/05/07,0,0,0,0
2012/05/08,0,0,0,0
2012/05/09,0,0,0,0
2012/05/10,0,232000,0,232000
2012/05/11,0,0,0,0
2012/05/14,0,0,0,0
2012/05/15,0,94000,0,94000
2012/05/16,0,1000,0,1000
2012/05/17,0,0,0,0
2012/05/18,0,0,0,0
2012/05/21,0,0,0,0
2012/05/22,0,0,0,0
2012/05/23,0,0,-5000,-5000
2012/05/24,0,0,0,0
2012/05/25,0,0,0,0
2012/05/28,0,0,0,0
2012/05/29,0,0,0,0
2012/05/30,0,1133,-1000,133
2012/05/31,0,248000,0,248000
2012/06/01,0,345000,0,345000
2012/06/04,0,1000,0,1000
2012/06/05,0,1000,0,1000
2012/06/06,0,0,0,0
2012/06/07,0,0,0,0
2012/06/08,0,34000,0,34000
2012/06/11,0,14000,0,14000
2012/06/12,0,42000,0,42000
2012/06/13,0,56000,0,56000
2012/06/14,0,38000,0,38000
2012/06/15,0,0,0,0
2012/06/18,0,412000,0,412000
2012/06/19,0,0,0,0
2012/06/20,0,0,0,0
2012/06/21,0,0,0,0
2012/06/22,0,0,0,0
2012/06/25,0,0,0,0
2012/06/26,0,0,-14271,-14271
2012/06/27,0,0,0,0
2012/06/28,0,0,-2000,-2000
2012/06/29,0,0,0,0
2012/07/02,0,0,-1000,-1000
2012/07/03,0,1000,0,1000
2012/07/04,0,0,0,0
2012/07/05,0,0,-1000,-1000
2012/07/06,0,0,0,0
2012/07/09,0,0,0,0
2012/07/10,0,0,0,0
2012/07/11,0,0,0,0
2012/07/12,0,0,0,0
2012/07/13,0,707000,0,707000
2012/07/16,0,1027000,0,1027000
2012/07/17,0,601000,0,601000
2012/07/18,0,600000,0,600000
2012/07/19,0,0,0,0
2012/07/20,0,0,0,0
2012/07/23,0,0,0,0
2012/07/24,0,0,0,0
2012/07/25,0,0,0,0
2012/07/26,0,0,0,0
2012/07/27,0,0,0,0
2012/07/30,0,0,0,0
2012/07/31,0,0,0,0
2012/08/01,0,0,0,0
2012/08/02,0,0,0,0
2012/08/03,0,0,0,0
2012/08/06,0,0,-1000,-1000
2012/08/07,0,0,-42000,-42000
2012/08/08,0,0,-11000,-11000
2012/08/09,0,724000,-7000,717000
2012/08/10,0,600500,-4000,596500
2012/08/13,0,0,-3000,-3000
2012/08/14,0,0,-2000,-2000
2012/08/15,0,38000,-1000,37000
2012/08/16,0,33000,-3000,30000
2012/08/17,0,407000,-29694,377306
2012/08/20,0,1035000,-1033000,2000
2012/08/21,0,1035000,-1000,1034000
2012/08/22,0,928000,-1177000,-249000
2012/08/23,0,350000,-530000,-180000
2012/08/24,0,0,0,0
2012/08/27,0,0,-1000,-1000
2012/08/28,0,0,0,0
2012/08/29,0,0,-3000,-3000
2012/08/30,0,0,-1000,-1000
2012/08/31,0,0,-1000,-1000
2012/09/03,0,100000,-2000,98000
2012/09/04,0,0,0,0
2012/09/05,0,0,-201000,-201000
2012/09/06,0,0,0,0
2012/09/07,0,60500,0,60500
2012/09/10,0,0,0,0
2012/09/11,0,755000,0,755000
2012/09/12,0,664000,0,664000
2012/09/13,0,650000,0,650000
2012/09/14,0,0,0,0
2012/09/17,0,0,0,0
2012/09/18,0,162000,0,162000
2012/09/19,0,166000,-222000,-56000
2012/09/20,0,0,0,0
2012/09/21,0,0,-221000,-221000
2012/09/24,0,0,0,0
2012/09/25,0,0,0,0
2012/09/26,0,0,-1000,-1000
2012/09/27,0,0,0,0
2012/09/28,0,1000,0,1000
2012/10/01,0,0,0,0
2012/10/02,0,0,0,0
2012/10/03,0,0,0,0
2012/10/04,0,0,0,0
2012/10/05,0,0,-2000,-2000
2012/10/08,0,223000,0,223000
2012/10/09,0,0,0,0
2012/10/10,0,0,0,0
2012/10/11,0,0,0,0
2012/10/12,0,0,-1000,-1000
2012/10/15,0,0,0,0
2012/10/16,0,0,0,0
2012/10/17,0,0,0,0
2012/10/18,0,0,-151000,-151000
2012/10/19,0,0,0,0
2012/10/22,0,0,0,0
2012/10/23,0,0,0,0
2012/10/24,0,0,0,0
2012/10/25,0,0,-3000,-3000
2012/10/26,0,80000,0,80000
2012/10/29,0,47817,-297000,-249183
2012/10/30,0,0,-338000,-338000
2012/10/31,0,0,0,0
2012/11/01,0,0,0,0
2012/11/02,0,1000,0,1000
2012/11/05,0,0,0,0
2012/11/06,0,0,-150000,-150000
2012/11/07,0,0,0,0
2012/11/08,0,0,0,0
2012/11/09,0,0,0,0
2012/11/12,0,0,0,0
2012/11/13,0,1000,0,1000
2012/11/14,0,0,0,0
2012/11/15,0,0,0,0
2012/11/16,0,0,0,0
2012/11/19,0,0,0,0
2012/11/20,0,0,0,0
2012/11/21,0,0,0,0
2012/11/22,0,0,-4490000,-4490000
2012/11/23,0,0,0,0
2012/11/26,0,0,0,0
2012/11/27,0,0,-146000,-146000
2012/11/28,0,3000,-2000,1000
2012/11/29,0,0,0,0
2012/11/30,0,0,-1000,-1000
2012/12/03,0,0,0,0
2012/12/04,0,0,-1000,-1000
2012/12/05,0,0,-701000,-701000
2012/12/06,0,0,0,0
2012/12/07,0,12000,0,12000
2012/12/10,0,0,-571000,-571000
2012/12/11,0,0,0,0
2012/12/12,0,0,0,0
2012/12/13,0,0,-1000,-1000
2012/12/14,0,0,0,0
2012/12/17,0,0,0,0
2012/12/18,0,0,0,0
2012/12/19,0,0,0,0
2012/12/20,0,0,-1000,-1000
2012/12/21,0,470000,-23000,447000
2012/12/24,0,620000,0,620000
2012/12/25,0,0,0,0
2012/12/26,0,0,0,0
2012/12/27,0,650000,0,650000
2012/12/28,0,200000,0,200000
2012/12/31,0,0,0,0
2013/01/01,0,0,0,0
2013/01/02,0,0,0,0
2013/01/03,0,0,-2000,-2000
2013/01/04,0,0,-5000,-5000
2013/01/07,0,150000,-41000,109000
2013/01/08,0,700000,-2000,698000
2013/01/09,0,0,0,0
2013/01/10,0,0,0,0
2013/01/11,0,0,-24000,-24000
2013/01/14,0,0,0,0
2013/01/15,0,0,-2000,-2000
2013/01/16,0,0,-7000,-7000
2013/01/17,0,0,-7531,-7531
2013/01/18,0,0,0,0
2013/01/21,0,0,-14000,-14000
2013/01/22,0,0,-201000,-201000
2013/01/23,0,0,-202000,-202000
2013/01/24,0,401000,-206000,195000
2013/01/25,0,400000,-203000,197000
2013/01/28,0,130000,-700000,-570000
2013/01/29,0,0,0,0
2013/01/30,0,0,0,0
2013/01/31,0,3000,-2000,1000
2013/02/01,0,200000,0,200000
2013/02/04,0,200000,-18000,182000
2013/02/05,0,0,-18000,-18000
2013/02/06,0,0,-5000,-5000
2013/02/07,0,0,0,0
2013/02/08,0,0,0,0
2013/02/11,0,0,0,0
2013/02/12,0,0,0,0
2013/02/13,0,0,0,0
2013/02/14,0,0,0,0
2013/02/15,0,0,0,0
2013/02/18,0,0,0,0
2013/02/19,0,0,-2000,-2000
2013/02/20,0,299000,0,299000
2013/02/21,0,0,-3000,-3000
2013/02/22,0,1320000,-3000,1317000
2013/02/25,0,410000,0,410000
2013/02/26,0,670000,-1000,669000
2013/02/27,0,300000,0,300000
2013/02/28,0,0,0,0
2013/03/01,0,370000,0,370000
2013/03/04,0,350000,0,350000
2013/03/05,0,80000,-185000,-105000
2013/03/06,0,304000,0,304000
2013/03/07,0,0,0,0
2013/03/08,0,0,-1000,-1000
2013/03/11,0,270000,-2000,268000
2013/03/12,0,400000,-2000,398000
2013/03/13,0,150000,-1000,149000
2013/03/14,0,644000,-1000,643000
2013/03/15,0,3330000,-8000,3322000
2013/03/18,0,516000,-3000,513000
2013/03/19,0,800000,0,800000
2013/03/20,0,0,0,0
2013/03/21,0,0,0,0
2013/03/22,0,140000,-2000,138000
2013/03/25,0,0,0,0
2013/03/26,0,140000,0,140000
2013/03/27,0,125000,-421000,-296000
2013/03/28,0,0,-400000,-400000
2013/03/29,0,0,0,0
2013/04/01,0,305000,-1000,304000
2013/04/02,0,0,0,0
2013/04/03,0,0,0,0
2013/04/04,0,0,0,0
2013/04/05,0,0,0,0
2013/04/08,0,0,-15000,-15000
2013/04/09,0,0,-688000,-688000
2013/04/10,0,0,-222000,-222000
2013/04/11,0,0,-756000,-756000
2013/04/12,0,5000,-344000,-339000
2013/04/15,0,0,-1000,-1000
2013/04/16,0,42000,-700000,-658000
2013/04/17,0,40000,-764000,-724000
2013/04/18,0,0,-1610000,-1610000
2013/04/19,0,0,-922373,-922373
2013/04/22,0,0,-500000,-500000
2013/04/23,0,0,-5000,-5000
2013/04/24,0,0,-1000,-1000
2013/04/25,0,0,-399000,-399000
2013/04/26,0,0,-2000,-2000
2013/04/29,0,4000,-1000,3000
2013/04/30,0,0,0,0
2013/05/01,0,0,0,0
2013/05/02,0,131000,0,131000
2013/05/03,0,85000,-7000,78000
2013/05/06,0,0,-772000,-772000
2013/05/07,0,15000,0,15000
2013/05/08,0,0,-1000,-1000
2013/05/09,0,0,-2000,-2000
2013/05/10,0,0,-1000,-1000
2013/05/13,0,0,-7000,-7000
2013/05/14,0,0,-4000,-4000
2013/05/15,0,0,0,0
2013/05/16,0,0,0,0
2013/05/17,0,0,-348000,-348000
2013/05/20,0,0,-2000,-2000
2013/05/21,0,0,0,0
2013/05/22,0,0,-8000,-8000
2013/05/23,0,0,-1000,-1000
2013/05/24,0,0,-765000,-765000
2013/05/27,0,0,-1000,-1000
2013/05/28,0,0,0,0
2013/05/29,0,0,0,0
2013/05/30,0,6000,0,6000
2013/05/31,0,0,0,0
2013/06/03,0,0,0,0
2013/06/04,0,0,0,0
2013/06/05,0,0,0,0
2013/06/06,0,0,-500000,-500000
2013/06/07,0,0,-20000,-20000
2013/06/10,0,0,-500000,-500000
2013/06/11,0,0,-17000,-17000
2013/06/12,0,0,0,0
2013/06/13,0,0,-18000,-18000
2013/06/14,0,0,0,0
2013/06/17,0,0,0,0
2013/06/18,0,0,-1000,-1000
2013/06/19,0,0,0,0
2013/06/20,0,0,0,0
2013/06/21,0,2000,0,2000
2013/06/24,0,0,-1000,-1000
2013/06/25,0,0,0,0
2013/06/26,0,0,0,0
2013/06/27,0,0,0,0
2013/06/28,0,1000,0,1000
2013/07/01,0,0,0,0
2013/07/02,0,0,-400000,-400000
2013/07/03,0,0,-292000,-292000
2013/07/04,0,8000,0,8000
2013/07/05,0,2000,-1000,1000
2013/07/08,0,0,0,0
2013/07/09,0,0,0,0
2013/07/10,0,0,0,0
2013/07/11,0,6895,0,6895
2013/07/12,0,0,0,0
2013/07/15,0,0,-250000,-250000
2013/07/16,0,0,0,0
2013/07/17,0,0,0,0
2013/07/18,0,0,-4000,-4000
2013/07/19,0,1000,0,1000
2013/07/22,0,0,0,0
2013/07/23,0,1000,-472000,-471000
2013/07/24,0,0,0,0
2013/07/25,0,250000,0,250000
2013/07/26,0,250000,0,250000
2013/07/29,0,100000,0,100000
2013/07/30,0,141000,-3000,138000
2013/07/31,0,50000,-401000,-351000
2013/08/01,0,0,-400000,-400000
2013/08/02,0,0,-400000,-400000
2013/08/05,0,218000,-414000,-196000
2013/08/06,0,0,-400000,-400000
2013/08/07,0,0,-308000,-308000
2013/08/08,0,0,0,0
2013/08/09,0,0,0,0
2013/08/12,0,0,0,0
2013/08/13,0,0,0,0
2013/08/14,0,0,-200000,-200000
2013/08/15,0,0,-101000,-101000
2013/08/16,0,0,-200000,-200000
2013/08/19,0,0,-200000,-200000
2013/08/20,0,0,-165000,-165000
2013/08/21,0,0,0,0
2013/08/22,0,0,-84000,-84000
2013/08/23,0,0,-137000,-137000
2013/08/26,0,0,0,0
2013/08/27,0,0,0,0
2013/08/28,0,0,-200000,-200000
2013/08/29,0,0,-114000,-114000
2013/08/30,0,1000,0,1000
2013/09/02,0,0,0,0
2013/09/03,0,0,-9701,-9701
2013/09/04,0,0,0,0
2013/09/05,0,270000,-293000,-23000
2013/09/06,0,0,-250000,-250000
2013/09/09,0,0,-307000,-307000
2013/09/10,0,0,-134000,-134000
2013/09/11,0,420000,0,420000
2013/09/12,0,753000,0,753000
2013/09/13,0,895000,-22225,872775
2013/09/16,0,0,-11700,-11700
2013/09/17,0,0,0,0
2013/09/18,0,3000,-550000,-547000
2013/09/19,0,0,0,0
2013/09/20,0,0,0,0
2013/09/23,0,143000,0,143000
2013/09/24,0,1300500,0,1300500
2013/09/25,0,0,-470865,-470865
2013/09/26,0,0,0,0
2013/09/27,0,145000,0,145000
2013/09/30,0,0,0,0
2013/10/01,0,0,0,0
2013/10/02,0,127000,0,127000
2013/10/03,0,730000,0,730000
2013/10/04,0,1724000,0,1724000
2013/10/07,0,883000,-226000,657000
2013/10/08,0,1051000,-937180,113820
2013/10/09,0,189000,-700000,-511000
2013/10/10,0,0,0,0
2013/10/11,0,151000,0,151000
2013/10/14,0,200000,0,200000
2013/10/15,0,1016000,0,1016000
2013/10/16,0,148000,0,148000
2013/10/17,0,0,-55000,-55000
2013/10/18,0,0,-1000,-1000
2013/10/21,0,257000,0,257000
2013/10/22,0,0,-13000,-13000
2013/10/23,0,0,-1000,-1000
2013/10/24,0,121000,0,121000
2013/10/25,0,0,0,0
2013/10/28,0,1235000,-2000,1233000
2013/10/29,0,1639000,0,1639000
2013/10/30,0,531000,0,531000
2013/10/31,0,298000,0,298000
2013/11/01,0,0,-3000,-3000
2013/11/04,0,0,0,0
2013/11/05,0,200000,0,200000
2013/11/06,0,0,-160000,-160000
2013/11/07,0,955000,-736300,218700
2013/11/08,0,0,0,0
2013/11/11,0,0,0,0
2013/11/12,0,145000,0,145000
2013/11/13,0,0,0,0
2013/11/14,0,0,0,0
2013/11/15,0,0,0,0
2013/11/18,0,112000,0,112000
2013/11/19,0,0,0,0
2013/11/20,0,106000,0,106000
2013/11/21,0,124000,0,124000
2013/11/22,0,122000,0,122000
2013/11/25,0,0,-6321,-6321
2013/11/26,0,1146000,-52000,1094000
2013/11/27,0,539000,0,539000
2013/11/28,0,517000,0,517000
2013/11/29,0,361000,0,361000
2013/12/02,0,0,-451000,-451000
2013/12/03,0,365000,-411000,-46000
2013/12/04,0,0,-1166000,-1166000
2013/12/05,0,0,-1907000,-1907000
2013/12/06,0,0,-293000,-293000
2013/12/09,0,0,-1664000,-1664000
2013/12/10,0,0,-706000,-706000
2013/12/11,0,0,-2289000,-2289000
2013/12/12,0,0,-862000,-862000
2013/12/13,0,0,0,0
2013/12/16,0,0,0,0
2013/12/17,0,0,-1000,-1000
2013/12/18,0,0,-1000,-1000
2013/12/19,0,0,0,0
2013/12/20,0,0,-264000,-264000
2013/12/23,0,0,0,0
2013/12/24,0,0,-197000,-197000
2013/12/25,0,0,-7000,-7000
2013/12/26,0,0,-2000,-2000
2013/12/27,0,4000,-24000,-20000
2013/12/30,0,0,-18000,-18000
2013/12/31,0,0,-1000,-1000
2014/01/02,0,0,-223000,-223000
2014/01/03,0,0,0,0
2014/01/06,0,1000,-300000,-299000
2014/01/07,0,0,-2000,-2000
2014/01/08,0,2000,-100000,-98000
2014/01/09,0,0,0,0
2014/01/10,0,0,-56000,-56000
2014/01/13,0,0,0,0
2014/01/14,0,0,0,0
2014/01/15,0,2000,0,2000
2014/01/16,0,0,0,0
2014/01/17,0,0,-1000,-1000
2014/01/20,0,0,0,0
2014/01/21,0,0,-1787000,-1787000
2014/01/22,0,0,-912000,-912000
2014/01/23,0,0,0,0
2014/01/24,0,0,-1000,-1000
2014/01/27,0,0,-101000,-101000
2014/02/05,0,0,-390000,-390000
2014/02/06,0,0,-546000,-546000
2014/02/07,0,0,0,0
2014/02/10,0,0,0,0
2014/02/11,0,0,-1000,-1000
2014/02/12,0,0,-654000,-654000
2014/02/13,0,22000,0,22000
2014/02/14,0,237,0,237
2014/02/17,0,0,0,0
2014/02/18,0,0,0,0
2014/02/19,0,0,-58000,-58000
2014/02/20,0,0,-56000,-56000
2014/02/21,0,0,0,0
2014/02/24,0,0,-1000,-1000
2014/02/25,0,0,0,0
2014/02/26,0,0,0,0
2014/02/27,0,0,0,0
2014/03/03,0,0,-1000,-1000
2014/03/04,0,0,0,0
2014/03/05,0,0,0,0
2014/03/06,0,0,-14000,-14000
2014/03/07,0,0,-1000,-1000
2014/03/10,0,0,-5000,-5000
2014/03/11,0,0,0,0
2014/03/12,0,0,-1000,-1000
2014/03/13,0,0,0,0
2014/03/14,0,0,0,0
2014/03/17,0,0,-1000,-1000
2014/03/18,0,0,0,0
2014/03/19,0,530000,-1000,529000
2014/03/20,0,0,-2000,-2000
2014/03/21,0,1550000,-3000,1547000
2014/03/24,0,950000,0,950000
2014/03/25,0,2357000,0,2357000
2014/03/26,0,1091000,0,1091000
2014/03/27,0,0,0,0
2014/03/28,0,800000,-1000,799000
2014/03/31,0,0,0,0
2014/04/01,0,86000,0,86000
2014/04/02,0,0,0,0
2014/04/03,0,0,-18000,-18000
2014/04/07,0,0,-1000,-1000
2014/04/08,0,0,0,0
2014/04/09,0,0,0,0
2014/04/10,0,0,-269,-269
2014/04/11,0,0,0,0
2014/04/14,0,0,0,0
2014/04/15,0,4000,0,4000
2014/04/16,0,0,-2000,-2000
2014/04/17,0,0,-2000,-2000
2014/04/18,0,0,-2000,-2000
2014/04/21,0,0,-5000,-5000
2014/04/22,0,0,-4000,-4000
2014/04/23,0,0,0,0
2014/04/24,0,0,0,0
2014/04/25,0,0,0,0
2014/04/28,0,0,-600000,-600000
2014/04/29,0,0,-300000,-300000
2014/04/30,0,0,-687000,-687000
2014/05/02,0,0,-600000,-600000
2014/05/05,0,0,-300000,-300000
2014/05/06,0,0,-1136000,-1136000
2014/05/07,0,0,-997000,-997000
2014/05/08,0,0,-600000,-600000
2014/05/09,0,0,-1000,-1000
2014/05/12,0,0,0,0
2014/05/13,0,0,-1000,-1000
2014/05/14,0,0,0,0
2014/05/15,0,28000,-880000,-852000
2014/05/16,0,0,-900000,-900000
2014/05/19,0,0,-366000,-366000
2014/05/20,0,0,0,0
2014/05/21,0,0,0,0
2014/05/22,0,0,0,0
2014/05/23,0,0,-200000,-200000
2014/05/26,0,0,-9000,-9000
2014/05/27,0,0,-2000,-2000
2014/05/28,0,0,0,0
2014/05/29,0,0,-200000,-200000
2014/05/30,0,0,-1000,-1000
2014/06/03,0,0,-100000,-100000
2014/06/04,0,0,-200000,-200000
2014/06/05,0,0,0,0
2014/06/06,0,10000,0,10000
2014/06/09,0,0,0,0
2014/06/10,0,2000,-1000,1000
2014/06/11,0,0,0,0
2014/06/12,0,0,-147000,-147000
2014/06/13,0,0,-2000,-2000
2014/06/16,0,0,-72000,-72000
2014/06/17,0,0,0,0
2014/06/18,0,0,0,0
2014/06/19,0,0,0,0
2014/06/20,0,0,-2000,-2000
2014/06/23,0,0,0,0
2014/06/24,0,0,0,0
2014/06/25,0,0,0,0
2014/06/26,0,0,0,0
2014/06/27,0,0,0,0
2014/06/30,0,0,0,0
2014/07/01,0,0,0,0
2014/07/02,0,0,-9608,-9608
2014/07/03,0,0,0,0
2014/07/04,0,0,0,0
2014/07/07,0,0,0,0
2014/07/08,0,0,-1000,-1000
2014/07/09,0,0,0,0
2014/07/10,0,0,0,0
2014/07/11,0,0,0,0
2014/07/14,0,0,0,0
2014/07/15,0,0,-5000,-5000
2014/07/16,0,0,0,0
2014/07/17,0,0,0,0
2014/07/18,0,0,0,0
2014/07/21,0,0,0,0
2014/07/22,0,0,0,0
2014/07/23,0,0,0,0
2014/07/24,0,0,0,0
2014/07/25,0,0,0,0
2014/07/28,0,0,0,0
2014/07/29,0,0,0,0
2014/07/30,0,33000,0,33000
2014/07/31,0,1000,0,1000
2014/08/01,0,0,0,0
2014/08/04,0,0,0,0
2014/08/05,0,0,0,0
2014/08/06,0,0,0,0
2014/08/07,0,0,0,0
2014/08/08,0,0,0,0
2014/08/11,0,0,0,0
2014/08/12,0,7000,0,7000
2014/08/13,0,1000,0,1000
2014/08/14,0,0,0,0
2014/08/15,0,0,0,0
2014/08/18,0,0,0,0
2014/08/19,0,0,-1000,-1000
2014/08/20,0,0,0,0
2014/08/21,0,0,-48000,-48000
2014/08/22,0,0,0,0
2014/08/25,0,0,0,0
2014/08/26,0,0,0,0
2014/08/27,0,0,0,0
2014/08/28,0,0,-9000,-9000
2014/08/29,0,0,0,0
2014/09/01,0,0,0,0
2014/09/02,0,0,0,0
2014/09/03,0,0,0,0
2014/09/04,0,0,0,0
2014/09/05,0,0,0,0
2014/09/09,0,0,0,0
2014/09/10,0,0,0,0
2014/09/11,0,0,0,0
2014/09/12,0,0,0,0
2014/09/15,0,0,-1000,-1000
2014/09/16,0,0,0,0
2014/09/17,0,0,0,0
2014/09/18,0,0,0,0
2014/09/19,0,0,0,0
2014/09/22,0,7025,0,7025
2014/09/23,0,0,-2071,-2071
2014/09/24,0,0,0,0
2014/09/25,0,0,0,0
2014/09/26,0,0,0,0
2014/09/29,0,0,0,0
2014/09/30,0,0,0,0
2014/10/01,0,0,0,0
2014/10/02,0,1000,0,1000
2014/10/03,0,0,0,0
2014/10/06,0,0,0,0
2014/10/07,0,0,0,0
2014/10/08,0,0,0,0
2014/10/09,0,0,-420,-420
2014/10/13,0,0,0,0
2014/10/14,0,500,0,500
2014/10/15,0,0,0,0
2014/10/16,0,0,0,0
2014/10/17,0,0,0,0
2014/10/20,0,0,0,0
2014/10/21,0,0,0,0
2014/10/22,0,0,0,0
2014/10/23,0,0,0,0
2014/10/24,0,0,0,0
2014/10/27,0,0,0,0
2014/10/28,0,0,0,0
2014/10/29,0,3000,0,3000
2014/10/30,0,0,0,0
2014/10/31,0,0,0,0
2014/11/03,0,0,-2000,-2000
2014/11/04,0,0,0,0
2014/11/05,0,0,0,0
2014/11/06,0,0,0,0
2014/11/07,0,500000,0,500000
2014/11/10,0,0,0,0
2014/11/11,0,0,0,0
2014/11/12,0,0,0,0
2014/11/13,0,0,0,0
2014/11/14,0,0,0,0
2014/11/17,0,0,0,0
2014/11/18,0,0,0,0
2014/11/19,0,0,0,0
2014/11/20,0,0,0,0
2014/11/21,0,0,0,0
2014/11/24,0,0,0,0
2014/11/25,0,0,0,0
2014/11/26,0,0,-1000,-1000
2014/11/27,0,0,0,0
2014/11/28,0,0,0,0
2014/12/01,0,0,0,0
2014/12/02,0,0,0,0
2014/12/03,0,0,0,0
2014/12/04,0,0,0,0
2014/12/05,0,0,0,0
2014/12/08,0,300000,0,300000
2014/12/09,0,0,0,0
2014/12/10,0,0,0,0
2014/12/11,0,200000,-782,199218
2014/12/12,0,0,0,0
2014/12/15,0,0,0,0
2014/12/16,0,350000,0,350000
2014/12/17,0,0,0,0
2014/12/18,0,0,0,0
2014/12/19,0,0,-7000,-7000
2014/12/22,0,0,0,0
2014/12/23,0,0,0,0
2014/12/24,0,0,0,0
2014/12/25,0,0,0,0
2014/12/26,0,0,0,0
2014/12/29,0,0,0,0
2014/12/30,0,0,0,0
2014/12/31,0,0,0,0
2015/01/01,0,0,0,0
2015/01/02,0,0,0,0
2015/01/05,0,0,0,0
2015/01/06,0,0,0,0
2015/01/07,0,0,-1000,-1000
2015/01/08,0,0,0,0
2015/01/09,0,0,0,0
2015/01/12,0,0,0,0
2015/01/13,0,0,0,0
2015/01/14,0,0,0,0
2015/01/15,0,0,0,0
2015/01/16,0,0,0,0
2015/01/19,0,0,0,0
2015/01/20,0,0,-280000,-280000
2015/01/21,0,0,0,0
2015/01/22,0,0,0,0
2015/01/23,0,0,0,0
2015/01/26,0,0,0,0
2015/01/27,0,0,0,0
2015/01/28,0,0,-400000,-400000
2015/01/29,0,0,-300000,-300000
2015/01/30,0,0,0,0
2015/02/02,0,0,0,0
2015/02/03,0,0,0,0
2015/02/04,0,0,0,0
2015/02/05,0,0,0,0
2015/02/06,0,0,0,0
2015/02/09,0,0,0,0
2015/02/10,0,0,0,0
2015/02/11,0,0,0,0
2015/02/12,0,0,0,0
2015/02/13,0,0,-1000,-1000
2015/02/16,0,0,0,0
2015/02/17,0,0,0,0
2015/02/18,0,0,0,0
2015/02/19,0,0,0,0
2015/02/20,0,0,0,0
2015/02/23,0,0,0,0
2015/02/24,0,0,0,0
2015/02/25,0,0,0,0
2015/02/26,0,0,0,0
2015/02/27,0,0,0,0
2015/03/02,0,0,0,0
2015/03/03,0,0,0,0
2015/03/04,0,0,0,0
2015/03/05,0,0,0,0
2015/03/06,0,0,0,0
2015/03/09,0,0,0,0
2015/03/10,0,0,0,0
2015/03/11,0,0,0,0
2015/03/12,0,3624,0,3624
2015/03/13,0,0,0,0
2015/03/16,0,0,0,0
2015/03/17,0,0,0,0
2015/03/18,0,0,0,0
2015/03/19,0,0,0,0
2015/03/20,0,1000,0,1000
2015/03/23,0,0,0,0
2015/03/24,0,0,0,0
2015/03/25,0,0,0,0
2015/03/26,0,0,0,0
2015/03/27,0,0,0,0
2015/03/30,0,0,0,0
2015/03/31,0,0,0,0
2015/04/01,0,0,0,0
2015/04/02,0,0,0,0
2015/04/03,0,0,0,0
2015/04/06,0,0,0,0
2015/04/07,0,0,0,0
2015/04/08,0,0,0,0
2015/04/09,0,0,0,0
2015/04/10,0,0,0,0
2015/04/13,0,0,0,0
2015/04/14,0,0,0,0
2015/04/15,0,0,0,0
2015/04/16,0,0,0,0
2015/04/17,0,666000,0,666000
2015/04/20,0,0,0,0
2015/04/21,0,0,0,0
2015/04/22,0,0,0,0
2015/04/23,0,434000,0,434000
2015/04/24,0,690000,-1000,689000
2015/04/27,0,794000,0,794000
2015/04/28,0,560000,0,560000
2015/04/29,0,485000,-3000,482000
2015/04/30,0,0,0,0
2015/05/01,0,0,0,0
2015/05/04,0,0,0,0
2015/05/05,0,0,0,0
2015/05/06,0,0,-62000,-62000
2015/05/07,0,106000,0,106000
2015/05/08,0,0,0,0
2015/05/11,0,0,0,0
2015/05/12,0,0,0,0
2015/05/13,0,0,0,0
2015/05/14,0,0,0,0
2015/05/15,0,0,0,0
2015/05/18,0,166000,0,166000
2015/05/19,0,0,0,0
2015/05/20,0,0,0,0
2015/05/21,0,0,0,0
2015/05/22,0,0,0,0
2015/05/25,0,0,0,0
2015/05/26,0,0,0,0
2015/05/27,0,0,0,0
2015/05/28,0,0,0,0
2015/05/29,0,0,0,0
2015/06/01,0,0,0,0
2015/06/02,0,0,0,0
2015/06/03,0,0,0,0
2015/06/04,0,0,-1098,-1098
2015/06/05,0,0,-1000,-1000
2015/06/08,0,0,0,0
2015/06/09,0,0,0,0
2015/06/10,0,0,0,0
2015/06/11,0,0,0,0
2015/06/12,0,0,0,0
2015/06/15,0,0,0,0
2015/06/16,0,0,0,0
2015/06/17,0,0,-478000,-478000
2015/06/18,0,0,-716000,-716000
2015/06/19,0,0,0,0
2015/06/22,0,0,-658760,-658760
2015/06/23,0,0,-558000,-558000
2015/06/24,0,0,0,0
2015/06/25,0,0,0,0
2015/06/26,0,266000,0,266000
2015/06/29,0,0,0,0
2015/06/30,0,0,0,0
2015/07/01,0,0,0,0
2015/07/02,0,0,0,0
2015/07/03,0,0,0,0
2015/07/06,0,0,0,0
2015/07/07,0,0,0,0
2015/07/08,0,0,0,0
2015/07/09,0,0,0,0
2015/07/10,0,0,0,0
2015/07/13,0,0,0,0
2015/07/14,0,0,0,0
2015/07/15,0,0,0,0
2015/07/16,0,0,0,0
2015/07/17,0,0,0,0
2015/07/20,0,0,0,0
2015/07/21,0,1000,0,1000
2015/07/22,0,0,0,0
2015/07/23,0,0,0,0
2015/07/24,0,0,0,0
2015/07/27,0,0,0,0
2015/07/28,0,0,-476000,-476000
2015/07/29,0,0,-166000,-166000
2015/07/30,0,0,0,0
2015/07/31,0,0,0,0
2015/08/03,0,0,0,0
2015/08/04,0,0,0,0
2015/08/05,0,0,0,0
2015/08/06,0,0,0,0
2015/08/07,0,0,0,0
2015/08/10,0,0,0,0
2015/08/11,0,0,0,0
2015/08/12,0,0,0,0
2015/08/13,0,0,0,0
2015/08/14,0,0,0,0
2015/08/17,0,0,0,0
2015/08/18,0,0,0,0
2015/08/19,0,0,0,0
2015/08/20,0,0,0,0
2015/08/21,0,0,0,0
2015/08/24,0,0,-236000,-236000
2015/08/25,0,1912,-428000,-426088
2015/08/26,0,0,-126000,-126000
2015/08/27,0,0,-274000,-274000
2015/08/28,0,1000,0,1000
2015/08/31,0,1000,0,1000
2015/09/01,0,0,0,0
2015/09/02,0,0,0,0
2015/09/03,0,0,0,0
2015/09/04,0,0,-1150,-1150
2015/09/07,0,0,-9940,-9940
2015/09/08,0,0,0,0
2015/09/09,0,0,0,0
2015/09/10,0,0,0,0
2015/09/11,0,0,0,0
2015/09/14,0,0,0,0
2015/09/15,0,0,0,0
2015/09/16,0,0,0,0
2015/09/17,0,0,0,0
2015/09/18,0,0,-3000,-3000
2015/09/21,0,0,0,0
2015/09/22,0,0,-1906,-1906
2015/09/23,0,0,0,0
2015/09/24,0,0,0,0
2015/09/25,0,0,0,0
2015/09/28,0,0,0,0
2015/09/29,0,0,0,0
2015/09/30,0,0,0,0
2015/10/01,0,0,0,0
2015/10/02,0,0,0,0
2015/10/05,0,0,0,0
2015/10/06,0,736000,0,736000
2015/10/07,0,0,0,0
2015/10/08,0,0,0,0
2015/10/09,0,0,0,0
2015/10/12,0,0,0,0
2015/10/13,0,0,0,0
2015/10/14,0,0,0,0
2015/10/15,0,317000,0,317000
2015/10/16,0,0,0,0
2015/10/19,0,295000,0,295000
2015/10/20,0,0,0,0
2015/10/21,0,0,0,0
2015/10/22,0,0,0,0
2015/10/23,0,0,0,0
2015/10/26,0,0,0,0
2015/10/27,0,0,0,0
2015/10/28,0,0,0,0
2015/10/29,0,0,0,0
2015/10/30,0,318000,0,318000
2015/11/02,0,0,0,0
2015/11/03,0,0,0,0
2015/11/04,0,0,-1000,-1000
2015/11/05,0,0,0,0
2015/11/06,0,0,0,0
2015/11/09,0,0,0,0
2015/11/10,0,0,0,0
2015/11/11,0,0,0,0
2015/11/12,0,0,0,0
2015/11/13,0,0,0,0
2015/11/16,0,0,0,0
2015/11/17,0,0,0,0
2015/11/18,0,0,0,0
2015/11/19,0,0,0,0
2015/11/20,0,0,0,0
2015/11/23,0,0,0,0
2015/11/24,0,0,0,0
2015/11/25,0,0,0,0
2015/11/26,0,0,0,0
2015/11/27,0,0,0,0
2015/11/30,0,0,0,0
2015/12/01,0,0,0,0
2015/12/02,0,0,0,0
2015/12/03,0,0,0,0
2015/12/04,0,0,0,0
2015/12/07,0,0,0,0
2015/12/08,0,0,0,0
2015/12/09,0,0,0,0
2015/12/10,0,0,0,0
2015/12/11,0,0,-2360,-2360
2015/12/14,0,941,-181000,-180059
2015/12/15,0,0,-178000,-178000
2015/12/16,0,0,0,0
2015/12/17,0,0,0,0
2015/12/18,0,0,0,0
2015/12/21,0,0,0,0
2015/12/22,0,0,0,0
2015/12/23,0,0,0,0
2015/12/24,0,0,0,0
2015/12/25,0,0,0,0
2015/12/28,0,0,0,0
2015/12/29,0,0,0,0
2015/12/30,0,0,0,0
2015/12/31,0,0,0,0
2016/01/01,0,0,0,0
2016/01/04,0,0,0,0
2016/01/05,0,0,0,0
2016/01/06,0,0,0,0
2016/01/07,0,0,0,0
2016/01/08,0,0,0,0
2016/01/11,0,0,0,0
2016/01/12,0,0,0,0
2016/01/13,0,0,-132000,-132000
2016/01/14,0,0,-136000,-136000
2016/01/15,0,0,0,0
2016/01/18,0,0,0,0
2016/01/19,0,0,0,0
2016/01/20,0,0,0,0
2016/01/21,0,0,0,0
2016/01/22,0,0,0,0
2016/01/25,0,0,0,0
2016/01/26,0,0,0,0
2016/01/27,0,0,0,0
2016/01/28,0,0,0,0
2016/01/29,0,0,0,0
2016/02/01,0,0,-100000,-100000
2016/02/02,0,0,0,0
2016/02/03,0,0,0,0
2016/02/04,0,0,0,0
2016/02/05,0,0,0,0
2016/02/08,0,0,0,0
2016/02/09,0,0,0,0
2016/02/10,0,0,0,0
2016/02/11,0,0,0,0
2016/02/12,0,0,0,0
2016/02/15,0,3510,0,3510
2016/02/16,0,0,0,0
2016/02/17,0,0,0,0
2016/02/18,0,0,0,0
2016/02/19,0,1000,0,1000
2016/02/22,0,0,0,0
2016/02/23,0,0,0,0
2016/02/24,0,0,0,0
2016/02/25,0,0,0,0
2016/02/26,0,0,0,0
2016/02/29,0,0,0,0
2016/03/01,0,0,0,0
2016/03/02,0,0,-2000,-2000
2016/03/03,0,0,0,0
2016/03/04,0,0,0,0
2016/03/07,0,0,0,0
2016/03/08,0,0,0,0
2016/03/09,0,0,0,0
2016/03/10,0,0,0,0
2016/03/11,0,0,0,0
2016/03/14,0,0,0,0
2016/03/15,0,0,0,0
2016/03/16,0,0,0,0
2016/03/17,0,0,0,0
2016/03/18,0,0,0,0
2016/03/21,0,0,0,0
2016/03/22,0,0,0,0
2016/03/23,0,0,0,0
2016/03/24,0,0,0,0
2016/03/25,0,0,0,0
2016/03/28,0,0,0,0
2016/03/29,0,0,0,0
2016/03/30,0,0,0,0
2016/03/31,0,0,0,0
2016/04/01,0,0,0,0
2016/04/04,0,0,0,0
2016/04/05,0,0,0,0
2016/04/06,0,0,0,0
2016/04/07,0,0,0,0
2016/04/08,0,0,-150000,-150000
2016/04/11,0,0,-100000,-100000
2016/04/12,0,0,-150000,-150000
2016/04/13,0,0,-100000,-100000
2016/04/14,0,0,-150000,-150000
2016/04/15,0,0,-100000,-100000
2016/04/18,0,0,0,0
2016/04/19,0,0,-89000,-89000
2016/04/20,0,0,-1000,-1000
2016/04/21,0,0,-100000,-100000
2016/04/22,0,0,0,0
2016/04/25,0,1000,0,1000
2016/04/26,0,0,0,0
2016/04/27,0,0,0,0
2016/04/28,0,0,0,0
2016/04/29,0,0,0,0
2016/05/02,0,0,0,0
2016/05/03,0,0,0,0
2016/05/04,0,0,0,0
2016/05/05,0,0,0,0
2016/05/06,0,0,0,0
2016/05/09,0,0,0,0
2016/05/10,0,0,-2356,-2356
2016/05/11,0,0,0,0
2016/05/12,0,0,0,0
2016/05/13,0,0,0,0
2016/05/16,0,0,0,0
2016/05/17,0,0,0,0
2016/05/18,0,0,0,0
2016/05/19,0,0,0,0
2016/05/20,0,0,0,0
2016/05/23,0,0,0,0
2016/05/24,0,0,0,0
2016/05/25,0,0,0,0
2016/05/26,0,0,-1000,-1000
2016/05/27,0,0,0,0
2016/05/30,0,0,0,0
2016/05/31,0,0,0,0
2016/06/01,0,0,0,0
2016/06/02,0,0,0,0
2016/06/03,0,0,0,0
2016/06/06,0,0,0,0
2016/06/07,0,0,0,0
2016/06/08,0,0,0,0
2016/06/09,0,0,0,0
2016/06/10,0,0,0,0
2016/06/13,0,0,0,0
2016/06/14,0,0,0,0
2016/06/15,0,0,0,0
2016/06/16,0,0,0,0
2016/06/17,0,5000,0,5000
2016/06/20,0,0,0,0
2016/06/21,0,0,0,0
2016/06/22,0,0,0,0
2016/06/23,0,0,0,0
2016/06/24,0,0,0,0
2016/06/27,0,0,0,0
2016/06/28,0,1000,0,1000
2016/06/29,0,0,0,0
2016/06/30,0,0,0,0
2016/07/01,0,0,0,0
2016/07/04,0,0,0,0
2016/07/05,0,0,0,0
2016/07/06,0,0,0,0
2016/07/07,0,0,0,0
2016/07/08,0,0,0,0
2016/07/11,0,0,0,0
2016/07/12,0,0,0,0
2016/07/13,0,0,0,0
2016/07/14,0,0,-1000,-1000
2016/07/15,0,0,0,0
2016/07/18,0,500000,0,500000
2016/07/19,0,0,-1000,-1000
2016/07/20,0,0,0,0
2016/07/21,0,0,-2000,-2000
2016/07/22,0,300000,0,300000
2016/07/25,0,0,0,0
2016/07/26,0,70000,0,70000
2016/07/27,0,20000,0,20000
2016/07/28,0,150000,0,150000
2016/07/29,0,0,-1129,-1129
2016/08/01,0,50000,0,50000
2016/08/02,0,0,0,0
2016/08/03,0,0,0,0
2016/08/04,0,0,-2000,-2000
2016/08/05,0,50000,0,50000
2016/08/08,0,0,-8000,-8000
2016/08/09,0,0,0,0
2016/08/10,0,181000,0,181000
2016/08/11,0,0,0,0
2016/08/12,0,0,0,0
2016/08/15,0,0,0,0
2016/08/16,0,0,-450000,-450000
2016/08/17,0,0,0,0
2016/08/18,0,0,0,0
2016/08/19,0,0,0,0
2016/08/22,0,0,0,0
2016/08/23,0,0,-250000,-250000
2016/08/24,0,0,0,0
2016/08/25,0,0,-250000,-250000
2016/08/26,0,0,0,0
2016/08/29,0,0,0,0
2016/08/30,0,30000,0,30000
2016/08/31,0,1000,-90000,-89000
2016/09/01,0,0,-91000,-91000
2016/09/02,0,0,0,0
2016/09/05,0,0,0,0
2016/09/06,0,50000,0,50000
2016/09/07,0,0,0,0
2016/09/08,0,0,0,0
2016/09/09,0,0,0,0
2016/09/12,0,0,0,0
2016/09/13,0,0,0,0
2016/09/14,0,0,0,0
2016/09/15,0,0,0,0
2016/09/16,0,0,0,0
2016/09/19,0,0,0,0
2016/09/20,0,0,0,0
2016/09/21,0,0,0,0
2016/09/22,0,0,0,0
2016/09/23,0,0,0,0
2016/09/26,0,0,0,0
2016/09/27,0,0,0,0
2016/09/28,0,0,0,0
2016/09/29,0,0,0,0
2016/09/30,0,1108,0,1108
2016/10/03,0,0,0,0
2016/10/04,0,0,0,0
2016/10/05,0,0,0,0
2016/10/06,0,0,0,0
2016/10/07,0,0,0,0
2016/10/10,0,0,0,0
2016/10/11,0,0,0,0
2016/10/12,0,0,0,0
2016/10/13,0,0,0,0
2016/10/14,0,0,0,0
2016/10/17,0,0,0,0
2016/10/18,0,0,0,0
2016/10/19,0,0,-270000,-270000
2016/10/20,0,0,0,0
2016/10/21,0,0,0,0
2016/10/24,0,0,0,0
2016/10/25,0,0,0,0
2016/10/26,0,0,0,0
2016/10/27,0,0,0,0
2016/10/28,0,0,0,0
2016/10/31,0,0,0,0
2016/11/01,0,0,0,0
2016/11/02,0,614,0,614
2016/11/03,0,0,0,0
2016/11/04,0,0,0,0
2016/11/07,0,0,0,0
2016/11/08,0,0,0,0
2016/11/09,0,0,0,0
2016/11/10,0,0,0,0
2016/11/11,0,0,0,0
2016/11/14,0,0,0,0
2016/11/15,0,0,0,0
2016/11/16,0,0,0,0
2016/11/17,0,0,0,0
2016/11/18,0,0,0,0
2016/11/21,0,0,0,0
2016/11/22,0,1000,0,1000
2016/11/23,0,0,0,0
2016/11/24,0,0,0,0
2016/11/25,0,0,0,0
2016/11/28,0,0,0,0
2016/11/29,0,6000,0,6000
2016/11/30,0,0,0,0
2016/12/01,0,0,0,0
2016/12/02,0,0,0,0
2016/12/05,0,0,0,0
2016/12/06,0,0,0,0
2016/12/07,0,0,0,0
2016/12/08,0,0,0,0
2016/12/09,0,0,0,0
2016/12/12,0,0,0,0
2016/12/13,0,0,0,0
2016/12/14,0,0,0,0
2016/12/15,0,0,0,0
2016/12/16,0,0,-1000,-1000
2016/12/19,0,0,0,0
2016/12/20,0,0,0,0
2016/12/21,0,0,0,0
2016/12/22,0,0,0,0
2016/12/23,0,0,0,0
2016/12/26,0,0,0,0
2016/12/27,0,0,0,0
2016/12/28,0,0,0,0
2016/12/29,0,0,0,0
2016/12/30,0,0,0,0
2017/01/02,0,0,0,0
2017/01/03,0,0,0,0
2017/01/04,0,0,0,0
2017/01/05,0,0,0,0
2017/01/06,0,0,0,0
2017/01/09,0,0,0,0
2017/01/10,0,0,0,0
2017/01/11,0,0,0,0
2017/01/12,0,0,0,0
2017/01/13,0,0,0,0
2017/01/16,0,0,0,0
2017/01/17,0,0,0,0
2017/01/18,0,0,0,0
2017/01/19,0,0,0,0
2017/01/20,0,0,0,0
2017/01/23,0,0,-383,-383
2017/01/24,0,0,0,0
2017/01/25,0,0,0,0
2017/01/26,0,0,0,0
2017/01/27,0,0,0,0
2017/01/30,0,0,0,0
2017/01/31,0,0,0,0
2017/02/01,0,0,0,0
2017/02/02,0,0,0,0
2017/02/03,0,0,0,0
2017/02/06,0,0,0,0
2017/02/07,0,0,0,0
2017/02/08,0,0,0,0
2017/02/09,0,0,0,0
2017/02/10,0,0,0,0
2017/02/13,0,0,0,0
2017/02/14,0,0,0,0
2017/02/15,0,0,0,0
2017/02/16,0,0,0,0
2017/02/17,0,0,0,0
2017/02/20,0,0,0,0
2017/02/21,0,0,0,0
2017/02/22,0,0,0,0
2017/02/23,0,0,0,0
2017/02/24,0,0,0,0
2017/02/27,0,0,0,0
2017/02/28,0,0,0,0
2017/03/01,0,0,0,0
2017/03/02,0,0,0,0
2017/03/03,0,0,0,0
2017/03/06,0,0,0,0
2017/03/07,0,0,0,0
2017/03/08,0,0,0,0
2017/03/09,0,0,0,0
2017/03/10,0,0,0,0
2017/03/13,0,0,0,0
2017/03/14,0,0,0,0
2017/03/15,0,0,0,0
2017/03/16,0,0,0,0
2017/03/17,0,0,-3000,-3000
2017/03/20,0,0,0,0
2017/03/21,0,0,0,0
2017/03/22,0,0,0,0
2017/03/23,0,0,0,0
2017/03/24,0,0,0,0
2017/03/27,0,0,0,0
2017/03/28,0,0,0,0
2017/03/29,0,0,0,0
2017/03/30,0,0,0,0
2017/03/31,0,0,0,0
2017/04/03,0,0,0,0
2017/04/04,0,0,0,0
2017/04/05,0,0,0,0
2017/04/06,0,0,0,0
2017/04/07,0,0,0,0
2017/04/10,0,0,0,0
2017/04/11,0,0,0,0
2017/04/12,0,0,0,0
2017/04/13,0,0,0,0
2017/04/14,0,0,0,0
2017/04/17,0,0,0,0
2017/04/18,0,0,0,0
2017/04/19,0,0,0,0
