Date,Open,Buy,Sell,Total
2007/01/02,0,4000,0,4000
2007/01/03,0,13000,0,13000
2007/01/04,0,2000,-17000,-15000
2007/01/05,0,7000,-30000,-23000
2007/01/08,0,0,0,0
2007/01/09,0,0,-4000,-4000
2007/01/10,0,0,-1000,-1000
2007/01/11,0,18000,0,18000
2007/01/12,0,5000,0,5000
2007/01/15,0,1000,0,1000
2007/01/16,0,0,0,0
2007/01/17,0,11000,0,11000
2007/01/18,0,0,-3000,-3000
2007/01/19,0,0,0,0
2007/01/22,0,0,-15000,-15000
2007/01/23,0,0,-3000,-3000
2007/01/24,0,0,0,0
2007/01/25,0,0,-6000,-6000
2007/01/26,0,0,-5000,-5000
2007/01/29,0,3000,0,3000
2007/01/30,0,0,0,0
2007/01/31,0,0,-3000,-3000
2007/02/01,0,0,0,0
2007/02/02,0,19000,0,19000
2007/02/05,0,0,-4000,-4000
2007/02/06,0,0,0,0
2007/02/07,0,2000,0,2000
2007/02/08,0,0,0,0
2007/02/09,0,6000,0,6000
2007/02/12,0,0,0,0
2007/02/13,0,0,0,0
2007/02/14,0,0,0,0
2007/02/15,0,0,0,0
2007/02/16,0,0,0,0
2007/02/19,0,0,0,0
2007/02/20,0,0,0,0
2007/02/21,0,0,0,0
2007/02/22,0,0,0,0
2007/02/23,0,0,0,0
2007/02/26,0,0,-10000,-10000
2007/02/27,0,0,-2000,-2000
2007/02/28,0,0,0,0
2007/03/01,0,1000,-6000,-5000
2007/03/02,0,15000,0,15000
2007/03/05,0,19000,-15000,4000
2007/03/06,0,0,0,0
2007/03/07,0,0,-15000,-15000
2007/03/08,0,0,0,0
2007/03/09,0,4000,-8000,-4000
2007/03/12,0,0,0,0
2007/03/13,0,0,0,0
2007/03/14,0,0,-15000,-15000
2007/03/15,0,0,0,0
2007/03/16,0,1000,0,1000
2007/03/19,0,0,0,0
2007/03/20,0,0,-1000,-1000
2007/03/21,0,0,0,0
2007/03/22,0,0,0,0
2007/03/23,0,0,0,0
2007/03/26,0,0,0,0
2007/03/27,0,0,0,0
2007/03/28,0,0,0,0
2007/03/29,0,9000,-1000,8000
2007/03/30,0,0,0,0
2007/04/02,0,0,-8000,-8000
2007/04/03,0,0,0,0
2007/04/04,0,2000,-6000,-4000
2007/04/05,0,0,0,0
2007/04/06,0,0,0,0
2007/04/09,0,0,0,0
2007/04/10,0,0,-1000,-1000
2007/04/11,0,14000,0,14000
2007/04/12,0,1000,0,1000
2007/04/13,0,0,0,0
2007/04/16,0,0,0,0
2007/04/17,0,0,0,0
2007/04/18,0,0,-1000,-1000
2007/04/19,0,2000,-21000,-19000
2007/04/20,0,0,0,0
2007/04/23,0,21000,0,21000
2007/04/24,0,0,-2000,-2000
2007/04/25,0,5000,-8000,-3000
2007/04/26,0,0,-4000,-4000
2007/04/27,0,1000,0,1000
2007/04/30,0,0,0,0
2007/05/01,0,0,0,0
2007/05/02,0,0,0,0
2007/05/03,0,7000,0,7000
2007/05/04,0,81000,0,81000
2007/05/07,0,5000,-8000,-3000
2007/05/08,0,0,0,0
2007/05/09,0,0,0,0
2007/05/10,0,0,0,0
2007/05/11,0,0,0,0
2007/05/14,0,0,0,0
2007/05/15,0,0,-12000,-12000
2007/05/16,0,3000,-5000,-2000
2007/05/17,0,0,0,0
2007/05/18,0,1000,0,1000
2007/05/21,0,7000,0,7000
2007/05/22,0,0,-1000,-1000
2007/05/23,0,0,0,0
2007/05/24,0,0,0,0
2007/05/25,0,0,-4000,-4000
2007/05/28,0,0,-3000,-3000
2007/05/29,0,1000,0,1000
2007/05/30,0,3000,0,3000
2007/05/31,0,0,0,0
2007/06/01,0,5000,0,5000
2007/06/04,0,0,-3000,-3000
2007/06/05,0,0,0,0
2007/06/06,0,0,0,0
2007/06/07,0,0,-1000,-1000
2007/06/08,0,0,0,0
2007/06/11,0,0,0,0
2007/06/12,0,0,0,0
2007/06/13,0,0,0,0
2007/06/14,0,0,-10000,-10000
2007/06/15,0,0,0,0
2007/06/18,0,0,0,0
2007/06/19,0,0,0,0
2007/06/20,0,8000,-2000,6000
2007/06/21,0,37000,0,37000
2007/06/22,0,0,0,0
2007/06/25,0,36000,0,36000
2007/06/26,0,0,0,0
2007/06/27,0,0,0,0
2007/06/28,0,0,0,0
2007/06/29,0,39000,0,39000
2007/07/02,0,0,0,0
2007/07/03,0,0,0,0
2007/07/04,0,24000,0,24000
2007/07/05,0,23000,0,23000
2007/07/06,0,0,0,0
2007/07/09,0,206000,0,206000
2007/07/10,0,328000,-8000,320000
2007/07/11,0,165000,0,165000
2007/07/12,0,407000,0,407000
2007/07/13,0,374000,-2000,372000
2007/07/16,0,301000,-8000,293000
2007/07/17,0,460000,-10000,450000
2007/07/18,0,538000,-5000,533000
2007/07/19,0,7000,-24000,-17000
2007/07/20,0,3000,-3000,0
2007/07/23,0,3000,0,3000
2007/07/24,0,3000,0,3000
2007/07/25,0,69000,0,69000
2007/07/26,0,6000,0,6000
2007/07/27,0,59000,-23000,36000
2007/07/30,0,0,-43000,-43000
2007/07/31,0,0,-48000,-48000
2007/08/01,0,2000,-125000,-123000
2007/08/02,0,2000,-6000,-4000
2007/08/03,0,7000,-1000,6000
2007/08/06,0,15000,-8000,7000
2007/08/07,0,0,-1000,-1000
2007/08/08,0,4000,-28000,-24000
2007/08/09,0,0,0,0
2007/08/10,0,0,-14000,-14000
2007/08/13,0,1000,-8000,-7000
2007/08/14,0,0,-1000,-1000
2007/08/15,0,0,-4000,-4000
2007/08/16,0,10000,-13000,-3000
2007/08/17,0,0,-1000,-1000
2007/08/20,0,1000,-7000,-6000
2007/08/21,0,0,-4000,-4000
2007/08/22,0,1000,0,1000
2007/08/23,0,2000,0,2000
2007/08/24,0,0,0,0
2007/08/27,0,0,0,0
2007/08/28,0,0,0,0
2007/08/29,0,7000,-1000,6000
2007/08/30,0,0,-8000,-8000
2007/08/31,0,3000,0,3000
2007/09/03,0,8000,-8000,0
2007/09/04,0,0,-1000,-1000
2007/09/05,0,2000,-12000,-10000
2007/09/06,0,0,-4000,-4000
2007/09/07,0,0,-3000,-3000
2007/09/10,0,0,-6000,-6000
2007/09/11,0,1000,-7000,-6000
2007/09/12,0,0,-7000,-7000
2007/09/13,0,2000,-5000,-3000
2007/09/14,0,5000,-1000,4000
2007/09/17,0,0,-2000,-2000
2007/09/18,0,0,0,0
2007/09/19,0,0,0,0
2007/09/20,0,2000,0,2000
2007/09/21,0,8000,0,8000
2007/09/24,0,0,0,0
2007/09/25,0,0,0,0
2007/09/26,0,2000,0,2000
2007/09/27,0,4000,0,4000
2007/09/28,0,2000,-4000,-2000
2007/10/01,0,0,0,0
2007/10/02,0,17000,0,17000
2007/10/03,0,24000,-9000,15000
2007/10/04,0,28000,-2000,26000
2007/10/05,0,1000,0,1000
2007/10/08,0,1000,-1000,0
2007/10/09,0,3000,-1000,2000
2007/10/10,0,0,0,0
2007/10/11,0,13000,0,13000
2007/10/12,0,0,0,0
2007/10/15,0,7000,-2000,5000
2007/10/16,0,0,0,0
2007/10/17,0,57000,-1000,56000
2007/10/18,0,0,0,0
2007/10/19,0,0,0,0
2007/10/22,0,3000,-27000,-24000
2007/10/23,0,0,-22000,-22000
2007/10/24,0,0,-13000,-13000
2007/10/25,0,0,-2000,-2000
2007/10/26,0,12000,0,12000
2007/10/29,0,31000,0,31000
2007/10/30,0,0,-4000,-4000
2007/10/31,0,0,0,0
2007/11/01,0,0,0,0
2007/11/02,0,2000,0,2000
2007/11/05,0,104000,-2000,102000
2007/11/06,0,0,-106000,-106000
2007/11/07,0,0,-194000,-194000
2007/11/08,0,0,-187000,-187000
2007/11/09,0,23000,0,23000
2007/11/12,0,0,-17000,-17000
2007/11/13,0,7000,-160000,-153000
2007/11/14,0,0,-151000,-151000
2007/11/15,0,0,-57000,-57000
2007/11/16,0,0,-112000,-112000
2007/11/19,0,0,-70000,-70000
2007/11/20,0,11000,-83000,-72000
2007/11/21,0,0,-173000,-173000
2007/11/22,0,1000,-102000,-101000
2007/11/23,0,3000,-120000,-117000
2007/11/26,0,20000,-84000,-64000
2007/11/27,0,15000,-75000,-60000
2007/11/28,0,0,-11000,-11000
2007/11/29,0,0,0,0
2007/11/30,0,9000,0,9000
2007/12/03,0,0,-1000,-1000
2007/12/04,0,1000,0,1000
2007/12/05,0,0,-9000,-9000
2007/12/06,0,6000,0,6000
2007/12/07,0,0,-103000,-103000
2007/12/10,0,3000,-62000,-59000
2007/12/11,0,3000,-185000,-182000
2007/12/12,0,12000,-154000,-142000
2007/12/13,0,4000,-130000,-126000
2007/12/14,0,8000,-9000,-1000
2007/12/17,0,2000,-22000,-20000
2007/12/18,0,3000,-9000,-6000
2007/12/19,0,0,-3000,-3000
2007/12/20,0,0,-3000,-3000
2007/12/21,0,0,0,0
2007/12/24,0,0,0,0
2007/12/25,0,3000,0,3000
2007/12/26,0,0,0,0
2007/12/27,0,3000,-3000,0
2007/12/28,0,6000,0,6000
2007/12/31,0,4000,-3000,1000
2008/01/01,0,0,0,0
2008/01/02,0,0,-4000,-4000
2008/01/03,0,0,-2000,-2000
2008/01/04,0,4000,0,4000
2008/01/07,0,0,0,0
2008/01/08,0,0,-3000,-3000
2008/01/09,0,0,0,0
2008/01/10,0,3000,-4000,-1000
2008/01/11,0,0,0,0
2008/01/14,0,0,-3000,-3000
2008/01/15,0,3000,0,3000
2008/01/16,0,16000,0,16000
2008/01/17,0,10000,-4000,6000
2008/01/18,0,18000,0,18000
2008/01/21,0,0,-1000,-1000
2008/01/22,0,0,-21000,-21000
2008/01/23,0,7000,-8000,-1000
2008/01/24,0,1000,-4000,-3000
2008/01/25,0,1000,0,1000
2008/01/28,0,0,-3000,-3000
2008/01/29,0,4000,-4000,0
2008/01/30,0,0,-11000,-11000
2008/01/31,0,1000,0,1000
2008/02/01,0,2000,0,2000
2008/02/04,0,0,0,0
2008/02/05,0,0,0,0
2008/02/06,0,0,0,0
2008/02/07,0,0,0,0
2008/02/08,0,0,0,0
2008/02/11,0,0,0,0
2008/02/12,0,0,-43000,-43000
2008/02/13,0,0,-3000,-3000
2008/02/14,0,0,-4000,-4000
2008/02/15,0,2000,-3000,-1000
2008/02/18,0,2000,-1000,1000
2008/02/19,0,2000,0,2000
2008/02/20,0,1000,0,1000
2008/02/21,0,0,0,0
2008/02/22,0,1000,-2000,-1000
2008/02/25,0,1000,0,1000
2008/02/26,0,2000,0,2000
2008/02/27,0,0,-2000,-2000
2008/02/28,0,0,0,0
2008/02/29,0,2000,0,2000
2008/03/03,0,1000,0,1000
2008/03/04,0,18000,0,18000
2008/03/05,0,4000,0,4000
2008/03/06,0,19000,-2000,17000
2008/03/07,0,6000,0,6000
2008/03/10,0,7000,-146000,-139000
2008/03/11,0,0,-100000,-100000
2008/03/12,0,37000,-54000,-17000
2008/03/13,0,2000,-98000,-96000
2008/03/14,0,2000,-42000,-40000
2008/03/17,0,0,-21000,-21000
2008/03/18,0,1000,-280000,-279000
2008/03/19,0,15000,-108000,-93000
2008/03/20,0,63000,-120000,-57000
2008/03/21,0,38000,-105000,-67000
2008/03/24,0,204000,-139411,64589
2008/03/25,0,60000,0,60000
2008/03/26,0,5000,0,5000
2008/03/27,0,0,0,0
2008/03/28,0,0,0,0
2008/03/31,0,0,-12000,-12000
2008/04/01,0,0,-3000,-3000
2008/04/02,0,0,0,0
2008/04/03,0,2000,0,2000
2008/04/04,0,0,0,0
2008/04/07,0,7000,-4000,3000
2008/04/08,0,0,-18000,-18000
2008/04/09,0,4000,-5000,-1000
2008/04/10,0,0,0,0
2008/04/11,0,0,-1000,-1000
2008/04/14,0,1000,-20000,-19000
2008/04/15,0,4000,-27000,-23000
2008/04/16,0,19000,-4000,15000
2008/04/17,0,25000,-17000,8000
2008/04/18,0,7000,0,7000
2008/04/21,0,14000,0,14000
2008/04/22,0,0,-2779,-2779
2008/04/23,0,12000,0,12000
2008/04/24,0,0,0,0
2008/04/25,0,1000,-4000,-3000
2008/04/28,0,0,0,0
2008/04/29,0,4000,-40000,-36000
2008/04/30,0,4000,-4000,0
2008/05/01,0,0,0,0
2008/05/02,0,5000,-4000,1000
2008/05/05,0,58000,-5000,53000
2008/05/06,0,9000,0,9000
2008/05/07,0,4000,-9000,-5000
2008/05/08,0,1000,-2000,-1000
2008/05/09,0,1000,-17000,-16000
2008/05/12,0,1000,-2000,-1000
2008/05/13,0,3000,-1000,2000
2008/05/14,0,2000,0,2000
2008/05/15,0,114000,-2000,112000
2008/05/16,0,9000,-9000,0
2008/05/19,0,12000,0,12000
2008/05/20,0,87000,0,87000
2008/05/21,0,10000,-4000,6000
2008/05/22,0,7000,0,7000
2008/05/23,0,2000,-1000,1000
2008/05/26,0,7000,-6000,1000
2008/05/27,0,4000,0,4000
2008/05/28,0,0,-31000,-31000
2008/05/29,0,2000,0,2000
2008/05/30,0,0,-6000,-6000
2008/06/02,0,0,0,0
2008/06/03,0,0,0,0
2008/06/04,0,0,0,0
2008/06/05,0,9000,-13000,-4000
2008/06/06,0,0,0,0
2008/06/09,0,0,-6000,-6000
2008/06/10,0,69000,-38334,30666
2008/06/11,0,1000,-6000,-5000
2008/06/12,0,0,-7000,-7000
2008/06/13,0,1000,-9000,-8000
2008/06/16,0,0,-15000,-15000
2008/06/17,0,3000,-1000,2000
2008/06/18,0,2000,-23000,-21000
2008/06/19,0,1000,-50000,-49000
2008/06/20,0,21000,-14000,7000
2008/06/23,0,0,-4000,-4000
2008/06/24,0,0,-26000,-26000
2008/06/25,0,28000,0,28000
2008/06/26,0,0,0,0
2008/06/27,0,0,0,0
2008/06/30,0,2000,0,2000
2008/07/01,0,25000,0,25000
2008/07/02,0,35000,0,35000
2008/07/03,0,22000,-26000,-4000
2008/07/04,0,22000,-10000,12000
2008/07/07,0,0,-26000,-26000
2008/07/08,0,0,-50000,-50000
2008/07/09,0,12000,-9000,3000
2008/07/10,0,12000,-3000,9000
2008/07/11,0,5000,-9000,-4000
2008/07/14,0,1000,-3000,-2000
2008/07/15,0,0,-26000,-26000
2008/07/16,0,1000,-20000,-19000
2008/07/17,0,1000,-37000,-36000
2008/07/18,0,0,-34000,-34000
2008/07/21,0,3000,0,3000
2008/07/22,0,8000,0,8000
2008/07/23,0,3000,-1000,2000
2008/07/24,0,0,-5000,-5000
2008/07/25,0,3000,0,3000
2008/07/28,0,0,0,0
2008/07/29,0,0,-2000,-2000
2008/07/30,0,0,-3000,-3000
2008/07/31,0,3000,0,3000
2008/08/01,0,0,0,0
2008/08/04,0,1000,-2000,-1000
2008/08/05,0,2000,0,2000
2008/08/06,0,1000,0,1000
2008/08/07,0,0,0,0
2008/08/08,0,0,0,0
2008/08/11,0,24000,0,24000
2008/08/12,0,2000,-27000,-25000
2008/08/13,0,15000,0,15000
2008/08/14,0,0,0,0
2008/08/15,0,0,-7000,-7000
2008/08/18,0,0,0,0
2008/08/19,0,0,-12000,-12000
2008/08/20,0,1000,-43000,-42000
2008/08/21,0,0,-52000,-52000
2008/08/22,0,1000,-5000,-4000
2008/08/25,0,0,0,0
2008/08/26,0,0,0,0
2008/08/27,0,2000,-1000,1000
2008/08/28,0,1000,0,1000
2008/08/29,0,0,0,0
2008/09/01,0,0,0,0
2008/09/02,0,0,-7000,-7000
2008/09/03,0,11000,-2000,9000
2008/09/04,0,0,0,0
2008/09/05,0,4000,-80000,-76000
2008/09/08,0,6000,0,6000
2008/09/09,0,0,-10000,-10000
2008/09/10,0,2000,-4000,-2000
2008/09/11,0,4000,-31000,-27000
2008/09/12,0,0,-6000,-6000
2008/09/15,0,0,-2000,-2000
2008/09/16,0,0,0,0
2008/09/17,0,0,-14000,-14000
2008/09/18,0,0,-602000,-602000
2008/09/19,0,0,0,0
2008/09/22,0,53000,-603000,-550000
2008/09/23,0,30000,-167000,-137000
2008/09/24,0,22000,-505000,-483000
2008/09/25,0,0,-528000,-528000
2008/09/26,0,0,-525056,-525056
2008/09/29,0,0,0,0
2008/09/30,0,0,-513000,-513000
2008/10/01,0,4000,-22000,-18000
2008/10/02,0,0,-407000,-407000
2008/10/03,0,19000,-400000,-381000
2008/10/06,0,0,-17000,-17000
2008/10/07,0,38000,-25000,13000
2008/10/08,0,0,-1000,-1000
2008/10/09,0,0,0,0
2008/10/10,0,0,0,0
2008/10/13,0,0,-8000,-8000
2008/10/14,0,0,-13000,-13000
2008/10/15,0,0,0,0
2008/10/16,0,0,0,0
2008/10/17,0,0,-2000,-2000
2008/10/20,0,0,0,0
2008/10/21,0,0,-2000,-2000
2008/10/22,0,0,-7000,-7000
2008/10/23,0,0,-2000,-2000
2008/10/24,0,0,0,0
2008/10/27,0,0,0,0
2008/10/28,0,1000,-28000,-27000
2008/10/29,0,0,0,0
2008/10/30,0,0,0,0
2008/10/31,0,10000,-1000,9000
2008/11/03,0,0,-19000,-19000
2008/11/04,0,0,0,0
2008/11/05,0,5000,-750,4250
2008/11/06,0,7000,-52000,-45000
2008/11/07,0,0,-62000,-62000
2008/11/10,0,0,-60000,-60000
2008/11/11,0,0,0,0
2008/11/12,0,1000,0,1000
2008/11/13,0,5000,-1000,4000
2008/11/14,0,1000,0,1000
2008/11/17,0,0,-7000,-7000
2008/11/18,0,1000,0,1000
2008/11/19,0,0,0,0
2008/11/20,0,0,0,0
2008/11/21,0,1000,0,1000
2008/11/24,0,12000,0,12000
2008/11/25,0,0,-6000,-6000
2008/11/26,0,0,0,0
2008/11/27,0,0,0,0
2008/11/28,0,0,-2000,-2000
2008/12/01,0,1000,-6000,-5000
2008/12/02,0,0,0,0
2008/12/03,0,3000,0,3000
2008/12/04,0,0,-2000,-2000
2008/12/05,0,0,0,0
2008/12/08,0,0,-1000,-1000
2008/12/09,0,0,-1000,-1000
2008/12/10,0,1000,0,1000
2008/12/11,0,0,-1000,-1000
2008/12/12,0,33000,0,33000
2008/12/15,0,78000,-1000,77000
2008/12/16,0,11000,0,11000
2008/12/17,0,5000,-2000,3000
2008/12/18,0,1000,0,1000
2008/12/19,0,1000,-9000,-8000
2008/12/22,0,0,-9000,-9000
2008/12/23,0,0,-1000,-1000
2008/12/24,0,1000,-1000,0
2008/12/25,0,0,-1000,-1000
2008/12/26,0,3000,0,3000
2008/12/29,0,0,0,0
2008/12/30,0,0,0,0
2008/12/31,0,0,-3000,-3000
2009/01/01,0,0,0,0
2009/01/02,0,0,0,0
2009/01/05,0,0,0,0
2009/01/06,0,0,0,0
2009/01/07,0,2000,0,2000
2009/01/08,0,0,-2000,-2000
2009/01/09,0,9000,-2000,7000
2009/01/12,0,2000,-2000,0
2009/01/13,0,0,0,0
2009/01/14,0,4000,-13000,-9000
2009/01/15,0,0,-2000,-2000
2009/01/16,0,0,-65000,-65000
2009/01/19,0,0,0,0
2009/01/20,0,5000,0,5000
2009/01/21,0,3000,-63000,-60000
2009/01/22,0,0,0,0
2009/01/23,0,0,0,0
2009/01/26,0,0,0,0
2009/01/27,0,0,0,0
2009/01/28,0,0,0,0
2009/01/29,0,0,0,0
2009/01/30,0,0,0,0
2009/02/02,0,0,-19000,-19000
2009/02/03,0,13000,0,13000
2009/02/04,0,1000,0,1000
2009/02/05,0,0,-4000,-4000
2009/02/06,0,0,0,0
2009/02/09,0,0,0,0
2009/02/10,0,0,-2000,-2000
2009/02/11,0,0,-1000,-1000
2009/02/12,0,0,0,0
2009/02/13,0,0,0,0
2009/02/16,0,0,0,0
2009/02/17,0,0,0,0
2009/02/18,0,21000,-2000,19000
2009/02/19,0,0,-21000,-21000
2009/02/20,0,0,-3000,-3000
2009/02/23,0,1000,0,1000
2009/02/24,0,0,-1000,-1000
2009/02/25,0,2000,-1000,1000
2009/02/26,0,0,0,0
2009/02/27,0,0,0,0
2009/03/02,0,0,0,0
2009/03/03,0,0,0,0
2009/03/04,0,0,-2000,-2000
2009/03/05,0,0,0,0
2009/03/06,0,0,0,0
2009/03/09,0,0,0,0
2009/03/10,0,0,0,0
2009/03/11,0,0,0,0
2009/03/12,0,0,0,0
2009/03/13,0,2000,0,2000
2009/03/16,0,16000,0,16000
2009/03/17,0,3000,0,3000
2009/03/18,0,22000,0,22000
2009/03/19,0,0,0,0
2009/03/20,0,0,0,0
2009/03/23,0,0,0,0
2009/03/24,0,0,0,0
2009/03/25,0,0,0,0
2009/03/26,0,2000,0,2000
2009/03/27,0,0,0,0
2009/03/30,0,0,0,0
2009/03/31,0,1000,0,1000
2009/04/01,0,0,0,0
2009/04/02,0,1000,0,1000
2009/04/03,0,3000,0,3000
2009/04/06,0,0,0,0
2009/04/07,0,0,0,0
2009/04/08,0,0,-22000,-22000
2009/04/09,0,7000,0,7000
2009/04/10,0,17000,0,17000
2009/04/13,0,44000,0,44000
2009/04/14,0,48000,0,48000
2009/04/15,0,8000,0,8000
2009/04/16,0,37000,0,37000
2009/04/17,0,0,-44000,-44000
2009/04/20,0,1000,-48000,-47000
2009/04/21,0,29000,-1000,28000
2009/04/22,0,39000,-4000,35000
2009/04/23,0,29000,-79000,-50000
2009/04/24,0,4000,-31000,-27000
2009/04/27,0,22000,0,22000
2009/04/28,0,6000,-12906,-6906
2009/04/29,0,25000,-2000,23000
2009/04/30,0,63000,0,63000
2009/05/01,0,0,0,0
2009/05/04,0,25000,-1000,24000
2009/05/05,0,110000,-59000,51000
2009/05/06,0,51000,-3000,48000
2009/05/07,0,91000,-57000,34000
2009/05/08,0,117000,-35000,82000
2009/05/11,0,3000,-9000,-6000
2009/05/12,0,19000,-125000,-106000
2009/05/13,0,14000,-22000,-8000
2009/05/14,0,0,-61000,-61000
2009/05/15,0,55000,-26000,29000
2009/05/18,0,102000,-86000,16000
2009/05/19,0,50000,-65330,-15330
2009/05/20,0,0,-1000,-1000
2009/05/21,0,3000,-3000,0
2009/05/22,0,69000,-36000,33000
2009/05/25,0,120000,-76000,44000
2009/05/26,0,1000,-121000,-120000
2009/05/27,0,98000,-7000,91000
2009/05/28,0,0,0,0
2009/05/29,0,0,0,0
2009/06/01,0,82000,-23000,59000
2009/06/02,0,25000,-49000,-24000
2009/06/03,0,64000,-56000,8000
2009/06/04,0,14000,-94000,-80000
2009/06/05,0,0,-14000,-14000
2009/06/08,0,0,-79000,-79000
2009/06/09,0,33000,-17000,16000
2009/06/10,0,18000,-10000,8000
2009/06/11,0,38000,-11000,27000
2009/06/12,0,6000,-65000,-59000
2009/06/15,0,19000,-23000,-4000
2009/06/16,0,2000,-7000,-5000
2009/06/17,0,0,-17000,-17000
2009/06/18,0,12000,0,12000
2009/06/19,0,9000,0,9000
2009/06/22,0,13000,-13000,0
2009/06/23,0,0,-28000,-28000
2009/06/24,0,24000,-8000,16000
2009/06/25,0,0,0,0
2009/06/26,0,75000,-16000,59000
2009/06/29,0,23000,-19000,4000
2009/06/30,0,10000,-11000,-1000
2009/07/01,0,35000,0,35000
2009/07/02,0,94000,-16000,78000
2009/07/03,0,0,-26000,-26000
2009/07/06,0,1000,-6000,-5000
2009/07/07,0,3000,-7000,-4000
2009/07/08,0,16000,-3000,13000
2009/07/09,0,0,-16000,-16000
2009/07/10,0,0,-2000,-2000
2009/07/13,0,0,-6000,-6000
2009/07/14,0,1000,-8000,-7000
2009/07/15,0,16000,-5000,11000
2009/07/16,0,6000,-6000,0
2009/07/17,0,2000,-9000,-7000
2009/07/20,0,17000,0,17000
2009/07/21,0,26000,-17000,9000
2009/07/22,0,153000,0,153000
2009/07/23,0,0,-3000,-3000
2009/07/24,0,92000,-22000,70000
2009/07/27,0,109000,-1000,108000
2009/07/28,0,1000,-6000,-5000
2009/07/29,0,7000,0,7000
2009/07/30,0,9000,-35360,-26360
2009/07/31,0,62000,-9000,53000
2009/08/03,0,112000,-18000,94000
2009/08/04,0,2000,-96000,-94000
2009/08/05,0,87000,-73000,14000
2009/08/06,0,30000,-25000,5000
2009/08/07,0,0,0,0
2009/08/10,0,52000,-48000,4000
2009/08/11,0,3000,-7000,-4000
2009/08/12,0,0,-3000,-3000
2009/08/13,0,46000,0,46000
2009/08/14,0,6000,-8000,-2000
2009/08/17,0,0,-32000,-32000
2009/08/18,0,2000,-35000,-33000
2009/08/19,0,0,-14000,-14000
2009/08/20,0,0,0,0
2009/08/21,0,240000,-2000,238000
2009/08/24,0,94000,-141000,-47000
2009/08/25,0,0,0,0
2009/08/26,0,0,-26000,-26000
2009/08/27,0,0,0,0
2009/08/28,0,11000,0,11000
2009/08/31,0,0,-5000,-5000
2009/09/01,0,58000,-7000,51000
2009/09/02,0,0,0,0
2009/09/03,0,18000,-12000,6000
2009/09/04,0,25000,-1000,24000
2009/09/07,0,29000,-7000,22000
2009/09/08,0,46000,0,46000
2009/09/09,0,2000,-33000,-31000
2009/09/10,0,69000,-72000,-3000
2009/09/11,0,61000,-2000,59000
2009/09/14,0,0,-3000,-3000
2009/09/15,0,19000,-3000,16000
2009/09/16,0,60000,-5000,55000
2009/09/17,0,61000,-7000,54000
2009/09/18,0,0,-4000,-4000
2009/09/21,0,0,-2000,-2000
2009/09/22,0,25000,-7000,18000
2009/09/23,0,0,-22000,-22000
2009/09/24,0,2000,-36000,-34000
2009/09/25,0,50000,-24000,26000
2009/09/28,0,116000,-45000,71000
2009/09/29,0,9000,-38000,-29000
2009/09/30,0,0,-9000,-9000
2009/10/01,0,216000,0,216000
2009/10/02,0,0,-70000,-70000
2009/10/05,0,49000,-15000,34000
2009/10/06,0,63000,0,63000
2009/10/07,0,35000,-28000,7000
2009/10/08,0,13000,-70000,-57000
2009/10/09,0,2000,-40000,-38000
2009/10/12,0,2000,-5000,-3000
2009/10/13,0,2000,-28000,-26000
2009/10/14,0,9000,0,9000
2009/10/15,0,41000,0,41000
2009/10/16,0,11000,-4000,7000
2009/10/19,0,49000,0,49000
2009/10/20,0,0,0,0
2009/10/21,0,196000,-2000,194000
2009/10/22,0,0,-218000,-218000
2009/10/23,0,2000,-19000,-17000
2009/10/26,0,0,0,0
2009/10/27,0,0,-6000,-6000
2009/10/28,0,0,-1000,-1000
2009/10/29,0,0,-1000,-1000
2009/10/30,0,40000,-26000,14000
2009/11/02,0,26000,-12000,14000
2009/11/03,0,0,-15000,-15000
2009/11/04,0,103000,-3000,100000
2009/11/05,0,0,-16000,-16000
2009/11/06,0,0,-3000,-3000
2009/11/09,0,72000,-83000,-11000
2009/11/10,0,0,0,0
2009/11/11,0,4000,0,4000
2009/11/12,0,0,0,0
2009/11/13,0,4000,0,4000
2009/11/16,0,12000,0,12000
2009/11/17,0,25000,0,25000
2009/11/18,0,81000,-10000,71000
2009/11/19,0,0,0,0
2009/11/20,0,0,-2000,-2000
2009/11/23,0,77000,0,77000
2009/11/24,0,0,0,0
2009/11/25,0,13000,0,13000
2009/11/26,0,0,0,0
2009/11/27,0,0,-42000,-42000
2009/11/30,0,18000,0,18000
2009/12/01,0,40000,-64000,-24000
2009/12/02,0,32000,-5000,27000
2009/12/03,0,7000,0,7000
2009/12/04,0,2000,0,2000
2009/12/07,0,0,-6000,-6000
2009/12/08,0,0,-33000,-33000
2009/12/09,0,27000,-17000,10000
2009/12/10,0,33000,-41380,-8380
2009/12/11,0,0,-15000,-15000
2009/12/14,0,30000,-1000,29000
2009/12/15,0,34000,-14000,20000
2009/12/16,0,0,-1000,-1000
2009/12/17,0,0,-35000,-35000
2009/12/18,0,0,-4000,-4000
2009/12/21,0,0,0,0
2009/12/22,0,0,-4000,-4000
2009/12/23,0,0,0,0
2009/12/24,0,0,0,0
2009/12/25,0,38000,0,38000
2009/12/28,0,1000,0,1000
2009/12/29,0,0,0,0
2009/12/30,0,47000,0,47000
2009/12/31,0,0,-5000,-5000
2010/01/01,0,0,0,0
2010/01/04,0,98200,-51000,47200
2010/01/05,0,0,-15000,-15000
2010/01/06,0,12000,0,12000
2010/01/07,0,48000,0,48000
2010/01/08,0,8000,-30000,-22000
2010/01/11,0,2000,0,2000
2010/01/12,0,0,-14000,-14000
2010/01/13,0,1000,0,1000
2010/01/14,0,1000,0,1000
2010/01/15,0,46000,-6000,40000
2010/01/18,0,25000,0,25000
2010/01/19,0,26000,-48000,-22000
2010/01/20,0,2000,0,2000
2010/01/21,0,64000,-72000,-8000
2010/01/22,0,0,-75000,-75000
2010/01/25,0,0,0,0
2010/01/26,0,0,-15200,-15200
2010/01/27,0,2000,-14000,-12000
2010/01/28,0,3000,-2000,1000
2010/01/29,0,11000,-6000,5000
2010/02/01,0,0,-10000,-10000
2010/02/02,0,0,-31000,-31000
2010/02/03,0,29620,-18000,11620
2010/02/04,0,0,-25000,-25000
2010/02/05,0,2000,-63000,-61000
2010/02/08,0,0,-34000,-34000
2010/02/09,0,1000,-27000,-26000
2010/02/10,0,0,0,0
2010/02/11,0,0,0,0
2010/02/12,0,0,0,0
2010/02/15,0,0,0,0
2010/02/16,0,0,0,0
2010/02/17,0,0,0,0
2010/02/18,0,0,0,0
2010/02/19,0,0,0,0
2010/02/22,0,39000,0,39000
2010/02/23,0,0,-28000,-28000
2010/02/24,0,0,0,0
2010/02/25,0,0,-12000,-12000
2010/02/26,0,0,-7000,-7000
2010/03/01,0,16000,-1000,15000
2010/03/02,0,0,-3000,-3000
2010/03/03,0,8000,-4000,4000
2010/03/04,0,0,-19000,-19000
2010/03/05,0,13000,0,13000
2010/03/08,0,0,0,0
2010/03/09,0,0,0,0
2010/03/10,0,0,-2000,-2000
2010/03/11,0,0,0,0
2010/03/12,0,3000,0,3000
2010/03/15,0,0,0,0
2010/03/16,0,15000,0,15000
2010/03/17,0,33000,0,33000
2010/03/18,0,17000,0,17000
2010/03/19,0,14000,-1000,13000
2010/03/22,0,14000,0,14000
2010/03/23,0,0,0,0
2010/03/24,0,15000,0,15000
2010/03/25,0,13000,-8000,5000
2010/03/26,0,29000,-9000,20000
2010/03/29,0,13000,0,13000
2010/03/30,0,8000,0,8000
2010/03/31,0,0,0,0
2010/04/01,0,40000,0,40000
2010/04/02,0,4000,0,4000
2010/04/05,0,0,0,0
2010/04/06,0,45000,0,45000
2010/04/07,0,21000,0,21000
2010/04/08,0,25000,-10000,15000
2010/04/09,0,61000,-29000,32000
2010/04/12,0,15000,-3000,12000
2010/04/13,0,25000,-8000,17000
2010/04/14,0,28000,0,28000
2010/04/15,0,19000,0,19000
2010/04/16,0,0,-5000,-5000
2010/04/19,0,24000,-64000,-40000
2010/04/20,0,4000,-33000,-29000
2010/04/21,0,0,-5000,-5000
2010/04/22,0,6000,-54000,-48000
2010/04/23,0,8000,-50000,-42000
2010/04/26,0,27000,0,27000
2010/04/27,0,5000,0,5000
2010/04/28,0,0,-3000,-3000
2010/04/29,0,20000,-6000,14000
2010/04/30,0,29000,-17000,12000
2010/05/03,0,49000,-9000,40000
2010/05/04,0,0,0,0
2010/05/05,0,0,-17000,-17000
2010/05/06,0,0,-27000,-27000
2010/05/07,0,18000,-41000,-23000
2010/05/10,0,0,-13000,-13000
2010/05/11,0,10000,-17000,-7000
2010/05/12,0,0,0,0
2010/05/13,0,15000,-5000,10000
2010/05/14,0,1000,0,1000
2010/05/17,0,0,0,0
2010/05/18,0,21000,0,21000
2010/05/19,0,237000,-29000,208000
2010/05/20,0,0,-4000,-4000
2010/05/21,0,14000,-56000,-42000
2010/05/24,0,1000,0,1000
2010/05/25,0,10000,-11000,-1000
2010/05/26,0,7000,0,7000
2010/05/27,0,0,-7000,-7000
2010/05/28,0,0,-8000,-8000
2010/05/31,0,0,0,0
2010/06/01,0,0,-32000,-32000
2010/06/02,0,0,-33000,-33000
2010/06/03,0,27000,0,27000
2010/06/04,0,0,0,0
2010/06/07,0,0,-38000,-38000
2010/06/08,0,0,-8000,-8000
2010/06/09,0,0,-135000,-135000
2010/06/10,0,4000,-10000,-6000
2010/06/11,0,16000,-1000,15000
2010/06/14,0,24000,0,24000
2010/06/15,0,6000,0,6000
2010/06/16,0,0,0,0
2010/06/17,0,37000,0,37000
2010/06/18,0,4000,0,4000
2010/06/21,0,16000,-6000,10000
2010/06/22,0,11000,0,11000
2010/06/23,0,0,-1000,-1000
2010/06/24,0,0,0,0
2010/06/25,0,0,-3000,-3000
2010/06/28,0,0,0,0
2010/06/29,0,0,-14000,-14000
2010/06/30,0,0,-2000,-2000
2010/07/01,0,0,-28000,-28000
2010/07/02,0,5000,0,5000
2010/07/05,0,41000,-11000,30000
2010/07/06,0,9000,0,9000
2010/07/07,0,5000,-2000,3000
2010/07/08,0,19000,-1000,18000
2010/07/09,0,9000,0,9000
2010/07/12,0,15000,-5000,10000
2010/07/13,0,6000,0,6000
2010/07/14,0,28000,-1000,27000
2010/07/15,0,18000,-12000,6000
2010/07/16,0,7000,0,7000
2010/07/19,0,24000,0,24000
2010/07/20,0,2000,0,2000
2010/07/21,0,29000,-8000,21000
2010/07/22,0,15000,0,15000
2010/07/23,0,21000,-3000,18000
2010/07/26,0,24000,-7000,17000
2010/07/27,0,0,-4000,-4000
2010/07/28,0,23000,-5000,18000
2010/07/29,0,0,0,0
2010/07/30,0,0,-52000,-52000
2010/08/02,0,34000,0,34000
2010/08/03,0,52000,-1000,51000
2010/08/04,0,0,-9000,-9000
2010/08/05,0,0,-5000,-5000
2010/08/06,0,44000,-46000,-2000
2010/08/09,0,1000,-16000,-15000
2010/08/10,0,28000,-84000,-56000
2010/08/11,0,2000,-274975,-272975
2010/08/12,0,22000,-59000,-37000
2010/08/13,0,0,-1000,-1000
2010/08/16,0,3000,0,3000
2010/08/17,0,48000,-3000,45000
2010/08/18,0,10000,-126000,-116000
2010/08/19,0,18000,-3000,15000
2010/08/20,0,74000,-18000,56000
2010/08/23,0,5000,-193000,-188000
2010/08/24,0,237000,-46000,191000
2010/08/25,0,89000,-257000,-168000
2010/08/26,0,8000,-86000,-78000
2010/08/27,0,88000,-28000,60000
2010/08/30,0,0,-48000,-48000
2010/08/31,0,8000,-19000,-11000
2010/09/01,0,12000,-1000,11000
2010/09/02,0,29000,-65000,-36000
2010/09/03,0,78000,-18000,60000
2010/09/06,0,16000,-1000,15000
2010/09/07,0,2000,-55025,-53025
2010/09/08,0,79000,-125054,-46054
2010/09/09,0,0,0,0
2010/09/10,0,22000,0,22000
2010/09/13,0,208000,0,208000
2010/09/14,0,191000,-90000,101000
2010/09/15,0,22000,-18000,4000
2010/09/16,0,21000,0,21000
2010/09/17,0,112000,0,112000
2010/09/20,0,56000,-8000,48000
2010/09/21,0,122000,-57000,65000
2010/09/22,0,0,0,0
2010/09/23,0,28000,-1000,27000
2010/09/24,0,74000,0,74000
2010/09/27,0,37000,-2000,35000
2010/09/28,0,221000,0,221000
2010/09/29,0,62000,-96000,-34000
2010/09/30,0,50000,-111000,-61000
2010/10/01,0,326000,0,326000
2010/10/04,0,56000,-237000,-181000
2010/10/05,0,36000,-264000,-228000
2010/10/06,0,0,-25000,-25000
2010/10/07,0,182000,-17000,165000
2010/10/08,0,35000,-199000,-164000
2010/10/11,0,1000,-17000,-16000
2010/10/12,0,100000,-21000,79000
2010/10/13,0,146000,-18000,128000
2010/10/14,0,2000,-225000,-223000
2010/10/15,0,25000,-2000,23000
2010/10/18,0,76000,-354000,-278000
2010/10/19,0,133000,-9000,124000
2010/10/20,0,114000,-1000,113000
2010/10/21,0,0,-122000,-122000
2010/10/22,0,5000,-12000,-7000
2010/10/25,0,30000,-15000,15000
2010/10/26,0,29000,-1000,28000
2010/10/27,0,118000,-20000,98000
2010/10/28,0,172000,-24000,148000
2010/10/29,0,81000,-1000,80000
2010/11/01,0,117000,-141000,-24000
2010/11/02,0,259000,-52000,207000
2010/11/03,0,291000,0,291000
2010/11/04,0,563000,-16000,547000
2010/11/05,0,558000,0,558000
2010/11/08,0,8000,-15000,-7000
2010/11/09,0,13000,-36000,-23000
2010/11/10,0,60000,-70000,-10000
2010/11/11,0,20000,-81950,-61950
2010/11/12,0,27000,-33000,-6000
2010/11/15,0,5000,-249000,-244000
2010/11/16,0,20000,-15000,5000
2010/11/17,0,22000,-27000,-5000
2010/11/18,0,9000,-55000,-46000
2010/11/19,0,0,-24000,-24000
2010/11/22,0,0,-18000,-18000
2010/11/23,0,0,-249340,-249340
2010/11/24,0,60000,-20000,40000
2010/11/25,0,46000,-17000,29000
2010/11/26,0,12000,0,12000
2010/11/29,0,12000,-2000,10000
2010/11/30,0,206000,-21000,185000
2010/12/01,0,31000,-47000,-16000
2010/12/02,0,19000,0,19000
2010/12/03,0,44000,-13000,31000
2010/12/06,0,0,-30000,-30000
2010/12/07,0,0,-212000,-212000
2010/12/08,0,2000,-54000,-52000
2010/12/09,0,84000,-85000,-1000
2010/12/10,0,35000,-15000,20000
2010/12/13,0,59000,0,59000
2010/12/14,0,80000,-22000,58000
2010/12/15,0,73000,-55000,18000
2010/12/16,0,92000,0,92000
2010/12/17,0,51000,-4000,47000
2010/12/20,0,29000,-136000,-107000
2010/12/21,0,10000,-26000,-16000
2010/12/22,0,5000,-16000,-11000
2010/12/23,0,5000,-8000,-3000
2010/12/24,0,1000,0,1000
2010/12/27,0,19000,0,19000
2010/12/28,0,9000,-2000,7000
2010/12/29,0,28000,-3000,25000
2010/12/30,0,26000,0,26000
2010/12/31,0,55000,-4000,51000
2011/01/03,0,39000,-15000,24000
2011/01/04,0,5000,-3000,2000
2011/01/05,0,27000,-26000,1000
2011/01/06,0,10000,-12000,-2000
2011/01/07,0,7000,-38000,-31000
2011/01/10,0,3000,-73000,-70000
2011/01/11,0,1000,-2000,-1000
2011/01/12,0,4000,-2000,2000
2011/01/13,0,8000,-30000,-22000
2011/01/14,0,9000,-20000,-11000
2011/01/17,0,7000,-80000,-73000
2011/01/18,0,38000,-13000,25000
2011/01/19,0,89000,-7000,82000
2011/01/20,0,10000,0,10000
2011/01/21,0,40000,-7000,33000
2011/01/24,0,1000,-11000,-10000
2011/01/25,0,1000,0,1000
2011/01/26,0,0,0,0
2011/01/27,0,8000,0,8000
2011/01/28,0,15000,-33030,-18030
2011/01/31,0,0,0,0
2011/02/01,0,0,0,0
2011/02/02,0,0,0,0
2011/02/03,0,0,0,0
2011/02/04,0,0,0,0
2011/02/07,0,0,0,0
2011/02/08,0,373000,-77679,295321
2011/02/09,0,216000,-67000,149000
2011/02/10,0,118000,-67000,51000
2011/02/11,0,103000,-376000,-273000
2011/02/14,0,106000,-580000,-474000
2011/02/15,0,89000,-377000,-288000
2011/02/16,0,7000,-168000,-161000
2011/02/17,0,0,-50000,-50000
2011/02/18,0,37000,-43000,-6000
2011/02/21,0,11000,-12000,-1000
2011/02/22,0,22000,-289000,-267000
2011/02/23,0,1000,-184000,-183000
2011/02/24,0,6000,-29000,-23000
2011/02/25,0,12000,-23000,-11000
2011/02/28,0,0,0,0
2011/03/01,0,59000,-6000,53000
2011/03/02,0,4000,-36000,-32000
2011/03/03,0,156000,-6000,150000
2011/03/04,0,12000,-410000,-398000
2011/03/07,0,26000,-380000,-354000
2011/03/08,0,9000,-13000,-4000
2011/03/09,0,4000,-8000,-4000
2011/03/10,0,0,0,0
2011/03/11,0,0,-17000,-17000
2011/03/14,0,5000,-16000,-11000
2011/03/15,0,57000,-43000,14000
2011/03/16,0,14000,-12000,2000
2011/03/17,0,4000,-10000,-6000
2011/03/18,0,73000,-24000,49000
2011/03/21,0,43000,-20000,23000
2011/03/22,0,70000,-12000,58000
2011/03/23,0,500000,-15000,485000
2011/03/24,0,524000,-24000,500000
2011/03/25,0,250000,-83000,167000
2011/03/28,0,89000,-65000,24000
2011/03/29,0,53000,-53000,0
2011/03/30,0,18000,-2000,16000
2011/03/31,0,18201,-24000,-5799
2011/04/01,0,12000,0,12000
2011/04/04,0,0,0,0
2011/04/05,0,0,0,0
2011/04/06,0,17000,-3000,14000
2011/04/07,0,293000,-1000,292000
2011/04/08,0,62000,0,62000
2011/04/11,0,0,-14000,-14000
2011/04/12,0,3000,-18000,-15000
2011/04/13,0,216000,-6000,210000
2011/04/14,0,268000,-30000,238000
2011/04/15,0,112000,-130000,-18000
2011/04/18,0,177000,-8000,169000
2011/04/19,0,239000,-78000,161000
2011/04/20,0,324000,-101000,223000
2011/04/21,0,237000,-85000,152000
2011/04/22,0,85000,-85000,0
2011/04/25,0,20000,-9000,11000
2011/04/26,0,10000,-5000,5000
2011/04/27,0,14000,-24000,-10000
2011/04/28,0,71000,-15000,56000
2011/04/29,0,142000,-481000,-339000
2011/05/02,0,0,0,0
2011/05/03,0,56000,-135000,-79000
2011/05/04,0,770000,-36000,734000
2011/05/05,0,314000,-55000,259000
2011/05/06,0,342000,-23000,319000
2011/05/09,0,19000,-2000,17000
2011/05/10,0,6000,-17000,-11000
2011/05/11,0,35000,-25000,10000
2011/05/12,0,74000,-207000,-133000
2011/05/13,0,47000,-549000,-502000
2011/05/16,0,102000,-302000,-200000
2011/05/17,0,2000,-13000,-11000
2011/05/18,0,136000,0,136000
2011/05/19,0,69000,0,69000
2011/05/20,0,26000,-6000,20000
2011/05/23,0,11000,-84000,-73000
2011/05/24,0,31000,-3000,28000
2011/05/25,0,115000,-388000,-273000
2011/05/26,0,1000,-8598,-7598
2011/05/27,0,0,-64000,-64000
2011/05/30,0,25000,-26000,-1000
2011/05/31,0,68000,-104000,-36000
2011/06/01,0,89000,0,89000
2011/06/02,0,114000,0,114000
2011/06/03,0,19000,-34000,-15000
2011/06/06,0,0,0,0
2011/06/07,0,21000,-35000,-14000
2011/06/08,0,9000,0,9000
2011/06/09,0,14000,-8000,6000
2011/06/10,0,4000,-108000,-104000
2011/06/13,0,6000,-52000,-46000
2011/06/14,0,203000,-6000,197000
2011/06/15,0,197000,-192000,5000
2011/06/16,0,100000,-80000,20000
2011/06/17,0,51000,-13000,38000
2011/06/20,0,68000,-10000,58000
2011/06/21,0,609000,-78000,531000
2011/06/22,0,249000,-89000,160000
2011/06/23,0,656000,-159000,497000
2011/06/24,0,109000,-12000,97000
2011/06/27,0,287000,-88000,199000
2011/06/28,0,101000,-47000,54000
2011/06/29,0,62000,-8000,54000
2011/06/30,0,9000,-96000,-87000
2011/07/01,0,189000,-4000,185000
2011/07/04,0,129000,-95000,34000
2011/07/05,0,60000,-700000,-640000
2011/07/06,0,13000,-24000,-11000
2011/07/07,0,69000,-224000,-155000
2011/07/08,0,19000,-780000,-761000
2011/07/11,0,516000,-171000,345000
2011/07/12,0,100000,-64000,36000
2011/07/13,0,135000,-108000,27000
2011/07/14,0,358000,-443758,-85758
2011/07/15,0,98000,-239000,-141000
2011/07/18,0,176000,-3000,173000
2011/07/19,0,179000,-34068,144932
2011/07/20,0,136000,-27000,109000
2011/07/21,0,18000,0,18000
2011/07/22,0,15000,-1000,14000
2011/07/25,0,181000,-497000,-316000
2011/07/26,0,101000,-372000,-271000
2011/07/27,0,143000,-16000,127000
2011/07/28,0,141000,-10000,131000
2011/07/29,0,14000,-3000,11000
2011/08/01,0,270000,-12000,258000
2011/08/02,0,103000,-213000,-110000
2011/08/03,0,21000,-78175,-57175
2011/08/04,0,47000,-108000,-61000
2011/08/05,0,36000,-180000,-144000
2011/08/08,0,24000,-279000,-255000
2011/08/09,0,424000,-123000,301000
2011/08/10,0,61000,-551000,-490000
2011/08/11,0,100000,-290000,-190000
2011/08/12,0,164000,-159000,5000
2011/08/15,0,122000,-8000,114000
2011/08/16,0,88000,-42000,46000
2011/08/17,0,60000,-75000,-15000
2011/08/18,0,17000,-304000,-287000
2011/08/19,0,190000,-182000,8000
2011/08/22,0,143000,-172000,-29000
2011/08/23,0,280000,-128000,152000
2011/08/24,0,14000,-173000,-159000
2011/08/25,0,3000,-30000,-27000
2011/08/26,0,35000,-19000,16000
2011/08/29,0,119000,0,119000
2011/08/30,0,78000,-69000,9000
2011/08/31,0,104000,-35000,69000
2011/09/01,0,70000,-34000,36000
2011/09/02,0,64000,-23000,41000
2011/09/05,0,49000,-58000,-9000
2011/09/06,0,92000,-37000,55000
2011/09/07,0,60000,-28000,32000
2011/09/08,0,2000,-26000,-24000
2011/09/09,0,46000,0,46000
2011/09/12,0,0,0,0
2011/09/13,0,18000,-57000,-39000
2011/09/14,0,28000,-151000,-123000
2011/09/15,0,57000,-52000,5000
2011/09/16,0,87000,-9000,78000
2011/09/19,0,12000,-47000,-35000
2011/09/20,0,6000,-37000,-31000
2011/09/21,0,46000,-91000,-45000
2011/09/22,0,0,-92000,-92000
2011/09/23,0,7000,-143000,-136000
2011/09/26,0,41000,-391000,-350000
2011/09/27,0,59000,-156360,-97360
2011/09/28,0,139000,-55000,84000
2011/09/29,0,114000,-31000,83000
2011/09/30,0,43000,-138000,-95000
2011/10/03,0,30000,-209000,-179000
2011/10/04,0,24000,-154000,-130000
2011/10/05,0,63000,-86000,-23000
2011/10/06,0,139000,-28000,111000
2011/10/07,0,50000,-58000,-8000
2011/10/10,0,0,0,0
2011/10/11,0,4000,-27000,-23000
2011/10/12,0,16000,-192000,-176000
2011/10/13,0,12000,-23000,-11000
2011/10/14,0,74000,-110000,-36000
2011/10/17,0,64000,-25000,39000
2011/10/18,0,6000,-13000,-7000
2011/10/19,0,39000,-52000,-13000
2011/10/20,0,2000,0,2000
2011/10/21,0,8000,-9000,-1000
2011/10/24,0,99000,-8000,91000
2011/10/25,0,3000,0,3000
2011/10/26,0,53000,0,53000
2011/10/27,0,16000,-122000,-106000
2011/10/28,0,57000,-258060,-201060
2011/10/31,0,21000,-24000,-3000
2011/11/01,0,47000,-6000,41000
2011/11/02,0,46000,-21000,25000
2011/11/03,0,11000,-63000,-52000
2011/11/04,0,72000,-5000,67000
2011/11/07,0,94000,0,94000
2011/11/08,0,50000,-937000,-887000
2011/11/09,0,43000,-101000,-58000
2011/11/10,0,37000,-9000,28000
2011/11/11,0,11000,-85000,-74000
2011/11/14,0,100000,-2000,98000
2011/11/15,0,8000,-20000,-12000
2011/11/16,0,25000,-190760,-165760
2011/11/17,0,0,-9000,-9000
2011/11/18,0,16000,0,16000
2011/11/21,0,8000,0,8000
2011/11/22,0,28000,-1000,27000
2011/11/23,0,1000,-27000,-26000
2011/11/24,0,62000,-4000,58000
2011/11/25,0,7000,-74000,-67000
2011/11/28,0,1000,0,1000
2011/11/29,0,35000,-8000,27000
2011/11/30,0,94000,-22000,72000
2011/12/01,0,78000,-5000,73000
2011/12/02,0,23000,-34000,-11000
2011/12/05,0,40000,-2000,38000
2011/12/06,0,22000,-124000,-102000
2011/12/07,0,159000,-4000,155000
2011/12/08,0,71000,-10240,60760
2011/12/09,0,71000,-28000,43000
2011/12/12,0,26000,-43000,-17000
2011/12/13,0,1000,-21000,-20000
2011/12/14,0,7000,-30000,-23000
2011/12/15,0,1000,-9000,-8000
2011/12/16,0,13000,-9000,4000
2011/12/19,0,17000,-48000,-31000
2011/12/20,0,83000,-8000,75000
2011/12/21,0,29000,-22000,7000
2011/12/22,0,6000,-9000,-3000
2011/12/23,0,63000,0,63000
2011/12/26,0,8000,-4000,4000
2011/12/27,0,7000,-7000,0
2011/12/28,0,262000,-14000,248000
2011/12/29,0,41940,-41000,940
2011/12/30,0,80000,-98000,-18000
2012/01/02,0,3000,-30000,-27000
2012/01/03,0,8360,-9000,-640
2012/01/04,0,0,-47000,-47000
2012/01/05,0,112000,-11000,101000
2012/01/06,0,69000,-79000,-10000
2012/01/09,0,17000,-15000,2000
2012/01/10,0,13000,-7000,6000
2012/01/11,0,67000,0,67000
2012/01/12,0,216000,-24000,192000
2012/01/13,0,202000,0,202000
2012/01/16,0,74000,-35000,39000
2012/01/17,0,128000,-13000,115000
2012/01/18,0,58000,-40000,18000
2012/01/19,0,0,0,0
2012/01/20,0,0,0,0
2012/01/23,0,0,0,0
2012/01/24,0,0,0,0
2012/01/25,0,0,0,0
2012/01/26,0,0,0,0
2012/01/27,0,0,0,0
2012/01/30,0,703000,-3000,700000
2012/01/31,0,80000,-23000,57000
2012/02/01,0,9000,-66000,-57000
2012/02/02,0,106000,-187000,-81000
2012/02/03,0,18000,-48000,-30000
2012/02/06,0,21000,-59000,-38000
2012/02/07,0,56000,-14000,42000
2012/02/08,0,115000,-3000,112000
2012/02/09,0,5000,-32000,-27000
2012/02/10,0,64000,-26000,38000
2012/02/13,0,30000,-6000,24000
2012/02/14,0,2000,-76000,-74000
2012/02/15,0,35972,-7000,28972
2012/02/16,0,62000,-59000,3000
2012/02/17,0,64000,-29000,35000
2012/02/20,0,0,-11000,-11000
2012/02/21,0,7000,-23000,-16000
2012/02/22,0,195000,-4000,191000
2012/02/23,0,30000,-258000,-228000
2012/02/24,0,15000,-371000,-356000
2012/02/27,0,0,0,0
2012/02/28,0,0,0,0
2012/02/29,0,4000,-62000,-58000
2012/03/01,0,97000,-23000,74000
2012/03/02,0,29000,-12000,17000
2012/03/05,0,176000,-39000,137000
2012/03/06,0,103000,-10000,93000
2012/03/07,0,73000,-24000,49000
2012/03/08,0,194000,-28000,166000
2012/03/09,0,484000,-24000,460000
2012/03/12,0,3000,-27000,-24000
2012/03/13,0,60000,-17000,43000
2012/03/14,0,168000,-49000,119000
2012/03/15,0,221000,-21000,200000
2012/03/16,0,90000,-93000,-3000
2012/03/19,0,58000,-127000,-69000
2012/03/20,0,159000,-2000,157000
2012/03/21,0,125000,-27000,98000
2012/03/22,0,151000,-4000,147000
2012/03/23,0,249000,-27000,222000
2012/03/26,0,178000,-132000,46000
2012/03/27,0,675000,-108000,567000
2012/03/28,0,16000,-184000,-168000
2012/03/29,0,47000,-17000,30000
2012/03/30,0,25000,-76000,-51000
2012/04/02,0,58000,-34000,24000
2012/04/03,0,85000,-1000,84000
2012/04/04,0,0,0,0
2012/04/05,0,137220,-233000,-95780
2012/04/06,0,63000,-145000,-82000
2012/04/09,0,5000,-65000,-60000
2012/04/10,0,32000,-9000,23000
2012/04/11,0,14000,-18000,-4000
2012/04/12,0,76000,-37627,38373
2012/04/13,0,154000,-23000,131000
2012/04/16,0,98000,-9000,89000
2012/04/17,0,3000,-95078,-92078
2012/04/18,0,48000,-137000,-89000
2012/04/19,0,986000,-48000,938000
2012/04/20,0,87000,-65000,22000
2012/04/23,0,40000,-94000,-54000
2012/04/24,0,57000,-81000,-24000
2012/04/25,0,77000,-2000,75000
2012/04/26,0,13000,-56000,-43000
2012/04/27,0,5000,-19000,-14000
2012/04/30,0,14000,-19000,-5000
2012/05/01,0,0,0,0
2012/05/02,0,146000,-14000,132000
2012/05/03,0,6000,-16000,-10000
2012/05/04,0,62000,-117000,-55000
2012/05/07,0,13000,-27000,-14000
2012/05/08,0,23000,-84000,-61000
2012/05/09,0,15000,-94000,-79000
2012/05/10,0,5000,-15000,-10000
2012/05/11,0,0,-4000,-4000
2012/05/14,0,3000,-22000,-19000
2012/05/15,0,34000,-74000,-40000
2012/05/16,0,35000,-20000,15000
2012/05/17,0,215000,-71000,144000
2012/05/18,0,39000,-126000,-87000
2012/05/21,0,35000,-89000,-54000
2012/05/22,0,233000,-147000,86000
2012/05/23,0,199000,-137000,62000
2012/05/24,0,15000,-48000,-33000
2012/05/25,0,40000,-11000,29000
2012/05/28,0,44000,-40000,4000
2012/05/29,0,75000,-37000,38000
2012/05/30,0,53000,-142000,-89000
2012/05/31,0,151000,-125000,26000
2012/06/01,0,4000,-91140,-87140
2012/06/04,0,4000,-67000,-63000
2012/06/05,0,17000,-35000,-18000
2012/06/06,0,37120,-7000,30120
2012/06/07,0,8000,-3000,5000
2012/06/08,0,65000,-5000,60000
2012/06/11,0,181000,-21000,160000
2012/06/12,0,41000,-48000,-7000
2012/06/13,0,20000,-23000,-3000
2012/06/14,0,75000,-218000,-143000
2012/06/15,0,149200,-74000,75200
2012/06/18,0,58000,-146000,-88000
2012/06/19,0,0,-34000,-34000
2012/06/20,0,85000,-71000,14000
2012/06/21,0,37296,-42000,-4704
2012/06/22,0,33000,-57000,-24000
2012/06/25,0,57000,-11000,46000
2012/06/26,0,54000,-5000,49000
2012/06/27,0,0,-5000,-5000
2012/06/28,0,11383,-20000,-8617
2012/06/29,0,113383,-7000,106383
2012/07/02,0,177000,-31000,146000
2012/07/03,0,20000,-20000,0
2012/07/04,0,65000,-5000,60000
2012/07/05,0,26000,-28000,-2000
2012/07/06,0,42000,0,42000
2012/07/09,0,225000,-27000,198000
2012/07/10,0,741000,-78000,663000
2012/07/11,0,478000,-35000,443000
2012/07/12,0,126366,-78000,48366
2012/07/13,0,102000,-9000,93000
2012/07/16,0,19000,-11000,8000
2012/07/17,0,70000,-4000,66000
2012/07/18,0,455000,-11000,444000
2012/07/19,0,4000,-14000,-10000
2012/07/20,0,12000,-1000,11000
2012/07/23,0,21000,-22000,-1000
2012/07/24,0,61000,-76138,-15138
2012/07/25,0,42000,-16000,26000
2012/07/26,0,116000,-20000,96000
2012/07/27,0,189000,-32000,157000
2012/07/30,0,33000,-36000,-3000
2012/07/31,0,75000,-36000,39000
2012/08/01,0,59000,-15000,44000
2012/08/02,0,0,0,0
2012/08/03,0,105000,-159000,-54000
2012/08/06,0,105090,-300000,-194910
2012/08/07,0,140000,-1000,139000
2012/08/08,0,58000,-149000,-91000
2012/08/09,0,20000,-77000,-57000
2012/08/10,0,40000,-34000,6000
2012/08/13,0,14000,-85750,-71750
2012/08/14,0,36000,-27000,9000
2012/08/15,0,27000,-169000,-142000
2012/08/16,0,37746,-26000,11746
2012/08/17,0,2000,-3000,-1000
2012/08/20,0,51000,-28000,23000
2012/08/21,0,41000,-157449,-116449
2012/08/22,0,10000,-27000,-17000
2012/08/23,0,40749,-55000,-14251
2012/08/24,0,265000,-119000,146000
2012/08/27,0,69000,-122977,-53977
2012/08/28,0,47000,-123000,-76000
2012/08/29,0,453000,-116000,337000
2012/08/30,0,35752,-94000,-58248
2012/08/31,0,27000,-172273,-145273
2012/09/03,0,78520,0,78520
2012/09/04,0,93000,-194413,-101413
2012/09/05,0,188000,-12000,176000
2012/09/06,0,348000,-180350,167650
2012/09/07,0,27000,-2000,25000
2012/09/10,0,138000,-43000,95000
2012/09/11,0,12000,-72000,-60000
2012/09/12,0,52000,-19000,33000
2012/09/13,0,123000,-3000,120000
2012/09/14,0,89000,-27000,62000
2012/09/17,0,108000,-41000,67000
2012/09/18,0,154000,-7000,147000
2012/09/19,0,46000,-17000,29000
2012/09/20,0,5000,0,5000
2012/09/21,0,8000,-80000,-72000
2012/09/24,0,50000,-39000,11000
2012/09/25,0,119000,-3330,115670
2012/09/26,0,54000,-10070,43930
2012/09/27,0,23000,-33940,-10940
2012/09/28,0,449884,-92000,357884
2012/10/01,0,138819,-18000,120819
2012/10/02,0,36000,0,36000
2012/10/03,0,1645000,-438000,1207000
2012/10/04,0,78000,-23000,55000
2012/10/05,0,54135,-38000,16135
2012/10/08,0,98000,-107985,-9985
2012/10/09,0,1768000,-320857,1447143
2012/10/10,0,0,0,0
2012/10/11,0,2761476,-603007,2158469
2012/10/12,0,1606000,-39000,1567000
2012/10/15,0,320000,-188207,131793
2012/10/16,0,58000,-33666,24334
2012/10/17,0,179000,-57097,121903
2012/10/18,0,798000,-642000,156000
2012/10/19,0,168000,-480000,-312000
2012/10/22,0,365000,-345000,20000
2012/10/23,0,239000,-35000,204000
2012/10/24,0,295000,-86000,209000
2012/10/25,0,5000,-89000,-84000
2012/10/26,0,92500,-230281,-137781
2012/10/29,0,37000,-160000,-123000
2012/10/30,0,93000,-64000,29000
2012/10/31,0,262000,-301716,-39716
2012/11/01,0,680000,-103000,577000
2012/11/02,0,478000,-146000,332000
2012/11/05,0,239135,-71822,167313
2012/11/06,0,183000,-70000,113000
2012/11/07,0,236000,-67000,169000
2012/11/08,0,84000,-115000,-31000
2012/11/09,0,199000,-61000,138000
2012/11/12,0,62000,-43000,19000
2012/11/13,0,122000,-165747,-43747
2012/11/14,0,310000,-35000,275000
2012/11/15,0,213000,-181001,31999
2012/11/16,0,42000,-270000,-228000
2012/11/19,0,20698,-213000,-192302
2012/11/20,0,133000,-82000,51000
2012/11/21,0,480000,-85000,395000
2012/11/22,0,217000,-50000,167000
2012/11/23,0,291000,-12000,279000
2012/11/26,0,266000,-20000,246000
2012/11/27,0,118492,-118000,492
2012/11/28,0,126000,-56000,70000
2012/11/29,0,398000,-95210,302790
2012/11/30,0,356000,-201000,155000
2012/12/03,0,387000,-15000,372000
2012/12/04,0,1091000,-51000,1040000
2012/12/05,0,627000,-229000,398000
2012/12/06,0,759000,-57000,702000
2012/12/07,0,652000,-142000,510000
2012/12/10,0,92000,-227000,-135000
2012/12/11,0,437000,-678000,-241000
2012/12/12,0,389000,-9000,380000
2012/12/13,0,386000,-16120,369880
2012/12/14,0,174000,-47000,127000
2012/12/17,0,145000,-87000,58000
2012/12/18,0,153000,-68200,84800
2012/12/19,0,98000,-46000,52000
2012/12/20,0,744492,-268034,476458
2012/12/21,0,557000,-256000,301000
2012/12/24,0,488000,-455203,32797
2012/12/25,0,174000,-3000,171000
2012/12/26,0,150000,-1000,149000
2012/12/27,0,660000,-3000,657000
2012/12/28,0,886000,-4000,882000
2012/12/31,0,0,0,0
2013/01/01,0,0,0,0
2013/01/02,0,662000,-61000,601000
2013/01/03,0,651000,-119000,532000
2013/01/04,0,476000,-30000,446000
2013/01/07,0,385135,-51000,334135
2013/01/08,0,846389,-79120,767269
2013/01/09,0,418000,-55000,363000
2013/01/10,0,1549000,-447671,1101329
2013/01/11,0,482000,-174755,307245
2013/01/14,0,168000,-221000,-53000
2013/01/15,0,144000,-48000,96000
2013/01/16,0,405000,-77000,328000
2013/01/17,0,196000,-24091,171909
2013/01/18,0,218875,-7014,211861
2013/01/21,0,285000,-10000,275000
2013/01/22,0,764000,-164373,599627
2013/01/23,0,16000,-106000,-90000
2013/01/24,0,453000,-118000,335000
2013/01/25,0,155254,-187873,-32619
2013/01/28,0,198000,-1000,197000
2013/01/29,0,206000,-136373,69627
2013/01/30,0,165000,-30000,135000
2013/01/31,0,256000,-78873,177127
2013/02/01,0,185000,-95000,90000
2013/02/04,0,237000,-90000,147000
2013/02/05,0,437000,-75000,362000
2013/02/06,0,249264,-77000,172264
2013/02/07,0,0,0,0
2013/02/08,0,0,0,0
2013/02/11,0,0,0,0
2013/02/12,0,0,0,0
2013/02/13,0,0,0,0
2013/02/14,0,0,0,0
2013/02/15,0,0,0,0
2013/02/18,0,334896,-278000,56896
2013/02/19,0,122000,-240879,-118879
2013/02/20,0,444917,-295000,149917
2013/02/21,0,179634,-132000,47634
2013/02/22,0,386000,-512383,-126383
2013/02/25,0,196000,-157000,39000
2013/02/26,0,296905,-153000,143905
2013/02/27,0,761000,-126000,635000
2013/02/28,0,0,0,0
2013/03/01,0,1743271,-333000,1410271
2013/03/04,0,1210056,-358446,851610
2013/03/05,0,572266,-244000,328266
2013/03/06,0,404633,-114000,290633
2013/03/07,0,301000,-105128,195872
2013/03/08,0,231633,-108000,123633
2013/03/11,0,197000,-149000,48000
2013/03/12,0,281635,-713571,-431936
2013/03/13,0,385000,-136000,249000
2013/03/14,0,578258,-335000,243258
2013/03/15,0,840000,-356360,483640
2013/03/18,0,927000,-546000,381000
2013/03/19,0,491000,-672000,-181000
2013/03/20,0,494000,-1161000,-667000
2013/03/21,0,188629,-146000,42629
2013/03/22,0,47000,-62000,-15000
2013/03/25,0,137000,-51000,86000
2013/03/26,0,72268,-232455,-160187
2013/03/27,0,394000,-235373,158627
2013/03/28,0,630630,-236000,394630
2013/03/29,0,229000,-503560,-274560
2013/04/01,0,571000,-656000,-85000
2013/04/02,0,488000,-124000,364000
2013/04/03,0,501000,-84000,417000
2013/04/04,0,0,0,0
2013/04/05,0,0,0,0
2013/04/08,0,495508,-94000,401508
2013/04/09,0,57000,-40000,17000
2013/04/10,0,127000,-29631,97369
2013/04/11,0,590258,-71021,519237
2013/04/12,0,541000,-356000,185000
2013/04/15,0,150870,-86000,64870
2013/04/16,0,57000,-65000,-8000
2013/04/17,0,823000,-163000,660000
2013/04/18,0,724000,-283000,441000
2013/04/19,0,1187000,-91000,1096000
2013/04/22,0,460980,-79244,381736
2013/04/23,0,1184784,-177000,1007784
2013/04/24,0,3018000,-587000,2431000
2013/04/25,0,1337000,-597038,739962
2013/04/26,0,2104200,-582101,1522099
2013/04/29,0,868000,-131000,737000
2013/04/30,0,2049000,-252000,1797000
2013/05/01,0,0,0,0
2013/05/02,0,659869,-368031,291838
2013/05/03,0,1501000,-270000,1231000
2013/05/06,0,880000,-412000,468000
2013/05/07,0,487843,-140000,347843
2013/05/08,0,525654,-804540,-278886
2013/05/09,0,651000,-260568,390432
2013/05/10,0,1625000,-1568000,57000
2013/05/13,0,450432,-693000,-242568
2013/05/14,0,394470,-543340,-148870
2013/05/15,0,1806000,-368230,1437770
2013/05/16,0,1842324,-173000,1669324
2013/05/17,0,1059000,-317000,742000
2013/05/20,0,547010,-284000,263010
2013/05/21,0,349000,-174000,175000
2013/05/22,0,273000,-346180,-73180
2013/05/23,0,553000,-143820,409180
2013/05/24,0,404000,-99062,304938
2013/05/27,0,201000,-177000,24000
2013/05/28,0,259000,-204000,55000
2013/05/29,0,173000,-166000,7000
2013/05/30,0,591780,-172033,419747
2013/05/31,0,359000,-109000,250000
2013/06/03,0,174070,-143723,30347
2013/06/04,0,269000,-219000,50000
2013/06/05,0,660050,-246000,414050
2013/06/06,0,978000,-877605,100395
2013/06/07,0,1376000,-1032000,344000
2013/06/10,0,161000,-116000,45000
2013/06/11,0,267000,-70021,196979
2013/06/12,0,0,0,0
2013/06/13,0,570648,-402035,168613
2013/06/14,0,351000,-365000,-14000
2013/06/17,0,317000,-303000,14000
2013/06/18,0,828000,-331000,497000
2013/06/19,0,1647000,-404000,1243000
2013/06/20,0,845000,-380269,464731
2013/06/21,0,369000,-851110,-482110
2013/06/24,0,1016000,-1045000,-29000
2013/06/25,0,825000,-146000,679000
2013/06/26,0,314000,-944000,-630000
2013/06/27,0,632000,-382000,250000
2013/06/28,0,1194000,-453000,741000
2013/07/01,0,582000,-144000,438000
2013/07/02,0,1017000,-404125,612875
2013/07/03,0,239400,-80000,159400
2013/07/04,0,333000,-490000,-157000
2013/07/05,0,622000,-602486,19514
2013/07/08,0,642000,-642000,0
2013/07/09,0,413000,-317000,96000
2013/07/10,0,739000,-387000,352000
2013/07/11,0,1349000,-486021,862979
2013/07/12,0,1087000,-808000,279000
2013/07/15,0,753000,-277034,475966
2013/07/16,0,1010000,-879000,131000
2013/07/17,0,508000,-436000,72000
2013/07/18,0,798000,-799596,-1596
2013/07/19,0,847000,-254000,593000
2013/07/22,0,642000,-656000,-14000
2013/07/23,0,888000,-599000,289000
2013/07/24,0,825000,-557000,268000
2013/07/25,0,519000,-646000,-127000
2013/07/26,0,380000,-764100,-384100
2013/07/29,0,1083000,-1130000,-47000
2013/07/30,0,266000,-381000,-115000
2013/07/31,0,622000,-535922,86078
2013/08/01,0,624000,-400000,224000
2013/08/02,0,405000,-616015,-211015
2013/08/05,0,677000,-609000,68000
2013/08/06,0,390000,-513030,-123030
2013/08/07,0,1093108,-662000,431108
2013/08/08,0,1325000,-983000,342000
2013/08/09,0,538000,-420100,117900
2013/08/12,0,334000,-278700,55300
2013/08/13,0,421000,-471000,-50000
2013/08/14,0,750171,-456000,294171
2013/08/15,0,3284000,-1281000,2003000
2013/08/16,0,1029000,-717000,312000
2013/08/19,0,883000,-497800,385200
2013/08/20,0,624000,-224000,400000
2013/08/21,0,0,0,0
2013/08/22,0,1467448,-390000,1077448
2013/08/23,0,659000,-322300,336700
2013/08/26,0,617017,-330000,287017
2013/08/27,0,800000,-318700,481300
2013/08/28,0,634000,-482000,152000
2013/08/29,0,883000,-654600,228400
2013/08/30,0,10332274,-9170123,1162151
2013/09/02,0,549000,-539987,9013
2013/09/03,0,503000,-579000,-76000
2013/09/04,0,734820,-790700,-55880
2013/09/05,0,953751,-41000,912751
2013/09/06,0,628000,-167000,461000
2013/09/09,0,821000,-496820,324180
2013/09/10,0,757000,-817600,-60600
2013/09/11,0,464000,-376858,87142
2013/09/12,0,517000,-202000,315000
2013/09/13,0,558000,-626900,-68900
2013/09/16,0,460000,-141000,319000
2013/09/17,0,384856,-130000,254856
2013/09/18,0,262658,-571023,-308365
2013/09/19,0,0,0,0
2013/09/20,0,0,0,0
2013/09/23,0,1221000,-526583,694417
2013/09/24,0,463243,-53397,409846
2013/09/25,0,458000,-215000,243000
2013/09/26,0,250000,-202000,48000
2013/09/27,0,424848,-327530,97318
2013/09/30,0,305000,-277336,27664
2013/10/01,0,232500,-260190,-27690
2013/10/02,0,444850,-264754,180096
2013/10/03,0,279000,-114000,165000
2013/10/04,0,555935,-779400,-223465
2013/10/07,0,252218,-203420,48798
2013/10/08,0,520000,-437000,83000
2013/10/09,0,813000,-168420,644580
2013/10/10,0,0,0,0
2013/10/11,0,241000,-315848,-74848
2013/10/14,0,365500,-639927,-274427
2013/10/15,0,444400,-475584,-31184
2013/10/16,0,368000,-399000,-31000
2013/10/17,0,334000,-488020,-154020
2013/10/18,0,229340,-273300,-43960
2013/10/21,0,175000,-171051,3949
2013/10/22,0,320000,-230768,89232
2013/10/23,0,308260,-490758,-182498
2013/10/24,0,416000,-293965,122035
2013/10/25,0,70104,-149540,-79436
2013/10/28,0,297000,-188140,108860
2013/10/29,0,616000,-204000,412000
2013/10/30,0,543980,-463040,80940
2013/10/31,0,622000,-293000,329000
2013/11/01,0,340000,-370364,-30364
2013/11/04,0,147900,-305220,-157320
2013/11/05,0,245000,-240000,5000
2013/11/06,0,388685,-299540,89145
2013/11/07,0,550000,-340580,209420
2013/11/08,0,200755,-242300,-41545
2013/11/11,0,131000,-57000,74000
2013/11/12,0,270000,-143100,126900
2013/11/13,0,854739,-119022,735717
2013/11/14,0,694020,-466577,227443
2013/11/15,0,640253,-236156,404097
2013/11/18,0,475000,-366750,108250
2013/11/19,0,130000,-147700,-17700
2013/11/20,0,340010,-382043,-42033
2013/11/21,0,181922,-396000,-214078
2013/11/22,0,535600,-375920,159680
2013/11/25,0,656000,-400780,255220
2013/11/26,0,1430000,-2067592,-637592
2013/11/27,0,1221218,-1470219,-249001
2013/11/28,0,618000,-796001,-178001
2013/11/29,0,622000,-171000,451000
2013/12/02,0,277218,-101520,175698
2013/12/03,0,126910,-207947,-81037
2013/12/04,0,413845,-358371,55474
2013/12/05,0,156000,-230180,-74180
2013/12/06,0,207940,-215000,-7060
2013/12/09,0,242480,-193900,48580
2013/12/10,0,861000,-960000,-99000
2013/12/11,0,752220,-487326,264894
2013/12/12,0,487300,-626903,-139603
2013/12/13,0,1234000,-1510702,-276702
2013/12/16,0,401162,-342236,58926
2013/12/17,0,219000,-385234,-166234
2013/12/18,0,277000,-124001,152999
2013/12/19,0,592000,-233000,359000
2013/12/20,0,592050,-253925,338125
2013/12/23,0,140000,-573460,-433460
2013/12/24,0,127000,-32500,94500
2013/12/25,0,109000,-39000,70000
2013/12/26,0,112000,-12000,100000
2013/12/27,0,425000,-170000,255000
2013/12/30,0,197000,-81001,115999
2013/12/31,0,106000,-69000,37000
2014/01/02,0,112010,-234000,-121990
2014/01/03,0,268000,-467000,-199000
2014/01/06,0,1578000,-538163,1039837
2014/01/07,0,1484000,-841100,642900
2014/01/08,0,1346000,-513000,833000
2014/01/09,0,621000,-465360,155640
2014/01/10,0,678000,-135300,542700
2014/01/13,0,781911,-522880,259031
2014/01/14,0,440000,-1314240,-874240
2014/01/15,0,1246000,-679220,566780
2014/01/16,0,1110000,-1175580,-65580
2014/01/17,0,1726238,-2092569,-366331
2014/01/20,0,1042000,-337002,704998
2014/01/21,0,900000,-284239,615761
2014/01/22,0,1401600,-399000,1002600
2014/01/23,0,1122352,-607732,514620
2014/01/24,0,949300,-688306,260994
2014/01/27,0,730974,-435128,295846
2014/02/05,0,1374598,-956434,418164
2014/02/06,0,1828000,-1321000,507000
2014/02/07,0,933000,-499050,433950
2014/02/10,0,423000,-266027,156973
2014/02/11,0,319832,-159073,160759
2014/02/12,0,246000,-185781,60219
2014/02/13,0,159944,-142000,17944
2014/02/14,0,294000,-584992,-290992
2014/02/17,0,347000,-202400,144600
2014/02/18,0,666000,-537000,129000
2014/02/19,0,146660,-378823,-232163
2014/02/20,0,469000,-440218,28782
2014/02/21,0,589000,-172000,417000
2014/02/24,0,82000,-436346,-354346
2014/02/25,0,582326,-336950,245376
2014/02/26,0,587000,-211426,375574
2014/02/27,0,1881855,-518650,1363205
2014/03/03,0,567834,-304714,263120
2014/03/04,0,440000,-511700,-71700
2014/03/05,0,406000,-291500,114500
2014/03/06,0,991000,-853020,137980
2014/03/07,0,352000,-33000,319000
2014/03/10,0,301000,-53300,247700
2014/03/11,0,108000,-249901,-141901
2014/03/12,0,837521,-612660,224861
2014/03/13,0,174100,-319822,-145722
2014/03/14,0,281000,-297000,-16000
2014/03/17,0,121000,-139320,-18320
2014/03/18,0,208000,-359200,-151200
2014/03/19,0,251000,-700000,-449000
2014/03/20,0,306000,-327000,-21000
2014/03/21,0,172000,-407000,-235000
2014/03/24,0,441948,-361111,80837
2014/03/25,0,160700,-340580,-179880
2014/03/26,0,142000,-229318,-87318
2014/03/27,0,216000,-1527340,-1311340
2014/03/28,0,377000,-1234060,-857060
2014/03/31,0,1039000,-1077500,-38500
2014/04/01,0,1042000,-753976,288024
2014/04/02,0,542000,-747733,-205733
2014/04/03,0,256713,-442428,-185715
2014/04/07,0,521000,-324000,197000
2014/04/08,0,120000,-570300,-450300
2014/04/09,0,358832,-449000,-90168
2014/04/10,0,727915,-1104707,-376792
2014/04/11,0,166000,-894424,-728424
2014/04/14,0,160000,-297000,-137000
2014/04/15,0,363000,-158000,205000
2014/04/16,0,633000,-777520,-144520
2014/04/17,0,878052,-830382,47670
2014/04/18,0,94000,-204000,-110000
2014/04/21,0,514000,-321020,192980
2014/04/22,0,772000,-611408,160592
2014/04/23,0,934000,-214000,720000
2014/04/24,0,492000,-461000,31000
2014/04/25,0,626000,-399452,226548
2014/04/28,0,411000,-401760,9240
2014/04/29,0,482104,-190000,292104
2014/04/30,0,551888,-328000,223888
2014/05/02,0,279000,-138000,141000
2014/05/05,0,150000,-139148,10852
2014/05/06,0,94200,-50000,44200
2014/05/07,0,151406,-285000,-133594
2014/05/08,0,287897,-247000,40897
2014/05/09,0,622524,-358080,264444
2014/05/12,0,425000,-158100,266900
2014/05/13,0,794000,-376745,417255
2014/05/14,0,1177000,-1586560,-409560
2014/05/15,0,932000,-1207793,-275793
2014/05/16,0,876000,-396000,480000
2014/05/19,0,487000,-245831,241169
2014/05/20,0,629000,-944850,-315850
2014/05/21,0,542160,-2261120,-1718960
2014/05/22,0,1177000,-2080100,-903100
2014/05/23,0,618613,-802140,-183527
2014/05/26,0,461000,-449000,12000
2014/05/27,0,374400,-398000,-23600
2014/05/28,0,470736,-531600,-60864
2014/05/29,0,147000,-732023,-585023
2014/05/30,0,1635052,-324014,1311038
2014/06/03,0,1049110,-945000,104110
2014/06/04,0,596000,-744000,-148000
2014/06/05,0,239000,-584000,-345000
2014/06/06,0,184000,-288174,-104174
2014/06/09,0,130000,-241000,-111000
2014/06/10,0,803558,-189155,614403
2014/06/11,0,510457,-380320,130137
2014/06/12,0,84000,-118000,-34000
2014/06/13,0,958842,-1646708,-687866
2014/06/16,0,189725,-222260,-32535
2014/06/17,0,151000,-389000,-238000
2014/06/18,0,1435000,-1467158,-32158
2014/06/19,0,694053,-665000,29053
2014/06/20,0,180900,-682740,-501840
2014/06/23,0,311420,-415063,-103643
2014/06/24,0,197736,-303922,-106186
2014/06/25,0,343000,-186872,156128
2014/06/26,0,1056000,-319045,736955
2014/06/27,0,1403690,-530000,873690
2014/06/30,0,1530380,-278300,1252080
2014/07/01,0,666080,-1441000,-774920
2014/07/02,0,519000,-405276,113724
2014/07/03,0,125000,-395000,-270000
2014/07/04,0,59000,-293000,-234000
2014/07/07,0,975000,-1036211,-61211
2014/07/08,0,428000,-438000,-10000
2014/07/09,0,320000,-270000,50000
2014/07/10,0,438537,-376000,62537
2014/07/11,0,465074,-266574,198500
2014/07/14,0,543040,-297000,246040
2014/07/15,0,1524050,-829000,695050
2014/07/16,0,646400,-350000,296400
2014/07/17,0,1042961,-203000,839961
2014/07/18,0,671000,-102000,569000
2014/07/21,0,1061000,-673000,388000
2014/07/22,0,783000,-398580,384420
2014/07/23,0,0,0,0
2014/07/24,0,1295400,-1001720,293680
2014/07/25,0,321000,-311000,10000
2014/07/28,0,274000,-19000,255000
2014/07/29,0,260000,-431000,-171000
2014/07/30,0,260000,-297940,-37940
2014/07/31,0,249000,-160000,89000
2014/08/01,0,212400,-571000,-358600
2014/08/04,0,511710,-159372,352338
2014/08/05,0,811000,-572816,238184
2014/08/06,0,403720,-260000,143720
2014/08/07,0,100000,-223880,-123880
2014/08/08,0,330700,-766816,-436116
2014/08/11,0,375540,-463000,-87460
2014/08/12,0,272062,-439419,-167357
2014/08/13,0,544100,-1142000,-597900
2014/08/14,0,235100,-1238000,-1002900
2014/08/15,0,351100,-891700,-540600
2014/08/18,0,23050,-203000,-179950
2014/08/19,0,2487000,-1991000,496000
2014/08/20,0,1558797,-3070940,-1512143
2014/08/21,0,1437000,-2712560,-1275560
2014/08/22,0,983947,-515349,468598
2014/08/25,0,341790,-788100,-446310
2014/08/26,0,608000,-582140,25860
2014/08/27,0,1656174,-515070,1141104
2014/08/28,0,796310,-479600,316710
2014/08/29,0,839000,-476000,363000
2014/09/01,0,498639,-1120206,-621567
2014/09/02,0,203000,-659000,-456000
2014/09/03,0,419030,-637134,-218104
2014/09/04,0,382000,-551322,-169322
2014/09/05,0,713000,-792000,-79000
2014/09/09,0,178289,-528460,-350171
2014/09/10,0,443748,-2722288,-2278540
2014/09/11,0,796280,-807000,-10720
2014/09/12,0,1130240,-1496894,-366654
2014/09/15,0,1138000,-1334966,-196966
2014/09/16,0,841088,-999320,-158232
2014/09/17,0,840000,-426000,414000
2014/09/18,0,955384,-2990540,-2035156
2014/09/19,0,1135424,-577966,557458
2014/09/22,0,350000,-299733,50267
2014/09/23,0,531000,-142000,389000
2014/09/24,0,397000,-405000,-8000
2014/09/25,0,433000,-135058,297942
2014/09/26,0,266000,-197585,68415
2014/09/29,0,1030000,-1148000,-118000
2014/09/30,0,2066000,-741976,1324024
2014/10/01,0,706000,-791000,-85000
2014/10/02,0,791500,-1595000,-803500
2014/10/03,0,372000,-635178,-263178
2014/10/06,0,254760,-162776,91984
2014/10/07,0,409000,-171000,238000
2014/10/08,0,872809,-242809,630000
2014/10/09,0,874200,-1020537,-146337
2014/10/13,0,861600,-388670,472930
2014/10/14,0,449520,-962576,-513056
2014/10/15,0,466320,-316144,150176
2014/10/16,0,536000,-343460,192540
2014/10/17,0,399000,-680000,-281000
2014/10/20,0,346450,-97210,249240
2014/10/21,0,200000,-174896,25104
2014/10/22,0,228080,-228120,-40
2014/10/23,0,482000,-180080,301920
2014/10/24,0,358000,-266120,91880
2014/10/27,0,945640,-248004,697636
2014/10/28,0,441000,-292360,148640
2014/10/29,0,213000,-146360,66640
2014/10/30,0,386000,-62440,323560
2014/10/31,0,659640,-91360,568280
2014/11/03,0,705400,-731337,-25937
2014/11/04,0,437000,-303560,133440
2014/11/05,0,158000,-457000,-299000
2014/11/06,0,188000,-943000,-755000
2014/11/07,0,602020,-930809,-328789
2014/11/10,0,242792,-420000,-177208
2014/11/11,0,255388,-428500,-173112
2014/11/12,0,175225,-294200,-118975
2014/11/13,0,546000,-237179,308821
2014/11/14,0,1245376,-343400,901976
2014/11/17,0,528373,-296674,231699
2014/11/18,0,708589,-52329,656260
2014/11/19,0,967364,-178752,788612
2014/11/20,0,1577120,-382250,1194870
2014/11/21,0,803969,-510568,293401
2014/11/24,0,287163,-651160,-363997
2014/11/25,0,988926,-625222,363704
2014/11/26,0,506840,-206656,300184
2014/11/27,0,410656,-353200,57456
2014/11/28,0,159880,-127000,32880
2014/12/01,0,570210,-248210,322000
2014/12/02,0,230000,-537000,-307000
2014/12/03,0,110772,-226489,-115717
2014/12/04,0,664160,-221923,442237
2014/12/05,0,947000,-717000,230000
2014/12/08,0,1471000,-667000,804000
2014/12/09,0,143379,-319400,-176021
2014/12/10,0,847786,-937320,-89534
2014/12/11,0,1257689,-1310000,-52311
2014/12/12,0,1447820,-1277209,170611
2014/12/15,0,719376,-512598,206778
2014/12/16,0,362019,-408000,-45981
2014/12/17,0,635000,-985059,-350059
2014/12/18,0,459730,-221705,238025
2014/12/19,0,598480,-368360,230120
2014/12/22,0,343000,-74000,269000
2014/12/23,0,92800,-243511,-150711
2014/12/24,0,98000,-110000,-12000
2014/12/25,0,67000,-111000,-44000
2014/12/26,0,68500,-87000,-18500
2014/12/29,0,322000,-207000,115000
2014/12/30,0,117880,-178000,-60120
2014/12/31,0,224700,-104940,119760
2015/01/01,0,0,0,0
2015/01/02,0,0,0,0
2015/01/05,0,126000,-272000,-146000
2015/01/06,0,360000,-641640,-281640
2015/01/07,0,402000,-1414888,-1012888
2015/01/08,0,360000,-551415,-191415
2015/01/09,0,605000,-548409,56591
2015/01/12,0,185000,-349200,-164200
2015/01/13,0,613000,-398341,214659
2015/01/14,0,493000,-318620,174380
2015/01/15,0,414000,-352000,62000
2015/01/16,0,724000,-844248,-120248
2015/01/19,0,208000,-65960,142040
2015/01/20,0,603000,-80200,522800
2015/01/21,0,2867000,-292000,2575000
2015/01/22,0,1059545,-753710,305835
2015/01/23,0,195000,-413000,-218000
2015/01/26,0,451000,-400000,51000
2015/01/27,0,395000,-326000,69000
2015/01/28,0,489000,-303080,185920
2015/01/29,0,1579000,-1971533,-392533
2015/01/30,0,886000,-1090000,-204000
2015/02/02,0,432883,-1048025,-615142
2015/02/03,0,743117,-595398,147719
2015/02/04,0,1292000,-1267000,25000
2015/02/05,0,594000,-310000,284000
2015/02/06,0,489418,-409080,80338
2015/02/09,0,334774,-98000,236774
2015/02/10,0,227000,-330880,-103880
2015/02/11,0,397760,-287360,110400
2015/02/12,0,387053,-320040,67013
2015/02/13,0,1298000,-637000,661000
2015/02/16,0,0,0,0
2015/02/17,0,0,0,0
2015/02/18,0,0,0,0
2015/02/19,0,0,0,0
2015/02/20,0,0,0,0
2015/02/23,0,0,0,0
2015/02/24,0,1612636,-521596,1091040
2015/02/25,0,2258187,-618783,1639404
2015/02/26,0,1668160,-935243,732917
2015/02/27,0,0,0,0
2015/03/02,0,1010000,-831000,179000
2015/03/03,0,1722370,-586000,1136370
2015/03/04,0,288120,-612000,-323880
2015/03/05,0,326324,-545620,-219296
2015/03/06,0,1350180,-524467,825713
2015/03/09,0,445000,-298450,146550
2015/03/10,0,775000,-363201,411799
2015/03/11,0,432000,-459301,-27301
2015/03/12,0,713000,-155000,558000
2015/03/13,0,356000,-297200,58800
2015/03/16,0,304440,-890579,-586139
2015/03/17,0,307205,-955387,-648182
2015/03/18,0,740960,-702712,38248
2015/03/19,0,787000,-426332,360668
2015/03/20,0,680290,-165005,515285
2015/03/23,0,220000,-238020,-18020
2015/03/24,0,509275,-366500,142775
2015/03/25,0,471445,-375396,96049
2015/03/26,0,553000,-642184,-89184
2015/03/27,0,1585300,-456240,1129060
2015/03/30,0,1909320,-414360,1494960
2015/03/31,0,965000,-600487,364513
2015/04/01,0,1313000,-955000,358000
2015/04/02,0,719220,-389600,329620
2015/04/03,0,0,0,0
2015/04/06,0,0,0,0
2015/04/07,0,327192,-383000,-55808
2015/04/08,0,322000,-340000,-18000
2015/04/09,0,449923,-427050,22873
2015/04/10,0,762967,-908800,-145833
2015/04/13,0,659133,-1035000,-375867
2015/04/14,0,322000,-745000,-423000
2015/04/15,0,354000,-622100,-268100
2015/04/16,0,338000,-276114,61886
2015/04/17,0,411597,-304661,106936
2015/04/20,0,452000,-228377,223623
2015/04/21,0,263270,-322804,-59534
2015/04/22,0,283000,-171000,112000
2015/04/23,0,382000,-128000,254000
2015/04/24,0,1387000,-179376,1207624
2015/04/27,0,1171397,-393762,777635
2015/04/28,0,323000,-138285,184715
2015/04/29,0,615000,-457000,158000
2015/04/30,0,441000,-623195,-182195
2015/05/01,0,0,0,0
2015/05/04,0,393000,-346000,47000
2015/05/05,0,175000,-266100,-91100
2015/05/06,0,242789,-230075,12714
2015/05/07,0,349916,-454840,-104924
2015/05/08,0,524275,-148867,375408
2015/05/11,0,841120,-375000,466120
2015/05/12,0,714000,-337223,376777
2015/05/13,0,424986,-106000,318986
2015/05/14,0,326000,-505595,-179595
2015/05/15,0,286000,-290000,-4000
2015/05/18,0,364000,-284364,79636
2015/05/19,0,433275,-110000,323275
2015/05/20,0,252000,-202000,50000
2015/05/21,0,299620,-401000,-101380
2015/05/22,0,325000,-113616,211384
2015/05/25,0,184000,-162000,22000
2015/05/26,0,176000,-102000,74000
2015/05/27,0,362000,-307900,54100
2015/05/28,0,574014,-254757,319257
2015/05/29,0,1325193,-882000,443193
2015/06/01,0,792000,-843075,-51075
2015/06/02,0,501155,-643500,-142345
2015/06/03,0,934011,-648521,285490
2015/06/04,0,363000,-777194,-414194
2015/06/05,0,284000,-330790,-46790
2015/06/08,0,219000,-359000,-140000
2015/06/09,0,510000,-282396,227604
2015/06/10,0,540200,-598000,-57800
2015/06/11,0,531000,-1507000,-976000
2015/06/12,0,860600,-1349133,-488533
2015/06/15,0,413000,-718000,-305000
2015/06/16,0,550491,-598920,-48429
2015/06/17,0,340460,-530040,-189580
2015/06/18,0,410000,-432249,-22249
2015/06/19,0,0,0,0
2015/06/22,0,296273,-246271,50002
2015/06/23,0,416000,-513018,-97018
2015/06/24,0,382055,-485595,-103540
2015/06/25,0,870381,-591168,279213
2015/06/26,0,861000,-237587,623413
2015/06/29,0,464377,-226595,237782
2015/06/30,0,884000,-202488,681512
2015/07/01,0,194000,-65374,128626
2015/07/02,0,525102,-529001,-3899
2015/07/03,0,321200,-197092,124108
2015/07/06,0,891000,-884000,7000
2015/07/07,0,951240,-1568541,-617301
2015/07/08,0,907121,-1873436,-966315
2015/07/09,0,1080760,-745400,335360
2015/07/10,0,0,0,0
2015/07/13,0,528445,-878042,-349597
2015/07/14,0,531324,-418389,112935
2015/07/15,0,444268,-477072,-32804
2015/07/16,0,266000,-84000,182000
2015/07/17,0,374350,-355767,18583
2015/07/20,0,363033,-120256,242777
2015/07/21,0,493452,-370835,122617
2015/07/22,0,260000,-600938,-340938
2015/07/23,0,912500,-706000,206500
2015/07/24,0,406220,-407750,-1530
2015/07/27,0,869000,-752256,116744
2015/07/28,0,890666,-603520,287146
2015/07/29,0,814560,-209342,605218
2015/07/30,0,592000,-449600,142400
2015/07/31,0,413215,-376000,37215
2015/08/03,0,723113,-586000,137113
2015/08/04,0,535955,-387305,148650
2015/08/05,0,440500,-661256,-220756
2015/08/06,0,826000,-1070544,-244544
2015/08/07,0,846040,-553200,292840
2015/08/10,0,1773000,-806000,967000
2015/08/11,0,495000,-486256,8744
2015/08/12,0,734000,-526390,207610
2015/08/13,0,854000,-592000,262000
2015/08/14,0,1005800,-837100,168700
2015/08/17,0,679279,-479167,200112
2015/08/18,0,848000,-557696,290304
2015/08/19,0,713033,-753461,-40428
2015/08/20,0,738000,-402258,335742
2015/08/21,0,796000,-743954,52046
2015/08/24,0,1107000,-779896,327104
2015/08/25,0,1347100,-1085455,261645
2015/08/26,0,1379000,-1196750,182250
2015/08/27,0,895400,-1128255,-232855
2015/08/28,0,827380,-705294,122086
2015/08/31,0,1121997,-1134000,-12003
2015/09/01,0,670785,-578295,92490
2015/09/02,0,1711400,-1491068,220332
2015/09/03,0,1732634,-1227096,505538
2015/09/04,0,676796,-1090903,-414107
2015/09/07,0,465000,-447369,17631
2015/09/08,0,366000,-353704,12296
2015/09/09,0,936282,-723715,212567
2015/09/10,0,682095,-938100,-256005
2015/09/11,0,904686,-1371606,-466920
2015/09/14,0,1569000,-1236320,332680
2015/09/15,0,931100,-707857,223243
2015/09/16,0,745000,-943634,-198634
2015/09/17,0,700000,-636403,63597
2015/09/18,0,4128918,-4352845,-223927
2015/09/21,0,529000,-753348,-224348
2015/09/22,0,511899,-431160,80739
2015/09/23,0,223680,-644258,-420578
2015/09/24,0,361000,-409977,-48977
2015/09/25,0,737984,-673280,64704
2015/09/28,0,0,0,0
2015/09/29,0,0,0,0
2015/09/30,0,1748000,-1816722,-68722
2015/10/01,0,683086,-511054,172032
2015/10/02,0,519000,-606324,-87324
2015/10/05,0,412240,-1551747,-1139507
2015/10/06,0,1105920,-1915960,-810040
2015/10/07,0,909000,-579680,329320
2015/10/08,0,670000,-3017728,-2347728
2015/10/09,0,0,0,0
2015/10/12,0,3607864,-7273558,-3665694
2015/10/13,0,1315720,-2503055,-1187335
2015/10/14,0,784000,-1254653,-470653
2015/10/15,0,1286000,-943065,342935
2015/10/16,0,1962000,-1586089,375911
2015/10/19,0,871000,-681668,189332
2015/10/20,0,920900,-903679,17221
2015/10/21,0,2715000,-868000,1847000
2015/10/22,0,857001,-1414000,-556999
2015/10/23,0,451437,-1298000,-846563
2015/10/26,0,586000,-434093,151907
2015/10/27,0,376700,-299586,77114
2015/10/28,0,444640,-366630,78010
2015/10/29,0,335000,-277281,57719
2015/10/30,0,779000,-491821,287179
2015/11/02,0,402153,-360000,42153
2015/11/03,0,233000,-112874,120126
2015/11/04,0,530000,-168609,361391
2015/11/05,0,313000,-469110,-156110
2015/11/06,0,353000,-1259728,-906728
2015/11/09,0,402374,-388879,13495
2015/11/10,0,441000,-545731,-104731
2015/11/11,0,1038750,-906990,131760
2015/11/12,0,589680,-918000,-328320
2015/11/13,0,421228,-693813,-272585
2015/11/16,0,775900,-1818396,-1042496
2015/11/17,0,2076164,-1967011,109153
2015/11/18,0,1198300,-1195000,3300
2015/11/19,0,464071,-339989,124082
2015/11/20,0,549600,-215209,334391
2015/11/23,0,240491,-339549,-99058
2015/11/24,0,232000,-348974,-116974
2015/11/25,0,419000,-508300,-89300
2015/11/26,0,713000,-233396,479604
2015/11/27,0,1341000,-1029120,311880
2015/11/30,0,1005333,-954001,51332
2015/12/01,0,323896,-238460,85436
2015/12/02,0,559300,-832314,-273014
2015/12/03,0,1197000,-545161,651839
2015/12/04,0,466000,-326101,139899
2015/12/07,0,759000,-299134,459866
2015/12/08,0,415000,-329434,85566
2015/12/09,0,360000,-521281,-161281
2015/12/10,0,936600,-1721841,-785241
2015/12/11,0,1419164,-881973,537191
2015/12/14,0,613066,-435490,177576
2015/12/15,0,825000,-612093,212907
2015/12/16,0,737496,-667700,69796
2015/12/17,0,405488,-718145,-312657
2015/12/18,0,1018267,-1148570,-130303
2015/12/21,0,1345496,-440597,904899
2015/12/22,0,1173162,-782306,390856
2015/12/23,0,720496,-660360,60136
2015/12/24,0,161000,-311777,-150777
2015/12/25,0,64000,-67000,-3000
2015/12/28,0,141000,-383480,-242480
2015/12/29,0,343000,-102000,241000
2015/12/30,0,343608,-228149,115459
2015/12/31,0,379000,-164000,215000
2016/01/01,0,0,0,0
2016/01/04,0,582800,-920330,-337530
2016/01/05,0,491584,-707435,-215851
2016/01/06,0,591025,-233214,357811
2016/01/07,0,839567,-911488,-71921
2016/01/08,0,345000,-346104,-1104
2016/01/11,0,348034,-336380,11654
2016/01/12,0,568000,-650820,-82820
2016/01/13,0,745000,-508409,236591
2016/01/14,0,923225,-734151,189074
2016/01/15,0,669000,-447223,221777
2016/01/18,0,349275,-312000,37275
2016/01/19,0,189000,-140730,48270
2016/01/20,0,404598,-757120,-352522
2016/01/21,0,256009,-480000,-223991
2016/01/22,0,339211,-323254,15957
2016/01/25,0,234000,-242163,-8163
2016/01/26,0,531496,-690061,-158565
2016/01/27,0,247000,-334888,-87888
2016/01/28,0,418000,-267022,150978
2016/01/29,0,1662000,-583613,1078387
2016/02/01,0,1153946,-781000,372946
2016/02/02,0,681000,-841544,-160544
2016/02/03,0,587500,-589099,-1599
2016/02/04,0,0,0,0
2016/02/05,0,0,0,0
2016/02/08,0,0,0,0
2016/02/09,0,0,0,0
2016/02/10,0,0,0,0
2016/02/11,0,0,0,0
2016/02/12,0,0,0,0
2016/02/15,0,1208225,-1186843,21382
2016/02/16,0,1131000,-991430,139570
2016/02/17,0,483140,-684024,-200884
2016/02/18,0,897861,-1401982,-504121
2016/02/19,0,836247,-1410701,-574454
2016/02/22,0,926535,-1193239,-266704
2016/02/23,0,584176,-382400,201776
2016/02/24,0,332000,-257773,74227
2016/02/25,0,350862,-390039,-39177
2016/02/26,0,222310,-921688,-699378
2016/02/29,0,0,0,0
2016/03/01,0,700374,-1561000,-860626
2016/03/02,0,740426,-1275133,-534707
2016/03/03,0,318779,-489458,-170679
2016/03/04,0,751000,-669529,81471
2016/03/07,0,329000,-773508,-444508
2016/03/08,0,317852,-616903,-299051
2016/03/09,0,597225,-840342,-243117
2016/03/10,0,185000,-177614,7386
2016/03/11,0,468000,-112324,355676
2016/03/14,0,321000,-355066,-34066
2016/03/15,0,341000,-364527,-23527
2016/03/16,0,261000,-246423,14577
2016/03/17,0,519773,-327000,192773
2016/03/18,0,1512800,-801246,711554
2016/03/21,0,1102010,-342675,759335
2016/03/22,0,1105858,-251436,854422
2016/03/23,0,1069380,-2417977,-1348597
2016/03/24,0,1706086,-3517262,-1811176
2016/03/25,0,509000,-89031,419969
2016/03/28,0,508500,-364698,143802
2016/03/29,0,726300,-445001,281299
2016/03/30,0,599000,-523195,75805
2016/03/31,0,1107000,-731251,375749
2016/04/01,0,584080,-782333,-198253
2016/04/04,0,0,0,0
2016/04/05,0,0,0,0
2016/04/06,0,516113,-1019332,-503219
2016/04/07,0,538999,-499020,39979
2016/04/08,0,625000,-748000,-123000
2016/04/11,0,209322,-908824,-699502
2016/04/12,0,590092,-2013500,-1423408
2016/04/13,0,1788839,-1304544,484295
2016/04/14,0,1800000,-1174889,625111
2016/04/15,0,616000,-846949,-230949
2016/04/18,0,259376,-342000,-82624
2016/04/19,0,425042,-237254,187788
2016/04/20,0,711770,-674977,36793
2016/04/21,0,1111000,-735275,375725
2016/04/22,0,1370494,-1722200,-351706
2016/04/25,0,1276676,-869089,407587
2016/04/26,0,841921,-638436,203485
2016/04/27,0,717000,-592000,125000
2016/04/28,0,1032940,-858082,174858
2016/04/29,0,1089000,-1103736,-14736
2016/05/02,0,0,0,0
2016/05/03,0,693664,-758573,-64909
2016/05/04,0,1242000,-756811,485189
2016/05/05,0,1453062,-641000,812062
2016/05/06,0,1295919,-796932,498987
2016/05/09,0,547000,-2465307,-1918307
2016/05/10,0,2174114,-1683400,490714
2016/05/11,0,1504000,-1555830,-51830
2016/05/12,0,1550578,-2243543,-692965
2016/05/13,0,1447000,-1879516,-432516
2016/05/16,0,1127000,-645229,481771
2016/05/17,0,591000,-642000,-51000
2016/05/18,0,679280,-585747,93533
2016/05/19,0,457000,-490003,-33003
2016/05/20,0,594286,-615073,-20787
2016/05/23,0,792904,-1044426,-251522
2016/05/24,0,444494,-436513,7981
2016/05/25,0,640494,-638114,2380
2016/05/26,0,1228800,-337000,891800
2016/05/27,0,556275,-357000,199275
2016/05/30,0,942000,-590380,351620
2016/05/31,0,1330027,-735606,594421
2016/06/01,0,924621,-1034183,-109562
2016/06/02,0,1180000,-1626626,-446626
2016/06/03,0,671500,-1149503,-478003
2016/06/06,0,1974000,-1031898,942102
2016/06/07,0,973000,-1113370,-140370
2016/06/08,0,1335082,-496356,838726
2016/06/09,0,0,0,0
2016/06/10,0,0,0,0
2016/06/13,0,1942000,-2711902,-769902
2016/06/14,0,537112,-2073940,-1536828
2016/06/15,0,1041000,-1232256,-191256
2016/06/16,0,733068,-1663322,-930254
2016/06/17,0,809933,-787169,22764
2016/06/20,0,172252,-384000,-211748
2016/06/21,0,141000,-384492,-243492
2016/06/22,0,559708,-3157525,-2597817
2016/06/23,0,429386,-1632784,-1203398
2016/06/24,0,533000,-603092,-70092
2016/06/27,0,209000,-505343,-296343
2016/06/28,0,1032510,-798225,234285
2016/06/29,0,714720,-968383,-253663
2016/06/30,0,1466000,-392728,1073272
2016/07/01,0,643000,-366214,276786
2016/07/04,0,257000,-196574,60426
2016/07/05,0,293186,-271954,21232
2016/07/06,0,169000,-766019,-597019
2016/07/07,0,595000,-479000,116000
2016/07/08,0,0,0,0
2016/07/11,0,783911,-365086,418825
2016/07/12,0,1164234,-582565,581669
2016/07/13,0,807000,-472000,335000
2016/07/14,0,598000,-368313,229687
2016/07/15,0,1897000,-676373,1220627
2016/07/18,0,2174266,-1138960,1035306
2016/07/19,0,1257000,-924920,332080
2016/07/20,0,868000,-805918,62082
2016/07/21,0,340128,-428568,-88440
2016/07/22,0,985041,-774000,211041
2016/07/25,0,511462,-572000,-60538
2016/07/26,0,652000,-434000,218000
2016/07/27,0,624000,-290000,334000
2016/07/28,0,796293,-805540,-9247
2016/07/29,0,1007000,-880027,126973
2016/08/01,0,927688,-804436,123252
2016/08/02,0,644000,-878190,-234190
2016/08/03,0,648000,-668855,-20855
2016/08/04,0,1090000,-395055,694945
2016/08/05,0,309000,-620807,-311807
2016/08/08,0,156693,-224894,-68201
2016/08/09,0,405000,-426471,-21471
2016/08/10,0,701263,-200000,501263
2016/08/11,0,2895000,-1218989,1676011
2016/08/12,0,1497000,-370000,1127000
2016/08/15,0,303000,-405188,-102188
2016/08/16,0,695000,-243000,452000
2016/08/17,0,188708,-345000,-156292
2016/08/18,0,234000,-258000,-24000
2016/08/19,0,234438,-353000,-118562
2016/08/22,0,622000,-423272,198728
2016/08/23,0,212352,-336226,-123874
2016/08/24,0,180000,-112315,67685
2016/08/25,0,203021,-248000,-44979
2016/08/26,0,104596,-14000,90596
2016/08/29,0,611000,-170000,441000
2016/08/30,0,265322,-356735,-91413
2016/08/31,0,413010,-282255,130755
2016/09/01,0,358262,-354521,3741
2016/09/02,0,233448,-486000,-252552
2016/09/05,0,312000,-472000,-160000
2016/09/06,0,370617,-925006,-554389
2016/09/07,0,643000,-1223977,-580977
2016/09/08,0,655000,-403206,251794
2016/09/09,0,187000,-1655238,-1468238
2016/09/12,0,228200,-445817,-217617
2016/09/13,0,136000,-714086,-578086
2016/09/14,0,674000,-443933,230067
2016/09/15,0,0,0,0
2016/09/16,0,0,0,0
2016/09/19,0,660000,-787161,-127161
2016/09/20,0,693000,-381994,311006
2016/09/21,0,274000,-201000,73000
2016/09/22,0,851255,-554000,297255
2016/09/23,0,426000,-477828,-51828
2016/09/26,0,312792,-594000,-281208
2016/09/27,0,0,0,0
2016/09/28,0,0,0,0
2016/09/29,0,614404,-629708,-15304
2016/09/30,0,457924,-559820,-101896
2016/10/03,0,357164,-363068,-5904
2016/10/04,0,151000,-224118,-73118
2016/10/05,0,338253,-345000,-6747
2016/10/06,0,476730,-340244,136486
2016/10/07,0,250239,-136160,114079
2016/10/10,0,0,0,0
2016/10/11,0,465368,-814504,-349136
2016/10/12,0,455000,-566085,-111085
2016/10/13,0,316500,-390000,-73500
2016/10/14,0,470000,-487000,-17000
2016/10/17,0,628273,-857699,-229426
2016/10/18,0,991950,-756437,235513
2016/10/19,0,2426225,-962650,1463575
2016/10/20,0,1487439,-525683,961756
2016/10/21,0,1148000,-742405,405595
2016/10/24,0,357000,-359612,-2612
2016/10/25,0,288491,-448193,-159702
2016/10/26,0,791580,-1088000,-296420
2016/10/27,0,1056598,-1866010,-809412
2016/10/28,0,435000,-436182,-1182
2016/10/31,0,220699,-440953,-220254
2016/11/01,0,349000,-489000,-140000
2016/11/02,0,155069,-318042,-162973
2016/11/03,0,383000,-614750,-231750
2016/11/04,0,566000,-455606,110394
2016/11/07,0,906000,-691281,214719
2016/11/08,0,575299,-669000,-93701
2016/11/09,0,456612,-2024487,-1567875
2016/11/10,0,997678,-1698085,-700407
2016/11/11,0,349200,-1024319,-675119
2016/11/14,0,492000,-787000,-295000
2016/11/15,0,583660,-928572,-344912
2016/11/16,0,1016520,-772801,243719
2016/11/17,0,892000,-1215000,-323000
2016/11/18,0,341000,-763000,-422000
2016/11/21,0,122000,-217570,-95570
2016/11/22,0,438000,-495691,-57691
2016/11/23,0,285570,-427658,-142088
2016/11/24,0,448000,-354068,93932
2016/11/25,0,328000,-87000,241000
2016/11/28,0,393000,-340000,53000
2016/11/29,0,365880,-355295,10585
2016/11/30,0,985067,-1062000,-76933
2016/12/01,0,451909,-657000,-205091
2016/12/02,0,196000,-563000,-367000
2016/12/05,0,210000,-291630,-81630
2016/12/06,0,288000,-133389,154611
2016/12/07,0,368000,-331185,36815
2016/12/08,0,1005000,-786229,218771
2016/12/09,0,771944,-811485,-39541
2016/12/12,0,622400,-404028,218372
2016/12/13,0,633472,-519021,114451
2016/12/14,0,388640,-124000,264640
2016/12/15,0,576000,-395836,180164
2016/12/16,0,1332000,-1156224,175776
2016/12/19,0,250000,-282000,-32000
2016/12/20,0,144666,-231643,-86977
2016/12/21,0,246700,-174309,72391
2016/12/22,0,185268,-227264,-41996
2016/12/23,0,348983,-237012,111971
2016/12/26,0,69000,-103000,-34000
2016/12/27,0,77400,-124000,-46600
2016/12/28,0,238219,-153761,84458
2016/12/29,0,109279,-174837,-65558
2016/12/30,0,271000,-262941,8059
2017/01/02,0,0,0,0
2017/01/03,0,176500,-224713,-48213
2017/01/04,0,224000,-472000,-248000
2017/01/05,0,372311,-427879,-55568
2017/01/06,0,843000,-923000,-80000
2017/01/09,0,521000,-475554,45446
2017/01/10,0,785000,-279000,506000
2017/01/11,0,273549,-282850,-9301
2017/01/12,0,349834,-169997,179837
2017/01/13,0,170507,-100611,69896
2017/01/16,0,368912,-652000,-283088
2017/01/17,0,204961,-301000,-96039
2017/01/18,0,426400,-291678,134722
2017/01/19,0,139000,-402523,-263523
2017/01/20,0,206598,-361573,-154975
2017/01/23,0,398917,-533615,-134698
2017/01/24,0,644054,-762979,-118925
2017/01/25,0,0,0,0
2017/01/26,0,0,0,0
2017/01/27,0,0,0,0
2017/01/30,0,0,0,0
2017/01/31,0,0,0,0
2017/02/01,0,0,0,0
2017/02/02,0,534830,-1979586,-1444756
2017/02/03,0,1130237,-1923365,-793128
2017/02/06,0,593000,-1126494,-533494
2017/02/07,0,445096,-961942,-516846
2017/02/08,0,452256,-780610,-328354
2017/02/09,0,502994,-913459,-410465
2017/02/10,0,894000,-1059172,-165172
2017/02/13,0,825138,-754013,71125
2017/02/14,0,370000,-650000,-280000
2017/02/15,0,600344,-384000,216344
2017/02/16,0,218000,-661000,-443000
2017/02/17,0,437000,-503887,-66887
2017/02/20,0,233000,-176000,57000
2017/02/21,0,917000,-1075716,-158716
2017/02/22,0,299315,-150214,149101
2017/02/23,0,329320,-89000,240320
2017/02/24,0,226000,-199770,26230
2017/02/27,0,0,0,0
2017/02/28,0,0,0,0
2017/03/01,0,698201,-729779,-31578
2017/03/02,0,923904,-924886,-982
2017/03/03,0,651627,-1486355,-834728
2017/03/06,0,78061,-409805,-331744
2017/03/07,0,158085,-93116,64969
2017/03/08,0,140000,-150161,-10161
2017/03/09,0,562000,-1201967,-639967
2017/03/10,0,790481,-426426,364055
2017/03/13,0,437322,-338424,98898
2017/03/14,0,463253,-298697,164556
2017/03/15,0,72000,-138161,-66161
2017/03/16,0,206742,-397025,-190283
2017/03/17,0,2336610,-948866,1387744
2017/03/20,0,595000,-863000,-268000
2017/03/21,0,707046,-910154,-203108
2017/03/22,0,364000,-907035,-543035
2017/03/23,0,492000,-418709,73291
2017/03/24,0,239981,-389138,-149157
2017/03/27,0,311653,-247000,64653
2017/03/28,0,368000,-207767,160233
2017/03/29,0,182184,-243000,-60816
2017/03/30,0,427378,-1172000,-744622
2017/03/31,0,1062000,-1602000,-540000
2017/04/03,0,0,0,0
2017/04/04,0,0,0,0
2017/04/05,0,1406000,-2385538,-979538
2017/04/06,0,338000,-940000,-602000
2017/04/07,0,258000,-497000,-239000
2017/04/10,0,1197400,-984714,212686
2017/04/11,0,429000,-339500,89500
2017/04/12,0,226000,-168161,57839
2017/04/13,0,263000,-126000,137000
2017/04/14,0,20000,-53923,-33923
2017/04/17,0,122000,-59000,63000
2017/04/18,0,625000,-326076,298924
2017/04/19,0,693000,-525012,167988
2017/04/20,0,556548,-483391,73157
2017/04/21,0,427000,-509642,-82642
2017/04/24,0,254879,-188879,66000
2017/04/25,0,479000,-89706,389294
2017/04/26,0,687000,-273000,414000
2017/04/27,0,155000,-104000,51000
2017/04/28,0,1603000,-609000,994000
2017/05/01,0,0,0,0
2017/05/02,0,621000,-281641,339359
2017/05/03,0,439000,-102000,337000
2017/05/04,0,629000,-156820,472180
2017/05/05,0,174966,-137000,37966
2017/05/08,0,247229,-182902,64327
2017/05/09,0,199207,-97140,102067
2017/05/10,0,526426,-855221,-328795
2017/05/11,0,2677109,-2848000,-170891
2017/05/12,0,1116000,-1194717,-78717
2017/05/15,0,396621,-464574,-67953
2017/05/16,0,877283,-1804848,-927565
2017/05/17,0,447725,-1202677,-754952
2017/05/18,0,276506,-512000,-235494
2017/05/19,0,480000,-641594,-161594
2017/05/22,0,527695,-480942,46753
2017/05/23,0,289460,-654670,-365210
2017/05/24,0,550074,-379807,170267
2017/05/25,0,193000,-247208,-54208
2017/05/26,0,0,0,0
2017/05/29,0,0,0,0
2017/05/30,0,0,0,0
2017/05/31,0,1434400,-1661454,-227054
2017/06/01,0,317000,-293096,23904
2017/06/02,0,839000,-228000,611000
2017/06/05,0,121000,-175000,-54000
2017/06/06,0,163000,-206679,-43679
2017/06/07,0,358000,-145773,212227
2017/06/08,0,204654,-336000,-131346
2017/06/09,0,590000,-608109,-18109
2017/06/12,0,200512,-308000,-107488
2017/06/13,0,409000,-155000,254000
2017/06/14,0,649000,-178541,470459
2017/06/15,0,265000,-140000,125000
2017/06/16,0,1020203,-554377,465826
2017/06/19,0,233138,-102000,131138
2017/06/20,0,277000,-54000,223000
2017/06/21,0,442016,-301905,140111
2017/06/22,0,737000,-551137,185863
2017/06/23,0,188000,-469500,-281500
2017/06/26,0,740000,-593500,146500
2017/06/27,0,259569,-330473,-70904
2017/06/28,0,953000,-633000,320000
2017/06/29,0,674000,-330000,344000
2017/06/30,0,732275,-559000,173275
2017/07/03,0,1554000,-424000,1130000
2017/07/04,0,416000,-595230,-179230
2017/07/05,0,318000,-279000,39000
2017/07/06,0,407800,-223990,183810
2017/07/07,0,274200,-745623,-471423
2017/07/10,0,268054,-397625,-129571
2017/07/11,0,219874,-198054,21820
2017/07/12,0,259000,-171176,87824
2017/07/13,0,482729,-399000,83729
2017/07/14,0,242000,-341000,-99000
2017/07/17,0,70000,-217000,-147000
2017/07/18,0,573000,-666782,-93782
2017/07/19,0,527000,-579000,-52000
2017/07/20,0,171549,-320675,-149126
2017/07/21,0,221036,-441400,-220364
2017/07/24,0,223212,-364123,-140911
2017/07/25,0,750000,-806674,-56674
2017/07/26,0,248000,-432500,-184500
2017/07/27,0,413040,-345381,67659
2017/07/28,0,165000,-229472,-64472
2017/07/31,0,146000,-513331,-367331
2017/08/01,0,281000,-482657,-201657
2017/08/02,0,144062,-524000,-379938
2017/08/03,0,467040,-563178,-96138
2017/08/04,0,278041,-849945,-571904
2017/08/07,0,839501,-386020,453481
2017/08/08,0,710760,-1049966,-339206
2017/08/09,0,2795207,-1096300,1698907
2017/08/10,0,863276,-818600,44676
2017/08/11,0,700500,-704000,-3500
2017/08/14,0,388920,-311000,77920
2017/08/15,0,165120,-381600,-216480
2017/08/16,0,381215,-560763,-179548
2017/08/17,0,405000,-336000,69000
2017/08/18,0,49860,-428000,-378140
