Date,Open,Buy,Sell,Total
2007/01/02,0,200000,0,200000
2007/01/03,0,0,-130000,-130000
2007/01/04,0,0,-146000,-146000
2007/01/05,0,0,-196000,-196000
2007/01/08,0,0,-292000,-292000
2007/01/09,0,0,0,0
2007/01/10,0,0,-50000,-50000
2007/01/11,0,0,-110000,-110000
2007/01/12,0,0,-44000,-44000
2007/01/15,0,0,0,0
2007/01/16,0,10000,0,10000
2007/01/17,0,1000,-40000,-39000
2007/01/18,0,0,-28000,-28000
2007/01/19,0,0,-13000,-13000
2007/01/22,0,0,-80000,-80000
2007/01/23,0,11000,0,11000
2007/01/24,0,10000,-80000,-70000
2007/01/25,0,0,-30000,-30000
2007/01/26,0,0,-90000,-90000
2007/01/29,0,0,-14000,-14000
2007/01/30,0,10000,0,10000
2007/01/31,0,5000,-270000,-265000
2007/02/01,0,8000,0,8000
2007/02/02,0,0,-95000,-95000
2007/02/05,0,5000,0,5000
2007/02/06,0,60000,-82000,-22000
2007/02/07,0,35000,-45000,-10000
2007/02/08,0,75000,0,75000
2007/02/09,0,120000,0,120000
2007/02/12,0,5000,0,5000
2007/02/13,0,53000,0,53000
2007/02/14,0,3000,0,3000
2007/02/15,0,0,0,0
2007/02/16,0,0,0,0
2007/02/19,0,0,0,0
2007/02/20,0,0,0,0
2007/02/21,0,0,0,0
2007/02/22,0,0,0,0
2007/02/23,0,0,0,0
2007/02/26,0,0,0,0
2007/02/27,0,690000,0,690000
2007/02/28,0,0,0,0
2007/03/01,0,550000,0,550000
2007/03/02,0,5000,0,5000
2007/03/05,0,0,0,0
2007/03/06,0,0,0,0
2007/03/07,0,0,0,0
2007/03/08,0,0,0,0
2007/03/09,0,0,0,0
2007/03/12,0,0,0,0
2007/03/13,0,0,0,0
2007/03/14,0,0,0,0
2007/03/15,0,0,0,0
2007/03/16,0,143000,0,143000
2007/03/19,0,0,0,0
2007/03/20,0,630000,0,630000
2007/03/21,0,370000,0,370000
2007/03/22,0,150000,0,150000
2007/03/23,0,75000,0,75000
2007/03/26,0,0,0,0
2007/03/27,0,20000,-240000,-220000
2007/03/28,0,0,0,0
2007/03/29,0,30000,0,30000
2007/03/30,0,10000,0,10000
2007/04/02,0,0,-30000,-30000
2007/04/03,0,0,0,0
2007/04/04,0,35000,0,35000
2007/04/05,0,0,0,0
2007/04/06,0,0,0,0
2007/04/09,0,0,-10000,-10000
2007/04/10,0,80000,0,80000
2007/04/11,0,0,0,0
2007/04/12,0,0,0,0
2007/04/13,0,0,0,0
2007/04/16,0,10000,0,10000
2007/04/17,0,40000,0,40000
2007/04/18,0,10000,0,10000
2007/04/19,0,60000,0,60000
2007/04/20,0,223000,0,223000
2007/04/23,0,187000,0,187000
2007/04/24,0,0,0,0
2007/04/25,0,50000,-120000,-70000
2007/04/26,0,0,-15000,-15000
2007/04/27,0,0,0,0
2007/04/30,0,0,0,0
2007/05/01,0,0,0,0
2007/05/02,0,0,0,0
2007/05/03,0,10000,0,10000
2007/05/04,0,110000,0,110000
2007/05/07,0,0,0,0
2007/05/08,0,5000,0,5000
2007/05/09,0,5000,-30000,-25000
2007/05/10,0,0,-30000,-30000
2007/05/11,0,0,0,0
2007/05/14,0,0,0,0
2007/05/15,0,1000,-201000,-200000
2007/05/16,0,0,-95000,-95000
2007/05/17,0,10000,-100000,-90000
2007/05/18,0,148000,-182000,-34000
2007/05/21,0,5000,-70000,-65000
2007/05/22,0,10000,-65000,-55000
2007/05/23,0,0,-100000,-100000
2007/05/24,0,50000,-180000,-130000
2007/05/25,0,25000,-37000,-12000
2007/05/28,0,30000,-20000,10000
2007/05/29,0,10000,0,10000
2007/05/30,0,0,0,0
2007/05/31,0,0,-20000,-20000
2007/06/01,0,0,-28000,-28000
2007/06/04,0,0,0,0
2007/06/05,0,0,0,0
2007/06/06,0,25000,-20000,5000
2007/06/07,0,5000,0,5000
2007/06/08,0,25000,-20000,5000
2007/06/11,0,0,-25000,-25000
2007/06/12,0,0,-20000,-20000
2007/06/13,0,0,0,0
2007/06/14,0,0,-30000,-30000
2007/06/15,0,557,-45000,-44443
2007/06/18,0,0,0,0
2007/06/19,0,0,0,0
2007/06/20,0,0,0,0
2007/06/21,0,40000,0,40000
2007/06/22,0,0,0,0
2007/06/25,0,10000,-94000,-84000
2007/06/26,0,10000,-1000,9000
2007/06/27,0,10000,-50000,-40000
2007/06/28,0,0,-40000,-40000
2007/06/29,0,96000,0,96000
2007/07/02,0,0,-115000,-115000
2007/07/03,0,0,-70000,-70000
2007/07/04,0,14000,-137000,-123000
2007/07/05,0,0,-259000,-259000
2007/07/06,0,0,0,0
2007/07/09,0,0,0,0
2007/07/10,0,0,0,0
2007/07/11,0,0,0,0
2007/07/12,0,136000,-20000,116000
2007/07/13,0,300000,-40000,260000
2007/07/16,0,0,0,0
2007/07/17,0,0,0,0
2007/07/18,0,166000,-180000,-14000
2007/07/19,0,0,0,0
2007/07/20,0,0,-9000,-9000
2007/07/23,0,0,-67000,-67000
2007/07/24,0,300000,-20000,280000
2007/07/25,0,0,0,0
2007/07/26,0,1000,0,1000
2007/07/27,0,0,-50000,-50000
2007/07/30,0,0,0,0
2007/07/31,0,0,-9000,-9000
2007/08/01,0,0,0,0
2007/08/02,0,0,0,0
2007/08/03,0,0,-20000,-20000
2007/08/06,0,0,0,0
2007/08/07,0,0,0,0
2007/08/08,0,0,0,0
2007/08/09,0,0,0,0
2007/08/10,0,0,0,0
2007/08/13,0,0,0,0
2007/08/14,0,0,0,0
2007/08/15,0,10000,0,10000
2007/08/16,0,0,-57000,-57000
2007/08/17,0,11000,-34000,-23000
2007/08/20,0,0,-12000,-12000
2007/08/21,0,0,-100000,-100000
2007/08/22,0,0,0,0
2007/08/23,0,0,-80000,-80000
2007/08/24,0,0,0,0
2007/08/27,0,0,-50000,-50000
2007/08/28,0,0,0,0
2007/08/29,0,0,0,0
2007/08/30,0,0,0,0
2007/08/31,0,0,-51000,-51000
2007/09/03,0,0,-31000,-31000
2007/09/04,0,157,-32000,-31843
2007/09/05,0,0,-37000,-37000
2007/09/06,0,0,-32000,-32000
2007/09/07,0,0,0,0
2007/09/10,0,0,0,0
2007/09/11,0,0,-30000,-30000
2007/09/12,0,0,-20000,-20000
2007/09/13,0,0,-30000,-30000
2007/09/14,0,0,0,0
2007/09/17,0,0,0,0
2007/09/18,0,0,0,0
2007/09/19,0,0,-48000,-48000
2007/09/20,0,0,-176000,-176000
2007/09/21,0,0,-20000,-20000
2007/09/24,0,0,0,0
2007/09/25,0,0,0,0
2007/09/26,0,22000,-60915,-38915
2007/09/27,0,46000,0,46000
2007/09/28,0,0,-22198,-22198
2007/10/01,0,0,-400000,-400000
2007/10/02,0,0,0,0
2007/10/03,0,0,0,0
2007/10/04,0,0,0,0
2007/10/05,0,0,0,0
2007/10/08,0,0,0,0
2007/10/09,0,0,0,0
2007/10/10,0,0,0,0
2007/10/11,0,0,0,0
2007/10/12,0,31000,-30000,1000
2007/10/15,0,0,-12000,-12000
2007/10/16,0,0,-1547,-1547
2007/10/17,0,0,-7000,-7000
2007/10/18,0,0,-13000,-13000
2007/10/19,0,0,-26000,-26000
2007/10/22,0,0,-26000,-26000
2007/10/23,0,0,-76738,-76738
2007/10/24,0,0,-77000,-77000
2007/10/25,0,0,-30000,-30000
2007/10/26,0,0,-65000,-65000
2007/10/29,0,0,-64000,-64000
2007/10/30,0,0,-64000,-64000
2007/10/31,0,24000,-63000,-39000
2007/11/01,0,88000,-57000,31000
2007/11/02,0,0,0,0
2007/11/05,0,0,0,0
2007/11/06,0,18000,0,18000
2007/11/07,0,0,0,0
2007/11/08,0,0,-664,-664
2007/11/09,0,0,0,0
2007/11/12,0,0,0,0
2007/11/13,0,0,0,0
2007/11/14,0,1000,0,1000
2007/11/15,0,0,0,0
2007/11/16,0,0,0,0
2007/11/19,0,4000,0,4000
2007/11/20,0,0,0,0
2007/11/21,0,0,-2000,-2000
2007/11/22,0,1000,0,1000
2007/11/23,0,0,0,0
2007/11/26,0,0,0,0
2007/11/27,0,5000,-122000,-117000
2007/11/28,0,0,-71000,-71000
2007/11/29,0,0,0,0
2007/11/30,0,0,0,0
2007/12/03,0,0,0,0
2007/12/04,0,0,-1000,-1000
2007/12/05,0,0,0,0
2007/12/06,0,0,0,0
2007/12/07,0,0,-49,-49
2007/12/10,0,0,0,0
2007/12/11,0,0,-240000,-240000
2007/12/12,0,80000,-13000,67000
2007/12/13,0,0,0,0
2007/12/14,0,741000,0,741000
2007/12/17,0,0,0,0
2007/12/18,0,0,0,0
2007/12/19,0,1000,0,1000
2007/12/20,0,0,0,0
2007/12/21,0,0,0,0
2007/12/24,0,0,0,0
2007/12/25,0,0,-171040,-171040
2007/12/26,0,0,0,0
2007/12/27,0,5000,0,5000
2007/12/28,0,0,0,0
2007/12/31,0,0,0,0
2008/01/01,0,0,0,0
2008/01/02,0,0,-295000,-295000
2008/01/03,0,5000,0,5000
2008/01/04,0,0,-218000,-218000
2008/01/07,0,201000,0,201000
2008/01/08,0,0,-112000,-112000
2008/01/09,0,400000,-160000,240000
2008/01/10,0,391000,-66000,325000
2008/01/11,0,209000,0,209000
2008/01/14,0,500000,0,500000
2008/01/15,0,0,0,0
2008/01/16,0,150000,0,150000
2008/01/17,0,1000,0,1000
2008/01/18,0,0,0,0
2008/01/21,0,0,0,0
2008/01/22,0,109000,0,109000
2008/01/23,0,426000,0,426000
2008/01/24,0,1000,0,1000
2008/01/25,0,96000,0,96000
2008/01/28,0,500000,0,500000
2008/01/29,0,0,-5000,-5000
2008/01/30,0,0,-125000,-125000
2008/01/31,0,0,-125000,-125000
2008/02/01,0,0,-125000,-125000
2008/02/04,0,0,0,0
2008/02/05,0,0,0,0
2008/02/06,0,0,0,0
2008/02/07,0,0,0,0
2008/02/08,0,0,0,0
2008/02/11,0,0,0,0
2008/02/12,0,0,0,0
2008/02/13,0,12000,-125000,-113000
2008/02/14,0,0,0,0
2008/02/15,0,0,0,0
2008/02/18,0,0,0,0
2008/02/19,0,0,0,0
2008/02/20,0,0,-267753,-267753
2008/02/21,0,0,-283000,-283000
2008/02/22,0,0,-65000,-65000
2008/02/25,0,0,-232000,-232000
2008/02/26,0,0,0,0
2008/02/27,0,0,0,0
2008/02/28,0,0,0,0
2008/02/29,0,0,0,0
2008/03/03,0,0,0,0
2008/03/04,0,0,-10000,-10000
2008/03/05,0,1000,0,1000
2008/03/06,0,0,0,0
2008/03/07,0,0,0,0
2008/03/10,0,0,0,0
2008/03/11,0,0,-95000,-95000
2008/03/12,0,12000,0,12000
2008/03/13,0,0,0,0
2008/03/14,0,0,0,0
2008/03/17,0,1000,0,1000
2008/03/18,0,50000,0,50000
2008/03/19,0,0,-250000,-250000
2008/03/20,0,7000,0,7000
2008/03/21,0,1000,0,1000
2008/03/24,0,0,0,0
2008/03/25,0,0,0,0
2008/03/26,0,0,-121000,-121000
2008/03/27,0,1000,-146906,-145906
2008/03/28,0,0,0,0
2008/03/31,0,1000,0,1000
2008/04/01,0,0,0,0
2008/04/02,0,3000,-6000,-3000
2008/04/03,0,0,-400000,-400000
2008/04/04,0,0,0,0
2008/04/07,0,1000,-181000,-180000
2008/04/08,0,0,-168000,-168000
2008/04/09,0,0,-571000,-571000
2008/04/10,0,50000,-400000,-350000
2008/04/11,0,45000,0,45000
2008/04/14,0,0,0,0
2008/04/15,0,0,0,0
2008/04/16,0,0,0,0
2008/04/17,0,0,0,0
2008/04/18,0,20000,0,20000
2008/04/21,0,0,0,0
2008/04/22,0,4000,0,4000
2008/04/23,0,1000,0,1000
2008/04/24,0,0,0,0
2008/04/25,0,1000,0,1000
2008/04/28,0,0,0,0
2008/04/29,0,1000,0,1000
2008/04/30,0,2000,0,2000
2008/05/01,0,0,0,0
2008/05/02,0,0,-193798,-193798
2008/05/05,0,0,0,0
2008/05/06,0,1000,0,1000
2008/05/07,0,1000,0,1000
2008/05/08,0,0,0,0
2008/05/09,0,0,-28000,-28000
2008/05/12,0,1000,0,1000
2008/05/13,0,32000,-6000,26000
2008/05/14,0,0,0,0
2008/05/15,0,123000,0,123000
2008/05/16,0,24000,0,24000
2008/05/19,0,0,0,0
2008/05/20,0,0,0,0
2008/05/21,0,0,0,0
2008/05/22,0,0,0,0
2008/05/23,0,0,-1000,-1000
2008/05/26,0,56000,0,56000
2008/05/27,0,4000,0,4000
2008/05/28,0,1000,0,1000
2008/05/29,0,1000,0,1000
2008/05/30,0,0,-6000,-6000
2008/06/02,0,1000,0,1000
2008/06/03,0,40000,0,40000
2008/06/04,0,45000,0,45000
2008/06/05,0,11000,0,11000
2008/06/06,0,0,0,0
2008/06/09,0,0,0,0
2008/06/10,0,10000,0,10000
2008/06/11,0,11000,0,11000
2008/06/12,0,401000,0,401000
2008/06/13,0,1000,-39000,-38000
2008/06/16,0,0,-76000,-76000
2008/06/17,0,300000,0,300000
2008/06/18,0,0,0,0
2008/06/19,0,316000,-1000,315000
2008/06/20,0,101000,0,101000
2008/06/23,0,305000,0,305000
2008/06/24,0,201000,-45000,156000
2008/06/25,0,15000,-30000,-15000
2008/06/26,0,0,0,0
2008/06/27,0,0,0,0
2008/06/30,0,1000,0,1000
2008/07/01,0,1000,0,1000
2008/07/02,0,25000,0,25000
2008/07/03,0,0,0,0
2008/07/04,0,2000,0,2000
2008/07/07,0,1000,0,1000
2008/07/08,0,0,0,0
2008/07/09,0,133000,-1000,132000
2008/07/10,0,0,0,0
2008/07/11,0,0,0,0
2008/07/14,0,70000,0,70000
2008/07/15,0,51000,0,51000
2008/07/16,0,0,0,0
2008/07/17,0,1000,0,1000
2008/07/18,0,0,-9000,-9000
2008/07/21,0,49000,0,49000
2008/07/22,0,0,0,0
2008/07/23,0,1000,0,1000
2008/07/24,0,0,-5000,-5000
2008/07/25,0,0,0,0
2008/07/28,0,0,0,0
2008/07/29,0,0,-14000,-14000
2008/07/30,0,1000,0,1000
2008/07/31,0,0,0,0
2008/08/01,0,0,0,0
2008/08/04,0,1000,0,1000
2008/08/05,0,0,0,0
2008/08/06,0,0,0,0
2008/08/07,0,0,0,0
2008/08/08,0,0,0,0
2008/08/11,0,0,0,0
2008/08/12,0,0,-1000,-1000
2008/08/13,0,0,0,0
2008/08/14,0,0,0,0
2008/08/15,0,0,0,0
2008/08/18,0,0,0,0
2008/08/19,0,0,0,0
2008/08/20,0,0,0,0
2008/08/21,0,0,-56000,-56000
2008/08/22,0,1000,-22000,-21000
2008/08/25,0,0,0,0
2008/08/26,0,0,-14000,-14000
2008/08/27,0,0,0,0
2008/08/28,0,0,0,0
2008/08/29,0,0,0,0
2008/09/01,0,1000,0,1000
2008/09/02,0,0,0,0
2008/09/03,0,1000,0,1000
2008/09/04,0,2000,-20000,-18000
2008/09/05,0,1000,0,1000
2008/09/08,0,0,0,0
2008/09/09,0,5000,0,5000
2008/09/10,0,1000,0,1000
2008/09/11,0,0,-20000,-20000
2008/09/12,0,0,-40000,-40000
2008/09/15,0,12000,0,12000
2008/09/16,0,28000,-6000,22000
2008/09/17,0,0,0,0
2008/09/18,0,1000,0,1000
2008/09/19,0,3000,-15000,-12000
2008/09/22,0,0,-35000,-35000
2008/09/23,0,61000,0,61000
2008/09/24,0,0,-1000,-1000
2008/09/25,0,66000,0,66000
2008/09/26,0,0,0,0
2008/09/29,0,0,0,0
2008/09/30,0,0,0,0
2008/10/01,0,1000,0,1000
2008/10/02,0,0,0,0
2008/10/03,0,100000,0,100000
2008/10/06,0,0,0,0
2008/10/07,0,50000,0,50000
2008/10/08,0,0,0,0
2008/10/09,0,150000,-1000,149000
2008/10/10,0,0,0,0
2008/10/13,0,0,0,0
2008/10/14,0,0,0,0
2008/10/15,0,101000,-875,100125
2008/10/16,0,2000,0,2000
2008/10/17,0,0,0,0
2008/10/20,0,0,0,0
2008/10/21,0,0,-42000,-42000
2008/10/22,0,200000,0,200000
2008/10/23,0,0,0,0
2008/10/24,0,0,0,0
2008/10/27,0,0,-6000,-6000
2008/10/28,0,0,-3000,-3000
2008/10/29,0,0,-36000,-36000
2008/10/30,0,0,-1000,-1000
2008/10/31,0,0,0,0
2008/11/03,0,0,0,0
2008/11/04,0,0,0,0
2008/11/05,0,1000,0,1000
2008/11/06,0,0,-1000,-1000
2008/11/07,0,0,0,0
2008/11/10,0,1000,0,1000
2008/11/11,0,1000,-48000,-47000
2008/11/12,0,0,0,0
2008/11/13,0,0,0,0
2008/11/14,0,0,0,0
2008/11/17,0,1000,0,1000
2008/11/18,0,0,0,0
2008/11/19,0,0,0,0
2008/11/20,0,0,0,0
2008/11/21,0,0,0,0
2008/11/24,0,2000,-21000,-19000
2008/11/25,0,0,0,0
2008/11/26,0,0,0,0
2008/11/27,0,0,0,0
2008/11/28,0,0,0,0
2008/12/01,0,5000,0,5000
2008/12/02,0,0,0,0
2008/12/03,0,2000,0,2000
2008/12/04,0,0,0,0
2008/12/05,0,0,0,0
2008/12/08,0,1000,0,1000
2008/12/09,0,6000,0,6000
2008/12/10,0,0,0,0
2008/12/11,0,66000,0,66000
2008/12/12,0,0,-4000,-4000
2008/12/15,0,0,0,0
2008/12/16,0,0,0,0
2008/12/17,0,0,0,0
2008/12/18,0,1000,0,1000
2008/12/19,0,0,0,0
2008/12/22,0,12000,0,12000
2008/12/23,0,0,0,0
2008/12/24,0,0,0,0
2008/12/25,0,1000,0,1000
2008/12/26,0,0,0,0
2008/12/29,0,0,0,0
2008/12/30,0,0,0,0
2008/12/31,0,0,0,0
2009/01/01,0,0,0,0
2009/01/02,0,0,0,0
2009/01/05,0,0,0,0
2009/01/06,0,0,0,0
2009/01/07,0,0,0,0
2009/01/08,0,40000,0,40000
2009/01/09,0,1000,0,1000
2009/01/12,0,1000,0,1000
2009/01/13,0,0,-55000,-55000
2009/01/14,0,0,0,0
2009/01/15,0,0,0,0
2009/01/16,0,1000,0,1000
2009/01/19,0,0,0,0
2009/01/20,0,20000,0,20000
2009/01/21,0,0,-1000,-1000
2009/01/22,0,0,0,0
2009/01/23,0,0,0,0
2009/01/26,0,0,0,0
2009/01/27,0,0,0,0
2009/01/28,0,0,0,0
2009/01/29,0,0,0,0
2009/01/30,0,0,0,0
2009/02/02,0,0,0,0
2009/02/03,0,22000,0,22000
2009/02/04,0,0,0,0
2009/02/05,0,0,0,0
2009/02/06,0,0,0,0
2009/02/09,0,0,0,0
2009/02/10,0,0,-38000,-38000
2009/02/11,0,0,-23000,-23000
2009/02/12,0,0,0,0
2009/02/13,0,0,-150000,-150000
2009/02/16,0,0,0,0
2009/02/17,0,0,0,0
2009/02/18,0,0,0,0
2009/02/19,0,0,0,0
2009/02/20,0,70000,0,70000
2009/02/23,0,0,0,0
2009/02/24,0,0,0,0
2009/02/25,0,0,0,0
2009/02/26,0,0,0,0
2009/02/27,0,1000,0,1000
2009/03/02,0,0,0,0
2009/03/03,0,0,0,0
2009/03/04,0,0,-200000,-200000
2009/03/05,0,0,-250000,-250000
2009/03/06,0,0,0,0
2009/03/09,0,0,0,0
2009/03/10,0,0,0,0
2009/03/11,0,0,0,0
2009/03/12,0,0,-21000,-21000
2009/03/13,0,0,-35000,-35000
2009/03/16,0,90000,0,90000
2009/03/17,0,300000,-1000,299000
2009/03/18,0,0,-2000,-2000
2009/03/19,0,337000,0,337000
2009/03/20,0,30000,-1000,29000
2009/03/23,0,0,-17000,-17000
2009/03/24,0,28000,-2000,26000
2009/03/25,0,0,0,0
2009/03/26,0,0,0,0
2009/03/27,0,0,0,0
2009/03/30,0,100000,-1000,99000
2009/03/31,0,97000,-127000,-30000
2009/04/01,0,57000,0,57000
2009/04/02,0,30000,-74000,-44000
2009/04/03,0,100000,-1000,99000
2009/04/06,0,0,0,0
2009/04/07,0,1000,0,1000
2009/04/08,0,128000,-1000,127000
2009/04/09,0,0,0,0
2009/04/10,0,0,0,0
2009/04/13,0,0,-1000,-1000
2009/04/14,0,0,-1000,-1000
2009/04/15,0,0,0,0
2009/04/16,0,0,-2000,-2000
2009/04/17,0,0,-1000,-1000
2009/04/20,0,0,0,0
2009/04/21,0,1000,0,1000
2009/04/22,0,0,0,0
2009/04/23,0,41000,-1000,40000
2009/04/24,0,90000,0,90000
2009/04/27,0,100000,-2000,98000
2009/04/28,0,1000,0,1000
2009/04/29,0,0,0,0
2009/04/30,0,80000,0,80000
2009/05/01,0,0,0,0
2009/05/04,0,12000,0,12000
2009/05/05,0,3000,0,3000
2009/05/06,0,0,-2000,-2000
2009/05/07,0,0,-2000,-2000
2009/05/08,0,0,-11000,-11000
2009/05/11,0,1000,0,1000
2009/05/12,0,0,0,0
2009/05/13,0,0,-26000,-26000
2009/05/14,0,0,-70000,-70000
2009/05/15,0,2000,-257000,-255000
2009/05/18,0,0,0,0
2009/05/19,0,0,0,0
2009/05/20,0,0,0,0
2009/05/21,0,0,0,0
2009/05/22,0,148000,-1000,147000
2009/05/25,0,46000,-75000,-29000
2009/05/26,0,0,-22000,-22000
2009/05/27,0,99000,-22000,77000
2009/05/28,0,0,0,0
2009/05/29,0,0,0,0
2009/06/01,0,0,-15000,-15000
2009/06/02,0,0,0,0
2009/06/03,0,0,0,0
2009/06/04,0,6000,0,6000
2009/06/05,0,0,0,0
2009/06/08,0,36000,-4000,32000
2009/06/09,0,8000,0,8000
2009/06/10,0,53000,0,53000
2009/06/11,0,2000,0,2000
2009/06/12,0,45000,0,45000
2009/06/15,0,0,0,0
2009/06/16,0,86000,0,86000
2009/06/17,0,100000,-22000,78000
2009/06/18,0,1000,0,1000
2009/06/19,0,58000,0,58000
2009/06/22,0,33000,0,33000
2009/06/23,0,0,-1000,-1000
2009/06/24,0,1000,0,1000
2009/06/25,0,32000,0,32000
2009/06/26,0,0,0,0
2009/06/29,0,0,-45000,-45000
2009/06/30,0,100000,0,100000
2009/07/01,0,0,0,0
2009/07/02,0,0,0,0
2009/07/03,0,0,-1000,-1000
2009/07/06,0,128000,0,128000
2009/07/07,0,0,0,0
2009/07/08,0,0,-53000,-53000
2009/07/09,0,0,0,0
2009/07/10,0,0,0,0
2009/07/13,0,0,0,0
2009/07/14,0,25000,-1000,24000
2009/07/15,0,0,-60000,-60000
2009/07/16,0,0,0,0
2009/07/17,0,0,0,0
2009/07/20,0,0,0,0
2009/07/21,0,94000,-1000,93000
2009/07/22,0,56000,0,56000
2009/07/23,0,50000,0,50000
2009/07/24,0,0,-1000,-1000
2009/07/27,0,30000,-57000,-27000
2009/07/28,0,0,0,0
2009/07/29,0,68000,0,68000
2009/07/30,0,90000,0,90000
2009/07/31,0,369000,0,369000
2009/08/03,0,0,0,0
2009/08/04,0,181000,-4000,177000
2009/08/05,0,30000,0,30000
2009/08/06,0,50000,0,50000
2009/08/07,0,0,0,0
2009/08/10,0,1000,0,1000
2009/08/11,0,0,0,0
2009/08/12,0,224000,0,224000
2009/08/13,0,55000,0,55000
2009/08/14,0,0,-1000,-1000
2009/08/17,0,0,-50000,-50000
2009/08/18,0,80000,0,80000
2009/08/19,0,80000,0,80000
2009/08/20,0,0,0,0
2009/08/21,0,170000,-1000,169000
2009/08/24,0,50000,0,50000
2009/08/25,0,0,0,0
2009/08/26,0,0,0,0
2009/08/27,0,1000,-2000,-1000
2009/08/28,0,0,0,0
2009/08/31,0,0,0,0
2009/09/01,0,0,-75000,-75000
2009/09/02,0,0,-48000,-48000
2009/09/03,0,141000,-80000,61000
2009/09/04,0,140000,-121000,19000
2009/09/07,0,0,0,0
2009/09/08,0,0,0,0
2009/09/09,0,0,-1000,-1000
2009/09/10,0,73000,-122000,-49000
2009/09/11,0,0,0,0
2009/09/14,0,0,-2000,-2000
2009/09/15,0,0,0,0
2009/09/16,0,139000,-339000,-200000
2009/09/17,0,0,0,0
2009/09/18,0,0,0,0
2009/09/21,0,0,0,0
2009/09/22,0,0,-595000,-595000
2009/09/23,0,0,-11000,-11000
2009/09/24,0,0,0,0
2009/09/25,0,0,-24000,-24000
2009/09/28,0,50000,-50000,0
2009/09/29,0,65000,-177000,-112000
2009/09/30,0,0,-123000,-123000
2009/10/01,0,183000,-382000,-199000
2009/10/02,0,0,-98000,-98000
2009/10/05,0,0,-76000,-76000
2009/10/06,0,0,-75000,-75000
2009/10/07,0,0,-50000,-50000
2009/10/08,0,0,-50000,-50000
2009/10/09,0,6000,0,6000
2009/10/12,0,70000,-125000,-55000
2009/10/13,0,60000,-45000,15000
2009/10/14,0,38000,-465000,-427000
2009/10/15,0,177000,-402000,-225000
2009/10/16,0,90000,-45000,45000
2009/10/19,0,91000,-50000,41000
2009/10/20,0,70000,-50000,20000
2009/10/21,0,10000,-534000,-524000
2009/10/22,0,0,-166000,-166000
2009/10/23,0,0,-200000,-200000
2009/10/26,0,10000,-100000,-90000
2009/10/27,0,0,-824000,-824000
2009/10/28,0,150000,0,150000
2009/10/29,0,0,0,0
2009/10/30,0,50000,0,50000
2009/11/02,0,1000,-150000,-149000
2009/11/03,0,0,0,0
2009/11/04,0,0,0,0
2009/11/05,0,23000,0,23000
2009/11/06,0,0,-39000,-39000
2009/11/09,0,39000,-39000,0
2009/11/10,0,39000,-2000,37000
2009/11/11,0,0,0,0
2009/11/12,0,0,-1000,-1000
2009/11/13,0,16000,-2000,14000
2009/11/16,0,24000,0,24000
2009/11/17,0,0,0,0
2009/11/18,0,0,0,0
2009/11/19,0,0,0,0
2009/11/20,0,0,0,0
2009/11/23,0,0,0,0
2009/11/24,0,0,0,0
2009/11/25,0,0,0,0
2009/11/26,0,0,0,0
2009/11/27,0,0,0,0
2009/11/30,0,0,-1000,-1000
2009/12/01,0,0,0,0
2009/12/02,0,0,0,0
2009/12/03,0,0,0,0
2009/12/04,0,0,0,0
2009/12/07,0,57000,0,57000
2009/12/08,0,21000,-60000,-39000
2009/12/09,0,0,0,0
2009/12/10,0,0,-3000,-3000
2009/12/11,0,0,0,0
2009/12/14,0,22000,-4000,18000
2009/12/15,0,0,0,0
2009/12/16,0,0,-2000,-2000
2009/12/17,0,0,0,0
2009/12/18,0,0,0,0
2009/12/21,0,0,0,0
2009/12/22,0,0,0,0
2009/12/23,0,0,0,0
2009/12/24,0,0,0,0
2009/12/25,0,0,0,0
2009/12/28,0,1000,0,1000
2009/12/29,0,15000,0,15000
2009/12/30,0,8000,0,8000
2009/12/31,0,0,0,0
2010/01/01,0,0,0,0
2010/01/04,0,1000,-41000,-40000
2010/01/05,0,0,0,0
2010/01/06,0,0,0,0
2010/01/07,0,0,-1000,-1000
2010/01/08,0,0,0,0
2010/01/11,0,0,0,0
2010/01/12,0,0,-1000,-1000
2010/01/13,0,0,0,0
2010/01/14,0,0,0,0
2010/01/15,0,0,0,0
2010/01/18,0,0,0,0
2010/01/19,0,151000,0,151000
2010/01/20,0,0,0,0
2010/01/21,0,0,0,0
2010/01/22,0,0,0,0
2010/01/25,0,14000,-1000,13000
2010/01/26,0,0,0,0
2010/01/27,0,192000,0,192000
2010/01/28,0,123000,0,123000
2010/01/29,0,181000,0,181000
2010/02/01,0,66000,0,66000
2010/02/02,0,0,0,0
2010/02/03,0,0,0,0
2010/02/04,0,0,0,0
2010/02/05,0,101000,0,101000
2010/02/08,0,0,0,0
2010/02/09,0,1000,0,1000
2010/02/10,0,0,0,0
2010/02/11,0,0,0,0
2010/02/12,0,0,0,0
2010/02/15,0,0,0,0
2010/02/16,0,0,0,0
2010/02/17,0,0,0,0
2010/02/18,0,0,0,0
2010/02/19,0,0,0,0
2010/02/22,0,1000,0,1000
2010/02/23,0,0,0,0
2010/02/24,0,71000,0,71000
2010/02/25,0,100000,0,100000
2010/02/26,0,169000,0,169000
2010/03/01,0,30000,0,30000
2010/03/02,0,400000,0,400000
2010/03/03,0,439000,-62000,377000
2010/03/04,0,460000,-68000,392000
2010/03/05,0,750000,-36000,714000
2010/03/08,0,0,0,0
2010/03/09,0,0,0,0
2010/03/10,0,57000,-1000,56000
2010/03/11,0,0,0,0
2010/03/12,0,10000,-6000,4000
2010/03/15,0,0,0,0
2010/03/16,0,52000,0,52000
2010/03/17,0,346000,0,346000
2010/03/18,0,239000,-33000,206000
2010/03/19,0,15000,-13000,2000
2010/03/22,0,20000,-1000,19000
2010/03/23,0,1000,0,1000
2010/03/24,0,0,0,0
2010/03/25,0,5000,0,5000
2010/03/26,0,7000,0,7000
2010/03/29,0,27000,0,27000
2010/03/30,0,0,-18000,-18000
2010/03/31,0,26000,-40000,-14000
2010/04/01,0,39000,-135000,-96000
2010/04/02,0,0,-1000,-1000
2010/04/05,0,0,0,0
2010/04/06,0,20000,-100000,-80000
2010/04/07,0,0,0,0
2010/04/08,0,0,0,0
2010/04/09,0,15000,-50000,-35000
2010/04/12,0,42000,-25000,17000
2010/04/13,0,0,-143000,-143000
2010/04/14,0,0,-50000,-50000
2010/04/15,0,0,0,0
2010/04/16,0,28000,-1000,27000
2010/04/19,0,280000,0,280000
2010/04/20,0,81000,0,81000
2010/04/21,0,250000,0,250000
2010/04/22,0,0,0,0
2010/04/23,0,20000,0,20000
2010/04/26,0,0,-100000,-100000
2010/04/27,0,41000,-151000,-110000
2010/04/28,0,0,0,0
2010/04/29,0,0,0,0
2010/04/30,0,100000,0,100000
2010/05/03,0,0,0,0
2010/05/04,0,0,0,0
2010/05/05,0,0,-2000,-2000
2010/05/06,0,0,0,0
2010/05/07,0,101000,0,101000
2010/05/10,0,132000,0,132000
2010/05/11,0,122000,0,122000
2010/05/12,0,160000,-140000,20000
2010/05/13,0,130000,-200000,-70000
2010/05/14,0,101000,-80000,21000
2010/05/17,0,0,0,0
2010/05/18,0,200000,0,200000
2010/05/19,0,82000,-33000,49000
2010/05/20,0,129000,0,129000
2010/05/21,0,140000,0,140000
2010/05/24,0,0,-1000,-1000
2010/05/25,0,100000,-62000,38000
2010/05/26,0,50000,0,50000
2010/05/27,0,43000,0,43000
2010/05/28,0,0,-1000,-1000
2010/05/31,0,270000,0,270000
2010/06/01,0,0,0,0
2010/06/02,0,0,0,0
2010/06/03,0,0,0,0
2010/06/04,0,40000,0,40000
2010/06/07,0,0,0,0
2010/06/08,0,1000,0,1000
2010/06/09,0,0,0,0
2010/06/10,0,0,0,0
2010/06/11,0,50000,0,50000
2010/06/14,0,100000,0,100000
2010/06/15,0,20000,-4000,16000
2010/06/16,0,0,0,0
2010/06/17,0,52000,0,52000
2010/06/18,0,72000,0,72000
2010/06/21,0,269000,-150000,119000
2010/06/22,0,0,-2000,-2000
2010/06/23,0,58000,-101000,-43000
2010/06/24,0,301000,-52000,249000
2010/06/25,0,200000,-37000,163000
2010/06/28,0,0,0,0
2010/06/29,0,39000,0,39000
2010/06/30,0,313000,-46000,267000
2010/07/01,0,115000,0,115000
2010/07/02,0,473000,-50000,423000
2010/07/05,0,230000,-55000,175000
2010/07/06,0,152000,0,152000
2010/07/07,0,335000,-50000,285000
2010/07/08,0,370000,-50000,320000
2010/07/09,0,300000,0,300000
2010/07/12,0,0,0,0
2010/07/13,0,0,0,0
2010/07/14,0,130000,0,130000
2010/07/15,0,0,-4000,-4000
2010/07/16,0,36000,0,36000
2010/07/19,0,201000,0,201000
2010/07/20,0,200000,0,200000
2010/07/21,0,65000,-1000,64000
2010/07/22,0,20000,0,20000
2010/07/23,0,1000,0,1000
2010/07/26,0,0,0,0
2010/07/27,0,0,-50000,-50000
2010/07/28,0,0,-83000,-83000
2010/07/29,0,0,0,0
2010/07/30,0,0,-20000,-20000
2010/08/02,0,37000,-110000,-73000
2010/08/03,0,80000,-200000,-120000
2010/08/04,0,434000,-51000,383000
2010/08/05,0,840000,-101000,739000
2010/08/06,0,0,0,0
2010/08/09,0,346000,-10000,336000
2010/08/10,0,61000,-200000,-139000
2010/08/11,0,0,-258000,-258000
2010/08/12,0,0,-1000,-1000
2010/08/13,0,1000,0,1000
2010/08/16,0,0,-111000,-111000
2010/08/17,0,1000,-100000,-99000
2010/08/18,0,0,-36000,-36000
2010/08/19,0,0,-605000,-605000
2010/08/20,0,0,-200000,-200000
2010/08/23,0,0,-250000,-250000
2010/08/24,0,0,-237000,-237000
2010/08/25,0,0,-150000,-150000
2010/08/26,0,0,-36000,-36000
2010/08/27,0,93000,-185000,-92000
2010/08/30,0,0,-145000,-145000
2010/08/31,0,0,-35000,-35000
2010/09/01,0,0,0,0
2010/09/02,0,0,0,0
2010/09/03,0,0,-68000,-68000
2010/09/06,0,0,0,0
2010/09/07,0,0,0,0
2010/09/08,0,91000,-65000,26000
2010/09/09,0,80000,-220000,-140000
2010/09/10,0,0,0,0
2010/09/13,0,0,0,0
2010/09/14,0,0,0,0
2010/09/15,0,0,-383000,-383000
2010/09/16,0,0,-659000,-659000
2010/09/17,0,0,-58000,-58000
2010/09/20,0,0,-191000,-191000
2010/09/21,0,0,-127000,-127000
2010/09/22,0,0,0,0
2010/09/23,0,0,-88000,-88000
2010/09/24,0,0,0,0
2010/09/27,0,0,-28000,-28000
2010/09/28,0,0,-24000,-24000
2010/09/29,0,0,-212000,-212000
2010/09/30,0,0,-155000,-155000
2010/10/01,0,0,-240000,-240000
2010/10/04,0,0,-290000,-290000
2010/10/05,0,0,-395000,-395000
2010/10/06,0,0,-456000,-456000
2010/10/07,0,30000,-375000,-345000
2010/10/08,0,0,-619000,-619000
2010/10/11,0,0,-27000,-27000
2010/10/12,0,0,-3000,-3000
2010/10/13,0,0,-221000,-221000
2010/10/14,0,0,-225000,-225000
2010/10/15,0,0,-273000,-273000
2010/10/18,0,0,-86000,-86000
2010/10/19,0,0,0,0
2010/10/20,0,0,-10000,-10000
2010/10/21,0,0,-170000,-170000
2010/10/22,0,0,0,0
2010/10/25,0,140000,0,140000
2010/10/26,0,200000,0,200000
2010/10/27,0,0,0,0
2010/10/28,0,0,0,0
2010/10/29,0,0,0,0
2010/11/01,0,140000,0,140000
2010/11/02,0,0,0,0
2010/11/03,0,0,0,0
2010/11/04,0,0,0,0
2010/11/05,0,6000,-26000,-20000
2010/11/08,0,0,-39000,-39000
2010/11/09,0,0,0,0
2010/11/10,0,0,0,0
2010/11/11,0,0,-138000,-138000
2010/11/12,0,0,0,0
2010/11/15,0,0,0,0
2010/11/16,0,27000,-235000,-208000
2010/11/17,0,0,-112000,-112000
2010/11/18,0,0,-100000,-100000
2010/11/19,0,0,-232000,-232000
2010/11/22,0,0,0,0
2010/11/23,0,0,0,0
2010/11/24,0,0,0,0
2010/11/25,0,0,-170000,-170000
2010/11/26,0,0,-80000,-80000
2010/11/29,0,50000,0,50000
2010/11/30,0,0,-70000,-70000
2010/12/01,0,0,-100000,-100000
2010/12/02,0,0,-1000,-1000
2010/12/03,0,0,-91000,-91000
2010/12/06,0,15000,-1000,14000
2010/12/07,0,0,0,0
2010/12/08,0,0,-1000,-1000
2010/12/09,0,0,0,0
2010/12/10,0,0,0,0
2010/12/13,0,0,0,0
2010/12/14,0,50000,-125000,-75000
2010/12/15,0,50000,-215000,-165000
2010/12/16,0,0,-83000,-83000
2010/12/17,0,0,-63000,-63000
2010/12/20,0,50000,-85000,-35000
2010/12/21,0,0,0,0
2010/12/22,0,31000,-170000,-139000
2010/12/23,0,31000,-166000,-135000
2010/12/24,0,0,0,0
2010/12/27,0,19000,0,19000
2010/12/28,0,0,0,0
2010/12/29,0,30000,0,30000
2010/12/30,0,72000,0,72000
2010/12/31,0,84000,0,84000
2011/01/03,0,0,0,0
2011/01/04,0,38000,0,38000
2011/01/05,0,0,-300000,-300000
2011/01/06,0,0,-300000,-300000
2011/01/07,0,0,-30000,-30000
2011/01/10,0,0,-120000,-120000
2011/01/11,0,0,-49000,-49000
2011/01/12,0,0,0,0
2011/01/13,0,78000,-281000,-203000
2011/01/14,0,66000,-506000,-440000
2011/01/17,0,0,-600000,-600000
2011/01/18,0,87000,-639000,-552000
2011/01/19,0,188000,-300000,-112000
2011/01/20,0,148000,0,148000
2011/01/21,0,0,0,0
2011/01/24,0,0,0,0
2011/01/25,0,0,0,0
2011/01/26,0,105000,0,105000
2011/01/27,0,0,0,0
2011/01/28,0,0,-83000,-83000
2011/01/31,0,0,0,0
2011/02/01,0,0,0,0
2011/02/02,0,0,0,0
2011/02/03,0,0,0,0
2011/02/04,0,0,0,0
2011/02/07,0,0,0,0
2011/02/08,0,0,0,0
2011/02/09,0,60000,0,60000
2011/02/10,0,0,0,0
2011/02/11,0,0,-72000,-72000
2011/02/14,0,0,-69000,-69000
2011/02/15,0,0,-34000,-34000
2011/02/16,0,0,-55000,-55000
2011/02/17,0,0,0,0
2011/02/18,0,0,0,0
2011/02/21,0,0,-69000,-69000
2011/02/22,0,0,-21000,-21000
2011/02/23,0,3000,0,3000
2011/02/24,0,0,-34000,-34000
2011/02/25,0,0,0,0
2011/02/28,0,0,0,0
2011/03/01,0,0,0,0
2011/03/02,0,0,-34000,-34000
2011/03/03,0,0,0,0
2011/03/04,0,0,-73000,-73000
2011/03/07,0,0,-33000,-33000
2011/03/08,0,0,-26000,-26000
2011/03/09,0,1000,-118000,-117000
2011/03/10,0,0,-12000,-12000
2011/03/11,0,0,-14000,-14000
2011/03/14,0,0,-33000,-33000
2011/03/15,0,0,-20000,-20000
2011/03/16,0,0,-220000,-220000
2011/03/17,0,25000,0,25000
2011/03/18,0,0,0,0
2011/03/21,0,56000,0,56000
2011/03/22,0,0,0,0
2011/03/23,0,0,0,0
2011/03/24,0,58000,0,58000
2011/03/25,0,0,0,0
2011/03/28,0,0,0,0
2011/03/29,0,0,0,0
2011/03/30,0,0,-5000,-5000
2011/03/31,0,8000,0,8000
2011/04/01,0,0,0,0
2011/04/04,0,0,0,0
2011/04/05,0,0,0,0
2011/04/06,0,0,0,0
2011/04/07,0,17000,0,17000
2011/04/08,0,0,0,0
2011/04/11,0,0,0,0
2011/04/12,0,0,0,0
2011/04/13,0,0,0,0
2011/04/14,0,0,-9000,-9000
2011/04/15,0,12000,0,12000
2011/04/18,0,0,0,0
2011/04/19,0,0,0,0
2011/04/20,0,0,0,0
2011/04/21,0,0,0,0
2011/04/22,0,111000,0,111000
2011/04/25,0,111000,0,111000
2011/04/26,0,162000,0,162000
2011/04/27,0,26000,0,26000
2011/04/28,0,34000,0,34000
2011/04/29,0,41000,0,41000
2011/05/02,0,0,0,0
2011/05/03,0,37000,0,37000
2011/05/04,0,31000,0,31000
2011/05/05,0,0,0,0
2011/05/06,0,88000,0,88000
2011/05/09,0,35000,0,35000
2011/05/10,0,136000,0,136000
2011/05/11,0,0,-150000,-150000
2011/05/12,0,101000,-1000,100000
2011/05/13,0,254000,0,254000
2011/05/16,0,0,0,0
2011/05/17,0,0,0,0
2011/05/18,0,197000,0,197000
2011/05/19,0,0,0,0
2011/05/20,0,0,0,0
2011/05/23,0,0,0,0
2011/05/24,0,0,0,0
2011/05/25,0,53000,0,53000
2011/05/26,0,0,0,0
2011/05/27,0,125000,0,125000
2011/05/30,0,125000,-42000,83000
2011/05/31,0,150000,-20000,130000
2011/06/01,0,100000,0,100000
2011/06/02,0,0,0,0
2011/06/03,0,0,-150000,-150000
2011/06/06,0,0,0,0
2011/06/07,0,0,-213000,-213000
2011/06/08,0,0,-200000,-200000
2011/06/09,0,0,-105000,-105000
2011/06/10,0,0,0,0
2011/06/13,0,0,-43000,-43000
2011/06/14,0,27000,0,27000
2011/06/15,0,0,-2000,-2000
2011/06/16,0,0,0,0
2011/06/17,0,1000,-43000,-42000
2011/06/20,0,0,-12000,-12000
2011/06/21,0,1000,0,1000
2011/06/22,0,1000,0,1000
2011/06/23,0,0,0,0
2011/06/24,0,0,0,0
2011/06/27,0,0,0,0
2011/06/28,0,2000,0,2000
2011/06/29,0,1000,0,1000
2011/06/30,0,1000,0,1000
2011/07/01,0,44000,0,44000
2011/07/04,0,36000,0,36000
2011/07/05,0,0,-1000,-1000
2011/07/06,0,22000,0,22000
2011/07/07,0,5000,0,5000
2011/07/08,0,0,0,0
2011/07/11,0,4000,0,4000
2011/07/12,0,0,-26000,-26000
2011/07/13,0,36000,-60000,-24000
2011/07/14,0,16000,0,16000
2011/07/15,0,1000,0,1000
2011/07/18,0,0,0,0
2011/07/19,0,1000,-69000,-68000
2011/07/20,0,38000,-100000,-62000
2011/07/21,0,24000,0,24000
2011/07/22,0,6000,-1000,5000
2011/07/25,0,26000,-101000,-75000
2011/07/26,0,13000,-150000,-137000
2011/07/27,0,53000,-241000,-188000
2011/07/28,0,0,-1000,-1000
2011/07/29,0,20000,0,20000
2011/08/01,0,0,0,0
2011/08/02,0,0,0,0
2011/08/03,0,2000,0,2000
2011/08/04,0,12000,0,12000
2011/08/05,0,4000,0,4000
2011/08/08,0,2000,0,2000
2011/08/09,0,11000,0,11000
2011/08/10,0,3000,0,3000
2011/08/11,0,254000,0,254000
2011/08/12,0,0,0,0
2011/08/15,0,1000,0,1000
2011/08/16,0,0,-14000,-14000
2011/08/17,0,0,0,0
2011/08/18,0,0,0,0
2011/08/19,0,161000,0,161000
2011/08/22,0,0,0,0
2011/08/23,0,1000,0,1000
2011/08/24,0,0,0,0
2011/08/25,0,0,-210000,-210000
2011/08/26,0,34000,-35000,-1000
2011/08/29,0,14000,0,14000
2011/08/30,0,0,0,0
2011/08/31,0,0,0,0
2011/09/01,0,0,-13000,-13000
2011/09/02,0,0,-1000,-1000
2011/09/05,0,0,0,0
2011/09/06,0,0,0,0
2011/09/07,0,1000,0,1000
2011/09/08,0,0,0,0
2011/09/09,0,13000,0,13000
2011/09/12,0,0,0,0
2011/09/13,0,0,-294,-294
2011/09/14,0,1000,0,1000
2011/09/15,0,0,-22000,-22000
2011/09/16,0,0,0,0
2011/09/19,0,19000,0,19000
2011/09/20,0,0,0,0
2011/09/21,0,0,-287,-287
2011/09/22,0,0,0,0
2011/09/23,0,14000,0,14000
2011/09/26,0,1000,0,1000
2011/09/27,0,1000,0,1000
2011/09/28,0,0,0,0
2011/09/29,0,0,0,0
2011/09/30,0,0,0,0
2011/10/03,0,2000,-20000,-18000
2011/10/04,0,0,-19000,-19000
2011/10/05,0,13000,0,13000
2011/10/06,0,0,0,0
2011/10/07,0,20000,0,20000
2011/10/10,0,0,0,0
2011/10/11,0,0,-25000,-25000
2011/10/12,0,0,-25000,-25000
2011/10/13,0,0,-70000,-70000
2011/10/14,0,0,-29000,-29000
2011/10/17,0,0,-22000,-22000
2011/10/18,0,8995,-4000,4995
2011/10/19,0,0,-10000,-10000
2011/10/20,0,0,-10000,-10000
2011/10/21,0,0,0,0
2011/10/24,0,1000,-12000,-11000
2011/10/25,0,0,-10000,-10000
2011/10/26,0,0,0,0
2011/10/27,0,0,0,0
2011/10/28,0,1000,0,1000
2011/10/31,0,0,-1000,-1000
2011/11/01,0,0,-3000,-3000
2011/11/02,0,0,-110000,-110000
2011/11/03,0,0,-129000,-129000
2011/11/04,0,0,-143000,-143000
2011/11/07,0,0,-123000,-123000
2011/11/08,0,59000,-125000,-66000
2011/11/09,0,67000,-66000,1000
2011/11/10,0,0,0,0
2011/11/11,0,0,0,0
2011/11/14,0,154023,-4000,150023
2011/11/15,0,64207,0,64207
2011/11/16,0,30000,0,30000
2011/11/17,0,7000,0,7000
2011/11/18,0,107000,0,107000
2011/11/21,0,28000,0,28000
2011/11/22,0,89000,-360,88640
2011/11/23,0,88000,0,88000
2011/11/24,0,60000,0,60000
2011/11/25,0,52000,-640,51360
2011/11/28,0,43000,0,43000
2011/11/29,0,13000,0,13000
2011/11/30,0,348000,0,348000
2011/12/01,0,200000,-33000,167000
2011/12/02,0,50000,-30000,20000
2011/12/05,0,16000,0,16000
2011/12/06,0,16000,0,16000
2011/12/07,0,57000,-20000,37000
2011/12/08,0,45000,-20000,25000
2011/12/09,0,142000,-80682,61318
2011/12/12,0,46000,0,46000
2011/12/13,0,10000,-21000,-11000
2011/12/14,0,0,-1000,-1000
2011/12/15,0,113000,-2000,111000
2011/12/16,0,22000,0,22000
2011/12/19,0,95000,0,95000
2011/12/20,0,50000,0,50000
2011/12/21,0,37000,0,37000
2011/12/22,0,1000,0,1000
2011/12/23,0,15000,-1000,14000
2011/12/26,0,0,-40000,-40000
2011/12/27,0,1000,0,1000
2011/12/28,0,134000,0,134000
2011/12/29,0,48000,0,48000
2011/12/30,0,125000,-1000,124000
2012/01/02,0,1000,-30000,-29000
2012/01/03,0,0,-1000,-1000
2012/01/04,0,267000,0,267000
2012/01/05,0,270063,-1000,269063
2012/01/06,0,254000,0,254000
2012/01/09,0,53000,0,53000
2012/01/10,0,54000,0,54000
2012/01/11,0,74000,-1000,73000
2012/01/12,0,28000,-6000,22000
2012/01/13,0,49000,-2000,47000
2012/01/16,0,0,0,0
2012/01/17,0,1000,-121000,-120000
2012/01/18,0,0,-187000,-187000
2012/01/19,0,0,0,0
2012/01/20,0,0,0,0
2012/01/23,0,0,0,0
2012/01/24,0,0,0,0
2012/01/25,0,0,0,0
2012/01/26,0,0,0,0
2012/01/27,0,0,0,0
2012/01/30,0,0,-180000,-180000
2012/01/31,0,243000,0,243000
2012/02/01,0,152000,-305000,-153000
2012/02/02,0,41000,-295000,-254000
2012/02/03,0,0,-1000,-1000
2012/02/06,0,271000,-83000,188000
2012/02/07,0,21000,-80000,-59000
2012/02/08,0,0,0,0
2012/02/09,0,49174,-1000,48174
2012/02/10,0,0,0,0
2012/02/13,0,0,-1000,-1000
2012/02/14,0,0,-1000,-1000
2012/02/15,0,0,-1000,-1000
2012/02/16,0,214000,0,214000
2012/02/17,0,0,0,0
2012/02/20,0,0,-10000,-10000
2012/02/21,0,0,-70000,-70000
2012/02/22,0,0,0,0
2012/02/23,0,0,0,0
2012/02/24,0,0,-2000,-2000
2012/02/27,0,0,0,0
2012/02/28,0,0,0,0
2012/02/29,0,50000,0,50000
2012/03/01,0,96000,0,96000
2012/03/02,0,309000,-39000,270000
2012/03/05,0,75000,-5000,70000
2012/03/06,0,209000,-25000,184000
2012/03/07,0,0,0,0
2012/03/08,0,0,-22236,-22236
2012/03/09,0,0,-20000,-20000
2012/03/12,0,0,0,0
2012/03/13,0,0,-44000,-44000
2012/03/14,0,13000,0,13000
2012/03/15,0,40000,0,40000
2012/03/16,0,74000,0,74000
2012/03/19,0,0,-20000,-20000
2012/03/20,0,25000,-1000,24000
2012/03/21,0,0,0,0
2012/03/22,0,0,0,0
2012/03/23,0,369000,0,369000
2012/03/26,0,14000,-15000,-1000
2012/03/27,0,10000,0,10000
2012/03/28,0,0,0,0
2012/03/29,0,6000,-15000,-9000
2012/03/30,0,0,-51000,-51000
2012/04/02,0,70000,0,70000
2012/04/03,0,0,0,0
2012/04/04,0,0,0,0
2012/04/05,0,0,-14344,-14344
2012/04/06,0,0,-15000,-15000
2012/04/09,0,0,-77000,-77000
2012/04/10,0,20000,0,20000
2012/04/11,0,48000,-19000,29000
2012/04/12,0,0,-28000,-28000
2012/04/13,0,2000,0,2000
2012/04/16,0,5000,0,5000
2012/04/17,0,0,0,0
2012/04/18,0,0,0,0
2012/04/19,0,120000,-94000,26000
2012/04/20,0,0,0,0
2012/04/23,0,0,0,0
2012/04/24,0,127000,0,127000
2012/04/25,0,66000,0,66000
2012/04/26,0,66000,0,66000
2012/04/27,0,65000,0,65000
2012/04/30,0,66000,0,66000
2012/05/01,0,0,0,0
2012/05/02,0,4000,0,4000
2012/05/03,0,4576,-14000,-9424
2012/05/04,0,0,0,0
2012/05/07,0,0,0,0
2012/05/08,0,0,0,0
2012/05/09,0,0,0,0
2012/05/10,0,95000,0,95000
2012/05/11,0,0,0,0
2012/05/14,0,134000,0,134000
2012/05/15,0,105000,0,105000
2012/05/16,0,154000,-7000,147000
2012/05/17,0,0,0,0
2012/05/18,0,4000,0,4000
2012/05/21,0,100000,0,100000
2012/05/22,0,291000,0,291000
2012/05/23,0,0,-151000,-151000
2012/05/24,0,0,0,0
2012/05/25,0,0,0,0
2012/05/28,0,0,-60000,-60000
2012/05/29,0,1000,-68000,-67000
2012/05/30,0,0,-21731,-21731
2012/05/31,0,0,0,0
2012/06/01,0,26000,0,26000
2012/06/04,0,2000,-13000,-11000
2012/06/05,0,1000,0,1000
2012/06/06,0,0,-420000,-420000
2012/06/07,0,314000,-523000,-209000
2012/06/08,0,46000,-83000,-37000
2012/06/11,0,19000,-110000,-91000
2012/06/12,0,55000,-147000,-92000
2012/06/13,0,45000,0,45000
2012/06/14,0,39000,0,39000
2012/06/15,0,0,0,0
2012/06/18,0,0,0,0
2012/06/19,0,11000,0,11000
2012/06/20,0,0,0,0
2012/06/21,0,0,0,0
2012/06/22,0,0,0,0
2012/06/25,0,0,0,0
2012/06/26,0,0,-9112,-9112
2012/06/27,0,0,0,0
2012/06/28,0,0,-3000,-3000
2012/06/29,0,0,0,0
2012/07/02,0,10000,-1000,9000
2012/07/03,0,1000,0,1000
2012/07/04,0,0,-20000,-20000
2012/07/05,0,0,-1000,-1000
2012/07/06,0,0,0,0
2012/07/09,0,0,0,0
2012/07/10,0,70000,0,70000
2012/07/11,0,0,0,0
2012/07/12,0,0,-82000,-82000
2012/07/13,0,0,-101000,-101000
2012/07/16,0,0,0,0
2012/07/17,0,84000,0,84000
2012/07/18,0,314000,-21000,293000
2012/07/19,0,0,0,0
2012/07/20,0,0,0,0
2012/07/23,0,0,0,0
2012/07/24,0,0,0,0
2012/07/25,0,0,0,0
2012/07/26,0,31000,0,31000
2012/07/27,0,0,0,0
2012/07/30,0,0,0,0
2012/07/31,0,0,0,0
2012/08/01,0,0,0,0
2012/08/02,0,0,0,0
2012/08/03,0,0,0,0
2012/08/06,0,50000,-1000,49000
2012/08/07,0,0,-71000,-71000
2012/08/08,0,0,-14000,-14000
2012/08/09,0,15000,-9000,6000
2012/08/10,0,0,-105000,-105000
2012/08/13,0,0,-97000,-97000
2012/08/14,0,0,-152000,-152000
2012/08/15,0,11000,-39000,-28000
2012/08/16,0,0,-4000,-4000
2012/08/17,0,153155,-1000,152155
2012/08/20,0,0,-18000,-18000
2012/08/21,0,0,-2000,-2000
2012/08/22,0,0,-2000,-2000
2012/08/23,0,0,0,0
2012/08/24,0,0,0,0
2012/08/27,0,0,-2000,-2000
2012/08/28,0,0,-1000,-1000
2012/08/29,0,0,-4000,-4000
2012/08/30,0,0,-1000,-1000
2012/08/31,0,0,-1000,-1000
2012/09/03,0,30000,-4000,26000
2012/09/04,0,0,0,0
2012/09/05,0,0,-1000,-1000
2012/09/06,0,10000,0,10000
2012/09/07,0,110000,-1000,109000
2012/09/10,0,0,0,0
2012/09/11,0,60000,-16000,44000
2012/09/12,0,0,-111000,-111000
2012/09/13,0,0,0,0
2012/09/14,0,40000,0,40000
2012/09/17,0,19000,-47000,-28000
2012/09/18,0,45000,-39000,6000
2012/09/19,0,0,-26000,-26000
2012/09/20,0,0,0,0
2012/09/21,0,0,-100000,-100000
2012/09/24,0,0,-200000,-200000
2012/09/25,0,0,0,0
2012/09/26,0,0,-3000,-3000
2012/09/27,0,0,0,0
2012/09/28,0,1000,0,1000
2012/10/01,0,0,0,0
2012/10/02,0,0,0,0
2012/10/03,0,0,0,0
2012/10/04,0,108000,0,108000
2012/10/05,0,371000,-100000,271000
2012/10/08,0,577000,0,577000
2012/10/09,0,590000,0,590000
2012/10/10,0,0,0,0
2012/10/11,0,801000,0,801000
2012/10/12,0,40000,-2000,38000
2012/10/15,0,40000,-19000,21000
2012/10/16,0,0,0,0
2012/10/17,0,270000,0,270000
2012/10/18,0,126000,-29000,97000
2012/10/19,0,396000,-13000,383000
2012/10/22,0,179000,-6000,173000
2012/10/23,0,295000,0,295000
2012/10/24,0,158000,0,158000
2012/10/25,0,48000,0,48000
2012/10/26,0,171000,0,171000
2012/10/29,0,20000,-3245,16755
2012/10/30,0,12000,0,12000
2012/10/31,0,41000,0,41000
2012/11/01,0,35000,0,35000
2012/11/02,0,369000,-12000,357000
2012/11/05,0,11000,0,11000
2012/11/06,0,0,0,0
2012/11/07,0,0,0,0
2012/11/08,0,186000,0,186000
2012/11/09,0,0,0,0
2012/11/12,0,0,0,0
2012/11/13,0,1000,-24000,-23000
2012/11/14,0,0,0,0
2012/11/15,0,0,0,0
2012/11/16,0,163000,0,163000
2012/11/19,0,192000,0,192000
2012/11/20,0,117000,0,117000
2012/11/21,0,0,0,0
2012/11/22,0,0,-27000,-27000
2012/11/23,0,0,0,0
2012/11/26,0,0,-17000,-17000
2012/11/27,0,0,-177000,-177000
2012/11/28,0,1000,-67000,-66000
2012/11/29,0,0,-72000,-72000
2012/11/30,0,0,-128000,-128000
2012/12/03,0,12000,-195000,-183000
2012/12/04,0,0,-151000,-151000
2012/12/05,0,0,0,0
2012/12/06,0,0,-236000,-236000
2012/12/07,0,92000,-355000,-263000
2012/12/10,0,20000,-292000,-272000
2012/12/11,0,100000,-197000,-97000
2012/12/12,0,25000,-253000,-228000
2012/12/13,0,22000,-317000,-295000
2012/12/14,0,0,-272000,-272000
2012/12/17,0,0,0,0
2012/12/18,0,35000,0,35000
2012/12/19,0,0,0,0
2012/12/20,0,0,-1000,-1000
2012/12/21,0,0,-3000,-3000
2012/12/24,0,0,-134000,-134000
2012/12/25,0,0,0,0
2012/12/26,0,0,-50000,-50000
2012/12/27,0,119000,0,119000
2012/12/28,0,165000,0,165000
2012/12/31,0,0,0,0
2013/01/01,0,0,0,0
2013/01/02,0,84000,-50000,34000
2013/01/03,0,18000,-50000,-32000
2013/01/04,0,16000,-192000,-176000
2013/01/07,0,0,-5000,-5000
2013/01/08,0,0,-17000,-17000
2013/01/09,0,0,0,0
2013/01/10,0,73000,-38000,35000
2013/01/11,0,0,0,0
2013/01/14,0,0,-18000,-18000
2013/01/15,0,0,0,0
2013/01/16,0,0,-37000,-37000
2013/01/17,0,4156,-11000,-6844
2013/01/18,0,0,-30000,-30000
2013/01/21,0,0,-2000,-2000
2013/01/22,0,0,-25000,-25000
2013/01/23,0,0,-25000,-25000
2013/01/24,0,1000,-13000,-12000
2013/01/25,0,0,0,0
2013/01/28,0,0,-314000,-314000
2013/01/29,0,0,-100000,-100000
2013/01/30,0,0,0,0
2013/01/31,0,117000,-17000,100000
2013/02/01,0,0,-44000,-44000
2013/02/04,0,17000,-5000,12000
2013/02/05,0,35000,0,35000
2013/02/06,0,151000,-3000,148000
2013/02/07,0,0,0,0
2013/02/08,0,0,0,0
2013/02/11,0,0,0,0
2013/02/12,0,0,0,0
2013/02/13,0,0,0,0
2013/02/14,0,0,0,0
2013/02/15,0,0,0,0
2013/02/18,0,0,0,0
2013/02/19,0,0,-1000,-1000
2013/02/20,0,0,0,0
2013/02/21,0,0,-20000,-20000
2013/02/22,0,0,-1000,-1000
2013/02/25,0,32000,-98000,-66000
2013/02/26,0,237000,0,237000
2013/02/27,0,0,0,0
2013/02/28,0,0,0,0
2013/03/01,0,128000,-18000,110000
2013/03/04,0,318000,-182000,136000
2013/03/05,0,258000,0,258000
2013/03/06,0,265000,0,265000
2013/03/07,0,59000,-85000,-26000
2013/03/08,0,89000,-253000,-164000
2013/03/11,0,0,-57000,-57000
2013/03/12,0,0,-76000,-76000
2013/03/13,0,0,-46000,-46000
2013/03/14,0,0,-100000,-100000
2013/03/15,0,0,-48000,-48000
2013/03/18,0,114000,-1000,113000
2013/03/19,0,109000,-27000,82000
2013/03/20,0,87000,0,87000
2013/03/21,0,117000,-200000,-83000
2013/03/22,0,115000,0,115000
2013/03/25,0,0,-1000,-1000
2013/03/26,0,70000,-9000,61000
2013/03/27,0,37000,-3000,34000
2013/03/28,0,210000,0,210000
2013/03/29,0,55000,-216000,-161000
2013/04/01,0,17000,-53000,-36000
2013/04/02,0,0,0,0
2013/04/03,0,45000,-15000,30000
2013/04/04,0,0,0,0
2013/04/05,0,0,0,0
2013/04/08,0,115000,-255000,-140000
2013/04/09,0,35000,-1000,34000
2013/04/10,0,41000,-39000,2000
2013/04/11,0,77000,-78000,-1000
2013/04/12,0,61000,-154000,-93000
2013/04/15,0,41000,0,41000
2013/04/16,0,410000,0,410000
2013/04/17,0,487000,-239000,248000
2013/04/18,0,394000,-52000,342000
2013/04/19,0,398000,-21164,376836
2013/04/22,0,20000,-31000,-11000
2013/04/23,0,399000,-30000,369000
2013/04/24,0,326000,-21000,305000
2013/04/25,0,70000,-3000,67000
2013/04/26,0,8000,-208000,-200000
2013/04/29,0,148000,-496000,-348000
2013/04/30,0,0,-441000,-441000
2013/05/01,0,0,0,0
2013/05/02,0,0,-200000,-200000
2013/05/03,0,0,-364000,-364000
2013/05/06,0,256000,-41000,215000
2013/05/07,0,0,-88000,-88000
2013/05/08,0,0,0,0
2013/05/09,0,0,-30000,-30000
2013/05/10,0,48000,-656000,-608000
2013/05/13,0,0,-1000,-1000
2013/05/14,0,0,-20000,-20000
2013/05/15,0,133000,0,133000
2013/05/16,0,21000,0,21000
2013/05/17,0,2000,-136000,-134000
2013/05/20,0,0,0,0
2013/05/21,0,50000,-220000,-170000
2013/05/22,0,0,-53000,-53000
2013/05/23,0,0,0,0
2013/05/24,0,0,-3000,-3000
2013/05/27,0,0,-30000,-30000
2013/05/28,0,0,0,0
2013/05/29,0,0,0,0
2013/05/30,0,0,-4000,-4000
2013/05/31,0,150000,0,150000
2013/06/03,0,0,0,0
2013/06/04,0,0,-162000,-162000
2013/06/05,0,0,-21000,-21000
2013/06/06,0,0,-357000,-357000
2013/06/07,0,0,-37000,-37000
2013/06/10,0,0,-73000,-73000
2013/06/11,0,0,-42000,-42000
2013/06/12,0,0,0,0
2013/06/13,0,0,-29000,-29000
2013/06/14,0,65000,-15000,50000
2013/06/17,0,0,0,0
2013/06/18,0,84000,-40000,44000
2013/06/19,0,0,-15000,-15000
2013/06/20,0,0,0,0
2013/06/21,0,4000,0,4000
2013/06/24,0,359000,0,359000
2013/06/25,0,9000,-37000,-28000
2013/06/26,0,0,0,0
2013/06/27,0,0,-4000,-4000
2013/06/28,0,1000,-27000,-26000
2013/07/01,0,0,-20000,-20000
2013/07/02,0,0,0,0
2013/07/03,0,0,0,0
2013/07/04,0,21000,0,21000
2013/07/05,0,67000,-69000,-2000
2013/07/08,0,28000,0,28000
2013/07/09,0,46000,-63000,-17000
2013/07/10,0,236000,-70000,166000
2013/07/11,0,71523,0,71523
2013/07/12,0,117000,-22000,95000
2013/07/15,0,22000,-50000,-28000
2013/07/16,0,0,-52000,-52000
2013/07/17,0,0,0,0
2013/07/18,0,13000,-24000,-11000
2013/07/19,0,0,-37000,-37000
2013/07/22,0,0,0,0
2013/07/23,0,0,-301000,-301000
2013/07/24,0,1000,-141000,-140000
2013/07/25,0,0,-171000,-171000
2013/07/26,0,67000,-408000,-341000
2013/07/29,0,59000,-124000,-65000
2013/07/30,0,0,-5000,-5000
2013/07/31,0,114000,-47000,67000
2013/08/01,0,0,-28000,-28000
2013/08/02,0,14000,0,14000
2013/08/05,0,0,-53000,-53000
2013/08/06,0,0,-80000,-80000
2013/08/07,0,0,-152000,-152000
2013/08/08,0,0,0,0
2013/08/09,0,0,0,0
2013/08/12,0,0,-19000,-19000
2013/08/13,0,0,-60000,-60000
2013/08/14,0,16000,0,16000
2013/08/15,0,0,-70000,-70000
2013/08/16,0,57000,0,57000
2013/08/19,0,31000,0,31000
2013/08/20,0,53000,0,53000
2013/08/21,0,0,0,0
2013/08/22,0,0,-71000,-71000
2013/08/23,0,289000,0,289000
2013/08/26,0,190000,0,190000
2013/08/27,0,0,-31000,-31000
2013/08/28,0,0,-120000,-120000
2013/08/29,0,79000,-125000,-46000
2013/08/30,0,0,-125000,-125000
2013/09/02,0,0,0,0
2013/09/03,0,0,-187307,-187307
2013/09/04,0,0,-10000,-10000
2013/09/05,0,0,-62000,-62000
2013/09/06,0,0,0,0
2013/09/09,0,45000,-277000,-232000
2013/09/10,0,0,-517000,-517000
2013/09/11,0,89000,-80000,9000
2013/09/12,0,7000,-65000,-58000
2013/09/13,0,30000,-384000,-354000
2013/09/16,0,73000,-234000,-161000
2013/09/17,0,0,-180000,-180000
2013/09/18,0,39000,-100000,-61000
2013/09/19,0,0,0,0
2013/09/20,0,0,0,0
2013/09/23,0,85000,-180000,-95000
2013/09/24,0,290000,-20000,270000
2013/09/25,0,270000,0,270000
2013/09/26,0,0,0,0
2013/09/27,0,50000,-10000,40000
2013/09/30,0,8000,-1000,7000
2013/10/01,0,112000,-45000,67000
2013/10/02,0,115000,-1000,114000
2013/10/03,0,80000,0,80000
2013/10/04,0,330000,-250000,80000
2013/10/07,0,344000,0,344000
2013/10/08,0,24000,0,24000
2013/10/09,0,80000,0,80000
2013/10/10,0,0,0,0
2013/10/11,0,53000,0,53000
2013/10/14,0,26000,0,26000
2013/10/15,0,12000,0,12000
2013/10/16,0,100000,0,100000
2013/10/17,0,55000,0,55000
2013/10/18,0,0,-1000,-1000
2013/10/21,0,0,0,0
2013/10/22,0,0,-1000,-1000
2013/10/23,0,80000,0,80000
2013/10/24,0,5000,0,5000
2013/10/25,0,0,0,0
2013/10/28,0,0,-157000,-157000
2013/10/29,0,24000,0,24000
2013/10/30,0,86000,0,86000
2013/10/31,0,24000,0,24000
2013/11/01,0,1100000,-2000,1098000
2013/11/04,0,91000,-19000,72000
2013/11/05,0,0,-82000,-82000
2013/11/06,0,73000,-47000,26000
2013/11/07,0,120000,0,120000
2013/11/08,0,0,-56000,-56000
2013/11/11,0,264000,-113000,151000
2013/11/12,0,150000,0,150000
2013/11/13,0,35000,0,35000
2013/11/14,0,0,0,0
2013/11/15,0,0,-30000,-30000
2013/11/18,0,0,-10000,-10000
2013/11/19,0,0,0,0
2013/11/20,0,412000,0,412000
2013/11/21,0,300000,0,300000
2013/11/22,0,0,-106000,-106000
2013/11/25,0,0,-392065,-392065
2013/11/26,0,0,-68000,-68000
2013/11/27,0,0,-97000,-97000
2013/11/28,0,0,-158000,-158000
2013/11/29,0,0,-391000,-391000
2013/12/02,0,0,-88000,-88000
2013/12/03,0,0,-7000,-7000
2013/12/04,0,0,-68000,-68000
2013/12/05,0,149000,-111000,38000
2013/12/06,0,0,-86000,-86000
2013/12/09,0,28000,-22000,6000
2013/12/10,0,100000,-259000,-159000
2013/12/11,0,158000,-49000,109000
2013/12/12,0,59000,0,59000
2013/12/13,0,124000,-37000,87000
2013/12/16,0,40000,-126000,-86000
2013/12/17,0,100000,-278000,-178000
2013/12/18,0,30000,0,30000
2013/12/19,0,30000,-9000,21000
2013/12/20,0,0,-10000,-10000
2013/12/23,0,0,-121000,-121000
2013/12/24,0,10000,-121000,-111000
2013/12/25,0,45000,-25000,20000
2013/12/26,0,0,-462000,-462000
2013/12/27,0,1000,-271000,-270000
2013/12/30,0,130000,-49000,81000
2013/12/31,0,73000,0,73000
2014/01/02,0,5000,-17000,-12000
2014/01/03,0,40000,-32000,8000
2014/01/06,0,0,-17000,-17000
2014/01/07,0,0,-25000,-25000
2014/01/08,0,0,0,0
2014/01/09,0,0,0,0
2014/01/10,0,0,0,0
2014/01/13,0,0,0,0
2014/01/14,0,40000,-16000,24000
2014/01/15,0,0,0,0
2014/01/16,0,109000,-360000,-251000
2014/01/17,0,40000,-98000,-58000
2014/01/20,0,111000,0,111000
2014/01/21,0,107000,0,107000
2014/01/22,0,150000,0,150000
2014/01/23,0,0,-1000,-1000
2014/01/24,0,0,-13000,-13000
2014/01/27,0,50000,0,50000
2014/02/05,0,0,0,0
2014/02/06,0,264000,0,264000
2014/02/07,0,8000,0,8000
2014/02/10,0,340000,0,340000
2014/02/11,0,143000,0,143000
2014/02/12,0,0,0,0
2014/02/13,0,3028,0,3028
2014/02/14,0,0,0,0
2014/02/17,0,347000,0,347000
2014/02/18,0,205000,0,205000
2014/02/19,0,189000,0,189000
2014/02/20,0,131000,0,131000
2014/02/21,0,0,0,0
2014/02/24,0,150000,0,150000
2014/02/25,0,110000,0,110000
2014/02/26,0,0,0,0
2014/02/27,0,0,0,0
2014/03/03,0,35000,0,35000
2014/03/04,0,0,0,0
2014/03/05,0,0,0,0
2014/03/06,0,77000,0,77000
2014/03/07,0,172000,-183000,-11000
2014/03/10,0,44000,0,44000
2014/03/11,0,103000,-50000,53000
2014/03/12,0,81000,-52000,29000
2014/03/13,0,23000,0,23000
2014/03/14,0,10000,0,10000
2014/03/17,0,0,-127000,-127000
2014/03/18,0,0,-170000,-170000
2014/03/19,0,2000,-46000,-44000
2014/03/20,0,14000,0,14000
2014/03/21,0,10000,-34000,-24000
2014/03/24,0,28000,-80000,-52000
2014/03/25,0,5000,-293000,-288000
2014/03/26,0,0,-90000,-90000
2014/03/27,0,0,0,0
2014/03/28,0,0,-30000,-30000
2014/03/31,0,10000,0,10000
2014/04/01,0,34000,-30000,4000
2014/04/02,0,0,0,0
2014/04/03,0,22000,-2000,20000
2014/04/07,0,0,-101000,-101000
2014/04/08,0,0,0,0
2014/04/09,0,82000,-222000,-140000
2014/04/10,0,106,-116000,-115894
2014/04/11,0,40000,-245000,-205000
2014/04/14,0,50000,-79000,-29000
2014/04/15,0,0,0,0
2014/04/16,0,31000,-13000,18000
2014/04/17,0,88000,-100000,-12000
2014/04/18,0,0,-114000,-114000
2014/04/21,0,1000,-20000,-19000
2014/04/22,0,0,-488000,-488000
2014/04/23,0,0,-120000,-120000
2014/04/24,0,0,-120000,-120000
2014/04/25,0,30000,0,30000
2014/04/28,0,25000,-143000,-118000
2014/04/29,0,0,0,0
2014/04/30,0,27000,0,27000
2014/05/02,0,0,-50000,-50000
2014/05/05,0,5000,-28000,-23000
2014/05/06,0,0,0,0
2014/05/07,0,0,0,0
2014/05/08,0,36000,-100000,-64000
2014/05/09,0,30000,-28000,2000
2014/05/12,0,66000,-49000,17000
2014/05/13,0,30000,-100000,-70000
2014/05/14,0,82000,-155000,-73000
2014/05/15,0,60000,-79000,-19000
2014/05/16,0,0,0,0
2014/05/19,0,18000,-58000,-40000
2014/05/20,0,0,-40000,-40000
2014/05/21,0,0,-327000,-327000
2014/05/22,0,55000,-24000,31000
2014/05/23,0,0,0,0
2014/05/26,0,38000,0,38000
2014/05/27,0,7000,0,7000
2014/05/28,0,0,0,0
2014/05/29,0,0,0,0
2014/05/30,0,0,0,0
2014/06/03,0,5000,-180000,-175000
2014/06/04,0,0,-185000,-185000
2014/06/05,0,0,-84000,-84000
2014/06/06,0,0,0,0
2014/06/09,0,12000,0,12000
2014/06/10,0,15000,0,15000
2014/06/11,0,37000,-228000,-191000
2014/06/12,0,0,-33000,-33000
2014/06/13,0,0,-133000,-133000
2014/06/16,0,20000,-15000,5000
2014/06/17,0,0,-4000,-4000
2014/06/18,0,0,-6000,-6000
2014/06/19,0,0,-30000,-30000
2014/06/20,0,0,-500,-500
2014/06/23,0,20000,0,20000
2014/06/24,0,0,0,0
2014/06/25,0,0,0,0
2014/06/26,0,34000,0,34000
2014/06/27,0,11000,-11000,0
2014/06/30,0,37000,0,37000
2014/07/01,0,10000,-9000,1000
2014/07/02,0,74322,-6000,68322
2014/07/03,0,0,-115000,-115000
2014/07/04,0,0,-5000,-5000
2014/07/07,0,0,0,0
2014/07/08,0,0,-3000,-3000
2014/07/09,0,0,-5000,-5000
2014/07/10,0,8000,0,8000
2014/07/11,0,0,-71000,-71000
2014/07/14,0,0,-17000,-17000
2014/07/15,0,4000,-22000,-18000
2014/07/16,0,40000,0,40000
2014/07/17,0,0,0,0
2014/07/18,0,0,0,0
2014/07/21,0,0,0,0
2014/07/22,0,0,-74000,-74000
2014/07/23,0,0,0,0
2014/07/24,0,0,-11000,-11000
2014/07/25,0,0,0,0
2014/07/28,0,0,-10000,-10000
2014/07/29,0,13000,0,13000
2014/07/30,0,0,-3000,-3000
2014/07/31,0,1000,0,1000
2014/08/01,0,0,0,0
2014/08/04,0,0,0,0
2014/08/05,0,0,0,0
2014/08/06,0,0,-107000,-107000
2014/08/07,0,0,0,0
2014/08/08,0,0,0,0
2014/08/11,0,0,-323,-323
2014/08/12,0,0,0,0
2014/08/13,0,0,0,0
2014/08/14,0,35000,-138000,-103000
2014/08/15,0,0,-199,-199
2014/08/18,0,0,0,0
2014/08/19,0,0,-18000,-18000
2014/08/20,0,0,-100000,-100000
2014/08/21,0,0,-114000,-114000
2014/08/22,0,0,-195000,-195000
2014/08/25,0,0,-50000,-50000
2014/08/26,0,0,-50000,-50000
2014/08/27,0,0,-75000,-75000
2014/08/28,0,0,-99000,-99000
2014/08/29,0,0,-216000,-216000
2014/09/01,0,0,-79000,-79000
2014/09/02,0,50000,-172000,-122000
2014/09/03,0,0,-102799,-102799
2014/09/04,0,15000,0,15000
2014/09/05,0,0,0,0
2014/09/09,0,0,0,0
2014/09/10,0,15000,0,15000
2014/09/11,0,29000,0,29000
2014/09/12,0,95000,0,95000
2014/09/15,0,29000,0,29000
2014/09/16,0,0,0,0
2014/09/17,0,21000,-203000,-182000
2014/09/18,0,18000,-181000,-163000
2014/09/19,0,22000,-67084,-45084
2014/09/22,0,29220,0,29220
2014/09/23,0,2000,-669,1331
2014/09/24,0,0,0,0
2014/09/25,0,0,0,0
2014/09/26,0,0,0,0
2014/09/29,0,175000,0,175000
2014/09/30,0,0,0,0
2014/10/01,0,130000,0,130000
2014/10/02,0,18000,-2352,15648
2014/10/03,0,160000,0,160000
2014/10/06,0,0,0,0
2014/10/07,0,45000,0,45000
2014/10/08,0,5000,-15000,-10000
2014/10/09,0,0,0,0
2014/10/13,0,262000,0,262000
2014/10/14,0,0,0,0
2014/10/15,0,0,0,0
2014/10/16,0,12000,0,12000
2014/10/17,0,19000,0,19000
2014/10/20,0,38000,0,38000
2014/10/21,0,15000,0,15000
2014/10/22,0,2000,0,2000
2014/10/23,0,102000,0,102000
2014/10/24,0,104000,0,104000
2014/10/27,0,20000,0,20000
2014/10/28,0,3000,0,3000
2014/10/29,0,0,0,0
2014/10/30,0,0,0,0
2014/10/31,0,0,-29103,-29103
2014/11/03,0,0,0,0
2014/11/04,0,0,-29000,-29000
2014/11/05,0,0,0,0
2014/11/06,0,27000,0,27000
2014/11/07,0,27000,0,27000
2014/11/10,0,20000,0,20000
2014/11/11,0,12000,0,12000
2014/11/12,0,0,0,0
2014/11/13,0,0,0,0
2014/11/14,0,0,-325000,-325000
2014/11/17,0,30000,-59000,-29000
2014/11/18,0,0,0,0
2014/11/19,0,60000,0,60000
2014/11/20,0,40000,-155798,-115798
2014/11/21,0,0,-170000,-170000
2014/11/24,0,0,-65000,-65000
2014/11/25,0,0,0,0
2014/11/26,0,0,-7000,-7000
2014/11/27,0,0,0,0
2014/11/28,0,0,0,0
2014/12/01,0,0,0,0
2014/12/02,0,0,-10000,-10000
2014/12/03,0,40000,-16000,24000
2014/12/04,0,0,-12000,-12000
2014/12/05,0,69000,-24000,45000
2014/12/08,0,0,0,0
2014/12/09,0,0,0,0
2014/12/10,0,0,-11000,-11000
2014/12/11,0,44000,-578,43422
2014/12/12,0,0,0,0
2014/12/15,0,20000,0,20000
2014/12/16,0,50000,-2000,48000
2014/12/17,0,0,0,0
2014/12/18,0,0,0,0
2014/12/19,0,215000,-1000,214000
2014/12/22,0,30000,0,30000
2014/12/23,0,14000,0,14000
2014/12/24,0,22000,0,22000
2014/12/25,0,0,-5000,-5000
2014/12/26,0,0,-45000,-45000
2014/12/29,0,0,-47000,-47000
2014/12/30,0,0,0,0
2014/12/31,0,245000,0,245000
2015/01/01,0,0,0,0
2015/01/02,0,0,0,0
2015/01/05,0,0,0,0
2015/01/06,0,20000,0,20000
2015/01/07,0,0,0,0
2015/01/08,0,15000,0,15000
2015/01/09,0,404000,0,404000
2015/01/12,0,165000,0,165000
2015/01/13,0,6000,0,6000
2015/01/14,0,0,0,0
2015/01/15,0,0,0,0
2015/01/16,0,99000,0,99000
2015/01/19,0,2000,0,2000
2015/01/20,0,0,0,0
2015/01/21,0,50000,0,50000
2015/01/22,0,110000,-4000,106000
2015/01/23,0,74000,-6000,68000
2015/01/26,0,110000,0,110000
2015/01/27,0,100000,0,100000
2015/01/28,0,0,0,0
2015/01/29,0,0,0,0
2015/01/30,0,18000,-21000,-3000
2015/02/02,0,0,-22000,-22000
2015/02/03,0,0,-166000,-166000
2015/02/04,0,63000,-53000,10000
2015/02/05,0,101000,-21000,80000
2015/02/06,0,0,-30000,-30000
2015/02/09,0,3000,-5000,-2000
2015/02/10,0,0,0,0
2015/02/11,0,0,0,0
2015/02/12,0,0,-36000,-36000
2015/02/13,0,460000,-20000,440000
2015/02/16,0,0,0,0
2015/02/17,0,0,0,0
2015/02/18,0,0,0,0
2015/02/19,0,0,0,0
2015/02/20,0,0,0,0
2015/02/23,0,0,0,0
2015/02/24,0,113000,-36000,77000
2015/02/25,0,0,-51000,-51000
2015/02/26,0,69000,-59000,10000
2015/02/27,0,0,0,0
2015/03/02,0,0,-5000,-5000
2015/03/03,0,50000,0,50000
2015/03/04,0,70000,0,70000
2015/03/05,0,30000,-299000,-269000
2015/03/06,0,341000,-83000,258000
2015/03/09,0,0,-13000,-13000
2015/03/10,0,0,0,0
2015/03/11,0,0,-111000,-111000
2015/03/12,0,145329,-53000,92329
2015/03/13,0,155000,-20000,135000
2015/03/16,0,35000,-22000,13000
2015/03/17,0,0,-32604,-32604
2015/03/18,0,0,-19000,-19000
2015/03/19,0,62000,-99000,-37000
2015/03/20,0,249000,-1000,248000
2015/03/23,0,162000,-12000,150000
2015/03/24,0,93000,-26000,67000
2015/03/25,0,65000,-12000,53000
2015/03/26,0,8000,-16000,-8000
2015/03/27,0,0,0,0
2015/03/30,0,6000,0,6000
2015/03/31,0,0,-75526,-75526
2015/04/01,0,6000,-70000,-64000
2015/04/02,0,29000,0,29000
2015/04/03,0,0,0,0
2015/04/06,0,0,0,0
2015/04/07,0,40000,0,40000
2015/04/08,0,12000,-10000,2000
2015/04/09,0,0,-253000,-253000
2015/04/10,0,0,-497000,-497000
2015/04/13,0,0,-32647,-32647
2015/04/14,0,0,-55000,-55000
2015/04/15,0,9000,-51000,-42000
2015/04/16,0,8000,0,8000
2015/04/17,0,212000,0,212000
2015/04/20,0,1000,0,1000
2015/04/21,0,79000,0,79000
2015/04/22,0,428000,0,428000
2015/04/23,0,52000,-101000,-49000
2015/04/24,0,0,-16000,-16000
2015/04/27,0,0,-63000,-63000
2015/04/28,0,0,-29000,-29000
2015/04/29,0,8000,-98000,-90000
2015/04/30,0,13000,-7000,6000
2015/05/01,0,0,0,0
2015/05/04,0,0,-18000,-18000
2015/05/05,0,42000,0,42000
2015/05/06,0,4000,0,4000
2015/05/07,0,24000,0,24000
2015/05/08,0,0,0,0
2015/05/11,0,25000,-19000,6000
2015/05/12,0,15000,-10000,5000
2015/05/13,0,15000,-9000,6000
2015/05/14,0,15000,-12000,3000
2015/05/15,0,77000,-53000,24000
2015/05/18,0,5000,-783,4217
2015/05/19,0,27000,0,27000
2015/05/20,0,0,-6000,-6000
2015/05/21,0,0,-115000,-115000
2015/05/22,0,23000,-192000,-169000
2015/05/25,0,2000,-101000,-99000
2015/05/26,0,10000,-71000,-61000
2015/05/27,0,179000,-187158,-8158
2015/05/28,0,41000,-163000,-122000
2015/05/29,0,76000,-88000,-12000
2015/06/01,0,131000,-10000,121000
2015/06/02,0,108000,-54000,54000
2015/06/03,0,0,0,0
2015/06/04,0,38000,-5715,32285
2015/06/05,0,0,-1000,-1000
2015/06/08,0,0,-25000,-25000
2015/06/09,0,0,0,0
2015/06/10,0,225000,0,225000
2015/06/11,0,12000,0,12000
2015/06/12,0,0,0,0
2015/06/15,0,0,0,0
2015/06/16,0,145000,0,145000
2015/06/17,0,1000,0,1000
2015/06/18,0,0,0,0
2015/06/19,0,0,0,0
2015/06/22,0,2000,-17000,-15000
2015/06/23,0,15000,0,15000
2015/06/24,0,1000,-22000,-21000
2015/06/25,0,0,0,0
2015/06/26,0,0,-6000,-6000
2015/06/29,0,0,-4000,-4000
2015/06/30,0,0,-15000,-15000
2015/07/01,0,0,-1000,-1000
2015/07/02,0,0,-85000,-85000
2015/07/03,0,0,0,0
2015/07/06,0,1000,0,1000
2015/07/07,0,0,0,0
2015/07/08,0,0,-9000,-9000
2015/07/09,0,0,-14000,-14000
2015/07/10,0,0,0,0
2015/07/13,0,100000,-72000,28000
2015/07/14,0,0,0,0
2015/07/15,0,1000,0,1000
2015/07/16,0,0,-110000,-110000
2015/07/17,0,1000,-7000,-6000
2015/07/20,0,0,0,0
2015/07/21,0,0,0,0
2015/07/22,0,0,-4000,-4000
2015/07/23,0,0,0,0
2015/07/24,0,1000,-47000,-46000
2015/07/27,0,80000,0,80000
2015/07/28,0,39000,-9000,30000
2015/07/29,0,0,0,0
2015/07/30,0,62000,0,62000
2015/07/31,0,206000,0,206000
2015/08/03,0,123000,0,123000
2015/08/04,0,11000,0,11000
2015/08/05,0,44000,-7000,37000
2015/08/06,0,19000,0,19000
2015/08/07,0,25000,-299000,-274000
2015/08/10,0,50000,-26209,23791
2015/08/11,0,186000,0,186000
2015/08/12,0,218000,0,218000
2015/08/13,0,199000,0,199000
2015/08/14,0,88000,0,88000
2015/08/17,0,281000,0,281000
2015/08/18,0,117000,0,117000
2015/08/19,0,297000,0,297000
2015/08/20,0,193000,-4791,188209
2015/08/21,0,163000,-52000,111000
2015/08/24,0,4000,0,4000
2015/08/25,0,169147,0,169147
2015/08/26,0,274000,0,274000
2015/08/27,0,77000,0,77000
2015/08/28,0,30000,0,30000
2015/08/31,0,95000,-30028,64972
2015/09/01,0,15000,-9000,6000
2015/09/02,0,139000,0,139000
2015/09/03,0,210000,0,210000
2015/09/04,0,35000,-17034,17966
2015/09/07,0,0,-1000,-1000
2015/09/08,0,50000,-39000,11000
2015/09/09,0,20000,-11000,9000
2015/09/10,0,0,-20000,-20000
2015/09/11,0,41000,-184818,-143818
2015/09/14,0,71000,-49749,21251
2015/09/15,0,0,-43000,-43000
2015/09/16,0,0,-31874,-31874
2015/09/17,0,20000,-224209,-204209
2015/09/18,0,0,-45000,-45000
2015/09/21,0,0,-119450,-119450
2015/09/22,0,7109,-52497,-45388
2015/09/23,0,0,-128946,-128946
2015/09/24,0,20000,-144634,-124634
2015/09/25,0,0,0,0
2015/09/28,0,0,0,0
2015/09/29,0,0,0,0
2015/09/30,0,0,0,0
2015/10/01,0,0,-214000,-214000
2015/10/02,0,2000,-35000,-33000
2015/10/05,0,30000,-45000,-15000
2015/10/06,0,26000,0,26000
2015/10/07,0,55000,0,55000
2015/10/08,0,44000,-433902,-389902
2015/10/09,0,0,0,0
2015/10/12,0,5000,-247000,-242000
2015/10/13,0,0,-119000,-119000
2015/10/14,0,76000,-477694,-401694
2015/10/15,0,131000,-313000,-182000
2015/10/16,0,68000,0,68000
2015/10/19,0,17000,0,17000
2015/10/20,0,119000,-52000,67000
2015/10/21,0,0,-432269,-432269
2015/10/22,0,41000,-106475,-65475
2015/10/23,0,11000,-54337,-43337
2015/10/26,0,0,-53363,-53363
2015/10/27,0,0,-102209,-102209
2015/10/28,0,0,-147000,-147000
2015/10/29,0,0,-46000,-46000
2015/10/30,0,0,-53000,-53000
2015/11/02,0,3000,-112547,-109547
2015/11/03,0,3000,-90000,-87000
2015/11/04,0,3000,0,3000
2015/11/05,0,0,-291000,-291000
2015/11/06,0,0,-149000,-149000
2015/11/09,0,12000,-63052,-51052
2015/11/10,0,29000,-34060,-5060
2015/11/11,0,109000,-112777,-3777
2015/11/12,0,4000,0,4000
2015/11/13,0,31000,-53200,-22200
2015/11/16,0,48000,-530211,-482211
2015/11/17,0,50000,0,50000
2015/11/18,0,34000,-69574,-35574
2015/11/19,0,105000,-37000,68000
2015/11/20,0,56000,0,56000
2015/11/23,0,0,-41000,-41000
2015/11/24,0,0,0,0
2015/11/25,0,0,0,0
2015/11/26,0,0,0,0
2015/11/27,0,7000,-41000,-34000
2015/11/30,0,33000,0,33000
2015/12/01,0,32000,-1000,31000
2015/12/02,0,0,-84000,-84000
2015/12/03,0,110000,-5000,105000
2015/12/04,0,0,-37839,-37839
2015/12/07,0,0,-19483,-19483
2015/12/08,0,0,-151798,-151798
2015/12/09,0,0,-104000,-104000
2015/12/10,0,38000,-1442,36558
2015/12/11,0,135500,-45000,90500
2015/12/14,0,65000,-84,64916
2015/12/15,0,45000,0,45000
2015/12/16,0,170000,0,170000
2015/12/17,0,50000,0,50000
2015/12/18,0,162000,-57000,105000
2015/12/21,0,58000,-41000,17000
2015/12/22,0,38000,-162000,-124000
2015/12/23,0,86000,-149212,-63212
2015/12/24,0,30000,-100000,-70000
2015/12/25,0,0,-66000,-66000
2015/12/28,0,6000,-185000,-179000
2015/12/29,0,6000,-237798,-231798
2015/12/30,0,6000,-90000,-84000
2015/12/31,0,0,0,0
2016/01/01,0,0,0,0
2016/01/04,0,0,-56000,-56000
2016/01/05,0,6000,-416000,-410000
2016/01/06,0,0,-158998,-158998
2016/01/07,0,0,0,0
2016/01/08,0,8000,-7000,1000
2016/01/11,0,60000,-21399,38601
2016/01/12,0,0,0,0
2016/01/13,0,0,0,0
2016/01/14,0,5000,-250000,-245000
2016/01/15,0,13000,-31000,-18000
2016/01/18,0,0,0,0
2016/01/19,0,12000,-106000,-94000
2016/01/20,0,123000,-24000,99000
2016/01/21,0,70000,0,70000
2016/01/22,0,137000,-303000,-166000
2016/01/25,0,98000,-82000,16000
2016/01/26,0,32000,0,32000
2016/01/27,0,0,0,0
2016/01/28,0,79000,0,79000
2016/01/29,0,364000,-5000,359000
2016/02/01,0,87000,0,87000
2016/02/02,0,25000,0,25000
2016/02/03,0,44000,0,44000
2016/02/04,0,0,0,0
2016/02/05,0,0,0,0
2016/02/08,0,0,0,0
2016/02/09,0,0,0,0
2016/02/10,0,0,0,0
2016/02/11,0,0,0,0
2016/02/12,0,0,0,0
2016/02/15,0,46097,0,46097
2016/02/16,0,80000,0,80000
2016/02/17,0,0,0,0
2016/02/18,0,0,-8000,-8000
2016/02/19,0,0,-5000,-5000
2016/02/22,0,0,0,0
2016/02/23,0,0,-298000,-298000
2016/02/24,0,0,-508000,-508000
2016/02/25,0,0,-144745,-144745
2016/02/26,0,10000,-10000,0
2016/02/29,0,0,0,0
2016/03/01,0,0,-107000,-107000
2016/03/02,0,0,-16535,-16535
2016/03/03,0,0,-214736,-214736
2016/03/04,0,0,-313028,-313028
2016/03/07,0,0,-476977,-476977
2016/03/08,0,1000,-183014,-182014
2016/03/09,0,0,0,0
2016/03/10,0,0,-125993,-125993
2016/03/11,0,0,-51000,-51000
2016/03/14,0,0,-92454,-92454
2016/03/15,0,0,0,0
2016/03/16,0,0,-5000,-5000
2016/03/17,0,0,0,0
2016/03/18,0,0,-30119,-30119
2016/03/21,0,0,-5000,-5000
2016/03/22,0,0,-5000,-5000
2016/03/23,0,0,-10000,-10000
2016/03/24,0,0,0,0
2016/03/25,0,0,-84000,-84000
2016/03/28,0,0,-68000,-68000
2016/03/29,0,0,-1000,-1000
2016/03/30,0,0,0,0
2016/03/31,0,0,-13000,-13000
2016/04/01,0,0,-21000,-21000
2016/04/04,0,0,0,0
2016/04/05,0,0,0,0
2016/04/06,0,0,-39000,-39000
2016/04/07,0,0,0,0
2016/04/08,0,0,-80000,-80000
2016/04/11,0,0,0,0
2016/04/12,0,0,-354000,-354000
2016/04/13,0,0,-211500,-211500
2016/04/14,0,0,0,0
2016/04/15,0,12000,0,12000
2016/04/18,0,0,0,0
2016/04/19,0,0,0,0
2016/04/20,0,0,-125000,-125000
2016/04/21,0,0,-115000,-115000
2016/04/22,0,0,-78000,-78000
2016/04/25,0,0,-119000,-119000
2016/04/26,0,0,0,0
2016/04/27,0,0,-65000,-65000
2016/04/28,0,0,0,0
2016/04/29,0,0,0,0
2016/05/02,0,0,0,0
2016/05/03,0,0,0,0
2016/05/04,0,0,-28983,-28983
2016/05/05,0,0,0,0
2016/05/06,0,0,0,0
2016/05/09,0,0,0,0
2016/05/10,0,49,0,49
2016/05/11,0,0,-136000,-136000
2016/05/12,0,0,-263000,-263000
2016/05/13,0,0,-172000,-172000
2016/05/16,0,0,0,0
2016/05/17,0,0,0,0
2016/05/18,0,0,0,0
2016/05/19,0,0,0,0
2016/05/20,0,0,-18000,-18000
2016/05/23,0,6000,0,6000
2016/05/24,0,0,0,0
2016/05/25,0,0,0,0
2016/05/26,0,0,0,0
2016/05/27,0,0,0,0
2016/05/30,0,0,0,0
2016/05/31,0,0,0,0
2016/06/01,0,0,-50000,-50000
2016/06/02,0,0,0,0
2016/06/03,0,0,-12000,-12000
2016/06/06,0,0,0,0
2016/06/07,0,0,0,0
2016/06/08,0,0,0,0
2016/06/09,0,0,0,0
2016/06/10,0,0,0,0
2016/06/13,0,0,0,0
2016/06/14,0,0,-45000,-45000
2016/06/15,0,0,-75000,-75000
2016/06/16,0,0,-35455,-35455
2016/06/17,0,1000,-34343,-33343
2016/06/20,0,0,0,0
2016/06/21,0,0,-34000,-34000
2016/06/22,0,0,0,0
2016/06/23,0,0,0,0
2016/06/24,0,0,-13000,-13000
2016/06/27,0,0,-13000,-13000
2016/06/28,0,0,-86798,-86798
2016/06/29,0,0,0,0
2016/06/30,0,0,0,0
2016/07/01,0,0,0,0
2016/07/04,0,0,0,0
2016/07/05,0,0,-3412,-3412
2016/07/06,0,0,0,0
2016/07/07,0,0,0,0
2016/07/08,0,0,0,0
2016/07/11,0,0,0,0
2016/07/12,0,0,0,0
2016/07/13,0,0,0,0
2016/07/14,0,0,0,0
2016/07/15,0,0,0,0
2016/07/18,0,0,0,0
2016/07/19,0,0,0,0
2016/07/20,0,0,-1000,-1000
2016/07/21,0,0,-1000,-1000
2016/07/22,0,0,-1000,-1000
2016/07/25,0,0,0,0
2016/07/26,0,0,0,0
2016/07/27,0,0,0,0
2016/07/28,0,0,0,0
2016/07/29,0,0,-14559,-14559
2016/08/01,0,0,0,0
2016/08/02,0,0,0,0
2016/08/03,0,0,0,0
2016/08/04,0,0,0,0
2016/08/05,0,0,0,0
2016/08/08,0,0,0,0
2016/08/09,0,0,0,0
2016/08/10,0,0,0,0
2016/08/11,0,0,0,0
2016/08/12,0,0,0,0
2016/08/15,0,0,0,0
2016/08/16,0,0,0,0
2016/08/17,0,0,0,0
2016/08/18,0,0,0,0
2016/08/19,0,0,0,0
2016/08/22,0,0,0,0
2016/08/23,0,0,0,0
2016/08/24,0,0,0,0
2016/08/25,0,0,0,0
2016/08/26,0,0,0,0
2016/08/29,0,0,0,0
2016/08/30,0,0,0,0
2016/08/31,0,0,0,0
2016/09/01,0,0,0,0
2016/09/02,0,0,0,0
2016/09/05,0,0,0,0
2016/09/06,0,0,0,0
2016/09/07,0,0,0,0
2016/09/08,0,0,-1034,-1034
2016/09/09,0,0,0,0
2016/09/12,0,0,0,0
2016/09/13,0,719000,0,719000
2016/09/14,0,643000,0,643000
2016/09/15,0,0,0,0
2016/09/16,0,0,0,0
2016/09/19,0,0,0,0
2016/09/20,0,0,0,0
2016/09/21,0,0,0,0
2016/09/22,0,61000,0,61000
2016/09/23,0,0,0,0
2016/09/26,0,0,0,0
2016/09/27,0,0,0,0
2016/09/28,0,0,0,0
2016/09/29,0,16000,0,16000
2016/09/30,0,276,0,276
2016/10/03,0,0,0,0
2016/10/04,0,0,0,0
2016/10/05,0,0,0,0
2016/10/06,0,5000,0,5000
2016/10/07,0,0,0,0
2016/10/10,0,0,0,0
2016/10/11,0,0,0,0
2016/10/12,0,0,0,0
2016/10/13,0,0,0,0
2016/10/14,0,0,0,0
2016/10/17,0,4000,0,4000
2016/10/18,0,100000,0,100000
2016/10/19,0,0,-10000,-10000
2016/10/20,0,0,-8000,-8000
2016/10/21,0,0,-85000,-85000
2016/10/24,0,0,0,0
2016/10/25,0,0,-11000,-11000
2016/10/26,0,0,-311133,-311133
2016/10/27,0,0,-120000,-120000
2016/10/28,0,0,0,0
2016/10/31,0,0,0,0
2016/11/01,0,0,0,0
2016/11/02,0,115,0,115
2016/11/03,0,0,0,0
2016/11/04,0,0,0,0
2016/11/07,0,0,0,0
2016/11/08,0,0,0,0
2016/11/09,0,0,0,0
2016/11/10,0,0,0,0
2016/11/11,0,0,-51748,-51748
2016/11/14,0,0,0,0
2016/11/15,0,4000,0,4000
2016/11/16,0,1000,0,1000
2016/11/17,0,0,0,0
2016/11/18,0,0,0,0
2016/11/21,0,0,0,0
2016/11/22,0,1000,0,1000
2016/11/23,0,0,0,0
2016/11/24,0,0,0,0
2016/11/25,0,0,0,0
2016/11/28,0,0,0,0
2016/11/29,0,1000,0,1000
2016/11/30,0,13000,0,13000
2016/12/01,0,2000,0,2000
2016/12/02,0,0,0,0
2016/12/05,0,0,0,0
2016/12/06,0,0,0,0
2016/12/07,0,0,0,0
2016/12/08,0,0,0,0
2016/12/09,0,0,0,0
2016/12/12,0,0,0,0
2016/12/13,0,0,-1000,-1000
2016/12/14,0,0,0,0
2016/12/15,0,0,0,0
2016/12/16,0,0,0,0
2016/12/19,0,0,-10874,-10874
2016/12/20,0,0,0,0
2016/12/21,0,0,0,0
2016/12/22,0,0,0,0
2016/12/23,0,0,0,0
2016/12/26,0,0,0,0
2016/12/27,0,0,0,0
2016/12/28,0,0,0,0
2016/12/29,0,0,0,0
2016/12/30,0,0,0,0
2017/01/02,0,0,0,0
2017/01/03,0,0,0,0
2017/01/04,0,0,0,0
2017/01/05,0,1000,0,1000
2017/01/06,0,0,0,0
2017/01/09,0,0,0,0
2017/01/10,0,0,0,0
2017/01/11,0,0,0,0
2017/01/12,0,0,0,0
2017/01/13,0,0,-17000,-17000
2017/01/16,0,0,0,0
2017/01/17,0,0,0,0
2017/01/18,0,0,0,0
2017/01/19,0,0,0,0
2017/01/20,0,0,0,0
2017/01/23,0,129,0,129
2017/01/24,0,0,0,0
2017/01/25,0,0,0,0
2017/01/26,0,0,0,0
2017/01/27,0,0,0,0
2017/01/30,0,0,0,0
2017/01/31,0,0,0,0
2017/02/01,0,0,0,0
2017/02/02,0,0,0,0
2017/02/03,0,1000,0,1000
2017/02/06,0,0,0,0
2017/02/07,0,0,0,0
2017/02/08,0,0,0,0
2017/02/09,0,0,0,0
2017/02/10,0,0,-1000,-1000
2017/02/13,0,0,0,0
2017/02/14,0,0,0,0
2017/02/15,0,0,0,0
2017/02/16,0,0,0,0
2017/02/17,0,0,0,0
2017/02/20,0,0,0,0
2017/02/21,0,0,0,0
2017/02/22,0,0,-1000,-1000
2017/02/23,0,100000,0,100000
2017/02/24,0,50000,0,50000
2017/02/27,0,0,0,0
2017/02/28,0,0,0,0
2017/03/01,0,32000,-1000,31000
2017/03/02,0,0,0,0
2017/03/03,0,200000,0,200000
2017/03/06,0,100000,0,100000
2017/03/07,0,17000,0,17000
2017/03/08,0,204000,0,204000
2017/03/09,0,235000,0,235000
2017/03/10,0,63000,0,63000
2017/03/13,0,117000,0,117000
2017/03/14,0,0,0,0
2017/03/15,0,0,0,0
2017/03/16,0,0,0,0
2017/03/17,0,41000,0,41000
2017/03/20,0,12000,0,12000
2017/03/21,0,0,-3000,-3000
2017/03/22,0,0,0,0
2017/03/23,0,0,0,0
2017/03/24,0,55000,0,55000
2017/03/27,0,0,0,0
2017/03/28,0,0,0,0
2017/03/29,0,0,0,0
2017/03/30,0,25000,0,25000
2017/03/31,0,0,0,0
2017/04/03,0,0,0,0
2017/04/04,0,0,0,0
2017/04/05,0,0,0,0
2017/04/06,0,0,0,0
2017/04/07,0,0,0,0
2017/04/10,0,0,0,0
2017/04/11,0,0,0,0
2017/04/12,0,0,0,0
2017/04/13,0,0,0,0
2017/04/14,0,0,0,0
2017/04/17,0,0,0,0
2017/04/18,0,0,0,0
2017/04/19,0,0,0,0
