Date,Open,Buy,Sell,Total
2007/01/02,0,0,-2000,-2000
2007/01/03,0,0,0,0
2007/01/04,0,0,-1145000,-1145000
2007/01/05,0,0,-2500813,-2500813
2007/01/08,0,0,-350000,-350000
2007/01/09,0,0,0,0
2007/01/10,0,7000,0,7000
2007/01/11,0,35000,-1650000,-1615000
2007/01/12,0,21000,-500000,-479000
2007/01/15,0,0,-100000,-100000
2007/01/16,0,6000,0,6000
2007/01/17,0,11000,0,11000
2007/01/18,0,0,0,0
2007/01/19,0,0,-9000,-9000
2007/01/22,0,140000,-1000,139000
2007/01/23,0,0,0,0
2007/01/24,0,12000,0,12000
2007/01/25,0,12000,0,12000
2007/01/26,0,300000,0,300000
2007/01/29,0,0,-3000,-3000
2007/01/30,0,42000,0,42000
2007/01/31,0,30000,0,30000
2007/02/01,0,200000,0,200000
2007/02/02,0,22000,0,22000
2007/02/05,0,19000,0,19000
2007/02/06,0,18000,0,18000
2007/02/07,0,0,0,0
2007/02/08,0,658000,-500000,158000
2007/02/09,0,0,0,0
2007/02/12,0,0,-278000,-278000
2007/02/13,0,0,0,0
2007/02/14,0,0,0,0
2007/02/15,0,0,0,0
2007/02/16,0,0,0,0
2007/02/19,0,0,0,0
2007/02/20,0,0,0,0
2007/02/21,0,0,0,0
2007/02/22,0,0,0,0
2007/02/23,0,0,0,0
2007/02/26,0,0,0,0
2007/02/27,0,0,0,0
2007/02/28,0,0,0,0
2007/03/01,0,0,0,0
2007/03/02,0,0,0,0
2007/03/05,0,0,-8000,-8000
2007/03/06,0,0,0,0
2007/03/07,0,0,0,0
2007/03/08,0,0,0,0
2007/03/09,0,0,0,0
2007/03/12,0,0,0,0
2007/03/13,0,0,0,0
2007/03/14,0,0,0,0
2007/03/15,0,0,0,0
2007/03/16,0,0,-1000,-1000
2007/03/19,0,0,0,0
2007/03/20,0,0,-17000,-17000
2007/03/21,0,200000,-1000,199000
2007/03/22,0,300000,0,300000
2007/03/23,0,0,0,0
2007/03/26,0,2000,0,2000
2007/03/27,0,0,0,0
2007/03/28,0,300000,0,300000
2007/03/29,0,200000,0,200000
2007/03/30,0,0,-2000,-2000
2007/04/02,0,300000,0,300000
2007/04/03,0,0,-24000,-24000
2007/04/04,0,0,-30000,-30000
2007/04/05,0,0,0,0
2007/04/06,0,0,0,0
2007/04/09,0,0,-1000,-1000
2007/04/10,0,0,-1000,-1000
2007/04/11,0,0,0,0
2007/04/12,0,0,-9000,-9000
2007/04/13,0,0,0,0
2007/04/16,0,100000,0,100000
2007/04/17,0,0,0,0
2007/04/18,0,0,0,0
2007/04/19,0,102000,0,102000
2007/04/20,0,12000,0,12000
2007/04/23,0,1000,0,1000
2007/04/24,0,42000,0,42000
2007/04/25,0,0,0,0
2007/04/26,0,60000,0,60000
2007/04/27,0,0,0,0
2007/04/30,0,100000,0,100000
2007/05/01,0,0,0,0
2007/05/02,0,0,0,0
2007/05/03,0,0,0,0
2007/05/04,0,0,0,0
2007/05/07,0,0,0,0
2007/05/08,0,0,-3000,-3000
2007/05/09,0,0,0,0
2007/05/10,0,0,-6000,-6000
2007/05/11,0,0,0,0
2007/05/14,0,50000,0,50000
2007/05/15,0,14000,-1000,13000
2007/05/16,0,802000,-2000,800000
2007/05/17,0,0,-2000,-2000
2007/05/18,0,0,0,0
2007/05/21,0,0,0,0
2007/05/22,0,5000,0,5000
2007/05/23,0,0,-2000,-2000
2007/05/24,0,0,0,0
2007/05/25,0,0,0,0
2007/05/28,0,0,0,0
2007/05/29,0,3000,0,3000
2007/05/30,0,0,0,0
2007/05/31,0,0,0,0
2007/06/01,0,0,0,0
2007/06/04,0,4000,0,4000
2007/06/05,0,0,0,0
2007/06/06,0,0,-400000,-400000
2007/06/07,0,0,-400000,-400000
2007/06/08,0,0,-400000,-400000
2007/06/11,0,0,-400000,-400000
2007/06/12,0,0,-400000,-400000
2007/06/13,0,473000,0,473000
2007/06/14,0,120000,-1000,119000
2007/06/15,0,1000000,-2000,998000
2007/06/18,0,0,0,0
2007/06/19,0,0,0,0
2007/06/20,0,300000,0,300000
2007/06/21,0,700000,-40000,660000
2007/06/22,0,0,0,0
2007/06/25,0,11000,0,11000
2007/06/26,0,1000000,0,1000000
2007/06/27,0,0,0,0
2007/06/28,0,0,0,0
2007/06/29,0,178000,-1000,177000
2007/07/02,0,0,0,0
2007/07/03,0,0,0,0
2007/07/04,0,0,0,0
2007/07/05,0,305000,-24000,281000
2007/07/06,0,304000,0,304000
2007/07/09,0,286000,-104000,182000
2007/07/10,0,4000,0,4000
2007/07/11,0,76000,0,76000
2007/07/12,0,188000,0,188000
2007/07/13,0,0,-838000,-838000
2007/07/16,0,0,0,0
2007/07/17,0,0,-3000,-3000
2007/07/18,0,7000,0,7000
2007/07/19,0,0,0,0
2007/07/20,0,2000,0,2000
2007/07/23,0,0,0,0
2007/07/24,0,35000,0,35000
2007/07/25,0,6000,0,6000
2007/07/26,0,76000,0,76000
2007/07/27,0,1000,0,1000
2007/07/30,0,0,0,0
2007/07/31,0,0,0,0
2007/08/01,0,0,0,0
2007/08/02,0,2000,0,2000
2007/08/03,0,18000,0,18000
2007/08/06,0,2000,0,2000
2007/08/07,0,0,-1500000,-1500000
2007/08/08,0,3000,-1500000,-1497000
2007/08/09,0,7000,0,7000
2007/08/10,0,26000,-24000,2000
2007/08/13,0,0,0,0
2007/08/14,0,0,0,0
2007/08/15,0,1000,0,1000
2007/08/16,0,3000,-17000,-14000
2007/08/17,0,2000,-2000,0
2007/08/20,0,2000,0,2000
2007/08/21,0,1000,0,1000
2007/08/22,0,8000,0,8000
2007/08/23,0,0,-2000,-2000
2007/08/24,0,0,-3000,-3000
2007/08/27,0,12000,0,12000
2007/08/28,0,0,-1000,-1000
2007/08/29,0,0,-1000,-1000
2007/08/30,0,0,0,0
2007/08/31,0,7000,-8000,-1000
2007/09/03,0,0,0,0
2007/09/04,0,7000,-2000,5000
2007/09/05,0,0,-50000,-50000
2007/09/06,0,6000,0,6000
2007/09/07,0,0,0,0
2007/09/10,0,6000,-1000,5000
2007/09/11,0,5000,0,5000
2007/09/12,0,144000,0,144000
2007/09/13,0,0,0,0
2007/09/14,0,0,0,0
2007/09/17,0,0,0,0
2007/09/18,0,0,0,0
2007/09/19,0,0,0,0
2007/09/20,0,0,0,0
2007/09/21,0,0,-1459000,-1459000
2007/09/24,0,0,0,0
2007/09/25,0,0,0,0
2007/09/26,0,2000,-1000,1000
2007/09/27,0,1000,-15000,-14000
2007/09/28,0,0,0,0
2007/10/01,0,0,0,0
2007/10/02,0,10000,0,10000
2007/10/03,0,0,-1000,-1000
2007/10/04,0,0,-249000,-249000
2007/10/05,0,0,0,0
2007/10/08,0,0,-6000,-6000
2007/10/09,0,0,0,0
2007/10/10,0,0,0,0
2007/10/11,0,0,0,0
2007/10/12,0,0,0,0
2007/10/15,0,2000,-7000,-5000
2007/10/16,0,0,0,0
2007/10/17,0,0,0,0
2007/10/18,0,0,0,0
2007/10/19,0,0,-39000,-39000
2007/10/22,0,1000,0,1000
2007/10/23,0,1000,0,1000
2007/10/24,0,0,0,0
2007/10/25,0,0,-201000,-201000
2007/10/26,0,0,0,0
2007/10/29,0,0,0,0
2007/10/30,0,1000,-11000,-10000
2007/10/31,0,122000,-547000,-425000
2007/11/01,0,0,0,0
2007/11/02,0,10000,0,10000
2007/11/05,0,24000,0,24000
2007/11/06,0,2000,0,2000
2007/11/07,0,0,0,0
2007/11/08,0,2000,0,2000
2007/11/09,0,2000,-50000,-48000
2007/11/12,0,2000,0,2000
2007/11/13,0,2000,0,2000
2007/11/14,0,1000,0,1000
2007/11/15,0,1000000,0,1000000
2007/11/16,0,1006000,0,1006000
2007/11/19,0,0,-27000,-27000
2007/11/20,0,1000,0,1000
2007/11/21,0,0,0,0
2007/11/22,0,1000,-4000,-3000
2007/11/23,0,3000,0,3000
2007/11/26,0,0,0,0
2007/11/27,0,1000,-122000,-121000
2007/11/28,0,0,0,0
2007/11/29,0,1000,0,1000
2007/11/30,0,0,0,0
2007/12/03,0,1000,0,1000
2007/12/04,0,0,0,0
2007/12/05,0,0,0,0
2007/12/06,0,0,0,0
2007/12/07,0,0,0,0
2007/12/10,0,0,0,0
2007/12/11,0,0,0,0
2007/12/12,0,0,0,0
2007/12/13,0,0,0,0
2007/12/14,0,4000,0,4000
2007/12/17,0,0,-500000,-500000
2007/12/18,0,541000,0,541000
2007/12/19,0,1000,0,1000
2007/12/20,0,0,0,0
2007/12/21,0,0,-323000,-323000
2007/12/24,0,1000,0,1000
2007/12/25,0,0,-7000,-7000
2007/12/26,0,0,-500000,-500000
2007/12/27,0,31000,-537000,-506000
2007/12/28,0,0,-46000,-46000
2007/12/31,0,0,0,0
2008/01/01,0,0,0,0
2008/01/02,0,0,0,0
2008/01/03,0,0,0,0
2008/01/04,0,0,-6000,-6000
2008/01/07,0,165000,0,165000
2008/01/08,0,501000,0,501000
2008/01/09,0,52000,-4000,48000
2008/01/10,0,15000,0,15000
2008/01/11,0,0,-7000,-7000
2008/01/14,0,81000,0,81000
2008/01/15,0,0,0,0
2008/01/16,0,0,-132000,-132000
2008/01/17,0,15000,-222000,-207000
2008/01/18,0,1000,-7000,-6000
2008/01/21,0,503000,0,503000
2008/01/22,0,0,0,0
2008/01/23,0,0,0,0
2008/01/24,0,4000,0,4000
2008/01/25,0,292000,0,292000
2008/01/28,0,0,0,0
2008/01/29,0,201000,0,201000
2008/01/30,0,0,0,0
2008/01/31,0,0,0,0
2008/02/01,0,1000,0,1000
2008/02/04,0,0,0,0
2008/02/05,0,0,0,0
2008/02/06,0,0,0,0
2008/02/07,0,0,0,0
2008/02/08,0,0,0,0
2008/02/11,0,0,0,0
2008/02/12,0,0,-451000,-451000
2008/02/13,0,0,0,0
2008/02/14,0,0,0,0
2008/02/15,0,1000,-3000,-2000
2008/02/18,0,59000,0,59000
2008/02/19,0,322000,0,322000
2008/02/20,0,0,0,0
2008/02/21,0,0,0,0
2008/02/22,0,0,0,0
2008/02/25,0,4704000,0,4704000
2008/02/26,0,3253000,0,3253000
2008/02/27,0,83000,-1000,82000
2008/02/28,0,0,0,0
2008/02/29,0,17000,-2000,15000
2008/03/03,0,0,-100000,-100000
2008/03/04,0,2501000,0,2501000
2008/03/05,0,9051000,0,9051000
2008/03/06,0,4200000,0,4200000
2008/03/07,0,0,-1000,-1000
2008/03/10,0,1000,-2500000,-2499000
2008/03/11,0,3000,0,3000
2008/03/12,0,148000,0,148000
2008/03/13,0,0,-4201000,-4201000
2008/03/14,0,1000,-4200000,-4199000
2008/03/17,0,799000,-4300000,-3501000
2008/03/18,0,2000,-28000,-26000
2008/03/19,0,1000,0,1000
2008/03/20,0,1000,0,1000
2008/03/21,0,5595000,0,5595000
2008/03/24,0,2000,0,2000
2008/03/25,0,0,-6000,-6000
2008/03/26,0,2000,-164000,-162000
2008/03/27,0,302000,-7000,295000
2008/03/28,0,3000,0,3000
2008/03/31,0,1000,0,1000
2008/04/01,0,1000,0,1000
2008/04/02,0,1000,-1648000,-1647000
2008/04/03,0,1000,0,1000
2008/04/04,0,0,0,0
2008/04/07,0,0,0,0
2008/04/08,0,389000,0,389000
2008/04/09,0,1000,0,1000
2008/04/10,0,1000,0,1000
2008/04/11,0,0,0,0
2008/04/14,0,0,-1000,-1000
2008/04/15,0,0,-533000,-533000
2008/04/16,0,0,0,0
2008/04/17,0,0,-67000,-67000
2008/04/18,0,0,-2000,-2000
2008/04/21,0,61000,0,61000
2008/04/22,0,2000,0,2000
2008/04/23,0,1000,0,1000
2008/04/24,0,2000,0,2000
2008/04/25,0,1000,0,1000
2008/04/28,0,8000,0,8000
2008/04/29,0,2000,0,2000
2008/04/30,0,8000,0,8000
2008/05/01,0,0,0,0
2008/05/02,0,13000,-500000,-487000
2008/05/05,0,1000,0,1000
2008/05/06,0,3000,0,3000
2008/05/07,0,17000,-304000,-287000
2008/05/08,0,2054000,0,2054000
2008/05/09,0,2000,-200000,-198000
2008/05/12,0,11000,0,11000
2008/05/13,0,146000,-79000,67000
2008/05/14,0,30000,0,30000
2008/05/15,0,16000,-259000,-243000
2008/05/16,0,0,-479000,-479000
2008/05/19,0,133000,-60934,72066
2008/05/20,0,0,-1000,-1000
2008/05/21,0,0,0,0
2008/05/22,0,3000,-1000000,-997000
2008/05/23,0,100000,-1000,99000
2008/05/26,0,100000,0,100000
2008/05/27,0,5000,0,5000
2008/05/28,0,2000,0,2000
2008/05/29,0,2000,0,2000
2008/05/30,0,4000,0,4000
2008/06/02,0,4000,0,4000
2008/06/03,0,352000,0,352000
2008/06/04,0,5000,0,5000
2008/06/05,0,2000,0,2000
2008/06/06,0,239000,0,239000
2008/06/09,0,240000,0,240000
2008/06/10,0,256000,-517000,-261000
2008/06/11,0,8000,0,8000
2008/06/12,0,44000,0,44000
2008/06/13,0,191000,0,191000
2008/06/16,0,0,-2000,-2000
2008/06/17,0,33000,-132000,-99000
2008/06/18,0,0,0,0
2008/06/19,0,0,-6000,-6000
2008/06/20,0,0,-12000,-12000
2008/06/23,0,15000,0,15000
2008/06/24,0,89000,0,89000
2008/06/25,0,24000,-3000,21000
2008/06/26,0,0,0,0
2008/06/27,0,39000,0,39000
2008/06/30,0,18000,-157000,-139000
2008/07/01,0,58000,0,58000
2008/07/02,0,0,-4000,-4000
2008/07/03,0,55000,0,55000
2008/07/04,0,18000,0,18000
2008/07/07,0,15000,-1722000,-1707000
2008/07/08,0,0,0,0
2008/07/09,0,0,-4740000,-4740000
2008/07/10,0,0,-600000,-600000
2008/07/11,0,56000,-11000,45000
2008/07/14,0,2000,0,2000
2008/07/15,0,8000,0,8000
2008/07/16,0,10000,0,10000
2008/07/17,0,7000,0,7000
2008/07/18,0,0,-25000,-25000
2008/07/21,0,3000,0,3000
2008/07/22,0,5000,0,5000
2008/07/23,0,4000,-44000,-40000
2008/07/24,0,1000,-71000,-70000
2008/07/25,0,1000,-2445000,-2444000
2008/07/28,0,0,0,0
2008/07/29,0,9000,-3698000,-3689000
2008/07/30,0,57000,-7000,50000
2008/07/31,0,4000,0,4000
2008/08/01,0,6000,0,6000
2008/08/04,0,3000,0,3000
2008/08/05,0,0,0,0
2008/08/06,0,7000,0,7000
2008/08/07,0,0,0,0
2008/08/08,0,15000,0,15000
2008/08/11,0,90000,0,90000
2008/08/12,0,122000,-16000,106000
2008/08/13,0,0,-121000,-121000
2008/08/14,0,63000,-193000,-130000
2008/08/15,0,0,0,0
2008/08/18,0,2000,0,2000
2008/08/19,0,0,-72000,-72000
2008/08/20,0,2000,-6000,-4000
2008/08/21,0,9000,-7000,2000
2008/08/22,0,3000,0,3000
2008/08/25,0,3000,-76000,-73000
2008/08/26,0,2000,-13000,-11000
2008/08/27,0,0,0,0
2008/08/28,0,0,0,0
2008/08/29,0,20000,0,20000
2008/09/01,0,3000,0,3000
2008/09/02,0,8000,0,8000
2008/09/03,0,34000,0,34000
2008/09/04,0,32000,0,32000
2008/09/05,0,14000,0,14000
2008/09/08,0,33000,0,33000
2008/09/09,0,423000,0,423000
2008/09/10,0,16000,0,16000
2008/09/11,0,0,0,0
2008/09/12,0,0,0,0
2008/09/15,0,140000,-52000,88000
2008/09/16,0,2000,0,2000
2008/09/17,0,0,-224000,-224000
2008/09/18,0,6000,0,6000
2008/09/19,0,400000,-30000,370000
2008/09/22,0,0,-65000,-65000
2008/09/23,0,0,-150000,-150000
2008/09/24,0,0,-7000,-7000
2008/09/25,0,0,-9000,-9000
2008/09/26,0,3000,0,3000
2008/09/29,0,0,0,0
2008/09/30,0,3000,0,3000
2008/10/01,0,3000,-89000,-86000
2008/10/02,0,4000,-23000,-19000
2008/10/03,0,0,-29000,-29000
2008/10/06,0,9000,-10000,-1000
2008/10/07,0,0,-10000,-10000
2008/10/08,0,0,-5000,-5000
2008/10/09,0,22000,-8000,14000
2008/10/10,0,0,0,0
2008/10/13,0,0,0,0
2008/10/14,0,0,0,0
2008/10/15,0,13000,0,13000
2008/10/16,0,17000,-36000,-19000
2008/10/17,0,0,-9000,-9000
2008/10/20,0,0,0,0
2008/10/21,0,0,0,0
2008/10/22,0,0,0,0
2008/10/23,0,0,-91000,-91000
2008/10/24,0,0,-12000,-12000
2008/10/27,0,0,-71000,-71000
2008/10/28,0,0,-48000,-48000
2008/10/29,0,500000,-8000,492000
2008/10/30,0,0,-403000,-403000
2008/10/31,0,420000,0,420000
2008/11/03,0,0,0,0
2008/11/04,0,581000,0,581000
2008/11/05,0,9000,0,9000
2008/11/06,0,0,-901000,-901000
2008/11/07,0,0,0,0
2008/11/10,0,2000,0,2000
2008/11/11,0,5000,0,5000
2008/11/12,0,1000,0,1000
2008/11/13,0,0,-27000,-27000
2008/11/14,0,2000,-6000,-4000
2008/11/17,0,1506000,0,1506000
2008/11/18,0,3201000,0,3201000
2008/11/19,0,0,0,0
2008/11/20,0,1001000,0,1001000
2008/11/21,0,109000,0,109000
2008/11/24,0,3534000,0,3534000
2008/11/25,0,3100000,0,3100000
2008/11/26,0,387000,0,387000
2008/11/27,0,6641000,0,6641000
2008/11/28,0,800000,-120000,680000
2008/12/01,0,2012000,0,2012000
2008/12/02,0,565000,0,565000
2008/12/03,0,2387000,-6000,2381000
2008/12/04,0,3094000,0,3094000
2008/12/05,0,0,0,0
2008/12/08,0,6000,0,6000
2008/12/09,0,51000,-1105000,-1054000
2008/12/10,0,0,-2250000,-2250000
2008/12/11,0,819000,-500000,319000
2008/12/12,0,3100000,-335000,2765000
2008/12/15,0,0,-3000,-3000
2008/12/16,0,366000,-201000,165000
2008/12/17,0,4000,-970000,-966000
2008/12/18,0,51000,-473000,-422000
2008/12/19,0,0,-1810000,-1810000
2008/12/22,0,0,-2370000,-2370000
2008/12/23,0,2000,-580000,-578000
2008/12/24,0,0,0,0
2008/12/25,0,2089000,0,2089000
2008/12/26,0,0,-7000,-7000
2008/12/29,0,350000,0,350000
2008/12/30,0,0,0,0
2008/12/31,0,0,0,0
2009/01/01,0,0,0,0
2009/01/02,0,0,0,0
2009/01/05,0,600000,-1400000,-800000
2009/01/06,0,565000,0,565000
2009/01/07,0,450000,-40000,410000
2009/01/08,0,0,0,0
2009/01/09,0,309000,0,309000
2009/01/12,0,8000,-22000,-14000
2009/01/13,0,3000,0,3000
2009/01/14,0,0,0,0
2009/01/15,0,0,-109000,-109000
2009/01/16,0,6000,0,6000
2009/01/19,0,0,-18000,-18000
2009/01/20,0,0,0,0
2009/01/21,0,0,-3202000,-3202000
2009/01/22,0,0,0,0
2009/01/23,0,0,0,0
2009/01/26,0,0,0,0
2009/01/27,0,0,0,0
2009/01/28,0,0,0,0
2009/01/29,0,0,0,0
2009/01/30,0,0,0,0
2009/02/02,0,0,0,0
2009/02/03,0,25000,0,25000
2009/02/04,0,0,-155000,-155000
2009/02/05,0,0,0,0
2009/02/06,0,3000,0,3000
2009/02/09,0,0,-203000,-203000
2009/02/10,0,3000,-2300000,-2297000
2009/02/11,0,0,-1010000,-1010000
2009/02/12,0,0,0,0
2009/02/13,0,0,-1000000,-1000000
2009/02/16,0,0,0,0
2009/02/17,0,0,0,0
2009/02/18,0,124000,-1000000,-876000
2009/02/19,0,0,-1000000,-1000000
2009/02/20,0,0,-1000000,-1000000
2009/02/23,0,212000,-1000000,-788000
2009/02/24,0,0,-1000000,-1000000
2009/02/25,0,0,0,0
2009/02/26,0,0,-500000,-500000
2009/02/27,0,3000,-91000,-88000
2009/03/02,0,0,-157000,-157000
2009/03/03,0,0,0,0
2009/03/04,0,0,-2000,-2000
2009/03/05,0,0,0,0
2009/03/06,0,0,-21000,-21000
2009/03/09,0,0,-340000,-340000
2009/03/10,0,0,0,0
2009/03/11,0,0,0,0
2009/03/12,0,100000,-25000,75000
2009/03/13,0,0,-12000,-12000
2009/03/16,0,0,-6000,-6000
2009/03/17,0,0,-9000,-9000
2009/03/18,0,0,-67000,-67000
2009/03/19,0,0,-15000,-15000
2009/03/20,0,0,-7000,-7000
2009/03/23,0,0,-8000,-8000
2009/03/24,0,0,-25000,-25000
2009/03/25,0,0,0,0
2009/03/26,0,0,0,0
2009/03/27,0,0,-203000,-203000
2009/03/30,0,0,-5000,-5000
2009/03/31,0,0,-2808000,-2808000
2009/04/01,0,0,0,0
2009/04/02,0,2337000,-15000,2322000
2009/04/03,0,1360000,-9000,1351000
2009/04/06,0,480000,-544000,-64000
2009/04/07,0,9000,0,9000
2009/04/08,0,1271000,-3000,1268000
2009/04/09,0,1382000,-3000,1379000
2009/04/10,0,2073000,0,2073000
2009/04/13,0,1342000,-828000,514000
2009/04/14,0,0,-146000,-146000
2009/04/15,0,0,-237000,-237000
2009/04/16,0,0,-17000,-17000
2009/04/17,0,0,0,0
2009/04/20,0,0,0,0
2009/04/21,0,0,-2644000,-2644000
2009/04/22,0,0,0,0
2009/04/23,0,0,-744000,-744000
2009/04/24,0,0,-3000,-3000
2009/04/27,0,3000,0,3000
2009/04/28,0,3000,-1065000,-1062000
2009/04/29,0,0,0,0
2009/04/30,0,0,0,0
2009/05/01,0,0,0,0
2009/05/04,0,12000,0,12000
2009/05/05,0,394000,0,394000
2009/05/06,0,0,-53000,-53000
2009/05/07,0,835000,-26000,809000
2009/05/08,0,650000,-38000,612000
2009/05/11,0,585000,-2000,583000
2009/05/12,0,0,-4000,-4000
2009/05/13,0,1227000,-451000,776000
2009/05/14,0,30000,0,30000
2009/05/15,0,568000,0,568000
2009/05/18,0,15000,-16000,-1000
2009/05/19,0,4000,0,4000
2009/05/20,0,1226000,-7000,1219000
2009/05/21,0,800000,0,800000
2009/05/22,0,400000,-7000,393000
2009/05/25,0,0,-74000,-74000
2009/05/26,0,0,-198000,-198000
2009/05/27,0,8000,-212000,-204000
2009/05/28,0,0,0,0
2009/05/29,0,0,0,0
2009/06/01,0,0,-137000,-137000
2009/06/02,0,0,-30000,-30000
2009/06/03,0,0,-231000,-231000
2009/06/04,0,26000,0,26000
2009/06/05,0,0,0,0
2009/06/08,0,25000,-3021000,-2996000
2009/06/09,0,16000,-2001000,-1985000
2009/06/10,0,7000,-1000000,-993000
2009/06/11,0,10000,0,10000
2009/06/12,0,0,0,0
2009/06/15,0,2000,-500000,-498000
2009/06/16,0,6000,-1300000,-1294000
2009/06/17,0,6000,-399000,-393000
2009/06/18,0,5000,-1430000,-1425000
2009/06/19,0,0,-1551000,-1551000
2009/06/22,0,5000,0,5000
2009/06/23,0,200000,-5000,195000
2009/06/24,0,202000,0,202000
2009/06/25,0,300000,0,300000
2009/06/26,0,0,0,0
2009/06/29,0,0,-96000,-96000
2009/06/30,0,0,0,0
2009/07/01,0,5000,0,5000
2009/07/02,0,0,0,0
2009/07/03,0,0,-9000,-9000
2009/07/06,0,300000,-10000,290000
2009/07/07,0,2000,0,2000
2009/07/08,0,0,-1109000,-1109000
2009/07/09,0,84000,0,84000
2009/07/10,0,0,-3000,-3000
2009/07/13,0,0,-5000,-5000
2009/07/14,0,0,-11000,-11000
2009/07/15,0,0,-1325000,-1325000
2009/07/16,0,0,-2000,-2000
2009/07/17,0,0,-324000,-324000
2009/07/20,0,0,-481000,-481000
2009/07/21,0,57000,-5000,52000
2009/07/22,0,166000,-353000,-187000
2009/07/23,0,0,-4000,-4000
2009/07/24,0,0,-2000,-2000
2009/07/27,0,0,-868000,-868000
2009/07/28,0,0,-1611000,-1611000
2009/07/29,0,0,-30000,-30000
2009/07/30,0,0,-123000,-123000
2009/07/31,0,0,0,0
2009/08/03,0,170000,-868000,-698000
2009/08/04,0,200000,-17000,183000
2009/08/05,0,768000,0,768000
2009/08/06,0,0,0,0
2009/08/07,0,0,0,0
2009/08/10,0,6000,-3000,3000
2009/08/11,0,3000,0,3000
2009/08/12,0,0,-207000,-207000
2009/08/13,0,0,0,0
2009/08/14,0,0,-3000,-3000
2009/08/17,0,861000,-2000,859000
2009/08/18,0,3000,0,3000
2009/08/19,0,403000,0,403000
2009/08/20,0,301000,0,301000
2009/08/21,0,19000,-13000,6000
2009/08/24,0,203000,0,203000
2009/08/25,0,0,-6000,-6000
2009/08/26,0,1000,0,1000
2009/08/27,0,5000,-6000,-1000
2009/08/28,0,0,-400000,-400000
2009/08/31,0,10000,0,10000
2009/09/01,0,0,0,0
2009/09/02,0,0,-100000,-100000
2009/09/03,0,1000,-3000,-2000
2009/09/04,0,0,-204000,-204000
2009/09/07,0,0,-203000,-203000
2009/09/08,0,0,-200000,-200000
2009/09/09,0,235000,-900000,-665000
2009/09/10,0,299000,0,299000
2009/09/11,0,500000,0,500000
2009/09/14,0,0,-36000,-36000
2009/09/15,0,0,0,0
2009/09/16,0,11000,0,11000
2009/09/17,0,800000,0,800000
2009/09/18,0,800000,-6000,794000
2009/09/21,0,0,-34000,-34000
2009/09/22,0,0,0,0
2009/09/23,0,0,-640000,-640000
2009/09/24,0,0,0,0
2009/09/25,0,0,0,0
2009/09/28,0,200000,0,200000
2009/09/29,0,4000,-17000,-13000
2009/09/30,0,200000,0,200000
2009/10/01,0,0,0,0
2009/10/02,0,0,0,0
2009/10/05,0,0,-21000,-21000
2009/10/06,0,0,0,0
2009/10/07,0,0,0,0
2009/10/08,0,0,0,0
2009/10/09,0,602000,0,602000
2009/10/12,0,0,0,0
2009/10/13,0,4000,0,4000
2009/10/14,0,0,-5000,-5000
2009/10/15,0,276000,-200000,76000
2009/10/16,0,0,-13000,-13000
2009/10/19,0,6000,-16000,-10000
2009/10/20,0,0,0,0
2009/10/21,0,14000,-4000,10000
2009/10/22,0,0,0,0
2009/10/23,0,0,0,0
2009/10/26,0,0,0,0
2009/10/27,0,2000,0,2000
2009/10/28,0,0,-1000,-1000
2009/10/29,0,2000,0,2000
2009/10/30,0,0,0,0
2009/11/02,0,3000,-16000,-13000
2009/11/03,0,3000,0,3000
2009/11/04,0,2000,0,2000
2009/11/05,0,4000,0,4000
2009/11/06,0,1000,0,1000
2009/11/09,0,3000,-600000,-597000
2009/11/10,0,1000,-9000,-8000
2009/11/11,0,0,-16000,-16000
2009/11/12,0,0,-3000,-3000
2009/11/13,0,0,-6000,-6000
2009/11/16,0,6000,-1000,5000
2009/11/17,0,434000,-2000,432000
2009/11/18,0,0,-5000,-5000
2009/11/19,0,0,-1000,-1000
2009/11/20,0,5000,-503000,-498000
2009/11/23,0,0,-216000,-216000
2009/11/24,0,0,-200000,-200000
2009/11/25,0,0,-200000,-200000
2009/11/26,0,0,-516000,-516000
2009/11/27,0,0,-400000,-400000
2009/11/30,0,0,-9000,-9000
2009/12/01,0,0,-300000,-300000
2009/12/02,0,0,0,0
2009/12/03,0,0,0,0
2009/12/04,0,0,-3000,-3000
2009/12/07,0,0,0,0
2009/12/08,0,0,0,0
2009/12/09,0,0,0,0
2009/12/10,0,0,-14000,-14000
2009/12/11,0,102000,0,102000
2009/12/14,0,0,-14000,-14000
2009/12/15,0,0,-21000,-21000
2009/12/16,0,0,-36881,-36881
2009/12/17,0,0,-8000,-8000
2009/12/18,0,0,-3000,-3000
2009/12/21,0,0,-184000,-184000
2009/12/22,0,0,-2000,-2000
2009/12/23,0,0,0,0
2009/12/24,0,0,0,0
2009/12/25,0,0,-5000,-5000
2009/12/28,0,15000,0,15000
2009/12/29,0,142000,0,142000
2009/12/30,0,72000,0,72000
2009/12/31,0,0,-1000,-1000
2010/01/01,0,0,0,0
2010/01/04,0,8000,0,8000
2010/01/05,0,0,-2000,-2000
2010/01/06,0,0,0,0
2010/01/07,0,0,-4000,-4000
2010/01/08,0,0,-5000,-5000
2010/01/11,0,0,-68000,-68000
2010/01/12,0,0,-7000,-7000
2010/01/13,0,0,-1700000,-1700000
2010/01/14,0,0,0,0
2010/01/15,0,0,-22000,-22000
2010/01/18,0,0,0,0
2010/01/19,0,3000,0,3000
2010/01/20,0,0,-4000,-4000
2010/01/21,0,0,0,0
2010/01/22,0,0,0,0
2010/01/25,0,0,-8000,-8000
2010/01/26,0,0,0,0
2010/01/27,0,20000,0,20000
2010/01/28,0,6000,-2000,4000
2010/01/29,0,8000,-8000,0
2010/02/01,0,9000,0,9000
2010/02/02,0,0,0,0
2010/02/03,0,3000,-1000,2000
2010/02/04,0,5000,0,5000
2010/02/05,0,4000,0,4000
2010/02/08,0,9000,-940000,-931000
2010/02/09,0,6000,-1060000,-1054000
2010/02/10,0,15000,-105000,-90000
2010/02/11,0,0,0,0
2010/02/12,0,0,0,0
2010/02/15,0,0,0,0
2010/02/16,0,0,0,0
2010/02/17,0,0,0,0
2010/02/18,0,0,0,0
2010/02/19,0,0,0,0
2010/02/22,0,7000,0,7000
2010/02/23,0,8000,0,8000
2010/02/24,0,9000,0,9000
2010/02/25,0,8000,-194000,-186000
2010/02/26,0,6000,-2000,4000
2010/03/01,0,4000,0,4000
2010/03/02,0,0,0,0
2010/03/03,0,0,0,0
2010/03/04,0,500000,-4000,496000
2010/03/05,0,1000000,-2000,998000
2010/03/08,0,700000,0,700000
2010/03/09,0,600000,0,600000
2010/03/10,0,0,-6000,-6000
2010/03/11,0,0,0,0
2010/03/12,0,0,-12000,-12000
2010/03/15,0,0,0,0
2010/03/16,0,0,0,0
2010/03/17,0,23000,0,23000
2010/03/18,0,0,-5000,-5000
2010/03/19,0,0,-6000,-6000
2010/03/22,0,0,-5000,-5000
2010/03/23,0,4000,-107000,-103000
2010/03/24,0,0,-2000,-2000
2010/03/25,0,0,-4000,-4000
2010/03/26,0,0,0,0
2010/03/29,0,5000,-10000,-5000
2010/03/30,0,0,0,0
2010/03/31,0,0,-4000,-4000
2010/04/01,0,0,0,0
2010/04/02,0,0,-5000,-5000
2010/04/05,0,0,0,0
2010/04/06,0,0,-3000,-3000
2010/04/07,0,0,0,0
2010/04/08,0,0,-136000,-136000
2010/04/09,0,0,-3000,-3000
2010/04/12,0,0,-2000,-2000
2010/04/13,0,0,-4000,-4000
2010/04/14,0,0,-7000,-7000
2010/04/15,0,0,-4000,-4000
2010/04/16,0,1000,-10000,-9000
2010/04/19,0,0,-240,-240
2010/04/20,0,3000,-3000,0
2010/04/21,0,0,0,0
2010/04/22,0,0,-1000000,-1000000
2010/04/23,0,0,-900000,-900000
2010/04/26,0,0,-900000,-900000
2010/04/27,0,0,-3000,-3000
2010/04/28,0,0,-3000,-3000
2010/04/29,0,0,0,0
2010/04/30,0,0,-7000,-7000
2010/05/03,0,0,0,0
2010/05/04,0,0,0,0
2010/05/05,0,11000,-11000,0
2010/05/06,0,0,0,0
2010/05/07,0,36000,-1000,35000
2010/05/10,0,37000,0,37000
2010/05/11,0,5000,0,5000
2010/05/12,0,0,-4000,-4000
2010/05/13,0,3000,0,3000
2010/05/14,0,14000,0,14000
2010/05/17,0,0,-5000,-5000
2010/05/18,0,0,0,0
2010/05/19,0,0,0,0
2010/05/20,0,4000,-125000,-121000
2010/05/21,0,0,-377000,-377000
2010/05/24,0,0,-35984,-35984
2010/05/25,0,2000,0,2000
2010/05/26,0,7000,-52000,-45000
2010/05/27,0,11000,0,11000
2010/05/28,0,0,-6000,-6000
2010/05/31,0,0,0,0
2010/06/01,0,2000,0,2000
2010/06/02,0,0,0,0
2010/06/03,0,0,0,0
2010/06/04,0,0,-3000,-3000
2010/06/07,0,0,0,0
2010/06/08,0,6000,-1000,5000
2010/06/09,0,0,0,0
2010/06/10,0,8000,-2000,6000
2010/06/11,0,0,0,0
2010/06/14,0,6000,-3000,3000
2010/06/15,0,300000,0,300000
2010/06/16,0,0,0,0
2010/06/17,0,0,0,0
2010/06/18,0,0,-4000,-4000
2010/06/21,0,0,0,0
2010/06/22,0,0,-6000,-6000
2010/06/23,0,0,-48000,-48000
2010/06/24,0,0,-70000,-70000
2010/06/25,0,0,-119000,-119000
2010/06/28,0,0,-10000,-10000
2010/06/29,0,6000,0,6000
2010/06/30,0,0,0,0
2010/07/01,0,0,0,0
2010/07/02,0,3000,0,3000
2010/07/05,0,0,0,0
2010/07/06,0,4000,-129000,-125000
2010/07/07,0,0,0,0
2010/07/08,0,0,0,0
2010/07/09,0,0,0,0
2010/07/12,0,0,0,0
2010/07/13,0,0,0,0
2010/07/14,0,0,0,0
2010/07/15,0,120000,0,120000
2010/07/16,0,0,-4000,-4000
2010/07/19,0,100000,-8000,92000
2010/07/20,0,0,0,0
2010/07/21,0,0,-6000,-6000
2010/07/22,0,0,0,0
2010/07/23,0,0,0,0
2010/07/26,0,0,0,0
2010/07/27,0,18000,0,18000
2010/07/28,0,957000,0,957000
2010/07/29,0,4358000,0,4358000
2010/07/30,0,3886000,-19000,3867000
2010/08/02,0,324000,-9000,315000
2010/08/03,0,0,0,0
2010/08/04,0,0,-16000,-16000
2010/08/05,0,1160000,-17000,1143000
2010/08/06,0,6893000,-11000,6882000
2010/08/09,0,5923000,0,5923000
2010/08/10,0,231000,0,231000
2010/08/11,0,0,-161000,-161000
2010/08/12,0,2000,-20000,-18000
2010/08/13,0,0,-49000,-49000
2010/08/16,0,0,-4000,-4000
2010/08/17,0,5221000,0,5221000
2010/08/18,0,0,-4000,-4000
2010/08/19,0,0,-2000,-2000
2010/08/20,0,742000,-1012000,-270000
2010/08/23,0,0,0,0
2010/08/24,0,0,-8000,-8000
2010/08/25,0,11000,-7000,4000
2010/08/26,0,0,-4000,-4000
2010/08/27,0,3000,0,3000
2010/08/30,0,308000,-27000,281000
2010/08/31,0,3034000,0,3034000
2010/09/01,0,0,0,0
2010/09/02,0,5000,0,5000
2010/09/03,0,3000,0,3000
2010/09/06,0,0,-750000,-750000
2010/09/07,0,5000,0,5000
2010/09/08,0,0,-458000,-458000
2010/09/09,0,0,-458000,-458000
2010/09/10,0,0,0,0
2010/09/13,0,0,0,0
2010/09/14,0,0,0,0
2010/09/15,0,158000,-3031000,-2873000
2010/09/16,0,0,-16000,-16000
2010/09/17,0,0,-8000,-8000
2010/09/20,0,0,-4000,-4000
2010/09/21,0,0,-2066000,-2066000
2010/09/22,0,0,0,0
2010/09/23,0,0,-6000,-6000
2010/09/24,0,0,-2201000,-2201000
2010/09/27,0,3674000,-4000,3670000
2010/09/28,0,101000,0,101000
2010/09/29,0,213000,0,213000
2010/09/30,0,1430000,-18000,1412000
2010/10/01,0,0,0,0
2010/10/04,0,1409000,0,1409000
2010/10/05,0,1300000,0,1300000
2010/10/06,0,0,-3000,-3000
2010/10/07,0,0,0,0
2010/10/08,0,0,0,0
2010/10/11,0,336000,0,336000
2010/10/12,0,0,-5000,-5000
2010/10/13,0,0,-97000,-97000
2010/10/14,0,612000,0,612000
2010/10/15,0,563000,-7000,556000
2010/10/18,0,0,-4000,-4000
2010/10/19,0,712000,0,712000
2010/10/20,0,0,0,0
2010/10/21,0,300000,0,300000
2010/10/22,0,2100000,0,2100000
2010/10/25,0,519000,0,519000
2010/10/26,0,1360000,-1000,1359000
2010/10/27,0,956000,0,956000
2010/10/28,0,0,0,0
2010/10/29,0,0,-2280000,-2280000
2010/11/01,0,0,-988000,-988000
2010/11/02,0,0,0,0
2010/11/03,0,0,-123000,-123000
2010/11/04,0,200000,0,200000
2010/11/05,0,0,0,0
2010/11/08,0,0,0,0
2010/11/09,0,12000,0,12000
2010/11/10,0,150000,-6000,144000
2010/11/11,0,8000,0,8000
2010/11/12,0,0,-2866000,-2866000
2010/11/15,0,0,-2182000,-2182000
2010/11/16,0,27000,-1750000,-1723000
2010/11/17,0,0,-1267000,-1267000
2010/11/18,0,500000,-4009000,-3509000
2010/11/19,0,0,0,0
2010/11/22,0,500000,-6000,494000
2010/11/23,0,0,-692000,-692000
2010/11/24,0,0,0,0
2010/11/25,0,0,-800000,-800000
2010/11/26,0,0,-810000,-810000
2010/11/29,0,200000,0,200000
2010/11/30,0,0,-19000,-19000
2010/12/01,0,0,-11000,-11000
2010/12/02,0,0,-13000,-13000
2010/12/03,0,0,-8000,-8000
2010/12/06,0,0,-26000,-26000
2010/12/07,0,0,-1000,-1000
2010/12/08,0,0,-8000,-8000
2010/12/09,0,0,-4000,-4000
2010/12/10,0,0,0,0
2010/12/13,0,0,-4000,-4000
2010/12/14,0,0,0,0
2010/12/15,0,0,0,0
2010/12/16,0,0,-6000,-6000
2010/12/17,0,2261000,-1941000,320000
2010/12/20,0,0,-7000,-7000
2010/12/21,0,1000,0,1000
2010/12/22,0,6000,0,6000
2010/12/23,0,0,0,0
2010/12/24,0,0,-929000,-929000
2010/12/27,0,0,-484000,-484000
2010/12/28,0,0,0,0
2010/12/29,0,0,0,0
2010/12/30,0,200000,0,200000
2010/12/31,0,0,0,0
2011/01/03,0,0,-310000,-310000
2011/01/04,0,21000,0,21000
2011/01/05,0,0,0,0
2011/01/06,0,0,-6148000,-6148000
2011/01/07,0,0,-2280000,-2280000
2011/01/10,0,0,-6000,-6000
2011/01/11,0,0,-190000,-190000
2011/01/12,0,0,-1441000,-1441000
2011/01/13,0,0,0,0
2011/01/14,0,1000,0,1000
2011/01/17,0,25000,-1060000,-1035000
2011/01/18,0,24000,0,24000
2011/01/19,0,0,-1953000,-1953000
2011/01/20,0,0,-655000,-655000
2011/01/21,0,0,-16000,-16000
2011/01/24,0,0,-1500000,-1500000
2011/01/25,0,4000,0,4000
2011/01/26,0,0,0,0
2011/01/27,0,0,-2000,-2000
2011/01/28,0,0,-9000,-9000
2011/01/31,0,0,0,0
2011/02/01,0,0,0,0
2011/02/02,0,0,0,0
2011/02/03,0,0,0,0
2011/02/04,0,0,0,0
2011/02/07,0,0,0,0
2011/02/08,0,0,-762000,-762000
2011/02/09,0,0,-1108000,-1108000
2011/02/10,0,0,-4000,-4000
2011/02/11,0,11000,0,11000
2011/02/14,0,5000,-758000,-753000
2011/02/15,0,8000,-100000,-92000
2011/02/16,0,0,0,0
2011/02/17,0,200000,0,200000
2011/02/18,0,0,0,0
2011/02/21,0,0,-5000,-5000
2011/02/22,0,0,0,0
2011/02/23,0,0,-221000,-221000
2011/02/24,0,5000,0,5000
2011/02/25,0,3000,-7000,-4000
2011/02/28,0,0,0,0
2011/03/01,0,0,0,0
2011/03/02,0,0,-130000,-130000
2011/03/03,0,0,0,0
2011/03/04,0,0,0,0
2011/03/07,0,0,0,0
2011/03/08,0,731000,0,731000
2011/03/09,0,1362000,-78000,1284000
2011/03/10,0,0,0,0
2011/03/11,0,0,0,0
2011/03/14,0,5000,0,5000
2011/03/15,0,3000,0,3000
2011/03/16,0,0,0,0
2011/03/17,0,1000000,-63000,937000
2011/03/18,0,5140000,0,5140000
2011/03/21,0,0,0,0
2011/03/22,0,0,0,0
2011/03/23,0,220000,0,220000
2011/03/24,0,203000,-87000,116000
2011/03/25,0,0,-675000,-675000
2011/03/28,0,633000,0,633000
2011/03/29,0,3262000,0,3262000
2011/03/30,0,1821000,0,1821000
2011/03/31,0,19000,0,19000
2011/04/01,0,450000,0,450000
2011/04/04,0,0,0,0
2011/04/05,0,0,0,0
2011/04/06,0,170000,0,170000
2011/04/07,0,150000,-1070000,-920000
2011/04/08,0,2812000,-483000,2329000
2011/04/11,0,0,0,0
2011/04/12,0,100000,-4000,96000
2011/04/13,0,680000,0,680000
2011/04/14,0,1021000,-97000,924000
2011/04/15,0,100000,0,100000
2011/04/18,0,225000,0,225000
2011/04/19,0,3000,0,3000
2011/04/20,0,0,0,0
2011/04/21,0,300000,0,300000
2011/04/22,0,200000,0,200000
2011/04/25,0,0,-2000,-2000
2011/04/26,0,0,-3000,-3000
2011/04/27,0,859000,0,859000
2011/04/28,0,0,0,0
2011/04/29,0,0,0,0
2011/05/02,0,0,0,0
2011/05/03,0,22000,0,22000
2011/05/04,0,22000,0,22000
2011/05/05,0,22000,-1964000,-1942000
2011/05/06,0,21000,-1500000,-1479000
2011/05/09,0,301000,0,301000
2011/05/10,0,0,0,0
2011/05/11,0,680000,0,680000
2011/05/12,0,320000,-2000,318000
2011/05/13,0,1120000,-4000,1116000
2011/05/16,0,0,0,0
2011/05/17,0,1736000,-730000,1006000
2011/05/18,0,840000,0,840000
2011/05/19,0,1405000,0,1405000
2011/05/20,0,0,-1000,-1000
2011/05/23,0,0,-1000,-1000
2011/05/24,0,0,0,0
2011/05/25,0,0,0,0
2011/05/26,0,0,0,0
2011/05/27,0,0,-59000,-59000
2011/05/30,0,202000,0,202000
2011/05/31,0,800000,-380000,420000
2011/06/01,0,800000,-500000,300000
2011/06/02,0,0,0,0
2011/06/03,0,0,-400000,-400000
2011/06/06,0,0,0,0
2011/06/07,0,150000,-420000,-270000
2011/06/08,0,232000,0,232000
2011/06/09,0,0,-400000,-400000
2011/06/10,0,0,-220000,-220000
2011/06/13,0,0,0,0
2011/06/14,0,4000,0,4000
2011/06/15,0,0,-517000,-517000
2011/06/16,0,0,0,0
2011/06/17,0,4000,-11000,-7000
2011/06/20,0,1000,-1000,0
2011/06/21,0,3000,0,3000
2011/06/22,0,1000,0,1000
2011/06/23,0,1000,-3092000,-3091000
2011/06/24,0,1000,0,1000
2011/06/27,0,1000,0,1000
2011/06/28,0,4000,0,4000
2011/06/29,0,141000,-220000,-79000
2011/06/30,0,2002000,0,2002000
2011/07/01,0,5000,0,5000
2011/07/04,0,0,0,0
2011/07/05,0,2000,-1000,1000
2011/07/06,0,0,0,0
2011/07/07,0,0,-120000,-120000
2011/07/08,0,0,-2291000,-2291000
2011/07/11,0,0,0,0
2011/07/12,0,1000,0,1000
2011/07/13,0,2000,0,2000
2011/07/14,0,0,-31000,-31000
2011/07/15,0,2000,0,2000
2011/07/18,0,1000,0,1000
2011/07/19,0,81000,0,81000
2011/07/20,0,57000,0,57000
2011/07/21,0,1000,0,1000
2011/07/22,0,0,-402000,-402000
2011/07/25,0,42000,-2002000,-1960000
2011/07/26,0,165000,0,165000
2011/07/27,0,186000,-821000,-635000
2011/07/28,0,0,-2253000,-2253000
2011/07/29,0,0,0,0
2011/08/01,0,135000,0,135000
2011/08/02,0,1000,0,1000
2011/08/03,0,12000,0,12000
2011/08/04,0,7000,0,7000
2011/08/05,0,13000,0,13000
2011/08/08,0,5000,0,5000
2011/08/09,0,7000,0,7000
2011/08/10,0,2055000,0,2055000
2011/08/11,0,23000,0,23000
2011/08/12,0,1000,-9000,-8000
2011/08/15,0,3000,0,3000
2011/08/16,0,126000,-702000,-576000
2011/08/17,0,0,-1000,-1000
2011/08/18,0,50000,0,50000
2011/08/19,0,63000,0,63000
2011/08/22,0,29000,0,29000
2011/08/23,0,2000,0,2000
2011/08/24,0,0,0,0
2011/08/25,0,0,0,0
2011/08/26,0,21000,-350000,-329000
2011/08/29,0,477000,-380000,97000
2011/08/30,0,0,-11000,-11000
2011/08/31,0,6000,0,6000
2011/09/01,0,0,-1000,-1000
2011/09/02,0,30000,-3000,27000
2011/09/05,0,0,-202000,-202000
2011/09/06,0,1315000,0,1315000
2011/09/07,0,5000,0,5000
2011/09/08,0,516000,0,516000
2011/09/09,0,10000,0,10000
2011/09/12,0,0,0,0
2011/09/13,0,18000,-2226,15774
2011/09/14,0,2000,-1000,1000
2011/09/15,0,270000,-11000,259000
2011/09/16,0,12000,-1000,11000
2011/09/19,0,2000,0,2000
2011/09/20,0,2000,0,2000
2011/09/21,0,6684,0,6684
2011/09/22,0,0,-677000,-677000
2011/09/23,0,4000,-443000,-439000
2011/09/26,0,15000,-488000,-473000
2011/09/27,0,5000,0,5000
2011/09/28,0,0,-2000,-2000
2011/09/29,0,15000,-1500000,-1485000
2011/09/30,0,0,0,0
2011/10/03,0,0,-1000,-1000
2011/10/04,0,4000,-1100000,-1096000
2011/10/05,0,15000,-1001000,-986000
2011/10/06,0,10000,-149000,-139000
2011/10/07,0,2000,0,2000
2011/10/10,0,0,0,0
2011/10/11,0,0,0,0
2011/10/12,0,0,0,0
2011/10/13,0,7000,0,7000
2011/10/14,0,50000,0,50000
2011/10/17,0,0,-5580723,-5580723
2011/10/18,0,2000,-16624,-14624
2011/10/19,0,0,-1862000,-1862000
2011/10/20,0,0,0,0
2011/10/21,0,0,0,0
2011/10/24,0,5000,0,5000
2011/10/25,0,0,0,0
2011/10/26,0,2000,0,2000
2011/10/27,0,3000,0,3000
2011/10/28,0,6000,0,6000
2011/10/31,0,0,-6000,-6000
2011/11/01,0,600000,-6000,594000
2011/11/02,0,7000,0,7000
2011/11/03,0,2000,0,2000
2011/11/04,0,400000,-7000,393000
2011/11/07,0,0,0,0
2011/11/08,0,359000,0,359000
2011/11/09,0,0,0,0
2011/11/10,0,1000,0,1000
2011/11/11,0,0,-1000,-1000
2011/11/14,0,7086,-4000,3086
2011/11/15,0,1000774,-1000,999774
2011/11/16,0,0,0,0
2011/11/17,0,770000,-170000,600000
2011/11/18,0,1000,0,1000
2011/11/21,0,5000,0,5000
2011/11/22,0,3000,-4000,-1000
2011/11/23,0,465000,0,465000
2011/11/24,0,1773000,0,1773000
2011/11/25,0,12000,0,12000
2011/11/28,0,74000,0,74000
2011/11/29,0,125000,0,125000
2011/11/30,0,3000,-1000,2000
2011/12/01,0,0,-12000,-12000
2011/12/02,0,100000,0,100000
2011/12/05,0,4000,-3000,1000
2011/12/06,0,0,0,0
2011/12/07,0,1000,0,1000
2011/12/08,0,1000,0,1000
2011/12/09,0,0,-1294939,-1294939
2011/12/12,0,0,0,0
2011/12/13,0,0,0,0
2011/12/14,0,600000,-21000,579000
2011/12/15,0,0,-477000,-477000
2011/12/16,0,2000,-5000,-3000
2011/12/19,0,3000,0,3000
2011/12/20,0,3000,0,3000
2011/12/21,0,0,-8000,-8000
2011/12/22,0,3000,0,3000
2011/12/23,0,0,-3000,-3000
2011/12/26,0,0,0,0
2011/12/27,0,5000,-760000,-755000
2011/12/28,0,0,-2000,-2000
2011/12/29,0,0,0,0
2011/12/30,0,0,-710000,-710000
2012/01/02,0,6000,0,6000
2012/01/03,0,0,-9000,-9000
2012/01/04,0,0,0,0
2012/01/05,0,0,-164351,-164351
2012/01/06,0,216000,-999000,-783000
2012/01/09,0,0,-2000,-2000
2012/01/10,0,217000,-2000,215000
2012/01/11,0,0,-3000,-3000
2012/01/12,0,0,-7000,-7000
2012/01/13,0,1000,-413000,-412000
2012/01/16,0,0,-51000,-51000
2012/01/17,0,0,0,0
2012/01/18,0,0,-8000,-8000
2012/01/19,0,0,0,0
2012/01/20,0,0,0,0
2012/01/23,0,0,0,0
2012/01/24,0,0,0,0
2012/01/25,0,0,0,0
2012/01/26,0,0,0,0
2012/01/27,0,0,0,0
2012/01/30,0,0,-10000,-10000
2012/01/31,0,0,-1000,-1000
2012/02/01,0,0,-135000,-135000
2012/02/02,0,0,-1004000,-1004000
2012/02/03,0,0,-5000,-5000
2012/02/06,0,0,-9000,-9000
2012/02/07,0,0,0,0
2012/02/08,0,0,-4000,-4000
2012/02/09,0,3921,-185000,-181079
2012/02/10,0,0,-1000,-1000
2012/02/13,0,0,0,0
2012/02/14,0,0,-127000,-127000
2012/02/15,0,0,-81000,-81000
2012/02/16,0,0,-1000,-1000
2012/02/17,0,6000,0,6000
2012/02/20,0,0,-2000,-2000
2012/02/21,0,0,0,0
2012/02/22,0,0,0,0
2012/02/23,0,0,-3000,-3000
2012/02/24,0,0,-131000,-131000
2012/02/27,0,0,0,0
2012/02/28,0,0,0,0
2012/02/29,0,0,-3000,-3000
2012/03/01,0,0,0,0
2012/03/02,0,0,-5000,-5000
2012/03/05,0,240000,-1000,239000
2012/03/06,0,0,-251000,-251000
2012/03/07,0,0,-201000,-201000
2012/03/08,0,18676,-5000,13676
2012/03/09,0,0,0,0
2012/03/12,0,0,-2000,-2000
2012/03/13,0,0,-6000,-6000
2012/03/14,0,0,-4000,-4000
2012/03/15,0,0,-8000,-8000
2012/03/16,0,0,-22000,-22000
2012/03/19,0,0,-3000,-3000
2012/03/20,0,0,-2000,-2000
2012/03/21,0,0,0,0
2012/03/22,0,0,0,0
2012/03/23,0,0,0,0
2012/03/26,0,0,-2000,-2000
2012/03/27,0,0,-200000,-200000
2012/03/28,0,0,0,0
2012/03/29,0,0,-26000,-26000
2012/03/30,0,0,-3000,-3000
2012/04/02,0,0,0,0
2012/04/03,0,0,0,0
2012/04/04,0,0,0,0
2012/04/05,0,1000,-73481,-72481
2012/04/06,0,0,-277000,-277000
2012/04/09,0,0,-4000,-4000
2012/04/10,0,0,0,0
2012/04/11,0,0,0,0
2012/04/12,0,0,0,0
2012/04/13,0,0,0,0
2012/04/16,0,11000,0,11000
2012/04/17,0,0,0,0
2012/04/18,0,0,0,0
2012/04/19,0,0,0,0
2012/04/20,0,0,-72000,-72000
2012/04/23,0,1000,0,1000
2012/04/24,0,6000,0,6000
2012/04/25,0,0,0,0
2012/04/26,0,127000,0,127000
2012/04/27,0,0,0,0
2012/04/30,0,0,0,0
2012/05/01,0,0,0,0
2012/05/02,0,19000,0,19000
2012/05/03,0,252000,-13988,238012
2012/05/04,0,0,-6000,-6000
2012/05/07,0,0,0,0
2012/05/08,0,127000,0,127000
2012/05/09,0,0,0,0
2012/05/10,0,0,0,0
2012/05/11,0,0,0,0
2012/05/14,0,0,0,0
2012/05/15,0,14000,0,14000
2012/05/16,0,0,-9000,-9000
2012/05/17,0,0,0,0
2012/05/18,0,800000,0,800000
2012/05/21,0,800000,0,800000
2012/05/22,0,800000,0,800000
2012/05/23,0,322000,-4000,318000
2012/05/24,0,0,-70000,-70000
2012/05/25,0,0,-77000,-77000
2012/05/28,0,0,0,0
2012/05/29,0,3000,0,3000
2012/05/30,0,14855,-1000,13855
2012/05/31,0,6000,0,6000
2012/06/01,0,0,0,0
2012/06/04,0,7000,-400000,-393000
2012/06/05,0,5000,0,5000
2012/06/06,0,0,0,0
2012/06/07,0,0,0,0
2012/06/08,0,78000,0,78000
2012/06/11,0,31000,0,31000
2012/06/12,0,208000,0,208000
2012/06/13,0,296000,0,296000
2012/06/14,0,28000,0,28000
2012/06/15,0,7000,0,7000
2012/06/18,0,0,0,0
2012/06/19,0,100000,0,100000
2012/06/20,0,0,0,0
2012/06/21,0,0,-726000,-726000
2012/06/22,0,0,0,0
2012/06/25,0,0,0,0
2012/06/26,0,0,-337861,-337861
2012/06/27,0,0,0,0
2012/06/28,0,100000,-367000,-267000
2012/06/29,0,0,0,0
2012/07/02,0,0,-5000,-5000
2012/07/03,0,345000,0,345000
2012/07/04,0,275275,0,275275
2012/07/05,0,0,-1000,-1000
2012/07/06,0,0,-7000,-7000
2012/07/09,0,0,0,0
2012/07/10,0,0,0,0
2012/07/11,0,0,0,0
2012/07/12,0,0,0,0
2012/07/13,0,220000,0,220000
2012/07/16,0,0,0,0
2012/07/17,0,83000,0,83000
2012/07/18,0,300000,0,300000
2012/07/19,0,530000,0,530000
2012/07/20,0,0,0,0
2012/07/23,0,0,-250000,-250000
2012/07/24,0,0,-483000,-483000
2012/07/25,0,18000,-206000,-188000
2012/07/26,0,10000,0,10000
2012/07/27,0,0,0,0
2012/07/30,0,0,0,0
2012/07/31,0,0,0,0
2012/08/01,0,1000,0,1000
2012/08/02,0,0,0,0
2012/08/03,0,0,0,0
2012/08/06,0,3500,-4000,-500
2012/08/07,0,2000,-108000,-106000
2012/08/08,0,1000,-24000,-23000
2012/08/09,0,49000,-12000,37000
2012/08/10,0,1500,-112000,-110500
2012/08/13,0,0,-148000,-148000
2012/08/14,0,0,-3000,-3000
2012/08/15,0,0,-64000,-64000
2012/08/16,0,0,-7000,-7000
2012/08/17,0,0,-19110,-19110
2012/08/20,0,0,-5000,-5000
2012/08/21,0,0,-2000,-2000
2012/08/22,0,0,-3000,-3000
2012/08/23,0,2500,-2000,500
2012/08/24,0,0,0,0
2012/08/27,0,1000,-4000,-3000
2012/08/28,0,0,-1000,-1000
2012/08/29,0,0,-6000,-6000
2012/08/30,0,0,0,0
2012/08/31,0,7000,-4000,3000
2012/09/03,0,0,-3000,-3000
2012/09/04,0,0,0,0
2012/09/05,0,1000,-3000,-2000
2012/09/06,0,2000,0,2000
2012/09/07,0,2000,-2000,0
2012/09/10,0,0,0,0
2012/09/11,0,0,0,0
2012/09/12,0,1000,0,1000
2012/09/13,0,2500,0,2500
2012/09/14,0,0,0,0
2012/09/17,0,1000,0,1000
2012/09/18,0,0,-68000,-68000
2012/09/19,0,0,-26000,-26000
2012/09/20,0,0,0,0
2012/09/21,0,0,-2000,-2000
2012/09/24,0,1000,0,1000
2012/09/25,0,0,0,0
2012/09/26,0,0,-3000,-3000
2012/09/27,0,100,0,100
2012/09/28,0,2000,0,2000
2012/10/01,0,2000,0,2000
2012/10/02,0,0,0,0
2012/10/03,0,0,0,0
2012/10/04,0,0,0,0
2012/10/05,0,0,-1000,-1000
2012/10/08,0,154000,0,154000
2012/10/09,0,0,0,0
2012/10/10,0,0,0,0
2012/10/11,0,0,0,0
2012/10/12,0,1000,-1000,0
2012/10/15,0,0,0,0
2012/10/16,0,0,0,0
2012/10/17,0,2000,0,2000
2012/10/18,0,123000,0,123000
2012/10/19,0,0,0,0
2012/10/22,0,0,0,0
2012/10/23,0,0,0,0
2012/10/24,0,0,-1000,-1000
2012/10/25,0,0,-85000,-85000
2012/10/26,0,0,-250000,-250000
2012/10/29,0,35014,0,35014
2012/10/30,0,0,-69000,-69000
2012/10/31,0,0,0,0
2012/11/01,0,0,0,0
2012/11/02,0,4000,0,4000
2012/11/05,0,0,0,0
2012/11/06,0,0,0,0
2012/11/07,0,0,-11000,-11000
2012/11/08,0,0,0,0
2012/11/09,0,0,0,0
2012/11/12,0,0,0,0
2012/11/13,0,1000,0,1000
2012/11/14,0,0,0,0
2012/11/15,0,0,0,0
2012/11/16,0,0,0,0
2012/11/19,0,0,0,0
2012/11/20,0,0,0,0
2012/11/21,0,0,0,0
2012/11/22,0,0,-5000,-5000
2012/11/23,0,0,0,0
2012/11/26,0,0,0,0
2012/11/27,0,0,0,0
2012/11/28,0,8000,-5000,3000
2012/11/29,0,0,0,0
2012/11/30,0,0,-1000,-1000
2012/12/03,0,0,0,0
2012/12/04,0,0,-3000,-3000
2012/12/05,0,0,-1000,-1000
2012/12/06,0,0,0,0
2012/12/07,0,0,0,0
2012/12/10,0,0,-10000,-10000
2012/12/11,0,0,0,0
2012/12/12,0,0,0,0
2012/12/13,0,0,-4000,-4000
2012/12/14,0,0,-1000,-1000
2012/12/17,0,200000,0,200000
2012/12/18,0,0,0,0
2012/12/19,0,1466000,0,1466000
2012/12/20,0,610000,-2000,608000
2012/12/21,0,424000,-34500,389500
2012/12/24,0,0,0,0
2012/12/25,0,498000,0,498000
2012/12/26,0,0,-300000,-300000
2012/12/27,0,262000,-150000,112000
2012/12/28,0,263000,-50000,213000
2012/12/31,0,0,0,0
2013/01/01,0,0,0,0
2013/01/02,0,0,0,0
2013/01/03,0,0,-3000,-3000
2013/01/04,0,0,-5000,-5000
2013/01/07,0,0,-4000,-4000
2013/01/08,0,0,-3000,-3000
2013/01/09,0,0,0,0
2013/01/10,0,300000,0,300000
2013/01/11,0,2000,0,2000
2013/01/14,0,300000,0,300000
2013/01/15,0,0,0,0
2013/01/16,0,186000,-5000,181000
2013/01/17,0,480000,-20832,459168
2013/01/18,0,0,0,0
2013/01/21,0,90000,-9000,81000
2013/01/22,0,0,0,0
2013/01/23,0,300000,-3000,297000
2013/01/24,0,152000,-8000,144000
2013/01/25,0,200000,-2000,198000
2013/01/28,0,0,0,0
2013/01/29,0,0,-180000,-180000
2013/01/30,0,0,0,0
2013/01/31,0,129000,-292000,-163000
2013/02/01,0,454000,0,454000
2013/02/04,0,0,-17000,-17000
2013/02/05,0,200000,-180000,20000
2013/02/06,0,178000,-445000,-267000
2013/02/07,0,0,0,0
2013/02/08,0,0,0,0
2013/02/11,0,0,0,0
2013/02/12,0,0,0,0
2013/02/13,0,0,0,0
2013/02/14,0,0,0,0
2013/02/15,0,0,0,0
2013/02/18,0,86000,-300,85700
2013/02/19,0,587000,-510000,77000
2013/02/20,0,0,0,0
2013/02/21,0,0,-5000,-5000
2013/02/22,0,82000,-177000,-95000
2013/02/25,0,44000,-503000,-459000
2013/02/26,0,0,-302000,-302000
2013/02/27,0,0,0,0
2013/02/28,0,0,0,0
2013/03/01,0,225000,0,225000
2013/03/04,0,0,-200000,-200000
2013/03/05,0,105000,0,105000
2013/03/06,0,0,-502000,-502000
2013/03/07,0,0,-1587000,-1587000
2013/03/08,0,0,-454000,-454000
2013/03/11,0,0,-4000,-4000
2013/03/12,0,0,0,0
2013/03/13,0,793000,-103000,690000
2013/03/14,0,0,-3000,-3000
2013/03/15,0,1000,-8000,-7000
2013/03/18,0,0,-5000,-5000
2013/03/19,0,0,0,0
2013/03/20,0,10000,-2000,8000
2013/03/21,0,37000,0,37000
2013/03/22,0,0,-2000,-2000
2013/03/25,0,0,0,0
2013/03/26,0,0,0,0
2013/03/27,0,0,-24000,-24000
2013/03/28,0,0,0,0
2013/03/29,0,0,0,0
2013/04/01,0,0,-2000,-2000
2013/04/02,0,0,0,0
2013/04/03,0,0,0,0
2013/04/04,0,0,0,0
2013/04/05,0,0,0,0
2013/04/08,0,0,0,0
2013/04/09,0,0,0,0
2013/04/10,0,0,0,0
2013/04/11,0,0,0,0
2013/04/12,0,680000,-3000,677000
2013/04/15,0,0,-20000,-20000
2013/04/16,0,6000,0,6000
2013/04/17,0,500000,-20000,480000
2013/04/18,0,174000,0,174000
2013/04/19,0,7987,0,7987
2013/04/22,0,0,-2000,-2000
2013/04/23,0,0,-4000,-4000
2013/04/24,0,0,-1000,-1000
2013/04/25,0,0,-7000,-7000
2013/04/26,0,0,-5000,-5000
2013/04/29,0,0,-2000,-2000
2013/04/30,0,0,0,0
2013/05/01,0,0,0,0
2013/05/02,0,63000,0,63000
2013/05/03,0,0,-10000,-10000
2013/05/06,0,0,-5000,-5000
2013/05/07,0,0,-137000,-137000
2013/05/08,0,0,0,0
2013/05/09,0,0,-1000,-1000
2013/05/10,0,0,-32000,-32000
2013/05/13,0,0,-7000,-7000
2013/05/14,0,0,-13000,-13000
2013/05/15,0,0,0,0
2013/05/16,0,0,0,0
2013/05/17,0,0,0,0
2013/05/20,0,0,-3000,-3000
2013/05/21,0,0,-380000,-380000
2013/05/22,0,0,-675000,-675000
2013/05/23,0,0,-140000,-140000
2013/05/24,0,0,-9000,-9000
2013/05/27,0,0,-1000,-1000
2013/05/28,0,0,0,0
2013/05/29,0,0,-2000,-2000
2013/05/30,0,4000,0,4000
2013/05/31,0,60000,0,60000
2013/06/03,0,75000,0,75000
2013/06/04,0,0,0,0
2013/06/05,0,11000,0,11000
2013/06/06,0,0,0,0
2013/06/07,0,48000,0,48000
2013/06/10,0,0,0,0
2013/06/11,0,0,-26000,-26000
2013/06/12,0,0,0,0
2013/06/13,0,413000,-24000,389000
2013/06/14,0,255000,0,255000
2013/06/17,0,26000,0,26000
2013/06/18,0,54000,-1000,53000
2013/06/19,0,21000,0,21000
2013/06/20,0,19000,0,19000
2013/06/21,0,209000,-61000,148000
2013/06/24,0,1000,-326000,-325000
2013/06/25,0,60000,0,60000
2013/06/26,0,342000,-4000,338000
2013/06/27,0,300000,0,300000
2013/06/28,0,346000,0,346000
2013/07/01,0,0,-3000,-3000
2013/07/02,0,0,0,0
2013/07/03,0,0,0,0
2013/07/04,0,0,0,0
2013/07/05,0,0,-86000,-86000
2013/07/08,0,0,0,0
2013/07/09,0,300000,0,300000
2013/07/10,0,0,0,0
2013/07/11,0,100000,-61210,38790
2013/07/12,0,0,-6000,-6000
2013/07/15,0,519000,0,519000
2013/07/16,0,362000,0,362000
2013/07/17,0,481000,0,481000
2013/07/18,0,348000,-2000,346000
2013/07/19,0,1272000,0,1272000
2013/07/22,0,1500000,0,1500000
2013/07/23,0,1000,0,1000
2013/07/24,0,0,-1000,-1000
2013/07/25,0,1000000,0,1000000
2013/07/26,0,167000,0,167000
2013/07/29,0,1500000,0,1500000
2013/07/30,0,1161000,-4000,1157000
2013/07/31,0,0,-437000,-437000
2013/08/01,0,0,-500000,-500000
2013/08/02,0,354000,0,354000
2013/08/05,0,0,-100000,-100000
2013/08/06,0,0,-100000,-100000
2013/08/07,0,0,0,0
2013/08/08,0,0,0,0
2013/08/09,0,148000,0,148000
2013/08/12,0,0,0,0
2013/08/13,0,0,0,0
2013/08/14,0,1000,0,1000
2013/08/15,0,0,-1000,-1000
2013/08/16,0,302000,-113000,189000
2013/08/19,0,1003000,-24000,979000
2013/08/20,0,1000,0,1000
2013/08/21,0,0,0,0
2013/08/22,0,3000,0,3000
2013/08/23,0,6000,0,6000
2013/08/26,0,9000,0,9000
2013/08/27,0,0,-641000,-641000
2013/08/28,0,5000,-450000,-445000
2013/08/29,0,0,0,0
2013/08/30,0,21000,-45000,-24000
2013/09/02,0,0,-22000,-22000
2013/09/03,0,15868,0,15868
2013/09/04,0,0,0,0
2013/09/05,0,0,0,0
2013/09/06,0,3000,0,3000
2013/09/09,0,0,-281000,-281000
2013/09/10,0,177000,0,177000
2013/09/11,0,10000,0,10000
2013/09/12,0,52000,0,52000
2013/09/13,0,44000,-235000,-191000
2013/09/16,0,2000,-173000,-171000
2013/09/17,0,0,0,0
2013/09/18,0,7000,-60000,-53000
2013/09/19,0,0,0,0
2013/09/20,0,0,0,0
2013/09/23,0,0,0,0
2013/09/24,0,0,0,0
2013/09/25,0,0,0,0
2013/09/26,0,1000,0,1000
2013/09/27,0,1000,-381000,-380000
2013/09/30,0,1000,-688000,-687000
2013/10/01,0,101000,0,101000
2013/10/02,0,65000,-5000,60000
2013/10/03,0,131000,0,131000
2013/10/04,0,0,0,0
2013/10/07,0,1000,-2000,-1000
2013/10/08,0,0,0,0
2013/10/09,0,0,0,0
2013/10/10,0,0,0,0
2013/10/11,0,0,0,0
2013/10/14,0,0,0,0
2013/10/15,0,0,0,0
2013/10/16,0,0,-75000,-75000
2013/10/17,0,400000,0,400000
2013/10/18,0,0,0,0
2013/10/21,0,0,0,0
2013/10/22,0,0,-12000,-12000
2013/10/23,0,0,-1000,-1000
2013/10/24,0,0,0,0
2013/10/25,0,0,-109000,-109000
2013/10/28,0,0,0,0
2013/10/29,0,0,-91000,-91000
2013/10/30,0,0,-332000,-332000
2013/10/31,0,0,-420000,-420000
2013/11/01,0,0,-213000,-213000
2013/11/04,0,0,-879000,-879000
2013/11/05,0,0,-176000,-176000
2013/11/06,0,0,-330000,-330000
2013/11/07,0,200000,0,200000
2013/11/08,0,0,0,0
2013/11/11,0,0,0,0
2013/11/12,0,300000,0,300000
2013/11/13,0,112000,0,112000
2013/11/14,0,0,0,0
2013/11/15,0,0,0,0
2013/11/18,0,0,-136000,-136000
2013/11/19,0,0,0,0
2013/11/20,0,0,0,0
2013/11/21,0,105000,-6000,99000
2013/11/22,0,0,0,0
2013/11/25,0,0,-3305,-3305
2013/11/26,0,1000,0,1000
2013/11/27,0,0,0,0
2013/11/28,0,0,0,0
2013/11/29,0,0,0,0
2013/12/02,0,0,0,0
2013/12/03,0,0,0,0
2013/12/04,0,0,-302000,-302000
2013/12/05,0,0,0,0
2013/12/06,0,0,0,0
2013/12/09,0,0,0,0
2013/12/10,0,0,0,0
2013/12/11,0,0,-88000,-88000
2013/12/12,0,52000,0,52000
2013/12/13,0,51000,0,51000
2013/12/16,0,52000,-45000,7000
2013/12/17,0,54000,-2000,52000
2013/12/18,0,48000,0,48000
2013/12/19,0,0,0,0
2013/12/20,0,14000,0,14000
2013/12/23,0,0,0,0
2013/12/24,0,65000,-7000,58000
2013/12/25,0,160000,-7000,153000
2013/12/26,0,0,-2000,-2000
2013/12/27,0,4000,0,4000
2013/12/30,0,0,-2000,-2000
2013/12/31,0,0,-2000,-2000
2014/01/02,0,0,-4000,-4000
2014/01/03,0,0,-1000,-1000
2014/01/06,0,0,-1000,-1000
2014/01/07,0,0,0,0
2014/01/08,0,1000,0,1000
2014/01/09,0,0,0,0
2014/01/10,0,0,0,0
2014/01/13,0,0,0,0
2014/01/14,0,1000,-1000,0
2014/01/15,0,4000,-1000,3000
2014/01/16,0,0,-60000,-60000
2014/01/17,0,0,-1000,-1000
2014/01/20,0,0,-35000,-35000
2014/01/21,0,0,-2000,-2000
2014/01/22,0,50000,-1000,49000
2014/01/23,0,0,0,0
2014/01/24,0,0,-1000,-1000
2014/01/27,0,0,-1000,-1000
2014/02/05,0,50000,0,50000
2014/02/06,0,0,0,0
2014/02/07,0,0,0,0
2014/02/10,0,0,-35000,-35000
2014/02/11,0,0,-1000,-1000
2014/02/12,0,0,0,0
2014/02/13,0,0,-5143,-5143
2014/02/14,0,0,0,0
2014/02/17,0,113000,0,113000
2014/02/18,0,0,-20000,-20000
2014/02/19,0,1000,-220000,-219000
2014/02/20,0,0,-358000,-358000
2014/02/21,0,0,0,0
2014/02/24,0,0,-113000,-113000
2014/02/25,0,0,0,0
2014/02/26,0,421000,-155000,266000
2014/02/27,0,175000,0,175000
2014/03/03,0,20000,-2000,18000
2014/03/04,0,0,0,0
2014/03/05,0,800000,0,800000
2014/03/06,0,0,-3000,-3000
2014/03/07,0,0,-1000,-1000
2014/03/10,0,0,-3000,-3000
2014/03/11,0,0,-2000,-2000
2014/03/12,0,0,-1000,-1000
2014/03/13,0,0,-64000,-64000
2014/03/14,0,1000,-1000,0
2014/03/17,0,0,-1000,-1000
2014/03/18,0,0,0,0
2014/03/19,0,0,0,0
2014/03/20,0,0,0,0
2014/03/21,0,250000,-9000,241000
2014/03/24,0,0,-1000,-1000
2014/03/25,0,0,0,0
2014/03/26,0,0,0,0
2014/03/27,0,0,0,0
2014/03/28,0,0,-1000,-1000
2014/03/31,0,500000,-176000,324000
2014/04/01,0,0,-16000,-16000
2014/04/02,0,0,-184082,-184082
2014/04/03,0,0,-25000,-25000
2014/04/07,0,0,-2000,-2000
2014/04/08,0,0,-204000,-204000
2014/04/09,0,0,0,0
2014/04/10,0,8262,0,8262
2014/04/11,0,0,0,0
2014/04/14,0,0,-110000,-110000
2014/04/15,0,0,0,0
2014/04/16,0,0,0,0
2014/04/17,0,0,-1000,-1000
2014/04/18,0,0,-138000,-138000
2014/04/21,0,0,-39000,-39000
2014/04/22,0,0,-59000,-59000
2014/04/23,0,0,0,0
2014/04/24,0,0,-297000,-297000
2014/04/25,0,0,-66000,-66000
2014/04/28,0,0,-25000,-25000
2014/04/29,0,0,0,0
2014/04/30,0,1000,-1000,0
2014/05/02,0,0,0,0
2014/05/05,0,0,0,0
2014/05/06,0,0,-500000,-500000
2014/05/07,0,0,-200000,-200000
2014/05/08,0,0,0,0
2014/05/09,0,0,-301000,-301000
2014/05/12,0,0,0,0
2014/05/13,0,0,0,0
2014/05/14,0,0,0,0
2014/05/15,0,0,-700000,-700000
2014/05/16,0,0,0,0
2014/05/19,0,0,-1000,-1000
2014/05/20,0,0,0,0
2014/05/21,0,0,0,0
2014/05/22,0,0,0,0
2014/05/23,0,0,0,0
2014/05/26,0,0,-33000,-33000
2014/05/27,0,0,-30000,-30000
2014/05/28,0,0,0,0
2014/05/29,0,0,-506000,-506000
2014/05/30,0,3000,-1000,2000
2014/06/03,0,0,0,0
2014/06/04,0,0,0,0
2014/06/05,0,0,-200000,-200000
2014/06/06,0,0,-50000,-50000
2014/06/09,0,0,0,0
2014/06/10,0,0,-6000,-6000
2014/06/11,0,0,-8000,-8000
2014/06/12,0,0,-9000,-9000
2014/06/13,0,0,-407000,-407000
2014/06/16,0,0,-501000,-501000
2014/06/17,0,0,-300000,-300000
2014/06/18,0,1000,-79000,-78000
2014/06/19,0,0,0,0
2014/06/20,0,8000,-55000,-47000
2014/06/23,0,0,-335000,-335000
2014/06/24,0,0,-3000,-3000
2014/06/25,0,0,-138000,-138000
2014/06/26,0,0,-180000,-180000
2014/06/27,0,0,-200000,-200000
2014/06/30,0,0,-313000,-313000
2014/07/01,0,62000,0,62000
2014/07/02,0,0,-5548,-5548
2014/07/03,0,0,-200000,-200000
2014/07/04,0,0,0,0
2014/07/07,0,0,-300000,-300000
2014/07/08,0,0,-1002000,-1002000
2014/07/09,0,0,0,0
2014/07/10,0,0,0,0
2014/07/11,0,0,0,0
2014/07/14,0,0,0,0
2014/07/15,0,0,-79000,-79000
2014/07/16,0,0,0,0
2014/07/17,0,12000,0,12000
2014/07/18,0,0,0,0
2014/07/21,0,0,-45000,-45000
2014/07/22,0,10000,0,10000
2014/07/23,0,0,0,0
2014/07/24,0,4000,0,4000
2014/07/25,0,1303000,0,1303000
2014/07/28,0,846000,0,846000
2014/07/29,0,842000,0,842000
2014/07/30,0,1741000,0,1741000
2014/07/31,0,20000,0,20000
2014/08/01,0,14000,0,14000
2014/08/04,0,110000,0,110000
2014/08/05,0,0,0,0
2014/08/06,0,4000,0,4000
2014/08/07,0,20000,0,20000
2014/08/08,0,25000,0,25000
2014/08/11,0,9000,0,9000
2014/08/12,0,139000,0,139000
2014/08/13,0,0,0,0
2014/08/14,0,13000,0,13000
2014/08/15,0,4000,0,4000
2014/08/18,0,0,-142000,-142000
2014/08/19,0,5000,0,5000
2014/08/20,0,0,0,0
2014/08/21,0,193000,0,193000
2014/08/22,0,0,0,0
2014/08/25,0,0,0,0
2014/08/26,0,0,-246000,-246000
2014/08/27,0,1000,0,1000
2014/08/28,0,16000,0,16000
2014/08/29,0,4000,0,4000
2014/09/01,0,0,0,0
2014/09/02,0,0,0,0
2014/09/03,0,8000,0,8000
2014/09/04,0,59000,0,59000
2014/09/05,0,9000,0,9000
2014/09/09,0,0,-131000,-131000
2014/09/10,0,0,0,0
2014/09/11,0,15000,-579000,-564000
2014/09/12,0,13000,-578000,-565000
2014/09/15,0,0,-1000,-1000
2014/09/16,0,0,-1000,-1000
2014/09/17,0,227000,0,227000
2014/09/18,0,0,-300000,-300000
2014/09/19,0,1000,-500000,-499000
2014/09/22,0,15913,0,15913
2014/09/23,0,0,-12000,-12000
2014/09/24,0,0,0,0
2014/09/25,0,0,0,0
2014/09/26,0,0,-368000,-368000
2014/09/29,0,0,0,0
2014/09/30,0,30000,-475000,-445000
2014/10/01,0,250000,-8000,242000
2014/10/02,0,52000,-8000,44000
2014/10/03,0,100000,0,100000
2014/10/06,0,14000,0,14000
2014/10/07,0,5000,0,5000
2014/10/08,0,1000,0,1000
2014/10/09,0,0,-1000,-1000
2014/10/13,0,0,0,0
2014/10/14,0,0,-35000,-35000
2014/10/15,0,0,0,0
2014/10/16,0,520000,0,520000
2014/10/17,0,500000,0,500000
2014/10/20,0,0,0,0
2014/10/21,0,502000,0,502000
2014/10/22,0,400000,0,400000
2014/10/23,0,1000,0,1000
2014/10/24,0,20000,0,20000
2014/10/27,0,0,0,0
2014/10/28,0,18000,0,18000
2014/10/29,0,301000,0,301000
2014/10/30,0,0,0,0
2014/10/31,0,72000,0,72000
2014/11/03,0,0,-1000,-1000
2014/11/04,0,3000,0,3000
2014/11/05,0,0,0,0
2014/11/06,0,0,0,0
2014/11/07,0,0,0,0
2014/11/10,0,0,0,0
2014/11/11,0,15000,-163000,-148000
2014/11/12,0,7000,0,7000
2014/11/13,0,0,0,0
2014/11/14,0,0,0,0
2014/11/17,0,0,0,0
2014/11/18,0,0,0,0
2014/11/19,0,0,0,0
2014/11/20,0,2000,0,2000
2014/11/21,0,0,0,0
2014/11/24,0,0,0,0
2014/11/25,0,0,0,0
2014/11/26,0,0,0,0
2014/11/27,0,0,0,0
2014/11/28,0,0,0,0
2014/12/01,0,0,0,0
2014/12/02,0,0,-250000,-250000
2014/12/03,0,0,-1000,-1000
2014/12/04,0,140000,0,140000
2014/12/05,0,0,-101000,-101000
2014/12/08,0,0,0,0
2014/12/09,0,0,0,0
2014/12/10,0,0,-17000,-17000
2014/12/11,0,0,-117592,-117592
2014/12/12,0,0,0,0
2014/12/15,0,0,-100000,-100000
2014/12/16,0,0,-105000,-105000
2014/12/17,0,0,-685000,-685000
2014/12/18,0,0,-1015000,-1015000
2014/12/19,0,0,-10000,-10000
2014/12/22,0,0,-135000,-135000
2014/12/23,0,0,0,0
2014/12/24,0,0,0,0
2014/12/25,0,0,-100000,-100000
2014/12/26,0,0,0,0
2014/12/29,0,0,0,0
2014/12/30,0,0,-190000,-190000
2014/12/31,0,0,-61000,-61000
2015/01/01,0,0,0,0
2015/01/02,0,0,0,0
2015/01/05,0,0,0,0
2015/01/06,0,0,-500000,-500000
2015/01/07,0,0,-500000,-500000
2015/01/08,0,0,-71000,-71000
2015/01/09,0,0,-35000,-35000
2015/01/12,0,0,0,0
2015/01/13,0,0,0,0
2015/01/14,0,0,0,0
2015/01/15,0,0,0,0
2015/01/16,0,0,0,0
2015/01/19,0,0,0,0
2015/01/20,0,0,-50000,-50000
2015/01/21,0,0,-120000,-120000
2015/01/22,0,0,-4000,-4000
2015/01/23,0,0,0,0
2015/01/26,0,0,0,0
2015/01/27,0,0,0,0
2015/01/28,0,0,-63000,-63000
2015/01/29,0,0,0,0
2015/01/30,0,0,-2000,-2000
2015/02/02,0,0,0,0
2015/02/03,0,0,0,0
2015/02/04,0,0,0,0
2015/02/05,0,0,0,0
2015/02/06,0,0,0,0
2015/02/09,0,0,-58000,-58000
2015/02/10,0,0,0,0
2015/02/11,0,0,0,0
2015/02/12,0,0,-890000,-890000
2015/02/13,0,0,-792000,-792000
2015/02/16,0,0,0,0
2015/02/17,0,0,0,0
2015/02/18,0,0,0,0
2015/02/19,0,0,0,0
2015/02/20,0,0,0,0
2015/02/23,0,0,0,0
2015/02/24,0,0,0,0
2015/02/25,0,0,0,0
2015/02/26,0,0,-661000,-661000
2015/02/27,0,0,0,0
2015/03/02,0,200000,0,200000
2015/03/03,0,0,0,0
2015/03/04,0,203000,-4000,199000
2015/03/05,0,0,-3000,-3000
2015/03/06,0,0,-84000,-84000
2015/03/09,0,0,-1000,-1000
2015/03/10,0,0,0,0
2015/03/11,0,0,-76000,-76000
2015/03/12,0,2492,-145000,-142508
2015/03/13,0,0,-27000,-27000
2015/03/16,0,0,-70000,-70000
2015/03/17,0,0,0,0
2015/03/18,0,0,0,0
2015/03/19,0,0,0,0
2015/03/20,0,201000,0,201000
2015/03/23,0,0,0,0
2015/03/24,0,0,0,0
2015/03/25,0,100000,0,100000
2015/03/26,0,0,0,0
2015/03/27,0,0,-70000,-70000
2015/03/30,0,0,0,0
2015/03/31,0,0,0,0
2015/04/01,0,0,0,0
2015/04/02,0,0,-218000,-218000
2015/04/03,0,0,0,0
2015/04/06,0,0,0,0
2015/04/07,0,0,0,0
2015/04/08,0,0,0,0
2015/04/09,0,0,0,0
2015/04/10,0,0,0,0
2015/04/13,0,0,-226000,-226000
2015/04/14,0,0,0,0
2015/04/15,0,0,-1000,-1000
2015/04/16,0,0,0,0
2015/04/17,0,0,0,0
2015/04/20,0,0,0,0
2015/04/21,0,0,-150000,-150000
2015/04/22,0,0,-10000,-10000
2015/04/23,0,0,-360000,-360000
2015/04/24,0,0,-202000,-202000
2015/04/27,0,0,0,0
2015/04/28,0,0,0,0
2015/04/29,0,0,-2000,-2000
2015/04/30,0,0,0,0
2015/05/01,0,0,0,0
2015/05/04,0,0,-178000,-178000
2015/05/05,0,0,0,0
2015/05/06,0,0,-140000,-140000
2015/05/07,0,0,0,0
2015/05/08,0,0,0,0
2015/05/11,0,0,0,0
2015/05/12,0,0,0,0
2015/05/13,0,0,0,0
2015/05/14,0,0,0,0
2015/05/15,0,0,0,0
2015/05/18,0,0,0,0
2015/05/19,0,0,0,0
2015/05/20,0,0,0,0
2015/05/21,0,0,0,0
2015/05/22,0,0,0,0
2015/05/25,0,0,0,0
2015/05/26,0,0,0,0
2015/05/27,0,0,0,0
2015/05/28,0,13000,0,13000
2015/05/29,0,0,0,0
2015/06/01,0,0,-1500000,-1500000
2015/06/02,0,0,-3000,-3000
2015/06/03,0,0,-245000,-245000
2015/06/04,0,1000,-1376,-376
2015/06/05,0,0,-1000,-1000
2015/06/08,0,0,0,0
2015/06/09,0,0,0,0
2015/06/10,0,0,0,0
2015/06/11,0,0,0,0
2015/06/12,0,0,-3000,-3000
2015/06/15,0,0,-1081000,-1081000
2015/06/16,0,0,-2252000,-2252000
2015/06/17,0,1000000,-1581000,-581000
2015/06/18,0,0,-3000,-3000
2015/06/19,0,0,0,0
2015/06/22,0,0,-13000,-13000
2015/06/23,0,200000,0,200000
2015/06/24,0,0,0,0
2015/06/25,0,400000,0,400000
2015/06/26,0,0,0,0
2015/06/29,0,0,-1000,-1000
2015/06/30,0,0,0,0
2015/07/01,0,0,0,0
2015/07/02,0,0,0,0
2015/07/03,0,0,0,0
2015/07/06,0,0,0,0
2015/07/07,0,170000,0,170000
2015/07/08,0,0,0,0
2015/07/09,0,0,-4000,-4000
2015/07/10,0,0,0,0
2015/07/13,0,0,0,0
2015/07/14,0,0,0,0
2015/07/15,0,10000,0,10000
2015/07/16,0,210000,0,210000
2015/07/17,0,20000,0,20000
2015/07/20,0,0,0,0
2015/07/21,0,1000,0,1000
2015/07/22,0,0,0,0
2015/07/23,0,1000,0,1000
2015/07/24,0,38000,0,38000
2015/07/27,0,0,0,0
2015/07/28,0,519000,0,519000
2015/07/29,0,4000,0,4000
2015/07/30,0,3000,0,3000
2015/07/31,0,2000,0,2000
2015/08/03,0,7000,0,7000
2015/08/04,0,3000,0,3000
2015/08/05,0,0,0,0
2015/08/06,0,7000,0,7000
2015/08/07,0,2000,0,2000
2015/08/10,0,2000,0,2000
2015/08/11,0,2000,0,2000
2015/08/12,0,0,0,0
2015/08/13,0,5000,0,5000
2015/08/14,0,0,0,0
2015/08/17,0,2000,0,2000
2015/08/18,0,0,0,0
2015/08/19,0,1000,0,1000
2015/08/20,0,2000,0,2000
2015/08/21,0,0,0,0
2015/08/24,0,0,0,0
2015/08/25,0,190000,-1714,188286
2015/08/26,0,0,0,0
2015/08/27,0,0,0,0
2015/08/28,0,0,0,0
2015/08/31,0,0,-13000,-13000
2015/09/01,0,22000,-12000,10000
2015/09/02,0,0,0,0
2015/09/03,0,20000,0,20000
2015/09/04,0,0,-2000,-2000
2015/09/07,0,12000,0,12000
2015/09/08,0,7000,0,7000
2015/09/09,0,1000,0,1000
2015/09/10,0,0,0,0
2015/09/11,0,6000,0,6000
2015/09/14,0,3000,0,3000
2015/09/15,0,4000,0,4000
2015/09/16,0,0,0,0
2015/09/17,0,0,0,0
2015/09/18,0,0,-2000,-2000
2015/09/21,0,71000,0,71000
2015/09/22,0,2443,0,2443
2015/09/23,0,0,0,0
2015/09/24,0,0,0,0
2015/09/25,0,0,0,0
2015/09/28,0,0,0,0
2015/09/29,0,0,0,0
2015/09/30,0,0,0,0
2015/10/01,0,4000,-1000,3000
2015/10/02,0,16000,0,16000
2015/10/05,0,0,0,0
2015/10/06,0,0,0,0
2015/10/07,0,2000,0,2000
2015/10/08,0,0,0,0
2015/10/09,0,0,0,0
2015/10/12,0,0,0,0
2015/10/13,0,0,0,0
2015/10/14,0,0,0,0
2015/10/15,0,0,0,0
2015/10/16,0,4000,0,4000
2015/10/19,0,0,0,0
2015/10/20,0,0,-810000,-810000
2015/10/21,0,0,0,0
2015/10/22,0,0,0,0
2015/10/23,0,0,0,0
2015/10/26,0,0,0,0
2015/10/27,0,523000,0,523000
2015/10/28,0,0,-400000,-400000
2015/10/29,0,0,0,0
2015/10/30,0,0,0,0
2015/11/02,0,0,0,0
2015/11/03,0,4000,0,4000
2015/11/04,0,18000,0,18000
2015/11/05,0,0,0,0
2015/11/06,0,0,0,0
2015/11/09,0,0,0,0
2015/11/10,0,0,0,0
2015/11/11,0,0,0,0
2015/11/12,0,0,0,0
2015/11/13,0,0,0,0
2015/11/16,0,0,-300000,-300000
2015/11/17,0,0,-660000,-660000
2015/11/18,0,1000,0,1000
2015/11/19,0,0,0,0
2015/11/20,0,0,0,0
2015/11/23,0,0,-1000,-1000
2015/11/24,0,0,0,0
2015/11/25,0,0,0,0
2015/11/26,0,0,0,0
2015/11/27,0,0,0,0
2015/11/30,0,0,0,0
2015/12/01,0,0,0,0
2015/12/02,0,0,0,0
2015/12/03,0,150000,0,150000
2015/12/04,0,80000,0,80000
2015/12/07,0,0,0,0
2015/12/08,0,117000,0,117000
2015/12/09,0,153000,0,153000
2015/12/10,0,0,0,0
2015/12/11,0,0,0,0
2015/12/14,0,0,-1253,-1253
2015/12/15,0,0,0,0
2015/12/16,0,0,-1000,-1000
2015/12/17,0,0,0,0
2015/12/18,0,0,0,0
2015/12/21,0,0,0,0
2015/12/22,0,0,0,0
2015/12/23,0,0,0,0
2015/12/24,0,0,0,0
2015/12/25,0,0,0,0
2015/12/28,0,16000,0,16000
2015/12/29,0,10000,0,10000
2015/12/30,0,0,0,0
2015/12/31,0,0,0,0
2016/01/01,0,0,0,0
2016/01/04,0,285000,0,285000
2016/01/05,0,343000,-2000,341000
2016/01/06,0,0,0,0
2016/01/07,0,0,0,0
2016/01/08,0,0,-523000,-523000
2016/01/11,0,0,0,0
2016/01/12,0,0,-1000,-1000
2016/01/13,0,0,0,0
2016/01/14,0,0,0,0
2016/01/15,0,0,-13000,-13000
2016/01/18,0,0,0,0
2016/01/19,0,0,0,0
2016/01/20,0,0,-513000,-513000
2016/01/21,0,0,0,0
2016/01/22,0,0,-400000,-400000
2016/01/25,0,0,-370000,-370000
2016/01/26,0,0,0,0
2016/01/27,0,0,0,0
2016/01/28,0,0,0,0
2016/01/29,0,1000,0,1000
2016/02/01,0,0,0,0
2016/02/02,0,0,0,0
2016/02/03,0,0,0,0
2016/02/04,0,0,0,0
2016/02/05,0,0,0,0
2016/02/08,0,0,0,0
2016/02/09,0,0,0,0
2016/02/10,0,0,0,0
2016/02/11,0,0,0,0
2016/02/12,0,0,0,0
2016/02/15,0,1254,0,1254
2016/02/16,0,0,0,0
2016/02/17,0,0,0,0
2016/02/18,0,0,0,0
2016/02/19,0,0,-198000,-198000
2016/02/22,0,0,0,0
2016/02/23,0,0,-72000,-72000
2016/02/24,0,0,0,0
2016/02/25,0,0,0,0
2016/02/26,0,0,0,0
2016/02/29,0,0,0,0
2016/03/01,0,0,0,0
2016/03/02,0,0,-10165,-10165
2016/03/03,0,0,0,0
2016/03/04,0,0,0,0
2016/03/07,0,0,0,0
2016/03/08,0,0,0,0
2016/03/09,0,0,0,0
2016/03/10,0,0,0,0
2016/03/11,0,0,0,0
2016/03/14,0,0,0,0
2016/03/15,0,0,-1000,-1000
2016/03/16,0,1000,0,1000
2016/03/17,0,0,0,0
2016/03/18,0,0,0,0
2016/03/21,0,0,0,0
2016/03/22,0,0,0,0
2016/03/23,0,0,0,0
2016/03/24,0,0,0,0
2016/03/25,0,0,0,0
2016/03/28,0,0,0,0
2016/03/29,0,0,0,0
2016/03/30,0,0,0,0
2016/03/31,0,0,0,0
2016/04/01,0,0,0,0
2016/04/04,0,0,0,0
2016/04/05,0,0,0,0
2016/04/06,0,0,0,0
2016/04/07,0,0,0,0
2016/04/08,0,370000,0,370000
2016/04/11,0,0,0,0
2016/04/12,0,67000,0,67000
2016/04/13,0,43000,0,43000
2016/04/14,0,0,0,0
2016/04/15,0,0,-145000,-145000
2016/04/18,0,0,0,0
2016/04/19,0,0,0,0
2016/04/20,0,0,-1000,-1000
2016/04/21,0,0,0,0
2016/04/22,0,0,0,0
2016/04/25,0,0,0,0
2016/04/26,0,0,0,0
2016/04/27,0,406000,0,406000
2016/04/28,0,536000,0,536000
2016/04/29,0,268000,0,268000
2016/05/02,0,0,0,0
2016/05/03,0,0,0,0
2016/05/04,0,309000,0,309000
2016/05/05,0,638000,0,638000
2016/05/06,0,0,0,0
2016/05/09,0,0,0,0
2016/05/10,0,90000,-1409,88591
2016/05/11,0,0,-53000,-53000
2016/05/12,0,0,0,0
2016/05/13,0,0,0,0
2016/05/16,0,0,-50000,-50000
2016/05/17,0,0,-50000,-50000
2016/05/18,0,57000,0,57000
2016/05/19,0,39000,0,39000
2016/05/20,0,0,0,0
2016/05/23,0,0,0,0
2016/05/24,0,0,0,0
2016/05/25,0,0,0,0
2016/05/26,0,0,0,0
2016/05/27,0,0,0,0
2016/05/30,0,0,0,0
2016/05/31,0,0,-2000,-2000
2016/06/01,0,43000,0,43000
2016/06/02,0,16000,0,16000
2016/06/03,0,0,0,0
2016/06/06,0,10000,0,10000
2016/06/07,0,0,0,0
2016/06/08,0,0,0,0
2016/06/09,0,0,0,0
2016/06/10,0,0,0,0
2016/06/13,0,21000,0,21000
2016/06/14,0,0,0,0
2016/06/15,0,17000,0,17000
2016/06/16,0,0,0,0
2016/06/17,0,8000,0,8000
2016/06/20,0,0,0,0
2016/06/21,0,0,0,0
2016/06/22,0,0,0,0
2016/06/23,0,0,0,0
2016/06/24,0,200000,0,200000
2016/06/27,0,0,-1000,-1000
2016/06/28,0,1000,0,1000
2016/06/29,0,200000,0,200000
2016/06/30,0,300000,0,300000
2016/07/01,0,0,0,0
2016/07/04,0,0,0,0
2016/07/05,0,0,0,0
2016/07/06,0,300000,0,300000
2016/07/07,0,0,0,0
2016/07/08,0,0,0,0
2016/07/11,0,0,0,0
2016/07/12,0,0,0,0
2016/07/13,0,0,0,0
2016/07/14,0,1000,0,1000
2016/07/15,0,440000,0,440000
2016/07/18,0,0,0,0
2016/07/19,0,0,-1000,-1000
2016/07/20,0,0,-1000,-1000
2016/07/21,0,1000,-4000,-3000
2016/07/22,0,0,-2000,-2000
2016/07/25,0,0,0,0
2016/07/26,0,0,0,0
2016/07/27,0,0,0,0
2016/07/28,0,0,0,0
2016/07/29,0,0,-1298,-1298
2016/08/01,0,0,0,0
2016/08/02,0,0,-2000,-2000
2016/08/03,0,0,-1000,-1000
2016/08/04,0,0,-1000,-1000
2016/08/05,0,0,0,0
2016/08/08,0,0,-2000,-2000
2016/08/09,0,1000,0,1000
2016/08/10,0,0,0,0
2016/08/11,0,1000,0,1000
2016/08/12,0,0,-1000,-1000
2016/08/15,0,0,0,0
2016/08/16,0,0,-39000,-39000
2016/08/17,0,0,-28000,-28000
2016/08/18,0,0,-59000,-59000
2016/08/19,0,0,-62000,-62000
2016/08/22,0,0,-76000,-76000
2016/08/23,0,0,-64000,-64000
2016/08/24,0,0,-82000,-82000
2016/08/25,0,0,-171000,-171000
2016/08/26,0,1000,-168000,-167000
2016/08/29,0,0,-1000,-1000
2016/08/30,0,0,0,0
2016/08/31,0,0,0,0
2016/09/01,0,0,0,0
2016/09/02,0,0,0,0
2016/09/05,0,0,-200000,-200000
2016/09/06,0,0,-300000,-300000
2016/09/07,0,0,0,0
2016/09/08,0,0,-4000,-4000
2016/09/09,0,0,0,0
2016/09/12,0,0,0,0
2016/09/13,0,0,0,0
2016/09/14,0,0,-1000,-1000
2016/09/15,0,0,0,0
2016/09/16,0,0,0,0
2016/09/19,0,0,0,0
2016/09/20,0,0,0,0
2016/09/21,0,0,0,0
2016/09/22,0,0,0,0
2016/09/23,0,0,0,0
2016/09/26,0,0,0,0
2016/09/27,0,0,0,0
2016/09/28,0,0,0,0
2016/09/29,0,0,0,0
2016/09/30,0,2138,0,2138
2016/10/03,0,0,0,0
2016/10/04,0,0,-500000,-500000
2016/10/05,0,0,0,0
2016/10/06,0,0,0,0
2016/10/07,0,1000,0,1000
2016/10/10,0,0,0,0
2016/10/11,0,1000,0,1000
2016/10/12,0,0,0,0
2016/10/13,0,0,0,0
2016/10/14,0,0,0,0
2016/10/17,0,0,0,0
2016/10/18,0,0,0,0
2016/10/19,0,0,0,0
2016/10/20,0,70000,0,70000
2016/10/21,0,68000,0,68000
2016/10/24,0,0,0,0
2016/10/25,0,0,0,0
2016/10/26,0,0,0,0
2016/10/27,0,0,0,0
2016/10/28,0,0,0,0
2016/10/31,0,0,0,0
2016/11/01,0,0,0,0
2016/11/02,0,0,-516,-516
2016/11/03,0,0,0,0
2016/11/04,0,0,0,0
2016/11/07,0,0,0,0
2016/11/08,0,0,0,0
2016/11/09,0,0,0,0
2016/11/10,0,0,0,0
2016/11/11,0,0,0,0
2016/11/14,0,0,0,0
2016/11/15,0,0,0,0
2016/11/16,0,0,0,0
2016/11/17,0,159000,0,159000
2016/11/18,0,0,0,0
2016/11/21,0,0,0,0
2016/11/22,0,155000,0,155000
2016/11/23,0,117000,0,117000
2016/11/24,0,0,0,0
2016/11/25,0,110000,0,110000
2016/11/28,0,0,0,0
2016/11/29,0,9000,0,9000
2016/11/30,0,0,0,0
2016/12/01,0,14000,0,14000
2016/12/02,0,0,0,0
2016/12/05,0,0,0,0
2016/12/06,0,0,0,0
2016/12/07,0,0,0,0
2016/12/08,0,0,0,0
2016/12/09,0,0,0,0
2016/12/12,0,0,0,0
2016/12/13,0,0,0,0
2016/12/14,0,0,0,0
2016/12/15,0,0,0,0
2016/12/16,0,0,-3000,-3000
2016/12/19,0,0,0,0
2016/12/20,0,0,0,0
2016/12/21,0,0,0,0
2016/12/22,0,0,0,0
2016/12/23,0,0,0,0
2016/12/26,0,0,0,0
2016/12/27,0,0,0,0
2016/12/28,0,0,0,0
2016/12/29,0,0,0,0
2016/12/30,0,0,0,0
2017/01/02,0,0,0,0
2017/01/03,0,0,0,0
2017/01/04,0,0,0,0
2017/01/05,0,0,0,0
2017/01/06,0,0,-9000,-9000
2017/01/09,0,0,0,0
2017/01/10,0,0,0,0
2017/01/11,0,0,0,0
2017/01/12,0,0,0,0
2017/01/13,0,0,0,0
2017/01/16,0,0,0,0
2017/01/17,0,0,0,0
2017/01/18,0,0,0,0
2017/01/19,0,0,0,0
2017/01/20,0,0,0,0
2017/01/23,0,203,0,203
2017/01/24,0,0,0,0
2017/01/25,0,0,0,0
2017/01/26,0,0,0,0
2017/01/27,0,0,0,0
2017/01/30,0,0,0,0
2017/01/31,0,0,0,0
2017/02/01,0,0,0,0
2017/02/02,0,0,0,0
2017/02/03,0,15000,0,15000
2017/02/06,0,0,0,0
2017/02/07,0,0,0,0
2017/02/08,0,0,0,0
2017/02/09,0,0,0,0
2017/02/10,0,0,0,0
2017/02/13,0,0,0,0
2017/02/14,0,0,0,0
2017/02/15,0,0,0,0
2017/02/16,0,0,0,0
2017/02/17,0,0,0,0
2017/02/20,0,0,-450000,-450000
2017/02/21,0,0,0,0
2017/02/22,0,0,0,0
2017/02/23,0,0,0,0
2017/02/24,0,0,0,0
2017/02/27,0,0,0,0
2017/02/28,0,0,0,0
2017/03/01,0,0,0,0
2017/03/02,0,0,0,0
2017/03/03,0,0,0,0
2017/03/06,0,0,0,0
2017/03/07,0,0,0,0
2017/03/08,0,0,0,0
2017/03/09,0,0,0,0
2017/03/10,0,0,0,0
2017/03/13,0,0,0,0
2017/03/14,0,0,0,0
2017/03/15,0,0,0,0
2017/03/16,0,0,0,0
2017/03/17,0,0,-6000,-6000
2017/03/20,0,5000,0,5000
2017/03/21,0,10000,0,10000
2017/03/22,0,0,0,0
2017/03/23,0,0,0,0
2017/03/24,0,0,0,0
2017/03/27,0,0,0,0
2017/03/28,0,200000,0,200000
2017/03/29,0,250000,0,250000
2017/03/30,0,1000000,0,1000000
2017/03/31,0,100000,0,100000
2017/04/03,0,0,0,0
2017/04/04,0,0,0,0
2017/04/05,0,0,-220000,-220000
2017/04/06,0,200000,-220000,-20000
2017/04/07,0,130000,0,130000
2017/04/10,0,0,-380000,-380000
2017/04/11,0,0,0,0
2017/04/12,0,0,-200000,-200000
2017/04/13,0,0,-200000,-200000
2017/04/14,0,0,-6000,-6000
2017/04/17,0,0,0,0
2017/04/18,0,0,0,0
2017/04/19,0,0,0,0
2017/04/20,0,0,0,0
2017/04/21,0,0,0,0
2017/04/24,0,0,0,0
2017/04/25,0,77,-45000,-44923
2017/04/26,0,0,-99000,-99000
2017/04/27,0,0,0,0
2017/04/28,0,0,0,0
2017/05/01,0,0,0,0
2017/05/02,0,0,0,0
2017/05/03,0,0,-33000,-33000
2017/05/04,0,0,0,0
2017/05/05,0,0,-44000,-44000
2017/05/08,0,0,0,0
2017/05/09,0,0,0,0
2017/05/10,0,0,0,0
2017/05/11,0,0,0,0
2017/05/12,0,0,-389000,-389000
2017/05/15,0,0,-162000,-162000
2017/05/16,0,0,0,0
2017/05/17,0,0,0,0
2017/05/18,0,0,0,0
2017/05/19,0,0,0,0
2017/05/22,0,0,0,0
2017/05/23,0,0,-330000,-330000
2017/05/24,0,0,0,0
2017/05/25,0,0,0,0
2017/05/26,0,0,0,0
2017/05/29,0,0,0,0
2017/05/30,0,0,0,0
2017/05/31,0,0,-1000,-1000
2017/06/01,0,0,0,0
2017/06/02,0,0,0,0
2017/06/05,0,0,-14000,-14000
2017/06/06,0,0,-19000,-19000
2017/06/07,0,0,0,0
2017/06/08,0,0,0,0
2017/06/09,0,0,0,0
2017/06/12,0,0,0,0
2017/06/13,0,46000,0,46000
2017/06/14,0,0,0,0
2017/06/15,0,0,0,0
2017/06/16,0,1000,-46000,-45000
2017/06/19,0,0,0,0
2017/06/20,0,1000,0,1000
2017/06/21,0,0,0,0
2017/06/22,0,0,0,0
2017/06/23,0,0,0,0
2017/06/26,0,0,0,0
2017/06/27,0,0,0,0
2017/06/28,0,0,0,0
2017/06/29,0,0,0,0
2017/06/30,0,0,0,0
2017/07/03,0,0,0,0
2017/07/04,0,0,0,0
2017/07/05,0,0,0,0
2017/07/06,0,0,0,0
2017/07/07,0,0,0,0
2017/07/10,0,0,0,0
2017/07/11,0,0,0,0
2017/07/12,0,0,0,0
2017/07/13,0,0,0,0
2017/07/14,0,0,0,0
2017/07/17,0,47,0,47
2017/07/18,0,250000,0,250000
2017/07/19,0,0,0,0
2017/07/20,0,1000,0,1000
2017/07/21,0,0,0,0
2017/07/24,0,0,0,0
2017/07/25,0,1000,0,1000
2017/07/26,0,0,0,0
2017/07/27,0,0,0,0
2017/07/28,0,0,0,0
2017/07/31,0,0,0,0
2017/08/01,0,0,-6000,-6000
2017/08/02,0,0,-4000,-4000
2017/08/03,0,0,0,0
2017/08/04,0,5000,0,5000
2017/08/07,0,0,0,0
2017/08/08,0,0,-2000,-2000
2017/08/09,0,0,0,0
2017/08/10,0,0,0,0
2017/08/11,0,1000,0,1000
2017/08/14,0,0,0,0
2017/08/15,0,0,-1000,-1000
2017/08/16,0,0,0,0
2017/08/17,0,0,0,0
2017/08/18,0,0,0,0
