Date,Open,Buy,Sell,Total
2007/04/23,0,553000,-1064000,-511000
2007/04/24,0,109000,-43000,66000
2007/04/25,0,5000,-525000,-520000
2007/04/26,0,170000,0,170000
2007/04/27,0,70000,0,70000
2007/04/30,0,221000,-1194000,-973000
2007/05/01,0,0,0,0
2007/05/02,0,54000,-17000,37000
2007/05/03,0,208000,-248000,-40000
2007/05/04,0,894000,-2000,892000
2007/05/07,0,75000,-368000,-293000
2007/05/08,0,18000,-204000,-186000
2007/05/09,0,7000,-4000,3000
2007/05/10,0,74000,0,74000
2007/05/11,0,104000,-96000,8000
2007/05/14,0,14000,-10000,4000
2007/05/15,0,0,-33000,-33000
2007/05/16,0,0,-40000,-40000
2007/05/17,0,7000,-73000,-66000
2007/05/18,0,0,-21000,-21000
2007/05/21,0,3000,-5249000,-5246000
2007/05/22,0,7000,-60000,-53000
2007/05/23,0,91000,-19000,72000
2007/05/24,0,38000,-40000,-2000
2007/05/25,0,0,-74000,-74000
2007/05/28,0,0,-27000,-27000
2007/05/29,0,0,-10000,-10000
2007/05/30,0,10000,-57000,-47000
2007/05/31,0,64000,-6000,58000
2007/06/01,0,3000,-90000,-87000
2007/06/04,0,2000,-38000,-36000
2007/06/05,0,1000,-6000,-5000
2007/06/06,0,3000,-44000,-41000
2007/06/07,0,6000,-14000,-8000
2007/06/08,0,3000,-26000,-23000
2007/06/11,0,0,-50000,-50000
2007/06/12,0,11000,-23000,-12000
2007/06/13,0,19000,-13000,6000
2007/06/14,0,12000,-26000,-14000
2007/06/15,0,30000,-6000,24000
2007/06/18,0,0,0,0
2007/06/19,0,0,0,0
2007/06/20,0,139000,-43000,96000
2007/06/21,0,42000,-17000,25000
2007/06/22,0,0,0,0
2007/06/25,0,55000,0,55000
2007/06/26,0,47000,-30000,17000
2007/06/27,0,9000,0,9000
2007/06/28,0,41000,0,41000
2007/06/29,0,0,-70000,-70000
2007/07/02,0,80000,-68000,12000
2007/07/03,0,771000,0,771000
2007/07/04,0,42000,0,42000
2007/07/05,0,28000,0,28000
2007/07/06,0,62000,-139000,-77000
2007/07/09,0,195000,-30000,165000
2007/07/10,0,173000,-185000,-12000
2007/07/11,0,71000,-327088,-256088
2007/07/12,0,7000,-165000,-158000
2007/07/13,0,107000,-56088,50912
2007/07/16,0,45000,-65000,-20000
2007/07/17,0,9000,-88000,-79000
2007/07/18,0,620000,-126000,494000
2007/07/19,0,60000,-306046,-246046
2007/07/20,0,498000,-31000,467000
2007/07/23,0,30000,-430000,-400000
2007/07/24,0,55000,0,55000
2007/07/25,0,69000,-8000,61000
2007/07/26,0,4000,-395000,-391000
2007/07/27,0,0,-402000,-402000
2007/07/30,0,168000,-193000,-25000
2007/07/31,0,48000,-11000,37000
2007/08/01,0,1508000,-126000,1382000
2007/08/02,0,70000,-87361,-17361
2007/08/03,0,44000,-50000,-6000
2007/08/06,0,297000,-26000,271000
2007/08/07,0,26000,-53000,-27000
2007/08/08,0,56000,-5000,51000
2007/08/09,0,59000,-1500264,-1441264
2007/08/10,0,0,-16000,-16000
2007/08/13,0,50000,0,50000
2007/08/14,0,21000,-25000,-4000
2007/08/15,0,59000,-276000,-217000
2007/08/16,0,69000,-266000,-197000
2007/08/17,0,131000,-328000,-197000
2007/08/20,0,2000,-84000,-82000
2007/08/21,0,0,0,0
2007/08/22,0,28000,0,28000
2007/08/23,0,382000,-74000,308000
2007/08/24,0,49000,0,49000
2007/08/27,0,200000,0,200000
2007/08/28,0,7000,0,7000
2007/08/29,0,20000,0,20000
2007/08/30,0,25000,0,25000
2007/08/31,0,10000,-8000,2000
2007/09/03,0,12000,-21000,-9000
2007/09/04,0,13000,-10000,3000
2007/09/05,0,0,-8000,-8000
2007/09/06,0,10000,0,10000
2007/09/07,0,15000,-30000,-15000
2007/09/10,0,20000,-15000,5000
2007/09/11,0,0,-16000,-16000
2007/09/12,0,21000,-8000,13000
2007/09/13,0,10000,-8000,2000
2007/09/14,0,11000,0,11000
2007/09/17,0,1000,-44000,-43000
2007/09/18,0,0,0,0
2007/09/19,0,68000,0,68000
2007/09/20,0,75000,-20000,55000
2007/09/21,0,310000,-15000,295000
2007/09/24,0,0,0,0
2007/09/25,0,0,0,0
2007/09/26,0,152000,0,152000
2007/09/27,0,195000,-29000,166000
2007/09/28,0,294000,-95000,199000
2007/10/01,0,68000,-45000,23000
2007/10/02,0,117000,-7000,110000
2007/10/03,0,75000,-57000,18000
2007/10/04,0,65000,-153000,-88000
2007/10/05,0,16000,-134000,-118000
2007/10/08,0,3000,-62000,-59000
2007/10/09,0,4000,-121000,-117000
2007/10/10,0,0,0,0
2007/10/11,0,4000,-27229,-23229
2007/10/12,0,20000,-106000,-86000
2007/10/15,0,0,-111000,-111000
2007/10/16,0,3000,-125000,-122000
2007/10/17,0,0,-167000,-167000
2007/10/18,0,7000,-23000,-16000
2007/10/19,0,0,-160000,-160000
2007/10/22,0,5000,-286000,-281000
2007/10/23,0,70000,-6000,64000
2007/10/24,0,24000,-24000,0
2007/10/25,0,15000,-4000,11000
2007/10/26,0,69000,-20000,49000
2007/10/29,0,1011000,0,1011000
2007/10/30,0,63000,-7000,56000
2007/10/31,0,62000,-13000,49000
2007/11/01,0,6000,-21000,-15000
2007/11/02,0,1000,-93000,-92000
2007/11/05,0,145000,-154000,-9000
2007/11/06,0,2000,-21000,-19000
2007/11/07,0,439000,-21000,418000
2007/11/08,0,32000,-344000,-312000
2007/11/09,0,50000,-109000,-59000
2007/11/12,0,181000,-85000,96000
2007/11/13,0,252000,-4000,248000
2007/11/14,0,643000,-69000,574000
2007/11/15,0,124000,-425000,-301000
2007/11/16,0,35000,-222000,-187000
2007/11/19,0,79000,0,79000
2007/11/20,0,157000,-157000,0
2007/11/21,0,382000,-21000,361000
2007/11/22,0,325000,-151000,174000
2007/11/23,0,0,-393000,-393000
2007/11/26,0,40000,-154000,-114000
2007/11/27,0,36000,-341000,-305000
2007/11/28,0,80000,-381000,-301000
2007/11/29,0,429000,-361000,68000
2007/11/30,0,42000,-704000,-662000
2007/12/03,0,4000,-2000,2000
2007/12/04,0,0,0,0
2007/12/05,0,776000,-82000,694000
2007/12/06,0,35000,-502000,-467000
2007/12/07,0,20000,-37000,-17000
2007/12/10,0,18000,-34000,-16000
2007/12/11,0,66000,0,66000
2007/12/12,0,13000,-8000,5000
2007/12/13,0,1000,-498000,-497000
2007/12/14,0,64000,-307000,-243000
2007/12/17,0,7000,-97000,-90000
2007/12/18,0,66000,-261000,-195000
2007/12/19,0,24000,-52000,-28000
2007/12/20,0,0,-40000,-40000
2007/12/21,0,82000,-71000,11000
2007/12/24,0,4000,-53000,-49000
2007/12/25,0,0,-31000,-31000
2007/12/26,0,0,-11000,-11000
2007/12/27,0,6000,-11000,-5000
2007/12/28,0,35000,-33000,2000
2007/12/31,0,947000,0,947000
2008/01/01,0,0,0,0
2008/01/02,0,300000,-15000,285000
2008/01/03,0,701000,-14000,687000
2008/01/04,0,13000,-604000,-591000
2008/01/07,0,1339000,-5000,1334000
2008/01/08,0,214000,-800000,-586000
2008/01/09,0,70000,-328000,-258000
2008/01/10,0,780000,0,780000
2008/01/11,0,46000,-1000,45000
2008/01/14,0,163000,-2164000,-2001000
2008/01/15,0,710000,-53000,657000
2008/01/16,0,488000,-55000,433000
2008/01/17,0,733000,-602000,131000
2008/01/18,0,688000,-33000,655000
2008/01/21,0,0,-438000,-438000
2008/01/22,0,0,0,0
2008/01/23,0,306000,-34000,272000
2008/01/24,0,10000,-830000,-820000
2008/01/25,0,26000,-671000,-645000
2008/01/28,0,10000,-330000,-320000
2008/01/29,0,152000,-27000,125000
2008/01/30,0,4000,-30000,-26000
2008/01/31,0,587000,-27000,560000
2008/02/01,0,887000,-11000,876000
2008/02/04,0,0,0,0
2008/02/05,0,0,0,0
2008/02/06,0,0,0,0
2008/02/07,0,0,0,0
2008/02/08,0,0,0,0
2008/02/11,0,0,0,0
2008/02/12,0,11000,-30000,-19000
2008/02/13,0,0,-16000,-16000
2008/02/14,0,33000,-325000,-292000
2008/02/15,0,47000,-300000,-253000
2008/02/18,0,59000,-20000,39000
2008/02/19,0,256000,-97000,159000
2008/02/20,0,0,-1029000,-1029000
2008/02/21,0,156000,-25000,131000
2008/02/22,0,172000,-34000,138000
2008/02/25,0,284000,-26828,257172
2008/02/26,0,191000,-147900,43100
2008/02/27,0,205000,-169584,35416
2008/02/28,0,0,0,0
2008/02/29,0,342000,-58000,284000
2008/03/03,0,21000,-13950,7050
2008/03/04,0,339000,-103000,236000
2008/03/05,0,368000,-16000,352000
2008/03/06,0,174000,-10900,163100
2008/03/07,0,827000,-294000,533000
2008/03/10,0,1254000,-1118000,136000
2008/03/11,0,330000,-237000,93000
2008/03/12,0,38000,-215328,-177328
2008/03/13,0,211000,-117000,94000
2008/03/14,0,64000,-330000,-266000
2008/03/17,0,29000,-76000,-47000
2008/03/18,0,318000,-129000,189000
2008/03/19,0,8000,-91489,-83489
2008/03/20,0,117000,-106000,11000
2008/03/21,0,790000,-48000,742000
2008/03/24,0,656000,-33000,623000
2008/03/25,0,63000,-583000,-520000
2008/03/26,0,69000,-11000,58000
2008/03/27,0,70000,-169000,-99000
2008/03/28,0,127000,-282000,-155000
2008/03/31,0,2000,-287000,-285000
2008/04/01,0,0,-608000,-608000
2008/04/02,0,172000,-9000,163000
2008/04/03,0,8000,-66000,-58000
2008/04/04,0,0,0,0
2008/04/07,0,69000,0,69000
2008/04/08,0,583000,-19000,564000
2008/04/09,0,246000,-39000,207000
2008/04/10,0,205000,-34000,171000
2008/04/11,0,401000,-164000,237000
2008/04/14,0,773000,-232498,540502
2008/04/15,0,393000,-419000,-26000
2008/04/16,0,101000,-1679000,-1578000
2008/04/17,0,1006000,-131000,875000
2008/04/18,0,252000,-139000,113000
2008/04/21,0,247000,-106000,141000
2008/04/22,0,53000,-35000,18000
2008/04/23,0,299000,-27000,272000
2008/04/24,0,150000,-234000,-84000
2008/04/25,0,67000,-91000,-24000
2008/04/28,0,53000,-188000,-135000
2008/04/29,0,269000,-429000,-160000
2008/04/30,0,43000,-816000,-773000
2008/05/01,0,0,0,0
2008/05/02,0,42000,-254000,-212000
2008/05/05,0,243000,-59000,184000
2008/05/06,0,54000,-161000,-107000
2008/05/07,0,0,-270000,-270000
2008/05/08,0,29000,-34000,-5000
2008/05/09,0,42000,-148000,-106000
2008/05/12,0,128000,-108000,20000
2008/05/13,0,259000,-35000,224000
2008/05/14,0,105000,-1000,104000
2008/05/15,0,193000,-9000,184000
2008/05/16,0,135000,-185000,-50000
2008/05/19,0,147000,-65000,82000
2008/05/20,0,539000,-627000,-88000
2008/05/21,0,10000,-698000,-688000
2008/05/22,0,55000,-376000,-321000
2008/05/23,0,17000,-219000,-202000
2008/05/26,0,359000,-531000,-172000
2008/05/27,0,160000,-41000,119000
2008/05/28,0,13000,-7000,6000
2008/05/29,0,115000,-5000,110000
2008/05/30,0,103000,-436000,-333000
2008/06/02,0,25000,0,25000
2008/06/03,0,0,-127000,-127000
2008/06/04,0,8000,0,8000
2008/06/05,0,96000,-28000,68000
2008/06/06,0,210000,-19000,191000
2008/06/09,0,0,-20000,-20000
2008/06/10,0,6000,-365000,-359000
2008/06/11,0,37000,-701000,-664000
2008/06/12,0,155000,-182000,-27000
2008/06/13,0,29000,-56000,-27000
2008/06/16,0,55000,-21000,34000
2008/06/17,0,72000,-32000,40000
2008/06/18,0,175000,-45000,130000
2008/06/19,0,26000,-58000,-32000
2008/06/20,0,15000,-129000,-114000
2008/06/23,0,163000,-38000,125000
2008/06/24,0,27000,-256000,-229000
2008/06/25,0,109000,-2000,107000
2008/06/26,0,0,-33000,-33000
2008/06/27,0,11000,-278000,-267000
2008/06/30,0,37000,-43000,-6000
2008/07/01,0,424000,-128000,296000
2008/07/02,0,76000,-67000,9000
2008/07/03,0,21000,-221000,-200000
2008/07/04,0,31000,-146000,-115000
2008/07/07,0,7000,-12000,-5000
2008/07/08,0,79000,-235000,-156000
2008/07/09,0,113000,-37000,76000
2008/07/10,0,67000,-28000,39000
2008/07/11,0,276000,-175000,101000
2008/07/14,0,32000,-49000,-17000
2008/07/15,0,13000,-39000,-26000
2008/07/16,0,0,-29000,-29000
2008/07/17,0,24000,-22665,1335
2008/07/18,0,13000,-46000,-33000
2008/07/21,0,106000,0,106000
2008/07/22,0,155000,0,155000
2008/07/23,0,66000,-22000,44000
2008/07/24,0,4000,-31000,-27000
2008/07/25,0,13000,-177000,-164000
2008/07/28,0,0,0,0
2008/07/29,0,0,-193000,-193000
2008/07/30,0,13000,-230000,-217000
2008/07/31,0,93000,-7000,86000
2008/08/01,0,119000,-5000,114000
2008/08/04,0,83000,0,83000
2008/08/05,0,65000,-33000,32000
2008/08/06,0,47000,-25000,22000
2008/08/07,0,12000,-37000,-25000
2008/08/08,0,52000,-2000,50000
2008/08/11,0,4000,-67000,-63000
2008/08/12,0,5000,-18000,-13000
2008/08/13,0,56000,-96000,-40000
2008/08/14,0,156000,-4000,152000
2008/08/15,0,38000,-27000,11000
2008/08/18,0,0,-100000,-100000
2008/08/19,0,7000,-32320,-25320
2008/08/20,0,36000,-21000,15000
2008/08/21,0,6000,-109000,-103000
2008/08/22,0,48000,-74000,-26000
2008/08/25,0,21000,-30000,-9000
2008/08/26,0,15000,-12000,3000
2008/08/27,0,56000,0,56000
2008/08/28,0,22000,-10000,12000
2008/08/29,0,32000,-19000,13000
2008/09/01,0,1000,-9000,-8000
2008/09/02,0,26000,-23327,2673
2008/09/03,0,51000,-99000,-48000
2008/09/04,0,56000,-121000,-65000
2008/09/05,0,52000,-14000,38000
2008/09/08,0,1000,-52000,-51000
2008/09/09,0,4000,-16000,-12000
2008/09/10,0,3000,-15000,-12000
2008/09/11,0,3000,-43000,-40000
2008/09/12,0,79000,-1000,78000
2008/09/15,0,8000,-97000,-89000
2008/09/16,0,244000,-3000,241000
2008/09/17,0,35000,-211000,-176000
2008/09/18,0,653000,-91000,562000
2008/09/19,0,23000,-95032,-72032
2008/09/22,0,0,-70000,-70000
2008/09/23,0,67000,-27000,40000
2008/09/24,0,118000,-33000,85000
2008/09/25,0,88000,-8000,80000
2008/09/26,0,4000,-336000,-332000
2008/09/29,0,0,0,0
2008/09/30,0,0,-57000,-57000
2008/10/01,0,52000,-30000,22000
2008/10/02,0,0,-28000,-28000
2008/10/03,0,1000,-53000,-52000
2008/10/06,0,4000,-771,3229
2008/10/07,0,104000,-41000,63000
2008/10/08,0,52000,-1000,51000
2008/10/09,0,3000,-3000,0
2008/10/10,0,0,0,0
2008/10/13,0,0,0,0
2008/10/14,0,6000,0,6000
2008/10/15,0,9000,-212,8788
2008/10/16,0,0,-3000,-3000
2008/10/17,0,0,-3000,-3000
2008/10/20,0,1000,-17628,-16628
2008/10/21,0,4000,-9000,-5000
2008/10/22,0,13000,-35000,-22000
2008/10/23,0,0,-4959,-4959
2008/10/24,0,0,-1000,-1000
2008/10/27,0,0,0,0
2008/10/28,0,47000,-19000,28000
2008/10/29,0,15000,-20000,-5000
2008/10/30,0,31000,-756000,-725000
2008/10/31,0,7000,-51000,-44000
2008/11/03,0,92000,-7000,85000
2008/11/04,0,170000,-25720,144280
2008/11/05,0,229000,-30000,199000
2008/11/06,0,30000,-209000,-179000
2008/11/07,0,58000,-86120,-28120
2008/11/10,0,93000,-13000,80000
2008/11/11,0,53000,-11000,42000
2008/11/12,0,3000,-63000,-60000
2008/11/13,0,0,-53708,-53708
2008/11/14,0,2000,-21000,-19000
2008/11/17,0,66000,0,66000
2008/11/18,0,124000,-47000,77000
2008/11/19,0,40000,-93000,-53000
2008/11/20,0,40000,-35000,5000
2008/11/21,0,19000,-23000,-4000
2008/11/24,0,23000,0,23000
2008/11/25,0,25000,0,25000
2008/11/26,0,387000,0,387000
2008/11/27,0,139000,-325000,-186000
2008/11/28,0,41000,0,41000
2008/12/01,0,370000,0,370000
2008/12/02,0,62000,-104000,-42000
2008/12/03,0,168000,-125000,43000
2008/12/04,0,200000,-140000,60000
2008/12/05,0,0,-58000,-58000
2008/12/08,0,317000,0,317000
2008/12/09,0,144000,-17000,127000
2008/12/10,0,199000,-2000,197000
2008/12/11,0,46000,-158000,-112000
2008/12/12,0,117000,-667000,-550000
2008/12/15,0,347000,-50000,297000
2008/12/16,0,68000,-28000,40000
2008/12/17,0,35000,-57000,-22000
2008/12/18,0,35000,-14000,21000
2008/12/19,0,52000,-71000,-19000
2008/12/22,0,46000,-115000,-69000
2008/12/23,0,8000,-158000,-150000
2008/12/24,0,38000,-7000,31000
2008/12/25,0,75000,-10000,65000
2008/12/26,0,30000,-6000,24000
2008/12/29,0,0,-20000,-20000
2008/12/30,0,164000,-1455,162545
2008/12/31,0,0,-19000,-19000
2009/01/01,0,0,0,0
2009/01/02,0,0,0,0
2009/01/05,0,142000,0,142000
2009/01/06,0,54000,0,54000
2009/01/07,0,227000,-14000,213000
2009/01/08,0,60000,-318000,-258000
2009/01/09,0,20000,-116000,-96000
2009/01/12,0,20000,0,20000
2009/01/13,0,20000,0,20000
2009/01/14,0,40000,-13000,27000
2009/01/15,0,55000,-278000,-223000
2009/01/16,0,0,-48000,-48000
2009/01/19,0,80000,0,80000
2009/01/20,0,18000,-49000,-31000
2009/01/21,0,4000,-249000,-245000
2009/01/22,0,0,0,0
2009/01/23,0,0,0,0
2009/01/26,0,0,0,0
2009/01/27,0,0,0,0
2009/01/28,0,0,0,0
2009/01/29,0,0,0,0
2009/01/30,0,0,0,0
2009/02/02,0,0,-1000,-1000
2009/02/03,0,40000,-29000,11000
2009/02/04,0,0,-2000,-2000
2009/02/05,0,70000,0,70000
2009/02/06,0,20000,-20000,0
2009/02/09,0,10000,-31000,-21000
2009/02/10,0,60000,-119000,-59000
2009/02/11,0,30000,-92000,-62000
2009/02/12,0,4000,-183000,-179000
2009/02/13,0,68000,-7000,61000
2009/02/16,0,26000,-91000,-65000
2009/02/17,0,0,-73000,-73000
2009/02/18,0,60000,-128000,-68000
2009/02/19,0,0,-61000,-61000
2009/02/20,0,0,-127000,-127000
2009/02/23,0,0,-65000,-65000
2009/02/24,0,0,-88000,-88000
2009/02/25,0,4000,-50516,-46516
2009/02/26,0,0,0,0
2009/02/27,0,15000,-58000,-43000
2009/03/02,0,0,-195000,-195000
2009/03/03,0,12000,-130000,-118000
2009/03/04,0,41000,-73000,-32000
2009/03/05,0,191000,-3000,188000
2009/03/06,0,50000,-50000,0
2009/03/09,0,119000,0,119000
2009/03/10,0,98000,-128000,-30000
2009/03/11,0,109000,-44000,65000
2009/03/12,0,999000,-14000,985000
2009/03/13,0,164000,-65552,98448
2009/03/16,0,154000,-338000,-184000
2009/03/17,0,201000,-79000,122000
2009/03/18,0,355000,-127000,228000
2009/03/19,0,174000,-406000,-232000
2009/03/20,0,249000,-190000,59000
2009/03/23,0,52000,-86000,-34000
2009/03/24,0,35000,-612000,-577000
2009/03/25,0,81000,-9000,72000
2009/03/26,0,78000,-33000,45000
2009/03/27,0,45000,-212000,-167000
2009/03/30,0,8000,-85000,-77000
2009/03/31,0,33000,-179000,-146000
2009/04/01,0,32000,-57000,-25000
2009/04/02,0,551000,-123552,427448
2009/04/03,0,93000,-126000,-33000
2009/04/06,0,44000,-45000,-1000
2009/04/07,0,84000,-25000,59000
2009/04/08,0,278000,-85000,193000
2009/04/09,0,98000,-10000,88000
2009/04/10,0,257000,-161000,96000
2009/04/13,0,177000,-262000,-85000
2009/04/14,0,302000,-62000,240000
2009/04/15,0,10000,-394000,-384000
2009/04/16,0,232000,-136000,96000
2009/04/17,0,385000,-43550,341450
2009/04/20,0,254000,-125000,129000
2009/04/21,0,147000,-64000,83000
2009/04/22,0,311000,-394981,-83981
2009/04/23,0,145000,-426000,-281000
2009/04/24,0,397000,-89000,308000
2009/04/27,0,271000,-187000,84000
2009/04/28,0,470000,-470000,0
2009/04/29,0,227000,-162000,65000
2009/04/30,0,126000,-14000,112000
2009/05/01,0,0,0,0
2009/05/04,0,131000,-28000,103000
2009/05/05,0,334000,-418000,-84000
2009/05/06,0,288000,-288000,0
2009/05/07,0,175000,-543000,-368000
2009/05/08,0,270000,-145000,125000
2009/05/11,0,327000,-377001,-50001
2009/05/12,0,63000,-267000,-204000
2009/05/13,0,230000,-88000,142000
2009/05/14,0,144000,-525000,-381000
2009/05/15,0,37000,-493000,-456000
2009/05/18,0,404000,-118000,286000
2009/05/19,0,837000,-352000,485000
2009/05/20,0,146000,-753000,-607000
2009/05/21,0,614000,-564000,50000
2009/05/22,0,334000,-264378,69622
2009/05/25,0,237000,-621000,-384000
2009/05/26,0,249000,-376000,-127000
2009/05/27,0,345000,-58000,287000
2009/05/28,0,0,0,0
2009/05/29,0,0,0,0
2009/06/01,0,650000,-179000,471000
2009/06/02,0,1361000,-274876,1086124
2009/06/03,0,140000,-108000,32000
2009/06/04,0,221000,-1338000,-1117000
2009/06/05,0,235000,-340000,-105000
2009/06/08,0,98000,-64000,34000
2009/06/09,0,531000,-199000,332000
2009/06/10,0,113000,-190000,-77000
2009/06/11,0,109000,-159000,-50000
2009/06/12,0,553000,-304000,249000
2009/06/15,0,24000,-406000,-382000
2009/06/16,0,119000,-18034,100966
2009/06/17,0,123000,-1000,122000
2009/06/18,0,283000,-237000,46000
2009/06/19,0,151000,-210000,-59000
2009/06/22,0,330000,-119000,211000
2009/06/23,0,24000,-210000,-186000
2009/06/24,0,288000,-175413,112587
2009/06/25,0,237000,-112000,125000
2009/06/26,0,1514000,-181000,1333000
2009/06/29,0,110000,-9000,101000
2009/06/30,0,208000,-26000,182000
2009/07/01,0,383000,-176000,207000
2009/07/02,0,713000,-48000,665000
2009/07/03,0,262000,-13000,249000
2009/07/06,0,288000,-268000,20000
2009/07/07,0,187000,-200000,-13000
2009/07/08,0,359405,-78000,281405
2009/07/09,0,321000,-821000,-500000
2009/07/10,0,135000,-14000,121000
2009/07/13,0,154000,-87000,67000
2009/07/14,0,129000,-230391,-101391
2009/07/15,0,252000,-1147000,-895000
2009/07/16,0,278743,-351000,-72257
2009/07/17,0,294000,-245000,49000
2009/07/20,0,163000,-109000,54000
2009/07/21,0,11000,-186000,-175000
2009/07/22,0,859000,0,859000
2009/07/23,0,135000,-120000,15000
2009/07/24,0,259628,-166000,93628
2009/07/27,0,464000,-257000,207000
2009/07/28,0,348413,-221000,127413
2009/07/29,0,168000,-236000,-68000
2009/07/30,0,542000,-591000,-49000
2009/07/31,0,663000,-355000,308000
2009/08/03,0,855352,-170000,685352
2009/08/04,0,393000,-581000,-188000
2009/08/05,0,147000,-336000,-189000
2009/08/06,0,562000,-601000,-39000
2009/08/07,0,0,0,0
2009/08/10,0,303000,-31000,272000
2009/08/11,0,331000,-21000,310000
2009/08/12,0,175000,-36000,139000
2009/08/13,0,67000,-12000,55000
2009/08/14,0,326000,-183000,143000
2009/08/17,0,562000,-389000,173000
2009/08/18,0,237000,-681000,-444000
2009/08/19,0,91000,-468000,-377000
2009/08/20,0,48000,-1178000,-1130000
2009/08/21,0,837000,-532000,305000
2009/08/24,0,71000,-64000,7000
2009/08/25,0,1126000,-137000,989000
2009/08/26,0,241000,-389000,-148000
2009/08/27,0,230000,-514000,-284000
2009/08/28,0,60000,-177000,-117000
2009/08/31,0,133000,-150000,-17000
2009/09/01,0,144000,-15000,129000
2009/09/02,0,84000,-56000,28000
2009/09/03,0,432000,-22000,410000
2009/09/04,0,187000,-475000,-288000
2009/09/07,0,165000,-10000,155000
2009/09/08,0,2984000,-246000,2738000
2009/09/09,0,629000,-505000,124000
2009/09/10,0,385000,-2284000,-1899000
2009/09/11,0,208000,-234000,-26000
2009/09/14,0,110000,-257000,-147000
2009/09/15,0,80000,-59000,21000
2009/09/16,0,158000,-514000,-356000
2009/09/17,0,517000,-150000,367000
2009/09/18,0,280000,-841000,-561000
2009/09/21,0,133000,-572000,-439000
2009/09/22,0,4000,-437000,-433000
2009/09/23,0,57000,-673000,-616000
2009/09/24,0,35000,-983000,-948000
2009/09/25,0,61000,-312000,-251000
2009/09/28,0,15000,-562978,-547978
2009/09/29,0,21000,-163000,-142000
2009/09/30,0,15000,-86000,-71000
2009/10/01,0,50000,-82000,-32000
2009/10/02,0,0,-224000,-224000
2009/10/05,0,347000,-151000,196000
2009/10/06,0,72000,-180000,-108000
2009/10/07,0,261000,-441000,-180000
2009/10/08,0,44000,-87000,-43000
2009/10/09,0,361000,-143000,218000
2009/10/12,0,118000,-35000,83000
2009/10/13,0,6000,-176000,-170000
2009/10/14,0,3000,-39000,-36000
2009/10/15,0,23000,-12000,11000
2009/10/16,0,6000,-38000,-32000
2009/10/19,0,9000,-326000,-317000
2009/10/20,0,9000,-21000,-12000
2009/10/21,0,19000,-44000,-25000
2009/10/22,0,5000,-82000,-77000
2009/10/23,0,0,-98000,-98000
2009/10/26,0,4000,-177000,-173000
2009/10/27,0,14000,-17000,-3000
2009/10/28,0,15000,-90000,-75000
2009/10/29,0,60000,-262000,-202000
2009/10/30,0,25000,-78000,-53000
2009/11/02,0,0,-97000,-97000
2009/11/03,0,0,-136000,-136000
2009/11/04,0,3000,-60000,-57000
2009/11/05,0,3000,-22000,-19000
2009/11/06,0,2000,-31000,-29000
2009/11/09,0,93000,-101000,-8000
2009/11/10,0,9000,-3000,6000
2009/11/11,0,93000,-15000,78000
2009/11/12,0,19000,-14000,5000
2009/11/13,0,125000,-7000,118000
2009/11/16,0,1000,-10000,-9000
2009/11/17,0,15000,-27000,-12000
2009/11/18,0,154000,-28000,126000
2009/11/19,0,45000,-1000,44000
2009/11/20,0,20000,-18000,2000
2009/11/23,0,17000,-2000,15000
2009/11/24,0,4000,-31000,-27000
2009/11/25,0,31000,-155000,-124000
2009/11/26,0,46000,-22000,24000
2009/11/27,0,29000,-59000,-30000
2009/11/30,0,66000,-5000,61000
2009/12/01,0,230000,-3000,227000
2009/12/02,0,35000,-27000,8000
2009/12/03,0,4000,-213000,-209000
2009/12/04,0,407000,-31000,376000
2009/12/07,0,109000,-14000,95000
2009/12/08,0,60000,-129000,-69000
2009/12/09,0,70000,-52000,18000
2009/12/10,0,85000,-137000,-52000
2009/12/11,0,22000,-32217,-10217
2009/12/14,0,12000,-47000,-35000
2009/12/15,0,19000,-50000,-31000
2009/12/16,0,30000,-142000,-112000
2009/12/17,0,27000,-11000,16000
2009/12/18,0,16000,-18000,-2000
2009/12/21,0,176000,-15000,161000
2009/12/22,0,5000,-19000,-14000
2009/12/23,0,0,-78000,-78000
2009/12/24,0,69000,-26000,43000
2009/12/25,0,66000,-130000,-64000
2009/12/28,0,110000,-74000,36000
2009/12/29,0,187000,-37000,150000
2009/12/30,0,1111000,-68000,1043000
2009/12/31,0,390000,-101000,289000
2010/01/01,0,0,0,0
2010/01/04,0,6000,-341000,-335000
2010/01/05,0,434000,-63000,371000
2010/01/06,0,859000,-51000,808000
2010/01/07,0,98000,-70000,28000
2010/01/08,0,307000,-413000,-106000
2010/01/11,0,13000,-197000,-184000
2010/01/12,0,75000,-38000,37000
2010/01/13,0,60000,-522000,-462000
2010/01/14,0,36000,-108000,-72000
2010/01/15,0,254000,-131000,123000
2010/01/18,0,58000,-25000,33000
2010/01/19,0,68504,-41000,27504
2010/01/20,0,137000,-132000,5000
2010/01/21,0,13000,-66000,-53000
2010/01/22,0,6000,-162000,-156000
2010/01/25,0,0,-250000,-250000
2010/01/26,0,6000,-291000,-285000
2010/01/27,0,9000,-224000,-215000
2010/01/28,0,5000,-53000,-48000
2010/01/29,0,3000,-113000,-110000
2010/02/01,0,0,-62000,-62000
2010/02/02,0,0,-74000,-74000
2010/02/03,0,11000,-22000,-11000
2010/02/04,0,6000,-10000,-4000
2010/02/05,0,66000,-129000,-63000
2010/02/08,0,9000,0,9000
2010/02/09,0,11000,-8000,3000
2010/02/10,0,25000,-13000,12000
2010/02/11,0,0,0,0
2010/02/12,0,0,0,0
2010/02/15,0,0,0,0
2010/02/16,0,0,0,0
2010/02/17,0,0,0,0
2010/02/18,0,0,0,0
2010/02/19,0,0,0,0
2010/02/22,0,117000,0,117000
2010/02/23,0,138000,-16000,122000
2010/02/24,0,75000,-2000,73000
2010/02/25,0,89000,-53000,36000
2010/02/26,0,35000,-109000,-74000
2010/03/01,0,72000,-113000,-41000
2010/03/02,0,12000,-88000,-76000
2010/03/03,0,101000,-250000,-149000
2010/03/04,0,0,-154000,-154000
2010/03/05,0,260000,-215000,45000
2010/03/08,0,59000,-235000,-176000
2010/03/09,0,22000,-50000,-28000
2010/03/10,0,4000,-47000,-43000
2010/03/11,0,1000,-53000,-52000
2010/03/12,0,70000,-60000,10000
2010/03/15,0,68000,-80000,-12000
2010/03/16,0,30000,-610000,-580000
2010/03/17,0,371000,-157000,214000
2010/03/18,0,274000,-4000,270000
2010/03/19,0,79000,-95000,-16000
2010/03/22,0,317000,-103000,214000
2010/03/23,0,180000,-216000,-36000
2010/03/24,0,317000,-7000,310000
2010/03/25,0,1671000,-288000,1383000
2010/03/26,0,930000,-94000,836000
2010/03/29,0,274000,-9000,265000
2010/03/30,0,256000,-173000,83000
2010/03/31,0,44000,-242000,-198000
2010/04/01,0,112000,-19000,93000
2010/04/02,0,131000,-47000,84000
2010/04/05,0,0,0,0
2010/04/06,0,565000,-127000,438000
2010/04/07,0,43000,-202000,-159000
2010/04/08,0,282000,-391000,-109000
2010/04/09,0,17000,-290000,-273000
2010/04/12,0,10000,-86000,-76000
2010/04/13,0,39000,-305000,-266000
2010/04/14,0,1000,-65000,-64000
2010/04/15,0,417000,-47000,370000
2010/04/16,0,31000,-21000,10000
2010/04/19,0,68000,-1746000,-1678000
2010/04/20,0,5000,-344000,-339000
2010/04/21,0,1000,-38000,-37000
2010/04/22,0,0,-219000,-219000
2010/04/23,0,11000,-252000,-241000
2010/04/26,0,284000,0,284000
2010/04/27,0,116000,-37000,79000
2010/04/28,0,26000,-172508,-146508
2010/04/29,0,154000,-99000,55000
2010/04/30,0,54000,-181000,-127000
2010/05/03,0,67000,-208000,-141000
2010/05/04,0,30000,-65000,-35000
2010/05/05,0,23000,-272000,-249000
2010/05/06,0,41000,-263000,-222000
2010/05/07,0,62000,-51000,11000
2010/05/10,0,237000,-87000,150000
2010/05/11,0,6000,-387507,-381507
2010/05/12,0,15000,-37000,-22000
2010/05/13,0,145000,-34000,111000
2010/05/14,0,155000,0,155000
2010/05/17,0,54000,-352000,-298000
2010/05/18,0,94000,-12000,82000
2010/05/19,0,161000,-34000,127000
2010/05/20,0,19000,-119000,-100000
2010/05/21,0,39000,-160000,-121000
2010/05/24,0,5000,-32000,-27000
2010/05/25,0,67000,-86000,-19000
2010/05/26,0,180000,-133000,47000
2010/05/27,0,74000,-16000,58000
2010/05/28,0,26000,-64000,-38000
2010/05/31,0,82000,0,82000
2010/06/01,0,20000,-84000,-64000
2010/06/02,0,114000,-42000,72000
2010/06/03,0,56000,-163000,-107000
2010/06/04,0,96000,0,96000
2010/06/07,0,8000,-72000,-64000
2010/06/08,0,66000,-58000,8000
2010/06/09,0,76000,-153000,-77000
2010/06/10,0,66000,-14000,52000
2010/06/11,0,63000,-100000,-37000
2010/06/14,0,21000,-146000,-125000
2010/06/15,0,207000,-66000,141000
2010/06/16,0,0,0,0
2010/06/17,0,718000,-61000,657000
2010/06/18,0,5000,-214000,-209000
2010/06/21,0,178000,-1000,177000
2010/06/22,0,25000,-6000,19000
2010/06/23,0,114000,-19000,95000
2010/06/24,0,351000,-487,350513
2010/06/25,0,63000,-483000,-420000
2010/06/28,0,295000,0,295000
2010/06/29,0,16000,-196000,-180000
2010/06/30,0,251000,-125000,126000
2010/07/01,0,50000,-82000,-32000
2010/07/02,0,32000,-2000,30000
2010/07/05,0,65000,-61000,4000
2010/07/06,0,908000,-160000,748000
2010/07/07,0,448000,-630000,-182000
2010/07/08,0,118000,-125000,-7000
2010/07/09,0,11000,-142000,-131000
2010/07/12,0,144000,-83000,61000
2010/07/13,0,929000,-87000,842000
2010/07/14,0,155000,-227000,-72000
2010/07/15,0,51000,-243000,-192000
2010/07/16,0,166000,-111000,55000
2010/07/19,0,49000,-54000,-5000
2010/07/20,0,251000,-59000,192000
2010/07/21,0,165000,-282000,-117000
2010/07/22,0,10000,-152000,-142000
2010/07/23,0,371000,-177352,193648
2010/07/26,0,370000,-217000,153000
2010/07/27,0,2130000,-500000,1630000
2010/07/28,0,757000,-105000,652000
2010/07/29,0,1718000,-609000,1109000
2010/07/30,0,1615000,-889000,726000
2010/08/02,0,666000,-449000,217000
2010/08/03,0,1486000,-319000,1167000
2010/08/04,0,138000,-734000,-596000
2010/08/05,0,1067000,-1743000,-676000
2010/08/06,0,269000,-406000,-137000
2010/08/09,0,49000,-211000,-162000
2010/08/10,0,274000,-1447000,-1173000
2010/08/11,0,569000,-876000,-307000
2010/08/12,0,1084000,-173000,911000
2010/08/13,0,697000,-475000,222000
2010/08/16,0,165000,-420000,-255000
2010/08/17,0,263000,-141000,122000
2010/08/18,0,875000,-416000,459000
2010/08/19,0,400000,-678000,-278000
2010/08/20,0,697000,-1223482,-526482
2010/08/23,0,384000,-610000,-226000
2010/08/24,0,225000,-389000,-164000
2010/08/25,0,269000,-683000,-414000
2010/08/26,0,76000,-1233000,-1157000
2010/08/27,0,102000,-63000,39000
2010/08/30,0,18000,-274000,-256000
2010/08/31,0,478000,-767000,-289000
2010/09/01,0,223000,-146000,77000
2010/09/02,0,1034000,-163000,871000
2010/09/03,0,204000,-145000,59000
2010/09/06,0,1047000,-194000,853000
2010/09/07,0,303000,-163000,140000
2010/09/08,0,416000,-461000,-45000
2010/09/09,0,237000,-125000,112000
2010/09/10,0,231000,-112000,119000
2010/09/13,0,476000,-1592000,-1116000
2010/09/14,0,123000,-252000,-129000
2010/09/15,0,217000,-815000,-598000
2010/09/16,0,54000,-287000,-233000
2010/09/17,0,96000,-5000,91000
2010/09/20,0,78000,-160000,-82000
2010/09/21,0,340000,-769000,-429000
2010/09/22,0,0,0,0
2010/09/23,0,314000,-544000,-230000
2010/09/24,0,604000,-344000,260000
2010/09/27,0,1084000,-968000,116000
2010/09/28,0,45000,-239000,-194000
2010/09/29,0,941000,-732000,209000
2010/09/30,0,673000,-1016000,-343000
2010/10/01,0,5000,-254000,-249000
2010/10/04,0,328000,-251000,77000
2010/10/05,0,79000,-217000,-138000
2010/10/06,0,144000,-583000,-439000
2010/10/07,0,1000,-63463,-62463
2010/10/08,0,358000,-136000,222000
2010/10/11,0,295000,-93000,202000
2010/10/12,0,431000,-79000,352000
2010/10/13,0,373000,-374000,-1000
2010/10/14,0,897000,-397000,500000
2010/10/15,0,693000,-105000,588000
2010/10/18,0,1498000,-494000,1004000
2010/10/19,0,705000,-952000,-247000
2010/10/20,0,765000,-192000,573000
2010/10/21,0,415000,-577000,-162000
2010/10/22,0,2090000,-1881000,209000
2010/10/25,0,767000,-548000,219000
2010/10/26,0,352000,-1209000,-857000
2010/10/27,0,309000,-180000,129000
2010/10/28,0,195000,-215000,-20000
2010/10/29,0,125000,-108000,17000
2010/11/01,0,386000,-550000,-164000
2010/11/02,0,146000,-551000,-405000
2010/11/03,0,392000,-444000,-52000
2010/11/04,0,216000,-32000,184000
2010/11/05,0,1369000,-248000,1121000
2010/11/08,0,623000,-332000,291000
2010/11/09,0,1343000,-568000,775000
2010/11/10,0,847000,-491000,356000
2010/11/11,0,174000,-163000,11000
2010/11/12,0,49000,-1217000,-1168000
2010/11/15,0,295000,-1210000,-915000
2010/11/16,0,586000,-129000,457000
2010/11/17,0,358000,-322000,36000
2010/11/18,0,297000,-344000,-47000
2010/11/19,0,204000,-618000,-414000
2010/11/22,0,17000,-368000,-351000
2010/11/23,0,81000,-364000,-283000
2010/11/24,0,293000,-71000,222000
2010/11/25,0,212000,-211000,1000
2010/11/26,0,245000,-206000,39000
2010/11/29,0,154000,-736000,-582000
2010/11/30,0,589000,-33000,556000
2010/12/01,0,231000,-331000,-100000
2010/12/02,0,654000,-99000,555000
2010/12/03,0,97000,-228000,-131000
2010/12/06,0,481000,-265000,216000
2010/12/07,0,532000,-342000,190000
2010/12/08,0,78000,-274000,-196000
2010/12/09,0,137000,-126000,11000
2010/12/10,0,100000,-458000,-358000
2010/12/13,0,160000,-177000,-17000
2010/12/14,0,282000,-471000,-189000
2010/12/15,0,441000,-390000,51000
2010/12/16,0,896000,-109000,787000
2010/12/17,0,126000,-801000,-675000
2010/12/20,0,70000,-256000,-186000
2010/12/21,0,427000,-200000,227000
2010/12/22,0,123000,-301000,-178000
2010/12/23,0,124000,-138000,-14000
2010/12/24,0,98000,-10000,88000
2010/12/27,0,367000,-462000,-95000
2010/12/28,0,531000,-222000,309000
2010/12/29,0,215000,-108000,107000
2010/12/30,0,1327000,-301000,1026000
2010/12/31,0,198000,-535000,-337000
2011/01/03,0,488000,-193000,295000
2011/01/04,0,451000,-231000,220000
2011/01/05,0,339000,-570000,-231000
2011/01/06,0,115000,-194000,-79000
2011/01/07,0,96000,-690000,-594000
2011/01/10,0,4000,-26000,-22000
2011/01/11,0,327000,-85000,242000
2011/01/12,0,162000,-1000,161000
2011/01/13,0,69000,-263000,-194000
2011/01/14,0,54000,-98000,-44000
2011/01/17,0,22000,-202000,-180000
2011/01/18,0,49000,-86000,-37000
2011/01/19,0,56000,-65000,-9000
2011/01/20,0,17000,-167000,-150000
2011/01/21,0,4000,-69000,-65000
2011/01/24,0,112000,-371000,-259000
2011/01/25,0,60000,-88000,-28000
2011/01/26,0,937000,-44000,893000
2011/01/27,0,0,-100000,-100000
2011/01/28,0,148000,-338000,-190000
2011/01/31,0,0,0,0
2011/02/01,0,0,0,0
2011/02/02,0,0,0,0
2011/02/03,0,0,0,0
2011/02/04,0,0,0,0
2011/02/07,0,0,0,0
2011/02/08,0,121000,-467000,-346000
2011/02/09,0,11000,-771000,-760000
2011/02/10,0,66000,-360000,-294000
2011/02/11,0,16000,-1302000,-1286000
2011/02/14,0,46000,-590000,-544000
2011/02/15,0,11000,-242000,-231000
2011/02/16,0,457000,-140000,317000
2011/02/17,0,205000,-726000,-521000
2011/02/18,0,155000,-21000,134000
2011/02/21,0,125000,-129000,-4000
2011/02/22,0,43000,-160000,-117000
2011/02/23,0,68000,-221000,-153000
2011/02/24,0,70000,-51000,19000
2011/02/25,0,22000,-50000,-28000
2011/02/28,0,0,0,0
2011/03/01,0,41000,-25000,16000
2011/03/02,0,0,-209000,-209000
2011/03/03,0,574000,-36000,538000
2011/03/04,0,42000,-78000,-36000
2011/03/07,0,63000,-101000,-38000
2011/03/08,0,215000,-11000,204000
2011/03/09,0,13000,-86000,-73000
2011/03/10,0,333000,-114000,219000
2011/03/11,0,200000,-209000,-9000
2011/03/14,0,1845000,-831000,1014000
2011/03/15,0,449000,-466000,-17000
2011/03/16,0,531000,-151000,380000
2011/03/17,0,2936000,-1376000,1560000
2011/03/18,0,1612000,-1510000,102000
2011/03/21,0,546000,-737000,-191000
2011/03/22,0,1709000,-331000,1378000
2011/03/23,0,2315000,-409000,1906000
2011/03/24,0,427000,-671000,-244000
2011/03/25,0,628000,-434000,194000
2011/03/28,0,573000,-230000,343000
2011/03/29,0,3988000,-1516000,2472000
2011/03/30,0,517000,-848000,-331000
2011/03/31,0,436000,-768000,-332000
2011/04/01,0,970000,-1093000,-123000
2011/04/04,0,0,0,0
2011/04/05,0,0,0,0
2011/04/06,0,811000,-718000,93000
2011/04/07,0,661000,-165000,496000
2011/04/08,0,1363000,-749000,614000
2011/04/11,0,658000,-3128000,-2470000
2011/04/12,0,392000,-751000,-359000
2011/04/13,0,688000,-660000,28000
2011/04/14,0,1432000,-314000,1118000
2011/04/15,0,474000,-641000,-167000
2011/04/18,0,396000,-663000,-267000
2011/04/19,0,181000,-2018000,-1837000
2011/04/20,0,8000,-478000,-470000
2011/04/21,0,1552000,-173000,1379000
2011/04/22,0,312000,-444000,-132000
2011/04/25,0,1426000,-523000,903000
2011/04/26,0,1537000,-139000,1398000
2011/04/27,0,1641000,-207000,1434000
2011/04/28,0,422000,-818000,-396000
2011/04/29,0,676000,-1755000,-1079000
2011/05/02,0,0,0,0
2011/05/03,0,47000,-1169000,-1122000
2011/05/04,0,181000,-518000,-337000
2011/05/05,0,625000,-136000,489000
2011/05/06,0,435000,-166000,269000
2011/05/09,0,71000,-451000,-380000
2011/05/10,0,1527000,-373000,1154000
2011/05/11,0,4024000,-574888,3449112
2011/05/12,0,389000,-1872000,-1483000
2011/05/13,0,1458000,-2414000,-956000
2011/05/16,0,351000,-619000,-268000
2011/05/17,0,892000,-448000,444000
2011/05/18,0,210000,-803000,-593000
2011/05/19,0,138000,-1572408,-1434408
2011/05/20,0,59000,-1090000,-1031000
2011/05/23,0,394000,-677000,-283000
2011/05/24,0,93000,-501000,-408000
2011/05/25,0,131000,-169000,-38000
2011/05/26,0,498000,-95000,403000
2011/05/27,0,84000,-164000,-80000
2011/05/30,0,174000,-1878000,-1704000
2011/05/31,0,1948000,-741000,1207000
2011/06/01,0,805000,-1039000,-234000
2011/06/02,0,177000,-756000,-579000
2011/06/03,0,305000,-710000,-405000
2011/06/06,0,0,0,0
2011/06/07,0,787000,-235000,552000
2011/06/08,0,84000,-543000,-459000
2011/06/09,0,340000,-100000,240000
2011/06/10,0,126000,-441000,-315000
2011/06/13,0,365000,-649000,-284000
2011/06/14,0,777000,-339000,438000
2011/06/15,0,495000,-674000,-179000
2011/06/16,0,3000,-621000,-618000
2011/06/17,0,226000,-523000,-297000
2011/06/20,0,435000,-105000,330000
2011/06/21,0,26000,-1231000,-1205000
2011/06/22,0,782000,-54000,728000
2011/06/23,0,107000,-334000,-227000
2011/06/24,0,142000,-88000,54000
2011/06/27,0,77000,-107000,-30000
2011/06/28,0,1112000,-168000,944000
2011/06/29,0,4815000,-412000,4403000
2011/06/30,0,157000,-4413000,-4256000
2011/07/01,0,547000,-311000,236000
2011/07/04,0,249000,-768000,-519000
2011/07/05,0,5000,-602926,-597926
2011/07/06,0,167000,-240000,-73000
2011/07/07,0,14000,-56000,-42000
2011/07/08,0,72000,-352000,-280000
2011/07/11,0,68000,-140000,-72000
2011/07/12,0,1000,-604000,-603000
2011/07/13,0,20000,-263000,-243000
2011/07/14,0,64000,-50000,14000
2011/07/15,0,157000,-56000,101000
2011/07/18,0,18000,-565000,-547000
2011/07/19,0,679000,-48000,631000
2011/07/20,0,334000,-274000,60000
2011/07/21,0,1541000,-47000,1494000
2011/07/22,0,1068000,-83000,985000
2011/07/25,0,27000,-637000,-610000
2011/07/26,0,569000,-326000,243000
2011/07/27,0,486000,-157000,329000
2011/07/28,0,451000,-186000,265000
2011/07/29,0,227000,-77000,150000
2011/08/01,0,2766000,-433000,2333000
2011/08/02,0,1199000,-2461000,-1262000
2011/08/03,0,1002000,-1905000,-903000
2011/08/04,0,2327000,-1843000,484000
2011/08/05,0,338000,-2288000,-1950000
2011/08/08,0,800000,-932000,-132000
2011/08/09,0,556000,-574000,-18000
2011/08/10,0,886000,-854000,32000
2011/08/11,0,490000,-453000,37000
2011/08/12,0,167000,-389000,-222000
2011/08/15,0,101000,-127000,-26000
2011/08/16,0,469000,-79000,390000
2011/08/17,0,52000,-157000,-105000
2011/08/18,0,357000,-115000,242000
2011/08/19,0,161000,-904000,-743000
2011/08/22,0,200000,-825000,-625000
2011/08/23,0,575000,-239000,336000
2011/08/24,0,145000,-203000,-58000
2011/08/25,0,493000,-455000,38000
2011/08/26,0,294000,-464000,-170000
2011/08/29,0,299000,-85000,214000
2011/08/30,0,383000,-252000,131000
2011/08/31,0,13000,-458000,-445000
2011/09/01,0,72000,-226000,-154000
2011/09/02,0,283000,-144000,139000
2011/09/05,0,58000,-339000,-281000
2011/09/06,0,36000,-951000,-915000
2011/09/07,0,176000,-91000,85000
2011/09/08,0,73000,-51000,22000
2011/09/09,0,99000,-179000,-80000
2011/09/12,0,0,0,0
2011/09/13,0,58000,-411000,-353000
2011/09/14,0,0,-227000,-227000
2011/09/15,0,139000,-192000,-53000
2011/09/16,0,462000,-43000,419000
2011/09/19,0,56000,-98000,-42000
2011/09/20,0,61000,-350000,-289000
2011/09/21,0,136000,-479000,-343000
2011/09/22,0,11000,-103000,-92000
2011/09/23,0,35000,-624000,-589000
2011/09/26,0,25000,-452000,-427000
2011/09/27,0,1090000,-751000,339000
2011/09/28,0,41000,-95000,-54000
2011/09/29,0,162000,-67000,95000
2011/09/30,0,25000,-578000,-553000
2011/10/03,0,25000,-81000,-56000
2011/10/04,0,10000,-299000,-289000
2011/10/05,0,10000,-6507,3493
2011/10/06,0,15000,-20000,-5000
2011/10/07,0,62000,-1000,61000
2011/10/10,0,0,0,0
2011/10/11,0,122000,-6000,116000
2011/10/12,0,3000,-51000,-48000
2011/10/13,0,66000,-17000,49000
2011/10/14,0,50000,-3000,47000
2011/10/17,0,37000,-19000,18000
2011/10/18,0,0,-71000,-71000
2011/10/19,0,1000,-29000,-28000
2011/10/20,0,4000,-20000,-16000
2011/10/21,0,164,-92000,-91836
2011/10/24,0,85000,-29000,56000
2011/10/25,0,146000,-10000,136000
2011/10/26,0,299000,0,299000
2011/10/27,0,256000,-145000,111000
2011/10/28,0,169000,-270000,-101000
2011/10/31,0,16000,-151000,-135000
2011/11/01,0,114000,-26000,88000
2011/11/02,0,309000,-51000,258000
2011/11/03,0,200000,-35000,165000
2011/11/04,0,270000,-19000,251000
2011/11/07,0,264000,-76000,188000
2011/11/08,0,519000,-22000,497000
2011/11/09,0,71000,-62000,9000
2011/11/10,0,161000,-535000,-374000
2011/11/11,0,0,-24000,-24000
2011/11/14,0,813000,-209000,604000
2011/11/15,0,237000,-29000,208000
2011/11/16,0,661000,-238000,423000
2011/11/17,0,22000,-44522,-22522
2011/11/18,0,107000,-20000,87000
2011/11/21,0,29000,-771000,-742000
2011/11/22,0,42000,-431000,-389000
2011/11/23,0,4000,-12000,-8000
2011/11/24,0,425000,-30000,395000
2011/11/25,0,24000,-122000,-98000
2011/11/28,0,311000,-26000,285000
2011/11/29,0,165000,-104000,61000
2011/11/30,0,150000,-58000,92000
2011/12/01,0,397000,-358000,39000
2011/12/02,0,48000,-284000,-236000
2011/12/05,0,7000,-62000,-55000
2011/12/06,0,10000,-260000,-250000
2011/12/07,0,59000,-93000,-34000
2011/12/08,0,15000,-34000,-19000
2011/12/09,0,1000,-238000,-237000
2011/12/12,0,0,-95000,-95000
2011/12/13,0,0,-62000,-62000
2011/12/14,0,125000,-14000,111000
2011/12/15,0,403000,-571000,-168000
2011/12/16,0,100000,-2000,98000
2011/12/19,0,80000,-74000,6000
2011/12/20,0,0,0,0
2011/12/21,0,228000,-101000,127000
2011/12/22,0,0,-1000,-1000
2011/12/23,0,50000,-11000,39000
2011/12/26,0,1000,-35000,-34000
2011/12/27,0,22000,-52000,-30000
2011/12/28,0,47000,-106179,-59179
2011/12/29,0,106000,-80000,26000
2011/12/30,0,29000,-290000,-261000
2012/01/02,0,2000,-20000,-18000
2012/01/03,0,355000,-53052,301948
2012/01/04,0,1895000,-117000,1778000
2012/01/05,0,841000,-60000,781000
2012/01/06,0,65000,-435000,-370000
2012/01/09,0,16000,-22000,-6000
2012/01/10,0,82000,-96000,-14000
2012/01/11,0,3000,-250000,-247000
2012/01/12,0,823000,-320000,503000
2012/01/13,0,41000,-246000,-205000
2012/01/16,0,28000,-1208000,-1180000
2012/01/17,0,0,-489000,-489000
2012/01/18,0,34000,-1106000,-1072000
2012/01/19,0,0,0,0
2012/01/20,0,0,0,0
2012/01/23,0,0,0,0
2012/01/24,0,0,0,0
2012/01/25,0,0,0,0
2012/01/26,0,0,0,0
2012/01/27,0,0,0,0
2012/01/30,0,721831,-129000,592831
2012/01/31,0,75000,-200000,-125000
2012/02/01,0,70000,-300000,-230000
2012/02/02,0,269000,-70000,199000
2012/02/03,0,24000,-29000,-5000
2012/02/06,0,182000,-89000,93000
2012/02/07,0,743000,-215000,528000
2012/02/08,0,404000,-387000,17000
2012/02/09,0,32000,-400000,-368000
2012/02/10,0,0,-159000,-159000
2012/02/13,0,111000,-223000,-112000
2012/02/14,0,58000,-52000,6000
2012/02/15,0,396000,-52000,344000
2012/02/16,0,130000,-316000,-186000
2012/02/17,0,205000,-123000,82000
2012/02/20,0,1153000,-105000,1048000
2012/02/21,0,36000,-921000,-885000
2012/02/22,0,104000,-95000,9000
2012/02/23,0,19000,-299000,-280000
2012/02/24,0,73000,-126000,-53000
2012/02/27,0,0,0,0
2012/02/28,0,0,0,0
2012/02/29,0,144000,-226000,-82000
2012/03/01,0,238000,-46000,192000
2012/03/02,0,72000,-585000,-513000
2012/03/05,0,155000,-2945000,-2790000
2012/03/06,0,141000,-429000,-288000
2012/03/07,0,38000,-90000,-52000
2012/03/08,0,145000,-88000,57000
2012/03/09,0,80000,-44000,36000
2012/03/12,0,36000,-203000,-167000
2012/03/13,0,199000,-115000,84000
2012/03/14,0,1916000,-96000,1820000
2012/03/15,0,62000,-233000,-171000
2012/03/16,0,27000,-255000,-228000
2012/03/19,0,6000,-96000,-90000
2012/03/20,0,122000,-62000,60000
2012/03/21,0,26000,-125000,-99000
2012/03/22,0,45000,-107000,-62000
2012/03/23,0,50000,-68000,-18000
2012/03/26,0,50000,-65000,-15000
2012/03/27,0,72000,-32000,40000
2012/03/28,0,52000,-42000,10000
2012/03/29,0,45000,-88036,-43036
2012/03/30,0,230000,-60000,170000
2012/04/02,0,55000,-123000,-68000
2012/04/03,0,315000,-160000,155000
2012/04/04,0,0,0,0
2012/04/05,0,108000,-135000,-27000
2012/04/06,0,153000,-65000,88000
2012/04/09,0,81000,-159000,-78000
2012/04/10,0,46000,-145000,-99000
2012/04/11,0,560000,-85000,475000
2012/04/12,0,422000,-122000,300000
2012/04/13,0,1132000,-922000,210000
2012/04/16,0,384000,-250000,134000
2012/04/17,0,188000,-169000,19000
2012/04/18,0,39000,-103000,-64000
2012/04/19,0,111000,-170000,-59000
2012/04/20,0,148000,-140000,8000
2012/04/23,0,232000,-84000,148000
2012/04/24,0,275000,-248000,27000
2012/04/25,0,196000,-253000,-57000
2012/04/26,0,37003,-283000,-245997
2012/04/27,0,30000,-103218,-73218
2012/04/30,0,296000,-146000,150000
2012/05/01,0,0,0,0
2012/05/02,0,241000,-250000,-9000
2012/05/03,0,150000,-113000,37000
2012/05/04,0,772000,-235000,537000
2012/05/07,0,82000,-283000,-201000
2012/05/08,0,205000,-90357,114643
2012/05/09,0,261000,-181000,80000
2012/05/10,0,114000,-133000,-19000
2012/05/11,0,103000,-193000,-90000
2012/05/14,0,2000,-142000,-140000
2012/05/15,0,166000,-107000,59000
2012/05/16,0,336000,-510000,-174000
2012/05/17,0,255000,-19000,236000
2012/05/18,0,501000,-910000,-409000
2012/05/21,0,27000,-96000,-69000
2012/05/22,0,345000,-394000,-49000
2012/05/23,0,23000,-124000,-101000
2012/05/24,0,140000,-960000,-820000
2012/05/25,0,50000,-154000,-104000
2012/05/28,0,100000,-16000,84000
2012/05/29,0,149000,-50000,99000
2012/05/30,0,42000,-13000,29000
2012/05/31,0,77000,-20000,57000
2012/06/01,0,33000,-102000,-69000
2012/06/04,0,44000,-735000,-691000
2012/06/05,0,13000,-77000,-64000
2012/06/06,0,39000,-44000,-5000
2012/06/07,0,29000,-37000,-8000
2012/06/08,0,46000,-51451,-5451
2012/06/11,0,29000,-44000,-15000
2012/06/12,0,42000,-53000,-11000
2012/06/13,0,28000,-22000,6000
2012/06/14,0,63000,-72802,-9802
2012/06/15,0,15000,-25000,-10000
2012/06/18,0,104000,-3000,101000
2012/06/19,0,45000,-161000,-116000
2012/06/20,0,109000,-54000,55000
2012/06/21,0,36000,-121000,-85000
2012/06/22,0,40000,-36000,4000
2012/06/25,0,38000,-82000,-44000
2012/06/26,0,4000,-93000,-89000
2012/06/27,0,34000,-10000,24000
2012/06/28,0,32000,-83000,-51000
2012/06/29,0,18000,-99000,-81000
2012/07/02,0,80000,-38000,42000
2012/07/03,0,99000,-68000,31000
2012/07/04,0,816000,-119000,697000
2012/07/05,0,702000,-50000,652000
2012/07/06,0,2260000,-202000,2058000
2012/07/09,0,12000,-3247000,-3235000
2012/07/10,0,10000,-99000,-89000
2012/07/11,0,89000,-112000,-23000
2012/07/12,0,94000,-65000,29000
2012/07/13,0,16000,-283000,-267000
2012/07/16,0,2000,-30000,-28000
2012/07/17,0,4000,-52000,-48000
2012/07/18,0,26000,-9000,17000
2012/07/19,0,32000,-68000,-36000
2012/07/20,0,19000,-35000,-16000
2012/07/23,0,22000,-54000,-32000
2012/07/24,0,0,-57000,-57000
2012/07/25,0,97000,-57000,40000
2012/07/26,0,24000,-119000,-95000
2012/07/27,0,41000,-34000,7000
2012/07/30,0,32000,-53000,-21000
2012/07/31,0,49000,-20000,29000
2012/08/01,0,27000,-25000,2000
2012/08/02,0,0,0,0
2012/08/03,0,50000,-28000,22000
2012/08/06,0,77000,-14000,63000
2012/08/07,0,26000,-53000,-27000
2012/08/08,0,10000,-10000,0
2012/08/09,0,141000,-9000,132000
2012/08/10,0,107000,-98000,9000
2012/08/13,0,54000,-39000,15000
2012/08/14,0,142000,-19000,123000
2012/08/15,0,111000,-24000,87000
2012/08/16,0,291000,-134000,157000
2012/08/17,0,175000,-157000,18000
2012/08/20,0,37000,-30000,7000
2012/08/21,0,122000,-55000,67000
2012/08/22,0,96000,-96000,0
2012/08/23,0,129000,-107000,22000
2012/08/24,0,99000,-15000,84000
2012/08/27,0,11000,-232000,-221000
2012/08/28,0,19000,-53000,-34000
2012/08/29,0,48000,-23000,25000
2012/08/30,0,65000,-115000,-50000
2012/08/31,0,143000,-140000,3000
2012/09/03,0,18000,-288000,-270000
2012/09/04,0,1000,-138000,-137000
2012/09/05,0,52000,-49000,3000
2012/09/06,0,36000,-51000,-15000
2012/09/07,0,14000,-107000,-93000
2012/09/10,0,69000,-17000,52000
2012/09/11,0,0,-54000,-54000
2012/09/12,0,202000,-80000,122000
2012/09/13,0,52000,-40831,11169
2012/09/14,0,190000,-79000,111000
2012/09/17,0,117000,-161000,-44000
2012/09/18,0,125000,-38000,87000
2012/09/19,0,142000,-241000,-99000
2012/09/20,0,69000,-302000,-233000
2012/09/21,0,108000,-155000,-47000
2012/09/24,0,94000,-149000,-55000
2012/09/25,0,17000,-47000,-30000
2012/09/26,0,135000,-80000,55000
2012/09/27,0,29000,-74000,-45000
2012/09/28,0,46000,-51000,-5000
2012/10/01,0,9000,-29000,-20000
2012/10/02,0,38000,-144000,-106000
2012/10/03,0,10000,-99000,-89000
2012/10/04,0,680000,-285000,395000
2012/10/05,0,19000,-156000,-137000
2012/10/08,0,31000,-285000,-254000
2012/10/09,0,14000,-402000,-388000
2012/10/10,0,0,0,0
2012/10/11,0,417000,-256000,161000
2012/10/12,0,112000,-100000,12000
2012/10/15,0,270000,-37000,233000
2012/10/16,0,347000,-66000,281000
2012/10/17,0,17000,-85000,-68000
2012/10/18,0,3000,-239000,-236000
2012/10/19,0,10000,-54000,-44000
2012/10/22,0,0,-42000,-42000
2012/10/23,0,0,-185000,-185000
2012/10/24,0,17000,-41000,-24000
2012/10/25,0,0,-9000,-9000
2012/10/26,0,150000,-14000,136000
2012/10/29,0,1000,-27000,-26000
2012/10/30,0,14000,-93000,-79000
2012/10/31,0,2000,-37000,-35000
2012/11/01,0,190000,0,190000
2012/11/02,0,1000,-30000,-29000
2012/11/05,0,51000,-179000,-128000
2012/11/06,0,13000,-66000,-53000
2012/11/07,0,60000,-45000,15000
2012/11/08,0,107000,-68000,39000
2012/11/09,0,69000,-2000,67000
2012/11/12,0,0,-81000,-81000
2012/11/13,0,24000,-33000,-9000
2012/11/14,0,33000,-31000,2000
2012/11/15,0,6000,-67000,-61000
2012/11/16,0,0,-123000,-123000
2012/11/19,0,2000,-10000,-8000
2012/11/20,0,0,-11000,-11000
2012/11/21,0,6000,-145000,-139000
2012/11/22,0,0,-15000,-15000
2012/11/23,0,226000,-64000,162000
2012/11/26,0,20000,-6000,14000
2012/11/27,0,9000,-7000,2000
2012/11/28,0,14000,0,14000
2012/11/29,0,394000,-6000,388000
2012/11/30,0,36000,-1244000,-1208000
2012/12/03,0,35000,-660000,-625000
2012/12/04,0,39000,-2000,37000
2012/12/05,0,878000,0,878000
2012/12/06,0,120000,-128000,-8000
2012/12/07,0,173000,0,173000
2012/12/10,0,93000,-2000,91000
2012/12/11,0,46000,-80000,-34000
2012/12/12,0,216000,-73000,143000
2012/12/13,0,526000,-83000,443000
2012/12/14,0,166000,-49000,117000
2012/12/17,0,137000,-21000,116000
2012/12/18,0,547000,0,547000
2012/12/19,0,82000,-169000,-87000
2012/12/20,0,194000,-128000,66000
2012/12/21,0,99000,-191000,-92000
2012/12/24,0,77000,-98000,-21000
2012/12/25,0,430000,-125000,305000
2012/12/26,0,159000,-134000,25000
2012/12/27,0,136000,-61000,75000
2012/12/28,0,111000,-75000,36000
2012/12/31,0,0,0,0
2013/01/01,0,0,0,0
2013/01/02,0,7000,-48000,-41000
2013/01/03,0,211000,-96000,115000
2013/01/04,0,131000,-44000,87000
2013/01/07,0,459000,-63000,396000
2013/01/08,0,170000,-200000,-30000
2013/01/09,0,134000,-177000,-43000
2013/01/10,0,260000,-293000,-33000
2013/01/11,0,138000,-34000,104000
2013/01/14,0,415000,-135000,280000
2013/01/15,0,177000,-540000,-363000
2013/01/16,0,282000,-256000,26000
2013/01/17,0,34000,-832000,-798000
2013/01/18,0,47000,-650000,-603000
2013/01/21,0,75000,-358000,-283000
2013/01/22,0,174000,-342000,-168000
2013/01/23,0,23000,-186000,-163000
2013/01/24,0,70000,-413000,-343000
2013/01/25,0,98000,-26000,72000
2013/01/28,0,192000,0,192000
2013/01/29,0,26000,-288000,-262000
2013/01/30,0,138000,-134000,4000
2013/01/31,0,95000,-95000,0
2013/02/01,0,39000,-20000,19000
2013/02/04,0,233000,-169000,64000
2013/02/05,0,91000,-120000,-29000
2013/02/06,0,7000,-354000,-347000
2013/02/07,0,0,0,0
2013/02/08,0,0,0,0
2013/02/11,0,0,0,0
2013/02/12,0,0,0,0
2013/02/13,0,0,0,0
2013/02/14,0,0,0,0
2013/02/15,0,0,0,0
2013/02/18,0,34000,-189000,-155000
2013/02/19,0,141000,-162000,-21000
2013/02/20,0,150000,-160000,-10000
2013/02/21,0,38000,-13000,25000
2013/02/22,0,30000,-128000,-98000
2013/02/25,0,100000,-89000,11000
2013/02/26,0,121000,-73000,48000
2013/02/27,0,0,-115000,-115000
2013/02/28,0,0,0,0
2013/03/01,0,107000,-89000,18000
2013/03/04,0,64000,-225000,-161000
2013/03/05,0,0,-37000,-37000
2013/03/06,0,54000,-89000,-35000
2013/03/07,0,53000,-203000,-150000
2013/03/08,0,655000,-991000,-336000
2013/03/11,0,28000,-397232,-369232
2013/03/12,0,346000,-109000,237000
2013/03/13,0,3000,-29000,-26000
2013/03/14,0,24000,-335000,-311000
2013/03/15,0,0,-218000,-218000
2013/03/18,0,52000,-67000,-15000
2013/03/19,0,0,-212000,-212000
2013/03/20,0,327000,-217000,110000
2013/03/21,0,25000,0,25000
2013/03/22,0,18000,-25000,-7000
2013/03/25,0,0,-61000,-61000
2013/03/26,0,0,-6000,-6000
2013/03/27,0,30000,-12000,18000
2013/03/28,0,22000,-17000,5000
2013/03/29,0,80000,0,80000
2013/04/01,0,0,-2000,-2000
2013/04/02,0,34000,-17000,17000
2013/04/03,0,18000,-10000,8000
2013/04/04,0,0,0,0
2013/04/05,0,0,0,0
2013/04/08,0,9000,-123000,-114000
2013/04/09,0,2000,-280000,-278000
2013/04/10,0,0,-22000,-22000
2013/04/11,0,477000,-129000,348000
2013/04/12,0,143000,-103000,40000
2013/04/15,0,119000,-44000,75000
2013/04/16,0,5000,-269000,-264000
2013/04/17,0,360000,-362000,-2000
2013/04/18,0,11000,-38000,-27000
2013/04/19,0,34000,-89000,-55000
2013/04/22,0,313000,-59000,254000
2013/04/23,0,119000,-66000,53000
2013/04/24,0,0,-1426000,-1426000
2013/04/25,0,162000,-116000,46000
2013/04/26,0,15000,-918000,-903000
2013/04/29,0,0,-12000,-12000
2013/04/30,0,20000,-93000,-73000
2013/05/01,0,0,0,0
2013/05/02,0,72000,-111348,-39348
2013/05/03,0,0,-182000,-182000
2013/05/06,0,0,-12000,-12000
2013/05/07,0,20000,-20000,0
2013/05/08,0,12000,-39000,-27000
2013/05/09,0,33000,0,33000
2013/05/10,0,35000,-94000,-59000
2013/05/13,0,60000,-26000,34000
2013/05/14,0,44000,-193000,-149000
2013/05/15,0,37000,-101000,-64000
2013/05/16,0,110000,-120000,-10000
2013/05/17,0,86000,-63000,23000
2013/05/20,0,0,-41000,-41000
2013/05/21,0,58000,-307000,-249000
2013/05/22,0,123000,-113000,10000
2013/05/23,0,37000,-389000,-352000
2013/05/24,0,5000,-44000,-39000
2013/05/27,0,5000,-31000,-26000
2013/05/28,0,40000,-2000,38000
2013/05/29,0,0,-57000,-57000
2013/05/30,0,0,-65000,-65000
2013/05/31,0,26000,-497000,-471000
2013/06/03,0,23000,-174091,-151091
2013/06/04,0,0,-69000,-69000
2013/06/05,0,0,-20000,-20000
2013/06/06,0,20000,-24000,-4000
2013/06/07,0,40000,0,40000
2013/06/10,0,400000,-17000,383000
2013/06/11,0,0,-2000,-2000
2013/06/12,0,0,0,0
2013/06/13,0,9000,0,9000
2013/06/14,0,115000,-411000,-296000
2013/06/17,0,60000,-18000,42000
2013/06/18,0,77000,-62000,15000
2013/06/19,0,77000,-110000,-33000
2013/06/20,0,9000,-84000,-75000
2013/06/21,0,11000,-18000,-7000
2013/06/24,0,21000,0,21000
2013/06/25,0,51000,-12000,39000
2013/06/26,0,0,-72000,-72000
2013/06/27,0,23000,-54000,-31000
2013/06/28,0,26000,-544000,-518000
2013/07/01,0,59000,-94000,-35000
2013/07/02,0,0,-83000,-83000
2013/07/03,0,14000,-166000,-152000
2013/07/04,0,59000,-55000,4000
2013/07/05,0,50000,-93000,-43000
2013/07/08,0,0,-35000,-35000
2013/07/09,0,230000,-184000,46000
2013/07/10,0,913000,-297000,616000
2013/07/11,0,186000,-1087000,-901000
2013/07/12,0,111000,-86000,25000
2013/07/15,0,188000,-113000,75000
2013/07/16,0,572000,-19000,553000
2013/07/17,0,1933000,-605000,1328000
2013/07/18,0,111000,-2565000,-2454000
2013/07/19,0,95000,-85000,10000
2013/07/22,0,104000,-192000,-88000
2013/07/23,0,240000,-139000,101000
2013/07/24,0,316000,-241000,75000
2013/07/25,0,152000,-298000,-146000
2013/07/26,0,210000,-400000,-190000
2013/07/29,0,46000,-99000,-53000
2013/07/30,0,299000,-29000,270000
2013/07/31,0,81000,-181000,-100000
2013/08/01,0,215000,-219000,-4000
2013/08/02,0,240000,-124000,116000
2013/08/05,0,49000,-75000,-26000
2013/08/06,0,57000,-34000,23000
2013/08/07,0,321000,-127000,194000
2013/08/08,0,319000,-132000,187000
2013/08/09,0,301000,-371000,-70000
2013/08/12,0,138000,-23000,115000
2013/08/13,0,176000,-65000,111000
2013/08/14,0,127000,-115000,12000
2013/08/15,0,548000,-84000,464000
2013/08/16,0,718000,-1095000,-377000
2013/08/19,0,171000,-394000,-223000
2013/08/20,0,180000,-355000,-175000
2013/08/21,0,0,0,0
2013/08/22,0,484000,-517000,-33000
2013/08/23,0,84000,-20000,64000
2013/08/26,0,70000,-26000,44000
2013/08/27,0,69000,-525000,-456000
2013/08/28,0,248000,-118000,130000
2013/08/29,0,156000,-138000,18000
2013/08/30,0,103000,-107000,-4000
2013/09/02,0,98000,-98000,0
2013/09/03,0,119000,-137000,-18000
2013/09/04,0,150000,-248000,-98000
2013/09/05,0,432000,-367000,65000
2013/09/06,0,60000,-618000,-558000
2013/09/09,0,24000,-99000,-75000
2013/09/10,0,11000,-70000,-59000
2013/09/11,0,9000,-163000,-154000
2013/09/12,0,246000,-95000,151000
2013/09/13,0,135000,-42000,93000
2013/09/16,0,36000,-68000,-32000
2013/09/17,0,80000,-42000,38000
2013/09/18,0,117000,-30000,87000
2013/09/19,0,0,0,0
2013/09/20,0,0,0,0
2013/09/23,0,53000,-128000,-75000
2013/09/24,0,75000,-126000,-51000
2013/09/25,0,15000,-31000,-16000
2013/09/26,0,32000,-128000,-96000
2013/09/27,0,400000,-61000,339000
2013/09/30,0,80000,-478000,-398000
2013/10/01,0,46000,-76000,-30000
2013/10/02,0,13000,-43000,-30000
2013/10/03,0,363000,-99000,264000
2013/10/04,0,1037000,-240000,797000
2013/10/07,0,1155000,-292637,862363
2013/10/08,0,200000,-211000,-11000
2013/10/09,0,27000,-301000,-274000
2013/10/10,0,0,0,0
2013/10/11,0,104000,-186000,-82000
2013/10/14,0,37000,-166000,-129000
2013/10/15,0,67000,-27000,40000
2013/10/16,0,14000,-64000,-50000
2013/10/17,0,2000,-73000,-71000
2013/10/18,0,178000,-30000,148000
2013/10/21,0,98000,-126000,-28000
2013/10/22,0,46000,-26000,20000
2013/10/23,0,44000,-180000,-136000
2013/10/24,0,357000,0,357000
2013/10/25,0,45000,-381000,-336000
2013/10/28,0,221000,-74000,147000
2013/10/29,0,43000,-79000,-36000
2013/10/30,0,141000,-128000,13000
2013/10/31,0,93000,-23000,70000
2013/11/01,0,172000,-130000,42000
2013/11/04,0,34000,-41000,-7000
2013/11/05,0,1000,-71000,-70000
2013/11/06,0,50000,-36000,14000
2013/11/07,0,97000,-154000,-57000
2013/11/08,0,15332,-101000,-85668
2013/11/11,0,140000,-48000,92000
2013/11/12,0,92000,-188000,-96000
2013/11/13,0,11000,-259000,-248000
2013/11/14,0,14000,-151000,-137000
2013/11/15,0,8000,-40000,-32000
2013/11/18,0,0,-76000,-76000
2013/11/19,0,838000,-92000,746000
2013/11/20,0,131000,-365000,-234000
2013/11/21,0,20000,-162000,-142000
2013/11/22,0,111000,-112000,-1000
2013/11/25,0,101000,-50000,51000
2013/11/26,0,176000,-117000,59000
2013/11/27,0,414000,-512000,-98000
2013/11/28,0,307000,-203000,104000
2013/11/29,0,245000,-266000,-21000
2013/12/02,0,284000,-268000,16000
2013/12/03,0,180000,-59000,121000
2013/12/04,0,277000,-1563000,-1286000
2013/12/05,0,29000,-114000,-85000
2013/12/06,0,123000,-275000,-152000
2013/12/09,0,246000,-384000,-138000
2013/12/10,0,135000,-267000,-132000
2013/12/11,0,262000,-684000,-422000
2013/12/12,0,1357000,-809000,548000
2013/12/13,0,257000,-1241000,-984000
2013/12/16,0,161000,-143000,18000
2013/12/17,0,0,-191000,-191000
2013/12/18,0,9000,-170000,-161000
2013/12/19,0,111000,-28000,83000
2013/12/20,0,1262000,-400121,861879
2013/12/23,0,374000,-819000,-445000
2013/12/24,0,10000,-150835,-140835
2013/12/25,0,33000,-69000,-36000
2013/12/26,0,11000,-154000,-143000
2013/12/27,0,31000,-236000,-205000
2013/12/30,0,431000,-131000,300000
2013/12/31,0,494000,-591000,-97000
2014/01/02,0,0,-596000,-596000
2014/01/03,0,226000,-185000,41000
2014/01/06,0,8000,-325000,-317000
2014/01/07,0,32000,-60077,-28077
2014/01/08,0,58000,-145000,-87000
2014/01/09,0,43000,-51000,-8000
2014/01/10,0,468000,-48000,420000
2014/01/13,0,280000,-265000,15000
2014/01/14,0,2000,-80000,-78000
2014/01/15,0,0,-99000,-99000
2014/01/16,0,52004,-20000,32004
2014/01/17,0,8000,-86000,-78000
2014/01/20,0,58000,-63000,-5000
2014/01/21,0,28000,-54000,-26000
2014/01/22,0,81000,-27000,54000
2014/01/23,0,26000,-82000,-56000
2014/01/24,0,19000,-53000,-34000
2014/01/27,0,49000,-63000,-14000
2014/02/05,0,249000,-88000,161000
2014/02/06,0,103000,-117000,-14000
2014/02/07,0,1000,-15000,-14000
2014/02/10,0,9000,-11000,-2000
2014/02/11,0,0,-61000,-61000
2014/02/12,0,22000,-7000,15000
2014/02/13,0,0,-17000,-17000
2014/02/14,0,137000,-28000,109000
2014/02/17,0,14000,-4000,10000
2014/02/18,0,37000,0,37000
2014/02/19,0,12000,-128000,-116000
2014/02/20,0,2000,-35000,-33000
2014/02/21,0,10000,-14000,-4000
2014/02/24,0,6000,-212000,-206000
2014/02/25,0,67000,-18000,49000
2014/02/26,0,10000,-4000,6000
2014/02/27,0,529000,-453000,76000
2014/03/03,0,26000,-252000,-226000
2014/03/04,0,55000,-105000,-50000
2014/03/05,0,8000,-133000,-125000
2014/03/06,0,127000,-19000,108000
2014/03/07,0,8000,-117000,-109000
2014/03/10,0,12000,-4000,8000
2014/03/11,0,39000,-25000,14000
2014/03/12,0,5000,-17000,-12000
2014/03/13,0,21000,-5000,16000
2014/03/14,0,31000,-31000,0
2014/03/17,0,10000,-46000,-36000
2014/03/18,0,48000,-11000,37000
2014/03/19,0,57000,-15000,42000
2014/03/20,0,25000,-95000,-70000
2014/03/21,0,15000,-182000,-167000
2014/03/24,0,8000,-32000,-24000
2014/03/25,0,3000,-7000,-4000
2014/03/26,0,9000,-29000,-20000
2014/03/27,0,16000,-19000,-3000
2014/03/28,0,70000,-19000,51000
2014/03/31,0,33000,-32000,1000
2014/04/01,0,47000,-14000,33000
2014/04/02,0,176000,-27000,149000
2014/04/03,0,68000,-186000,-118000
2014/04/07,0,4000,-8000,-4000
2014/04/08,0,523000,-23000,500000
2014/04/09,0,26000,-231000,-205000
2014/04/10,0,29000,-75000,-46000
2014/04/11,0,5000,-26000,-21000
2014/04/14,0,32000,-1000,31000
2014/04/15,0,16000,-65000,-49000
2014/04/16,0,36000,-17000,19000
2014/04/17,0,80000,-147000,-67000
2014/04/18,0,29000,-31000,-2000
2014/04/21,0,98000,-53000,45000
2014/04/22,0,15000,-81000,-66000
2014/04/23,0,0,-30000,-30000
2014/04/24,0,63000,-52000,11000
2014/04/25,0,10000,-68944,-58944
2014/04/28,0,14000,-25000,-11000
2014/04/29,0,58000,-18000,40000
2014/04/30,0,3000,-37000,-34000
2014/05/02,0,211000,-68000,143000
2014/05/05,0,114000,-29000,85000
2014/05/06,0,28000,-64000,-36000
2014/05/07,0,8000,-90135,-82135
2014/05/08,0,29000,-24000,5000
2014/05/09,0,23000,-57000,-34000
2014/05/12,0,19000,-18000,1000
2014/05/13,0,4000,-14000,-10000
2014/05/14,0,184000,-79000,105000
2014/05/15,0,98000,-72000,26000
2014/05/16,0,85000,-102000,-17000
2014/05/19,0,253000,-16000,237000
2014/05/20,0,158000,-75000,83000
2014/05/21,0,39000,-176000,-137000
2014/05/22,0,63000,-26000,37000
2014/05/23,0,15000,-48000,-33000
2014/05/26,0,23000,-34000,-11000
2014/05/27,0,41000,-10000,31000
2014/05/28,0,26000,-60000,-34000
2014/05/29,0,22592,-27000,-4408
2014/05/30,0,192000,-231000,-39000
2014/06/03,0,133000,-93000,40000
2014/06/04,0,54000,-14000,40000
2014/06/05,0,277000,-80000,197000
2014/06/06,0,220000,-87000,133000
2014/06/09,0,110000,-152000,-42000
2014/06/10,0,3000,-103000,-100000
2014/06/11,0,27000,-24000,3000
2014/06/12,0,74000,-47000,27000
2014/06/13,0,66000,-43000,23000
2014/06/16,0,19000,-18000,1000
2014/06/17,0,93000,-99000,-6000
2014/06/18,0,165000,-89000,76000
2014/06/19,0,28000,-23000,5000
2014/06/20,0,12000,-5000,7000
2014/06/23,0,52000,-91000,-39000
2014/06/24,0,59000,0,59000
2014/06/25,0,60000,-120000,-60000
2014/06/26,0,86000,-44000,42000
2014/06/27,0,20000,-100000,-80000
2014/06/30,0,9000,-59000,-50000
2014/07/01,0,66000,-59000,7000
2014/07/02,0,65000,-20000,45000
2014/07/03,0,122000,-59000,63000
2014/07/04,0,58000,-86000,-28000
2014/07/07,0,1080000,-24000,1056000
2014/07/08,0,26000,-1046000,-1020000
2014/07/09,0,30000,-87000,-57000
2014/07/10,0,397000,-28000,369000
2014/07/11,0,56000,-109000,-53000
2014/07/14,0,170000,-67000,103000
2014/07/15,0,0,-110000,-110000
2014/07/16,0,44000,-79000,-35000
2014/07/17,0,7000,-143000,-136000
2014/07/18,0,3000,-126000,-123000
2014/07/21,0,65000,-30000,35000
2014/07/22,0,144000,-15000,129000
2014/07/23,0,0,0,0
2014/07/24,0,32000,-20000,12000
2014/07/25,0,86000,-45000,41000
2014/07/28,0,962000,-49000,913000
2014/07/29,0,1313000,-932000,381000
2014/07/30,0,612000,-1021000,-409000
2014/07/31,0,699000,-396000,303000
2014/08/01,0,237000,-346000,-109000
2014/08/04,0,746000,-223000,523000
2014/08/05,0,1427000,-800000,627000
2014/08/06,0,529000,-1636000,-1107000
2014/08/07,0,315000,-729000,-414000
2014/08/08,0,173000,-331000,-158000
2014/08/11,0,248000,-45000,203000
2014/08/12,0,88000,-410000,-322000
2014/08/13,0,1105000,-291000,814000
2014/08/14,0,51000,-270000,-219000
2014/08/15,0,65000,-513000,-448000
2014/08/18,0,22000,-263000,-241000
2014/08/19,0,470000,-83000,387000
2014/08/20,0,134000,-288000,-154000
2014/08/21,0,111000,-133000,-22000
2014/08/22,0,95000,-77000,18000
2014/08/25,0,52000,-4000,48000
2014/08/26,0,151000,-55000,96000
2014/08/27,0,108000,-212000,-104000
2014/08/28,0,25000,-104000,-79000
2014/08/29,0,31000,-50000,-19000
2014/09/01,0,106000,-5000,101000
2014/09/02,0,88000,-246000,-158000
2014/09/03,0,173000,-333000,-160000
2014/09/04,0,864000,-51000,813000
2014/09/05,0,450000,-871000,-421000
2014/09/09,0,45000,-102000,-57000
2014/09/10,0,14000,-172000,-158000
2014/09/11,0,10000,-377000,-367000
2014/09/12,0,0,-57000,-57000
2014/09/15,0,6000,-30000,-24000
2014/09/16,0,0,-50000,-50000
2014/09/17,0,3000,-24000,-21000
2014/09/18,0,45000,-40000,5000
2014/09/19,0,68000,-10324,57676
2014/09/22,0,56000,-139000,-83000
2014/09/23,0,83000,-310000,-227000
2014/09/24,0,0,-29000,-29000
2014/09/25,0,10000,-79000,-69000
2014/09/26,0,110000,-20000,90000
2014/09/29,0,261000,-120000,141000
2014/09/30,0,814000,-165000,649000
2014/10/01,0,237000,-494000,-257000
2014/10/02,0,122000,-255000,-133000
2014/10/03,0,257000,-177000,80000
2014/10/06,0,284000,-445000,-161000
2014/10/07,0,41000,-316000,-275000
2014/10/08,0,234000,-301000,-67000
2014/10/09,0,294000,-139000,155000
2014/10/13,0,82000,-234000,-152000
2014/10/14,0,5000,-162000,-157000
2014/10/15,0,117000,-132000,-15000
2014/10/16,0,14000,-130000,-116000
2014/10/17,0,113000,-18000,95000
2014/10/20,0,73000,-70000,3000
2014/10/21,0,181000,-101000,80000
2014/10/22,0,142000,-138000,4000
2014/10/23,0,445000,-249000,196000
2014/10/24,0,68000,-434000,-366000
2014/10/27,0,302000,-730000,-428000
2014/10/28,0,79000,-338000,-259000
2014/10/29,0,6000,-1000,5000
2014/10/30,0,33000,-138000,-105000
2014/10/31,0,3000,-40000,-37000
2014/11/03,0,104000,-29000,75000
2014/11/04,0,9000,-65000,-56000
2014/11/05,0,0,-10000,-10000
2014/11/06,0,23000,-52000,-29000
2014/11/07,0,29000,-91000,-62000
2014/11/10,0,54000,-4000,50000
2014/11/11,0,14000,-44000,-30000
2014/11/12,0,28000,-43000,-15000
2014/11/13,0,8000,-15000,-7000
2014/11/14,0,5000,-33000,-28000
2014/11/17,0,24000,-50000,-26000
2014/11/18,0,11000,-41000,-30000
2014/11/19,0,23000,-4000,19000
2014/11/20,0,457000,-12000,445000
2014/11/21,0,49000,-285000,-236000
2014/11/24,0,121000,-116000,5000
2014/11/25,0,16000,-44000,-28000
2014/11/26,0,9000,-78000,-69000
2014/11/27,0,4000,-4000,0
2014/11/28,0,1000,-8000,-7000
2014/12/01,0,3000,-33000,-30000
2014/12/02,0,4000,-27000,-23000
2014/12/03,0,30000,-1000,29000
2014/12/04,0,16000,-22000,-6000
2014/12/05,0,13000,-4000,9000
2014/12/08,0,40000,-14000,26000
2014/12/09,0,18000,0,18000
2014/12/10,0,6000,-141000,-135000
2014/12/11,0,0,-10000,-10000
2014/12/12,0,9000,-8000,1000
2014/12/15,0,2000,-2000,0
2014/12/16,0,21000,-15000,6000
2014/12/17,0,2000,-74000,-72000
2014/12/18,0,2000,-20000,-18000
2014/12/19,0,59000,-6000,53000
2014/12/22,0,35000,-6000,29000
2014/12/23,0,12000,-20000,-8000
2014/12/24,0,11000,-16000,-5000
2014/12/25,0,0,-14000,-14000
2014/12/26,0,29000,0,29000
2014/12/29,0,101000,-3000,98000
2014/12/30,0,52000,-90000,-38000
2014/12/31,0,5000,-82000,-77000
2015/01/01,0,0,0,0
2015/01/02,0,0,0,0
2015/01/05,0,6000,-13000,-7000
2015/01/06,0,3000,-46000,-43000
2015/01/07,0,18000,-4000,14000
2015/01/08,0,19000,-6000,13000
2015/01/09,0,1000,-8000,-7000
2015/01/12,0,7000,0,7000
2015/01/13,0,131000,-8000,123000
2015/01/14,0,35000,-24000,11000
2015/01/15,0,957000,-11000,946000
2015/01/16,0,418000,-140229,277771
2015/01/19,0,108000,-424000,-316000
2015/01/20,0,139000,-65000,74000
2015/01/21,0,11000,-660137,-649137
2015/01/22,0,20000,-217000,-197000
2015/01/23,0,202000,-27000,175000
2015/01/26,0,36000,-126000,-90000
2015/01/27,0,241000,-31000,210000
2015/01/28,0,625000,-181000,444000
2015/01/29,0,159000,-423000,-264000
2015/01/30,0,336000,-194000,142000
2015/02/02,0,67000,-264000,-197000
2015/02/03,0,48000,-86000,-38000
2015/02/04,0,191000,-34138,156862
2015/02/05,0,43000,-243000,-200000
2015/02/06,0,0,-23000,-23000
2015/02/09,0,7000,-43000,-36000
2015/02/10,0,317000,-80000,237000
2015/02/11,0,63000,-261000,-198000
2015/02/12,0,37000,-95000,-58000
2015/02/13,0,14000,-47000,-33000
2015/02/16,0,0,0,0
2015/02/17,0,0,0,0
2015/02/18,0,0,0,0
2015/02/19,0,0,0,0
2015/02/20,0,0,0,0
2015/02/23,0,0,0,0
2015/02/24,0,135000,-31000,104000
2015/02/25,0,212000,-132138,79862
2015/02/26,0,124000,-194000,-70000
2015/02/27,0,0,0,0
2015/03/02,0,9000,-25000,-16000
2015/03/03,0,0,-20000,-20000
2015/03/04,0,4000,-14000,-10000
2015/03/05,0,60000,-15138,44862
2015/03/06,0,19000,-39000,-20000
2015/03/09,0,36000,-29000,7000
2015/03/10,0,6000,-18000,-12000
2015/03/11,0,16000,-32000,-16000
2015/03/12,0,133000,-21000,112000
2015/03/13,0,56000,-20000,36000
2015/03/16,0,133000,-37000,96000
2015/03/17,0,94000,-153138,-59138
2015/03/18,0,122000,-238000,-116000
2015/03/19,0,776000,-228000,548000
2015/03/20,0,210000,-755000,-545000
2015/03/23,0,34000,-39000,-5000
2015/03/24,0,87000,-78000,9000
2015/03/25,0,14000,-45000,-31000
2015/03/26,0,85000,-98000,-13000
2015/03/27,0,9000,-37000,-28000
2015/03/30,0,30000,-9000,21000
2015/03/31,0,46000,-18000,28000
2015/04/01,0,1000,-69000,-68000
2015/04/02,0,34000,-89000,-55000
2015/04/03,0,0,0,0
2015/04/06,0,0,0,0
2015/04/07,0,181000,-13000,168000
2015/04/08,0,47000,-163000,-116000
2015/04/09,0,19000,-8000,11000
2015/04/10,0,0,-68000,-68000
2015/04/13,0,11000,-27000,-16000
2015/04/14,0,52000,-44000,8000
2015/04/15,0,10000,-82000,-72000
2015/04/16,0,17000,-10000,7000
2015/04/17,0,26000,-21000,5000
2015/04/20,0,17000,-228000,-211000
2015/04/21,0,11000,-85000,-74000
2015/04/22,0,24000,-24000,0
2015/04/23,0,18000,-20000,-2000
2015/04/24,0,65000,-51000,14000
2015/04/27,0,168000,-61000,107000
2015/04/28,0,593000,-112000,481000
2015/04/29,0,171000,-288000,-117000
2015/04/30,0,155000,-62000,93000
2015/05/01,0,0,0,0
2015/05/04,0,381000,-187000,194000
2015/05/05,0,138000,-334000,-196000
2015/05/06,0,71000,-87000,-16000
2015/05/07,0,712000,-187000,525000
2015/05/08,0,77000,-515000,-438000
2015/05/11,0,322000,-262000,60000
2015/05/12,0,442000,-227000,215000
2015/05/13,0,83000,-176000,-93000
2015/05/14,0,28000,-481000,-453000
2015/05/15,0,162000,-231000,-69000
2015/05/18,0,59000,-48000,11000
2015/05/19,0,28000,-109000,-81000
2015/05/20,0,13000,-104000,-91000
2015/05/21,0,9000,-141000,-132000
2015/05/22,0,48000,-21000,27000
2015/05/25,0,1000,-54000,-53000
2015/05/26,0,12000,-26000,-14000
2015/05/27,0,63000,-32000,31000
2015/05/28,0,58000,-11000,47000
2015/05/29,0,9000,-15000,-6000
2015/06/01,0,47000,-84000,-37000
2015/06/02,0,0,-38000,-38000
2015/06/03,0,7000,-8000,-1000
2015/06/04,0,0,-192000,-192000
2015/06/05,0,4000,-210000,-206000
2015/06/08,0,34000,-15000,19000
2015/06/09,0,40000,-72000,-32000
2015/06/10,0,9000,-114000,-105000
2015/06/11,0,82000,-92000,-10000
2015/06/12,0,0,-2000,-2000
2015/06/15,0,3000,-17000,-14000
2015/06/16,0,10000,-20000,-10000
2015/06/17,0,91000,-84000,7000
2015/06/18,0,70000,-130000,-60000
2015/06/19,0,0,0,0
2015/06/22,0,9000,-8000,1000
2015/06/23,0,22000,-54000,-32000
2015/06/24,0,19000,-15000,4000
2015/06/25,0,15000,-7000,8000
2015/06/26,0,90000,0,90000
2015/06/29,0,171000,-4000,167000
2015/06/30,0,18000,-6000,12000
2015/07/01,0,72000,0,72000
2015/07/02,0,17000,-4000,13000
2015/07/03,0,3000,-28000,-25000
2015/07/06,0,866000,-8000,858000
2015/07/07,0,69000,-379000,-310000
2015/07/08,0,30000,-128000,-98000
2015/07/09,0,101000,-95000,6000
2015/07/10,0,0,0,0
2015/07/13,0,11000,-65000,-54000
2015/07/14,0,88000,-49000,39000
2015/07/15,0,354000,-129000,225000
2015/07/16,0,37000,-357000,-320000
2015/07/17,0,95000,-63000,32000
2015/07/20,0,39000,-22000,17000
2015/07/21,0,77000,-50000,27000
2015/07/22,0,13000,-96000,-83000
2015/07/23,0,50000,-78000,-28000
2015/07/24,0,21000,-22000,-1000
2015/07/27,0,269000,-67000,202000
2015/07/28,0,100000,-126000,-26000
2015/07/29,0,83000,-35000,48000
2015/07/30,0,380000,-165000,215000
2015/07/31,0,28000,-496000,-468000
2015/08/03,0,787000,-70000,717000
2015/08/04,0,184000,-709000,-525000
2015/08/05,0,394000,-133000,261000
2015/08/06,0,60000,-294000,-234000
2015/08/07,0,65000,-174000,-109000
2015/08/10,0,22000,-39000,-17000
2015/08/11,0,15000,-47000,-32000
2015/08/12,0,79000,-27000,52000
2015/08/13,0,124000,-34000,90000
2015/08/14,0,41000,-51000,-10000
2015/08/17,0,58000,-47000,11000
2015/08/18,0,0,-84000,-84000
2015/08/19,0,293000,-91000,202000
2015/08/20,0,62000,-264000,-202000
2015/08/21,0,84000,-32000,52000
2015/08/24,0,114000,-535000,-421000
2015/08/25,0,563000,-18000,545000
2015/08/26,0,127000,-438000,-311000
2015/08/27,0,75000,-96000,-21000
2015/08/28,0,91000,-123000,-32000
2015/08/31,0,192000,-79000,113000
2015/09/01,0,31000,-288000,-257000
2015/09/02,0,1399000,-111000,1288000
2015/09/03,0,346000,-789000,-443000
2015/09/04,0,92000,-490000,-398000
2015/09/07,0,9000,-179000,-170000
2015/09/08,0,135000,-74000,61000
2015/09/09,0,657000,-100000,557000
2015/09/10,0,275000,-575000,-300000
2015/09/11,0,69000,-130000,-61000
2015/09/14,0,110000,-76000,34000
2015/09/15,0,56000,-134000,-78000
2015/09/16,0,180000,-67000,113000
2015/09/17,0,411000,-162000,249000
2015/09/18,0,185000,-349000,-164000
2015/09/21,0,9000,-142000,-133000
2015/09/22,0,138000,-93000,45000
2015/09/23,0,53000,-103000,-50000
2015/09/24,0,97000,-145000,-48000
2015/09/25,0,135000,-193000,-58000
2015/09/28,0,0,0,0
2015/09/29,0,0,0,0
2015/09/30,0,96000,-87000,9000
2015/10/01,0,554000,-107000,447000
2015/10/02,0,96000,-233000,-137000
2015/10/05,0,159000,-269000,-110000
2015/10/06,0,6000,-100000,-94000
2015/10/07,0,185000,-9000,176000
2015/10/08,0,6000,-170000,-164000
2015/10/09,0,0,0,0
2015/10/12,0,754000,-12000,742000
2015/10/13,0,241000,-563000,-322000
2015/10/14,0,115000,-185000,-70000
2015/10/15,0,17000,-149000,-132000
2015/10/16,0,40000,-205000,-165000
2015/10/19,0,10000,-151000,-141000
2015/10/20,0,988000,-141000,847000
2015/10/21,0,48000,-616000,-568000
2015/10/22,0,369000,-133000,236000
2015/10/23,0,94000,-604000,-510000
2015/10/26,0,44000,-26000,18000
2015/10/27,0,960000,-61000,899000
2015/10/28,0,76000,-770000,-694000
2015/10/29,0,176000,-289000,-113000
2015/10/30,0,241000,-129000,112000
2015/11/02,0,51000,-169000,-118000
2015/11/03,0,265000,-54000,211000
2015/11/04,0,336000,-144000,192000
2015/11/05,0,30000,-451000,-421000
2015/11/06,0,54000,-123000,-69000
2015/11/09,0,8000,-48000,-40000
2015/11/10,0,241000,-41000,200000
2015/11/11,0,71000,-194000,-123000
2015/11/12,0,494000,-124000,370000
2015/11/13,0,61000,-351000,-290000
2015/11/16,0,56000,-112000,-56000
2015/11/17,0,75000,-60000,15000
2015/11/18,0,38000,-48000,-10000
2015/11/19,0,370000,-190000,180000
2015/11/20,0,18000,-441000,-423000
2015/11/23,0,24000,-42000,-18000
2015/11/24,0,0,-47000,-47000
2015/11/25,0,5000,-20000,-15000
2015/11/26,0,21000,-97000,-76000
2015/11/27,0,35000,-11000,24000
2015/11/30,0,15000,-146000,-131000
2015/12/01,0,143000,-40000,103000
2015/12/02,0,53000,-63000,-10000
2015/12/03,0,39000,-14000,25000
2015/12/04,0,63000,-34000,29000
2015/12/07,0,42000,-70000,-28000
2015/12/08,0,49000,-26000,23000
2015/12/09,0,44000,-60000,-16000
2015/12/10,0,141000,-88000,53000
2015/12/11,0,0,-166000,-166000
2015/12/14,0,43000,-45000,-2000
2015/12/15,0,116000,-31000,85000
2015/12/16,0,199000,-34000,165000
2015/12/17,0,45000,-124000,-79000
2015/12/18,0,124000,-13000,111000
2015/12/21,0,9000,-99000,-90000
2015/12/22,0,18000,-167000,-149000
2015/12/23,0,179000,-34000,145000
2015/12/24,0,12000,-200000,-188000
2015/12/25,0,0,-13000,-13000
2015/12/28,0,5000,-1000,4000
2015/12/29,0,1000,-4000,-3000
2015/12/30,0,17000,-46000,-29000
2015/12/31,0,77000,-15000,62000
2016/01/01,0,0,0,0
2016/01/04,0,26000,-19000,7000
2016/01/05,0,0,-45000,-45000
2016/01/06,0,62000,-21000,41000
2016/01/07,0,88000,-17000,71000
2016/01/08,0,88000,-4000,84000
2016/01/11,0,5000,-304000,-299000
2016/01/12,0,2000,-44000,-42000
2016/01/13,0,0,-45000,-45000
2016/01/14,0,19000,-8000,11000
2016/01/15,0,105000,-10000,95000
2016/01/18,0,147000,-17000,130000
2016/01/19,0,5000,-48000,-43000
2016/01/20,0,44000,-98000,-54000
2016/01/21,0,39000,-80000,-41000
2016/01/22,0,12000,-8000,4000
2016/01/25,0,62000,-18000,44000
2016/01/26,0,8000,-61000,-53000
2016/01/27,0,23000,-66000,-43000
2016/01/28,0,124000,-66000,58000
2016/01/29,0,0,-153000,-153000
2016/02/01,0,0,-5000,-5000
2016/02/02,0,0,-32000,-32000
2016/02/03,0,76000,0,76000
2016/02/04,0,0,0,0
2016/02/05,0,0,0,0
2016/02/08,0,0,0,0
2016/02/09,0,0,0,0
2016/02/10,0,0,0,0
2016/02/11,0,0,0,0
2016/02/12,0,0,0,0
2016/02/15,0,37000,0,37000
2016/02/16,0,85000,-84000,1000
2016/02/17,0,57000,-48000,9000
2016/02/18,0,78000,-63000,15000
2016/02/19,0,16000,-73000,-57000
2016/02/22,0,13000,-20000,-7000
2016/02/23,0,0,-21000,-21000
2016/02/24,0,42000,-22000,20000
2016/02/25,0,592000,-95000,497000
2016/02/26,0,0,-393000,-393000
2016/02/29,0,0,0,0
2016/03/01,0,2000,-29000,-27000
2016/03/02,0,146000,-11000,135000
2016/03/03,0,367000,-154000,213000
2016/03/04,0,0,-372000,-372000
2016/03/07,0,13000,-5000,8000
2016/03/08,0,2000,-118000,-116000
2016/03/09,0,22000,-5000,17000
2016/03/10,0,10000,0,10000
2016/03/11,0,0,-24000,-24000
2016/03/14,0,381000,0,381000
2016/03/15,0,0,-275000,-275000
2016/03/16,0,67000,-12000,55000
2016/03/17,0,0,-68000,-68000
2016/03/18,0,239000,-26000,213000
2016/03/21,0,12000,-75000,-63000
2016/03/22,0,3000,-125000,-122000
2016/03/23,0,109000,-54000,55000
2016/03/24,0,90000,-14000,76000
2016/03/25,0,0,-5000,-5000
2016/03/28,0,54000,0,54000
2016/03/29,0,1000,0,1000
2016/03/30,0,10000,0,10000
2016/03/31,0,36000,-9835,26165
2016/04/01,0,2000,-19000,-17000
2016/04/04,0,0,0,0
2016/04/05,0,0,0,0
2016/04/06,0,1000,-64000,-63000
2016/04/07,0,0,-11000,-11000
2016/04/08,0,38000,0,38000
2016/04/11,0,0,-16000,-16000
2016/04/12,0,0,0,0
2016/04/13,0,7000,-1000,6000
2016/04/14,0,14000,-36000,-22000
2016/04/15,0,4000,-53000,-49000
2016/04/18,0,0,-5000,-5000
2016/04/19,0,6000,-1000,5000
2016/04/20,0,12000,-22000,-10000
2016/04/21,0,4000,-9000,-5000
2016/04/22,0,0,-9000,-9000
2016/04/25,0,2000,-10000,-8000
2016/04/26,0,96000,-5000,91000
2016/04/27,0,2000,-2000,0
2016/04/28,0,5000,-24000,-19000
2016/04/29,0,22000,0,22000
2016/05/02,0,0,0,0
2016/05/03,0,9000,-22000,-13000
2016/05/04,0,27000,-82000,-55000
2016/05/05,0,44000,-10000,34000
2016/05/06,0,0,-55000,-55000
2016/05/09,0,1000,-6000,-5000
2016/05/10,0,11000,-11000,0
2016/05/11,0,44000,-1000,43000
2016/05/12,0,0,-100000,-100000
2016/05/13,0,0,-2000,-2000
2016/05/16,0,2000,-3000,-1000
2016/05/17,0,0,0,0
2016/05/18,0,47000,-44000,3000
2016/05/19,0,0,-19000,-19000
2016/05/20,0,0,-1000,-1000
2016/05/23,0,0,0,0
2016/05/24,0,13000,0,13000
2016/05/25,0,8000,0,8000
2016/05/26,0,0,0,0
2016/05/27,0,4000,0,4000
2016/05/30,0,0,-24000,-24000
2016/05/31,0,0,0,0
2016/06/01,0,0,-1000,-1000
2016/06/02,0,22000,-11000,11000
2016/06/03,0,0,0,0
2016/06/06,0,0,0,0
2016/06/07,0,9000,0,9000
2016/06/08,0,0,0,0
2016/06/09,0,0,0,0
2016/06/10,0,0,0,0
2016/06/13,0,1000,0,1000
2016/06/14,0,1000,0,1000
2016/06/15,0,2000,-1000,1000
2016/06/16,0,8000,0,8000
2016/06/17,0,0,-54000,-54000
2016/06/20,0,101000,0,101000
2016/06/21,0,74000,0,74000
2016/06/22,0,0,-6000,-6000
2016/06/23,0,0,0,0
2016/06/24,0,2000,-29000,-27000
2016/06/27,0,24000,-2000,22000
2016/06/28,0,0,-15000,-15000
2016/06/29,0,42000,-16000,26000
2016/06/30,0,2000,-2000,0
2016/07/01,0,25000,0,25000
2016/07/04,0,347000,0,347000
2016/07/05,0,0,-236000,-236000
2016/07/06,0,13000,-50000,-37000
2016/07/07,0,0,-2000,-2000
2016/07/08,0,0,0,0
2016/07/11,0,7000,0,7000
2016/07/12,0,35000,0,35000
2016/07/13,0,55000,-14000,41000
2016/07/14,0,0,-10000,-10000
2016/07/15,0,41000,0,41000
2016/07/18,0,4000,0,4000
2016/07/19,0,41000,-36000,5000
2016/07/20,0,17000,-50000,-33000
2016/07/21,0,44000,-36000,8000
2016/07/22,0,1000,-11000,-10000
2016/07/25,0,6000,-27000,-21000
2016/07/26,0,0,0,0
2016/07/27,0,1000,-107000,-106000
2016/07/28,0,6000,0,6000
2016/07/29,0,0,0,0
2016/08/01,0,1000,0,1000
2016/08/02,0,67000,0,67000
2016/08/03,0,32000,-24000,8000
2016/08/04,0,0,-128000,-128000
2016/08/05,0,7000,-9000,-2000
2016/08/08,0,8000,-32000,-24000
2016/08/09,0,5000,-11000,-6000
2016/08/10,0,0,0,0
2016/08/11,0,0,-35000,-35000
2016/08/12,0,13000,-1000,12000
2016/08/15,0,28000,0,28000
2016/08/16,0,0,-23000,-23000
2016/08/17,0,0,-25000,-25000
2016/08/18,0,0,-36000,-36000
2016/08/19,0,7000,-6000,1000
2016/08/22,0,1000,-1000,0
2016/08/23,0,0,-1000,-1000
2016/08/24,0,0,0,0
2016/08/25,0,12000,0,12000
2016/08/26,0,5000,0,5000
2016/08/29,0,0,-18000,-18000
2016/08/30,0,13000,-15000,-2000
2016/08/31,0,82000,-28000,54000
2016/09/01,0,12000,-20000,-8000
2016/09/02,0,1000,-8000,-7000
2016/09/05,0,19000,-12000,7000
2016/09/06,0,39000,-64000,-25000
2016/09/07,0,4000,-15000,-11000
2016/09/08,0,0,0,0
2016/09/09,0,0,-11000,-11000
2016/09/12,0,27000,-1000,26000
2016/09/13,0,27000,0,27000
2016/09/14,0,0,0,0
2016/09/15,0,0,0,0
2016/09/16,0,0,0,0
2016/09/19,0,6000,-1000,5000
2016/09/20,0,0,0,0
2016/09/21,0,0,-44000,-44000
2016/09/22,0,3000,0,3000
2016/09/23,0,49000,-9000,40000
2016/09/26,0,0,-10000,-10000
2016/09/27,0,0,0,0
2016/09/28,0,0,0,0
2016/09/29,0,0,-16000,-16000
2016/09/30,0,14000,-148000,-134000
2016/10/03,0,0,-2000,-2000
2016/10/04,0,1000,-2000,-1000
2016/10/05,0,0,-6000,-6000
2016/10/06,0,1000,-20000,-19000
2016/10/07,0,0,0,0
2016/10/10,0,0,0,0
2016/10/11,0,78000,-5000,73000
2016/10/12,0,24000,0,24000
2016/10/13,0,1000,-12000,-11000
2016/10/14,0,10000,-57000,-47000
2016/10/17,0,1000,-2000,-1000
2016/10/18,0,89000,-18000,71000
2016/10/19,0,21000,-39000,-18000
2016/10/20,0,0,-31000,-31000
2016/10/21,0,61000,-45000,16000
2016/10/24,0,24000,0,24000
2016/10/25,0,27000,0,27000
2016/10/26,0,36000,-2000,34000
2016/10/27,0,0,-59000,-59000
2016/10/28,0,0,-15000,-15000
2016/10/31,0,22000,-11000,11000
2016/11/01,0,3000,0,3000
2016/11/02,0,8000,-84000,-76000
2016/11/03,0,45000,-11000,34000
2016/11/04,0,0,-22000,-22000
2016/11/07,0,66000,-24000,42000
2016/11/08,0,0,-8000,-8000
2016/11/09,0,28000,-38000,-10000
2016/11/10,0,19000,-16000,3000
2016/11/11,0,52000,0,52000
2016/11/14,0,2000,-28000,-26000
2016/11/15,0,4000,-19000,-15000
2016/11/16,0,33000,-113000,-80000
2016/11/17,0,40000,-185000,-145000
2016/11/18,0,0,-11000,-11000
2016/11/21,0,0,0,0
2016/11/22,0,69000,-39000,30000
2016/11/23,0,39000,-198,38802
2016/11/24,0,0,0,0
2016/11/25,0,0,-26000,-26000
2016/11/28,0,5000,-30158,-25158
2016/11/29,0,4000,0,4000
2016/11/30,0,40000,-117000,-77000
2016/12/01,0,0,-10000,-10000
2016/12/02,0,70000,-20000,50000
2016/12/05,0,0,-14000,-14000
2016/12/06,0,21000,0,21000
2016/12/07,0,4000,0,4000
2016/12/08,0,122000,-10000,112000
2016/12/09,0,7000,0,7000
2016/12/12,0,4000,0,4000
2016/12/13,0,99000,0,99000
2016/12/14,0,12000,0,12000
2016/12/15,0,1000,-10000,-9000
2016/12/16,0,44000,-22000,22000
2016/12/19,0,15000,-13000,2000
2016/12/20,0,32000,0,32000
2016/12/21,0,6000,-6000,0
2016/12/22,0,31000,-4000,27000
2016/12/23,0,8000,-159000,-151000
2016/12/26,0,0,-6000,-6000
2016/12/27,0,0,0,0
2016/12/28,0,0,-1000,-1000
2016/12/29,0,0,-2000,-2000
2016/12/30,0,83000,0,83000
2017/01/02,0,0,0,0
2017/01/03,0,10000,0,10000
2017/01/04,0,0,-2000,-2000
2017/01/05,0,287000,0,287000
2017/01/06,0,99000,-2000,97000
2017/01/09,0,0,-3000,-3000
2017/01/10,0,0,0,0
2017/01/11,0,22000,-10000,12000
2017/01/12,0,200000,0,200000
2017/01/13,0,0,0,0
2017/01/16,0,0,-2000,-2000
2017/01/17,0,30000,-3000,27000
2017/01/18,0,9000,-22000,-13000
2017/01/19,0,9000,-12000,-3000
2017/01/20,0,0,-55000,-55000
2017/01/23,0,152000,-21000,131000
2017/01/24,0,100000,-11000,89000
2017/01/25,0,0,0,0
2017/01/26,0,0,0,0
2017/01/27,0,0,0,0
2017/01/30,0,0,0,0
2017/01/31,0,0,0,0
2017/02/01,0,0,0,0
2017/02/02,0,35000,-34000,1000
2017/02/03,0,10000,-225000,-215000
2017/02/06,0,40000,-8000,32000
2017/02/07,0,0,-42000,-42000
2017/02/08,0,0,-28000,-28000
2017/02/09,0,0,-91000,-91000
2017/02/10,0,11000,-8000,3000
2017/02/13,0,0,0,0
2017/02/14,0,0,-3000,-3000
2017/02/15,0,4000,0,4000
2017/02/16,0,3000,0,3000
2017/02/17,0,0,0,0
2017/02/20,0,1000,-301000,-300000
2017/02/21,0,1000,-250000,-249000
2017/02/22,0,3000,-50000,-47000
2017/02/23,0,11000,0,11000
2017/02/24,0,6000,-40000,-34000
2017/02/27,0,0,0,0
2017/02/28,0,0,0,0
2017/03/01,0,0,-7000,-7000
2017/03/02,0,0,0,0
2017/03/03,0,0,-1000,-1000
2017/03/06,0,0,0,0
2017/03/07,0,99000,-1000,98000
2017/03/08,0,17000,-1000,16000
2017/03/09,0,12000,-109000,-97000
2017/03/10,0,0,-1000,-1000
2017/03/13,0,2000,0,2000
2017/03/14,0,5000,0,5000
2017/03/15,0,0,-6000,-6000
2017/03/16,0,75000,0,75000
2017/03/17,0,80000,0,80000
2017/03/20,0,26000,-80000,-54000
2017/03/21,0,23000,0,23000
2017/03/22,0,7000,0,7000
2017/03/23,0,0,0,0
2017/03/24,0,0,-17000,-17000
2017/03/27,0,12000,-3000,9000
2017/03/28,0,204000,0,204000
2017/03/29,0,340000,0,340000
2017/03/30,0,52000,-40000,12000
2017/03/31,0,110000,0,110000
2017/04/03,0,0,0,0
2017/04/04,0,0,0,0
2017/04/05,0,25000,-111000,-86000
2017/04/06,0,0,-8000,-8000
2017/04/07,0,0,-389000,-389000
2017/04/10,0,0,-50000,-50000
2017/04/11,0,0,-28000,-28000
2017/04/12,0,0,-8000,-8000
2017/04/13,0,2000,0,2000
2017/04/14,0,3000,0,3000
2017/04/17,0,4000,-26000,-22000
2017/04/18,0,81000,-4000,77000
2017/04/19,0,0,-101000,-101000
2017/04/20,0,2000,0,2000
2017/04/21,0,0,-1000,-1000
2017/04/24,0,67000,-59000,8000
2017/04/25,0,3000,0,3000
2017/04/26,0,117000,0,117000
2017/04/27,0,0,-55000,-55000
2017/04/28,0,0,-5000,-5000
2017/05/01,0,0,0,0
2017/05/02,0,79000,-50000,29000
2017/05/03,0,0,-34000,-34000
2017/05/04,0,25000,0,25000
2017/05/05,0,0,-12000,-12000
2017/05/08,0,1000,-50000,-49000
2017/05/09,0,3000,-5146,-2146
2017/05/10,0,2000,-2000,0
2017/05/11,0,0,-4000,-4000
2017/05/12,0,0,-20000,-20000
2017/05/15,0,0,-9000,-9000
2017/05/16,0,2000,-8000,-6000
2017/05/17,0,6000,-6000,0
2017/05/18,0,0,0,0
2017/05/19,0,0,0,0
2017/05/22,0,0,-4000,-4000
2017/05/23,0,1000,0,1000
2017/05/24,0,0,0,0
2017/05/25,0,3000,0,3000
2017/05/26,0,5000,-6000,-1000
2017/05/29,0,0,0,0
2017/05/30,0,0,0,0
2017/05/31,0,3000,0,3000
2017/06/01,0,25000,-13000,12000
2017/06/02,0,12000,0,12000
2017/06/05,0,12000,-6000,6000
2017/06/06,0,0,0,0
2017/06/07,0,27000,-34000,-7000
2017/06/08,0,1000,0,1000
2017/06/09,0,0,-1000,-1000
2017/06/12,0,8000,-6000,2000
2017/06/13,0,4000,-9000,-5000
2017/06/14,0,25000,0,25000
2017/06/15,0,33000,0,33000
2017/06/16,0,59000,-77000,-18000
2017/06/19,0,26000,0,26000
2017/06/20,0,7000,0,7000
2017/06/21,0,198000,-26000,172000
2017/06/22,0,9000,-33000,-24000
2017/06/23,0,0,0,0
2017/06/26,0,333000,-135000,198000
2017/06/27,0,81000,-8000,73000
2017/06/28,0,119000,0,119000
2017/06/29,0,6000,0,6000
2017/06/30,0,2000,0,2000
2017/07/03,0,180000,0,180000
2017/07/04,0,581000,0,581000
2017/07/05,0,228000,-727000,-499000
2017/07/06,0,70000,0,70000
2017/07/07,0,0,-1000,-1000
2017/07/10,0,21000,-6000,15000
2017/07/11,0,79000,-4000,75000
2017/07/12,0,11000,-69000,-58000
2017/07/13,0,11000,-14000,-3000
2017/07/14,0,41000,-23000,18000
2017/07/17,0,2000,-100000,-98000
2017/07/18,0,0,-10000,-10000
2017/07/19,0,0,-239000,-239000
2017/07/20,0,0,-4000,-4000
2017/07/21,0,2000,0,2000
2017/07/24,0,0,-5000,-5000
2017/07/25,0,10000,-9000,1000
2017/07/26,0,0,-169000,-169000
2017/07/27,0,2000,-146000,-144000
2017/07/28,0,0,0,0
2017/07/31,0,0,-18000,-18000
2017/08/01,0,0,0,0
2017/08/02,0,2000,-6000,-4000
2017/08/03,0,0,-28000,-28000
2017/08/04,0,0,-41000,-41000
2017/08/07,0,2000,0,2000
2017/08/08,0,0,-8000,-8000
2017/08/09,0,0,-135000,-135000
2017/08/10,0,3000,-6000,-3000
2017/08/11,0,0,-81000,-81000
2017/08/14,0,55000,-4000,51000
2017/08/15,0,0,-1000,-1000
2017/08/16,0,10000,-7000,3000
2017/08/17,0,30000,-8000,22000
2017/08/18,0,6000,-8000,-2000
