Date,Open,Buy,Sell,Total
2007/01/02,0,670000,-149000,521000
2007/01/03,0,671000,-338000,333000
2007/01/04,0,452000,-13000,439000
2007/01/05,0,3398000,-2727000,671000
2007/01/08,0,2365000,-862607,1502393
2007/01/09,0,1678000,-48000,1630000
2007/01/10,0,1804000,-2409000,-605000
2007/01/11,0,22961000,-15544000,7417000
2007/01/12,0,8145000,-194000,7951000
2007/01/15,0,2469000,-577000,1892000
2007/01/16,0,1762000,-98000,1664000
2007/01/17,0,3541000,-310000,3231000
2007/01/18,0,5155000,-1818000,3337000
2007/01/19,0,3205000,-887000,2318000
2007/01/22,0,11615000,-2634000,8981000
2007/01/23,0,3401000,-2599000,802000
2007/01/24,0,5082000,-1717000,3365000
2007/01/25,0,23212000,-2886000,20326000
2007/01/26,0,15636000,-930000,14706000
2007/01/29,0,4296000,-1246000,3050000
2007/01/30,0,618000,-1643200,-1025200
2007/01/31,0,535000,-990000,-455000
2007/02/01,0,210000,-1274000,-1064000
2007/02/02,0,1445000,-1090000,355000
2007/02/05,0,7116900,-8012000,-895100
2007/02/06,0,862000,-692000,170000
2007/02/07,0,4047000,-1471000,2576000
2007/02/08,0,15734000,-960000,14774000
2007/02/09,0,9183000,-580000,8603000
2007/02/12,0,4812000,-1622000,3190000
2007/02/13,0,5715000,-1049110,4665890
2007/02/14,0,5198000,-2980000,2218000
2007/02/15,0,0,0,0
2007/02/16,0,0,0,0
2007/02/19,0,0,0,0
2007/02/20,0,0,0,0
2007/02/21,0,0,0,0
2007/02/22,0,0,0,0
2007/02/23,0,0,0,0
2007/02/26,0,5743000,-2001899,3741101
2007/02/27,0,4857000,-2048000,2809000
2007/02/28,0,0,0,0
2007/03/01,0,1302000,-5365000,-4063000
2007/03/02,0,675000,-1121000,-446000
2007/03/05,0,2012000,-4275000,-2263000
2007/03/06,0,567000,-3918000,-3351000
2007/03/07,0,5104000,-4448193,655807
2007/03/08,0,2799000,-2081000,718000
2007/03/09,0,4102000,-1514000,2588000
2007/03/12,0,2758000,-480000,2278000
2007/03/13,0,3518000,-950000,2568000
2007/03/14,0,2383000,-3399000,-1016000
2007/03/15,0,169000,-457000,-288000
2007/03/16,0,1166000,-962000,204000
2007/03/19,0,1534000,-36000,1498000
2007/03/20,0,3938000,-52000,3886000
2007/03/21,0,2068000,-6000,2062000
2007/03/22,0,4624000,-823000,3801000
2007/03/23,0,2421000,-1093000,1328000
2007/03/26,0,399000,-500000,-101000
2007/03/27,0,2494000,-723000,1771000
2007/03/28,0,1146000,-265000,881000
2007/03/29,0,1502000,-1226000,276000
2007/03/30,0,739000,-56515,682485
2007/04/02,0,24000,-79000,-55000
2007/04/03,0,894000,-166000,728000
2007/04/04,0,1866000,-4527000,-2661000
2007/04/05,0,0,0,0
2007/04/06,0,0,0,0
2007/04/09,0,1274000,-222000,1052000
2007/04/10,0,1227000,-2579900,-1352900
2007/04/11,0,1201000,-5328000,-4127000
2007/04/12,0,767000,-1387000,-620000
2007/04/13,0,2624000,-2964000,-340000
2007/04/16,0,3875000,-2132000,1743000
2007/04/17,0,1725193,-4253000,-2527807
2007/04/18,0,7359000,-5291000,2068000
2007/04/19,0,1572000,-2012000,-440000
2007/04/20,0,2340000,-72000,2268000
2007/04/23,0,2315000,-343000,1972000
2007/04/24,0,2261000,-134000,2127000
2007/04/25,0,1126000,-2113000,-987000
2007/04/26,0,2237000,-1300000,937000
2007/04/27,0,2573000,-617000,1956000
2007/04/30,0,2152000,-1337000,815000
2007/05/01,0,0,0,0
2007/05/02,0,2568000,-1545000,1023000
2007/05/03,0,3734000,-624000,3110000
2007/05/04,0,2882000,-585000,2297000
2007/05/07,0,457000,-412000,45000
2007/05/08,0,444000,-6000,438000
2007/05/09,0,2078000,-923000,1155000
2007/05/10,0,1753000,-238000,1515000
2007/05/11,0,1340000,-529000,811000
2007/05/14,0,3373000,-134000,3239000
2007/05/15,0,4592000,-2230000,2362000
2007/05/16,0,964000,-1949000,-985000
2007/05/17,0,899000,-745000,154000
2007/05/18,0,1140000,-1217000,-77000
2007/05/21,0,2856000,-220000,2636000
2007/05/22,0,836000,-60000,776000
2007/05/23,0,1735000,-68000,1667000
2007/05/24,0,1152000,-567000,585000
2007/05/25,0,587000,-453000,134000
2007/05/28,0,442000,-104000,338000
2007/05/29,0,514000,-10000,504000
2007/05/30,0,1364000,-1301000,63000
2007/05/31,0,2543000,-2810000,-267000
2007/06/01,0,930000,-78000,852000
2007/06/04,0,572000,-49000,523000
2007/06/05,0,1330000,-294000,1036000
2007/06/06,0,599000,-371000,228000
2007/06/07,0,1332000,-2036000,-704000
2007/06/08,0,2171000,-776000,1395000
2007/06/11,0,2716000,-4064000,-1348000
2007/06/12,0,1201000,-651000,550000
2007/06/13,0,3754000,-3411000,343000
2007/06/14,0,3758000,-450000,3308000
2007/06/15,0,6825000,-1557000,5268000
2007/06/18,0,0,0,0
2007/06/19,0,0,0,0
2007/06/20,0,17378000,-2864000,14514000
2007/06/21,0,19303000,-10486000,8817000
2007/06/22,0,14423000,-6128000,8295000
2007/06/25,0,29521000,-29199000,322000
2007/06/26,0,28602000,-29665000,-1063000
2007/06/27,0,3149000,-4750000,-1601000
2007/06/28,0,9123000,-9567000,-444000
2007/06/29,0,3558000,-6611000,-3053000
2007/07/02,0,9765000,-5538000,4227000
2007/07/03,0,7430000,-5385000,2045000
2007/07/04,0,5960000,-4480000,1480000
2007/07/05,0,753000,-755000,-2000
2007/07/06,0,2575000,-1454000,1121000
2007/07/09,0,2638000,-10000,2628000
2007/07/10,0,3646000,-3000,3643000
2007/07/11,0,4547000,-8321000,-3774000
2007/07/12,0,7547000,-6672000,875000
2007/07/13,0,2370000,-1081000,1289000
2007/07/16,0,4258000,-5458000,-1200000
2007/07/17,0,273000,-2518000,-2245000
2007/07/18,0,5220000,-10598000,-5378000
2007/07/19,0,6339000,-6050000,289000
2007/07/20,0,3037000,-5973000,-2936000
2007/07/23,0,3524000,-2283000,1241000
2007/07/24,0,3282000,-1547000,1735000
2007/07/25,0,2336000,-3978000,-1642000
2007/07/26,0,2296000,-4999000,-2703000
2007/07/27,0,564000,-6338000,-5774000
2007/07/30,0,7808000,-8019000,-211000
2007/07/31,0,11492000,-12132000,-640000
2007/08/01,0,16966000,-17322000,-356000
2007/08/02,0,13372000,-9552000,3820000
2007/08/03,0,8928000,-4307000,4621000
2007/08/06,0,3877000,-10682000,-6805000
2007/08/07,0,7738000,-834000,6904000
2007/08/08,0,7725000,-143000,7582000
2007/08/09,0,12241000,-5959000,6282000
2007/08/10,0,3981000,-7684000,-3703000
2007/08/13,0,4232000,-1480000,2752000
2007/08/14,0,2176000,-502000,1674000
2007/08/15,0,1051000,-2990350,-1939350
2007/08/16,0,6307000,-9150000,-2843000
2007/08/17,0,8974000,-10424000,-1450000
2007/08/20,0,5256000,-4743000,513000
2007/08/21,0,5445000,-3948000,1497000
2007/08/22,0,3345000,-2437790,907210
2007/08/23,0,7302000,-3301000,4001000
2007/08/24,0,4222000,-2397000,1825000
2007/08/27,0,5316000,-1000000,4316000
2007/08/28,0,1821000,-875000,946000
2007/08/29,0,1066000,-1958000,-892000
2007/08/30,0,894000,-666000,228000
2007/08/31,0,2244000,-280000,1964000
2007/09/03,0,679000,-62001,616999
2007/09/04,0,1267000,-78000,1189000
2007/09/05,0,565000,-424000,141000
2007/09/06,0,1028000,-1056180,-28180
2007/09/07,0,1877000,-1389000,488000
2007/09/10,0,1923000,-1485000,438000
2007/09/11,0,1184000,-1044000,140000
2007/09/12,0,3615000,-885000,2730000
2007/09/13,0,2362000,-3267000,-905000
2007/09/14,0,1907000,-127000,1780000
2007/09/17,0,1143000,-906000,237000
2007/09/18,0,0,0,0
2007/09/19,0,3703000,-378000,3325000
2007/09/20,0,2274000,-200000,2074000
2007/09/21,0,935000,-3078000,-2143000
2007/09/24,0,0,0,0
2007/09/25,0,0,0,0
2007/09/26,0,1857000,-2632000,-775000
2007/09/27,0,2273000,-282000,1991000
2007/09/28,0,1305000,-3733907,-2428907
2007/10/01,0,420000,-819000,-399000
2007/10/02,0,3640000,-602000,3038000
2007/10/03,0,1423000,-3573060,-2150060
2007/10/04,0,2258000,-1795000,463000
2007/10/05,0,1015000,-910000,105000
2007/10/08,0,665000,-1407000,-742000
2007/10/09,0,1927000,-2708000,-781000
2007/10/10,0,0,0,0
2007/10/11,0,3309000,-2876000,433000
2007/10/12,0,1502000,-1781000,-279000
2007/10/15,0,1769000,-1890000,-121000
2007/10/16,0,703000,-2358000,-1655000
2007/10/17,0,1260000,-3093000,-1833000
2007/10/18,0,1380000,-3099000,-1719000
2007/10/19,0,1005000,-3001000,-1996000
2007/10/22,0,666000,-5959000,-5293000
2007/10/23,0,1021000,-1100000,-79000
2007/10/24,0,211000,-1414000,-1203000
2007/10/25,0,2481917,-2432000,49917
2007/10/26,0,1718000,-334000,1384000
2007/10/29,0,2982000,-612000,2370000
2007/10/30,0,770000,-659000,111000
2007/10/31,0,1874000,-3106000,-1232000
2007/11/01,0,1240000,-1249000,-9000
2007/11/02,0,2243000,-2847000,-604000
2007/11/05,0,1864000,-5482000,-3618000
2007/11/06,0,708000,-1512000,-804000
2007/11/07,0,966000,-1895000,-929000
2007/11/08,0,1608000,-2256000,-648000
2007/11/09,0,2558827,-3328000,-769173
2007/11/12,0,1109000,-2600000,-1491000
2007/11/13,0,1453000,-2376000,-923000
2007/11/14,0,75000,-1533000,-1458000
2007/11/15,0,1893000,-843000,1050000
2007/11/16,0,1743000,-2013000,-270000
2007/11/19,0,988000,-771000,217000
2007/11/20,0,2954000,-1985000,969000
2007/11/21,0,1977000,-4593000,-2616000
2007/11/22,0,7590000,-10063000,-2473000
2007/11/23,0,1955000,-3957000,-2002000
2007/11/26,0,4323000,-4846000,-523000
2007/11/27,0,3670000,-4624000,-954000
2007/11/28,0,1610000,-2815000,-1205000
2007/11/29,0,4409000,-3799744,609256
2007/11/30,0,3738000,-2007000,1731000
2007/12/03,0,283000,-1077000,-794000
2007/12/04,0,810000,-1228000,-418000
2007/12/05,0,1329000,-5207000,-3878000
2007/12/06,0,3668000,-1191000,2477000
2007/12/07,0,2113723,-4903000,-2789277
2007/12/10,0,463000,-508000,-45000
2007/12/11,0,960000,-37000,923000
2007/12/12,0,640000,-777000,-137000
2007/12/13,0,2631000,-2587000,44000
2007/12/14,0,2764000,-1965000,799000
2007/12/17,0,2486000,-1588000,898000
2007/12/18,0,2185000,-2481093,-296093
2007/12/19,0,1023000,-870000,153000
2007/12/20,0,171000,-1883000,-1712000
2007/12/21,0,1346000,-1519000,-173000
2007/12/24,0,70000,-317000,-247000
2007/12/25,0,75000,-83000,-8000
2007/12/26,0,409000,-53000,356000
2007/12/27,0,866000,-133000,733000
2007/12/28,0,1392000,-542000,850000
2007/12/31,0,159000,-153000,6000
2008/01/01,0,0,0,0
2008/01/02,0,141000,-1229000,-1088000
2008/01/03,0,213000,-3495000,-3282000
2008/01/04,0,1362000,-2868000,-1506000
2008/01/07,0,2330000,-6990000,-4660000
2008/01/08,0,1483000,-4707000,-3224000
2008/01/09,0,6575000,-19416000,-12841000
2008/01/10,0,1321000,-3163000,-1842000
2008/01/11,0,1415000,-4609000,-3194000
2008/01/14,0,28779000,-21044000,7735000
2008/01/15,0,17989000,-18707000,-718000
2008/01/16,0,4111000,-13292000,-9181000
2008/01/17,0,3080000,-5003000,-1923000
2008/01/18,0,3189165,-14431000,-11241835
2008/01/21,0,103000,-12374000,-12271000
2008/01/22,0,638000,-4466000,-3828000
2008/01/23,0,1166000,-1949000,-783000
2008/01/24,0,2084000,-687000,1397000
2008/01/25,0,253000,-348000,-95000
2008/01/28,0,263000,-2134000,-1871000
2008/01/29,0,493000,-2328000,-1835000
2008/01/30,0,1265973,-3705000,-2439027
2008/01/31,0,1074000,-2363000,-1289000
2008/02/01,0,896000,-2068000,-1172000
2008/02/04,0,0,0,0
2008/02/05,0,0,0,0
2008/02/06,0,0,0,0
2008/02/07,0,0,0,0
2008/02/08,0,0,0,0
2008/02/11,0,0,0,0
2008/02/12,0,1972000,-2910000,-938000
2008/02/13,0,1733000,-2633000,-900000
2008/02/14,0,1863000,-1917000,-54000
2008/02/15,0,2036000,-2513000,-477000
2008/02/18,0,1641000,-5255000,-3614000
2008/02/19,0,6443000,-2033000,4410000
2008/02/20,0,3977000,-5454000,-1477000
2008/02/21,0,3616000,-856265,2759735
2008/02/22,0,1997000,-681000,1316000
2008/02/25,0,8149000,-3693000,4456000
2008/02/26,0,6662000,-4840000,1822000
2008/02/27,0,5350000,-2059000,3291000
2008/02/28,0,0,0,0
2008/02/29,0,1410619,-3904621,-2494002
2008/03/03,0,2459000,-1031000,1428000
2008/03/04,0,4313000,-482000,3831000
2008/03/05,0,849000,-1581000,-732000
2008/03/06,0,6939000,-217000,6722000
2008/03/07,0,946000,-4596000,-3650000
2008/03/10,0,2524000,-2362000,162000
2008/03/11,0,3620000,-1751000,1869000
2008/03/12,0,5543381,-1344000,4199381
2008/03/13,0,412000,-4371000,-3959000
2008/03/14,0,3494000,-1909000,1585000
2008/03/17,0,1517000,-3821000,-2304000
2008/03/18,0,1242000,-1446000,-204000
2008/03/19,0,1032000,-1602000,-570000
2008/03/20,0,2012000,-5790000,-3778000
2008/03/21,0,2410000,-1062000,1348000
2008/03/24,0,16951000,-3899000,13052000
2008/03/25,0,3523000,-5123000,-1600000
2008/03/26,0,1950000,-338000,1612000
2008/03/27,0,294786,-1041000,-746214
2008/03/28,0,2656786,-2866000,-209214
2008/03/31,0,1584493,-2663000,-1078507
2008/04/01,0,3065238,-685000,2380238
2008/04/02,0,3411000,-430000,2981000
2008/04/03,0,1332000,-1328000,4000
2008/04/04,0,0,0,0
2008/04/07,0,1824000,-2000,1822000
2008/04/08,0,7328000,-3335000,3993000
2008/04/09,0,812000,-2833000,-2021000
2008/04/10,0,2749000,-1089000,1660000
2008/04/11,0,1373000,-353743,1019257
2008/04/14,0,12999000,-1500000,11499000
2008/04/15,0,7864000,-3553424,4310576
2008/04/16,0,3061000,-5777000,-2716000
2008/04/17,0,1562000,-360000,1202000
2008/04/18,0,3533000,-2677000,856000
2008/04/21,0,2473000,-175000,2298000
2008/04/22,0,343358,-532000,-188642
2008/04/23,0,5011000,-3979000,1032000
2008/04/24,0,278000,-1482600,-1204600
2008/04/25,0,1748000,-149000,1599000
2008/04/28,0,3474000,-2875400,598600
2008/04/29,0,493000,-1772000,-1279000
2008/04/30,0,4696000,-1662000,3034000
2008/05/01,0,0,0,0
2008/05/02,0,1164000,-1544000,-380000
2008/05/05,0,289000,-2293000,-2004000
2008/05/06,0,3726000,-6289000,-2563000
2008/05/07,0,1102000,-1718000,-616000
2008/05/08,0,1503000,-6350000,-4847000
2008/05/09,0,2936000,-1246000,1690000
2008/05/12,0,613000,-200000,413000
2008/05/13,0,4738000,-908000,3830000
2008/05/14,0,1234000,-136000,1098000
2008/05/15,0,2908000,-1669000,1239000
2008/05/16,0,6548000,-2161000,4387000
2008/05/19,0,2428000,-7424000,-4996000
2008/05/20,0,1481000,-14668000,-13187000
2008/05/21,0,1664000,-4314000,-2650000
2008/05/22,0,8422000,-2289000,6133000
2008/05/23,0,5369000,-1512000,3857000
2008/05/26,0,1043000,-4426000,-3383000
2008/05/27,0,874000,-7185000,-6311000
2008/05/28,0,457000,-1619000,-1162000
2008/05/29,0,4667000,-4389000,278000
2008/05/30,0,1900428,-7103000,-5202572
2008/06/02,0,3378000,-1255827,2122173
2008/06/03,0,502000,-857000,-355000
2008/06/04,0,576000,-48000,528000
2008/06/05,0,788000,-1099000,-311000
2008/06/06,0,1583000,-1786000,-203000
2008/06/09,0,249000,-1261000,-1012000
2008/06/10,0,141000,-2663323,-2522323
2008/06/11,0,347000,-586000,-239000
2008/06/12,0,590000,-1367000,-777000
2008/06/13,0,4440067,-1942000,2498067
2008/06/16,0,772000,-601000,171000
2008/06/17,0,355000,-400000,-45000
2008/06/18,0,830000,-691000,139000
2008/06/19,0,2197000,-2446000,-249000
2008/06/20,0,2548896,-1222000,1326896
2008/06/23,0,1611000,-164000,1447000
2008/06/24,0,1702000,-812000,890000
2008/06/25,0,3125000,-609000,2516000
2008/06/26,0,2298000,-2473000,-175000
2008/06/27,0,4510000,-4290000,220000
2008/06/30,0,3139000,-2825000,314000
2008/07/01,0,1730000,-1703000,27000
2008/07/02,0,3138000,-6518000,-3380000
2008/07/03,0,2912000,-4587000,-1675000
2008/07/04,0,229000,-2481000,-2252000
2008/07/07,0,1852000,-1999000,-147000
2008/07/08,0,4280000,-7547000,-3267000
2008/07/09,0,2553000,-8094000,-5541000
2008/07/10,0,5809000,-2797000,3012000
2008/07/11,0,1110000,-2603000,-1493000
2008/07/14,0,3890000,-527000,3363000
2008/07/15,0,1606000,-4190000,-2584000
2008/07/16,0,2163000,-1986000,177000
2008/07/17,0,3175000,-4926000,-1751000
2008/07/18,0,967000,-1935000,-968000
2008/07/21,0,2464000,-2490144,-26144
2008/07/22,0,946000,-1045000,-99000
2008/07/23,0,2794000,-6907000,-4113000
2008/07/24,0,3625000,-2096000,1529000
2008/07/25,0,492000,-3215000,-2723000
2008/07/28,0,0,0,0
2008/07/29,0,6605000,-1236000,5369000
2008/07/30,0,4050000,-1108000,2942000
2008/07/31,0,4626000,-4194000,432000
2008/08/01,0,1187000,-129000,1058000
2008/08/04,0,3172000,-409000,2763000
2008/08/05,0,4058000,-2828000,1230000
2008/08/06,0,2670000,-612000,2058000
2008/08/07,0,1219000,-229000,990000
2008/08/08,0,1877000,-563000,1314000
2008/08/11,0,1020000,-457000,563000
2008/08/12,0,2387000,-1671000,716000
2008/08/13,0,2237000,-3476000,-1239000
2008/08/14,0,1952000,-2386000,-434000
2008/08/15,0,3151000,-3766000,-615000
2008/08/18,0,2306000,-3033000,-727000
2008/08/19,0,4392000,-8410000,-4018000
2008/08/20,0,4794000,-7333000,-2539000
2008/08/21,0,3689000,-3383000,306000
2008/08/22,0,1172000,-1022000,150000
2008/08/25,0,1897000,-2374000,-477000
2008/08/26,0,503000,-1677000,-1174000
2008/08/27,0,2195000,-3273000,-1078000
2008/08/28,0,3181000,-6776000,-3595000
2008/08/29,0,1748000,-4253710,-2505710
2008/09/01,0,1063000,-1868000,-805000
2008/09/02,0,415000,-576000,-161000
2008/09/03,0,977000,-582000,395000
2008/09/04,0,447000,-2319000,-1872000
2008/09/05,0,150000,-3146000,-2996000
2008/09/08,0,1424000,-3436000,-2012000
2008/09/09,0,506000,-1047000,-541000
2008/09/10,0,1550000,-5373000,-3823000
2008/09/11,0,2222000,-2458543,-236543
2008/09/12,0,3576000,-300000,3276000
2008/09/15,0,66000,-2285000,-2219000
2008/09/16,0,1624000,-1795000,-171000
2008/09/17,0,937000,-2131127,-1194127
2008/09/18,0,1100000,-3942000,-2842000
2008/09/19,0,8113000,-6394000,1719000
2008/09/22,0,713000,-2737000,-2024000
2008/09/23,0,705000,-1102000,-397000
2008/09/24,0,16896971,-20253157,-3356186
2008/09/25,0,3842000,-2227000,1615000
2008/09/26,0,803000,-3146000,-2343000
2008/09/29,0,0,0,0
2008/09/30,0,970000,-5743000,-4773000
2008/10/01,0,611000,-2805000,-2194000
2008/10/02,0,306000,-2229000,-1923000
2008/10/03,0,877000,-281000,596000
2008/10/06,0,154000,-2253000,-2099000
2008/10/07,0,953000,-1257000,-304000
2008/10/08,0,1431000,-4966000,-3535000
2008/10/09,0,8800000,-10844000,-2044000
2008/10/10,0,0,0,0
2008/10/13,0,1079000,-1827000,-748000
2008/10/14,0,413000,-4347000,-3934000
2008/10/15,0,446000,-1703000,-1257000
2008/10/16,0,847000,-3603000,-2756000
2008/10/17,0,255000,-5680067,-5425067
2008/10/20,0,525000,-3880000,-3355000
2008/10/21,0,2059000,-3619000,-1560000
2008/10/22,0,1756000,-1419000,337000
2008/10/23,0,572000,-1504000,-932000
2008/10/24,0,171000,-1669000,-1498000
2008/10/27,0,296000,-4968000,-4672000
2008/10/28,0,790000,-14746000,-13956000
2008/10/29,0,3087000,-15514000,-12427000
2008/10/30,0,2771000,-24159000,-21388000
2008/10/31,0,1670000,-13846000,-12176000
2008/11/03,0,1357000,-2407000,-1050000
2008/11/04,0,1156000,-1210000,-54000
2008/11/05,0,1293000,-2582000,-1289000
2008/11/06,0,1275000,-3452000,-2177000
2008/11/07,0,2288000,-3998000,-1710000
2008/11/10,0,3029000,-4062000,-1033000
2008/11/11,0,602000,-2640475,-2038475
2008/11/12,0,4036000,-2093000,1943000
2008/11/13,0,3111000,-2812000,299000
2008/11/14,0,3279000,-2539000,740000
2008/11/17,0,2856000,-2419000,437000
2008/11/18,0,758000,-882000,-124000
2008/11/19,0,2532000,-1095000,1437000
2008/11/20,0,168000,-3088000,-2920000
2008/11/21,0,807000,-1757000,-950000
2008/11/24,0,740000,-1936000,-1196000
2008/11/25,0,68000,-275000,-207000
2008/11/26,0,2708000,-3182811,-474811
2008/11/27,0,1033000,-2591000,-1558000
2008/11/28,0,1225000,-1898890,-673890
2008/12/01,0,1767000,-478000,1289000
2008/12/02,0,141000,-2281000,-2140000
2008/12/03,0,838000,-1436000,-598000
2008/12/04,0,925000,-1264000,-339000
2008/12/05,0,887000,-574000,313000
2008/12/08,0,3076000,-332000,2744000
2008/12/09,0,4675000,-435000,4240000
2008/12/10,0,5335000,-852000,4483000
2008/12/11,0,2596000,-493000,2103000
2008/12/12,0,1901000,-2564000,-663000
2008/12/15,0,3533000,-700000,2833000
2008/12/16,0,1148000,-1553000,-405000
2008/12/17,0,2137000,-1142000,995000
2008/12/18,0,2082000,-1699000,383000
2008/12/19,0,1533000,-6258661,-4725661
2008/12/22,0,1109000,-2361000,-1252000
2008/12/23,0,771000,-1197000,-426000
2008/12/24,0,1407000,-1153000,254000
2008/12/25,0,253000,-695000,-442000
2008/12/26,0,94000,-388000,-294000
2008/12/29,0,108000,-259000,-151000
2008/12/30,0,1736000,-73000,1663000
2008/12/31,0,1725000,-1639000,86000
2009/01/01,0,0,0,0
2009/01/02,0,0,0,0
2009/01/05,0,927000,-2848000,-1921000
2009/01/06,0,1100168,-203000,897168
2009/01/07,0,1500505,-340000,1160505
2009/01/08,0,105000,-3942000,-3837000
2009/01/09,0,302000,-1399000,-1097000
2009/01/12,0,283328,-1675000,-1391672
2009/01/13,0,1415000,-367000,1048000
2009/01/14,0,166000,-478000,-312000
2009/01/15,0,57000,-3335000,-3278000
2009/01/16,0,1801000,-1029000,772000
2009/01/19,0,5000,-321740,-316740
2009/01/20,0,862000,-2561000,-1699000
2009/01/21,0,1800200,-1679000,121200
2009/01/22,0,0,0,0
2009/01/23,0,0,0,0
2009/01/26,0,0,0,0
2009/01/27,0,0,0,0
2009/01/28,0,0,0,0
2009/01/29,0,0,0,0
2009/01/30,0,0,0,0
2009/02/02,0,3333000,-3717176,-384176
2009/02/03,0,1376000,-523700,852300
2009/02/04,0,1533000,-2178000,-645000
2009/02/05,0,696000,-1146000,-450000
2009/02/06,0,785000,-1066000,-281000
2009/02/09,0,58000,-574000,-516000
2009/02/10,0,2118000,-701000,1417000
2009/02/11,0,1008000,-657000,351000
2009/02/12,0,717000,-2134000,-1417000
2009/02/13,0,930000,-423000,507000
2009/02/16,0,28000,-562000,-534000
2009/02/17,0,163000,-889058,-726058
2009/02/18,0,1682000,-807000,875000
2009/02/19,0,1630000,-1066000,564000
2009/02/20,0,296000,-2142000,-1846000
2009/02/23,0,1051000,-87000,964000
2009/02/24,0,109000,-1766030,-1657030
2009/02/25,0,934000,-1834010,-900010
2009/02/26,0,912000,-1184240,-272240
2009/02/27,0,1503000,-1236281,266719
2009/03/02,0,211149,-3836311,-3625162
2009/03/03,0,397000,-680000,-283000
2009/03/04,0,1727000,-628000,1099000
2009/03/05,0,931000,-1134000,-203000
2009/03/06,0,1677000,-370000,1307000
2009/03/09,0,1050000,-765000,285000
2009/03/10,0,795000,-1313000,-518000
2009/03/11,0,653000,-128225,524775
2009/03/12,0,2642000,-841000,1801000
2009/03/13,0,3035000,-61000,2974000
2009/03/16,0,1061000,-69000,992000
2009/03/17,0,942000,-968000,-26000
2009/03/18,0,1180000,-1636000,-456000
2009/03/19,0,322000,-533000,-211000
2009/03/20,0,764000,-397000,367000
2009/03/23,0,1910000,-1116000,794000
2009/03/24,0,1107000,-1507000,-400000
2009/03/25,0,2256000,-1471300,784700
2009/03/26,0,1688000,-332000,1356000
2009/03/27,0,380000,-939000,-559000
2009/03/30,0,626000,-840000,-214000
2009/03/31,0,2834540,-561584,2272956
2009/04/01,0,653000,-361000,292000
2009/04/02,0,3192000,-4436000,-1244000
2009/04/03,0,667000,-5241000,-4574000
2009/04/06,0,406000,-1705000,-1299000
2009/04/07,0,2602000,-536000,2066000
2009/04/08,0,2380000,-2201000,179000
2009/04/09,0,1911000,-247000,1664000
2009/04/10,0,1723000,-370000,1353000
2009/04/13,0,1000000,-599000,401000
2009/04/14,0,2123040,-1348000,775040
2009/04/15,0,3486000,-1185000,2301000
2009/04/16,0,1676000,-1081000,595000
2009/04/17,0,1178709,-1435000,-256291
2009/04/20,0,1693000,-303000,1390000
2009/04/21,0,1868000,-907000,961000
2009/04/22,0,394000,-1100000,-706000
2009/04/23,0,662000,-569000,93000
2009/04/24,0,1098000,-10863000,-9765000
2009/04/27,0,1861558,-3355000,-1493442
2009/04/28,0,1791000,-420000,1371000
2009/04/29,0,3210500,-540000,2670500
2009/04/30,0,6662000,-1239000,5423000
2009/05/01,0,0,0,0
2009/05/04,0,8574000,-14000,8560000
2009/05/05,0,6814475,-6272000,542475
2009/05/06,0,5332000,-972000,4360000
2009/05/07,0,4957000,-9339000,-4382000
2009/05/08,0,5040000,-7093540,-2053540
2009/05/11,0,3823000,-4414000,-591000
2009/05/12,0,4775000,-1567000,3208000
2009/05/13,0,4470000,-10686000,-6216000
2009/05/14,0,1868000,-4572000,-2704000
2009/05/15,0,1157000,-6215000,-5058000
2009/05/18,0,1930000,-1995000,-65000
2009/05/19,0,5910000,-2652000,3258000
2009/05/20,0,5312000,-388000,4924000
2009/05/21,0,2145000,-2934000,-789000
2009/05/22,0,1023000,-6893000,-5870000
2009/05/25,0,896000,-2321352,-1425352
2009/05/26,0,1379000,-1270000,109000
2009/05/27,0,2915352,-7638289,-4722937
2009/05/28,0,0,0,0
2009/05/29,0,0,0,0
2009/06/01,0,4624000,-1735000,2889000
2009/06/02,0,1243000,-2223000,-980000
2009/06/03,0,1725000,-1039000,686000
2009/06/04,0,618000,-5714000,-5096000
2009/06/05,0,498000,-318374,179626
2009/06/08,0,1082000,-1447000,-365000
2009/06/09,0,1410000,-528267,881733
2009/06/10,0,898000,-248739,649261
2009/06/11,0,1270000,-481000,789000
2009/06/12,0,970000,-1510000,-540000
2009/06/15,0,590000,-588000,2000
2009/06/16,0,204000,-739180,-535180
2009/06/17,0,942000,-1441000,-499000
2009/06/18,0,1215000,-1742000,-527000
2009/06/19,0,905000,-3952000,-3047000
2009/06/22,0,730000,-4566000,-3836000
2009/06/23,0,226500,-2227000,-2000500
2009/06/24,0,3430000,-6383000,-2953000
2009/06/25,0,4945000,-2115000,2830000
2009/06/26,0,3846000,-6387000,-2541000
2009/06/29,0,6050000,-12372000,-6322000
2009/06/30,0,1001000,-1207132,-206132
2009/07/01,0,1169000,-146000,1023000
2009/07/02,0,299000,-568000,-269000
2009/07/03,0,181000,-370765,-189765
2009/07/06,0,1435000,-806000,629000
2009/07/07,0,1328000,-320730,1007270
2009/07/08,0,346000,-3212000,-2866000
2009/07/09,0,2506000,-3687000,-1181000
2009/07/10,0,426000,-1749000,-1323000
2009/07/13,0,292000,-4056000,-3764000
2009/07/14,0,232000,-1582450,-1350450
2009/07/15,0,1051000,-1541000,-490000
2009/07/16,0,809000,-595000,214000
2009/07/17,0,895185,-390330,504855
2009/07/20,0,452000,-1958000,-1506000
2009/07/21,0,901000,-767960,133040
2009/07/22,0,1004000,-2204000,-1200000
2009/07/23,0,958000,-925110,32890
2009/07/24,0,299000,-4153360,-3854360
2009/07/27,0,1587000,-369000,1218000
2009/07/28,0,1248000,-2514000,-1266000
2009/07/29,0,2136868,-432000,1704868
2009/07/30,0,1150000,-2471000,-1321000
2009/07/31,0,1957000,-3443000,-1486000
2009/08/03,0,587000,-4317000,-3730000
2009/08/04,0,1490000,-1919000,-429000
2009/08/05,0,2960000,-4140000,-1180000
2009/08/06,0,294000,-3635000,-3341000
2009/08/07,0,0,0,0
2009/08/10,0,317017,-3764000,-3446983
2009/08/11,0,921000,-2387000,-1466000
2009/08/12,0,169000,-3701000,-3532000
2009/08/13,0,3166000,-5269000,-2103000
2009/08/14,0,467000,-354000,113000
2009/08/17,0,207000,-2211000,-2004000
2009/08/18,0,4741000,-1508000,3233000
2009/08/19,0,1982000,-1383000,599000
2009/08/20,0,1585000,-2571084,-986084
2009/08/21,0,1298000,-2643370,-1345370
2009/08/24,0,3071000,-493000,2578000
2009/08/25,0,1665000,-879000,786000
2009/08/26,0,151000,-1335000,-1184000
2009/08/27,0,2121000,-2038000,83000
2009/08/28,0,1785000,-259000,1526000
2009/08/31,0,2205000,-3754914,-1549914
2009/09/01,0,1998000,-3532264,-1534264
2009/09/02,0,1088000,-385000,703000
2009/09/03,0,809000,-564000,245000
2009/09/04,0,3689000,-200000,3489000
2009/09/07,0,201000,-241000,-40000
2009/09/08,0,6184000,-1192000,4992000
2009/09/09,0,827000,-2222000,-1395000
2009/09/10,0,3643000,-992130,2650870
2009/09/11,0,947000,-260000,687000
2009/09/14,0,1616000,-1614000,2000
2009/09/15,0,1105000,-2105000,-1000000
2009/09/16,0,1234000,-335900,898100
2009/09/17,0,1347000,-133490,1213510
2009/09/18,0,5041000,-1033000,4008000
2009/09/21,0,152000,-477000,-325000
2009/09/22,0,412000,-502000,-90000
2009/09/23,0,318000,-1071000,-753000
2009/09/24,0,319000,-770000,-451000
2009/09/25,0,1672000,-1176800,495200
2009/09/28,0,1364000,-2615000,-1251000
2009/09/29,0,2447000,-2564000,-117000
2009/09/30,0,1186000,-2038000,-852000
2009/10/01,0,1023000,-2208000,-1185000
2009/10/02,0,396000,-5377000,-4981000
2009/10/05,0,1172800,-4501800,-3329000
2009/10/06,0,1913000,-268000,1645000
2009/10/07,0,3156772,-100390,3056382
2009/10/08,0,2616000,-538000,2078000
2009/10/09,0,1239000,-181000,1058000
2009/10/12,0,631000,-591000,40000
2009/10/13,0,688860,-1273554,-584694
2009/10/14,0,1552000,-288000,1264000
2009/10/15,0,1584000,-945000,639000
2009/10/16,0,1335000,-453000,882000
2009/10/19,0,1436000,-248453,1187547
2009/10/20,0,443000,-1240000,-797000
2009/10/21,0,784000,-1464000,-680000
2009/10/22,0,218000,-2781000,-2563000
2009/10/23,0,319000,-605000,-286000
2009/10/26,0,1593000,-122000,1471000
2009/10/27,0,1913000,-645000,1268000
2009/10/28,0,75000,-1519000,-1444000
2009/10/29,0,203000,-3814000,-3611000
2009/10/30,0,824000,-1963000,-1139000
2009/11/02,0,203000,-1694000,-1491000
2009/11/03,0,2143000,-3807000,-1664000
2009/11/04,0,795000,-2632940,-1837940
2009/11/05,0,97000,-557000,-460000
2009/11/06,0,1956000,-172000,1784000
2009/11/09,0,1087000,-142000,945000
2009/11/10,0,866000,-671685,194315
2009/11/11,0,1283000,-1715000,-432000
2009/11/12,0,1157000,-3045000,-1888000
2009/11/13,0,1631000,-2417000,-786000
2009/11/16,0,1557000,-143000,1414000
2009/11/17,0,1508000,-123000,1385000
2009/11/18,0,897000,-2453000,-1556000
2009/11/19,0,422000,-585000,-163000
2009/11/20,0,429000,-957000,-528000
2009/11/23,0,430000,-180000,250000
2009/11/24,0,592000,-226000,366000
2009/11/25,0,1732000,-134000,1598000
2009/11/26,0,385000,-95000,290000
2009/11/27,0,165000,-2956000,-2791000
2009/11/30,0,1196992,-4078121,-2881129
2009/12/01,0,2015000,-970000,1045000
2009/12/02,0,584000,-210000,374000
2009/12/03,0,700000,-383293,316707
2009/12/04,0,1308000,-334000,974000
2009/12/07,0,1133000,-866772,266228
2009/12/08,0,994000,-788000,206000
2009/12/09,0,90000,-137890,-47890
2009/12/10,0,445000,-3453880,-3008880
2009/12/11,0,976637,-623000,353637
2009/12/14,0,581000,-516000,65000
2009/12/15,0,618000,-25000,593000
2009/12/16,0,1035000,-164000,871000
2009/12/17,0,1480920,-1685000,-204080
2009/12/18,0,165000,-581000,-416000
2009/12/21,0,513000,-689000,-176000
2009/12/22,0,429000,-380000,49000
2009/12/23,0,450000,-398076,51924
2009/12/24,0,1399000,-12000,1387000
2009/12/25,0,477000,-15000,462000
2009/12/28,0,1312000,-4000,1308000
2009/12/29,0,270000,-143000,127000
2009/12/30,0,1866000,-995000,871000
2009/12/31,0,669000,-78420,590580
2010/01/01,0,0,0,0
2010/01/04,0,745000,-349000,396000
2010/01/05,0,726000,-1369000,-643000
2010/01/06,0,748000,-295900,452100
2010/01/07,0,2041000,-814078,1226922
2010/01/08,0,1023650,-816904,206746
2010/01/11,0,635000,-127000,508000
2010/01/12,0,250000,-512134,-262134
2010/01/13,0,609000,-89000,520000
2010/01/14,0,196000,-38630,157370
2010/01/15,0,488000,-450000,38000
2010/01/18,0,39000,-247000,-208000
2010/01/19,0,0,-1795900,-1795900
2010/01/20,0,246000,-1492000,-1246000
2010/01/21,0,1626000,-280000,1346000
2010/01/22,0,1305000,-1789000,-484000
2010/01/25,0,559820,-1384000,-824180
2010/01/26,0,380000,-3406000,-3026000
2010/01/27,0,108000,-531860,-423860
2010/01/28,0,955000,-938000,17000
2010/01/29,0,498000,-1963430,-1465430
2010/02/01,0,614000,-3428590,-2814590
2010/02/02,0,1442000,-2427510,-985510
2010/02/03,0,465140,-463380,1760
2010/02/04,0,377000,-882000,-505000
2010/02/05,0,1361000,-1668210,-307210
2010/02/08,0,464800,-2241000,-1776200
2010/02/09,0,841000,-855250,-14250
2010/02/10,0,1134000,-1086000,48000
2010/02/11,0,0,0,0
2010/02/12,0,0,0,0
2010/02/15,0,0,0,0
2010/02/16,0,0,0,0
2010/02/17,0,0,0,0
2010/02/18,0,0,0,0
2010/02/19,0,0,0,0
2010/02/22,0,1638000,-2838000,-1200000
2010/02/23,0,2547000,-2018000,529000
2010/02/24,0,5438000,-1074000,4364000
2010/02/25,0,3358000,-2516000,842000
2010/02/26,0,1559000,-292414,1266586
2010/03/01,0,1972000,-686000,1286000
2010/03/02,0,480000,-253000,227000
2010/03/03,0,1361000,-131000,1230000
2010/03/04,0,867000,-1009000,-142000
2010/03/05,0,1929000,-210000,1719000
2010/03/08,0,1493000,-112000,1381000
2010/03/09,0,1151170,-993000,158170
2010/03/10,0,1388006,-1216000,172006
2010/03/11,0,482000,-949000,-467000
2010/03/12,0,1328000,-1601000,-273000
2010/03/15,0,832000,-2243000,-1411000
2010/03/16,0,640000,-847000,-207000
2010/03/17,0,3356000,-2405000,951000
2010/03/18,0,1880000,-2208000,-328000
2010/03/19,0,1121000,-85000,1036000
2010/03/22,0,343000,-1540810,-1197810
2010/03/23,0,122000,-1664000,-1542000
2010/03/24,0,723000,-2665000,-1942000
2010/03/25,0,1861000,-6727000,-4866000
2010/03/26,0,2452000,-2260000,192000
2010/03/29,0,2360000,-2841000,-481000
2010/03/30,0,2310000,-314000,1996000
2010/03/31,0,2306000,-1304800,1001200
2010/04/01,0,5794000,-4023557,1770443
2010/04/02,0,890000,-234000,656000
2010/04/05,0,0,0,0
2010/04/06,0,2608000,-1601000,1007000
2010/04/07,0,1836050,-259000,1577050
2010/04/08,0,1095000,-1711000,-616000
2010/04/09,0,2004000,-975210,1028790
2010/04/12,0,1001010,-2034000,-1032990
2010/04/13,0,1016000,-537000,479000
2010/04/14,0,2370000,-674130,1695870
2010/04/15,0,2274000,-687000,1587000
2010/04/16,0,1991210,-335000,1656210
2010/04/19,0,1233000,-3407000,-2174000
2010/04/20,0,2319000,-816000,1503000
2010/04/21,0,1846000,-2183000,-337000
2010/04/22,0,607000,-1736290,-1129290
2010/04/23,0,255000,-1062000,-807000
2010/04/26,0,3026000,-3129000,-103000
2010/04/27,0,2106000,-3062000,-956000
2010/04/28,0,291000,-4155770,-3864770
2010/04/29,0,434000,-3368000,-2934000
2010/04/30,0,2831000,-1177000,1654000
2010/05/03,0,100000,-1047000,-947000
2010/05/04,0,1541000,-1523000,18000
2010/05/05,0,2639000,-5597190,-2958190
2010/05/06,0,973000,-2453000,-1480000
2010/05/07,0,527000,-2007760,-1480760
2010/05/10,0,549810,-753350,-203540
2010/05/11,0,702000,-1788000,-1086000
2010/05/12,0,311000,-591000,-280000
2010/05/13,0,1666000,-162000,1504000
2010/05/14,0,298000,-1316000,-1018000
2010/05/17,0,877000,-790000,87000
2010/05/18,0,1184000,-948000,236000
2010/05/19,0,211000,-926000,-715000
2010/05/20,0,1107000,-1028000,79000
2010/05/21,0,381000,-1580140,-1199140
2010/05/24,0,748000,-707000,41000
2010/05/25,0,1738000,-1470000,268000
2010/05/26,0,3132000,-2462730,669270
2010/05/27,0,1239000,-783489,455511
2010/05/28,0,1050000,-1350000,-300000
2010/05/31,0,708000,-552000,156000
2010/06/01,0,492000,-1683000,-1191000
2010/06/02,0,286000,-564000,-278000
2010/06/03,0,551000,0,551000
2010/06/04,0,216000,-522000,-306000
2010/06/07,0,0,-1222000,-1222000
2010/06/08,0,133000,-240000,-107000
2010/06/09,0,1734000,-786000,948000
2010/06/10,0,305000,-78000,227000
2010/06/11,0,1178006,-33300,1144706
2010/06/14,0,1088006,-972000,116006
2010/06/15,0,1453012,-1095330,357682
2010/06/16,0,0,0,0
2010/06/17,0,1908799,-354000,1554799
2010/06/18,0,873394,-679135,194259
2010/06/21,0,3037589,-1423291,1614298
2010/06/22,0,1320534,-1496000,-175466
2010/06/23,0,522064,-817516,-295452
2010/06/24,0,770000,-1878090,-1108090
2010/06/25,0,441956,-515000,-73044
2010/06/28,0,1728000,-1551000,177000
2010/06/29,0,1102000,-3926000,-2824000
2010/06/30,0,792000,-2986000,-2194000
2010/07/01,0,3654000,-5531870,-1877870
2010/07/02,0,338000,-356480,-18480
2010/07/05,0,249766,-654000,-404234
2010/07/06,0,1918000,-3057000,-1139000
2010/07/07,0,805638,-2778000,-1972362
2010/07/08,0,1256000,-2268000,-1012000
2010/07/09,0,653924,-2156000,-1502076
2010/07/12,0,1425000,-2370008,-945008
2010/07/13,0,2679000,-5422000,-2743000
2010/07/14,0,2632780,-5796015,-3163235
2010/07/15,0,2606000,-2144000,462000
2010/07/16,0,962205,-1974000,-1011795
2010/07/19,0,1371000,-2395000,-1024000
2010/07/20,0,2410000,-482000,1928000
2010/07/21,0,2990000,-869000,2121000
2010/07/22,0,905000,-642000,263000
2010/07/23,0,2649000,-563000,2086000
2010/07/26,0,3118770,-2296000,822770
2010/07/27,0,1962320,-505136,1457184
2010/07/28,0,1702000,-1878000,-176000
2010/07/29,0,1227000,-1115957,111043
2010/07/30,0,347156,-1651000,-1303844
2010/08/02,0,2704000,-1001000,1703000
2010/08/03,0,3876000,-877000,2999000
2010/08/04,0,3332000,-385000,2947000
2010/08/05,0,1214000,-721292,492708
2010/08/06,0,3188000,-1287000,1901000
2010/08/09,0,1472000,-1677000,-205000
2010/08/10,0,949000,-983000,-34000
2010/08/11,0,2996000,-391219,2604781
2010/08/12,0,2349000,-1436000,913000
2010/08/13,0,1275481,-655000,620481
2010/08/16,0,915300,-325000,590300
2010/08/17,0,1247000,-281000,966000
2010/08/18,0,1840000,-2296000,-456000
2010/08/19,0,786000,-2512000,-1726000
2010/08/20,0,670000,-447000,223000
2010/08/23,0,1360000,-372000,988000
2010/08/24,0,393157,-667000,-273843
2010/08/25,0,1618000,-3295000,-1677000
2010/08/26,0,3493000,-1159000,2334000
2010/08/27,0,704000,-1357000,-653000
2010/08/30,0,1669740,-562000,1107740
2010/08/31,0,2309000,-4308294,-1999294
2010/09/01,0,1058000,-2241000,-1183000
2010/09/02,0,1873293,-2323000,-449707
2010/09/03,0,1649000,-2579000,-930000
2010/09/06,0,2176000,-2460000,-284000
2010/09/07,0,141578,-1649160,-1507582
2010/09/08,0,2530470,-1612000,918470
2010/09/09,0,2441000,-1702000,739000
2010/09/10,0,2173000,-3465708,-1292708
2010/09/13,0,5655000,-4997403,657597
2010/09/14,0,2138517,-6057100,-3918583
2010/09/15,0,6637877,-904000,5733877
2010/09/16,0,939000,-2846000,-1907000
2010/09/17,0,1728000,-1170000,558000
2010/09/20,0,963000,-60000,903000
2010/09/21,0,1399000,-163000,1236000
2010/09/22,0,0,0,0
2010/09/23,0,963576,-798000,165576
2010/09/24,0,3107620,-1064000,2043620
2010/09/27,0,1053000,-2133000,-1080000
2010/09/28,0,886270,-1976000,-1089730
2010/09/29,0,2186000,-1292000,894000
2010/09/30,0,859000,-3360000,-2501000
2010/10/01,0,811990,-327000,484990
2010/10/04,0,1409470,-1256000,153470
2010/10/05,0,1023830,-1371150,-347320
2010/10/06,0,2655530,-1803000,852530
2010/10/07,0,2201350,-608000,1593350
2010/10/08,0,908000,-110000,798000
2010/10/11,0,2238980,-686000,1552980
2010/10/12,0,239000,-937000,-698000
2010/10/13,0,3259960,-632000,2627960
2010/10/14,0,3747300,-1102000,2645300
2010/10/15,0,182690,-866000,-683310
2010/10/18,0,529000,-1668000,-1139000
2010/10/19,0,510000,-5466000,-4956000
2010/10/20,0,4002000,-1151000,2851000
2010/10/21,0,1318000,-1088000,230000
2010/10/22,0,1649000,-2173000,-524000
2010/10/25,0,1080000,-1050000,30000
2010/10/26,0,1043000,-418812,624188
2010/10/27,0,1425370,-1640000,-214630
2010/10/28,0,2639067,-724000,1915067
2010/10/29,0,752000,-298000,454000
2010/11/01,0,2000000,-177000,1823000
2010/11/02,0,2580000,-98000,2482000
2010/11/03,0,2758000,-477000,2281000
2010/11/04,0,1361000,-290000,1071000
2010/11/05,0,2011000,-108805,1902195
2010/11/08,0,2076000,-181000,1895000
2010/11/09,0,3224000,-138000,3086000
2010/11/10,0,1374000,-2715510,-1341510
2010/11/11,0,2603000,-734830,1868170
2010/11/12,0,818000,-1436000,-618000
2010/11/15,0,1055040,-2623000,-1567960
2010/11/16,0,3617000,-973000,2644000
2010/11/17,0,661000,-1489000,-828000
2010/11/18,0,707000,-672040,34960
2010/11/19,0,1206030,-949000,257030
2010/11/22,0,1367540,-265000,1102540
2010/11/23,0,480840,-1978485,-1497645
2010/11/24,0,3792000,-831000,2961000
2010/11/25,0,422000,-1093000,-671000
2010/11/26,0,308000,-1063000,-755000
2010/11/29,0,693000,-644900,48100
2010/11/30,0,3442303,-1291331,2150972
2010/12/01,0,3498000,-1586000,1912000
2010/12/02,0,1799000,-1749595,49405
2010/12/03,0,479000,-299000,180000
2010/12/06,0,878000,-330000,548000
2010/12/07,0,1809140,-1143660,665480
2010/12/08,0,2556000,-1604000,952000
2010/12/09,0,2449000,-342000,2107000
2010/12/10,0,2383000,-1386000,997000
2010/12/13,0,1063000,-370000,693000
2010/12/14,0,7288000,-1178000,6110000
2010/12/15,0,4313000,-1413000,2900000
2010/12/16,0,1808000,-1346000,462000
2010/12/17,0,1305000,-1095000,210000
2010/12/20,0,5918550,-433000,5485550
2010/12/21,0,4857000,-1111961,3745039
2010/12/22,0,1095000,-1378100,-283100
2010/12/23,0,808000,-313000,495000
2010/12/24,0,467000,-9000,458000
2010/12/27,0,755000,-55000,700000
2010/12/28,0,1041000,-287000,754000
2010/12/29,0,1029450,-196000,833450
2010/12/30,0,3146000,-1114000,2032000
2010/12/31,0,673000,-2404470,-1731470
2011/01/03,0,1958000,-953000,1005000
2011/01/04,0,1465000,-4087000,-2622000
2011/01/05,0,3242000,-3197320,44680
2011/01/06,0,3602000,-1922000,1680000
2011/01/07,0,3860000,-1827000,2033000
2011/01/10,0,2090000,-894000,1196000
2011/01/11,0,2988000,-668000,2320000
2011/01/12,0,1486000,-683000,803000
2011/01/13,0,935859,-1004000,-68141
2011/01/14,0,815000,-1167000,-352000
2011/01/17,0,235589,-2725000,-2489411
2011/01/18,0,999000,-1274010,-275010
2011/01/19,0,1209000,-2019000,-810000
2011/01/20,0,739000,-1338000,-599000
2011/01/21,0,654000,-1843000,-1189000
2011/01/24,0,484000,-327000,157000
2011/01/25,0,343000,-541000,-198000
2011/01/26,0,1757000,-2198001,-441001
2011/01/27,0,835000,-152320,682680
2011/01/28,0,1362550,-2275000,-912450
2011/01/31,0,0,0,0
2011/02/01,0,0,0,0
2011/02/02,0,0,0,0
2011/02/03,0,0,0,0
2011/02/04,0,0,0,0
2011/02/07,0,0,0,0
2011/02/08,0,1569000,-2632000,-1063000
2011/02/09,0,1169000,-1241210,-72210
2011/02/10,0,1372000,-1752220,-380220
2011/02/11,0,2214000,-2091000,123000
2011/02/14,0,1123000,-2263330,-1140330
2011/02/15,0,1580000,-2889000,-1309000
2011/02/16,0,301000,-2946000,-2645000
2011/02/17,0,5154000,-3089750,2064250
2011/02/18,0,2341000,-1252000,1089000
2011/02/21,0,1916000,-1703000,213000
2011/02/22,0,2691000,-3075000,-384000
2011/02/23,0,3582852,-1747760,1835092
2011/02/24,0,3982000,-2602000,1380000
2011/02/25,0,3253000,-2626754,626246
2011/02/28,0,0,0,0
2011/03/01,0,655000,-590000,65000
2011/03/02,0,960861,-2101000,-1140139
2011/03/03,0,7421000,-143000,7278000
2011/03/04,0,1542000,-901000,641000
2011/03/07,0,2227000,-427000,1800000
2011/03/08,0,1887000,-385000,1502000
2011/03/09,0,1717000,-868084,848916
2011/03/10,0,895000,-1085240,-190240
2011/03/11,0,1718000,-2779270,-1061270
2011/03/14,0,1508000,-640000,868000
2011/03/15,0,581000,-2119310,-1538310
2011/03/16,0,574000,-1924360,-1350360
2011/03/17,0,2566000,-861370,1704630
2011/03/18,0,3189000,-4092223,-903223
2011/03/21,0,343000,-2478000,-2135000
2011/03/22,0,1458861,-1648000,-189139
2011/03/23,0,4454000,-718000,3736000
2011/03/24,0,1382000,-1707000,-325000
2011/03/25,0,1773000,-320000,1453000
2011/03/28,0,762000,-232000,530000
2011/03/29,0,2492000,-1113000,1379000
2011/03/30,0,4146000,-3716000,430000
2011/03/31,0,2022181,-457390,1564791
2011/04/01,0,2801941,-157000,2644941
2011/04/04,0,0,0,0
2011/04/05,0,0,0,0
2011/04/06,0,6406040,-1472000,4934040
2011/04/07,0,1908000,-910000,998000
2011/04/08,0,2880917,-288000,2592917
2011/04/11,0,2061000,-173000,1888000
2011/04/12,0,3678970,-108000,3570970
2011/04/13,0,1230000,-957000,273000
2011/04/14,0,1475000,-1373500,101500
2011/04/15,0,2033000,-846000,1187000
2011/04/18,0,1896000,-1438762,457238
2011/04/19,0,1478000,-795000,683000
2011/04/20,0,1365002,-728000,637002
2011/04/21,0,3258724,-1230000,2028724
2011/04/22,0,1098000,-1275000,-177000
2011/04/25,0,1133000,-425000,708000
2011/04/26,0,5164273,-702000,4462273
2011/04/27,0,4385000,-1062000,3323000
2011/04/28,0,1125998,-2250000,-1124002
2011/04/29,0,3879827,-3594000,285827
2011/05/02,0,0,0,0
2011/05/03,0,3269000,-442000,2827000
2011/05/04,0,1485000,-1021000,464000
2011/05/05,0,714000,-512000,202000
2011/05/06,0,1578130,-584300,993830
2011/05/09,0,1716000,-15000,1701000
2011/05/10,0,1281000,-265000,1016000
2011/05/11,0,1739000,-2151000,-412000
2011/05/12,0,965000,-1884000,-919000
2011/05/13,0,5661000,-826000,4835000
2011/05/16,0,364000,-2874000,-2510000
2011/05/17,0,675000,-4488400,-3813400
2011/05/18,0,964000,-874000,90000
2011/05/19,0,2799000,-3510000,-711000
2011/05/20,0,1405000,-749000,656000
2011/05/23,0,3002000,-1583000,1419000
2011/05/24,0,3133000,-615682,2517318
2011/05/25,0,1536000,-1723162,-187162
2011/05/26,0,405000,-451549,-46549
2011/05/27,0,454000,-406000,48000
2011/05/30,0,731000,-1444000,-713000
2011/05/31,0,7948000,-619094,7328906
2011/06/01,0,1666000,-462292,1203708
2011/06/02,0,2383000,-517000,1866000
2011/06/03,0,902000,-1822000,-920000
2011/06/06,0,0,0,0
2011/06/07,0,2843000,-2637000,206000
2011/06/08,0,2468000,-1683000,785000
2011/06/09,0,742000,-2205000,-1463000
2011/06/10,0,1050118,-1756000,-705882
2011/06/13,0,4114000,-1834528,2279472
2011/06/14,0,1087000,-5587000,-4500000
2011/06/15,0,3338000,-5976000,-2638000
2011/06/16,0,1398000,-1620000,-222000
2011/06/17,0,2812000,-2214585,597415
2011/06/20,0,1395000,-2199134,-804134
2011/06/21,0,4074000,-2090000,1984000
2011/06/22,0,3284000,-4141000,-857000
2011/06/23,0,2757616,-3772262,-1014646
2011/06/24,0,2406000,-517854,1888146
2011/06/27,0,3120000,-2568873,551127
2011/06/28,0,600000,-1621159,-1021159
2011/06/29,0,3072000,-1989000,1083000
2011/06/30,0,5733000,-2585500,3147500
2011/07/01,0,525944,-814000,-288056
2011/07/04,0,2297235,-514000,1783235
2011/07/05,0,2597992,-2601000,-3008
2011/07/06,0,602746,-940000,-337254
2011/07/07,0,2046056,-5118000,-3071944
2011/07/08,0,2349094,-453000,1896094
2011/07/11,0,1153670,-28000,1125670
2011/07/12,0,2208427,-393000,1815427
2011/07/13,0,780822,-135000,645822
2011/07/14,0,624133,-1363000,-738867
2011/07/15,0,1122830,-811000,311830
2011/07/18,0,99011,-1026000,-926989
2011/07/19,0,334000,-535300,-201300
2011/07/20,0,1144687,-2231000,-1086313
2011/07/21,0,1467814,-2164000,-696186
2011/07/22,0,1733977,-5084000,-3350023
2011/07/25,0,1869264,-104000,1765264
2011/07/26,0,1605654,-2369000,-763346
2011/07/27,0,1586943,-2886503,-1299560
2011/07/28,0,4000544,-2467000,1533544
2011/07/29,0,7793546,-630312,7163234
2011/08/01,0,15348000,-1526000,13822000
2011/08/02,0,4995400,-6061000,-1065600
2011/08/03,0,5780354,-1112000,4668354
2011/08/04,0,12853914,-6601000,6252914
2011/08/05,0,6007731,-4158000,1849731
2011/08/08,0,1359593,-6235359,-4875766
2011/08/09,0,2589000,-5992000,-3403000
2011/08/10,0,1497008,-6171000,-4673992
2011/08/11,0,2693000,-5885052,-3192052
2011/08/12,0,420678,-4102000,-3681322
2011/08/15,0,2024633,-877000,1147633
2011/08/16,0,1166000,-1128000,38000
2011/08/17,0,1176402,-1074000,102402
2011/08/18,0,986086,-2515000,-1528914
2011/08/19,0,679728,-1311000,-631272
2011/08/22,0,2454138,-2676000,-221862
2011/08/23,0,3461000,-1226485,2234515
2011/08/24,0,633530,-3647000,-3013470
2011/08/25,0,2150916,-2601492,-450576
2011/08/26,0,1463074,-1815000,-351926
2011/08/29,0,1348000,-1238488,109512
2011/08/30,0,101258,-1655000,-1553742
2011/08/31,0,1122235,-851518,270717
2011/09/01,0,3286228,-966047,2320181
2011/09/02,0,261318,-1787000,-1525682
2011/09/05,0,278000,-2597000,-2319000
2011/09/06,0,674669,-1845115,-1170446
2011/09/07,0,1468335,-857000,611335
2011/09/08,0,1268501,-1365000,-96499
2011/09/09,0,1355000,-3072000,-1717000
2011/09/12,0,0,0,0
2011/09/13,0,295330,-2408000,-2112670
2011/09/14,0,1652632,-1946651,-294019
2011/09/15,0,3288000,-2659000,629000
2011/09/16,0,4539622,-4187000,352622
2011/09/19,0,154463,-1270000,-1115537
2011/09/20,0,922548,-4120000,-3197452
2011/09/21,0,1538715,-2302000,-763285
2011/09/22,0,847677,-3463000,-2615323
2011/09/23,0,1662716,-3708000,-2045284
2011/09/26,0,1777754,-1792000,-14246
2011/09/27,0,5883745,-2214000,3669745
2011/09/28,0,2697045,-2468000,229045
2011/09/29,0,1751346,-1432000,319346
2011/09/30,0,2815000,-2587000,228000
2011/10/03,0,378823,-3862650,-3483827
2011/10/04,0,3090000,-1345000,1745000
2011/10/05,0,1142000,-3863000,-2721000
2011/10/06,0,2601000,-3494000,-893000
2011/10/07,0,1223000,-515000,708000
2011/10/10,0,0,0,0
2011/10/11,0,1496000,-969000,527000
2011/10/12,0,1063000,-233000,830000
2011/10/13,0,1709491,-4085000,-2375509
2011/10/14,0,844735,-2482000,-1637265
2011/10/17,0,3603518,-3868000,-264482
2011/10/18,0,1502790,-4951000,-3448210
2011/10/19,0,1559166,-7214000,-5654834
2011/10/20,0,4062352,-3812000,250352
2011/10/21,0,3957331,-2036000,1921331
2011/10/24,0,7248504,-279000,6969504
2011/10/25,0,3058692,-1113370,1945322
2011/10/26,0,2980000,-1378000,1602000
2011/10/27,0,4196000,-3499000,697000
2011/10/28,0,12587000,-389000,12198000
2011/10/31,0,2257000,-1636000,621000
2011/11/01,0,3060000,-502000,2558000
2011/11/02,0,3535000,-2040000,1495000
2011/11/03,0,2278000,-1304000,974000
2011/11/04,0,5294000,-2805000,2489000
2011/11/07,0,1595000,-1536000,59000
2011/11/08,0,2630319,-774000,1856319
2011/11/09,0,1629428,-243000,1386428
2011/11/10,0,1786428,-1600000,186428
2011/11/11,0,1254000,-834125,419875
2011/11/14,0,4277000,-335000,3942000
2011/11/15,0,1152000,-956000,196000
2011/11/16,0,3066000,-1900000,1166000
2011/11/17,0,1179714,-944163,235551
2011/11/18,0,1022001,-1282000,-259999
2011/11/21,0,1570000,-1519000,51000
2011/11/22,0,2311000,-858000,1453000
2011/11/23,0,5697000,-2165000,3532000
2011/11/24,0,2686000,-1419000,1267000
2011/11/25,0,2450000,-2377000,73000
2011/11/28,0,329792,-865000,-535208
2011/11/29,0,2872000,-902132,1969868
2011/11/30,0,2931000,-2073000,858000
2011/12/01,0,5917000,-846000,5071000
2011/12/02,0,3791000,-596000,3195000
2011/12/05,0,1628000,-345000,1283000
2011/12/06,0,3573000,-1149000,2424000
2011/12/07,0,3307000,-730063,2576937
2011/12/08,0,3117000,-1022000,2095000
2011/12/09,0,952000,-2397000,-1445000
2011/12/12,0,519000,-385000,134000
2011/12/13,0,1833000,-1603812,229188
2011/12/14,0,2026000,-1649510,376490
2011/12/15,0,2190000,-2434000,-244000
2011/12/16,0,582000,-850000,-268000
2011/12/19,0,1077000,-978000,99000
2011/12/20,0,538000,-1254000,-716000
2011/12/21,0,3406000,-620000,2786000
2011/12/22,0,1097000,-345000,752000
2011/12/23,0,1116000,-185000,931000
2011/12/26,0,257000,-129000,128000
2011/12/27,0,1946000,-483000,1463000
2011/12/28,0,623000,-123000,500000
2011/12/29,0,834000,-507000,327000
2011/12/30,0,1079374,-484000,595374
2012/01/02,0,149000,-361000,-212000
2012/01/03,0,1412000,-266000,1146000
2012/01/04,0,2119000,-1640000,479000
2012/01/05,0,2635000,-6544000,-3909000
2012/01/06,0,1245571,-3318285,-2072714
2012/01/09,0,2443000,-544000,1899000
2012/01/10,0,3264000,-1451000,1813000
2012/01/11,0,4164000,-727000,3437000
2012/01/12,0,5255000,-516000,4739000
2012/01/13,0,4435000,-612000,3823000
2012/01/16,0,576000,-868000,-292000
2012/01/17,0,2124000,-655000,1469000
2012/01/18,0,8171000,-1501000,6670000
2012/01/19,0,0,0,0
2012/01/20,0,0,0,0
2012/01/23,0,0,0,0
2012/01/24,0,0,0,0
2012/01/25,0,0,0,0
2012/01/26,0,0,0,0
2012/01/27,0,0,0,0
2012/01/30,0,7867845,-1736000,6131845
2012/01/31,0,2333275,-2695700,-362425
2012/02/01,0,4790000,-2188000,2602000
2012/02/02,0,4759000,-560000,4199000
2012/02/03,0,3835000,-970000,2865000
2012/02/06,0,2460000,-2708000,-248000
2012/02/07,0,10258000,-1644000,8614000
2012/02/08,0,7733000,-1507000,6226000
2012/02/09,0,3385000,-1292594,2092406
2012/02/10,0,3466000,-778000,2688000
2012/02/13,0,2063000,-335000,1728000
2012/02/14,0,2084652,-2965500,-880848
2012/02/15,0,4392000,-925000,3467000
2012/02/16,0,5275000,-1946000,3329000
2012/02/17,0,4158000,-355000,3803000
2012/02/20,0,5130000,-2017000,3113000
2012/02/21,0,918000,-1667000,-749000
2012/02/22,0,1822000,-536000,1286000
2012/02/23,0,664000,-499000,165000
2012/02/24,0,4392000,-841000,3551000
2012/02/27,0,0,0,0
2012/02/28,0,0,0,0
2012/02/29,0,9001782,-1983000,7018782
2012/03/01,0,6152103,-663000,5489103
2012/03/02,0,4570537,-1614000,2956537
2012/03/05,0,3249000,-667000,2582000
2012/03/06,0,2029000,-1667000,362000
2012/03/07,0,2374000,-789000,1585000
2012/03/08,0,1851000,-1114000,737000
2012/03/09,0,1145000,-306000,839000
2012/03/12,0,1374000,-422000,952000
2012/03/13,0,2785000,-494460,2290540
2012/03/14,0,3145000,-879423,2265577
2012/03/15,0,1405000,-1792000,-387000
2012/03/16,0,2375000,-4523575,-2148575
2012/03/19,0,2344000,-751000,1593000
2012/03/20,0,2349000,-377000,1972000
2012/03/21,0,2293000,-1304000,989000
2012/03/22,0,2184000,-747000,1437000
2012/03/23,0,1471000,-160000,1311000
2012/03/26,0,1234285,-2173000,-938715
2012/03/27,0,1671000,-290873,1380127
2012/03/28,0,1006000,-959000,47000
2012/03/29,0,2093000,-2841000,-748000
2012/03/30,0,3963948,-1613000,2350948
2012/04/02,0,4537000,-1201000,3336000
2012/04/03,0,3556235,-1625000,1931235
2012/04/04,0,0,0,0
2012/04/05,0,1485000,-2810000,-1325000
2012/04/06,0,140692,-1864000,-1723308
2012/04/09,0,382000,-1388000,-1006000
2012/04/10,0,2569000,-1308000,1261000
2012/04/11,0,858000,-1765000,-907000
2012/04/12,0,1584000,-4276000,-2692000
2012/04/13,0,3239886,-2087000,1152886
2012/04/16,0,987000,-2021000,-1034000
2012/04/17,0,5134000,-6040000,-906000
2012/04/18,0,2646000,-755000,1891000
2012/04/19,0,2864000,-852000,2012000
2012/04/20,0,2301825,-3981608,-1679783
2012/04/23,0,2106000,-331000,1775000
2012/04/24,0,1897000,-888000,1009000
2012/04/25,0,1822000,-761000,1061000
2012/04/26,0,794000,-785000,9000
2012/04/27,0,1835879,-1824000,11879
2012/04/30,0,4002000,-1626000,2376000
2012/05/01,0,0,0,0
2012/05/02,0,3495000,-1670107,1824893
2012/05/03,0,1503000,-687000,816000
2012/05/04,0,4716000,-1205000,3511000
2012/05/07,0,1280000,-2781000,-1501000
2012/05/08,0,791000,-876000,-85000
2012/05/09,0,1280000,-2752000,-1472000
2012/05/10,0,1401194,-2017485,-616291
2012/05/11,0,734560,-1587000,-852440
2012/05/14,0,777000,-412000,365000
2012/05/15,0,366000,-1288081,-922081
2012/05/16,0,1478714,-1965000,-486286
2012/05/17,0,1223000,-1567000,-344000
2012/05/18,0,1663000,-3258000,-1595000
2012/05/21,0,313249,-3273000,-2959751
2012/05/22,0,643000,-3141000,-2498000
2012/05/23,0,821608,-3114000,-2292392
2012/05/24,0,1137000,-2688000,-1551000
2012/05/25,0,947000,-1248000,-301000
2012/05/28,0,604000,-464000,140000
2012/05/29,0,654000,-564000,90000
2012/05/30,0,2083000,-2601871,-518871
2012/05/31,0,4035093,-5260000,-1224907
2012/06/01,0,2117000,-2072392,44608
2012/06/04,0,2317438,-1048000,1269438
2012/06/05,0,1668000,-2821000,-1153000
2012/06/06,0,1036000,-5597000,-4561000
2012/06/07,0,1543947,-2618000,-1074053
2012/06/08,0,1357989,-3824000,-2466011
2012/06/11,0,2885889,-4213000,-1327111
2012/06/12,0,1997000,-2211000,-214000
2012/06/13,0,1840750,-2936000,-1095250
2012/06/14,0,1174393,-1395301,-220908
2012/06/15,0,2099360,-1735038,364322
2012/06/18,0,1101414,-1557000,-455586
2012/06/19,0,1046287,-1077000,-30713
2012/06/20,0,5984850,-9074000,-3089150
2012/06/21,0,2304545,-3432000,-1127455
2012/06/22,0,3099625,-4991000,-1891375
2012/06/25,0,1714000,-3032000,-1318000
2012/06/26,0,1664000,-1975000,-311000
2012/06/27,0,1152000,-3839000,-2687000
2012/06/28,0,2151000,-2475000,-324000
2012/06/29,0,3024000,-1546000,1478000
2012/07/02,0,2803000,-2242000,561000
2012/07/03,0,4168714,-4496000,-327286
2012/07/04,0,3208415,-1792000,1416415
2012/07/05,0,2233000,-3143000,-910000
2012/07/06,0,3125000,-805000,2320000
2012/07/09,0,1489000,-284000,1205000
2012/07/10,0,2740200,-2948000,-207800
2012/07/11,0,540000,-1420000,-880000
2012/07/12,0,835000,-3646000,-2811000
2012/07/13,0,851440,-931146,-79706
2012/07/16,0,391000,-204000,187000
2012/07/17,0,1012000,-663000,349000
2012/07/18,0,1213000,-862714,350286
2012/07/19,0,809000,-1564714,-755714
2012/07/20,0,954000,-800428,153572
2012/07/23,0,1375000,-3890000,-2515000
2012/07/24,0,1538000,-2000530,-462530
2012/07/25,0,492000,-2753918,-2261918
2012/07/26,0,1242000,-2011511,-769511
2012/07/27,0,2852000,-1854000,998000
2012/07/30,0,2017435,-2008000,9435
2012/07/31,0,2932000,-3317884,-385884
2012/08/01,0,2385000,-2073000,312000
2012/08/02,0,0,0,0
2012/08/03,0,2165159,-4848029,-2682870
2012/08/06,0,2847300,-1311000,1536300
2012/08/07,0,2297000,-1649000,648000
2012/08/08,0,2791493,-3525000,-733507
2012/08/09,0,4286000,-2276000,2010000
2012/08/10,0,3174000,-1914300,1259700
2012/08/13,0,1094100,-1414000,-319900
2012/08/14,0,1836000,-2433484,-597484
2012/08/15,0,2674000,-2583000,91000
2012/08/16,0,1695000,-1287000,408000
2012/08/17,0,2167000,-1075797,1091203
2012/08/20,0,690000,-1344000,-654000
2012/08/21,0,2696055,-2082588,613467
2012/08/22,0,494554,-1342000,-847446
2012/08/23,0,1122416,-1027000,95416
2012/08/24,0,1555000,-1175000,380000
2012/08/27,0,926000,-1012000,-86000
2012/08/28,0,365039,-927000,-561961
2012/08/29,0,1099000,-3885600,-2786600
2012/08/30,0,2333000,-2529656,-196656
2012/08/31,0,2153392,-498559,1654833
2012/09/03,0,1462000,-691000,771000
2012/09/04,0,1070000,-531000,539000
2012/09/05,0,1055000,-1704000,-649000
2012/09/06,0,2364000,-2826500,-462500
2012/09/07,0,2845904,-265000,2580904
2012/09/10,0,1546000,-351000,1195000
2012/09/11,0,1000000,-164000,836000
2012/09/12,0,1974000,-760000,1214000
2012/09/13,0,1794000,-710000,1084000
2012/09/14,0,4779000,-675000,4104000
2012/09/17,0,1794000,-764000,1030000
2012/09/18,0,1255000,-512000,743000
2012/09/19,0,2686000,-462000,2224000
2012/09/20,0,1892000,-885000,1007000
2012/09/21,0,2626692,-1768700,857992
2012/09/24,0,1134000,-150000,984000
2012/09/25,0,1578000,-786000,792000
2012/09/26,0,1673000,-462600,1210400
2012/09/27,0,1320000,-627575,692425
2012/09/28,0,985299,-446521,538778
2012/10/01,0,533000,-197000,336000
2012/10/02,0,2124000,-1460000,664000
2012/10/03,0,1540000,-677000,863000
2012/10/04,0,2830000,-220000,2610000
2012/10/05,0,1463000,-641000,822000
2012/10/08,0,1689100,-347000,1342100
2012/10/09,0,1497000,-515980,981020
2012/10/10,0,0,0,0
2012/10/11,0,1446100,-1218000,228100
2012/10/12,0,439000,-815000,-376000
2012/10/15,0,88000,-903000,-815000
2012/10/16,0,2119000,-2719000,-600000
2012/10/17,0,3523000,-3296288,226712
2012/10/18,0,1299000,-1722000,-423000
2012/10/19,0,1000000,-816000,184000
2012/10/22,0,818300,-1390793,-572493
2012/10/23,0,590379,-687000,-96621
2012/10/24,0,678000,-1217992,-539992
2012/10/25,0,161000,-1228000,-1067000
2012/10/26,0,298000,-1563000,-1265000
2012/10/29,0,319300,-1057000,-737700
2012/10/30,0,417000,-1318000,-901000
2012/10/31,0,737000,-1521000,-784000
2012/11/01,0,2260000,-2861000,-601000
2012/11/02,0,1201000,-1124000,77000
2012/11/05,0,2103000,-699000,1404000
2012/11/06,0,2045000,-1051000,994000
2012/11/07,0,1747000,-918400,828600
2012/11/08,0,2058000,-2252000,-194000
2012/11/09,0,1493000,-1927000,-434000
2012/11/12,0,902000,-777400,124600
2012/11/13,0,1792100,-2617000,-824900
2012/11/14,0,246000,-1238000,-992000
2012/11/15,0,345000,-570000,-225000
2012/11/16,0,934000,-764000,170000
2012/11/19,0,688000,-299000,389000
2012/11/20,0,904000,-367000,537000
2012/11/21,0,1395000,-1290000,105000
2012/11/22,0,474000,-178000,296000
2012/11/23,0,2453000,-811000,1642000
2012/11/26,0,1839000,-567000,1272000
2012/11/27,0,1852000,-802200,1049800
2012/11/28,0,2201600,-1960800,240800
2012/11/29,0,3510000,-3158505,351495
2012/11/30,0,7788000,-2087197,5700803
2012/12/03,0,2735000,-995004,1739996
2012/12/04,0,1793000,-936000,857000
2012/12/05,0,4544000,-2355400,2188600
2012/12/06,0,2975000,-433000,2542000
2012/12/07,0,2718000,-790000,1928000
2012/12/10,0,2433000,-1456830,976170
2012/12/11,0,5451604,-1604000,3847604
2012/12/12,0,7066000,-2425000,4641000
2012/12/13,0,4103958,-2683000,1420958
2012/12/14,0,2725914,-1832000,893914
2012/12/17,0,4845000,-2296000,2549000
2012/12/18,0,2859000,-1610000,1249000
2012/12/19,0,2466000,-394800,2071200
2012/12/20,0,3496000,-3839000,-343000
2012/12/21,0,4138000,-2292064,1845936
2012/12/24,0,860000,-318800,541200
2012/12/25,0,2466000,-651000,1815000
2012/12/26,0,1397000,-431000,966000
2012/12/27,0,3103141,-1643000,1460141
2012/12/28,0,3169000,-1310000,1859000
2012/12/31,0,0,0,0
2013/01/01,0,0,0,0
2013/01/02,0,2083000,-997000,1086000
2013/01/03,0,2717000,-1440000,1277000
2013/01/04,0,3638000,-1961000,1677000
2013/01/07,0,3302000,-2602500,699500
2013/01/08,0,2507000,-2688000,-181000
2013/01/09,0,1589000,-1372000,217000
2013/01/10,0,4418000,-3511000,907000
2013/01/11,0,1631995,-1174000,457995
2013/01/14,0,3287400,-3043000,244400
2013/01/15,0,2842000,-2243000,599000
2013/01/16,0,2524000,-2135000,389000
2013/01/17,0,5096900,-1555000,3541900
2013/01/18,0,2086000,-2772382,-686382
2013/01/21,0,1521000,-1629000,-108000
2013/01/22,0,1169000,-1398275,-229275
2013/01/23,0,828000,-599710,228290
2013/01/24,0,2091000,-2225000,-134000
2013/01/25,0,2088000,-2173000,-85000
2013/01/28,0,3476000,-3110000,366000
2013/01/29,0,5250000,-6576000,-1326000
2013/01/30,0,5958000,-3370000,2588000
2013/01/31,0,6154000,-2807000,3347000
2013/02/01,0,6048709,-2684000,3364709
2013/02/04,0,3581000,-3761500,-180500
2013/02/05,0,1686000,-1671948,14052
2013/02/06,0,1997178,-4074000,-2076822
2013/02/07,0,0,0,0
2013/02/08,0,0,0,0
2013/02/11,0,0,0,0
2013/02/12,0,0,0,0
2013/02/13,0,0,0,0
2013/02/14,0,0,0,0
2013/02/15,0,0,0,0
2013/02/18,0,2613146,-4694000,-2080854
2013/02/19,0,2750310,-1554000,1196310
2013/02/20,0,5116296,-3816000,1300296
2013/02/21,0,2072097,-2203000,-130903
2013/02/22,0,2022000,-1926000,96000
2013/02/25,0,2018000,-2270259,-252259
2013/02/26,0,1836000,-3073515,-1237515
2013/02/27,0,1839000,-3286648,-1447648
2013/02/28,0,0,0,0
2013/03/01,0,2413000,-1530000,883000
2013/03/04,0,6109469,-5259285,850184
2013/03/05,0,4850000,-4102000,748000
2013/03/06,0,1513000,-1631000,-118000
2013/03/07,0,1275200,-2620681,-1345481
2013/03/08,0,2833400,-3067000,-233600
2013/03/11,0,1021000,-1207000,-186000
2013/03/12,0,2580000,-1435403,1144597
2013/03/13,0,1387000,-1441000,-54000
2013/03/14,0,942000,-826946,115054
2013/03/15,0,1961000,-1699185,261815
2013/03/18,0,598000,-1978000,-1380000
2013/03/19,0,2179000,-3187285,-1008285
2013/03/20,0,3146000,-3144890,1110
2013/03/21,0,969000,-1383000,-414000
2013/03/22,0,4705571,-3266012,1439559
2013/03/25,0,767000,-669000,98000
2013/03/26,0,1026000,-1648235,-622235
2013/03/27,0,489000,-633285,-144285
2013/03/28,0,643000,-1629400,-986400
2013/03/29,0,436000,-170000,266000
2013/04/01,0,144359,-135000,9359
2013/04/02,0,742000,-549000,193000
2013/04/03,0,1594827,-274000,1320827
2013/04/04,0,0,0,0
2013/04/05,0,0,0,0
2013/04/08,0,1236780,-1881000,-644220
2013/04/09,0,1224000,-989483,234517
2013/04/10,0,1527000,-1499000,28000
2013/04/11,0,10059609,-4537000,5522609
2013/04/12,0,3627000,-4280000,-653000
2013/04/15,0,445016,-2187000,-1741984
2013/04/16,0,24376962,-22957000,1419962
2013/04/17,0,4290000,-3586000,704000
2013/04/18,0,10527000,-12077000,-1550000
2013/04/19,0,2856100,-2786000,70100
2013/04/22,0,3016000,-2779000,237000
2013/04/23,0,1031000,-1043000,-12000
2013/04/24,0,1721000,-1006000,715000
2013/04/25,0,2576651,-1648000,928651
2013/04/26,0,1403000,-2628400,-1225400
2013/04/29,0,1546000,-1312000,234000
2013/04/30,0,4834000,-3658000,1176000
2013/05/01,0,0,0,0
2013/05/02,0,3762000,-3961140,-199140
2013/05/03,0,1297000,-1701000,-404000
2013/05/06,0,2438000,-576500,1861500
2013/05/07,0,1649000,-813115,835885
2013/05/08,0,3355714,-2839140,516574
2013/05/09,0,1979813,-2849000,-869187
2013/05/10,0,3366000,-1189000,2177000
2013/05/13,0,4503000,-1433000,3070000
2013/05/14,0,3349000,-1919000,1430000
2013/05/15,0,3881000,-666000,3215000
2013/05/16,0,3097000,-1589000,1508000
2013/05/17,0,2933978,-3866600,-932622
2013/05/20,0,7785888,-3163000,4622888
2013/05/21,0,5822000,-1253319,4568681
2013/05/22,0,8908880,-4762000,4146880
2013/05/23,0,10864120,-2982000,7882120
2013/05/24,0,1722527,-1938000,-215473
2013/05/27,0,2519082,-1410000,1109082
2013/05/28,0,3794170,-1604000,2190170
2013/05/29,0,6076000,-884077,5191923
2013/05/30,0,4976000,-2820970,2155030
2013/05/31,0,12699000,-5340304,7358696
2013/06/03,0,5059000,-4499000,560000
2013/06/04,0,3444000,-2813000,631000
2013/06/05,0,3400000,-1974241,1425759
2013/06/06,0,2154721,-2823799,-669078
2013/06/07,0,2044000,-1538439,505561
2013/06/10,0,2598000,-2149000,449000
2013/06/11,0,2109637,-2350000,-240363
2013/06/12,0,0,0,0
2013/06/13,0,5282000,-4070239,1211761
2013/06/14,0,3210000,-3141916,68084
2013/06/17,0,1763000,-1744576,18424
2013/06/18,0,2066000,-2986000,-920000
2013/06/19,0,4870000,-3350178,1519822
2013/06/20,0,2276000,-2844685,-568685
2013/06/21,0,5512000,-4888441,623559
2013/06/24,0,2893000,-2433000,460000
2013/06/25,0,2945000,-3304000,-359000
2013/06/26,0,3291000,-2608974,682026
2013/06/27,0,2502000,-2247000,255000
2013/06/28,0,6097000,-4094693,2002307
2013/07/01,0,836000,-2379992,-1543992
2013/07/02,0,2271268,-2175000,96268
2013/07/03,0,2509000,-1762727,746273
2013/07/04,0,3124000,-3753000,-629000
2013/07/05,0,1044000,-1346000,-302000
2013/07/08,0,1525000,-2156830,-631830
2013/07/09,0,2780000,-1783000,997000
2013/07/10,0,2640000,-1486000,1154000
2013/07/11,0,6324805,-2178000,4146805
2013/07/12,0,4012000,-4130000,-118000
2013/07/15,0,3203000,-2331438,871562
2013/07/16,0,4400000,-3192000,1208000
2013/07/17,0,3169000,-1790284,1378716
2013/07/18,0,4854000,-1329000,3525000
2013/07/19,0,4888439,-1758985,3129454
2013/07/22,0,4047188,-3191060,856128
2013/07/23,0,8127000,-2020000,6107000
2013/07/24,0,2536000,-6191300,-3655300
2013/07/25,0,3966000,-1531000,2435000
2013/07/26,0,5703000,-1494000,4209000
2013/07/29,0,3022000,-2110400,911600
2013/07/30,0,4671000,-1606000,3065000
2013/07/31,0,5121000,-3805751,1315249
2013/08/01,0,2157000,-3577700,-1420700
2013/08/02,0,3849000,-2391000,1458000
2013/08/05,0,2576268,-1177000,1399268
2013/08/06,0,2090000,-2520000,-430000
2013/08/07,0,6000000,-2777000,3223000
2013/08/08,0,30489000,-29135554,1353446
2013/08/09,0,1589000,-2493000,-904000
2013/08/12,0,2021000,-1410000,611000
2013/08/13,0,3761000,-1885000,1876000
2013/08/14,0,6680571,-4732100,1948471
2013/08/15,0,2993000,-4035984,-1042984
2013/08/16,0,7572842,-3428000,4144842
2013/08/19,0,2835000,-3826000,-991000
2013/08/20,0,5855286,-5039000,816286
2013/08/21,0,0,0,0
2013/08/22,0,3820000,-5901456,-2081456
2013/08/23,0,2341000,-3772000,-1431000
2013/08/26,0,1612000,-1599700,12300
2013/08/27,0,4541000,-5716000,-1175000
2013/08/28,0,3771000,-4164000,-393000
2013/08/29,0,4412537,-3463300,949237
2013/08/30,0,3804000,-3343000,461000
2013/09/02,0,2002000,-2080000,-78000
2013/09/03,0,2013000,-1189950,823050
2013/09/04,0,1629000,-1470000,159000
2013/09/05,0,3302045,-2394100,907945
2013/09/06,0,1360000,-1823000,-463000
2013/09/09,0,3134000,-1982000,1152000
2013/09/10,0,3278000,-2000201,1277799
2013/09/11,0,3910000,-2627688,1282312
2013/09/12,0,3762000,-3425000,337000
2013/09/13,0,1462000,-3584900,-2122900
2013/09/16,0,2455000,-1956000,499000
2013/09/17,0,1644000,-1701000,-57000
2013/09/18,0,2506437,-4793194,-2286757
2013/09/19,0,0,0,0
2013/09/20,0,0,0,0
2013/09/23,0,3247000,-1914437,1332563
2013/09/24,0,2921000,-2216600,704400
2013/09/25,0,2807100,-2568189,238911
2013/09/26,0,1855000,-2942000,-1087000
2013/09/27,0,3652000,-4136391,-484391
2013/09/30,0,5651900,-5234180,417720
2013/10/01,0,1348000,-2006291,-658291
2013/10/02,0,3170000,-3021966,148034
2013/10/03,0,5542109,-509600,5032509
2013/10/04,0,1615091,-2729096,-1114005
2013/10/07,0,1582127,-1593000,-10873
2013/10/08,0,1320000,-3323831,-2003831
2013/10/09,0,1093000,-2247000,-1154000
2013/10/10,0,0,0,0
2013/10/11,0,1402766,-1761030,-358264
2013/10/14,0,1007000,-1051057,-44057
2013/10/15,0,2797600,-376000,2421600
2013/10/16,0,766000,-868000,-102000
2013/10/17,0,9110844,-8301844,809000
2013/10/18,0,2863000,-530000,2333000
2013/10/21,0,2180000,-256000,1924000
2013/10/22,0,3163000,-1159000,2004000
2013/10/23,0,7602826,-6443334,1159492
2013/10/24,0,3174000,-2788000,386000
2013/10/25,0,2722692,-1643000,1079692
2013/10/28,0,1627000,-832302,794698
2013/10/29,0,1758000,-3402383,-1644383
2013/10/30,0,7532000,-7140878,391122
2013/10/31,0,4794310,-6764706,-1970396
2013/11/01,0,3405000,-3408458,-3458
2013/11/04,0,2516252,-1042000,1474252
2013/11/05,0,4198000,-7173255,-2975255
2013/11/06,0,9061000,-6808958,2252042
2013/11/07,0,2722000,-4077000,-1355000
2013/11/08,0,3118000,-2756100,361900
2013/11/11,0,3072000,-4444000,-1372000
2013/11/12,0,4063000,-7035811,-2972811
2013/11/13,0,3020874,-3554000,-533126
2013/11/14,0,2264000,-2169022,94978
2013/11/15,0,1537700,-1109000,428700
2013/11/18,0,1667640,-568000,1099640
2013/11/19,0,2844000,-2475353,368647
2013/11/20,0,6119000,-7816539,-1697539
2013/11/21,0,4330310,-2990000,1340310
2013/11/22,0,2430000,-3982908,-1552908
2013/11/25,0,3953000,-1684000,2269000
2013/11/26,0,7651204,-3766513,3884691
2013/11/27,0,5515127,-4042091,1473036
2013/11/28,0,2567000,-1464000,1103000
2013/11/29,0,2973000,-2519400,453600
2013/12/02,0,1257127,-1815000,-557873
2013/12/03,0,2309018,-1531809,777209
2013/12/04,0,2520678,-2179400,341278
2013/12/05,0,1512671,-1424169,88502
2013/12/06,0,1797360,-4414977,-2617617
2013/12/09,0,2929000,-2830000,99000
2013/12/10,0,2381000,-2446000,-65000
2013/12/11,0,3496000,-2671000,825000
2013/12/12,0,5835000,-2974214,2860786
2013/12/13,0,2318000,-3909000,-1591000
2013/12/16,0,1885313,-2592268,-706955
2013/12/17,0,1231000,-2217910,-986910
2013/12/18,0,511000,-2547500,-2036500
2013/12/19,0,2514000,-1758965,755035
2013/12/20,0,3621000,-2355638,1265362
2013/12/23,0,2706000,-3008000,-302000
2013/12/24,0,763000,-1065000,-302000
2013/12/25,0,276000,-189000,87000
2013/12/26,0,144000,-491099,-347099
2013/12/27,0,1980000,-802000,1178000
2013/12/30,0,1728000,-638000,1090000
2013/12/31,0,563000,-1376100,-813100
2014/01/02,0,1553000,-386000,1167000
2014/01/03,0,1078000,-1053000,25000
2014/01/06,0,967275,-1305000,-337725
2014/01/07,0,704145,-1163000,-458855
2014/01/08,0,1797000,-616154,1180846
2014/01/09,0,1857000,-1245000,612000
2014/01/10,0,5003600,-1968000,3035600
2014/01/13,0,386000,-2744000,-2358000
2014/01/14,0,2118000,-784764,1333236
2014/01/15,0,2129000,-1745795,383205
2014/01/16,0,1589000,-866311,722689
2014/01/17,0,641767,-1057000,-415233
2014/01/20,0,1760000,-2015000,-255000
2014/01/21,0,303000,-1619386,-1316386
2014/01/22,0,2743000,-935600,1807400
2014/01/23,0,1978382,-1405500,572882
2014/01/24,0,5170000,-2932037,2237963
2014/01/27,0,5116591,-8020525,-2903934
2014/02/05,0,13233000,-13073130,159870
2014/02/06,0,4383000,-6017000,-1634000
2014/02/07,0,2602000,-4363300,-1761300
2014/02/10,0,1914000,-3010000,-1096000
2014/02/11,0,1380457,-1289200,91257
2014/02/12,0,2093000,-1354700,738300
2014/02/13,0,1284579,-1636410,-351831
2014/02/14,0,2367000,-1929570,437430
2014/02/17,0,690000,-1418000,-728000
2014/02/18,0,1001000,-538237,462763
2014/02/19,0,1909001,-2407000,-497999
2014/02/20,0,1522000,-2416693,-894693
2014/02/21,0,2386000,-2105394,280606
2014/02/24,0,934000,-2557735,-1623735
2014/02/25,0,1996599,-1554600,441999
2014/02/26,0,3880000,-2482861,1397139
2014/02/27,0,6973314,-3530140,3443174
2014/03/03,0,4599000,-3818600,780400
2014/03/04,0,1460000,-3022589,-1562589
2014/03/05,0,2098000,-875200,1222800
2014/03/06,0,2236000,-1591599,644401
2014/03/07,0,3026000,-2516606,509394
2014/03/10,0,1935000,-2642386,-707386
2014/03/11,0,1309000,-398507,910493
2014/03/12,0,607000,-368342,238658
2014/03/13,0,750000,-2120704,-1370704
2014/03/14,0,1865000,-4560000,-2695000
2014/03/17,0,590000,-474000,116000
2014/03/18,0,1777000,-1211324,565676
2014/03/19,0,311000,-970000,-659000
2014/03/20,0,1651000,-3507000,-1856000
2014/03/21,0,1891000,-2683000,-792000
2014/03/24,0,1648382,-1357139,291243
2014/03/25,0,1964000,-2587000,-623000
2014/03/26,0,2324000,-1760192,563808
2014/03/27,0,1548000,-1156400,391600
2014/03/28,0,3778000,-442000,3336000
2014/03/31,0,2601127,-2256230,344897
2014/04/01,0,3014000,-1849563,1164437
2014/04/02,0,4021000,-1699000,2322000
2014/04/03,0,5823000,-2000000,3823000
2014/04/07,0,4864000,-1888000,2976000
2014/04/08,0,3093269,-2614000,479269
2014/04/09,0,2912122,-2303469,608653
2014/04/10,0,3979000,-4339471,-360471
2014/04/11,0,4439000,-2057000,2382000
2014/04/14,0,3007001,-813000,2194001
2014/04/15,0,3170000,-1604254,1565746
2014/04/16,0,2683000,-1605000,1078000
2014/04/17,0,2444000,-4685000,-2241000
2014/04/18,0,1590000,-2731000,-1141000
2014/04/21,0,1520000,-1282000,238000
2014/04/22,0,3262000,-1647000,1615000
2014/04/23,0,4110000,-2100000,2010000
2014/04/24,0,4293000,-2082000,2211000
2014/04/25,0,3878000,-2877750,1000250
2014/04/28,0,4006000,-1906900,2099100
2014/04/29,0,1999000,-1300300,698700
2014/04/30,0,4115000,-2916000,1199000
2014/05/02,0,6408000,-724000,5684000
2014/05/05,0,888000,-645339,242661
2014/05/06,0,1731000,-439000,1292000
2014/05/07,0,2471000,-1176000,1295000
2014/05/08,0,2624000,-669000,1955000
2014/05/09,0,3017000,-1634000,1383000
2014/05/12,0,2606269,-448000,2158269
2014/05/13,0,4518000,-1993998,2524002
2014/05/14,0,7782000,-1546400,6235600
2014/05/15,0,5556000,-2637000,2919000
2014/05/16,0,3371000,-2045000,1326000
2014/05/19,0,5974000,-1479340,4494660
2014/05/20,0,3305612,-3258000,47612
2014/05/21,0,3211000,-527000,2684000
2014/05/22,0,2199000,-1623000,576000
2014/05/23,0,2789000,-784000,2005000
2014/05/26,0,1554000,-640000,914000
2014/05/27,0,337000,-568000,-231000
2014/05/28,0,2730000,-902000,1828000
2014/05/29,0,2916000,-1893000,1023000
2014/05/30,0,6124000,-5757281,366719
2014/06/03,0,4724000,-1634571,3089429
2014/06/04,0,1083000,-2285000,-1202000
2014/06/05,0,8196000,-1814000,6382000
2014/06/06,0,5763000,-2837000,2926000
2014/06/09,0,1786400,-4999039,-3212639
2014/06/10,0,2856857,-509700,2347157
2014/06/11,0,1927397,-2141000,-213603
2014/06/12,0,2073000,-2850000,-777000
2014/06/13,0,2358000,-1010000,1348000
2014/06/16,0,2657000,-1256000,1401000
2014/06/17,0,2610000,-987760,1622240
2014/06/18,0,5181000,-4177000,1004000
2014/06/19,0,2527276,-1152000,1375276
2014/06/20,0,2236200,-1397812,838388
2014/06/23,0,9046000,-6732668,2313332
2014/06/24,0,1485000,-1506438,-21438
2014/06/25,0,3395000,-4162580,-767580
2014/06/26,0,2571401,-2077285,494116
2014/06/27,0,1742000,-1456000,286000
2014/06/30,0,3651000,-1222682,2428318
2014/07/01,0,2620000,-749000,1871000
2014/07/02,0,4723537,-1032050,3691487
2014/07/03,0,1074000,-600000,474000
2014/07/04,0,1610000,-2975000,-1365000
2014/07/07,0,2990584,-937000,2053584
2014/07/08,0,2895000,-1004962,1890038
2014/07/09,0,1716000,-432000,1284000
2014/07/10,0,6768999,-3255587,3513412
2014/07/11,0,1500000,-1358000,142000
2014/07/14,0,3680000,-1756000,1924000
2014/07/15,0,1273466,-1474000,-200534
2014/07/16,0,2565000,-1183000,1382000
2014/07/17,0,2310957,-4038504,-1727547
2014/07/18,0,1960000,-3309100,-1349100
2014/07/21,0,5440000,-3539000,1901000
2014/07/22,0,4622000,-3766000,856000
2014/07/23,0,0,0,0
2014/07/24,0,3034485,-1292000,1742485
2014/07/25,0,4677000,-3819000,858000
2014/07/28,0,3341000,-1917000,1424000
2014/07/29,0,6331759,-1622000,4709759
2014/07/30,0,6388997,-4146000,2242997
2014/07/31,0,3288000,-3821092,-533092
2014/08/01,0,2754000,-2011000,743000
2014/08/04,0,4974000,-4043000,931000
2014/08/05,0,4925702,-6816316,-1890614
2014/08/06,0,5631512,-7521340,-1889828
2014/08/07,0,9098107,-5661237,3436870
2014/08/08,0,2787105,-2923976,-136871
2014/08/11,0,2575143,-1466318,1108825
2014/08/12,0,938000,-2693941,-1755941
2014/08/13,0,5901000,-2497000,3404000
2014/08/14,0,2531000,-1823000,708000
2014/08/15,0,1361000,-2040000,-679000
2014/08/18,0,3163000,-2624000,539000
2014/08/19,0,4082035,-1517000,2565035
2014/08/20,0,3190565,-2880000,310565
2014/08/21,0,3105000,-2400350,704650
2014/08/22,0,2664770,-1850413,814357
2014/08/25,0,1137000,-580000,557000
2014/08/26,0,1005291,-2594285,-1588994
2014/08/27,0,3086000,-1520000,1566000
2014/08/28,0,1219162,-1613259,-394097
2014/08/29,0,2765000,-3528000,-763000
2014/09/01,0,1263000,-349000,914000
2014/09/02,0,1053000,-1831434,-778434
2014/09/03,0,2480343,-1712670,767673
2014/09/04,0,5697343,-3180690,2516653
2014/09/05,0,1927000,-2437000,-510000
2014/09/09,0,1578316,-1757316,-179000
2014/09/10,0,736000,-1856000,-1120000
2014/09/11,0,1487179,-2554000,-1066821
2014/09/12,0,2869738,-1879996,989742
2014/09/15,0,1524147,-778000,746147
2014/09/16,0,1121000,-1036000,85000
2014/09/17,0,2309000,-2043000,266000
2014/09/18,0,1251000,-1047920,203080
2014/09/19,0,967000,-2674680,-1707680
2014/09/22,0,742916,-3380838,-2637922
2014/09/23,0,2690000,-1604000,1086000
2014/09/24,0,988222,-913895,74327
2014/09/25,0,1581000,-4578000,-2997000
2014/09/26,0,611992,-4129130,-3517138
2014/09/29,0,3310000,-5677000,-2367000
2014/09/30,0,4542000,-10905900,-6363900
2014/10/01,0,1829240,-4251231,-2421991
2014/10/02,0,1772000,-4189000,-2417000
2014/10/03,0,4086269,-2845000,1241269
2014/10/06,0,5031092,-5330000,-298908
2014/10/07,0,5939000,-6078000,-139000
2014/10/08,0,5511000,-8188316,-2677316
2014/10/09,0,3830000,-3321000,509000
2014/10/13,0,4099960,-6136000,-2036040
2014/10/14,0,2604000,-2542000,62000
2014/10/15,0,5610000,-8282000,-2672000
2014/10/16,0,3864000,-4453000,-589000
2014/10/17,0,4330000,-6539000,-2209000
2014/10/20,0,5886352,-7756000,-1869648
2014/10/21,0,2608000,-7723000,-5115000
2014/10/22,0,9970269,-8216000,1754269
2014/10/23,0,4105369,-4049000,56369
2014/10/24,0,3551000,-4116000,-565000
2014/10/27,0,6319000,-2706500,3612500
2014/10/28,0,7907000,-3704000,4203000
2014/10/29,0,5132806,-3545000,1587806
2014/10/30,0,3775752,-3969000,-193248
2014/10/31,0,3756749,-3101000,655749
2014/11/03,0,2288210,-659000,1629210
2014/11/04,0,5620000,-5554000,66000
2014/11/05,0,2457000,-2437000,20000
2014/11/06,0,1003000,-1757000,-754000
2014/11/07,0,2374790,-3707000,-1332210
2014/11/10,0,2840800,-2216000,624800
2014/11/11,0,1206000,-7072000,-5866000
2014/11/12,0,2555800,-4107000,-1551200
2014/11/13,0,1586000,-1814000,-228000
2014/11/14,0,1445000,-3474000,-2029000
2014/11/17,0,1414000,-3515565,-2101565
2014/11/18,0,1497127,-4870000,-3372873
2014/11/19,0,7060600,-5666197,1394403
2014/11/20,0,4616000,-6077000,-1461000
2014/11/21,0,1769000,-3774000,-2005000
2014/11/24,0,2216000,-2109000,107000
2014/11/25,0,2756558,-2407000,349558
2014/11/26,0,848000,-1383000,-535000
2014/11/27,0,1630000,-1694000,-64000
2014/11/28,0,1477000,-1293000,184000
2014/12/01,0,690000,-1675309,-985309
2014/12/02,0,1937870,-2640000,-702130
2014/12/03,0,1175266,-1149633,25633
2014/12/04,0,1103000,-851000,252000
2014/12/05,0,657000,-1190000,-533000
2014/12/08,0,559611,-303000,256611
2014/12/09,0,720000,-818000,-98000
2014/12/10,0,1986468,-2338004,-351536
2014/12/11,0,1499000,-3035000,-1536000
2014/12/12,0,1509127,-2724394,-1215267
2014/12/15,0,941000,-2245500,-1304500
2014/12/16,0,2321064,-6415061,-4093997
2014/12/17,0,3095686,-7166003,-4070317
2014/12/18,0,2177347,-4955000,-2777653
2014/12/19,0,4099000,-1945000,2154000
2014/12/22,0,1953466,-3302000,-1348534
2014/12/23,0,466960,-832000,-365040
2014/12/24,0,1210000,-880000,330000
2014/12/25,0,249000,-371000,-122000
2014/12/26,0,462000,-411000,51000
2014/12/29,0,1745000,-979000,766000
2014/12/30,0,571000,-749000,-178000
2014/12/31,0,1248000,-2390000,-1142000
2015/01/01,0,0,0,0
2015/01/02,0,0,0,0
2015/01/05,0,588000,-1194000,-606000
2015/01/06,0,866000,-4031300,-3165300
2015/01/07,0,1361161,-2071000,-709839
2015/01/08,0,1836000,-819000,1017000
2015/01/09,0,751982,-1326700,-574718
2015/01/12,0,442000,-599000,-157000
2015/01/13,0,1396100,-443000,953100
2015/01/14,0,529400,-1765000,-1235600
2015/01/15,0,318000,-3632000,-3314000
2015/01/16,0,474300,-4332612,-3858312
2015/01/19,0,4036000,-2361700,1674300
2015/01/20,0,865000,-518845,346155
2015/01/21,0,9237000,-8373000,864000
2015/01/22,0,1211000,-360000,851000
2015/01/23,0,2589000,-1559512,1029488
2015/01/26,0,632000,-1195184,-563184
2015/01/27,0,1075000,-1322000,-247000
2015/01/28,0,1285000,-1201000,84000
2015/01/29,0,1233000,-2554000,-1321000
2015/01/30,0,3689000,-6267310,-2578310
2015/02/02,0,2208400,-326000,1882400
2015/02/03,0,864000,-974000,-110000
2015/02/04,0,1755000,-834000,921000
2015/02/05,0,898000,-260000,638000
2015/02/06,0,1042000,-1087000,-45000
2015/02/09,0,1288000,-356000,932000
2015/02/10,0,2070000,-1028000,1042000
2015/02/11,0,2193001,-1030000,1163001
2015/02/12,0,1864500,-953000,911500
2015/02/13,0,1838390,-699000,1139390
2015/02/16,0,0,0,0
2015/02/17,0,0,0,0
2015/02/18,0,0,0,0
2015/02/19,0,0,0,0
2015/02/20,0,0,0,0
2015/02/23,0,0,0,0
2015/02/24,0,2887000,-3477015,-590015
2015/02/25,0,2765315,-701700,2063615
2015/02/26,0,2706100,-1037260,1668840
2015/02/27,0,0,0,0
2015/03/02,0,1771200,-2621806,-850606
2015/03/03,0,2642448,-1200000,1442448
2015/03/04,0,1397000,-783000,614000
2015/03/05,0,1045908,-2262000,-1216092
2015/03/06,0,1455000,-2508000,-1053000
2015/03/09,0,594000,-1444000,-850000
2015/03/10,0,1014546,-2117000,-1102454
2015/03/11,0,3068000,-4142000,-1074000
2015/03/12,0,1779000,-3772100,-1993100
2015/03/13,0,2363300,-3515900,-1152600
2015/03/16,0,1595000,-1950170,-355170
2015/03/17,0,1056000,-1097000,-41000
2015/03/18,0,9656000,-7874000,1782000
2015/03/19,0,5392000,-3612000,1780000
2015/03/20,0,5232000,-4414000,818000
2015/03/23,0,1119000,-2157888,-1038888
2015/03/24,0,928269,-2641092,-1712823
2015/03/25,0,460000,-3161400,-2701400
2015/03/26,0,1358000,-1696000,-338000
2015/03/27,0,746000,-1983200,-1237200
2015/03/30,0,1409758,-2423500,-1013742
2015/03/31,0,7530475,-8557000,-1026525
2015/04/01,0,1284737,-1726000,-441263
2015/04/02,0,888127,-464000,424127
2015/04/03,0,0,0,0
2015/04/06,0,0,0,0
2015/04/07,0,1713000,-804722,908278
2015/04/08,0,1710671,-2140000,-429329
2015/04/09,0,602000,-864000,-262000
2015/04/10,0,1814000,-1562000,252000
2015/04/13,0,2420000,-1824000,596000
2015/04/14,0,452000,-1888000,-1436000
2015/04/15,0,1282000,-3109000,-1827000
2015/04/16,0,1622118,-433000,1189118
2015/04/17,0,1398114,-2785000,-1386886
2015/04/20,0,1078390,-679000,399390
2015/04/21,0,934000,-2247000,-1313000
2015/04/22,0,1470000,-4986347,-3516347
2015/04/23,0,2779000,-5870574,-3091574
2015/04/24,0,6056000,-379000,5677000
2015/04/27,0,3298779,-1799000,1499779
2015/04/28,0,3364000,-1148000,2216000
2015/04/29,0,4533000,-2434200,2098800
2015/04/30,0,2721481,-3050240,-328759
2015/05/01,0,0,0,0
2015/05/04,0,1270000,-1116000,154000
2015/05/05,0,1404000,-908000,496000
2015/05/06,0,3519000,-1066000,2453000
2015/05/07,0,4632000,-2283000,2349000
2015/05/08,0,3561269,-3217633,343636
2015/05/11,0,2621641,-1628000,993641
2015/05/12,0,3953881,-1195000,2758881
2015/05/13,0,1073000,-1657000,-584000
2015/05/14,0,1191000,-5289000,-4098000
2015/05/15,0,1364228,-16125500,-14761272
2015/05/18,0,909621,-4886983,-3977362
2015/05/19,0,2965269,-4158306,-1193037
2015/05/20,0,424000,-4051000,-3627000
2015/05/21,0,769000,-3641000,-2872000
2015/05/22,0,1492000,-6798000,-5306000
2015/05/25,0,918000,-2398000,-1480000
2015/05/26,0,4692000,-3893250,798750
2015/05/27,0,4070000,-3431369,638631
2015/05/28,0,2928000,-3524114,-596114
2015/05/29,0,3255249,-4222150,-966901
2015/06/01,0,3328000,-3846971,-518971
2015/06/02,0,3574000,-2315000,1259000
2015/06/03,0,1294613,-1822000,-527387
2015/06/04,0,1274000,-3196000,-1922000
2015/06/05,0,925449,-2249000,-1323551
2015/06/08,0,835000,-2897000,-2062000
2015/06/09,0,249000,-1380114,-1131114
2015/06/10,0,617000,-1574000,-957000
2015/06/11,0,412000,-2811000,-2399000
2015/06/12,0,445000,-1439000,-994000
2015/06/15,0,1421300,-2153000,-731700
2015/06/16,0,3529000,-2449000,1080000
2015/06/17,0,4138000,-2158780,1979220
2015/06/18,0,2305136,-2299000,6136
2015/06/19,0,0,0,0
2015/06/22,0,2561287,-1387581,1173706
2015/06/23,0,2112021,-2520900,-408879
2015/06/24,0,1321000,-1945455,-624455
2015/06/25,0,3676478,-2834000,842478
2015/06/26,0,3050071,-1814831,1235240
2015/06/29,0,1794000,-2813000,-1019000
2015/06/30,0,4181000,-5858053,-1677053
2015/07/01,0,3066000,-2587278,478722
2015/07/02,0,3288000,-4139164,-851164
2015/07/03,0,2170000,-944000,1226000
2015/07/06,0,2518000,-1289000,1229000
2015/07/07,0,3387021,-3452704,-65683
2015/07/08,0,3555000,-3904000,-349000
2015/07/09,0,4366000,-4239800,126200
2015/07/10,0,0,0,0
2015/07/13,0,4168000,-2361000,1807000
2015/07/14,0,3275000,-2415000,860000
2015/07/15,0,4476000,-2705882,1770118
2015/07/16,0,3467000,-3565900,-98900
2015/07/17,0,2940000,-2097000,843000
2015/07/20,0,2846000,-2550000,296000
2015/07/21,0,2672000,-1000000,1672000
2015/07/22,0,3236000,-2291185,944815
2015/07/23,0,3187000,-2221000,966000
2015/07/24,0,4399127,-4537000,-137873
2015/07/27,0,5025000,-2522000,2503000
2015/07/28,0,3849334,-3547300,302034
2015/07/29,0,2957000,-3406100,-449100
2015/07/30,0,3478987,-2072000,1406987
2015/07/31,0,3661000,-3155110,505890
2015/08/03,0,2620000,-2127264,492736
2015/08/04,0,2782000,-2097551,684449
2015/08/05,0,1469000,-2301000,-832000
2015/08/06,0,1309000,-3033000,-1724000
2015/08/07,0,1856000,-1808000,48000
2015/08/10,0,1294000,-1241000,53000
2015/08/11,0,2509245,-2852234,-342989
2015/08/12,0,2015000,-2025000,-10000
2015/08/13,0,1506000,-1413323,92677
2015/08/14,0,2577990,-1409000,1168990
2015/08/17,0,1643367,-1601000,42367
2015/08/18,0,1245000,-2116000,-871000
2015/08/19,0,3790000,-2613000,1177000
2015/08/20,0,4069000,-3299000,770000
2015/08/21,0,4798000,-3330383,1467617
2015/08/24,0,2766000,-3214000,-448000
2015/08/25,0,6063700,-3929571,2134129
2015/08/26,0,3596000,-4649253,-1053253
2015/08/27,0,4740000,-4108600,631400
2015/08/28,0,3151469,-3687948,-536479
2015/08/31,0,5587139,-4121000,1466139
2015/09/01,0,3182000,-2750000,432000
2015/09/02,0,10614000,-6013115,4600885
2015/09/03,0,4722070,-3766000,956070
2015/09/04,0,1479199,-2367430,-888231
2015/09/07,0,1052000,-1449000,-397000
2015/09/08,0,1015000,-1527000,-512000
2015/09/09,0,3552537,-1360000,2192537
2015/09/10,0,3112979,-1171000,1941979
2015/09/11,0,376000,-992000,-616000
2015/09/14,0,1086000,-728000,358000
2015/09/15,0,1243398,-597100,646298
2015/09/16,0,1243000,-1255668,-12668
2015/09/17,0,3352000,-1506000,1846000
2015/09/18,0,2138456,-1363444,775012
2015/09/21,0,2111100,-1780116,330984
2015/09/22,0,1279000,-265302,1013698
2015/09/23,0,1870000,-2725309,-855309
2015/09/24,0,1607000,-1791000,-184000
2015/09/25,0,2650000,-1368000,1282000
2015/09/28,0,0,0,0
2015/09/29,0,0,0,0
2015/09/30,0,3802000,-4296098,-494098
2015/10/01,0,3673267,-748000,2925267
2015/10/02,0,1061000,-2187000,-1126000
2015/10/05,0,629520,-1653000,-1023480
2015/10/06,0,1614000,-956000,658000
2015/10/07,0,1779162,-2867687,-1088525
2015/10/08,0,950831,-419000,531831
2015/10/09,0,0,0,0
2015/10/12,0,3642430,-444000,3198430
2015/10/13,0,2902127,-1233906,1668221
2015/10/14,0,1111000,-1270000,-159000
2015/10/15,0,1675000,-1299000,376000
2015/10/16,0,3001000,-2347000,654000
2015/10/19,0,2108000,-381000,1727000
2015/10/20,0,1880000,-276000,1604000
2015/10/21,0,1022000,-698000,324000
2015/10/22,0,2171500,-1181000,990500
2015/10/23,0,2256000,-269000,1987000
2015/10/26,0,1960000,-490000,1470000
2015/10/27,0,1725000,-1289000,436000
2015/10/28,0,1759520,-1003735,755785
2015/10/29,0,1111000,-1120615,-9615
2015/10/30,0,1608031,-1499739,108292
2015/11/02,0,679723,-2683884,-2004161
2015/11/03,0,3022000,-2554963,467037
2015/11/04,0,3547850,-2699017,848833
2015/11/05,0,2126000,-1384000,742000
2015/11/06,0,1101000,-3201000,-2100000
2015/11/09,0,1800348,-1346000,454348
2015/11/10,0,979000,-2764872,-1785872
2015/11/11,0,1603000,-2226000,-623000
2015/11/12,0,1511000,-1984700,-473700
2015/11/13,0,1572000,-2118648,-546648
2015/11/16,0,1216000,-1653000,-437000
2015/11/17,0,1134000,-490000,644000
2015/11/18,0,1397000,-2204880,-807880
2015/11/19,0,2270000,-1551000,719000
2015/11/20,0,1450000,-807000,643000
2015/11/23,0,787022,-598000,189022
2015/11/24,0,779000,-1564277,-785277
2015/11/25,0,3344000,-3830517,-486517
2015/11/26,0,2002000,-1262000,740000
2015/11/27,0,530000,-892000,-362000
2015/11/30,0,5944000,-7141555,-1197555
2015/12/01,0,3443000,-1763595,1679405
2015/12/02,0,1657000,-1195000,462000
2015/12/03,0,960000,-1373609,-413609
2015/12/04,0,1950000,-2094000,-144000
2015/12/07,0,1630000,-567000,1063000
2015/12/08,0,829000,-2012733,-1183733
2015/12/09,0,1854000,-2858000,-1004000
2015/12/10,0,2838000,-2405476,432524
2015/12/11,0,2551000,-2122200,428800
2015/12/14,0,727000,-544000,183000
2015/12/15,0,1963746,-1562000,401746
2015/12/16,0,2583000,-1457000,1126000
2015/12/17,0,1994000,-2454000,-460000
2015/12/18,0,2000773,-2700502,-699729
2015/12/21,0,1035000,-366000,669000
2015/12/22,0,942073,-880000,62073
2015/12/23,0,588000,-560000,28000
2015/12/24,0,979000,-252000,727000
2015/12/25,0,311000,-195000,116000
2015/12/28,0,804000,-364000,440000
2015/12/29,0,1132000,-885000,247000
2015/12/30,0,1119000,-1547286,-428286
2015/12/31,0,1169000,-376000,793000
2016/01/01,0,0,0,0
2016/01/04,0,977400,-2434000,-1456600
2016/01/05,0,787424,-852000,-64576
2016/01/06,0,1150613,-1847000,-696387
2016/01/07,0,370563,-3115155,-2744592
2016/01/08,0,2952000,-2801884,150116
2016/01/11,0,2102000,-2961300,-859300
2016/01/12,0,1068400,-1674000,-605600
2016/01/13,0,1817000,-2135000,-318000
2016/01/14,0,1355127,-944000,411127
2016/01/15,0,1693000,-2578774,-885774
2016/01/18,0,1606456,-1730000,-123544
2016/01/19,0,1039000,-1614461,-575461
2016/01/20,0,1961000,-2565000,-604000
2016/01/21,0,2436610,-2051000,385610
2016/01/22,0,2173000,-1916000,257000
2016/01/25,0,2766000,-1870000,896000
2016/01/26,0,1781000,-2672000,-891000
2016/01/27,0,1346000,-1008845,337155
2016/01/28,0,3447000,-1113946,2333054
2016/01/29,0,3464254,-2615000,849254
2016/02/01,0,1821291,-1100000,721291
2016/02/02,0,1154866,-1208833,-53967
2016/02/03,0,1372000,-2706333,-1334333
2016/02/04,0,0,0,0
2016/02/05,0,0,0,0
2016/02/08,0,0,0,0
2016/02/09,0,0,0,0
2016/02/10,0,0,0,0
2016/02/11,0,0,0,0
2016/02/12,0,0,0,0
2016/02/15,0,2412127,-3055667,-643540
2016/02/16,0,2360000,-562000,1798000
2016/02/17,0,943254,-2145700,-1202446
2016/02/18,0,2084000,-1778000,306000
2016/02/19,0,1525000,-576543,948457
2016/02/22,0,672000,-366000,306000
2016/02/23,0,1512833,-1514000,-1167
2016/02/24,0,1029000,-953000,76000
2016/02/25,0,3224395,-1573000,1651395
2016/02/26,0,1935000,-1690000,245000
2016/02/29,0,0,0,0
2016/03/01,0,1387097,-1798222,-411125
2016/03/02,0,1142000,-948711,193289
2016/03/03,0,4751667,-2134000,2617667
2016/03/04,0,1899000,-1684000,215000
2016/03/07,0,1458000,-644249,813751
2016/03/08,0,2356000,-683000,1673000
2016/03/09,0,1210000,-1303000,-93000
2016/03/10,0,1296000,-419000,877000
2016/03/11,0,1835000,-451182,1383818
2016/03/14,0,1353000,-1135000,218000
2016/03/15,0,1429000,-1235000,194000
2016/03/16,0,2688000,-581000,2107000
2016/03/17,0,3331000,-2062000,1269000
2016/03/18,0,7078000,-6349365,728635
2016/03/21,0,1940000,-897000,1043000
2016/03/22,0,1593000,-1996000,-403000
2016/03/23,0,1674000,-1853000,-179000
2016/03/24,0,1541000,-1138000,403000
2016/03/25,0,111000,-461000,-350000
2016/03/28,0,733000,-502000,231000
2016/03/29,0,1607000,-2362000,-755000
2016/03/30,0,2492000,-2814300,-322300
2016/03/31,0,6613444,-6853579,-240135
2016/04/01,0,1394000,-2223000,-829000
2016/04/04,0,0,0,0
2016/04/05,0,0,0,0
2016/04/06,0,3323733,-3741099,-417366
2016/04/07,0,777913,-2148103,-1370190
2016/04/08,0,1230000,-1940000,-710000
2016/04/11,0,437000,-763780,-326780
2016/04/12,0,298000,-772000,-474000
2016/04/13,0,2004000,-1242000,762000
2016/04/14,0,500000,-980764,-480764
2016/04/15,0,1684000,-1252000,432000
2016/04/18,0,1003000,-496000,507000
2016/04/19,0,1355000,-1989000,-634000
2016/04/20,0,1362682,-2066254,-703572
2016/04/21,0,1512000,-890000,622000
2016/04/22,0,659000,-410000,249000
2016/04/25,0,1453000,-204840,1248160
2016/04/26,0,1387444,-1081000,306444
2016/04/27,0,1677000,-1866000,-189000
2016/04/28,0,1280906,-2726089,-1445183
2016/04/29,0,1251000,-2190960,-939960
2016/05/02,0,0,0,0
2016/05/03,0,1831100,-1942600,-111500
2016/05/04,0,864000,-3673058,-2809058
2016/05/05,0,1308000,-3003000,-1695000
2016/05/06,0,2788000,-4713000,-1925000
2016/05/09,0,1196000,-1716778,-520778
2016/05/10,0,1640000,-2281000,-641000
2016/05/11,0,1476365,-2997457,-1521092
2016/05/12,0,2070000,-1259000,811000
2016/05/13,0,2660000,-3733000,-1073000
2016/05/16,0,1243000,-1330000,-87000
2016/05/17,0,2303000,-2481000,-178000
2016/05/18,0,2598013,-2312000,286013
2016/05/19,0,1530000,-2818000,-1288000
2016/05/20,0,1921119,-1415000,506119
2016/05/23,0,2472170,-1113000,1359170
2016/05/24,0,1594000,-2038243,-444243
2016/05/25,0,999000,-1441000,-442000
2016/05/26,0,1214000,-1204000,10000
2016/05/27,0,1125000,-990200,134800
2016/05/30,0,1826000,-572000,1254000
2016/05/31,0,5174248,-4592788,581460
2016/06/01,0,1905000,-1253000,652000
2016/06/02,0,1840000,-2076234,-236234
2016/06/03,0,2401000,-2034000,367000
2016/06/06,0,942000,-1604000,-662000
2016/06/07,0,4011000,-2708200,1302800
2016/06/08,0,2470000,-1012000,1458000
2016/06/09,0,0,0,0
2016/06/10,0,0,0,0
2016/06/13,0,2246000,-4268300,-2022300
2016/06/14,0,1716952,-1145000,571952
2016/06/15,0,826000,-1246352,-420352
2016/06/16,0,450000,-1329000,-879000
2016/06/17,0,2999000,-1639043,1359957
2016/06/20,0,1561000,-939000,622000
2016/06/21,0,3324000,-2476000,848000
2016/06/22,0,1362094,-897000,465094
2016/06/23,0,1136002,-1312200,-176198
2016/06/24,0,1007000,-2836000,-1829000
2016/06/27,0,1153000,-547000,606000
2016/06/28,0,683000,-764000,-81000
2016/06/29,0,1290700,-1193000,97700
2016/06/30,0,1530000,-1746407,-216407
2016/07/01,0,3265000,-140000,3125000
2016/07/04,0,2445000,-398000,2047000
2016/07/05,0,693000,-1189275,-496275
2016/07/06,0,1666000,-2756000,-1090000
2016/07/07,0,1152000,-318000,834000
2016/07/08,0,0,0,0
2016/07/11,0,3290000,-754000,2536000
2016/07/12,0,1645000,-1931515,-286515
2016/07/13,0,2712432,-1521000,1191432
2016/07/14,0,1324000,-1910000,-586000
2016/07/15,0,4490002,-2341000,2149002
2016/07/18,0,1419000,-787000,632000
2016/07/19,0,5968000,-2190000,3778000
2016/07/20,0,2227000,-1870443,356557
2016/07/21,0,2410000,-2412000,-2000
2016/07/22,0,1717000,-1740000,-23000
2016/07/25,0,1528000,-1199000,329000
2016/07/26,0,1219204,-924000,295204
2016/07/27,0,833000,-719000,114000
2016/07/28,0,1859403,-842000,1017403
2016/07/29,0,1020732,-2066000,-1045268
2016/08/01,0,2615984,-2757156,-141172
2016/08/02,0,1378700,-2254000,-875300
2016/08/03,0,1530000,-778000,752000
2016/08/04,0,626000,-584700,41300
2016/08/05,0,2323000,-2831000,-508000
2016/08/08,0,2066565,-1977000,89565
2016/08/09,0,2257000,-1739000,518000
2016/08/10,0,1213000,-1242000,-29000
2016/08/11,0,1641000,-1196000,445000
2016/08/12,0,1843000,-1135000,708000
2016/08/15,0,1560000,-741000,819000
2016/08/16,0,1225000,-1821295,-596295
2016/08/17,0,978004,-1120000,-141996
2016/08/18,0,931600,-1876600,-945000
2016/08/19,0,880897,-1641000,-760103
2016/08/22,0,1082000,-1408000,-326000
2016/08/23,0,978000,-895000,83000
2016/08/24,0,557979,-780000,-222021
2016/08/25,0,1002000,-1078000,-76000
2016/08/26,0,650972,-742952,-91980
2016/08/29,0,906000,-1122000,-216000
2016/08/30,0,861667,-999000,-137333
2016/08/31,0,2784630,-3850000,-1065370
2016/09/01,0,2261954,-2795251,-533297
2016/09/02,0,1414668,-1005000,409668
2016/09/05,0,1160000,-175000,985000
2016/09/06,0,1603669,-513000,1090669
2016/09/07,0,1137000,-216000,921000
2016/09/08,0,788000,-533000,255000
2016/09/09,0,379000,-1066000,-687000
2016/09/12,0,1823000,-2681456,-858456
2016/09/13,0,3317000,-2514000,803000
2016/09/14,0,5101960,-3881670,1220290
2016/09/15,0,0,0,0
2016/09/16,0,0,0,0
2016/09/19,0,2403000,-1189600,1213400
2016/09/20,0,2192726,-2477000,-284274
2016/09/21,0,1829000,-1893000,-64000
2016/09/22,0,1393335,-1124000,269335
2016/09/23,0,1915876,-2080407,-164531
2016/09/26,0,1310000,-818000,492000
2016/09/27,0,0,0,0
2016/09/28,0,0,0,0
2016/09/29,0,2907541,-2244834,662707
2016/09/30,0,1241268,-2557712,-1316444
2016/10/03,0,1017000,-839000,178000
2016/10/04,0,1527000,-1585234,-58234
2016/10/05,0,1482000,-2715000,-1233000
2016/10/06,0,2025668,-2793000,-767332
2016/10/07,0,4065003,-4274000,-208997
2016/10/10,0,0,0,0
2016/10/11,0,1667000,-1421000,246000
2016/10/12,0,736000,-846352,-110352
2016/10/13,0,1624500,-2480000,-855500
2016/10/14,0,808000,-702000,106000
2016/10/17,0,1229000,-1803602,-574602
2016/10/18,0,1938754,-1208800,729954
2016/10/19,0,1485127,-1042000,443127
2016/10/20,0,559000,-509288,49712
2016/10/21,0,2701000,-2469000,232000
2016/10/24,0,923000,-381000,542000
2016/10/25,0,807648,-363000,444648
2016/10/26,0,759000,-631581,127419
2016/10/27,0,1418942,-1487200,-68258
2016/10/28,0,1310000,-841000,469000
2016/10/31,0,2349476,-1279600,1069876
2016/11/01,0,496459,-726000,-229541
2016/11/02,0,1395801,-1990324,-594523
2016/11/03,0,1990000,-3609952,-1619952
2016/11/04,0,1750000,-2319000,-569000
2016/11/07,0,2537000,-1533456,1003544
2016/11/08,0,2759471,-3031000,-271529
2016/11/09,0,3310000,-3203000,107000
2016/11/10,0,1736000,-1307000,429000
2016/11/11,0,2654000,-3555768,-901768
2016/11/14,0,2572000,-2886000,-314000
2016/11/15,0,2008000,-2854000,-846000
2016/11/16,0,2141000,-3473501,-1332501
2016/11/17,0,3873000,-3740000,133000
2016/11/18,0,2306000,-2580000,-274000
2016/11/21,0,2991000,-3107837,-116837
2016/11/22,0,3218000,-3821367,-603367
2016/11/23,0,1611000,-1262748,348252
2016/11/24,0,222000,-435000,-213000
2016/11/25,0,567000,-1491700,-924700
2016/11/28,0,2172000,-2483000,-311000
2016/11/29,0,1623000,-2406336,-783336
2016/11/30,0,8954000,-11738560,-2784560
2016/12/01,0,1398161,-866000,532161
2016/12/02,0,2167000,-1140000,1027000
2016/12/05,0,1401000,-1491452,-90452
2016/12/06,0,2227000,-1006800,1220200
2016/12/07,0,687000,-740000,-53000
2016/12/08,0,1923000,-1524000,399000
2016/12/09,0,1384176,-1178149,206027
2016/12/12,0,2102000,-1832000,270000
2016/12/13,0,1728394,-1802607,-74213
2016/12/14,0,1209780,-1676000,-466220
2016/12/15,0,2073000,-2013000,60000
2016/12/16,0,2518000,-2253400,264600
2016/12/19,0,426625,-362000,64625
2016/12/20,0,2407182,-2455000,-47818
2016/12/21,0,794000,-696000,98000
2016/12/22,0,752152,-1220000,-467848
2016/12/23,0,511000,-1766000,-1255000
2016/12/26,0,181000,-179000,2000
2016/12/27,0,166000,-227000,-61000
2016/12/28,0,399000,-315000,84000
2016/12/29,0,1495685,-1105123,390562
2016/12/30,0,1471000,-700000,771000
2017/01/02,0,0,0,0
2017/01/03,0,184000,-295000,-111000
2017/01/04,0,869000,-698230,170770
2017/01/05,0,1599219,-1037000,562219
2017/01/06,0,736000,-578000,158000
2017/01/09,0,447000,-395000,52000
2017/01/10,0,954000,-522000,432000
2017/01/11,0,1223874,-861000,362874
2017/01/12,0,1620000,-996000,624000
2017/01/13,0,1188103,-718000,470103
2017/01/16,0,609000,-676000,-67000
2017/01/17,0,906325,-311000,595325
2017/01/18,0,531000,-472838,58162
2017/01/19,0,1106000,-1158424,-52424
2017/01/20,0,1270942,-1462973,-192031
2017/01/23,0,1709000,-1307351,401649
2017/01/24,0,1481726,-1413209,68517
2017/01/25,0,0,0,0
2017/01/26,0,0,0,0
2017/01/27,0,0,0,0
2017/01/30,0,0,0,0
2017/01/31,0,0,0,0
2017/02/01,0,0,0,0
2017/02/02,0,3607360,-4513423,-906063
2017/02/03,0,1644000,-2152141,-508141
2017/02/06,0,987565,-1217000,-229435
2017/02/07,0,389809,-365000,24809
2017/02/08,0,424116,-1716230,-1292114
2017/02/09,0,905000,-1267910,-362910
2017/02/10,0,1364000,-1135000,229000
2017/02/13,0,644602,-674180,-29578
2017/02/14,0,1442000,-2218653,-776653
2017/02/15,0,2266000,-2760000,-494000
2017/02/16,0,1128000,-721000,407000
2017/02/17,0,353000,-474000,-121000
2017/02/20,0,278000,-1026000,-748000
2017/02/21,0,1209000,-899000,310000
2017/02/22,0,919000,-914000,5000
2017/02/23,0,2600000,-3528000,-928000
2017/02/24,0,3084719,-5696000,-2611281
2017/02/27,0,0,0,0
2017/02/28,0,0,0,0
2017/03/01,0,3431675,-3690779,-259104
2017/03/02,0,2772704,-2602078,170626
2017/03/03,0,2831000,-2101129,729871
2017/03/06,0,1950933,-935476,1015457
2017/03/07,0,5433525,-1664008,3769517
2017/03/08,0,11967000,-9483869,2483131
2017/03/09,0,6843001,-8173000,-1329999
2017/03/10,0,2877315,-3090000,-212685
2017/03/13,0,680738,-568000,112738
2017/03/14,0,1756937,-996543,760394
2017/03/15,0,1391000,-851069,539931
2017/03/16,0,2413884,-893000,1520884
2017/03/17,0,3093540,-1637204,1456336
2017/03/20,0,1892000,-1340000,552000
2017/03/21,0,2456829,-911000,1545829
2017/03/22,0,855925,-1457015,-601090
2017/03/23,0,2631001,-2078941,552060
2017/03/24,0,901133,-455335,445798
2017/03/27,0,6976000,-4803000,2173000
2017/03/28,0,8789000,-2189000,6600000
2017/03/29,0,5571137,-2084000,3487137
2017/03/30,0,4639000,-3681568,957432
2017/03/31,0,3639000,-3830125,-191125
2017/04/03,0,0,0,0
2017/04/04,0,0,0,0
2017/04/05,0,6588000,-4726100,1861900
2017/04/06,0,4997000,-4067700,929300
2017/04/07,0,3236000,-2691000,545000
2017/04/10,0,2748000,-436000,2312000
2017/04/11,0,2036000,-1079000,957000
2017/04/12,0,1272000,-939000,333000
2017/04/13,0,1673000,-803000,870000
2017/04/14,0,659000,-238000,421000
2017/04/17,0,356000,-347000,9000
2017/04/18,0,3314000,-1578005,1735995
2017/04/19,0,758000,-2973748,-2215748
2017/04/20,0,1075000,-1520000,-445000
2017/04/21,0,397000,-1562847,-1165847
2017/04/24,0,589000,-803000,-214000
2017/04/25,0,2034000,-1293000,741000
2017/04/26,0,1507000,-1931000,-424000
2017/04/27,0,891000,-899000,-8000
2017/04/28,0,2855000,-3799000,-944000
2017/05/01,0,0,0,0
2017/05/02,0,5359732,-4066132,1293600
2017/05/03,0,712000,-944920,-232920
2017/05/04,0,1230000,-859049,370951
2017/05/05,0,880214,-1074000,-193786
2017/05/08,0,3510070,-2949000,561070
2017/05/09,0,2173251,-2015000,158251
2017/05/10,0,2466554,-1289500,1177054
2017/05/11,0,1509597,-890187,619410
2017/05/12,0,1013000,-311000,702000
2017/05/15,0,1334209,-606100,728109
2017/05/16,0,2071000,-4748510,-2677510
2017/05/17,0,1597000,-1808310,-211310
2017/05/18,0,1559874,-2564331,-1004457
2017/05/19,0,1781025,-1000870,780155
2017/05/22,0,2393345,-1480000,913345
2017/05/23,0,1613340,-1979200,-365860
2017/05/24,0,668000,-1777900,-1109900
2017/05/25,0,1242000,-1296392,-54392
2017/05/26,0,0,0,0
2017/05/29,0,0,0,0
2017/05/30,0,0,0,0
2017/05/31,0,4837418,-4478690,358728
2017/06/01,0,2696000,-1531930,1164070
2017/06/02,0,2879000,-3663400,-784400
2017/06/05,0,1048000,-3443000,-2395000
2017/06/06,0,1873368,-3225000,-1351632
2017/06/07,0,2575000,-3256000,-681000
2017/06/08,0,2690000,-2621000,69000
2017/06/09,0,2801000,-2637513,163487
2017/06/12,0,2856828,-1881000,975828
2017/06/13,0,1742000,-1377000,365000
2017/06/14,0,3093000,-1584889,1508111
2017/06/15,0,2094000,-2397000,-303000
2017/06/16,0,4730200,-4164693,565507
2017/06/19,0,1691602,-1113000,578602
2017/06/20,0,1166000,-1036000,130000
2017/06/21,0,4758589,-2956000,1802589
2017/06/22,0,1674000,-841000,833000
2017/06/23,0,1647000,-931221,715779
2017/06/26,0,2510000,-964000,1546000
2017/06/27,0,2176000,-1339000,837000
2017/06/28,0,2095233,-1738400,356833
2017/06/29,0,1486000,-1299500,186500
2017/06/30,0,3864000,-3409000,455000
2017/07/03,0,1006000,-1666000,-660000
2017/07/04,0,928000,-1669000,-741000
2017/07/05,0,2519000,-1083000,1436000
2017/07/06,0,1688000,-689000,999000
2017/07/07,0,4172155,-3553047,619108
2017/07/10,0,2588321,-1870271,718050
2017/07/11,0,2731259,-2052000,679259
2017/07/12,0,2181000,-1918833,262167
2017/07/13,0,3384600,-4487000,-1102400
2017/07/14,0,2705000,-2017500,687500
2017/07/17,0,4386000,-4070499,315501
2017/07/18,0,1640000,-1447000,193000
2017/07/19,0,1516239,-1113565,402674
2017/07/20,0,870471,-706000,164471
2017/07/21,0,946214,-948865,-2651
2017/07/24,0,1625267,-848911,776356
2017/07/25,0,1427000,-1473763,-46763
2017/07/26,0,1497000,-1206869,290131
2017/07/27,0,2256000,-1157640,1098360
2017/07/28,0,946000,-986501,-40501
2017/07/31,0,3379000,-3587000,-208000
2017/08/01,0,1973000,-1507000,466000
2017/08/02,0,1858000,-1670000,188000
2017/08/03,0,1334158,-1659408,-325250
2017/08/04,0,783000,-701000,82000
2017/08/07,0,1878414,-1257687,620727
2017/08/08,0,753000,-940000,-187000
2017/08/09,0,476403,-408000,68403
2017/08/10,0,1136204,-1665000,-528796
2017/08/11,0,1260000,-1312000,-52000
2017/08/14,0,2582000,-3261000,-679000
2017/08/15,0,2866000,-2935000,-69000
2017/08/16,0,2561000,-2256776,304224
2017/08/17,0,954000,-1468000,-514000
2017/08/18,0,1994000,-1303000,691000
