Date,Open,Buy,Sell,Total
2007/01/02,0,4000,0,4000
2007/01/03,0,259000,-150000,109000
2007/01/04,0,160000,-100000,60000
2007/01/05,0,76000,0,76000
2007/01/08,0,69000,0,69000
2007/01/09,0,299000,0,299000
2007/01/10,0,56000,-106000,-50000
2007/01/11,0,264000,-5000,259000
2007/01/12,0,1012000,-50000,962000
2007/01/15,0,0,-12000,-12000
2007/01/16,0,87000,0,87000
2007/01/17,0,78000,0,78000
2007/01/18,0,25000,-4000,21000
2007/01/19,0,46000,0,46000
2007/01/22,0,12000,0,12000
2007/01/23,0,151000,0,151000
2007/01/24,0,67000,0,67000
2007/01/25,0,78000,0,78000
2007/01/26,0,36000,0,36000
2007/01/29,0,389000,0,389000
2007/01/30,0,129125,0,129125
2007/01/31,0,287000,-3000,284000
2007/02/01,0,191000,0,191000
2007/02/02,0,416000,0,416000
2007/02/05,0,123000,0,123000
2007/02/06,0,593000,-436000,157000
2007/02/07,0,1320000,-1239000,81000
2007/02/08,0,198000,-68000,130000
2007/02/09,0,265000,-72000,193000
2007/02/12,0,50000,-61000,-11000
2007/02/13,0,0,0,0
2007/02/14,0,0,0,0
2007/02/15,0,0,0,0
2007/02/16,0,0,0,0
2007/02/19,0,0,0,0
2007/02/20,0,0,0,0
2007/02/21,0,0,0,0
2007/02/22,0,0,0,0
2007/02/23,0,0,0,0
2007/02/26,0,0,-20000,-20000
2007/02/27,0,0,0,0
2007/02/28,0,0,0,0
2007/03/01,0,0,-20000,-20000
2007/03/02,0,0,-2000,-2000
2007/03/05,0,3000,0,3000
2007/03/06,0,0,-1000,-1000
2007/03/07,0,30000,-148000,-118000
2007/03/08,0,0,-3000,-3000
2007/03/09,0,4000,-41000,-37000
2007/03/12,0,231000,-245000,-14000
2007/03/13,0,212000,-211000,1000
2007/03/14,0,113000,-148000,-35000
2007/03/15,0,4000,-97000,-93000
2007/03/16,0,0,0,0
2007/03/19,0,0,-2000,-2000
2007/03/20,0,53000,0,53000
2007/03/21,0,53000,-78000,-25000
2007/03/22,0,51000,-53000,-2000
2007/03/23,0,9000,-19000,-10000
2007/03/26,0,0,-114000,-114000
2007/03/27,0,0,0,0
2007/03/28,0,0,0,0
2007/03/29,0,5000,-2000,3000
2007/03/30,0,0,0,0
2007/04/02,0,0,0,0
2007/04/03,0,0,0,0
2007/04/04,0,0,0,0
2007/04/05,0,0,0,0
2007/04/06,0,0,0,0
2007/04/09,0,44000,0,44000
2007/04/10,0,116000,0,116000
2007/04/11,0,34000,-177060,-143060
2007/04/12,0,233000,-26000,207000
2007/04/13,0,519000,-21000,498000
2007/04/16,0,51000,0,51000
2007/04/17,0,0,-1000,-1000
2007/04/18,0,90000,0,90000
2007/04/19,0,5000,-2000,3000
2007/04/20,0,0,-1000,-1000
2007/04/23,0,61000,0,61000
2007/04/24,0,13000,0,13000
2007/04/25,0,0,-2000,-2000
2007/04/26,0,0,0,0
2007/04/27,0,28000,0,28000
2007/04/30,0,24500,0,24500
2007/05/01,0,0,0,0
2007/05/02,0,0,-124000,-124000
2007/05/03,0,16000,-223000,-207000
2007/05/04,0,20000,-245000,-225000
2007/05/07,0,0,-81000,-81000
2007/05/08,0,0,0,0
2007/05/09,0,4000,-2000,2000
2007/05/10,0,0,-3000,-3000
2007/05/11,0,0,0,0
2007/05/14,0,0,0,0
2007/05/15,0,172000,-6000,166000
2007/05/16,0,493000,-23000,470000
2007/05/17,0,143000,-12000,131000
2007/05/18,0,1180000,-770000,410000
2007/05/21,0,0,-57000,-57000
2007/05/22,0,0,-56000,-56000
2007/05/23,0,0,-72000,-72000
2007/05/24,0,0,-22000,-22000
2007/05/25,0,6000,-43000,-37000
2007/05/28,0,3000,-165000,-162000
2007/05/29,0,0,-165000,-165000
2007/05/30,0,0,-202000,-202000
2007/05/31,0,2000,-226000,-224000
2007/06/01,0,0,-241000,-241000
2007/06/04,0,0,-38000,-38000
2007/06/05,0,0,-174000,-174000
2007/06/06,0,8000,-90000,-82000
2007/06/07,0,100000,-154000,-54000
2007/06/08,0,148000,-183000,-35000
2007/06/11,0,103000,-240000,-137000
2007/06/12,0,593000,-1225200,-632200
2007/06/13,0,0,-67000,-67000
2007/06/14,0,0,-67000,-67000
2007/06/15,0,247000,-315000,-68000
2007/06/18,0,0,0,0
2007/06/19,0,0,0,0
2007/06/20,0,332000,-138000,194000
2007/06/21,0,150000,-26000,124000
2007/06/22,0,174000,-20000,154000
2007/06/25,0,47000,-368000,-321000
2007/06/26,0,0,-161000,-161000
2007/06/27,0,0,-209000,-209000
2007/06/28,0,8000,0,8000
2007/06/29,0,2000,0,2000
2007/07/02,0,6000,-6000,0
2007/07/03,0,0,0,0
2007/07/04,0,15000,0,15000
2007/07/05,0,14000,0,14000
2007/07/06,0,0,0,0
2007/07/09,0,54000,0,54000
2007/07/10,0,9000,-449000,-440000
2007/07/11,0,10000,-416000,-406000
2007/07/12,0,0,-612000,-612000
2007/07/13,0,21000,0,21000
2007/07/16,0,3000,0,3000
2007/07/17,0,6000,-3000,3000
2007/07/18,0,25000,0,25000
2007/07/19,0,5000,-12000,-7000
2007/07/20,0,9000,-3000,6000
2007/07/23,0,3000,0,3000
2007/07/24,0,539000,0,539000
2007/07/25,0,296000,-21000,275000
2007/07/26,0,117000,-16000,101000
2007/07/27,0,177000,-11000,166000
2007/07/30,0,174000,-301000,-127000
2007/07/31,0,262000,-235000,27000
2007/08/01,0,103000,-79000,24000
2007/08/02,0,3000,-8000,-5000
2007/08/03,0,32000,-1000,31000
2007/08/06,0,56000,-5000,51000
2007/08/07,0,137000,-3000,134000
2007/08/08,0,58000,-18000,40000
2007/08/09,0,100000,0,100000
2007/08/10,0,60000,-14000,46000
2007/08/13,0,0,0,0
2007/08/14,0,0,0,0
2007/08/15,0,0,-17000,-17000
2007/08/16,0,0,-100000,-100000
2007/08/17,0,71000,-15000,56000
2007/08/20,0,160000,0,160000
2007/08/21,0,0,0,0
2007/08/22,0,0,0,0
2007/08/23,0,100000,0,100000
2007/08/24,0,0,-1000,-1000
2007/08/27,0,0,0,0
2007/08/28,0,0,0,0
2007/08/29,0,307000,-140000,167000
2007/08/30,0,0,-192000,-192000
2007/08/31,0,6000,-93500,-87500
2007/09/03,0,0,-6000,-6000
2007/09/04,0,0,0,0
2007/09/05,0,0,-4000,-4000
2007/09/06,0,0,-37000,-37000
2007/09/07,0,0,-61000,-61000
2007/09/10,0,1000,-101000,-100000
2007/09/11,0,0,-121000,-121000
2007/09/12,0,0,-1000,-1000
2007/09/13,0,17000,0,17000
2007/09/14,0,70000,-6000,64000
2007/09/17,0,0,-54000,-54000
2007/09/18,0,0,0,0
2007/09/19,0,2000,0,2000
2007/09/20,0,9000,0,9000
2007/09/21,0,7000,-70000,-63000
2007/09/24,0,0,0,0
2007/09/25,0,0,0,0
2007/09/26,0,2000,-4000,-2000
2007/09/27,0,8000,0,8000
2007/09/28,0,0,-13000,-13000
2007/10/01,0,0,-2000,-2000
2007/10/02,0,6000,-60000,-54000
2007/10/03,0,21000,-84000,-63000
2007/10/04,0,67000,-89000,-22000
2007/10/05,0,2000,-70000,-68000
2007/10/08,0,1000,0,1000
2007/10/09,0,1000,-6000,-5000
2007/10/10,0,0,0,0
2007/10/11,0,4000,-84500,-80500
2007/10/12,0,0,-7000,-7000
2007/10/15,0,0,-49000,-49000
2007/10/16,0,2000,0,2000
2007/10/17,0,0,-2000,-2000
2007/10/18,0,2000,-6000,-4000
2007/10/19,0,4000,-4000,0
2007/10/22,0,5000,-18000,-13000
2007/10/23,0,2000,-6000,-4000
2007/10/24,0,0,-11000,-11000
2007/10/25,0,2000,-45000,-43000
2007/10/26,0,10000,-57000,-47000
2007/10/29,0,4000,-55000,-51000
2007/10/30,0,18000,-100000,-82000
2007/10/31,0,9000,0,9000
2007/11/01,0,2000,-171000,-169000
2007/11/02,0,6000,-1004000,-998000
2007/11/05,0,0,-262000,-262000
2007/11/06,0,0,-349000,-349000
2007/11/07,0,0,-129000,-129000
2007/11/08,0,0,-51000,-51000
2007/11/09,0,35000,-148000,-113000
2007/11/12,0,0,-128000,-128000
2007/11/13,0,0,-160000,-160000
2007/11/14,0,0,-100000,-100000
2007/11/15,0,0,0,0
2007/11/16,0,0,-23000,-23000
2007/11/19,0,1000,-67000,-66000
2007/11/20,0,11000,0,11000
2007/11/21,0,0,-100000,-100000
2007/11/22,0,2000,-51000,-49000
2007/11/23,0,1000,-60000,-59000
2007/11/26,0,5000,-163000,-158000
2007/11/27,0,6000,-102000,-96000
2007/11/28,0,0,-113000,-113000
2007/11/29,0,0,-127000,-127000
2007/11/30,0,4000,-113000,-109000
2007/12/03,0,151000,-156225,-5225
2007/12/04,0,0,-73000,-73000
2007/12/05,0,0,-6000,-6000
2007/12/06,0,2000,-6000,-4000
2007/12/07,0,0,-1000,-1000
2007/12/10,0,3000,-24000,-21000
2007/12/11,0,0,-35000,-35000
2007/12/12,0,1000,-20000,-19000
2007/12/13,0,2000,-85000,-83000
2007/12/14,0,9000,-25000,-16000
2007/12/17,0,0,-16000,-16000
2007/12/18,0,6000,-34000,-28000
2007/12/19,0,4000,-34000,-30000
2007/12/20,0,0,-6000,-6000
2007/12/21,0,0,-1000,-1000
2007/12/24,0,1000,-15000,-14000
2007/12/25,0,5000,-1000,4000
2007/12/26,0,5000,-5000,0
2007/12/27,0,2000,-21000,-19000
2007/12/28,0,0,-16000,-16000
2007/12/31,0,6000,0,6000
2008/01/01,0,0,0,0
2008/01/02,0,0,-9150,-9150
2008/01/03,0,8000,-8000,0
2008/01/04,0,0,0,0
2008/01/07,0,0,0,0
2008/01/08,0,0,-49000,-49000
2008/01/09,0,5000,-70000,-65000
2008/01/10,0,0,-31500,-31500
2008/01/11,0,0,-11000,-11000
2008/01/14,0,0,0,0
2008/01/15,0,0,-43000,-43000
2008/01/16,0,0,0,0
2008/01/17,0,14000,0,14000
2008/01/18,0,0,0,0
2008/01/21,0,0,0,0
2008/01/22,0,0,0,0
2008/01/23,0,0,0,0
2008/01/24,0,0,0,0
2008/01/25,0,0,0,0
2008/01/28,0,0,0,0
2008/01/29,0,0,0,0
2008/01/30,0,0,-8000,-8000
2008/01/31,0,2000,0,2000
2008/02/01,0,0,-9000,-9000
2008/02/04,0,0,0,0
2008/02/05,0,0,0,0
2008/02/06,0,0,0,0
2008/02/07,0,0,0,0
2008/02/08,0,0,0,0
2008/02/11,0,0,0,0
2008/02/12,0,0,0,0
2008/02/13,0,0,-2000,-2000
2008/02/14,0,0,-4000,-4000
2008/02/15,0,0,-46000,-46000
2008/02/18,0,1000,0,1000
2008/02/19,0,1000,-1000,0
2008/02/20,0,1000,-1000,0
2008/02/21,0,9000,-1000,8000
2008/02/22,0,0,-1000,-1000
2008/02/25,0,2000,0,2000
2008/02/26,0,19000,-1000,18000
2008/02/27,0,0,0,0
2008/02/28,0,0,0,0
2008/02/29,0,37000,0,37000
2008/03/03,0,1000,0,1000
2008/03/04,0,15000,0,15000
2008/03/05,0,2000,0,2000
2008/03/06,0,30000,0,30000
2008/03/07,0,24000,-1000,23000
2008/03/10,0,23000,0,23000
2008/03/11,0,30000,-2000,28000
2008/03/12,0,11000,-1000,10000
2008/03/13,0,0,0,0
2008/03/14,0,0,0,0
2008/03/17,0,0,-8000,-8000
2008/03/18,0,0,0,0
2008/03/19,0,2000,0,2000
2008/03/20,0,22000,0,22000
2008/03/21,0,48000,-2000,46000
2008/03/24,0,106000,-4000,102000
2008/03/25,0,115000,-37000,78000
2008/03/26,0,2000,-63000,-61000
2008/03/27,0,0,0,0
2008/03/28,0,0,0,0
2008/03/31,0,0,0,0
2008/04/01,0,1000,-1000,0
2008/04/02,0,0,-1000,-1000
2008/04/03,0,0,0,0
2008/04/04,0,0,0,0
2008/04/07,0,2000,0,2000
2008/04/08,0,0,-12000,-12000
2008/04/09,0,2000,-12000,-10000
2008/04/10,0,1000,-56750,-55750
2008/04/11,0,0,-134000,-134000
2008/04/14,0,0,-27000,-27000
2008/04/15,0,0,-113000,-113000
2008/04/16,0,0,-100000,-100000
2008/04/17,0,31000,-250000,-219000
2008/04/18,0,7000,-210000,-203000
2008/04/21,0,6000,-1000,5000
2008/04/22,0,1000,0,1000
2008/04/23,0,6000,-1000,5000
2008/04/24,0,0,0,0
2008/04/25,0,0,0,0
2008/04/28,0,0,0,0
2008/04/29,0,0,-20000,-20000
2008/04/30,0,0,0,0
2008/05/01,0,0,0,0
2008/05/02,0,0,0,0
2008/05/05,0,1000,0,1000
2008/05/06,0,4000,-10000,-6000
2008/05/07,0,24000,0,24000
2008/05/08,0,0,0,0
2008/05/09,0,1000,-7000,-6000
2008/05/12,0,0,0,0
2008/05/13,0,1000,0,1000
2008/05/14,0,0,0,0
2008/05/15,0,14000,0,14000
2008/05/16,0,5000,0,5000
2008/05/19,0,7000,0,7000
2008/05/20,0,28000,0,28000
2008/05/21,0,0,0,0
2008/05/22,0,1000,-15000,-14000
2008/05/23,0,0,-3000,-3000
2008/05/26,0,0,0,0
2008/05/27,0,0,0,0
2008/05/28,0,0,-9000,-9000
2008/05/29,0,0,0,0
2008/05/30,0,1000,0,1000
2008/06/02,0,0,0,0
2008/06/03,0,0,0,0
2008/06/04,0,0,0,0
2008/06/05,0,18000,0,18000
2008/06/06,0,0,-3000,-3000
2008/06/09,0,0,0,0
2008/06/10,0,0,-15250,-15250
2008/06/11,0,0,-2000,-2000
2008/06/12,0,0,-3000,-3000
2008/06/13,0,0,-2000,-2000
2008/06/16,0,0,-8000,-8000
2008/06/17,0,0,0,0
2008/06/18,0,0,-9000,-9000
2008/06/19,0,0,-39000,-39000
2008/06/20,0,0,-9000,-9000
2008/06/23,0,0,0,0
2008/06/24,0,0,-5000,-5000
2008/06/25,0,7000,0,7000
2008/06/26,0,0,0,0
2008/06/27,0,0,-93000,-93000
2008/06/30,0,2000,-244000,-242000
2008/07/01,0,14000,-30000,-16000
2008/07/02,0,23000,-61000,-38000
2008/07/03,0,3000,0,3000
2008/07/04,0,2000,-6000,-4000
2008/07/07,0,19000,-2000,17000
2008/07/08,0,5000,-44000,-39000
2008/07/09,0,0,-243000,-243000
2008/07/10,0,4000,-205000,-201000
2008/07/11,0,0,-143000,-143000
2008/07/14,0,0,-61000,-61000
2008/07/15,0,0,-102000,-102000
2008/07/16,0,2000,-96000,-94000
2008/07/17,0,0,-175000,-175000
2008/07/18,0,1000,-110000,-109000
2008/07/21,0,11000,-215000,-204000
2008/07/22,0,5000,-142000,-137000
2008/07/23,0,0,-190000,-190000
2008/07/24,0,0,-258000,-258000
2008/07/25,0,1000,-199000,-198000
2008/07/28,0,0,0,0
2008/07/29,0,0,-213000,-213000
2008/07/30,0,0,-67000,-67000
2008/07/31,0,0,-119000,-119000
2008/08/01,0,0,-81000,-81000
2008/08/04,0,0,-43000,-43000
2008/08/05,0,1000,-64000,-63000
2008/08/06,0,0,-251200,-251200
2008/08/07,0,0,0,0
2008/08/08,0,0,0,0
2008/08/11,0,0,0,0
2008/08/12,0,1000,0,1000
2008/08/13,0,1000,0,1000
2008/08/14,0,0,-1000,-1000
2008/08/15,0,0,0,0
2008/08/18,0,0,-1000,-1000
2008/08/19,0,0,-11000,-11000
2008/08/20,0,0,-32000,-32000
2008/08/21,0,0,-37000,-37000
2008/08/22,0,0,-3000,-3000
2008/08/25,0,0,0,0
2008/08/26,0,7000,0,7000
2008/08/27,0,0,-7000,-7000
2008/08/28,0,0,0,0
2008/08/29,0,0,0,0
2008/09/01,0,0,-3000,-3000
2008/09/02,0,0,-30000,-30000
2008/09/03,0,0,0,0
2008/09/04,0,0,0,0
2008/09/05,0,19000,-20000,-1000
2008/09/08,0,0,-9000,-9000
2008/09/09,0,0,-2000,-2000
2008/09/10,0,0,-2000,-2000
2008/09/11,0,0,-24000,-24000
2008/09/12,0,0,-2000,-2000
2008/09/15,0,0,-2000,-2000
2008/09/16,0,0,0,0
2008/09/17,0,16000,-7000,9000
2008/09/18,0,0,-123000,-123000
2008/09/19,0,0,-190150,-190150
2008/09/22,0,2000,-63000,-61000
2008/09/23,0,41000,-64000,-23000
2008/09/24,0,13000,-71000,-58000
2008/09/25,0,0,-77000,-77000
2008/09/26,0,0,-71000,-71000
2008/09/29,0,0,0,0
2008/09/30,0,0,-47000,-47000
2008/10/01,0,0,-101000,-101000
2008/10/02,0,1000,-87000,-86000
2008/10/03,0,0,-204000,-204000
2008/10/06,0,12000,-144252,-132252
2008/10/07,0,5000,-78000,-73000
2008/10/08,0,0,0,0
2008/10/09,0,0,-2000,-2000
2008/10/10,0,0,0,0
2008/10/13,0,0,0,0
2008/10/14,0,0,-5000,-5000
2008/10/15,0,13000,0,13000
2008/10/16,0,0,0,0
2008/10/17,0,0,0,0
2008/10/20,0,0,-8680,-8680
2008/10/21,0,13000,0,13000
2008/10/22,0,0,-6000,-6000
2008/10/23,0,0,-9000,-9000
2008/10/24,0,0,-1000,-1000
2008/10/27,0,0,0,0
2008/10/28,0,0,-24000,-24000
2008/10/29,0,0,0,0
2008/10/30,0,10000,0,10000
2008/10/31,0,14000,0,14000
2008/11/03,0,6000,0,6000
2008/11/04,0,22000,-1000,21000
2008/11/05,0,18000,0,18000
2008/11/06,0,0,-11000,-11000
2008/11/07,0,0,0,0
2008/11/10,0,0,0,0
2008/11/11,0,0,-4000,-4000
2008/11/12,0,0,-3000,-3000
2008/11/13,0,0,-8000,-8000
2008/11/14,0,0,0,0
2008/11/17,0,0,0,0
2008/11/18,0,0,0,0
2008/11/19,0,0,0,0
2008/11/20,0,0,0,0
2008/11/21,0,1000,0,1000
2008/11/24,0,0,0,0
2008/11/25,0,0,0,0
2008/11/26,0,0,0,0
2008/11/27,0,19000,0,19000
2008/11/28,0,4000,-1000,3000
2008/12/01,0,0,-4000,-4000
2008/12/02,0,0,0,0
2008/12/03,0,0,0,0
2008/12/04,0,0,-6000,-6000
2008/12/05,0,0,0,0
2008/12/08,0,0,0,0
2008/12/09,0,0,0,0
2008/12/10,0,1000,0,1000
2008/12/11,0,4000,-1000,3000
2008/12/12,0,89000,-11000,78000
2008/12/15,0,14000,0,14000
2008/12/16,0,0,-1000,-1000
2008/12/17,0,0,-4000,-4000
2008/12/18,0,0,0,0
2008/12/19,0,0,-4000,-4000
2008/12/22,0,0,-8000,-8000
2008/12/23,0,244000,-47000,197000
2008/12/24,0,273000,-249000,24000
2008/12/25,0,1000,-273000,-272000
2008/12/26,0,5000,-1000,4000
2008/12/29,0,2000,-6000,-4000
2008/12/30,0,19000,-2000,17000
2008/12/31,0,1000,-19000,-18000
2009/01/01,0,0,0,0
2009/01/02,0,0,0,0
2009/01/05,0,23000,-1000,22000
2009/01/06,0,142000,0,142000
2009/01/07,0,14000,-84000,-70000
2009/01/08,0,17000,-90000,-73000
2009/01/09,0,14000,-19000,-5000
2009/01/12,0,39000,0,39000
2009/01/13,0,2000,-53000,-51000
2009/01/14,0,85000,-2000,83000
2009/01/15,0,3000,-92000,-89000
2009/01/16,0,15000,-56000,-41000
2009/01/19,0,9000,-6000,3000
2009/01/20,0,6000,-18000,-12000
2009/01/21,0,62000,-54000,8000
2009/01/22,0,0,0,0
2009/01/23,0,0,0,0
2009/01/26,0,0,0,0
2009/01/27,0,0,0,0
2009/01/28,0,0,0,0
2009/01/29,0,0,0,0
2009/01/30,0,0,0,0
2009/02/02,0,8000,-28000,-20000
2009/02/03,0,0,-1000,-1000
2009/02/04,0,22000,-48000,-26000
2009/02/05,0,19000,-22000,-3000
2009/02/06,0,13000,-19000,-6000
2009/02/09,0,0,-14000,-14000
2009/02/10,0,0,0,0
2009/02/11,0,0,0,0
2009/02/12,0,0,0,0
2009/02/13,0,0,0,0
2009/02/16,0,0,0,0
2009/02/17,0,0,0,0
2009/02/18,0,0,0,0
2009/02/19,0,0,0,0
2009/02/20,0,0,0,0
2009/02/23,0,0,0,0
2009/02/24,0,22000,0,22000
2009/02/25,0,27000,0,27000
2009/02/26,0,0,0,0
2009/02/27,0,0,0,0
2009/03/02,0,0,0,0
2009/03/03,0,0,0,0
2009/03/04,0,22000,0,22000
2009/03/05,0,0,0,0
2009/03/06,0,0,0,0
2009/03/09,0,0,0,0
2009/03/10,0,18000,-25000,-7000
2009/03/11,0,25000,0,25000
2009/03/12,0,0,0,0
2009/03/13,0,74000,0,74000
2009/03/16,0,65000,0,65000
2009/03/17,0,1000,0,1000
2009/03/18,0,6000,-1000,5000
2009/03/19,0,51000,-2000,49000
2009/03/20,0,0,-43000,-43000
2009/03/23,0,0,0,0
2009/03/24,0,63000,0,63000
2009/03/25,0,46000,0,46000
2009/03/26,0,0,0,0
2009/03/27,0,86000,-77000,9000
2009/03/30,0,1000,-136000,-135000
2009/03/31,0,1000,-92000,-91000
2009/04/01,0,122000,0,122000
2009/04/02,0,151000,0,151000
2009/04/03,0,50000,0,50000
2009/04/06,0,0,0,0
2009/04/07,0,1278000,-44000,1234000
2009/04/08,0,237000,-240000,-3000
2009/04/09,0,2000,-1318000,-1316000
2009/04/10,0,16000,-194000,-178000
2009/04/13,0,46000,0,46000
2009/04/14,0,168000,0,168000
2009/04/15,0,26000,0,26000
2009/04/16,0,17000,-56000,-39000
2009/04/17,0,59000,-158000,-99000
2009/04/20,0,0,-189000,-189000
2009/04/21,0,223000,0,223000
2009/04/22,0,39000,-53000,-14000
2009/04/23,0,149000,-21000,128000
2009/04/24,0,109000,-136000,-27000
2009/04/27,0,31000,-134000,-103000
2009/04/28,0,24000,-84000,-60000
2009/04/29,0,47000,-197000,-150000
2009/04/30,0,485000,0,485000
2009/05/01,0,0,0,0
2009/05/04,0,46000,-45000,1000
2009/05/05,0,167000,-43000,124000
2009/05/06,0,591000,-41000,550000
2009/05/07,0,79000,-695000,-616000
2009/05/08,0,43000,-23000,20000
2009/05/11,0,28000,-23000,5000
2009/05/12,0,36000,-176000,-140000
2009/05/13,0,34000,-81000,-47000
2009/05/14,0,19000,-114000,-95000
2009/05/15,0,65000,-19000,46000
2009/05/18,0,200000,-50000,150000
2009/05/19,0,54000,-180000,-126000
2009/05/20,0,37000,-5000,32000
2009/05/21,0,73000,-14000,59000
2009/05/22,0,122000,-40000,82000
2009/05/25,0,50000,-36000,14000
2009/05/26,0,75000,-80000,-5000
2009/05/27,0,65000,-14000,51000
2009/05/28,0,0,0,0
2009/05/29,0,0,0,0
2009/06/01,0,194000,-1000,193000
2009/06/02,0,331000,-403000,-72000
2009/06/03,0,55000,-52000,3000
2009/06/04,0,196000,-12000,184000
2009/06/05,0,294000,-23000,271000
2009/06/08,0,76000,-370000,-294000
2009/06/09,0,28000,-238000,-210000
2009/06/10,0,179000,-68000,111000
2009/06/11,0,68000,-146000,-78000
2009/06/12,0,638000,-49000,589000
2009/06/15,0,8000,-637000,-629000
2009/06/16,0,48000,-34000,14000
2009/06/17,0,86000,-269000,-183000
2009/06/18,0,55000,-94000,-39000
2009/06/19,0,80000,-55000,25000
2009/06/22,0,0,-59000,-59000
2009/06/23,0,4000,-2000,2000
2009/06/24,0,192000,-228000,-36000
2009/06/25,0,41000,-76000,-35000
2009/06/26,0,312000,-39000,273000
2009/06/29,0,25000,-554000,-529000
2009/06/30,0,1000,-30000,-29000
2009/07/01,0,77000,0,77000
2009/07/02,0,104000,-74000,30000
2009/07/03,0,7000,-1017000,-1010000
2009/07/06,0,266000,-2602000,-2336000
2009/07/07,0,20000,-2476000,-2456000
2009/07/08,0,8000,-3007000,-2999000
2009/07/09,0,50000,-1468000,-1418000
2009/07/10,0,26000,-516197,-490197
2009/07/13,0,614000,-49000,565000
2009/07/14,0,16000,-685000,-669000
2009/07/15,0,32000,-16000,16000
2009/07/16,0,59000,-16000,43000
2009/07/17,0,0,0,0
2009/07/20,0,0,0,0
2009/07/21,0,24000,-66000,-42000
2009/07/22,0,603000,-23000,580000
2009/07/23,0,62000,-85000,-23000
2009/07/24,0,274000,-87000,187000
2009/07/27,0,578000,-133000,445000
2009/07/28,0,31000,-754000,-723000
2009/07/29,0,55000,-31000,24000
2009/07/30,0,35000,-55000,-20000
2009/07/31,0,14000,-49000,-35000
2009/08/03,0,399000,-14000,385000
2009/08/04,0,134000,-400000,-266000
2009/08/05,0,4000,-135000,-131000
2009/08/06,0,73000,-3000,70000
2009/08/07,0,0,0,0
2009/08/10,0,15000,-147000,-132000
2009/08/11,0,28000,-15000,13000
2009/08/12,0,2000,-28000,-26000
2009/08/13,0,6000,-2000,4000
2009/08/14,0,459000,-6000,453000
2009/08/17,0,2000,-454000,-452000
2009/08/18,0,8000,-2000,6000
2009/08/19,0,0,-7000,-7000
2009/08/20,0,52000,-3000,49000
2009/08/21,0,17000,-53000,-36000
2009/08/24,0,52000,-17000,35000
2009/08/25,0,0,-9000,-9000
2009/08/26,0,0,-36000,-36000
2009/08/27,0,52000,0,52000
2009/08/28,0,0,-52000,-52000
2009/08/31,0,0,-2000,-2000
2009/09/01,0,0,-18000,-18000
2009/09/02,0,121000,0,121000
2009/09/03,0,0,-107000,-107000
2009/09/04,0,379000,0,379000
2009/09/07,0,1000,-391000,-390000
2009/09/08,0,9000,-2000,7000
2009/09/09,0,14000,0,14000
2009/09/10,0,43000,0,43000
2009/09/11,0,0,0,0
2009/09/14,0,0,-1000,-1000
2009/09/15,0,3000,0,3000
2009/09/16,0,25000,0,25000
2009/09/17,0,8000,-3000,5000
2009/09/18,0,41000,0,41000
2009/09/21,0,135000,-2000,133000
2009/09/22,0,0,-174000,-174000
2009/09/23,0,0,-2000,-2000
2009/09/24,0,31000,0,31000
2009/09/25,0,4000,-241067,-237067
2009/09/28,0,0,-1000,-1000
2009/09/29,0,0,-72176,-72176
2009/09/30,0,8000,0,8000
2009/10/01,0,0,-19000,-19000
2009/10/02,0,0,0,0
2009/10/05,0,0,0,0
2009/10/06,0,0,0,0
2009/10/07,0,0,0,0
2009/10/08,0,0,0,0
2009/10/09,0,0,0,0
2009/10/12,0,21000,-2000,19000
2009/10/13,0,10000,-2000,8000
2009/10/14,0,0,-33000,-33000
2009/10/15,0,1000,0,1000
2009/10/16,0,0,-2000,-2000
2009/10/19,0,5000,0,5000
2009/10/20,0,0,0,0
2009/10/21,0,0,0,0
2009/10/22,0,0,0,0
2009/10/23,0,0,-3000,-3000
2009/10/26,0,0,0,0
2009/10/27,0,1000,-23000,-22000
2009/10/28,0,0,-1000,-1000
2009/10/29,0,0,0,0
2009/10/30,0,0,-6000,-6000
2009/11/02,0,0,-5000,-5000
2009/11/03,0,0,-4000,-4000
2009/11/04,0,0,0,0
2009/11/05,0,57000,-1000,56000
2009/11/06,0,0,-57000,-57000
2009/11/09,0,35000,-1000,34000
2009/11/10,0,0,-343880,-343880
2009/11/11,0,2000,0,2000
2009/11/12,0,0,-3000,-3000
2009/11/13,0,20000,-3000,17000
2009/11/16,0,131000,0,131000
2009/11/17,0,40000,-127000,-87000
2009/11/18,0,71000,-34000,37000
2009/11/19,0,0,0,0
2009/11/20,0,0,-1000,-1000
2009/11/23,0,152000,0,152000
2009/11/24,0,0,-152000,-152000
2009/11/25,0,0,0,0
2009/11/26,0,0,0,0
2009/11/27,0,0,-9000,-9000
2009/11/30,0,0,-10000,-10000
2009/12/01,0,30000,-1000,29000
2009/12/02,0,0,-56000,-56000
2009/12/03,0,5000,0,5000
2009/12/04,0,0,0,0
2009/12/07,0,0,-15000,-15000
2009/12/08,0,0,-26000,-26000
2009/12/09,0,0,-12000,-12000
2009/12/10,0,0,0,0
2009/12/11,0,0,-28000,-28000
2009/12/14,0,38000,0,38000
2009/12/15,0,0,0,0
2009/12/16,0,0,-40000,-40000
2009/12/17,0,0,-3000,-3000
2009/12/18,0,54000,-7000,47000
2009/12/21,0,0,-54000,-54000
2009/12/22,0,0,0,0
2009/12/23,0,0,0,0
2009/12/24,0,82000,0,82000
2009/12/25,0,0,-42000,-42000
2009/12/28,0,0,0,0
2009/12/29,0,0,0,0
2009/12/30,0,0,0,0
2009/12/31,0,200000,0,200000
2010/01/01,0,0,0,0
2010/01/04,0,237000,-72000,165000
2010/01/05,0,0,-110000,-110000
2010/01/06,0,1000,0,1000
2010/01/07,0,1000,0,1000
2010/01/08,0,5000,0,5000
2010/01/11,0,65000,0,65000
2010/01/12,0,106000,0,106000
2010/01/13,0,1000,0,1000
2010/01/14,0,0,0,0
2010/01/15,0,327000,0,327000
2010/01/18,0,121000,-341000,-220000
2010/01/19,0,31000,-157000,-126000
2010/01/20,0,2000,-2000,0
2010/01/21,0,22000,0,22000
2010/01/22,0,6000,0,6000
2010/01/25,0,10000,0,10000
2010/01/26,0,8000,-10000,-2000
2010/01/27,0,0,-4000,-4000
2010/01/28,0,0,-17000,-17000
2010/01/29,0,0,-4000,-4000
2010/02/01,0,0,0,0
2010/02/02,0,0,-3000,-3000
2010/02/03,0,0,-14000,-14000
2010/02/04,0,17000,-15000,2000
2010/02/05,0,79000,-29000,50000
2010/02/08,0,26000,-9000,17000
2010/02/09,0,0,-54000,-54000
2010/02/10,0,0,-1000,-1000
2010/02/11,0,0,0,0
2010/02/12,0,0,0,0
2010/02/15,0,0,0,0
2010/02/16,0,0,0,0
2010/02/17,0,0,0,0
2010/02/18,0,0,0,0
2010/02/19,0,0,0,0
2010/02/22,0,2000,0,2000
2010/02/23,0,0,0,0
2010/02/24,0,16000,-16000,0
2010/02/25,0,0,-30000,-30000
2010/02/26,0,0,0,0
2010/03/01,0,39000,0,39000
2010/03/02,0,0,-38000,-38000
2010/03/03,0,0,-1000,-1000
2010/03/04,0,0,-6000,-6000
2010/03/05,0,0,0,0
2010/03/08,0,0,0,0
2010/03/09,0,0,0,0
2010/03/10,0,22000,0,22000
2010/03/11,0,0,-22000,-22000
2010/03/12,0,3000,0,3000
2010/03/15,0,0,0,0
2010/03/16,0,10000,0,10000
2010/03/17,0,22000,-10000,12000
2010/03/18,0,11000,0,11000
2010/03/19,0,0,0,0
2010/03/22,0,0,0,0
2010/03/23,0,46000,0,46000
2010/03/24,0,0,-127000,-127000
2010/03/25,0,1000,0,1000
2010/03/26,0,0,-123000,-123000
2010/03/29,0,11000,-98000,-87000
2010/03/30,0,1000,-47000,-46000
2010/03/31,0,11000,0,11000
2010/04/01,0,19000,0,19000
2010/04/02,0,0,0,0
2010/04/05,0,0,0,0
2010/04/06,0,44000,0,44000
2010/04/07,0,34000,-10000,24000
2010/04/08,0,7000,-1000,6000
2010/04/09,0,3000,0,3000
2010/04/12,0,0,0,0
2010/04/13,0,21000,-1000,20000
2010/04/14,0,9000,0,9000
2010/04/15,0,0,-1000,-1000
2010/04/16,0,4000,-4000,0
2010/04/19,0,0,-4000,-4000
2010/04/20,0,0,-28000,-28000
2010/04/21,0,8000,-3000,5000
2010/04/22,0,1000,-9000,-8000
2010/04/23,0,0,-13000,-13000
2010/04/26,0,49000,0,49000
2010/04/27,0,1000,0,1000
2010/04/28,0,64000,-1000,63000
2010/04/29,0,0,-4000,-4000
2010/04/30,0,9000,-64000,-55000
2010/05/03,0,20000,0,20000
2010/05/04,0,1000,0,1000
2010/05/05,0,0,-13000,-13000
2010/05/06,0,21000,-313000,-292000
2010/05/07,0,46000,-15000,31000
2010/05/10,0,11000,-5000,6000
2010/05/11,0,0,-65000,-65000
2010/05/12,0,0,0,0
2010/05/13,0,0,0,0
2010/05/14,0,0,0,0
2010/05/17,0,0,0,0
2010/05/18,0,0,0,0
2010/05/19,0,57000,0,57000
2010/05/20,0,0,-31000,-31000
2010/05/21,0,9000,-21000,-12000
2010/05/24,0,0,-14000,-14000
2010/05/25,0,0,-4000,-4000
2010/05/26,0,1000,-9000,-8000
2010/05/27,0,36000,0,36000
2010/05/28,0,0,-29000,-29000
2010/05/31,0,0,0,0
2010/06/01,0,23000,-1000,22000
2010/06/02,0,0,-30000,-30000
2010/06/03,0,0,-10000,-10000
2010/06/04,0,20000,-11642,8358
2010/06/07,0,0,-47000,-47000
2010/06/08,0,0,-4000,-4000
2010/06/09,0,0,-22000,-22000
2010/06/10,0,0,-1000,-1000
2010/06/11,0,0,0,0
2010/06/14,0,0,0,0
2010/06/15,0,9000,0,9000
2010/06/16,0,0,0,0
2010/06/17,0,22000,0,22000
2010/06/18,0,0,0,0
2010/06/21,0,10000,0,10000
2010/06/22,0,5000,0,5000
2010/06/23,0,0,-5000,-5000
2010/06/24,0,0,0,0
2010/06/25,0,0,0,0
2010/06/28,0,0,0,0
2010/06/29,0,0,0,0
2010/06/30,0,13000,-5000,8000
2010/07/01,0,0,-28000,-28000
2010/07/02,0,15000,-6000,9000
2010/07/05,0,0,-9000,-9000
2010/07/06,0,5000,-1000,4000
2010/07/07,0,9000,-15000,-6000
2010/07/08,0,55000,0,55000
2010/07/09,0,40000,-15000,25000
2010/07/12,0,15000,-6000,9000
2010/07/13,0,4000,0,4000
2010/07/14,0,8000,0,8000
2010/07/15,0,3000,-1000,2000
2010/07/16,0,0,0,0
2010/07/19,0,6000,0,6000
2010/07/20,0,0,0,0
2010/07/21,0,15000,0,15000
2010/07/22,0,0,0,0
2010/07/23,0,20000,0,20000
2010/07/26,0,16000,0,16000
2010/07/27,0,0,-4000,-4000
2010/07/28,0,15000,0,15000
2010/07/29,0,13000,0,13000
2010/07/30,0,5000,0,5000
2010/08/02,0,43000,0,43000
2010/08/03,0,20000,0,20000
2010/08/04,0,14000,0,14000
2010/08/05,0,236000,-5000,231000
2010/08/06,0,0,-32000,-32000
2010/08/09,0,120000,-104000,16000
2010/08/10,0,0,-19000,-19000
2010/08/11,0,0,-3000,-3000
2010/08/12,0,7000,-6000,1000
2010/08/13,0,0,-161000,-161000
2010/08/16,0,0,-799678,-799678
2010/08/17,0,118000,-412000,-294000
2010/08/18,0,0,-133000,-133000
2010/08/19,0,0,-4000,-4000
2010/08/20,0,11000,-12000,-1000
2010/08/23,0,38000,-864000,-826000
2010/08/24,0,0,-3000,-3000
2010/08/25,0,0,-120000,-120000
2010/08/26,0,0,-105000,-105000
2010/08/27,0,25000,-211000,-186000
2010/08/30,0,0,-749000,-749000
2010/08/31,0,3000,-916000,-913000
2010/09/01,0,38000,-383000,-345000
2010/09/02,0,16000,-443000,-427000
2010/09/03,0,51000,-1565000,-1514000
2010/09/06,0,4000,-596000,-592000
2010/09/07,0,0,-339000,-339000
2010/09/08,0,10000,-332000,-322000
2010/09/09,0,0,-242000,-242000
2010/09/10,0,18000,-500000,-482000
2010/09/13,0,34000,-295000,-261000
2010/09/14,0,45000,-273000,-228000
2010/09/15,0,53000,-467000,-414000
2010/09/16,0,19000,-356000,-337000
2010/09/17,0,16000,-396000,-380000
2010/09/20,0,0,-248000,-248000
2010/09/21,0,37000,-373000,-336000
2010/09/22,0,0,0,0
2010/09/23,0,28000,0,28000
2010/09/24,0,67000,-279000,-212000
2010/09/27,0,4000,-430503,-426503
2010/09/28,0,20000,-1000,19000
2010/09/29,0,27000,0,27000
2010/09/30,0,15000,0,15000
2010/10/01,0,0,-5000,-5000
2010/10/04,0,26000,0,26000
2010/10/05,0,3000,-30000,-27000
2010/10/06,0,0,-1000,-1000
2010/10/07,0,17000,0,17000
2010/10/08,0,13000,0,13000
2010/10/11,0,0,-1000,-1000
2010/10/12,0,124000,-117000,7000
2010/10/13,0,5000,-304000,-299000
2010/10/14,0,51000,-130000,-79000
2010/10/15,0,5000,-53000,-48000
2010/10/18,0,25000,-21000,4000
2010/10/19,0,5000,-4000,1000
2010/10/20,0,0,-8000,-8000
2010/10/21,0,3000,0,3000
2010/10/22,0,51000,-1000,50000
2010/10/25,0,29000,0,29000
2010/10/26,0,159000,-4000,155000
2010/10/27,0,21000,0,21000
2010/10/28,0,12000,0,12000
2010/10/29,0,14000,-2000,12000
2010/11/01,0,50000,0,50000
2010/11/02,0,18000,0,18000
2010/11/03,0,52000,-14000,38000
2010/11/04,0,52000,0,52000
2010/11/05,0,21000,-20000,1000
2010/11/08,0,2000,-13000,-11000
2010/11/09,0,8000,0,8000
2010/11/10,0,0,0,0
2010/11/11,0,7000,0,7000
2010/11/12,0,20000,0,20000
2010/11/15,0,0,-1000,-1000
2010/11/16,0,0,0,0
2010/11/17,0,38000,-7000,31000
2010/11/18,0,0,0,0
2010/11/19,0,0,-29000,-29000
2010/11/22,0,12000,0,12000
2010/11/23,0,0,0,0
2010/11/24,0,145000,0,145000
2010/11/25,0,219000,0,219000
2010/11/26,0,69000,-5000,64000
2010/11/29,0,0,-61000,-61000
2010/11/30,0,0,-1000,-1000
2010/12/01,0,6000,0,6000
2010/12/02,0,1000,0,1000
2010/12/03,0,80000,-190000,-110000
2010/12/06,0,0,-21000,-21000
2010/12/07,0,0,-7000,-7000
2010/12/08,0,0,-1000,-1000
2010/12/09,0,2000,-8000,-6000
2010/12/10,0,2000,-21000,-19000
2010/12/13,0,0,-5000,-5000
2010/12/14,0,0,-167000,-167000
2010/12/15,0,0,-9000,-9000
2010/12/16,0,20000,-6000,14000
2010/12/17,0,12000,-6000,6000
2010/12/20,0,0,-4000,-4000
2010/12/21,0,0,-4000,-4000
2010/12/22,0,0,-4000,-4000
2010/12/23,0,0,-18000,-18000
2010/12/24,0,0,-10000,-10000
2010/12/27,0,3000,-4000,-1000
2010/12/28,0,3000,0,3000
2010/12/29,0,6000,-6000,0
2010/12/30,0,0,0,0
2010/12/31,0,0,0,0
2011/01/03,0,0,0,0
2011/01/04,0,547000,-25000,522000
2011/01/05,0,2000,-135000,-133000
2011/01/06,0,0,-60000,-60000
2011/01/07,0,0,-209000,-209000
2011/01/10,0,0,-347000,-347000
2011/01/11,0,2000,0,2000
2011/01/12,0,0,0,0
2011/01/13,0,0,-2000,-2000
2011/01/14,0,1000,0,1000
2011/01/17,0,0,-6000,-6000
2011/01/18,0,0,-7000,-7000
2011/01/19,0,8000,0,8000
2011/01/20,0,0,0,0
2011/01/21,0,7000,-2000,5000
2011/01/24,0,2000,-7000,-5000
2011/01/25,0,1000,0,1000
2011/01/26,0,0,0,0
2011/01/27,0,0,0,0
2011/01/28,0,0,0,0
2011/01/31,0,0,0,0
2011/02/01,0,0,0,0
2011/02/02,0,0,0,0
2011/02/03,0,0,0,0
2011/02/04,0,0,0,0
2011/02/07,0,0,0,0
2011/02/08,0,11000,-253000,-242000
2011/02/09,0,0,-2000,-2000
2011/02/10,0,15000,-3000,12000
2011/02/11,0,8000,-10000,-2000
2011/02/14,0,0,-46000,-46000
2011/02/15,0,0,-16000,-16000
2011/02/16,0,0,-12000,-12000
2011/02/17,0,0,-5000,-5000
2011/02/18,0,0,0,0
2011/02/21,0,0,-4000,-4000
2011/02/22,0,13000,-23000,-10000
2011/02/23,0,18000,-21000,-3000
2011/02/24,0,0,-15000,-15000
2011/02/25,0,0,-30000,-30000
2011/02/28,0,0,0,0
2011/03/01,0,0,-30000,-30000
2011/03/02,0,12000,-42000,-30000
2011/03/03,0,21000,0,21000
2011/03/04,0,0,-5000,-5000
2011/03/07,0,0,0,0
2011/03/08,0,0,0,0
2011/03/09,0,22000,0,22000
2011/03/10,0,0,0,0
2011/03/11,0,0,-15000,-15000
2011/03/14,0,0,-4000,-4000
2011/03/15,0,0,-16000,-16000
2011/03/16,0,0,0,0
2011/03/17,0,1000,-6000,-5000
2011/03/18,0,0,-15000,-15000
2011/03/21,0,0,-1000,-1000
2011/03/22,0,0,0,0
2011/03/23,0,0,-73000,-73000
2011/03/24,0,0,0,0
2011/03/25,0,22000,0,22000
2011/03/28,0,31000,-10000,21000
2011/03/29,0,1000,0,1000
2011/03/30,0,103000,-2000,101000
2011/03/31,0,0,0,0
2011/04/01,0,3000,-1000,2000
2011/04/04,0,0,0,0
2011/04/05,0,0,0,0
2011/04/06,0,0,0,0
2011/04/07,0,0,0,0
2011/04/08,0,2000,0,2000
2011/04/11,0,0,0,0
2011/04/12,0,30000,0,30000
2011/04/13,0,7000,0,7000
2011/04/14,0,26000,0,26000
2011/04/15,0,0,-5000,-5000
2011/04/18,0,13000,-42000,-29000
2011/04/19,0,0,0,0
2011/04/20,0,13000,0,13000
2011/04/21,0,49000,-1000,48000
2011/04/22,0,36000,0,36000
2011/04/25,0,36000,-1000,35000
2011/04/26,0,0,0,0
2011/04/27,0,34000,-14000,20000
2011/04/28,0,4000,-18000,-14000
2011/04/29,0,0,0,0
2011/05/02,0,0,0,0
2011/05/03,0,20000,0,20000
2011/05/04,0,0,0,0
2011/05/05,0,1000,-1000,0
2011/05/06,0,10000,-6000,4000
2011/05/09,0,7000,-7000,0
2011/05/10,0,0,-15000,-15000
2011/05/11,0,12000,0,12000
2011/05/12,0,5000,-1000,4000
2011/05/13,0,4000,0,4000
2011/05/16,0,9000,-2000,7000
2011/05/17,0,0,-2000,-2000
2011/05/18,0,7000,-2000,5000
2011/05/19,0,30000,-2000,28000
2011/05/20,0,0,-6000,-6000
2011/05/23,0,0,-2000,-2000
2011/05/24,0,16000,-6000,10000
2011/05/25,0,0,-1000,-1000
2011/05/26,0,0,-12313,-12313
2011/05/27,0,0,-2000,-2000
2011/05/30,0,0,-7000,-7000
2011/05/31,0,2000,0,2000
2011/06/01,0,13000,0,13000
2011/06/02,0,18000,0,18000
2011/06/03,0,0,0,0
2011/06/06,0,0,0,0
2011/06/07,0,1000,0,1000
2011/06/08,0,0,0,0
2011/06/09,0,0,0,0
2011/06/10,0,0,-29000,-29000
2011/06/13,0,0,-8000,-8000
2011/06/14,0,30000,-7000,23000
2011/06/15,0,16000,-72000,-56000
2011/06/16,0,16000,-52000,-36000
2011/06/17,0,0,-18000,-18000
2011/06/20,0,2000,-12000,-10000
2011/06/21,0,2000,-5000,-3000
2011/06/22,0,0,-1000,-1000
2011/06/23,0,3000,-3000,0
2011/06/24,0,20000,-4000,16000
2011/06/27,0,15000,-21000,-6000
2011/06/28,0,0,-1000,-1000
2011/06/29,0,20000,-4000,16000
2011/06/30,0,8000,-7000,1000
2011/07/01,0,1000,-3000,-2000
2011/07/04,0,18000,-1000,17000
2011/07/05,0,0,0,0
2011/07/06,0,4000,0,4000
2011/07/07,0,0,-2000,-2000
2011/07/08,0,1000,0,1000
2011/07/11,0,0,0,0
2011/07/12,0,0,-2000,-2000
2011/07/13,0,1000,-12000,-11000
2011/07/14,0,23000,-1000,22000
2011/07/15,0,1000,-2000,-1000
2011/07/18,0,6000,-9000,-3000
2011/07/19,0,4000,-5000,-1000
2011/07/20,0,52000,-1000,51000
2011/07/21,0,3000,0,3000
2011/07/22,0,27000,-1000,26000
2011/07/25,0,0,-5000,-5000
2011/07/26,0,5000,0,5000
2011/07/27,0,0,-4000,-4000
2011/07/28,0,0,-4000,-4000
2011/07/29,0,0,-16000,-16000
2011/08/01,0,16000,0,16000
2011/08/02,0,0,-1000,-1000
2011/08/03,0,12000,-4000,8000
2011/08/04,0,21000,-3000,18000
2011/08/05,0,4000,-13000,-9000
2011/08/08,0,3000,-19000,-16000
2011/08/09,0,9000,-1000,8000
2011/08/10,0,0,-42000,-42000
2011/08/11,0,6000,-9000,-3000
2011/08/12,0,0,-31000,-31000
2011/08/15,0,1000,-12085,-11085
2011/08/16,0,0,-1000,-1000
2011/08/17,0,13000,0,13000
2011/08/18,0,8000,-19000,-11000
2011/08/19,0,5000,-7000,-2000
2011/08/22,0,11000,0,11000
2011/08/23,0,27000,0,27000
2011/08/24,0,2000,-5000,-3000
2011/08/25,0,1000,-6000,-5000
2011/08/26,0,3000,0,3000
2011/08/29,0,34000,0,34000
2011/08/30,0,16000,-5000,11000
2011/08/31,0,1,-9000,-8999
2011/09/01,0,7000,-26000,-19000
2011/09/02,0,1000,-9000,-8000
2011/09/05,0,1000,-43000,-42000
2011/09/06,0,0,-15000,-15000
2011/09/07,0,0,-1000,-1000
2011/09/08,0,0,0,0
2011/09/09,0,25000,0,25000
2011/09/12,0,0,0,0
2011/09/13,0,0,-25000,-25000
2011/09/14,0,3000,-10000,-7000
2011/09/15,0,0,0,0
2011/09/16,0,17000,0,17000
2011/09/19,0,0,0,0
2011/09/20,0,1000,-2000,-1000
2011/09/21,0,4000,0,4000
2011/09/22,0,4000,-4000,0
2011/09/23,0,0,-2000,-2000
2011/09/26,0,0,0,0
2011/09/27,0,11000,0,11000
2011/09/28,0,3000,0,3000
2011/09/29,0,6000,0,6000
2011/09/30,0,2000,-11000,-9000
2011/10/03,0,0,-8000,-8000
2011/10/04,0,2000,0,2000
2011/10/05,0,12000,0,12000
2011/10/06,0,5000,0,5000
2011/10/07,0,4000,0,4000
2011/10/10,0,0,0,0
2011/10/11,0,1000,-3000,-2000
2011/10/12,0,12000,0,12000
2011/10/13,0,11000,0,11000
2011/10/14,0,2000,-1000,1000
2011/10/17,0,0,0,0
2011/10/18,0,11000,-4000,7000
2011/10/19,0,0,-1000,-1000
2011/10/20,0,0,-7000,-7000
2011/10/21,0,3000,0,3000
2011/10/24,0,54000,0,54000
2011/10/25,0,2000,0,2000
2011/10/26,0,2000,0,2000
2011/10/27,0,11000,-1000,10000
2011/10/28,0,25000,-7000,18000
2011/10/31,0,1000,0,1000
2011/11/01,0,25000,0,25000
2011/11/02,0,5000,0,5000
2011/11/03,0,1000,-1000,0
2011/11/04,0,30000,-2000,28000
2011/11/07,0,1000,0,1000
2011/11/08,0,9000,-6000,3000
2011/11/09,0,0,0,0
2011/11/10,0,7000,0,7000
2011/11/11,0,0,-2000,-2000
2011/11/14,0,2000,0,2000
2011/11/15,0,14000,0,14000
2011/11/16,0,1000,-5000,-4000
2011/11/17,0,0,-5000,-5000
2011/11/18,0,0,0,0
2011/11/21,0,9000,0,9000
2011/11/22,0,4000,0,4000
2011/11/23,0,1000,-1000,0
2011/11/24,0,22000,0,22000
2011/11/25,0,0,-6000,-6000
2011/11/28,0,5000,-2000,3000
2011/11/29,0,4000,-1000,3000
2011/11/30,0,0,-5000,-5000
2011/12/01,0,14000,-6000,8000
2011/12/02,0,9000,-3000,6000
2011/12/05,0,2000,-3000,-1000
2011/12/06,0,0,-2000,-2000
2011/12/07,0,12000,-1000,11000
2011/12/08,0,6000,-2000,4000
2011/12/09,0,8000,-2000,6000
2011/12/12,0,0,-2000,-2000
2011/12/13,0,5000,-1000,4000
2011/12/14,0,0,-2000,-2000
2011/12/15,0,0,-1000,-1000
2011/12/16,0,0,-1000,-1000
2011/12/19,0,0,-6000,-6000
2011/12/20,0,0,-3000,-3000
2011/12/21,0,0,-9000,-9000
2011/12/22,0,9000,0,9000
2011/12/23,0,0,-7000,-7000
2011/12/26,0,0,0,0
2011/12/27,0,0,0,0
2011/12/28,0,3000,0,3000
2011/12/29,0,2000,0,2000
2011/12/30,0,1000,-1000,0
2012/01/02,0,0,0,0
2012/01/03,0,0,0,0
2012/01/04,0,0,0,0
2012/01/05,0,0,0,0
2012/01/06,0,0,-12000,-12000
2012/01/09,0,10000,0,10000
2012/01/10,0,17000,-11000,6000
2012/01/11,0,43000,-7000,36000
2012/01/12,0,0,-14000,-14000
2012/01/13,0,0,0,0
2012/01/16,0,1000,-38000,-37000
2012/01/17,0,38000,-8000,30000
2012/01/18,0,40000,-27000,13000
2012/01/19,0,0,0,0
2012/01/20,0,0,0,0
2012/01/23,0,0,0,0
2012/01/24,0,0,0,0
2012/01/25,0,0,0,0
2012/01/26,0,0,0,0
2012/01/27,0,0,0,0
2012/01/30,0,41000,0,41000
2012/01/31,0,9000,-32000,-23000
2012/02/01,0,18000,-4000,14000
2012/02/02,0,29000,-5000,24000
2012/02/03,0,0,-3000,-3000
2012/02/06,0,13000,-53000,-40000
2012/02/07,0,14000,0,14000
2012/02/08,0,34000,0,34000
2012/02/09,0,1000,-32000,-31000
2012/02/10,0,7000,-1000,6000
2012/02/13,0,0,-39000,-39000
2012/02/14,0,0,-1000,-1000
2012/02/15,0,10000,0,10000
2012/02/16,0,0,-1000,-1000
2012/02/17,0,10000,0,10000
2012/02/20,0,0,-9000,-9000
2012/02/21,0,0,-4000,-4000
2012/02/22,0,43000,0,43000
2012/02/23,0,18000,-3000,15000
2012/02/24,0,45000,-2000,43000
2012/02/27,0,0,0,0
2012/02/28,0,0,0,0
2012/02/29,0,0,-4000,-4000
2012/03/01,0,31000,0,31000
2012/03/02,0,0,0,0
2012/03/05,0,0,-2000,-2000
2012/03/06,0,0,-5000,-5000
2012/03/07,0,51000,-1000,50000
2012/03/08,0,0,-18000,-18000
2012/03/09,0,3000,-36000,-33000
2012/03/12,0,47000,-1000,46000
2012/03/13,0,5000,-47000,-42000
2012/03/14,0,64000,0,64000
2012/03/15,0,67000,-3000,64000
2012/03/16,0,0,-7000,-7000
2012/03/19,0,36000,0,36000
2012/03/20,0,4000,-1000,3000
2012/03/21,0,11000,0,11000
2012/03/22,0,12000,0,12000
2012/03/23,0,10000,0,10000
2012/03/26,0,6000,-1000,5000
2012/03/27,0,0,0,0
2012/03/28,0,17000,-2000,15000
2012/03/29,0,26000,-26000,0
2012/03/30,0,32000,0,32000
2012/04/02,0,8000,-1000,7000
2012/04/03,0,18000,-26000,-8000
2012/04/04,0,0,0,0
2012/04/05,0,48000,0,48000
2012/04/06,0,12000,-39000,-27000
2012/04/09,0,4000,-38000,-34000
2012/04/10,0,6000,-22000,-16000
2012/04/11,0,0,-21000,-21000
2012/04/12,0,0,-20000,-20000
2012/04/13,0,6000,-11000,-5000
2012/04/16,0,0,0,0
2012/04/17,0,13000,-13000,0
2012/04/18,0,11000,-5000,6000
2012/04/19,0,36000,-6000,30000
2012/04/20,0,36000,-17000,19000
2012/04/23,0,19000,-11000,8000
2012/04/24,0,75000,0,75000
2012/04/25,0,11000,-16000,-5000
2012/04/26,0,24000,-72000,-48000
2012/04/27,0,7000,-7000,0
2012/04/30,0,2000,-33000,-31000
2012/05/01,0,0,0,0
2012/05/02,0,25000,-2000,23000
2012/05/03,0,47000,0,47000
2012/05/04,0,19000,0,19000
2012/05/07,0,30000,-28000,2000
2012/05/08,0,30000,-4000,26000
2012/05/09,0,10000,-35000,-25000
2012/05/10,0,0,-20000,-20000
2012/05/11,0,0,0,0
2012/05/14,0,0,0,0
2012/05/15,0,37000,0,37000
2012/05/16,0,51000,-4000,47000
2012/05/17,0,24000,-19000,5000
2012/05/18,0,0,-9000,-9000
2012/05/21,0,53000,-4000,49000
2012/05/22,0,0,-23000,-23000
2012/05/23,0,1000,-36000,-35000
2012/05/24,0,1000,-9000,-8000
2012/05/25,0,0,-1000,-1000
2012/05/28,0,16000,-1000,15000
2012/05/29,0,59000,0,59000
2012/05/30,0,0,-14000,-14000
2012/05/31,0,2000,-16000,-14000
2012/06/01,0,0,-19000,-19000
2012/06/04,0,9000,-13000,-4000
2012/06/05,0,29000,0,29000
2012/06/06,0,29000,-3000,26000
2012/06/07,0,20000,-13000,7000
2012/06/08,0,6000,-1000,5000
2012/06/11,0,20000,-8000,12000
2012/06/12,0,0,-3000,-3000
2012/06/13,0,17000,-2000,15000
2012/06/14,0,10000,-1000,9000
2012/06/15,0,23000,0,23000
2012/06/18,0,29000,0,29000
2012/06/19,0,19000,0,19000
2012/06/20,0,21000,0,21000
2012/06/21,0,14000,0,14000
2012/06/22,0,8000,-1000,7000
2012/06/25,0,0,-34000,-34000
2012/06/26,0,54000,-9000,45000
2012/06/27,0,20000,-10000,10000
2012/06/28,0,16000,0,16000
2012/06/29,0,8000,-11000,-3000
2012/07/02,0,9000,-2000,7000
2012/07/03,0,20000,0,20000
2012/07/04,0,17000,0,17000
2012/07/05,0,12000,0,12000
2012/07/06,0,0,-27000,-27000
2012/07/09,0,14000,-15000,-1000
2012/07/10,0,9000,-29000,-20000
2012/07/11,0,0,-10000,-10000
2012/07/12,0,2000,-42000,-40000
2012/07/13,0,0,-23000,-23000
2012/07/16,0,0,-23000,-23000
2012/07/17,0,42000,-1000,41000
2012/07/18,0,0,-12000,-12000
2012/07/19,0,34000,-6000,28000
2012/07/20,0,0,0,0
2012/07/23,0,15000,-26000,-11000
2012/07/24,0,14000,-3000,11000
2012/07/25,0,20000,-1000,19000
2012/07/26,0,4000,-9000,-5000
2012/07/27,0,28000,0,28000
2012/07/30,0,28000,0,28000
2012/07/31,0,20000,-6000,14000
2012/08/01,0,32000,-1000,31000
2012/08/02,0,0,0,0
2012/08/03,0,15000,-7000,8000
2012/08/06,0,29000,0,29000
2012/08/07,0,29000,-3000,26000
2012/08/08,0,33000,-12000,21000
2012/08/09,0,28000,0,28000
2012/08/10,0,20000,0,20000
2012/08/13,0,6000,-10000,-4000
2012/08/14,0,21000,0,21000
2012/08/15,0,32000,-17000,15000
2012/08/16,0,3000,0,3000
2012/08/17,0,15000,0,15000
2012/08/20,0,38000,-12000,26000
2012/08/21,0,27000,-128000,-101000
2012/08/22,0,5000,-15000,-10000
2012/08/23,0,0,-38000,-38000
2012/08/24,0,1000,-3000,-2000
2012/08/27,0,0,-49000,-49000
2012/08/28,0,43000,-57000,-14000
2012/08/29,0,25000,-3000,22000
2012/08/30,0,0,-7000,-7000
2012/08/31,0,9000,0,9000
2012/09/03,0,3000,0,3000
2012/09/04,0,5000,-2000,3000
2012/09/05,0,0,-2000,-2000
2012/09/06,0,55000,-2000,53000
2012/09/07,0,0,-44000,-44000
2012/09/10,0,5000,-19000,-14000
2012/09/11,0,7000,0,7000
2012/09/12,0,18000,0,18000
2012/09/13,0,400000,-21000,379000
2012/09/14,0,806000,-39000,767000
2012/09/17,0,0,0,0
2012/09/18,0,44000,-41000,3000
2012/09/19,0,115000,0,115000
2012/09/20,0,35000,-1000,34000
2012/09/21,0,38000,0,38000
2012/09/24,0,42000,0,42000
2012/09/25,0,70000,-23000,47000
2012/09/26,0,50000,0,50000
2012/09/27,0,11000,-1000,10000
2012/09/28,0,5000,-36000,-31000
2012/10/01,0,4000,0,4000
2012/10/02,0,2000,0,2000
2012/10/03,0,2000,-54000,-52000
2012/10/04,0,8000,-24000,-16000
2012/10/05,0,43000,0,43000
2012/10/08,0,1000,-5000,-4000
2012/10/09,0,4000,-16000,-12000
2012/10/10,0,0,0,0
2012/10/11,0,43000,-42000,1000
2012/10/12,0,90000,-33000,57000
2012/10/15,0,2000,-43000,-41000
2012/10/16,0,10000,-57000,-47000
2012/10/17,0,28000,-53000,-25000
2012/10/18,0,12000,0,12000
2012/10/19,0,0,-1000,-1000
2012/10/22,0,3000,-15000,-12000
2012/10/23,0,12000,-1000,11000
2012/10/24,0,18000,0,18000
2012/10/25,0,6000,-14000,-8000
2012/10/26,0,36000,-22000,14000
2012/10/29,0,10000,-12000,-2000
2012/10/30,0,50000,0,50000
2012/10/31,0,0,-19000,-19000
2012/11/01,0,8000,-25000,-17000
2012/11/02,0,45000,0,45000
2012/11/05,0,3000,0,3000
2012/11/06,0,40000,0,40000
2012/11/07,0,31000,-5000,26000
2012/11/08,0,0,-1000,-1000
2012/11/09,0,21000,-2000,19000
2012/11/12,0,24000,-9000,15000
2012/11/13,0,20000,-13000,7000
2012/11/14,0,34000,-17000,17000
2012/11/15,0,15000,-9000,6000
2012/11/16,0,20000,-36000,-16000
2012/11/19,0,59000,-30000,29000
2012/11/20,0,18000,-9000,9000
2012/11/21,0,0,-38000,-38000
2012/11/22,0,0,-18000,-18000
2012/11/23,0,7000,0,7000
2012/11/26,0,10000,0,10000
2012/11/27,0,32000,-4000,28000
2012/11/28,0,12000,-2000,10000
2012/11/29,0,22000,-6000,16000
2012/11/30,0,88000,-8000,80000
2012/12/03,0,54000,-10000,44000
2012/12/04,0,5000,0,5000
2012/12/05,0,3000,0,3000
2012/12/06,0,26000,-4000,22000
2012/12/07,0,4000,0,4000
2012/12/10,0,0,-5000,-5000
2012/12/11,0,6000,-17000,-11000
2012/12/12,0,43000,0,43000
2012/12/13,0,37000,0,37000
2012/12/14,0,19000,0,19000
2012/12/17,0,23000,-1000,22000
2012/12/18,0,9000,-18000,-9000
2012/12/19,0,9000,-23000,-14000
2012/12/20,0,11000,-5000,6000
2012/12/21,0,0,-4000,-4000
2012/12/24,0,8000,-3000,5000
2012/12/25,0,36000,0,36000
2012/12/26,0,50000,0,50000
2012/12/27,0,9000,-1000,8000
2012/12/28,0,0,-8000,-8000
2012/12/31,0,0,0,0
2013/01/01,0,0,0,0
2013/01/02,0,34000,0,34000
2013/01/03,0,1000,0,1000
2013/01/04,0,0,-1000,-1000
2013/01/07,0,1000,-13000,-12000
2013/01/08,0,0,-13000,-13000
2013/01/09,0,0,-12000,-12000
2013/01/10,0,1000,-4000,-3000
2013/01/11,0,28000,0,28000
2013/01/14,0,14000,-2000,12000
2013/01/15,0,28000,-9000,19000
2013/01/16,0,34000,-13000,21000
2013/01/17,0,19000,-48000,-29000
2013/01/18,0,0,0,0
2013/01/21,0,132000,-28000,104000
2013/01/22,0,0,-82000,-82000
2013/01/23,0,0,-3000,-3000
2013/01/24,0,0,-24000,-24000
2013/01/25,0,21000,-92000,-71000
2013/01/28,0,11000,-126000,-115000
2013/01/29,0,50000,0,50000
2013/01/30,0,77000,-29000,48000
2013/01/31,0,0,-49000,-49000
2013/02/01,0,45000,-2000,43000
2013/02/04,0,132000,0,132000
2013/02/05,0,238000,0,238000
2013/02/06,0,170000,-192000,-22000
2013/02/07,0,0,0,0
2013/02/08,0,0,0,0
2013/02/11,0,0,0,0
2013/02/12,0,0,0,0
2013/02/13,0,0,0,0
2013/02/14,0,0,0,0
2013/02/15,0,0,0,0
2013/02/18,0,161000,-11000,150000
2013/02/19,0,24000,-14000,10000
2013/02/20,0,209000,-18000,191000
2013/02/21,0,119000,-8000,111000
2013/02/22,0,125000,-9000,116000
2013/02/25,0,66000,-61000,5000
2013/02/26,0,4000,-12000,-8000
2013/02/27,0,49000,-39000,10000
2013/02/28,0,0,0,0
2013/03/01,0,27000,-8000,19000
2013/03/04,0,8000,-45000,-37000
2013/03/05,0,5000,-39000,-34000
2013/03/06,0,14000,-2000,12000
2013/03/07,0,73000,-3000,70000
2013/03/08,0,4000,-3000,1000
2013/03/11,0,64000,-26000,38000
2013/03/12,0,10000,-79000,-69000
2013/03/13,0,13000,-4000,9000
2013/03/14,0,0,-7000,-7000
2013/03/15,0,2000,-15000,-13000
2013/03/18,0,12000,-31000,-19000
2013/03/19,0,7000,-15000,-8000
2013/03/20,0,2000,-40000,-38000
2013/03/21,0,7000,-1000,6000
2013/03/22,0,3000,-1000,2000
2013/03/25,0,3000,0,3000
2013/03/26,0,2000,-9000,-7000
2013/03/27,0,10000,-49000,-39000
2013/03/28,0,0,-142000,-142000
2013/03/29,0,40000,0,40000
2013/04/01,0,1000,-58000,-57000
2013/04/02,0,0,-52000,-52000
2013/04/03,0,2000,-17000,-15000
2013/04/04,0,0,0,0
2013/04/05,0,0,0,0
2013/04/08,0,14000,-144000,-130000
2013/04/09,0,15000,-37000,-22000
2013/04/10,0,38000,-17000,21000
2013/04/11,0,60000,0,60000
2013/04/12,0,23000,0,23000
2013/04/15,0,6000,-51000,-45000
2013/04/16,0,82000,0,82000
2013/04/17,0,56000,-1000,55000
2013/04/18,0,32000,-28000,4000
2013/04/19,0,4000,-58000,-54000
2013/04/22,0,4000,-39000,-35000
2013/04/23,0,9000,0,9000
2013/04/24,0,17000,-36000,-19000
2013/04/25,0,0,-1000,-1000
2013/04/26,0,10000,0,10000
2013/04/29,0,3000,-13000,-10000
2013/04/30,0,1000,-42000,-41000
2013/05/01,0,0,0,0
2013/05/02,0,16000,-29000,-13000
2013/05/03,0,0,-7000,-7000
2013/05/06,0,5000,-6000,-1000
2013/05/07,0,0,-17000,-17000
2013/05/08,0,23713,-7000,16713
2013/05/09,0,18000,-13426,4574
2013/05/10,0,39000,-43000,-4000
2013/05/13,0,5000,-32000,-27000
2013/05/14,0,8000,-15000,-7000
2013/05/15,0,24000,-7000,17000
2013/05/16,0,41000,-38000,3000
2013/05/17,0,36000,-19000,17000
2013/05/20,0,11000,-2000,9000
2013/05/21,0,35000,-27000,8000
2013/05/22,0,88000,0,88000
2013/05/23,0,66000,-11000,55000
2013/05/24,0,19000,-11000,8000
2013/05/27,0,135000,-17000,118000
2013/05/28,0,140000,-9000,131000
2013/05/29,0,1594000,-25000,1569000
2013/05/30,0,48000,-148000,-100000
2013/05/31,0,48000,-1357000,-1309000
2013/06/03,0,18000,-309000,-291000
2013/06/04,0,58000,0,58000
2013/06/05,0,118000,-45000,73000
2013/06/06,0,55000,-14000,41000
2013/06/07,0,12000,-274000,-262000
2013/06/10,0,854000,-1000,853000
2013/06/11,0,99000,-51000,48000
2013/06/12,0,0,0,0
2013/06/13,0,109000,-12000,97000
2013/06/14,0,125000,-25000,100000
2013/06/17,0,118000,-156000,-38000
2013/06/18,0,122000,-386000,-264000
2013/06/19,0,11000,-699000,-688000
2013/06/20,0,14000,-89000,-75000
2013/06/21,0,74000,-51000,23000
2013/06/24,0,269000,-62000,207000
2013/06/25,0,18000,-147000,-129000
2013/06/26,0,71000,-250000,-179000
2013/06/27,0,45000,-27000,18000
2013/06/28,0,20000,-43000,-23000
2013/07/01,0,57000,-154000,-97000
2013/07/02,0,29000,-261748,-232748
2013/07/03,0,236000,-126000,110000
2013/07/04,0,117000,-62000,55000
2013/07/05,0,100000,-47000,53000
2013/07/08,0,0,-261000,-261000
2013/07/09,0,99000,-138000,-39000
2013/07/10,0,100000,-134000,-34000
2013/07/11,0,427000,-189000,238000
2013/07/12,0,69000,-46000,23000
2013/07/15,0,59000,-122000,-63000
2013/07/16,0,138000,-7000,131000
2013/07/17,0,4055000,-133000,3922000
2013/07/18,0,2213000,-305000,1908000
2013/07/19,0,26000,-105000,-79000
2013/07/22,0,91000,-3000,88000
2013/07/23,0,1583000,-284000,1299000
2013/07/24,0,1204000,-158000,1046000
2013/07/25,0,12000,-131000,-119000
2013/07/26,0,800000,-22000,778000
2013/07/29,0,34000,-104000,-70000
2013/07/30,0,407000,-347000,60000
2013/07/31,0,295000,-163000,132000
2013/08/01,0,418000,-382000,36000
2013/08/02,0,16000,-455000,-439000
2013/08/05,0,731000,-4000,727000
2013/08/06,0,236000,-293000,-57000
2013/08/07,0,218000,-91000,127000
2013/08/08,0,876000,-113000,763000
2013/08/09,0,199000,-360000,-161000
2013/08/12,0,140000,-197000,-57000
2013/08/13,0,99000,-2128000,-2029000
2013/08/14,0,433000,-158000,275000
2013/08/15,0,464000,0,464000
2013/08/16,0,392000,-69000,323000
2013/08/19,0,77000,-133000,-56000
2013/08/20,0,159000,-374000,-215000
2013/08/21,0,0,0,0
2013/08/22,0,1147000,-219000,928000
2013/08/23,0,273000,-121000,152000
2013/08/26,0,69000,-110000,-41000
2013/08/27,0,98000,-467000,-369000
2013/08/28,0,58000,-199000,-141000
2013/08/29,0,3000,-128000,-125000
2013/08/30,0,0,-146000,-146000
2013/09/02,0,62000,-158000,-96000
2013/09/03,0,19000,-1955000,-1936000
2013/09/04,0,425000,-46000,379000
2013/09/05,0,38000,-52000,-14000
2013/09/06,0,317000,-273000,44000
2013/09/09,0,475000,-825000,-350000
2013/09/10,0,1816000,-412000,1404000
2013/09/11,0,93000,-37000,56000
2013/09/12,0,6000,-149000,-143000
2013/09/13,0,12000,-15000,-3000
2013/09/16,0,192000,-626000,-434000
2013/09/17,0,36000,-59000,-23000
2013/09/18,0,64000,-123000,-59000
2013/09/19,0,0,0,0
2013/09/20,0,0,0,0
2013/09/23,0,711000,-98000,613000
2013/09/24,0,246200,-46000,200200
2013/09/25,0,320000,-261000,59000
2013/09/26,0,4000,-316000,-312000
2013/09/27,0,43000,-121000,-78000
2013/09/30,0,190000,-82000,108000
2013/10/01,0,50000,-538000,-488000
2013/10/02,0,3629150,-1861000,1768150
2013/10/03,0,518000,-2444000,-1926000
2013/10/04,0,435000,-44000,391000
2013/10/07,0,457000,-51000,406000
2013/10/08,0,167000,-508000,-341000
2013/10/09,0,293000,-63000,230000
2013/10/10,0,0,0,0
2013/10/11,0,596000,-946000,-350000
2013/10/14,0,289000,-241000,48000
2013/10/15,0,530000,-364000,166000
2013/10/16,0,364000,-111000,253000
2013/10/17,0,884000,-136000,748000
2013/10/18,0,109000,-515000,-406000
2013/10/21,0,372000,-342000,30000
2013/10/22,0,673000,-413000,260000
2013/10/23,0,369000,-430000,-61000
2013/10/24,0,379000,-127000,252000
2013/10/25,0,439000,-41000,398000
2013/10/28,0,497000,-5000,492000
2013/10/29,0,190000,-31000,159000
2013/10/30,0,15000,-150000,-135000
2013/10/31,0,317000,-128000,189000
2013/11/01,0,401000,-26000,375000
2013/11/04,0,226000,-398000,-172000
2013/11/05,0,645000,-39000,606000
2013/11/06,0,236000,-24000,212000
2013/11/07,0,250000,-811000,-561000
2013/11/08,0,410000,-695000,-285000
2013/11/11,0,110000,-319000,-209000
2013/11/12,0,88000,-516000,-428000
2013/11/13,0,196000,-241000,-45000
2013/11/14,0,169000,-209000,-40000
2013/11/15,0,196000,-50000,146000
2013/11/18,0,207000,-70000,137000
2013/11/19,0,412000,-463000,-51000
2013/11/20,0,386000,-829000,-443000
2013/11/21,0,183000,-418000,-235000
2013/11/22,0,5000,-223000,-218000
2013/11/25,0,237000,-126000,111000
2013/11/26,0,3754000,-597000,3157000
2013/11/27,0,1344100,-761000,583100
2013/11/28,0,111000,-64000,47000
2013/11/29,0,112000,-466000,-354000
2013/12/02,0,754000,-54000,700000
2013/12/03,0,704000,-1034000,-330000
2013/12/04,0,649000,-940000,-291000
2013/12/05,0,8000,-494651,-486651
2013/12/06,0,23000,-1464000,-1441000
2013/12/09,0,141000,-359000,-218000
2013/12/10,0,211000,-993350,-782350
2013/12/11,0,405000,-802052,-397052
2013/12/12,0,22747,-105898,-83151
2013/12/13,0,32000,-97000,-65000
2013/12/16,0,12001,-59000,-46999
2013/12/17,0,143000,-349798,-206798
2013/12/18,0,29000,-120001,-91001
2013/12/19,0,17000,-245000,-228000
2013/12/20,0,35337,-396000,-360663
2013/12/23,0,23000,-144000,-121000
2013/12/24,0,50014,-55000,-4986
2013/12/25,0,35000,-81000,-46000
2013/12/26,0,106000,-4100,101900
2013/12/27,0,37000,-14000,23000
2013/12/30,0,667000,-9004,657996
2013/12/31,0,152000,-139000,13000
2014/01/02,0,272000,-33000,239000
2014/01/03,0,20000,-102363,-82363
2014/01/06,0,23000,-95000,-72000
2014/01/07,0,166000,-362000,-196000
2014/01/08,0,401000,-83000,318000
2014/01/09,0,151000,-608000,-457000
2014/01/10,0,283000,-90000,193000
2014/01/13,0,272000,-177000,95000
2014/01/14,0,443000,-391000,52000
2014/01/15,0,683000,-474000,209000
2014/01/16,0,141000,-39000,102000
2014/01/17,0,6000,-116000,-110000
2014/01/20,0,2000,-44000,-42000
2014/01/21,0,34000,-192000,-158000
2014/01/22,0,0,-67000,-67000
2014/01/23,0,81000,-31000,50000
2014/01/24,0,5000,-88000,-83000
2014/01/27,0,32000,-84000,-52000
2014/02/05,0,1140000,-868000,272000
2014/02/06,0,1027000,-404805,622195
2014/02/07,0,616000,-115238,500762
2014/02/10,0,481000,-57000,424000
2014/02/11,0,1633000,-86000,1547000
2014/02/12,0,376158,-135000,241158
2014/02/13,0,742675,-839000,-96325
2014/02/14,0,346000,-5000,341000
2014/02/17,0,295000,-45000,250000
2014/02/18,0,59000,-33000,26000
2014/02/19,0,6415000,-864000,5551000
2014/02/20,0,3858000,-597000,3261000
2014/02/21,0,438000,-97000,341000
2014/02/24,0,348000,-507000,-159000
2014/02/25,0,102000,-11155,90845
2014/02/26,0,708000,-155368,552632
2014/02/27,0,845000,-76000,769000
2014/03/03,0,2469675,-200000,2269675
2014/03/04,0,373000,-185000,188000
2014/03/05,0,439191,-137000,302191
2014/03/06,0,718223,-883786,-165563
2014/03/07,0,2524340,-167000,2357340
2014/03/10,0,795000,0,795000
2014/03/11,0,1137241,-143000,994241
2014/03/12,0,556659,-145000,411659
2014/03/13,0,616000,-58000,558000
2014/03/14,0,155000,-1000,154000
2014/03/17,0,37000,-557000,-520000
2014/03/18,0,286000,-3000,283000
2014/03/19,0,284752,-24000,260752
2014/03/20,0,531993,-497000,34993
2014/03/21,0,213620,-12000,201620
2014/03/24,0,506790,-42000,464790
2014/03/25,0,327538,-333000,-5462
2014/03/26,0,417821,-132000,285821
2014/03/27,0,566863,-8000,558863
2014/03/28,0,507000,-42000,465000
2014/03/31,0,387000,-96000,291000
2014/04/01,0,265000,-278572,-13572
2014/04/02,0,381000,-1000,380000
2014/04/03,0,2474000,-29000,2445000
2014/04/07,0,337000,-121675,215325
2014/04/08,0,74658,-21000,53658
2014/04/09,0,4000,-21103,-17103
2014/04/10,0,147000,-134000,13000
2014/04/11,0,61000,-128000,-67000
2014/04/14,0,76000,-970000,-894000
2014/04/15,0,753406,-288000,465406
2014/04/16,0,420000,-42000,378000
2014/04/17,0,31000,-20000,11000
2014/04/18,0,1000,-49000,-48000
2014/04/21,0,23000,-16000,7000
2014/04/22,0,55000,-46000,9000
2014/04/23,0,89000,-55000,34000
2014/04/24,0,16000,-10000,6000
2014/04/25,0,41000,-135000,-94000
2014/04/28,0,126000,-250000,-124000
2014/04/29,0,11000,-259000,-248000
2014/04/30,0,14000,-352000,-338000
2014/05/02,0,544183,-127000,417183
2014/05/05,0,169000,-122000,47000
2014/05/06,0,35000,-122000,-87000
2014/05/07,0,103000,-9000,94000
2014/05/08,0,60000,-1698000,-1638000
2014/05/09,0,104000,-2179545,-2075545
2014/05/12,0,103000,-257000,-154000
2014/05/13,0,296241,-279000,17241
2014/05/14,0,98000,-279000,-181000
2014/05/15,0,147000,-315000,-168000
2014/05/16,0,245000,-947000,-702000
2014/05/19,0,996169,-412984,583185
2014/05/20,0,29992,-292051,-262059
2014/05/21,0,516433,-180000,336433
2014/05/22,0,516000,-233000,283000
2014/05/23,0,1000,-265000,-264000
2014/05/26,0,10000,-170000,-160000
2014/05/27,0,140000,-161000,-21000
2014/05/28,0,30000,-77000,-47000
2014/05/29,0,266000,-59640,206360
2014/05/30,0,864000,-92000,772000
2014/06/03,0,340000,-165000,175000
2014/06/04,0,307000,-201000,106000
2014/06/05,0,4000,-35000,-31000
2014/06/06,0,32000,-10000,22000
2014/06/09,0,432000,-53000,379000
2014/06/10,0,2082549,-139000,1943549
2014/06/11,0,265325,-384000,-118675
2014/06/12,0,158000,-73000,85000
2014/06/13,0,1492000,-327000,1165000
2014/06/16,0,249000,-104000,145000
2014/06/17,0,231000,-101000,130000
2014/06/18,0,444000,-298000,146000
2014/06/19,0,212000,-116000,96000
2014/06/20,0,220000,-339000,-119000
2014/06/23,0,105000,-236000,-131000
2014/06/24,0,144000,-114000,30000
2014/06/25,0,48000,-51000,-3000
2014/06/26,0,54000,-74000,-20000
2014/06/27,0,29000,-230000,-201000
2014/06/30,0,9000,-56000,-47000
2014/07/01,0,110000,-109000,1000
2014/07/02,0,230000,-703000,-473000
2014/07/03,0,54000,-74000,-20000
2014/07/04,0,83000,-425000,-342000
2014/07/07,0,5000,-209000,-204000
2014/07/08,0,131000,-787000,-656000
2014/07/09,0,125000,-1551000,-1426000
2014/07/10,0,56000,-349000,-293000
2014/07/11,0,62000,-54000,8000
2014/07/14,0,428000,-542000,-114000
2014/07/15,0,516000,-381000,135000
2014/07/16,0,30000,-830000,-800000
2014/07/17,0,48000,-441000,-393000
2014/07/18,0,31000,-793000,-762000
2014/07/21,0,371000,-10000,361000
2014/07/22,0,126000,-4000,122000
2014/07/23,0,0,0,0
2014/07/24,0,1873000,-40000,1833000
2014/07/25,0,1930000,-48000,1882000
2014/07/28,0,336000,-102000,234000
2014/07/29,0,528000,-1132000,-604000
2014/07/30,0,376000,-620000,-244000
2014/07/31,0,506000,-970000,-464000
2014/08/01,0,400555,-612000,-211445
2014/08/04,0,105000,-279000,-174000
2014/08/05,0,140000,-383000,-243000
2014/08/06,0,86000,-1242000,-1156000
2014/08/07,0,44000,-380000,-336000
2014/08/08,0,153000,-305000,-152000
2014/08/11,0,562000,-693000,-131000
2014/08/12,0,243000,-244000,-1000
2014/08/13,0,1031626,-25000,1006626
2014/08/14,0,38000,-421000,-383000
2014/08/15,0,696000,-95000,601000
2014/08/18,0,851000,-100000,751000
2014/08/19,0,469000,-58000,411000
2014/08/20,0,247000,-4000,243000
2014/08/21,0,239000,-13000,226000
2014/08/22,0,335000,-30000,305000
2014/08/25,0,79000,-101000,-22000
2014/08/26,0,854000,-22000,832000
2014/08/27,0,229000,-137000,92000
2014/08/28,0,715800,-281000,434800
2014/08/29,0,249000,-193103,55897
2014/09/01,0,204000,-191000,13000
2014/09/02,0,516000,-321000,195000
2014/09/03,0,556000,-75000,481000
2014/09/04,0,586000,-141000,445000
2014/09/05,0,1100000,-440000,660000
2014/09/09,0,960000,-311000,649000
2014/09/10,0,474000,-256000,218000
2014/09/11,0,237000,-1024000,-787000
2014/09/12,0,867000,-621020,245980
2014/09/15,0,578000,-95000,483000
2014/09/16,0,1877000,-299821,1577179
2014/09/17,0,1218000,-213000,1005000
2014/09/18,0,1935000,-132000,1803000
2014/09/19,0,2018217,-1693478,324739
2014/09/22,0,1013346,-1604973,-591627
2014/09/23,0,847000,-1551293,-704293
2014/09/24,0,567537,-371191,196346
2014/09/25,0,488000,-1945064,-1457064
2014/09/26,0,323000,-65000,258000
2014/09/29,0,207000,-849956,-642956
2014/09/30,0,197000,-382000,-185000
2014/10/01,0,166332,-682000,-515668
2014/10/02,0,134000,-496000,-362000
2014/10/03,0,1674000,-452000,1222000
2014/10/06,0,1944000,-91000,1853000
2014/10/07,0,428000,-712370,-284370
2014/10/08,0,1265109,-334516,930593
2014/10/09,0,1970135,-4175522,-2205387
2014/10/13,0,1869542,-295634,1573908
2014/10/14,0,244000,-308582,-64582
2014/10/15,0,338000,-892045,-554045
2014/10/16,0,147296,-157736,-10440
2014/10/17,0,537000,-496000,41000
2014/10/20,0,473000,-271880,201120
2014/10/21,0,488135,-54000,434135
2014/10/22,0,253827,-237029,16798
2014/10/23,0,176000,-117000,59000
2014/10/24,0,96000,-230000,-134000
2014/10/27,0,359000,-1139644,-780644
2014/10/28,0,909000,-926000,-17000
2014/10/29,0,359000,-630000,-271000
2014/10/30,0,136000,-52000,84000
2014/10/31,0,102000,-551000,-449000
2014/11/03,0,155546,-548826,-393280
2014/11/04,0,202000,-177000,25000
2014/11/05,0,231000,-132478,98522
2014/11/06,0,374186,-397000,-22814
2014/11/07,0,1310286,-113652,1196634
2014/11/10,0,1741013,-433000,1308013
2014/11/11,0,1009000,-308000,701000
2014/11/12,0,796000,-519000,277000
2014/11/13,0,989319,-144000,845319
2014/11/14,0,205000,-62000,143000
2014/11/17,0,154000,-70000,84000
2014/11/18,0,1198146,-121000,1077146
2014/11/19,0,338000,-9000,329000
2014/11/20,0,1498000,-2000,1496000
2014/11/21,0,691000,-152003,538997
2014/11/24,0,89000,-33000,56000
2014/11/25,0,232000,-31165,200835
2014/11/26,0,668338,-57000,611338
2014/11/27,0,596135,-206630,389505
2014/11/28,0,34000,-26000,8000
2014/12/01,0,227000,-86505,140495
2014/12/02,0,456000,-187000,269000
2014/12/03,0,315000,-59000,256000
2014/12/04,0,45000,-93000,-48000
2014/12/05,0,420151,-45000,375151
2014/12/08,0,1012538,-171437,841101
2014/12/09,0,285000,-267000,18000
2014/12/10,0,161000,-107000,54000
2014/12/11,0,553000,-89000,464000
2014/12/12,0,30000,-146000,-116000
2014/12/15,0,90000,-146000,-56000
2014/12/16,0,167431,-92000,75431
2014/12/17,0,69000,-240000,-171000
2014/12/18,0,41000,-245000,-204000
2014/12/19,0,62000,-218000,-156000
2014/12/22,0,909000,-72000,837000
2014/12/23,0,125409,-284000,-158591
2014/12/24,0,73308,-233000,-159692
2014/12/25,0,17000,-142000,-125000
2014/12/26,0,23000,-248000,-225000
2014/12/29,0,33000,-131000,-98000
2014/12/30,0,262000,-164776,97224
2014/12/31,0,34000,-260000,-226000
2015/01/01,0,0,0,0
2015/01/02,0,0,0,0
2015/01/05,0,253000,-54000,199000
2015/01/06,0,282137,-227000,55137
2015/01/07,0,47000,-113000,-66000
2015/01/08,0,57299,-73156,-15857
2015/01/09,0,470000,-24000,446000
2015/01/12,0,342002,-128000,214002
2015/01/13,0,1196985,-372000,824985
2015/01/14,0,466000,-520000,-54000
2015/01/15,0,226000,-281000,-55000
2015/01/16,0,53000,-313769,-260769
2015/01/19,0,54001,-737000,-682999
2015/01/20,0,43360,-550000,-506640
2015/01/21,0,85000,-371543,-286543
2015/01/22,0,27000,-1313000,-1286000
2015/01/23,0,25000,-403000,-378000
2015/01/26,0,70000,-138000,-68000
2015/01/27,0,1050000,-48200,1001800
2015/01/28,0,2131208,-255000,1876208
2015/01/29,0,616791,-128000,488791
2015/01/30,0,149323,-50285,99038
2015/02/02,0,94000,-83600,10400
2015/02/03,0,1788000,-96000,1692000
2015/02/04,0,1117000,-266000,851000
2015/02/05,0,1330000,-177000,1153000
2015/02/06,0,353000,-334000,19000
2015/02/09,0,160000,-24000,136000
2015/02/10,0,145000,-28000,117000
2015/02/11,0,1143000,-22000,1121000
2015/02/12,0,1710500,-14000,1696500
2015/02/13,0,281000,-16000,265000
2015/02/16,0,0,0,0
2015/02/17,0,0,0,0
2015/02/18,0,0,0,0
2015/02/19,0,0,0,0
2015/02/20,0,0,0,0
2015/02/23,0,0,0,0
2015/02/24,0,584638,-184000,400638
2015/02/25,0,464000,-251000,213000
2015/02/26,0,283000,-14000,269000
2015/02/27,0,0,0,0
2015/03/02,0,289000,-120000,169000
2015/03/03,0,122000,-14000,108000
2015/03/04,0,196000,-294000,-98000
2015/03/05,0,1006000,-316000,690000
2015/03/06,0,856000,-69000,787000
2015/03/09,0,3000,-300000,-297000
2015/03/10,0,67000,-78000,-11000
2015/03/11,0,554000,-251000,303000
2015/03/12,0,68000,-38000,30000
2015/03/13,0,57200,-208000,-150800
2015/03/16,0,593000,-57000,536000
2015/03/17,0,160000,-166000,-6000
2015/03/18,0,354000,-43785,310215
2015/03/19,0,2275000,-25000,2250000
2015/03/20,0,220341,-525000,-304659
2015/03/23,0,113000,-593000,-480000
2015/03/24,0,133000,-498000,-365000
2015/03/25,0,37000,-118185,-81185
2015/03/26,0,262000,-143000,119000
2015/03/27,0,128349,-60000,68349
2015/03/30,0,274100,-124000,150100
2015/03/31,0,828049,-65250,762799
2015/04/01,0,277200,-76100,201100
2015/04/02,0,554000,-68000,486000
2015/04/03,0,0,0,0
2015/04/06,0,0,0,0
2015/04/07,0,357000,-79000,278000
2015/04/08,0,710000,-619000,91000
2015/04/09,0,230000,-381000,-151000
2015/04/10,0,78000,-170664,-92664
2015/04/13,0,157000,-90000,67000
2015/04/14,0,472315,-386000,86315
2015/04/15,0,76000,-97000,-21000
2015/04/16,0,464000,-104300,359700
2015/04/17,0,218359,-82000,136359
2015/04/20,0,345557,-68000,277557
2015/04/21,0,80000,-1079000,-999000
2015/04/22,0,842000,-643000,199000
2015/04/23,0,281000,-103000,178000
2015/04/24,0,186000,-549000,-363000
2015/04/27,0,1101000,-72000,1029000
2015/04/28,0,845000,-147000,698000
2015/04/29,0,598000,-512000,86000
2015/04/30,0,604106,-1568000,-963894
2015/05/01,0,0,0,0
2015/05/04,0,938000,-668298,269702
2015/05/05,0,261650,-94000,167650
2015/05/06,0,473000,-43000,430000
2015/05/07,0,539914,-345000,194914
2015/05/08,0,1571748,-628000,943748
2015/05/11,0,482464,-338000,144464
2015/05/12,0,1070000,-70857,999143
2015/05/13,0,283000,-1264000,-981000
2015/05/14,0,2018469,-16000,2002469
2015/05/15,0,1042050,-233000,809050
2015/05/18,0,390025,-3367000,-2976975
2015/05/19,0,564000,-213915,350085
2015/05/20,0,351951,-168000,183951
2015/05/21,0,502000,-235050,266950
2015/05/22,0,927000,-1043815,-116815
2015/05/25,0,384000,-198000,186000
2015/05/26,0,360000,-287000,73000
2015/05/27,0,868000,-189000,679000
2015/05/28,0,196623,-235000,-38377
2015/05/29,0,468000,-97000,371000
2015/06/01,0,2095529,-456000,1639529
2015/06/02,0,707000,-2226596,-1519596
2015/06/03,0,121700,-250000,-128300
2015/06/04,0,763695,-1031774,-268079
2015/06/05,0,1629000,-385000,1244000
2015/06/08,0,1265000,-909600,355400
2015/06/09,0,3191000,-1241847,1949153
2015/06/10,0,1908000,-633000,1275000
2015/06/11,0,1758605,-2262693,-504088
2015/06/12,0,1984000,-996800,987200
2015/06/15,0,784793,-281000,503793
2015/06/16,0,1235000,-438000,797000
2015/06/17,0,920871,-1131725,-210854
2015/06/18,0,1755398,-1013216,742182
2015/06/19,0,0,0,0
2015/06/22,0,327000,-858613,-531613
2015/06/23,0,257222,-1645162,-1387940
2015/06/24,0,318000,-465000,-147000
2015/06/25,0,259000,-150668,108332
2015/06/26,0,160293,-61000,99293
2015/06/29,0,165000,-645902,-480902
2015/06/30,0,765000,-716612,48388
2015/07/01,0,871000,-729000,142000
2015/07/02,0,604000,-697058,-93058
2015/07/03,0,470167,-386000,84167
2015/07/06,0,767000,-1161221,-394221
2015/07/07,0,1139000,-842949,296051
2015/07/08,0,2424000,-2491010,-67010
2015/07/09,0,3956830,-5668767,-1711937
2015/07/10,0,0,0,0
2015/07/13,0,2230054,-530000,1700054
2015/07/14,0,1503095,-558232,944863
2015/07/15,0,416810,-1266072,-849262
2015/07/16,0,685000,-931200,-246200
2015/07/17,0,759393,-467200,292193
2015/07/20,0,1229000,-320120,908880
2015/07/21,0,2161548,-431000,1730548
2015/07/22,0,636700,-756000,-119300
2015/07/23,0,1683000,-1188000,495000
2015/07/24,0,2613000,-877124,1735876
2015/07/27,0,809376,-792956,16420
2015/07/28,0,945000,-2058076,-1113076
2015/07/29,0,1571000,-443150,1127850
2015/07/30,0,143000,-459000,-316000
2015/07/31,0,960775,-430000,530775
2015/08/03,0,217000,-1081000,-864000
2015/08/04,0,565000,-911000,-346000
2015/08/05,0,463000,-312000,151000
2015/08/06,0,1439000,-1597000,-158000
2015/08/07,0,1385000,-714986,670014
2015/08/10,0,1049000,-322089,726911
2015/08/11,0,960000,-968000,-8000
2015/08/12,0,932000,-310000,622000
2015/08/13,0,2491000,-2353028,137972
2015/08/14,0,2028000,-194000,1834000
2015/08/17,0,917000,-892000,25000
2015/08/18,0,2558856,-1049000,1509856
2015/08/19,0,768710,-1099478,-330768
2015/08/20,0,182000,-544000,-362000
2015/08/21,0,311000,-522000,-211000
2015/08/24,0,432000,-781000,-349000
2015/08/25,0,770800,-1164700,-393900
2015/08/26,0,584000,-741000,-157000
2015/08/27,0,135000,-417000,-282000
2015/08/28,0,636000,-168508,467492
2015/08/31,0,243000,-447449,-204449
2015/09/01,0,111000,-257760,-146760
2015/09/02,0,514000,-366000,148000
2015/09/03,0,1998000,-383000,1615000
2015/09/04,0,1030000,-519808,510192
2015/09/07,0,72000,-189000,-117000
2015/09/08,0,1007000,-225000,782000
2015/09/09,0,616001,-252441,363560
2015/09/10,0,258000,-488424,-230424
2015/09/11,0,855000,-1184000,-329000
2015/09/14,0,983000,-215809,767191
2015/09/15,0,869000,-250000,619000
2015/09/16,0,314000,-431694,-117694
2015/09/17,0,885000,-871672,13328
2015/09/18,0,1012000,-107000,905000
2015/09/21,0,243000,-602381,-359381
2015/09/22,0,124000,-599000,-475000
2015/09/23,0,908000,-1195000,-287000
2015/09/24,0,1505000,-657000,848000
2015/09/25,0,765028,-327000,438028
2015/09/28,0,0,0,0
2015/09/29,0,0,0,0
2015/09/30,0,1675281,-891253,784028
2015/10/01,0,813298,-510612,302686
2015/10/02,0,2157000,-191000,1966000
2015/10/05,0,1435000,-633000,802000
2015/10/06,0,432000,-852620,-420620
2015/10/07,0,135000,-1162914,-1027914
2015/10/08,0,969301,-1142000,-172699
2015/10/09,0,0,0,0
2015/10/12,0,691342,-1134000,-442658
2015/10/13,0,382000,-624000,-242000
2015/10/14,0,282000,-303000,-21000
2015/10/15,0,1035000,-1500977,-465977
2015/10/16,0,473000,-1193747,-720747
2015/10/19,0,1161000,-1443000,-282000
2015/10/20,0,977837,-685269,292568
2015/10/21,0,997000,-1060000,-63000
2015/10/22,0,677000,-955440,-278440
2015/10/23,0,1132000,-2050000,-918000
2015/10/26,0,338000,-565952,-227952
2015/10/27,0,393600,-541300,-147700
2015/10/28,0,543000,-656288,-113288
2015/10/29,0,1671000,-487000,1184000
2015/10/30,0,1368000,-1528606,-160606
2015/11/02,0,516000,-282000,234000
2015/11/03,0,761000,-337000,424000
2015/11/04,0,1963700,-261894,1701806
2015/11/05,0,1882000,-1000168,881832
2015/11/06,0,1217200,-122151,1095049
2015/11/09,0,4346000,-552000,3794000
2015/11/10,0,1091000,-107400,983600
2015/11/11,0,2625000,-725000,1900000
2015/11/12,0,2620926,-1236000,1384926
2015/11/13,0,847000,-1351100,-504100
2015/11/16,0,1182000,-406400,775600
2015/11/17,0,1737000,-1047000,690000
2015/11/18,0,424260,-346000,78260
2015/11/19,0,425000,-896000,-471000
2015/11/20,0,975000,-707000,268000
2015/11/23,0,657447,-758000,-100553
2015/11/24,0,789000,-1389499,-600499
2015/11/25,0,1054000,-1069435,-15435
2015/11/26,0,381000,-1037000,-656000
2015/11/27,0,1039934,-954000,85934
2015/11/30,0,943000,-947000,-4000
2015/12/01,0,1695000,-796175,898825
2015/12/02,0,1083000,-1153000,-70000
2015/12/03,0,696000,-327000,369000
2015/12/04,0,896730,-1144000,-247270
2015/12/07,0,400750,-722000,-321250
2015/12/08,0,506000,-420000,86000
2015/12/09,0,773000,-682000,91000
2015/12/10,0,443000,-714000,-271000
2015/12/11,0,668000,-394000,274000
2015/12/14,0,313754,-530000,-216246
2015/12/15,0,299000,-607440,-308440
2015/12/16,0,224000,-61000,163000
2015/12/17,0,1281000,-618000,663000
2015/12/18,0,544306,-503000,41306
2015/12/21,0,351000,-1633082,-1282082
2015/12/22,0,747000,-1181000,-434000
2015/12/23,0,486000,-1043764,-557764
2015/12/24,0,279620,-306000,-26380
2015/12/25,0,43000,-374000,-331000
2015/12/28,0,87000,-214000,-127000
2015/12/29,0,426570,-231322,195248
2015/12/30,0,182433,-359823,-177390
2015/12/31,0,348000,-428000,-80000
2016/01/01,0,0,0,0
2016/01/04,0,159000,-598000,-439000
2016/01/05,0,2167000,-700000,1467000
2016/01/06,0,458540,-569000,-110460
2016/01/07,0,966758,-416000,550758
2016/01/08,0,683000,-185000,498000
2016/01/11,0,280000,-254000,26000
2016/01/12,0,566000,-722000,-156000
2016/01/13,0,300000,-154000,146000
2016/01/14,0,990432,-3084000,-2093568
2016/01/15,0,1783000,-1164241,618759
2016/01/18,0,2387000,-2457000,-70000
2016/01/19,0,1433000,-698600,734400
2016/01/20,0,1287000,-225000,1062000
2016/01/21,0,511241,-697000,-185759
2016/01/22,0,3418000,-607000,2811000
2016/01/25,0,1240800,-863000,377800
2016/01/26,0,1246000,-383000,863000
2016/01/27,0,1353747,-632842,720905
2016/01/28,0,618000,-613000,5000
2016/01/29,0,813122,-640400,172722
2016/02/01,0,318648,-300000,18648
2016/02/02,0,395000,-371600,23400
2016/02/03,0,478988,-858000,-379012
2016/02/04,0,0,0,0
2016/02/05,0,0,0,0
2016/02/08,0,0,0,0
2016/02/09,0,0,0,0
2016/02/10,0,0,0,0
2016/02/11,0,0,0,0
2016/02/12,0,0,0,0
2016/02/15,0,976000,-1831000,-855000
2016/02/16,0,331000,-1837989,-1506989
2016/02/17,0,429000,-657029,-228029
2016/02/18,0,603000,-1134481,-531481
2016/02/19,0,368600,-348000,20600
2016/02/22,0,62000,-376000,-314000
2016/02/23,0,248747,-959638,-710891
2016/02/24,0,263000,-245000,18000
2016/02/25,0,96398,-386000,-289602
2016/02/26,0,213241,-345846,-132605
2016/02/29,0,0,0,0
2016/03/01,0,1357070,-798160,558910
2016/03/02,0,801000,-890000,-89000
2016/03/03,0,192336,-2346000,-2153664
2016/03/04,0,627000,-2277000,-1650000
2016/03/07,0,460000,-2820000,-2360000
2016/03/08,0,162000,-821000,-659000
2016/03/09,0,1155000,-1421000,-266000
2016/03/10,0,528000,-649000,-121000
2016/03/11,0,649000,-438000,211000
2016/03/14,0,106000,-961841,-855841
2016/03/15,0,873000,-641134,231866
2016/03/16,0,696000,-809000,-113000
2016/03/17,0,870543,-695000,175543
2016/03/18,0,1152634,-1325400,-172766
2016/03/21,0,1839000,-586000,1253000
2016/03/22,0,951747,-570600,381147
2016/03/23,0,1729000,-461000,1268000
2016/03/24,0,1226000,-466000,760000
2016/03/25,0,783000,-73000,710000
2016/03/28,0,835000,-84000,751000
2016/03/29,0,814000,-330000,484000
2016/03/30,0,843000,-423000,420000
2016/03/31,0,2467321,-186320,2281001
2016/04/01,0,1755023,-713600,1041423
2016/04/04,0,0,0,0
2016/04/05,0,0,0,0
2016/04/06,0,2976596,-2123000,853596
2016/04/07,0,677000,-1967720,-1290720
2016/04/08,0,844000,-1502400,-658400
2016/04/11,0,1048000,-2818000,-1770000
2016/04/12,0,1423000,-2524816,-1101816
2016/04/13,0,1274000,-601498,672502
2016/04/14,0,446000,-744000,-298000
2016/04/15,0,363000,-280000,83000
2016/04/18,0,292000,-1515000,-1223000
2016/04/19,0,1732546,-529059,1203487
2016/04/20,0,1416789,-1003000,413789
2016/04/21,0,1210000,-923000,287000
2016/04/22,0,1287000,-1140000,147000
2016/04/25,0,490728,-276000,214728
2016/04/26,0,249364,-447530,-198166
2016/04/27,0,419600,-825113,-405513
2016/04/28,0,242000,-353000,-111000
2016/04/29,0,2023000,-1670047,352953
2016/05/02,0,0,0,0
2016/05/03,0,2310450,-1942170,368280
2016/05/04,0,817000,-1163173,-346173
2016/05/05,0,1987000,-1328000,659000
2016/05/06,0,2887124,-1712000,1175124
2016/05/09,0,516300,-1099000,-582700
2016/05/10,0,1056000,-895948,160052
2016/05/11,0,723588,-1358000,-634412
2016/05/12,0,1104000,-2475082,-1371082
2016/05/13,0,2319182,-1220694,1098488
2016/05/16,0,327000,-669403,-342403
2016/05/17,0,998364,-1062000,-63636
2016/05/18,0,466000,-909497,-443497
2016/05/19,0,935000,-1024377,-89377
2016/05/20,0,216000,-448000,-232000
2016/05/23,0,517182,-776000,-258818
2016/05/24,0,337000,-578000,-241000
2016/05/25,0,548000,-539094,8906
2016/05/26,0,130000,-550000,-420000
2016/05/27,0,406000,-599000,-193000
2016/05/30,0,2469000,-629000,1840000
2016/05/31,0,381000,-695000,-314000
2016/06/01,0,128455,-314000,-185545
2016/06/02,0,150000,-454000,-304000
2016/06/03,0,329000,-195000,134000
2016/06/06,0,1859500,-416388,1443112
2016/06/07,0,869000,-419000,450000
2016/06/08,0,841000,-522000,319000
2016/06/09,0,0,0,0
2016/06/10,0,0,0,0
2016/06/13,0,1120000,-1350000,-230000
2016/06/14,0,234000,-287631,-53631
2016/06/15,0,124000,-590000,-466000
2016/06/16,0,334000,-681630,-347630
2016/06/17,0,909243,-1994000,-1084757
2016/06/20,0,511000,-1784000,-1273000
2016/06/21,0,779000,-2120063,-1341063
2016/06/22,0,1664000,-2398000,-734000
2016/06/23,0,697000,-706659,-9659
2016/06/24,0,1472000,-1536000,-64000
2016/06/27,0,254000,-1123000,-869000
2016/06/28,0,786000,-1620000,-834000
2016/06/29,0,386000,-1657000,-1271000
2016/06/30,0,791000,-1746016,-955016
2016/07/01,0,368113,-603000,-234887
2016/07/04,0,688000,-2093000,-1405000
2016/07/05,0,1392000,-335000,1057000
2016/07/06,0,100000,-572349,-472349
2016/07/07,0,492000,-2041000,-1549000
2016/07/08,0,0,0,0
2016/07/11,0,385078,-848000,-462922
2016/07/12,0,336000,-1609993,-1273993
2016/07/13,0,456000,-196000,260000
2016/07/14,0,26000,-441000,-415000
2016/07/15,0,302000,-1555000,-1253000
2016/07/18,0,391000,-1175000,-784000
2016/07/19,0,587500,-608075,-20575
2016/07/20,0,237000,-531114,-294114
2016/07/21,0,269000,-265000,4000
2016/07/22,0,264000,-403000,-139000
2016/07/25,0,833000,-531866,301134
2016/07/26,0,626615,-1628000,-1001385
2016/07/27,0,592430,-571950,20480
2016/07/28,0,409190,-395000,14190
2016/07/29,0,483600,-148000,335600
2016/08/01,0,364645,-205000,159645
2016/08/02,0,122000,-218000,-96000
2016/08/03,0,1882000,-842480,1039520
2016/08/04,0,1766000,-1618029,147971
2016/08/05,0,1637000,-444000,1193000
2016/08/08,0,1546000,-199000,1347000
2016/08/09,0,156000,-920827,-764827
2016/08/10,0,999981,-1812000,-812019
2016/08/11,0,526594,-862000,-335406
2016/08/12,0,384000,-327000,57000
2016/08/15,0,134860,-381000,-246140
2016/08/16,0,57000,-324493,-267493
2016/08/17,0,299760,-287000,12760
2016/08/18,0,425000,-455600,-30600
2016/08/19,0,859000,-389903,469097
2016/08/22,0,219000,-658000,-439000
2016/08/23,0,679430,-730000,-50570
2016/08/24,0,1039215,-901973,137242
2016/08/25,0,3383000,-165000,3218000
2016/08/26,0,2416609,-908000,1508609
2016/08/29,0,615000,-591000,24000
2016/08/30,0,1342000,-1007975,334025
2016/08/31,0,581133,-898000,-316867
2016/09/01,0,467000,-426000,41000
2016/09/02,0,334000,-363000,-29000
2016/09/05,0,576000,-304000,272000
2016/09/06,0,122000,-378000,-256000
2016/09/07,0,236490,-130000,106490
2016/09/08,0,187135,-672000,-484865
2016/09/09,0,344419,-860668,-516249
2016/09/12,0,110000,-567000,-457000
2016/09/13,0,151000,-1506000,-1355000
2016/09/14,0,1349300,-1928000,-578700
2016/09/15,0,0,0,0
2016/09/16,0,0,0,0
2016/09/19,0,201523,-1210000,-1008477
2016/09/20,0,269000,-776198,-507198
2016/09/21,0,445000,-395000,50000
2016/09/22,0,236000,-658000,-422000
2016/09/23,0,435000,-187586,247414
2016/09/26,0,213362,-295134,-81772
2016/09/27,0,0,0,0
2016/09/28,0,0,0,0
2016/09/29,0,330897,-707000,-376103
2016/09/30,0,630000,-589302,40698
2016/10/03,0,505773,-431000,74773
2016/10/04,0,820000,-305189,514811
2016/10/05,0,218000,-338000,-120000
2016/10/06,0,129000,-1220000,-1091000
2016/10/07,0,58000,-120000,-62000
2016/10/10,0,0,0,0
2016/10/11,0,535000,-784000,-249000
2016/10/12,0,333000,-1049168,-716168
2016/10/13,0,528000,-1760000,-1232000
2016/10/14,0,1187000,-2487500,-1300500
2016/10/17,0,382000,-1150000,-768000
2016/10/18,0,2714500,-5232985,-2518485
2016/10/19,0,1255000,-4291340,-3036340
2016/10/20,0,375000,-2427000,-2052000
2016/10/21,0,381000,-952358,-571358
2016/10/24,0,696000,-1727000,-1031000
2016/10/25,0,860730,-1367000,-506270
2016/10/26,0,394500,-288000,106500
2016/10/27,0,707000,-952000,-245000
2016/10/28,0,186000,-296000,-110000
2016/10/31,0,84000,-486000,-402000
2016/11/01,0,520301,-366000,154301
2016/11/02,0,453000,-498600,-45600
2016/11/03,0,1396000,-1506000,-110000
2016/11/04,0,1011100,-567730,443370
2016/11/07,0,409000,-774718,-365718
2016/11/08,0,85000,-439000,-354000
2016/11/09,0,611000,-1179000,-568000
2016/11/10,0,178000,-1503504,-1325504
2016/11/11,0,359000,-1325000,-966000
2016/11/14,0,564000,-679015,-115015
2016/11/15,0,138000,-552000,-414000
2016/11/16,0,913000,-1388957,-475957
2016/11/17,0,780000,-561000,219000
2016/11/18,0,168000,-703000,-535000
2016/11/21,0,302000,-357000,-55000
2016/11/22,0,450000,-214000,236000
2016/11/23,0,61500,-365000,-303500
2016/11/24,0,17000,-116000,-99000
2016/11/25,0,361000,-77000,284000
2016/11/28,0,35000,-398000,-363000
2016/11/29,0,63000,-240000,-177000
2016/11/30,0,334000,-445000,-111000
2016/12/01,0,143323,-296514,-153191
2016/12/02,0,188000,-470000,-282000
2016/12/05,0,390000,-324000,66000
2016/12/06,0,705000,-392000,313000
2016/12/07,0,715000,-382000,333000
2016/12/08,0,345000,-533000,-188000
2016/12/09,0,214000,-194053,19947
2016/12/12,0,545000,-1070000,-525000
2016/12/13,0,194000,-359470,-165470
2016/12/14,0,208000,-276000,-68000
2016/12/15,0,365000,-333000,32000
2016/12/16,0,265000,-548230,-283230
2016/12/19,0,117000,-108358,8642
2016/12/20,0,138000,-102000,36000
2016/12/21,0,77000,-196000,-119000
2016/12/22,0,63000,-390000,-327000
2016/12/23,0,59000,-202000,-143000
2016/12/26,0,72000,-144000,-72000
2016/12/27,0,9000,-21000,-12000
2016/12/28,0,179000,-44000,135000
2016/12/29,0,273000,-243992,29008
2016/12/30,0,553045,-894000,-340955
2017/01/02,0,0,0,0
2017/01/03,0,217000,-203000,14000
2017/01/04,0,119309,-252000,-132691
2017/01/05,0,264000,-404000,-140000
2017/01/06,0,982000,-62000,920000
2017/01/09,0,897000,-208000,689000
2017/01/10,0,349000,-987000,-638000
2017/01/11,0,298000,-777000,-479000
2017/01/12,0,121000,-492000,-371000
2017/01/13,0,27000,-169000,-142000
2017/01/16,0,100000,-818000,-718000
2017/01/17,0,196000,-1010000,-814000
2017/01/18,0,438400,-254926,183474
2017/01/19,0,1239000,-657296,581704
2017/01/20,0,1659871,-420000,1239871
2017/01/23,0,886129,-300000,586129
2017/01/24,0,364000,-804000,-440000
2017/01/25,0,0,0,0
2017/01/26,0,0,0,0
2017/01/27,0,0,0,0
2017/01/30,0,0,0,0
2017/01/31,0,0,0,0
2017/02/01,0,0,0,0
2017/02/02,0,311504,-994000,-682496
2017/02/03,0,345000,-730000,-385000
2017/02/06,0,100000,-375179,-275179
2017/02/07,0,771000,-128000,643000
2017/02/08,0,413000,-181000,232000
2017/02/09,0,237000,-243233,-6233
2017/02/10,0,1064000,-499000,565000
2017/02/13,0,189000,-422000,-233000
2017/02/14,0,184000,-520000,-336000
2017/02/15,0,447000,-668000,-221000
2017/02/16,0,988000,-254000,734000
2017/02/17,0,285000,-146000,139000
2017/02/20,0,147329,-178000,-30671
2017/02/21,0,112000,-198000,-86000
2017/02/22,0,250000,-282872,-32872
2017/02/23,0,746000,-353000,393000
2017/02/24,0,152000,-430000,-278000
2017/02/27,0,0,0,0
2017/02/28,0,0,0,0
2017/03/01,0,354000,-756499,-402499
2017/03/02,0,301000,-365000,-64000
2017/03/03,0,585000,-251000,334000
2017/03/06,0,246854,-422100,-175246
2017/03/07,0,277000,-457000,-180000
2017/03/08,0,65000,-584000,-519000
2017/03/09,0,392001,-818000,-425999
2017/03/10,0,168000,-561000,-393000
2017/03/13,0,31000,-307030,-276030
2017/03/14,0,216000,-115000,101000
2017/03/15,0,121000,-100000,21000
2017/03/16,0,161000,-451000,-290000
2017/03/17,0,723093,-147000,576093
2017/03/20,0,175809,-176000,-191
2017/03/21,0,114000,-152000,-38000
2017/03/22,0,76958,-302000,-225042
2017/03/23,0,231001,-883812,-652811
2017/03/24,0,56000,-216493,-160493
2017/03/27,0,234235,-908899,-674664
2017/03/28,0,1208229,-991779,216450
2017/03/29,0,833406,-1168613,-335207
2017/03/30,0,95000,-394000,-299000
2017/03/31,0,264100,-619338,-355238
2017/04/03,0,0,0,0
2017/04/04,0,0,0,0
2017/04/05,0,1938042,-2219044,-281002
2017/04/06,0,564930,-471000,93930
2017/04/07,0,926772,-914692,12080
2017/04/10,0,524000,-767000,-243000
2017/04/11,0,168504,-833002,-664498
2017/04/12,0,367000,-428000,-61000
2017/04/13,0,356000,-510000,-154000
2017/04/14,0,83000,-588000,-505000
2017/04/17,0,183809,-910000,-726191
2017/04/18,0,219499,-876993,-657494
2017/04/19,0,927055,-531951,395104
