Date,Open,Buy,Sell,Total
2007/01/02,0,2625000,-3379000,-754000
2007/01/03,0,626000,-792000,-166000
2007/01/04,0,2286000,-1700000,586000
2007/01/05,0,492000,-2818000,-2326000
2007/01/08,0,50005,-1920939,-1870934
2007/01/09,0,4372000,-850000,3522000
2007/01/10,0,1592000,-11368000,-9776000
2007/01/11,0,3750000,-3863000,-113000
2007/01/12,0,2144000,-676000,1468000
2007/01/15,0,1760000,-731000,1029000
2007/01/16,0,1567000,-3424000,-1857000
2007/01/17,0,1784000,-916000,868000
2007/01/18,0,2987000,-2242404,744596
2007/01/19,0,2796000,-620244,2175756
2007/01/22,0,2575000,-3903000,-1328000
2007/01/23,0,65000,-374000,-309000
2007/01/24,0,1685000,-1530000,155000
2007/01/25,0,303000,-827000,-524000
2007/01/26,0,737000,-3637000,-2900000
2007/01/29,0,3286000,-1798000,1488000
2007/01/30,0,867000,-513478,353522
2007/01/31,0,3185000,-2410000,775000
2007/02/01,0,3855000,-2737000,1118000
2007/02/02,0,1986000,-1152000,834000
2007/02/05,0,109000,-508000,-399000
2007/02/06,0,236000,-880000,-644000
2007/02/07,0,196000,-428000,-232000
2007/02/08,0,1134000,-2102852,-968852
2007/02/09,0,1555000,-474000,1081000
2007/02/12,0,148000,-1133000,-985000
2007/02/13,0,4233000,-564060,3668940
2007/02/14,0,2869000,-2376000,493000
2007/02/15,0,0,0,0
2007/02/16,0,0,0,0
2007/02/19,0,0,0,0
2007/02/20,0,0,0,0
2007/02/21,0,0,0,0
2007/02/22,0,0,0,0
2007/02/23,0,0,0,0
2007/02/26,0,4071000,-6154007,-2083007
2007/02/27,0,3018000,-1092000,1926000
2007/02/28,0,0,0,0
2007/03/01,0,962000,-10308000,-9346000
2007/03/02,0,941000,-4847000,-3906000
2007/03/05,0,2327000,-14090000,-11763000
2007/03/06,0,1672000,-7925558,-6253558
2007/03/07,0,135000,-4709581,-4574581
2007/03/08,0,118000,-3771478,-3653478
2007/03/09,0,130000,-1718000,-1588000
2007/03/12,0,371000,-1652000,-1281000
2007/03/13,0,2335000,-3533000,-1198000
2007/03/14,0,1429000,-5272000,-3843000
2007/03/15,0,1376000,-3158000,-1782000
2007/03/16,0,1549000,-1332000,217000
2007/03/19,0,1408000,-176000,1232000
2007/03/20,0,6529000,-1292000,5237000
2007/03/21,0,264000,-1970000,-1706000
2007/03/22,0,4246000,-239000,4007000
2007/03/23,0,2067000,-72000,1995000
2007/03/26,0,1636000,-251000,1385000
2007/03/27,0,1897000,-752000,1145000
2007/03/28,0,122000,-2132000,-2010000
2007/03/29,0,5058000,-4285000,773000
2007/03/30,0,1998000,-578000,1420000
2007/04/02,0,1803000,-803000,1000000
2007/04/03,0,5658000,-413000,5245000
2007/04/04,0,14554000,-3290000,11264000
2007/04/05,0,0,0,0
2007/04/06,0,0,0,0
2007/04/09,0,2161000,-2590000,-429000
2007/04/10,0,32044000,-32410000,-366000
2007/04/11,0,4708000,-310000,4398000
2007/04/12,0,1562000,-206000,1356000
2007/04/13,0,2164000,-1505106,658894
2007/04/16,0,4134000,-3052000,1082000
2007/04/17,0,1675000,-2071980,-396980
2007/04/18,0,1745000,-280000,1465000
2007/04/19,0,1798000,-6275000,-4477000
2007/04/20,0,4733000,-375000,4358000
2007/04/23,0,2701000,-2586000,115000
2007/04/24,0,205000,-3320000,-3115000
2007/04/25,0,1966000,-1062000,904000
2007/04/26,0,386000,-2017000,-1631000
2007/04/27,0,426000,-829000,-403000
2007/04/30,0,5997000,-4566667,1430333
2007/05/01,0,0,0,0
2007/05/02,0,587000,-802000,-215000
2007/05/03,0,657000,-176000,481000
2007/05/04,0,4683000,-437000,4246000
2007/05/07,0,892000,-322000,570000
2007/05/08,0,382000,-406000,-24000
2007/05/09,0,924000,-5197000,-4273000
2007/05/10,0,2521000,-2823000,-302000
2007/05/11,0,341000,-3701611,-3360611
2007/05/14,0,1286000,-5507000,-4221000
2007/05/15,0,2523000,-1020000,1503000
2007/05/16,0,2432000,-790000,1642000
2007/05/17,0,1882000,-697000,1185000
2007/05/18,0,501000,-1022000,-521000
2007/05/21,0,3431000,-103000,3328000
2007/05/22,0,10347000,-3595000,6752000
2007/05/23,0,4724000,-394000,4330000
2007/05/24,0,1377000,-14000,1363000
2007/05/25,0,928000,-1005000,-77000
2007/05/28,0,418000,-1132000,-714000
2007/05/29,0,668000,-164000,504000
2007/05/30,0,2454000,-2216000,238000
2007/05/31,0,2909000,-3075667,-166667
2007/06/01,0,5077000,-849000,4228000
2007/06/04,0,8106000,-348000,7758000
2007/06/05,0,7135000,-1690000,5445000
2007/06/06,0,18182000,-2234000,15948000
2007/06/07,0,13095000,-706000,12389000
2007/06/08,0,3124000,-1379000,1745000
2007/06/11,0,7343000,-481000,6862000
2007/06/12,0,1777000,-909000,868000
2007/06/13,0,6119000,-775000,5344000
2007/06/14,0,13795000,-1060000,12735000
2007/06/15,0,18367000,-1217000,17150000
2007/06/18,0,0,0,0
2007/06/19,0,0,0,0
2007/06/20,0,27049000,-5717000,21332000
2007/06/21,0,20901000,-777000,20124000
2007/06/22,0,13255000,-7503000,5752000
2007/06/25,0,9524000,-2025000,7499000
2007/06/26,0,7897000,-1140000,6757000
2007/06/27,0,5823000,-2729000,3094000
2007/06/28,0,4553000,-560000,3993000
2007/06/29,0,11496000,-2075666,9420334
2007/07/02,0,6502000,-6102000,400000
2007/07/03,0,19393000,-1606000,17787000
2007/07/04,0,30189000,-10671000,19518000
2007/07/05,0,17088000,-870000,16218000
2007/07/06,0,5178000,-1565000,3613000
2007/07/09,0,6085000,-375000,5710000
2007/07/10,0,12677000,-207000,12470000
2007/07/11,0,12790000,-5652000,7138000
2007/07/12,0,2776000,-1422000,1354000
2007/07/13,0,1806000,-8404000,-6598000
2007/07/16,0,3305000,-6336000,-3031000
2007/07/17,0,4108000,-2450000,1658000
2007/07/18,0,8984000,-12525000,-3541000
2007/07/19,0,4812000,-21240000,-16428000
2007/07/20,0,43649000,-10999000,32650000
2007/07/23,0,8201000,-5208000,2993000
2007/07/24,0,9141000,-456000,8685000
2007/07/25,0,847000,-8973000,-8126000
2007/07/26,0,10470000,-2431000,8039000
2007/07/27,0,1054000,-12080000,-11026000
2007/07/30,0,4510000,-10458000,-5948000
2007/07/31,0,1477000,-9347000,-7870000
2007/08/01,0,2312000,-10356000,-8044000
2007/08/02,0,1582000,-4104000,-2522000
2007/08/03,0,2903000,-5591000,-2688000
2007/08/06,0,375000,-3464000,-3089000
2007/08/07,0,3194000,-1609000,1585000
2007/08/08,0,3286000,-336000,2950000
2007/08/09,0,18337000,-7121000,11216000
2007/08/10,0,4898000,-18289104,-13391104
2007/08/13,0,3319000,-1635000,1684000
2007/08/14,0,2869000,-3634000,-765000
2007/08/15,0,3036000,-5680000,-2644000
2007/08/16,0,2523000,-13661440,-11138440
2007/08/17,0,5023000,-4155000,868000
2007/08/20,0,3213000,-1182000,2031000
2007/08/21,0,1841000,-575000,1266000
2007/08/22,0,1338000,-291464,1046536
2007/08/23,0,3906000,-3972000,-66000
2007/08/24,0,233000,-2247000,-2014000
2007/08/27,0,743000,-3605000,-2862000
2007/08/28,0,428000,-1862515,-1434515
2007/08/29,0,2681000,-3509000,-828000
2007/08/30,0,3074000,-3000000,74000
2007/08/31,0,5720000,-2142000,3578000
2007/09/03,0,511000,-3532000,-3021000
2007/09/04,0,1078000,-3234000,-2156000
2007/09/05,0,1707000,-2408000,-701000
2007/09/06,0,1413000,-6295000,-4882000
2007/09/07,0,227000,-840000,-613000
2007/09/10,0,259000,-3923000,-3664000
2007/09/11,0,3125000,-2902000,223000
2007/09/12,0,957000,-3327000,-2370000
2007/09/13,0,3697000,-5118000,-1421000
2007/09/14,0,2906000,-1148000,1758000
2007/09/17,0,3694000,-4677000,-983000
2007/09/18,0,0,0,0
2007/09/19,0,12191000,-8467000,3724000
2007/09/20,0,3877000,-6734000,-2857000
2007/09/21,0,1589000,-5359000,-3770000
2007/09/24,0,0,0,0
2007/09/25,0,0,0,0
2007/09/26,0,3547000,-11113000,-7566000
2007/09/27,0,19600000,-18366000,1234000
2007/09/28,0,2080000,-2887000,-807000
2007/10/01,0,5818000,-2729000,3089000
2007/10/02,0,19898000,-19725000,173000
2007/10/03,0,6647253,-9975000,-3327747
2007/10/04,0,2597000,-5280000,-2683000
2007/10/05,0,1306000,-2744000,-1438000
2007/10/08,0,1880000,-11661000,-9781000
2007/10/09,0,10114000,-11300000,-1186000
2007/10/10,0,0,0,0
2007/10/11,0,5443000,-9694000,-4251000
2007/10/12,0,7626000,-12204000,-4578000
2007/10/15,0,19520000,-8785000,10735000
2007/10/16,0,11040000,-7858000,3182000
2007/10/17,0,7152943,-8924943,-1772000
2007/10/18,0,3026000,-3522000,-496000
2007/10/19,0,3449000,-5816858,-2367858
2007/10/22,0,4705000,-9767000,-5062000
2007/10/23,0,11629000,-1406000,10223000
2007/10/24,0,5010000,-766299,4243701
2007/10/25,0,14861000,-3991000,10870000
2007/10/26,0,80119472,-24448000,55671472
2007/10/29,0,15713000,-7068000,8645000
2007/10/30,0,2613000,-8344000,-5731000
2007/10/31,0,3499000,-21279000,-17780000
2007/11/01,0,1974000,-18390000,-16416000
2007/11/02,0,7878000,-31858300,-23980300
2007/11/05,0,1258000,-15675000,-14417000
2007/11/06,0,604000,-14106700,-13502700
2007/11/07,0,1606000,-18923000,-17317000
2007/11/08,0,1013000,-7405000,-6392000
2007/11/09,0,1501000,-5105000,-3604000
2007/11/12,0,5094000,-11017000,-5923000
2007/11/13,0,674000,-6529000,-5855000
2007/11/14,0,4308000,-5222000,-914000
2007/11/15,0,3454000,-5428000,-1974000
2007/11/16,0,175000,-7424000,-7249000
2007/11/19,0,794000,-10340000,-9546000
2007/11/20,0,11480000,-5990075,5489925
2007/11/21,0,1474000,-9154000,-7680000
2007/11/22,0,3628000,-2844000,784000
2007/11/23,0,2910000,-1585000,1325000
2007/11/26,0,6576000,-1234000,5342000
2007/11/27,0,8342000,-2222000,6120000
2007/11/28,0,2582000,-2875000,-293000
2007/11/29,0,4260000,-3260908,999092
2007/11/30,0,7654614,-4306000,3348614
2007/12/03,0,3106000,-1447000,1659000
2007/12/04,0,6593000,-2168000,4425000
2007/12/05,0,2612000,-6341000,-3729000
2007/12/06,0,6971000,-5449000,1522000
2007/12/07,0,4369320,-1460989,2908331
2007/12/10,0,2053000,-2483000,-430000
2007/12/11,0,902000,-1082000,-180000
2007/12/12,0,3284000,-3996000,-712000
2007/12/13,0,3399000,-5157000,-1758000
2007/12/14,0,4356000,-5043000,-687000
2007/12/17,0,171000,-7037000,-6866000
2007/12/18,0,9338936,-16524126,-7185190
2007/12/19,0,3103000,-2242000,861000
2007/12/20,0,3501000,-927000,2574000
2007/12/21,0,1835000,-169000,1666000
2007/12/24,0,849000,-496000,353000
2007/12/25,0,225000,-125000,100000
2007/12/26,0,807000,-40000,767000
2007/12/27,0,3667000,-65000,3602000
2007/12/28,0,4919000,-1307000,3612000
2007/12/31,0,7356000,-2069000,5287000
2008/01/01,0,0,0,0
2008/01/02,0,2687050,-2319000,368050
2008/01/03,0,378000,-1572000,-1194000
2008/01/04,0,4431950,-1616000,2815950
2008/01/07,0,3462000,-3610000,-148000
2008/01/08,0,1777000,-2089000,-312000
2008/01/09,0,1147000,-3914699,-2767699
2008/01/10,0,914000,-2229000,-1315000
2008/01/11,0,810000,-1514614,-704614
2008/01/14,0,7877000,-483129,7393871
2008/01/15,0,5310000,-1301815,4008185
2008/01/16,0,9868000,-5194846,4673154
2008/01/17,0,2142000,-2949000,-807000
2008/01/18,0,1366797,-1191910,174887
2008/01/21,0,695000,-2474000,-1779000
2008/01/22,0,581000,-4640000,-4059000
2008/01/23,0,1988000,-3150000,-1162000
2008/01/24,0,1439000,-1280000,159000
2008/01/25,0,594000,-481000,113000
2008/01/28,0,291000,-2777000,-2486000
2008/01/29,0,1588000,-4065554,-2477554
2008/01/30,0,2148611,-6941000,-4792389
2008/01/31,0,1661000,-3031000,-1370000
2008/02/01,0,39403200,-45103000,-5699800
2008/02/04,0,0,0,0
2008/02/05,0,0,0,0
2008/02/06,0,0,0,0
2008/02/07,0,0,0,0
2008/02/08,0,0,0,0
2008/02/11,0,0,0,0
2008/02/12,0,4118000,-9264000,-5146000
2008/02/13,0,3150000,-2684000,466000
2008/02/14,0,3635000,-4510000,-875000
2008/02/15,0,1510000,-240000,1270000
2008/02/18,0,1812000,-589000,1223000
2008/02/19,0,8843000,-2605000,6238000
2008/02/20,0,508000,-2861200,-2353200
2008/02/21,0,3669000,-686532,2982468
2008/02/22,0,2306000,-1176000,1130000
2008/02/25,0,7825000,-4523317,3301683
2008/02/26,0,3950000,-1884000,2066000
2008/02/27,0,7608000,-3616000,3992000
2008/02/28,0,0,0,0
2008/02/29,0,2626864,-4363560,-1736696
2008/03/03,0,3932000,-7712000,-3780000
2008/03/04,0,6767000,-12749864,-5982864
2008/03/05,0,2436000,-3118000,-682000
2008/03/06,0,4450000,-1563000,2887000
2008/03/07,0,2355000,-1498000,857000
2008/03/10,0,4798000,-10030000,-5232000
2008/03/11,0,3285000,-3581000,-296000
2008/03/12,0,4358917,-2402000,1956917
2008/03/13,0,2484000,-6927000,-4443000
2008/03/14,0,1375000,-4546000,-3171000
2008/03/17,0,1026000,-4399000,-3373000
2008/03/18,0,5727000,-3834000,1893000
2008/03/19,0,4551000,-2502000,2049000
2008/03/20,0,2105000,-3068000,-963000
2008/03/21,0,4524000,-1262255,3261745
2008/03/24,0,8883000,-4751000,4132000
2008/03/25,0,6771000,-7912000,-1141000
2008/03/26,0,3943000,-9029000,-5086000
2008/03/27,0,2451581,-7925000,-5473419
2008/03/28,0,8492581,-3242000,5250581
2008/03/31,0,7224319,-1527693,5696626
2008/04/01,0,5513741,-3839000,1674741
2008/04/02,0,10649000,-8204000,2445000
2008/04/03,0,7141000,-4720000,2421000
2008/04/04,0,0,0,0
2008/04/07,0,5974000,-1811000,4163000
2008/04/08,0,2550000,-3068000,-518000
2008/04/09,0,6065000,-2873000,3192000
2008/04/10,0,4243000,-2131000,2112000
2008/04/11,0,7608000,-1494121,6113879
2008/04/14,0,10907000,-7704000,3203000
2008/04/15,0,3487000,-8857000,-5370000
2008/04/16,0,1296000,-3884000,-2588000
2008/04/17,0,3063000,-4213000,-1150000
2008/04/18,0,9238000,-5636000,3602000
2008/04/21,0,7043000,-1728000,5315000
2008/04/22,0,524000,-3072000,-2548000
2008/04/23,0,3571000,-1727000,1844000
2008/04/24,0,619000,-1297000,-678000
2008/04/25,0,464000,-569000,-105000
2008/04/28,0,3355000,-3956000,-601000
2008/04/29,0,2296000,-3137000,-841000
2008/04/30,0,1903000,-771000,1132000
2008/05/01,0,0,0,0
2008/05/02,0,1465000,-1154000,311000
2008/05/05,0,867000,-3690000,-2823000
2008/05/06,0,1416000,-4589000,-3173000
2008/05/07,0,2487000,-1822000,665000
2008/05/08,0,2520000,-6237943,-3717943
2008/05/09,0,1569000,-5829000,-4260000
2008/05/12,0,1112000,-1389872,-277872
2008/05/13,0,2525000,-13317000,-10792000
2008/05/14,0,670000,-4134000,-3464000
2008/05/15,0,4043000,-5723910,-1680910
2008/05/16,0,2347000,-5645000,-3298000
2008/05/19,0,2635000,-6284000,-3649000
2008/05/20,0,6653000,-4559000,2094000
2008/05/21,0,417000,-1504000,-1087000
2008/05/22,0,1942000,-3957834,-2015834
2008/05/23,0,2686000,-3764000,-1078000
2008/05/26,0,2954000,-4742000,-1788000
2008/05/27,0,1072000,-3732000,-2660000
2008/05/28,0,2085000,-2908496,-823496
2008/05/29,0,1890000,-3937000,-2047000
2008/05/30,0,5645500,-10012383,-4366883
2008/06/02,0,2703000,-2764000,-61000
2008/06/03,0,1620000,-3440736,-1820736
2008/06/04,0,1222000,-3170000,-1948000
2008/06/05,0,2925000,-5497000,-2572000
2008/06/06,0,406000,-1810000,-1404000
2008/06/09,0,635000,-4493000,-3858000
2008/06/10,0,3847000,-10556631,-6709631
2008/06/11,0,431000,-1858000,-1427000
2008/06/12,0,4621000,-8313000,-3692000
2008/06/13,0,1780000,-9430000,-7650000
2008/06/16,0,2215000,-6261862,-4046862
2008/06/17,0,1131000,-10819000,-9688000
2008/06/18,0,2908000,-10371000,-7463000
2008/06/19,0,1054000,-10058000,-9004000
2008/06/20,0,757178,-1306000,-548822
2008/06/23,0,15970000,-14126000,1844000
2008/06/24,0,3885000,-3984000,-99000
2008/06/25,0,3325000,-4803118,-1478118
2008/06/26,0,948000,-6501000,-5553000
2008/06/27,0,14132000,-8606000,5526000
2008/06/30,0,5252000,-11668000,-6416000
2008/07/01,0,3542000,-1404000,2138000
2008/07/02,0,6251000,-3364000,2887000
2008/07/03,0,3162000,-3025000,137000
2008/07/04,0,2110000,-2134000,-24000
2008/07/07,0,2178000,-938000,1240000
2008/07/08,0,19840000,-21165000,-1325000
2008/07/09,0,2902000,-2213000,689000
2008/07/10,0,7211647,-5199647,2012000
2008/07/11,0,8236000,-8812000,-576000
2008/07/14,0,2012000,-955000,1057000
2008/07/15,0,4874000,-2362000,2512000
2008/07/16,0,3583000,-1139000,2444000
2008/07/17,0,2823000,-4082000,-1259000
2008/07/18,0,5175000,-3197000,1978000
2008/07/21,0,3860000,-1043000,2817000
2008/07/22,0,2052000,-1228000,824000
2008/07/23,0,6015000,-5459000,556000
2008/07/24,0,2438000,-4126000,-1688000
2008/07/25,0,2268000,-1389000,879000
2008/07/28,0,0,0,0
2008/07/29,0,1739000,-3428000,-1689000
2008/07/30,0,1704000,-1578000,126000
2008/07/31,0,2868000,-2119000,749000
2008/08/01,0,1983000,-2513000,-530000
2008/08/04,0,2865000,-881000,1984000
2008/08/05,0,6573000,-5316000,1257000
2008/08/06,0,3740000,-1619000,2121000
2008/08/07,0,135000,-4465000,-4330000
2008/08/08,0,3070000,-2990000,80000
2008/08/11,0,1982000,-13042000,-11060000
2008/08/12,0,3879000,-704000,3175000
2008/08/13,0,2180000,-1039000,1141000
2008/08/14,0,3146000,-2958000,188000
2008/08/15,0,993000,-2415000,-1422000
2008/08/18,0,194000,-1606000,-1412000
2008/08/19,0,2158000,-2001000,157000
2008/08/20,0,1338000,-3366000,-2028000
2008/08/21,0,1108045,-3289000,-2180955
2008/08/22,0,765000,-1942990,-1177990
2008/08/25,0,1872000,-1195000,677000
2008/08/26,0,466000,-777000,-311000
2008/08/27,0,3893000,-353000,3540000
2008/08/28,0,4584000,-3623000,961000
2008/08/29,0,1755000,-1132261,622739
2008/09/01,0,1743000,-2773000,-1030000
2008/09/02,0,2343000,-1708000,635000
2008/09/03,0,2378000,-652000,1726000
2008/09/04,0,965000,-4269000,-3304000
2008/09/05,0,1646000,-1651000,-5000
2008/09/08,0,488000,-566000,-78000
2008/09/09,0,1472000,-1586000,-114000
2008/09/10,0,1853000,-4221000,-2368000
2008/09/11,0,1443000,-3866000,-2423000
2008/09/12,0,1129000,-282000,847000
2008/09/15,0,1038000,-2677000,-1639000
2008/09/16,0,1036000,-273115,762885
2008/09/17,0,1467000,-2662000,-1195000
2008/09/18,0,10378000,-10823452,-445452
2008/09/19,0,14092000,-15750000,-1658000
2008/09/22,0,4153000,-6929000,-2776000
2008/09/23,0,655000,-1365000,-710000
2008/09/24,0,2457843,-1168843,1289000
2008/09/25,0,3677000,-5220000,-1543000
2008/09/26,0,5129000,-4395000,734000
2008/09/29,0,0,0,0
2008/09/30,0,6005000,-1480000,4525000
2008/10/01,0,4892000,-4075000,817000
2008/10/02,0,7244000,-6253490,990510
2008/10/03,0,5094000,-3938000,1156000
2008/10/06,0,4697000,-8767000,-4070000
2008/10/07,0,7472000,-4104000,3368000
2008/10/08,0,5437000,-4020000,1417000
2008/10/09,0,10462000,-1795000,8667000
2008/10/10,0,0,0,0
2008/10/13,0,9856000,-5674000,4182000
2008/10/14,0,6723000,-3408736,3314264
2008/10/15,0,4385000,-1763000,2622000
2008/10/16,0,4260000,-3206000,1054000
2008/10/17,0,6227000,-5272000,955000
2008/10/20,0,2423000,-1753000,670000
2008/10/21,0,7814000,-5529000,2285000
2008/10/22,0,1867000,-4379000,-2512000
2008/10/23,0,161000,-566000,-405000
2008/10/24,0,6404000,-1654000,4750000
2008/10/27,0,392000,-3378000,-2986000
2008/10/28,0,706000,-4470320,-3764320
2008/10/29,0,2811000,-2823294,-12294
2008/10/30,0,3291000,-5453000,-2162000
2008/10/31,0,3344000,-10016000,-6672000
2008/11/03,0,4097000,-8382000,-4285000
2008/11/04,0,5203000,-3566000,1637000
2008/11/05,0,9597000,-11117000,-1520000
2008/11/06,0,8542000,-12605000,-4063000
2008/11/07,0,2724000,-10414000,-7690000
2008/11/10,0,3085000,-2832000,253000
2008/11/11,0,3085000,-3265836,-180836
2008/11/12,0,2039000,-1697000,342000
2008/11/13,0,2210000,-2387000,-177000
2008/11/14,0,4102000,-14422000,-10320000
2008/11/17,0,951000,-3485000,-2534000
2008/11/18,0,1191000,-3626000,-2435000
2008/11/19,0,592000,-3229994,-2637994
2008/11/20,0,743000,-1260013,-517013
2008/11/21,0,3314000,-5804000,-2490000
2008/11/24,0,954000,-891000,63000
2008/11/25,0,1324000,-1057901,266099
2008/11/26,0,1062000,-2050583,-988583
2008/11/27,0,1669000,-1477000,192000
2008/11/28,0,5275000,-986940,4288060
2008/12/01,0,4372000,-4336000,36000
2008/12/02,0,527000,-3597000,-3070000
2008/12/03,0,1521000,-3062000,-1541000
2008/12/04,0,448000,-3357000,-2909000
2008/12/05,0,1145000,-644000,501000
2008/12/08,0,2742000,-267000,2475000
2008/12/09,0,7435000,-807000,6628000
2008/12/10,0,4091000,-1206000,2885000
2008/12/11,0,5390000,-3831000,1559000
2008/12/12,0,1803000,-6127000,-4324000
2008/12/15,0,2757000,-162000,2595000
2008/12/16,0,2289000,-3433000,-1144000
2008/12/17,0,4322000,-2538000,1784000
2008/12/18,0,2154000,-1608000,546000
2008/12/19,0,2078000,-2215000,-137000
2008/12/22,0,1206000,-2651000,-1445000
2008/12/23,0,1362000,-1882000,-520000
2008/12/24,0,301000,-1639000,-1338000
2008/12/25,0,86000,-586000,-500000
2008/12/26,0,437000,-152000,285000
2008/12/29,0,111000,-383000,-272000
2008/12/30,0,2734000,-453000,2281000
2008/12/31,0,686000,-787000,-101000
2009/01/01,0,0,0,0
2009/01/02,0,0,0,0
2009/01/05,0,2366000,-451000,1915000
2009/01/06,0,4926657,-451000,4475657
2009/01/07,0,3104674,-390000,2714674
2009/01/08,0,2415000,-4175000,-1760000
2009/01/09,0,366000,-1995000,-1629000
2009/01/12,0,997034,-2168000,-1170966
2009/01/13,0,1251000,-992000,259000
2009/01/14,0,307000,-2679000,-2372000
2009/01/15,0,479000,-6295000,-5816000
2009/01/16,0,266000,-3154000,-2888000
2009/01/19,0,250000,-909740,-659740
2009/01/20,0,1559000,-5180000,-3621000
2009/01/21,0,3197300,-2142167,1055133
2009/01/22,0,0,0,0
2009/01/23,0,0,0,0
2009/01/26,0,0,0,0
2009/01/27,0,0,0,0
2009/01/28,0,0,0,0
2009/01/29,0,0,0,0
2009/01/30,0,0,0,0
2009/02/02,0,1092000,-5534260,-4442260
2009/02/03,0,2239000,-1771070,467930
2009/02/04,0,1944000,-5370000,-3426000
2009/02/05,0,1853000,-4054000,-2201000
2009/02/06,0,1882000,-3211000,-1329000
2009/02/09,0,890000,-1442000,-552000
2009/02/10,0,2198000,-3445000,-1247000
2009/02/11,0,2037000,-5962000,-3925000
2009/02/12,0,1633000,-4711000,-3078000
2009/02/13,0,2680000,-3232000,-552000
2009/02/16,0,1005000,-1705000,-700000
2009/02/17,0,1767000,-1725947,41053
2009/02/18,0,3510000,-4512000,-1002000
2009/02/19,0,2922000,-2089000,833000
2009/02/20,0,1706000,-2915000,-1209000
2009/02/23,0,2345000,-2423000,-78000
2009/02/24,0,1099000,-1364010,-265010
2009/02/25,0,2445000,-3486630,-1041630
2009/02/26,0,2229000,-569130,1659870
2009/02/27,0,2023000,-1940927,82073
2009/03/02,0,1052000,-3728577,-2676577
2009/03/03,0,3324000,-3216000,108000
2009/03/04,0,2966000,-2535000,431000
2009/03/05,0,3117000,-2973000,144000
2009/03/06,0,3055000,-3582000,-527000
2009/03/09,0,2666000,-5999000,-3333000
2009/03/10,0,2453000,-5258000,-2805000
2009/03/11,0,908000,-3238102,-2330102
2009/03/12,0,1872000,-4691000,-2819000
2009/03/13,0,7789000,-9560000,-1771000
2009/03/16,0,1901000,-2297000,-396000
2009/03/17,0,1493800,-6227800,-4734000
2009/03/18,0,4322000,-3219000,1103000
2009/03/19,0,208000,-5243000,-5035000
2009/03/20,0,1057000,-4772000,-3715000
2009/03/23,0,2392000,-3063000,-671000
2009/03/24,0,2555000,-4503000,-1948000
2009/03/25,0,4543000,-316650,4226350
2009/03/26,0,7622000,-2312000,5310000
2009/03/27,0,390000,-969000,-579000
2009/03/30,0,924000,-1641000,-717000
2009/03/31,0,3484000,-10616000,-7132000
2009/04/01,0,1809000,-5032699,-3223699
2009/04/02,0,5249000,-2630000,2619000
2009/04/03,0,1547000,-5134000,-3587000
2009/04/06,0,644000,-874000,-230000
2009/04/07,0,4266000,-383000,3883000
2009/04/08,0,3154000,-4557000,-1403000
2009/04/09,0,4125000,-2545000,1580000
2009/04/10,0,2340000,-1160000,1180000
2009/04/13,0,6502000,-3322000,3180000
2009/04/14,0,9679000,-2069000,7610000
2009/04/15,0,1578000,-3011000,-1433000
2009/04/16,0,6791000,-13515144,-6724144
2009/04/17,0,4576278,-1754000,2822278
2009/04/20,0,2564000,-969000,1595000
2009/04/21,0,1099000,-1732000,-633000
2009/04/22,0,29000,-1467000,-1438000
2009/04/23,0,1279000,-967000,312000
2009/04/24,0,1904000,-1490000,414000
2009/04/27,0,1779950,-977000,802950
2009/04/28,0,1757000,-692000,1065000
2009/04/29,0,4405000,-3701000,704000
2009/04/30,0,6727000,-269000,6458000
2009/05/01,0,0,0,0
2009/05/04,0,7195000,-5574000,1621000
2009/05/05,0,10248676,-1367000,8881676
2009/05/06,0,5178000,-968000,4210000
2009/05/07,0,4580000,-3427000,1153000
2009/05/08,0,3371000,-11224000,-7853000
2009/05/11,0,2419000,-6548000,-4129000
2009/05/12,0,2060000,-5606000,-3546000
2009/05/13,0,1160000,-5816000,-4656000
2009/05/14,0,11231353,-9153353,2078000
2009/05/15,0,2537000,-5379099,-2842099
2009/05/18,0,4138000,-2524000,1614000
2009/05/19,0,5845000,-448000,5397000
2009/05/20,0,15015000,-665000,14350000
2009/05/21,0,4325000,-3374000,951000
2009/05/22,0,2175000,-5924000,-3749000
2009/05/25,0,2752000,-3397000,-645000
2009/05/26,0,4856000,-6422000,-1566000
2009/05/27,0,6331000,-2658311,3672689
2009/05/28,0,0,0,0
2009/05/29,0,0,0,0
2009/06/01,0,7569000,-3815000,3754000
2009/06/02,0,3426000,-8116000,-4690000
2009/06/03,0,3797000,-1133000,2664000
2009/06/04,0,3813000,-1745000,2068000
2009/06/05,0,729138,-484000,245138
2009/06/08,0,1324000,-1842000,-518000
2009/06/09,0,2952000,-575000,2377000
2009/06/10,0,4094000,-587883,3506117
2009/06/11,0,2632208,-1708000,924208
2009/06/12,0,2430000,-7784000,-5354000
2009/06/15,0,630000,-2900000,-2270000
2009/06/16,0,1171000,-1890250,-719250
2009/06/17,0,3076000,-3293000,-217000
2009/06/18,0,1012000,-4547000,-3535000
2009/06/19,0,296000,-3299000,-3003000
2009/06/22,0,594000,-2016000,-1422000
2009/06/23,0,494800,-5602000,-5107200
2009/06/24,0,6427000,-5896000,531000
2009/06/25,0,1682000,-1732000,-50000
2009/06/26,0,2476000,-798000,1678000
2009/06/29,0,2579000,-4824000,-2245000
2009/06/30,0,2760000,-6633287,-3873287
2009/07/01,0,1803000,-4799000,-2996000
2009/07/02,0,1943000,-11592000,-9649000
2009/07/03,0,890000,-7922841,-7032841
2009/07/06,0,452000,-2913000,-2461000
2009/07/07,0,4029000,-4778390,-749390
2009/07/08,0,629000,-4321000,-3692000
2009/07/09,0,3381000,-2955000,426000
2009/07/10,0,1252000,-1529000,-277000
2009/07/13,0,563000,-4090000,-3527000
2009/07/14,0,798000,-4444740,-3646740
2009/07/15,0,2129000,-2714000,-585000
2009/07/16,0,2731000,-2000000,731000
2009/07/17,0,1156400,-1589240,-432840
2009/07/20,0,1647000,-7528834,-5881834
2009/07/21,0,791000,-3010580,-2219580
2009/07/22,0,1323000,-2947000,-1624000
2009/07/23,0,3393000,-3439420,-46420
2009/07/24,0,7428000,-3539370,3888630
2009/07/27,0,3167000,-4360000,-1193000
2009/07/28,0,5634000,-8438000,-2804000
2009/07/29,0,7748000,-6877604,870396
2009/07/30,0,3413000,-5589000,-2176000
2009/07/31,0,8107000,-6919000,1188000
2009/08/03,0,1250000,-5347000,-4097000
2009/08/04,0,9589000,-9570000,19000
2009/08/05,0,9511000,-10084000,-573000
2009/08/06,0,12248000,-6979000,5269000
2009/08/07,0,0,0,0
2009/08/10,0,7859000,-5052143,2806857
2009/08/11,0,1961000,-4514000,-2553000
2009/08/12,0,928000,-3455000,-2527000
2009/08/13,0,18049000,-6722800,11326200
2009/08/14,0,25806000,-372000,25434000
2009/08/17,0,4703000,-7606000,-2903000
2009/08/18,0,752000,-7720000,-6968000
2009/08/19,0,44000,-1927204,-1883204
2009/08/20,0,2506000,-1202000,1304000
2009/08/21,0,4899000,-3551920,1347080
2009/08/24,0,15058000,-340000,14718000
2009/08/25,0,725634,-4680000,-3954366
2009/08/26,0,1714000,-2336000,-622000
2009/08/27,0,789000,-692000,97000
2009/08/28,0,2600000,-3366000,-766000
2009/08/31,0,4552000,-7175181,-2623181
2009/09/01,0,1460000,-2604375,-1144375
2009/09/02,0,1221000,-1623000,-402000
2009/09/03,0,1598000,-736000,862000
2009/09/04,0,1416000,-528000,888000
2009/09/07,0,352000,-388000,-36000
2009/09/08,0,3001000,-54000,2947000
2009/09/09,0,2064000,-704000,1360000
2009/09/10,0,6319000,-1954480,4364520
2009/09/11,0,3621000,-236000,3385000
2009/09/14,0,846000,-1657000,-811000
2009/09/15,0,2317000,-739000,1578000
2009/09/16,0,4185000,-933000,3252000
2009/09/17,0,4975000,-485570,4489430
2009/09/18,0,2856000,-1788000,1068000
2009/09/21,0,857000,-1059000,-202000
2009/09/22,0,208000,-2383000,-2175000
2009/09/23,0,468000,-1736000,-1268000
2009/09/24,0,1500000,-6157000,-4657000
2009/09/25,0,1183770,-5011980,-3828210
2009/09/28,0,333000,-245000,88000
2009/09/29,0,2828290,-528000,2300290
2009/09/30,0,3696000,-2488885,1207115
2009/10/01,0,1025000,-998000,27000
2009/10/02,0,1019000,-1609000,-590000
2009/10/05,0,2402300,-2783300,-381000
2009/10/06,0,4039000,-949229,3089771
2009/10/07,0,7983000,-135620,7847380
2009/10/08,0,1512000,-3265000,-1753000
2009/10/09,0,1560000,-1288000,272000
2009/10/12,0,698000,-981000,-283000
2009/10/13,0,1393490,-2511159,-1117669
2009/10/14,0,2187000,-662000,1525000
2009/10/15,0,3176000,-1360000,1816000
2009/10/16,0,2560000,-1741000,819000
2009/10/19,0,3639000,-189267,3449733
2009/10/20,0,5511200,-1229000,4282200
2009/10/21,0,1392000,-1777000,-385000
2009/10/22,0,2398000,-5300000,-2902000
2009/10/23,0,835000,-522000,313000
2009/10/26,0,2995000,-1464000,1531000
2009/10/27,0,4043000,-1662000,2381000
2009/10/28,0,1340000,-3820000,-2480000
2009/10/29,0,360000,-4873000,-4513000
2009/10/30,0,925000,-3524000,-2599000
2009/11/02,0,2362000,-1838000,524000
2009/11/03,0,266000,-2189000,-1923000
2009/11/04,0,1506000,-308688,1197312
2009/11/05,0,3759000,-2389000,1370000
2009/11/06,0,2606000,-2228000,378000
2009/11/09,0,2059000,-53000,2006000
2009/11/10,0,1680000,-939889,740111
2009/11/11,0,3018000,0,3018000
2009/11/12,0,5586000,-6275000,-689000
2009/11/13,0,4937000,-4687000,250000
2009/11/16,0,19311000,-6716000,12595000
2009/11/17,0,7666000,-3852000,3814000
2009/11/18,0,4608000,-3652000,956000
2009/11/19,0,3939000,-6473000,-2534000
2009/11/20,0,2708000,-5341000,-2633000
2009/11/23,0,1742000,-1579000,163000
2009/11/24,0,2695000,-2385000,310000
2009/11/25,0,4351000,-1912000,2439000
2009/11/26,0,7969000,-12918000,-4949000
2009/11/27,0,4817000,-10171000,-5354000
2009/11/30,0,2827853,-7204784,-4376931
2009/12/01,0,5769000,-4196000,1573000
2009/12/02,0,3277000,-4779000,-1502000
2009/12/03,0,6135000,-5667160,467840
2009/12/04,0,3421000,-4631000,-1210000
2009/12/07,0,3911000,-3622000,289000
2009/12/08,0,3379000,-4276000,-897000
2009/12/09,0,3368000,-2764180,603820
2009/12/10,0,4078000,-6278370,-2200370
2009/12/11,0,4010000,-3414000,596000
2009/12/14,0,3261000,-2444000,817000
2009/12/15,0,3097000,-3282000,-185000
2009/12/16,0,2149000,-3309000,-1160000
2009/12/17,0,4297760,-4025000,272760
2009/12/18,0,2356000,-6680539,-4324539
2009/12/21,0,5509000,-7011000,-1502000
2009/12/22,0,3431000,-3139000,292000
2009/12/23,0,4175000,-4433800,-258800
2009/12/24,0,4232000,-1191000,3041000
2009/12/25,0,5695000,-908000,4787000
2009/12/28,0,5701000,-3282000,2419000
2009/12/29,0,3296000,-2787000,509000
2009/12/30,0,5407000,-3404000,2003000
2009/12/31,0,3680000,-3136000,544000
2010/01/01,0,0,0,0
2010/01/04,0,4888000,-3448000,1440000
2010/01/05,0,1845000,-4602000,-2757000
2010/01/06,0,8428000,-3746000,4682000
2010/01/07,0,4054160,-9005923,-4951763
2010/01/08,0,3301300,-3200000,101300
2010/01/11,0,5713000,-2218000,3495000
2010/01/12,0,4244000,-3841000,403000
2010/01/13,0,3559000,-4065000,-506000
2010/01/14,0,10115000,-4052166,6062834
2010/01/15,0,3362000,-3436000,-74000
2010/01/18,0,2921000,-2906000,15000
2010/01/19,0,4327000,-4436400,-109400
2010/01/20,0,2792000,-4802000,-2010000
2010/01/21,0,3559000,-3699000,-140000
2010/01/22,0,2826000,-5291000,-2465000
2010/01/25,0,2365120,-5391000,-3025880
2010/01/26,0,2874000,-8181000,-5307000
2010/01/27,0,2086000,-5198790,-3112790
2010/01/28,0,2543000,-7182000,-4639000
2010/01/29,0,2942000,-4856390,-1914390
2010/02/01,0,5877000,-5197410,679590
2010/02/02,0,4638000,-7502120,-2864120
2010/02/03,0,3114500,-3705950,-591450
2010/02/04,0,765000,-2103000,-1338000
2010/02/05,0,1242000,-2627580,-1385580
2010/02/08,0,1785000,-2861283,-1076283
2010/02/09,0,560000,-1793110,-1233110
2010/02/10,0,348000,-2710000,-2362000
2010/02/11,0,0,0,0
2010/02/12,0,0,0,0
2010/02/15,0,0,0,0
2010/02/16,0,0,0,0
2010/02/17,0,0,0,0
2010/02/18,0,0,0,0
2010/02/19,0,0,0,0
2010/02/22,0,2409000,-4271000,-1862000
2010/02/23,0,2289000,-3052000,-763000
2010/02/24,0,1537000,-1582000,-45000
2010/02/25,0,2904000,-2985000,-81000
2010/02/26,0,2526259,-1275000,1251259
2010/03/01,0,3976000,-2646000,1330000
2010/03/02,0,1856000,-3076000,-1220000
2010/03/03,0,837000,-727000,110000
2010/03/04,0,1448000,-3034000,-1586000
2010/03/05,0,3033000,-2429000,604000
2010/03/08,0,2409000,-636500,1772500
2010/03/09,0,1951830,-1802000,149830
2010/03/10,0,1907000,-151013,1755987
2010/03/11,0,703000,-89000,614000
2010/03/12,0,1894000,-195000,1699000
2010/03/15,0,278000,-2225000,-1947000
2010/03/16,0,40000,-326000,-286000
2010/03/17,0,3046000,-195000,2851000
2010/03/18,0,1847000,-717000,1130000
2010/03/19,0,1498000,-134000,1364000
2010/03/22,0,1529000,-2601230,-1072230
2010/03/23,0,101000,-742000,-641000
2010/03/24,0,570600,-76000,494600
2010/03/25,0,546000,-1051000,-505000
2010/03/26,0,2144000,-1077000,1067000
2010/03/29,0,7392000,-49000,7343000
2010/03/30,0,1440000,-441000,999000
2010/03/31,0,2198000,-228030,1969970
2010/04/01,0,3812000,-822270,2989730
2010/04/02,0,4248001,-4370000,-121999
2010/04/05,0,0,0,0
2010/04/06,0,2620000,-10933000,-8313000
2010/04/07,0,2768840,-7947000,-5178160
2010/04/08,0,1986000,-1546000,440000
2010/04/09,0,6740000,-1196280,5543720
2010/04/12,0,3208580,-610000,2598580
2010/04/13,0,2216000,-978000,1238000
2010/04/14,0,3658000,-198260,3459740
2010/04/15,0,5184000,-186000,4998000
2010/04/16,0,743870,-863000,-119130
2010/04/19,0,1068000,-4376000,-3308000
2010/04/20,0,420000,-1066000,-646000
2010/04/21,0,1219000,-1037000,182000
2010/04/22,0,165000,-2410530,-2245530
2010/04/23,0,337000,-1678000,-1341000
2010/04/26,0,3996000,-2000,3994000
2010/04/27,0,2911000,-3318000,-407000
2010/04/28,0,218000,-3389230,-3171230
2010/04/29,0,2468000,-2197000,271000
2010/04/30,0,3172000,-917000,2255000
2010/05/03,0,277000,-1112000,-835000
2010/05/04,0,262000,-1977000,-1715000
2010/05/05,0,222000,-6090090,-5868090
2010/05/06,0,1114000,-17853125,-16739125
2010/05/07,0,2249000,-5028170,-2779170
2010/05/10,0,810280,-2811810,-2001530
2010/05/11,0,1874000,-4150395,-2276395
2010/05/12,0,1475000,-7534000,-6059000
2010/05/13,0,2214000,-2850000,-636000
2010/05/14,0,1469000,-490000,979000
2010/05/17,0,1235000,-4108000,-2873000
2010/05/18,0,2401000,-5187000,-2786000
2010/05/19,0,910000,-3094000,-2184000
2010/05/20,0,264000,-4697000,-4433000
2010/05/21,0,2358000,-5301320,-2943320
2010/05/24,0,1959000,-1414000,545000
2010/05/25,0,815000,-6293875,-5478875
2010/05/26,0,3174000,-4014000,-840000
2010/05/27,0,339000,-2866367,-2527367
2010/05/28,0,1336000,-4575000,-3239000
2010/05/31,0,1028000,-681000,347000
2010/06/01,0,518000,-1085000,-567000
2010/06/02,0,2723000,-1816000,907000
2010/06/03,0,2170000,-660000,1510000
2010/06/04,0,1848000,-2899000,-1051000
2010/06/07,0,2211000,-2502000,-291000
2010/06/08,0,594000,-2589000,-1995000
2010/06/09,0,615000,-3080000,-2465000
2010/06/10,0,991000,-359000,632000
2010/06/11,0,1366332,-648000,718332
2010/06/14,0,1527332,-264000,1263332
2010/06/15,0,3681664,-398420,3283244
2010/06/16,0,0,0,0
2010/06/17,0,2933632,-214000,2719632
2010/06/18,0,983394,-981000,2394
2010/06/21,0,5394196,-1163244,4230952
2010/06/22,0,834027,-682000,152027
2010/06/23,0,919035,-517615,401420
2010/06/24,0,219000,-2715600,-2496600
2010/06/25,0,542963,-1653000,-1110037
2010/06/28,0,482000,-454000,28000
2010/06/29,0,1706000,-2469000,-763000
2010/06/30,0,4031000,-2589000,1442000
2010/07/01,0,9914741,-11260321,-1345580
2010/07/02,0,711000,-1532200,-821200
2010/07/05,0,1013037,-1767000,-753963
2010/07/06,0,580000,-2804000,-2224000
2010/07/07,0,1316977,-1563000,-246023
2010/07/08,0,5390000,-2404000,2986000
2010/07/09,0,1415000,-1665495,-250495
2010/07/12,0,1717000,-1823232,-106232
2010/07/13,0,1691000,-3225000,-1534000
2010/07/14,0,3618364,-253000,3365364
2010/07/15,0,5076000,-2974000,2102000
2010/07/16,0,4537008,-1027000,3510008
2010/07/19,0,1623000,-1007000,616000
2010/07/20,0,2124674,-952000,1172674
2010/07/21,0,3977000,-1699000,2278000
2010/07/22,0,832000,-1309000,-477000
2010/07/23,0,3520000,-958000,2562000
2010/07/26,0,1704810,-1939000,-234190
2010/07/27,0,1553100,-1301224,251876
2010/07/28,0,5171000,-1345000,3826000
2010/07/29,0,2188000,-788241,1399759
2010/07/30,0,4150585,-4108000,42585
2010/08/02,0,9340000,-1433000,7907000
2010/08/03,0,2034000,-3351000,-1317000
2010/08/04,0,1248000,-2967000,-1719000
2010/08/05,0,1280000,-975000,305000
2010/08/06,0,4543000,-258000,4285000
2010/08/09,0,1313000,-1241000,72000
2010/08/10,0,773000,-2071000,-1298000
2010/08/11,0,1217000,-1303526,-86526
2010/08/12,0,324000,-1861000,-1537000
2010/08/13,0,9266454,-1888000,7378454
2010/08/16,0,1143000,-2358000,-1215000
2010/08/17,0,522000,-10379000,-9857000
2010/08/18,0,1747000,-12561000,-10814000
2010/08/19,0,1587000,-7994000,-6407000
2010/08/20,0,275000,-4372000,-4097000
2010/08/23,0,20386000,-16411000,3975000
2010/08/24,0,2751000,-6646000,-3895000
2010/08/25,0,1022000,-7797000,-6775000
2010/08/26,0,1307000,-3692000,-2385000
2010/08/27,0,831000,-1927000,-1096000
2010/08/30,0,2896730,-1297000,1599730
2010/08/31,0,1361000,-2389261,-1028261
2010/09/01,0,633000,-688000,-55000
2010/09/02,0,1016000,-2325756,-1309756
2010/09/03,0,981000,-688000,293000
2010/09/06,0,4602000,-578099,4023901
2010/09/07,0,147098,-4451440,-4304342
2010/09/08,0,488930,-3528236,-3039306
2010/09/09,0,1182000,-1542000,-360000
2010/09/10,0,1073760,-149000,924760
2010/09/13,0,5464000,-489141,4974859
2010/09/14,0,1569685,-544000,1025685
2010/09/15,0,2355967,-576000,1779967
2010/09/16,0,1142000,-209000,933000
2010/09/17,0,3545000,-312000,3233000
2010/09/20,0,901000,-395000,506000
2010/09/21,0,683000,-782000,-99000
2010/09/22,0,0,0,0
2010/09/23,0,6308000,-154099,6153901
2010/09/24,0,4947090,-1426000,3521090
2010/09/27,0,4371130,-2889000,1482130
2010/09/28,0,1429530,-1704000,-274470
2010/09/29,0,5220000,-5039000,181000
2010/09/30,0,989000,-4081000,-3092000
2010/10/01,0,1157120,-89000,1068120
2010/10/04,0,5411110,-1058000,4353110
2010/10/05,0,4698860,-7073720,-2374860
2010/10/06,0,5343790,-7027000,-1683210
2010/10/07,0,4459640,-3305000,1154640
2010/10/08,0,4006820,-5126000,-1119180
2010/10/11,0,5230680,-5834000,-603320
2010/10/12,0,1356300,-1408000,-51700
2010/10/13,0,2500070,-8395000,-5894930
2010/10/14,0,3322080,-5622000,-2299920
2010/10/15,0,2300230,-7947000,-5646770
2010/10/18,0,35000,-7785000,-7750000
2010/10/19,0,1425000,-6886000,-5461000
2010/10/20,0,2116000,-5611780,-3495780
2010/10/21,0,2654000,-13259000,-10605000
2010/10/22,0,2442000,-5901000,-3459000
2010/10/25,0,8621000,-9810000,-1189000
2010/10/26,0,2060000,-4399467,-2339467
2010/10/27,0,2259720,-6826000,-4566280
2010/10/28,0,5713225,-4273000,1440225
2010/10/29,0,2575000,-7010000,-4435000
2010/11/01,0,4634000,-9892000,-5258000
2010/11/02,0,5633000,-1297000,4336000
2010/11/03,0,4106000,-17581000,-13475000
2010/11/04,0,7620000,-56238000,-48618000
2010/11/05,0,8907000,-105147460,-96240460
2010/11/08,0,2529000,-24116000,-21587000
2010/11/09,0,3690000,-9449000,-5759000
2010/11/10,0,2171000,-21037990,-18866990
2010/11/11,0,886000,-19005679,-18119679
2010/11/12,0,1471000,-8908000,-7437000
2010/11/15,0,4760240,-974000,3786240
2010/11/16,0,14185000,-17297400,-3112400
2010/11/17,0,76870000,-94513000,-17643000
2010/11/18,0,24853000,-43351370,-18498370
2010/11/19,0,5839860,-6927000,-1087140
2010/11/22,0,2130660,-3371000,-1240340
2010/11/23,0,3266900,-3503000,-236100
2010/11/24,0,1558000,-1536000,22000
2010/11/25,0,2615000,-2683000,-68000
2010/11/26,0,845000,-1604000,-759000
2010/11/29,0,2222000,-3282690,-1060690
2010/11/30,0,14325418,-10386181,3939237
2010/12/01,0,4237000,-5442000,-1205000
2010/12/02,0,7583315,-2851456,4731859
2010/12/03,0,1813000,-761000,1052000
2010/12/06,0,1771000,-2718000,-947000
2010/12/07,0,3417040,-1926000,1491040
2010/12/08,0,15294000,-18101000,-2807000
2010/12/09,0,3483000,-5483000,-2000000
2010/12/10,0,432000,-638000,-206000
2010/12/13,0,364000,-1570000,-1206000
2010/12/14,0,3076000,-3249000,-173000
2010/12/15,0,4359000,-3428000,931000
2010/12/16,0,3760000,-1446000,2314000
2010/12/17,0,6833000,-7518000,-685000
2010/12/20,0,2120960,-3338000,-1217040
2010/12/21,0,2936000,-3921910,-985910
2010/12/22,0,2351000,-2528420,-177420
2010/12/23,0,1689000,-982000,707000
2010/12/24,0,624000,-585000,39000
2010/12/27,0,2363000,-129000,2234000
2010/12/28,0,1925000,-2679000,-754000
2010/12/29,0,5900100,-438000,5462100
2010/12/30,0,4479000,-6606000,-2127000
2010/12/31,0,1579000,-481560,1097440
2011/01/03,0,2963000,-749000,2214000
2011/01/04,0,2425000,-892000,1533000
2011/01/05,0,567000,-1889530,-1322530
2011/01/06,0,3512000,-2784000,728000
2011/01/07,0,2463000,-5544000,-3081000
2011/01/10,0,1618000,-902000,716000
2011/01/11,0,2525000,-1705000,820000
2011/01/12,0,1124000,-1317000,-193000
2011/01/13,0,1414010,-2692000,-1277990
2011/01/14,0,1631000,-3726100,-2095100
2011/01/17,0,364374,-2428000,-2063626
2011/01/18,0,934000,-634210,299790
2011/01/19,0,1459000,-1213000,246000
2011/01/20,0,866000,-212000,654000
2011/01/21,0,891000,-2075000,-1184000
2011/01/24,0,596000,-550000,46000
2011/01/25,0,941000,-1233000,-292000
2011/01/26,0,917000,-623100,293900
2011/01/27,0,485000,-548440,-63440
2011/01/28,0,2403890,-1747000,656890
2011/01/31,0,0,0,0
2011/02/01,0,0,0,0
2011/02/02,0,0,0,0
2011/02/03,0,0,0,0
2011/02/04,0,0,0,0
2011/02/07,0,0,0,0
2011/02/08,0,1539000,-7041303,-5502303
2011/02/09,0,6787000,-4099020,2687980
2011/02/10,0,2280000,-3511500,-1231500
2011/02/11,0,3335000,-4145000,-810000
2011/02/14,0,5717000,-3679180,2037820
2011/02/15,0,1454000,-5406887,-3952887
2011/02/16,0,827150,-7986000,-7158850
2011/02/17,0,2967000,-6414587,-3447587
2011/02/18,0,4070000,-6865000,-2795000
2011/02/21,0,80000,-2847000,-2767000
2011/02/22,0,452000,-4754000,-4302000
2011/02/23,0,1072815,-7003800,-5930985
2011/02/24,0,686000,-3338000,-2652000
2011/02/25,0,3414000,-5263390,-1849390
2011/02/28,0,0,0,0
2011/03/01,0,1163000,-1299000,-136000
2011/03/02,0,1204171,-4560000,-3355829
2011/03/03,0,2990000,-413000,2577000
2011/03/04,0,1218000,-632000,586000
2011/03/07,0,1090000,-2089000,-999000
2011/03/08,0,2972000,-2515000,457000
2011/03/09,0,538000,-659918,-121918
2011/03/10,0,2099000,-5487390,-3388390
2011/03/11,0,2671000,-6650880,-3979880
2011/03/14,0,2113000,-1630000,483000
2011/03/15,0,3516000,-2145510,1370490
2011/03/16,0,2018000,-2541250,-523250
2011/03/17,0,3611000,-3856650,-245650
2011/03/18,0,3463000,-4745560,-1282560
2011/03/21,0,865000,-1493000,-628000
2011/03/22,0,1245340,-1610000,-364660
2011/03/23,0,1822000,-615000,1207000
2011/03/24,0,746000,-722000,24000
2011/03/25,0,2229000,-1164000,1065000
2011/03/28,0,2066000,-4195000,-2129000
2011/03/29,0,1222000,-2848000,-1626000
2011/03/30,0,3178000,-4217000,-1039000
2011/03/31,0,3723233,-751557,2971676
2011/04/01,0,1934780,-6000,1928780
2011/04/04,0,0,0,0
2011/04/05,0,0,0,0
2011/04/06,0,7530940,-177000,7353940
2011/04/07,0,1849000,-417000,1432000
2011/04/08,0,4073837,-2094000,1979837
2011/04/11,0,2122642,-2826000,-703358
2011/04/12,0,723908,-550000,173908
2011/04/13,0,1578000,-581000,997000
2011/04/14,0,2659000,-746900,1912100
2011/04/15,0,1125000,-841000,284000
2011/04/18,0,476000,-964465,-488465
2011/04/19,0,2799000,-1603000,1196000
2011/04/20,0,1565327,-775000,790327
2011/04/21,0,4598912,-5149000,-550088
2011/04/22,0,1433000,-472000,961000
2011/04/25,0,1225000,-219000,1006000
2011/04/26,0,2024454,-1680000,344454
2011/04/27,0,3911000,-140000,3771000
2011/04/28,0,2004248,-2611000,-606752
2011/04/29,0,1381752,-2004000,-622248
2011/05/02,0,0,0,0
2011/05/03,0,1785000,-1326000,459000
2011/05/04,0,687000,-2094000,-1407000
2011/05/05,0,1312000,-1784000,-472000
2011/05/06,0,1112245,-1956000,-843755
2011/05/09,0,2288000,-504000,1784000
2011/05/10,0,1926000,-68000,1858000
2011/05/11,0,1476000,-1923000,-447000
2011/05/12,0,1160000,-1488000,-328000
2011/05/13,0,1875000,-1404000,471000
2011/05/16,0,719000,-3205000,-2486000
2011/05/17,0,686000,-1559000,-873000
2011/05/18,0,4189000,-265000,3924000
2011/05/19,0,2973128,-3434000,-460872
2011/05/20,0,1137000,-1712000,-575000
2011/05/23,0,1433000,-3934000,-2501000
2011/05/24,0,1160000,-1477962,-317962
2011/05/25,0,344000,-3278000,-2934000
2011/05/26,0,759311,-1945795,-1186484
2011/05/27,0,477000,-1350000,-873000
2011/05/30,0,2012000,-4062000,-2050000
2011/05/31,0,8000000,-7074666,925334
2011/06/01,0,2073000,-2964251,-891251
2011/06/02,0,2721000,-2728000,-7000
2011/06/03,0,947000,-2335000,-1388000
2011/06/06,0,0,0,0
2011/06/07,0,989000,-2937000,-1948000
2011/06/08,0,1364000,-1313000,51000
2011/06/09,0,591000,-332000,259000
2011/06/10,0,4562000,-1150258,3411742
2011/06/13,0,486000,-1271699,-785699
2011/06/14,0,1442000,-3650837,-2208837
2011/06/15,0,5480000,-4464000,1016000
2011/06/16,0,1589000,-1398000,191000
2011/06/17,0,1479000,-2840245,-1361245
2011/06/20,0,972000,-2180044,-1208044
2011/06/21,0,1502000,-3699000,-2197000
2011/06/22,0,980000,-2028000,-1048000
2011/06/23,0,637744,-4334346,-3696602
2011/06/24,0,3026000,-1331638,1694362
2011/06/27,0,1865000,-1382661,482339
2011/06/28,0,870000,-1314872,-444872
2011/06/29,0,3300000,-1571000,1729000
2011/06/30,0,2351000,-2423000,-72000
2011/07/01,0,728404,-1770000,-1041596
2011/07/04,0,407587,-1084858,-677271
2011/07/05,0,1539876,-5955000,-4415124
2011/07/06,0,953865,-1853000,-899135
2011/07/07,0,1349230,-562000,787230
2011/07/08,0,2579600,-1215000,1364600
2011/07/11,0,870399,-840000,30399
2011/07/12,0,1059506,-3009000,-1949494
2011/07/13,0,881839,-778000,103839
2011/07/14,0,3614964,-4387000,-772036
2011/07/15,0,3752340,-919000,2833340
2011/07/18,0,195717,-5073000,-4877283
2011/07/19,0,12000,-2044200,-2032200
2011/07/20,0,2210265,-2815000,-604735
2011/07/21,0,1291509,-1547000,-255491
2011/07/22,0,1875196,-1354000,521196
2011/07/25,0,414515,-610000,-195485
2011/07/26,0,1600476,-61000,1539476
2011/07/27,0,996383,-721000,275383
2011/07/28,0,1754729,-401000,1353729
2011/07/29,0,2377842,-305292,2072550
2011/08/01,0,3704842,-765000,2939842
2011/08/02,0,705270,-2245000,-1539730
2011/08/03,0,852756,-2151000,-1298244
2011/08/04,0,741575,-1772000,-1030425
2011/08/05,0,628675,-1230000,-601325
2011/08/08,0,963895,-5210000,-4246105
2011/08/09,0,2515000,-10352187,-7837187
2011/08/10,0,1864000,-7980000,-6116000
2011/08/11,0,3536000,-3233000,303000
2011/08/12,0,1905000,-4246305,-2341305
2011/08/15,0,3032132,-1171000,1861132
2011/08/16,0,1937000,-2087000,-150000
2011/08/17,0,1824357,-1824000,357
2011/08/18,0,1470129,-3443000,-1972871
2011/08/19,0,1169408,-513000,656408
2011/08/22,0,3828198,-1987000,1841198
2011/08/23,0,1711000,-1332963,378037
2011/08/24,0,1188420,-5504000,-4315580
2011/08/25,0,921363,-1366080,-444717
2011/08/26,0,1807398,-1475925,331473
2011/08/29,0,3311000,-1117942,2193058
2011/08/30,0,884623,-2026000,-1141377
2011/08/31,0,4693960,-628000,4065960
2011/09/01,0,5561446,-815494,4745952
2011/09/02,0,2739062,-1578000,1161062
2011/09/05,0,1539000,-5027000,-3488000
2011/09/06,0,588261,-2840749,-2252488
2011/09/07,0,991835,-694000,297835
2011/09/08,0,1377722,-1194000,183722
2011/09/09,0,1485000,-569416,915584
2011/09/12,0,0,0,0
2011/09/13,0,365327,-2315000,-1949673
2011/09/14,0,4414737,-4659667,-244930
2011/09/15,0,2867000,-744000,2123000
2011/09/16,0,4356000,-477000,3879000
2011/09/19,0,231651,-276000,-44349
2011/09/20,0,1454295,-1630000,-175705
2011/09/21,0,1412428,-392000,1020428
2011/09/22,0,832111,-4398000,-3565889
2011/09/23,0,1194407,-3104000,-1909593
2011/09/26,0,2458890,-1338000,1120890
2011/09/27,0,3993275,-4873000,-879725
2011/09/28,0,3610344,-1612000,1998344
2011/09/29,0,4435126,-1447000,2988126
2011/09/30,0,2083000,-2569000,-486000
2011/10/03,0,726489,-3877292,-3150803
2011/10/04,0,2740000,-332000,2408000
2011/10/05,0,1505000,-2564000,-1059000
2011/10/06,0,4504000,-2819000,1685000
2011/10/07,0,2532000,-837000,1695000
2011/10/10,0,0,0,0
2011/10/11,0,1727000,-474000,1253000
2011/10/12,0,1708000,-1545000,163000
2011/10/13,0,1770561,-1055000,715561
2011/10/14,0,838901,-554000,284901
2011/10/17,0,3285624,-376000,2909624
2011/10/18,0,1877225,-2478000,-600775
2011/10/19,0,1270229,-739000,531229
2011/10/20,0,1817827,-3275000,-1457173
2011/10/21,0,1076354,-329000,747354
2011/10/24,0,5610725,-286000,5324725
2011/10/25,0,1414108,-859000,555108
2011/10/26,0,3131000,-1035000,2096000
2011/10/27,0,1850000,-636000,1214000
2011/10/28,0,3501000,-1660000,1841000
2011/10/31,0,2368000,-2078000,290000
2011/11/01,0,1946000,-1362000,584000
2011/11/02,0,929000,-1675000,-746000
2011/11/03,0,2066000,-2424000,-358000
2011/11/04,0,2102000,-1635000,467000
2011/11/07,0,591000,-628000,-37000
2011/11/08,0,872814,-1065000,-192186
2011/11/09,0,1951000,-2439000,-488000
2011/11/10,0,502000,-1554000,-1052000
2011/11/11,0,1161000,-1441000,-280000
2011/11/14,0,1060000,-306000,754000
2011/11/15,0,1434000,-1636000,-202000
2011/11/16,0,726000,-1460000,-734000
2011/11/17,0,1445000,-899024,545976
2011/11/18,0,297000,-2166000,-1869000
2011/11/21,0,1848000,-3162000,-1314000
2011/11/22,0,893000,-862000,31000
2011/11/23,0,1171000,-2918000,-1747000
2011/11/24,0,1520000,-857000,663000
2011/11/25,0,1651000,-3236000,-1585000
2011/11/28,0,1058476,-1497000,-438524
2011/11/29,0,1549000,-3162000,-1613000
2011/11/30,0,4725000,-4302000,423000
2011/12/01,0,6761000,-213000,6548000
2011/12/02,0,2473000,-1470000,1003000
2011/12/05,0,2289000,-793000,1496000
2011/12/06,0,3429000,-1193000,2236000
2011/12/07,0,4141000,-1260000,2881000
2011/12/08,0,4187000,-1271000,2916000
2011/12/09,0,2680000,-1803000,877000
2011/12/12,0,1581000,-890000,691000
2011/12/13,0,1610000,-894000,716000
2011/12/14,0,618000,-513350,104650
2011/12/15,0,231000,-3272000,-3041000
2011/12/16,0,1263000,-487000,776000
2011/12/19,0,2017000,-1118000,899000
2011/12/20,0,1909000,-4178800,-2269800
2011/12/21,0,2286000,-3009200,-723200
2011/12/22,0,2017000,-543000,1474000
2011/12/23,0,2607000,-241000,2366000
2011/12/26,0,604000,-605000,-1000
2011/12/27,0,1556000,-250000,1306000
2011/12/28,0,1454000,-367000,1087000
2011/12/29,0,2220000,-323000,1897000
2011/12/30,0,6026000,-348000,5678000
2012/01/02,0,1216000,-759000,457000
2012/01/03,0,3601000,-74000,3527000
2012/01/04,0,5599000,-568000,5031000
2012/01/05,0,1416000,-1850000,-434000
2012/01/06,0,3364000,-1300000,2064000
2012/01/09,0,3751000,-590000,3161000
2012/01/10,0,6419000,-674000,5745000
2012/01/11,0,4529200,-686000,3843200
2012/01/12,0,5075000,-359000,4716000
2012/01/13,0,5180000,-681000,4499000
2012/01/16,0,1109000,-1108000,1000
2012/01/17,0,5811000,-2058200,3752800
2012/01/18,0,6793000,-1238000,5555000
2012/01/19,0,0,0,0
2012/01/20,0,0,0,0
2012/01/23,0,0,0,0
2012/01/24,0,0,0,0
2012/01/25,0,0,0,0
2012/01/26,0,0,0,0
2012/01/27,0,0,0,0
2012/01/30,0,9164925,-1580000,7584925
2012/01/31,0,7913330,-2163000,5750330
2012/02/01,0,1275000,-1700000,-425000
2012/02/02,0,6068000,-772000,5296000
2012/02/03,0,3588000,-595000,2993000
2012/02/06,0,2182000,-3629000,-1447000
2012/02/07,0,3327000,-616000,2711000
2012/02/08,0,4465000,-213000,4252000
2012/02/09,0,4003000,-381051,3621949
2012/02/10,0,1446000,-1051000,395000
2012/02/13,0,3651000,-796000,2855000
2012/02/14,0,1029000,-3599200,-2570200
2012/02/15,0,4461000,-1436000,3025000
2012/02/16,0,2416000,-1543000,873000
2012/02/17,0,2491000,-511000,1980000
2012/02/20,0,630000,-1145000,-515000
2012/02/21,0,889000,-1468000,-579000
2012/02/22,0,6869000,-886000,5983000
2012/02/23,0,2415000,-2094000,321000
2012/02/24,0,2079000,-2679000,-600000
2012/02/27,0,0,0,0
2012/02/28,0,0,0,0
2012/02/29,0,8222703,-1824000,6398703
2012/03/01,0,2284112,-1689000,595112
2012/03/02,0,2272644,-509000,1763644
2012/03/05,0,3075000,-1971000,1104000
2012/03/06,0,3051000,-3518000,-467000
2012/03/07,0,1501000,-2726000,-1225000
2012/03/08,0,1470000,-1824000,-354000
2012/03/09,0,990000,-1252000,-262000
2012/03/12,0,470000,-853000,-383000
2012/03/13,0,4479000,-885000,3594000
2012/03/14,0,2190000,-1667041,522959
2012/03/15,0,2891000,-987000,1904000
2012/03/16,0,2117000,-1202076,914924
2012/03/19,0,635000,-893000,-258000
2012/03/20,0,459000,-1150000,-691000
2012/03/21,0,1389000,-789000,600000
2012/03/22,0,1660000,-65000,1595000
2012/03/23,0,1346000,-1003000,343000
2012/03/26,0,890000,-5660000,-4770000
2012/03/27,0,2109000,-1461000,648000
2012/03/28,0,1152000,-1891000,-739000
2012/03/29,0,2083000,-2413000,-330000
2012/03/30,0,3190443,-2141000,1049443
2012/04/02,0,916000,-907000,9000
2012/04/03,0,1808369,-885000,923369
2012/04/04,0,0,0,0
2012/04/05,0,1362000,-1997000,-635000
2012/04/06,0,1981771,-3643000,-1661229
2012/04/09,0,1184000,-1650000,-466000
2012/04/10,0,1221000,-534222,686778
2012/04/11,0,1280160,-2230000,-949840
2012/04/12,0,1919000,-2752000,-833000
2012/04/13,0,2666940,-2482000,184940
2012/04/16,0,1596000,-2106000,-510000
2012/04/17,0,2177000,-4461000,-2284000
2012/04/18,0,727000,-2311000,-1584000
2012/04/19,0,1191000,-852000,339000
2012/04/20,0,844000,-2140291,-1296291
2012/04/23,0,1471784,-994000,477784
2012/04/24,0,1795000,-419000,1376000
2012/04/25,0,511000,-375000,136000
2012/04/26,0,454000,-842000,-388000
2012/04/27,0,1055847,-1842000,-786153
2012/04/30,0,1181000,-709000,472000
2012/05/01,0,0,0,0
2012/05/02,0,2477000,-1651164,825836
2012/05/03,0,2104000,-3941000,-1837000
2012/05/04,0,1677000,-2800000,-1123000
2012/05/07,0,1613000,-14692000,-13079000
2012/05/08,0,2975000,-1257000,1718000
2012/05/09,0,444000,-3706000,-3262000
2012/05/10,0,815231,-346955,468276
2012/05/11,0,692393,-2667000,-1974607
2012/05/14,0,589000,-662000,-73000
2012/05/15,0,431000,-1946000,-1515000
2012/05/16,0,270000,-2434000,-2164000
2012/05/17,0,1996000,-878000,1118000
2012/05/18,0,1865000,-3782000,-1917000
2012/05/21,0,986000,-342351,643649
2012/05/22,0,749000,-2082000,-1333000
2012/05/23,0,457000,-2621000,-2164000
2012/05/24,0,1548000,-200000,1348000
2012/05/25,0,1388000,-437000,951000
2012/05/28,0,513000,-891000,-378000
2012/05/29,0,1212000,-1022000,190000
2012/05/30,0,4895000,-6436969,-1541969
2012/05/31,0,3168100,-4040856,-872756
2012/06/01,0,1763630,-1736709,26921
2012/06/04,0,1415994,-1256000,159994
2012/06/05,0,2927000,-1080990,1846010
2012/06/06,0,2056000,-946000,1110000
2012/06/07,0,2465047,-1059000,1406047
2012/06/08,0,1634728,-1216000,418728
2012/06/11,0,4631306,-1562000,3069306
2012/06/12,0,2703000,-1848000,855000
2012/06/13,0,2366151,-2210000,156151
2012/06/14,0,1771670,-346623,1425047
2012/06/15,0,3705000,-1677685,2027315
2012/06/18,0,2899951,-337000,2562951
2012/06/19,0,1250077,-853000,397077
2012/06/20,0,5396761,-1664000,3732761
2012/06/21,0,3175955,-1378000,1797955
2012/06/22,0,2551322,-3373000,-821678
2012/06/25,0,2172000,-4340000,-2168000
2012/06/26,0,2221000,-1681000,540000
2012/06/27,0,1978000,-699000,1279000
2012/06/28,0,2103000,-1697000,406000
2012/06/29,0,5114000,-216140,4897860
2012/07/02,0,2505000,-865000,1640000
2012/07/03,0,2929000,-341000,2588000
2012/07/04,0,1017902,-544000,473902
2012/07/05,0,1548000,-483000,1065000
2012/07/06,0,2370000,-755000,1615000
2012/07/09,0,1023000,-193000,830000
2012/07/10,0,931000,-929000,2000
2012/07/11,0,1645000,-235000,1410000
2012/07/12,0,749000,-1811000,-1062000
2012/07/13,0,881936,-217634,664302
2012/07/16,0,821000,-197000,624000
2012/07/17,0,2117000,-116000,2001000
2012/07/18,0,1633000,-1620000,13000
2012/07/19,0,2683000,-779000,1904000
2012/07/20,0,2085000,-981000,1104000
2012/07/23,0,1987000,-2605000,-618000
2012/07/24,0,2645000,-1128000,1517000
2012/07/25,0,1552000,-2016787,-464787
2012/07/26,0,2870000,-2664683,205317
2012/07/27,0,1926000,-3000,1923000
2012/07/30,0,1010376,-323000,687376
2012/07/31,0,5935000,-9849431,-3914431
2012/08/01,0,2052000,-593000,1459000
2012/08/02,0,0,0,0
2012/08/03,0,809849,-1426000,-616151
2012/08/06,0,3383000,-18000,3365000
2012/08/07,0,3339000,-169000,3170000
2012/08/08,0,5130783,-333646,4797137
2012/08/09,0,6195000,-352000,5843000
2012/08/10,0,4549000,-202000,4347000
2012/08/13,0,2665000,-150000,2515000
2012/08/14,0,5010000,-73000,4937000
2012/08/15,0,6124000,-476000,5648000
2012/08/16,0,7582000,-459000,7123000
2012/08/17,0,3140000,-1512000,1628000
2012/08/20,0,2869000,-1013000,1856000
2012/08/21,0,4541974,-201642,4340332
2012/08/22,0,1034328,-672000,362328
2012/08/23,0,1526238,-105000,1421238
2012/08/24,0,913000,-204000,709000
2012/08/27,0,2070000,-616000,1454000
2012/08/28,0,3159800,-855000,2304800
2012/08/29,0,3352000,-206000,3146000
2012/08/30,0,4168000,-4757187,-589187
2012/08/31,0,1625691,-1063470,562221
2012/09/03,0,841000,-383000,458000
2012/09/04,0,318000,-501000,-183000
2012/09/05,0,806000,-2466000,-1660000
2012/09/06,0,1507000,-2035000,-528000
2012/09/07,0,1365000,-262838,1102162
2012/09/10,0,498000,-406900,91100
2012/09/11,0,172000,-522000,-350000
2012/09/12,0,1391000,-281000,1110000
2012/09/13,0,1801000,-729000,1072000
2012/09/14,0,2791000,-792000,1999000
2012/09/17,0,1078000,-983000,95000
2012/09/18,0,1292000,-473000,819000
2012/09/19,0,5387000,-690000,4697000
2012/09/20,0,3955000,-339000,3616000
2012/09/21,0,3907000,-1005000,2902000
2012/09/24,0,1520000,-386000,1134000
2012/09/25,0,3167000,-982000,2185000
2012/09/26,0,1715000,-1566000,149000
2012/09/27,0,5303000,-2467005,2835995
2012/09/28,0,1398000,-762987,635013
2012/10/01,0,562000,-848000,-286000
2012/10/02,0,2211000,-508000,1703000
2012/10/03,0,482000,-223000,259000
2012/10/04,0,966000,-363000,603000
2012/10/05,0,111000,-942000,-831000
2012/10/08,0,1698400,-454000,1244400
2012/10/09,0,3371000,-424033,2946967
2012/10/10,0,0,0,0
2012/10/11,0,67000,-2553000,-2486000
2012/10/12,0,3307000,-931000,2376000
2012/10/15,0,2615000,-449000,2166000
2012/10/16,0,1544000,-1873000,-329000
2012/10/17,0,1677000,-1104450,572550
2012/10/18,0,1082000,-134000,948000
2012/10/19,0,1033000,-792000,241000
2012/10/22,0,1202000,-1026948,175052
2012/10/23,0,882700,-1428000,-545300
2012/10/24,0,735000,-1800205,-1065205
2012/10/25,0,1320000,-1319000,1000
2012/10/26,0,2172000,-2165000,7000
2012/10/29,0,2005200,-1054000,951200
2012/10/30,0,1357000,-1632000,-275000
2012/10/31,0,417000,-2000000,-1583000
2012/11/01,0,631000,-3597000,-2966000
2012/11/02,0,1382000,-3303000,-1921000
2012/11/05,0,1439000,-813000,626000
2012/11/06,0,1941000,-614000,1327000
2012/11/07,0,2431000,-1396000,1035000
2012/11/08,0,1578000,-3876100,-2298100
2012/11/09,0,1736000,-1840000,-104000
2012/11/12,0,1270000,-1073000,197000
2012/11/13,0,2478000,-2682000,-204000
2012/11/14,0,241000,-904000,-663000
2012/11/15,0,2500000,-2025000,475000
2012/11/16,0,2092000,-3831000,-1739000
2012/11/19,0,943000,-1134000,-191000
2012/11/20,0,1374000,-1556000,-182000
2012/11/21,0,1026000,-2236000,-1210000
2012/11/22,0,912000,-574000,338000
2012/11/23,0,3904000,-900000,3004000
2012/11/26,0,2764000,-247000,2517000
2012/11/27,0,4110000,-401000,3709000
2012/11/28,0,2643000,-1583200,1059800
2012/11/29,0,5271000,-850000,4421000
2012/11/30,0,8473000,-1616212,6856788
2012/12/03,0,2857000,-3257000,-400000
2012/12/04,0,3124000,-1461000,1663000
2012/12/05,0,6855000,-1979000,4876000
2012/12/06,0,6135000,-1658000,4477000
2012/12/07,0,4171000,-535000,3636000
2012/12/10,0,4818000,-450000,4368000
2012/12/11,0,7470384,-1934000,5536384
2012/12/12,0,10156000,-1243000,8913000
2012/12/13,0,2420719,-2192000,228719
2012/12/14,0,2776398,-1631000,1145398
2012/12/17,0,7769000,-1325500,6443500
2012/12/18,0,2225000,-574000,1651000
2012/12/19,0,2579000,-1284000,1295000
2012/12/20,0,3812000,-2239000,1573000
2012/12/21,0,3784000,-2149103,1634897
2012/12/24,0,1640000,-185000,1455000
2012/12/25,0,1960000,-52000,1908000
2012/12/26,0,1615000,-2405000,-790000
2012/12/27,0,1917076,-1868000,49076
2012/12/28,0,3948000,-295000,3653000
2012/12/31,0,0,0,0
2013/01/01,0,0,0,0
2013/01/02,0,2830000,-482000,2348000
2013/01/03,0,1900000,-731000,1169000
2013/01/04,0,1579000,-1574000,5000
2013/01/07,0,2061000,-1757875,303125
2013/01/08,0,923000,-1583000,-660000
2013/01/09,0,1698000,-1082000,616000
2013/01/10,0,5679000,-889000,4790000
2013/01/11,0,1389000,-617000,772000
2013/01/14,0,2997000,-1291000,1706000
2013/01/15,0,1467000,-1126000,341000
2013/01/16,0,1880000,-874000,1006000
2013/01/17,0,2206100,-1826000,380100
2013/01/18,0,2384000,-633000,1751000
2013/01/21,0,950000,-2232000,-1282000
2013/01/22,0,2302000,-186548,2115452
2013/01/23,0,1773000,-539864,1233136
2013/01/24,0,1780000,-2045000,-265000
2013/01/25,0,1917000,-1879000,38000
2013/01/28,0,1842000,-691000,1151000
2013/01/29,0,3270000,-1957000,1313000
2013/01/30,0,2955000,-314000,2641000
2013/01/31,0,2839000,-2827000,12000
2013/02/01,0,3277000,-449000,2828000
2013/02/04,0,1621000,-626000,995000
2013/02/05,0,1211000,-161000,1050000
2013/02/06,0,1815000,-685000,1130000
2013/02/07,0,0,0,0
2013/02/08,0,0,0,0
2013/02/11,0,0,0,0
2013/02/12,0,0,0,0
2013/02/13,0,0,0,0
2013/02/14,0,0,0,0
2013/02/15,0,0,0,0
2013/02/18,0,3590888,-1442000,2148888
2013/02/19,0,1391551,-329000,1062551
2013/02/20,0,2323529,-539000,1784529
2013/02/21,0,4164244,-1325000,2839244
2013/02/22,0,4085000,-1232000,2853000
2013/02/25,0,4481000,-1954913,2526087
2013/02/26,0,6018000,-1721458,4296542
2013/02/27,0,5744500,-3118155,2626345
2013/02/28,0,0,0,0
2013/03/01,0,5417000,-546000,4871000
2013/03/04,0,5842000,-4385000,1457000
2013/03/05,0,1568000,-2893000,-1325000
2013/03/06,0,2230000,-1680000,550000
2013/03/07,0,1604000,-831225,772775
2013/03/08,0,2442300,-1841000,601300
2013/03/11,0,1578000,-1101000,477000
2013/03/12,0,2374000,-2231920,142080
2013/03/13,0,1925000,-2152000,-227000
2013/03/14,0,3087000,-4256569,-1169569
2013/03/15,0,8008000,-15986490,-7978490
2013/03/18,0,3287000,-5059000,-1772000
2013/03/19,0,3368000,-8804000,-5436000
2013/03/20,0,1442000,-5378048,-3936048
2013/03/21,0,2341000,-3825000,-1484000
2013/03/22,0,1968510,-3421275,-1452765
2013/03/25,0,2925000,-5542210,-2617210
2013/03/26,0,2764000,-3638000,-874000
2013/03/27,0,3325000,-3068000,257000
2013/03/28,0,1090000,-3745000,-2655000
2013/03/29,0,1322000,-612000,710000
2013/04/01,0,643520,-1535000,-891480
2013/04/02,0,824000,-1932000,-1108000
2013/04/03,0,3033000,-2049000,984000
2013/04/04,0,0,0,0
2013/04/05,0,0,0,0
2013/04/08,0,1846000,-4666000,-2820000
2013/04/09,0,1023000,-3085446,-2062446
2013/04/10,0,2007000,-3155000,-1148000
2013/04/11,0,2592878,-5489000,-2896122
2013/04/12,0,2449000,-3841000,-1392000
2013/04/15,0,441977,-6483000,-6041023
2013/04/16,0,1943791,-3507800,-1564009
2013/04/17,0,1900000,-11487000,-9587000
2013/04/18,0,1296000,-8121000,-6825000
2013/04/19,0,1973000,-6664000,-4691000
2013/04/22,0,2448000,-10715000,-8267000
2013/04/23,0,1414000,-4011000,-2597000
2013/04/24,0,4107000,-6051000,-1944000
2013/04/25,0,4633000,-1438000,3195000
2013/04/26,0,3094000,-624000,2470000
2013/04/29,0,1867000,-408000,1459000
2013/04/30,0,3529000,-746000,2783000
2013/05/01,0,0,0,0
2013/05/02,0,777000,-1127423,-350423
2013/05/03,0,1528000,-569000,959000
2013/05/06,0,1681000,-859125,821875
2013/05/07,0,1499200,-649000,850200
2013/05/08,0,3619000,-470371,3148629
2013/05/09,0,1365131,-916000,449131
2013/05/10,0,1673000,-299000,1374000
2013/05/13,0,742000,-308000,434000
2013/05/14,0,1392000,-149000,1243000
2013/05/15,0,2095000,-859000,1236000
2013/05/16,0,2826000,-673000,2153000
2013/05/17,0,854000,-479000,375000
2013/05/20,0,1547000,-1131000,416000
2013/05/21,0,1035000,-7468063,-6433063
2013/05/22,0,2376000,-9963120,-7587120
2013/05/23,0,595000,-14800472,-14205472
2013/05/24,0,1918860,-9356000,-7437140
2013/05/27,0,2895173,-1593000,1302173
2013/05/28,0,1461000,-6585000,-5124000
2013/05/29,0,961000,-4600062,-3639062
2013/05/30,0,718000,-10414000,-9696000
2013/05/31,0,2920000,-6611758,-3691758
2013/06/03,0,3036000,-4215000,-1179000
2013/06/04,0,1471000,-5411000,-3940000
2013/06/05,0,419000,-2808446,-2389446
2013/06/06,0,569331,-7376100,-6806769
2013/06/07,0,490000,-5458475,-4968475
2013/06/10,0,418000,-2837000,-2419000
2013/06/11,0,1151000,-3882000,-2731000
2013/06/12,0,0,0,0
2013/06/13,0,380000,-9650000,-9270000
2013/06/14,0,2069000,-5181000,-3112000
2013/06/17,0,933000,-2212637,-1279637
2013/06/18,0,1028000,-5136000,-4108000
2013/06/19,0,1224000,-8139017,-6915017
2013/06/20,0,994000,-5228514,-4234514
2013/06/21,0,2706000,-6737596,-4031596
2013/06/24,0,103000,-5969244,-5866244
2013/06/25,0,558000,-4366000,-3808000
2013/06/26,0,3595000,-5646875,-2051875
2013/06/27,0,3099000,-5272000,-2173000
2013/06/28,0,4988000,-4081000,907000
2013/07/01,0,4848000,-7405000,-2557000
2013/07/02,0,2017000,-1765031,251969
2013/07/03,0,783000,-5064100,-4281100
2013/07/04,0,676000,-67000,609000
2013/07/05,0,3160000,-1758000,1402000
2013/07/08,0,1189000,-1714000,-525000
2013/07/09,0,3238000,-1506000,1732000
2013/07/10,0,3476000,-2057000,1419000
2013/07/11,0,6519000,-919000,5600000
2013/07/12,0,2914000,-1426000,1488000
2013/07/15,0,3271000,-211000,3060000
2013/07/16,0,6484000,-1169000,5315000
2013/07/17,0,4384000,-874343,3509657
2013/07/18,0,3069000,-630000,2439000
2013/07/19,0,2727499,-1210000,1517499
2013/07/22,0,1800761,-572000,1228761
2013/07/23,0,4153000,-430000,3723000
2013/07/24,0,1342000,-873000,469000
2013/07/25,0,733000,-876000,-143000
2013/07/26,0,1759000,-338000,1421000
2013/07/29,0,553000,-619000,-66000
2013/07/30,0,2305000,-631000,1674000
2013/07/31,0,1689000,-888000,801000
2013/08/01,0,56000,-689000,-633000
2013/08/02,0,1172000,-1408000,-236000
2013/08/05,0,476000,-767000,-291000
2013/08/06,0,211000,-2804000,-2593000
2013/08/07,0,49000,-2490000,-2441000
2013/08/08,0,168000,-3003000,-2835000
2013/08/09,0,853000,-2987000,-2134000
2013/08/12,0,111000,-694000,-583000
2013/08/13,0,1179000,-180000,999000
2013/08/14,0,191920,-1800000,-1608080
2013/08/15,0,418000,-2559451,-2141451
2013/08/16,0,1905203,-1310000,595203
2013/08/19,0,510000,-1942000,-1432000
2013/08/20,0,630580,-2702580,-2072000
2013/08/21,0,0,0,0
2013/08/22,0,924580,-6451292,-5526712
2013/08/23,0,1146000,-1533000,-387000
2013/08/26,0,562000,-425000,137000
2013/08/27,0,680000,-1323000,-643000
2013/08/28,0,2726000,-946000,1780000
2013/08/29,0,2390000,-944000,1446000
2013/08/30,0,3607000,-1088445,2518555
2013/09/02,0,3740000,-2074000,1666000
2013/09/03,0,4799000,-339000,4460000
2013/09/04,0,2243000,-417000,1826000
2013/09/05,0,2768752,-348000,2420752
2013/09/06,0,2363000,-514000,1849000
2013/09/09,0,3902000,-24000,3878000
2013/09/10,0,2886000,-683000,2203000
2013/09/11,0,4441000,-350572,4090428
2013/09/12,0,4152000,-88000,4064000
2013/09/13,0,1972000,-1118000,854000
2013/09/16,0,4085000,-30000,4055000
2013/09/17,0,1868000,-1480000,388000
2013/09/18,0,2005749,-461000,1544749
2013/09/19,0,0,0,0
2013/09/20,0,0,0,0
2013/09/23,0,4136000,-3192800,943200
2013/09/24,0,1626000,-1665362,-39362
2013/09/25,0,2075000,-1427000,648000
2013/09/26,0,1827000,-1293000,534000
2013/09/27,0,2807000,-1292336,1514664
2013/09/30,0,2340989,-2445000,-104011
2013/10/01,0,764000,-657767,106233
2013/10/02,0,1250000,-1201514,48486
2013/10/03,0,5888250,-1240000,4648250
2013/10/04,0,2041000,-1065000,976000
2013/10/07,0,1879145,-791000,1088145
2013/10/08,0,2596000,-139000,2457000
2013/10/09,0,1215000,-764000,451000
2013/10/10,0,0,0,0
2013/10/11,0,1368000,-871000,497000
2013/10/14,0,1375000,-1288910,86090
2013/10/15,0,2997000,-477000,2520000
2013/10/16,0,1300000,-445000,855000
2013/10/17,0,1986000,-747000,1239000
2013/10/18,0,1679000,-295000,1384000
2013/10/21,0,1054000,-201000,853000
2013/10/22,0,864000,-29000,835000
2013/10/23,0,1073173,-831000,242173
2013/10/24,0,275000,-961000,-686000
2013/10/25,0,1461000,-1307000,154000
2013/10/28,0,1054000,-1006000,48000
2013/10/29,0,1371000,-959000,412000
2013/10/30,0,1405000,-232000,1173000
2013/10/31,0,2855000,-1274000,1581000
2013/11/01,0,889000,-725000,164000
2013/11/04,0,141000,-1384000,-1243000
2013/11/05,0,415000,-2292034,-1877034
2013/11/06,0,497000,-928000,-431000
2013/11/07,0,609000,-1435000,-826000
2013/11/08,0,300000,-1551000,-1251000
2013/11/11,0,150000,-1920000,-1770000
2013/11/12,0,797000,-2410000,-1613000
2013/11/13,0,1423255,-2964000,-1540745
2013/11/14,0,231000,-1952000,-1721000
2013/11/15,0,1226000,-2312290,-1086290
2013/11/18,0,408000,-2391000,-1983000
2013/11/19,0,251000,-1794290,-1543290
2013/11/20,0,495000,-2068541,-1573541
2013/11/21,0,1314000,-4415000,-3101000
2013/11/22,0,357000,-850000,-493000
2013/11/25,0,1270000,-1129000,141000
2013/11/26,0,3098000,-2481448,616552
2013/11/27,0,1453145,-1820000,-366855
2013/11/28,0,2078000,-33000,2045000
2013/11/29,0,1794000,-511000,1283000
2013/12/02,0,1113145,-279000,834145
2013/12/03,0,535000,-418465,116535
2013/12/04,0,1259000,-729000,530000
2013/12/05,0,612000,-965000,-353000
2013/12/06,0,1128000,-561000,567000
2013/12/09,0,2031000,-197000,1834000
2013/12/10,0,1021000,-887000,134000
2013/12/11,0,1534000,-4651000,-3117000
2013/12/12,0,316000,-2236722,-1920722
2013/12/13,0,352000,-1539000,-1187000
2013/12/16,0,170001,-2072000,-1901999
2013/12/17,0,2009000,-1167082,841918
2013/12/18,0,551000,-971000,-420000
2013/12/19,0,1770000,-358000,1412000
2013/12/20,0,1432000,-487454,944546
2013/12/23,0,1043000,-499000,544000
2013/12/24,0,317000,-199000,118000
2013/12/25,0,963000,-54000,909000
2013/12/26,0,889000,-21000,868000
2013/12/27,0,2682000,-276000,2406000
2013/12/30,0,2077000,-350000,1727000
2013/12/31,0,1540000,-620000,920000
2014/01/02,0,263000,-395000,-132000
2014/01/03,0,886000,-2200000,-1314000
2014/01/06,0,547333,-1954000,-1406667
2014/01/07,0,993000,-478000,515000
2014/01/08,0,1389000,-615000,774000
2014/01/09,0,237000,-1875000,-1638000
2014/01/10,0,2698000,-1015000,1683000
2014/01/13,0,873000,-435000,438000
2014/01/14,0,1576000,-886021,689979
2014/01/15,0,6046000,-732000,5314000
2014/01/16,0,3184000,-330000,2854000
2014/01/17,0,450145,-416000,34145
2014/01/20,0,399000,-261000,138000
2014/01/21,0,978000,-616803,361197
2014/01/22,0,2063000,-293000,1770000
2014/01/23,0,1723000,-728000,995000
2014/01/24,0,3603000,-608000,2995000
2014/01/27,0,2458000,-6718991,-4260991
2014/02/05,0,2675000,-11201000,-8526000
2014/02/06,0,2249000,-5572000,-3323000
2014/02/07,0,3557000,-2379000,1178000
2014/02/10,0,1981000,-3046000,-1065000
2014/02/11,0,1285410,-1277500,7910
2014/02/12,0,3549000,-2533600,1015400
2014/02/13,0,300000,-1034000,-734000
2014/02/14,0,8060000,-2546333,5513667
2014/02/17,0,1090000,-2400000,-1310000
2014/02/18,0,2358000,-2578000,-220000
2014/02/19,0,1255001,-507000,748001
2014/02/20,0,1412000,-1298972,113028
2014/02/21,0,4403000,-1310756,3092244
2014/02/24,0,529000,-2221000,-1692000
2014/02/25,0,2259578,-3000,2256578
2014/02/26,0,1677000,-4007000,-2330000
2014/02/27,0,2893000,-1965724,927276
2014/03/03,0,4112000,-2949000,1163000
2014/03/04,0,4190000,-1717283,2472717
2014/03/05,0,41240000,-36595000,4645000
2014/03/06,0,2158000,-1338000,820000
2014/03/07,0,2057000,-1617000,440000
2014/03/10,0,1175000,-1183143,-8143
2014/03/11,0,30304000,-31283730,-979730
2014/03/12,0,813000,-1770000,-957000
2014/03/13,0,3205000,-3489410,-284410
2014/03/14,0,3164000,-1431000,1733000
2014/03/17,0,2084000,-1747737,336263
2014/03/18,0,2461000,-1482000,979000
2014/03/19,0,4591000,-310000,4281000
2014/03/20,0,3302000,-3555000,-253000
2014/03/21,0,8106000,-5778000,2328000
2014/03/24,0,3071001,-3242000,-170999
2014/03/25,0,4569000,-2832000,1737000
2014/03/26,0,3523000,-3617000,-94000
2014/03/27,0,5039000,-4145000,894000
2014/03/28,0,4636000,-3533000,1103000
2014/03/31,0,5273145,-4158400,1114745
2014/04/01,0,3437000,-2906495,530505
2014/04/02,0,5990000,-2959000,3031000
2014/04/03,0,5915000,-4330000,1585000
2014/04/07,0,9148000,-4801000,4347000
2014/04/08,0,8113000,-5591000,2522000
2014/04/09,0,5145000,-4605672,539328
2014/04/10,0,8002000,-4574000,3428000
2014/04/11,0,5124000,-4225000,899000
2014/04/14,0,3233000,-1374000,1859000
2014/04/15,0,2482000,-1731194,750806
2014/04/16,0,4261253,-2695000,1566253
2014/04/17,0,2313000,-1281000,1032000
2014/04/18,0,5603000,-4179000,1424000
2014/04/21,0,9079000,-5207000,3872000
2014/04/22,0,5242000,-4847000,395000
2014/04/23,0,6001000,-4320000,1681000
2014/04/24,0,7418000,-4099000,3319000
2014/04/25,0,9557000,-6735000,2822000
2014/04/28,0,5038000,-3936000,1102000
2014/04/29,0,7007000,-4708000,2299000
2014/04/30,0,5827000,-6172000,-345000
2014/05/02,0,6045000,-3209000,2836000
2014/05/05,0,2046000,-2487000,-441000
2014/05/06,0,950000,-343000,607000
2014/05/07,0,2530000,-3244000,-714000
2014/05/08,0,6208000,-3849000,2359000
2014/05/09,0,2230000,-1314000,916000
2014/05/12,0,1679000,-1802500,-123500
2014/05/13,0,2556000,-1031000,1525000
2014/05/14,0,7362000,-645000,6717000
2014/05/15,0,3721000,-292000,3429000
2014/05/16,0,6706000,-804000,5902000
2014/05/19,0,1192000,-507332,684668
2014/05/20,0,2010000,-656443,1353557
2014/05/21,0,617000,-1841000,-1224000
2014/05/22,0,2031000,-341000,1690000
2014/05/23,0,1994000,-651000,1343000
2014/05/26,0,428000,-65000,363000
2014/05/27,0,875000,-376000,499000
2014/05/28,0,5002000,-1088000,3914000
2014/05/29,0,1393000,-917000,476000
2014/05/30,0,3850000,-4293886,-443886
2014/06/03,0,1591000,-1753000,-162000
2014/06/04,0,1198000,-1797000,-599000
2014/06/05,0,596000,-1770000,-1174000
2014/06/06,0,473000,-73000,400000
2014/06/09,0,1118000,-736860,381140
2014/06/10,0,2356022,-577000,1779022
2014/06/11,0,1771000,-1206000,565000
2014/06/12,0,1047000,-1989000,-942000
2014/06/13,0,2117000,-2890000,-773000
2014/06/16,0,2232000,-2944000,-712000
2014/06/17,0,1841000,-1094000,747000
2014/06/18,0,4372000,-2913000,1459000
2014/06/19,0,1027778,-2221000,-1193222
2014/06/20,0,4792000,-2846000,1946000
2014/06/23,0,3041000,-1845186,1195814
2014/06/24,0,1968000,-500273,1467727
2014/06/25,0,1876000,-171254,1704746
2014/06/26,0,1823904,-861000,962904
2014/06/27,0,515000,-1362000,-847000
2014/06/30,0,1196000,-1078000,118000
2014/07/01,0,1484000,-417000,1067000
2014/07/02,0,3442000,-3077000,365000
2014/07/03,0,1321000,-5058000,-3737000
2014/07/04,0,377622,-3107000,-2729378
2014/07/07,0,1556000,-1175000,381000
2014/07/08,0,1775000,-3542600,-1767600
2014/07/09,0,1792000,-1332000,460000
2014/07/10,0,2989000,-2770000,219000
2014/07/11,0,1641000,-1243000,398000
2014/07/14,0,1226000,-230000,996000
2014/07/15,0,717844,-458000,259844
2014/07/16,0,979000,-2050000,-1071000
2014/07/17,0,2019827,-1177000,842827
2014/07/18,0,1299000,-652000,647000
2014/07/21,0,1433000,-775000,658000
2014/07/22,0,3167000,-749600,2417400
2014/07/23,0,0,0,0
2014/07/24,0,1106000,-333000,773000
2014/07/25,0,634000,-1292000,-658000
2014/07/28,0,2095000,-1022000,1073000
2014/07/29,0,2993000,-1428120,1564880
2014/07/30,0,3543000,-3638000,-95000
2014/07/31,0,1775000,-2961000,-1186000
2014/08/01,0,1981000,-1076000,905000
2014/08/04,0,2041000,-1435000,606000
2014/08/05,0,2110000,-4578744,-2468744
2014/08/06,0,3829000,-985000,2844000
2014/08/07,0,1562362,-1751445,-189083
2014/08/08,0,797000,-1832824,-1035824
2014/08/11,0,333000,-932000,-599000
2014/08/12,0,1030000,-2059451,-1029451
2014/08/13,0,2785000,-1429000,1356000
2014/08/14,0,324000,-2432000,-2108000
2014/08/15,0,1034000,-516000,518000
2014/08/18,0,578000,-1396000,-818000
2014/08/19,0,2441530,-634000,1807530
2014/08/20,0,1599530,-1196000,403530
2014/08/21,0,1281000,-841000,440000
2014/08/22,0,3737533,-363000,3374533
2014/08/25,0,472000,-1512000,-1040000
2014/08/26,0,897185,-3034000,-2136815
2014/08/27,0,3267000,-1745000,1522000
2014/08/28,0,701000,-1406000,-705000
2014/08/29,0,1356000,-2712000,-1356000
2014/09/01,0,1101000,-906000,195000
2014/09/02,0,595000,-3153000,-2558000
2014/09/03,0,3648557,-898000,2750557
2014/09/04,0,2347000,-1201000,1146000
2014/09/05,0,1744000,-450000,1294000
2014/09/09,0,1456000,-2493000,-1037000
2014/09/10,0,158000,-2097000,-1939000
2014/09/11,0,263000,-1173000,-910000
2014/09/12,0,1393267,-2784373,-1391106
2014/09/15,0,303000,-540000,-237000
2014/09/16,0,471000,-1057000,-586000
2014/09/17,0,1041000,-2724000,-1683000
2014/09/18,0,400000,-902000,-502000
2014/09/19,0,1043000,-3264900,-2221900
2014/09/22,0,492000,-4402000,-3910000
2014/09/23,0,796000,-1322000,-526000
2014/09/24,0,214000,-1999000,-1785000
2014/09/25,0,922000,-3419000,-2497000
2014/09/26,0,967000,-1082000,-115000
2014/09/29,0,2864000,-6066236,-3202236
2014/09/30,0,9847000,-7329500,2517500
2014/10/01,0,322000,-4119000,-3797000
2014/10/02,0,1417000,-5267000,-3850000
2014/10/03,0,2252000,-4034000,-1782000
2014/10/06,0,1610000,-4622500,-3012500
2014/10/07,0,807000,-4907000,-4100000
2014/10/08,0,3521000,-4750825,-1229825
2014/10/09,0,1284000,-1204000,80000
2014/10/13,0,882000,-2221000,-1339000
2014/10/14,0,1428000,-3773000,-2345000
2014/10/15,0,2172000,-4974000,-2802000
2014/10/16,0,3121000,-2227000,894000
2014/10/17,0,4693000,-3474000,1219000
2014/10/20,0,1688000,-1582000,106000
2014/10/21,0,1664000,-1805000,-141000
2014/10/22,0,1064000,-2419000,-1355000
2014/10/23,0,238000,-1884000,-1646000
2014/10/24,0,600000,-2265000,-1665000
2014/10/27,0,1238000,-1235000,3000
2014/10/28,0,3850000,-3324000,526000
2014/10/29,0,2079000,-1129000,950000
2014/10/30,0,2440000,-1314000,1126000
2014/10/31,0,1942000,-2018000,-76000
2014/11/03,0,2022000,-2369000,-347000
2014/11/04,0,1070000,-537000,533000
2014/11/05,0,1613000,-264000,1349000
2014/11/06,0,1102000,-1659000,-557000
2014/11/07,0,2763000,-380620,2382380
2014/11/10,0,4416000,-1406000,3010000
2014/11/11,0,1138000,-450000,688000
2014/11/12,0,284000,-3308000,-3024000
2014/11/13,0,679000,-3882000,-3203000
2014/11/14,0,2513000,-1125000,1388000
2014/11/17,0,1045000,-1890715,-845715
2014/11/18,0,1380145,-1708000,-327855
2014/11/19,0,5771000,-3088000,2683000
2014/11/20,0,2609000,-7252000,-4643000
2014/11/21,0,1109000,-5065000,-3956000
2014/11/24,0,1556000,-3486000,-1930000
2014/11/25,0,2006860,-1327000,679860
2014/11/26,0,579000,-1458000,-879000
2014/11/27,0,1474000,-635000,839000
2014/11/28,0,1761000,-1986000,-225000
2014/12/01,0,224000,-4287000,-4063000
2014/12/02,0,1050000,-6865000,-5815000
2014/12/03,0,1734000,-6978000,-5244000
2014/12/04,0,1413000,-1592000,-179000
2014/12/05,0,1130000,-3031000,-1901000
2014/12/08,0,186000,-1987000,-1801000
2014/12/09,0,341000,-3082000,-2741000
2014/12/10,0,1219000,-3206000,-1987000
2014/12/11,0,184000,-1593000,-1409000
2014/12/12,0,101145,-1677000,-1575855
2014/12/15,0,366000,-3103000,-2737000
2014/12/16,0,970000,-1866000,-896000
2014/12/17,0,1315000,-4756844,-3441844
2014/12/18,0,696397,-2376000,-1679603
2014/12/19,0,2460000,-3453000,-993000
2014/12/22,0,1609000,-875000,734000
2014/12/23,0,977000,-2769000,-1792000
2014/12/24,0,954000,-1424000,-470000
2014/12/25,0,303000,-100000,203000
2014/12/26,0,664000,-100000,564000
2014/12/29,0,2051000,-273000,1778000
2014/12/30,0,1424000,-540000,884000
2014/12/31,0,1260000,-1247357,12643
2015/01/01,0,0,0,0
2015/01/02,0,0,0,0
2015/01/05,0,732000,-1291000,-559000
2015/01/06,0,600000,-3979000,-3379000
2015/01/07,0,1607000,-3251000,-1644000
2015/01/08,0,1336000,-1563619,-227619
2015/01/09,0,1495000,-1861900,-366900
2015/01/12,0,64000,-1157000,-1093000
2015/01/13,0,1726000,-1678000,48000
2015/01/14,0,791000,-2017000,-1226000
2015/01/15,0,248000,-2809000,-2561000
2015/01/16,0,1130000,-3130016,-2000016
2015/01/19,0,1801000,-433000,1368000
2015/01/20,0,1106000,-1273000,-167000
2015/01/21,0,2612000,-2303000,309000
2015/01/22,0,2036000,-941000,1095000
2015/01/23,0,2507000,-1508713,998287
2015/01/26,0,1844000,-2327000,-483000
2015/01/27,0,1595000,-555000,1040000
2015/01/28,0,1448000,-1190000,258000
2015/01/29,0,1515000,-1404000,111000
2015/01/30,0,1232000,-2695000,-1463000
2015/02/02,0,735000,-1483000,-748000
2015/02/03,0,1094000,-677000,417000
2015/02/04,0,2323000,-777000,1546000
2015/02/05,0,2208000,-742000,1466000
2015/02/06,0,1812000,-1596000,216000
2015/02/09,0,977000,-1970000,-993000
2015/02/10,0,1207000,-1270000,-63000
2015/02/11,0,1093001,-2504000,-1410999
2015/02/12,0,1437000,-1795000,-358000
2015/02/13,0,1343000,-809000,534000
2015/02/16,0,0,0,0
2015/02/17,0,0,0,0
2015/02/18,0,0,0,0
2015/02/19,0,0,0,0
2015/02/20,0,0,0,0
2015/02/23,0,0,0,0
2015/02/24,0,3542000,-1938000,1604000
2015/02/25,0,2183000,-1957000,226000
2015/02/26,0,2171000,-2186823,-15823
2015/02/27,0,0,0,0
2015/03/02,0,1510000,-3399000,-1889000
2015/03/03,0,2275057,-1604000,671057
2015/03/04,0,962000,-1768000,-806000
2015/03/05,0,2361000,-2841000,-480000
2015/03/06,0,2656000,-1700000,956000
2015/03/09,0,669000,-3486000,-2817000
2015/03/10,0,120123,-4743334,-4623211
2015/03/11,0,1904000,-3384000,-1480000
2015/03/12,0,2015000,-2566000,-551000
2015/03/13,0,532000,-3895000,-3363000
2015/03/16,0,1095000,-1618612,-523612
2015/03/17,0,2125000,-1895000,230000
2015/03/18,0,2743000,-1852000,891000
2015/03/19,0,1867000,-1322000,545000
2015/03/20,0,5350000,-5545000,-195000
2015/03/23,0,1258000,-1753000,-495000
2015/03/24,0,2305000,-2783000,-478000
2015/03/25,0,462000,-787000,-325000
2015/03/26,0,3124000,-842000,2282000
2015/03/27,0,1190000,-2372000,-1182000
2015/03/30,0,1248000,-1664000,-416000
2015/03/31,0,2559000,-2285000,274000
2015/04/01,0,750000,-2780000,-2030000
2015/04/02,0,2252145,-1947000,305145
2015/04/03,0,0,0,0
2015/04/06,0,0,0,0
2015/04/07,0,612000,-1915000,-1303000
2015/04/08,0,2854000,-3250000,-396000
2015/04/09,0,1209000,-2388000,-1179000
2015/04/10,0,2796000,-1328000,1468000
2015/04/13,0,622000,-2625000,-2003000
2015/04/14,0,3698000,-2480000,1218000
2015/04/15,0,2300000,-9492000,-7192000
2015/04/16,0,2790000,-1359000,1431000
2015/04/17,0,2569057,-3196000,-626943
2015/04/20,0,2676000,-2343000,333000
2015/04/21,0,1374000,-1883000,-509000
2015/04/22,0,2424000,-4207318,-1783318
2015/04/23,0,5925000,-4204788,1720212
2015/04/24,0,5567000,-4708000,859000
2015/04/27,0,3861000,-3043000,818000
2015/04/28,0,3747000,-3611000,136000
2015/04/29,0,3333000,-2817000,516000
2015/04/30,0,4033000,-4931000,-898000
2015/05/01,0,0,0,0
2015/05/04,0,2958000,-1504000,1454000
2015/05/05,0,3142000,-1857000,1285000
2015/05/06,0,6330000,-2475000,3855000
2015/05/07,0,1541000,-4093000,-2552000
2015/05/08,0,1519000,-1968000,-449000
2015/05/11,0,2255000,-4146000,-1891000
2015/05/12,0,6108000,-1638000,4470000
2015/05/13,0,9092000,-24410770,-15318770
2015/05/14,0,5445000,-20777444,-15332444
2015/05/15,0,4068400,-5836000,-1767600
2015/05/18,0,2389000,-5046000,-2657000
2015/05/19,0,4315000,-3719000,596000
2015/05/20,0,1763000,-9027000,-7264000
2015/05/21,0,2297000,-8123000,-5826000
2015/05/22,0,5964000,-8246000,-2282000
2015/05/25,0,1277000,-4444000,-3167000
2015/05/26,0,2738000,-10795000,-8057000
2015/05/27,0,10454000,-15488584,-5034584
2015/05/28,0,12653000,-15317177,-2664177
2015/05/29,0,198844500,-244855218,-46010718
2015/06/01,0,17720000,-17024000,696000
2015/06/02,0,10020000,-9991439,28561
2015/06/03,0,5680000,-11374150,-5694150
2015/06/04,0,5232000,-14187300,-8955300
2015/06/05,0,6876000,-8808575,-1932575
2015/06/08,0,4425000,-10466000,-6041000
2015/06/09,0,6864000,-11265575,-4401575
2015/06/10,0,6794000,-6992000,-198000
2015/06/11,0,3292000,-12598575,-9306575
2015/06/12,0,3035000,-9792953,-6757953
2015/06/15,0,1778000,-5277000,-3499000
2015/06/16,0,2982000,-10918000,-7936000
2015/06/17,0,2078000,-4097000,-2019000
2015/06/18,0,3524000,-9384000,-5860000
2015/06/19,0,0,0,0
2015/06/22,0,4542000,-9342000,-4800000
2015/06/23,0,1336000,-5577000,-4241000
2015/06/24,0,1660000,-4090112,-2430112
2015/06/25,0,1051000,-3126000,-2075000
2015/06/26,0,810000,-3161000,-2351000
2015/06/29,0,905000,-4036000,-3131000
2015/06/30,0,1395000,-4584940,-3189940
2015/07/01,0,2019000,-2005000,14000
2015/07/02,0,752000,-3877000,-3125000
2015/07/03,0,1437000,-2536000,-1099000
2015/07/06,0,2142000,-1383000,759000
2015/07/07,0,2293000,-4910484,-2617484
2015/07/08,0,1942000,-4495000,-2553000
2015/07/09,0,755000,-5035000,-4280000
2015/07/10,0,0,0,0
2015/07/13,0,760000,-4105000,-3345000
2015/07/14,0,412000,-6172000,-5760000
2015/07/15,0,543000,-3973000,-3430000
2015/07/16,0,719000,-1341250,-622250
2015/07/17,0,192000,-1985000,-1793000
2015/07/20,0,440000,-2357000,-1917000
2015/07/21,0,925000,-1853000,-928000
2015/07/22,0,319000,-1882000,-1563000
2015/07/23,0,1573000,-3544000,-1971000
2015/07/24,0,197000,-2541000,-2344000
2015/07/27,0,1146000,-3210000,-2064000
2015/07/28,0,885000,-3763000,-2878000
2015/07/29,0,941000,-2531000,-1590000
2015/07/30,0,2082000,-1597000,485000
2015/07/31,0,1590000,-2306000,-716000
2015/08/03,0,2071000,-987000,1084000
2015/08/04,0,2147000,-922000,1225000
2015/08/05,0,3829000,-1206000,2623000
2015/08/06,0,1988000,-1478000,510000
2015/08/07,0,2468000,-1675000,793000
2015/08/10,0,2316000,-584000,1732000
2015/08/11,0,2426000,-1549000,877000
2015/08/12,0,1084000,-802000,282000
2015/08/13,0,2562000,-477000,2085000
2015/08/14,0,1079000,-312958,766042
2015/08/17,0,1913000,-845000,1068000
2015/08/18,0,751000,-1156000,-405000
2015/08/19,0,2180000,-2031000,149000
2015/08/20,0,1077000,-1440000,-363000
2015/08/21,0,1302000,-2136000,-834000
2015/08/24,0,484000,-3693000,-3209000
2015/08/25,0,1706000,-2126000,-420000
2015/08/26,0,713000,-2404000,-1691000
2015/08/27,0,1601000,-2040000,-439000
2015/08/28,0,908000,-1003330,-95330
2015/08/31,0,5534000,-1511000,4023000
2015/09/01,0,1278000,-785000,493000
2015/09/02,0,3395000,-619000,2776000
2015/09/03,0,4568000,-1655000,2913000
2015/09/04,0,5141000,-1172979,3968021
2015/09/07,0,1111000,-658000,453000
2015/09/08,0,991000,-1688000,-697000
2015/09/09,0,3144537,-412000,2732537
2015/09/10,0,2002000,-168000,1834000
2015/09/11,0,384000,-1195000,-811000
2015/09/14,0,1415000,-507000,908000
2015/09/15,0,784000,-372000,412000
2015/09/16,0,2177000,-749100,1427900
2015/09/17,0,1745000,-428000,1317000
2015/09/18,0,885000,-1580803,-695803
2015/09/21,0,999000,-1477000,-478000
2015/09/22,0,1445000,-1016000,429000
2015/09/23,0,1384000,-2211212,-827212
2015/09/24,0,1364000,-1208000,156000
2015/09/25,0,1149000,-930000,219000
2015/09/28,0,0,0,0
2015/09/29,0,0,0,0
2015/09/30,0,2584000,-4335000,-1751000
2015/10/01,0,3740000,-832000,2908000
2015/10/02,0,3243000,-1601000,1642000
2015/10/05,0,1091000,-1328000,-237000
2015/10/06,0,2202000,-3053000,-851000
2015/10/07,0,574000,-833000,-259000
2015/10/08,0,1126000,-1036000,90000
2015/10/09,0,0,0,0
2015/10/12,0,3023533,-717000,2306533
2015/10/13,0,493000,-1123300,-630300
2015/10/14,0,581000,-2875714,-2294714
2015/10/15,0,1566000,-2133000,-567000
2015/10/16,0,986000,-2106000,-1120000
2015/10/19,0,945000,-1181000,-236000
2015/10/20,0,690000,-2442000,-1752000
2015/10/21,0,650000,-1867000,-1217000
2015/10/22,0,488000,-1737000,-1249000
2015/10/23,0,843000,-1061000,-218000
2015/10/26,0,860000,-1871750,-1011750
2015/10/27,0,893000,-1738000,-845000
2015/10/28,0,930550,-1506829,-576279
2015/10/29,0,555000,-2261000,-1706000
2015/10/30,0,305000,-1811000,-1506000
2015/11/02,0,622000,-3339000,-2717000
2015/11/03,0,1496000,-2290000,-794000
2015/11/04,0,1535000,-2061510,-526510
2015/11/05,0,970000,-946000,24000
2015/11/06,0,55000,-1302000,-1247000
2015/11/09,0,236000,-2094000,-1858000
2015/11/10,0,816000,-1444000,-628000
2015/11/11,0,474000,-2576000,-2102000
2015/11/12,0,501000,-2686000,-2185000
2015/11/13,0,514000,-3725000,-3211000
2015/11/16,0,519000,-1635907,-1116907
2015/11/17,0,22000,-3091000,-3069000
2015/11/18,0,315000,-2044000,-1729000
2015/11/19,0,490000,-1493000,-1003000
2015/11/20,0,764000,-764000,0
2015/11/23,0,428000,-1377000,-949000
2015/11/24,0,331000,-1544818,-1213818
2015/11/25,0,902000,-2897000,-1995000
2015/11/26,0,371000,-1944000,-1573000
2015/11/27,0,227000,-2016000,-1789000
2015/11/30,0,1123000,-4524000,-3401000
2015/12/01,0,641000,-2079805,-1438805
2015/12/02,0,215000,-1582000,-1367000
2015/12/03,0,140000,-1458000,-1318000
2015/12/04,0,400000,-2587000,-2187000
2015/12/07,0,475000,-3233000,-2758000
2015/12/08,0,256000,-1925000,-1669000
2015/12/09,0,109000,-3231093,-3122093
2015/12/10,0,101000,-1276000,-1175000
2015/12/11,0,1263000,-978990,284010
2015/12/14,0,490000,-2414000,-1924000
2015/12/15,0,7193000,-7972000,-779000
2015/12/16,0,1641000,-1117000,524000
2015/12/17,0,788000,-803000,-15000
2015/12/18,0,758985,-701000,57985
2015/12/21,0,1354000,-901000,453000
2015/12/22,0,804000,-1565000,-761000
2015/12/23,0,681000,-1134367,-453367
2015/12/24,0,555000,-724000,-169000
2015/12/25,0,710000,-439000,271000
2015/12/28,0,646000,-396000,250000
2015/12/29,0,721000,-1212208,-491208
2015/12/30,0,644000,-1576734,-932734
2015/12/31,0,660000,-1418000,-758000
2016/01/01,0,0,0,0
2016/01/04,0,475000,-741000,-266000
2016/01/05,0,1123000,-882000,241000
2016/01/06,0,1306000,-1496000,-190000
2016/01/07,0,1694000,-1710000,-16000
2016/01/08,0,5032000,-5422000,-390000
2016/01/11,0,498000,-2198000,-1700000
2016/01/12,0,298000,-1506000,-1208000
2016/01/13,0,908000,-1488000,-580000
2016/01/14,0,462000,-1147000,-685000
2016/01/15,0,364000,-1780900,-1416900
2016/01/18,0,577000,-1163000,-586000
2016/01/19,0,558000,-1881000,-1323000
2016/01/20,0,588000,-814000,-226000
2016/01/21,0,758900,-1419000,-660100
2016/01/22,0,783000,-1447000,-664000
2016/01/25,0,1482000,-471000,1011000
2016/01/26,0,797000,-436000,361000
2016/01/27,0,490300,-964000,-473700
2016/01/28,0,802000,-1488000,-686000
2016/01/29,0,1045000,-785000,260000
2016/02/01,0,1471000,-1871000,-400000
2016/02/02,0,1573000,-595000,978000
2016/02/03,0,1200200,-827440,372760
2016/02/04,0,0,0,0
2016/02/05,0,0,0,0
2016/02/08,0,0,0,0
2016/02/09,0,0,0,0
2016/02/10,0,0,0,0
2016/02/11,0,0,0,0
2016/02/12,0,0,0,0
2016/02/15,0,834000,-675000,159000
2016/02/16,0,2455000,-338000,2117000
2016/02/17,0,801000,-828000,-27000
2016/02/18,0,6891000,-1162000,5729000
2016/02/19,0,7901000,-1674881,6226119
2016/02/22,0,6040000,-2105000,3935000
2016/02/23,0,893300,-1198000,-304700
2016/02/24,0,1942000,-1197000,745000
2016/02/25,0,1604000,-271000,1333000
2016/02/26,0,2126900,-919000,1207900
2016/02/29,0,0,0,0
2016/03/01,0,9902000,-6306000,3596000
2016/03/02,0,7533000,-1494000,6039000
2016/03/03,0,3298000,-3618000,-320000
2016/03/04,0,7336000,-1457000,5879000
2016/03/07,0,1884000,-2594000,-710000
2016/03/08,0,6912000,-1698000,5214000
2016/03/09,0,3663000,-4070000,-407000
2016/03/10,0,5302000,-672000,4630000
2016/03/11,0,8683000,-6918000,1765000
2016/03/14,0,1114000,-2097000,-983000
2016/03/15,0,2631000,-952000,1679000
2016/03/16,0,10523000,-908000,9615000
2016/03/17,0,2753000,-2710000,43000
2016/03/18,0,1924000,-5144000,-3220000
2016/03/21,0,2132000,-763000,1369000
2016/03/22,0,6078300,-4905000,1173300
2016/03/23,0,2022000,-1033682,988318
2016/03/24,0,4775000,-3529000,1246000
2016/03/25,0,1527000,-516000,1011000
2016/03/28,0,509000,-420000,89000
2016/03/29,0,3074000,-890000,2184000
2016/03/30,0,2967000,-1161000,1806000
2016/03/31,0,1402000,-1190000,212000
2016/04/01,0,994000,-980000,14000
2016/04/04,0,0,0,0
2016/04/05,0,0,0,0
2016/04/06,0,4029000,-1077000,2952000
2016/04/07,0,1294000,-2175000,-881000
2016/04/08,0,3001000,-865000,2136000
2016/04/11,0,1317000,-2587000,-1270000
2016/04/12,0,2333379,-1126000,1207379
2016/04/13,0,4452000,-1089000,3363000
2016/04/14,0,1036000,-1277000,-241000
2016/04/15,0,1361000,-1795000,-434000
2016/04/18,0,2477000,-787000,1690000
2016/04/19,0,2297655,-2435000,-137345
2016/04/20,0,1821475,-1257000,564475
2016/04/21,0,2319000,-1034000,1285000
2016/04/22,0,5738000,-1505000,4233000
2016/04/25,0,768540,-1273000,-504460
2016/04/26,0,2488690,-763000,1725690
2016/04/27,0,1623000,-1044000,579000
2016/04/28,0,1041427,-1126000,-84573
2016/04/29,0,547000,-1790000,-1243000
2016/05/02,0,0,0,0
2016/05/03,0,11423000,-2360000,9063000
2016/05/04,0,2208000,-6154000,-3946000
2016/05/05,0,3899000,-3705100,193900
2016/05/06,0,3451000,-1257000,2194000
2016/05/09,0,3901000,-1127000,2774000
2016/05/10,0,2978000,-2270000,708000
2016/05/11,0,1114000,-1151000,-37000
2016/05/12,0,689000,-519000,170000
2016/05/13,0,2403885,-825000,1578885
2016/05/16,0,4522000,-1053000,3469000
2016/05/17,0,1323770,-1743000,-419230
2016/05/18,0,612000,-2640000,-2028000
2016/05/19,0,2888000,-1607000,1281000
2016/05/20,0,2370000,-1316000,1054000
2016/05/23,0,731885,-2769000,-2037115
2016/05/24,0,3773000,-1414000,2359000
2016/05/25,0,4212000,-1630000,2582000
2016/05/26,0,1279000,-2199000,-920000
2016/05/27,0,3154700,-1053000,2101700
2016/05/30,0,1771000,-539000,1232000
2016/05/31,0,2953000,-3814000,-861000
2016/06/01,0,2486000,-1109000,1377000
2016/06/02,0,3134000,-2127000,1007000
2016/06/03,0,1258000,-2288000,-1030000
2016/06/06,0,1519000,-856000,663000
2016/06/07,0,1089000,-1032000,57000
2016/06/08,0,2153000,-3625000,-1472000
2016/06/09,0,0,0,0
2016/06/10,0,0,0,0
2016/06/13,0,1143000,-1862000,-719000
2016/06/14,0,524000,-2436000,-1912000
2016/06/15,0,652000,-688000,-36000
2016/06/16,0,295000,-1348000,-1053000
2016/06/17,0,5763000,-2829000,2934000
2016/06/20,0,3370000,-5149000,-1779000
2016/06/21,0,2427000,-2363000,64000
2016/06/22,0,1973000,-2836000,-863000
2016/06/23,0,1365000,-1193000,172000
2016/06/24,0,1345000,-2703000,-1358000
2016/06/27,0,483000,-1161000,-678000
2016/06/28,0,415000,-1097000,-682000
2016/06/29,0,328000,-1167000,-839000
2016/06/30,0,1140000,-1453000,-313000
2016/07/01,0,742000,-1045000,-303000
2016/07/04,0,722000,-1031000,-309000
2016/07/05,0,528000,-1342000,-814000
2016/07/06,0,473000,-1534000,-1061000
2016/07/07,0,198000,-1427000,-1229000
2016/07/08,0,0,0,0
2016/07/11,0,1906098,-1219000,687098
2016/07/12,0,1927000,-2253258,-326258
2016/07/13,0,2611000,-2828000,-217000
2016/07/14,0,2499000,-1547000,952000
2016/07/15,0,4570000,-2352000,2218000
2016/07/18,0,1218000,-1743000,-525000
2016/07/19,0,1512000,-924000,588000
2016/07/20,0,1471000,-2131000,-660000
2016/07/21,0,1896000,-773000,1123000
2016/07/22,0,862000,-933000,-71000
2016/07/25,0,1920000,-591000,1329000
2016/07/26,0,401000,-2450000,-2049000
2016/07/27,0,1233312,-2452000,-1218688
2016/07/28,0,2116156,-843000,1273156
2016/07/29,0,414000,-1185000,-771000
2016/08/01,0,2711000,-1298000,1413000
2016/08/02,0,2745468,-1209000,1536468
2016/08/03,0,2085000,-2614000,-529000
2016/08/04,0,1424000,-1401000,23000
2016/08/05,0,3010000,-2184000,826000
2016/08/08,0,1112000,-1998000,-886000
2016/08/09,0,2185000,-1504000,681000
2016/08/10,0,2735000,-2858000,-123000
2016/08/11,0,1762000,-1303000,459000
2016/08/12,0,1315000,-372000,943000
2016/08/15,0,2491624,-1347000,1144624
2016/08/16,0,1072000,-1948000,-876000
2016/08/17,0,3414790,-1473000,1941790
2016/08/18,0,981000,-2693000,-1712000
2016/08/19,0,1372000,-1033836,338164
2016/08/22,0,1371000,-977000,394000
2016/08/23,0,1243312,-882000,361312
2016/08/24,0,2520156,-716000,1804156
2016/08/25,0,1811000,-633000,1178000
2016/08/26,0,758189,-1344000,-585811
2016/08/29,0,2360000,-544000,1816000
2016/08/30,0,2716000,-925000,1791000
2016/08/31,0,1594000,-1202000,392000
2016/09/01,0,1667000,-965000,702000
2016/09/02,0,1370000,-867000,503000
2016/09/05,0,1444000,-1126000,318000
2016/09/06,0,1900360,-1045000,855360
2016/09/07,0,823800,-1346000,-522200
2016/09/08,0,1081200,-1297000,-215800
2016/09/09,0,383000,-844000,-461000
2016/09/12,0,76000,-1059000,-983000
2016/09/13,0,355000,-1265000,-910000
2016/09/14,0,1354774,-1298000,56774
2016/09/15,0,0,0,0
2016/09/16,0,0,0,0
2016/09/19,0,941486,-827000,114486
2016/09/20,0,451000,-828815,-377815
2016/09/21,0,1558000,-905982,652018
2016/09/22,0,386000,-1630000,-1244000
2016/09/23,0,302000,-3996000,-3694000
2016/09/26,0,353335,-718000,-364665
2016/09/27,0,0,0,0
2016/09/28,0,0,0,0
2016/09/29,0,350000,-388000,-38000
2016/09/30,0,859000,-2015000,-1156000
2016/10/03,0,1672356,-733000,939356
2016/10/04,0,1955000,-1058644,896356
2016/10/05,0,1602000,-903000,699000
2016/10/06,0,718000,-712000,6000
2016/10/07,0,1359000,-271000,1088000
2016/10/10,0,0,0,0
2016/10/11,0,1362000,-826000,536000
2016/10/12,0,996566,-978000,18566
2016/10/13,0,1662000,-1199000,463000
2016/10/14,0,517000,-956000,-439000
2016/10/17,0,432000,-2002000,-1570000
2016/10/18,0,852000,-921000,-69000
2016/10/19,0,785178,-814000,-28822
2016/10/20,0,836000,-1139000,-303000
2016/10/21,0,4778000,-4416000,362000
2016/10/24,0,934000,-920000,14000
2016/10/25,0,440000,-1200000,-760000
2016/10/26,0,602000,-1181000,-579000
2016/10/27,0,915000,-719000,196000
2016/10/28,0,781000,-698000,83000
2016/10/31,0,1574000,-421000,1153000
2016/11/01,0,1235000,-1174000,61000
2016/11/02,0,1927000,-627000,1300000
2016/11/03,0,3183000,-320000,2863000
2016/11/04,0,1528000,-175000,1353000
2016/11/07,0,2267000,-466000,1801000
2016/11/08,0,896000,-1663000,-767000
2016/11/09,0,2191000,-1314000,877000
2016/11/10,0,2574000,-3842000,-1268000
2016/11/11,0,2400000,-6610000,-4210000
2016/11/14,0,3312000,-1869000,1443000
2016/11/15,0,2470000,-4064000,-1594000
2016/11/16,0,3105000,-1801000,1304000
2016/11/17,0,2248000,-2372178,-124178
2016/11/18,0,4022000,-2056000,1966000
2016/11/21,0,2692000,-2257000,435000
2016/11/22,0,5796000,-4546000,1250000
2016/11/23,0,2389000,-775000,1614000
2016/11/24,0,1853000,-1879000,-26000
2016/11/25,0,687000,-541000,146000
2016/11/28,0,3893000,-992000,2901000
2016/11/29,0,9939000,-1429000,8510000
2016/11/30,0,8814000,-3124000,5690000
2016/12/01,0,2412000,-1555000,857000
2016/12/02,0,4268000,-1325000,2943000
2016/12/05,0,3357000,-3545000,-188000
2016/12/06,0,4746000,-988000,3758000
2016/12/07,0,4678000,-1812000,2866000
2016/12/08,0,1370000,-1363000,7000
2016/12/09,0,4753000,-1730528,3022472
2016/12/12,0,1766000,-2525000,-759000
2016/12/13,0,9774000,-1728000,8046000
2016/12/14,0,7034000,-2992000,4042000
2016/12/15,0,2003000,-1045000,958000
2016/12/16,0,6324000,-8097707,-1773707
2016/12/19,0,6088000,-1320000,4768000
2016/12/20,0,5457000,-2714812,2742188
2016/12/21,0,3079000,-1514000,1565000
2016/12/22,0,574000,-2098000,-1524000
2016/12/23,0,708000,-2564000,-1856000
2016/12/26,0,420000,-544000,-124000
2016/12/27,0,2356000,-610000,1746000
2016/12/28,0,3643000,-1396000,2247000
2016/12/29,0,370000,-961339,-591339
2016/12/30,0,937000,-1207000,-270000
2017/01/02,0,0,0,0
2017/01/03,0,1249000,-1013000,236000
2017/01/04,0,2889000,-1157000,1732000
2017/01/05,0,3350000,-3892000,-542000
2017/01/06,0,1503000,-1589000,-86000
2017/01/09,0,288000,-2066000,-1778000
2017/01/10,0,880000,-829000,51000
2017/01/11,0,1359000,-1061000,298000
2017/01/12,0,1280000,-3718000,-2438000
2017/01/13,0,780000,-1474000,-694000
2017/01/16,0,760000,-534000,226000
2017/01/17,0,1242835,-484000,758835
2017/01/18,0,4016000,-2908924,1107076
2017/01/19,0,1348000,-1726033,-378033
2017/01/20,0,668000,-4631000,-3963000
2017/01/23,0,908000,-448000,460000
2017/01/24,0,3815894,-840000,2975894
2017/01/25,0,0,0,0
2017/01/26,0,0,0,0
2017/01/27,0,0,0,0
2017/01/30,0,0,0,0
2017/01/31,0,0,0,0
2017/02/01,0,0,0,0
2017/02/02,0,6688792,-3754000,2934792
2017/02/03,0,2059000,-6729861,-4670861
2017/02/06,0,4112000,-1888000,2224000
2017/02/07,0,6076000,-2863139,3212861
2017/02/08,0,2922000,-2231000,691000
2017/02/09,0,4294000,-1194200,3099800
2017/02/10,0,1760594,-1951000,-190406
2017/02/13,0,3990000,-2203000,1787000
2017/02/14,0,7734894,-7143956,590938
2017/02/15,0,7006000,-3140000,3866000
2017/02/16,0,4524894,-900000,3624894
2017/02/17,0,6283000,-1418000,4865000
2017/02/20,0,2357000,-1913000,444000
2017/02/21,0,5373000,-3695000,1678000
2017/02/22,0,4701841,-2547000,2154841
2017/02/23,0,4634000,-2840000,1794000
2017/02/24,0,4412000,-1295296,3116704
2017/02/27,0,0,0,0
2017/02/28,0,0,0,0
2017/03/01,0,4791000,-5157000,-366000
2017/03/02,0,9382000,-2053000,7329000
2017/03/03,0,5262000,-1139000,4123000
2017/03/06,0,1693000,-2956677,-1263677
2017/03/07,0,4958000,-1969218,2988782
2017/03/08,0,2925000,-2352000,573000
2017/03/09,0,2303791,-2301000,2791
2017/03/10,0,3123000,-1159000,1964000
2017/03/13,0,3257200,-676000,2581200
2017/03/14,0,1366000,-926909,439091
2017/03/15,0,1540000,-2437000,-897000
2017/03/16,0,2304808,-1236000,1068808
2017/03/17,0,7015348,-6611639,403709
2017/03/20,0,786000,-928000,-142000
2017/03/21,0,3689790,-2649000,1040790
2017/03/22,0,2635000,-1018000,1617000
2017/03/23,0,2890001,-2366002,523999
2017/03/24,0,4257790,-1671000,2586790
2017/03/27,0,3358000,-913000,2445000
2017/03/28,0,3100000,-3506000,-406000
2017/03/29,0,3691001,-5973301,-2282300
2017/03/30,0,4185000,-2609000,1576000
2017/03/31,0,8553000,-4272000,4281000
2017/04/03,0,0,0,0
2017/04/04,0,0,0,0
2017/04/05,0,3859580,-3776722,82858
2017/04/06,0,1944000,-2275000,-331000
2017/04/07,0,2410000,-2101000,309000
2017/04/10,0,1724000,-2952591,-1228591
2017/04/11,0,1911300,-2140921,-229621
2017/04/12,0,1342000,-1802698,-460698
2017/04/13,0,1753000,-2927000,-1174000
2017/04/14,0,2311000,-598000,1713000
2017/04/17,0,1802000,-1145000,657000
2017/04/18,0,2414000,-1903000,511000
2017/04/19,0,5667000,-2296000,3371000
2017/04/20,0,5672965,-1278331,4394634
2017/04/21,0,7791195,-4044164,3747031
2017/04/24,0,2912192,-1303991,1608201
2017/04/25,0,4831141,-1049000,3782141
2017/04/26,0,1625000,-669000,956000
2017/04/27,0,671000,-735642,-64642
2017/04/28,0,955000,-1157000,-202000
2017/05/01,0,0,0,0
2017/05/02,0,2026000,-2534000,-508000
2017/05/03,0,1143000,-993000,150000
2017/05/04,0,1095000,-879000,216000
2017/05/05,0,2198000,-2199000,-1000
2017/05/08,0,1955000,-850000,1105000
2017/05/09,0,1703195,-1586915,116280
2017/05/10,0,2455000,-1773000,682000
2017/05/11,0,1501000,-1687412,-186412
2017/05/12,0,1061000,-1879000,-818000
2017/05/15,0,522000,-842811,-320811
2017/05/16,0,2383000,-3457437,-1074437
2017/05/17,0,1852000,-1502740,349260
2017/05/18,0,1398000,-2778000,-1380000
2017/05/19,0,1044000,-1557000,-513000
2017/05/22,0,457000,-963000,-506000
2017/05/23,0,1215000,-1448000,-233000
2017/05/24,0,1635000,-1952000,-317000
2017/05/25,0,2304000,-2324000,-20000
2017/05/26,0,0,0,0
2017/05/29,0,0,0,0
2017/05/30,0,0,0,0
2017/05/31,0,3592000,-5078000,-1486000
2017/06/01,0,2564000,-1089896,1474104
2017/06/02,0,3568363,-3435488,132875
2017/06/05,0,1258000,-2158000,-900000
2017/06/06,0,1339000,-1324000,15000
2017/06/07,0,1575484,-1631384,-55900
2017/06/08,0,2560000,-2419000,141000
2017/06/09,0,2451000,-3428794,-977794
2017/06/12,0,2982000,-2001000,981000
2017/06/13,0,839000,-956444,-117444
2017/06/14,0,1288000,-2255402,-967402
2017/06/15,0,960000,-1295888,-335888
2017/06/16,0,1962000,-1602817,359183
2017/06/19,0,1933000,-2410893,-477893
2017/06/20,0,941000,-2826708,-1885708
2017/06/21,0,3880000,-1574150,2305850
2017/06/22,0,2694000,-272000,2422000
2017/06/23,0,762000,-958000,-196000
2017/06/26,0,3134000,-181000,2953000
2017/06/27,0,3243000,-2082000,1161000
2017/06/28,0,1680000,-396000,1284000
2017/06/29,0,1411000,-1956000,-545000
2017/06/30,0,1296000,-157000,1139000
2017/07/03,0,850000,-554000,296000
2017/07/04,0,644000,-1174346,-530346
2017/07/05,0,2085000,-651532,1433468
2017/07/06,0,1712000,-807547,904453
2017/07/07,0,3350000,-7268150,-3918150
2017/07/10,0,2069000,-4892322,-2823322
2017/07/11,0,4118000,-2949502,1168498
2017/07/12,0,9075000,-417000,8658000
2017/07/13,0,2574000,-952242,1621758
2017/07/14,0,765000,-686278,78722
2017/07/17,0,1421000,-1206836,214164
2017/07/18,0,461000,-583000,-122000
2017/07/19,0,990447,-1731791,-741344
2017/07/20,0,1761000,-1106000,655000
2017/07/21,0,1497000,-650000,847000
2017/07/24,0,1886000,-572000,1314000
2017/07/25,0,1163000,-947000,216000
2017/07/26,0,4057000,-2461199,1595801
2017/07/27,0,4636000,-1108000,3528000
2017/07/28,0,7046600,-814000,6232600
2017/07/31,0,10594000,-10522000,72000
2017/08/01,0,1278000,-544000,734000
2017/08/02,0,2199000,-504000,1695000
2017/08/03,0,2375000,-1707000,668000
2017/08/04,0,3318000,-855153,2462847
2017/08/07,0,6710000,-981679,5728321
2017/08/08,0,5044000,-378000,4666000
2017/08/09,0,8997000,-2355000,6642000
2017/08/10,0,2783243,-2821000,-37757
2017/08/11,0,4273000,-1061000,3212000
2017/08/14,0,1939000,-1221450,717550
2017/08/15,0,1040000,-771000,269000
2017/08/16,0,1649000,-1492000,157000
2017/08/17,0,773440,-1728000,-954560
2017/08/18,0,3406000,-1531926,1874074
