Date,Open,Buy,Sell,Total
2007/04/23,0,559000,0,559000
2007/04/24,0,261000,-198000,63000
2007/04/25,0,36000,-2416000,-2380000
2007/04/26,0,55000,-63000,-8000
2007/04/27,0,3000,-118000,-115000
2007/04/30,0,85000,-1561000,-1476000
2007/05/01,0,0,0,0
2007/05/02,0,23000,-414000,-391000
2007/05/03,0,131000,-716000,-585000
2007/05/04,0,361000,-202000,159000
2007/05/07,0,60000,-595000,-535000
2007/05/08,0,207000,-124000,83000
2007/05/09,0,78000,-153000,-75000
2007/05/10,0,34000,-33000,1000
2007/05/11,0,601000,-250000,351000
2007/05/14,0,9000,-128000,-119000
2007/05/15,0,0,-108000,-108000
2007/05/16,0,0,-139000,-139000
2007/05/17,0,0,-29000,-29000
2007/05/18,0,476000,-21000,455000
2007/05/21,0,156000,-30000,126000
2007/05/22,0,553000,-221000,332000
2007/05/23,0,360000,-597000,-237000
2007/05/24,0,158000,-81000,77000
2007/05/25,0,358000,-213000,145000
2007/05/28,0,14000,-120000,-106000
2007/05/29,0,442000,-121000,321000
2007/05/30,0,14000,-95000,-81000
2007/05/31,0,80000,-262000,-182000
2007/06/01,0,605000,-104000,501000
2007/06/04,0,21000,-394000,-373000
2007/06/05,0,27000,-23000,4000
2007/06/06,0,123000,-129000,-6000
2007/06/07,0,5000,-76000,-71000
2007/06/08,0,104000,-176000,-72000
2007/06/11,0,105000,-3000,102000
2007/06/12,0,211000,-87000,124000
2007/06/13,0,380000,-21000,359000
2007/06/14,0,173000,-10000,163000
2007/06/15,0,295000,-12000,283000
2007/06/18,0,0,0,0
2007/06/19,0,0,0,0
2007/06/20,0,641000,-170000,471000
2007/06/21,0,82000,-257000,-175000
2007/06/22,0,0,-600000,-600000
2007/06/25,0,337000,0,337000
2007/06/26,0,439000,-11000,428000
2007/06/27,0,83000,-24000,59000
2007/06/28,0,43000,0,43000
2007/06/29,0,1107000,-1415000,-308000
2007/07/02,0,163000,-628000,-465000
2007/07/03,0,2496000,-18000,2478000
2007/07/04,0,445000,-10000,435000
2007/07/05,0,143000,-12000,131000
2007/07/06,0,229000,-316000,-87000
2007/07/09,0,477000,0,477000
2007/07/10,0,401000,-24000,377000
2007/07/11,0,718000,-237284,480716
2007/07/12,0,91000,-441000,-350000
2007/07/13,0,43000,-92284,-49284
2007/07/16,0,80000,-254000,-174000
2007/07/17,0,105000,-155000,-50000
2007/07/18,0,203000,-43000,160000
2007/07/19,0,90000,-18000,72000
2007/07/20,0,720000,-193000,527000
2007/07/23,0,64000,-91000,-27000
2007/07/24,0,335000,-148000,187000
2007/07/25,0,247000,-34000,213000
2007/07/26,0,46000,-12000,34000
2007/07/27,0,0,-718000,-718000
2007/07/30,0,147000,-278000,-131000
2007/07/31,0,183000,-17000,166000
2007/08/01,0,93000,-366000,-273000
2007/08/02,0,119000,-756000,-637000
2007/08/03,0,90000,-96000,-6000
2007/08/06,0,62000,-50000,12000
2007/08/07,0,5000,-89000,-84000
2007/08/08,0,147000,-4000,143000
2007/08/09,0,73000,-2338788,-2265788
2007/08/10,0,0,-26000,-26000
2007/08/13,0,56000,-60000,-4000
2007/08/14,0,28000,-95000,-67000
2007/08/15,0,257000,-1097000,-840000
2007/08/16,0,267000,-1537000,-1270000
2007/08/17,0,188000,-1527000,-1339000
2007/08/20,0,779000,-130000,649000
2007/08/21,0,274000,0,274000
2007/08/22,0,127000,0,127000
2007/08/23,0,496000,-125000,371000
2007/08/24,0,242000,-128000,114000
2007/08/27,0,44000,-296000,-252000
2007/08/28,0,0,-379000,-379000
2007/08/29,0,19000,-208000,-189000
2007/08/30,0,188000,0,188000
2007/08/31,0,239000,-132000,107000
2007/09/03,0,520000,-177000,343000
2007/09/04,0,0,-115000,-115000
2007/09/05,0,0,-153000,-153000
2007/09/06,0,33000,-189000,-156000
2007/09/07,0,0,-121000,-121000
2007/09/10,0,82000,-463000,-381000
2007/09/11,0,41000,-122000,-81000
2007/09/12,0,30000,-158000,-128000
2007/09/13,0,0,-27000,-27000
2007/09/14,0,121000,-1000,120000
2007/09/17,0,9000,-129000,-120000
2007/09/18,0,0,0,0
2007/09/19,0,201000,-203000,-2000
2007/09/20,0,147000,-13000,134000
2007/09/21,0,329000,-139000,190000
2007/09/24,0,0,0,0
2007/09/25,0,0,0,0
2007/09/26,0,31000,-102000,-71000
2007/09/27,0,163000,-61000,102000
2007/09/28,0,43000,-102000,-59000
2007/10/01,0,1283000,-87000,1196000
2007/10/02,0,1380000,-612000,768000
2007/10/03,0,139000,-114000,25000
2007/10/04,0,180000,-1353000,-1173000
2007/10/05,0,75000,-188000,-113000
2007/10/08,0,57000,-349000,-292000
2007/10/09,0,4000,-134000,-130000
2007/10/10,0,0,0,0
2007/10/11,0,18000,-394820,-376820
2007/10/12,0,109000,-588000,-479000
2007/10/15,0,862000,-72000,790000
2007/10/16,0,140000,-231000,-91000
2007/10/17,0,45000,-203000,-158000
2007/10/18,0,9000,-452000,-443000
2007/10/19,0,62000,-515000,-453000
2007/10/22,0,0,-760000,-760000
2007/10/23,0,574000,-138000,436000
2007/10/24,0,301000,-286000,15000
2007/10/25,0,220000,-20000,200000
2007/10/26,0,3077000,-728000,2349000
2007/10/29,0,1626000,-101000,1525000
2007/10/30,0,350000,-1643000,-1293000
2007/10/31,0,149000,-777000,-628000
2007/11/01,0,18000,-220000,-202000
2007/11/02,0,362000,-1072000,-710000
2007/11/05,0,1000,-343000,-342000
2007/11/06,0,19000,-465000,-446000
2007/11/07,0,315000,-104000,211000
2007/11/08,0,237000,-154000,83000
2007/11/09,0,55000,-185000,-130000
2007/11/12,0,141000,-251000,-110000
2007/11/13,0,253000,-40000,213000
2007/11/14,0,78000,-289000,-211000
2007/11/15,0,60000,-56000,4000
2007/11/16,0,213000,-453000,-240000
2007/11/19,0,221000,-101000,120000
2007/11/20,0,337000,-923000,-586000
2007/11/21,0,244000,-121000,123000
2007/11/22,0,71000,-462000,-391000
2007/11/23,0,9000,-95000,-86000
2007/11/26,0,714000,-115000,599000
2007/11/27,0,266000,-37000,229000
2007/11/28,0,116000,-17000,99000
2007/11/29,0,495000,-12000,483000
2007/11/30,0,307000,-6000,301000
2007/12/03,0,40000,-36000,4000
2007/12/04,0,0,0,0
2007/12/05,0,102000,-1178000,-1076000
2007/12/06,0,84000,-10000,74000
2007/12/07,0,90000,0,90000
2007/12/10,0,20000,-52000,-32000
2007/12/11,0,30000,-5000,25000
2007/12/12,0,129000,-128000,1000
2007/12/13,0,80000,-303000,-223000
2007/12/14,0,139000,-324000,-185000
2007/12/17,0,335000,-174000,161000
2007/12/18,0,795000,-340000,455000
2007/12/19,0,301000,-217000,84000
2007/12/20,0,557000,-91000,466000
2007/12/21,0,302000,-69000,233000
2007/12/24,0,312000,-1472,310528
2007/12/25,0,0,-61000,-61000
2007/12/26,0,150000,-307000,-157000
2007/12/27,0,228000,-380000,-152000
2007/12/28,0,326000,-519000,-193000
2007/12/31,0,272000,-170000,102000
2008/01/01,0,0,0,0
2008/01/02,0,42000,-290000,-248000
2008/01/03,0,138000,-232000,-94000
2008/01/04,0,609000,-24000,585000
2008/01/07,0,335000,-334000,1000
2008/01/08,0,191000,-15000,176000
2008/01/09,0,294000,-200000,94000
2008/01/10,0,81000,-28000,53000
2008/01/11,0,31000,-16000,15000
2008/01/14,0,618000,-61000,557000
2008/01/15,0,904000,-543000,361000
2008/01/16,0,134000,-205000,-71000
2008/01/17,0,195000,-479736,-284736
2008/01/18,0,484000,-175000,309000
2008/01/21,0,93000,-199000,-106000
2008/01/22,0,306000,-536000,-230000
2008/01/23,0,226000,-226000,0
2008/01/24,0,349000,-116000,233000
2008/01/25,0,171000,-43000,128000
2008/01/28,0,242000,-211000,31000
2008/01/29,0,510000,-85000,425000
2008/01/30,0,366000,-129000,237000
2008/01/31,0,107000,-116000,-9000
2008/02/01,0,590000,-40000,550000
2008/02/04,0,0,0,0
2008/02/05,0,0,0,0
2008/02/06,0,0,0,0
2008/02/07,0,0,0,0
2008/02/08,0,0,0,0
2008/02/11,0,0,0,0
2008/02/12,0,124000,-358000,-234000
2008/02/13,0,100000,-57000,43000
2008/02/14,0,330000,-75000,255000
2008/02/15,0,168000,-30000,138000
2008/02/18,0,325000,-73000,252000
2008/02/19,0,1240000,-26000,1214000
2008/02/20,0,9000,-415000,-406000
2008/02/21,0,363000,-82000,281000
2008/02/22,0,132000,-901000,-769000
2008/02/25,0,1483000,-123243,1359757
2008/02/26,0,165000,-666718,-501718
2008/02/27,0,313000,-174951,138049
2008/02/28,0,0,0,0
2008/02/29,0,526000,-95000,431000
2008/03/03,0,1768000,-224362,1543638
2008/03/04,0,516000,-389000,127000
2008/03/05,0,3053000,-1257718,1795282
2008/03/06,0,118000,-327009,-209009
2008/03/07,0,136000,-855000,-719000
2008/03/10,0,125000,-1516000,-1391000
2008/03/11,0,210000,-435000,-225000
2008/03/12,0,558000,-108609,449391
2008/03/13,0,153000,-2013731,-1860731
2008/03/14,0,108000,-985000,-877000
2008/03/17,0,227000,-533000,-306000
2008/03/18,0,841000,-80000,761000
2008/03/19,0,729000,-78000,651000
2008/03/20,0,155000,-544000,-389000
2008/03/21,0,1369000,-130000,1239000
2008/03/24,0,3415000,-216000,3199000
2008/03/25,0,921000,-349000,572000
2008/03/26,0,66000,-3628000,-3562000
2008/03/27,0,163000,-1329000,-1166000
2008/03/28,0,869000,-182000,687000
2008/03/31,0,49000,-872000,-823000
2008/04/01,0,60000,-429000,-369000
2008/04/02,0,264000,-104000,160000
2008/04/03,0,0,-60000,-60000
2008/04/04,0,0,0,0
2008/04/07,0,241000,0,241000
2008/04/08,0,290000,-41000,249000
2008/04/09,0,1344000,-85000,1259000
2008/04/10,0,322000,-185000,137000
2008/04/11,0,837000,-175000,662000
2008/04/14,0,2831000,-333542,2497458
2008/04/15,0,21000,-240000,-219000
2008/04/16,0,524000,-897000,-373000
2008/04/17,0,140000,-819000,-679000
2008/04/18,0,183000,-934000,-751000
2008/04/21,0,32000,-180000,-148000
2008/04/22,0,537000,-718000,-181000
2008/04/23,0,120000,-1479000,-1359000
2008/04/24,0,27000,-399000,-372000
2008/04/25,0,34000,-388000,-354000
2008/04/28,0,115000,-243000,-128000
2008/04/29,0,374000,-415000,-41000
2008/04/30,0,55000,-452000,-397000
2008/05/01,0,0,0,0
2008/05/02,0,47000,-128000,-81000
2008/05/05,0,64000,-418000,-354000
2008/05/06,0,101000,-564000,-463000
2008/05/07,0,14000,-59000,-45000
2008/05/08,0,44000,-199000,-155000
2008/05/09,0,97000,-496000,-399000
2008/05/12,0,142000,-136000,6000
2008/05/13,0,1363000,-220000,1143000
2008/05/14,0,11000,-363000,-352000
2008/05/15,0,137000,-534000,-397000
2008/05/16,0,159000,-150000,9000
2008/05/19,0,260000,-16000,244000
2008/05/20,0,71000,-599000,-528000
2008/05/21,0,9000,-342000,-333000
2008/05/22,0,25000,-58000,-33000
2008/05/23,0,2000,-135000,-133000
2008/05/26,0,34000,-187000,-153000
2008/05/27,0,4000,-41000,-37000
2008/05/28,0,5000,-142000,-137000
2008/05/29,0,178000,-448000,-270000
2008/05/30,0,50000,-398000,-348000
2008/06/02,0,114000,-124000,-10000
2008/06/03,0,96000,-64000,32000
2008/06/04,0,7000,0,7000
2008/06/05,0,173000,-37000,136000
2008/06/06,0,11000,-35000,-24000
2008/06/09,0,0,-243000,-243000
2008/06/10,0,48000,-468000,-420000
2008/06/11,0,118000,-379000,-261000
2008/06/12,0,179000,-196000,-17000
2008/06/13,0,194000,-146000,48000
2008/06/16,0,81000,-63000,18000
2008/06/17,0,125000,-51000,74000
2008/06/18,0,3000,-1626741,-1623741
2008/06/19,0,228000,-267000,-39000
2008/06/20,0,104000,-520000,-416000
2008/06/23,0,441000,-269000,172000
2008/06/24,0,88000,-11000,77000
2008/06/25,0,221000,-166000,55000
2008/06/26,0,0,-75000,-75000
2008/06/27,0,112000,-19000,93000
2008/06/30,0,415000,-44000,371000
2008/07/01,0,376000,-12000,364000
2008/07/02,0,137000,-44000,93000
2008/07/03,0,30000,-137000,-107000
2008/07/04,0,98000,-108000,-10000
2008/07/07,0,10000,-30000,-20000
2008/07/08,0,168000,-311000,-143000
2008/07/09,0,119000,-32000,87000
2008/07/10,0,188000,-85000,103000
2008/07/11,0,111000,-411000,-300000
2008/07/14,0,71000,-183000,-112000
2008/07/15,0,124000,-31000,93000
2008/07/16,0,75000,-225000,-150000
2008/07/17,0,107000,-92605,14395
2008/07/18,0,19000,-637000,-618000
2008/07/21,0,223000,-23525,199475
2008/07/22,0,268000,-45000,223000
2008/07/23,0,77000,-34000,43000
2008/07/24,0,1404000,-36000,1368000
2008/07/25,0,22000,-38000,-16000
2008/07/28,0,0,0,0
2008/07/29,0,0,-78000,-78000
2008/07/30,0,0,-249000,-249000
2008/07/31,0,88000,-2000,86000
2008/08/01,0,172000,-2000,170000
2008/08/04,0,162000,-1000,161000
2008/08/05,0,122000,-48000,74000
2008/08/06,0,228000,-22000,206000
2008/08/07,0,15000,-65000,-50000
2008/08/08,0,85000,-4000,81000
2008/08/11,0,102000,-25000,77000
2008/08/12,0,8000,-40000,-32000
2008/08/13,0,93000,-86000,7000
2008/08/14,0,186000,-83000,103000
2008/08/15,0,65000,-50000,15000
2008/08/18,0,8000,-182000,-174000
2008/08/19,0,10000,-65072,-55072
2008/08/20,0,16000,-38000,-22000
2008/08/21,0,13000,-334000,-321000
2008/08/22,0,26000,-208000,-182000
2008/08/25,0,45000,-37000,8000
2008/08/26,0,40000,-20000,20000
2008/08/27,0,108000,-1000,107000
2008/08/28,0,342000,-35000,307000
2008/08/29,0,56000,-33000,23000
2008/09/01,0,26000,-16000,10000
2008/09/02,0,31000,-1384317,-1353317
2008/09/03,0,99000,-428000,-329000
2008/09/04,0,89000,-176000,-87000
2008/09/05,0,37000,-184000,-147000
2008/09/08,0,75000,-107000,-32000
2008/09/09,0,25000,-32000,-7000
2008/09/10,0,4000,-4056,-56
2008/09/11,0,97000,-73000,24000
2008/09/12,0,11000,-9000,2000
2008/09/15,0,30000,-95000,-65000
2008/09/16,0,123000,-18000,105000
2008/09/17,0,178000,-495000,-317000
2008/09/18,0,714000,-80000,634000
2008/09/19,0,0,-225000,-225000
2008/09/22,0,23000,-173000,-150000
2008/09/23,0,155000,-20000,135000
2008/09/24,0,184000,-295000,-111000
2008/09/25,0,171000,-31000,140000
2008/09/26,0,0,-337000,-337000
2008/09/29,0,0,0,0
2008/09/30,0,9000,-44000,-35000
2008/10/01,0,38000,-66000,-28000
2008/10/02,0,11000,-58000,-47000
2008/10/03,0,12000,-39000,-27000
2008/10/06,0,0,-27926,-27926
2008/10/07,0,228000,-97000,131000
2008/10/08,0,252000,-27000,225000
2008/10/09,0,57000,-96000,-39000
2008/10/10,0,0,0,0
2008/10/13,0,219000,-30000,189000
2008/10/14,0,37000,-374000,-337000
2008/10/15,0,103000,-61030,41970
2008/10/16,0,0,-18000,-18000
2008/10/17,0,26000,-54000,-28000
2008/10/20,0,64000,-51630,12370
2008/10/21,0,85000,-30000,55000
2008/10/22,0,55000,-79843,-24843
2008/10/23,0,0,-3998,-3998
2008/10/24,0,11000,-99215,-88215
2008/10/27,0,584000,-126000,458000
2008/10/28,0,186000,-183000,3000
2008/10/29,0,10000,-117000,-107000
2008/10/30,0,96000,-50000,46000
2008/10/31,0,808000,-420000,388000
2008/11/03,0,539000,-31000,508000
2008/11/04,0,50000,-16000,34000
2008/11/05,0,136000,-1340000,-1204000
2008/11/06,0,5000,-22000,-17000
2008/11/07,0,14000,-157208,-143208
2008/11/10,0,74000,-93000,-19000
2008/11/11,0,169000,-20000,149000
2008/11/12,0,6000,-74000,-68000
2008/11/13,0,0,-81363,-81363
2008/11/14,0,6000,-19180,-13180
2008/11/17,0,37000,-10000,27000
2008/11/18,0,67000,-39000,28000
2008/11/19,0,0,-106000,-106000
2008/11/20,0,28000,-39000,-11000
2008/11/21,0,61000,-67000,-6000
2008/11/24,0,0,0,0
2008/11/25,0,0,-28000,-28000
2008/11/26,0,0,-3000,-3000
2008/11/27,0,29000,-800000,-771000
2008/11/28,0,48000,0,48000
2008/12/01,0,547000,0,547000
2008/12/02,0,62000,-2000,60000
2008/12/03,0,33000,-70000,-37000
2008/12/04,0,0,-57000,-57000
2008/12/05,0,209000,-209000,0
2008/12/08,0,0,-365,-365
2008/12/09,0,63000,-525000,-462000
2008/12/10,0,36000,-46000,-10000
2008/12/11,0,110000,-63000,47000
2008/12/12,0,32000,-59000,-27000
2008/12/15,0,87000,-37000,50000
2008/12/16,0,20000,-43000,-23000
2008/12/17,0,60000,-41000,19000
2008/12/18,0,32000,-14000,18000
2008/12/19,0,54000,-12000,42000
2008/12/22,0,84000,-40000,44000
2008/12/23,0,50000,-118000,-68000
2008/12/24,0,17000,-2000,15000
2008/12/25,0,12000,-13000,-1000
2008/12/26,0,15000,-10000,5000
2008/12/29,0,0,-47000,-47000
2008/12/30,0,43000,-483,42517
2008/12/31,0,27000,-15000,12000
2009/01/01,0,0,0,0
2009/01/02,0,0,0,0
2009/01/05,0,88000,0,88000
2009/01/06,0,60000,-8000,52000
2009/01/07,0,46000,-44000,2000
2009/01/08,0,94000,-83000,11000
2009/01/09,0,35000,-66000,-31000
2009/01/12,0,25000,-16000,9000
2009/01/13,0,0,-22000,-22000
2009/01/14,0,19000,-7000,12000
2009/01/15,0,54000,-17000,37000
2009/01/16,0,0,-10000,-10000
2009/01/19,0,0,-11000,-11000
2009/01/20,0,47000,-12000,35000
2009/01/21,0,30000,-87000,-57000
2009/01/22,0,0,0,0
2009/01/23,0,0,0,0
2009/01/26,0,0,0,0
2009/01/27,0,0,0,0
2009/01/28,0,0,0,0
2009/01/29,0,0,0,0
2009/01/30,0,0,0,0
2009/02/02,0,124000,-7000,117000
2009/02/03,0,0,-100000,-100000
2009/02/04,0,47000,-16000,31000
2009/02/05,0,44000,-37000,7000
2009/02/06,0,17000,-20000,-3000
2009/02/09,0,40000,-89000,-49000
2009/02/10,0,14000,-40000,-26000
2009/02/11,0,131000,-60000,71000
2009/02/12,0,131000,-95000,36000
2009/02/13,0,70000,0,70000
2009/02/16,0,0,-77000,-77000
2009/02/17,0,10000,-107000,-97000
2009/02/18,0,55000,-103000,-48000
2009/02/19,0,231000,-47000,184000
2009/02/20,0,7000,-80963,-73963
2009/02/23,0,26000,-41000,-15000
2009/02/24,0,31000,-67000,-36000
2009/02/25,0,36000,0,36000
2009/02/26,0,17000,0,17000
2009/02/27,0,66000,-40000,26000
2009/03/02,0,68000,-178000,-110000
2009/03/03,0,9000,-98000,-89000
2009/03/04,0,80000,-50000,30000
2009/03/05,0,107000,-66000,41000
2009/03/06,0,41000,-5000,36000
2009/03/09,0,80000,-2000,78000
2009/03/10,0,124000,-119000,5000
2009/03/11,0,191000,-63000,128000
2009/03/12,0,185000,-40000,145000
2009/03/13,0,823000,-252195,570805
2009/03/16,0,285000,-243000,42000
2009/03/17,0,152000,-144000,8000
2009/03/18,0,106000,-292000,-186000
2009/03/19,0,273000,-90000,183000
2009/03/20,0,1844000,-276000,1568000
2009/03/23,0,319000,-1022000,-703000
2009/03/24,0,189000,-45000,144000
2009/03/25,0,166000,-291000,-125000
2009/03/26,0,787000,-512000,275000
2009/03/27,0,183000,-278000,-95000
2009/03/30,0,90000,-171000,-81000
2009/03/31,0,1273000,-463000,810000
2009/04/01,0,595000,-469000,126000
2009/04/02,0,447000,-1133000,-686000
2009/04/03,0,735000,-214000,521000
2009/04/06,0,556000,-351315,204685
2009/04/07,0,306000,-565000,-259000
2009/04/08,0,189000,-675468,-486468
2009/04/09,0,409000,-108000,301000
2009/04/10,0,566000,-413000,153000
2009/04/13,0,200000,-1276000,-1076000
2009/04/14,0,360000,-277000,83000
2009/04/15,0,296000,-329000,-33000
2009/04/16,0,791000,-235000,556000
2009/04/17,0,831000,-812000,19000
2009/04/20,0,1202000,-400000,802000
2009/04/21,0,867000,-233000,634000
2009/04/22,0,178000,-713000,-535000
2009/04/23,0,264000,-417000,-153000
2009/04/24,0,452000,-390000,62000
2009/04/27,0,281000,-366000,-85000
2009/04/28,0,308000,-574925,-266925
2009/04/29,0,372000,-420000,-48000
2009/04/30,0,183000,-15000,168000
2009/05/01,0,0,0,0
2009/05/04,0,307000,-23000,284000
2009/05/05,0,569000,-405000,164000
2009/05/06,0,403000,-164000,239000
2009/05/07,0,582000,-688000,-106000
2009/05/08,0,274000,-377000,-103000
2009/05/11,0,657000,-248025,408975
2009/05/12,0,286000,-296000,-10000
2009/05/13,0,538000,-158000,380000
2009/05/14,0,125000,-203000,-78000
2009/05/15,0,937000,-314000,623000
2009/05/18,0,496000,-597000,-101000
2009/05/19,0,1396000,-232000,1164000
2009/05/20,0,265000,-729000,-464000
2009/05/21,0,178000,-409000,-231000
2009/05/22,0,729000,-777000,-48000
2009/05/25,0,1191000,-1133988,57012
2009/05/26,0,2145000,-585000,1560000
2009/05/27,0,485000,-1058000,-573000
2009/05/28,0,0,0,0
2009/05/29,0,0,0,0
2009/06/01,0,1441000,-280000,1161000
2009/06/02,0,1079000,-1417000,-338000
2009/06/03,0,496000,-1396224,-900224
2009/06/04,0,253000,-1196000,-943000
2009/06/05,0,673000,-201000,472000
2009/06/08,0,46000,-1398000,-1352000
2009/06/09,0,579000,-1052000,-473000
2009/06/10,0,220000,-72000,148000
2009/06/11,0,167000,-377000,-210000
2009/06/12,0,2826000,-515000,2311000
2009/06/15,0,858000,-493000,365000
2009/06/16,0,75000,-1397078,-1322078
2009/06/17,0,448607,-477000,-28393
2009/06/18,0,228000,-1442000,-1214000
2009/06/19,0,59000,-262000,-203000
2009/06/22,0,68000,-170000,-102000
2009/06/23,0,81000,-139000,-58000
2009/06/24,0,304000,-112000,192000
2009/06/25,0,195450,-286000,-90550
2009/06/26,0,323000,-187000,136000
2009/06/29,0,252000,-90900,161100
2009/06/30,0,238000,-91000,147000
2009/07/01,0,475000,-33000,442000
2009/07/02,0,1033000,-235000,798000
2009/07/03,0,271000,-638000,-367000
2009/07/06,0,197000,-156000,41000
2009/07/07,0,386437,-70000,316437
2009/07/08,0,128000,-321000,-193000
2009/07/09,0,295000,-71000,224000
2009/07/10,0,43000,-45000,-2000
2009/07/13,0,128000,-358000,-230000
2009/07/14,0,68000,-173412,-105412
2009/07/15,0,346790,-45000,301790
2009/07/16,0,278000,-39000,239000
2009/07/17,0,304000,-109000,195000
2009/07/20,0,1408000,-126000,1282000
2009/07/21,0,255000,-91000,164000
2009/07/22,0,593000,-112000,481000
2009/07/23,0,1371000,-401000,970000
2009/07/24,0,403827,-1518000,-1114173
2009/07/27,0,1281000,-131000,1150000
2009/07/28,0,3544745,-297000,3247745
2009/07/29,0,817000,-1184000,-367000
2009/07/30,0,167000,-2272000,-2105000
2009/07/31,0,286000,-380000,-94000
2009/08/03,0,1723582,-486000,1237582
2009/08/04,0,1749000,-2563000,-814000
2009/08/05,0,374000,-1708000,-1334000
2009/08/06,0,83000,-690000,-607000
2009/08/07,0,0,0,0
2009/08/10,0,706000,-796000,-90000
2009/08/11,0,90000,-777000,-687000
2009/08/12,0,868000,-116000,752000
2009/08/13,0,838000,-179000,659000
2009/08/14,0,3763000,-1525000,2238000
2009/08/17,0,1891000,-2052000,-161000
2009/08/18,0,832000,-1074000,-242000
2009/08/19,0,988000,-473000,515000
2009/08/20,0,320000,-1545000,-1225000
2009/08/21,0,374000,-1116000,-742000
2009/08/24,0,643000,-73000,570000
2009/08/25,0,358000,-476000,-118000
2009/08/26,0,199000,-1389000,-1190000
2009/08/27,0,268000,-506000,-238000
2009/08/28,0,69000,-403000,-334000
2009/08/31,0,342000,-300000,42000
2009/09/01,0,1654000,-180000,1474000
2009/09/02,0,447000,-1137000,-690000
2009/09/03,0,666000,-744000,-78000
2009/09/04,0,315000,-765000,-450000
2009/09/07,0,1197000,-406000,791000
2009/09/08,0,704000,-1587000,-883000
2009/09/09,0,701000,-1223000,-522000
2009/09/10,0,458000,-357000,101000
2009/09/11,0,155000,-291000,-136000
2009/09/14,0,251000,-242000,9000
2009/09/15,0,149000,-405000,-256000
2009/09/16,0,596000,-379000,217000
2009/09/17,0,1108000,-959000,149000
2009/09/18,0,811000,-52000,759000
2009/09/21,0,294000,-441000,-147000
2009/09/22,0,458000,-424000,34000
2009/09/23,0,283000,-473000,-190000
2009/09/24,0,114000,-830000,-716000
2009/09/25,0,167000,-74000,93000
2009/09/28,0,193000,-263549,-70549
2009/09/29,0,66000,-96000,-30000
2009/09/30,0,92000,-464000,-372000
2009/10/01,0,66000,-109000,-43000
2009/10/02,0,729000,-392000,337000
2009/10/05,0,91000,-226000,-135000
2009/10/06,0,453000,-78000,375000
2009/10/07,0,409000,-364000,45000
2009/10/08,0,1226000,-631000,595000
2009/10/09,0,315000,-146000,169000
2009/10/12,0,323000,-894000,-571000
2009/10/13,0,225000,-113000,112000
2009/10/14,0,40000,-246000,-206000
2009/10/15,0,192000,-133000,59000
2009/10/16,0,87000,-37000,50000
2009/10/19,0,120000,-181000,-61000
2009/10/20,0,401000,-236000,165000
2009/10/21,0,129000,-716000,-587000
2009/10/22,0,286000,-343000,-57000
2009/10/23,0,39000,-352000,-313000
2009/10/26,0,476000,-46000,430000
2009/10/27,0,299000,-136000,163000
2009/10/28,0,399000,-359000,40000
2009/10/29,0,515000,-790000,-275000
2009/10/30,0,132000,-434000,-302000
2009/11/02,0,102000,-368000,-266000
2009/11/03,0,169000,-839000,-670000
2009/11/04,0,260000,-128000,132000
2009/11/05,0,602000,-200000,402000
2009/11/06,0,260000,-117000,143000
2009/11/09,0,267000,-722000,-455000
2009/11/10,0,156000,-160000,-4000
2009/11/11,0,171000,-136000,35000
2009/11/12,0,155000,-94000,61000
2009/11/13,0,277000,-313000,-36000
2009/11/16,0,1237000,-308000,929000
2009/11/17,0,393000,-603000,-210000
2009/11/18,0,314000,-570000,-256000
2009/11/19,0,219000,-240000,-21000
2009/11/20,0,90000,-124000,-34000
2009/11/23,0,31000,-183000,-152000
2009/11/24,0,239000,-160000,79000
2009/11/25,0,118000,-203000,-85000
2009/11/26,0,98000,-200000,-102000
2009/11/27,0,498000,-1323000,-825000
2009/11/30,0,60000,-21000,39000
2009/12/01,0,235000,-114000,121000
2009/12/02,0,19000,-241000,-222000
2009/12/03,0,681000,-200000,481000
2009/12/04,0,226000,-443000,-217000
2009/12/07,0,247000,-275000,-28000
2009/12/08,0,237000,-1867000,-1630000
2009/12/09,0,88000,-190000,-102000
2009/12/10,0,136000,-893000,-757000
2009/12/11,0,640000,-169946,470054
2009/12/14,0,142000,-712000,-570000
2009/12/15,0,215000,-296000,-81000
2009/12/16,0,166000,-381000,-215000
2009/12/17,0,143000,-519000,-376000
2009/12/18,0,177000,-67000,110000
2009/12/21,0,410000,-648000,-238000
2009/12/22,0,1543000,-513000,1030000
2009/12/23,0,104000,-214000,-110000
2009/12/24,0,1279000,-2092000,-813000
2009/12/25,0,894000,-323000,571000
2009/12/28,0,816000,-13000,803000
2009/12/29,0,450000,-286000,164000
2009/12/30,0,298000,-142000,156000
2009/12/31,0,348000,-303000,45000
2010/01/01,0,0,0,0
2010/01/04,0,2546000,-439000,2107000
2010/01/05,0,1368000,-1328000,40000
2010/01/06,0,1153000,-266000,887000
2010/01/07,0,1156000,-1868000,-712000
2010/01/08,0,362000,-897000,-535000
2010/01/11,0,900000,-647000,253000
2010/01/12,0,309000,-937000,-628000
2010/01/13,0,535000,-781000,-246000
2010/01/14,0,586000,-70000,516000
2010/01/15,0,188000,-246000,-58000
2010/01/18,0,521000,-288000,233000
2010/01/19,0,795362,-1157000,-361638
2010/01/20,0,344000,-988000,-644000
2010/01/21,0,357000,-750000,-393000
2010/01/22,0,321000,-531000,-210000
2010/01/25,0,212000,-376000,-164000
2010/01/26,0,670000,-1139000,-469000
2010/01/27,0,335000,-140000,195000
2010/01/28,0,440000,-281000,159000
2010/01/29,0,478000,-621000,-143000
2010/02/01,0,401000,-412000,-11000
2010/02/02,0,278000,-584000,-306000
2010/02/03,0,271000,-372000,-101000
2010/02/04,0,318000,-192000,126000
2010/02/05,0,240000,-1867000,-1627000
2010/02/08,0,385000,-126000,259000
2010/02/09,0,520000,-68000,452000
2010/02/10,0,675000,-99000,576000
2010/02/11,0,0,0,0
2010/02/12,0,0,0,0
2010/02/15,0,0,0,0
2010/02/16,0,0,0,0
2010/02/17,0,0,0,0
2010/02/18,0,0,0,0
2010/02/19,0,0,0,0
2010/02/22,0,607000,-120000,487000
2010/02/23,0,319000,-591000,-272000
2010/02/24,0,139000,-217000,-78000
2010/02/25,0,94000,-476000,-382000
2010/02/26,0,217000,-222420,-5420
2010/03/01,0,1416000,-192000,1224000
2010/03/02,0,793000,-620000,173000
2010/03/03,0,348000,-263000,85000
2010/03/04,0,338000,-676000,-338000
2010/03/05,0,481000,-239000,242000
2010/03/08,0,335000,-289000,46000
2010/03/09,0,128000,-725000,-597000
2010/03/10,0,221000,-119000,102000
2010/03/11,0,318000,-551000,-233000
2010/03/12,0,746000,-919000,-173000
2010/03/15,0,1223000,-355000,868000
2010/03/16,0,561000,-887000,-326000
2010/03/17,0,951000,-164000,787000
2010/03/18,0,1027000,-544000,483000
2010/03/19,0,96000,-303000,-207000
2010/03/22,0,505000,-341000,164000
2010/03/23,0,595000,-974000,-379000
2010/03/24,0,615000,-301000,314000
2010/03/25,0,267000,-452000,-185000
2010/03/26,0,788000,-115000,673000
2010/03/29,0,1007000,-67000,940000
2010/03/30,0,715000,-946000,-231000
2010/03/31,0,708000,-717000,-9000
2010/04/01,0,434000,-393000,41000
2010/04/02,0,1024000,-325000,699000
2010/04/05,0,0,0,0
2010/04/06,0,1181000,-498000,683000
2010/04/07,0,137000,-325000,-188000
2010/04/08,0,352000,-659000,-307000
2010/04/09,0,731000,-95000,636000
2010/04/12,0,1249000,-250000,999000
2010/04/13,0,209000,-354000,-145000
2010/04/14,0,1051000,-214000,837000
2010/04/15,0,1652000,-1042000,610000
2010/04/16,0,320000,-436000,-116000
2010/04/19,0,108000,-1917000,-1809000
2010/04/20,0,253000,-915000,-662000
2010/04/21,0,2188000,-508000,1680000
2010/04/22,0,1593000,-1300000,293000
2010/04/23,0,1076000,-662000,414000
2010/04/26,0,1132000,-488000,644000
2010/04/27,0,791000,-1533000,-742000
2010/04/28,0,203000,-479000,-276000
2010/04/29,0,1427000,-572000,855000
2010/04/30,0,846000,-707000,139000
2010/05/03,0,348000,-611000,-263000
2010/05/04,0,235000,-2298000,-2063000
2010/05/05,0,305000,-1767000,-1462000
2010/05/06,0,658000,-1959000,-1301000
2010/05/07,0,368000,-362000,6000
2010/05/10,0,539000,-187000,352000
2010/05/11,0,298000,-1001005,-703005
2010/05/12,0,333000,-793000,-460000
2010/05/13,0,181000,-380000,-199000
2010/05/14,0,213000,-256000,-43000
2010/05/17,0,248000,-581000,-333000
2010/05/18,0,215000,-114000,101000
2010/05/19,0,562000,-299000,263000
2010/05/20,0,69000,-503000,-434000
2010/05/21,0,273000,-1702000,-1429000
2010/05/24,0,942000,-186000,756000
2010/05/25,0,180000,-780000,-600000
2010/05/26,0,516000,-564000,-48000
2010/05/27,0,1069000,-199000,870000
2010/05/28,0,393000,-388000,5000
2010/05/31,0,159000,-329000,-170000
2010/06/01,0,490000,-240000,250000
2010/06/02,0,217000,-357000,-140000
2010/06/03,0,615000,-119000,496000
2010/06/04,0,215000,-43000,172000
2010/06/07,0,163000,-967000,-804000
2010/06/08,0,552000,-275000,277000
2010/06/09,0,73000,-846000,-773000
2010/06/10,0,268000,-34000,234000
2010/06/11,0,403000,-628000,-225000
2010/06/14,0,42000,-328000,-286000
2010/06/15,0,906000,-174000,732000
2010/06/16,0,0,0,0
2010/06/17,0,832000,-440000,392000
2010/06/18,0,0,-513000,-513000
2010/06/21,0,1190000,-100000,1090000
2010/06/22,0,662000,-282000,380000
2010/06/23,0,243000,-131000,112000
2010/06/24,0,167000,-528984,-361984
2010/06/25,0,571000,-639000,-68000
2010/06/28,0,294000,-558000,-264000
2010/06/29,0,630000,-428000,202000
2010/06/30,0,348000,-870000,-522000
2010/07/01,0,303000,-410000,-107000
2010/07/02,0,180000,-54000,126000
2010/07/05,0,289000,-170000,119000
2010/07/06,0,1000000,-149000,851000
2010/07/07,0,1178000,-429000,749000
2010/07/08,0,1075000,-641000,434000
2010/07/09,0,786000,-371000,415000
2010/07/12,0,609000,-524000,85000
2010/07/13,0,730000,-764000,-34000
2010/07/14,0,665000,-875000,-210000
2010/07/15,0,368000,-538000,-170000
2010/07/16,0,610000,-731000,-121000
2010/07/19,0,713000,-224000,489000
2010/07/20,0,507000,-289000,218000
2010/07/21,0,1233000,-323000,910000
2010/07/22,0,475000,-586000,-111000
2010/07/23,0,1144000,-714743,429257
2010/07/26,0,752000,-439000,313000
2010/07/27,0,526000,-272000,254000
2010/07/28,0,1144000,-967000,177000
2010/07/29,0,1074000,-515000,559000
2010/07/30,0,1145000,-245000,900000
2010/08/02,0,1388000,-344000,1044000
2010/08/03,0,4065000,-641000,3424000
2010/08/04,0,1784000,-1031000,753000
2010/08/05,0,1194000,-961000,233000
2010/08/06,0,1339000,-158000,1181000
2010/08/09,0,546000,-422000,124000
2010/08/10,0,292000,-443000,-151000
2010/08/11,0,277000,-3781000,-3504000
2010/08/12,0,1168000,-319000,849000
2010/08/13,0,1746000,-962000,784000
2010/08/16,0,1372000,-302000,1070000
2010/08/17,0,630000,-1109000,-479000
2010/08/18,0,870000,-1919000,-1049000
2010/08/19,0,681000,-638000,43000
2010/08/20,0,1971000,-747962,1223038
2010/08/23,0,3377000,-1060000,2317000
2010/08/24,0,462000,-1185000,-723000
2010/08/25,0,841000,-1048000,-207000
2010/08/26,0,479000,-886000,-407000
2010/08/27,0,254000,-694000,-440000
2010/08/30,0,383076,-429000,-45924
2010/08/31,0,306000,-1140000,-834000
2010/09/01,0,758000,-147000,611000
2010/09/02,0,133000,-570000,-437000
2010/09/03,0,356000,-614000,-258000
2010/09/06,0,3092000,-469000,2623000
2010/09/07,0,1865000,-481000,1384000
2010/09/08,0,526000,-513000,13000
2010/09/09,0,632000,-2625000,-1993000
2010/09/10,0,311000,-179000,132000
2010/09/13,0,786000,-438000,348000
2010/09/14,0,424000,-481000,-57000
2010/09/15,0,793000,-158000,635000
2010/09/16,0,163000,-408000,-245000
2010/09/17,0,521000,-658000,-137000
2010/09/20,0,77000,-443000,-366000
2010/09/21,0,590000,-61000,529000
2010/09/22,0,0,0,0
2010/09/23,0,2402000,-353000,2049000
2010/09/24,0,1759000,-1453000,306000
2010/09/27,0,3464000,-2205000,1259000
2010/09/28,0,1114000,-1124000,-10000
2010/09/29,0,1568000,-767000,801000
2010/09/30,0,956000,-1336000,-380000
2010/10/01,0,454000,-495000,-41000
2010/10/04,0,726000,-921000,-195000
2010/10/05,0,378000,-624000,-246000
2010/10/06,0,2191000,-655000,1536000
2010/10/07,0,1771000,-917931,853069
2010/10/08,0,1281000,-635000,646000
2010/10/11,0,1252000,-701000,551000
2010/10/12,0,484000,-970000,-486000
2010/10/13,0,663000,-1574000,-911000
2010/10/14,0,709000,-180000,529000
2010/10/15,0,1640000,-280000,1360000
2010/10/18,0,221000,-1607000,-1386000
2010/10/19,0,491000,-2829000,-2338000
2010/10/20,0,342000,-425000,-83000
2010/10/21,0,1069000,-319000,750000
2010/10/22,0,345000,-198000,147000
2010/10/25,0,3074000,-715000,2359000
2010/10/26,0,991000,-1779000,-788000
2010/10/27,0,185000,-328000,-143000
2010/10/28,0,721000,-661000,60000
2010/10/29,0,433000,-1021000,-588000
2010/11/01,0,617000,-289000,328000
2010/11/02,0,556000,-1417000,-861000
2010/11/03,0,1907000,-3233000,-1326000
2010/11/04,0,4186000,-1333000,2853000
2010/11/05,0,13743000,-5014000,8729000
2010/11/08,0,2331000,-2062000,269000
2010/11/09,0,2282000,-3613000,-1331000
2010/11/10,0,5574000,-1903000,3671000
2010/11/11,0,4071000,-1510000,2561000
2010/11/12,0,2228000,-3370000,-1142000
2010/11/15,0,675000,-1556000,-881000
2010/11/16,0,1369000,-2001000,-632000
2010/11/17,0,808000,-1931000,-1123000
2010/11/18,0,3219000,-3889000,-670000
2010/11/19,0,371000,-2235000,-1864000
2010/11/22,0,432000,-647000,-215000
2010/11/23,0,899000,-529000,370000
2010/11/24,0,962000,-354000,608000
2010/11/25,0,451000,-1153000,-702000
2010/11/26,0,1301000,-1175000,126000
2010/11/29,0,704000,-626000,78000
2010/11/30,0,2762000,-650000,2112000
2010/12/01,0,2879000,-785000,2094000
2010/12/02,0,860000,-1289000,-429000
2010/12/03,0,708000,-1452000,-744000
2010/12/06,0,1846000,-457000,1389000
2010/12/07,0,6216000,-1321000,4895000
2010/12/08,0,3344000,-1897000,1447000
2010/12/09,0,1211000,-2610000,-1399000
2010/12/10,0,2417000,-1422000,995000
2010/12/13,0,4448000,-1416000,3032000
2010/12/14,0,903000,-1074000,-171000
2010/12/15,0,1827000,-1341000,486000
2010/12/16,0,753000,-2243000,-1490000
2010/12/17,0,978000,-683000,295000
2010/12/20,0,740000,-867000,-127000
2010/12/21,0,2900000,-726000,2174000
2010/12/22,0,869000,-270000,599000
2010/12/23,0,1211000,-524000,687000
2010/12/24,0,657000,-1100000,-443000
2010/12/27,0,541000,-323905,217095
2010/12/28,0,1095000,-4379000,-3284000
2010/12/29,0,575000,-2344000,-1769000
2010/12/30,0,1749000,-1590000,159000
2010/12/31,0,2167000,-509000,1658000
2011/01/03,0,3017000,-584000,2433000
2011/01/04,0,761000,-690000,71000
2011/01/05,0,344000,-2995000,-2651000
2011/01/06,0,467000,-2077000,-1610000
2011/01/07,0,126000,-4168000,-4042000
2011/01/10,0,299000,-1577000,-1278000
2011/01/11,0,2943000,-647000,2296000
2011/01/12,0,805000,-788000,17000
2011/01/13,0,911000,-667000,244000
2011/01/14,0,5966000,-1885000,4081000
2011/01/17,0,272000,-5360000,-5088000
2011/01/18,0,193000,-998000,-805000
2011/01/19,0,331000,-2153000,-1822000
2011/01/20,0,65000,-1490000,-1425000
2011/01/21,0,374000,-1383000,-1009000
2011/01/24,0,84000,-1418000,-1334000
2011/01/25,0,367000,-1332000,-965000
2011/01/26,0,1191000,-400000,791000
2011/01/27,0,306000,-1041000,-735000
2011/01/28,0,461000,-3338000,-2877000
2011/01/31,0,0,0,0
2011/02/01,0,0,0,0
2011/02/02,0,0,0,0
2011/02/03,0,0,0,0
2011/02/04,0,0,0,0
2011/02/07,0,0,0,0
2011/02/08,0,3220000,-321000,2899000
2011/02/09,0,337000,-1972000,-1635000
2011/02/10,0,271000,-6131000,-5860000
2011/02/11,0,638000,-12833000,-12195000
2011/02/14,0,2189000,-1638000,551000
2011/02/15,0,1042000,-2486000,-1444000
2011/02/16,0,137000,-1251000,-1114000
2011/02/17,0,80000,-2320000,-2240000
2011/02/18,0,3619000,-2141000,1478000
2011/02/21,0,85000,-1240000,-1155000
2011/02/22,0,172000,-3220000,-3048000
2011/02/23,0,493000,-901000,-408000
2011/02/24,0,267000,-446000,-179000
2011/02/25,0,2321000,-801000,1520000
2011/02/28,0,0,0,0
2011/03/01,0,304000,-406000,-102000
2011/03/02,0,256000,-730000,-474000
2011/03/03,0,665000,-1411000,-746000
2011/03/04,0,410000,-547000,-137000
2011/03/07,0,2352000,-1023000,1329000
2011/03/08,0,456000,-670000,-214000
2011/03/09,0,223000,-873000,-650000
2011/03/10,0,613000,-393000,220000
2011/03/11,0,395000,-2074000,-1679000
2011/03/14,0,585000,-2362000,-1777000
2011/03/15,0,388000,-2481000,-2093000
2011/03/16,0,443000,-174000,269000
2011/03/17,0,288000,-763000,-475000
2011/03/18,0,777000,-308000,469000
2011/03/21,0,1696000,-366000,1330000
2011/03/22,0,972000,-360000,612000
2011/03/23,0,301000,-944000,-643000
2011/03/24,0,995000,-198000,797000
2011/03/25,0,566000,-746000,-180000
2011/03/28,0,545000,-357000,188000
2011/03/29,0,358000,-84000,274000
2011/03/30,0,377000,-281000,96000
2011/03/31,0,440000,-351000,89000
2011/04/01,0,694000,-271000,423000
2011/04/04,0,0,0,0
2011/04/05,0,0,0,0
2011/04/06,0,770000,-328000,442000
2011/04/07,0,1462000,-225000,1237000
2011/04/08,0,4587000,-689000,3898000
2011/04/11,0,802000,-675000,127000
2011/04/12,0,605000,-1789000,-1184000
2011/04/13,0,427000,-378000,49000
2011/04/14,0,408000,-163000,245000
2011/04/15,0,258000,-1886000,-1628000
2011/04/18,0,463000,-983000,-520000
2011/04/19,0,611000,-1407000,-796000
2011/04/20,0,1275000,-593000,682000
2011/04/21,0,4544000,-590000,3954000
2011/04/22,0,569000,-180000,389000
2011/04/25,0,308000,-1105000,-797000
2011/04/26,0,643000,-709000,-66000
2011/04/27,0,3671000,-1297000,2374000
2011/04/28,0,673000,-549000,124000
2011/04/29,0,2944000,-4541000,-1597000
2011/05/02,0,0,0,0
2011/05/03,0,494000,-941000,-447000
2011/05/04,0,94000,-644000,-550000
2011/05/05,0,705000,-752000,-47000
2011/05/06,0,471000,-544000,-73000
2011/05/09,0,327000,-323000,4000
2011/05/10,0,177000,-626000,-449000
2011/05/11,0,595000,-371040,223960
2011/05/12,0,566000,-276000,290000
2011/05/13,0,611000,-354000,257000
2011/05/16,0,709000,-653000,56000
2011/05/17,0,173000,-1333000,-1160000
2011/05/18,0,388000,-1120000,-732000
2011/05/19,0,865000,-598636,266364
2011/05/20,0,228000,-1230000,-1002000
2011/05/23,0,544000,-1702000,-1158000
2011/05/24,0,253000,-1559000,-1306000
2011/05/25,0,513000,-331000,182000
2011/05/26,0,176000,-285000,-109000
2011/05/27,0,132000,-472000,-340000
2011/05/30,0,207000,-303000,-96000
2011/05/31,0,655000,-440000,215000
2011/06/01,0,1135000,-341000,794000
2011/06/02,0,213000,-307000,-94000
2011/06/03,0,968000,-144000,824000
2011/06/06,0,0,0,0
2011/06/07,0,241000,-157000,84000
2011/06/08,0,166000,-453000,-287000
2011/06/09,0,109000,-606000,-497000
2011/06/10,0,273000,-435000,-162000
2011/06/13,0,103000,-684000,-581000
2011/06/14,0,403000,-648000,-245000
2011/06/15,0,173000,-427000,-254000
2011/06/16,0,83000,-542000,-459000
2011/06/17,0,295000,-358000,-63000
2011/06/20,0,433000,-445000,-12000
2011/06/21,0,972000,-441000,531000
2011/06/22,0,289000,-473000,-184000
2011/06/23,0,247000,-483000,-236000
2011/06/24,0,163000,-204000,-41000
2011/06/27,0,118000,-242000,-124000
2011/06/28,0,27000,-169000,-142000
2011/06/29,0,1164000,-240000,924000
2011/06/30,0,611000,-253000,358000
2011/07/01,0,115000,-136000,-21000
2011/07/04,0,581000,-114000,467000
2011/07/05,0,419000,-822851,-403851
2011/07/06,0,286000,-306000,-20000
2011/07/07,0,35000,-179000,-144000
2011/07/08,0,1065000,-773000,292000
2011/07/11,0,190000,-306000,-116000
2011/07/12,0,422000,-959000,-537000
2011/07/13,0,292000,-976000,-684000
2011/07/14,0,382000,-518000,-136000
2011/07/15,0,706000,-155000,551000
2011/07/18,0,591000,-135000,456000
2011/07/19,0,71000,-225000,-154000
2011/07/20,0,661000,-231000,430000
2011/07/21,0,406000,-45000,361000
2011/07/22,0,170000,-113000,57000
2011/07/25,0,61000,-679000,-618000
2011/07/26,0,388000,-299000,89000
2011/07/27,0,50000,-55000,-5000
2011/07/28,0,206000,-692000,-486000
2011/07/29,0,280000,-333000,-53000
2011/08/01,0,1088000,-452000,636000
2011/08/02,0,1246000,-606000,640000
2011/08/03,0,523000,-1003000,-480000
2011/08/04,0,964000,-656000,308000
2011/08/05,0,208000,-1208957,-1000957
2011/08/08,0,1080000,-1300000,-220000
2011/08/09,0,113000,-737000,-624000
2011/08/10,0,459000,-258000,201000
2011/08/11,0,964000,-2255000,-1291000
2011/08/12,0,1666000,-599400,1066600
2011/08/15,0,412000,-1585000,-1173000
2011/08/16,0,507000,-591000,-84000
2011/08/17,0,110000,-1396000,-1286000
2011/08/18,0,202000,-1010000,-808000
2011/08/19,0,900000,-458600,441400
2011/08/22,0,726000,-977000,-251000
2011/08/23,0,2532000,-104000,2428000
2011/08/24,0,461000,-560000,-99000
2011/08/25,0,241000,-660000,-419000
2011/08/26,0,294000,-212000,82000
2011/08/29,0,472000,-72000,400000
2011/08/30,0,1295000,-92000,1203000
2011/08/31,0,376000,-663000,-287000
2011/09/01,0,772000,-1179000,-407000
2011/09/02,0,217000,-978000,-761000
2011/09/05,0,353000,-1579732,-1226732
2011/09/06,0,922000,-321609,600391
2011/09/07,0,293000,-284000,9000
2011/09/08,0,484000,-219000,265000
2011/09/09,0,168000,-91000,77000
2011/09/12,0,0,0,0
2011/09/13,0,254000,-427000,-173000
2011/09/14,0,152000,-265000,-113000
2011/09/15,0,242000,-104000,138000
2011/09/16,0,969000,-125000,844000
2011/09/19,0,244000,-831000,-587000
2011/09/20,0,901489,-194000,707489
2011/09/21,0,131000,-396000,-265000
2011/09/22,0,323000,-126617,196383
2011/09/23,0,215000,-762000,-547000
2011/09/26,0,457000,-541000,-84000
2011/09/27,0,592000,-61000,531000
2011/09/28,0,181000,-95000,86000
2011/09/29,0,245000,-98400,146600
2011/09/30,0,547000,-62000,485000
2011/10/03,0,52000,-722000,-670000
2011/10/04,0,220000,-108000,112000
2011/10/05,0,6000,-33526,-27526
2011/10/06,0,313000,-17000,296000
2011/10/07,0,762000,-117000,645000
2011/10/10,0,0,0,0
2011/10/11,0,161000,-93000,68000
2011/10/12,0,74000,-54000,20000
2011/10/13,0,74000,-36769,37231
2011/10/14,0,0,-150000,-150000
2011/10/17,0,106000,0,106000
2011/10/18,0,8000,-136285,-128285
2011/10/19,0,168000,-88000,80000
2011/10/20,0,15975,-118000,-102025
2011/10/21,0,151000,-91000,60000
2011/10/24,0,1093000,-103000,990000
2011/10/25,0,45000,-18000,27000
2011/10/26,0,492000,-8000,484000
2011/10/27,0,379000,-374000,5000
2011/10/28,0,460000,-423000,37000
2011/10/31,0,284400,-242000,42400
2011/11/01,0,216000,-301000,-85000
2011/11/02,0,399225,-285000,114225
2011/11/03,0,242000,-783000,-541000
2011/11/04,0,765000,-1063749,-298749
2011/11/07,0,833000,-220000,613000
2011/11/08,0,1077000,-223000,854000
2011/11/09,0,113000,-395000,-282000
2011/11/10,0,412000,-835000,-423000
2011/11/11,0,334000,-305000,29000
2011/11/14,0,209600,-202000,7600
2011/11/15,0,1645000,-107000,1538000
2011/11/16,0,244000,-361000,-117000
2011/11/17,0,307000,-174000,133000
2011/11/18,0,199000,-661136,-462136
2011/11/21,0,193000,-3262000,-3069000
2011/11/22,0,354000,-590000,-236000
2011/11/23,0,171000,-1175000,-1004000
2011/11/24,0,285000,-355000,-70000
2011/11/25,0,244000,-290000,-46000
2011/11/28,0,233000,-247000,-14000
2011/11/29,0,333000,-200000,133000
2011/11/30,0,199000,-523000,-324000
2011/12/01,0,951000,-182000,769000
2011/12/02,0,69000,-408000,-339000
2011/12/05,0,5000,-396000,-391000
2011/12/06,0,10000,-256000,-246000
2011/12/07,0,79000,-32000,47000
2011/12/08,0,36000,-80600,-44600
2011/12/09,0,27000,-114000,-87000
2011/12/12,0,20000,-49000,-29000
2011/12/13,0,26000,-117000,-91000
2011/12/14,0,13000,-61000,-48000
2011/12/15,0,9000,-149000,-140000
2011/12/16,0,10000,-73000,-63000
2011/12/19,0,37000,-588000,-551000
2011/12/20,0,38000,-413000,-375000
2011/12/21,0,152000,-32000,120000
2011/12/22,0,134000,-93000,41000
2011/12/23,0,573500,-73000,500500
2011/12/26,0,120000,-177000,-57000
2011/12/27,0,117000,-72000,45000
2011/12/28,0,491000,-52000,439000
2011/12/29,0,284000,-214000,70000
2011/12/30,0,101000,-212000,-111000
2012/01/02,0,20000,-301300,-281300
2012/01/03,0,168000,-46000,122000
2012/01/04,0,181000,-60000,121000
2012/01/05,0,755000,-25600,729400
2012/01/06,0,145000,-281000,-136000
2012/01/09,0,177000,-463000,-286000
2012/01/10,0,588000,-42000,546000
2012/01/11,0,329000,-96000,233000
2012/01/12,0,129000,-136000,-7000
2012/01/13,0,251000,-252000,-1000
2012/01/16,0,127000,-270000,-143000
2012/01/17,0,278000,-316399,-38399
2012/01/18,0,1087000,-596000,491000
2012/01/19,0,0,0,0
2012/01/20,0,0,0,0
2012/01/23,0,0,0,0
2012/01/24,0,0,0,0
2012/01/25,0,0,0,0
2012/01/26,0,0,0,0
2012/01/27,0,0,0,0
2012/01/30,0,1267000,-384000,883000
2012/01/31,0,787000,-1853000,-1066000
2012/02/01,0,237000,-209000,28000
2012/02/02,0,462000,-133000,329000
2012/02/03,0,250000,-589000,-339000
2012/02/06,0,177000,-3344000,-3167000
2012/02/07,0,1155000,-353000,802000
2012/02/08,0,116000,-1301000,-1185000
2012/02/09,0,371000,-498000,-127000
2012/02/10,0,251000,-300000,-49000
2012/02/13,0,5015000,-162000,4853000
2012/02/14,0,549000,-3878000,-3329000
2012/02/15,0,258000,-463000,-205000
2012/02/16,0,378000,-1348000,-970000
2012/02/17,0,467000,-293000,174000
2012/02/20,0,524000,-190000,334000
2012/02/21,0,271000,-439000,-168000
2012/02/22,0,781000,-472000,309000
2012/02/23,0,177000,-424292,-247292
2012/02/24,0,169000,-264000,-95000
2012/02/27,0,0,0,0
2012/02/28,0,0,0,0
2012/02/29,0,2668000,-274000,2394000
2012/03/01,0,235000,-1932000,-1697000
2012/03/02,0,369000,-383000,-14000
2012/03/05,0,204000,-476000,-272000
2012/03/06,0,2261000,-1520000,741000
2012/03/07,0,1853000,-1699000,154000
2012/03/08,0,359000,-1750000,-1391000
2012/03/09,0,312000,-628000,-316000
2012/03/12,0,265000,-396000,-131000
2012/03/13,0,326000,-635206,-309206
2012/03/14,0,429000,-126000,303000
2012/03/15,0,41000,-458000,-417000
2012/03/16,0,128000,-175000,-47000
2012/03/19,0,212000,-453000,-241000
2012/03/20,0,207000,-417000,-210000
2012/03/21,0,276000,-104000,172000
2012/03/22,0,98000,-213000,-115000
2012/03/23,0,83000,-166000,-83000
2012/03/26,0,436000,-729400,-293400
2012/03/27,0,358000,-623000,-265000
2012/03/28,0,70000,-292000,-222000
2012/03/29,0,116000,-547109,-431109
2012/03/30,0,142400,-186000,-43600
2012/04/02,0,82000,-216000,-134000
2012/04/03,0,210000,-288000,-78000
2012/04/04,0,0,0,0
2012/04/05,0,198000,-112000,86000
2012/04/06,0,217000,-166000,51000
2012/04/09,0,34000,-136000,-102000
2012/04/10,0,77000,-142000,-65000
2012/04/11,0,17000,-34000,-17000
2012/04/12,0,16000,-150000,-134000
2012/04/13,0,19000,-80424,-61424
2012/04/16,0,44000,-89000,-45000
2012/04/17,0,1000,-101000,-100000
2012/04/18,0,28000,-72000,-44000
2012/04/19,0,59000,-37000,22000
2012/04/20,0,11000,-42000,-31000
2012/04/23,0,15000,-65000,-50000
2012/04/24,0,65000,-64000,1000
2012/04/25,0,34000,-26000,8000
2012/04/26,0,10,-81000,-80990
2012/04/27,0,2000,-110186,-108186
2012/04/30,0,15000,-18000,-3000
2012/05/01,0,0,0,0
2012/05/02,0,141000,-3000,138000
2012/05/03,0,35000,-88000,-53000
2012/05/04,0,86000,-146000,-60000
2012/05/07,0,100000,-127000,-27000
2012/05/08,0,50000,-62000,-12000
2012/05/09,0,208000,-43000,165000
2012/05/10,0,53000,-14000,39000
2012/05/11,0,16000,-178000,-162000
2012/05/14,0,37000,-286000,-249000
2012/05/15,0,72000,-54000,18000
2012/05/16,0,20000,-91000,-71000
2012/05/17,0,170000,-23000,147000
2012/05/18,0,45000,-204000,-159000
2012/05/21,0,114000,-100000,14000
2012/05/22,0,116000,-24000,92000
2012/05/23,0,74000,-353000,-279000
2012/05/24,0,34000,-165000,-131000
2012/05/25,0,15000,-29000,-14000
2012/05/28,0,30000,-12000,18000
2012/05/29,0,203000,-74000,129000
2012/05/30,0,149000,-94000,55000
2012/05/31,0,58000,-44000,14000
2012/06/01,0,93000,-96000,-3000
2012/06/04,0,48000,-277000,-229000
2012/06/05,0,86000,-43000,43000
2012/06/06,0,60000,-88000,-28000
2012/06/07,0,80000,-87000,-7000
2012/06/08,0,39000,-66828,-27828
2012/06/11,0,149000,-11000,138000
2012/06/12,0,120000,-38000,82000
2012/06/13,0,135000,-65000,70000
2012/06/14,0,127000,-74000,53000
2012/06/15,0,52000,-96000,-44000
2012/06/18,0,267000,-115000,152000
2012/06/19,0,297000,-150000,147000
2012/06/20,0,191000,-205000,-14000
2012/06/21,0,407000,-127000,280000
2012/06/22,0,56000,-270000,-214000
2012/06/25,0,93000,-416000,-323000
2012/06/26,0,22000,-157000,-135000
2012/06/27,0,40000,-11000,29000
2012/06/28,0,7000,-51000,-44000
2012/06/29,0,37000,-94000,-57000
2012/07/02,0,11000,-74000,-63000
2012/07/03,0,657000,-24000,633000
2012/07/04,0,643000,-419000,224000
2012/07/05,0,100000,-306000,-206000
2012/07/06,0,356000,-95000,261000
2012/07/09,0,51000,-381000,-330000
2012/07/10,0,180000,-140000,40000
2012/07/11,0,14000,-243000,-229000
2012/07/12,0,733000,-121000,612000
2012/07/13,0,23000,-381000,-358000
2012/07/16,0,34000,-258000,-224000
2012/07/17,0,198000,-30000,168000
2012/07/18,0,75000,-242000,-167000
2012/07/19,0,106000,-36000,70000
2012/07/20,0,32000,-253000,-221000
2012/07/23,0,56000,-147000,-91000
2012/07/24,0,165000,-21000,144000
2012/07/25,0,16000,-96000,-80000
2012/07/26,0,4000,-69000,-65000
2012/07/27,0,44000,-2000,42000
2012/07/30,0,29000,-49000,-20000
2012/07/31,0,2971000,-187000,2784000
2012/08/01,0,569000,-1478000,-909000
2012/08/02,0,0,0,0
2012/08/03,0,128000,-523000,-395000
2012/08/06,0,116000,-254000,-138000
2012/08/07,0,1323000,-257000,1066000
2012/08/08,0,85000,-1018000,-933000
2012/08/09,0,136000,-506000,-370000
2012/08/10,0,224000,-347000,-123000
2012/08/13,0,89000,-57000,32000
2012/08/14,0,1892000,-18000,1874000
2012/08/15,0,134000,-1059000,-925000
2012/08/16,0,2985000,-410000,2575000
2012/08/17,0,336000,-1882000,-1546000
2012/08/20,0,65000,-307000,-242000
2012/08/21,0,145000,-356000,-211000
2012/08/22,0,73000,-67000,6000
2012/08/23,0,4000,-90000,-86000
2012/08/24,0,7000,-6000,1000
2012/08/27,0,47000,-90000,-43000
2012/08/28,0,19000,-746000,-727000
2012/08/29,0,627000,-68000,559000
2012/08/30,0,67000,-228000,-161000
2012/08/31,0,251000,-25000,226000
2012/09/03,0,85000,-110000,-25000
2012/09/04,0,6000,-93000,-87000
2012/09/05,0,29000,-227000,-198000
2012/09/06,0,65000,-606000,-541000
2012/09/07,0,77000,-31000,46000
2012/09/10,0,200000,-25000,175000
2012/09/11,0,169000,-22000,147000
2012/09/12,0,1056000,-68000,988000
2012/09/13,0,1322000,-216000,1106000
2012/09/14,0,202000,-520000,-318000
2012/09/17,0,890000,-266000,624000
2012/09/18,0,570000,-611000,-41000
2012/09/19,0,1182000,-165000,1017000
2012/09/20,0,67000,-170000,-103000
2012/09/21,0,324000,-45000,279000
2012/09/24,0,340000,-1273000,-933000
2012/09/25,0,75000,-345000,-270000
2012/09/26,0,529000,-56000,473000
2012/09/27,0,346000,-171000,175000
2012/09/28,0,308000,-369000,-61000
2012/10/01,0,189000,-535000,-346000
2012/10/02,0,242000,-59000,183000
2012/10/03,0,304000,-166000,138000
2012/10/04,0,144000,-56000,88000
2012/10/05,0,7000,-170000,-163000
2012/10/08,0,132000,-246000,-114000
2012/10/09,0,61000,-286000,-225000
2012/10/10,0,0,0,0
2012/10/11,0,54000,-651000,-597000
2012/10/12,0,65000,-522000,-457000
2012/10/15,0,86000,-305000,-219000
2012/10/16,0,193000,-78000,115000
2012/10/17,0,103000,-163000,-60000
2012/10/18,0,22000,-118000,-96000
2012/10/19,0,7000,-150000,-143000
2012/10/22,0,49000,-373000,-324000
2012/10/23,0,2000,-676000,-674000
2012/10/24,0,130000,-65000,65000
2012/10/25,0,88000,-243000,-155000
2012/10/26,0,118000,-325000,-207000
2012/10/29,0,105000,-453000,-348000
2012/10/30,0,215000,-152000,63000
2012/10/31,0,162000,-87000,75000
2012/11/01,0,144000,-138000,6000
2012/11/02,0,60000,-82000,-22000
2012/11/05,0,43000,-188000,-145000
2012/11/06,0,155000,-27000,128000
2012/11/07,0,151000,-119000,32000
2012/11/08,0,57000,-158000,-101000
2012/11/09,0,321000,-90000,231000
2012/11/12,0,33000,-27000,6000
2012/11/13,0,7000,-202000,-195000
2012/11/14,0,129000,-25000,104000
2012/11/15,0,57000,-72000,-15000
2012/11/16,0,58000,-121000,-63000
2012/11/19,0,7000,-200000,-193000
2012/11/20,0,3000,-168000,-165000
2012/11/21,0,16000,-210000,-194000
2012/11/22,0,124000,0,124000
2012/11/23,0,367000,-38000,329000
2012/11/26,0,261000,-41000,220000
2012/11/27,0,892000,-42000,850000
2012/11/28,0,258000,-401000,-143000
2012/11/29,0,331000,-421000,-90000
2012/11/30,0,431000,-130000,301000
2012/12/03,0,462000,-397000,65000
2012/12/04,0,207000,-223000,-16000
2012/12/05,0,1633000,-137000,1496000
2012/12/06,0,517000,-602000,-85000
2012/12/07,0,259000,-499000,-240000
2012/12/10,0,107000,-231000,-124000
2012/12/11,0,217000,-269000,-52000
2012/12/12,0,663000,-460000,203000
2012/12/13,0,154000,-206000,-52000
2012/12/14,0,49000,-472000,-423000
2012/12/17,0,392000,-310000,82000
2012/12/18,0,144000,-179000,-35000
2012/12/19,0,73000,-268000,-195000
2012/12/20,0,50000,-288000,-238000
2012/12/21,0,198000,-772000,-574000
2012/12/24,0,166000,-174000,-8000
2012/12/25,0,529000,-39000,490000
2012/12/26,0,1872000,-292000,1580000
2012/12/27,0,744000,-915000,-171000
2012/12/28,0,75000,-483000,-408000
2012/12/31,0,0,0,0
2013/01/01,0,0,0,0
2013/01/02,0,601000,-504000,97000
2013/01/03,0,1086000,-339000,747000
2013/01/04,0,145000,-352000,-207000
2013/01/07,0,178000,-214000,-36000
2013/01/08,0,147000,-257000,-110000
2013/01/09,0,171000,-501000,-330000
2013/01/10,0,187000,-156000,31000
2013/01/11,0,225000,-195000,30000
2013/01/14,0,324000,-236000,88000
2013/01/15,0,340000,-507000,-167000
2013/01/16,0,10000,-562000,-552000
2013/01/17,0,45000,-474000,-429000
2013/01/18,0,619000,-106000,513000
2013/01/21,0,235000,-44000,191000
2013/01/22,0,145000,-254000,-109000
2013/01/23,0,561000,-147000,414000
2013/01/24,0,117000,-239000,-122000
2013/01/25,0,60000,-276000,-216000
2013/01/28,0,80000,-101000,-21000
2013/01/29,0,708000,-187000,521000
2013/01/30,0,105000,-62000,43000
2013/01/31,0,68000,-112000,-44000
2013/02/01,0,256000,-66000,190000
2013/02/04,0,90000,-222000,-132000
2013/02/05,0,175000,-111000,64000
2013/02/06,0,146000,-242000,-96000
2013/02/07,0,0,0,0
2013/02/08,0,0,0,0
2013/02/11,0,0,0,0
2013/02/12,0,0,0,0
2013/02/13,0,0,0,0
2013/02/14,0,0,0,0
2013/02/15,0,0,0,0
2013/02/18,0,151000,-1475000,-1324000
2013/02/19,0,153000,-139000,14000
2013/02/20,0,72000,-24000,48000
2013/02/21,0,918000,-12000,906000
2013/02/22,0,328000,-151000,177000
2013/02/25,0,336000,-235000,101000
2013/02/26,0,2381000,-393000,1988000
2013/02/27,0,1871000,-1786000,85000
2013/02/28,0,0,0,0
2013/03/01,0,387000,-641000,-254000
2013/03/04,0,421000,-171000,250000
2013/03/05,0,635000,-134000,501000
2013/03/06,0,216000,-284000,-68000
2013/03/07,0,141000,-67000,74000
2013/03/08,0,685000,-26000,659000
2013/03/11,0,112000,-195000,-83000
2013/03/12,0,80000,-64000,16000
2013/03/13,0,64000,-69000,-5000
2013/03/14,0,191000,-74000,117000
2013/03/15,0,621000,-278000,343000
2013/03/18,0,366000,-2015000,-1649000
2013/03/19,0,540000,-123000,417000
2013/03/20,0,124000,-716000,-592000
2013/03/21,0,211000,-760000,-549000
2013/03/22,0,130000,-284000,-154000
2013/03/25,0,214000,-1000,213000
2013/03/26,0,200000,-1003000,-803000
2013/03/27,0,964000,-416000,548000
2013/03/28,0,43000,-330000,-287000
2013/03/29,0,158000,-149000,9000
2013/04/01,0,228000,-735000,-507000
2013/04/02,0,42000,-252000,-210000
2013/04/03,0,13000,-132000,-119000
2013/04/04,0,0,0,0
2013/04/05,0,0,0,0
2013/04/08,0,74000,-1297000,-1223000
2013/04/09,0,322000,-445000,-123000
2013/04/10,0,41000,-463000,-422000
2013/04/11,0,448000,-178000,270000
2013/04/12,0,254000,-257000,-3000
2013/04/15,0,413000,-141000,272000
2013/04/16,0,106000,-588000,-482000
2013/04/17,0,1114000,-217000,897000
2013/04/18,0,829000,-293000,536000
2013/04/19,0,1062000,-350000,712000
2013/04/22,0,5900000,-949000,4951000
2013/04/23,0,264000,-4562000,-4298000
2013/04/24,0,1215000,-483000,732000
2013/04/25,0,542000,-1075000,-533000
2013/04/26,0,128000,-420000,-292000
2013/04/29,0,50000,-212000,-162000
2013/04/30,0,261000,-217000,44000
2013/05/01,0,0,0,0
2013/05/02,0,175000,-703000,-528000
2013/05/03,0,133000,-410000,-277000
2013/05/06,0,348000,-21000,327000
2013/05/07,0,436000,-242000,194000
2013/05/08,0,954000,-281000,673000
2013/05/09,0,406000,-368000,38000
2013/05/10,0,332000,-216000,116000
2013/05/13,0,899000,-449000,450000
2013/05/14,0,254000,-396000,-142000
2013/05/15,0,335000,-623000,-288000
2013/05/16,0,4295000,-1130000,3165000
2013/05/17,0,780000,-1734000,-954000
2013/05/20,0,3994000,-1003000,2991000
2013/05/21,0,838000,-3159000,-2321000
2013/05/22,0,11253000,-3436000,7817000
2013/05/23,0,709000,-4560000,-3851000
2013/05/24,0,1211000,-2837000,-1626000
2013/05/27,0,3030000,-1278000,1752000
2013/05/28,0,1382000,-512000,870000
2013/05/29,0,672000,-367000,305000
2013/05/30,0,760000,-1801000,-1041000
2013/05/31,0,2024000,-1153000,871000
2013/06/03,0,636000,-3404000,-2768000
2013/06/04,0,904000,-1209000,-305000
2013/06/05,0,87000,-1070000,-983000
2013/06/06,0,123000,-900000,-777000
2013/06/07,0,979000,-939000,40000
2013/06/10,0,322000,-15000,307000
2013/06/11,0,145000,-250000,-105000
2013/06/12,0,0,0,0
2013/06/13,0,110000,-2268000,-2158000
2013/06/14,0,296000,-406000,-110000
2013/06/17,0,145000,-52000,93000
2013/06/18,0,305000,-162000,143000
2013/06/19,0,1179000,-1031000,148000
2013/06/20,0,305229,-443000,-137771
2013/06/21,0,369000,-845000,-476000
2013/06/24,0,274000,-370000,-96000
2013/06/25,0,282000,-975000,-693000
2013/06/26,0,190000,-220000,-30000
2013/06/27,0,1389000,-373000,1016000
2013/06/28,0,137000,-237000,-100000
2013/07/01,0,1469000,-649000,820000
2013/07/02,0,113000,-574000,-461000
2013/07/03,0,192000,-568000,-376000
2013/07/04,0,232000,-365000,-133000
2013/07/05,0,531000,-245000,286000
2013/07/08,0,70000,-515000,-445000
2013/07/09,0,299000,-296000,3000
2013/07/10,0,400000,-497000,-97000
2013/07/11,0,2516000,-363000,2153000
2013/07/12,0,58000,-1483000,-1425000
2013/07/15,0,212000,-355000,-143000
2013/07/16,0,596000,-261000,335000
2013/07/17,0,926000,-591000,335000
2013/07/18,0,381000,-403000,-22000
2013/07/19,0,389000,-768000,-379000
2013/07/22,0,15000,-322000,-307000
2013/07/23,0,292000,-190000,102000
2013/07/24,0,92000,-4000,88000
2013/07/25,0,155000,-402000,-247000
2013/07/26,0,109000,-304000,-195000
2013/07/29,0,185000,-814000,-629000
2013/07/30,0,183000,-646000,-463000
2013/07/31,0,272000,-183000,89000
2013/08/01,0,168000,-219000,-51000
2013/08/02,0,216000,-483000,-267000
2013/08/05,0,57000,-288000,-231000
2013/08/06,0,184000,-356000,-172000
2013/08/07,0,110000,-691000,-581000
2013/08/08,0,85000,-299000,-214000
2013/08/09,0,165000,-280000,-115000
2013/08/12,0,33000,-142000,-109000
2013/08/13,0,66000,-8000,58000
2013/08/14,0,232000,-197000,35000
2013/08/15,0,81000,-137000,-56000
2013/08/16,0,224000,-253000,-29000
2013/08/19,0,238000,0,238000
2013/08/20,0,269000,-620000,-351000
2013/08/21,0,0,0,0
2013/08/22,0,115000,-436000,-321000
2013/08/23,0,98000,-236000,-138000
2013/08/26,0,87000,-21000,66000
2013/08/27,0,101000,-641000,-540000
2013/08/28,0,348000,-91000,257000
2013/08/29,0,462000,-90000,372000
2013/08/30,0,5364000,-295000,5069000
2013/09/02,0,473000,-1492000,-1019000
2013/09/03,0,2417000,-395000,2022000
2013/09/04,0,32000,-601000,-569000
2013/09/05,0,745000,-147000,598000
2013/09/06,0,380000,-19000,361000
2013/09/09,0,15000,-521000,-506000
2013/09/10,0,75000,-326000,-251000
2013/09/11,0,72000,-390000,-318000
2013/09/12,0,748000,-310000,438000
2013/09/13,0,856000,-687000,169000
2013/09/16,0,460000,-397000,63000
2013/09/17,0,45000,-422000,-377000
2013/09/18,0,352000,-359000,-7000
2013/09/19,0,0,0,0
2013/09/20,0,0,0,0
2013/09/23,0,612000,-108000,504000
2013/09/24,0,1500000,-400000,1100000
2013/09/25,0,97000,-692000,-595000
2013/09/26,0,101000,-630000,-529000
2013/09/27,0,631000,-127000,504000
2013/09/30,0,43000,-407000,-364000
2013/10/01,0,92000,-155000,-63000
2013/10/02,0,216000,-196000,20000
2013/10/03,0,2394000,-315000,2079000
2013/10/04,0,220000,-919000,-699000
2013/10/07,0,501000,-474000,27000
2013/10/08,0,60000,-659000,-599000
2013/10/09,0,474000,-634000,-160000
2013/10/10,0,0,0,0
2013/10/11,0,105000,-254000,-149000
2013/10/14,0,6000,-558000,-552000
2013/10/15,0,251000,-842000,-591000
2013/10/16,0,30000,-170000,-140000
2013/10/17,0,95000,-476000,-381000
2013/10/18,0,758000,-115000,643000
2013/10/21,0,112000,-605000,-493000
2013/10/22,0,0,-428000,-428000
2013/10/23,0,42000,-268000,-226000
2013/10/24,0,781000,-70000,711000
2013/10/25,0,80000,-301000,-221000
2013/10/28,0,153000,-391000,-238000
2013/10/29,0,784000,-220000,564000
2013/10/30,0,356000,-45000,311000
2013/10/31,0,228000,-318000,-90000
2013/11/01,0,305000,-783000,-478000
2013/11/04,0,267000,-87000,180000
2013/11/05,0,359000,-442000,-83000
2013/11/06,0,99000,-196000,-97000
2013/11/07,0,95000,-70000,25000
2013/11/08,0,0,-50000,-50000
2013/11/11,0,25000,-17000,8000
2013/11/12,0,126000,-242000,-116000
2013/11/13,0,244000,-41000,203000
2013/11/14,0,98000,-232000,-134000
2013/11/15,0,214000,-209000,5000
2013/11/18,0,225000,-91000,134000
2013/11/19,0,68000,0,68000
2013/11/20,0,152000,-103000,49000
2013/11/21,0,212000,-258000,-46000
2013/11/22,0,2000,-265000,-263000
2013/11/25,0,105000,-163000,-58000
2013/11/26,0,440000,-216000,224000
2013/11/27,0,273000,-20000,253000
2013/11/28,0,1194000,-876000,318000
2013/11/29,0,1653000,-1168000,485000
2013/12/02,0,84000,-739000,-655000
2013/12/03,0,320000,-270000,50000
2013/12/04,0,1089000,-87000,1002000
2013/12/05,0,221000,-800000,-579000
2013/12/06,0,44000,-576000,-532000
2013/12/09,0,18000,-200000,-182000
2013/12/10,0,6161000,-529000,5632000
2013/12/11,0,673000,-2178000,-1505000
2013/12/12,0,2349000,-925462,1423538
2013/12/13,0,675000,-1009000,-334000
2013/12/16,0,178000,-603000,-425000
2013/12/17,0,326000,-192000,134000
2013/12/18,0,587000,-281000,306000
2013/12/19,0,445000,-355000,90000
2013/12/20,0,155000,-486000,-331000
2013/12/23,0,248000,-114000,134000
2013/12/24,0,553000,-235000,318000
2013/12/25,0,35000,-1098000,-1063000
2013/12/26,0,265000,-202000,63000
2013/12/27,0,1259000,-401000,858000
2013/12/30,0,254000,-446000,-192000
2013/12/31,0,410000,-868000,-458000
2014/01/02,0,1591000,-262000,1329000
2014/01/03,0,936000,-1558000,-622000
2014/01/06,0,384000,-608000,-224000
2014/01/07,0,253000,-347000,-94000
2014/01/08,0,3055000,-2195000,860000
2014/01/09,0,650000,-1358000,-708000
2014/01/10,0,2257000,-178000,2079000
2014/01/13,0,1543000,-2580000,-1037000
2014/01/14,0,549000,-1705000,-1156000
2014/01/15,0,3622000,-516000,3106000
2014/01/16,0,781004,-2206000,-1424996
2014/01/17,0,805000,-1034000,-229000
2014/01/20,0,16000,-1063000,-1047000
2014/01/21,0,268000,-292000,-24000
2014/01/22,0,345000,-265000,80000
2014/01/23,0,625000,-572000,53000
2014/01/24,0,385000,-391000,-6000
2014/01/27,0,623000,-1303000,-680000
2014/02/05,0,91000,-1645000,-1554000
2014/02/06,0,351000,-40000,311000
2014/02/07,0,316000,-777000,-461000
2014/02/10,0,373000,-454000,-81000
2014/02/11,0,93000,-309000,-216000
2014/02/12,0,738000,-461000,277000
2014/02/13,0,150000,-318000,-168000
2014/02/14,0,306000,-494000,-188000
2014/02/17,0,342000,-165000,177000
2014/02/18,0,123000,-304000,-181000
2014/02/19,0,42000,-165000,-123000
2014/02/20,0,76000,-37000,39000
2014/02/21,0,231000,-178000,53000
2014/02/24,0,140000,-575000,-435000
2014/02/25,0,2000,-196000,-194000
2014/02/26,0,120000,-31000,89000
2014/02/27,0,10000,-352000,-342000
2014/03/03,0,0,-280000,-280000
2014/03/04,0,459000,-305000,154000
2014/03/05,0,747000,-300000,447000
2014/03/06,0,192000,-215000,-23000
2014/03/07,0,0,-1067000,-1067000
2014/03/10,0,0,-242000,-242000
2014/03/11,0,54000,-13000,41000
2014/03/12,0,55000,-563000,-508000
2014/03/13,0,257000,-35000,222000
2014/03/14,0,96000,-499000,-403000
2014/03/17,0,40000,-125000,-85000
2014/03/18,0,128000,-52000,76000
2014/03/19,0,417000,-320000,97000
2014/03/20,0,250000,-270000,-20000
2014/03/21,0,213000,-107000,106000
2014/03/24,0,23000,-76000,-53000
2014/03/25,0,88000,-468000,-380000
2014/03/26,0,250000,-87000,163000
2014/03/27,0,6334000,-211000,6123000
2014/03/28,0,0,-4871000,-4871000
2014/03/31,0,107000,-610000,-503000
2014/04/01,0,1889000,-764000,1125000
2014/04/02,0,1306000,-1070000,236000
2014/04/03,0,110000,-992000,-882000
2014/04/07,0,286000,-277000,9000
2014/04/08,0,4636000,-120000,4516000
2014/04/09,0,40000,-2098000,-2058000
2014/04/10,0,0,-726000,-726000
2014/04/11,0,0,-1929000,-1929000
2014/04/14,0,30000,-104000,-74000
2014/04/15,0,141000,-49000,92000
2014/04/16,0,155000,-286000,-131000
2014/04/17,0,4000,-50000,-46000
2014/04/18,0,1266000,-204000,1062000
2014/04/21,0,6938000,-1363000,5575000
2014/04/22,0,310000,-2471000,-2161000
2014/04/23,0,215000,-1688000,-1473000
2014/04/24,0,52000,-1524199,-1472199
2014/04/25,0,123000,-1153000,-1030000
2014/04/28,0,153000,-437000,-284000
2014/04/29,0,1937000,-532000,1405000
2014/04/30,0,90000,-774000,-684000
2014/05/02,0,70000,-192000,-122000
2014/05/05,0,60000,-465000,-405000
2014/05/06,0,159000,-392365,-233365
2014/05/07,0,94000,-50000,44000
2014/05/08,0,4180000,-3564000,616000
2014/05/09,0,119000,-1789000,-1670000
2014/05/12,0,113000,-514000,-401000
2014/05/13,0,30000,-769000,-739000
2014/05/14,0,751000,-950000,-199000
2014/05/15,0,201000,-408000,-207000
2014/05/16,0,46000,-105000,-59000
2014/05/19,0,78000,-220000,-142000
2014/05/20,0,499000,-117000,382000
2014/05/21,0,0,-743000,-743000
2014/05/22,0,402000,-247000,155000
2014/05/23,0,169000,-204000,-35000
2014/05/26,0,30000,-84000,-54000
2014/05/27,0,240000,-140000,100000
2014/05/28,0,70000,-97000,-27000
2014/05/29,0,332000,-111000,221000
2014/05/30,0,155000,-137000,18000
2014/06/03,0,130000,-252000,-122000
2014/06/04,0,170000,-277000,-107000
2014/06/05,0,1040000,-154000,886000
2014/06/06,0,298000,-163000,135000
2014/06/09,0,83000,-10000,73000
2014/06/10,0,50000,-392000,-342000
2014/06/11,0,163000,-371000,-208000
2014/06/12,0,5108000,-367000,4741000
2014/06/13,0,1484000,-1332000,152000
2014/06/16,0,4462000,-1037000,3425000
2014/06/17,0,882000,-2639000,-1757000
2014/06/18,0,391000,-508000,-117000
2014/06/19,0,45000,-139000,-94000
2014/06/20,0,5106000,-1220000,3886000
2014/06/23,0,1338000,-2003000,-665000
2014/06/24,0,127000,-613000,-486000
2014/06/25,0,104000,-143000,-39000
2014/06/26,0,1089000,-155000,934000
2014/06/27,0,270000,-62000,208000
2014/06/30,0,576000,-299000,277000
2014/07/01,0,272000,-103000,169000
2014/07/02,0,3746000,-884000,2862000
2014/07/03,0,4010000,-1322000,2688000
2014/07/04,0,688000,-1150000,-462000
2014/07/07,0,111000,-454000,-343000
2014/07/08,0,7042000,-1225000,5817000
2014/07/09,0,246000,-3314000,-3068000
2014/07/10,0,1122000,-373000,749000
2014/07/11,0,392000,-4128000,-3736000
2014/07/14,0,738000,-200966,537034
2014/07/15,0,2276000,-535000,1741000
2014/07/16,0,392000,-1307000,-915000
2014/07/17,0,141000,-452000,-311000
2014/07/18,0,315000,-2411000,-2096000
2014/07/21,0,139000,-1894000,-1755000
2014/07/22,0,1119000,-453000,666000
2014/07/23,0,0,0,0
2014/07/24,0,565000,-440000,125000
2014/07/25,0,37000,-330000,-293000
2014/07/28,0,257000,-290000,-33000
2014/07/29,0,2014000,-204000,1810000
2014/07/30,0,492000,-1002000,-510000
2014/07/31,0,42000,-1115000,-1073000
2014/08/01,0,175000,-2926000,-2751000
2014/08/04,0,60000,-321000,-261000
2014/08/05,0,70000,-1444000,-1374000
2014/08/06,0,556000,-5403000,-4847000
2014/08/07,0,871000,-198000,673000
2014/08/08,0,550000,-384000,166000
2014/08/11,0,796000,-79000,717000
2014/08/12,0,196000,-195000,1000
2014/08/13,0,1097000,-21000,1076000
2014/08/14,0,409000,-470000,-61000
2014/08/15,0,221000,-86000,135000
2014/08/18,0,233000,-74000,159000
2014/08/19,0,413000,-427000,-14000
2014/08/20,0,86000,-427000,-341000
2014/08/21,0,334000,-42000,292000
2014/08/22,0,1389000,-5000,1384000
2014/08/25,0,312000,-125000,187000
2014/08/26,0,77000,-55000,22000
2014/08/27,0,394000,-14000,380000
2014/08/28,0,33000,-561000,-528000
2014/08/29,0,382000,-21000,361000
2014/09/01,0,365000,-136000,229000
2014/09/02,0,101000,-1902000,-1801000
2014/09/03,0,300000,-58000,242000
2014/09/04,0,0,-443000,-443000
2014/09/05,0,922000,-363000,559000
2014/09/09,0,93000,-1844000,-1751000
2014/09/10,0,0,-614000,-614000
2014/09/11,0,35000,-102000,-67000
2014/09/12,0,37000,-2942000,-2905000
2014/09/15,0,0,-137000,-137000
2014/09/16,0,98000,-914000,-816000
2014/09/17,0,44000,-897000,-853000
2014/09/18,0,881000,0,881000
2014/09/19,0,86000,-211000,-125000
2014/09/22,0,115000,-750000,-635000
2014/09/23,0,107000,-492699,-385699
2014/09/24,0,915000,-290000,625000
2014/09/25,0,78000,-851000,-773000
2014/09/26,0,102000,-307000,-205000
2014/09/29,0,57000,-325000,-268000
2014/09/30,0,401000,-1320000,-919000
2014/10/01,0,51000,-224000,-173000
2014/10/02,0,659000,-686000,-27000
2014/10/03,0,181000,-79000,102000
2014/10/06,0,0,-418000,-418000
2014/10/07,0,42000,-471000,-429000
2014/10/08,0,332000,-233000,99000
2014/10/09,0,179000,-802000,-623000
2014/10/13,0,339000,-622000,-283000
2014/10/14,0,466000,-260000,206000
2014/10/15,0,150000,-742000,-592000
2014/10/16,0,429000,-945000,-516000
2014/10/17,0,131000,-331000,-200000
2014/10/20,0,200000,-36000,164000
2014/10/21,0,217000,-156000,61000
2014/10/22,0,192000,-350000,-158000
2014/10/23,0,0,-252000,-252000
2014/10/24,0,348000,-152000,196000
2014/10/27,0,67000,-386000,-319000
2014/10/28,0,848000,-58000,790000
2014/10/29,0,1084000,-299000,785000
2014/10/30,0,118000,-849000,-731000
2014/10/31,0,2427000,-535000,1892000
2014/11/03,0,727000,-739000,-12000
2014/11/04,0,201000,-309000,-108000
2014/11/05,0,160000,-250000,-90000
2014/11/06,0,1366000,-258000,1108000
2014/11/07,0,508000,-10000,498000
2014/11/10,0,663000,-112000,551000
2014/11/11,0,33000,-560000,-527000
2014/11/12,0,370000,-449000,-79000
2014/11/13,0,817000,-85000,732000
2014/11/14,0,84000,-657000,-573000
2014/11/17,0,652000,-641000,11000
2014/11/18,0,109000,-1660000,-1551000
2014/11/19,0,684000,-357000,327000
2014/11/20,0,974000,-240000,734000
2014/11/21,0,176000,-517000,-341000
2014/11/24,0,182000,-316000,-134000
2014/11/25,0,151000,-152000,-1000
2014/11/26,0,145000,-169000,-24000
2014/11/27,0,161000,-33000,128000
2014/11/28,0,269000,-88000,181000
2014/12/01,0,121000,-71000,50000
2014/12/02,0,185000,-860000,-675000
2014/12/03,0,401000,-138000,263000
2014/12/04,0,619000,-95000,524000
2014/12/05,0,353000,-43000,310000
2014/12/08,0,103000,-4000,99000
2014/12/09,0,8000,-350000,-342000
2014/12/10,0,104000,-322000,-218000
2014/12/11,0,107000,-336000,-229000
2014/12/12,0,204000,-67000,137000
2014/12/15,0,134000,-195000,-61000
2014/12/16,0,171000,-177000,-6000
2014/12/17,0,45000,-457000,-412000
2014/12/18,0,9000,-143000,-134000
2014/12/19,0,246000,-518000,-272000
2014/12/22,0,5000,-2000,3000
2014/12/23,0,2111000,-49000,2062000
2014/12/24,0,847000,-613000,234000
2014/12/25,0,261000,-405000,-144000
2014/12/26,0,37000,-331000,-294000
2014/12/29,0,946000,-305000,641000
2014/12/30,0,191000,-364000,-173000
2014/12/31,0,0,-407000,-407000
2015/01/01,0,0,0,0
2015/01/02,0,0,0,0
2015/01/05,0,40000,-307000,-267000
2015/01/06,0,97000,-613000,-516000
2015/01/07,0,517000,-155000,362000
2015/01/08,0,715000,-92000,623000
2015/01/09,0,33000,-63000,-30000
2015/01/12,0,66000,-216000,-150000
2015/01/13,0,321000,-155000,166000
2015/01/14,0,119000,-134000,-15000
2015/01/15,0,238000,-1620000,-1382000
2015/01/16,0,524000,-807160,-283160
2015/01/19,0,23000,-163000,-140000
2015/01/20,0,374000,-4000,370000
2015/01/21,0,1000,-571000,-570000
2015/01/22,0,154000,-332000,-178000
2015/01/23,0,24000,-155000,-131000
2015/01/26,0,4000,-284000,-280000
2015/01/27,0,737000,-555000,182000
2015/01/28,0,454000,-276000,178000
2015/01/29,0,12000,-114000,-102000
2015/01/30,0,126000,-300000,-174000
2015/02/02,0,88000,-425000,-337000
2015/02/03,0,412000,-93000,319000
2015/02/04,0,424000,-155121,268879
2015/02/05,0,200000,-235121,-35121
2015/02/06,0,292000,-230000,62000
2015/02/09,0,1537000,-106000,1431000
2015/02/10,0,363000,-704000,-341000
2015/02/11,0,175000,-228000,-53000
2015/02/12,0,94000,-472000,-378000
2015/02/13,0,25000,-325000,-300000
2015/02/16,0,0,0,0
2015/02/17,0,0,0,0
2015/02/18,0,0,0,0
2015/02/19,0,0,0,0
2015/02/20,0,0,0,0
2015/02/23,0,0,0,0
2015/02/24,0,654000,-234000,420000
2015/02/25,0,5344000,-926080,4417920
2015/02/26,0,717000,-1662000,-945000
2015/02/27,0,0,0,0
2015/03/02,0,1368000,-50000,1318000
2015/03/03,0,51000,-1106000,-1055000
2015/03/04,0,424000,-342000,82000
2015/03/05,0,252000,-702080,-450080
2015/03/06,0,31000,-205000,-174000
2015/03/09,0,2000,-475000,-473000
2015/03/10,0,23000,-802000,-779000
2015/03/11,0,38000,-260000,-222000
2015/03/12,0,20000,-223000,-203000
2015/03/13,0,0,-273000,-273000
2015/03/16,0,100000,-231000,-131000
2015/03/17,0,90000,-264081,-174081
2015/03/18,0,135000,-30000,105000
2015/03/19,0,160000,-356000,-196000
2015/03/20,0,59000,-657000,-598000
2015/03/23,0,46000,-109000,-63000
2015/03/24,0,224000,-75000,149000
2015/03/25,0,160000,-231000,-71000
2015/03/26,0,17000,-290000,-273000
2015/03/27,0,58000,-199000,-141000
2015/03/30,0,189000,-137000,52000
2015/03/31,0,2000,-62000,-60000
2015/04/01,0,40000,-305000,-265000
2015/04/02,0,76000,-304000,-228000
2015/04/03,0,0,0,0
2015/04/06,0,0,0,0
2015/04/07,0,53000,-648000,-595000
2015/04/08,0,315000,-241000,74000
2015/04/09,0,110000,-141000,-31000
2015/04/10,0,94000,-264000,-170000
2015/04/13,0,4000,-21000,-17000
2015/04/14,0,231000,0,231000
2015/04/15,0,28000,-369000,-341000
2015/04/16,0,0,-360000,-360000
2015/04/17,0,0,-56000,-56000
2015/04/20,0,6000,-250000,-244000
2015/04/21,0,88000,-121000,-33000
2015/04/22,0,10000,-123000,-113000
2015/04/23,0,139000,0,139000
2015/04/24,0,168000,-144000,24000
2015/04/27,0,225000,-139000,86000
2015/04/28,0,50000,-200000,-150000
2015/04/29,0,217000,-112000,105000
2015/04/30,0,34000,-149000,-115000
2015/05/01,0,0,0,0
2015/05/04,0,59000,-195000,-136000
2015/05/05,0,0,-13000,-13000
2015/05/06,0,584000,-55000,529000
2015/05/07,0,134000,-166000,-32000
2015/05/08,0,53000,-11000,42000
2015/05/11,0,131000,-309000,-178000
2015/05/12,0,300000,-364000,-64000
2015/05/13,0,818000,-343000,475000
2015/05/14,0,255000,-131000,124000
2015/05/15,0,115000,-181000,-66000
2015/05/18,0,298000,-473000,-175000
2015/05/19,0,288000,-155000,133000
2015/05/20,0,259000,-459000,-200000
2015/05/21,0,0,-189000,-189000
2015/05/22,0,4000,-59000,-55000
2015/05/25,0,0,-59000,-59000
2015/05/26,0,0,-121000,-121000
2015/05/27,0,220000,-117000,103000
2015/05/28,0,65000,-345000,-280000
2015/05/29,0,4987000,-1003000,3984000
2015/06/01,0,1361000,-493617,867383
2015/06/02,0,223000,-1088000,-865000
2015/06/03,0,229000,-199000,30000
2015/06/04,0,129000,-1571000,-1442000
2015/06/05,0,46000,-370000,-324000
2015/06/08,0,231000,-381000,-150000
2015/06/09,0,168000,-368000,-200000
2015/06/10,0,49000,-734000,-685000
2015/06/11,0,16000,-35000,-19000
2015/06/12,0,0,0,0
2015/06/15,0,263000,-100000,163000
2015/06/16,0,112000,-67000,45000
2015/06/17,0,183000,-331000,-148000
2015/06/18,0,459000,-226000,233000
2015/06/19,0,0,0,0
2015/06/22,0,745000,-1011000,-266000
2015/06/23,0,5524000,-734000,4790000
2015/06/24,0,478000,-874000,-396000
2015/06/25,0,69000,-296000,-227000
2015/06/26,0,22000,-526000,-504000
2015/06/29,0,572000,-162000,410000
2015/06/30,0,305000,-8000,297000
2015/07/01,0,56000,-47000,9000
2015/07/02,0,1000,-130000,-129000
2015/07/03,0,0,-42000,-42000
2015/07/06,0,5000,-154000,-149000
2015/07/07,0,34000,-1014000,-980000
2015/07/08,0,68000,-2125000,-2057000
2015/07/09,0,61000,-280000,-219000
2015/07/10,0,0,0,0
2015/07/13,0,183000,-1000,182000
2015/07/14,0,826000,-78000,748000
2015/07/15,0,49000,-1202000,-1153000
2015/07/16,0,273000,-16000,257000
2015/07/17,0,85000,-88000,-3000
2015/07/20,0,10000,-56000,-46000
2015/07/21,0,66000,-106000,-40000
2015/07/22,0,58000,-90000,-32000
2015/07/23,0,39000,-357529,-318529
2015/07/24,0,24000,-61000,-37000
2015/07/27,0,306000,-75001,230999
2015/07/28,0,292000,-39000,253000
2015/07/29,0,37000,0,37000
2015/07/30,0,41000,-22000,19000
2015/07/31,0,16000,-216000,-200000
2015/08/03,0,25000,-119000,-94000
2015/08/04,0,232000,-75000,157000
2015/08/05,0,87000,0,87000
2015/08/06,0,38000,-64000,-26000
2015/08/07,0,150000,0,150000
2015/08/10,0,245000,-18000,227000
2015/08/11,0,1094000,-456000,638000
2015/08/12,0,46000,-557000,-511000
2015/08/13,0,137000,-215000,-78000
2015/08/14,0,19000,-39000,-20000
2015/08/17,0,79000,-28000,51000
2015/08/18,0,50000,-598000,-548000
2015/08/19,0,99000,-444000,-345000
2015/08/20,0,35000,-422000,-387000
2015/08/21,0,7000,-156000,-149000
2015/08/24,0,192000,-732000,-540000
2015/08/25,0,9000,-40000,-31000
2015/08/26,0,47000,-12000,35000
2015/08/27,0,67000,-112000,-45000
2015/08/28,0,35000,-221000,-186000
2015/08/31,0,100000,-67000,33000
2015/09/01,0,0,-158000,-158000
2015/09/02,0,19000,-159000,-140000
2015/09/03,0,124000,-146000,-22000
2015/09/04,0,292000,-64000,228000
2015/09/07,0,125000,-228000,-103000
2015/09/08,0,0,-160000,-160000
2015/09/09,0,650000,-29000,621000
2015/09/10,0,69000,-72000,-3000
2015/09/11,0,1000,-23000,-22000
2015/09/14,0,65000,-105000,-40000
2015/09/15,0,1000,-62000,-61000
2015/09/16,0,58000,-281000,-223000
2015/09/17,0,134000,-55000,79000
2015/09/18,0,558000,-63000,495000
2015/09/21,0,9000,-464000,-455000
2015/09/22,0,102000,-22000,80000
2015/09/23,0,37000,-56000,-19000
2015/09/24,0,13000,-211000,-198000
2015/09/25,0,15000,-20000,-5000
2015/09/28,0,0,0,0
2015/09/29,0,0,0,0
2015/09/30,0,2000,-109000,-107000
2015/10/01,0,126000,-131000,-5000
2015/10/02,0,124000,-192000,-68000
2015/10/05,0,154000,-124000,30000
2015/10/06,0,156000,-100000,56000
2015/10/07,0,26000,-19000,7000
2015/10/08,0,0,-22000,-22000
2015/10/09,0,0,0,0
2015/10/12,0,287000,-28000,259000
2015/10/13,0,71000,-29000,42000
2015/10/14,0,10000,-93000,-83000
2015/10/15,0,73000,-10000,63000
2015/10/16,0,0,-15000,-15000
2015/10/19,0,15000,-27000,-12000
2015/10/20,0,5000,-20000,-15000
2015/10/21,0,250000,-48000,202000
2015/10/22,0,289000,-66000,223000
2015/10/23,0,1786000,-142000,1644000
2015/10/26,0,1406000,-250000,1156000
2015/10/27,0,528000,-450000,78000
2015/10/28,0,466000,-1346000,-880000
2015/10/29,0,878000,-735000,143000
2015/10/30,0,5000,-691000,-686000
2015/11/02,0,74000,-20000,54000
2015/11/03,0,88000,-125000,-37000
2015/11/04,0,156000,-49000,107000
2015/11/05,0,275000,-16000,259000
2015/11/06,0,2000,-616000,-614000
2015/11/09,0,0,-180000,-180000
2015/11/10,0,0,-10000,-10000
2015/11/11,0,72000,-185000,-113000
2015/11/12,0,43000,-20000,23000
2015/11/13,0,3000,-28000,-25000
2015/11/16,0,30000,-112000,-82000
2015/11/17,0,824000,-77000,747000
2015/11/18,0,0,-56000,-56000
2015/11/19,0,10000,-159000,-149000
2015/11/20,0,0,-26000,-26000
2015/11/23,0,10000,-16000,-6000
2015/11/24,0,32000,-105000,-73000
2015/11/25,0,5000,-73000,-68000
2015/11/26,0,56000,-206000,-150000
2015/11/27,0,0,-70000,-70000
2015/11/30,0,0,-20000,-20000
2015/12/01,0,320000,-55000,265000
2015/12/02,0,35000,0,35000
2015/12/03,0,0,-195000,-195000
2015/12/04,0,69000,-45000,24000
2015/12/07,0,467000,-79000,388000
2015/12/08,0,62000,-155000,-93000
2015/12/09,0,36000,-470000,-434000
2015/12/10,0,0,-5000,-5000
2015/12/11,0,396000,-30000,366000
2015/12/14,0,83000,-239000,-156000
2015/12/15,0,307000,-173000,134000
2015/12/16,0,359000,-155000,204000
2015/12/17,0,585000,-215000,370000
2015/12/18,0,167000,-256000,-89000
2015/12/21,0,761000,-10000,751000
2015/12/22,0,233000,-343000,-110000
2015/12/23,0,286000,-148000,138000
2015/12/24,0,317000,-260000,57000
2015/12/25,0,482000,-363000,119000
2015/12/28,0,27000,-136000,-109000
2015/12/29,0,247000,-70000,177000
2015/12/30,0,53000,-326000,-273000
2015/12/31,0,25000,-94000,-69000
2016/01/01,0,0,0,0
2016/01/04,0,10000,-237000,-227000
2016/01/05,0,48000,-129000,-81000
2016/01/06,0,133000,-24000,109000
2016/01/07,0,70000,-656000,-586000
2016/01/08,0,66000,-15000,51000
2016/01/11,0,27000,-138000,-111000
2016/01/12,0,0,-187000,-187000
2016/01/13,0,155000,-10000,145000
2016/01/14,0,0,-155000,-155000
2016/01/15,0,8000,-161000,-153000
2016/01/18,0,194000,0,194000
2016/01/19,0,17000,-179000,-162000
2016/01/20,0,7000,-292000,-285000
2016/01/21,0,0,-123000,-123000
2016/01/22,0,0,-26000,-26000
2016/01/25,0,37000,0,37000
2016/01/26,0,19000,-70000,-51000
2016/01/27,0,11000,-22000,-11000
2016/01/28,0,242000,-12000,230000
2016/01/29,0,229000,-50000,179000
2016/02/01,0,78000,-122000,-44000
2016/02/02,0,9000,-115925,-106925
2016/02/03,0,15000,-32000,-17000
2016/02/04,0,0,0,0
2016/02/05,0,0,0,0
2016/02/08,0,0,0,0
2016/02/09,0,0,0,0
2016/02/10,0,0,0,0
2016/02/11,0,0,0,0
2016/02/12,0,0,0,0
2016/02/15,0,131000,-50000,81000
2016/02/16,0,841000,-18000,823000
2016/02/17,0,17000,-345000,-328000
2016/02/18,0,511000,-109000,402000
2016/02/19,0,170000,-299000,-129000
2016/02/22,0,1054000,-434000,620000
2016/02/23,0,1856000,-763000,1093000
2016/02/24,0,201000,-540000,-339000
2016/02/25,0,183000,-3000,180000
2016/02/26,0,136000,-120000,16000
2016/02/29,0,0,0,0
2016/03/01,0,995000,-976000,19000
2016/03/02,0,335000,-488000,-153000
2016/03/03,0,1959000,-736000,1223000
2016/03/04,0,1059000,-1094000,-35000
2016/03/07,0,1152000,-623000,529000
2016/03/08,0,1305000,-757000,548000
2016/03/09,0,515000,-1353000,-838000
2016/03/10,0,461000,-823000,-362000
2016/03/11,0,241000,-179000,62000
2016/03/14,0,128000,-144000,-16000
2016/03/15,0,222000,-499000,-277000
2016/03/16,0,2074000,-636000,1438000
2016/03/17,0,429000,-1858000,-1429000
2016/03/18,0,598000,-354000,244000
2016/03/21,0,681000,-537000,144000
2016/03/22,0,394000,-489000,-95000
2016/03/23,0,264000,-627000,-363000
2016/03/24,0,364000,-532000,-168000
2016/03/25,0,259000,-543000,-284000
2016/03/28,0,204000,-473000,-269000
2016/03/29,0,93000,-367000,-274000
2016/03/30,0,202000,-178000,24000
2016/03/31,0,214000,-70000,144000
2016/04/01,0,62000,-676000,-614000
2016/04/04,0,0,0,0
2016/04/05,0,0,0,0
2016/04/06,0,269000,-252000,17000
2016/04/07,0,50000,-438000,-388000
2016/04/08,0,120000,-100000,20000
2016/04/11,0,23000,-107000,-84000
2016/04/12,0,13000,-397000,-384000
2016/04/13,0,691000,-195000,496000
2016/04/14,0,357000,-347000,10000
2016/04/15,0,302000,-488000,-186000
2016/04/18,0,20000,-212000,-192000
2016/04/19,0,187000,-185000,2000
2016/04/20,0,25000,-309000,-284000
2016/04/21,0,172000,-142000,30000
2016/04/22,0,4061000,-139000,3922000
2016/04/25,0,492000,-1631000,-1139000
2016/04/26,0,145000,-813000,-668000
2016/04/27,0,190000,-143000,47000
2016/04/28,0,119000,-384000,-265000
2016/04/29,0,95000,-376000,-281000
2016/05/02,0,0,0,0
2016/05/03,0,985000,-1684000,-699000
2016/05/04,0,422000,-621000,-199000
2016/05/05,0,167000,-684000,-517000
2016/05/06,0,211000,-272000,-61000
2016/05/09,0,3292000,-273000,3019000
2016/05/10,0,1187000,-1715000,-528000
2016/05/11,0,211000,-924000,-713000
2016/05/12,0,180000,-375000,-195000
2016/05/13,0,320000,-647000,-327000
2016/05/16,0,1915000,-382000,1533000
2016/05/17,0,967000,-971000,-4000
2016/05/18,0,1333000,-814000,519000
2016/05/19,0,112000,-1887000,-1775000
2016/05/20,0,147000,-429000,-282000
2016/05/23,0,412000,-167000,245000
2016/05/24,0,182000,-155000,27000
2016/05/25,0,422000,-451000,-29000
2016/05/26,0,197000,-45000,152000
2016/05/27,0,314000,-79000,235000
2016/05/30,0,35000,-470000,-435000
2016/05/31,0,40000,-21000,19000
2016/06/01,0,228000,-68000,160000
2016/06/02,0,0,-129000,-129000
2016/06/03,0,26000,-153000,-127000
2016/06/06,0,153000,-242000,-89000
2016/06/07,0,1000,-275000,-274000
2016/06/08,0,0,-214000,-214000
2016/06/09,0,0,0,0
2016/06/10,0,0,0,0
2016/06/13,0,204000,-135000,69000
2016/06/14,0,76000,-297000,-221000
2016/06/15,0,22000,-217000,-195000
2016/06/16,0,58000,-179000,-121000
2016/06/17,0,84000,-509000,-425000
2016/06/20,0,405000,0,405000
2016/06/21,0,10000,0,10000
2016/06/22,0,107000,-3000,104000
2016/06/23,0,28000,-13000,15000
2016/06/24,0,58000,-355000,-297000
2016/06/27,0,10000,-50000,-40000
2016/06/28,0,115000,0,115000
2016/06/29,0,3000,-17000,-14000
2016/06/30,0,179000,-12000,167000
2016/07/01,0,72000,-109000,-37000
2016/07/04,0,181000,-10000,171000
2016/07/05,0,172000,-101000,71000
2016/07/06,0,35000,-335000,-300000
2016/07/07,0,43000,-52000,-9000
2016/07/08,0,0,0,0
2016/07/11,0,59000,-94000,-35000
2016/07/12,0,96000,-136000,-40000
2016/07/13,0,398000,-133000,265000
2016/07/14,0,939000,-104000,835000
2016/07/15,0,372000,-776000,-404000
2016/07/18,0,64000,-214000,-150000
2016/07/19,0,120000,-99000,21000
2016/07/20,0,138000,-201000,-63000
2016/07/21,0,426000,-56000,370000
2016/07/22,0,72000,-162000,-90000
2016/07/25,0,55000,-73000,-18000
2016/07/26,0,198000,-65000,133000
2016/07/27,0,43000,-116000,-73000
2016/07/28,0,566000,-18000,548000
2016/07/29,0,263000,-259000,4000
2016/08/01,0,1748000,-581000,1167000
2016/08/02,0,1114000,-169000,945000
2016/08/03,0,547000,-513000,34000
2016/08/04,0,570000,-1044000,-474000
2016/08/05,0,432000,-719000,-287000
2016/08/08,0,140000,-686000,-546000
2016/08/09,0,82000,-353000,-271000
2016/08/10,0,196000,-35000,161000
2016/08/11,0,178000,-441000,-263000
2016/08/12,0,105000,-81000,24000
2016/08/15,0,391000,-16000,375000
2016/08/16,0,179000,-567000,-388000
2016/08/17,0,67000,-291000,-224000
2016/08/18,0,52000,-35000,17000
2016/08/19,0,41000,-133000,-92000
2016/08/22,0,369000,-228000,141000
2016/08/23,0,121000,-250000,-129000
2016/08/24,0,292000,-206000,86000
2016/08/25,0,118000,-85000,33000
2016/08/26,0,79000,-27000,52000
2016/08/29,0,111000,-145000,-34000
2016/08/30,0,104000,-268000,-164000
2016/08/31,0,29000,-177000,-148000
2016/09/01,0,237000,-805000,-568000
2016/09/02,0,117000,-255000,-138000
2016/09/05,0,246000,-166000,80000
2016/09/06,0,883000,-437000,446000
2016/09/07,0,9795000,-398000,9397000
2016/09/08,0,868000,-3480000,-2612000
2016/09/09,0,92000,-1659000,-1567000
2016/09/12,0,27000,-128000,-101000
2016/09/13,0,52000,-941000,-889000
2016/09/14,0,8000,-413000,-405000
2016/09/15,0,0,0,0
2016/09/16,0,0,0,0
2016/09/19,0,310000,-748000,-438000
2016/09/20,0,50000,-218000,-168000
2016/09/21,0,3000,-94000,-91000
2016/09/22,0,1276000,-267000,1009000
2016/09/23,0,439000,-847000,-408000
2016/09/26,0,207000,-98000,109000
2016/09/27,0,0,0,0
2016/09/28,0,0,0,0
2016/09/29,0,196000,-10000,186000
2016/09/30,0,207000,-104000,103000
2016/10/03,0,77000,-215000,-138000
2016/10/04,0,303000,-62000,241000
2016/10/05,0,27000,-211000,-184000
2016/10/06,0,1000,-53000,-52000
2016/10/07,0,56000,-1096000,-1040000
2016/10/10,0,0,0,0
2016/10/11,0,11000,-73000,-62000
2016/10/12,0,181000,-13000,168000
2016/10/13,0,27000,-147000,-120000
2016/10/14,0,365000,-70000,295000
2016/10/17,0,939000,-190000,749000
2016/10/18,0,173000,-580000,-407000
2016/10/19,0,46000,-605000,-559000
2016/10/20,0,223000,-115000,108000
2016/10/21,0,1282000,-229000,1053000
2016/10/24,0,102000,-575000,-473000
2016/10/25,0,462000,-162000,300000
2016/10/26,0,1663000,-374000,1289000
2016/10/27,0,820000,-1512000,-692000
2016/10/28,0,375000,-610000,-235000
2016/10/31,0,361000,-925000,-564000
2016/11/01,0,118000,-806000,-688000
2016/11/02,0,366000,-1118000,-752000
2016/11/03,0,342000,-302000,40000
2016/11/04,0,269000,-51000,218000
2016/11/07,0,1277000,-158000,1119000
2016/11/08,0,2642000,-382000,2260000
2016/11/09,0,292000,-2198000,-1906000
2016/11/10,0,4236000,-946000,3290000
2016/11/11,0,2067000,-3167000,-1100000
2016/11/14,0,2957000,-1627000,1330000
2016/11/15,0,2075000,-1315000,760000
2016/11/16,0,499000,-1456000,-957000
2016/11/17,0,492000,-846000,-354000
2016/11/18,0,428000,-1031000,-603000
2016/11/21,0,5212000,-857000,4355000
2016/11/22,0,1791000,-2906000,-1115000
2016/11/23,0,708000,-2458386,-1750386
2016/11/24,0,1321000,-1035000,286000
2016/11/25,0,888000,-615000,273000
2016/11/28,0,416000,-1062000,-646000
2016/11/29,0,7254000,-1483000,5771000
2016/11/30,0,423000,-2861000,-2438000
2016/12/01,0,398000,-1726000,-1328000
2016/12/02,0,1209000,-531000,678000
2016/12/05,0,210000,-1934000,-1724000
2016/12/06,0,729000,-592000,137000
2016/12/07,0,2202000,-1090000,1112000
2016/12/08,0,1650000,-846000,804000
2016/12/09,0,449000,-389000,60000
2016/12/12,0,431000,-1392000,-961000
2016/12/13,0,65000,-2758000,-2693000
2016/12/14,0,817000,-909000,-92000
2016/12/15,0,839000,-245000,594000
2016/12/16,0,2349000,-589000,1760000
2016/12/19,0,717000,-1876000,-1159000
2016/12/20,0,176000,-2269000,-2093000
2016/12/21,0,764000,-743000,21000
2016/12/22,0,114000,-678000,-564000
2016/12/23,0,101000,-247000,-146000
2016/12/26,0,17000,-83000,-66000
2016/12/27,0,187000,-1374000,-1187000
2016/12/28,0,1334000,-167000,1167000
2016/12/29,0,159000,-732000,-573000
2016/12/30,0,355000,-35000,320000
2017/01/02,0,0,0,0
2017/01/03,0,99000,-956000,-857000
2017/01/04,0,871000,-850000,21000
2017/01/05,0,1687000,-1181000,506000
2017/01/06,0,786000,-1077000,-291000
2017/01/09,0,429000,-519000,-90000
2017/01/10,0,158000,-83000,75000
2017/01/11,0,1986000,-171000,1815000
2017/01/12,0,1231000,-678000,553000
2017/01/13,0,825000,-329000,496000
2017/01/16,0,1155000,-601000,554000
2017/01/17,0,710000,-170000,540000
2017/01/18,0,507000,-2741000,-2234000
2017/01/19,0,2555000,-831000,1724000
2017/01/20,0,1399000,-2252000,-853000
2017/01/23,0,434000,-297000,137000
2017/01/24,0,237000,-952000,-715000
2017/01/25,0,0,0,0
2017/01/26,0,0,0,0
2017/01/27,0,0,0,0
2017/01/30,0,0,0,0
2017/01/31,0,0,0,0
2017/02/01,0,0,0,0
2017/02/02,0,4412000,-1287000,3125000
2017/02/03,0,1340000,-2480000,-1140000
2017/02/06,0,790000,-309000,481000
2017/02/07,0,2432000,-964000,1468000
2017/02/08,0,288000,-1714000,-1426000
2017/02/09,0,375000,-513000,-138000
2017/02/10,0,481000,-1149000,-668000
2017/02/13,0,14129000,-1237000,12892000
2017/02/14,0,1045000,-10053000,-9008000
2017/02/15,0,527000,-1655000,-1128000
2017/02/16,0,314000,-1281000,-967000
2017/02/17,0,3633000,-593000,3040000
2017/02/20,0,60000,-1262000,-1202000
2017/02/21,0,2270000,-2259000,11000
2017/02/22,0,549000,-1302000,-753000
2017/02/23,0,325000,-580000,-255000
2017/02/24,0,49000,-835000,-786000
2017/02/27,0,0,0,0
2017/02/28,0,0,0,0
2017/03/01,0,732000,-244000,488000
2017/03/02,0,517000,-1182000,-665000
2017/03/03,0,1182000,-248000,934000
2017/03/06,0,5163000,-768000,4395000
2017/03/07,0,206000,-1016000,-810000
2017/03/08,0,1556000,-700000,856000
2017/03/09,0,423000,-1134000,-711000
2017/03/10,0,418000,-2794000,-2376000
2017/03/13,0,541000,-1283000,-742000
2017/03/14,0,78000,-271000,-193000
2017/03/15,0,57000,-518000,-461000
2017/03/16,0,2659000,-135000,2524000
2017/03/17,0,107000,-860000,-753000
2017/03/20,0,400000,-508000,-108000
2017/03/21,0,1114000,-469000,645000
2017/03/22,0,71000,-742000,-671000
2017/03/23,0,3560000,-235000,3325000
2017/03/24,0,547000,-2316000,-1769000
2017/03/27,0,3230000,-473000,2757000
2017/03/28,0,552000,-4427000,-3875000
2017/03/29,0,756000,-687000,69000
2017/03/30,0,1827000,-1031000,796000
2017/03/31,0,760000,-461000,299000
2017/04/03,0,0,0,0
2017/04/04,0,0,0,0
2017/04/05,0,687000,-944000,-257000
2017/04/06,0,133000,-196000,-63000
2017/04/07,0,253000,-416000,-163000
2017/04/10,0,584000,-131000,453000
2017/04/11,0,1092000,-505000,587000
2017/04/12,0,841000,-61000,780000
2017/04/13,0,679000,-1320000,-641000
2017/04/14,0,20000,-1417000,-1397000
2017/04/17,0,557000,-390000,167000
2017/04/18,0,178000,-203000,-25000
2017/04/19,0,72000,-988000,-916000
2017/04/20,0,1880000,-461000,1419000
2017/04/21,0,2765000,-966000,1799000
2017/04/24,0,739000,-1326000,-587000
2017/04/25,0,575000,-1138000,-563000
2017/04/26,0,190000,-682000,-492000
2017/04/27,0,216000,-1010000,-794000
2017/04/28,0,167000,-215000,-48000
2017/05/01,0,0,0,0
2017/05/02,0,1669000,-93000,1576000
2017/05/03,0,162000,-661000,-499000
2017/05/04,0,110000,-224000,-114000
2017/05/05,0,51000,-1460000,-1409000
2017/05/08,0,30000,-980000,-950000
2017/05/09,0,167000,-1225000,-1058000
2017/05/10,0,170000,-349000,-179000
2017/05/11,0,15000,-154000,-139000
2017/05/12,0,88000,-70000,18000
2017/05/15,0,137000,-368000,-231000
2017/05/16,0,347000,-2575000,-2228000
2017/05/17,0,192000,-1546000,-1354000
2017/05/18,0,44000,-996000,-952000
2017/05/19,0,124000,-256000,-132000
2017/05/22,0,187000,-90000,97000
2017/05/23,0,142000,-20000,122000
2017/05/24,0,289000,-146000,143000
2017/05/25,0,2367000,-437000,1930000
2017/05/26,0,395000,-898000,-503000
2017/05/29,0,0,0,0
2017/05/30,0,0,0,0
2017/05/31,0,213000,-392000,-179000
2017/06/01,0,587000,-114000,473000
2017/06/02,0,417000,-439000,-22000
2017/06/05,0,8000,-317000,-309000
2017/06/06,0,65000,-12000,53000
2017/06/07,0,42000,-11000,31000
2017/06/08,0,62000,-106000,-44000
2017/06/09,0,171000,-154000,17000
2017/06/12,0,545000,-216000,329000
2017/06/13,0,64000,-697000,-633000
2017/06/14,0,18000,-30000,-12000
2017/06/15,0,8000,-31000,-23000
2017/06/16,0,184000,-120000,64000
2017/06/19,0,1241000,-45000,1196000
2017/06/20,0,124000,-1227000,-1103000
2017/06/21,0,243000,-122000,121000
2017/06/22,0,809000,-199000,610000
2017/06/23,0,110000,-208000,-98000
2017/06/26,0,211000,-238000,-27000
2017/06/27,0,742000,-714000,28000
2017/06/28,0,177000,-482000,-305000
2017/06/29,0,1833000,-146000,1687000
2017/06/30,0,225000,-597000,-372000
2017/07/03,0,90000,-127000,-37000
2017/07/04,0,74000,-44000,30000
2017/07/05,0,556000,-409000,147000
2017/07/06,0,68000,-35000,33000
2017/07/07,0,95000,-816000,-721000
2017/07/10,0,234000,-189000,45000
2017/07/11,0,5001000,-49000,4952000
2017/07/12,0,66000,-2213000,-2147000
2017/07/13,0,227000,-649000,-422000
2017/07/14,0,84000,-198000,-114000
2017/07/17,0,242000,-189000,53000
2017/07/18,0,154000,-157000,-3000
2017/07/19,0,244000,-704000,-460000
2017/07/20,0,63000,-106000,-43000
2017/07/21,0,20000,-1652000,-1632000
2017/07/24,0,128000,-3000,125000
2017/07/25,0,29000,-117000,-88000
2017/07/26,0,1930000,-596000,1334000
2017/07/27,0,571000,-427000,144000
2017/07/28,0,190000,-882000,-692000
2017/07/31,0,5239000,-640000,4599000
2017/08/01,0,624000,-642000,-18000
2017/08/02,0,149000,-1033000,-884000
2017/08/03,0,1497000,-1656000,-159000
2017/08/04,0,1204000,-457000,747000
2017/08/07,0,265000,-2078000,-1813000
2017/08/08,0,41000,-1234000,-1193000
2017/08/09,0,5425000,-707000,4718000
2017/08/10,0,765000,-3664000,-2899000
2017/08/11,0,180000,-751000,-571000
2017/08/14,0,69000,-1464000,-1395000
2017/08/15,0,52000,-980000,-928000
2017/08/16,0,189000,-155000,34000
2017/08/17,0,1348000,-329000,1019000
2017/08/18,0,81000,-481000,-400000
