Date,Open,Buy,Sell,Total
2007/01/02,0,3650000,-510000,3140000
2007/01/03,0,350000,-17000,333000
2007/01/04,0,0,-100000,-100000
2007/01/05,0,0,-4803000,-4803000
2007/01/08,0,0,-1000000,-1000000
2007/01/09,0,0,0,0
2007/01/10,0,0,-51000,-51000
2007/01/11,0,7000,-20000,-13000
2007/01/12,0,55000,0,55000
2007/01/15,0,0,-100000,-100000
2007/01/16,0,4000,0,4000
2007/01/17,0,2000,0,2000
2007/01/18,0,0,-225000,-225000
2007/01/19,0,0,-516000,-516000
2007/01/22,0,44000,-532000,-488000
2007/01/23,0,0,0,0
2007/01/24,0,22000,0,22000
2007/01/25,0,22000,0,22000
2007/01/26,0,0,0,0
2007/01/29,0,0,-2000,-2000
2007/01/30,0,72000,0,72000
2007/01/31,0,0,0,0
2007/02/01,0,0,0,0
2007/02/02,0,1700000,0,1700000
2007/02/05,0,46000,0,46000
2007/02/06,0,60000,0,60000
2007/02/07,0,0,0,0
2007/02/08,0,6000,0,6000
2007/02/09,0,0,0,0
2007/02/12,0,0,-1700000,-1700000
2007/02/13,0,0,-751000,-751000
2007/02/14,0,0,-23000,-23000
2007/02/15,0,0,0,0
2007/02/16,0,0,0,0
2007/02/19,0,0,0,0
2007/02/20,0,0,0,0
2007/02/21,0,0,0,0
2007/02/22,0,0,0,0
2007/02/23,0,0,0,0
2007/02/26,0,0,0,0
2007/02/27,0,366000,0,366000
2007/02/28,0,0,0,0
2007/03/01,0,0,0,0
2007/03/02,0,0,0,0
2007/03/05,0,0,-14000,-14000
2007/03/06,0,0,-510000,-510000
2007/03/07,0,0,-9000,-9000
2007/03/08,0,0,0,0
2007/03/09,0,0,0,0
2007/03/12,0,0,-4000,-4000
2007/03/13,0,0,-255000,-255000
2007/03/14,0,0,-125000,-125000
2007/03/15,0,0,0,0
2007/03/16,0,0,-1000,-1000
2007/03/19,0,1000,0,1000
2007/03/20,0,0,-29000,-29000
2007/03/21,0,0,-1000,-1000
2007/03/22,0,0,0,0
2007/03/23,0,0,0,0
2007/03/26,0,5000,0,5000
2007/03/27,0,0,0,0
2007/03/28,0,0,0,0
2007/03/29,0,0,-1000,-1000
2007/03/30,0,0,-9000,-9000
2007/04/02,0,0,-15000,-15000
2007/04/03,0,0,0,0
2007/04/04,0,50000,0,50000
2007/04/05,0,0,0,0
2007/04/06,0,0,0,0
2007/04/09,0,0,-1000,-1000
2007/04/10,0,500000,-5000,495000
2007/04/11,0,504000,0,504000
2007/04/12,0,500000,-15000,485000
2007/04/13,0,0,-53000,-53000
2007/04/16,0,1390000,-10000,1380000
2007/04/17,0,0,-15000,-15000
2007/04/18,0,0,0,0
2007/04/19,0,548000,0,548000
2007/04/20,0,471000,0,471000
2007/04/23,0,329000,0,329000
2007/04/24,0,17000,-262000,-245000
2007/04/25,0,0,-250000,-250000
2007/04/26,0,0,0,0
2007/04/27,0,0,0,0
2007/04/30,0,0,-1350000,-1350000
2007/05/01,0,0,0,0
2007/05/02,0,100000,-500000,-400000
2007/05/03,0,50000,-700000,-650000
2007/05/04,0,0,-350000,-350000
2007/05/07,0,0,0,0
2007/05/08,0,0,-606000,-606000
2007/05/09,0,0,-600000,-600000
2007/05/10,0,0,-10000,-10000
2007/05/11,0,0,0,0
2007/05/14,0,5000,-300000,-295000
2007/05/15,0,24000,-301000,-277000
2007/05/16,0,0,-9000,-9000
2007/05/17,0,0,-4000,-4000
2007/05/18,0,0,0,0
2007/05/21,0,0,0,0
2007/05/22,0,156000,0,156000
2007/05/23,0,0,-2000,-2000
2007/05/24,0,0,0,0
2007/05/25,0,1000,0,1000
2007/05/28,0,0,0,0
2007/05/29,0,5000,0,5000
2007/05/30,0,0,-144000,-144000
2007/05/31,0,0,0,0
2007/06/01,0,0,-750000,-750000
2007/06/04,0,1008000,0,1008000
2007/06/05,0,0,-10000,-10000
2007/06/06,0,802000,0,802000
2007/06/07,0,0,0,0
2007/06/08,0,0,0,0
2007/06/11,0,0,-6000,-6000
2007/06/12,0,0,0,0
2007/06/13,0,0,-4000,-4000
2007/06/14,0,900000,-84000,816000
2007/06/15,0,0,-5000,-5000
2007/06/18,0,0,0,0
2007/06/19,0,0,0,0
2007/06/20,0,0,-1000,-1000
2007/06/21,0,0,-4000,-4000
2007/06/22,0,0,-150000,-150000
2007/06/25,0,1420000,-100000,1320000
2007/06/26,0,0,0,0
2007/06/27,0,0,0,0
2007/06/28,0,0,0,0
2007/06/29,0,0,-1000,-1000
2007/07/02,0,0,0,0
2007/07/03,0,0,-1000,-1000
2007/07/04,0,4000,0,4000
2007/07/05,0,917000,-44000,873000
2007/07/06,0,911000,0,911000
2007/07/09,0,857000,-7000,850000
2007/07/10,0,5000,-401000,-396000
2007/07/11,0,46000,0,46000
2007/07/12,0,0,-32000,-32000
2007/07/13,0,46000,-200000,-154000
2007/07/16,0,0,-346000,-346000
2007/07/17,0,46000,-648000,-602000
2007/07/18,0,13000,0,13000
2007/07/19,0,0,0,0
2007/07/20,0,3000,-248000,-245000
2007/07/23,0,4000,0,4000
2007/07/24,0,1000,0,1000
2007/07/25,0,11000,0,11000
2007/07/26,0,2000,0,2000
2007/07/27,0,0,0,0
2007/07/30,0,0,-258000,-258000
2007/07/31,0,0,-3000,-3000
2007/08/01,0,1000,0,1000
2007/08/02,0,6000,0,6000
2007/08/03,0,3000,-1000,2000
2007/08/06,0,4000,-206000,-202000
2007/08/07,0,8000,-2300000,-2292000
2007/08/08,0,1000,-800000,-799000
2007/08/09,0,0,-1000000,-1000000
2007/08/10,0,8000,-68000,-60000
2007/08/13,0,4000,0,4000
2007/08/14,0,3000,0,3000
2007/08/15,0,2000,0,2000
2007/08/16,0,6000,-128000,-122000
2007/08/17,0,3000,-205000,-202000
2007/08/20,0,0,-400000,-400000
2007/08/21,0,9000,0,9000
2007/08/22,0,23000,-190000,-167000
2007/08/23,0,0,-214000,-214000
2007/08/24,0,0,-5000,-5000
2007/08/27,0,17000,0,17000
2007/08/28,0,0,0,0
2007/08/29,0,1000,0,1000
2007/08/30,0,0,0,0
2007/08/31,0,12000,-15000,-3000
2007/09/03,0,0,0,0
2007/09/04,0,11000,-1000,10000
2007/09/05,0,0,0,0
2007/09/06,0,19000,0,19000
2007/09/07,0,0,-6000,-6000
2007/09/10,0,11000,-2000,9000
2007/09/11,0,13000,0,13000
2007/09/12,0,0,0,0
2007/09/13,0,0,0,0
2007/09/14,0,0,0,0
2007/09/17,0,0,0,0
2007/09/18,0,0,0,0
2007/09/19,0,0,0,0
2007/09/20,0,700000,0,700000
2007/09/21,0,1000000,-18000,982000
2007/09/24,0,0,0,0
2007/09/25,0,0,0,0
2007/09/26,0,2000,-2000,0
2007/09/27,0,3000,-9000,-6000
2007/09/28,0,0,-88000,-88000
2007/10/01,0,300000,-2000,298000
2007/10/02,0,420000,-27000,393000
2007/10/03,0,0,-1000,-1000
2007/10/04,0,0,0,0
2007/10/05,0,50000,-202000,-152000
2007/10/08,0,50000,-9000,41000
2007/10/09,0,0,0,0
2007/10/10,0,0,0,0
2007/10/11,0,0,0,0
2007/10/12,0,0,0,0
2007/10/15,0,1419000,-3000,1416000
2007/10/16,0,0,0,0
2007/10/17,0,0,-300000,-300000
2007/10/18,0,0,-200000,-200000
2007/10/19,0,0,-966000,-966000
2007/10/22,0,1000,0,1000
2007/10/23,0,0,-216000,-216000
2007/10/24,0,0,-200000,-200000
2007/10/25,0,0,-701000,-701000
2007/10/26,0,0,-200000,-200000
2007/10/29,0,4000,0,4000
2007/10/30,0,0,-5000,-5000
2007/10/31,0,122000,0,122000
2007/11/01,0,0,-200000,-200000
2007/11/02,0,18000,0,18000
2007/11/05,0,40000,-100000,-60000
2007/11/06,0,2000,0,2000
2007/11/07,0,0,0,0
2007/11/08,0,3000,0,3000
2007/11/09,0,5000,0,5000
2007/11/12,0,502000,0,502000
2007/11/13,0,255000,0,255000
2007/11/14,0,0,0,0
2007/11/15,0,1000,0,1000
2007/11/16,0,26000,0,26000
2007/11/19,0,0,-121000,-121000
2007/11/20,0,30000,0,30000
2007/11/21,0,150000,0,150000
2007/11/22,0,0,-12000,-12000
2007/11/23,0,20000,0,20000
2007/11/26,0,0,0,0
2007/11/27,0,40000,0,40000
2007/11/28,0,0,0,0
2007/11/29,0,0,0,0
2007/11/30,0,0,0,0
2007/12/03,0,0,0,0
2007/12/04,0,0,0,0
2007/12/05,0,0,0,0
2007/12/06,0,642000,0,642000
2007/12/07,0,0,0,0
2007/12/10,0,0,0,0
2007/12/11,0,25000,0,25000
2007/12/12,0,0,0,0
2007/12/13,0,0,-642000,-642000
2007/12/14,0,1803000,0,1803000
2007/12/17,0,1839000,0,1839000
2007/12/18,0,2425000,0,2425000
2007/12/19,0,13000,-150000,-137000
2007/12/20,0,0,-106000,-106000
2007/12/21,0,0,-527000,-527000
2007/12/24,0,66000,0,66000
2007/12/25,0,0,-3000,-3000
2007/12/26,0,0,0,0
2007/12/27,0,13000,-16000,-3000
2007/12/28,0,0,-19000,-19000
2007/12/31,0,0,0,0
2008/01/01,0,0,0,0
2008/01/02,0,0,0,0
2008/01/03,0,0,0,0
2008/01/04,0,0,-2141,-2141
2008/01/07,0,192000,0,192000
2008/01/08,0,0,0,0
2008/01/09,0,47000,-2000,45000
2008/01/10,0,20000,-875,19125
2008/01/11,0,0,-2000,-2000
2008/01/14,0,0,0,0
2008/01/15,0,0,0,0
2008/01/16,0,0,0,0
2008/01/17,0,25000,0,25000
2008/01/18,0,4592000,-1000,4591000
2008/01/21,0,270000,0,270000
2008/01/22,0,0,0,0
2008/01/23,0,0,0,0
2008/01/24,0,0,0,0
2008/01/25,0,0,0,0
2008/01/28,0,0,0,0
2008/01/29,0,1000000,-727000,273000
2008/01/30,0,0,0,0
2008/01/31,0,0,0,0
2008/02/01,0,0,0,0
2008/02/04,0,0,0,0
2008/02/05,0,0,0,0
2008/02/06,0,0,0,0
2008/02/07,0,0,0,0
2008/02/08,0,0,0,0
2008/02/11,0,0,0,0
2008/02/12,0,0,-1000000,-1000000
2008/02/13,0,0,0,0
2008/02/14,0,0,0,0
2008/02/15,0,0,-11000,-11000
2008/02/18,0,146000,-20000,126000
2008/02/19,0,222000,0,222000
2008/02/20,0,24000,0,24000
2008/02/21,0,0,0,0
2008/02/22,0,0,-50000,-50000
2008/02/25,0,0,-80000,-80000
2008/02/26,0,600000,0,600000
2008/02/27,0,200000,-148000,52000
2008/02/28,0,0,0,0
2008/02/29,0,299000,-3000,296000
2008/03/03,0,300000,-264000,36000
2008/03/04,0,0,0,0
2008/03/05,0,195000,0,195000
2008/03/06,0,3200000,0,3200000
2008/03/07,0,520000,-2000,518000
2008/03/10,0,105000,-715000,-610000
2008/03/11,0,0,-750000,-750000
2008/03/12,0,176000,0,176000
2008/03/13,0,0,0,0
2008/03/14,0,0,-192000,-192000
2008/03/17,0,0,0,0
2008/03/18,0,0,0,0
2008/03/19,0,0,0,0
2008/03/20,0,0,-1000000,-1000000
2008/03/21,0,5000,0,5000
2008/03/24,0,0,0,0
2008/03/25,0,0,-8000,-8000
2008/03/26,0,0,-300000,-300000
2008/03/27,0,0,-3000,-3000
2008/03/28,0,1000,0,1000
2008/03/31,0,0,0,0
2008/04/01,0,0,0,0
2008/04/02,0,112000,0,112000
2008/04/03,0,1000,-300000,-299000
2008/04/04,0,0,0,0
2008/04/07,0,0,-105000,-105000
2008/04/08,0,1000,0,1000
2008/04/09,0,1200000,0,1200000
2008/04/10,0,0,0,0
2008/04/11,0,0,0,0
2008/04/14,0,0,0,0
2008/04/15,0,0,0,0
2008/04/16,0,0,-1000,-1000
2008/04/17,0,1000,0,1000
2008/04/18,0,0,-4000,-4000
2008/04/21,0,12000,0,12000
2008/04/22,0,1000,0,1000
2008/04/23,0,2000,-1714000,-1712000
2008/04/24,0,2000,0,2000
2008/04/25,0,1000,0,1000
2008/04/28,0,13000,0,13000
2008/04/29,0,1000,0,1000
2008/04/30,0,9000,0,9000
2008/05/01,0,0,0,0
2008/05/02,0,2000,0,2000
2008/05/05,0,1000,0,1000
2008/05/06,0,3000,0,3000
2008/05/07,0,2000,-6000,-4000
2008/05/08,0,0,0,0
2008/05/09,0,3000,0,3000
2008/05/12,0,4000,0,4000
2008/05/13,0,104000,-534000,-430000
2008/05/14,0,0,0,0
2008/05/15,0,0,0,0
2008/05/16,0,100000,-436000,-336000
2008/05/19,0,0,0,0
2008/05/20,0,4000,-202000,-198000
2008/05/21,0,0,0,0
2008/05/22,0,3000,0,3000
2008/05/23,0,0,-1000,-1000
2008/05/26,0,12000,0,12000
2008/05/27,0,0,-6000,-6000
2008/05/28,0,2000,0,2000
2008/05/29,0,2000,0,2000
2008/05/30,0,2000,-4000,-2000
2008/06/02,0,3000,0,3000
2008/06/03,0,1551000,0,1551000
2008/06/04,0,12000,0,12000
2008/06/05,0,7000,0,7000
2008/06/06,0,335000,0,335000
2008/06/09,0,333000,0,333000
2008/06/10,0,356000,0,356000
2008/06/11,0,25000,0,25000
2008/06/12,0,86000,0,86000
2008/06/13,0,44000,-176000,-132000
2008/06/16,0,0,-4000,-4000
2008/06/17,0,53000,0,53000
2008/06/18,0,0,0,0
2008/06/19,0,0,-17000,-17000
2008/06/20,0,0,-22000,-22000
2008/06/23,0,471000,0,471000
2008/06/24,0,15000,0,15000
2008/06/25,0,0,-11000,-11000
2008/06/26,0,700000,0,700000
2008/06/27,0,60000,0,60000
2008/06/30,0,61000,0,61000
2008/07/01,0,97000,0,97000
2008/07/02,0,0,-13000,-13000
2008/07/03,0,90000,-1000,89000
2008/07/04,0,61000,0,61000
2008/07/07,0,32000,0,32000
2008/07/08,0,0,0,0
2008/07/09,0,0,-25000,-25000
2008/07/10,0,0,0,0
2008/07/11,0,12000,-19000,-7000
2008/07/14,0,5000,0,5000
2008/07/15,0,209000,0,209000
2008/07/16,0,76000,0,76000
2008/07/17,0,22000,-4500000,-4478000
2008/07/18,0,0,-5147000,-5147000
2008/07/21,0,10000,-1941510,-1931510
2008/07/22,0,6000,-24000,-18000
2008/07/23,0,0,0,0
2008/07/24,0,19000,-91000,-72000
2008/07/25,0,0,0,0
2008/07/28,0,0,0,0
2008/07/29,0,26000,-89000,-63000
2008/07/30,0,22000,0,22000
2008/07/31,0,13000,0,13000
2008/08/01,0,18000,0,18000
2008/08/04,0,10000,0,10000
2008/08/05,0,0,0,0
2008/08/06,0,22000,0,22000
2008/08/07,0,0,0,0
2008/08/08,0,29000,0,29000
2008/08/11,0,156000,-700000,-544000
2008/08/12,0,208000,-53000,155000
2008/08/13,0,0,-187000,-187000
2008/08/14,0,108000,0,108000
2008/08/15,0,0,-2000,-2000
2008/08/18,0,8000,0,8000
2008/08/19,0,0,-126000,-126000
2008/08/20,0,3000,0,3000
2008/08/21,0,32000,0,32000
2008/08/22,0,10000,0,10000
2008/08/25,0,170000,0,170000
2008/08/26,0,2000,-18000,-16000
2008/08/27,0,0,0,0
2008/08/28,0,0,0,0
2008/08/29,0,2000,0,2000
2008/09/01,0,6000,0,6000
2008/09/02,0,26000,0,26000
2008/09/03,0,77000,0,77000
2008/09/04,0,75000,0,75000
2008/09/05,0,46000,0,46000
2008/09/08,0,107000,0,107000
2008/09/09,0,75000,0,75000
2008/09/10,0,54000,0,54000
2008/09/11,0,0,0,0
2008/09/12,0,0,0,0
2008/09/15,0,0,-67000,-67000
2008/09/16,0,0,0,0
2008/09/17,0,0,-308000,-308000
2008/09/18,0,19000,0,19000
2008/09/19,0,0,-18000,-18000
2008/09/22,0,0,-163000,-163000
2008/09/23,0,0,-118000,-118000
2008/09/24,0,0,-22000,-22000
2008/09/25,0,0,-19000,-19000
2008/09/26,0,12000,0,12000
2008/09/29,0,0,0,0
2008/09/30,0,7000,0,7000
2008/10/01,0,12000,-671000,-659000
2008/10/02,0,11000,0,11000
2008/10/03,0,0,0,0
2008/10/06,0,15000,-10000,5000
2008/10/07,0,0,-20000,-20000
2008/10/08,0,0,0,0
2008/10/09,0,38000,-25000,13000
2008/10/10,0,0,0,0
2008/10/13,0,0,0,0
2008/10/14,0,0,0,0
2008/10/15,0,41000,0,41000
2008/10/16,0,57000,0,57000
2008/10/17,0,0,-16000,-16000
2008/10/20,0,0,0,0
2008/10/21,0,0,0,0
2008/10/22,0,0,0,0
2008/10/23,0,0,0,0
2008/10/24,0,0,-5000,-5000
2008/10/27,0,0,-183000,-183000
2008/10/28,0,0,-87000,-87000
2008/10/29,0,0,-26000,-26000
2008/10/30,0,0,-12000,-12000
2008/10/31,0,0,0,0
2008/11/03,0,0,0,0
2008/11/04,0,3000,0,3000
2008/11/05,0,28000,0,28000
2008/11/06,0,0,-20000,-20000
2008/11/07,0,0,0,0
2008/11/10,0,25000,0,25000
2008/11/11,0,17000,0,17000
2008/11/12,0,5000,-2000,3000
2008/11/13,0,0,0,0
2008/11/14,0,6000,0,6000
2008/11/17,0,218000,0,218000
2008/11/18,0,101000,0,101000
2008/11/19,0,0,0,0
2008/11/20,0,2000,0,2000
2008/11/21,0,0,-206000,-206000
2008/11/24,0,44000,0,44000
2008/11/25,0,12000,0,12000
2008/11/26,0,8000,0,8000
2008/11/27,0,0,0,0
2008/11/28,0,0,0,0
2008/12/01,0,159000,0,159000
2008/12/02,0,0,0,0
2008/12/03,0,0,-415000,-415000
2008/12/04,0,11000,0,11000
2008/12/05,0,0,0,0
2008/12/08,0,0,0,0
2008/12/09,0,317000,0,317000
2008/12/10,0,18000,0,18000
2008/12/11,0,320000,0,320000
2008/12/12,0,0,-3000000,-3000000
2008/12/15,0,0,-106000,-106000
2008/12/16,0,0,-5000,-5000
2008/12/17,0,12000,0,12000
2008/12/18,0,30000,0,30000
2008/12/19,0,0,-88000,-88000
2008/12/22,0,0,-1000,-1000
2008/12/23,0,5000,0,5000
2008/12/24,0,0,0,0
2008/12/25,0,7000,0,7000
2008/12/26,0,0,-13000,-13000
2008/12/29,0,0,0,0
2008/12/30,0,0,0,0
2008/12/31,0,0,0,0
2009/01/01,0,0,0,0
2009/01/02,0,0,0,0
2009/01/05,0,0,0,0
2009/01/06,0,140000,0,140000
2009/01/07,0,0,0,0
2009/01/08,0,0,0,0
2009/01/09,0,24000,0,24000
2009/01/12,0,22000,0,22000
2009/01/13,0,8000,0,8000
2009/01/14,0,0,0,0
2009/01/15,0,0,0,0
2009/01/16,0,18000,0,18000
2009/01/19,0,0,-29000,-29000
2009/01/20,0,0,0,0
2009/01/21,0,0,-7000,-7000
2009/01/22,0,0,0,0
2009/01/23,0,0,0,0
2009/01/26,0,0,0,0
2009/01/27,0,0,0,0
2009/01/28,0,0,0,0
2009/01/29,0,0,0,0
2009/01/30,0,0,0,0
2009/02/02,0,0,0,0
2009/02/03,0,0,0,0
2009/02/04,0,0,0,0
2009/02/05,0,0,-151000,-151000
2009/02/06,0,0,-589000,-589000
2009/02/09,0,0,-5000,-5000
2009/02/10,0,0,0,0
2009/02/11,0,0,-26000,-26000
2009/02/12,0,0,0,0
2009/02/13,0,0,0,0
2009/02/16,0,0,0,0
2009/02/17,0,0,0,0
2009/02/18,0,0,0,0
2009/02/19,0,0,0,0
2009/02/20,0,26000,0,26000
2009/02/23,0,0,0,0
2009/02/24,0,0,0,0
2009/02/25,0,0,0,0
2009/02/26,0,0,0,0
2009/02/27,0,8000,-3000,5000
2009/03/02,0,0,-2000,-2000
2009/03/03,0,0,0,0
2009/03/04,0,0,-2000,-2000
2009/03/05,0,0,0,0
2009/03/06,0,0,0,0
2009/03/09,0,0,-4000,-4000
2009/03/10,0,0,0,0
2009/03/11,0,0,0,0
2009/03/12,0,0,-2708000,-2708000
2009/03/13,0,0,0,0
2009/03/16,0,0,0,0
2009/03/17,0,0,0,0
2009/03/18,0,0,0,0
2009/03/19,0,0,0,0
2009/03/20,0,1890000,0,1890000
2009/03/23,0,2780000,0,2780000
2009/03/24,0,0,0,0
2009/03/25,0,1740000,0,1740000
2009/03/26,0,2000000,0,2000000
2009/03/27,0,0,0,0
2009/03/30,0,0,0,0
2009/03/31,0,0,0,0
2009/04/01,0,500000,0,500000
2009/04/02,0,400000,-1000,399000
2009/04/03,0,750000,0,750000
2009/04/06,0,450000,0,450000
2009/04/07,0,0,0,0
2009/04/08,0,350000,0,350000
2009/04/09,0,0,0,0
2009/04/10,0,0,-1100000,-1100000
2009/04/13,0,1062000,0,1062000
2009/04/14,0,995000,0,995000
2009/04/15,0,625000,0,625000
2009/04/16,0,0,0,0
2009/04/17,0,0,-571000,-571000
2009/04/20,0,0,-500000,-500000
2009/04/21,0,0,-629000,-629000
2009/04/22,0,0,0,0
2009/04/23,0,0,0,0
2009/04/24,0,0,0,0
2009/04/27,0,0,0,0
2009/04/28,0,0,-262000,-262000
2009/04/29,0,0,-818000,-818000
2009/04/30,0,0,0,0
2009/05/01,0,0,0,0
2009/05/04,0,0,0,0
2009/05/05,0,0,0,0
2009/05/06,0,0,0,0
2009/05/07,0,0,0,0
2009/05/08,0,0,0,0
2009/05/11,0,0,0,0
2009/05/12,0,2000,-2000,0
2009/05/13,0,0,0,0
2009/05/14,0,0,-600000,-600000
2009/05/15,0,0,-175000,-175000
2009/05/18,0,0,0,0
2009/05/19,0,0,0,0
2009/05/20,0,0,0,0
2009/05/21,0,0,0,0
2009/05/22,0,0,0,0
2009/05/25,0,0,0,0
2009/05/26,0,227000,0,227000
2009/05/27,0,196000,-4000,192000
2009/05/28,0,0,0,0
2009/05/29,0,0,0,0
2009/06/01,0,161000,0,161000
2009/06/02,0,0,0,0
2009/06/03,0,289000,0,289000
2009/06/04,0,0,-400000,-400000
2009/06/05,0,0,0,0
2009/06/08,0,0,0,0
2009/06/09,0,0,-1000,-1000
2009/06/10,0,0,0,0
2009/06/11,0,6000,0,6000
2009/06/12,0,0,0,0
2009/06/15,0,4000,0,4000
2009/06/16,0,11000,0,11000
2009/06/17,0,310000,-190000,120000
2009/06/18,0,209000,0,209000
2009/06/19,0,0,-5000,-5000
2009/06/22,0,9000,0,9000
2009/06/23,0,0,-9000,-9000
2009/06/24,0,2000,0,2000
2009/06/25,0,2000,0,2000
2009/06/26,0,0,0,0
2009/06/29,0,0,0,0
2009/06/30,0,0,0,0
2009/07/01,0,8000,0,8000
2009/07/02,0,0,-1000,-1000
2009/07/03,0,1000000,-15000,985000
2009/07/06,0,0,-9000,-9000
2009/07/07,0,4000,0,4000
2009/07/08,0,0,-2302000,-2302000
2009/07/09,0,0,-4000000,-4000000
2009/07/10,0,0,-6000,-6000
2009/07/13,0,0,-7000,-7000
2009/07/14,0,0,-19000,-19000
2009/07/15,0,0,0,0
2009/07/16,0,0,-5000,-5000
2009/07/17,0,0,-343000,-343000
2009/07/20,0,0,-1562000,-1562000
2009/07/21,0,0,-8000,-8000
2009/07/22,0,0,0,0
2009/07/23,0,0,-6000,-6000
2009/07/24,0,0,-5000,-5000
2009/07/27,0,0,0,0
2009/07/28,0,680000,-5000,675000
2009/07/29,0,0,0,0
2009/07/30,0,0,-6000,-6000
2009/07/31,0,0,0,0
2009/08/03,0,0,0,0
2009/08/04,0,1200000,0,1200000
2009/08/05,0,0,0,0
2009/08/06,0,0,0,0
2009/08/07,0,0,0,0
2009/08/10,0,10000,-5000,5000
2009/08/11,0,5000,0,5000
2009/08/12,0,0,0,0
2009/08/13,0,0,-500000,-500000
2009/08/14,0,0,0,0
2009/08/17,0,0,-2000,-2000
2009/08/18,0,5000,0,5000
2009/08/19,0,3000,0,3000
2009/08/20,0,3000,0,3000
2009/08/21,0,21000,0,21000
2009/08/24,0,0,0,0
2009/08/25,0,0,-5000,-5000
2009/08/26,0,1000,0,1000
2009/08/27,0,13000,-105000,-92000
2009/08/28,0,0,0,0
2009/08/31,0,16000,0,16000
2009/09/01,0,0,0,0
2009/09/02,0,0,-80000,-80000
2009/09/03,0,2000,-5000,-3000
2009/09/04,0,0,-7000,-7000
2009/09/07,0,0,-5000,-5000
2009/09/08,0,0,0,0
2009/09/09,0,263000,0,263000
2009/09/10,0,25000,0,25000
2009/09/11,0,0,0,0
2009/09/14,0,0,-55000,-55000
2009/09/15,0,0,-2000000,-2000000
2009/09/16,0,20000,0,20000
2009/09/17,0,0,0,0
2009/09/18,0,0,-8000,-8000
2009/09/21,0,0,-41000,-41000
2009/09/22,0,0,0,0
2009/09/23,0,0,-3000,-3000
2009/09/24,0,0,0,0
2009/09/25,0,0,0,0
2009/09/28,0,0,0,0
2009/09/29,0,7000,-20000,-13000
2009/09/30,0,0,0,0
2009/10/01,0,0,0,0
2009/10/02,0,0,0,0
2009/10/05,0,0,-28000,-28000
2009/10/06,0,0,0,0
2009/10/07,0,0,0,0
2009/10/08,0,0,-350000,-350000
2009/10/09,0,2000,0,2000
2009/10/12,0,0,0,0
2009/10/13,0,6000,0,6000
2009/10/14,0,0,0,0
2009/10/15,0,1767000,0,1767000
2009/10/16,0,0,-22000,-22000
2009/10/19,0,8000,-669000,-661000
2009/10/20,0,0,0,0
2009/10/21,0,22000,-6000,16000
2009/10/22,0,0,0,0
2009/10/23,0,0,0,0
2009/10/26,0,0,0,0
2009/10/27,0,4000,0,4000
2009/10/28,0,0,-5000,-5000
2009/10/29,0,3000,0,3000
2009/10/30,0,0,0,0
2009/11/02,0,5000,-19000,-14000
2009/11/03,0,4000,0,4000
2009/11/04,0,4000,0,4000
2009/11/05,0,4000,0,4000
2009/11/06,0,2000,0,2000
2009/11/09,0,4000,0,4000
2009/11/10,0,3000,0,3000
2009/11/11,0,0,-19000,-19000
2009/11/12,0,0,0,0
2009/11/13,0,0,-12000,-12000
2009/11/16,0,10000,0,10000
2009/11/17,0,0,-4000,-4000
2009/11/18,0,0,-6000,-6000
2009/11/19,0,0,-2000,-2000
2009/11/20,0,0,-13000,-13000
2009/11/23,0,0,-28000,-28000
2009/11/24,0,0,0,0
2009/11/25,0,0,0,0
2009/11/26,0,0,-19000,-19000
2009/11/27,0,0,0,0
2009/11/30,0,2000,-16000,-14000
2009/12/01,0,0,0,0
2009/12/02,0,0,0,0
2009/12/03,0,5000000,0,5000000
2009/12/04,0,0,-4000,-4000
2009/12/07,0,3000000,0,3000000
2009/12/08,0,0,0,0
2009/12/09,0,4000,0,4000
2009/12/10,0,0,-2000,-2000
2009/12/11,0,4000,0,4000
2009/12/14,0,0,0,0
2009/12/15,0,0,0,0
2009/12/16,0,0,-5000,-5000
2009/12/17,0,0,0,0
2009/12/18,0,0,-63000,-63000
2009/12/21,0,800000,-143000,657000
2009/12/22,0,0,-3000,-3000
2009/12/23,0,0,0,0
2009/12/24,0,400000,0,400000
2009/12/25,0,0,-7000,-7000
2009/12/28,0,0,-92000,-92000
2009/12/29,0,0,-88000,-88000
2009/12/30,0,50000,-93000,-43000
2009/12/31,0,50000,0,50000
2010/01/01,0,0,0,0
2010/01/04,0,0,0,0
2010/01/05,0,2000,0,2000
2010/01/06,0,100000,0,100000
2010/01/07,0,5100000,-1000,5099000
2010/01/08,0,1400000,-3000,1397000
2010/01/11,0,1750000,-203000,1547000
2010/01/12,0,500000,-3000,497000
2010/01/13,0,0,0,0
2010/01/14,0,1000000,0,1000000
2010/01/15,0,500000,-32000,468000
2010/01/18,0,1000,0,1000
2010/01/19,0,0,0,0
2010/01/20,0,0,-4000,-4000
2010/01/21,0,0,0,0
2010/01/22,0,0,-200000,-200000
2010/01/25,0,0,-254000,-254000
2010/01/26,0,0,0,0
2010/01/27,0,10000,0,10000
2010/01/28,0,632000,-4000,628000
2010/01/29,0,4000,-10000,-6000
2010/02/01,0,4000,-3800000,-3796000
2010/02/02,0,0,0,0
2010/02/03,0,1000,-1000,0
2010/02/04,0,2000,0,2000
2010/02/05,0,2000,0,2000
2010/02/08,0,4000,-200000,-196000
2010/02/09,0,3000,0,3000
2010/02/10,0,11000,0,11000
2010/02/11,0,0,0,0
2010/02/12,0,0,0,0
2010/02/15,0,0,0,0
2010/02/16,0,0,0,0
2010/02/17,0,0,0,0
2010/02/18,0,0,0,0
2010/02/19,0,0,0,0
2010/02/22,0,1153000,0,1153000
2010/02/23,0,3000,0,3000
2010/02/24,0,0,0,0
2010/02/25,0,0,0,0
2010/02/26,0,553000,-33000,520000
2010/03/01,0,300000,0,300000
2010/03/02,0,1000000,0,1000000
2010/03/03,0,0,0,0
2010/03/04,0,0,0,0
2010/03/05,0,1500000,-3000,1497000
2010/03/08,0,0,0,0
2010/03/09,0,1000,0,1000
2010/03/10,0,0,-3000,-3000
2010/03/11,0,500000,0,500000
2010/03/12,0,744000,-400000,344000
2010/03/15,0,540000,0,540000
2010/03/16,0,0,-1000,-1000
2010/03/17,0,37000,0,37000
2010/03/18,0,0,-357000,-357000
2010/03/19,0,0,-11000,-11000
2010/03/22,0,0,-1658000,-1658000
2010/03/23,0,605000,-409000,196000
2010/03/24,0,0,-5000,-5000
2010/03/25,0,0,-8000,-8000
2010/03/26,0,0,0,0
2010/03/29,0,9000,-13000,-4000
2010/03/30,0,0,0,0
2010/03/31,0,0,-6000,-6000
2010/04/01,0,0,0,0
2010/04/02,0,0,-83000,-83000
2010/04/05,0,0,0,0
2010/04/06,0,0,-5000,-5000
2010/04/07,0,0,-1025000,-1025000
2010/04/08,0,0,-1743000,-1743000
2010/04/09,0,0,-5000,-5000
2010/04/12,0,0,-3000,-3000
2010/04/13,0,0,-7000,-7000
2010/04/14,0,0,-17000,-17000
2010/04/15,0,0,-7000,-7000
2010/04/16,0,1000,-14000,-13000
2010/04/19,0,0,-374,-374
2010/04/20,0,4000,-546000,-542000
2010/04/21,0,250000,0,250000
2010/04/22,0,0,0,0
2010/04/23,0,0,-250000,-250000
2010/04/26,0,0,0,0
2010/04/27,0,0,-4000,-4000
2010/04/28,0,0,-5000,-5000
2010/04/29,0,0,0,0
2010/04/30,0,0,-11000,-11000
2010/05/03,0,0,0,0
2010/05/04,0,0,0,0
2010/05/05,0,13000,-3000,10000
2010/05/06,0,0,0,0
2010/05/07,0,48000,-1000,47000
2010/05/10,0,52000,-43000,9000
2010/05/11,0,8000,-648000,-640000
2010/05/12,0,0,-5000,-5000
2010/05/13,0,4000,0,4000
2010/05/14,0,19000,0,19000
2010/05/17,0,0,-6000,-6000
2010/05/18,0,0,0,0
2010/05/19,0,0,-2270000,-2270000
2010/05/20,0,6000,-175000,-169000
2010/05/21,0,0,-543000,-543000
2010/05/24,0,0,-40785,-40785
2010/05/25,0,4000,0,4000
2010/05/26,0,11000,-3000,8000
2010/05/27,0,14000,0,14000
2010/05/28,0,0,0,0
2010/05/31,0,0,0,0
2010/06/01,0,2000,0,2000
2010/06/02,0,0,0,0
2010/06/03,0,0,0,0
2010/06/04,0,0,-13000,-13000
2010/06/07,0,122000,0,122000
2010/06/08,0,10000,0,10000
2010/06/09,0,0,0,0
2010/06/10,0,12000,0,12000
2010/06/11,0,0,0,0
2010/06/14,0,11000,-5000,6000
2010/06/15,0,102000,0,102000
2010/06/16,0,0,0,0
2010/06/17,0,0,0,0
2010/06/18,0,0,-7000,-7000
2010/06/21,0,0,0,0
2010/06/22,0,0,0,0
2010/06/23,0,0,-4000,-4000
2010/06/24,0,0,-68000,-68000
2010/06/25,0,0,-129000,-129000
2010/06/28,0,0,-18000,-18000
2010/06/29,0,8000,0,8000
2010/06/30,0,0,0,0
2010/07/01,0,0,0,0
2010/07/02,0,3000,0,3000
2010/07/05,0,0,0,0
2010/07/06,0,0,0,0
2010/07/07,0,0,0,0
2010/07/08,0,0,0,0
2010/07/09,0,0,0,0
2010/07/12,0,0,-125000,-125000
2010/07/13,0,0,0,0
2010/07/14,0,1000,0,1000
2010/07/15,0,99000,0,99000
2010/07/16,0,0,-7000,-7000
2010/07/19,0,110000,-14000,96000
2010/07/20,0,0,0,0
2010/07/21,0,0,-6000,-6000
2010/07/22,0,0,-500000,-500000
2010/07/23,0,0,-1000000,-1000000
2010/07/26,0,0,0,0
2010/07/27,0,28000,-648000,-620000
2010/07/28,0,0,0,0
2010/07/29,0,0,-1000000,-1000000
2010/07/30,0,0,-34000,-34000
2010/08/02,0,214000,-1021000,-807000
2010/08/03,0,0,0,0
2010/08/04,0,1000,-18000,-17000
2010/08/05,0,0,-2020000,-2020000
2010/08/06,0,0,-1013000,-1013000
2010/08/09,0,14000,0,14000
2010/08/10,0,1000,-1500000,-1499000
2010/08/11,0,0,-109000,-109000
2010/08/12,0,4000,-1523000,-1519000
2010/08/13,0,750000,-27000,723000
2010/08/16,0,0,-5000,-5000
2010/08/17,0,503000,-200000,303000
2010/08/18,0,0,-4000,-4000
2010/08/19,0,320000,-3000,317000
2010/08/20,0,1000,-2000,-1000
2010/08/23,0,620000,0,620000
2010/08/24,0,611000,-9000,602000
2010/08/25,0,18000,-208000,-190000
2010/08/26,0,0,-205000,-205000
2010/08/27,0,144000,0,144000
2010/08/30,0,10000,0,10000
2010/08/31,0,55000,-200000,-145000
2010/09/01,0,0,0,0
2010/09/02,0,6000,0,6000
2010/09/03,0,4000,0,4000
2010/09/06,0,0,0,0
2010/09/07,0,7000,0,7000
2010/09/08,0,0,-72000,-72000
2010/09/09,0,0,-71000,-71000
2010/09/10,0,0,0,0
2010/09/13,0,0,0,0
2010/09/14,0,0,0,0
2010/09/15,0,0,-2000,-2000
2010/09/16,0,0,-19000,-19000
2010/09/17,0,230000,-10000,220000
2010/09/20,0,0,-5000,-5000
2010/09/21,0,0,-9000,-9000
2010/09/22,0,0,0,0
2010/09/23,0,0,-7000,-7000
2010/09/24,0,1894000,-10000,1884000
2010/09/27,0,1100000,-4000,1096000
2010/09/28,0,48000,0,48000
2010/09/29,0,150000,-207000,-57000
2010/09/30,0,355000,-162000,193000
2010/10/01,0,513000,0,513000
2010/10/04,0,5585000,0,5585000
2010/10/05,0,4045000,0,4045000
2010/10/06,0,3006000,-4000,3002000
2010/10/07,0,375000,0,375000
2010/10/08,0,647000,-274000,373000
2010/10/11,0,2354000,0,2354000
2010/10/12,0,1606000,-7000,1599000
2010/10/13,0,256000,-80000,176000
2010/10/14,0,11000,-1000,10000
2010/10/15,0,970000,-12000,958000
2010/10/18,0,0,-5000,-5000
2010/10/19,0,141000,-1487000,-1346000
2010/10/20,0,0,-2493000,-2493000
2010/10/21,0,398000,0,398000
2010/10/22,0,0,0,0
2010/10/25,0,1150000,0,1150000
2010/10/26,0,503000,-2000,501000
2010/10/27,0,7000,-1046000,-1039000
2010/10/28,0,0,-397000,-397000
2010/10/29,0,100000,-977000,-877000
2010/11/01,0,0,-38000,-38000
2010/11/02,0,0,0,0
2010/11/03,0,70000,-2203000,-2133000
2010/11/04,0,0,-2132000,-2132000
2010/11/05,0,450000,-336000,114000
2010/11/08,0,1000000,-2000,998000
2010/11/09,0,15000,0,15000
2010/11/10,0,3904000,-7000,3897000
2010/11/11,0,60000,0,60000
2010/11/12,0,1763000,-15000,1748000
2010/11/15,0,1438000,-202000,1236000
2010/11/16,0,1800000,-1000,1799000
2010/11/17,0,0,0,0
2010/11/18,0,0,-3611000,-3611000
2010/11/19,0,0,0,0
2010/11/22,0,0,-1989000,-1989000
2010/11/23,0,208000,-315000,-107000
2010/11/24,0,0,0,0
2010/11/25,0,9000,-3000,6000
2010/11/26,0,100000,0,100000
2010/11/29,0,100000,0,100000
2010/11/30,0,1050000,-1784000,-734000
2010/12/01,0,2353000,-13000,2340000
2010/12/02,0,14000,-17000,-3000
2010/12/03,0,0,-11000,-11000
2010/12/06,0,1895000,-32000,1863000
2010/12/07,0,50000,-63000,-13000
2010/12/08,0,1020000,-11000,1009000
2010/12/09,0,704000,-4000,700000
2010/12/10,0,70000,0,70000
2010/12/13,0,0,-5000,-5000
2010/12/14,0,0,0,0
2010/12/15,0,0,0,0
2010/12/16,0,0,-9000,-9000
2010/12/17,0,0,-609000,-609000
2010/12/20,0,0,-5000,-5000
2010/12/21,0,102000,0,102000
2010/12/22,0,104000,0,104000
2010/12/23,0,0,-45000,-45000
2010/12/24,0,0,0,0
2010/12/27,0,0,-272000,-272000
2010/12/28,0,0,0,0
2010/12/29,0,100000,-2353000,-2253000
2010/12/30,0,0,0,0
2010/12/31,0,0,-350000,-350000
2011/01/03,0,0,-294000,-294000
2011/01/04,0,0,-190000,-190000
2011/01/05,0,0,-1300000,-1300000
2011/01/06,0,0,-1244000,-1244000
2011/01/07,0,0,-192000,-192000
2011/01/10,0,0,-146000,-146000
2011/01/11,0,0,-200000,-200000
2011/01/12,0,0,-800000,-800000
2011/01/13,0,0,0,0
2011/01/14,0,0,-2981000,-2981000
2011/01/17,0,0,0,0
2011/01/18,0,0,-357000,-357000
2011/01/19,0,0,-1105000,-1105000
2011/01/20,0,0,-45000,-45000
2011/01/21,0,0,-27000,-27000
2011/01/24,0,0,0,0
2011/01/25,0,2000,0,2000
2011/01/26,0,0,-901000,-901000
2011/01/27,0,0,-2000,-2000
2011/01/28,0,0,-7000,-7000
2011/01/31,0,0,0,0
2011/02/01,0,0,0,0
2011/02/02,0,0,0,0
2011/02/03,0,0,0,0
2011/02/04,0,0,0,0
2011/02/07,0,0,0,0
2011/02/08,0,0,0,0
2011/02/09,0,0,0,0
2011/02/10,0,0,-903000,-903000
2011/02/11,0,9000,-550000,-541000
2011/02/14,0,3000,0,3000
2011/02/15,0,7000,-5787000,-5780000
2011/02/16,0,150000,-4000000,-3850000
2011/02/17,0,0,0,0
2011/02/18,0,0,-661000,-661000
2011/02/21,0,0,-4000,-4000
2011/02/22,0,0,-60000,-60000
2011/02/23,0,0,-17000,-17000
2011/02/24,0,3000,0,3000
2011/02/25,0,103000,-17000,86000
2011/02/28,0,0,0,0
2011/03/01,0,0,-1000000,-1000000
2011/03/02,0,0,0,0
2011/03/03,0,0,0,0
2011/03/04,0,0,0,0
2011/03/07,0,0,0,0
2011/03/08,0,0,0,0
2011/03/09,0,56000,0,56000
2011/03/10,0,0,0,0
2011/03/11,0,0,0,0
2011/03/14,0,5000,0,5000
2011/03/15,0,3000,-90000,-87000
2011/03/16,0,0,-60000,-60000
2011/03/17,0,33000,0,33000
2011/03/18,0,1000,0,1000
2011/03/21,0,0,-100000,-100000
2011/03/22,0,0,0,0
2011/03/23,0,0,0,0
2011/03/24,0,6000,0,6000
2011/03/25,0,0,-637000,-637000
2011/03/28,0,0,0,0
2011/03/29,0,0,0,0
2011/03/30,0,4000,0,4000
2011/03/31,0,0,-32000,-32000
2011/04/01,0,0,0,0
2011/04/04,0,0,0,0
2011/04/05,0,0,0,0
2011/04/06,0,0,0,0
2011/04/07,0,0,-59000,-59000
2011/04/08,0,0,0,0
2011/04/11,0,350000,0,350000
2011/04/12,0,0,-4000,-4000
2011/04/13,0,0,0,0
2011/04/14,0,173000,0,173000
2011/04/15,0,0,0,0
2011/04/18,0,0,0,0
2011/04/19,0,6000,0,6000
2011/04/20,0,0,0,0
2011/04/21,0,557000,0,557000
2011/04/22,0,0,0,0
2011/04/25,0,0,-5000,-5000
2011/04/26,0,0,-6000,-6000
2011/04/27,0,1000000,-50000,950000
2011/04/28,0,670000,0,670000
2011/04/29,0,200000,-557000,-357000
2011/05/02,0,0,0,0
2011/05/03,0,43000,0,43000
2011/05/04,0,43000,0,43000
2011/05/05,0,43000,0,43000
2011/05/06,0,44000,0,44000
2011/05/09,0,1000,-19000,-18000
2011/05/10,0,0,-520000,-520000
2011/05/11,0,0,-160000,-160000
2011/05/12,0,0,-3000,-3000
2011/05/13,0,0,-130000,-130000
2011/05/16,0,675000,0,675000
2011/05/17,0,0,0,0
2011/05/18,0,0,0,0
2011/05/19,0,2500000,0,2500000
2011/05/20,0,2738000,-1000,2737000
2011/05/23,0,60000,-121000,-61000
2011/05/24,0,0,0,0
2011/05/25,0,0,0,0
2011/05/26,0,0,0,0
2011/05/27,0,0,-5000,-5000
2011/05/30,0,2000,0,2000
2011/05/31,0,0,-1000,-1000
2011/06/01,0,0,0,0
2011/06/02,0,0,0,0
2011/06/03,0,0,0,0
2011/06/06,0,0,0,0
2011/06/07,0,0,0,0
2011/06/08,0,3000,-755000,-752000
2011/06/09,0,0,-240000,-240000
2011/06/10,0,0,0,0
2011/06/13,0,0,0,0
2011/06/14,0,6000,0,6000
2011/06/15,0,0,-384000,-384000
2011/06/16,0,0,0,0
2011/06/17,0,4000,-24000,-20000
2011/06/20,0,2000,-3000,-1000
2011/06/21,0,2000,0,2000
2011/06/22,0,2000,0,2000
2011/06/23,0,1000,0,1000
2011/06/24,0,2000,-500000,-498000
2011/06/27,0,753000,0,753000
2011/06/28,0,203000,0,203000
2011/06/29,0,10000,0,10000
2011/06/30,0,1000,0,1000
2011/07/01,0,1000,0,1000
2011/07/04,0,0,0,0
2011/07/05,0,0,-2000,-2000
2011/07/06,0,0,0,0
2011/07/07,0,0,0,0
2011/07/08,0,0,-1000,-1000
2011/07/11,0,0,0,0
2011/07/12,0,1000,-34000,-33000
2011/07/13,0,3000,0,3000
2011/07/14,0,2000,-100000,-98000
2011/07/15,0,3000,0,3000
2011/07/18,0,0,0,0
2011/07/19,0,2000,0,2000
2011/07/20,0,233000,0,233000
2011/07/21,0,1000,0,1000
2011/07/22,0,455000,-2000,453000
2011/07/25,0,0,-851000,-851000
2011/07/26,0,0,0,0
2011/07/27,0,14000,-2000,12000
2011/07/28,0,1000,-4003000,-4002000
2011/07/29,0,0,0,0
2011/08/01,0,1000,0,1000
2011/08/02,0,0,-1000,-1000
2011/08/03,0,19000,0,19000
2011/08/04,0,10000,0,10000
2011/08/05,0,21000,0,21000
2011/08/08,0,7000,0,7000
2011/08/09,0,8000,0,8000
2011/08/10,0,55000,-1200000,-1145000
2011/08/11,0,46000,0,46000
2011/08/12,0,3000,-1135000,-1132000
2011/08/15,0,6000,0,6000
2011/08/16,0,289000,-4000,285000
2011/08/17,0,0,-2000,-2000
2011/08/18,0,97000,0,97000
2011/08/19,0,45000,0,45000
2011/08/22,0,57000,-2000,55000
2011/08/23,0,0,0,0
2011/08/24,0,0,0,0
2011/08/25,0,0,-200000,-200000
2011/08/26,0,47000,-200000,-153000
2011/08/29,0,6000,-200000,-194000
2011/08/30,0,1000,-150000,-149000
2011/08/31,0,1000,-154000,-153000
2011/09/01,0,0,-2000,-2000
2011/09/02,0,59000,-5000,54000
2011/09/05,0,0,-3000,-3000
2011/09/06,0,0,-231000,-231000
2011/09/07,0,8000,0,8000
2011/09/08,0,0,0,0
2011/09/09,0,23000,0,23000
2011/09/12,0,0,0,0
2011/09/13,0,33000,-4645,28355
2011/09/14,0,605000,0,605000
2011/09/15,0,0,-14000,-14000
2011/09/16,0,329000,-2000,327000
2011/09/19,0,4000,0,4000
2011/09/20,0,4000,-1000,3000
2011/09/21,0,0,-4806,-4806
2011/09/22,0,0,-7000,-7000
2011/09/23,0,3000,-455000,-452000
2011/09/26,0,14000,0,14000
2011/09/27,0,5000,0,5000
2011/09/28,0,0,-3000,-3000
2011/09/29,0,25000,0,25000
2011/09/30,0,500,0,500
2011/10/03,0,0,-1000,-1000
2011/10/04,0,3000,0,3000
2011/10/05,0,28000,0,28000
2011/10/06,0,33000,0,33000
2011/10/07,0,2000,0,2000
2011/10/10,0,0,0,0
2011/10/11,0,26000,0,26000
2011/10/12,0,0,0,0
2011/10/13,0,2000,0,2000
2011/10/14,0,0,-9000,-9000
2011/10/17,0,0,-4585,-4585
2011/10/18,0,2000,-1340,660
2011/10/19,0,0,0,0
2011/10/20,0,0,0,0
2011/10/21,0,0,0,0
2011/10/24,0,4000,0,4000
2011/10/25,0,0,0,0
2011/10/26,0,1000,0,1000
2011/10/27,0,3000,0,3000
2011/10/28,0,2289000,0,2289000
2011/10/31,0,0,-5000,-5000
2011/11/01,0,0,-3000,-3000
2011/11/02,0,13000,0,13000
2011/11/03,0,2000,0,2000
2011/11/04,0,1214000,-3000,1211000
2011/11/07,0,0,0,0
2011/11/08,0,4439000,0,4439000
2011/11/09,0,2508000,0,2508000
2011/11/10,0,2000,0,2000
2011/11/11,0,0,-1000,-1000
2011/11/14,0,1073296,0,1073296
2011/11/15,0,900000,0,900000
2011/11/16,0,0,0,0
2011/11/17,0,67000,0,67000
2011/11/18,0,33000,0,33000
2011/11/21,0,807000,0,807000
2011/11/22,0,3000,0,3000
2011/11/23,0,611000,0,611000
2011/11/24,0,8000,0,8000
2011/11/25,0,16000,0,16000
2011/11/28,0,3000,-500000,-497000
2011/11/29,0,4000,0,4000
2011/11/30,0,4000,-1830000,-1826000
2011/12/01,0,930000,-1000000,-70000
2011/12/02,0,0,-5343000,-5343000
2011/12/05,0,7000,-4000,3000
2011/12/06,0,0,-678000,-678000
2011/12/07,0,2000,0,2000
2011/12/08,0,5000,0,5000
2011/12/09,0,0,-36999,-36999
2011/12/12,0,0,0,0
2011/12/13,0,0,0,0
2011/12/14,0,371000,0,371000
2011/12/15,0,367000,0,367000
2011/12/16,0,4000,-142500,-138500
2011/12/19,0,9000,-95000,-86000
2011/12/20,0,8000,-645000,-637000
2011/12/21,0,0,0,0
2011/12/22,0,9000,0,9000
2011/12/23,0,0,-9000,-9000
2011/12/26,0,0,0,0
2011/12/27,0,16000,0,16000
2011/12/28,0,0,-7000,-7000
2011/12/29,0,0,-500000,-500000
2011/12/30,0,0,-513000,-513000
2012/01/02,0,17000,0,17000
2012/01/03,0,0,-26000,-26000
2012/01/04,0,0,0,0
2012/01/05,0,0,-12412,-12412
2012/01/06,0,0,-5000,-5000
2012/01/09,0,0,-2000,-2000
2012/01/10,0,0,-3000,-3000
2012/01/11,0,0,-9000,-9000
2012/01/12,0,0,-19000,-19000
2012/01/13,0,0,-31000,-31000
2012/01/16,0,0,-8000,-8000
2012/01/17,0,0,0,0
2012/01/18,0,332000,-9000,323000
2012/01/19,0,0,0,0
2012/01/20,0,0,0,0
2012/01/23,0,0,0,0
2012/01/24,0,0,0,0
2012/01/25,0,0,0,0
2012/01/26,0,0,0,0
2012/01/27,0,0,0,0
2012/01/30,0,78000,-5000,73000
2012/01/31,0,0,-80000,-80000
2012/02/01,0,0,-14000,-14000
2012/02/02,0,0,-15000,-15000
2012/02/03,0,0,-13000,-13000
2012/02/06,0,0,-25000,-25000
2012/02/07,0,1000,0,1000
2012/02/08,0,0,-1010000,-1010000
2012/02/09,0,3083,-1011000,-1007917
2012/02/10,0,0,-9000,-9000
2012/02/13,0,0,0,0
2012/02/14,0,0,-997000,-997000
2012/02/15,0,0,-17000,-17000
2012/02/16,0,2000,-37000,-35000
2012/02/17,0,1000,-16000,-15000
2012/02/20,0,0,-6000,-6000
2012/02/21,0,0,0,0
2012/02/22,0,0,0,0
2012/02/23,0,0,-6000,-6000
2012/02/24,0,0,-26000,-26000
2012/02/27,0,0,0,0
2012/02/28,0,0,0,0
2012/02/29,0,0,-6000,-6000
2012/03/01,0,1000,0,1000
2012/03/02,0,0,-12000,-12000
2012/03/05,0,489000,-1003000,-514000
2012/03/06,0,0,-2000,-2000
2012/03/07,0,0,-1000,-1000
2012/03/08,0,0,-22519,-22519
2012/03/09,0,0,0,0
2012/03/12,0,0,-5000,-5000
2012/03/13,0,0,-11000,-11000
2012/03/14,0,226000,0,226000
2012/03/15,0,209000,-1000,208000
2012/03/16,0,0,-53000,-53000
2012/03/19,0,0,-3000,-3000
2012/03/20,0,0,-10000,-10000
2012/03/21,0,0,0,0
2012/03/22,0,0,0,0
2012/03/23,0,0,0,0
2012/03/26,0,0,-5000,-5000
2012/03/27,0,0,0,0
2012/03/28,0,0,0,0
2012/03/29,0,0,0,0
2012/03/30,0,0,-500000,-500000
2012/04/02,0,0,-2000,-2000
2012/04/03,0,0,0,0
2012/04/04,0,0,0,0
2012/04/05,0,34683,0,34683
2012/04/06,0,412000,0,412000
2012/04/09,0,26000,-7000,19000
2012/04/10,0,0,0,0
2012/04/11,0,0,0,0
2012/04/12,0,0,-2000,-2000
2012/04/13,0,0,-412000,-412000
2012/04/16,0,0,-59000,-59000
2012/04/17,0,0,0,0
2012/04/18,0,0,0,0
2012/04/19,0,0,0,0
2012/04/20,0,0,0,0
2012/04/23,0,4000,0,4000
2012/04/24,0,21000,0,21000
2012/04/25,0,0,0,0
2012/04/26,0,0,0,0
2012/04/27,0,0,0,0
2012/04/30,0,0,0,0
2012/05/01,0,0,0,0
2012/05/02,0,65000,0,65000
2012/05/03,0,0,-23644,-23644
2012/05/04,0,0,-14000,-14000
2012/05/07,0,23000,0,23000
2012/05/08,0,0,0,0
2012/05/09,0,0,0,0
2012/05/10,0,0,0,0
2012/05/11,0,0,0,0
2012/05/14,0,0,0,0
2012/05/15,0,48000,0,48000
2012/05/16,0,0,-405000,-405000
2012/05/17,0,0,-280000,-280000
2012/05/18,0,0,-483000,-483000
2012/05/21,0,0,-58784,-58784
2012/05/22,0,0,0,0
2012/05/23,0,0,-11000,-11000
2012/05/24,0,0,0,0
2012/05/25,0,0,0,0
2012/05/28,0,0,0,0
2012/05/29,0,0,0,0
2012/05/30,0,0,-11865,-11865
2012/05/31,0,0,0,0
2012/06/01,0,0,-2000,-2000
2012/06/04,0,27000,0,27000
2012/06/05,0,22000,0,22000
2012/06/06,0,0,-1000,-1000
2012/06/07,0,0,-402000,-402000
2012/06/08,0,916000,0,916000
2012/06/11,0,0,0,0
2012/06/12,0,0,0,0
2012/06/13,0,0,-428000,-428000
2012/06/14,0,0,-422000,-422000
2012/06/15,0,1000,-35500,-34500
2012/06/18,0,0,-53000,-53000
2012/06/19,0,0,-38926,-38926
2012/06/20,0,0,0,0
2012/06/21,0,0,0,0
2012/06/22,0,549000,0,549000
2012/06/25,0,0,0,0
2012/06/26,0,17493,-25000,-7507
2012/06/27,0,0,0,0
2012/06/28,0,0,-6000,-6000
2012/06/29,0,0,-549000,-549000
2012/07/02,0,0,-5000,-5000
2012/07/03,0,1691000,0,1691000
2012/07/04,0,0,0,0
2012/07/05,0,0,-3000,-3000
2012/07/06,0,590000,-14000,576000
2012/07/09,0,0,0,0
2012/07/10,0,0,0,0
2012/07/11,0,531000,0,531000
2012/07/12,0,0,0,0
2012/07/13,0,0,0,0
2012/07/16,0,0,-500,-500
2012/07/17,0,0,-2000,-2000
2012/07/18,0,0,0,0
2012/07/19,0,0,0,0
2012/07/20,0,0,0,0
2012/07/23,0,0,0,0
2012/07/24,0,832000,0,832000
2012/07/25,0,950000,0,950000
2012/07/26,0,402000,0,402000
2012/07/27,0,0,-590000,-590000
2012/07/30,0,0,0,0
2012/07/31,0,1770000,0,1770000
2012/08/01,0,2500,0,2500
2012/08/02,0,0,0,0
2012/08/03,0,581000,0,581000
2012/08/06,0,5500,0,5500
2012/08/07,0,3000,0,3000
2012/08/08,0,1000,0,1000
2012/08/09,0,33000,0,33000
2012/08/10,0,4000,0,4000
2012/08/13,0,0,0,0
2012/08/14,0,0,0,0
2012/08/15,0,76000,0,76000
2012/08/16,0,0,0,0
2012/08/17,0,6820,0,6820
2012/08/20,0,0,-1000,-1000
2012/08/21,0,0,0,0
2012/08/22,0,0,0,0
2012/08/23,0,2000,-500000,-498000
2012/08/24,0,0,0,0
2012/08/27,0,3000,0,3000
2012/08/28,0,0,-799000,-799000
2012/08/29,0,0,0,0
2012/08/30,0,0,0,0
2012/08/31,0,13000,0,13000
2012/09/03,0,0,0,0
2012/09/04,0,0,0,0
2012/09/05,0,2000,0,2000
2012/09/06,0,4000,-970000,-966000
2012/09/07,0,3000,0,3000
2012/09/10,0,0,0,0
2012/09/11,0,0,0,0
2012/09/12,0,2500,-1000,1500
2012/09/13,0,1452000,0,1452000
2012/09/14,0,1500000,0,1500000
2012/09/17,0,502000,0,502000
2012/09/18,0,0,-18000,-18000
2012/09/19,0,19000,0,19000
2012/09/20,0,0,0,0
2012/09/21,0,0,-135000,-135000
2012/09/24,0,2000,-2869000,-2867000
2012/09/25,0,0,-170000,-170000
2012/09/26,0,0,0,0
2012/09/27,0,100,0,100
2012/09/28,0,0,0,0
2012/10/01,0,4500,0,4500
2012/10/02,0,0,0,0
2012/10/03,0,0,0,0
2012/10/04,0,0,-1000000,-1000000
2012/10/05,0,0,-1000,-1000
2012/10/08,0,316000,-210000,106000
2012/10/09,0,0,0,0
2012/10/10,0,0,0,0
2012/10/11,0,0,0,0
2012/10/12,0,0,-1003000,-1003000
2012/10/15,0,0,0,0
2012/10/16,0,0,0,0
2012/10/17,0,4000,0,4000
2012/10/18,0,70000,0,70000
2012/10/19,0,0,0,0
2012/10/22,0,0,-800000,-800000
2012/10/23,0,1000,-400000,-399000
2012/10/24,0,0,-1000,-1000
2012/10/25,0,0,-1806000,-1806000
2012/10/26,0,0,0,0
2012/10/29,0,0,-420,-420
2012/10/30,0,0,0,0
2012/10/31,0,0,0,0
2012/11/01,0,0,0,0
2012/11/02,0,0,0,0
2012/11/05,0,0,0,0
2012/11/06,0,0,0,0
2012/11/07,0,45000,0,45000
2012/11/08,0,0,0,0
2012/11/09,0,0,-500,-500
2012/11/12,0,0,0,0
2012/11/13,0,0,0,0
2012/11/14,0,0,0,0
2012/11/15,0,0,0,0
2012/11/16,0,0,0,0
2012/11/19,0,0,0,0
2012/11/20,0,0,0,0
2012/11/21,0,0,0,0
2012/11/22,0,0,-8000,-8000
2012/11/23,0,0,-450000,-450000
2012/11/26,0,0,0,0
2012/11/27,0,0,0,0
2012/11/28,0,174000,0,174000
2012/11/29,0,0,0,0
2012/11/30,0,488000,-2000,486000
2012/12/03,0,0,0,0
2012/12/04,0,0,0,0
2012/12/05,0,0,-3000,-3000
2012/12/06,0,0,0,0
2012/12/07,0,0,-33000,-33000
2012/12/10,0,0,-17000,-17000
2012/12/11,0,0,0,0
2012/12/12,0,0,0,0
2012/12/13,0,0,0,0
2012/12/14,0,0,0,0
2012/12/17,0,0,0,0
2012/12/18,0,0,0,0
2012/12/19,0,0,0,0
2012/12/20,0,0,-26000,-26000
2012/12/21,0,0,-48000,-48000
2012/12/24,0,0,0,0
2012/12/25,0,0,0,0
2012/12/26,0,0,0,0
2012/12/27,0,0,0,0
2012/12/28,0,0,0,0
2012/12/31,0,0,0,0
2013/01/01,0,0,0,0
2013/01/02,0,0,0,0
2013/01/03,0,0,-4000,-4000
2013/01/04,0,0,-15000,-15000
2013/01/07,0,0,-75000,-75000
2013/01/08,0,0,-6000,-6000
2013/01/09,0,0,0,0
2013/01/10,0,0,0,0
2013/01/11,0,0,-15000,-15000
2013/01/14,0,0,0,0
2013/01/15,0,1000000,-8000,992000
2013/01/16,0,0,-18000,-18000
2013/01/17,0,18927,-12000,6927
2013/01/18,0,0,0,0
2013/01/21,0,111000,-33000,78000
2013/01/22,0,222000,-2000,220000
2013/01/23,0,222000,-4000,218000
2013/01/24,0,0,-12000,-12000
2013/01/25,0,0,-6000,-6000
2013/01/28,0,0,0,0
2013/01/29,0,0,0,0
2013/01/30,0,0,0,0
2013/01/31,0,4000,-5000,-1000
2013/02/01,0,0,0,0
2013/02/04,0,0,-181000,-181000
2013/02/05,0,0,-174000,-174000
2013/02/06,0,0,-2000,-2000
2013/02/07,0,0,0,0
2013/02/08,0,0,0,0
2013/02/11,0,0,0,0
2013/02/12,0,0,0,0
2013/02/13,0,0,0,0
2013/02/14,0,0,0,0
2013/02/15,0,0,0,0
2013/02/18,0,0,0,0
2013/02/19,0,0,-1000,-1000
2013/02/20,0,0,0,0
2013/02/21,0,0,-1000,-1000
2013/02/22,0,0,-1000,-1000
2013/02/25,0,0,0,0
2013/02/26,0,0,-2000,-2000
2013/02/27,0,359000,-1000,358000
2013/02/28,0,0,0,0
2013/03/01,0,0,0,0
2013/03/04,0,0,0,0
2013/03/05,0,0,-383000,-383000
2013/03/06,0,0,-15000,-15000
2013/03/07,0,0,-531000,-531000
2013/03/08,0,0,-1000000,-1000000
2013/03/11,0,0,-2000,-2000
2013/03/12,0,0,0,0
2013/03/13,0,0,-1000,-1000
2013/03/14,0,0,0,0
2013/03/15,0,7000,-3000,4000
2013/03/18,0,1000,-1000,0
2013/03/19,0,0,0,0
2013/03/20,0,0,-4000,-4000
2013/03/21,0,0,0,0
2013/03/22,0,0,-5000,-5000
2013/03/25,0,0,0,0
2013/03/26,0,0,0,0
2013/03/27,0,0,-40000,-40000
2013/03/28,0,0,0,0
2013/03/29,0,0,-474000,-474000
2013/04/01,0,0,0,0
2013/04/02,0,0,0,0
2013/04/03,0,0,0,0
2013/04/04,0,0,0,0
2013/04/05,0,0,0,0
2013/04/08,0,42000,0,42000
2013/04/09,0,0,0,0
2013/04/10,0,0,0,0
2013/04/11,0,0,0,0
2013/04/12,0,0,0,0
2013/04/15,0,0,0,0
2013/04/16,0,0,0,0
2013/04/17,0,371000,-15000,356000
2013/04/18,0,0,0,0
2013/04/19,0,1613,0,1613
2013/04/22,0,0,-1000,-1000
2013/04/23,0,0,-6000,-6000
2013/04/24,0,0,-1000,-1000
2013/04/25,0,0,-4000,-4000
2013/04/26,0,0,-6000,-6000
2013/04/29,0,0,-3000,-3000
2013/04/30,0,0,0,0
2013/05/01,0,0,0,0
2013/05/02,0,0,0,0
2013/05/03,0,0,-11000,-11000
2013/05/06,0,0,-5000,-5000
2013/05/07,0,0,0,0
2013/05/08,0,0,0,0
2013/05/09,0,0,0,0
2013/05/10,0,0,0,0
2013/05/13,0,0,-7000,-7000
2013/05/14,0,0,-46000,-46000
2013/05/15,0,0,0,0
2013/05/16,0,0,0,0
2013/05/17,0,0,0,0
2013/05/20,0,0,-3000,-3000
2013/05/21,0,0,0,0
2013/05/22,0,0,-17000,-17000
2013/05/23,0,0,-5000,-5000
2013/05/24,0,0,-4000,-4000
2013/05/27,0,0,-2000,-2000
2013/05/28,0,0,0,0
2013/05/29,0,0,0,0
2013/05/30,0,0,0,0
2013/05/31,0,2000,0,2000
2013/06/03,0,0,0,0
2013/06/04,0,0,0,0
2013/06/05,0,0,0,0
2013/06/06,0,0,0,0
2013/06/07,0,31000,-28000,3000
2013/06/10,0,0,0,0
2013/06/11,0,68000,0,68000
2013/06/12,0,0,0,0
2013/06/13,0,60000,0,60000
2013/06/14,0,0,0,0
2013/06/17,0,0,0,0
2013/06/18,0,0,-2000,-2000
2013/06/19,0,0,0,0
2013/06/20,0,0,0,0
2013/06/21,0,7000,0,7000
2013/06/24,0,0,-2000,-2000
2013/06/25,0,0,0,0
2013/06/26,0,0,-4000,-4000
2013/06/27,0,0,-5000,-5000
2013/06/28,0,0,0,0
2013/07/01,0,0,-5000,-5000
2013/07/02,0,0,0,0
2013/07/03,0,0,0,0
2013/07/04,0,22000,0,22000
2013/07/05,0,0,-315000,-315000
2013/07/08,0,0,0,0
2013/07/09,0,0,0,0
2013/07/10,0,0,0,0
2013/07/11,0,17668,0,17668
2013/07/12,0,0,-11000,-11000
2013/07/15,0,0,0,0
2013/07/16,0,0,0,0
2013/07/17,0,0,0,0
2013/07/18,0,0,0,0
2013/07/19,0,0,0,0
2013/07/22,0,0,0,0
2013/07/23,0,0,0,0
2013/07/24,0,0,0,0
2013/07/25,0,0,0,0
2013/07/26,0,0,0,0
2013/07/29,0,0,0,0
2013/07/30,0,57000,0,57000
2013/07/31,0,0,0,0
2013/08/01,0,0,0,0
2013/08/02,0,0,0,0
2013/08/05,0,0,-23000,-23000
2013/08/06,0,0,0,0
2013/08/07,0,0,0,0
2013/08/08,0,0,0,0
2013/08/09,0,0,0,0
2013/08/12,0,0,0,0
2013/08/13,0,0,0,0
2013/08/14,0,4000,0,4000
2013/08/15,0,0,-2000,-2000
2013/08/16,0,0,0,0
2013/08/19,0,6000,0,6000
2013/08/20,0,1000,0,1000
2013/08/21,0,0,0,0
2013/08/22,0,6000,0,6000
2013/08/23,0,10000,0,10000
2013/08/26,0,16000,0,16000
2013/08/27,0,0,0,0
2013/08/28,0,8000,0,8000
2013/08/29,0,0,0,0
2013/08/30,0,9000,-5000,4000
2013/09/02,0,0,0,0
2013/09/03,0,0,-31442,-31442
2013/09/04,0,0,0,0
2013/09/05,0,2000,0,2000
2013/09/06,0,5000,0,5000
2013/09/09,0,0,-328000,-328000
2013/09/10,0,0,0,0
2013/09/11,0,18000,0,18000
2013/09/12,0,141000,0,141000
2013/09/13,0,133000,0,133000
2013/09/16,0,2000,0,2000
2013/09/17,0,0,0,0
2013/09/18,0,15000,0,15000
2013/09/19,0,0,0,0
2013/09/20,0,0,0,0
2013/09/23,0,0,0,0
2013/09/24,0,0,0,0
2013/09/25,0,0,0,0
2013/09/26,0,2000,0,2000
2013/09/27,0,0,0,0
2013/09/30,0,3000,-1000,2000
2013/10/01,0,1000,0,1000
2013/10/02,0,0,0,0
2013/10/03,0,6000,0,6000
2013/10/04,0,1000,0,1000
2013/10/07,0,0,-2000,-2000
2013/10/08,0,0,0,0
2013/10/09,0,0,0,0
2013/10/10,0,0,0,0
2013/10/11,0,0,0,0
2013/10/14,0,0,0,0
2013/10/15,0,0,0,0
2013/10/16,0,0,0,0
2013/10/17,0,1000,0,1000
2013/10/18,0,0,0,0
2013/10/21,0,0,0,0
2013/10/22,0,0,-36000,-36000
2013/10/23,0,0,-1000,-1000
2013/10/24,0,0,0,0
2013/10/25,0,0,-1000,-1000
2013/10/28,0,0,0,0
2013/10/29,0,0,0,0
2013/10/30,0,0,0,0
2013/10/31,0,0,-1000,-1000
2013/11/01,0,0,-3000,-3000
2013/11/04,0,0,0,0
2013/11/05,0,0,0,0
2013/11/06,0,0,0,0
2013/11/07,0,0,-2000,-2000
2013/11/08,0,0,0,0
2013/11/11,0,0,0,0
2013/11/12,0,0,0,0
2013/11/13,0,0,0,0
2013/11/14,0,0,0,0
2013/11/15,0,0,0,0
2013/11/18,0,0,0,0
2013/11/19,0,0,0,0
2013/11/20,0,0,0,0
2013/11/21,0,0,0,0
2013/11/22,0,0,-2000,-2000
2013/11/25,0,0,-12268,-12268
2013/11/26,0,0,-3000,-3000
2013/11/27,0,0,0,0
2013/11/28,0,0,0,0
2013/11/29,0,0,0,0
2013/12/02,0,0,-1000,-1000
2013/12/03,0,0,0,0
2013/12/04,0,0,-1000,-1000
2013/12/05,0,0,-1000,-1000
2013/12/06,0,0,0,0
2013/12/09,0,0,0,0
2013/12/10,0,0,0,0
2013/12/11,0,0,0,0
2013/12/12,0,0,-3000,-3000
2013/12/13,0,0,0,0
2013/12/16,0,0,0,0
2013/12/17,0,0,0,0
2013/12/18,0,0,0,0
2013/12/19,0,0,0,0
2013/12/20,0,0,-20000,-20000
2013/12/23,0,0,0,0
2013/12/24,0,0,-14000,-14000
2013/12/25,0,0,-9000,-9000
2013/12/26,0,0,-2000,-2000
2013/12/27,0,10000,0,10000
2013/12/30,0,0,-126000,-126000
2013/12/31,0,0,-5000,-5000
2014/01/02,0,0,-129000,-129000
2014/01/03,0,0,-2000,-2000
2014/01/06,0,0,0,0
2014/01/07,0,0,0,0
2014/01/08,0,0,0,0
2014/01/09,0,0,-1000,-1000
2014/01/10,0,0,0,0
2014/01/13,0,0,0,0
2014/01/14,0,3000,-1000,2000
2014/01/15,0,7000,-1000,6000
2014/01/16,0,0,0,0
2014/01/17,0,260000,-2000,258000
2014/01/20,0,0,-2000,-2000
2014/01/21,0,0,-5000,-5000
2014/01/22,0,0,-4000,-4000
2014/01/23,0,0,0,0
2014/01/24,0,0,-4000,-4000
2014/01/27,0,0,-2000,-2000
2014/02/05,0,0,0,0
2014/02/06,0,0,0,0
2014/02/07,0,0,0,0
2014/02/10,0,0,0,0
2014/02/11,0,0,-1000,-1000
2014/02/12,0,0,0,0
2014/02/13,0,6000,-1317,4683
2014/02/14,0,0,0,0
2014/02/17,0,0,0,0
2014/02/18,0,0,0,0
2014/02/19,0,0,-36000,-36000
2014/02/20,0,0,-35000,-35000
2014/02/21,0,0,0,0
2014/02/24,0,0,-2000,-2000
2014/02/25,0,0,0,0
2014/02/26,0,0,0,0
2014/02/27,0,0,0,0
2014/03/03,0,0,-2000,-2000
2014/03/04,0,0,0,0
2014/03/05,0,0,0,0
2014/03/06,0,0,-3000,-3000
2014/03/07,0,0,-2000,-2000
2014/03/10,0,0,-6000,-6000
2014/03/11,0,0,-3000,-3000
2014/03/12,0,0,-2000,-2000
2014/03/13,0,0,0,0
2014/03/14,0,0,-2000,-2000
2014/03/17,0,0,-1000,-1000
2014/03/18,0,0,0,0
2014/03/19,0,0,0,0
2014/03/20,0,0,-5000,-5000
2014/03/21,0,0,-10000,-10000
2014/03/24,0,0,0,0
2014/03/25,0,0,0,0
2014/03/26,0,0,0,0
2014/03/27,0,0,0,0
2014/03/28,0,0,-2000,-2000
2014/03/31,0,0,0,0
2014/04/01,0,0,-12000,-12000
2014/04/02,0,0,0,0
2014/04/03,0,33000,-43000,-10000
2014/04/07,0,0,-3000,-3000
2014/04/08,0,0,0,0
2014/04/09,0,0,0,0
2014/04/10,0,762,0,762
2014/04/11,0,0,0,0
2014/04/14,0,0,0,0
2014/04/15,0,0,0,0
2014/04/16,0,0,-1000,-1000
2014/04/17,0,0,-1000,-1000
2014/04/18,0,0,-1000,-1000
2014/04/21,0,0,-5000,-5000
2014/04/22,0,0,-3000,-3000
2014/04/23,0,0,0,0
2014/04/24,0,0,0,0
2014/04/25,0,0,0,0
2014/04/28,0,0,0,0
2014/04/29,0,0,0,0
2014/04/30,0,2000,-2000,0
2014/05/02,0,0,0,0
2014/05/05,0,0,0,0
2014/05/06,0,0,0,0
2014/05/07,0,0,-1000,-1000
2014/05/08,0,0,0,0
2014/05/09,0,0,-2000,-2000
2014/05/12,0,0,0,0
2014/05/13,0,0,-1000,-1000
2014/05/14,0,0,0,0
2014/05/15,0,0,0,0
2014/05/16,0,0,0,0
2014/05/19,0,0,-3000,-3000
2014/05/20,0,0,0,0
2014/05/21,0,0,0,0
2014/05/22,0,0,0,0
2014/05/23,0,0,0,0
2014/05/26,0,29000,-1000,28000
2014/05/27,0,43000,-1000,42000
2014/05/28,0,0,-1000,-1000
2014/05/29,0,0,-5000,-5000
2014/05/30,0,0,-5000,-5000
2014/06/03,0,0,-1000,-1000
2014/06/04,0,0,0,0
2014/06/05,0,0,0,0
2014/06/06,0,0,-1000,-1000
2014/06/09,0,0,-1000,-1000
2014/06/10,0,0,-8000,-8000
2014/06/11,0,0,-15000,-15000
2014/06/12,0,0,-22000,-22000
2014/06/13,0,0,-14000,-14000
2014/06/16,0,0,-8000,-8000
2014/06/17,0,0,0,0
2014/06/18,0,0,0,0
2014/06/19,0,0,0,0
2014/06/20,0,0,-5000,-5000
2014/06/23,0,0,0,0
2014/06/24,0,0,-9000,-9000
2014/06/25,0,0,-5000,-5000
2014/06/26,0,0,0,0
2014/06/27,0,0,0,0
2014/06/30,0,0,-21000,-21000
2014/07/01,0,0,0,0
2014/07/02,0,34212,0,34212
2014/07/03,0,0,0,0
2014/07/04,0,0,0,0
2014/07/07,0,0,0,0
2014/07/08,0,0,-4000,-4000
2014/07/09,0,0,0,0
2014/07/10,0,0,0,0
2014/07/11,0,203000,0,203000
2014/07/14,0,0,0,0
2014/07/15,0,0,-8000,-8000
2014/07/16,0,0,0,0
2014/07/17,0,22000,0,22000
2014/07/18,0,0,-203000,-203000
2014/07/21,0,0,0,0
2014/07/22,0,16000,0,16000
2014/07/23,0,0,0,0
2014/07/24,0,8000,0,8000
2014/07/25,0,168000,0,168000
2014/07/28,0,0,0,0
2014/07/29,0,5000,0,5000
2014/07/30,0,21000,-9000,12000
2014/07/31,0,32000,0,32000
2014/08/01,0,24000,0,24000
2014/08/04,0,0,0,0
2014/08/05,0,0,0,0
2014/08/06,0,7000,0,7000
2014/08/07,0,33000,0,33000
2014/08/08,0,44000,-163000,-119000
2014/08/11,0,14000,0,14000
2014/08/12,0,14000,0,14000
2014/08/13,0,6000,0,6000
2014/08/14,0,15000,0,15000
2014/08/15,0,8000,0,8000
2014/08/18,0,0,0,0
2014/08/19,0,6000,0,6000
2014/08/20,0,0,0,0
2014/08/21,0,345000,0,345000
2014/08/22,0,0,0,0
2014/08/25,0,0,0,0
2014/08/26,0,2000,0,2000
2014/08/27,0,1000,0,1000
2014/08/28,0,38000,0,38000
2014/08/29,0,1000,0,1000
2014/09/01,0,0,0,0
2014/09/02,0,0,0,0
2014/09/03,0,13000,0,13000
2014/09/04,0,14000,0,14000
2014/09/05,0,16000,0,16000
2014/09/09,0,0,0,0
2014/09/10,0,0,0,0
2014/09/11,0,25000,0,25000
2014/09/12,0,22000,0,22000
2014/09/15,0,9000,0,9000
2014/09/16,0,8000,0,8000
2014/09/17,0,11000,0,11000
2014/09/18,0,0,0,0
2014/09/19,0,1000,0,1000
2014/09/22,0,21000,-11036,9964
2014/09/23,0,143000,0,143000
2014/09/24,0,0,0,0
2014/09/25,0,0,0,0
2014/09/26,0,0,0,0
2014/09/29,0,0,0,0
2014/09/30,0,27000,0,27000
2014/10/01,0,0,0,0
2014/10/02,0,2000,0,2000
2014/10/03,0,0,0,0
2014/10/06,0,8000,0,8000
2014/10/07,0,2000,0,2000
2014/10/08,0,2000,0,2000
2014/10/09,0,0,0,0
2014/10/13,0,0,0,0
2014/10/14,0,1000,0,1000
2014/10/15,0,0,0,0
2014/10/16,0,0,0,0
2014/10/17,0,0,0,0
2014/10/20,0,0,0,0
2014/10/21,0,15000,0,15000
2014/10/22,0,0,0,0
2014/10/23,0,23000,0,23000
2014/10/24,0,0,0,0
2014/10/27,0,0,0,0
2014/10/28,0,0,0,0
2014/10/29,0,4000,0,4000
2014/10/30,0,0,0,0
2014/10/31,0,0,0,0
2014/11/03,0,0,-5000,-5000
2014/11/04,0,0,0,0
2014/11/05,0,0,0,0
2014/11/06,0,0,0,0
2014/11/07,0,0,0,0
2014/11/10,0,0,0,0
2014/11/11,0,25000,0,25000
2014/11/12,0,12000,0,12000
2014/11/13,0,0,0,0
2014/11/14,0,0,0,0
2014/11/17,0,0,0,0
2014/11/18,0,0,0,0
2014/11/19,0,0,0,0
2014/11/20,0,4000,0,4000
2014/11/21,0,0,0,0
2014/11/24,0,0,0,0
2014/11/25,0,2000,-2000,0
2014/11/26,0,0,-1000,-1000
2014/11/27,0,0,-7000,-7000
2014/11/28,0,0,0,0
2014/12/01,0,0,0,0
2014/12/02,0,0,0,0
2014/12/03,0,0,-15000,-15000
2014/12/04,0,0,0,0
2014/12/05,0,443000,0,443000
2014/12/08,0,0,0,0
2014/12/09,0,0,0,0
2014/12/10,0,0,0,0
2014/12/11,0,3524,0,3524
2014/12/12,0,0,0,0
2014/12/15,0,0,0,0
2014/12/16,0,24000,0,24000
2014/12/17,0,0,0,0
2014/12/18,0,0,0,0
2014/12/19,0,0,-18000,-18000
2014/12/22,0,0,0,0
2014/12/23,0,0,-1000,-1000
2014/12/24,0,0,0,0
2014/12/25,0,0,0,0
2014/12/26,0,0,0,0
2014/12/29,0,0,0,0
2014/12/30,0,0,0,0
2014/12/31,0,0,0,0
2015/01/01,0,0,0,0
2015/01/02,0,0,0,0
2015/01/05,0,0,0,0
2015/01/06,0,0,0,0
2015/01/07,0,0,-2000,-2000
2015/01/08,0,0,0,0
2015/01/09,0,0,0,0
2015/01/12,0,0,0,0
2015/01/13,0,0,0,0
2015/01/14,0,0,0,0
2015/01/15,0,0,0,0
2015/01/16,0,0,0,0
2015/01/19,0,0,0,0
2015/01/20,0,0,0,0
2015/01/21,0,0,0,0
2015/01/22,0,0,-3000,-3000
2015/01/23,0,0,0,0
2015/01/26,0,0,0,0
2015/01/27,0,0,0,0
2015/01/28,0,0,0,0
2015/01/29,0,0,0,0
2015/01/30,0,0,-34000,-34000
2015/02/02,0,0,0,0
2015/02/03,0,0,0,0
2015/02/04,0,0,0,0
2015/02/05,0,0,0,0
2015/02/06,0,0,0,0
2015/02/09,0,0,0,0
2015/02/10,0,0,0,0
2015/02/11,0,0,0,0
2015/02/12,0,0,0,0
2015/02/13,0,0,-26000,-26000
2015/02/16,0,0,0,0
2015/02/17,0,0,0,0
2015/02/18,0,0,0,0
2015/02/19,0,0,0,0
2015/02/20,0,0,0,0
2015/02/23,0,0,0,0
2015/02/24,0,0,0,0
2015/02/25,0,0,0,0
2015/02/26,0,0,-16000,-16000
2015/02/27,0,0,0,0
2015/03/02,0,0,0,0
2015/03/03,0,0,-5000,-5000
2015/03/04,0,0,-55000,-55000
2015/03/05,0,0,-9000,-9000
2015/03/06,0,0,0,0
2015/03/09,0,0,-12000,-12000
2015/03/10,0,0,0,0
2015/03/11,0,0,0,0
2015/03/12,0,1043,0,1043
2015/03/13,0,0,0,0
2015/03/16,0,2000,0,2000
2015/03/17,0,0,0,0
2015/03/18,0,0,0,0
2015/03/19,0,0,-7000,-7000
2015/03/20,0,0,-8000,-8000
2015/03/23,0,0,-6000,-6000
2015/03/24,0,0,-13000,-13000
2015/03/25,0,0,-4000,-4000
2015/03/26,0,0,0,0
2015/03/27,0,0,0,0
2015/03/30,0,0,0,0
2015/03/31,0,0,0,0
2015/04/01,0,0,0,0
2015/04/02,0,0,0,0
2015/04/03,0,0,0,0
2015/04/06,0,0,0,0
2015/04/07,0,0,0,0
2015/04/08,0,0,0,0
2015/04/09,0,0,0,0
2015/04/10,0,0,0,0
2015/04/13,0,0,0,0
2015/04/14,0,0,0,0
2015/04/15,0,0,-516000,-516000
2015/04/16,0,0,0,0
2015/04/17,0,0,0,0
2015/04/20,0,0,-3000,-3000
2015/04/21,0,0,0,0
2015/04/22,0,0,0,0
2015/04/23,0,0,0,0
2015/04/24,0,0,-2000,-2000
2015/04/27,0,0,0,0
2015/04/28,0,0,-5000,-5000
2015/04/29,0,0,-1000,-1000
2015/04/30,0,0,-2000,-2000
2015/05/01,0,0,0,0
2015/05/04,0,0,0,0
2015/05/05,0,0,0,0
2015/05/06,0,0,0,0
2015/05/07,0,0,0,0
2015/05/08,0,0,0,0
2015/05/11,0,3000,0,3000
2015/05/12,0,0,0,0
2015/05/13,0,0,0,0
2015/05/14,0,4000,0,4000
2015/05/15,0,0,0,0
2015/05/18,0,0,0,0
2015/05/19,0,0,0,0
2015/05/20,0,0,0,0
2015/05/21,0,0,0,0
2015/05/22,0,0,0,0
2015/05/25,0,0,0,0
2015/05/26,0,0,0,0
2015/05/27,0,0,0,0
2015/05/28,0,0,-292000,-292000
2015/05/29,0,0,-147342,-147342
2015/06/01,0,0,0,0
2015/06/02,0,0,0,0
2015/06/03,0,0,0,0
2015/06/04,0,5669,-1000,4669
2015/06/05,0,0,-3000,-3000
2015/06/08,0,0,0,0
2015/06/09,0,0,0,0
2015/06/10,0,0,0,0
2015/06/11,0,0,0,0
2015/06/12,0,0,0,0
2015/06/15,0,0,0,0
2015/06/16,0,0,0,0
2015/06/17,0,0,0,0
2015/06/18,0,0,-5000,-5000
2015/06/19,0,0,0,0
2015/06/22,0,0,-21000,-21000
2015/06/23,0,0,0,0
2015/06/24,0,0,0,0
2015/06/25,0,0,0,0
2015/06/26,0,0,0,0
2015/06/29,0,0,0,0
2015/06/30,0,0,0,0
2015/07/01,0,0,0,0
2015/07/02,0,0,0,0
2015/07/03,0,0,0,0
2015/07/06,0,0,0,0
2015/07/07,0,0,0,0
2015/07/08,0,0,0,0
2015/07/09,0,0,0,0
2015/07/10,0,0,0,0
2015/07/13,0,0,0,0
2015/07/14,0,0,0,0
2015/07/15,0,0,0,0
2015/07/16,0,0,0,0
2015/07/17,0,0,-154000,-154000
2015/07/20,0,0,0,0
2015/07/21,0,2000,0,2000
2015/07/22,0,0,0,0
2015/07/23,0,0,0,0
2015/07/24,0,0,0,0
2015/07/27,0,0,0,0
2015/07/28,0,0,0,0
2015/07/29,0,0,0,0
2015/07/30,0,0,0,0
2015/07/31,0,0,0,0
2015/08/03,0,0,0,0
2015/08/04,0,0,0,0
2015/08/05,0,0,0,0
2015/08/06,0,0,0,0
2015/08/07,0,2000,0,2000
2015/08/10,0,0,0,0
2015/08/11,0,0,0,0
2015/08/12,0,0,0,0
2015/08/13,0,0,0,0
2015/08/14,0,0,0,0
2015/08/17,0,0,0,0
2015/08/18,0,0,0,0
2015/08/19,0,0,0,0
2015/08/20,0,0,0,0
2015/08/21,0,0,0,0
2015/08/24,0,0,0,0
2015/08/25,0,0,-2161,-2161
2015/08/26,0,0,0,0
2015/08/27,0,0,0,0
2015/08/28,0,0,0,0
2015/08/31,0,1000,0,1000
2015/09/01,0,0,0,0
2015/09/02,0,0,0,0
2015/09/03,0,0,0,0
2015/09/04,0,0,-3000,-3000
2015/09/07,0,0,0,0
2015/09/08,0,0,0,0
2015/09/09,0,0,0,0
2015/09/10,0,0,0,0
2015/09/11,0,0,0,0
2015/09/14,0,0,0,0
2015/09/15,0,0,0,0
2015/09/16,0,0,0,0
2015/09/17,0,0,0,0
2015/09/18,0,0,-6000,-6000
2015/09/21,0,58000,0,58000
2015/09/22,0,0,-409,-409
2015/09/23,0,0,0,0
2015/09/24,0,0,0,0
2015/09/25,0,0,0,0
2015/09/28,0,0,0,0
2015/09/29,0,0,0,0
2015/09/30,0,0,0,0
2015/10/01,0,0,-1000,-1000
2015/10/02,0,6000,0,6000
2015/10/05,0,0,0,0
2015/10/06,0,0,0,0
2015/10/07,0,0,0,0
2015/10/08,0,0,0,0
2015/10/09,0,0,0,0
2015/10/12,0,0,0,0
2015/10/13,0,0,0,0
2015/10/14,0,0,0,0
2015/10/15,0,0,0,0
2015/10/16,0,0,0,0
2015/10/19,0,0,0,0
2015/10/20,0,0,0,0
2015/10/21,0,0,0,0
2015/10/22,0,0,0,0
2015/10/23,0,0,0,0
2015/10/26,0,0,0,0
2015/10/27,0,0,0,0
2015/10/28,0,0,0,0
2015/10/29,0,0,0,0
2015/10/30,0,0,0,0
2015/11/02,0,0,0,0
2015/11/03,0,0,0,0
2015/11/04,0,7000,-1000,6000
2015/11/05,0,0,0,0
2015/11/06,0,0,0,0
2015/11/09,0,0,0,0
2015/11/10,0,0,0,0
2015/11/11,0,0,0,0
2015/11/12,0,0,0,0
2015/11/13,0,0,0,0
2015/11/16,0,0,0,0
2015/11/17,0,0,0,0
2015/11/18,0,0,0,0
2015/11/19,0,0,0,0
2015/11/20,0,0,0,0
2015/11/23,0,0,0,0
2015/11/24,0,0,0,0
2015/11/25,0,0,0,0
2015/11/26,0,0,0,0
2015/11/27,0,0,0,0
2015/11/30,0,0,0,0
2015/12/01,0,0,0,0
2015/12/02,0,0,0,0
2015/12/03,0,0,0,0
2015/12/04,0,0,0,0
2015/12/07,0,0,0,0
2015/12/08,0,0,0,0
2015/12/09,0,0,0,0
2015/12/10,0,0,0,0
2015/12/11,0,0,0,0
2015/12/14,0,374,0,374
2015/12/15,0,0,0,0
2015/12/16,0,0,0,0
2015/12/17,0,0,0,0
2015/12/18,0,1000,0,1000
2015/12/21,0,0,0,0
2015/12/22,0,0,0,0
2015/12/23,0,0,0,0
2015/12/24,0,0,0,0
2015/12/25,0,0,0,0
2015/12/28,0,0,-17000,-17000
2015/12/29,0,0,-20000,-20000
2015/12/30,0,0,0,0
2015/12/31,0,0,0,0
2016/01/01,0,0,0,0
2016/01/04,0,0,0,0
2016/01/05,0,0,0,0
2016/01/06,0,0,0,0
2016/01/07,0,0,0,0
2016/01/08,0,0,0,0
2016/01/11,0,0,0,0
2016/01/12,0,0,-1000,-1000
2016/01/13,0,0,0,0
2016/01/14,0,0,0,0
2016/01/15,0,0,-2000,-2000
2016/01/18,0,0,0,0
2016/01/19,0,0,0,0
2016/01/20,0,0,-2000,-2000
2016/01/21,0,0,0,0
2016/01/22,0,0,0,0
2016/01/25,0,0,0,0
2016/01/26,0,0,0,0
2016/01/27,0,0,0,0
2016/01/28,0,0,0,0
2016/01/29,0,0,0,0
2016/02/01,0,0,0,0
2016/02/02,0,0,0,0
2016/02/03,0,0,0,0
2016/02/04,0,0,0,0
2016/02/05,0,0,0,0
2016/02/08,0,0,0,0
2016/02/09,0,0,0,0
2016/02/10,0,0,0,0
2016/02/11,0,0,0,0
2016/02/12,0,0,0,0
2016/02/15,0,1203,0,1203
2016/02/16,0,0,0,0
2016/02/17,0,0,0,0
2016/02/18,0,0,0,0
2016/02/19,0,0,-1000,-1000
2016/02/22,0,0,0,0
2016/02/23,0,0,0,0
2016/02/24,0,0,0,0
2016/02/25,0,0,0,0
2016/02/26,0,0,0,0
2016/02/29,0,0,0,0
2016/03/01,0,0,0,0
2016/03/02,0,0,-4000,-4000
2016/03/03,0,0,0,0
2016/03/04,0,0,0,0
2016/03/07,0,0,0,0
2016/03/08,0,0,-1000,-1000
2016/03/09,0,0,0,0
2016/03/10,0,0,0,0
2016/03/11,0,0,0,0
2016/03/14,0,0,0,0
2016/03/15,0,0,0,0
2016/03/16,0,0,0,0
2016/03/17,0,0,0,0
2016/03/18,0,0,-1000,-1000
2016/03/21,0,0,0,0
2016/03/22,0,0,0,0
2016/03/23,0,0,0,0
2016/03/24,0,0,0,0
2016/03/25,0,0,0,0
2016/03/28,0,0,0,0
2016/03/29,0,0,0,0
2016/03/30,0,0,0,0
2016/03/31,0,0,0,0
2016/04/01,0,0,0,0
2016/04/04,0,0,0,0
2016/04/05,0,0,0,0
2016/04/06,0,0,0,0
2016/04/07,0,0,0,0
2016/04/08,0,0,0,0
2016/04/11,0,0,0,0
2016/04/12,0,1000,0,1000
2016/04/13,0,0,0,0
2016/04/14,0,0,0,0
2016/04/15,0,0,-32000,-32000
2016/04/18,0,0,0,0
2016/04/19,0,0,0,0
2016/04/20,0,0,-2000,-2000
2016/04/21,0,0,0,0
2016/04/22,0,0,0,0
2016/04/25,0,0,-2000,-2000
2016/04/26,0,0,0,0
2016/04/27,0,0,0,0
2016/04/28,0,0,0,0
2016/04/29,0,0,0,0
2016/05/02,0,0,0,0
2016/05/03,0,0,0,0
2016/05/04,0,0,0,0
2016/05/05,0,1000000,0,1000000
2016/05/06,0,1500000,0,1500000
2016/05/09,0,800000,0,800000
2016/05/10,0,0,-8179,-8179
2016/05/11,0,0,0,0
2016/05/12,0,0,0,0
2016/05/13,0,178000,0,178000
2016/05/16,0,0,0,0
2016/05/17,0,0,0,0
2016/05/18,0,0,0,0
2016/05/19,0,0,0,0
2016/05/20,0,0,0,0
2016/05/23,0,0,0,0
2016/05/24,0,700000,0,700000
2016/05/25,0,0,0,0
2016/05/26,0,2000,0,2000
2016/05/27,0,0,0,0
2016/05/30,0,0,0,0
2016/05/31,0,0,0,0
2016/06/01,0,76000,0,76000
2016/06/02,0,0,0,0
2016/06/03,0,0,-178000,-178000
2016/06/06,0,0,0,0
2016/06/07,0,0,0,0
2016/06/08,0,0,0,0
2016/06/09,0,0,0,0
2016/06/10,0,0,0,0
2016/06/13,0,0,0,0
2016/06/14,0,0,0,0
2016/06/15,0,0,0,0
2016/06/16,0,0,-274000,-274000
2016/06/17,0,14000,0,14000
2016/06/20,0,0,0,0
2016/06/21,0,0,0,0
2016/06/22,0,0,0,0
2016/06/23,0,0,0,0
2016/06/24,0,0,0,0
2016/06/27,0,0,0,0
2016/06/28,0,7000,0,7000
2016/06/29,0,9000,0,9000
2016/06/30,0,0,0,0
2016/07/01,0,0,-85000,-85000
2016/07/04,0,0,0,0
2016/07/05,0,0,0,0
2016/07/06,0,0,0,0
2016/07/07,0,0,0,0
2016/07/08,0,0,0,0
2016/07/11,0,190000,0,190000
2016/07/12,0,0,0,0
2016/07/13,0,0,0,0
2016/07/14,0,1000,0,1000
2016/07/15,0,0,0,0
2016/07/18,0,0,0,0
2016/07/19,0,0,-2000,-2000
2016/07/20,0,0,0,0
2016/07/21,0,0,-4000,-4000
2016/07/22,0,1000,0,1000
2016/07/25,0,0,0,0
2016/07/26,0,0,0,0
2016/07/27,0,0,0,0
2016/07/28,0,0,0,0
2016/07/29,0,11398,0,11398
2016/08/01,0,0,0,0
2016/08/02,0,0,0,0
2016/08/03,0,0,0,0
2016/08/04,0,0,-5000,-5000
2016/08/05,0,162000,0,162000
2016/08/08,0,0,-1000,-1000
2016/08/09,0,0,-1000,-1000
2016/08/10,0,0,0,0
2016/08/11,0,1000,0,1000
2016/08/12,0,0,0,0
2016/08/15,0,0,0,0
2016/08/16,0,0,-3482000,-3482000
2016/08/17,0,0,0,0
2016/08/18,0,0,-100000,-100000
2016/08/19,0,0,0,0
2016/08/22,0,0,0,0
2016/08/23,0,0,-14000,-14000
2016/08/24,0,0,0,0
2016/08/25,0,0,0,0
2016/08/26,0,0,0,0
2016/08/29,0,0,0,0
2016/08/30,0,0,0,0
2016/08/31,0,0,0,0
2016/09/01,0,0,0,0
2016/09/02,0,0,-162000,-162000
2016/09/05,0,315000,0,315000
2016/09/06,0,0,0,0
2016/09/07,0,290000,0,290000
2016/09/08,0,0,0,0
2016/09/09,0,600000,0,600000
2016/09/12,0,0,0,0
2016/09/13,0,0,0,0
2016/09/14,0,0,-2000,-2000
2016/09/15,0,0,0,0
2016/09/16,0,0,0,0
2016/09/19,0,0,0,0
2016/09/20,0,0,0,0
2016/09/21,0,0,0,0
2016/09/22,0,1128000,0,1128000
2016/09/23,0,0,0,0
2016/09/26,0,0,0,0
2016/09/27,0,0,0,0
2016/09/28,0,0,0,0
2016/09/29,0,0,0,0
2016/09/30,0,0,-6766,-6766
2016/10/03,0,0,0,0
2016/10/04,0,0,0,0
2016/10/05,0,0,0,0
2016/10/06,0,0,0,0
2016/10/07,0,1000,0,1000
2016/10/10,0,0,0,0
2016/10/11,0,0,0,0
2016/10/12,0,0,0,0
2016/10/13,0,0,0,0
2016/10/14,0,0,0,0
2016/10/17,0,0,0,0
2016/10/18,0,0,0,0
2016/10/19,0,0,0,0
2016/10/20,0,145000,0,145000
2016/10/21,0,135000,-146000,-11000
2016/10/24,0,0,0,0
2016/10/25,0,1000000,0,1000000
2016/10/26,0,1200000,0,1200000
2016/10/27,0,0,0,0
2016/10/28,0,142000,0,142000
2016/10/31,0,0,0,0
2016/11/01,0,0,0,0
2016/11/02,0,853,0,853
2016/11/03,0,0,-1028000,-1028000
2016/11/04,0,0,0,0
2016/11/07,0,0,0,0
2016/11/08,0,0,0,0
2016/11/09,0,0,0,0
2016/11/10,0,0,0,0
2016/11/11,0,0,0,0
2016/11/14,0,1598000,0,1598000
2016/11/15,0,1615000,0,1615000
2016/11/16,0,1866000,0,1866000
2016/11/17,0,500000,0,500000
2016/11/18,0,0,0,0
2016/11/21,0,2515000,0,2515000
2016/11/22,0,1095000,0,1095000
2016/11/23,0,1300000,0,1300000
2016/11/24,0,0,0,0
2016/11/25,0,0,0,0
2016/11/28,0,91000,0,91000
2016/11/29,0,872000,-500000,372000
2016/11/30,0,0,0,0
2016/12/01,0,72000,-300000,-228000
2016/12/02,0,0,-950000,-950000
2016/12/05,0,34000,-300000,-266000
2016/12/06,0,0,0,0
2016/12/07,0,0,0,0
2016/12/08,0,0,-2650000,-2650000
2016/12/09,0,0,0,0
2016/12/12,0,0,0,0
2016/12/13,0,0,0,0
2016/12/14,0,0,0,0
2016/12/15,0,0,0,0
2016/12/16,0,0,-24000,-24000
2016/12/19,0,0,-3601000,-3601000
2016/12/20,0,0,-1051000,-1051000
2016/12/21,0,0,0,0
2016/12/22,0,0,-193500,-193500
2016/12/23,0,0,-193500,-193500
2016/12/26,0,0,0,0
2016/12/27,0,0,0,0
2016/12/28,0,0,0,0
2016/12/29,0,0,0,0
2016/12/30,0,0,0,0
2017/01/02,0,0,0,0
2017/01/03,0,0,-2817000,-2817000
2017/01/04,0,0,0,0
2017/01/05,0,0,-108000,-108000
2017/01/06,0,0,-124000,-124000
2017/01/09,0,0,0,0
2017/01/10,0,0,0,0
2017/01/11,0,0,0,0
2017/01/12,0,0,0,0
2017/01/13,0,0,0,0
2017/01/16,0,0,0,0
2017/01/17,0,0,0,0
2017/01/18,0,0,0,0
2017/01/19,0,0,0,0
2017/01/20,0,0,0,0
2017/01/23,0,23,0,23
2017/01/24,0,0,0,0
2017/01/25,0,0,0,0
2017/01/26,0,0,0,0
2017/01/27,0,0,0,0
2017/01/30,0,0,0,0
2017/01/31,0,0,0,0
2017/02/01,0,0,0,0
2017/02/02,0,4165000,0,4165000
2017/02/03,0,1083000,0,1083000
2017/02/06,0,845000,0,845000
2017/02/07,0,0,0,0
2017/02/08,0,300000,0,300000
2017/02/09,0,1440000,0,1440000
2017/02/10,0,800000,0,800000
2017/02/13,0,300000,0,300000
2017/02/14,0,2126000,0,2126000
2017/02/15,0,300000,0,300000
2017/02/16,0,0,0,0
2017/02/17,0,972000,0,972000
2017/02/20,0,0,0,0
2017/02/21,0,0,0,0
2017/02/22,0,0,0,0
2017/02/23,0,300000,0,300000
2017/02/24,0,350000,0,350000
2017/02/27,0,0,0,0
2017/02/28,0,0,0,0
2017/03/01,0,100000,0,100000
2017/03/02,0,100000,0,100000
2017/03/03,0,150000,0,150000
2017/03/06,0,3885000,-437000,3448000
2017/03/07,0,1388000,-288000,1100000
2017/03/08,0,0,-333000,-333000
2017/03/09,0,300000,-1489000,-1189000
2017/03/10,0,0,-370000,-370000
2017/03/13,0,185000,0,185000
2017/03/14,0,0,0,0
2017/03/15,0,0,0,0
2017/03/16,0,0,0,0
2017/03/17,0,0,-27000,-27000
2017/03/20,0,147000,0,147000
2017/03/21,0,148000,0,148000
2017/03/22,0,0,0,0
2017/03/23,0,0,0,0
2017/03/24,0,0,0,0
2017/03/27,0,0,-300000,-300000
2017/03/28,0,0,-4205000,-4205000
2017/03/29,0,0,-1174000,-1174000
2017/03/30,0,0,0,0
2017/03/31,0,0,-300000,-300000
2017/04/03,0,0,0,0
2017/04/04,0,0,0,0
2017/04/05,0,0,-300000,-300000
2017/04/06,0,0,0,0
2017/04/07,0,0,0,0
2017/04/10,0,100000,0,100000
2017/04/11,0,200000,-200000,0
2017/04/12,0,0,-400000,-400000
2017/04/13,0,0,-400000,-400000
2017/04/14,0,0,-1020000,-1020000
2017/04/17,0,0,-400000,-400000
2017/04/18,0,0,-1357000,-1357000
2017/04/19,0,0,-1879000,-1879000
2017/04/20,0,0,0,0
2017/04/21,0,163000,0,163000
2017/04/24,0,0,0,0
2017/04/25,0,78000,-519,77481
2017/04/26,0,0,0,0
2017/04/27,0,0,0,0
2017/04/28,0,0,0,0
2017/05/01,0,0,0,0
2017/05/02,0,0,0,0
2017/05/03,0,0,0,0
2017/05/04,0,0,0,0
2017/05/05,0,0,-1224000,-1224000
2017/05/08,0,0,-784000,-784000
2017/05/09,0,0,-1100000,-1100000
2017/05/10,0,0,0,0
2017/05/11,0,51000,0,51000
2017/05/12,0,0,0,0
2017/05/15,0,0,0,0
2017/05/16,0,0,0,0
2017/05/17,0,0,0,0
2017/05/18,0,0,-650000,-650000
2017/05/19,0,0,0,0
2017/05/22,0,0,0,0
2017/05/23,0,0,0,0
2017/05/24,0,0,0,0
2017/05/25,0,53000,0,53000
2017/05/26,0,0,0,0
2017/05/29,0,0,0,0
2017/05/30,0,0,0,0
2017/05/31,0,0,0,0
2017/06/01,0,0,0,0
2017/06/02,0,0,0,0
2017/06/05,0,0,-181000,-181000
2017/06/06,0,0,-51000,-51000
2017/06/07,0,0,-2201000,-2201000
2017/06/08,0,0,-411000,-411000
2017/06/09,0,0,0,0
2017/06/12,0,0,-174000,-174000
2017/06/13,0,0,0,0
2017/06/14,0,0,0,0
2017/06/15,0,0,0,0
2017/06/16,0,0,-16000,-16000
2017/06/19,0,0,0,0
2017/06/20,0,2000,0,2000
2017/06/21,0,0,0,0
2017/06/22,0,0,0,0
2017/06/23,0,0,0,0
2017/06/26,0,88000,0,88000
2017/06/27,0,0,0,0
2017/06/28,0,0,0,0
2017/06/29,0,0,0,0
2017/06/30,0,0,0,0
2017/07/03,0,0,0,0
2017/07/04,0,0,0,0
2017/07/05,0,0,0,0
2017/07/06,0,0,0,0
2017/07/07,0,0,0,0
2017/07/10,0,0,0,0
2017/07/11,0,0,0,0
2017/07/12,0,0,0,0
2017/07/13,0,0,0,0
2017/07/14,0,0,0,0
2017/07/17,0,983,0,983
2017/07/18,0,508000,0,508000
2017/07/19,0,0,0,0
2017/07/20,0,0,0,0
2017/07/21,0,438000,0,438000
2017/07/24,0,0,0,0
2017/07/25,0,1000,0,1000
2017/07/26,0,1457000,0,1457000
2017/07/27,0,0,-300000,-300000
2017/07/28,0,0,0,0
2017/07/31,0,171000,-654000,-483000
2017/08/01,0,0,-9000,-9000
2017/08/02,0,87000,-6000,81000
2017/08/03,0,0,0,0
2017/08/04,0,9000,0,9000
2017/08/07,0,0,0,0
2017/08/08,0,0,-4000,-4000
2017/08/09,0,1000000,0,1000000
2017/08/10,0,300000,0,300000
2017/08/11,0,302000,0,302000
2017/08/14,0,100000,0,100000
2017/08/15,0,0,-1000,-1000
2017/08/16,0,100000,0,100000
2017/08/17,0,350000,0,350000
2017/08/18,0,50000,0,50000
