Date,Open,Buy,Sell,Total
2007/01/02,0,54000,-144000,-90000
2007/01/03,0,133000,-60000,73000
2007/01/04,0,119000,-110000,9000
2007/01/05,0,132000,-20000,112000
2007/01/08,0,0,-24150,-24150
2007/01/09,0,0,-10000,-10000
2007/01/10,0,53000,-21000,32000
2007/01/11,0,157000,-100000,57000
2007/01/12,0,114000,-55000,59000
2007/01/15,0,50000,-45000,5000
2007/01/16,0,111000,-35000,76000
2007/01/17,0,119000,-196000,-77000
2007/01/18,0,50000,-137000,-87000
2007/01/19,0,162000,0,162000
2007/01/22,0,85000,-16000,69000
2007/01/23,0,1000,-30000,-29000
2007/01/24,0,14000,-45000,-31000
2007/01/25,0,13000,-12000,1000
2007/01/26,0,22000,-14000,8000
2007/01/29,0,7000,0,7000
2007/01/30,0,13000,-500,12500
2007/01/31,0,324000,-3000,321000
2007/02/01,0,17000,0,17000
2007/02/02,0,82000,0,82000
2007/02/05,0,0,-14000,-14000
2007/02/06,0,22000,-3000,19000
2007/02/07,0,0,0,0
2007/02/08,0,0,-20000,-20000
2007/02/09,0,209000,-18000,191000
2007/02/12,0,0,-71000,-71000
2007/02/13,0,135000,0,135000
2007/02/14,0,27000,0,27000
2007/02/15,0,0,0,0
2007/02/16,0,0,0,0
2007/02/19,0,0,0,0
2007/02/20,0,0,0,0
2007/02/21,0,0,0,0
2007/02/22,0,0,0,0
2007/02/23,0,0,0,0
2007/02/26,0,13000,-297000,-284000
2007/02/27,0,15000,-200000,-185000
2007/02/28,0,0,0,0
2007/03/01,0,1000,-375000,-374000
2007/03/02,0,2000,-25000,-23000
2007/03/05,0,35000,0,35000
2007/03/06,0,23000,-43000,-20000
2007/03/07,0,34000,-72000,-38000
2007/03/08,0,83000,-5000,78000
2007/03/09,0,5000,-6000,-1000
2007/03/12,0,69000,-7000,62000
2007/03/13,0,28000,-60000,-32000
2007/03/14,0,3000,-5000,-2000
2007/03/15,0,9000,0,9000
2007/03/16,0,0,0,0
2007/03/19,0,0,-6000,-6000
2007/03/20,0,32000,0,32000
2007/03/21,0,4000,-1000,3000
2007/03/22,0,44000,0,44000
2007/03/23,0,10000,0,10000
2007/03/26,0,539000,-2000,537000
2007/03/27,0,202000,-45000,157000
2007/03/28,0,0,0,0
2007/03/29,0,103000,0,103000
2007/03/30,0,20000,0,20000
2007/04/02,0,190000,-37000,153000
2007/04/03,0,0,-18000,-18000
2007/04/04,0,83000,-13000,70000
2007/04/05,0,0,0,0
2007/04/06,0,0,0,0
2007/04/09,0,17000,0,17000
2007/04/10,0,68000,-44000,24000
2007/04/11,0,229000,-41000,188000
2007/04/12,0,267000,-21000,246000
2007/04/13,0,5000,-63000,-58000
2007/04/16,0,22000,-37000,-15000
2007/04/17,0,3000,-22000,-19000
2007/04/18,0,52000,-2000,50000
2007/04/19,0,50000,-181000,-131000
2007/04/20,0,2000,-3000,-1000
2007/04/23,0,37000,-29000,8000
2007/04/24,0,62000,0,62000
2007/04/25,0,1000,-43000,-42000
2007/04/26,0,25000,-2000,23000
2007/04/27,0,15000,-83000,-68000
2007/04/30,0,16000,-33000,-17000
2007/05/01,0,0,0,0
2007/05/02,0,24000,-27000,-3000
2007/05/03,0,27000,-163000,-136000
2007/05/04,0,230000,-56000,174000
2007/05/07,0,1000,-46000,-45000
2007/05/08,0,1000,-12000,-11000
2007/05/09,0,0,-45000,-45000
2007/05/10,0,0,-8000,-8000
2007/05/11,0,111000,-99000,12000
2007/05/14,0,2000,-77000,-75000
2007/05/15,0,0,-56000,-56000
2007/05/16,0,8000,-43000,-35000
2007/05/17,0,81000,-149000,-68000
2007/05/18,0,5000,-23000,-18000
2007/05/21,0,16000,-10000,6000
2007/05/22,0,0,-2000,-2000
2007/05/23,0,11000,-2000,9000
2007/05/24,0,29000,0,29000
2007/05/25,0,101000,-1000,100000
2007/05/28,0,8000,-83000,-75000
2007/05/29,0,33000,-29000,4000
2007/05/30,0,22000,-16000,6000
2007/05/31,0,31000,-4000,27000
2007/06/01,0,5000,0,5000
2007/06/04,0,26000,-30000,-4000
2007/06/05,0,0,-55000,-55000
2007/06/06,0,50000,-11000,39000
2007/06/07,0,76000,-96500,-20500
2007/06/08,0,31000,-4000,27000
2007/06/11,0,0,-38000,-38000
2007/06/12,0,36000,-9000,27000
2007/06/13,0,0,0,0
2007/06/14,0,10000,-6000,4000
2007/06/15,0,82000,-1000,81000
2007/06/18,0,0,0,0
2007/06/19,0,0,0,0
2007/06/20,0,101000,-149000,-48000
2007/06/21,0,419000,-80000,339000
2007/06/22,0,159000,-7000,152000
2007/06/25,0,258000,-5000,253000
2007/06/26,0,52000,-10000,42000
2007/06/27,0,19000,0,19000
2007/06/28,0,18000,-7000,11000
2007/06/29,0,35000,-10000,25000
2007/07/02,0,36000,-1000,35000
2007/07/03,0,45000,0,45000
2007/07/04,0,82000,-2000,80000
2007/07/05,0,50000,-4000,46000
2007/07/06,0,11000,-12000,-1000
2007/07/09,0,63000,-38000,25000
2007/07/10,0,0,0,0
2007/07/11,0,3497000,-16000,3481000
2007/07/12,0,4094000,-38000,4056000
2007/07/13,0,0,-7286000,-7286000
2007/07/16,0,23000,-610000,-587000
2007/07/17,0,112000,-77000,35000
2007/07/18,0,311000,-41000,270000
2007/07/19,0,133000,-279000,-146000
2007/07/20,0,53000,-20000,33000
2007/07/23,0,46000,-42000,4000
2007/07/24,0,466000,-76000,390000
2007/07/25,0,131000,-325000,-194000
2007/07/26,0,272000,-46000,226000
2007/07/27,0,272000,-100000,172000
2007/07/30,0,39000,-406000,-367000
2007/07/31,0,88000,-402000,-314000
2007/08/01,0,47000,-497000,-450000
2007/08/02,0,27000,-198000,-171000
2007/08/03,0,23000,-154000,-131000
2007/08/06,0,23000,-64000,-41000
2007/08/07,0,43000,-28000,15000
2007/08/08,0,146000,-51000,95000
2007/08/09,0,232000,-21000,211000
2007/08/10,0,72000,-133000,-61000
2007/08/13,0,108000,-100000,8000
2007/08/14,0,180000,-76400,103600
2007/08/15,0,75000,-76000,-1000
2007/08/16,0,46000,-78000,-32000
2007/08/17,0,91000,-23000,68000
2007/08/20,0,18000,-500000,-482000
2007/08/21,0,67000,-26000,41000
2007/08/22,0,4000,0,4000
2007/08/23,0,10000,-1000,9000
2007/08/24,0,17000,0,17000
2007/08/27,0,10000,-4000,6000
2007/08/28,0,41000,-5000,36000
2007/08/29,0,37000,-7000,30000
2007/08/30,0,17000,-9000,8000
2007/08/31,0,608000,0,608000
2007/09/03,0,1840000,-610000,1230000
2007/09/04,0,150000,-98000,52000
2007/09/05,0,0,-527000,-527000
2007/09/06,0,3000,-44000,-41000
2007/09/07,0,14000,-92000,-78000
2007/09/10,0,78000,-191000,-113000
2007/09/11,0,69000,-98000,-29000
2007/09/12,0,38000,-27000,11000
2007/09/13,0,345000,-92000,253000
2007/09/14,0,95000,-57000,38000
2007/09/17,0,17000,-56000,-39000
2007/09/18,0,0,0,0
2007/09/19,0,18000,-2000,16000
2007/09/20,0,151000,-301000,-150000
2007/09/21,0,90000,0,90000
2007/09/24,0,0,0,0
2007/09/25,0,0,0,0
2007/09/26,0,86000,0,86000
2007/09/27,0,146000,-27000,119000
2007/09/28,0,89000,-98000,-9000
2007/10/01,0,24000,-28000,-4000
2007/10/02,0,36000,-41000,-5000
2007/10/03,0,72000,-19092,52908
2007/10/04,0,176000,-45000,131000
2007/10/05,0,177000,-47000,130000
2007/10/08,0,16000,-60000,-44000
2007/10/09,0,84000,-13000,71000
2007/10/10,0,0,0,0
2007/10/11,0,108000,0,108000
2007/10/12,0,88000,-207000,-119000
2007/10/15,0,45000,-34000,11000
2007/10/16,0,0,0,0
2007/10/17,0,0,-415000,-415000
2007/10/18,0,4000,-347000,-343000
2007/10/19,0,4000,-115000,-111000
2007/10/22,0,149000,-75000,74000
2007/10/23,0,11000,-34000,-23000
2007/10/24,0,16000,-21000,-5000
2007/10/25,0,34000,0,34000
2007/10/26,0,52000,0,52000
2007/10/29,0,104000,-209000,-105000
2007/10/30,0,42000,-2000,40000
2007/10/31,0,473000,-144000,329000
2007/11/01,0,692000,-27000,665000
2007/11/02,0,448000,-110000,338000
2007/11/05,0,45000,-98000,-53000
2007/11/06,0,26000,-73080,-47080
2007/11/07,0,1000,-42000,-41000
2007/11/08,0,29000,-128000,-99000
2007/11/09,0,78000,-9000,69000
2007/11/12,0,80000,-186000,-106000
2007/11/13,0,184000,-36000,148000
2007/11/14,0,1257000,-71000,1186000
2007/11/15,0,1529000,-139000,1390000
2007/11/16,0,265000,-166000,99000
2007/11/19,0,19000,-161000,-142000
2007/11/20,0,85000,-549000,-464000
2007/11/21,0,620000,-222000,398000
2007/11/22,0,41000,-13000,28000
2007/11/23,0,15000,-644000,-629000
2007/11/26,0,119000,-1000,118000
2007/11/27,0,74000,-7000,67000
2007/11/28,0,9000,-5640,3360
2007/11/29,0,48000,0,48000
2007/11/30,0,354000,-15000,339000
2007/12/03,0,1765330,-83000,1682330
2007/12/04,0,0,-240000,-240000
2007/12/05,0,145000,-67000,78000
2007/12/06,0,17000,-1000,16000
2007/12/07,0,23000,-39592,-16592
2007/12/10,0,38000,-30000,8000
2007/12/11,0,461000,-1000,460000
2007/12/12,0,1228000,-5000,1223000
2007/12/13,0,1877000,-2082500,-205500
2007/12/14,0,3947000,-204000,3743000
2007/12/17,0,59000,-243000,-184000
2007/12/18,0,23000,-35000,-12000
2007/12/19,0,10000,-61000,-51000
2007/12/20,0,4000,-71000,-67000
2007/12/21,0,7000,-12000,-5000
2007/12/24,0,22000,-5000,17000
2007/12/25,0,86000,-11000,75000
2007/12/26,0,42000,-20000,22000
2007/12/27,0,49000,-41000,8000
2007/12/28,0,37000,-55000,-18000
2007/12/31,0,5000,-24000,-19000
2008/01/01,0,0,0,0
2008/01/02,0,0,-92100,-92100
2008/01/03,0,1080000,-31000,1049000
2008/01/04,0,29000,-84000,-55000
2008/01/07,0,78000,-17000,61000
2008/01/08,0,23000,-3000,20000
2008/01/09,0,77000,-61000,16000
2008/01/10,0,94000,-43000,51000
2008/01/11,0,51000,-30000,21000
2008/01/14,0,73000,-9000,64000
2008/01/15,0,205000,-73000,132000
2008/01/16,0,100000,-239182,-139182
2008/01/17,0,129000,-105000,24000
2008/01/18,0,85000,-85000,0
2008/01/21,0,63000,-37000,26000
2008/01/22,0,30000,-82000,-52000
2008/01/23,0,155000,-75000,80000
2008/01/24,0,135000,-76000,59000
2008/01/25,0,154000,-22260,131740
2008/01/28,0,684000,-60000,624000
2008/01/29,0,142000,-11000,131000
2008/01/30,0,126000,-47000,79000
2008/01/31,0,325000,-5000,320000
2008/02/01,0,1153000,-48000,1105000
2008/02/04,0,0,0,0
2008/02/05,0,0,0,0
2008/02/06,0,0,0,0
2008/02/07,0,0,0,0
2008/02/08,0,0,0,0
2008/02/11,0,0,0,0
2008/02/12,0,335000,-129000,206000
2008/02/13,0,43000,-55000,-12000
2008/02/14,0,209000,0,209000
2008/02/15,0,169000,-21000,148000
2008/02/18,0,134000,0,134000
2008/02/19,0,111000,-51000,60000
2008/02/20,0,28000,-122000,-94000
2008/02/21,0,139000,-72000,67000
2008/02/22,0,4000,-52000,-48000
2008/02/25,0,54000,-52000,2000
2008/02/26,0,54000,-20000,34000
2008/02/27,0,34000,-4000,30000
2008/02/28,0,0,0,0
2008/02/29,0,1369000,-5000,1364000
2008/03/03,0,72000,-85000,-13000
2008/03/04,0,238000,-6000,232000
2008/03/05,0,376000,-52000,324000
2008/03/06,0,211000,-125000,86000
2008/03/07,0,197000,-40000,157000
2008/03/10,0,251708,-103000,148708
2008/03/11,0,355100,-167150,187950
2008/03/12,0,171000,-71000,100000
2008/03/13,0,8000,-51000,-43000
2008/03/14,0,7000,-85000,-78000
2008/03/17,0,13000,-525000,-512000
2008/03/18,0,4000,-136000,-132000
2008/03/19,0,37000,-6000,31000
2008/03/20,0,224000,-233000,-9000
2008/03/21,0,272000,-5000,267000
2008/03/24,0,423000,-84000,339000
2008/03/25,0,412000,-6390,405610
2008/03/26,0,11000,-5000,6000
2008/03/27,0,180000,-11000,169000
2008/03/28,0,0,0,0
2008/03/31,0,198000,-139000,59000
2008/04/01,0,175016,-67000,108016
2008/04/02,0,229000,-72000,157000
2008/04/03,0,4000,-63000,-59000
2008/04/04,0,0,0,0
2008/04/07,0,48000,-7000,41000
2008/04/08,0,0,-180000,-180000
2008/04/09,0,54000,-165000,-111000
2008/04/10,0,0,-825000,-825000
2008/04/11,0,100000,-205000,-105000
2008/04/14,0,4000,-122000,-118000
2008/04/15,0,127000,-544000,-417000
2008/04/16,0,95000,-891000,-796000
2008/04/17,0,245000,-416000,-171000
2008/04/18,0,57000,-250000,-193000
2008/04/21,0,151000,-214000,-63000
2008/04/22,0,70000,-6000,64000
2008/04/23,0,236000,-240715,-4715
2008/04/24,0,53001,-213000,-159999
2008/04/25,0,2000,-83000,-81000
2008/04/28,0,0,-7000,-7000
2008/04/29,0,112000,-513000,-401000
2008/04/30,0,193000,-290862,-97862
2008/05/01,0,0,0,0
2008/05/02,0,58000,-525000,-467000
2008/05/05,0,75000,-883569,-808569
2008/05/06,0,193000,-723000,-530000
2008/05/07,0,16000,-418000,-402000
2008/05/08,0,8000,-134000,-126000
2008/05/09,0,55000,-553415,-498415
2008/05/12,0,12000,-8000,4000
2008/05/13,0,48000,-148000,-100000
2008/05/14,0,15000,-37000,-22000
2008/05/15,0,88000,-2281,85719
2008/05/16,0,2824000,-43000,2781000
2008/05/19,0,597000,-1000,596000
2008/05/20,0,701000,-33000,668000
2008/05/21,0,297000,-377000,-80000
2008/05/22,0,206000,-332000,-126000
2008/05/23,0,95000,-46000,49000
2008/05/26,0,115000,-3000,112000
2008/05/27,0,2000,-120000,-118000
2008/05/28,0,37000,-358000,-321000
2008/05/29,0,29000,-693760,-664760
2008/05/30,0,125000,-27000,98000
2008/06/02,0,55000,-205000,-150000
2008/06/03,0,12000,-48000,-36000
2008/06/04,0,11000,-21000,-10000
2008/06/05,0,110000,-158000,-48000
2008/06/06,0,18000,-144000,-126000
2008/06/09,0,8000,-128000,-120000
2008/06/10,0,7000,-447363,-440363
2008/06/11,0,12000,-15000,-3000
2008/06/12,0,6000,-260000,-254000
2008/06/13,0,864000,-617704,246296
2008/06/16,0,47000,-92000,-45000
2008/06/17,0,48000,-86000,-38000
2008/06/18,0,11000,-136000,-125000
2008/06/19,0,5000,-259000,-254000
2008/06/20,0,131000,-420000,-289000
2008/06/23,0,256000,0,256000
2008/06/24,0,22000,-52981,-30981
2008/06/25,0,178000,-20000,158000
2008/06/26,0,82000,-3000,79000
2008/06/27,0,26000,-54000,-28000
2008/06/30,0,323000,-18000,305000
2008/07/01,0,254000,-11000,243000
2008/07/02,0,152000,-11000,141000
2008/07/03,0,114000,-93000,21000
2008/07/04,0,97000,-183000,-86000
2008/07/07,0,72000,-62808,9192
2008/07/08,0,20000,-395000,-375000
2008/07/09,0,58000,-152744,-94744
2008/07/10,0,322000,-18242,303758
2008/07/11,0,247000,-834666,-587666
2008/07/14,0,209000,-240000,-31000
2008/07/15,0,20000,-282000,-262000
2008/07/16,0,512000,-86000,426000
2008/07/17,0,262000,-246000,16000
2008/07/18,0,843000,-226000,617000
2008/07/21,0,215000,-187000,28000
2008/07/22,0,121000,-192000,-71000
2008/07/23,0,425000,-183005,241995
2008/07/24,0,192000,-700000,-508000
2008/07/25,0,603000,-325000,278000
2008/07/28,0,0,0,0
2008/07/29,0,49000,-113000,-64000
2008/07/30,0,12000,-158000,-146000
2008/07/31,0,427000,-424000,3000
2008/08/01,0,147000,-7000,140000
2008/08/04,0,64000,-86000,-22000
2008/08/05,0,55000,-160000,-105000
2008/08/06,0,226000,-425000,-199000
2008/08/07,0,1084000,-571000,513000
2008/08/08,0,668000,-231000,437000
2008/08/11,0,25000,-935000,-910000
2008/08/12,0,11000,-330000,-319000
2008/08/13,0,68000,-5000,63000
2008/08/14,0,81000,-52000,29000
2008/08/15,0,0,-113000,-113000
2008/08/18,0,52000,-476730,-424730
2008/08/19,0,109000,-350811,-241811
2008/08/20,0,74000,-522055,-448055
2008/08/21,0,3000,-383667,-380667
2008/08/22,0,29000,-87000,-58000
2008/08/25,0,60000,-26000,34000
2008/08/26,0,51000,-22000,29000
2008/08/27,0,159000,-253015,-94015
2008/08/28,0,8000,-78000,-70000
2008/08/29,0,122000,-69000,53000
2008/09/01,0,9000,-108000,-99000
2008/09/02,0,46000,-139000,-93000
2008/09/03,0,20000,-44000,-24000
2008/09/04,0,51000,-51000,0
2008/09/05,0,107000,-101000,6000
2008/09/08,0,10000,-55000,-45000
2008/09/09,0,2000,-54000,-52000
2008/09/10,0,8000,-5000,3000
2008/09/11,0,67000,-101000,-34000
2008/09/12,0,60000,-2000,58000
2008/09/15,0,50000,-19000,31000
2008/09/16,0,50000,-3421,46579
2008/09/17,0,12000,-118000,-106000
2008/09/18,0,62000,-87000,-25000
2008/09/19,0,19000,-50000,-31000
2008/09/22,0,12000,-274000,-262000
2008/09/23,0,151000,-8000,143000
2008/09/24,0,95001,-85495,9506
2008/09/25,0,23000,-116000,-93000
2008/09/26,0,503000,-141355,361645
2008/09/29,0,0,0,0
2008/09/30,0,505000,-19000,486000
2008/10/01,0,0,-81000,-81000
2008/10/02,0,10000,-46225,-36225
2008/10/03,0,50000,-10000,40000
2008/10/06,0,35000,-346000,-311000
2008/10/07,0,50000,-30000,20000
2008/10/08,0,529000,-291000,238000
2008/10/09,0,1075000,-186000,889000
2008/10/10,0,0,0,0
2008/10/13,0,502000,-52000,450000
2008/10/14,0,188000,-15000,173000
2008/10/15,0,109000,-132000,-23000
2008/10/16,0,0,0,0
2008/10/17,0,516000,-235000,281000
2008/10/20,0,292000,-9152,282848
2008/10/21,0,48000,-6000,42000
2008/10/22,0,324000,-522000,-198000
2008/10/23,0,500000,-223000,277000
2008/10/24,0,522000,-676000,-154000
2008/10/27,0,1023000,-1184000,-161000
2008/10/28,0,1319000,-2259000,-940000
2008/10/29,0,644000,-52036,591964
2008/10/30,0,61000,-10000,51000
2008/10/31,0,25000,-49000,-24000
2008/11/03,0,253000,-2876977,-2623977
2008/11/04,0,57000,-255000,-198000
2008/11/05,0,123000,-104000,19000
2008/11/06,0,215000,-161000,54000
2008/11/07,0,104000,-56000,48000
2008/11/10,0,91000,-1935000,-1844000
2008/11/11,0,39000,-55000,-16000
2008/11/12,0,77000,-56000,21000
2008/11/13,0,4000,-80000,-76000
2008/11/14,0,40000,-3000,37000
2008/11/17,0,43000,-22000,21000
2008/11/18,0,34000,-57000,-23000
2008/11/19,0,33000,-57000,-24000
2008/11/20,0,32000,-43000,-11000
2008/11/21,0,77000,-34000,43000
2008/11/24,0,0,-59000,-59000
2008/11/25,0,196000,-26000,170000
2008/11/26,0,112000,-63000,49000
2008/11/27,0,0,-1000,-1000
2008/11/28,0,71000,-147000,-76000
2008/12/01,0,46000,-25000,21000
2008/12/02,0,63000,-708970,-645970
2008/12/03,0,76000,-101000,-25000
2008/12/04,0,41000,-86000,-45000
2008/12/05,0,26000,-29000,-3000
2008/12/08,0,18000,-577000,-559000
2008/12/09,0,153000,-21000,132000
2008/12/10,0,108000,-51000,57000
2008/12/11,0,251000,-101000,150000
2008/12/12,0,122000,-270000,-148000
2008/12/15,0,91000,-37000,54000
2008/12/16,0,76000,-434000,-358000
2008/12/17,0,281000,-635000,-354000
2008/12/18,0,254000,-6000,248000
2008/12/19,0,51000,-152000,-101000
2008/12/22,0,32000,-125000,-93000
2008/12/23,0,25000,-178000,-153000
2008/12/24,0,2000,-49000,-47000
2008/12/25,0,5000,-5000,0
2008/12/26,0,31000,0,31000
2008/12/29,0,21000,-13000,8000
2008/12/30,0,149000,0,149000
2008/12/31,0,0,-49000,-49000
2009/01/01,0,0,0,0
2009/01/02,0,0,0,0
2009/01/05,0,73000,-38000,35000
2009/01/06,0,129000,-25000,104000
2009/01/07,0,125000,-65000,60000
2009/01/08,0,7000,-267000,-260000
2009/01/09,0,59000,-36000,23000
2009/01/12,0,26000,-5000,21000
2009/01/13,0,53000,-42000,11000
2009/01/14,0,2000,-71000,-69000
2009/01/15,0,0,-5000,-5000
2009/01/16,0,35000,-66000,-31000
2009/01/19,0,70000,-35000,35000
2009/01/20,0,9000,-70041,-61041
2009/01/21,0,48000,-48000,0
2009/01/22,0,0,0,0
2009/01/23,0,0,0,0
2009/01/26,0,0,0,0
2009/01/27,0,0,0,0
2009/01/28,0,0,0,0
2009/01/29,0,0,0,0
2009/01/30,0,0,0,0
2009/02/02,0,277000,-17000,260000
2009/02/03,0,89000,-15000,74000
2009/02/04,0,40000,-30000,10000
2009/02/05,0,55000,-10000,45000
2009/02/06,0,25000,-1017000,-992000
2009/02/09,0,0,-860000,-860000
2009/02/10,0,0,-318000,-318000
2009/02/11,0,36000,-574000,-538000
2009/02/12,0,75000,-162000,-87000
2009/02/13,0,47000,-1000,46000
2009/02/16,0,44000,-19000,25000
2009/02/17,0,0,-25000,-25000
2009/02/18,0,519000,-124000,395000
2009/02/19,0,0,-52000,-52000
2009/02/20,0,511000,-58000,453000
2009/02/23,0,13000,-10000,3000
2009/02/24,0,182000,-63000,119000
2009/02/25,0,78000,0,78000
2009/02/26,0,44000,-75655,-31655
2009/02/27,0,30000,0,30000
2009/03/02,0,411000,-82000,329000
2009/03/03,0,400000,-51000,349000
2009/03/04,0,50000,-887,49113
2009/03/05,0,69000,0,69000
2009/03/06,0,0,0,0
2009/03/09,0,75000,0,75000
2009/03/10,0,48000,-32000,16000
2009/03/11,0,26000,-247,25753
2009/03/12,0,33000,0,33000
2009/03/13,0,3000,0,3000
2009/03/16,0,127000,0,127000
2009/03/17,0,18000,0,18000
2009/03/18,0,79000,-13000,66000
2009/03/19,0,73000,-613047,-540047
2009/03/20,0,67000,-212000,-145000
2009/03/23,0,9000,-21000,-12000
2009/03/24,0,30000,0,30000
2009/03/25,0,160000,-60000,100000
2009/03/26,0,120000,-64000,56000
2009/03/27,0,58135,-164135,-106000
2009/03/30,0,0,-284000,-284000
2009/03/31,0,27000,-1116000,-1089000
2009/04/01,0,337000,-1291000,-954000
2009/04/02,0,543000,-725000,-182000
2009/04/03,0,41000,-113000,-72000
2009/04/06,0,21000,-90000,-69000
2009/04/07,0,260000,-45000,215000
2009/04/08,0,41000,-546000,-505000
2009/04/09,0,86000,-24000,62000
2009/04/10,0,174000,-11000,163000
2009/04/13,0,256000,-108000,148000
2009/04/14,0,227000,-16000,211000
2009/04/15,0,45000,-156000,-111000
2009/04/16,0,141000,-108000,33000
2009/04/17,0,71000,-345000,-274000
2009/04/20,0,78000,-48000,30000
2009/04/21,0,86000,-60000,26000
2009/04/22,0,577000,-135000,442000
2009/04/23,0,968000,-686000,282000
2009/04/24,0,178000,-74000,104000
2009/04/27,0,162000,-54000,108000
2009/04/28,0,54000,-271000,-217000
2009/04/29,0,174000,-28000,146000
2009/04/30,0,454000,-4000,450000
2009/05/01,0,0,0,0
2009/05/04,0,173000,-50000,123000
2009/05/05,0,185000,-174000,11000
2009/05/06,0,263000,-119000,144000
2009/05/07,0,247000,-277000,-30000
2009/05/08,0,289000,-47000,242000
2009/05/11,0,160000,-113000,47000
2009/05/12,0,77000,-471000,-394000
2009/05/13,0,562000,-165000,397000
2009/05/14,0,0,-241000,-241000
2009/05/15,0,182000,-532000,-350000
2009/05/18,0,74000,-268000,-194000
2009/05/19,0,232000,-81258,150742
2009/05/20,0,412000,-110000,302000
2009/05/21,0,77000,-1458000,-1381000
2009/05/22,0,232000,-113000,119000
2009/05/25,0,58000,-108000,-50000
2009/05/26,0,242000,-191000,51000
2009/05/27,0,218000,-53000,165000
2009/05/28,0,0,0,0
2009/05/29,0,0,0,0
2009/06/01,0,427000,-116000,311000
2009/06/02,0,95000,-327000,-232000
2009/06/03,0,205000,-41000,164000
2009/06/04,0,26000,-238000,-212000
2009/06/05,0,63000,-13000,50000
2009/06/08,0,55000,-146000,-91000
2009/06/09,0,297000,-25000,272000
2009/06/10,0,113000,-72000,41000
2009/06/11,0,62000,-200000,-138000
2009/06/12,0,78000,-242000,-164000
2009/06/15,0,20000,-103000,-83000
2009/06/16,0,233000,-6000,227000
2009/06/17,0,0,-206000,-206000
2009/06/18,0,30000,-11000,19000
2009/06/19,0,93000,-33001,59999
2009/06/22,0,33000,-107000,-74000
2009/06/23,0,47000,-77000,-30000
2009/06/24,0,201000,-74000,127000
2009/06/25,0,208000,-27000,181000
2009/06/26,0,604000,-47000,557000
2009/06/29,0,38000,-197000,-159000
2009/06/30,0,34000,-34000,0
2009/07/01,0,98000,-7000,91000
2009/07/02,0,381000,-18000,363000
2009/07/03,0,494000,-107000,387000
2009/07/06,0,1000,-51000,-50000
2009/07/07,0,38000,-5000,33000
2009/07/08,0,0,-79000,-79000
2009/07/09,0,54000,-60000,-6000
2009/07/10,0,207000,-29000,178000
2009/07/13,0,474000,-122000,352000
2009/07/14,0,283000,-74000,209000
2009/07/15,0,419000,-48000,371000
2009/07/16,0,517000,-28000,489000
2009/07/17,0,615000,-23000,592000
2009/07/20,0,428000,-11000,417000
2009/07/21,0,263000,-44000,219000
2009/07/22,0,130000,-76000,54000
2009/07/23,0,1018000,-736516,281484
2009/07/24,0,970300,-719000,251300
2009/07/27,0,444000,-72000,372000
2009/07/28,0,582000,0,582000
2009/07/29,0,102000,-626300,-524300
2009/07/30,0,759000,-321000,438000
2009/07/31,0,1937000,-142000,1795000
2009/08/03,0,1929000,-444000,1485000
2009/08/04,0,1546000,-240000,1306000
2009/08/05,0,2262000,-250000,2012000
2009/08/06,0,618000,-372000,246000
2009/08/07,0,0,0,0
2009/08/10,0,165000,-293000,-128000
2009/08/11,0,40000,-37000,3000
2009/08/12,0,38000,-15000,23000
2009/08/13,0,160000,-168000,-8000
2009/08/14,0,170000,-37000,133000
2009/08/17,0,206000,-234000,-28000
2009/08/18,0,862000,-525000,337000
2009/08/19,0,1870000,-214732,1655268
2009/08/20,0,359000,-733000,-374000
2009/08/21,0,33000,-511000,-478000
2009/08/24,0,33000,-19000,14000
2009/08/25,0,383000,-1770000,-1387000
2009/08/26,0,308000,-146000,162000
2009/08/27,0,3000,-88000,-85000
2009/08/28,0,1000,-3000,-2000
2009/08/31,0,116000,-47000,69000
2009/09/01,0,153000,-24000,129000
2009/09/02,0,94000,-56000,38000
2009/09/03,0,8000,-172000,-164000
2009/09/04,0,143000,-65741,77259
2009/09/07,0,1000,-150000,-149000
2009/09/08,0,152000,-48000,104000
2009/09/09,0,54000,-21000,33000
2009/09/10,0,462000,-109000,353000
2009/09/11,0,149000,-1000,148000
2009/09/14,0,34000,-83000,-49000
2009/09/15,0,208000,-270000,-62000
2009/09/16,0,329000,-22000,307000
2009/09/17,0,260000,-23000,237000
2009/09/18,0,49000,0,49000
2009/09/21,0,86000,-2561000,-2475000
2009/09/22,0,132000,0,132000
2009/09/23,0,197000,-8000,189000
2009/09/24,0,824000,-4000,820000
2009/09/25,0,78000,-835000,-757000
2009/09/28,0,106000,-38000,68000
2009/09/29,0,56000,-26000,30000
2009/09/30,0,47871,-7000,40871
2009/10/01,0,14000,-73000,-59000
2009/10/02,0,214000,-37000,177000
2009/10/05,0,27000,-161000,-134000
2009/10/06,0,253000,-47000,206000
2009/10/07,0,42000,-246000,-204000
2009/10/08,0,75000,-50000,25000
2009/10/09,0,36000,-104000,-68000
2009/10/12,0,90000,-55000,35000
2009/10/13,0,1778000,-125000,1653000
2009/10/14,0,44000,-1796000,-1752000
2009/10/15,0,183000,-57000,126000
2009/10/16,0,40000,-64000,-24000
2009/10/19,0,15000,-445000,-430000
2009/10/20,0,9000,-31000,-22000
2009/10/21,0,29000,-58000,-29000
2009/10/22,0,703000,-57275,645725
2009/10/23,0,0,-654000,-654000
2009/10/26,0,253000,-99750,153250
2009/10/27,0,14000,-219000,-205000
2009/10/28,0,0,-355000,-355000
2009/10/29,0,72000,-472250,-400250
2009/10/30,0,220000,-217500,2500
2009/11/02,0,62000,-65000,-3000
2009/11/03,0,0,-101000,-101000
2009/11/04,0,326000,-21000,305000
2009/11/05,0,234000,-86000,148000
2009/11/06,0,4000,-102925,-98925
2009/11/09,0,64000,-4000,60000
2009/11/10,0,500000,0,500000
2009/11/11,0,120000,-24000,96000
2009/11/12,0,200000,-912000,-712000
2009/11/13,0,149000,-54000,95000
2009/11/16,0,113000,-1000,112000
2009/11/17,0,122000,-13000,109000
2009/11/18,0,565000,-106000,459000
2009/11/19,0,7000,-279000,-272000
2009/11/20,0,59000,-146000,-87000
2009/11/23,0,508000,-159135,348865
2009/11/24,0,0,-914000,-914000
2009/11/25,0,81000,-429000,-348000
2009/11/26,0,108000,-225575,-117575
2009/11/27,0,250000,-190000,60000
2009/11/30,0,128000,-23000,105000
2009/12/01,0,17000,-41000,-24000
2009/12/02,0,27000,-119000,-92000
2009/12/03,0,14000,-12150,1850
2009/12/04,0,8000,-6000,2000
2009/12/07,0,89000,-48000,41000
2009/12/08,0,1000,-156000,-155000
2009/12/09,0,51000,-80575,-29575
2009/12/10,0,15000,-337175,-322175
2009/12/11,0,14000,-70000,-56000
2009/12/14,0,5000,-52000,-47000
2009/12/15,0,70000,-42000,28000
2009/12/16,0,224000,-29000,195000
2009/12/17,0,209000,-80000,129000
2009/12/18,0,5000,-109000,-104000
2009/12/21,0,0,-6000,-6000
2009/12/22,0,36000,-30000,6000
2009/12/23,0,122000,-8000,114000
2009/12/24,0,4000,0,4000
2009/12/25,0,6000,0,6000
2009/12/28,0,156000,-31000,125000
2009/12/29,0,41000,-5000,36000
2009/12/30,0,56000,-12000,44000
2009/12/31,0,11000,-35000,-24000
2010/01/01,0,0,0,0
2010/01/04,0,128000,-93000,35000
2010/01/05,0,15000,-48000,-33000
2010/01/06,0,139000,-35000,104000
2010/01/07,0,231000,-20000,211000
2010/01/08,0,284000,-214000,70000
2010/01/11,0,505000,-94000,411000
2010/01/12,0,50000,-185000,-135000
2010/01/13,0,177000,-151860,25140
2010/01/14,0,52000,-3000,49000
2010/01/15,0,834000,-12000,822000
2010/01/18,0,164000,-23000,141000
2010/01/19,0,566000,-124000,442000
2010/01/20,0,66000,-256000,-190000
2010/01/21,0,547000,-480000,67000
2010/01/22,0,290000,-208000,82000
2010/01/25,0,54000,-256000,-202000
2010/01/26,0,604000,-165000,439000
2010/01/27,0,86000,-90000,-4000
2010/01/28,0,39000,-57000,-18000
2010/01/29,0,186000,-167000,19000
2010/02/01,0,114000,-204000,-90000
2010/02/02,0,100000,-409000,-309000
2010/02/03,0,51000,-84375,-33375
2010/02/04,0,0,-136000,-136000
2010/02/05,0,557000,-525000,32000
2010/02/08,0,6000,-158000,-152000
2010/02/09,0,267000,-466338,-199338
2010/02/10,0,96000,-36000,60000
2010/02/11,0,0,0,0
2010/02/12,0,0,0,0
2010/02/15,0,0,0,0
2010/02/16,0,0,0,0
2010/02/17,0,0,0,0
2010/02/18,0,0,0,0
2010/02/19,0,0,0,0
2010/02/22,0,152000,-45525,106475
2010/02/23,0,75000,-69000,6000
2010/02/24,0,46000,-90000,-44000
2010/02/25,0,0,-67000,-67000
2010/02/26,0,36000,-4000,32000
2010/03/01,0,451000,-94000,357000
2010/03/02,0,34000,-19000,15000
2010/03/03,0,99000,-30000,69000
2010/03/04,0,19000,-140000,-121000
2010/03/05,0,113000,-6000,107000
2010/03/08,0,76000,-12000,64000
2010/03/09,0,95000,0,95000
2010/03/10,0,81000,-35000,46000
2010/03/11,0,0,-34000,-34000
2010/03/12,0,32000,-37000,-5000
2010/03/15,0,19000,-41000,-22000
2010/03/16,0,183000,0,183000
2010/03/17,0,217000,-8000,209000
2010/03/18,0,139000,-15000,124000
2010/03/19,0,18000,-11000,7000
2010/03/22,0,82000,-65000,17000
2010/03/23,0,82000,-28000,54000
2010/03/24,0,102000,-3000,99000
2010/03/25,0,157000,-33000,124000
2010/03/26,0,283000,-327000,-44000
2010/03/29,0,352000,-1065825,-713825
2010/03/30,0,438000,-1471000,-1033000
2010/03/31,0,345000,-1151000,-806000
2010/04/01,0,282000,-1607425,-1325425
2010/04/02,0,26000,-18000,8000
2010/04/05,0,0,0,0
2010/04/06,0,259000,-6000,253000
2010/04/07,0,175000,-18000,157000
2010/04/08,0,394000,-180000,214000
2010/04/09,0,354000,-40000,314000
2010/04/12,0,457000,-155000,302000
2010/04/13,0,128000,-266000,-138000
2010/04/14,0,30000,-33000,-3000
2010/04/15,0,159000,-25000,134000
2010/04/16,0,448000,-69000,379000
2010/04/19,0,345000,-242000,103000
2010/04/20,0,50000,-319000,-269000
2010/04/21,0,172000,-405000,-233000
2010/04/22,0,36000,-458000,-422000
2010/04/23,0,114000,-417000,-303000
2010/04/26,0,142000,-44000,98000
2010/04/27,0,42000,-10000,32000
2010/04/28,0,226000,-137000,89000
2010/04/29,0,109000,-110000,-1000
2010/04/30,0,383000,-192000,191000
2010/05/03,0,140000,-245000,-105000
2010/05/04,0,181000,-511000,-330000
2010/05/05,0,253000,-281000,-28000
2010/05/06,0,169000,-324000,-155000
2010/05/07,0,402000,-144225,257775
2010/05/10,0,324000,-120000,204000
2010/05/11,0,104000,-135000,-31000
2010/05/12,0,234000,-327000,-93000
2010/05/13,0,108000,-124344,-16344
2010/05/14,0,136000,0,136000
2010/05/17,0,204000,-124000,80000
2010/05/18,0,241000,-38000,203000
2010/05/19,0,212000,-190000,22000
2010/05/20,0,201000,-337000,-136000
2010/05/21,0,271000,-333000,-62000
2010/05/24,0,162000,-150000,12000
2010/05/25,0,466000,-293000,173000
2010/05/26,0,168000,-220000,-52000
2010/05/27,0,381000,-99000,282000
2010/05/28,0,486000,-343000,143000
2010/05/31,0,69000,-71000,-2000
2010/06/01,0,542000,-203000,339000
2010/06/02,0,560000,-253000,307000
2010/06/03,0,495000,-12000,483000
2010/06/04,0,45000,-43000,2000
2010/06/07,0,112000,-286000,-174000
2010/06/08,0,37000,-269000,-232000
2010/06/09,0,8000,-40000,-32000
2010/06/10,0,26000,-8000,18000
2010/06/11,0,169554,-21000,148554
2010/06/14,0,135554,0,135554
2010/06/15,0,86108,-74000,12108
2010/06/16,0,0,0,0
2010/06/17,0,203533,-144000,59533
2010/06/18,0,149459,-279272,-129813
2010/06/21,0,221455,-493000,-271545
2010/06/22,0,188680,-664000,-475320
2010/06/23,0,41702,-22000,19702
2010/06/24,0,110000,-334000,-224000
2010/06/25,0,1000,-41000,-40000
2010/06/28,0,3000,-21000,-18000
2010/06/29,0,124000,-12000,112000
2010/06/30,0,1000,-430000,-429000
2010/07/01,0,23000,-164000,-141000
2010/07/02,0,32000,-45000,-13000
2010/07/05,0,115111,-27000,88111
2010/07/06,0,754000,-35000,719000
2010/07/07,0,537000,-205000,332000
2010/07/08,0,311000,-633300,-322300
2010/07/09,0,1042000,-11000,1031000
2010/07/12,0,1517560,-32000,1485560
2010/07/13,0,7000,-28000,-21000
2010/07/14,0,113000,-105000,8000
2010/07/15,0,118000,-18000,100000
2010/07/16,0,174000,-31054,142946
2010/07/19,0,244000,0,244000
2010/07/20,0,512000,-51000,461000
2010/07/21,0,79000,-600000,-521000
2010/07/22,0,41000,-137000,-96000
2010/07/23,0,161000,-166000,-5000
2010/07/26,0,510000,-176000,334000
2010/07/27,0,487000,-121000,366000
2010/07/28,0,49000,-809000,-760000
2010/07/29,0,377000,-446000,-69000
2010/07/30,0,355000,-628000,-273000
2010/08/02,0,110000,-307000,-197000
2010/08/03,0,18000,-213000,-195000
2010/08/04,0,365000,-122000,243000
2010/08/05,0,1048000,-409000,639000
2010/08/06,0,80000,-106000,-26000
2010/08/09,0,66000,-636000,-570000
2010/08/10,0,86000,-138000,-52000
2010/08/11,0,669000,-582000,87000
2010/08/12,0,48000,-208000,-160000
2010/08/13,0,450000,-470000,-20000
2010/08/16,0,35000,-191000,-156000
2010/08/17,0,125000,-199000,-74000
2010/08/18,0,445000,-133000,312000
2010/08/19,0,450000,-53000,397000
2010/08/20,0,177000,-205675,-28675
2010/08/23,0,5186000,-813000,4373000
2010/08/24,0,1353000,-546000,807000
2010/08/25,0,4808000,-1043000,3765000
2010/08/26,0,1406000,-639000,767000
2010/08/27,0,1799000,-1134000,665000
2010/08/30,0,2291000,-695000,1596000
2010/08/31,0,752000,-217000,535000
2010/09/01,0,3000,-394000,-391000
2010/09/02,0,296000,-172000,124000
2010/09/03,0,53000,-347000,-294000
2010/09/06,0,206000,-58475,147525
2010/09/07,0,40284,-83000,-42716
2010/09/08,0,349000,-59066,289934
2010/09/09,0,1536000,-1027000,509000
2010/09/10,0,1071000,0,1071000
2010/09/13,0,819000,-60000,759000
2010/09/14,0,116000,-90000,26000
2010/09/15,0,591000,-459000,132000
2010/09/16,0,1144000,-928000,216000
2010/09/17,0,433000,-581250,-148250
2010/09/20,0,524000,-603000,-79000
2010/09/21,0,104000,-1095000,-991000
2010/09/22,0,0,0,0
2010/09/23,0,1455080,-107000,1348080
2010/09/24,0,1051000,-3025000,-1974000
2010/09/27,0,1422000,-3186000,-1764000
2010/09/28,0,146000,-160000,-14000
2010/09/29,0,174000,-401000,-227000
2010/09/30,0,136000,-65000,71000
2010/10/01,0,606000,-393000,213000
2010/10/04,0,274000,-383000,-109000
2010/10/05,0,97000,-69000,28000
2010/10/06,0,502000,-171000,331000
2010/10/07,0,385000,-163000,222000
2010/10/08,0,479000,-90000,389000
2010/10/11,0,274000,-140000,134000
2010/10/12,0,417000,-3003000,-2586000
2010/10/13,0,218000,-742000,-524000
2010/10/14,0,429000,-316000,113000
2010/10/15,0,757000,-612000,145000
2010/10/18,0,213000,-374000,-161000
2010/10/19,0,259000,-206000,53000
2010/10/20,0,1639000,-200000,1439000
2010/10/21,0,189000,-84000,105000
2010/10/22,0,330000,-99000,231000
2010/10/25,0,293000,-13000,280000
2010/10/26,0,45000,0,45000
2010/10/27,0,831000,-51000,780000
2010/10/28,0,336000,-925000,-589000
2010/10/29,0,478000,-1000,477000
2010/11/01,0,580000,-204000,376000
2010/11/02,0,909000,-372000,537000
2010/11/03,0,708863,-20000,688863
2010/11/04,0,689000,-38000,651000
2010/11/05,0,2580000,-164000,2416000
2010/11/08,0,2871000,-859000,2012000
2010/11/09,0,2695000,-784000,1911000
2010/11/10,0,1912443,-630000,1282443
2010/11/11,0,1328537,-2192000,-863463
2010/11/12,0,889077,-1795000,-905923
2010/11/15,0,705072,-608831,96241
2010/11/16,0,628414,-185000,443414
2010/11/17,0,769907,-739000,30907
2010/11/18,0,1079300,-168000,911300
2010/11/19,0,1458000,-307000,1151000
2010/11/22,0,160000,-837000,-677000
2010/11/23,0,845000,-4132000,-3287000
2010/11/24,0,1628000,-171000,1457000
2010/11/25,0,1386000,-286000,1100000
2010/11/26,0,999000,-1004754,-5754
2010/11/29,0,644499,-794753,-150254
2010/11/30,0,18934525,-13758797,5175728
2010/12/01,0,2101000,-1229778,871222
2010/12/02,0,1112000,-61838,1050162
2010/12/03,0,2176000,-145000,2031000
2010/12/06,0,422000,-75000,347000
2010/12/07,0,577890,-77000,500890
2010/12/08,0,408000,-369000,39000
2010/12/09,0,546000,-153000,393000
2010/12/10,0,131000,-6000,125000
2010/12/13,0,478000,-41000,437000
2010/12/14,0,59000,-230000,-171000
2010/12/15,0,684000,-145000,539000
2010/12/16,0,148000,-108000,40000
2010/12/17,0,167000,-9000,158000
2010/12/20,0,89560,-177000,-87440
2010/12/21,0,154000,-76300,77700
2010/12/22,0,213000,-17312,195688
2010/12/23,0,230000,-1002000,-772000
2010/12/24,0,505000,0,505000
2010/12/27,0,710000,-62000,648000
2010/12/28,0,420000,-1000,419000
2010/12/29,0,390830,-98000,292830
2010/12/30,0,497000,-214000,283000
2010/12/31,0,220000,-810310,-590310
2011/01/03,0,465000,-47000,418000
2011/01/04,0,219000,-253000,-34000
2011/01/05,0,187000,-185330,1670
2011/01/06,0,378000,-176000,202000
2011/01/07,0,109000,-271000,-162000
2011/01/10,0,1250000,-285000,965000
2011/01/11,0,312000,-318000,-6000
2011/01/12,0,1203000,-447000,756000
2011/01/13,0,197184,-659000,-461816
2011/01/14,0,336000,-448000,-112000
2011/01/17,0,445857,-722000,-276143
2011/01/18,0,1006000,-159660,846340
2011/01/19,0,522000,-288000,234000
2011/01/20,0,264000,-420000,-156000
2011/01/21,0,334000,-390000,-56000
2011/01/24,0,227000,-99000,128000
2011/01/25,0,469000,-99000,370000
2011/01/26,0,120000,-109170,10830
2011/01/27,0,186000,-733320,-547320
2011/01/28,0,404380,-409000,-4620
2011/01/31,0,0,0,0
2011/02/01,0,0,0,0
2011/02/02,0,0,0,0
2011/02/03,0,0,0,0
2011/02/04,0,0,0,0
2011/02/07,0,0,0,0
2011/02/08,0,1358000,-413709,944291
2011/02/09,0,1372000,-208980,1163020
2011/02/10,0,184000,-663510,-479510
2011/02/11,0,377000,-716000,-339000
2011/02/14,0,89000,-1169810,-1080810
2011/02/15,0,761000,-1390168,-629168
2011/02/16,0,850000,-858000,-8000
2011/02/17,0,745000,-802180,-57180
2011/02/18,0,657000,-1253000,-596000
2011/02/21,0,133000,-1255096,-1122096
2011/02/22,0,145000,-905045,-760045
2011/02/23,0,1289043,-176000,1113043
2011/02/24,0,683000,-1499000,-816000
2011/02/25,0,417000,-953145,-536145
2011/02/28,0,0,0,0
2011/03/01,0,448000,-469000,-21000
2011/03/02,0,521934,-1088710,-566776
2011/03/03,0,738000,-725606,12394
2011/03/04,0,378000,-415614,-37614
2011/03/07,0,224000,-96444,127556
2011/03/08,0,297000,-723123,-426123
2011/03/09,0,262000,-384744,-122744
2011/03/10,0,113280,-334250,-220970
2011/03/11,0,468000,-298230,169770
2011/03/14,0,483569,-550000,-66431
2011/03/15,0,811000,-586529,224471
2011/03/16,0,1131000,-1041810,89190
2011/03/17,0,449000,-339840,109160
2011/03/18,0,864000,-743626,120374
2011/03/21,0,356020,-168000,188020
2011/03/22,0,373000,-173000,200000
2011/03/23,0,266000,-114000,152000
2011/03/24,0,501000,-122000,379000
2011/03/25,0,390000,-112000,278000
2011/03/28,0,687000,-72000,615000
2011/03/29,0,225000,-164000,61000
2011/03/30,0,625000,-294000,331000
2011/03/31,0,188000,-622333,-434333
2011/04/01,0,336000,-117000,219000
2011/04/04,0,0,0,0
2011/04/05,0,0,0,0
2011/04/06,0,750252,-143000,607252
2011/04/07,0,947091,-414091,533000
2011/04/08,0,1986802,-240000,1746802
2011/04/11,0,327000,-557000,-230000
2011/04/12,0,345848,-1081000,-735152
2011/04/13,0,735000,-1023000,-288000
2011/04/14,0,285765,-649467,-363702
2011/04/15,0,560000,-173000,387000
2011/04/18,0,1273000,-264780,1008220
2011/04/19,0,793248,-154597,638651
2011/04/20,0,252000,-340950,-88950
2011/04/21,0,684901,-1408000,-723099
2011/04/22,0,360000,-320000,40000
2011/04/25,0,159000,-194000,-35000
2011/04/26,0,357000,-1013039,-656039
2011/04/27,0,278000,-282000,-4000
2011/04/28,0,372220,-96000,276220
2011/04/29,0,522101,-265000,257101
2011/05/02,0,0,0,0
2011/05/03,0,394000,-184000,210000
2011/05/04,0,479000,-269000,210000
2011/05/05,0,457000,-226000,231000
2011/05/06,0,287000,-396000,-109000
2011/05/09,0,2019000,-392000,1627000
2011/05/10,0,1933000,-546000,1387000
2011/05/11,0,1985000,-106000,1879000
2011/05/12,0,339000,-656000,-317000
2011/05/13,0,238000,-564000,-326000
2011/05/16,0,351000,-463000,-112000
2011/05/17,0,249000,-232000,17000
2011/05/18,0,894000,-781000,113000
2011/05/19,0,1089000,-311000,778000
2011/05/20,0,445000,-453000,-8000
2011/05/23,0,631000,-687000,-56000
2011/05/24,0,290000,-321148,-31148
2011/05/25,0,100248,-649000,-548752
2011/05/26,0,48000,-1119451,-1071451
2011/05/27,0,154000,-1231000,-1077000
2011/05/30,0,485000,-556000,-71000
2011/05/31,0,1085317,-294000,791317
2011/06/01,0,327505,-140373,187132
2011/06/02,0,547000,-71445,475555
2011/06/03,0,525000,-37000,488000
2011/06/06,0,0,0,0
2011/06/07,0,258000,-174229,83771
2011/06/08,0,83000,-815000,-732000
2011/06/09,0,170865,-404000,-233135
2011/06/10,0,269043,-223287,45756
2011/06/13,0,136000,-190641,-54641
2011/06/14,0,261000,-108000,153000
2011/06/15,0,879000,-883000,-4000
2011/06/16,0,222542,-593000,-370458
2011/06/17,0,590000,-162000,428000
2011/06/20,0,282000,-52289,229711
2011/06/21,0,365134,-172000,193134
2011/06/22,0,67000,-869000,-802000
2011/06/23,0,378193,-1184820,-806627
2011/06/24,0,1237000,-292715,944285
2011/06/27,0,654000,-357748,296252
2011/06/28,0,197000,-439698,-242698
2011/06/29,0,474000,-361000,113000
2011/06/30,0,412000,-1104000,-692000
2011/07/01,0,286305,-477000,-190695
2011/07/04,0,115817,-468000,-352183
2011/07/05,0,843276,-490749,352527
2011/07/06,0,16000,-261000,-245000
2011/07/07,0,346000,-118000,228000
2011/07/08,0,422000,-151000,271000
2011/07/11,0,146000,-526000,-380000
2011/07/12,0,535774,-2092923,-1557149
2011/07/13,0,197000,-396000,-199000
2011/07/14,0,142238,-1071922,-929684
2011/07/15,0,301490,-464000,-162510
2011/07/18,0,170000,-999000,-829000
2011/07/19,0,211000,-226000,-15000
2011/07/20,0,883145,-65000,818145
2011/07/21,0,174986,-440000,-265014
2011/07/22,0,1529000,-499000,1030000
2011/07/25,0,130343,-372000,-241657
2011/07/26,0,697276,-469000,228276
2011/07/27,0,311000,-248000,63000
2011/07/28,0,174000,-523000,-349000
2011/07/29,0,314376,-652000,-337624
2011/08/01,0,929191,-694000,235191
2011/08/02,0,490000,-594110,-104110
2011/08/03,0,1834000,-1299000,535000
2011/08/04,0,545000,-372000,173000
2011/08/05,0,989000,-836000,153000
2011/08/08,0,544000,-2215000,-1671000
2011/08/09,0,1025000,-1112165,-87165
2011/08/10,0,607000,-1575000,-968000
2011/08/11,0,1094000,-707658,386342
2011/08/12,0,169000,-920998,-751998
2011/08/15,0,25000,-70001,-45001
2011/08/16,0,746000,-878000,-132000
2011/08/17,0,343000,-313000,30000
2011/08/18,0,783056,-608000,175056
2011/08/19,0,528000,-153000,375000
2011/08/22,0,1145936,-267000,878936
2011/08/23,0,713000,-309700,403300
2011/08/24,0,558000,-856000,-298000
2011/08/25,0,1150000,-1220278,-70278
2011/08/26,0,1505000,-147000,1358000
2011/08/29,0,972000,-194000,778000
2011/08/30,0,383000,-561000,-178000
2011/08/31,0,434331,-471000,-36669
2011/09/01,0,608000,-271017,336983
2011/09/02,0,210000,-304000,-94000
2011/09/05,0,11074,-713084,-702010
2011/09/06,0,170000,-839281,-669281
2011/09/07,0,915000,-296000,619000
2011/09/08,0,1200000,-260000,940000
2011/09/09,0,264000,-587000,-323000
2011/09/12,0,0,0,0
2011/09/13,0,258000,-427000,-169000
2011/09/14,0,982000,-655666,326334
2011/09/15,0,762000,-959000,-197000
2011/09/16,0,889000,-109000,780000
2011/09/19,0,352000,-202000,150000
2011/09/20,0,378141,-394275,-16134
2011/09/21,0,234000,-300000,-66000
2011/09/22,0,163171,-1037000,-873829
2011/09/23,0,941000,-758000,183000
2011/09/26,0,820000,-679000,141000
2011/09/27,0,564390,-210000,354390
2011/09/28,0,665994,-110000,555994
2011/09/29,0,651000,-307000,344000
2011/09/30,0,667000,-620000,47000
2011/10/03,0,270000,-786000,-516000
2011/10/04,0,508000,-787000,-279000
2011/10/05,0,311000,-335000,-24000
2011/10/06,0,574000,-273000,301000
2011/10/07,0,446000,-427000,19000
2011/10/10,0,0,0,0
2011/10/11,0,545000,-105000,440000
2011/10/12,0,197000,-48925,148075
2011/10/13,0,612000,-209000,403000
2011/10/14,0,594000,-444000,150000
2011/10/17,0,649000,-163000,486000
2011/10/18,0,686000,-294000,392000
2011/10/19,0,740000,-661000,79000
2011/10/20,0,355000,-256000,99000
2011/10/21,0,27000,-327000,-300000
2011/10/24,0,743000,-619000,124000
2011/10/25,0,249000,-297000,-48000
2011/10/26,0,536000,-173000,363000
2011/10/27,0,343000,-126000,217000
2011/10/28,0,632000,-81000,551000
2011/10/31,0,363000,-168000,195000
2011/11/01,0,663000,-29900,633100
2011/11/02,0,179000,-926000,-747000
2011/11/03,0,289000,-397000,-108000
2011/11/04,0,675000,-3000,672000
2011/11/07,0,238000,-81000,157000
2011/11/08,0,61000,-570188,-509188
2011/11/09,0,98000,-308000,-210000
2011/11/10,0,141000,-312000,-171000
2011/11/11,0,65000,-190000,-125000
2011/11/14,0,404000,-167000,237000
2011/11/15,0,122000,-172000,-50000
2011/11/16,0,139000,-607000,-468000
2011/11/17,0,71000,-294292,-223292
2011/11/18,0,150000,-460000,-310000
2011/11/21,0,411000,-604000,-193000
2011/11/22,0,832000,-247000,585000
2011/11/23,0,410000,-668000,-258000
2011/11/24,0,1088000,-132000,956000
2011/11/25,0,139000,-604000,-465000
2011/11/28,0,224004,-146000,78004
2011/11/29,0,275000,-173000,102000
2011/11/30,0,1070428,-1043000,27428
2011/12/01,0,661000,-108518,552482
2011/12/02,0,572000,-556000,16000
2011/12/05,0,267000,-125000,142000
2011/12/06,0,388000,-293000,95000
2011/12/07,0,552000,-58000,494000
2011/12/08,0,882000,-740137,141863
2011/12/09,0,213000,-262000,-49000
2011/12/12,0,272000,-52000,220000
2011/12/13,0,124000,-104042,19958
2011/12/14,0,78000,-666000,-588000
2011/12/15,0,239000,-1354000,-1115000
2011/12/16,0,476000,-203541,272459
2011/12/19,0,197000,-472000,-275000
2011/12/20,0,130000,-269229,-139229
2011/12/21,0,940000,-317710,622290
2011/12/22,0,385000,-286000,99000
2011/12/23,0,740000,-169000,571000
2011/12/26,0,353000,-45000,308000
2011/12/27,0,299000,-36000,263000
2011/12/28,0,537000,-87000,450000
2011/12/29,0,492000,-313064,178936
2011/12/30,0,304001,-195000,109001
2012/01/02,0,6000,-262000,-256000
2012/01/03,0,357000,-196453,160547
2012/01/04,0,168000,-229583,-61583
2012/01/05,0,155000,-601000,-446000
2012/01/06,0,179000,-407000,-228000
2012/01/09,0,331000,-252000,79000
2012/01/10,0,550000,-326000,224000
2012/01/11,0,389000,-323000,66000
2012/01/12,0,209000,-558436,-349436
2012/01/13,0,456000,-332000,124000
2012/01/16,0,97000,-341000,-244000
2012/01/17,0,318000,-520000,-202000
2012/01/18,0,701000,-1266000,-565000
2012/01/19,0,0,0,0
2012/01/20,0,0,0,0
2012/01/23,0,0,0,0
2012/01/24,0,0,0,0
2012/01/25,0,0,0,0
2012/01/26,0,0,0,0
2012/01/27,0,0,0,0
2012/01/30,0,221000,-184000,37000
2012/01/31,0,2256000,-934000,1322000
2012/02/01,0,1573000,-1640045,-67045
2012/02/02,0,1278000,-1116000,162000
2012/02/03,0,455000,-691000,-236000
2012/02/06,0,548200,-596793,-48593
2012/02/07,0,487000,-536000,-49000
2012/02/08,0,625000,-130000,495000
2012/02/09,0,613000,-251222,361778
2012/02/10,0,1252000,-3228816,-1976816
2012/02/13,0,1173000,-200000,973000
2012/02/14,0,1721000,-546815,1174185
2012/02/15,0,986000,-538000,448000
2012/02/16,0,598000,-184200,413800
2012/02/17,0,718000,-90000,628000
2012/02/20,0,271000,-432000,-161000
2012/02/21,0,1402000,-588000,814000
2012/02/22,0,946000,-685000,261000
2012/02/23,0,258000,-449000,-191000
2012/02/24,0,1199000,-302000,897000
2012/02/27,0,0,0,0
2012/02/28,0,0,0,0
2012/02/29,0,1593000,-575000,1018000
2012/03/01,0,333391,-101000,232391
2012/03/02,0,217178,-703987,-486809
2012/03/05,0,149000,-580000,-431000
2012/03/06,0,275000,-554000,-279000
2012/03/07,0,322000,-394000,-72000
2012/03/08,0,655000,-137000,518000
2012/03/09,0,168000,-144000,24000
2012/03/12,0,143000,-103000,40000
2012/03/13,0,433000,-264500,168500
2012/03/14,0,522000,-75078,446922
2012/03/15,0,489000,-208774,280226
2012/03/16,0,148000,-98000,50000
2012/03/19,0,224000,-206000,18000
2012/03/20,0,44000,-190000,-146000
2012/03/21,0,198000,-166000,32000
2012/03/22,0,531000,-128500,402500
2012/03/23,0,197000,-152000,45000
2012/03/26,0,374000,-619000,-245000
2012/03/27,0,129000,-269352,-140352
2012/03/28,0,102000,-95000,7000
2012/03/29,0,290000,-504001,-214001
2012/03/30,0,736000,-1491097,-755097
2012/04/02,0,211000,-125000,86000
2012/04/03,0,432145,-335000,97145
2012/04/04,0,0,0,0
2012/04/05,0,575000,-319000,256000
2012/04/06,0,31000,-672053,-641053
2012/04/09,0,69000,-348000,-279000
2012/04/10,0,172000,-428000,-256000
2012/04/11,0,44000,-334500,-290500
2012/04/12,0,116000,-570000,-454000
2012/04/13,0,218196,-210000,8196
2012/04/16,0,44000,-180000,-136000
2012/04/17,0,94000,-747000,-653000
2012/04/18,0,250000,-730000,-480000
2012/04/19,0,247000,-49000,198000
2012/04/20,0,239000,-235745,3255
2012/04/23,0,181000,-301000,-120000
2012/04/24,0,104000,-116000,-12000
2012/04/25,0,129000,-127000,2000
2012/04/26,0,113000,-325000,-212000
2012/04/27,0,191000,-365000,-174000
2012/04/30,0,322000,-135979,186021
2012/05/01,0,0,0,0
2012/05/02,0,564000,-441000,123000
2012/05/03,0,246000,-72000,174000
2012/05/04,0,302000,-286000,16000
2012/05/07,0,389000,-741000,-352000
2012/05/08,0,238000,-312000,-74000
2012/05/09,0,343000,-451000,-108000
2012/05/10,0,336000,-73130,262870
2012/05/11,0,85000,-526000,-441000
2012/05/14,0,90000,-78000,12000
2012/05/15,0,86000,-125000,-39000
2012/05/16,0,87000,-522000,-435000
2012/05/17,0,294000,-249000,45000
2012/05/18,0,199000,-573000,-374000
2012/05/21,0,74194,-129000,-54806
2012/05/22,0,39000,-373000,-334000
2012/05/23,0,104820,-212000,-107180
2012/05/24,0,288000,-60000,228000
2012/05/25,0,202000,-93000,109000
2012/05/28,0,642000,-123000,519000
2012/05/29,0,407000,-315000,92000
2012/05/30,0,730000,-1008476,-278476
2012/05/31,0,263942,-976082,-712140
2012/06/01,0,140000,-597956,-457956
2012/06/04,0,354000,-154717,199283
2012/06/05,0,111000,-232000,-121000
2012/06/06,0,95000,-201000,-106000
2012/06/07,0,215258,-121000,94258
2012/06/08,0,1377039,-1271581,105458
2012/06/11,0,188000,-114000,74000
2012/06/12,0,330000,-241000,89000
2012/06/13,0,121000,-459218,-338218
2012/06/14,0,175000,-485582,-310582
2012/06/15,0,1127783,-1815853,-688070
2012/06/18,0,630000,-711000,-81000
2012/06/19,0,222000,-102000,120000
2012/06/20,0,489000,-191000,298000
2012/06/21,0,357154,-200023,157131
2012/06/22,0,97000,-404000,-307000
2012/06/25,0,31000,-444000,-413000
2012/06/26,0,50000,-150000,-100000
2012/06/27,0,110000,-124323,-14323
2012/06/28,0,98000,-354000,-256000
2012/06/29,0,528000,-61000,467000
2012/07/02,0,69000,-153000,-84000
2012/07/03,0,367000,-3000,364000
2012/07/04,0,268000,-143000,125000
2012/07/05,0,136000,-51000,85000
2012/07/06,0,175000,-39000,136000
2012/07/09,0,82000,-120000,-38000
2012/07/10,0,80000,-127000,-47000
2012/07/11,0,84000,-72000,12000
2012/07/12,0,426000,-384000,42000
2012/07/13,0,163000,-57000,106000
2012/07/16,0,144000,-103000,41000
2012/07/17,0,183000,-486000,-303000
2012/07/18,0,226000,-1517000,-1291000
2012/07/19,0,300000,-1517000,-1217000
2012/07/20,0,1235000,-1310000,-75000
2012/07/23,0,386000,-908000,-522000
2012/07/24,0,178000,-592000,-414000
2012/07/25,0,163000,-850000,-687000
2012/07/26,0,116000,-248656,-132656
2012/07/27,0,828000,-183000,645000
2012/07/30,0,135798,-151000,-15202
2012/07/31,0,285000,-86000,199000
2012/08/01,0,237000,-86000,151000
2012/08/02,0,0,0,0
2012/08/03,0,253595,-60000,193595
2012/08/06,0,530000,-13000,517000
2012/08/07,0,414000,-24000,390000
2012/08/08,0,346378,-163000,183378
2012/08/09,0,841000,-33000,808000
2012/08/10,0,333000,-76000,257000
2012/08/13,0,210000,-19000,191000
2012/08/14,0,452000,-33000,419000
2012/08/15,0,222850,-57000,165850
2012/08/16,0,316000,-67000,249000
2012/08/17,0,54000,-13000,41000
2012/08/20,0,79000,-35000,44000
2012/08/21,0,557834,-35000,522834
2012/08/22,0,64995,-31000,33995
2012/08/23,0,168684,-43000,125684
2012/08/24,0,41000,-30000,11000
2012/08/27,0,175000,-52000,123000
2012/08/28,0,91515,-39000,52515
2012/08/29,0,81000,0,81000
2012/08/30,0,452000,-369000,83000
2012/08/31,0,245000,-69462,175538
2012/09/03,0,53000,-99000,-46000
2012/09/04,0,35000,-84000,-49000
2012/09/05,0,1000,-650000,-649000
2012/09/06,0,27000,-263000,-236000
2012/09/07,0,53000,-188156,-135156
2012/09/10,0,45000,-123000,-78000
2012/09/11,0,59000,-224000,-165000
2012/09/12,0,144000,-8000,136000
2012/09/13,0,206000,-634000,-428000
2012/09/14,0,417000,-329000,88000
2012/09/17,0,110000,-110000,0
2012/09/18,0,187000,-88000,99000
2012/09/19,0,93000,-10000,83000
2012/09/20,0,661326,-368000,293326
2012/09/21,0,474430,-119000,355430
2012/09/24,0,222000,-99000,123000
2012/09/25,0,436000,-62000,374000
2012/09/26,0,237000,-74000,163000
2012/09/27,0,429000,-56245,372755
2012/09/28,0,265000,-147238,117762
2012/10/01,0,324000,-24000,300000
2012/10/02,0,631000,-10000,621000
2012/10/03,0,124390,-126000,-1610
2012/10/04,0,183000,-390000,-207000
2012/10/05,0,237000,-71000,166000
2012/10/08,0,324600,-87000,237600
2012/10/09,0,307000,-50000,257000
2012/10/10,0,0,0,0
2012/10/11,0,127000,-384000,-257000
2012/10/12,0,69000,-484000,-415000
2012/10/15,0,70000,-73000,-3000
2012/10/16,0,93000,-273000,-180000
2012/10/17,0,137000,-218000,-81000
2012/10/18,0,243000,-108000,135000
2012/10/19,0,260000,-845000,-585000
2012/10/22,0,204000,-351000,-147000
2012/10/23,0,108600,-250000,-141400
2012/10/24,0,125000,-298565,-173565
2012/10/25,0,68000,-206000,-138000
2012/10/26,0,237000,-296000,-59000
2012/10/29,0,231200,-515000,-283800
2012/10/30,0,272000,-814035,-542035
2012/10/31,0,111000,-170000,-59000
2012/11/01,0,63000,-592000,-529000
2012/11/02,0,380000,-120000,260000
2012/11/05,0,347000,-219000,128000
2012/11/06,0,207000,-282000,-75000
2012/11/07,0,145000,-308403,-163403
2012/11/08,0,299000,-749900,-450900
2012/11/09,0,153000,-361000,-208000
2012/11/12,0,132000,-132000,0
2012/11/13,0,125437,-425000,-299563
2012/11/14,0,82000,-416000,-334000
2012/11/15,0,274000,-510000,-236000
2012/11/16,0,138000,-390410,-252410
2012/11/19,0,172000,-95000,77000
2012/11/20,0,103000,-51000,52000
2012/11/21,0,95000,-376000,-281000
2012/11/22,0,130042,0,130042
2012/11/23,0,649000,-8000,641000
2012/11/26,0,409000,-11000,398000
2012/11/27,0,451000,-77064,373936
2012/11/28,0,336700,-54000,282700
2012/11/29,0,780425,-487000,293425
2012/11/30,0,1407000,-786350,620650
2012/12/03,0,898000,-271000,627000
2012/12/04,0,202000,-423000,-221000
2012/12/05,0,362000,-311000,51000
2012/12/06,0,330000,-16000,314000
2012/12/07,0,253000,-97000,156000
2012/12/10,0,209000,-357000,-148000
2012/12/11,0,367743,-95000,272743
2012/12/12,0,427002,-211000,216002
2012/12/13,0,312370,-715000,-402630
2012/12/14,0,339327,-494000,-154673
2012/12/17,0,413000,-103000,310000
2012/12/18,0,339941,-294000,45941
2012/12/19,0,175000,-260000,-85000
2012/12/20,0,327000,-258000,69000
2012/12/21,0,415000,-619425,-204425
2012/12/24,0,716660,-379660,337000
2012/12/25,0,334000,-45000,289000
2012/12/26,0,219000,-107587,111413
2012/12/27,0,133000,-272000,-139000
2012/12/28,0,730000,-522000,208000
2012/12/31,0,0,0,0
2013/01/01,0,0,0,0
2013/01/02,0,370000,-191000,179000
2013/01/03,0,279000,-301000,-22000
2013/01/04,0,1026000,-1317000,-291000
2013/01/07,0,536066,-1302700,-766634
2013/01/08,0,304000,-554000,-250000
2013/01/09,0,297000,-250000,47000
2013/01/10,0,2074000,-487000,1587000
2013/01/11,0,242000,-569000,-327000
2013/01/14,0,420885,-444000,-23115
2013/01/15,0,343000,-438000,-95000
2013/01/16,0,478000,-434493,43507
2013/01/17,0,976788,-855037,121751
2013/01/18,0,1198000,-765000,433000
2013/01/21,0,248000,-247000,1000
2013/01/22,0,473000,-295000,178000
2013/01/23,0,178000,-110648,67352
2013/01/24,0,96000,-250000,-154000
2013/01/25,0,411000,-487000,-76000
2013/01/28,0,263000,-102000,161000
2013/01/29,0,256000,-57000,199000
2013/01/30,0,887000,-281045,605955
2013/01/31,0,223000,-642000,-419000
2013/02/01,0,129000,-447000,-318000
2013/02/04,0,249000,-363000,-114000
2013/02/05,0,75000,-462107,-387107
2013/02/06,0,208000,-457482,-249482
2013/02/07,0,0,0,0
2013/02/08,0,0,0,0
2013/02/11,0,0,0,0
2013/02/12,0,0,0,0
2013/02/13,0,0,0,0
2013/02/14,0,0,0,0
2013/02/15,0,0,0,0
2013/02/18,0,617425,-396000,221425
2013/02/19,0,126194,-133000,-6806
2013/02/20,0,384338,-356000,28338
2013/02/21,0,475000,-638688,-163688
2013/02/22,0,226000,-460000,-234000
2013/02/25,0,449000,-519983,-70983
2013/02/26,0,502000,-397460,104540
2013/02/27,0,147000,-234804,-87804
2013/02/28,0,0,0,0
2013/03/01,0,111000,-452000,-341000
2013/03/04,0,252000,-986000,-734000
2013/03/05,0,331000,-333000,-2000
2013/03/06,0,174884,-333000,-158116
2013/03/07,0,62000,-107728,-45728
2013/03/08,0,145900,-157000,-11100
2013/03/11,0,165000,-211000,-46000
2013/03/12,0,212000,-291586,-79586
2013/03/13,0,70000,-226000,-156000
2013/03/14,0,236000,-344343,-108343
2013/03/15,0,295210,-480237,-185027
2013/03/18,0,125000,-419000,-294000
2013/03/19,0,224000,-598000,-374000
2013/03/20,0,111139,-827752,-716613
2013/03/21,0,205000,-565366,-360366
2013/03/22,0,207826,-953087,-745261
2013/03/25,0,184000,-168000,16000
2013/03/26,0,144000,-414336,-270336
2013/03/27,0,236000,-188000,48000
2013/03/28,0,164000,-298000,-134000
2013/03/29,0,122000,-81000,41000
2013/04/01,0,37363,-206000,-168637
2013/04/02,0,183000,-334000,-151000
2013/04/03,0,607598,-322000,285598
2013/04/04,0,0,0,0
2013/04/05,0,0,0,0
2013/04/08,0,319000,-586000,-267000
2013/04/09,0,243000,-395512,-152512
2013/04/10,0,238000,-275000,-37000
2013/04/11,0,153842,-114000,39842
2013/04/12,0,99000,-87425,11575
2013/04/15,0,69620,-88100,-18480
2013/04/16,0,77979,-177000,-99021
2013/04/17,0,154000,-270000,-116000
2013/04/18,0,131000,-209000,-78000
2013/04/19,0,177000,-231000,-54000
2013/04/22,0,267000,-67000,200000
2013/04/23,0,306000,-99000,207000
2013/04/24,0,340000,-134000,206000
2013/04/25,0,397000,-46998,350002
2013/04/26,0,408000,-43000,365000
2013/04/29,0,261000,-49000,212000
2013/04/30,0,460000,-32000,428000
2013/05/01,0,0,0,0
2013/05/02,0,333000,-85854,247146
2013/05/03,0,337000,-28000,309000
2013/05/06,0,235000,-13000,222000
2013/05/07,0,404000,-93866,310134
2013/05/08,0,637000,-11661,625339
2013/05/09,0,462115,-11000,451115
2013/05/10,0,302000,-261000,41000
2013/05/13,0,258000,-198057,59943
2013/05/14,0,394000,-475352,-81352
2013/05/15,0,371000,-96000,275000
2013/05/16,0,810000,-116000,694000
2013/05/17,0,428000,-52506,375494
2013/05/20,0,403000,-159000,244000
2013/05/21,0,593000,-118924,474076
2013/05/22,0,469000,-15000,454000
2013/05/23,0,361000,-353000,8000
2013/05/24,0,1034633,-77000,957633
2013/05/27,0,314859,-55000,259859
2013/05/28,0,428000,-129000,299000
2013/05/29,0,546000,-138000,408000
2013/05/30,0,270000,-434000,-164000
2013/05/31,0,2443852,-1724900,718952
2013/06/03,0,736000,-555000,181000
2013/06/04,0,230000,-361000,-131000
2013/06/05,0,565863,-321000,244863
2013/06/06,0,175450,-347000,-171550
2013/06/07,0,284088,-364000,-79912
2013/06/10,0,165600,-175000,-9400
2013/06/11,0,213000,-384000,-171000
2013/06/12,0,0,0,0
2013/06/13,0,765959,-583000,182959
2013/06/14,0,201000,-585000,-384000
2013/06/17,0,239000,-63722,175278
2013/06/18,0,241000,-240000,1000
2013/06/19,0,287201,-173941,113260
2013/06/20,0,490000,-774560,-284560
2013/06/21,0,2670000,-2654647,15353
2013/06/24,0,503000,-507000,-4000
2013/06/25,0,935000,-684595,250405
2013/06/26,0,689000,-328247,360753
2013/06/27,0,435000,-227000,208000
2013/06/28,0,1057000,-188000,869000
2013/07/01,0,301000,-130000,171000
2013/07/02,0,297000,-175912,121088
2013/07/03,0,326000,-157000,169000
2013/07/04,0,199000,-14000,185000
2013/07/05,0,473000,-65000,408000
2013/07/08,0,344000,-329000,15000
2013/07/09,0,312000,-60000,252000
2013/07/10,0,304000,-39000,265000
2013/07/11,0,818000,-72000,746000
2013/07/12,0,407000,-23000,384000
2013/07/15,0,445000,-121064,323936
2013/07/16,0,415000,-166000,249000
2013/07/17,0,575000,-227000,348000
2013/07/18,0,464000,-333000,131000
2013/07/19,0,1031688,-1183000,-151312
2013/07/22,0,595221,-43000,552221
2013/07/23,0,1058000,-27058,1030942
2013/07/24,0,399000,-339000,60000
2013/07/25,0,191000,-73000,118000
2013/07/26,0,203000,-58000,145000
2013/07/29,0,165000,-39000,126000
2013/07/30,0,535000,-47000,488000
2013/07/31,0,234000,-215579,18421
2013/08/01,0,107062,-115000,-7938
2013/08/02,0,390000,-163000,227000
2013/08/05,0,149000,-151000,-2000
2013/08/06,0,219000,-432220,-213220
2013/08/07,0,271000,-308000,-37000
2013/08/08,0,144000,-491000,-347000
2013/08/09,0,124000,-546000,-422000
2013/08/12,0,190000,-131000,59000
2013/08/13,0,218000,-34000,184000
2013/08/14,0,128010,-501000,-372990
2013/08/15,0,141000,-444813,-303813
2013/08/16,0,231296,-197000,34296
2013/08/19,0,19000,-219000,-200000
2013/08/20,0,388686,-297034,91652
2013/08/21,0,0,0,0
2013/08/22,0,373686,-664000,-290314
2013/08/23,0,257000,-200000,57000
2013/08/26,0,16000,-38000,-22000
2013/08/27,0,28000,-177000,-149000
2013/08/28,0,71000,-81000,-10000
2013/08/29,0,282000,-194000,88000
2013/08/30,0,227000,-51130,175870
2013/09/02,0,285000,-12000,273000
2013/09/03,0,385000,-228000,157000
2013/09/04,0,289000,-39000,250000
2013/09/05,0,370580,-74000,296580
2013/09/06,0,253000,-79000,174000
2013/09/09,0,637000,-66000,571000
2013/09/10,0,481000,-116000,365000
2013/09/11,0,636000,-68498,567502
2013/09/12,0,410000,-8000,402000
2013/09/13,0,182000,-151686,30314
2013/09/16,0,752000,-25000,727000
2013/09/17,0,242000,-84000,158000
2013/09/18,0,322175,-132000,190175
2013/09/19,0,0,0,0
2013/09/20,0,0,0,0
2013/09/23,0,491000,-141000,350000
2013/09/24,0,416000,-572271,-156271
2013/09/25,0,309697,-102697,207000
2013/09/26,0,95000,-102000,-7000
2013/09/27,0,346000,-146087,199913
2013/09/30,0,396199,-421360,-25161
2013/10/01,0,79000,-124213,-45213
2013/10/02,0,188000,-494597,-306597
2013/10/03,0,837985,-45000,792985
2013/10/04,0,344000,-1000,343000
2013/10/07,0,185691,-139000,46691
2013/10/08,0,368000,-70000,298000
2013/10/09,0,145000,-52000,93000
2013/10/10,0,0,0,0
2013/10/11,0,346000,-54000,292000
2013/10/14,0,219000,-80419,138581
2013/10/15,0,274000,-49264,224736
2013/10/16,0,156000,-106000,50000
2013/10/17,0,125000,-12000,113000
2013/10/18,0,64000,-31000,33000
2013/10/21,0,48000,-31000,17000
2013/10/22,0,89000,-17000,72000
2013/10/23,0,124758,-136000,-11242
2013/10/24,0,71000,-24000,47000
2013/10/25,0,62962,-197000,-134038
2013/10/28,0,130000,-23000,107000
2013/10/29,0,383000,-131000,252000
2013/10/30,0,187000,-33000,154000
2013/10/31,0,421726,-342835,78891
2013/11/01,0,73000,-113000,-40000
2013/11/04,0,33000,-104000,-71000
2013/11/05,0,36000,-249531,-213531
2013/11/06,0,160000,-8000,152000
2013/11/07,0,95000,-153000,-58000
2013/11/08,0,28000,-133000,-105000
2013/11/11,0,68000,-117000,-49000
2013/11/12,0,194000,-77000,117000
2013/11/13,0,74310,-296000,-221690
2013/11/14,0,211000,-195000,16000
2013/11/15,0,177000,-64000,113000
2013/11/18,0,17000,-85493,-68493
2013/11/19,0,36000,-41000,-5000
2013/11/20,0,42000,-70786,-28786
2013/11/21,0,45000,-360000,-315000
2013/11/22,0,28000,-138000,-110000
2013/11/25,0,124000,-7000,117000
2013/11/26,0,450000,-265253,184747
2013/11/27,0,79691,-48000,31691
2013/11/28,0,261000,-16000,245000
2013/11/29,0,319000,-131000,188000
2013/12/02,0,230691,-52000,178691
2013/12/03,0,42000,-84046,-42046
2013/12/04,0,182000,-36000,146000
2013/12/05,0,49000,-30000,19000
2013/12/06,0,41000,-35000,6000
2013/12/09,0,331000,-13000,318000
2013/12/10,0,117000,-59000,58000
2013/12/11,0,259000,-49000,210000
2013/12/12,0,33000,-71172,-38172
2013/12/13,0,194000,-94000,100000
2013/12/16,0,61001,-55000,6001
2013/12/17,0,68000,-172000,-104000
2013/12/18,0,16000,-56000,-40000
2013/12/19,0,157000,-82000,75000
2013/12/20,0,241000,-165745,75255
2013/12/23,0,115000,-309055,-194055
2013/12/24,0,42000,-45000,-3000
2013/12/25,0,73000,0,73000
2013/12/26,0,58000,-13000,45000
2013/12/27,0,215000,-149000,66000
2013/12/30,0,285000,-158000,127000
2013/12/31,0,271000,-97000,174000
2014/01/02,0,103000,-88000,15000
2014/01/03,0,82000,-311000,-229000
2014/01/06,0,119303,-271000,-151697
2014/01/07,0,189000,-123000,66000
2014/01/08,0,42000,-185000,-143000
2014/01/09,0,59000,-98000,-39000
2014/01/10,0,163000,-81000,82000
2014/01/13,0,204000,-306000,-102000
2014/01/14,0,221000,-276000,-55000
2014/01/15,0,196000,-169000,27000
2014/01/16,0,89000,-198000,-109000
2014/01/17,0,124691,-115546,9145
2014/01/20,0,69000,-35542,33458
2014/01/21,0,43000,-58000,-15000
2014/01/22,0,216026,-168000,48026
2014/01/23,0,323000,-199000,124000
2014/01/24,0,271000,-111000,160000
2014/01/27,0,402000,-965713,-563713
2014/02/05,0,623000,-1808000,-1185000
2014/02/06,0,326000,-923000,-597000
2014/02/07,0,223000,-412000,-189000
2014/02/10,0,68000,-187000,-119000
2014/02/11,0,157822,-55000,102822
2014/02/12,0,59000,-118000,-59000
2014/02/13,0,77000,-217080,-140080
2014/02/14,0,563000,-220686,342314
2014/02/17,0,90000,-142000,-52000
2014/02/18,0,244000,-31000,213000
2014/02/19,0,164001,-53000,111001
2014/02/20,0,66000,-111000,-45000
2014/02/21,0,453000,-24000,429000
2014/02/24,0,101395,-13000,88395
2014/02/25,0,147000,-129143,17857
2014/02/26,0,369000,-297054,71946
2014/02/27,0,712000,-420509,291491
2014/03/03,0,203000,-898000,-695000
2014/03/04,0,14000,-234000,-220000
2014/03/05,0,57000,-124000,-67000
2014/03/06,0,216000,-436440,-220440
2014/03/07,0,199000,-120000,79000
2014/03/10,0,221000,-120000,101000
2014/03/11,0,114000,-184000,-70000
2014/03/12,0,141000,-156000,-15000
2014/03/13,0,132000,-367822,-235822
2014/03/14,0,272000,-304000,-32000
2014/03/17,0,99000,-106000,-7000
2014/03/18,0,115000,-213298,-98298
2014/03/19,0,40000,-280000,-240000
2014/03/20,0,54000,-647387,-593387
2014/03/21,0,264000,-326000,-62000
2014/03/24,0,191000,-165000,26000
2014/03/25,0,72000,-96763,-24763
2014/03/26,0,158000,-130000,28000
2014/03/27,0,304000,-158000,146000
2014/03/28,0,287000,-477000,-190000
2014/03/31,0,390343,-161180,229163
2014/04/01,0,276000,-444780,-168780
2014/04/02,0,160000,-341000,-181000
2014/04/03,0,622000,-424000,198000
2014/04/07,0,379000,-497000,-118000
2014/04/08,0,335000,-541000,-206000
2014/04/09,0,333000,-231000,102000
2014/04/10,0,255000,-275000,-20000
2014/04/11,0,594000,-277000,317000
2014/04/14,0,246000,-115000,131000
2014/04/15,0,164000,-260000,-96000
2014/04/16,0,408000,-753000,-345000
2014/04/17,0,117000,-783000,-666000
2014/04/18,0,70000,-439000,-369000
2014/04/21,0,57000,-356000,-299000
2014/04/22,0,411000,-459000,-48000
2014/04/23,0,41000,-449000,-408000
2014/04/24,0,153000,-501000,-348000
2014/04/25,0,152000,-505000,-353000
2014/04/28,0,535000,-527000,8000
2014/04/29,0,392000,-372000,20000
2014/04/30,0,297000,-585000,-288000
2014/05/02,0,261000,-716045,-455045
2014/05/05,0,102500,-563000,-460500
2014/05/06,0,136000,-380000,-244000
2014/05/07,0,125000,-760000,-635000
2014/05/08,0,135000,-436371,-301371
2014/05/09,0,52000,-373000,-321000
2014/05/12,0,14000,-631000,-617000
2014/05/13,0,312000,-609000,-297000
2014/05/14,0,822000,-621000,201000
2014/05/15,0,513000,-1490000,-977000
2014/05/16,0,680000,-1525287,-845287
2014/05/19,0,483000,-467782,15218
2014/05/20,0,556000,-1118003,-562003
2014/05/21,0,215000,-349065,-134065
2014/05/22,0,480000,-824735,-344735
2014/05/23,0,255000,-1249000,-994000
2014/05/26,0,217000,-1017493,-800493
2014/05/27,0,558400,-1654157,-1095757
2014/05/28,0,1181000,-1581363,-400363
2014/05/29,0,1717000,-3115344,-1398344
2014/05/30,0,22883100,-29646478,-6763378
2014/06/03,0,558000,-3929370,-3371370
2014/06/04,0,469000,-5009000,-4540000
2014/06/05,0,496000,-3364083,-2868083
2014/06/06,0,225000,-640250,-415250
2014/06/09,0,245000,-1642095,-1397095
2014/06/10,0,117584,-742445,-624861
2014/06/11,0,183000,-1522000,-1339000
2014/06/12,0,499000,-1573000,-1074000
2014/06/13,0,227000,-1830000,-1603000
2014/06/16,0,160000,-921000,-761000
2014/06/17,0,332000,-412000,-80000
2014/06/18,0,860350,-487000,373350
2014/06/19,0,680350,-211200,469150
2014/06/20,0,161000,-317000,-156000
2014/06/23,0,272000,-273000,-1000
2014/06/24,0,297000,-168876,128124
2014/06/25,0,197000,-471000,-274000
2014/06/26,0,230000,-239394,-9394
2014/06/27,0,123000,-483000,-360000
2014/06/30,0,140000,-1091000,-951000
2014/07/01,0,59000,-170000,-111000
2014/07/02,0,336000,-1325000,-989000
2014/07/03,0,66000,-691856,-625856
2014/07/04,0,52000,-448000,-396000
2014/07/07,0,229000,-302000,-73000
2014/07/08,0,375000,-581000,-206000
2014/07/09,0,150000,-878000,-728000
2014/07/10,0,179000,-679000,-500000
2014/07/11,0,219000,-183000,36000
2014/07/14,0,52000,-210000,-158000
2014/07/15,0,84000,-693000,-609000
2014/07/16,0,133000,-103000,30000
2014/07/17,0,201000,-519000,-318000
2014/07/18,0,338000,-134000,204000
2014/07/21,0,168000,-119000,49000
2014/07/22,0,266000,-676000,-410000
2014/07/23,0,0,0,0
2014/07/24,0,101000,-123000,-22000
2014/07/25,0,185000,-257000,-72000
2014/07/28,0,457000,-164000,293000
2014/07/29,0,318000,-515000,-197000
2014/07/30,0,278557,-163000,115557
2014/07/31,0,517000,-383000,134000
2014/08/01,0,93000,-40000,53000
2014/08/04,0,132000,0,132000
2014/08/05,0,9000,0,9000
2014/08/06,0,17000,0,17000
2014/08/07,0,11000,0,11000
2014/08/08,0,73000,-23000,50000
2014/08/11,0,794000,-609000,185000
2014/08/12,0,154000,-579000,-425000
2014/08/13,0,500000,-403944,96056
2014/08/14,0,216000,-409000,-193000
2014/08/15,0,29000,0,29000
2014/08/18,0,27000,0,27000
2014/08/19,0,611000,-21000,590000
2014/08/20,0,385000,-139000,246000
2014/08/21,0,145000,-117000,28000
2014/08/22,0,598000,-585000,13000
2014/08/25,0,120000,-873000,-753000
2014/08/26,0,82000,-1656000,-1574000
2014/08/27,0,502000,-588000,-86000
2014/08/28,0,296000,-336000,-40000
2014/08/29,0,467000,-948000,-481000
2014/09/01,0,95000,-439164,-344164
2014/09/02,0,287000,-508479,-221479
2014/09/03,0,720000,-1073870,-353870
2014/09/04,0,116000,-102000,14000
2014/09/05,0,38000,-118000,-80000
2014/09/09,0,412000,-123000,289000
2014/09/10,0,152000,-70000,82000
2014/09/11,0,219000,-616000,-397000
2014/09/12,0,582604,-875000,-292396
2014/09/15,0,323000,-298000,25000
2014/09/16,0,221000,-468000,-247000
2014/09/17,0,210000,-848000,-638000
2014/09/18,0,20000,-207000,-187000
2014/09/19,0,187000,-1593082,-1406082
2014/09/22,0,77000,-588000,-511000
2014/09/23,0,80000,-131000,-51000
2014/09/24,0,513000,-321000,192000
2014/09/25,0,594000,-227000,367000
2014/09/26,0,666000,-496000,170000
2014/09/29,0,701000,-320000,381000
2014/09/30,0,414000,-653000,-239000
2014/10/01,0,86910,-490000,-403090
2014/10/02,0,125000,-271000,-146000
2014/10/03,0,225000,-141000,84000
2014/10/06,0,60000,-34000,26000
2014/10/07,0,40000,-174000,-134000
2014/10/08,0,808000,-1157000,-349000
2014/10/09,0,167228,-356000,-188772
2014/10/13,0,628000,-68000,560000
2014/10/14,0,288000,-481000,-193000
2014/10/15,0,150000,-687000,-537000
2014/10/16,0,381000,-906000,-525000
2014/10/17,0,3132000,-5438000,-2306000
2014/10/20,0,1124000,-1164000,-40000
2014/10/21,0,175000,-723000,-548000
2014/10/22,0,62000,-1370000,-1308000
2014/10/23,0,158000,-2030000,-1872000
2014/10/24,0,92000,-1037000,-945000
2014/10/27,0,19000,-531410,-512410
2014/10/28,0,330000,-218000,112000
2014/10/29,0,167000,-105000,62000
2014/10/30,0,387000,-114000,273000
2014/10/31,0,845000,-153000,692000
2014/11/03,0,284661,-461000,-176339
2014/11/04,0,107000,-1045000,-938000
2014/11/05,0,222000,-506642,-284642
2014/11/06,0,47000,-115000,-68000
2014/11/07,0,112000,-103000,9000
2014/11/10,0,188000,-38000,150000
2014/11/11,0,308000,-175000,133000
2014/11/12,0,109000,-281000,-172000
2014/11/13,0,22000,-188000,-166000
2014/11/14,0,77000,-62000,15000
2014/11/17,0,22000,-150000,-128000
2014/11/18,0,946000,-365000,581000
2014/11/19,0,480500,-182000,298500
2014/11/20,0,226000,-136000,90000
2014/11/21,0,69000,-157000,-88000
2014/11/24,0,96000,-15000,81000
2014/11/25,0,75000,-143000,-68000
2014/11/26,0,200000,-25000,175000
2014/11/27,0,78000,-116000,-38000
2014/11/28,0,82000,-180478,-98478
2014/12/01,0,253000,-173618,79382
2014/12/02,0,310000,-194000,116000
2014/12/03,0,267000,-60000,207000
2014/12/04,0,55000,-78000,-23000
2014/12/05,0,188000,-449240,-261240
2014/12/08,0,105000,-158000,-53000
2014/12/09,0,597000,-354000,243000
2014/12/10,0,350000,-301000,49000
2014/12/11,0,17000,-211000,-194000
2014/12/12,0,601000,-205000,396000
2014/12/15,0,400000,-351000,49000
2014/12/16,0,1191000,-194000,997000
2014/12/17,0,773000,-670000,103000
2014/12/18,0,346000,-244000,102000
2014/12/19,0,387000,-72000,315000
2014/12/22,0,163000,-220000,-57000
2014/12/23,0,318000,-237000,81000
2014/12/24,0,99000,-65000,34000
2014/12/25,0,411000,-103000,308000
2014/12/26,0,436000,-128000,308000
2014/12/29,0,469000,-116000,353000
2014/12/30,0,310000,-147000,163000
2014/12/31,0,254000,-117231,136769
2015/01/01,0,0,0,0
2015/01/02,0,0,0,0
2015/01/05,0,735000,-181000,554000
2015/01/06,0,777000,-83000,694000
2015/01/07,0,312000,-178000,134000
2015/01/08,0,97000,-254000,-157000
2015/01/09,0,798000,-161133,636867
2015/01/12,0,247000,-124000,123000
2015/01/13,0,122000,-315000,-193000
2015/01/14,0,13000,-225000,-212000
2015/01/15,0,47000,-357000,-310000
2015/01/16,0,64000,-497000,-433000
2015/01/19,0,230000,-277000,-47000
2015/01/20,0,844000,-51000,793000
2015/01/21,0,446000,-241000,205000
2015/01/22,0,210000,-92000,118000
2015/01/23,0,10000,-80000,-70000
2015/01/26,0,78000,-210000,-132000
2015/01/27,0,45000,-28000,17000
2015/01/28,0,337000,-37000,300000
2015/01/29,0,30000,-475000,-445000
2015/01/30,0,12000,-275000,-263000
2015/02/02,0,45000,-91000,-46000
2015/02/03,0,42000,-472000,-430000
2015/02/04,0,37000,-36000,1000
2015/02/05,0,22000,-26000,-4000
2015/02/06,0,58000,-32000,26000
2015/02/09,0,91000,-62000,29000
2015/02/10,0,131000,-79000,52000
2015/02/11,0,74001,-61000,13001
2015/02/12,0,84000,-52000,32000
2015/02/13,0,126000,-123000,3000
2015/02/16,0,0,0,0
2015/02/17,0,0,0,0
2015/02/18,0,0,0,0
2015/02/19,0,0,0,0
2015/02/20,0,0,0,0
2015/02/23,0,0,0,0
2015/02/24,0,40000,-58000,-18000
2015/02/25,0,15000,-139000,-124000
2015/02/26,0,90000,-13000,77000
2015/02/27,0,0,0,0
2015/03/02,0,11000,-78000,-67000
2015/03/03,0,17000,-38000,-21000
2015/03/04,0,30000,-43000,-13000
2015/03/05,0,42000,-13000,29000
2015/03/06,0,1481000,-107000,1374000
2015/03/09,0,0,-407000,-407000
2015/03/10,0,1000,-180000,-179000
2015/03/11,0,16000,-262000,-246000
2015/03/12,0,19000,-46000,-27000
2015/03/13,0,16000,-180000,-164000
2015/03/16,0,22000,-150235,-128235
2015/03/17,0,0,-216000,-216000
2015/03/18,0,156000,-65000,91000
2015/03/19,0,75000,-297047,-222047
2015/03/20,0,213000,-633000,-420000
2015/03/23,0,127000,-482610,-355610
2015/03/24,0,56000,-24000,32000
2015/03/25,0,59000,-151000,-92000
2015/03/26,0,138000,0,138000
2015/03/27,0,311000,-209000,102000
2015/03/30,0,136000,-111000,25000
2015/03/31,0,331000,-186000,145000
2015/04/01,0,15000,-129000,-114000
2015/04/02,0,75000,-107000,-32000
2015/04/03,0,0,0,0
2015/04/06,0,0,0,0
2015/04/07,0,175000,-205382,-30382
2015/04/08,0,58000,-127000,-69000
2015/04/09,0,116000,-204000,-88000
2015/04/10,0,101000,-24000,77000
2015/04/13,0,445000,-46000,399000
2015/04/14,0,1601000,-14000,1587000
2015/04/15,0,792000,-205000,587000
2015/04/16,0,140000,-1064000,-924000
2015/04/17,0,1053000,-167000,886000
2015/04/20,0,116000,-276000,-160000
2015/04/21,0,1056000,-919000,137000
2015/04/22,0,506000,-519000,-13000
2015/04/23,0,291000,-81000,210000
2015/04/24,0,680000,-4000,676000
2015/04/27,0,835000,-358000,477000
2015/04/28,0,413000,-176000,237000
2015/04/29,0,403000,-298000,105000
2015/04/30,0,333000,-113000,220000
2015/05/01,0,0,0,0
2015/05/04,0,70000,-302000,-232000
2015/05/05,0,249000,-34000,215000
2015/05/06,0,1477000,-283000,1194000
2015/05/07,0,235000,-974000,-739000
2015/05/08,0,200000,-475000,-275000
2015/05/11,0,215000,-436000,-221000
2015/05/12,0,519000,-53000,466000
2015/05/13,0,306000,-252000,54000
2015/05/14,0,63000,-318000,-255000
2015/05/15,0,44000,-382000,-338000
2015/05/18,0,88000,-321000,-233000
2015/05/19,0,55000,-145000,-90000
2015/05/20,0,64000,-276000,-212000
2015/05/21,0,53000,-457000,-404000
2015/05/22,0,176000,-196000,-20000
2015/05/25,0,81000,-339000,-258000
2015/05/26,0,189000,-348000,-159000
2015/05/27,0,109000,-151000,-42000
2015/05/28,0,154000,-225000,-71000
2015/05/29,0,167000,-516000,-349000
2015/06/01,0,219000,-473000,-254000
2015/06/02,0,95000,-331000,-236000
2015/06/03,0,191000,-299000,-108000
2015/06/04,0,193000,-411000,-218000
2015/06/05,0,92000,-464000,-372000
2015/06/08,0,156000,-125000,31000
2015/06/09,0,165000,-215000,-50000
2015/06/10,0,530000,-53000,477000
2015/06/11,0,259000,-454000,-195000
2015/06/12,0,120000,-380000,-260000
2015/06/15,0,396000,-68000,328000
2015/06/16,0,221000,-339000,-118000
2015/06/17,0,247000,-925000,-678000
2015/06/18,0,176000,-221000,-45000
2015/06/19,0,0,0,0
2015/06/22,0,74000,-198000,-124000
2015/06/23,0,169000,-220000,-51000
2015/06/24,0,86000,-249000,-163000
2015/06/25,0,124000,-293000,-169000
2015/06/26,0,90000,-190000,-100000
2015/06/29,0,53000,-144000,-91000
2015/06/30,0,393000,-149000,244000
2015/07/01,0,383000,-726000,-343000
2015/07/02,0,62000,-427000,-365000
2015/07/03,0,51000,-468000,-417000
2015/07/06,0,244000,-86000,158000
2015/07/07,0,363000,-149000,214000
2015/07/08,0,324000,-242099,81901
2015/07/09,0,355000,-158000,197000
2015/07/10,0,0,0,0
2015/07/13,0,203000,-154000,49000
2015/07/14,0,262000,-404000,-142000
2015/07/15,0,437000,-231000,206000
2015/07/16,0,460000,-138000,322000
2015/07/17,0,765000,-201000,564000
2015/07/20,0,394000,-283000,111000
2015/07/21,0,159000,-120000,39000
2015/07/22,0,66000,-71000,-5000
2015/07/23,0,140000,-138000,2000
2015/07/24,0,36000,-105000,-69000
2015/07/27,0,120000,-136000,-16000
2015/07/28,0,287000,-74000,213000
2015/07/29,0,295000,-175000,120000
2015/07/30,0,92000,-297000,-205000
2015/07/31,0,42000,-203000,-161000
2015/08/03,0,523000,-918153,-395153
2015/08/04,0,577000,-101000,476000
2015/08/05,0,212000,-101000,111000
2015/08/06,0,295000,-185000,110000
2015/08/07,0,122000,-39000,83000
2015/08/10,0,75000,-146000,-71000
2015/08/11,0,127000,-314000,-187000
2015/08/12,0,131000,-127000,4000
2015/08/13,0,175000,-169000,6000
2015/08/14,0,51000,-143000,-92000
2015/08/17,0,97000,-62000,35000
2015/08/18,0,239000,-171000,68000
2015/08/19,0,122000,-370000,-248000
2015/08/20,0,95000,-607000,-512000
2015/08/21,0,120000,-234000,-114000
2015/08/24,0,151000,-604000,-453000
2015/08/25,0,254000,-348000,-94000
2015/08/26,0,236000,-442000,-206000
2015/08/27,0,245000,-523000,-278000
2015/08/28,0,364000,-72000,292000
2015/08/31,0,411000,-162000,249000
2015/09/01,0,277000,-396643,-119643
2015/09/02,0,779000,-42000,737000
2015/09/03,0,712209,-94000,618209
2015/09/04,0,135000,-180000,-45000
2015/09/07,0,110000,-115000,-5000
2015/09/08,0,49000,-139000,-90000
2015/09/09,0,454000,-358000,96000
2015/09/10,0,500000,-4000,496000
2015/09/11,0,333000,-124000,209000
2015/09/14,0,141000,-129000,12000
2015/09/15,0,387000,-154000,233000
2015/09/16,0,116000,-114000,2000
2015/09/17,0,451000,-37000,414000
2015/09/18,0,901000,-187000,714000
2015/09/21,0,248000,-228000,20000
2015/09/22,0,1641000,-200000,1441000
2015/09/23,0,640000,-631748,8252
2015/09/24,0,1109000,-435000,674000
2015/09/25,0,1584000,-306000,1278000
2015/09/28,0,0,0,0
2015/09/29,0,0,0,0
2015/09/30,0,665000,-696000,-31000
2015/10/01,0,870000,-289000,581000
2015/10/02,0,531000,-194000,337000
2015/10/05,0,559000,-376000,183000
2015/10/06,0,197000,-259000,-62000
2015/10/07,0,901000,-345000,556000
2015/10/08,0,1234000,-309000,925000
2015/10/09,0,0,0,0
2015/10/12,0,2115625,-657000,1458625
2015/10/13,0,1229000,-788000,441000
2015/10/14,0,1606398,-487000,1119398
2015/10/15,0,373000,-358000,15000
2015/10/16,0,1703000,-2230000,-527000
2015/10/19,0,677000,-596000,81000
2015/10/20,0,1166000,-783000,383000
2015/10/21,0,761000,-312000,449000
2015/10/22,0,597000,-339000,258000
2015/10/23,0,508000,-167000,341000
2015/10/26,0,130000,-153000,-23000
2015/10/27,0,2410000,-325000,2085000
2015/10/28,0,304000,-1982418,-1678418
2015/10/29,0,868000,-251000,617000
2015/10/30,0,221000,-1496000,-1275000
2015/11/02,0,121000,-507000,-386000
2015/11/03,0,300000,-603000,-303000
2015/11/04,0,1837000,-657000,1180000
2015/11/05,0,473000,-1261000,-788000
2015/11/06,0,400000,-1541000,-1141000
2015/11/09,0,2354000,-744000,1610000
2015/11/10,0,1957000,-221000,1736000
2015/11/11,0,358000,-724000,-366000
2015/11/12,0,1022000,-1206000,-184000
2015/11/13,0,902000,-1133000,-231000
2015/11/16,0,994000,-542000,452000
2015/11/17,0,368000,-808000,-440000
2015/11/18,0,356000,-194000,162000
2015/11/19,0,301000,-520000,-219000
2015/11/20,0,1414000,-166000,1248000
2015/11/23,0,1664000,-306000,1358000
2015/11/24,0,415000,-1940000,-1525000
2015/11/25,0,2579000,-712000,1867000
2015/11/26,0,2928000,-398000,2530000
2015/11/27,0,1263000,-817000,446000
2015/11/30,0,1760000,-620000,1140000
2015/12/01,0,2873000,-1382584,1490416
2015/12/02,0,1499000,-1167000,332000
2015/12/03,0,1565000,-460560,1104440
2015/12/04,0,1000000,-709000,291000
2015/12/07,0,950046,-1084000,-133954
2015/12/08,0,4041077,-589000,3452077
2015/12/09,0,1595000,-655000,940000
2015/12/10,0,3175000,-535500,2639500
2015/12/11,0,1632000,-2582000,-950000
2015/12/14,0,1267000,-359000,908000
2015/12/15,0,1006000,-862000,144000
2015/12/16,0,139000,-563000,-424000
2015/12/17,0,884000,-486000,398000
2015/12/18,0,336000,-827000,-491000
2015/12/21,0,625000,-592251,32749
2015/12/22,0,1748000,-462000,1286000
2015/12/23,0,1588000,-1390486,197514
2015/12/24,0,479000,-805000,-326000
2015/12/25,0,114000,-2539000,-2425000
2015/12/28,0,407000,-87000,320000
2015/12/29,0,616000,-39106,576894
2015/12/30,0,656000,-189972,466028
2015/12/31,0,1396000,-746000,650000
2016/01/01,0,0,0,0
2016/01/04,0,275000,-1187000,-912000
2016/01/05,0,1066000,-982000,84000
2016/01/06,0,2961000,-479000,2482000
2016/01/07,0,4343000,-1974000,2369000
2016/01/08,0,806127,-1911000,-1104873
2016/01/11,0,452000,-310000,142000
2016/01/12,0,557000,-690000,-133000
2016/01/13,0,1027000,-106500,920500
2016/01/14,0,823000,-1079023,-256023
2016/01/15,0,655000,-268275,386725
2016/01/18,0,948000,-216000,732000
2016/01/19,0,2387000,-1401000,986000
2016/01/20,0,1664000,-716000,948000
2016/01/21,0,1054275,-399000,655275
2016/01/22,0,772000,-598522,173478
2016/01/25,0,696000,-451000,245000
2016/01/26,0,0,-1487000,-1487000
2016/01/27,0,1025425,-448000,577425
2016/01/28,0,122000,-371406,-249406
2016/01/29,0,669000,-599715,69285
2016/02/01,0,431000,-181000,250000
2016/02/02,0,1429000,-422000,1007000
2016/02/03,0,950700,-542000,408700
2016/02/04,0,0,0,0
2016/02/05,0,0,0,0
2016/02/08,0,0,0,0
2016/02/09,0,0,0,0
2016/02/10,0,0,0,0
2016/02/11,0,0,0,0
2016/02/12,0,0,0,0
2016/02/15,0,294000,-366000,-72000
2016/02/16,0,159000,-474000,-315000
2016/02/17,0,903000,-2406000,-1503000
2016/02/18,0,121141,-1358000,-1236859
2016/02/19,0,225000,-1267000,-1042000
2016/02/22,0,210000,-1032000,-822000
2016/02/23,0,317425,-401000,-83575
2016/02/24,0,733000,-1197000,-464000
2016/02/25,0,1274000,-86000,1188000
2016/02/26,0,1069275,-265000,804275
2016/02/29,0,0,0,0
2016/03/01,0,843000,-239888,603112
2016/03/02,0,783000,-317000,466000
2016/03/03,0,733291,-387000,346291
2016/03/04,0,1142000,-273000,869000
2016/03/07,0,484000,-864000,-380000
2016/03/08,0,478000,-2406408,-1928408
2016/03/09,0,97000,-520000,-423000
2016/03/10,0,321000,-243000,78000
2016/03/11,0,461000,-288000,173000
2016/03/14,0,1339000,-438000,901000
2016/03/15,0,2557000,-424337,2132663
2016/03/16,0,3367000,-334492,3032508
2016/03/17,0,176000,-674000,-498000
2016/03/18,0,981000,-457000,524000
2016/03/21,0,906000,-182000,724000
2016/03/22,0,1520425,-579282,941143
2016/03/23,0,137000,-381000,-244000
2016/03/24,0,389000,-194000,195000
2016/03/25,0,651000,-128000,523000
2016/03/28,0,1221000,-193000,1028000
2016/03/29,0,91000,-879826,-788826
2016/03/30,0,308000,-93000,215000
2016/03/31,0,2092000,-945000,1147000
2016/04/01,0,2180000,-544000,1636000
2016/04/04,0,0,0,0
2016/04/05,0,0,0,0
2016/04/06,0,2019000,-570000,1449000
2016/04/07,0,2571000,-383000,2188000
2016/04/08,0,378000,-370000,8000
2016/04/11,0,1153000,-745000,408000
2016/04/12,0,1099174,-301000,798174
2016/04/13,0,2230000,-603000,1627000
2016/04/14,0,305000,-785000,-480000
2016/04/15,0,2531000,-355000,2176000
2016/04/18,0,2327000,-350000,1977000
2016/04/19,0,1105401,-163000,942401
2016/04/20,0,1870000,-167000,1703000
2016/04/21,0,1078000,-221000,857000
2016/04/22,0,1574000,-429000,1145000
2016/04/25,0,2163868,-1087000,1076868
2016/04/26,0,1687934,-166000,1521934
2016/04/27,0,5722000,-472000,5250000
2016/04/28,0,6400000,-1818000,4582000
2016/04/29,0,1434000,-927000,507000
2016/05/02,0,0,0,0
2016/05/03,0,1973000,-1076000,897000
2016/05/04,0,1408000,-659237,748763
2016/05/05,0,615000,-567000,48000
2016/05/06,0,539000,-1803685,-1264685
2016/05/09,0,1541000,-487000,1054000
2016/05/10,0,625000,-393000,232000
2016/05/11,0,312000,-1135000,-823000
2016/05/12,0,361000,-758000,-397000
2016/05/13,0,347467,-822993,-475526
2016/05/16,0,483000,-438000,45000
2016/05/17,0,840934,-226000,614934
2016/05/18,0,552000,-864900,-312900
2016/05/19,0,189000,-1424000,-1235000
2016/05/20,0,208000,-742531,-534531
2016/05/23,0,392467,-271000,121467
2016/05/24,0,119000,-419000,-300000
2016/05/25,0,779000,-333000,446000
2016/05/26,0,312000,-412000,-100000
2016/05/27,0,1416300,-836828,579472
2016/05/30,0,463000,-467000,-4000
2016/05/31,0,1430000,-869000,561000
2016/06/01,0,732000,-515000,217000
2016/06/02,0,982000,-531000,451000
2016/06/03,0,731000,-212000,519000
2016/06/06,0,1187000,-432175,754825
2016/06/07,0,994000,-416000,578000
2016/06/08,0,684000,-667435,16565
2016/06/09,0,0,0,0
2016/06/10,0,0,0,0
2016/06/13,0,1797000,-734000,1063000
2016/06/14,0,941407,-805000,136407
2016/06/15,0,673000,-552000,121000
2016/06/16,0,559000,-379000,180000
2016/06/17,0,384000,-487000,-103000
2016/06/20,0,499000,-533824,-34824
2016/06/21,0,671000,-186000,485000
2016/06/22,0,2118963,-617000,1501963
2016/06/23,0,4035000,-854000,3181000
2016/06/24,0,347000,-628000,-281000
2016/06/27,0,177000,-704000,-527000
2016/06/28,0,889000,-305000,584000
2016/06/29,0,2726000,-951000,1775000
2016/06/30,0,3647000,-403000,3244000
2016/07/01,0,1704000,-105000,1599000
2016/07/04,0,1347095,-121000,1226095
2016/07/05,0,435000,-308000,127000
2016/07/06,0,590000,-180000,410000
2016/07/07,0,652735,-963000,-310265
2016/07/08,0,0,0,0
2016/07/11,0,2438113,-485665,1952448
2016/07/12,0,961300,-437000,524300
2016/07/13,0,1215000,-577000,638000
2016/07/14,0,263000,-695000,-432000
2016/07/15,0,771000,-365000,406000
2016/07/18,0,598000,-309000,289000
2016/07/19,0,348000,-143000,205000
2016/07/20,0,176000,-277000,-101000
2016/07/21,0,217000,-209000,8000
2016/07/22,0,153000,-203000,-50000
2016/07/25,0,553500,-631000,-77500
2016/07/26,0,439000,-1679000,-1240000
2016/07/27,0,426280,-426960,-680
2016/07/28,0,332640,-427000,-94360
2016/07/29,0,284000,-864000,-580000
2016/08/01,0,662920,-290000,372920
2016/08/02,0,208000,-243000,-35000
2016/08/03,0,720000,-431000,289000
2016/08/04,0,357000,-1327000,-970000
2016/08/05,0,259000,-140000,119000
2016/08/08,0,500000,-162000,338000
2016/08/09,0,504000,-257000,247000
2016/08/10,0,672237,-222000,450237
2016/08/11,0,286000,-302000,-16000
2016/08/12,0,637000,-538000,99000
2016/08/15,0,961560,-179000,782560
2016/08/16,0,422000,-365000,57000
2016/08/17,0,1697413,-60000,1637413
2016/08/18,0,531000,-379000,152000
2016/08/19,0,995675,-546413,449262
2016/08/22,0,351644,-177000,174644
2016/08/23,0,130280,-220000,-89720
2016/08/24,0,410640,-139000,271640
2016/08/25,0,247000,-81000,166000
2016/08/26,0,477463,-193000,284463
2016/08/29,0,755000,-206000,549000
2016/08/30,0,489000,-59000,430000
2016/08/31,0,714000,-235165,478835
2016/09/01,0,103000,-440000,-337000
2016/09/02,0,246000,-696000,-450000
2016/09/05,0,875000,-301000,574000
2016/09/06,0,447000,-102295,344705
2016/09/07,0,675594,-166000,509594
2016/09/08,0,1085391,-69000,1016391
2016/09/09,0,218000,-196260,21740
2016/09/12,0,584000,-379000,205000
2016/09/13,0,367000,-433000,-66000
2016/09/14,0,2089300,-890000,1199300
2016/09/15,0,0,0,0
2016/09/16,0,0,0,0
2016/09/19,0,66005,-783000,-716995
2016/09/20,0,95000,-520292,-425292
2016/09/21,0,310000,-480000,-170000
2016/09/22,0,99000,-686000,-587000
2016/09/23,0,521000,-690220,-169220
2016/09/26,0,531478,-281000,250478
2016/09/27,0,0,0,0
2016/09/28,0,0,0,0
2016/09/29,0,237000,-804853,-567853
2016/09/30,0,875000,-1938318,-1063318
2016/10/03,0,259768,-319000,-59232
2016/10/04,0,544000,-430714,113286
2016/10/05,0,264000,-408000,-144000
2016/10/06,0,312000,-103046,208954
2016/10/07,0,146000,-244000,-98000
2016/10/10,0,0,0,0
2016/10/11,0,542000,-401297,140703
2016/10/12,0,213000,-439696,-226696
2016/10/13,0,400000,-455000,-55000
2016/10/14,0,324000,-669000,-345000
2016/10/17,0,357000,-630000,-273000
2016/10/18,0,386000,-1250000,-864000
2016/10/19,0,465718,-345874,119844
2016/10/20,0,571000,-280000,291000
2016/10/21,0,1858000,-1958047,-100047
2016/10/24,0,119000,-383000,-264000
2016/10/25,0,461000,-252000,209000
2016/10/26,0,439000,-221000,218000
2016/10/27,0,214000,-104423,109577
2016/10/28,0,348000,-213000,135000
2016/10/31,0,99000,-205000,-106000
2016/11/01,0,277010,-450331,-173321
2016/11/02,0,198000,-522000,-324000
2016/11/03,0,545000,-626718,-81718
2016/11/04,0,247000,-66000,181000
2016/11/07,0,737000,-316751,420249
2016/11/08,0,239000,-394000,-155000
2016/11/09,0,230000,-368000,-138000
2016/11/10,0,332000,-510000,-178000
2016/11/11,0,166000,-302000,-136000
2016/11/14,0,164000,-393000,-229000
2016/11/15,0,186000,-614186,-428186
2016/11/16,0,488000,-582000,-94000
2016/11/17,0,125000,-202718,-77718
2016/11/18,0,299000,-287000,12000
2016/11/21,0,157000,-424000,-267000
2016/11/22,0,463987,-100000,363987
2016/11/23,0,425000,-552000,-127000
2016/11/24,0,494000,-924000,-430000
2016/11/25,0,270000,-342000,-72000
2016/11/28,0,340000,-394000,-54000
2016/11/29,0,194000,-312000,-118000
2016/11/30,0,442000,-1189000,-747000
2016/12/01,0,429000,-1303995,-874995
2016/12/02,0,479000,-669000,-190000
2016/12/05,0,201000,-386000,-185000
2016/12/06,0,445000,-690000,-245000
2016/12/07,0,832000,-927000,-95000
2016/12/08,0,3837000,-1642207,2194793
2016/12/09,0,1578000,-551000,1027000
2016/12/12,0,963000,-438000,525000
2016/12/13,0,1475000,-1048945,426055
2016/12/14,0,735000,-338000,397000
2016/12/15,0,1645000,-392000,1253000
2016/12/16,0,1107000,-246000,861000
2016/12/19,0,1005000,-234000,771000
2016/12/20,0,1715000,-246972,1468028
2016/12/21,0,2202580,-493000,1709580
2016/12/22,0,567000,-868000,-301000
2016/12/23,0,510000,-324000,186000
2016/12/26,0,126000,-164000,-38000
2016/12/27,0,709000,-170000,539000
2016/12/28,0,736000,-479000,257000
2016/12/29,0,222370,-573380,-351010
2016/12/30,0,1256000,-459000,797000
2017/01/02,0,0,0,0
2017/01/03,0,321000,-631000,-310000
2017/01/04,0,468000,-739000,-271000
2017/01/05,0,1118000,-1030000,88000
2017/01/06,0,460000,-784000,-324000
2017/01/09,0,440000,-1291000,-851000
2017/01/10,0,512000,-893034,-381034
2017/01/11,0,3260000,-1748000,1512000
2017/01/12,0,330000,-2833242,-2503242
2017/01/13,0,566000,-518000,48000
2017/01/16,0,733000,-949000,-216000
2017/01/17,0,415000,-2119790,-1704790
2017/01/18,0,1999000,-865786,1133214
2017/01/19,0,668000,-736497,-68497
2017/01/20,0,323000,-270000,53000
2017/01/23,0,770000,-312000,458000
2017/01/24,0,1216590,-589761,626829
2017/01/25,0,0,0,0
2017/01/26,0,0,0,0
2017/01/27,0,0,0,0
2017/01/30,0,0,0,0
2017/01/31,0,0,0,0
2017/02/01,0,0,0,0
2017/02/02,0,245000,-684000,-439000
2017/02/03,0,169000,-356000,-187000
2017/02/06,0,612000,-195000,417000
2017/02/07,0,207000,-743000,-536000
2017/02/08,0,165000,-660447,-495447
2017/02/09,0,476000,-144000,332000
2017/02/10,0,256590,-634554,-377964
2017/02/13,0,594000,-522000,72000
2017/02/14,0,1018590,-501000,517590
2017/02/15,0,773000,-805724,-32724
2017/02/16,0,819590,-715848,103742
2017/02/17,0,471000,-451681,19319
2017/02/20,0,468000,-471938,-3938
2017/02/21,0,330000,-361608,-31608
2017/02/22,0,437385,-788512,-351127
2017/02/23,0,394000,-252425,141575
2017/02/24,0,211000,-516725,-305725
2017/02/27,0,0,0,0
2017/02/28,0,0,0,0
2017/03/01,0,155000,-531000,-376000
2017/03/02,0,314000,-779000,-465000
2017/03/03,0,257000,-781794,-524794
2017/03/06,0,142000,-392598,-250598
2017/03/07,0,191000,-221541,-30541
2017/03/08,0,184000,-1097025,-913025
2017/03/09,0,319364,-1197000,-877636
2017/03/10,0,284000,-513704,-229704
2017/03/13,0,98001,-326000,-227999
2017/03/14,0,218000,-298085,-80085
2017/03/15,0,86000,-404254,-318254
2017/03/16,0,737000,-959000,-222000
2017/03/17,0,1902000,-798069,1103931
2017/03/20,0,375000,-324000,51000
2017/03/21,0,325364,-281000,44364
2017/03/22,0,376000,-354000,22000
2017/03/23,0,279001,-621327,-342326
2017/03/24,0,635364,-363000,272364
2017/03/27,0,132000,-416457,-284457
2017/03/28,0,432000,-626618,-194618
2017/03/29,0,154000,-441000,-287000
2017/03/30,0,85000,-246802,-161802
2017/03/31,0,288000,-273000,15000
2017/04/03,0,0,0,0
2017/04/04,0,0,0,0
2017/04/05,0,371728,-685000,-313272
2017/04/06,0,114000,-410833,-296833
2017/04/07,0,94000,-362000,-268000
2017/04/10,0,185000,-755000,-570000
2017/04/11,0,426880,-489000,-62120
2017/04/12,0,438000,-677119,-239119
2017/04/13,0,88001,-105000,-16999
2017/04/14,0,59000,-270000,-211000
2017/04/17,0,62000,-292000,-230000
2017/04/18,0,122000,-496000,-374000
2017/04/19,0,165000,-347132,-182132
