Date,Open,Buy,Sell,Total
2007/01/02,0,365000,-58000,307000
2007/01/03,0,553000,-82000,471000
2007/01/04,0,1158000,-26000,1132000
2007/01/05,0,352000,-205000,147000
2007/01/08,0,914000,-194240,719760
2007/01/09,0,991000,-738000,253000
2007/01/10,0,1104000,-719000,385000
2007/01/11,0,2076000,-89000,1987000
2007/01/12,0,1555000,-40000,1515000
2007/01/15,0,2581000,-289000,2292000
2007/01/16,0,4298000,-491000,3807000
2007/01/17,0,7870000,-563000,7307000
2007/01/18,0,5950000,-594000,5356000
2007/01/19,0,4295000,-45000,4250000
2007/01/22,0,1167000,-212000,955000
2007/01/23,0,3971000,-83000,3888000
2007/01/24,0,2565000,-5000,2560000
2007/01/25,0,1892000,-41000,1851000
2007/01/26,0,525000,-176000,349000
2007/01/29,0,1137000,-344000,793000
2007/01/30,0,999000,-582031,416969
2007/01/31,0,2049000,-1020000,1029000
2007/02/01,0,731000,-23000,708000
2007/02/02,0,847000,-104000,743000
2007/02/05,0,806000,-19000,787000
2007/02/06,0,1130000,-468000,662000
2007/02/07,0,434000,-51000,383000
2007/02/08,0,727000,-182870,544130
2007/02/09,0,644000,-304000,340000
2007/02/12,0,538000,-403000,135000
2007/02/13,0,485000,-153340,331660
2007/02/14,0,784000,-378000,406000
2007/02/15,0,0,0,0
2007/02/16,0,0,0,0
2007/02/19,0,0,0,0
2007/02/20,0,0,0,0
2007/02/21,0,0,0,0
2007/02/22,0,0,0,0
2007/02/23,0,0,0,0
2007/02/26,0,1567000,-1500209,66791
2007/02/27,0,1561000,-260000,1301000
2007/02/28,0,0,0,0
2007/03/01,0,1355000,-1735000,-380000
2007/03/02,0,769000,-1223000,-454000
2007/03/05,0,1239000,-1437364,-198364
2007/03/06,0,1149000,-497000,652000
2007/03/07,0,2957000,-1125217,1831783
2007/03/08,0,1213000,-354900,858100
2007/03/09,0,838000,-260000,578000
2007/03/12,0,1750000,-120000,1630000
2007/03/13,0,3481000,-399000,3082000
2007/03/14,0,651000,-1107000,-456000
2007/03/15,0,767000,-18000,749000
2007/03/16,0,576000,-215000,361000
2007/03/19,0,227000,-9000,218000
2007/03/20,0,1037000,-10000,1027000
2007/03/21,0,903000,-59000,844000
2007/03/22,0,3729000,-538000,3191000
2007/03/23,0,1086000,-104000,982000
2007/03/26,0,1316000,-378000,938000
2007/03/27,0,1608000,-1137000,471000
2007/03/28,0,1366000,-579000,787000
2007/03/29,0,2588000,-1994000,594000
2007/03/30,0,732000,-298000,434000
2007/04/02,0,5437000,-365026,5071974
2007/04/03,0,1848000,-653000,1195000
2007/04/04,0,1185000,-91000,1094000
2007/04/05,0,0,0,0
2007/04/06,0,0,0,0
2007/04/09,0,1098000,-54000,1044000
2007/04/10,0,1127000,-11000,1116000
2007/04/11,0,3267000,-218000,3049000
2007/04/12,0,3871000,-352000,3519000
2007/04/13,0,2197000,-345000,1852000
2007/04/16,0,2672000,-38000,2634000
2007/04/17,0,3535047,-530000,3005047
2007/04/18,0,2002000,-1303000,699000
2007/04/19,0,1168000,-1615600,-447600
2007/04/20,0,505000,-97000,408000
2007/04/23,0,757000,-93000,664000
2007/04/24,0,679000,-796990,-117990
2007/04/25,0,665000,-85000,580000
2007/04/26,0,744000,-96000,648000
2007/04/27,0,721000,-203100,517900
2007/04/30,0,720000,-468233,251767
2007/05/01,0,0,0,0
2007/05/02,0,776000,-105000,671000
2007/05/03,0,193000,-163000,30000
2007/05/04,0,170000,-10930,159070
2007/05/07,0,365000,-1000,364000
2007/05/08,0,473000,-359000,114000
2007/05/09,0,213000,-10000,203000
2007/05/10,0,290000,-584000,-294000
2007/05/11,0,39000,-30000,9000
2007/05/14,0,108000,-166000,-58000
2007/05/15,0,86000,-232000,-146000
2007/05/16,0,30000,-416000,-386000
2007/05/17,0,527000,-1320000,-793000
2007/05/18,0,225000,-1092000,-867000
2007/05/21,0,284000,-1211000,-927000
2007/05/22,0,329000,-1088000,-759000
2007/05/23,0,153000,-728000,-575000
2007/05/24,0,455000,-1037000,-582000
2007/05/25,0,75000,-647000,-572000
2007/05/28,0,305000,-845000,-540000
2007/05/29,0,259000,-322200,-63200
2007/05/30,0,239000,-591000,-352000
2007/05/31,0,688000,-1082234,-394234
2007/06/01,0,245000,-84000,161000
2007/06/04,0,168000,-336000,-168000
2007/06/05,0,153000,-1521000,-1368000
2007/06/06,0,179000,-674000,-495000
2007/06/07,0,368000,-804000,-436000
2007/06/08,0,44000,-433000,-389000
2007/06/11,0,108000,-105000,3000
2007/06/12,0,9000,-75000,-66000
2007/06/13,0,8000,-344000,-336000
2007/06/14,0,103000,-107000,-4000
2007/06/15,0,688000,-1005000,-317000
2007/06/18,0,0,0,0
2007/06/19,0,0,0,0
2007/06/20,0,1423000,-826000,597000
2007/06/21,0,928000,-497000,431000
2007/06/22,0,256000,-886000,-630000
2007/06/25,0,229000,-4264000,-4035000
2007/06/26,0,415000,-790000,-375000
2007/06/27,0,52000,-664193,-612193
2007/06/28,0,682000,-475000,207000
2007/06/29,0,121000,-283233,-162233
2007/07/02,0,285000,-198000,87000
2007/07/03,0,599000,-327000,272000
2007/07/04,0,660000,-459000,201000
2007/07/05,0,28000,-213000,-185000
2007/07/06,0,130000,-314000,-184000
2007/07/09,0,664000,-829000,-165000
2007/07/10,0,308000,-219000,89000
2007/07/11,0,78000,-81000,-3000
2007/07/12,0,566000,-1321000,-755000
2007/07/13,0,241000,-444000,-203000
2007/07/16,0,52000,-1671000,-1619000
2007/07/17,0,191000,-1963000,-1772000
2007/07/18,0,1431000,-2570000,-1139000
2007/07/19,0,161000,-983000,-822000
2007/07/20,0,195000,-1830000,-1635000
2007/07/23,0,267000,-3221000,-2954000
2007/07/24,0,420000,-2620000,-2200000
2007/07/25,0,281000,-4216000,-3935000
2007/07/26,0,355000,-6398000,-6043000
2007/07/27,0,136000,-4566000,-4430000
2007/07/30,0,702000,-2498000,-1796000
2007/07/31,0,92000,-1894600,-1802600
2007/08/01,0,234000,-3409000,-3175000
2007/08/02,0,199000,-1185000,-986000
2007/08/03,0,252000,-627000,-375000
2007/08/06,0,296000,-2557000,-2261000
2007/08/07,0,416000,-1860000,-1444000
2007/08/08,0,1018000,-607000,411000
2007/08/09,0,767000,-1194000,-427000
2007/08/10,0,188000,-1163000,-975000
2007/08/13,0,209000,-1572000,-1363000
2007/08/14,0,236000,-2050200,-1814200
2007/08/15,0,14000,-1624040,-1610040
2007/08/16,0,252000,-1775400,-1523400
2007/08/17,0,31000,-1495000,-1464000
2007/08/20,0,64000,-2516200,-2452200
2007/08/21,0,591000,-2171360,-1580360
2007/08/22,0,762000,-1521000,-759000
2007/08/23,0,784000,-1672000,-888000
2007/08/24,0,15000,-902000,-887000
2007/08/27,0,47000,-917000,-870000
2007/08/28,0,74000,-938720,-864720
2007/08/29,0,176000,-889240,-713240
2007/08/30,0,254000,-688000,-434000
2007/08/31,0,484000,-1228000,-744000
2007/09/03,0,79000,-502000,-423000
2007/09/04,0,209000,-390000,-181000
2007/09/05,0,80000,-461000,-381000
2007/09/06,0,525000,-5511000,-4986000
2007/09/07,0,101000,-3479560,-3378560
2007/09/10,0,262000,-3997520,-3735520
2007/09/11,0,208000,-7123560,-6915560
2007/09/12,0,23000,-2558440,-2535440
2007/09/13,0,163000,-3819000,-3656000
2007/09/14,0,678000,-4171240,-3493240
2007/09/17,0,456000,-3034215,-2578215
2007/09/18,0,0,0,0
2007/09/19,0,1128000,-2202000,-1074000
2007/09/20,0,801000,-4403000,-3602000
2007/09/21,0,260000,-1564000,-1304000
2007/09/24,0,0,0,0
2007/09/25,0,0,0,0
2007/09/26,0,272000,-1540000,-1268000
2007/09/27,0,656000,-932000,-276000
2007/09/28,0,598000,-962000,-364000
2007/10/01,0,360000,-390000,-30000
2007/10/02,0,367000,-844000,-477000
2007/10/03,0,425000,-645000,-220000
2007/10/04,0,697576,-2136200,-1438624
2007/10/05,0,620600,-462600,158000
2007/10/08,0,267000,-2105000,-1838000
2007/10/09,0,995000,-1745000,-750000
2007/10/10,0,0,0,0
2007/10/11,0,1256000,-1411000,-155000
2007/10/12,0,132000,-1098000,-966000
2007/10/15,0,507000,-127000,380000
2007/10/16,0,311000,-848000,-537000
2007/10/17,0,153000,-1024000,-871000
2007/10/18,0,440000,-755000,-315000
2007/10/19,0,978000,-1995000,-1017000
2007/10/22,0,170000,-1213000,-1043000
2007/10/23,0,162000,-1827000,-1665000
2007/10/24,0,484000,-975000,-491000
2007/10/25,0,1047145,-622000,425145
2007/10/26,0,514000,-780000,-266000
2007/10/29,0,651000,-1084520,-433520
2007/10/30,0,113000,-648000,-535000
2007/10/31,0,304000,-159000,145000
2007/11/01,0,425000,-75000,350000
2007/11/02,0,438000,-495000,-57000
2007/11/05,0,368000,-386000,-18000
2007/11/06,0,35000,-262000,-227000
2007/11/07,0,99000,-197000,-98000
2007/11/08,0,127000,-990000,-863000
2007/11/09,0,184000,-287720,-103720
2007/11/12,0,69000,-679000,-610000
2007/11/13,0,116000,-317000,-201000
2007/11/14,0,43000,-164000,-121000
2007/11/15,0,34000,-134000,-100000
2007/11/16,0,56000,-541000,-485000
2007/11/19,0,144000,-228000,-84000
2007/11/20,0,192000,-358000,-166000
2007/11/21,0,0,-929544,-929544
2007/11/22,0,129000,-395960,-266960
2007/11/23,0,80000,-284000,-204000
2007/11/26,0,631000,-170000,461000
2007/11/27,0,634600,-700000,-65400
2007/11/28,0,443000,-122000,321000
2007/11/29,0,521000,-66068,454932
2007/11/30,0,648000,-106000,542000
2007/12/03,0,534496,-159000,375496
2007/12/04,0,79000,-83000,-4000
2007/12/05,0,162000,-589000,-427000
2007/12/06,0,540664,-113000,427664
2007/12/07,0,527520,-22000,505520
2007/12/10,0,115000,-25000,90000
2007/12/11,0,162000,-35000,127000
2007/12/12,0,148000,-209000,-61000
2007/12/13,0,26000,-486800,-460800
2007/12/14,0,113000,-277000,-164000
2007/12/17,0,80000,-444000,-364000
2007/12/18,0,392000,-202608,189392
2007/12/19,0,96000,-243000,-147000
2007/12/20,0,72000,-158000,-86000
2007/12/21,0,362000,-91000,271000
2007/12/24,0,153000,-58000,95000
2007/12/25,0,130000,-86000,44000
2007/12/26,0,174000,-31000,143000
2007/12/27,0,339000,-54000,285000
2007/12/28,0,234000,-369360,-135360
2007/12/31,0,111000,-35000,76000
2008/01/01,0,0,0,0
2008/01/02,0,65000,-391360,-326360
2008/01/03,0,202000,-314000,-112000
2008/01/04,0,582000,-404000,178000
2008/01/07,0,200000,-515000,-315000
2008/01/08,0,46000,-422000,-376000
2008/01/09,0,311000,-74000,237000
2008/01/10,0,321000,-116000,205000
2008/01/11,0,208000,-241000,-33000
2008/01/14,0,870000,-188000,682000
2008/01/15,0,1116000,-199352,916648
2008/01/16,0,617000,-515000,102000
2008/01/17,0,259000,-797000,-538000
2008/01/18,0,206569,-156000,50569
2008/01/21,0,192000,-468000,-276000
2008/01/22,0,33000,-411000,-378000
2008/01/23,0,303000,-212000,91000
2008/01/24,0,279000,-189000,90000
2008/01/25,0,113000,-262000,-149000
2008/01/28,0,100000,-331000,-231000
2008/01/29,0,262000,-100773,161227
2008/01/30,0,433949,-669000,-235051
2008/01/31,0,283000,-30000,253000
2008/02/01,0,60000,-240000,-180000
2008/02/04,0,0,0,0
2008/02/05,0,0,0,0
2008/02/06,0,0,0,0
2008/02/07,0,0,0,0
2008/02/08,0,0,0,0
2008/02/11,0,0,0,0
2008/02/12,0,629000,-626264,2736
2008/02/13,0,185000,-153000,32000
2008/02/14,0,638000,-118000,520000
2008/02/15,0,354000,-121000,233000
2008/02/18,0,324000,-100000,224000
2008/02/19,0,441000,-102000,339000
2008/02/20,0,109000,-441000,-332000
2008/02/21,0,334000,-77333,256667
2008/02/22,0,67000,-211000,-144000
2008/02/25,0,684000,-116000,568000
2008/02/26,0,545000,-100000,445000
2008/02/27,0,1391000,-531000,860000
2008/02/28,0,0,0,0
2008/02/29,0,441456,-621952,-180496
2008/03/03,0,197000,-319000,-122000
2008/03/04,0,872000,-77000,795000
2008/03/05,0,865000,-190000,675000
2008/03/06,0,1391000,-9000,1382000
2008/03/07,0,709000,-142000,567000
2008/03/10,0,553000,-366000,187000
2008/03/11,0,513000,-1042000,-529000
2008/03/12,0,1240000,-90740,1149260
2008/03/13,0,418000,-859000,-441000
2008/03/14,0,150000,-431520,-281520
2008/03/17,0,131000,-898000,-767000
2008/03/18,0,435000,-389000,46000
2008/03/19,0,733000,-75000,658000
2008/03/20,0,539000,-142000,397000
2008/03/21,0,880000,-166000,714000
2008/03/24,0,1892000,-30000,1862000
2008/03/25,0,1078000,-8000,1070000
2008/03/26,0,917000,-29000,888000
2008/03/27,0,243996,-162000,81996
2008/03/28,0,801996,-786000,15996
2008/03/31,0,1983973,-434000,1549973
2008/04/01,0,828013,-384000,444013
2008/04/02,0,713000,-95000,618000
2008/04/03,0,25000,-92000,-67000
2008/04/04,0,0,0,0
2008/04/07,0,413000,-15000,398000
2008/04/08,0,56000,-468000,-412000
2008/04/09,0,113000,-279000,-166000
2008/04/10,0,455000,-72000,383000
2008/04/11,0,316000,-107226,208774
2008/04/14,0,591000,-118000,473000
2008/04/15,0,147000,-117000,30000
2008/04/16,0,386000,-10000,376000
2008/04/17,0,486000,-113000,373000
2008/04/18,0,215000,-270000,-55000
2008/04/21,0,313000,-9000,304000
2008/04/22,0,58000,-53013,4987
2008/04/23,0,247000,-18000,229000
2008/04/24,0,111000,-43000,68000
2008/04/25,0,148000,-62000,86000
2008/04/28,0,584000,-132000,452000
2008/04/29,0,107000,-654000,-547000
2008/04/30,0,159000,-82000,77000
2008/05/01,0,0,0,0
2008/05/02,0,453000,-80000,373000
2008/05/05,0,53000,-532000,-479000
2008/05/06,0,154000,-376000,-222000
2008/05/07,0,125000,-106000,19000
2008/05/08,0,20000,-1371000,-1351000
2008/05/09,0,110000,-280000,-170000
2008/05/12,0,228000,-63000,165000
2008/05/13,0,463000,-138000,325000
2008/05/14,0,125000,-435000,-310000
2008/05/15,0,466000,-144000,322000
2008/05/16,0,398000,-91000,307000
2008/05/19,0,222000,-60000,162000
2008/05/20,0,404000,-441000,-37000
2008/05/21,0,229000,-419528,-190528
2008/05/22,0,328000,-656000,-328000
2008/05/23,0,221000,-819000,-598000
2008/05/26,0,297000,-159000,138000
2008/05/27,0,120000,-181000,-61000
2008/05/28,0,76000,-789000,-713000
2008/05/29,0,527000,-870000,-343000
2008/05/30,0,866657,-122000,744657
2008/06/02,0,249000,-87000,162000
2008/06/03,0,85000,-335000,-250000
2008/06/04,0,223000,-222000,1000
2008/06/05,0,346000,-606000,-260000
2008/06/06,0,33000,-146000,-113000
2008/06/09,0,16000,-363000,-347000
2008/06/10,0,70000,-793569,-723569
2008/06/11,0,57000,-53000,4000
2008/06/12,0,38000,-465240,-427240
2008/06/13,0,49000,-482000,-433000
2008/06/16,0,273000,-310000,-37000
2008/06/17,0,150000,-240000,-90000
2008/06/18,0,167000,-271000,-104000
2008/06/19,0,58000,-754000,-696000
2008/06/20,0,345428,-403000,-57572
2008/06/23,0,487000,-49000,438000
2008/06/24,0,246000,-789000,-543000
2008/06/25,0,810000,-62136,747864
2008/06/26,0,88000,-234000,-146000
2008/06/27,0,607000,-521000,86000
2008/06/30,0,350000,-474000,-124000
2008/07/01,0,948000,-92000,856000
2008/07/02,0,187000,-269000,-82000
2008/07/03,0,844000,-2191000,-1347000
2008/07/04,0,83000,-920000,-837000
2008/07/07,0,230000,-568000,-338000
2008/07/08,0,212000,-1100000,-888000
2008/07/09,0,798000,-39000,759000
2008/07/10,0,490000,-168000,322000
2008/07/11,0,129000,-307000,-178000
2008/07/14,0,47000,-333000,-286000
2008/07/15,0,239000,-377000,-138000
2008/07/16,0,427000,-411000,16000
2008/07/17,0,330000,-399632,-69632
2008/07/18,0,72000,-276000,-204000
2008/07/21,0,654000,-432000,222000
2008/07/22,0,175000,-249000,-74000
2008/07/23,0,514000,-237000,277000
2008/07/24,0,285000,-75000,210000
2008/07/25,0,15000,-105000,-90000
2008/07/28,0,0,0,0
2008/07/29,0,14000,-378000,-364000
2008/07/30,0,390000,-67000,323000
2008/07/31,0,226000,-99000,127000
2008/08/01,0,198000,-39000,159000
2008/08/04,0,67000,-74000,-7000
2008/08/05,0,719000,-681000,38000
2008/08/06,0,903000,-20000,883000
2008/08/07,0,341000,-326000,15000
2008/08/08,0,357400,-400000,-42600
2008/08/11,0,258000,-311400,-53400
2008/08/12,0,375000,-73000,302000
2008/08/13,0,82000,-150000,-68000
2008/08/14,0,181000,-286000,-105000
2008/08/15,0,832000,-588000,244000
2008/08/18,0,871000,-371000,500000
2008/08/19,0,647000,-569000,78000
2008/08/20,0,848000,-405000,443000
2008/08/21,0,57000,-291000,-234000
2008/08/22,0,142000,-1036000,-894000
2008/08/25,0,409000,-7000,402000
2008/08/26,0,42000,-90000,-48000
2008/08/27,0,970000,-937000,33000
2008/08/28,0,711000,-693000,18000
2008/08/29,0,364000,-156000,208000
2008/09/01,0,112000,-575000,-463000
2008/09/02,0,58000,-169000,-111000
2008/09/03,0,124000,-22000,102000
2008/09/04,0,69000,-234000,-165000
2008/09/05,0,47000,-325000,-278000
2008/09/08,0,330000,-103000,227000
2008/09/09,0,212000,-223000,-11000
2008/09/10,0,694000,-523000,171000
2008/09/11,0,21000,-866000,-845000
2008/09/12,0,36000,-800000,-764000
2008/09/15,0,138000,-639000,-501000
2008/09/16,0,184000,-294000,-110000
2008/09/17,0,159000,-177000,-18000
2008/09/18,0,129000,-632000,-503000
2008/09/19,0,605000,-17000,588000
2008/09/22,0,370000,-215000,155000
2008/09/23,0,164000,-198700,-34700
2008/09/24,0,417576,-567576,-150000
2008/09/25,0,286000,-988600,-702600
2008/09/26,0,89000,-544000,-455000
2008/09/29,0,0,0,0
2008/09/30,0,290000,-430300,-140300
2008/10/01,0,176000,-425900,-249900
2008/10/02,0,75000,-381000,-306000
2008/10/03,0,340000,-115700,224300
2008/10/06,0,80000,-700400,-620400
2008/10/07,0,257000,-131650,125350
2008/10/08,0,477650,-450000,27650
2008/10/09,0,349000,-327000,22000
2008/10/10,0,0,0,0
2008/10/13,0,12000,-244000,-232000
2008/10/14,0,282000,-179000,103000
2008/10/15,0,310000,-142000,168000
2008/10/16,0,0,-282000,-282000
2008/10/17,0,295000,-641000,-346000
2008/10/20,0,74000,-319000,-245000
2008/10/21,0,171000,-552000,-381000
2008/10/22,0,108000,-683000,-575000
2008/10/23,0,3000,-208000,-205000
2008/10/24,0,45000,-71000,-26000
2008/10/27,0,42000,-241000,-199000
2008/10/28,0,143023,-388500,-245477
2008/10/29,0,205677,-447000,-241323
2008/10/30,0,396000,-39000,357000
2008/10/31,0,126000,-402000,-276000
2008/11/03,0,335000,-175000,160000
2008/11/04,0,339000,-83100,255900
2008/11/05,0,654000,-118000,536000
2008/11/06,0,76000,-419900,-343900
2008/11/07,0,199000,-831000,-632000
2008/11/10,0,334000,-158000,176000
2008/11/11,0,247000,-152638,94362
2008/11/12,0,123000,-445000,-322000
2008/11/13,0,130000,-498000,-368000
2008/11/14,0,84000,-210000,-126000
2008/11/17,0,126000,-39000,87000
2008/11/18,0,235000,-215200,19800
2008/11/19,0,13000,-494000,-481000
2008/11/20,0,48000,-395877,-347877
2008/11/21,0,214000,-239000,-25000
2008/11/24,0,121000,-129000,-8000
2008/11/25,0,357000,-142219,214781
2008/11/26,0,263000,-233796,29204
2008/11/27,0,355000,-1000,354000
2008/11/28,0,411000,-17204,393796
2008/12/01,0,650000,-30000,620000
2008/12/02,0,207000,-763187,-556187
2008/12/03,0,36000,-355000,-319000
2008/12/04,0,27000,-353000,-326000
2008/12/05,0,236000,-159482,76518
2008/12/08,0,1122400,-7000,1115400
2008/12/09,0,555000,-32799,522201
2008/12/10,0,576000,-17000,559000
2008/12/11,0,496000,-6000,490000
2008/12/12,0,227000,-496000,-269000
2008/12/15,0,896000,-45000,851000
2008/12/16,0,839000,-65000,774000
2008/12/17,0,1314000,-94000,1220000
2008/12/18,0,563000,-159000,404000
2008/12/19,0,719000,-286000,433000
2008/12/22,0,148000,-1186000,-1038000
2008/12/23,0,90000,-695000,-605000
2008/12/24,0,85000,-612000,-527000
2008/12/25,0,13000,-236000,-223000
2008/12/26,0,35000,-68000,-33000
2008/12/29,0,74000,-89000,-15000
2008/12/30,0,598000,-18000,580000
2008/12/31,0,69000,-213000,-144000
2009/01/01,0,0,0,0
2009/01/02,0,0,0,0
2009/01/05,0,308000,-111000,197000
2009/01/06,0,496059,-34000,462059
2009/01/07,0,348180,-135000,213180
2009/01/08,0,254000,-990000,-736000
2009/01/09,0,47000,-273000,-226000
2009/01/12,0,183868,-497000,-313132
2009/01/13,0,164000,-116000,48000
2009/01/14,0,41000,-232000,-191000
2009/01/15,0,232000,-1229000,-997000
2009/01/16,0,45000,-341000,-296000
2009/01/19,0,141000,-108420,32580
2009/01/20,0,479000,-985000,-506000
2009/01/21,0,473000,-385000,88000
2009/01/22,0,0,0,0
2009/01/23,0,0,0,0
2009/01/26,0,0,0,0
2009/01/27,0,0,0,0
2009/01/28,0,0,0,0
2009/01/29,0,0,0,0
2009/01/30,0,0,0,0
2009/02/02,0,18000,-449161,-431161
2009/02/03,0,191000,-113240,77760
2009/02/04,0,172000,-299000,-127000
2009/02/05,0,281000,-181000,100000
2009/02/06,0,394000,-95000,299000
2009/02/09,0,18000,-125000,-107000
2009/02/10,0,211000,-130357,80643
2009/02/11,0,364356,-246000,118356
2009/02/12,0,75000,-530862,-455862
2009/02/13,0,360000,0,360000
2009/02/16,0,13000,-134000,-121000
2009/02/17,0,58000,-282696,-224696
2009/02/18,0,600000,-172000,428000
2009/02/19,0,692000,-271000,421000
2009/02/20,0,96000,-608000,-512000
2009/02/23,0,308000,-41000,267000
2009/02/24,0,63000,-354010,-291010
2009/02/25,0,274000,-155225,118775
2009/02/26,0,363500,-90460,273040
2009/02/27,0,491973,-48000,443973
2009/03/02,0,12284,-881000,-868716
2009/03/03,0,20000,-190000,-170000
2009/03/04,0,576000,-204000,372000
2009/03/05,0,290000,-14000,276000
2009/03/06,0,561000,-158000,403000
2009/03/09,0,404000,-42000,362000
2009/03/10,0,503000,-81000,422000
2009/03/11,0,671846,-53000,618846
2009/03/12,0,665000,-655000,10000
2009/03/13,0,1494000,0,1494000
2009/03/16,0,511000,-23004,487996
2009/03/17,0,1688000,-102000,1586000
2009/03/18,0,663000,-251000,412000
2009/03/19,0,178400,-322000,-143600
2009/03/20,0,281000,-148000,133000
2009/03/23,0,664000,-17000,647000
2009/03/24,0,400000,-52000,348000
2009/03/25,0,636000,-19610,616390
2009/03/26,0,354000,-65000,289000
2009/03/27,0,97000,-273000,-176000
2009/03/30,0,208000,-526000,-318000
2009/03/31,0,516700,-119275,397425
2009/04/01,0,181000,-80000,101000
2009/04/02,0,1050000,-11000,1039000
2009/04/03,0,486000,-234000,252000
2009/04/06,0,1263000,-152000,1111000
2009/04/07,0,202000,-608000,-406000
2009/04/08,0,795000,-1182000,-387000
2009/04/09,0,756000,-111000,645000
2009/04/10,0,579000,-31000,548000
2009/04/13,0,440000,-127000,313000
2009/04/14,0,349000,-272000,77000
2009/04/15,0,380000,-421000,-41000
2009/04/16,0,536000,-169000,367000
2009/04/17,0,353554,-281000,72554
2009/04/20,0,587000,-68000,519000
2009/04/21,0,1056000,-405000,651000
2009/04/22,0,76000,-370000,-294000
2009/04/23,0,1150000,-1904000,-754000
2009/04/24,0,360000,-794270,-434270
2009/04/27,0,504000,-1186000,-682000
2009/04/28,0,416000,-180000,236000
2009/04/29,0,1149000,-92000,1057000
2009/04/30,0,1674166,-7000,1667166
2009/05/01,0,0,0,0
2009/05/04,0,583000,-165000,418000
2009/05/05,0,779000,-492000,287000
2009/05/06,0,890000,-167000,723000
2009/05/07,0,891000,-812000,79000
2009/05/08,0,680000,-83100,596900
2009/05/11,0,222000,-434000,-212000
2009/05/12,0,345000,-97000,248000
2009/05/13,0,355100,-200900,154200
2009/05/14,0,1094000,-1512000,-418000
2009/05/15,0,610000,-499000,111000
2009/05/18,0,124000,-1182000,-1058000
2009/05/19,0,690000,-36000,654000
2009/05/20,0,761000,-544000,217000
2009/05/21,0,145000,-969000,-824000
2009/05/22,0,158000,-613000,-455000
2009/05/25,0,402000,-657118,-255118
2009/05/26,0,457000,-524000,-67000
2009/05/27,0,1043118,-1080846,-37728
2009/05/28,0,0,0,0
2009/05/29,0,0,0,0
2009/06/01,0,1910000,-162000,1748000
2009/06/02,0,458000,-297000,161000
2009/06/03,0,1028595,-407595,621000
2009/06/04,0,310000,-385000,-75000
2009/06/05,0,398222,-114000,284222
2009/06/08,0,288000,-479000,-191000
2009/06/09,0,786000,-90000,696000
2009/06/10,0,799000,-70469,728531
2009/06/11,0,1633000,-160000,1473000
2009/06/12,0,249000,-458000,-209000
2009/06/15,0,288000,-186000,102000
2009/06/16,0,250000,-283410,-33410
2009/06/17,0,193000,-468000,-275000
2009/06/18,0,359000,-494000,-135000
2009/06/19,0,591000,-719900,-128900
2009/06/22,0,634000,-336000,298000
2009/06/23,0,49200,-738000,-688800
2009/06/24,0,1615000,-459000,1156000
2009/06/25,0,749711,-270000,479711
2009/06/26,0,486000,-129000,357000
2009/06/29,0,557000,-1152000,-595000
2009/06/30,0,384000,-191218,192782
2009/07/01,0,557000,-86000,471000
2009/07/02,0,476000,-119000,357000
2009/07/03,0,304154,-185000,119154
2009/07/06,0,105000,-377000,-272000
2009/07/07,0,194000,-315940,-121940
2009/07/08,0,31000,-709000,-678000
2009/07/09,0,308000,-119000,189000
2009/07/10,0,162000,-135000,27000
2009/07/13,0,20000,-612000,-592000
2009/07/14,0,278000,-230160,47840
2009/07/15,0,595000,-168000,427000
2009/07/16,0,184000,-77000,107000
2009/07/17,0,403657,-358130,45527
2009/07/20,0,876000,-429000,447000
2009/07/21,0,274000,-158400,115600
2009/07/22,0,316000,-89000,227000
2009/07/23,0,303000,-63740,239260
2009/07/24,0,521000,-66260,454740
2009/07/27,0,296000,-33000,263000
2009/07/28,0,945000,-47000,898000
2009/07/29,0,969000,-140523,828477
2009/07/30,0,148000,-436000,-288000
2009/07/31,0,487000,-224000,263000
2009/08/03,0,25000,-341000,-316000
2009/08/04,0,340000,-603000,-263000
2009/08/05,0,86000,-258000,-172000
2009/08/06,0,41000,-139000,-98000
2009/08/07,0,0,0,0
2009/08/10,0,862186,-471000,391186
2009/08/11,0,844000,-59000,785000
2009/08/12,0,76000,-282000,-206000
2009/08/13,0,632000,-70000,562000
2009/08/14,0,383000,-72000,311000
2009/08/17,0,591000,-325000,266000
2009/08/18,0,109000,-192000,-83000
2009/08/19,0,257000,-486000,-229000
2009/08/20,0,187000,-136278,50722
2009/08/21,0,820960,-585410,235550
2009/08/24,0,687000,-94000,593000
2009/08/25,0,27000,-186000,-159000
2009/08/26,0,312496,-215000,97496
2009/08/27,0,1432000,-434000,998000
2009/08/28,0,1076000,-159000,917000
2009/08/31,0,228000,-716167,-488167
2009/09/01,0,408000,-55194,352806
2009/09/02,0,345000,-100000,245000
2009/09/03,0,91000,-262900,-171900
2009/09/04,0,115000,-108000,7000
2009/09/07,0,79000,-135000,-56000
2009/09/08,0,1048000,-307000,741000
2009/09/09,0,188000,-259000,-71000
2009/09/10,0,1508000,-142430,1365570
2009/09/11,0,1243000,-114000,1129000
2009/09/14,0,508000,-484250,23750
2009/09/15,0,563000,-36000,527000
2009/09/16,0,467000,-135000,332000
2009/09/17,0,262000,-211300,50700
2009/09/18,0,1008000,-188000,820000
2009/09/21,0,569000,-530000,39000
2009/09/22,0,144000,-269000,-125000
2009/09/23,0,282446,-586000,-303554
2009/09/24,0,274000,-231000,43000
2009/09/25,0,764000,-282330,481670
2009/09/28,0,1699000,-160000,1539000
2009/09/29,0,3618000,-289650,3328350
2009/09/30,0,1378000,-1137130,240870
2009/10/01,0,952000,-245000,707000
2009/10/02,0,35000,-553000,-518000
2009/10/05,0,798937,-392777,406160
2009/10/06,0,451000,-325000,126000
2009/10/07,0,1238000,-504490,733510
2009/10/08,0,595000,-245000,350000
2009/10/09,0,617000,-197430,419570
2009/10/12,0,567000,-144000,423000
2009/10/13,0,837190,-565469,271721
2009/10/14,0,822000,-72000,750000
2009/10/15,0,683000,-125000,558000
2009/10/16,0,238000,-331194,-93194
2009/10/19,0,178000,-455661,-277661
2009/10/20,0,84000,-303000,-219000
2009/10/21,0,758000,-556000,202000
2009/10/22,0,443170,-680000,-236830
2009/10/23,0,248000,-71000,177000
2009/10/26,0,564440,-33000,531440
2009/10/27,0,295000,-242000,53000
2009/10/28,0,572000,-376000,196000
2009/10/29,0,73000,-470000,-397000
2009/10/30,0,149000,-781000,-632000
2009/11/02,0,51000,-442000,-391000
2009/11/03,0,35000,-410000,-375000
2009/11/04,0,555000,-87223,467777
2009/11/05,0,67000,-222000,-155000
2009/11/06,0,338000,0,338000
2009/11/09,0,324000,-1000,323000
2009/11/10,0,343000,-11867,331133
2009/11/11,0,467000,-7000,460000
2009/11/12,0,465000,0,465000
2009/11/13,0,245000,-6000,239000
2009/11/16,0,604000,-61000,543000
2009/11/17,0,857000,-118000,739000
2009/11/18,0,355079,-199000,156079
2009/11/19,0,154000,-366000,-212000
2009/11/20,0,172000,-657000,-485000
2009/11/23,0,101000,-189000,-88000
2009/11/24,0,187000,-349000,-162000
2009/11/25,0,679000,-63943,615057
2009/11/26,0,125000,-46000,79000
2009/11/27,0,195000,-1286000,-1091000
2009/11/30,0,108840,-1328796,-1219956
2009/12/01,0,574000,-801000,-227000
2009/12/02,0,591000,-638057,-47057
2009/12/03,0,532864,-138258,394606
2009/12/04,0,361000,-21000,340000
2009/12/07,0,717000,-159000,558000
2009/12/08,0,578000,-140000,438000
2009/12/09,0,89000,-85990,3010
2009/12/10,0,58000,-703080,-645080
2009/12/11,0,399000,-398520,480
2009/12/14,0,229000,-24000,205000
2009/12/15,0,246000,-2000,244000
2009/12/16,0,287000,-58000,229000
2009/12/17,0,347740,-261000,86740
2009/12/18,0,149000,-522000,-373000
2009/12/21,0,209000,-15000,194000
2009/12/22,0,314000,-29000,285000
2009/12/23,0,266000,-2040,263960
2009/12/24,0,499000,-102000,397000
2009/12/25,0,279000,-2000,277000
2009/12/28,0,792000,-118000,674000
2009/12/29,0,600000,-193000,407000
2009/12/30,0,1659000,-439000,1220000
2009/12/31,0,210000,-92000,118000
2010/01/01,0,0,0,0
2010/01/04,0,1713000,-110000,1603000
2010/01/05,0,557000,-307000,250000
2010/01/06,0,419000,-112900,306100
2010/01/07,0,844000,-55182,788818
2010/01/08,0,634610,-10000,624610
2010/01/11,0,767000,-70000,697000
2010/01/12,0,68000,-304472,-236472
2010/01/13,0,106000,-334000,-228000
2010/01/14,0,490000,-100570,389430
2010/01/15,0,960000,-379000,581000
2010/01/18,0,111000,-124000,-13000
2010/01/19,0,27000,-519300,-492300
2010/01/20,0,177000,-343000,-166000
2010/01/21,0,319000,-102000,217000
2010/01/22,0,82000,-848000,-766000
2010/01/25,0,72010,-597100,-525090
2010/01/26,0,311000,-1456000,-1145000
2010/01/27,0,590000,-744400,-154400
2010/01/28,0,152681,-497000,-344319
2010/01/29,0,627000,-588790,38210
2010/02/01,0,296000,-559900,-263900
2010/02/02,0,140000,-1224050,-1084050
2010/02/03,0,103440,-1022000,-918560
2010/02/04,0,112000,-356000,-244000
2010/02/05,0,338000,-982380,-644380
2010/02/08,0,35000,-517501,-482501
2010/02/09,0,111000,-379140,-268140
2010/02/10,0,297000,-799000,-502000
2010/02/11,0,0,0,0
2010/02/12,0,0,0,0
2010/02/15,0,0,0,0
2010/02/16,0,0,0,0
2010/02/17,0,0,0,0
2010/02/18,0,0,0,0
2010/02/19,0,0,0,0
2010/02/22,0,602000,-270705,331295
2010/02/23,0,387000,-464000,-77000
2010/02/24,0,504000,-1123000,-619000
2010/02/25,0,823000,-629000,194000
2010/02/26,0,485602,-23179,462423
2010/03/01,0,784000,-64000,720000
2010/03/02,0,599000,-134000,465000
2010/03/03,0,106000,-24000,82000
2010/03/04,0,18000,-406000,-388000
2010/03/05,0,671000,-120000,551000
2010/03/08,0,268000,-39000,229000
2010/03/09,0,317770,-140000,177770
2010/03/10,0,319798,-31151,288647
2010/03/11,0,168000,-287000,-119000
2010/03/12,0,593000,-74000,519000
2010/03/15,0,107000,-324000,-217000
2010/03/16,0,120000,-16000,104000
2010/03/17,0,994000,-36000,958000
2010/03/18,0,484000,-23000,461000
2010/03/19,0,150000,-47000,103000
2010/03/22,0,126000,-316270,-190270
2010/03/23,0,12000,-22000,-10000
2010/03/24,0,107000,-19000,88000
2010/03/25,0,384955,-236000,148955
2010/03/26,0,536000,-210000,326000
2010/03/29,0,712000,-3000,709000
2010/03/30,0,309000,-102000,207000
2010/03/31,0,517000,-478170,38830
2010/04/01,0,772000,-91180,680820
2010/04/02,0,250000,-74000,176000
2010/04/05,0,0,0,0
2010/04/06,0,542000,-145000,397000
2010/04/07,0,456870,-418000,38870
2010/04/08,0,375000,-83000,292000
2010/04/09,0,167000,-41410,125590
2010/04/12,0,144720,-31000,113720
2010/04/13,0,138000,-120000,18000
2010/04/14,0,166000,-3420,162580
2010/04/15,0,229000,-57000,172000
2010/04/16,0,308110,-221000,87110
2010/04/19,0,233000,-648000,-415000
2010/04/20,0,240000,-620384,-380384
2010/04/21,0,398000,-187000,211000
2010/04/22,0,229000,-581190,-352190
2010/04/23,0,191000,-374000,-183000
2010/04/26,0,721000,0,721000
2010/04/27,0,601562,-533562,68000
2010/04/28,0,29000,-768670,-739670
2010/04/29,0,1075000,-1187000,-112000
2010/04/30,0,1395000,-488180,906820
2010/05/03,0,454000,-1069000,-615000
2010/05/04,0,227000,-957000,-730000
2010/05/05,0,1006897,-1815377,-808480
2010/05/06,0,481791,-976000,-494209
2010/05/07,0,410647,-1193340,-782693
2010/05/10,0,21650,-546320,-524670
2010/05/11,0,258000,-897000,-639000
2010/05/12,0,511808,-335000,176808
2010/05/13,0,430000,-1148000,-718000
2010/05/14,0,187000,-150000,37000
2010/05/17,0,76000,-304000,-228000
2010/05/18,0,206000,-141000,65000
2010/05/19,0,103000,-282000,-179000
2010/05/20,0,43000,-632000,-589000
2010/05/21,0,214000,-450130,-236130
2010/05/24,0,136000,-181000,-45000
2010/05/25,0,49000,-517000,-468000
2010/05/26,0,352000,-1254888,-902888
2010/05/27,0,267196,-266660,536
2010/05/28,0,340000,-633000,-293000
2010/05/31,0,216000,-140000,76000
2010/06/01,0,46000,-273000,-227000
2010/06/02,0,80000,-271000,-191000
2010/06/03,0,217000,-19000,198000
2010/06/04,0,155000,-132000,23000
2010/06/07,0,44000,-405663,-361663
2010/06/08,0,62000,-310000,-248000
2010/06/09,0,73000,-452000,-379000
2010/06/10,0,302000,-45000,257000
2010/06/11,0,436942,-32000,404942
2010/06/14,0,614942,-61000,553942
2010/06/15,0,645884,-47680,598204
2010/06/16,0,0,0,0
2010/06/17,0,560305,-182403,377902
2010/06/18,0,471823,-143000,328823
2010/06/21,0,1470819,-230330,1240489
2010/06/22,0,263881,-22000,241881
2010/06/23,0,391946,-64505,327441
2010/06/24,0,330000,-157258,172742
2010/06/25,0,43724,-208654,-164930
2010/06/28,0,155000,-77000,78000
2010/06/29,0,649000,-460000,189000
2010/06/30,0,467000,-961415,-494415
2010/07/01,0,234000,-837300,-603300
2010/07/02,0,303000,-253880,49120
2010/07/05,0,121739,-207000,-85261
2010/07/06,0,241000,-372000,-131000
2010/07/07,0,266813,-243000,23813
2010/07/08,0,554000,-51000,503000
2010/07/09,0,676000,-22750,653250
2010/07/12,0,416000,-42552,373448
2010/07/13,0,254000,-205040,48960
2010/07/14,0,701586,-453000,248586
2010/07/15,0,280000,-126000,154000
2010/07/16,0,66194,-54000,12194
2010/07/19,0,638000,-46000,592000
2010/07/20,0,1556000,-87000,1469000
2010/07/21,0,508000,-641000,-133000
2010/07/22,0,403002,-116000,287002
2010/07/23,0,1484000,-124000,1360000
2010/07/26,0,222630,-120000,102630
2010/07/27,0,409470,-247374,162096
2010/07/28,0,407000,0,407000
2010/07/29,0,641000,-356194,284806
2010/07/30,0,245157,-348000,-102843
2010/08/02,0,838000,-425000,413000
2010/08/03,0,408000,-269000,139000
2010/08/04,0,650000,-124000,526000
2010/08/05,0,373000,-9000,364000
2010/08/06,0,1023000,0,1023000
2010/08/09,0,561000,-92000,469000
2010/08/10,0,286000,-353000,-67000
2010/08/11,0,409000,-630831,-221831
2010/08/12,0,47000,-331000,-284000
2010/08/13,0,168689,-153000,15689
2010/08/16,0,214000,-38000,176000
2010/08/17,0,465000,-435000,30000
2010/08/18,0,651000,-1019000,-368000
2010/08/19,0,373000,-612000,-239000
2010/08/20,0,44000,-70000,-26000
2010/08/23,0,953000,-113000,840000
2010/08/24,0,326234,-218000,108234
2010/08/25,0,454000,-1283000,-829000
2010/08/26,0,527000,-497000,30000
2010/08/27,0,703000,-404079,298921
2010/08/30,0,566727,-298000,268727
2010/08/31,0,842000,-423125,418875
2010/09/01,0,866000,-150000,716000
2010/09/02,0,1012202,-97000,915202
2010/09/03,0,935000,-215000,720000
2010/09/06,0,626000,-25957,600043
2010/09/07,0,243575,-34810,208765
2010/09/08,0,96930,-91000,5930
2010/09/09,0,326000,-44000,282000
2010/09/10,0,495120,-42000,453120
2010/09/13,0,1156000,-104540,1051460
2010/09/14,0,1128255,-65000,1063255
2010/09/15,0,391840,-807095,-415255
2010/09/16,0,348000,-155360,192640
2010/09/17,0,544000,-706000,-162000
2010/09/20,0,311000,-205000,106000
2010/09/21,0,307000,-306000,1000
2010/09/22,0,0,0,0
2010/09/23,0,608493,-114000,494493
2010/09/24,0,515090,-50000,465090
2010/09/27,0,185620,-96250,89370
2010/09/28,0,135960,-40000,95960
2010/09/29,0,677000,-307000,370000
2010/09/30,0,243050,-156000,87050
2010/10/01,0,210620,-149450,61170
2010/10/04,0,278870,-17000,261870
2010/10/05,0,251560,-141170,110390
2010/10/06,0,607070,-4000,603070
2010/10/07,0,309620,-234950,74670
2010/10/08,0,101850,-5821,96029
2010/10/11,0,463990,-152100,311890
2010/10/12,0,21370,-310000,-288630
2010/10/13,0,313610,-100000,213610
2010/10/14,0,1313690,-153000,1160690
2010/10/15,0,1184880,-57000,1127880
2010/10/18,0,531000,-710000,-179000
2010/10/19,0,248000,-585288,-337288
2010/10/20,0,328000,-348000,-20000
2010/10/21,0,428000,-386000,42000
2010/10/22,0,2069000,-287002,1781998
2010/10/25,0,378000,-656650,-278650
2010/10/26,0,530460,-132000,398460
2010/10/27,0,581760,-503000,78760
2010/10/28,0,914086,-243000,671086
2010/10/29,0,1062000,-549000,513000
2010/11/01,0,653000,-820000,-167000
2010/11/02,0,230000,-394000,-164000
2010/11/03,0,760000,-160000,600000
2010/11/04,0,322000,-35000,287000
2010/11/05,0,461000,-471050,-10050
2010/11/08,0,1892000,-160650,1731350
2010/11/09,0,1514000,-4000,1510000
2010/11/10,0,400000,-165940,234060
2010/11/11,0,739000,-373808,365192
2010/11/12,0,264000,-334000,-70000
2010/11/15,0,246939,-388000,-141061
2010/11/16,0,311000,-382000,-71000
2010/11/17,0,253000,-607000,-354000
2010/11/18,0,66000,-214760,-148760
2010/11/19,0,384760,-457000,-72240
2010/11/22,0,306690,-79000,227690
2010/11/23,0,210540,-270332,-59792
2010/11/24,0,199000,-376000,-177000
2010/11/25,0,24000,-321000,-297000
2010/11/26,0,39000,-243400,-204400
2010/11/29,0,154000,-283004,-129004
2010/11/30,0,144611,-340975,-196364
2010/12/01,0,341000,-163000,178000
2010/12/02,0,385000,-360604,24396
2010/12/03,0,98000,-164000,-66000
2010/12/06,0,139000,-477000,-338000
2010/12/07,0,66550,-281000,-214450
2010/12/08,0,549000,-184000,365000
2010/12/09,0,462000,-56000,406000
2010/12/10,0,74000,-72000,2000
2010/12/13,0,17000,-356000,-339000
2010/12/14,0,58000,-159000,-101000
2010/12/15,0,399000,-222000,177000
2010/12/16,0,276000,-552000,-276000
2010/12/17,0,226000,-355500,-129500
2010/12/20,0,328450,-608000,-279550
2010/12/21,0,610000,-28678,581322
2010/12/22,0,850000,-539260,310740
2010/12/23,0,107000,-72000,35000
2010/12/24,0,181000,-2000,179000
2010/12/27,0,216000,-3000,213000
2010/12/28,0,327000,-122000,205000
2010/12/29,0,256770,-56000,200770
2010/12/30,0,544000,-476000,68000
2010/12/31,0,267000,-780456,-513456
2011/01/03,0,443000,-17000,426000
2011/01/04,0,470000,-49000,421000
2011/01/05,0,74000,-570990,-496990
2011/01/06,0,396000,-181000,215000
2011/01/07,0,247000,-516000,-269000
2011/01/10,0,160000,-173000,-13000
2011/01/11,0,372000,-194000,178000
2011/01/12,0,65000,-242500,-177500
2011/01/13,0,154868,-124000,30868
2011/01/14,0,131000,-45000,86000
2011/01/17,0,98818,-147000,-48182
2011/01/18,0,663000,-458500,204500
2011/01/19,0,2694000,-877000,1817000
2011/01/20,0,700000,-282000,418000
2011/01/21,0,101000,-615050,-514050
2011/01/24,0,126000,-217000,-91000
2011/01/25,0,132000,-56000,76000
2011/01/26,0,196000,-24460,171540
2011/01/27,0,77000,-147490,-70490
2011/01/28,0,320580,-236000,84580
2011/01/31,0,0,0,0
2011/02/01,0,0,0,0
2011/02/02,0,0,0,0
2011/02/03,0,0,0,0
2011/02/04,0,0,0,0
2011/02/07,0,0,0,0
2011/02/08,0,262000,-809455,-547455
2011/02/09,0,897000,-939910,-42910
2011/02/10,0,529000,-1196510,-667510
2011/02/11,0,155000,-1539000,-1384000
2011/02/14,0,24000,-1995991,-1971991
2011/02/15,0,232000,-3841042,-3609042
2011/02/16,0,340000,-2971000,-2631000
2011/02/17,0,166000,-680280,-514280
2011/02/18,0,157000,-246000,-89000
2011/02/21,0,31000,-349000,-318000
2011/02/22,0,16000,-1132000,-1116000
2011/02/23,0,51641,-794210,-742569
2011/02/24,0,283000,-440000,-157000
2011/02/25,0,1144000,-965770,178230
2011/02/28,0,0,0,0
2011/03/01,0,720000,-292000,428000
2011/03/02,0,403000,-795000,-392000
2011/03/03,0,600000,-443000,157000
2011/03/04,0,725000,-315000,410000
2011/03/07,0,311000,-68000,243000
2011/03/08,0,768000,-579000,189000
2011/03/09,0,357000,-722845,-365845
2011/03/10,0,140000,-104910,35090
2011/03/11,0,247000,-322890,-75890
2011/03/14,0,152000,-369000,-217000
2011/03/15,0,918000,-548610,369390
2011/03/16,0,203000,-441590,-238590
2011/03/17,0,138000,-166260,-28260
2011/03/18,0,341000,-839586,-498586
2011/03/21,0,179000,-253000,-74000
2011/03/22,0,293000,-405000,-112000
2011/03/23,0,196000,-155000,41000
2011/03/24,0,506000,-371000,135000
2011/03/25,0,660000,-1015000,-355000
2011/03/28,0,237000,-1283550,-1046550
2011/03/29,0,621000,-75000,546000
2011/03/30,0,1077000,-394715,682285
2011/03/31,0,915000,-248511,666489
2011/04/01,0,573000,-374487,198513
2011/04/04,0,0,0,0
2011/04/05,0,0,0,0
2011/04/06,0,1042884,-78000,964884
2011/04/07,0,381699,-164734,216965
2011/04/08,0,914338,-123000,791338
2011/04/11,0,397000,-50000,347000
2011/04/12,0,181326,-109000,72326
2011/04/13,0,270000,-52000,218000
2011/04/14,0,240500,-145200,95300
2011/04/15,0,37000,-115000,-78000
2011/04/18,0,485000,-337035,147965
2011/04/19,0,28000,-221000,-193000
2011/04/20,0,464184,-45000,419184
2011/04/21,0,718000,-102000,616000
2011/04/22,0,458000,-15000,443000
2011/04/25,0,208000,-50000,158000
2011/04/26,0,414959,-107000,307959
2011/04/27,0,179000,-133000,46000
2011/04/28,0,134651,-108000,26651
2011/04/29,0,1516483,-522699,993784
2011/05/02,0,0,0,0
2011/05/03,0,1932000,-753000,1179000
2011/05/04,0,678000,-217000,461000
2011/05/05,0,100000,-291000,-191000
2011/05/06,0,311000,-189000,122000
2011/05/09,0,347000,-117000,230000
2011/05/10,0,50000,-97000,-47000
2011/05/11,0,363000,-134000,229000
2011/05/12,0,278000,-248000,30000
2011/05/13,0,217000,-475000,-258000
2011/05/16,0,120000,-399000,-279000
2011/05/17,0,363500,-324000,39500
2011/05/18,0,345000,-94000,251000
2011/05/19,0,315001,-557000,-241999
2011/05/20,0,321700,-680192,-358492
2011/05/23,0,70000,-784568,-714568
2011/05/24,0,73000,-59234,13766
2011/05/25,0,197000,-577000,-380000
2011/05/26,0,220000,-178420,41580
2011/05/27,0,147000,-96000,51000
2011/05/30,0,349000,-388000,-39000
2011/05/31,0,1690916,-831200,859716
2011/06/01,0,608000,-203357,404643
2011/06/02,0,633000,-25000,608000
2011/06/03,0,407000,-67000,340000
2011/06/06,0,0,0,0
2011/06/07,0,168000,-40450,127550
2011/06/08,0,45250,-62000,-16750
2011/06/09,0,267053,-78000,189053
2011/06/10,0,218082,-291000,-72918
2011/06/13,0,80000,-239836,-159836
2011/06/14,0,238000,-97000,141000
2011/06/15,0,1209000,-749905,459095
2011/06/16,0,428323,-552000,-123677
2011/06/17,0,635000,-939694,-304694
2011/06/20,0,257001,-85669,171332
2011/06/21,0,290200,-116000,174200
2011/06/22,0,268000,-682000,-414000
2011/06/23,0,218351,-329917,-111566
2011/06/24,0,623000,-505147,117853
2011/06/27,0,0,-322405,-322405
2011/06/28,0,131000,-298295,-167295
2011/06/29,0,862000,-581000,281000
2011/06/30,0,963000,-640000,323000
2011/07/01,0,310755,-597000,-286245
2011/07/04,0,113166,-660181,-547015
2011/07/05,0,414072,-1045000,-630928
2011/07/06,0,212662,-628000,-415338
2011/07/07,0,355144,-903000,-547856
2011/07/08,0,573402,-573000,402
2011/07/11,0,425377,-111000,314377
2011/07/12,0,135639,-255000,-119361
2011/07/13,0,190666,-166000,24666
2011/07/14,0,82928,-217000,-134072
2011/07/15,0,376710,-251000,125710
2011/07/18,0,143459,-308900,-165441
2011/07/19,0,66000,-212400,-146400
2011/07/20,0,582121,-111000,471121
2011/07/21,0,415235,-149000,266235
2011/07/22,0,1146715,-64000,1082715
2011/07/25,0,180405,-105000,75405
2011/07/26,0,325567,-74000,251567
2011/07/27,0,346427,-1064992,-718565
2011/07/28,0,283000,-1300000,-1017000
2011/07/29,0,372630,-410758,-38128
2011/08/01,0,799881,-869350,-69469
2011/08/02,0,113058,-276000,-162942
2011/08/03,0,143315,-457000,-313685
2011/08/04,0,171141,-538000,-366859
2011/08/05,0,262743,-2094000,-1831257
2011/08/08,0,143050,-1687000,-1543950
2011/08/09,0,77000,-3793929,-3716929
2011/08/10,0,239000,-1609000,-1370000
2011/08/11,0,834000,-683000,151000
2011/08/12,0,163000,-1001922,-838922
2011/08/15,0,239836,-148000,91836
2011/08/16,0,54000,-405000,-351000
2011/08/17,0,206348,-699000,-492652
2011/08/18,0,186544,-868000,-681456
2011/08/19,0,216138,-248000,-31862
2011/08/22,0,378604,-325000,53604
2011/08/23,0,480000,-155665,324335
2011/08/24,0,221582,-772000,-550418
2011/08/25,0,410419,-216441,193978
2011/08/26,0,406782,-149000,257782
2011/08/29,0,506000,-331000,175000
2011/08/30,0,417533,-866936,-449403
2011/08/31,0,377388,-326000,51388
2011/09/01,0,520549,-176727,343822
2011/09/02,0,218192,-374000,-155808
2011/09/05,0,351000,-947865,-596865
2011/09/06,0,268025,-1066204,-798179
2011/09/07,0,212534,-88620,123914
2011/09/08,0,351926,-560000,-208074
2011/09/09,0,214000,-255274,-41274
2011/09/12,0,0,0,0
2011/09/13,0,80264,-728000,-647736
2011/09/14,0,264281,-998461,-734180
2011/09/15,0,382000,-293577,88423
2011/09/16,0,735000,-571000,164000
2011/09/19,0,35568,-270585,-235017
2011/09/20,0,231016,-617400,-386384
2011/09/21,0,149447,-162000,-12553
2011/09/22,0,308652,-1180000,-871348
2011/09/23,0,342670,-1058900,-716230
2011/09/26,0,292070,-476000,-183930
2011/09/27,0,492706,-720514,-227808
2011/09/28,0,1325852,-1827432,-501580
2011/09/29,0,247546,-158000,89546
2011/09/30,0,217000,-624000,-407000
2011/10/03,0,382706,-717000,-334294
2011/10/04,0,311000,-43000,268000
2011/10/05,0,206000,-229000,-23000
2011/10/06,0,581000,-60000,521000
2011/10/07,0,297000,-138100,158900
2011/10/10,0,0,0,0
2011/10/11,0,448000,-82000,366000
2011/10/12,0,248000,-155450,92550
2011/10/13,0,312948,-63000,249948
2011/10/14,0,276004,-98000,178004
2011/10/17,0,538302,-82000,456302
2011/10/18,0,238232,-124600,113632
2011/10/19,0,386149,-178750,207399
2011/10/20,0,69972,-741527,-671555
2011/10/21,0,62205,-315000,-252795
2011/10/24,0,1075927,-111000,964927
2011/10/25,0,209654,-103000,106654
2011/10/26,0,377000,-115000,262000
2011/10/27,0,248500,-163000,85500
2011/10/28,0,843000,-242000,601000
2011/10/31,0,362000,-162000,200000
2011/11/01,0,491000,-161000,330000
2011/11/02,0,142000,-348000,-206000
2011/11/03,0,293000,-655332,-362332
2011/11/04,0,651000,-257219,393781
2011/11/07,0,56000,-93000,-37000
2011/11/08,0,32000,-129583,-97583
2011/11/09,0,101000,-104337,-3337
2011/11/10,0,125000,-833231,-708231
2011/11/11,0,40000,-506000,-466000
2011/11/14,0,58000,-141000,-83000
2011/11/15,0,161000,-126000,35000
2011/11/16,0,60000,-475000,-415000
2011/11/17,0,18000,-401643,-383643
2011/11/18,0,112000,-617000,-505000
2011/11/21,0,259000,-516000,-257000
2011/11/22,0,145000,-323002,-178002
2011/11/23,0,36000,-578000,-542000
2011/11/24,0,201000,-129000,72000
2011/11/25,0,46000,-445000,-399000
2011/11/28,0,153376,-235000,-81624
2011/11/29,0,193000,-239000,-46000
2011/11/30,0,1090000,-766000,324000
2011/12/01,0,826000,-148880,677120
2011/12/02,0,666000,-140000,526000
2011/12/05,0,128100,-22000,106100
2011/12/06,0,271000,-120000,151000
2011/12/07,0,505000,-182000,323000
2011/12/08,0,338000,-306000,32000
2011/12/09,0,61000,-334000,-273000
2011/12/12,0,121000,-46000,75000
2011/12/13,0,187000,-133000,54000
2011/12/14,0,425000,-101622,323378
2011/12/15,0,210001,-382000,-171999
2011/12/16,0,121000,-109385,11615
2011/12/19,0,84000,-143000,-59000
2011/12/20,0,270000,-38000,232000
2011/12/21,0,330000,-59000,271000
2011/12/22,0,161000,-28000,133000
2011/12/23,0,399000,-21000,378000
2011/12/26,0,51000,-5000,46000
2011/12/27,0,203000,-21000,182000
2011/12/28,0,329000,-102000,227000
2011/12/29,0,534308,-58000,476308
2011/12/30,0,233000,-63000,170000
2012/01/02,0,27000,-43000,-16000
2012/01/03,0,159985,-5000,154985
2012/01/04,0,154000,-73150,80850
2012/01/05,0,207000,-248000,-41000
2012/01/06,0,158000,-249000,-91000
2012/01/09,0,129000,-80000,49000
2012/01/10,0,668000,-14000,654000
2012/01/11,0,212000,-31104,180896
2012/01/12,0,521000,-2000,519000
2012/01/13,0,713000,-40000,673000
2012/01/16,0,31000,-200000,-169000
2012/01/17,0,345000,-22672,322328
2012/01/18,0,492000,-297000,195000
2012/01/19,0,0,0,0
2012/01/20,0,0,0,0
2012/01/23,0,0,0,0
2012/01/24,0,0,0,0
2012/01/25,0,0,0,0
2012/01/26,0,0,0,0
2012/01/27,0,0,0,0
2012/01/30,0,1092546,-376000,716546
2012/01/31,0,818002,-1157000,-338998
2012/02/01,0,247000,-400850,-153850
2012/02/02,0,799000,-276000,523000
2012/02/03,0,263000,-257000,6000
2012/02/06,0,214000,-256000,-42000
2012/02/07,0,287000,-63960,223040
2012/02/08,0,394000,-79000,315000
2012/02/09,0,322000,-65932,256068
2012/02/10,0,185000,-26000,159000
2012/02/13,0,717000,-12000,705000
2012/02/14,0,62184,-202200,-140016
2012/02/15,0,562000,-108000,454000
2012/02/16,0,273000,-46000,227000
2012/02/17,0,695000,-103000,592000
2012/02/20,0,88000,-60000,28000
2012/02/21,0,99000,-28000,71000
2012/02/22,0,703000,-19000,684000
2012/02/23,0,132000,-185000,-53000
2012/02/24,0,274000,-222000,52000
2012/02/27,0,0,0,0
2012/02/28,0,0,0,0
2012/02/29,0,1285888,-209922,1075966
2012/03/01,0,290347,-270000,20347
2012/03/02,0,344029,-61000,283029
2012/03/05,0,107000,-302000,-195000
2012/03/06,0,503500,-201137,302363
2012/03/07,0,500000,-162000,338000
2012/03/08,0,88000,-195000,-107000
2012/03/09,0,174000,-73000,101000
2012/03/12,0,208000,-37000,171000
2012/03/13,0,575000,-44000,531000
2012/03/14,0,775500,-614495,161005
2012/03/15,0,282000,-83000,199000
2012/03/16,0,370000,-191000,179000
2012/03/19,0,127000,-103000,24000
2012/03/20,0,61000,-139000,-78000
2012/03/21,0,386000,-91000,295000
2012/03/22,0,404000,-112000,292000
2012/03/23,0,103000,-95000,8000
2012/03/26,0,155000,-1002000,-847000
2012/03/27,0,158000,-70000,88000
2012/03/28,0,97000,-37000,60000
2012/03/29,0,243000,-417000,-174000
2012/03/30,0,382173,-404000,-21827
2012/04/02,0,50000,-152000,-102000
2012/04/03,0,383380,-81700,301680
2012/04/04,0,0,0,0
2012/04/05,0,170000,-465000,-295000
2012/04/06,0,50000,-713000,-663000
2012/04/09,0,166000,-356000,-190000
2012/04/10,0,338000,-340000,-2000
2012/04/11,0,163000,-357696,-194696
2012/04/12,0,343000,-669000,-326000
2012/04/13,0,79895,-225000,-145105
2012/04/16,0,118000,-219000,-101000
2012/04/17,0,51000,-382000,-331000
2012/04/18,0,34000,-68000,-34000
2012/04/19,0,90900,-8000,82900
2012/04/20,0,66000,-142000,-76000
2012/04/23,0,123000,-41000,82000
2012/04/24,0,130000,-60000,70000
2012/04/25,0,77000,-131100,-54100
2012/04/26,0,134000,-403000,-269000
2012/04/27,0,204000,-533600,-329600
2012/04/30,0,109000,-148123,-39123
2012/05/01,0,0,0,0
2012/05/02,0,473000,-149000,324000
2012/05/03,0,304000,-121000,183000
2012/05/04,0,353000,-229000,124000
2012/05/07,0,310000,-983000,-673000
2012/05/08,0,55000,-248000,-193000
2012/05/09,0,74000,-571000,-497000
2012/05/10,0,109531,-72204,37327
2012/05/11,0,179601,-785000,-605399
2012/05/14,0,78000,-355625,-277625
2012/05/15,0,132000,-88000,44000
2012/05/16,0,273000,-521000,-248000
2012/05/17,0,301000,-215000,86000
2012/05/18,0,341000,-599000,-258000
2012/05/21,0,80000,-233375,-153375
2012/05/22,0,123000,-246000,-123000
2012/05/23,0,209000,-319000,-110000
2012/05/24,0,176000,-71000,105000
2012/05/25,0,191000,-195900,-4900
2012/05/28,0,89000,-188000,-99000
2012/05/29,0,280000,-86000,194000
2012/05/30,0,672000,-1140753,-468753
2012/05/31,0,595628,-729946,-134318
2012/06/01,0,97000,-341627,-244627
2012/06/04,0,305963,-76000,229963
2012/06/05,0,213000,-178000,35000
2012/06/06,0,114000,-185000,-71000
2012/06/07,0,149540,-81000,68540
2012/06/08,0,72551,-66000,6551
2012/06/11,0,328073,-110000,218073
2012/06/12,0,221000,-306000,-85000
2012/06/13,0,154342,-323000,-168658
2012/06/14,0,355230,-441764,-86534
2012/06/15,0,2735052,-3856348,-1121296
2012/06/18,0,182000,-16000,166000
2012/06/19,0,311974,-323000,-11026
2012/06/20,0,554838,-452000,102838
2012/06/21,0,205779,-475000,-269221
2012/06/22,0,65080,-441000,-375920
2012/06/25,0,51000,-712850,-661850
2012/06/26,0,147000,-334000,-187000
2012/06/27,0,348000,-282000,66000
2012/06/28,0,541000,-686150,-145150
2012/06/29,0,586000,-64120,521880
2012/07/02,0,43000,-232000,-189000
2012/07/03,0,684000,-192000,492000
2012/07/04,0,201408,-99000,102408
2012/07/05,0,307000,-66000,241000
2012/07/06,0,385000,-191000,194000
2012/07/09,0,151000,-135000,16000
2012/07/10,0,175600,-340000,-164400
2012/07/11,0,133000,-101000,32000
2012/07/12,0,157000,-546000,-389000
2012/07/13,0,96698,-84250,12448
2012/07/16,0,118000,-95000,23000
2012/07/17,0,362000,-82000,280000
2012/07/18,0,193000,-384000,-191000
2012/07/19,0,364000,-147000,217000
2012/07/20,0,225000,-41000,184000
2012/07/23,0,192000,-376000,-184000
2012/07/24,0,276000,-151530,124470
2012/07/25,0,161000,-338000,-177000
2012/07/26,0,75000,-255033,-180033
2012/07/27,0,194000,0,194000
2012/07/30,0,285841,-25000,260841
2012/07/31,0,611000,-902244,-291244
2012/08/01,0,298000,-38000,260000
2012/08/02,0,0,0,0
2012/08/03,0,164225,-359000,-194775
2012/08/06,0,700000,-9000,691000
2012/08/07,0,704000,-14000,690000
2012/08/08,0,491594,-65000,426594
2012/08/09,0,1273000,-39000,1234000
2012/08/10,0,427000,-3000,424000
2012/08/13,0,223000,-69000,154000
2012/08/14,0,864000,-65000,799000
2012/08/15,0,602000,0,602000
2012/08/16,0,446000,-2000,444000
2012/08/17,0,233000,-77000,156000
2012/08/20,0,144000,-4000,140000
2012/08/21,0,901173,-13000,888173
2012/08/22,0,147564,-66000,81564
2012/08/23,0,207510,-24000,183510
2012/08/24,0,66000,-40000,26000
2012/08/27,0,402000,-86000,316000
2012/08/28,0,280811,-37000,243811
2012/08/29,0,221000,-53000,168000
2012/08/30,0,662000,-842000,-180000
2012/08/31,0,349537,-205000,144537
2012/09/03,0,34000,-77000,-43000
2012/09/04,0,60000,-80000,-20000
2012/09/05,0,88000,-427850,-339850
2012/09/06,0,79000,-349000,-270000
2012/09/07,0,272220,0,272220
2012/09/10,0,200000,-101000,99000
2012/09/11,0,146000,-57000,89000
2012/09/12,0,297000,-5000,292000
2012/09/13,0,297000,-6000,291000
2012/09/14,0,838000,-14000,824000
2012/09/17,0,267000,-117000,150000
2012/09/18,0,316550,-178000,138550
2012/09/19,0,725000,-101000,624000
2012/09/20,0,670000,-32000,638000
2012/09/21,0,798000,-182000,616000
2012/09/24,0,307000,-57000,250000
2012/09/25,0,563000,0,563000
2012/09/26,0,254000,-8000,246000
2012/09/27,0,853000,-156288,696712
2012/09/28,0,340000,-110269,229731
2012/10/01,0,156000,-82000,74000
2012/10/02,0,298000,-130000,168000
2012/10/03,0,227000,-21000,206000
2012/10/04,0,357000,-53000,304000
2012/10/05,0,276000,-44000,232000
2012/10/08,0,241700,-109000,132700
2012/10/09,0,529000,-8000,521000
2012/10/10,0,0,0,0
2012/10/11,0,213000,-351780,-138780
2012/10/12,0,245000,-424000,-179000
2012/10/15,0,105000,-152000,-47000
2012/10/16,0,93000,-150000,-57000
2012/10/17,0,111000,-198000,-87000
2012/10/18,0,118000,-41000,77000
2012/10/19,0,192000,-128000,64000
2012/10/22,0,54000,-190217,-136217
2012/10/23,0,46900,-184344,-137444
2012/10/24,0,56000,-209816,-153816
2012/10/25,0,32000,-285000,-253000
2012/10/26,0,47000,-468000,-421000
2012/10/29,0,68100,-251000,-182900
2012/10/30,0,92000,-521000,-429000
2012/10/31,0,341000,-424000,-83000
2012/11/01,0,65000,-570000,-505000
2012/11/02,0,201000,-1368000,-1167000
2012/11/05,0,354000,-159000,195000
2012/11/06,0,275000,-118000,157000
2012/11/07,0,306000,-124000,182000
2012/11/08,0,156000,-761000,-605000
2012/11/09,0,509000,-329000,180000
2012/11/12,0,286000,-367000,-81000
2012/11/13,0,434000,-559000,-125000
2012/11/14,0,353000,-159000,194000
2012/11/15,0,321000,-268000,53000
2012/11/16,0,244000,-481000,-237000
2012/11/19,0,114000,-188000,-74000
2012/11/20,0,164000,-166000,-2000
2012/11/21,0,393000,-537000,-144000
2012/11/22,0,341000,-197000,144000
2012/11/23,0,691000,-128000,563000
2012/11/26,0,421000,-171000,250000
2012/11/27,0,706900,-290000,416900
2012/11/28,0,376700,-269754,106946
2012/11/29,0,882000,-403000,479000
2012/11/30,0,2060000,-421542,1638458
2012/12/03,0,447000,-24000,423000
2012/12/04,0,146000,-114000,32000
2012/12/05,0,656000,-87000,569000
2012/12/06,0,393000,-89745,303255
2012/12/07,0,330000,-5000,325000
2012/12/10,0,350000,-98065,251935
2012/12/11,0,647092,-61000,586092
2012/12/12,0,687000,-34000,653000
2012/12/13,0,626040,-68000,558040
2012/12/14,0,479477,-11000,468477
2012/12/17,0,232000,-12000,220000
2012/12/18,0,317000,-87487,229513
2012/12/19,0,286000,-33000,253000
2012/12/20,0,405000,-295000,110000
2012/12/21,0,419000,-491122,-72122
2012/12/24,0,79000,-48000,31000
2012/12/25,0,351000,-29000,322000
2012/12/26,0,220700,-96000,124700
2012/12/27,0,174015,-67000,107015
2012/12/28,0,381000,-2000,379000
2012/12/31,0,0,0,0
2013/01/01,0,0,0,0
2013/01/02,0,373000,-6000,367000
2013/01/03,0,185000,-10000,175000
2013/01/04,0,152000,-103000,49000
2013/01/07,0,115000,-250300,-135300
2013/01/08,0,175000,-105000,70000
2013/01/09,0,110000,-85000,25000
2013/01/10,0,701000,-50000,651000
2013/01/11,0,224000,-19000,205000
2013/01/14,0,98000,-122000,-24000
2013/01/15,0,65000,-176000,-111000
2013/01/16,0,314000,-264000,50000
2013/01/17,0,199100,-142000,57100
2013/01/18,0,523000,-28000,495000
2013/01/21,0,244000,-114000,130000
2013/01/22,0,268000,-36609,231391
2013/01/23,0,244000,-88437,155563
2013/01/24,0,176000,-227000,-51000
2013/01/25,0,396808,-429000,-32192
2013/01/28,0,269000,-72000,197000
2013/01/29,0,298000,-19000,279000
2013/01/30,0,432000,-70000,362000
2013/01/31,0,714000,-920150,-206150
2013/02/01,0,259000,-166000,93000
2013/02/04,0,247000,-49000,198000
2013/02/05,0,137000,-48000,89000
2013/02/06,0,130863,-122000,8863
2013/02/07,0,0,0,0
2013/02/08,0,0,0,0
2013/02/11,0,0,0,0
2013/02/12,0,0,0,0
2013/02/13,0,0,0,0
2013/02/14,0,0,0,0
2013/02/15,0,0,0,0
2013/02/18,0,591272,-266000,325272
2013/02/19,0,267767,-286000,-18233
2013/02/20,0,284988,-107250,177738
2013/02/21,0,401000,-316000,85000
2013/02/22,0,328000,-361000,-33000
2013/02/25,0,304000,-489935,-185935
2013/02/26,0,261000,-316352,-55352
2013/02/27,0,687000,-415709,271291
2013/02/28,0,0,0,0
2013/03/01,0,333000,-297000,36000
2013/03/04,0,379000,-807000,-428000
2013/03/05,0,215000,-249000,-34000
2013/03/06,0,376000,-7000,369000
2013/03/07,0,153000,-99579,53421
2013/03/08,0,366900,-226000,140900
2013/03/11,0,238000,-133000,105000
2013/03/12,0,77000,-271162,-194162
2013/03/13,0,72000,-180000,-108000
2013/03/14,0,151000,-352672,-201672
2013/03/15,0,422000,-385808,36192
2013/03/18,0,203000,-501000,-298000
2013/03/19,0,281000,-494000,-213000
2013/03/20,0,151000,-987621,-836621
2013/03/21,0,83066,-660000,-576934
2013/03/22,0,93861,-462497,-368636
2013/03/25,0,87000,-246000,-159000
2013/03/26,0,169000,-549000,-380000
2013/03/27,0,146000,-266000,-120000
2013/03/28,0,75000,-693000,-618000
2013/03/29,0,108000,-70000,38000
2013/04/01,0,21538,-169000,-147462
2013/04/02,0,159000,-62000,97000
2013/04/03,0,398000,-308000,90000
2013/04/04,0,0,0,0
2013/04/05,0,0,0,0
2013/04/08,0,189000,-777000,-588000
2013/04/09,0,92000,-524924,-432924
2013/04/10,0,101000,-398000,-297000
2013/04/11,0,558264,-899700,-341436
2013/04/12,0,76000,-269000,-193000
2013/04/15,0,63320,-176000,-112680
2013/04/16,0,162450,-204000,-41550
2013/04/17,0,538700,-698000,-159300
2013/04/18,0,170000,-642001,-472001
2013/04/19,0,175400,-343000,-167600
2013/04/22,0,129900,-543115,-413215
2013/04/23,0,383000,-213000,170000
2013/04/24,0,248000,-206000,42000
2013/04/25,0,342100,-330000,12100
2013/04/26,0,420400,-316000,104400
2013/04/29,0,406000,-402000,4000
2013/04/30,0,788800,-173000,615800
2013/05/01,0,0,0,0
2013/05/02,0,493000,-167183,325817
2013/05/03,0,717000,-183000,534000
2013/05/06,0,346000,-285875,60125
2013/05/07,0,425200,-228135,197065
2013/05/08,0,1683300,-347123,1336177
2013/05/09,0,464012,-439000,25012
2013/05/10,0,634000,-649000,-15000
2013/05/13,0,339700,-517000,-177300
2013/05/14,0,500000,-609000,-109000
2013/05/15,0,800094,-485000,315094
2013/05/16,0,556000,-1277000,-721000
2013/05/17,0,533000,-1653200,-1120200
2013/05/20,0,196000,-796000,-600000
2013/05/21,0,85000,-476000,-391000
2013/05/22,0,286000,-879350,-593350
2013/05/23,0,454000,-1297672,-843672
2013/05/24,0,318000,-706904,-388904
2013/05/27,0,371035,-2000737,-1629702
2013/05/28,0,292000,-1624186,-1332186
2013/05/29,0,921000,-2500662,-1579662
2013/05/30,0,1204000,-5191652,-3987652
2013/05/31,0,24332300,-38513362,-14181062
2013/06/03,0,1550738,-2962502,-1411764
2013/06/04,0,442000,-2133489,-1691489
2013/06/05,0,400000,-1929027,-1529027
2013/06/06,0,164000,-1293661,-1129661
2013/06/07,0,284000,-1682022,-1398022
2013/06/10,0,591000,-276000,315000
2013/06/11,0,344000,-345000,-1000
2013/06/12,0,0,0,0
2013/06/13,0,407000,-741000,-334000
2013/06/14,0,389000,-1602411,-1213411
2013/06/17,0,278000,-575681,-297681
2013/06/18,0,226000,-800546,-574546
2013/06/19,0,98000,-2549393,-2451393
2013/06/20,0,476000,-639000,-163000
2013/06/21,0,5477000,-1986797,3490203
2013/06/24,0,278000,-996000,-718000
2013/06/25,0,503000,-579000,-76000
2013/06/26,0,441000,-488375,-47375
2013/06/27,0,498000,-328000,170000
2013/06/28,0,860000,-110000,750000
2013/07/01,0,655000,-51000,604000
2013/07/02,0,269000,-1085529,-816529
2013/07/03,0,393000,-116000,277000
2013/07/04,0,303000,-112000,191000
2013/07/05,0,320000,-144000,176000
2013/07/08,0,447000,-355000,92000
2013/07/09,0,393000,-378000,15000
2013/07/10,0,293000,-436000,-143000
2013/07/11,0,219000,-168000,51000
2013/07/12,0,535000,-407000,128000
2013/07/15,0,358000,-127850,230150
2013/07/16,0,683000,-315000,368000
2013/07/17,0,341850,-277000,64850
2013/07/18,0,76000,-288000,-212000
2013/07/19,0,84551,-175000,-90449
2013/07/22,0,19000,-65000,-46000
2013/07/23,0,35000,-8000,27000
2013/07/24,0,46000,-6000,40000
2013/07/25,0,335000,-524000,-189000
2013/07/26,0,77000,-143000,-66000
2013/07/29,0,31000,-22000,9000
2013/07/30,0,116000,-24000,92000
2013/07/31,0,22000,-26000,-4000
2013/08/01,0,85000,-112000,-27000
2013/08/02,0,77000,-110000,-33000
2013/08/05,0,110000,-401000,-291000
2013/08/06,0,29000,-53000,-24000
2013/08/07,0,59000,-144000,-85000
2013/08/08,0,14000,-32000,-18000
2013/08/09,0,31000,-77000,-46000
2013/08/12,0,30000,-95000,-65000
2013/08/13,0,55000,-85000,-30000
2013/08/14,0,538000,-86000,452000
2013/08/15,0,346000,-342000,4000
2013/08/16,0,74534,-56000,18534
2013/08/19,0,31000,-107000,-76000
2013/08/20,0,62000,-390000,-328000
2013/08/21,0,0,0,0
2013/08/22,0,48000,-222000,-174000
2013/08/23,0,22000,-118000,-96000
2013/08/26,0,56000,-50000,6000
2013/08/27,0,26000,-22000,4000
2013/08/28,0,145000,-40000,105000
2013/08/29,0,18000,-85000,-67000
2013/08/30,0,248000,-71000,177000
2013/09/02,0,31000,-40000,-9000
2013/09/03,0,171000,-74000,97000
2013/09/04,0,44000,-124000,-80000
2013/09/05,0,101000,-91000,10000
2013/09/06,0,35000,-22000,13000
2013/09/09,0,139000,-14000,125000
2013/09/10,0,52000,-21000,31000
2013/09/11,0,59000,-11000,48000
2013/09/12,0,75000,-42000,33000
2013/09/13,0,45000,-24000,21000
2013/09/16,0,75000,-37000,38000
2013/09/17,0,46000,-90000,-44000
2013/09/18,0,109000,-39000,70000
2013/09/19,0,0,0,0
2013/09/20,0,0,0,0
2013/09/23,0,81000,-95000,-14000
2013/09/24,0,82000,-42861,39139
2013/09/25,0,202000,-65000,137000
2013/09/26,0,19000,-11000,8000
2013/09/27,0,90000,-15000,75000
2013/09/30,0,231838,-117000,114838
2013/10/01,0,172000,-296360,-124360
2013/10/02,0,33000,-66000,-33000
2013/10/03,0,122000,-59000,63000
2013/10/04,0,102000,-99532,2468
2013/10/07,0,62000,-124000,-62000
2013/10/08,0,338000,-87000,251000
2013/10/09,0,144000,-56000,88000
2013/10/10,0,0,0,0
2013/10/11,0,54000,-42000,12000
2013/10/14,0,40000,-48000,-8000
2013/10/15,0,229000,-66000,163000
2013/10/16,0,215000,-150403,64597
2013/10/17,0,73000,-744000,-671000
2013/10/18,0,34000,0,34000
2013/10/21,0,45000,-27000,18000
2013/10/22,0,36000,-41000,-5000
2013/10/23,0,15000,-59000,-44000
2013/10/24,0,349000,-1000,348000
2013/10/25,0,56000,-204534,-148534
2013/10/28,0,98000,-21000,77000
2013/10/29,0,49000,-34000,15000
2013/10/30,0,35000,-7000,28000
2013/10/31,0,102000,-226922,-124922
2013/11/01,0,74000,-300027,-226027
2013/11/04,0,24000,-301000,-277000
2013/11/05,0,50000,-152000,-102000
2013/11/06,0,128000,-64000,64000
2013/11/07,0,70000,-78000,-8000
2013/11/08,0,43000,-79000,-36000
2013/11/11,0,93000,-123000,-30000
2013/11/12,0,274000,-217000,57000
2013/11/13,0,171000,-273000,-102000
2013/11/14,0,43000,-394000,-351000
2013/11/15,0,21000,-72000,-51000
2013/11/18,0,29000,-71000,-42000
2013/11/19,0,23000,-15550,7450
2013/11/20,0,119000,-16000,103000
2013/11/21,0,41000,-38000,3000
2013/11/22,0,2000,-38000,-36000
2013/11/25,0,17000,-21626,-4626
2013/11/26,0,50000,-85000,-35000
2013/11/27,0,1000,-78000,-77000
2013/11/28,0,83000,-103000,-20000
2013/11/29,0,90000,-183000,-93000
2013/12/02,0,255000,-111000,144000
2013/12/03,0,419000,-25508,393492
2013/12/04,0,453000,-212000,241000
2013/12/05,0,327000,-144000,183000
2013/12/06,0,96000,-50000,46000
2013/12/09,0,187000,-66000,121000
2013/12/10,0,344000,-85000,259000
2013/12/11,0,60000,-3000,57000
2013/12/12,0,8000,-146000,-138000
2013/12/13,0,52000,-85000,-33000
2013/12/16,0,235000,-102000,133000
2013/12/17,0,5000,-66000,-61000
2013/12/18,0,147000,-3000,144000
2013/12/19,0,42000,0,42000
2013/12/20,0,207000,-372695,-165695
2013/12/23,0,118000,-78000,40000
2013/12/24,0,67000,-16000,51000
2013/12/25,0,51000,-74000,-23000
2013/12/26,0,14000,-1000,13000
2013/12/27,0,96000,-197000,-101000
2013/12/30,0,84000,-21000,63000
2013/12/31,0,370000,0,370000
2014/01/02,0,229000,-62000,167000
2014/01/03,0,363000,-246000,117000
2014/01/06,0,191000,-123000,68000
2014/01/07,0,106000,-170000,-64000
2014/01/08,0,45000,-161000,-116000
2014/01/09,0,263000,-31000,232000
2014/01/10,0,426000,-161000,265000
2014/01/13,0,154000,-76000,78000
2014/01/14,0,86000,-95000,-9000
2014/01/15,0,201000,-73000,128000
2014/01/16,0,5000,-19000,-14000
2014/01/17,0,1000,-36000,-35000
2014/01/20,0,5000,-82000,-77000
2014/01/21,0,9000,-16000,-7000
2014/01/22,0,132000,-25000,107000
2014/01/23,0,46000,-73000,-27000
2014/01/24,0,199000,-197000,2000
2014/01/27,0,250000,-358700,-108700
2014/02/05,0,104000,-650000,-546000
2014/02/06,0,105000,-696000,-591000
2014/02/07,0,73000,-209000,-136000
2014/02/10,0,298000,-128000,170000
2014/02/11,0,43000,-135173,-92173
2014/02/12,0,259000,-287450,-28450
2014/02/13,0,120000,-107000,13000
2014/02/14,0,48000,-329000,-281000
2014/02/17,0,59000,-30000,29000
2014/02/18,0,71000,-47000,24000
2014/02/19,0,292000,-6000,286000
2014/02/20,0,513000,-63000,450000
2014/02/21,0,307000,-93000,214000
2014/02/24,0,141000,-50000,91000
2014/02/25,0,55000,-21000,34000
2014/02/26,0,324000,-112000,212000
2014/02/27,0,444000,-114000,330000
2014/03/03,0,140000,-112000,28000
2014/03/04,0,203000,-268000,-65000
2014/03/05,0,48000,-156000,-108000
2014/03/06,0,34000,-223000,-189000
2014/03/07,0,131000,-266000,-135000
2014/03/10,0,209000,-421000,-212000
2014/03/11,0,6000,-124000,-118000
2014/03/12,0,17000,-256000,-239000
2014/03/13,0,40000,-720000,-680000
2014/03/14,0,0,-119000,-119000
2014/03/17,0,108000,-132000,-24000
2014/03/18,0,62000,-111000,-49000
2014/03/19,0,185000,-69000,116000
2014/03/20,0,172000,-88000,84000
2014/03/21,0,364000,-863943,-499943
2014/03/24,0,185000,-51000,134000
2014/03/25,0,356000,-88000,268000
2014/03/26,0,277000,-203000,74000
2014/03/27,0,44000,-13000,31000
2014/03/28,0,389000,-29000,360000
2014/03/31,0,485000,-125000,360000
2014/04/01,0,15000,-136000,-121000
2014/04/02,0,149000,-112000,37000
2014/04/03,0,616000,-234000,382000
2014/04/07,0,10000,-75000,-65000
2014/04/08,0,171000,-35000,136000
2014/04/09,0,280000,-97000,183000
2014/04/10,0,96000,-186000,-90000
2014/04/11,0,159000,-174000,-15000
2014/04/14,0,195000,-95000,100000
2014/04/15,0,15000,-84000,-69000
2014/04/16,0,453000,-138000,315000
2014/04/17,0,188000,-274000,-86000
2014/04/18,0,208000,-51000,157000
2014/04/21,0,47000,-66000,-19000
2014/04/22,0,30000,-45000,-15000
2014/04/23,0,204000,-64000,140000
2014/04/24,0,296000,-338000,-42000
2014/04/25,0,130000,-322000,-192000
2014/04/28,0,88000,-151000,-63000
2014/04/29,0,16000,-218000,-202000
2014/04/30,0,350000,-667000,-317000
2014/05/02,0,141000,-68000,73000
2014/05/05,0,30000,-54000,-24000
2014/05/06,0,65000,-25000,40000
2014/05/07,0,89000,-47000,42000
2014/05/08,0,53000,-13000,40000
2014/05/09,0,21000,-114355,-93355
2014/05/12,0,2000,-216000,-214000
2014/05/13,0,14000,-302000,-288000
2014/05/14,0,43000,-188000,-145000
2014/05/15,0,122000,-158000,-36000
2014/05/16,0,181000,-120000,61000
2014/05/19,0,30000,-34000,-4000
2014/05/20,0,7000,-20000,-13000
2014/05/21,0,220000,-36000,184000
2014/05/22,0,65000,-113000,-48000
2014/05/23,0,336000,-342000,-6000
2014/05/26,0,37000,-11000,26000
2014/05/27,0,109000,-7000,102000
2014/05/28,0,155000,-189000,-34000
2014/05/29,0,467000,-86676,380324
2014/05/30,0,383000,-139000,244000
2014/06/03,0,93000,-171000,-78000
2014/06/04,0,79000,-273000,-194000
2014/06/05,0,295000,-67000,228000
2014/06/06,0,154000,-97000,57000
2014/06/09,0,173000,-43000,130000
2014/06/10,0,69386,-67400,1986
2014/06/11,0,156000,-295400,-139400
2014/06/12,0,145000,-64000,81000
2014/06/13,0,109000,-75000,34000
2014/06/16,0,157000,-8000,149000
2014/06/17,0,45000,-225455,-180455
2014/06/18,0,1090400,-17000,1073400
2014/06/19,0,562400,-25000,537400
2014/06/20,0,70000,-363000,-293000
2014/06/23,0,612000,-33000,579000
2014/06/24,0,939000,-137000,802000
2014/06/25,0,201000,-115000,86000
2014/06/26,0,102302,-110000,-7698
2014/06/27,0,174000,-108000,66000
2014/06/30,0,73000,-9000,64000
2014/07/01,0,136000,-308000,-172000
2014/07/02,0,564000,-397000,167000
2014/07/03,0,232000,-37000,195000
2014/07/04,0,209000,-35000,174000
2014/07/07,0,276000,-31000,245000
2014/07/08,0,206000,-6000,200000
2014/07/09,0,146000,-5000,141000
2014/07/10,0,54000,-8000,46000
2014/07/11,0,335000,-73000,262000
2014/07/14,0,22000,-6000,16000
2014/07/15,0,179000,-9000,170000
2014/07/16,0,213000,-399000,-186000
2014/07/17,0,422959,-229000,193959
2014/07/18,0,204000,-143000,61000
2014/07/21,0,191000,-433000,-242000
2014/07/22,0,420000,-146000,274000
2014/07/23,0,0,0,0
2014/07/24,0,245000,-108046,136954
2014/07/25,0,576000,-37000,539000
2014/07/28,0,479000,-46000,433000
2014/07/29,0,600000,-155000,445000
2014/07/30,0,626000,-174000,452000
2014/07/31,0,370000,-274545,95455
2014/08/01,0,1276000,-291000,985000
2014/08/04,0,769000,-274000,495000
2014/08/05,0,491000,-256000,235000
2014/08/06,0,239000,-251000,-12000
2014/08/07,0,65984,-130000,-64016
2014/08/08,0,302000,-240000,62000
2014/08/11,0,186000,-70000,116000
2014/08/12,0,111000,-103000,8000
2014/08/13,0,219000,-64000,155000
2014/08/14,0,127000,-248000,-121000
2014/08/15,0,345000,-149000,196000
2014/08/18,0,145000,-61000,84000
2014/08/19,0,237000,-35000,202000
2014/08/20,0,215000,-91001,123999
2014/08/21,0,147000,-72000,75000
2014/08/22,0,402000,-170000,232000
2014/08/25,0,209000,-44000,165000
2014/08/26,0,6000,-89000,-83000
2014/08/27,0,273000,-364000,-91000
2014/08/28,0,137000,-268000,-131000
2014/08/29,0,142000,-51000,91000
2014/09/01,0,155000,-45000,110000
2014/09/02,0,141000,-181000,-40000
2014/09/03,0,9000,-184000,-175000
2014/09/04,0,384000,-79000,305000
2014/09/05,0,32000,-28000,4000
2014/09/09,0,215000,-9000,206000
2014/09/10,0,134000,-40000,94000
2014/09/11,0,73000,-75000,-2000
2014/09/12,0,216408,-77020,139388
2014/09/15,0,114000,-8000,106000
2014/09/16,0,285000,-154000,131000
2014/09/17,0,178000,-406000,-228000
2014/09/18,0,99000,-128300,-29300
2014/09/19,0,258033,-62110,195923
2014/09/22,0,316000,-76000,240000
2014/09/23,0,65000,-119850,-54850
2014/09/24,0,448000,-92024,355976
2014/09/25,0,198000,-280900,-82900
2014/09/26,0,76000,-14000,62000
2014/09/29,0,45660,-14840,30820
2014/09/30,0,580000,-91000,489000
2014/10/01,0,74000,-33000,41000
2014/10/02,0,62000,-42000,20000
2014/10/03,0,40000,-88000,-48000
2014/10/06,0,377000,-206000,171000
2014/10/07,0,320000,-301000,19000
2014/10/08,0,161570,-155570,6000
2014/10/09,0,222000,-138000,84000
2014/10/13,0,189000,-65000,124000
2014/10/14,0,243000,-166130,76870
2014/10/15,0,245000,-270000,-25000
2014/10/16,0,146000,-268060,-122060
2014/10/17,0,1621000,-2961000,-1340000
2014/10/20,0,531400,-504000,27400
2014/10/21,0,38000,-686060,-648060
2014/10/22,0,154000,-412000,-258000
2014/10/23,0,43000,-331000,-288000
2014/10/24,0,389000,-789000,-400000
2014/10/27,0,158000,-227555,-69555
2014/10/28,0,291000,-243000,48000
2014/10/29,0,77000,-134000,-57000
2014/10/30,0,17000,-96000,-79000
2014/10/31,0,79000,-186000,-107000
2014/11/03,0,80000,-288000,-208000
2014/11/04,0,108000,-217000,-109000
2014/11/05,0,19000,-258000,-239000
2014/11/06,0,107000,-390000,-283000
2014/11/07,0,9000,0,9000
2014/11/10,0,91000,-6000,85000
2014/11/11,0,140000,-50000,90000
2014/11/12,0,5000,-296560,-291560
2014/11/13,0,30000,-91000,-61000
2014/11/14,0,218000,-796000,-578000
2014/11/17,0,31000,-110000,-79000
2014/11/18,0,104000,-77000,27000
2014/11/19,0,83000,-440980,-357980
2014/11/20,0,75000,-26000,49000
2014/11/21,0,40000,-2000,38000
2014/11/24,0,160000,-29000,131000
2014/11/25,0,60000,-109000,-49000
2014/11/26,0,177000,-43000,134000
2014/11/27,0,164000,-26000,138000
2014/11/28,0,229000,-5000,224000
2014/12/01,0,139000,-148090,-9090
2014/12/02,0,127000,-186000,-59000
2014/12/03,0,11000,-90000,-79000
2014/12/04,0,102000,-1000,101000
2014/12/05,0,192000,-88000,104000
2014/12/08,0,175000,-73000,102000
2014/12/09,0,55000,-48000,7000
2014/12/10,0,19000,-102000,-83000
2014/12/11,0,2000,-64000,-62000
2014/12/12,0,30000,-193000,-163000
2014/12/15,0,12000,-271000,-259000
2014/12/16,0,206000,-236860,-30860
2014/12/17,0,204000,-338510,-134510
2014/12/18,0,40000,-107000,-67000
2014/12/19,0,73000,-36000,37000
2014/12/22,0,115000,-110150,4850
2014/12/23,0,87000,-51000,36000
2014/12/24,0,46000,-86000,-40000
2014/12/25,0,21000,-1000,20000
2014/12/26,0,25000,-11000,14000
2014/12/29,0,28000,-6000,22000
2014/12/30,0,259000,-193000,66000
2014/12/31,0,69000,-23001,45999
2015/01/01,0,0,0,0
2015/01/02,0,0,0,0
2015/01/05,0,217000,-212000,5000
2015/01/06,0,331000,-265000,66000
2015/01/07,0,40000,-184000,-144000
2015/01/08,0,104000,-273000,-169000
2015/01/09,0,88000,-42700,45300
2015/01/12,0,102000,-117000,-15000
2015/01/13,0,171000,-39000,132000
2015/01/14,0,50000,-38000,12000
2015/01/15,0,45570,-122400,-76830
2015/01/16,0,9490,-327089,-317599
2015/01/19,0,24000,-52000,-28000
2015/01/20,0,100000,-81000,19000
2015/01/21,0,131000,-13000,118000
2015/01/22,0,55000,-39000,16000
2015/01/23,0,202000,-102613,99387
2015/01/26,0,7000,-138000,-131000
2015/01/27,0,10000,-137000,-127000
2015/01/28,0,7000,-3000,4000
2015/01/29,0,16000,-5000,11000
2015/01/30,0,18000,-97000,-79000
2015/02/02,0,63000,-95000,-32000
2015/02/03,0,119000,-93000,26000
2015/02/04,0,104000,-37000,67000
2015/02/05,0,10000,-13000,-3000
2015/02/06,0,124000,-19000,105000
2015/02/09,0,0,-22000,-22000
2015/02/10,0,164000,-165000,-1000
2015/02/11,0,16000,-15215,785
2015/02/12,0,49000,-69654,-20654
2015/02/13,0,44000,-88000,-44000
2015/02/16,0,0,0,0
2015/02/17,0,0,0,0
2015/02/18,0,0,0,0
2015/02/19,0,0,0,0
2015/02/20,0,0,0,0
2015/02/23,0,0,0,0
2015/02/24,0,139000,-86541,52459
2015/02/25,0,1000,-51000,-50000
2015/02/26,0,129000,-17000,112000
2015/02/27,0,0,0,0
2015/03/02,0,17000,-108000,-91000
2015/03/03,0,103000,-294000,-191000
2015/03/04,0,62000,-64000,-2000
2015/03/05,0,18000,-213000,-195000
2015/03/06,0,32000,-141000,-109000
2015/03/09,0,16000,-102000,-86000
2015/03/10,0,38860,-15000,23860
2015/03/11,0,44000,-178000,-134000
2015/03/12,0,29000,-16000,13000
2015/03/13,0,23000,-12000,11000
2015/03/16,0,23000,-19117,3883
2015/03/17,0,51000,-12000,39000
2015/03/18,0,72000,-7000,65000
2015/03/19,0,136000,-19000,117000
2015/03/20,0,460000,-615390,-155390
2015/03/23,0,78000,-40240,37760
2015/03/24,0,35000,-25000,10000
2015/03/25,0,122000,-58000,64000
2015/03/26,0,176000,-136010,39990
2015/03/27,0,357000,-83000,274000
2015/03/30,0,109000,-108000,1000
2015/03/31,0,182000,-134000,48000
2015/04/01,0,41000,-125000,-84000
2015/04/02,0,45000,-27000,18000
2015/04/03,0,0,0,0
2015/04/06,0,0,0,0
2015/04/07,0,75000,-36000,39000
2015/04/08,0,123000,-33000,90000
2015/04/09,0,129000,-13000,116000
2015/04/10,0,135000,-73075,61925
2015/04/13,0,40000,-76000,-36000
2015/04/14,0,20000,-45000,-25000
2015/04/15,0,31000,-306000,-275000
2015/04/16,0,158000,-307059,-149059
2015/04/17,0,176000,-160000,16000
2015/04/20,0,156000,-39000,117000
2015/04/21,0,51000,-48000,3000
2015/04/22,0,61000,-70000,-9000
2015/04/23,0,216000,-452294,-236294
2015/04/24,0,351000,-12680,338320
2015/04/27,0,373000,-20000,353000
2015/04/28,0,415000,-8000,407000
2015/04/29,0,499000,-14000,485000
2015/04/30,0,448000,-127000,321000
2015/05/01,0,0,0,0
2015/05/04,0,331000,-56000,275000
2015/05/05,0,432000,-45163,386837
2015/05/06,0,253000,-101000,152000
2015/05/07,0,1023000,-101000,922000
2015/05/08,0,947000,-75000,872000
2015/05/11,0,1185000,-390000,795000
2015/05/12,0,197000,-149000,48000
2015/05/13,0,338000,-162000,176000
2015/05/14,0,159000,-160000,-1000
2015/05/15,0,163630,-133192,30438
2015/05/18,0,105000,-271000,-166000
2015/05/19,0,76000,-141000,-65000
2015/05/20,0,224581,-224000,581
2015/05/21,0,7000,-309000,-302000
2015/05/22,0,33000,-262000,-229000
2015/05/25,0,79000,-307500,-228500
2015/05/26,0,105000,-54000,51000
2015/05/27,0,126000,-145000,-19000
2015/05/28,0,61000,-107000,-46000
2015/05/29,0,179000,-247766,-68766
2015/06/01,0,72000,-144500,-72500
2015/06/02,0,115000,-82000,33000
2015/06/03,0,32000,-293000,-261000
2015/06/04,0,91000,-349000,-258000
2015/06/05,0,56000,-363000,-307000
2015/06/08,0,87000,-132000,-45000
2015/06/09,0,79000,-185000,-106000
2015/06/10,0,58000,-846000,-788000
2015/06/11,0,48000,-776000,-728000
2015/06/12,0,51000,-89000,-38000
2015/06/15,0,50000,-43000,7000
2015/06/16,0,26000,-157000,-131000
2015/06/17,0,214000,-503000,-289000
2015/06/18,0,170000,-238000,-68000
2015/06/19,0,0,0,0
2015/06/22,0,179000,-238255,-59255
2015/06/23,0,113000,-82000,31000
2015/06/24,0,257000,-62000,195000
2015/06/25,0,75000,-87000,-12000
2015/06/26,0,154000,-174000,-20000
2015/06/29,0,26000,-152000,-126000
2015/06/30,0,72000,-116720,-44720
2015/07/01,0,151000,-32000,119000
2015/07/02,0,107000,-94000,13000
2015/07/03,0,170000,-290000,-120000
2015/07/06,0,20000,-140000,-120000
2015/07/07,0,40000,-92800,-52800
2015/07/08,0,265000,-202000,63000
2015/07/09,0,322000,-131000,191000
2015/07/10,0,0,0,0
2015/07/13,0,160000,-45000,115000
2015/07/14,0,105000,-176000,-71000
2015/07/15,0,142000,-210000,-68000
2015/07/16,0,163000,-66000,97000
2015/07/17,0,69000,-112000,-43000
2015/07/20,0,31000,-30000,1000
2015/07/21,0,36000,-122000,-86000
2015/07/22,0,36000,-75000,-39000
2015/07/23,0,102000,-143000,-41000
2015/07/24,0,97000,-41000,56000
2015/07/27,0,81000,-100000,-19000
2015/07/28,0,158000,-436000,-278000
2015/07/29,0,102000,-60000,42000
2015/07/30,0,173000,-86000,87000
2015/07/31,0,65000,-75000,-10000
2015/08/03,0,52000,-132000,-80000
2015/08/04,0,226000,-33000,193000
2015/08/05,0,183000,-41000,142000
2015/08/06,0,208000,-10000,198000
2015/08/07,0,183000,-86581,96419
2015/08/10,0,124000,-20000,104000
2015/08/11,0,159000,-455000,-296000
2015/08/12,0,40000,-26000,14000
2015/08/13,0,215000,-130070,84930
2015/08/14,0,39000,-108000,-69000
2015/08/17,0,14000,-26000,-12000
2015/08/18,0,34000,-81000,-47000
2015/08/19,0,182000,-318000,-136000
2015/08/20,0,39000,-222103,-183103
2015/08/21,0,72000,-446000,-374000
2015/08/24,0,280000,-580000,-300000
2015/08/25,0,166000,-195000,-29000
2015/08/26,0,333000,-400000,-67000
2015/08/27,0,295000,-470000,-175000
2015/08/28,0,196000,-54690,141310
2015/08/31,0,194000,-265000,-71000
2015/09/01,0,255000,-351000,-96000
2015/09/02,0,115000,-318000,-203000
2015/09/03,0,108788,-102000,6788
2015/09/04,0,98000,-252000,-154000
2015/09/07,0,38000,-15000,23000
2015/09/08,0,216000,-233000,-17000
2015/09/09,0,157000,0,157000
2015/09/10,0,74000,-117000,-43000
2015/09/11,0,29000,-93000,-64000
2015/09/14,0,97000,-93000,4000
2015/09/15,0,18000,-43000,-25000
2015/09/16,0,14000,-152110,-138110
2015/09/17,0,84000,-104700,-20700
2015/09/18,0,301000,-621973,-320973
2015/09/21,0,104000,-215000,-111000
2015/09/22,0,21000,-107810,-86810
2015/09/23,0,242000,-938881,-696881
2015/09/24,0,10000,-206000,-196000
2015/09/25,0,123000,-89000,34000
2015/09/28,0,0,0,0
2015/09/29,0,0,0,0
2015/09/30,0,609000,-227000,382000
2015/10/01,0,84410,-16000,68410
2015/10/02,0,228000,-57000,171000
2015/10/05,0,141000,-16000,125000
2015/10/06,0,100000,-29000,71000
2015/10/07,0,76000,-16000,60000
2015/10/08,0,341000,-13000,328000
2015/10/09,0,0,0,0
2015/10/12,0,500000,-105000,395000
2015/10/13,0,292000,-235000,57000
2015/10/14,0,292000,-159000,133000
2015/10/15,0,232000,-145000,87000
2015/10/16,0,1411000,-1322000,89000
2015/10/19,0,341000,-75000,266000
2015/10/20,0,204000,-232334,-28334
2015/10/21,0,355000,-299000,56000
2015/10/22,0,34000,-80000,-46000
2015/10/23,0,63000,-134000,-71000
2015/10/26,0,134000,-45000,89000
2015/10/27,0,204000,0,204000
2015/10/28,0,434000,-43000,391000
2015/10/29,0,390000,-159000,231000
2015/10/30,0,301000,-15000,286000
2015/11/02,0,323000,-58000,265000
2015/11/03,0,116000,-38000,78000
2015/11/04,0,410000,-155000,255000
2015/11/05,0,64000,-199000,-135000
2015/11/06,0,252000,-106000,146000
2015/11/09,0,161000,-95000,66000
2015/11/10,0,205000,-16000,189000
2015/11/11,0,57000,-20000,37000
2015/11/12,0,221560,-187000,34560
2015/11/13,0,154000,-185000,-31000
2015/11/16,0,374000,-578000,-204000
2015/11/17,0,322000,-264000,58000
2015/11/18,0,75000,-54000,21000
2015/11/19,0,270000,-325000,-55000
2015/11/20,0,157000,-145000,12000
2015/11/23,0,66000,-50000,16000
2015/11/24,0,226000,-215579,10421
2015/11/25,0,328000,-547000,-219000
2015/11/26,0,331000,-206000,125000
2015/11/27,0,111000,-37000,74000
2015/11/30,0,463000,-536000,-73000
2015/12/01,0,176000,-101329,74671
2015/12/02,0,300000,-284000,16000
2015/12/03,0,57000,-83000,-26000
2015/12/04,0,127000,-74000,53000
2015/12/07,0,179000,-2000,177000
2015/12/08,0,164000,-79000,85000
2015/12/09,0,33000,-68000,-35000
2015/12/10,0,131000,-164690,-33690
2015/12/11,0,152000,-265000,-113000
2015/12/14,0,137000,-174000,-37000
2015/12/15,0,52000,-84000,-32000
2015/12/16,0,90000,-41000,49000
2015/12/17,0,127000,-58000,69000
2015/12/18,0,990000,-62000,928000
2015/12/21,0,30000,-219135,-189135
2015/12/22,0,535000,-198000,337000
2015/12/23,0,52000,-23000,29000
2015/12/24,0,70000,-29000,41000
2015/12/25,0,32000,-20000,12000
2015/12/28,0,130000,-64000,66000
2015/12/29,0,126000,-43000,83000
2015/12/30,0,53000,-66000,-13000
2015/12/31,0,39000,-29000,10000
2016/01/01,0,0,0,0
2016/01/04,0,195000,-167000,28000
2016/01/05,0,342000,-169000,173000
2016/01/06,0,157000,-39000,118000
2016/01/07,0,462000,-109000,353000
2016/01/08,0,261000,-58000,203000
2016/01/11,0,221000,-167000,54000
2016/01/12,0,274000,-189000,85000
2016/01/13,0,159000,-140000,19000
2016/01/14,0,128000,-110000,18000
2016/01/15,0,237000,-185000,52000
2016/01/18,0,175000,-42000,133000
2016/01/19,0,196000,-135000,61000
2016/01/20,0,249000,-42000,207000
2016/01/21,0,251000,-125000,126000
2016/01/22,0,378000,-79000,299000
2016/01/25,0,253000,-8000,245000
2016/01/26,0,176000,-33000,143000
2016/01/27,0,113000,-26000,87000
2016/01/28,0,116000,-38000,78000
2016/01/29,0,546000,-195000,351000
2016/02/01,0,369000,-78000,291000
2016/02/02,0,590000,-193000,397000
2016/02/03,0,256000,-121000,135000
2016/02/04,0,0,0,0
2016/02/05,0,0,0,0
2016/02/08,0,0,0,0
2016/02/09,0,0,0,0
2016/02/10,0,0,0,0
2016/02/11,0,0,0,0
2016/02/12,0,0,0,0
2016/02/15,0,204000,-60000,144000
2016/02/16,0,235000,-396000,-161000
2016/02/17,0,522000,-43000,479000
2016/02/18,0,162660,-37000,125660
2016/02/19,0,84000,-77753,6247
2016/02/22,0,50000,-293000,-243000
2016/02/23,0,141000,-49000,92000
2016/02/24,0,204000,-132000,72000
2016/02/25,0,103000,-29000,74000
2016/02/26,0,241000,-97000,144000
2016/02/29,0,0,0,0
2016/03/01,0,61000,-46000,15000
2016/03/02,0,137000,-19023,117977
2016/03/03,0,151000,-21000,130000
2016/03/04,0,255000,-22000,233000
2016/03/07,0,97000,-110000,-13000
2016/03/08,0,82000,-69000,13000
2016/03/09,0,174000,-58000,116000
2016/03/10,0,15000,-78000,-63000
2016/03/11,0,43000,-44000,-1000
2016/03/14,0,37000,-55000,-18000
2016/03/15,0,18000,-190000,-172000
2016/03/16,0,97000,-85000,12000
2016/03/17,0,52000,-52000,0
2016/03/18,0,245700,-307000,-61300
2016/03/21,0,57000,-78000,-21000
2016/03/22,0,146000,-265000,-119000
2016/03/23,0,26000,-56000,-30000
2016/03/24,0,17000,-51000,-34000
2016/03/25,0,8000,-33000,-25000
2016/03/28,0,36000,-51000,-15000
2016/03/29,0,133000,-62000,71000
2016/03/30,0,14000,-97000,-83000
2016/03/31,0,22000,-82000,-60000
2016/04/01,0,9000,-43000,-34000
2016/04/04,0,0,0,0
2016/04/05,0,0,0,0
2016/04/06,0,185000,-167000,18000
2016/04/07,0,126000,-47700,78300
2016/04/08,0,52000,-73000,-21000
2016/04/11,0,4000,-38000,-34000
2016/04/12,0,48000,-154000,-106000
2016/04/13,0,36000,-81000,-45000
2016/04/14,0,118000,-46000,72000
2016/04/15,0,168000,-45000,123000
2016/04/18,0,63000,-46000,17000
2016/04/19,0,436000,-11000,425000
2016/04/20,0,402375,-56000,346375
2016/04/21,0,32000,-95000,-63000
2016/04/22,0,62000,-110000,-48000
2016/04/25,0,31000,-77000,-46000
2016/04/26,0,29557,-793000,-763443
2016/04/27,0,10000,-317000,-307000
2016/04/28,0,83067,-204000,-120933
2016/04/29,0,37000,-224000,-187000
2016/05/02,0,0,0,0
2016/05/03,0,10000,-249000,-239000
2016/05/04,0,114000,-142160,-28160
2016/05/05,0,74000,-138000,-64000
2016/05/06,0,18000,-163000,-145000
2016/05/09,0,13000,-135000,-122000
2016/05/10,0,51000,-67000,-16000
2016/05/11,0,61000,-132000,-71000
2016/05/12,0,155000,-61000,94000
2016/05/13,0,44000,-155000,-111000
2016/05/16,0,17000,-136000,-119000
2016/05/17,0,21000,-194000,-173000
2016/05/18,0,48000,-73000,-25000
2016/05/19,0,15000,-150000,-135000
2016/05/20,0,52064,-76000,-23936
2016/05/23,0,54000,-203000,-149000
2016/05/24,0,19000,-110000,-91000
2016/05/25,0,13000,-49000,-36000
2016/05/26,0,49000,-123000,-74000
2016/05/27,0,41000,-69000,-28000
2016/05/30,0,23000,-49000,-26000
2016/05/31,0,188000,-316000,-128000
2016/06/01,0,52000,-33000,19000
2016/06/02,0,60000,-66000,-6000
2016/06/03,0,107000,-27000,80000
2016/06/06,0,24000,-42690,-18690
2016/06/07,0,153000,-74000,79000
2016/06/08,0,63000,-250000,-187000
2016/06/09,0,0,0,0
2016/06/10,0,0,0,0
2016/06/13,0,59000,-137000,-78000
2016/06/14,0,6000,-116000,-110000
2016/06/15,0,29000,-197000,-168000
2016/06/16,0,16000,-184000,-168000
2016/06/17,0,282000,-214561,67439
2016/06/20,0,64000,-195000,-131000
2016/06/21,0,393001,-119000,274001
2016/06/22,0,48000,-202000,-154000
2016/06/23,0,108410,-177000,-68590
2016/06/24,0,115000,-400670,-285670
2016/06/27,0,174000,-160000,14000
2016/06/28,0,280000,-168000,112000
2016/06/29,0,104000,-54000,50000
2016/06/30,0,405000,-168000,237000
2016/07/01,0,230000,-173000,57000
2016/07/04,0,248000,-105000,143000
2016/07/05,0,307000,-92000,215000
2016/07/06,0,222000,-187000,35000
2016/07/07,0,250000,-238000,12000
2016/07/08,0,0,0,0
2016/07/11,0,305000,-278000,27000
2016/07/12,0,276000,-331000,-55000
2016/07/13,0,246000,-223000,23000
2016/07/14,0,126000,-185000,-59000
2016/07/15,0,226000,-239000,-13000
2016/07/18,0,275000,-249000,26000
2016/07/19,0,222000,-544000,-322000
2016/07/20,0,291000,-115000,176000
2016/07/21,0,366000,-100000,266000
2016/07/22,0,302000,-582000,-280000
2016/07/25,0,236000,-303000,-67000
2016/07/26,0,287080,-329000,-41920
2016/07/27,0,316000,-434000,-118000
2016/07/28,0,273000,-420000,-147000
2016/07/29,0,104000,-66000,38000
2016/08/01,0,249000,-112000,137000
2016/08/02,0,130000,-134000,-4000
2016/08/03,0,300000,-149840,150160
2016/08/04,0,232000,-196000,36000
2016/08/05,0,187000,-241000,-54000
2016/08/08,0,133000,-161000,-28000
2016/08/09,0,179316,-116000,63316
2016/08/10,0,192000,-81974,110026
2016/08/11,0,430000,-118000,312000
2016/08/12,0,277000,-34000,243000
2016/08/15,0,208000,-113000,95000
2016/08/16,0,303000,-139000,164000
2016/08/17,0,511270,-174000,337270
2016/08/18,0,696239,-129000,567239
2016/08/19,0,337000,-449270,-112270
2016/08/22,0,241000,-213000,28000
2016/08/23,0,135000,-36000,99000
2016/08/24,0,141000,-92000,49000
2016/08/25,0,307000,-58000,249000
2016/08/26,0,382030,-187120,194910
2016/08/29,0,84000,-143440,-59440
2016/08/30,0,16000,-61000,-45000
2016/08/31,0,133000,-61000,72000
2016/09/01,0,51957,-84000,-32043
2016/09/02,0,150000,-59000,91000
2016/09/05,0,158000,-107000,51000
2016/09/06,0,511000,-21000,490000
2016/09/07,0,528000,-86000,442000
2016/09/08,0,321000,-32000,289000
2016/09/09,0,46000,-50000,-4000
2016/09/12,0,45000,-254000,-209000
2016/09/13,0,70000,-114920,-44920
2016/09/14,0,943223,-205000,738223
2016/09/15,0,0,0,0
2016/09/16,0,0,0,0
2016/09/19,0,205640,-267081,-61441
2016/09/20,0,25000,-67000,-42000
2016/09/21,0,397720,-56828,340892
2016/09/22,0,185440,-61000,124440
2016/09/23,0,327239,-720554,-393315
2016/09/26,0,154560,-35000,119560
2016/09/27,0,0,0,0
2016/09/28,0,0,0,0
2016/09/29,0,183000,-53000,130000
2016/09/30,0,50000,-380000,-330000
2016/10/03,0,136000,-210000,-74000
2016/10/04,0,578000,-35120,542880
2016/10/05,0,263000,-146000,117000
2016/10/06,0,133000,-113000,20000
2016/10/07,0,196000,-77000,119000
2016/10/10,0,0,0,0
2016/10/11,0,245000,-97000,148000
2016/10/12,0,354000,-256000,98000
2016/10/13,0,391000,-92000,299000
2016/10/14,0,120000,-232000,-112000
2016/10/17,0,160000,-27000,133000
2016/10/18,0,229000,-54000,175000
2016/10/19,0,196000,-301000,-105000
2016/10/20,0,662000,-369120,292880
2016/10/21,0,944000,-763120,180880
2016/10/24,0,139000,-121062,17938
2016/10/25,0,176000,-71000,105000
2016/10/26,0,179000,-19000,160000
2016/10/27,0,263000,-80000,183000
2016/10/28,0,99000,-13000,86000
2016/10/31,0,123000,-5000,118000
2016/11/01,0,75000,-83000,-8000
2016/11/02,0,30000,-29000,1000
2016/11/03,0,247000,-32000,215000
2016/11/04,0,51000,-64000,-13000
2016/11/07,0,208000,-38000,170000
2016/11/08,0,32000,-44000,-12000
2016/11/09,0,115000,-143000,-28000
2016/11/10,0,63000,-82000,-19000
2016/11/11,0,72000,-78000,-6000
2016/11/14,0,124000,-58795,65205
2016/11/15,0,142000,-124000,18000
2016/11/16,0,115000,-93000,22000
2016/11/17,0,99000,-205000,-106000
2016/11/18,0,163160,-161000,2160
2016/11/21,0,138000,-32000,106000
2016/11/22,0,244000,-27000,217000
2016/11/23,0,313000,-4001,308999
2016/11/24,0,182000,-75000,107000
2016/11/25,0,152000,-36000,116000
2016/11/28,0,89000,-5000,84000
2016/11/29,0,84000,-11000,73000
2016/11/30,0,562000,-211000,351000
2016/12/01,0,77000,-40000,37000
2016/12/02,0,76000,-10004,65996
2016/12/05,0,52000,-39000,13000
2016/12/06,0,136000,-4000,132000
2016/12/07,0,184000,-77101,106899
2016/12/08,0,298000,-51558,246442
2016/12/09,0,26000,-58353,-32353
2016/12/12,0,74000,-32000,42000
2016/12/13,0,70000,-21000,49000
2016/12/14,0,237000,-74000,163000
2016/12/15,0,151000,-37000,114000
2016/12/16,0,173000,-134162,38838
2016/12/19,0,141000,-38448,102552
2016/12/20,0,218000,-19000,199000
2016/12/21,0,74000,-83560,-9560
2016/12/22,0,42000,-33000,9000
2016/12/23,0,63000,-29000,34000
2016/12/26,0,7000,-39000,-32000
2016/12/27,0,39000,-35000,4000
2016/12/28,0,44000,-46000,-2000
2016/12/29,0,115000,-31888,83112
2016/12/30,0,196000,-37000,159000
2017/01/02,0,0,0,0
2017/01/03,0,139000,-38000,101000
2017/01/04,0,150000,-77545,72455
2017/01/05,0,309000,-54000,255000
2017/01/06,0,173000,-81000,92000
2017/01/09,0,156000,-9000,147000
2017/01/10,0,245000,-300000,-55000
2017/01/11,0,96000,-191000,-95000
2017/01/12,0,260000,-17000,243000
2017/01/13,0,43000,-55000,-12000
2017/01/16,0,40000,-143000,-103000
2017/01/17,0,158215,-14480,143735
2017/01/18,0,382000,-27068,354932
2017/01/19,0,300000,-57684,242316
2017/01/20,0,119000,-221080,-102080
2017/01/23,0,146000,-19000,127000
2017/01/24,0,217000,-17000,200000
2017/01/25,0,0,0,0
2017/01/26,0,0,0,0
2017/01/27,0,0,0,0
2017/01/30,0,0,0,0
2017/01/31,0,0,0,0
2017/02/01,0,0,0,0
2017/02/02,0,418712,-35000,383712
2017/02/03,0,48000,-190000,-142000
2017/02/06,0,169000,-96905,72095
2017/02/07,0,135000,-24000,111000
2017/02/08,0,181000,-216545,-35545
2017/02/09,0,244000,-100000,144000
2017/02/10,0,447000,-169240,277760
2017/02/13,0,415000,-113000,302000
2017/02/14,0,358000,-341738,16262
2017/02/15,0,324000,-170000,154000
2017/02/16,0,455000,-55000,400000
2017/02/17,0,75000,-2000,73000
2017/02/20,0,621000,-25000,596000
2017/02/21,0,62000,-46000,16000
2017/02/22,0,75000,-7000,68000
2017/02/23,0,96000,-16000,80000
2017/02/24,0,335000,-717000,-382000
2017/02/27,0,0,0,0
2017/02/28,0,0,0,0
2017/03/01,0,10000,-212000,-202000
2017/03/02,0,394000,-501000,-107000
2017/03/03,0,198000,-789600,-591600
2017/03/06,0,221000,-93000,128000
2017/03/07,0,143000,-55000,88000
2017/03/08,0,158000,-53000,105000
2017/03/09,0,169650,-131000,38650
2017/03/10,0,143000,-159000,-16000
2017/03/13,0,74000,-43929,30071
2017/03/14,0,140000,-36000,104000
2017/03/15,0,39000,-45000,-6000
2017/03/16,0,228000,-26000,202000
2017/03/17,0,743720,-135019,608701
2017/03/20,0,150000,-401000,-251000
2017/03/21,0,602000,-140000,462000
2017/03/22,0,310000,-249000,61000
2017/03/23,0,109000,-123000,-14000
2017/03/24,0,120000,-304000,-184000
2017/03/27,0,240000,-62000,178000
2017/03/28,0,395000,-408000,-13000
2017/03/29,0,234000,-268000,-34000
2017/03/30,0,304000,-209000,95000
2017/03/31,0,97000,-58000,39000
2017/04/03,0,0,0,0
2017/04/04,0,0,0,0
2017/04/05,0,270000,-112000,158000
2017/04/06,0,116000,-25000,91000
2017/04/07,0,50000,-66000,-16000
2017/04/10,0,55000,-500000,-445000
2017/04/11,0,46000,-158000,-112000
2017/04/12,0,172000,-172000,0
2017/04/13,0,40000,-126000,-86000
2017/04/14,0,103000,-142000,-39000
2017/04/17,0,118000,-123000,-5000
2017/04/18,0,89000,-122000,-33000
2017/04/19,0,25000,-206000,-181000
