Date,Open,Buy,Sell,Total
2007/01/02,0,0,-800000,-800000
2007/01/03,0,0,-919100,-919100
2007/01/04,0,0,-121000,-121000
2007/01/05,0,0,-75000,-75000
2007/01/08,0,100000,0,100000
2007/01/09,0,1599000,-996000,603000
2007/01/10,0,500000,0,500000
2007/01/11,0,1000,-705200,-704200
2007/01/12,0,1000,-1300000,-1299000
2007/01/15,0,0,-775000,-775000
2007/01/16,0,51000,-100000,-49000
2007/01/17,0,604000,0,604000
2007/01/18,0,0,-62000,-62000
2007/01/19,0,510000,-93000,417000
2007/01/22,0,558000,0,558000
2007/01/23,0,474000,-728000,-254000
2007/01/24,0,164000,-550000,-386000
2007/01/25,0,4000,-1600000,-1596000
2007/01/26,0,1000,-40000,-39000
2007/01/29,0,0,-500000,-500000
2007/01/30,0,49000,-670000,-621000
2007/01/31,0,10000,-500000,-490000
2007/02/01,0,415000,0,415000
2007/02/02,0,80000,0,80000
2007/02/05,0,234000,0,234000
2007/02/06,0,171000,0,171000
2007/02/07,0,0,0,0
2007/02/08,0,11000,0,11000
2007/02/09,0,0,-623000,-623000
2007/02/12,0,200000,-40000,160000
2007/02/13,0,450000,-78000,372000
2007/02/14,0,150000,0,150000
2007/02/15,0,0,0,0
2007/02/16,0,0,0,0
2007/02/19,0,0,0,0
2007/02/20,0,0,0,0
2007/02/21,0,0,0,0
2007/02/22,0,0,0,0
2007/02/23,0,0,0,0
2007/02/26,0,0,0,0
2007/02/27,0,270000,0,270000
2007/02/28,0,0,0,0
2007/03/01,0,355000,0,355000
2007/03/02,0,0,0,0
2007/03/05,0,0,-145000,-145000
2007/03/06,0,0,-400000,-400000
2007/03/07,0,50000,-796500,-746500
2007/03/08,0,0,-399000,-399000
2007/03/09,0,0,0,0
2007/03/12,0,0,-389000,-389000
2007/03/13,0,0,0,0
2007/03/14,0,0,0,0
2007/03/15,0,23000,-130000,-107000
2007/03/16,0,107000,0,107000
2007/03/19,0,0,0,0
2007/03/20,0,0,-125000,-125000
2007/03/21,0,0,-50000,-50000
2007/03/22,0,0,-645000,-645000
2007/03/23,0,0,-570000,-570000
2007/03/26,0,0,-205000,-205000
2007/03/27,0,12000,-150000,-138000
2007/03/28,0,0,-501000,-501000
2007/03/29,0,0,-1426000,-1426000
2007/03/30,0,0,-36000,-36000
2007/04/02,0,55000,0,55000
2007/04/03,0,621000,-145000,476000
2007/04/04,0,150000,0,150000
2007/04/05,0,0,0,0
2007/04/06,0,0,0,0
2007/04/09,0,0,-50000,-50000
2007/04/10,0,291000,-100000,191000
2007/04/11,0,52000,-2383000,-2331000
2007/04/12,0,0,-1825000,-1825000
2007/04/13,0,0,-886000,-886000
2007/04/16,0,0,0,0
2007/04/17,0,0,-350000,-350000
2007/04/18,0,0,-100000,-100000
2007/04/19,0,0,0,0
2007/04/20,0,3000,-125000,-122000
2007/04/23,0,1000,-200000,-199000
2007/04/24,0,5000,-120000,-115000
2007/04/25,0,0,-35000,-35000
2007/04/26,0,0,0,0
2007/04/27,0,0,-700000,-700000
2007/04/30,0,0,-290000,-290000
2007/05/01,0,0,0,0
2007/05/02,0,0,0,0
2007/05/03,0,0,-50000,-50000
2007/05/04,0,0,-611000,-611000
2007/05/07,0,0,-40000,-40000
2007/05/08,0,0,-181000,-181000
2007/05/09,0,0,0,0
2007/05/10,0,0,-2000,-2000
2007/05/11,0,0,-151000,-151000
2007/05/14,0,0,0,0
2007/05/15,0,55000,0,55000
2007/05/16,0,250000,-353000,-103000
2007/05/17,0,0,-510000,-510000
2007/05/18,0,0,-170000,-170000
2007/05/21,0,31000,-36000,-5000
2007/05/22,0,1000,-70000,-69000
2007/05/23,0,0,0,0
2007/05/24,0,390000,-481000,-91000
2007/05/25,0,0,0,0
2007/05/28,0,90000,-384000,-294000
2007/05/29,0,1000,0,1000
2007/05/30,0,0,0,0
2007/05/31,0,0,0,0
2007/06/01,0,500000,-300000,200000
2007/06/04,0,650000,0,650000
2007/06/05,0,0,0,0
2007/06/06,0,1000,-491000,-490000
2007/06/07,0,0,-1631000,-1631000
2007/06/08,0,0,-1498000,-1498000
2007/06/11,0,0,-593200,-593200
2007/06/12,0,0,-160500,-160500
2007/06/13,0,0,0,0
2007/06/14,0,0,-1013000,-1013000
2007/06/15,0,0,-1000,-1000
2007/06/18,0,0,0,0
2007/06/19,0,0,0,0
2007/06/20,0,0,-500,-500
2007/06/21,0,0,0,0
2007/06/22,0,0,0,0
2007/06/25,0,4000,0,4000
2007/06/26,0,0,0,0
2007/06/27,0,0,-50000,-50000
2007/06/28,0,0,-1310000,-1310000
2007/06/29,0,0,0,0
2007/07/02,0,130000,0,130000
2007/07/03,0,0,-525000,-525000
2007/07/04,0,0,0,0
2007/07/05,0,206000,-21000,185000
2007/07/06,0,206000,-424000,-218000
2007/07/09,0,194000,-1000,193000
2007/07/10,0,3000,0,3000
2007/07/11,0,0,0,0
2007/07/12,0,0,0,0
2007/07/13,0,0,0,0
2007/07/16,0,0,-268000,-268000
2007/07/17,0,0,-200000,-200000
2007/07/18,0,324000,0,324000
2007/07/19,0,478000,0,478000
2007/07/20,0,1212000,0,1212000
2007/07/23,0,752000,0,752000
2007/07/24,0,2206000,0,2206000
2007/07/25,0,1501000,0,1501000
2007/07/26,0,4195000,0,4195000
2007/07/27,0,955000,0,955000
2007/07/30,0,471000,0,471000
2007/07/31,0,0,0,0
2007/08/01,0,455000,0,455000
2007/08/02,0,1000,-100000,-99000
2007/08/03,0,1000,-250000,-249000
2007/08/06,0,0,-150000,-150000
2007/08/07,0,0,-185000,-185000
2007/08/08,0,385000,0,385000
2007/08/09,0,1095000,-6000,1089000
2007/08/10,0,500000,-87000,413000
2007/08/13,0,0,-331000,-331000
2007/08/14,0,100000,0,100000
2007/08/15,0,1000,-4000,-3000
2007/08/16,0,1000,-5200,-4200
2007/08/17,0,1000,-31000,-30000
2007/08/20,0,1006000,-145600,860400
2007/08/21,0,0,-3359000,-3359000
2007/08/22,0,6000,-1091000,-1085000
2007/08/23,0,0,-1294000,-1294000
2007/08/24,0,0,-501000,-501000
2007/08/27,0,4000,-500000,-496000
2007/08/28,0,0,-24000,-24000
2007/08/29,0,0,0,0
2007/08/30,0,0,0,0
2007/08/31,0,2000,-2000,0
2007/09/03,0,0,0,0
2007/09/04,0,2000,-2000,0
2007/09/05,0,0,0,0
2007/09/06,0,2134000,-406000,1728000
2007/09/07,0,2536000,-401000,2135000
2007/09/10,0,3500000,0,3500000
2007/09/11,0,4948000,0,4948000
2007/09/12,0,1650000,0,1650000
2007/09/13,0,1750000,0,1750000
2007/09/14,0,3130000,0,3130000
2007/09/17,0,1032000,0,1032000
2007/09/18,0,0,0,0
2007/09/19,0,3704000,-18000,3686000
2007/09/20,0,3650000,0,3650000
2007/09/21,0,2000000,0,2000000
2007/09/24,0,0,0,0
2007/09/25,0,0,0,0
2007/09/26,0,2050000,-1000,2049000
2007/09/27,0,501000,-150000,351000
2007/09/28,0,0,0,0
2007/10/01,0,722000,0,722000
2007/10/02,0,1290000,-400000,890000
2007/10/03,0,1101000,0,1101000
2007/10/04,0,1000000,-1437000,-437000
2007/10/05,0,700000,-5090000,-4390000
2007/10/08,0,200000,-3000,197000
2007/10/09,0,545000,-200000,345000
2007/10/10,0,0,0,0
2007/10/11,0,1694000,-152000,1542000
2007/10/12,0,500000,-120000,380000
2007/10/15,0,0,-248560,-248560
2007/10/16,0,400000,0,400000
2007/10/17,0,0,0,0
2007/10/18,0,100000,0,100000
2007/10/19,0,455000,-12000,443000
2007/10/22,0,263000,0,263000
2007/10/23,0,829000,-900000,-71000
2007/10/24,0,0,-600000,-600000
2007/10/25,0,568000,0,568000
2007/10/26,0,0,-400000,-400000
2007/10/29,0,501000,-400000,101000
2007/10/30,0,675000,-500000,175000
2007/10/31,0,0,-400000,-400000
2007/11/01,0,0,-400000,-400000
2007/11/02,0,103000,-500000,-397000
2007/11/05,0,710000,-500000,210000
2007/11/06,0,300000,-500000,-200000
2007/11/07,0,0,-450000,-450000
2007/11/08,0,1000,-400000,-399000
2007/11/09,0,576000,0,576000
2007/11/12,0,21000,-780000,-759000
2007/11/13,0,1000,0,1000
2007/11/14,0,1000,0,1000
2007/11/15,0,500000,0,500000
2007/11/16,0,62000,0,62000
2007/11/19,0,0,-95000,-95000
2007/11/20,0,197000,-250000,-53000
2007/11/21,0,0,-35000,-35000
2007/11/22,0,100000,-413000,-313000
2007/11/23,0,2000,-90000,-88000
2007/11/26,0,65000,-397000,-332000
2007/11/27,0,70000,-2407000,-2337000
2007/11/28,0,320000,-363000,-43000
2007/11/29,0,259000,-500000,-241000
2007/11/30,0,40000,0,40000
2007/12/03,0,0,0,0
2007/12/04,0,20000,-380000,-360000
2007/12/05,0,150000,0,150000
2007/12/06,0,160000,0,160000
2007/12/07,0,90000,-600,89400
2007/12/10,0,0,0,0
2007/12/11,0,0,0,0
2007/12/12,0,0,0,0
2007/12/13,0,0,0,0
2007/12/14,0,2000,-735000,-733000
2007/12/17,0,0,-725000,-725000
2007/12/18,0,1000,-30000,-29000
2007/12/19,0,300000,-100000,200000
2007/12/20,0,400000,0,400000
2007/12/21,0,0,-1000,-1000
2007/12/24,0,126000,0,126000
2007/12/25,0,300000,-1000,299000
2007/12/26,0,0,0,0
2007/12/27,0,268000,0,268000
2007/12/28,0,400000,-1000,399000
2007/12/31,0,510000,0,510000
2008/01/01,0,0,0,0
2008/01/02,0,0,-400000,-400000
2008/01/03,0,0,-500000,-500000
2008/01/04,0,0,-330000,-330000
2008/01/07,0,0,-704000,-704000
2008/01/08,0,1000,0,1000
2008/01/09,0,0,-450000,-450000
2008/01/10,0,0,-22000,-22000
2008/01/11,0,0,0,0
2008/01/14,0,800000,0,800000
2008/01/15,0,961000,-1000000,-39000
2008/01/16,0,1500000,0,1500000
2008/01/17,0,930000,-810000,120000
2008/01/18,0,66000,0,66000
2008/01/21,0,110000,0,110000
2008/01/22,0,0,0,0
2008/01/23,0,0,-60000,-60000
2008/01/24,0,2000,0,2000
2008/01/25,0,201000,0,201000
2008/01/28,0,0,0,0
2008/01/29,0,0,-67000,-67000
2008/01/30,0,0,0,0
2008/01/31,0,0,0,0
2008/02/01,0,1000,0,1000
2008/02/04,0,0,0,0
2008/02/05,0,0,0,0
2008/02/06,0,0,0,0
2008/02/07,0,0,0,0
2008/02/08,0,0,0,0
2008/02/11,0,0,0,0
2008/02/12,0,0,-1000,-1000
2008/02/13,0,0,0,0
2008/02/14,0,0,0,0
2008/02/15,0,1000,-3000,-2000
2008/02/18,0,18000,0,18000
2008/02/19,0,42000,-690000,-648000
2008/02/20,0,0,0,0
2008/02/21,0,0,0,0
2008/02/22,0,256000,0,256000
2008/02/25,0,1834000,0,1834000
2008/02/26,0,0,0,0
2008/02/27,0,0,-300000,-300000
2008/02/28,0,0,0,0
2008/02/29,0,286000,0,286000
2008/03/03,0,0,-905000,-905000
2008/03/04,0,0,0,0
2008/03/05,0,629000,0,629000
2008/03/06,0,1467000,0,1467000
2008/03/07,0,100000,0,100000
2008/03/10,0,960000,-550000,410000
2008/03/11,0,891000,0,891000
2008/03/12,0,71000,0,71000
2008/03/13,0,0,0,0
2008/03/14,0,0,-108000,-108000
2008/03/17,0,1000,0,1000
2008/03/18,0,0,-1960000,-1960000
2008/03/19,0,1000,-303000,-302000
2008/03/20,0,1000,-1364000,-1363000
2008/03/21,0,1000,-800000,-799000
2008/03/24,0,1000,-1793000,-1792000
2008/03/25,0,0,-2362000,-2362000
2008/03/26,0,1000,-1740000,-1739000
2008/03/27,0,0,-282000,-282000
2008/03/28,0,801000,0,801000
2008/03/31,0,401000,0,401000
2008/04/01,0,1000,-665000,-664000
2008/04/02,0,802000,-40000,762000
2008/04/03,0,1000,0,1000
2008/04/04,0,0,0,0
2008/04/07,0,0,-100000,-100000
2008/04/08,0,1000,-100000,-99000
2008/04/09,0,0,0,0
2008/04/10,0,0,0,0
2008/04/11,0,0,0,0
2008/04/14,0,0,0,0
2008/04/15,0,24000,0,24000
2008/04/16,0,0,0,0
2008/04/17,0,0,0,0
2008/04/18,0,50000,-1000,49000
2008/04/21,0,4000,0,4000
2008/04/22,0,1000,0,1000
2008/04/23,0,0,0,0
2008/04/24,0,1000,-400000,-399000
2008/04/25,0,1000,-400000,-399000
2008/04/28,0,4000,0,4000
2008/04/29,0,0,0,0
2008/04/30,0,4000,-382000,-378000
2008/05/01,0,0,0,0
2008/05/02,0,1000,-339000,-338000
2008/05/05,0,1000,0,1000
2008/05/06,0,1000,-600,400
2008/05/07,0,7000,-2000,5000
2008/05/08,0,10000,0,10000
2008/05/09,0,1000,0,1000
2008/05/12,0,2000,0,2000
2008/05/13,0,4000,-104000,-100000
2008/05/14,0,9000,0,9000
2008/05/15,0,27000,0,27000
2008/05/16,0,0,-99000,-99000
2008/05/19,0,91000,0,91000
2008/05/20,0,1000,-206000,-205000
2008/05/21,0,650000,0,650000
2008/05/22,0,51000,0,51000
2008/05/23,0,0,-101000,-101000
2008/05/26,0,4000,0,4000
2008/05/27,0,0,-1000,-1000
2008/05/28,0,1000,0,1000
2008/05/29,0,1000,0,1000
2008/05/30,0,2000,0,2000
2008/06/02,0,1000,-542000,-541000
2008/06/03,0,2000,-450000,-448000
2008/06/04,0,1000,-144000,-143000
2008/06/05,0,0,0,0
2008/06/06,0,1000,0,1000
2008/06/09,0,0,0,0
2008/06/10,0,0,0,0
2008/06/11,0,1000,0,1000
2008/06/12,0,2000,0,2000
2008/06/13,0,17000,0,17000
2008/06/16,0,0,0,0
2008/06/17,0,1000,-241000,-240000
2008/06/18,0,0,-300000,-300000
2008/06/19,0,0,-818000,-818000
2008/06/20,0,0,-753000,-753000
2008/06/23,0,3000,-200000,-197000
2008/06/24,0,6000,0,6000
2008/06/25,0,0,0,0
2008/06/26,0,0,0,0
2008/06/27,0,0,-233000,-233000
2008/06/30,0,125000,-497560,-372560
2008/07/01,0,1000,-990000,-989000
2008/07/02,0,0,-1300000,-1300000
2008/07/03,0,725000,-830000,-105000
2008/07/04,0,3000,-1360000,-1357000
2008/07/07,0,4000,-940000,-936000
2008/07/08,0,0,-1006000,-1006000
2008/07/09,0,5000,-814000,-809000
2008/07/10,0,205000,0,205000
2008/07/11,0,103000,-4000,99000
2008/07/14,0,1100000,-400000,700000
2008/07/15,0,155000,0,155000
2008/07/16,0,4000,0,4000
2008/07/17,0,869000,0,869000
2008/07/18,0,0,-8000,-8000
2008/07/21,0,500000,0,500000
2008/07/22,0,2000,0,2000
2008/07/23,0,330000,-41000,289000
2008/07/24,0,301000,-3000,298000
2008/07/25,0,0,-6480,-6480
2008/07/28,0,0,0,0
2008/07/29,0,1000,0,1000
2008/07/30,0,23000,0,23000
2008/07/31,0,400000,0,400000
2008/08/01,0,76000,0,76000
2008/08/04,0,0,0,0
2008/08/05,0,0,0,0
2008/08/06,0,2000,0,2000
2008/08/07,0,500000,0,500000
2008/08/08,0,503000,0,503000
2008/08/11,0,0,0,0
2008/08/12,0,0,-3000,-3000
2008/08/13,0,500000,0,500000
2008/08/14,0,800000,-8000,792000
2008/08/15,0,0,-1000,-1000
2008/08/18,0,2000,0,2000
2008/08/19,0,0,-2000,-2000
2008/08/20,0,1000,-2000,-1000
2008/08/21,0,147000,0,147000
2008/08/22,0,0,0,0
2008/08/25,0,101000,-91000,10000
2008/08/26,0,173000,-5000,168000
2008/08/27,0,0,0,0
2008/08/28,0,0,0,0
2008/08/29,0,10000,0,10000
2008/09/01,0,0,0,0
2008/09/02,0,1000,0,1000
2008/09/03,0,10000,0,10000
2008/09/04,0,4000,0,4000
2008/09/05,0,102000,0,102000
2008/09/08,0,0,0,0
2008/09/09,0,10000,0,10000
2008/09/10,0,2000,0,2000
2008/09/11,0,0,0,0
2008/09/12,0,100000,0,100000
2008/09/15,0,0,0,0
2008/09/16,0,101000,-1000,100000
2008/09/17,0,0,0,0
2008/09/18,0,1000,0,1000
2008/09/19,0,0,-486000,-486000
2008/09/22,0,123000,-508000,-385000
2008/09/23,0,217000,-478000,-261000
2008/09/24,0,141000,-492000,-351000
2008/09/25,0,0,-494000,-494000
2008/09/26,0,1000,-687000,-686000
2008/09/29,0,0,0,0
2008/09/30,0,0,-260800,-260800
2008/10/01,0,1000,-220000,-219000
2008/10/02,0,0,0,0
2008/10/03,0,0,-3000,-3000
2008/10/06,0,3000,-3000,0
2008/10/07,0,0,-3000,-3000
2008/10/08,0,0,-3000,-3000
2008/10/09,0,8000,-2000,6000
2008/10/10,0,0,0,0
2008/10/13,0,0,0,0
2008/10/14,0,0,-2000,-2000
2008/10/15,0,2000,-500,1500
2008/10/16,0,3000,-800,2200
2008/10/17,0,0,-540500,-540500
2008/10/20,0,0,0,0
2008/10/21,0,100000,0,100000
2008/10/22,0,0,0,0
2008/10/23,0,0,-5000,-5000
2008/10/24,0,0,-6068,-6068
2008/10/27,0,0,-24000,-24000
2008/10/28,0,200000,-8000,192000
2008/10/29,0,0,-1000,-1000
2008/10/30,0,19000,-1000,18000
2008/10/31,0,0,0,0
2008/11/03,0,2000,-172200,-170200
2008/11/04,0,3000,-262000,-259000
2008/11/05,0,2000,0,2000
2008/11/06,0,1000,-1000,0
2008/11/07,0,0,-490000,-490000
2008/11/10,0,401000,-473000,-72000
2008/11/11,0,1001000,-277685,723315
2008/11/12,0,200000,-4000,196000
2008/11/13,0,0,0,0
2008/11/14,0,1000,-401000,-400000
2008/11/17,0,0,-344000,-344000
2008/11/18,0,5000,0,5000
2008/11/19,0,0,0,0
2008/11/20,0,5000,0,5000
2008/11/21,0,19000,-77000,-58000
2008/11/24,0,3000,-656000,-653000
2008/11/25,0,264000,0,264000
2008/11/26,0,204000,0,204000
2008/11/27,0,24000,0,24000
2008/11/28,0,0,0,0
2008/12/01,0,46000,0,46000
2008/12/02,0,692000,0,692000
2008/12/03,0,0,-1000,-1000
2008/12/04,0,352000,0,352000
2008/12/05,0,0,0,0
2008/12/08,0,5000,0,5000
2008/12/09,0,9000,0,9000
2008/12/10,0,4000,-312000,-308000
2008/12/11,0,9000,-310000,-301000
2008/12/12,0,0,-5000,-5000
2008/12/15,0,0,-1000,-1000
2008/12/16,0,0,-857000,-857000
2008/12/17,0,1000,-296000,-295000
2008/12/18,0,1000,-178000,-177000
2008/12/19,0,0,-11000,-11000
2008/12/22,0,32000,0,32000
2008/12/23,0,1000,-602000,-601000
2008/12/24,0,0,0,0
2008/12/25,0,0,0,0
2008/12/26,0,0,-214000,-214000
2008/12/29,0,0,-129000,-129000
2008/12/30,0,0,-93000,-93000
2008/12/31,0,0,-7000,-7000
2009/01/01,0,0,0,0
2009/01/02,0,0,0,0
2009/01/05,0,0,-740000,-740000
2009/01/06,0,0,-458000,-458000
2009/01/07,0,0,0,0
2009/01/08,0,0,0,0
2009/01/09,0,2000,0,2000
2009/01/12,0,1000,-626000,-625000
2009/01/13,0,0,-678000,-678000
2009/01/14,0,0,-300000,-300000
2009/01/15,0,0,-255000,-255000
2009/01/16,0,1000,-159000,-158000
2009/01/19,0,0,-206000,-206000
2009/01/20,0,0,-300000,-300000
2009/01/21,0,0,-142000,-142000
2009/01/22,0,0,0,0
2009/01/23,0,0,0,0
2009/01/26,0,0,0,0
2009/01/27,0,0,0,0
2009/01/28,0,0,0,0
2009/01/29,0,0,0,0
2009/01/30,0,0,0,0
2009/02/02,0,0,0,0
2009/02/03,0,0,-200000,-200000
2009/02/04,0,0,-71300,-71300
2009/02/05,0,0,-200,-200
2009/02/06,0,246000,-386000,-140000
2009/02/09,0,0,-401000,-401000
2009/02/10,0,0,-294000,-294000
2009/02/11,0,0,-2000,-2000
2009/02/12,0,0,-57000,-57000
2009/02/13,0,0,-249000,-249000
2009/02/16,0,0,0,0
2009/02/17,0,0,0,0
2009/02/18,0,0,0,0
2009/02/19,0,0,0,0
2009/02/20,0,6000,0,6000
2009/02/23,0,310000,0,310000
2009/02/24,0,0,0,0
2009/02/25,0,0,0,0
2009/02/26,0,0,0,0
2009/02/27,0,2000,0,2000
2009/03/02,0,0,-390000,-390000
2009/03/03,0,0,-406000,-406000
2009/03/04,0,410000,-411000,-1000
2009/03/05,0,0,-434000,-434000
2009/03/06,0,0,0,0
2009/03/09,0,0,0,0
2009/03/10,0,0,0,0
2009/03/11,0,341000,-890000,-549000
2009/03/12,0,920000,0,920000
2009/03/13,0,0,-13000,-13000
2009/03/16,0,0,-7000,-7000
2009/03/17,0,0,-414000,-414000
2009/03/18,0,0,-18200,-18200
2009/03/19,0,0,0,0
2009/03/20,0,0,-8000,-8000
2009/03/23,0,0,-111000,-111000
2009/03/24,0,0,-26000,-26000
2009/03/25,0,0,0,0
2009/03/26,0,0,0,0
2009/03/27,0,967000,0,967000
2009/03/30,0,0,-6000,-6000
2009/03/31,0,0,-9000,-9000
2009/04/01,0,0,0,0
2009/04/02,0,0,-17000,-17000
2009/04/03,0,879000,-10000,869000
2009/04/06,0,0,-4000,-4000
2009/04/07,0,0,0,0
2009/04/08,0,567000,0,567000
2009/04/09,0,0,-3000,-3000
2009/04/10,0,500000,-19000,481000
2009/04/13,0,0,-11000,-11000
2009/04/14,0,0,-14000,-14000
2009/04/15,0,0,0,0
2009/04/16,0,0,-19000,-19000
2009/04/17,0,0,-71000,-71000
2009/04/20,0,0,-60000,-60000
2009/04/21,0,0,-3000,-3000
2009/04/22,0,70000,0,70000
2009/04/23,0,0,-337000,-337000
2009/04/24,0,70000,-377000,-307000
2009/04/27,0,2000,0,2000
2009/04/28,0,4000,-500000,-496000
2009/04/29,0,0,-100600,-100600
2009/04/30,0,0,0,0
2009/05/01,0,0,0,0
2009/05/04,0,70000,0,70000
2009/05/05,0,108000,0,108000
2009/05/06,0,0,-23000,-23000
2009/05/07,0,0,-29000,-29000
2009/05/08,0,0,-8000,-8000
2009/05/11,0,4000,-8000,-4000
2009/05/12,0,0,-461000,-461000
2009/05/13,0,0,-77000,-77000
2009/05/14,0,0,0,0
2009/05/15,0,20000,-36000,-16000
2009/05/18,0,0,0,0
2009/05/19,0,5000,0,5000
2009/05/20,0,0,-269000,-269000
2009/05/21,0,0,0,0
2009/05/22,0,0,-9000,-9000
2009/05/25,0,0,-41000,-41000
2009/05/26,0,0,-309000,-309000
2009/05/27,0,0,-321000,-321000
2009/05/28,0,0,0,0
2009/05/29,0,0,0,0
2009/06/01,0,0,-226000,-226000
2009/06/02,0,0,-21000,-21000
2009/06/03,0,0,0,0
2009/06/04,0,8000,0,8000
2009/06/05,0,0,-9000,-9000
2009/06/08,0,9000,0,9000
2009/06/09,0,0,-17000,-17000
2009/06/10,0,0,-38000,-38000
2009/06/11,0,1000,0,1000
2009/06/12,0,0,0,0
2009/06/15,0,1000,0,1000
2009/06/16,0,4000,0,4000
2009/06/17,0,3000,0,3000
2009/06/18,0,2000,0,2000
2009/06/19,0,1000,0,1000
2009/06/22,0,3000,0,3000
2009/06/23,0,0,-3000,-3000
2009/06/24,0,1000,0,1000
2009/06/25,0,0,0,0
2009/06/26,0,0,0,0
2009/06/29,0,0,-42000,-42000
2009/06/30,0,0,0,0
2009/07/01,0,3000,0,3000
2009/07/02,0,0,-1000,-1000
2009/07/03,0,0,-4000,-4000
2009/07/06,0,0,-1000,-1000
2009/07/07,0,2000,0,2000
2009/07/08,0,0,-1000,-1000
2009/07/09,0,0,0,0
2009/07/10,0,0,-2000,-2000
2009/07/13,0,0,-2000,-2000
2009/07/14,0,0,-5000,-5000
2009/07/15,0,0,0,0
2009/07/16,0,765000,-1000,764000
2009/07/17,0,2393000,-10000,2383000
2009/07/20,0,780000,-11000,769000
2009/07/21,0,0,-3000,-3000
2009/07/22,0,0,0,0
2009/07/23,0,100000,-2000,98000
2009/07/24,0,178000,-1000,177000
2009/07/27,0,0,0,0
2009/07/28,0,0,0,0
2009/07/29,0,0,-17000,-17000
2009/07/30,0,0,-25000,-25000
2009/07/31,0,273000,-23000,250000
2009/08/03,0,0,-23000,-23000
2009/08/04,0,700000,0,700000
2009/08/05,0,0,0,0
2009/08/06,0,110000,0,110000
2009/08/07,0,0,0,0
2009/08/10,0,3000,-1000,2000
2009/08/11,0,1000,0,1000
2009/08/12,0,0,0,0
2009/08/13,0,400000,0,400000
2009/08/14,0,0,0,0
2009/08/17,0,0,0,0
2009/08/18,0,1000,0,1000
2009/08/19,0,2000,0,2000
2009/08/20,0,1000,0,1000
2009/08/21,0,0,-7000,-7000
2009/08/24,0,1000,0,1000
2009/08/25,0,500000,0,500000
2009/08/26,0,0,0,0
2009/08/27,0,0,0,0
2009/08/28,0,1700000,-48000,1652000
2009/08/31,0,544000,0,544000
2009/09/01,0,912000,0,912000
2009/09/02,0,0,0,0
2009/09/03,0,201000,0,201000
2009/09/04,0,0,-2000,-2000
2009/09/07,0,600000,-2000,598000
2009/09/08,0,0,0,0
2009/09/09,0,27000,0,27000
2009/09/10,0,5000,-300000,-295000
2009/09/11,0,0,0,0
2009/09/14,0,0,-17000,-17000
2009/09/15,0,700000,0,700000
2009/09/16,0,17000,0,17000
2009/09/17,0,100000,0,100000
2009/09/18,0,700000,-15000,685000
2009/09/21,0,70000,-1000,69000
2009/09/22,0,0,0,0
2009/09/23,0,0,-1000,-1000
2009/09/24,0,0,0,0
2009/09/25,0,0,0,0
2009/09/28,0,125000,-353000,-228000
2009/09/29,0,2000,-147000,-145000
2009/09/30,0,617000,-600000,17000
2009/10/01,0,0,0,0
2009/10/02,0,0,-860,-860
2009/10/05,0,0,-2000,-2000
2009/10/06,0,0,0,0
2009/10/07,0,0,-300000,-300000
2009/10/08,0,247000,0,247000
2009/10/09,0,1000,-800000,-799000
2009/10/12,0,0,-200000,-200000
2009/10/13,0,2000,0,2000
2009/10/14,0,0,-2000,-2000
2009/10/15,0,0,0,0
2009/10/16,0,191000,-4000,187000
2009/10/19,0,11000,0,11000
2009/10/20,0,0,0,0
2009/10/21,0,4000,-1752340,-1748340
2009/10/22,0,0,-255000,-255000
2009/10/23,0,0,-763000,-763000
2009/10/26,0,0,0,0
2009/10/27,0,1000,-2129000,-2128000
2009/10/28,0,0,-188000,-188000
2009/10/29,0,1000,-109000,-108000
2009/10/30,0,0,-2226000,-2226000
2009/11/02,0,2000,-250000,-248000
2009/11/03,0,1000,-407000,-406000
2009/11/04,0,1000,-250000,-249000
2009/11/05,0,2000,-505000,-503000
2009/11/06,0,0,-145000,-145000
2009/11/09,0,2000,0,2000
2009/11/10,0,0,-4000,-4000
2009/11/11,0,0,-420000,-420000
2009/11/12,0,0,-503000,-503000
2009/11/13,0,0,-2000,-2000
2009/11/16,0,2000,-1000,1000
2009/11/17,0,0,-378000,-378000
2009/11/18,0,0,-2000,-2000
2009/11/19,0,0,-249000,-249000
2009/11/20,0,2000,-382000,-380000
2009/11/23,0,0,-6000,-6000
2009/11/24,0,0,-400000,-400000
2009/11/25,0,0,-552000,-552000
2009/11/26,0,0,-275000,-275000
2009/11/27,0,0,0,0
2009/11/30,0,2000,-355000,-353000
2009/12/01,0,0,-374342,-374342
2009/12/02,0,0,0,0
2009/12/03,0,0,0,0
2009/12/04,0,0,-1000,-1000
2009/12/07,0,0,0,0
2009/12/08,0,0,0,0
2009/12/09,0,0,-209000,-209000
2009/12/10,0,0,-13000,-13000
2009/12/11,0,1000,0,1000
2009/12/14,0,0,-277000,-277000
2009/12/15,0,0,0,0
2009/12/16,0,0,-265000,-265000
2009/12/17,0,0,0,0
2009/12/18,0,0,-1000,-1000
2009/12/21,0,0,0,0
2009/12/22,0,0,-460000,-460000
2009/12/23,0,0,0,0
2009/12/24,0,0,-341500,-341500
2009/12/25,0,0,-2000,-2000
2009/12/28,0,0,-26000,-26000
2009/12/29,0,0,-28000,-28000
2009/12/30,0,0,-23000,-23000
2009/12/31,0,0,0,0
2010/01/01,0,0,0,0
2010/01/04,0,1000,0,1000
2010/01/05,0,0,0,0
2010/01/06,0,0,0,0
2010/01/07,0,0,-118000,-118000
2010/01/08,0,0,-1000,-1000
2010/01/11,0,0,0,0
2010/01/12,0,0,-1000,-1000
2010/01/13,0,0,0,0
2010/01/14,0,0,-168000,-168000
2010/01/15,0,0,-660000,-660000
2010/01/18,0,0,-5000,-5000
2010/01/19,0,0,0,0
2010/01/20,0,0,-3000,-3000
2010/01/21,0,0,0,0
2010/01/22,0,0,0,0
2010/01/25,0,0,-1000,-1000
2010/01/26,0,0,0,0
2010/01/27,0,4000,0,4000
2010/01/28,0,1000,-1000,0
2010/01/29,0,1000,0,1000
2010/02/01,0,1000,0,1000
2010/02/02,0,0,0,0
2010/02/03,0,1000,0,1000
2010/02/04,0,1000,0,1000
2010/02/05,0,0,0,0
2010/02/08,0,1000,0,1000
2010/02/09,0,2000,0,2000
2010/02/10,0,5000,0,5000
2010/02/11,0,0,0,0
2010/02/12,0,0,0,0
2010/02/15,0,0,0,0
2010/02/16,0,0,0,0
2010/02/17,0,0,0,0
2010/02/18,0,0,0,0
2010/02/19,0,0,0,0
2010/02/22,0,1000,0,1000
2010/02/23,0,1000,0,1000
2010/02/24,0,1000,-445000,-444000
2010/02/25,0,0,0,0
2010/02/26,0,1000,0,1000
2010/03/01,0,1000,0,1000
2010/03/02,0,0,0,0
2010/03/03,0,0,0,0
2010/03/04,0,0,-1000,-1000
2010/03/05,0,0,0,0
2010/03/08,0,500000,0,500000
2010/03/09,0,0,0,0
2010/03/10,0,0,-1000,-1000
2010/03/11,0,0,0,0
2010/03/12,0,0,-7000,-7000
2010/03/15,0,570000,0,570000
2010/03/16,0,0,0,0
2010/03/17,0,6000,-29000,-23000
2010/03/18,0,0,-31000,-31000
2010/03/19,0,0,-3000,-3000
2010/03/22,0,0,-1000,-1000
2010/03/23,0,1000,-390740,-389740
2010/03/24,0,0,0,0
2010/03/25,0,0,-1000,-1000
2010/03/26,0,0,0,0
2010/03/29,0,1000,-158000,-157000
2010/03/30,0,0,0,0
2010/03/31,0,0,0,0
2010/04/01,0,0,0,0
2010/04/02,0,0,-81000,-81000
2010/04/05,0,0,0,0
2010/04/06,0,100000,-207850,-107850
2010/04/07,0,0,0,0
2010/04/08,0,0,0,0
2010/04/09,0,0,0,0
2010/04/12,0,100000,0,100000
2010/04/13,0,0,-1000,-1000
2010/04/14,0,0,0,0
2010/04/15,0,0,0,0
2010/04/16,0,0,-1000,-1000
2010/04/19,0,0,-757,-757
2010/04/20,0,0,-1000,-1000
2010/04/21,0,100000,0,100000
2010/04/22,0,0,0,0
2010/04/23,0,0,0,0
2010/04/26,0,0,0,0
2010/04/27,0,0,0,0
2010/04/28,0,1032000,-1000,1031000
2010/04/29,0,269000,-300000,-31000
2010/04/30,0,120000,-508750,-388750
2010/05/03,0,0,0,0
2010/05/04,0,0,0,0
2010/05/05,0,0,-3000,-3000
2010/05/06,0,0,0,0
2010/05/07,0,1000,0,1000
2010/05/10,0,12000,0,12000
2010/05/11,0,0,-453000,-453000
2010/05/12,0,0,-90000,-90000
2010/05/13,0,1000,-659000,-658000
2010/05/14,0,3000,0,3000
2010/05/17,0,0,-1000,-1000
2010/05/18,0,0,-320000,-320000
2010/05/19,0,0,-320000,-320000
2010/05/20,0,1000,-300000,-299000
2010/05/21,0,0,-317000,-317000
2010/05/24,0,0,-302000,-302000
2010/05/25,0,1000,-197360,-196360
2010/05/26,0,1000,-118000,-117000
2010/05/27,0,1000,0,1000
2010/05/28,0,0,-1000,-1000
2010/05/31,0,0,0,0
2010/06/01,0,0,0,0
2010/06/02,0,0,0,0
2010/06/03,0,0,0,0
2010/06/04,0,0,0,0
2010/06/07,0,0,0,0
2010/06/08,0,1000,0,1000
2010/06/09,0,0,0,0
2010/06/10,0,2000,-140,1860
2010/06/11,0,0,0,0
2010/06/14,0,0,-1000,-1000
2010/06/15,0,0,-39000,-39000
2010/06/16,0,0,0,0
2010/06/17,0,510000,-1000,509000
2010/06/18,0,0,-6000,-6000
2010/06/21,0,0,0,0
2010/06/22,0,0,-2000,-2000
2010/06/23,0,0,0,0
2010/06/24,0,12000,-100000,-88000
2010/06/25,0,8000,0,8000
2010/06/28,0,1000,-4000,-3000
2010/06/29,0,1000,0,1000
2010/06/30,0,0,0,0
2010/07/01,0,0,-300000,-300000
2010/07/02,0,0,0,0
2010/07/05,0,0,0,0
2010/07/06,0,0,0,0
2010/07/07,0,0,-300000,-300000
2010/07/08,0,0,0,0
2010/07/09,0,0,0,0
2010/07/12,0,1000,0,1000
2010/07/13,0,0,0,0
2010/07/14,0,0,-370000,-370000
2010/07/15,0,0,-3000,-3000
2010/07/16,0,0,-55000,-55000
2010/07/19,0,1000,-161000,-160000
2010/07/20,0,0,0,0
2010/07/21,0,2000,-1000,1000
2010/07/22,0,0,0,0
2010/07/23,0,450000,0,450000
2010/07/26,0,357000,0,357000
2010/07/27,0,220000,0,220000
2010/07/28,0,426000,0,426000
2010/07/29,0,0,0,0
2010/07/30,0,0,-5000,-5000
2010/08/02,0,222000,-8000,214000
2010/08/03,0,218000,0,218000
2010/08/04,0,0,-1000,-1000
2010/08/05,0,0,-7170,-7170
2010/08/06,0,0,-1000,-1000
2010/08/09,0,4000,0,4000
2010/08/10,0,0,0,0
2010/08/11,0,1000,0,1000
2010/08/12,0,1000,-1000,0
2010/08/13,0,0,-1000,-1000
2010/08/16,0,0,-1000,-1000
2010/08/17,0,0,0,0
2010/08/18,0,4000,0,4000
2010/08/19,0,0,0,0
2010/08/20,0,0,-221000,-221000
2010/08/23,0,0,-216000,-216000
2010/08/24,0,0,-217000,-217000
2010/08/25,0,5000,-1000,4000
2010/08/26,0,0,0,0
2010/08/27,0,0,0,0
2010/08/30,0,1000,-1000,0
2010/08/31,0,12000,0,12000
2010/09/01,0,193000,-50000,143000
2010/09/02,0,0,0,0
2010/09/03,0,0,0,0
2010/09/06,0,0,0,0
2010/09/07,0,2000,0,2000
2010/09/08,0,0,0,0
2010/09/09,0,0,-309000,-309000
2010/09/10,0,0,0,0
2010/09/13,0,0,0,0
2010/09/14,0,0,0,0
2010/09/15,0,11000,0,11000
2010/09/16,0,0,-1000,-1000
2010/09/17,0,0,-3000,-3000
2010/09/20,0,0,-1000,-1000
2010/09/21,0,0,0,0
2010/09/22,0,0,0,0
2010/09/23,0,0,-1000,-1000
2010/09/24,0,0,-1000,-1000
2010/09/27,0,0,0,0
2010/09/28,0,0,0,0
2010/09/29,0,0,-74000,-74000
2010/09/30,0,0,-2000,-2000
2010/10/01,0,0,-53950,-53950
2010/10/04,0,0,0,0
2010/10/05,0,0,0,0
2010/10/06,0,0,-22300,-22300
2010/10/07,0,0,0,0
2010/10/08,0,0,0,0
2010/10/11,0,100000,0,100000
2010/10/12,0,100000,-1000,99000
2010/10/13,0,173000,0,173000
2010/10/14,0,102000,0,102000
2010/10/15,0,130000,-3000,127000
2010/10/18,0,22000,-1000,21000
2010/10/19,0,33000,0,33000
2010/10/20,0,0,0,0
2010/10/21,0,100000,0,100000
2010/10/22,0,800000,0,800000
2010/10/25,0,0,0,0
2010/10/26,0,168000,0,168000
2010/10/27,0,601000,0,601000
2010/10/28,0,721000,0,721000
2010/10/29,0,400000,-53800,346200
2010/11/01,0,200000,0,200000
2010/11/02,0,0,0,0
2010/11/03,0,70000,0,70000
2010/11/04,0,236000,0,236000
2010/11/05,0,0,0,0
2010/11/08,0,0,0,0
2010/11/09,0,203000,0,203000
2010/11/10,0,0,-1000,-1000
2010/11/11,0,501000,0,501000
2010/11/12,0,0,-3000,-3000
2010/11/15,0,0,-1000,-1000
2010/11/16,0,0,0,0
2010/11/17,0,0,0,0
2010/11/18,0,0,0,0
2010/11/19,0,50000,0,50000
2010/11/22,0,0,-2000,-2000
2010/11/23,0,0,-1000,-1000
2010/11/24,0,0,0,0
2010/11/25,0,0,0,0
2010/11/26,0,0,0,0
2010/11/29,0,0,0,0
2010/11/30,0,1000,-201000,-200000
2010/12/01,0,0,-585000,-585000
2010/12/02,0,0,-3000,-3000
2010/12/03,0,0,-402000,-402000
2010/12/06,0,210000,-505000,-295000
2010/12/07,0,0,-22000,-22000
2010/12/08,0,0,-2000,-2000
2010/12/09,0,0,0,0
2010/12/10,0,0,-200000,-200000
2010/12/13,0,0,-1000,-1000
2010/12/14,0,20000,0,20000
2010/12/15,0,0,-4000,-4000
2010/12/16,0,0,-8000,-8000
2010/12/17,0,0,-414291,-414291
2010/12/20,0,0,-402000,-402000
2010/12/21,0,1000,0,1000
2010/12/22,0,1000,0,1000
2010/12/23,0,0,-110000,-110000
2010/12/24,0,0,-100000,-100000
2010/12/27,0,0,-1000,-1000
2010/12/28,0,0,0,0
2010/12/29,0,0,0,0
2010/12/30,0,0,0,0
2010/12/31,0,0,0,0
2011/01/03,0,0,-92000,-92000
2011/01/04,0,0,0,0
2011/01/05,0,120000,0,120000
2011/01/06,0,0,0,0
2011/01/07,0,0,0,0
2011/01/10,0,0,-1000,-1000
2011/01/11,0,0,0,0
2011/01/12,0,0,0,0
2011/01/13,0,0,0,0
2011/01/14,0,60000,-1000,59000
2011/01/17,0,0,0,0
2011/01/18,0,0,0,0
2011/01/19,0,0,-3000,-3000
2011/01/20,0,0,-1000,-1000
2011/01/21,0,407000,-78000,329000
2011/01/24,0,13000,0,13000
2011/01/25,0,1000,0,1000
2011/01/26,0,0,0,0
2011/01/27,0,0,-1000,-1000
2011/01/28,0,0,-2000,-2000
2011/01/31,0,0,0,0
2011/02/01,0,0,0,0
2011/02/02,0,0,0,0
2011/02/03,0,0,0,0
2011/02/04,0,0,0,0
2011/02/07,0,0,0,0
2011/02/08,0,0,0,0
2011/02/09,0,0,0,0
2011/02/10,0,0,-1000,-1000
2011/02/11,0,2000,0,2000
2011/02/14,0,1000,0,1000
2011/02/15,0,2000,-700000,-698000
2011/02/16,0,0,0,0
2011/02/17,0,0,0,0
2011/02/18,0,0,0,0
2011/02/21,0,0,-1000,-1000
2011/02/22,0,0,0,0
2011/02/23,0,10000,0,10000
2011/02/24,0,1000,0,1000
2011/02/25,0,1000,-3000,-2000
2011/02/28,0,0,0,0
2011/03/01,0,0,0,0
2011/03/02,0,0,0,0
2011/03/03,0,0,0,0
2011/03/04,0,0,-235000,-235000
2011/03/07,0,0,-318000,-318000
2011/03/08,0,0,0,0
2011/03/09,0,0,-317000,-317000
2011/03/10,0,0,0,0
2011/03/11,0,0,0,0
2011/03/14,0,1000,0,1000
2011/03/15,0,1000,0,1000
2011/03/16,0,0,0,0
2011/03/17,0,5000,0,5000
2011/03/18,0,0,-8000,-8000
2011/03/21,0,0,0,0
2011/03/22,0,0,0,0
2011/03/23,0,0,0,0
2011/03/24,0,0,0,0
2011/03/25,0,0,0,0
2011/03/28,0,728000,-233000,495000
2011/03/29,0,339000,0,339000
2011/03/30,0,150000,-9000,141000
2011/03/31,0,0,0,0
2011/04/01,0,0,-14000,-14000
2011/04/04,0,0,0,0
2011/04/05,0,0,0,0
2011/04/06,0,0,0,0
2011/04/07,0,0,-141000,-141000
2011/04/08,0,0,0,0
2011/04/11,0,0,0,0
2011/04/12,0,0,-2000,-2000
2011/04/13,0,0,0,0
2011/04/14,0,0,-77000,-77000
2011/04/15,0,0,0,0
2011/04/18,0,0,0,0
2011/04/19,0,1000,0,1000
2011/04/20,0,0,0,0
2011/04/21,0,1000,0,1000
2011/04/22,0,0,0,0
2011/04/25,0,0,-858000,-858000
2011/04/26,0,0,-648198,-648198
2011/04/27,0,106000,0,106000
2011/04/28,0,0,0,0
2011/04/29,0,0,0,0
2011/05/02,0,0,0,0
2011/05/03,0,8000,0,8000
2011/05/04,0,8000,-374000,-366000
2011/05/05,0,8000,0,8000
2011/05/06,0,9000,0,9000
2011/05/09,0,720000,0,720000
2011/05/10,0,0,0,0
2011/05/11,0,0,0,0
2011/05/12,0,2000,0,2000
2011/05/13,0,0,-227000,-227000
2011/05/16,0,1000,0,1000
2011/05/17,0,0,0,0
2011/05/18,0,0,0,0
2011/05/19,0,0,0,0
2011/05/20,0,38000,0,38000
2011/05/23,0,0,-1000,-1000
2011/05/24,0,0,0,0
2011/05/25,0,0,0,0
2011/05/26,0,0,0,0
2011/05/27,0,0,-1000,-1000
2011/05/30,0,1000,0,1000
2011/05/31,0,12000,0,12000
2011/06/01,0,0,-100000,-100000
2011/06/02,0,0,0,0
2011/06/03,0,0,-240000,-240000
2011/06/06,0,0,0,0
2011/06/07,0,0,0,0
2011/06/08,0,0,0,0
2011/06/09,0,0,0,0
2011/06/10,0,0,0,0
2011/06/13,0,0,0,0
2011/06/14,0,1000,0,1000
2011/06/15,0,0,-21000,-21000
2011/06/16,0,5000,0,5000
2011/06/17,0,27000,-4000,23000
2011/06/20,0,5000,0,5000
2011/06/21,0,0,0,0
2011/06/22,0,1000,0,1000
2011/06/23,0,0,0,0
2011/06/24,0,0,0,0
2011/06/27,0,0,0,0
2011/06/28,0,1000,0,1000
2011/06/29,0,7000,0,7000
2011/06/30,0,1000,0,1000
2011/07/01,0,0,0,0
2011/07/04,0,0,-21000,-21000
2011/07/05,0,0,0,0
2011/07/06,0,0,0,0
2011/07/07,0,0,0,0
2011/07/08,0,0,-1000,-1000
2011/07/11,0,0,0,0
2011/07/12,0,1000,0,1000
2011/07/13,0,0,0,0
2011/07/14,0,1000,0,1000
2011/07/15,0,1000,-1121000,-1120000
2011/07/18,0,1000,-171000,-170000
2011/07/19,0,1000,0,1000
2011/07/20,0,0,-305000,-305000
2011/07/21,0,0,-280000,-280000
2011/07/22,0,0,0,0
2011/07/25,0,0,-1000,-1000
2011/07/26,0,0,0,0
2011/07/27,0,0,0,0
2011/07/28,0,0,-1000,-1000
2011/07/29,0,0,0,0
2011/08/01,0,0,0,0
2011/08/02,0,0,0,0
2011/08/03,0,8000,0,8000
2011/08/04,0,3000,0,3000
2011/08/05,0,4000,0,4000
2011/08/08,0,2000,0,2000
2011/08/09,0,2000,0,2000
2011/08/10,0,0,0,0
2011/08/11,0,14000,0,14000
2011/08/12,0,1000,0,1000
2011/08/15,0,2000,0,2000
2011/08/16,0,98000,0,98000
2011/08/17,0,0,-1000,-1000
2011/08/18,0,17000,0,17000
2011/08/19,0,3000,0,3000
2011/08/22,0,12000,0,12000
2011/08/23,0,1000,0,1000
2011/08/24,0,0,0,0
2011/08/25,0,0,0,0
2011/08/26,0,80000,0,80000
2011/08/29,0,1000,0,1000
2011/08/30,0,500,0,500
2011/08/31,0,0,-1000,-1000
2011/09/01,0,0,-36000,-36000
2011/09/02,0,13000,-2000,11000
2011/09/05,0,0,-58850,-58850
2011/09/06,0,0,0,0
2011/09/07,0,3000,0,3000
2011/09/08,0,0,0,0
2011/09/09,0,5000,0,5000
2011/09/12,0,0,0,0
2011/09/13,0,7000,-1669,5331
2011/09/14,0,1000,-2000,-1000
2011/09/15,0,172000,-6000,166000
2011/09/16,0,216000,0,216000
2011/09/19,0,1000,-4100,-3100
2011/09/20,0,0,0,0
2011/09/21,0,0,-2074,-2074
2011/09/22,0,0,-1000,-1000
2011/09/23,0,1000,0,1000
2011/09/26,0,6000,0,6000
2011/09/27,0,2000,0,2000
2011/09/28,0,0,0,0
2011/09/29,0,6000,0,6000
2011/09/30,0,0,-2000,-2000
2011/10/03,0,0,0,0
2011/10/04,0,3000,0,3000
2011/10/05,0,6000,0,6000
2011/10/06,0,6000,-800,5200
2011/10/07,0,1000,0,1000
2011/10/10,0,0,0,0
2011/10/11,0,0,0,0
2011/10/12,0,2000,0,2000
2011/10/13,0,0,0,0
2011/10/14,0,0,0,0
2011/10/17,0,0,-1414,-1414
2011/10/18,0,0,-10535,-10535
2011/10/19,0,0,0,0
2011/10/20,0,0,0,0
2011/10/21,0,0,0,0
2011/10/24,0,3000,0,3000
2011/10/25,0,0,-104000,-104000
2011/10/26,0,1000,0,1000
2011/10/27,0,1000,0,1000
2011/10/28,0,2000,0,2000
2011/10/31,0,0,-2000,-2000
2011/11/01,0,0,-2000,-2000
2011/11/02,0,3000,0,3000
2011/11/03,0,0,0,0
2011/11/04,0,0,-3000,-3000
2011/11/07,0,0,0,0
2011/11/08,0,2000,0,2000
2011/11/09,0,0,0,0
2011/11/10,0,1000,0,1000
2011/11/11,0,0,0,0
2011/11/14,0,10005,-2000,8005
2011/11/15,0,0,-1000,-1000
2011/11/16,0,0,0,0
2011/11/17,0,22000,0,22000
2011/11/18,0,6000,0,6000
2011/11/21,0,3000,0,3000
2011/11/22,0,2000,-2050,-50
2011/11/23,0,4000,0,4000
2011/11/24,0,4000,0,4000
2011/11/25,0,6000,0,6000
2011/11/28,0,1000,0,1000
2011/11/29,0,2000,0,2000
2011/11/30,0,0,0,0
2011/12/01,0,0,-8000,-8000
2011/12/02,0,0,0,0
2011/12/05,0,2000,-2000,0
2011/12/06,0,0,0,0
2011/12/07,0,1000,0,1000
2011/12/08,0,0,0,0
2011/12/09,0,2013,0,2013
2011/12/12,0,0,0,0
2011/12/13,0,0,0,0
2011/12/14,0,0,0,0
2011/12/15,0,0,-2000,-2000
2011/12/16,0,1000,-2050,-1050
2011/12/19,0,2000,-100,1900
2011/12/20,0,1000,0,1000
2011/12/21,0,0,0,0
2011/12/22,0,2000,0,2000
2011/12/23,0,0,-1000,-1000
2011/12/26,0,0,0,0
2011/12/27,0,3000,0,3000
2011/12/28,0,0,-2000,-2000
2011/12/29,0,0,0,0
2011/12/30,0,0,-2000,-2000
2012/01/02,0,3000,0,3000
2012/01/03,0,0,-5000,-5000
2012/01/04,0,0,0,0
2012/01/05,0,1506,-1000,506
2012/01/06,0,74000,-1000,73000
2012/01/09,0,32000,-1000,31000
2012/01/10,0,6000,-1000,5000
2012/01/11,0,0,-2000,-2000
2012/01/12,0,0,-4000,-4000
2012/01/13,0,0,-6000,-6000
2012/01/16,0,0,-2000,-2000
2012/01/17,0,0,-4000,-4000
2012/01/18,0,0,-1000,-1000
2012/01/19,0,0,0,0
2012/01/20,0,0,0,0
2012/01/23,0,0,0,0
2012/01/24,0,0,0,0
2012/01/25,0,0,0,0
2012/01/26,0,0,0,0
2012/01/27,0,0,0,0
2012/01/30,0,0,-7000,-7000
2012/01/31,0,0,0,0
2012/02/01,0,0,-3000,-3000
2012/02/02,0,0,-2000,-2000
2012/02/03,0,0,-3000,-3000
2012/02/06,0,0,-5000,-5000
2012/02/07,0,0,0,0
2012/02/08,0,0,-1000,-1000
2012/02/09,0,0,-180073,-180073
2012/02/10,0,2000,0,2000
2012/02/13,0,0,0,0
2012/02/14,0,0,-4000,-4000
2012/02/15,0,0,-4000,-4000
2012/02/16,0,1000,-1000,0
2012/02/17,0,4000,0,4000
2012/02/20,0,0,-1000,-1000
2012/02/21,0,0,0,0
2012/02/22,0,0,0,0
2012/02/23,0,0,-1000,-1000
2012/02/24,0,0,-118000,-118000
2012/02/27,0,0,0,0
2012/02/28,0,0,0,0
2012/02/29,0,0,-2000,-2000
2012/03/01,0,0,-20,-20
2012/03/02,0,0,-3000,-3000
2012/03/05,0,0,0,0
2012/03/06,0,0,0,0
2012/03/07,0,0,-1000,-1000
2012/03/08,0,0,-16643,-16643
2012/03/09,0,0,0,0
2012/03/12,0,0,-1000,-1000
2012/03/13,0,0,-2000,-2000
2012/03/14,0,72000,0,72000
2012/03/15,0,68000,-274000,-206000
2012/03/16,0,0,-1518000,-1518000
2012/03/19,0,0,-216168,-216168
2012/03/20,0,0,-2000,-2000
2012/03/21,0,0,0,0
2012/03/22,0,0,0,0
2012/03/23,0,0,0,0
2012/03/26,0,0,-2000,-2000
2012/03/27,0,0,0,0
2012/03/28,0,0,0,0
2012/03/29,0,0,0,0
2012/03/30,0,0,-2000,-2000
2012/04/02,0,0,-1000,-1000
2012/04/03,0,0,0,0
2012/04/04,0,0,0,0
2012/04/05,0,1000,-1834,-834
2012/04/06,0,0,0,0
2012/04/09,0,0,-2000,-2000
2012/04/10,0,0,0,0
2012/04/11,0,0,0,0
2012/04/12,0,0,0,0
2012/04/13,0,0,0,0
2012/04/16,0,0,-110000,-110000
2012/04/17,0,0,0,0
2012/04/18,0,0,0,0
2012/04/19,0,0,0,0
2012/04/20,0,0,0,0
2012/04/23,0,1000,0,1000
2012/04/24,0,3000,0,3000
2012/04/25,0,0,0,0
2012/04/26,0,0,0,0
2012/04/27,0,0,0,0
2012/04/30,0,0,0,0
2012/05/01,0,0,0,0
2012/05/02,0,12000,0,12000
2012/05/03,0,8330,0,8330
2012/05/04,0,0,-3000,-3000
2012/05/07,0,0,0,0
2012/05/08,0,0,0,0
2012/05/09,0,0,0,0
2012/05/10,0,0,0,0
2012/05/11,0,0,0,0
2012/05/14,0,0,0,0
2012/05/15,0,9000,0,9000
2012/05/16,0,0,-14000,-14000
2012/05/17,0,0,0,0
2012/05/18,0,0,-35000,-35000
2012/05/21,0,0,0,0
2012/05/22,0,0,0,0
2012/05/23,0,0,-3000,-3000
2012/05/24,0,0,0,0
2012/05/25,0,0,0,0
2012/05/28,0,0,0,0
2012/05/29,0,2000,0,2000
2012/05/30,0,0,-3712,-3712
2012/05/31,0,0,0,0
2012/06/01,0,0,-100,-100
2012/06/04,0,5000,0,5000
2012/06/05,0,3000,0,3000
2012/06/06,0,0,0,0
2012/06/07,0,0,0,0
2012/06/08,0,0,-577,-577
2012/06/11,0,0,0,0
2012/06/12,0,0,0,0
2012/06/13,0,4000,0,4000
2012/06/14,0,2000,0,2000
2012/06/15,0,1000,0,1000
2012/06/18,0,0,0,0
2012/06/19,0,0,0,0
2012/06/20,0,0,0,0
2012/06/21,0,0,0,0
2012/06/22,0,0,0,0
2012/06/25,0,0,0,0
2012/06/26,0,0,-18861,-18861
2012/06/27,0,0,0,0
2012/06/28,0,0,-4000,-4000
2012/06/29,0,0,0,0
2012/07/02,0,8000,-1000,7000
2012/07/03,0,104000,0,104000
2012/07/04,0,202000,0,202000
2012/07/05,0,126000,-1000,125000
2012/07/06,0,227000,-3000,224000
2012/07/09,0,199000,0,199000
2012/07/10,0,76000,0,76000
2012/07/11,0,26000,0,26000
2012/07/12,0,36000,0,36000
2012/07/13,0,0,0,0
2012/07/16,0,0,0,0
2012/07/17,0,0,-30000,-30000
2012/07/18,0,0,0,0
2012/07/19,0,0,0,0
2012/07/20,0,41000,0,41000
2012/07/23,0,0,0,0
2012/07/24,0,0,0,0
2012/07/25,0,0,0,0
2012/07/26,0,4000,0,4000
2012/07/27,0,0,0,0
2012/07/30,0,0,0,0
2012/07/31,0,0,0,0
2012/08/01,0,1000,0,1000
2012/08/02,0,0,0,0
2012/08/03,0,0,0,0
2012/08/06,0,1000,-2000,-1000
2012/08/07,0,1000,0,1000
2012/08/08,0,0,0,0
2012/08/09,0,24000,0,24000
2012/08/10,0,328500,0,328500
2012/08/13,0,0,0,0
2012/08/14,0,0,0,0
2012/08/15,0,0,-60000,-60000
2012/08/16,0,0,0,0
2012/08/17,0,12000,-1455,10545
2012/08/20,0,0,0,0
2012/08/21,0,0,0,0
2012/08/22,0,24000,0,24000
2012/08/23,0,0,0,0
2012/08/24,0,36000,0,36000
2012/08/27,0,0,0,0
2012/08/28,0,62000,0,62000
2012/08/29,0,0,0,0
2012/08/30,0,136000,0,136000
2012/08/31,0,3000,0,3000
2012/09/03,0,0,0,0
2012/09/04,0,0,-279000,-279000
2012/09/05,0,1000,0,1000
2012/09/06,0,1000,-199000,-198000
2012/09/07,0,0,-214000,-214000
2012/09/10,0,0,-235000,-235000
2012/09/11,0,0,-446000,-446000
2012/09/12,0,1000,-432000,-431000
2012/09/13,0,0,-232000,-232000
2012/09/14,0,0,-390000,-390000
2012/09/17,0,1000,-500000,-499000
2012/09/18,0,0,-263997,-263997
2012/09/19,0,0,-250000,-250000
2012/09/20,0,0,-259000,-259000
2012/09/21,0,114000,-1000,113000
2012/09/24,0,0,-241000,-241000
2012/09/25,0,0,-404000,-404000
2012/09/26,0,0,-76000,-76000
2012/09/27,0,1000,-447000,-446000
2012/09/28,0,0,0,0
2012/10/01,0,0,-29000,-29000
2012/10/02,0,0,-21000,-21000
2012/10/03,0,0,-31000,-31000
2012/10/04,0,0,-25000,-25000
2012/10/05,0,0,-267000,-267000
2012/10/08,0,0,-200000,-200000
2012/10/09,0,0,0,0
2012/10/10,0,0,0,0
2012/10/11,0,0,0,0
2012/10/12,0,0,-1000,-1000
2012/10/15,0,0,0,0
2012/10/16,0,0,0,0
2012/10/17,0,1000,0,1000
2012/10/18,0,15000,0,15000
2012/10/19,0,0,0,0
2012/10/22,0,0,0,0
2012/10/23,0,0,0,0
2012/10/24,0,0,0,0
2012/10/25,0,0,-2000,-2000
2012/10/26,0,0,0,0
2012/10/29,0,12771,-192000,-179229
2012/10/30,0,0,-189000,-189000
2012/10/31,0,0,0,0
2012/11/01,0,0,-54000,-54000
2012/11/02,0,0,0,0
2012/11/05,0,0,0,0
2012/11/06,0,0,0,0
2012/11/07,0,0,0,0
2012/11/08,0,0,0,0
2012/11/09,0,0,0,0
2012/11/12,0,0,0,0
2012/11/13,0,0,0,0
2012/11/14,0,0,0,0
2012/11/15,0,0,0,0
2012/11/16,0,2000,0,2000
2012/11/19,0,0,0,0
2012/11/20,0,0,0,0
2012/11/21,0,0,0,0
2012/11/22,0,0,-2000,-2000
2012/11/23,0,0,0,0
2012/11/26,0,0,0,0
2012/11/27,0,0,0,0
2012/11/28,0,24000,-306000,-282000
2012/11/29,0,0,-480000,-480000
2012/11/30,0,51000,0,51000
2012/12/03,0,0,-480000,-480000
2012/12/04,0,0,-140000,-140000
2012/12/05,0,0,-286000,-286000
2012/12/06,0,0,0,0
2012/12/07,0,0,-605000,-605000
2012/12/10,0,0,-381000,-381000
2012/12/11,0,0,-523000,-523000
2012/12/12,0,0,-611000,-611000
2012/12/13,0,0,-689000,-689000
2012/12/14,0,0,-500000,-500000
2012/12/17,0,0,-455000,-455000
2012/12/18,0,0,0,0
2012/12/19,0,0,-45000,-45000
2012/12/20,0,0,-2000,-2000
2012/12/21,0,0,-59000,-59000
2012/12/24,0,0,-100000,-100000
2012/12/25,0,0,-357000,-357000
2012/12/26,0,0,-456000,-456000
2012/12/27,0,150000,-236000,-86000
2012/12/28,0,249000,-308000,-59000
2012/12/31,0,0,0,0
2013/01/01,0,0,0,0
2013/01/02,0,100000,0,100000
2013/01/03,0,0,-1000,-1000
2013/01/04,0,0,-3000,-3000
2013/01/07,0,0,-19000,-19000
2013/01/08,0,0,-2000,-2000
2013/01/09,0,0,0,0
2013/01/10,0,0,0,0
2013/01/11,0,0,-2000,-2000
2013/01/14,0,0,0,0
2013/01/15,0,200000,-1000,199000
2013/01/16,0,0,-4000,-4000
2013/01/17,0,8555,-2000,6555
2013/01/18,0,0,0,0
2013/01/21,0,0,-8000,-8000
2013/01/22,0,0,0,0
2013/01/23,0,0,-2000,-2000
2013/01/24,0,0,-3000,-3000
2013/01/25,0,0,-2000,-2000
2013/01/28,0,0,0,0
2013/01/29,0,0,-500,-500
2013/01/30,0,0,0,0
2013/01/31,0,5000,-2000,3000
2013/02/01,0,0,0,0
2013/02/04,0,0,-11000,-11000
2013/02/05,0,0,-11000,-11000
2013/02/06,0,0,-3000,-3000
2013/02/07,0,0,0,0
2013/02/08,0,0,0,0
2013/02/11,0,0,0,0
2013/02/12,0,0,0,0
2013/02/13,0,0,0,0
2013/02/14,0,0,0,0
2013/02/15,0,0,0,0
2013/02/18,0,0,0,0
2013/02/19,0,0,-1000,-1000
2013/02/20,0,0,0,0
2013/02/21,0,0,-2000,-2000
2013/02/22,0,0,-5000,-5000
2013/02/25,0,0,0,0
2013/02/26,0,0,-1000,-1000
2013/02/27,0,0,0,0
2013/02/28,0,0,0,0
2013/03/01,0,0,0,0
2013/03/04,0,0,0,0
2013/03/05,0,0,-80000,-80000
2013/03/06,0,0,-5000,-5000
2013/03/07,0,0,0,0
2013/03/08,0,0,0,0
2013/03/11,0,0,-2000,-2000
2013/03/12,0,0,0,0
2013/03/13,0,0,-1000,-1000
2013/03/14,0,0,-1000,-1000
2013/03/15,0,37000,-2000,35000
2013/03/18,0,0,-3000,-3000
2013/03/19,0,0,0,0
2013/03/20,0,0,0,0
2013/03/21,0,0,0,0
2013/03/22,0,0,-1000,-1000
2013/03/25,0,0,0,0
2013/03/26,0,0,0,0
2013/03/27,0,0,-11000,-11000
2013/03/28,0,0,0,0
2013/03/29,0,0,0,0
2013/04/01,0,0,-1000,-1000
2013/04/02,0,0,0,0
2013/04/03,0,0,0,0
2013/04/04,0,0,0,0
2013/04/05,0,0,0,0
2013/04/08,0,0,0,0
2013/04/09,0,0,0,0
2013/04/10,0,0,0,0
2013/04/11,0,0,0,0
2013/04/12,0,0,0,0
2013/04/15,0,0,-1000,-1000
2013/04/16,0,0,0,0
2013/04/17,0,0,-5000,-5000
2013/04/18,0,0,0,0
2013/04/19,0,0,-4486,-4486
2013/04/22,0,0,-1000,-1000
2013/04/23,0,0,-138000,-138000
2013/04/24,0,0,0,0
2013/04/25,0,0,-2000,-2000
2013/04/26,0,0,-1000,-1000
2013/04/29,0,0,-1000,-1000
2013/04/30,0,0,-159000,-159000
2013/05/01,0,0,0,0
2013/05/02,0,0,0,0
2013/05/03,0,0,-4000,-4000
2013/05/06,0,0,-1000,-1000
2013/05/07,0,0,0,0
2013/05/08,0,0,0,0
2013/05/09,0,0,0,0
2013/05/10,0,0,-1000,-1000
2013/05/13,0,0,-3000,-3000
2013/05/14,0,0,-7000,-7000
2013/05/15,0,0,0,0
2013/05/16,0,0,0,0
2013/05/17,0,0,0,0
2013/05/20,0,0,-2000,-2000
2013/05/21,0,0,0,0
2013/05/22,0,0,-5000,-5000
2013/05/23,0,0,0,0
2013/05/24,0,0,-1000,-1000
2013/05/27,0,0,-1000,-1000
2013/05/28,0,0,0,0
2013/05/29,0,0,0,0
2013/05/30,0,0,0,0
2013/05/31,0,0,-646142,-646142
2013/06/03,0,0,0,0
2013/06/04,0,0,0,0
2013/06/05,0,0,0,0
2013/06/06,0,0,0,0
2013/06/07,0,1000,0,1000
2013/06/10,0,0,0,0
2013/06/11,0,0,-28000,-28000
2013/06/12,0,0,0,0
2013/06/13,0,0,-27000,-27000
2013/06/14,0,0,0,0
2013/06/17,0,0,0,0
2013/06/18,0,0,-1000,-1000
2013/06/19,0,0,0,0
2013/06/20,0,0,0,0
2013/06/21,0,0,0,0
2013/06/24,0,1000,0,1000
2013/06/25,0,0,0,0
2013/06/26,0,0,0,0
2013/06/27,0,0,0,0
2013/06/28,0,0,0,0
2013/07/01,0,0,0,0
2013/07/02,0,0,0,0
2013/07/03,0,0,0,0
2013/07/04,0,5000,0,5000
2013/07/05,0,73000,0,73000
2013/07/08,0,0,0,0
2013/07/09,0,0,0,0
2013/07/10,0,0,0,0
2013/07/11,0,0,-5389,-5389
2013/07/12,0,0,0,0
2013/07/15,0,0,0,0
2013/07/16,0,0,0,0
2013/07/17,0,0,0,0
2013/07/18,0,0,0,0
2013/07/19,0,0,0,0
2013/07/22,0,0,0,0
2013/07/23,0,0,0,0
2013/07/24,0,0,0,0
2013/07/25,0,0,0,0
2013/07/26,0,0,0,0
2013/07/29,0,0,0,0
2013/07/30,0,4000,0,4000
2013/07/31,0,0,0,0
2013/08/01,0,0,0,0
2013/08/02,0,0,0,0
2013/08/05,0,1000,0,1000
2013/08/06,0,0,0,0
2013/08/07,0,0,0,0
2013/08/08,0,0,0,0
2013/08/09,0,0,0,0
2013/08/12,0,0,0,0
2013/08/13,0,0,0,0
2013/08/14,0,0,0,0
2013/08/15,0,0,0,0
2013/08/16,0,3000,0,3000
2013/08/19,0,0,0,0
2013/08/20,0,0,0,0
2013/08/21,0,0,0,0
2013/08/22,0,0,0,0
2013/08/23,0,0,0,0
2013/08/26,0,0,0,0
2013/08/27,0,0,0,0
2013/08/28,0,0,0,0
2013/08/29,0,0,0,0
2013/08/30,0,0,0,0
2013/09/02,0,0,0,0
2013/09/03,0,6130,-127000,-120870
2013/09/04,0,0,0,0
2013/09/05,0,0,-1000,-1000
2013/09/06,0,0,0,0
2013/09/09,0,0,-1000,-1000
2013/09/10,0,0,0,0
2013/09/11,0,0,0,0
2013/09/12,0,22000,-139000,-117000
2013/09/13,0,19000,0,19000
2013/09/16,0,0,0,0
2013/09/17,0,0,0,0
2013/09/18,0,2000,0,2000
2013/09/19,0,0,0,0
2013/09/20,0,0,0,0
2013/09/23,0,0,0,0
2013/09/24,0,0,-120000,-120000
2013/09/25,0,0,-108000,-108000
2013/09/26,0,0,0,0
2013/09/27,0,0,0,0
2013/09/30,0,0,-1000,-1000
2013/10/01,0,0,0,0
2013/10/02,0,0,0,0
2013/10/03,0,0,0,0
2013/10/04,0,0,-32000,-32000
2013/10/07,0,0,-40000,-40000
2013/10/08,0,0,0,0
2013/10/09,0,0,-67000,-67000
2013/10/10,0,0,0,0
2013/10/11,0,0,0,0
2013/10/14,0,0,0,0
2013/10/15,0,0,0,0
2013/10/16,0,241000,0,241000
2013/10/17,0,0,0,0
2013/10/18,0,0,0,0
2013/10/21,0,0,0,0
2013/10/22,0,0,-7000,-7000
2013/10/23,0,0,0,0
2013/10/24,0,48000,0,48000
2013/10/25,0,0,0,0
2013/10/28,0,0,0,0
2013/10/29,0,0,0,0
2013/10/30,0,268000,0,268000
2013/10/31,0,0,-1000,-1000
2013/11/01,0,0,0,0
2013/11/04,0,100000,0,100000
2013/11/05,0,0,0,0
2013/11/06,0,0,0,0
2013/11/07,0,0,-2000,-2000
2013/11/08,0,0,0,0
2013/11/11,0,0,0,0
2013/11/12,0,0,0,0
2013/11/13,0,0,0,0
2013/11/14,0,0,0,0
2013/11/15,0,0,-1000,-1000
2013/11/18,0,0,0,0
2013/11/19,0,0,0,0
2013/11/20,0,0,0,0
2013/11/21,0,0,0,0
2013/11/22,0,0,0,0
2013/11/25,0,8965,0,8965
2013/11/26,0,0,0,0
2013/11/27,0,0,0,0
2013/11/28,0,0,0,0
2013/11/29,0,0,0,0
2013/12/02,0,0,0,0
2013/12/03,0,0,0,0
2013/12/04,0,0,0,0
2013/12/05,0,0,0,0
2013/12/06,0,0,0,0
2013/12/09,0,0,0,0
2013/12/10,0,0,0,0
2013/12/11,0,0,0,0
2013/12/12,0,0,0,0
2013/12/13,0,0,0,0
2013/12/16,0,0,0,0
2013/12/17,0,0,0,0
2013/12/18,0,0,0,0
2013/12/19,0,0,0,0
2013/12/20,0,0,-5000,-5000
2013/12/23,0,0,0,0
2013/12/24,0,0,-4000,-4000
2013/12/25,0,0,-5000,-5000
2013/12/26,0,0,0,0
2013/12/27,0,0,0,0
2013/12/30,0,9000,0,9000
2013/12/31,0,0,-1000,-1000
2014/01/02,0,9000,0,9000
2014/01/03,0,0,0,0
2014/01/06,0,0,0,0
2014/01/07,0,0,0,0
2014/01/08,0,0,0,0
2014/01/09,0,200000,0,200000
2014/01/10,0,243000,0,243000
2014/01/13,0,0,0,0
2014/01/14,0,0,0,0
2014/01/15,0,1000,0,1000
2014/01/16,0,0,0,0
2014/01/17,0,0,-1000,-1000
2014/01/20,0,0,0,0
2014/01/21,0,0,-1000,-1000
2014/01/22,0,0,-1000,-1000
2014/01/23,0,0,0,0
2014/01/24,0,0,0,0
2014/01/27,0,0,-1000,-1000
2014/02/05,0,0,0,0
2014/02/06,0,0,0,0
2014/02/07,0,0,0,0
2014/02/10,0,0,0,0
2014/02/11,0,0,0,0
2014/02/12,0,0,0,0
2014/02/13,0,1000,-10952,-9952
2014/02/14,0,0,0,0
2014/02/17,0,0,0,0
2014/02/18,0,0,0,0
2014/02/19,0,10000,0,10000
2014/02/20,0,8000,-2000,6000
2014/02/21,0,2000,0,2000
2014/02/24,0,1000,0,1000
2014/02/25,0,0,0,0
2014/02/26,0,0,0,0
2014/02/27,0,0,0,0
2014/03/03,0,0,-1000,-1000
2014/03/04,0,0,-250000,-250000
2014/03/05,0,0,-250000,-250000
2014/03/06,0,11000,-251000,-240000
2014/03/07,0,0,-401000,-401000
2014/03/10,0,0,-10000,-10000
2014/03/11,0,300000,-1000,299000
2014/03/12,0,535000,-1000,534000
2014/03/13,0,633000,0,633000
2014/03/14,0,0,-2000,-2000
2014/03/17,0,0,0,0
2014/03/18,0,0,0,0
2014/03/19,0,0,0,0
2014/03/20,0,0,-246000,-246000
2014/03/21,0,0,-2000,-2000
2014/03/24,0,0,0,0
2014/03/25,0,0,0,0
2014/03/26,0,0,0,0
2014/03/27,0,0,0,0
2014/03/28,0,0,-1000,-1000
2014/03/31,0,0,0,0
2014/04/01,0,0,-4000,-4000
2014/04/02,0,0,0,0
2014/04/03,0,0,-23000,-23000
2014/04/07,0,0,-8000,-8000
2014/04/08,0,0,0,0
2014/04/09,0,0,0,0
2014/04/10,0,7171,-193000,-185829
2014/04/11,0,0,0,0
2014/04/14,0,0,0,0
2014/04/15,0,0,0,0
2014/04/16,0,0,0,0
2014/04/17,0,0,0,0
2014/04/18,0,0,0,0
2014/04/21,0,4000,0,4000
2014/04/22,0,0,-1000,-1000
2014/04/23,0,0,0,0
2014/04/24,0,0,0,0
2014/04/25,0,0,0,0
2014/04/28,0,0,0,0
2014/04/29,0,0,0,0
2014/04/30,0,5000,0,5000
2014/05/02,0,0,0,0
2014/05/05,0,0,0,0
2014/05/06,0,0,0,0
2014/05/07,0,0,0,0
2014/05/08,0,0,0,0
2014/05/09,0,0,-1000,-1000
2014/05/12,0,0,0,0
2014/05/13,0,2000,0,2000
2014/05/14,0,0,0,0
2014/05/15,0,0,0,0
2014/05/16,0,7000,0,7000
2014/05/19,0,0,-1000,-1000
2014/05/20,0,0,0,0
2014/05/21,0,0,0,0
2014/05/22,0,0,0,0
2014/05/23,0,0,0,0
2014/05/26,0,0,-1000,-1000
2014/05/27,0,0,-4000,-4000
2014/05/28,0,0,0,0
2014/05/29,0,0,-2000,-2000
2014/05/30,0,0,0,0
2014/06/03,0,0,0,0
2014/06/04,0,0,0,0
2014/06/05,0,0,0,0
2014/06/06,0,0,0,0
2014/06/09,0,0,0,0
2014/06/10,0,0,0,0
2014/06/11,0,0,0,0
2014/06/12,0,0,-8000,-8000
2014/06/13,0,0,0,0
2014/06/16,0,0,-8000,-8000
2014/06/17,0,0,0,0
2014/06/18,0,0,0,0
2014/06/19,0,0,0,0
2014/06/20,0,0,-1500,-1500
2014/06/23,0,0,0,0
2014/06/24,0,0,0,0
2014/06/25,0,0,0,0
2014/06/26,0,0,0,0
2014/06/27,0,0,0,0
2014/06/30,0,0,0,0
2014/07/01,0,0,0,0
2014/07/02,0,0,-1252,-1252
2014/07/03,0,0,0,0
2014/07/04,0,0,0,0
2014/07/07,0,0,0,0
2014/07/08,0,0,-1000,-1000
2014/07/09,0,0,0,0
2014/07/10,0,0,0,0
2014/07/11,0,0,0,0
2014/07/14,0,0,0,0
2014/07/15,0,0,0,0
2014/07/16,0,0,0,0
2014/07/17,0,0,0,0
2014/07/18,0,500000,0,500000
2014/07/21,0,0,0,0
2014/07/22,0,0,0,0
2014/07/23,0,0,0,0
2014/07/24,0,0,0,0
2014/07/25,0,0,0,0
2014/07/28,0,0,0,0
2014/07/29,0,0,0,0
2014/07/30,0,3000,-15000,-12000
2014/07/31,0,1000,0,1000
2014/08/01,0,0,0,0
2014/08/04,0,0,-10000,-10000
2014/08/05,0,0,0,0
2014/08/06,0,0,0,0
2014/08/07,0,0,0,0
2014/08/08,0,0,0,0
2014/08/11,0,0,0,0
2014/08/12,0,3000,0,3000
2014/08/13,0,0,0,0
2014/08/14,0,0,0,0
2014/08/15,0,0,-8000,-8000
2014/08/18,0,0,0,0
2014/08/19,0,0,0,0
2014/08/20,0,0,0,0
2014/08/21,0,47000,0,47000
2014/08/22,0,0,0,0
2014/08/25,0,0,0,0
2014/08/26,0,0,0,0
2014/08/27,0,1000,0,1000
2014/08/28,0,0,-6000,-6000
2014/08/29,0,0,0,0
2014/09/01,0,0,0,0
2014/09/02,0,0,0,0
2014/09/03,0,0,0,0
2014/09/04,0,50000,0,50000
2014/09/05,0,230000,0,230000
2014/09/09,0,379000,0,379000
2014/09/10,0,100000,0,100000
2014/09/11,0,0,0,0
2014/09/12,0,0,0,0
2014/09/15,0,52000,0,52000
2014/09/16,0,19000,0,19000
2014/09/17,0,10000,0,10000
2014/09/18,0,10000,0,10000
2014/09/19,0,0,0,0
2014/09/22,0,2295,0,2295
2014/09/23,0,0,0,0
2014/09/24,0,40000,0,40000
2014/09/25,0,0,0,0
2014/09/26,0,0,0,0
2014/09/29,0,0,0,0
2014/09/30,0,0,0,0
2014/10/01,0,0,0,0
2014/10/02,0,0,-11330,-11330
2014/10/03,0,0,0,0
2014/10/06,0,0,0,0
2014/10/07,0,0,0,0
2014/10/08,0,0,0,0
2014/10/09,0,0,0,0
2014/10/13,0,0,0,0
2014/10/14,0,0,0,0
2014/10/15,0,0,0,0
2014/10/16,0,0,0,0
2014/10/17,0,0,0,0
2014/10/20,0,0,0,0
2014/10/21,0,8000,0,8000
2014/10/22,0,0,0,0
2014/10/23,0,18000,0,18000
2014/10/24,0,0,0,0
2014/10/27,0,0,0,0
2014/10/28,0,0,0,0
2014/10/29,0,0,0,0
2014/10/30,0,0,0,0
2014/10/31,0,0,0,0
2014/11/03,0,0,0,0
2014/11/04,0,0,0,0
2014/11/05,0,0,0,0
2014/11/06,0,0,0,0
2014/11/07,0,0,0,0
2014/11/10,0,0,0,0
2014/11/11,0,0,0,0
2014/11/12,0,0,0,0
2014/11/13,0,0,0,0
2014/11/14,0,0,0,0
2014/11/17,0,0,0,0
2014/11/18,0,0,0,0
2014/11/19,0,0,0,0
2014/11/20,0,0,0,0
2014/11/21,0,32000,0,32000
2014/11/24,0,0,0,0
2014/11/25,0,0,-1000,-1000
2014/11/26,0,0,0,0
2014/11/27,0,0,-1000,-1000
2014/11/28,0,0,0,0
2014/12/01,0,0,0,0
2014/12/02,0,0,0,0
2014/12/03,0,0,-2000,-2000
2014/12/04,0,0,0,0
2014/12/05,0,21000,0,21000
2014/12/08,0,0,0,0
2014/12/09,0,0,0,0
2014/12/10,0,0,0,0
2014/12/11,0,0,-289,-289
2014/12/12,0,0,0,0
2014/12/15,0,0,-40000,-40000
2014/12/16,0,0,-27000,-27000
2014/12/17,0,0,-79000,-79000
2014/12/18,0,0,0,0
2014/12/19,0,0,-5000,-5000
2014/12/22,0,145000,0,145000
2014/12/23,0,152000,0,152000
2014/12/24,0,120000,0,120000
2014/12/25,0,127000,0,127000
2014/12/26,0,0,-70000,-70000
2014/12/29,0,0,0,0
2014/12/30,0,0,0,0
2014/12/31,0,0,-1000,-1000
2015/01/01,0,0,0,0
2015/01/02,0,0,0,0
2015/01/05,0,0,0,0
2015/01/06,0,0,-20000,-20000
2015/01/07,0,0,-170000,-170000
2015/01/08,0,0,-250000,-250000
2015/01/09,0,0,-400000,-400000
2015/01/12,0,0,-250000,-250000
2015/01/13,0,0,-250000,-250000
2015/01/14,0,0,-127800,-127800
2015/01/15,0,0,0,0
2015/01/16,0,0,0,0
2015/01/19,0,0,0,0
2015/01/20,0,0,0,0
2015/01/21,0,0,0,0
2015/01/22,0,0,-1000,-1000
2015/01/23,0,0,0,0
2015/01/26,0,0,-112000,-112000
2015/01/27,0,0,-102240,-102240
2015/01/28,0,0,-10000,-10000
2015/01/29,0,0,-30000,-30000
2015/01/30,0,0,-57000,-57000
2015/02/02,0,0,0,0
2015/02/03,0,0,0,0
2015/02/04,0,0,-70000,-70000
2015/02/05,0,0,-147000,-147000
2015/02/06,0,0,-163000,-163000
2015/02/09,0,0,-50000,-50000
2015/02/10,0,0,0,0
2015/02/11,0,0,-50000,-50000
2015/02/12,0,0,0,0
2015/02/13,0,0,-5000,-5000
2015/02/16,0,0,0,0
2015/02/17,0,0,0,0
2015/02/18,0,0,0,0
2015/02/19,0,0,0,0
2015/02/20,0,0,0,0
2015/02/23,0,0,0,0
2015/02/24,0,0,0,0
2015/02/25,0,0,0,0
2015/02/26,0,0,-6000,-6000
2015/02/27,0,0,0,0
2015/03/02,0,170000,0,170000
2015/03/03,0,0,-1000,-1000
2015/03/04,0,400000,-305000,95000
2015/03/05,0,400000,-202000,198000
2015/03/06,0,0,0,0
2015/03/09,0,0,-2000,-2000
2015/03/10,0,0,0,0
2015/03/11,0,0,0,0
2015/03/12,0,0,-1226,-1226
2015/03/13,0,0,0,0
2015/03/16,0,0,-90000,-90000
2015/03/17,0,0,0,0
2015/03/18,0,0,0,0
2015/03/19,0,150000,-1000,149000
2015/03/20,0,175000,-1000,174000
2015/03/23,0,0,-1000,-1000
2015/03/24,0,0,-1000,-1000
2015/03/25,0,0,0,0
2015/03/26,0,0,0,0
2015/03/27,0,0,-5000,-5000
2015/03/30,0,0,0,0
2015/03/31,0,0,0,0
2015/04/01,0,0,0,0
2015/04/02,0,0,0,0
2015/04/03,0,0,0,0
2015/04/06,0,0,0,0
2015/04/07,0,0,0,0
2015/04/08,0,0,0,0
2015/04/09,0,0,0,0
2015/04/10,0,263000,0,263000
2015/04/13,0,0,0,0
2015/04/14,0,0,0,0
2015/04/15,0,15000,0,15000
2015/04/16,0,0,0,0
2015/04/17,0,0,0,0
2015/04/20,0,0,-2000,-2000
2015/04/21,0,0,0,0
2015/04/22,0,0,0,0
2015/04/23,0,0,0,0
2015/04/24,0,0,0,0
2015/04/27,0,0,0,0
2015/04/28,0,50000,-1000,49000
2015/04/29,0,20000,-1000,19000
2015/04/30,0,30000,-1000,29000
2015/05/01,0,0,0,0
2015/05/04,0,0,0,0
2015/05/05,0,119000,0,119000
2015/05/06,0,0,0,0
2015/05/07,0,0,0,0
2015/05/08,0,0,0,0
2015/05/11,0,1000,0,1000
2015/05/12,0,0,0,0
2015/05/13,0,0,0,0
2015/05/14,0,1000,0,1000
2015/05/15,0,0,-5000,-5000
2015/05/18,0,0,0,0
2015/05/19,0,0,0,0
2015/05/20,0,0,0,0
2015/05/21,0,0,0,0
2015/05/22,0,0,0,0
2015/05/25,0,0,0,0
2015/05/26,0,0,0,0
2015/05/27,0,0,0,0
2015/05/28,0,0,-93000,-93000
2015/05/29,0,0,0,0
2015/06/01,0,0,0,0
2015/06/02,0,0,0,0
2015/06/03,0,0,0,0
2015/06/04,0,1855,0,1855
2015/06/05,0,0,-1000,-1000
2015/06/08,0,0,0,0
2015/06/09,0,0,0,0
2015/06/10,0,0,0,0
2015/06/11,0,0,0,0
2015/06/12,0,0,0,0
2015/06/15,0,0,0,0
2015/06/16,0,0,0,0
2015/06/17,0,0,0,0
2015/06/18,0,55000,-1000,54000
2015/06/19,0,0,0,0
2015/06/22,0,0,-5420,-5420
2015/06/23,0,0,0,0
2015/06/24,0,100000,0,100000
2015/06/25,0,90000,0,90000
2015/06/26,0,0,0,0
2015/06/29,0,0,0,0
2015/06/30,0,0,0,0
2015/07/01,0,0,0,0
2015/07/02,0,30000,0,30000
2015/07/03,0,0,-55757,-55757
2015/07/06,0,0,0,0
2015/07/07,0,0,0,0
2015/07/08,0,0,0,0
2015/07/09,0,0,0,0
2015/07/10,0,0,0,0
2015/07/13,0,0,0,0
2015/07/14,0,0,0,0
2015/07/15,0,7000,0,7000
2015/07/16,0,0,-119000,-119000
2015/07/17,0,33000,0,33000
2015/07/20,0,0,0,0
2015/07/21,0,0,0,0
2015/07/22,0,50000,0,50000
2015/07/23,0,0,0,0
2015/07/24,0,0,0,0
2015/07/27,0,0,0,0
2015/07/28,0,11000,0,11000
2015/07/29,0,0,0,0
2015/07/30,0,0,0,0
2015/07/31,0,0,0,0
2015/08/03,0,0,0,0
2015/08/04,0,0,0,0
2015/08/05,0,0,0,0
2015/08/06,0,0,0,0
2015/08/07,0,0,0,0
2015/08/10,0,0,0,0
2015/08/11,0,59000,0,59000
2015/08/12,0,0,0,0
2015/08/13,0,0,0,0
2015/08/14,0,0,0,0
2015/08/17,0,0,0,0
2015/08/18,0,0,0,0
2015/08/19,0,0,0,0
2015/08/20,0,0,0,0
2015/08/21,0,0,-1000,-1000
2015/08/24,0,0,0,0
2015/08/25,0,0,-985,-985
2015/08/26,0,0,0,0
2015/08/27,0,0,0,0
2015/08/28,0,0,0,0
2015/08/31,0,0,-4000,-4000
2015/09/01,0,0,-7000,-7000
2015/09/02,0,0,0,0
2015/09/03,0,2000,0,2000
2015/09/04,0,0,-59000,-59000
2015/09/07,0,0,0,0
2015/09/08,0,0,0,0
2015/09/09,0,0,0,0
2015/09/10,0,0,0,0
2015/09/11,0,0,0,0
2015/09/14,0,0,0,0
2015/09/15,0,0,0,0
2015/09/16,0,0,0,0
2015/09/17,0,0,0,0
2015/09/18,0,0,-1000,-1000
2015/09/21,0,7000,0,7000
2015/09/22,0,2113,0,2113
2015/09/23,0,0,-30000,-30000
2015/09/24,0,0,0,0
2015/09/25,0,0,0,0
2015/09/28,0,0,0,0
2015/09/29,0,0,0,0
2015/09/30,0,0,0,0
2015/10/01,0,0,0,0
2015/10/02,0,65000,0,65000
2015/10/05,0,0,0,0
2015/10/06,0,0,-20000,-20000
2015/10/07,0,0,-65000,-65000
2015/10/08,0,0,0,0
2015/10/09,0,0,0,0
2015/10/12,0,0,0,0
2015/10/13,0,0,0,0
2015/10/14,0,0,-30000,-30000
2015/10/15,0,0,0,0
2015/10/16,0,0,-60000,-60000
2015/10/19,0,0,0,0
2015/10/20,0,0,0,0
2015/10/21,0,0,0,0
2015/10/22,0,0,0,0
2015/10/23,0,0,0,0
2015/10/26,0,0,0,0
2015/10/27,0,0,0,0
2015/10/28,0,0,0,0
2015/10/29,0,0,0,0
2015/10/30,0,25000,0,25000
2015/11/02,0,33000,0,33000
2015/11/03,0,0,0,0
2015/11/04,0,7000,0,7000
2015/11/05,0,0,0,0
2015/11/06,0,0,-58000,-58000
2015/11/09,0,0,0,0
2015/11/10,0,0,0,0
2015/11/11,0,0,0,0
2015/11/12,0,0,0,0
2015/11/13,0,60000,0,60000
2015/11/16,0,0,0,0
2015/11/17,0,0,0,0
2015/11/18,0,0,0,0
2015/11/19,0,0,0,0
2015/11/20,0,0,-1000,-1000
2015/11/23,0,0,0,0
2015/11/24,0,0,0,0
2015/11/25,0,0,0,0
2015/11/26,0,0,0,0
2015/11/27,0,0,0,0
2015/11/30,0,0,0,0
2015/12/01,0,0,0,0
2015/12/02,0,0,0,0
2015/12/03,0,0,0,0
2015/12/04,0,0,0,0
2015/12/07,0,0,0,0
2015/12/08,0,0,0,0
2015/12/09,0,0,0,0
2015/12/10,0,0,0,0
2015/12/11,0,0,0,0
2015/12/14,0,0,-2383,-2383
2015/12/15,0,0,0,0
2015/12/16,0,0,0,0
2015/12/17,0,0,0,0
2015/12/18,0,0,0,0
2015/12/21,0,0,0,0
2015/12/22,0,0,0,0
2015/12/23,0,0,0,0
2015/12/24,0,0,0,0
2015/12/25,0,0,0,0
2015/12/28,0,39000,0,39000
2015/12/29,0,36000,0,36000
2015/12/30,0,0,0,0
2015/12/31,0,0,0,0
2016/01/01,0,0,0,0
2016/01/04,0,23000,0,23000
2016/01/05,0,0,-1000,-1000
2016/01/06,0,0,0,0
2016/01/07,0,0,0,0
2016/01/08,0,0,0,0
2016/01/11,0,0,0,0
2016/01/12,0,0,0,0
2016/01/13,0,0,0,0
2016/01/14,0,0,0,0
2016/01/15,0,0,-8000,-8000
2016/01/18,0,0,0,0
2016/01/19,0,0,0,0
2016/01/20,0,0,-126000,-126000
2016/01/21,0,0,-118000,-118000
2016/01/22,0,0,-120000,-120000
2016/01/25,0,0,-120000,-120000
2016/01/26,0,0,-142000,-142000
2016/01/27,0,0,0,0
2016/01/28,0,0,-134000,-134000
2016/01/29,0,0,-138000,-138000
2016/02/01,0,0,-172000,-172000
2016/02/02,0,0,-186000,-186000
2016/02/03,0,0,-231000,-231000
2016/02/04,0,0,0,0
2016/02/05,0,0,0,0
2016/02/08,0,0,0,0
2016/02/09,0,0,0,0
2016/02/10,0,0,0,0
2016/02/11,0,0,0,0
2016/02/12,0,0,0,0
2016/02/15,0,0,-100992,-100992
2016/02/16,0,0,0,0
2016/02/17,0,0,0,0
2016/02/18,0,0,0,0
2016/02/19,0,1000,0,1000
2016/02/22,0,0,0,0
2016/02/23,0,0,0,0
2016/02/24,0,0,0,0
2016/02/25,0,0,0,0
2016/02/26,0,0,0,0
2016/02/29,0,0,0,0
2016/03/01,0,0,-23000,-23000
2016/03/02,0,0,0,0
2016/03/03,0,0,0,0
2016/03/04,0,0,0,0
2016/03/07,0,0,0,0
2016/03/08,0,0,0,0
2016/03/09,0,0,0,0
2016/03/10,0,0,-100000,-100000
2016/03/11,0,0,-160000,-160000
2016/03/14,0,0,0,0
2016/03/15,0,0,0,0
2016/03/16,0,0,-150000,-150000
2016/03/17,0,0,-143000,-143000
2016/03/18,0,0,-59000,-59000
2016/03/21,0,0,0,0
2016/03/22,0,0,0,0
2016/03/23,0,0,0,0
2016/03/24,0,0,0,0
2016/03/25,0,55000,0,55000
2016/03/28,0,0,0,0
2016/03/29,0,0,0,0
2016/03/30,0,0,0,0
2016/03/31,0,0,0,0
2016/04/01,0,0,0,0
2016/04/04,0,0,0,0
2016/04/05,0,0,0,0
2016/04/06,0,0,0,0
2016/04/07,0,0,0,0
2016/04/08,0,0,0,0
2016/04/11,0,0,0,0
2016/04/12,0,0,0,0
2016/04/13,0,0,0,0
2016/04/14,0,0,0,0
2016/04/15,0,0,-166000,-166000
2016/04/18,0,0,0,0
2016/04/19,0,0,0,0
2016/04/20,0,0,-1000,-1000
2016/04/21,0,0,0,0
2016/04/22,0,0,0,0
2016/04/25,0,0,0,0
2016/04/26,0,0,0,0
2016/04/27,0,0,0,0
2016/04/28,0,0,0,0
2016/04/29,0,0,0,0
2016/05/02,0,0,0,0
2016/05/03,0,0,0,0
2016/05/04,0,0,0,0
2016/05/05,0,0,0,0
2016/05/06,0,0,0,0
2016/05/09,0,0,0,0
2016/05/10,0,729,0,729
2016/05/11,0,0,0,0
2016/05/12,0,0,0,0
2016/05/13,0,51000,0,51000
2016/05/16,0,0,0,0
2016/05/17,0,0,0,0
2016/05/18,0,0,0,0
2016/05/19,0,0,0,0
2016/05/20,0,0,-1000,-1000
2016/05/23,0,0,0,0
2016/05/24,0,0,0,0
2016/05/25,0,0,0,0
2016/05/26,0,0,0,0
2016/05/27,0,0,0,0
2016/05/30,0,0,0,0
2016/05/31,0,0,0,0
2016/06/01,0,0,0,0
2016/06/02,0,0,0,0
2016/06/03,0,0,-51000,-51000
2016/06/06,0,0,0,0
2016/06/07,0,0,0,0
2016/06/08,0,0,0,0
2016/06/09,0,0,0,0
2016/06/10,0,0,0,0
2016/06/13,0,0,0,0
2016/06/14,0,0,0,0
2016/06/15,0,0,0,0
2016/06/16,0,0,0,0
2016/06/17,0,54000,0,54000
2016/06/20,0,0,0,0
2016/06/21,0,0,0,0
2016/06/22,0,0,0,0
2016/06/23,0,0,0,0
2016/06/24,0,0,0,0
2016/06/27,0,0,0,0
2016/06/28,0,0,0,0
2016/06/29,0,0,0,0
2016/06/30,0,0,0,0
2016/07/01,0,0,0,0
2016/07/04,0,0,0,0
2016/07/05,0,0,0,0
2016/07/06,0,0,0,0
2016/07/07,0,0,0,0
2016/07/08,0,0,0,0
2016/07/11,0,0,0,0
2016/07/12,0,0,0,0
2016/07/13,0,0,0,0
2016/07/14,0,0,0,0
2016/07/15,0,0,0,0
2016/07/18,0,0,0,0
2016/07/19,0,0,0,0
2016/07/20,0,0,-1000,-1000
2016/07/21,0,0,-1000,-1000
2016/07/22,0,0,-1000,-1000
2016/07/25,0,0,0,0
2016/07/26,0,0,0,0
2016/07/27,0,0,0,0
2016/07/28,0,176000,0,176000
2016/07/29,0,66959,-1000,65959
2016/08/01,0,0,0,0
2016/08/02,0,0,0,0
2016/08/03,0,0,0,0
2016/08/04,0,0,0,0
2016/08/05,0,67000,0,67000
2016/08/08,0,0,0,0
2016/08/09,0,102000,0,102000
2016/08/10,0,0,0,0
2016/08/11,0,0,0,0
2016/08/12,0,0,0,0
2016/08/15,0,0,0,0
2016/08/16,0,0,0,0
2016/08/17,0,0,0,0
2016/08/18,0,0,0,0
2016/08/19,0,2000,0,2000
2016/08/22,0,0,0,0
2016/08/23,0,0,0,0
2016/08/24,0,0,0,0
2016/08/25,0,0,0,0
2016/08/26,0,0,0,0
2016/08/29,0,0,0,0
2016/08/30,0,0,0,0
2016/08/31,0,0,0,0
2016/09/01,0,0,0,0
2016/09/02,0,1000,0,1000
2016/09/05,0,81000,0,81000
2016/09/06,0,0,0,0
2016/09/07,0,46000,0,46000
2016/09/08,0,0,0,0
2016/09/09,0,0,0,0
2016/09/12,0,0,0,0
2016/09/13,0,0,0,0
2016/09/14,0,0,-1000,-1000
2016/09/15,0,0,0,0
2016/09/16,0,0,0,0
2016/09/19,0,0,0,0
2016/09/20,0,0,0,0
2016/09/21,0,0,0,0
2016/09/22,0,9000,0,9000
2016/09/23,0,0,0,0
2016/09/26,0,0,0,0
2016/09/27,0,0,0,0
2016/09/28,0,0,0,0
2016/09/29,0,0,0,0
2016/09/30,0,0,-639,-639
2016/10/03,0,0,0,0
2016/10/04,0,0,0,0
2016/10/05,0,0,0,0
2016/10/06,0,0,0,0
2016/10/07,0,223000,0,223000
2016/10/10,0,0,0,0
2016/10/11,0,229000,0,229000
2016/10/12,0,235000,0,235000
2016/10/13,0,0,0,0
2016/10/14,0,0,0,0
2016/10/17,0,0,0,0
2016/10/18,0,0,0,0
2016/10/19,0,0,0,0
2016/10/20,0,60000,0,60000
2016/10/21,0,58000,0,58000
2016/10/24,0,0,0,0
2016/10/25,0,0,0,0
2016/10/26,0,0,0,0
2016/10/27,0,0,0,0
2016/10/28,0,0,0,0
2016/10/31,0,0,0,0
2016/11/01,0,0,0,0
2016/11/02,0,335,0,335
2016/11/03,0,39000,-237000,-198000
2016/11/04,0,0,0,0
2016/11/07,0,0,0,0
2016/11/08,0,0,0,0
2016/11/09,0,0,0,0
2016/11/10,0,0,0,0
2016/11/11,0,0,0,0
2016/11/14,0,0,-190000,-190000
2016/11/15,0,0,-190000,-190000
2016/11/16,0,0,-205000,-205000
2016/11/17,0,0,-32000,-32000
2016/11/18,0,0,0,0
2016/11/21,0,0,0,0
2016/11/22,0,1000,0,1000
2016/11/23,0,0,0,0
2016/11/24,0,0,0,0
2016/11/25,0,0,0,0
2016/11/28,0,0,0,0
2016/11/29,0,5000,0,5000
2016/11/30,0,0,0,0
2016/12/01,0,0,0,0
2016/12/02,0,0,0,0
2016/12/05,0,0,0,0
2016/12/06,0,0,0,0
2016/12/07,0,0,0,0
2016/12/08,0,0,0,0
2016/12/09,0,0,0,0
2016/12/12,0,0,0,0
2016/12/13,0,0,0,0
2016/12/14,0,0,0,0
2016/12/15,0,0,0,0
2016/12/16,0,0,-1000,-1000
2016/12/19,0,0,0,0
2016/12/20,0,0,0,0
2016/12/21,0,0,0,0
2016/12/22,0,0,0,0
2016/12/23,0,0,0,0
2016/12/26,0,0,0,0
2016/12/27,0,0,0,0
2016/12/28,0,0,0,0
2016/12/29,0,0,0,0
2016/12/30,0,0,0,0
2017/01/02,0,0,0,0
2017/01/03,0,0,0,0
2017/01/04,0,0,0,0
2017/01/05,0,0,-45000,-45000
2017/01/06,0,0,-220000,-220000
2017/01/09,0,0,0,0
2017/01/10,0,0,0,0
2017/01/11,0,0,0,0
2017/01/12,0,0,-168000,-168000
2017/01/13,0,0,0,0
2017/01/16,0,0,0,0
2017/01/17,0,0,0,0
2017/01/18,0,0,0,0
2017/01/19,0,0,0,0
2017/01/20,0,0,-75000,-75000
2017/01/23,0,501,0,501
2017/01/24,0,0,0,0
2017/01/25,0,0,0,0
2017/01/26,0,0,0,0
2017/01/27,0,0,0,0
2017/01/30,0,0,0,0
2017/01/31,0,0,0,0
2017/02/01,0,0,0,0
2017/02/02,0,0,0,0
2017/02/03,0,4000,0,4000
2017/02/06,0,0,0,0
2017/02/07,0,0,0,0
2017/02/08,0,0,0,0
2017/02/09,0,0,0,0
2017/02/10,0,0,0,0
2017/02/13,0,0,0,0
2017/02/14,0,0,0,0
2017/02/15,0,0,0,0
2017/02/16,0,0,0,0
2017/02/17,0,0,0,0
2017/02/20,0,0,-39000,-39000
2017/02/21,0,0,0,0
2017/02/22,0,0,0,0
2017/02/23,0,0,0,0
2017/02/24,0,0,0,0
2017/02/27,0,0,0,0
2017/02/28,0,0,0,0
2017/03/01,0,0,0,0
2017/03/02,0,0,0,0
2017/03/03,0,0,0,0
2017/03/06,0,0,0,0
2017/03/07,0,0,0,0
2017/03/08,0,0,0,0
2017/03/09,0,0,0,0
2017/03/10,0,0,0,0
2017/03/13,0,0,0,0
2017/03/14,0,0,0,0
2017/03/15,0,0,0,0
2017/03/16,0,0,0,0
2017/03/17,0,0,-3000,-3000
2017/03/20,0,0,-1000,-1000
2017/03/21,0,0,-1000,-1000
2017/03/22,0,0,0,0
2017/03/23,0,0,0,0
2017/03/24,0,0,0,0
2017/03/27,0,0,0,0
2017/03/28,0,0,0,0
2017/03/29,0,0,0,0
2017/03/30,0,0,0,0
2017/03/31,0,0,0,0
2017/04/03,0,0,0,0
2017/04/04,0,0,0,0
2017/04/05,0,0,0,0
2017/04/06,0,0,0,0
2017/04/07,0,0,0,0
2017/04/10,0,0,0,0
2017/04/11,0,0,0,0
2017/04/12,0,0,0,0
2017/04/13,0,0,0,0
2017/04/14,0,0,-1000,-1000
2017/04/17,0,0,0,0
2017/04/18,0,0,0,0
2017/04/19,0,0,0,0
