Date,Open,Buy,Sell,Total
2007/01/02,0,660000,-896000,-236000
2007/01/03,0,629000,-1977000,-1348000
2007/01/04,0,632000,-6025000,-5393000
2007/01/05,0,543000,-5050000,-4507000
2007/01/08,0,1535000,-2205000,-670000
2007/01/09,0,1786000,-651000,1135000
2007/01/10,0,1846000,-5805000,-3959000
2007/01/11,0,2581000,-3000000,-419000
2007/01/12,0,2426000,-1725000,701000
2007/01/15,0,636000,-5841000,-5205000
2007/01/16,0,1474000,-4803000,-3329000
2007/01/17,0,4343100,-7536000,-3192900
2007/01/18,0,2898100,-4390000,-1491900
2007/01/19,0,372000,-4673000,-4301000
2007/01/22,0,3481000,-2279000,1202000
2007/01/23,0,8487000,-12642000,-4155000
2007/01/24,0,8855000,-6612000,2243000
2007/01/25,0,745000,-3595000,-2850000
2007/01/26,0,1227000,-3060000,-1833000
2007/01/29,0,3063000,-272000,2791000
2007/01/30,0,2740000,-5526000,-2786000
2007/01/31,0,1789000,-1397000,392000
2007/02/01,0,1030000,-240000,790000
2007/02/02,0,1763000,-1518000,245000
2007/02/05,0,875000,-1910000,-1035000
2007/02/06,0,561000,-1687000,-1126000
2007/02/07,0,2553000,-5448000,-2895000
2007/02/08,0,1989000,-3580595,-1591595
2007/02/09,0,1839000,-2101000,-262000
2007/02/12,0,849000,-1669000,-820000
2007/02/13,0,1085000,-2815850,-1730850
2007/02/14,0,3310000,-3565000,-255000
2007/02/15,0,0,0,0
2007/02/16,0,0,0,0
2007/02/19,0,0,0,0
2007/02/20,0,0,0,0
2007/02/21,0,0,0,0
2007/02/22,0,0,0,0
2007/02/23,0,0,0,0
2007/02/26,0,5183000,-9810198,-4627198
2007/02/27,0,5904200,-4780000,1124200
2007/02/28,0,0,0,0
2007/03/01,0,1875000,-5116000,-3241000
2007/03/02,0,751000,-2359000,-1608000
2007/03/05,0,553000,-5851000,-5298000
2007/03/06,0,157000,-1830000,-1673000
2007/03/07,0,2169000,-3029651,-860651
2007/03/08,0,934000,-2769000,-1835000
2007/03/09,0,1214000,-10017000,-8803000
2007/03/12,0,335000,-4162100,-3827100
2007/03/13,0,1332000,-2547000,-1215000
2007/03/14,0,380000,-4477000,-4097000
2007/03/15,0,802000,-2746000,-1944000
2007/03/16,0,659000,-192000,467000
2007/03/19,0,377000,-1458000,-1081000
2007/03/20,0,4684000,-3744000,940000
2007/03/21,0,7089000,-4635000,2454000
2007/03/22,0,4483000,-4378000,105000
2007/03/23,0,3773000,-3389000,384000
2007/03/26,0,311000,-68000,243000
2007/03/27,0,691000,-1294000,-603000
2007/03/28,0,1908000,-2815000,-907000
2007/03/29,0,1991000,-3776000,-1785000
2007/03/30,0,1169000,-3058000,-1889000
2007/04/02,0,222000,-1073000,-851000
2007/04/03,0,2728000,-3358000,-630000
2007/04/04,0,6775000,-1403000,5372000
2007/04/05,0,0,0,0
2007/04/06,0,0,0,0
2007/04/09,0,6421000,-2719000,3702000
2007/04/10,0,4785000,-3817000,968000
2007/04/11,0,5197000,-3458000,1739000
2007/04/12,0,4601000,-602000,3999000
2007/04/13,0,21329000,-2589000,18740000
2007/04/16,0,8068000,-1246000,6822000
2007/04/17,0,12234000,-1078349,11155651
2007/04/18,0,12363000,-7891000,4472000
2007/04/19,0,1413000,-3073000,-1660000
2007/04/20,0,1543000,-1626000,-83000
2007/04/23,0,3694000,-4522000,-828000
2007/04/24,0,1395000,-1374000,21000
2007/04/25,0,561000,-192000,369000
2007/04/26,0,12171160,-5155000,7016160
2007/04/27,0,3369000,-1587000,1782000
2007/04/30,0,2036400,-751000,1285400
2007/05/01,0,0,0,0
2007/05/02,0,3872000,-3449000,423000
2007/05/03,0,2455000,-4958000,-2503000
2007/05/04,0,1062000,-651000,411000
2007/05/07,0,3487000,-136000,3351000
2007/05/08,0,2860000,-129000,2731000
2007/05/09,0,1154000,-526000,628000
2007/05/10,0,2727000,-49000,2678000
2007/05/11,0,3483000,-3885000,-402000
2007/05/14,0,2406000,-3607000,-1201000
2007/05/15,0,1803900,-3683000,-1879100
2007/05/16,0,1959000,-3995000,-2036000
2007/05/17,0,1365000,-422000,943000
2007/05/18,0,1952000,-1304000,648000
2007/05/21,0,6240000,-2254000,3986000
2007/05/22,0,11235000,-1575000,9660000
2007/05/23,0,4030000,-1099000,2931000
2007/05/24,0,2218000,-531341,1686659
2007/05/25,0,1797000,-1287000,510000
2007/05/28,0,2450000,-737000,1713000
2007/05/29,0,6788000,-1492000,5296000
2007/05/30,0,4607000,-3084000,1523000
2007/05/31,0,3024000,-2965000,59000
2007/06/01,0,5653000,-289000,5364000
2007/06/04,0,2402000,-2882000,-480000
2007/06/05,0,1218000,-1562100,-344100
2007/06/06,0,1871000,-649000,1222000
2007/06/07,0,3127000,-464000,2663000
2007/06/08,0,3588400,-6623000,-3034600
2007/06/11,0,3382000,-2232000,1150000
2007/06/12,0,1223000,-1316000,-93000
2007/06/13,0,3393000,-4239000,-846000
2007/06/14,0,1641000,-2336000,-695000
2007/06/15,0,1452000,-1969000,-517000
2007/06/18,0,0,0,0
2007/06/19,0,0,0,0
2007/06/20,0,11858000,-10893000,965000
2007/06/21,0,4024000,-3359520,664480
2007/06/22,0,7579000,-3809000,3770000
2007/06/25,0,8215000,-4229000,3986000
2007/06/26,0,6548000,-3081000,3467000
2007/06/27,0,3638000,-3316000,322000
2007/06/28,0,5822000,-1450000,4372000
2007/06/29,0,2516000,-3240000,-724000
2007/07/02,0,2773000,-815000,1958000
2007/07/03,0,5770000,-2424600,3345400
2007/07/04,0,7427000,-5668000,1759000
2007/07/05,0,2791000,-1489000,1302000
2007/07/06,0,4488000,-4143000,345000
2007/07/09,0,2863000,-5403000,-2540000
2007/07/10,0,3327000,-11349000,-8022000
2007/07/11,0,6350000,-4954600,1395400
2007/07/12,0,4482000,-3412000,1070000
2007/07/13,0,9580000,-4517000,5063000
2007/07/16,0,3867000,-6675000,-2808000
2007/07/17,0,1098000,-8798000,-7700000
2007/07/18,0,12205000,-11023000,1182000
2007/07/19,0,6754000,-6549000,205000
2007/07/20,0,2870000,-1776000,1094000
2007/07/23,0,372000,-502000,-130000
2007/07/24,0,2234000,-208000,2026000
2007/07/25,0,3056000,-1678000,1378000
2007/07/26,0,1472000,-2459000,-987000
2007/07/27,0,4777000,-11355000,-6578000
2007/07/30,0,1397000,-4840000,-3443000
2007/07/31,0,2892000,-3349000,-457000
2007/08/01,0,4821000,-8067700,-3246700
2007/08/02,0,5277000,-4057600,1219400
2007/08/03,0,1617000,-1102000,515000
2007/08/06,0,1035000,-621000,414000
2007/08/07,0,1729000,-208000,1521000
2007/08/08,0,2579000,-600000,1979000
2007/08/09,0,3034000,-462000,2572000
2007/08/10,0,4016000,-2682000,1334000
2007/08/13,0,1268000,-349000,919000
2007/08/14,0,1592000,-1775000,-183000
2007/08/15,0,2030000,-5402000,-3372000
2007/08/16,0,1409000,-8626000,-7217000
2007/08/17,0,2514000,-4648000,-2134000
2007/08/20,0,5520000,-286000,5234000
2007/08/21,0,5334000,-4099659,1234341
2007/08/22,0,947000,-2375522,-1428522
2007/08/23,0,3855000,-3285000,570000
2007/08/24,0,3912000,-1188000,2724000
2007/08/27,0,902000,-197000,705000
2007/08/28,0,1287000,-4083000,-2796000
2007/08/29,0,2917000,-3408000,-491000
2007/08/30,0,3020000,-8249000,-5229000
2007/08/31,0,4667000,-5025000,-358000
2007/09/03,0,4431000,-1069000,3362000
2007/09/04,0,2823000,-324000,2499000
2007/09/05,0,1862000,-1010000,852000
2007/09/06,0,860000,-2517000,-1657000
2007/09/07,0,648000,-1774000,-1126000
2007/09/10,0,832000,-3936000,-3104000
2007/09/11,0,674000,-5766000,-5092000
2007/09/12,0,558000,-2323781,-1765781
2007/09/13,0,2539000,-2797000,-258000
2007/09/14,0,2824000,-78000,2746000
2007/09/17,0,1221000,-1634000,-413000
2007/09/18,0,0,0,0
2007/09/19,0,3643000,-4907000,-1264000
2007/09/20,0,6813000,-1690000,5123000
2007/09/21,0,4363000,-496000,3867000
2007/09/24,0,0,0,0
2007/09/25,0,0,0,0
2007/09/26,0,11093000,-1866000,9227000
2007/09/27,0,10707000,-2180000,8527000
2007/09/28,0,7504000,-1202000,6302000
2007/10/01,0,11947609,-4778000,7169609
2007/10/02,0,2228000,-3470000,-1242000
2007/10/03,0,3380000,-1547892,1832108
2007/10/04,0,5707000,-5290000,417000
2007/10/05,0,5899000,-7075500,-1176500
2007/10/08,0,6012000,-5075000,937000
2007/10/09,0,3181000,-2827000,354000
2007/10/10,0,0,0,0
2007/10/11,0,3170000,-5361400,-2191400
2007/10/12,0,2521000,-8269000,-5748000
2007/10/15,0,3049000,-2384600,664400
2007/10/16,0,4098000,-3693000,405000
2007/10/17,0,3810000,-2224000,1586000
2007/10/18,0,2488000,-3694609,-1206609
2007/10/19,0,1967000,-912000,1055000
2007/10/22,0,2665000,-5364000,-2699000
2007/10/23,0,1063000,-1009000,54000
2007/10/24,0,1439000,-991000,448000
2007/10/25,0,5120580,-1870000,3250580
2007/10/26,0,2158000,-1046000,1112000
2007/10/29,0,7569000,-2233000,5336000
2007/10/30,0,10484000,-1504000,8980000
2007/10/31,0,3157000,-1696500,1460500
2007/11/01,0,3294000,-445000,2849000
2007/11/02,0,1464000,-2122000,-658000
2007/11/05,0,1065000,-2513000,-1448000
2007/11/06,0,4057000,-1371500,2685500
2007/11/07,0,1321200,-1102000,219200
2007/11/08,0,2302800,-7096000,-4793200
2007/11/09,0,5015000,-5729000,-714000
2007/11/12,0,550000,-4224500,-3674500
2007/11/13,0,822000,-3281000,-2459000
2007/11/14,0,4752000,-1532000,3220000
2007/11/15,0,1647000,-3514000,-1867000
2007/11/16,0,457000,-1573000,-1116000
2007/11/19,0,1910000,-735120,1174880
2007/11/20,0,2288000,-6362380,-4074380
2007/11/21,0,2602000,-3094000,-492000
2007/11/22,0,835000,-3092000,-2257000
2007/11/23,0,2225000,-1841000,384000
2007/11/26,0,1832000,-2163000,-331000
2007/11/27,0,2211000,-1568000,643000
2007/11/28,0,755000,-1408000,-653000
2007/11/29,0,1984000,-2278907,-294907
2007/11/30,0,2659517,-1937000,722517
2007/12/03,0,3466000,-1118000,2348000
2007/12/04,0,2728000,-875500,1852500
2007/12/05,0,1475000,-2090096,-615096
2007/12/06,0,4921000,-902000,4019000
2007/12/07,0,4229815,-2939000,1290815
2007/12/10,0,802000,-692123,109877
2007/12/11,0,738000,-74000,664000
2007/12/12,0,3800000,-3017900,782100
2007/12/13,0,12454000,-5510300,6943700
2007/12/14,0,6879000,-4534000,2345000
2007/12/17,0,740000,-3110000,-2370000
2007/12/18,0,1833000,-10381000,-8548000
2007/12/19,0,2590000,-1282788,1307212
2007/12/20,0,2734000,-1049000,1685000
2007/12/21,0,5003000,-3472000,1531000
2007/12/24,0,112000,-298000,-186000
2007/12/25,0,39000,-58000,-19000
2007/12/26,0,773000,-163000,610000
2007/12/27,0,1403000,-362000,1041000
2007/12/28,0,1650000,-270000,1380000
2007/12/31,0,831000,-33000,798000
2008/01/01,0,0,0,0
2008/01/02,0,1763000,-688000,1075000
2008/01/03,0,781000,-593000,188000
2008/01/04,0,11989000,-2398000,9591000
2008/01/07,0,15297000,-4962000,10335000
2008/01/08,0,14745703,-4595700,10150003
2008/01/09,0,9164000,-7345000,1819000
2008/01/10,0,13280690,-7962000,5318690
2008/01/11,0,7337000,-2418000,4919000
2008/01/14,0,4237000,-153717,4083283
2008/01/15,0,4703000,-2393000,2310000
2008/01/16,0,26917462,-26777233,140229
2008/01/17,0,6760000,-10069500,-3309500
2008/01/18,0,6939000,-9946500,-3007500
2008/01/21,0,8077225,-3449000,4628225
2008/01/22,0,4327000,-5715000,-1388000
2008/01/23,0,13613500,-14938000,-1324500
2008/01/24,0,6393000,-5168500,1224500
2008/01/25,0,5817000,-4653000,1164000
2008/01/28,0,6544000,-6528500,15500
2008/01/29,0,4348000,-4810000,-462000
2008/01/30,0,3255054,-1682000,1573054
2008/01/31,0,5443000,-3948000,1495000
2008/02/01,0,4211000,-2425000,1786000
2008/02/04,0,0,0,0
2008/02/05,0,0,0,0
2008/02/06,0,0,0,0
2008/02/07,0,0,0,0
2008/02/08,0,0,0,0
2008/02/11,0,0,0,0
2008/02/12,0,9195000,-6084000,3111000
2008/02/13,0,6372000,-4359840,2012160
2008/02/14,0,7287000,-8826050,-1539050
2008/02/15,0,4951000,-3840550,1110450
2008/02/18,0,4022000,-10396146,-6374146
2008/02/19,0,6339000,-4959000,1380000
2008/02/20,0,2509000,-4793000,-2284000
2008/02/21,0,2425000,-2145284,279716
2008/02/22,0,3779070,-1805000,1974070
2008/02/25,0,3851000,-1560000,2291000
2008/02/26,0,9138000,-8961200,176800
2008/02/27,0,5347920,-3475000,1872920
2008/02/28,0,0,0,0
2008/02/29,0,2775139,-2877349,-102210
2008/03/03,0,4351000,-6678500,-2327500
2008/03/04,0,5044000,-3280000,1764000
2008/03/05,0,8205000,-15097250,-6892250
2008/03/06,0,6318288,-21783231,-15464943
2008/03/07,0,8181000,-14246100,-6065100
2008/03/10,0,3805000,-12813227,-9008227
2008/03/11,0,5941000,-6897563,-956563
2008/03/12,0,7603000,-3543250,4059750
2008/03/13,0,1273000,-1084000,189000
2008/03/14,0,587000,-2390000,-1803000
2008/03/17,0,2543000,-8335481,-5792481
2008/03/18,0,4304000,-7977219,-3673219
2008/03/19,0,3449000,-4872080,-1423080
2008/03/20,0,7738000,-4317520,3420480
2008/03/21,0,7893000,-3403500,4489500
2008/03/24,0,11045000,-5917400,5127600
2008/03/25,0,4572000,-3311500,1260500
2008/03/26,0,3638000,-7229000,-3591000
2008/03/27,0,5559914,-2298800,3261114
2008/03/28,0,7789914,-4516500,3273414
2008/03/31,0,8913738,-6484035,2429703
2008/04/01,0,3841158,-2922000,919158
2008/04/02,0,5412800,-9977707,-4564907
2008/04/03,0,4133000,-6149136,-2016136
2008/04/04,0,0,0,0
2008/04/07,0,5302000,-5085000,217000
2008/04/08,0,9562000,-1451000,8111000
2008/04/09,0,3117000,-2751000,366000
2008/04/10,0,1186000,-645000,541000
2008/04/11,0,3911000,-1977275,1933725
2008/04/14,0,7853000,-7181700,671300
2008/04/15,0,5032633,-3160000,1872633
2008/04/16,0,5851000,-2806000,3045000
2008/04/17,0,8420128,-6136000,2284128
2008/04/18,0,10193000,-12639515,-2446515
2008/04/21,0,9890518,-8756000,1134518
2008/04/22,0,5160009,-5969464,-809455
2008/04/23,0,4880000,-8178000,-3298000
2008/04/24,0,2496000,-1578000,918000
2008/04/25,0,3219836,-7955000,-4735164
2008/04/28,0,4288000,-3528148,759852
2008/04/29,0,4552015,-2028000,2524015
2008/04/30,0,3694800,-3848025,-153225
2008/05/01,0,0,0,0
2008/05/02,0,2941730,-3261200,-319470
2008/05/05,0,3777000,-4002000,-225000
2008/05/06,0,2431000,-3331000,-900000
2008/05/07,0,4322000,-2872100,1449900
2008/05/08,0,4832000,-2099591,2732409
2008/05/09,0,2394000,-1619000,775000
2008/05/12,0,814000,-1340000,-526000
2008/05/13,0,3379000,-5142000,-1763000
2008/05/14,0,3103186,-6600668,-3497482
2008/05/15,0,3358772,-6737739,-3378967
2008/05/16,0,3994000,-3082300,911700
2008/05/19,0,5065000,-5671000,-606000
2008/05/20,0,4127000,-9645500,-5518500
2008/05/21,0,2031818,-7053000,-5021182
2008/05/22,0,887100,-2852000,-1964900
2008/05/23,0,4564000,-2845000,1719000
2008/05/26,0,2077000,-1881000,196000
2008/05/27,0,3089000,-2422910,666090
2008/05/28,0,2724000,-4511000,-1787000
2008/05/29,0,3649000,-888000,2761000
2008/05/30,0,7421315,-4811480,2609835
2008/06/02,0,6017232,-3168000,2849232
2008/06/03,0,3146071,-2809000,337071
2008/06/04,0,2322000,-1923000,399000
2008/06/05,0,4439000,-3679000,760000
2008/06/06,0,1717000,-515000,1202000
2008/06/09,0,900000,-3372000,-2472000
2008/06/10,0,5162000,-3942894,1219106
2008/06/11,0,5799000,-4272000,1527000
2008/06/12,0,11293000,-13077013,-1784013
2008/06/13,0,6832000,-3567000,3265000
2008/06/16,0,4723000,-2046000,2677000
2008/06/17,0,5136000,-3258000,1878000
2008/06/18,0,3620000,-1634000,1986000
2008/06/19,0,3332000,-3261000,71000
2008/06/20,0,5928615,-3626622,2301993
2008/06/23,0,5821242,-3552800,2268442
2008/06/24,0,6325000,-4754000,1571000
2008/06/25,0,8439000,-9856000,-1417000
2008/06/26,0,5984000,-9822000,-3838000
2008/06/27,0,9673000,-13763100,-4090100
2008/06/30,0,9029000,-9921785,-892785
2008/07/01,0,3324000,-3338799,-14799
2008/07/02,0,7391000,-9199000,-1808000
2008/07/03,0,6765000,-10574538,-3809538
2008/07/04,0,4886000,-5703000,-817000
2008/07/07,0,3823500,-3014022,809478
2008/07/08,0,6792000,-8124000,-1332000
2008/07/09,0,5647000,-3682000,1965000
2008/07/10,0,3945175,-2418000,1527175
2008/07/11,0,5035000,-2500700,2534300
2008/07/14,0,3862500,-4296000,-433500
2008/07/15,0,6026000,-8853200,-2827200
2008/07/16,0,7457000,-3416000,4041000
2008/07/17,0,7037000,-5687300,1349700
2008/07/18,0,3442000,-2569000,873000
2008/07/21,0,4713000,-1206000,3507000
2008/07/22,0,1720000,-926400,793600
2008/07/23,0,6535000,-4164161,2370839
2008/07/24,0,5560000,-2545000,3015000
2008/07/25,0,3571000,-3587000,-16000
2008/07/28,0,0,0,0
2008/07/29,0,2025000,-1880600,144400
2008/07/30,0,2345000,-2388000,-43000
2008/07/31,0,4719000,-4822000,-103000
2008/08/01,0,2128000,-2339000,-211000
2008/08/04,0,4336000,-7367200,-3031200
2008/08/05,0,5775000,-4861000,914000
2008/08/06,0,9771544,-5014800,4756744
2008/08/07,0,7618000,-8271000,-653000
2008/08/08,0,4880041,-11743100,-6863059
2008/08/11,0,8169000,-6759000,1410000
2008/08/12,0,5299000,-9668000,-4369000
2008/08/13,0,2347000,-3941200,-1594200
2008/08/14,0,1741000,-5343500,-3602500
2008/08/15,0,4619000,-2377000,2242000
2008/08/18,0,4211000,-5139000,-928000
2008/08/19,0,2563000,-4386000,-1823000
2008/08/20,0,4507184,-6450000,-1942816
2008/08/21,0,14289000,-3706000,10583000
2008/08/22,0,4501000,-2263000,2238000
2008/08/25,0,8632600,-3739000,4893600
2008/08/26,0,4103000,-1077000,3026000
2008/08/27,0,1889000,-2255000,-366000
2008/08/28,0,2815000,-1834000,981000
2008/08/29,0,5545000,-1109000,4436000
2008/09/01,0,3444000,-2783000,661000
2008/09/02,0,3556000,-2554000,1002000
2008/09/03,0,1935000,-3754110,-1819110
2008/09/04,0,1848000,-1935000,-87000
2008/09/05,0,4328000,-5963000,-1635000
2008/09/08,0,2605000,-3824000,-1219000
2008/09/09,0,9366000,-9233215,132785
2008/09/10,0,3938000,-4987000,-1049000
2008/09/11,0,1806000,-7360947,-5554947
2008/09/12,0,7315000,-6882000,433000
2008/09/15,0,3071000,-4176000,-1105000
2008/09/16,0,3805084,-2797053,1008031
2008/09/17,0,2293000,-6659000,-4366000
2008/09/18,0,484000,-751000,-267000
2008/09/19,0,16778000,-35324000,-18546000
2008/09/22,0,13271000,-7887000,5384000
2008/09/23,0,12483000,-11952000,531000
2008/09/24,0,10560413,-11703349,-1142936
2008/09/25,0,5823000,-4633000,1190000
2008/09/26,0,2709000,-5288600,-2579600
2008/09/29,0,0,0,0
2008/09/30,0,1363000,-1528000,-165000
2008/10/01,0,4456000,-12330000,-7874000
2008/10/02,0,3121000,-8545000,-5424000
2008/10/03,0,1690000,-7726000,-6036000
2008/10/06,0,5674000,-20738000,-15064000
2008/10/07,0,8747000,-26684985,-17937985
2008/10/08,0,9070000,-8817960,252040
2008/10/09,0,8515000,-7815000,700000
2008/10/10,0,0,0,0
2008/10/13,0,6773000,-4540328,2232672
2008/10/14,0,3845000,-4855000,-1010000
2008/10/15,0,20915000,-16950950,3964050
2008/10/16,0,9032900,-15393850,-6360950
2008/10/17,0,2268000,-2485000,-217000
2008/10/20,0,12346000,-10593000,1753000
2008/10/21,0,2691000,-2857000,-166000
2008/10/22,0,1618000,-4782000,-3164000
2008/10/23,0,555190,-396000,159190
2008/10/24,0,376000,-1157000,-781000
2008/10/27,0,272000,-1282000,-1010000
2008/10/28,0,2003982,-6457691,-4453709
2008/10/29,0,6346198,-6814000,-467802
2008/10/30,0,803000,-1182000,-379000
2008/10/31,0,643000,-3825875,-3182875
2008/11/03,0,4913000,-6387000,-1474000
2008/11/04,0,5761000,-5204000,557000
2008/11/05,0,13580000,-13943000,-363000
2008/11/06,0,3835000,-5982000,-2147000
2008/11/07,0,3078000,-4737260,-1659260
2008/11/10,0,7533000,-699000,6834000
2008/11/11,0,1122000,-6054962,-4932962
2008/11/12,0,1300000,-3817000,-2517000
2008/11/13,0,437000,-3711000,-3274000
2008/11/14,0,1671000,-4713000,-3042000
2008/11/17,0,928000,-1955000,-1027000
2008/11/18,0,1402000,-3507000,-2105000
2008/11/19,0,1767000,-4736000,-2969000
2008/11/20,0,732000,-8443000,-7711000
2008/11/21,0,945000,-4227000,-3282000
2008/11/24,0,5216000,-2388000,2828000
2008/11/25,0,4210000,-1849000,2361000
2008/11/26,0,5349000,-1461441,3887559
2008/11/27,0,2921000,-3151000,-230000
2008/11/28,0,2190000,-1219150,970850
2008/12/01,0,2241000,-469000,1772000
2008/12/02,0,1761000,-3293000,-1532000
2008/12/03,0,865000,-6309000,-5444000
2008/12/04,0,1427000,-8252000,-6825000
2008/12/05,0,1162000,-2077400,-915400
2008/12/08,0,3163000,-4817000,-1654000
2008/12/09,0,3590000,-3358000,232000
2008/12/10,0,2871000,-2847000,24000
2008/12/11,0,6096010,-566000,5530010
2008/12/12,0,3543000,-1609000,1934000
2008/12/15,0,2599000,-3670000,-1071000
2008/12/16,0,2454000,-4137000,-1683000
2008/12/17,0,4386000,-1396000,2990000
2008/12/18,0,3095000,-1006000,2089000
2008/12/19,0,1317000,-3866000,-2549000
2008/12/22,0,2052000,-3484000,-1432000
2008/12/23,0,1119000,-3075000,-1956000
2008/12/24,0,1633000,-1232000,401000
2008/12/25,0,138000,-745000,-607000
2008/12/26,0,695000,-192000,503000
2008/12/29,0,220000,-612000,-392000
2008/12/30,0,1699000,-1111000,588000
2008/12/31,0,1751000,-2258000,-507000
2009/01/01,0,0,0,0
2009/01/02,0,0,0,0
2009/01/05,0,6980000,-556100,6423900
2009/01/06,0,7382000,-2694406,4687594
2009/01/07,0,6658000,-3600521,3057479
2009/01/08,0,933000,-2398800,-1465800
2009/01/09,0,6255000,-2213000,4042000
2009/01/12,0,453000,-3292820,-2839820
2009/01/13,0,882000,-3738000,-2856000
2009/01/14,0,9847750,-2177750,7670000
2009/01/15,0,3109000,-5052000,-1943000
2009/01/16,0,8334000,-1362353,6971647
2009/01/19,0,5402000,-1198010,4203990
2009/01/20,0,8597000,-2236000,6361000
2009/01/21,0,3632000,-2044000,1588000
2009/01/22,0,0,0,0
2009/01/23,0,0,0,0
2009/01/26,0,0,0,0
2009/01/27,0,0,0,0
2009/01/28,0,0,0,0
2009/01/29,0,0,0,0
2009/01/30,0,0,0,0
2009/02/02,0,8690000,-2539504,6150496
2009/02/03,0,3596000,-3295650,300350
2009/02/04,0,6155000,-2307000,3848000
2009/02/05,0,1686000,-1606000,80000
2009/02/06,0,9287000,-1413000,7874000
2009/02/09,0,5172000,-5382000,-210000
2009/02/10,0,1071000,-3247000,-2176000
2009/02/11,0,1298000,-7298000,-6000000
2009/02/12,0,429000,-1902000,-1473000
2009/02/13,0,1393000,-4406000,-3013000
2009/02/16,0,1221000,-2478055,-1257055
2009/02/17,0,1726000,-3465118,-1739118
2009/02/18,0,2803000,-9966000,-7163000
2009/02/19,0,1229000,-4044898,-2815898
2009/02/20,0,1025000,-3504000,-2479000
2009/02/23,0,1685000,-4327000,-2642000
2009/02/24,0,1966000,-2718460,-752460
2009/02/25,0,2471000,-1908870,562130
2009/02/26,0,1016000,-2648620,-1632620
2009/02/27,0,664000,-842889,-178889
2009/03/02,0,1278000,-6585883,-5307883
2009/03/03,0,973000,-5490000,-4517000
2009/03/04,0,888000,-8589252,-7701252
2009/03/05,0,1484000,-7328000,-5844000
2009/03/06,0,813000,-1684500,-871500
2009/03/09,0,1151000,-6937000,-5786000
2009/03/10,0,2463000,-3521100,-1058100
2009/03/11,0,4873309,-3070000,1803309
2009/03/12,0,11487000,-9516000,1971000
2009/03/13,0,4698000,-5695000,-997000
2009/03/16,0,4772000,-5500000,-728000
2009/03/17,0,10291000,-12218000,-1927000
2009/03/18,0,10178000,-3508000,6670000
2009/03/19,0,11373000,-3801000,7572000
2009/03/20,0,6470000,-3569000,2901000
2009/03/23,0,14752000,-1246000,13506000
2009/03/24,0,9269000,-1525000,7744000
2009/03/25,0,1601000,-1196870,404130
2009/03/26,0,2543000,-3808000,-1265000
2009/03/27,0,2199000,-6694000,-4495000
2009/03/30,0,1417000,-4982000,-3565000
2009/03/31,0,3617000,-3970699,-353699
2009/04/01,0,4512000,-1683000,2829000
2009/04/02,0,4429000,-3301000,1128000
2009/04/03,0,5042000,-2788000,2254000
2009/04/06,0,4871000,-6251000,-1380000
2009/04/07,0,1846000,-7866429,-6020429
2009/04/08,0,3491000,-1668000,1823000
2009/04/09,0,12401000,-8454889,3946111
2009/04/10,0,3042000,-914000,2128000
2009/04/13,0,2324000,-575000,1749000
2009/04/14,0,2858101,-1863000,995101
2009/04/15,0,1054000,-867000,187000
2009/04/16,0,3279000,-3438000,-159000
2009/04/17,0,5198052,-4470000,728052
2009/04/20,0,2285000,-1087000,1198000
2009/04/21,0,998000,-4147000,-3149000
2009/04/22,0,3674000,-3006000,668000
2009/04/23,0,4507000,-3915000,592000
2009/04/24,0,6724000,-1578000,5146000
2009/04/27,0,2811000,-1805000,1006000
2009/04/28,0,3940044,-1508516,2431528
2009/04/29,0,2827000,-1234948,1592052
2009/04/30,0,13538000,-650000,12888000
2009/05/01,0,0,0,0
2009/05/04,0,2628000,-27000,2601000
2009/05/05,0,3827000,-468000,3359000
2009/05/06,0,19156000,-6593000,12563000
2009/05/07,0,20915134,-6292000,14623134
2009/05/08,0,4286012,-5664250,-1378238
2009/05/11,0,1838000,-4065000,-2227000
2009/05/12,0,3759022,-10758000,-6998978
2009/05/13,0,3296467,-5454000,-2157533
2009/05/14,0,5200056,-7726000,-2525944
2009/05/15,0,7888000,-8789000,-901000
2009/05/18,0,1232000,-1904000,-672000
2009/05/19,0,4414000,-3287999,1126001
2009/05/20,0,1872000,-3309000,-1437000
2009/05/21,0,5609253,-3550000,2059253
2009/05/22,0,1540300,-4926500,-3386200
2009/05/25,0,2144000,-1659000,485000
2009/05/26,0,3150000,-1571733,1578267
2009/05/27,0,3199000,-5328281,-2129281
2009/05/28,0,0,0,0
2009/05/29,0,0,0,0
2009/06/01,0,4474000,-3599000,875000
2009/06/02,0,5792000,-1609000,4183000
2009/06/03,0,5387000,-4195600,1191400
2009/06/04,0,6619000,-2030000,4589000
2009/06/05,0,1419113,-4589000,-3169887
2009/06/08,0,1057000,-1659000,-602000
2009/06/09,0,8372000,-2150000,6222000
2009/06/10,0,4970544,-5036000,-65456
2009/06/11,0,5985000,-18917000,-12932000
2009/06/12,0,9931000,-10615680,-684680
2009/06/15,0,1837461,-4128000,-2290539
2009/06/16,0,10059000,-3461870,6597130
2009/06/17,0,6049000,-10698000,-4649000
2009/06/18,0,4716000,-2303000,2413000
2009/06/19,0,6808000,-3392000,3416000
2009/06/22,0,6889000,-1424000,5465000
2009/06/23,0,1020648,-4010008,-2989360
2009/06/24,0,5321000,-3693796,1627204
2009/06/25,0,3432500,-996000,2436500
2009/06/26,0,1314000,-779000,535000
2009/06/29,0,1652000,-1635000,17000
2009/06/30,0,2198000,-2195984,2016
2009/07/01,0,2625000,-2890000,-265000
2009/07/02,0,8617000,-734000,7883000
2009/07/03,0,1000477,-2127955,-1127478
2009/07/06,0,2527000,-466000,2061000
2009/07/07,0,3545000,-2262620,1282380
2009/07/08,0,2838000,-1474000,1364000
2009/07/09,0,886000,-263000,623000
2009/07/10,0,1275000,-2302000,-1027000
2009/07/13,0,3833000,-2404000,1429000
2009/07/14,0,2903000,-3158010,-255010
2009/07/15,0,6034000,-1554612,4479388
2009/07/16,0,4587000,-1184000,3403000
2009/07/17,0,783918,-1206854,-422936
2009/07/20,0,4377000,-813000,3564000
2009/07/21,0,1314000,-3446277,-2132277
2009/07/22,0,1364300,-957149,407151
2009/07/23,0,1356000,-2795350,-1439350
2009/07/24,0,2439500,-392880,2046620
2009/07/27,0,3829516,-708217,3121299
2009/07/28,0,2453000,-1535000,918000
2009/07/29,0,1110699,-813000,297699
2009/07/30,0,1168000,-551000,617000
2009/07/31,0,1409000,-3445000,-2036000
2009/08/03,0,3283000,-3535000,-252000
2009/08/04,0,1650000,-3762000,-2112000
2009/08/05,0,2534000,-1863552,670448
2009/08/06,0,3122000,-7590000,-4468000
2009/08/07,0,0,0,0
2009/08/10,0,1945212,-1686532,258680
2009/08/11,0,4777058,-2039000,2738058
2009/08/12,0,1656000,-1918000,-262000
2009/08/13,0,3675000,-1644000,2031000
2009/08/14,0,803000,-4333000,-3530000
2009/08/17,0,3077000,-3146000,-69000
2009/08/18,0,1867000,-2654000,-787000
2009/08/19,0,1064000,-2063029,-999029
2009/08/20,0,3131000,-2653431,477569
2009/08/21,0,4400000,-2784370,1615630
2009/08/24,0,9476000,-4566000,4910000
2009/08/25,0,9866873,-2532000,7334873
2009/08/26,0,2009000,-4150671,-2141671
2009/08/27,0,426000,-566000,-140000
2009/08/28,0,885000,-1582083,-697083
2009/08/31,0,2164000,-2651925,-487925
2009/09/01,0,2724000,-1784901,939099
2009/09/02,0,1115875,-828000,287875
2009/09/03,0,444000,-2246000,-1802000
2009/09/04,0,706000,-2022875,-1316875
2009/09/07,0,1436000,-1583000,-147000
2009/09/08,0,7106000,-3790000,3316000
2009/09/09,0,4977000,-931000,4046000
2009/09/10,0,3628000,-904616,2723384
2009/09/11,0,3100000,-269000,2831000
2009/09/14,0,669000,-1472000,-803000
2009/09/15,0,944000,-1643000,-699000
2009/09/16,0,9148000,-3166000,5982000
2009/09/17,0,10920300,-1376940,9543360
2009/09/18,0,1458000,-1324876,133124
2009/09/21,0,1657000,-3766737,-2109737
2009/09/22,0,1478000,-2729000,-1251000
2009/09/23,0,1384000,-1436000,-52000
2009/09/24,0,831166,-1383500,-552334
2009/09/25,0,509000,-873136,-364136
2009/09/28,0,451000,-470000,-19000
2009/09/29,0,3103937,-665000,2438937
2009/09/30,0,4087000,-2344000,1743000
2009/10/01,0,5897000,-1791000,4106000
2009/10/02,0,2110000,-8482754,-6372754
2009/10/05,0,1391000,-4033000,-2642000
2009/10/06,0,2560000,-1510000,1050000
2009/10/07,0,9759000,-2453170,7305830
2009/10/08,0,1140000,-1364000,-224000
2009/10/09,0,3528000,-1492200,2035800
2009/10/12,0,2107000,-2103000,4000
2009/10/13,0,1770260,-3151970,-1381710
2009/10/14,0,1155000,-5019000,-3864000
2009/10/15,0,4563000,-3959000,604000
2009/10/16,0,4766000,-3861000,905000
2009/10/19,0,1113000,-492936,620064
2009/10/20,0,515800,-789000,-273200
2009/10/21,0,299000,-2225663,-1926663
2009/10/22,0,578143,-2240000,-1661857
2009/10/23,0,917000,-1937497,-1020497
2009/10/26,0,1958000,-3110000,-1152000
2009/10/27,0,1328000,-3715499,-2387499
2009/10/28,0,621000,-2587600,-1966600
2009/10/29,0,3140000,-11178000,-8038000
2009/10/30,0,2711000,-2481000,230000
2009/11/02,0,2804000,-2415000,389000
2009/11/03,0,2425000,-1082556,1342444
2009/11/04,0,3368000,-1041992,2326008
2009/11/05,0,3319000,-693000,2626000
2009/11/06,0,2374000,-752025,1621975
2009/11/09,0,4158000,-1011100,3146900
2009/11/10,0,1339000,-396189,942811
2009/11/11,0,1497000,-940000,557000
2009/11/12,0,1752000,-2731000,-979000
2009/11/13,0,1729000,-1010527,718473
2009/11/16,0,1092000,-2681000,-1589000
2009/11/17,0,3024000,-7939000,-4915000
2009/11/18,0,2424000,-8684415,-6260415
2009/11/19,0,1731596,-10341920,-8610324
2009/11/20,0,347000,-4246000,-3899000
2009/11/23,0,548000,-2266000,-1718000
2009/11/24,0,2759000,-5159000,-2400000
2009/11/25,0,1248000,-785000,463000
2009/11/26,0,2893000,-599000,2294000
2009/11/27,0,139000,-2347000,-2208000
2009/11/30,0,292429,-1886694,-1594265
2009/12/01,0,865000,-482113,382887
2009/12/02,0,4655051,-201000,4454051
2009/12/03,0,2608000,-434272,2173728
2009/12/04,0,3138000,-1815000,1323000
2009/12/07,0,1599000,-1444381,154619
2009/12/08,0,964000,-1666000,-702000
2009/12/09,0,3160000,-795500,2364500
2009/12/10,0,4620000,-1570432,3049568
2009/12/11,0,1999000,-1528000,471000
2009/12/14,0,2534000,-1072000,1462000
2009/12/15,0,3428000,-1878000,1550000
2009/12/16,0,1816000,-1052000,764000
2009/12/17,0,2832411,-667000,2165411
2009/12/18,0,1879000,-568000,1311000
2009/12/21,0,1742000,-599000,1143000
2009/12/22,0,2668000,-1543000,1125000
2009/12/23,0,971000,-208306,762694
2009/12/24,0,1955000,-223000,1732000
2009/12/25,0,441000,-22000,419000
2009/12/28,0,1303000,-81000,1222000
2009/12/29,0,641000,-376000,265000
2009/12/30,0,2095000,-621000,1474000
2009/12/31,0,2050000,-39000,2011000
2010/01/01,0,0,0,0
2010/01/04,0,463000,-406000,57000
2010/01/05,0,12485000,-1714304,10770696
2010/01/06,0,2705700,-844948,1860752
2010/01/07,0,3626900,-1864155,1762745
2010/01/08,0,1088790,-876100,212690
2010/01/11,0,861000,-593000,268000
2010/01/12,0,1632000,-1465000,167000
2010/01/13,0,2970000,-779396,2190604
2010/01/14,0,3127000,-743970,2383030
2010/01/15,0,2391000,-1218000,1173000
2010/01/18,0,1617000,-2188000,-571000
2010/01/19,0,626000,-793380,-167380
2010/01/20,0,3664000,-2086000,1578000
2010/01/21,0,1908000,-2915000,-1007000
2010/01/22,0,936000,-1646000,-710000
2010/01/25,0,1690290,-789700,900590
2010/01/26,0,1381000,-2765000,-1384000
2010/01/27,0,1398000,-2131550,-733550
2010/01/28,0,696771,-1585000,-888229
2010/01/29,0,1339000,-4422580,-3083580
2010/02/01,0,1278157,-3067650,-1789493
2010/02/02,0,3338000,-6429120,-3091120
2010/02/03,0,2331570,-3496960,-1165390
2010/02/04,0,1187000,-2379960,-1192960
2010/02/05,0,1352000,-2186410,-834410
2010/02/08,0,1887000,-5690039,-3803039
2010/02/09,0,4856000,-7504200,-2648200
2010/02/10,0,3174000,-2035000,1139000
2010/02/11,0,0,0,0
2010/02/12,0,0,0,0
2010/02/15,0,0,0,0
2010/02/16,0,0,0,0
2010/02/17,0,0,0,0
2010/02/18,0,0,0,0
2010/02/19,0,0,0,0
2010/02/22,0,4301179,-8627000,-4325821
2010/02/23,0,1629042,-3547000,-1917958
2010/02/24,0,886000,-2866000,-1980000
2010/02/25,0,897061,-1715000,-817939
2010/02/26,0,825000,-1667997,-842997
2010/03/01,0,2245780,-2674204,-428424
2010/03/02,0,3184000,-2745000,439000
2010/03/03,0,3113000,-3082405,30595
2010/03/04,0,1346000,-2685000,-1339000
2010/03/05,0,2007000,-1549000,458000
2010/03/08,0,1786000,-388500,1397500
2010/03/09,0,1616193,-369000,1247193
2010/03/10,0,2115000,-2857446,-742446
2010/03/11,0,865806,-4255000,-3389194
2010/03/12,0,980000,-1023441,-43441
2010/03/15,0,859000,-940000,-81000
2010/03/16,0,624000,-856077,-232077
2010/03/17,0,1192558,-2841000,-1648442
2010/03/18,0,1134000,-2815000,-1681000
2010/03/19,0,863000,-4411357,-3548357
2010/03/22,0,440000,-1345350,-905350
2010/03/23,0,1825000,-1046000,779000
2010/03/24,0,738400,-663000,75400
2010/03/25,0,632817,-743000,-110183
2010/03/26,0,1086400,-952000,134400
2010/03/29,0,950000,-571000,379000
2010/03/30,0,921660,-1651000,-729340
2010/03/31,0,895800,-2426451,-1530651
2010/04/01,0,3173000,-2395012,777988
2010/04/02,0,916000,-931000,-15000
2010/04/05,0,0,0,0
2010/04/06,0,725000,-851000,-126000
2010/04/07,0,4808420,-2632952,2175468
2010/04/08,0,3952000,-3919200,32800
2010/04/09,0,1708000,-2420031,-712031
2010/04/12,0,1101670,-194000,907670
2010/04/13,0,1518648,-3216000,-1697352
2010/04/14,0,918000,-270300,647700
2010/04/15,0,5112000,-1234000,3878000
2010/04/16,0,780910,-375000,405910
2010/04/19,0,992000,-1444000,-452000
2010/04/20,0,3553000,-6347500,-2794500
2010/04/21,0,2637000,-5095533,-2458533
2010/04/22,0,541000,-1858440,-1317440
2010/04/23,0,808000,-2503000,-1695000
2010/04/26,0,1403000,-897000,506000
2010/04/27,0,1153000,-5125000,-3972000
2010/04/28,0,460077,-2545790,-2085713
2010/04/29,0,176000,-3205000,-3029000
2010/04/30,0,2595000,-2570000,25000
2010/05/03,0,378000,-1799000,-1421000
2010/05/04,0,3180000,-3076000,104000
2010/05/05,0,2521000,-6236880,-3715880
2010/05/06,0,1789261,-2438000,-648739
2010/05/07,0,1124000,-4086305,-2962305
2010/05/10,0,605590,-1852318,-1246728
2010/05/11,0,2432000,-1583000,849000
2010/05/12,0,183236,-1015800,-832564
2010/05/13,0,939000,-1006000,-67000
2010/05/14,0,1515000,-1419000,96000
2010/05/17,0,1664000,-1757000,-93000
2010/05/18,0,619000,-719000,-100000
2010/05/19,0,445001,-2528000,-2082999
2010/05/20,0,1958000,-1587000,371000
2010/05/21,0,604000,-1814700,-1210700
2010/05/24,0,2636000,-2778000,-142000
2010/05/25,0,1176000,-807000,369000
2010/05/26,0,1341700,-2784000,-1442300
2010/05/27,0,1372942,-3453790,-2080848
2010/05/28,0,3913000,-1954000,1959000
2010/05/31,0,1239000,-991710,247290
2010/06/01,0,1747000,-2503000,-756000
2010/06/02,0,1309000,-1441000,-132000
2010/06/03,0,2243376,-1330000,913376
2010/06/04,0,1990000,-504000,1486000
2010/06/07,0,1852000,-3615500,-1763500
2010/06/08,0,1313000,-512000,801000
2010/06/09,0,1816000,-1062200,753800
2010/06/10,0,609000,-178000,431000
2010/06/11,0,1511169,-2367000,-855831
2010/06/14,0,3969769,-1091000,2878769
2010/06/15,0,3189308,-3400630,-211322
2010/06/16,0,0,0,0
2010/06/17,0,6799789,-1263000,5536789
2010/06/18,0,4368722,-1027338,3341384
2010/06/21,0,4435720,-2855206,1580514
2010/06/22,0,1353757,-1720000,-366243
2010/06/23,0,1010899,-3026101,-2015202
2010/06/24,0,1010000,-380620,629380
2010/06/25,0,2692000,-7592559,-4900559
2010/06/28,0,1933000,-6539000,-4606000
2010/06/29,0,3740000,-4599000,-859000
2010/06/30,0,3172110,-6688415,-3516305
2010/07/01,0,522000,-2255054,-1733054
2010/07/02,0,292000,-2485010,-2193010
2010/07/05,0,2253838,-5001000,-2747162
2010/07/06,0,1366000,-2535765,-1169765
2010/07/07,0,1432837,-3936000,-2503163
2010/07/08,0,2171100,-1106198,1064902
2010/07/09,0,583511,-1635000,-1051489
2010/07/12,0,2822901,-2217024,605877
2010/07/13,0,1537000,-632665,904335
2010/07/14,0,2079222,-8849000,-6769778
2010/07/15,0,2258000,-4737000,-2479000
2010/07/16,0,483589,-2200000,-1716411
2010/07/19,0,537000,-3572000,-3035000
2010/07/20,0,978000,-3217000,-2239000
2010/07/21,0,5590000,-7898000,-2308000
2010/07/22,0,376000,-3341000,-2965000
2010/07/23,0,1719000,-4038000,-2319000
2010/07/26,0,2631790,-5274000,-2642210
2010/07/27,0,5716204,-2965000,2751204
2010/07/28,0,2496000,-4417028,-1921028
2010/07/29,0,2260000,-9761012,-7501012
2010/07/30,0,743333,-5703000,-4959667
2010/08/02,0,5826000,-11280000,-5454000
2010/08/03,0,10407000,-6243000,4164000
2010/08/04,0,3867000,-2379980,1487020
2010/08/05,0,4721000,-2071000,2650000
2010/08/06,0,2125000,-4995000,-2870000
2010/08/09,0,1788000,-3204000,-1416000
2010/08/10,0,2176000,-1261000,915000
2010/08/11,0,2861000,-1056995,1804005
2010/08/12,0,1968479,-2956000,-987521
2010/08/13,0,4772702,-5249000,-476298
2010/08/16,0,4579000,-3517500,1061500
2010/08/17,0,2118000,-1450000,668000
2010/08/18,0,9112000,-4528000,4584000
2010/08/19,0,1645677,-956750,688927
2010/08/20,0,1481000,-1336000,145000
2010/08/23,0,2188456,-1491000,697456
2010/08/24,0,1814000,-3770000,-1956000
2010/08/25,0,3544000,-3149000,395000
2010/08/26,0,889045,-925000,-35955
2010/08/27,0,6548000,-4608000,1940000
2010/08/30,0,1086958,-589000,497958
2010/08/31,0,646000,-578283,67717
2010/09/01,0,1022000,-2154500,-1132500
2010/09/02,0,2869000,-2011490,857510
2010/09/03,0,1396000,-4974000,-3578000
2010/09/06,0,1493000,-1558000,-65000
2010/09/07,0,871023,-1579295,-708272
2010/09/08,0,1073210,-129000,944210
2010/09/09,0,2768000,-2280000,488000
2010/09/10,0,3547340,-2842000,705340
2010/09/13,0,2442000,-3573000,-1131000
2010/09/14,0,4241000,-1271000,2970000
2010/09/15,0,3476903,-2361000,1115903
2010/09/16,0,5251000,-2890000,2361000
2010/09/17,0,5276809,-5459000,-182191
2010/09/20,0,2118000,-1326200,791800
2010/09/21,0,1334000,-943000,391000
2010/09/22,0,0,0,0
2010/09/23,0,1285000,-684492,600508
2010/09/24,0,1840270,-1590000,250270
2010/09/27,0,1069140,-647194,421946
2010/09/28,0,308110,-1729500,-1421390
2010/09/29,0,1485000,-2747000,-1262000
2010/09/30,0,413000,-3534020,-3121020
2010/10/01,0,921130,-2806000,-1884870
2010/10/04,0,2294000,-1179200,1114800
2010/10/05,0,11477060,-3483990,7993070
2010/10/06,0,1838466,-5159000,-3320534
2010/10/07,0,438530,-1514000,-1075470
2010/10/08,0,933570,-31000,902570
2010/10/11,0,6414570,-1866305,4548265
2010/10/12,0,1369332,-2789000,-1419668
2010/10/13,0,1206120,-2253000,-1046880
2010/10/14,0,1270520,-1702000,-431480
2010/10/15,0,654450,-2282000,-1627550
2010/10/18,0,479000,-1278000,-799000
2010/10/19,0,3152970,-988000,2164970
2010/10/20,0,250000,-1208000,-958000
2010/10/21,0,1535000,-1153000,382000
2010/10/22,0,4248000,-995250,3252750
2010/10/25,0,2942000,-2349000,593000
2010/10/26,0,1442862,-695226,747636
2010/10/27,0,2434300,-1480000,954300
2010/10/28,0,3325958,-2355000,970958
2010/10/29,0,619000,-1518000,-899000
2010/11/01,0,1443000,-844000,599000
2010/11/02,0,852630,-1783000,-930370
2010/11/03,0,964000,-2656000,-1692000
2010/11/04,0,1230000,-2128000,-898000
2010/11/05,0,4562000,-1993256,2568744
2010/11/08,0,4525000,-950000,3575000
2010/11/09,0,3793000,-621000,3172000
2010/11/10,0,1081000,-953707,127293
2010/11/11,0,3584000,-1039368,2544632
2010/11/12,0,343000,-420000,-77000
2010/11/15,0,965910,-939900,26010
2010/11/16,0,750000,-1155701,-405701
2010/11/17,0,363000,-3702000,-3339000
2010/11/18,0,465000,-958500,-493500
2010/11/19,0,457490,-1056000,-598510
2010/11/22,0,1465200,-321000,1144200
2010/11/23,0,232400,-765628,-533228
2010/11/24,0,349000,-373315,-24315
2010/11/25,0,102000,-831900,-729900
2010/11/26,0,1858000,-1430000,428000
2010/11/29,0,1187000,-890704,296296
2010/11/30,0,1635163,-1604370,30793
2010/12/01,0,2490000,-2161000,329000
2010/12/02,0,4961256,-1190060,3771196
2010/12/03,0,2971700,-2832265,139435
2010/12/06,0,1561000,-736236,824764
2010/12/07,0,1758440,-1481340,277100
2010/12/08,0,465000,-1968000,-1503000
2010/12/09,0,1121000,-6057000,-4936000
2010/12/10,0,669000,-3290000,-2621000
2010/12/13,0,487000,-2094000,-1607000
2010/12/14,0,3504000,-1827238,1676762
2010/12/15,0,3205000,-765000,2440000
2010/12/16,0,2869000,-2921000,-52000
2010/12/17,0,3172980,-701743,2471237
2010/12/20,0,1000930,-366000,634930
2010/12/21,0,516000,-588370,-72370
2010/12/22,0,2422000,-1439060,982940
2010/12/23,0,1072000,-1763432,-691432
2010/12/24,0,890000,-161000,729000
2010/12/27,0,390000,-60000,330000
2010/12/28,0,1742635,-1252000,490635
2010/12/29,0,1432670,-1443000,-10330
2010/12/30,0,1868000,-2495000,-627000
2010/12/31,0,629000,-394170,234830
2011/01/03,0,3432000,-590000,2842000
2011/01/04,0,4953000,-1337000,3616000
2011/01/05,0,3590000,-1780980,1809020
2011/01/06,0,3712000,-486000,3226000
2011/01/07,0,4205000,-1547003,2657997
2011/01/10,0,1722000,-1811334,-89334
2011/01/11,0,1915000,-3981804,-2066804
2011/01/12,0,822000,-365204,456796
2011/01/13,0,3485177,-725700,2759477
2011/01/14,0,2393000,-836000,1557000
2011/01/17,0,808730,-344000,464730
2011/01/18,0,783153,-1901990,-1118837
2011/01/19,0,2446000,-544200,1901800
2011/01/20,0,2062000,-1107000,955000
2011/01/21,0,3307000,-1479000,1828000
2011/01/24,0,1743000,-856500,886500
2011/01/25,0,1089276,-482800,606476
2011/01/26,0,407000,-1239842,-832842
2011/01/27,0,705000,-883170,-178170
2011/01/28,0,831280,-1167708,-336428
2011/01/31,0,0,0,0
2011/02/01,0,0,0,0
2011/02/02,0,0,0,0
2011/02/03,0,0,0,0
2011/02/04,0,0,0,0
2011/02/07,0,0,0,0
2011/02/08,0,933976,-2779404,-1845428
2011/02/09,0,3837112,-4044050,-206938
2011/02/10,0,1816000,-4806300,-2990300
2011/02/11,0,592000,-6263000,-5671000
2011/02/14,0,4121277,-3118450,1002827
2011/02/15,0,1847000,-7440000,-5593000
2011/02/16,0,3513487,-8873000,-5359513
2011/02/17,0,3275253,-3413920,-138667
2011/02/18,0,4502000,-5272750,-770750
2011/02/21,0,5170000,-8595000,-3425000
2011/02/22,0,2614186,-9094500,-6480314
2011/02/23,0,1988041,-4183570,-2195529
2011/02/24,0,3930000,-2465000,1465000
2011/02/25,0,1683737,-3013603,-1329866
2011/02/28,0,0,0,0
2011/03/01,0,1463000,-2446147,-983147
2011/03/02,0,3147000,-5112238,-1965238
2011/03/03,0,1714000,-1873000,-159000
2011/03/04,0,401000,-3832000,-3431000
2011/03/07,0,2606000,-2997000,-391000
2011/03/08,0,3084000,-1922000,1162000
2011/03/09,0,1365000,-1875380,-510380
2011/03/10,0,1585000,-2035230,-450230
2011/03/11,0,3833500,-3323980,509520
2011/03/14,0,2046000,-2702000,-656000
2011/03/15,0,1426000,-6428764,-5002764
2011/03/16,0,2252000,-3650660,-1398660
2011/03/17,0,2105000,-2079800,25200
2011/03/18,0,1067511,-1755413,-687902
2011/03/21,0,1404000,-481000,923000
2011/03/22,0,1131000,-974309,156691
2011/03/23,0,940000,-1572000,-632000
2011/03/24,0,905000,-1433000,-528000
2011/03/25,0,2002000,-2313202,-311202
2011/03/28,0,2674000,-4215000,-1541000
2011/03/29,0,1172000,-6355000,-5183000
2011/03/30,0,2567000,-4340320,-1773320
2011/03/31,0,1135000,-6952420,-5817420
2011/04/01,0,1653000,-1215000,438000
2011/04/04,0,0,0,0
2011/04/05,0,0,0,0
2011/04/06,0,6828883,-4581000,2247883
2011/04/07,0,7432000,-4242921,3189079
2011/04/08,0,2665261,-1062000,1603261
2011/04/11,0,1307758,-672000,635758
2011/04/12,0,796300,-670000,126300
2011/04/13,0,791094,-683000,108094
2011/04/14,0,1124000,-1415000,-291000
2011/04/15,0,396000,-1727000,-1331000
2011/04/18,0,601000,-1444238,-843238
2011/04/19,0,210730,-5338000,-5127270
2011/04/20,0,1617172,-2657400,-1040228
2011/04/21,0,1589906,-581000,1008906
2011/04/22,0,749000,-1213000,-464000
2011/04/25,0,309000,-487000,-178000
2011/04/26,0,532074,-501000,31074
2011/04/27,0,918000,-2999300,-2081300
2011/04/28,0,6784164,-6252217,531947
2011/04/29,0,3283007,-3470400,-187393
2011/05/02,0,0,0,0
2011/05/03,0,494000,-678489,-184489
2011/05/04,0,138000,-1785000,-1647000
2011/05/05,0,197000,-1445000,-1248000
2011/05/06,0,603020,-857000,-253980
2011/05/09,0,2419000,-576976,1842024
2011/05/10,0,2015000,-1384000,631000
2011/05/11,0,1648000,-212000,1436000
2011/05/12,0,2986000,-1876500,1109500
2011/05/13,0,1409000,-2016000,-607000
2011/05/16,0,453000,-2341000,-1888000
2011/05/17,0,566000,-1914400,-1348400
2011/05/18,0,633000,-701000,-68000
2011/05/19,0,1252000,-1621000,-369000
2011/05/20,0,563000,-278000,285000
2011/05/23,0,352000,-1317000,-965000
2011/05/24,0,262494,-771958,-509464
2011/05/25,0,192200,-790000,-597800
2011/05/26,0,470536,-1026778,-556242
2011/05/27,0,535000,-1413000,-878000
2011/05/30,0,201600,-814000,-612400
2011/05/31,0,2191000,-3149702,-958702
2011/06/01,0,1362050,-670848,691202
2011/06/02,0,810600,-1290000,-479400
2011/06/03,0,637000,-1057541,-420541
2011/06/06,0,0,0,0
2011/06/07,0,871800,-3787400,-2915600
2011/06/08,0,1139600,-5858049,-4718449
2011/06/09,0,767000,-1866735,-1099735
2011/06/10,0,577350,-2166000,-1588650
2011/06/13,0,744000,-1766894,-1022894
2011/06/14,0,700000,-1090000,-390000
2011/06/15,0,1340005,-2063747,-723742
2011/06/16,0,689000,-7923000,-7234000
2011/06/17,0,1075000,-2508445,-1433445
2011/06/20,0,397000,-1120076,-723076
2011/06/21,0,1668000,-2329000,-661000
2011/06/22,0,1021766,-1513000,-491234
2011/06/23,0,450052,-3000241,-2550189
2011/06/24,0,983000,-6430274,-5447274
2011/06/27,0,748000,-2701894,-1953894
2011/06/28,0,550000,-2513054,-1963054
2011/06/29,0,2117400,-3386000,-1268600
2011/06/30,0,872200,-429000,443200
2011/07/01,0,1482330,-250400,1231930
2011/07/04,0,355506,-1277000,-921494
2011/07/05,0,5242080,-1630000,3612080
2011/07/06,0,2965288,-784000,2181288
2011/07/07,0,1957884,-837000,1120884
2011/07/08,0,1213915,-1184000,29915
2011/07/11,0,1168293,-1517000,-348707
2011/07/12,0,1651463,-4235000,-2583537
2011/07/13,0,1360970,-2302000,-941030
2011/07/14,0,131229,-673000,-541771
2011/07/15,0,1385020,-1837067,-452047
2011/07/18,0,898069,-1310200,-412131
2011/07/19,0,2037000,-853600,1183400
2011/07/20,0,3229468,-2551000,678468
2011/07/21,0,4020801,-1692000,2328801
2011/07/22,0,1761390,-1465000,296390
2011/07/25,0,753416,-733000,20416
2011/07/26,0,591752,-1179000,-587248
2011/07/27,0,1887279,-1066000,821279
2011/07/28,0,3860065,-1002000,2858065
2011/07/29,0,3105836,-4658056,-1552220
2011/08/01,0,2700434,-4209000,-1508566
2011/08/02,0,709876,-3033000,-2323124
2011/08/03,0,3537561,-8807000,-5269439
2011/08/04,0,2180668,-4780000,-2599332
2011/08/05,0,1923556,-1825850,97706
2011/08/08,0,822205,-7903000,-7080795
2011/08/09,0,3206000,-7228950,-4022950
2011/08/10,0,3077000,-10193338,-7116338
2011/08/11,0,1578500,-1148000,430500
2011/08/12,0,2243000,-1611779,631221
2011/08/15,0,1416961,-1173000,243961
2011/08/16,0,1183000,-552700,630300
2011/08/17,0,488133,-1101000,-612867
2011/08/18,0,1328967,-3973000,-2644033
2011/08/19,0,463637,-2964000,-2500363
2011/08/22,0,2440887,-4648500,-2207613
2011/08/23,0,1709700,-921364,788336
2011/08/24,0,2878415,-3164000,-285585
2011/08/25,0,1144776,-7419052,-6274276
2011/08/26,0,1138034,-1361000,-222966
2011/08/29,0,1076000,-1527600,-451600
2011/08/30,0,914508,-966000,-51492
2011/08/31,0,2038154,-384000,1654154
2011/09/01,0,1660357,-317521,1342836
2011/09/02,0,1810868,-1187000,623868
2011/09/05,0,360000,-2404000,-2044000
2011/09/06,0,236510,-3379622,-3143112
2011/09/07,0,575964,-873000,-297036
2011/09/08,0,858075,-1444000,-585925
2011/09/09,0,635144,-1121000,-485856
2011/09/12,0,0,0,0
2011/09/13,0,439688,-999000,-559312
2011/09/14,0,1540330,-1878728,-338398
2011/09/15,0,2072000,-1558000,514000
2011/09/16,0,1230000,-577333,652667
2011/09/19,0,181693,-457000,-275307
2011/09/20,0,270715,-553000,-282285
2011/09/21,0,2168784,-3630000,-1461216
2011/09/22,0,179864,-2271000,-2091136
2011/09/23,0,334284,-1254200,-919916
2011/09/26,0,448085,-2624000,-2175915
2011/09/27,0,1527138,-3113324,-1586186
2011/09/28,0,2541701,-3785000,-1243299
2011/09/29,0,1111249,-289000,822249
2011/09/30,0,3185000,-2051000,1134000
2011/10/03,0,1328294,-2174000,-845706
2011/10/04,0,2461000,-8706000,-6245000
2011/10/05,0,1201000,-855000,346000
2011/10/06,0,4828000,-942000,3886000
2011/10/07,0,1442000,-803138,638862
2011/10/10,0,0,0,0
2011/10/11,0,2606000,-2290400,315600
2011/10/12,0,1482000,-784000,698000
2011/10/13,0,2125925,-1284000,841925
2011/10/14,0,615097,-1115000,-499903
2011/10/17,0,638306,-3333000,-2694694
2011/10/18,0,670884,-3745000,-3074116
2011/10/19,0,342138,-1116000,-773862
2011/10/20,0,555088,-2588580,-2033492
2011/10/21,0,321153,-1015900,-694747
2011/10/24,0,4515075,-3130000,1385075
2011/10/25,0,2292998,-1561000,731998
2011/10/26,0,910000,-664000,246000
2011/10/27,0,1094000,-3294000,-2200000
2011/10/28,0,9664000,-6012000,3652000
2011/10/31,0,1774000,-3451000,-1677000
2011/11/01,0,1732000,-4326700,-2594700
2011/11/02,0,562579,-1992000,-1429421
2011/11/03,0,613000,-1519000,-906000
2011/11/04,0,943000,-1035000,-92000
2011/11/07,0,3233000,-340000,2893000
2011/11/08,0,1578000,-1146215,431785
2011/11/09,0,979000,-749000,230000
2011/11/10,0,556000,-3838000,-3282000
2011/11/11,0,2629000,-622000,2007000
2011/11/14,0,1394000,-235000,1159000
2011/11/15,0,1318000,-717319,600681
2011/11/16,0,173000,-2978000,-2805000
2011/11/17,0,363000,-432106,-69106
2011/11/18,0,835000,-1090000,-255000
2011/11/21,0,1127000,-920892,206108
2011/11/22,0,1069000,-372000,697000
2011/11/23,0,1922000,-6542267,-4620267
2011/11/24,0,997000,-364000,633000
2011/11/25,0,879000,-852000,27000
2011/11/28,0,1961480,-1370000,591480
2011/11/29,0,1568000,-1156900,411100
2011/11/30,0,843932,-2570870,-1726938
2011/12/01,0,2891000,-1041661,1849339
2011/12/02,0,1316000,-595000,721000
2011/12/05,0,838000,-1215000,-377000
2011/12/06,0,262000,-3255000,-2993000
2011/12/07,0,586099,-786800,-200701
2011/12/08,0,993000,-2377200,-1384200
2011/12/09,0,507450,-1669000,-1161550
2011/12/12,0,187000,-610400,-423400
2011/12/13,0,391000,-1427600,-1036600
2011/12/14,0,1308000,-1175610,132390
2011/12/15,0,325000,-674000,-349000
2011/12/16,0,1509558,-4529000,-3019442
2011/12/19,0,562100,-1436000,-873900
2011/12/20,0,526426,-304129,222297
2011/12/21,0,1356000,-326200,1029800
2011/12/22,0,1561000,-1300000,261000
2011/12/23,0,373000,-1144670,-771670
2011/12/26,0,190000,-563000,-373000
2011/12/27,0,291000,-73000,218000
2011/12/28,0,909000,-502000,407000
2011/12/29,0,837000,-243000,594000
2011/12/30,0,3293406,-290700,3002706
2012/01/02,0,33000,-288000,-255000
2012/01/03,0,427000,-36000,391000
2012/01/04,0,1253000,-388000,865000
2012/01/05,0,1267000,-778000,489000
2012/01/06,0,439000,-897000,-458000
2012/01/09,0,386000,-475000,-89000
2012/01/10,0,1520000,-474000,1046000
2012/01/11,0,3377000,-2969000,408000
2012/01/12,0,1277000,-1928000,-651000
2012/01/13,0,2047000,-646107,1400893
2012/01/16,0,469000,-724000,-255000
2012/01/17,0,2550000,-1287000,1263000
2012/01/18,0,4837000,-1058286,3778714
2012/01/19,0,0,0,0
2012/01/20,0,0,0,0
2012/01/23,0,0,0,0
2012/01/24,0,0,0,0
2012/01/25,0,0,0,0
2012/01/26,0,0,0,0
2012/01/27,0,0,0,0
2012/01/30,0,3630034,-1327093,2302941
2012/01/31,0,1298845,-1288500,10345
2012/02/01,0,3408000,-1251000,2157000
2012/02/02,0,3633000,-1761000,1872000
2012/02/03,0,3058000,-1195500,1862500
2012/02/06,0,1258000,-1090000,168000
2012/02/07,0,968000,-1055500,-87500
2012/02/08,0,1580000,-328542,1251458
2012/02/09,0,2835000,-2210298,624702
2012/02/10,0,1004000,-522000,482000
2012/02/13,0,1643700,-256232,1387468
2012/02/14,0,854353,-847331,7022
2012/02/15,0,3026000,-146000,2880000
2012/02/16,0,1458000,-609000,849000
2012/02/17,0,1419700,-457000,962700
2012/02/20,0,168000,-150000,18000
2012/02/21,0,1897000,-955000,942000
2012/02/22,0,1409000,-581000,828000
2012/02/23,0,1087000,-409000,678000
2012/02/24,0,2033800,-706000,1327800
2012/02/27,0,0,0,0
2012/02/28,0,0,0,0
2012/02/29,0,3586050,-2720685,865365
2012/03/01,0,886934,-907000,-20066
2012/03/02,0,559971,-505000,54971
2012/03/05,0,1668000,-1038000,630000
2012/03/06,0,1496000,-2131300,-635300
2012/03/07,0,774000,-1799000,-1025000
2012/03/08,0,984000,-525000,459000
2012/03/09,0,1030000,-1113000,-83000
2012/03/12,0,192000,-731000,-539000
2012/03/13,0,681000,-782300,-101300
2012/03/14,0,814000,-981493,-167493
2012/03/15,0,2045000,-661000,1384000
2012/03/16,0,1368000,-565000,803000
2012/03/19,0,1484000,-795000,689000
2012/03/20,0,111000,-601000,-490000
2012/03/21,0,705000,-2518000,-1813000
2012/03/22,0,512000,-977000,-465000
2012/03/23,0,635000,-278100,356900
2012/03/26,0,77000,-1595000,-1518000
2012/03/27,0,754000,-434200,319800
2012/03/28,0,339000,-1096300,-757300
2012/03/29,0,404000,-1628400,-1224400
2012/03/30,0,494728,-1155000,-660272
2012/04/02,0,183000,-1128000,-945000
2012/04/03,0,841215,-3628000,-2786785
2012/04/04,0,0,0,0
2012/04/05,0,880000,-3880000,-3000000
2012/04/06,0,387610,-1362700,-975090
2012/04/09,0,154000,-851000,-697000
2012/04/10,0,2487000,-3346000,-859000
2012/04/11,0,165000,-2333000,-2168000
2012/04/12,0,389000,-3295000,-2906000
2012/04/13,0,922282,-2450000,-1527718
2012/04/16,0,581000,-692000,-111000
2012/04/17,0,229000,-2334000,-2105000
2012/04/18,0,656000,-882000,-226000
2012/04/19,0,335000,-863000,-528000
2012/04/20,0,366000,-1372283,-1006283
2012/04/23,0,343224,-1356000,-1012776
2012/04/24,0,333000,-1064000,-731000
2012/04/25,0,1183000,-2218133,-1035133
2012/04/26,0,382000,-307000,75000
2012/04/27,0,510050,-2151788,-1641738
2012/04/30,0,522000,-1987000,-1465000
2012/05/01,0,0,0,0
2012/05/02,0,1137000,-3071900,-1934900
2012/05/03,0,349000,-715000,-366000
2012/05/04,0,864000,-1355400,-491400
2012/05/07,0,762000,-1307000,-545000
2012/05/08,0,448000,-457000,-9000
2012/05/09,0,177000,-699000,-522000
2012/05/10,0,227694,-378216,-150522
2012/05/11,0,368476,-924000,-555524
2012/05/14,0,82000,-348000,-266000
2012/05/15,0,180000,-764721,-584721
2012/05/16,0,214000,-2052000,-1838000
2012/05/17,0,2808000,-1641000,1167000
2012/05/18,0,291000,-1581000,-1290000
2012/05/21,0,247000,-563000,-316000
2012/05/22,0,166000,-392400,-226400
2012/05/23,0,602000,-2332800,-1730800
2012/05/24,0,601000,-858500,-257500
2012/05/25,0,440000,-1490332,-1050332
2012/05/28,0,953000,-900000,53000
2012/05/29,0,694000,-634400,59600
2012/05/30,0,1820000,-1501492,318508
2012/05/31,0,1190072,-1129930,60142
2012/06/01,0,181000,-663291,-482291
2012/06/04,0,305032,-734000,-428968
2012/06/05,0,222000,-997000,-775000
2012/06/06,0,170000,-746700,-576700
2012/06/07,0,781194,-272000,509194
2012/06/08,0,520160,-446000,74160
2012/06/11,0,615746,-447000,168746
2012/06/12,0,586000,-503000,83000
2012/06/13,0,796823,-2052757,-1255934
2012/06/14,0,871791,-1739242,-867451
2012/06/15,0,1824996,-2621933,-796937
2012/06/18,0,2260702,-1537000,723702
2012/06/19,0,1998717,-2327000,-328283
2012/06/20,0,1785678,-989500,796178
2012/06/21,0,391920,-398000,-6080
2012/06/22,0,367748,-733000,-365252
2012/06/25,0,465000,-1229000,-764000
2012/06/26,0,573000,-716300,-143300
2012/06/27,0,305000,-725000,-420000
2012/06/28,0,782304,-1133000,-350696
2012/06/29,0,1341000,-701000,640000
2012/07/02,0,430000,-1918000,-1488000
2012/07/03,0,463000,-2028000,-1565000
2012/07/04,0,989380,-2435000,-1445620
2012/07/05,0,342000,-978000,-636000
2012/07/06,0,984000,-1744000,-760000
2012/07/09,0,2124000,-5072000,-2948000
2012/07/10,0,1215800,-3109000,-1893200
2012/07/11,0,443000,-1584000,-1141000
2012/07/12,0,330000,-1261591,-931591
2012/07/13,0,162486,-521376,-358890
2012/07/16,0,222000,-709000,-487000
2012/07/17,0,521200,-1890400,-1369200
2012/07/18,0,489100,-2221000,-1731900
2012/07/19,0,1496100,-978000,518100
2012/07/20,0,3002200,-2586000,416200
2012/07/23,0,1842000,-2672000,-830000
2012/07/24,0,327000,-1250000,-923000
2012/07/25,0,532000,-1970800,-1438800
2012/07/26,0,945574,-2328060,-1382486
2012/07/27,0,2238000,-2328000,-90000
2012/07/30,0,409283,-1296000,-886717
2012/07/31,0,2834000,-4018388,-1184388
2012/08/01,0,1257000,-2547000,-1290000
2012/08/02,0,0,0,0
2012/08/03,0,714645,-889000,-174355
2012/08/06,0,2538000,-1944900,593100
2012/08/07,0,2316000,-1287000,1029000
2012/08/08,0,3162628,-2639001,523627
2012/08/09,0,2757000,-2396000,361000
2012/08/10,0,1305000,-395000,910000
2012/08/13,0,1112000,-474000,638000
2012/08/14,0,1271000,-357000,914000
2012/08/15,0,1588000,-1329000,259000
2012/08/16,0,4269000,-3520000,749000
2012/08/17,0,2709000,-3252000,-543000
2012/08/20,0,1574000,-685000,889000
2012/08/21,0,942706,-440758,501948
2012/08/22,0,1173655,-1452866,-279211
2012/08/23,0,645120,-1151000,-505880
2012/08/24,0,1123000,-1590000,-467000
2012/08/27,0,536000,-687000,-151000
2012/08/28,0,874858,-195917,678941
2012/08/29,0,606000,-805000,-199000
2012/08/30,0,701000,-1771000,-1070000
2012/08/31,0,792791,-911834,-119043
2012/09/03,0,351000,-1292000,-941000
2012/09/04,0,28000,-1153000,-1125000
2012/09/05,0,231000,-2287330,-2056330
2012/09/06,0,161000,-375000,-214000
2012/09/07,0,729000,-137639,591361
2012/09/10,0,426000,-1081000,-655000
2012/09/11,0,782000,-2356000,-1574000
2012/09/12,0,2314000,-2414000,-100000
2012/09/13,0,1477000,-1002000,475000
2012/09/14,0,4302593,-6775000,-2472407
2012/09/17,0,6789000,-4300800,2488200
2012/09/18,0,559000,-1423000,-864000
2012/09/19,0,1827000,-480400,1346600
2012/09/20,0,1537000,-1362000,175000
2012/09/21,0,2586038,-609000,1977038
2012/09/24,0,2293962,-1446695,847267
2012/09/25,0,687000,-675568,11432
2012/09/26,0,1591000,-890000,701000
2012/09/27,0,967187,-743807,223380
2012/09/28,0,672000,-1206789,-534789
2012/10/01,0,186000,-1043400,-857400
2012/10/02,0,300000,-171000,129000
2012/10/03,0,96000,-207068,-111068
2012/10/04,0,385000,-301000,84000
2012/10/05,0,467000,-1620000,-1153000
2012/10/08,0,1179300,-511000,668300
2012/10/09,0,1108000,-495000,613000
2012/10/10,0,0,0,0
2012/10/11,0,818000,-2369905,-1551905
2012/10/12,0,505000,-966000,-461000
2012/10/15,0,238000,-91892,146108
2012/10/16,0,616000,-1408000,-792000
2012/10/17,0,886000,-393000,493000
2012/10/18,0,2068000,-380000,1688000
2012/10/19,0,1589000,-1844989,-255989
2012/10/22,0,807000,-345820,461180
2012/10/23,0,738600,-440000,298600
2012/10/24,0,702000,-537083,164917
2012/10/25,0,672000,-1269000,-597000
2012/10/26,0,939000,-1214000,-275000
2012/10/29,0,664000,-2713000,-2049000
2012/10/30,0,594000,-552000,42000
2012/10/31,0,362000,-921000,-559000
2012/11/01,0,516000,-2191000,-1675000
2012/11/02,0,1819000,-2837000,-1018000
2012/11/05,0,569000,-620000,-51000
2012/11/06,0,1056000,-1589286,-533286
2012/11/07,0,1161000,-2066800,-905800
2012/11/08,0,440000,-2495000,-2055000
2012/11/09,0,570000,-1547250,-977250
2012/11/12,0,724000,-1069000,-345000
2012/11/13,0,315000,-1537000,-1222000
2012/11/14,0,287000,-762000,-475000
2012/11/15,0,515300,-846000,-330700
2012/11/16,0,1205000,-572000,633000
2012/11/19,0,783000,-278000,505000
2012/11/20,0,1210000,-422000,788000
2012/11/21,0,1752000,-3970000,-2218000
2012/11/22,0,988000,-4807000,-3819000
2012/11/23,0,2775000,-43000,2732000
2012/11/26,0,1308000,-70000,1238000
2012/11/27,0,758524,-366000,392524
2012/11/28,0,719500,-403343,316157
2012/11/29,0,1040000,-616000,424000
2012/11/30,0,3461000,-900697,2560303
2012/12/03,0,1310000,-760000,550000
2012/12/04,0,1185000,-307000,878000
2012/12/05,0,922000,-277000,645000
2012/12/06,0,1516000,-165426,1350574
2012/12/07,0,801000,-383000,418000
2012/12/10,0,1599000,-647000,952000
2012/12/11,0,2032026,-835000,1197026
2012/12/12,0,1767000,-98000,1669000
2012/12/13,0,2223681,-526000,1697681
2012/12/14,0,1693278,-259000,1434278
2012/12/17,0,1253000,-613500,639500
2012/12/18,0,781000,-121000,660000
2012/12/19,0,1414000,-481500,932500
2012/12/20,0,1102000,-995000,107000
2012/12/21,0,1442000,-1119663,322337
2012/12/24,0,481000,-186000,295000
2012/12/25,0,446000,-215000,231000
2012/12/26,0,341000,-129000,212000
2012/12/27,0,756655,-245762,510893
2012/12/28,0,1514000,-747000,767000
2012/12/31,0,0,0,0
2013/01/01,0,0,0,0
2013/01/02,0,582000,-1470100,-888100
2013/01/03,0,861000,-917000,-56000
2013/01/04,0,912000,-1799000,-887000
2013/01/07,0,1156000,-1848200,-692200
2013/01/08,0,1389000,-2033600,-644600
2013/01/09,0,1830000,-1592000,238000
2013/01/10,0,1912000,-1572622,339378
2013/01/11,0,1350000,-566000,784000
2013/01/14,0,821000,-1666000,-845000
2013/01/15,0,1265000,-1001000,264000
2013/01/16,0,1631000,-1889000,-258000
2013/01/17,0,2334500,-4229000,-1894500
2013/01/18,0,801000,-2653000,-1852000
2013/01/21,0,453000,-768657,-315657
2013/01/22,0,166000,-812433,-646433
2013/01/23,0,328000,-3465969,-3137969
2013/01/24,0,610000,-2665000,-2055000
2013/01/25,0,419450,-2699000,-2279550
2013/01/28,0,229000,-422000,-193000
2013/01/29,0,973600,-280000,693600
2013/01/30,0,990000,-1356000,-366000
2013/01/31,0,1088000,-1253698,-165698
2013/02/01,0,748000,-1410000,-662000
2013/02/04,0,617000,-1858000,-1241000
2013/02/05,0,1178000,-1282000,-104000
2013/02/06,0,951000,-1748000,-797000
2013/02/07,0,0,0,0
2013/02/08,0,0,0,0
2013/02/11,0,0,0,0
2013/02/12,0,0,0,0
2013/02/13,0,0,0,0
2013/02/14,0,0,0,0
2013/02/15,0,0,0,0
2013/02/18,0,2702089,-1517000,1185089
2013/02/19,0,500741,-363000,137741
2013/02/20,0,3208800,-4323000,-1114200
2013/02/21,0,1594000,-1682128,-88128
2013/02/22,0,688000,-1005000,-317000
2013/02/25,0,901000,-1297082,-396082
2013/02/26,0,838000,-1345525,-507525
2013/02/27,0,784000,-1017287,-233287
2013/02/28,0,0,0,0
2013/03/01,0,979000,-3305000,-2326000
2013/03/04,0,1457000,-4841000,-3384000
2013/03/05,0,537000,-5710000,-5173000
2013/03/06,0,1433000,-2426932,-993932
2013/03/07,0,519000,-1096167,-577167
2013/03/08,0,2214100,-1284000,930100
2013/03/11,0,3137000,-1834000,1303000
2013/03/12,0,1917000,-671694,1245306
2013/03/13,0,3212000,-3091000,121000
2013/03/14,0,1557000,-1996877,-439877
2013/03/15,0,9315579,-7537763,1777816
2013/03/18,0,1023000,-1515000,-492000
2013/03/19,0,111000,-2679000,-2568000
2013/03/20,0,108000,-1991926,-1883926
2013/03/21,0,641000,-1015000,-374000
2013/03/22,0,311000,-1717217,-1406217
2013/03/25,0,166000,-2179000,-2013000
2013/03/26,0,387000,-2031000,-1644000
2013/03/27,0,360000,-1571000,-1211000
2013/03/28,0,444000,-1208000,-764000
2013/03/29,0,282000,-68000,214000
2013/04/01,0,186569,-672000,-485431
2013/04/02,0,367414,-1151000,-783586
2013/04/03,0,668000,-530000,138000
2013/04/04,0,0,0,0
2013/04/05,0,0,0,0
2013/04/08,0,2023000,-2715701,-692701
2013/04/09,0,289000,-2271428,-1982428
2013/04/10,0,332000,-1748000,-1416000
2013/04/11,0,208266,-2142000,-1933734
2013/04/12,0,464000,-1699680,-1235680
2013/04/15,0,321803,-598000,-276197
2013/04/16,0,674534,-1688200,-1013666
2013/04/17,0,151000,-1397000,-1246000
2013/04/18,0,148000,-1448000,-1300000
2013/04/19,0,366000,-1224000,-858000
2013/04/22,0,164000,-518000,-354000
2013/04/23,0,500000,-323000,177000
2013/04/24,0,630000,-357000,273000
2013/04/25,0,1035000,-269000,766000
2013/04/26,0,847000,-465000,382000
2013/04/29,0,574000,-608000,-34000
2013/04/30,0,1117000,-373600,743400
2013/05/01,0,0,0,0
2013/05/02,0,471000,-484801,-13801
2013/05/03,0,907000,-5000,902000
2013/05/06,0,515000,-237750,277250
2013/05/07,0,249000,-399565,-150565
2013/05/08,0,638132,-891000,-252868
2013/05/09,0,1019831,-315264,704567
2013/05/10,0,1057000,-1291000,-234000
2013/05/13,0,1073856,-987200,86656
2013/05/14,0,764000,-440000,324000
2013/05/15,0,1983720,-199800,1783920
2013/05/16,0,4428000,-644000,3784000
2013/05/17,0,426000,-292000,134000
2013/05/20,0,809000,-389000,420000
2013/05/21,0,1077731,-446318,631413
2013/05/22,0,364263,-595000,-230737
2013/05/23,0,537000,-773000,-236000
2013/05/24,0,211932,-1038000,-826068
2013/05/27,0,452140,-860000,-407860
2013/05/28,0,673000,-683000,-10000
2013/05/29,0,363000,-268000,95000
2013/05/30,0,1315000,-935000,380000
2013/05/31,0,3781566,-1573696,2207870
2013/06/03,0,1262000,-826000,436000
2013/06/04,0,2648000,-687000,1961000
2013/06/05,0,1077767,-458000,619767
2013/06/06,0,2368957,-1397000,971957
2013/06/07,0,415068,-1015000,-599932
2013/06/10,0,218600,-293958,-75358
2013/06/11,0,1378000,-604000,774000
2013/06/12,0,0,0,0
2013/06/13,0,1158000,-1203500,-45500
2013/06/14,0,810000,-588452,221548
2013/06/17,0,849000,-510720,338280
2013/06/18,0,667000,-567000,100000
2013/06/19,0,774000,-540179,233821
2013/06/20,0,623000,-1070968,-447968
2013/06/21,0,1062000,-1759291,-697291
2013/06/24,0,1563000,-3557000,-1994000
2013/06/25,0,1090000,-4215488,-3125488
2013/06/26,0,1405000,-3388250,-1983250
2013/06/27,0,1614000,-1827000,-213000
2013/06/28,0,2043000,-1503000,540000
2013/07/01,0,635000,-860747,-225747
2013/07/02,0,510000,-1214000,-704000
2013/07/03,0,808000,-1084500,-276500
2013/07/04,0,350000,-344000,6000
2013/07/05,0,1033000,-663919,369081
2013/07/08,0,434000,-881000,-447000
2013/07/09,0,943000,-847000,96000
2013/07/10,0,489000,-841000,-352000
2013/07/11,0,1375213,-2110000,-734787
2013/07/12,0,1198000,-2877000,-1679000
2013/07/15,0,1960000,-3663000,-1703000
2013/07/16,0,2585000,-3614653,-1029653
2013/07/17,0,1336500,-1926277,-589777
2013/07/18,0,1598000,-747000,851000
2013/07/19,0,1549124,-749000,800124
2013/07/22,0,2812870,-195000,2617870
2013/07/23,0,1563000,-765000,798000
2013/07/24,0,647000,-565000,82000
2013/07/25,0,598990,-710000,-111010
2013/07/26,0,635000,-445000,190000
2013/07/29,0,278000,-325000,-47000
2013/07/30,0,1078000,-387000,691000
2013/07/31,0,522000,-832765,-310765
2013/08/01,0,690000,-1424000,-734000
2013/08/02,0,661000,-1323000,-662000
2013/08/05,0,517000,-2519000,-2002000
2013/08/06,0,322000,-1163000,-841000
2013/08/07,0,1313000,-1365000,-52000
2013/08/08,0,1363000,-1456000,-93000
2013/08/09,0,714000,-1756000,-1042000
2013/08/12,0,95500,-910000,-814500
2013/08/13,0,210000,-1520000,-1310000
2013/08/14,0,278267,-1972000,-1693733
2013/08/15,0,424000,-3660062,-3236062
2013/08/16,0,779701,-2178000,-1398299
2013/08/19,0,251000,-1411000,-1160000
2013/08/20,0,124356,-1588356,-1464000
2013/08/21,0,0,0,0
2013/08/22,0,1049156,-6601331,-5552175
2013/08/23,0,379000,-2852000,-2473000
2013/08/26,0,172000,-2186000,-2014000
2013/08/27,0,176000,-2003000,-1827000
2013/08/28,0,643000,-2116000,-1473000
2013/08/29,0,493000,-3050537,-2557537
2013/08/30,0,1663000,-1701223,-38223
2013/09/02,0,473000,-928000,-455000
2013/09/03,0,533000,-1765187,-1232187
2013/09/04,0,1218000,-1262000,-44000
2013/09/05,0,670362,-1740000,-1069638
2013/09/06,0,558000,-865000,-307000
2013/09/09,0,2111000,-1331000,780000
2013/09/10,0,861000,-657921,203079
2013/09/11,0,1845000,-196862,1648138
2013/09/12,0,1432000,-195000,1237000
2013/09/13,0,1095000,-541000,554000
2013/09/16,0,1559000,-385000,1174000
2013/09/17,0,1472000,-979000,493000
2013/09/18,0,1951616,-1124000,827616
2013/09/19,0,0,0,0
2013/09/20,0,0,0,0
2013/09/23,0,1889000,-465000,1424000
2013/09/24,0,659000,-890000,-231000
2013/09/25,0,923000,-561000,362000
2013/09/26,0,839500,-1607000,-767500
2013/09/27,0,1249000,-1339842,-90842
2013/09/30,0,1251000,-1667066,-416066
2013/10/01,0,919000,-1159382,-240382
2013/10/02,0,1329000,-813105,515895
2013/10/03,0,1494946,-398000,1096946
2013/10/04,0,776000,-627000,149000
2013/10/07,0,1446000,-323000,1123000
2013/10/08,0,861000,-864000,-3000
2013/10/09,0,518000,-566000,-48000
2013/10/10,0,0,0,0
2013/10/11,0,306000,-340000,-34000
2013/10/14,0,607000,-652376,-45376
2013/10/15,0,916000,-897000,19000
2013/10/16,0,212000,-1236000,-1024000
2013/10/17,0,463000,-295000,168000
2013/10/18,0,461000,-626000,-165000
2013/10/21,0,553000,-1213000,-660000
2013/10/22,0,953000,-1713000,-760000
2013/10/23,0,1180132,-1141000,39132
2013/10/24,0,123000,-1573000,-1450000
2013/10/25,0,499000,-1357000,-858000
2013/10/28,0,630000,-994000,-364000
2013/10/29,0,537000,-1195000,-658000
2013/10/30,0,446000,-2143000,-1697000
2013/10/31,0,1592000,-2339000,-747000
2013/11/01,0,462000,-927000,-465000
2013/11/04,0,892000,-2887000,-1995000
2013/11/05,0,753000,-1590718,-837718
2013/11/06,0,2283000,-1054672,1228328
2013/11/07,0,168000,-440000,-272000
2013/11/08,0,161000,-458000,-297000
2013/11/11,0,127000,-663000,-536000
2013/11/12,0,320000,-1626000,-1306000
2013/11/13,0,744851,-699000,45851
2013/11/14,0,338000,-578000,-240000
2013/11/15,0,494000,-1017449,-523449
2013/11/18,0,175000,-851000,-676000
2013/11/19,0,521000,-1413000,-892000
2013/11/20,0,809000,-1886699,-1077699
2013/11/21,0,553000,-3000000,-2447000
2013/11/22,0,275000,-1085000,-810000
2013/11/25,0,531000,-2536000,-2005000
2013/11/26,0,946022,-2492583,-1546561
2013/11/27,0,832000,-1720850,-888850
2013/11/28,0,779000,-920000,-141000
2013/11/29,0,455000,-214000,241000
2013/12/02,0,391000,-372700,18300
2013/12/03,0,730340,-4138100,-3407760
2013/12/04,0,1059000,-779000,280000
2013/12/05,0,591874,-596000,-4126
2013/12/06,0,329000,-1020314,-691314
2013/12/09,0,735000,-526000,209000
2013/12/10,0,336000,-236000,100000
2013/12/11,0,463000,-223000,240000
2013/12/12,0,57000,-499645,-442645
2013/12/13,0,316000,-740000,-424000
2013/12/16,0,197001,-1494000,-1296999
2013/12/17,0,201000,-1189000,-988000
2013/12/18,0,928000,-355000,573000
2013/12/19,0,210000,-413000,-203000
2013/12/20,0,1586000,-769864,816136
2013/12/23,0,304000,-376000,-72000
2013/12/24,0,185000,-189000,-4000
2013/12/25,0,96000,-33000,63000
2013/12/26,0,93000,-168000,-75000
2013/12/27,0,358000,-343000,15000
2013/12/30,0,822000,-122000,700000
2013/12/31,0,494000,-94000,400000
2014/01/02,0,674000,-249000,425000
2014/01/03,0,253000,-567900,-314900
2014/01/06,0,311000,-433348,-122348
2014/01/07,0,403000,-171000,232000
2014/01/08,0,99000,-1372000,-1273000
2014/01/09,0,369000,-1504000,-1135000
2014/01/10,0,134000,-294600,-160600
2014/01/13,0,287000,-102213,184787
2014/01/14,0,336000,-429627,-93627
2014/01/15,0,635000,-458060,176940
2014/01/16,0,179000,-488000,-309000
2014/01/17,0,159000,-524000,-365000
2014/01/20,0,149000,-521000,-372000
2014/01/21,0,170000,-1248150,-1078150
2014/01/22,0,445000,-632000,-187000
2014/01/23,0,251000,-700000,-449000
2014/01/24,0,856000,-2754000,-1898000
2014/01/27,0,374000,-2141430,-1767430
2014/02/05,0,1751000,-4663302,-2912302
2014/02/06,0,725000,-1899100,-1174100
2014/02/07,0,833000,-1300000,-467000
2014/02/10,0,452000,-315000,137000
2014/02/11,0,737964,-177000,560964
2014/02/12,0,278000,-162000,116000
2014/02/13,0,455876,-983490,-527614
2014/02/14,0,869000,-475800,393200
2014/02/17,0,459000,-625000,-166000
2014/02/18,0,1320000,-1679000,-359000
2014/02/19,0,880001,-1948000,-1067999
2014/02/20,0,655000,-950589,-295589
2014/02/21,0,1627000,-695000,932000
2014/02/24,0,244000,-67000,177000
2014/02/25,0,442932,-183000,259932
2014/02/26,0,1345000,-951000,394000
2014/02/27,0,1380000,-920873,459127
2014/03/03,0,527000,-2750597,-2223597
2014/03/04,0,196000,-1260000,-1064000
2014/03/05,0,941000,-851000,90000
2014/03/06,0,448000,-616000,-168000
2014/03/07,0,808000,-629000,179000
2014/03/10,0,296000,-391000,-95000
2014/03/11,0,638000,-481000,157000
2014/03/12,0,334000,-491000,-157000
2014/03/13,0,340000,-425840,-85840
2014/03/14,0,281000,-607000,-326000
2014/03/17,0,852000,-119000,733000
2014/03/18,0,916000,-518000,398000
2014/03/19,0,186805,-439600,-252795
2014/03/20,0,206000,-833000,-627000
2014/03/21,0,663000,-906000,-243000
2014/03/24,0,698000,-307000,391000
2014/03/25,0,83000,-206000,-123000
2014/03/26,0,545000,-358000,187000
2014/03/27,0,317000,-268000,49000
2014/03/28,0,1223000,-177000,1046000
2014/03/31,0,2534000,-405520,2128480
2014/04/01,0,955000,-779417,175583
2014/04/02,0,872000,-782000,90000
2014/04/03,0,749000,-1774000,-1025000
2014/04/07,0,1462000,-2061400,-599400
2014/04/08,0,256000,-1309000,-1053000
2014/04/09,0,499000,-1031400,-532400
2014/04/10,0,974000,-1007000,-33000
2014/04/11,0,258000,-804000,-546000
2014/04/14,0,398001,-843000,-444999
2014/04/15,0,99000,-908000,-809000
2014/04/16,0,636000,-821000,-185000
2014/04/17,0,979000,-694000,285000
2014/04/18,0,600000,-251000,349000
2014/04/21,0,1173000,-231000,942000
2014/04/22,0,178000,-516100,-338100
2014/04/23,0,101000,-941483,-840483
2014/04/24,0,158000,-672000,-514000
2014/04/25,0,264000,-744000,-480000
2014/04/28,0,502000,-1105000,-603000
2014/04/29,0,253000,-652000,-399000
2014/04/30,0,695000,-1463000,-768000
2014/05/02,0,121000,-410000,-289000
2014/05/05,0,181000,-139000,42000
2014/05/06,0,59000,-220000,-161000
2014/05/07,0,670000,-408000,262000
2014/05/08,0,196000,-532000,-336000
2014/05/09,0,186000,-1044000,-858000
2014/05/12,0,659000,-191000,468000
2014/05/13,0,823000,-190000,633000
2014/05/14,0,1044000,-879000,165000
2014/05/15,0,941000,-137000,804000
2014/05/16,0,2134634,-242000,1892634
2014/05/19,0,1350000,-279440,1070560
2014/05/20,0,691000,-328081,362919
2014/05/21,0,626000,-280565,345435
2014/05/22,0,974000,-290000,684000
2014/05/23,0,766000,-219000,547000
2014/05/26,0,194000,-104000,90000
2014/05/27,0,237000,-230000,7000
2014/05/28,0,945000,-776060,168940
2014/05/29,0,315000,-151000,164000
2014/05/30,0,1478700,-1599664,-120964
2014/06/03,0,516000,-2031129,-1515129
2014/06/04,0,196000,-2265000,-2069000
2014/06/05,0,355961,-1184900,-828939
2014/06/06,0,150000,-709000,-559000
2014/06/09,0,271000,-605000,-334000
2014/06/10,0,861062,-297000,564062
2014/06/11,0,700822,-769000,-68178
2014/06/12,0,416000,-365000,51000
2014/06/13,0,235000,-437134,-202134
2014/06/16,0,255000,-195000,60000
2014/06/17,0,396000,-179000,217000
2014/06/18,0,1440000,-561200,878800
2014/06/19,0,628061,-228200,399861
2014/06/20,0,568000,-180287,387713
2014/06/23,0,473000,-294530,178470
2014/06/24,0,423000,-160175,262825
2014/06/25,0,598000,-505841,92159
2014/06/26,0,475872,-230000,245872
2014/06/27,0,140000,-650000,-510000
2014/06/30,0,597000,-1107160,-510160
2014/07/01,0,749000,-238000,511000
2014/07/02,0,492000,-261000,231000
2014/07/03,0,324000,-269000,55000
2014/07/04,0,168718,-220000,-51282
2014/07/07,0,289000,-242000,47000
2014/07/08,0,310682,-939000,-628318
2014/07/09,0,276000,-86000,190000
2014/07/10,0,292000,-818000,-526000
2014/07/11,0,351000,-329000,22000
2014/07/14,0,411000,-320000,91000
2014/07/15,0,354185,-840000,-485815
2014/07/16,0,447000,-457000,-10000
2014/07/17,0,631508,-960000,-328492
2014/07/18,0,851000,-962000,-111000
2014/07/21,0,724000,-193339,530661
2014/07/22,0,1274000,-443000,831000
2014/07/23,0,0,0,0
2014/07/24,0,1028000,-594000,434000
2014/07/25,0,1450000,-1708000,-258000
2014/07/28,0,1133000,-130000,1003000
2014/07/29,0,1446000,-225555,1220445
2014/07/30,0,2074000,-716000,1358000
2014/07/31,0,1150000,-2139000,-989000
2014/08/01,0,507000,-489000,18000
2014/08/04,0,498000,-927000,-429000
2014/08/05,0,351000,-1101568,-750568
2014/08/06,0,248000,-505370,-257370
2014/08/07,0,220012,-397250,-177238
2014/08/08,0,655000,-325600,329400
2014/08/11,0,51000,-861000,-810000
2014/08/12,0,447000,-714950,-267950
2014/08/13,0,1555000,-245000,1310000
2014/08/14,0,214000,-452000,-238000
2014/08/15,0,185400,-405000,-219600
2014/08/18,0,336000,-1028000,-692000
2014/08/19,0,496795,-873000,-376205
2014/08/20,0,394795,-703000,-308205
2014/08/21,0,385000,-1082000,-697000
2014/08/22,0,1078383,-731000,347383
2014/08/25,0,174000,-668000,-494000
2014/08/26,0,344532,-228000,116532
2014/08/27,0,904000,-592000,312000
2014/08/28,0,309000,-305000,4000
2014/08/29,0,472000,-1074000,-602000
2014/09/01,0,297000,-340000,-43000
2014/09/02,0,170000,-391000,-221000
2014/09/03,0,323137,-1237270,-914133
2014/09/04,0,350000,-1037640,-687640
2014/09/05,0,323000,-390000,-67000
2014/09/09,0,359000,-89000,270000
2014/09/10,0,309000,-946000,-637000
2014/09/11,0,281000,-841000,-560000
2014/09/12,0,175791,-776000,-600209
2014/09/15,0,636000,-922000,-286000
2014/09/16,0,623000,-1068000,-445000
2014/09/17,0,924000,-914000,10000
2014/09/18,0,771000,-1512252,-741252
2014/09/19,0,1384754,-1625943,-241189
2014/09/22,0,1144000,-2351000,-1207000
2014/09/23,0,286000,-1221000,-935000
2014/09/24,0,614000,-848000,-234000
2014/09/25,0,1373000,-1776000,-403000
2014/09/26,0,329000,-577000,-248000
2014/09/29,0,876000,-1767000,-891000
2014/09/30,0,951000,-1169549,-218549
2014/10/01,0,81110,-1633000,-1551890
2014/10/02,0,155000,-1575000,-1420000
2014/10/03,0,845000,-1285000,-440000
2014/10/06,0,1111100,-1470000,-358900
2014/10/07,0,1311000,-1375000,-64000
2014/10/08,0,2557000,-1253100,1303900
2014/10/09,0,1321000,-805000,516000
2014/10/13,0,583000,-622000,-39000
2014/10/14,0,782538,-658400,124138
2014/10/15,0,874000,-1093000,-219000
2014/10/16,0,889000,-1004000,-115000
2014/10/17,0,4197000,-4511000,-314000
2014/10/20,0,441000,-548200,-107200
2014/10/21,0,355000,-603000,-248000
2014/10/22,0,394000,-412000,-18000
2014/10/23,0,1104000,-554000,550000
2014/10/24,0,583000,-724000,-141000
2014/10/27,0,498000,-220000,278000
2014/10/28,0,1442000,-217000,1225000
2014/10/29,0,1356000,-475000,881000
2014/10/30,0,2045457,-157000,1888457
2014/10/31,0,933000,-868000,65000
2014/11/03,0,613410,-552000,61410
2014/11/04,0,435000,-227000,208000
2014/11/05,0,1215000,-302000,913000
2014/11/06,0,545000,-197000,348000
2014/11/07,0,1598220,-706000,892220
2014/11/10,0,759000,-434000,325000
2014/11/11,0,739000,-280000,459000
2014/11/12,0,474000,-950000,-476000
2014/11/13,0,297000,-208000,89000
2014/11/14,0,760000,-1123000,-363000
2014/11/17,0,604000,-1217255,-613255
2014/11/18,0,1215000,-1174000,41000
2014/11/19,0,1251000,-1229000,22000
2014/11/20,0,337000,-415000,-78000
2014/11/21,0,495000,-599000,-104000
2014/11/24,0,376000,-664000,-288000
2014/11/25,0,1275823,-1176000,99823
2014/11/26,0,344000,-858000,-514000
2014/11/27,0,311000,-702000,-391000
2014/11/28,0,307000,-712000,-405000
2014/12/01,0,225000,-1902000,-1677000
2014/12/02,0,638500,-2079000,-1440500
2014/12/03,0,741317,-1336000,-594683
2014/12/04,0,616000,-673000,-57000
2014/12/05,0,201000,-718000,-517000
2014/12/08,0,268000,-648000,-380000
2014/12/09,0,461000,-486000,-25000
2014/12/10,0,221000,-622000,-401000
2014/12/11,0,341000,-735543,-394543
2014/12/12,0,491000,-980000,-489000
2014/12/15,0,245000,-1049000,-804000
2014/12/16,0,289097,-1165000,-875903
2014/12/17,0,681000,-2191185,-1510185
2014/12/18,0,755000,-1049000,-294000
2014/12/19,0,1139000,-733634,405366
2014/12/22,0,766000,-831000,-65000
2014/12/23,0,320000,-353700,-33700
2014/12/24,0,493000,-264000,229000
2014/12/25,0,675000,-90000,585000
2014/12/26,0,400000,-133000,267000
2014/12/29,0,785000,-794000,-9000
2014/12/30,0,1079000,-1040000,39000
2014/12/31,0,527000,-147800,379200
2015/01/01,0,0,0,0
2015/01/02,0,0,0,0
2015/01/05,0,287000,-665000,-378000
2015/01/06,0,933000,-1224000,-291000
2015/01/07,0,341000,-811000,-470000
2015/01/08,0,448000,-364000,84000
2015/01/09,0,122000,-524000,-402000
2015/01/12,0,511000,-573366,-62366
2015/01/13,0,605000,-751000,-146000
2015/01/14,0,347000,-741000,-394000
2015/01/15,0,198000,-1139000,-941000
2015/01/16,0,498000,-831984,-333984
2015/01/19,0,252000,-319000,-67000
2015/01/20,0,339000,-550000,-211000
2015/01/21,0,600000,-810000,-210000
2015/01/22,0,528389,-438000,90389
2015/01/23,0,861000,-244000,617000
2015/01/26,0,263000,-500000,-237000
2015/01/27,0,363000,-464000,-101000
2015/01/28,0,479000,-203000,276000
2015/01/29,0,296000,-360000,-64000
2015/01/30,0,316000,-411860,-95860
2015/02/02,0,547000,-282000,265000
2015/02/03,0,484000,-554000,-70000
2015/02/04,0,635000,-263000,372000
2015/02/05,0,377000,-197400,179600
2015/02/06,0,862000,-131000,731000
2015/02/09,0,818000,-728000,90000
2015/02/10,0,624000,-316000,308000
2015/02/11,0,454509,-300000,154509
2015/02/12,0,547000,-715000,-168000
2015/02/13,0,217000,-203000,14000
2015/02/16,0,0,0,0
2015/02/17,0,0,0,0
2015/02/18,0,0,0,0
2015/02/19,0,0,0,0
2015/02/20,0,0,0,0
2015/02/23,0,0,0,0
2015/02/24,0,1042000,-473169,568831
2015/02/25,0,354000,-403000,-49000
2015/02/26,0,1187000,-1158932,28068
2015/02/27,0,0,0,0
2015/03/02,0,848000,-1038000,-190000
2015/03/03,0,146130,-1154000,-1007870
2015/03/04,0,165000,-377000,-212000
2015/03/05,0,215000,-534000,-319000
2015/03/06,0,521000,-1020000,-499000
2015/03/09,0,225000,-1322000,-1097000
2015/03/10,0,174949,-625000,-450051
2015/03/11,0,201100,-813000,-611900
2015/03/12,0,888000,-326000,562000
2015/03/13,0,491000,-245000,246000
2015/03/16,0,1257000,-380333,876667
2015/03/17,0,1158000,-545000,613000
2015/03/18,0,1656166,-238000,1418166
2015/03/19,0,2058000,-760000,1298000
2015/03/20,0,1536000,-1082305,453695
2015/03/23,0,581000,-150000,431000
2015/03/24,0,428000,-296000,132000
2015/03/25,0,452000,-59000,393000
2015/03/26,0,1559000,-138000,1421000
2015/03/27,0,754000,-637000,117000
2015/03/30,0,661000,-1199000,-538000
2015/03/31,0,846000,-1057000,-211000
2015/04/01,0,1152000,-1523000,-371000
2015/04/02,0,1628000,-1342951,285049
2015/04/03,0,0,0,0
2015/04/06,0,0,0,0
2015/04/07,0,1180000,-2056000,-876000
2015/04/08,0,1367000,-2018000,-651000
2015/04/09,0,1418000,-1158000,260000
2015/04/10,0,784000,-552000,232000
2015/04/13,0,554000,-476000,78000
2015/04/14,0,378000,-459000,-81000
2015/04/15,0,1201000,-1270000,-69000
2015/04/16,0,850000,-696000,154000
2015/04/17,0,896130,-966388,-70258
2015/04/20,0,965618,-902000,63618
2015/04/21,0,635000,-463000,172000
2015/04/22,0,1228000,-1019000,209000
2015/04/23,0,1346000,-1259507,86493
2015/04/24,0,1315000,-749500,565500
2015/04/27,0,1279000,-2037000,-758000
2015/04/28,0,1951000,-591000,1360000
2015/04/29,0,865000,-380000,485000
2015/04/30,0,1213000,-796960,416040
2015/05/01,0,0,0,0
2015/05/04,0,562000,-194000,368000
2015/05/05,0,1498000,-209000,1289000
2015/05/06,0,1143073,-803000,340073
2015/05/07,0,753000,-1508000,-755000
2015/05/08,0,718000,-541000,177000
2015/05/11,0,561000,-430930,130070
2015/05/12,0,1375000,-521000,854000
2015/05/13,0,998872,-1092000,-93128
2015/05/14,0,2327000,-1556000,771000
2015/05/15,0,823000,-813856,9144
2015/05/18,0,291000,-775000,-484000
2015/05/19,0,195000,-741000,-546000
2015/05/20,0,1563000,-1482500,80500
2015/05/21,0,1074000,-2687472,-1613472
2015/05/22,0,1045000,-429000,616000
2015/05/25,0,799000,-638000,161000
2015/05/26,0,809000,-696000,113000
2015/05/27,0,1303000,-2158000,-855000
2015/05/28,0,1227072,-1438130,-211058
2015/05/29,0,3395500,-3310567,84933
2015/06/01,0,773000,-3243588,-2470588
2015/06/02,0,646000,-1573000,-927000
2015/06/03,0,1171000,-752000,419000
2015/06/04,0,898000,-1853000,-955000
2015/06/05,0,501000,-1198000,-697000
2015/06/08,0,1759830,-1558183,201647
2015/06/09,0,497000,-1308655,-811655
2015/06/10,0,245000,-1297000,-1052000
2015/06/11,0,596000,-1173000,-577000
2015/06/12,0,184000,-1128000,-944000
2015/06/15,0,97000,-961000,-864000
2015/06/16,0,55599,-801000,-745401
2015/06/17,0,381000,-1286560,-905560
2015/06/18,0,695000,-1260367,-565367
2015/06/19,0,0,0,0
2015/06/22,0,358000,-501984,-143984
2015/06/23,0,292855,-753000,-460145
2015/06/24,0,252128,-454000,-201872
2015/06/25,0,864983,-550000,314983
2015/06/26,0,426000,-453000,-27000
2015/06/29,0,173000,-659000,-486000
2015/06/30,0,1182000,-455988,726012
2015/07/01,0,993000,-350000,643000
2015/07/02,0,785000,-359000,426000
2015/07/03,0,574000,-488000,86000
2015/07/06,0,546000,-331000,215000
2015/07/07,0,1600000,-286000,1314000
2015/07/08,0,1172000,-1177000,-5000
2015/07/09,0,876000,-2065000,-1189000
2015/07/10,0,0,0,0
2015/07/13,0,843530,-1225371,-381841
2015/07/14,0,920000,-597000,323000
2015/07/15,0,477000,-263824,213176
2015/07/16,0,436000,-333000,103000
2015/07/17,0,377000,-439000,-62000
2015/07/20,0,218000,-492000,-274000
2015/07/21,0,580000,-410000,170000
2015/07/22,0,335000,-482000,-147000
2015/07/23,0,390000,-648000,-258000
2015/07/24,0,126000,-403000,-277000
2015/07/27,0,257000,-562000,-305000
2015/07/28,0,896000,-766000,130000
2015/07/29,0,1195000,-1144000,51000
2015/07/30,0,1510000,-494000,1016000
2015/07/31,0,1340603,-649000,691603
2015/08/03,0,839000,-751000,88000
2015/08/04,0,1165000,-290000,875000
2015/08/05,0,478000,-265000,213000
2015/08/06,0,546000,-433000,113000
2015/08/07,0,1074000,-788000,286000
2015/08/10,0,218000,-640000,-422000
2015/08/11,0,533076,-1064000,-530924
2015/08/12,0,529000,-921000,-392000
2015/08/13,0,989000,-906263,82737
2015/08/14,0,737370,-474000,263370
2015/08/17,0,1872356,-363000,1509356
2015/08/18,0,1516000,-820000,696000
2015/08/19,0,1376000,-1373000,3000
2015/08/20,0,990000,-2049000,-1059000
2015/08/21,0,2404000,-3580000,-1176000
2015/08/24,0,2651000,-1390000,1261000
2015/08/25,0,926000,-1501032,-575032
2015/08/26,0,1149000,-1233388,-84388
2015/08/27,0,1550000,-1834000,-284000
2015/08/28,0,1985000,-1632080,352920
2015/08/31,0,3685005,-2416000,1269005
2015/09/01,0,1484000,-2706000,-1222000
2015/09/02,0,1825000,-1868983,-43983
2015/09/03,0,151000,-968000,-817000
2015/09/04,0,414792,-813582,-398790
2015/09/07,0,213000,-519000,-306000
2015/09/08,0,228000,-773000,-545000
2015/09/09,0,2387131,-765000,1622131
2015/09/10,0,1178000,-584000,594000
2015/09/11,0,45000,-602753,-557753
2015/09/14,0,264000,-388000,-124000
2015/09/15,0,321000,-1229000,-908000
2015/09/16,0,440000,-596048,-156048
2015/09/17,0,882000,-829000,53000
2015/09/18,0,964000,-839730,124270
2015/09/21,0,286000,-787032,-501032
2015/09/22,0,86000,-351164,-265164
2015/09/23,0,93000,-1386255,-1293255
2015/09/24,0,827500,-1631000,-803500
2015/09/25,0,177000,-1350000,-1173000
2015/09/28,0,0,0,0
2015/09/29,0,0,0,0
2015/09/30,0,2071653,-1960000,111653
2015/10/01,0,1090351,-1980429,-890078
2015/10/02,0,948000,-783000,165000
2015/10/05,0,1028000,-544000,484000
2015/10/06,0,1175000,-1522007,-347007
2015/10/07,0,1415000,-589000,826000
2015/10/08,0,654000,-1110000,-456000
2015/10/09,0,0,0,0
2015/10/12,0,1201000,-565000,636000
2015/10/13,0,1092000,-996252,95748
2015/10/14,0,441000,-290000,151000
2015/10/15,0,2088000,-1844000,244000
2015/10/16,0,1390000,-890000,500000
2015/10/19,0,513000,-713000,-200000
2015/10/20,0,1522000,-751000,771000
2015/10/21,0,858000,-1249000,-391000
2015/10/22,0,856000,-577000,279000
2015/10/23,0,1155000,-620000,535000
2015/10/26,0,568000,-387000,181000
2015/10/27,0,598000,-595000,3000
2015/10/28,0,323000,-1032336,-709336
2015/10/29,0,401000,-1178846,-777846
2015/10/30,0,603000,-904000,-301000
2015/11/02,0,498000,-589000,-91000
2015/11/03,0,905000,-1188596,-283596
2015/11/04,0,1958000,-413774,1544226
2015/11/05,0,631000,-273000,358000
2015/11/06,0,344000,-1420000,-1076000
2015/11/09,0,186000,-463000,-277000
2015/11/10,0,462000,-925000,-463000
2015/11/11,0,304000,-919000,-615000
2015/11/12,0,354000,-565000,-211000
2015/11/13,0,430000,-811000,-381000
2015/11/16,0,1063000,-756000,307000
2015/11/17,0,495000,-564000,-69000
2015/11/18,0,864000,-1095000,-231000
2015/11/19,0,408000,-560000,-152000
2015/11/20,0,371000,-725700,-354700
2015/11/23,0,469000,-256000,213000
2015/11/24,0,661000,-383503,277497
2015/11/25,0,628000,-426000,202000
2015/11/26,0,1449000,-181000,1268000
2015/11/27,0,612000,-691000,-79000
2015/11/30,0,3822782,-6871126,-3048344
2015/12/01,0,1393000,-748970,644030
2015/12/02,0,1005000,-485000,520000
2015/12/03,0,289000,-341481,-52481
2015/12/04,0,606000,-820000,-214000
2015/12/07,0,815000,-220000,595000
2015/12/08,0,768000,-2153712,-1385712
2015/12/09,0,429000,-1047000,-618000
2015/12/10,0,750000,-1256339,-506339
2015/12/11,0,727000,-1134000,-407000
2015/12/14,0,410000,-322174,87826
2015/12/15,0,597000,-991517,-394517
2015/12/16,0,1332000,-744000,588000
2015/12/17,0,601000,-563000,38000
2015/12/18,0,4721653,-5399000,-677347
2015/12/21,0,2637780,-309000,2328780
2015/12/22,0,2198695,-698301,1500394
2015/12/23,0,888000,-265000,623000
2015/12/24,0,983000,-345000,638000
2015/12/25,0,749000,-95000,654000
2015/12/28,0,763992,-604000,159992
2015/12/29,0,1042000,-551700,490300
2015/12/30,0,392000,-818108,-426108
2015/12/31,0,920000,-127000,793000
2016/01/01,0,0,0,0
2016/01/04,0,695128,-1413000,-717872
2016/01/05,0,2259048,-281000,1978048
2016/01/06,0,1361475,-917718,443757
2016/01/07,0,968677,-1042740,-74063
2016/01/08,0,1141000,-908252,232748
2016/01/11,0,527000,-1100000,-573000
2016/01/12,0,1705000,-621000,1084000
2016/01/13,0,1262000,-515827,746173
2016/01/14,0,567000,-538000,29000
2016/01/15,0,984000,-1362243,-378243
2016/01/18,0,1139000,-667000,472000
2016/01/19,0,490000,-413371,76629
2016/01/20,0,1061000,-1079000,-18000
2016/01/21,0,841302,-779000,62302
2016/01/22,0,800000,-539000,261000
2016/01/25,0,692000,-251656,440344
2016/01/26,0,518000,-557000,-39000
2016/01/27,0,620000,-560872,59128
2016/01/28,0,1444500,-897241,547259
2016/01/29,0,2062596,-2043000,19596
2016/02/01,0,851701,-513000,338701
2016/02/02,0,2367000,-519592,1847408
2016/02/03,0,1206980,-1284815,-77835
2016/02/04,0,0,0,0
2016/02/05,0,0,0,0
2016/02/08,0,0,0,0
2016/02/09,0,0,0,0
2016/02/10,0,0,0,0
2016/02/11,0,0,0,0
2016/02/12,0,0,0,0
2016/02/15,0,1654000,-820513,833487
2016/02/16,0,1209500,-752527,456973
2016/02/17,0,941000,-344000,597000
2016/02/18,0,1791000,-549000,1242000
2016/02/19,0,757500,-223092,534408
2016/02/22,0,827000,-465664,361336
2016/02/23,0,1067868,-310664,757204
2016/02/24,0,1210000,-230000,980000
2016/02/25,0,1147700,-146000,1001700
2016/02/26,0,1153000,-404909,748091
2016/02/29,0,0,0,0
2016/03/01,0,1893782,-761694,1132088
2016/03/02,0,915000,-987000,-72000
2016/03/03,0,2330760,-579000,1751760
2016/03/04,0,998000,-477500,520500
2016/03/07,0,1491000,-1119000,372000
2016/03/08,0,1759000,-927000,832000
2016/03/09,0,2134000,-562563,1571437
2016/03/10,0,2780000,-542000,2238000
2016/03/11,0,2222000,-976000,1246000
2016/03/14,0,1144000,-563000,581000
2016/03/15,0,3294000,-384000,2910000
2016/03/16,0,1569000,-577000,992000
2016/03/17,0,2222000,-861000,1361000
2016/03/18,0,2469000,-1024238,1444762
2016/03/21,0,1088000,-161000,927000
2016/03/22,0,2199457,-1047457,1152000
2016/03/23,0,2221000,-1023400,1197600
2016/03/24,0,563000,-181000,382000
2016/03/25,0,189000,-262000,-73000
2016/03/28,0,325000,-180000,145000
2016/03/29,0,1617000,-227000,1390000
2016/03/30,0,1826000,-846000,980000
2016/03/31,0,3183000,-1680965,1502035
2016/04/01,0,1126000,-3345000,-2219000
2016/04/04,0,0,0,0
2016/04/05,0,0,0,0
2016/04/06,0,3760700,-1971430,1789270
2016/04/07,0,967000,-1922000,-955000
2016/04/08,0,1897000,-1429000,468000
2016/04/11,0,604000,-289400,314600
2016/04/12,0,940907,-889000,51907
2016/04/13,0,1647465,-1302000,345465
2016/04/14,0,1177000,-1699097,-522097
2016/04/15,0,1540404,-1473000,67404
2016/04/18,0,1000000,-1149000,-149000
2016/04/19,0,715417,-1730000,-1014583
2016/04/20,0,1259394,-1920000,-660606
2016/04/21,0,998000,-1564000,-566000
2016/04/22,0,1115000,-525000,590000
2016/04/25,0,563556,-922000,-358444
2016/04/26,0,1136886,-1299816,-162930
2016/04/27,0,1339000,-1340000,-1000
2016/04/28,0,1299682,-1991000,-691318
2016/04/29,0,1113000,-1326000,-213000
2016/05/02,0,0,0,0
2016/05/03,0,543000,-1388000,-845000
2016/05/04,0,525000,-2142540,-1617540
2016/05/05,0,636000,-1434000,-798000
2016/05/06,0,701000,-1673000,-972000
2016/05/09,0,605000,-1276000,-671000
2016/05/10,0,336000,-617000,-281000
2016/05/11,0,921000,-1430000,-509000
2016/05/12,0,387000,-463000,-76000
2016/05/13,0,945139,-2758000,-1812861
2016/05/16,0,425000,-1562000,-1137000
2016/05/17,0,516278,-1336000,-819722
2016/05/18,0,1238000,-1668000,-430000
2016/05/19,0,349000,-2495000,-2146000
2016/05/20,0,464000,-1171081,-707081
2016/05/23,0,1310239,-856000,454239
2016/05/24,0,424000,-757000,-333000
2016/05/25,0,986000,-1039000,-53000
2016/05/26,0,346000,-680000,-334000
2016/05/27,0,1035000,-621000,414000
2016/05/30,0,789300,-363000,426300
2016/05/31,0,5540000,-5421177,118823
2016/06/01,0,597000,-795000,-198000
2016/06/02,0,762000,-585000,177000
2016/06/03,0,1147000,-1406371,-259371
2016/06/06,0,730000,-492000,238000
2016/06/07,0,1333000,-633000,700000
2016/06/08,0,1123000,-918650,204350
2016/06/09,0,0,0,0
2016/06/10,0,0,0,0
2016/06/13,0,1245000,-1012000,233000
2016/06/14,0,668000,-661000,7000
2016/06/15,0,895000,-581500,313500
2016/06/16,0,1082000,-1588650,-506650
2016/06/17,0,1989588,-1411864,577724
2016/06/20,0,693000,-399000,294000
2016/06/21,0,1051000,-1004000,47000
2016/06/22,0,1107286,-647000,460286
2016/06/23,0,573000,-434000,139000
2016/06/24,0,343000,-1480000,-1137000
2016/06/27,0,124000,-350000,-226000
2016/06/28,0,247000,-385000,-138000
2016/06/29,0,326000,-543000,-217000
2016/06/30,0,1355000,-1047836,307164
2016/07/01,0,969000,-436000,533000
2016/07/04,0,398000,-109000,289000
2016/07/05,0,200000,-184000,16000
2016/07/06,0,287000,-1070000,-783000
2016/07/07,0,97000,-306000,-209000
2016/07/08,0,0,0,0
2016/07/11,0,1396955,-750000,646955
2016/07/12,0,1165169,-468846,696323
2016/07/13,0,1878000,-561000,1317000
2016/07/14,0,527000,-239000,288000
2016/07/15,0,1159000,-673000,486000
2016/07/18,0,672831,-392000,280831
2016/07/19,0,1367000,-253000,1114000
2016/07/20,0,1154000,-330000,824000
2016/07/21,0,971000,-727000,244000
2016/07/22,0,526000,-337000,189000
2016/07/25,0,514000,-295000,219000
2016/07/26,0,917000,-318000,599000
2016/07/27,0,545374,-276000,269374
2016/07/28,0,714187,-514000,200187
2016/07/29,0,493000,-363000,130000
2016/08/01,0,974257,-578084,396173
2016/08/02,0,599100,-509000,90100
2016/08/03,0,444000,-276000,168000
2016/08/04,0,351060,-199000,152060
2016/08/05,0,766400,-109000,657400
2016/08/08,0,533000,-356000,177000
2016/08/09,0,571000,-113000,458000
2016/08/10,0,1739000,-390000,1349000
2016/08/11,0,651000,-664537,-13537
2016/08/12,0,923000,-399100,523900
2016/08/15,0,624748,-327000,297748
2016/08/16,0,1025000,-815879,209121
2016/08/17,0,579342,-379000,200342
2016/08/18,0,312500,-434743,-122243
2016/08/19,0,267933,-724000,-456067
2016/08/22,0,151000,-446000,-295000
2016/08/23,0,445374,-776000,-330626
2016/08/24,0,230187,-455000,-224813
2016/08/25,0,586000,-320000,266000
2016/08/26,0,480955,-264000,216955
2016/08/29,0,296000,-394000,-98000
2016/08/30,0,350000,-424000,-74000
2016/08/31,0,732795,-1486000,-753205
2016/09/01,0,324000,-566374,-242374
2016/09/02,0,375000,-250000,125000
2016/09/05,0,302000,-250000,52000
2016/09/06,0,1638000,-846000,792000
2016/09/07,0,631460,-651000,-19540
2016/09/08,0,1044846,-150000,894846
2016/09/09,0,214000,-952000,-738000
2016/09/12,0,122000,-959000,-837000
2016/09/13,0,576000,-1449000,-873000
2016/09/14,0,390670,-1153000,-762330
2016/09/15,0,0,0,0
2016/09/16,0,0,0,0
2016/09/19,0,407262,-748301,-341039
2016/09/20,0,106000,-156723,-50723
2016/09/21,0,633359,-335000,298359
2016/09/22,0,304000,-248000,56000
2016/09/23,0,991000,-1385000,-394000
2016/09/26,0,420594,-172000,248594
2016/09/27,0,0,0,0
2016/09/28,0,0,0,0
2016/09/29,0,1102000,-425276,676724
2016/09/30,0,536000,-1312896,-776896
2016/10/03,0,217674,-145000,72674
2016/10/04,0,580000,-435960,144040
2016/10/05,0,302000,-411000,-109000
2016/10/06,0,422234,-238000,184234
2016/10/07,0,471000,-541000,-70000
2016/10/10,0,0,0,0
2016/10/11,0,270000,-514000,-244000
2016/10/12,0,247000,-544035,-297035
2016/10/13,0,604000,-718000,-114000
2016/10/14,0,258000,-196000,62000
2016/10/17,0,356000,-596600,-240600
2016/10/18,0,1354000,-175000,1179000
2016/10/19,0,715000,-115000,600000
2016/10/20,0,493160,-173000,320160
2016/10/21,0,608000,-360000,248000
2016/10/24,0,110000,-102000,8000
2016/10/25,0,171269,-336000,-164731
2016/10/26,0,154000,-387000,-233000
2016/10/27,0,185600,-342000,-156400
2016/10/28,0,430000,-302000,128000
2016/10/31,0,294800,-458000,-163200
2016/11/01,0,347000,-408000,-61000
2016/11/02,0,331300,-361000,-29700
2016/11/03,0,286000,-255000,31000
2016/11/04,0,303000,-441000,-138000
2016/11/07,0,213000,-442000,-229000
2016/11/08,0,287300,-192000,95300
2016/11/09,0,296000,-967000,-671000
2016/11/10,0,325000,-418000,-93000
2016/11/11,0,211617,-1049565,-837948
2016/11/14,0,316117,-881000,-564883
2016/11/15,0,291000,-748000,-457000
2016/11/16,0,86000,-870000,-784000
2016/11/17,0,456474,-861000,-404526
2016/11/18,0,168000,-1139000,-971000
2016/11/21,0,95000,-756420,-661420
2016/11/22,0,511000,-892871,-381871
2016/11/23,0,337000,-628359,-291359
2016/11/24,0,282000,-678000,-396000
2016/11/25,0,367000,-181000,186000
2016/11/28,0,1068000,-687000,381000
2016/11/29,0,469000,-735934,-266934
2016/11/30,0,2396700,-3068187,-671487
2016/12/01,0,843911,-1252400,-408489
2016/12/02,0,500000,-798000,-298000
2016/12/05,0,207000,-696171,-489171
2016/12/06,0,733000,-925000,-192000
2016/12/07,0,262000,-385000,-123000
2016/12/08,0,1665000,-463000,1202000
2016/12/09,0,584800,-370809,213991
2016/12/12,0,427000,-257821,169179
2016/12/13,0,794220,-232860,561360
2016/12/14,0,560400,-308000,252400
2016/12/15,0,604000,-695000,-91000
2016/12/16,0,829000,-729044,99956
2016/12/19,0,96000,-182000,-86000
2016/12/20,0,257108,-317000,-59892
2016/12/21,0,117000,-390000,-273000
2016/12/22,0,275580,-526000,-250420
2016/12/23,0,261000,-713000,-452000
2016/12/26,0,38000,-102000,-64000
2016/12/27,0,26000,-134000,-108000
2016/12/28,0,176000,-206000,-30000
2016/12/29,0,285537,-461146,-175609
2016/12/30,0,813000,-501000,312000
2017/01/02,0,0,0,0
2017/01/03,0,99000,-28000,71000
2017/01/04,0,669000,-429000,240000
2017/01/05,0,625700,-525500,100200
2017/01/06,0,561000,-244000,317000
2017/01/09,0,585000,-462000,123000
2017/01/10,0,402000,-178000,224000
2017/01/11,0,780200,-199000,581200
2017/01/12,0,865000,-429000,436000
2017/01/13,0,659900,-335000,324900
2017/01/16,0,358000,-570000,-212000
2017/01/17,0,293200,-331000,-37800
2017/01/18,0,450000,-558376,-108376
2017/01/19,0,672000,-829111,-157111
2017/01/20,0,582600,-767809,-185209
2017/01/23,0,819000,-374651,444349
2017/01/24,0,746000,-691883,54117
2017/01/25,0,0,0,0
2017/01/26,0,0,0,0
2017/01/27,0,0,0,0
2017/01/30,0,0,0,0
2017/01/31,0,0,0,0
2017/02/01,0,0,0,0
2017/02/02,0,1166796,-1330092,-163296
2017/02/03,0,1170300,-795300,375000
2017/02/06,0,1047000,-988000,59000
2017/02/07,0,874140,-320000,554140
2017/02/08,0,551560,-761000,-209440
2017/02/09,0,368150,-512000,-143850
2017/02/10,0,1562843,-798000,764843
2017/02/13,0,372600,-217101,155499
2017/02/14,0,1032000,-907755,124245
2017/02/15,0,1119000,-685000,434000
2017/02/16,0,415000,-590000,-175000
2017/02/17,0,569000,-557000,12000
2017/02/20,0,543589,-536000,7589
2017/02/21,0,339000,-311000,28000
2017/02/22,0,423070,-332000,91070
2017/02/23,0,240000,-265000,-25000
2017/02/24,0,391528,-673000,-281472
2017/02/27,0,0,0,0
2017/02/28,0,0,0,0
2017/03/01,0,488500,-793761,-305261
2017/03/02,0,537654,-594400,-56746
2017/03/03,0,523000,-664334,-141334
2017/03/06,0,263950,-519800,-255850
2017/03/07,0,94000,-179009,-85009
2017/03/08,0,245000,-487700,-242700
2017/03/09,0,382000,-1317000,-935000
2017/03/10,0,95001,-555000,-459999
2017/03/13,0,157400,-324000,-166600
2017/03/14,0,227243,-322900,-95657
2017/03/15,0,95000,-354700,-259700
2017/03/16,0,488000,-598213,-110213
2017/03/17,0,1163255,-915718,247537
2017/03/20,0,160132,-369000,-208868
2017/03/21,0,508200,-260589,247611
2017/03/22,0,440656,-503612,-62956
2017/03/23,0,323133,-228117,95016
2017/03/24,0,390641,-246500,144141
2017/03/27,0,546000,-322000,224000
2017/03/28,0,971000,-757000,214000
2017/03/29,0,345801,-590000,-244199
2017/03/30,0,372000,-834000,-462000
2017/03/31,0,469000,-500000,-31000
2017/04/03,0,0,0,0
2017/04/04,0,0,0,0
2017/04/05,0,817822,-806000,11822
2017/04/06,0,392000,-554000,-162000
2017/04/07,0,392343,-1057000,-664657
2017/04/10,0,313000,-302000,11000
2017/04/11,0,385000,-544000,-159000
2017/04/12,0,305000,-856000,-551000
2017/04/13,0,298098,-236000,62098
2017/04/14,0,115000,-354000,-239000
2017/04/17,0,129000,-262000,-133000
2017/04/18,0,149000,-492500,-343500
2017/04/19,0,794000,-1068400,-274400
2017/04/20,0,411000,-797000,-386000
2017/04/21,0,342000,-743563,-401563
2017/04/24,0,288000,-162000,126000
2017/04/25,0,489000,-216000,273000
2017/04/26,0,623000,-330000,293000
2017/04/27,0,376000,-258000,118000
2017/04/28,0,209000,-679000,-470000
2017/05/01,0,0,0,0
2017/05/02,0,670000,-674000,-4000
2017/05/03,0,156000,-57300,98700
2017/05/04,0,399400,-223000,176400
2017/05/05,0,159200,-108000,51200
2017/05/08,0,200000,-290000,-90000
2017/05/09,0,239300,-821000,-581700
2017/05/10,0,581200,-2079000,-1497800
2017/05/11,0,393600,-353000,40600
2017/05/12,0,296000,-314000,-18000
2017/05/15,0,426700,-509000,-82300
2017/05/16,0,516000,-777000,-261000
2017/05/17,0,662000,-522632,139368
2017/05/18,0,499200,-202000,297200
2017/05/19,0,89000,-248000,-159000
2017/05/22,0,218500,-459500,-241000
2017/05/23,0,337000,-499000,-162000
2017/05/24,0,258000,-174000,84000
2017/05/25,0,298000,-159237,138763
2017/05/26,0,0,0,0
2017/05/29,0,0,0,0
2017/05/30,0,0,0,0
2017/05/31,0,2249490,-2912118,-662628
2017/06/01,0,373000,-280000,93000
2017/06/02,0,429000,-271000,158000
2017/06/05,0,492000,-414000,78000
2017/06/06,0,372504,-483000,-110496
2017/06/07,0,152000,-209000,-57000
2017/06/08,0,119000,-373000,-254000
2017/06/09,0,207000,-399357,-192357
2017/06/12,0,46000,-502000,-456000
2017/06/13,0,216000,-197000,19000
2017/06/14,0,126000,-501700,-375700
2017/06/15,0,110000,-191000,-81000
2017/06/16,0,613000,-1244253,-631253
2017/06/19,0,285600,-340000,-54400
2017/06/20,0,113000,-65000,48000
2017/06/21,0,416000,-453067,-37067
2017/06/22,0,180000,-273000,-93000
2017/06/23,0,195000,-269267,-74267
2017/06/26,0,760000,-123500,636500
2017/06/27,0,434000,-167000,267000
2017/06/28,0,672183,-438000,234183
2017/06/29,0,436000,-214000,222000
2017/06/30,0,250000,-277000,-27000
2017/07/03,0,386000,-180000,206000
2017/07/04,0,202000,-515000,-313000
2017/07/05,0,469000,-623000,-154000
2017/07/06,0,251000,-819000,-568000
2017/07/07,0,134830,-472173,-337343
2017/07/10,0,169150,-513729,-344579
2017/07/11,0,441498,-275000,166498
2017/07/12,0,616000,-461868,154132
2017/07/13,0,253854,-1473000,-1219146
2017/07/14,0,584000,-464000,120000
2017/07/17,0,475000,-552000,-77000
2017/07/18,0,494000,-1634000,-1140000
2017/07/19,0,341000,-1063888,-722888
2017/07/20,0,551300,-1015000,-463700
2017/07/21,0,116100,-908393,-792293
2017/07/24,0,480267,-906000,-425733
2017/07/25,0,158000,-796600,-638600
2017/07/26,0,340000,-960000,-620000
2017/07/27,0,678000,-832000,-154000
2017/07/28,0,128000,-449300,-321300
2017/07/31,0,729178,-1400923,-671745
2017/08/01,0,257000,-1526000,-1269000
2017/08/02,0,221000,-495000,-274000
2017/08/03,0,167095,-909400,-742305
2017/08/04,0,409000,-585000,-176000
2017/08/07,0,486000,-1053291,-567291
2017/08/08,0,65000,-879000,-814000
2017/08/09,0,55900,-960000,-904100
2017/08/10,0,119200,-552000,-432800
2017/08/11,0,116000,-395000,-279000
2017/08/14,0,51000,-491000,-440000
2017/08/15,0,640000,-821000,-181000
2017/08/16,0,518000,-889000,-371000
2017/08/17,0,620000,-229000,391000
2017/08/18,0,569000,-572000,-3000
