Date,Open,Buy,Sell,Total
2007/01/02,0,0,-101000,-101000
2007/01/03,0,0,-1045000,-1045000
2007/01/04,0,0,-960000,-960000
2007/01/05,0,0,-331000,-331000
2007/01/08,0,0,-670000,-670000
2007/01/09,0,0,-610000,-610000
2007/01/10,0,300000,-138000,162000
2007/01/11,0,59000,-1020000,-961000
2007/01/12,0,6000,-10000,-4000
2007/01/15,0,0,0,0
2007/01/16,0,4000,-196000,-192000
2007/01/17,0,4000,-50000,-46000
2007/01/18,0,189000,0,189000
2007/01/19,0,0,-3000,-3000
2007/01/22,0,37000,-3000,34000
2007/01/23,0,490000,-202000,288000
2007/01/24,0,210000,-500000,-290000
2007/01/25,0,609000,-423000,186000
2007/01/26,0,0,-2000,-2000
2007/01/29,0,22000,-1000,21000
2007/01/30,0,717000,0,717000
2007/01/31,0,0,0,0
2007/02/01,0,0,0,0
2007/02/02,0,4000,0,4000
2007/02/05,0,93000,-30000,63000
2007/02/06,0,212000,-13000,199000
2007/02/07,0,100000,-65000,35000
2007/02/08,0,5000,-279000,-274000
2007/02/09,0,0,-88000,-88000
2007/02/12,0,70000,-73000,-3000
2007/02/13,0,910000,0,910000
2007/02/14,0,400000,-202000,198000
2007/02/15,0,0,0,0
2007/02/16,0,0,0,0
2007/02/19,0,0,0,0
2007/02/20,0,0,0,0
2007/02/21,0,0,0,0
2007/02/22,0,0,0,0
2007/02/23,0,0,0,0
2007/02/26,0,1160000,0,1160000
2007/02/27,0,1070000,-100000,970000
2007/02/28,0,0,0,0
2007/03/01,0,0,-50000,-50000
2007/03/02,0,90000,-160000,-70000
2007/03/05,0,70000,-45000,25000
2007/03/06,0,0,-100000,-100000
2007/03/07,0,0,-918000,-918000
2007/03/08,0,262000,0,262000
2007/03/09,0,0,0,0
2007/03/12,0,0,-170000,-170000
2007/03/13,0,0,0,0
2007/03/14,0,0,-511000,-511000
2007/03/15,0,0,0,0
2007/03/16,0,16000,-81000,-65000
2007/03/19,0,400000,0,400000
2007/03/20,0,0,-106000,-106000
2007/03/21,0,391000,0,391000
2007/03/22,0,0,0,0
2007/03/23,0,0,-156000,-156000
2007/03/26,0,0,-51000,-51000
2007/03/27,0,0,-300000,-300000
2007/03/28,0,0,-300000,-300000
2007/03/29,0,0,-63000,-63000
2007/03/30,0,0,0,0
2007/04/02,0,0,0,0
2007/04/03,0,0,-6000,-6000
2007/04/04,0,0,0,0
2007/04/05,0,0,0,0
2007/04/06,0,0,0,0
2007/04/09,0,0,-184000,-184000
2007/04/10,0,150000,-1000,149000
2007/04/11,0,1330000,-4000,1326000
2007/04/12,0,0,-3000,-3000
2007/04/13,0,60000,-596000,-536000
2007/04/16,0,180000,-7000,173000
2007/04/17,0,90000,-10000,80000
2007/04/18,0,0,-200000,-200000
2007/04/19,0,370000,0,370000
2007/04/20,0,383000,0,383000
2007/04/23,0,592000,-50000,542000
2007/04/24,0,6000,-205000,-199000
2007/04/25,0,51000,-511000,-460000
2007/04/26,0,600000,0,600000
2007/04/27,0,39000,-92000,-53000
2007/04/30,0,181000,0,181000
2007/05/01,0,0,0,0
2007/05/02,0,500000,-622000,-122000
2007/05/03,0,20000,0,20000
2007/05/04,0,0,-150000,-150000
2007/05/07,0,414000,0,414000
2007/05/08,0,0,-401000,-401000
2007/05/09,0,0,-150000,-150000
2007/05/10,0,150000,-1234000,-1084000
2007/05/11,0,50000,-90000,-40000
2007/05/14,0,15000,0,15000
2007/05/15,0,139000,0,139000
2007/05/16,0,50000,-1000,49000
2007/05/17,0,0,-1000,-1000
2007/05/18,0,3000,0,3000
2007/05/21,0,0,0,0
2007/05/22,0,1000,0,1000
2007/05/23,0,0,-132000,-132000
2007/05/24,0,5000,0,5000
2007/05/25,0,69000,-1000,68000
2007/05/28,0,120000,0,120000
2007/05/29,0,171000,-5000,166000
2007/05/30,0,5176000,0,5176000
2007/05/31,0,0,0,0
2007/06/01,0,0,-25000,-25000
2007/06/04,0,1000,0,1000
2007/06/05,0,200000,-320000,-120000
2007/06/06,0,288000,-500000,-212000
2007/06/07,0,2000,0,2000
2007/06/08,0,200000,0,200000
2007/06/11,0,200000,-320000,-120000
2007/06/12,0,0,-200000,-200000
2007/06/13,0,380000,0,380000
2007/06/14,0,300000,-1000,299000
2007/06/15,0,200000,-121000,79000
2007/06/18,0,0,0,0
2007/06/19,0,0,0,0
2007/06/20,0,0,-436000,-436000
2007/06/21,0,0,-50000,-50000
2007/06/22,0,30000,-50000,-20000
2007/06/25,0,652000,0,652000
2007/06/26,0,450000,0,450000
2007/06/27,0,1570000,0,1570000
2007/06/28,0,0,-608000,-608000
2007/06/29,0,1226000,-61000,1165000
2007/07/02,0,392000,0,392000
2007/07/03,0,605000,-100000,505000
2007/07/04,0,800000,0,800000
2007/07/05,0,321000,-249000,72000
2007/07/06,0,657000,-298000,359000
2007/07/09,0,579000,-1000,578000
2007/07/10,0,1948000,-895000,1053000
2007/07/11,0,0,-190000,-190000
2007/07/12,0,511000,-304000,207000
2007/07/13,0,530000,-300000,230000
2007/07/16,0,3489000,0,3489000
2007/07/17,0,1080000,-201000,879000
2007/07/18,0,272000,-80000,192000
2007/07/19,0,1207000,-67000,1140000
2007/07/20,0,793000,-201000,592000
2007/07/23,0,100000,0,100000
2007/07/24,0,70000,0,70000
2007/07/25,0,21000,-45000,-24000
2007/07/26,0,1000,0,1000
2007/07/27,0,0,0,0
2007/07/30,0,240000,0,240000
2007/07/31,0,0,-20000,-20000
2007/08/01,0,1000,-310000,-309000
2007/08/02,0,1000,-204000,-203000
2007/08/03,0,27000,-45000,-18000
2007/08/06,0,100000,0,100000
2007/08/07,0,0,-150000,-150000
2007/08/08,0,2000,-651000,-649000
2007/08/09,0,9000,-530000,-521000
2007/08/10,0,32000,-1021000,-989000
2007/08/13,0,0,-53000,-53000
2007/08/14,0,7000,-152000,-145000
2007/08/15,0,1000,-1000000,-999000
2007/08/16,0,217000,-151000,66000
2007/08/17,0,399000,-301000,98000
2007/08/20,0,1117000,-5342000,-4225000
2007/08/21,0,1093000,-1250000,-157000
2007/08/22,0,856000,-498000,358000
2007/08/23,0,575000,0,575000
2007/08/24,0,522000,-2000,520000
2007/08/27,0,83000,0,83000
2007/08/28,0,0,-150000,-150000
2007/08/29,0,300000,-667000,-367000
2007/08/30,0,319000,-910000,-591000
2007/08/31,0,1233000,-468000,765000
2007/09/03,0,519000,-7000,512000
2007/09/04,0,2000,0,2000
2007/09/05,0,0,0,0
2007/09/06,0,151000,-361000,-210000
2007/09/07,0,4000,-101000,-97000
2007/09/10,0,3000,-50000,-47000
2007/09/11,0,0,-180000,-180000
2007/09/12,0,0,0,0
2007/09/13,0,0,-129000,-129000
2007/09/14,0,209000,-149000,60000
2007/09/17,0,578000,-30000,548000
2007/09/18,0,0,0,0
2007/09/19,0,420000,0,420000
2007/09/20,0,292000,-400000,-108000
2007/09/21,0,431000,-1305000,-874000
2007/09/24,0,0,0,0
2007/09/25,0,0,0,0
2007/09/26,0,1700000,0,1700000
2007/09/27,0,101000,-512000,-411000
2007/09/28,0,429000,-580000,-151000
2007/10/01,0,1532000,-325000,1207000
2007/10/02,0,431000,-253000,178000
2007/10/03,0,1200000,-520000,680000
2007/10/04,0,0,-500000,-500000
2007/10/05,0,200000,-748000,-548000
2007/10/08,0,286000,-3396000,-3110000
2007/10/09,0,120000,-4000,116000
2007/10/10,0,0,0,0
2007/10/11,0,150000,0,150000
2007/10/12,0,1409000,-461000,948000
2007/10/15,0,550000,-1079000,-529000
2007/10/16,0,444000,-4000,440000
2007/10/17,0,230000,-119000,111000
2007/10/18,0,1080000,-180000,900000
2007/10/19,0,658000,-135000,523000
2007/10/22,0,700000,0,700000
2007/10/23,0,161000,-1602000,-1441000
2007/10/24,0,250000,-1365000,-1115000
2007/10/25,0,0,-500000,-500000
2007/10/26,0,0,-300000,-300000
2007/10/29,0,75000,-160000,-85000
2007/10/30,0,618000,0,618000
2007/10/31,0,75000,-160000,-85000
2007/11/01,0,291000,-500000,-209000
2007/11/02,0,3000,-150000,-147000
2007/11/05,0,10000,0,10000
2007/11/06,0,827000,-10000,817000
2007/11/07,0,101000,0,101000
2007/11/08,0,1240000,0,1240000
2007/11/09,0,476000,-330000,146000
2007/11/12,0,805000,0,805000
2007/11/13,0,146000,-75000,71000
2007/11/14,0,330000,0,330000
2007/11/15,0,1624000,-118000,1506000
2007/11/16,0,283000,-459000,-176000
2007/11/19,0,39000,-118000,-79000
2007/11/20,0,0,-345000,-345000
2007/11/21,0,631000,-100000,531000
2007/11/22,0,189000,-333000,-144000
2007/11/23,0,188000,-402000,-214000
2007/11/26,0,35000,-50000,-15000
2007/11/27,0,0,-234000,-234000
2007/11/28,0,101000,0,101000
2007/11/29,0,400000,0,400000
2007/11/30,0,100000,0,100000
2007/12/03,0,175000,0,175000
2007/12/04,0,120000,0,120000
2007/12/05,0,57000,0,57000
2007/12/06,0,50000,-515000,-465000
2007/12/07,0,109000,0,109000
2007/12/10,0,0,0,0
2007/12/11,0,10000,0,10000
2007/12/12,0,0,0,0
2007/12/13,0,210000,-50000,160000
2007/12/14,0,1000,-535000,-534000
2007/12/17,0,0,-35000,-35000
2007/12/18,0,968000,-330000,638000
2007/12/19,0,101000,-174000,-73000
2007/12/20,0,100000,-85000,15000
2007/12/21,0,110000,-2000,108000
2007/12/24,0,0,-39000,-39000
2007/12/25,0,0,-120000,-120000
2007/12/26,0,80000,-210000,-130000
2007/12/27,0,16000,-1200000,-1184000
2007/12/28,0,75000,-1300000,-1225000
2007/12/31,0,84000,-962000,-878000
2008/01/01,0,0,0,0
2008/01/02,0,477000,-894000,-417000
2008/01/03,0,0,0,0
2008/01/04,0,3115000,-601000,2514000
2008/01/07,0,1686000,-326000,1360000
2008/01/08,0,350000,-772000,-422000
2008/01/09,0,300000,-965000,-665000
2008/01/10,0,664000,-3007000,-2343000
2008/01/11,0,600000,-1709000,-1109000
2008/01/14,0,0,-636000,-636000
2008/01/15,0,328000,-142000,186000
2008/01/16,0,239000,-1264000,-1025000
2008/01/17,0,387000,-591000,-204000
2008/01/18,0,2594000,-138000,2456000
2008/01/21,0,1075000,-145000,930000
2008/01/22,0,497000,0,497000
2008/01/23,0,214000,-297000,-83000
2008/01/24,0,1692000,-955000,737000
2008/01/25,0,1486000,-300000,1186000
2008/01/28,0,1440000,-565000,875000
2008/01/29,0,581000,-332000,249000
2008/01/30,0,268000,-219000,49000
2008/01/31,0,321000,-150000,171000
2008/02/01,0,1040000,-914000,126000
2008/02/04,0,0,0,0
2008/02/05,0,0,0,0
2008/02/06,0,0,0,0
2008/02/07,0,0,0,0
2008/02/08,0,0,0,0
2008/02/11,0,0,0,0
2008/02/12,0,1063000,-200000,863000
2008/02/13,0,570000,-278000,292000
2008/02/14,0,117000,-1241000,-1124000
2008/02/15,0,319000,-72000,247000
2008/02/18,0,207000,-287000,-80000
2008/02/19,0,222000,-166000,56000
2008/02/20,0,215000,0,215000
2008/02/21,0,1050000,-155000,895000
2008/02/22,0,982000,-50000,932000
2008/02/25,0,910000,-35000,875000
2008/02/26,0,254000,-63000,191000
2008/02/27,0,50000,-455000,-405000
2008/02/28,0,0,0,0
2008/02/29,0,110000,-111000,-1000
2008/03/03,0,993000,-72000,921000
2008/03/04,0,963000,-335000,628000
2008/03/05,0,180000,-440000,-260000
2008/03/06,0,186000,-113000,73000
2008/03/07,0,140000,-1853000,-1713000
2008/03/10,0,461000,-374000,87000
2008/03/11,0,772000,-89000,683000
2008/03/12,0,916000,-145000,771000
2008/03/13,0,150000,-101000,49000
2008/03/14,0,1086000,0,1086000
2008/03/17,0,975000,0,975000
2008/03/18,0,1710000,-36000,1674000
2008/03/19,0,2329000,-5000,2324000
2008/03/20,0,448000,-941000,-493000
2008/03/21,0,182000,-423000,-241000
2008/03/24,0,121000,-1543000,-1422000
2008/03/25,0,0,-434000,-434000
2008/03/26,0,2432000,-945000,1487000
2008/03/27,0,170000,-51000,119000
2008/03/28,0,340000,-42000,298000
2008/03/31,0,60000,-196000,-136000
2008/04/01,0,0,-907000,-907000
2008/04/02,0,300000,-1968000,-1668000
2008/04/03,0,680000,-1138000,-458000
2008/04/04,0,0,0,0
2008/04/07,0,99000,-204000,-105000
2008/04/08,0,131000,-110000,21000
2008/04/09,0,755000,-90000,665000
2008/04/10,0,560000,0,560000
2008/04/11,0,762000,-180000,582000
2008/04/14,0,2583000,-56000,2527000
2008/04/15,0,468000,-447000,21000
2008/04/16,0,901000,-2000,899000
2008/04/17,0,2059000,-642000,1417000
2008/04/18,0,5673000,-1117000,4556000
2008/04/21,0,1527000,-1703440,-176440
2008/04/22,0,218000,-115000,103000
2008/04/23,0,849000,-2271000,-1422000
2008/04/24,0,48000,-140000,-92000
2008/04/25,0,589000,-112000,477000
2008/04/28,0,1764000,-279000,1485000
2008/04/29,0,1676000,-1227000,449000
2008/04/30,0,1451000,0,1451000
2008/05/01,0,0,0,0
2008/05/02,0,1195000,-60000,1135000
2008/05/05,0,274000,-2000,272000
2008/05/06,0,239000,-174000,65000
2008/05/07,0,113000,-80000,33000
2008/05/08,0,515000,-1000,514000
2008/05/09,0,1012000,-18000,994000
2008/05/12,0,531000,-31000,500000
2008/05/13,0,354000,-139000,215000
2008/05/14,0,166000,-424000,-258000
2008/05/15,0,102000,-539000,-437000
2008/05/16,0,100000,-286000,-186000
2008/05/19,0,984000,-80000,904000
2008/05/20,0,195000,-2000,193000
2008/05/21,0,280000,-20000,260000
2008/05/22,0,1000,-332000,-331000
2008/05/23,0,222000,0,222000
2008/05/26,0,402000,-312000,90000
2008/05/27,0,1717000,-2000,1715000
2008/05/28,0,421000,-26000,395000
2008/05/29,0,211000,-420000,-209000
2008/05/30,0,290000,0,290000
2008/06/02,0,255000,-1041000,-786000
2008/06/03,0,0,-225000,-225000
2008/06/04,0,200000,-450000,-250000
2008/06/05,0,80000,-348000,-268000
2008/06/06,0,301000,-40000,261000
2008/06/09,0,0,-983000,-983000
2008/06/10,0,2000,-1215000,-1213000
2008/06/11,0,132000,-977000,-845000
2008/06/12,0,178000,-211000,-33000
2008/06/13,0,382000,-288000,94000
2008/06/16,0,357000,-488000,-131000
2008/06/17,0,93000,-727000,-634000
2008/06/18,0,183000,-405000,-222000
2008/06/19,0,116000,0,116000
2008/06/20,0,315000,-1000,314000
2008/06/23,0,80000,-10000,70000
2008/06/24,0,107000,0,107000
2008/06/25,0,440000,-1299000,-859000
2008/06/26,0,103000,-50000,53000
2008/06/27,0,5000,-1480000,-1475000
2008/06/30,0,257000,-464000,-207000
2008/07/01,0,100000,-253000,-153000
2008/07/02,0,248000,-172000,76000
2008/07/03,0,0,-100000,-100000
2008/07/04,0,791000,-28000,763000
2008/07/07,0,24000,-263000,-239000
2008/07/08,0,2437000,-323000,2114000
2008/07/09,0,36000,-335000,-299000
2008/07/10,0,380000,-16000,364000
2008/07/11,0,310000,0,310000
2008/07/14,0,93000,0,93000
2008/07/15,0,140000,-542000,-402000
2008/07/16,0,4000,-3399000,-3395000
2008/07/17,0,1000,-385000,-384000
2008/07/18,0,150000,-2195000,-2045000
2008/07/21,0,5000,-1750000,-1745000
2008/07/22,0,22000,-380000,-358000
2008/07/23,0,116000,-38000,78000
2008/07/24,0,423000,-163000,260000
2008/07/25,0,475000,-2019000,-1544000
2008/07/28,0,0,0,0
2008/07/29,0,150000,-415000,-265000
2008/07/30,0,1000,-858000,-857000
2008/07/31,0,401000,-612000,-211000
2008/08/01,0,85000,-1171000,-1086000
2008/08/04,0,2000,-1307000,-1305000
2008/08/05,0,40000,-3283000,-3243000
2008/08/06,0,31000,-6365000,-6334000
2008/08/07,0,310000,-877000,-567000
2008/08/08,0,540000,-1703000,-1163000
2008/08/11,0,71000,-1221000,-1150000
2008/08/12,0,513000,-156000,357000
2008/08/13,0,0,-2950000,-2950000
2008/08/14,0,253000,-171000,82000
2008/08/15,0,125000,-500000,-375000
2008/08/18,0,0,-425000,-425000
2008/08/19,0,0,-194000,-194000
2008/08/20,0,2125000,-137500,1987500
2008/08/21,0,1482000,-4000,1478000
2008/08/22,0,1353000,-50000,1303000
2008/08/25,0,1595000,-92000,1503000
2008/08/26,0,201000,-1182000,-981000
2008/08/27,0,300000,-35000,265000
2008/08/28,0,9000,0,9000
2008/08/29,0,21000,-73000,-52000
2008/09/01,0,0,0,0
2008/09/02,0,1000,-1201000,-1200000
2008/09/03,0,6000,-151000,-145000
2008/09/04,0,2000,-489000,-487000
2008/09/05,0,51000,-339500,-288500
2008/09/08,0,2000,-120000,-118000
2008/09/09,0,117000,0,117000
2008/09/10,0,701000,-35000,666000
2008/09/11,0,373000,0,373000
2008/09/12,0,294000,-130000,164000
2008/09/15,0,230000,-69000,161000
2008/09/16,0,131000,-274000,-143000
2008/09/17,0,3000,-2049000,-2046000
2008/09/18,0,1000,0,1000
2008/09/19,0,114000,-3753000,-3639000
2008/09/22,0,34000,-2890000,-2856000
2008/09/23,0,50000,-420000,-370000
2008/09/24,0,855000,-60000,795000
2008/09/25,0,222000,-232000,-10000
2008/09/26,0,26000,-66000,-40000
2008/09/29,0,0,0,0
2008/09/30,0,0,-70000,-70000
2008/10/01,0,84000,-1206000,-1122000
2008/10/02,0,2327000,-3516000,-1189000
2008/10/03,0,0,-480000,-480000
2008/10/06,0,170000,-828000,-658000
2008/10/07,0,691000,-1823000,-1132000
2008/10/08,0,159000,-1652000,-1493000
2008/10/09,0,1183000,-991000,192000
2008/10/10,0,0,0,0
2008/10/13,0,0,-692000,-692000
2008/10/14,0,0,-931000,-931000
2008/10/15,0,2000,-1112000,-1110000
2008/10/16,0,1000,-106000,-105000
2008/10/17,0,0,-11000,-11000
2008/10/20,0,0,-102000,-102000
2008/10/21,0,1043000,0,1043000
2008/10/22,0,0,-225000,-225000
2008/10/23,0,2000,-19000,-17000
2008/10/24,0,0,0,0
2008/10/27,0,0,0,0
2008/10/28,0,102000,-2119000,-2017000
2008/10/29,0,670000,-151000,519000
2008/10/30,0,100000,-2000,98000
2008/10/31,0,686000,-900000,-214000
2008/11/03,0,1986000,-652000,1334000
2008/11/04,0,3321000,-1000,3320000
2008/11/05,0,989000,-76000,913000
2008/11/06,0,356000,-401000,-45000
2008/11/07,0,232000,-7000,225000
2008/11/10,0,793000,0,793000
2008/11/11,0,1310000,0,1310000
2008/11/12,0,260000,-6000,254000
2008/11/13,0,67000,-1402000,-1335000
2008/11/14,0,331000,-23000,308000
2008/11/17,0,700000,0,700000
2008/11/18,0,1699000,0,1699000
2008/11/19,0,160000,-435000,-275000
2008/11/20,0,967000,0,967000
2008/11/21,0,307000,-152000,155000
2008/11/24,0,1621000,-134000,1487000
2008/11/25,0,6439000,0,6439000
2008/11/26,0,2964000,-171000,2793000
2008/11/27,0,2376000,-249000,2127000
2008/11/28,0,1942000,-633000,1309000
2008/12/01,0,958000,-249000,709000
2008/12/02,0,98000,-567000,-469000
2008/12/03,0,1179000,-311000,868000
2008/12/04,0,2000,-1130000,-1128000
2008/12/05,0,80000,-675000,-595000
2008/12/08,0,600000,-124000,476000
2008/12/09,0,903000,-100000,803000
2008/12/10,0,6454000,-934000,5520000
2008/12/11,0,3805000,-51000,3754000
2008/12/12,0,1909000,-630000,1279000
2008/12/15,0,507000,-100000,407000
2008/12/16,0,300000,-280000,20000
2008/12/17,0,917000,-323000,594000
2008/12/18,0,3407000,-3000,3404000
2008/12/19,0,1148000,-720000,428000
2008/12/22,0,0,-2399000,-2399000
2008/12/23,0,173000,-1331000,-1158000
2008/12/24,0,200000,-200000,0
2008/12/25,0,1071000,-350000,721000
2008/12/26,0,350000,-265000,85000
2008/12/29,0,129000,0,129000
2008/12/30,0,260000,-250000,10000
2008/12/31,0,0,-4000,-4000
2009/01/01,0,0,0,0
2009/01/02,0,0,0,0
2009/01/05,0,1409000,-535000,874000
2009/01/06,0,651000,-273000,378000
2009/01/07,0,75000,-83000,-8000
2009/01/08,0,757000,-1375000,-618000
2009/01/09,0,1156000,-1340000,-184000
2009/01/12,0,240000,-585000,-345000
2009/01/13,0,201000,-236000,-35000
2009/01/14,0,317000,-417000,-100000
2009/01/15,0,288000,-21000,267000
2009/01/16,0,1000,-93000,-92000
2009/01/19,0,300000,-107000,193000
2009/01/20,0,0,-394000,-394000
2009/01/21,0,475000,-700000,-225000
2009/01/22,0,0,0,0
2009/01/23,0,0,0,0
2009/01/26,0,0,0,0
2009/01/27,0,0,0,0
2009/01/28,0,0,0,0
2009/01/29,0,0,0,0
2009/01/30,0,0,0,0
2009/02/02,0,300000,0,300000
2009/02/03,0,863000,-400000,463000
2009/02/04,0,100000,-1587000,-1487000
2009/02/05,0,796000,-570000,226000
2009/02/06,0,219000,-1015000,-796000
2009/02/09,0,413000,-150000,263000
2009/02/10,0,524000,-562000,-38000
2009/02/11,0,48000,-1609000,-1561000
2009/02/12,0,133000,-1680000,-1547000
2009/02/13,0,59000,-1752000,-1693000
2009/02/16,0,0,-130000,-130000
2009/02/17,0,410000,-1171000,-761000
2009/02/18,0,225000,-1543000,-1318000
2009/02/19,0,0,-680000,-680000
2009/02/20,0,0,-774000,-774000
2009/02/23,0,0,-1388000,-1388000
2009/02/24,0,0,-7494000,-7494000
2009/02/25,0,0,-115000,-115000
2009/02/26,0,30000,-1983000,-1953000
2009/02/27,0,154000,-380000,-226000
2009/03/02,0,170000,-619000,-449000
2009/03/03,0,5000,-2538000,-2533000
2009/03/04,0,608000,-188000,420000
2009/03/05,0,856000,-212000,644000
2009/03/06,0,372000,-389000,-17000
2009/03/09,0,411000,-300000,111000
2009/03/10,0,8000,-1392000,-1384000
2009/03/11,0,492000,-841000,-349000
2009/03/12,0,50000,-91000,-41000
2009/03/13,0,850000,-822000,28000
2009/03/16,0,242000,-402000,-160000
2009/03/17,0,1121000,-1000,1120000
2009/03/18,0,4282000,-527000,3755000
2009/03/19,0,2259000,-182000,2077000
2009/03/20,0,1982000,-141000,1841000
2009/03/23,0,590000,-396000,194000
2009/03/24,0,1740000,-331000,1409000
2009/03/25,0,380000,-886000,-506000
2009/03/26,0,825000,-1164000,-339000
2009/03/27,0,852000,-15000,837000
2009/03/30,0,35000,-100000,-65000
2009/03/31,0,3293000,-516000,2777000
2009/04/01,0,3105000,0,3105000
2009/04/02,0,1788000,0,1788000
2009/04/03,0,621000,-38000,583000
2009/04/06,0,0,-780000,-780000
2009/04/07,0,1379000,-770000,609000
2009/04/08,0,434000,-951000,-517000
2009/04/09,0,689000,-390000,299000
2009/04/10,0,620000,-171000,449000
2009/04/13,0,1048000,-323000,725000
2009/04/14,0,328000,-1000,327000
2009/04/15,0,165000,-492000,-327000
2009/04/16,0,1077000,-8000,1069000
2009/04/17,0,5000,-435000,-430000
2009/04/20,0,400000,-1313000,-913000
2009/04/21,0,200000,-3386000,-3186000
2009/04/22,0,500000,0,500000
2009/04/23,0,300000,-1880000,-1580000
2009/04/24,0,604000,-165000,439000
2009/04/27,0,300000,-80000,220000
2009/04/28,0,0,-672000,-672000
2009/04/29,0,338000,-180000,158000
2009/04/30,0,21000,0,21000
2009/05/01,0,0,0,0
2009/05/04,0,0,0,0
2009/05/05,0,0,0,0
2009/05/06,0,1266000,-56000,1210000
2009/05/07,0,2260000,-150000,2110000
2009/05/08,0,251000,-268000,-17000
2009/05/11,0,1467000,-67000,1400000
2009/05/12,0,990000,-73000,917000
2009/05/13,0,2226000,-738000,1488000
2009/05/14,0,684000,-164000,520000
2009/05/15,0,777000,-79000,698000
2009/05/18,0,1571000,-356000,1215000
2009/05/19,0,2250000,-585000,1665000
2009/05/20,0,140000,-51000,89000
2009/05/21,0,1156000,-86000,1070000
2009/05/22,0,190000,-180000,10000
2009/05/25,0,802000,-105000,697000
2009/05/26,0,307000,-268000,39000
2009/05/27,0,417000,-153000,264000
2009/05/28,0,0,0,0
2009/05/29,0,0,0,0
2009/06/01,0,676000,-348000,328000
2009/06/02,0,1191000,-703000,488000
2009/06/03,0,1232000,-650000,582000
2009/06/04,0,130000,-1870000,-1740000
2009/06/05,0,434000,-66000,368000
2009/06/08,0,2000,-4327000,-4325000
2009/06/09,0,306000,-2948000,-2642000
2009/06/10,0,761000,-410000,351000
2009/06/11,0,17000,-2050000,-2033000
2009/06/12,0,330000,-1934000,-1604000
2009/06/15,0,1444000,-302000,1142000
2009/06/16,0,1139000,-355000,784000
2009/06/17,0,1074000,-299000,775000
2009/06/18,0,789000,-308000,481000
2009/06/19,0,111000,-600000,-489000
2009/06/22,0,200000,-125000,75000
2009/06/23,0,100000,-218000,-118000
2009/06/24,0,87000,-493000,-406000
2009/06/25,0,101000,0,101000
2009/06/26,0,10000,-149000,-139000
2009/06/29,0,15000,-325000,-310000
2009/06/30,0,0,0,0
2009/07/01,0,8000,0,8000
2009/07/02,0,224000,0,224000
2009/07/03,0,1645000,-104000,1541000
2009/07/06,0,353000,-297000,56000
2009/07/07,0,413000,-900000,-487000
2009/07/08,0,0,-908000,-908000
2009/07/09,0,0,-887000,-887000
2009/07/10,0,0,-1218000,-1218000
2009/07/13,0,0,-1502000,-1502000
2009/07/14,0,0,-1668000,-1668000
2009/07/15,0,0,-331000,-331000
2009/07/16,0,821000,-140000,681000
2009/07/17,0,0,-761000,-761000
2009/07/20,0,0,-455000,-455000
2009/07/21,0,45000,-2000,43000
2009/07/22,0,0,-21000,-21000
2009/07/23,0,0,-768000,-768000
2009/07/24,0,0,-616000,-616000
2009/07/27,0,0,-750000,-750000
2009/07/28,0,50000,-338000,-288000
2009/07/29,0,70000,-177000,-107000
2009/07/30,0,0,-650000,-650000
2009/07/31,0,0,-73000,-73000
2009/08/03,0,70000,-714000,-644000
2009/08/04,0,29000,-3000,26000
2009/08/05,0,30000,-1023000,-993000
2009/08/06,0,135000,-1604000,-1469000
2009/08/07,0,0,0,0
2009/08/10,0,3000,-2299000,-2296000
2009/08/11,0,1000,-2451000,-2450000
2009/08/12,0,0,-3382000,-3382000
2009/08/13,0,0,-112000,-112000
2009/08/14,0,0,-101000,-101000
2009/08/17,0,71000,-536000,-465000
2009/08/18,0,1000,-232000,-231000
2009/08/19,0,1000,-96000,-95000
2009/08/20,0,2501000,-174000,2327000
2009/08/21,0,0,-467000,-467000
2009/08/24,0,0,-20000,-20000
2009/08/25,0,0,0,0
2009/08/26,0,1000,-219000,-218000
2009/08/27,0,61000,-103000,-42000
2009/08/28,0,59000,-150000,-91000
2009/08/31,0,5000,-100000,-95000
2009/09/01,0,100000,-40000,60000
2009/09/02,0,11000,-120000,-109000
2009/09/03,0,181000,-91000,90000
2009/09/04,0,123000,-322000,-199000
2009/09/07,0,0,-1000,-1000
2009/09/08,0,730000,0,730000
2009/09/09,0,324000,-145000,179000
2009/09/10,0,3006000,0,3006000
2009/09/11,0,750000,-774000,-24000
2009/09/14,0,231000,-1164000,-933000
2009/09/15,0,0,-1128000,-1128000
2009/09/16,0,643000,0,643000
2009/09/17,0,1447000,0,1447000
2009/09/18,0,0,-10000,-10000
2009/09/21,0,30000,-121000,-91000
2009/09/22,0,291000,-150000,141000
2009/09/23,0,659000,-21000,638000
2009/09/24,0,296000,0,296000
2009/09/25,0,80000,0,80000
2009/09/28,0,123000,-120000,3000
2009/09/29,0,2000,-55000,-53000
2009/09/30,0,0,-15000,-15000
2009/10/01,0,970000,0,970000
2009/10/02,0,1103000,0,1103000
2009/10/05,0,600000,-170000,430000
2009/10/06,0,0,-85000,-85000
2009/10/07,0,123000,-321000,-198000
2009/10/08,0,800000,-80000,720000
2009/10/09,0,1000,0,1000
2009/10/12,0,0,-123000,-123000
2009/10/13,0,1000,-442000,-441000
2009/10/14,0,0,-508000,-508000
2009/10/15,0,12000,-1718000,-1706000
2009/10/16,0,0,-655000,-655000
2009/10/19,0,3000,-635000,-632000
2009/10/20,0,0,-447000,-447000
2009/10/21,0,6000,-2000,4000
2009/10/22,0,0,-10000,-10000
2009/10/23,0,0,-140000,-140000
2009/10/26,0,0,-305000,-305000
2009/10/27,0,1000,-165000,-164000
2009/10/28,0,0,-265000,-265000
2009/10/29,0,1000,-30000,-29000
2009/10/30,0,0,-322000,-322000
2009/11/02,0,6000,-799000,-793000
2009/11/03,0,1000,-308000,-307000
2009/11/04,0,6000,-59000,-53000
2009/11/05,0,6000,-34000,-28000
2009/11/06,0,6000,-100000,-94000
2009/11/09,0,11000,0,11000
2009/11/10,0,6000,-30000,-24000
2009/11/11,0,0,0,0
2009/11/12,0,0,-112000,-112000
2009/11/13,0,0,-4000,-4000
2009/11/16,0,95000,-50000,45000
2009/11/17,0,880000,0,880000
2009/11/18,0,0,-88000,-88000
2009/11/19,0,0,-1423000,-1423000
2009/11/20,0,0,-260000,-260000
2009/11/23,0,0,-582000,-582000
2009/11/24,0,300000,-270000,30000
2009/11/25,0,0,-200000,-200000
2009/11/26,0,0,-828000,-828000
2009/11/27,0,0,-100000,-100000
2009/11/30,0,30000,0,30000
2009/12/01,0,0,-220000,-220000
2009/12/02,0,28000,-334000,-306000
2009/12/03,0,30000,0,30000
2009/12/04,0,0,-2000,-2000
2009/12/07,0,30000,0,30000
2009/12/08,0,100000,-35000,65000
2009/12/09,0,444000,0,444000
2009/12/10,0,231000,-2000,229000
2009/12/11,0,1000,0,1000
2009/12/14,0,0,-302000,-302000
2009/12/15,0,0,-10000,-10000
2009/12/16,0,0,-2266,-2266
2009/12/17,0,0,0,0
2009/12/18,0,0,-64000,-64000
2009/12/21,0,0,-659000,-659000
2009/12/22,0,0,-1000,-1000
2009/12/23,0,0,-11000,-11000
2009/12/24,0,242000,-100000,142000
2009/12/25,0,25000,-1000,24000
2009/12/28,0,27000,-45000,-18000
2009/12/29,0,0,-46000,-46000
2009/12/30,0,0,-82000,-82000
2009/12/31,0,0,0,0
2010/01/01,0,0,0,0
2010/01/04,0,22000,-370000,-348000
2010/01/05,0,104000,0,104000
2010/01/06,0,165000,0,165000
2010/01/07,0,328000,-50000,278000
2010/01/08,0,0,-155000,-155000
2010/01/11,0,100000,0,100000
2010/01/12,0,54000,-93000,-39000
2010/01/13,0,0,-104000,-104000
2010/01/14,0,0,-904000,-904000
2010/01/15,0,16000,-29000,-13000
2010/01/18,0,0,-10000,-10000
2010/01/19,0,0,-110000,-110000
2010/01/20,0,0,-242000,-242000
2010/01/21,0,0,0,0
2010/01/22,0,0,-100000,-100000
2010/01/25,0,0,-361000,-361000
2010/01/26,0,56000,0,56000
2010/01/27,0,1000,0,1000
2010/01/28,0,0,-500000,-500000
2010/01/29,0,0,-889000,-889000
2010/02/01,0,1000,-225000,-224000
2010/02/02,0,0,-15000,-15000
2010/02/03,0,98000,0,98000
2010/02/04,0,892000,-3000,889000
2010/02/05,0,84000,-900000,-816000
2010/02/08,0,36000,-698000,-662000
2010/02/09,0,208000,-240000,-32000
2010/02/10,0,88000,-47000,41000
2010/02/11,0,0,0,0
2010/02/12,0,0,0,0
2010/02/15,0,0,0,0
2010/02/16,0,0,0,0
2010/02/17,0,0,0,0
2010/02/18,0,0,0,0
2010/02/19,0,0,0,0
2010/02/22,0,57000,-58000,-1000
2010/02/23,0,66000,-85000,-19000
2010/02/24,0,1000,0,1000
2010/02/25,0,0,-35000,-35000
2010/02/26,0,241000,-51000,190000
2010/03/01,0,413000,-297000,116000
2010/03/02,0,993000,-86000,907000
2010/03/03,0,1190000,0,1190000
2010/03/04,0,2041000,-200000,1841000
2010/03/05,0,923000,-150000,773000
2010/03/08,0,145000,0,145000
2010/03/09,0,145000,-357000,-212000
2010/03/10,0,0,-578000,-578000
2010/03/11,0,120000,-211000,-91000
2010/03/12,0,2000,-426000,-424000
2010/03/15,0,599000,-514000,85000
2010/03/16,0,288000,-144000,144000
2010/03/17,0,281000,-31000,250000
2010/03/18,0,175000,-107000,68000
2010/03/19,0,0,-338000,-338000
2010/03/22,0,50000,-19000,31000
2010/03/23,0,1000,-38000,-37000
2010/03/24,0,40000,-135000,-95000
2010/03/25,0,0,-25000,-25000
2010/03/26,0,0,0,0
2010/03/29,0,0,0,0
2010/03/30,0,0,0,0
2010/03/31,0,175000,0,175000
2010/04/01,0,0,-171000,-171000
2010/04/02,0,0,-334000,-334000
2010/04/05,0,0,0,0
2010/04/06,0,0,-926000,-926000
2010/04/07,0,1269000,-1193000,76000
2010/04/08,0,1717000,0,1717000
2010/04/09,0,282000,-414000,-132000
2010/04/12,0,1032000,-200000,832000
2010/04/13,0,409000,0,409000
2010/04/14,0,122000,0,122000
2010/04/15,0,328000,0,328000
2010/04/16,0,0,-1000,-1000
2010/04/19,0,0,-951,-951
2010/04/20,0,0,-1039000,-1039000
2010/04/21,0,0,0,0
2010/04/22,0,0,-82000,-82000
2010/04/23,0,0,-74000,-74000
2010/04/26,0,0,-154000,-154000
2010/04/27,0,0,0,0
2010/04/28,0,0,0,0
2010/04/29,0,0,-342000,-342000
2010/04/30,0,0,-72000,-72000
2010/05/03,0,0,-68000,-68000
2010/05/04,0,0,0,0
2010/05/05,0,0,-402000,-402000
2010/05/06,0,83000,-1073000,-990000
2010/05/07,0,0,0,0
2010/05/10,0,1000,-148000,-147000
2010/05/11,0,0,-1000,-1000
2010/05/12,0,127000,0,127000
2010/05/13,0,0,0,0
2010/05/14,0,1000,0,1000
2010/05/17,0,0,-200000,-200000
2010/05/18,0,0,-83000,-83000
2010/05/19,0,0,-3000,-3000
2010/05/20,0,0,-309000,-309000
2010/05/21,0,0,-524000,-524000
2010/05/24,0,0,-1000,-1000
2010/05/25,0,0,-1145000,-1145000
2010/05/26,0,111000,-1107000,-996000
2010/05/27,0,38000,0,38000
2010/05/28,0,131000,-527000,-396000
2010/05/31,0,32000,-40000,-8000
2010/06/01,0,6000,0,6000
2010/06/02,0,28000,0,28000
2010/06/03,0,14000,0,14000
2010/06/04,0,0,0,0
2010/06/07,0,171000,-204000,-33000
2010/06/08,0,0,-685000,-685000
2010/06/09,0,0,0,0
2010/06/10,0,0,-237000,-237000
2010/06/11,0,0,0,0
2010/06/14,0,151000,0,151000
2010/06/15,0,74000,0,74000
2010/06/16,0,0,0,0
2010/06/17,0,0,-642000,-642000
2010/06/18,0,0,-156000,-156000
2010/06/21,0,250000,0,250000
2010/06/22,0,0,-104000,-104000
2010/06/23,0,0,0,0
2010/06/24,0,85000,-259000,-174000
2010/06/25,0,21000,-538000,-517000
2010/06/28,0,20000,-641000,-621000
2010/06/29,0,0,-404000,-404000
2010/06/30,0,0,-38000,-38000
2010/07/01,0,0,-217000,-217000
2010/07/02,0,31000,-400000,-369000
2010/07/05,0,0,-143000,-143000
2010/07/06,0,503000,0,503000
2010/07/07,0,150000,-275000,-125000
2010/07/08,0,0,-74000,-74000
2010/07/09,0,0,-131000,-131000
2010/07/12,0,24000,0,24000
2010/07/13,0,0,0,0
2010/07/14,0,0,-150000,-150000
2010/07/15,0,10000,-110000,-100000
2010/07/16,0,0,-1014000,-1014000
2010/07/19,0,0,-816000,-816000
2010/07/20,0,0,-400000,-400000
2010/07/21,0,52000,-1000,51000
2010/07/22,0,0,0,0
2010/07/23,0,1375000,0,1375000
2010/07/26,0,1992000,-29000,1963000
2010/07/27,0,483000,-171000,312000
2010/07/28,0,600000,0,600000
2010/07/29,0,430000,0,430000
2010/07/30,0,200000,-8000,192000
2010/08/02,0,104000,-8000,96000
2010/08/03,0,1523000,0,1523000
2010/08/04,0,2004000,0,2004000
2010/08/05,0,1970000,-1000,1969000
2010/08/06,0,473000,-1000,472000
2010/08/09,0,1430000,0,1430000
2010/08/10,0,136000,-3000,133000
2010/08/11,0,44000,-200000,-156000
2010/08/12,0,35000,-268000,-233000
2010/08/13,0,1060000,-705000,355000
2010/08/16,0,25000,-500000,-475000
2010/08/17,0,51000,-2000,49000
2010/08/18,0,0,0,0
2010/08/19,0,1409000,-228000,1181000
2010/08/20,0,658000,-20000,638000
2010/08/23,0,247000,0,247000
2010/08/24,0,1700000,-628000,1072000
2010/08/25,0,1635000,-89000,1546000
2010/08/26,0,1380000,-395000,985000
2010/08/27,0,80000,-115000,-35000
2010/08/30,0,1000,0,1000
2010/08/31,0,138000,0,138000
2010/09/01,0,825000,0,825000
2010/09/02,0,500000,0,500000
2010/09/03,0,91000,-610000,-519000
2010/09/06,0,53000,-254000,-201000
2010/09/07,0,902000,-165000,737000
2010/09/08,0,511000,-30000,481000
2010/09/09,0,304000,-50000,254000
2010/09/10,0,100000,-1407000,-1307000
2010/09/13,0,100000,-1803000,-1703000
2010/09/14,0,50000,-228000,-178000
2010/09/15,0,32000,-59000,-27000
2010/09/16,0,0,-527000,-527000
2010/09/17,0,0,-245000,-245000
2010/09/20,0,0,-423000,-423000
2010/09/21,0,0,-535000,-535000
2010/09/22,0,0,0,0
2010/09/23,0,0,-565000,-565000
2010/09/24,0,0,-361000,-361000
2010/09/27,0,0,0,0
2010/09/28,0,13000,-50000,-37000
2010/09/29,0,302000,-400000,-98000
2010/09/30,0,239000,-1000,238000
2010/10/01,0,715000,-170000,545000
2010/10/04,0,2800000,0,2800000
2010/10/05,0,5128000,-110000,5018000
2010/10/06,0,1252000,-25000,1227000
2010/10/07,0,583000,0,583000
2010/10/08,0,0,0,0
2010/10/11,0,640000,-731000,-91000
2010/10/12,0,905000,-1000,904000
2010/10/13,0,899000,-213000,686000
2010/10/14,0,726000,-132000,594000
2010/10/15,0,0,-100000,-100000
2010/10/18,0,295000,-16000,279000
2010/10/19,0,1000,-304000,-303000
2010/10/20,0,97000,-336000,-239000
2010/10/21,0,640000,-234000,406000
2010/10/22,0,351000,-135000,216000
2010/10/25,0,0,-150000,-150000
2010/10/26,0,414000,-386000,28000
2010/10/27,0,53000,-323000,-270000
2010/10/28,0,0,-60000,-60000
2010/10/29,0,6000,-261000,-255000
2010/11/01,0,98000,0,98000
2010/11/02,0,270000,-870000,-600000
2010/11/03,0,310000,-342000,-32000
2010/11/04,0,0,-6000,-6000
2010/11/05,0,695000,-292000,403000
2010/11/08,0,1434000,-281000,1153000
2010/11/09,0,517000,-40000,477000
2010/11/10,0,300000,-578000,-278000
2010/11/11,0,1000,-200000,-199000
2010/11/12,0,175000,-576000,-401000
2010/11/15,0,0,-1187000,-1187000
2010/11/16,0,120000,0,120000
2010/11/17,0,95000,-53000,42000
2010/11/18,0,150000,0,150000
2010/11/19,0,0,-295000,-295000
2010/11/22,0,0,-100999,-100999
2010/11/23,0,100000,0,100000
2010/11/24,0,180000,-320001,-140001
2010/11/25,0,0,-3000,-3000
2010/11/26,0,0,-50000,-50000
2010/11/29,0,150000,-44000,106000
2010/11/30,0,60000,-135000,-75000
2010/12/01,0,0,-1000,-1000
2010/12/02,0,0,-32000,-32000
2010/12/03,0,0,-171000,-171000
2010/12/06,0,0,-3000,-3000
2010/12/07,0,0,0,0
2010/12/08,0,16000,-117000,-101000
2010/12/09,0,11000,-336000,-325000
2010/12/10,0,60000,-988000,-928000
2010/12/13,0,235000,-851000,-616000
2010/12/14,0,100000,-1403000,-1303000
2010/12/15,0,0,-374000,-374000
2010/12/16,0,20000,-800000,-780000
2010/12/17,0,2000,-762000,-760000
2010/12/20,0,0,-79000,-79000
2010/12/21,0,0,-288000,-288000
2010/12/22,0,1000,-45000,-44000
2010/12/23,0,0,-346000,-346000
2010/12/24,0,0,-369000,-369000
2010/12/27,0,70000,-604000,-534000
2010/12/28,0,0,0,0
2010/12/29,0,0,-2429000,-2429000
2010/12/30,0,26000,-62000,-36000
2010/12/31,0,0,-1000,-1000
2011/01/03,0,353000,-10000,343000
2011/01/04,0,365000,0,365000
2011/01/05,0,226000,-16000,210000
2011/01/06,0,0,-1800000,-1800000
2011/01/07,0,0,-149000,-149000
2011/01/10,0,0,-11000,-11000
2011/01/11,0,0,-848000,-848000
2011/01/12,0,44000,-281000,-237000
2011/01/13,0,380000,-10000,370000
2011/01/14,0,0,-78000,-78000
2011/01/17,0,0,-252000,-252000
2011/01/18,0,30000,-1758000,-1728000
2011/01/19,0,0,-284000,-284000
2011/01/20,0,0,-416000,-416000
2011/01/21,0,0,-994000,-994000
2011/01/24,0,0,-63000,-63000
2011/01/25,0,2000,0,2000
2011/01/26,0,0,-626000,-626000
2011/01/27,0,46000,-757000,-711000
2011/01/28,0,0,-301000,-301000
2011/01/31,0,0,0,0
2011/02/01,0,0,0,0
2011/02/02,0,0,0,0
2011/02/03,0,0,0,0
2011/02/04,0,0,0,0
2011/02/07,0,0,0,0
2011/02/08,0,60000,-893000,-833000
2011/02/09,0,0,0,0
2011/02/10,0,25000,0,25000
2011/02/11,0,1000,-145000,-144000
2011/02/14,0,0,-340000,-340000
2011/02/15,0,1000,-1612000,-1611000
2011/02/16,0,1000,-1467000,-1466000
2011/02/17,0,0,-1168000,-1168000
2011/02/18,0,0,-519000,-519000
2011/02/21,0,0,-528000,-528000
2011/02/22,0,239000,-400000,-161000
2011/02/23,0,14000,-65000,-51000
2011/02/24,0,75000,-300000,-225000
2011/02/25,0,1000,-4000,-3000
2011/02/28,0,0,0,0
2011/03/01,0,0,-60000,-60000
2011/03/02,0,0,0,0
2011/03/03,0,0,0,0
2011/03/04,0,0,-319000,-319000
2011/03/07,0,0,-93000,-93000
2011/03/08,0,0,0,0
2011/03/09,0,112000,0,112000
2011/03/10,0,0,-394000,-394000
2011/03/11,0,0,0,0
2011/03/14,0,1000,0,1000
2011/03/15,0,0,0,0
2011/03/16,0,120000,-76000,44000
2011/03/17,0,5000,0,5000
2011/03/18,0,0,-1000,-1000
2011/03/21,0,0,0,0
2011/03/22,0,0,0,0
2011/03/23,0,0,0,0
2011/03/24,0,2000,0,2000
2011/03/25,0,0,0,0
2011/03/28,0,0,-410000,-410000
2011/03/29,0,0,-776000,-776000
2011/03/30,0,0,-65000,-65000
2011/03/31,0,0,-13000,-13000
2011/04/01,0,0,-230000,-230000
2011/04/04,0,0,0,0
2011/04/05,0,0,0,0
2011/04/06,0,63000,-341000,-278000
2011/04/07,0,1243000,0,1243000
2011/04/08,0,1101000,0,1101000
2011/04/11,0,0,-48000,-48000
2011/04/12,0,0,0,0
2011/04/13,0,0,0,0
2011/04/14,0,100000,-6000,94000
2011/04/15,0,0,0,0
2011/04/18,0,0,0,0
2011/04/19,0,161000,-1101000,-940000
2011/04/20,0,0,0,0
2011/04/21,0,0,0,0
2011/04/22,0,9000,0,9000
2011/04/25,0,170000,0,170000
2011/04/26,0,0,-201000,-201000
2011/04/27,0,110000,-363000,-253000
2011/04/28,0,1650000,-13000,1637000
2011/04/29,0,1468000,0,1468000
2011/05/02,0,0,0,0
2011/05/03,0,230000,-94000,136000
2011/05/04,0,130000,0,130000
2011/05/05,0,10000,0,10000
2011/05/06,0,166000,0,166000
2011/05/09,0,20000,0,20000
2011/05/10,0,0,-100000,-100000
2011/05/11,0,30000,0,30000
2011/05/12,0,682000,-1000,681000
2011/05/13,0,0,-176000,-176000
2011/05/16,0,1000,-60000,-59000
2011/05/17,0,0,-100000,-100000
2011/05/18,0,0,0,0
2011/05/19,0,0,-45000,-45000
2011/05/20,0,0,-400000,-400000
2011/05/23,0,0,-63000,-63000
2011/05/24,0,0,-68000,-68000
2011/05/25,0,20000,0,20000
2011/05/26,0,20000,0,20000
2011/05/27,0,20000,-50000,-30000
2011/05/30,0,20000,0,20000
2011/05/31,0,0,-363000,-363000
2011/06/01,0,0,-400000,-400000
2011/06/02,0,0,-201000,-201000
2011/06/03,0,0,-114000,-114000
2011/06/06,0,0,0,0
2011/06/07,0,0,-816000,-816000
2011/06/08,0,0,-1140000,-1140000
2011/06/09,0,0,-100000,-100000
2011/06/10,0,0,0,0
2011/06/13,0,0,0,0
2011/06/14,0,11000,-50000,-39000
2011/06/15,0,28000,0,28000
2011/06/16,0,0,-350000,-350000
2011/06/17,0,2000,-71000,-69000
2011/06/20,0,1000,0,1000
2011/06/21,0,2000,0,2000
2011/06/22,0,1000,0,1000
2011/06/23,0,1000,-32000,-31000
2011/06/24,0,0,0,0
2011/06/27,0,0,-550000,-550000
2011/06/28,0,8000,0,8000
2011/06/29,0,1509000,0,1509000
2011/06/30,0,56000,0,56000
2011/07/01,0,0,0,0
2011/07/04,0,459000,0,459000
2011/07/05,0,306000,-114000,192000
2011/07/06,0,0,0,0
2011/07/07,0,278000,0,278000
2011/07/08,0,603000,-925000,-322000
2011/07/11,0,264000,0,264000
2011/07/12,0,121000,0,121000
2011/07/13,0,1000,-197000,-196000
2011/07/14,0,5000,0,5000
2011/07/15,0,275000,-1000,274000
2011/07/18,0,543000,0,543000
2011/07/19,0,315000,0,315000
2011/07/20,0,479000,-10000,469000
2011/07/21,0,1209000,-10000,1199000
2011/07/22,0,920000,-1000,919000
2011/07/25,0,514000,-230000,284000
2011/07/26,0,168000,0,168000
2011/07/27,0,2560000,-1000,2559000
2011/07/28,0,932000,-2000,930000
2011/07/29,0,363000,-500000,-137000
2011/08/01,0,1000,-373000,-372000
2011/08/02,0,50000,-71000,-21000
2011/08/03,0,289000,-378000,-89000
2011/08/04,0,1306000,-70000,1236000
2011/08/05,0,88000,-2278000,-2190000
2011/08/08,0,1101000,0,1101000
2011/08/09,0,745000,-340000,405000
2011/08/10,0,124000,-48000,76000
2011/08/11,0,11000,-365000,-354000
2011/08/12,0,311000,-5000,306000
2011/08/15,0,42000,0,42000
2011/08/16,0,508000,0,508000
2011/08/17,0,150000,-1000,149000
2011/08/18,0,472000,-125000,347000
2011/08/19,0,33000,-1458000,-1425000
2011/08/22,0,173000,-10000,163000
2011/08/23,0,133000,-14000,119000
2011/08/24,0,83000,0,83000
2011/08/25,0,160000,-70000,90000
2011/08/26,0,10000,-820000,-810000
2011/08/29,0,2000,-10000,-8000
2011/08/30,0,0,-530000,-530000
2011/08/31,0,0,-721000,-721000
2011/09/01,0,0,-1000,-1000
2011/09/02,0,12000,-1000,11000
2011/09/05,0,0,-3000,-3000
2011/09/06,0,0,-1938000,-1938000
2011/09/07,0,22000,0,22000
2011/09/08,0,0,-76000,-76000
2011/09/09,0,356000,-77000,279000
2011/09/12,0,0,0,0
2011/09/13,0,357000,-171085,185915
2011/09/14,0,167000,-2000,165000
2011/09/15,0,180000,-59000,121000
2011/09/16,0,236000,-112000,124000
2011/09/19,0,1000,-300,700
2011/09/20,0,0,0,0
2011/09/21,0,473,-6000,-5527
2011/09/22,0,0,-1000,-1000
2011/09/23,0,1000,-397000,-396000
2011/09/26,0,84000,-190000,-106000
2011/09/27,0,1000,-412000,-411000
2011/09/28,0,0,-1398000,-1398000
2011/09/29,0,52000,-121000,-69000
2011/09/30,0,34000,-13000,21000
2011/10/03,0,0,-392000,-392000
2011/10/04,0,4000,-981000,-977000
2011/10/05,0,6000,-702000,-696000
2011/10/06,0,82000,-714000,-632000
2011/10/07,0,151000,-1993000,-1842000
2011/10/10,0,0,0,0
2011/10/11,0,0,-342000,-342000
2011/10/12,0,75000,-1244000,-1169000
2011/10/13,0,922000,-100000,822000
2011/10/14,0,454000,-83000,371000
2011/10/17,0,286000,-1231,284769
2011/10/18,0,277880,0,277880
2011/10/19,0,416000,0,416000
2011/10/20,0,500000,-50000,450000
2011/10/21,0,0,-234000,-234000
2011/10/24,0,1367000,0,1367000
2011/10/25,0,1013000,0,1013000
2011/10/26,0,751000,0,751000
2011/10/27,0,173000,0,173000
2011/10/28,0,1985000,-253000,1732000
2011/10/31,0,324000,-1000,323000
2011/11/01,0,345000,-1000,344000
2011/11/02,0,262000,0,262000
2011/11/03,0,0,-40000,-40000
2011/11/04,0,200000,-10000,190000
2011/11/07,0,531000,-128000,403000
2011/11/08,0,2000,0,2000
2011/11/09,0,150000,0,150000
2011/11/10,0,29000,-282000,-253000
2011/11/11,0,17000,-76000,-59000
2011/11/14,0,127000,-714137,-587137
2011/11/15,0,150000,-512000,-362000
2011/11/16,0,150000,-252000,-102000
2011/11/17,0,2000,-411000,-409000
2011/11/18,0,150000,-467000,-317000
2011/11/21,0,82000,0,82000
2011/11/22,0,180000,-2000,178000
2011/11/23,0,3000,-461000,-458000
2011/11/24,0,72000,-184000,-112000
2011/11/25,0,2000,-80000,-78000
2011/11/28,0,1000,-355000,-354000
2011/11/29,0,1000,-100000,-99000
2011/11/30,0,0,-611000,-611000
2011/12/01,0,795000,-1508000,-713000
2011/12/02,0,0,0,0
2011/12/05,0,2000,-1000,1000
2011/12/06,0,150000,0,150000
2011/12/07,0,0,-30000,-30000
2011/12/08,0,213000,-160000,53000
2011/12/09,0,417,-60000,-59583
2011/12/12,0,0,-20000,-20000
2011/12/13,0,0,-279000,-279000
2011/12/14,0,0,-38000,-38000
2011/12/15,0,0,-31000,-31000
2011/12/16,0,1000,-4050,-3050
2011/12/19,0,4000,-294100,-290100
2011/12/20,0,0,-430000,-430000
2011/12/21,0,0,-100000,-100000
2011/12/22,0,1000,-478000,-477000
2011/12/23,0,0,-11000,-11000
2011/12/26,0,0,0,0
2011/12/27,0,2000,-6000,-4000
2011/12/28,0,0,-912000,-912000
2011/12/29,0,47000,-556000,-509000
2011/12/30,0,0,-46000,-46000
2012/01/02,0,1000,0,1000
2012/01/03,0,0,-70000,-70000
2012/01/04,0,0,-725000,-725000
2012/01/05,0,489,-126000,-125511
2012/01/06,0,80000,-401000,-321000
2012/01/09,0,600000,0,600000
2012/01/10,0,0,0,0
2012/01/11,0,0,-1000,-1000
2012/01/12,0,0,-351000,-351000
2012/01/13,0,224000,-406000,-182000
2012/01/16,0,0,-1504000,-1504000
2012/01/17,0,0,-504000,-504000
2012/01/18,0,0,-523000,-523000
2012/01/19,0,0,0,0
2012/01/20,0,0,0,0
2012/01/23,0,0,0,0
2012/01/24,0,0,0,0
2012/01/25,0,0,0,0
2012/01/26,0,0,0,0
2012/01/27,0,0,0,0
2012/01/30,0,0,-6000,-6000
2012/01/31,0,0,-80000,-80000
2012/02/01,0,0,-1000,-1000
2012/02/02,0,280000,-4000,276000
2012/02/03,0,40000,-1000,39000
2012/02/06,0,15000,-3000,12000
2012/02/07,0,1000,0,1000
2012/02/08,0,0,-1000,-1000
2012/02/09,0,4362,-9000,-4638
2012/02/10,0,490000,-1000,489000
2012/02/13,0,0,0,0
2012/02/14,0,0,-104000,-104000
2012/02/15,0,0,-1000,-1000
2012/02/16,0,21000,-455000,-434000
2012/02/17,0,35000,0,35000
2012/02/20,0,0,-1000,-1000
2012/02/21,0,0,0,0
2012/02/22,0,0,-77000,-77000
2012/02/23,0,60000,-1000,59000
2012/02/24,0,0,-3000,-3000
2012/02/27,0,0,0,0
2012/02/28,0,0,0,0
2012/02/29,0,0,-17000,-17000
2012/03/01,0,160000,-3020,156980
2012/03/02,0,9000,-2000,7000
2012/03/05,0,0,-172000,-172000
2012/03/06,0,276000,-200000,76000
2012/03/07,0,200000,0,200000
2012/03/08,0,9,-190000,-189991
2012/03/09,0,0,0,0
2012/03/12,0,0,-244000,-244000
2012/03/13,0,0,-137000,-137000
2012/03/14,0,0,-490000,-490000
2012/03/15,0,0,-46000,-46000
2012/03/16,0,200000,-30000,170000
2012/03/19,0,0,-500,-500
2012/03/20,0,0,-1000,-1000
2012/03/21,0,0,-889000,-889000
2012/03/22,0,0,-228000,-228000
2012/03/23,0,0,-15000,-15000
2012/03/26,0,0,-1000,-1000
2012/03/27,0,120000,0,120000
2012/03/28,0,0,0,0
2012/03/29,0,0,-239000,-239000
2012/03/30,0,8000,0,8000
2012/04/02,0,0,-326000,-326000
2012/04/03,0,0,-262000,-262000
2012/04/04,0,0,0,0
2012/04/05,0,2550,-110000,-107450
2012/04/06,0,2000,0,2000
2012/04/09,0,0,-112000,-112000
2012/04/10,0,0,0,0
2012/04/11,0,0,0,0
2012/04/12,0,0,0,0
2012/04/13,0,3000,0,3000
2012/04/16,0,5000,0,5000
2012/04/17,0,220000,-19000,201000
2012/04/18,0,0,0,0
2012/04/19,0,0,0,0
2012/04/20,0,2000,0,2000
2012/04/23,0,0,0,0
2012/04/24,0,46000,0,46000
2012/04/25,0,55000,0,55000
2012/04/26,0,0,0,0
2012/04/27,0,0,0,0
2012/04/30,0,0,0,0
2012/05/01,0,0,0,0
2012/05/02,0,143000,0,143000
2012/05/03,0,0,-848,-848
2012/05/04,0,2000,-2000,0
2012/05/07,0,0,0,0
2012/05/08,0,0,0,0
2012/05/09,0,0,0,0
2012/05/10,0,0,0,0
2012/05/11,0,2000,0,2000
2012/05/14,0,0,0,0
2012/05/15,0,2000,0,2000
2012/05/16,0,75000,0,75000
2012/05/17,0,126000,0,126000
2012/05/18,0,3000,0,3000
2012/05/21,0,0,0,0
2012/05/22,0,0,0,0
2012/05/23,0,0,-182000,-182000
2012/05/24,0,0,0,0
2012/05/25,0,20000,0,20000
2012/05/28,0,0,0,0
2012/05/29,0,95000,0,95000
2012/05/30,0,0,-1904,-1904
2012/05/31,0,0,-2000,-2000
2012/06/01,0,2000,0,2000
2012/06/04,0,3000,-160000,-157000
2012/06/05,0,2000,0,2000
2012/06/06,0,0,-17000,-17000
2012/06/07,0,0,0,0
2012/06/08,0,21000,0,21000
2012/06/11,0,7000,0,7000
2012/06/12,0,22000,-170000,-148000
2012/06/13,0,11000,-3000,8000
2012/06/14,0,9000,0,9000
2012/06/15,0,0,-37000,-37000
2012/06/18,0,0,0,0
2012/06/19,0,0,-2000,-2000
2012/06/20,0,0,0,0
2012/06/21,0,4000,0,4000
2012/06/22,0,0,0,0
2012/06/25,0,45000,0,45000
2012/06/26,0,215000,-11477,203523
2012/06/27,0,35000,0,35000
2012/06/28,0,0,-2000,-2000
2012/06/29,0,0,0,0
2012/07/02,0,36000,-2000,34000
2012/07/03,0,31000,0,31000
2012/07/04,0,70000,0,70000
2012/07/05,0,46000,-1000,45000
2012/07/06,0,647000,-3000,644000
2012/07/09,0,0,-140000,-140000
2012/07/10,0,0,0,0
2012/07/11,0,0,-7000,-7000
2012/07/12,0,0,0,0
2012/07/13,0,0,0,0
2012/07/16,0,0,0,0
2012/07/17,0,14000,0,14000
2012/07/18,0,0,0,0
2012/07/19,0,0,0,0
2012/07/20,0,0,0,0
2012/07/23,0,2233000,-2000,2231000
2012/07/24,0,551000,0,551000
2012/07/25,0,679000,0,679000
2012/07/26,0,803000,0,803000
2012/07/27,0,632000,0,632000
2012/07/30,0,110000,0,110000
2012/07/31,0,1092000,0,1092000
2012/08/01,0,2712000,0,2712000
2012/08/02,0,0,0,0
2012/08/03,0,352000,0,352000
2012/08/06,0,660000,-1000,659000
2012/08/07,0,647000,-27000,620000
2012/08/08,0,2268000,-5000,2263000
2012/08/09,0,300000,-4000,296000
2012/08/10,0,71500,-73000,-1500
2012/08/13,0,55000,-2000,53000
2012/08/14,0,13000,-179000,-166000
2012/08/15,0,125000,-473000,-348000
2012/08/16,0,704000,-2000,702000
2012/08/17,0,197527,-2000,195527
2012/08/20,0,34000,-6000,28000
2012/08/21,0,34000,0,34000
2012/08/22,0,482000,0,482000
2012/08/23,0,68000,-8000,60000
2012/08/24,0,163000,0,163000
2012/08/27,0,1000,0,1000
2012/08/28,0,51000,0,51000
2012/08/29,0,99000,-107000,-8000
2012/08/30,0,0,0,0
2012/08/31,0,113000,-4000,109000
2012/09/03,0,60000,-1000,59000
2012/09/04,0,60000,0,60000
2012/09/05,0,20000,0,20000
2012/09/06,0,1000,0,1000
2012/09/07,0,268000,-1000,267000
2012/09/10,0,1376000,0,1376000
2012/09/11,0,1011000,0,1011000
2012/09/12,0,841000,0,841000
2012/09/13,0,80000,0,80000
2012/09/14,0,2185000,0,2185000
2012/09/17,0,1173000,0,1173000
2012/09/18,0,366000,-58000,308000
2012/09/19,0,10000,-37000,-27000
2012/09/20,0,0,-57000,-57000
2012/09/21,0,0,-33000,-33000
2012/09/24,0,100000,-2000,98000
2012/09/25,0,500000,-436000,64000
2012/09/26,0,45000,-96000,-51000
2012/09/27,0,678000,0,678000
2012/09/28,0,130000,-40000,90000
2012/10/01,0,0,0,0
2012/10/02,0,280000,0,280000
2012/10/03,0,250000,0,250000
2012/10/04,0,79000,-1358000,-1279000
2012/10/05,0,0,-608000,-608000
2012/10/08,0,0,0,0
2012/10/09,0,0,-1035000,-1035000
2012/10/10,0,0,0,0
2012/10/11,0,27000,-214000,-187000
2012/10/12,0,0,-253000,-253000
2012/10/15,0,0,-38000,-38000
2012/10/16,0,0,0,0
2012/10/17,0,64000,-250000,-186000
2012/10/18,0,8000,-158000,-150000
2012/10/19,0,0,-390000,-390000
2012/10/22,0,0,-175000,-175000
2012/10/23,0,111000,-696000,-585000
2012/10/24,0,0,-619000,-619000
2012/10/25,0,400000,-182000,218000
2012/10/26,0,0,-927000,-927000
2012/10/29,0,0,-807872,-807872
2012/10/30,0,150000,-91000,59000
2012/10/31,0,0,-1000,-1000
2012/11/01,0,350000,-45000,305000
2012/11/02,0,324000,-116000,208000
2012/11/05,0,0,0,0
2012/11/06,0,0,-65000,-65000
2012/11/07,0,0,-280000,-280000
2012/11/08,0,3000,0,3000
2012/11/09,0,36000,-140000,-104000
2012/11/12,0,400000,0,400000
2012/11/13,0,0,-15000,-15000
2012/11/14,0,100000,-10000,90000
2012/11/15,0,35000,-8000,27000
2012/11/16,0,4000,-497000,-493000
2012/11/19,0,484000,-200000,284000
2012/11/20,0,0,0,0
2012/11/21,0,0,-241000,-241000
2012/11/22,0,30000,-3036000,-3006000
2012/11/23,0,0,-379000,-379000
2012/11/26,0,20000,0,20000
2012/11/27,0,0,-2000,-2000
2012/11/28,0,0,-180000,-180000
2012/11/29,0,514000,-177000,337000
2012/11/30,0,10000,-178000,-168000
2012/12/03,0,0,-276000,-276000
2012/12/04,0,0,-160000,-160000
2012/12/05,0,10000,-16000,-6000
2012/12/06,0,0,-396000,-396000
2012/12/07,0,0,-27000,-27000
2012/12/10,0,0,-16000,-16000
2012/12/11,0,0,-8000,-8000
2012/12/12,0,200000,-100000,100000
2012/12/13,0,80000,-51000,29000
2012/12/14,0,0,-50000,-50000
2012/12/17,0,0,-3000,-3000
2012/12/18,0,0,-2000,-2000
2012/12/19,0,0,-526000,-526000
2012/12/20,0,0,-360000,-360000
2012/12/21,0,0,-954000,-954000
2012/12/24,0,0,-194000,-194000
2012/12/25,0,40000,0,40000
2012/12/26,0,0,-238000,-238000
2012/12/27,0,94000,-711000,-617000
2012/12/28,0,294000,-178000,116000
2012/12/31,0,0,0,0
2013/01/01,0,0,0,0
2013/01/02,0,70000,-80000,-10000
2013/01/03,0,206000,-965000,-759000
2013/01/04,0,0,-331000,-331000
2013/01/07,0,16000,-64000,-48000
2013/01/08,0,0,-1000,-1000
2013/01/09,0,0,-2000,-2000
2013/01/10,0,40000,-194000,-154000
2013/01/11,0,251000,-196000,55000
2013/01/14,0,0,0,0
2013/01/15,0,0,-2000,-2000
2013/01/16,0,0,-481000,-481000
2013/01/17,0,1003,-689000,-687997
2013/01/18,0,0,-63000,-63000
2013/01/21,0,0,-121000,-121000
2013/01/22,0,55000,-2000,53000
2013/01/23,0,0,-686000,-686000
2013/01/24,0,0,-1702000,-1702000
2013/01/25,0,0,-1043000,-1043000
2013/01/28,0,0,-208000,-208000
2013/01/29,0,0,-500,-500
2013/01/30,0,0,-105000,-105000
2013/01/31,0,3000,-85000,-82000
2013/02/01,0,0,0,0
2013/02/04,0,0,-42000,-42000
2013/02/05,0,0,-27000,-27000
2013/02/06,0,0,-1000,-1000
2013/02/07,0,0,0,0
2013/02/08,0,0,0,0
2013/02/11,0,0,0,0
2013/02/12,0,0,0,0
2013/02/13,0,0,0,0
2013/02/14,0,0,0,0
2013/02/15,0,0,0,0
2013/02/18,0,0,-869000,-869000
2013/02/19,0,0,0,0
2013/02/20,0,0,-27000,-27000
2013/02/21,0,0,-203000,-203000
2013/02/22,0,0,-2000,-2000
2013/02/25,0,0,0,0
2013/02/26,0,0,-279000,-279000
2013/02/27,0,0,0,0
2013/02/28,0,0,0,0
2013/03/01,0,0,-84000,-84000
2013/03/04,0,0,-66000,-66000
2013/03/05,0,0,0,0
2013/03/06,0,0,-1000,-1000
2013/03/07,0,0,-86000,-86000
2013/03/08,0,0,0,0
2013/03/11,0,0,0,0
2013/03/12,0,50000,-1000,49000
2013/03/13,0,0,0,0
2013/03/14,0,0,-301000,-301000
2013/03/15,0,533000,-77000,456000
2013/03/18,0,5000,-3000,2000
2013/03/19,0,0,0,0
2013/03/20,0,0,0,0
2013/03/21,0,0,-130000,-130000
2013/03/22,0,0,-226000,-226000
2013/03/25,0,0,0,0
2013/03/26,0,0,-100000,-100000
2013/03/27,0,30000,-13000,17000
2013/03/28,0,0,-1000,-1000
2013/03/29,0,0,0,0
2013/04/01,0,0,0,0
2013/04/02,0,0,-128000,-128000
2013/04/03,0,0,-116000,-116000
2013/04/04,0,0,0,0
2013/04/05,0,0,0,0
2013/04/08,0,0,-301000,-301000
2013/04/09,0,0,-1000,-1000
2013/04/10,0,0,0,0
2013/04/11,0,0,0,0
2013/04/12,0,0,-22000,-22000
2013/04/15,0,0,0,0
2013/04/16,0,0,0,0
2013/04/17,0,37000,0,37000
2013/04/18,0,0,0,0
2013/04/19,0,3186,0,3186
2013/04/22,0,85000,-102000,-17000
2013/04/23,0,0,-124000,-124000
2013/04/24,0,0,-2000,-2000
2013/04/25,0,0,-223000,-223000
2013/04/26,0,0,-51000,-51000
2013/04/29,0,1000,-116000,-115000
2013/04/30,0,0,-11000,-11000
2013/05/01,0,0,0,0
2013/05/02,0,0,0,0
2013/05/03,0,0,-44000,-44000
2013/05/06,0,0,0,0
2013/05/07,0,0,0,0
2013/05/08,0,0,0,0
2013/05/09,0,622000,-2000,620000
2013/05/10,0,1542000,0,1542000
2013/05/13,0,720000,-2000,718000
2013/05/14,0,330000,-2000,328000
2013/05/15,0,290000,0,290000
2013/05/16,0,54000,0,54000
2013/05/17,0,0,0,0
2013/05/20,0,52000,-2000,50000
2013/05/21,0,151000,0,151000
2013/05/22,0,0,-2000,-2000
2013/05/23,0,0,-1000,-1000
2013/05/24,0,5000,-14000,-9000
2013/05/27,0,160000,-1000,159000
2013/05/28,0,0,0,0
2013/05/29,0,0,0,0
2013/05/30,0,1000,-10000,-9000
2013/05/31,0,3000,0,3000
2013/06/03,0,14000,0,14000
2013/06/04,0,3000,0,3000
2013/06/05,0,0,-70000,-70000
2013/06/06,0,110000,-1000,109000
2013/06/07,0,0,0,0
2013/06/10,0,0,-60000,-60000
2013/06/11,0,34000,-120000,-86000
2013/06/12,0,0,0,0
2013/06/13,0,30000,-444000,-414000
2013/06/14,0,0,-190000,-190000
2013/06/17,0,0,-130000,-130000
2013/06/18,0,0,-1000,-1000
2013/06/19,0,0,-180000,-180000
2013/06/20,0,0,-60000,-60000
2013/06/21,0,1500,-528000,-526500
2013/06/24,0,5000,-725000,-720000
2013/06/25,0,50000,-1035000,-985000
2013/06/26,0,0,-154000,-154000
2013/06/27,0,0,-103000,-103000
2013/06/28,0,0,0,0
2013/07/01,0,0,-201000,-201000
2013/07/02,0,0,-305000,-305000
2013/07/03,0,0,-256000,-256000
2013/07/04,0,1000,-200000,-199000
2013/07/05,0,327000,0,327000
2013/07/08,0,0,0,0
2013/07/09,0,0,0,0
2013/07/10,0,0,0,0
2013/07/11,0,0,-2587,-2587
2013/07/12,0,0,-2000,-2000
2013/07/15,0,0,0,0
2013/07/16,0,0,-82000,-82000
2013/07/17,0,0,0,0
2013/07/18,0,0,0,0
2013/07/19,0,0,-60000,-60000
2013/07/22,0,0,0,0
2013/07/23,0,0,0,0
2013/07/24,0,1000,0,1000
2013/07/25,0,1000,-50000,-49000
2013/07/26,0,0,0,0
2013/07/29,0,0,0,0
2013/07/30,0,0,-7000,-7000
2013/07/31,0,0,0,0
2013/08/01,0,0,0,0
2013/08/02,0,0,0,0
2013/08/05,0,0,-2000,-2000
2013/08/06,0,0,0,0
2013/08/07,0,0,0,0
2013/08/08,0,0,0,0
2013/08/09,0,0,0,0
2013/08/12,0,52000,0,52000
2013/08/13,0,0,0,0
2013/08/14,0,1000,0,1000
2013/08/15,0,0,0,0
2013/08/16,0,0,-2000,-2000
2013/08/19,0,1000,-150000,-149000
2013/08/20,0,0,-150000,-150000
2013/08/21,0,0,0,0
2013/08/22,0,1000,0,1000
2013/08/23,0,3000,-50000,-47000
2013/08/26,0,4000,0,4000
2013/08/27,0,0,0,0
2013/08/28,0,2000,0,2000
2013/08/29,0,0,0,0
2013/08/30,0,1000,-1000,0
2013/09/02,0,0,0,0
2013/09/03,0,201595,0,201595
2013/09/04,0,0,-200000,-200000
2013/09/05,0,2000,0,2000
2013/09/06,0,1500,-150000,-148500
2013/09/09,0,0,0,0
2013/09/10,0,1000,-200000,-199000
2013/09/11,0,4000,0,4000
2013/09/12,0,0,-41000,-41000
2013/09/13,0,0,-43000,-43000
2013/09/16,0,1000,0,1000
2013/09/17,0,0,0,0
2013/09/18,0,2000,-56000,-54000
2013/09/19,0,0,0,0
2013/09/20,0,0,0,0
2013/09/23,0,0,-55000,-55000
2013/09/24,0,0,-120000,-120000
2013/09/25,0,0,0,0
2013/09/26,0,0,-108000,-108000
2013/09/27,0,0,-55000,-55000
2013/09/30,0,17000,0,17000
2013/10/01,0,0,-476000,-476000
2013/10/02,0,1000,0,1000
2013/10/03,0,1000,0,1000
2013/10/04,0,0,0,0
2013/10/07,0,20000,0,20000
2013/10/08,0,447000,-150000,297000
2013/10/09,0,0,0,0
2013/10/10,0,0,0,0
2013/10/11,0,65000,0,65000
2013/10/14,0,0,0,0
2013/10/15,0,109000,0,109000
2013/10/16,0,0,0,0
2013/10/17,0,41000,-3000,38000
2013/10/18,0,0,-500,-500
2013/10/21,0,0,0,0
2013/10/22,0,0,-84000,-84000
2013/10/23,0,0,0,0
2013/10/24,0,0,0,0
2013/10/25,0,0,0,0
2013/10/28,0,0,-6000,-6000
2013/10/29,0,0,0,0
2013/10/30,0,0,0,0
2013/10/31,0,0,-6000,-6000
2013/11/01,0,0,0,0
2013/11/04,0,0,-836000,-836000
2013/11/05,0,0,-206000,-206000
2013/11/06,0,20000,-228000,-208000
2013/11/07,0,0,-68000,-68000
2013/11/08,0,0,0,0
2013/11/11,0,0,-58000,-58000
2013/11/12,0,0,0,0
2013/11/13,0,3000,0,3000
2013/11/14,0,0,0,0
2013/11/15,0,0,0,0
2013/11/18,0,0,0,0
2013/11/19,0,0,0,0
2013/11/20,0,0,0,0
2013/11/21,0,0,0,0
2013/11/22,0,0,0,0
2013/11/25,0,1761,-25000,-23239
2013/11/26,0,0,-59000,-59000
2013/11/27,0,0,-153000,-153000
2013/11/28,0,0,0,0
2013/11/29,0,0,0,0
2013/12/02,0,0,0,0
2013/12/03,0,0,-20000,-20000
2013/12/04,0,0,0,0
2013/12/05,0,0,0,0
2013/12/06,0,0,-42000,-42000
2013/12/09,0,0,0,0
2013/12/10,0,0,0,0
2013/12/11,0,0,-100000,-100000
2013/12/12,0,0,0,0
2013/12/13,0,0,0,0
2013/12/16,0,0,0,0
2013/12/17,0,0,-1000,-1000
2013/12/18,0,0,-500000,-500000
2013/12/19,0,0,-900000,-900000
2013/12/20,0,128000,-3532756,-3404756
2013/12/23,0,11000,-285513,-274513
2013/12/24,0,0,-4000,-4000
2013/12/25,0,0,-2000,-2000
2013/12/26,0,0,-50000,-50000
2013/12/27,0,1000,0,1000
2013/12/30,0,0,-7000,-7000
2013/12/31,0,0,-1000,-1000
2014/01/02,0,0,-137000,-137000
2014/01/03,0,0,-2000,-2000
2014/01/06,0,0,0,0
2014/01/07,0,0,-127000,-127000
2014/01/08,0,1000,-28000,-27000
2014/01/09,0,0,-100000,-100000
2014/01/10,0,0,0,0
2014/01/13,0,0,0,0
2014/01/14,0,1000,0,1000
2014/01/15,0,2000,0,2000
2014/01/16,0,0,0,0
2014/01/17,0,0,0,0
2014/01/20,0,0,0,0
2014/01/21,0,0,-1000,-1000
2014/01/22,0,0,-1000,-1000
2014/01/23,0,0,0,0
2014/01/24,0,0,-1000,-1000
2014/01/27,0,0,-1000,-1000
2014/02/05,0,0,0,0
2014/02/06,0,0,0,0
2014/02/07,0,0,0,0
2014/02/10,0,0,0,0
2014/02/11,0,0,0,0
2014/02/12,0,0,0,0
2014/02/13,0,0,-11998,-11998
2014/02/14,0,0,0,0
2014/02/17,0,0,-18000,-18000
2014/02/18,0,0,0,0
2014/02/19,0,0,-7000,-7000
2014/02/20,0,0,-8000,-8000
2014/02/21,0,0,0,0
2014/02/24,0,2000,0,2000
2014/02/25,0,0,0,0
2014/02/26,0,470000,0,470000
2014/02/27,0,880000,-1000,879000
2014/03/03,0,100000,0,100000
2014/03/04,0,0,0,0
2014/03/05,0,275000,0,275000
2014/03/06,0,0,-1000,-1000
2014/03/07,0,0,-1000,-1000
2014/03/10,0,0,-2000,-2000
2014/03/11,0,0,-1000,-1000
2014/03/12,0,0,-1000,-1000
2014/03/13,0,0,0,0
2014/03/14,0,0,-1000,-1000
2014/03/17,0,0,0,0
2014/03/18,0,0,0,0
2014/03/19,0,0,0,0
2014/03/20,0,0,0,0
2014/03/21,0,0,-3000,-3000
2014/03/24,0,0,0,0
2014/03/25,0,0,0,0
2014/03/26,0,0,0,0
2014/03/27,0,0,0,0
2014/03/28,0,0,-1000,-1000
2014/03/31,0,0,0,0
2014/04/01,0,8000,0,8000
2014/04/02,0,0,0,0
2014/04/03,0,0,-146000,-146000
2014/04/07,0,0,-1000,-1000
2014/04/08,0,0,0,0
2014/04/09,0,0,0,0
2014/04/10,0,1064,0,1064
2014/04/11,0,0,0,0
2014/04/14,0,0,0,0
2014/04/15,0,0,0,0
2014/04/16,0,0,0,0
2014/04/17,0,0,0,0
2014/04/18,0,0,0,0
2014/04/21,0,0,0,0
2014/04/22,0,0,-2000,-2000
2014/04/23,0,0,0,0
2014/04/24,0,0,0,0
2014/04/25,0,0,0,0
2014/04/28,0,0,0,0
2014/04/29,0,0,0,0
2014/04/30,0,0,-6000,-6000
2014/05/02,0,0,0,0
2014/05/05,0,0,0,0
2014/05/06,0,100000,0,100000
2014/05/07,0,0,0,0
2014/05/08,0,0,0,0
2014/05/09,0,60000,0,60000
2014/05/12,0,70000,0,70000
2014/05/13,0,0,0,0
2014/05/14,0,0,0,0
2014/05/15,0,3000,0,3000
2014/05/16,0,0,0,0
2014/05/19,0,0,0,0
2014/05/20,0,0,0,0
2014/05/21,0,0,0,0
2014/05/22,0,0,0,0
2014/05/23,0,0,0,0
2014/05/26,0,0,-6000,-6000
2014/05/27,0,0,-3000,-3000
2014/05/28,0,0,0,0
2014/05/29,0,0,-26000,-26000
2014/05/30,0,0,-1000,-1000
2014/06/03,0,0,-1000,-1000
2014/06/04,0,0,0,0
2014/06/05,0,0,0,0
2014/06/06,0,0,0,0
2014/06/09,0,0,0,0
2014/06/10,0,0,-2000,-2000
2014/06/11,0,0,-3000,-3000
2014/06/12,0,0,-4000,-4000
2014/06/13,0,0,-3000,-3000
2014/06/16,0,0,-1000,-1000
2014/06/17,0,0,0,0
2014/06/18,0,0,0,0
2014/06/19,0,0,0,0
2014/06/20,0,0,-1500,-1500
2014/06/23,0,0,0,0
2014/06/24,0,14000,-2000,12000
2014/06/25,0,0,-1000,-1000
2014/06/26,0,0,0,0
2014/06/27,0,238000,0,238000
2014/06/30,0,1000,-1000,0
2014/07/01,0,0,0,0
2014/07/02,0,2099,0,2099
2014/07/03,0,0,0,0
2014/07/04,0,0,0,0
2014/07/07,0,0,0,0
2014/07/08,0,0,-1000,-1000
2014/07/09,0,0,0,0
2014/07/10,0,0,0,0
2014/07/11,0,0,0,0
2014/07/14,0,0,0,0
2014/07/15,0,0,-2000,-2000
2014/07/16,0,0,0,0
2014/07/17,0,4000,0,4000
2014/07/18,0,0,0,0
2014/07/21,0,0,0,0
2014/07/22,0,4000,0,4000
2014/07/23,0,0,0,0
2014/07/24,0,2000,0,2000
2014/07/25,0,2000,0,2000
2014/07/28,0,0,0,0
2014/07/29,0,1000,0,1000
2014/07/30,0,23000,-400000,-377000
2014/07/31,0,7000,0,7000
2014/08/01,0,6000,0,6000
2014/08/04,0,0,0,0
2014/08/05,0,0,0,0
2014/08/06,0,1000,0,1000
2014/08/07,0,8000,0,8000
2014/08/08,0,11000,0,11000
2014/08/11,0,4000,0,4000
2014/08/12,0,3000,0,3000
2014/08/13,0,1000,0,1000
2014/08/14,0,5000,0,5000
2014/08/15,0,2000,0,2000
2014/08/18,0,0,0,0
2014/08/19,0,1000,-1000,0
2014/08/20,0,1000,0,1000
2014/08/21,0,8000,0,8000
2014/08/22,0,0,0,0
2014/08/25,0,0,0,0
2014/08/26,0,1000,0,1000
2014/08/27,0,1000,0,1000
2014/08/28,0,5000,-8000,-3000
2014/08/29,0,0,0,0
2014/09/01,0,0,-138000,-138000
2014/09/02,0,0,-50000,-50000
2014/09/03,0,5000,0,5000
2014/09/04,0,3000,-74000,-71000
2014/09/05,0,4000,0,4000
2014/09/09,0,0,0,0
2014/09/10,0,0,0,0
2014/09/11,0,6000,0,6000
2014/09/12,0,5000,0,5000
2014/09/15,0,1000,0,1000
2014/09/16,0,2000,0,2000
2014/09/17,0,3000,0,3000
2014/09/18,0,0,0,0
2014/09/19,0,0,0,0
2014/09/22,0,9383,0,9383
2014/09/23,0,4000,0,4000
2014/09/24,0,1000,0,1000
2014/09/25,0,0,0,0
2014/09/26,0,0,0,0
2014/09/29,0,0,0,0
2014/09/30,0,6000,0,6000
2014/10/01,0,0,0,0
2014/10/02,0,1000,0,1000
2014/10/03,0,0,0,0
2014/10/06,0,2000,0,2000
2014/10/07,0,1000,0,1000
2014/10/08,0,0,0,0
2014/10/09,0,100000,-1000,99000
2014/10/13,0,0,0,0
2014/10/14,0,0,0,0
2014/10/15,0,1000,0,1000
2014/10/16,0,0,0,0
2014/10/17,0,1000,0,1000
2014/10/20,0,0,0,0
2014/10/21,0,1000,0,1000
2014/10/22,0,0,0,0
2014/10/23,0,1000,0,1000
2014/10/24,0,0,0,0
2014/10/27,0,0,0,0
2014/10/28,0,0,0,0
2014/10/29,0,1000,0,1000
2014/10/30,0,0,0,0
2014/10/31,0,0,0,0
2014/11/03,0,0,-1000,-1000
2014/11/04,0,0,0,0
2014/11/05,0,0,0,0
2014/11/06,0,0,0,0
2014/11/07,0,0,0,0
2014/11/10,0,0,0,0
2014/11/11,0,6000,0,6000
2014/11/12,0,3000,0,3000
2014/11/13,0,0,0,0
2014/11/14,0,0,0,0
2014/11/17,0,0,0,0
2014/11/18,0,0,0,0
2014/11/19,0,0,0,0
2014/11/20,0,1000,0,1000
2014/11/21,0,0,0,0
2014/11/24,0,0,0,0
2014/11/25,0,0,0,0
2014/11/26,0,0,0,0
2014/11/27,0,0,-1000,-1000
2014/11/28,0,0,0,0
2014/12/01,0,0,0,0
2014/12/02,0,0,0,0
2014/12/03,0,0,-1000,-1000
2014/12/04,0,0,0,0
2014/12/05,0,0,-21000,-21000
2014/12/08,0,0,-1000,-1000
2014/12/09,0,0,0,0
2014/12/10,0,0,-2000,-2000
2014/12/11,0,0,-961,-961
2014/12/12,0,0,0,0
2014/12/15,0,0,0,0
2014/12/16,0,0,-4000,-4000
2014/12/17,0,0,0,0
2014/12/18,0,0,0,0
2014/12/19,0,0,-4000,-4000
2014/12/22,0,0,0,0
2014/12/23,0,0,0,0
2014/12/24,0,0,0,0
2014/12/25,0,0,0,0
2014/12/26,0,0,0,0
2014/12/29,0,0,0,0
2014/12/30,0,0,0,0
2014/12/31,0,0,0,0
2015/01/01,0,0,0,0
2015/01/02,0,0,0,0
2015/01/05,0,0,0,0
2015/01/06,0,0,0,0
2015/01/07,0,0,-1000,-1000
2015/01/08,0,0,0,0
2015/01/09,0,0,0,0
2015/01/12,0,0,0,0
2015/01/13,0,0,0,0
2015/01/14,0,0,-1000,-1000
2015/01/15,0,0,0,0
2015/01/16,0,0,0,0
2015/01/19,0,0,0,0
2015/01/20,0,0,-100000,-100000
2015/01/21,0,0,0,0
2015/01/22,0,0,0,0
2015/01/23,0,0,-1000,-1000
2015/01/26,0,0,0,0
2015/01/27,0,0,0,0
2015/01/28,0,0,-100000,-100000
2015/01/29,0,0,0,0
2015/01/30,0,0,-1000,-1000
2015/02/02,0,0,0,0
2015/02/03,0,0,0,0
2015/02/04,0,0,0,0
2015/02/05,0,0,0,0
2015/02/06,0,0,0,0
2015/02/09,0,0,0,0
2015/02/10,0,0,0,0
2015/02/11,0,0,0,0
2015/02/12,0,0,0,0
2015/02/13,0,0,0,0
2015/02/16,0,0,0,0
2015/02/17,0,0,0,0
2015/02/18,0,0,0,0
2015/02/19,0,0,0,0
2015/02/20,0,0,0,0
2015/02/23,0,0,0,0
2015/02/24,0,0,0,0
2015/02/25,0,0,0,0
2015/02/26,0,0,0,0
2015/02/27,0,0,0,0
2015/03/02,0,0,0,0
2015/03/03,0,0,0,0
2015/03/04,0,0,0,0
2015/03/05,0,0,0,0
2015/03/06,0,0,0,0
2015/03/09,0,0,0,0
2015/03/10,0,0,0,0
2015/03/11,0,0,0,0
2015/03/12,0,340,0,340
2015/03/13,0,0,0,0
2015/03/16,0,0,-1000,-1000
2015/03/17,0,0,0,0
2015/03/18,0,0,0,0
2015/03/19,0,0,0,0
2015/03/20,0,0,0,0
2015/03/23,0,0,0,0
2015/03/24,0,0,0,0
2015/03/25,0,0,0,0
2015/03/26,0,0,0,0
2015/03/27,0,0,0,0
2015/03/30,0,0,0,0
2015/03/31,0,0,0,0
2015/04/01,0,0,0,0
2015/04/02,0,0,0,0
2015/04/03,0,0,0,0
2015/04/06,0,0,0,0
2015/04/07,0,0,0,0
2015/04/08,0,0,0,0
2015/04/09,0,0,0,0
2015/04/10,0,0,0,0
2015/04/13,0,0,0,0
2015/04/14,0,0,-1000,-1000
2015/04/15,0,203000,0,203000
2015/04/16,0,0,0,0
2015/04/17,0,0,0,0
2015/04/20,0,0,0,0
2015/04/21,0,0,0,0
2015/04/22,0,0,0,0
2015/04/23,0,0,0,0
2015/04/24,0,0,-1000,-1000
2015/04/27,0,0,0,0
2015/04/28,0,0,-2000,-2000
2015/04/29,0,0,0,0
2015/04/30,0,0,-1000,-1000
2015/05/01,0,0,0,0
2015/05/04,0,146000,0,146000
2015/05/05,0,136000,-1000,135000
2015/05/06,0,0,0,0
2015/05/07,0,0,0,0
2015/05/08,0,0,0,0
2015/05/11,0,1000,0,1000
2015/05/12,0,0,0,0
2015/05/13,0,0,0,0
2015/05/14,0,2000,0,2000
2015/05/15,0,0,0,0
2015/05/18,0,0,0,0
2015/05/19,0,0,0,0
2015/05/20,0,0,0,0
2015/05/21,0,0,0,0
2015/05/22,0,0,0,0
2015/05/25,0,0,0,0
2015/05/26,0,0,0,0
2015/05/27,0,0,0,0
2015/05/28,0,0,-114000,-114000
2015/05/29,0,0,0,0
2015/06/01,0,0,0,0
2015/06/02,0,0,0,0
2015/06/03,0,0,0,0
2015/06/04,0,391,-275000,-274609
2015/06/05,0,0,-1000,-1000
2015/06/08,0,0,0,0
2015/06/09,0,0,0,0
2015/06/10,0,0,-1000,-1000
2015/06/11,0,0,0,0
2015/06/12,0,0,-1000,-1000
2015/06/15,0,0,0,0
2015/06/16,0,0,0,0
2015/06/17,0,0,0,0
2015/06/18,0,0,-1000,-1000
2015/06/19,0,0,0,0
2015/06/22,0,0,-4000,-4000
2015/06/23,0,0,0,0
2015/06/24,0,0,-1000,-1000
2015/06/25,0,0,0,0
2015/06/26,0,0,-18000,-18000
2015/06/29,0,0,0,0
2015/06/30,0,0,0,0
2015/07/01,0,0,0,0
2015/07/02,0,0,0,0
2015/07/03,0,0,0,0
2015/07/06,0,0,0,0
2015/07/07,0,0,0,0
2015/07/08,0,0,0,0
2015/07/09,0,0,-2000,-2000
2015/07/10,0,0,0,0
2015/07/13,0,0,-282000,-282000
2015/07/14,0,0,0,0
2015/07/15,0,5000,0,5000
2015/07/16,0,0,0,0
2015/07/17,0,4000,0,4000
2015/07/20,0,0,0,0
2015/07/21,0,0,0,0
2015/07/22,0,0,0,0
2015/07/23,0,0,0,0
2015/07/24,0,17000,0,17000
2015/07/27,0,0,0,0
2015/07/28,0,9000,0,9000
2015/07/29,0,1000,0,1000
2015/07/30,0,2000,0,2000
2015/07/31,0,1000,-35000,-34000
2015/08/03,0,3000,0,3000
2015/08/04,0,1000,0,1000
2015/08/05,0,0,0,0
2015/08/06,0,3000,0,3000
2015/08/07,0,0,0,0
2015/08/10,0,1000,0,1000
2015/08/11,0,1000,0,1000
2015/08/12,0,0,0,0
2015/08/13,0,2000,0,2000
2015/08/14,0,0,0,0
2015/08/17,0,1000,0,1000
2015/08/18,0,0,0,0
2015/08/19,0,0,0,0
2015/08/20,0,0,-65000,-65000
2015/08/21,0,0,-130000,-130000
2015/08/24,0,0,0,0
2015/08/25,0,0,-1649,-1649
2015/08/26,0,0,0,0
2015/08/27,0,0,0,0
2015/08/28,0,2000,0,2000
2015/08/31,0,1000,-8000,-7000
2015/09/01,0,9000,-10000,-1000
2015/09/02,0,0,0,0
2015/09/03,0,8000,0,8000
2015/09/04,0,0,-1000,-1000
2015/09/07,0,5000,0,5000
2015/09/08,0,3000,0,3000
2015/09/09,0,0,0,0
2015/09/10,0,0,0,0
2015/09/11,0,3000,0,3000
2015/09/14,0,1000,0,1000
2015/09/15,0,2000,0,2000
2015/09/16,0,0,0,0
2015/09/17,0,0,0,0
2015/09/18,0,0,-1000,-1000
2015/09/21,0,1000,-32000,-31000
2015/09/22,0,168,0,168
2015/09/23,0,0,0,0
2015/09/24,0,0,0,0
2015/09/25,0,0,0,0
2015/09/28,0,0,0,0
2015/09/29,0,0,0,0
2015/09/30,0,0,0,0
2015/10/01,0,2000,0,2000
2015/10/02,0,4000,0,4000
2015/10/05,0,0,0,0
2015/10/06,0,0,0,0
2015/10/07,0,1000,0,1000
2015/10/08,0,0,0,0
2015/10/09,0,0,0,0
2015/10/12,0,0,0,0
2015/10/13,0,0,0,0
2015/10/14,0,0,0,0
2015/10/15,0,0,0,0
2015/10/16,0,2000,0,2000
2015/10/19,0,0,0,0
2015/10/20,0,0,0,0
2015/10/21,0,0,0,0
2015/10/22,0,0,0,0
2015/10/23,0,0,0,0
2015/10/26,0,0,0,0
2015/10/27,0,0,0,0
2015/10/28,0,0,0,0
2015/10/29,0,0,0,0
2015/10/30,0,0,0,0
2015/11/02,0,0,0,0
2015/11/03,0,2000,0,2000
2015/11/04,0,5000,0,5000
2015/11/05,0,0,0,0
2015/11/06,0,0,0,0
2015/11/09,0,0,0,0
2015/11/10,0,0,0,0
2015/11/11,0,0,0,0
2015/11/12,0,0,0,0
2015/11/13,0,0,0,0
2015/11/16,0,0,0,0
2015/11/17,0,0,0,0
2015/11/18,0,0,0,0
2015/11/19,0,0,0,0
2015/11/20,0,0,0,0
2015/11/23,0,0,-1000,-1000
2015/11/24,0,0,0,0
2015/11/25,0,0,0,0
2015/11/26,0,0,0,0
2015/11/27,0,0,0,0
2015/11/30,0,1000,0,1000
2015/12/01,0,0,-1000,-1000
2015/12/02,0,0,0,0
2015/12/03,0,0,0,0
2015/12/04,0,0,0,0
2015/12/07,0,0,0,0
2015/12/08,0,0,0,0
2015/12/09,0,1000,0,1000
2015/12/10,0,0,0,0
2015/12/11,0,0,0,0
2015/12/14,0,1042,0,1042
2015/12/15,0,0,0,0
2015/12/16,0,0,0,0
2015/12/17,0,0,0,0
2015/12/18,0,0,0,0
2015/12/21,0,0,0,0
2015/12/22,0,0,0,0
2015/12/23,0,0,0,0
2015/12/24,0,0,0,0
2015/12/25,0,0,0,0
2015/12/28,0,101000,0,101000
2015/12/29,0,96000,0,96000
2015/12/30,0,0,0,0
2015/12/31,0,0,0,0
2016/01/01,0,0,0,0
2016/01/04,0,0,0,0
2016/01/05,0,0,-1000,-1000
2016/01/06,0,1000,0,1000
2016/01/07,0,0,0,0
2016/01/08,0,0,0,0
2016/01/11,0,0,0,0
2016/01/12,0,0,-2000,-2000
2016/01/13,0,0,-2000,-2000
2016/01/14,0,0,0,0
2016/01/15,0,0,-14000,-14000
2016/01/18,0,0,0,0
2016/01/19,0,0,0,0
2016/01/20,0,0,-14000,-14000
2016/01/21,0,0,0,0
2016/01/22,0,0,0,0
2016/01/25,0,0,0,0
2016/01/26,0,0,0,0
2016/01/27,0,0,0,0
2016/01/28,0,52000,0,52000
2016/01/29,0,2000,0,2000
2016/02/01,0,0,0,0
2016/02/02,0,0,0,0
2016/02/03,0,0,0,0
2016/02/04,0,0,0,0
2016/02/05,0,0,0,0
2016/02/08,0,0,0,0
2016/02/09,0,0,0,0
2016/02/10,0,0,0,0
2016/02/11,0,0,0,0
2016/02/12,0,0,0,0
2016/02/15,0,477,0,477
2016/02/16,0,0,0,0
2016/02/17,0,0,0,0
2016/02/18,0,0,0,0
2016/02/19,0,0,0,0
2016/02/22,0,0,0,0
2016/02/23,0,0,0,0
2016/02/24,0,0,-398000,-398000
2016/02/25,0,0,-500000,-500000
2016/02/26,0,0,-30000,-30000
2016/02/29,0,0,0,0
2016/03/01,0,16000,-300000,-284000
2016/03/02,0,0,-107556,-107556
2016/03/03,0,0,-483000,-483000
2016/03/04,0,0,0,0
2016/03/07,0,0,0,0
2016/03/08,0,0,-1000,-1000
2016/03/09,0,0,0,0
2016/03/10,0,0,0,0
2016/03/11,0,0,0,0
2016/03/14,0,0,0,0
2016/03/15,0,0,-636000,-636000
2016/03/16,0,0,-801000,-801000
2016/03/17,0,0,0,0
2016/03/18,0,0,-519000,-519000
2016/03/21,0,0,-316000,-316000
2016/03/22,0,0,0,0
2016/03/23,0,0,0,0
2016/03/24,0,0,0,0
2016/03/25,0,0,0,0
2016/03/28,0,0,0,0
2016/03/29,0,1000,0,1000
2016/03/30,0,0,-52000,-52000
2016/03/31,0,0,0,0
2016/04/01,0,0,-16000,-16000
2016/04/04,0,0,0,0
2016/04/05,0,0,0,0
2016/04/06,0,0,0,0
2016/04/07,0,0,0,0
2016/04/08,0,0,0,0
2016/04/11,0,0,0,0
2016/04/12,0,0,0,0
2016/04/13,0,0,0,0
2016/04/14,0,0,0,0
2016/04/15,0,0,-169000,-169000
2016/04/18,0,0,0,0
2016/04/19,0,0,0,0
2016/04/20,0,0,-1000,-1000
2016/04/21,0,0,0,0
2016/04/22,0,0,0,0
2016/04/25,0,0,0,0
2016/04/26,0,0,0,0
2016/04/27,0,0,0,0
2016/04/28,0,0,0,0
2016/04/29,0,0,0,0
2016/05/02,0,0,0,0
2016/05/03,0,0,0,0
2016/05/04,0,0,0,0
2016/05/05,0,0,0,0
2016/05/06,0,0,0,0
2016/05/09,0,0,0,0
2016/05/10,0,0,-933,-933
2016/05/11,0,0,0,0
2016/05/12,0,0,0,0
2016/05/13,0,0,0,0
2016/05/16,0,0,0,0
2016/05/17,0,0,0,0
2016/05/18,0,0,0,0
2016/05/19,0,0,0,0
2016/05/20,0,0,0,0
2016/05/23,0,0,0,0
2016/05/24,0,0,0,0
2016/05/25,0,0,0,0
2016/05/26,0,0,-1000,-1000
2016/05/27,0,0,0,0
2016/05/30,0,0,0,0
2016/05/31,0,0,-3000,-3000
2016/06/01,0,0,0,0
2016/06/02,0,0,0,0
2016/06/03,0,0,0,0
2016/06/06,0,0,0,0
2016/06/07,0,0,0,0
2016/06/08,0,0,0,0
2016/06/09,0,0,0,0
2016/06/10,0,0,0,0
2016/06/13,0,0,0,0
2016/06/14,0,0,0,0
2016/06/15,0,0,0,0
2016/06/16,0,0,0,0
2016/06/17,0,3000,0,3000
2016/06/20,0,0,0,0
2016/06/21,0,0,0,0
2016/06/22,0,0,0,0
2016/06/23,0,0,0,0
2016/06/24,0,0,-17000,-17000
2016/06/27,0,0,-17000,-17000
2016/06/28,0,0,0,0
2016/06/29,0,0,0,0
2016/06/30,0,0,0,0
2016/07/01,0,0,0,0
2016/07/04,0,0,0,0
2016/07/05,0,0,0,0
2016/07/06,0,0,0,0
2016/07/07,0,0,0,0
2016/07/08,0,0,0,0
2016/07/11,0,0,0,0
2016/07/12,0,0,0,0
2016/07/13,0,0,0,0
2016/07/14,0,1000,0,1000
2016/07/15,0,0,0,0
2016/07/18,0,0,0,0
2016/07/19,0,0,-1000,-1000
2016/07/20,0,0,-1000,-1000
2016/07/21,0,0,-1000,-1000
2016/07/22,0,0,-1000,-1000
2016/07/25,0,0,0,0
2016/07/26,0,0,0,0
2016/07/27,0,0,0,0
2016/07/28,0,31000,0,31000
2016/07/29,0,1199,-1000,199
2016/08/01,0,0,0,0
2016/08/02,0,0,0,0
2016/08/03,0,0,0,0
2016/08/04,0,0,-1000,-1000
2016/08/05,0,0,0,0
2016/08/08,0,0,0,0
2016/08/09,0,0,0,0
2016/08/10,0,0,-3000,-3000
2016/08/11,0,0,0,0
2016/08/12,0,0,0,0
2016/08/15,0,0,0,0
2016/08/16,0,0,-1000,-1000
2016/08/17,0,0,0,0
2016/08/18,0,0,0,0
2016/08/19,0,0,0,0
2016/08/22,0,0,0,0
2016/08/23,0,0,0,0
2016/08/24,0,0,0,0
2016/08/25,0,0,0,0
2016/08/26,0,0,0,0
2016/08/29,0,0,0,0
2016/08/30,0,0,0,0
2016/08/31,0,1000,0,1000
2016/09/01,0,0,0,0
2016/09/02,0,0,0,0
2016/09/05,0,0,0,0
2016/09/06,0,0,0,0
2016/09/07,0,0,0,0
2016/09/08,0,0,0,0
2016/09/09,0,0,0,0
2016/09/12,0,0,0,0
2016/09/13,0,0,0,0
2016/09/14,0,0,0,0
2016/09/15,0,0,0,0
2016/09/16,0,0,0,0
2016/09/19,0,0,0,0
2016/09/20,0,0,0,0
2016/09/21,0,0,0,0
2016/09/22,0,0,0,0
2016/09/23,0,0,0,0
2016/09/26,0,0,0,0
2016/09/27,0,0,0,0
2016/09/28,0,0,0,0
2016/09/29,0,0,0,0
2016/09/30,0,825,0,825
2016/10/03,0,0,0,0
2016/10/04,0,0,0,0
2016/10/05,0,0,0,0
2016/10/06,0,0,0,0
2016/10/07,0,1000,0,1000
2016/10/10,0,0,0,0
2016/10/11,0,0,0,0
2016/10/12,0,0,0,0
2016/10/13,0,0,0,0
2016/10/14,0,0,0,0
2016/10/17,0,0,0,0
2016/10/18,0,0,0,0
2016/10/19,0,0,0,0
2016/10/20,0,4000,0,4000
2016/10/21,0,3000,0,3000
2016/10/24,0,0,0,0
2016/10/25,0,0,0,0
2016/10/26,0,0,0,0
2016/10/27,0,0,0,0
2016/10/28,0,0,0,0
2016/10/31,0,0,0,0
2016/11/01,0,0,0,0
2016/11/02,0,0,-661,-661
2016/11/03,0,0,0,0
2016/11/04,0,0,0,0
2016/11/07,0,0,0,0
2016/11/08,0,0,0,0
2016/11/09,0,0,0,0
2016/11/10,0,0,0,0
2016/11/11,0,0,0,0
2016/11/14,0,0,0,0
2016/11/15,0,0,0,0
2016/11/16,0,0,0,0
2016/11/17,0,0,0,0
2016/11/18,0,0,0,0
2016/11/21,0,0,0,0
2016/11/22,0,1000,0,1000
2016/11/23,0,0,0,0
2016/11/24,0,0,0,0
2016/11/25,0,0,0,0
2016/11/28,0,0,0,0
2016/11/29,0,4000,0,4000
2016/11/30,0,0,0,0
2016/12/01,0,0,0,0
2016/12/02,0,0,0,0
2016/12/05,0,0,0,0
2016/12/06,0,0,0,0
2016/12/07,0,0,0,0
2016/12/08,0,0,0,0
2016/12/09,0,0,0,0
2016/12/12,0,0,0,0
2016/12/13,0,0,0,0
2016/12/14,0,0,0,0
2016/12/15,0,0,0,0
2016/12/16,0,0,-1000,-1000
2016/12/19,0,0,0,0
2016/12/20,0,0,0,0
2016/12/21,0,0,0,0
2016/12/22,0,0,0,0
2016/12/23,0,0,0,0
2016/12/26,0,0,0,0
2016/12/27,0,0,0,0
2016/12/28,0,0,0,0
2016/12/29,0,0,0,0
2016/12/30,0,0,0,0
2017/01/02,0,0,0,0
2017/01/03,0,0,0,0
2017/01/04,0,0,0,0
2017/01/05,0,0,-7000,-7000
2017/01/06,0,0,-12000,-12000
2017/01/09,0,0,0,0
2017/01/10,0,0,0,0
2017/01/11,0,0,0,0
2017/01/12,0,0,0,0
2017/01/13,0,0,0,0
2017/01/16,0,0,0,0
2017/01/17,0,0,0,0
2017/01/18,0,0,0,0
2017/01/19,0,0,0,0
2017/01/20,0,0,0,0
2017/01/23,0,230,0,230
2017/01/24,0,0,0,0
2017/01/25,0,0,0,0
2017/01/26,0,0,0,0
2017/01/27,0,0,0,0
2017/01/30,0,0,0,0
2017/01/31,0,0,0,0
2017/02/01,0,0,0,0
2017/02/02,0,0,0,0
2017/02/03,0,1000,0,1000
2017/02/06,0,0,0,0
2017/02/07,0,0,0,0
2017/02/08,0,0,0,0
2017/02/09,0,0,0,0
2017/02/10,0,0,0,0
2017/02/13,0,0,0,0
2017/02/14,0,0,0,0
2017/02/15,0,0,0,0
2017/02/16,0,0,0,0
2017/02/17,0,0,0,0
2017/02/20,0,0,0,0
2017/02/21,0,0,0,0
2017/02/22,0,0,0,0
2017/02/23,0,0,0,0
2017/02/24,0,0,0,0
2017/02/27,0,0,0,0
2017/02/28,0,0,0,0
2017/03/01,0,0,0,0
2017/03/02,0,0,0,0
2017/03/03,0,0,0,0
2017/03/06,0,0,0,0
2017/03/07,0,0,0,0
2017/03/08,0,0,0,0
2017/03/09,0,0,0,0
2017/03/10,0,0,0,0
2017/03/13,0,0,0,0
2017/03/14,0,0,0,0
2017/03/15,0,0,0,0
2017/03/16,0,0,0,0
2017/03/17,0,0,-3000,-3000
2017/03/20,0,0,-2000,-2000
2017/03/21,0,0,-3000,-3000
2017/03/22,0,0,0,0
2017/03/23,0,0,0,0
2017/03/24,0,0,0,0
2017/03/27,0,0,0,0
2017/03/28,0,0,0,0
2017/03/29,0,0,0,0
2017/03/30,0,0,0,0
2017/03/31,0,0,0,0
2017/04/03,0,0,0,0
2017/04/04,0,0,0,0
2017/04/05,0,0,0,0
2017/04/06,0,0,0,0
2017/04/07,0,0,0,0
2017/04/10,0,0,0,0
2017/04/11,0,0,0,0
2017/04/12,0,0,0,0
2017/04/13,0,0,0,0
2017/04/14,0,0,0,0
2017/04/17,0,0,0,0
2017/04/18,0,0,0,0
2017/04/19,0,0,0,0
2017/04/20,0,0,0,0
2017/04/21,0,0,0,0
2017/04/24,0,0,0,0
2017/04/25,0,117,0,117
2017/04/26,0,0,0,0
2017/04/27,0,0,0,0
2017/04/28,0,0,0,0
2017/05/01,0,0,0,0
2017/05/02,0,0,0,0
2017/05/03,0,0,0,0
2017/05/04,0,0,0,0
2017/05/05,0,0,0,0
2017/05/08,0,0,0,0
2017/05/09,0,0,0,0
2017/05/10,0,0,0,0
2017/05/11,0,0,0,0
2017/05/12,0,0,0,0
2017/05/15,0,38000,0,38000
2017/05/16,0,113000,0,113000
2017/05/17,0,0,0,0
2017/05/18,0,0,-1000,-1000
2017/05/19,0,0,0,0
2017/05/22,0,0,0,0
2017/05/23,0,0,0,0
2017/05/24,0,0,0,0
2017/05/25,0,0,0,0
2017/05/26,0,0,-6000,-6000
2017/05/29,0,0,0,0
2017/05/30,0,0,0,0
2017/05/31,0,0,0,0
2017/06/01,0,0,0,0
2017/06/02,0,0,-4000,-4000
2017/06/05,0,7000,-1000,6000
2017/06/06,0,12000,0,12000
2017/06/07,0,0,-1000,-1000
2017/06/08,0,0,0,0
2017/06/09,0,0,-59000,-59000
2017/06/12,0,0,0,0
2017/06/13,0,0,0,0
2017/06/14,0,0,0,0
2017/06/15,0,0,0,0
2017/06/16,0,0,-2000,-2000
2017/06/19,0,0,-2000,-2000
2017/06/20,0,0,-3000,-3000
2017/06/21,0,0,0,0
2017/06/22,0,0,0,0
2017/06/23,0,0,-1000,-1000
2017/06/26,0,0,-1000,-1000
2017/06/27,0,0,-1000,-1000
2017/06/28,0,0,0,0
2017/06/29,0,0,0,0
2017/06/30,0,0,0,0
2017/07/03,0,0,0,0
2017/07/04,0,0,-1000,-1000
2017/07/05,0,0,0,0
2017/07/06,0,0,0,0
2017/07/07,0,0,0,0
2017/07/10,0,0,-1000,-1000
2017/07/11,0,0,-31000,-31000
2017/07/12,0,0,-2000,-2000
2017/07/13,0,0,-2000,-2000
2017/07/14,0,0,-2000,-2000
2017/07/17,0,8,0,8
2017/07/18,0,0,-119000,-119000
2017/07/19,0,0,0,0
2017/07/20,0,0,0,0
2017/07/21,0,0,0,0
2017/07/24,0,0,0,0
2017/07/25,0,0,0,0
2017/07/26,0,0,0,0
2017/07/27,0,0,0,0
2017/07/28,0,0,0,0
2017/07/31,0,0,0,0
2017/08/01,0,0,-1000,-1000
2017/08/02,0,0,0,0
2017/08/03,0,0,0,0
2017/08/04,0,0,0,0
2017/08/07,0,0,0,0
2017/08/08,0,0,0,0
2017/08/09,0,0,0,0
2017/08/10,0,0,0,0
2017/08/11,0,1000,0,1000
2017/08/14,0,0,0,0
2017/08/15,0,0,0,0
2017/08/16,0,0,0,0
2017/08/17,0,0,0,0
2017/08/18,0,0,0,0
