Date,Open,Buy,Sell,Total
2007/04/23,0,182000,-12000,170000
2007/04/24,0,1000,0,1000
2007/04/25,0,65000,-253000,-188000
2007/04/26,0,137000,-77000,60000
2007/04/27,0,33000,-27000,6000
2007/04/30,0,1000,-311000,-310000
2007/05/01,0,0,0,0
2007/05/02,0,9000,-490000,-481000
2007/05/03,0,266000,-4000,262000
2007/05/04,0,247000,-30000,217000
2007/05/07,0,158000,-101000,57000
2007/05/08,0,92000,-3000,89000
2007/05/09,0,1000,-3000,-2000
2007/05/10,0,201000,-4000,197000
2007/05/11,0,3000,-40000,-37000
2007/05/14,0,3000,-31000,-28000
2007/05/15,0,0,-13000,-13000
2007/05/16,0,0,-3000,-3000
2007/05/17,0,1000,-159000,-158000
2007/05/18,0,0,-252000,-252000
2007/05/21,0,30000,0,30000
2007/05/22,0,791000,-177000,614000
2007/05/23,0,376000,-651000,-275000
2007/05/24,0,485000,-20000,465000
2007/05/25,0,804000,-98000,706000
2007/05/28,0,270000,-46000,224000
2007/05/29,0,2139000,-155000,1984000
2007/05/30,0,335000,-1013000,-678000
2007/05/31,0,546000,-470000,76000
2007/06/01,0,119000,-1025000,-906000
2007/06/04,0,471000,-169000,302000
2007/06/05,0,141000,-62000,79000
2007/06/06,0,167000,-254000,-87000
2007/06/07,0,128000,-54000,74000
2007/06/08,0,136000,-257000,-121000
2007/06/11,0,286000,-66000,220000
2007/06/12,0,779000,-27000,752000
2007/06/13,0,545000,-15000,530000
2007/06/14,0,108000,-354000,-246000
2007/06/15,0,100000,-3000,97000
2007/06/18,0,0,0,0
2007/06/19,0,0,0,0
2007/06/20,0,240000,-398000,-158000
2007/06/21,0,48000,-66000,-18000
2007/06/22,0,843000,-33000,810000
2007/06/25,0,110000,-472000,-362000
2007/06/26,0,625000,-304000,321000
2007/06/27,0,388000,-316000,72000
2007/06/28,0,797000,-143000,654000
2007/06/29,0,3000,-398000,-395000
2007/07/02,0,94000,-904000,-810000
2007/07/03,0,415000,-707000,-292000
2007/07/04,0,836000,-687000,149000
2007/07/05,0,158000,-59000,99000
2007/07/06,0,167000,-20000,147000
2007/07/09,0,65000,-232000,-167000
2007/07/10,0,163000,-465000,-302000
2007/07/11,0,192000,-163000,29000
2007/07/12,0,74000,-60000,14000
2007/07/13,0,721000,-608000,113000
2007/07/16,0,413000,-133000,280000
2007/07/17,0,340000,-38000,302000
2007/07/18,0,753000,-43000,710000
2007/07/19,0,424000,-857000,-433000
2007/07/20,0,51000,-657000,-606000
2007/07/23,0,2000,-116000,-114000
2007/07/24,0,27000,-93000,-66000
2007/07/25,0,249000,-405000,-156000
2007/07/26,0,11000,-763000,-752000
2007/07/27,0,41000,-591000,-550000
2007/07/30,0,25000,-318000,-293000
2007/07/31,0,19000,-7000,12000
2007/08/01,0,76000,-119000,-43000
2007/08/02,0,199000,-65000,134000
2007/08/03,0,67000,-14000,53000
2007/08/06,0,65000,-13000,52000
2007/08/07,0,1000,-136000,-135000
2007/08/08,0,35000,-4000,31000
2007/08/09,0,0,0,0
2007/08/10,0,0,-18000,-18000
2007/08/13,0,28000,-4000,24000
2007/08/14,0,9000,-94000,-85000
2007/08/15,0,70000,-1299000,-1229000
2007/08/16,0,36000,-656000,-620000
2007/08/17,0,21000,-1255000,-1234000
2007/08/20,0,337000,-72000,265000
2007/08/21,0,131000,-53000,78000
2007/08/22,0,3000,-137000,-134000
2007/08/23,0,92000,-25000,67000
2007/08/24,0,115000,-9000,106000
2007/08/27,0,108000,-4000,104000
2007/08/28,0,2000,-138000,-136000
2007/08/29,0,55000,-240000,-185000
2007/08/30,0,78000,-105000,-27000
2007/08/31,0,104000,0,104000
2007/09/03,0,274000,-91000,183000
2007/09/04,0,47000,0,47000
2007/09/05,0,70000,-96000,-26000
2007/09/06,0,9000,-80000,-71000
2007/09/07,0,23000,-11000,12000
2007/09/10,0,1000,-261000,-260000
2007/09/11,0,5000,-128000,-123000
2007/09/12,0,9000,-27000,-18000
2007/09/13,0,5000,-29000,-24000
2007/09/14,0,95000,-50000,45000
2007/09/17,0,13000,-1000,12000
2007/09/18,0,0,0,0
2007/09/19,0,53000,-15000,38000
2007/09/20,0,329000,-38000,291000
2007/09/21,0,632000,-30000,602000
2007/09/24,0,0,0,0
2007/09/25,0,0,0,0
2007/09/26,0,570000,-17000,553000
2007/09/27,0,333000,-373000,-40000
2007/09/28,0,104000,-33000,71000
2007/10/01,0,1065000,-303000,762000
2007/10/02,0,237000,-82000,155000
2007/10/03,0,269000,-133000,136000
2007/10/04,0,106000,-244000,-138000
2007/10/05,0,496000,-584000,-88000
2007/10/08,0,468000,-110000,358000
2007/10/09,0,97000,-226000,-129000
2007/10/10,0,0,0,0
2007/10/11,0,114000,-34011,79989
2007/10/12,0,56000,-69000,-13000
2007/10/15,0,61000,-1052000,-991000
2007/10/16,0,296000,-117000,179000
2007/10/17,0,556000,-754000,-198000
2007/10/18,0,89000,-98000,-9000
2007/10/19,0,110000,-145000,-35000
2007/10/22,0,34000,-215000,-181000
2007/10/23,0,20000,-34000,-14000
2007/10/24,0,151000,-4000,147000
2007/10/25,0,108000,0,108000
2007/10/26,0,12000,-1000,11000
2007/10/29,0,963000,-748800,214200
2007/10/30,0,185000,-636000,-451000
2007/10/31,0,30000,-232000,-202000
2007/11/01,0,231000,-203000,28000
2007/11/02,0,72000,-368000,-296000
2007/11/05,0,32000,-468000,-436000
2007/11/06,0,860000,-367000,493000
2007/11/07,0,30000,-492000,-462000
2007/11/08,0,24000,-476000,-452000
2007/11/09,0,49000,-153000,-104000
2007/11/12,0,59000,-123000,-64000
2007/11/13,0,114000,-373000,-259000
2007/11/14,0,191000,-418000,-227000
2007/11/15,0,56000,-130000,-74000
2007/11/16,0,8000,-225000,-217000
2007/11/19,0,16000,0,16000
2007/11/20,0,38000,-10000,28000
2007/11/21,0,9000,-27000,-18000
2007/11/22,0,21000,-34000,-13000
2007/11/23,0,1000,-25000,-24000
2007/11/26,0,237000,-7000,230000
2007/11/27,0,70000,-248000,-178000
2007/11/28,0,15000,-12000,3000
2007/11/29,0,17000,-5000,12000
2007/11/30,0,70000,-4000,66000
2007/12/03,0,160000,-31000,129000
2007/12/04,0,244000,-3000,241000
2007/12/05,0,132000,-66000,66000
2007/12/06,0,364000,-130000,234000
2007/12/07,0,32000,-326000,-294000
2007/12/10,0,4000,-23000,-19000
2007/12/11,0,17000,-21000,-4000
2007/12/12,0,52000,-65000,-13000
2007/12/13,0,38000,-490000,-452000
2007/12/14,0,145000,-98000,47000
2007/12/17,0,60000,-20000,40000
2007/12/18,0,52000,-42000,10000
2007/12/19,0,39000,-45000,-6000
2007/12/20,0,68000,-45000,23000
2007/12/21,0,452000,-97000,355000
2007/12/24,0,42000,-164000,-122000
2007/12/25,0,113000,-27000,86000
2007/12/26,0,246000,-119000,127000
2007/12/27,0,37000,-158000,-121000
2007/12/28,0,245000,-171000,74000
2007/12/31,0,58000,-30000,28000
2008/01/01,0,0,0,0
2008/01/02,0,429000,-149000,280000
2008/01/03,0,26000,-6000,20000
2008/01/04,0,591000,-16000,575000
2008/01/07,0,895000,-173000,722000
2008/01/08,0,516000,-343000,173000
2008/01/09,0,149000,-131000,18000
2008/01/10,0,302000,-823000,-521000
2008/01/11,0,75000,-510000,-435000
2008/01/14,0,0,-12000,-12000
2008/01/15,0,63000,-410000,-347000
2008/01/16,0,703000,-234000,469000
2008/01/17,0,750000,-92000,658000
2008/01/18,0,1721000,-280000,1441000
2008/01/21,0,536000,-473000,63000
2008/01/22,0,307000,-134000,173000
2008/01/23,0,491000,-508000,-17000
2008/01/24,0,388000,-615000,-227000
2008/01/25,0,284000,-639000,-355000
2008/01/28,0,144000,-284000,-140000
2008/01/29,0,498000,-774000,-276000
2008/01/30,0,185000,-1257000,-1072000
2008/01/31,0,51000,-770000,-719000
2008/02/01,0,503000,-124000,379000
2008/02/04,0,0,0,0
2008/02/05,0,0,0,0
2008/02/06,0,0,0,0
2008/02/07,0,0,0,0
2008/02/08,0,0,0,0
2008/02/11,0,0,0,0
2008/02/12,0,111000,-146000,-35000
2008/02/13,0,83000,-125000,-42000
2008/02/14,0,900000,-296000,604000
2008/02/15,0,315000,-19000,296000
2008/02/18,0,673000,-73000,600000
2008/02/19,0,488000,-255000,233000
2008/02/20,0,263000,-54000,209000
2008/02/21,0,1324000,-248000,1076000
2008/02/22,0,737000,-857000,-120000
2008/02/25,0,44000,-400733,-356733
2008/02/26,0,500000,-322774,177226
2008/02/27,0,416000,-562845,-146845
2008/02/28,0,0,0,0
2008/02/29,0,457000,-453000,4000
2008/03/03,0,893000,-197390,695610
2008/03/04,0,1482000,-140000,1342000
2008/03/05,0,1655000,-744774,910226
2008/03/06,0,2706000,-276000,2430000
2008/03/07,0,883000,-773000,110000
2008/03/10,0,1654000,-698000,956000
2008/03/11,0,583000,-393000,190000
2008/03/12,0,642000,-985824,-343824
2008/03/13,0,282000,-686000,-404000
2008/03/14,0,998000,-414000,584000
2008/03/17,0,564000,-106000,458000
2008/03/18,0,844000,-643000,201000
2008/03/19,0,1109000,-897000,212000
2008/03/20,0,360000,-372000,-12000
2008/03/21,0,931000,-1105000,-174000
2008/03/24,0,1449000,-2031000,-582000
2008/03/25,0,129000,-1513000,-1384000
2008/03/26,0,499000,-900000,-401000
2008/03/27,0,159000,-957000,-798000
2008/03/28,0,854000,-1132000,-278000
2008/03/31,0,183000,-611000,-428000
2008/04/01,0,250000,-1189951,-939951
2008/04/02,0,626000,-652000,-26000
2008/04/03,0,426000,-275000,151000
2008/04/04,0,0,0,0
2008/04/07,0,364000,-266000,98000
2008/04/08,0,27000,-741000,-714000
2008/04/09,0,121000,-273000,-152000
2008/04/10,0,138000,-244000,-106000
2008/04/11,0,468000,-327000,141000
2008/04/14,0,196000,-229178,-33178
2008/04/15,0,194000,-141000,53000
2008/04/16,0,111000,-399000,-288000
2008/04/17,0,170000,-909000,-739000
2008/04/18,0,365000,-756000,-391000
2008/04/21,0,139000,-791000,-652000
2008/04/22,0,89000,-214000,-125000
2008/04/23,0,313000,-732000,-419000
2008/04/24,0,225000,-103000,122000
2008/04/25,0,460000,-837000,-377000
2008/04/28,0,153000,-188000,-35000
2008/04/29,0,125000,-146000,-21000
2008/04/30,0,682000,-70000,612000
2008/05/01,0,0,0,0
2008/05/02,0,118000,-40000,78000
2008/05/05,0,131000,-199000,-68000
2008/05/06,0,214000,-239000,-25000
2008/05/07,0,138000,-479000,-341000
2008/05/08,0,131000,-355000,-224000
2008/05/09,0,33000,-310000,-277000
2008/05/12,0,158000,-229000,-71000
2008/05/13,0,90000,-52000,38000
2008/05/14,0,597000,-434000,163000
2008/05/15,0,163000,-146000,17000
2008/05/16,0,290000,-242000,48000
2008/05/19,0,252000,-137000,115000
2008/05/20,0,396000,-343000,53000
2008/05/21,0,570000,-283000,287000
2008/05/22,0,662000,-25000,637000
2008/05/23,0,425000,-314000,111000
2008/05/26,0,427000,-446000,-19000
2008/05/27,0,200000,-354000,-154000
2008/05/28,0,45000,-431000,-386000
2008/05/29,0,14000,-398000,-384000
2008/05/30,0,110000,-978000,-868000
2008/06/02,0,105000,-363000,-258000
2008/06/03,0,140000,-135000,5000
2008/06/04,0,43000,-43000,0
2008/06/05,0,308000,-93000,215000
2008/06/06,0,104000,-210000,-106000
2008/06/09,0,95000,-150000,-55000
2008/06/10,0,200000,-334000,-134000
2008/06/11,0,267000,-281000,-14000
2008/06/12,0,271000,-235000,36000
2008/06/13,0,171000,-360000,-189000
2008/06/16,0,93000,-318000,-225000
2008/06/17,0,194000,-232000,-38000
2008/06/18,0,44000,-77332,-33332
2008/06/19,0,43000,-48000,-5000
2008/06/20,0,89000,-129000,-40000
2008/06/23,0,270000,-192000,78000
2008/06/24,0,185000,-27000,158000
2008/06/25,0,314000,-128000,186000
2008/06/26,0,247000,-235000,12000
2008/06/27,0,252000,-442000,-190000
2008/06/30,0,118000,-515000,-397000
2008/07/01,0,316000,-138000,178000
2008/07/02,0,385000,-142000,243000
2008/07/03,0,302000,-237000,65000
2008/07/04,0,570000,-204000,366000
2008/07/07,0,36000,-194000,-158000
2008/07/08,0,904000,-236000,668000
2008/07/09,0,708000,-255295,452705
2008/07/10,0,265000,-526000,-261000
2008/07/11,0,237000,-622000,-385000
2008/07/14,0,204000,-98000,106000
2008/07/15,0,104000,-412000,-308000
2008/07/16,0,157000,-275000,-118000
2008/07/17,0,78000,-71320,6680
2008/07/18,0,100000,-257000,-157000
2008/07/21,0,198000,-105000,93000
2008/07/22,0,162000,-16000,146000
2008/07/23,0,796000,-194000,602000
2008/07/24,0,156000,-444000,-288000
2008/07/25,0,594000,-196000,398000
2008/07/28,0,0,0,0
2008/07/29,0,153000,-164000,-11000
2008/07/30,0,175000,-161000,14000
2008/07/31,0,264000,-776000,-512000
2008/08/01,0,251000,-144000,107000
2008/08/04,0,240000,-701000,-461000
2008/08/05,0,112000,-62000,50000
2008/08/06,0,531000,-266000,265000
2008/08/07,0,453000,-228000,225000
2008/08/08,0,222000,-301000,-79000
2008/08/11,0,426000,-293000,133000
2008/08/12,0,780000,-312000,468000
2008/08/13,0,187000,-359000,-172000
2008/08/14,0,464000,-63000,401000
2008/08/15,0,159000,-415000,-256000
2008/08/18,0,100000,-108000,-8000
2008/08/19,0,111000,-294000,-183000
2008/08/20,0,68384,-176000,-107616
2008/08/21,0,203000,-577184,-374184
2008/08/22,0,67000,-417000,-350000
2008/08/25,0,77000,-27000,50000
2008/08/26,0,6000,-24000,-18000
2008/08/27,0,92000,-25000,67000
2008/08/28,0,280000,-105000,175000
2008/08/29,0,57000,-408000,-351000
2008/09/01,0,53000,-36000,17000
2008/09/02,0,48000,-30000,18000
2008/09/03,0,96426,-207000,-110574
2008/09/04,0,58000,-100000,-42000
2008/09/05,0,83000,-33000,50000
2008/09/08,0,19000,-101000,-82000
2008/09/09,0,105000,-96016,8984
2008/09/10,0,43000,-161000,-118000
2008/09/11,0,71000,-75000,-4000
2008/09/12,0,86000,-34000,52000
2008/09/15,0,37000,-55000,-18000
2008/09/16,0,58000,-61000,-3000
2008/09/17,0,102000,-56000,46000
2008/09/18,0,44000,0,44000
2008/09/19,0,700000,-153000,547000
2008/09/22,0,249000,-126000,123000
2008/09/23,0,40000,-474000,-434000
2008/09/24,0,228000,-29000,199000
2008/09/25,0,92000,-119000,-27000
2008/09/26,0,155000,-162000,-7000
2008/09/29,0,0,0,0
2008/09/30,0,0,0,0
2008/10/01,0,137000,-757600,-620600
2008/10/02,0,45000,-46000,-1000
2008/10/03,0,51000,-7000,44000
2008/10/06,0,189000,-7000,182000
2008/10/07,0,172000,-13908,158092
2008/10/08,0,190000,-102338,87662
2008/10/09,0,259000,-182000,77000
2008/10/10,0,0,0,0
2008/10/13,0,59000,-25000,34000
2008/10/14,0,5000,0,5000
2008/10/15,0,143000,-299413,-156413
2008/10/16,0,45000,-87000,-42000
2008/10/17,0,66000,-12000,54000
2008/10/20,0,139000,-25874,113126
2008/10/21,0,151000,-242000,-91000
2008/10/22,0,29000,-6000,23000
2008/10/23,0,0,-4000,-4000
2008/10/24,0,3000,0,3000
2008/10/27,0,2000,-1000,1000
2008/10/28,0,383000,-79893,303107
2008/10/29,0,264000,-196000,68000
2008/10/30,0,47000,-91000,-44000
2008/10/31,0,494000,-4000,490000
2008/11/03,0,473000,-767000,-294000
2008/11/04,0,462000,-162520,299480
2008/11/05,0,376000,-211000,165000
2008/11/06,0,69000,-233000,-164000
2008/11/07,0,967000,-118362,848638
2008/11/10,0,242000,-189000,53000
2008/11/11,0,452000,-359000,93000
2008/11/12,0,258000,-177000,81000
2008/11/13,0,28000,-1111000,-1083000
2008/11/14,0,286000,-21858,264142
2008/11/17,0,179000,-89626,89374
2008/11/18,0,290000,-72000,218000
2008/11/19,0,56000,-141000,-85000
2008/11/20,0,96000,-408000,-312000
2008/11/21,0,249000,-76000,173000
2008/11/24,0,227000,-117000,110000
2008/11/25,0,756000,-596000,160000
2008/11/26,0,614000,-11000,603000
2008/11/27,0,445000,-292000,153000
2008/11/28,0,448000,-176000,272000
2008/12/01,0,121000,-345000,-224000
2008/12/02,0,22000,-512000,-490000
2008/12/03,0,78000,-133000,-55000
2008/12/04,0,104000,-721573,-617573
2008/12/05,0,236000,-77000,159000
2008/12/08,0,517000,-52000,465000
2008/12/09,0,414000,-269000,145000
2008/12/10,0,549000,-63000,486000
2008/12/11,0,650000,-740000,-90000
2008/12/12,0,497000,-781000,-284000
2008/12/15,0,232000,-365000,-133000
2008/12/16,0,430000,-87000,343000
2008/12/17,0,332000,-582000,-250000
2008/12/18,0,782000,-321000,461000
2008/12/19,0,598000,-783000,-185000
2008/12/22,0,471000,-443000,28000
2008/12/23,0,207000,-454000,-247000
2008/12/24,0,137000,-449000,-312000
2008/12/25,0,64000,-560000,-496000
2008/12/26,0,277000,-137000,140000
2008/12/29,0,122000,-68000,54000
2008/12/30,0,443000,-159805,283195
2008/12/31,0,109000,-544875,-435875
2009/01/01,0,0,0,0
2009/01/02,0,0,0,0
2009/01/05,0,820000,-122000,698000
2009/01/06,0,436000,-56000,380000
2009/01/07,0,626000,-585000,41000
2009/01/08,0,92000,-433000,-341000
2009/01/09,0,339000,-131000,208000
2009/01/12,0,143000,-354000,-211000
2009/01/13,0,71000,-240000,-169000
2009/01/14,0,333000,-128000,205000
2009/01/15,0,145000,-153000,-8000
2009/01/16,0,51000,-527000,-476000
2009/01/19,0,29013,-224304,-195291
2009/01/20,0,107000,-98000,9000
2009/01/21,0,87000,-220000,-133000
2009/01/22,0,0,0,0
2009/01/23,0,0,0,0
2009/01/26,0,0,0,0
2009/01/27,0,0,0,0
2009/01/28,0,0,0,0
2009/01/29,0,0,0,0
2009/01/30,0,0,0,0
2009/02/02,0,91000,-114070,-23070
2009/02/03,0,684000,-106000,578000
2009/02/04,0,130000,-270000,-140000
2009/02/05,0,372000,-45000,327000
2009/02/06,0,342000,-396000,-54000
2009/02/09,0,253000,-512000,-259000
2009/02/10,0,133000,-319000,-186000
2009/02/11,0,220000,-124159,95841
2009/02/12,0,96000,-822000,-726000
2009/02/13,0,575000,-177000,398000
2009/02/16,0,209000,-210000,-1000
2009/02/17,0,15000,-109000,-94000
2009/02/18,0,122000,-117000,5000
2009/02/19,0,383000,-159000,224000
2009/02/20,0,135000,-416144,-281144
2009/02/23,0,104000,-127000,-23000
2009/02/24,0,45000,-433000,-388000
2009/02/25,0,905000,-52000,853000
2009/02/26,0,210000,-222000,-12000
2009/02/27,0,143000,-33000,110000
2009/03/02,0,355000,-1033000,-678000
2009/03/03,0,507000,-419000,88000
2009/03/04,0,383000,-184000,199000
2009/03/05,0,662000,-75000,587000
2009/03/06,0,84000,-175000,-91000
2009/03/09,0,483000,-305000,178000
2009/03/10,0,102000,-154000,-52000
2009/03/11,0,1501000,-237000,1264000
2009/03/12,0,1236000,-121000,1115000
2009/03/13,0,542000,-260909,281091
2009/03/16,0,1236000,-649000,587000
2009/03/17,0,1280000,-143000,1137000
2009/03/18,0,531000,-2976000,-2445000
2009/03/19,0,287000,-884000,-597000
2009/03/20,0,205000,-380000,-175000
2009/03/23,0,167000,-320000,-153000
2009/03/24,0,909000,-319000,590000
2009/03/25,0,366000,-783000,-417000
2009/03/26,0,495000,-1488000,-993000
2009/03/27,0,1183000,-302000,881000
2009/03/30,0,487000,-634000,-147000
2009/03/31,0,249000,-556000,-307000
2009/04/01,0,384000,-208000,176000
2009/04/02,0,316000,-200909,115091
2009/04/03,0,280000,-366000,-86000
2009/04/06,0,330000,-313000,17000
2009/04/07,0,90000,-266000,-176000
2009/04/08,0,234000,-238000,-4000
2009/04/09,0,536000,-663000,-127000
2009/04/10,0,247000,-423000,-176000
2009/04/13,0,1508000,-391000,1117000
2009/04/14,0,305000,-252000,53000
2009/04/15,0,532000,-462000,70000
2009/04/16,0,905030,-753000,152030
2009/04/17,0,293000,-896908,-603908
2009/04/20,0,423000,-902000,-479000
2009/04/21,0,464000,-163000,301000
2009/04/22,0,237000,-523000,-286000
2009/04/23,0,347000,-273000,74000
2009/04/24,0,1135000,-594000,541000
2009/04/27,0,167000,-573000,-406000
2009/04/28,0,308000,-656000,-348000
2009/04/29,0,236000,-79000,157000
2009/04/30,0,5000,-155000,-150000
2009/05/01,0,0,0,0
2009/05/04,0,0,-145000,-145000
2009/05/05,0,261000,-57000,204000
2009/05/06,0,1707000,-474328,1232672
2009/05/07,0,328000,-634000,-306000
2009/05/08,0,306000,-147000,159000
2009/05/11,0,294000,-239000,55000
2009/05/12,0,741000,-506000,235000
2009/05/13,0,600000,-557000,43000
2009/05/14,0,911000,-93000,818000
2009/05/15,0,557000,-946000,-389000
2009/05/18,0,162000,-541000,-379000
2009/05/19,0,295000,-933000,-638000
2009/05/20,0,187000,-312000,-125000
2009/05/21,0,465000,-776000,-311000
2009/05/22,0,812000,-303000,509000
2009/05/25,0,203000,-285908,-82908
2009/05/26,0,129000,-208000,-79000
2009/05/27,0,520000,-675000,-155000
2009/05/28,0,0,0,0
2009/05/29,0,0,0,0
2009/06/01,0,750000,-215058,534942
2009/06/02,0,1629000,-668000,961000
2009/06/03,0,692000,-712000,-20000
2009/06/04,0,726000,-1290000,-564000
2009/06/05,0,446000,-845000,-399000
2009/06/08,0,539000,-492000,47000
2009/06/09,0,964000,-679000,285000
2009/06/10,0,454000,-413000,41000
2009/06/11,0,855000,-453000,402000
2009/06/12,0,817000,-970000,-153000
2009/06/15,0,495000,-953000,-458000
2009/06/16,0,316000,-1025000,-709000
2009/06/17,0,515060,-618000,-102940
2009/06/18,0,469000,-361000,108000
2009/06/19,0,373000,-674000,-301000
2009/06/22,0,145000,-522000,-377000
2009/06/23,0,149000,-229000,-80000
2009/06/24,0,582000,-310000,272000
2009/06/25,0,608000,-637000,-29000
2009/06/26,0,540000,-314000,226000
2009/06/29,0,175000,-129000,46000
2009/06/30,0,316000,-207000,109000
2009/07/01,0,336000,-219000,117000
2009/07/02,0,1043000,-430000,613000
2009/07/03,0,306000,-467000,-161000
2009/07/06,0,268000,-149000,119000
2009/07/07,0,106000,-331000,-225000
2009/07/08,0,107000,-346000,-239000
2009/07/09,0,233000,-28000,205000
2009/07/10,0,178000,-57000,121000
2009/07/13,0,254000,-543000,-289000
2009/07/14,0,114000,-68000,46000
2009/07/15,0,697881,-136000,561881
2009/07/16,0,37000,-164000,-127000
2009/07/17,0,212000,-78000,134000
2009/07/20,0,192000,-232000,-40000
2009/07/21,0,489000,-196000,293000
2009/07/22,0,117000,-268000,-151000
2009/07/23,0,57000,-150000,-93000
2009/07/24,0,233000,-289000,-56000
2009/07/27,0,293000,-211000,82000
2009/07/28,0,224072,-225000,-928
2009/07/29,0,225000,-148000,77000
2009/07/30,0,101000,-338000,-237000
2009/07/31,0,23000,-985000,-962000
2009/08/03,0,168788,-211000,-42212
2009/08/04,0,218000,-354000,-136000
2009/08/05,0,76103,-211000,-134897
2009/08/06,0,109000,-190000,-81000
2009/08/07,0,0,0,0
2009/08/10,0,48000,-74000,-26000
2009/08/11,0,281000,-43000,238000
2009/08/12,0,589000,-93000,496000
2009/08/13,0,171000,-482000,-311000
2009/08/14,0,194000,-243000,-49000
2009/08/17,0,22000,-136000,-114000
2009/08/18,0,227000,-270000,-43000
2009/08/19,0,103000,-112000,-9000
2009/08/20,0,65000,-335000,-270000
2009/08/21,0,82000,-172000,-90000
2009/08/24,0,209000,-221000,-12000
2009/08/25,0,226452,-183000,43452
2009/08/26,0,171000,-203000,-32000
2009/08/27,0,189080,-43000,146080
2009/08/28,0,143000,-98000,45000
2009/08/31,0,23000,-77000,-54000
2009/09/01,0,745000,-107000,638000
2009/09/02,0,427000,-139000,288000
2009/09/03,0,495000,-191000,304000
2009/09/04,0,248000,-276000,-28000
2009/09/07,0,70000,-485000,-415000
2009/09/08,0,1427000,-83000,1344000
2009/09/09,0,293000,-230000,63000
2009/09/10,0,740000,-1748000,-1008000
2009/09/11,0,307000,-88000,219000
2009/09/14,0,450000,-223000,227000
2009/09/15,0,200000,-10000,190000
2009/09/16,0,275000,-462144,-187144
2009/09/17,0,485000,-553000,-68000
2009/09/18,0,131000,-322000,-191000
2009/09/21,0,305000,-557000,-252000
2009/09/22,0,181000,-300000,-119000
2009/09/23,0,227000,-566795,-339795
2009/09/24,0,64000,-148000,-84000
2009/09/25,0,353000,-192000,161000
2009/09/28,0,30000,-183012,-153012
2009/09/29,0,288000,-181000,107000
2009/09/30,0,438000,-206000,232000
2009/10/01,0,86000,-205000,-119000
2009/10/02,0,165000,-695000,-530000
2009/10/05,0,244000,-169000,75000
2009/10/06,0,549000,-327000,222000
2009/10/07,0,346000,-498000,-152000
2009/10/08,0,72000,-388000,-316000
2009/10/09,0,188000,-402000,-214000
2009/10/12,0,89000,-647000,-558000
2009/10/13,0,107000,-72000,35000
2009/10/14,0,286000,-92000,194000
2009/10/15,0,115000,-203000,-88000
2009/10/16,0,124000,-199000,-75000
2009/10/19,0,119000,-54000,65000
2009/10/20,0,70000,-183000,-113000
2009/10/21,0,168000,-57733,110267
2009/10/22,0,42000,-99000,-57000
2009/10/23,0,89000,-81000,8000
2009/10/26,0,70000,-83000,-13000
2009/10/27,0,49000,-41000,8000
2009/10/28,0,87000,-180000,-93000
2009/10/29,0,338000,-594000,-256000
2009/10/30,0,204000,-103000,101000
2009/11/02,0,153000,-210000,-57000
2009/11/03,0,239000,-71000,168000
2009/11/04,0,234000,-326000,-92000
2009/11/05,0,18000,-58000,-40000
2009/11/06,0,64000,-465000,-401000
2009/11/09,0,280000,-168000,112000
2009/11/10,0,108000,-44000,64000
2009/11/11,0,184000,-17000,167000
2009/11/12,0,167000,-136000,31000
2009/11/13,0,77000,-41000,36000
2009/11/16,0,17000,-18000,-1000
2009/11/17,0,442000,-35000,407000
2009/11/18,0,82000,-127000,-45000
2009/11/19,0,58000,-281000,-223000
2009/11/20,0,54000,-196000,-142000
2009/11/23,0,85000,-63000,22000
2009/11/24,0,152000,-56000,96000
2009/11/25,0,64000,-52000,12000
2009/11/26,0,390000,-162000,228000
2009/11/27,0,33000,-576000,-543000
2009/11/30,0,110000,-77856,32144
2009/12/01,0,100000,-27000,73000
2009/12/02,0,354000,-264000,90000
2009/12/03,0,5000,-75000,-70000
2009/12/04,0,1000,-195000,-194000
2009/12/07,0,110000,-13000,97000
2009/12/08,0,205000,-29000,176000
2009/12/09,0,357000,-300000,57000
2009/12/10,0,46000,-410000,-364000
2009/12/11,0,64000,-22416,41584
2009/12/14,0,48000,-43000,5000
2009/12/15,0,51000,-176000,-125000
2009/12/16,0,36000,-70000,-34000
2009/12/17,0,54000,-41000,13000
2009/12/18,0,21000,-59000,-38000
2009/12/21,0,2000,-63000,-61000
2009/12/22,0,68000,-85962,-17962
2009/12/23,0,56000,-140000,-84000
2009/12/24,0,516000,-136000,380000
2009/12/25,0,23000,-73000,-50000
2009/12/28,0,51000,-15000,36000
2009/12/29,0,14000,-95000,-81000
2009/12/30,0,20000,-35000,-15000
2009/12/31,0,103000,-89000,14000
2010/01/01,0,0,0,0
2010/01/04,0,110000,-126000,-16000
2010/01/05,0,675000,-180000,495000
2010/01/06,0,200000,-116200,83800
2010/01/07,0,128000,-83000,45000
2010/01/08,0,309000,-150000,159000
2010/01/11,0,292000,-87000,205000
2010/01/12,0,150000,-154000,-4000
2010/01/13,0,67000,-476000,-409000
2010/01/14,0,25000,-122930,-97930
2010/01/15,0,142000,-78000,64000
2010/01/18,0,86000,-58000,28000
2010/01/19,0,160980,-405000,-244020
2010/01/20,0,24000,-297000,-273000
2010/01/21,0,87000,-156000,-69000
2010/01/22,0,156000,-138000,18000
2010/01/25,0,33000,-361000,-328000
2010/01/26,0,55000,-660000,-605000
2010/01/27,0,103000,-45000,58000
2010/01/28,0,79000,-298000,-219000
2010/01/29,0,143000,-245000,-102000
2010/02/01,0,62000,-37000,25000
2010/02/02,0,192000,-71000,121000
2010/02/03,0,217000,-15000,202000
2010/02/04,0,93000,-201000,-108000
2010/02/05,0,51000,-194000,-143000
2010/02/08,0,282000,-5001,276999
2010/02/09,0,278000,-248000,30000
2010/02/10,0,283000,-138000,145000
2010/02/11,0,0,0,0
2010/02/12,0,0,0,0
2010/02/15,0,0,0,0
2010/02/16,0,0,0,0
2010/02/17,0,0,0,0
2010/02/18,0,0,0,0
2010/02/19,0,0,0,0
2010/02/22,0,151000,-42000,109000
2010/02/23,0,226000,-154000,72000
2010/02/24,0,5000,-129000,-124000
2010/02/25,0,55000,-362000,-307000
2010/02/26,0,133000,-33000,100000
2010/03/01,0,154000,-34000,120000
2010/03/02,0,68000,-289000,-221000
2010/03/03,0,238000,-86000,152000
2010/03/04,0,27000,-262000,-235000
2010/03/05,0,65000,-32000,33000
2010/03/08,0,80000,-50000,30000
2010/03/09,0,97000,-85000,12000
2010/03/10,0,34000,-70000,-36000
2010/03/11,0,33000,-43000,-10000
2010/03/12,0,48000,-73000,-25000
2010/03/15,0,43000,-117000,-74000
2010/03/16,0,74000,-52000,22000
2010/03/17,0,390000,-38000,352000
2010/03/18,0,204000,-100000,104000
2010/03/19,0,44000,-334000,-290000
2010/03/22,0,122000,-161000,-39000
2010/03/23,0,118000,-26000,92000
2010/03/24,0,102000,-60222,41778
2010/03/25,0,129000,-100000,29000
2010/03/26,0,62000,-31000,31000
2010/03/29,0,89000,-56000,33000
2010/03/30,0,97000,-22000,75000
2010/03/31,0,65000,-13000,52000
2010/04/01,0,182000,-36000,146000
2010/04/02,0,86000,-174000,-88000
2010/04/05,0,0,0,0
2010/04/06,0,204000,-109000,95000
2010/04/07,0,960000,-64000,896000
2010/04/08,0,771000,-637000,134000
2010/04/09,0,311000,-31000,280000
2010/04/12,0,133000,-274000,-141000
2010/04/13,0,292000,-138000,154000
2010/04/14,0,41000,-227000,-186000
2010/04/15,0,407000,-366000,41000
2010/04/16,0,130000,-48000,82000
2010/04/19,0,48000,-113000,-65000
2010/04/20,0,126000,-431000,-305000
2010/04/21,0,290000,-303000,-13000
2010/04/22,0,295000,-74000,221000
2010/04/23,0,108000,-155000,-47000
2010/04/26,0,311000,-16000,295000
2010/04/27,0,49000,-18000,31000
2010/04/28,0,94000,-554000,-460000
2010/04/29,0,18000,-62000,-44000
2010/04/30,0,21000,-26500,-5500
2010/05/03,0,6000,-191497,-185497
2010/05/04,0,0,-59000,-59000
2010/05/05,0,281000,-174000,107000
2010/05/06,0,219000,-377000,-158000
2010/05/07,0,175000,-298000,-123000
2010/05/10,0,36000,-37003,-1003
2010/05/11,0,10000,-715000,-705000
2010/05/12,0,35000,-157000,-122000
2010/05/13,0,404000,0,404000
2010/05/14,0,99000,-14000,85000
2010/05/17,0,4000,-289000,-285000
2010/05/18,0,80000,-237000,-157000
2010/05/19,0,146000,-36000,110000
2010/05/20,0,24000,-119000,-95000
2010/05/21,0,38000,-154000,-116000
2010/05/24,0,45000,-86000,-41000
2010/05/25,0,159000,-69000,90000
2010/05/26,0,62000,0,62000
2010/05/27,0,240000,-17000,223000
2010/05/28,0,93000,-49000,44000
2010/05/31,0,4000,-215000,-211000
2010/06/01,0,27000,-61000,-34000
2010/06/02,0,38000,-38000,0
2010/06/03,0,43000,-11000,32000
2010/06/04,0,53000,-34000,19000
2010/06/07,0,36000,-34000,2000
2010/06/08,0,29000,-31000,-2000
2010/06/09,0,11000,-90000,-79000
2010/06/10,0,44000,-25000,19000
2010/06/11,0,84000,-48000,36000
2010/06/14,0,104000,-62000,42000
2010/06/15,0,173000,-13000,160000
2010/06/16,0,0,0,0
2010/06/17,0,211000,-80000,131000
2010/06/18,0,13000,-58000,-45000
2010/06/21,0,491000,-11000,480000
2010/06/22,0,130000,-5000,125000
2010/06/23,0,61000,-65000,-4000
2010/06/24,0,35000,-144000,-109000
2010/06/25,0,196000,-180000,16000
2010/06/28,0,27000,-55000,-28000
2010/06/29,0,31000,-142000,-111000
2010/06/30,0,127000,-16000,111000
2010/07/01,0,50000,-25000,25000
2010/07/02,0,53000,-58000,-5000
2010/07/05,0,97000,-5000,92000
2010/07/06,0,210000,-56000,154000
2010/07/07,0,102000,-32000,70000
2010/07/08,0,119000,-89820,29180
2010/07/09,0,28000,-17000,11000
2010/07/12,0,10000,-215000,-205000
2010/07/13,0,0,-104000,-104000
2010/07/14,0,13000,-35000,-22000
2010/07/15,0,42000,-42000,0
2010/07/16,0,28000,-86000,-58000
2010/07/19,0,76000,-8000,68000
2010/07/20,0,38000,-25000,13000
2010/07/21,0,291000,-42000,249000
2010/07/22,0,57000,-44000,13000
2010/07/23,0,776000,-13000,763000
2010/07/26,0,447000,-348000,99000
2010/07/27,0,486000,-523000,-37000
2010/07/28,0,284000,-23000,261000
2010/07/29,0,146000,-64000,82000
2010/07/30,0,69000,-525000,-456000
2010/08/02,0,381000,-12000,369000
2010/08/03,0,1453000,-384000,1069000
2010/08/04,0,366000,-533000,-167000
2010/08/05,0,1057000,-744000,313000
2010/08/06,0,844000,-82000,762000
2010/08/09,0,712000,-259000,453000
2010/08/10,0,544000,-236000,308000
2010/08/11,0,382000,-123000,259000
2010/08/12,0,257000,-583000,-326000
2010/08/13,0,306000,-213000,93000
2010/08/16,0,354000,-202000,152000
2010/08/17,0,584000,-483000,101000
2010/08/18,0,1225000,-1068000,157000
2010/08/19,0,118000,-829000,-711000
2010/08/20,0,510000,-522000,-12000
2010/08/23,0,88000,-546000,-458000
2010/08/24,0,177000,-390000,-213000
2010/08/25,0,230000,-464000,-234000
2010/08/26,0,387000,-272000,115000
2010/08/27,0,144000,-417000,-273000
2010/08/30,0,40000,-103000,-63000
2010/08/31,0,67000,-73000,-6000
2010/09/01,0,290000,-37000,253000
2010/09/02,0,1227000,-181000,1046000
2010/09/03,0,401000,-414000,-13000
2010/09/06,0,384000,-126000,258000
2010/09/07,0,88000,-256000,-168000
2010/09/08,0,44000,-94000,-50000
2010/09/09,0,805000,-346000,459000
2010/09/10,0,339000,-1908000,-1569000
2010/09/13,0,416000,-51000,365000
2010/09/14,0,475000,-368000,107000
2010/09/15,0,195000,-162000,33000
2010/09/16,0,43000,-112000,-69000
2010/09/17,0,201000,-45000,156000
2010/09/20,0,100000,-585000,-485000
2010/09/21,0,371000,-170000,201000
2010/09/22,0,0,0,0
2010/09/23,0,131000,-36000,95000
2010/09/24,0,356000,-261000,95000
2010/09/27,0,422000,-303000,119000
2010/09/28,0,90000,-120000,-30000
2010/09/29,0,275000,-82000,193000
2010/09/30,0,444000,-193000,251000
2010/10/01,0,454000,-167000,287000
2010/10/04,0,820000,-668000,152000
2010/10/05,0,286000,-1767000,-1481000
2010/10/06,0,408000,-242000,166000
2010/10/07,0,406000,-86106,319894
2010/10/08,0,590000,-181000,409000
2010/10/11,0,537000,-848000,-311000
2010/10/12,0,196000,-477000,-281000
2010/10/13,0,192000,-776000,-584000
2010/10/14,0,97000,-228000,-131000
2010/10/15,0,709000,-89000,620000
2010/10/18,0,10000,-301000,-291000
2010/10/19,0,28000,-174000,-146000
2010/10/20,0,150000,-126000,24000
2010/10/21,0,40000,-73000,-33000
2010/10/22,0,289000,-85000,204000
2010/10/25,0,325000,-85000,240000
2010/10/26,0,224000,-106000,118000
2010/10/27,0,119000,-210000,-91000
2010/10/28,0,81000,-420000,-339000
2010/10/29,0,114000,-37000,77000
2010/11/01,0,108000,-85000,23000
2010/11/02,0,193000,-31000,162000
2010/11/03,0,104000,-17000,87000
2010/11/04,0,131000,-99000,32000
2010/11/05,0,389000,-173000,216000
2010/11/08,0,995000,-573000,422000
2010/11/09,0,247074,-901000,-653926
2010/11/10,0,311000,-277000,34000
2010/11/11,0,151000,-45000,106000
2010/11/12,0,104000,-210000,-106000
2010/11/15,0,184000,-177000,7000
2010/11/16,0,149000,-123000,26000
2010/11/17,0,63000,-75000,-12000
2010/11/18,0,17000,-24000,-7000
2010/11/19,0,45000,-55000,-10000
2010/11/22,0,209000,-96000,113000
2010/11/23,0,97000,-164000,-67000
2010/11/24,0,62000,-228000,-166000
2010/11/25,0,282000,-27000,255000
2010/11/26,0,82000,-78000,4000
2010/11/29,0,410000,-313000,97000
2010/11/30,0,97000,-204000,-107000
2010/12/01,0,229000,-481000,-252000
2010/12/02,0,76000,-495000,-419000
2010/12/03,0,126000,-180000,-54000
2010/12/06,0,100000,-118000,-18000
2010/12/07,0,73000,-33000,40000
2010/12/08,0,198000,-132000,66000
2010/12/09,0,395000,-80000,315000
2010/12/10,0,147000,-77000,70000
2010/12/13,0,194000,-778000,-584000
2010/12/14,0,200000,-294978,-94978
2010/12/15,0,280000,-356000,-76000
2010/12/16,0,78000,-107000,-29000
2010/12/17,0,127000,-113000,14000
2010/12/20,0,18000,-51000,-33000
2010/12/21,0,34000,-29000,5000
2010/12/22,0,116000,-199000,-83000
2010/12/23,0,317000,-57000,260000
2010/12/24,0,50000,-129000,-79000
2010/12/27,0,157000,-99000,58000
2010/12/28,0,46000,-59000,-13000
2010/12/29,0,103000,-22182,80818
2010/12/30,0,272000,-234000,38000
2010/12/31,0,90000,-122000,-32000
2011/01/03,0,431000,-577000,-146000
2011/01/04,0,626000,-387000,239000
2011/01/05,0,782000,-228000,554000
2011/01/06,0,140000,-184000,-44000
2011/01/07,0,241000,-438000,-197000
2011/01/10,0,112000,-487000,-375000
2011/01/11,0,310000,-499000,-189000
2011/01/12,0,289000,-291000,-2000
2011/01/13,0,41000,-405000,-364000
2011/01/14,0,164000,-57000,107000
2011/01/17,0,35000,-196634,-161634
2011/01/18,0,123000,-34000,89000
2011/01/19,0,34000,-214000,-180000
2011/01/20,0,45000,-463000,-418000
2011/01/21,0,47000,-155000,-108000
2011/01/24,0,19000,-208000,-189000
2011/01/25,0,24000,-187000,-163000
2011/01/26,0,52000,-121000,-69000
2011/01/27,0,42000,-193000,-151000
2011/01/28,0,234000,-110000,124000
2011/01/31,0,0,0,0
2011/02/01,0,0,0,0
2011/02/02,0,0,0,0
2011/02/03,0,0,0,0
2011/02/04,0,0,0,0
2011/02/07,0,0,0,0
2011/02/08,0,13000,-60000,-47000
2011/02/09,0,131000,-227000,-96000
2011/02/10,0,30000,-142000,-112000
2011/02/11,0,230000,-621000,-391000
2011/02/14,0,194000,-287000,-93000
2011/02/15,0,92000,-498000,-406000
2011/02/16,0,69000,-91000,-22000
2011/02/17,0,28000,-54000,-26000
2011/02/18,0,268000,-142000,126000
2011/02/21,0,18000,-76000,-58000
2011/02/22,0,502000,-378000,124000
2011/02/23,0,217000,-142000,75000
2011/02/24,0,153000,-27000,126000
2011/02/25,0,219000,-41000,178000
2011/02/28,0,0,0,0
2011/03/01,0,116000,-19000,97000
2011/03/02,0,105000,-48000,57000
2011/03/03,0,104000,-30000,74000
2011/03/04,0,84000,-136000,-52000
2011/03/07,0,66000,-245995,-179995
2011/03/08,0,121000,-141000,-20000
2011/03/09,0,9000,-17000,-8000
2011/03/10,0,4000,-24000,-20000
2011/03/11,0,52000,-47000,5000
2011/03/14,0,63000,-115000,-52000
2011/03/15,0,201000,-88000,113000
2011/03/16,0,135000,-62000,73000
2011/03/17,0,43000,-50000,-7000
2011/03/18,0,6000,-431000,-425000
2011/03/21,0,97000,-49000,48000
2011/03/22,0,19000,-45000,-26000
2011/03/23,0,29000,-16000,13000
2011/03/24,0,0,-8000,-8000
2011/03/25,0,38000,-16000,22000
2011/03/28,0,38000,-30000,8000
2011/03/29,0,42000,-21000,21000
2011/03/30,0,22000,-14000,8000
2011/03/31,0,15000,-102000,-87000
2011/04/01,0,30000,-27000,3000
2011/04/04,0,0,0,0
2011/04/05,0,0,0,0
2011/04/06,0,282000,-5000,277000
2011/04/07,0,197000,-184000,13000
2011/04/08,0,83000,-46000,37000
2011/04/11,0,67000,-36000,31000
2011/04/12,0,130000,-43000,87000
2011/04/13,0,101000,-17000,84000
2011/04/14,0,86000,-16000,70000
2011/04/15,0,71000,-43000,28000
2011/04/18,0,20000,-56763,-36763
2011/04/19,0,8000,-75000,-67000
2011/04/20,0,186000,-70000,116000
2011/04/21,0,232000,-55000,177000
2011/04/22,0,178000,-85000,93000
2011/04/25,0,263000,-384000,-121000
2011/04/26,0,23000,-104000,-81000
2011/04/27,0,126000,-52000,74000
2011/04/28,0,631000,-114500,516500
2011/04/29,0,171000,-561000,-390000
2011/05/02,0,0,0,0
2011/05/03,0,151000,-66705,84295
2011/05/04,0,107000,-77000,30000
2011/05/05,0,56000,-37000,19000
2011/05/06,0,153000,-177000,-24000
2011/05/09,0,297000,-91000,206000
2011/05/10,0,73000,-74000,-1000
2011/05/11,0,148000,-113032,34968
2011/05/12,0,90000,-151000,-61000
2011/05/13,0,518000,-83000,435000
2011/05/16,0,425000,-36000,389000
2011/05/17,0,63000,-200000,-137000
2011/05/18,0,54000,-61000,-7000
2011/05/19,0,260000,-88312,171688
2011/05/20,0,44000,-103000,-59000
2011/05/23,0,42000,-44000,-2000
2011/05/24,0,168000,-45000,123000
2011/05/25,0,7000,-30000,-23000
2011/05/26,0,41000,-107000,-66000
2011/05/27,0,46000,-24000,22000
2011/05/30,0,48000,-34000,14000
2011/05/31,0,84000,-29000,55000
2011/06/01,0,122000,-22000,100000
2011/06/02,0,27000,-62000,-35000
2011/06/03,0,24000,-20000,4000
2011/06/06,0,0,0,0
2011/06/07,0,114000,-33000,81000
2011/06/08,0,368000,-92000,276000
2011/06/09,0,193000,-108000,85000
2011/06/10,0,74000,-199000,-125000
2011/06/13,0,86000,-210000,-124000
2011/06/14,0,16000,-10000,6000
2011/06/15,0,28000,-100000,-72000
2011/06/16,0,121000,-215000,-94000
2011/06/17,0,98000,-30000,68000
2011/06/20,0,60000,-227000,-167000
2011/06/21,0,113000,-352000,-239000
2011/06/22,0,8000,-20000,-12000
2011/06/23,0,67000,-59000,8000
2011/06/24,0,59000,-27000,32000
2011/06/27,0,6000,-42000,-36000
2011/06/28,0,73000,-12000,61000
2011/06/29,0,176000,-25000,151000
2011/06/30,0,134000,-49000,85000
2011/07/01,0,21000,-42000,-21000
2011/07/04,0,60000,-141000,-81000
2011/07/05,0,82000,-222225,-140225
2011/07/06,0,21000,-90000,-69000
2011/07/07,0,106000,-90000,16000
2011/07/08,0,22000,-78000,-56000
2011/07/11,0,56000,-99000,-43000
2011/07/12,0,53000,-8000,45000
2011/07/13,0,109000,-28000,81000
2011/07/14,0,104000,-48000,56000
2011/07/15,0,148000,-18000,130000
2011/07/18,0,56000,-2915,53085
2011/07/19,0,143000,-21000,122000
2011/07/20,0,197000,-34000,163000
2011/07/21,0,777000,-137000,640000
2011/07/22,0,78000,-619000,-541000
2011/07/25,0,256000,-49000,207000
2011/07/26,0,118000,-169000,-51000
2011/07/27,0,285000,-68822,216178
2011/07/28,0,314000,-237000,77000
2011/07/29,0,509000,-286000,223000
2011/08/01,0,376000,-63000,313000
2011/08/02,0,406000,-56000,350000
2011/08/03,0,727000,-379000,348000
2011/08/04,0,176000,-438000,-262000
2011/08/05,0,399000,-351000,48000
2011/08/08,0,187000,-106000,81000
2011/08/09,0,444000,-145000,299000
2011/08/10,0,344000,-30000,314000
2011/08/11,0,101000,-124000,-23000
2011/08/12,0,14000,-205000,-191000
2011/08/15,0,28000,-366000,-338000
2011/08/16,0,42000,-516000,-474000
2011/08/17,0,22000,-70000,-48000
2011/08/18,0,56000,-112000,-56000
2011/08/19,0,93000,-161000,-68000
2011/08/22,0,138000,-27000,111000
2011/08/23,0,119000,0,119000
2011/08/24,0,331000,-60000,271000
2011/08/25,0,127000,-122000,5000
2011/08/26,0,43000,-271000,-228000
2011/08/29,0,81000,-13000,68000
2011/08/30,0,45000,-25000,20000
2011/08/31,0,14000,-23000,-9000
2011/09/01,0,97000,-165000,-68000
2011/09/02,0,39000,-46000,-7000
2011/09/05,0,5000,-634000,-629000
2011/09/06,0,23000,-215000,-192000
2011/09/07,0,31000,-162000,-131000
2011/09/08,0,25000,-55000,-30000
2011/09/09,0,31000,-23000,8000
2011/09/12,0,0,0,0
2011/09/13,0,16000,-96000,-80000
2011/09/14,0,126000,-28000,98000
2011/09/15,0,91000,-78000,13000
2011/09/16,0,104000,0,104000
2011/09/19,0,12000,-39000,-27000
2011/09/20,0,43000,-51000,-8000
2011/09/21,0,36000,-56000,-20000
2011/09/22,0,12000,-33000,-21000
2011/09/23,0,146000,-95500,50500
2011/09/26,0,130000,-97000,33000
2011/09/27,0,20000,-162000,-142000
2011/09/28,0,18000,-25000,-7000
2011/09/29,0,42000,-13000,29000
2011/09/30,0,13000,-14000,-1000
2011/10/03,0,6000,-51000,-45000
2011/10/04,0,60000,-29000,31000
2011/10/05,0,35000,-9598,25402
2011/10/06,0,89000,-1000,88000
2011/10/07,0,24000,-4000,20000
2011/10/10,0,0,0,0
2011/10/11,0,49000,-3000,46000
2011/10/12,0,25000,0,25000
2011/10/13,0,161000,-26000,135000
2011/10/14,0,154000,-92000,62000
2011/10/17,0,22000,-142000,-120000
2011/10/18,0,66000,-41125,24875
2011/10/19,0,21000,-23000,-2000
2011/10/20,0,13000,-8000,5000
2011/10/21,0,59000,-3000,56000
2011/10/24,0,434000,-6000,428000
2011/10/25,0,361000,-108000,253000
2011/10/26,0,123000,-45000,78000
2011/10/27,0,79000,-50000,29000
2011/10/28,0,56000,-633000,-577000
2011/10/31,0,7000,-44614,-37614
2011/11/01,0,186000,-27000,159000
2011/11/02,0,34000,-10000,24000
2011/11/03,0,35000,-45000,-10000
2011/11/04,0,264000,-7000,257000
2011/11/07,0,271000,-8000,263000
2011/11/08,0,33000,-333000,-300000
2011/11/09,0,200000,-52000,148000
2011/11/10,0,207000,-143000,64000
2011/11/11,0,13000,-418000,-405000
2011/11/14,0,56000,-1000,55000
2011/11/15,0,1000,-4000,-3000
2011/11/16,0,5000,-43000,-38000
2011/11/17,0,7000,-68195,-61195
2011/11/18,0,68000,-29000,39000
2011/11/21,0,147000,-79000,68000
2011/11/22,0,138000,-242000,-104000
2011/11/23,0,78000,-154000,-76000
2011/11/24,0,54000,-103000,-49000
2011/11/25,0,128000,-27636,100364
2011/11/28,0,130000,-13054,116946
2011/11/29,0,49000,-46000,3000
2011/11/30,0,7000,-185000,-178000
2011/12/01,0,282000,0,282000
2011/12/02,0,17000,-42374,-25374
2011/12/05,0,26000,-9000,17000
2011/12/06,0,2000,-158000,-156000
2011/12/07,0,39000,-50000,-11000
2011/12/08,0,225000,-35000,190000
2011/12/09,0,156000,-42600,113400
2011/12/12,0,11000,-11000,0
2011/12/13,0,20000,-33000,-13000
2011/12/14,0,11000,-4000,7000
2011/12/15,0,10000,-6000,4000
2011/12/16,0,38000,-15000,23000
2011/12/19,0,37000,-53000,-16000
2011/12/20,0,29000,-3000,26000
2011/12/21,0,27000,-5000,22000
2011/12/22,0,58000,-13000,45000
2011/12/23,0,25000,-13000,12000
2011/12/26,0,60000,-1000,59000
2011/12/27,0,38000,-54000,-16000
2011/12/28,0,42000,-17000,25000
2011/12/29,0,55000,-3000,52000
2011/12/30,0,38000,-7000,31000
2012/01/02,0,12000,-7000,5000
2012/01/03,0,29000,-1000,28000
2012/01/04,0,24000,-26000,-2000
2012/01/05,0,39000,-2012,36988
2012/01/06,0,0,-4000,-4000
2012/01/09,0,107000,-3957,103043
2012/01/10,0,13000,-14000,-1000
2012/01/11,0,31000,-2000,29000
2012/01/12,0,17000,-1000,16000
2012/01/13,0,26000,-7000,19000
2012/01/16,0,0,-48000,-48000
2012/01/17,0,57000,-36077,20923
2012/01/18,0,376000,-65000,311000
2012/01/19,0,0,0,0
2012/01/20,0,0,0,0
2012/01/23,0,0,0,0
2012/01/24,0,0,0,0
2012/01/25,0,0,0,0
2012/01/26,0,0,0,0
2012/01/27,0,0,0,0
2012/01/30,0,506000,-6000,500000
2012/01/31,0,350000,-262000,88000
2012/02/01,0,114000,-291000,-177000
2012/02/02,0,198000,-117000,81000
2012/02/03,0,168000,-175000,-7000
2012/02/06,0,48000,-461000,-413000
2012/02/07,0,157000,-211000,-54000
2012/02/08,0,120000,-59000,61000
2012/02/09,0,367000,-85383,281617
2012/02/10,0,328000,-113000,215000
2012/02/13,0,213000,-419097,-206097
2012/02/14,0,145000,-268000,-123000
2012/02/15,0,12000,-78000,-66000
2012/02/16,0,28000,-130000,-102000
2012/02/17,0,43000,-51082,-8082
2012/02/20,0,478000,-92000,386000
2012/02/21,0,759000,-103000,656000
2012/02/22,0,278000,-213000,65000
2012/02/23,0,98000,-315000,-217000
2012/02/24,0,90000,-128000,-38000
2012/02/27,0,0,0,0
2012/02/28,0,0,0,0
2012/02/29,0,339006,-56034,282972
2012/03/01,0,48000,-444919,-396919
2012/03/02,0,124000,-180649,-56649
2012/03/05,0,1000,-417074,-416074
2012/03/06,0,30000,-73000,-43000
2012/03/07,0,5000,-58000,-53000
2012/03/08,0,49000,-111000,-62000
2012/03/09,0,13000,-56000,-43000
2012/03/12,0,0,-43580,-43580
2012/03/13,0,26000,-43000,-17000
2012/03/14,0,44000,-12000,32000
2012/03/15,0,5000,-20000,-15000
2012/03/16,0,9000,-153000,-144000
2012/03/19,0,32000,-133000,-101000
2012/03/20,0,3000,-54000,-51000
2012/03/21,0,6000,-113000,-107000
2012/03/22,0,22000,-7000,15000
2012/03/23,0,6000,-2000,4000
2012/03/26,0,0,-190000,-190000
2012/03/27,0,251000,-86000,165000
2012/03/28,0,107000,-40000,67000
2012/03/29,0,55000,-611956,-556956
2012/03/30,0,2000,-398000,-396000
2012/04/02,0,27000,-34000,-7000
2012/04/03,0,118000,-39000,79000
2012/04/04,0,0,0,0
2012/04/05,0,37000,-15000,22000
2012/04/06,0,24000,-36000,-12000
2012/04/09,0,38000,-31021,6979
2012/04/10,0,24000,-14000,10000
2012/04/11,0,3000,-2000,1000
2012/04/12,0,0,-28000,-28000
2012/04/13,0,281000,-24000,257000
2012/04/16,0,51000,-9000,42000
2012/04/17,0,14000,-7000,7000
2012/04/18,0,5000,-53000,-48000
2012/04/19,0,43000,-6000,37000
2012/04/20,0,1000,-6000,-5000
2012/04/23,0,44000,-136000,-92000
2012/04/24,0,4000,-412000,-408000
2012/04/25,0,6000,0,6000
2012/04/26,0,102002,-9000,93002
2012/04/27,0,6000,-12000,-6000
2012/04/30,0,20000,-3000,17000
2012/05/01,0,0,0,0
2012/05/02,0,209000,-7000,202000
2012/05/03,0,45000,-41000,4000
2012/05/04,0,14000,-239000,-225000
2012/05/07,0,2000,-27000,-25000
2012/05/08,0,1000,-3037,-2037
2012/05/09,0,12000,-20226,-8226
2012/05/10,0,21000,-1000,20000
2012/05/11,0,36000,-9000,27000
2012/05/14,0,24000,-8000,16000
2012/05/15,0,85000,-3000,82000
2012/05/16,0,92000,-37000,55000
2012/05/17,0,6000,-5000,1000
2012/05/18,0,44000,-16000,28000
2012/05/21,0,52000,-6000,46000
2012/05/22,0,0,-1000,-1000
2012/05/23,0,39000,-32000,7000
2012/05/24,0,72000,-22000,50000
2012/05/25,0,9000,-19000,-10000
2012/05/28,0,4000,-3000,1000
2012/05/29,0,6000,-1000,5000
2012/05/30,0,8000,-18000,-10000
2012/05/31,0,3000,-4000,-1000
2012/06/01,0,10000,-7000,3000
2012/06/04,0,108000,-8000,100000
2012/06/05,0,12000,-1000,11000
2012/06/06,0,0,0,0
2012/06/07,0,0,0,0
2012/06/08,0,0,-2000,-2000
2012/06/11,0,9000,-1000,8000
2012/06/12,0,0,-18000,-18000
2012/06/13,0,3000,-6000,-3000
2012/06/14,0,6000,-1000,5000
2012/06/15,0,7000,-1000,6000
2012/06/18,0,11000,0,11000
2012/06/19,0,3000,-8000,-5000
2012/06/20,0,2000,-6000,-4000
2012/06/21,0,6000,-17000,-11000
2012/06/22,0,8000,-10000,-2000
2012/06/25,0,1000,-17000,-16000
2012/06/26,0,0,-4000,-4000
2012/06/27,0,18000,-6000,12000
2012/06/28,0,30000,-9000,21000
2012/06/29,0,59000,-4000,55000
2012/07/02,0,10000,-34000,-24000
2012/07/03,0,123000,0,123000
2012/07/04,0,107000,-31000,76000
2012/07/05,0,42000,0,42000
2012/07/06,0,21000,-29000,-8000
2012/07/09,0,70000,-25000,45000
2012/07/10,0,16000,-99000,-83000
2012/07/11,0,23000,-5000,18000
2012/07/12,0,5000,-10000,-5000
2012/07/13,0,38000,-3000,35000
2012/07/16,0,3000,-14952,-11952
2012/07/17,0,34000,-34000,0
2012/07/18,0,198000,-145000,53000
2012/07/19,0,105000,-59000,46000
2012/07/20,0,47000,-65000,-18000
2012/07/23,0,62000,-122000,-60000
2012/07/24,0,59000,-62000,-3000
2012/07/25,0,32000,-85000,-53000
2012/07/26,0,45000,-2000,43000
2012/07/27,0,2000,-33000,-31000
2012/07/30,0,39000,-5000,34000
2012/07/31,0,45000,-7000,38000
2012/08/01,0,0,-8000,-8000
2012/08/02,0,0,0,0
2012/08/03,0,153000,-5000,148000
2012/08/06,0,36000,0,36000
2012/08/07,0,7000,-2000,5000
2012/08/08,0,464000,0,464000
2012/08/09,0,23000,-427000,-404000
2012/08/10,0,123000,-132000,-9000
2012/08/13,0,30000,-8000,22000
2012/08/14,0,34000,-3000,31000
2012/08/15,0,32000,-33000,-1000
2012/08/16,0,513000,-55000,458000
2012/08/17,0,56000,-186000,-130000
2012/08/20,0,5000,-74000,-69000
2012/08/21,0,37000,-18000,19000
2012/08/22,0,8000,-6000,2000
2012/08/23,0,18000,0,18000
2012/08/24,0,68000,-29000,39000
2012/08/27,0,15000,-44000,-29000
2012/08/28,0,36000,-65000,-29000
2012/08/29,0,25000,-34000,-9000
2012/08/30,0,88000,-52000,36000
2012/08/31,0,11000,-94000,-83000
2012/09/03,0,21000,-18000,3000
2012/09/04,0,21000,-37000,-16000
2012/09/05,0,28000,-58000,-30000
2012/09/06,0,46000,-68000,-22000
2012/09/07,0,175000,-23000,152000
2012/09/10,0,296000,-33000,263000
2012/09/11,0,80000,-179000,-99000
2012/09/12,0,320000,-41000,279000
2012/09/13,0,147000,-53000,94000
2012/09/14,0,1081000,-237000,844000
2012/09/17,0,358000,-199000,159000
2012/09/18,0,202000,-330000,-128000
2012/09/19,0,259000,-43000,216000
2012/09/20,0,135000,-268000,-133000
2012/09/21,0,30000,-176000,-146000
2012/09/24,0,216000,-96000,120000
2012/09/25,0,20000,-35000,-15000
2012/09/26,0,59000,-31000,28000
2012/09/27,0,66000,-179000,-113000
2012/09/28,0,0,-17000,-17000
2012/10/01,0,53000,-50000,3000
2012/10/02,0,40000,-132000,-92000
2012/10/03,0,0,-119000,-119000
2012/10/04,0,36000,-262000,-226000
2012/10/05,0,71000,-152000,-81000
2012/10/08,0,0,-155000,-155000
2012/10/09,0,37000,-107000,-70000
2012/10/10,0,0,0,0
2012/10/11,0,91000,-61000,30000
2012/10/12,0,9000,-53000,-44000
2012/10/15,0,59000,-45000,14000
2012/10/16,0,94000,-22000,72000
2012/10/17,0,139000,-137000,2000
2012/10/18,0,13000,-50000,-37000
2012/10/19,0,21000,-24000,-3000
2012/10/22,0,1000,-23000,-22000
2012/10/23,0,6000,-45000,-39000
2012/10/24,0,39000,-55000,-16000
2012/10/25,0,21000,-42000,-21000
2012/10/26,0,150000,-264000,-114000
2012/10/29,0,81000,-330000,-249000
2012/10/30,0,24000,-369000,-345000
2012/10/31,0,4000,-1000,3000
2012/11/01,0,85000,-38000,47000
2012/11/02,0,121000,-18000,103000
2012/11/05,0,59000,-134000,-75000
2012/11/06,0,35000,-95000,-60000
2012/11/07,0,27000,-121000,-94000
2012/11/08,0,47000,-27000,20000
2012/11/09,0,141000,-56000,85000
2012/11/12,0,87000,-51000,36000
2012/11/13,0,77000,-76057,943
2012/11/14,0,8000,-20000,-12000
2012/11/15,0,39000,-26000,13000
2012/11/16,0,89000,-236000,-147000
2012/11/19,0,99000,-95342,3658
2012/11/20,0,44000,-271000,-227000
2012/11/21,0,66000,-83000,-17000
2012/11/22,0,222000,-53000,169000
2012/11/23,0,194000,-135000,59000
2012/11/26,0,7000,-245000,-238000
2012/11/27,0,7000,-7000,0
2012/11/28,0,26000,-1000,25000
2012/11/29,0,297000,-154000,143000
2012/11/30,0,58000,-56000,2000
2012/12/03,0,14000,-3000,11000
2012/12/04,0,6000,-7000,-1000
2012/12/05,0,29000,-6000,23000
2012/12/06,0,100000,-12000,88000
2012/12/07,0,51000,-30000,21000
2012/12/10,0,73000,-33000,40000
2012/12/11,0,39000,-31000,8000
2012/12/12,0,123000,-24000,99000
2012/12/13,0,337000,-84000,253000
2012/12/14,0,79000,-54000,25000
2012/12/17,0,10000,-50000,-40000
2012/12/18,0,9000,-72000,-63000
2012/12/19,0,40000,-45000,-5000
2012/12/20,0,0,-63208,-63208
2012/12/21,0,0,-31000,-31000
2012/12/24,0,0,-72000,-72000
2012/12/25,0,52000,0,52000
2012/12/26,0,23000,-50000,-27000
2012/12/27,0,41000,-34000,7000
2012/12/28,0,84000,-12000,72000
2012/12/31,0,0,0,0
2013/01/01,0,0,0,0
2013/01/02,0,304000,-9000,295000
2013/01/03,0,299000,-65000,234000
2013/01/04,0,476000,-83000,393000
2013/01/07,0,39000,-132000,-93000
2013/01/08,0,119000,-36000,83000
2013/01/09,0,91000,-24000,67000
2013/01/10,0,413000,-78000,335000
2013/01/11,0,1022000,-207000,815000
2013/01/14,0,300000,-47000,253000
2013/01/15,0,25000,-519000,-494000
2013/01/16,0,11000,-488000,-477000
2013/01/17,0,173000,-905000,-732000
2013/01/18,0,75000,-136000,-61000
2013/01/21,0,48000,-34000,14000
2013/01/22,0,268000,-46000,222000
2013/01/23,0,103000,-323000,-220000
2013/01/24,0,31000,-819000,-788000
2013/01/25,0,29000,-16000,13000
2013/01/28,0,8000,-115000,-107000
2013/01/29,0,75000,-30000,45000
2013/01/30,0,66000,-234000,-168000
2013/01/31,0,30000,-45000,-15000
2013/02/01,0,383000,-45000,338000
2013/02/04,0,130000,-219000,-89000
2013/02/05,0,8000,-29000,-21000
2013/02/06,0,54000,-139000,-85000
2013/02/07,0,0,0,0
2013/02/08,0,0,0,0
2013/02/11,0,0,0,0
2013/02/12,0,0,0,0
2013/02/13,0,0,0,0
2013/02/14,0,0,0,0
2013/02/15,0,0,0,0
2013/02/18,0,6000,-77000,-71000
2013/02/19,0,12000,-42729,-30729
2013/02/20,0,76000,-72000,4000
2013/02/21,0,32000,-35000,-3000
2013/02/22,0,84000,-42000,42000
2013/02/25,0,1000,-35000,-34000
2013/02/26,0,6000,-144000,-138000
2013/02/27,0,10000,-158000,-148000
2013/02/28,0,0,0,0
2013/03/01,0,9000,-10000,-1000
2013/03/04,0,9000,-81000,-72000
2013/03/05,0,61000,-47000,14000
2013/03/06,0,4000,-58000,-54000
2013/03/07,0,83000,-8000,75000
2013/03/08,0,44000,-12000,32000
2013/03/11,0,81000,-50000,31000
2013/03/12,0,10000,-23000,-13000
2013/03/13,0,10000,-126000,-116000
2013/03/14,0,0,-100000,-100000
2013/03/15,0,380000,-52000,328000
2013/03/18,0,52000,-513000,-461000
2013/03/19,0,100000,-25000,75000
2013/03/20,0,50000,-69000,-19000
2013/03/21,0,5000,-78000,-73000
2013/03/22,0,7000,-4000,3000
2013/03/25,0,30000,-3000,27000
2013/03/26,0,33000,-2000,31000
2013/03/27,0,78000,-80000,-2000
2013/03/28,0,23000,-42000,-19000
2013/03/29,0,39000,-30000,9000
2013/04/01,0,60000,-29000,31000
2013/04/02,0,56000,-7000,49000
2013/04/03,0,15000,-104000,-89000
2013/04/04,0,0,0,0
2013/04/05,0,0,0,0
2013/04/08,0,115000,-28000,87000
2013/04/09,0,88000,-1000,87000
2013/04/10,0,20000,-25000,-5000
2013/04/11,0,0,-64000,-64000
2013/04/12,0,50000,-35000,15000
2013/04/15,0,68000,-11000,57000
2013/04/16,0,63000,-9000,54000
2013/04/17,0,34000,-35000,-1000
2013/04/18,0,58000,-43000,15000
2013/04/19,0,22000,-123000,-101000
2013/04/22,0,3000,-11000,-8000
2013/04/23,0,7000,-4000,3000
2013/04/24,0,144000,-2000,142000
2013/04/25,0,6000,-172000,-166000
2013/04/26,0,104000,-31000,73000
2013/04/29,0,9000,-1000,8000
2013/04/30,0,85000,-34000,51000
2013/05/01,0,0,0,0
2013/05/02,0,67000,-7000,60000
2013/05/03,0,740000,-23000,717000
2013/05/06,0,435000,-97000,338000
2013/05/07,0,39000,-21000,18000
2013/05/08,0,82000,-57000,25000
2013/05/09,0,140000,-137000,3000
2013/05/10,0,375000,-86000,289000
2013/05/13,0,173000,-357000,-184000
2013/05/14,0,101000,-218000,-117000
2013/05/15,0,137000,-761000,-624000
2013/05/16,0,382000,-382000,0
2013/05/17,0,102000,-280000,-178000
2013/05/20,0,25000,-320000,-295000
2013/05/21,0,152000,-170000,-18000
2013/05/22,0,51000,-43000,8000
2013/05/23,0,129000,-256000,-127000
2013/05/24,0,49000,-160000,-111000
2013/05/27,0,81000,-96000,-15000
2013/05/28,0,102000,-52000,50000
2013/05/29,0,7000,-58000,-51000
2013/05/30,0,15000,-179000,-164000
2013/05/31,0,82000,-101000,-19000
2013/06/03,0,21000,-87033,-66033
2013/06/04,0,28000,-52000,-24000
2013/06/05,0,13000,-13000,0
2013/06/06,0,33000,-17000,16000
2013/06/07,0,25000,-32000,-7000
2013/06/10,0,18000,-10000,8000
2013/06/11,0,0,-44000,-44000
2013/06/12,0,0,0,0
2013/06/13,0,7000,-158000,-151000
2013/06/14,0,3000,-13000,-10000
2013/06/17,0,25000,-2000,23000
2013/06/18,0,8000,-9037,-1037
2013/06/19,0,30000,-19000,11000
2013/06/20,0,10000,-35000,-25000
2013/06/21,0,457000,-30000,427000
2013/06/24,0,78000,-114000,-36000
2013/06/25,0,106000,-313000,-207000
2013/06/26,0,170000,-34000,136000
2013/06/27,0,41000,-112000,-71000
2013/06/28,0,10000,-88000,-78000
2013/07/01,0,13000,-115000,-102000
2013/07/02,0,14000,-61000,-47000
2013/07/03,0,12000,-14000,-2000
2013/07/04,0,14000,-22000,-8000
2013/07/05,0,54000,-1000,53000
2013/07/08,0,0,-24000,-24000
2013/07/09,0,26000,-3000,23000
2013/07/10,0,14000,-16000,-2000
2013/07/11,0,217000,-10000,207000
2013/07/12,0,5000,-169000,-164000
2013/07/15,0,15000,-21000,-6000
2013/07/16,0,89000,-11000,78000
2013/07/17,0,46000,-81000,-35000
2013/07/18,0,35000,-9000,26000
2013/07/19,0,32000,-46000,-14000
2013/07/22,0,433000,-129000,304000
2013/07/23,0,158000,-157000,1000
2013/07/24,0,9000,-47000,-38000
2013/07/25,0,44000,-42000,2000
2013/07/26,0,22000,-60000,-38000
2013/07/29,0,9000,-72000,-63000
2013/07/30,0,21000,-49000,-28000
2013/07/31,0,44000,-29000,15000
2013/08/01,0,2000,-116000,-114000
2013/08/02,0,8000,-1000,7000
2013/08/05,0,16000,-39000,-23000
2013/08/06,0,38000,-24000,14000
2013/08/07,0,51000,-19000,32000
2013/08/08,0,31000,-4000,27000
2013/08/09,0,54000,-44000,10000
2013/08/12,0,101000,-16000,85000
2013/08/13,0,66000,-2000,64000
2013/08/14,0,342000,-102000,240000
2013/08/15,0,27000,-403000,-376000
2013/08/16,0,21000,-89000,-68000
2013/08/19,0,8000,-39000,-31000
2013/08/20,0,8000,-42000,-34000
2013/08/21,0,0,0,0
2013/08/22,0,23000,-61000,-38000
2013/08/23,0,1000,-26000,-25000
2013/08/26,0,9000,-31000,-22000
2013/08/27,0,4000,-9000,-5000
2013/08/28,0,12000,-20000,-8000
2013/08/29,0,479000,0,479000
2013/08/30,0,137000,-15000,122000
2013/09/02,0,101000,-343000,-242000
2013/09/03,0,172000,-2000,170000
2013/09/04,0,0,-121000,-121000
2013/09/05,0,81000,0,81000
2013/09/06,0,37000,-3000,34000
2013/09/09,0,6000,-5000,1000
2013/09/10,0,51000,-6000,45000
2013/09/11,0,15000,-30000,-15000
2013/09/12,0,126000,-21000,105000
2013/09/13,0,59000,-13000,46000
2013/09/16,0,19000,-72000,-53000
2013/09/17,0,78000,-18000,60000
2013/09/18,0,51000,-57000,-6000
2013/09/19,0,0,0,0
2013/09/20,0,0,0,0
2013/09/23,0,43000,-17000,26000
2013/09/24,0,2000,-32000,-30000
2013/09/25,0,24000,-86000,-62000
2013/09/26,0,61000,-57000,4000
2013/09/27,0,44000,-22000,22000
2013/09/30,0,58000,-47000,11000
2013/10/01,0,0,-17000,-17000
2013/10/02,0,5000,-18000,-13000
2013/10/03,0,75000,-59000,16000
2013/10/04,0,214000,-7000,207000
2013/10/07,0,813000,-10000,803000
2013/10/08,0,115000,-100000,15000
2013/10/09,0,0,-343000,-343000
2013/10/10,0,0,0,0
2013/10/11,0,19000,-289000,-270000
2013/10/14,0,5000,-12000,-7000
2013/10/15,0,683000,-16000,667000
2013/10/16,0,18000,-278000,-260000
2013/10/17,0,599000,-82000,517000
2013/10/18,0,47000,-654000,-607000
2013/10/21,0,130000,-564000,-434000
2013/10/22,0,77000,-234000,-157000
2013/10/23,0,20000,-66084,-46084
2013/10/24,0,51000,-7000,44000
2013/10/25,0,2000,-101000,-99000
2013/10/28,0,51000,-1000,50000
2013/10/29,0,20000,-27000,-7000
2013/10/30,0,5000,-12000,-7000
2013/10/31,0,3000,-19000,-16000
2013/11/01,0,0,-90000,-90000
2013/11/04,0,0,-26000,-26000
2013/11/05,0,8000,-43000,-35000
2013/11/06,0,2000,-29000,-27000
2013/11/07,0,4000,-16000,-12000
2013/11/08,0,0,-120000,-120000
2013/11/11,0,0,-12000,-12000
2013/11/12,0,17000,-24000,-7000
2013/11/13,0,2000,-6000,-4000
2013/11/14,0,11000,-7000,4000
2013/11/15,0,30000,-5000,25000
2013/11/18,0,9000,-6000,3000
2013/11/19,0,72000,-23000,49000
2013/11/20,0,13000,-47000,-34000
2013/11/21,0,3000,-372000,-369000
2013/11/22,0,0,-1000,-1000
2013/11/25,0,32000,-8000,24000
2013/11/26,0,43000,-5000,38000
2013/11/27,0,51000,-7000,44000
2013/11/28,0,118000,-8000,110000
2013/11/29,0,273000,-28000,245000
2013/12/02,0,122000,-50000,72000
2013/12/03,0,164000,-7000,157000
2013/12/04,0,22000,-3000,19000
2013/12/05,0,58000,-46000,12000
2013/12/06,0,10000,-67000,-57000
2013/12/09,0,0,0,0
2013/12/10,0,7000,0,7000
2013/12/11,0,15000,-173000,-158000
2013/12/12,0,11000,-244000,-233000
2013/12/13,0,0,-30000,-30000
2013/12/16,0,48000,-36000,12000
2013/12/17,0,10000,-9000,1000
2013/12/18,0,26000,-2000,24000
2013/12/19,0,98000,0,98000
2013/12/20,0,55000,-36000,19000
2013/12/23,0,58000,-850,57150
2013/12/24,0,15000,-21000,-6000
2013/12/25,0,27000,-11000,16000
2013/12/26,0,18000,-98000,-80000
2013/12/27,0,13000,-25000,-12000
2013/12/30,0,19000,-13000,6000
2013/12/31,0,3000,-16000,-13000
2014/01/02,0,0,-16000,-16000
2014/01/03,0,16000,-13000,3000
2014/01/06,0,96000,-6000,90000
2014/01/07,0,23000,-5000,18000
2014/01/08,0,16000,-18011,-2011
2014/01/09,0,42000,-8000,34000
2014/01/10,0,8000,-47000,-39000
2014/01/13,0,16000,-6000,10000
2014/01/14,0,39000,-5000,34000
2014/01/15,0,28000,-63000,-35000
2014/01/16,0,1000,-3038,-2038
2014/01/17,0,3000,-22000,-19000
2014/01/20,0,18000,-23000,-5000
2014/01/21,0,2000,-40085,-38085
2014/01/22,0,0,-55000,-55000
2014/01/23,0,0,-36000,-36000
2014/01/24,0,1000,-43000,-42000
2014/01/27,0,7000,-124000,-117000
2014/02/05,0,10000,-51552,-41552
2014/02/06,0,0,-9000,-9000
2014/02/07,0,10000,-12000,-2000
2014/02/10,0,24000,-6000,18000
2014/02/11,0,2000,0,2000
2014/02/12,0,47000,-1000,46000
2014/02/13,0,90000,-43000,47000
2014/02/14,0,58000,-5000,53000
2014/02/17,0,150000,-37000,113000
2014/02/18,0,102000,-35000,67000
2014/02/19,0,142000,-38000,104000
2014/02/20,0,0,-46000,-46000
2014/02/21,0,18000,0,18000
2014/02/24,0,0,-2000,-2000
2014/02/25,0,27000,-3790,23210
2014/02/26,0,56000,-25000,31000
2014/02/27,0,150000,0,150000
2014/03/03,0,0,-40000,-40000
2014/03/04,0,16000,-43000,-27000
2014/03/05,0,0,-46000,-46000
2014/03/06,0,0,-2000,-2000
2014/03/07,0,7000,-24000,-17000
2014/03/10,0,0,-10000,-10000
2014/03/11,0,9000,-5000,4000
2014/03/12,0,0,-6000,-6000
2014/03/13,0,16000,-16000,0
2014/03/14,0,19000,-11000,8000
2014/03/17,0,14000,-5000,9000
2014/03/18,0,26000,-9000,17000
2014/03/19,0,12000,-49000,-37000
2014/03/20,0,31000,-2000,29000
2014/03/21,0,17000,-23000,-6000
2014/03/24,0,7000,-8000,-1000
2014/03/25,0,0,-18000,-18000
2014/03/26,0,80000,-42000,38000
2014/03/27,0,8000,-80000,-72000
2014/03/28,0,92000,-20000,72000
2014/03/31,0,17000,-14000,3000
2014/04/01,0,0,-13000,-13000
2014/04/02,0,52000,0,52000
2014/04/03,0,31000,-7000,24000
2014/04/07,0,0,-26000,-26000
2014/04/08,0,0,0,0
2014/04/09,0,0,-53000,-53000
2014/04/10,0,11000,-13000,-2000
2014/04/11,0,11000,-11000,0
2014/04/14,0,10000,-26000,-16000
2014/04/15,0,5000,-24000,-19000
2014/04/16,0,67000,-11000,56000
2014/04/17,0,0,-9000,-9000
2014/04/18,0,10000,-2000,8000
2014/04/21,0,244000,-12000,232000
2014/04/22,0,8000,-122000,-114000
2014/04/23,0,8000,-87000,-79000
2014/04/24,0,8000,-32459,-24459
2014/04/25,0,8000,-42000,-34000
2014/04/28,0,4000,-15000,-11000
2014/04/29,0,7000,-2000,5000
2014/04/30,0,0,-9000,-9000
2014/05/02,0,9000,-5000,4000
2014/05/05,0,0,0,0
2014/05/06,0,0,-1137,-1137
2014/05/07,0,0,0,0
2014/05/08,0,0,-21000,-21000
2014/05/09,0,0,-22000,-22000
2014/05/12,0,0,-5000,-5000
2014/05/13,0,1000,0,1000
2014/05/14,0,42000,-2000,40000
2014/05/15,0,21000,0,21000
2014/05/16,0,10000,-19000,-9000
2014/05/19,0,23000,0,23000
2014/05/20,0,0,-1000,-1000
2014/05/21,0,0,-20000,-20000
2014/05/22,0,10000,-11000,-1000
2014/05/23,0,2000,-24000,-22000
2014/05/26,0,12000,0,12000
2014/05/27,0,0,-1000,-1000
2014/05/28,0,1000,-7000,-6000
2014/05/29,0,0,-14000,-14000
2014/05/30,0,0,-11000,-11000
2014/06/03,0,2000,-15000,-13000
2014/06/04,0,0,-8000,-8000
2014/06/05,0,0,-17000,-17000
2014/06/06,0,0,-8000,-8000
2014/06/09,0,0,-2000,-2000
2014/06/10,0,0,-4000,-4000
2014/06/11,0,10000,0,10000
2014/06/12,0,5000,0,5000
2014/06/13,0,53000,0,53000
2014/06/16,0,0,-1000,-1000
2014/06/17,0,21000,0,21000
2014/06/18,0,15000,-1000,14000
2014/06/19,0,2000,-2000,0
2014/06/20,0,0,-29000,-29000
2014/06/23,0,7000,-6000,1000
2014/06/24,0,22000,0,22000
2014/06/25,0,24000,-1113,22887
2014/06/26,0,14000,0,14000
2014/06/27,0,0,0,0
2014/06/30,0,9000,0,9000
2014/07/01,0,19000,-30000,-11000
2014/07/02,0,6000,0,6000
2014/07/03,0,0,-6000,-6000
2014/07/04,0,0,-10000,-10000
2014/07/07,0,0,-75000,-75000
2014/07/08,0,20000,0,20000
2014/07/09,0,27000,0,27000
2014/07/10,0,14000,-28000,-14000
2014/07/11,0,6000,-11000,-5000
2014/07/14,0,0,-4000,-4000
2014/07/15,0,0,-9000,-9000
2014/07/16,0,25000,-25000,0
2014/07/17,0,0,-8000,-8000
2014/07/18,0,21000,0,21000
2014/07/21,0,33000,0,33000
2014/07/22,0,77000,-8000,69000
2014/07/23,0,0,0,0
2014/07/24,0,102000,-15000,87000
2014/07/25,0,29000,-52000,-23000
2014/07/28,0,42000,-19000,23000
2014/07/29,0,207000,0,207000
2014/07/30,0,90000,-41000,49000
2014/07/31,0,18000,-67000,-49000
2014/08/01,0,2000,-25000,-23000
2014/08/04,0,8000,-112000,-104000
2014/08/05,0,2000,-23000,-21000
2014/08/06,0,42000,-128000,-86000
2014/08/07,0,49000,-18000,31000
2014/08/08,0,107000,-21000,86000
2014/08/11,0,36000,-20000,16000
2014/08/12,0,30000,-38000,-8000
2014/08/13,0,56000,-26000,30000
2014/08/14,0,41000,-471000,-430000
2014/08/15,0,0,-269000,-269000
2014/08/18,0,5000,-77000,-72000
2014/08/19,0,20000,-16000,4000
2014/08/20,0,0,-29000,-29000
2014/08/21,0,0,-26000,-26000
2014/08/22,0,22000,0,22000
2014/08/25,0,5000,-13000,-8000
2014/08/26,0,0,0,0
2014/08/27,0,50000,0,50000
2014/08/28,0,0,0,0
2014/08/29,0,0,-15000,-15000
2014/09/01,0,0,-7000,-7000
2014/09/02,0,0,0,0
2014/09/03,0,0,-11000,-11000
2014/09/04,0,20000,-10000,10000
2014/09/05,0,30000,0,30000
2014/09/09,0,0,0,0
2014/09/10,0,0,-10000,-10000
2014/09/11,0,10000,-5000,5000
2014/09/12,0,0,-8000,-8000
2014/09/15,0,0,-149000,-149000
2014/09/16,0,0,-26000,-26000
2014/09/17,0,0,-31000,-31000
2014/09/18,0,0,0,0
2014/09/19,0,0,-10312,-10312
2014/09/22,0,0,-29000,-29000
2014/09/23,0,0,-4000,-4000
2014/09/24,0,0,0,0
2014/09/25,0,0,-11000,-11000
2014/09/26,0,0,-8000,-8000
2014/09/29,0,0,-9000,-9000
2014/09/30,0,2000,-8000,-6000
2014/10/01,0,0,-2000,-2000
2014/10/02,0,1000,0,1000
2014/10/03,0,4000,-12000,-8000
2014/10/06,0,0,-3000,-3000
2014/10/07,0,0,-2000,-2000
2014/10/08,0,0,0,0
2014/10/09,0,4000,-3000,1000
2014/10/13,0,21000,0,21000
2014/10/14,0,0,0,0
2014/10/15,0,8000,-21000,-13000
2014/10/16,0,4000,-3000,1000
2014/10/17,0,0,-8000,-8000
2014/10/20,0,0,0,0
2014/10/21,0,0,0,0
2014/10/22,0,0,0,0
2014/10/23,0,0,0,0
2014/10/24,0,348000,0,348000
2014/10/27,0,0,-5000,-5000
2014/10/28,0,5000,0,5000
2014/10/29,0,0,0,0
2014/10/30,0,25000,-151000,-126000
2014/10/31,0,4000,-67000,-63000
2014/11/03,0,1000,-159000,-158000
2014/11/04,0,1000,0,1000
2014/11/05,0,0,-21000,-21000
2014/11/06,0,0,-2000,-2000
2014/11/07,0,0,0,0
2014/11/10,0,8000,0,8000
2014/11/11,0,1000,0,1000
2014/11/12,0,0,-2000,-2000
2014/11/13,0,0,-2000,-2000
2014/11/14,0,9000,-5000,4000
2014/11/17,0,0,-3000,-3000
2014/11/18,0,5000,0,5000
2014/11/19,0,12000,0,12000
2014/11/20,0,2000,0,2000
2014/11/21,0,0,0,0
2014/11/24,0,0,-10000,-10000
2014/11/25,0,0,-4000,-4000
2014/11/26,0,0,0,0
2014/11/27,0,18000,0,18000
2014/11/28,0,3000,-1000,2000
2014/12/01,0,13000,0,13000
2014/12/02,0,120000,-2217,117783
2014/12/03,0,130000,-30000,100000
2014/12/04,0,0,-1000,-1000
2014/12/05,0,0,-1000,-1000
2014/12/08,0,0,-3000,-3000
2014/12/09,0,2000,-142000,-140000
2014/12/10,0,0,0,0
2014/12/11,0,0,-108000,-108000
2014/12/12,0,20000,0,20000
2014/12/15,0,2000,0,2000
2014/12/16,0,44000,0,44000
2014/12/17,0,3000,0,3000
2014/12/18,0,0,-2000,-2000
2014/12/19,0,38000,-6000,32000
2014/12/22,0,3000,-1000,2000
2014/12/23,0,0,0,0
2014/12/24,0,0,0,0
2014/12/25,0,0,0,0
2014/12/26,0,48000,0,48000
2014/12/29,0,0,0,0
2014/12/30,0,39000,0,39000
2014/12/31,0,0,-2000,-2000
2015/01/01,0,0,0,0
2015/01/02,0,0,0,0
2015/01/05,0,0,-5000,-5000
2015/01/06,0,0,0,0
2015/01/07,0,0,-15000,-15000
2015/01/08,0,0,-1000,-1000
2015/01/09,0,1000,0,1000
2015/01/12,0,1000,0,1000
2015/01/13,0,7000,0,7000
2015/01/14,0,56000,-1000,55000
2015/01/15,0,0,-4000,-4000
2015/01/16,0,0,-23076,-23076
2015/01/19,0,4000,0,4000
2015/01/20,0,2000,0,2000
2015/01/21,0,22000,-6000,16000
2015/01/22,0,6000,0,6000
2015/01/23,0,200000,0,200000
2015/01/26,0,0,0,0
2015/01/27,0,0,0,0
2015/01/28,0,0,-50000,-50000
2015/01/29,0,1000,-40000,-39000
2015/01/30,0,0,-110000,-110000
2015/02/02,0,0,0,0
2015/02/03,0,0,0,0
2015/02/04,0,0,-58,-58
2015/02/05,0,0,-1000,-1000
2015/02/06,0,0,-4000,-4000
2015/02/09,0,0,0,0
2015/02/10,0,6000,0,6000
2015/02/11,0,0,0,0
2015/02/12,0,0,0,0
2015/02/13,0,4000,-2000,2000
2015/02/16,0,0,0,0
2015/02/17,0,0,0,0
2015/02/18,0,0,0,0
2015/02/19,0,0,0,0
2015/02/20,0,0,0,0
2015/02/23,0,0,0,0
2015/02/24,0,0,-98000,-98000
2015/02/25,0,0,-1057,-1057
2015/02/26,0,0,0,0
2015/02/27,0,0,0,0
2015/03/02,0,1000,0,1000
2015/03/03,0,0,-297,-297
2015/03/04,0,0,0,0
2015/03/05,0,0,-3057,-3057
2015/03/06,0,12000,0,12000
2015/03/09,0,0,-373,-373
2015/03/10,0,0,-3000,-3000
2015/03/11,0,0,-41000,-41000
2015/03/12,0,0,-12000,-12000
2015/03/13,0,8000,0,8000
2015/03/16,0,9000,0,9000
2015/03/17,0,2000,-58,1942
2015/03/18,0,2000,-8000,-6000
2015/03/19,0,6000,0,6000
2015/03/20,0,1000,0,1000
2015/03/23,0,0,0,0
2015/03/24,0,0,-1000,-1000
2015/03/25,0,2000,-3000,-1000
2015/03/26,0,3000,-1000,2000
2015/03/27,0,0,-1000,-1000
2015/03/30,0,1000,0,1000
2015/03/31,0,20000,-11000,9000
2015/04/01,0,6000,-6000,0
2015/04/02,0,0,-1000,-1000
2015/04/03,0,0,0,0
2015/04/06,0,0,0,0
2015/04/07,0,0,0,0
2015/04/08,0,10000,-6000,4000
2015/04/09,0,50000,0,50000
2015/04/10,0,0,0,0
2015/04/13,0,6000,-50000,-44000
2015/04/14,0,0,0,0
2015/04/15,0,0,-4000,-4000
2015/04/16,0,0,-9000,-9000
2015/04/17,0,1000,0,1000
2015/04/20,0,1000,-25000,-24000
2015/04/21,0,1000,0,1000
2015/04/22,0,6000,0,6000
2015/04/23,0,35000,-18000,17000
2015/04/24,0,24000,0,24000
2015/04/27,0,897000,-34000,863000
2015/04/28,0,124000,-246000,-122000
2015/04/29,0,338000,-389000,-51000
2015/04/30,0,34000,-25000,9000
2015/05/01,0,0,0,0
2015/05/04,0,161000,0,161000
2015/05/05,0,100000,-235000,-135000
2015/05/06,0,8000,-84000,-76000
2015/05/07,0,63000,-171000,-108000
2015/05/08,0,1000,-140000,-139000
2015/05/11,0,24000,-20000,4000
2015/05/12,0,18000,0,18000
2015/05/13,0,26000,0,26000
2015/05/14,0,284000,-28000,256000
2015/05/15,0,0,-49000,-49000
2015/05/18,0,113000,-5000,108000
2015/05/19,0,87000,-4000,83000
2015/05/20,0,76000,-301000,-225000
2015/05/21,0,0,-263000,-263000
2015/05/22,0,1000,-3000,-2000
2015/05/25,0,0,-6000,-6000
2015/05/26,0,0,-8000,-8000
2015/05/27,0,0,-340000,-340000
2015/05/28,0,0,-49000,-49000
2015/05/29,0,0,-98000,-98000
2015/06/01,0,1000,0,1000
2015/06/02,0,0,-5000,-5000
2015/06/03,0,0,-3000,-3000
2015/06/04,0,0,-53000,-53000
2015/06/05,0,0,0,0
2015/06/08,0,0,0,0
2015/06/09,0,0,0,0
2015/06/10,0,0,0,0
2015/06/11,0,0,0,0
2015/06/12,0,0,0,0
2015/06/15,0,0,0,0
2015/06/16,0,0,0,0
2015/06/17,0,50000,-84000,-34000
2015/06/18,0,0,0,0
2015/06/19,0,0,0,0
2015/06/22,0,0,0,0
2015/06/23,0,0,-15000,-15000
2015/06/24,0,0,0,0
2015/06/25,0,4000,0,4000
2015/06/26,0,0,0,0
2015/06/29,0,0,0,0
2015/06/30,0,0,-29000,-29000
2015/07/01,0,0,0,0
2015/07/02,0,0,0,0
2015/07/03,0,0,0,0
2015/07/06,0,0,0,0
2015/07/07,0,0,0,0
2015/07/08,0,6000,0,6000
2015/07/09,0,6000,0,6000
2015/07/10,0,0,0,0
2015/07/13,0,0,-6000,-6000
2015/07/14,0,0,-10000,-10000
2015/07/15,0,0,0,0
2015/07/16,0,0,0,0
2015/07/17,0,0,-1000,-1000
2015/07/20,0,0,0,0
2015/07/21,0,0,0,0
2015/07/22,0,5000,0,5000
2015/07/23,0,11000,0,11000
2015/07/24,0,1000,0,1000
2015/07/27,0,22000,0,22000
2015/07/28,0,158000,0,158000
2015/07/29,0,59000,0,59000
2015/07/30,0,0,-7000,-7000
2015/07/31,0,43000,-23000,20000
2015/08/03,0,0,-36000,-36000
2015/08/04,0,54000,0,54000
2015/08/05,0,32000,0,32000
2015/08/06,0,1000,-3000,-2000
2015/08/07,0,4000,-93000,-89000
2015/08/10,0,10000,-2000,8000
2015/08/11,0,0,-49000,-49000
2015/08/12,0,55000,0,55000
2015/08/13,0,83000,-22000,61000
2015/08/14,0,65000,-6000,59000
2015/08/17,0,3000,-34000,-31000
2015/08/18,0,0,-37000,-37000
2015/08/19,0,2000,-15000,-13000
2015/08/20,0,0,-21000,-21000
2015/08/21,0,5000,-11000,-6000
2015/08/24,0,23000,-39000,-16000
2015/08/25,0,9000,-8000,1000
2015/08/26,0,14000,-4000,10000
2015/08/27,0,14000,-17000,-3000
2015/08/28,0,0,-9000,-9000
2015/08/31,0,25000,-10000,15000
2015/09/01,0,0,-15000,-15000
2015/09/02,0,0,-3000,-3000
2015/09/03,0,0,-37000,-37000
2015/09/04,0,8000,-13000,-5000
2015/09/07,0,0,0,0
2015/09/08,0,14000,-8000,6000
2015/09/09,0,26000,0,26000
2015/09/10,0,26000,-1000,25000
2015/09/11,0,44000,-15000,29000
2015/09/14,0,0,-48000,-48000
2015/09/15,0,2000,-1000,1000
2015/09/16,0,15000,-4000,11000
2015/09/17,0,6000,0,6000
2015/09/18,0,11000,0,11000
2015/09/21,0,0,-10000,-10000
2015/09/22,0,0,0,0
2015/09/23,0,28000,-2000,26000
2015/09/24,0,26000,0,26000
2015/09/25,0,14000,0,14000
2015/09/28,0,0,0,0
2015/09/29,0,0,0,0
2015/09/30,0,8000,-28000,-20000
2015/10/01,0,15000,-32000,-17000
2015/10/02,0,0,0,0
2015/10/05,0,23000,-1000,22000
2015/10/06,0,17000,0,17000
2015/10/07,0,0,0,0
2015/10/08,0,0,0,0
2015/10/09,0,0,0,0
2015/10/12,0,0,0,0
2015/10/13,0,0,0,0
2015/10/14,0,0,-4000,-4000
2015/10/15,0,0,0,0
2015/10/16,0,8000,-23000,-15000
2015/10/19,0,2000,0,2000
2015/10/20,0,32000,0,32000
2015/10/21,0,20000,-34000,-14000
2015/10/22,0,0,0,0
2015/10/23,0,0,0,0
2015/10/26,0,0,0,0
2015/10/27,0,0,0,0
2015/10/28,0,0,0,0
2015/10/29,0,0,0,0
2015/10/30,0,2000,0,2000
2015/11/02,0,0,0,0
2015/11/03,0,0,0,0
2015/11/04,0,0,0,0
2015/11/05,0,12000,0,12000
2015/11/06,0,0,-6000,-6000
2015/11/09,0,0,0,0
2015/11/10,0,0,0,0
2015/11/11,0,0,-14000,-14000
2015/11/12,0,12000,-1000,11000
2015/11/13,0,14000,-6000,8000
2015/11/16,0,17000,-9000,8000
2015/11/17,0,13000,0,13000
2015/11/18,0,5000,0,5000
2015/11/19,0,12000,-14000,-2000
2015/11/20,0,12000,0,12000
2015/11/23,0,8000,0,8000
2015/11/24,0,0,0,0
2015/11/25,0,0,0,0
2015/11/26,0,3000,0,3000
2015/11/27,0,3000,0,3000
2015/11/30,0,15000,-2000,13000
2015/12/01,0,13000,-3000,10000
2015/12/02,0,0,-21000,-21000
2015/12/03,0,0,-4000,-4000
2015/12/04,0,0,-63000,-63000
2015/12/07,0,0,-2000,-2000
2015/12/08,0,0,0,0
2015/12/09,0,0,0,0
2015/12/10,0,0,0,0
2015/12/11,0,0,0,0
2015/12/14,0,4000,-10000,-6000
2015/12/15,0,2000,0,2000
2015/12/16,0,0,0,0
2015/12/17,0,21000,0,21000
2015/12/18,0,35000,-4000,31000
2015/12/21,0,0,0,0
2015/12/22,0,5000,0,5000
2015/12/23,0,0,0,0
2015/12/24,0,0,0,0
2015/12/25,0,0,0,0
2015/12/28,0,0,0,0
2015/12/29,0,10000,0,10000
2015/12/30,0,38000,-14000,24000
2015/12/31,0,4000,0,4000
2016/01/01,0,0,0,0
2016/01/04,0,52000,-18000,34000
2016/01/05,0,12000,0,12000
2016/01/06,0,0,-1000,-1000
2016/01/07,0,4000,0,4000
2016/01/08,0,0,-13000,-13000
2016/01/11,0,75000,0,75000
2016/01/12,0,59000,-6000,53000
2016/01/13,0,0,-11000,-11000
2016/01/14,0,0,-8000,-8000
2016/01/15,0,30000,0,30000
2016/01/18,0,2000,-100000,-98000
2016/01/19,0,3000,-33000,-30000
2016/01/20,0,12000,-68000,-56000
2016/01/21,0,0,0,0
2016/01/22,0,81000,-17000,64000
2016/01/25,0,12000,-28000,-16000
2016/01/26,0,12000,0,12000
2016/01/27,0,12000,0,12000
2016/01/28,0,0,-1000,-1000
2016/01/29,0,0,-85000,-85000
2016/02/01,0,0,-26000,-26000
2016/02/02,0,0,0,0
2016/02/03,0,0,0,0
2016/02/04,0,0,0,0
2016/02/05,0,0,0,0
2016/02/08,0,0,0,0
2016/02/09,0,0,0,0
2016/02/10,0,0,0,0
2016/02/11,0,0,0,0
2016/02/12,0,0,0,0
2016/02/15,0,0,0,0
2016/02/16,0,8000,0,8000
2016/02/17,0,0,0,0
2016/02/18,0,50000,-1000,49000
2016/02/19,0,20000,0,20000
2016/02/22,0,30000,-2000,28000
2016/02/23,0,0,-75000,-75000
2016/02/24,0,15000,0,15000
2016/02/25,0,15000,0,15000
2016/02/26,0,10000,0,10000
2016/02/29,0,0,0,0
2016/03/01,0,16000,-10000,6000
2016/03/02,0,0,-2000,-2000
2016/03/03,0,15000,-10000,5000
2016/03/04,0,0,-25000,-25000
2016/03/07,0,0,-17000,-17000
2016/03/08,0,0,-7000,-7000
2016/03/09,0,0,0,0
2016/03/10,0,1000,-22000,-21000
2016/03/11,0,0,-8000,-8000
2016/03/14,0,1000,0,1000
2016/03/15,0,0,-1000,-1000
2016/03/16,0,7000,-2000,5000
2016/03/17,0,0,0,0
2016/03/18,0,0,0,0
2016/03/21,0,10000,0,10000
2016/03/22,0,0,-4000,-4000
2016/03/23,0,0,-87000,-87000
2016/03/24,0,0,0,0
2016/03/25,0,0,0,0
2016/03/28,0,33000,0,33000
2016/03/29,0,0,0,0
2016/03/30,0,0,-6000,-6000
2016/03/31,0,2000,-25959,-23959
2016/04/01,0,6000,-5000,1000
2016/04/04,0,0,0,0
2016/04/05,0,0,0,0
2016/04/06,0,9000,-54000,-45000
2016/04/07,0,3000,0,3000
2016/04/08,0,0,-1000,-1000
2016/04/11,0,0,-1000,-1000
2016/04/12,0,5000,0,5000
2016/04/13,0,0,0,0
2016/04/14,0,13000,-5000,8000
2016/04/15,0,13000,-2000,11000
2016/04/18,0,0,-2000,-2000
2016/04/19,0,13000,-1000,12000
2016/04/20,0,1000,-4000,-3000
2016/04/21,0,0,0,0
2016/04/22,0,0,-4000,-4000
2016/04/25,0,0,0,0
2016/04/26,0,4000,0,4000
2016/04/27,0,0,0,0
2016/04/28,0,0,-2000,-2000
2016/04/29,0,45000,0,45000
2016/05/02,0,0,0,0
2016/05/03,0,0,0,0
2016/05/04,0,0,0,0
2016/05/05,0,8000,0,8000
2016/05/06,0,0,0,0
2016/05/09,0,0,0,0
2016/05/10,0,10000,0,10000
2016/05/11,0,0,0,0
2016/05/12,0,5000,-4000,1000
2016/05/13,0,0,-26000,-26000
2016/05/16,0,1000,0,1000
2016/05/17,0,0,0,0
2016/05/18,0,6000,-2000,4000
2016/05/19,0,0,0,0
2016/05/20,0,0,0,0
2016/05/23,0,0,0,0
2016/05/24,0,0,0,0
2016/05/25,0,0,0,0
2016/05/26,0,4000,0,4000
2016/05/27,0,0,0,0
2016/05/30,0,0,-8000,-8000
2016/05/31,0,0,0,0
2016/06/01,0,18000,-2000,16000
2016/06/02,0,0,-4000,-4000
2016/06/03,0,0,-1000,-1000
2016/06/06,0,0,-4000,-4000
2016/06/07,0,0,0,0
2016/06/08,0,0,0,0
2016/06/09,0,0,0,0
2016/06/10,0,0,0,0
2016/06/13,0,0,0,0
2016/06/14,0,1000,0,1000
2016/06/15,0,0,0,0
2016/06/16,0,0,-18000,-18000
2016/06/17,0,0,-23000,-23000
2016/06/20,0,21000,0,21000
2016/06/21,0,0,0,0
2016/06/22,0,0,0,0
2016/06/23,0,0,0,0
2016/06/24,0,0,-9000,-9000
2016/06/27,0,0,-8000,-8000
2016/06/28,0,0,0,0
2016/06/29,0,0,0,0
2016/06/30,0,29000,0,29000
2016/07/01,0,0,0,0
2016/07/04,0,0,0,0
2016/07/05,0,2000,0,2000
2016/07/06,0,10000,0,10000
2016/07/07,0,0,-5000,-5000
2016/07/08,0,0,0,0
2016/07/11,0,2000,0,2000
2016/07/12,0,0,0,0
2016/07/13,0,0,-4000,-4000
2016/07/14,0,0,-4000,-4000
2016/07/15,0,10000,0,10000
2016/07/18,0,0,0,0
2016/07/19,0,11000,0,11000
2016/07/20,0,6000,-26000,-20000
2016/07/21,0,23000,0,23000
2016/07/22,0,0,0,0
2016/07/25,0,1000,-22000,-21000
2016/07/26,0,0,0,0
2016/07/27,0,0,-1000,-1000
2016/07/28,0,3000,0,3000
2016/07/29,0,0,0,0
2016/08/01,0,1000,0,1000
2016/08/02,0,0,0,0
2016/08/03,0,4000,-7000,-3000
2016/08/04,0,0,-27000,-27000
2016/08/05,0,3000,-4000,-1000
2016/08/08,0,3000,0,3000
2016/08/09,0,9000,0,9000
2016/08/10,0,0,-3000,-3000
2016/08/11,0,0,-17000,-17000
2016/08/12,0,7000,0,7000
2016/08/15,0,60000,0,60000
2016/08/16,0,329000,-3000,326000
2016/08/17,0,0,-245000,-245000
2016/08/18,0,2000,-6000,-4000
2016/08/19,0,0,-90000,-90000
2016/08/22,0,1000,-3000,-2000
2016/08/23,0,0,-22000,-22000
2016/08/24,0,2000,0,2000
2016/08/25,0,0,-1000,-1000
2016/08/26,0,0,0,0
2016/08/29,0,0,0,0
2016/08/30,0,1000,-13000,-12000
2016/08/31,0,0,-19000,-19000
2016/09/01,0,0,-3000,-3000
2016/09/02,0,0,0,0
2016/09/05,0,4000,0,4000
2016/09/06,0,10000,-2000,8000
2016/09/07,0,13000,-1000,12000
2016/09/08,0,0,-2000,-2000
2016/09/09,0,0,-9000,-9000
2016/09/12,0,0,-4000,-4000
2016/09/13,0,0,0,0
2016/09/14,0,0,0,0
2016/09/15,0,0,0,0
2016/09/16,0,0,0,0
2016/09/19,0,9000,0,9000
2016/09/20,0,0,-1000,-1000
2016/09/21,0,0,-22000,-22000
2016/09/22,0,6000,0,6000
2016/09/23,0,16000,-3000,13000
2016/09/26,0,0,0,0
2016/09/27,0,0,0,0
2016/09/28,0,0,0,0
2016/09/29,0,0,0,0
2016/09/30,0,0,-5000,-5000
2016/10/03,0,1000,-4000,-3000
2016/10/04,0,2000,0,2000
2016/10/05,0,0,-2000,-2000
2016/10/06,0,0,-6000,-6000
2016/10/07,0,0,0,0
2016/10/10,0,0,0,0
2016/10/11,0,13000,-2000,11000
2016/10/12,0,13000,-1000,12000
2016/10/13,0,0,-4000,-4000
2016/10/14,0,4000,0,4000
2016/10/17,0,1000,-3000,-2000
2016/10/18,0,0,-14000,-14000
2016/10/19,0,0,-38000,-38000
2016/10/20,0,0,-3000,-3000
2016/10/21,0,0,-8000,-8000
2016/10/24,0,0,0,0
2016/10/25,0,0,0,0
2016/10/26,0,0,0,0
2016/10/27,0,0,0,0
2016/10/28,0,0,-1000,-1000
2016/10/31,0,0,-6000,-6000
2016/11/01,0,1000,0,1000
2016/11/02,0,12000,0,12000
2016/11/03,0,10000,0,10000
2016/11/04,0,0,0,0
2016/11/07,0,9000,0,9000
2016/11/08,0,0,0,0
2016/11/09,0,6000,-27000,-21000
2016/11/10,0,3000,-1000,2000
2016/11/11,0,0,0,0
2016/11/14,0,2000,-2000,0
2016/11/15,0,0,0,0
2016/11/16,0,2000,-13000,-11000
2016/11/17,0,0,-66000,-66000
2016/11/18,0,0,0,0
2016/11/21,0,0,0,0
2016/11/22,0,3000,0,3000
2016/11/23,0,3000,0,3000
2016/11/24,0,0,0,0
2016/11/25,0,0,-2000,-2000
2016/11/28,0,3000,-2992,8
2016/11/29,0,0,-1000,-1000
2016/11/30,0,0,-308,-308
2016/12/01,0,0,-16000,-16000
2016/12/02,0,5000,-6000,-1000
2016/12/05,0,0,0,0
2016/12/06,0,6000,0,6000
2016/12/07,0,1000,0,1000
2016/12/08,0,2000,0,2000
2016/12/09,0,18000,0,18000
2016/12/12,0,7000,0,7000
2016/12/13,0,0,0,0
2016/12/14,0,0,0,0
2016/12/15,0,2000,0,2000
2016/12/16,0,2000,-1000,1000
2016/12/19,0,1000,0,1000
2016/12/20,0,1000,0,1000
2016/12/21,0,2000,-18000,-16000
2016/12/22,0,2000,-2000,0
2016/12/23,0,0,0,0
2016/12/26,0,0,0,0
2016/12/27,0,0,0,0
2016/12/28,0,0,0,0
2016/12/29,0,0,0,0
2016/12/30,0,5000,0,5000
2017/01/02,0,0,0,0
2017/01/03,0,0,0,0
2017/01/04,0,0,0,0
2017/01/05,0,8000,-1000,7000
2017/01/06,0,0,-2000,-2000
2017/01/09,0,24000,-1000,23000
2017/01/10,0,0,0,0
2017/01/11,0,0,0,0
2017/01/12,0,0,0,0
2017/01/13,0,0,-4000,-4000
2017/01/16,0,0,-2000,-2000
2017/01/17,0,0,0,0
2017/01/18,0,5000,-4000,1000
2017/01/19,0,1000,-3000,-2000
2017/01/20,0,0,0,0
2017/01/23,0,0,-4000,-4000
2017/01/24,0,0,0,0
2017/01/25,0,0,0,0
2017/01/26,0,0,0,0
2017/01/27,0,0,0,0
2017/01/30,0,0,0,0
2017/01/31,0,0,0,0
2017/02/01,0,0,0,0
2017/02/02,0,0,-2000,-2000
2017/02/03,0,4000,-1000,3000
2017/02/06,0,0,-2000,-2000
2017/02/07,0,0,0,0
2017/02/08,0,4000,-4000,0
2017/02/09,0,0,-5000,-5000
2017/02/10,0,4000,0,4000
2017/02/13,0,0,0,0
2017/02/14,0,0,0,0
2017/02/15,0,1000,0,1000
2017/02/16,0,0,-2000,-2000
2017/02/17,0,0,0,0
2017/02/20,0,0,0,0
2017/02/21,0,0,0,0
2017/02/22,0,1000,0,1000
2017/02/23,0,0,0,0
2017/02/24,0,0,0,0
2017/02/27,0,0,0,0
2017/02/28,0,0,0,0
2017/03/01,0,0,-2000,-2000
2017/03/02,0,0,0,0
2017/03/03,0,0,0,0
2017/03/06,0,0,-8000,-8000
2017/03/07,0,1000,0,1000
2017/03/08,0,0,-3000,-3000
2017/03/09,0,1000,-1000,0
2017/03/10,0,2000,-1000,1000
2017/03/13,0,0,0,0
2017/03/14,0,4000,0,4000
2017/03/15,0,0,0,0
2017/03/16,0,35000,0,35000
2017/03/17,0,0,0,0
2017/03/20,0,8000,0,8000
2017/03/21,0,9000,-8000,1000
2017/03/22,0,3000,0,3000
2017/03/23,0,0,0,0
2017/03/24,0,0,0,0
2017/03/27,0,1000,0,1000
2017/03/28,0,20000,0,20000
2017/03/29,0,55000,-1000,54000
2017/03/30,0,1000,0,1000
2017/03/31,0,2000,0,2000
2017/04/03,0,0,0,0
2017/04/04,0,0,0,0
2017/04/05,0,2000,0,2000
2017/04/06,0,2000,-3000,-1000
2017/04/07,0,0,-1000,-1000
2017/04/10,0,0,0,0
2017/04/11,0,0,-30000,-30000
2017/04/12,0,0,-40000,-40000
2017/04/13,0,0,-78000,-78000
2017/04/14,0,0,0,0
2017/04/17,0,0,0,0
2017/04/18,0,0,0,0
2017/04/19,0,0,-2000,-2000
2017/04/20,0,0,0,0
2017/04/21,0,0,0,0
2017/04/24,0,0,0,0
2017/04/25,0,0,0,0
2017/04/26,0,5000,0,5000
2017/04/27,0,0,0,0
2017/04/28,0,0,0,0
2017/05/01,0,0,0,0
2017/05/02,0,0,0,0
2017/05/03,0,0,0,0
2017/05/04,0,0,0,0
2017/05/05,0,0,-5000,-5000
2017/05/08,0,0,0,0
2017/05/09,0,0,-1988,-1988
2017/05/10,0,0,0,0
2017/05/11,0,0,0,0
2017/05/12,0,0,0,0
2017/05/15,0,0,-4000,-4000
2017/05/16,0,10000,-3000,7000
2017/05/17,0,0,0,0
2017/05/18,0,0,0,0
2017/05/19,0,0,0,0
2017/05/22,0,0,0,0
2017/05/23,0,5000,0,5000
2017/05/24,0,0,0,0
2017/05/25,0,7000,0,7000
2017/05/26,0,0,0,0
2017/05/29,0,0,0,0
2017/05/30,0,0,0,0
2017/05/31,0,35000,0,35000
2017/06/01,0,0,0,0
2017/06/02,0,1000,0,1000
2017/06/05,0,0,0,0
2017/06/06,0,1000,0,1000
2017/06/07,0,1000,0,1000
2017/06/08,0,0,0,0
2017/06/09,0,0,0,0
2017/06/12,0,7000,0,7000
2017/06/13,0,0,-6000,-6000
2017/06/14,0,0,-1000,-1000
2017/06/15,0,0,0,0
2017/06/16,0,0,-5000,-5000
2017/06/19,0,6000,0,6000
2017/06/20,0,4000,0,4000
2017/06/21,0,25000,0,25000
2017/06/22,0,0,-14000,-14000
2017/06/23,0,0,0,0
2017/06/26,0,55000,-10000,45000
2017/06/27,0,32000,-3000,29000
2017/06/28,0,48000,0,48000
2017/06/29,0,0,0,0
2017/06/30,0,0,0,0
2017/07/03,0,0,-8000,-8000
2017/07/04,0,0,-1000,-1000
2017/07/05,0,108000,-3000,105000
2017/07/06,0,12000,0,12000
2017/07/07,0,0,-1000,-1000
2017/07/10,0,2000,0,2000
2017/07/11,0,30000,0,30000
2017/07/12,0,50000,-38000,12000
2017/07/13,0,75000,-8000,67000
2017/07/14,0,0,-9000,-9000
2017/07/17,0,0,-18000,-18000
2017/07/18,0,6000,-27000,-21000
2017/07/19,0,0,-22000,-22000
2017/07/20,0,5000,0,5000
2017/07/21,0,0,-53000,-53000
2017/07/24,0,1000,0,1000
2017/07/25,0,0,-4000,-4000
2017/07/26,0,0,-100000,-100000
2017/07/27,0,0,-1000,-1000
2017/07/28,0,0,0,0
2017/07/31,0,0,0,0
2017/08/01,0,0,0,0
2017/08/02,0,3000,0,3000
2017/08/03,0,0,-13000,-13000
2017/08/04,0,0,-19000,-19000
2017/08/07,0,6000,-37000,-31000
2017/08/08,0,0,-6000,-6000
2017/08/09,0,0,-56000,-56000
2017/08/10,0,0,0,0
2017/08/11,0,0,0,0
2017/08/14,0,0,-2000,-2000
2017/08/15,0,0,0,0
2017/08/16,0,114000,-4000,110000
2017/08/17,0,0,-112000,-112000
2017/08/18,0,0,0,0
