Date,Open,Buy,Sell,Total
2007/01/02,0,18000,-1000,17000
2007/01/03,0,22000,-118000,-96000
2007/01/04,0,16000,0,16000
2007/01/05,0,2000,-31000,-29000
2007/01/08,0,12000,-2737,9263
2007/01/09,0,8000,-4000,4000
2007/01/10,0,1000,-46000,-45000
2007/01/11,0,2000,-7000,-5000
2007/01/12,0,2000,-16000,-14000
2007/01/15,0,0,-9000,-9000
2007/01/16,0,4000,0,4000
2007/01/17,0,3000,-9000,-6000
2007/01/18,0,136000,-20000,116000
2007/01/19,0,186000,-7000,179000
2007/01/22,0,15000,-6000,9000
2007/01/23,0,8000,-20000,-12000
2007/01/24,0,7000,-7000,0
2007/01/25,0,7000,-1000,6000
2007/01/26,0,90000,-4000,86000
2007/01/29,0,0,0,0
2007/01/30,0,0,0,0
2007/01/31,0,2000,-2000,0
2007/02/01,0,8000,-2000,6000
2007/02/02,0,24000,0,24000
2007/02/05,0,0,-11000,-11000
2007/02/06,0,214000,-8000,206000
2007/02/07,0,0,-23000,-23000
2007/02/08,0,21000,0,21000
2007/02/09,0,0,0,0
2007/02/12,0,6000,0,6000
2007/02/13,0,45000,-3000,42000
2007/02/14,0,9000,0,9000
2007/02/15,0,0,0,0
2007/02/16,0,0,0,0
2007/02/19,0,0,0,0
2007/02/20,0,0,0,0
2007/02/21,0,0,0,0
2007/02/22,0,0,0,0
2007/02/23,0,0,0,0
2007/02/26,0,33000,-40000,-7000
2007/02/27,0,0,-2000,-2000
2007/02/28,0,0,0,0
2007/03/01,0,133000,-46000,87000
2007/03/02,0,20000,-17000,3000
2007/03/05,0,42000,0,42000
2007/03/06,0,0,-6000,-6000
2007/03/07,0,3000,-24000,-21000
2007/03/08,0,0,-13000,-13000
2007/03/09,0,2000,0,2000
2007/03/12,0,134000,-9000,125000
2007/03/13,0,8000,-2030,5970
2007/03/14,0,29000,-13000,16000
2007/03/15,0,19000,0,19000
2007/03/16,0,52000,-7000,45000
2007/03/19,0,0,0,0
2007/03/20,0,0,-1000,-1000
2007/03/21,0,0,0,0
2007/03/22,0,111000,0,111000
2007/03/23,0,19000,-1000,18000
2007/03/26,0,51000,-7000,44000
2007/03/27,0,100000,-10000,90000
2007/03/28,0,1000,-1000,0
2007/03/29,0,4000,0,4000
2007/03/30,0,1000,-5000,-4000
2007/04/02,0,183000,-155000,28000
2007/04/03,0,20000,-7000,13000
2007/04/04,0,8000,-60000,-52000
2007/04/05,0,0,0,0
2007/04/06,0,0,0,0
2007/04/09,0,16000,-60000,-44000
2007/04/10,0,14000,-38000,-24000
2007/04/11,0,0,-55000,-55000
2007/04/12,0,0,0,0
2007/04/13,0,0,-79000,-79000
2007/04/16,0,1000,-4000,-3000
2007/04/17,0,5000,-12000,-7000
2007/04/18,0,13000,-6000,7000
2007/04/19,0,3000,-15000,-12000
2007/04/20,0,2000,-3000,-1000
2007/04/23,0,3000,-5000,-2000
2007/04/24,0,19000,0,19000
2007/04/25,0,25000,-13000,12000
2007/04/26,0,9000,-10000,-1000
2007/04/27,0,9000,-1000,8000
2007/04/30,0,162000,-58000,104000
2007/05/01,0,0,0,0
2007/05/02,0,11000,-24000,-13000
2007/05/03,0,19000,-23000,-4000
2007/05/04,0,10000,-19000,-9000
2007/05/07,0,0,-9050,-9050
2007/05/08,0,111000,-1000,110000
2007/05/09,0,49000,-14000,35000
2007/05/10,0,76000,-1000,75000
2007/05/11,0,0,-2000,-2000
2007/05/14,0,0,-3000,-3000
2007/05/15,0,0,-7000,-7000
2007/05/16,0,18000,0,18000
2007/05/17,0,62000,-80000,-18000
2007/05/18,0,10000,-29000,-19000
2007/05/21,0,18000,-26000,-8000
2007/05/22,0,62000,0,62000
2007/05/23,0,95000,-9000,86000
2007/05/24,0,0,-2000,-2000
2007/05/25,0,14000,0,14000
2007/05/28,0,8000,-2000,6000
2007/05/29,0,15000,0,15000
2007/05/30,0,8000,-7000,1000
2007/05/31,0,7000,-1000,6000
2007/06/01,0,75000,0,75000
2007/06/04,0,0,-13000,-13000
2007/06/05,0,0,-12000,-12000
2007/06/06,0,0,-1000,-1000
2007/06/07,0,15000,0,15000
2007/06/08,0,6000,-1000,5000
2007/06/11,0,15000,0,15000
2007/06/12,0,22000,-4000,18000
2007/06/13,0,9000,-1000,8000
2007/06/14,0,16000,0,16000
2007/06/15,0,14000,-2000,12000
2007/06/18,0,0,0,0
2007/06/19,0,0,0,0
2007/06/20,0,77000,-25000,52000
2007/06/21,0,62000,-1000,61000
2007/06/22,0,27000,-15000,12000
2007/06/25,0,104000,-17000,87000
2007/06/26,0,91000,-51000,40000
2007/06/27,0,7000,0,7000
2007/06/28,0,25000,-151000,-126000
2007/06/29,0,40000,0,40000
2007/07/02,0,1000,0,1000
2007/07/03,0,16000,-4000,12000
2007/07/04,0,30000,-333000,-303000
2007/07/05,0,12000,-251000,-239000
2007/07/06,0,50000,-25000,25000
2007/07/09,0,19000,-28000,-9000
2007/07/10,0,33000,-3000,30000
2007/07/11,0,4000,-10000,-6000
2007/07/12,0,6000,-13000,-7000
2007/07/13,0,38000,0,38000
2007/07/16,0,14000,-23000,-9000
2007/07/17,0,8000,-18000,-10000
2007/07/18,0,47000,0,47000
2007/07/19,0,23000,-33000,-10000
2007/07/20,0,31000,-1000,30000
2007/07/23,0,37000,-7000,30000
2007/07/24,0,32000,-14000,18000
2007/07/25,0,128000,-1000,127000
2007/07/26,0,116000,-35000,81000
2007/07/27,0,67000,-167000,-100000
2007/07/30,0,8000,-88000,-80000
2007/07/31,0,38000,-242000,-204000
2007/08/01,0,33000,-147000,-114000
2007/08/02,0,7000,-59000,-52000
2007/08/03,0,14000,-12000,2000
2007/08/06,0,11000,-37000,-26000
2007/08/07,0,2000,-15000,-13000
2007/08/08,0,30000,-28000,2000
2007/08/09,0,0,-13000,-13000
2007/08/10,0,88000,-18000,70000
2007/08/13,0,26000,-17000,9000
2007/08/14,0,22000,-1000,21000
2007/08/15,0,0,-14000,-14000
2007/08/16,0,182000,-40000,142000
2007/08/17,0,80000,-52000,28000
2007/08/20,0,12000,-210000,-198000
2007/08/21,0,7000,-13000,-6000
2007/08/22,0,4000,-14000,-10000
2007/08/23,0,2000,-4000,-2000
2007/08/24,0,34000,0,34000
2007/08/27,0,12000,0,12000
2007/08/28,0,5000,0,5000
2007/08/29,0,34000,-2000,32000
2007/08/30,0,33000,-15000,18000
2007/08/31,0,131000,-17000,114000
2007/09/03,0,33000,-6000,27000
2007/09/04,0,32000,-16000,16000
2007/09/05,0,97000,-14000,83000
2007/09/06,0,6000,-4000,2000
2007/09/07,0,149000,-15000,134000
2007/09/10,0,97000,-15650,81350
2007/09/11,0,186000,-9000,177000
2007/09/12,0,39000,-12000,27000
2007/09/13,0,63000,-20000,43000
2007/09/14,0,105000,-5000,100000
2007/09/17,0,78000,-11000,67000
2007/09/18,0,0,0,0
2007/09/19,0,13000,-1000,12000
2007/09/20,0,41000,-1000,40000
2007/09/21,0,168000,-6000,162000
2007/09/24,0,0,0,0
2007/09/25,0,0,0,0
2007/09/26,0,744000,-68000,676000
2007/09/27,0,129000,-30000,99000
2007/09/28,0,91000,-34000,57000
2007/10/01,0,29000,-420000,-391000
2007/10/02,0,26000,-232000,-206000
2007/10/03,0,38000,-166728,-128728
2007/10/04,0,208000,-11000,197000
2007/10/05,0,2000,-5000,-3000
2007/10/08,0,140000,-8000,132000
2007/10/09,0,2000,-17000,-15000
2007/10/10,0,0,0,0
2007/10/11,0,369000,-350000,19000
2007/10/12,0,38000,-13000,25000
2007/10/15,0,369000,-24000,345000
2007/10/16,0,261000,-547000,-286000
2007/10/17,0,38000,-73000,-35000
2007/10/18,0,6000,-375000,-369000
2007/10/19,0,36000,-22000,14000
2007/10/22,0,44000,-56000,-12000
2007/10/23,0,42000,-32000,10000
2007/10/24,0,35000,-26000,9000
2007/10/25,0,215000,0,215000
2007/10/26,0,195000,-300000,-105000
2007/10/29,0,317000,-15000,302000
2007/10/30,0,183000,-317000,-134000
2007/10/31,0,332000,-468000,-136000
2007/11/01,0,101000,-451000,-350000
2007/11/02,0,96000,-284000,-188000
2007/11/05,0,91000,-27000,64000
2007/11/06,0,5000,-17000,-12000
2007/11/07,0,22000,-29000,-7000
2007/11/08,0,1000,-80000,-79000
2007/11/09,0,65000,-6000,59000
2007/11/12,0,5000,-141000,-136000
2007/11/13,0,226000,-21000,205000
2007/11/14,0,214000,-12000,202000
2007/11/15,0,47000,-11000,36000
2007/11/16,0,24000,-29000,-5000
2007/11/19,0,9000,-5000,4000
2007/11/20,0,39000,-50000,-11000
2007/11/21,0,31000,-71000,-40000
2007/11/22,0,8000,-11000,-3000
2007/11/23,0,8000,-43000,-35000
2007/11/26,0,38000,-44000,-6000
2007/11/27,0,37000,-30000,7000
2007/11/28,0,2000,-44000,-42000
2007/11/29,0,14000,0,14000
2007/11/30,0,20000,-41000,-21000
2007/12/03,0,13000,-91000,-78000
2007/12/04,0,22000,-94000,-72000
2007/12/05,0,75000,-92000,-17000
2007/12/06,0,77000,-240000,-163000
2007/12/07,0,72000,-187080,-115080
2007/12/10,0,61000,-110000,-49000
2007/12/11,0,50000,-19000,31000
2007/12/12,0,29000,-64000,-35000
2007/12/13,0,5000,-405000,-400000
2007/12/14,0,5000,-23000,-18000
2007/12/17,0,1000,-53000,-52000
2007/12/18,0,17000,-11000,6000
2007/12/19,0,3000,-33000,-30000
2007/12/20,0,0,-9000,-9000
2007/12/21,0,5000,-5000,0
2007/12/24,0,6000,-8000,-2000
2007/12/25,0,0,-7000,-7000
2007/12/26,0,9000,0,9000
2007/12/27,0,363000,-19000,344000
2007/12/28,0,146000,-7000,139000
2007/12/31,0,79000,0,79000
2008/01/01,0,0,0,0
2008/01/02,0,6000,-33700,-27700
2008/01/03,0,3000,-405000,-402000
2008/01/04,0,7000,-152000,-145000
2008/01/07,0,41000,-238000,-197000
2008/01/08,0,13000,-230000,-217000
2008/01/09,0,9000,-231000,-222000
2008/01/10,0,5000,-302000,-297000
2008/01/11,0,13000,-214000,-201000
2008/01/14,0,288000,-212000,76000
2008/01/15,0,2759000,-2519955,239045
2008/01/16,0,40000,-59000,-19000
2008/01/17,0,75000,-219000,-144000
2008/01/18,0,166000,-245000,-79000
2008/01/21,0,223000,-244000,-21000
2008/01/22,0,35000,-158000,-123000
2008/01/23,0,36000,-151000,-115000
2008/01/24,0,40000,-139000,-99000
2008/01/25,0,15000,-159750,-144750
2008/01/28,0,2000,-131000,-129000
2008/01/29,0,8000,-50000,-42000
2008/01/30,0,27000,-20000,7000
2008/01/31,0,69000,-5000,64000
2008/02/01,0,57000,-10000,47000
2008/02/04,0,0,0,0
2008/02/05,0,0,0,0
2008/02/06,0,0,0,0
2008/02/07,0,0,0,0
2008/02/08,0,0,0,0
2008/02/11,0,0,0,0
2008/02/12,0,81000,-25000,56000
2008/02/13,0,46000,-7000,39000
2008/02/14,0,215000,-21000,194000
2008/02/15,0,195000,-23000,172000
2008/02/18,0,287000,-215000,72000
2008/02/19,0,16000,-88000,-72000
2008/02/20,0,9000,-122000,-113000
2008/02/21,0,38000,-95000,-57000
2008/02/22,0,11000,0,11000
2008/02/25,0,78000,-11756,66244
2008/02/26,0,20000,-30000,-10000
2008/02/27,0,11000,-3000,8000
2008/02/28,0,0,0,0
2008/02/29,0,112000,-10000,102000
2008/03/03,0,56000,-103000,-47000
2008/03/04,0,268050,-487000,-218950
2008/03/05,0,276000,-353386,-77386
2008/03/06,0,65000,-45000,20000
2008/03/07,0,13050,-8000,5050
2008/03/10,0,122000,-1000,121000
2008/03/11,0,98000,-32000,66000
2008/03/12,0,234000,-44000,190000
2008/03/13,0,122000,-15000,107000
2008/03/14,0,6000,-4000,2000
2008/03/17,0,4000,-43000,-39000
2008/03/18,0,9000,-36000,-27000
2008/03/19,0,10000,-12000,-2000
2008/03/20,0,105100,-15000,90100
2008/03/21,0,193000,-1000,192000
2008/03/24,0,263000,-7000,256000
2008/03/25,0,135000,-11000,124000
2008/03/26,0,271000,-18000,253000
2008/03/27,0,0,-10000,-10000
2008/03/28,0,11000,-23000,-12000
2008/03/31,0,20000,-40000,-20000
2008/04/01,0,20000,-35815,-15815
2008/04/02,0,111000,-18000,93000
2008/04/03,0,230000,-20000,210000
2008/04/04,0,0,0,0
2008/04/07,0,46200,-100000,-53800
2008/04/08,0,0,-45000,-45000
2008/04/09,0,13000,-28000,-15000
2008/04/10,0,83000,-5000,78000
2008/04/11,0,3000,0,3000
2008/04/14,0,2000,-29000,-27000
2008/04/15,0,185000,-40000,145000
2008/04/16,0,28000,0,28000
2008/04/17,0,386000,-20000,366000
2008/04/18,0,30000,-50,29950
2008/04/21,0,40000,0,40000
2008/04/22,0,28000,-996,27004
2008/04/23,0,40000,0,40000
2008/04/24,0,4000,-2000,2000
2008/04/25,0,3000,0,3000
2008/04/28,0,0,-6000,-6000
2008/04/29,0,0,-47000,-47000
2008/04/30,0,9000,0,9000
2008/05/01,0,0,0,0
2008/05/02,0,8000,-4000,4000
2008/05/05,0,5250,-1000,4250
2008/05/06,0,35000,-18000,17000
2008/05/07,0,1000,-15000,-14000
2008/05/08,0,12000,-71000,-59000
2008/05/09,0,56500,-20000,36500
2008/05/12,0,2000,-13000,-11000
2008/05/13,0,4000,-27000,-23000
2008/05/14,0,10000,-38000,-28000
2008/05/15,0,44978,-1000,43978
2008/05/16,0,13000,-6000,7000
2008/05/19,0,21000,-5000,16000
2008/05/20,0,84000,-51000,33000
2008/05/21,0,25000,-29000,-4000
2008/05/22,0,109000,-55000,54000
2008/05/23,0,176000,-68000,108000
2008/05/26,0,33000,-11000,22000
2008/05/27,0,54000,-6000,48000
2008/05/28,0,15000,-94000,-79000
2008/05/29,0,24000,-2000,22000
2008/05/30,0,57000,-40000,17000
2008/06/02,0,57000,-85000,-28000
2008/06/03,0,6000,-256000,-250000
2008/06/04,0,1019000,-17000,1002000
2008/06/05,0,425000,-82000,343000
2008/06/06,0,1945000,-103000,1842000
2008/06/09,0,13000,-21000,-8000
2008/06/10,0,266000,-52900,213100
2008/06/11,0,258000,-13000,245000
2008/06/12,0,346000,-14000,332000
2008/06/13,0,149000,-32000,117000
2008/06/16,0,384000,-36000,348000
2008/06/17,0,2000,-6000,-4000
2008/06/18,0,79000,-35000,44000
2008/06/19,0,14000,-92000,-78000
2008/06/20,0,286000,-86000,200000
2008/06/23,0,4000,-12000,-8000
2008/06/24,0,2000,-2000,0
2008/06/25,0,64000,-6000,58000
2008/06/26,0,32000,-7000,25000
2008/06/27,0,66000,-26000,40000
2008/06/30,0,74000,-6000,68000
2008/07/01,0,52000,-12000,40000
2008/07/02,0,194000,-88000,106000
2008/07/03,0,99000,-169000,-70000
2008/07/04,0,505000,-39000,466000
2008/07/07,0,95000,-4000,91000
2008/07/08,0,888000,-106000,782000
2008/07/09,0,223000,-46000,177000
2008/07/10,0,242000,-78000,164000
2008/07/11,0,355000,-74000,281000
2008/07/14,0,992000,-13000,979000
2008/07/15,0,203000,-141000,62000
2008/07/16,0,12000,-42000,-30000
2008/07/17,0,642000,-93000,549000
2008/07/18,0,60000,-76000,-16000
2008/07/21,0,79000,-4000,75000
2008/07/22,0,68000,-2000,66000
2008/07/23,0,24000,-14000,10000
2008/07/24,0,73000,-17000,56000
2008/07/25,0,38000,-11000,27000
2008/07/28,0,0,0,0
2008/07/29,0,45000,-49000,-4000
2008/07/30,0,2000,-8000,-6000
2008/07/31,0,26000,-422407,-396407
2008/08/01,0,324000,-5000,319000
2008/08/04,0,2000,-20000,-18000
2008/08/05,0,37000,-110000,-73000
2008/08/06,0,21000,-9515,11485
2008/08/07,0,139000,-536000,-397000
2008/08/08,0,198000,-828000,-630000
2008/08/11,0,454000,-253000,201000
2008/08/12,0,3000,-85000,-82000
2008/08/13,0,2000,-215000,-213000
2008/08/14,0,15000,-492000,-477000
2008/08/15,0,6000,-262000,-256000
2008/08/18,0,9000,-207000,-198000
2008/08/19,0,237000,-235966,1034
2008/08/20,0,203000,-442000,-239000
2008/08/21,0,22000,-227000,-205000
2008/08/22,0,19000,-131000,-112000
2008/08/25,0,31000,-115000,-84000
2008/08/26,0,54000,-160000,-106000
2008/08/27,0,31000,-110000,-79000
2008/08/28,0,78000,-117000,-39000
2008/08/29,0,5000,-3000,2000
2008/09/01,0,5000,-11000,-6000
2008/09/02,0,29000,-49000,-20000
2008/09/03,0,119000,-21000,98000
2008/09/04,0,5000,-36000,-31000
2008/09/05,0,25000,-199000,-174000
2008/09/08,0,2000,-122700,-120700
2008/09/09,0,13000,-23000,-10000
2008/09/10,0,59750,-10000,49750
2008/09/11,0,68000,-36000,32000
2008/09/12,0,105100,-5000,100100
2008/09/15,0,75000,-16000,59000
2008/09/16,0,221000,-8000,213000
2008/09/17,0,39000,-115000,-76000
2008/09/18,0,75000,-17270,57730
2008/09/19,0,62000,-15000,47000
2008/09/22,0,289000,-97000,192000
2008/09/23,0,9000,-30000,-21000
2008/09/24,0,70600,-93600,-23000
2008/09/25,0,89000,-51000,38000
2008/09/26,0,8000,-41000,-33000
2008/09/29,0,0,0,0
2008/09/30,0,1000,-53000,-52000
2008/10/01,0,1000,-269000,-268000
2008/10/02,0,2000,-67000,-65000
2008/10/03,0,0,-52000,-52000
2008/10/06,0,17000,-75500,-58500
2008/10/07,0,33000,-442000,-409000
2008/10/08,0,0,-191000,-191000
2008/10/09,0,6000,-42000,-36000
2008/10/10,0,0,0,0
2008/10/13,0,0,-146000,-146000
2008/10/14,0,49000,-55850,-6850
2008/10/15,0,15000,-376700,-361700
2008/10/16,0,0,-32000,-32000
2008/10/17,0,5000,-846000,-841000
2008/10/20,0,19000,-21550,-2550
2008/10/21,0,25000,-3000,22000
2008/10/22,0,24000,-28000,-4000
2008/10/23,0,0,-12000,-12000
2008/10/24,0,6000,-75000,-69000
2008/10/27,0,34000,-266000,-232000
2008/10/28,0,78000,-18000,60000
2008/10/29,0,124000,-734000,-610000
2008/10/30,0,128000,-43717,84283
2008/10/31,0,67000,-546850,-479850
2008/11/03,0,144000,-173000,-29000
2008/11/04,0,9000,-220000,-211000
2008/11/05,0,35000,-95000,-60000
2008/11/06,0,11000,-286000,-275000
2008/11/07,0,47100,-118000,-70900
2008/11/10,0,53000,-36000,17000
2008/11/11,0,22000,-21000,1000
2008/11/12,0,5000,-35000,-30000
2008/11/13,0,5000,-7000,-2000
2008/11/14,0,28000,-9000,19000
2008/11/17,0,13000,-17000,-4000
2008/11/18,0,56000,-19000,37000
2008/11/19,0,31000,-193000,-162000
2008/11/20,0,13000,-208550,-195550
2008/11/21,0,2000,-95700,-93700
2008/11/24,0,0,-34000,-34000
2008/11/25,0,50000,-2000,48000
2008/11/26,0,87000,-47000,40000
2008/11/27,0,71000,-1000,70000
2008/11/28,0,27000,0,27000
2008/12/01,0,51000,-4000,47000
2008/12/02,0,4000,-46000,-42000
2008/12/03,0,7000,-60000,-53000
2008/12/04,0,2000,-74000,-72000
2008/12/05,0,4000,-106200,-102200
2008/12/08,0,65000,-100060,-35060
2008/12/09,0,22000,-162890,-140890
2008/12/10,0,47000,-690250,-643250
2008/12/11,0,164000,-9000,155000
2008/12/12,0,37000,-93000,-56000
2008/12/15,0,136000,-14000,122000
2008/12/16,0,42000,-229800,-187800
2008/12/17,0,145000,-6000,139000
2008/12/18,0,68000,-24000,44000
2008/12/19,0,147000,-177000,-30000
2008/12/22,0,119000,-105000,14000
2008/12/23,0,66000,-123000,-57000
2008/12/24,0,49000,-65000,-16000
2008/12/25,0,3120,-49000,-45880
2008/12/26,0,19000,-11000,8000
2008/12/29,0,4000,-5000,-1000
2008/12/30,0,41000,-32150,8850
2008/12/31,0,20000,-11000,9000
2009/01/01,0,0,0,0
2009/01/02,0,0,0,0
2009/01/05,0,44000,-13000,31000
2009/01/06,0,25000,-5000,20000
2009/01/07,0,56000,0,56000
2009/01/08,0,3000,-156000,-153000
2009/01/09,0,15000,-120000,-105000
2009/01/12,0,520000,-79000,441000
2009/01/13,0,199000,-14000,185000
2009/01/14,0,3000,-97000,-94000
2009/01/15,0,9000,-96000,-87000
2009/01/16,0,2000,-29000,-27000
2009/01/19,0,1000,-5000,-4000
2009/01/20,0,1000,0,1000
2009/01/21,0,19000,-18000,1000
2009/01/22,0,0,0,0
2009/01/23,0,0,0,0
2009/01/26,0,0,0,0
2009/01/27,0,0,0,0
2009/01/28,0,0,0,0
2009/01/29,0,0,0,0
2009/01/30,0,0,0,0
2009/02/02,0,4000,-30000,-26000
2009/02/03,0,51000,-53000,-2000
2009/02/04,0,8000,-29000,-21000
2009/02/05,0,42000,-8000,34000
2009/02/06,0,5000,-80000,-75000
2009/02/09,0,0,-7000,-7000
2009/02/10,0,0,0,0
2009/02/11,0,0,0,0
2009/02/12,0,0,-2000,-2000
2009/02/13,0,1000,0,1000
2009/02/16,0,0,0,0
2009/02/17,0,6000,0,6000
2009/02/18,0,26000,-76000,-50000
2009/02/19,0,0,-32000,-32000
2009/02/20,0,197000,0,197000
2009/02/23,0,116000,-1000,115000
2009/02/24,0,155000,-4000,151000
2009/02/25,0,128000,0,128000
2009/02/26,0,3000,-28500,-25500
2009/02/27,0,0,0,0
2009/03/02,0,0,0,0
2009/03/03,0,0,-9000,-9000
2009/03/04,0,14000,-7000,7000
2009/03/05,0,35000,0,35000
2009/03/06,0,7000,-92500,-85500
2009/03/09,0,0,-58000,-58000
2009/03/10,0,26000,-24307,1693
2009/03/11,0,40000,-1657,38343
2009/03/12,0,0,0,0
2009/03/13,0,29000,-128490,-99490
2009/03/16,0,342000,-2000,340000
2009/03/17,0,4000,-14000,-10000
2009/03/18,0,37000,-52000,-15000
2009/03/19,0,60000,-11000,49000
2009/03/20,0,16000,-6000,10000
2009/03/23,0,10000,0,10000
2009/03/24,0,13000,0,13000
2009/03/25,0,71000,-37000,34000
2009/03/26,0,33000,-27000,6000
2009/03/27,0,2000,-30000,-28000
2009/03/30,0,2000,-128000,-126000
2009/03/31,0,19000,-339000,-320000
2009/04/01,0,116000,-402000,-286000
2009/04/02,0,201000,-1000,200000
2009/04/03,0,5000,-73000,-68000
2009/04/06,0,63000,-43000,20000
2009/04/07,0,12000,-120000,-108000
2009/04/08,0,10000,-216000,-206000
2009/04/09,0,61000,-5000,56000
2009/04/10,0,181000,-37000,144000
2009/04/13,0,72000,0,72000
2009/04/14,0,33000,-194600,-161600
2009/04/15,0,71000,-70000,1000
2009/04/16,0,74000,-73000,1000
2009/04/17,0,151000,-69782,81218
2009/04/20,0,10000,-17000,-7000
2009/04/21,0,1000,-19000,-18000
2009/04/22,0,1000,-28000,-27000
2009/04/23,0,213000,-40000,173000
2009/04/24,0,195000,-48000,147000
2009/04/27,0,51000,-26000,25000
2009/04/28,0,60000,-3000,57000
2009/04/29,0,29000,0,29000
2009/04/30,0,126000,-99000,27000
2009/05/01,0,0,0,0
2009/05/04,0,107000,-202000,-95000
2009/05/05,0,73000,-148000,-75000
2009/05/06,0,102000,-72000,30000
2009/05/07,0,29000,-79000,-50000
2009/05/08,0,208000,-42000,166000
2009/05/11,0,6000,-54000,-48000
2009/05/12,0,26000,-125000,-99000
2009/05/13,0,4000,-17000,-13000
2009/05/14,0,47000,-89000,-42000
2009/05/15,0,13000,-83000,-70000
2009/05/18,0,23000,-58000,-35000
2009/05/19,0,66000,-17000,49000
2009/05/20,0,152000,-97000,55000
2009/05/21,0,45000,-110000,-65000
2009/05/22,0,48000,-20000,28000
2009/05/25,0,36000,-35000,1000
2009/05/26,0,35000,-28000,7000
2009/05/27,0,43000,-5000,38000
2009/05/28,0,0,0,0
2009/05/29,0,0,0,0
2009/06/01,0,437000,0,437000
2009/06/02,0,15000,-23000,-8000
2009/06/03,0,58000,-108000,-50000
2009/06/04,0,49000,-82000,-33000
2009/06/05,0,27000,-195500,-168500
2009/06/08,0,22000,-403000,-381000
2009/06/09,0,52000,-519000,-467000
2009/06/10,0,76000,-495000,-419000
2009/06/11,0,258000,-59000,199000
2009/06/12,0,607000,-128000,479000
2009/06/15,0,15000,-79000,-64000
2009/06/16,0,5000,-17000,-12000
2009/06/17,0,1000,-59000,-58000
2009/06/18,0,13000,-9000,4000
2009/06/19,0,91000,-16000,75000
2009/06/22,0,3000,-35000,-32000
2009/06/23,0,3000,-56000,-53000
2009/06/24,0,67000,-43000,24000
2009/06/25,0,34000,-14000,20000
2009/06/26,0,35000,-12700,22300
2009/06/29,0,32000,-38000,-6000
2009/06/30,0,7000,-118000,-111000
2009/07/01,0,19000,0,19000
2009/07/02,0,0,-82000,-82000
2009/07/03,0,60000,0,60000
2009/07/06,0,138000,-49000,89000
2009/07/07,0,55000,0,55000
2009/07/08,0,20000,-17000,3000
2009/07/09,0,492000,-64000,428000
2009/07/10,0,0,-87000,-87000
2009/07/13,0,24000,-209000,-185000
2009/07/14,0,6000,-31000,-25000
2009/07/15,0,20000,-11000,9000
2009/07/16,0,1000,-21000,-20000
2009/07/17,0,167000,0,167000
2009/07/20,0,7000,-8000,-1000
2009/07/21,0,3000,-19000,-16000
2009/07/22,0,20000,0,20000
2009/07/23,0,25000,-51000,-26000
2009/07/24,0,17000,0,17000
2009/07/27,0,43000,0,43000
2009/07/28,0,11000,0,11000
2009/07/29,0,31000,-3000,28000
2009/07/30,0,138000,-5000,133000
2009/07/31,0,746000,-37000,709000
2009/08/03,0,356000,-302000,54000
2009/08/04,0,328000,-264000,64000
2009/08/05,0,7000,-70000,-63000
2009/08/06,0,78000,-4000,74000
2009/08/07,0,0,0,0
2009/08/10,0,730000,-37000,693000
2009/08/11,0,12000,-103000,-91000
2009/08/12,0,185000,-191000,-6000
2009/08/13,0,8000,-11000,-3000
2009/08/14,0,44000,-3000,41000
2009/08/17,0,0,-20000,-20000
2009/08/18,0,95000,-56000,39000
2009/08/19,0,16000,-38000,-22000
2009/08/20,0,10000,-3000,7000
2009/08/21,0,5000,-15000,-10000
2009/08/24,0,0,-8000,-8000
2009/08/25,0,206000,-129800,76200
2009/08/26,0,52000,-7000,45000
2009/08/27,0,0,-4000,-4000
2009/08/28,0,28000,0,28000
2009/08/31,0,0,-14000,-14000
2009/09/01,0,10000,0,10000
2009/09/02,0,87000,-74000,13000
2009/09/03,0,369000,-43000,326000
2009/09/04,0,126000,-110000,16000
2009/09/07,0,16000,-19000,-3000
2009/09/08,0,375000,-50000,325000
2009/09/09,0,10000,-93000,-83000
2009/09/10,0,134000,-35000,99000
2009/09/11,0,68000,0,68000
2009/09/14,0,2000,-34000,-32000
2009/09/15,0,59000,0,59000
2009/09/16,0,224000,-17000,207000
2009/09/17,0,101000,-41000,60000
2009/09/18,0,61000,-7000,54000
2009/09/21,0,41000,-405000,-364000
2009/09/22,0,70000,-168000,-98000
2009/09/23,0,329000,-13000,316000
2009/09/24,0,123000,-2000,121000
2009/09/25,0,271000,0,271000
2009/09/28,0,40000,-3000,37000
2009/09/29,0,112000,-7000,105000
2009/09/30,0,114501,-7000,107501
2009/10/01,0,29000,-2000,27000
2009/10/02,0,17000,-140000,-123000
2009/10/05,0,262000,-494000,-232000
2009/10/06,0,364000,-453000,-89000
2009/10/07,0,221000,-140000,81000
2009/10/08,0,55000,-68000,-13000
2009/10/09,0,289000,-11000,278000
2009/10/12,0,108000,-56000,52000
2009/10/13,0,74000,-39000,35000
2009/10/14,0,103000,-10000,93000
2009/10/15,0,311000,-30000,281000
2009/10/16,0,157000,-65000,92000
2009/10/19,0,140000,-15000,125000
2009/10/20,0,0,-61000,-61000
2009/10/21,0,78000,-93000,-15000
2009/10/22,0,122000,-104000,18000
2009/10/23,0,72000,-154000,-82000
2009/10/26,0,53000,-74000,-21000
2009/10/27,0,123000,-30000,93000
2009/10/28,0,77000,-848000,-771000
2009/10/29,0,155000,-100000,55000
2009/10/30,0,16000,-58100,-42100
2009/11/02,0,0,-28000,-28000
2009/11/03,0,7000,-32000,-25000
2009/11/04,0,96000,-9000,87000
2009/11/05,0,23000,-40000,-17000
2009/11/06,0,5000,-2000,3000
2009/11/09,0,10000,-1000,9000
2009/11/10,0,102000,0,102000
2009/11/11,0,112000,0,112000
2009/11/12,0,177000,-8000,169000
2009/11/13,0,38000,0,38000
2009/11/16,0,40000,0,40000
2009/11/17,0,165000,-16000,149000
2009/11/18,0,343000,-69000,274000
2009/11/19,0,23000,-80000,-57000
2009/11/20,0,26000,-58000,-32000
2009/11/23,0,5000,-18000,-13000
2009/11/24,0,18000,-4000,14000
2009/11/25,0,223000,-63000,160000
2009/11/26,0,6000,-69000,-63000
2009/11/27,0,0,-120000,-120000
2009/11/30,0,90000,-8000,82000
2009/12/01,0,6000,-64000,-58000
2009/12/02,0,54000,-45000,9000
2009/12/03,0,14000,-9000,5000
2009/12/04,0,172000,-17000,155000
2009/12/07,0,220000,-214000,6000
2009/12/08,0,4000,-18000,-14000
2009/12/09,0,48000,-29000,19000
2009/12/10,0,16000,-107000,-91000
2009/12/11,0,9000,-11000,-2000
2009/12/14,0,10000,-24000,-14000
2009/12/15,0,91000,-11000,80000
2009/12/16,0,123000,-90000,33000
2009/12/17,0,93000,-110000,-17000
2009/12/18,0,273000,-83000,190000
2009/12/21,0,2000,-3000,-1000
2009/12/22,0,23000,-15000,8000
2009/12/23,0,32000,-1000,31000
2009/12/24,0,129000,0,129000
2009/12/25,0,22000,-1000,21000
2009/12/28,0,118000,-13000,105000
2009/12/29,0,97000,0,97000
2009/12/30,0,21000,-53000,-32000
2009/12/31,0,95000,-50000,45000
2010/01/01,0,0,0,0
2010/01/04,0,8000,-18000,-10000
2010/01/05,0,9000,-204000,-195000
2010/01/06,0,112000,-29000,83000
2010/01/07,0,121000,-171000,-50000
2010/01/08,0,44000,-29000,15000
2010/01/11,0,7000,-11000,-4000
2010/01/12,0,155000,-47000,108000
2010/01/13,0,14000,-1000,13000
2010/01/14,0,20000,-8000,12000
2010/01/15,0,27000,-42000,-15000
2010/01/18,0,74300,-1000,73300
2010/01/19,0,34000,-23000,11000
2010/01/20,0,12000,-65000,-53000
2010/01/21,0,92000,-178000,-86000
2010/01/22,0,9000,-154000,-145000
2010/01/25,0,4000,-18000,-14000
2010/01/26,0,111000,-120000,-9000
2010/01/27,0,20000,-17000,3000
2010/01/28,0,3000,-39000,-36000
2010/01/29,0,4000,-40000,-36000
2010/02/01,0,89000,-26000,63000
2010/02/02,0,17000,-73000,-56000
2010/02/03,0,0,-59000,-59000
2010/02/04,0,37000,-48000,-11000
2010/02/05,0,28000,-55000,-27000
2010/02/08,0,146000,-55000,91000
2010/02/09,0,100000,-111000,-11000
2010/02/10,0,289000,-2000,287000
2010/02/11,0,0,0,0
2010/02/12,0,0,0,0
2010/02/15,0,0,0,0
2010/02/16,0,0,0,0
2010/02/17,0,0,0,0
2010/02/18,0,0,0,0
2010/02/19,0,0,0,0
2010/02/22,0,196000,-1000,195000
2010/02/23,0,54000,-15000,39000
2010/02/24,0,6000,-14000,-8000
2010/02/25,0,0,-46000,-46000
2010/02/26,0,43000,0,43000
2010/03/01,0,53000,-2000,51000
2010/03/02,0,32000,-54000,-22000
2010/03/03,0,90000,-5000,85000
2010/03/04,0,50000,-16000,34000
2010/03/05,0,1079000,-4000,1075000
2010/03/08,0,427000,-52000,375000
2010/03/09,0,440000,-40000,400000
2010/03/10,0,544000,-12000,532000
2010/03/11,0,507000,-17000,490000
2010/03/12,0,642000,-120000,522000
2010/03/15,0,386000,-39000,347000
2010/03/16,0,179000,-19000,160000
2010/03/17,0,279000,-24000,255000
2010/03/18,0,392000,-3000,389000
2010/03/19,0,422000,-61200,360800
2010/03/22,0,156000,-17000,139000
2010/03/23,0,281000,-55000,226000
2010/03/24,0,444000,0,444000
2010/03/25,0,349000,-39000,310000
2010/03/26,0,266000,-39000,227000
2010/03/29,0,327000,0,327000
2010/03/30,0,26000,-4000,22000
2010/03/31,0,144000,-29000,115000
2010/04/01,0,168000,-13000,155000
2010/04/02,0,184000,-5000,179000
2010/04/05,0,0,0,0
2010/04/06,0,94000,0,94000
2010/04/07,0,76000,0,76000
2010/04/08,0,483000,-46000,437000
2010/04/09,0,343000,-30000,313000
2010/04/12,0,256000,-128000,128000
2010/04/13,0,58000,-118000,-60000
2010/04/14,0,45000,0,45000
2010/04/15,0,369000,-9000,360000
2010/04/16,0,144000,-50000,94000
2010/04/19,0,6000,-82000,-76000
2010/04/20,0,10000,-71000,-61000
2010/04/21,0,92000,-108000,-16000
2010/04/22,0,33000,-156000,-123000
2010/04/23,0,8000,-95000,-87000
2010/04/26,0,123000,-12000,111000
2010/04/27,0,110000,-1000,109000
2010/04/28,0,173000,-335000,-162000
2010/04/29,0,520000,-303410,216590
2010/04/30,0,540000,-31000,509000
2010/05/03,0,402000,-66000,336000
2010/05/04,0,247000,-157000,90000
2010/05/05,0,400000,-187000,213000
2010/05/06,0,207000,-84000,123000
2010/05/07,0,487000,-129000,358000
2010/05/10,0,496000,-82000,414000
2010/05/11,0,159000,-57000,102000
2010/05/12,0,27000,-6000,21000
2010/05/13,0,81000,-1000,80000
2010/05/14,0,42000,-33000,9000
2010/05/17,0,0,-110000,-110000
2010/05/18,0,126000,-118000,8000
2010/05/19,0,86000,-64000,22000
2010/05/20,0,34000,-79000,-45000
2010/05/21,0,65000,-150000,-85000
2010/05/24,0,30000,-97000,-67000
2010/05/25,0,258000,-185000,73000
2010/05/26,0,45000,-94000,-49000
2010/05/27,0,45000,-123000,-78000
2010/05/28,0,51000,-60000,-9000
2010/05/31,0,171000,-14000,157000
2010/06/01,0,3000,-28000,-25000
2010/06/02,0,59000,-53000,6000
2010/06/03,0,195000,-33000,162000
2010/06/04,0,72000,-42000,30000
2010/06/07,0,47000,-102000,-55000
2010/06/08,0,66000,-92000,-26000
2010/06/09,0,16000,-49000,-33000
2010/06/10,0,14000,-1000,13000
2010/06/11,0,81000,-103000,-22000
2010/06/14,0,158153,-19000,139153
2010/06/15,0,139000,-38000,101000
2010/06/16,0,0,0,0
2010/06/17,0,86000,-52000,34000
2010/06/18,0,272000,-66530,205470
2010/06/21,0,83000,-13000,70000
2010/06/22,0,21000,-1000,20000
2010/06/23,0,7000,-42000,-35000
2010/06/24,0,19000,-26000,-7000
2010/06/25,0,49032,-44000,5032
2010/06/28,0,1000,-27000,-26000
2010/06/29,0,43000,-82000,-39000
2010/06/30,0,2000,-151000,-149000
2010/07/01,0,5000,-120000,-115000
2010/07/02,0,13000,-39000,-26000
2010/07/05,0,15000,-33000,-18000
2010/07/06,0,82000,-110000,-28000
2010/07/07,0,14000,-119000,-105000
2010/07/08,0,173000,-35000,138000
2010/07/09,0,26000,-32000,-6000
2010/07/12,0,133000,-48000,85000
2010/07/13,0,6000,-80000,-74000
2010/07/14,0,104000,-147000,-43000
2010/07/15,0,82000,-56000,26000
2010/07/16,0,44000,-7000,37000
2010/07/19,0,17000,-4000,13000
2010/07/20,0,114000,-16000,98000
2010/07/21,0,74000,-250000,-176000
2010/07/22,0,68000,-8000,60000
2010/07/23,0,167000,-143000,24000
2010/07/26,0,215000,-1000,214000
2010/07/27,0,34000,-23000,11000
2010/07/28,0,12000,-18000,-6000
2010/07/29,0,39000,-30000,9000
2010/07/30,0,55000,-84000,-29000
2010/08/02,0,433000,-3000,430000
2010/08/03,0,266000,0,266000
2010/08/04,0,1057000,-157000,900000
2010/08/05,0,124000,-149000,-25000
2010/08/06,0,316000,-22000,294000
2010/08/09,0,237000,-179000,58000
2010/08/10,0,7000,-65300,-58300
2010/08/11,0,8000,-151000,-143000
2010/08/12,0,21000,-123000,-102000
2010/08/13,0,211000,-953000,-742000
2010/08/16,0,43000,-22000,21000
2010/08/17,0,9000,-22000,-13000
2010/08/18,0,257000,-61000,196000
2010/08/19,0,39700,-39000,700
2010/08/20,0,35000,-4000,31000
2010/08/23,0,105000,-113000,-8000
2010/08/24,0,28000,-13000,15000
2010/08/25,0,99003,-115000,-15997
2010/08/26,0,34000,-76000,-42000
2010/08/27,0,50000,-30003,19997
2010/08/30,0,9000,-26000,-17000
2010/08/31,0,27000,-50000,-23000
2010/09/01,0,38000,-39000,-1000
2010/09/02,0,14000,-114000,-100000
2010/09/03,0,24000,-2000,22000
2010/09/06,0,112000,0,112000
2010/09/07,0,77000,-15000,62000
2010/09/08,0,0,-30000,-30000
2010/09/09,0,172000,-54000,118000
2010/09/10,0,1000,-7000,-6000
2010/09/13,0,75000,-116000,-41000
2010/09/14,0,45000,-7000,38000
2010/09/15,0,42000,-16000,26000
2010/09/16,0,78000,-39000,39000
2010/09/17,0,108000,-27000,81000
2010/09/20,0,13000,-3000,10000
2010/09/21,0,63000,-15000,48000
2010/09/22,0,0,0,0
2010/09/23,0,83600,-68000,15600
2010/09/24,0,101000,-187000,-86000
2010/09/27,0,4000,-108000,-104000
2010/09/28,0,93000,-74000,19000
2010/09/29,0,72000,-15000,57000
2010/09/30,0,15000,-136000,-121000
2010/10/01,0,21000,-9000,12000
2010/10/04,0,55000,-58000,-3000
2010/10/05,0,11000,-38000,-27000
2010/10/06,0,252000,-176000,76000
2010/10/07,0,221000,0,221000
2010/10/08,0,10000,-14000,-4000
2010/10/11,0,92000,-126000,-34000
2010/10/12,0,8000,-38000,-30000
2010/10/13,0,19000,-169000,-150000
2010/10/14,0,112000,-407000,-295000
2010/10/15,0,106000,-245000,-139000
2010/10/18,0,18000,-230000,-212000
2010/10/19,0,10000,-242000,-232000
2010/10/20,0,91000,-662300,-571300
2010/10/21,0,88000,-249000,-161000
2010/10/22,0,43000,-76275,-33275
2010/10/25,0,167000,0,167000
2010/10/26,0,11000,-31000,-20000
2010/10/27,0,4000,-486000,-482000
2010/10/28,0,141000,-14000,127000
2010/10/29,0,216000,-208000,8000
2010/11/01,0,183000,-178000,5000
2010/11/02,0,96000,-59000,37000
2010/11/03,0,206000,-93000,113000
2010/11/04,0,29000,-16000,13000
2010/11/05,0,142000,-4000,138000
2010/11/08,0,55000,0,55000
2010/11/09,0,494000,-1000,493000
2010/11/10,0,29000,-24000,5000
2010/11/11,0,54000,-11000,43000
2010/11/12,0,44000,-5000,39000
2010/11/15,0,97000,-158000,-61000
2010/11/16,0,139000,-73000,66000
2010/11/17,0,38000,-280000,-242000
2010/11/18,0,9000,-84000,-75000
2010/11/19,0,13000,-64000,-51000
2010/11/22,0,6000,-3000,3000
2010/11/23,0,5000,-44000,-39000
2010/11/24,0,70000,-117000,-47000
2010/11/25,0,6000,-82000,-76000
2010/11/26,0,17000,-47000,-30000
2010/11/29,0,1000,-38000,-37000
2010/11/30,0,99000,-3000,96000
2010/12/01,0,135000,-33000,102000
2010/12/02,0,43000,-79000,-36000
2010/12/03,0,0,-115000,-115000
2010/12/06,0,45000,-93000,-48000
2010/12/07,0,11000,-27000,-16000
2010/12/08,0,3000,-35000,-32000
2010/12/09,0,178000,-69000,109000
2010/12/10,0,117000,-58000,59000
2010/12/13,0,314000,-71000,243000
2010/12/14,0,228000,-112000,116000
2010/12/15,0,273000,-74000,199000
2010/12/16,0,236000,-59000,177000
2010/12/17,0,36000,-9000,27000
2010/12/20,0,43000,-10000,33000
2010/12/21,0,15000,-9000,6000
2010/12/22,0,111000,-105147,5853
2010/12/23,0,308000,-7000,301000
2010/12/24,0,189000,-5000,184000
2010/12/27,0,47000,-28000,19000
2010/12/28,0,56000,-6000,50000
2010/12/29,0,71000,-3000,68000
2010/12/30,0,53000,-81000,-28000
2010/12/31,0,77000,-253000,-176000
2011/01/03,0,393000,-10000,383000
2011/01/04,0,11000,-186000,-175000
2011/01/05,0,180000,-237000,-57000
2011/01/06,0,64000,-9000,55000
2011/01/07,0,94000,-168000,-74000
2011/01/10,0,10000,-21000,-11000
2011/01/11,0,64000,-27000,37000
2011/01/12,0,11000,-293000,-282000
2011/01/13,0,11000,-191000,-180000
2011/01/14,0,83000,-239000,-156000
2011/01/17,0,11000,-266000,-255000
2011/01/18,0,27095,-215000,-187905
2011/01/19,0,301000,-157000,144000
2011/01/20,0,171000,-8000,163000
2011/01/21,0,146000,-56000,90000
2011/01/24,0,0,-2000,-2000
2011/01/25,0,1000,-83000,-82000
2011/01/26,0,12000,-230000,-218000
2011/01/27,0,19000,-4000,15000
2011/01/28,0,14000,-15000,-1000
2011/01/31,0,0,0,0
2011/02/01,0,0,0,0
2011/02/02,0,0,0,0
2011/02/03,0,0,0,0
2011/02/04,0,0,0,0
2011/02/07,0,0,0,0
2011/02/08,0,24000,-265000,-241000
2011/02/09,0,490000,-29000,461000
2011/02/10,0,231000,-26000,205000
2011/02/11,0,233000,-248000,-15000
2011/02/14,0,314000,-86000,228000
2011/02/15,0,233000,-93200,139800
2011/02/16,0,635000,-112000,523000
2011/02/17,0,62000,-150000,-88000
2011/02/18,0,162000,-33000,129000
2011/02/21,0,13000,-22000,-9000
2011/02/22,0,209000,-118000,91000
2011/02/23,0,611000,-117000,494000
2011/02/24,0,85000,-26000,59000
2011/02/25,0,92000,-70000,22000
2011/02/28,0,0,0,0
2011/03/01,0,89000,-31000,58000
2011/03/02,0,156000,-85000,71000
2011/03/03,0,58000,-11000,47000
2011/03/04,0,124000,-12000,112000
2011/03/07,0,50000,-48000,2000
2011/03/08,0,280000,-9000,271000
2011/03/09,0,915000,-293000,622000
2011/03/10,0,784000,-41000,743000
2011/03/11,0,133000,-299000,-166000
2011/03/14,0,145000,-160000,-15000
2011/03/15,0,390000,-445000,-55000
2011/03/16,0,256000,-379000,-123000
2011/03/17,0,83000,-27000,56000
2011/03/18,0,142000,-36000,106000
2011/03/21,0,23000,-53000,-30000
2011/03/22,0,145000,-68000,77000
2011/03/23,0,56000,-102000,-46000
2011/03/24,0,309000,-201000,108000
2011/03/25,0,177000,-287000,-110000
2011/03/28,0,33000,-29000,4000
2011/03/29,0,319000,-46000,273000
2011/03/30,0,234000,-101000,133000
2011/03/31,0,235309,-436000,-200691
2011/04/01,0,416000,-430000,-14000
2011/04/04,0,0,0,0
2011/04/05,0,0,0,0
2011/04/06,0,245000,-389000,-144000
2011/04/07,0,359000,-22000,337000
2011/04/08,0,221000,-5000,216000
2011/04/11,0,206000,-24000,182000
2011/04/12,0,353000,-373000,-20000
2011/04/13,0,142000,-796000,-654000
2011/04/14,0,515000,-1192000,-677000
2011/04/15,0,111000,-928000,-817000
2011/04/18,0,203000,-6000,197000
2011/04/19,0,115000,-47000,68000
2011/04/20,0,171000,-628000,-457000
2011/04/21,0,850000,-105000,745000
2011/04/22,0,204018,-92000,112018
2011/04/25,0,241000,-105000,136000
2011/04/26,0,271000,-76000,195000
2011/04/27,0,800000,-105000,695000
2011/04/28,0,408000,-264000,144000
2011/04/29,0,511000,-211000,300000
2011/05/02,0,0,0,0
2011/05/03,0,433000,-436000,-3000
2011/05/04,0,326000,-1473000,-1147000
2011/05/05,0,271000,-53000,218000
2011/05/06,0,251000,-195000,56000
2011/05/09,0,1593000,-64000,1529000
2011/05/10,0,1777000,-173642,1603358
2011/05/11,0,911000,-924212,-13212
2011/05/12,0,773900,-382000,391900
2011/05/13,0,322900,-868000,-545100
2011/05/16,0,309900,-1717000,-1407100
2011/05/17,0,1565000,-6368400,-4803400
2011/05/18,0,178000,-1476900,-1298900
2011/05/19,0,167000,-2027000,-1860000
2011/05/20,0,96000,-1307000,-1211000
2011/05/23,0,568000,-178000,390000
2011/05/24,0,127000,-142000,-15000
2011/05/25,0,313000,-198250,114750
2011/05/26,0,56000,-165416,-109416
2011/05/27,0,425000,-389007,35993
2011/05/30,0,55000,-140000,-85000
2011/05/31,0,469000,-255000,214000
2011/06/01,0,182000,-29000,153000
2011/06/02,0,43000,-110000,-67000
2011/06/03,0,246100,-216506,29594
2011/06/06,0,0,0,0
2011/06/07,0,105000,-18000,87000
2011/06/08,0,42000,-3000,39000
2011/06/09,0,67000,-194676,-127676
2011/06/10,0,72000,-159000,-87000
2011/06/13,0,112000,-40000,72000
2011/06/14,0,720000,0,720000
2011/06/15,0,607000,-242000,365000
2011/06/16,0,124000,-217000,-93000
2011/06/17,0,295000,-355520,-60520
2011/06/20,0,210000,-102000,108000
2011/06/21,0,43000,-69500,-26500
2011/06/22,0,264000,-96000,168000
2011/06/23,0,73000,-86112,-13112
2011/06/24,0,166000,-126000,40000
2011/06/27,0,37000,-221000,-184000
2011/06/28,0,69000,-56000,13000
2011/06/29,0,71000,-255000,-184000
2011/06/30,0,474000,-211000,263000
2011/07/01,0,98000,-93505,4495
2011/07/04,0,4781,-177000,-172219
2011/07/05,0,236000,-59000,177000
2011/07/06,0,262000,-98250,163750
2011/07/07,0,146000,-83000,63000
2011/07/08,0,203000,-33000,170000
2011/07/11,0,135000,-52000,83000
2011/07/12,0,234000,-462000,-228000
2011/07/13,0,94000,-48000,46000
2011/07/14,0,174000,-45000,129000
2011/07/15,0,213000,-53000,160000
2011/07/18,0,26000,-22000,4000
2011/07/19,0,288000,-50000,238000
2011/07/20,0,295300,-115000,180300
2011/07/21,0,68000,-241000,-173000
2011/07/22,0,288000,-16000,272000
2011/07/25,0,21000,-84000,-63000
2011/07/26,0,27000,-33000,-6000
2011/07/27,0,62000,-40000,22000
2011/07/28,0,42000,-83000,-41000
2011/07/29,0,220000,-149000,71000
2011/08/01,0,330000,-203000,127000
2011/08/02,0,121000,-361000,-240000
2011/08/03,0,86000,-632000,-546000
2011/08/04,0,68000,-83000,-15000
2011/08/05,0,183600,-123000,60600
2011/08/08,0,76000,-347000,-271000
2011/08/09,0,355000,-141000,214000
2011/08/10,0,136000,-262000,-126000
2011/08/11,0,90000,-145000,-55000
2011/08/12,0,18000,-226000,-208000
2011/08/15,0,40000,-34000,6000
2011/08/16,0,71000,-67000,4000
2011/08/17,0,87000,-250000,-163000
2011/08/18,0,341000,-288000,53000
2011/08/19,0,200000,-147781,52219
2011/08/22,0,322000,-361000,-39000
2011/08/23,0,256000,-120000,136000
2011/08/24,0,40000,-605000,-565000
2011/08/25,0,34000,-235000,-201000
2011/08/26,0,15000,-390000,-375000
2011/08/29,0,87000,-145000,-58000
2011/08/30,0,19000,-180000,-161000
2011/08/31,0,78000,-163000,-85000
2011/09/01,0,9000,-164000,-155000
2011/09/02,0,85000,-303380,-218380
2011/09/05,0,48000,-725000,-677000
2011/09/06,0,111000,-159000,-48000
2011/09/07,0,38000,-616520,-578520
2011/09/08,0,194000,-1948000,-1754000
2011/09/09,0,152000,-616000,-464000
2011/09/12,0,0,0,0
2011/09/13,0,124000,-146000,-22000
2011/09/14,0,25000,-337000,-312000
2011/09/15,0,96000,-297000,-201000
2011/09/16,0,172000,-171000,1000
2011/09/19,0,50000,-83000,-33000
2011/09/20,0,98000,-299000,-201000
2011/09/21,0,317000,-288000,29000
2011/09/22,0,99000,-790000,-691000
2011/09/23,0,246000,-372248,-126248
2011/09/26,0,227000,-104000,123000
2011/09/27,0,74000,-158000,-84000
2011/09/28,0,95000,-132000,-37000
2011/09/29,0,417000,-29000,388000
2011/09/30,0,49000,-102000,-53000
2011/10/03,0,85000,-80000,5000
2011/10/04,0,95000,-129000,-34000
2011/10/05,0,226000,-68000,158000
2011/10/06,0,23000,-119000,-96000
2011/10/07,0,170000,-365000,-195000
2011/10/10,0,0,0,0
2011/10/11,0,202000,-93000,109000
2011/10/12,0,169000,-116000,53000
2011/10/13,0,217000,-85000,132000
2011/10/14,0,258000,-42000,216000
2011/10/17,0,39000,-3000,36000
2011/10/18,0,24000,-10000,14000
2011/10/19,0,11000,-37000,-26000
2011/10/20,0,233000,-58000,175000
2011/10/21,0,10000,-21000,-11000
2011/10/24,0,105000,-47000,58000
2011/10/25,0,46000,-86000,-40000
2011/10/26,0,49000,-42000,7000
2011/10/27,0,287000,-46000,241000
2011/10/28,0,192000,-71000,121000
2011/10/31,0,31000,-57000,-26000
2011/11/01,0,174000,-23000,151000
2011/11/02,0,119000,-10000,109000
2011/11/03,0,65000,-57000,8000
2011/11/04,0,118000,-10000,108000
2011/11/07,0,38000,-5000,33000
2011/11/08,0,99000,-28000,71000
2011/11/09,0,102000,-106000,-4000
2011/11/10,0,135000,-119000,16000
2011/11/11,0,36000,-449000,-413000
2011/11/14,0,100000,-110000,-10000
2011/11/15,0,406000,-438000,-32000
2011/11/16,0,147000,-695000,-548000
2011/11/17,0,99000,-561000,-462000
2011/11/18,0,123000,-762000,-639000
2011/11/21,0,132000,-512000,-380000
2011/11/22,0,190000,-605000,-415000
2011/11/23,0,24000,-141000,-117000
2011/11/24,0,131000,-122000,9000
2011/11/25,0,48000,-391000,-343000
2011/11/28,0,345000,-542000,-197000
2011/11/29,0,138000,-397000,-259000
2011/11/30,0,427000,-178500,248500
2011/12/01,0,227000,-820000,-593000
2011/12/02,0,97000,-150000,-53000
2011/12/05,0,64000,-180000,-116000
2011/12/06,0,63000,-880000,-817000
2011/12/07,0,131000,-23000,108000
2011/12/08,0,137000,-492000,-355000
2011/12/09,0,128000,-90000,38000
2011/12/12,0,14000,-120000,-106000
2011/12/13,0,34000,-158000,-124000
2011/12/14,0,1000,-13000,-12000
2011/12/15,0,7000,-86000,-79000
2011/12/16,0,11000,-44000,-33000
2011/12/19,0,92000,-43000,49000
2011/12/20,0,45000,-117000,-72000
2011/12/21,0,157000,-99000,58000
2011/12/22,0,53000,-119000,-66000
2011/12/23,0,86000,-69000,17000
2011/12/26,0,58000,-4000,54000
2011/12/27,0,14000,-10000,4000
2011/12/28,0,22000,-69000,-47000
2011/12/29,0,24000,-278000,-254000
2011/12/30,0,18001,-85000,-66999
2012/01/02,0,11000,-240000,-229000
2012/01/03,0,24000,-70000,-46000
2012/01/04,0,67000,-186000,-119000
2012/01/05,0,84000,-118000,-34000
2012/01/06,0,47000,-197000,-150000
2012/01/09,0,601000,-43000,558000
2012/01/10,0,421000,-82000,339000
2012/01/11,0,232000,-111000,121000
2012/01/12,0,148000,-12000,136000
2012/01/13,0,37000,-127350,-90350
2012/01/16,0,45000,-112000,-67000
2012/01/17,0,653000,-60000,593000
2012/01/18,0,236000,-169000,67000
2012/01/19,0,0,0,0
2012/01/20,0,0,0,0
2012/01/23,0,0,0,0
2012/01/24,0,0,0,0
2012/01/25,0,0,0,0
2012/01/26,0,0,0,0
2012/01/27,0,0,0,0
2012/01/30,0,440000,-110000,330000
2012/01/31,0,151000,-47000,104000
2012/02/01,0,23000,-102000,-79000
2012/02/02,0,94000,-38000,56000
2012/02/03,0,13000,-46000,-33000
2012/02/06,0,41000,-65000,-24000
2012/02/07,0,63000,-51000,12000
2012/02/08,0,245000,-3000,242000
2012/02/09,0,317000,-1000,316000
2012/02/10,0,391000,-52000,339000
2012/02/13,0,260400,-46000,214400
2012/02/14,0,226000,-127000,99000
2012/02/15,0,220000,-21000,199000
2012/02/16,0,484000,-82000,402000
2012/02/17,0,413000,-99000,314000
2012/02/20,0,158000,-95000,63000
2012/02/21,0,153000,-57000,96000
2012/02/22,0,310000,-19000,291000
2012/02/23,0,319000,-38000,281000
2012/02/24,0,145000,-39000,106000
2012/02/27,0,0,0,0
2012/02/28,0,0,0,0
2012/02/29,0,80200,-98327,-18127
2012/03/01,0,66000,-179000,-113000
2012/03/02,0,88000,-115000,-27000
2012/03/05,0,94000,-249000,-155000
2012/03/06,0,92000,-50000,42000
2012/03/07,0,24000,-32000,-8000
2012/03/08,0,36000,-35000,1000
2012/03/09,0,32000,-22000,10000
2012/03/12,0,26000,-19000,7000
2012/03/13,0,60000,-13000,47000
2012/03/14,0,87000,-87000,0
2012/03/15,0,5000,-10000,-5000
2012/03/16,0,21000,-37000,-16000
2012/03/19,0,7000,-60000,-53000
2012/03/20,0,8000,-23000,-15000
2012/03/21,0,59000,-124000,-65000
2012/03/22,0,215000,-3000,212000
2012/03/23,0,24000,-12000,12000
2012/03/26,0,17000,-28000,-11000
2012/03/27,0,1000,-16000,-15000
2012/03/28,0,76000,-8000,68000
2012/03/29,0,472000,-67000,405000
2012/03/30,0,692000,-72000,620000
2012/04/02,0,9000,-182000,-173000
2012/04/03,0,72000,-119000,-47000
2012/04/04,0,0,0,0
2012/04/05,0,66000,-129000,-63000
2012/04/06,0,8000,-83000,-75000
2012/04/09,0,50000,-38000,12000
2012/04/10,0,27000,-25000,2000
2012/04/11,0,110000,-12000,98000
2012/04/12,0,34000,-33000,1000
2012/04/13,0,20000,-25000,-5000
2012/04/16,0,23000,-7000,16000
2012/04/17,0,22000,-10000,12000
2012/04/18,0,18000,-6000,12000
2012/04/19,0,102000,-50000,52000
2012/04/20,0,78000,-16397,61603
2012/04/23,0,1000,-19000,-18000
2012/04/24,0,179000,-231000,-52000
2012/04/25,0,76000,-116000,-40000
2012/04/26,0,117000,-13000,104000
2012/04/27,0,41000,-10000,31000
2012/04/30,0,81000,-4000,77000
2012/05/01,0,0,0,0
2012/05/02,0,111000,0,111000
2012/05/03,0,89000,0,89000
2012/05/04,0,70000,0,70000
2012/05/07,0,114000,-55000,59000
2012/05/08,0,133000,-66000,67000
2012/05/09,0,24000,-153000,-129000
2012/05/10,0,201000,-44000,157000
2012/05/11,0,159000,-341000,-182000
2012/05/14,0,64000,-19000,45000
2012/05/15,0,5000,-40000,-35000
2012/05/16,0,13000,-163000,-150000
2012/05/17,0,3000,-109000,-106000
2012/05/18,0,58000,-306000,-248000
2012/05/21,0,43000,-38000,5000
2012/05/22,0,27000,-134000,-107000
2012/05/23,0,82000,-291000,-209000
2012/05/24,0,487000,-274000,213000
2012/05/25,0,44000,-8000,36000
2012/05/28,0,79000,-9000,70000
2012/05/29,0,130000,-2000,128000
2012/05/30,0,133000,-39000,94000
2012/05/31,0,209500,-19000,190500
2012/06/01,0,101000,-8603,92397
2012/06/04,0,416000,-446000,-30000
2012/06/05,0,111000,-43000,68000
2012/06/06,0,29000,-123000,-94000
2012/06/07,0,99000,-254000,-155000
2012/06/08,0,90000,-65564,24436
2012/06/11,0,150000,-20000,130000
2012/06/12,0,99000,-87000,12000
2012/06/13,0,245000,-13000,232000
2012/06/14,0,128000,-19000,109000
2012/06/15,0,1294000,-366506,927494
2012/06/18,0,126000,-155000,-29000
2012/06/19,0,163000,-36936,126064
2012/06/20,0,108000,-23000,85000
2012/06/21,0,168000,-17000,151000
2012/06/22,0,134000,-15000,119000
2012/06/25,0,70000,-6000,64000
2012/06/26,0,88000,-42000,46000
2012/06/27,0,182000,-122000,60000
2012/06/28,0,65644,0,65644
2012/06/29,0,112644,-4000,108644
2012/07/02,0,82000,-4000,78000
2012/07/03,0,113000,-6000,107000
2012/07/04,0,339000,-336000,3000
2012/07/05,0,110000,-3000,107000
2012/07/06,0,82000,-2000,80000
2012/07/09,0,133000,-256000,-123000
2012/07/10,0,207000,-372000,-165000
2012/07/11,0,103000,-282000,-179000
2012/07/12,0,274000,-33000,241000
2012/07/13,0,185000,-7000,178000
2012/07/16,0,147000,-16000,131000
2012/07/17,0,35000,-7000,28000
2012/07/18,0,124000,-45000,79000
2012/07/19,0,198000,-43000,155000
2012/07/20,0,235000,-151000,84000
2012/07/23,0,51000,-50000,1000
2012/07/24,0,12000,-84000,-72000
2012/07/25,0,32000,-291000,-259000
2012/07/26,0,16000,-2000,14000
2012/07/27,0,32000,-9000,23000
2012/07/30,0,34000,-1000,33000
2012/07/31,0,48000,-30000,18000
2012/08/01,0,29000,-48000,-19000
2012/08/02,0,0,0,0
2012/08/03,0,0,-2000,-2000
2012/08/06,0,51000,-78000,-27000
2012/08/07,0,12000,-8000,4000
2012/08/08,0,58000,0,58000
2012/08/09,0,51000,0,51000
2012/08/10,0,51000,-21000,30000
2012/08/13,0,280000,-6000,274000
2012/08/14,0,157000,-1000,156000
2012/08/15,0,41000,-47000,-6000
2012/08/16,0,18000,-154000,-136000
2012/08/17,0,56000,0,56000
2012/08/20,0,21000,-6000,15000
2012/08/21,0,64000,0,64000
2012/08/22,0,27000,-1000,26000
2012/08/23,0,14000,0,14000
2012/08/24,0,10000,0,10000
2012/08/27,0,0,-6000,-6000
2012/08/28,0,12000,-3000,9000
2012/08/29,0,36000,-3000,33000
2012/08/30,0,15000,-24000,-9000
2012/08/31,0,18000,-16000,2000
2012/09/03,0,7000,-43000,-36000
2012/09/04,0,29000,-12000,17000
2012/09/05,0,1000,-14000,-13000
2012/09/06,0,65000,-19000,46000
2012/09/07,0,6000,-11000,-5000
2012/09/10,0,35000,-9000,26000
2012/09/11,0,2000,-6000,-4000
2012/09/12,0,15000,-4000,11000
2012/09/13,0,63000,-3000,60000
2012/09/14,0,53000,-28000,25000
2012/09/17,0,8000,-41000,-33000
2012/09/18,0,223000,-8000,215000
2012/09/19,0,91000,-8000,83000
2012/09/20,0,286000,-110000,176000
2012/09/21,0,136000,-17000,119000
2012/09/24,0,64000,-17000,47000
2012/09/25,0,70000,-11000,59000
2012/09/26,0,46000,-27000,19000
2012/09/27,0,192000,-23901,168099
2012/09/28,0,400000,-7000,393000
2012/10/01,0,232000,-17000,215000
2012/10/02,0,155000,-13000,142000
2012/10/03,0,158000,-4000,154000
2012/10/04,0,28000,-7000,21000
2012/10/05,0,44000,0,44000
2012/10/08,0,112000,-53000,59000
2012/10/09,0,273000,-4000,269000
2012/10/10,0,0,0,0
2012/10/11,0,304000,-21000,283000
2012/10/12,0,275000,-48000,227000
2012/10/15,0,242000,-108000,134000
2012/10/16,0,236000,-185000,51000
2012/10/17,0,65000,-58000,7000
2012/10/18,0,42000,-35000,7000
2012/10/19,0,87000,-57000,30000
2012/10/22,0,101000,-57000,44000
2012/10/23,0,63000,-40000,23000
2012/10/24,0,16000,-75000,-59000
2012/10/25,0,58000,-80000,-22000
2012/10/26,0,155000,-88000,67000
2012/10/29,0,90000,-22000,68000
2012/10/30,0,206000,-75000,131000
2012/10/31,0,69000,-41000,28000
2012/11/01,0,313000,-45000,268000
2012/11/02,0,176000,-44000,132000
2012/11/05,0,114000,-84000,30000
2012/11/06,0,136000,-86000,50000
2012/11/07,0,187000,-43000,144000
2012/11/08,0,53000,-143000,-90000
2012/11/09,0,870000,-889500,-19500
2012/11/12,0,158000,-133000,25000
2012/11/13,0,128000,-98000,30000
2012/11/14,0,171000,-171021,-21
2012/11/15,0,97000,-33000,64000
2012/11/16,0,281000,-264000,17000
2012/11/19,0,252000,-83000,169000
2012/11/20,0,109000,-12000,97000
2012/11/21,0,8000,-63000,-55000
2012/11/22,0,3000,-49000,-46000
2012/11/23,0,57000,-46000,11000
2012/11/26,0,213000,-33000,180000
2012/11/27,0,25000,-11000,14000
2012/11/28,0,33000,-27000,6000
2012/11/29,0,93000,-33000,60000
2012/11/30,0,129000,-5000,124000
2012/12/03,0,242000,-74000,168000
2012/12/04,0,87687,-7000,80687
2012/12/05,0,11000,-50000,-39000
2012/12/06,0,47000,-10000,37000
2012/12/07,0,37000,-3000,34000
2012/12/10,0,42000,-9000,33000
2012/12/11,0,21000,-7000,14000
2012/12/12,0,70000,-7000,63000
2012/12/13,0,40000,-83000,-43000
2012/12/14,0,82000,-46555,35445
2012/12/17,0,22000,-147000,-125000
2012/12/18,0,51000,-76000,-25000
2012/12/19,0,223000,-11000,212000
2012/12/20,0,223000,-80000,143000
2012/12/21,0,142000,-223000,-81000
2012/12/24,0,40000,-55000,-15000
2012/12/25,0,27000,-25000,2000
2012/12/26,0,147000,-199000,-52000
2012/12/27,0,17000,-2000,15000
2012/12/28,0,22000,-17000,5000
2012/12/31,0,0,0,0
2013/01/01,0,0,0,0
2013/01/02,0,24000,-1000,23000
2013/01/03,0,37000,0,37000
2013/01/04,0,50000,-60944,-10944
2013/01/07,0,70000,-33000,37000
2013/01/08,0,51000,-25000,26000
2013/01/09,0,219000,-7000,212000
2013/01/10,0,184000,-163000,21000
2013/01/11,0,175000,-18000,157000
2013/01/14,0,234000,-63885,170115
2013/01/15,0,545200,-20000,525200
2013/01/16,0,267000,-39000,228000
2013/01/17,0,328000,-109000,219000
2013/01/18,0,359000,-97000,262000
2013/01/21,0,555000,-10000,545000
2013/01/22,0,294000,-32751,261249
2013/01/23,0,246000,-2000,244000
2013/01/24,0,150000,-38000,112000
2013/01/25,0,163000,-74392,88608
2013/01/28,0,119000,-1000,118000
2013/01/29,0,658000,-27412,630588
2013/01/30,0,551000,-45000,506000
2013/01/31,0,779000,-62047,716953
2013/02/01,0,881000,-389358,491642
2013/02/04,0,273000,-236000,37000
2013/02/05,0,246000,-148000,98000
2013/02/06,0,416000,-266000,150000
2013/02/07,0,0,0,0
2013/02/08,0,0,0,0
2013/02/11,0,0,0,0
2013/02/12,0,0,0,0
2013/02/13,0,0,0,0
2013/02/14,0,0,0,0
2013/02/15,0,0,0,0
2013/02/18,0,242000,-40000,202000
2013/02/19,0,262000,-88000,174000
2013/02/20,0,494000,-64000,430000
2013/02/21,0,117000,-84000,33000
2013/02/22,0,131000,-54000,77000
2013/02/25,0,78000,-36000,42000
2013/02/26,0,79000,-51000,28000
2013/02/27,0,106000,-176000,-70000
2013/02/28,0,0,0,0
2013/03/01,0,46000,-58000,-12000
2013/03/04,0,123000,-151000,-28000
2013/03/05,0,124000,-217000,-93000
2013/03/06,0,264000,-171900,92100
2013/03/07,0,581000,-435031,145969
2013/03/08,0,451000,-3000,448000
2013/03/11,0,1062000,-609000,453000
2013/03/12,0,305000,-51000,254000
2013/03/13,0,275000,-30000,245000
2013/03/14,0,302000,-44000,258000
2013/03/15,0,1615000,-771703,843297
2013/03/18,0,278000,-12000,266000
2013/03/19,0,1257000,-453000,804000
2013/03/20,0,452000,-88033,363967
2013/03/21,0,248000,-7000,241000
2013/03/22,0,305000,-10000,295000
2013/03/25,0,364000,-219000,145000
2013/03/26,0,203000,-42991,160009
2013/03/27,0,216000,-56000,160000
2013/03/28,0,102000,-32000,70000
2013/03/29,0,20000,0,20000
2013/04/01,0,2000,-1000,1000
2013/04/02,0,58000,-21000,37000
2013/04/03,0,128636,-83699,44937
2013/04/04,0,0,0,0
2013/04/05,0,0,0,0
2013/04/08,0,126000,-71000,55000
2013/04/09,0,27000,-100247,-73247
2013/04/10,0,59000,-37000,22000
2013/04/11,0,52000,-41000,11000
2013/04/12,0,102000,-214000,-112000
2013/04/15,0,91000,-14000,77000
2013/04/16,0,96000,-2000,94000
2013/04/17,0,255000,-45535,209465
2013/04/18,0,354000,-420528,-66528
2013/04/19,0,152000,-3000,149000
2013/04/22,0,205000,-37000,168000
2013/04/23,0,192000,-27000,165000
2013/04/24,0,114000,-28000,86000
2013/04/25,0,25000,-151119,-126119
2013/04/26,0,38000,-191000,-153000
2013/04/29,0,26000,-182000,-156000
2013/04/30,0,37000,-16000,21000
2013/05/01,0,0,0,0
2013/05/02,0,78000,-87000,-9000
2013/05/03,0,42000,-97000,-55000
2013/05/06,0,28000,-49000,-21000
2013/05/07,0,286000,-236000,50000
2013/05/08,0,103000,-41211,61789
2013/05/09,0,57422,-16000,41422
2013/05/10,0,62000,0,62000
2013/05/13,0,28000,-31000,-3000
2013/05/14,0,44000,-56000,-12000
2013/05/15,0,132000,-43000,89000
2013/05/16,0,30000,-62000,-32000
2013/05/17,0,256000,-83000,173000
2013/05/20,0,5000,-66000,-61000
2013/05/21,0,92000,-55000,37000
2013/05/22,0,179000,-92000,87000
2013/05/23,0,155000,-51000,104000
2013/05/24,0,30000,-95000,-65000
2013/05/27,0,104000,-3000,101000
2013/05/28,0,43000,-5000,38000
2013/05/29,0,63000,-5000,58000
2013/05/30,0,94000,-41000,53000
2013/05/31,0,77000,-16871,60129
2013/06/03,0,99000,-67000,32000
2013/06/04,0,24000,-48000,-24000
2013/06/05,0,32000,-40000,-8000
2013/06/06,0,29000,-48000,-19000
2013/06/07,0,235000,-68000,167000
2013/06/10,0,27000,-130000,-103000
2013/06/11,0,117000,-170978,-53978
2013/06/12,0,0,0,0
2013/06/13,0,65000,-74000,-9000
2013/06/14,0,20000,-54000,-34000
2013/06/17,0,76000,-92000,-16000
2013/06/18,0,236000,-393782,-157782
2013/06/19,0,115000,-66000,49000
2013/06/20,0,328000,-88000,240000
2013/06/21,0,541000,-470000,71000
2013/06/24,0,92000,-250000,-158000
2013/06/25,0,245000,-152000,93000
2013/06/26,0,115000,-161000,-46000
2013/06/27,0,161000,-331000,-170000
2013/06/28,0,217000,-239000,-22000
2013/07/01,0,263000,-189000,74000
2013/07/02,0,78000,-103523,-25523
2013/07/03,0,114000,-85000,29000
2013/07/04,0,139000,-126000,13000
2013/07/05,0,138000,-85000,53000
2013/07/08,0,142000,-238000,-96000
2013/07/09,0,362000,-289000,73000
2013/07/10,0,458000,-50000,408000
2013/07/11,0,159000,-300000,-141000
2013/07/12,0,145000,-39000,106000
2013/07/15,0,287615,-196000,91615
2013/07/16,0,456000,-207000,249000
2013/07/17,0,242000,-313000,-71000
2013/07/18,0,1114000,-457000,657000
2013/07/19,0,571000,-401000,170000
2013/07/22,0,337000,-519000,-182000
2013/07/23,0,420000,-82000,338000
2013/07/24,0,684000,-109000,575000
2013/07/25,0,600200,-423000,177200
2013/07/26,0,477000,-59000,418000
2013/07/29,0,106000,-27000,79000
2013/07/30,0,299000,-13000,286000
2013/07/31,0,330000,-104827,225173
2013/08/01,0,292000,-99000,193000
2013/08/02,0,196000,-87000,109000
2013/08/05,0,718200,-36000,682200
2013/08/06,0,234000,-101000,133000
2013/08/07,0,146000,-113000,33000
2013/08/08,0,395000,-373000,22000
2013/08/09,0,534000,-36000,498000
2013/08/12,0,91000,-165000,-74000
2013/08/13,0,346000,-16000,330000
2013/08/14,0,284000,-73000,211000
2013/08/15,0,100000,-35000,65000
2013/08/16,0,170000,-55000,115000
2013/08/19,0,153000,-52000,101000
2013/08/20,0,504000,-36000,468000
2013/08/21,0,0,0,0
2013/08/22,0,278000,-77000,201000
2013/08/23,0,367000,-27000,340000
2013/08/26,0,23000,-53000,-30000
2013/08/27,0,107000,-38000,69000
2013/08/28,0,48000,-12000,36000
2013/08/29,0,378000,-66000,312000
2013/08/30,0,184000,-54000,130000
2013/09/02,0,132000,-40000,92000
2013/09/03,0,128000,-67425,60575
2013/09/04,0,23000,-159000,-136000
2013/09/05,0,106000,-87000,19000
2013/09/06,0,92000,-9000,83000
2013/09/09,0,198000,-160000,38000
2013/09/10,0,234000,-184104,49896
2013/09/11,0,118000,-168200,-50200
2013/09/12,0,181000,-148905,32095
2013/09/13,0,342000,-142000,200000
2013/09/16,0,127000,-123000,4000
2013/09/17,0,86000,-167179,-81179
2013/09/18,0,278000,-19000,259000
2013/09/19,0,0,0,0
2013/09/20,0,0,0,0
2013/09/23,0,147000,-185000,-38000
2013/09/24,0,237000,-224000,13000
2013/09/25,0,120000,-42000,78000
2013/09/26,0,132000,-19000,113000
2013/09/27,0,58000,-25000,33000
2013/09/30,0,575000,-133994,441006
2013/10/01,0,141000,-70000,71000
2013/10/02,0,246000,-117523,128477
2013/10/03,0,161000,-36000,125000
2013/10/04,0,140000,-107411,32589
2013/10/07,0,215000,-27000,188000
2013/10/08,0,39000,-64000,-25000
2013/10/09,0,46000,-130000,-84000
2013/10/10,0,0,0,0
2013/10/11,0,209000,-56000,153000
2013/10/14,0,92000,-44000,48000
2013/10/15,0,135000,-101000,34000
2013/10/16,0,165000,-157000,8000
2013/10/17,0,99000,-85000,14000
2013/10/18,0,252000,-153000,99000
2013/10/21,0,79000,-132307,-53307
2013/10/22,0,118000,-338000,-220000
2013/10/23,0,37000,-348000,-311000
2013/10/24,0,160000,-202896,-42896
2013/10/25,0,156000,-52000,104000
2013/10/28,0,116000,-250000,-134000
2013/10/29,0,5000,-50000,-45000
2013/10/30,0,43000,-51105,-8105
2013/10/31,0,39000,-2000,37000
2013/11/01,0,43000,-13000,30000
2013/11/04,0,24000,-130000,-106000
2013/11/05,0,19000,-76000,-57000
2013/11/06,0,65000,-166000,-101000
2013/11/07,0,31000,-79000,-48000
2013/11/08,0,13000,-255000,-242000
2013/11/11,0,34000,-155699,-121699
2013/11/12,0,451000,-456739,-5739
2013/11/13,0,52000,-104301,-52301
2013/11/14,0,177000,-174816,2184
2013/11/15,0,50000,-307000,-257000
2013/11/18,0,134000,-166000,-32000
2013/11/19,0,80000,-153000,-73000
2013/11/20,0,23000,-253000,-230000
2013/11/21,0,64000,-75000,-11000
2013/11/22,0,35000,-31000,4000
2013/11/25,0,46000,-5000,41000
2013/11/26,0,150000,-152000,-2000
2013/11/27,0,21000,-99000,-78000
2013/11/28,0,41000,-193000,-152000
2013/11/29,0,14000,-35000,-21000
2013/12/02,0,95000,-58000,37000
2013/12/03,0,107000,-168000,-61000
2013/12/04,0,188142,-33000,155142
2013/12/05,0,44000,-257000,-213000
2013/12/06,0,19000,-253184,-234184
2013/12/09,0,67000,-395000,-328000
2013/12/10,0,122000,-192000,-70000
2013/12/11,0,16000,-600000,-584000
2013/12/12,0,248000,-308000,-60000
2013/12/13,0,16000,-36000,-20000
2013/12/16,0,46001,-182358,-136357
2013/12/17,0,26000,-467000,-441000
2013/12/18,0,81000,-30000,51000
2013/12/19,0,50000,-87000,-37000
2013/12/20,0,60000,-105000,-45000
2013/12/23,0,5000,-69000,-64000
2013/12/24,0,4000,-36000,-32000
2013/12/25,0,14000,-120000,-106000
2013/12/26,0,8000,-245000,-237000
2013/12/27,0,26000,-127000,-101000
2013/12/30,0,29000,-72000,-43000
2013/12/31,0,83000,-101000,-18000
2014/01/02,0,154000,-179000,-25000
2014/01/03,0,197000,-163000,34000
2014/01/06,0,329000,-292000,37000
2014/01/07,0,39000,-169000,-130000
2014/01/08,0,23000,-129000,-106000
2014/01/09,0,17000,-81000,-64000
2014/01/10,0,22000,-117000,-95000
2014/01/13,0,30000,-60000,-30000
2014/01/14,0,38000,-240000,-202000
2014/01/15,0,19000,-173000,-154000
2014/01/16,0,2000,-221539,-219539
2014/01/17,0,196000,-116000,80000
2014/01/20,0,39000,-220000,-181000
2014/01/21,0,0,-88215,-88215
2014/01/22,0,7000,-52000,-45000
2014/01/23,0,15000,-144000,-129000
2014/01/24,0,32000,-89000,-57000
2014/01/27,0,121000,-184098,-63098
2014/02/05,0,115000,-466932,-351932
2014/02/06,0,10000,-120400,-110400
2014/02/07,0,27000,-136000,-109000
2014/02/10,0,31000,-27000,4000
2014/02/11,0,111000,-247589,-136589
2014/02/12,0,61000,-218000,-157000
2014/02/13,0,45000,-129693,-84693
2014/02/14,0,57000,-174020,-117020
2014/02/17,0,71000,-80000,-9000
2014/02/18,0,12000,-109370,-97370
2014/02/19,0,43000,-7000,36000
2014/02/20,0,10000,-236425,-226425
2014/02/21,0,87000,-72000,15000
2014/02/24,0,29000,-34000,-5000
2014/02/25,0,49000,-304000,-255000
2014/02/26,0,58000,-116934,-58934
2014/02/27,0,314000,-7000,307000
2014/03/03,0,168000,-93000,75000
2014/03/04,0,109000,-101000,8000
2014/03/05,0,47000,-65000,-18000
2014/03/06,0,79000,-119000,-40000
2014/03/07,0,22000,-115000,-93000
2014/03/10,0,42000,-117000,-75000
2014/03/11,0,164000,-96000,68000
2014/03/12,0,466000,-149000,317000
2014/03/13,0,126000,-46000,80000
2014/03/14,0,192000,-42000,150000
2014/03/17,0,123000,-11000,112000
2014/03/18,0,171593,-99000,72593
2014/03/19,0,103000,-120000,-17000
2014/03/20,0,124000,-320000,-196000
2014/03/21,0,55000,-247000,-192000
2014/03/24,0,140001,-22000,118001
2014/03/25,0,41000,-27000,14000
2014/03/26,0,218000,-15009,202991
2014/03/27,0,15000,-10000,5000
2014/03/28,0,76000,-32000,44000
2014/03/31,0,58000,-150130,-92130
2014/04/01,0,425000,-198000,227000
2014/04/02,0,178000,-122000,56000
2014/04/03,0,140000,-99981,40019
2014/04/07,0,159000,-30000,129000
2014/04/08,0,65000,-88000,-23000
2014/04/09,0,48000,-67000,-19000
2014/04/10,0,178000,-157000,21000
2014/04/11,0,406000,-17000,389000
2014/04/14,0,194000,-39000,155000
2014/04/15,0,307000,-70000,237000
2014/04/16,0,406000,-49000,357000
2014/04/17,0,545000,-35000,510000
2014/04/18,0,10000,-12000,-2000
2014/04/21,0,9000,-16000,-7000
2014/04/22,0,214000,-4000,210000
2014/04/23,0,411000,-168000,243000
2014/04/24,0,405000,-150000,255000
2014/04/25,0,147000,-113000,34000
2014/04/28,0,93000,-212000,-119000
2014/04/29,0,297000,-305000,-8000
2014/04/30,0,410000,-128000,282000
2014/05/02,0,61000,-3000,58000
2014/05/05,0,110000,-40000,70000
2014/05/06,0,14000,-5000,9000
2014/05/07,0,87000,-20000,67000
2014/05/08,0,57000,-67240,-10240
2014/05/09,0,54000,-321900,-267900
2014/05/12,0,28000,-20000,8000
2014/05/13,0,52000,-14000,38000
2014/05/14,0,19000,-25019,-6019
2014/05/15,0,33000,-58000,-25000
2014/05/16,0,104000,-139181,-35181
2014/05/19,0,172000,-32000,140000
2014/05/20,0,16788,-151999,-135211
2014/05/21,0,59000,-302000,-243000
2014/05/22,0,120000,-161000,-41000
2014/05/23,0,131000,-152000,-21000
2014/05/26,0,93000,-7000,86000
2014/05/27,0,372000,-108000,264000
2014/05/28,0,854000,-211000,643000
2014/05/29,0,46000,-298780,-252780
2014/05/30,0,175000,-147000,28000
2014/06/03,0,142000,-7780,134220
2014/06/04,0,108000,-222000,-114000
2014/06/05,0,214000,-165000,49000
2014/06/06,0,236000,-1000,235000
2014/06/09,0,375000,-30000,345000
2014/06/10,0,218631,-89300,129331
2014/06/11,0,363000,-202310,160690
2014/06/12,0,625000,-232000,393000
2014/06/13,0,589000,-174000,415000
2014/06/16,0,522000,-59000,463000
2014/06/17,0,1057000,-93659,963341
2014/06/18,0,1513300,-155000,1358300
2014/06/19,0,812300,-28000,784300
2014/06/20,0,432000,-86000,346000
2014/06/23,0,517000,-28000,489000
2014/06/24,0,169000,-378000,-209000
2014/06/25,0,521000,-115803,405197
2014/06/26,0,407000,-454000,-47000
2014/06/27,0,114000,-61000,53000
2014/06/30,0,259000,-109000,150000
2014/07/01,0,178000,-100000,78000
2014/07/02,0,458000,-87070,370930
2014/07/03,0,115000,-110000,5000
2014/07/04,0,133400,-182000,-48600
2014/07/07,0,81000,-135000,-54000
2014/07/08,0,73000,-33000,40000
2014/07/09,0,50000,-109000,-59000
2014/07/10,0,178000,-134014,43986
2014/07/11,0,357000,-184000,173000
2014/07/14,0,130000,-135000,-5000
2014/07/15,0,430000,-198000,232000
2014/07/16,0,246000,-128000,118000
2014/07/17,0,95000,-110000,-15000
2014/07/18,0,226000,-92000,134000
2014/07/21,0,72000,-163169,-91169
2014/07/22,0,338000,-55000,283000
2014/07/23,0,0,0,0
2014/07/24,0,490000,-114000,376000
2014/07/25,0,49000,-60934,-11934
2014/07/28,0,124713,-200000,-75287
2014/07/29,0,268000,-109000,159000
2014/07/30,0,64000,-33000,31000
2014/07/31,0,187000,-35000,152000
2014/08/01,0,170000,-177000,-7000
2014/08/04,0,210000,-270000,-60000
2014/08/05,0,52000,-98794,-46794
2014/08/06,0,79000,-142710,-63710
2014/08/07,0,122000,-424462,-302462
2014/08/08,0,131000,-152000,-21000
2014/08/11,0,396000,-174661,221339
2014/08/12,0,539000,-265000,274000
2014/08/13,0,465000,-372000,93000
2014/08/14,0,112000,-121649,-9649
2014/08/15,0,55000,-73000,-18000
2014/08/18,0,34000,-77000,-43000
2014/08/19,0,77000,-273910,-196910
2014/08/20,0,79000,-83000,-4000
2014/08/21,0,15000,-102000,-87000
2014/08/22,0,316000,-102000,214000
2014/08/25,0,190000,-51200,138800
2014/08/26,0,24000,-88800,-64800
2014/08/27,0,146000,-44000,102000
2014/08/28,0,65000,-70409,-5409
2014/08/29,0,125000,-44000,81000
2014/09/01,0,80000,-73000,7000
2014/09/02,0,37000,-70000,-33000
2014/09/03,0,22000,-63610,-41610
2014/09/04,0,34000,-47000,-13000
2014/09/05,0,66000,-33000,33000
2014/09/09,0,45069,-58069,-13000
2014/09/10,0,34000,-81000,-47000
2014/09/11,0,51000,-257287,-206287
2014/09/12,0,29000,-44000,-15000
2014/09/15,0,14000,-41483,-27483
2014/09/16,0,58000,-131000,-73000
2014/09/17,0,108000,-149000,-41000
2014/09/18,0,8000,-114727,-106727
2014/09/19,0,196000,-627750,-431750
2014/09/22,0,8000,-694345,-686345
2014/09/23,0,41000,-295000,-254000
2014/09/24,0,139000,-418000,-279000
2014/09/25,0,23000,-326000,-303000
2014/09/26,0,196000,-73000,123000
2014/09/29,0,90200,-293000,-202800
2014/09/30,0,243000,-479000,-236000
2014/10/01,0,73590,-33000,40590
2014/10/02,0,44000,-38000,6000
2014/10/03,0,33000,-283000,-250000
2014/10/06,0,50000,-218000,-168000
2014/10/07,0,107000,-161000,-54000
2014/10/08,0,159000,-249000,-90000
2014/10/09,0,78000,-102000,-24000
2014/10/13,0,68000,-293000,-225000
2014/10/14,0,132000,-279000,-147000
2014/10/15,0,100000,-265000,-165000
2014/10/16,0,84000,-275838,-191838
2014/10/17,0,382000,-644000,-262000
2014/10/20,0,137700,-400753,-263053
2014/10/21,0,41000,-328325,-287325
2014/10/22,0,90000,-483664,-393664
2014/10/23,0,52000,-638000,-586000
2014/10/24,0,90000,-210000,-120000
2014/10/27,0,79000,-171440,-92440
2014/10/28,0,194000,-785700,-591700
2014/10/29,0,182000,-748000,-566000
2014/10/30,0,454000,-444000,10000
2014/10/31,0,727400,-606400,121000
2014/11/03,0,331490,-489000,-157510
2014/11/04,0,224000,-317000,-93000
2014/11/05,0,43000,-263029,-220029
2014/11/06,0,130000,-198000,-68000
2014/11/07,0,101000,-223225,-122225
2014/11/10,0,476000,-399000,77000
2014/11/11,0,73000,-203000,-130000
2014/11/12,0,60000,-267351,-207351
2014/11/13,0,119000,-149000,-30000
2014/11/14,0,79000,-142797,-63797
2014/11/17,0,9000,-228000,-219000
2014/11/18,0,72000,-554897,-482897
2014/11/19,0,83000,-640000,-557000
2014/11/20,0,102000,-314375,-212375
2014/11/21,0,67000,-359000,-292000
2014/11/24,0,37000,-216000,-179000
2014/11/25,0,47000,-236183,-189183
2014/11/26,0,109000,-305405,-196405
2014/11/27,0,31000,-426000,-395000
2014/11/28,0,24000,-134984,-110984
2014/12/01,0,14000,-283000,-269000
2014/12/02,0,29000,-177000,-148000
2014/12/03,0,78000,-378000,-300000
2014/12/04,0,20000,-157540,-137540
2014/12/05,0,48000,-78000,-30000
2014/12/08,0,18000,-131000,-113000
2014/12/09,0,9000,-221000,-212000
2014/12/10,0,9200,-384277,-375077
2014/12/11,0,38000,-314000,-276000
2014/12/12,0,34000,-349000,-315000
2014/12/15,0,63000,-205000,-142000
2014/12/16,0,54000,-675000,-621000
2014/12/17,0,35000,-498000,-463000
2014/12/18,0,205000,-427000,-222000
2014/12/19,0,227000,-365000,-138000
2014/12/22,0,177000,-293000,-116000
2014/12/23,0,34000,-135000,-101000
2014/12/24,0,57000,-292000,-235000
2014/12/25,0,8000,-116000,-108000
2014/12/26,0,55000,-131000,-76000
2014/12/29,0,127000,-345000,-218000
2014/12/30,0,55000,-216000,-161000
2014/12/31,0,175000,-494000,-319000
2015/01/01,0,0,0,0
2015/01/02,0,0,0,0
2015/01/05,0,71000,-266000,-195000
2015/01/06,0,278000,-83000,195000
2015/01/07,0,170000,-246000,-76000
2015/01/08,0,94000,-42000,52000
2015/01/09,0,159000,-45300,113700
2015/01/12,0,19000,-108000,-89000
2015/01/13,0,153000,-36000,117000
2015/01/14,0,98000,-121000,-23000
2015/01/15,0,33000,-16000,17000
2015/01/16,0,86415,-187000,-100585
2015/01/19,0,86449,-136000,-49551
2015/01/20,0,145448,-190000,-44552
2015/01/21,0,95449,-129000,-33551
2015/01/22,0,45425,-47000,-1575
2015/01/23,0,190000,-226653,-36653
2015/01/26,0,7000,-152000,-145000
2015/01/27,0,163000,-218000,-55000
2015/01/28,0,39231,-31000,8231
2015/01/29,0,55000,-47000,8000
2015/01/30,0,23000,-63000,-40000
2015/02/02,0,51000,-98316,-47316
2015/02/03,0,89000,-5000,84000
2015/02/04,0,93000,-75000,18000
2015/02/05,0,60000,-167000,-107000
2015/02/06,0,108000,-229000,-121000
2015/02/09,0,22000,-493000,-471000
2015/02/10,0,35000,-407000,-372000
2015/02/11,0,119001,-191000,-71999
2015/02/12,0,84000,-196000,-112000
2015/02/13,0,18000,-134000,-116000
2015/02/16,0,0,0,0
2015/02/17,0,0,0,0
2015/02/18,0,0,0,0
2015/02/19,0,0,0,0
2015/02/20,0,0,0,0
2015/02/23,0,0,0,0
2015/02/24,0,180000,-94000,86000
2015/02/25,0,390000,-427000,-37000
2015/02/26,0,96000,-268000,-172000
2015/02/27,0,0,0,0
2015/03/02,0,66000,-166000,-100000
2015/03/03,0,6000,-174000,-168000
2015/03/04,0,123000,-121000,2000
2015/03/05,0,14000,-16000,-2000
2015/03/06,0,1000,-157000,-156000
2015/03/09,0,13000,-15000,-2000
2015/03/10,0,38000,-385000,-347000
2015/03/11,0,11000,-169000,-158000
2015/03/12,0,20144,-463000,-442856
2015/03/13,0,3000,-133000,-130000
2015/03/16,0,134000,-238845,-104845
2015/03/17,0,36000,-182000,-146000
2015/03/18,0,108000,-220828,-112828
2015/03/19,0,149000,-384000,-235000
2015/03/20,0,40000,-380000,-340000
2015/03/23,0,39000,-276000,-237000
2015/03/24,0,2000,-226000,-224000
2015/03/25,0,26000,-220000,-194000
2015/03/26,0,117000,-251500,-134500
2015/03/27,0,56000,-413000,-357000
2015/03/30,0,44000,-280000,-236000
2015/03/31,0,66000,-434000,-368000
2015/04/01,0,16000,-172561,-156561
2015/04/02,0,24000,-208000,-184000
2015/04/03,0,0,0,0
2015/04/06,0,0,0,0
2015/04/07,0,132000,-37000,95000
2015/04/08,0,984000,-166500,817500
2015/04/09,0,141000,-103000,38000
2015/04/10,0,109000,-103000,6000
2015/04/13,0,57000,-62000,-5000
2015/04/14,0,37000,-172000,-135000
2015/04/15,0,85000,-144000,-59000
2015/04/16,0,234000,-182000,52000
2015/04/17,0,85000,-115133,-30133
2015/04/20,0,29000,-191000,-162000
2015/04/21,0,34000,-179000,-145000
2015/04/22,0,78000,-220000,-142000
2015/04/23,0,156000,-138833,17167
2015/04/24,0,332000,-163000,169000
2015/04/27,0,110000,-46000,64000
2015/04/28,0,145000,-91000,54000
2015/04/29,0,111000,-98000,13000
2015/04/30,0,108000,-130000,-22000
2015/05/01,0,0,0,0
2015/05/04,0,20000,-154000,-134000
2015/05/05,0,27000,-61000,-34000
2015/05/06,0,61000,-178000,-117000
2015/05/07,0,313000,-150000,163000
2015/05/08,0,273000,-114000,159000
2015/05/11,0,305000,-156000,149000
2015/05/12,0,100000,-87000,13000
2015/05/13,0,11000,-67500,-56500
2015/05/14,0,97000,-90000,7000
2015/05/15,0,39000,-382000,-343000
2015/05/18,0,78000,-210000,-132000
2015/05/19,0,38000,-88000,-50000
2015/05/20,0,160000,-220000,-60000
2015/05/21,0,60000,-71000,-11000
2015/05/22,0,65000,-37000,28000
2015/05/25,0,44000,-76000,-32000
2015/05/26,0,65000,-42000,23000
2015/05/27,0,175000,-132000,43000
2015/05/28,0,91000,-422000,-331000
2015/05/29,0,174000,-153000,21000
2015/06/01,0,108000,-77000,31000
2015/06/02,0,141000,-121000,20000
2015/06/03,0,60000,-367000,-307000
2015/06/04,0,52000,-142000,-90000
2015/06/05,0,78000,-203000,-125000
2015/06/08,0,287000,-168000,119000
2015/06/09,0,56000,-149000,-93000
2015/06/10,0,48000,-269000,-221000
2015/06/11,0,259000,-306000,-47000
2015/06/12,0,165000,-236000,-71000
2015/06/15,0,107000,-13000,94000
2015/06/16,0,32000,-83000,-51000
2015/06/17,0,90000,-159000,-69000
2015/06/18,0,100000,-39000,61000
2015/06/19,0,0,0,0
2015/06/22,0,203000,-67000,136000
2015/06/23,0,182120,-24000,158120
2015/06/24,0,106000,-49000,57000
2015/06/25,0,190000,-103000,87000
2015/06/26,0,110000,-131000,-21000
2015/06/29,0,206000,-149000,57000
2015/06/30,0,172000,-403000,-231000
2015/07/01,0,145000,-242000,-97000
2015/07/02,0,162000,-442000,-280000
2015/07/03,0,103000,-339000,-236000
2015/07/06,0,116000,-224000,-108000
2015/07/07,0,113000,-575200,-462200
2015/07/08,0,325000,-586000,-261000
2015/07/09,0,120000,-531000,-411000
2015/07/10,0,0,0,0
2015/07/13,0,60000,-203000,-143000
2015/07/14,0,155000,-284000,-129000
2015/07/15,0,40000,-192000,-152000
2015/07/16,0,44000,-306821,-262821
2015/07/17,0,18000,-122000,-104000
2015/07/20,0,102000,-201000,-99000
2015/07/21,0,54000,-86000,-32000
2015/07/22,0,57000,-118000,-61000
2015/07/23,0,28000,-216000,-188000
2015/07/24,0,18000,-82000,-64000
2015/07/27,0,75000,-223000,-148000
2015/07/28,0,136000,-300000,-164000
2015/07/29,0,128000,-371000,-243000
2015/07/30,0,143000,-317000,-174000
2015/07/31,0,207000,-422000,-215000
2015/08/03,0,247000,-232000,15000
2015/08/04,0,102000,-534000,-432000
2015/08/05,0,201000,-392000,-191000
2015/08/06,0,143000,-236000,-93000
2015/08/07,0,157000,-283000,-126000
2015/08/10,0,106000,-172000,-66000
2015/08/11,0,171100,-181000,-9900
2015/08/12,0,176000,-217000,-41000
2015/08/13,0,121000,-248001,-127001
2015/08/14,0,38000,-158000,-120000
2015/08/17,0,130000,-167000,-37000
2015/08/18,0,113000,-354000,-241000
2015/08/19,0,180000,-243000,-63000
2015/08/20,0,255000,-329000,-74000
2015/08/21,0,150000,-156000,-6000
2015/08/24,0,210000,-238000,-28000
2015/08/25,0,307600,-343000,-35400
2015/08/26,0,325000,-270000,55000
2015/08/27,0,93000,-408000,-315000
2015/08/28,0,25000,-163000,-138000
2015/08/31,0,66000,-256463,-190463
2015/09/01,0,140000,-205000,-65000
2015/09/02,0,91000,-64000,27000
2015/09/03,0,115000,-96000,19000
2015/09/04,0,17000,-165000,-148000
2015/09/07,0,4000,-104000,-100000
2015/09/08,0,0,-131999,-131999
2015/09/09,0,65000,-475000,-410000
2015/09/10,0,135000,-160000,-25000
2015/09/11,0,251000,-200000,51000
2015/09/14,0,5000,-236000,-231000
2015/09/15,0,22000,-73000,-51000
2015/09/16,0,13000,-161000,-148000
2015/09/17,0,31000,-62000,-31000
2015/09/18,0,39000,-168000,-129000
2015/09/21,0,15000,-180000,-165000
2015/09/22,0,14000,-172000,-158000
2015/09/23,0,1000,-100000,-99000
2015/09/24,0,37000,-100000,-63000
2015/09/25,0,28000,-85000,-57000
2015/09/28,0,0,0,0
2015/09/29,0,0,0,0
2015/09/30,0,14000,-51000,-37000
2015/10/01,0,29000,-39000,-10000
2015/10/02,0,17000,-28000,-11000
2015/10/05,0,48000,-61000,-13000
2015/10/06,0,23000,-50000,-27000
2015/10/07,0,37000,-142856,-105856
2015/10/08,0,62000,-70000,-8000
2015/10/09,0,0,0,0
2015/10/12,0,145000,-29000,116000
2015/10/13,0,69000,-116000,-47000
2015/10/14,0,52000,-12000,40000
2015/10/15,0,482000,-18000,464000
2015/10/16,0,507000,-752000,-245000
2015/10/19,0,248000,-252000,-4000
2015/10/20,0,164200,-152000,12200
2015/10/21,0,200100,-98600,101500
2015/10/22,0,20000,-161700,-141700
2015/10/23,0,18000,-112000,-94000
2015/10/26,0,160000,-37000,123000
2015/10/27,0,29000,-72000,-43000
2015/10/28,0,29000,-35000,-6000
2015/10/29,0,15000,-42000,-27000
2015/10/30,0,26000,-174000,-148000
2015/11/02,0,102000,-217000,-115000
2015/11/03,0,136000,-147000,-11000
2015/11/04,0,101000,-142000,-41000
2015/11/05,0,82000,-68000,14000
2015/11/06,0,0,-142000,-142000
2015/11/09,0,55000,-163000,-108000
2015/11/10,0,134000,-204000,-70000
2015/11/11,0,35000,-148000,-113000
2015/11/12,0,60000,-76000,-16000
2015/11/13,0,54000,-166000,-112000
2015/11/16,0,120000,-166000,-46000
2015/11/17,0,53617,-156000,-102383
2015/11/18,0,56000,-264000,-208000
2015/11/19,0,74000,-121000,-47000
2015/11/20,0,29000,-72000,-43000
2015/11/23,0,50000,-66000,-16000
2015/11/24,0,63000,-65000,-2000
2015/11/25,0,40000,-206000,-166000
2015/11/26,0,77500,-193000,-115500
2015/11/27,0,28000,-75000,-47000
2015/11/30,0,52000,-225000,-173000
2015/12/01,0,32000,-344627,-312627
2015/12/02,0,35000,-414000,-379000
2015/12/03,0,27000,-164000,-137000
2015/12/04,0,81000,-253000,-172000
2015/12/07,0,16000,-44000,-28000
2015/12/08,0,38000,-96000,-58000
2015/12/09,0,36000,-154000,-118000
2015/12/10,0,50000,-163000,-113000
2015/12/11,0,42000,-129865,-87865
2015/12/14,0,128000,-93000,35000
2015/12/15,0,33000,-63000,-30000
2015/12/16,0,39000,-67000,-28000
2015/12/17,0,99000,-10000,89000
2015/12/18,0,143000,-355000,-212000
2015/12/21,0,44000,-166000,-122000
2015/12/22,0,14000,-87000,-73000
2015/12/23,0,15000,-32000,-17000
2015/12/24,0,4000,-25000,-21000
2015/12/25,0,8000,-20000,-12000
2015/12/28,0,95000,-30000,65000
2015/12/29,0,18000,-39000,-21000
2015/12/30,0,11000,-16000,-5000
2015/12/31,0,23000,-15000,8000
2016/01/01,0,0,0,0
2016/01/04,0,31000,-65000,-34000
2016/01/05,0,33000,-79000,-46000
2016/01/06,0,46000,-46400,-400
2016/01/07,0,60000,-86000,-26000
2016/01/08,0,66000,-31000,35000
2016/01/11,0,15000,-37000,-22000
2016/01/12,0,7000,-35000,-28000
2016/01/13,0,10000,-15000,-5000
2016/01/14,0,49000,-93000,-44000
2016/01/15,0,37000,-28000,9000
2016/01/18,0,91000,-43000,48000
2016/01/19,0,59000,-26000,33000
2016/01/20,0,35000,-41000,-6000
2016/01/21,0,66000,-91000,-25000
2016/01/22,0,22000,-32000,-10000
2016/01/25,0,58000,-27000,31000
2016/01/26,0,16000,-110000,-94000
2016/01/27,0,46000,-99000,-53000
2016/01/28,0,214000,-88000,126000
2016/01/29,0,263000,-124000,139000
2016/02/01,0,64000,-22000,42000
2016/02/02,0,76000,-81000,-5000
2016/02/03,0,26000,-87000,-61000
2016/02/04,0,0,0,0
2016/02/05,0,0,0,0
2016/02/08,0,0,0,0
2016/02/09,0,0,0,0
2016/02/10,0,0,0,0
2016/02/11,0,0,0,0
2016/02/12,0,0,0,0
2016/02/15,0,21000,-55000,-34000
2016/02/16,0,43000,-17000,26000
2016/02/17,0,32000,-26000,6000
2016/02/18,0,269000,-22000,247000
2016/02/19,0,50000,-28000,22000
2016/02/22,0,73000,-25000,48000
2016/02/23,0,44000,-30000,14000
2016/02/24,0,53000,-44000,9000
2016/02/25,0,62000,-73000,-11000
2016/02/26,0,55000,-46000,9000
2016/02/29,0,0,0,0
2016/03/01,0,62000,-142000,-80000
2016/03/02,0,74000,-37000,37000
2016/03/03,0,46000,-6000,40000
2016/03/04,0,202000,-31000,171000
2016/03/07,0,109700,-64000,45700
2016/03/08,0,33000,-81092,-48092
2016/03/09,0,13000,-111000,-98000
2016/03/10,0,48000,-37000,11000
2016/03/11,0,40000,-101000,-61000
2016/03/14,0,112000,-174000,-62000
2016/03/15,0,37000,-107000,-70000
2016/03/16,0,98000,-10000,88000
2016/03/17,0,18000,-61000,-43000
2016/03/18,0,244000,-36000,208000
2016/03/21,0,149000,-28000,121000
2016/03/22,0,98000,-51000,47000
2016/03/23,0,16000,-129000,-113000
2016/03/24,0,46000,-185000,-139000
2016/03/25,0,10000,-89000,-79000
2016/03/28,0,5000,-72000,-67000
2016/03/29,0,155000,-109000,46000
2016/03/30,0,1000,-144000,-143000
2016/03/31,0,170000,-186000,-16000
2016/04/01,0,13000,-39000,-26000
2016/04/04,0,0,0,0
2016/04/05,0,0,0,0
2016/04/06,0,41000,-173000,-132000
2016/04/07,0,46000,-110000,-64000
2016/04/08,0,12000,-54000,-42000
2016/04/11,0,10000,-78000,-68000
2016/04/12,0,177000,-250000,-73000
2016/04/13,0,26000,-124000,-98000
2016/04/14,0,15000,-66000,-51000
2016/04/15,0,44000,-164000,-120000
2016/04/18,0,64000,-216000,-152000
2016/04/19,0,112000,-214000,-102000
2016/04/20,0,23000,-81000,-58000
2016/04/21,0,10000,-163000,-153000
2016/04/22,0,2000,-82000,-80000
2016/04/25,0,12000,-136000,-124000
2016/04/26,0,6000,-117000,-111000
2016/04/27,0,16000,-106000,-90000
2016/04/28,0,2000,-54000,-52000
2016/04/29,0,5000,-55000,-50000
2016/05/02,0,0,0,0
2016/05/03,0,40000,-101000,-61000
2016/05/04,0,76000,-123000,-47000
2016/05/05,0,91000,-114000,-23000
2016/05/06,0,27000,-63000,-36000
2016/05/09,0,4000,-61000,-57000
2016/05/10,0,12000,-137000,-125000
2016/05/11,0,84000,-62000,22000
2016/05/12,0,145600,-105000,40600
2016/05/13,0,185000,-88000,97000
2016/05/16,0,55000,-83000,-28000
2016/05/17,0,46000,-57000,-11000
2016/05/18,0,76000,-39000,37000
2016/05/19,0,55000,-81000,-26000
2016/05/20,0,28000,-55135,-27135
2016/05/23,0,109000,-134000,-25000
2016/05/24,0,26000,-25000,1000
2016/05/25,0,26000,-38000,-12000
2016/05/26,0,42000,-57000,-15000
2016/05/27,0,26000,-80000,-54000
2016/05/30,0,18000,-44000,-26000
2016/05/31,0,77000,-126500,-49500
2016/06/01,0,93000,-59000,34000
2016/06/02,0,75000,-57000,18000
2016/06/03,0,132000,-163000,-31000
2016/06/06,0,37000,-51000,-14000
2016/06/07,0,51000,-56000,-5000
2016/06/08,0,51000,-63000,-12000
2016/06/09,0,0,0,0
2016/06/10,0,0,0,0
2016/06/13,0,55000,-223000,-168000
2016/06/14,0,59000,-135000,-76000
2016/06/15,0,38000,-133000,-95000
2016/06/16,0,48000,-135000,-87000
2016/06/17,0,66000,-160000,-94000
2016/06/20,0,82000,-89000,-7000
2016/06/21,0,72000,-139000,-67000
2016/06/22,0,24000,-48000,-24000
2016/06/23,0,83000,-168000,-85000
2016/06/24,0,56000,-284000,-228000
2016/06/27,0,32000,-102000,-70000
2016/06/28,0,113000,-223000,-110000
2016/06/29,0,161000,-92000,69000
2016/06/30,0,37000,-158000,-121000
2016/07/01,0,113000,-128000,-15000
2016/07/04,0,76000,-142000,-66000
2016/07/05,0,16000,-41000,-25000
2016/07/06,0,108000,-94000,14000
2016/07/07,0,61000,-106000,-45000
2016/07/08,0,0,0,0
2016/07/11,0,67000,-203713,-136713
2016/07/12,0,61000,-186300,-125300
2016/07/13,0,60000,-127000,-67000
2016/07/14,0,60000,-322100,-262100
2016/07/15,0,179000,-528000,-349000
2016/07/18,0,169000,-336000,-167000
2016/07/19,0,197000,-125000,72000
2016/07/20,0,119000,-88000,31000
2016/07/21,0,224000,-123000,101000
2016/07/22,0,253000,-134000,119000
2016/07/25,0,134000,-128000,6000
2016/07/26,0,143000,-106000,37000
2016/07/27,0,87000,-102000,-15000
2016/07/28,0,129000,-77000,52000
2016/07/29,0,44000,-70000,-26000
2016/08/01,0,45000,-90000,-45000
2016/08/02,0,111000,-204000,-93000
2016/08/03,0,226000,-350000,-124000
2016/08/04,0,103000,-112000,-9000
2016/08/05,0,51000,-147000,-96000
2016/08/08,0,4000,-310000,-306000
2016/08/09,0,28000,-384000,-356000
2016/08/10,0,49000,-504000,-455000
2016/08/11,0,74000,-250400,-176400
2016/08/12,0,80000,-127000,-47000
2016/08/15,0,59000,-322000,-263000
2016/08/16,0,11000,-46000,-35000
2016/08/17,0,36775,-112000,-75225
2016/08/18,0,4000,-32000,-28000
2016/08/19,0,21000,-90775,-69775
2016/08/22,0,46000,-194000,-148000
2016/08/23,0,12000,-63000,-51000
2016/08/24,0,26000,-75000,-49000
2016/08/25,0,55000,-80000,-25000
2016/08/26,0,21000,-140000,-119000
2016/08/29,0,20000,-59000,-39000
2016/08/30,0,23000,-89000,-66000
2016/08/31,0,81000,-121000,-40000
2016/09/01,0,27000,-208000,-181000
2016/09/02,0,77000,-215000,-138000
2016/09/05,0,104000,-643000,-539000
2016/09/06,0,687000,-229000,458000
2016/09/07,0,137000,-195000,-58000
2016/09/08,0,256000,-291000,-35000
2016/09/09,0,109000,-57000,52000
2016/09/12,0,46000,-124000,-78000
2016/09/13,0,320000,-182000,138000
2016/09/14,0,509000,-177000,332000
2016/09/15,0,0,0,0
2016/09/16,0,0,0,0
2016/09/19,0,163000,-258000,-95000
2016/09/20,0,187000,-215000,-28000
2016/09/21,0,143000,-214000,-71000
2016/09/22,0,102000,-238000,-136000
2016/09/23,0,79000,-180000,-101000
2016/09/26,0,71000,-156000,-85000
2016/09/27,0,0,0,0
2016/09/28,0,0,0,0
2016/09/29,0,57000,-175908,-118908
2016/09/30,0,62000,-159000,-97000
2016/10/03,0,33000,-210000,-177000
2016/10/04,0,81000,-129000,-48000
2016/10/05,0,108000,-31000,77000
2016/10/06,0,329000,-48000,281000
2016/10/07,0,75000,-109000,-34000
2016/10/10,0,0,0,0
2016/10/11,0,134000,-90000,44000
2016/10/12,0,135000,-88000,47000
2016/10/13,0,86000,-194700,-108700
2016/10/14,0,14000,-94400,-80400
2016/10/17,0,38000,-75000,-37000
2016/10/18,0,91000,-68100,22900
2016/10/19,0,173000,-265000,-92000
2016/10/20,0,91000,-111000,-20000
2016/10/21,0,465000,-487000,-22000
2016/10/24,0,71000,-122000,-51000
2016/10/25,0,44000,-127000,-83000
2016/10/26,0,62000,-63000,-1000
2016/10/27,0,96000,-113000,-17000
2016/10/28,0,70000,-91000,-21000
2016/10/31,0,23000,-18000,5000
2016/11/01,0,20000,-39000,-19000
2016/11/02,0,25000,-65000,-40000
2016/11/03,0,53000,-24000,29000
2016/11/04,0,5000,-27000,-22000
2016/11/07,0,22000,-35000,-13000
2016/11/08,0,20000,-37000,-17000
2016/11/09,0,26000,-106000,-80000
2016/11/10,0,26000,-41000,-15000
2016/11/11,0,111000,-79000,32000
2016/11/14,0,58000,-16000,42000
2016/11/15,0,98000,-69000,29000
2016/11/16,0,95000,-31000,64000
2016/11/17,0,39000,-24000,15000
2016/11/18,0,55000,-43000,12000
2016/11/21,0,44000,-20000,24000
2016/11/22,0,105000,-57000,48000
2016/11/23,0,55000,-26000,29000
2016/11/24,0,26000,-28000,-2000
2016/11/25,0,58000,-14000,44000
2016/11/28,0,207000,-9000,198000
2016/11/29,0,151000,-80000,71000
2016/11/30,0,64000,-74000,-10000
2016/12/01,0,802000,-56000,746000
2016/12/02,0,159383,-100000,59383
2016/12/05,0,56000,-49000,7000
2016/12/06,0,92000,-72000,20000
2016/12/07,0,49000,-56000,-7000
2016/12/08,0,109000,-48000,61000
2016/12/09,0,590000,-81697,508303
2016/12/12,0,141000,-46000,95000
2016/12/13,0,418000,-84000,334000
2016/12/14,0,137000,-91000,46000
2016/12/15,0,48000,-37000,11000
2016/12/16,0,122000,-33900,88100
2016/12/19,0,112000,-55000,57000
2016/12/20,0,195000,-51000,144000
2016/12/21,0,33000,-52000,-19000
2016/12/22,0,34000,-40000,-6000
2016/12/23,0,64000,-14000,50000
2016/12/26,0,32000,-9000,23000
2016/12/27,0,16000,-6000,10000
2016/12/28,0,33000,-23000,10000
2016/12/29,0,64482,-12000,52482
2016/12/30,0,89000,-37000,52000
2017/01/02,0,0,0,0
2017/01/03,0,165000,-33000,132000
2017/01/04,0,76000,-22000,54000
2017/01/05,0,34000,-20000,14000
2017/01/06,0,18000,-20000,-2000
2017/01/09,0,47000,-10000,37000
2017/01/10,0,117000,-21000,96000
2017/01/11,0,188000,-5000,183000
2017/01/12,0,355000,-7000,348000
2017/01/13,0,156000,-14000,142000
2017/01/16,0,50000,-42000,8000
2017/01/17,0,42000,-34000,8000
2017/01/18,0,306000,-133000,173000
2017/01/19,0,80000,-35927,44073
2017/01/20,0,52000,-25000,27000
2017/01/23,0,156000,-10000,146000
2017/01/24,0,92000,-49000,43000
2017/01/25,0,0,0,0
2017/01/26,0,0,0,0
2017/01/27,0,0,0,0
2017/01/30,0,0,0,0
2017/01/31,0,0,0,0
2017/02/01,0,0,0,0
2017/02/02,0,259000,-32000,227000
2017/02/03,0,90000,-80000,10000
2017/02/06,0,59000,-34000,25000
2017/02/07,0,229000,-12000,217000
2017/02/08,0,651000,-37000,614000
2017/02/09,0,228000,-38000,190000
2017/02/10,0,339000,-217000,122000
2017/02/13,0,155000,-202000,-47000
2017/02/14,0,225000,-100000,125000
2017/02/15,0,408000,-23000,385000
2017/02/16,0,96000,-12000,84000
2017/02/17,0,113000,-29000,84000
2017/02/20,0,31000,-76000,-45000
2017/02/21,0,155000,-28000,127000
2017/02/22,0,37000,-39000,-2000
2017/02/23,0,270000,-69000,201000
2017/02/24,0,180000,-135000,45000
2017/02/27,0,0,0,0
2017/02/28,0,0,0,0
2017/03/01,0,80000,-61000,19000
2017/03/02,0,92000,-45000,47000
2017/03/03,0,118200,-31000,87200
2017/03/06,0,45000,-62000,-17000
2017/03/07,0,29000,-35000,-6000
2017/03/08,0,37000,-28000,9000
2017/03/09,0,176000,-59000,117000
2017/03/10,0,138000,-47000,91000
2017/03/13,0,48000,-6000,42000
2017/03/14,0,46000,-13000,33000
2017/03/15,0,32000,-38000,-6000
2017/03/16,0,38000,-3000,35000
2017/03/17,0,124000,-11000,113000
2017/03/20,0,32000,-3000,29000
2017/03/21,0,72000,-12000,60000
2017/03/22,0,43000,-94000,-51000
2017/03/23,0,68000,-152000,-84000
2017/03/24,0,72000,-180000,-108000
2017/03/27,0,103000,-233000,-130000
2017/03/28,0,162000,-464000,-302000
2017/03/29,0,168001,-322000,-153999
2017/03/30,0,85000,-51000,34000
2017/03/31,0,20000,-42000,-22000
2017/04/03,0,0,0,0
2017/04/04,0,0,0,0
2017/04/05,0,43000,-80000,-37000
2017/04/06,0,4000,-35000,-31000
2017/04/07,0,23000,-127000,-104000
2017/04/10,0,8000,-156000,-148000
2017/04/11,0,238000,-83000,155000
2017/04/12,0,154000,-111000,43000
2017/04/13,0,19000,-49000,-30000
2017/04/14,0,11000,-23000,-12000
2017/04/17,0,23000,-40000,-17000
2017/04/18,0,72000,-23000,49000
2017/04/19,0,57000,-79000,-22000
