Date,Open,Buy,Sell,Total
2007/04/23,0,14000,0,14000
2007/04/24,0,18000,0,18000
2007/04/25,0,250000,-17000,233000
2007/04/26,0,50000,-1000,49000
2007/04/27,0,0,0,0
2007/04/30,0,23000,0,23000
2007/05/01,0,0,0,0
2007/05/02,0,0,-15000,-15000
2007/05/03,0,22000,-1000,21000
2007/05/04,0,20000,0,20000
2007/05/07,0,74000,0,74000
2007/05/08,0,10000,-4000,6000
2007/05/09,0,0,-370000,-370000
2007/05/10,0,0,0,0
2007/05/11,0,1000,-3000,-2000
2007/05/14,0,0,-53000,-53000
2007/05/15,0,0,-23000,-23000
2007/05/16,0,0,-2000,-2000
2007/05/17,0,2000,-2000,0
2007/05/18,0,0,-179000,-179000
2007/05/21,0,0,-6000,-6000
2007/05/22,0,0,0,0
2007/05/23,0,0,0,0
2007/05/24,0,0,0,0
2007/05/25,0,0,0,0
2007/05/28,0,0,0,0
2007/05/29,0,0,0,0
2007/05/30,0,8000,0,8000
2007/05/31,0,55000,0,55000
2007/06/01,0,0,-200000,-200000
2007/06/04,0,433000,0,433000
2007/06/05,0,70000,0,70000
2007/06/06,0,0,-32000,-32000
2007/06/07,0,63000,0,63000
2007/06/08,0,21000,-3000,18000
2007/06/11,0,0,0,0
2007/06/12,0,2000,-210000,-208000
2007/06/13,0,0,-111000,-111000
2007/06/14,0,0,-7000,-7000
2007/06/15,0,0,-5000,-5000
2007/06/18,0,0,0,0
2007/06/19,0,0,0,0
2007/06/20,0,29000,-61000,-32000
2007/06/21,0,23000,-340000,-317000
2007/06/22,0,0,-6000,-6000
2007/06/25,0,45000,0,45000
2007/06/26,0,81000,-3000,78000
2007/06/27,0,8000,-479000,-471000
2007/06/28,0,10000,-1000,9000
2007/06/29,0,4000,-4000,0
2007/07/02,0,43000,-48000,-5000
2007/07/03,0,17000,0,17000
2007/07/04,0,52000,-4000,48000
2007/07/05,0,18000,-12000,6000
2007/07/06,0,47000,-126000,-79000
2007/07/09,0,161000,0,161000
2007/07/10,0,29000,0,29000
2007/07/11,0,40000,-54440,-14440
2007/07/12,0,0,-59000,-59000
2007/07/13,0,20000,-46440,-26440
2007/07/16,0,0,-120000,-120000
2007/07/17,0,10000,-65000,-55000
2007/07/18,0,10000,0,10000
2007/07/19,0,0,-21396,-21396
2007/07/20,0,0,-33000,-33000
2007/07/23,0,0,-17000,-17000
2007/07/24,0,71000,0,71000
2007/07/25,0,240000,-9000,231000
2007/07/26,0,11000,-189000,-178000
2007/07/27,0,1000,-209000,-208000
2007/07/30,0,50000,-83000,-33000
2007/07/31,0,50000,-9000,41000
2007/08/01,0,509000,-113000,396000
2007/08/02,0,325000,-27798,297202
2007/08/03,0,114000,-38000,76000
2007/08/06,0,9000,-24000,-15000
2007/08/07,0,2000,-54000,-52000
2007/08/08,0,68000,-2000,66000
2007/08/09,0,70000,-536,69464
2007/08/10,0,30000,0,30000
2007/08/13,0,96000,0,96000
2007/08/14,0,0,-1000,-1000
2007/08/15,0,92000,-711000,-619000
2007/08/16,0,565000,-72000,493000
2007/08/17,0,52000,-445000,-393000
2007/08/20,0,55000,-69000,-14000
2007/08/21,0,0,-12000,-12000
2007/08/22,0,15000,0,15000
2007/08/23,0,279000,-20000,259000
2007/08/24,0,350000,0,350000
2007/08/27,0,150000,0,150000
2007/08/28,0,0,-359000,-359000
2007/08/29,0,0,-175000,-175000
2007/08/30,0,127000,-183000,-56000
2007/08/31,0,0,-210000,-210000
2007/09/03,0,300000,-26000,274000
2007/09/04,0,150000,-16000,134000
2007/09/05,0,133000,-9000,124000
2007/09/06,0,0,0,0
2007/09/07,0,0,-28000,-28000
2007/09/10,0,30000,0,30000
2007/09/11,0,120000,-19000,101000
2007/09/12,0,53000,-30000,23000
2007/09/13,0,0,-139000,-139000
2007/09/14,0,156000,0,156000
2007/09/17,0,23000,-14000,9000
2007/09/18,0,0,0,0
2007/09/19,0,102000,-150000,-48000
2007/09/20,0,46000,-2000,44000
2007/09/21,0,21000,-169000,-148000
2007/09/24,0,0,0,0
2007/09/25,0,0,0,0
2007/09/26,0,0,-170000,-170000
2007/09/27,0,76000,-882000,-806000
2007/09/28,0,35000,-91000,-56000
2007/10/01,0,17000,-69000,-52000
2007/10/02,0,37000,-45000,-8000
2007/10/03,0,49000,-172000,-123000
2007/10/04,0,52000,-70000,-18000
2007/10/05,0,146000,-51000,95000
2007/10/08,0,120000,-87000,33000
2007/10/09,0,10000,-104000,-94000
2007/10/10,0,0,0,0
2007/10/11,0,65000,-107580,-42580
2007/10/12,0,434000,-26000,408000
2007/10/15,0,293000,-30000,263000
2007/10/16,0,335000,-70000,265000
2007/10/17,0,12000,-262000,-250000
2007/10/18,0,323000,-39000,284000
2007/10/19,0,115000,-45000,70000
2007/10/22,0,165000,-46000,119000
2007/10/23,0,98000,-276000,-178000
2007/10/24,0,73000,-90000,-17000
2007/10/25,0,24000,-51000,-27000
2007/10/26,0,16000,-59000,-43000
2007/10/29,0,19000,-1000,18000
2007/10/30,0,135000,-69000,66000
2007/10/31,0,105000,-225000,-120000
2007/11/01,0,20000,-211000,-191000
2007/11/02,0,37000,-255000,-218000
2007/11/05,0,16000,-89000,-73000
2007/11/06,0,224000,-110000,114000
2007/11/07,0,80000,-78000,2000
2007/11/08,0,95000,-137000,-42000
2007/11/09,0,245000,-34000,211000
2007/11/12,0,123000,-38000,85000
2007/11/13,0,56000,-21000,35000
2007/11/14,0,21000,-48000,-27000
2007/11/15,0,0,-138000,-138000
2007/11/16,0,60000,-236000,-176000
2007/11/19,0,51000,-6000,45000
2007/11/20,0,155000,0,155000
2007/11/21,0,37000,-38000,-1000
2007/11/22,0,43000,-24000,19000
2007/11/23,0,20000,-152000,-132000
2007/11/26,0,1006000,-280680,725320
2007/11/27,0,480000,-876000,-396000
2007/11/28,0,70000,-56000,14000
2007/11/29,0,79000,-44000,35000
2007/11/30,0,247000,-72000,175000
2007/12/03,0,20000,-1101000,-1081000
2007/12/04,0,230000,-125000,105000
2007/12/05,0,172000,-12000,160000
2007/12/06,0,51000,-50000,1000
2007/12/07,0,16000,-290000,-274000
2007/12/10,0,16000,-192000,-176000
2007/12/11,0,16000,-5000,11000
2007/12/12,0,12000,-10000,2000
2007/12/13,0,17000,-9000,8000
2007/12/14,0,17000,-23000,-6000
2007/12/17,0,7000,-7000,0
2007/12/18,0,32000,-4000,28000
2007/12/19,0,57000,-42000,15000
2007/12/20,0,11000,-37000,-26000
2007/12/21,0,34000,-66000,-32000
2007/12/24,0,156000,0,156000
2007/12/25,0,60000,-61000,-1000
2007/12/26,0,27000,-78000,-51000
2007/12/27,0,12000,-46000,-34000
2007/12/28,0,33000,-173000,-140000
2007/12/31,0,142000,-4000,138000
2008/01/01,0,0,0,0
2008/01/02,0,0,-24000,-24000
2008/01/03,0,64121,-13042,51079
2008/01/04,0,14000,-102000,-88000
2008/01/07,0,84000,-3000,81000
2008/01/08,0,932000,-51000,881000
2008/01/09,0,615000,-302000,313000
2008/01/10,0,131000,-40000,91000
2008/01/11,0,220000,-17000,203000
2008/01/14,0,362000,-694000,-332000
2008/01/15,0,43000,-130000,-87000
2008/01/16,0,518000,-171000,347000
2008/01/17,0,195000,-473000,-278000
2008/01/18,0,246000,-89000,157000
2008/01/21,0,627000,-110000,517000
2008/01/22,0,0,-333000,-333000
2008/01/23,0,70000,-724000,-654000
2008/01/24,0,174000,-458000,-284000
2008/01/25,0,235000,-47000,188000
2008/01/28,0,12000,-10000,2000
2008/01/29,0,27000,-208000,-181000
2008/01/30,0,15000,-11000,4000
2008/01/31,0,12000,-5000,7000
2008/02/01,0,5000,-13000,-8000
2008/02/04,0,0,0,0
2008/02/05,0,0,0,0
2008/02/06,0,0,0,0
2008/02/07,0,0,0,0
2008/02/08,0,0,0,0
2008/02/11,0,0,0,0
2008/02/12,0,266000,-42000,224000
2008/02/13,0,120000,-48000,72000
2008/02/14,0,72000,-2000,70000
2008/02/15,0,39000,0,39000
2008/02/18,0,120000,-22000,98000
2008/02/19,0,422000,-19000,403000
2008/02/20,0,3000,-5000,-2000
2008/02/21,0,119000,-26000,93000
2008/02/22,0,52000,-84000,-32000
2008/02/25,0,40000,-5419,34581
2008/02/26,0,103000,-306078,-203078
2008/02/27,0,1000,-322919,-321919
2008/02/28,0,0,0,0
2008/02/29,0,74000,-345000,-271000
2008/03/03,0,43000,-21039,21961
2008/03/04,0,386000,-52000,334000
2008/03/05,0,96000,-24078,71922
2008/03/06,0,57000,-15007,41993
2008/03/07,0,75000,-21000,54000
2008/03/10,0,52000,-95000,-43000
2008/03/11,0,122000,-111000,11000
2008/03/12,0,29000,-75680,-46680
2008/03/13,0,62000,-3000,59000
2008/03/14,0,0,-83000,-83000
2008/03/17,0,166000,-208000,-42000
2008/03/18,0,93000,-501000,-408000
2008/03/19,0,13000,-40000,-27000
2008/03/20,0,35000,-112000,-77000
2008/03/21,0,29000,-47000,-18000
2008/03/24,0,49000,-120000,-71000
2008/03/25,0,50000,-76000,-26000
2008/03/26,0,62000,-146000,-84000
2008/03/27,0,58000,-64000,-6000
2008/03/28,0,48000,-33000,15000
2008/03/31,0,0,-126000,-126000
2008/04/01,0,42000,-82000,-40000
2008/04/02,0,2000,-16000,-14000
2008/04/03,0,1000,-1000,0
2008/04/04,0,0,0,0
2008/04/07,0,103000,0,103000
2008/04/08,0,99000,-67000,32000
2008/04/09,0,47000,-64944,-17944
2008/04/10,0,34000,-52000,-18000
2008/04/11,0,26000,-13000,13000
2008/04/14,0,45000,-22825,22175
2008/04/15,0,1000,-25000,-24000
2008/04/16,0,174000,-92000,82000
2008/04/17,0,233000,-13000,220000
2008/04/18,0,22000,-16000,6000
2008/04/21,0,7000,-6000,1000
2008/04/22,0,2000,-19000,-17000
2008/04/23,0,15000,-3000,12000
2008/04/24,0,9000,-5000,4000
2008/04/25,0,16000,-61000,-45000
2008/04/28,0,46000,0,46000
2008/04/29,0,119000,-53000,66000
2008/04/30,0,45000,-232000,-187000
2008/05/01,0,0,0,0
2008/05/02,0,23000,-5000,18000
2008/05/05,0,22000,-78000,-56000
2008/05/06,0,49000,-247000,-198000
2008/05/07,0,0,-34000,-34000
2008/05/08,0,7000,-105000,-98000
2008/05/09,0,39000,-42000,-3000
2008/05/12,0,65000,-2000,63000
2008/05/13,0,103004,-47000,56004
2008/05/14,0,3000,-3000,0
2008/05/15,0,28000,-88000,-60000
2008/05/16,0,49000,-10000,39000
2008/05/19,0,55000,-56000,-1000
2008/05/20,0,41000,-54000,-13000
2008/05/21,0,6000,-27000,-21000
2008/05/22,0,8000,-13000,-5000
2008/05/23,0,49000,-17000,32000
2008/05/26,0,9000,-6000,3000
2008/05/27,0,1000,-12000,-11000
2008/05/28,0,3000,-2000,1000
2008/05/29,0,2000,-9000,-7000
2008/05/30,0,0,-64000,-64000
2008/06/02,0,31000,0,31000
2008/06/03,0,9000,-13000,-4000
2008/06/04,0,9000,-8000,1000
2008/06/05,0,58000,-18000,40000
2008/06/06,0,2000,-2000,0
2008/06/09,0,0,-12000,-12000
2008/06/10,0,0,-45000,-45000
2008/06/11,0,8000,-13000,-5000
2008/06/12,0,52000,-33000,19000
2008/06/13,0,1000,-73000,-72000
2008/06/16,0,18000,-12000,6000
2008/06/17,0,13000,-19000,-6000
2008/06/18,0,1000,-8000,-7000
2008/06/19,0,0,-43000,-43000
2008/06/20,0,3000,-85000,-82000
2008/06/23,0,126000,-15000,111000
2008/06/24,0,20000,-8000,12000
2008/06/25,0,80000,-4000,76000
2008/06/26,0,0,-32000,-32000
2008/06/27,0,27000,-64000,-37000
2008/06/30,0,43000,-16000,27000
2008/07/01,0,205000,0,205000
2008/07/02,0,52000,-17000,35000
2008/07/03,0,9000,-42000,-33000
2008/07/04,0,0,-35000,-35000
2008/07/07,0,3000,-21000,-18000
2008/07/08,0,25000,-157000,-132000
2008/07/09,0,51000,-83000,-32000
2008/07/10,0,78000,-12000,66000
2008/07/11,0,50000,-163000,-113000
2008/07/14,0,7000,-28000,-21000
2008/07/15,0,69000,-14000,55000
2008/07/16,0,73000,-35000,38000
2008/07/17,0,106000,-38900,67100
2008/07/18,0,68000,-42000,26000
2008/07/21,0,381000,-8000,373000
2008/07/22,0,121000,-447000,-326000
2008/07/23,0,94000,-35000,59000
2008/07/24,0,10000,-17000,-7000
2008/07/25,0,11000,0,11000
2008/07/28,0,0,0,0
2008/07/29,0,0,-40000,-40000
2008/07/30,0,0,-157000,-157000
2008/07/31,0,48000,-114000,-66000
2008/08/01,0,142000,-3000,139000
2008/08/04,0,22000,0,22000
2008/08/05,0,69000,-26000,43000
2008/08/06,0,47000,-10000,37000
2008/08/07,0,11000,-37000,-26000
2008/08/08,0,39000,0,39000
2008/08/11,0,3000,-9000,-6000
2008/08/12,0,2000,-6000,-4000
2008/08/13,0,49000,-6000,43000
2008/08/14,0,189000,-37000,152000
2008/08/15,0,36000,-15000,21000
2008/08/18,0,0,-122958,-122958
2008/08/19,0,0,-30392,-30392
2008/08/20,0,0,-30000,-30000
2008/08/21,0,12000,-179450,-167450
2008/08/22,0,7000,-61000,-54000
2008/08/25,0,8000,-20000,-12000
2008/08/26,0,14000,-20000,-6000
2008/08/27,0,30000,-1000,29000
2008/08/28,0,39000,-9000,30000
2008/08/29,0,37000,-18000,19000
2008/09/01,0,0,0,0
2008/09/02,0,5000,-24029,-19029
2008/09/03,0,44000,-6000,38000
2008/09/04,0,51000,-53000,-2000
2008/09/05,0,13000,-20000,-7000
2008/09/08,0,0,-47000,-47000
2008/09/09,0,5000,-21032,-16032
2008/09/10,0,2000,-13000,-11000
2008/09/11,0,4000,-44000,-40000
2008/09/12,0,30000,0,30000
2008/09/15,0,0,-82000,-82000
2008/09/16,0,35000,-12000,23000
2008/09/17,0,79000,-273080,-194080
2008/09/18,0,5520,-36000,-30480
2008/09/19,0,6000,-152000,-146000
2008/09/22,0,15000,-77000,-62000
2008/09/23,0,71000,-12080,58920
2008/09/24,0,79000,-39000,40000
2008/09/25,0,69000,-5000,64000
2008/09/26,0,30000,-140000,-110000
2008/09/29,0,0,0,0
2008/09/30,0,14000,-11000,3000
2008/10/01,0,5000,-29000,-24000
2008/10/02,0,27000,-80000,-53000
2008/10/03,0,14000,-25000,-11000
2008/10/06,0,10000,-925,9075
2008/10/07,0,1000,-4391,-3391
2008/10/08,0,26000,0,26000
2008/10/09,0,28000,-36000,-8000
2008/10/10,0,0,0,0
2008/10/13,0,0,0,0
2008/10/14,0,0,0,0
2008/10/15,0,3000,-427,2573
2008/10/16,0,0,-15000,-15000
2008/10/17,0,60000,-7000,53000
2008/10/20,0,0,-14911,-14911
2008/10/21,0,2000,-94000,-92000
2008/10/22,0,9000,-45000,-36000
2008/10/23,0,0,-4597,-4597
2008/10/24,0,4000,-4049,-49
2008/10/27,0,21000,-4000,17000
2008/10/28,0,46000,-28000,18000
2008/10/29,0,1000,0,1000
2008/10/30,0,2000,0,2000
2008/10/31,0,1000,-1000,0
2008/11/03,0,66000,-50320,15680
2008/11/04,0,31000,-8000,23000
2008/11/05,0,352000,-9000,343000
2008/11/06,0,0,-308128,-308128
2008/11/07,0,33000,-103000,-70000
2008/11/10,0,88000,-42000,46000
2008/11/11,0,21000,-33000,-12000
2008/11/12,0,104000,-43000,61000
2008/11/13,0,6000,-25825,-19825
2008/11/14,0,2000,-50000,-48000
2008/11/17,0,43000,-25000,18000
2008/11/18,0,68000,-19000,49000
2008/11/19,0,78000,-123000,-45000
2008/11/20,0,54000,-101000,-47000
2008/11/21,0,19000,-10000,9000
2008/11/24,0,74000,-8000,66000
2008/11/25,0,3000,-71000,-68000
2008/11/26,0,0,-23000,-23000
2008/11/27,0,14000,0,14000
2008/11/28,0,49000,0,49000
2008/12/01,0,1000,0,1000
2008/12/02,0,21000,-14000,7000
2008/12/03,0,14000,-47000,-33000
2008/12/04,0,0,-42000,-42000
2008/12/05,0,5000,-12000,-7000
2008/12/08,0,22000,-5170,16830
2008/12/09,0,15000,-1000,14000
2008/12/10,0,10000,-8000,2000
2008/12/11,0,19000,-37000,-18000
2008/12/12,0,423000,-57000,366000
2008/12/15,0,228000,-8000,220000
2008/12/16,0,12000,-22000,-10000
2008/12/17,0,50000,-224000,-174000
2008/12/18,0,22000,-413000,-391000
2008/12/19,0,1000,0,1000
2008/12/22,0,34000,-68000,-34000
2008/12/23,0,1000,-26000,-25000
2008/12/24,0,8000,-21000,-13000
2008/12/25,0,4000,-7000,-3000
2008/12/26,0,4000,-6000,-2000
2008/12/29,0,0,-9000,-9000
2008/12/30,0,28000,-271,27729
2008/12/31,0,21000,-10000,11000
2009/01/01,0,0,0,0
2009/01/02,0,0,0,0
2009/01/05,0,19000,0,19000
2009/01/06,0,0,-4000,-4000
2009/01/07,0,12000,-39000,-27000
2009/01/08,0,0,-16000,-16000
2009/01/09,0,0,-5000,-5000
2009/01/12,0,4000,0,4000
2009/01/13,0,0,0,0
2009/01/14,0,6000,-4000,2000
2009/01/15,0,0,-10000,-10000
2009/01/16,0,0,0,0
2009/01/19,0,0,-7000,-7000
2009/01/20,0,0,-29000,-29000
2009/01/21,0,5000,-22000,-17000
2009/01/22,0,0,0,0
2009/01/23,0,0,0,0
2009/01/26,0,0,0,0
2009/01/27,0,0,0,0
2009/01/28,0,0,0,0
2009/01/29,0,0,0,0
2009/01/30,0,0,0,0
2009/02/02,0,17000,-5000,12000
2009/02/03,0,4000,-21000,-17000
2009/02/04,0,9000,-7000,2000
2009/02/05,0,0,-9000,-9000
2009/02/06,0,2000,0,2000
2009/02/09,0,0,-12000,-12000
2009/02/10,0,0,-14000,-14000
2009/02/11,0,8000,-2000,6000
2009/02/12,0,6000,-28000,-22000
2009/02/13,0,28000,0,28000
2009/02/16,0,0,-25000,-25000
2009/02/17,0,9000,-54000,-45000
2009/02/18,0,26000,-61000,-35000
2009/02/19,0,14000,-22000,-8000
2009/02/20,0,4000,-30267,-26267
2009/02/23,0,0,-11000,-11000
2009/02/24,0,0,-14000,-14000
2009/02/25,0,4000,-6000,-2000
2009/02/26,0,14000,-16000,-2000
2009/02/27,0,5000,-18000,-13000
2009/03/02,0,7000,-55000,-48000
2009/03/03,0,15000,-18000,-3000
2009/03/04,0,11000,-28000,-17000
2009/03/05,0,27000,-6000,21000
2009/03/06,0,5000,0,5000
2009/03/09,0,24000,-22000,2000
2009/03/10,0,73000,-36000,37000
2009/03/11,0,35000,-88000,-53000
2009/03/12,0,58000,-9000,49000
2009/03/13,0,100000,-11799,88201
2009/03/16,0,102000,-23000,79000
2009/03/17,0,66000,-47000,19000
2009/03/18,0,60000,-102000,-42000
2009/03/19,0,11000,-27000,-16000
2009/03/20,0,22000,-96000,-74000
2009/03/23,0,16000,-53000,-37000
2009/03/24,0,16000,-6000,10000
2009/03/25,0,34000,-11000,23000
2009/03/26,0,11000,-12000,-1000
2009/03/27,0,30000,-142000,-112000
2009/03/30,0,20000,-18000,2000
2009/03/31,0,20000,-8000,12000
2009/04/01,0,85000,-32000,53000
2009/04/02,0,179000,-50000,129000
2009/04/03,0,108000,-42000,66000
2009/04/06,0,810000,-7841,802159
2009/04/07,0,347000,-10000,337000
2009/04/08,0,51000,-1241000,-1190000
2009/04/09,0,7000,-106000,-99000
2009/04/10,0,83000,-43000,40000
2009/04/13,0,49000,-42000,7000
2009/04/14,0,21000,-51719,-30719
2009/04/15,0,71000,-137000,-66000
2009/04/16,0,151000,-30000,121000
2009/04/17,0,279000,-154000,125000
2009/04/20,0,486000,-40000,446000
2009/04/21,0,219000,-390000,-171000
2009/04/22,0,311000,-204010,106990
2009/04/23,0,160000,-600000,-440000
2009/04/24,0,61000,-93000,-32000
2009/04/27,0,491000,-8000,483000
2009/04/28,0,309000,-332718,-23718
2009/04/29,0,112000,-16000,96000
2009/04/30,0,15000,-200000,-185000
2009/05/01,0,0,0,0
2009/05/04,0,0,-211000,-211000
2009/05/05,0,83000,-191000,-108000
2009/05/06,0,180000,-50000,130000
2009/05/07,0,16000,-149000,-133000
2009/05/08,0,112000,-29000,83000
2009/05/11,0,8000,-99000,-91000
2009/05/12,0,45000,-13000,32000
2009/05/13,0,2000,-34000,-32000
2009/05/14,0,0,-79000,-79000
2009/05/15,0,0,-140000,-140000
2009/05/18,0,0,-96000,-96000
2009/05/19,0,21000,0,21000
2009/05/20,0,135000,-30000,105000
2009/05/21,0,0,-146000,-146000
2009/05/22,0,0,-41000,-41000
2009/05/25,0,8000,-8326,-326
2009/05/26,0,52000,-116000,-64000
2009/05/27,0,145000,-17000,128000
2009/05/28,0,0,0,0
2009/05/29,0,0,0,0
2009/06/01,0,224000,-101000,123000
2009/06/02,0,224000,-33000,191000
2009/06/03,0,123000,-2000,121000
2009/06/04,0,85000,-161000,-76000
2009/06/05,0,5000,-48000,-43000
2009/06/08,0,18000,-24000,-6000
2009/06/09,0,243000,-150000,93000
2009/06/10,0,24000,-29941,-5941
2009/06/11,0,58000,-70000,-12000
2009/06/12,0,64000,-475000,-411000
2009/06/15,0,20000,-44000,-24000
2009/06/16,0,1000,-14517,-13517
2009/06/17,0,8000,-2000,6000
2009/06/18,0,4000,-72000,-68000
2009/06/19,0,12000,-21000,-9000
2009/06/22,0,16000,-117000,-101000
2009/06/23,0,8000,-10000,-2000
2009/06/24,0,10000,-30507,-20507
2009/06/25,0,61000,-7000,54000
2009/06/26,0,0,-13000,-13000
2009/06/29,0,79000,-10000,69000
2009/06/30,0,54000,-7000,47000
2009/07/01,0,186000,0,186000
2009/07/02,0,62000,-10000,52000
2009/07/03,0,7000,-12000,-5000
2009/07/06,0,32000,-31000,1000
2009/07/07,0,27501,0,27501
2009/07/08,0,0,-6000,-6000
2009/07/09,0,97000,-28000,69000
2009/07/10,0,9000,-13000,-4000
2009/07/13,0,39000,-51000,-12000
2009/07/14,0,36000,-105490,-69490
2009/07/15,0,161000,-6000,155000
2009/07/16,0,10783,-1000,9783
2009/07/17,0,54000,-1000,53000
2009/07/20,0,73000,-3000,70000
2009/07/21,0,124000,-14000,110000
2009/07/22,0,76000,-45000,31000
2009/07/23,0,40000,-29000,11000
2009/07/24,0,3680,-42000,-38320
2009/07/27,0,384000,-7000,377000
2009/07/28,0,134164,-57000,77164
2009/07/29,0,69000,-1000,68000
2009/07/30,0,6000,-143000,-137000
2009/07/31,0,66000,-233000,-167000
2009/08/03,0,6447,-177000,-170553
2009/08/04,0,5000,-214000,-209000
2009/08/05,0,97000,-147000,-50000
2009/08/06,0,33000,-157000,-124000
2009/08/07,0,0,0,0
2009/08/10,0,72000,-87000,-15000
2009/08/11,0,0,-11000,-11000
2009/08/12,0,35000,-31000,4000
2009/08/13,0,20000,-12000,8000
2009/08/14,0,8000,-11000,-3000
2009/08/17,0,26000,-76000,-50000
2009/08/18,0,110000,-7000,103000
2009/08/19,0,83000,-29000,54000
2009/08/20,0,0,-88000,-88000
2009/08/21,0,22000,-111000,-89000
2009/08/24,0,16300,-8000,8300
2009/08/25,0,2000,-15000,-13000
2009/08/26,0,0,-42000,-42000
2009/08/27,0,16000,-1000,15000
2009/08/28,0,4000,-18000,-14000
2009/08/31,0,0,-9000,-9000
2009/09/01,0,0,-7000,-7000
2009/09/02,0,22000,0,22000
2009/09/03,0,0,0,0
2009/09/04,0,76000,-26000,50000
2009/09/07,0,129000,-14000,115000
2009/09/08,0,221000,-117000,104000
2009/09/09,0,240000,-26000,214000
2009/09/10,0,207700,-72000,135700
2009/09/11,0,48000,-102000,-54000
2009/09/14,0,6000,-120000,-114000
2009/09/15,0,135000,-17000,118000
2009/09/16,0,45000,-112000,-67000
2009/09/17,0,204000,-129000,75000
2009/09/18,0,358000,-161000,197000
2009/09/21,0,98000,-205000,-107000
2009/09/22,0,109000,-109000,0
2009/09/23,0,121000,-250000,-129000
2009/09/24,0,107000,-49000,58000
2009/09/25,0,116000,-24000,92000
2009/09/28,0,92000,-88492,3508
2009/09/29,0,48000,-53000,-5000
2009/09/30,0,73000,-24000,49000
2009/10/01,0,694000,-199000,495000
2009/10/02,0,143000,-88800,54200
2009/10/05,0,77000,-231000,-154000
2009/10/06,0,109000,-421870,-312870
2009/10/07,0,184000,-415000,-231000
2009/10/08,0,214000,-189000,25000
2009/10/09,0,43000,-393000,-350000
2009/10/12,0,73000,-92000,-19000
2009/10/13,0,18000,-220000,-202000
2009/10/14,0,272000,-47000,225000
2009/10/15,0,28000,-62000,-34000
2009/10/16,0,11000,-14000,-3000
2009/10/19,0,0,-7000,-7000
2009/10/20,0,170000,-40000,130000
2009/10/21,0,27000,-59000,-32000
2009/10/22,0,24000,-124000,-100000
2009/10/23,0,0,-92000,-92000
2009/10/26,0,20000,-50000,-30000
2009/10/27,0,48000,-249000,-201000
2009/10/28,0,66000,-129000,-63000
2009/10/29,0,101000,-118000,-17000
2009/10/30,0,28000,-90000,-62000
2009/11/02,0,9000,-175000,-166000
2009/11/03,0,10000,-76000,-66000
2009/11/04,0,20000,-10000,10000
2009/11/05,0,13000,-9000,4000
2009/11/06,0,180000,-30000,150000
2009/11/09,0,206000,-81000,125000
2009/11/10,0,41000,-188000,-147000
2009/11/11,0,106000,-15000,91000
2009/11/12,0,20000,-12000,8000
2009/11/13,0,128000,-15000,113000
2009/11/16,0,22000,-8000,14000
2009/11/17,0,17000,-19000,-2000
2009/11/18,0,0,-10000,-10000
2009/11/19,0,10000,0,10000
2009/11/20,0,23000,-34000,-11000
2009/11/23,0,8000,-3000,5000
2009/11/24,0,89000,0,89000
2009/11/25,0,51000,-87000,-36000
2009/11/26,0,25000,-12000,13000
2009/11/27,0,8000,-100000,-92000
2009/11/30,0,219000,-2000,217000
2009/12/01,0,34000,-182000,-148000
2009/12/02,0,14000,-57000,-43000
2009/12/03,0,1000,-4000,-3000
2009/12/04,0,0,-19000,-19000
2009/12/07,0,1000,0,1000
2009/12/08,0,13000,-16000,-3000
2009/12/09,0,19000,-20000,-1000
2009/12/10,0,89000,-135000,-46000
2009/12/11,0,0,-14052,-14052
2009/12/14,0,16000,-54000,-38000
2009/12/15,0,23000,-109000,-86000
2009/12/16,0,153000,-155000,-2000
2009/12/17,0,20000,-11000,9000
2009/12/18,0,58000,-10000,48000
2009/12/21,0,84000,-148000,-64000
2009/12/22,0,8000,-106000,-98000
2009/12/23,0,42000,-55000,-13000
2009/12/24,0,34000,-15000,19000
2009/12/25,0,10000,-6000,4000
2009/12/28,0,236000,-24000,212000
2009/12/29,0,108000,-7000,101000
2009/12/30,0,718000,-1000,717000
2009/12/31,0,56000,-364000,-308000
2010/01/01,0,0,0,0
2010/01/04,0,19000,-78000,-59000
2010/01/05,0,193000,-118000,75000
2010/01/06,0,642000,-155000,487000
2010/01/07,0,163000,-58000,105000
2010/01/08,0,213000,-671000,-458000
2010/01/11,0,81000,-368000,-287000
2010/01/12,0,25000,-167000,-142000
2010/01/13,0,105000,-77000,28000
2010/01/14,0,72000,-14000,58000
2010/01/15,0,49000,-47000,2000
2010/01/18,0,316000,-45000,271000
2010/01/19,0,184564,-276000,-91436
2010/01/20,0,6000,-61000,-55000
2010/01/21,0,11000,-93000,-82000
2010/01/22,0,49000,-359000,-310000
2010/01/25,0,55000,-150000,-95000
2010/01/26,0,89000,-228000,-139000
2010/01/27,0,6000,-64000,-58000
2010/01/28,0,12000,-58000,-46000
2010/01/29,0,23000,-104000,-81000
2010/02/01,0,131000,-161000,-30000
2010/02/02,0,65000,-133000,-68000
2010/02/03,0,65000,-26000,39000
2010/02/04,0,10000,-7000,3000
2010/02/05,0,181000,-44000,137000
2010/02/08,0,600000,-19000,581000
2010/02/09,0,51000,-9000,42000
2010/02/10,0,75000,-388000,-313000
2010/02/11,0,0,0,0
2010/02/12,0,0,0,0
2010/02/15,0,0,0,0
2010/02/16,0,0,0,0
2010/02/17,0,0,0,0
2010/02/18,0,0,0,0
2010/02/19,0,0,0,0
2010/02/22,0,354000,-496649,-142649
2010/02/23,0,567000,-22000,545000
2010/02/24,0,61000,-25000,36000
2010/02/25,0,75000,-67000,8000
2010/02/26,0,72000,-64000,8000
2010/03/01,0,174000,-24000,150000
2010/03/02,0,37000,-28000,9000
2010/03/03,0,282000,-31510,250490
2010/03/04,0,13000,-370000,-357000
2010/03/05,0,252000,-19000,233000
2010/03/08,0,129000,-28000,101000
2010/03/09,0,11000,-42000,-31000
2010/03/10,0,127000,-129000,-2000
2010/03/11,0,56000,-25000,31000
2010/03/12,0,86000,-252000,-166000
2010/03/15,0,219000,-193000,26000
2010/03/16,0,215000,-21000,194000
2010/03/17,0,920000,-201000,719000
2010/03/18,0,244000,-663000,-419000
2010/03/19,0,139000,-220000,-81000
2010/03/22,0,695000,-111000,584000
2010/03/23,0,82000,-707000,-625000
2010/03/24,0,44000,-205000,-161000
2010/03/25,0,253000,-67000,186000
2010/03/26,0,375000,-74000,301000
2010/03/29,0,369000,-24000,345000
2010/03/30,0,90000,-121000,-31000
2010/03/31,0,80000,-55000,25000
2010/04/01,0,109000,-10000,99000
2010/04/02,0,26000,-15000,11000
2010/04/05,0,0,0,0
2010/04/06,0,923000,-389000,534000
2010/04/07,0,46000,-297000,-251000
2010/04/08,0,90000,-102000,-12000
2010/04/09,0,63000,-237000,-174000
2010/04/12,0,236000,-90000,146000
2010/04/13,0,26000,-75000,-49000
2010/04/14,0,85000,-137000,-52000
2010/04/15,0,531000,-36000,495000
2010/04/16,0,0,-17000,-17000
2010/04/19,0,10000,-188000,-178000
2010/04/20,0,30099,-296000,-265901
2010/04/21,0,0,-4000,-4000
2010/04/22,0,112000,-93000,19000
2010/04/23,0,1000,-120000,-119000
2010/04/26,0,694000,-6000,688000
2010/04/27,0,77000,-37000,40000
2010/04/28,0,400000,-1302000,-902000
2010/04/29,0,285000,-68000,217000
2010/04/30,0,69000,-61000,8000
2010/05/03,0,0,-29000,-29000
2010/05/04,0,50000,-31000,19000
2010/05/05,0,301000,-54000,247000
2010/05/06,0,50000,-317000,-267000
2010/05/07,0,174000,-222000,-48000
2010/05/10,0,199000,-287000,-88000
2010/05/11,0,70000,-307855,-237855
2010/05/12,0,34000,-409000,-375000
2010/05/13,0,45000,-279000,-234000
2010/05/14,0,222000,-35000,187000
2010/05/17,0,0,-234000,-234000
2010/05/18,0,271000,-180000,91000
2010/05/19,0,243000,-688000,-445000
2010/05/20,0,85000,-460000,-375000
2010/05/21,0,11000,-169000,-158000
2010/05/24,0,25000,-117000,-92000
2010/05/25,0,193000,-109000,84000
2010/05/26,0,87000,-63000,24000
2010/05/27,0,233000,-93000,140000
2010/05/28,0,0,-257000,-257000
2010/05/31,0,100000,0,100000
2010/06/01,0,0,-216000,-216000
2010/06/02,0,14000,-7000,7000
2010/06/03,0,0,0,0
2010/06/04,0,47000,-5000,42000
2010/06/07,0,8000,-13000,-5000
2010/06/08,0,25000,-56000,-31000
2010/06/09,0,0,-224000,-224000
2010/06/10,0,35000,-72000,-37000
2010/06/11,0,163000,-20000,143000
2010/06/14,0,31000,-103000,-72000
2010/06/15,0,249000,-17000,232000
2010/06/16,0,0,0,0
2010/06/17,0,408000,-202000,206000
2010/06/18,0,27000,-16000,11000
2010/06/21,0,61000,-3000,58000
2010/06/22,0,21000,-1000,20000
2010/06/23,0,2000,0,2000
2010/06/24,0,5000,-57140,-52140
2010/06/25,0,37000,-2000,35000
2010/06/28,0,0,-37000,-37000
2010/06/29,0,7000,-29000,-22000
2010/06/30,0,50000,-39000,11000
2010/07/01,0,218000,-2000,216000
2010/07/02,0,28000,-263000,-235000
2010/07/05,0,5000,-174000,-169000
2010/07/06,0,155000,-35000,120000
2010/07/07,0,22000,-55000,-33000
2010/07/08,0,179000,0,179000
2010/07/09,0,316000,0,316000
2010/07/12,0,525000,-30000,495000
2010/07/13,0,4000,-639000,-635000
2010/07/14,0,25000,-18000,7000
2010/07/15,0,70000,-93000,-23000
2010/07/16,0,0,-100000,-100000
2010/07/19,0,50000,-74000,-24000
2010/07/20,0,90000,-50000,40000
2010/07/21,0,57000,-115000,-58000
2010/07/22,0,48000,-79000,-31000
2010/07/23,0,48000,-45959,2041
2010/07/26,0,101000,0,101000
2010/07/27,0,24000,-14000,10000
2010/07/28,0,451000,-5000,446000
2010/07/29,0,229000,-27000,202000
2010/07/30,0,70000,-58000,12000
2010/08/02,0,153000,-15000,138000
2010/08/03,0,681000,-554000,127000
2010/08/04,0,136000,-306000,-170000
2010/08/05,0,320000,-291000,29000
2010/08/06,0,189000,-120000,69000
2010/08/09,0,699000,-34000,665000
2010/08/10,0,235000,-21000,214000
2010/08/11,0,48000,-20000,28000
2010/08/12,0,5000,-80000,-75000
2010/08/13,0,0,-189000,-189000
2010/08/16,0,52000,-425000,-373000
2010/08/17,0,100000,-341000,-241000
2010/08/18,0,412000,-198000,214000
2010/08/19,0,42000,-20000,22000
2010/08/20,0,86000,-43069,42931
2010/08/23,0,62000,-50000,12000
2010/08/24,0,1017000,-308000,709000
2010/08/25,0,670000,-680000,-10000
2010/08/26,0,483000,-462000,21000
2010/08/27,0,613000,-419000,194000
2010/08/30,0,293000,-121000,172000
2010/08/31,0,219000,-133000,86000
2010/09/01,0,182000,-313000,-131000
2010/09/02,0,327000,-985000,-658000
2010/09/03,0,305000,-175000,130000
2010/09/06,0,253000,-129000,124000
2010/09/07,0,253000,-136400,116600
2010/09/08,0,29000,-24000,5000
2010/09/09,0,26000,-54000,-28000
2010/09/10,0,27000,-28000,-1000
2010/09/13,0,47000,-49000,-2000
2010/09/14,0,210000,-4000,206000
2010/09/15,0,78000,-16000,62000
2010/09/16,0,7000,-85000,-78000
2010/09/17,0,105000,-16000,89000
2010/09/20,0,116000,-45000,71000
2010/09/21,0,6000,-53500,-47500
2010/09/22,0,0,0,0
2010/09/23,0,45000,-61450,-16450
2010/09/24,0,35000,0,35000
2010/09/27,0,166000,-86000,80000
2010/09/28,0,26000,-32000,-6000
2010/09/29,0,351000,-56000,295000
2010/09/30,0,143000,-41000,102000
2010/10/01,0,80000,-113123,-33123
2010/10/04,0,209000,-670000,-461000
2010/10/05,0,132000,-142000,-10000
2010/10/06,0,226000,-152000,74000
2010/10/07,0,238000,-984053,-746053
2010/10/08,0,141000,-130000,11000
2010/10/11,0,49000,-59000,-10000
2010/10/12,0,170000,-133000,37000
2010/10/13,0,64000,-265000,-201000
2010/10/14,0,190000,-76000,114000
2010/10/15,0,206000,-239000,-33000
2010/10/18,0,67000,-135000,-68000
2010/10/19,0,194000,-73000,121000
2010/10/20,0,130000,-141000,-11000
2010/10/21,0,214000,-87000,127000
2010/10/22,0,201000,-91000,110000
2010/10/25,0,31000,-30000,1000
2010/10/26,0,93000,-189000,-96000
2010/10/27,0,15000,-54000,-39000
2010/10/28,0,45000,-85000,-40000
2010/10/29,0,10000,-110000,-100000
2010/11/01,0,305000,-225000,80000
2010/11/02,0,92430,-9000,83430
2010/11/03,0,8000,-75000,-67000
2010/11/04,0,164000,-12000,152000
2010/11/05,0,196000,-21000,175000
2010/11/08,0,48000,-62000,-14000
2010/11/09,0,46000,-51000,-5000
2010/11/10,0,0,-61000,-61000
2010/11/11,0,70000,-149000,-79000
2010/11/12,0,15290,-101000,-85710
2010/11/15,0,8000,-409000,-401000
2010/11/16,0,284000,-20000,264000
2010/11/17,0,181000,-31000,150000
2010/11/18,0,8000,-8000,0
2010/11/19,0,0,-18000,-18000
2010/11/22,0,34000,-37000,-3000
2010/11/23,0,46000,-72000,-26000
2010/11/24,0,51000,-2000,49000
2010/11/25,0,13000,-33000,-20000
2010/11/26,0,0,-12000,-12000
2010/11/29,0,181000,-4000,177000
2010/11/30,0,64000,-42000,22000
2010/12/01,0,181000,-26000,155000
2010/12/02,0,84000,-368000,-284000
2010/12/03,0,3000,-208000,-205000
2010/12/06,0,78000,-131000,-53000
2010/12/07,0,3000,-111000,-108000
2010/12/08,0,7000,-113000,-106000
2010/12/09,0,47000,-70000,-23000
2010/12/10,0,29000,-11000,18000
2010/12/13,0,30000,-37060,-7060
2010/12/14,0,84000,-73000,11000
2010/12/15,0,135000,-61000,74000
2010/12/16,0,9000,-14000,-5000
2010/12/17,0,29000,-61000,-32000
2010/12/20,0,0,-22000,-22000
2010/12/21,0,53000,-91000,-38000
2010/12/22,0,15000,-20000,-5000
2010/12/23,0,6000,-197000,-191000
2010/12/24,0,6000,-54000,-48000
2010/12/27,0,26000,-2000,24000
2010/12/28,0,0,-51000,-51000
2010/12/29,0,40000,-130000,-90000
2010/12/30,0,117000,-57000,60000
2010/12/31,0,106000,-42000,64000
2011/01/03,0,504000,-51000,453000
2011/01/04,0,551000,-215000,336000
2011/01/05,0,147000,-583000,-436000
2011/01/06,0,114000,-275000,-161000
2011/01/07,0,77000,-277000,-200000
2011/01/10,0,15000,-23000,-8000
2011/01/11,0,150000,-24000,126000
2011/01/12,0,754000,-79000,675000
2011/01/13,0,185000,-610000,-425000
2011/01/14,0,57000,-82000,-25000
2011/01/17,0,60000,-152270,-92270
2011/01/18,0,41000,-40000,1000
2011/01/19,0,90000,-162000,-72000
2011/01/20,0,5000,-29000,-24000
2011/01/21,0,65000,-56000,9000
2011/01/24,0,0,-199000,-199000
2011/01/25,0,62000,-70000,-8000
2011/01/26,0,48000,-50000,-2000
2011/01/27,0,9000,-4000,5000
2011/01/28,0,0,-3000,-3000
2011/01/31,0,0,0,0
2011/02/01,0,0,0,0
2011/02/02,0,0,0,0
2011/02/03,0,0,0,0
2011/02/04,0,0,0,0
2011/02/07,0,0,0,0
2011/02/08,0,160760,-55000,105760
2011/02/09,0,37000,-94144,-57144
2011/02/10,0,19000,-55000,-36000
2011/02/11,0,5000,-224000,-219000
2011/02/14,0,3000,-52000,-49000
2011/02/15,0,7000,-134000,-127000
2011/02/16,0,201000,-152000,49000
2011/02/17,0,240000,-96000,144000
2011/02/18,0,89000,-330000,-241000
2011/02/21,0,95000,-306000,-211000
2011/02/22,0,190000,-27000,163000
2011/02/23,0,90000,-17000,73000
2011/02/24,0,151000,0,151000
2011/02/25,0,61000,-85000,-24000
2011/02/28,0,0,0,0
2011/03/01,0,14000,-260000,-246000
2011/03/02,0,81000,-59000,22000
2011/03/03,0,79000,-495000,-416000
2011/03/04,0,39000,-11000,28000
2011/03/07,0,123000,-88000,35000
2011/03/08,0,102000,-41000,61000
2011/03/09,0,86000,-39000,47000
2011/03/10,0,14000,-246000,-232000
2011/03/11,0,0,-38000,-38000
2011/03/14,0,43000,-208000,-165000
2011/03/15,0,217000,-203000,14000
2011/03/16,0,372000,-14000,358000
2011/03/17,0,284000,-200000,84000
2011/03/18,0,610000,-117000,493000
2011/03/21,0,13000,-38000,-25000
2011/03/22,0,0,-82000,-82000
2011/03/23,0,500000,-76000,424000
2011/03/24,0,307000,-1000,306000
2011/03/25,0,0,0,0
2011/03/28,0,174000,-65000,109000
2011/03/29,0,220000,-22000,198000
2011/03/30,0,0,-36000,-36000
2011/03/31,0,55000,-113000,-58000
2011/04/01,0,488000,-37000,451000
2011/04/04,0,0,0,0
2011/04/05,0,0,0,0
2011/04/06,0,123000,-301000,-178000
2011/04/07,0,7000,-373000,-366000
2011/04/08,0,102000,-300000,-198000
2011/04/11,0,13000,-194000,-181000
2011/04/12,0,87000,0,87000
2011/04/13,0,100000,0,100000
2011/04/14,0,106000,-187000,-81000
2011/04/15,0,1382000,-12000,1370000
2011/04/18,0,562000,-182660,379340
2011/04/19,0,310000,-281000,29000
2011/04/20,0,549000,-372000,177000
2011/04/21,0,100000,-1743000,-1643000
2011/04/22,0,31000,-4000,27000
2011/04/25,0,24000,-129000,-105000
2011/04/26,0,56000,-3000,53000
2011/04/27,0,199000,-1054000,-855000
2011/04/28,0,424000,-17000,407000
2011/04/29,0,32000,-48000,-16000
2011/05/02,0,0,0,0
2011/05/03,0,76000,-20000,56000
2011/05/04,0,107000,-27000,80000
2011/05/05,0,56000,-135000,-79000
2011/05/06,0,87000,-172000,-85000
2011/05/09,0,134000,-216000,-82000
2011/05/10,0,236000,-25000,211000
2011/05/11,0,185000,-104408,80592
2011/05/12,0,106000,-20000,86000
2011/05/13,0,40000,-103000,-63000
2011/05/16,0,55000,-350000,-295000
2011/05/17,0,148000,-180000,-32000
2011/05/18,0,400000,-73000,327000
2011/05/19,0,131000,-92728,38272
2011/05/20,0,15000,-110000,-95000
2011/05/23,0,54000,-25000,29000
2011/05/24,0,100000,-398000,-298000
2011/05/25,0,0,-36000,-36000
2011/05/26,0,300000,-132000,168000
2011/05/27,0,45000,-40000,5000
2011/05/30,0,22000,-119000,-97000
2011/05/31,0,199000,-260000,-61000
2011/06/01,0,44000,-12000,32000
2011/06/02,0,20000,-8000,12000
2011/06/03,0,2000,-193000,-191000
2011/06/06,0,0,0,0
2011/06/07,0,3000,0,3000
2011/06/08,0,0,-10000,-10000
2011/06/09,0,0,0,0
2011/06/10,0,1000,-376000,-375000
2011/06/13,0,200000,-74000,126000
2011/06/14,0,0,0,0
2011/06/15,0,0,0,0
2011/06/16,0,101000,0,101000
2011/06/17,0,50000,0,50000
2011/06/20,0,100000,-2000,98000
2011/06/21,0,18000,-3000,15000
2011/06/22,0,20000,-6000,14000
2011/06/23,0,22000,0,22000
2011/06/24,0,11000,-146000,-135000
2011/06/27,0,40000,-45000,-5000
2011/06/28,0,10000,0,10000
2011/06/29,0,1000,0,1000
2011/06/30,0,697000,0,697000
2011/07/01,0,330000,0,330000
2011/07/04,0,990000,-204000,786000
2011/07/05,0,12000,-388656,-376656
2011/07/06,0,394000,-163000,231000
2011/07/07,0,610000,-220000,390000
2011/07/08,0,355000,-224000,131000
2011/07/11,0,98000,-105000,-7000
2011/07/12,0,114000,-181000,-67000
2011/07/13,0,170000,-145000,25000
2011/07/14,0,65000,-181000,-116000
2011/07/15,0,46000,-61000,-15000
2011/07/18,0,40550,-132000,-91450
2011/07/19,0,76000,-14550,61450
2011/07/20,0,144000,-48000,96000
2011/07/21,0,662000,-72000,590000
2011/07/22,0,802000,-1071000,-269000
2011/07/25,0,124000,-61000,63000
2011/07/26,0,107000,-184000,-77000
2011/07/27,0,116000,-155000,-39000
2011/07/28,0,39000,-138000,-99000
2011/07/29,0,64000,-58000,6000
2011/08/01,0,234000,-291000,-57000
2011/08/02,0,33000,-34000,-1000
2011/08/03,0,127000,-502000,-375000
2011/08/04,0,134000,-1028000,-894000
2011/08/05,0,151000,-298000,-147000
2011/08/08,0,387000,-80000,307000
2011/08/09,0,70000,-110000,-40000
2011/08/10,0,58000,-37000,21000
2011/08/11,0,35000,-16000,19000
2011/08/12,0,46000,-50000,-4000
2011/08/15,0,23000,-6000,17000
2011/08/16,0,54000,-124000,-70000
2011/08/17,0,138000,-38000,100000
2011/08/18,0,76000,-95701,-19701
2011/08/19,0,124000,-182000,-58000
2011/08/22,0,36000,-1145000,-1109000
2011/08/23,0,63000,-32000,31000
2011/08/24,0,4000,-2000,2000
2011/08/25,0,58000,-32370,25630
2011/08/26,0,0,-18000,-18000
2011/08/29,0,15000,-1000,14000
2011/08/30,0,44000,-128500,-84500
2011/08/31,0,10000,-267027,-257027
2011/09/01,0,37000,-5000,32000
2011/09/02,0,46000,-34000,12000
2011/09/05,0,23000,-30000,-7000
2011/09/06,0,0,-68000,-68000
2011/09/07,0,43000,-3800,39200
2011/09/08,0,45000,-18000,27000
2011/09/09,0,21000,-2000,19000
2011/09/12,0,0,0,0
2011/09/13,0,1000,-38000,-37000
2011/09/14,0,10000,-48000,-38000
2011/09/15,0,158000,-106000,52000
2011/09/16,0,750000,-8000,742000
2011/09/19,0,557000,-158000,399000
2011/09/20,0,431000,-368000,63000
2011/09/21,0,302000,-124000,178000
2011/09/22,0,285000,-112000,173000
2011/09/23,0,616000,-650000,-34000
2011/09/26,0,528000,-162000,366000
2011/09/27,0,59000,-532000,-473000
2011/09/28,0,215000,-192000,23000
2011/09/29,0,506000,-44000,462000
2011/09/30,0,3000,-144000,-141000
2011/10/03,0,16000,-26000,-10000
2011/10/04,0,178000,-300000,-122000
2011/10/05,0,81000,-81979,-979
2011/10/06,0,101000,-50069,50931
2011/10/07,0,22000,0,22000
2011/10/10,0,0,0,0
2011/10/11,0,78000,-62000,16000
2011/10/12,0,48000,-122000,-74000
2011/10/13,0,13000,-135000,-122000
2011/10/14,0,8000,-40000,-32000
2011/10/17,0,6000,-7000,-1000
2011/10/18,0,12000,-15000,-3000
2011/10/19,0,54000,-84000,-30000
2011/10/20,0,18000,-28000,-10000
2011/10/21,0,117031,-3000,114031
2011/10/24,0,82000,0,82000
2011/10/25,0,12000,0,12000
2011/10/26,0,266000,0,266000
2011/10/27,0,689000,-91000,598000
2011/10/28,0,160000,-372000,-212000
2011/10/31,0,30000,-71394,-41394
2011/11/01,0,81000,-28000,53000
2011/11/02,0,57000,-28000,29000
2011/11/03,0,86000,-351000,-265000
2011/11/04,0,115000,-60000,55000
2011/11/07,0,0,-16000,-16000
2011/11/08,0,6000,-9000,-3000
2011/11/09,0,0,-14000,-14000
2011/11/10,0,131000,-20000,111000
2011/11/11,0,25000,-22000,3000
2011/11/14,0,0,0,0
2011/11/15,0,0,-36000,-36000
2011/11/16,0,9000,-37000,-28000
2011/11/17,0,18000,-38808,-20808
2011/11/18,0,146000,-20000,126000
2011/11/21,0,347000,-15000,332000
2011/11/22,0,236000,-1000,235000
2011/11/23,0,281000,-45000,236000
2011/11/24,0,115000,-18000,97000
2011/11/25,0,69000,-36000,33000
2011/11/28,0,54000,-18000,36000
2011/11/29,0,282000,-9000,273000
2011/11/30,0,12000,-64000,-52000
2011/12/01,0,112000,-204000,-92000
2011/12/02,0,19000,-7000,12000
2011/12/05,0,48000,-16000,32000
2011/12/06,0,16000,-41000,-25000
2011/12/07,0,14000,-5000,9000
2011/12/08,0,0,-39000,-39000
2011/12/09,0,62000,-101000,-39000
2011/12/12,0,4000,0,4000
2011/12/13,0,53000,-41000,12000
2011/12/14,0,5000,-3000,2000
2011/12/15,0,76000,-22000,54000
2011/12/16,0,85000,-3000,82000
2011/12/19,0,187000,-19000,168000
2011/12/20,0,46000,-6000,40000
2011/12/21,0,30000,-4000,26000
2011/12/22,0,37000,-24000,13000
2011/12/23,0,104000,-1000,103000
2011/12/26,0,17000,-20000,-3000
2011/12/27,0,80000,0,80000
2011/12/28,0,69000,-15000,54000
2011/12/29,0,75000,-1000,74000
2011/12/30,0,38000,-16000,22000
2012/01/02,0,65000,0,65000
2012/01/03,0,53000,-25000,28000
2012/01/04,0,20000,-30000,-10000
2012/01/05,0,66000,0,66000
2012/01/06,0,10000,-19000,-9000
2012/01/09,0,69000,-2000,67000
2012/01/10,0,64000,0,64000
2012/01/11,0,0,-2000,-2000
2012/01/12,0,14000,-6000,8000
2012/01/13,0,66000,-4000,62000
2012/01/16,0,0,-87000,-87000
2012/01/17,0,81000,0,81000
2012/01/18,0,0,-46000,-46000
2012/01/19,0,0,0,0
2012/01/20,0,0,0,0
2012/01/23,0,0,0,0
2012/01/24,0,0,0,0
2012/01/25,0,0,0,0
2012/01/26,0,0,0,0
2012/01/27,0,0,0,0
2012/01/30,0,233000,-12000,221000
2012/01/31,0,18000,-92672,-74672
2012/02/01,0,40000,-117000,-77000
2012/02/02,0,30000,-130000,-100000
2012/02/03,0,238000,-189000,49000
2012/02/06,0,20000,-334200,-314200
2012/02/07,0,4000,0,4000
2012/02/08,0,35000,-23000,12000
2012/02/09,0,1000,-1206000,-1205000
2012/02/10,0,5000,-159000,-154000
2012/02/13,0,39000,-4000,35000
2012/02/14,0,130000,-237000,-107000
2012/02/15,0,74000,-44000,30000
2012/02/16,0,47000,-227000,-180000
2012/02/17,0,63000,-61000,2000
2012/02/20,0,348000,-193000,155000
2012/02/21,0,20000,-182000,-162000
2012/02/22,0,289000,-8000,281000
2012/02/23,0,14000,-184000,-170000
2012/02/24,0,0,-359000,-359000
2012/02/27,0,0,0,0
2012/02/28,0,0,0,0
2012/02/29,0,163012,-54000,109012
2012/03/01,0,73000,-12000,61000
2012/03/02,0,25000,-78000,-53000
2012/03/05,0,70000,-460000,-390000
2012/03/06,0,50000,-101000,-51000
2012/03/07,0,31000,-95000,-64000
2012/03/08,0,7000,-80000,-73000
2012/03/09,0,78000,-51000,27000
2012/03/12,0,22000,-109443,-87443
2012/03/13,0,45000,-25000,20000
2012/03/14,0,51000,-12000,39000
2012/03/15,0,12000,-25000,-13000
2012/03/16,0,0,-88000,-88000
2012/03/19,0,4000,-231000,-227000
2012/03/20,0,13000,-107000,-94000
2012/03/21,0,11000,-22000,-11000
2012/03/22,0,74000,-4000,70000
2012/03/23,0,14000,-15000,-1000
2012/03/26,0,10000,-100000,-90000
2012/03/27,0,0,-67000,-67000
2012/03/28,0,0,-264000,-264000
2012/03/29,0,14000,-37396,-23396
2012/03/30,0,18000,-4000,14000
2012/04/02,0,21000,-71000,-50000
2012/04/03,0,82000,0,82000
2012/04/04,0,0,0,0
2012/04/05,0,87000,-4000,83000
2012/04/06,0,8000,-80000,-72000
2012/04/09,0,88000,-24000,64000
2012/04/10,0,36000,-70000,-34000
2012/04/11,0,18000,-29000,-11000
2012/04/12,0,0,-113000,-113000
2012/04/13,0,0,-38000,-38000
2012/04/16,0,0,-17000,-17000
2012/04/17,0,16000,-9000,7000
2012/04/18,0,24000,-100000,-76000
2012/04/19,0,50000,-2000,48000
2012/04/20,0,2000,0,2000
2012/04/23,0,104000,-301000,-197000
2012/04/24,0,8000,-143000,-135000
2012/04/25,0,10000,-1000,9000
2012/04/26,0,4003,-23000,-18997
2012/04/27,0,17000,-16000,1000
2012/04/30,0,40000,-5000,35000
2012/05/01,0,0,0,0
2012/05/02,0,64000,0,64000
2012/05/03,0,9000,-5000,4000
2012/05/04,0,8000,0,8000
2012/05/07,0,4000,-12000,-8000
2012/05/08,0,0,-326,-326
2012/05/09,0,37000,-15100,21900
2012/05/10,0,43000,0,43000
2012/05/11,0,79000,-2000,77000
2012/05/14,0,59000,-3000,56000
2012/05/15,0,187000,0,187000
2012/05/16,0,211000,-12000,199000
2012/05/17,0,0,0,0
2012/05/18,0,99000,-1000,98000
2012/05/21,0,124000,0,124000
2012/05/22,0,0,-1000,-1000
2012/05/23,0,91000,0,91000
2012/05/24,0,161000,-3000,158000
2012/05/25,0,13000,-2000,11000
2012/05/28,0,9000,-4693,4307
2012/05/29,0,4000,-10000,-6000
2012/05/30,0,4000,-20000,-16000
2012/05/31,0,8000,-2000,6000
2012/06/01,0,40000,-4000,36000
2012/06/04,0,228000,-2000,226000
2012/06/05,0,29000,-1000,28000
2012/06/06,0,5000,-3000,2000
2012/06/07,0,0,0,0
2012/06/08,0,0,0,0
2012/06/11,0,45000,-14000,31000
2012/06/12,0,26000,-17000,9000
2012/06/13,0,0,-6000,-6000
2012/06/14,0,50000,0,50000
2012/06/15,0,42000,-2000,40000
2012/06/18,0,0,-42000,-42000
2012/06/19,0,14000,-20000,-6000
2012/06/20,0,79000,0,79000
2012/06/21,0,0,-32000,-32000
2012/06/22,0,0,-15000,-15000
2012/06/25,0,0,-16089,-16089
2012/06/26,0,0,0,0
2012/06/27,0,0,-60000,-60000
2012/06/28,0,0,0,0
2012/06/29,0,0,0,0
2012/07/02,0,0,0,0
2012/07/03,0,0,0,0
2012/07/04,0,8000,-4000,4000
2012/07/05,0,8000,-32000,-24000
2012/07/06,0,57000,-1000,56000
2012/07/09,0,31000,0,31000
2012/07/10,0,32000,0,32000
2012/07/11,0,35000,-20000,15000
2012/07/12,0,110000,0,110000
2012/07/13,0,60000,-38096,21904
2012/07/16,0,176000,0,176000
2012/07/17,0,89000,-346000,-257000
2012/07/18,0,0,-47000,-47000
2012/07/19,0,50000,-7000,43000
2012/07/20,0,0,-4000,-4000
2012/07/23,0,40000,-46000,-6000
2012/07/24,0,30000,-2000,28000
2012/07/25,0,0,-120000,-120000
2012/07/26,0,11000,-18000,-7000
2012/07/27,0,2000,-12000,-10000
2012/07/30,0,0,-22000,-22000
2012/07/31,0,1000,0,1000
2012/08/01,0,18000,-1000,17000
2012/08/02,0,0,0,0
2012/08/03,0,20000,0,20000
2012/08/06,0,7000,-1000,6000
2012/08/07,0,0,-9000,-9000
2012/08/08,0,9000,0,9000
2012/08/09,0,60000,0,60000
2012/08/10,0,50000,0,50000
2012/08/13,0,15000,0,15000
2012/08/14,0,99000,0,99000
2012/08/15,0,23000,0,23000
2012/08/16,0,1000,0,1000
2012/08/17,0,106000,-10000,96000
2012/08/20,0,0,-9000,-9000
2012/08/21,0,45000,0,45000
2012/08/22,0,1000,-1000,0
2012/08/23,0,2000,0,2000
2012/08/24,0,0,-6000,-6000
2012/08/27,0,0,-8000,-8000
2012/08/28,0,4000,-13000,-9000
2012/08/29,0,0,0,0
2012/08/30,0,3000,-68000,-65000
2012/08/31,0,0,0,0
2012/09/03,0,0,-35000,-35000
2012/09/04,0,0,-27070,-27070
2012/09/05,0,0,-15000,-15000
2012/09/06,0,12000,-20000,-8000
2012/09/07,0,0,-2000,-2000
2012/09/10,0,10000,-9000,1000
2012/09/11,0,0,-2000,-2000
2012/09/12,0,19000,-8000,11000
2012/09/13,0,17000,0,17000
2012/09/14,0,34000,0,34000
2012/09/17,0,0,-8000,-8000
2012/09/18,0,53000,0,53000
2012/09/19,0,145000,0,145000
2012/09/20,0,2000,-31000,-29000
2012/09/21,0,0,0,0
2012/09/24,0,3000,-49000,-46000
2012/09/25,0,3000,-92000,-89000
2012/09/26,0,9000,0,9000
2012/09/27,0,17000,0,17000
2012/09/28,0,4000,0,4000
2012/10/01,0,1000,-2000,-1000
2012/10/02,0,10000,0,10000
2012/10/03,0,0,0,0
2012/10/04,0,44000,0,44000
2012/10/05,0,2000,0,2000
2012/10/08,0,0,-62000,-62000
2012/10/09,0,1000,-41000,-40000
2012/10/10,0,0,0,0
2012/10/11,0,0,-7458,-7458
2012/10/12,0,0,-54000,-54000
2012/10/15,0,10000,-18000,-8000
2012/10/16,0,0,-19000,-19000
2012/10/17,0,2000,-19000,-17000
2012/10/18,0,0,0,0
2012/10/19,0,0,-12000,-12000
2012/10/22,0,0,-12000,-12000
2012/10/23,0,0,-125000,-125000
2012/10/24,0,0,-1000,-1000
2012/10/25,0,0,-6000,-6000
2012/10/26,0,0,0,0
2012/10/29,0,0,-3000,-3000
2012/10/30,0,20000,0,20000
2012/10/31,0,0,-8000,-8000
2012/11/01,0,0,-2000,-2000
2012/11/02,0,0,0,0
2012/11/05,0,27000,-4000,23000
2012/11/06,0,8000,0,8000
2012/11/07,0,0,-25000,-25000
2012/11/08,0,0,-42000,-42000
2012/11/09,0,0,-5000,-5000
2012/11/12,0,0,-1000,-1000
2012/11/13,0,0,-7000,-7000
2012/11/14,0,0,-4000,-4000
2012/11/15,0,1000,-2000,-1000
2012/11/16,0,0,-11000,-11000
2012/11/19,0,5000,-6000,-1000
2012/11/20,0,0,-4000,-4000
2012/11/21,0,0,-62000,-62000
2012/11/22,0,0,-1000,-1000
2012/11/23,0,0,0,0
2012/11/26,0,11000,0,11000
2012/11/27,0,5000,-3000,2000
2012/11/28,0,14000,0,14000
2012/11/29,0,56000,0,56000
2012/11/30,0,47000,0,47000
2012/12/03,0,42000,-500,41500
2012/12/04,0,26000,0,26000
2012/12/05,0,95000,0,95000
2012/12/06,0,17000,-1000,16000
2012/12/07,0,8000,0,8000
2012/12/10,0,3000,-7000,-4000
2012/12/11,0,33000,0,33000
2012/12/12,0,58000,-33440,24560
2012/12/13,0,13000,0,13000
2012/12/14,0,5000,-1000,4000
2012/12/17,0,20000,-1000,19000
2012/12/18,0,0,0,0
2012/12/19,0,0,-10000,-10000
2012/12/20,0,0,-66000,-66000
2012/12/21,0,0,-69000,-69000
2012/12/24,0,23000,-11000,12000
2012/12/25,0,81000,0,81000
2012/12/26,0,10000,0,10000
2012/12/27,0,0,-16000,-16000
2012/12/28,0,0,-2000,-2000
2012/12/31,0,0,0,0
2013/01/01,0,0,0,0
2013/01/02,0,2000,0,2000
2013/01/03,0,0,-15000,-15000
2013/01/04,0,0,-48000,-48000
2013/01/07,0,1000,-41000,-40000
2013/01/08,0,22000,-37000,-15000
2013/01/09,0,16000,-12000,4000
2013/01/10,0,58000,-28000,30000
2013/01/11,0,0,0,0
2013/01/14,0,0,-95000,-95000
2013/01/15,0,0,-35000,-35000
2013/01/16,0,0,-26000,-26000
2013/01/17,0,300000,-55000,245000
2013/01/18,0,0,-2000,-2000
2013/01/21,0,60000,-64000,-4000
2013/01/22,0,46000,-7000,39000
2013/01/23,0,0,-60000,-60000
2013/01/24,0,70000,-22000,48000
2013/01/25,0,300000,-15000,285000
2013/01/28,0,50000,-4000,46000
2013/01/29,0,17000,-160000,-143000
2013/01/30,0,7000,-266000,-259000
2013/01/31,0,70000,-52000,18000
2013/02/01,0,1000,-16000,-15000
2013/02/04,0,16000,-70000,-54000
2013/02/05,0,51000,0,51000
2013/02/06,0,0,-6000,-6000
2013/02/07,0,0,0,0
2013/02/08,0,0,0,0
2013/02/11,0,0,0,0
2013/02/12,0,0,0,0
2013/02/13,0,0,0,0
2013/02/14,0,0,0,0
2013/02/15,0,0,0,0
2013/02/18,0,2000,-34000,-32000
2013/02/19,0,19000,0,19000
2013/02/20,0,2000,0,2000
2013/02/21,0,1000,0,1000
2013/02/22,0,14000,-3000,11000
2013/02/25,0,212000,-5000,207000
2013/02/26,0,222000,-5000,217000
2013/02/27,0,14000,0,14000
2013/02/28,0,0,0,0
2013/03/01,0,6000,-10000,-4000
2013/03/04,0,0,-11000,-11000
2013/03/05,0,0,-4000,-4000
2013/03/06,0,0,0,0
2013/03/07,0,0,0,0
2013/03/08,0,2000,0,2000
2013/03/11,0,0,-2000,-2000
2013/03/12,0,0,0,0
2013/03/13,0,0,-5000,-5000
2013/03/14,0,0,-16000,-16000
2013/03/15,0,10000,-135000,-125000
2013/03/18,0,0,-7000,-7000
2013/03/19,0,0,-198000,-198000
2013/03/20,0,49000,-269000,-220000
2013/03/21,0,0,0,0
2013/03/22,0,0,0,0
2013/03/25,0,0,-200000,-200000
2013/03/26,0,0,-3000,-3000
2013/03/27,0,0,-6000,-6000
2013/03/28,0,0,0,0
2013/03/29,0,12000,-1000,11000
2013/04/01,0,1000,0,1000
2013/04/02,0,0,-2000,-2000
2013/04/03,0,0,-19000,-19000
2013/04/04,0,0,0,0
2013/04/05,0,0,0,0
2013/04/08,0,6000,-12000,-6000
2013/04/09,0,4000,0,4000
2013/04/10,0,0,-6000,-6000
2013/04/11,0,2000,-3000,-1000
2013/04/12,0,0,0,0
2013/04/15,0,0,-1000,-1000
2013/04/16,0,0,0,0
2013/04/17,0,6000,-18000,-12000
2013/04/18,0,0,-829,-829
2013/04/19,0,0,0,0
2013/04/22,0,16000,-21000,-5000
2013/04/23,0,1000,0,1000
2013/04/24,0,3000,-5000,-2000
2013/04/25,0,33000,-6000,27000
2013/04/26,0,174000,0,174000
2013/04/29,0,74000,0,74000
2013/04/30,0,42000,0,42000
2013/05/01,0,0,0,0
2013/05/02,0,27000,-100000,-73000
2013/05/03,0,3000,-34000,-31000
2013/05/06,0,0,-80000,-80000
2013/05/07,0,2000,-10000,-8000
2013/05/08,0,12000,0,12000
2013/05/09,0,8000,0,8000
2013/05/10,0,5000,0,5000
2013/05/13,0,4000,-4000,0
2013/05/14,0,73000,-6000,67000
2013/05/15,0,6000,-9000,-3000
2013/05/16,0,61000,0,61000
2013/05/17,0,22000,0,22000
2013/05/20,0,0,0,0
2013/05/21,0,0,-3000,-3000
2013/05/22,0,0,-3000,-3000
2013/05/23,0,0,-88000,-88000
2013/05/24,0,2000,-18000,-16000
2013/05/27,0,8000,0,8000
2013/05/28,0,0,0,0
2013/05/29,0,0,0,0
2013/05/30,0,0,-43000,-43000
2013/05/31,0,0,-5000,-5000
2013/06/03,0,0,-6000,-6000
2013/06/04,0,0,-14000,-14000
2013/06/05,0,0,-4135,-4135
2013/06/06,0,0,-25000,-25000
2013/06/07,0,0,0,0
2013/06/10,0,0,0,0
2013/06/11,0,0,-5000,-5000
2013/06/12,0,0,0,0
2013/06/13,0,4000,-4000,0
2013/06/14,0,19000,0,19000
2013/06/17,0,0,0,0
2013/06/18,0,0,0,0
2013/06/19,0,0,-1000,-1000
2013/06/20,0,0,-3000,-3000
2013/06/21,0,14000,-6000,8000
2013/06/24,0,0,0,0
2013/06/25,0,29000,0,29000
2013/06/26,0,136000,-182,135818
2013/06/27,0,25000,-137000,-112000
2013/06/28,0,0,-17000,-17000
2013/07/01,0,0,-133000,-133000
2013/07/02,0,7000,-1000,6000
2013/07/03,0,0,0,0
2013/07/04,0,26000,0,26000
2013/07/05,0,63000,-8000,55000
2013/07/08,0,43000,-47000,-4000
2013/07/09,0,5000,0,5000
2013/07/10,0,23000,-13000,10000
2013/07/11,0,63000,-3000,60000
2013/07/12,0,0,-17000,-17000
2013/07/15,0,0,-2000,-2000
2013/07/16,0,38000,-2000,36000
2013/07/17,0,72000,-27000,45000
2013/07/18,0,14000,-4000,10000
2013/07/19,0,4000,-11000,-7000
2013/07/22,0,0,-7000,-7000
2013/07/23,0,26000,0,26000
2013/07/24,0,0,0,0
2013/07/25,0,9000,0,9000
2013/07/26,0,5000,0,5000
2013/07/29,0,0,0,0
2013/07/30,0,57000,0,57000
2013/07/31,0,11000,0,11000
2013/08/01,0,24000,0,24000
2013/08/02,0,24000,0,24000
2013/08/05,0,2000,-10000,-8000
2013/08/06,0,0,-39000,-39000
2013/08/07,0,0,-66000,-66000
2013/08/08,0,0,-16000,-16000
2013/08/09,0,0,-120000,-120000
2013/08/12,0,0,-20000,-20000
2013/08/13,0,0,0,0
2013/08/14,0,7000,-63000,-56000
2013/08/15,0,4000,-20000,-16000
2013/08/16,0,7000,-29000,-22000
2013/08/19,0,7000,0,7000
2013/08/20,0,0,-15000,-15000
2013/08/21,0,0,0,0
2013/08/22,0,0,-14000,-14000
2013/08/23,0,0,-15000,-15000
2013/08/26,0,0,0,0
2013/08/27,0,2000,-3000,-1000
2013/08/28,0,8000,0,8000
2013/08/29,0,8000,0,8000
2013/08/30,0,0,-5000,-5000
2013/09/02,0,0,0,0
2013/09/03,0,0,0,0
2013/09/04,0,0,0,0
2013/09/05,0,0,0,0
2013/09/06,0,8000,0,8000
2013/09/09,0,3000,-11000,-8000
2013/09/10,0,0,-3000,-3000
2013/09/11,0,0,0,0
2013/09/12,0,3000,0,3000
2013/09/13,0,0,0,0
2013/09/16,0,6000,-2000,4000
2013/09/17,0,0,-893,-893
2013/09/18,0,0,0,0
2013/09/19,0,0,0,0
2013/09/20,0,0,0,0
2013/09/23,0,0,0,0
2013/09/24,0,0,0,0
2013/09/25,0,0,0,0
2013/09/26,0,0,0,0
2013/09/27,0,3000,0,3000
2013/09/30,0,0,0,0
2013/10/01,0,0,0,0
2013/10/02,0,0,-11000,-11000
2013/10/03,0,0,0,0
2013/10/04,0,20000,-7000,13000
2013/10/07,0,0,-1000,-1000
2013/10/08,0,0,0,0
2013/10/09,0,0,-8000,-8000
2013/10/10,0,0,0,0
2013/10/11,0,0,0,0
2013/10/14,0,0,0,0
2013/10/15,0,17000,0,17000
2013/10/16,0,0,0,0
2013/10/17,0,0,0,0
2013/10/18,0,0,0,0
2013/10/21,0,0,0,0
2013/10/22,0,0,-3000,-3000
2013/10/23,0,0,0,0
2013/10/24,0,0,-1000,-1000
2013/10/25,0,0,-29000,-29000
2013/10/28,0,0,0,0
2013/10/29,0,0,0,0
2013/10/30,0,0,-1000,-1000
2013/10/31,0,0,-11000,-11000
2013/11/01,0,0,0,0
2013/11/04,0,238000,-8000,230000
2013/11/05,0,89000,0,89000
2013/11/06,0,0,0,0
2013/11/07,0,50000,0,50000
2013/11/08,0,0,0,0
2013/11/11,0,0,-6000,-6000
2013/11/12,0,8000,0,8000
2013/11/13,0,23000,0,23000
2013/11/14,0,11000,0,11000
2013/11/15,0,14000,-7000,7000
2013/11/18,0,1000,-5000,-4000
2013/11/19,0,0,0,0
2013/11/20,0,24000,0,24000
2013/11/21,0,18000,-22000,-4000
2013/11/22,0,0,-270000,-270000
2013/11/25,0,0,0,0
2013/11/26,0,2000,-50000,-48000
2013/11/27,0,0,-50000,-50000
2013/11/28,0,28000,0,28000
2013/11/29,0,7000,0,7000
2013/12/02,0,52000,0,52000
2013/12/03,0,362000,-3000,359000
2013/12/04,0,50000,0,50000
2013/12/05,0,0,0,0
2013/12/06,0,50000,0,50000
2013/12/09,0,23000,0,23000
2013/12/10,0,6000,0,6000
2013/12/11,0,0,-2000,-2000
2013/12/12,0,0,0,0
2013/12/13,0,0,0,0
2013/12/16,0,0,0,0
2013/12/17,0,0,-2000,-2000
2013/12/18,0,0,-18000,-18000
2013/12/19,0,0,0,0
2013/12/20,0,19000,0,19000
2013/12/23,0,180000,0,180000
2013/12/24,0,25000,0,25000
2013/12/25,0,126000,-15000,111000
2013/12/26,0,0,-16000,-16000
2013/12/27,0,1000,-33000,-32000
2013/12/30,0,201000,0,201000
2013/12/31,0,579000,-74000,505000
2014/01/02,0,144000,-60000,84000
2014/01/03,0,0,0,0
2014/01/06,0,0,-206000,-206000
2014/01/07,0,87000,0,87000
2014/01/08,0,40000,-540,39460
2014/01/09,0,0,-21000,-21000
2014/01/10,0,0,0,0
2014/01/13,0,0,0,0
2014/01/14,0,2000,-21000,-19000
2014/01/15,0,0,0,0
2014/01/16,0,0,0,0
2014/01/17,0,0,-12000,-12000
2014/01/20,0,21000,-458,20542
2014/01/21,0,2000,-120000,-118000
2014/01/22,0,0,-604000,-604000
2014/01/23,0,0,-1000,-1000
2014/01/24,0,4000,-150000,-146000
2014/01/27,0,180000,-150000,30000
2014/02/05,0,101000,-18000,83000
2014/02/06,0,16000,-8000,8000
2014/02/07,0,0,-1000,-1000
2014/02/10,0,34000,0,34000
2014/02/11,0,6000,0,6000
2014/02/12,0,20000,-4000,16000
2014/02/13,0,103000,-12000,91000
2014/02/14,0,16000,0,16000
2014/02/17,0,0,0,0
2014/02/18,0,0,-5000,-5000
2014/02/19,0,64000,-39000,25000
2014/02/20,0,39000,-51000,-12000
2014/02/21,0,0,-17000,-17000
2014/02/24,0,30000,0,30000
2014/02/25,0,12000,-25000,-13000
2014/02/26,0,0,-58000,-58000
2014/02/27,0,0,-42000,-42000
2014/03/03,0,90000,-84000,6000
2014/03/04,0,70000,0,70000
2014/03/05,0,0,0,0
2014/03/06,0,0,-4000,-4000
2014/03/07,0,29000,-1000,28000
2014/03/10,0,0,0,0
2014/03/11,0,0,0,0
2014/03/12,0,0,0,0
2014/03/13,0,0,-3000,-3000
2014/03/14,0,49000,0,49000
2014/03/17,0,0,0,0
2014/03/18,0,0,0,0
2014/03/19,0,0,0,0
2014/03/20,0,21000,-6000,15000
2014/03/21,0,0,-3000,-3000
2014/03/24,0,4000,0,4000
2014/03/25,0,0,-20000,-20000
2014/03/26,0,14000,-14000,0
2014/03/27,0,33000,0,33000
2014/03/28,0,0,0,0
2014/03/31,0,0,-49000,-49000
2014/04/01,0,28000,-37000,-9000
2014/04/02,0,28000,0,28000
2014/04/03,0,0,0,0
2014/04/07,0,0,-34000,-34000
2014/04/08,0,0,0,0
2014/04/09,0,0,-1000,-1000
2014/04/10,0,0,-13000,-13000
2014/04/11,0,0,0,0
2014/04/14,0,0,-87000,-87000
2014/04/15,0,0,-6000,-6000
2014/04/16,0,33000,-280,32720
2014/04/17,0,0,0,0
2014/04/18,0,0,-3000,-3000
2014/04/21,0,0,-3000,-3000
2014/04/22,0,0,-36000,-36000
2014/04/23,0,0,0,0
2014/04/24,0,0,-6000,-6000
2014/04/25,0,3000,-883,2117
2014/04/28,0,9000,-15000,-6000
2014/04/29,0,16000,-3000,13000
2014/04/30,0,18000,0,18000
2014/05/02,0,0,0,0
2014/05/05,0,14000,0,14000
2014/05/06,0,7000,-841,6159
2014/05/07,0,1000,-125,875
2014/05/08,0,0,-1000,-1000
2014/05/09,0,0,0,0
2014/05/12,0,0,-18000,-18000
2014/05/13,0,0,0,0
2014/05/14,0,92000,-67000,25000
2014/05/15,0,10000,0,10000
2014/05/16,0,0,0,0
2014/05/19,0,50000,-414,49586
2014/05/20,0,0,0,0
2014/05/21,0,0,0,0
2014/05/22,0,0,-50000,-50000
2014/05/23,0,6000,0,6000
2014/05/26,0,0,0,0
2014/05/27,0,50000,-495000,-445000
2014/05/28,0,0,0,0
2014/05/29,0,0,0,0
2014/05/30,0,0,-73000,-73000
2014/06/03,0,0,0,0
2014/06/04,0,0,0,0
2014/06/05,0,0,0,0
2014/06/06,0,0,0,0
2014/06/09,0,0,0,0
2014/06/10,0,0,0,0
2014/06/11,0,0,0,0
2014/06/12,0,0,0,0
2014/06/13,0,0,0,0
2014/06/16,0,0,0,0
2014/06/17,0,37000,0,37000
2014/06/18,0,24000,-9000,15000
2014/06/19,0,7000,0,7000
2014/06/20,0,0,0,0
2014/06/23,0,17000,0,17000
2014/06/24,0,23000,0,23000
2014/06/25,0,0,0,0
2014/06/26,0,17000,0,17000
2014/06/27,0,7000,0,7000
2014/06/30,0,8000,0,8000
2014/07/01,0,9000,-6000,3000
2014/07/02,0,114000,-2000,112000
2014/07/03,0,0,-109000,-109000
2014/07/04,0,0,-6000,-6000
2014/07/07,0,0,-5000,-5000
2014/07/08,0,1000,0,1000
2014/07/09,0,0,0,0
2014/07/10,0,24000,0,24000
2014/07/11,0,65000,0,65000
2014/07/14,0,0,-10000,-10000
2014/07/15,0,0,-20000,-20000
2014/07/16,0,0,-2460,-2460
2014/07/17,0,0,-476000,-476000
2014/07/18,0,0,-1000,-1000
2014/07/21,0,19000,0,19000
2014/07/22,0,16000,0,16000
2014/07/23,0,0,0,0
2014/07/24,0,0,-4000,-4000
2014/07/25,0,4000,-3000,1000
2014/07/28,0,25000,0,25000
2014/07/29,0,122000,0,122000
2014/07/30,0,0,-2000,-2000
2014/07/31,0,19000,-15000,4000
2014/08/01,0,11000,0,11000
2014/08/04,0,0,-5000,-5000
2014/08/05,0,0,-114000,-114000
2014/08/06,0,0,-11000,-11000
2014/08/07,0,10000,-30000,-20000
2014/08/08,0,20000,-2000,18000
2014/08/11,0,0,0,0
2014/08/12,0,0,-89000,-89000
2014/08/13,0,0,-1000,-1000
2014/08/14,0,0,-68000,-68000
2014/08/15,0,0,-11000,-11000
2014/08/18,0,0,-16000,-16000
2014/08/19,0,0,0,0
2014/08/20,0,1000,0,1000
2014/08/21,0,0,0,0
2014/08/22,0,9000,0,9000
2014/08/25,0,0,0,0
2014/08/26,0,0,0,0
2014/08/27,0,13000,0,13000
2014/08/28,0,0,0,0
2014/08/29,0,0,0,0
2014/09/01,0,0,0,0
2014/09/02,0,0,0,0
2014/09/03,0,0,0,0
2014/09/04,0,0,0,0
2014/09/05,0,0,0,0
2014/09/09,0,0,0,0
2014/09/10,0,0,0,0
2014/09/11,0,0,0,0
2014/09/12,0,0,-5000,-5000
2014/09/15,0,0,0,0
2014/09/16,0,0,0,0
2014/09/17,0,0,-8000,-8000
2014/09/18,0,0,0,0
2014/09/19,0,0,0,0
2014/09/22,0,0,-8000,-8000
2014/09/23,0,0,-13037,-13037
2014/09/24,0,0,0,0
2014/09/25,0,0,-22000,-22000
2014/09/26,0,0,-12000,-12000
2014/09/29,0,0,-1000,-1000
2014/09/30,0,23000,0,23000
2014/10/01,0,0,-23000,-23000
2014/10/02,0,29000,-1000,28000
2014/10/03,0,3000,-33000,-30000
2014/10/06,0,0,-7000,-7000
2014/10/07,0,0,-7000,-7000
2014/10/08,0,0,0,0
2014/10/09,0,11000,-25000,-14000
2014/10/13,0,37000,0,37000
2014/10/14,0,0,0,0
2014/10/15,0,0,-19000,-19000
2014/10/16,0,16000,-8000,8000
2014/10/17,0,0,-18000,-18000
2014/10/20,0,33000,0,33000
2014/10/21,0,0,0,0
2014/10/22,0,0,0,0
2014/10/23,0,4000,0,4000
2014/10/24,0,0,-1000,-1000
2014/10/27,0,0,0,0
2014/10/28,0,4000,0,4000
2014/10/29,0,0,-38000,-38000
2014/10/30,0,0,-5000,-5000
2014/10/31,0,0,-7000,-7000
2014/11/03,0,1000,-1000,0
2014/11/04,0,1000,0,1000
2014/11/05,0,0,0,0
2014/11/06,0,0,0,0
2014/11/07,0,0,0,0
2014/11/10,0,18000,0,18000
2014/11/11,0,0,0,0
2014/11/12,0,0,-2000,-2000
2014/11/13,0,0,-1000,-1000
2014/11/14,0,0,-15000,-15000
2014/11/17,0,5000,-6000,-1000
2014/11/18,0,10000,0,10000
2014/11/19,0,0,0,0
2014/11/20,0,5000,0,5000
2014/11/21,0,0,0,0
2014/11/24,0,0,-12000,-12000
2014/11/25,0,0,-8000,-8000
2014/11/26,0,0,0,0
2014/11/27,0,0,0,0
2014/11/28,0,0,-4000,-4000
2014/12/01,0,13000,0,13000
2014/12/02,0,0,-1000,-1000
2014/12/03,0,0,0,0
2014/12/04,0,0,-8000,-8000
2014/12/05,0,0,0,0
2014/12/08,0,0,0,0
2014/12/09,0,0,0,0
2014/12/10,0,0,0,0
2014/12/11,0,0,0,0
2014/12/12,0,0,-8000,-8000
2014/12/15,0,20000,0,20000
2014/12/16,0,30000,0,30000
2014/12/17,0,18000,0,18000
2014/12/18,0,0,-7000,-7000
2014/12/19,0,0,-51000,-51000
2014/12/22,0,6000,-6089,-89
2014/12/23,0,0,-3000,-3000
2014/12/24,0,0,-215,-215
2014/12/25,0,0,0,0
2014/12/26,0,0,0,0
2014/12/29,0,0,0,0
2014/12/30,0,0,0,0
2014/12/31,0,71000,0,71000
2015/01/01,0,0,0,0
2015/01/02,0,0,0,0
2015/01/05,0,0,-6000,-6000
2015/01/06,0,0,-66000,-66000
2015/01/07,0,0,-2000,-2000
2015/01/08,0,0,0,0
2015/01/09,0,8000,0,8000
2015/01/12,0,27000,0,27000
2015/01/13,0,21000,-6000,15000
2015/01/14,0,0,0,0
2015/01/15,0,0,-14000,-14000
2015/01/16,0,0,-18052,-18052
2015/01/19,0,0,-1000,-1000
2015/01/20,0,0,0,0
2015/01/21,0,0,0,0
2015/01/22,0,0,-1000,-1000
2015/01/23,0,0,0,0
2015/01/26,0,0,0,0
2015/01/27,0,0,0,0
2015/01/28,0,0,0,0
2015/01/29,0,7000,0,7000
2015/01/30,0,0,0,0
2015/02/02,0,0,0,0
2015/02/03,0,0,0,0
2015/02/04,0,0,0,0
2015/02/05,0,0,0,0
2015/02/06,0,0,-6000,-6000
2015/02/09,0,0,0,0
2015/02/10,0,57000,0,57000
2015/02/11,0,0,0,0
2015/02/12,0,0,0,0
2015/02/13,0,6000,-19000,-13000
2015/02/16,0,0,0,0
2015/02/17,0,0,0,0
2015/02/18,0,0,0,0
2015/02/19,0,0,0,0
2015/02/20,0,0,0,0
2015/02/23,0,0,0,0
2015/02/24,0,0,0,0
2015/02/25,0,0,-3000,-3000
2015/02/26,0,0,0,0
2015/02/27,0,0,0,0
2015/03/02,0,5000,0,5000
2015/03/03,0,0,0,0
2015/03/04,0,0,0,0
2015/03/05,0,0,-17079,-17079
2015/03/06,0,0,0,0
2015/03/09,0,0,0,0
2015/03/10,0,0,-17000,-17000
2015/03/11,0,0,-13000,-13000
2015/03/12,0,0,0,0
2015/03/13,0,0,0,0
2015/03/16,0,40000,0,40000
2015/03/17,0,15000,-80,14920
2015/03/18,0,0,-5000,-5000
2015/03/19,0,12000,0,12000
2015/03/20,0,0,-5000,-5000
2015/03/23,0,0,0,0
2015/03/24,0,0,0,0
2015/03/25,0,17000,0,17000
2015/03/26,0,31000,-2000,29000
2015/03/27,0,2000,-1000,1000
2015/03/30,0,6000,0,6000
2015/03/31,0,0,-4000,-4000
2015/04/01,0,0,-15000,-15000
2015/04/02,0,0,0,0
2015/04/03,0,0,0,0
2015/04/06,0,0,0,0
2015/04/07,0,0,0,0
2015/04/08,0,0,-8000,-8000
2015/04/09,0,0,0,0
2015/04/10,0,0,0,0
2015/04/13,0,0,0,0
2015/04/14,0,0,0,0
2015/04/15,0,0,-6000,-6000
2015/04/16,0,0,-88000,-88000
2015/04/17,0,0,0,0
2015/04/20,0,14000,0,14000
2015/04/21,0,0,0,0
2015/04/22,0,16000,0,16000
2015/04/23,0,15000,-13000,2000
2015/04/24,0,60000,0,60000
2015/04/27,0,28000,0,28000
2015/04/28,0,19000,0,19000
2015/04/29,0,141000,0,141000
2015/04/30,0,8000,0,8000
2015/05/01,0,0,0,0
2015/05/04,0,0,0,0
2015/05/05,0,0,0,0
2015/05/06,0,4000,-6000,-2000
2015/05/07,0,2000,-1000,1000
2015/05/08,0,2000,0,2000
2015/05/11,0,64000,-1000,63000
2015/05/12,0,39000,0,39000
2015/05/13,0,0,0,0
2015/05/14,0,0,-83000,-83000
2015/05/15,0,0,-44000,-44000
2015/05/18,0,0,-6000,-6000
2015/05/19,0,0,-16000,-16000
2015/05/20,0,0,-114000,-114000
2015/05/21,0,0,-104000,-104000
2015/05/22,0,0,-27000,-27000
2015/05/25,0,0,-14000,-14000
2015/05/26,0,0,0,0
2015/05/27,0,0,0,0
2015/05/28,0,0,0,0
2015/05/29,0,0,0,0
2015/06/01,0,0,0,0
2015/06/02,0,0,-5000,-5000
2015/06/03,0,0,-7000,-7000
2015/06/04,0,0,0,0
2015/06/05,0,0,0,0
2015/06/08,0,16000,0,16000
2015/06/09,0,0,0,0
2015/06/10,0,4000,0,4000
2015/06/11,0,0,0,0
2015/06/12,0,0,-6000,-6000
2015/06/15,0,0,0,0
2015/06/16,0,0,0,0
2015/06/17,0,9000,0,9000
2015/06/18,0,0,0,0
2015/06/19,0,0,0,0
2015/06/22,0,0,-1000,-1000
2015/06/23,0,0,-25000,-25000
2015/06/24,0,0,0,0
2015/06/25,0,0,0,0
2015/06/26,0,0,0,0
2015/06/29,0,0,0,0
2015/06/30,0,0,0,0
2015/07/01,0,0,-1000,-1000
2015/07/02,0,0,-2000,-2000
2015/07/03,0,0,-5000,-5000
2015/07/06,0,0,-1000,-1000
2015/07/07,0,0,0,0
2015/07/08,0,26000,-5000,21000
2015/07/09,0,10000,0,10000
2015/07/10,0,0,0,0
2015/07/13,0,0,-12000,-12000
2015/07/14,0,0,-21000,-21000
2015/07/15,0,0,-4000,-4000
2015/07/16,0,0,0,0
2015/07/17,0,0,0,0
2015/07/20,0,0,-15000,-15000
2015/07/21,0,0,0,0
2015/07/22,0,29000,0,29000
2015/07/23,0,21000,0,21000
2015/07/24,0,11000,0,11000
2015/07/27,0,80000,0,80000
2015/07/28,0,144000,0,144000
2015/07/29,0,0,0,0
2015/07/30,0,0,0,0
2015/07/31,0,0,-55000,-55000
2015/08/03,0,0,-34000,-34000
2015/08/04,0,91000,-10000,81000
2015/08/05,0,61000,0,61000
2015/08/06,0,7000,-4000,3000
2015/08/07,0,0,-8000,-8000
2015/08/10,0,8000,-6000,2000
2015/08/11,0,47000,-136000,-89000
2015/08/12,0,77000,0,77000
2015/08/13,0,0,-4000,-4000
2015/08/14,0,0,-5000,-5000
2015/08/17,0,38000,-3000,35000
2015/08/18,0,0,-93000,-93000
2015/08/19,0,18000,-23000,-5000
2015/08/20,0,24000,-29000,-5000
2015/08/21,0,0,-7000,-7000
2015/08/24,0,51000,-29000,22000
2015/08/25,0,0,-17000,-17000
2015/08/26,0,0,-18000,-18000
2015/08/27,0,0,-45000,-45000
2015/08/28,0,0,-23000,-23000
2015/08/31,0,1000,-42000,-41000
2015/09/01,0,10000,-35000,-25000
2015/09/02,0,0,-14000,-14000
2015/09/03,0,0,-4000,-4000
2015/09/04,0,0,-3000,-3000
2015/09/07,0,0,0,0
2015/09/08,0,0,0,0
2015/09/09,0,19000,0,19000
2015/09/10,0,0,0,0
2015/09/11,0,9000,-1000,8000
2015/09/14,0,0,-9000,-9000
2015/09/15,0,0,0,0
2015/09/16,0,0,0,0
2015/09/17,0,11000,0,11000
2015/09/18,0,17000,0,17000
2015/09/21,0,6000,-26000,-20000
2015/09/22,0,0,0,0
2015/09/23,0,0,-11000,-11000
2015/09/24,0,0,-4000,-4000
2015/09/25,0,40000,-19000,21000
2015/09/28,0,0,0,0
2015/09/29,0,0,0,0
2015/09/30,0,10000,0,10000
2015/10/01,0,17000,0,17000
2015/10/02,0,0,0,0
2015/10/05,0,0,-5000,-5000
2015/10/06,0,0,-1000,-1000
2015/10/07,0,14000,0,14000
2015/10/08,0,0,0,0
2015/10/09,0,0,0,0
2015/10/12,0,0,-14000,-14000
2015/10/13,0,0,-4000,-4000
2015/10/14,0,0,-5000,-5000
2015/10/15,0,0,0,0
2015/10/16,0,0,0,0
2015/10/19,0,5000,0,5000
2015/10/20,0,0,0,0
2015/10/21,0,0,-5000,-5000
2015/10/22,0,0,0,0
2015/10/23,0,0,0,0
2015/10/26,0,0,0,0
2015/10/27,0,0,0,0
2015/10/28,0,0,0,0
2015/10/29,0,11000,0,11000
2015/10/30,0,9000,-1000,8000
2015/11/02,0,0,0,0
2015/11/03,0,0,-10000,-10000
2015/11/04,0,7000,0,7000
2015/11/05,0,2000,0,2000
2015/11/06,0,3000,-22000,-19000
2015/11/09,0,12000,0,12000
2015/11/10,0,1000,0,1000
2015/11/11,0,2000,-16000,-14000
2015/11/12,0,0,-2000,-2000
2015/11/13,0,4000,-9243,-5243
2015/11/16,0,33000,-1000,32000
2015/11/17,0,8000,-16000,-8000
2015/11/18,0,0,-3000,-3000
2015/11/19,0,0,-9000,-9000
2015/11/20,0,0,-40000,-40000
2015/11/23,0,0,0,0
2015/11/24,0,0,-1000,-1000
2015/11/25,0,0,-270000,-270000
2015/11/26,0,1000,-2000,-1000
2015/11/27,0,29000,-73000,-44000
2015/11/30,0,430000,-42000,388000
2015/12/01,0,0,-52,-52
2015/12/02,0,0,0,0
2015/12/03,0,0,0,0
2015/12/04,0,0,0,0
2015/12/07,0,0,0,0
2015/12/08,0,0,-81000,-81000
2015/12/09,0,0,0,0
2015/12/10,0,10000,0,10000
2015/12/11,0,0,0,0
2015/12/14,0,28000,-3000,25000
2015/12/15,0,64000,0,64000
2015/12/16,0,0,-55000,-55000
2015/12/17,0,0,0,0
2015/12/18,0,0,-78000,-78000
2015/12/21,0,0,-86000,-86000
2015/12/22,0,0,-57000,-57000
2015/12/23,0,0,-30000,-30000
2015/12/24,0,0,0,0
2015/12/25,0,0,0,0
2015/12/28,0,0,0,0
2015/12/29,0,5000,0,5000
2015/12/30,0,0,0,0
2015/12/31,0,9000,0,9000
2016/01/01,0,0,0,0
2016/01/04,0,39000,-17000,22000
2016/01/05,0,0,0,0
2016/01/06,0,0,-120000,-120000
2016/01/07,0,194000,-24000,170000
2016/01/08,0,0,-71000,-71000
2016/01/11,0,83000,-32000,51000
2016/01/12,0,143000,-77000,66000
2016/01/13,0,31000,-36000,-5000
2016/01/14,0,54000,-35000,19000
2016/01/15,0,0,-26000,-26000
2016/01/18,0,85000,-94000,-9000
2016/01/19,0,165000,-37000,128000
2016/01/20,0,15000,-221000,-206000
2016/01/21,0,71000,-26000,45000
2016/01/22,0,19000,-73000,-54000
2016/01/25,0,109000,-10000,99000
2016/01/26,0,19000,-65000,-46000
2016/01/27,0,18000,-21000,-3000
2016/01/28,0,15000,-45000,-30000
2016/01/29,0,33000,0,33000
2016/02/01,0,5000,-77000,-72000
2016/02/02,0,9000,0,9000
2016/02/03,0,0,-4000,-4000
2016/02/04,0,0,0,0
2016/02/05,0,0,0,0
2016/02/08,0,0,0,0
2016/02/09,0,0,0,0
2016/02/10,0,0,0,0
2016/02/11,0,0,0,0
2016/02/12,0,0,0,0
2016/02/15,0,32000,-2000,30000
2016/02/16,0,93000,-26000,67000
2016/02/17,0,85000,-120000,-35000
2016/02/18,0,82000,-39000,43000
2016/02/19,0,2000,-26000,-24000
2016/02/22,0,312000,-59000,253000
2016/02/23,0,91000,-145000,-54000
2016/02/24,0,65000,-83000,-18000
2016/02/25,0,42000,-118000,-76000
2016/02/26,0,0,-33000,-33000
2016/02/29,0,0,0,0
2016/03/01,0,945000,-361000,584000
2016/03/02,0,338000,-227000,111000
2016/03/03,0,161000,-46000,115000
2016/03/04,0,70000,-412000,-342000
2016/03/07,0,506000,-453000,53000
2016/03/08,0,284000,-941000,-657000
2016/03/09,0,39000,-131000,-92000
2016/03/10,0,21000,-85000,-64000
2016/03/11,0,115000,-188000,-73000
2016/03/14,0,308000,-112000,196000
2016/03/15,0,177000,-45000,132000
2016/03/16,0,24000,-221000,-197000
2016/03/17,0,4000,-71000,-67000
2016/03/18,0,270000,-18000,252000
2016/03/21,0,25000,-187000,-162000
2016/03/22,0,1000,-198000,-197000
2016/03/23,0,0,-251000,-251000
2016/03/24,0,29000,-68000,-39000
2016/03/25,0,52000,-95000,-43000
2016/03/28,0,35000,-5000,30000
2016/03/29,0,28000,-249000,-221000
2016/03/30,0,68000,-100000,-32000
2016/03/31,0,8000,-69000,-61000
2016/04/01,0,52000,-50000,2000
2016/04/04,0,0,0,0
2016/04/05,0,0,0,0
2016/04/06,0,101000,-12000,89000
2016/04/07,0,18000,-18000,0
2016/04/08,0,12000,-46000,-34000
2016/04/11,0,2000,0,2000
2016/04/12,0,0,-70000,-70000
2016/04/13,0,675000,-238000,437000
2016/04/14,0,16000,-415000,-399000
2016/04/15,0,206000,-150000,56000
2016/04/18,0,46000,-64000,-18000
2016/04/19,0,184000,-117000,67000
2016/04/20,0,144000,-316000,-172000
2016/04/21,0,433000,-225000,208000
2016/04/22,0,35000,-184000,-149000
2016/04/25,0,15000,-34000,-19000
2016/04/26,0,51000,-217000,-166000
2016/04/27,0,15000,-71000,-56000
2016/04/28,0,75000,-56000,19000
2016/04/29,0,5000,-87000,-82000
2016/05/02,0,0,0,0
2016/05/03,0,70000,-7000,63000
2016/05/04,0,54000,-29000,25000
2016/05/05,0,11000,-55000,-44000
2016/05/06,0,55000,-47000,8000
2016/05/09,0,94000,-25000,69000
2016/05/10,0,15000,-32000,-17000
2016/05/11,0,16000,-15000,1000
2016/05/12,0,1000,-180000,-179000
2016/05/13,0,27000,-49000,-22000
2016/05/16,0,34000,-1000,33000
2016/05/17,0,58000,-2000,56000
2016/05/18,0,86000,-45000,41000
2016/05/19,0,38000,-235000,-197000
2016/05/20,0,4000,-61000,-57000
2016/05/23,0,66000,-21000,45000
2016/05/24,0,0,-32000,-32000
2016/05/25,0,25000,-51000,-26000
2016/05/26,0,47000,-167000,-120000
2016/05/27,0,13000,-34000,-21000
2016/05/30,0,16000,-56000,-40000
2016/05/31,0,20000,-38000,-18000
2016/06/01,0,31000,-55000,-24000
2016/06/02,0,28000,-30000,-2000
2016/06/03,0,12000,-46000,-34000
2016/06/06,0,1000,-59000,-58000
2016/06/07,0,8000,-60000,-52000
2016/06/08,0,1000,-11000,-10000
2016/06/09,0,0,0,0
2016/06/10,0,0,0,0
2016/06/13,0,0,-39000,-39000
2016/06/14,0,11000,-70000,-59000
2016/06/15,0,23000,-12000,11000
2016/06/16,0,4000,-12000,-8000
2016/06/17,0,12000,-53000,-41000
2016/06/20,0,69000,-11000,58000
2016/06/21,0,341000,-29000,312000
2016/06/22,0,54000,-52000,2000
2016/06/23,0,1000,-24000,-23000
2016/06/24,0,73000,-121000,-48000
2016/06/27,0,24000,0,24000
2016/06/28,0,12000,0,12000
2016/06/29,0,190000,-40000,150000
2016/06/30,0,10000,-139000,-129000
2016/07/01,0,13000,-37000,-24000
2016/07/04,0,5000,-2000,3000
2016/07/05,0,15000,-20000,-5000
2016/07/06,0,0,-20000,-20000
2016/07/07,0,0,-11000,-11000
2016/07/08,0,0,0,0
2016/07/11,0,3000,-32000,-29000
2016/07/12,0,10000,-21000,-11000
2016/07/13,0,1000,-19000,-18000
2016/07/14,0,5000,0,5000
2016/07/15,0,76000,-7000,69000
2016/07/18,0,32000,-35000,-3000
2016/07/19,0,121000,-45000,76000
2016/07/20,0,96000,-73000,23000
2016/07/21,0,185000,0,185000
2016/07/22,0,1000,-131000,-130000
2016/07/25,0,15000,-12000,3000
2016/07/26,0,25000,-31000,-6000
2016/07/27,0,1000,-50000,-49000
2016/07/28,0,57000,0,57000
2016/07/29,0,1000,-78000,-77000
2016/08/01,0,0,0,0
2016/08/02,0,3000,-20000,-17000
2016/08/03,0,60000,-23000,37000
2016/08/04,0,49000,-45000,4000
2016/08/05,0,21000,-26000,-5000
2016/08/08,0,0,-87000,-87000
2016/08/09,0,35000,-366588,-331588
2016/08/10,0,0,-24000,-24000
2016/08/11,0,0,-34000,-34000
2016/08/12,0,0,-23000,-23000
2016/08/15,0,2000,-3000,-1000
2016/08/16,0,70000,-1000,69000
2016/08/17,0,0,-146000,-146000
2016/08/18,0,0,-7000,-7000
2016/08/19,0,19000,-39000,-20000
2016/08/22,0,0,-38000,-38000
2016/08/23,0,33000,0,33000
2016/08/24,0,0,-27000,-27000
2016/08/25,0,0,-2000,-2000
2016/08/26,0,5000,-5000,0
2016/08/29,0,1000,-21000,-20000
2016/08/30,0,0,0,0
2016/08/31,0,0,-58000,-58000
2016/09/01,0,20000,-16000,4000
2016/09/02,0,8000,-20000,-12000
2016/09/05,0,16000,0,16000
2016/09/06,0,400000,-50000,350000
2016/09/07,0,488000,-102000,386000
2016/09/08,0,698000,-186000,512000
2016/09/09,0,444000,-310000,134000
2016/09/12,0,47000,-319000,-272000
2016/09/13,0,526000,-849000,-323000
2016/09/14,0,5000,-246000,-241000
2016/09/15,0,0,0,0
2016/09/16,0,0,0,0
2016/09/19,0,119000,-47000,72000
2016/09/20,0,306000,-36000,270000
2016/09/21,0,20000,-123000,-103000
2016/09/22,0,83000,-34000,49000
2016/09/23,0,18000,-25000,-7000
2016/09/26,0,1000,-240000,-239000
2016/09/27,0,0,0,0
2016/09/28,0,0,0,0
2016/09/29,0,35000,-420044,-385044
2016/09/30,0,6000,-373000,-367000
2016/10/03,0,35000,-4000,31000
2016/10/04,0,86000,-138000,-52000
2016/10/05,0,10000,-384000,-374000
2016/10/06,0,1000,-162000,-161000
2016/10/07,0,1000,-51000,-50000
2016/10/10,0,0,0,0
2016/10/11,0,18000,-340000,-322000
2016/10/12,0,65000,-6000,59000
2016/10/13,0,3000,-42000,-39000
2016/10/14,0,29000,-40000,-11000
2016/10/17,0,51000,-81000,-30000
2016/10/18,0,0,-18000,-18000
2016/10/19,0,1000,-239000,-238000
2016/10/20,0,65000,-231000,-166000
2016/10/21,0,0,-258000,-258000
2016/10/24,0,0,-506000,-506000
2016/10/25,0,0,0,0
2016/10/26,0,0,-416000,-416000
2016/10/27,0,0,-121000,-121000
2016/10/28,0,0,-309000,-309000
2016/10/31,0,3000,-45000,-42000
2016/11/01,0,9000,-52000,-43000
2016/11/02,0,104000,-40000,64000
2016/11/03,0,40000,-30000,10000
2016/11/04,0,0,-72000,-72000
2016/11/07,0,20000,-8000,12000
2016/11/08,0,80000,-1000,79000
2016/11/09,0,20000,-173000,-153000
2016/11/10,0,7000,-12000,-5000
2016/11/11,0,0,-80000,-80000
2016/11/14,0,17000,-7000,10000
2016/11/15,0,5000,-20000,-15000
2016/11/16,0,2000,-27000,-25000
2016/11/17,0,0,-128000,-128000
2016/11/18,0,3000,0,3000
2016/11/21,0,0,0,0
2016/11/22,0,15000,-2000,13000
2016/11/23,0,4000,-3000,1000
2016/11/24,0,0,0,0
2016/11/25,0,4000,0,4000
2016/11/28,0,19000,0,19000
2016/11/29,0,1000,-19000,-18000
2016/11/30,0,0,-809,-809
2016/12/01,0,0,0,0
2016/12/02,0,0,-24000,-24000
2016/12/05,0,0,-8000,-8000
2016/12/06,0,9000,-2000,7000
2016/12/07,0,44000,0,44000
2016/12/08,0,6000,0,6000
2016/12/09,0,1000,0,1000
2016/12/12,0,50000,0,50000
2016/12/13,0,0,0,0
2016/12/14,0,0,-33000,-33000
2016/12/15,0,7000,-12000,-5000
2016/12/16,0,120000,0,120000
2016/12/19,0,7000,0,7000
2016/12/20,0,44000,0,44000
2016/12/21,0,29000,-26000,3000
2016/12/22,0,1000,0,1000
2016/12/23,0,0,0,0
2016/12/26,0,0,0,0
2016/12/27,0,0,0,0
2016/12/28,0,0,0,0
2016/12/29,0,19000,0,19000
2016/12/30,0,9000,-29000,-20000
2017/01/02,0,0,0,0
2017/01/03,0,0,0,0
2017/01/04,0,0,0,0
2017/01/05,0,0,-2000,-2000
2017/01/06,0,0,-5000,-5000
2017/01/09,0,1000,-6000,-5000
2017/01/10,0,0,0,0
2017/01/11,0,0,-5000,-5000
2017/01/12,0,0,0,0
2017/01/13,0,0,0,0
2017/01/16,0,0,-6000,-6000
2017/01/17,0,4000,-10000,-6000
2017/01/18,0,8000,-23000,-15000
2017/01/19,0,0,-17000,-17000
2017/01/20,0,0,0,0
2017/01/23,0,0,-8000,-8000
2017/01/24,0,0,0,0
2017/01/25,0,0,0,0
2017/01/26,0,0,0,0
2017/01/27,0,0,0,0
2017/01/30,0,0,0,0
2017/01/31,0,0,0,0
2017/02/01,0,0,0,0
2017/02/02,0,51000,0,51000
2017/02/03,0,8000,0,8000
2017/02/06,0,0,-52000,-52000
2017/02/07,0,300000,0,300000
2017/02/08,0,656000,-6000,650000
2017/02/09,0,80000,-24000,56000
2017/02/10,0,300000,0,300000
2017/02/13,0,50000,0,50000
2017/02/14,0,0,-82000,-82000
2017/02/15,0,0,0,0
2017/02/16,0,1170000,0,1170000
2017/02/17,0,783000,-190000,593000
2017/02/20,0,237000,0,237000
2017/02/21,0,154000,0,154000
2017/02/22,0,246000,-752000,-506000
2017/02/23,0,945000,-505000,440000
2017/02/24,0,100000,-1224000,-1124000
2017/02/27,0,0,0,0
2017/02/28,0,0,0,0
2017/03/01,0,297000,-630000,-333000
2017/03/02,0,611000,-59000,552000
2017/03/03,0,528000,-11000,517000
2017/03/06,0,210000,-466000,-256000
2017/03/07,0,473000,-273000,200000
2017/03/08,0,29000,-121000,-92000
2017/03/09,0,23000,-1574000,-1551000
2017/03/10,0,974000,-50000,924000
2017/03/13,0,0,-10000,-10000
2017/03/14,0,0,-1000,-1000
2017/03/15,0,428000,0,428000
2017/03/16,0,204000,-193000,11000
2017/03/17,0,798000,-415000,383000
2017/03/20,0,142000,-114000,28000
2017/03/21,0,16000,-310000,-294000
2017/03/22,0,35000,-260000,-225000
2017/03/23,0,124000,-250000,-126000
2017/03/24,0,30000,-82000,-52000
2017/03/27,0,155000,-966000,-811000
2017/03/28,0,118000,-331000,-213000
2017/03/29,0,2000,-4000,-2000
2017/03/30,0,0,-9000,-9000
2017/03/31,0,0,-3000,-3000
2017/04/03,0,0,0,0
2017/04/04,0,0,0,0
2017/04/05,0,50000,-40000,10000
2017/04/06,0,16000,-7000,9000
2017/04/07,0,0,-13000,-13000
2017/04/10,0,180000,-23000,157000
2017/04/11,0,497000,-1034000,-537000
2017/04/12,0,70000,-97000,-27000
2017/04/13,0,866000,-397000,469000
2017/04/14,0,969000,-173000,796000
2017/04/17,0,183000,-20000,163000
2017/04/18,0,105000,-58000,47000
2017/04/19,0,227000,-42000,185000
2017/04/20,0,0,-26000,-26000
2017/04/21,0,142000,-113000,29000
2017/04/24,0,20000,0,20000
2017/04/25,0,0,-87000,-87000
2017/04/26,0,34000,-35000,-1000
2017/04/27,0,42000,-25000,17000
2017/04/28,0,15000,-56000,-41000
2017/05/01,0,0,0,0
2017/05/02,0,205000,-117000,88000
2017/05/03,0,30000,-70000,-40000
2017/05/04,0,80000,-65000,15000
2017/05/05,0,0,-11000,-11000
2017/05/08,0,20000,-70000,-50000
2017/05/09,0,20000,-168000,-148000
2017/05/10,0,0,0,0
2017/05/11,0,20000,0,20000
2017/05/12,0,0,-14000,-14000
2017/05/15,0,0,-8000,-8000
2017/05/16,0,30000,-31000,-1000
2017/05/17,0,0,-20000,-20000
2017/05/18,0,104000,0,104000
2017/05/19,0,191000,-36000,155000
2017/05/22,0,417000,-40000,377000
2017/05/23,0,110000,-77000,33000
2017/05/24,0,1000,-201000,-200000
2017/05/25,0,0,-10000,-10000
2017/05/26,0,88000,-3000,85000
2017/05/29,0,0,0,0
2017/05/30,0,0,0,0
2017/05/31,0,1000,-55000,-54000
2017/06/01,0,0,-11000,-11000
2017/06/02,0,1000,-10000,-9000
2017/06/05,0,0,-11000,-11000
2017/06/06,0,0,-1000,-1000
2017/06/07,0,207000,-409000,-202000
2017/06/08,0,53000,-73000,-20000
2017/06/09,0,0,-18000,-18000
2017/06/12,0,12000,-19000,-7000
2017/06/13,0,85000,-12000,73000
2017/06/14,0,47000,-15000,32000
2017/06/15,0,1000,-46000,-45000
2017/06/16,0,2000,-22000,-20000
2017/06/19,0,16000,-5000,11000
2017/06/20,0,147000,-45000,102000
2017/06/21,0,74000,-134000,-60000
2017/06/22,0,11000,-44000,-33000
2017/06/23,0,0,0,0
2017/06/26,0,172000,-80000,92000
2017/06/27,0,60000,-7000,53000
2017/06/28,0,73000,0,73000
2017/06/29,0,0,-1000,-1000
2017/06/30,0,35000,-1000,34000
2017/07/03,0,255000,-30000,225000
2017/07/04,0,20000,-26000,-6000
2017/07/05,0,207000,-90000,117000
2017/07/06,0,0,-62000,-62000
2017/07/07,0,0,-3000,-3000
2017/07/10,0,59000,-15000,44000
2017/07/11,0,94000,-115000,-21000
2017/07/12,0,3000,-126000,-123000
2017/07/13,0,54000,-24000,30000
2017/07/14,0,34000,-77000,-43000
2017/07/17,0,22000,-86000,-64000
2017/07/18,0,8000,-18000,-10000
2017/07/19,0,784000,-56000,728000
2017/07/20,0,532000,-646000,-114000
2017/07/21,0,130000,-318000,-188000
2017/07/24,0,71000,-194000,-123000
2017/07/25,0,1000,-95000,-94000
2017/07/26,0,41000,-193000,-152000
2017/07/27,0,219000,-11000,208000
2017/07/28,0,19000,-379000,-360000
2017/07/31,0,165000,-27000,138000
2017/08/01,0,366000,-1000,365000
2017/08/02,0,47000,-263000,-216000
2017/08/03,0,0,-58000,-58000
2017/08/04,0,111000,-52000,59000
2017/08/07,0,91000,-74000,17000
2017/08/08,0,0,-86000,-86000
2017/08/09,0,26000,-122000,-96000
2017/08/10,0,0,-167000,-167000
2017/08/11,0,26000,0,26000
2017/08/14,0,0,-57000,-57000
2017/08/15,0,2000,-46000,-44000
2017/08/16,0,164000,-9000,155000
2017/08/17,0,27000,-117000,-90000
2017/08/18,0,5000,-10000,-5000
