Date,Open,Buy,Sell,Total
2007/01/02,0,510000,-56000,454000
2007/01/03,0,174000,-193000,-19000
2007/01/04,0,705000,-205000,500000
2007/01/05,0,1292000,-748000,544000
2007/01/08,0,825000,-446281,378719
2007/01/09,0,215000,-43000,172000
2007/01/10,0,101000,-1139000,-1038000
2007/01/11,0,139000,-182000,-43000
2007/01/12,0,100000,-183000,-83000
2007/01/15,0,78000,-201000,-123000
2007/01/16,0,132000,-24000,108000
2007/01/17,0,156000,-783000,-627000
2007/01/18,0,50000,-325000,-275000
2007/01/19,0,155000,-9000,146000
2007/01/22,0,70000,-220000,-150000
2007/01/23,0,25000,-90000,-65000
2007/01/24,0,357000,-40000,317000
2007/01/25,0,385000,-92000,293000
2007/01/26,0,342000,-319422,22578
2007/01/29,0,75000,-218000,-143000
2007/01/30,0,109000,-104347,4653
2007/01/31,0,286000,-289640,-3640
2007/02/01,0,128000,-23000,105000
2007/02/02,0,146000,-2000,144000
2007/02/05,0,50000,-42000,8000
2007/02/06,0,95000,-93000,2000
2007/02/07,0,180000,-52000,128000
2007/02/08,0,555283,-226000,329283
2007/02/09,0,665000,-234040,430960
2007/02/12,0,74000,-218000,-144000
2007/02/13,0,116000,-90030,25970
2007/02/14,0,1027000,-883040,143960
2007/02/15,0,0,0,0
2007/02/16,0,0,0,0
2007/02/19,0,0,0,0
2007/02/20,0,0,0,0
2007/02/21,0,0,0,0
2007/02/22,0,0,0,0
2007/02/23,0,0,0,0
2007/02/26,0,1182000,-921176,260824
2007/02/27,0,1274000,-1741000,-467000
2007/02/28,0,0,0,0
2007/03/01,0,790000,-3169320,-2379320
2007/03/02,0,1101000,-2055000,-954000
2007/03/05,0,309000,-789000,-480000
2007/03/06,0,17000,-1135000,-1118000
2007/03/07,0,265000,-1058561,-793561
2007/03/08,0,0,-778960,-778960
2007/03/09,0,83000,-544000,-461000
2007/03/12,0,5000,-184000,-179000
2007/03/13,0,273000,-378000,-105000
2007/03/14,0,0,-806000,-806000
2007/03/15,0,126000,-46000,80000
2007/03/16,0,63000,-423000,-360000
2007/03/19,0,30000,-334000,-304000
2007/03/20,0,60000,-292000,-232000
2007/03/21,0,6000,-215000,-209000
2007/03/22,0,1363000,-477000,886000
2007/03/23,0,1185000,0,1185000
2007/03/26,0,680000,0,680000
2007/03/27,0,750000,-317080,432920
2007/03/28,0,214000,-181000,33000
2007/03/29,0,481000,-446000,35000
2007/03/30,0,175000,-74000,101000
2007/04/02,0,20000,-327000,-307000
2007/04/03,0,41000,-34000,7000
2007/04/04,0,422000,-17000,405000
2007/04/05,0,0,0,0
2007/04/06,0,0,0,0
2007/04/09,0,1073000,-290000,783000
2007/04/10,0,2917000,-11000,2906000
2007/04/11,0,1983000,-91000,1892000
2007/04/12,0,640000,-43000,597000
2007/04/13,0,29000,-187009,-158009
2007/04/16,0,318000,-753000,-435000
2007/04/17,0,223000,-449367,-226367
2007/04/18,0,251000,-304000,-53000
2007/04/19,0,522000,-1483000,-961000
2007/04/20,0,971000,-559000,412000
2007/04/23,0,2068000,-811000,1257000
2007/04/24,0,2001000,-638000,1363000
2007/04/25,0,1677000,-218000,1459000
2007/04/26,0,6411000,-974000,5437000
2007/04/27,0,1120000,-419000,701000
2007/04/30,0,1117009,-704560,412449
2007/05/01,0,0,0,0
2007/05/02,0,1188100,-248100,940000
2007/05/03,0,530000,-35000,495000
2007/05/04,0,1613000,-339000,1274000
2007/05/07,0,408000,-53000,355000
2007/05/08,0,410000,-21000,389000
2007/05/09,0,500000,-16000,484000
2007/05/10,0,740000,-31000,709000
2007/05/11,0,453000,-143000,310000
2007/05/14,0,582000,-260000,322000
2007/05/15,0,78000,-83000,-5000
2007/05/16,0,197000,-30000,167000
2007/05/17,0,508000,-97000,411000
2007/05/18,0,515000,-235000,280000
2007/05/21,0,440000,-11000,429000
2007/05/22,0,195000,-519000,-324000
2007/05/23,0,454000,-46000,408000
2007/05/24,0,189000,-37000,152000
2007/05/25,0,279000,-178000,101000
2007/05/28,0,105000,-23000,82000
2007/05/29,0,951000,0,951000
2007/05/30,0,902000,-346000,556000
2007/05/31,0,487000,-2124560,-1637560
2007/06/01,0,630000,-496000,134000
2007/06/04,0,107000,-186000,-79000
2007/06/05,0,91000,-245000,-154000
2007/06/06,0,651000,-545000,106000
2007/06/07,0,351000,-91000,260000
2007/06/08,0,104000,-68000,36000
2007/06/11,0,93000,-98000,-5000
2007/06/12,0,10000,-155000,-145000
2007/06/13,0,354000,-98000,256000
2007/06/14,0,198000,-19000,179000
2007/06/15,0,404000,-45000,359000
2007/06/18,0,0,0,0
2007/06/19,0,0,0,0
2007/06/20,0,1734000,-38000,1696000
2007/06/21,0,1834000,-278000,1556000
2007/06/22,0,509000,-91000,418000
2007/06/25,0,558000,-74000,484000
2007/06/26,0,381000,-22000,359000
2007/06/27,0,76000,-255000,-179000
2007/06/28,0,531000,-150000,381000
2007/06/29,0,208000,-511559,-303559
2007/07/02,0,144000,-137000,7000
2007/07/03,0,260000,-8000,252000
2007/07/04,0,468000,-3000,465000
2007/07/05,0,519000,0,519000
2007/07/06,0,39000,-47000,-8000
2007/07/09,0,423000,-2000,421000
2007/07/10,0,380000,-55000,325000
2007/07/11,0,73000,-123000,-50000
2007/07/12,0,39000,-184000,-145000
2007/07/13,0,419000,-59000,360000
2007/07/16,0,108000,-517000,-409000
2007/07/17,0,309000,-284000,25000
2007/07/18,0,292000,-453000,-161000
2007/07/19,0,164000,-445000,-281000
2007/07/20,0,215000,-133000,82000
2007/07/23,0,395000,-101000,294000
2007/07/24,0,1043000,-87000,956000
2007/07/25,0,480000,-158000,322000
2007/07/26,0,772000,-436880,335120
2007/07/27,0,88000,-1977000,-1889000
2007/07/30,0,721000,-6287000,-5566000
2007/07/31,0,461000,-2051781,-1590781
2007/08/01,0,93000,-3046000,-2953000
2007/08/02,0,236000,-351000,-115000
2007/08/03,0,149000,-981000,-832000
2007/08/06,0,221000,-444000,-223000
2007/08/07,0,73000,-297000,-224000
2007/08/08,0,1694000,-128000,1566000
2007/08/09,0,661000,-274000,387000
2007/08/10,0,25000,-923000,-898000
2007/08/13,0,267000,-3000,264000
2007/08/14,0,56000,-108000,-52000
2007/08/15,0,264000,-2206000,-1942000
2007/08/16,0,436000,-1193000,-757000
2007/08/17,0,110000,-1123000,-1013000
2007/08/20,0,5132000,-4000,5128000
2007/08/21,0,2614000,-2028800,585200
2007/08/22,0,322000,-89906,232094
2007/08/23,0,1745000,-52000,1693000
2007/08/24,0,450000,-115000,335000
2007/08/27,0,1142000,-399000,743000
2007/08/28,0,1410000,-60760,1349240
2007/08/29,0,709176,-370000,339176
2007/08/30,0,352000,-351000,1000
2007/08/31,0,755000,-93000,662000
2007/09/03,0,158000,-181000,-23000
2007/09/04,0,201000,-77000,124000
2007/09/05,0,1807000,-726000,1081000
2007/09/06,0,1906000,-281000,1625000
2007/09/07,0,1258000,-226000,1032000
2007/09/10,0,1280000,-721000,559000
2007/09/11,0,594000,-382000,212000
2007/09/12,0,302127,-350000,-47873
2007/09/13,0,667000,-292000,375000
2007/09/14,0,936000,-11000,925000
2007/09/17,0,1501000,-392000,1109000
2007/09/18,0,0,0,0
2007/09/19,0,2047000,-69000,1978000
2007/09/20,0,1046000,-348000,698000
2007/09/21,0,322000,-13000,309000
2007/09/24,0,0,0,0
2007/09/25,0,0,0,0
2007/09/26,0,2214000,-23000,2191000
2007/09/27,0,8221000,-492000,7729000
2007/09/28,0,1327000,-286768,1040232
2007/10/01,0,1541000,-30000,1511000
2007/10/02,0,1671000,-114864,1556136
2007/10/03,0,601000,-116000,485000
2007/10/04,0,852000,-181000,671000
2007/10/05,0,453000,-257480,195520
2007/10/08,0,731000,-127000,604000
2007/10/09,0,438000,-266000,172000
2007/10/10,0,0,0,0
2007/10/11,0,1789000,-165000,1624000
2007/10/12,0,104000,-702000,-598000
2007/10/15,0,1013000,-244000,769000
2007/10/16,0,71000,-290000,-219000
2007/10/17,0,2003000,-2327000,-324000
2007/10/18,0,2302000,-547000,1755000
2007/10/19,0,188000,-287000,-99000
2007/10/22,0,2111000,-1554000,557000
2007/10/23,0,2216000,-2025000,191000
2007/10/24,0,214000,-885000,-671000
2007/10/25,0,1975629,-769000,1206629
2007/10/26,0,655000,-135000,520000
2007/10/29,0,964000,-303000,661000
2007/10/30,0,1118000,-2948272,-1830272
2007/10/31,0,3473000,-1729000,1744000
2007/11/01,0,2876000,-738000,2138000
2007/11/02,0,1895000,-2854903,-959903
2007/11/05,0,1560000,-637000,923000
2007/11/06,0,766000,-536000,230000
2007/11/07,0,2071000,-537880,1533120
2007/11/08,0,2115000,-1073000,1042000
2007/11/09,0,1430000,-129000,1301000
2007/11/12,0,54000,-1177000,-1123000
2007/11/13,0,211000,-437000,-226000
2007/11/14,0,1432000,-242000,1190000
2007/11/15,0,1222000,-755000,467000
2007/11/16,0,697000,-1194000,-497000
2007/11/19,0,86000,-548000,-462000
2007/11/20,0,2565000,-1993712,571288
2007/11/21,0,119000,-1626633,-1507633
2007/11/22,0,1319000,-3597000,-2278000
2007/11/23,0,75000,-2721000,-2646000
2007/11/26,0,1234000,-562000,672000
2007/11/27,0,819000,-513000,306000
2007/11/28,0,252000,-994000,-742000
2007/11/29,0,1277000,-1440126,-163126
2007/11/30,0,1602000,-2205701,-603701
2007/12/03,0,53000,-870000,-817000
2007/12/04,0,64000,-5008000,-4944000
2007/12/05,0,201000,-1144000,-943000
2007/12/06,0,1532336,-591000,941336
2007/12/07,0,1200178,-11000,1189178
2007/12/10,0,556000,-1386000,-830000
2007/12/11,0,724000,-1147000,-423000
2007/12/12,0,171000,-88000,83000
2007/12/13,0,111000,-532264,-421264
2007/12/14,0,452000,-1381000,-929000
2007/12/17,0,126000,-807000,-681000
2007/12/18,0,561000,-247880,313120
2007/12/19,0,35000,-692000,-657000
2007/12/20,0,303000,-326000,-23000
2007/12/21,0,653000,-142000,511000
2007/12/24,0,473000,-216000,257000
2007/12/25,0,643000,-86000,557000
2007/12/26,0,203000,-35000,168000
2007/12/27,0,456000,-66000,390000
2007/12/28,0,526000,-742000,-216000
2007/12/31,0,63000,-1084000,-1021000
2008/01/01,0,0,0,0
2008/01/02,0,63000,-876440,-813440
2008/01/03,0,106000,-1139000,-1033000
2008/01/04,0,297000,-1946000,-1649000
2008/01/07,0,340000,-2041000,-1701000
2008/01/08,0,648000,-6111000,-5463000
2008/01/09,0,2517000,-5162024,-2645024
2008/01/10,0,1271000,-1780000,-509000
2008/01/11,0,2145000,-1824000,321000
2008/01/14,0,10906000,-2254000,8652000
2008/01/15,0,4093000,-130874,3962126
2008/01/16,0,3940000,-1897000,2043000
2008/01/17,0,1194001,-646000,548001
2008/01/18,0,1372169,-1553975,-181806
2008/01/21,0,798000,-1344520,-546520
2008/01/22,0,770000,-874000,-104000
2008/01/23,0,582000,-1527000,-945000
2008/01/24,0,603000,-917000,-314000
2008/01/25,0,2183000,-99000,2084000
2008/01/28,0,388000,-2005000,-1617000
2008/01/29,0,507000,-4762234,-4255234
2008/01/30,0,596127,-1034000,-437873
2008/01/31,0,503000,-140000,363000
2008/02/01,0,586000,-822000,-236000
2008/02/04,0,0,0,0
2008/02/05,0,0,0,0
2008/02/06,0,0,0,0
2008/02/07,0,0,0,0
2008/02/08,0,0,0,0
2008/02/11,0,0,0,0
2008/02/12,0,2583000,-1255540,1327460
2008/02/13,0,2239000,-745000,1494000
2008/02/14,0,1305000,-613140,691860
2008/02/15,0,407000,-80000,327000
2008/02/18,0,1616000,-128000,1488000
2008/02/19,0,3143000,-68000,3075000
2008/02/20,0,201000,-1211000,-1010000
2008/02/21,0,3063000,-150992,2912008
2008/02/22,0,177000,-260000,-83000
2008/02/25,0,1297000,-140000,1157000
2008/02/26,0,1096000,-99000,997000
2008/02/27,0,1979000,-716000,1263000
2008/02/28,0,0,0,0
2008/02/29,0,4111284,-2666369,1444915
2008/03/03,0,2232000,-1198000,1034000
2008/03/04,0,2750000,-267000,2483000
2008/03/05,0,658000,-595000,63000
2008/03/06,0,1559000,-558000,1001000
2008/03/07,0,500000,-167000,333000
2008/03/10,0,1148000,-1363000,-215000
2008/03/11,0,888000,-248000,640000
2008/03/12,0,1528787,-225000,1303787
2008/03/13,0,456000,-914000,-458000
2008/03/14,0,116000,-426898,-310898
2008/03/17,0,349000,-2656000,-2307000
2008/03/18,0,657000,-1729000,-1072000
2008/03/19,0,1496000,-1002000,494000
2008/03/20,0,831000,-628000,203000
2008/03/21,0,1746000,-1115000,631000
2008/03/24,0,6297000,-384000,5913000
2008/03/25,0,2579000,-68000,2511000
2008/03/26,0,639000,-46000,593000
2008/03/27,0,147042,-338000,-190958
2008/03/28,0,2874042,-2529000,345042
2008/03/31,0,338019,-710000,-371981
2008/04/01,0,438939,-501000,-62061
2008/04/02,0,432000,-90000,342000
2008/04/03,0,1750000,-240000,1510000
2008/04/04,0,0,0,0
2008/04/07,0,496000,-70000,426000
2008/04/08,0,204000,-761000,-557000
2008/04/09,0,407000,-529000,-122000
2008/04/10,0,893000,-173000,720000
2008/04/11,0,218000,-142312,75688
2008/04/14,0,547000,-464000,83000
2008/04/15,0,67000,-164000,-97000
2008/04/16,0,1104000,-434000,670000
2008/04/17,0,771000,-1840396,-1069396
2008/04/18,0,224000,-633001,-409001
2008/04/21,0,682000,-26000,656000
2008/04/22,0,40000,-241576,-201576
2008/04/23,0,451000,-134000,317000
2008/04/24,0,120000,-136000,-16000
2008/04/25,0,68000,-134000,-66000
2008/04/28,0,945000,-514000,431000
2008/04/29,0,140000,-679000,-539000
2008/04/30,0,362000,-617000,-255000
2008/05/01,0,0,0,0
2008/05/02,0,617000,-48000,569000
2008/05/05,0,59000,-624000,-565000
2008/05/06,0,338000,-125000,213000
2008/05/07,0,59000,-71000,-12000
2008/05/08,0,200000,-754000,-554000
2008/05/09,0,32000,-1420000,-1388000
2008/05/12,0,260000,-16000,244000
2008/05/13,0,694000,-1410000,-716000
2008/05/14,0,286000,-440000,-154000
2008/05/15,0,1322000,-1499000,-177000
2008/05/16,0,652000,-128000,524000
2008/05/19,0,906000,-168000,738000
2008/05/20,0,533000,-483000,50000
2008/05/21,0,181000,-502289,-321289
2008/05/22,0,517000,-896000,-379000
2008/05/23,0,323000,-385000,-62000
2008/05/26,0,1668000,-647000,1021000
2008/05/27,0,974000,-275000,699000
2008/05/28,0,1360000,-992000,368000
2008/05/29,0,793000,-389000,404000
2008/05/30,0,3870268,-1601000,2269268
2008/06/02,0,736000,-106000,630000
2008/06/03,0,1089000,-701000,388000
2008/06/04,0,488000,-247000,241000
2008/06/05,0,1163000,-764000,399000
2008/06/06,0,51000,-333000,-282000
2008/06/09,0,409000,-657000,-248000
2008/06/10,0,1174000,-1469846,-295846
2008/06/11,0,448000,-53000,395000
2008/06/12,0,1284000,-839168,444832
2008/06/13,0,616000,-553000,63000
2008/06/16,0,1118000,-475000,643000
2008/06/17,0,406000,-170056,235944
2008/06/18,0,435000,-723000,-288000
2008/06/19,0,607000,-1406000,-799000
2008/06/20,0,724755,-583000,141755
2008/06/23,0,881000,-186000,695000
2008/06/24,0,580000,-297000,283000
2008/06/25,0,1298000,-353301,944699
2008/06/26,0,290000,-505000,-215000
2008/06/27,0,1255000,-852000,403000
2008/06/30,0,697000,-201000,496000
2008/07/01,0,1158000,-309000,849000
2008/07/02,0,210000,-527000,-317000
2008/07/03,0,432000,-1149000,-717000
2008/07/04,0,214000,-1138000,-924000
2008/07/07,0,681000,-1282000,-601000
2008/07/08,0,462000,-2101000,-1639000
2008/07/09,0,1208000,-603000,605000
2008/07/10,0,878000,-433000,445000
2008/07/11,0,343000,-641000,-298000
2008/07/14,0,222000,-377000,-155000
2008/07/15,0,168000,-897000,-729000
2008/07/16,0,475000,-694000,-219000
2008/07/17,0,860000,-2386323,-1526323
2008/07/18,0,357000,-3272000,-2915000
2008/07/21,0,1101000,-2449000,-1348000
2008/07/22,0,626000,-798000,-172000
2008/07/23,0,1225000,-525087,699913
2008/07/24,0,733000,-836000,-103000
2008/07/25,0,66000,-673000,-607000
2008/07/28,0,0,0,0
2008/07/29,0,245000,-866000,-621000
2008/07/30,0,501760,-382000,119760
2008/07/31,0,1498000,-462000,1036000
2008/08/01,0,268000,-424000,-156000
2008/08/04,0,433000,-372000,61000
2008/08/05,0,934000,-998000,-64000
2008/08/06,0,1277000,-96000,1181000
2008/08/07,0,98000,-146000,-48000
2008/08/08,0,723000,-311000,412000
2008/08/11,0,211000,-513000,-302000
2008/08/12,0,213000,-305000,-92000
2008/08/13,0,92000,-550000,-458000
2008/08/14,0,214000,-887000,-673000
2008/08/15,0,100000,-1708000,-1608000
2008/08/18,0,121000,-1204000,-1083000
2008/08/19,0,247000,-2368000,-2121000
2008/08/20,0,282000,-1080674,-798674
2008/08/21,0,76000,-353000,-277000
2008/08/22,0,248000,-467000,-219000
2008/08/25,0,1082000,-1335000,-253000
2008/08/26,0,177000,-669000,-492000
2008/08/27,0,922000,-1032000,-110000
2008/08/28,0,1510000,-1686000,-176000
2008/08/29,0,910000,-1513000,-603000
2008/09/01,0,48000,-2713000,-2665000
2008/09/02,0,109000,-6607000,-6498000
2008/09/03,0,265000,-1821000,-1556000
2008/09/04,0,87000,-362000,-275000
2008/09/05,0,103000,-683000,-580000
2008/09/08,0,55000,-229000,-174000
2008/09/09,0,278000,-570000,-292000
2008/09/10,0,381000,-1309000,-928000
2008/09/11,0,59000,-2311000,-2252000
2008/09/12,0,205000,-1656000,-1451000
2008/09/15,0,64000,-1801000,-1737000
2008/09/16,0,358000,-1711000,-1353000
2008/09/17,0,765000,-938000,-173000
2008/09/18,0,233000,-1525480,-1292480
2008/09/19,0,258000,-54000,204000
2008/09/22,0,676000,-1105480,-429480
2008/09/23,0,385000,-199720,185280
2008/09/24,0,1826066,-1393066,433000
2008/09/25,0,579000,-421000,158000
2008/09/26,0,261000,-682000,-421000
2008/09/29,0,0,0,0
2008/09/30,0,744000,-848360,-104360
2008/10/01,0,119000,-1491000,-1372000
2008/10/02,0,660000,-1343000,-683000
2008/10/03,0,294000,-850000,-556000
2008/10/06,0,19000,-2561560,-2542560
2008/10/07,0,578000,-693080,-115080
2008/10/08,0,604000,-1292000,-688000
2008/10/09,0,468000,-387000,81000
2008/10/10,0,0,0,0
2008/10/13,0,104000,-86000,18000
2008/10/14,0,183000,-308000,-125000
2008/10/15,0,112000,-146000,-34000
2008/10/16,0,63000,-1149000,-1086000
2008/10/17,0,38000,-507000,-469000
2008/10/20,0,182000,-461000,-279000
2008/10/21,0,814000,-573120,240880
2008/10/22,0,171000,-541444,-370444
2008/10/23,0,3000,-269000,-266000
2008/10/24,0,181000,-158000,23000
2008/10/27,0,208000,-314000,-106000
2008/10/28,0,346000,-507000,-161000
2008/10/29,0,320000,-593000,-273000
2008/10/30,0,675000,-49000,626000
2008/10/31,0,479000,-1905000,-1426000
2008/11/03,0,1895000,-1067000,828000
2008/11/04,0,491000,-733000,-242000
2008/11/05,0,548000,-1060000,-512000
2008/11/06,0,727000,-990000,-263000
2008/11/07,0,259000,-921000,-662000
2008/11/10,0,378000,-106000,272000
2008/11/11,0,29000,-171501,-142501
2008/11/12,0,216000,-443000,-227000
2008/11/13,0,169000,-599000,-430000
2008/11/14,0,216000,-438000,-222000
2008/11/17,0,222000,-13000,209000
2008/11/18,0,2315000,-924000,1391000
2008/11/19,0,1604440,-1659860,-55420
2008/11/20,0,1172000,-582968,589032
2008/11/21,0,871000,-488000,383000
2008/11/24,0,99000,-509000,-410000
2008/11/25,0,1022000,-2198109,-1176109
2008/11/26,0,1856000,-917897,938103
2008/11/27,0,2353000,-49000,2304000
2008/11/28,0,1936000,-53617,1882383
2008/12/01,0,1621000,-83000,1538000
2008/12/02,0,2661000,-997000,1664000
2008/12/03,0,2069000,-669000,1400000
2008/12/04,0,492000,-438000,54000
2008/12/05,0,730000,-21322,708678
2008/12/08,0,1982320,-2503000,-520680
2008/12/09,0,934000,-778421,155579
2008/12/10,0,803000,-562000,241000
2008/12/11,0,748000,-65000,683000
2008/12/12,0,193000,-591000,-398000
2008/12/15,0,990000,-38000,952000
2008/12/16,0,353000,-118000,235000
2008/12/17,0,1728000,-296000,1432000
2008/12/18,0,572000,-183000,389000
2008/12/19,0,985000,-421000,564000
2008/12/22,0,1156000,-1272600,-116600
2008/12/23,0,196000,-715000,-519000
2008/12/24,0,404200,-663000,-258800
2008/12/25,0,43000,-196000,-153000
2008/12/26,0,100000,-79000,21000
2008/12/29,0,100000,-170000,-70000
2008/12/30,0,617000,-22000,595000
2008/12/31,0,138000,-453000,-315000
2009/01/01,0,0,0,0
2009/01/02,0,0,0,0
2009/01/05,0,376000,-199000,177000
2009/01/06,0,439487,-102000,337487
2009/01/07,0,262463,-212000,50463
2009/01/08,0,74000,-1248000,-1174000
2009/01/09,0,113000,-401000,-288000
2009/01/12,0,417068,-630000,-212932
2009/01/13,0,140000,-175000,-35000
2009/01/14,0,197000,-217000,-20000
2009/01/15,0,45000,-1528000,-1483000
2009/01/16,0,305000,-369000,-64000
2009/01/19,0,197000,-415690,-218690
2009/01/20,0,468000,-1325000,-857000
2009/01/21,0,760000,-717000,43000
2009/01/22,0,0,0,0
2009/01/23,0,0,0,0
2009/01/26,0,0,0,0
2009/01/27,0,0,0,0
2009/01/28,0,0,0,0
2009/01/29,0,0,0,0
2009/01/30,0,0,0,0
2009/02/02,0,700000,-1115483,-415483
2009/02/03,0,134000,-171310,-37310
2009/02/04,0,169000,-1181000,-1012000
2009/02/05,0,317000,-715080,-398080
2009/02/06,0,376000,-653000,-277000
2009/02/09,0,108000,-166000,-58000
2009/02/10,0,259000,-932001,-673001
2009/02/11,0,151000,-1603000,-1452000
2009/02/12,0,100000,-804242,-704242
2009/02/13,0,428000,-854000,-426000
2009/02/16,0,6000,-216000,-210000
2009/02/17,0,173000,-340516,-167516
2009/02/18,0,746000,-269600,476400
2009/02/19,0,613000,-521000,92000
2009/02/20,0,136000,-772000,-636000
2009/02/23,0,406000,-55000,351000
2009/02/24,0,33000,-452160,-419160
2009/02/25,0,407000,-223286,183714
2009/02/26,0,413500,-123070,290430
2009/02/27,0,139000,-113185,25815
2009/03/02,0,24000,-1301129,-1277129
2009/03/03,0,3000,-363000,-360000
2009/03/04,0,484000,-1259000,-775000
2009/03/05,0,408000,-400400,7600
2009/03/06,0,651500,-270834,380666
2009/03/09,0,498000,-1617000,-1119000
2009/03/10,0,971000,-1174680,-203680
2009/03/11,0,235000,-120130,114870
2009/03/12,0,411000,-758240,-347240
2009/03/13,0,2379000,-521000,1858000
2009/03/16,0,702000,-936000,-234000
2009/03/17,0,733000,-83000,650000
2009/03/18,0,733000,-1291000,-558000
2009/03/19,0,207000,-2288000,-2081000
2009/03/20,0,364000,-1397000,-1033000
2009/03/23,0,814000,-944000,-130000
2009/03/24,0,629000,-4500000,-3871000
2009/03/25,0,3806000,-3253740,552260
2009/03/26,0,3043000,-2938000,105000
2009/03/27,0,700000,-2116000,-1416000
2009/03/30,0,300000,-561000,-261000
2009/03/31,0,639600,-3098329,-2458729
2009/04/01,0,349000,-812000,-463000
2009/04/02,0,2334000,-2541000,-207000
2009/04/03,0,4217000,-3133000,1084000
2009/04/06,0,2269000,-2746000,-477000
2009/04/07,0,1426000,-3572000,-2146000
2009/04/08,0,1478000,-3417000,-1939000
2009/04/09,0,1349000,-3309000,-1960000
2009/04/10,0,1637000,-88000,1549000
2009/04/13,0,1148000,-4728000,-3580000
2009/04/14,0,1354000,-2422000,-1068000
2009/04/15,0,507000,-3481000,-2974000
2009/04/16,0,672000,-2459000,-1787000
2009/04/17,0,6462211,-3529000,2933211
2009/04/20,0,6181000,-5483992,697008
2009/04/21,0,530000,-1574000,-1044000
2009/04/22,0,5149000,-5498000,-349000
2009/04/23,0,1524000,-1682000,-158000
2009/04/24,0,799000,-1529000,-730000
2009/04/27,0,4688095,-387000,4301095
2009/04/28,0,4390000,-425000,3965000
2009/04/29,0,1232000,-279000,953000
2009/04/30,0,2093232,-55000,2038232
2009/05/01,0,0,0,0
2009/05/04,0,2962000,-50000,2912000
2009/05/05,0,1173000,-519000,654000
2009/05/06,0,1066000,-586000,480000
2009/05/07,0,1136000,-1378000,-242000
2009/05/08,0,1103000,-1122000,-19000
2009/05/11,0,479000,-874000,-395000
2009/05/12,0,633000,-2473000,-1840000
2009/05/13,0,359000,-2870000,-2511000
2009/05/14,0,296000,-1546000,-1250000
2009/05/15,0,518000,-955000,-437000
2009/05/18,0,238000,-1470000,-1232000
2009/05/19,0,3683000,-36000,3647000
2009/05/20,0,5416000,-1010000,4406000
2009/05/21,0,6017000,-1625000,4392000
2009/05/22,0,1476000,-986000,490000
2009/05/25,0,303000,-794653,-491653
2009/05/26,0,773000,-1255000,-482000
2009/05/27,0,1779653,-1101698,677955
2009/05/28,0,0,0,0
2009/05/29,0,0,0,0
2009/06/01,0,3770000,-961000,2809000
2009/06/02,0,587939,-601939,-14000
2009/06/03,0,1022257,-477000,545257
2009/06/04,0,309000,-638000,-329000
2009/06/05,0,223000,-186863,36137
2009/06/08,0,176000,-908000,-732000
2009/06/09,0,702000,-210000,492000
2009/06/10,0,578992,-567000,11992
2009/06/11,0,574000,-766000,-192000
2009/06/12,0,544000,-1327000,-783000
2009/06/15,0,460000,-349000,111000
2009/06/16,0,344000,-398200,-54200
2009/06/17,0,339000,-881000,-542000
2009/06/18,0,112000,-884000,-772000
2009/06/19,0,174002,-394400,-220398
2009/06/22,0,172000,-331000,-159000
2009/06/23,0,71300,-1161000,-1089700
2009/06/24,0,2646000,-926000,1720000
2009/06/25,0,2355000,-281000,2074000
2009/06/26,0,4315000,-158000,4157000
2009/06/29,0,822000,-1143000,-321000
2009/06/30,0,561000,-201298,359702
2009/07/01,0,623000,-303000,320000
2009/07/02,0,620000,-153000,467000
2009/07/03,0,51000,-173835,-122835
2009/07/06,0,66000,-762000,-696000
2009/07/07,0,193000,-79060,113940
2009/07/08,0,32000,-508000,-476000
2009/07/09,0,178000,-230000,-52000
2009/07/10,0,240000,-151000,89000
2009/07/13,0,76000,-1240000,-1164000
2009/07/14,0,168000,-627790,-459790
2009/07/15,0,770000,-268000,502000
2009/07/16,0,746000,-335000,411000
2009/07/17,0,768851,-19250,749601
2009/07/20,0,276000,-82000,194000
2009/07/21,0,1202000,-248610,953390
2009/07/22,0,3265000,-142000,3123000
2009/07/23,0,547000,-1108750,-561750
2009/07/24,0,387000,-368380,18620
2009/07/27,0,568000,-330000,238000
2009/07/28,0,416000,-49000,367000
2009/07/29,0,334425,-75000,259425
2009/07/30,0,1370000,-1076000,294000
2009/07/31,0,1018000,-601000,417000
2009/08/03,0,1251000,-171000,1080000
2009/08/04,0,201000,-861000,-660000
2009/08/05,0,1405000,-574000,831000
2009/08/06,0,2382000,-3996000,-1614000
2009/08/07,0,0,0,0
2009/08/10,0,1013776,-492000,521776
2009/08/11,0,1228000,-125000,1103000
2009/08/12,0,2512000,-599000,1913000
2009/08/13,0,1661000,-277000,1384000
2009/08/14,0,721000,-24000,697000
2009/08/17,0,2399000,-5068000,-2669000
2009/08/18,0,871000,-627000,244000
2009/08/19,0,305000,-499000,-194000
2009/08/20,0,461000,-231000,230000
2009/08/21,0,1087000,-1259480,-172480
2009/08/24,0,1051000,-99975,951025
2009/08/25,0,394000,-738000,-344000
2009/08/26,0,743000,-737000,6000
2009/08/27,0,883000,-1907000,-1024000
2009/08/28,0,2204000,-3288000,-1084000
2009/08/31,0,888000,-877633,10367
2009/09/01,0,1656000,-34487,1621513
2009/09/02,0,988000,-221000,767000
2009/09/03,0,967000,-352000,615000
2009/09/04,0,1118000,-350000,768000
2009/09/07,0,2696000,-540000,2156000
2009/09/08,0,5717000,-236000,5481000
2009/09/09,0,2039000,-2333000,-294000
2009/09/10,0,2624000,-1537850,1086150
2009/09/11,0,526000,-133000,393000
2009/09/14,0,98000,-435000,-337000
2009/09/15,0,834000,-73000,761000
2009/09/16,0,931000,-342000,589000
2009/09/17,0,1569000,-27910,1541090
2009/09/18,0,1538000,-1295000,243000
2009/09/21,0,91000,-261000,-170000
2009/09/22,0,18000,-69000,-51000
2009/09/23,0,210000,-1361000,-1151000
2009/09/24,0,115000,-187000,-72000
2009/09/25,0,71000,-244680,-173680
2009/09/28,0,141000,-58000,83000
2009/09/29,0,1237000,-107000,1130000
2009/09/30,0,765000,-152000,613000
2009/10/01,0,1096000,-956000,140000
2009/10/02,0,303000,-1020670,-717670
2009/10/05,0,333426,-1512426,-1179000
2009/10/06,0,538000,-351393,186607
2009/10/07,0,2421000,-674210,1746790
2009/10/08,0,926000,-325000,601000
2009/10/09,0,232000,-207000,25000
2009/10/12,0,159000,-236000,-77000
2009/10/13,0,520720,-1081385,-560665
2009/10/14,0,1633642,-123642,1510000
2009/10/15,0,1299000,-137000,1162000
2009/10/16,0,255000,-375690,-120690
2009/10/19,0,747000,-116758,630242
2009/10/20,0,926018,-571000,355018
2009/10/21,0,933000,-479000,454000
2009/10/22,0,150000,-965060,-815060
2009/10/23,0,857000,-121000,736000
2009/10/26,0,1728000,-327832,1400168
2009/10/27,0,2666000,-413030,2252970
2009/10/28,0,369000,-617000,-248000
2009/10/29,0,249000,-865000,-616000
2009/10/30,0,1231000,-923000,308000
2009/11/02,0,845000,-768000,77000
2009/11/03,0,386000,-763000,-377000
2009/11/04,0,693000,-161626,531374
2009/11/05,0,394000,-629000,-235000
2009/11/06,0,379480,-5000,374480
2009/11/09,0,586000,-10000,576000
2009/11/10,0,507000,-79489,427511
2009/11/11,0,975000,-3000,972000
2009/11/12,0,860000,-243000,617000
2009/11/13,0,578000,-377000,201000
2009/11/16,0,1758000,-38000,1720000
2009/11/17,0,1149000,-91000,1058000
2009/11/18,0,180000,-308000,-128000
2009/11/19,0,288000,-128000,160000
2009/11/20,0,179000,-610000,-431000
2009/11/23,0,352000,-3000,349000
2009/11/24,0,540000,-306000,234000
2009/11/25,0,1175000,-145000,1030000
2009/11/26,0,285650,-81000,204650
2009/11/27,0,131000,-1638000,-1507000
2009/11/30,0,1068300,-549391,518909
2009/12/01,0,832000,-241000,591000
2009/12/02,0,503000,-75000,428000
2009/12/03,0,505850,-65290,440560
2009/12/04,0,402000,-9000,393000
2009/12/07,0,524000,-264330,259670
2009/12/08,0,244000,-183000,61000
2009/12/09,0,125000,-359070,-234070
2009/12/10,0,299000,-1207400,-908400
2009/12/11,0,716000,-251000,465000
2009/12/14,0,480000,-84000,396000
2009/12/15,0,396000,-11000,385000
2009/12/16,0,164000,-234000,-70000
2009/12/17,0,607960,-368000,239960
2009/12/18,0,130000,-531000,-401000
2009/12/21,0,2360000,-287000,2073000
2009/12/22,0,674000,-601000,73000
2009/12/23,0,346000,-1014606,-668606
2009/12/24,0,822000,-393000,429000
2009/12/25,0,321000,-13000,308000
2009/12/28,0,1273000,-98000,1175000
2009/12/29,0,146000,-127000,19000
2009/12/30,0,1298000,-524000,774000
2009/12/31,0,357000,-85000,272000
2010/01/01,0,0,0,0
2010/01/04,0,213000,-160000,53000
2010/01/05,0,2481000,-272000,2209000
2010/01/06,0,5701000,-525800,5175200
2010/01/07,0,1903000,-420186,1482814
2010/01/08,0,2883120,-342000,2541120
2010/01/11,0,1974000,-1022000,952000
2010/01/12,0,1800000,-726644,1073356
2010/01/13,0,1021000,-291000,730000
2010/01/14,0,909000,-536270,372730
2010/01/15,0,2080000,-412000,1668000
2010/01/18,0,1341000,-736000,605000
2010/01/19,0,1183000,-689470,493530
2010/01/20,0,225000,-792000,-567000
2010/01/21,0,466000,-129000,337000
2010/01/22,0,179000,-1473000,-1294000
2010/01/25,0,113730,-636000,-522270
2010/01/26,0,311000,-1644000,-1333000
2010/01/27,0,92000,-457970,-365970
2010/01/28,0,150000,-533000,-383000
2010/01/29,0,1284000,-1022530,261470
2010/02/01,0,1821000,-944480,876520
2010/02/02,0,1517000,-1156790,360210
2010/02/03,0,246860,-462000,-215140
2010/02/04,0,2000,-900000,-898000
2010/02/05,0,65000,-2955910,-2890910
2010/02/08,0,192000,-2565244,-2373244
2010/02/09,0,412000,-302390,109610
2010/02/10,0,470000,-646000,-176000
2010/02/11,0,0,0,0
2010/02/12,0,0,0,0
2010/02/15,0,0,0,0
2010/02/16,0,0,0,0
2010/02/17,0,0,0,0
2010/02/18,0,0,0,0
2010/02/19,0,0,0,0
2010/02/22,0,1919000,-1373000,546000
2010/02/23,0,1801117,-1858000,-56883
2010/02/24,0,787300,-3258000,-2470700
2010/02/25,0,1901130,-1094000,807130
2010/02/26,0,1295000,-85911,1209089
2010/03/01,0,817000,-437000,380000
2010/03/02,0,1512000,-1221000,291000
2010/03/03,0,774000,-40000,734000
2010/03/04,0,1748000,-674000,1074000
2010/03/05,0,876000,-72000,804000
2010/03/08,0,319000,-19000,300000
2010/03/09,0,1057830,-895000,162830
2010/03/10,0,788000,-1143447,-355447
2010/03/11,0,375000,-300000,75000
2010/03/12,0,754000,-71000,683000
2010/03/15,0,145000,-424000,-279000
2010/03/16,0,555000,-382000,173000
2010/03/17,0,4021000,-1889000,2132000
2010/03/18,0,921000,-254000,667000
2010/03/19,0,1737660,-100000,1637660
2010/03/22,0,685000,-808860,-123860
2010/03/23,0,21000,-522000,-501000
2010/03/24,0,481984,-4479618,-3997634
2010/03/25,0,829000,-3666000,-2837000
2010/03/26,0,1980270,-469000,1511270
2010/03/29,0,1187000,-1344000,-157000
2010/03/30,0,1526560,-1353000,173560
2010/03/31,0,781000,-1099560,-318560
2010/04/01,0,1714000,-900768,813232
2010/04/02,0,507000,-42000,465000
2010/04/05,0,0,0,0
2010/04/06,0,1846170,-314000,1532170
2010/04/07,0,1178420,-434000,744420
2010/04/08,0,554000,-350000,204000
2010/04/09,0,570701,-3360250,-2789549
2010/04/12,0,1209750,-3081000,-1871250
2010/04/13,0,582000,-1812000,-1230000
2010/04/14,0,1075000,-2569310,-1494310
2010/04/15,0,4467000,-4889000,-422000
2010/04/16,0,1949810,-2744000,-794190
2010/04/19,0,676000,-3150000,-2474000
2010/04/20,0,878000,-2024000,-1146000
2010/04/21,0,557000,-949000,-392000
2010/04/22,0,504000,-2859730,-2355730
2010/04/23,0,313000,-1563000,-1250000
2010/04/26,0,2451000,-6231000,-3780000
2010/04/27,0,1548029,-3492029,-1944000
2010/04/28,0,400000,-2002930,-1602930
2010/04/29,0,280000,-3238000,-2958000
2010/04/30,0,1640000,-2056750,-416750
2010/05/03,0,829000,-1358000,-529000
2010/05/04,0,661000,-1563000,-902000
2010/05/05,0,1885839,-4625509,-2739670
2010/05/06,0,468270,-2171110,-1702840
2010/05/07,0,4320000,-1714690,2605310
2010/05/10,0,1952640,-1751220,201420
2010/05/11,0,2989000,-1804000,1185000
2010/05/12,0,1235000,-2030000,-795000
2010/05/13,0,1709000,-894000,815000
2010/05/14,0,1624000,-984000,640000
2010/05/17,0,1485000,-2673000,-1188000
2010/05/18,0,604000,-1716000,-1112000
2010/05/19,0,381000,-1465000,-1084000
2010/05/20,0,170000,-2727000,-2557000
2010/05/21,0,994000,-1683470,-689470
2010/05/24,0,2062000,-1511000,551000
2010/05/25,0,212000,-2415000,-2203000
2010/05/26,0,2196000,-3259950,-1063950
2010/05/27,0,1519000,-820332,698668
2010/05/28,0,874000,-1054000,-180000
2010/05/31,0,984000,-549000,435000
2010/06/01,0,1012000,-762000,250000
2010/06/02,0,621000,-746000,-125000
2010/06/03,0,591000,-518000,73000
2010/06/04,0,449000,-425000,24000
2010/06/07,0,271000,-1510058,-1239058
2010/06/08,0,161000,-195000,-34000
2010/06/09,0,476000,-648000,-172000
2010/06/10,0,550000,-98000,452000
2010/06/11,0,432578,-81000,351578
2010/06/14,0,1180474,-149000,1031474
2010/06/15,0,989947,-71060,918887
2010/06/16,0,0,0,0
2010/06/17,0,1537220,-171200,1366020
2010/06/18,0,419322,-177891,241431
2010/06/21,0,1776810,-652566,1124244
2010/06/22,0,705504,-150000,555504
2010/06/23,0,373297,-1196436,-823139
2010/06/24,0,94317,-359160,-264843
2010/06/25,0,46000,-301998,-255998
2010/06/28,0,218000,-183000,35000
2010/06/29,0,618000,-475000,143000
2010/06/30,0,421000,-903000,-482000
2010/07/01,0,217000,-2317750,-2100750
2010/07/02,0,297000,-327070,-30070
2010/07/05,0,65271,-416000,-350729
2010/07/06,0,1652000,-1287000,365000
2010/07/07,0,54822,-633000,-578178
2010/07/08,0,593000,-77000,516000
2010/07/09,0,801278,-46000,755278
2010/07/12,0,1936000,-262968,1673032
2010/07/13,0,170000,-660000,-490000
2010/07/14,0,1061990,-496572,565418
2010/07/15,0,649000,-454000,195000
2010/07/16,0,569933,-440000,129933
2010/07/19,0,906000,-622000,284000
2010/07/20,0,718436,-311000,407436
2010/07/21,0,1001369,-228000,773369
2010/07/22,0,189000,-149000,40000
2010/07/23,0,1649317,-122000,1527317
2010/07/26,0,295890,-159000,136890
2010/07/27,0,638165,-311000,327165
2010/07/28,0,906000,-130000,776000
2010/07/29,0,1221000,-403517,817483
2010/07/30,0,509948,-412000,97948
2010/08/02,0,1901000,-34000,1867000
2010/08/03,0,695000,-131000,564000
2010/08/04,0,248000,-704000,-456000
2010/08/05,0,448000,-292000,156000
2010/08/06,0,730000,-60000,670000
2010/08/09,0,643000,-61000,582000
2010/08/10,0,348000,-691000,-343000
2010/08/11,0,328000,-13119,314881
2010/08/12,0,250000,-360000,-110000
2010/08/13,0,422193,-150000,272193
2010/08/16,0,296000,-270001,25999
2010/08/17,0,146000,-261750,-115750
2010/08/18,0,1533000,-876000,657000
2010/08/19,0,285999,-1044000,-758001
2010/08/20,0,1429000,-442570,986430
2010/08/23,0,2005000,-302000,1703000
2010/08/24,0,788000,-805600,-17600
2010/08/25,0,850999,-6046320,-5195321
2010/08/26,0,1817840,-3998000,-2180160
2010/08/27,0,1266000,-555561,710439
2010/08/30,0,705736,-407000,298736
2010/08/31,0,449999,-441206,8793
2010/09/01,0,141000,-387998,-246998
2010/09/02,0,1166000,-139547,1026453
2010/09/03,0,306000,-300000,6000
2010/09/06,0,930000,-26876,903124
2010/09/07,0,625000,-98437,526563
2010/09/08,0,222250,-379354,-157104
2010/09/09,0,574000,-928000,-354000
2010/09/10,0,345510,-11000,334510
2010/09/13,0,1910000,-618683,1291317
2010/09/14,0,677597,-1707230,-1029633
2010/09/15,0,803066,-1507360,-704294
2010/09/16,0,284000,-1,283999
2010/09/17,0,1441000,-2471600,-1030600
2010/09/20,0,342000,-363620,-21620
2010/09/21,0,316000,-62000,254000
2010/09/22,0,0,0,0
2010/09/23,0,368000,-4514,363486
2010/09/24,0,1127940,-617000,510940
2010/09/27,0,3057530,-320000,2737530
2010/09/28,0,330760,-256000,74760
2010/09/29,0,1109000,-273100,835900
2010/09/30,0,207000,-174000,33000
2010/10/01,0,258530,-5000,253530
2010/10/04,0,3543590,-76000,3467590
2010/10/05,0,1475450,-702620,772830
2010/10/06,0,1907790,-169910,1737880
2010/10/07,0,880230,-3339116,-2458886
2010/10/08,0,294660,-218000,76660
2010/10/11,0,585020,-400000,185020
2010/10/12,0,1200540,-1453685,-253145
2010/10/13,0,2604510,-697000,1907510
2010/10/14,0,2511990,-1338593,1173397
2010/10/15,0,996880,-588000,408880
2010/10/18,0,1227000,-662000,565000
2010/10/19,0,2189000,-1055730,1133270
2010/10/20,0,1705000,-783000,922000
2010/10/21,0,1263000,-1159000,104000
2010/10/22,0,1492000,-684000,808000
2010/10/25,0,1235000,-71000,1164000
2010/10/26,0,1056240,-5000,1051240
2010/10/27,0,95720,-219000,-123280
2010/10/28,0,1197995,-192000,1005995
2010/10/29,0,161000,-401000,-240000
2010/11/01,0,2595000,-760000,1835000
2010/11/02,0,816000,-242490,573510
2010/11/03,0,1123000,-134000,989000
2010/11/04,0,699000,-106000,593000
2010/11/05,0,774000,-54415,719585
2010/11/08,0,180000,-112000,68000
2010/11/09,0,265000,-40000,225000
2010/11/10,0,464000,-206270,257730
2010/11/11,0,295000,-589436,-294436
2010/11/12,0,264000,-395000,-131000
2010/11/15,0,432413,-242000,190413
2010/11/16,0,1059000,-929000,130000
2010/11/17,0,466000,-705000,-239000
2010/11/18,0,93000,-134060,-41060
2010/11/19,0,824060,-865000,-40940
2010/11/22,0,277360,-1288000,-1010640
2010/11/23,0,937590,-987000,-49410
2010/11/24,0,297000,-442000,-145000
2010/11/25,0,98000,-78000,20000
2010/11/26,0,61000,-182000,-121000
2010/11/29,0,200000,-606923,-406923
2010/11/30,0,538170,-762031,-223861
2010/12/01,0,1092000,-94000,998000
2010/12/02,0,711000,-330714,380286
2010/12/03,0,116000,-165000,-49000
2010/12/06,0,120000,-214000,-94000
2010/12/07,0,255120,-611000,-355880
2010/12/08,0,310000,-974000,-664000
2010/12/09,0,1113000,-531000,582000
2010/12/10,0,542000,-1705960,-1163960
2010/12/13,0,396000,-955000,-559000
2010/12/14,0,757000,-1926000,-1169000
2010/12/15,0,2798000,-2325110,472890
2010/12/16,0,1185000,-1179090,5910
2010/12/17,0,744000,-656000,88000
2010/12/20,0,267300,-650000,-382700
2010/12/21,0,346000,-1756119,-1410119
2010/12/22,0,236000,-365210,-129210
2010/12/23,0,267000,-229000,38000
2010/12/24,0,128000,-174000,-46000
2010/12/27,0,615000,-16000,599000
2010/12/28,0,501000,-26000,475000
2010/12/29,0,355900,-256000,99900
2010/12/30,0,784000,-496690,287310
2010/12/31,0,571000,-67740,503260
2011/01/03,0,500000,-140002,359998
2011/01/04,0,1145000,-805000,340000
2011/01/05,0,772164,-1100680,-328516
2011/01/06,0,1090000,-584000,506000
2011/01/07,0,877000,-668000,209000
2011/01/10,0,1632000,-586000,1046000
2011/01/11,0,1559000,-227000,1332000
2011/01/12,0,718000,-619930,98070
2011/01/13,0,1808410,-555000,1253410
2011/01/14,0,719000,-473000,246000
2011/01/17,0,244963,-291000,-46037
2011/01/18,0,364000,-312370,51630
2011/01/19,0,540000,-1016240,-476240
2011/01/20,0,296000,-88000,208000
2011/01/21,0,547980,-588000,-40020
2011/01/24,0,124000,-78000,46000
2011/01/25,0,144000,-15000,129000
2011/01/26,0,446000,-37030,408970
2011/01/27,0,346000,-59700,286300
2011/01/28,0,923810,-523000,400810
2011/01/31,0,0,0,0
2011/02/01,0,0,0,0
2011/02/02,0,0,0,0
2011/02/03,0,0,0,0
2011/02/04,0,0,0,0
2011/02/07,0,0,0,0
2011/02/08,0,794000,-1792000,-998000
2011/02/09,0,923000,-4156240,-3233240
2011/02/10,0,575000,-1666100,-1091100
2011/02/11,0,278000,-1784862,-1506862
2011/02/14,0,49000,-1548760,-1499760
2011/02/15,0,86000,-789000,-703000
2011/02/16,0,57000,-701000,-644000
2011/02/17,0,164000,-1186410,-1022410
2011/02/18,0,617000,-902000,-285000
2011/02/21,0,53000,-473000,-420000
2011/02/22,0,582000,-1683000,-1101000
2011/02/23,0,213910,-548530,-334620
2011/02/24,0,204000,-696000,-492000
2011/02/25,0,915000,-826666,88334
2011/02/28,0,0,0,0
2011/03/01,0,263000,-298000,-35000
2011/03/02,0,1565873,-2180000,-614127
2011/03/03,0,942000,-282000,660000
2011/03/04,0,566000,-569000,-3000
2011/03/07,0,214000,-130000,84000
2011/03/08,0,343000,-283000,60000
2011/03/09,0,160000,-486629,-326629
2011/03/10,0,611000,-2183770,-1572770
2011/03/11,0,444000,-1741539,-1297539
2011/03/14,0,908000,-1427150,-519150
2011/03/15,0,481000,-1298170,-817170
2011/03/16,0,1022000,-1183157,-161157
2011/03/17,0,327000,-1655690,-1328690
2011/03/18,0,207000,-2554766,-2347766
2011/03/21,0,82000,-1871022,-1789022
2011/03/22,0,668000,-1602000,-934000
2011/03/23,0,527000,-611671,-84671
2011/03/24,0,462000,-407000,55000
2011/03/25,0,862000,-521000,341000
2011/03/28,0,1413000,-46000,1367000
2011/03/29,0,909000,-940950,-31950
2011/03/30,0,665000,-314000,351000
2011/03/31,0,756000,-333726,422274
2011/04/01,0,433000,-40000,393000
2011/04/04,0,0,0,0
2011/04/05,0,0,0,0
2011/04/06,0,1476546,-90000,1386546
2011/04/07,0,906437,-213437,693000
2011/04/08,0,1430522,-866000,564522
2011/04/11,0,287000,-122000,165000
2011/04/12,0,121116,-63000,58116
2011/04/13,0,222000,-38000,184000
2011/04/14,0,645000,-308000,337000
2011/04/15,0,135000,-750000,-615000
2011/04/18,0,370000,-433790,-63790
2011/04/19,0,452000,-1046000,-594000
2011/04/20,0,2068000,-1328744,739256
2011/04/21,0,2912306,-2683000,229306
2011/04/22,0,559000,-438000,121000
2011/04/25,0,339000,-763000,-424000
2011/04/26,0,361000,-1399909,-1038909
2011/04/27,0,975000,-182145,792855
2011/04/28,0,413295,-487350,-74055
2011/04/29,0,370000,-342904,27096
2011/05/02,0,0,0,0
2011/05/03,0,1028000,-3531000,-2503000
2011/05/04,0,490000,-2476000,-1986000
2011/05/05,0,173000,-224000,-51000
2011/05/06,0,104000,-1913000,-1809000
2011/05/09,0,586000,-945828,-359828
2011/05/10,0,222000,-589000,-367000
2011/05/11,0,405000,-564840,-159840
2011/05/12,0,259000,-517000,-258000
2011/05/13,0,141000,-879000,-738000
2011/05/16,0,279000,-1699000,-1420000
2011/05/17,0,191000,-2763000,-2572000
2011/05/18,0,2057000,-5672000,-3615000
2011/05/19,0,811000,-578391,232609
2011/05/20,0,1263000,-604000,659000
2011/05/23,0,773000,-2607000,-1834000
2011/05/24,0,580000,-1083397,-503397
2011/05/25,0,973000,-777000,196000
2011/05/26,0,518157,-2919593,-2401436
2011/05/27,0,709000,-231000,478000
2011/05/30,0,1465000,-1675000,-210000
2011/05/31,0,2022000,-2681618,-659618
2011/06/01,0,1529000,-199002,1329998
2011/06/02,0,786000,-279000,507000
2011/06/03,0,458000,-82000,376000
2011/06/06,0,0,0,0
2011/06/07,0,1041000,-768500,272500
2011/06/08,0,778000,-329000,449000
2011/06/09,0,895000,-1332942,-437942
2011/06/10,0,1056109,-2323069,-1266960
2011/06/13,0,270000,-2286300,-2016300
2011/06/14,0,637000,-911471,-274471
2011/06/15,0,2360000,-3647304,-1287304
2011/06/16,0,542397,-2979220,-2436823
2011/06/17,0,1282000,-2834494,-1552494
2011/06/20,0,1259000,-1940590,-681590
2011/06/21,0,671000,-1536000,-865000
2011/06/22,0,589000,-2084500,-1495500
2011/06/23,0,899457,-1917649,-1018192
2011/06/24,0,1029000,-2251324,-1222324
2011/06/27,0,1392000,-604009,787991
2011/06/28,0,1308000,-1385424,-77424
2011/06/29,0,886000,-617000,269000
2011/06/30,0,1574000,-1601300,-27300
2011/07/01,0,417519,-869484,-451965
2011/07/04,0,22574,-814000,-791426
2011/07/05,0,570608,-832000,-261392
2011/07/06,0,1551000,-1978000,-427000
2011/07/07,0,1063000,-465000,598000
2011/07/08,0,416000,-640900,-224900
2011/07/11,0,338000,-407000,-69000
2011/07/12,0,207914,-1731000,-1523086
2011/07/13,0,458900,-1954000,-1495100
2011/07/14,0,227000,-825000,-598000
2011/07/15,0,495750,-430000,65750
2011/07/18,0,36000,-432000,-396000
2011/07/19,0,150000,-1330500,-1180500
2011/07/20,0,1207727,-703350,504377
2011/07/21,0,1048512,-2343000,-1294488
2011/07/22,0,1810000,-9619000,-7809000
2011/07/25,0,827807,-1740000,-912193
2011/07/26,0,1200121,-4564000,-3363879
2011/07/27,0,573000,-1152000,-579000
2011/07/28,0,397000,-1285000,-888000
2011/07/29,0,583072,-2296800,-1713728
2011/08/01,0,1592408,-650000,942408
2011/08/02,0,174000,-3208000,-3034000
2011/08/03,0,703000,-8874260,-8171260
2011/08/04,0,2621000,-4194995,-1573995
2011/08/05,0,4979000,-3439000,1540000
2011/08/08,0,1893546,-5684000,-3790454
2011/08/09,0,3785000,-4943000,-1158000
2011/08/10,0,249000,-5399000,-5150000
2011/08/11,0,2180000,-2597000,-417000
2011/08/12,0,445000,-2640040,-2195040
2011/08/15,0,1138544,-210000,928544
2011/08/16,0,392500,-1515000,-1122500
2011/08/17,0,1482000,-1180000,302000
2011/08/18,0,1107199,-4203000,-3095801
2011/08/19,0,531000,-1629000,-1098000
2011/08/22,0,2562000,-1866000,696000
2011/08/23,0,1984000,-2616698,-632698
2011/08/24,0,281000,-1680000,-1399000
2011/08/25,0,528000,-2282922,-1754922
2011/08/26,0,413000,-1881470,-1468470
2011/08/29,0,1518000,-1014065,503935
2011/08/30,0,215000,-2659000,-2444000
2011/08/31,0,1609734,-449164,1160570
2011/09/01,0,1595000,-1000139,594861
2011/09/02,0,378000,-1216000,-838000
2011/09/05,0,547000,-1977843,-1430843
2011/09/06,0,897000,-1806540,-909540
2011/09/07,0,598000,-574000,24000
2011/09/08,0,4633000,-840100,3792900
2011/09/09,0,952000,-797167,154833
2011/09/12,0,0,0,0
2011/09/13,0,1430000,-1035844,394156
2011/09/14,0,980000,-2258227,-1278227
2011/09/15,0,1004000,-522656,481344
2011/09/16,0,1453000,-3681000,-2228000
2011/09/19,0,949000,-1008000,-59000
2011/09/20,0,1185746,-800101,385645
2011/09/21,0,1731000,-402000,1329000
2011/09/22,0,1772786,-2366000,-593214
2011/09/23,0,1056000,-1674976,-618976
2011/09/26,0,1519000,-590000,929000
2011/09/27,0,1579000,-212000,1367000
2011/09/28,0,1180654,-405000,775654
2011/09/29,0,1266000,-1102000,164000
2011/09/30,0,1063000,-1434000,-371000
2011/10/03,0,455000,-1291200,-836200
2011/10/04,0,1022000,-183000,839000
2011/10/05,0,807000,-522000,285000
2011/10/06,0,1856000,-672000,1184000
2011/10/07,0,495000,-183000,312000
2011/10/10,0,0,0,0
2011/10/11,0,636000,-857000,-221000
2011/10/12,0,774000,-128000,646000
2011/10/13,0,1576000,-730000,846000
2011/10/14,0,519000,-778000,-259000
2011/10/17,0,848000,-142000,706000
2011/10/18,0,242000,-238000,4000
2011/10/19,0,396600,-552000,-155400
2011/10/20,0,94000,-736000,-642000
2011/10/21,0,571000,-414000,157000
2011/10/24,0,2084000,-140000,1944000
2011/10/25,0,1847000,-167000,1680000
2011/10/26,0,674000,-536000,138000
2011/10/27,0,1752000,-1162876,589124
2011/10/28,0,1937000,-967858,969142
2011/10/31,0,820000,-1460016,-640016
2011/11/01,0,1401000,-1138700,262300
2011/11/02,0,707000,-633700,73300
2011/11/03,0,451000,-970000,-519000
2011/11/04,0,1177000,-388000,789000
2011/11/07,0,449000,-94000,355000
2011/11/08,0,159000,-319004,-160004
2011/11/09,0,152000,-322000,-170000
2011/11/10,0,260000,-530000,-270000
2011/11/11,0,373000,-598000,-225000
2011/11/14,0,267000,-7000,260000
2011/11/15,0,193000,-204000,-11000
2011/11/16,0,255000,-1241000,-986000
2011/11/17,0,487000,-571900,-84900
2011/11/18,0,648000,-1457100,-809100
2011/11/21,0,1334000,-1274000,60000
2011/11/22,0,825000,-895000,-70000
2011/11/23,0,1081000,-1877000,-796000
2011/11/24,0,1412000,-849000,563000
2011/11/25,0,1459000,-934000,525000
2011/11/28,0,1052164,-481000,571164
2011/11/29,0,862000,-1833638,-971638
2011/11/30,0,2122507,-2112000,10507
2011/12/01,0,1847000,-1313557,533443
2011/12/02,0,740000,-1891000,-1151000
2011/12/05,0,207000,-415000,-208000
2011/12/06,0,312000,-1194000,-882000
2011/12/07,0,686000,-750000,-64000
2011/12/08,0,954000,-2023300,-1069300
2011/12/09,0,149859,-2297399,-2147540
2011/12/12,0,284000,-252000,32000
2011/12/13,0,332000,-725134,-393134
2011/12/14,0,768000,-771000,-3000
2011/12/15,0,918000,-1132000,-214000
2011/12/16,0,343000,-140100,202900
2011/12/19,0,852000,-617000,235000
2011/12/20,0,481000,-721800,-240800
2011/12/21,0,544000,-977200,-433200
2011/12/22,0,506000,-534900,-28900
2011/12/23,0,882000,-1403000,-521000
2011/12/26,0,108000,-469000,-361000
2011/12/27,0,268000,-105000,163000
2011/12/28,0,1204000,-176000,1028000
2011/12/29,0,1122600,-166000,956600
2011/12/30,0,895355,-196000,699355
2012/01/02,0,334000,-258000,76000
2012/01/03,0,622065,-514000,108065
2012/01/04,0,520000,-281400,238600
2012/01/05,0,532000,-481000,51000
2012/01/06,0,180000,-1420000,-1240000
2012/01/09,0,804000,-516000,288000
2012/01/10,0,1387000,-537000,850000
2012/01/11,0,839000,-190000,649000
2012/01/12,0,436000,-56000,380000
2012/01/13,0,1001000,-674000,327000
2012/01/16,0,516000,-1889000,-1373000
2012/01/17,0,775000,-893000,-118000
2012/01/18,0,1569000,-1343000,226000
2012/01/19,0,0,0,0
2012/01/20,0,0,0,0
2012/01/23,0,0,0,0
2012/01/24,0,0,0,0
2012/01/25,0,0,0,0
2012/01/26,0,0,0,0
2012/01/27,0,0,0,0
2012/01/30,0,1669887,-1256000,413887
2012/01/31,0,1504000,-671500,832500
2012/02/01,0,682000,-1055600,-373600
2012/02/02,0,455000,-496380,-41380
2012/02/03,0,934000,-480000,454000
2012/02/06,0,626000,-665000,-39000
2012/02/07,0,753000,-391000,362000
2012/02/08,0,604600,-382600,222000
2012/02/09,0,889000,-477531,411469
2012/02/10,0,1217000,-285000,932000
2012/02/13,0,404000,-45000,359000
2012/02/14,0,773000,-312800,460200
2012/02/15,0,729000,-260000,469000
2012/02/16,0,482000,-86000,396000
2012/02/17,0,899000,-154000,745000
2012/02/20,0,602000,-100000,502000
2012/02/21,0,680000,-1172000,-492000
2012/02/22,0,553000,-240000,313000
2012/02/23,0,331000,-1226422,-895422
2012/02/24,0,901000,-319000,582000
2012/02/27,0,0,0,0
2012/02/28,0,0,0,0
2012/02/29,0,3111000,-546000,2565000
2012/03/01,0,1304833,-645900,658933
2012/03/02,0,1239842,-300000,939842
2012/03/05,0,1074035,-329000,745035
2012/03/06,0,1216000,-549000,667000
2012/03/07,0,882000,-462230,419770
2012/03/08,0,857000,-2614600,-1757600
2012/03/09,0,1179000,-1109000,70000
2012/03/12,0,1124000,-358000,766000
2012/03/13,0,2874000,-385800,2488200
2012/03/14,0,2807000,-751921,2055079
2012/03/15,0,1024000,-517000,507000
2012/03/16,0,609000,-266000,343000
2012/03/19,0,1146000,-1093000,53000
2012/03/20,0,762457,-934000,-171543
2012/03/21,0,1604463,-1750510,-146047
2012/03/22,0,382000,-756000,-374000
2012/03/23,0,538000,-882000,-344000
2012/03/26,0,290000,-2767000,-2477000
2012/03/27,0,868000,-807098,60902
2012/03/28,0,227000,-1395616,-1168616
2012/03/29,0,1449000,-772000,677000
2012/03/30,0,1376000,-2557000,-1181000
2012/04/02,0,634000,-2608930,-1974930
2012/04/03,0,1062844,-740000,322844
2012/04/04,0,0,0,0
2012/04/05,0,693000,-919000,-226000
2012/04/06,0,171000,-1105023,-934023
2012/04/09,0,137000,-1782000,-1645000
2012/04/10,0,257000,-1319000,-1062000
2012/04/11,0,129000,-1488420,-1359420
2012/04/12,0,610000,-1185000,-575000
2012/04/13,0,124310,-372411,-248101
2012/04/16,0,135000,-528000,-393000
2012/04/17,0,86000,-1425000,-1339000
2012/04/18,0,180000,-372000,-192000
2012/04/19,0,410000,-725964,-315964
2012/04/20,0,497000,-432391,64609
2012/04/23,0,648000,-199000,449000
2012/04/24,0,368000,-218000,150000
2012/04/25,0,226000,-238000,-12000
2012/04/26,0,450000,-249000,201000
2012/04/27,0,784000,-780000,4000
2012/04/30,0,782000,-192528,589472
2012/05/01,0,0,0,0
2012/05/02,0,1416000,-749000,667000
2012/05/03,0,441000,-358000,83000
2012/05/04,0,467000,-502000,-35000
2012/05/07,0,723000,-1140000,-417000
2012/05/08,0,182000,-430000,-248000
2012/05/09,0,198000,-1115000,-917000
2012/05/10,0,441000,-476267,-35267
2012/05/11,0,181000,-1087000,-906000
2012/05/14,0,106000,-607000,-501000
2012/05/15,0,469000,-675000,-206000
2012/05/16,0,1119000,-1153000,-34000
2012/05/17,0,1581000,-891000,690000
2012/05/18,0,646000,-1307000,-661000
2012/05/21,0,37000,-170527,-133527
2012/05/22,0,52000,-335000,-283000
2012/05/23,0,103000,-695000,-592000
2012/05/24,0,337000,-364000,-27000
2012/05/25,0,114000,-262989,-148989
2012/05/28,0,267544,-219000,48544
2012/05/29,0,1150762,-451000,699762
2012/05/30,0,1817000,-2204256,-387256
2012/05/31,0,1501265,-1600791,-99526
2012/06/01,0,123000,-1241056,-1118056
2012/06/04,0,460781,-450000,10781
2012/06/05,0,181000,-796000,-615000
2012/06/06,0,711000,-542000,169000
2012/06/07,0,563256,-396000,167256
2012/06/08,0,1587969,-2851510,-1263541
2012/06/11,0,466000,-834000,-368000
2012/06/12,0,502000,-1450000,-948000
2012/06/13,0,544000,-900000,-356000
2012/06/14,0,1758000,-652061,1105939
2012/06/15,0,4764826,-2205747,2559079
2012/06/18,0,993000,-507000,486000
2012/06/19,0,551000,-764000,-213000
2012/06/20,0,852000,-1052975,-200975
2012/06/21,0,454499,-1107000,-652501
2012/06/22,0,383000,-1780000,-1397000
2012/06/25,0,287000,-1965000,-1678000
2012/06/26,0,471000,-1129000,-658000
2012/06/27,0,1093000,-553900,539100
2012/06/28,0,734496,-515000,219496
2012/06/29,0,1686893,-226011,1460882
2012/07/02,0,271000,-517000,-246000
2012/07/03,0,609000,-363000,246000
2012/07/04,0,2387000,-721000,1666000
2012/07/05,0,926000,-836000,90000
2012/07/06,0,489000,-1017000,-528000
2012/07/09,0,1082000,-1031000,51000
2012/07/10,0,465000,-1491000,-1026000
2012/07/11,0,538000,-1094000,-556000
2012/07/12,0,175000,-1523000,-1348000
2012/07/13,0,737000,-164393,572607
2012/07/16,0,470000,-115000,355000
2012/07/17,0,1092000,-316000,776000
2012/07/18,0,67000,-969356,-902356
2012/07/19,0,476000,-1056000,-580000
2012/07/20,0,239000,-869000,-630000
2012/07/23,0,137000,-1470000,-1333000
2012/07/24,0,435000,-919000,-484000
2012/07/25,0,525000,-1522422,-997422
2012/07/26,0,527000,-1195806,-668806
2012/07/27,0,238000,-459000,-221000
2012/07/30,0,369016,-116000,253016
2012/07/31,0,817000,-418682,398318
2012/08/01,0,232000,-819000,-587000
2012/08/02,0,0,0,0
2012/08/03,0,258894,-801000,-542106
2012/08/06,0,1169000,-434000,735000
2012/08/07,0,866000,-328000,538000
2012/08/08,0,729813,-415000,314813
2012/08/09,0,1628000,-197000,1431000
2012/08/10,0,644000,-605000,39000
2012/08/13,0,407000,-340000,67000
2012/08/14,0,1087190,-173190,914000
2012/08/15,0,576000,-43000,533000
2012/08/16,0,485000,0,485000
2012/08/17,0,534000,-752000,-218000
2012/08/20,0,121000,-333000,-212000
2012/08/21,0,1502561,-453000,1049561
2012/08/22,0,132527,-433000,-300473
2012/08/23,0,243392,-134000,109392
2012/08/24,0,10000,-115400,-105400
2012/08/27,0,420000,-345000,75000
2012/08/28,0,217000,-636229,-419229
2012/08/29,0,258001,-798000,-539999
2012/08/30,0,678000,-1334000,-656000
2012/08/31,0,597000,-1450086,-853086
2012/09/03,0,183000,-635000,-452000
2012/09/04,0,198000,-677000,-479000
2012/09/05,0,403221,-1086260,-683039
2012/09/06,0,562000,-809225,-247225
2012/09/07,0,629000,-536315,92685
2012/09/10,0,205000,-567000,-362000
2012/09/11,0,314000,-620000,-306000
2012/09/12,0,418000,-497000,-79000
2012/09/13,0,502000,-307018,194982
2012/09/14,0,930000,-586945,343055
2012/09/17,0,617000,-257000,360000
2012/09/18,0,520000,-167000,353000
2012/09/19,0,1239000,-199000,1040000
2012/09/20,0,484000,-328000,156000
2012/09/21,0,1176515,-196000,980515
2012/09/24,0,238000,-270000,-32000
2012/09/25,0,1258000,-645000,613000
2012/09/26,0,583000,-113000,470000
2012/09/27,0,932000,-547314,384686
2012/09/28,0,453000,-647308,-194308
2012/10/01,0,158000,-609000,-451000
2012/10/02,0,470000,-162000,308000
2012/10/03,0,408000,-121000,287000
2012/10/04,0,641000,-539000,102000
2012/10/05,0,216000,-363000,-147000
2012/10/08,0,618900,-457000,161900
2012/10/09,0,772000,-232751,539249
2012/10/10,0,0,0,0
2012/10/11,0,176000,-269000,-93000
2012/10/12,0,94000,-375000,-281000
2012/10/15,0,112000,-54000,58000
2012/10/16,0,84000,-531000,-447000
2012/10/17,0,351000,-634925,-283925
2012/10/18,0,329000,-389000,-60000
2012/10/19,0,842000,-1070960,-228960
2012/10/22,0,509000,-717000,-208000
2012/10/23,0,644200,-1008724,-364524
2012/10/24,0,714000,-345873,368127
2012/10/25,0,564000,-611000,-47000
2012/10/26,0,787355,-606000,181355
2012/10/29,0,967900,-693000,274900
2012/10/30,0,792847,-737000,55847
2012/10/31,0,1320810,-740000,580810
2012/11/01,0,790000,-1197000,-407000
2012/11/02,0,440000,-471000,-31000
2012/11/05,0,251000,-250405,595
2012/11/06,0,434000,-177000,257000
2012/11/07,0,437000,-378000,59000
2012/11/08,0,322000,-1246000,-924000
2012/11/09,0,294000,-445000,-151000
2012/11/12,0,103000,-357000,-254000
2012/11/13,0,174000,-1084000,-910000
2012/11/14,0,373000,-766000,-393000
2012/11/15,0,805000,-709000,96000
2012/11/16,0,831000,-1013000,-182000
2012/11/19,0,1006657,-472000,534657
2012/11/20,0,146000,-137000,9000
2012/11/21,0,496000,-1260000,-764000
2012/11/22,0,522000,-459000,63000
2012/11/23,0,1141000,-575000,566000
2012/11/26,0,703001,-987001,-284000
2012/11/27,0,748000,-666501,81499
2012/11/28,0,934700,-490100,444600
2012/11/29,0,2051800,-349000,1702800
2012/11/30,0,2153000,-467071,1685929
2012/12/03,0,1177000,-292412,884588
2012/12/04,0,1137600,-330000,807600
2012/12/05,0,1650000,-57000,1593000
2012/12/06,0,1078000,-89000,989000
2012/12/07,0,900000,-127000,773000
2012/12/10,0,555000,-112948,442052
2012/12/11,0,1009033,-155000,854033
2012/12/12,0,1510440,-190000,1320440
2012/12/13,0,799117,-141000,658117
2012/12/14,0,917977,-290000,627977
2012/12/17,0,1221000,-297405,923595
2012/12/18,0,1010657,-234000,776657
2012/12/19,0,1271000,-264000,1007000
2012/12/20,0,999000,-578000,421000
2012/12/21,0,883140,-612229,270911
2012/12/24,0,213430,-91000,122430
2012/12/25,0,697000,-56450,640550
2012/12/26,0,468000,-523000,-55000
2012/12/27,0,350000,-154000,196000
2012/12/28,0,1168000,-198000,970000
2012/12/31,0,0,0,0
2013/01/01,0,0,0,0
2013/01/02,0,1020000,-78000,942000
2013/01/03,0,361000,-196000,165000
2013/01/04,0,967000,-373000,594000
2013/01/07,0,742000,-576200,165800
2013/01/08,0,532000,-274000,258000
2013/01/09,0,230000,-346083,-116083
2013/01/10,0,1617000,-681000,936000
2013/01/11,0,415000,-178000,237000
2013/01/14,0,148290,-179000,-30710
2013/01/15,0,812000,-295000,517000
2013/01/16,0,529208,-820855,-291647
2013/01/17,0,669100,-278000,391100
2013/01/18,0,1693985,-1741985,-48000
2013/01/21,0,215000,-445000,-230000
2013/01/22,0,366000,-979514,-613514
2013/01/23,0,926615,-979199,-52584
2013/01/24,0,466000,-1451000,-985000
2013/01/25,0,668000,-1292000,-624000
2013/01/28,0,349000,-254504,94496
2013/01/29,0,484000,-178000,306000
2013/01/30,0,554000,-208415,345585
2013/01/31,0,520000,-362000,158000
2013/02/01,0,457000,-261000,196000
2013/02/04,0,732000,-135000,597000
2013/02/05,0,250000,-78000,172000
2013/02/06,0,306000,-219050,86950
2013/02/07,0,0,0,0
2013/02/08,0,0,0,0
2013/02/11,0,0,0,0
2013/02/12,0,0,0,0
2013/02/13,0,0,0,0
2013/02/14,0,0,0,0
2013/02/15,0,0,0,0
2013/02/18,0,1099545,-550890,548655
2013/02/19,0,375960,-445000,-69040
2013/02/20,0,430153,-295000,135153
2013/02/21,0,631000,-428000,203000
2013/02/22,0,440000,-408000,32000
2013/02/25,0,286000,-602637,-316637
2013/02/26,0,348000,-434092,-86092
2013/02/27,0,553000,-737745,-184745
2013/02/28,0,0,0,0
2013/03/01,0,721000,-865370,-144370
2013/03/04,0,930000,-1959000,-1029000
2013/03/05,0,464000,-567000,-103000
2013/03/06,0,488000,-222000,266000
2013/03/07,0,212000,-194647,17353
2013/03/08,0,1003600,-347000,656600
2013/03/11,0,346000,-298000,48000
2013/03/12,0,177000,-247440,-70440
2013/03/13,0,573000,-415000,158000
2013/03/14,0,426690,-487405,-60715
2013/03/15,0,1431906,-1387480,44426
2013/03/18,0,79000,-613000,-534000
2013/03/19,0,272000,-677000,-405000
2013/03/20,0,421000,-1290335,-869335
2013/03/21,0,395000,-731000,-336000
2013/03/22,0,262000,-328834,-66834
2013/03/25,0,756000,-228000,528000
2013/03/26,0,382000,-352000,30000
2013/03/27,0,501000,-182232,318768
2013/03/28,0,812000,-520000,292000
2013/03/29,0,765000,-35000,730000
2013/04/01,0,66736,-137000,-70264
2013/04/02,0,311000,-5000,306000
2013/04/03,0,522095,-129000,393095
2013/04/04,0,0,0,0
2013/04/05,0,0,0,0
2013/04/08,0,408000,-731000,-323000
2013/04/09,0,292000,-581497,-289497
2013/04/10,0,435000,-411000,24000
2013/04/11,0,275640,-216000,59640
2013/04/12,0,201000,-112000,89000
2013/04/15,0,591392,-380000,211392
2013/04/16,0,425985,-109100,316885
2013/04/17,0,652775,-662600,-9825
2013/04/18,0,372000,-439604,-67604
2013/04/19,0,576000,-140600,435400
2013/04/22,0,270000,-92900,177100
2013/04/23,0,446000,-240000,206000
2013/04/24,0,734000,-56000,678000
2013/04/25,0,713000,-67700,645300
2013/04/26,0,1010000,-133475,876525
2013/04/29,0,890000,-92045,797955
2013/04/30,0,1895000,-158100,1736900
2013/05/01,0,0,0,0
2013/05/02,0,394000,-110914,283086
2013/05/03,0,319655,-43000,276655
2013/05/06,0,833000,-14000,819000
2013/05/07,0,824000,-21870,802130
2013/05/08,0,1285235,-1122940,162295
2013/05/09,0,793252,-182770,610482
2013/05/10,0,886000,-166000,720000
2013/05/13,0,82000,-21900,60100
2013/05/14,0,973000,-17000,956000
2013/05/15,0,881000,-44106,836894
2013/05/16,0,1334000,-259000,1075000
2013/05/17,0,451000,-42000,409000
2013/05/20,0,472720,-85090,387630
2013/05/21,0,389000,-190126,198874
2013/05/22,0,592000,-11000,581000
2013/05/23,0,360000,-665000,-305000
2013/05/24,0,265510,-195000,70510
2013/05/27,0,83058,-84000,-942
2013/05/28,0,345000,-164000,181000
2013/05/29,0,389000,-25000,364000
2013/05/30,0,537810,-779000,-241190
2013/05/31,0,722000,-540683,181317
2013/06/03,0,1469000,-504000,965000
2013/06/04,0,431000,-535000,-104000
2013/06/05,0,507000,-276931,230069
2013/06/06,0,378605,-646803,-268198
2013/06/07,0,284000,-424139,-140139
2013/06/10,0,201000,-169364,31636
2013/06/11,0,240000,-391000,-151000
2013/06/12,0,0,0,0
2013/06/13,0,375000,-779000,-404000
2013/06/14,0,306000,-564000,-258000
2013/06/17,0,259000,-197980,61020
2013/06/18,0,374000,-656712,-282712
2013/06/19,0,398000,-421880,-23880
2013/06/20,0,278000,-745034,-467034
2013/06/21,0,256000,-1351147,-1095147
2013/06/24,0,235000,-1215690,-980690
2013/06/25,0,226000,-204000,22000
2013/06/26,0,1007000,-712000,295000
2013/06/27,0,672000,-510000,162000
2013/06/28,0,1242000,-583000,659000
2013/07/01,0,285000,-349616,-64616
2013/07/02,0,179000,-399258,-220258
2013/07/03,0,267000,-283600,-16600
2013/07/04,0,133000,-60000,73000
2013/07/05,0,1124000,-168000,956000
2013/07/08,0,507000,-538000,-31000
2013/07/09,0,397000,-148000,249000
2013/07/10,0,448000,-264950,183050
2013/07/11,0,1508000,-45000,1463000
2013/07/12,0,681000,-93000,588000
2013/07/15,0,763000,-408655,354345
2013/07/16,0,950000,-172000,778000
2013/07/17,0,934000,-91000,843000
2013/07/18,0,772000,-173000,599000
2013/07/19,0,755093,-223000,532093
2013/07/22,0,592268,-126000,466268
2013/07/23,0,1150190,-39000,1111190
2013/07/24,0,259000,-87000,172000
2013/07/25,0,172000,-277000,-105000
2013/07/26,0,164000,-41000,123000
2013/07/29,0,104000,-85000,19000
2013/07/30,0,925000,-163000,762000
2013/07/31,0,339000,-318572,20428
2013/08/01,0,54000,-123000,-69000
2013/08/02,0,245477,-111000,134477
2013/08/05,0,361000,-147000,214000
2013/08/06,0,50000,-817000,-767000
2013/08/07,0,92000,-499000,-407000
2013/08/08,0,35000,-883615,-848615
2013/08/09,0,347000,-689000,-342000
2013/08/12,0,232196,-264990,-32794
2013/08/13,0,318000,-53000,265000
2013/08/14,0,360683,-623000,-262317
2013/08/15,0,226000,-721821,-495821
2013/08/16,0,437586,-381000,56586
2013/08/19,0,200000,-430000,-230000
2013/08/20,0,428942,-621392,-192450
2013/08/21,0,0,0,0
2013/08/22,0,675924,-1763573,-1087649
2013/08/23,0,337000,-359000,-22000
2013/08/26,0,485000,-326000,159000
2013/08/27,0,718000,-378000,340000
2013/08/28,0,513000,-371631,141369
2013/08/29,0,844000,-300000,544000
2013/08/30,0,588000,-278000,310000
2013/09/02,0,1198000,-853000,345000
2013/09/03,0,763000,-247000,516000
2013/09/04,0,937000,-51000,886000
2013/09/05,0,1231678,-113000,1118678
2013/09/06,0,685000,-200000,485000
2013/09/09,0,912000,-94000,818000
2013/09/10,0,657000,-202000,455000
2013/09/11,0,1296000,-82870,1213130
2013/09/12,0,824000,-20000,804000
2013/09/13,0,327000,-110541,216459
2013/09/16,0,954000,-52000,902000
2013/09/17,0,459000,-298438,160562
2013/09/18,0,635492,-221000,414492
2013/09/19,0,0,0,0
2013/09/20,0,0,0,0
2013/09/23,0,669000,-499000,170000
2013/09/24,0,471000,-738979,-267979
2013/09/25,0,572000,-285000,287000
2013/09/26,0,263000,-320585,-57585
2013/09/27,0,713226,-339222,374004
2013/09/30,0,874000,-764652,109348
2013/10/01,0,121000,-349007,-228007
2013/10/02,0,142483,-525123,-382640
2013/10/03,0,1293500,-169000,1124500
2013/10/04,0,498000,-1000,497000
2013/10/07,0,289909,-297000,-7091
2013/10/08,0,514000,-21000,493000
2013/10/09,0,177000,-125000,52000
2013/10/10,0,0,0,0
2013/10/11,0,334000,-220886,113114
2013/10/14,0,495000,-96328,398672
2013/10/15,0,756000,-120986,635014
2013/10/16,0,482000,-16000,466000
2013/10/17,0,437000,-74000,363000
2013/10/18,0,301000,-73000,228000
2013/10/21,0,416000,-58000,358000
2013/10/22,0,543000,-295000,248000
2013/10/23,0,385279,-298000,87279
2013/10/24,0,357000,-49000,308000
2013/10/25,0,390128,-370000,20128
2013/10/28,0,583000,-75000,508000
2013/10/29,0,640000,-218000,422000
2013/10/30,0,695000,-32000,663000
2013/10/31,0,984000,-531863,452137
2013/11/01,0,252000,-438000,-186000
2013/11/04,0,208000,-358000,-150000
2013/11/05,0,3000,-932569,-929569
2013/11/06,0,152000,-123000,29000
2013/11/07,0,144000,-267000,-123000
2013/11/08,0,238000,-155000,83000
2013/11/11,0,203000,-264000,-61000
2013/11/12,0,296000,-312000,-16000
2013/11/13,0,1328872,-1760000,-431128
2013/11/14,0,227000,-484000,-257000
2013/11/15,0,284000,-370000,-86000
2013/11/18,0,79000,-264395,-185395
2013/11/19,0,134000,-67000,67000
2013/11/20,0,66000,-219691,-153691
2013/11/21,0,84000,-676000,-592000
2013/11/22,0,30000,-269000,-239000
2013/11/25,0,154000,-20000,134000
2013/11/26,0,612024,-447602,164422
2013/11/27,0,230909,-145000,85909
2013/11/28,0,397000,-112000,285000
2013/11/29,0,387000,-93000,294000
2013/12/02,0,274909,-68000,206909
2013/12/03,0,303000,-121696,181304
2013/12/04,0,312000,-449002,-137002
2013/12/05,0,230000,-630000,-400000
2013/12/06,0,186000,-647000,-461000
2013/12/09,0,788000,-62278,725722
2013/12/10,0,231000,-37000,194000
2013/12/11,0,458000,-99000,359000
2013/12/12,0,24000,-158902,-134902
2013/12/13,0,182000,-119000,63000
2013/12/16,0,16000,-128000,-112000
2013/12/17,0,210000,-193000,17000
2013/12/18,0,324000,-137000,187000
2013/12/19,0,465000,-57968,407032
2013/12/20,0,1178000,-274556,903444
2013/12/23,0,588000,-149000,439000
2013/12/24,0,108000,-366000,-258000
2013/12/25,0,233000,-59000,174000
2013/12/26,0,200000,-412405,-212405
2013/12/27,0,2050000,-97000,1953000
2013/12/30,0,1121000,-75001,1045999
2013/12/31,0,811485,-198000,613485
2014/01/02,0,742000,-171000,571000
2014/01/03,0,507000,-361000,146000
2014/01/06,0,867000,-334364,532636
2014/01/07,0,317000,-314000,3000
2014/01/08,0,531000,-186000,345000
2014/01/09,0,626000,-253000,373000
2014/01/10,0,734000,-326000,408000
2014/01/13,0,717000,-151510,565490
2014/01/14,0,724000,-565000,159000
2014/01/15,0,790086,-221000,569086
2014/01/16,0,272000,-93526,178474
2014/01/17,0,531539,-109000,422539
2014/01/20,0,421000,-139000,282000
2014/01/21,0,858555,-146183,712372
2014/01/22,0,940220,-142000,798220
2014/01/23,0,279000,-341000,-62000
2014/01/24,0,610000,-209000,401000
2014/01/27,0,517000,-1260144,-743144
2014/02/05,0,1101000,-3351000,-2250000
2014/02/06,0,1319000,-1832000,-513000
2014/02/07,0,1037695,-979000,58695
2014/02/10,0,602900,-548000,54900
2014/02/11,0,431348,-168837,262511
2014/02/12,0,208680,-515049,-306369
2014/02/13,0,169000,-667765,-498765
2014/02/14,0,700000,-248310,451690
2014/02/17,0,223000,-39000,184000
2014/02/18,0,684000,-30000,654000
2014/02/19,0,453000,-130000,323000
2014/02/20,0,363000,-148000,215000
2014/02/21,0,780000,-105000,675000
2014/02/24,0,84700,-50000,34700
2014/02/25,0,427000,-172000,255000
2014/02/26,0,670000,-494475,175525
2014/02/27,0,859076,-500045,359031
2014/03/03,0,513000,-750000,-237000
2014/03/04,0,106000,-957000,-851000
2014/03/05,0,161000,-265000,-104000
2014/03/06,0,350000,-502500,-152500
2014/03/07,0,416000,-189000,227000
2014/03/10,0,373000,-244000,129000
2014/03/11,0,101000,-185000,-84000
2014/03/12,0,209000,-129000,80000
2014/03/13,0,168000,-512860,-344860
2014/03/14,0,193000,-587000,-394000
2014/03/17,0,183000,-104000,79000
2014/03/18,0,284000,-317585,-33585
2014/03/19,0,77000,-31000,46000
2014/03/20,0,53000,-811794,-758794
2014/03/21,0,311000,-534000,-223000
2014/03/24,0,461000,-182000,279000
2014/03/25,0,50000,-115955,-65955
2014/03/26,0,124000,-336000,-212000
2014/03/27,0,343000,-217000,126000
2014/03/28,0,534000,-265000,269000
2014/03/31,0,580735,-367880,212855
2014/04/01,0,207000,-258184,-51184
2014/04/02,0,198000,-390465,-192465
2014/04/03,0,277000,-165000,112000
2014/04/07,0,506000,-515000,-9000
2014/04/08,0,302000,-162000,140000
2014/04/09,0,338000,-182000,156000
2014/04/10,0,386000,-217000,169000
2014/04/11,0,320000,-176000,144000
2014/04/14,0,433000,-157000,276000
2014/04/15,0,57000,-323000,-266000
2014/04/16,0,1019000,-857000,162000
2014/04/17,0,80680,-175000,-94320
2014/04/18,0,56000,-11000,45000
2014/04/21,0,21000,-123000,-102000
2014/04/22,0,155000,-107000,48000
2014/04/23,0,64000,-106000,-42000
2014/04/24,0,192000,-110000,82000
2014/04/25,0,102000,-262000,-160000
2014/04/28,0,398000,-252000,146000
2014/04/29,0,174000,-229000,-55000
2014/04/30,0,664000,-746000,-82000
2014/05/02,0,259000,-83000,176000
2014/05/05,0,143000,-162000,-19000
2014/05/06,0,162000,-215000,-53000
2014/05/07,0,195000,-385000,-190000
2014/05/08,0,234000,-142032,91968
2014/05/09,0,223000,-282619,-59619
2014/05/12,0,174000,-173000,1000
2014/05/13,0,392465,-171000,221465
2014/05/14,0,666000,-219000,447000
2014/05/15,0,197000,-317000,-120000
2014/05/16,0,238000,-231000,7000
2014/05/19,0,283000,-90600,192400
2014/05/20,0,285000,-123083,161917
2014/05/21,0,408000,-173000,235000
2014/05/22,0,697000,-26000,671000
2014/05/23,0,185000,-167570,17430
2014/05/26,0,93000,-163000,-70000
2014/05/27,0,98000,-10000,88000
2014/05/28,0,804500,-173000,631500
2014/05/29,0,472000,-168002,303998
2014/05/30,0,1369400,-918350,451050
2014/06/03,0,404000,-494940,-90940
2014/06/04,0,186000,-260000,-74000
2014/06/05,0,152000,-210000,-58000
2014/06/06,0,49000,-104000,-55000
2014/06/09,0,161000,-46570,114430
2014/06/10,0,705508,-123800,581708
2014/06/11,0,138000,-116233,21767
2014/06/12,0,504000,-282900,221100
2014/06/13,0,170000,-538000,-368000
2014/06/16,0,181000,-279603,-98603
2014/06/17,0,329000,-221000,108000
2014/06/18,0,2154800,-347000,1807800
2014/06/19,0,339941,-332000,7941
2014/06/20,0,389000,-216000,173000
2014/06/23,0,631000,-73806,557194
2014/06/24,0,759000,-71062,687938
2014/06/25,0,885000,-52111,832889
2014/06/26,0,518852,-31000,487852
2014/06/27,0,375000,-482000,-107000
2014/06/30,0,152000,-107000,45000
2014/07/01,0,929000,-260000,669000
2014/07/02,0,485000,-311715,173285
2014/07/03,0,502000,-243000,259000
2014/07/04,0,56000,-588000,-532000
2014/07/07,0,194000,-169000,25000
2014/07/08,0,154000,-107000,47000
2014/07/09,0,168000,-38000,130000
2014/07/10,0,341000,-226000,115000
2014/07/11,0,435000,-143000,292000
2014/07/14,0,242000,-378000,-136000
2014/07/15,0,107334,-332000,-224666
2014/07/16,0,346000,-128000,218000
2014/07/17,0,535954,-420583,115371
2014/07/18,0,597000,-337694,259306
2014/07/21,0,448000,-616000,-168000
2014/07/22,0,721000,-626000,95000
2014/07/23,0,0,0,0
2014/07/24,0,476000,-272000,204000
2014/07/25,0,317000,-139000,178000
2014/07/28,0,1153000,-214000,939000
2014/07/29,0,1407000,-305000,1102000
2014/07/30,0,1259000,-316000,943000
2014/07/31,0,539000,-1133000,-594000
2014/08/01,0,393000,-404000,-11000
2014/08/04,0,465000,-842000,-377000
2014/08/05,0,260000,-1714464,-1454464
2014/08/06,0,687000,-488870,198130
2014/08/07,0,165861,-637155,-471294
2014/08/08,0,187000,-294496,-107496
2014/08/11,0,68000,-456000,-388000
2014/08/12,0,138000,-804224,-666224
2014/08/13,0,590000,-224000,366000
2014/08/14,0,104000,-787000,-683000
2014/08/15,0,270000,-545000,-275000
2014/08/18,0,218000,-424000,-206000
2014/08/19,0,659525,-241000,418525
2014/08/20,0,441525,-71000,370525
2014/08/21,0,285000,-31000,254000
2014/08/22,0,1407385,-229000,1178385
2014/08/25,0,309000,-48000,261000
2014/08/26,0,239647,-141000,98647
2014/08/27,0,1094000,-183000,911000
2014/08/28,0,564000,-225000,339000
2014/08/29,0,798000,-681511,116489
2014/09/01,0,708000,-106000,602000
2014/09/02,0,579000,-465000,114000
2014/09/03,0,585000,-281530,303470
2014/09/04,0,419000,-500556,-81556
2014/09/05,0,125000,-44000,81000
2014/09/09,0,203000,-70000,133000
2014/09/10,0,141000,-477000,-336000
2014/09/11,0,18000,-128000,-110000
2014/09/12,0,90168,-169000,-78832
2014/09/15,0,64000,-167000,-103000
2014/09/16,0,99000,-325000,-226000
2014/09/17,0,560000,-1079000,-519000
2014/09/18,0,267000,-123000,144000
2014/09/19,0,263000,-427000,-164000
2014/09/22,0,47000,-748000,-701000
2014/09/23,0,45000,-152000,-107000
2014/09/24,0,259000,-388000,-129000
2014/09/25,0,106000,-349000,-243000
2014/09/26,0,364000,-163000,201000
2014/09/29,0,577000,-1420000,-843000
2014/09/30,0,747000,-858000,-111000
2014/10/01,0,163490,-742000,-578510
2014/10/02,0,8000,-841000,-833000
2014/10/03,0,283000,-348157,-65157
2014/10/06,0,194000,-748000,-554000
2014/10/07,0,161000,-674000,-513000
2014/10/08,0,218000,-491000,-273000
2014/10/09,0,223000,-271000,-48000
2014/10/13,0,356000,-1237381,-881381
2014/10/14,0,408000,-545000,-137000
2014/10/15,0,869000,-1153000,-284000
2014/10/16,0,606000,-637500,-31500
2014/10/17,0,1778000,-2550000,-772000
2014/10/20,0,736400,-478369,258031
2014/10/21,0,436000,-231000,205000
2014/10/22,0,326000,-356000,-30000
2014/10/23,0,47000,-82000,-35000
2014/10/24,0,285000,-500511,-215511
2014/10/27,0,356000,-51000,305000
2014/10/28,0,1410000,-613677,796323
2014/10/29,0,690000,-137000,553000
2014/10/30,0,330000,-110000,220000
2014/10/31,0,578000,-362900,215100
2014/11/03,0,297220,-414000,-116780
2014/11/04,0,305000,-468000,-163000
2014/11/05,0,338000,-86000,252000
2014/11/06,0,303000,-135000,168000
2014/11/07,0,477000,-152070,324930
2014/11/10,0,1223000,-111000,1112000
2014/11/11,0,357000,-119000,238000
2014/11/12,0,277000,-471000,-194000
2014/11/13,0,98000,-353000,-255000
2014/11/14,0,21000,-409000,-388000
2014/11/17,0,226000,-487495,-261495
2014/11/18,0,180909,-158000,22909
2014/11/19,0,1194000,-753000,441000
2014/11/20,0,410000,-107942,302058
2014/11/21,0,205000,-136000,69000
2014/11/24,0,286000,-212970,73030
2014/11/25,0,939363,-462000,477363
2014/11/26,0,137000,-224000,-87000
2014/11/27,0,405000,-91000,314000
2014/11/28,0,465000,-543000,-78000
2014/12/01,0,229000,-625198,-396198
2014/12/02,0,180000,-966000,-786000
2014/12/03,0,207000,-226000,-19000
2014/12/04,0,333000,-167000,166000
2014/12/05,0,69000,-162000,-93000
2014/12/08,0,178000,-124000,54000
2014/12/09,0,190000,-121000,69000
2014/12/10,0,83000,-661000,-578000
2014/12/11,0,67000,-313000,-246000
2014/12/12,0,121909,-638000,-516091
2014/12/15,0,88000,-569000,-481000
2014/12/16,0,246935,-271000,-24065
2014/12/17,0,573000,-1025334,-452334
2014/12/18,0,54000,-605000,-551000
2014/12/19,0,473000,-197000,276000
2014/12/22,0,283000,-274000,9000
2014/12/23,0,185000,-96000,89000
2014/12/24,0,368000,-52000,316000
2014/12/25,0,128000,-15000,113000
2014/12/26,0,148000,-6000,142000
2014/12/29,0,870000,-36000,834000
2014/12/30,0,393000,-143000,250000
2014/12/31,0,399000,-205010,193990
2015/01/01,0,0,0,0
2015/01/02,0,0,0,0
2015/01/05,0,410000,-705000,-295000
2015/01/06,0,89000,-1056000,-967000
2015/01/07,0,98000,-719000,-621000
2015/01/08,0,406000,-189000,217000
2015/01/09,0,32000,-143000,-111000
2015/01/12,0,157300,-95000,62300
2015/01/13,0,596000,-323000,273000
2015/01/14,0,256000,-526000,-270000
2015/01/15,0,80000,-308000,-228000
2015/01/16,0,94000,-978644,-884644
2015/01/19,0,233000,-193000,40000
2015/01/20,0,378000,-87000,291000
2015/01/21,0,477000,-215168,261832
2015/01/22,0,607000,-79000,528000
2015/01/23,0,590000,-155000,435000
2015/01/26,0,357000,-245000,112000
2015/01/27,0,483000,-825000,-342000
2015/01/28,0,791000,-466799,324201
2015/01/29,0,571000,-457000,114000
2015/01/30,0,429000,-660000,-231000
2015/02/02,0,336000,-171000,165000
2015/02/03,0,421000,-368000,53000
2015/02/04,0,594000,-449000,145000
2015/02/05,0,376000,-251000,125000
2015/02/06,0,299000,-315000,-16000
2015/02/09,0,96000,-226000,-130000
2015/02/10,0,478000,-265000,213000
2015/02/11,0,356216,-293920,62296
2015/02/12,0,498000,-315000,183000
2015/02/13,0,563000,-50000,513000
2015/02/16,0,0,0,0
2015/02/17,0,0,0,0
2015/02/18,0,0,0,0
2015/02/19,0,0,0,0
2015/02/20,0,0,0,0
2015/02/23,0,0,0,0
2015/02/24,0,459000,-53000,406000
2015/02/25,0,384000,-214000,170000
2015/02/26,0,472000,-523265,-51265
2015/02/27,0,0,0,0
2015/03/02,0,422000,-460000,-38000
2015/03/03,0,87141,-357000,-269859
2015/03/04,0,39000,-230000,-191000
2015/03/05,0,67000,-368000,-301000
2015/03/06,0,361000,-475000,-114000
2015/03/09,0,37000,-458000,-421000
2015/03/10,0,52819,-704000,-651181
2015/03/11,0,283000,-881000,-598000
2015/03/12,0,195000,-469000,-274000
2015/03/13,0,171000,-411000,-240000
2015/03/16,0,464000,-498905,-34905
2015/03/17,0,491000,-228000,263000
2015/03/18,0,1631000,-365142,1265858
2015/03/19,0,621000,-187000,434000
2015/03/20,0,678000,-767000,-89000
2015/03/23,0,276000,-391000,-115000
2015/03/24,0,236000,-248000,-12000
2015/03/25,0,136000,-228000,-92000
2015/03/26,0,812000,-262000,550000
2015/03/27,0,508000,-419000,89000
2015/03/30,0,435812,-322812,113000
2015/03/31,0,591000,-416000,175000
2015/04/01,0,189000,-558000,-369000
2015/04/02,0,415909,-87000,328909
2015/04/03,0,0,0,0
2015/04/06,0,0,0,0
2015/04/07,0,185000,-73000,112000
2015/04/08,0,150000,-500500,-350500
2015/04/09,0,292000,-244000,48000
2015/04/10,0,407000,-72000,335000
2015/04/13,0,151000,-116000,35000
2015/04/14,0,176000,-134000,42000
2015/04/15,0,407000,-1337000,-930000
2015/04/16,0,290000,-131000,159000
2015/04/17,0,216141,-163000,53141
2015/04/20,0,193000,-113000,80000
2015/04/21,0,186000,-327000,-141000
2015/04/22,0,401000,-519000,-118000
2015/04/23,0,1280000,-832591,447409
2015/04/24,0,1719000,-706000,1013000
2015/04/27,0,1180000,-664000,516000
2015/04/28,0,853000,-613720,239280
2015/04/29,0,1169000,-528698,640302
2015/04/30,0,1021000,-754000,267000
2015/05/01,0,0,0,0
2015/05/04,0,82000,-117000,-35000
2015/05/05,0,276000,-137000,139000
2015/05/06,0,738000,-269000,469000
2015/05/07,0,227000,-234000,-7000
2015/05/08,0,968000,-214000,754000
2015/05/11,0,677000,-170000,507000
2015/05/12,0,936000,-113000,823000
2015/05/13,0,251000,-485000,-234000
2015/05/14,0,736000,-853000,-117000
2015/05/15,0,330000,-459000,-129000
2015/05/18,0,497000,-421000,76000
2015/05/19,0,336000,-149000,187000
2015/05/20,0,354259,-751000,-396741
2015/05/21,0,227000,-1564000,-1337000
2015/05/22,0,402000,-207000,195000
2015/05/25,0,165000,-430000,-265000
2015/05/26,0,555000,-90000,465000
2015/05/27,0,556000,-206000,350000
2015/05/28,0,730000,-1066141,-336141
2015/05/29,0,2090107,-2107476,-17369
2015/06/01,0,67000,-578450,-511450
2015/06/02,0,248910,-565000,-316090
2015/06/03,0,232000,-773000,-541000
2015/06/04,0,254790,-2236000,-1981210
2015/06/05,0,573000,-1341000,-768000
2015/06/08,0,559000,-661059,-102059
2015/06/09,0,289000,-641381,-352381
2015/06/10,0,588000,-833000,-245000
2015/06/11,0,199000,-1087000,-888000
2015/06/12,0,379000,-967000,-588000
2015/06/15,0,237000,-954000,-717000
2015/06/16,0,533000,-1346000,-813000
2015/06/17,0,603000,-1849000,-1246000
2015/06/18,0,941000,-1552609,-611609
2015/06/19,0,0,0,0
2015/06/22,0,890237,-575477,314760
2015/06/23,0,438000,-590000,-152000
2015/06/24,0,258405,-242000,16405
2015/06/25,0,799050,-476000,323050
2015/06/26,0,279492,-448000,-168508
2015/06/29,0,18000,-452000,-434000
2015/06/30,0,464000,-365902,98098
2015/07/01,0,402000,-339000,63000
2015/07/02,0,368160,-541000,-172840
2015/07/03,0,422000,-508000,-86000
2015/07/06,0,226000,-576000,-350000
2015/07/07,0,390000,-160426,229574
2015/07/08,0,797000,-1114000,-317000
2015/07/09,0,436000,-750745,-314745
2015/07/10,0,0,0,0
2015/07/13,0,196000,-466000,-270000
2015/07/14,0,403000,-592000,-189000
2015/07/15,0,387000,-704193,-317193
2015/07/16,0,304000,-368000,-64000
2015/07/17,0,125000,-559045,-434045
2015/07/20,0,299237,-505000,-205763
2015/07/21,0,178000,-257000,-79000
2015/07/22,0,275000,-465990,-190990
2015/07/23,0,340000,-466000,-126000
2015/07/24,0,26909,-505000,-478091
2015/07/27,0,620000,-526000,94000
2015/07/28,0,445000,-823000,-378000
2015/07/29,0,725000,-860511,-135511
2015/07/30,0,350000,-247000,103000
2015/07/31,0,1247000,-765315,481685
2015/08/03,0,351000,-361000,-10000
2015/08/04,0,274000,-166000,108000
2015/08/05,0,247000,-219000,28000
2015/08/06,0,312000,-279000,33000
2015/08/07,0,343000,-452000,-109000
2015/08/10,0,255000,-200000,55000
2015/08/11,0,907000,-1522000,-615000
2015/08/12,0,642000,-369000,273000
2015/08/13,0,694000,-435446,258554
2015/08/14,0,241000,-317000,-76000
2015/08/17,0,233909,-231240,2669
2015/08/18,0,547000,-487000,60000
2015/08/19,0,207237,-1182000,-974763
2015/08/20,0,293000,-1339000,-1046000
2015/08/21,0,462000,-1167000,-705000
2015/08/24,0,550000,-1796000,-1246000
2015/08/25,0,1539000,-941264,597736
2015/08/26,0,829000,-1267396,-438396
2015/08/27,0,627000,-1452000,-825000
2015/08/28,0,1351000,-746889,604111
2015/08/31,0,2853000,-1372000,1481000
2015/09/01,0,621000,-1264000,-643000
2015/09/02,0,766000,-993141,-227141
2015/09/03,0,445000,-1516000,-1071000
2015/09/04,0,346141,-581920,-235779
2015/09/07,0,236000,-304000,-68000
2015/09/08,0,121000,-970000,-849000
2015/09/09,0,1738158,-841495,896663
2015/09/10,0,838996,-342000,496996
2015/09/11,0,350000,-511000,-161000
2015/09/14,0,56000,-224000,-168000
2015/09/15,0,169000,-334000,-165000
2015/09/16,0,567000,-787396,-220396
2015/09/17,0,1919805,-2120064,-200259
2015/09/18,0,874000,-890096,-16096
2015/09/21,0,627000,-1004264,-377264
2015/09/22,0,166000,-197000,-31000
2015/09/23,0,1094000,-1009915,84085
2015/09/24,0,803000,-1239000,-436000
2015/09/25,0,320000,-1254748,-934748
2015/09/28,0,0,0,0
2015/09/29,0,0,0,0
2015/09/30,0,1411000,-1531261,-120261
2015/10/01,0,972000,-809000,163000
2015/10/02,0,557000,-561000,-4000
2015/10/05,0,544000,-617949,-73949
2015/10/06,0,565000,-726000,-161000
2015/10/07,0,916000,-616000,300000
2015/10/08,0,531918,-1025000,-493082
2015/10/09,0,0,0,0
2015/10/12,0,977000,-890000,87000
2015/10/13,0,846909,-1361924,-515015
2015/10/14,0,181335,-499000,-317665
2015/10/15,0,907000,-519521,387479
2015/10/16,0,462000,-1183000,-721000
2015/10/19,0,430000,-616000,-186000
2015/10/20,0,827000,-549000,278000
2015/10/21,0,381000,-429000,-48000
2015/10/22,0,257082,-173000,84082
2015/10/23,0,832000,-440000,392000
2015/10/26,0,652000,-416000,236000
2015/10/27,0,466000,-1120669,-654669
2015/10/28,0,276000,-558165,-282165
2015/10/29,0,83000,-782623,-699623
2015/10/30,0,417000,-460000,-43000
2015/11/02,0,157000,-275000,-118000
2015/11/03,0,1096000,-515683,580317
2015/11/04,0,3799000,-812977,2986023
2015/11/05,0,619000,-1066000,-447000
2015/11/06,0,966000,-1833069,-867069
2015/11/09,0,478000,-2148000,-1670000
2015/11/10,0,149000,-1781000,-1632000
2015/11/11,0,87000,-1798000,-1711000
2015/11/12,0,597000,-868000,-271000
2015/11/13,0,1281000,-4306000,-3025000
2015/11/16,0,1467400,-8053843,-6586443
2015/11/17,0,1768250,-5361303,-3593053
2015/11/18,0,767580,-3284856,-2517276
2015/11/19,0,549000,-3606259,-3057259
2015/11/20,0,610000,-983662,-373662
2015/11/23,0,1304000,-2734903,-1430903
2015/11/24,0,1333000,-1886000,-553000
2015/11/25,0,2427000,-2238000,189000
2015/11/26,0,1080000,-2683000,-1603000
2015/11/27,0,1195000,-6631582,-5436582
2015/11/30,0,54469755,-70374120,-15904365
2015/12/01,0,3142000,-6939040,-3797040
2015/12/02,0,2911000,-3802053,-891053
2015/12/03,0,2018000,-7400393,-5382393
2015/12/04,0,373000,-3147761,-2774761
2015/12/07,0,557000,-3513000,-2956000
2015/12/08,0,748000,-2819000,-2071000
2015/12/09,0,434000,-930000,-496000
2015/12/10,0,197000,-2404836,-2207836
2015/12/11,0,225000,-2441143,-2216143
2015/12/14,0,387000,-3242000,-2855000
2015/12/15,0,125000,-1767000,-1642000
2015/12/16,0,1599000,-2718000,-1119000
2015/12/17,0,993000,-861957,131043
2015/12/18,0,956000,-1224000,-268000
2015/12/21,0,397000,-733620,-336620
2015/12/22,0,74000,-566000,-492000
2015/12/23,0,206000,-268000,-62000
2015/12/24,0,328000,-324000,4000
2015/12/25,0,588000,-109000,479000
2015/12/28,0,314000,-347000,-33000
2015/12/29,0,22000,-497000,-475000
2015/12/30,0,119000,-314067,-195067
2015/12/31,0,142000,-474000,-332000
2016/01/01,0,0,0,0
2016/01/04,0,105000,-1575000,-1470000
2016/01/05,0,631000,-3598450,-2967450
2016/01/06,0,157000,-1175000,-1018000
2016/01/07,0,449000,-1536000,-1087000
2016/01/08,0,57000,-813000,-756000
2016/01/11,0,207000,-1112000,-905000
2016/01/12,0,323000,-982000,-659000
2016/01/13,0,84000,-3214000,-3130000
2016/01/14,0,203000,-1894000,-1691000
2016/01/15,0,180870,-1083225,-902355
2016/01/18,0,431000,-398000,33000
2016/01/19,0,202000,-469000,-267000
2016/01/20,0,909000,-424000,485000
2016/01/21,0,195000,-435000,-240000
2016/01/22,0,373000,-367435,5565
2016/01/25,0,181000,-228000,-47000
2016/01/26,0,103000,-370000,-267000
2016/01/27,0,42000,-271735,-229735
2016/01/28,0,137000,-310000,-173000
2016/01/29,0,931000,-854000,77000
2016/02/01,0,251000,-214000,37000
2016/02/02,0,575000,-530000,45000
2016/02/03,0,449000,-394000,55000
2016/02/04,0,0,0,0
2016/02/05,0,0,0,0
2016/02/08,0,0,0,0
2016/02/09,0,0,0,0
2016/02/10,0,0,0,0
2016/02/11,0,0,0,0
2016/02/12,0,0,0,0
2016/02/15,0,148000,-186000,-38000
2016/02/16,0,651000,-83000,568000
2016/02/17,0,669000,-116000,553000
2016/02/18,0,1317000,-301000,1016000
2016/02/19,0,419000,-159000,260000
2016/02/22,0,329000,-178000,151000
2016/02/23,0,255000,-345000,-90000
2016/02/24,0,286000,-96000,190000
2016/02/25,0,491000,-50000,441000
2016/02/26,0,573376,-278000,295376
2016/02/29,0,0,0,0
2016/03/01,0,544000,-680000,-136000
2016/03/02,0,430000,-1041000,-611000
2016/03/03,0,426000,-615000,-189000
2016/03/04,0,546000,-662000,-116000
2016/03/07,0,870000,-738000,132000
2016/03/08,0,2016000,-1667000,349000
2016/03/09,0,978000,-800000,178000
2016/03/10,0,639000,-481000,158000
2016/03/11,0,434000,-373000,61000
2016/03/14,0,385000,-504000,-119000
2016/03/15,0,560000,-582000,-22000
2016/03/16,0,938000,-933000,5000
2016/03/17,0,1007000,-2633000,-1626000
2016/03/18,0,976000,-1809000,-833000
2016/03/21,0,176000,-806000,-630000
2016/03/22,0,455000,-613000,-158000
2016/03/23,0,754000,-295000,459000
2016/03/24,0,843000,-761000,82000
2016/03/25,0,128000,-378000,-250000
2016/03/28,0,187000,-271000,-84000
2016/03/29,0,349000,-482000,-133000
2016/03/30,0,307000,-320000,-13000
2016/03/31,0,409000,-502000,-93000
2016/04/01,0,432000,-245000,187000
2016/04/04,0,0,0,0
2016/04/05,0,0,0,0
2016/04/06,0,146000,-750000,-604000
2016/04/07,0,169000,-410000,-241000
2016/04/08,0,587000,-300000,287000
2016/04/11,0,289000,-686000,-397000
2016/04/12,0,516000,-408000,108000
2016/04/13,0,542000,-532000,10000
2016/04/14,0,263000,-150000,113000
2016/04/15,0,612000,-609000,3000
2016/04/18,0,218000,-315000,-97000
2016/04/19,0,650000,-472000,178000
2016/04/20,0,491109,-997000,-505891
2016/04/21,0,179000,-1746000,-1567000
2016/04/22,0,573000,-1000000,-427000
2016/04/25,0,389000,-276000,113000
2016/04/26,0,308000,-353000,-45000
2016/04/27,0,432000,-130000,302000
2016/04/28,0,605373,-639000,-33627
2016/04/29,0,931000,-486000,445000
2016/05/02,0,0,0,0
2016/05/03,0,520000,-264000,256000
2016/05/04,0,872000,-799475,72525
2016/05/05,0,1118000,-265000,853000
2016/05/06,0,822000,-278000,544000
2016/05/09,0,351000,-714000,-363000
2016/05/10,0,128000,-146000,-18000
2016/05/11,0,117000,-264000,-147000
2016/05/12,0,188000,-175000,13000
2016/05/13,0,318000,-106000,212000
2016/05/16,0,281000,-176000,105000
2016/05/17,0,113000,-437000,-324000
2016/05/18,0,129000,-293000,-164000
2016/05/19,0,201000,-357000,-156000
2016/05/20,0,319000,-126000,193000
2016/05/23,0,640000,-25000,615000
2016/05/24,0,314000,-20000,294000
2016/05/25,0,360000,-49000,311000
2016/05/26,0,468000,-90000,378000
2016/05/27,0,211000,-8000,203000
2016/05/30,0,354000,-66000,288000
2016/05/31,0,797000,-544000,253000
2016/06/01,0,736000,-94000,642000
2016/06/02,0,335000,-63000,272000
2016/06/03,0,142000,-45000,97000
2016/06/06,0,261000,-183000,78000
2016/06/07,0,586000,-131935,454065
2016/06/08,0,339000,-167000,172000
2016/06/09,0,0,0,0
2016/06/10,0,0,0,0
2016/06/13,0,647000,-444000,203000
2016/06/14,0,490000,-287000,203000
2016/06/15,0,375000,-290000,85000
2016/06/16,0,79000,-182000,-103000
2016/06/17,0,332000,-51000,281000
2016/06/20,0,778000,-42000,736000
2016/06/21,0,946000,-360090,585910
2016/06/22,0,309000,-311000,-2000
2016/06/23,0,220000,-207000,13000
2016/06/24,0,942000,-519000,423000
2016/06/27,0,396000,-572000,-176000
2016/06/28,0,379000,-95000,284000
2016/06/29,0,352000,-507000,-155000
2016/06/30,0,329000,-136000,193000
2016/07/01,0,278000,-85000,193000
2016/07/04,0,278000,-93000,185000
2016/07/05,0,230000,-249000,-19000
2016/07/06,0,337000,-340000,-3000
2016/07/07,0,364000,-630000,-266000
2016/07/08,0,0,0,0
2016/07/11,0,291000,-313000,-22000
2016/07/12,0,256000,-70000,186000
2016/07/13,0,427000,-413000,14000
2016/07/14,0,345000,-141000,204000
2016/07/15,0,893000,-72000,821000
2016/07/18,0,628000,-37000,591000
2016/07/19,0,709000,-141000,568000
2016/07/20,0,952000,-817000,135000
2016/07/21,0,250000,-34000,216000
2016/07/22,0,449000,-41000,408000
2016/07/25,0,244000,-73000,171000
2016/07/26,0,123000,-189000,-66000
2016/07/27,0,166000,-107000,59000
2016/07/28,0,266000,-85000,181000
2016/07/29,0,97000,-93000,4000
2016/08/01,0,242000,-117000,125000
2016/08/02,0,127000,-63000,64000
2016/08/03,0,47000,-104000,-57000
2016/08/04,0,72000,-402000,-330000
2016/08/05,0,102000,-162000,-60000
2016/08/08,0,162000,-995685,-833685
2016/08/09,0,376000,-243000,133000
2016/08/10,0,390000,-286743,103257
2016/08/11,0,468000,-468000,0
2016/08/12,0,298000,-331000,-33000
2016/08/15,0,239000,-107000,132000
2016/08/16,0,163000,-568000,-405000
2016/08/17,0,665790,-399000,266790
2016/08/18,0,259000,-334000,-75000
2016/08/19,0,494000,-386394,107606
2016/08/22,0,1542000,-953000,589000
2016/08/23,0,1007000,-234000,773000
2016/08/24,0,1266000,-617000,649000
2016/08/25,0,1213000,-747000,466000
2016/08/26,0,50000,-423000,-373000
2016/08/29,0,0,-490000,-490000
2016/08/30,0,111000,-278000,-167000
2016/08/31,0,1472000,-502000,970000
2016/09/01,0,1467000,-314000,1153000
2016/09/02,0,603000,-199000,404000
2016/09/05,0,1301087,-183000,1118087
2016/09/06,0,246913,-54000,192913
2016/09/07,0,2620000,-205000,2415000
2016/09/08,0,778000,-332000,446000
2016/09/09,0,1031000,-318000,713000
2016/09/12,0,2956000,-472000,2484000
2016/09/13,0,2228422,-1106000,1122422
2016/09/14,0,1050885,-295228,755657
2016/09/15,0,0,0,0
2016/09/16,0,0,0,0
2016/09/19,0,2337085,-818034,1519051
2016/09/20,0,1002000,-484087,517913
2016/09/21,0,1474000,-258114,1215886
2016/09/22,0,776020,-217000,559020
2016/09/23,0,688738,-82000,606738
2016/09/26,0,1542087,-415000,1127087
2016/09/27,0,0,0,0
2016/09/28,0,0,0,0
2016/09/29,0,775000,-516000,259000
2016/09/30,0,633000,-727000,-94000
2016/10/03,0,293000,-478000,-185000
2016/10/04,0,592000,-538161,53839
2016/10/05,0,1586022,-1579475,6547
2016/10/06,0,112000,-283000,-171000
2016/10/07,0,89000,-159000,-70000
2016/10/10,0,0,0,0
2016/10/11,0,988538,-235000,753538
2016/10/12,0,813000,-948609,-135609
2016/10/13,0,256000,-486000,-230000
2016/10/14,0,94000,-765000,-671000
2016/10/17,0,177000,-767000,-590000
2016/10/18,0,639000,-459000,180000
2016/10/19,0,673000,-1029000,-356000
2016/10/20,0,623000,-445000,178000
2016/10/21,0,98000,-473000,-375000
2016/10/24,0,579000,-374000,205000
2016/10/25,0,199000,-352000,-153000
2016/10/26,0,42000,-454000,-412000
2016/10/27,0,238000,-373000,-135000
2016/10/28,0,326000,-438000,-112000
2016/10/31,0,100000,-723000,-623000
2016/11/01,0,285000,-653000,-368000
2016/11/02,0,267000,-1157000,-890000
2016/11/03,0,407000,-1430000,-1023000
2016/11/04,0,591000,-1127000,-536000
2016/11/07,0,170000,-691000,-521000
2016/11/08,0,426000,-1045000,-619000
2016/11/09,0,771000,-616013,154987
2016/11/10,0,1069000,-1351000,-282000
2016/11/11,0,319000,-993000,-674000
2016/11/14,0,120751,-545000,-424249
2016/11/15,0,371020,-664000,-292980
2016/11/16,0,214000,-498031,-284031
2016/11/17,0,293000,-56000,237000
2016/11/18,0,399000,-298000,101000
2016/11/21,0,464000,-181000,283000
2016/11/22,0,820000,-220000,600000
2016/11/23,0,208000,-375000,-167000
2016/11/24,0,94000,-29000,65000
2016/11/25,0,133000,-61000,72000
2016/11/28,0,203000,-63189,139811
2016/11/29,0,150000,-420000,-270000
2016/11/30,0,863000,-640000,223000
2016/12/01,0,456000,-315000,141000
2016/12/02,0,167000,-67000,100000
2016/12/05,0,181000,-335977,-154977
2016/12/06,0,219000,-1782000,-1563000
2016/12/07,0,382000,-300000,82000
2016/12/08,0,361000,-107000,254000
2016/12/09,0,266000,-969480,-703480
2016/12/12,0,160000,-363000,-203000
2016/12/13,0,588000,-445001,142999
2016/12/14,0,847000,-1097000,-250000
2016/12/15,0,345000,-195000,150000
2016/12/16,0,486000,-691600,-205600
2016/12/19,0,157000,-935000,-778000
2016/12/20,0,249000,-162000,87000
2016/12/21,0,86000,-99000,-13000
2016/12/22,0,146000,-269000,-123000
2016/12/23,0,73000,-167000,-94000
2016/12/26,0,9000,-260000,-251000
2016/12/27,0,52000,-113000,-61000
2016/12/28,0,137000,-156000,-19000
2016/12/29,0,51000,-64756,-13756
2016/12/30,0,340000,-31000,309000
2017/01/02,0,0,0,0
2017/01/03,0,193000,-216000,-23000
2017/01/04,0,325000,-292000,33000
2017/01/05,0,277000,-265000,12000
2017/01/06,0,382000,-404000,-22000
2017/01/09,0,513000,-432000,81000
2017/01/10,0,303000,-575000,-272000
2017/01/11,0,318000,-423000,-105000
2017/01/12,0,581000,-596000,-15000
2017/01/13,0,195400,-328000,-132600
2017/01/16,0,8000,-348000,-340000
2017/01/17,0,199790,-474000,-274210
2017/01/18,0,1425600,-1276498,149102
2017/01/19,0,310000,-1221302,-911302
2017/01/20,0,31000,-236000,-205000
2017/01/23,0,81127,-29000,52127
2017/01/24,0,458600,-29000,429600
2017/01/25,0,0,0,0
2017/01/26,0,0,0,0
2017/01/27,0,0,0,0
2017/01/30,0,0,0,0
2017/01/31,0,0,0,0
2017/02/01,0,0,0,0
2017/02/02,0,961318,-1858000,-896682
2017/02/03,0,148000,-1110000,-962000
2017/02/06,0,438000,-571185,-133185
2017/02/07,0,282141,-362000,-79859
2017/02/08,0,2165000,-859000,1306000
2017/02/09,0,323000,-561000,-238000
2017/02/10,0,1622000,-1128000,494000
2017/02/13,0,415000,-298000,117000
2017/02/14,0,890000,-972000,-82000
2017/02/15,0,873000,-222000,651000
2017/02/16,0,611000,-279000,332000
2017/02/17,0,1141000,-295000,846000
2017/02/20,0,908000,-158000,750000
2017/02/21,0,374000,-357000,17000
2017/02/22,0,4172000,-4325000,-153000
2017/02/23,0,4548000,-4903000,-355000
2017/02/24,0,5295000,-1337000,3958000
2017/02/27,0,0,0,0
2017/02/28,0,0,0,0
2017/03/01,0,653000,-1082000,-429000
2017/03/02,0,1576000,-608000,968000
2017/03/03,0,1431000,-539000,892000
2017/03/06,0,1873000,-1059000,814000
2017/03/07,0,2275000,-739000,1536000
2017/03/08,0,720000,-2552000,-1832000
2017/03/09,0,807059,-481000,326059
2017/03/10,0,975000,-1263000,-288000
2017/03/13,0,472000,-695000,-223000
2017/03/14,0,1506000,-313000,1193000
2017/03/15,0,953000,-1842000,-889000
2017/03/16,0,1131000,-951000,180000
2017/03/17,0,1810000,-1037000,773000
2017/03/20,0,605000,-1927000,-1322000
2017/03/21,0,1683000,-343000,1340000
2017/03/22,0,1363000,-394000,969000
2017/03/23,0,173000,-960000,-787000
2017/03/24,0,375000,-158000,217000
2017/03/27,0,1254000,-383000,871000
2017/03/28,0,1540000,-398000,1142000
2017/03/29,0,338000,-340000,-2000
2017/03/30,0,500000,-109059,390941
2017/03/31,0,1228000,-119000,1109000
2017/04/03,0,0,0,0
2017/04/04,0,0,0,0
2017/04/05,0,828000,-676000,152000
2017/04/06,0,857000,-255000,602000
2017/04/07,0,532000,-186000,346000
2017/04/10,0,508000,-418000,90000
2017/04/11,0,1448000,-637000,811000
2017/04/12,0,1810000,-356000,1454000
2017/04/13,0,1628000,-235000,1393000
2017/04/14,0,551000,-680000,-129000
2017/04/17,0,940000,-115000,825000
2017/04/18,0,1338000,-576000,762000
2017/04/19,0,742000,-1200000,-458000
2017/04/20,0,365000,-432000,-67000
2017/04/21,0,373000,-130000,243000
2017/04/24,0,137000,-154000,-17000
2017/04/25,0,375000,-82000,293000
2017/04/26,0,265000,-112000,153000
2017/04/27,0,602000,-305500,296500
2017/04/28,0,711000,-382000,329000
2017/05/01,0,0,0,0
2017/05/02,0,979000,-640000,339000
2017/05/03,0,751000,-189000,562000
2017/05/04,0,528000,-293518,234482
2017/05/05,0,368000,-209000,159000
2017/05/08,0,533982,-124000,409982
2017/05/09,0,224000,-375408,-151408
2017/05/10,0,813000,-92000,721000
2017/05/11,0,451000,-285000,166000
2017/05/12,0,245000,-529000,-284000
2017/05/15,0,247000,-630934,-383934
2017/05/16,0,403000,-384000,19000
2017/05/17,0,264255,-536000,-271745
2017/05/18,0,212000,-879302,-667302
2017/05/19,0,274000,-948805,-674805
2017/05/22,0,1041000,-726242,314758
2017/05/23,0,713000,-625923,87077
2017/05/24,0,634000,-770779,-136779
2017/05/25,0,651000,-182000,469000
2017/05/26,0,0,0,0
2017/05/29,0,0,0,0
2017/05/30,0,0,0,0
2017/05/31,0,931469,-1039000,-107531
2017/06/01,0,266000,-454000,-188000
2017/06/02,0,285000,-530651,-245651
2017/06/05,0,269000,-551000,-282000
2017/06/06,0,164000,-251000,-87000
2017/06/07,0,627000,-366000,261000
2017/06/08,0,117000,-1146000,-1029000
2017/06/09,0,148000,-463000,-315000
2017/06/12,0,47000,-262000,-215000
2017/06/13,0,60000,-160000,-100000
2017/06/14,0,63000,-678000,-615000
2017/06/15,0,403000,-148000,255000
2017/06/16,0,451000,-239222,211778
2017/06/19,0,691000,-389000,302000
2017/06/20,0,230000,-113000,117000
2017/06/21,0,1725033,-106000,1619033
2017/06/22,0,679170,-128000,551170
2017/06/23,0,217000,-160000,57000
2017/06/26,0,1594000,-86000,1508000
2017/06/27,0,487000,-211000,276000
2017/06/28,0,328000,-161000,167000
2017/06/29,0,307000,-74000,233000
2017/06/30,0,284000,-602000,-318000
2017/07/03,0,225000,-671823,-446823
2017/07/04,0,46000,-403000,-357000
2017/07/05,0,296000,-777000,-481000
2017/07/06,0,263000,-528512,-265512
2017/07/07,0,68000,-322822,-254822
2017/07/10,0,254000,-302000,-48000
2017/07/11,0,376000,-215113,160887
2017/07/12,0,302000,-194559,107441
2017/07/13,0,1076000,-514000,562000
2017/07/14,0,782000,-374000,408000
2017/07/17,0,383000,-150000,233000
2017/07/18,0,174000,-195000,-21000
2017/07/19,0,481000,-977000,-496000
2017/07/20,0,2852000,-1292000,1560000
2017/07/21,0,175000,-275000,-100000
2017/07/24,0,242000,-508000,-266000
2017/07/25,0,442270,-579000,-136730
2017/07/26,0,58000,-829000,-771000
2017/07/27,0,93000,-359000,-266000
2017/07/28,0,385000,-205000,180000
2017/07/31,0,497000,-111000,386000
2017/08/01,0,197000,-603000,-406000
2017/08/02,0,237000,-872000,-635000
2017/08/03,0,301000,-91000,210000
2017/08/04,0,441000,-345874,95126
2017/08/07,0,115000,-847000,-732000
2017/08/08,0,68000,-245000,-177000
2017/08/09,0,176000,-132000,44000
2017/08/10,0,83000,-400000,-317000
2017/08/11,0,18000,-165000,-147000
2017/08/14,0,23000,-310000,-287000
2017/08/15,0,1274000,-222000,1052000
2017/08/16,0,1221000,-1134000,87000
2017/08/17,0,435000,-463707,-28707
2017/08/18,0,213000,-1539000,-1326000
