Date,Open,Buy,Sell,Total
2007/04/23,0,338000,-147000,191000
2007/04/24,0,243000,-39000,204000
2007/04/25,0,108000,-234000,-126000
2007/04/26,0,25000,-673000,-648000
2007/04/27,0,309000,-458000,-149000
2007/04/30,0,12000,-979000,-967000
2007/05/01,0,0,0,0
2007/05/02,0,590000,-284000,306000
2007/05/03,0,490000,-405000,85000
2007/05/04,0,1038000,-157000,881000
2007/05/07,0,1337000,-30000,1307000
2007/05/08,0,151000,-135000,16000
2007/05/09,0,10000,-294000,-284000
2007/05/10,0,108000,-309000,-201000
2007/05/11,0,6000,-759000,-753000
2007/05/14,0,204000,-181000,23000
2007/05/15,0,125000,-253000,-128000
2007/05/16,0,150000,-84000,66000
2007/05/17,0,255000,-67000,188000
2007/05/18,0,3000,-171000,-168000
2007/05/21,0,324000,-34000,290000
2007/05/22,0,2956000,-33000,2923000
2007/05/23,0,559000,-571000,-12000
2007/05/24,0,183000,-67000,116000
2007/05/25,0,2196000,-409000,1787000
2007/05/28,0,7000,-587000,-580000
2007/05/29,0,43000,-506000,-463000
2007/05/30,0,271000,-762700,-491700
2007/05/31,0,552000,-355000,197000
2007/06/01,0,613000,-47000,566000
2007/06/04,0,116000,-45000,71000
2007/06/05,0,13000,-715000,-702000
2007/06/06,0,650000,-283000,367000
2007/06/07,0,415000,-348000,67000
2007/06/08,0,72000,-582000,-510000
2007/06/11,0,170000,-417000,-247000
2007/06/12,0,293000,-442000,-149000
2007/06/13,0,1175000,-348000,827000
2007/06/14,0,18000,-300000,-282000
2007/06/15,0,227000,-324000,-97000
2007/06/18,0,0,0,0
2007/06/19,0,0,0,0
2007/06/20,0,2053000,-509000,1544000
2007/06/21,0,1010000,-344000,666000
2007/06/22,0,1088000,-38000,1050000
2007/06/25,0,394000,-3146000,-2752000
2007/06/26,0,106000,-330000,-224000
2007/06/27,0,153000,-195000,-42000
2007/06/28,0,328000,-1321000,-993000
2007/06/29,0,383000,-493000,-110000
2007/07/02,0,794000,-561000,233000
2007/07/03,0,1740000,-872000,868000
2007/07/04,0,2937000,-362000,2575000
2007/07/05,0,724000,-263000,461000
2007/07/06,0,239000,-596000,-357000
2007/07/09,0,33000,-454000,-421000
2007/07/10,0,419000,-1285000,-866000
2007/07/11,0,160000,-996000,-836000
2007/07/12,0,365000,-1313000,-948000
2007/07/13,0,2235000,-870000,1365000
2007/07/16,0,7396000,-3068400,4327600
2007/07/17,0,1168000,-2020000,-852000
2007/07/18,0,384000,-1865000,-1481000
2007/07/19,0,606000,-3403000,-2797000
2007/07/20,0,2283000,-954000,1329000
2007/07/23,0,1649000,-1057000,592000
2007/07/24,0,4815000,-3225000,1590000
2007/07/25,0,650000,-1642000,-992000
2007/07/26,0,219000,-8254000,-8035000
2007/07/27,0,261000,-1081000,-820000
2007/07/30,0,742000,-955000,-213000
2007/07/31,0,744000,-1533000,-789000
2007/08/01,0,233000,-1451000,-1218000
2007/08/02,0,1060000,-1400000,-340000
2007/08/03,0,1475000,-834000,641000
2007/08/06,0,545000,-200000,345000
2007/08/07,0,1615000,-703000,912000
2007/08/08,0,1888000,-605000,1283000
2007/08/09,0,428000,-1282000,-854000
2007/08/10,0,84000,-1482000,-1398000
2007/08/13,0,411000,-357000,54000
2007/08/14,0,117000,-1128000,-1011000
2007/08/15,0,782000,-5434000,-4652000
2007/08/16,0,1014000,-4168000,-3154000
2007/08/17,0,945000,-855000,90000
2007/08/20,0,5622000,-1252000,4370000
2007/08/21,0,915000,-1418000,-503000
2007/08/22,0,1200000,-472000,728000
2007/08/23,0,152800,-1387000,-1234200
2007/08/24,0,421000,-1744000,-1323000
2007/08/27,0,878000,-908000,-30000
2007/08/28,0,3039000,-406000,2633000
2007/08/29,0,1318000,-279000,1039000
2007/08/30,0,2246000,-2199000,47000
2007/08/31,0,446000,-1026000,-580000
2007/09/03,0,605000,-966000,-361000
2007/09/04,0,247000,-3426000,-3179000
2007/09/05,0,333000,-1793000,-1460000
2007/09/06,0,235000,-1207602,-972602
2007/09/07,0,67000,-113000,-46000
2007/09/10,0,87000,-165000,-78000
2007/09/11,0,357000,-104000,253000
2007/09/12,0,666000,-694000,-28000
2007/09/13,0,50000,-76000,-26000
2007/09/14,0,640000,-63000,577000
2007/09/17,0,125000,-110000,15000
2007/09/18,0,0,0,0
2007/09/19,0,2204170,-288670,1915500
2007/09/20,0,3367130,-632000,2735130
2007/09/21,0,2146000,-2477720,-331720
2007/09/24,0,0,0,0
2007/09/25,0,0,0,0
2007/09/26,0,3274000,-1005640,2268360
2007/09/27,0,1579000,-824000,755000
2007/09/28,0,1557000,-1958000,-401000
2007/10/01,0,1334000,-790000,544000
2007/10/02,0,1509000,-2233000,-724000
2007/10/03,0,3439000,-1588000,1851000
2007/10/04,0,1097000,-898000,199000
2007/10/05,0,1329000,-1685000,-356000
2007/10/08,0,2858000,-201000,2657000
2007/10/09,0,480000,-1451000,-971000
2007/10/10,0,0,0,0
2007/10/11,0,615000,-500000,115000
2007/10/12,0,3285000,-652000,2633000
2007/10/15,0,462000,-732000,-270000
2007/10/16,0,1385000,-435000,950000
2007/10/17,0,992000,-1277000,-285000
2007/10/18,0,143000,-518000,-375000
2007/10/19,0,39000,-76000,-37000
2007/10/22,0,249000,-2026000,-1777000
2007/10/23,0,141000,-686000,-545000
2007/10/24,0,2827000,-418000,2409000
2007/10/25,0,414000,-47000,367000
2007/10/26,0,950000,-118000,832000
2007/10/29,0,529000,-1792650,-1263650
2007/10/30,0,446000,-2813000,-2367000
2007/10/31,0,1875000,-1697000,178000
2007/11/01,0,1066000,-4118000,-3052000
2007/11/02,0,556000,-1395000,-839000
2007/11/05,0,1314000,-635000,679000
2007/11/06,0,612000,-1760000,-1148000
2007/11/07,0,121000,-368000,-247000
2007/11/08,0,1092000,-6144000,-5052000
2007/11/09,0,954000,-2328000,-1374000
2007/11/12,0,803000,-555000,248000
2007/11/13,0,2915000,-253000,2662000
2007/11/14,0,2208000,-195000,2013000
2007/11/15,0,220000,-1039000,-819000
2007/11/16,0,141000,-476000,-335000
2007/11/19,0,184000,-823510,-639510
2007/11/20,0,697000,-2812000,-2115000
2007/11/21,0,1215000,-289000,926000
2007/11/22,0,201000,-380000,-179000
2007/11/23,0,1371000,-382360,988640
2007/11/26,0,2167000,-12000,2155000
2007/11/27,0,1519000,-1568000,-49000
2007/11/28,0,514000,-312000,202000
2007/11/29,0,3122000,-27000,3095000
2007/11/30,0,3057000,-316000,2741000
2007/12/03,0,2231000,-469000,1762000
2007/12/04,0,229000,-103000,126000
2007/12/05,0,536000,-83000,453000
2007/12/06,0,1714000,-370000,1344000
2007/12/07,0,1777000,-313000,1464000
2007/12/10,0,557000,-2078000,-1521000
2007/12/11,0,457000,-1380000,-923000
2007/12/12,0,1449000,-4353000,-2904000
2007/12/13,0,433000,-3418000,-2985000
2007/12/14,0,1763000,-3896000,-2133000
2007/12/17,0,456000,-1901000,-1445000
2007/12/18,0,2016000,-136100,1879900
2007/12/19,0,747000,-683000,64000
2007/12/20,0,178000,-740000,-562000
2007/12/21,0,833000,-236000,597000
2007/12/24,0,660000,-174960,485040
2007/12/25,0,117000,-1301000,-1184000
2007/12/26,0,598000,-1056000,-458000
2007/12/27,0,2194000,-1426000,768000
2007/12/28,0,1088000,-1932000,-844000
2007/12/31,0,1148000,-606000,542000
2008/01/01,0,0,0,0
2008/01/02,0,1782000,-359000,1423000
2008/01/03,0,958000,-157000,801000
2008/01/04,0,1194000,-2362640,-1168640
2008/01/07,0,2073000,-1676000,397000
2008/01/08,0,3225000,-929000,2296000
2008/01/09,0,2016000,-1631000,385000
2008/01/10,0,380000,-971000,-591000
2008/01/11,0,1094000,-1048000,46000
2008/01/14,0,3508000,-1918000,1590000
2008/01/15,0,4749000,-3046000,1703000
2008/01/16,0,3249000,-875000,2374000
2008/01/17,0,1289000,-1299480,-10480
2008/01/18,0,1007000,-1545000,-538000
2008/01/21,0,171000,-829000,-658000
2008/01/22,0,100000,-4321000,-4221000
2008/01/23,0,927000,-1492000,-565000
2008/01/24,0,1863000,-488000,1375000
2008/01/25,0,1359000,-791000,568000
2008/01/28,0,240000,-1559000,-1319000
2008/01/29,0,284000,-306000,-22000
2008/01/30,0,371000,-201000,170000
2008/01/31,0,1197000,-532000,665000
2008/02/01,0,2574000,-866000,1708000
2008/02/04,0,0,0,0
2008/02/05,0,0,0,0
2008/02/06,0,0,0,0
2008/02/07,0,0,0,0
2008/02/08,0,0,0,0
2008/02/11,0,0,0,0
2008/02/12,0,765000,-670000,95000
2008/02/13,0,104000,-1789000,-1685000
2008/02/14,0,1982000,-849000,1133000
2008/02/15,0,2396000,-902000,1494000
2008/02/18,0,1442000,-967161,474839
2008/02/19,0,561000,-2553000,-1992000
2008/02/20,0,543000,-1600000,-1057000
2008/02/21,0,2718000,-999000,1719000
2008/02/22,0,969000,-277000,692000
2008/02/25,0,5488000,-1186994,4301006
2008/02/26,0,9756000,-4235020,5520980
2008/02/27,0,952000,-2935562,-1983562
2008/02/28,0,0,0,0
2008/02/29,0,841000,-1069000,-228000
2008/03/03,0,1140000,-2612016,-1472016
2008/03/04,0,1032000,-4066000,-3034000
2008/03/05,0,3079000,-897020,2181980
2008/03/06,0,1108580,-1661944,-553364
2008/03/07,0,690000,-4243000,-3553000
2008/03/10,0,1241000,-883000,358000
2008/03/11,0,1289000,-2104000,-815000
2008/03/12,0,1100000,-503689,596311
2008/03/13,0,1335000,-1569107,-234107
2008/03/14,0,920000,-1278000,-358000
2008/03/17,0,3140000,-575000,2565000
2008/03/18,0,1071000,-4522000,-3451000
2008/03/19,0,852000,-1346000,-494000
2008/03/20,0,3101000,-1894000,1207000
2008/03/21,0,871000,-1950000,-1079000
2008/03/24,0,1716000,-1686000,30000
2008/03/25,0,834000,-1020000,-186000
2008/03/26,0,679000,-812000,-133000
2008/03/27,0,597000,-648000,-51000
2008/03/28,0,908000,-561881,346119
2008/03/31,0,963000,-1623000,-660000
2008/04/01,0,357000,-734818,-377818
2008/04/02,0,1290000,-1266000,24000
2008/04/03,0,621000,-255000,366000
2008/04/04,0,0,0,0
2008/04/07,0,678000,-882000,-204000
2008/04/08,0,122000,-721000,-599000
2008/04/09,0,386000,-544000,-158000
2008/04/10,0,1374000,-847000,527000
2008/04/11,0,928000,-1088000,-160000
2008/04/14,0,485000,-139240,345760
2008/04/15,0,536000,-594000,-58000
2008/04/16,0,1686000,-447000,1239000
2008/04/17,0,3842000,-2317000,1525000
2008/04/18,0,3315000,-661000,2654000
2008/04/21,0,500000,-1011000,-511000
2008/04/22,0,285000,-599000,-314000
2008/04/23,0,486000,-104000,382000
2008/04/24,0,1334000,-669000,665000
2008/04/25,0,505000,-69000,436000
2008/04/28,0,2221000,-645000,1576000
2008/04/29,0,502000,-589000,-87000
2008/04/30,0,2254000,-133000,2121000
2008/05/01,0,0,0,0
2008/05/02,0,930000,-125000,805000
2008/05/05,0,409000,-1116000,-707000
2008/05/06,0,699000,-1557000,-858000
2008/05/07,0,698000,-99000,599000
2008/05/08,0,115000,-1399000,-1284000
2008/05/09,0,1058000,-129000,929000
2008/05/12,0,1198000,-1259000,-61000
2008/05/13,0,2573000,-972000,1601000
2008/05/14,0,1825000,-1598000,227000
2008/05/15,0,1191000,-3830000,-2639000
2008/05/16,0,739000,-135000,604000
2008/05/19,0,2706000,-1215000,1491000
2008/05/20,0,1908000,-3127000,-1219000
2008/05/21,0,1528000,-2104000,-576000
2008/05/22,0,656000,-563000,93000
2008/05/23,0,1029000,-311000,718000
2008/05/26,0,1023000,-1153000,-130000
2008/05/27,0,681000,-1901000,-1220000
2008/05/28,0,368000,-2248200,-1880200
2008/05/29,0,749000,-372000,377000
2008/05/30,0,1179000,-3176000,-1997000
2008/06/02,0,767000,-684000,83000
2008/06/03,0,1159000,-1508000,-349000
2008/06/04,0,411000,-451000,-40000
2008/06/05,0,1227000,-548000,679000
2008/06/06,0,453000,-1956000,-1503000
2008/06/09,0,778000,-276000,502000
2008/06/10,0,461000,-1326000,-865000
2008/06/11,0,803000,-1889000,-1086000
2008/06/12,0,350000,-398000,-48000
2008/06/13,0,335000,-996000,-661000
2008/06/16,0,565000,-302000,263000
2008/06/17,0,410000,-561000,-151000
2008/06/18,0,509000,-203000,306000
2008/06/19,0,682000,-390000,292000
2008/06/20,0,1170000,-1142000,28000
2008/06/23,0,955000,-356000,599000
2008/06/24,0,378000,-907000,-529000
2008/06/25,0,1493000,-170000,1323000
2008/06/26,0,711000,-188000,523000
2008/06/27,0,714000,-502000,212000
2008/06/30,0,847000,-146000,701000
2008/07/01,0,1401000,-837000,564000
2008/07/02,0,1525000,-779000,746000
2008/07/03,0,788000,-304000,484000
2008/07/04,0,555000,-390000,165000
2008/07/07,0,207000,-98000,109000
2008/07/08,0,715000,-1182000,-467000
2008/07/09,0,1109000,-448000,661000
2008/07/10,0,1020000,-187000,833000
2008/07/11,0,1048000,-847000,201000
2008/07/14,0,247000,-189000,58000
2008/07/15,0,371000,-362000,9000
2008/07/16,0,272000,-313637,-41637
2008/07/17,0,1279000,-208680,1070320
2008/07/18,0,528000,-1160000,-632000
2008/07/21,0,1146000,-110000,1036000
2008/07/22,0,1447000,-492000,955000
2008/07/23,0,4322000,-65415,4256585
2008/07/24,0,1235000,-802000,433000
2008/07/25,0,709000,-1311000,-602000
2008/07/28,0,0,0,0
2008/07/29,0,637000,-1808000,-1171000
2008/07/30,0,1725000,-603000,1122000
2008/07/31,0,730000,-207000,523000
2008/08/01,0,1311000,-44210,1266790
2008/08/04,0,865000,-252000,613000
2008/08/05,0,1677000,-268000,1409000
2008/08/06,0,3119000,-1987000,1132000
2008/08/07,0,746000,-860000,-114000
2008/08/08,0,1450000,-331000,1119000
2008/08/11,0,476000,-1579000,-1103000
2008/08/12,0,945000,-431000,514000
2008/08/13,0,516000,-357000,159000
2008/08/14,0,3232000,-604000,2628000
2008/08/15,0,323000,-363000,-40000
2008/08/18,0,41000,-1310330,-1269330
2008/08/19,0,741088,-230000,511088
2008/08/20,0,552000,-645000,-93000
2008/08/21,0,105000,-1375025,-1270025
2008/08/22,0,41000,-734000,-693000
2008/08/25,0,364000,-931000,-567000
2008/08/26,0,92000,-747000,-655000
2008/08/27,0,339000,-89000,250000
2008/08/28,0,534000,-813000,-279000
2008/08/29,0,505000,-249000,256000
2008/09/01,0,546000,-29517,516483
2008/09/02,0,386000,-2485000,-2099000
2008/09/03,0,801000,-975252,-174252
2008/09/04,0,546000,-3813000,-3267000
2008/09/05,0,617000,-770000,-153000
2008/09/08,0,344000,-198000,146000
2008/09/09,0,1324000,-382200,941800
2008/09/10,0,515000,-71000,444000
2008/09/11,0,569000,-1004000,-435000
2008/09/12,0,924000,-176620,747380
2008/09/15,0,117200,-614000,-496800
2008/09/16,0,567000,-178600,388400
2008/09/17,0,698000,-1490000,-792000
2008/09/18,0,1046000,-842710,203290
2008/09/19,0,814000,-916500,-102500
2008/09/22,0,163000,-919000,-756000
2008/09/23,0,327000,-268000,59000
2008/09/24,0,566000,-264000,302000
2008/09/25,0,415000,-163306,251694
2008/09/26,0,441000,-2326000,-1885000
2008/09/29,0,0,0,0
2008/09/30,0,368000,-482900,-114900
2008/10/01,0,415000,-862000,-447000
2008/10/02,0,521000,-208877,312123
2008/10/03,0,615000,-299070,315930
2008/10/06,0,459000,-779385,-320385
2008/10/07,0,952000,-659000,293000
2008/10/08,0,1183000,-2215000,-1032000
2008/10/09,0,931000,-312000,619000
2008/10/10,0,0,0,0
2008/10/13,0,828000,-22000,806000
2008/10/14,0,2180000,-420000,1760000
2008/10/15,0,727000,-2458056,-1731056
2008/10/16,0,1000,-38000,-37000
2008/10/17,0,237000,-341000,-104000
2008/10/20,0,161000,-119122,41878
2008/10/21,0,1740000,-629000,1111000
2008/10/22,0,150000,0,150000
2008/10/23,0,20000,-4625,15375
2008/10/24,0,10000,-67145,-57145
2008/10/27,0,264000,-16340,247660
2008/10/28,0,1680000,-1149000,531000
2008/10/29,0,899000,-411000,488000
2008/10/30,0,402000,-268000,134000
2008/10/31,0,1579000,-875600,703400
2008/11/03,0,884000,-1855000,-971000
2008/11/04,0,219000,-534378,-315378
2008/11/05,0,2019000,-1014000,1005000
2008/11/06,0,879000,-245776,633224
2008/11/07,0,1838000,-1525174,312826
2008/11/10,0,698000,-1051000,-353000
2008/11/11,0,2186000,-830000,1356000
2008/11/12,0,346000,-950000,-604000
2008/11/13,0,807000,-1665531,-858531
2008/11/14,0,624000,-208347,415653
2008/11/17,0,297000,-312330,-15330
2008/11/18,0,912000,-549000,363000
2008/11/19,0,568000,-1298000,-730000
2008/11/20,0,556000,-662000,-106000
2008/11/21,0,1110000,-341000,769000
2008/11/24,0,660000,-231000,429000
2008/11/25,0,763000,-27000,736000
2008/11/26,0,551000,-138000,413000
2008/11/27,0,1007000,-1041000,-34000
2008/11/28,0,1258000,-216000,1042000
2008/12/01,0,412000,-254802,157198
2008/12/02,0,531000,-537000,-6000
2008/12/03,0,475000,-631000,-156000
2008/12/04,0,578000,-633000,-55000
2008/12/05,0,175000,-245000,-70000
2008/12/08,0,1198000,-363294,834706
2008/12/09,0,1330000,-87000,1243000
2008/12/10,0,3060000,-1194000,1866000
2008/12/11,0,1924000,-456000,1468000
2008/12/12,0,550000,-1715000,-1165000
2008/12/15,0,1210000,-1403000,-193000
2008/12/16,0,559000,-475000,84000
2008/12/17,0,1900000,-1754000,146000
2008/12/18,0,410000,-653000,-243000
2008/12/19,0,606000,-1015000,-409000
2008/12/22,0,808000,-1287412,-479412
2008/12/23,0,303000,-761000,-458000
2008/12/24,0,285000,-338000,-53000
2008/12/25,0,62000,-322000,-260000
2008/12/26,0,132000,-43000,89000
2008/12/29,0,160000,-21769,138231
2008/12/30,0,532000,-95660,436340
2008/12/31,0,47000,-190783,-143783
2009/01/01,0,0,0,0
2009/01/02,0,0,0,0
2009/01/05,0,2615000,-58000,2557000
2009/01/06,0,1987000,-1521000,466000
2009/01/07,0,1578000,-2168000,-590000
2009/01/08,0,608000,-1088000,-480000
2009/01/09,0,604000,-371000,233000
2009/01/12,0,952000,-138000,814000
2009/01/13,0,76000,-28000,48000
2009/01/14,0,1469000,-84000,1385000
2009/01/15,0,1225000,-1033000,192000
2009/01/16,0,541000,-777000,-236000
2009/01/19,0,173037,-75000,98037
2009/01/20,0,1041000,-1082000,-41000
2009/01/21,0,879000,-190285,688715
2009/01/22,0,0,0,0
2009/01/23,0,0,0,0
2009/01/26,0,0,0,0
2009/01/27,0,0,0,0
2009/01/28,0,0,0,0
2009/01/29,0,0,0,0
2009/01/30,0,0,0,0
2009/02/02,0,185000,-247995,-62995
2009/02/03,0,558000,-678000,-120000
2009/02/04,0,558000,-21000,537000
2009/02/05,0,5965000,-317000,5648000
2009/02/06,0,5929000,-1940000,3989000
2009/02/09,0,4376000,-1903000,2473000
2009/02/10,0,395000,-1358000,-963000
2009/02/11,0,447000,-3354591,-2907591
2009/02/12,0,657000,-1333000,-676000
2009/02/13,0,967000,-706000,261000
2009/02/16,0,359000,-802000,-443000
2009/02/17,0,1194000,-2587000,-1393000
2009/02/18,0,613000,-3414000,-2801000
2009/02/19,0,938000,-1513000,-575000
2009/02/20,0,522000,-479217,42783
2009/02/23,0,646000,-274000,372000
2009/02/24,0,544000,-248000,296000
2009/02/25,0,739000,-318900,420100
2009/02/26,0,1096000,-970000,126000
2009/02/27,0,450000,-911000,-461000
2009/03/02,0,693000,-1587000,-894000
2009/03/03,0,695000,-385000,310000
2009/03/04,0,647000,-773000,-126000
2009/03/05,0,1448000,-352000,1096000
2009/03/06,0,1185000,-730000,455000
2009/03/09,0,1919000,-149000,1770000
2009/03/10,0,546000,-1406000,-860000
2009/03/11,0,975000,-1443000,-468000
2009/03/12,0,967000,-707000,260000
2009/03/13,0,1843000,-1693510,149490
2009/03/16,0,1524000,-2272000,-748000
2009/03/17,0,1698000,-895000,803000
2009/03/18,0,3177000,-3242000,-65000
2009/03/19,0,3781000,-1436000,2345000
2009/03/20,0,3024000,-2450277,573723
2009/03/23,0,2074000,-4453000,-2379000
2009/03/24,0,3076000,-5055733,-1979733
2009/03/25,0,3467000,-2760000,707000
2009/03/26,0,1019000,-2034000,-1015000
2009/03/27,0,681000,-2687000,-2006000
2009/03/30,0,854000,-2712000,-1858000
2009/03/31,0,947000,-1297000,-350000
2009/04/01,0,2998000,-2523000,475000
2009/04/02,0,3707000,-324716,3382284
2009/04/03,0,5770000,-3320000,2450000
2009/04/06,0,2425000,-3547211,-1122211
2009/04/07,0,3110000,-987000,2123000
2009/04/08,0,980000,-3002000,-2022000
2009/04/09,0,2729000,-785000,1944000
2009/04/10,0,12586000,-3413206,9172794
2009/04/13,0,9981000,-6588000,3393000
2009/04/14,0,3688000,-4727000,-1039000
2009/04/15,0,6412000,-4763000,1649000
2009/04/16,0,5926000,-9226000,-3300000
2009/04/17,0,3474000,-9843661,-6369661
2009/04/20,0,4925000,-4102000,823000
2009/04/21,0,7844000,-3217000,4627000
2009/04/22,0,2002000,-5505000,-3503000
2009/04/23,0,1816000,-2817000,-1001000
2009/04/24,0,3309000,-4189000,-880000
2009/04/27,0,2193000,-4661000,-2468000
2009/04/28,0,1679000,-3414208,-1735208
2009/04/29,0,5690000,-2143000,3547000
2009/04/30,0,5446000,-2527000,2919000
2009/05/01,0,0,0,0
2009/05/04,0,9987000,-4227000,5760000
2009/05/05,0,3747000,-6856000,-3109000
2009/05/06,0,6469000,-2837264,3631736
2009/05/07,0,10033000,-6002786,4030214
2009/05/08,0,3233000,-2178000,1055000
2009/05/11,0,2378000,-4703424,-2325424
2009/05/12,0,2094000,-2895000,-801000
2009/05/13,0,936000,-2001000,-1065000
2009/05/14,0,3116000,-2643000,473000
2009/05/15,0,961000,-2260000,-1299000
2009/05/18,0,2639000,-2418000,221000
2009/05/19,0,3139000,-2623000,516000
2009/05/20,0,684000,-4011000,-3327000
2009/05/21,0,717000,-2761000,-2044000
2009/05/22,0,540000,-1723450,-1183450
2009/05/25,0,2789000,-3051213,-262213
2009/05/26,0,6922000,-2306000,4616000
2009/05/27,0,6875000,-2746000,4129000
2009/05/28,0,0,0,0
2009/05/29,0,0,0,0
2009/06/01,0,7011000,-3076280,3934720
2009/06/02,0,4486000,-8746000,-4260000
2009/06/03,0,2671000,-5330214,-2659214
2009/06/04,0,2201000,-4115000,-1914000
2009/06/05,0,1986000,-2959000,-973000
2009/06/08,0,804000,-3156000,-2352000
2009/06/09,0,5535000,-7158000,-1623000
2009/06/10,0,3785000,-1381210,2403790
2009/06/11,0,3324000,-4254000,-930000
2009/06/12,0,2142000,-4583000,-2441000
2009/06/15,0,1700000,-3992000,-2292000
2009/06/16,0,1022280,-6540000,-5517720
2009/06/17,0,962000,-1279000,-317000
2009/06/18,0,1398000,-1567000,-169000
2009/06/19,0,1612000,-471000,1141000
2009/06/22,0,835000,-1039000,-204000
2009/06/23,0,632000,-1282000,-650000
2009/06/24,0,2869000,-960000,1909000
2009/06/25,0,3202000,-1762000,1440000
2009/06/26,0,896000,-2023000,-1127000
2009/06/29,0,520000,-482000,38000
2009/06/30,0,1814000,-2142000,-328000
2009/07/01,0,1455000,-595000,860000
2009/07/02,0,1415000,-1195000,220000
2009/07/03,0,713000,-690000,23000
2009/07/06,0,912000,-1109000,-197000
2009/07/07,0,1625000,-656000,969000
2009/07/08,0,448000,-496000,-48000
2009/07/09,0,1179000,-549000,630000
2009/07/10,0,706000,-715000,-9000
2009/07/13,0,942000,-3027000,-2085000
2009/07/14,0,850000,-488000,362000
2009/07/15,0,3968000,-531000,3437000
2009/07/16,0,2979846,-2585000,394846
2009/07/17,0,2490000,-942000,1548000
2009/07/20,0,3016000,-4343000,-1327000
2009/07/21,0,1515000,-1198000,317000
2009/07/22,0,2988000,-1593000,1395000
2009/07/23,0,5139000,-2475000,2664000
2009/07/24,0,5545000,-7651000,-2106000
2009/07/27,0,2065043,-4117000,-2051957
2009/07/28,0,1984236,-4024000,-2039764
2009/07/29,0,3579000,-3105000,474000
2009/07/30,0,1106000,-3510000,-2404000
2009/07/31,0,433000,-2291000,-1858000
2009/08/03,0,1042770,-2340000,-1297230
2009/08/04,0,599000,-3412782,-2813782
2009/08/05,0,675000,-3477000,-2802000
2009/08/06,0,706000,-422000,284000
2009/08/07,0,0,0,0
2009/08/10,0,1448000,-1393000,55000
2009/08/11,0,1064000,-355000,709000
2009/08/12,0,1857000,-489000,1368000
2009/08/13,0,1183000,-2419000,-1236000
2009/08/14,0,1532500,-1047000,485500
2009/08/17,0,1041000,-1431000,-390000
2009/08/18,0,1628000,-2422000,-794000
2009/08/19,0,1138000,-1599000,-461000
2009/08/20,0,706000,-2608000,-1902000
2009/08/21,0,375000,-772000,-397000
2009/08/24,0,1357000,-548000,809000
2009/08/25,0,285000,-199000,86000
2009/08/26,0,570000,-256000,314000
2009/08/27,0,451000,-175000,276000
2009/08/28,0,719000,-280000,439000
2009/08/31,0,63000,-315000,-252000
2009/09/01,0,1680000,-1164000,516000
2009/09/02,0,570000,-609000,-39000
2009/09/03,0,2496000,-665000,1831000
2009/09/04,0,1191000,-1126000,65000
2009/09/07,0,1154000,-1118000,36000
2009/09/08,0,2315000,-750000,1565000
2009/09/09,0,955000,-2000000,-1045000
2009/09/10,0,2478000,-2789000,-311000
2009/09/11,0,620000,-369000,251000
2009/09/14,0,1602000,-1281000,321000
2009/09/15,0,2441000,-1931043,509957
2009/09/16,0,3410764,-750071,2660693
2009/09/17,0,879000,-1142590,-263590
2009/09/18,0,563000,-1646450,-1083450
2009/09/21,0,296000,-3260000,-2964000
2009/09/22,0,362000,-856850,-494850
2009/09/23,0,216000,-3980876,-3764876
2009/09/24,0,461000,-1166000,-705000
2009/09/25,0,210000,-477000,-267000
2009/09/28,0,57000,-143616,-86616
2009/09/29,0,547000,-1001900,-454900
2009/09/30,0,538000,-173150,364850
2009/10/01,0,470000,-508000,-38000
2009/10/02,0,291000,-696000,-405000
2009/10/05,0,155000,-1617000,-1462000
2009/10/06,0,132000,-752600,-620600
2009/10/07,0,2706000,-180000,2526000
2009/10/08,0,1395000,-1564021,-169021
2009/10/09,0,825000,-687000,138000
2009/10/12,0,1359000,-290000,1069000
2009/10/13,0,704000,-1931000,-1227000
2009/10/14,0,174000,-704000,-530000
2009/10/15,0,2104000,-2028000,76000
2009/10/16,0,1918000,-1058000,860000
2009/10/19,0,426000,-1712567,-1286567
2009/10/20,0,365000,-1492000,-1127000
2009/10/21,0,1078000,-957867,120133
2009/10/22,0,2036000,-1593774,442226
2009/10/23,0,590000,-446300,143700
2009/10/26,0,226000,-462600,-236600
2009/10/27,0,558000,-210000,348000
2009/10/28,0,1233000,-779000,454000
2009/10/29,0,1238000,-923000,315000
2009/10/30,0,706000,-329000,377000
2009/11/02,0,725000,-1145000,-420000
2009/11/03,0,102000,-741000,-639000
2009/11/04,0,477000,-423000,54000
2009/11/05,0,338000,-801000,-463000
2009/11/06,0,954000,-456000,498000
2009/11/09,0,803000,-294000,509000
2009/11/10,0,234000,-366000,-132000
2009/11/11,0,1139000,-21000,1118000
2009/11/12,0,646000,-10000,636000
2009/11/13,0,1016000,-150000,866000
2009/11/16,0,1007000,-33082,973918
2009/11/17,0,645000,-618001,26999
2009/11/18,0,2186000,-316000,1870000
2009/11/19,0,1562000,-377000,1185000
2009/11/20,0,577000,-290000,287000
2009/11/23,0,254000,-132000,122000
2009/11/24,0,468000,-713000,-245000
2009/11/25,0,163000,-1396000,-1233000
2009/11/26,0,287000,-2248000,-1961000
2009/11/27,0,531000,-1266000,-735000
2009/11/30,0,164000,-141293,22707
2009/12/01,0,289000,-119000,170000
2009/12/02,0,182000,-75000,107000
2009/12/03,0,402000,-302000,100000
2009/12/04,0,215000,-85000,130000
2009/12/07,0,39000,-217000,-178000
2009/12/08,0,104000,-311000,-207000
2009/12/09,0,59000,-335436,-276436
2009/12/10,0,36000,-3100752,-3064752
2009/12/11,0,1813000,-356020,1456980
2009/12/14,0,3669000,-858000,2811000
2009/12/15,0,400000,-1060000,-660000
2009/12/16,0,1127000,-1342000,-215000
2009/12/17,0,288000,-1146000,-858000
2009/12/18,0,904000,-133000,771000
2009/12/21,0,733000,-456000,277000
2009/12/22,0,656000,-784928,-128928
2009/12/23,0,118872,-807000,-688128
2009/12/24,0,261000,-890000,-629000
2009/12/25,0,323000,-227000,96000
2009/12/28,0,1013000,-415000,598000
2009/12/29,0,345000,-1358000,-1013000
2009/12/30,0,940000,-689000,251000
2009/12/31,0,2040000,-1126653,913347
2010/01/01,0,0,0,0
2010/01/04,0,3755000,-1806000,1949000
2010/01/05,0,738000,-3357695,-2619695
2010/01/06,0,1735000,-810000,925000
2010/01/07,0,1180000,-1816000,-636000
2010/01/08,0,2398000,-2337000,61000
2010/01/11,0,961000,-3944000,-2983000
2010/01/12,0,469000,-2117000,-1648000
2010/01/13,0,2220000,-1079000,1141000
2010/01/14,0,899000,-737538,161462
2010/01/15,0,960000,-904000,56000
2010/01/18,0,1271000,-172000,1099000
2010/01/19,0,1749920,-396000,1353920
2010/01/20,0,534000,-933000,-399000
2010/01/21,0,3855000,-571000,3284000
2010/01/22,0,987000,-1242000,-255000
2010/01/25,0,457000,-4743000,-4286000
2010/01/26,0,635000,-4012000,-3377000
2010/01/27,0,272000,-535000,-263000
2010/01/28,0,898091,-496000,402091
2010/01/29,0,590000,-923000,-333000
2010/02/01,0,845000,-1888000,-1043000
2010/02/02,0,548000,-3067000,-2519000
2010/02/03,0,840000,-288000,552000
2010/02/04,0,307000,-272000,35000
2010/02/05,0,2178000,-822000,1356000
2010/02/08,0,1261000,-207830,1053170
2010/02/09,0,1186000,-1025000,161000
2010/02/10,0,3308000,-1312000,1996000
2010/02/11,0,0,0,0
2010/02/12,0,0,0,0
2010/02/15,0,0,0,0
2010/02/16,0,0,0,0
2010/02/17,0,0,0,0
2010/02/18,0,0,0,0
2010/02/19,0,0,0,0
2010/02/22,0,4881000,-1037000,3844000
2010/02/23,0,1368000,-732000,636000
2010/02/24,0,429000,-1090000,-661000
2010/02/25,0,573000,-1932000,-1359000
2010/02/26,0,927000,-876000,51000
2010/03/01,0,1757000,-523000,1234000
2010/03/02,0,810000,-1823000,-1013000
2010/03/03,0,363000,-720000,-357000
2010/03/04,0,1244000,-3483000,-2239000
2010/03/05,0,1465000,-1126000,339000
2010/03/08,0,994000,-720224,273776
2010/03/09,0,525000,-1747000,-1222000
2010/03/10,0,315000,-350000,-35000
2010/03/11,0,276000,-229000,47000
2010/03/12,0,435000,-369000,66000
2010/03/15,0,116000,-1317000,-1201000
2010/03/16,0,575000,-619000,-44000
2010/03/17,0,3642000,-896000,2746000
2010/03/18,0,1217000,-410000,807000
2010/03/19,0,264000,-140000,124000
2010/03/22,0,330000,-958000,-628000
2010/03/23,0,235000,-374000,-139000
2010/03/24,0,301000,-1779273,-1478273
2010/03/25,0,1843000,-1652000,191000
2010/03/26,0,766000,-670000,96000
2010/03/29,0,484000,-338000,146000
2010/03/30,0,141000,-8000,133000
2010/03/31,0,94000,-454000,-360000
2010/04/01,0,1620000,-452000,1168000
2010/04/02,0,363000,-242000,121000
2010/04/05,0,0,0,0
2010/04/06,0,880000,-945091,-65091
2010/04/07,0,297000,-31000,266000
2010/04/08,0,617000,-441000,176000
2010/04/09,0,117000,-600000,-483000
2010/04/12,0,994000,-208000,786000
2010/04/13,0,675000,-1038343,-363343
2010/04/14,0,273000,-168000,105000
2010/04/15,0,93000,-362000,-269000
2010/04/16,0,348000,-383000,-35000
2010/04/19,0,738000,-1433000,-695000
2010/04/20,0,494000,-3035000,-2541000
2010/04/21,0,505000,-185074,319926
2010/04/22,0,598000,-563000,35000
2010/04/23,0,339000,-242000,97000
2010/04/26,0,771000,-238000,533000
2010/04/27,0,462000,-246900,215100
2010/04/28,0,403000,-727000,-324000
2010/04/29,0,173000,-261000,-88000
2010/04/30,0,112000,-941000,-829000
2010/05/03,0,133000,-463000,-330000
2010/05/04,0,219000,-673000,-454000
2010/05/05,0,1499000,-2843000,-1344000
2010/05/06,0,95000,-1914000,-1819000
2010/05/07,0,591000,-503000,88000
2010/05/10,0,538000,-586000,-48000
2010/05/11,0,305000,-2025000,-1720000
2010/05/12,0,216000,-390000,-174000
2010/05/13,0,475000,-20000,455000
2010/05/14,0,908000,-240000,668000
2010/05/17,0,161000,-1003000,-842000
2010/05/18,0,821000,-102000,719000
2010/05/19,0,1261000,-488000,773000
2010/05/20,0,418000,-685000,-267000
2010/05/21,0,273000,-629000,-356000
2010/05/24,0,97000,-35000,62000
2010/05/25,0,709000,-807000,-98000
2010/05/26,0,592000,-372000,220000
2010/05/27,0,254000,-144000,110000
2010/05/28,0,45000,-490000,-445000
2010/05/31,0,14000,-10000,4000
2010/06/01,0,32000,-631000,-599000
2010/06/02,0,242000,-159000,83000
2010/06/03,0,261000,-64000,197000
2010/06/04,0,103000,-112300,-9300
2010/06/07,0,157000,-515000,-358000
2010/06/08,0,230000,-416000,-186000
2010/06/09,0,51000,-864000,-813000
2010/06/10,0,16000,-148000,-132000
2010/06/11,0,255000,-26000,229000
2010/06/14,0,243000,-60000,183000
2010/06/15,0,1467000,-173000,1294000
2010/06/16,0,0,0,0
2010/06/17,0,2426000,-94000,2332000
2010/06/18,0,32000,-89933,-57933
2010/06/21,0,239000,-66000,173000
2010/06/22,0,195000,-18000,177000
2010/06/23,0,92000,-65000,27000
2010/06/24,0,35000,-24000,11000
2010/06/25,0,415000,-74000,341000
2010/06/28,0,34000,-39000,-5000
2010/06/29,0,408000,-113000,295000
2010/06/30,0,206000,-214000,-8000
2010/07/01,0,571000,-98000,473000
2010/07/02,0,337000,-160000,177000
2010/07/05,0,283000,-82821,200179
2010/07/06,0,161000,-213000,-52000
2010/07/07,0,84000,-103000,-19000
2010/07/08,0,108000,-76391,31609
2010/07/09,0,93000,-39000,54000
2010/07/12,0,266000,-221000,45000
2010/07/13,0,187000,-226672,-39672
2010/07/14,0,133000,-131000,2000
2010/07/15,0,279000,-131000,148000
2010/07/16,0,381000,-374000,7000
2010/07/19,0,206000,-598000,-392000
2010/07/20,0,661000,-283000,378000
2010/07/21,0,408000,-121000,287000
2010/07/22,0,1107000,-72000,1035000
2010/07/23,0,4575030,-141000,4434030
2010/07/26,0,248000,-2754000,-2506000
2010/07/27,0,125280,-706000,-580720
2010/07/28,0,196000,-133200,62800
2010/07/29,0,36000,-221000,-185000
2010/07/30,0,19000,-337000,-318000
2010/08/02,0,718000,-579000,139000
2010/08/03,0,230000,-180000,50000
2010/08/04,0,652000,-171000,481000
2010/08/05,0,492000,-676100,-184100
2010/08/06,0,376000,-22000,354000
2010/08/09,0,78000,-263010,-185010
2010/08/10,0,21000,-1175000,-1154000
2010/08/11,0,156000,-149000,7000
2010/08/12,0,233000,-302000,-69000
2010/08/13,0,99000,-458000,-359000
2010/08/16,0,232000,-91000,141000
2010/08/17,0,3000,-21000,-18000
2010/08/18,0,217000,-514000,-297000
2010/08/19,0,72000,-253000,-181000
2010/08/20,0,60000,-369000,-309000
2010/08/23,0,368000,-110000,258000
2010/08/24,0,281000,-486000,-205000
2010/08/25,0,175000,-1039000,-864000
2010/08/26,0,89000,-448000,-359000
2010/08/27,0,110000,-593000,-483000
2010/08/30,0,193000,-192000,1000
2010/08/31,0,171000,-110000,61000
2010/09/01,0,207000,-173000,34000
2010/09/02,0,232000,-464000,-232000
2010/09/03,0,98000,-417000,-319000
2010/09/06,0,462000,-191000,271000
2010/09/07,0,4597000,-519000,4078000
2010/09/08,0,511000,-1807000,-1296000
2010/09/09,0,443000,-240288,202712
2010/09/10,0,235350,-138000,97350
2010/09/13,0,1206600,-241009,965591
2010/09/14,0,169000,-624000,-455000
2010/09/15,0,340000,-289000,51000
2010/09/16,0,536000,-219000,317000
2010/09/17,0,1024000,-298000,726000
2010/09/20,0,416000,-565957,-149957
2010/09/21,0,94000,-801000,-707000
2010/09/22,0,0,0,0
2010/09/23,0,253600,-1853000,-1599400
2010/09/24,0,170000,-130000,40000
2010/09/27,0,148000,-128000,20000
2010/09/28,0,73000,-49490,23510
2010/09/29,0,247000,-247000,0
2010/09/30,0,310000,-214000,96000
2010/10/01,0,347000,-113000,234000
2010/10/04,0,335000,-403000,-68000
2010/10/05,0,661000,-155000,506000
2010/10/06,0,100000,-975330,-875330
2010/10/07,0,854000,-112843,741157
2010/10/08,0,884000,-850000,34000
2010/10/11,0,331000,-311528,19472
2010/10/12,0,157000,-622980,-465980
2010/10/13,0,100000,-1728000,-1628000
2010/10/14,0,246000,-242000,4000
2010/10/15,0,1399000,-69924,1329076
2010/10/18,0,365000,-381000,-16000
2010/10/19,0,301000,-2141547,-1840547
2010/10/20,0,212000,-167782,44218
2010/10/21,0,641000,-189000,452000
2010/10/22,0,170000,-676000,-506000
2010/10/25,0,839000,-77000,762000
2010/10/26,0,256000,-248000,8000
2010/10/27,0,133000,-681000,-548000
2010/10/28,0,467000,-931450,-464450
2010/10/29,0,480000,-209000,271000
2010/11/01,0,1433267,-744000,689267
2010/11/02,0,247000,-91000,156000
2010/11/03,0,332000,-546000,-214000
2010/11/04,0,230028,-322000,-91972
2010/11/05,0,1607000,-490000,1117000
2010/11/08,0,794000,-128000,666000
2010/11/09,0,439028,-523000,-83972
2010/11/10,0,3141068,-1139000,2002068
2010/11/11,0,765000,-454000,311000
2010/11/12,0,190000,-252000,-62000
2010/11/15,0,550000,-338000,212000
2010/11/16,0,1402000,-449363,952637
2010/11/17,0,275000,-16000,259000
2010/11/18,0,199000,-98000,101000
2010/11/19,0,215000,-52000,163000
2010/11/22,0,76000,-276000,-200000
2010/11/23,0,145000,-81000,64000
2010/11/24,0,417000,-416000,1000
2010/11/25,0,297000,-101000,196000
2010/11/26,0,614000,-527000,87000
2010/11/29,0,366000,-195000,171000
2010/11/30,0,769000,-294000,475000
2010/12/01,0,1016000,-8000,1008000
2010/12/02,0,274000,-35000,239000
2010/12/03,0,161000,-182000,-21000
2010/12/06,0,213000,-680000,-467000
2010/12/07,0,259000,-758000,-499000
2010/12/08,0,92000,-1475000,-1383000
2010/12/09,0,2015000,-512000,1503000
2010/12/10,0,590000,-12000,578000
2010/12/13,0,434000,-388000,46000
2010/12/14,0,221000,-663671,-442671
2010/12/15,0,121000,-922000,-801000
2010/12/16,0,171000,-878000,-707000
2010/12/17,0,979000,-1514000,-535000
2010/12/20,0,4014000,-471000,3543000
2010/12/21,0,1713000,-340000,1373000
2010/12/22,0,1044000,-694000,350000
2010/12/23,0,60000,-1007000,-947000
2010/12/24,0,248000,-464000,-216000
2010/12/27,0,340000,-267000,73000
2010/12/28,0,105000,-480000,-375000
2010/12/29,0,252000,-271915,-19915
2010/12/30,0,328000,-302947,25053
2010/12/31,0,2681000,-1415000,1266000
2011/01/03,0,3696000,-493000,3203000
2011/01/04,0,1158000,-1469000,-311000
2011/01/05,0,874000,-1426000,-552000
2011/01/06,0,860000,-50000,810000
2011/01/07,0,438000,-2786000,-2348000
2011/01/10,0,577000,-593000,-16000
2011/01/11,0,864000,-1364000,-500000
2011/01/12,0,362000,-88155,273845
2011/01/13,0,1427000,-1244000,183000
2011/01/14,0,924000,-222000,702000
2011/01/17,0,368000,-528192,-160192
2011/01/18,0,1590000,-547000,1043000
2011/01/19,0,152000,-1334990,-1182990
2011/01/20,0,439000,-286000,153000
2011/01/21,0,172000,-681000,-509000
2011/01/24,0,209000,-757000,-548000
2011/01/25,0,529000,-668000,-139000
2011/01/26,0,2577000,-615000,1962000
2011/01/27,0,1735000,-1132000,603000
2011/01/28,0,748000,-1352000,-604000
2011/01/31,0,0,0,0
2011/02/01,0,0,0,0
2011/02/02,0,0,0,0
2011/02/03,0,0,0,0
2011/02/04,0,0,0,0
2011/02/07,0,0,0,0
2011/02/08,0,10257000,-5161000,5096000
2011/02/09,0,1974000,-5128000,-3154000
2011/02/10,0,1966000,-2904000,-938000
2011/02/11,0,1087000,-5449000,-4362000
2011/02/14,0,2712000,-1193000,1519000
2011/02/15,0,1376000,-2108000,-732000
2011/02/16,0,294000,-484000,-190000
2011/02/17,0,717000,-1998000,-1281000
2011/02/18,0,734000,-1612198,-878198
2011/02/21,0,1632000,-685000,947000
2011/02/22,0,1050000,-1886000,-836000
2011/02/23,0,2407000,-2949589,-542589
2011/02/24,0,1926000,-1094000,832000
2011/02/25,0,2434000,-824000,1610000
2011/02/28,0,0,0,0
2011/03/01,0,948000,-335000,613000
2011/03/02,0,621000,-322445,298555
2011/03/03,0,2247000,-75000,2172000
2011/03/04,0,1121000,-1096000,25000
2011/03/07,0,318000,-442914,-124914
2011/03/08,0,401000,-801000,-400000
2011/03/09,0,190000,-382000,-192000
2011/03/10,0,214000,-1903000,-1689000
2011/03/11,0,381000,-780000,-399000
2011/03/14,0,4733000,-923000,3810000
2011/03/15,0,3166000,-3573000,-407000
2011/03/16,0,2241000,-665000,1576000
2011/03/17,0,782000,-365000,417000
2011/03/18,0,561000,-556000,5000
2011/03/21,0,269000,-2197462,-1928462
2011/03/22,0,57000,-1701858,-1644858
2011/03/23,0,141000,-746000,-605000
2011/03/24,0,890000,-331000,559000
2011/03/25,0,727000,-688000,39000
2011/03/28,0,467000,-68000,399000
2011/03/29,0,217000,-129000,88000
2011/03/30,0,3469000,-230000,3239000
2011/03/31,0,1288000,-3245000,-1957000
2011/04/01,0,404000,-701000,-297000
2011/04/04,0,0,0,0
2011/04/05,0,0,0,0
2011/04/06,0,505000,-490000,15000
2011/04/07,0,1248000,-278000,970000
2011/04/08,0,1011000,-1235000,-224000
2011/04/11,0,174000,-1206000,-1032000
2011/04/12,0,1181000,-514000,667000
2011/04/13,0,655000,-207000,448000
2011/04/14,0,280000,-159000,121000
2011/04/15,0,36000,-269000,-233000
2011/04/18,0,71000,-730399,-659399
2011/04/19,0,172000,-1585000,-1413000
2011/04/20,0,169000,-392000,-223000
2011/04/21,0,733000,-692000,41000
2011/04/22,0,91000,-38000,53000
2011/04/25,0,171000,-50000,121000
2011/04/26,0,193000,-348000,-155000
2011/04/27,0,841000,-1081000,-240000
2011/04/28,0,1088000,-1201000,-113000
2011/04/29,0,263000,-2074000,-1811000
2011/05/02,0,0,0,0
2011/05/03,0,438000,-796455,-358455
2011/05/04,0,386000,-139000,247000
2011/05/05,0,802000,-1244000,-442000
2011/05/06,0,709000,-577000,132000
2011/05/09,0,499000,-199000,300000
2011/05/10,0,107000,-151000,-44000
2011/05/11,0,136000,-244402,-108402
2011/05/12,0,213000,-253000,-40000
2011/05/13,0,155000,-221000,-66000
2011/05/16,0,412000,-373000,39000
2011/05/17,0,255000,-175000,80000
2011/05/18,0,602000,-235000,367000
2011/05/19,0,569000,-270724,298276
2011/05/20,0,355000,-168000,187000
2011/05/23,0,331000,-453000,-122000
2011/05/24,0,957000,-559000,398000
2011/05/25,0,55000,-326000,-271000
2011/05/26,0,100000,-341000,-241000
2011/05/27,0,404000,-421000,-17000
2011/05/30,0,404000,-99000,305000
2011/05/31,0,1066000,-121000,945000
2011/06/01,0,68000,-165000,-97000
2011/06/02,0,376000,-272000,104000
2011/06/03,0,226000,-161000,65000
2011/06/06,0,0,0,0
2011/06/07,0,64000,-31000,33000
2011/06/08,0,50000,-84000,-34000
2011/06/09,0,563000,-18000,545000
2011/06/10,0,31000,-492000,-461000
2011/06/13,0,475000,-470200,4800
2011/06/14,0,274750,-105000,169750
2011/06/15,0,358450,-91000,267450
2011/06/16,0,968000,-112000,856000
2011/06/17,0,523000,-313000,210000
2011/06/20,0,775000,-318000,457000
2011/06/21,0,1238000,-110000,1128000
2011/06/22,0,128000,-257000,-129000
2011/06/23,0,690000,-43000,647000
2011/06/24,0,465000,-340000,125000
2011/06/27,0,95000,-421000,-326000
2011/06/28,0,167000,-129000,38000
2011/06/29,0,1219000,-98000,1121000
2011/06/30,0,596000,-20000,576000
2011/07/01,0,225000,-73000,152000
2011/07/04,0,103000,-715000,-612000
2011/07/05,0,284000,-1056719,-772719
2011/07/06,0,1828000,-295000,1533000
2011/07/07,0,826000,-61000,765000
2011/07/08,0,551000,-276000,275000
2011/07/11,0,774000,-64000,710000
2011/07/12,0,1067000,-327000,740000
2011/07/13,0,1942000,-71000,1871000
2011/07/14,0,2367000,-249000,2118000
2011/07/15,0,11012000,-183805,10828195
2011/07/18,0,1990000,-9534000,-7544000
2011/07/19,0,158000,-3004000,-2846000
2011/07/20,0,512000,-900000,-388000
2011/07/21,0,790000,-349000,441000
2011/07/22,0,158000,-178000,-20000
2011/07/25,0,314000,-614000,-300000
2011/07/26,0,930000,-3889112,-2959112
2011/07/27,0,18935000,-838000,18097000
2011/07/28,0,1137000,-960000,177000
2011/07/29,0,144000,-1659000,-1515000
2011/08/01,0,1423000,-627000,796000
2011/08/02,0,554000,-1251000,-697000
2011/08/03,0,1208000,-835000,373000
2011/08/04,0,1552000,-393000,1159000
2011/08/05,0,2921000,-5170000,-2249000
2011/08/08,0,2735000,-715000,2020000
2011/08/09,0,4797000,-4116000,681000
2011/08/10,0,616000,-217000,399000
2011/08/11,0,1878000,-821000,1057000
2011/08/12,0,1193000,-2502000,-1309000
2011/08/15,0,1036000,-443000,593000
2011/08/16,0,234000,-287966,-53966
2011/08/17,0,421000,-281000,140000
2011/08/18,0,703000,-466000,237000
2011/08/19,0,1107000,-912000,195000
2011/08/22,0,2153000,-422000,1731000
2011/08/23,0,2020000,-426000,1594000
2011/08/24,0,525000,-780436,-255436
2011/08/25,0,475000,-822000,-347000
2011/08/26,0,472000,-665000,-193000
2011/08/29,0,477000,-145000,332000
2011/08/30,0,231000,-396000,-165000
2011/08/31,0,2464000,-558000,1906000
2011/09/01,0,2147000,-1896000,251000
2011/09/02,0,144000,-482000,-338000
2011/09/05,0,71000,-1588000,-1517000
2011/09/06,0,479000,-2031000,-1552000
2011/09/07,0,735000,-89000,646000
2011/09/08,0,356000,-546000,-190000
2011/09/09,0,832000,-386300,445700
2011/09/12,0,0,0,0
2011/09/13,0,451000,-796355,-345355
2011/09/14,0,1926000,-875798,1050202
2011/09/15,0,1523000,-206472,1316528
2011/09/16,0,1534000,-30000,1504000
2011/09/19,0,303000,-102400,200600
2011/09/20,0,830000,-242000,588000
2011/09/21,0,413000,-438000,-25000
2011/09/22,0,204000,-383000,-179000
2011/09/23,0,2291000,-1399000,892000
2011/09/26,0,2336549,-307000,2029549
2011/09/27,0,401000,-387000,14000
2011/09/28,0,128000,-516000,-388000
2011/09/29,0,326000,-238000,88000
2011/09/30,0,117000,-338000,-221000
2011/10/03,0,115200,-166000,-50800
2011/10/04,0,1013000,-68000,945000
2011/10/05,0,547000,-213421,333579
2011/10/06,0,572000,-42000,530000
2011/10/07,0,297000,-262000,35000
2011/10/10,0,0,0,0
2011/10/11,0,54000,-196000,-142000
2011/10/12,0,153000,-144000,9000
2011/10/13,0,92000,-152000,-60000
2011/10/14,0,61000,-163000,-102000
2011/10/17,0,91000,-49000,42000
2011/10/18,0,136000,-371324,-235324
2011/10/19,0,540000,-454000,86000
2011/10/20,0,620000,-207000,413000
2011/10/21,0,804000,-214000,590000
2011/10/24,0,499000,-113000,386000
2011/10/25,0,196000,-20000,176000
2011/10/26,0,1086000,-89000,997000
2011/10/27,0,707000,-75702,631298
2011/10/28,0,2321000,-583000,1738000
2011/10/31,0,465000,-118512,346488
2011/11/01,0,1086000,-129000,957000
2011/11/02,0,598000,-1456000,-858000
2011/11/03,0,499000,-156000,343000
2011/11/04,0,972000,-136000,836000
2011/11/07,0,10000,-819000,-809000
2011/11/08,0,49000,-144000,-95000
2011/11/09,0,27000,-80300,-53300
2011/11/10,0,990000,-710000,280000
2011/11/11,0,252000,-80000,172000
2011/11/14,0,63000,-87000,-24000
2011/11/15,0,11000,-204000,-193000
2011/11/16,0,61000,-320000,-259000
2011/11/17,0,206000,-377000,-171000
2011/11/18,0,1292000,-578285,713715
2011/11/21,0,2123000,-1181000,942000
2011/11/22,0,1985800,-773000,1212800
2011/11/23,0,1547000,-139000,1408000
2011/11/24,0,1001000,-292000,709000
2011/11/25,0,2838000,-1771000,1067000
2011/11/28,0,857000,-1249000,-392000
2011/11/29,0,1087000,-792000,295000
2011/11/30,0,270000,-716000,-446000
2011/12/01,0,635000,-203000,432000
2011/12/02,0,117000,-81593,35407
2011/12/05,0,479000,-403000,76000
2011/12/06,0,91000,-812000,-721000
2011/12/07,0,274000,-140300,133700
2011/12/08,0,236000,-658000,-422000
2011/12/09,0,263000,-412043,-149043
2011/12/12,0,77700,-53000,24700
2011/12/13,0,176000,-203000,-27000
2011/12/14,0,126000,-34000,92000
2011/12/15,0,234000,-475000,-241000
2011/12/16,0,589000,-31000,558000
2011/12/19,0,601000,-255000,346000
2011/12/20,0,339000,-12000,327000
2011/12/21,0,1542000,-56510,1485490
2011/12/22,0,447400,-13000,434400
2011/12/23,0,552000,-110000,442000
2011/12/26,0,84000,-169000,-85000
2011/12/27,0,581000,-39000,542000
2011/12/28,0,737000,-36000,701000
2011/12/29,0,782000,-43000,739000
2011/12/30,0,443000,-124000,319000
2012/01/02,0,187000,-146000,41000
2012/01/03,0,370000,-129000,241000
2012/01/04,0,237000,-67000,170000
2012/01/05,0,433000,-19920,413080
2012/01/06,0,28000,-373000,-345000
2012/01/09,0,119000,-101000,18000
2012/01/10,0,229000,-100000,129000
2012/01/11,0,1606000,-6000,1600000
2012/01/12,0,496000,-13300,482700
2012/01/13,0,595000,-50000,545000
2012/01/16,0,113000,-1894000,-1781000
2012/01/17,0,120000,-1794000,-1674000
2012/01/18,0,45000,-434000,-389000
2012/01/19,0,0,0,0
2012/01/20,0,0,0,0
2012/01/23,0,0,0,0
2012/01/24,0,0,0,0
2012/01/25,0,0,0,0
2012/01/26,0,0,0,0
2012/01/27,0,0,0,0
2012/01/30,0,80000,-129000,-49000
2012/01/31,0,159000,-524000,-365000
2012/02/01,0,122000,-837000,-715000
2012/02/02,0,230000,-971000,-741000
2012/02/03,0,218000,-1285000,-1067000
2012/02/06,0,75000,-535000,-460000
2012/02/07,0,185000,-248000,-63000
2012/02/08,0,469000,-219000,250000
2012/02/09,0,970000,-1468000,-498000
2012/02/10,0,329000,-1219000,-890000
2012/02/13,0,700000,-260000,440000
2012/02/14,0,112000,-1943000,-1831000
2012/02/15,0,834000,-468000,366000
2012/02/16,0,523000,-1029000,-506000
2012/02/17,0,425000,-623000,-198000
2012/02/20,0,1444000,-1204000,240000
2012/02/21,0,298000,-2273000,-1975000
2012/02/22,0,233000,-355000,-122000
2012/02/23,0,245000,-787000,-542000
2012/02/24,0,150000,-1147000,-997000
2012/02/27,0,0,0,0
2012/02/28,0,0,0,0
2012/02/29,0,1000090,-312000,688090
2012/03/01,0,609000,-518000,91000
2012/03/02,0,153000,-889000,-736000
2012/03/05,0,99000,-1718000,-1619000
2012/03/06,0,378000,-489000,-111000
2012/03/07,0,127000,-887000,-760000
2012/03/08,0,73000,-613000,-540000
2012/03/09,0,222000,-406000,-184000
2012/03/12,0,57000,-670800,-613800
2012/03/13,0,566000,-268000,298000
2012/03/14,0,516000,-301000,215000
2012/03/15,0,309000,-232000,77000
2012/03/16,0,56000,-749000,-693000
2012/03/19,0,15000,-1995000,-1980000
2012/03/20,0,33000,-710000,-677000
2012/03/21,0,12000,-153000,-141000
2012/03/22,0,316000,-48000,268000
2012/03/23,0,114000,-53000,61000
2012/03/26,0,58000,-884000,-826000
2012/03/27,0,45000,-365000,-320000
2012/03/28,0,33000,-635000,-602000
2012/03/29,0,67031,-507894,-440863
2012/03/30,0,220000,-117000,103000
2012/04/02,0,94000,-473000,-379000
2012/04/03,0,555000,-56000,499000
2012/04/04,0,0,0,0
2012/04/05,0,1116000,-545000,571000
2012/04/06,0,49000,-543000,-494000
2012/04/09,0,745000,-328000,417000
2012/04/10,0,16000,-198000,-182000
2012/04/11,0,422000,-116000,306000
2012/04/12,0,301000,-474000,-173000
2012/04/13,0,329000,-356000,-27000
2012/04/16,0,2000,-115000,-113000
2012/04/17,0,126000,-81000,45000
2012/04/18,0,109000,-53000,56000
2012/04/19,0,361000,-25000,336000
2012/04/20,0,540000,-55000,485000
2012/04/23,0,693000,-156000,537000
2012/04/24,0,179000,-39000,140000
2012/04/25,0,135000,-46000,89000
2012/04/26,0,54074,-170000,-115926
2012/04/27,0,161000,-127000,34000
2012/04/30,0,431000,-31000,400000
2012/05/01,0,0,0,0
2012/05/02,0,605000,-223000,382000
2012/05/03,0,198000,-23000,175000
2012/05/04,0,60000,-241000,-181000
2012/05/07,0,230000,-71000,159000
2012/05/08,0,4000,-23238,-19238
2012/05/09,0,907000,-172516,734484
2012/05/10,0,517000,-115000,402000
2012/05/11,0,646000,-270000,376000
2012/05/14,0,498000,-71000,427000
2012/05/15,0,1320000,-64000,1256000
2012/05/16,0,1320000,-136000,1184000
2012/05/17,0,275000,-105000,170000
2012/05/18,0,824000,-205000,619000
2012/05/21,0,853000,-64000,789000
2012/05/22,0,302000,-246000,56000
2012/05/23,0,567000,-167000,400000
2012/05/24,0,1117000,-142000,975000
2012/05/25,0,192000,-21000,171000
2012/05/28,0,245000,-52000,193000
2012/05/29,0,190000,-87000,103000
2012/05/30,0,145000,-425000,-280000
2012/05/31,0,226000,-247000,-21000
2012/06/01,0,348000,-274000,74000
2012/06/04,0,1538000,-212000,1326000
2012/06/05,0,395000,-121000,274000
2012/06/06,0,226000,-19000,207000
2012/06/07,0,179000,-113110,65890
2012/06/08,0,0,-41000,-41000
2012/06/11,0,185000,-13000,172000
2012/06/12,0,0,-167000,-167000
2012/06/13,0,24000,-172000,-148000
2012/06/14,0,193000,-12000,181000
2012/06/15,0,374000,-9000,365000
2012/06/18,0,291000,-27000,264000
2012/06/19,0,192000,-4000,188000
2012/06/20,0,130000,-112000,18000
2012/06/21,0,102000,-317000,-215000
2012/06/22,0,123000,-108000,15000
2012/06/25,0,37000,-420000,-383000
2012/06/26,0,22000,-105000,-83000
2012/06/27,0,361000,-299000,62000
2012/06/28,0,535000,-295000,240000
2012/06/29,0,941000,-213000,728000
2012/07/02,0,58000,-445000,-387000
2012/07/03,0,724000,-551000,173000
2012/07/04,0,80000,-161000,-81000
2012/07/05,0,87000,-25000,62000
2012/07/06,0,49000,-53000,-4000
2012/07/09,0,451000,-162993,288007
2012/07/10,0,346000,-149000,197000
2012/07/11,0,171000,0,171000
2012/07/12,0,58000,-141000,-83000
2012/07/13,0,552000,-131000,421000
2012/07/16,0,339000,-320542,18458
2012/07/17,0,276000,-49000,227000
2012/07/18,0,246000,-860000,-614000
2012/07/19,0,88000,-167000,-79000
2012/07/20,0,235000,0,235000
2012/07/23,0,246000,-155000,91000
2012/07/24,0,970000,-205000,765000
2012/07/25,0,5119000,-44100,5074900
2012/07/26,0,487000,-3647000,-3160000
2012/07/27,0,148000,-125000,23000
2012/07/30,0,65000,-34000,31000
2012/07/31,0,550000,-88000,462000
2012/08/01,0,176000,-102000,74000
2012/08/02,0,0,0,0
2012/08/03,0,38000,-26000,12000
2012/08/06,0,160000,-156000,4000
2012/08/07,0,315000,0,315000
2012/08/08,0,73000,0,73000
2012/08/09,0,539000,-27000,512000
2012/08/10,0,566000,-54000,512000
2012/08/13,0,390000,-75000,315000
2012/08/14,0,552000,-175000,377000
2012/08/15,0,47000,-958000,-911000
2012/08/16,0,74000,-132000,-58000
2012/08/17,0,455000,-189000,266000
2012/08/20,0,2000,-153000,-151000
2012/08/21,0,224000,-80000,144000
2012/08/22,0,43000,-444000,-401000
2012/08/23,0,118000,0,118000
2012/08/24,0,28000,-367000,-339000
2012/08/27,0,39000,-508000,-469000
2012/08/28,0,23000,-754000,-731000
2012/08/29,0,19000,-49000,-30000
2012/08/30,0,17000,-1018000,-1001000
2012/08/31,0,66000,-211000,-145000
2012/09/03,0,68000,-206000,-138000
2012/09/04,0,245000,-685000,-440000
2012/09/05,0,330000,-752000,-422000
2012/09/06,0,749000,-467000,282000
2012/09/07,0,1028000,-247000,781000
2012/09/10,0,1038000,-513000,525000
2012/09/11,0,890000,-683000,207000
2012/09/12,0,2336000,-713000,1623000
2012/09/13,0,1470000,-674000,796000
2012/09/14,0,1613000,-1461000,152000
2012/09/17,0,1017000,-1522000,-505000
2012/09/18,0,482000,-688000,-206000
2012/09/19,0,1991000,-540000,1451000
2012/09/20,0,372000,-1181000,-809000
2012/09/21,0,203000,-502000,-299000
2012/09/24,0,918000,-827000,91000
2012/09/25,0,74000,-498000,-424000
2012/09/26,0,360000,-465000,-105000
2012/09/27,0,147000,-502000,-355000
2012/09/28,0,56000,-246000,-190000
2012/10/01,0,348000,-646000,-298000
2012/10/02,0,184000,-327000,-143000
2012/10/03,0,400000,-405570,-5570
2012/10/04,0,464000,-313000,151000
2012/10/05,0,268000,-389000,-121000
2012/10/08,0,66000,-1414000,-1348000
2012/10/09,0,234000,-154000,80000
2012/10/10,0,0,0,0
2012/10/11,0,1140000,-79000,1061000
2012/10/12,0,574000,-383000,191000
2012/10/15,0,468000,-598000,-130000
2012/10/16,0,142000,-267000,-125000
2012/10/17,0,251000,-813000,-562000
2012/10/18,0,389000,-271000,118000
2012/10/19,0,319000,-310000,9000
2012/10/22,0,0,-335000,-335000
2012/10/23,0,0,-1496000,-1496000
2012/10/24,0,936000,-790000,146000
2012/10/25,0,521000,-190000,331000
2012/10/26,0,321000,-623000,-302000
2012/10/29,0,726000,-358000,368000
2012/10/30,0,446000,0,446000
2012/10/31,0,14000,-328000,-314000
2012/11/01,0,420000,-448000,-28000
2012/11/02,0,401000,-171000,230000
2012/11/05,0,727000,-230000,497000
2012/11/06,0,401000,-49000,352000
2012/11/07,0,199000,-172500,26500
2012/11/08,0,874000,-490000,384000
2012/11/09,0,158000,-428000,-270000
2012/11/12,0,40000,-65000,-25000
2012/11/13,0,380000,-318000,62000
2012/11/14,0,570000,-321000,249000
2012/11/15,0,403000,-711000,-308000
2012/11/16,0,509000,-113069,395931
2012/11/19,0,178000,-397000,-219000
2012/11/20,0,217000,-119000,98000
2012/11/21,0,899000,-226000,673000
2012/11/22,0,609000,-145000,464000
2012/11/23,0,768000,-128000,640000
2012/11/26,0,898000,0,898000
2012/11/27,0,461000,-133000,328000
2012/11/28,0,294000,-54000,240000
2012/11/29,0,1653000,-12000,1641000
2012/11/30,0,2044000,-530000,1514000
2012/12/03,0,527000,-389000,138000
2012/12/04,0,902000,-618450,283550
2012/12/05,0,946000,-180000,766000
2012/12/06,0,1155000,-476000,679000
2012/12/07,0,253000,-564000,-311000
2012/12/10,0,550000,-432000,118000
2012/12/11,0,484000,-386000,98000
2012/12/12,0,747000,-80000,667000
2012/12/13,0,1695000,-223000,1472000
2012/12/14,0,841000,-801000,40000
2012/12/17,0,767000,-548000,219000
2012/12/18,0,871000,-511000,360000
2012/12/19,0,275000,-1163000,-888000
2012/12/20,0,146000,-914000,-768000
2012/12/21,0,549000,-770000,-221000
2012/12/24,0,503000,-427000,76000
2012/12/25,0,620000,-763000,-143000
2012/12/26,0,11793000,-869000,10924000
2012/12/27,0,477004,-6732000,-6254996
2012/12/28,0,818000,-2478000,-1660000
2012/12/31,0,0,0,0
2013/01/01,0,0,0,0
2013/01/02,0,1540000,-842000,698000
2013/01/03,0,4327000,-2001000,2326000
2013/01/04,0,3345000,-917500,2427500
2013/01/07,0,1679000,-894000,785000
2013/01/08,0,1755000,-619000,1136000
2013/01/09,0,880000,-692000,188000
2013/01/10,0,3688000,-1172000,2516000
2013/01/11,0,1204000,-902000,302000
2013/01/14,0,460000,-2872000,-2412000
2013/01/15,0,433000,-1399000,-966000
2013/01/16,0,924000,-947000,-23000
2013/01/17,0,465000,-2453000,-1988000
2013/01/18,0,1082000,-575000,507000
2013/01/21,0,1086000,-1882000,-796000
2013/01/22,0,341000,-1559000,-1218000
2013/01/23,0,283000,-927000,-644000
2013/01/24,0,783000,-2321000,-1538000
2013/01/25,0,830000,-1531000,-701000
2013/01/28,0,213120,-432000,-218880
2013/01/29,0,474000,-1341000,-867000
2013/01/30,0,328000,-643000,-315000
2013/01/31,0,368000,-506000,-138000
2013/02/01,0,366000,-259000,107000
2013/02/04,0,406000,-865000,-459000
2013/02/05,0,185000,-581000,-396000
2013/02/06,0,321000,-1710000,-1389000
2013/02/07,0,0,0,0
2013/02/08,0,0,0,0
2013/02/11,0,0,0,0
2013/02/12,0,0,0,0
2013/02/13,0,0,0,0
2013/02/14,0,0,0,0
2013/02/15,0,0,0,0
2013/02/18,0,1427000,-1262000,165000
2013/02/19,0,771000,-674360,96640
2013/02/20,0,122000,-1611000,-1489000
2013/02/21,0,352000,-730000,-378000
2013/02/22,0,446000,-933000,-487000
2013/02/25,0,2573000,-1285000,1288000
2013/02/26,0,2678000,-1529000,1149000
2013/02/27,0,560000,-2341000,-1781000
2013/02/28,0,0,0,0
2013/03/01,0,75000,-2085000,-2010000
2013/03/04,0,600000,-920000,-320000
2013/03/05,0,333000,-987000,-654000
2013/03/06,0,234000,-804000,-570000
2013/03/07,0,219000,-100000,119000
2013/03/08,0,365000,-380000,-15000
2013/03/11,0,453000,-638000,-185000
2013/03/12,0,142000,-3067000,-2925000
2013/03/13,0,98000,-1178000,-1080000
2013/03/14,0,201000,-1508000,-1307000
2013/03/15,0,1107000,-1220000,-113000
2013/03/18,0,461000,-1384000,-923000
2013/03/19,0,380000,-194000,186000
2013/03/20,0,270000,-729000,-459000
2013/03/21,0,271000,-206000,65000
2013/03/22,0,110000,-348000,-238000
2013/03/25,0,298000,-440000,-142000
2013/03/26,0,160000,-474000,-314000
2013/03/27,0,39000,-237000,-198000
2013/03/28,0,82000,-260000,-178000
2013/03/29,0,466000,-489000,-23000
2013/04/01,0,286000,-264000,22000
2013/04/02,0,208000,-256000,-48000
2013/04/03,0,403000,-106000,297000
2013/04/04,0,0,0,0
2013/04/05,0,0,0,0
2013/04/08,0,205000,-605000,-400000
2013/04/09,0,67000,-447000,-380000
2013/04/10,0,255000,-245000,10000
2013/04/11,0,185000,-335000,-150000
2013/04/12,0,103000,-183000,-80000
2013/04/15,0,4000,-113000,-109000
2013/04/16,0,120000,-219000,-99000
2013/04/17,0,763000,-443000,320000
2013/04/18,0,204000,-290000,-86000
2013/04/19,0,178000,-427000,-249000
2013/04/22,0,276000,-466000,-190000
2013/04/23,0,272000,-596000,-324000
2013/04/24,0,80000,-78000,2000
2013/04/25,0,211000,-367000,-156000
2013/04/26,0,176000,-117000,59000
2013/04/29,0,38000,-81000,-43000
2013/04/30,0,152000,-63000,89000
2013/05/01,0,0,0,0
2013/05/02,0,42000,-153000,-111000
2013/05/03,0,1000,-291000,-290000
2013/05/06,0,10000,-33000,-23000
2013/05/07,0,492000,-261000,231000
2013/05/08,0,416000,-166000,250000
2013/05/09,0,388000,-58000,330000
2013/05/10,0,41000,-52000,-11000
2013/05/13,0,120000,-150000,-30000
2013/05/14,0,499000,-234000,265000
2013/05/15,0,243000,-292000,-49000
2013/05/16,0,521000,-115000,406000
2013/05/17,0,263000,-300000,-37000
2013/05/20,0,169000,-55000,114000
2013/05/21,0,157000,-555000,-398000
2013/05/22,0,139000,-207000,-68000
2013/05/23,0,376000,-1503000,-1127000
2013/05/24,0,334000,-437000,-103000
2013/05/27,0,106000,-194000,-88000
2013/05/28,0,64000,-246000,-182000
2013/05/29,0,20000,-672000,-652000
2013/05/30,0,336000,-810569,-474569
2013/05/31,0,157000,-492000,-335000
2013/06/03,0,78000,-276000,-198000
2013/06/04,0,110000,-523000,-413000
2013/06/05,0,123000,-125000,-2000
2013/06/06,0,142000,-472000,-330000
2013/06/07,0,114000,-287000,-173000
2013/06/10,0,100000,-410000,-310000
2013/06/11,0,170000,-10000,160000
2013/06/12,0,0,0,0
2013/06/13,0,244000,-512000,-268000
2013/06/14,0,201000,-382000,-181000
2013/06/17,0,12000,-111000,-99000
2013/06/18,0,30000,-74000,-44000
2013/06/19,0,105000,-140000,-35000
2013/06/20,0,10000,-253000,-243000
2013/06/21,0,231000,-180000,51000
2013/06/24,0,300000,-394000,-94000
2013/06/25,0,1098000,-321000,777000
2013/06/26,0,185000,-334000,-149000
2013/06/27,0,201000,-112000,89000
2013/06/28,0,675000,-195000,480000
2013/07/01,0,19000,-1286000,-1267000
2013/07/02,0,0,-142000,-142000
2013/07/03,0,164000,-179000,-15000
2013/07/04,0,201000,-12000,189000
2013/07/05,0,535000,-61000,474000
2013/07/08,0,95000,-147555,-52555
2013/07/09,0,100000,-53000,47000
2013/07/10,0,313000,-30000,283000
2013/07/11,0,4854000,-83000,4771000
2013/07/12,0,21000,-3073000,-3052000
2013/07/15,0,485000,-307000,178000
2013/07/16,0,274000,-247000,27000
2013/07/17,0,568000,-248000,320000
2013/07/18,0,424000,-413000,11000
2013/07/19,0,481000,-325000,156000
2013/07/22,0,799000,-56000,743000
2013/07/23,0,168000,-140000,28000
2013/07/24,0,380000,-37000,343000
2013/07/25,0,4731000,-225330,4505670
2013/07/26,0,322000,-4051000,-3729000
2013/07/29,0,20000,-560000,-540000
2013/07/30,0,1984000,-225000,1759000
2013/07/31,0,235000,-373000,-138000
2013/08/01,0,173000,-402000,-229000
2013/08/02,0,558000,-561000,-3000
2013/08/05,0,143000,-213000,-70000
2013/08/06,0,386000,-282000,104000
2013/08/07,0,50000,-1315000,-1265000
2013/08/08,0,479000,-173000,306000
2013/08/09,0,803000,-988000,-185000
2013/08/12,0,548000,-335000,213000
2013/08/13,0,523000,-205000,318000
2013/08/14,0,258000,-411000,-153000
2013/08/15,0,95000,-577000,-482000
2013/08/16,0,345000,-461000,-116000
2013/08/19,0,969000,-137000,832000
2013/08/20,0,638000,-1000000,-362000
2013/08/21,0,0,0,0
2013/08/22,0,570000,-368000,202000
2013/08/23,0,320000,-635000,-315000
2013/08/26,0,405000,-321000,84000
2013/08/27,0,415000,-1341000,-926000
2013/08/28,0,318000,-276000,42000
2013/08/29,0,457000,-295000,162000
2013/08/30,0,430000,-445000,-15000
2013/09/02,0,78000,-246000,-168000
2013/09/03,0,165000,-307000,-142000
2013/09/04,0,488000,-79000,409000
2013/09/05,0,507000,-745000,-238000
2013/09/06,0,420000,-286000,134000
2013/09/09,0,62000,-483000,-421000
2013/09/10,0,386000,-190000,196000
2013/09/11,0,74000,-258000,-184000
2013/09/12,0,159000,-273000,-114000
2013/09/13,0,241000,-281030,-40030
2013/09/16,0,126000,-924000,-798000
2013/09/17,0,60000,-188000,-128000
2013/09/18,0,997000,-29000,968000
2013/09/19,0,0,0,0
2013/09/20,0,0,0,0
2013/09/23,0,790000,-181000,609000
2013/09/24,0,243000,-355000,-112000
2013/09/25,0,406000,-382650,23350
2013/09/26,0,497000,-589000,-92000
2013/09/27,0,105800,-582000,-476200
2013/09/30,0,323000,-273000,50000
2013/10/01,0,661000,-46000,615000
2013/10/02,0,265000,-234000,31000
2013/10/03,0,1818000,-864000,954000
2013/10/04,0,562000,-1196000,-634000
2013/10/07,0,195000,-307000,-112000
2013/10/08,0,490000,-70000,420000
2013/10/09,0,82000,-361500,-279500
2013/10/10,0,0,0,0
2013/10/11,0,187000,-269000,-82000
2013/10/14,0,63000,-160000,-97000
2013/10/15,0,61000,-146000,-85000
2013/10/16,0,95000,-116000,-21000
2013/10/17,0,10000,-325000,-315000
2013/10/18,0,100000,-142000,-42000
2013/10/21,0,261000,-25000,236000
2013/10/22,0,156000,-132000,24000
2013/10/23,0,0,-816000,-816000
2013/10/24,0,29000,-110000,-81000
2013/10/25,0,426000,-519050,-93050
2013/10/28,0,66000,-395000,-329000
2013/10/29,0,30000,-285000,-255000
2013/10/30,0,56000,-317000,-261000
2013/10/31,0,338000,-5000,333000
2013/11/01,0,60000,-299000,-239000
2013/11/04,0,52000,-155978,-103978
2013/11/05,0,46000,-61000,-15000
2013/11/06,0,0,-476000,-476000
2013/11/07,0,30000,-122000,-92000
2013/11/08,0,98000,-405000,-307000
2013/11/11,0,63000,-81000,-18000
2013/11/12,0,330000,-316000,14000
2013/11/13,0,217000,-53000,164000
2013/11/14,0,172000,-650000,-478000
2013/11/15,0,125000,-142000,-17000
2013/11/18,0,80000,-70100,9900
2013/11/19,0,365000,-204000,161000
2013/11/20,0,245000,-17000,228000
2013/11/21,0,89000,-146000,-57000
2013/11/22,0,37000,-81000,-44000
2013/11/25,0,443000,-60000,383000
2013/11/26,0,601000,-64000,537000
2013/11/27,0,230000,-8000,222000
2013/11/28,0,232000,-20000,212000
2013/11/29,0,310000,-540000,-230000
2013/12/02,0,10000,-82000,-72000
2013/12/03,0,40000,-370000,-330000
2013/12/04,0,31000,-20000,11000
2013/12/05,0,40000,-19000,21000
2013/12/06,0,20000,-205000,-185000
2013/12/09,0,16000,-40000,-24000
2013/12/10,0,11000,-52000,-41000
2013/12/11,0,156000,-65000,91000
2013/12/12,0,56000,-31000,25000
2013/12/13,0,177000,-81000,96000
2013/12/16,0,519000,-325000,194000
2013/12/17,0,272000,-4000,268000
2013/12/18,0,70000,-302200,-232200
2013/12/19,0,1348000,-224000,1124000
2013/12/20,0,53000,-600000,-547000
2013/12/23,0,165000,-467000,-302000
2013/12/24,0,206000,-48000,158000
2013/12/25,0,162000,-248000,-86000
2013/12/26,0,4418000,-108000,4310000
2013/12/27,0,3097000,-2008000,1089000
2013/12/30,0,354000,-337000,17000
2013/12/31,0,95000,-518000,-423000
2014/01/02,0,485000,-2860000,-2375000
2014/01/03,0,352000,-1087000,-735000
2014/01/06,0,192000,-351000,-159000
2014/01/07,0,252000,-26000,226000
2014/01/08,0,459000,-208000,251000
2014/01/09,0,35000,0,35000
2014/01/10,0,25000,-2000,23000
2014/01/13,0,1836000,-278000,1558000
2014/01/14,0,1829000,-194000,1635000
2014/01/15,0,30000,-651000,-621000
2014/01/16,0,2000,-581000,-579000
2014/01/17,0,438000,-395000,43000
2014/01/20,0,190000,-8000,182000
2014/01/21,0,380000,-14276,365724
2014/01/22,0,59000,-444000,-385000
2014/01/23,0,380000,-177000,203000
2014/01/24,0,150000,-277000,-127000
2014/01/27,0,743000,-477000,266000
2014/02/05,0,775000,-244000,531000
2014/02/06,0,136000,-749000,-613000
2014/02/07,0,266000,-730000,-464000
2014/02/10,0,133000,-457000,-324000
2014/02/11,0,104000,-120000,-16000
2014/02/12,0,254000,-218000,36000
2014/02/13,0,46000,-482000,-436000
2014/02/14,0,159000,-469000,-310000
2014/02/17,0,105000,-60000,45000
2014/02/18,0,18000,-91000,-73000
2014/02/19,0,206000,-218000,-12000
2014/02/20,0,316000,-148000,168000
2014/02/21,0,126000,-564000,-438000
2014/02/24,0,100000,-284000,-184000
2014/02/25,0,0,-21590,-21590
2014/02/26,0,104000,-63000,41000
2014/02/27,0,419000,-131000,288000
2014/03/03,0,491000,-774000,-283000
2014/03/04,0,382000,-154000,228000
2014/03/05,0,136000,-198780,-62780
2014/03/06,0,140000,-277000,-137000
2014/03/07,0,35000,-711000,-676000
2014/03/10,0,92000,-15000,77000
2014/03/11,0,109000,-6000,103000
2014/03/12,0,99000,-9000,90000
2014/03/13,0,219000,-828000,-609000
2014/03/14,0,475000,-273000,202000
2014/03/17,0,173000,-293000,-120000
2014/03/18,0,85000,-241000,-156000
2014/03/19,0,149000,-48976,100024
2014/03/20,0,647000,-279000,368000
2014/03/21,0,316000,-1000,315000
2014/03/24,0,143000,-70000,73000
2014/03/25,0,0,-455000,-455000
2014/03/26,0,167000,-174000,-7000
2014/03/27,0,64000,-141000,-77000
2014/03/28,0,67000,-285350,-218350
2014/03/31,0,151000,-136000,15000
2014/04/01,0,54000,-182120,-128120
2014/04/02,0,20000,-175000,-155000
2014/04/03,0,0,-34000,-34000
2014/04/07,0,165000,-27000,138000
2014/04/08,0,20559,0,20559
2014/04/09,0,82000,-61000,21000
2014/04/10,0,75000,0,75000
2014/04/11,0,174000,-36000,138000
2014/04/14,0,131000,-1000,130000
2014/04/15,0,112000,-155000,-43000
2014/04/16,0,264000,-1332000,-1068000
2014/04/17,0,348000,-130000,218000
2014/04/18,0,158000,-279000,-121000
2014/04/21,0,144000,-21000,123000
2014/04/22,0,90000,-179000,-89000
2014/04/23,0,50000,-336000,-286000
2014/04/24,0,24000,-369000,-345000
2014/04/25,0,40000,-700816,-660816
2014/04/28,0,112000,-182000,-70000
2014/04/29,0,100000,-677000,-577000
2014/04/30,0,297000,-1256000,-959000
2014/05/02,0,126000,-252000,-126000
2014/05/05,0,240000,-256000,-16000
2014/05/06,0,320000,-681381,-361381
2014/05/07,0,250000,-718000,-468000
2014/05/08,0,0,-164000,-164000
2014/05/09,0,185000,-598000,-413000
2014/05/12,0,113000,-159000,-46000
2014/05/13,0,64000,-415000,-351000
2014/05/14,0,344103,-84000,260103
2014/05/15,0,186000,0,186000
2014/05/16,0,137000,-70000,67000
2014/05/19,0,119000,-127000,-8000
2014/05/20,0,0,-702000,-702000
2014/05/21,0,10000,-254000,-244000
2014/05/22,0,17000,-142000,-125000
2014/05/23,0,90000,-86000,4000
2014/05/26,0,0,-64000,-64000
2014/05/27,0,45000,-368000,-323000
2014/05/28,0,0,-463767,-463767
2014/05/29,0,93000,-175462,-82462
2014/05/30,0,401000,-452000,-51000
2014/06/03,0,85000,-76000,9000
2014/06/04,0,107000,-108000,-1000
2014/06/05,0,164000,-307000,-143000
2014/06/06,0,0,-45000,-45000
2014/06/09,0,78000,-20000,58000
2014/06/10,0,193000,-1000,192000
2014/06/11,0,0,-90000,-90000
2014/06/12,0,50000,-337000,-287000
2014/06/13,0,556,-91000,-90444
2014/06/16,0,47000,0,47000
2014/06/17,0,261000,-60000,201000
2014/06/18,0,2513000,-166000,2347000
2014/06/19,0,93000,-1404000,-1311000
2014/06/20,0,138000,-444000,-306000
2014/06/23,0,154000,-81000,73000
2014/06/24,0,237000,0,237000
2014/06/25,0,539000,-462000,77000
2014/06/26,0,348000,-213000,135000
2014/06/27,0,8000,-68000,-60000
2014/06/30,0,86000,-30000,56000
2014/07/01,0,981000,-847000,134000
2014/07/02,0,105000,-7000,98000
2014/07/03,0,17000,-232000,-215000
2014/07/04,0,118000,-18000,100000
2014/07/07,0,20000,-162000,-142000
2014/07/08,0,76000,-90000,-14000
2014/07/09,0,50000,-68000,-18000
2014/07/10,0,163000,0,163000
2014/07/11,0,171000,-36000,135000
2014/07/14,0,58000,-4000,54000
2014/07/15,0,0,-8000,-8000
2014/07/16,0,163000,-283550,-120550
2014/07/17,0,50000,-101000,-51000
2014/07/18,0,66000,-50200,15800
2014/07/21,0,328000,-284000,44000
2014/07/22,0,147000,-338000,-191000
2014/07/23,0,0,0,0
2014/07/24,0,111000,-23000,88000
2014/07/25,0,406000,-258000,148000
2014/07/28,0,1233000,-50000,1183000
2014/07/29,0,823000,-506000,317000
2014/07/30,0,809000,-295000,514000
2014/07/31,0,402000,-849000,-447000
2014/08/01,0,435000,-151000,284000
2014/08/04,0,494000,-90000,404000
2014/08/05,0,111000,-755000,-644000
2014/08/06,0,960000,-1082000,-122000
2014/08/07,0,689000,-986000,-297000
2014/08/08,0,13000,-276000,-263000
2014/08/11,0,2132000,-1030000,1102000
2014/08/12,0,1134000,-869000,265000
2014/08/13,0,6870000,-122417,6747583
2014/08/14,0,39000,-7621000,-7582000
2014/08/15,0,62000,-699000,-637000
2014/08/18,0,0,-545000,-545000
2014/08/19,0,152000,-339000,-187000
2014/08/20,0,26000,-505000,-479000
2014/08/21,0,1000,-184000,-183000
2014/08/22,0,693000,-33000,660000
2014/08/25,0,739000,-274000,465000
2014/08/26,0,471000,0,471000
2014/08/27,0,103000,-30000,73000
2014/08/28,0,329000,-198000,131000
2014/08/29,0,440000,-217000,223000
2014/09/01,0,161000,-160000,1000
2014/09/02,0,15000,-990000,-975000
2014/09/03,0,5000,-148000,-143000
2014/09/04,0,496000,-160000,336000
2014/09/05,0,838000,0,838000
2014/09/09,0,279000,-87000,192000
2014/09/10,0,352000,-75000,277000
2014/09/11,0,123000,-131000,-8000
2014/09/12,0,4000,-271000,-267000
2014/09/15,0,166000,-30000,136000
2014/09/16,0,32000,-120000,-88000
2014/09/17,0,771000,-381000,390000
2014/09/18,0,2838000,-612000,2226000
2014/09/19,0,1331800,-1423000,-91200
2014/09/22,0,272000,-280111,-8111
2014/09/23,0,448000,-4316000,-3868000
2014/09/24,0,508000,-584000,-76000
2014/09/25,0,102000,-466000,-364000
2014/09/26,0,80000,-1090000,-1010000
2014/09/29,0,576000,-29000,547000
2014/09/30,0,116540,-426200,-309660
2014/10/01,0,0,-158600,-158600
2014/10/02,0,97000,-229000,-132000
2014/10/03,0,0,-563000,-563000
2014/10/06,0,20000,-58821,-38821
2014/10/07,0,13145,-494000,-480855
2014/10/08,0,17000,-176000,-159000
2014/10/09,0,70000,-216000,-146000
2014/10/13,0,172000,-69000,103000
2014/10/14,0,156000,-17000,139000
2014/10/15,0,58000,-939000,-881000
2014/10/16,0,74000,-138000,-64000
2014/10/17,0,582000,-85000,497000
2014/10/20,0,246000,-283000,-37000
2014/10/21,0,35000,-220000,-185000
2014/10/22,0,307000,-73000,234000
2014/10/23,0,23000,-51772,-28772
2014/10/24,0,114000,-311580,-197580
2014/10/27,0,131000,-44000,87000
2014/10/28,0,244000,-35000,209000
2014/10/29,0,482000,-25000,457000
2014/10/30,0,108000,-83000,25000
2014/10/31,0,50000,-44000,6000
2014/11/03,0,103000,-28000,75000
2014/11/04,0,58000,-224000,-166000
2014/11/05,0,225000,-264000,-39000
2014/11/06,0,611000,-312525,298475
2014/11/07,0,190000,-280000,-90000
2014/11/10,0,465000,-119000,346000
2014/11/11,0,148000,-251540,-103540
2014/11/12,0,171000,-102000,69000
2014/11/13,0,116000,-178000,-62000
2014/11/14,0,68400,-326000,-257600
2014/11/17,0,141000,-295000,-154000
2014/11/18,0,414000,-130000,284000
2014/11/19,0,261000,-74000,187000
2014/11/20,0,176000,-265000,-89000
2014/11/21,0,115000,-61000,54000
2014/11/24,0,100000,-93000,7000
2014/11/25,0,0,-279000,-279000
2014/11/26,0,498000,0,498000
2014/11/27,0,49000,-83000,-34000
2014/11/28,0,35000,-132000,-97000
2014/12/01,0,57000,0,57000
2014/12/02,0,131000,-231000,-100000
2014/12/03,0,67000,-15000,52000
2014/12/04,0,0,-40000,-40000
2014/12/05,0,242000,-50000,192000
2014/12/08,0,0,-176000,-176000
2014/12/09,0,55000,-19000,36000
2014/12/10,0,263000,-91000,172000
2014/12/11,0,230000,-34000,196000
2014/12/12,0,40000,-59000,-19000
2014/12/15,0,132000,-63000,69000
2014/12/16,0,83000,-128000,-45000
2014/12/17,0,199000,-140000,59000
2014/12/18,0,8000,-249018,-241018
2014/12/19,0,572000,-439000,133000
2014/12/22,0,1168000,-116000,1052000
2014/12/23,0,435000,-106000,329000
2014/12/24,0,2979000,-18000,2961000
2014/12/25,0,460000,-1018000,-558000
2014/12/26,0,3017000,-578000,2439000
2014/12/29,0,180000,-849000,-669000
2014/12/30,0,100000,-286000,-186000
2014/12/31,0,165000,-722000,-557000
2015/01/01,0,0,0,0
2015/01/02,0,0,0,0
2015/01/05,0,361000,-730000,-369000
2015/01/06,0,1601000,-691000,910000
2015/01/07,0,2435000,-1255000,1180000
2015/01/08,0,179000,-545040,-366040
2015/01/09,0,44000,-393000,-349000
2015/01/12,0,55000,-681000,-626000
2015/01/13,0,2512000,-72000,2440000
2015/01/14,0,460000,-2135000,-1675000
2015/01/15,0,51000,-291000,-240000
2015/01/16,0,343000,-836206,-493206
2015/01/19,0,360000,-706000,-346000
2015/01/20,0,406000,-1560000,-1154000
2015/01/21,0,106000,-589000,-483000
2015/01/22,0,332000,-632000,-300000
2015/01/23,0,309000,-414000,-105000
2015/01/26,0,153000,-531000,-378000
2015/01/27,0,185000,-487000,-302000
2015/01/28,0,243000,0,243000
2015/01/29,0,235000,-434000,-199000
2015/01/30,0,269000,-295000,-26000
2015/02/02,0,237000,-195000,42000
2015/02/03,0,61000,-36000,25000
2015/02/04,0,516000,-56155,459845
2015/02/05,0,48000,-416000,-368000
2015/02/06,0,202000,-269000,-67000
2015/02/09,0,197000,-44000,153000
2015/02/10,0,180000,-722000,-542000
2015/02/11,0,48000,-250000,-202000
2015/02/12,0,1067000,-110000,957000
2015/02/13,0,527000,-1197000,-670000
2015/02/16,0,0,0,0
2015/02/17,0,0,0,0
2015/02/18,0,0,0,0
2015/02/19,0,0,0,0
2015/02/20,0,0,0,0
2015/02/23,0,0,0,0
2015/02/24,0,100000,-515000,-415000
2015/02/25,0,282000,-384155,-102155
2015/02/26,0,304000,-170000,134000
2015/02/27,0,0,0,0
2015/03/02,0,217000,-192000,25000
2015/03/03,0,361000,-216343,144657
2015/03/04,0,12000,-351000,-339000
2015/03/05,0,179000,-469154,-290154
2015/03/06,0,60000,0,60000
2015/03/09,0,30000,-61589,-31589
2015/03/10,0,137000,-78000,59000
2015/03/11,0,17000,-103000,-86000
2015/03/12,0,158000,-43132,114868
2015/03/13,0,162000,-377000,-215000
2015/03/16,0,220000,-69000,151000
2015/03/17,0,380000,-307155,72845
2015/03/18,0,124000,-689000,-565000
2015/03/19,0,392000,-490000,-98000
2015/03/20,0,215000,-353000,-138000
2015/03/23,0,55000,-584000,-529000
2015/03/24,0,20000,-568000,-548000
2015/03/25,0,21000,-480000,-459000
2015/03/26,0,70000,-521000,-451000
2015/03/27,0,18000,-686000,-668000
2015/03/30,0,13000,-346000,-333000
2015/03/31,0,275000,-380000,-105000
2015/04/01,0,115000,-452000,-337000
2015/04/02,0,2000,-497000,-495000
2015/04/03,0,0,0,0
2015/04/06,0,0,0,0
2015/04/07,0,4000,-302000,-298000
2015/04/08,0,0,-416000,-416000
2015/04/09,0,18000,-604000,-586000
2015/04/10,0,0,-333000,-333000
2015/04/13,0,20000,-388000,-368000
2015/04/14,0,80000,-367000,-287000
2015/04/15,0,113000,-651000,-538000
2015/04/16,0,3000,-526000,-523000
2015/04/17,0,5000,-350000,-345000
2015/04/20,0,10000,-333000,-323000
2015/04/21,0,4000,-394000,-390000
2015/04/22,0,20000,-396000,-376000
2015/04/23,0,100000,-316000,-216000
2015/04/24,0,335000,-382000,-47000
2015/04/27,0,381000,-330000,51000
2015/04/28,0,370000,-393000,-23000
2015/04/29,0,880000,-497000,383000
2015/04/30,0,312000,-327000,-15000
2015/05/01,0,0,0,0
2015/05/04,0,178000,-300000,-122000
2015/05/05,0,1196000,-595000,601000
2015/05/06,0,441000,-382000,59000
2015/05/07,0,284000,-350000,-66000
2015/05/08,0,35000,-426000,-391000
2015/05/11,0,469000,-325000,144000
2015/05/12,0,502000,-481000,21000
2015/05/13,0,103000,-434000,-331000
2015/05/14,0,23000,-876000,-853000
2015/05/15,0,101819,-695000,-593181
2015/05/18,0,9000,-951362,-942362
2015/05/19,0,0,-321000,-321000
2015/05/20,0,27000,-693000,-666000
2015/05/21,0,121000,-669000,-548000
2015/05/22,0,86000,-177000,-91000
2015/05/25,0,86000,-282000,-196000
2015/05/26,0,0,-261000,-261000
2015/05/27,0,26000,-29000,-3000
2015/05/28,0,252000,-919000,-667000
2015/05/29,0,0,-41000,-41000
2015/06/01,0,120000,-249000,-129000
2015/06/02,0,92000,-82000,10000
2015/06/03,0,42000,-299000,-257000
2015/06/04,0,92000,-172000,-80000
2015/06/05,0,2000,-86000,-84000
2015/06/08,0,15000,-142000,-127000
2015/06/09,0,13000,-7000,6000
2015/06/10,0,339000,-32000,307000
2015/06/11,0,15000,-87000,-72000
2015/06/12,0,83000,-63000,20000
2015/06/15,0,7000,-101000,-94000
2015/06/16,0,0,-128000,-128000
2015/06/17,0,185000,-21000,164000
2015/06/18,0,1000,-2000,-1000
2015/06/19,0,0,0,0
2015/06/22,0,309000,-2000,307000
2015/06/23,0,17000,-55000,-38000
2015/06/24,0,0,-50000,-50000
2015/06/25,0,4000,-15000,-11000
2015/06/26,0,8000,-169000,-161000
2015/06/29,0,22000,-13000,9000
2015/06/30,0,5000,-4000,1000
2015/07/01,0,0,-70000,-70000
2015/07/02,0,5000,0,5000
2015/07/03,0,20000,-17000,3000
2015/07/06,0,0,-27000,-27000
2015/07/07,0,18000,-30000,-12000
2015/07/08,0,146000,-23000,123000
2015/07/09,0,195000,-72000,123000
2015/07/10,0,0,0,0
2015/07/13,0,560000,-516000,44000
2015/07/14,0,326000,-444000,-118000
2015/07/15,0,978000,-1087000,-109000
2015/07/16,0,437000,-449000,-12000
2015/07/17,0,140000,-145000,-5000
2015/07/20,0,715000,-285000,430000
2015/07/21,0,613000,-1000,612000
2015/07/22,0,1006000,-1000,1005000
2015/07/23,0,3130000,-101000,3029000
2015/07/24,0,20000,-885000,-865000
2015/07/27,0,202000,-18000,184000
2015/07/28,0,1092000,-1975000,-883000
2015/07/29,0,29000,-147000,-118000
2015/07/30,0,44000,-94000,-50000
2015/07/31,0,1000,-602000,-601000
2015/08/03,0,1000,-989000,-988000
2015/08/04,0,1938000,-688000,1250000
2015/08/05,0,779000,-16000,763000
2015/08/06,0,313000,-22000,291000
2015/08/07,0,51000,-55000,-4000
2015/08/10,0,5000,-133000,-128000
2015/08/11,0,0,-657000,-657000
2015/08/12,0,403000,-52000,351000
2015/08/13,0,595000,-16000,579000
2015/08/14,0,289000,-156000,133000
2015/08/17,0,93000,-107000,-14000
2015/08/18,0,28000,-861000,-833000
2015/08/19,0,1658000,-1055000,603000
2015/08/20,0,149000,-96000,53000
2015/08/21,0,40000,-224000,-184000
2015/08/24,0,382000,-294000,88000
2015/08/25,0,30000,-93000,-63000
2015/08/26,0,36000,-64000,-28000
2015/08/27,0,550000,-192000,358000
2015/08/28,0,324000,-629000,-305000
2015/08/31,0,0,-923000,-923000
2015/09/01,0,0,-626067,-626067
2015/09/02,0,133000,-81000,52000
2015/09/03,0,0,-129000,-129000
2015/09/04,0,0,-493000,-493000
2015/09/07,0,0,-1000,-1000
2015/09/08,0,0,-17000,-17000
2015/09/09,0,88000,-14000,74000
2015/09/10,0,43000,-88000,-45000
2015/09/11,0,0,0,0
2015/09/14,0,0,-50000,-50000
2015/09/15,0,7000,0,7000
2015/09/16,0,351000,0,351000
2015/09/17,0,542000,-3000,539000
2015/09/18,0,505000,-663000,-158000
2015/09/21,0,60000,-266000,-206000
2015/09/22,0,47000,0,47000
2015/09/23,0,78000,-2000,76000
2015/09/24,0,31000,-48000,-17000
2015/09/25,0,269000,-100000,169000
2015/09/28,0,0,0,0
2015/09/29,0,0,0,0
2015/09/30,0,397000,-100000,297000
2015/10/01,0,256000,-161000,95000
2015/10/02,0,103000,-3000,100000
2015/10/05,0,70000,-142000,-72000
2015/10/06,0,0,-266000,-266000
2015/10/07,0,30000,-51000,-21000
2015/10/08,0,25000,0,25000
2015/10/09,0,0,0,0
2015/10/12,0,3474000,-9000,3465000
2015/10/13,0,310000,-654000,-344000
2015/10/14,0,0,-498000,-498000
2015/10/15,0,240000,-965000,-725000
2015/10/16,0,177000,-518000,-341000
2015/10/19,0,0,-317000,-317000
2015/10/20,0,0,-252000,-252000
2015/10/21,0,100000,-160000,-60000
2015/10/22,0,0,-28000,-28000
2015/10/23,0,61000,-160000,-99000
2015/10/26,0,0,-68000,-68000
2015/10/27,0,246000,0,246000
2015/10/28,0,12000,0,12000
2015/10/29,0,266000,-427000,-161000
2015/10/30,0,66000,-354000,-288000
2015/11/02,0,459000,-148000,311000
2015/11/03,0,946000,-334000,612000
2015/11/04,0,743000,-655000,88000
2015/11/05,0,0,-50000,-50000
2015/11/06,0,270000,-217000,53000
2015/11/09,0,177000,-374000,-197000
2015/11/10,0,55000,-99000,-44000
2015/11/11,0,69000,-237000,-168000
2015/11/12,0,0,-25000,-25000
2015/11/13,0,25000,-51000,-26000
2015/11/16,0,118000,-352000,-234000
2015/11/17,0,178000,-4000,174000
2015/11/18,0,0,-335000,-335000
2015/11/19,0,77000,-102000,-25000
2015/11/20,0,101000,-90000,11000
2015/11/23,0,0,-147000,-147000
2015/11/24,0,0,-3000,-3000
2015/11/25,0,0,-200000,-200000
2015/11/26,0,634000,-343000,291000
2015/11/27,0,153000,-133000,20000
2015/11/30,0,45000,-59000,-14000
2015/12/01,0,45000,-211000,-166000
2015/12/02,0,14000,-161000,-147000
2015/12/03,0,83000,0,83000
2015/12/04,0,66000,-64000,2000
2015/12/07,0,23000,0,23000
2015/12/08,0,0,0,0
2015/12/09,0,0,0,0
2015/12/10,0,10000,-246000,-236000
2015/12/11,0,170000,0,170000
2015/12/14,0,20000,0,20000
2015/12/15,0,16000,-310000,-294000
2015/12/16,0,0,-175000,-175000
2015/12/17,0,330000,-28000,302000
2015/12/18,0,118000,0,118000
2015/12/21,0,205000,0,205000
2015/12/22,0,40000,-360000,-320000
2015/12/23,0,100000,-82000,18000
2015/12/24,0,752000,-282000,470000
2015/12/25,0,657000,-239000,418000
2015/12/28,0,30000,-76000,-46000
2015/12/29,0,60000,-142000,-82000
2015/12/30,0,0,-330000,-330000
2015/12/31,0,14000,-34000,-20000
2016/01/01,0,0,0,0
2016/01/04,0,15000,-501000,-486000
2016/01/05,0,622000,-262000,360000
2016/01/06,0,130000,-150000,-20000
2016/01/07,0,449000,-187000,262000
2016/01/08,0,13000,-163000,-150000
2016/01/11,0,167000,-302000,-135000
2016/01/12,0,10000,-591000,-581000
2016/01/13,0,0,-1000,-1000
2016/01/14,0,173000,-37000,136000
2016/01/15,0,140000,-471000,-331000
2016/01/18,0,199000,-10000,189000
2016/01/19,0,432000,-15000,417000
2016/01/20,0,55000,-184000,-129000
2016/01/21,0,586000,-212000,374000
2016/01/22,0,170000,-255000,-85000
2016/01/25,0,664000,-9000,655000
2016/01/26,0,150000,-17000,133000
2016/01/27,0,354000,0,354000
2016/01/28,0,565000,0,565000
2016/01/29,0,438000,-158000,280000
2016/02/01,0,430000,-179000,251000
2016/02/02,0,765000,0,765000
2016/02/03,0,248000,-397000,-149000
2016/02/04,0,0,0,0
2016/02/05,0,0,0,0
2016/02/08,0,0,0,0
2016/02/09,0,0,0,0
2016/02/10,0,0,0,0
2016/02/11,0,0,0,0
2016/02/12,0,0,0,0
2016/02/15,0,1004000,-89000,915000
2016/02/16,0,2989000,-20000,2969000
2016/02/17,0,304000,-1780000,-1476000
2016/02/18,0,258000,-238000,20000
2016/02/19,0,15000,-229000,-214000
2016/02/22,0,1303000,-235000,1068000
2016/02/23,0,5937000,-836000,5101000
2016/02/24,0,3485000,-5242000,-1757000
2016/02/25,0,80000,-471000,-391000
2016/02/26,0,877000,-805000,72000
2016/02/29,0,0,0,0
2016/03/01,0,97000,-1021000,-924000
2016/03/02,0,75000,-1042000,-967000
2016/03/03,0,1931000,-1875000,56000
2016/03/04,0,494000,-1240000,-746000
2016/03/07,0,1420000,-547000,873000
2016/03/08,0,411000,-1056000,-645000
2016/03/09,0,363000,-507000,-144000
2016/03/10,0,285000,-795000,-510000
2016/03/11,0,826000,-168191,657809
2016/03/14,0,130000,-2380000,-2250000
2016/03/15,0,31000,-804000,-773000
2016/03/16,0,267000,-381000,-114000
2016/03/17,0,529000,-360000,169000
2016/03/18,0,591000,-221000,370000
2016/03/21,0,321000,-544000,-223000
2016/03/22,0,41000,-894000,-853000
2016/03/23,0,238000,-862000,-624000
2016/03/24,0,46000,-119000,-73000
2016/03/25,0,22000,-164000,-142000
2016/03/28,0,143000,-525000,-382000
2016/03/29,0,25000,-718000,-693000
2016/03/30,0,60000,-287000,-227000
2016/03/31,0,24000,-63595,-39595
2016/04/01,0,48000,-252000,-204000
2016/04/04,0,0,0,0
2016/04/05,0,0,0,0
2016/04/06,0,143000,-1733000,-1590000
2016/04/07,0,94000,-1465000,-1371000
2016/04/08,0,797000,-130000,667000
2016/04/11,0,460000,-331000,129000
2016/04/12,0,2157000,-706000,1451000
2016/04/13,0,1748000,-1079000,669000
2016/04/14,0,1252000,-820000,432000
2016/04/15,0,144000,-790000,-646000
2016/04/18,0,397000,-171000,226000
2016/04/19,0,1006000,-164000,842000
2016/04/20,0,926000,-445000,481000
2016/04/21,0,3053000,-258000,2795000
2016/04/22,0,144000,-900000,-756000
2016/04/25,0,717000,-258000,459000
2016/04/26,0,3938000,-567000,3371000
2016/04/27,0,277000,-2638000,-2361000
2016/04/28,0,195000,-501000,-306000
2016/04/29,0,581000,-1026090,-445090
2016/05/02,0,0,0,0
2016/05/03,0,147000,-966000,-819000
2016/05/04,0,917000,-3254000,-2337000
2016/05/05,0,2570000,-1682000,888000
2016/05/06,0,831000,-561000,270000
2016/05/09,0,139000,-489000,-350000
2016/05/10,0,241000,-995000,-754000
2016/05/11,0,291000,-262000,29000
2016/05/12,0,119000,-393000,-274000
2016/05/13,0,17000,-670000,-653000
2016/05/16,0,160000,-258000,-98000
2016/05/17,0,290000,-832000,-542000
2016/05/18,0,410000,-492000,-82000
2016/05/19,0,44000,-1506000,-1462000
2016/05/20,0,476000,-602000,-126000
2016/05/23,0,1285000,-51000,1234000
2016/05/24,0,299000,-231000,68000
2016/05/25,0,421000,-200000,221000
2016/05/26,0,552000,-103000,449000
2016/05/27,0,336000,-385000,-49000
2016/05/30,0,168000,-619000,-451000
2016/05/31,0,340000,-33000,307000
2016/06/01,0,1959000,-30000,1929000
2016/06/02,0,89000,-611000,-522000
2016/06/03,0,67000,-518000,-451000
2016/06/06,0,122000,-773000,-651000
2016/06/07,0,43000,-300000,-257000
2016/06/08,0,284000,-247000,37000
2016/06/09,0,0,0,0
2016/06/10,0,0,0,0
2016/06/13,0,87000,-691000,-604000
2016/06/14,0,703000,-92000,611000
2016/06/15,0,109000,-171000,-62000
2016/06/16,0,43000,-430000,-387000
2016/06/17,0,18000,-365000,-347000
2016/06/20,0,332000,-123000,209000
2016/06/21,0,300000,-21000,279000
2016/06/22,0,41000,-237000,-196000
2016/06/23,0,444000,-19000,425000
2016/06/24,0,174000,-1039000,-865000
2016/06/27,0,312000,-135000,177000
2016/06/28,0,398000,-46000,352000
2016/06/29,0,498000,-96000,402000
2016/06/30,0,117000,-191000,-74000
2016/07/01,0,415000,-193000,222000
2016/07/04,0,2119000,-118000,2001000
2016/07/05,0,363000,-675000,-312000
2016/07/06,0,119000,-1267000,-1148000
2016/07/07,0,10000,-195000,-185000
2016/07/08,0,0,0,0
2016/07/11,0,147000,-56000,91000
2016/07/12,0,590000,-202000,388000
2016/07/13,0,6367000,-383000,5984000
2016/07/14,0,5112000,-3115000,1997000
2016/07/15,0,1246000,-3469000,-2223000
2016/07/18,0,465000,-1605000,-1140000
2016/07/19,0,878000,-1139000,-261000
2016/07/20,0,615000,-703000,-88000
2016/07/21,0,1821000,-820000,1001000
2016/07/22,0,1148000,-780000,368000
2016/07/25,0,8483000,-266000,8217000
2016/07/26,0,234000,-8079000,-7845000
2016/07/27,0,127000,-2065000,-1938000
2016/07/28,0,466000,-472000,-6000
2016/07/29,0,301000,-434000,-133000
2016/08/01,0,282000,-390000,-108000
2016/08/02,0,1324000,-228000,1096000
2016/08/03,0,350000,-846000,-496000
2016/08/04,0,129000,-435000,-306000
2016/08/05,0,115000,-939000,-824000
2016/08/08,0,262000,-293000,-31000
2016/08/09,0,2709000,-149000,2560000
2016/08/10,0,264000,-1744000,-1480000
2016/08/11,0,554000,-2401000,-1847000
2016/08/12,0,203000,-554000,-351000
2016/08/15,0,144000,-543000,-399000
2016/08/16,0,72000,-274000,-202000
2016/08/17,0,332000,-662000,-330000
2016/08/18,0,2929000,-125000,2804000
2016/08/19,0,348000,-992000,-644000
2016/08/22,0,225000,-663000,-438000
2016/08/23,0,1093000,-177000,916000
2016/08/24,0,0,-389000,-389000
2016/08/25,0,280000,-4276000,-3996000
2016/08/26,0,911000,-371000,540000
2016/08/29,0,69000,-471000,-402000
2016/08/30,0,1737000,-853000,884000
2016/08/31,0,172000,-1542000,-1370000
2016/09/01,0,370000,-561000,-191000
2016/09/02,0,256000,-531000,-275000
2016/09/05,0,106000,-205000,-99000
2016/09/06,0,886000,-428000,458000
2016/09/07,0,208000,-608000,-400000
2016/09/08,0,129000,-530000,-401000
2016/09/09,0,101000,-242000,-141000
2016/09/12,0,60000,-300000,-240000
2016/09/13,0,120000,-119000,1000
2016/09/14,0,107000,-657000,-550000
2016/09/15,0,0,0,0
2016/09/16,0,0,0,0
2016/09/19,0,164000,-186000,-22000
2016/09/20,0,360000,-144000,216000
2016/09/21,0,89000,-797000,-708000
2016/09/22,0,42000,-266000,-224000
2016/09/23,0,99000,-381000,-282000
2016/09/26,0,238000,-163000,75000
2016/09/27,0,0,0,0
2016/09/28,0,0,0,0
2016/09/29,0,330000,-1470000,-1140000
2016/09/30,0,404000,-415000,-11000
2016/10/03,0,232000,-44000,188000
2016/10/04,0,48000,-277000,-229000
2016/10/05,0,126000,-60000,66000
2016/10/06,0,225000,-221000,4000
2016/10/07,0,29000,-56000,-27000
2016/10/10,0,0,0,0
2016/10/11,0,68000,-148000,-80000
2016/10/12,0,134000,-37000,97000
2016/10/13,0,140000,-212000,-72000
2016/10/14,0,142000,-188000,-46000
2016/10/17,0,120000,-223000,-103000
2016/10/18,0,56000,-171000,-115000
2016/10/19,0,442000,-154000,288000
2016/10/20,0,821000,-159000,662000
2016/10/21,0,122000,-518000,-396000
2016/10/24,0,322000,-128000,194000
2016/10/25,0,4952000,-497000,4455000
2016/10/26,0,1731000,-2866000,-1135000
2016/10/27,0,902000,-1139000,-237000
2016/10/28,0,98000,-1299000,-1201000
2016/10/31,0,1126000,-351000,775000
2016/11/01,0,232000,-702000,-470000
2016/11/02,0,936000,-849000,87000
2016/11/03,0,399000,-328000,71000
2016/11/04,0,101000,-157000,-56000
2016/11/07,0,4707000,-304000,4403000
2016/11/08,0,10556000,-2006000,8550000
2016/11/09,0,2398000,-6327000,-3929000
2016/11/10,0,10945000,-2397000,8548000
2016/11/11,0,1603000,-4011000,-2408000
2016/11/14,0,303000,-2295000,-1992000
2016/11/15,0,2765000,-701000,2064000
2016/11/16,0,1396000,-1964000,-568000
2016/11/17,0,172000,-3221000,-3049000
2016/11/18,0,718000,-747000,-29000
2016/11/21,0,2553000,-950000,1603000
2016/11/22,0,873000,-1961000,-1088000
2016/11/23,0,1586000,-2153000,-567000
2016/11/24,0,146000,-377000,-231000
2016/11/25,0,4625000,-3948000,677000
2016/11/28,0,4265000,-4342996,-77996
2016/11/29,0,906000,-2403000,-1497000
2016/11/30,0,556000,-861000,-305000
2016/12/01,0,1498000,-2813000,-1315000
2016/12/02,0,307000,-645000,-338000
2016/12/05,0,793000,-925000,-132000
2016/12/06,0,1340000,-269000,1071000
2016/12/07,0,756000,-1834000,-1078000
2016/12/08,0,3686000,-850000,2836000
2016/12/09,0,496000,-1731000,-1235000
2016/12/12,0,119000,-2134000,-2015000
2016/12/13,0,890000,-678000,212000
2016/12/14,0,186000,-952000,-766000
2016/12/15,0,597000,-350000,247000
2016/12/16,0,382000,-2986000,-2604000
2016/12/19,0,386000,-2166000,-1780000
2016/12/20,0,1163000,-2555000,-1392000
2016/12/21,0,1187000,-122000,1065000
2016/12/22,0,712000,-533000,179000
2016/12/23,0,234000,-757000,-523000
2016/12/26,0,188000,-422000,-234000
2016/12/27,0,223000,-225000,-2000
2016/12/28,0,1466000,-200000,1266000
2016/12/29,0,490000,-123000,367000
2016/12/30,0,549000,-766000,-217000
2017/01/02,0,0,0,0
2017/01/03,0,164000,-262000,-98000
2017/01/04,0,528000,-735000,-207000
2017/01/05,0,2067000,-155000,1912000
2017/01/06,0,508000,-1328000,-820000
2017/01/09,0,335000,-777000,-442000
2017/01/10,0,105000,-335000,-230000
2017/01/11,0,789000,-397000,392000
2017/01/12,0,1221000,-1485000,-264000
2017/01/13,0,325000,-495000,-170000
2017/01/16,0,207000,-162000,45000
2017/01/17,0,2921000,-1836000,1085000
2017/01/18,0,941000,-3054000,-2113000
2017/01/19,0,680000,-1049000,-369000
2017/01/20,0,423000,-344000,79000
2017/01/23,0,1229000,-372000,857000
2017/01/24,0,474000,-914000,-440000
2017/01/25,0,0,0,0
2017/01/26,0,0,0,0
2017/01/27,0,0,0,0
2017/01/30,0,0,0,0
2017/01/31,0,0,0,0
2017/02/01,0,0,0,0
2017/02/02,0,722000,-1413000,-691000
2017/02/03,0,686000,-1101000,-415000
2017/02/06,0,606000,-87000,519000
2017/02/07,0,98000,-204000,-106000
2017/02/08,0,793000,-1128000,-335000
2017/02/09,0,1008000,-1008000,0
2017/02/10,0,1131000,-1452000,-321000
2017/02/13,0,381000,-991910,-610910
2017/02/14,0,795000,-880000,-85000
2017/02/15,0,9719000,-508000,9211000
2017/02/16,0,781000,-5474000,-4693000
2017/02/17,0,329000,-1050000,-721000
2017/02/20,0,478000,-1045000,-567000
2017/02/21,0,124000,-566000,-442000
2017/02/22,0,128000,-38000,90000
2017/02/23,0,233000,-274000,-41000
2017/02/24,0,219000,-235000,-16000
2017/02/27,0,0,0,0
2017/02/28,0,0,0,0
2017/03/01,0,264000,-384000,-120000
2017/03/02,0,320000,-690000,-370000
2017/03/03,0,357000,-379000,-22000
2017/03/06,0,1532000,-46000,1486000
2017/03/07,0,190000,-1018000,-828000
2017/03/08,0,1410000,-420000,990000
2017/03/09,0,866000,-2202000,-1336000
2017/03/10,0,565000,-611000,-46000
2017/03/13,0,159000,-231000,-72000
2017/03/14,0,271000,-817000,-546000
2017/03/15,0,303000,-1091000,-788000
2017/03/16,0,709000,-364000,345000
2017/03/17,0,169000,-188000,-19000
2017/03/20,0,0,-159000,-159000
2017/03/21,0,95000,-161000,-66000
2017/03/22,0,69000,-100000,-31000
2017/03/23,0,90000,-45000,45000
2017/03/24,0,109000,-153000,-44000
2017/03/27,0,140000,-347000,-207000
2017/03/28,0,715000,-1706000,-991000
2017/03/29,0,597000,-502000,95000
2017/03/30,0,189000,-136000,53000
2017/03/31,0,154000,-120000,34000
2017/04/03,0,0,0,0
2017/04/04,0,0,0,0
2017/04/05,0,5737000,-364000,5373000
2017/04/06,0,232000,-1510000,-1278000
2017/04/07,0,305000,-1323000,-1018000
2017/04/10,0,708000,-426000,282000
2017/04/11,0,102000,-405000,-303000
2017/04/12,0,84000,-644000,-560000
2017/04/13,0,153000,-703000,-550000
2017/04/14,0,58000,-477000,-419000
2017/04/17,0,100000,-504000,-404000
2017/04/18,0,77000,-266000,-189000
2017/04/19,0,483000,-2441000,-1958000
2017/04/20,0,481000,-656000,-175000
2017/04/21,0,272000,-457000,-185000
2017/04/24,0,51000,-65000,-14000
2017/04/25,0,491000,-222000,269000
2017/04/26,0,195000,-566000,-371000
2017/04/27,0,480000,-231000,249000
2017/04/28,0,412000,-287000,125000
2017/05/01,0,0,0,0
2017/05/02,0,101000,-158000,-57000
2017/05/03,0,56000,-129000,-73000
2017/05/04,0,188000,-93000,95000
2017/05/05,0,316000,-164000,152000
2017/05/08,0,410000,-137000,273000
2017/05/09,0,389000,-251922,137078
2017/05/10,0,115000,-65000,50000
2017/05/11,0,98000,-205000,-107000
2017/05/12,0,60000,-9000,51000
2017/05/15,0,577000,-194000,383000
2017/05/16,0,253000,-951000,-698000
2017/05/17,0,585000,-153000,432000
2017/05/18,0,257000,-116000,141000
2017/05/19,0,470000,-214000,256000
2017/05/22,0,152000,-82000,70000
2017/05/23,0,32000,-111000,-79000
2017/05/24,0,43000,-122000,-79000
2017/05/25,0,10000,-492000,-482000
2017/05/26,0,102000,-273000,-171000
2017/05/29,0,0,0,0
2017/05/30,0,0,0,0
2017/05/31,0,23000,-176000,-153000
2017/06/01,0,132000,-156000,-24000
2017/06/02,0,43000,-58000,-15000
2017/06/05,0,18000,-21000,-3000
2017/06/06,0,21000,-3411,17589
2017/06/07,0,55000,-101000,-46000
2017/06/08,0,0,-84000,-84000
2017/06/09,0,78000,-12000,66000
2017/06/12,0,124000,-38000,86000
2017/06/13,0,3000,-230000,-227000
2017/06/14,0,40000,-61000,-21000
2017/06/15,0,57000,-431000,-374000
2017/06/16,0,253000,-161000,92000
2017/06/19,0,146000,-98000,48000
2017/06/20,0,121000,-500000,-379000
2017/06/21,0,1539000,-178000,1361000
2017/06/22,0,130000,-341000,-211000
2017/06/23,0,104000,-55000,49000
2017/06/26,0,700000,-174000,526000
2017/06/27,0,735000,-264000,471000
2017/06/28,0,1410000,-271000,1139000
2017/06/29,0,564000,-1109000,-545000
2017/06/30,0,423000,-441000,-18000
2017/07/03,0,499000,-312000,187000
2017/07/04,0,2973000,-361000,2612000
2017/07/05,0,1325000,-714000,611000
2017/07/06,0,2418000,-594000,1824000
2017/07/07,0,105000,-239000,-134000
2017/07/10,0,73000,-515000,-442000
2017/07/11,0,537000,-606000,-69000
2017/07/12,0,858000,-1021000,-163000
2017/07/13,0,481000,-351000,130000
2017/07/14,0,310000,-1040000,-730000
2017/07/17,0,770000,-843000,-73000
2017/07/18,0,179000,-92000,87000
2017/07/19,0,143000,-338000,-195000
2017/07/20,0,2223000,-71000,2152000
2017/07/21,0,1027000,-469000,558000
2017/07/24,0,2315000,-418000,1897000
2017/07/25,0,4887000,-148000,4739000
2017/07/26,0,66000,-6477000,-6411000
2017/07/27,0,46000,-910000,-864000
2017/07/28,0,0,-1074000,-1074000
2017/07/31,0,18000,-173000,-155000
2017/08/01,0,1194000,-693000,501000
2017/08/02,0,825000,-1559000,-734000
2017/08/03,0,272000,-832000,-560000
2017/08/04,0,80000,-798000,-718000
2017/08/07,0,2000,-480000,-478000
2017/08/08,0,159000,-380000,-221000
2017/08/09,0,415000,-775000,-360000
2017/08/10,0,52000,-434000,-382000
2017/08/11,0,158000,-528000,-370000
2017/08/14,0,98000,-956000,-858000
2017/08/15,0,227000,-158000,69000
2017/08/16,0,71000,-188000,-117000
2017/08/17,0,323000,-56000,267000
2017/08/18,0,184000,-45000,139000
