Date,Open,Buy,Sell,Total
2007/01/02,0,140000,-693000,-553000
2007/01/03,0,610000,-179290,430710
2007/01/04,0,566000,-1135000,-569000
2007/01/05,0,138000,-800000,-662000
2007/01/08,0,153000,-502500,-349500
2007/01/09,0,151000,0,151000
2007/01/10,0,30000,-213000,-183000
2007/01/11,0,7000,-500000,-493000
2007/01/12,0,424000,-1595000,-1171000
2007/01/15,0,0,-140000,-140000
2007/01/16,0,169000,-120000,49000
2007/01/17,0,51000,0,51000
2007/01/18,0,55000,-400000,-345000
2007/01/19,0,0,-1588000,-1588000
2007/01/22,0,148000,-1227000,-1079000
2007/01/23,0,43000,-440000,-397000
2007/01/24,0,72000,-414000,-342000
2007/01/25,0,1040000,-300000,740000
2007/01/26,0,0,-588000,-588000
2007/01/29,0,1095000,-5000,1090000
2007/01/30,0,1969000,0,1969000
2007/01/31,0,1500000,0,1500000
2007/02/01,0,1121000,0,1121000
2007/02/02,0,1265000,0,1265000
2007/02/05,0,1877000,0,1877000
2007/02/06,0,696000,-2000,694000
2007/02/07,0,700000,-785000,-85000
2007/02/08,0,97000,0,97000
2007/02/09,0,650000,-401000,249000
2007/02/12,0,230000,-173000,57000
2007/02/13,0,900000,-133000,767000
2007/02/14,0,0,-64000,-64000
2007/02/15,0,0,0,0
2007/02/16,0,0,0,0
2007/02/19,0,0,0,0
2007/02/20,0,0,0,0
2007/02/21,0,0,0,0
2007/02/22,0,0,0,0
2007/02/23,0,0,0,0
2007/02/26,0,0,0,0
2007/02/27,0,1985000,-67000,1918000
2007/02/28,0,0,0,0
2007/03/01,0,859000,-346000,513000
2007/03/02,0,804000,0,804000
2007/03/05,0,284000,-148000,136000
2007/03/06,0,480000,-2097600,-1617600
2007/03/07,0,585000,-9000,576000
2007/03/08,0,0,-338000,-338000
2007/03/09,0,0,-1055000,-1055000
2007/03/12,0,936000,-208655,727345
2007/03/13,0,111000,0,111000
2007/03/14,0,0,-122000,-122000
2007/03/15,0,379000,-1224000,-845000
2007/03/16,0,204000,-483000,-279000
2007/03/19,0,160000,-163000,-3000
2007/03/20,0,80000,-1110000,-1030000
2007/03/21,0,50000,-848000,-798000
2007/03/22,0,10000,-234000,-224000
2007/03/23,0,0,-70000,-70000
2007/03/26,0,163000,-908000,-745000
2007/03/27,0,162000,-735000,-573000
2007/03/28,0,61000,-163000,-102000
2007/03/29,0,218000,-612000,-394000
2007/03/30,0,819000,-803000,16000
2007/04/02,0,1000000,-15000,985000
2007/04/03,0,119000,-293000,-174000
2007/04/04,0,250000,-140000,110000
2007/04/05,0,0,0,0
2007/04/06,0,0,0,0
2007/04/09,0,336000,-138000,198000
2007/04/10,0,659000,-19000,640000
2007/04/11,0,278000,-294000,-16000
2007/04/12,0,0,-811093,-811093
2007/04/13,0,50000,-995000,-945000
2007/04/16,0,80000,-50000,30000
2007/04/17,0,375000,-305000,70000
2007/04/18,0,80000,-250000,-170000
2007/04/19,0,182000,-615000,-433000
2007/04/20,0,0,-2484000,-2484000
2007/04/23,0,124000,0,124000
2007/04/24,0,476000,-121000,355000
2007/04/25,0,528000,-725000,-197000
2007/04/26,0,80000,-723000,-643000
2007/04/27,0,0,-2540000,-2540000
2007/04/30,0,0,-477000,-477000
2007/05/01,0,0,0,0
2007/05/02,0,130000,-670000,-540000
2007/05/03,0,20000,-360000,-340000
2007/05/04,0,332000,-500000,-168000
2007/05/07,0,351000,-218685,132315
2007/05/08,0,318000,-65000,253000
2007/05/09,0,0,-66000,-66000
2007/05/10,0,555000,-33000,522000
2007/05/11,0,100000,-2000,98000
2007/05/14,0,59000,-480000,-421000
2007/05/15,0,147000,-3000,144000
2007/05/16,0,0,-14000,-14000
2007/05/17,0,0,-175000,-175000
2007/05/18,0,45000,-250000,-205000
2007/05/21,0,370000,0,370000
2007/05/22,0,282000,0,282000
2007/05/23,0,500000,-497000,3000
2007/05/24,0,3810000,-100000,3710000
2007/05/25,0,59000,0,59000
2007/05/28,0,3729000,-15000,3714000
2007/05/29,0,260000,-494000,-234000
2007/05/30,0,213000,-1571000,-1358000
2007/05/31,0,0,-920000,-920000
2007/06/01,0,200000,-2484000,-2284000
2007/06/04,0,13000,-30000,-17000
2007/06/05,0,0,-503000,-503000
2007/06/06,0,9000,-185600,-176600
2007/06/07,0,0,-120000,-120000
2007/06/08,0,110000,-4000000,-3890000
2007/06/11,0,0,-153000,-153000
2007/06/12,0,20000,-1796000,-1776000
2007/06/13,0,0,-1596000,-1596000
2007/06/14,0,0,-1530000,-1530000
2007/06/15,0,256000,-1326421,-1070421
2007/06/18,0,0,0,0
2007/06/19,0,0,0,0
2007/06/20,0,0,-3012000,-3012000
2007/06/21,0,190000,-21000,169000
2007/06/22,0,408000,0,408000
2007/06/25,0,70000,-1358000,-1288000
2007/06/26,0,871000,-368000,503000
2007/06/27,0,0,-80000,-80000
2007/06/28,0,270000,0,270000
2007/06/29,0,794000,0,794000
2007/07/02,0,267000,0,267000
2007/07/03,0,3559000,-800000,2759000
2007/07/04,0,1506000,-44000,1462000
2007/07/05,0,741000,-264000,477000
2007/07/06,0,664000,-557000,107000
2007/07/09,0,0,-559000,-559000
2007/07/10,0,0,-5000,-5000
2007/07/11,0,950000,0,950000
2007/07/12,0,1000000,-1523000,-523000
2007/07/13,0,239000,0,239000
2007/07/16,0,5510000,0,5510000
2007/07/17,0,2252000,-16000,2236000
2007/07/18,0,1985000,-156000,1829000
2007/07/19,0,1692000,0,1692000
2007/07/20,0,290000,0,290000
2007/07/23,0,1000,-50000,-49000
2007/07/24,0,3634000,-300000,3334000
2007/07/25,0,1456000,0,1456000
2007/07/26,0,48000,-687000,-639000
2007/07/27,0,2008000,-157000,1851000
2007/07/30,0,2000,-1451000,-1449000
2007/07/31,0,2086000,-10000,2076000
2007/08/01,0,1231000,-859000,372000
2007/08/02,0,567000,-229000,338000
2007/08/03,0,1575000,-116000,1459000
2007/08/06,0,1516000,0,1516000
2007/08/07,0,590000,-404000,186000
2007/08/08,0,117000,-232000,-115000
2007/08/09,0,510000,-314000,196000
2007/08/10,0,988000,-275000,713000
2007/08/13,0,0,-44000,-44000
2007/08/14,0,18000,-316000,-298000
2007/08/15,0,28000,0,28000
2007/08/16,0,150000,-200000,-50000
2007/08/17,0,2555000,-432000,2123000
2007/08/20,0,546000,-510000,36000
2007/08/21,0,0,-4927000,-4927000
2007/08/22,0,100000,-7000,93000
2007/08/23,0,0,-750000,-750000
2007/08/24,0,0,-18000,-18000
2007/08/27,0,6000,-1033000,-1027000
2007/08/28,0,854000,-16000,838000
2007/08/29,0,407000,-300000,107000
2007/08/30,0,3232000,0,3232000
2007/08/31,0,450000,-199000,251000
2007/09/03,0,592000,-116000,476000
2007/09/04,0,1052000,-492000,560000
2007/09/05,0,0,0,0
2007/09/06,0,0,-656000,-656000
2007/09/07,0,292000,-1058000,-766000
2007/09/10,0,0,-8000,-8000
2007/09/11,0,0,-100000,-100000
2007/09/12,0,19000,-60000,-41000
2007/09/13,0,705000,-290000,415000
2007/09/14,0,250000,-1100000,-850000
2007/09/17,0,0,0,0
2007/09/18,0,0,0,0
2007/09/19,0,142000,-634000,-492000
2007/09/20,0,641000,0,641000
2007/09/21,0,7426000,-202000,7224000
2007/09/24,0,0,0,0
2007/09/25,0,0,0,0
2007/09/26,0,11392000,-37000,11355000
2007/09/27,0,843000,0,843000
2007/09/28,0,232000,-350600,-118600
2007/10/01,0,1969000,-36000,1933000
2007/10/02,0,1227000,-804000,423000
2007/10/03,0,4596000,-5000,4591000
2007/10/04,0,921000,-201000,720000
2007/10/05,0,405000,-49000,356000
2007/10/08,0,815000,-82000,733000
2007/10/09,0,1294000,-24000,1270000
2007/10/10,0,0,0,0
2007/10/11,0,115000,-450000,-335000
2007/10/12,0,201000,0,201000
2007/10/15,0,91000,-2147000,-2056000
2007/10/16,0,307000,-2550300,-2243300
2007/10/17,0,1623000,-1195000,428000
2007/10/18,0,540000,-4933000,-4393000
2007/10/19,0,0,-4573000,-4573000
2007/10/22,0,576000,0,576000
2007/10/23,0,668000,-5518000,-4850000
2007/10/24,0,520000,-200000,320000
2007/10/25,0,2050000,0,2050000
2007/10/26,0,1038000,-5000,1033000
2007/10/29,0,1407000,-818750,588250
2007/10/30,0,1391000,-2520000,-1129000
2007/10/31,0,1181000,-4610555,-3429555
2007/11/01,0,5129000,-2245730,2883270
2007/11/02,0,675000,-60000,615000
2007/11/05,0,2486000,-20000,2466000
2007/11/06,0,85000,0,85000
2007/11/07,0,333000,-50000,283000
2007/11/08,0,1397000,0,1397000
2007/11/09,0,1665000,0,1665000
2007/11/12,0,1790000,0,1790000
2007/11/13,0,5651000,0,5651000
2007/11/14,0,2799000,-186000,2613000
2007/11/15,0,532000,-10000,522000
2007/11/16,0,1682000,-240000,1442000
2007/11/19,0,2009000,-57000,1952000
2007/11/20,0,1244000,-132000,1112000
2007/11/21,0,4354000,-266000,4088000
2007/11/22,0,808000,-163000,645000
2007/11/23,0,4763000,0,4763000
2007/11/26,0,3591000,-400000,3191000
2007/11/27,0,5970000,0,5970000
2007/11/28,0,862000,0,862000
2007/11/29,0,1028000,0,1028000
2007/11/30,0,357000,0,357000
2007/12/03,0,1255000,-20000,1235000
2007/12/04,0,229000,-10000,219000
2007/12/05,0,2000,-805000,-803000
2007/12/06,0,737000,-345000,392000
2007/12/07,0,1001000,-65520,935480
2007/12/10,0,4325000,-10000,4315000
2007/12/11,0,1002000,-143000,859000
2007/12/12,0,190000,0,190000
2007/12/13,0,905000,-365000,540000
2007/12/14,0,2367000,0,2367000
2007/12/17,0,2318000,-3000,2315000
2007/12/18,0,4961000,-1194000,3767000
2007/12/19,0,358000,-500000,-142000
2007/12/20,0,1203000,-514000,689000
2007/12/21,0,4542000,-300000,4242000
2007/12/24,0,1201000,-1263000,-62000
2007/12/25,0,0,-4091000,-4091000
2007/12/26,0,80000,-374000,-294000
2007/12/27,0,82000,-321000,-239000
2007/12/28,0,259000,-538000,-279000
2007/12/31,0,401000,-486000,-85000
2008/01/01,0,0,0,0
2008/01/02,0,2199000,-5020000,-2821000
2008/01/03,0,819000,-1142000,-323000
2008/01/04,0,5217000,-1776000,3441000
2008/01/07,0,9324000,0,9324000
2008/01/08,0,19719000,-120000,19599000
2008/01/09,0,18989000,-306000,18683000
2008/01/10,0,2773000,-69000,2704000
2008/01/11,0,9338000,-4346820,4991180
2008/01/14,0,315000,-284000,31000
2008/01/15,0,1862000,-461000,1401000
2008/01/16,0,2630000,-230000,2400000
2008/01/17,0,407000,-210000,197000
2008/01/18,0,5000,-1608000,-1603000
2008/01/21,0,415000,-1172351,-757351
2008/01/22,0,448000,-4279000,-3831000
2008/01/23,0,56000,-3699000,-3643000
2008/01/24,0,1373000,-375000,998000
2008/01/25,0,1159000,-464000,695000
2008/01/28,0,1431000,-3850000,-2419000
2008/01/29,0,990000,-105000,885000
2008/01/30,0,3144000,-50000,3094000
2008/01/31,0,6017000,-50000,5967000
2008/02/01,0,2530000,0,2530000
2008/02/04,0,0,0,0
2008/02/05,0,0,0,0
2008/02/06,0,0,0,0
2008/02/07,0,0,0,0
2008/02/08,0,0,0,0
2008/02/11,0,0,0,0
2008/02/12,0,2240000,-339000,1901000
2008/02/13,0,2131000,-351000,1780000
2008/02/14,0,2024000,-800000,1224000
2008/02/15,0,302000,-690000,-388000
2008/02/18,0,1729000,-10150000,-8421000
2008/02/19,0,1567000,-3659000,-2092000
2008/02/20,0,2070000,-4884000,-2814000
2008/02/21,0,135000,-4506000,-4371000
2008/02/22,0,1831000,-2778460,-947460
2008/02/25,0,140000,-1945000,-1805000
2008/02/26,0,3565000,-518000,3047000
2008/02/27,0,902000,-1166000,-264000
2008/02/28,0,0,0,0
2008/02/29,0,190000,-596000,-406000
2008/03/03,0,2000,-5908000,-5906000
2008/03/04,0,1043000,-2807000,-1764000
2008/03/05,0,3018000,-4289000,-1271000
2008/03/06,0,3160000,-328000,2832000
2008/03/07,0,3004000,-5311000,-2307000
2008/03/10,0,116000,-1259000,-1143000
2008/03/11,0,22000,-5986000,-5964000
2008/03/12,0,7266000,-2363000,4903000
2008/03/13,0,7000,-2904297,-2897297
2008/03/14,0,28000,-300000,-272000
2008/03/17,0,403000,-782000,-379000
2008/03/18,0,201000,-1058000,-857000
2008/03/19,0,424000,-6524000,-6100000
2008/03/20,0,3012000,-4467000,-1455000
2008/03/21,0,518000,-2600000,-2082000
2008/03/24,0,822000,-5860000,-5038000
2008/03/25,0,313000,-4773000,-4460000
2008/03/26,0,1317000,-1079000,238000
2008/03/27,0,1670000,-254000,1416000
2008/03/28,0,25000,-1766000,-1741000
2008/03/31,0,914000,-15000,899000
2008/04/01,0,9000,-50000,-41000
2008/04/02,0,10000,-308000,-298000
2008/04/03,0,5000,-900000,-895000
2008/04/04,0,0,0,0
2008/04/07,0,7000,-916000,-909000
2008/04/08,0,9000,-2322000,-2313000
2008/04/09,0,590000,-11219000,-10629000
2008/04/10,0,406000,-850000,-444000
2008/04/11,0,120000,-398000,-278000
2008/04/14,0,120000,-1006000,-886000
2008/04/15,0,293000,-1500000,-1207000
2008/04/16,0,250000,-1357000,-1107000
2008/04/17,0,204000,-6758000,-6554000
2008/04/18,0,1542000,-322000,1220000
2008/04/21,0,732000,-20000,712000
2008/04/22,0,54000,-391000,-337000
2008/04/23,0,164000,-2285000,-2121000
2008/04/24,0,71000,-200000,-129000
2008/04/25,0,8000,-3640000,-3632000
2008/04/28,0,2065000,0,2065000
2008/04/29,0,15000,-2165130,-2150130
2008/04/30,0,3727000,-1602000,2125000
2008/05/01,0,0,0,0
2008/05/02,0,800000,-840000,-40000
2008/05/05,0,171000,-2194000,-2023000
2008/05/06,0,110000,-1300000,-1190000
2008/05/07,0,99000,-826000,-727000
2008/05/08,0,358000,-817000,-459000
2008/05/09,0,475000,-2317000,-1842000
2008/05/12,0,34000,-12000,22000
2008/05/13,0,175000,-2170000,-1995000
2008/05/14,0,584000,-520000,64000
2008/05/15,0,2524000,-2608000,-84000
2008/05/16,0,230000,-439000,-209000
2008/05/19,0,4235000,-37000,4198000
2008/05/20,0,2179000,-3410000,-1231000
2008/05/21,0,395000,-624000,-229000
2008/05/22,0,51000,-2080000,-2029000
2008/05/23,0,614000,-259000,355000
2008/05/26,0,2399000,0,2399000
2008/05/27,0,7298000,-300000,6998000
2008/05/28,0,779000,0,779000
2008/05/29,0,392000,-1574000,-1182000
2008/05/30,0,1144000,-1047000,97000
2008/06/02,0,343000,-250000,93000
2008/06/03,0,916000,-1372000,-456000
2008/06/04,0,267000,-122020,144980
2008/06/05,0,523000,-60000,463000
2008/06/06,0,99000,-906000,-807000
2008/06/09,0,378000,0,378000
2008/06/10,0,103000,-100000,3000
2008/06/11,0,1396000,-57000,1339000
2008/06/12,0,144000,0,144000
2008/06/13,0,519000,-1112000,-593000
2008/06/16,0,1337000,0,1337000
2008/06/17,0,1334000,-47650,1286350
2008/06/18,0,734000,-125000,609000
2008/06/19,0,0,-55000,-55000
2008/06/20,0,224000,-10000,214000
2008/06/23,0,168000,-36000,132000
2008/06/24,0,92000,-240000,-148000
2008/06/25,0,276000,-838000,-562000
2008/06/26,0,1373000,-6000,1367000
2008/06/27,0,91000,-1561000,-1470000
2008/06/30,0,406000,0,406000
2008/07/01,0,1259000,-30000,1229000
2008/07/02,0,1932000,-235000,1697000
2008/07/03,0,1138000,-1311000,-173000
2008/07/04,0,1206000,-551000,655000
2008/07/07,0,333000,-43000,290000
2008/07/08,0,150000,0,150000
2008/07/09,0,1222000,-523000,699000
2008/07/10,0,730000,-192000,538000
2008/07/11,0,6159000,0,6159000
2008/07/14,0,1563000,0,1563000
2008/07/15,0,250000,0,250000
2008/07/16,0,5413000,-200000,5213000
2008/07/17,0,7677000,0,7677000
2008/07/18,0,344000,-820000,-476000
2008/07/21,0,1056000,-68000,988000
2008/07/22,0,221000,0,221000
2008/07/23,0,1073000,-589000,484000
2008/07/24,0,608000,-423000,185000
2008/07/25,0,3316000,-250000,3066000
2008/07/28,0,0,0,0
2008/07/29,0,130000,-31000,99000
2008/07/30,0,1096000,-832000,264000
2008/07/31,0,906000,-1327354,-421354
2008/08/01,0,2053000,-900000,1153000
2008/08/04,0,601000,-500000,101000
2008/08/05,0,1787000,-2320000,-533000
2008/08/06,0,118000,-5279796,-5161796
2008/08/07,0,0,-6440000,-6440000
2008/08/08,0,2906000,-3416000,-510000
2008/08/11,0,567000,-7892000,-7325000
2008/08/12,0,805000,-2466000,-1661000
2008/08/13,0,96000,-780000,-684000
2008/08/14,0,5772000,-195000,5577000
2008/08/15,0,250000,-184000,66000
2008/08/18,0,175000,-1324000,-1149000
2008/08/19,0,118000,-488000,-370000
2008/08/20,0,4355000,-429000,3926000
2008/08/21,0,4639000,-44000,4595000
2008/08/22,0,819000,0,819000
2008/08/25,0,2306000,-3141000,-835000
2008/08/26,0,6000,-835000,-829000
2008/08/27,0,850000,-550000,300000
2008/08/28,0,600000,-2211000,-1611000
2008/08/29,0,30000,-360000,-330000
2008/09/01,0,508000,-114000,394000
2008/09/02,0,536000,-4542000,-4006000
2008/09/03,0,707000,-995000,-288000
2008/09/04,0,1679000,-238000,1441000
2008/09/05,0,65000,-477360,-412360
2008/09/08,0,758000,-110000,648000
2008/09/09,0,518000,0,518000
2008/09/10,0,412000,-664000,-252000
2008/09/11,0,500000,0,500000
2008/09/12,0,102000,-111440,-9440
2008/09/15,0,602000,-99100,502900
2008/09/16,0,1445000,-34200,1410800
2008/09/17,0,4970000,-244330,4725670
2008/09/18,0,442000,-32000,410000
2008/09/19,0,3522000,-20000,3502000
2008/09/22,0,42000,-6205740,-6163740
2008/09/23,0,44000,-5551964,-5507964
2008/09/24,0,70000,-4588720,-4518720
2008/09/25,0,140000,-3399370,-3259370
2008/09/26,0,75000,-2803000,-2728000
2008/09/29,0,0,0,0
2008/09/30,0,237000,-566000,-329000
2008/10/01,0,54000,-380660,-326660
2008/10/02,0,81000,-1144270,-1063270
2008/10/03,0,1503000,-6385144,-4882144
2008/10/06,0,1641000,-2746000,-1105000
2008/10/07,0,2275000,-1922800,352200
2008/10/08,0,3200000,-720500,2479500
2008/10/09,0,4214000,-660850,3553150
2008/10/10,0,0,0,0
2008/10/13,0,1037000,-3996000,-2959000
2008/10/14,0,556000,-1636750,-1080750
2008/10/15,0,274000,-6460000,-6186000
2008/10/16,0,65000,-1169960,-1104960
2008/10/17,0,111000,-2755616,-2644616
2008/10/20,0,0,-617970,-617970
2008/10/21,0,345000,-5630744,-5285744
2008/10/22,0,0,-55787,-55787
2008/10/23,0,31000,-500000,-469000
2008/10/24,0,38000,-3536472,-3498472
2008/10/27,0,0,-47110,-47110
2008/10/28,0,774000,-8028290,-7254290
2008/10/29,0,2896000,-3241403,-345403
2008/10/30,0,3993000,-3810900,182100
2008/10/31,0,1919000,-8660,1910340
2008/11/03,0,308000,-1364051,-1056051
2008/11/04,0,2100000,-3320060,-1220060
2008/11/05,0,27000,-1007004,-980004
2008/11/06,0,19000,-3776160,-3757160
2008/11/07,0,17000,-500000,-483000
2008/11/10,0,4414000,-499000,3915000
2008/11/11,0,6988000,-8297890,-1309890
2008/11/12,0,1650000,-4800190,-3150190
2008/11/13,0,73000,-1810000,-1737000
2008/11/14,0,1865000,-8058310,-6193310
2008/11/17,0,777000,0,777000
2008/11/18,0,3440000,-2621850,818150
2008/11/19,0,11000,0,11000
2008/11/20,0,78000,-150000,-72000
2008/11/21,0,212000,-1800000,-1588000
2008/11/24,0,43000,-6260130,-6217130
2008/11/25,0,14000,-5985820,-5971820
2008/11/26,0,67000,-7130000,-7063000
2008/11/27,0,500000,-2866000,-2366000
2008/11/28,0,0,-2527298,-2527298
2008/12/01,0,46000,-162180,-116180
2008/12/02,0,0,-2240000,-2240000
2008/12/03,0,152000,-633453,-481453
2008/12/04,0,132000,0,132000
2008/12/05,0,0,-3000,-3000
2008/12/08,0,162000,0,162000
2008/12/09,0,1208000,-750000,458000
2008/12/10,0,8693000,-247000,8446000
2008/12/11,0,535000,-389000,146000
2008/12/12,0,132000,-1118000,-986000
2008/12/15,0,228000,-10000,218000
2008/12/16,0,0,-7766000,-7766000
2008/12/17,0,1909000,0,1909000
2008/12/18,0,7132000,-35000,7097000
2008/12/19,0,2487000,-930000,1557000
2008/12/22,0,8766000,-584000,8182000
2008/12/23,0,261000,0,261000
2008/12/24,0,547000,0,547000
2008/12/25,0,9000,-150000,-141000
2008/12/26,0,1380000,0,1380000
2008/12/29,0,0,0,0
2008/12/30,0,3423000,0,3423000
2008/12/31,0,1335000,-49000,1286000
2009/01/01,0,0,0,0
2009/01/02,0,0,0,0
2009/01/05,0,558000,-1200000,-642000
2009/01/06,0,5730000,-1170000,4560000
2009/01/07,0,6250000,-395000,5855000
2009/01/08,0,1044000,0,1044000
2009/01/09,0,677000,0,677000
2009/01/12,0,2939000,-45000,2894000
2009/01/13,0,420000,0,420000
2009/01/14,0,1636000,-28000,1608000
2009/01/15,0,2617000,-469000,2148000
2009/01/16,0,36000,-150000,-114000
2009/01/19,0,693000,-953000,-260000
2009/01/20,0,357000,-2956000,-2599000
2009/01/21,0,100000,-6962000,-6862000
2009/01/22,0,0,0,0
2009/01/23,0,0,0,0
2009/01/26,0,0,0,0
2009/01/27,0,0,0,0
2009/01/28,0,0,0,0
2009/01/29,0,0,0,0
2009/01/30,0,0,0,0
2009/02/02,0,100000,0,100000
2009/02/03,0,3440000,0,3440000
2009/02/04,0,280000,-2000000,-1720000
2009/02/05,0,2540000,0,2540000
2009/02/06,0,13209000,-540000,12669000
2009/02/09,0,2650000,-173000,2477000
2009/02/10,0,139000,-280000,-141000
2009/02/11,0,1177000,-1178000,-1000
2009/02/12,0,100000,-241100,-141100
2009/02/13,0,2385000,-1015000,1370000
2009/02/16,0,60000,-1981000,-1921000
2009/02/17,0,1318000,-4659000,-3341000
2009/02/18,0,94000,-4277000,-4183000
2009/02/19,0,650000,-11676100,-11026100
2009/02/20,0,50000,-4709000,-4659000
2009/02/23,0,880000,-13523000,-12643000
2009/02/24,0,351000,-26000,325000
2009/02/25,0,531000,-230000,301000
2009/02/26,0,5000,-932000,-927000
2009/02/27,0,10000,-923000,-913000
2009/03/02,0,5600000,-4740000,860000
2009/03/03,0,0,-3751000,-3751000
2009/03/04,0,0,-2668218,-2668218
2009/03/05,0,8000,-736000,-728000
2009/03/06,0,0,-4918000,-4918000
2009/03/09,0,0,-4560000,-4560000
2009/03/10,0,16000,-1600000,-1584000
2009/03/11,0,0,-318000,-318000
2009/03/12,0,0,-4668000,-4668000
2009/03/13,0,795000,-280000,515000
2009/03/16,0,20000,-33000,-13000
2009/03/17,0,3453000,-326000,3127000
2009/03/18,0,538000,-235000,303000
2009/03/19,0,0,-613000,-613000
2009/03/20,0,4623000,-521000,4102000
2009/03/23,0,3897000,-522000,3375000
2009/03/24,0,3134000,-75000,3059000
2009/03/25,0,5477000,-1923270,3553730
2009/03/26,0,0,0,0
2009/03/27,0,1251000,-61000,1190000
2009/03/30,0,600000,-904000,-304000
2009/03/31,0,645000,-1925000,-1280000
2009/04/01,0,0,-1140000,-1140000
2009/04/02,0,2800000,-560000,2240000
2009/04/03,0,12984000,-464000,12520000
2009/04/06,0,100000,-660000,-560000
2009/04/07,0,16033000,0,16033000
2009/04/08,0,1696000,-10000,1686000
2009/04/09,0,950000,-9000,941000
2009/04/10,0,13809000,-2261600,11547400
2009/04/13,0,14237000,-158000,14079000
2009/04/14,0,5362000,-39000,5323000
2009/04/15,0,11378000,-292000,11086000
2009/04/16,0,4187000,-53000,4134000
2009/04/17,0,2711000,-3066000,-355000
2009/04/20,0,500000,-1533000,-1033000
2009/04/21,0,0,-590215,-590215
2009/04/22,0,90000,-2520000,-2430000
2009/04/23,0,0,-5771000,-5771000
2009/04/24,0,0,-1868000,-1868000
2009/04/27,0,107000,-7534000,-7427000
2009/04/28,0,10000,-3931000,-3921000
2009/04/29,0,169000,-1966000,-1797000
2009/04/30,0,516000,-150000,366000
2009/05/01,0,0,0,0
2009/05/04,0,7030000,-2620000,4410000
2009/05/05,0,2504000,-3646000,-1142000
2009/05/06,0,4661000,-6804645,-2143645
2009/05/07,0,547000,-4210000,-3663000
2009/05/08,0,0,-1817000,-1817000
2009/05/11,0,3124000,-5724000,-2600000
2009/05/12,0,1816000,-5452000,-3636000
2009/05/13,0,820000,-4086000,-3266000
2009/05/14,0,3550000,-172000,3378000
2009/05/15,0,769000,-505000,264000
2009/05/18,0,1951000,-950000,1001000
2009/05/19,0,275000,-300000,-25000
2009/05/20,0,167000,-2859000,-2692000
2009/05/21,0,428000,-5159000,-4731000
2009/05/22,0,6000,-4381000,-4375000
2009/05/25,0,105000,-3953000,-3848000
2009/05/26,0,3436000,-6527000,-3091000
2009/05/27,0,3299000,-6301000,-3002000
2009/05/28,0,0,0,0
2009/05/29,0,0,0,0
2009/06/01,0,8301000,-188000,8113000
2009/06/02,0,12204000,-855000,11349000
2009/06/03,0,4235000,-136000,4099000
2009/06/04,0,8607000,-2464000,6143000
2009/06/05,0,2833000,-61000,2772000
2009/06/08,0,1608000,-32000,1576000
2009/06/09,0,2840000,-135000,2705000
2009/06/10,0,1353000,-86000,1267000
2009/06/11,0,4798000,0,4798000
2009/06/12,0,11215000,-8000,11207000
2009/06/15,0,3101000,-5505000,-2404000
2009/06/16,0,5503000,-1904000,3599000
2009/06/17,0,789000,0,789000
2009/06/18,0,42000,0,42000
2009/06/19,0,290000,0,290000
2009/06/22,0,111000,-1180000,-1069000
2009/06/23,0,58000,-2275000,-2217000
2009/06/24,0,210000,0,210000
2009/06/25,0,5000,0,5000
2009/06/26,0,1247000,0,1247000
2009/06/29,0,27000,-300000,-273000
2009/06/30,0,3230000,-743000,2487000
2009/07/01,0,1518000,0,1518000
2009/07/02,0,1050000,-1523000,-473000
2009/07/03,0,230000,-61000,169000
2009/07/06,0,0,-1103000,-1103000
2009/07/07,0,16000,-1966470,-1950470
2009/07/08,0,0,-209000,-209000
2009/07/09,0,0,-189000,-189000
2009/07/10,0,140000,-389000,-249000
2009/07/13,0,0,-1788000,-1788000
2009/07/14,0,120000,-151000,-31000
2009/07/15,0,400000,-1545000,-1145000
2009/07/16,0,279000,-1477000,-1198000
2009/07/17,0,0,-6525000,-6525000
2009/07/20,0,0,-3766641,-3766641
2009/07/21,0,155000,-566000,-411000
2009/07/22,0,127000,-267000,-140000
2009/07/23,0,2185000,-174000,2011000
2009/07/24,0,8000000,-250000,7750000
2009/07/27,0,6542000,-262000,6280000
2009/07/28,0,3380000,-1145000,2235000
2009/07/29,0,11539000,-1489000,10050000
2009/07/30,0,8510000,-37230,8472770
2009/07/31,0,8481000,-7044000,1437000
2009/08/03,0,3071000,-1631000,1440000
2009/08/04,0,4599000,-773567,3825433
2009/08/05,0,100000,-266000,-166000
2009/08/06,0,4292000,-961000,3331000
2009/08/07,0,0,0,0
2009/08/10,0,1038000,-201000,837000
2009/08/11,0,1205000,-5213000,-4008000
2009/08/12,0,670000,-165000,505000
2009/08/13,0,3479000,-188130,3290870
2009/08/14,0,4525000,-110000,4415000
2009/08/17,0,0,-173000,-173000
2009/08/18,0,20000,-114000,-94000
2009/08/19,0,13000,0,13000
2009/08/20,0,1311000,-3444000,-2133000
2009/08/21,0,700000,-709480,-9480
2009/08/24,0,4415000,-1000000,3415000
2009/08/25,0,3718000,-1177000,2541000
2009/08/26,0,2062000,-4376000,-2314000
2009/08/27,0,413000,-104000,309000
2009/08/28,0,250000,-3000000,-2750000
2009/08/31,0,156000,-4432000,-4276000
2009/09/01,0,2000000,-10433000,-8433000
2009/09/02,0,0,-4778000,-4778000
2009/09/03,0,910000,-1549000,-639000
2009/09/04,0,700000,-23000,677000
2009/09/07,0,1800000,-1163000,637000
2009/09/08,0,400000,-589000,-189000
2009/09/09,0,3744000,-869000,2875000
2009/09/10,0,187000,-104000,83000
2009/09/11,0,150000,0,150000
2009/09/14,0,350000,-206000,144000
2009/09/15,0,727000,-1917534,-1190534
2009/09/16,0,688000,-1116168,-428168
2009/09/17,0,430000,-963765,-533765
2009/09/18,0,51000,-894576,-843576
2009/09/21,0,2086000,-1423450,662550
2009/09/22,0,17000,-227000,-210000
2009/09/23,0,41000,-1437000,-1396000
2009/09/24,0,392000,-547,391453
2009/09/25,0,588000,-1144254,-556254
2009/09/28,0,229000,-744000,-515000
2009/09/29,0,23000,-2108942,-2085942
2009/09/30,0,0,-2547210,-2547210
2009/10/01,0,1500000,-430200,1069800
2009/10/02,0,34000,-209567,-175567
2009/10/05,0,8000,-3200492,-3192492
2009/10/06,0,0,-10843583,-10843583
2009/10/07,0,955000,-2388852,-1433852
2009/10/08,0,2759000,-1086000,1673000
2009/10/09,0,2459000,0,2459000
2009/10/12,0,3484000,0,3484000
2009/10/13,0,32000,-1018000,-986000
2009/10/14,0,0,-9642731,-9642731
2009/10/15,0,1022000,-1325000,-303000
2009/10/16,0,200000,-639000,-439000
2009/10/19,0,32000,-444000,-412000
2009/10/20,0,19000,-3341000,-3322000
2009/10/21,0,204000,-1518192,-1314192
2009/10/22,0,0,-1849950,-1849950
2009/10/23,0,1435000,-794492,640508
2009/10/26,0,0,0,0
2009/10/27,0,15000,-3474303,-3459303
2009/10/28,0,0,-400000,-400000
2009/10/29,0,109000,-139438,-30438
2009/10/30,0,0,-6000,-6000
2009/11/02,0,1033000,-896,1032104
2009/11/03,0,15000,-9000,6000
2009/11/04,0,139000,-700000,-561000
2009/11/05,0,55000,-783000,-728000
2009/11/06,0,2907000,-221500,2685500
2009/11/09,0,616000,-755240,-139240
2009/11/10,0,66000,-146838,-80838
2009/11/11,0,0,0,0
2009/11/12,0,70000,-4000,66000
2009/11/13,0,0,-42000,-42000
2009/11/16,0,1516000,-1350247,165753
2009/11/17,0,6310000,-4107020,2202980
2009/11/18,0,1578000,-35000,1543000
2009/11/19,0,2850000,-514000,2336000
2009/11/20,0,446000,-3581000,-3135000
2009/11/23,0,145000,-509000,-364000
2009/11/24,0,0,-15000,-15000
2009/11/25,0,0,-8000,-8000
2009/11/26,0,1553000,-2555000,-1002000
2009/11/27,0,590000,0,590000
2009/11/30,0,413000,-690000,-277000
2009/12/01,0,0,-39000,-39000
2009/12/02,0,6000000,-1186893,4813107
2009/12/03,0,4087000,-15000,4072000
2009/12/04,0,0,-120000,-120000
2009/12/07,0,0,0,0
2009/12/08,0,0,0,0
2009/12/09,0,0,-660000,-660000
2009/12/10,0,1000000,-1130000,-130000
2009/12/11,0,8842000,0,8842000
2009/12/14,0,509000,-29000,480000
2009/12/15,0,2000000,-35000,1965000
2009/12/16,0,52000,-33000,19000
2009/12/17,0,0,-68000,-68000
2009/12/18,0,1000000,-284000,716000
2009/12/21,0,24000,-1430000,-1406000
2009/12/22,0,1565000,-1288000,277000
2009/12/23,0,2086000,-2256000,-170000
2009/12/24,0,589000,0,589000
2009/12/25,0,300000,-25000,275000
2009/12/28,0,0,-481000,-481000
2009/12/29,0,0,-258000,-258000
2009/12/30,0,170000,-248000,-78000
2009/12/31,0,30000,-2000,28000
2010/01/01,0,0,0,0
2010/01/04,0,3005000,0,3005000
2010/01/05,0,1312000,-6000,1306000
2010/01/06,0,150000,0,150000
2010/01/07,0,555000,-7000,548000
2010/01/08,0,844000,-3097000,-2253000
2010/01/11,0,1230000,-131856,1098144
2010/01/12,0,505000,-850000,-345000
2010/01/13,0,656000,-978000,-322000
2010/01/14,0,367000,-617000,-250000
2010/01/15,0,701000,-410000,291000
2010/01/18,0,3000,-659000,-656000
2010/01/19,0,189000,-1050000,-861000
2010/01/20,0,500000,-1741000,-1241000
2010/01/21,0,190000,-973000,-783000
2010/01/22,0,1339000,0,1339000
2010/01/25,0,0,-407000,-407000
2010/01/26,0,157000,-243000,-86000
2010/01/27,0,1302000,-207000,1095000
2010/01/28,0,2824000,-661000,2163000
2010/01/29,0,1064000,0,1064000
2010/02/01,0,102000,-6000,96000
2010/02/02,0,91000,0,91000
2010/02/03,0,215000,-311000,-96000
2010/02/04,0,375000,-332000,43000
2010/02/05,0,1393000,-1300000,93000
2010/02/08,0,3075000,-10000,3065000
2010/02/09,0,443000,-450000,-7000
2010/02/10,0,2072000,-256000,1816000
2010/02/11,0,0,0,0
2010/02/12,0,0,0,0
2010/02/15,0,0,0,0
2010/02/16,0,0,0,0
2010/02/17,0,0,0,0
2010/02/18,0,0,0,0
2010/02/19,0,0,0,0
2010/02/22,0,3679000,0,3679000
2010/02/23,0,2959000,-60000,2899000
2010/02/24,0,1132000,0,1132000
2010/02/25,0,669000,-1020000,-351000
2010/02/26,0,1176000,-9000,1167000
2010/03/01,0,3496000,0,3496000
2010/03/02,0,3435000,-415000,3020000
2010/03/03,0,1571000,-415000,1156000
2010/03/04,0,310000,-100000,210000
2010/03/05,0,107000,-667000,-560000
2010/03/08,0,300000,-579000,-279000
2010/03/09,0,323000,-1726000,-1403000
2010/03/10,0,74000,-3031000,-2957000
2010/03/11,0,483000,-326805,156195
2010/03/12,0,0,-1269000,-1269000
2010/03/15,0,0,-2119000,-2119000
2010/03/16,0,1278000,-415000,863000
2010/03/17,0,16000,-980816,-964816
2010/03/18,0,12000,-1323000,-1311000
2010/03/19,0,0,-321000,-321000
2010/03/22,0,0,-4488000,-4488000
2010/03/23,0,9000,-4061009,-4052009
2010/03/24,0,0,-5383000,-5383000
2010/03/25,0,249000,-1299752,-1050752
2010/03/26,0,350000,-2373000,-2023000
2010/03/29,0,13000,-154064,-141064
2010/03/30,0,13000,-1478000,-1465000
2010/03/31,0,0,-921000,-921000
2010/04/01,0,0,-235000,-235000
2010/04/02,0,8000,-39000,-31000
2010/04/05,0,0,0,0
2010/04/06,0,226000,-8000,218000
2010/04/07,0,800000,-216000,584000
2010/04/08,0,0,-32000,-32000
2010/04/09,0,1214000,-886000,328000
2010/04/12,0,0,-1004000,-1004000
2010/04/13,0,0,-489000,-489000
2010/04/14,0,0,-50000,-50000
2010/04/15,0,0,-583000,-583000
2010/04/16,0,2000,-12000,-10000
2010/04/19,0,0,-728738,-728738
2010/04/20,0,5000,-565000,-560000
2010/04/21,0,9000,-7191000,-7182000
2010/04/22,0,0,-11131676,-11131676
2010/04/23,0,0,-3276500,-3276500
2010/04/26,0,0,-2043000,-2043000
2010/04/27,0,9000,-45000,-36000
2010/04/28,0,310000,-247800,62200
2010/04/29,0,80000,-362000,-282000
2010/04/30,0,119000,-1300795,-1181795
2010/05/03,0,0,-2348000,-2348000
2010/05/04,0,450000,-2429808,-1979808
2010/05/05,0,0,-5048000,-5048000
2010/05/06,0,0,-14000,-14000
2010/05/07,0,118000,-932000,-814000
2010/05/10,0,167000,-972000,-805000
2010/05/11,0,570000,-27000,543000
2010/05/12,0,5000,-1115459,-1110459
2010/05/13,0,6000,-1013500,-1007500
2010/05/14,0,44000,-2305000,-2261000
2010/05/17,0,7000,-5123326,-5116326
2010/05/18,0,440000,-2345000,-1905000
2010/05/19,0,0,-3371000,-3371000
2010/05/20,0,12000,-4766362,-4754362
2010/05/21,0,327000,-2000000,-1673000
2010/05/24,0,0,-72214,-72214
2010/05/25,0,5000,-4049000,-4044000
2010/05/26,0,16000,-4242000,-4226000
2010/05/27,0,41000,-2156000,-2115000
2010/05/28,0,560000,-4654000,-4094000
2010/05/31,0,0,-2582900,-2582900
2010/06/01,0,3000,-3522000,-3519000
2010/06/02,0,0,-3709760,-3709760
2010/06/03,0,0,-5107000,-5107000
2010/06/04,0,0,-1846360,-1846360
2010/06/07,0,0,-1000000,-1000000
2010/06/08,0,15000,-3696000,-3681000
2010/06/09,0,10000,-1000000,-990000
2010/06/10,0,17000,-603000,-586000
2010/06/11,0,0,-1055692,-1055692
2010/06/14,0,11000,-150211,-139211
2010/06/15,0,503000,-2374000,-1871000
2010/06/16,0,0,0,0
2010/06/17,0,0,-8559483,-8559483
2010/06/18,0,0,-4093000,-4093000
2010/06/21,0,0,-5191000,-5191000
2010/06/22,0,0,-634080,-634080
2010/06/23,0,0,-164000,-164000
2010/06/24,0,70000,-2008000,-1938000
2010/06/25,0,0,-794728,-794728
2010/06/28,0,274000,-142000,132000
2010/06/29,0,17000,-2054000,-2037000
2010/06/30,0,20000,-1192000,-1172000
2010/07/01,0,25000,-800000,-775000
2010/07/02,0,14000,-1255000,-1241000
2010/07/05,0,0,-976000,-976000
2010/07/06,0,44000,-900535,-856535
2010/07/07,0,0,-1115000,-1115000
2010/07/08,0,0,-795190,-795190
2010/07/09,0,0,-105,-105
2010/07/12,0,3000,-1480000,-1477000
2010/07/13,0,0,-3620035,-3620035
2010/07/14,0,1000,-996500,-995500
2010/07/15,0,70000,0,70000
2010/07/16,0,0,-4399304,-4399304
2010/07/19,0,342000,-1587476,-1245476
2010/07/20,0,0,-899000,-899000
2010/07/21,0,0,-181000,-181000
2010/07/22,0,0,0,0
2010/07/23,0,277000,0,277000
2010/07/26,0,114000,0,114000
2010/07/27,0,108000,-509000,-401000
2010/07/28,0,0,-249000,-249000
2010/07/29,0,135000,0,135000
2010/07/30,0,2690000,-2000,2688000
2010/08/02,0,54000,-37000,17000
2010/08/03,0,178000,0,178000
2010/08/04,0,1000,-266000,-265000
2010/08/05,0,0,-45000,-45000
2010/08/06,0,0,-98000,-98000
2010/08/09,0,256000,0,256000
2010/08/10,0,150000,0,150000
2010/08/11,0,162000,-469000,-307000
2010/08/12,0,0,-43000,-43000
2010/08/13,0,169000,-71000,98000
2010/08/16,0,0,-110000,-110000
2010/08/17,0,7000,-78000,-71000
2010/08/18,0,61000,-2519000,-2458000
2010/08/19,0,557000,-7000,550000
2010/08/20,0,61000,-305000,-244000
2010/08/23,0,0,-20000,-20000
2010/08/24,0,0,-23000,-23000
2010/08/25,0,68000,-18000,50000
2010/08/26,0,1273000,-10000,1263000
2010/08/27,0,3559000,0,3559000
2010/08/30,0,2023000,0,2023000
2010/08/31,0,513000,-49000,464000
2010/09/01,0,1500000,0,1500000
2010/09/02,0,463000,0,463000
2010/09/03,0,7000,0,7000
2010/09/06,0,0,0,0
2010/09/07,0,319000,0,319000
2010/09/08,0,1500000,0,1500000
2010/09/09,0,1711000,0,1711000
2010/09/10,0,516000,0,516000
2010/09/13,0,167000,-35291,131709
2010/09/14,0,90000,-68000,22000
2010/09/15,0,0,-53960,-53960
2010/09/16,0,0,-38000,-38000
2010/09/17,0,92000,-22000,70000
2010/09/20,0,0,-9000,-9000
2010/09/21,0,58000,-18000,40000
2010/09/22,0,0,0,0
2010/09/23,0,0,-14000,-14000
2010/09/24,0,0,-21000,-21000
2010/09/27,0,150000,-9000,141000
2010/09/28,0,39000,0,39000
2010/09/29,0,269000,0,269000
2010/09/30,0,0,-1116084,-1116084
2010/10/01,0,205000,-202411,2589
2010/10/04,0,0,-501000,-501000
2010/10/05,0,19000,0,19000
2010/10/06,0,0,-8000,-8000
2010/10/07,0,145000,0,145000
2010/10/08,0,0,-892095,-892095
2010/10/11,0,212000,-163000,49000
2010/10/12,0,0,-2204123,-2204123
2010/10/13,0,0,-2611000,-2611000
2010/10/14,0,21000,-2154344,-2133344
2010/10/15,0,1000,-2000000,-1999000
2010/10/18,0,0,-1344116,-1344116
2010/10/19,0,32000,-12000,20000
2010/10/20,0,0,-123000,-123000
2010/10/21,0,0,0,0
2010/10/22,0,0,-3160000,-3160000
2010/10/25,0,0,-3006000,-3006000
2010/10/26,0,0,0,0
2010/10/27,0,37000,0,37000
2010/10/28,0,0,0,0
2010/10/29,0,0,-2000,-2000
2010/11/01,0,0,0,0
2010/11/02,0,1250000,0,1250000
2010/11/03,0,1250000,-100000,1150000
2010/11/04,0,1000000,-50000,950000
2010/11/05,0,1020000,0,1020000
2010/11/08,0,0,-940000,-940000
2010/11/09,0,1430000,0,1430000
2010/11/10,0,212000,-13000,199000
2010/11/11,0,30000,-61000,-31000
2010/11/12,0,0,-7000,-7000
2010/11/15,0,23000,-4000,19000
2010/11/16,0,10000,-149000,-139000
2010/11/17,0,0,-67000,-67000
2010/11/18,0,115000,-670,114330
2010/11/19,0,0,-106000,-106000
2010/11/22,0,0,0,0
2010/11/23,0,950000,-97000,853000
2010/11/24,0,0,0,0
2010/11/25,0,0,-63000,-63000
2010/11/26,0,0,-2123040,-2123040
2010/11/29,0,0,-5000,-5000
2010/11/30,0,0,-258000,-258000
2010/12/01,0,0,-1507367,-1507367
2010/12/02,0,0,-66000,-66000
2010/12/03,0,0,-287300,-287300
2010/12/06,0,0,-165000,-165000
2010/12/07,0,0,-3000,-3000
2010/12/08,0,0,-22000,-22000
2010/12/09,0,0,-9000,-9000
2010/12/10,0,0,-950000,-950000
2010/12/13,0,0,-96000,-96000
2010/12/14,0,0,-638000,-638000
2010/12/15,0,1754000,-100000,1654000
2010/12/16,0,415000,-17000,398000
2010/12/17,0,208000,-380000,-172000
2010/12/20,0,0,-25000,-25000
2010/12/21,0,2456000,0,2456000
2010/12/22,0,16000,0,16000
2010/12/23,0,0,-980000,-980000
2010/12/24,0,400000,-224000,176000
2010/12/27,0,0,-425000,-425000
2010/12/28,0,0,-1248000,-1248000
2010/12/29,0,114000,-160000,-46000
2010/12/30,0,0,-150000,-150000
2010/12/31,0,395000,0,395000
2011/01/03,0,1500000,0,1500000
2011/01/04,0,2760000,0,2760000
2011/01/05,0,1084000,0,1084000
2011/01/06,0,1555000,-250000,1305000
2011/01/07,0,162000,-850000,-688000
2011/01/10,0,0,-300980,-300980
2011/01/11,0,0,0,0
2011/01/12,0,2230000,-150000,2080000
2011/01/13,0,50000,0,50000
2011/01/14,0,85000,-93000,-8000
2011/01/17,0,1000000,-200000,800000
2011/01/18,0,0,-275000,-275000
2011/01/19,0,0,-695000,-695000
2011/01/20,0,0,-13000,-13000
2011/01/21,0,0,-156000,-156000
2011/01/24,0,90000,-640000,-550000
2011/01/25,0,39000,-645000,-606000
2011/01/26,0,0,-3000,-3000
2011/01/27,0,1135000,-7000,1128000
2011/01/28,0,266000,-823361,-557361
2011/01/31,0,0,0,0
2011/02/01,0,0,0,0
2011/02/02,0,0,0,0
2011/02/03,0,0,0,0
2011/02/04,0,0,0,0
2011/02/07,0,0,0,0
2011/02/08,0,871000,0,871000
2011/02/09,0,300000,0,300000
2011/02/10,0,0,-12000,-12000
2011/02/11,0,768000,0,768000
2011/02/14,0,13000,0,13000
2011/02/15,0,335000,-800000,-465000
2011/02/16,0,25000,0,25000
2011/02/17,0,805000,-200000,605000
2011/02/18,0,0,-116000,-116000
2011/02/21,0,0,-15000,-15000
2011/02/22,0,0,0,0
2011/02/23,0,346000,0,346000
2011/02/24,0,14000,0,14000
2011/02/25,0,9000,-654000,-645000
2011/02/28,0,0,0,0
2011/03/01,0,0,-100000,-100000
2011/03/02,0,300000,-100000,200000
2011/03/03,0,0,-100000,-100000
2011/03/04,0,80000,-1791000,-1711000
2011/03/07,0,0,0,0
2011/03/08,0,0,0,0
2011/03/09,0,0,-6000,-6000
2011/03/10,0,0,0,0
2011/03/11,0,0,0,0
2011/03/14,0,1296000,0,1296000
2011/03/15,0,2294000,0,2294000
2011/03/16,0,5970000,-1000,5969000
2011/03/17,0,1244000,-92000,1152000
2011/03/18,0,1613000,-18000,1595000
2011/03/21,0,0,0,0
2011/03/22,0,0,0,0
2011/03/23,0,0,0,0
2011/03/24,0,70000,0,70000
2011/03/25,0,0,0,0
2011/03/28,0,0,0,0
2011/03/29,0,500000,0,500000
2011/03/30,0,0,-14000,-14000
2011/03/31,0,2002000,-244000,1758000
2011/04/01,0,0,-1169838,-1169838
2011/04/04,0,0,0,0
2011/04/05,0,0,0,0
2011/04/06,0,0,0,0
2011/04/07,0,0,0,0
2011/04/08,0,0,-350000,-350000
2011/04/11,0,910000,0,910000
2011/04/12,0,0,-637000,-637000
2011/04/13,0,0,-350000,-350000
2011/04/14,0,0,-1095000,-1095000
2011/04/15,0,0,0,0
2011/04/18,0,0,0,0
2011/04/19,0,131000,-903000,-772000
2011/04/20,0,0,-990000,-990000
2011/04/21,0,0,-1052269,-1052269
2011/04/22,0,159000,-1550000,-1391000
2011/04/25,0,0,-11000,-11000
2011/04/26,0,400000,-17000,383000
2011/04/27,0,1286000,-998,1285002
2011/04/28,0,1270000,-13000,1257000
2011/04/29,0,0,0,0
2011/05/02,0,0,0,0
2011/05/03,0,135000,0,135000
2011/05/04,0,135000,-4000,131000
2011/05/05,0,135000,-2825000,-2690000
2011/05/06,0,335000,-1920000,-1585000
2011/05/09,0,203000,-80000,123000
2011/05/10,0,0,0,0
2011/05/11,0,0,-2546000,-2546000
2011/05/12,0,32000,-1083628,-1051628
2011/05/13,0,2000,-180000,-178000
2011/05/16,0,11000,-300000,-289000
2011/05/17,0,0,-100000,-100000
2011/05/18,0,0,0,0
2011/05/19,0,6000,-126000,-120000
2011/05/20,0,0,-3004000,-3004000
2011/05/23,0,0,-4000,-4000
2011/05/24,0,0,0,0
2011/05/25,0,0,-8000,-8000
2011/05/26,0,4000,-3350000,-3346000
2011/05/27,0,0,-2701000,-2701000
2011/05/30,0,7000,-1750000,-1743000
2011/05/31,0,0,-1936000,-1936000
2011/06/01,0,0,-107000,-107000
2011/06/02,0,0,-3100000,-3100000
2011/06/03,0,0,0,0
2011/06/06,0,0,0,0
2011/06/07,0,0,0,0
2011/06/08,0,8000,0,8000
2011/06/09,0,0,-3014000,-3014000
2011/06/10,0,130000,0,130000
2011/06/13,0,0,0,0
2011/06/14,0,79000,-180000,-101000
2011/06/15,0,0,-20000,-20000
2011/06/16,0,0,0,0
2011/06/17,0,45000,-1781000,-1736000
2011/06/20,0,20000,-1000000,-980000
2011/06/21,0,28000,-2000,26000
2011/06/22,0,18000,0,18000
2011/06/23,0,649000,-848400,-199400
2011/06/24,0,14000,0,14000
2011/06/27,0,8000,-130000,-122000
2011/06/28,0,353000,-15000,338000
2011/06/29,0,414000,0,414000
2011/06/30,0,17000,0,17000
2011/07/01,0,503000,-62000,441000
2011/07/04,0,0,-110000,-110000
2011/07/05,0,0,-808000,-808000
2011/07/06,0,0,-4000,-4000
2011/07/07,0,0,0,0
2011/07/08,0,0,-11000,-11000
2011/07/11,0,0,-131000,-131000
2011/07/12,0,12000,-58000,-46000
2011/07/13,0,29000,0,29000
2011/07/14,0,1778000,0,1778000
2011/07/15,0,662000,-9000,653000
2011/07/18,0,12000,0,12000
2011/07/19,0,647000,-54000,593000
2011/07/20,0,527000,0,527000
2011/07/21,0,163000,0,163000
2011/07/22,0,0,-1186000,-1186000
2011/07/25,0,0,-2221000,-2221000
2011/07/26,0,15000,0,15000
2011/07/27,0,946000,-30000,916000
2011/07/28,0,251000,-1036000,-785000
2011/07/29,0,446000,0,446000
2011/08/01,0,241000,0,241000
2011/08/02,0,8000,-40000,-32000
2011/08/03,0,919000,0,919000
2011/08/04,0,174000,0,174000
2011/08/05,0,1364000,-300000,1064000
2011/08/08,0,1021000,0,1021000
2011/08/09,0,1662000,-100000,1562000
2011/08/10,0,266000,-30000,236000
2011/08/11,0,166000,0,166000
2011/08/12,0,1981000,0,1981000
2011/08/15,0,504000,-20000,484000
2011/08/16,0,311000,-606000,-295000
2011/08/17,0,164000,-253000,-89000
2011/08/18,0,410000,0,410000
2011/08/19,0,3540000,-29000,3511000
2011/08/22,0,960000,0,960000
2011/08/23,0,481000,0,481000
2011/08/24,0,1487000,0,1487000
2011/08/25,0,150000,0,150000
2011/08/26,0,686000,0,686000
2011/08/29,0,232000,0,232000
2011/08/30,0,1601000,0,1601000
2011/08/31,0,1640000,-4000,1636000
2011/09/01,0,3201000,-2403000,798000
2011/09/02,0,1151000,-314000,837000
2011/09/05,0,2497000,-37000,2460000
2011/09/06,0,1100000,0,1100000
2011/09/07,0,1437000,0,1437000
2011/09/08,0,1764000,0,1764000
2011/09/09,0,478000,0,478000
2011/09/12,0,0,0,0
2011/09/13,0,267000,-16341,250659
2011/09/14,0,2273000,-1000,2272000
2011/09/15,0,211000,0,211000
2011/09/16,0,4382000,0,4382000
2011/09/19,0,34000,-20000,14000
2011/09/20,0,15000,-1000,14000
2011/09/21,0,1250000,-113256,1136744
2011/09/22,0,250000,-24000,226000
2011/09/23,0,3592000,0,3592000
2011/09/26,0,8190000,-330000,7860000
2011/09/27,0,2674000,0,2674000
2011/09/28,0,430000,-15000,415000
2011/09/29,0,97000,-330000,-233000
2011/09/30,0,637000,-860000,-223000
2011/10/03,0,0,-7000,-7000
2011/10/04,0,1921000,-676000,1245000
2011/10/05,0,396000,0,396000
2011/10/06,0,881000,-1200021,-319021
2011/10/07,0,11000,-500000,-489000
2011/10/10,0,0,0,0
2011/10/11,0,140000,-6908000,-6768000
2011/10/12,0,0,-1481000,-1481000
2011/10/13,0,25000,-5221000,-5196000
2011/10/14,0,24000,-4626000,-4602000
2011/10/17,0,0,-15320,-15320
2011/10/18,0,11000,-1133490,-1122490
2011/10/19,0,0,0,0
2011/10/20,0,138000,-1619000,-1481000
2011/10/21,0,0,0,0
2011/10/24,0,25500,-627000,-601500
2011/10/25,0,487000,-924000,-437000
2011/10/26,0,1908000,0,1908000
2011/10/27,0,18000,-150950,-132950
2011/10/28,0,28000,-800000,-772000
2011/10/31,0,0,-27000,-27000
2011/11/01,0,323000,-22000,301000
2011/11/02,0,45000,-2915000,-2870000
2011/11/03,0,11000,-200000,-189000
2011/11/04,0,0,-743000,-743000
2011/11/07,0,0,0,0
2011/11/08,0,29000,-1815977,-1786977
2011/11/09,0,0,0,0
2011/11/10,0,1386000,0,1386000
2011/11/11,0,0,-106000,-106000
2011/11/14,0,313000,-14782,298218
2011/11/15,0,0,-555000,-555000
2011/11/16,0,0,0,0
2011/11/17,0,0,-942000,-942000
2011/11/18,0,20000,-1489000,-1469000
2011/11/21,0,45000,-905000,-860000
2011/11/22,0,17000,0,17000
2011/11/23,0,58000,-5000,53000
2011/11/24,0,39000,0,39000
2011/11/25,0,86000,-2315000,-2229000
2011/11/28,0,17000,-1420000,-1403000
2011/11/29,0,18000,-266000,-248000
2011/11/30,0,94000,-6000,88000
2011/12/01,0,0,-70000,-70000
2011/12/02,0,0,-100000,-100000
2011/12/05,0,22000,-21000,1000
2011/12/06,0,0,-478000,-478000
2011/12/07,0,813000,0,813000
2011/12/08,0,1287000,0,1287000
2011/12/09,0,0,-1000,-1000
2011/12/12,0,0,0,0
2011/12/13,0,1450000,0,1450000
2011/12/14,0,0,-63000,-63000
2011/12/15,0,0,-75000,-75000
2011/12/16,0,9000,-74000,-65000
2011/12/19,0,55000,-27000,28000
2011/12/20,0,654000,0,654000
2011/12/21,0,400000,0,400000
2011/12/22,0,23000,0,23000
2011/12/23,0,1200000,-423000,777000
2011/12/26,0,135000,0,135000
2011/12/27,0,40000,-109000,-69000
2011/12/28,0,0,-168000,-168000
2011/12/29,0,0,0,0
2011/12/30,0,0,-32000,-32000
2012/01/02,0,43000,0,43000
2012/01/03,0,0,-65000,-65000
2012/01/04,0,0,0,0
2012/01/05,0,0,-102671,-102671
2012/01/06,0,500,-13000,-12500
2012/01/09,0,0,0,0
2012/01/10,0,0,-2708000,-2708000
2012/01/11,0,0,-212000,-212000
2012/01/12,0,0,-1048000,-1048000
2012/01/13,0,0,-161000,-161000
2012/01/16,0,100000,-1039000,-939000
2012/01/17,0,3000,0,3000
2012/01/18,0,0,-1300000,-1300000
2012/01/19,0,0,0,0
2012/01/20,0,0,0,0
2012/01/23,0,0,0,0
2012/01/24,0,0,0,0
2012/01/25,0,0,0,0
2012/01/26,0,0,0,0
2012/01/27,0,0,0,0
2012/01/30,0,100000,-13000,87000
2012/01/31,0,301000,-1988804,-1687804
2012/02/01,0,0,-85307,-85307
2012/02/02,0,972000,-27000,945000
2012/02/03,0,1040000,-33000,1007000
2012/02/06,0,0,-60000,-60000
2012/02/07,0,0,0,0
2012/02/08,0,0,-16000,-16000
2012/02/09,0,0,-131067,-131067
2012/02/10,0,0,-20000,-20000
2012/02/13,0,0,0,0
2012/02/14,0,0,-219000,-219000
2012/02/15,0,0,-43000,-43000
2012/02/16,0,4000,-13000,-9000
2012/02/17,0,44000,0,44000
2012/02/20,0,0,-18000,-18000
2012/02/21,0,0,0,0
2012/02/22,0,0,-3000000,-3000000
2012/02/23,0,0,-15000,-15000
2012/02/24,0,0,-216000,-216000
2012/02/27,0,0,0,0
2012/02/28,0,0,0,0
2012/02/29,0,0,-16000,-16000
2012/03/01,0,0,-47000,-47000
2012/03/02,0,0,-326000,-326000
2012/03/05,0,0,-201000,-201000
2012/03/06,0,0,-6000,-6000
2012/03/07,0,0,0,0
2012/03/08,0,0,-32298,-32298
2012/03/09,0,0,-68000,-68000
2012/03/12,0,0,-13000,-13000
2012/03/13,0,0,-64000,-64000
2012/03/14,0,0,-56000,-56000
2012/03/15,0,0,-189000,-189000
2012/03/16,0,0,-456000,-456000
2012/03/19,0,0,-3000,-3000
2012/03/20,0,0,-582000,-582000
2012/03/21,0,0,0,0
2012/03/22,0,0,0,0
2012/03/23,0,0,-229000,-229000
2012/03/26,0,0,-280000,-280000
2012/03/27,0,0,-120000,-120000
2012/03/28,0,0,-201866,-201866
2012/03/29,0,0,0,0
2012/03/30,0,101000,-20000,81000
2012/04/02,0,0,-3000,-3000
2012/04/03,0,0,0,0
2012/04/04,0,0,0,0
2012/04/05,0,13811,-1609000,-1595189
2012/04/06,0,32000,-214000,-182000
2012/04/09,0,0,-29000,-29000
2012/04/10,0,179000,-170000,9000
2012/04/11,0,0,0,0
2012/04/12,0,0,-2000,-2000
2012/04/13,0,107000,-100000,7000
2012/04/16,0,5000,0,5000
2012/04/17,0,0,0,0
2012/04/18,0,0,0,0
2012/04/19,0,0,-327000,-327000
2012/04/20,0,32000,0,32000
2012/04/23,0,8000,0,8000
2012/04/24,0,38000,0,38000
2012/04/25,0,0,0,0
2012/04/26,0,0,-1252000,-1252000
2012/04/27,0,311000,-1000000,-689000
2012/04/30,0,0,0,0
2012/05/01,0,0,0,0
2012/05/02,0,121000,-455000,-334000
2012/05/03,0,0,-8635,-8635
2012/05/04,0,32000,-1633000,-1601000
2012/05/07,0,500,-810740,-810240
2012/05/08,0,0,-500000,-500000
2012/05/09,0,0,-400000,-400000
2012/05/10,0,0,0,0
2012/05/11,0,36000,0,36000
2012/05/14,0,0,0,0
2012/05/15,0,90000,0,90000
2012/05/16,0,33000,-11000,22000
2012/05/17,0,24000,0,24000
2012/05/18,0,42000,0,42000
2012/05/21,0,0,0,0
2012/05/22,0,0,0,0
2012/05/23,0,0,0,0
2012/05/24,0,0,0,0
2012/05/25,0,0,0,0
2012/05/28,0,1000,0,1000
2012/05/29,0,18000,0,18000
2012/05/30,0,0,-434236,-434236
2012/05/31,0,0,-196000,-196000
2012/06/01,0,36000,-1000,35000
2012/06/04,0,48000,-292000,-244000
2012/06/05,0,262000,-179000,83000
2012/06/06,0,0,-270000,-270000
2012/06/07,0,0,0,0
2012/06/08,0,140000,0,140000
2012/06/11,0,41000,0,41000
2012/06/12,0,644000,-124000,520000
2012/06/13,0,67000,-149000,-82000
2012/06/14,0,73000,-121000,-48000
2012/06/15,0,0,-582000,-582000
2012/06/18,0,0,-3000,-3000
2012/06/19,0,0,-484500,-484500
2012/06/20,0,0,0,0
2012/06/21,0,146000,-500,145500
2012/06/22,0,0,-524000,-524000
2012/06/25,0,0,-159000,-159000
2012/06/26,0,0,-39605,-39605
2012/06/27,0,0,0,0
2012/06/28,0,0,-42000,-42000
2012/06/29,0,0,0,0
2012/07/02,0,573000,-27000,546000
2012/07/03,0,1661000,0,1661000
2012/07/04,0,1396975,-686000,710975
2012/07/05,0,14000,-11000,3000
2012/07/06,0,80000,-49000,31000
2012/07/09,0,0,0,0
2012/07/10,0,4000,-200000,-196000
2012/07/11,0,5000,-108000,-103000
2012/07/12,0,0,-167500,-167500
2012/07/13,0,521000,0,521000
2012/07/16,0,479000,-1098500,-619500
2012/07/17,0,300000,-35000,265000
2012/07/18,0,0,0,0
2012/07/19,0,4000,0,4000
2012/07/20,0,2000,0,2000
2012/07/23,0,0,-23000,-23000
2012/07/24,0,1000,-84661,-83661
2012/07/25,0,0,0,0
2012/07/26,0,70000,0,70000
2012/07/27,0,0,0,0
2012/07/30,0,0,-176000,-176000
2012/07/31,0,0,0,0
2012/08/01,0,10000,0,10000
2012/08/02,0,0,0,0
2012/08/03,0,0,0,0
2012/08/06,0,85000,0,85000
2012/08/07,0,8000,-307000,-299000
2012/08/08,0,7000,-36716,-29716
2012/08/09,0,246000,-101000,145000
2012/08/10,0,23500,-16000,7500
2012/08/13,0,0,-987000,-987000
2012/08/14,0,0,-4000,-4000
2012/08/15,0,244000,-23000,221000
2012/08/16,0,0,-10000,-10000
2012/08/17,0,19055,-502968,-483913
2012/08/20,0,1000,-15000,-14000
2012/08/21,0,0,-3000,-3000
2012/08/22,0,0,-2000,-2000
2012/08/23,0,10500,-100000,-89500
2012/08/24,0,0,0,0
2012/08/27,0,8000,-3000,5000
2012/08/28,0,1000,-1000,0
2012/08/29,0,0,-401000,-401000
2012/08/30,0,0,-1502000,-1502000
2012/08/31,0,47000,-1297000,-1250000
2012/09/03,0,0,-4000,-4000
2012/09/04,0,0,0,0
2012/09/05,0,6000,-2000,4000
2012/09/06,0,18000,0,18000
2012/09/07,0,11500,0,11500
2012/09/10,0,0,0,0
2012/09/11,0,0,0,0
2012/09/12,0,19500,0,19500
2012/09/13,0,10000,-41250,-31250
2012/09/14,0,285000,-944,284056
2012/09/17,0,10000,0,10000
2012/09/18,0,0,-175000,-175000
2012/09/19,0,100000,-21000,79000
2012/09/20,0,0,-76000,-76000
2012/09/21,0,0,-178000,-178000
2012/09/24,0,6000,-42000,-36000
2012/09/25,0,0,0,0
2012/09/26,0,0,-62195,-62195
2012/09/27,0,6000,-3000,3000
2012/09/28,0,4000,-8000,-4000
2012/10/01,0,7500,0,7500
2012/10/02,0,0,0,0
2012/10/03,0,0,0,0
2012/10/04,0,0,0,0
2012/10/05,0,0,-814451,-814451
2012/10/08,0,0,-700000,-700000
2012/10/09,0,0,0,0
2012/10/10,0,0,0,0
2012/10/11,0,0,0,0
2012/10/12,0,0,-12000,-12000
2012/10/15,0,0,0,0
2012/10/16,0,0,0,0
2012/10/17,0,15000,0,15000
2012/10/18,0,20000,0,20000
2012/10/19,0,0,0,0
2012/10/22,0,0,0,0
2012/10/23,0,44000,0,44000
2012/10/24,0,0,0,0
2012/10/25,0,0,-5000,-5000
2012/10/26,0,1500000,0,1500000
2012/10/29,0,1105000,-24588,1080412
2012/10/30,0,0,0,0
2012/10/31,0,0,-18000,-18000
2012/11/01,0,0,0,0
2012/11/02,0,195000,-44000,151000
2012/11/05,0,0,-20000,-20000
2012/11/06,0,0,0,0
2012/11/07,0,0,0,0
2012/11/08,0,0,-9000,-9000
2012/11/09,0,0,-1500,-1500
2012/11/12,0,0,-130000,-130000
2012/11/13,0,7000,0,7000
2012/11/14,0,267000,-30000,237000
2012/11/15,0,275000,-85000,190000
2012/11/16,0,0,-640,-640
2012/11/19,0,270000,-14000,256000
2012/11/20,0,355000,0,355000
2012/11/21,0,406000,0,406000
2012/11/22,0,0,0,0
2012/11/23,0,416000,0,416000
2012/11/26,0,0,0,0
2012/11/27,0,0,-33000,-33000
2012/11/28,0,13000,-19000,-6000
2012/11/29,0,1500000,0,1500000
2012/11/30,0,1500000,-14000,1486000
2012/12/03,0,321000,0,321000
2012/12/04,0,25000,-5000,20000
2012/12/05,0,446000,-10000,436000
2012/12/06,0,25000,0,25000
2012/12/07,0,281000,0,281000
2012/12/10,0,0,-120000,-120000
2012/12/11,0,50000,0,50000
2012/12/12,0,300000,0,300000
2012/12/13,0,1767000,-9000,1758000
2012/12/14,0,556000,-575000,-19000
2012/12/17,0,0,-720000,-720000
2012/12/18,0,0,-458000,-458000
2012/12/19,0,1133000,-250000,883000
2012/12/20,0,200000,-355000,-155000
2012/12/21,0,850000,-243500,606500
2012/12/24,0,0,0,0
2012/12/25,0,0,0,0
2012/12/26,0,1115000,-777997,337003
2012/12/27,0,2368000,0,2368000
2012/12/28,0,720000,0,720000
2012/12/31,0,0,0,0
2013/01/01,0,0,0,0
2013/01/02,0,200000,0,200000
2013/01/03,0,1988000,-19000,1969000
2013/01/04,0,2608000,-53000,2555000
2013/01/07,0,1000000,-337000,663000
2013/01/08,0,1050000,-10000,1040000
2013/01/09,0,230000,-44000,186000
2013/01/10,0,260000,0,260000
2013/01/11,0,81000,-36000,45000
2013/01/14,0,1315000,0,1315000
2013/01/15,0,1313000,-22000,1291000
2013/01/16,0,0,-369000,-369000
2013/01/17,0,0,-984803,-984803
2013/01/18,0,0,-38000,-38000
2013/01/21,0,0,-1492000,-1492000
2013/01/22,0,0,-3333000,-3333000
2013/01/23,0,50000,-7000,43000
2013/01/24,0,10000,-49000,-39000
2013/01/25,0,50000,-324000,-274000
2013/01/28,0,100000,0,100000
2013/01/29,0,0,-1000,-1000
2013/01/30,0,0,-265000,-265000
2013/01/31,0,118000,-19000,99000
2013/02/01,0,0,-2300000,-2300000
2013/02/04,0,309000,-256000,53000
2013/02/05,0,0,-489000,-489000
2013/02/06,0,3000,-213000,-210000
2013/02/07,0,0,0,0
2013/02/08,0,0,0,0
2013/02/11,0,0,0,0
2013/02/12,0,0,0,0
2013/02/13,0,0,0,0
2013/02/14,0,0,0,0
2013/02/15,0,0,0,0
2013/02/18,0,0,-465000,-465000
2013/02/19,0,0,-1275000,-1275000
2013/02/20,0,0,-1903000,-1903000
2013/02/21,0,0,-1824000,-1824000
2013/02/22,0,0,-43000,-43000
2013/02/25,0,0,-1397000,-1397000
2013/02/26,0,0,-455000,-455000
2013/02/27,0,0,-149000,-149000
2013/02/28,0,0,0,0
2013/03/01,0,0,-1121000,-1121000
2013/03/04,0,0,-229000,-229000
2013/03/05,0,0,-1565000,-1565000
2013/03/06,0,0,-17000,-17000
2013/03/07,0,0,0,0
2013/03/08,0,0,-46000,-46000
2013/03/11,0,0,-875000,-875000
2013/03/12,0,0,-1217000,-1217000
2013/03/13,0,0,-12000,-12000
2013/03/14,0,1321000,-34000,1287000
2013/03/15,0,15665000,-36000,15629000
2013/03/18,0,1000,-3951000,-3950000
2013/03/19,0,0,0,0
2013/03/20,0,0,-8000,-8000
2013/03/21,0,0,0,0
2013/03/22,0,0,-18000,-18000
2013/03/25,0,0,-556000,-556000
2013/03/26,0,0,0,0
2013/03/27,0,0,-175000,-175000
2013/03/28,0,0,0,0
2013/03/29,0,0,-23000,-23000
2013/04/01,0,0,-8000,-8000
2013/04/02,0,0,-63000,-63000
2013/04/03,0,0,-10000,-10000
2013/04/04,0,0,0,0
2013/04/05,0,0,0,0
2013/04/08,0,0,-15000,-15000
2013/04/09,0,0,-18000,-18000
2013/04/10,0,0,-65000,-65000
2013/04/11,0,0,0,0
2013/04/12,0,0,-2000,-2000
2013/04/15,0,0,-127000,-127000
2013/04/16,0,0,0,0
2013/04/17,0,54000,-30000,24000
2013/04/18,0,0,0,0
2013/04/19,0,43973,-360000,-316027
2013/04/22,0,0,-2865040,-2865040
2013/04/23,0,0,-35000,-35000
2013/04/24,0,0,-6000,-6000
2013/04/25,0,0,-123000,-123000
2013/04/26,0,0,-18000,-18000
2013/04/29,0,0,-38000,-38000
2013/04/30,0,0,0,0
2013/05/01,0,0,0,0
2013/05/02,0,0,-1059000,-1059000
2013/05/03,0,0,-1892103,-1892103
2013/05/06,0,0,-618000,-618000
2013/05/07,0,0,-100000,-100000
2013/05/08,0,0,-600000,-600000
2013/05/09,0,0,-610000,-610000
2013/05/10,0,0,-344000,-344000
2013/05/13,0,0,-477000,-477000
2013/05/14,0,1000,-101000,-100000
2013/05/15,0,0,0,0
2013/05/16,0,0,0,0
2013/05/17,0,0,-52000,-52000
2013/05/20,0,0,-20000,-20000
2013/05/21,0,0,-17000,-17000
2013/05/22,0,0,-258695,-258695
2013/05/23,0,0,-8000,-8000
2013/05/24,0,0,-40000,-40000
2013/05/27,0,0,-21000,-21000
2013/05/28,0,0,0,0
2013/05/29,0,0,0,0
2013/05/30,0,1000,0,1000
2013/05/31,0,4000,0,4000
2013/06/03,0,0,0,0
2013/06/04,0,0,0,0
2013/06/05,0,0,0,0
2013/06/06,0,0,0,0
2013/06/07,0,0,0,0
2013/06/10,0,0,0,0
2013/06/11,0,102000,0,102000
2013/06/12,0,0,0,0
2013/06/13,0,91000,-1000,90000
2013/06/14,0,0,0,0
2013/06/17,0,0,-3000,-3000
2013/06/18,0,0,-11000,-11000
2013/06/19,0,0,-2000,-2000
2013/06/20,0,0,0,0
2013/06/21,0,11000,-180000,-169000
2013/06/24,0,59000,-166000,-107000
2013/06/25,0,0,0,0
2013/06/26,0,0,-29000,-29000
2013/06/27,0,0,-2000,-2000
2013/06/28,0,6000,0,6000
2013/07/01,0,0,-18000,-18000
2013/07/02,0,0,-331000,-331000
2013/07/03,0,0,-1000,-1000
2013/07/04,0,0,-57000,-57000
2013/07/05,0,0,-663100,-663100
2013/07/08,0,0,0,0
2013/07/09,0,0,0,0
2013/07/10,0,0,0,0
2013/07/11,0,0,-37504,-37504
2013/07/12,0,0,-40000,-40000
2013/07/15,0,0,0,0
2013/07/16,0,0,0,0
2013/07/17,0,0,0,0
2013/07/18,0,0,-28000,-28000
2013/07/19,0,6000,-10000,-4000
2013/07/22,0,1825000,0,1825000
2013/07/23,0,3000,0,3000
2013/07/24,0,3000,-56000,-53000
2013/07/25,0,1000,0,1000
2013/07/26,0,0,0,0
2013/07/29,0,0,0,0
2013/07/30,0,93000,0,93000
2013/07/31,0,176000,-3000,173000
2013/08/01,0,0,0,0
2013/08/02,0,0,0,0
2013/08/05,0,0,-24000,-24000
2013/08/06,0,0,0,0
2013/08/07,0,0,0,0
2013/08/08,0,0,0,0
2013/08/09,0,0,0,0
2013/08/12,0,0,0,0
2013/08/13,0,1243000,0,1243000
2013/08/14,0,16000,0,16000
2013/08/15,0,1000,-6000,-5000
2013/08/16,0,24000,0,24000
2013/08/19,0,20000,0,20000
2013/08/20,0,613000,0,613000
2013/08/21,0,0,0,0
2013/08/22,0,159000,0,159000
2013/08/23,0,171000,0,171000
2013/08/26,0,268000,0,268000
2013/08/27,0,0,0,0
2013/08/28,0,163000,0,163000
2013/08/29,0,0,0,0
2013/08/30,0,31000,-14000,17000
2013/09/02,0,0,0,0
2013/09/03,0,0,-295,-295
2013/09/04,0,538000,0,538000
2013/09/05,0,240000,-15000,225000
2013/09/06,0,21000,0,21000
2013/09/09,0,0,-5000,-5000
2013/09/10,0,935000,0,935000
2013/09/11,0,579000,0,579000
2013/09/12,0,29000,0,29000
2013/09/13,0,35000,-8000,27000
2013/09/16,0,69000,0,69000
2013/09/17,0,0,-90000,-90000
2013/09/18,0,22000,-940000,-918000
2013/09/19,0,0,0,0
2013/09/20,0,0,0,0
2013/09/23,0,0,0,0
2013/09/24,0,0,0,0
2013/09/25,0,1088000,0,1088000
2013/09/26,0,255000,0,255000
2013/09/27,0,0,-5000,-5000
2013/09/30,0,9000,-5000,4000
2013/10/01,0,4000,0,4000
2013/10/02,0,0,-275000,-275000
2013/10/03,0,21000,0,21000
2013/10/04,0,3000,0,3000
2013/10/07,0,151000,0,151000
2013/10/08,0,0,0,0
2013/10/09,0,0,0,0
2013/10/10,0,0,0,0
2013/10/11,0,0,0,0
2013/10/14,0,0,0,0
2013/10/15,0,0,-450000,-450000
2013/10/16,0,0,0,0
2013/10/17,0,3000,0,3000
2013/10/18,0,1010000,0,1010000
2013/10/21,0,202000,0,202000
2013/10/22,0,0,-40000,-40000
2013/10/23,0,0,-3000,-3000
2013/10/24,0,1000,0,1000
2013/10/25,0,0,0,0
2013/10/28,0,0,-91000,-91000
2013/10/29,0,183000,-4000,179000
2013/10/30,0,0,0,0
2013/10/31,0,1000,0,1000
2013/11/01,0,1000,0,1000
2013/11/04,0,0,0,0
2013/11/05,0,0,0,0
2013/11/06,0,0,0,0
2013/11/07,0,0,0,0
2013/11/08,0,0,-182000,-182000
2013/11/11,0,0,0,0
2013/11/12,0,0,0,0
2013/11/13,0,0,-120000,-120000
2013/11/14,0,0,0,0
2013/11/15,0,0,-10,-10
2013/11/18,0,143000,0,143000
2013/11/19,0,0,-60000,-60000
2013/11/20,0,0,-125000,-125000
2013/11/21,0,0,-47390,-47390
2013/11/22,0,0,-1000,-1000
2013/11/25,0,5353,0,5353
2013/11/26,0,0,-2000,-2000
2013/11/27,0,197000,-1000,196000
2013/11/28,0,0,0,0
2013/11/29,0,219000,-12000,207000
2013/12/02,0,174000,-200000,-26000
2013/12/03,0,0,-150000,-150000
2013/12/04,0,447000,-100000,347000
2013/12/05,0,0,-125000,-125000
2013/12/06,0,0,0,0
2013/12/09,0,0,0,0
2013/12/10,0,211000,0,211000
2013/12/11,0,0,0,0
2013/12/12,0,59000,0,59000
2013/12/13,0,350000,-6000,344000
2013/12/16,0,0,-30000,-30000
2013/12/17,0,310000,-12000,298000
2013/12/18,0,125000,0,125000
2013/12/19,0,0,0,0
2013/12/20,0,111000,0,111000
2013/12/23,0,0,0,0
2013/12/24,0,3280000,-43000,3237000
2013/12/25,0,852000,-37000,815000
2013/12/26,0,324000,0,324000
2013/12/27,0,1957000,0,1957000
2013/12/30,0,1374000,-49000,1325000
2013/12/31,0,0,-14000,-14000
2014/01/02,0,0,-73000,-73000
2014/01/03,0,0,-6000,-6000
2014/01/06,0,450000,-28000,422000
2014/01/07,0,0,-11000,-11000
2014/01/08,0,2000,0,2000
2014/01/09,0,0,0,0
2014/01/10,0,0,-168000,-168000
2014/01/13,0,1000000,0,1000000
2014/01/14,0,59000,0,59000
2014/01/15,0,717000,-419000,298000
2014/01/16,0,0,0,0
2014/01/17,0,0,0,0
2014/01/20,0,0,0,0
2014/01/21,0,91000,-28000,63000
2014/01/22,0,101000,-25000,76000
2014/01/23,0,0,0,0
2014/01/24,0,0,-24000,-24000
2014/01/27,0,0,-15000,-15000
2014/02/05,0,0,0,0
2014/02/06,0,932000,0,932000
2014/02/07,0,359000,0,359000
2014/02/10,0,113000,0,113000
2014/02/11,0,0,-237000,-237000
2014/02/12,0,0,-101000,-101000
2014/02/13,0,75000,-59000,16000
2014/02/14,0,0,-342,-342
2014/02/17,0,0,0,0
2014/02/18,0,0,0,0
2014/02/19,0,0,-53000,-53000
2014/02/20,0,0,-80000,-80000
2014/02/21,0,0,-314000,-314000
2014/02/24,0,0,-203000,-203000
2014/02/25,0,0,0,0
2014/02/26,0,0,0,0
2014/02/27,0,0,-9000,-9000
2014/03/03,0,0,0,0
2014/03/04,0,0,0,0
2014/03/05,0,400000,-591000,-191000
2014/03/06,0,0,-413000,-413000
2014/03/07,0,0,-298000,-298000
2014/03/10,0,0,-966000,-966000
2014/03/11,0,0,-1118000,-1118000
2014/03/12,0,0,-1109000,-1109000
2014/03/13,0,0,-268000,-268000
2014/03/14,0,0,-11000,-11000
2014/03/17,0,0,-270000,-270000
2014/03/18,0,0,-1000,-1000
2014/03/19,0,0,0,0
2014/03/20,0,0,0,0
2014/03/21,0,0,-165000,-165000
2014/03/24,0,0,0,0
2014/03/25,0,400000,0,400000
2014/03/26,0,0,-759000,-759000
2014/03/27,0,0,-506000,-506000
2014/03/28,0,0,-19000,-19000
2014/03/31,0,0,0,0
2014/04/01,0,0,-113000,-113000
2014/04/02,0,0,0,0
2014/04/03,0,0,-190000,-190000
2014/04/07,0,0,-40000,-40000
2014/04/08,0,0,-471000,-471000
2014/04/09,0,0,-296000,-296000
2014/04/10,0,25257,0,25257
2014/04/11,0,0,0,0
2014/04/14,0,0,0,0
2014/04/15,0,0,0,0
2014/04/16,0,0,-3000,-3000
2014/04/17,0,0,-6000,-6000
2014/04/18,0,0,-234000,-234000
2014/04/21,0,0,-171000,-171000
2014/04/22,0,0,-407000,-407000
2014/04/23,0,0,-14000,-14000
2014/04/24,0,0,-100000,-100000
2014/04/25,0,0,0,0
2014/04/28,0,0,0,0
2014/04/29,0,0,0,0
2014/04/30,0,0,-510000,-510000
2014/05/02,0,0,0,0
2014/05/05,0,0,0,0
2014/05/06,0,0,-224000,-224000
2014/05/07,0,0,-334000,-334000
2014/05/08,0,0,-154000,-154000
2014/05/09,0,0,-5000,-5000
2014/05/12,0,0,0,0
2014/05/13,0,0,-3000,-3000
2014/05/14,0,0,-76000,-76000
2014/05/15,0,0,-238000,-238000
2014/05/16,0,0,-650000,-650000
2014/05/19,0,0,-409000,-409000
2014/05/20,0,0,-943000,-943000
2014/05/21,0,0,-719000,-719000
2014/05/22,0,0,-445000,-445000
2014/05/23,0,0,0,0
2014/05/26,0,0,-30000,-30000
2014/05/27,0,0,-228000,-228000
2014/05/28,0,0,-118000,-118000
2014/05/29,0,0,-14000,-14000
2014/05/30,0,0,-48000,-48000
2014/06/03,0,0,-504000,-504000
2014/06/04,0,0,0,0
2014/06/05,0,0,0,0
2014/06/06,0,0,-3000,-3000
2014/06/09,0,0,-52000,-52000
2014/06/10,0,3000,-376000,-373000
2014/06/11,0,0,-52000,-52000
2014/06/12,0,2000,-38000,-36000
2014/06/13,0,0,-44000,-44000
2014/06/16,0,0,-42000,-42000
2014/06/17,0,0,0,0
2014/06/18,0,5000,-20000,-15000
2014/06/19,0,0,0,0
2014/06/20,0,0,-766200,-766200
2014/06/23,0,0,0,0
2014/06/24,0,0,-98000,-98000
2014/06/25,0,0,-17000,-17000
2014/06/26,0,0,0,0
2014/06/27,0,0,0,0
2014/06/30,0,0,-91000,-91000
2014/07/01,0,0,0,0
2014/07/02,0,0,-16676,-16676
2014/07/03,0,0,0,0
2014/07/04,0,0,0,0
2014/07/07,0,0,0,0
2014/07/08,0,0,-13000,-13000
2014/07/09,0,0,0,0
2014/07/10,0,0,0,0
2014/07/11,0,0,-92000,-92000
2014/07/14,0,0,0,0
2014/07/15,0,0,-109000,-109000
2014/07/16,0,0,0,0
2014/07/17,0,79000,0,79000
2014/07/18,0,0,0,0
2014/07/21,0,0,0,0
2014/07/22,0,60000,0,60000
2014/07/23,0,0,0,0
2014/07/24,0,2726000,0,2726000
2014/07/25,0,3018000,0,3018000
2014/07/28,0,1600000,0,1600000
2014/07/29,0,73000,0,73000
2014/07/30,0,391000,-5000,386000
2014/07/31,0,279000,0,279000
2014/08/01,0,89000,0,89000
2014/08/04,0,0,-2000,-2000
2014/08/05,0,52000,0,52000
2014/08/06,0,25000,0,25000
2014/08/07,0,1849000,0,1849000
2014/08/08,0,958000,0,958000
2014/08/11,0,653000,0,653000
2014/08/12,0,833000,0,833000
2014/08/13,0,735000,0,735000
2014/08/14,0,169000,0,169000
2014/08/15,0,29000,0,29000
2014/08/18,0,6000,0,6000
2014/08/19,0,255000,0,255000
2014/08/20,0,14000,0,14000
2014/08/21,0,323000,0,323000
2014/08/22,0,0,0,0
2014/08/25,0,0,0,0
2014/08/26,0,5000,-3000,2000
2014/08/27,0,6000,0,6000
2014/08/28,0,142000,0,142000
2014/08/29,0,5000,-1000,4000
2014/09/01,0,0,0,0
2014/09/02,0,0,0,0
2014/09/03,0,61000,0,61000
2014/09/04,0,1141000,0,1141000
2014/09/05,0,58000,0,58000
2014/09/09,0,300000,0,300000
2014/09/10,0,0,0,0
2014/09/11,0,301000,-365000,-64000
2014/09/12,0,84000,0,84000
2014/09/15,0,13000,0,13000
2014/09/16,0,32000,0,32000
2014/09/17,0,78000,0,78000
2014/09/18,0,456000,0,456000
2014/09/19,0,124000,-43000,81000
2014/09/22,0,131702,0,131702
2014/09/23,0,889000,-2000,887000
2014/09/24,0,210000,0,210000
2014/09/25,0,150000,0,150000
2014/09/26,0,0,0,0
2014/09/29,0,365000,0,365000
2014/09/30,0,1018000,0,1018000
2014/10/01,0,30000,0,30000
2014/10/02,0,183000,0,183000
2014/10/03,0,90000,0,90000
2014/10/06,0,170000,0,170000
2014/10/07,0,8000,0,8000
2014/10/08,0,7000,0,7000
2014/10/09,0,1518000,-3680,1514320
2014/10/13,0,1592000,0,1592000
2014/10/14,0,1018000,0,1018000
2014/10/15,0,197000,0,197000
2014/10/16,0,90000,0,90000
2014/10/17,0,221000,0,221000
2014/10/20,0,131000,0,131000
2014/10/21,0,174000,0,174000
2014/10/22,0,40000,0,40000
2014/10/23,0,168000,0,168000
2014/10/24,0,0,0,0
2014/10/27,0,0,-813000,-813000
2014/10/28,0,0,-800000,-800000
2014/10/29,0,14000,-800000,-786000
2014/10/30,0,685000,-500000,185000
2014/10/31,0,628000,-13000,615000
2014/11/03,0,0,-603000,-603000
2014/11/04,0,821000,-610000,211000
2014/11/05,0,120000,-638000,-518000
2014/11/06,0,18000,-250000,-232000
2014/11/07,0,327000,-57000,270000
2014/11/10,0,0,0,0
2014/11/11,0,354000,0,354000
2014/11/12,0,384000,0,384000
2014/11/13,0,0,0,0
2014/11/14,0,0,0,0
2014/11/17,0,0,-108000,-108000
2014/11/18,0,50000,0,50000
2014/11/19,0,52000,0,52000
2014/11/20,0,69000,-202000,-133000
2014/11/21,0,0,-70000,-70000
2014/11/24,0,0,0,0
2014/11/25,0,4000,-133000,-129000
2014/11/26,0,0,-2000,-2000
2014/11/27,0,0,-10000,-10000
2014/11/28,0,0,0,0
2014/12/01,0,0,0,0
2014/12/02,0,45000,0,45000
2014/12/03,0,50000,-363000,-313000
2014/12/04,0,0,-130000,-130000
2014/12/05,0,5000000,-551000,4449000
2014/12/08,0,5173000,-10000,5163000
2014/12/09,0,190000,0,190000
2014/12/10,0,0,-29000,-29000
2014/12/11,0,1515000,-6237,1508763
2014/12/12,0,210000,0,210000
2014/12/15,0,0,0,0
2014/12/16,0,10000,-42000,-32000
2014/12/17,0,570000,-557000,13000
2014/12/18,0,0,0,0
2014/12/19,0,5312000,-28000,5284000
2014/12/22,0,0,0,0
2014/12/23,0,534000,-1000,533000
2014/12/24,0,3025000,0,3025000
2014/12/25,0,1445000,0,1445000
2014/12/26,0,5824000,0,5824000
2014/12/29,0,2200000,-21000,2179000
2014/12/30,0,0,-9000,-9000
2014/12/31,0,607000,-4000,603000
2015/01/01,0,0,0,0
2015/01/02,0,0,0,0
2015/01/05,0,44000,0,44000
2015/01/06,0,814000,0,814000
2015/01/07,0,1777000,-7000,1770000
2015/01/08,0,412000,0,412000
2015/01/09,0,3229000,0,3229000
2015/01/12,0,0,0,0
2015/01/13,0,120000,0,120000
2015/01/14,0,86000,-10000,76000
2015/01/15,0,735000,0,735000
2015/01/16,0,0,0,0
2015/01/19,0,0,-405000,-405000
2015/01/20,0,0,-57000,-57000
2015/01/21,0,500000,0,500000
2015/01/22,0,896000,0,896000
2015/01/23,0,0,-54000,-54000
2015/01/26,0,0,-329000,-329000
2015/01/27,0,0,0,0
2015/01/28,0,0,-10000,-10000
2015/01/29,0,0,0,0
2015/01/30,0,0,-80000,-80000
2015/02/02,0,0,-550000,-550000
2015/02/03,0,0,-682800,-682800
2015/02/04,0,0,-633000,-633000
2015/02/05,0,0,-158000,-158000
2015/02/06,0,0,0,0
2015/02/09,0,0,0,0
2015/02/10,0,0,-128000,-128000
2015/02/11,0,674000,-132000,542000
2015/02/12,0,0,-3604000,-3604000
2015/02/13,0,0,-1838000,-1838000
2015/02/16,0,0,0,0
2015/02/17,0,0,0,0
2015/02/18,0,0,0,0
2015/02/19,0,0,0,0
2015/02/20,0,0,0,0
2015/02/23,0,0,0,0
2015/02/24,0,0,-345000,-345000
2015/02/25,0,0,-3957780,-3957780
2015/02/26,0,0,-1210000,-1210000
2015/02/27,0,0,0,0
2015/03/02,0,0,-3334000,-3334000
2015/03/03,0,0,-206000,-206000
2015/03/04,0,0,-2145000,-2145000
2015/03/05,0,0,-14000,-14000
2015/03/06,0,0,-200000,-200000
2015/03/09,0,275000,-1034000,-759000
2015/03/10,0,0,0,0
2015/03/11,0,0,-550000,-550000
2015/03/12,0,0,-1817,-1817
2015/03/13,0,0,0,0
2015/03/16,0,0,-3000,-3000
2015/03/17,0,0,-1103000,-1103000
2015/03/18,0,0,-1500000,-1500000
2015/03/19,0,0,-156000,-156000
2015/03/20,0,6000,-1481000,-1475000
2015/03/23,0,0,-16000,-16000
2015/03/24,0,0,-11000,-11000
2015/03/25,0,0,-4000,-4000
2015/03/26,0,0,-12000,-12000
2015/03/27,0,0,-155000,-155000
2015/03/30,0,0,0,0
2015/03/31,0,0,0,0
2015/04/01,0,0,0,0
2015/04/02,0,0,0,0
2015/04/03,0,0,0,0
2015/04/06,0,0,0,0
2015/04/07,0,0,0,0
2015/04/08,0,0,0,0
2015/04/09,0,0,0,0
2015/04/10,0,0,0,0
2015/04/13,0,0,0,0
2015/04/14,0,0,-11000,-11000
2015/04/15,0,10000,0,10000
2015/04/16,0,0,0,0
2015/04/17,0,0,0,0
2015/04/20,0,0,-12000,-12000
2015/04/21,0,0,0,0
2015/04/22,0,0,-180000,-180000
2015/04/23,0,247000,0,247000
2015/04/24,0,0,-6000,-6000
2015/04/27,0,0,-3135000,-3135000
2015/04/28,0,156000,-3006000,-2850000
2015/04/29,0,0,-2108000,-2108000
2015/04/30,0,0,-262000,-262000
2015/05/01,0,0,0,0
2015/05/04,0,0,0,0
2015/05/05,0,0,-633000,-633000
2015/05/06,0,2000000,-3132000,-1132000
2015/05/07,0,0,0,0
2015/05/08,0,0,-513000,-513000
2015/05/11,0,5000,-4023000,-4018000
2015/05/12,0,0,0,0
2015/05/13,0,0,0,0
2015/05/14,0,176000,0,176000
2015/05/15,0,52000,-9000,43000
2015/05/18,0,0,0,0
2015/05/19,0,0,-50000,-50000
2015/05/20,0,1014000,-112000,902000
2015/05/21,0,0,-25000,-25000
2015/05/22,0,0,-20000,-20000
2015/05/25,0,0,0,0
2015/05/26,0,0,-20000,-20000
2015/05/27,0,0,0,0
2015/05/28,0,9000,0,9000
2015/05/29,0,0,-5000,-5000
2015/06/01,0,0,0,0
2015/06/02,0,0,0,0
2015/06/03,0,0,-127000,-127000
2015/06/04,0,36,-109000,-108964
2015/06/05,0,0,-516297,-516297
2015/06/08,0,0,0,0
2015/06/09,0,0,-10000,-10000
2015/06/10,0,0,-50000,-50000
2015/06/11,0,0,-11000,-11000
2015/06/12,0,0,-29000,-29000
2015/06/15,0,0,-174000,-174000
2015/06/16,0,0,-131000,-131000
2015/06/17,0,0,-44000,-44000
2015/06/18,0,0,-40000,-40000
2015/06/19,0,0,0,0
2015/06/22,0,2000,-47000,-45000
2015/06/23,0,131000,0,131000
2015/06/24,0,0,-135000,-135000
2015/06/25,0,0,-40000,-40000
2015/06/26,0,0,-3000,-3000
2015/06/29,0,0,-501000,-501000
2015/06/30,0,0,-120000,-120000
2015/07/01,0,0,-33000,-33000
2015/07/02,0,0,-23000,-23000
2015/07/03,0,0,0,0
2015/07/06,0,0,0,0
2015/07/07,0,0,-34000,-34000
2015/07/08,0,0,-17000,-17000
2015/07/09,0,7000,-35000,-28000
2015/07/10,0,0,0,0
2015/07/13,0,0,-1000,-1000
2015/07/14,0,0,0,0
2015/07/15,0,75000,0,75000
2015/07/16,0,0,0,0
2015/07/17,0,198000,0,198000
2015/07/20,0,0,-1000000,-1000000
2015/07/21,0,6000,0,6000
2015/07/22,0,0,0,0
2015/07/23,0,107000,0,107000
2015/07/24,0,292000,0,292000
2015/07/27,0,0,0,0
2015/07/28,0,220000,0,220000
2015/07/29,0,84000,0,84000
2015/07/30,0,53000,0,53000
2015/07/31,0,13000,0,13000
2015/08/03,0,294000,0,294000
2015/08/04,0,174000,0,174000
2015/08/05,0,136000,0,136000
2015/08/06,0,164000,0,164000
2015/08/07,0,228000,0,228000
2015/08/10,0,214000,0,214000
2015/08/11,0,15000,0,15000
2015/08/12,0,266000,0,266000
2015/08/13,0,27000,0,27000
2015/08/14,0,0,0,0
2015/08/17,0,11000,0,11000
2015/08/18,0,1000,-230000,-229000
2015/08/19,0,5000,0,5000
2015/08/20,0,8000,-500000,-492000
2015/08/21,0,2000,0,2000
2015/08/24,0,0,0,0
2015/08/25,0,951,0,951
2015/08/26,0,199000,0,199000
2015/08/27,0,1000,0,1000
2015/08/28,0,13000,-5000,8000
2015/08/31,0,5000,-122000,-117000
2015/09/01,0,139000,-152000,-13000
2015/09/02,0,299000,0,299000
2015/09/03,0,125000,0,125000
2015/09/04,0,0,-2000,-2000
2015/09/07,0,77000,0,77000
2015/09/08,0,41000,0,41000
2015/09/09,0,3000,0,3000
2015/09/10,0,0,0,0
2015/09/11,0,41000,0,41000
2015/09/14,0,20000,0,20000
2015/09/15,0,22000,0,22000
2015/09/16,0,2000,0,2000
2015/09/17,0,0,0,0
2015/09/18,0,0,-908000,-908000
2015/09/21,0,30000,0,30000
2015/09/22,0,7037,-7000,37
2015/09/23,0,0,0,0
2015/09/24,0,0,0,0
2015/09/25,0,1000,0,1000
2015/09/28,0,0,0,0
2015/09/29,0,0,0,0
2015/09/30,0,0,-2275000,-2275000
2015/10/01,0,25000,-84000,-59000
2015/10/02,0,165000,0,165000
2015/10/05,0,0,0,0
2015/10/06,0,6000,0,6000
2015/10/07,0,14000,-2126000,-2112000
2015/10/08,0,0,0,0
2015/10/09,0,0,0,0
2015/10/12,0,0,0,0
2015/10/13,0,197000,0,197000
2015/10/14,0,0,0,0
2015/10/15,0,0,0,0
2015/10/16,0,27000,0,27000
2015/10/19,0,0,0,0
2015/10/20,0,0,0,0
2015/10/21,0,0,0,0
2015/10/22,0,0,0,0
2015/10/23,0,0,-189000,-189000
2015/10/26,0,0,0,0
2015/10/27,0,0,0,0
2015/10/28,0,0,0,0
2015/10/29,0,0,-4000,-4000
2015/10/30,0,0,-3000,-3000
2015/11/02,0,0,0,0
2015/11/03,0,25000,0,25000
2015/11/04,0,134000,-1000,133000
2015/11/05,0,1000,0,1000
2015/11/06,0,0,0,0
2015/11/09,0,90000,0,90000
2015/11/10,0,0,0,0
2015/11/11,0,0,0,0
2015/11/12,0,0,0,0
2015/11/13,0,0,-2000,-2000
2015/11/16,0,0,0,0
2015/11/17,0,0,0,0
2015/11/18,0,3000,0,3000
2015/11/19,0,0,-262000,-262000
2015/11/20,0,250000,0,250000
2015/11/23,0,0,-6000,-6000
2015/11/24,0,0,0,0
2015/11/25,0,0,-500000,-500000
2015/11/26,0,0,-1924214,-1924214
2015/11/27,0,0,-1250000,-1250000
2015/11/30,0,2000,0,2000
2015/12/01,0,0,-1000,-1000
2015/12/02,0,132000,0,132000
2015/12/03,0,0,-97000,-97000
2015/12/04,0,0,0,0
2015/12/07,0,0,0,0
2015/12/08,0,0,0,0
2015/12/09,0,0,0,0
2015/12/10,0,0,-250000,-250000
2015/12/11,0,0,0,0
2015/12/14,0,0,-3758,-3758
2015/12/15,0,0,0,0
2015/12/16,0,0,-70000,-70000
2015/12/17,0,0,0,0
2015/12/18,0,150000,-55000,95000
2015/12/21,0,0,0,0
2015/12/22,0,0,0,0
2015/12/23,0,161000,0,161000
2015/12/24,0,2400000,0,2400000
2015/12/25,0,0,0,0
2015/12/28,0,0,-26000,-26000
2015/12/29,0,0,-71000,-71000
2015/12/30,0,0,0,0
2015/12/31,0,0,-6000000,-6000000
2016/01/01,0,0,0,0
2016/01/04,0,0,-50000,-50000
2016/01/05,0,1000000,-268000,732000
2016/01/06,0,501000,-197000,304000
2016/01/07,0,0,-11000,-11000
2016/01/08,0,572000,0,572000
2016/01/11,0,0,0,0
2016/01/12,0,0,-3000,-3000
2016/01/13,0,350000,-3000,347000
2016/01/14,0,0,0,0
2016/01/15,0,0,-74000,-74000
2016/01/18,0,0,-1950000,-1950000
2016/01/19,0,0,0,0
2016/01/20,0,0,-858000,-858000
2016/01/21,0,0,-2929000,-2929000
2016/01/22,0,250000,-5000000,-4750000
2016/01/25,0,250000,-2732520,-2482520
2016/01/26,0,0,-817000,-817000
2016/01/27,0,0,-575000,-575000
2016/01/28,0,0,0,0
2016/01/29,0,4000,0,4000
2016/02/01,0,0,0,0
2016/02/02,0,850000,0,850000
2016/02/03,0,0,0,0
2016/02/04,0,0,0,0
2016/02/05,0,0,0,0
2016/02/08,0,0,0,0
2016/02/09,0,0,0,0
2016/02/10,0,0,0,0
2016/02/11,0,0,0,0
2016/02/12,0,0,0,0
2016/02/15,0,0,-3389,-3389
2016/02/16,0,1152000,0,1152000
2016/02/17,0,285000,0,285000
2016/02/18,0,1298000,0,1298000
2016/02/19,0,1000,0,1000
2016/02/22,0,0,0,0
2016/02/23,0,1083000,0,1083000
2016/02/24,0,0,0,0
2016/02/25,0,0,0,0
2016/02/26,0,50000,0,50000
2016/02/29,0,0,0,0
2016/03/01,0,133000,0,133000
2016/03/02,0,140000,-76870,63130
2016/03/03,0,792000,0,792000
2016/03/04,0,5541000,0,5541000
2016/03/07,0,4520000,0,4520000
2016/03/08,0,3305000,-6000,3299000
2016/03/09,0,975000,-1439000,-464000
2016/03/10,0,2128000,-852000,1276000
2016/03/11,0,1971000,0,1971000
2016/03/14,0,175000,-367000,-192000
2016/03/15,0,1000,0,1000
2016/03/16,0,177000,-1000,176000
2016/03/17,0,182000,0,182000
2016/03/18,0,312000,0,312000
2016/03/21,0,206000,0,206000
2016/03/22,0,483000,0,483000
2016/03/23,0,104000,0,104000
2016/03/24,0,0,0,0
2016/03/25,0,128000,-2375000,-2247000
2016/03/28,0,107000,-103000,4000
2016/03/29,0,0,-1000,-1000
2016/03/30,0,0,0,0
2016/03/31,0,0,0,0
2016/04/01,0,0,0,0
2016/04/04,0,0,0,0
2016/04/05,0,0,0,0
2016/04/06,0,0,-4650000,-4650000
2016/04/07,0,0,-1910000,-1910000
2016/04/08,0,0,-1046000,-1046000
2016/04/11,0,0,-207000,-207000
2016/04/12,0,65000,0,65000
2016/04/13,0,252000,-133000,119000
2016/04/14,0,2903000,0,2903000
2016/04/15,0,755000,-136000,619000
2016/04/18,0,301000,0,301000
2016/04/19,0,220000,0,220000
2016/04/20,0,950000,-2000,948000
2016/04/21,0,645000,0,645000
2016/04/22,0,680000,0,680000
2016/04/25,0,343000,-7000,336000
2016/04/26,0,293000,0,293000
2016/04/27,0,64000,0,64000
2016/04/28,0,0,-150000,-150000
2016/04/29,0,0,-980000,-980000
2016/05/02,0,0,0,0
2016/05/03,0,0,-264000,-264000
2016/05/04,0,0,-1060000,-1060000
2016/05/05,0,200000,-470000,-270000
2016/05/06,0,290000,0,290000
2016/05/09,0,0,0,0
2016/05/10,0,50000,-618091,-568091
2016/05/11,0,0,-1007000,-1007000
2016/05/12,0,0,0,0
2016/05/13,0,0,-242000,-242000
2016/05/16,0,0,-2714000,-2714000
2016/05/17,0,0,-500000,-500000
2016/05/18,0,0,0,0
2016/05/19,0,0,-5484000,-5484000
2016/05/20,0,0,0,0
2016/05/23,0,250000,0,250000
2016/05/24,0,0,0,0
2016/05/25,0,0,0,0
2016/05/26,0,700000,0,700000
2016/05/27,0,0,-262000,-262000
2016/05/30,0,0,0,0
2016/05/31,0,0,-5000,-5000
2016/06/01,0,0,-558000,-558000
2016/06/02,0,0,0,0
2016/06/03,0,0,-1000,-1000
2016/06/06,0,0,0,0
2016/06/07,0,0,0,0
2016/06/08,0,130000,0,130000
2016/06/09,0,0,0,0
2016/06/10,0,0,0,0
2016/06/13,0,0,0,0
2016/06/14,0,0,0,0
2016/06/15,0,0,-131000,-131000
2016/06/16,0,0,-48000,-48000
2016/06/17,0,12000,-141000,-129000
2016/06/20,0,0,-26000,-26000
2016/06/21,0,0,0,0
2016/06/22,0,100000,0,100000
2016/06/23,0,0,0,0
2016/06/24,0,33000,-371000,-338000
2016/06/27,0,35000,0,35000
2016/06/28,0,0,0,0
2016/06/29,0,380000,0,380000
2016/06/30,0,0,0,0
2016/07/01,0,600000,-850000,-250000
2016/07/04,0,0,-1210000,-1210000
2016/07/05,0,0,-105000,-105000
2016/07/06,0,0,-111000,-111000
2016/07/07,0,0,-54981,-54981
2016/07/08,0,0,0,0
2016/07/11,0,0,0,0
2016/07/12,0,0,-337000,-337000
2016/07/13,0,0,0,0
2016/07/14,0,1948000,-6000,1942000
2016/07/15,0,3596000,0,3596000
2016/07/18,0,406000,0,406000
2016/07/19,0,223000,-551000,-328000
2016/07/20,0,929000,-159000,770000
2016/07/21,0,265000,-40000,225000
2016/07/22,0,182000,-41000,141000
2016/07/25,0,513000,-70000,443000
2016/07/26,0,170000,0,170000
2016/07/27,0,0,-409000,-409000
2016/07/28,0,0,-236000,-236000
2016/07/29,0,203500,-397000,-193500
2016/08/01,0,0,-545000,-545000
2016/08/02,0,0,-12000,-12000
2016/08/03,0,606000,-19000,587000
2016/08/04,0,493000,-5000,488000
2016/08/05,0,0,-9000,-9000
2016/08/08,0,203000,-14000,189000
2016/08/09,0,7000,-2000,5000
2016/08/10,0,420000,-1000,419000
2016/08/11,0,580000,-5000,575000
2016/08/12,0,621000,-87000,534000
2016/08/15,0,0,0,0
2016/08/16,0,0,-20000,-20000
2016/08/17,0,1128000,0,1128000
2016/08/18,0,260000,-8000,252000
2016/08/19,0,211000,-365000,-154000
2016/08/22,0,0,0,0
2016/08/23,0,63000,-4000,59000
2016/08/24,0,50000,-16000,34000
2016/08/25,0,0,-3000,-3000
2016/08/26,0,3000,0,3000
2016/08/29,0,0,-3000,-3000
2016/08/30,0,85000,-4000,81000
2016/08/31,0,3000,0,3000
2016/09/01,0,258000,0,258000
2016/09/02,0,0,0,0
2016/09/05,0,73000,-7000,66000
2016/09/06,0,50000,0,50000
2016/09/07,0,27000,-620000,-593000
2016/09/08,0,0,-18000,-18000
2016/09/09,0,3000,0,3000
2016/09/12,0,0,0,0
2016/09/13,0,1000,0,1000
2016/09/14,0,810000,0,810000
2016/09/15,0,0,0,0
2016/09/16,0,0,0,0
2016/09/19,0,0,0,0
2016/09/20,0,0,-1147000,-1147000
2016/09/21,0,414000,-300000,114000
2016/09/22,0,0,-71000,-71000
2016/09/23,0,0,-25000,-25000
2016/09/26,0,80000,0,80000
2016/09/27,0,0,0,0
2016/09/28,0,0,0,0
2016/09/29,0,0,0,0
2016/09/30,0,162744,0,162744
2016/10/03,0,0,0,0
2016/10/04,0,0,0,0
2016/10/05,0,0,0,0
2016/10/06,0,20000,0,20000
2016/10/07,0,2000,0,2000
2016/10/10,0,0,0,0
2016/10/11,0,3000,0,3000
2016/10/12,0,0,0,0
2016/10/13,0,0,0,0
2016/10/14,0,0,-200000,-200000
2016/10/17,0,248000,0,248000
2016/10/18,0,0,0,0
2016/10/19,0,180000,0,180000
2016/10/20,0,169000,0,169000
2016/10/21,0,166000,0,166000
2016/10/24,0,0,0,0
2016/10/25,0,0,0,0
2016/10/26,0,200000,0,200000
2016/10/27,0,1049000,0,1049000
2016/10/28,0,1543000,0,1543000
2016/10/31,0,1200000,0,1200000
2016/11/01,0,585000,-4000,581000
2016/11/02,0,130000,-2913,127087
2016/11/03,0,350000,-1000,349000
2016/11/04,0,1201000,0,1201000
2016/11/07,0,3246000,0,3246000
2016/11/08,0,5333000,0,5333000
2016/11/09,0,4364000,0,4364000
2016/11/10,0,7380000,0,7380000
2016/11/11,0,4010000,-64000,3946000
2016/11/14,0,3358000,-198000,3160000
2016/11/15,0,3380000,0,3380000
2016/11/16,0,166000,-3451000,-3285000
2016/11/17,0,1458000,-502000,956000
2016/11/18,0,253000,0,253000
2016/11/21,0,0,-190000,-190000
2016/11/22,0,349000,-150000,199000
2016/11/23,0,250000,-800000,-550000
2016/11/24,0,217000,-500000,-283000
2016/11/25,0,622000,0,622000
2016/11/28,0,1900000,-799000,1101000
2016/11/29,0,159000,-1100000,-941000
2016/11/30,0,1021000,-925000,96000
2016/12/01,0,212000,-4168000,-3956000
2016/12/02,0,0,-452000,-452000
2016/12/05,0,0,-456000,-456000
2016/12/06,0,65000,-1000,64000
2016/12/07,0,0,-1000,-1000
2016/12/08,0,644000,-757000,-113000
2016/12/09,0,0,-674000,-674000
2016/12/12,0,0,-12000,-12000
2016/12/13,0,373000,0,373000
2016/12/14,0,200000,0,200000
2016/12/15,0,0,0,0
2016/12/16,0,0,-647000,-647000
2016/12/19,0,0,-1570000,-1570000
2016/12/20,0,35000,-650000,-615000
2016/12/21,0,831000,-698000,133000
2016/12/22,0,0,-1122000,-1122000
2016/12/23,0,172000,-247000,-75000
2016/12/26,0,0,-1167000,-1167000
2016/12/27,0,0,-2140000,-2140000
2016/12/28,0,0,-500000,-500000
2016/12/29,0,0,0,0
2016/12/30,0,0,0,0
2017/01/02,0,0,0,0
2017/01/03,0,0,-2847000,-2847000
2017/01/04,0,0,-802000,-802000
2017/01/05,0,26000,-230000,-204000
2017/01/06,0,0,-518000,-518000
2017/01/09,0,0,-889000,-889000
2017/01/10,0,0,-190000,-190000
2017/01/11,0,0,-70000,-70000
2017/01/12,0,1138000,0,1138000
2017/01/13,0,235000,0,235000
2017/01/16,0,200000,-91000,109000
2017/01/17,0,0,-20000,-20000
2017/01/18,0,160000,-620000,-460000
2017/01/19,0,151000,-200000,-49000
2017/01/20,0,0,-229000,-229000
2017/01/23,0,3086,0,3086
2017/01/24,0,425000,0,425000
2017/01/25,0,0,0,0
2017/01/26,0,0,0,0
2017/01/27,0,0,0,0
2017/01/30,0,0,0,0
2017/01/31,0,0,0,0
2017/02/01,0,0,0,0
2017/02/02,0,200000,-100000,100000
2017/02/03,0,118000,0,118000
2017/02/06,0,0,-1145000,-1145000
2017/02/07,0,68000,-1195000,-1127000
2017/02/08,0,7000,-939800,-932800
2017/02/09,0,4000,-1130000,-1126000
2017/02/10,0,0,-2852000,-2852000
2017/02/13,0,42000,0,42000
2017/02/14,0,24000,0,24000
2017/02/15,0,1444000,0,1444000
2017/02/16,0,1208000,0,1208000
2017/02/17,0,175000,-846000,-671000
2017/02/20,0,508000,0,508000
2017/02/21,0,738000,-315000,423000
2017/02/22,0,621000,0,621000
2017/02/23,0,4000,-702000,-698000
2017/02/24,0,0,-1856000,-1856000
2017/02/27,0,0,0,0
2017/02/28,0,0,0,0
2017/03/01,0,0,0,0
2017/03/02,0,236000,0,236000
2017/03/03,0,7000,-1354000,-1347000
2017/03/06,0,0,-100000,-100000
2017/03/07,0,739000,-150000,589000
2017/03/08,0,0,-239000,-239000
2017/03/09,0,0,-50000,-50000
2017/03/10,0,0,-325000,-325000
2017/03/13,0,0,-266000,-266000
2017/03/14,0,0,-231000,-231000
2017/03/15,0,0,0,0
2017/03/16,0,0,0,0
2017/03/17,0,21000,-2000,19000
2017/03/20,0,3000,0,3000
2017/03/21,0,22000,0,22000
2017/03/22,0,0,-241000,-241000
2017/03/23,0,0,0,0
2017/03/24,0,4000,-176000,-172000
2017/03/27,0,0,-655000,-655000
2017/03/28,0,0,0,0
2017/03/29,0,0,0,0
2017/03/30,0,0,0,0
2017/03/31,0,0,-717000,-717000
2017/04/03,0,0,0,0
2017/04/04,0,0,0,0
2017/04/05,0,580000,-703000,-123000
2017/04/06,0,0,0,0
2017/04/07,0,7000,-1830000,-1823000
2017/04/10,0,6000,0,6000
2017/04/11,0,0,-250000,-250000
2017/04/12,0,53000,-250000,-197000
2017/04/13,0,0,-136000,-136000
2017/04/14,0,0,-324000,-324000
2017/04/17,0,0,-202000,-202000
2017/04/18,0,5000,-366000,-361000
2017/04/19,0,0,-1522000,-1522000
2017/04/20,0,4000,-768000,-764000
2017/04/21,0,0,-657000,-657000
2017/04/24,0,0,0,0
2017/04/25,0,0,-100081,-100081
2017/04/26,0,5000,-1630000,-1625000
2017/04/27,0,3000,-270000,-267000
2017/04/28,0,0,-249000,-249000
2017/05/01,0,0,0,0
2017/05/02,0,0,0,0
2017/05/03,0,125000,-825000,-700000
2017/05/04,0,0,-130000,-130000
2017/05/05,0,0,-320000,-320000
2017/05/08,0,0,0,0
2017/05/09,0,0,-799000,-799000
2017/05/10,0,0,0,0
2017/05/11,0,118000,-262000,-144000
2017/05/12,0,0,-9000,-9000
2017/05/15,0,617000,0,617000
2017/05/16,0,1814000,-56000,1758000
2017/05/17,0,0,-55000,-55000
2017/05/18,0,0,-264000,-264000
2017/05/19,0,0,0,0
2017/05/22,0,0,-5000,-5000
2017/05/23,0,0,-5000,-5000
2017/05/24,0,0,-40000,-40000
2017/05/25,0,0,-74000,-74000
2017/05/26,0,0,-86000,-86000
2017/05/29,0,0,0,0
2017/05/30,0,0,0,0
2017/05/31,0,21000,-135000,-114000
2017/06/01,0,0,-327000,-327000
2017/06/02,0,0,-361000,-361000
2017/06/05,0,0,-222000,-222000
2017/06/06,0,0,-294000,-294000
2017/06/07,0,0,-22000,-22000
2017/06/08,0,0,-8000,-8000
2017/06/09,0,0,-22000,-22000
2017/06/12,0,0,0,0
2017/06/13,0,0,0,0
2017/06/14,0,0,-43000,-43000
2017/06/15,0,0,0,0
2017/06/16,0,12000,-1000,11000
2017/06/19,0,18000,-37000,-19000
2017/06/20,0,1000,-45000,-44000
2017/06/21,0,0,0,0
2017/06/22,0,0,0,0
2017/06/23,0,0,-16000,-16000
2017/06/26,0,0,-22000,-22000
2017/06/27,0,24000,-15000,9000
2017/06/28,0,0,0,0
2017/06/29,0,0,-8000,-8000
2017/06/30,0,0,0,0
2017/07/03,0,0,-264000,-264000
2017/07/04,0,520000,-480000,40000
2017/07/05,0,200000,0,200000
2017/07/06,0,278000,0,278000
2017/07/07,0,0,-82000,-82000
2017/07/10,0,0,-15000,-15000
2017/07/11,0,35000,0,35000
2017/07/12,0,35000,-525000,-490000
2017/07/13,0,37000,-30000,7000
2017/07/14,0,0,-30000,-30000
2017/07/17,0,806,-5000,-4194
2017/07/18,0,51000,0,51000
2017/07/19,0,0,-278000,-278000
2017/07/20,0,10000,0,10000
2017/07/21,0,0,-1000,-1000
2017/07/24,0,8000,0,8000
2017/07/25,0,6000,0,6000
2017/07/26,0,1000,-18000,-17000
2017/07/27,0,100000,-80000,20000
2017/07/28,0,3000,0,3000
2017/07/31,0,124000,0,124000
2017/08/01,0,264000,-405000,-141000
2017/08/02,0,18000,-54000,-36000
2017/08/03,0,25000,-30000,-5000
2017/08/04,0,88000,0,88000
2017/08/07,0,25000,0,25000
2017/08/08,0,38000,-15000,23000
2017/08/09,0,46000,0,46000
2017/08/10,0,2000,0,2000
2017/08/11,0,629000,-7000,622000
2017/08/14,0,0,-5000,-5000
2017/08/15,0,348000,-5000,343000
2017/08/16,0,1244000,0,1244000
2017/08/17,0,201000,0,201000
2017/08/18,0,0,0,0
