Date,Open,Buy,Sell,Total
2007/01/02,0,7668857,-5066518,2602339
2007/01/03,0,6960000,-7388927,-428927
2007/01/04,0,14611011,-12995615,1615396
2007/01/05,0,4969000,-21834742,-16865742
2007/01/08,0,4832000,-5633438,-801438
2007/01/09,0,5492000,-1987000,3505000
2007/01/10,0,9671000,-19609000,-9938000
2007/01/11,0,11278000,-8253000,3025000
2007/01/12,0,10530000,-12020805,-1490805
2007/01/15,0,3175000,-3508100,-333100
2007/01/16,0,12541000,-5160750,7380250
2007/01/17,0,13390000,-5495045,7894955
2007/01/18,0,2548000,-6329604,-3781604
2007/01/19,0,2568363,-13370500,-10802137
2007/01/22,0,10756000,-18103000,-7347000
2007/01/23,0,13418000,-19230528,-5812528
2007/01/24,0,20335700,-18668691,1667009
2007/01/25,0,17533000,-7688050,9844950
2007/01/26,0,5113000,-8936687,-3823687
2007/01/29,0,5143000,-3910062,1232938
2007/01/30,0,19399000,-8627431,10771569
2007/01/31,0,21566960,-19520301,2046659
2007/02/01,0,21826570,-2775000,19051570
2007/02/02,0,60923000,-8892740,52030260
2007/02/05,0,34114000,-7380556,26733444
2007/02/06,0,14001280,-8081000,5920280
2007/02/07,0,4757900,-6878000,-2120100
2007/02/08,0,14433000,-10087937,4345063
2007/02/09,0,17494200,-689500,16804700
2007/02/12,0,9445000,-7959000,1486000
2007/02/13,0,7725100,-6329375,1395725
2007/02/14,0,20603461,-10430071,10173390
2007/02/15,0,0,0,0
2007/02/16,0,0,0,0
2007/02/19,0,0,0,0
2007/02/20,0,0,0,0
2007/02/21,0,0,0,0
2007/02/22,0,0,0,0
2007/02/23,0,0,0,0
2007/02/26,0,30953075,-14855720,16097355
2007/02/27,0,51234000,-14241509,36992491
2007/02/28,0,0,0,0
2007/03/01,0,32971000,-28924569,4046431
2007/03/02,0,22889000,-7310350,15578650
2007/03/05,0,33446000,-28118576,5327424
2007/03/06,0,20924000,-19202300,1721700
2007/03/07,0,13157000,-14123276,-966276
2007/03/08,0,6152100,-5883224,268876
2007/03/09,0,4725000,-11487020,-6762020
2007/03/12,0,14253100,-11837001,2416099
2007/03/13,0,12075000,-11959519,115481
2007/03/14,0,14791100,-15188934,-397834
2007/03/15,0,18031200,-4131600,13899600
2007/03/16,0,6609000,-9108313,-2499313
2007/03/19,0,2735100,-2834979,-99879
2007/03/20,0,2517100,-7908150,-5391050
2007/03/21,0,4013000,-9885662,-5872662
2007/03/22,0,24711000,-4017000,20694000
2007/03/23,0,29009210,-1925089,27084121
2007/03/26,0,8032000,-7553000,479000
2007/03/27,0,10964000,-4628000,6336000
2007/03/28,0,13516000,-8819000,4697000
2007/03/29,0,18775200,-8519922,10255278
2007/03/30,0,9686000,-2873000,6813000
2007/04/02,0,14555000,-2632540,11922460
2007/04/03,0,10574800,-5295885,5278915
2007/04/04,0,11620000,-2591005,9028995
2007/04/05,0,0,0,0
2007/04/06,0,0,0,0
2007/04/09,0,17501910,-1484147,16017763
2007/04/10,0,18216712,-2487192,15729520
2007/04/11,0,29839000,-1491000,28348000
2007/04/12,0,13500000,-2125940,11374060
2007/04/13,0,2771000,-2736674,34326
2007/04/16,0,7563200,-1325000,6238200
2007/04/17,0,17350800,-4590228,12760572
2007/04/18,0,15348586,-2565490,12783096
2007/04/19,0,12105000,-17117102,-5012102
2007/04/20,0,5965226,-2950000,3015226
2007/04/23,0,12311000,-4674000,7637000
2007/04/24,0,5302000,-1775175,3526825
2007/04/25,0,11244427,-15256000,-4011573
2007/04/26,0,6112000,-3767470,2344530
2007/04/27,0,3313000,-7997000,-4684000
2007/04/30,0,3727000,-8678189,-4951189
2007/05/01,0,0,0,0
2007/05/02,0,5824000,-3466000,2358000
2007/05/03,0,17530552,-13384000,4146552
2007/05/04,0,9347200,-2519500,6827700
2007/05/07,0,14337000,-1789000,12548000
2007/05/08,0,7744145,-3726600,4017545
2007/05/09,0,2240000,-2581000,-341000
2007/05/10,0,14723500,-2494880,12228620
2007/05/11,0,5094000,-3128621,1965379
2007/05/14,0,6003000,-5066000,937000
2007/05/15,0,6369000,-7485134,-1116134
2007/05/16,0,8064000,-1981206,6082794
2007/05/17,0,11041755,-5816000,5225755
2007/05/18,0,10023800,-10464000,-440200
2007/05/21,0,13597174,-15645000,-2047826
2007/05/22,0,24852000,-11882000,12970000
2007/05/23,0,19295000,-6150000,13145000
2007/05/24,0,12922700,-6938080,5984620
2007/05/25,0,1486000,-7578895,-6092895
2007/05/28,0,6193200,-22163000,-15969800
2007/05/29,0,9573000,-11075204,-1502204
2007/05/30,0,4960200,-15964366,-11004166
2007/05/31,0,9425410,-21835755,-12410345
2007/06/01,0,9529000,-7405000,2124000
2007/06/04,0,4345000,-4503251,-158251
2007/06/05,0,6425000,-11354000,-4929000
2007/06/06,0,8631400,-23430085,-14798685
2007/06/07,0,4745000,-21188500,-16443500
2007/06/08,0,3317000,-18639000,-15322000
2007/06/11,0,8053050,-17083000,-9029950
2007/06/12,0,8251000,-7536000,715000
2007/06/13,0,2328300,-13588840,-11260540
2007/06/14,0,4359000,-15003182,-10644182
2007/06/15,0,17541000,-17345785,195215
2007/06/18,0,0,0,0
2007/06/19,0,0,0,0
2007/06/20,0,19894000,-5076352,14817648
2007/06/21,0,20157000,-18251000,1906000
2007/06/22,0,8017400,-3097000,4920400
2007/06/25,0,10337000,-1104000,9233000
2007/06/26,0,12098015,-7804788,4293227
2007/06/27,0,11213000,-8914743,2298257
2007/06/28,0,15265000,-6770590,8494410
2007/06/29,0,11966200,-11053910,912290
2007/07/02,0,8113000,-6721000,1392000
2007/07/03,0,25563000,-5626000,19937000
2007/07/04,0,16491000,-2354200,14136800
2007/07/05,0,13809968,-2875000,10934968
2007/07/06,0,3590000,-4627075,-1037075
2007/07/09,0,7003000,-5247000,1756000
2007/07/10,0,14411444,-2831000,11580444
2007/07/11,0,7727861,-12998700,-5270839
2007/07/12,0,5627000,-7962593,-2335593
2007/07/13,0,20278000,-4922761,15355239
2007/07/16,0,11776880,-17319800,-5542920
2007/07/17,0,9126300,-8246780,879520
2007/07/18,0,3070000,-8287910,-5217910
2007/07/19,0,9133271,-10136100,-1002829
2007/07/20,0,23415141,-15558000,7857141
2007/07/23,0,9625000,-7344000,2281000
2007/07/24,0,28924000,-11146579,17777421
2007/07/25,0,18168000,-8972500,9195500
2007/07/26,0,10837370,-13735285,-2897915
2007/07/27,0,2110000,-28624730,-26514730
2007/07/30,0,17664000,-37771000,-20107000
2007/07/31,0,7034600,-13246000,-6211400
2007/08/01,0,6090230,-35906000,-29815770
2007/08/02,0,5297000,-15051737,-9754737
2007/08/03,0,12072000,-11389260,682740
2007/08/06,0,3317000,-7069000,-3752000
2007/08/07,0,4865000,-5441000,-576000
2007/08/08,0,5218000,-5338000,-120000
2007/08/09,0,4912158,-7088000,-2175842
2007/08/10,0,3031000,-15660862,-12629862
2007/08/13,0,6409000,-4385000,2024000
2007/08/14,0,3215314,-3604585,-389271
2007/08/15,0,2290000,-19846600,-17556600
2007/08/16,0,4649000,-19775506,-15126506
2007/08/17,0,1304000,-18841000,-17537000
2007/08/20,0,3697000,-4625675,-928675
2007/08/21,0,6307000,-7777000,-1470000
2007/08/22,0,6475625,-7269646,-794021
2007/08/23,0,12668000,-5590000,7078000
2007/08/24,0,3418000,-6816000,-3398000
2007/08/27,0,9362000,-5303000,4059000
2007/08/28,0,31230000,-3045660,28184340
2007/08/29,0,37479290,-7709025,29770265
2007/08/30,0,58756000,-10949000,47807000
2007/08/31,0,46771900,-4980000,41791900
2007/09/03,0,17682200,-2459416,15222784
2007/09/04,0,11092000,-5140000,5952000
2007/09/05,0,16538700,-22854000,-6315300
2007/09/06,0,18616000,-10216330,8399670
2007/09/07,0,17500000,-5083900,12416100
2007/09/10,0,3157000,-12062000,-8905000
2007/09/11,0,5297000,-4552000,745000
2007/09/12,0,12291000,-4410000,7881000
2007/09/13,0,3069000,-10908138,-7839138
2007/09/14,0,13022000,-3519000,9503000
2007/09/17,0,4260790,-7701534,-3440744
2007/09/18,0,0,0,0
2007/09/19,0,27049000,-4426280,22622720
2007/09/20,0,23629000,-3418037,20210963
2007/09/21,0,23851600,-6045840,17805760
2007/09/24,0,0,0,0
2007/09/25,0,0,0,0
2007/09/26,0,20956701,-13895144,7061557
2007/09/27,0,51013550,-19992800,31020750
2007/09/28,0,29526000,-11888840,17637160
2007/10/01,0,25185268,-5831155,19354113
2007/10/02,0,48910000,-6805420,42104580
2007/10/03,0,42791000,-4830078,37960922
2007/10/04,0,25208500,-26004915,-796415
2007/10/05,0,15423000,-13880399,1542601
2007/10/08,0,19735800,-6506124,13229676
2007/10/09,0,6542000,-15746790,-9204790
2007/10/10,0,0,0,0
2007/10/11,0,21441000,-10462840,10978160
2007/10/12,0,18338000,-21883090,-3545090
2007/10/15,0,9935000,-12906090,-2971090
2007/10/16,0,16427910,-16704160,-276250
2007/10/17,0,11994000,-28874561,-16880561
2007/10/18,0,11497999,-6423625,5074374
2007/10/19,0,11923000,-9409947,2513053
2007/10/22,0,4305000,-20882000,-16577000
2007/10/23,0,6753000,-10146580,-3393580
2007/10/24,0,7078042,-2874850,4203192
2007/10/25,0,13387853,-8622670,4765183
2007/10/26,0,10045134,-4258519,5786615
2007/10/29,0,14438000,-21517879,-7079879
2007/10/30,0,10317000,-52776202,-42459202
2007/10/31,0,12733139,-80421148,-67688009
2007/11/01,0,37151100,-46778062,-9626962
2007/11/02,0,6041000,-39742264,-33701264
2007/11/05,0,12928000,-33606835,-20678835
2007/11/06,0,4305000,-22172826,-17867826
2007/11/07,0,11600308,-28655240,-17054932
2007/11/08,0,3746000,-32489630,-28743630
2007/11/09,0,10972500,-25271240,-14298740
2007/11/12,0,7654000,-47888463,-40234463
2007/11/13,0,4311000,-21076217,-16765217
2007/11/14,0,2328000,-8996755,-6668755
2007/11/15,0,4798000,-19520600,-14722600
2007/11/16,0,3072602,-64468957,-61396355
2007/11/19,0,707715,-17736680,-17028965
2007/11/20,0,12433810,-30722833,-18289023
2007/11/21,0,22198000,-37808624,-15610624
2007/11/22,0,18856030,-40318002,-21461972
2007/11/23,0,9959560,-17479485,-7519925
2007/11/26,0,14395000,-8701000,5694000
2007/11/27,0,6540000,-14007430,-7467430
2007/11/28,0,6958000,-18463782,-11505782
2007/11/29,0,9912000,-11701584,-1789584
2007/11/30,0,17140000,-24687163,-7547163
2007/12/03,0,5448727,-11175000,-5726273
2007/12/04,0,6467164,-30439707,-23972543
2007/12/05,0,5388317,-19557465,-14169148
2007/12/06,0,10770000,-9351811,1418189
2007/12/07,0,22857830,-6036081,16821749
2007/12/10,0,6389000,-5720478,668522
2007/12/11,0,6963000,-2677560,4285440
2007/12/12,0,2851000,-12261000,-9410000
2007/12/13,0,4826000,-20237739,-15411739
2007/12/14,0,5910000,-32863157,-26953157
2007/12/17,0,4212000,-19464300,-15252300
2007/12/18,0,8658020,-26933852,-18275832
2007/12/19,0,23797000,-21861598,1935402
2007/12/20,0,15608400,-14946380,662020
2007/12/21,0,11628000,-4654093,6973907
2007/12/24,0,2517000,-2297000,220000
2007/12/25,0,529000,-259000,270000
2007/12/26,0,3022000,-267000,2755000
2007/12/27,0,10924000,-1827360,9096640
2007/12/28,0,15945000,-7721847,8223153
2007/12/31,0,2524000,-1858160,665840
2008/01/01,0,0,0,0
2008/01/02,0,1376000,-7451475,-6075475
2008/01/03,0,2574000,-6022318,-3448318
2008/01/04,0,23229000,-6912502,16316498
2008/01/07,0,20392030,-12380574,8011456
2008/01/08,0,6469285,-13299695,-6830410
2008/01/09,0,15233000,-7511181,7721819
2008/01/10,0,8439000,-13750122,-5311122
2008/01/11,0,13752271,-6486250,7266021
2008/01/14,0,59219000,-9862960,49356040
2008/01/15,0,97547000,-35317707,62229293
2008/01/16,0,36458243,-31574500,4883743
2008/01/17,0,25513000,-37064454,-11551454
2008/01/18,0,10766906,-27139361,-16372455
2008/01/21,0,1528000,-12546400,-11018400
2008/01/22,0,17357000,-72323230,-54966230
2008/01/23,0,15907000,-15545044,361956
2008/01/24,0,26333000,-17540597,8792403
2008/01/25,0,33452460,-12691972,20760488
2008/01/28,0,15204000,-10578000,4626000
2008/01/29,0,12961000,-8114121,4846879
2008/01/30,0,29025304,-27429200,1596104
2008/01/31,0,24197000,-6297447,17899553
2008/02/01,0,34282000,-11274125,23007875
2008/02/04,0,0,0,0
2008/02/05,0,0,0,0
2008/02/06,0,0,0,0
2008/02/07,0,0,0,0
2008/02/08,0,0,0,0
2008/02/11,0,0,0,0
2008/02/12,0,23777538,-36419181,-12641643
2008/02/13,0,9651000,-17562000,-7911000
2008/02/14,0,24665587,-9135075,15530512
2008/02/15,0,10118000,-4290144,5827856
2008/02/18,0,11578900,-26293485,-14714585
2008/02/19,0,9716000,-25458191,-15742191
2008/02/20,0,2791001,-28283000,-25491999
2008/02/21,0,8251682,-32322526,-24070844
2008/02/22,0,2867000,-23055000,-20188000
2008/02/25,0,20365261,-10178286,10186975
2008/02/26,0,36464000,-14754540,21709460
2008/02/27,0,30446000,-23190607,7255393
2008/02/28,0,0,0,0
2008/02/29,0,23112826,-21511530,1601296
2008/03/03,0,9570171,-19543767,-9973596
2008/03/04,0,25200120,-10640080,14560040
2008/03/05,0,19703321,-4046821,15656500
2008/03/06,0,28094000,-3259340,24834660
2008/03/07,0,21642000,-16980000,4662000
2008/03/10,0,13716000,-21532200,-7816200
2008/03/11,0,8457000,-15753147,-7296147
2008/03/12,0,10870000,-6377227,4492773
2008/03/13,0,3940000,-29846000,-25906000
2008/03/14,0,4691000,-29385200,-24694200
2008/03/17,0,13743000,-49131780,-35388780
2008/03/18,0,5461000,-35762527,-30301527
2008/03/19,0,7527300,-6874000,653300
2008/03/20,0,27549000,-19559313,7989687
2008/03/21,0,23023000,-5201000,17822000
2008/03/24,0,39671000,-3546000,36125000
2008/03/25,0,15833000,-6339013,9493987
2008/03/26,0,21136000,-7064462,14071538
2008/03/27,0,15939188,-12738479,3200709
2008/03/28,0,19325188,-21977052,-2651864
2008/03/31,0,18202713,-8642000,9560713
2008/04/01,0,11601061,-7249000,4352061
2008/04/02,0,10868000,-9371575,1496425
2008/04/03,0,12712000,-9262733,3449267
2008/04/04,0,0,0,0
2008/04/07,0,14178200,-7110000,7068200
2008/04/08,0,12299000,-12205020,93980
2008/04/09,0,14145000,-12505000,1640000
2008/04/10,0,20372000,-6003502,14368498
2008/04/11,0,12746000,-4784737,7961263
2008/04/14,0,11825000,-5653000,6172000
2008/04/15,0,7776000,-7305000,471000
2008/04/16,0,34782000,-30488350,4293650
2008/04/17,0,54408000,-10613650,43794350
2008/04/18,0,76854000,-8051631,68802369
2008/04/21,0,23556004,-9992000,13564004
2008/04/22,0,18323954,-22029576,-3705622
2008/04/23,0,14828000,-7021783,7806217
2008/04/24,0,7026000,-4052000,2974000
2008/04/25,0,12830000,-3884596,8945404
2008/04/28,0,15916306,-3325089,12591217
2008/04/29,0,4592000,-27203000,-22611000
2008/04/30,0,23680000,-19546325,4133675
2008/05/01,0,0,0,0
2008/05/02,0,9786462,-7009000,2777462
2008/05/05,0,1750000,-14391000,-12641000
2008/05/06,0,15323581,-1883000,13440581
2008/05/07,0,8731000,-4735647,3995353
2008/05/08,0,18840000,-8061995,10778005
2008/05/09,0,14058000,-11656757,2401243
2008/05/12,0,14553000,-3842350,10710650
2008/05/13,0,18611000,-4045000,14566000
2008/05/14,0,31779438,-6801738,24977700
2008/05/15,0,54114248,-5342000,48772248
2008/05/16,0,34651000,-1561870,33089130
2008/05/19,0,28968000,-626000,28342000
2008/05/20,0,25726000,-7677342,18048658
2008/05/21,0,10135216,-13913859,-3778643
2008/05/22,0,8712000,-13285357,-4573357
2008/05/23,0,11442000,-11319000,123000
2008/05/26,0,19961000,-5681000,14280000
2008/05/27,0,23857000,-7677763,16179237
2008/05/28,0,7639000,-10764000,-3125000
2008/05/29,0,14834000,-8438000,6396000
2008/05/30,0,30447200,-19350940,11096260
2008/06/02,0,14297565,-10654750,3642815
2008/06/03,0,4871650,-15595620,-10723970
2008/06/04,0,3049857,-5451728,-2401871
2008/06/05,0,10990300,-12534420,-1544120
2008/06/06,0,19971000,-8260165,11710835
2008/06/09,0,1217000,-6091000,-4874000
2008/06/10,0,6446000,-19646056,-13200056
2008/06/11,0,7282000,-2311807,4970193
2008/06/12,0,4803000,-13682000,-8879000
2008/06/13,0,9468352,-7937000,1531352
2008/06/16,0,8939000,-8774270,164730
2008/06/17,0,8952000,-8236320,715680
2008/06/18,0,4652000,-5628390,-976390
2008/06/19,0,12994000,-17187874,-4193874
2008/06/20,0,8066877,-7155000,911877
2008/06/23,0,8760411,-7163411,1597000
2008/06/24,0,5771100,-9931685,-4160585
2008/06/25,0,14187000,-26106628,-11919628
2008/06/26,0,10760378,-17022954,-6262576
2008/06/27,0,14806520,-21196000,-6389480
2008/06/30,0,8759800,-6101000,2658800
2008/07/01,0,8412000,-5633000,2779000
2008/07/02,0,8599000,-8973450,-374450
2008/07/03,0,11835000,-37401927,-25566927
2008/07/04,0,1543000,-12957400,-11414400
2008/07/07,0,6124000,-10822390,-4698390
2008/07/08,0,2279000,-18959360,-16680360
2008/07/09,0,12212000,-8721017,3490983
2008/07/10,0,20431276,-13275276,7156000
2008/07/11,0,9135000,-8662000,473000
2008/07/14,0,7450000,-12909000,-5459000
2008/07/15,0,8064000,-11101000,-3037000
2008/07/16,0,13047550,-13005996,41554
2008/07/17,0,15472000,-11595195,3876805
2008/07/18,0,7244000,-19101000,-11857000
2008/07/21,0,19291000,-19862751,-571751
2008/07/22,0,11773000,-21112930,-9339930
2008/07/23,0,17647000,-26369104,-8722104
2008/07/24,0,7445100,-31941900,-24496800
2008/07/25,0,4177440,-34610000,-30432560
2008/07/28,0,0,0,0
2008/07/29,0,9422840,-26412000,-16989160
2008/07/30,0,20321000,-23113000,-2792000
2008/07/31,0,10921000,-8535000,2386000
2008/08/01,0,6070000,-9130130,-3060130
2008/08/04,0,7265000,-15014000,-7749000
2008/08/05,0,16987100,-59666000,-42678900
2008/08/06,0,18833000,-36939161,-18106161
2008/08/07,0,10642550,-23980184,-13337634
2008/08/08,0,11399555,-11004824,394731
2008/08/11,0,5254000,-37541000,-32287000
2008/08/12,0,6858000,-22873000,-16015000
2008/08/13,0,7447000,-29406785,-21959785
2008/08/14,0,13647090,-23625703,-9978613
2008/08/15,0,5697000,-12920000,-7223000
2008/08/18,0,7102800,-13294000,-6191200
2008/08/19,0,4567190,-10610000,-6042810
2008/08/20,0,7720800,-5911005,1809795
2008/08/21,0,6178000,-9796099,-3618099
2008/08/22,0,4528590,-6507000,-1978410
2008/08/25,0,8658577,-1687300,6971277
2008/08/26,0,7741000,-11349450,-3608450
2008/08/27,0,13246000,-8448087,4797913
2008/08/28,0,13386000,-35807540,-22421540
2008/08/29,0,8735000,-17703717,-8968717
2008/09/01,0,8921000,-15034500,-6113500
2008/09/02,0,5688718,-4429000,1259718
2008/09/03,0,9848300,-28371150,-18522850
2008/09/04,0,9726000,-22035979,-12309979
2008/09/05,0,8875000,-33165000,-24290000
2008/09/08,0,24986000,-14417630,10568370
2008/09/09,0,7855218,-41718000,-33862782
2008/09/10,0,9129000,-59995000,-50866000
2008/09/11,0,21474810,-41958307,-20483497
2008/09/12,0,25319800,-22297880,3021920
2008/09/15,0,18342000,-14203067,4138933
2008/09/16,0,10917805,-7474080,3443725
2008/09/17,0,27582500,-31505591,-3923091
2008/09/18,0,23244000,-19912299,3331701
2008/09/19,0,31508180,-5679990,25828190
2008/09/22,0,14612000,-9021011,5590989
2008/09/23,0,6349677,-15708965,-9359288
2008/09/24,0,4093979,-9243735,-5149756
2008/09/25,0,9895000,-10238780,-343780
2008/09/26,0,5492000,-32116085,-26624085
2008/09/29,0,0,0,0
2008/09/30,0,21614900,-40375900,-18761000
2008/10/01,0,19756000,-40992240,-21236240
2008/10/02,0,22851300,-66508697,-43657397
2008/10/03,0,17524788,-61944921,-44420133
2008/10/06,0,13812376,-28016752,-14204376
2008/10/07,0,36933000,-29494500,7438500
2008/10/08,0,6848000,-60647212,-53799212
2008/10/09,0,38452000,-58301274,-19849274
2008/10/10,0,0,0,0
2008/10/13,0,8929000,-20385873,-11456873
2008/10/14,0,12462714,-54885596,-42422882
2008/10/15,0,4547000,-31428745,-26881745
2008/10/16,0,4994212,-14089173,-9094961
2008/10/17,0,8568000,-38748689,-30180689
2008/10/20,0,5852000,-17339858,-11487858
2008/10/21,0,3594200,-51392551,-47798351
2008/10/22,0,6610500,-17031676,-10421176
2008/10/23,0,4585540,-6133090,-1547550
2008/10/24,0,3290000,-7120767,-3830767
2008/10/27,0,531200,-22412070,-21880870
2008/10/28,0,7126000,-65356045,-58230045
2008/10/29,0,6749000,-37464525,-30715525
2008/10/30,0,23057000,-12493976,10563024
2008/10/31,0,16348000,-23293770,-6945770
2008/11/03,0,39466000,-63273929,-23807929
2008/11/04,0,12088000,-20413096,-8325096
2008/11/05,0,12275000,-24007271,-11732271
2008/11/06,0,12100000,-20224893,-8124893
2008/11/07,0,8175000,-49506790,-41331790
2008/11/10,0,44357820,-18180129,26177691
2008/11/11,0,12906000,-18756293,-5850293
2008/11/12,0,9187000,-18175000,-8988000
2008/11/13,0,9437000,-32735250,-23298250
2008/11/14,0,5598000,-30200219,-24602219
2008/11/17,0,10617000,-7302805,3314195
2008/11/18,0,9947000,-19672180,-9725180
2008/11/19,0,4225000,-25884958,-21659958
2008/11/20,0,4334900,-36163527,-31828627
2008/11/21,0,11839000,-13409015,-1570015
2008/11/24,0,6882400,-12014004,-5131604
2008/11/25,0,11556400,-25069281,-13512881
2008/11/26,0,18767706,-17457737,1309969
2008/11/27,0,11491000,-18682600,-7191600
2008/11/28,0,13858000,-17031879,-3173879
2008/12/01,0,19175207,-28114522,-8939315
2008/12/02,0,8118000,-33528835,-25410835
2008/12/03,0,4427000,-30252075,-25825075
2008/12/04,0,2828000,-41082728,-38254728
2008/12/05,0,6096568,-17711157,-11614589
2008/12/08,0,43983530,-14214854,29768676
2008/12/09,0,29218602,-15524058,13694544
2008/12/10,0,49092000,-12159364,36932636
2008/12/11,0,30275936,-13525044,16750892
2008/12/12,0,15247437,-13852690,1394747
2008/12/15,0,30531000,-11676806,18854194
2008/12/16,0,16445000,-7152571,9292429
2008/12/17,0,24545100,-8304272,16240828
2008/12/18,0,22144000,-11597540,10546460
2008/12/19,0,15754000,-9241527,6512473
2008/12/22,0,4875518,-18824396,-13948878
2008/12/23,0,4034000,-16780720,-12746720
2008/12/24,0,4787000,-15918648,-11131648
2008/12/25,0,604000,-1545000,-941000
2008/12/26,0,3228400,-1805000,1423400
2008/12/29,0,6480000,-2843805,3636195
2008/12/30,0,9367000,-3221000,6146000
2008/12/31,0,4726000,-5537000,-811000
2009/01/01,0,0,0,0
2009/01/02,0,0,0,0
2009/01/05,0,26057000,-8069861,17987139
2009/01/06,0,31167378,-7505773,23661605
2009/01/07,0,35606172,-16516940,19089232
2009/01/08,0,19573000,-20306432,-733432
2009/01/09,0,6721940,-28032812,-21310872
2009/01/12,0,7279567,-16458000,-9178433
2009/01/13,0,5512964,-8886000,-3373036
2009/01/14,0,22892000,-38341390,-15449390
2009/01/15,0,4724000,-49197540,-44473540
2009/01/16,0,7204423,-9095675,-1891252
2009/01/19,0,1842000,-6923488,-5081488
2009/01/20,0,5587000,-29069600,-23482600
2009/01/21,0,5628953,-31369000,-25740047
2009/01/22,0,0,0,0
2009/01/23,0,0,0,0
2009/01/26,0,0,0,0
2009/01/27,0,0,0,0
2009/01/28,0,0,0,0
2009/01/29,0,0,0,0
2009/01/30,0,0,0,0
2009/02/02,0,11391000,-13641524,-2250524
2009/02/03,0,3133000,-5583098,-2450098
2009/02/04,0,3114000,-4551000,-1437000
2009/02/05,0,12674400,-12922982,-248582
2009/02/06,0,25485000,-9252000,16233000
2009/02/09,0,15926000,-29740000,-13814000
2009/02/10,0,8354000,-6489262,1864738
2009/02/11,0,9444000,-21236084,-11792084
2009/02/12,0,2742000,-16845241,-14103241
2009/02/13,0,7057000,-8036960,-979960
2009/02/16,0,1188000,-12355715,-11167715
2009/02/17,0,5163000,-15287335,-10124335
2009/02/18,0,14206000,-42321787,-28115787
2009/02/19,0,11075000,-21334132,-10259132
2009/02/20,0,3791057,-32997958,-29206901
2009/02/23,0,6653000,-13568987,-6915987
2009/02/24,0,4601601,-22258424,-17656823
2009/02/25,0,5050000,-18509810,-13459810
2009/02/26,0,12987000,-22067335,-9080335
2009/02/27,0,7254158,-23428423,-16174265
2009/03/02,0,1740000,-34032608,-32292608
2009/03/03,0,3255000,-24603230,-21348230
2009/03/04,0,7471000,-11733710,-4262710
2009/03/05,0,10014000,-24557181,-14543181
2009/03/06,0,12584000,-52659101,-40075101
2009/03/09,0,24361380,-118533796,-94172416
2009/03/10,0,14589000,-33885650,-19296650
2009/03/11,0,15907000,-76947651,-61040651
2009/03/12,0,6039000,-65711000,-59672000
2009/03/13,0,47864000,-86178520,-38314520
2009/03/16,0,28357000,-59327794,-30970794
2009/03/17,0,17189800,-42025000,-24835200
2009/03/18,0,15978225,-81374526,-65396301
2009/03/19,0,27183300,-102856607,-75673307
2009/03/20,0,43737000,-7102131,36634869
2009/03/23,0,25133000,-9213260,15919740
2009/03/24,0,58534870,-62360650,-3825780
2009/03/25,0,42516190,-68239370,-25723180
2009/03/26,0,15462000,-20746000,-5284000
2009/03/27,0,8366000,-28798880,-20432880
2009/03/30,0,21828000,-35625000,-13797000
2009/03/31,0,16825000,-84763603,-67938603
2009/04/01,0,5205000,-37386000,-32181000
2009/04/02,0,22722250,-25585375,-2863125
2009/04/03,0,17512394,-102678000,-85165606
2009/04/06,0,19870000,-30208665,-10338665
2009/04/07,0,14554000,-110335537,-95781537
2009/04/08,0,29702000,-75687787,-45985787
2009/04/09,0,14839000,-18304874,-3465874
2009/04/10,0,28223000,-4099000,24124000
2009/04/13,0,40545380,-41919100,-1373720
2009/04/14,0,26132000,-28634272,-2502272
2009/04/15,0,65366000,-9833312,55532688
2009/04/16,0,82919626,-13775936,69143690
2009/04/17,0,29609475,-33427050,-3817575
2009/04/20,0,22126000,-84104348,-61978348
2009/04/21,0,17431000,-28820049,-11389049
2009/04/22,0,12662000,-40780260,-28118260
2009/04/23,0,6009000,-26250079,-20241079
2009/04/24,0,7124000,-15290948,-8166948
2009/04/27,0,20308774,-5221083,15087691
2009/04/28,0,8794381,-20688257,-11893876
2009/04/29,0,25247240,-38951104,-13703864
2009/04/30,0,52967000,-13406981,39560019
2009/05/01,0,0,0,0
2009/05/04,0,37343761,-10152857,27190904
2009/05/05,0,18587000,-18890073,-303073
2009/05/06,0,13808000,-16739600,-2931600
2009/05/07,0,28981000,-22937657,6043343
2009/05/08,0,28579000,-15820590,12758410
2009/05/11,0,39248000,-31806000,7442000
2009/05/12,0,15725000,-9337000,6388000
2009/05/13,0,35238600,-15224770,20013830
2009/05/14,0,14354488,-36044160,-21689672
2009/05/15,0,17272000,-14926000,2346000
2009/05/18,0,43356473,-50971400,-7614927
2009/05/19,0,17834000,-23329800,-5495800
2009/05/20,0,10011356,-23770390,-13759034
2009/05/21,0,2232000,-26995282,-24763282
2009/05/22,0,4813093,-29740710,-24927617
2009/05/25,0,2340272,-19242052,-16901780
2009/05/26,0,50357000,-15065000,35292000
2009/05/27,0,102009798,-35632494,66377304
2009/05/28,0,0,0,0
2009/05/29,0,0,0,0
2009/06/01,0,41286000,-17113243,24172757
2009/06/02,0,67554000,-30632800,36921200
2009/06/03,0,31389433,-15219402,16170031
2009/06/04,0,8735000,-14698924,-5963924
2009/06/05,0,17643737,-8277000,9366737
2009/06/08,0,11355000,-11323307,31693
2009/06/09,0,14443020,-38970000,-24526980
2009/06/10,0,6905000,-7646540,-741540
2009/06/11,0,55898000,-8396614,47501386
2009/06/12,0,44579000,-11406748,33172252
2009/06/15,0,20287877,-10478000,9809877
2009/06/16,0,29550000,-25602000,3948000
2009/06/17,0,11357000,-15250500,-3893500
2009/06/18,0,4028000,-9677900,-5649900
2009/06/19,0,3860120,-5298163,-1438043
2009/06/22,0,3635000,-11936000,-8301000
2009/06/23,0,22809900,-31733236,-8923336
2009/06/24,0,34819000,-15655834,19163166
2009/06/25,0,26557000,-13126100,13430900
2009/06/26,0,18544000,-4238700,14305300
2009/06/29,0,22872000,-14528000,8344000
2009/06/30,0,19442000,-5157791,14284209
2009/07/01,0,16924000,-2239000,14685000
2009/07/02,0,13515000,-6005000,7510000
2009/07/03,0,5831456,-4985696,845760
2009/07/06,0,2458000,-4746068,-2288068
2009/07/07,0,11527879,-26820549,-15292670
2009/07/08,0,6669000,-7108000,-439000
2009/07/09,0,5211000,-2583346,2627654
2009/07/10,0,9542000,-3629372,5912628
2009/07/13,0,1771000,-19620000,-17849000
2009/07/14,0,37995000,-36871360,1123640
2009/07/15,0,17772900,-18017000,-244100
2009/07/16,0,51656900,-42731412,8925488
2009/07/17,0,10705000,-3779080,6925920
2009/07/20,0,22034000,-5359011,16674989
2009/07/21,0,19820000,-14608530,5211470
2009/07/22,0,36502000,-11547151,24954849
2009/07/23,0,28634000,-9343300,19290700
2009/07/24,0,19328000,-23562680,-4234680
2009/07/27,0,11749539,-53606203,-41856664
2009/07/28,0,61484000,-47872920,13611080
2009/07/29,0,86166000,-5712753,80453247
2009/07/30,0,46130000,-11433411,34696589
2009/07/31,0,101701820,-17704000,83997820
2009/08/03,0,46073000,-8743800,37329200
2009/08/04,0,66977000,-15047891,51929109
2009/08/05,0,42059279,-8072000,33987279
2009/08/06,0,36882000,-16378000,20504000
2009/08/07,0,0,0,0
2009/08/10,0,26374000,-14438949,11935051
2009/08/11,0,11262997,-19531000,-8268003
2009/08/12,0,6888000,-12864000,-5976000
2009/08/13,0,21335000,-10461410,10873590
2009/08/14,0,9479000,-2714600,6764400
2009/08/17,0,7794000,-17655000,-9861000
2009/08/18,0,6269000,-10534000,-4265000
2009/08/19,0,2671000,-14295385,-11624385
2009/08/20,0,2618500,-15017600,-12399100
2009/08/21,0,7876000,-23510470,-15634470
2009/08/24,0,10512000,-4203000,6309000
2009/08/25,0,2331000,-7308390,-4977390
2009/08/26,0,4656580,-8652000,-3995420
2009/08/27,0,9998000,-11012000,-1014000
2009/08/28,0,11434011,-10736329,697682
2009/08/31,0,6891737,-12549407,-5657670
2009/09/01,0,9600159,-5874919,3725240
2009/09/02,0,3536933,-9518000,-5981067
2009/09/03,0,15221200,-24028000,-8806800
2009/09/04,0,10086000,-34046300,-23960300
2009/09/07,0,7433000,-7308192,124808
2009/09/08,0,25337000,-12686000,12651000
2009/09/09,0,8941928,-4065090,4876838
2009/09/10,0,23814000,-3514940,20299060
2009/09/11,0,12811000,-6772000,6039000
2009/09/14,0,5209000,-18595197,-13386197
2009/09/15,0,10567288,-2754641,7812647
2009/09/16,0,12828475,-13125155,-296680
2009/09/17,0,17007200,-6656969,10350231
2009/09/18,0,25071724,-40242336,-15170612
2009/09/21,0,2561000,-21135028,-18574028
2009/09/22,0,3778200,-39488148,-35709948
2009/09/23,0,6484675,-9817395,-3332720
2009/09/24,0,3002000,-14692991,-11690991
2009/09/25,0,10881478,-18767141,-7885663
2009/09/28,0,5075000,-10930300,-5855300
2009/09/29,0,23571583,-14410558,9161025
2009/09/30,0,15180000,-22566532,-7386532
2009/10/01,0,13240940,-7433824,5807116
2009/10/02,0,12203000,-24454324,-12251324
2009/10/05,0,14364415,-29832208,-15467793
2009/10/06,0,17216401,-11332576,5883825
2009/10/07,0,13292468,-22245559,-8953091
2009/10/08,0,16306000,-5326474,10979526
2009/10/09,0,17088600,-5455912,11632688
2009/10/12,0,8780088,-24297225,-15517137
2009/10/13,0,21856170,-47073797,-25217627
2009/10/14,0,24554000,-33986606,-9432606
2009/10/15,0,43970534,-23993525,19977009
2009/10/16,0,10871000,-2926878,7944122
2009/10/19,0,11463000,-3836020,7626980
2009/10/20,0,11381305,-6205000,5176305
2009/10/21,0,24621000,-22945520,1675480
2009/10/22,0,19019720,-27966760,-8947040
2009/10/23,0,14025197,-13504459,520738
2009/10/26,0,23087000,-8448000,14639000
2009/10/27,0,12207000,-33514245,-21307245
2009/10/28,0,7788000,-28993200,-21205200
2009/10/29,0,1951000,-16035000,-14084000
2009/10/30,0,5352580,-21256610,-15904030
2009/11/02,0,2419000,-12184088,-9765088
2009/11/03,0,969000,-14829059,-13860059
2009/11/04,0,2935459,-4494747,-1559288
2009/11/05,0,499000,-15118000,-14619000
2009/11/06,0,9646000,-20387098,-10741098
2009/11/09,0,12664000,-3083676,9580324
2009/11/10,0,9114000,-2104836,7009164
2009/11/11,0,7661000,-3799400,3861600
2009/11/12,0,15429000,-22706080,-7277080
2009/11/13,0,4981000,-12753005,-7772005
2009/11/16,0,10894257,-20622412,-9728155
2009/11/17,0,32303000,-10892000,21411000
2009/11/18,0,33303000,-7033688,26269312
2009/11/19,0,16668155,-13126898,3541257
2009/11/20,0,19244000,-10286200,8957800
2009/11/23,0,12882000,-6753000,6129000
2009/11/24,0,12277000,-5559000,6718000
2009/11/25,0,18758000,-566000,18192000
2009/11/26,0,9775000,-4463171,5311829
2009/11/27,0,7315760,-19999000,-12683240
2009/11/30,0,8598061,-6560572,2037489
2009/12/01,0,10453000,-5056718,5396282
2009/12/02,0,9742000,-35955898,-26213898
2009/12/03,0,7392145,-13381807,-5989662
2009/12/04,0,13442000,-9388892,4053108
2009/12/07,0,9289717,-2874312,6415405
2009/12/08,0,7370010,-5665276,1704734
2009/12/09,0,4767524,-7332646,-2565122
2009/12/10,0,18090000,-43769723,-25679723
2009/12/11,0,20394000,-3392913,17001087
2009/12/14,0,56745000,-3809710,52935290
2009/12/15,0,33192000,-4891769,28300231
2009/12/16,0,7244000,-4453296,2790704
2009/12/17,0,13792060,-7763000,6029060
2009/12/18,0,11750000,-12879199,-1129199
2009/12/21,0,10386000,-16408000,-6022000
2009/12/22,0,9854000,-1966500,7887500
2009/12/23,0,8127000,-3481449,4645551
2009/12/24,0,14689000,-1047300,13641700
2009/12/25,0,10179000,0,10179000
2009/12/28,0,9622000,-3279000,6343000
2009/12/29,0,6330000,-3552357,2777643
2009/12/30,0,11388000,-5449354,5938646
2009/12/31,0,7666000,-1459000,6207000
2010/01/01,0,0,0,0
2010/01/04,0,10850000,-3938000,6912000
2010/01/05,0,24726250,-10462352,14263898
2010/01/06,0,12705000,-7900370,4804630
2010/01/07,0,23367000,-6768797,16598203
2010/01/08,0,36548410,-4604116,31944294
2010/01/11,0,24672913,-7692742,16980171
2010/01/12,0,23736000,-6728187,17007813
2010/01/13,0,5980000,-4598199,1381801
2010/01/14,0,12933000,-16578661,-3645661
2010/01/15,0,17891000,-20949040,-3058040
2010/01/18,0,4435000,-9611731,-5176731
2010/01/19,0,2523000,-18434080,-15911080
2010/01/20,0,9024000,-6945471,2078529
2010/01/21,0,19811221,-12043539,7767682
2010/01/22,0,7588000,-30984118,-23396118
2010/01/25,0,2269061,-23557121,-21288060
2010/01/26,0,15237000,-40675000,-25438000
2010/01/27,0,5703000,-8489010,-2786010
2010/01/28,0,11534823,-20563537,-9028714
2010/01/29,0,10098000,-19696088,-9598088
2010/02/01,0,4619166,-21780707,-17161541
2010/02/02,0,1921000,-17199307,-15278307
2010/02/03,0,5970530,-4341000,1629530
2010/02/04,0,6387000,-9168000,-2781000
2010/02/05,0,17555600,-22582875,-5027275
2010/02/08,0,1159000,-20831570,-19672570
2010/02/09,0,6895000,-21345690,-14450690
2010/02/10,0,12983000,-20666389,-7683389
2010/02/11,0,0,0,0
2010/02/12,0,0,0,0
2010/02/15,0,0,0,0
2010/02/16,0,0,0,0
2010/02/17,0,0,0,0
2010/02/18,0,0,0,0
2010/02/19,0,0,0,0
2010/02/22,0,13037038,-28213203,-15176165
2010/02/23,0,13265313,-21825600,-8560287
2010/02/24,0,19279022,-20566693,-1287671
2010/02/25,0,18531504,-17144131,1387373
2010/02/26,0,12364452,-18344485,-5980033
2010/03/01,0,17926000,-19090266,-1164266
2010/03/02,0,19585238,-17084858,2500380
2010/03/03,0,11109000,-7983737,3125263
2010/03/04,0,9002000,-11644000,-2642000
2010/03/05,0,11141000,-4808906,6332094
2010/03/08,0,10358724,-8349500,2009224
2010/03/09,0,10145540,-2346000,7799540
2010/03/10,0,16386230,-2354966,14031264
2010/03/11,0,9793500,-11785114,-1991614
2010/03/12,0,6206000,-4560624,1645376
2010/03/15,0,5812000,-6075000,-263000
2010/03/16,0,2917000,-1337655,1579345
2010/03/17,0,17916050,-347000,17569050
2010/03/18,0,8817000,-6420006,2396994
2010/03/19,0,6463000,-6552378,-89378
2010/03/22,0,2304000,-19154235,-16850235
2010/03/23,0,1994000,-5579551,-3585551
2010/03/24,0,7505160,-1978457,5526703
2010/03/25,0,7589000,-17404478,-9815478
2010/03/26,0,11729000,-13888000,-2159000
2010/03/29,0,11144000,-10926989,217011
2010/03/30,0,8659541,-14403693,-5744152
2010/03/31,0,6682916,-9368894,-2685978
2010/04/01,0,27511000,-14940417,12570583
2010/04/02,0,15796000,-232371,15563629
2010/04/05,0,0,0,0
2010/04/06,0,27673825,-1951000,25722825
2010/04/07,0,18380490,-13899965,4480525
2010/04/08,0,20833000,-3984200,16848800
2010/04/09,0,12903000,-3418844,9484156
2010/04/12,0,18370620,-1612000,16758620
2010/04/13,0,32675000,-6302000,26373000
2010/04/14,0,18515000,-5264620,13250380
2010/04/15,0,24102500,-3357301,20745199
2010/04/16,0,23076400,-12727000,10349400
2010/04/19,0,29120000,-26402000,2718000
2010/04/20,0,35052228,-52748421,-17696193
2010/04/21,0,18980000,-21332196,-2352196
2010/04/22,0,15664000,-39592913,-23928913
2010/04/23,0,12337000,-21120234,-8783234
2010/04/26,0,20369000,-5895989,14473011
2010/04/27,0,20729998,-11394598,9335400
2010/04/28,0,12550507,-14595832,-2045325
2010/04/29,0,11434000,-8095715,3338285
2010/04/30,0,22500870,-10228610,12272260
2010/05/03,0,6602000,-9722000,-3120000
2010/05/04,0,11332000,-15417815,-4085815
2010/05/05,0,13367447,-29779176,-16411729
2010/05/06,0,11413321,-33381553,-21968232
2010/05/07,0,22121586,-27326047,-5204461
2010/05/10,0,4668470,-18211863,-13543393
2010/05/11,0,3117000,-22287000,-19170000
2010/05/12,0,6857951,-6056225,801726
2010/05/13,0,8540000,-4522000,4018000
2010/05/14,0,3043000,-16477024,-13434024
2010/05/17,0,2935000,-12139016,-9204016
2010/05/18,0,6346000,-2654010,3691990
2010/05/19,0,2610005,-14844998,-12234993
2010/05/20,0,2402000,-13582360,-11180360
2010/05/21,0,4013000,-16000298,-11987298
2010/05/24,0,3968000,-11295879,-7327879
2010/05/25,0,5130000,-21213783,-16083783
2010/05/26,0,11570930,-19548000,-7977070
2010/05/27,0,4982038,-9915560,-4933522
2010/05/28,0,11861000,-9260662,2600338
2010/05/31,0,7128000,-6051000,1077000
2010/06/01,0,3959000,-11919500,-7960500
2010/06/02,0,4202856,-11895856,-7693000
2010/06/03,0,10561439,-2664700,7896739
2010/06/04,0,5359000,-1975000,3384000
2010/06/07,0,2970103,-12404991,-9434888
2010/06/08,0,2886000,-4540724,-1654724
2010/06/09,0,198000,-23863426,-23665426
2010/06/10,0,3416000,-5576782,-2160782
2010/06/11,0,7164820,-4494126,2670694
2010/06/14,0,10081280,-94000,9987280
2010/06/15,0,10975560,-8361324,2614236
2010/06/16,0,0,0,0
2010/06/17,0,11509525,-6284377,5225148
2010/06/18,0,6317428,-9592149,-3274721
2010/06/21,0,21740350,-18117212,3623138
2010/06/22,0,6895222,-1499964,5395258
2010/06/23,0,6024843,-2676608,3348235
2010/06/24,0,12787935,-5151237,7636698
2010/06/25,0,3950883,-7570000,-3619117
2010/06/28,0,1489500,-6905618,-5416118
2010/06/29,0,8678000,-12866853,-4188853
2010/06/30,0,6167721,-15252060,-9084339
2010/07/01,0,803000,-13073525,-12270525
2010/07/02,0,3257000,-4938920,-1681920
2010/07/05,0,3976001,-5725108,-1749107
2010/07/06,0,11096000,-9200430,1895570
2010/07/07,0,3136202,-5548000,-2411798
2010/07/08,0,5393000,-1817950,3575050
2010/07/09,0,2881539,-4839000,-1957461
2010/07/12,0,10956222,-4093600,6862622
2010/07/13,0,5272592,-2111564,3161028
2010/07/14,0,12787750,-9339179,3448571
2010/07/15,0,4442000,-9850365,-5408365
2010/07/16,0,1837130,-5457012,-3619882
2010/07/19,0,5103000,-4900860,202140
2010/07/20,0,8020462,-4247462,3773000
2010/07/21,0,12837000,-5351204,7485796
2010/07/22,0,8433583,-10311754,-1878171
2010/07/23,0,18551360,-5776463,12774897
2010/07/26,0,8500600,-7029986,1470614
2010/07/27,0,9961998,-2194974,7767024
2010/07/28,0,5417000,-1314041,4102959
2010/07/29,0,12671000,-3697741,8973259
2010/07/30,0,2840635,-4291000,-1450365
2010/08/02,0,15643775,-688000,14955775
2010/08/03,0,10145000,-1218000,8927000
2010/08/04,0,7565000,-1400811,6164189
2010/08/05,0,6685000,-1875043,4809957
2010/08/06,0,9744000,-9722200,21800
2010/08/09,0,14212000,-9527000,4685000
2010/08/10,0,4018000,-4024677,-6677
2010/08/11,0,5402000,-1573807,3828193
2010/08/12,0,1332234,-5860684,-4528450
2010/08/13,0,3312368,-3940051,-627683
2010/08/16,0,3973000,-6595000,-2622000
2010/08/17,0,2503000,-2895000,-392000
2010/08/18,0,6414802,-5479930,934872
2010/08/19,0,7335000,-4216788,3118212
2010/08/20,0,2835460,-1601500,1233960
2010/08/23,0,5506000,-9408485,-3902485
2010/08/24,0,1309000,-8968581,-7659581
2010/08/25,0,3255000,-25899000,-22644000
2010/08/26,0,313000,-9146825,-8833825
2010/08/27,0,4504000,-4192917,311083
2010/08/30,0,4042460,-5264000,-1221540
2010/08/31,0,4463000,-6937851,-2474851
2010/09/01,0,1931752,-4092930,-2161178
2010/09/02,0,2012000,-1092101,919899
2010/09/03,0,3748000,-2635000,1113000
2010/09/06,0,6326000,-858214,5467786
2010/09/07,0,28671927,-1395380,27276547
2010/09/08,0,8438300,-7141598,1296702
2010/09/09,0,7110000,-1044102,6065898
2010/09/10,0,11065520,-702199,10363321
2010/09/13,0,19675200,-9729141,9946059
2010/09/14,0,10697000,-1428036,9268964
2010/09/15,0,8316226,-1878414,6437812
2010/09/16,0,8082000,-995090,7086910
2010/09/17,0,14119000,-12338000,1781000
2010/09/20,0,6995500,-425340,6570160
2010/09/21,0,2754000,-1139000,1615000
2010/09/22,0,0,0,0
2010/09/23,0,5104147,-492364,4611783
2010/09/24,0,10232800,-5539723,4693077
2010/09/27,0,4051280,-2091251,1960029
2010/09/28,0,7956092,-5315641,2640451
2010/09/29,0,15613082,-11823409,3789673
2010/09/30,0,4983000,-2662000,2321000
2010/10/01,0,3268240,-1375000,1893240
2010/10/04,0,8365870,-8348979,16891
2010/10/05,0,8939240,-10288930,-1349690
2010/10/06,0,9625604,-6724645,2900959
2010/10/07,0,7057360,-6299086,758274
2010/10/08,0,3336740,-6279572,-2942832
2010/10/11,0,3554837,-6479217,-2924380
2010/10/12,0,6871620,-17023431,-10151811
2010/10/13,0,5106230,-7691300,-2585070
2010/10/14,0,9757280,-9919269,-161989
2010/10/15,0,16339110,-16018005,321105
2010/10/18,0,760637,-16857667,-16097030
2010/10/19,0,5675000,-18691776,-13016776
2010/10/20,0,3236000,-12350000,-9114000
2010/10/21,0,2518000,-11594000,-9076000
2010/10/22,0,1544871,-11483218,-9938347
2010/10/25,0,7435000,-21141094,-13706094
2010/10/26,0,5020209,-9354804,-4334595
2010/10/27,0,2580560,-18621000,-16040440
2010/10/28,0,17611856,-20128211,-2516355
2010/10/29,0,1616000,-8679928,-7063928
2010/11/01,0,13032000,-9367706,3664294
2010/11/02,0,4236000,-7725221,-3489221
2010/11/03,0,27405000,-8904850,18500150
2010/11/04,0,20196000,-14341995,5854005
2010/11/05,0,4678000,-4918882,-240882
2010/11/08,0,9079500,-4681994,4397506
2010/11/09,0,12388456,-3002845,9385611
2010/11/10,0,6070000,-4395354,1674646
2010/11/11,0,3463000,-6382250,-2919250
2010/11/12,0,14831020,-10213252,4617768
2010/11/15,0,5971475,-4177000,1794475
2010/11/16,0,4960000,-5776132,-816132
2010/11/17,0,6029000,-6320000,-291000
2010/11/18,0,6317000,-3285670,3031330
2010/11/19,0,7485020,-7148000,337020
2010/11/22,0,15947980,-2049660,13898320
2010/11/23,0,1455160,-4535636,-3080476
2010/11/24,0,4278000,-1855000,2423000
2010/11/25,0,11379000,-9760986,1618014
2010/11/26,0,1766000,-9167176,-7401176
2010/11/29,0,5412000,-9554283,-4142283
2010/11/30,0,7916241,-17035714,-9119473
2010/12/01,0,7421598,-9590783,-2169185
2010/12/02,0,6879508,-7507444,-627936
2010/12/03,0,1246000,-7197000,-5951000
2010/12/06,0,1894000,-7214000,-5320000
2010/12/07,0,6465080,-10373376,-3908296
2010/12/08,0,7923765,-9579771,-1656006
2010/12/09,0,10490700,-7846848,2643852
2010/12/10,0,5128723,-6593170,-1464447
2010/12/13,0,571500,-7967520,-7396020
2010/12/14,0,6317359,-9695859,-3378500
2010/12/15,0,10959000,-12475307,-1516307
2010/12/16,0,6136865,-8719300,-2582435
2010/12/17,0,6531000,-3901427,2629573
2010/12/20,0,4855470,-5967000,-1111530
2010/12/21,0,2763000,-2812103,-49103
2010/12/22,0,6318000,-3703540,2614460
2010/12/23,0,3171000,-1236176,1934824
2010/12/24,0,5623000,-356000,5267000
2010/12/27,0,4466340,-159437,4306903
2010/12/28,0,4379000,-2215000,2164000
2010/12/29,0,4123500,-583000,3540500
2010/12/30,0,19303000,-5586710,13716290
2010/12/31,0,17770000,-3017614,14752386
2011/01/03,0,9502000,-2586342,6915658
2011/01/04,0,7245000,-2602000,4643000
2011/01/05,0,4132000,-6952534,-2820534
2011/01/06,0,7328041,-8854000,-1525959
2011/01/07,0,6131000,-10291140,-4160140
2011/01/10,0,10927000,-3937000,6990000
2011/01/11,0,13983000,-5243640,8739360
2011/01/12,0,3337000,-1338000,1999000
2011/01/13,0,4637245,-1486000,3151245
2011/01/14,0,3757000,-8763000,-5006000
2011/01/17,0,2493782,-8398464,-5904682
2011/01/18,0,2617000,-12694021,-10077021
2011/01/19,0,4919000,-1405000,3514000
2011/01/20,0,6120000,-2557825,3562175
2011/01/21,0,3519000,-6533033,-3014033
2011/01/24,0,1974126,-15789000,-13814874
2011/01/25,0,2881000,-12505417,-9624417
2011/01/26,0,5207240,-13122395,-7915155
2011/01/27,0,4089000,-3936186,152814
2011/01/28,0,11166030,-9164089,2001941
2011/01/31,0,0,0,0
2011/02/01,0,0,0,0
2011/02/02,0,0,0,0
2011/02/03,0,0,0,0
2011/02/04,0,0,0,0
2011/02/07,0,0,0,0
2011/02/08,0,10304400,-11742406,-1438006
2011/02/09,0,8772000,-7605008,1166992
2011/02/10,0,3156889,-16186949,-13030060
2011/02/11,0,2443580,-13811469,-11367889
2011/02/14,0,5788000,-15590830,-9802830
2011/02/15,0,2525000,-13305473,-10780473
2011/02/16,0,2403000,-9939963,-7536963
2011/02/17,0,2831000,-17021099,-14190099
2011/02/18,0,8038000,-6270165,1767835
2011/02/21,0,2399000,-7613000,-5214000
2011/02/22,0,2839000,-14229554,-11390554
2011/02/23,0,8224728,-9296860,-1072132
2011/02/24,0,3824224,-11321000,-7496776
2011/02/25,0,14372000,-14805569,-433569
2011/02/28,0,0,0,0
2011/03/01,0,15529000,-11051235,4477765
2011/03/02,0,3709224,-12722564,-9013340
2011/03/03,0,18364000,-1657891,16706109
2011/03/04,0,10568000,-2299000,8269000
2011/03/07,0,2444000,-1665088,778912
2011/03/08,0,4715000,-7172000,-2457000
2011/03/09,0,2239469,-2692571,-453102
2011/03/10,0,457000,-4251424,-3794424
2011/03/11,0,1576083,-7596643,-6020560
2011/03/14,0,7068000,-10220320,-3152320
2011/03/15,0,17759000,-10698600,7060400
2011/03/16,0,7829000,-8398790,-569790
2011/03/17,0,6460000,-2651834,3808166
2011/03/18,0,8905000,-8261019,643981
2011/03/21,0,1126000,-5079000,-3953000
2011/03/22,0,3709045,-9217000,-5507955
2011/03/23,0,9094000,-2505034,6588966
2011/03/24,0,3975800,-3536000,439800
2011/03/25,0,8066450,-1672058,6394392
2011/03/28,0,4538000,-8408464,-3870464
2011/03/29,0,11739440,-893261,10846179
2011/03/30,0,14478000,-6586706,7891294
2011/03/31,0,13706897,-6333904,7372993
2011/04/01,0,7529127,-1580714,5948413
2011/04/04,0,0,0,0
2011/04/05,0,0,0,0
2011/04/06,0,20391583,-3271958,17119625
2011/04/07,0,7680223,-782223,6898000
2011/04/08,0,10182581,-2916110,7266471
2011/04/11,0,5076042,-2715001,2361041
2011/04/12,0,2484254,-5253495,-2769241
2011/04/13,0,2165000,-811784,1353216
2011/04/14,0,2902000,-2013641,888359
2011/04/15,0,1714000,-11902072,-10188072
2011/04/18,0,491000,-8764712,-8273712
2011/04/19,0,1001828,-8505970,-7504142
2011/04/20,0,5903069,-9311765,-3408696
2011/04/21,0,11367937,-3283308,8084629
2011/04/22,0,4960000,-554000,4406000
2011/04/25,0,1746000,-1883462,-137462
2011/04/26,0,6738871,-6534000,204871
2011/04/27,0,4429000,-709833,3719167
2011/04/28,0,6651409,-2895990,3755419
2011/04/29,0,4857523,-16889000,-12031477
2011/05/02,0,0,0,0
2011/05/03,0,3719724,-4447890,-728166
2011/05/04,0,3056696,-7958227,-4901531
2011/05/05,0,1848000,-9768557,-7920557
2011/05/06,0,2707647,-5576000,-2868353
2011/05/09,0,6748200,-11131991,-4383791
2011/05/10,0,1941000,-5075107,-3134107
2011/05/11,0,2927000,-3268793,-341793
2011/05/12,0,2100000,-6731425,-4631425
2011/05/13,0,1211000,-6122000,-4911000
2011/05/16,0,1719000,-9662215,-7943215
2011/05/17,0,1914400,-8443000,-6528600
2011/05/18,0,3476000,-3195000,281000
2011/05/19,0,6785000,-12549303,-5764303
2011/05/20,0,3424000,-5461657,-2037657
2011/05/23,0,864000,-27266280,-26402280
2011/05/24,0,2116000,-10924822,-8808822
2011/05/25,0,3998828,-31293264,-27294436
2011/05/26,0,3964000,-8682819,-4718819
2011/05/27,0,9610000,-26788000,-17178000
2011/05/30,0,4291976,-13155181,-8863205
2011/05/31,0,12780000,-12103666,676334
2011/06/01,0,10247000,-17818327,-7571327
2011/06/02,0,11033000,-19442947,-8409947
2011/06/03,0,6918000,-9645013,-2727013
2011/06/06,0,0,0,0
2011/06/07,0,5507000,-8150823,-2643823
2011/06/08,0,5237010,-13602000,-8364990
2011/06/09,0,2956000,-13193169,-10237169
2011/06/10,0,6480831,-9731128,-3250297
2011/06/13,0,967000,-22088499,-21121499
2011/06/14,0,4628000,-3359600,1268400
2011/06/15,0,20907000,-14468910,6438090
2011/06/16,0,7774919,-16333000,-8558081
2011/06/17,0,12426634,-27372481,-14945847
2011/06/20,0,6493100,-7885392,-1392292
2011/06/21,0,8538718,-7552500,986218
2011/06/22,0,14483835,-21342000,-6858165
2011/06/23,0,5198429,-5154724,43705
2011/06/24,0,12518000,-9640369,2877631
2011/06/27,0,7959000,-18058410,-10099410
2011/06/28,0,5070000,-19022789,-13952789
2011/06/29,0,11419000,-7024037,4394963
2011/06/30,0,11997000,-3125944,8871056
2011/07/01,0,4467703,-534391,3933312
2011/07/04,0,4263377,-4750896,-487519
2011/07/05,0,5421164,-4391106,1030058
2011/07/06,0,4028685,-3603439,425246
2011/07/07,0,9201801,-4501000,4700801
2011/07/08,0,6044727,-13113000,-7068273
2011/07/11,0,3527394,-13015000,-9487606
2011/07/12,0,1162061,-24214000,-23051939
2011/07/13,0,19712255,-20735105,-1022850
2011/07/14,0,9256906,-35946866,-26689960
2011/07/15,0,5441604,-23257124,-17815520
2011/07/18,0,3608898,-83296783,-79687885
2011/07/19,0,1783000,-48025000,-46242000
2011/07/20,0,9380350,-33291192,-23910842
2011/07/21,0,14150750,-129589310,-115438560
2011/07/22,0,18548429,-62116000,-43567571
2011/07/25,0,11223420,-84426000,-73202580
2011/07/26,0,9706655,-73851000,-64144345
2011/07/27,0,24622877,-200336585,-175713708
2011/07/28,0,3852321,-60572480,-56720159
2011/07/29,0,14759221,-39598909,-24839688
2011/08/01,0,17564295,-34870300,-17306005
2011/08/02,0,820283,-11253398,-10433115
2011/08/03,0,3425944,-21836100,-18410156
2011/08/04,0,4978256,-12336500,-7358244
2011/08/05,0,9796039,-68971078,-59175039
2011/08/08,0,12587896,-51457509,-38869613
2011/08/09,0,11404847,-122333400,-110928553
2011/08/10,0,45410010,-109124223,-63714213
2011/08/11,0,51205000,-57986000,-6781000
2011/08/12,0,35044252,-48221519,-13177267
2011/08/15,0,23694604,-37262158,-13567554
2011/08/16,0,7089000,-16339000,-9250000
2011/08/17,0,7786276,-16500000,-8713724
2011/08/18,0,5539629,-14466000,-8926371
2011/08/19,0,7247254,-21923000,-14675746
2011/08/22,0,8945275,-12965000,-4019725
2011/08/23,0,16755000,-26468460,-9713460
2011/08/24,0,16089833,-40243012,-24153179
2011/08/25,0,5561789,-17525892,-11964103
2011/08/26,0,11919095,-36704324,-24785229
2011/08/29,0,10091000,-3616745,6474255
2011/08/30,0,932428,-12420000,-11487572
2011/08/31,0,23464427,-12691401,10773026
2011/09/01,0,13760235,-10662670,3097565
2011/09/02,0,4080606,-9610651,-5530045
2011/09/05,0,2367000,-15735944,-13368944
2011/09/06,0,10006314,-29566009,-19559695
2011/09/07,0,6903709,-3921003,2982706
2011/09/08,0,3999532,-6271738,-2272206
2011/09/09,0,7558000,-7491350,66650
2011/09/12,0,0,0,0
2011/09/13,0,1114794,-52640535,-51525741
2011/09/14,0,5496152,-26002903,-20506751
2011/09/15,0,8905000,-5683401,3221599
2011/09/16,0,19390000,-9046000,10344000
2011/09/19,0,1915329,-4901769,-2986440
2011/09/20,0,8303477,-23450047,-15146570
2011/09/21,0,11082682,-7025660,4057022
2011/09/22,0,7084973,-36472053,-29387080
2011/09/23,0,4914944,-19508515,-14593571
2011/09/26,0,12545516,-33201125,-20655609
2011/09/27,0,19614370,-19415490,198880
2011/09/28,0,11827597,-10616639,1210958
2011/09/29,0,14942351,-15654747,-712396
2011/09/30,0,11987600,-11860182,127418
2011/10/03,0,5948909,-11348741,-5399832
2011/10/04,0,26786294,-22971566,3814728
2011/10/05,0,4421650,-11295295,-6873645
2011/10/06,0,9751450,-4513800,5237650
2011/10/07,0,17333309,-5609000,11724309
2011/10/10,0,0,0,0
2011/10/11,0,8102560,-4605800,3496760
2011/10/12,0,4469676,-9269551,-4799875
2011/10/13,0,7500639,-6287100,1213539
2011/10/14,0,2892333,-1849000,1043333
2011/10/17,0,10432483,-10126301,306182
2011/10/18,0,4822848,-23471175,-18648327
2011/10/19,0,4798182,-16199112,-11400930
2011/10/20,0,1823152,-15470773,-13647621
2011/10/21,0,2747450,-12323156,-9575706
2011/10/24,0,17601450,-2298000,15303450
2011/10/25,0,6892380,-2169872,4722508
2011/10/26,0,6377280,-6625489,-248209
2011/10/27,0,4602955,-2175942,2427013
2011/10/28,0,24503100,-3549000,20954100
2011/10/31,0,8945165,-8016912,928253
2011/11/01,0,11074934,-8145600,2929334
2011/11/02,0,10112000,-11930562,-1818562
2011/11/03,0,2305175,-14429000,-12123825
2011/11/04,0,12895500,-6538000,6357500
2011/11/07,0,1977000,-7323870,-5346870
2011/11/08,0,4786505,-14591711,-9805206
2011/11/09,0,4844200,-3876000,968200
2011/11/10,0,3724486,-24812900,-21088414
2011/11/11,0,915150,-12273200,-11358050
2011/11/14,0,4443000,-7360965,-2917965
2011/11/15,0,5196080,-21654000,-16457920
2011/11/16,0,5330990,-13680000,-8349010
2011/11/17,0,906100,-27856323,-26950223
2011/11/18,0,8964210,-53107901,-44143691
2011/11/21,0,2535000,-68939000,-66404000
2011/11/22,0,8942727,-14370468,-5427741
2011/11/23,0,2583978,-24037013,-21453035
2011/11/24,0,13004614,-13009700,-5086
2011/11/25,0,136530289,-25299000,111231289
2011/11/28,0,39824624,-13015000,26809624
2011/11/29,0,50113950,-8351811,41762139
2011/11/30,0,21554863,-11848400,9706463
2011/12/01,0,25982000,-6308702,19673298
2011/12/02,0,8092000,-2613000,5479000
2011/12/05,0,5610000,-2527000,3083000
2011/12/06,0,6038000,-13106006,-7068006
2011/12/07,0,14002622,-3698649,10303973
2011/12/08,0,9763387,-8782359,981028
2011/12/09,0,2118314,-7551320,-5433006
2011/12/12,0,3491000,-1757050,1733950
2011/12/13,0,3155000,-4031000,-876000
2011/12/14,0,4492000,-9474763,-4982763
2011/12/15,0,4214000,-15326893,-11112893
2011/12/16,0,4537071,-4347421,189650
2011/12/19,0,5420700,-5751000,-330300
2011/12/20,0,5607300,-8896010,-3288710
2011/12/21,0,7739500,-4506699,3232801
2011/12/22,0,4705000,-1567800,3137200
2011/12/23,0,13264750,-4540326,8724424
2011/12/26,0,2055000,-285000,1770000
2011/12/27,0,3799000,-1255000,2544000
2011/12/28,0,4066977,-685746,3381231
2011/12/29,0,6765000,-1199000,5566000
2011/12/30,0,4736001,-1517417,3218584
2012/01/02,0,664549,-2205549,-1541000
2012/01/03,0,8343911,-1227000,7116911
2012/01/04,0,2854000,-8420832,-5566832
2012/01/05,0,6311620,-8275369,-1963749
2012/01/06,0,6548000,-5964000,584000
2012/01/09,0,4293500,-2236846,2056654
2012/01/10,0,14155500,-3810544,10344956
2012/01/11,0,3682264,-1759000,1923264
2012/01/12,0,9291000,-9066000,225000
2012/01/13,0,15660000,-6040000,9620000
2012/01/16,0,6104000,-9814000,-3710000
2012/01/17,0,8632000,-1716000,6916000
2012/01/18,0,8906085,-3818796,5087289
2012/01/19,0,0,0,0
2012/01/20,0,0,0,0
2012/01/23,0,0,0,0
2012/01/24,0,0,0,0
2012/01/25,0,0,0,0
2012/01/26,0,0,0,0
2012/01/27,0,0,0,0
2012/01/30,0,23942749,-11989094,11953655
2012/01/31,0,13484430,-14501500,-1017070
2012/02/01,0,2419155,-6970948,-4551793
2012/02/02,0,11455937,-7412000,4043937
2012/02/03,0,15194000,-2645100,12548900
2012/02/06,0,7024594,-6166480,858114
2012/02/07,0,7017251,-1458000,5559251
2012/02/08,0,12321000,-3469309,8851691
2012/02/09,0,9946000,-2875463,7070537
2012/02/10,0,4832000,-9840000,-5008000
2012/02/13,0,6338000,-6681000,-343000
2012/02/14,0,3928478,-7575372,-3646894
2012/02/15,0,8583200,-1139000,7444200
2012/02/16,0,6019000,-1333286,4685714
2012/02/17,0,16878000,-10420344,6457656
2012/02/20,0,6878000,-1369218,5508782
2012/02/21,0,3416467,-1743714,1672753
2012/02/22,0,7271000,-2695320,4575680
2012/02/23,0,2578920,-4440101,-1861181
2012/02/24,0,5617364,-3403000,2214364
2012/02/27,0,0,0,0
2012/02/28,0,0,0,0
2012/02/29,0,26604503,-3374297,23230206
2012/03/01,0,9774329,-1721819,8052510
2012/03/02,0,11863464,-2483596,9379868
2012/03/05,0,3193300,-2714010,479290
2012/03/06,0,6272000,-4111000,2161000
2012/03/07,0,8378690,-8444000,-65310
2012/03/08,0,6487000,-9135000,-2648000
2012/03/09,0,6397000,-3638000,2759000
2012/03/12,0,4207000,-2312000,1895000
2012/03/13,0,14488000,-1556600,12931400
2012/03/14,0,10855175,-1305534,9549641
2012/03/15,0,8986938,-5030000,3956938
2012/03/16,0,8313100,-10197066,-1883966
2012/03/19,0,5897000,-4561000,1336000
2012/03/20,0,4931000,-7402000,-2471000
2012/03/21,0,7694539,-6441799,1252740
2012/03/22,0,8846860,-5255000,3591860
2012/03/23,0,7406000,-2173900,5232100
2012/03/26,0,8514000,-13695250,-5181250
2012/03/27,0,9058000,-2025117,7032883
2012/03/28,0,12241000,-5018584,7222416
2012/03/29,0,13382200,-10466507,2915693
2012/03/30,0,14805826,-15648200,-842374
2012/04/02,0,5759428,-7723000,-1963572
2012/04/03,0,11645604,-2418000,9227604
2012/04/04,0,0,0,0
2012/04/05,0,9001595,-15092723,-6091128
2012/04/06,0,4318298,-19370000,-15051702
2012/04/09,0,1645000,-13682000,-12037000
2012/04/10,0,4943890,-9270000,-4326110
2012/04/11,0,1968000,-18071160,-16103160
2012/04/12,0,2682000,-11312000,-8630000
2012/04/13,0,1842155,-5762568,-3920413
2012/04/16,0,2308000,-5041001,-2733001
2012/04/17,0,10449298,-9528150,921148
2012/04/18,0,3691351,-7445204,-3753853
2012/04/19,0,4601000,-1349000,3252000
2012/04/20,0,3220000,-5973031,-2753031
2012/04/23,0,7216721,-5519040,1697681
2012/04/24,0,5944000,-2993000,2951000
2012/04/25,0,2639000,-4817528,-2178528
2012/04/26,0,4048111,-5296930,-1248819
2012/04/27,0,7216231,-5968000,1248231
2012/04/30,0,6988000,-9055746,-2067746
2012/05/01,0,0,0,0
2012/05/02,0,10354500,-5531433,4823067
2012/05/03,0,2155400,-5240306,-3084906
2012/05/04,0,11917000,-7040000,4877000
2012/05/07,0,4138000,-16837454,-12699454
2012/05/08,0,1244000,-7267150,-6023150
2012/05/09,0,1600000,-11202000,-9602000
2012/05/10,0,4445601,-11177662,-6732061
2012/05/11,0,3371055,-15172048,-11800993
2012/05/14,0,3344004,-2568000,776004
2012/05/15,0,8604000,-9756530,-1152530
2012/05/16,0,5245000,-10927933,-5682933
2012/05/17,0,6290000,-6993000,-703000
2012/05/18,0,4385000,-10639202,-6254202
2012/05/21,0,3884000,-2444000,1440000
2012/05/22,0,3992000,-7614000,-3622000
2012/05/23,0,4001323,-9531000,-5529677
2012/05/24,0,5587000,-7508143,-1921143
2012/05/25,0,4450000,-6026051,-1576051
2012/05/28,0,5551000,-6843000,-1292000
2012/05/29,0,6271000,-7431000,-1160000
2012/05/30,0,18391730,-21855052,-3463322
2012/05/31,0,16325371,-20815091,-4489720
2012/06/01,0,3266026,-9329935,-6063909
2012/06/04,0,12205895,-5954000,6251895
2012/06/05,0,10972420,-5029740,5942680
2012/06/06,0,7263245,-4272000,2991245
2012/06/07,0,9548566,-7687000,1861566
2012/06/08,0,3937450,-3779000,158450
2012/06/11,0,10601061,-2403682,8197379
2012/06/12,0,10711000,-10993000,-282000
2012/06/13,0,6857810,-7398974,-541164
2012/06/14,0,12883084,-5327000,7556084
2012/06/15,0,49160000,-40763196,8396804
2012/06/18,0,7363868,-10801730,-3437862
2012/06/19,0,9471420,-8920560,550860
2012/06/20,0,16629706,-13610000,3019706
2012/06/21,0,7784983,-17756682,-9971699
2012/06/22,0,2514308,-13345342,-10831034
2012/06/25,0,3223400,-12671634,-9448234
2012/06/26,0,2736000,-7126372,-4390372
2012/06/27,0,9957000,-8507760,1449240
2012/06/28,0,4644000,-12092150,-7448150
2012/06/29,0,11490199,-6369000,5121199
2012/07/02,0,2921418,-6899833,-3978415
2012/07/03,0,5829000,-3733000,2096000
2012/07/04,0,8493772,-6297728,2196044
2012/07/05,0,4363000,-2748000,1615000
2012/07/06,0,9658000,-6684098,2973902
2012/07/09,0,5506000,-4527000,979000
2012/07/10,0,6670742,-6844650,-173908
2012/07/11,0,3742000,-7699611,-3957611
2012/07/12,0,1573000,-13023734,-11450734
2012/07/13,0,7154047,-9811660,-2657613
2012/07/16,0,4714000,-7153545,-2439545
2012/07/17,0,8548000,-5993000,2555000
2012/07/18,0,9417700,-9559000,-141300
2012/07/19,0,11564000,-11384000,180000
2012/07/20,0,6122000,-4397428,1724572
2012/07/23,0,4850000,-12966300,-8116300
2012/07/24,0,6219000,-7864260,-1645260
2012/07/25,0,2093000,-14467223,-12374223
2012/07/26,0,5477000,-11912090,-6435090
2012/07/27,0,7792200,-6152673,1639527
2012/07/30,0,7724654,-4426656,3297998
2012/07/31,0,17851582,-6122942,11728640
2012/08/01,0,4656791,-7297322,-2640531
2012/08/02,0,0,0,0
2012/08/03,0,6303131,-8954985,-2651854
2012/08/06,0,11865000,-3168000,8697000
2012/08/07,0,11712494,-3939776,7772718
2012/08/08,0,13467847,-9253078,4214769
2012/08/09,0,20627000,-5152000,15475000
2012/08/10,0,10880000,-5132000,5748000
2012/08/13,0,4149000,-7986390,-3837390
2012/08/14,0,11805200,-4025685,7779515
2012/08/15,0,9584420,-4181000,5403420
2012/08/16,0,7080200,-4639080,2441120
2012/08/17,0,4753250,-2477000,2276250
2012/08/20,0,1495200,-1386300,108900
2012/08/21,0,14322449,-1264944,13057505
2012/08/22,0,1922700,-2598000,-675300
2012/08/23,0,4985401,-3516000,1469401
2012/08/24,0,1986200,-8600547,-6614347
2012/08/27,0,5913000,-4879649,1033351
2012/08/28,0,1307000,-3728343,-2421343
2012/08/29,0,2802000,-6844000,-4042000
2012/08/30,0,9912000,-14693000,-4781000
2012/08/31,0,4608979,-7419325,-2810346
2012/09/03,0,2433650,-5657200,-3223550
2012/09/04,0,1079000,-8947766,-7868766
2012/09/05,0,995440,-16019908,-15024468
2012/09/06,0,2529000,-18835840,-16306840
2012/09/07,0,6331960,-5322344,1009616
2012/09/10,0,8617800,-5834962,2782838
2012/09/11,0,8372000,-6220000,2152000
2012/09/12,0,12689158,-4451495,8237663
2012/09/13,0,5348000,-4765155,582845
2012/09/14,0,15805000,-5263247,10541753
2012/09/17,0,10778695,-7874092,2904603
2012/09/18,0,8416650,-3190000,5226650
2012/09/19,0,12425010,-3593259,8831751
2012/09/20,0,9201000,-5245380,3955620
2012/09/21,0,10179840,-3419500,6760340
2012/09/24,0,4472000,-2441000,2031000
2012/09/25,0,10309860,-5586000,4723860
2012/09/26,0,5884000,-4193000,1691000
2012/09/27,0,8573010,-4319953,4253057
2012/09/28,0,8746148,-4942260,3803888
2012/10/01,0,2112000,-6156000,-4044000
2012/10/02,0,8293884,-4889080,3404804
2012/10/03,0,543000,-1616295,-1073295
2012/10/04,0,4467510,-10168947,-5701437
2012/10/05,0,2182000,-3397694,-1215694
2012/10/08,0,6061572,-3727640,2333932
2012/10/09,0,10382000,-1233191,9148809
2012/10/10,0,0,0,0
2012/10/11,0,2328000,-4775346,-2447346
2012/10/12,0,900330,-4383248,-3482918
2012/10/15,0,3242210,-2502000,740210
2012/10/16,0,3343000,-4633140,-1290140
2012/10/17,0,8498600,-6239660,2258940
2012/10/18,0,3165000,-1662300,1502700
2012/10/19,0,3014000,-3401075,-387075
2012/10/22,0,2910954,-6251960,-3341006
2012/10/23,0,1712300,-6287221,-4574921
2012/10/24,0,1624012,-8947711,-7323699
2012/10/25,0,1137000,-5283560,-4146560
2012/10/26,0,3324212,-8992000,-5667788
2012/10/29,0,4275400,-3844000,431400
2012/10/30,0,4055000,-11114385,-7059385
2012/10/31,0,2251022,-7920075,-5669053
2012/11/01,0,3406364,-11621364,-8215000
2012/11/02,0,8613669,-5364000,3249669
2012/11/05,0,5371000,-4308000,1063000
2012/11/06,0,3408000,-3256000,152000
2012/11/07,0,7010511,-4963450,2047061
2012/11/08,0,5680000,-10957146,-5277146
2012/11/09,0,3794000,-6179000,-2385000
2012/11/12,0,1414000,-2120254,-706254
2012/11/13,0,1899500,-14825595,-12926095
2012/11/14,0,1493000,-4951000,-3458000
2012/11/15,0,3133000,-7501000,-4368000
2012/11/16,0,1811000,-10233000,-8422000
2012/11/19,0,5014000,-6053000,-1039000
2012/11/20,0,3050000,-6399114,-3349114
2012/11/21,0,4101500,-12571709,-8470209
2012/11/22,0,8270000,-7774500,495500
2012/11/23,0,18463400,-10653095,7810305
2012/11/26,0,7121000,-2969500,4151500
2012/11/27,0,10422000,-4853030,5568970
2012/11/28,0,7996807,-5648840,2347967
2012/11/29,0,18458965,-5688000,12770965
2012/11/30,0,30271900,-13699155,16572745
2012/12/03,0,7799500,-9004631,-1205131
2012/12/04,0,9969968,-10037000,-67032
2012/12/05,0,18862000,-9283000,9579000
2012/12/06,0,9669000,-7309554,2359446
2012/12/07,0,7083100,-1374000,5709100
2012/12/10,0,8468235,-4034474,4433761
2012/12/11,0,18333316,-9408280,8925036
2012/12/12,0,20866000,-9409637,11456363
2012/12/13,0,19645345,-13745941,5899404
2012/12/14,0,8826260,-2393215,6433045
2012/12/17,0,11296500,-2887355,8409145
2012/12/18,0,11195000,-6308554,4886446
2012/12/19,0,11742501,-2782200,8960301
2012/12/20,0,9468705,-6481000,2987705
2012/12/21,0,12655000,-6991376,5663624
2012/12/24,0,1923000,-1077000,846000
2012/12/25,0,4395000,-534000,3861000
2012/12/26,0,6923315,-2967000,3956315
2012/12/27,0,6549658,-5879545,670113
2012/12/28,0,9529000,-5913000,3616000
2012/12/31,0,0,0,0
2013/01/01,0,0,0,0
2013/01/02,0,11601458,-8205728,3395730
2013/01/03,0,8089158,-5252610,2836548
2013/01/04,0,7759000,-8804968,-1045968
2013/01/07,0,6134422,-4799700,1334722
2013/01/08,0,5493000,-8861000,-3368000
2013/01/09,0,6867000,-3815516,3051484
2013/01/10,0,16039000,-10855865,5183135
2013/01/11,0,4480000,-3946000,534000
2013/01/14,0,7930630,-5234102,2696528
2013/01/15,0,6540000,-5243000,1297000
2013/01/16,0,6380896,-5930050,450846
2013/01/17,0,6529200,-4802000,1727200
2013/01/18,0,10667000,-5827502,4839498
2013/01/21,0,2164000,-8632000,-6468000
2013/01/22,0,5086650,-3471755,1614895
2013/01/23,0,4399000,-2718322,1680678
2013/01/24,0,5974230,-6037000,-62770
2013/01/25,0,7888000,-8975000,-1087000
2013/01/28,0,3517000,-2183200,1333800
2013/01/29,0,6495700,-1950000,4545700
2013/01/30,0,7752918,-3635654,4117264
2013/01/31,0,20130530,-13805049,6325481
2013/02/01,0,6469000,-1270100,5198900
2013/02/04,0,9683000,-1828273,7854727
2013/02/05,0,9255000,-3737081,5517919
2013/02/06,0,6576120,-6395875,180245
2013/02/07,0,0,0,0
2013/02/08,0,0,0,0
2013/02/11,0,0,0,0
2013/02/12,0,0,0,0
2013/02/13,0,0,0,0
2013/02/14,0,0,0,0
2013/02/15,0,0,0,0
2013/02/18,0,14319802,-7460033,6859769
2013/02/19,0,2131462,-4048065,-1916603
2013/02/20,0,12591358,-6850882,5740476
2013/02/21,0,19961315,-9844372,10116943
2013/02/22,0,15193000,-7264000,7929000
2013/02/25,0,7359831,-13909714,-6549883
2013/02/26,0,4826336,-10396059,-5569723
2013/02/27,0,6159005,-14537705,-8378700
2013/02/28,0,0,0,0
2013/03/01,0,11526000,-7154000,4372000
2013/03/04,0,8021000,-15715000,-7694000
2013/03/05,0,7121000,-10324938,-3203938
2013/03/06,0,4916649,-1055946,3860703
2013/03/07,0,2498000,-1364259,1133741
2013/03/08,0,7329697,-6401867,927830
2013/03/11,0,4021000,-1864000,2157000
2013/03/12,0,3357000,-4980586,-1623586
2013/03/13,0,4536000,-9911000,-5375000
2013/03/14,0,3484000,-7065290,-3581290
2013/03/15,0,12504000,-24640760,-12136760
2013/03/18,0,1673000,-8902400,-7229400
2013/03/19,0,2690310,-8754351,-6064041
2013/03/20,0,3288000,-17226763,-13938763
2013/03/21,0,1265400,-8962504,-7697104
2013/03/22,0,2236000,-6938738,-4702738
2013/03/25,0,2041660,-2638000,-596340
2013/03/26,0,4404000,-6474354,-2070354
2013/03/27,0,3593001,-2067105,1525896
2013/03/28,0,4301746,-14664063,-10362317
2013/03/29,0,5202040,-11912000,-6709960
2013/04/01,0,1322868,-815470,507398
2013/04/02,0,7296041,-4970000,2326041
2013/04/03,0,9873600,-9675130,198470
2013/04/04,0,0,0,0
2013/04/05,0,0,0,0
2013/04/08,0,11183832,-16315318,-5131486
2013/04/09,0,7461000,-12092447,-4631447
2013/04/10,0,6890529,-14021529,-7131000
2013/04/11,0,3321108,-10094091,-6772983
2013/04/12,0,2438000,-3488439,-1050439
2013/04/15,0,2540185,-3361000,-820815
2013/04/16,0,5806903,-3471164,2335739
2013/04/17,0,9702100,-11373180,-1671080
2013/04/18,0,2739899,-5782613,-3042714
2013/04/19,0,7928500,-8498927,-570427
2013/04/22,0,10962600,-9357000,1605600
2013/04/23,0,5871000,-5661772,209228
2013/04/24,0,5626000,-3497038,2128962
2013/04/25,0,5685894,-2259945,3425949
2013/04/26,0,8750300,-3465000,5285300
2013/04/29,0,6187080,-4472561,1714519
2013/04/30,0,14233852,-16480000,-2246148
2013/05/01,0,0,0,0
2013/05/02,0,5006054,-4454731,551323
2013/05/03,0,3625000,-3895429,-270429
2013/05/06,0,4262000,-8705916,-4443916
2013/05/07,0,6825024,-6328000,497024
2013/05/08,0,8845968,-3495000,5350968
2013/05/09,0,5574223,-5984875,-410652
2013/05/10,0,5547900,-3894000,1653900
2013/05/13,0,4109300,-4899000,-789700
2013/05/14,0,6914000,-4090444,2823556
2013/05/15,0,8837978,-3957702,4880276
2013/05/16,0,7556000,-5043568,2512432
2013/05/17,0,5767000,-1008000,4759000
2013/05/20,0,4532000,-3056000,1476000
2013/05/21,0,4728000,-2555453,2172547
2013/05/22,0,6444870,-997000,5447870
2013/05/23,0,5791200,-8705000,-2913800
2013/05/24,0,5437792,-7120000,-1682208
2013/05/27,0,4706238,-6697205,-1990967
2013/05/28,0,3170805,-7618593,-4447788
2013/05/29,0,10393000,-8136000,2257000
2013/05/30,0,5149777,-14103396,-8953619
2013/05/31,0,14308000,-14991746,-683746
2013/06/03,0,2809000,-8845000,-6036000
2013/06/04,0,6557000,-10571000,-4014000
2013/06/05,0,3705000,-10843819,-7138819
2013/06/06,0,4105411,-22976430,-18871019
2013/06/07,0,4942500,-12103398,-7160898
2013/06/10,0,6032000,-6902667,-870667
2013/06/11,0,3110646,-11216000,-8105354
2013/06/12,0,0,0,0
2013/06/13,0,4529000,-22570033,-18041033
2013/06/14,0,2714214,-9894594,-7180380
2013/06/17,0,5582733,-4331000,1251733
2013/06/18,0,2354444,-8365189,-6010745
2013/06/19,0,2128592,-8574000,-6445408
2013/06/20,0,3003000,-11469930,-8466930
2013/06/21,0,25928000,-46598654,-20670654
2013/06/24,0,5636000,-17618792,-11982792
2013/06/25,0,5080000,-11269676,-6189676
2013/06/26,0,11992002,-14054033,-2062031
2013/06/27,0,12948000,-12890953,57047
2013/06/28,0,21041000,-16158659,4882341
2013/07/01,0,10361600,-8976000,1385600
2013/07/02,0,6927754,-8101826,-1174072
2013/07/03,0,5726000,-10092558,-4366558
2013/07/04,0,4931208,-4529000,402208
2013/07/05,0,9131000,-4533465,4597535
2013/07/08,0,4114000,-9099160,-4985160
2013/07/09,0,9535000,-3951000,5584000
2013/07/10,0,9622905,-2927000,6695905
2013/07/11,0,23339067,-3104652,20234415
2013/07/12,0,18504000,-5866000,12638000
2013/07/15,0,10955030,-1951000,9004030
2013/07/16,0,16589590,-2004470,14585120
2013/07/17,0,14542000,-1494419,13047581
2013/07/18,0,16059000,-2078000,13981000
2013/07/19,0,16090843,-5611269,10479574
2013/07/22,0,6949316,-1782792,5166524
2013/07/23,0,16355000,-1560605,14794395
2013/07/24,0,8529000,-3553520,4975480
2013/07/25,0,5356245,-6145252,-789007
2013/07/26,0,7828000,-1597000,6231000
2013/07/29,0,1731000,-2470000,-739000
2013/07/30,0,10804000,-1577000,9227000
2013/07/31,0,6309640,-14432557,-8122917
2013/08/01,0,5906000,-9110675,-3204675
2013/08/02,0,8698000,-1104865,7593135
2013/08/05,0,6674397,-3576350,3098047
2013/08/06,0,10387000,-15970000,-5583000
2013/08/07,0,13427989,-6781100,6646889
2013/08/08,0,4268977,-11360055,-7091078
2013/08/09,0,4386000,-10993322,-6607322
2013/08/12,0,6251000,-1641337,4609663
2013/08/13,0,7934510,-2219169,5715341
2013/08/14,0,4402011,-7561000,-3158989
2013/08/15,0,4700000,-9702929,-5002929
2013/08/16,0,10709830,-3717356,6992474
2013/08/19,0,9359620,-7437000,1922620
2013/08/20,0,9104000,-7982550,1121450
2013/08/21,0,0,0,0
2013/08/22,0,9907790,-16737893,-6830103
2013/08/23,0,8482000,-5229000,3253000
2013/08/26,0,8175000,-1571000,6604000
2013/08/27,0,8367184,-6123000,2244184
2013/08/28,0,7371571,-4937590,2433981
2013/08/29,0,12965795,-5361280,7604515
2013/08/30,0,11552215,-10899000,653215
2013/09/02,0,5263000,-2992990,2270010
2013/09/03,0,7745000,-2289000,5456000
2013/09/04,0,10416100,-2750020,7666080
2013/09/05,0,11907016,-3153000,8754016
2013/09/06,0,7174000,-3681000,3493000
2013/09/09,0,11367000,-375000,10992000
2013/09/10,0,11953000,-4601720,7351280
2013/09/11,0,15090000,-3789889,11300111
2013/09/12,0,13927000,-5101000,8826000
2013/09/13,0,11375390,-4275739,7099651
2013/09/16,0,13283000,-1534000,11749000
2013/09/17,0,9512000,-2912607,6599393
2013/09/18,0,10836965,-6195240,4641725
2013/09/19,0,0,0,0
2013/09/20,0,0,0,0
2013/09/23,0,15309660,-7147792,8161868
2013/09/24,0,6820000,-5171702,1648298
2013/09/25,0,9616181,-4997064,4619117
2013/09/26,0,4185944,-5475014,-1289070
2013/09/27,0,13468389,-5133183,8335206
2013/09/30,0,10485928,-9958813,527115
2013/10/01,0,2296000,-5950208,-3654208
2013/10/02,0,2103595,-4544085,-2440490
2013/10/03,0,13007598,-5861120,7146478
2013/10/04,0,7846000,-2817100,5028900
2013/10/07,0,2243273,-3413834,-1170561
2013/10/08,0,6467640,-4838000,1629640
2013/10/09,0,6162740,-4381423,1781317
2013/10/10,0,0,0,0
2013/10/11,0,5357000,-3968000,1389000
2013/10/14,0,7314271,-2136434,5177837
2013/10/15,0,7550000,-4903823,2646177
2013/10/16,0,4967540,-1967334,3000206
2013/10/17,0,4245000,-675000,3570000
2013/10/18,0,11201000,-9171866,2029134
2013/10/21,0,4134000,-4761839,-627839
2013/10/22,0,3668448,-9278310,-5609862
2013/10/23,0,9863037,-8722207,1140830
2013/10/24,0,8790144,-7549000,1241144
2013/10/25,0,2070094,-5642970,-3572876
2013/10/28,0,5905420,-1602000,4303420
2013/10/29,0,7574000,-3518873,4055127
2013/10/30,0,5085415,-1006000,4079415
2013/10/31,0,9413000,-15144050,-5731050
2013/11/01,0,3591000,-2035717,1555283
2013/11/04,0,3187020,-5833766,-2646746
2013/11/05,0,5575000,-6972844,-1397844
2013/11/06,0,3852000,-1626813,2225187
2013/11/07,0,5099000,-4486000,613000
2013/11/08,0,4601000,-2806000,1795000
2013/11/11,0,4283529,-5947456,-1663927
2013/11/12,0,4314992,-3271000,1043992
2013/11/13,0,2224845,-13711778,-11486933
2013/11/14,0,979000,-7174350,-6195350
2013/11/15,0,1269000,-3081037,-1812037
2013/11/18,0,1360000,-1012783,347217
2013/11/19,0,3326692,-1669692,1657000
2013/11/20,0,1482000,-2391000,-909000
2013/11/21,0,4583000,-7821869,-3238869
2013/11/22,0,1328000,-3827877,-2499877
2013/11/25,0,2377000,-520000,1857000
2013/11/26,0,13607524,-9745567,3861957
2013/11/27,0,2824273,-5559557,-2735284
2013/11/28,0,5479758,-8240113,-2760355
2013/11/29,0,7445858,-3849126,3596732
2013/12/02,0,2558420,-1900400,658020
2013/12/03,0,2151040,-1930648,220392
2013/12/04,0,4968000,-4042209,925791
2013/12/05,0,5098973,-5893379,-794406
2013/12/06,0,3694000,-3045000,649000
2013/12/09,0,6412000,-2308838,4103162
2013/12/10,0,6857000,-2912000,3945000
2013/12/11,0,7222000,-3439563,3782437
2013/12/12,0,4388030,-5654218,-1266188
2013/12/13,0,12618000,-2996000,9622000
2013/12/16,0,17079746,-6698033,10381713
2013/12/17,0,8616000,-9401249,-785249
2013/12/18,0,6725002,-6122118,602884
2013/12/19,0,10528000,-6685460,3842540
2013/12/20,0,8501110,-15338032,-6836922
2013/12/23,0,3902187,-8265896,-4363709
2013/12/24,0,1342000,-5878346,-4536346
2013/12/25,0,1557000,-232000,1325000
2013/12/26,0,8806000,-1326680,7479320
2013/12/27,0,6601000,-4616070,1984930
2013/12/30,0,7861000,-2321013,5539987
2013/12/31,0,4265000,-1515000,2750000
2014/01/02,0,3117000,-6945000,-3828000
2014/01/03,0,2941000,-6730000,-3789000
2014/01/06,0,5396340,-11771883,-6375543
2014/01/07,0,3579000,-5308127,-1729127
2014/01/08,0,6350000,-6773621,-423621
2014/01/09,0,4292000,-5696000,-1404000
2014/01/10,0,4424000,-7399801,-2975801
2014/01/13,0,4323424,-6035000,-1711576
2014/01/14,0,4127736,-5130000,-1002264
2014/01/15,0,9712157,-3447322,6264835
2014/01/16,0,4427094,-2415998,2011096
2014/01/17,0,2209687,-3557556,-1347869
2014/01/20,0,1603616,-2484000,-880384
2014/01/21,0,2615000,-2342152,272848
2014/01/22,0,7334000,-3839000,3495000
2014/01/23,0,4134000,-4779000,-645000
2014/01/24,0,8726000,-5837000,2889000
2014/01/27,0,8006000,-31983472,-23977472
2014/02/05,0,13551980,-53635843,-40083863
2014/02/06,0,10616000,-21218800,-10602800
2014/02/07,0,7342000,-11127295,-3785295
2014/02/10,0,3207463,-3957133,-749670
2014/02/11,0,4391773,-2756606,1635167
2014/02/12,0,3382260,-2919978,462282
2014/02/13,0,2231380,-5292560,-3061180
2014/02/14,0,9729000,-3217229,6511771
2014/02/17,0,2291000,-1966300,324700
2014/02/18,0,5259000,-2150020,3108980
2014/02/19,0,5590001,-3427000,2163001
2014/02/20,0,1711000,-9338396,-7627396
2014/02/21,0,8821000,-5802644,3018356
2014/02/24,0,3606000,-3662310,-56310
2014/02/25,0,5525617,-7314600,-1788983
2014/02/26,0,9875000,-11262297,-1387297
2014/02/27,0,10262860,-10231631,31229
2014/03/03,0,10806675,-18216618,-7409943
2014/03/04,0,3034641,-5454000,-2419359
2014/03/05,0,1949681,-5239384,-3289703
2014/03/06,0,6873000,-5014303,1858697
2014/03/07,0,9444000,-3492285,5951715
2014/03/10,0,4790000,-8177913,-3387913
2014/03/11,0,8926000,-10333160,-1407160
2014/03/12,0,3742000,-7840220,-4098220
2014/03/13,0,8862000,-8398551,463449
2014/03/14,0,5785000,-11187030,-5402030
2014/03/17,0,2577000,-8426731,-5849731
2014/03/18,0,11535411,-9399642,2135769
2014/03/19,0,2281000,-2551221,-270221
2014/03/20,0,6614000,-11606972,-4992972
2014/03/21,0,8144500,-16620989,-8476489
2014/03/24,0,8286000,-3159002,5126998
2014/03/25,0,13536000,-7213853,6322147
2014/03/26,0,9913174,-11348000,-1434826
2014/03/27,0,18685981,-8434000,10251981
2014/03/28,0,8098000,-3229882,4868118
2014/03/31,0,6960689,-5173554,1787135
2014/04/01,0,8255273,-4710952,3544321
2014/04/02,0,10163000,-1242000,8921000
2014/04/03,0,5320610,-2229000,3091610
2014/04/07,0,8941000,-8289000,652000
2014/04/08,0,4565397,-2638904,1926493
2014/04/09,0,8106610,-1858000,6248610
2014/04/10,0,6512000,-4481000,2031000
2014/04/11,0,5341000,-4120889,1220111
2014/04/14,0,4821001,-2076000,2745001
2014/04/15,0,9747930,-2430146,7317784
2014/04/16,0,8134000,-6374000,1760000
2014/04/17,0,2390000,-2538000,-148000
2014/04/18,0,1994000,-1238176,755824
2014/04/21,0,1044000,-852000,192000
2014/04/22,0,1532000,-1153000,379000
2014/04/23,0,2645932,-3132000,-486068
2014/04/24,0,5258000,-2027075,3230925
2014/04/25,0,2886000,-6789000,-3903000
2014/04/28,0,4274000,-6016000,-1742000
2014/04/29,0,2231000,-6743000,-4512000
2014/04/30,0,21071596,-12273828,8797768
2014/05/02,0,3586703,-4374520,-787817
2014/05/05,0,846860,-4832000,-3985140
2014/05/06,0,1279000,-3042000,-1763000
2014/05/07,0,3516440,-9628010,-6111570
2014/05/08,0,3176000,-3975901,-799901
2014/05/09,0,6821000,-3953000,2868000
2014/05/12,0,3424897,-3768364,-343467
2014/05/13,0,8614008,-2025000,6589008
2014/05/14,0,9018000,-7524000,1494000
2014/05/15,0,2624000,-5459000,-2835000
2014/05/16,0,3306000,-10179030,-6873030
2014/05/19,0,4065000,-6919652,-2854652
2014/05/20,0,3541000,-21073127,-17532127
2014/05/21,0,4188000,-4728666,-540666
2014/05/22,0,5699000,-2877000,2822000
2014/05/23,0,6385940,-4029930,2356010
2014/05/26,0,3099400,-3290000,-190600
2014/05/27,0,1572000,-4991000,-3419000
2014/05/28,0,11830300,-6753000,5077300
2014/05/29,0,7462683,-5034565,2428118
2014/05/30,0,20626400,-33674654,-13048254
2014/06/03,0,9449630,-7927040,1522590
2014/06/04,0,1164000,-8867191,-7703191
2014/06/05,0,2471864,-6838900,-4367036
2014/06/06,0,2237000,-4199004,-1962004
2014/06/09,0,1616000,-7926000,-6310000
2014/06/10,0,7063890,-10434900,-3371010
2014/06/11,0,3642000,-5017579,-1375579
2014/06/12,0,7041864,-5948000,1093864
2014/06/13,0,5730000,-4815204,914796
2014/06/16,0,1738000,-4823931,-3085931
2014/06/17,0,2806000,-1910000,896000
2014/06/18,0,17004900,-6679000,10325900
2014/06/19,0,12183590,-4209025,7974565
2014/06/20,0,7557000,-7340132,216868
2014/06/23,0,3874000,-3655518,218482
2014/06/24,0,5639000,-3220609,2418391
2014/06/25,0,2242000,-4154361,-1912361
2014/06/26,0,5840240,-10680920,-4840680
2014/06/27,0,3184000,-3307000,-123000
2014/06/30,0,4289000,-3453331,835669
2014/07/01,0,6266000,-3864000,2402000
2014/07/02,0,4346569,-5430331,-1083762
2014/07/03,0,6917000,-8845795,-1928795
2014/07/04,0,3784186,-10143000,-6358814
2014/07/07,0,6001377,-3273000,2728377
2014/07/08,0,4967012,-1195000,3772012
2014/07/09,0,3606090,-1765411,1840679
2014/07/10,0,4429271,-5800000,-1370729
2014/07/11,0,4397180,-2030630,2366550
2014/07/14,0,2859000,-4009000,-1150000
2014/07/15,0,2898048,-5256000,-2357952
2014/07/16,0,4955738,-4834102,121636
2014/07/17,0,7342916,-3912874,3430042
2014/07/18,0,6179000,-6249255,-70255
2014/07/21,0,10431340,-1128726,9302614
2014/07/22,0,8907000,-3548363,5358637
2014/07/23,0,0,0,0
2014/07/24,0,5481220,-2870000,2611220
2014/07/25,0,6475000,-1257084,5217916
2014/07/28,0,12075000,-542000,11533000
2014/07/29,0,17133000,-1602000,15531000
2014/07/30,0,22127020,-7583000,14544020
2014/07/31,0,12568830,-11106526,1462304
2014/08/01,0,3640000,-1552000,2088000
2014/08/04,0,3925358,-5811000,-1885642
2014/08/05,0,10561000,-16336735,-5775735
2014/08/06,0,8254000,-7705427,548573
2014/08/07,0,4217163,-6118153,-1900990
2014/08/08,0,4570000,-7490688,-2920688
2014/08/11,0,2122250,-5300811,-3178561
2014/08/12,0,8162981,-5561100,2601881
2014/08/13,0,10135164,-1149122,8986042
2014/08/14,0,3740000,-8708000,-4968000
2014/08/15,0,5936200,-5785832,150368
2014/08/18,0,5717000,-2397400,3319600
2014/08/19,0,8051249,-2278000,5773249
2014/08/20,0,8703735,-2009625,6694110
2014/08/21,0,5166235,-3164000,2002235
2014/08/22,0,15149702,-2758000,12391702
2014/08/25,0,5377800,-2523000,2854800
2014/08/26,0,4698089,-2096000,2602089
2014/08/27,0,11419000,-2305000,9114000
2014/08/28,0,8573802,-3045000,5528802
2014/08/29,0,5821560,-4998095,823465
2014/09/01,0,9798349,-518000,9280349
2014/09/02,0,9514207,-5011000,4503207
2014/09/03,0,11152298,-2512000,8640298
2014/09/04,0,7028227,-1341414,5686813
2014/09/05,0,5209004,-1978923,3230081
2014/09/09,0,6693202,-599000,6094202
2014/09/10,0,6728025,-7410580,-682555
2014/09/11,0,11899000,-3016000,8883000
2014/09/12,0,9039575,-1979000,7060575
2014/09/15,0,5834000,-2626000,3208000
2014/09/16,0,5505078,-5221000,284078
2014/09/17,0,16184148,-6598000,9586148
2014/09/18,0,19974521,-1807000,18167521
2014/09/19,0,8033000,-6302040,1730960
2014/09/22,0,8560000,-10344000,-1784000
2014/09/23,0,6078000,-5630250,447750
2014/09/24,0,9356247,-5098600,4257647
2014/09/25,0,3252500,-4714470,-1461970
2014/09/26,0,4725195,-3845000,880195
2014/09/29,0,9255000,-17126000,-7871000
2014/09/30,0,13739780,-7430205,6309575
2014/10/01,0,7473230,-10952032,-3478802
2014/10/02,0,9126584,-20735604,-11609020
2014/10/03,0,8618475,-9848920,-1230445
2014/10/06,0,11101366,-11489617,-388251
2014/10/07,0,13040000,-8218344,4821656
2014/10/08,0,11195062,-8294779,2900283
2014/10/09,0,9522139,-2050419,7471720
2014/10/13,0,5241000,-5387160,-146160
2014/10/14,0,5584600,-4348135,1236465
2014/10/15,0,23132765,-12840743,10292022
2014/10/16,0,14907880,-8124096,6783784
2014/10/17,0,31335380,-41718297,-10382917
2014/10/20,0,6071680,-4030919,2040761
2014/10/21,0,10389963,-5107320,5282643
2014/10/22,0,6594845,-3084800,3510045
2014/10/23,0,1322845,-978000,344845
2014/10/24,0,4464000,-4593329,-129329
2014/10/27,0,9336000,-1560449,7775551
2014/10/28,0,14225000,-2557000,11668000
2014/10/29,0,10941536,-2163000,8778536
2014/10/30,0,8511998,-1059400,7452598
2014/10/31,0,13606516,-1212151,12394365
2014/11/03,0,7735650,-2309119,5426531
2014/11/04,0,12616000,-7771426,4844574
2014/11/05,0,6142000,-5254422,887578
2014/11/06,0,5201863,-1296751,3905112
2014/11/07,0,4819500,-6434000,-1614500
2014/11/10,0,11352286,-1151200,10201086
2014/11/11,0,5299102,-2948740,2350362
2014/11/12,0,4130645,-7295261,-3164616
2014/11/13,0,6110178,-8503000,-2392822
2014/11/14,0,5190176,-4154080,1036096
2014/11/17,0,8774175,-8146522,627653
2014/11/18,0,6709670,-3963140,2746530
2014/11/19,0,23219527,-14563259,8656268
2014/11/20,0,8047000,-2346572,5700428
2014/11/21,0,2084000,-3374819,-1290819
2014/11/24,0,6781000,-1298352,5482648
2014/11/25,0,14529628,-9597816,4931812
2014/11/26,0,7378079,-3590039,3788040
2014/11/27,0,4969879,-1260000,3709879
2014/11/28,0,10164078,-4127954,6036124
2014/12/01,0,4384443,-7049317,-2664874
2014/12/02,0,5429000,-10600464,-5171464
2014/12/03,0,8267305,-3038182,5229123
2014/12/04,0,9337190,-3004000,6333190
2014/12/05,0,6216300,-2091160,4125140
2014/12/08,0,3795298,-2519800,1275498
2014/12/09,0,5715027,-1230441,4484586
2014/12/10,0,4593318,-11189392,-6596074
2014/12/11,0,3788625,-6785379,-2996754
2014/12/12,0,4379498,-7623000,-3243502
2014/12/15,0,1829000,-9556000,-7727000
2014/12/16,0,8585000,-8731763,-146763
2014/12/17,0,8786000,-20439054,-11653054
2014/12/18,0,8575378,-12365446,-3790068
2014/12/19,0,12834000,-8290375,4543625
2014/12/22,0,6703000,-5666000,1037000
2014/12/23,0,8732000,-5647200,3084800
2014/12/24,0,9242188,-3572097,5670091
2014/12/25,0,2978000,-220792,2757208
2014/12/26,0,4210000,-432797,3777203
2014/12/29,0,10460000,-751000,9709000
2014/12/30,0,4579360,-2073000,2506360
2014/12/31,0,4955884,-2420217,2535667
2015/01/01,0,0,0,0
2015/01/02,0,0,0,0
2015/01/05,0,8604771,-6484341,2120430
2015/01/06,0,9114000,-20780000,-11666000
2015/01/07,0,10279000,-20010190,-9731190
2015/01/08,0,6498300,-5000572,1497728
2015/01/09,0,2617000,-1207562,1409438
2015/01/12,0,2108000,-4008928,-1900928
2015/01/13,0,7772000,-5434994,2337006
2015/01/14,0,11698000,-14149200,-2451200
2015/01/15,0,8200000,-12044142,-3844142
2015/01/16,0,3618782,-14593940,-10975158
2015/01/19,0,4077200,-2246000,1831200
2015/01/20,0,7997000,-1933000,6064000
2015/01/21,0,8753000,-4231192,4521808
2015/01/22,0,5761000,-6339152,-578152
2015/01/23,0,8300000,-1625754,6674246
2015/01/26,0,3126000,-8775687,-5649687
2015/01/27,0,5343778,-3392709,1951069
2015/01/28,0,8474000,-2340620,6133380
2015/01/29,0,4561000,-8272160,-3711160
2015/01/30,0,12407587,-9112007,3295580
2015/02/02,0,9008951,-9466200,-457249
2015/02/03,0,11946564,-4787592,7158972
2015/02/04,0,10107760,-11777477,-1669717
2015/02/05,0,5915000,-3860500,2054500
2015/02/06,0,3900568,-4672000,-771432
2015/02/09,0,3792448,-14863000,-11070552
2015/02/10,0,7292000,-6258000,1034000
2015/02/11,0,6791709,-6177197,614512
2015/02/12,0,11556000,-7541178,4014822
2015/02/13,0,11229000,-3818160,7410840
2015/02/16,0,0,0,0
2015/02/17,0,0,0,0
2015/02/18,0,0,0,0
2015/02/19,0,0,0,0
2015/02/20,0,0,0,0
2015/02/23,0,0,0,0
2015/02/24,0,18200190,-4528716,13671474
2015/02/25,0,9403240,-4278300,5124940
2015/02/26,0,8496000,-6680386,1815614
2015/02/27,0,0,0,0
2015/03/02,0,6956154,-5473536,1482618
2015/03/03,0,7836369,-2112000,5724369
2015/03/04,0,14025000,-4757816,9267184
2015/03/05,0,8971359,-4288480,4682879
2015/03/06,0,7366000,-6473280,892720
2015/03/09,0,2522000,-11729800,-9207800
2015/03/10,0,2728409,-8562766,-5834357
2015/03/11,0,3716300,-9264580,-5548280
2015/03/12,0,5960000,-6848000,-888000
2015/03/13,0,2142000,-15542000,-13400000
2015/03/16,0,3081714,-12495710,-9413996
2015/03/17,0,6327000,-4868100,1458900
2015/03/18,0,11798000,-7279808,4518192
2015/03/19,0,7872000,-2339437,5532563
2015/03/20,0,13029000,-14849261,-1820261
2015/03/23,0,3818000,-3081320,736680
2015/03/24,0,7287145,-6134983,1152162
2015/03/25,0,1606000,-2782998,-1176998
2015/03/26,0,8587000,-6253721,2333279
2015/03/27,0,5853000,-5944775,-91775
2015/03/30,0,6557470,-3331049,3226421
2015/03/31,0,8966000,-5041045,3924955
2015/04/01,0,1902636,-7193626,-5290990
2015/04/02,0,8544498,-4276900,4267598
2015/04/03,0,0,0,0
2015/04/06,0,0,0,0
2015/04/07,0,5889227,-7830000,-1940773
2015/04/08,0,3319000,-10419040,-7100040
2015/04/09,0,7178000,-4881000,2297000
2015/04/10,0,5928805,-7771963,-1843158
2015/04/13,0,2726749,-3416000,-689251
2015/04/14,0,12063000,-13511752,-1448752
2015/04/15,0,4471000,-21421353,-16950353
2015/04/16,0,7177000,-2279000,4898000
2015/04/17,0,4374706,-7111269,-2736563
2015/04/20,0,2809189,-2580870,228319
2015/04/21,0,2769000,-3402000,-633000
2015/04/22,0,17230237,-13112378,4117859
2015/04/23,0,13882000,-7299508,6582492
2015/04/24,0,18091000,-2472769,15618231
2015/04/27,0,22341000,-2591000,19750000
2015/04/28,0,9826000,-5816000,4010000
2015/04/29,0,13489000,-7755000,5734000
2015/04/30,0,10617000,-14066302,-3449302
2015/05/01,0,0,0,0
2015/05/04,0,1954161,-8330931,-6376770
2015/05/05,0,4793951,-4386634,407317
2015/05/06,0,3947000,-5496000,-1549000
2015/05/07,0,3151069,-10671300,-7520231
2015/05/08,0,3048547,-4387000,-1338453
2015/05/11,0,3815000,-4864000,-1049000
2015/05/12,0,7150000,-4391000,2759000
2015/05/13,0,3156692,-4055000,-898308
2015/05/14,0,8475000,-13071000,-4596000
2015/05/15,0,4397000,-6471552,-2074552
2015/05/18,0,4122000,-2918000,1204000
2015/05/19,0,8604845,-3728000,4876845
2015/05/20,0,1553100,-10673000,-9119900
2015/05/21,0,2995600,-15320079,-12324479
2015/05/22,0,2886000,-8571200,-5685200
2015/05/25,0,2083000,-3223265,-1140265
2015/05/26,0,3679000,-3674458,4542
2015/05/27,0,5470000,-12295473,-6825473
2015/05/28,0,7351477,-12654906,-5303429
2015/05/29,0,20615562,-24924110,-4308548
2015/06/01,0,2684000,-11850360,-9166360
2015/06/02,0,7839895,-14587594,-6747699
2015/06/03,0,7664500,-12222271,-4557771
2015/06/04,0,4001000,-17055900,-13054900
2015/06/05,0,3041000,-23901000,-20860000
2015/06/08,0,5939738,-12245545,-6305807
2015/06/09,0,4720000,-10137299,-5417299
2015/06/10,0,3289000,-10127000,-6838000
2015/06/11,0,3991000,-9628000,-5637000
2015/06/12,0,2281000,-9143566,-6862566
2015/06/15,0,1903000,-9615809,-7712809
2015/06/16,0,7059202,-10025787,-2966585
2015/06/17,0,4127200,-16744528,-12617328
2015/06/18,0,13272314,-15371699,-2099385
2015/06/19,0,0,0,0
2015/06/22,0,10386340,-8676188,1710152
2015/06/23,0,4410301,-9047000,-4636699
2015/06/24,0,5195125,-3391625,1803500
2015/06/25,0,12549537,-6468000,6081537
2015/06/26,0,5701271,-4947000,754271
2015/06/29,0,1069000,-4960000,-3891000
2015/06/30,0,16849716,-14063892,2785824
2015/07/01,0,6755000,-7108227,-353227
2015/07/02,0,12996446,-8288810,4707636
2015/07/03,0,3232000,-7527000,-4295000
2015/07/06,0,3332000,-5586000,-2254000
2015/07/07,0,8298000,-7849700,448300
2015/07/08,0,4002000,-17386971,-13384971
2015/07/09,0,3833000,-13176622,-9343622
2015/07/10,0,0,0,0
2015/07/13,0,5523981,-8881476,-3357495
2015/07/14,0,5322000,-6326000,-1004000
2015/07/15,0,7970000,-7766181,203819
2015/07/16,0,3251000,-3632000,-381000
2015/07/17,0,2324000,-5075105,-2751105
2015/07/20,0,2369201,-7100000,-4730799
2015/07/21,0,5246000,-4451000,795000
2015/07/22,0,2190000,-6639454,-4449454
2015/07/23,0,6196339,-6103105,93234
2015/07/24,0,1735498,-7126000,-5390502
2015/07/27,0,2604000,-6684000,-4080000
2015/07/28,0,4559122,-11876000,-7316878
2015/07/29,0,6013000,-8715821,-2702821
2015/07/30,0,5884891,-8400385,-2515494
2015/07/31,0,11728301,-15333530,-3605229
2015/08/03,0,4173938,-7263698,-3089760
2015/08/04,0,5360000,-5476193,-116193
2015/08/05,0,3382170,-7617644,-4235474
2015/08/06,0,2819000,-7699277,-4880277
2015/08/07,0,1544000,-7998000,-6454000
2015/08/10,0,783000,-2009000,-1226000
2015/08/11,0,7001144,-13036120,-6034976
2015/08/12,0,6693000,-12024000,-5331000
2015/08/13,0,7527000,-12079264,-4552264
2015/08/14,0,2822000,-5150000,-2328000
2015/08/17,0,3712792,-4532000,-819208
2015/08/18,0,4549000,-12139070,-7590070
2015/08/19,0,5900660,-13797340,-7896680
2015/08/20,0,11979000,-16705000,-4726000
2015/08/21,0,4014070,-15451856,-11437786
2015/08/24,0,19071000,-20260000,-1189000
2015/08/25,0,23865282,-24642485,-777203
2015/08/26,0,14586000,-18994280,-4408280
2015/08/27,0,7290567,-19720000,-12429433
2015/08/28,0,12450000,-16429817,-3979817
2015/08/31,0,18556624,-20255300,-1698676
2015/09/01,0,11198954,-16402144,-5203190
2015/09/02,0,12208000,-13939391,-1731391
2015/09/03,0,7571000,-8944000,-1373000
2015/09/04,0,3762706,-8901685,-5138979
2015/09/07,0,4236000,-8546775,-4310775
2015/09/08,0,1414182,-7687000,-6272818
2015/09/09,0,14466885,-8895624,5571261
2015/09/10,0,4527609,-7640053,-3112444
2015/09/11,0,2747000,-9003724,-6256724
2015/09/14,0,4595000,-6405000,-1810000
2015/09/15,0,6616000,-8185558,-1569558
2015/09/16,0,4813000,-8850071,-4037071
2015/09/17,0,17626000,-10152000,7474000
2015/09/18,0,14815845,-14836027,-20182
2015/09/21,0,5896263,-9822376,-3926113
2015/09/22,0,3788000,-5369577,-1581577
2015/09/23,0,4478602,-9418917,-4940315
2015/09/24,0,1274000,-9459769,-8185769
2015/09/25,0,4663024,-8938183,-4275159
2015/09/28,0,0,0,0
2015/09/29,0,0,0,0
2015/09/30,0,17406402,-19459967,-2053565
2015/10/01,0,10958852,-6717623,4241229
2015/10/02,0,6686326,-8362700,-1676374
2015/10/05,0,6630210,-6723821,-93611
2015/10/06,0,14852000,-6150459,8701541
2015/10/07,0,17672400,-7437891,10234509
2015/10/08,0,21430100,-1173000,20257100
2015/10/09,0,0,0,0
2015/10/12,0,30478408,-2478000,28000408
2015/10/13,0,13059724,-8718240,4341484
2015/10/14,0,7196000,-2921000,4275000
2015/10/15,0,13545000,-5063122,8481878
2015/10/16,0,13867000,-14748590,-881590
2015/10/19,0,10357000,-4719044,5637956
2015/10/20,0,15545600,-7616936,7928664
2015/10/21,0,6044677,-4634000,1410677
2015/10/22,0,11877660,-15427701,-3550041
2015/10/23,0,15738032,-6048005,9690027
2015/10/26,0,17720649,-4067000,13653649
2015/10/27,0,8077000,-5180502,2896498
2015/10/28,0,4556000,-6025842,-1469842
2015/10/29,0,4645000,-10849659,-6204659
2015/10/30,0,8116000,-16511109,-8395109
2015/11/02,0,7189000,-6198224,990776
2015/11/03,0,11688419,-8153699,3534720
2015/11/04,0,27219998,-6037153,21182845
2015/11/05,0,5656000,-5576730,79270
2015/11/06,0,5854330,-20249752,-14395422
2015/11/09,0,1267227,-6542347,-5275120
2015/11/10,0,3737000,-11555320,-7818320
2015/11/11,0,3302094,-12248000,-8945906
2015/11/12,0,1119600,-11705198,-10585598
2015/11/13,0,873000,-12188996,-11315996
2015/11/16,0,1940000,-17543000,-15603000
2015/11/17,0,2467000,-8697082,-6230082
2015/11/18,0,5280812,-15280000,-9999188
2015/11/19,0,14212000,-8979194,5232806
2015/11/20,0,2580000,-12874003,-10294003
2015/11/23,0,8412483,-9062000,-649517
2015/11/24,0,8339000,-8001880,337120
2015/11/25,0,8430549,-21164549,-12734000
2015/11/26,0,8519000,-8153791,365209
2015/11/27,0,3984000,-10631290,-6647290
2015/11/30,0,35220096,-87074202,-51854106
2015/12/01,0,24906000,-18193196,6712804
2015/12/02,0,10039000,-14867223,-4828223
2015/12/03,0,3573000,-15087276,-11514276
2015/12/04,0,3396500,-17891449,-14494949
2015/12/07,0,5575000,-10642919,-5067919
2015/12/08,0,1269000,-19661316,-18392316
2015/12/09,0,2178000,-18542769,-16364769
2015/12/10,0,5934000,-19296000,-13362000
2015/12/11,0,7396566,-22529090,-15132524
2015/12/14,0,2240000,-14011906,-11771906
2015/12/15,0,3629782,-10467444,-6837662
2015/12/16,0,2230175,-8287153,-6056978
2015/12/17,0,8313000,-7399745,913255
2015/12/18,0,9709327,-13578065,-3868738
2015/12/21,0,3307801,-10604000,-7296199
2015/12/22,0,2972236,-7098513,-4126277
2015/12/23,0,7035796,-2884000,4151796
2015/12/24,0,13256218,-3273068,9983150
2015/12/25,0,2367000,-2990000,-623000
2015/12/28,0,9051000,-2653000,6398000
2015/12/29,0,2045000,-9932846,-7887846
2015/12/30,0,3047163,-7730900,-4683737
2015/12/31,0,3126492,-5616000,-2489508
2016/01/01,0,0,0,0
2016/01/04,0,6645256,-18384000,-11738744
2016/01/05,0,11211358,-19102851,-7891493
2016/01/06,0,8198920,-13448000,-5249080
2016/01/07,0,5211364,-16539160,-11327796
2016/01/08,0,5371000,-13300905,-7929905
2016/01/11,0,5097494,-13590311,-8492817
2016/01/12,0,4462000,-8453000,-3991000
2016/01/13,0,8102976,-4592226,3510750
2016/01/14,0,9170498,-11620000,-2449502
2016/01/15,0,12527000,-14216086,-1689086
2016/01/18,0,6054386,-8679000,-2624614
2016/01/19,0,8376000,-8567054,-191054
2016/01/20,0,4306028,-12703980,-8397952
2016/01/21,0,12732010,-16883509,-4151499
2016/01/22,0,10778000,-2236591,8541409
2016/01/25,0,14202000,-6697000,7505000
2016/01/26,0,14286993,-15380119,-1093126
2016/01/27,0,15652000,-17461371,-1809371
2016/01/28,0,17198000,-25069190,-7871190
2016/01/29,0,21948518,-28705863,-6757345
2016/02/01,0,12364963,-3081000,9283963
2016/02/02,0,19327322,-9300433,10026889
2016/02/03,0,4425000,-17433136,-13008136
2016/02/04,0,0,0,0
2016/02/05,0,0,0,0
2016/02/08,0,0,0,0
2016/02/09,0,0,0,0
2016/02/10,0,0,0,0
2016/02/11,0,0,0,0
2016/02/12,0,0,0,0
2016/02/15,0,13043498,-6171117,6872381
2016/02/16,0,16340000,-4523187,11816813
2016/02/17,0,13105846,-5881000,7224846
2016/02/18,0,11829292,-2757831,9071461
2016/02/19,0,7440060,-3782472,3657588
2016/02/22,0,8573000,-3887000,4686000
2016/02/23,0,20916872,-8260000,12656872
2016/02/24,0,10435000,-8573545,1861455
2016/02/25,0,10241409,-3190000,7051409
2016/02/26,0,27837919,-8651508,19186411
2016/02/29,0,0,0,0
2016/03/01,0,15445660,-6805553,8640107
2016/03/02,0,9920630,-6223000,3697630
2016/03/03,0,35188033,-18435000,16753033
2016/03/04,0,29326508,-15016000,14310508
2016/03/07,0,24363538,-15282000,9081538
2016/03/08,0,27939563,-20943578,6995985
2016/03/09,0,11089368,-19689521,-8600153
2016/03/10,0,18064360,-1298471,16765889
2016/03/11,0,17117000,-9538000,7579000
2016/03/14,0,15278252,-2760800,12517452
2016/03/15,0,17565000,-3145000,14420000
2016/03/16,0,17532000,-2729199,14802801
2016/03/17,0,28232173,-5782000,22450173
2016/03/18,0,29802345,-17608925,12193420
2016/03/21,0,15250000,-8975000,6275000
2016/03/22,0,19460574,-5936000,13524574
2016/03/23,0,13540025,-4296244,9243781
2016/03/24,0,12836486,-2571570,10264916
2016/03/25,0,3217000,-939000,2278000
2016/03/28,0,5558000,-761000,4797000
2016/03/29,0,12614043,-5063500,7550543
2016/03/30,0,13558632,-4724539,8834093
2016/03/31,0,34112000,-18644794,15467206
2016/04/01,0,9814698,-14424002,-4609304
2016/04/04,0,0,0,0
2016/04/05,0,0,0,0
2016/04/06,0,16364436,-15879243,485193
2016/04/07,0,17809807,-22881693,-5071886
2016/04/08,0,15144000,-10771232,4372768
2016/04/11,0,6054000,-7005450,-951450
2016/04/12,0,13263289,-6649490,6613799
2016/04/13,0,36010342,-4308053,31702289
2016/04/14,0,24134320,-7047139,17087181
2016/04/15,0,22382893,-6280424,16102469
2016/04/18,0,6823000,-2079336,4743664
2016/04/19,0,9296000,-6573612,2722388
2016/04/20,0,20618118,-8923000,11695118
2016/04/21,0,31297279,-884000,30413279
2016/04/22,0,24407381,-7106000,17301381
2016/04/25,0,23701085,-3252300,20448785
2016/04/26,0,24874593,-11787140,13087453
2016/04/27,0,28336600,-10766000,17570600
2016/04/28,0,21075067,-16098000,4977067
2016/04/29,0,10467000,-12316300,-1849300
2016/05/02,0,0,0,0
2016/05/03,0,11661307,-13776698,-2115391
2016/05/04,0,13349892,-33021995,-19672103
2016/05/05,0,11035000,-24877000,-13842000
2016/05/06,0,12485762,-21012000,-8526238
2016/05/09,0,12399000,-16332000,-3933000
2016/05/10,0,8405380,-16606000,-8200620
2016/05/11,0,11188000,-24379283,-13191283
2016/05/12,0,9518000,-14410000,-4892000
2016/05/13,0,4190000,-27584000,-23394000
2016/05/16,0,2620096,-10046502,-7426406
2016/05/17,0,4230000,-13017026,-8787026
2016/05/18,0,7300844,-13679000,-6378156
2016/05/19,0,6186000,-20615000,-14429000
2016/05/20,0,5105376,-11469242,-6363866
2016/05/23,0,16138331,-17925300,-1786969
2016/05/24,0,2222380,-12134000,-9911620
2016/05/25,0,7719380,-6866038,853342
2016/05/26,0,4406000,-8274000,-3868000
2016/05/27,0,4610000,-8858425,-4248425
2016/05/30,0,8947000,-2458017,6488983
2016/05/31,0,37920682,-42576832,-4656150
2016/06/01,0,10185813,-7073900,3111913
2016/06/02,0,7631308,-7820100,-188792
2016/06/03,0,11516000,-6966000,4550000
2016/06/06,0,7432000,-5830036,1601964
2016/06/07,0,19343000,-9772000,9571000
2016/06/08,0,22661000,-7232000,15429000
2016/06/09,0,0,0,0
2016/06/10,0,0,0,0
2016/06/13,0,6941120,-14001391,-7060271
2016/06/14,0,7755434,-6921000,834434
2016/06/15,0,6318181,-5102079,1216102
2016/06/16,0,7911222,-13401000,-5489778
2016/06/17,0,19009119,-16937736,2071383
2016/06/20,0,12009000,-8030000,3979000
2016/06/21,0,10044135,-9416600,627535
2016/06/22,0,8139370,-5193417,2945953
2016/06/23,0,5452368,-3630418,1821950
2016/06/24,0,8861540,-19034411,-10172871
2016/06/27,0,4138000,-5129058,-991058
2016/06/28,0,2918209,-5807278,-2889069
2016/06/29,0,10551000,-6119100,4431900
2016/06/30,0,7552000,-7347955,204045
2016/07/01,0,7368000,-6463181,904819
2016/07/04,0,7132000,-2321000,4811000
2016/07/05,0,4766000,-3431223,1334777
2016/07/06,0,6966033,-14037560,-7071527
2016/07/07,0,2009000,-1807171,201829
2016/07/08,0,0,0,0
2016/07/11,0,14478277,-7593661,6884616
2016/07/12,0,16457187,-7447062,9010125
2016/07/13,0,28841000,-8538539,20302461
2016/07/14,0,35615826,-5809000,29806826
2016/07/15,0,32859149,-8425000,24434149
2016/07/18,0,18138150,-3975978,14162172
2016/07/19,0,23730386,-8912000,14818386
2016/07/20,0,20621000,-22887558,-2266558
2016/07/21,0,40777802,-9228069,31549733
2016/07/22,0,19954000,-8430000,11524000
2016/07/25,0,15752000,-4859880,10892120
2016/07/26,0,14995900,-2154984,12840916
2016/07/27,0,10753000,-2672000,8081000
2016/07/28,0,10298000,-5005000,5293000
2016/07/29,0,12613000,-13234000,-621000
2016/08/01,0,12744344,-4430000,8314344
2016/08/02,0,13332237,-4839113,8493124
2016/08/03,0,4100243,-6967800,-2867557
2016/08/04,0,5114000,-3912320,1201680
2016/08/05,0,12486026,-1440000,11046026
2016/08/08,0,6867410,-2913000,3954410
2016/08/09,0,19521000,-3728251,15792749
2016/08/10,0,13241000,-3468495,9772505
2016/08/11,0,12294342,-11875982,418360
2016/08/12,0,11122000,-7343091,3778909
2016/08/15,0,5283000,-8658501,-3375501
2016/08/16,0,19633000,-11319582,8313418
2016/08/17,0,7503933,-3803000,3700933
2016/08/18,0,10410000,-7427600,2982400
2016/08/19,0,9566447,-9891000,-324553
2016/08/22,0,4590000,-10792800,-6202800
2016/08/23,0,12667805,-10350385,2317420
2016/08/24,0,2210304,-2273000,-62696
2016/08/25,0,6626745,-5456987,1169758
2016/08/26,0,4208851,-2308600,1900251
2016/08/29,0,4517000,-5073000,-556000
2016/08/30,0,7806378,-5002000,2804378
2016/08/31,0,8871477,-22558257,-13686780
2016/09/01,0,3514000,-10337156,-6823156
2016/09/02,0,5293229,-3462174,1831055
2016/09/05,0,9079000,-2816000,6263000
2016/09/06,0,10115676,-6158200,3957476
2016/09/07,0,17833000,-996000,16837000
2016/09/08,0,5952000,-7265000,-1313000
2016/09/09,0,2835000,-7933400,-5098400
2016/09/12,0,4301000,-18085647,-13784647
2016/09/13,0,7265000,-14559000,-7294000
2016/09/14,0,11150692,-26626778,-15476086
2016/09/15,0,0,0,0
2016/09/16,0,0,0,0
2016/09/19,0,4467236,-9056177,-4588941
2016/09/20,0,6024276,-3288000,2736276
2016/09/21,0,8604000,-8465000,139000
2016/09/22,0,6469641,-4982043,1487598
2016/09/23,0,8898000,-6108800,2789200
2016/09/26,0,3148960,-4325000,-1176040
2016/09/27,0,0,0,0
2016/09/28,0,0,0,0
2016/09/29,0,19726914,-6484873,13242041
2016/09/30,0,25162882,-24467627,695255
2016/10/03,0,8478000,-3719334,4758666
2016/10/04,0,6430418,-5223087,1207331
2016/10/05,0,3637000,-5468025,-1831025
2016/10/06,0,4308442,-6084000,-1775558
2016/10/07,0,2603151,-6477000,-3873849
2016/10/10,0,0,0,0
2016/10/11,0,6848258,-9613040,-2764782
2016/10/12,0,5232000,-9849774,-4617774
2016/10/13,0,4461500,-15881800,-11420300
2016/10/14,0,5825282,-7734360,-1909078
2016/10/17,0,2334000,-11041228,-8707228
2016/10/18,0,5622496,-5694680,-72184
2016/10/19,0,7592348,-2878000,4714348
2016/10/20,0,5024000,-2374529,2649471
2016/10/21,0,21968400,-24912200,-2943800
2016/10/24,0,4486890,-2727858,1759032
2016/10/25,0,5510700,-3737000,1773700
2016/10/26,0,4386000,-2073273,2312727
2016/10/27,0,3213034,-7407000,-4193966
2016/10/28,0,5071000,-5761398,-690398
2016/10/31,0,9817883,-8742000,1075883
2016/11/01,0,4398000,-3142000,1256000
2016/11/02,0,1605269,-5377400,-3772131
2016/11/03,0,4773000,-4347098,425902
2016/11/04,0,4696701,-4148000,548701
2016/11/07,0,6334000,-4075386,2258614
2016/11/08,0,12833299,-261366,12571933
2016/11/09,0,13710100,-19435644,-5725544
2016/11/10,0,18597000,-6084000,12513000
2016/11/11,0,20725494,-20952650,-227156
2016/11/14,0,10129000,-17093538,-6964538
2016/11/15,0,9615799,-10537000,-921201
2016/11/16,0,9259000,-7628386,1630614
2016/11/17,0,7320000,-6507000,813000
2016/11/18,0,6944000,-11471000,-4527000
2016/11/21,0,9343000,-2375749,6967251
2016/11/22,0,14284519,-5258789,9025730
2016/11/23,0,8965000,-890801,8074199
2016/11/24,0,8990000,-1953002,7036998
2016/11/25,0,13548000,-5038299,8509701
2016/11/28,0,11494000,-4380000,7114000
2016/11/29,0,13013000,-7687213,5325787
2016/11/30,0,27003858,-22175666,4828192
2016/12/01,0,9271239,-1121000,8150239
2016/12/02,0,9201000,-6193000,3008000
2016/12/05,0,8258015,-8406234,-148219
2016/12/06,0,12083831,-6654400,5429431
2016/12/07,0,7807661,-1812000,5995661
2016/12/08,0,21300888,-4486000,16814888
2016/12/09,0,11584162,-4160097,7424065
2016/12/12,0,9265000,-2870733,6394267
2016/12/13,0,8820884,-1894954,6925930
2016/12/14,0,5486810,-1891810,3595000
2016/12/15,0,7861777,-3613000,4248777
2016/12/16,0,13583197,-12416682,1166515
2016/12/19,0,8528176,-3505723,5022453
2016/12/20,0,18635229,-2423000,16212229
2016/12/21,0,5167529,-7068351,-1900822
2016/12/22,0,5718516,-6164003,-445487
2016/12/23,0,3054799,-5650000,-2595201
2016/12/26,0,1499021,-3132000,-1632979
2016/12/27,0,3187000,-2284000,903000
2016/12/28,0,5095000,-2554000,2541000
2016/12/29,0,5965062,-6880000,-914938
2016/12/30,0,5468000,-2632000,2836000
2017/01/02,0,0,0,0
2017/01/03,0,4312534,-2905000,1407534
2017/01/04,0,6645165,-2900000,3745165
2017/01/05,0,7691767,-6843000,848767
2017/01/06,0,5758000,-3919000,1839000
2017/01/09,0,4205396,-3039000,1166396
2017/01/10,0,4016000,-1876000,2140000
2017/01/11,0,15140284,-1965000,13175284
2017/01/12,0,12064855,-4277000,7787855
2017/01/13,0,10293994,-2656000,7637994
2017/01/16,0,2391000,-3412000,-1021000
2017/01/17,0,8726860,-3313125,5413735
2017/01/18,0,14822000,-1924874,12897126
2017/01/19,0,10211000,-6973547,3237453
2017/01/20,0,6365490,-4101954,2263536
2017/01/23,0,13122163,-3084371,10037792
2017/01/24,0,9322836,-4306073,5016763
2017/01/25,0,0,0,0
2017/01/26,0,0,0,0
2017/01/27,0,0,0,0
2017/01/30,0,0,0,0
2017/01/31,0,0,0,0
2017/02/01,0,0,0,0
2017/02/02,0,25881806,-19982917,5898889
2017/02/03,0,11909000,-13745683,-1836683
2017/02/06,0,4890406,-5158614,-268208
2017/02/07,0,2720339,-3480122,-759783
2017/02/08,0,6422686,-25469200,-19046514
2017/02/09,0,8315000,-5371543,2943457
2017/02/10,0,16795969,-4137215,12658754
2017/02/13,0,9238532,-2202341,7036191
2017/02/14,0,16264966,-4599643,11665323
2017/02/15,0,30653680,-3455702,27197978
2017/02/16,0,11892001,-5905000,5987001
2017/02/17,0,7317842,-2058635,5259207
2017/02/20,0,5285910,-4244378,1041532
2017/02/21,0,5028000,-3284170,1743830
2017/02/22,0,2287759,-6222400,-3934641
2017/02/23,0,3665000,-3606527,58473
2017/02/24,0,5363385,-8081374,-2717989
2017/02/27,0,0,0,0
2017/02/28,0,0,0,0
2017/03/01,0,7305050,-9760970,-2455920
2017/03/02,0,5362120,-5989348,-627228
2017/03/03,0,4568100,-6695550,-2127450
2017/03/06,0,4273869,-4129575,144294
2017/03/07,0,4854900,-3080804,1774096
2017/03/08,0,4600000,-7517363,-2917363
2017/03/09,0,6292000,-14968628,-8676628
2017/03/10,0,6371643,-7956407,-1584764
2017/03/13,0,2678922,-4570405,-1891483
2017/03/14,0,9577495,-5790179,3787316
2017/03/15,0,5953000,-4553481,1399519
2017/03/16,0,8685000,-2695227,5989773
2017/03/17,0,25295136,-21001046,4294090
2017/03/20,0,1925000,-2932722,-1007722
2017/03/21,0,11745846,-2107723,9638123
2017/03/22,0,5060000,-4683183,376817
2017/03/23,0,3305002,-4464358,-1159356
2017/03/24,0,4521912,-5575244,-1053332
2017/03/27,0,8263000,-4629000,3634000
2017/03/28,0,14439000,-8794000,5645000
2017/03/29,0,10315629,-7465480,2850149
2017/03/30,0,8622001,-3088069,5533932
2017/03/31,0,5248000,-8217000,-2969000
2017/04/03,0,0,0,0
2017/04/04,0,0,0,0
2017/04/05,0,14759838,-6707955,8051883
2017/04/06,0,7236709,-6318713,917996
2017/04/07,0,4488848,-7183000,-2694152
2017/04/10,0,6416001,-5541208,874793
2017/04/11,0,5122000,-5222000,-100000
2017/04/12,0,6938229,-6714740,223489
2017/04/13,0,5864732,-13573000,-7708268
2017/04/14,0,1818000,-1044000,774000
2017/04/17,0,724000,-1645000,-921000
2017/04/18,0,3466001,-3339612,126389
2017/04/19,0,4212628,-21300912,-17088284
2017/04/20,0,8583949,-7886000,697949
2017/04/21,0,5312000,-2111128,3200872
2017/04/24,0,3249676,-2312000,937676
2017/04/25,0,12031717,-2790713,9241004
2017/04/26,0,13822000,-6049277,7772723
2017/04/27,0,7733680,-5911000,1822680
2017/04/28,0,7018140,-10092480,-3074340
2017/05/01,0,0,0,0
2017/05/02,0,15098344,-4541880,10556464
2017/05/03,0,5790000,-2017000,3773000
2017/05/04,0,3365000,-7835406,-4470406
2017/05/05,0,1933766,-4005000,-2071234
2017/05/08,0,3079951,-7404507,-4324556
2017/05/09,0,2468451,-3900004,-1431553
2017/05/10,0,6996226,-8422000,-1425774
2017/05/11,0,5600798,-5825000,-224202
2017/05/12,0,3938018,-2213000,1725018
2017/05/15,0,3415421,-3253197,162224
2017/05/16,0,27708000,-12080910,15627090
2017/05/17,0,12677000,-10581760,2095240
2017/05/18,0,6951306,-6700000,251306
2017/05/19,0,8669362,-4707906,3961456
2017/05/22,0,4669927,-7939886,-3269959
2017/05/23,0,11225460,-7924133,3301327
2017/05/24,0,9432987,-7972000,1460987
2017/05/25,0,7565000,-4555141,3009859
2017/05/26,0,0,0,0
2017/05/29,0,0,0,0
2017/05/30,0,0,0,0
2017/05/31,0,53066112,-52473695,592417
2017/06/01,0,6098238,-9113892,-3015654
2017/06/02,0,6081301,-7041912,-960611
2017/06/05,0,5235034,-4797241,437793
2017/06/06,0,7146638,-7664338,-517700
2017/06/07,0,8382000,-8130362,251638
2017/06/08,0,3839170,-5475000,-1635830
2017/06/09,0,7530300,-8573000,-1042700
2017/06/12,0,4012820,-10831000,-6818180
2017/06/13,0,2453000,-1462000,991000
2017/06/14,0,7454000,-7217341,236659
2017/06/15,0,3485000,-4049000,-564000
2017/06/16,0,9937777,-14602648,-4664871
2017/06/19,0,4273538,-3850000,423538
2017/06/20,0,3682016,-2558000,1124016
2017/06/21,0,15479000,-13286273,2192727
2017/06/22,0,6491892,-3388000,3103892
2017/06/23,0,5373000,-5069500,303500
2017/06/26,0,14727000,-1547500,13179500
2017/06/27,0,7073475,-4356466,2717009
2017/06/28,0,8377000,-2112061,6264939
2017/06/29,0,5504880,-5025000,479880
2017/06/30,0,7577000,-9532738,-1955738
2017/07/03,0,19194227,-2222124,16972103
2017/07/04,0,7013000,-5626000,1387000
2017/07/05,0,11659000,-3663000,7996000
2017/07/06,0,12978000,-4529778,8448222
2017/07/07,0,2228245,-3828000,-1599755
2017/07/10,0,3763431,-4807329,-1043898
2017/07/11,0,8704958,-4689279,4015679
2017/07/12,0,9406075,-8663765,742310
2017/07/13,0,9966813,-11202000,-1235187
2017/07/14,0,4332500,-5993108,-1660608
2017/07/17,0,5997000,-2921554,3075446
2017/07/18,0,3891984,-3279000,612984
2017/07/19,0,2179530,-4481000,-2301470
2017/07/20,0,3636875,-4475000,-838125
2017/07/21,0,1455586,-6211645,-4756059
2017/07/24,0,6843514,-5524921,1318593
2017/07/25,0,2999355,-6642758,-3643403
2017/07/26,0,4038000,-7158718,-3120718
2017/07/27,0,8222000,-4192000,4030000
2017/07/28,0,2610000,-7225349,-4615349
2017/07/31,0,16389275,-15436816,952459
2017/08/01,0,9440079,-6518000,2922079
2017/08/02,0,8121730,-3532306,4589424
2017/08/03,0,6932000,-5488035,1443965
2017/08/04,0,6083427,-2966806,3116621
2017/08/07,0,2812843,-2595772,217071
2017/08/08,0,6325000,-5966000,359000
2017/08/09,0,2595147,-3676000,-1080853
2017/08/10,0,2246196,-5897000,-3650804
2017/08/11,0,3304000,-10756000,-7452000
2017/08/14,0,5204000,-3224473,1979527
2017/08/15,0,2896000,-7227000,-4331000
2017/08/16,0,3835000,-13742896,-9907896
2017/08/17,0,2500000,-4434000,-1934000
2017/08/18,0,1474000,-5496204,-4022204
