Date,Open,Buy,Sell,Total
2007/01/02,0,773000,-500000,273000
2007/01/03,0,1642000,0,1642000
2007/01/04,0,1317000,-169000,1148000
2007/01/05,0,265000,-80000,185000
2007/01/08,0,576000,0,576000
2007/01/09,0,4100000,0,4100000
2007/01/10,0,390000,0,390000
2007/01/11,0,106000,-311000,-205000
2007/01/12,0,219000,-166000,53000
2007/01/15,0,490000,-864000,-374000
2007/01/16,0,566000,-38000,528000
2007/01/17,0,124000,-80000,44000
2007/01/18,0,85000,0,85000
2007/01/19,0,132000,-3000,129000
2007/01/22,0,0,-1000,-1000
2007/01/23,0,0,0,0
2007/01/24,0,500000,0,500000
2007/01/25,0,560000,0,560000
2007/01/26,0,130000,0,130000
2007/01/29,0,1010000,-1000,1009000
2007/01/30,0,210000,0,210000
2007/01/31,0,928000,0,928000
2007/02/01,0,350000,0,350000
2007/02/02,0,1458000,0,1458000
2007/02/05,0,2037000,0,2037000
2007/02/06,0,1786000,0,1786000
2007/02/07,0,435000,0,435000
2007/02/08,0,6000,0,6000
2007/02/09,0,0,-600000,-600000
2007/02/12,0,170000,-314000,-144000
2007/02/13,0,1766000,-200000,1566000
2007/02/14,0,640000,0,640000
2007/02/15,0,0,0,0
2007/02/16,0,0,0,0
2007/02/19,0,0,0,0
2007/02/20,0,0,0,0
2007/02/21,0,0,0,0
2007/02/22,0,0,0,0
2007/02/23,0,0,0,0
2007/02/26,0,872000,0,872000
2007/02/27,0,840000,-550000,290000
2007/02/28,0,0,0,0
2007/03/01,0,863000,-157000,706000
2007/03/02,0,0,-450000,-450000
2007/03/05,0,0,-643000,-643000
2007/03/06,0,394000,-149000,245000
2007/03/07,0,0,-48000,-48000
2007/03/08,0,0,-761000,-761000
2007/03/09,0,1885000,-100000,1785000
2007/03/12,0,0,-120000,-120000
2007/03/13,0,400000,0,400000
2007/03/14,0,0,-55000,-55000
2007/03/15,0,40000,-904000,-864000
2007/03/16,0,2421000,-180000,2241000
2007/03/19,0,200000,-35000,165000
2007/03/20,0,500000,-235000,265000
2007/03/21,0,0,-821000,-821000
2007/03/22,0,0,-1226000,-1226000
2007/03/23,0,300000,-1145000,-845000
2007/03/26,0,0,-1320000,-1320000
2007/03/27,0,150000,-160000,-10000
2007/03/28,0,0,-134000,-134000
2007/03/29,0,330000,0,330000
2007/03/30,0,200000,-1000,199000
2007/04/02,0,0,0,0
2007/04/03,0,457000,0,457000
2007/04/04,0,209000,-836000,-627000
2007/04/05,0,0,0,0
2007/04/06,0,0,0,0
2007/04/09,0,50000,-250000,-200000
2007/04/10,0,5650000,-230000,5420000
2007/04/11,0,179000,0,179000
2007/04/12,0,0,-42000,-42000
2007/04/13,0,0,-359000,-359000
2007/04/16,0,370000,-50000,320000
2007/04/17,0,221000,-1840000,-1619000
2007/04/18,0,45000,-500000,-455000
2007/04/19,0,270000,0,270000
2007/04/20,0,4000,-100000,-96000
2007/04/23,0,144000,-200000,-56000
2007/04/24,0,6000,-2555000,-2549000
2007/04/25,0,230000,-2750000,-2520000
2007/04/26,0,0,-585000,-585000
2007/04/27,0,0,-3120000,-3120000
2007/04/30,0,0,0,0
2007/05/01,0,0,0,0
2007/05/02,0,807000,-200000,607000
2007/05/03,0,0,0,0
2007/05/04,0,0,-316000,-316000
2007/05/07,0,150000,0,150000
2007/05/08,0,56000,-516000,-460000
2007/05/09,0,150000,-1695000,-1545000
2007/05/10,0,50000,-103000,-53000
2007/05/11,0,0,-430000,-430000
2007/05/14,0,0,0,0
2007/05/15,0,6000,-302000,-296000
2007/05/16,0,0,-641000,-641000
2007/05/17,0,400000,-1000,399000
2007/05/18,0,0,-3438000,-3438000
2007/05/21,0,0,-1180000,-1180000
2007/05/22,0,303000,-150000,153000
2007/05/23,0,275000,0,275000
2007/05/24,0,0,-1673000,-1673000
2007/05/25,0,0,-1020000,-1020000
2007/05/28,0,0,0,0
2007/05/29,0,1000,-1199000,-1198000
2007/05/30,0,0,-250000,-250000
2007/05/31,0,150000,-3650000,-3500000
2007/06/01,0,75000,-1554000,-1479000
2007/06/04,0,0,-2285000,-2285000
2007/06/05,0,0,-2036000,-2036000
2007/06/06,0,2000,-706000,-704000
2007/06/07,0,0,0,0
2007/06/08,0,0,-845000,-845000
2007/06/11,0,330000,-450000,-120000
2007/06/12,0,16000,-1237000,-1221000
2007/06/13,0,0,-32000,-32000
2007/06/14,0,0,-640000,-640000
2007/06/15,0,27000,-1375000,-1348000
2007/06/18,0,0,0,0
2007/06/19,0,0,0,0
2007/06/20,0,0,-150000,-150000
2007/06/21,0,0,-63000,-63000
2007/06/22,0,0,-120000,-120000
2007/06/25,0,325000,0,325000
2007/06/26,0,0,-63000,-63000
2007/06/27,0,623000,-30000,593000
2007/06/28,0,0,0,0
2007/06/29,0,338000,0,338000
2007/07/02,0,0,-300000,-300000
2007/07/03,0,0,-582000,-582000
2007/07/04,0,147000,0,147000
2007/07/05,0,1259000,-12000,1247000
2007/07/06,0,353000,0,353000
2007/07/09,0,498000,-1000,497000
2007/07/10,0,234000,0,234000
2007/07/11,0,802000,0,802000
2007/07/12,0,900000,-14000,886000
2007/07/13,0,650000,0,650000
2007/07/16,0,447000,-35000,412000
2007/07/17,0,680000,-37000,643000
2007/07/18,0,452000,0,452000
2007/07/19,0,855000,0,855000
2007/07/20,0,0,0,0
2007/07/23,0,550000,0,550000
2007/07/24,0,3242000,0,3242000
2007/07/25,0,200000,0,200000
2007/07/26,0,100000,0,100000
2007/07/27,0,1000,0,1000
2007/07/30,0,0,0,0
2007/07/31,0,110000,0,110000
2007/08/01,0,150000,0,150000
2007/08/02,0,1000,0,1000
2007/08/03,0,154000,0,154000
2007/08/06,0,334000,0,334000
2007/08/07,0,1580000,0,1580000
2007/08/08,0,1649000,-287000,1362000
2007/08/09,0,350000,-80000,270000
2007/08/10,0,0,-221000,-221000
2007/08/13,0,100000,0,100000
2007/08/14,0,13000,-484000,-471000
2007/08/15,0,0,0,0
2007/08/16,0,116000,-6000,110000
2007/08/17,0,201000,-65000,136000
2007/08/20,0,231000,-216000,15000
2007/08/21,0,1398000,-1185000,213000
2007/08/22,0,197000,0,197000
2007/08/23,0,692000,-332000,360000
2007/08/24,0,2421000,-101000,2320000
2007/08/27,0,704000,0,704000
2007/08/28,0,470000,0,470000
2007/08/29,0,2737000,-100000,2637000
2007/08/30,0,3956000,0,3956000
2007/08/31,0,5278000,-273000,5005000
2007/09/03,0,5224000,-13000,5211000
2007/09/04,0,11409000,-78000,11331000
2007/09/05,0,470000,0,470000
2007/09/06,0,790000,-250000,540000
2007/09/07,0,1582000,0,1582000
2007/09/10,0,1584000,0,1584000
2007/09/11,0,2494000,0,2494000
2007/09/12,0,692000,-950000,-258000
2007/09/13,0,1243000,-650000,593000
2007/09/14,0,620000,0,620000
2007/09/17,0,1374000,0,1374000
2007/09/18,0,0,0,0
2007/09/19,0,2779000,0,2779000
2007/09/20,0,8479000,0,8479000
2007/09/21,0,3636000,-560000,3076000
2007/09/24,0,0,0,0
2007/09/25,0,0,0,0
2007/09/26,0,2149000,-1508000,641000
2007/09/27,0,1506000,-555000,951000
2007/09/28,0,1131000,-70000,1061000
2007/10/01,0,1421000,-729000,692000
2007/10/02,0,1631000,-682000,949000
2007/10/03,0,2071000,-300000,1771000
2007/10/04,0,50000,-2285000,-2235000
2007/10/05,0,300000,-5991000,-5691000
2007/10/08,0,1625000,-536000,1089000
2007/10/09,0,660000,-300000,360000
2007/10/10,0,0,0,0
2007/10/11,0,400000,-1756000,-1356000
2007/10/12,0,605000,-500000,105000
2007/10/15,0,50000,-1814000,-1764000
2007/10/16,0,205000,-140000,65000
2007/10/17,0,2950000,-400000,2550000
2007/10/18,0,300000,-885000,-585000
2007/10/19,0,750000,-1309000,-559000
2007/10/22,0,1000,-5159000,-5158000
2007/10/23,0,0,-3451000,-3451000
2007/10/24,0,500000,-645000,-145000
2007/10/25,0,0,-1600000,-1600000
2007/10/26,0,0,-572000,-572000
2007/10/29,0,218000,-1000000,-782000
2007/10/30,0,51000,0,51000
2007/10/31,0,293000,-1905000,-1612000
2007/11/01,0,0,-2520000,-2520000
2007/11/02,0,4000,-604000,-600000
2007/11/05,0,489000,0,489000
2007/11/06,0,829000,-1078000,-249000
2007/11/07,0,500000,0,500000
2007/11/08,0,1996000,0,1996000
2007/11/09,0,701000,0,701000
2007/11/12,0,637000,-250000,387000
2007/11/13,0,5378000,0,5378000
2007/11/14,0,2335000,-50000,2285000
2007/11/15,0,500000,0,500000
2007/11/16,0,318000,-777000,-459000
2007/11/19,0,0,-1281000,-1281000
2007/11/20,0,1000,-2199000,-2198000
2007/11/21,0,1852000,-5000,1847000
2007/11/22,0,1000,-97000,-96000
2007/11/23,0,1523000,-1561000,-38000
2007/11/26,0,762000,0,762000
2007/11/27,0,1886000,0,1886000
2007/11/28,0,987000,0,987000
2007/11/29,0,1230000,0,1230000
2007/11/30,0,568000,0,568000
2007/12/03,0,3034000,-200000,2834000
2007/12/04,0,3209000,-686000,2523000
2007/12/05,0,7200000,0,7200000
2007/12/06,0,0,-770000,-770000
2007/12/07,0,0,-40000,-40000
2007/12/10,0,2625000,-29000,2596000
2007/12/11,0,254000,-5000,249000
2007/12/12,0,0,0,0
2007/12/13,0,645000,-412000,233000
2007/12/14,0,1289000,0,1289000
2007/12/17,0,2796000,0,2796000
2007/12/18,0,2935000,-150000,2785000
2007/12/19,0,2891000,-500000,2391000
2007/12/20,0,0,-279000,-279000
2007/12/21,0,49000,-1000000,-951000
2007/12/24,0,823000,-60000,763000
2007/12/25,0,2245000,-1250000,995000
2007/12/26,0,1062000,-50000,1012000
2007/12/27,0,15000,-427000,-412000
2007/12/28,0,857000,-420000,437000
2007/12/31,0,326000,-1000000,-674000
2008/01/01,0,0,0,0
2008/01/02,0,1227000,-2618000,-1391000
2008/01/03,0,270000,-1031000,-761000
2008/01/04,0,666000,-101000,565000
2008/01/07,0,3399000,0,3399000
2008/01/08,0,4752000,-650000,4102000
2008/01/09,0,2234000,-881000,1353000
2008/01/10,0,1265000,-570000,695000
2008/01/11,0,340000,-1130000,-790000
2008/01/14,0,1229000,-700000,529000
2008/01/15,0,1269000,-4250000,-2981000
2008/01/16,0,1541000,-1471000,70000
2008/01/17,0,107000,-3182000,-3075000
2008/01/18,0,134000,-4760000,-4626000
2008/01/21,0,209000,-10812000,-10603000
2008/01/22,0,640000,-6698000,-6058000
2008/01/23,0,1303000,-4422000,-3119000
2008/01/24,0,1204000,-4412000,-3208000
2008/01/25,0,31000,-1406000,-1375000
2008/01/28,0,290000,-6356000,-6066000
2008/01/29,0,103000,-1415000,-1312000
2008/01/30,0,1998000,-1821000,177000
2008/01/31,0,3013000,-900000,2113000
2008/02/01,0,5921000,-68000,5853000
2008/02/04,0,0,0,0
2008/02/05,0,0,0,0
2008/02/06,0,0,0,0
2008/02/07,0,0,0,0
2008/02/08,0,0,0,0
2008/02/11,0,0,0,0
2008/02/12,0,1932000,-1000,1931000
2008/02/13,0,2407000,-1054000,1353000
2008/02/14,0,272000,-562000,-290000
2008/02/15,0,666000,-854000,-188000
2008/02/18,0,763000,-1861933,-1098933
2008/02/19,0,1370000,-3393000,-2023000
2008/02/20,0,599000,-4166000,-3567000
2008/02/21,0,0,-4931000,-4931000
2008/02/22,0,1118000,-915000,203000
2008/02/25,0,782000,-259000,523000
2008/02/26,0,3463000,-31000,3432000
2008/02/27,0,1523000,-1484000,39000
2008/02/28,0,0,0,0
2008/02/29,0,2000,-756000,-754000
2008/03/03,0,2100001,-1622000,478001
2008/03/04,0,483000,-426000,57000
2008/03/05,0,1000,-734000,-733000
2008/03/06,0,1048000,-2785000,-1737000
2008/03/07,0,0,-51000,-51000
2008/03/10,0,209000,-271000,-62000
2008/03/11,0,37000,0,37000
2008/03/12,0,502000,-1234000,-732000
2008/03/13,0,0,-265000,-265000
2008/03/14,0,2697000,0,2697000
2008/03/17,0,501000,-100000,401000
2008/03/18,0,291000,-431000,-140000
2008/03/19,0,1991000,-1607000,384000
2008/03/20,0,329000,-283000,46000
2008/03/21,0,783000,-100000,683000
2008/03/24,0,691000,-490000,201000
2008/03/25,0,40000,-106000,-66000
2008/03/26,0,674000,-400000,274000
2008/03/27,0,1000,0,1000
2008/03/28,0,618000,0,618000
2008/03/31,0,1372000,-300000,1072000
2008/04/01,0,1021000,-994000,27000
2008/04/02,0,351000,-150000,201000
2008/04/03,0,97000,-1673000,-1576000
2008/04/04,0,0,0,0
2008/04/07,0,326000,-2260000,-1934000
2008/04/08,0,681000,-885000,-204000
2008/04/09,0,129000,-793000,-664000
2008/04/10,0,416000,-200000,216000
2008/04/11,0,248000,-1543000,-1295000
2008/04/14,0,750000,-1000,749000
2008/04/15,0,1617000,-148000,1469000
2008/04/16,0,3976000,-100000,3876000
2008/04/17,0,500000,-2737000,-2237000
2008/04/18,0,550000,-3000,547000
2008/04/21,0,372000,-732000,-360000
2008/04/22,0,171000,-300000,-129000
2008/04/23,0,81000,-1712000,-1631000
2008/04/24,0,18000,-218000,-200000
2008/04/25,0,204000,-400000,-196000
2008/04/28,0,232000,0,232000
2008/04/29,0,723000,-2691000,-1968000
2008/04/30,0,286000,-1525000,-1239000
2008/05/01,0,0,0,0
2008/05/02,0,7000,-350000,-343000
2008/05/05,0,1147000,-26000,1121000
2008/05/06,0,32000,-310000,-278000
2008/05/07,0,902000,-422000,480000
2008/05/08,0,331000,-248000,83000
2008/05/09,0,3309000,-953000,2356000
2008/05/12,0,536000,-679000,-143000
2008/05/13,0,205000,-1219000,-1014000
2008/05/14,0,204000,-830000,-626000
2008/05/15,0,14000,-3672000,-3658000
2008/05/16,0,0,-3022000,-3022000
2008/05/19,0,60000,-1274000,-1214000
2008/05/20,0,2000000,-893000,1107000
2008/05/21,0,385000,-450000,-65000
2008/05/22,0,153000,-721000,-568000
2008/05/23,0,814000,0,814000
2008/05/26,0,2562000,-120000,2442000
2008/05/27,0,1600000,-1216000,384000
2008/05/28,0,602000,-187000,415000
2008/05/29,0,604000,-1590000,-986000
2008/05/30,0,758000,-1251000,-493000
2008/06/02,0,1603000,-1734000,-131000
2008/06/03,0,165000,-2011000,-1846000
2008/06/04,0,877000,-815000,62000
2008/06/05,0,740000,0,740000
2008/06/06,0,78000,-2313000,-2235000
2008/06/09,0,1513000,-210000,1303000
2008/06/10,0,71000,-2110000,-2039000
2008/06/11,0,64000,-883000,-819000
2008/06/12,0,153000,-1360000,-1207000
2008/06/13,0,561000,-1440000,-879000
2008/06/16,0,50000,-355000,-305000
2008/06/17,0,57000,-1887000,-1830000
2008/06/18,0,0,-532000,-532000
2008/06/19,0,0,-284000,-284000
2008/06/20,0,0,-303000,-303000
2008/06/23,0,3000,-1277000,-1274000
2008/06/24,0,701000,-3728000,-3027000
2008/06/25,0,326000,-2064000,-1738000
2008/06/26,0,500000,-1061000,-561000
2008/06/27,0,61000,0,61000
2008/06/30,0,1005000,-400000,605000
2008/07/01,0,27000,0,27000
2008/07/02,0,1127000,-91000,1036000
2008/07/03,0,785000,-560000,225000
2008/07/04,0,5000,-150000,-145000
2008/07/07,0,22000,-1370000,-1348000
2008/07/08,0,2000000,-2029000,-29000
2008/07/09,0,1208000,0,1208000
2008/07/10,0,413000,-448000,-35000
2008/07/11,0,1680000,-64000,1616000
2008/07/14,0,531000,-130000,401000
2008/07/15,0,1493000,-93000,1400000
2008/07/16,0,1634000,-1203000,431000
2008/07/17,0,1213000,-1186000,27000
2008/07/18,0,2057000,-1775000,282000
2008/07/21,0,1910000,-2006000,-96000
2008/07/22,0,1114000,-1100000,14000
2008/07/23,0,2160000,-492000,1668000
2008/07/24,0,1843000,-1117000,726000
2008/07/25,0,2573000,-889000,1684000
2008/07/28,0,0,0,0
2008/07/29,0,541000,-440000,101000
2008/07/30,0,2954000,-666000,2288000
2008/07/31,0,1000,-21000,-20000
2008/08/01,0,2252000,-1076000,1176000
2008/08/04,0,371000,-1128000,-757000
2008/08/05,0,1200000,-2813000,-1613000
2008/08/06,0,3277000,-3234000,43000
2008/08/07,0,415000,-1711000,-1296000
2008/08/08,0,431000,-631000,-200000
2008/08/11,0,260000,-528000,-268000
2008/08/12,0,1759000,-1391000,368000
2008/08/13,0,1900000,-1410000,490000
2008/08/14,0,5116000,-3000,5113000
2008/08/15,0,920000,-807000,113000
2008/08/18,0,1470000,-1411000,59000
2008/08/19,0,1076000,-621000,455000
2008/08/20,0,3598000,-84000,3514000
2008/08/21,0,4196000,-537000,3659000
2008/08/22,0,351000,-1455000,-1104000
2008/08/25,0,3185000,-99000,3086000
2008/08/26,0,48000,-407000,-359000
2008/08/27,0,500000,-50000,450000
2008/08/28,0,570000,0,570000
2008/08/29,0,293000,-567000,-274000
2008/09/01,0,550000,-580000,-30000
2008/09/02,0,17000,0,17000
2008/09/03,0,20000,-1936000,-1916000
2008/09/04,0,3460000,-200000,3260000
2008/09/05,0,2276000,-530000,1746000
2008/09/08,0,558000,0,558000
2008/09/09,0,197000,-670000,-473000
2008/09/10,0,2014000,-234000,1780000
2008/09/11,0,2250000,-670000,1580000
2008/09/12,0,5105000,0,5105000
2008/09/15,0,4836000,-1035000,3801000
2008/09/16,0,1206000,-72000,1134000
2008/09/17,0,252000,-64000,188000
2008/09/18,0,3000,-100000,-97000
2008/09/19,0,591000,-354000,237000
2008/09/22,0,83000,-8179000,-8096000
2008/09/23,0,0,-2168000,-2168000
2008/09/24,0,0,-2898000,-2898000
2008/09/25,0,117000,-12346000,-12229000
2008/09/26,0,50000,-6818000,-6768000
2008/09/29,0,0,0,0
2008/09/30,0,1000,-1160000,-1159000
2008/10/01,0,1660000,-4204000,-2544000
2008/10/02,0,1100000,-456000,644000
2008/10/03,0,720000,-1034000,-314000
2008/10/06,0,253000,-4000,249000
2008/10/07,0,50000,-687000,-637000
2008/10/08,0,0,-469000,-469000
2008/10/09,0,308000,-3406000,-3098000
2008/10/10,0,0,0,0
2008/10/13,0,200000,-315000,-115000
2008/10/14,0,0,-290000,-290000
2008/10/15,0,1421000,-120000,1301000
2008/10/16,0,5000,-5000,0
2008/10/17,0,679000,-1699000,-1020000
2008/10/20,0,0,-800000,-800000
2008/10/21,0,0,-1071000,-1071000
2008/10/22,0,0,-1130000,-1130000
2008/10/23,0,0,-9000,-9000
2008/10/24,0,0,-9000,-9000
2008/10/27,0,0,-102000,-102000
2008/10/28,0,100000,-568000,-468000
2008/10/29,0,0,-601000,-601000
2008/10/30,0,3000,0,3000
2008/10/31,0,0,0,0
2008/11/03,0,300000,0,300000
2008/11/04,0,35000,-1600000,-1565000
2008/11/05,0,0,0,0
2008/11/06,0,501000,-743000,-242000
2008/11/07,0,200000,-157000,43000
2008/11/10,0,2342000,0,2342000
2008/11/11,0,8966000,-7508000,1458000
2008/11/12,0,2340000,0,2340000
2008/11/13,0,586000,-3000,583000
2008/11/14,0,2197000,0,2197000
2008/11/17,0,5995000,0,5995000
2008/11/18,0,1898000,-125000,1773000
2008/11/19,0,0,0,0
2008/11/20,0,0,-2930000,-2930000
2008/11/21,0,19000,-5837000,-5818000
2008/11/24,0,4102000,-46000,4056000
2008/11/25,0,1002000,-810000,192000
2008/11/26,0,973000,-210000,763000
2008/11/27,0,322000,-5576000,-5254000
2008/11/28,0,450000,-6534000,-6084000
2008/12/01,0,741000,-3544000,-2803000
2008/12/02,0,91000,-4341000,-4250000
2008/12/03,0,118000,-4700000,-4582000
2008/12/04,0,57000,-3972000,-3915000
2008/12/05,0,90000,-4778000,-4688000
2008/12/08,0,40000,-3429000,-3389000
2008/12/09,0,497000,0,497000
2008/12/10,0,2412000,-2177000,235000
2008/12/11,0,1134000,-975000,159000
2008/12/12,0,100000,-5000,95000
2008/12/15,0,15000,0,15000
2008/12/16,0,5570000,-560000,5010000
2008/12/17,0,738000,-510000,228000
2008/12/18,0,1922000,-5000,1917000
2008/12/19,0,255000,-582000,-327000
2008/12/22,0,294000,-2131000,-1837000
2008/12/23,0,195000,0,195000
2008/12/24,0,100000,0,100000
2008/12/25,0,123000,-640000,-517000
2008/12/26,0,332000,-2000,330000
2008/12/29,0,0,-616000,-616000
2008/12/30,0,0,-123000,-123000
2008/12/31,0,300000,0,300000
2009/01/01,0,0,0,0
2009/01/02,0,0,0,0
2009/01/05,0,850000,-1800000,-950000
2009/01/06,0,934000,-2020000,-1086000
2009/01/07,0,3560000,-12000,3548000
2009/01/08,0,0,-310000,-310000
2009/01/09,0,1000,-150000,-149000
2009/01/12,0,1101000,-4000,1097000
2009/01/13,0,2100000,-1340000,760000
2009/01/14,0,165000,-100000,65000
2009/01/15,0,0,-31000,-31000
2009/01/16,0,201000,-100000,101000
2009/01/19,0,2724000,-6000,2718000
2009/01/20,0,2520000,-44000,2476000
2009/01/21,0,1495000,0,1495000
2009/01/22,0,0,0,0
2009/01/23,0,0,0,0
2009/01/26,0,0,0,0
2009/01/27,0,0,0,0
2009/01/28,0,0,0,0
2009/01/29,0,0,0,0
2009/01/30,0,0,0,0
2009/02/02,0,600000,0,600000
2009/02/03,0,442000,-161000,281000
2009/02/04,0,1780000,-6000,1774000
2009/02/05,0,3340000,0,3340000
2009/02/06,0,3962000,-1350000,2612000
2009/02/09,0,690000,-808000,-118000
2009/02/10,0,213000,-856000,-643000
2009/02/11,0,0,-1383000,-1383000
2009/02/12,0,50000,-2890000,-2840000
2009/02/13,0,0,-2268000,-2268000
2009/02/16,0,0,-1815000,-1815000
2009/02/17,0,0,0,0
2009/02/18,0,55000,-100000,-45000
2009/02/19,0,500000,-150000,350000
2009/02/20,0,0,-104000,-104000
2009/02/23,0,145000,-352000,-207000
2009/02/24,0,0,-3091000,-3091000
2009/02/25,0,0,-500000,-500000
2009/02/26,0,0,-1738000,-1738000
2009/02/27,0,100000,-1987000,-1887000
2009/03/02,0,0,-1131000,-1131000
2009/03/03,0,0,-550000,-550000
2009/03/04,0,0,-1290000,-1290000
2009/03/05,0,250000,0,250000
2009/03/06,0,1300000,-625000,675000
2009/03/09,0,70000,-354000,-284000
2009/03/10,0,375000,0,375000
2009/03/11,0,550000,-30000,520000
2009/03/12,0,636000,-1037000,-401000
2009/03/13,0,600000,-314000,286000
2009/03/16,0,200000,-846000,-646000
2009/03/17,0,3610000,-1000,3609000
2009/03/18,0,550000,-254000,296000
2009/03/19,0,1400000,-156000,1244000
2009/03/20,0,5670000,-366000,5304000
2009/03/23,0,0,-202000,-202000
2009/03/24,0,4385000,-504000,3881000
2009/03/25,0,8536000,-900000,7636000
2009/03/26,0,440000,-480000,-40000
2009/03/27,0,3247000,-944000,2303000
2009/03/30,0,0,-1271000,-1271000
2009/03/31,0,250000,-501000,-251000
2009/04/01,0,736000,-250000,486000
2009/04/02,0,6652000,-702000,5950000
2009/04/03,0,2403000,-201000,2202000
2009/04/06,0,0,-120000,-120000
2009/04/07,0,1150000,0,1150000
2009/04/08,0,1453000,-851000,602000
2009/04/09,0,60000,-700000,-640000
2009/04/10,0,2914000,0,2914000
2009/04/13,0,2803000,-1219000,1584000
2009/04/14,0,615000,-102000,513000
2009/04/15,0,1320000,-1723000,-403000
2009/04/16,0,465000,-1819000,-1354000
2009/04/17,0,0,-3346000,-3346000
2009/04/20,0,0,-694000,-694000
2009/04/21,0,0,-1312000,-1312000
2009/04/22,0,0,-2319000,-2319000
2009/04/23,0,0,-6829000,-6829000
2009/04/24,0,0,-5199000,-5199000
2009/04/27,0,1000,-1874000,-1873000
2009/04/28,0,0,-2821000,-2821000
2009/04/29,0,790000,-980000,-190000
2009/04/30,0,0,0,0
2009/05/01,0,0,0,0
2009/05/04,0,14000,0,14000
2009/05/05,0,4000,-2880000,-2876000
2009/05/06,0,0,-1268000,-1268000
2009/05/07,0,2816000,-3000,2813000
2009/05/08,0,4463000,-30000,4433000
2009/05/11,0,5281000,-2000,5279000
2009/05/12,0,100000,-526000,-426000
2009/05/13,0,2112000,-23000,2089000
2009/05/14,0,860000,-102000,758000
2009/05/15,0,15000,-162000,-147000
2009/05/18,0,16000,-739000,-723000
2009/05/19,0,471000,-350000,121000
2009/05/20,0,23000,-291000,-268000
2009/05/21,0,8000,-100000,-92000
2009/05/22,0,8000,-736000,-728000
2009/05/25,0,7000,-470000,-463000
2009/05/26,0,1352000,0,1352000
2009/05/27,0,2247000,-11000,2236000
2009/05/28,0,0,0,0
2009/05/29,0,0,0,0
2009/06/01,0,161000,-566000,-405000
2009/06/02,0,1604000,-322000,1282000
2009/06/03,0,1394000,-279000,1115000
2009/06/04,0,1050000,-1757000,-707000
2009/06/05,0,0,-3325000,-3325000
2009/06/08,0,0,-228000,-228000
2009/06/09,0,578000,-301000,277000
2009/06/10,0,0,-4112000,-4112000
2009/06/11,0,2067000,0,2067000
2009/06/12,0,95000,-31000,64000
2009/06/15,0,503000,0,503000
2009/06/16,0,3000,0,3000
2009/06/17,0,3000,-33000,-30000
2009/06/18,0,2000,-135000,-133000
2009/06/19,0,188000,-141000,47000
2009/06/22,0,2000,-103000,-101000
2009/06/23,0,0,-1128000,-1128000
2009/06/24,0,1000,0,1000
2009/06/25,0,0,0,0
2009/06/26,0,0,0,0
2009/06/29,0,0,0,0
2009/06/30,0,0,-90000,-90000
2009/07/01,0,2000,0,2000
2009/07/02,0,190000,-170000,20000
2009/07/03,0,0,-1004000,-1004000
2009/07/06,0,68000,-1068000,-1000000
2009/07/07,0,1000,-1631000,-1630000
2009/07/08,0,0,-1943000,-1943000
2009/07/09,0,0,-1859000,-1859000
2009/07/10,0,0,-300000,-300000
2009/07/13,0,50000,-1077000,-1027000
2009/07/14,0,0,-1082000,-1082000
2009/07/15,0,0,-50000,-50000
2009/07/16,0,500000,-2000,498000
2009/07/17,0,0,-1091000,-1091000
2009/07/20,0,0,-740000,-740000
2009/07/21,0,2074000,-2000,2072000
2009/07/22,0,300000,-2000000,-1700000
2009/07/23,0,300000,-157000,143000
2009/07/24,0,628000,-201000,427000
2009/07/27,0,560000,0,560000
2009/07/28,0,1000000,-3103000,-2103000
2009/07/29,0,1070000,-2565000,-1495000
2009/07/30,0,1200000,-1802000,-602000
2009/07/31,0,1125000,-2341000,-1216000
2009/08/03,0,1860000,-1863000,-3000
2009/08/04,0,2892000,0,2892000
2009/08/05,0,800000,-48000,752000
2009/08/06,0,0,-5239000,-5239000
2009/08/07,0,0,0,0
2009/08/10,0,123000,-281000,-158000
2009/08/11,0,1541000,-500500,1040500
2009/08/12,0,1300000,-24000,1276000
2009/08/13,0,0,0,0
2009/08/14,0,400000,-100000,300000
2009/08/17,0,50000,0,50000
2009/08/18,0,1331000,-328000,1003000
2009/08/19,0,34000,-423000,-389000
2009/08/20,0,100000,-100000,0
2009/08/21,0,0,-1681000,-1681000
2009/08/24,0,2000,-670000,-668000
2009/08/25,0,0,-1260000,-1260000
2009/08/26,0,2000,-500000,-498000
2009/08/27,0,20000,-504000,-484000
2009/08/28,0,0,-150000,-150000
2009/08/31,0,8000,-1360000,-1352000
2009/09/01,0,0,-1560000,-1560000
2009/09/02,0,0,-1475000,-1475000
2009/09/03,0,480000,-1494000,-1014000
2009/09/04,0,40000,-501000,-461000
2009/09/07,0,0,-1902000,-1902000
2009/09/08,0,0,-2658000,-2658000
2009/09/09,0,522000,-195000,327000
2009/09/10,0,10000,-189000,-179000
2009/09/11,0,0,0,0
2009/09/14,0,0,-917000,-917000
2009/09/15,0,0,-993000,-993000
2009/09/16,0,5000,-87000,-82000
2009/09/17,0,0,0,0
2009/09/18,0,3000,-401000,-398000
2009/09/21,0,0,-2000,-2000
2009/09/22,0,0,0,0
2009/09/23,0,0,-1000,-1000
2009/09/24,0,300000,0,300000
2009/09/25,0,0,-114000,-114000
2009/09/28,0,0,-329000,-329000
2009/09/29,0,2000,-100000,-98000
2009/09/30,0,0,0,0
2009/10/01,0,0,0,0
2009/10/02,0,0,-357555,-357555
2009/10/05,0,0,-502000,-502000
2009/10/06,0,0,-2045612,-2045612
2009/10/07,0,150000,-20000,130000
2009/10/08,0,2378000,0,2378000
2009/10/09,0,881000,0,881000
2009/10/12,0,493000,0,493000
2009/10/13,0,2000,0,2000
2009/10/14,0,0,-1298819,-1298819
2009/10/15,0,0,-720,-720
2009/10/16,0,72000,-610880,-538880
2009/10/19,0,5000,0,5000
2009/10/20,0,0,-2781088,-2781088
2009/10/21,0,0,-2066350,-2066350
2009/10/22,0,0,-1599743,-1599743
2009/10/23,0,0,-125,-125
2009/10/26,0,0,-426000,-426000
2009/10/27,0,1000,-1119153,-1118153
2009/10/28,0,0,-1201000,-1201000
2009/10/29,0,1000,-500000,-499000
2009/10/30,0,0,-1030490,-1030490
2009/11/02,0,2000,-1416000,-1414000
2009/11/03,0,1000,-500000,-499000
2009/11/04,0,1000,-200000,-199000
2009/11/05,0,2000,0,2000
2009/11/06,0,115000,0,115000
2009/11/09,0,52000,0,52000
2009/11/10,0,266000,0,266000
2009/11/11,0,150000,0,150000
2009/11/12,0,540000,0,540000
2009/11/13,0,100000,-2000,98000
2009/11/16,0,137000,-1000,136000
2009/11/17,0,1306000,0,1306000
2009/11/18,0,450000,-2000,448000
2009/11/19,0,0,-538000,-538000
2009/11/20,0,0,-1000,-1000
2009/11/23,0,0,-7000,-7000
2009/11/24,0,0,0,0
2009/11/25,0,0,0,0
2009/11/26,0,400000,0,400000
2009/11/27,0,0,-167000,-167000
2009/11/30,0,0,-306000,-306000
2009/12/01,0,430000,-223507,206493
2009/12/02,0,0,0,0
2009/12/03,0,0,-74000,-74000
2009/12/04,0,0,-1000,-1000
2009/12/07,0,0,-115000,-115000
2009/12/08,0,0,-572102,-572102
2009/12/09,0,0,-135000,-135000
2009/12/10,0,0,-1558469,-1558469
2009/12/11,0,1007000,0,1007000
2009/12/14,0,15000,0,15000
2009/12/15,0,150000,0,150000
2009/12/16,0,0,-1000,-1000
2009/12/17,0,0,0,0
2009/12/18,0,0,0,0
2009/12/21,0,0,-166000,-166000
2009/12/22,0,0,-1000,-1000
2009/12/23,0,0,-72000,-72000
2009/12/24,0,0,0,0
2009/12/25,0,0,-23000,-23000
2009/12/28,0,0,-37000,-37000
2009/12/29,0,0,-37000,-37000
2009/12/30,0,0,-37000,-37000
2009/12/31,0,0,-1000,-1000
2010/01/01,0,0,0,0
2010/01/04,0,254000,0,254000
2010/01/05,0,0,0,0
2010/01/06,0,35000,0,35000
2010/01/07,0,692000,0,692000
2010/01/08,0,1454000,-1000,1453000
2010/01/11,0,3430000,-27000,3403000
2010/01/12,0,5117000,-1000,5116000
2010/01/13,0,4070000,0,4070000
2010/01/14,0,419000,-3000,416000
2010/01/15,0,1600000,-57000,1543000
2010/01/18,0,3333000,-3000,3330000
2010/01/19,0,3550000,-1000,3549000
2010/01/20,0,3015000,-1000,3014000
2010/01/21,0,500000,0,500000
2010/01/22,0,1928000,0,1928000
2010/01/25,0,1100000,0,1100000
2010/01/26,0,1182000,-407000,775000
2010/01/27,0,242000,0,242000
2010/01/28,0,480000,-1000,479000
2010/01/29,0,501000,-280000,221000
2010/02/01,0,581000,0,581000
2010/02/02,0,295000,-1200000,-905000
2010/02/03,0,1000,0,1000
2010/02/04,0,1000,-9000,-8000
2010/02/05,0,86000,-730000,-644000
2010/02/08,0,920000,0,920000
2010/02/09,0,1000,0,1000
2010/02/10,0,122000,-513000,-391000
2010/02/11,0,0,0,0
2010/02/12,0,0,0,0
2010/02/15,0,0,0,0
2010/02/16,0,0,0,0
2010/02/17,0,0,0,0
2010/02/18,0,0,0,0
2010/02/19,0,0,0,0
2010/02/22,0,3827000,0,3827000
2010/02/23,0,532000,0,532000
2010/02/24,0,500000,0,500000
2010/02/25,0,0,-550000,-550000
2010/02/26,0,1000,0,1000
2010/03/01,0,436000,0,436000
2010/03/02,0,1196000,-450000,746000
2010/03/03,0,647000,-60000,587000
2010/03/04,0,0,-1000,-1000
2010/03/05,0,230000,-1000,229000
2010/03/08,0,0,-1153000,-1153000
2010/03/09,0,0,-905000,-905000
2010/03/10,0,0,-300000,-300000
2010/03/11,0,210000,-281000,-71000
2010/03/12,0,183000,-195000,-12000
2010/03/15,0,0,-140000,-140000
2010/03/16,0,0,-151000,-151000
2010/03/17,0,8000,-100000,-92000
2010/03/18,0,0,-1000,-1000
2010/03/19,0,0,-734000,-734000
2010/03/22,0,0,-2000,-2000
2010/03/23,0,0,-383217,-383217
2010/03/24,0,200000,-153000,47000
2010/03/25,0,400000,-289000,111000
2010/03/26,0,0,-1270000,-1270000
2010/03/29,0,2000,-172000,-170000
2010/03/30,0,150000,0,150000
2010/03/31,0,0,-1000,-1000
2010/04/01,0,0,-350000,-350000
2010/04/02,0,0,-727000,-727000
2010/04/05,0,0,0,0
2010/04/06,0,86000,-2000,84000
2010/04/07,0,0,-3447000,-3447000
2010/04/08,0,433000,-1230137,-797137
2010/04/09,0,0,-601000,-601000
2010/04/12,0,0,-871000,-871000
2010/04/13,0,0,-1000,-1000
2010/04/14,0,0,-2008000,-2008000
2010/04/15,0,0,-486000,-486000
2010/04/16,0,0,-1000,-1000
2010/04/19,0,0,-2181919,-2181919
2010/04/20,0,0,-1776612,-1776612
2010/04/21,0,0,-1270000,-1270000
2010/04/22,0,0,-2202000,-2202000
2010/04/23,0,0,-1890000,-1890000
2010/04/26,0,0,-3177000,-3177000
2010/04/27,0,0,-1875000,-1875000
2010/04/28,0,0,-2811000,-2811000
2010/04/29,0,0,-845000,-845000
2010/04/30,0,0,-635905,-635905
2010/05/03,0,0,-2070000,-2070000
2010/05/04,0,0,-1812000,-1812000
2010/05/05,0,0,-1131000,-1131000
2010/05/06,0,0,-2409800,-2409800
2010/05/07,0,2000,-230000,-228000
2010/05/10,0,13000,0,13000
2010/05/11,0,13000,-360637,-347637
2010/05/12,0,0,-1773000,-1773000
2010/05/13,0,1000,-1462000,-1461000
2010/05/14,0,0,-1316000,-1316000
2010/05/17,0,0,-364000,-364000
2010/05/18,0,0,-891000,-891000
2010/05/19,0,0,-950000,-950000
2010/05/20,0,1000,-563000,-562000
2010/05/21,0,0,-2737000,-2737000
2010/05/24,0,0,-1470520,-1470520
2010/05/25,0,0,-631000,-631000
2010/05/26,0,242000,-1000,241000
2010/05/27,0,2000,0,2000
2010/05/28,0,0,0,0
2010/05/31,0,0,0,0
2010/06/01,0,0,0,0
2010/06/02,0,0,-500125,-500125
2010/06/03,0,0,-173000,-173000
2010/06/04,0,0,-472932,-472932
2010/06/07,0,386000,0,386000
2010/06/08,0,1000,0,1000
2010/06/09,0,0,0,0
2010/06/10,0,2000,0,2000
2010/06/11,0,0,0,0
2010/06/14,0,1000,-350000,-349000
2010/06/15,0,3000,-350000,-347000
2010/06/16,0,0,0,0
2010/06/17,0,0,-484589,-484589
2010/06/18,0,20000,0,20000
2010/06/21,0,0,-350000,-350000
2010/06/22,0,0,-36000,-36000
2010/06/23,0,0,-17000,-17000
2010/06/24,0,13000,-1000,12000
2010/06/25,0,4000,0,4000
2010/06/28,0,0,-614000,-614000
2010/06/29,0,2000,-300000,-298000
2010/06/30,0,0,0,0
2010/07/01,0,0,-300000,-300000
2010/07/02,0,1000,-400000,-399000
2010/07/05,0,0,0,0
2010/07/06,0,0,0,0
2010/07/07,0,0,0,0
2010/07/08,0,0,0,0
2010/07/09,0,0,0,0
2010/07/12,0,1000,-350000,-349000
2010/07/13,0,500000,-350000,150000
2010/07/14,0,0,-400000,-400000
2010/07/15,0,0,-397000,-397000
2010/07/16,0,0,-570930,-570930
2010/07/19,0,0,-28373,-28373
2010/07/20,0,895000,0,895000
2010/07/21,0,0,0,0
2010/07/22,0,0,0,0
2010/07/23,0,2579000,0,2579000
2010/07/26,0,909000,-304000,605000
2010/07/27,0,2815000,0,2815000
2010/07/28,0,200000,0,200000
2010/07/29,0,0,0,0
2010/07/30,0,0,-7000,-7000
2010/08/02,0,4000,-8000,-4000
2010/08/03,0,180000,0,180000
2010/08/04,0,191000,-1000,190000
2010/08/05,0,0,-1000,-1000
2010/08/06,0,0,-1564000,-1564000
2010/08/09,0,4000,-2183000,-2179000
2010/08/10,0,0,-889000,-889000
2010/08/11,0,29000,-705000,-676000
2010/08/12,0,1000,-2000,-1000
2010/08/13,0,0,-1000,-1000
2010/08/16,0,0,-1000,-1000
2010/08/17,0,1000,0,1000
2010/08/18,0,0,-1000,-1000
2010/08/19,0,0,-191000,-191000
2010/08/20,0,0,0,0
2010/08/23,0,0,-260000,-260000
2010/08/24,0,600000,0,600000
2010/08/25,0,5000,-1000,4000
2010/08/26,0,0,0,0
2010/08/27,0,0,0,0
2010/08/30,0,86000,-268,85732
2010/08/31,0,44000,0,44000
2010/09/01,0,0,0,0
2010/09/02,0,0,0,0
2010/09/03,0,0,0,0
2010/09/06,0,0,0,0
2010/09/07,0,2000,0,2000
2010/09/08,0,0,-251000,-251000
2010/09/09,0,0,-250000,-250000
2010/09/10,0,0,0,0
2010/09/13,0,0,0,0
2010/09/14,0,0,-500000,-500000
2010/09/15,0,6000,0,6000
2010/09/16,0,0,-18664,-18664
2010/09/17,0,0,-46000,-46000
2010/09/20,0,1100000,-53075,1046925
2010/09/21,0,0,-1000,-1000
2010/09/22,0,0,0,0
2010/09/23,0,0,-1000,-1000
2010/09/24,0,0,0,0
2010/09/27,0,0,-1236000,-1236000
2010/09/28,0,0,-557000,-557000
2010/09/29,0,0,0,0
2010/09/30,0,0,-233000,-233000
2010/10/01,0,0,0,0
2010/10/04,0,0,0,0
2010/10/05,0,0,0,0
2010/10/06,0,0,-1000,-1000
2010/10/07,0,0,0,0
2010/10/08,0,0,-153000,-153000
2010/10/11,0,0,0,0
2010/10/12,0,0,0,0
2010/10/13,0,0,-4000,-4000
2010/10/14,0,1000,0,1000
2010/10/15,0,1000,-3000,-2000
2010/10/18,0,0,-1000,-1000
2010/10/19,0,2000,0,2000
2010/10/20,0,0,0,0
2010/10/21,0,0,-1100000,-1100000
2010/10/22,0,0,0,0
2010/10/25,0,0,-500000,-500000
2010/10/26,0,0,-600000,-600000
2010/10/27,0,0,-400000,-400000
2010/10/28,0,0,-500000,-500000
2010/10/29,0,0,-600000,-600000
2010/11/01,0,0,0,0
2010/11/02,0,0,0,0
2010/11/03,0,0,0,0
2010/11/04,0,0,0,0
2010/11/05,0,0,0,0
2010/11/08,0,635000,0,635000
2010/11/09,0,2002000,0,2002000
2010/11/10,0,2000000,-1000,1999000
2010/11/11,0,351000,0,351000
2010/11/12,0,0,-4000,-4000
2010/11/15,0,0,0,0
2010/11/16,0,210000,0,210000
2010/11/17,0,0,0,0
2010/11/18,0,0,0,0
2010/11/19,0,377000,0,377000
2010/11/22,0,0,-3000,-3000
2010/11/23,0,0,-1000,-1000
2010/11/24,0,0,-1000000,-1000000
2010/11/25,0,0,-510000,-510000
2010/11/26,0,0,-1850000,-1850000
2010/11/29,0,0,-770000,-770000
2010/11/30,0,0,-669000,-669000
2010/12/01,0,0,-194000,-194000
2010/12/02,0,0,-2000,-2000
2010/12/03,0,0,-1000,-1000
2010/12/06,0,0,-2000,-2000
2010/12/07,0,20000,0,20000
2010/12/08,0,100000,-1000,99000
2010/12/09,0,40000,-1000,39000
2010/12/10,0,10000,0,10000
2010/12/13,0,0,0,0
2010/12/14,0,0,0,0
2010/12/15,0,1277000,0,1277000
2010/12/16,0,110000,-1000,109000
2010/12/17,0,110000,-44000,66000
2010/12/20,0,1331000,0,1331000
2010/12/21,0,860000,-15000,845000
2010/12/22,0,1733000,0,1733000
2010/12/23,0,100000,0,100000
2010/12/24,0,11275000,0,11275000
2010/12/27,0,575000,0,575000
2010/12/28,0,0,0,0
2010/12/29,0,2170000,0,2170000
2010/12/30,0,0,0,0
2010/12/31,0,708000,0,708000
2011/01/03,0,1891000,-4000,1887000
2011/01/04,0,6958000,-6000,6952000
2011/01/05,0,750000,0,750000
2011/01/06,0,544000,0,544000
2011/01/07,0,858000,0,858000
2011/01/10,0,270000,0,270000
2011/01/11,0,260000,-501,259499
2011/01/12,0,350000,-200000,150000
2011/01/13,0,295000,-660000,-365000
2011/01/14,0,250000,-814000,-564000
2011/01/17,0,0,-532000,-532000
2011/01/18,0,1103000,-450000,653000
2011/01/19,0,0,-2246000,-2246000
2011/01/20,0,0,-3194000,-3194000
2011/01/21,0,0,-1654000,-1654000
2011/01/24,0,0,-1196000,-1196000
2011/01/25,0,0,-1946000,-1946000
2011/01/26,0,635000,-416000,219000
2011/01/27,0,62000,-350000,-288000
2011/01/28,0,0,-345000,-345000
2011/01/31,0,0,0,0
2011/02/01,0,0,0,0
2011/02/02,0,0,0,0
2011/02/03,0,0,0,0
2011/02/04,0,0,0,0
2011/02/07,0,0,0,0
2011/02/08,0,0,0,0
2011/02/09,0,55000,0,55000
2011/02/10,0,0,0,0
2011/02/11,0,70000,-1880000,-1810000
2011/02/14,0,200000,0,200000
2011/02/15,0,1000,-2370000,-2369000
2011/02/16,0,0,-25000,-25000
2011/02/17,0,44000,0,44000
2011/02/18,0,0,-500000,-500000
2011/02/21,0,0,-905000,-905000
2011/02/22,0,0,-1431000,-1431000
2011/02/23,0,14000,-300000,-286000
2011/02/24,0,0,-250000,-250000
2011/02/25,0,1000,-502000,-501000
2011/02/28,0,0,0,0
2011/03/01,0,0,0,0
2011/03/02,0,0,0,0
2011/03/03,0,0,0,0
2011/03/04,0,100000,-370000,-270000
2011/03/07,0,0,-676000,-676000
2011/03/08,0,50000,-3349000,-3299000
2011/03/09,0,27000,-90000,-63000
2011/03/10,0,0,0,0
2011/03/11,0,0,-1385000,-1385000
2011/03/14,0,0,0,0
2011/03/15,0,1272000,-99000,1173000
2011/03/16,0,501000,-189000,312000
2011/03/17,0,123000,-2000,121000
2011/03/18,0,1924000,0,1924000
2011/03/21,0,0,-100000,-100000
2011/03/22,0,638000,-700000,-62000
2011/03/23,0,50000,0,50000
2011/03/24,0,2000,0,2000
2011/03/25,0,0,-166000,-166000
2011/03/28,0,100000,0,100000
2011/03/29,0,321000,0,321000
2011/03/30,0,2263000,-14000,2249000
2011/03/31,0,255000,-27000,228000
2011/04/01,0,0,-70000,-70000
2011/04/04,0,0,0,0
2011/04/05,0,0,0,0
2011/04/06,0,25000,-100000,-75000
2011/04/07,0,90000,0,90000
2011/04/08,0,25000,-100000,-75000
2011/04/11,0,0,-1000,-1000
2011/04/12,0,0,0,0
2011/04/13,0,0,-50000,-50000
2011/04/14,0,0,-480000,-480000
2011/04/15,0,0,-920000,-920000
2011/04/18,0,25000,-124000,-99000
2011/04/19,0,0,-335000,-335000
2011/04/20,0,0,-30000,-30000
2011/04/21,0,0,-300000,-300000
2011/04/22,0,0,0,0
2011/04/25,0,0,-500000,-500000
2011/04/26,0,0,0,0
2011/04/27,0,109000,-354000,-245000
2011/04/28,0,150000,-202000,-52000
2011/04/29,0,0,-50000,-50000
2011/05/02,0,0,0,0
2011/05/03,0,10000,-180000,-170000
2011/05/04,0,10000,-167000,-157000
2011/05/05,0,10000,-1497000,-1487000
2011/05/06,0,9000,-595000,-586000
2011/05/09,0,0,-332000,-332000
2011/05/10,0,0,-150000,-150000
2011/05/11,0,0,-1000000,-1000000
2011/05/12,0,3000,0,3000
2011/05/13,0,126000,-1000000,-874000
2011/05/16,0,1000,-500000,-499000
2011/05/17,0,140000,0,140000
2011/05/18,0,0,0,0
2011/05/19,0,1000,0,1000
2011/05/20,0,0,-1000,-1000
2011/05/23,0,0,0,0
2011/05/24,0,0,0,0
2011/05/25,0,0,0,0
2011/05/26,0,0,0,0
2011/05/27,0,0,-1000,-1000
2011/05/30,0,1000,0,1000
2011/05/31,0,0,0,0
2011/06/01,0,0,0,0
2011/06/02,0,0,-120000,-120000
2011/06/03,0,0,0,0
2011/06/06,0,0,0,0
2011/06/07,0,0,0,0
2011/06/08,0,0,0,0
2011/06/09,0,0,-110000,-110000
2011/06/10,0,0,0,0
2011/06/13,0,0,0,0
2011/06/14,0,2000,-50000,-48000
2011/06/15,0,136000,0,136000
2011/06/16,0,0,0,0
2011/06/17,0,8000,-4000,4000
2011/06/20,0,4000,-1000,3000
2011/06/21,0,385000,0,385000
2011/06/22,0,251000,0,251000
2011/06/23,0,3000,0,3000
2011/06/24,0,2000,0,2000
2011/06/27,0,181000,0,181000
2011/06/28,0,15000,0,15000
2011/06/29,0,205000,0,205000
2011/06/30,0,2000,0,2000
2011/07/01,0,1000,0,1000
2011/07/04,0,0,0,0
2011/07/05,0,0,-1000,-1000
2011/07/06,0,0,-201000,-201000
2011/07/07,0,0,-125000,-125000
2011/07/08,0,430000,-2000,428000
2011/07/11,0,0,0,0
2011/07/12,0,402000,0,402000
2011/07/13,0,1605000,0,1605000
2011/07/14,0,404000,0,404000
2011/07/15,0,1305000,0,1305000
2011/07/18,0,1152000,-30000,1122000
2011/07/19,0,1456000,0,1456000
2011/07/20,0,4000,-14000,-10000
2011/07/21,0,2000,-7000,-5000
2011/07/22,0,0,-5000,-5000
2011/07/25,0,0,-947000,-947000
2011/07/26,0,0,-100000,-100000
2011/07/27,0,0,-1525000,-1525000
2011/07/28,0,1000,-155000,-154000
2011/07/29,0,0,0,0
2011/08/01,0,3000,-485000,-482000
2011/08/02,0,0,-2000,-2000
2011/08/03,0,660000,0,660000
2011/08/04,0,201000,0,201000
2011/08/05,0,20000,0,20000
2011/08/08,0,1833000,0,1833000
2011/08/09,0,1310000,0,1310000
2011/08/10,0,222000,0,222000
2011/08/11,0,871000,0,871000
2011/08/12,0,781000,0,781000
2011/08/15,0,102000,0,102000
2011/08/16,0,25000,-133000,-108000
2011/08/17,0,20000,-1000,19000
2011/08/18,0,844000,0,844000
2011/08/19,0,2000,-1000,1000
2011/08/22,0,624000,0,624000
2011/08/23,0,146000,0,146000
2011/08/24,0,0,0,0
2011/08/25,0,0,0,0
2011/08/26,0,43000,0,43000
2011/08/29,0,53000,0,53000
2011/08/30,0,0,-90000,-90000
2011/08/31,0,0,-41000,-41000
2011/09/01,0,0,-141000,-141000
2011/09/02,0,13000,-3000,10000
2011/09/05,0,0,-2000,-2000
2011/09/06,0,600000,-110000,490000
2011/09/07,0,205000,-450000,-245000
2011/09/08,0,0,0,0
2011/09/09,0,5000,-900000,-895000
2011/09/12,0,0,0,0
2011/09/13,0,8000,-451221,-443221
2011/09/14,0,3000,0,3000
2011/09/15,0,181000,-93000,88000
2011/09/16,0,956000,-119000,837000
2011/09/19,0,43000,0,43000
2011/09/20,0,0,0,0
2011/09/21,0,0,-1183,-1183
2011/09/22,0,0,-1000,-1000
2011/09/23,0,1000,-530000,-529000
2011/09/26,0,6000,-924000,-918000
2011/09/27,0,3000,0,3000
2011/09/28,0,0,-1000,-1000
2011/09/29,0,6000,0,6000
2011/09/30,0,0,-1000,-1000
2011/10/03,0,0,0,0
2011/10/04,0,2000,-1741000,-1739000
2011/10/05,0,6000,0,6000
2011/10/06,0,7000,-2200000,-2193000
2011/10/07,0,1000,-1704000,-1703000
2011/10/10,0,0,0,0
2011/10/11,0,0,-1043000,-1043000
2011/10/12,0,1000,-2731000,-2730000
2011/10/13,0,100000,0,100000
2011/10/14,0,939000,0,939000
2011/10/17,0,0,-1224,-1224
2011/10/18,0,10507,0,10507
2011/10/19,0,0,0,0
2011/10/20,0,0,0,0
2011/10/21,0,0,0,0
2011/10/24,0,3000,-141000,-138000
2011/10/25,0,0,-212000,-212000
2011/10/26,0,0,0,0
2011/10/27,0,52000,0,52000
2011/10/28,0,58000,0,58000
2011/10/31,0,0,-53000,-53000
2011/11/01,0,0,-3000,-3000
2011/11/02,0,3000,0,3000
2011/11/03,0,1000,0,1000
2011/11/04,0,0,-3000,-3000
2011/11/07,0,0,0,0
2011/11/08,0,3000,-244000,-241000
2011/11/09,0,0,0,0
2011/11/10,0,1000,0,1000
2011/11/11,0,0,-1000,-1000
2011/11/14,0,3000,-11771,-8771
2011/11/15,0,0,-1000,-1000
2011/11/16,0,0,0,0
2011/11/17,0,83000,-3000,80000
2011/11/18,0,101000,0,101000
2011/11/21,0,3000,0,3000
2011/11/22,0,2000,-2000,0
2011/11/23,0,6000,0,6000
2011/11/24,0,409000,0,409000
2011/11/25,0,60000,0,60000
2011/11/28,0,1000,0,1000
2011/11/29,0,2000,0,2000
2011/11/30,0,0,0,0
2011/12/01,0,0,-6000,-6000
2011/12/02,0,220000,-148000,72000
2011/12/05,0,92000,-2000,90000
2011/12/06,0,20000,0,20000
2011/12/07,0,1000,0,1000
2011/12/08,0,71000,0,71000
2011/12/09,0,6179,0,6179
2011/12/12,0,66000,-50000,16000
2011/12/13,0,274000,0,274000
2011/12/14,0,159000,-34000,125000
2011/12/15,0,0,-36000,-36000
2011/12/16,0,1000,-2000,-1000
2011/12/19,0,1000,0,1000
2011/12/20,0,252000,0,252000
2011/12/21,0,0,-4000,-4000
2011/12/22,0,2000,0,2000
2011/12/23,0,0,-2000,-2000
2011/12/26,0,0,0,0
2011/12/27,0,3000,0,3000
2011/12/28,0,35000,-121000,-86000
2011/12/29,0,0,0,0
2011/12/30,0,25000,-288000,-263000
2012/01/02,0,4000,-107000,-103000
2012/01/03,0,0,-158000,-158000
2012/01/04,0,0,-201000,-201000
2012/01/05,0,369087,-827000,-457913
2012/01/06,0,0,-401000,-401000
2012/01/09,0,0,-80,-80
2012/01/10,0,0,0,0
2012/01/11,0,0,-2000,-2000
2012/01/12,0,0,-4000,-4000
2012/01/13,0,0,-399000,-399000
2012/01/16,0,0,-2000,-2000
2012/01/17,0,35000,0,35000
2012/01/18,0,0,-4000,-4000
2012/01/19,0,0,0,0
2012/01/20,0,0,0,0
2012/01/23,0,0,0,0
2012/01/24,0,0,0,0
2012/01/25,0,0,0,0
2012/01/26,0,0,0,0
2012/01/27,0,0,0,0
2012/01/30,0,0,-6000,-6000
2012/01/31,0,0,0,0
2012/02/01,0,0,-3000,-3000
2012/02/02,0,0,-2000,-2000
2012/02/03,0,0,-3000,-3000
2012/02/06,0,0,-335000,-335000
2012/02/07,0,0,0,0
2012/02/08,0,0,-82000,-82000
2012/02/09,0,0,-17090,-17090
2012/02/10,0,95000,0,95000
2012/02/13,0,0,0,0
2012/02/14,0,0,-5000,-5000
2012/02/15,0,0,-5000,-5000
2012/02/16,0,0,-49000,-49000
2012/02/17,0,0,-44000,-44000
2012/02/20,0,0,-2000,-2000
2012/02/21,0,0,0,0
2012/02/22,0,0,0,0
2012/02/23,0,0,-1000,-1000
2012/02/24,0,0,-255000,-255000
2012/02/27,0,0,0,0
2012/02/28,0,0,0,0
2012/02/29,0,0,-1000,-1000
2012/03/01,0,0,0,0
2012/03/02,0,0,-39000,-39000
2012/03/05,0,0,-416000,-416000
2012/03/06,0,0,0,0
2012/03/07,0,0,-201000,-201000
2012/03/08,0,7601,-4000,3601
2012/03/09,0,0,0,0
2012/03/12,0,0,-1000,-1000
2012/03/13,0,0,-202000,-202000
2012/03/14,0,101000,-200000,-99000
2012/03/15,0,97000,-18000,79000
2012/03/16,0,0,-1414000,-1414000
2012/03/19,0,0,-303991,-303991
2012/03/20,0,0,-123000,-123000
2012/03/21,0,0,0,0
2012/03/22,0,0,0,0
2012/03/23,0,0,0,0
2012/03/26,0,0,-1000,-1000
2012/03/27,0,0,0,0
2012/03/28,0,0,0,0
2012/03/29,0,0,0,0
2012/03/30,0,0,-3000,-3000
2012/04/02,0,0,-1000,-1000
2012/04/03,0,0,-100000,-100000
2012/04/04,0,0,0,0
2012/04/05,0,2000,-202903,-200903
2012/04/06,0,0,-156000,-156000
2012/04/09,0,0,-2000,-2000
2012/04/10,0,0,-200000,-200000
2012/04/11,0,0,-200000,-200000
2012/04/12,0,0,-356000,-356000
2012/04/13,0,0,0,0
2012/04/16,0,0,-55000,-55000
2012/04/17,0,0,0,0
2012/04/18,0,0,0,0
2012/04/19,0,0,0,0
2012/04/20,0,0,0,0
2012/04/23,0,1000,0,1000
2012/04/24,0,5000,0,5000
2012/04/25,0,0,0,0
2012/04/26,0,0,0,0
2012/04/27,0,0,0,0
2012/04/30,0,0,0,0
2012/05/01,0,0,0,0
2012/05/02,0,17000,0,17000
2012/05/03,0,7862,0,7862
2012/05/04,0,0,-3000,-3000
2012/05/07,0,0,0,0
2012/05/08,0,0,0,0
2012/05/09,0,0,0,0
2012/05/10,0,0,0,0
2012/05/11,0,0,0,0
2012/05/14,0,0,0,0
2012/05/15,0,12000,0,12000
2012/05/16,0,60000,0,60000
2012/05/17,0,0,0,0
2012/05/18,0,0,0,0
2012/05/21,0,0,0,0
2012/05/22,0,0,0,0
2012/05/23,0,0,-3000,-3000
2012/05/24,0,0,-300000,-300000
2012/05/25,0,0,0,0
2012/05/28,0,0,0,0
2012/05/29,0,2000,0,2000
2012/05/30,0,0,-228762,-228762
2012/05/31,0,0,-224000,-224000
2012/06/01,0,0,0,0
2012/06/04,0,8000,0,8000
2012/06/05,0,6000,0,6000
2012/06/06,0,0,0,0
2012/06/07,0,0,0,0
2012/06/08,0,0,0,0
2012/06/11,0,0,0,0
2012/06/12,0,0,0,0
2012/06/13,0,0,-31000,-31000
2012/06/14,0,87000,-31000,56000
2012/06/15,0,500,0,500
2012/06/18,0,3000,0,3000
2012/06/19,0,0,0,0
2012/06/20,0,0,0,0
2012/06/21,0,0,0,0
2012/06/22,0,0,0,0
2012/06/25,0,0,0,0
2012/06/26,0,0,-29472,-29472
2012/06/27,0,0,0,0
2012/06/28,0,0,-7000,-7000
2012/06/29,0,0,0,0
2012/07/02,0,0,-4000,-4000
2012/07/03,0,4000,0,4000
2012/07/04,0,0,0,0
2012/07/05,0,0,-1000,-1000
2012/07/06,0,0,-3000,-3000
2012/07/09,0,0,0,0
2012/07/10,0,0,0,0
2012/07/11,0,0,0,0
2012/07/12,0,0,0,0
2012/07/13,0,0,0,0
2012/07/16,0,0,0,0
2012/07/17,0,0,-5000,-5000
2012/07/18,0,0,0,0
2012/07/19,0,0,0,0
2012/07/20,0,0,0,0
2012/07/23,0,0,0,0
2012/07/24,0,0,0,0
2012/07/25,0,0,0,0
2012/07/26,0,5000,0,5000
2012/07/27,0,0,0,0
2012/07/30,0,0,0,0
2012/07/31,0,0,0,0
2012/08/01,0,0,0,0
2012/08/02,0,0,0,0
2012/08/03,0,0,0,0
2012/08/06,0,18000,0,18000
2012/08/07,0,0,-11000,-11000
2012/08/08,0,1000,-7000,-6000
2012/08/09,0,39000,-5000,34000
2012/08/10,0,0,-12000,-12000
2012/08/13,0,0,-3000,-3000
2012/08/14,0,0,-1000,-1000
2012/08/15,0,0,-57000,-57000
2012/08/16,0,0,-3000,-3000
2012/08/17,0,11296,-1000,10296
2012/08/20,0,0,-2000,-2000
2012/08/21,0,0,-2000,-2000
2012/08/22,0,0,0,0
2012/08/23,0,1500,0,1500
2012/08/24,0,0,0,0
2012/08/27,0,13000,0,13000
2012/08/28,0,0,-1000,-1000
2012/08/29,0,0,-4000,-4000
2012/08/30,0,0,-1000,-1000
2012/08/31,0,3000,-2000,1000
2012/09/03,0,0,-1000,-1000
2012/09/04,0,0,0,0
2012/09/05,0,1000,-2000,-1000
2012/09/06,0,1000,0,1000
2012/09/07,0,0,0,0
2012/09/10,0,0,0,0
2012/09/11,0,0,0,0
2012/09/12,0,1000,-1000,0
2012/09/13,0,1000,0,1000
2012/09/14,0,0,0,0
2012/09/17,0,0,0,0
2012/09/18,0,0,-44000,-44000
2012/09/19,0,0,-32000,-32000
2012/09/20,0,60000,0,60000
2012/09/21,0,0,-1000,-1000
2012/09/24,0,0,0,0
2012/09/25,0,0,0,0
2012/09/26,0,0,-2000,-2000
2012/09/27,0,348000,0,348000
2012/09/28,0,2000,0,2000
2012/10/01,0,0,0,0
2012/10/02,0,0,0,0
2012/10/03,0,0,0,0
2012/10/04,0,0,0,0
2012/10/05,0,0,0,0
2012/10/08,0,0,0,0
2012/10/09,0,0,0,0
2012/10/10,0,0,0,0
2012/10/11,0,0,0,0
2012/10/12,0,0,-5000,-5000
2012/10/15,0,0,0,0
2012/10/16,0,970000,-60000,910000
2012/10/17,0,872000,0,872000
2012/10/18,0,0,-92000,-92000
2012/10/19,0,209000,0,209000
2012/10/22,0,650000,0,650000
2012/10/23,0,0,0,0
2012/10/24,0,665000,0,665000
2012/10/25,0,230000,-1000,229000
2012/10/26,0,445000,0,445000
2012/10/29,0,0,-11736,-11736
2012/10/30,0,0,0,0
2012/10/31,0,0,0,0
2012/11/01,0,0,0,0
2012/11/02,0,0,-18000,-18000
2012/11/05,0,442000,0,442000
2012/11/06,0,0,0,0
2012/11/07,0,0,0,0
2012/11/08,0,0,0,0
2012/11/09,0,118000,0,118000
2012/11/12,0,0,0,0
2012/11/13,0,0,-1000,-1000
2012/11/14,0,0,0,0
2012/11/15,0,0,0,0
2012/11/16,0,0,0,0
2012/11/19,0,240000,0,240000
2012/11/20,0,666000,0,666000
2012/11/21,0,724000,0,724000
2012/11/22,0,400000,-1992000,-1592000
2012/11/23,0,362000,0,362000
2012/11/26,0,0,0,0
2012/11/27,0,0,0,0
2012/11/28,0,19000,0,19000
2012/11/29,0,0,0,0
2012/11/30,0,1000,-126000,-125000
2012/12/03,0,0,-700000,-700000
2012/12/04,0,25000,-551000,-526000
2012/12/05,0,0,-1000,-1000
2012/12/06,0,0,-702000,-702000
2012/12/07,0,0,0,0
2012/12/10,0,0,-17000,-17000
2012/12/11,0,0,0,0
2012/12/12,0,0,0,0
2012/12/13,0,0,-1000,-1000
2012/12/14,0,0,0,0
2012/12/17,0,0,0,0
2012/12/18,0,0,0,0
2012/12/19,0,0,0,0
2012/12/20,0,0,0,0
2012/12/21,0,50000,-289000,-239000
2012/12/24,0,0,0,0
2012/12/25,0,0,0,0
2012/12/26,0,1108000,0,1108000
2012/12/27,0,1013000,0,1013000
2012/12/28,0,0,0,0
2012/12/31,0,0,0,0
2013/01/01,0,0,0,0
2013/01/02,0,334000,0,334000
2013/01/03,0,396000,-2000,394000
2013/01/04,0,714000,-4000,710000
2013/01/07,0,700000,-4000,696000
2013/01/08,0,296000,0,296000
2013/01/09,0,50000,0,50000
2013/01/10,0,681000,0,681000
2013/01/11,0,468000,0,468000
2013/01/14,0,84000,0,84000
2013/01/15,0,1000,0,1000
2013/01/16,0,0,-3000,-3000
2013/01/17,0,12418,-326000,-313582
2013/01/18,0,0,0,0
2013/01/21,0,50000,-379000,-329000
2013/01/22,0,0,-131000,-131000
2013/01/23,0,0,-155000,-155000
2013/01/24,0,1000,-453000,-452000
2013/01/25,0,0,-452000,-452000
2013/01/28,0,60000,0,60000
2013/01/29,0,250000,0,250000
2013/01/30,0,0,0,0
2013/01/31,0,121000,0,121000
2013/02/01,0,0,0,0
2013/02/04,0,154000,-8000,146000
2013/02/05,0,3000,0,3000
2013/02/06,0,20000,-5000,15000
2013/02/07,0,0,0,0
2013/02/08,0,0,0,0
2013/02/11,0,0,0,0
2013/02/12,0,0,0,0
2013/02/13,0,0,0,0
2013/02/14,0,0,0,0
2013/02/15,0,0,0,0
2013/02/18,0,0,0,0
2013/02/19,0,0,-2000,-2000
2013/02/20,0,0,-682000,-682000
2013/02/21,0,0,-2000,-2000
2013/02/22,0,0,-4000,-4000
2013/02/25,0,0,0,0
2013/02/26,0,0,-1000,-1000
2013/02/27,0,0,0,0
2013/02/28,0,0,0,0
2013/03/01,0,0,-339000,-339000
2013/03/04,0,125000,-212000,-87000
2013/03/05,0,0,-275000,-275000
2013/03/06,0,0,-1682000,-1682000
2013/03/07,0,88000,0,88000
2013/03/08,0,0,-568000,-568000
2013/03/11,0,0,-203000,-203000
2013/03/12,0,0,-3000,-3000
2013/03/13,0,0,-1000,-1000
2013/03/14,0,0,-2000,-2000
2013/03/15,0,41000,-3000,38000
2013/03/18,0,0,-81000,-81000
2013/03/19,0,0,-200000,-200000
2013/03/20,0,0,-150000,-150000
2013/03/21,0,0,0,0
2013/03/22,0,0,-1000,-1000
2013/03/25,0,0,-75000,-75000
2013/03/26,0,0,-136000,-136000
2013/03/27,0,0,-575000,-575000
2013/03/28,0,0,-596000,-596000
2013/03/29,0,0,-400000,-400000
2013/04/01,0,0,-1000,-1000
2013/04/02,0,0,0,0
2013/04/03,0,0,0,0
2013/04/04,0,0,0,0
2013/04/05,0,0,0,0
2013/04/08,0,545000,-296000,249000
2013/04/09,0,0,-193000,-193000
2013/04/10,0,0,-83000,-83000
2013/04/11,0,0,-133000,-133000
2013/04/12,0,0,-19000,-19000
2013/04/15,0,139000,-1000,138000
2013/04/16,0,0,-123000,-123000
2013/04/17,0,57000,-1000,56000
2013/04/18,0,0,-374000,-374000
2013/04/19,0,2489,0,2489
2013/04/22,0,0,0,0
2013/04/23,0,0,-5000,-5000
2013/04/24,0,0,-1000,-1000
2013/04/25,0,0,-5000,-5000
2013/04/26,0,0,-3000,-3000
2013/04/29,0,0,-189000,-189000
2013/04/30,0,0,0,0
2013/05/01,0,0,0,0
2013/05/02,0,0,-358000,-358000
2013/05/03,0,0,-7000,-7000
2013/05/06,0,0,-3000,-3000
2013/05/07,0,0,0,0
2013/05/08,0,0,0,0
2013/05/09,0,0,0,0
2013/05/10,0,0,0,0
2013/05/13,0,0,-4000,-4000
2013/05/14,0,0,-2000,-2000
2013/05/15,0,0,0,0
2013/05/16,0,0,0,0
2013/05/17,0,0,0,0
2013/05/20,0,0,-3000,-3000
2013/05/21,0,0,0,0
2013/05/22,0,0,-10000,-10000
2013/05/23,0,0,-3000,-3000
2013/05/24,0,0,-3000,-3000
2013/05/27,0,0,-1000,-1000
2013/05/28,0,0,-38000,-38000
2013/05/29,0,0,0,0
2013/05/30,0,0,0,0
2013/05/31,0,0,-60000,-60000
2013/06/03,0,0,0,0
2013/06/04,0,0,-238000,-238000
2013/06/05,0,0,0,0
2013/06/06,0,0,0,0
2013/06/07,0,0,0,0
2013/06/10,0,0,0,0
2013/06/11,0,0,-2000,-2000
2013/06/12,0,0,0,0
2013/06/13,0,0,-6000,-6000
2013/06/14,0,0,0,0
2013/06/17,0,0,0,0
2013/06/18,0,0,-1000,-1000
2013/06/19,0,0,0,0
2013/06/20,0,0,0,0
2013/06/21,0,5000,0,5000
2013/06/24,0,0,0,0
2013/06/25,0,0,0,0
2013/06/26,0,0,-2000,-2000
2013/06/27,0,0,0,0
2013/06/28,0,1000,0,1000
2013/07/01,0,0,-1000,-1000
2013/07/02,0,0,0,0
2013/07/03,0,0,-250000,-250000
2013/07/04,0,8000,0,8000
2013/07/05,0,0,-76000,-76000
2013/07/08,0,0,0,0
2013/07/09,0,0,0,0
2013/07/10,0,0,0,0
2013/07/11,0,0,-1813,-1813
2013/07/12,0,0,-2000,-2000
2013/07/15,0,0,0,0
2013/07/16,0,0,0,0
2013/07/17,0,0,0,0
2013/07/18,0,0,-4000,-4000
2013/07/19,0,0,0,0
2013/07/22,0,0,0,0
2013/07/23,0,0,0,0
2013/07/24,0,1000,0,1000
2013/07/25,0,0,0,0
2013/07/26,0,0,0,0
2013/07/29,0,0,0,0
2013/07/30,0,0,-25000,-25000
2013/07/31,0,0,0,0
2013/08/01,0,100000,0,100000
2013/08/02,0,0,0,0
2013/08/05,0,0,-2000,-2000
2013/08/06,0,0,0,0
2013/08/07,0,0,0,0
2013/08/08,0,0,0,0
2013/08/09,0,0,0,0
2013/08/12,0,0,0,0
2013/08/13,0,0,0,0
2013/08/14,0,1000,-5000,-4000
2013/08/15,0,0,-134000,-134000
2013/08/16,0,250000,-12000,238000
2013/08/19,0,1000,0,1000
2013/08/20,0,0,0,0
2013/08/21,0,0,0,0
2013/08/22,0,51000,0,51000
2013/08/23,0,52000,0,52000
2013/08/26,0,254000,0,254000
2013/08/27,0,0,0,0
2013/08/28,0,2000,0,2000
2013/08/29,0,0,0,0
2013/08/30,0,0,-190592,-190592
2013/09/02,0,0,-438190,-438190
2013/09/03,0,360733,0,360733
2013/09/04,0,0,0,0
2013/09/05,0,0,-2000,-2000
2013/09/06,0,250000,0,250000
2013/09/09,0,0,-1000,-1000
2013/09/10,0,370000,0,370000
2013/09/11,0,0,0,0
2013/09/12,0,300000,-7000,293000
2013/09/13,0,181000,-10000,171000
2013/09/16,0,0,0,0
2013/09/17,0,0,0,0
2013/09/18,0,145000,0,145000
2013/09/19,0,0,0,0
2013/09/20,0,0,0,0
2013/09/23,0,0,0,0
2013/09/24,0,500,0,500
2013/09/25,0,0,0,0
2013/09/26,0,0,0,0
2013/09/27,0,486000,0,486000
2013/09/30,0,0,0,0
2013/10/01,0,145000,0,145000
2013/10/02,0,230000,0,230000
2013/10/03,0,0,0,0
2013/10/04,0,0,0,0
2013/10/07,0,250000,-2000,248000
2013/10/08,0,428000,0,428000
2013/10/09,0,317000,0,317000
2013/10/10,0,0,0,0
2013/10/11,0,125000,0,125000
2013/10/14,0,469000,0,469000
2013/10/15,0,0,0,0
2013/10/16,0,300000,0,300000
2013/10/17,0,1106000,0,1106000
2013/10/18,0,0,0,0
2013/10/21,0,0,-230000,-230000
2013/10/22,0,1000,-250000,-249000
2013/10/23,0,262000,0,262000
2013/10/24,0,0,0,0
2013/10/25,0,0,-175000,-175000
2013/10/28,0,0,0,0
2013/10/29,0,0,-235000,-235000
2013/10/30,0,0,-120000,-120000
2013/10/31,0,0,-141000,-141000
2013/11/01,0,0,0,0
2013/11/04,0,0,0,0
2013/11/05,0,0,0,0
2013/11/06,0,0,0,0
2013/11/07,0,0,0,0
2013/11/08,0,0,0,0
2013/11/11,0,0,0,0
2013/11/12,0,0,0,0
2013/11/13,0,0,0,0
2013/11/14,0,0,0,0
2013/11/15,0,0,-201000,-201000
2013/11/18,0,0,0,0
2013/11/19,0,0,0,0
2013/11/20,0,0,0,0
2013/11/21,0,0,0,0
2013/11/22,0,0,-200000,-200000
2013/11/25,0,0,-6558,-6558
2013/11/26,0,0,0,0
2013/11/27,0,0,0,0
2013/11/28,0,0,0,0
2013/11/29,0,0,0,0
2013/12/02,0,0,0,0
2013/12/03,0,0,-150000,-150000
2013/12/04,0,0,-150000,-150000
2013/12/05,0,0,-1000,-1000
2013/12/06,0,0,0,0
2013/12/09,0,0,0,0
2013/12/10,0,0,-250000,-250000
2013/12/11,0,0,0,0
2013/12/12,0,0,0,0
2013/12/13,0,0,0,0
2013/12/16,0,0,-200000,-200000
2013/12/17,0,0,-500000,-500000
2013/12/18,0,0,-250000,-250000
2013/12/19,0,0,-300000,-300000
2013/12/20,0,0,-305000,-305000
2013/12/23,0,0,-300000,-300000
2013/12/24,0,0,-4000,-4000
2013/12/25,0,0,-2000,-2000
2013/12/26,0,0,-2000,-2000
2013/12/27,0,3000,0,3000
2013/12/30,0,0,-6000,-6000
2013/12/31,0,0,-1000,-1000
2014/01/02,0,0,-6000,-6000
2014/01/03,0,0,0,0
2014/01/06,0,0,0,0
2014/01/07,0,0,0,0
2014/01/08,0,0,0,0
2014/01/09,0,0,0,0
2014/01/10,0,0,0,0
2014/01/13,0,0,0,0
2014/01/14,0,0,0,0
2014/01/15,0,2000,0,2000
2014/01/16,0,0,0,0
2014/01/17,0,0,0,0
2014/01/20,0,0,-301000,-301000
2014/01/21,0,0,-831000,-831000
2014/01/22,0,0,-739000,-739000
2014/01/23,0,0,0,0
2014/01/24,0,0,0,0
2014/01/27,0,0,-301000,-301000
2014/02/05,0,0,0,0
2014/02/06,0,0,0,0
2014/02/07,0,0,-258000,-258000
2014/02/10,0,0,0,0
2014/02/11,0,0,0,0
2014/02/12,0,0,0,0
2014/02/13,0,7316,-7000,316
2014/02/14,0,0,0,0
2014/02/17,0,0,0,0
2014/02/18,0,0,0,0
2014/02/19,0,0,-18000,-18000
2014/02/20,0,0,-17000,-17000
2014/02/21,0,0,0,0
2014/02/24,0,3000,0,3000
2014/02/25,0,0,0,0
2014/02/26,0,0,0,0
2014/02/27,0,0,0,0
2014/03/03,0,0,0,0
2014/03/04,0,0,0,0
2014/03/05,0,0,0,0
2014/03/06,0,0,-1000,-1000
2014/03/07,0,0,-1000,-1000
2014/03/10,0,0,-2000,-2000
2014/03/11,0,0,-1000,-1000
2014/03/12,0,0,-1000,-1000
2014/03/13,0,0,0,0
2014/03/14,0,0,-1000,-1000
2014/03/17,0,0,0,0
2014/03/18,0,0,0,0
2014/03/19,0,0,0,0
2014/03/20,0,0,0,0
2014/03/21,0,0,-3000,-3000
2014/03/24,0,0,0,0
2014/03/25,0,0,0,0
2014/03/26,0,0,0,0
2014/03/27,0,0,0,0
2014/03/28,0,0,-1000,-1000
2014/03/31,0,0,0,0
2014/04/01,0,10000,0,10000
2014/04/02,0,0,0,0
2014/04/03,0,0,-12000,-12000
2014/04/07,0,0,-1000,-1000
2014/04/08,0,0,0,0
2014/04/09,0,0,0,0
2014/04/10,0,0,-12766,-12766
2014/04/11,0,0,0,0
2014/04/14,0,0,0,0
2014/04/15,0,0,0,0
2014/04/16,0,0,0,0
2014/04/17,0,0,0,0
2014/04/18,0,0,-2000,-2000
2014/04/21,0,0,-2000,-2000
2014/04/22,0,0,-1000,-1000
2014/04/23,0,0,0,0
2014/04/24,0,0,0,0
2014/04/25,0,0,0,0
2014/04/28,0,0,0,0
2014/04/29,0,0,0,0
2014/04/30,0,50000,0,50000
2014/05/02,0,0,0,0
2014/05/05,0,0,0,0
2014/05/06,0,0,0,0
2014/05/07,0,0,-1000,-1000
2014/05/08,0,0,0,0
2014/05/09,0,0,-2000,-2000
2014/05/12,0,0,0,0
2014/05/13,0,0,0,0
2014/05/14,0,0,0,0
2014/05/15,0,0,0,0
2014/05/16,0,0,0,0
2014/05/19,0,0,-3000,-3000
2014/05/20,0,0,0,0
2014/05/21,0,0,0,0
2014/05/22,0,0,0,0
2014/05/23,0,0,0,0
2014/05/26,0,60000,-2000,58000
2014/05/27,0,66000,-40000,26000
2014/05/28,0,0,-1000,-1000
2014/05/29,0,0,-2000,-2000
2014/05/30,0,0,-1000,-1000
2014/06/03,0,0,0,0
2014/06/04,0,0,0,0
2014/06/05,0,0,0,0
2014/06/06,0,0,-1000,-1000
2014/06/09,0,0,0,0
2014/06/10,0,0,0,0
2014/06/11,0,0,0,0
2014/06/12,0,15000,0,15000
2014/06/13,0,0,0,0
2014/06/16,0,0,-7000,-7000
2014/06/17,0,0,0,0
2014/06/18,0,0,0,0
2014/06/19,0,0,0,0
2014/06/20,0,2000,0,2000
2014/06/23,0,0,0,0
2014/06/24,0,0,0,0
2014/06/25,0,0,0,0
2014/06/26,0,0,0,0
2014/06/27,0,0,0,0
2014/06/30,0,31000,0,31000
2014/07/01,0,0,0,0
2014/07/02,0,1634,0,1634
2014/07/03,0,0,0,0
2014/07/04,0,0,0,0
2014/07/07,0,0,0,0
2014/07/08,0,0,-1000,-1000
2014/07/09,0,0,0,0
2014/07/10,0,0,0,0
2014/07/11,0,0,0,0
2014/07/14,0,0,0,0
2014/07/15,0,0,0,0
2014/07/16,0,0,0,0
2014/07/17,0,0,0,0
2014/07/18,0,0,0,0
2014/07/21,0,0,0,0
2014/07/22,0,0,0,0
2014/07/23,0,0,0,0
2014/07/24,0,0,0,0
2014/07/25,0,0,0,0
2014/07/28,0,0,0,0
2014/07/29,0,0,0,0
2014/07/30,0,10000,-7000,3000
2014/07/31,0,4000,0,4000
2014/08/01,0,0,0,0
2014/08/04,0,0,0,0
2014/08/05,0,0,0,0
2014/08/06,0,0,0,0
2014/08/07,0,0,0,0
2014/08/08,0,0,0,0
2014/08/11,0,0,0,0
2014/08/12,0,2000,0,2000
2014/08/13,0,0,0,0
2014/08/14,0,0,0,0
2014/08/15,0,0,0,0
2014/08/18,0,0,0,0
2014/08/19,0,0,0,0
2014/08/20,0,0,0,0
2014/08/21,0,0,-79000,-79000
2014/08/22,0,0,0,0
2014/08/25,0,0,0,0
2014/08/26,0,0,0,0
2014/08/27,0,0,0,0
2014/08/28,0,0,-45000,-45000
2014/08/29,0,0,0,0
2014/09/01,0,0,0,0
2014/09/02,0,0,0,0
2014/09/03,0,0,0,0
2014/09/04,0,0,0,0
2014/09/05,0,0,0,0
2014/09/09,0,76000,0,76000
2014/09/10,0,0,0,0
2014/09/11,0,0,0,0
2014/09/12,0,0,0,0
2014/09/15,0,0,-4000,-4000
2014/09/16,0,0,-3000,-3000
2014/09/17,0,0,0,0
2014/09/18,0,0,0,0
2014/09/19,0,500,0,500
2014/09/22,0,6763,0,6763
2014/09/23,0,8000,0,8000
2014/09/24,0,0,0,0
2014/09/25,0,0,0,0
2014/09/26,0,0,0,0
2014/09/29,0,0,0,0
2014/09/30,0,0,0,0
2014/10/01,0,0,0,0
2014/10/02,0,0,0,0
2014/10/03,0,0,0,0
2014/10/06,0,0,0,0
2014/10/07,0,0,0,0
2014/10/08,0,0,0,0
2014/10/09,0,0,0,0
2014/10/13,0,0,0,0
2014/10/14,0,0,0,0
2014/10/15,0,0,0,0
2014/10/16,0,0,0,0
2014/10/17,0,0,0,0
2014/10/20,0,0,0,0
2014/10/21,0,3000,0,3000
2014/10/22,0,0,0,0
2014/10/23,0,5000,0,5000
2014/10/24,0,0,0,0
2014/10/27,0,0,0,0
2014/10/28,0,0,0,0
2014/10/29,0,0,0,0
2014/10/30,0,0,-136000,-136000
2014/10/31,0,0,-150000,-150000
2014/11/03,0,0,0,0
2014/11/04,0,0,-200000,-200000
2014/11/05,0,0,0,0
2014/11/06,0,0,0,0
2014/11/07,0,0,0,0
2014/11/10,0,0,0,0
2014/11/11,0,0,0,0
2014/11/12,0,0,0,0
2014/11/13,0,0,0,0
2014/11/14,0,0,0,0
2014/11/17,0,0,0,0
2014/11/18,0,0,0,0
2014/11/19,0,0,0,0
2014/11/20,0,0,0,0
2014/11/21,0,0,0,0
2014/11/24,0,0,0,0
2014/11/25,0,0,0,0
2014/11/26,0,0,0,0
2014/11/27,0,0,-1000,-1000
2014/11/28,0,0,0,0
2014/12/01,0,0,0,0
2014/12/02,0,0,0,0
2014/12/03,0,20000,0,20000
2014/12/04,0,0,0,0
2014/12/05,0,0,-57000,-57000
2014/12/08,0,0,0,0
2014/12/09,0,0,0,0
2014/12/10,0,0,0,0
2014/12/11,0,0,-697,-697
2014/12/12,0,0,0,0
2014/12/15,0,0,0,0
2014/12/16,0,0,0,0
2014/12/17,0,0,-76000,-76000
2014/12/18,0,0,0,0
2014/12/19,0,0,-4000,-4000
2014/12/22,0,0,0,0
2014/12/23,0,0,0,0
2014/12/24,0,0,0,0
2014/12/25,0,0,0,0
2014/12/26,0,0,0,0
2014/12/29,0,0,0,0
2014/12/30,0,0,0,0
2014/12/31,0,0,-1000,-1000
2015/01/01,0,0,0,0
2015/01/02,0,0,0,0
2015/01/05,0,0,0,0
2015/01/06,0,0,0,0
2015/01/07,0,0,0,0
2015/01/08,0,0,0,0
2015/01/09,0,0,0,0
2015/01/12,0,0,0,0
2015/01/13,0,0,0,0
2015/01/14,0,0,0,0
2015/01/15,0,0,0,0
2015/01/16,0,0,0,0
2015/01/19,0,0,0,0
2015/01/20,0,0,0,0
2015/01/21,0,0,0,0
2015/01/22,0,0,-9000,-9000
2015/01/23,0,0,0,0
2015/01/26,0,0,0,0
2015/01/27,0,0,0,0
2015/01/28,0,0,0,0
2015/01/29,0,0,0,0
2015/01/30,0,0,-1000,-1000
2015/02/02,0,0,0,0
2015/02/03,0,0,0,0
2015/02/04,0,0,0,0
2015/02/05,0,0,0,0
2015/02/06,0,0,0,0
2015/02/09,0,0,0,0
2015/02/10,0,0,0,0
2015/02/11,0,0,0,0
2015/02/12,0,0,0,0
2015/02/13,0,0,0,0
2015/02/16,0,0,0,0
2015/02/17,0,0,0,0
2015/02/18,0,0,0,0
2015/02/19,0,0,0,0
2015/02/20,0,0,0,0
2015/02/23,0,0,0,0
2015/02/24,0,0,0,0
2015/02/25,0,0,-14000,-14000
2015/02/26,0,0,0,0
2015/02/27,0,0,0,0
2015/03/02,0,0,0,0
2015/03/03,0,0,0,0
2015/03/04,0,14000,0,14000
2015/03/05,0,0,0,0
2015/03/06,0,0,0,0
2015/03/09,0,0,0,0
2015/03/10,0,0,0,0
2015/03/11,0,0,0,0
2015/03/12,0,1487,0,1487
2015/03/13,0,0,0,0
2015/03/16,0,0,-1000,-1000
2015/03/17,0,0,0,0
2015/03/18,0,0,0,0
2015/03/19,0,0,0,0
2015/03/20,0,0,-16000,-16000
2015/03/23,0,0,0,0
2015/03/24,0,0,0,0
2015/03/25,0,0,0,0
2015/03/26,0,0,0,0
2015/03/27,0,0,0,0
2015/03/30,0,0,0,0
2015/03/31,0,0,0,0
2015/04/01,0,0,0,0
2015/04/02,0,0,0,0
2015/04/03,0,0,0,0
2015/04/06,0,0,0,0
2015/04/07,0,0,0,0
2015/04/08,0,0,0,0
2015/04/09,0,0,0,0
2015/04/10,0,0,0,0
2015/04/13,0,0,0,0
2015/04/14,0,0,0,0
2015/04/15,0,0,-20000,-20000
2015/04/16,0,0,0,0
2015/04/17,0,0,0,0
2015/04/20,0,0,0,0
2015/04/21,0,0,0,0
2015/04/22,0,0,0,0
2015/04/23,0,0,0,0
2015/04/24,0,0,-2000,-2000
2015/04/27,0,0,0,0
2015/04/28,0,0,0,0
2015/04/29,0,0,-1000,-1000
2015/04/30,0,0,0,0
2015/05/01,0,0,0,0
2015/05/04,0,0,0,0
2015/05/05,0,0,0,0
2015/05/06,0,0,0,0
2015/05/07,0,0,0,0
2015/05/08,0,0,0,0
2015/05/11,0,0,0,0
2015/05/12,0,0,0,0
2015/05/13,0,0,0,0
2015/05/14,0,0,0,0
2015/05/15,0,0,0,0
2015/05/18,0,0,0,0
2015/05/19,0,0,0,0
2015/05/20,0,0,0,0
2015/05/21,0,0,0,0
2015/05/22,0,0,0,0
2015/05/25,0,0,0,0
2015/05/26,0,0,0,0
2015/05/27,0,0,0,0
2015/05/28,0,0,0,0
2015/05/29,0,0,0,0
2015/06/01,0,0,0,0
2015/06/02,0,0,0,0
2015/06/03,0,0,0,0
2015/06/04,0,1000,-2602,-1602
2015/06/05,0,0,-1000,-1000
2015/06/08,0,0,0,0
2015/06/09,0,0,0,0
2015/06/10,0,0,0,0
2015/06/11,0,0,0,0
2015/06/12,0,0,0,0
2015/06/15,0,0,0,0
2015/06/16,0,0,0,0
2015/06/17,0,0,0,0
2015/06/18,0,0,-1000,-1000
2015/06/19,0,0,0,0
2015/06/22,0,0,-4000,-4000
2015/06/23,0,0,0,0
2015/06/24,0,0,0,0
2015/06/25,0,0,0,0
2015/06/26,0,0,0,0
2015/06/29,0,0,0,0
2015/06/30,0,0,0,0
2015/07/01,0,0,0,0
2015/07/02,0,0,0,0
2015/07/03,0,0,0,0
2015/07/06,0,0,0,0
2015/07/07,0,0,0,0
2015/07/08,0,0,0,0
2015/07/09,0,0,0,0
2015/07/10,0,0,0,0
2015/07/13,0,0,0,0
2015/07/14,0,0,0,0
2015/07/15,0,6000,0,6000
2015/07/16,0,0,0,0
2015/07/17,0,23000,0,23000
2015/07/20,0,0,0,0
2015/07/21,0,0,0,0
2015/07/22,0,0,0,0
2015/07/23,0,0,0,0
2015/07/24,0,1000,0,1000
2015/07/27,0,0,0,0
2015/07/28,0,9000,0,9000
2015/07/29,0,0,0,0
2015/07/30,0,0,0,0
2015/07/31,0,0,0,0
2015/08/03,0,0,0,0
2015/08/04,0,0,0,0
2015/08/05,0,0,0,0
2015/08/06,0,0,0,0
2015/08/07,0,0,0,0
2015/08/10,0,0,0,0
2015/08/11,0,0,0,0
2015/08/12,0,0,0,0
2015/08/13,0,0,0,0
2015/08/14,0,0,0,0
2015/08/17,0,0,0,0
2015/08/18,0,0,0,0
2015/08/19,0,0,0,0
2015/08/20,0,0,0,0
2015/08/21,0,0,0,0
2015/08/24,0,0,0,0
2015/08/25,0,0,-193,-193
2015/08/26,0,0,0,0
2015/08/27,0,0,0,0
2015/08/28,0,0,0,0
2015/08/31,0,1000,-4000,-3000
2015/09/01,0,0,-6000,-6000
2015/09/02,0,0,0,0
2015/09/03,0,0,0,0
2015/09/04,0,0,0,0
2015/09/07,0,0,0,0
2015/09/08,0,0,0,0
2015/09/09,0,0,0,0
2015/09/10,0,0,0,0
2015/09/11,0,0,0,0
2015/09/14,0,0,0,0
2015/09/15,0,0,0,0
2015/09/16,0,0,0,0
2015/09/17,0,0,0,0
2015/09/18,0,0,-2000,-2000
2015/09/21,0,0,-6000,-6000
2015/09/22,0,4256,0,4256
2015/09/23,0,0,0,0
2015/09/24,0,0,0,0
2015/09/25,0,0,0,0
2015/09/28,0,0,0,0
2015/09/29,0,0,0,0
2015/09/30,0,0,0,0
2015/10/01,0,0,0,0
2015/10/02,0,4000,0,4000
2015/10/05,0,0,0,0
2015/10/06,0,0,0,0
2015/10/07,0,0,0,0
2015/10/08,0,0,0,0
2015/10/09,0,0,0,0
2015/10/12,0,0,0,0
2015/10/13,0,0,0,0
2015/10/14,0,0,0,0
2015/10/15,0,0,0,0
2015/10/16,0,0,0,0
2015/10/19,0,0,0,0
2015/10/20,0,0,0,0
2015/10/21,0,0,0,0
2015/10/22,0,0,0,0
2015/10/23,0,0,0,0
2015/10/26,0,0,0,0
2015/10/27,0,0,0,0
2015/10/28,0,0,0,0
2015/10/29,0,0,0,0
2015/10/30,0,0,0,0
2015/11/02,0,0,0,0
2015/11/03,0,0,0,0
2015/11/04,0,4000,0,4000
2015/11/05,0,0,0,0
2015/11/06,0,0,0,0
2015/11/09,0,171000,0,171000
2015/11/10,0,0,0,0
2015/11/11,0,0,0,0
2015/11/12,0,0,0,0
2015/11/13,0,0,0,0
2015/11/16,0,0,0,0
2015/11/17,0,0,0,0
2015/11/18,0,0,0,0
2015/11/19,0,0,0,0
2015/11/20,0,0,0,0
2015/11/23,0,0,0,0
2015/11/24,0,0,0,0
2015/11/25,0,0,0,0
2015/11/26,0,0,0,0
2015/11/27,0,0,0,0
2015/11/30,0,0,0,0
2015/12/01,0,0,-16000,-16000
2015/12/02,0,0,0,0
2015/12/03,0,0,0,0
2015/12/04,0,0,0,0
2015/12/07,0,0,0,0
2015/12/08,0,0,0,0
2015/12/09,0,0,0,0
2015/12/10,0,0,0,0
2015/12/11,0,0,0,0
2015/12/14,0,0,-1364,-1364
2015/12/15,0,0,0,0
2015/12/16,0,0,0,0
2015/12/17,0,0,0,0
2015/12/18,0,0,-156352,-156352
2015/12/21,0,0,0,0
2015/12/22,0,0,0,0
2015/12/23,0,0,0,0
2015/12/24,0,0,0,0
2015/12/25,0,0,0,0
2015/12/28,0,0,-14000,-14000
2015/12/29,0,0,-16000,-16000
2015/12/30,0,0,0,0
2015/12/31,0,0,0,0
2016/01/01,0,0,0,0
2016/01/04,0,0,0,0
2016/01/05,0,36000,0,36000
2016/01/06,0,35000,0,35000
2016/01/07,0,0,0,0
2016/01/08,0,0,0,0
2016/01/11,0,0,0,0
2016/01/12,0,0,0,0
2016/01/13,0,0,0,0
2016/01/14,0,0,0,0
2016/01/15,0,0,-1000,-1000
2016/01/18,0,0,0,0
2016/01/19,0,0,0,0
2016/01/20,0,0,-1000,-1000
2016/01/21,0,0,0,0
2016/01/22,0,0,0,0
2016/01/25,0,0,0,0
2016/01/26,0,0,0,0
2016/01/27,0,0,0,0
2016/01/28,0,0,0,0
2016/01/29,0,0,0,0
2016/02/01,0,0,0,0
2016/02/02,0,0,0,0
2016/02/03,0,0,-43000,-43000
2016/02/04,0,0,0,0
2016/02/05,0,0,0,0
2016/02/08,0,0,0,0
2016/02/09,0,0,0,0
2016/02/10,0,0,0,0
2016/02/11,0,0,0,0
2016/02/12,0,0,0,0
2016/02/15,0,1579,-42000,-40421
2016/02/16,0,0,-9000,-9000
2016/02/17,0,0,0,0
2016/02/18,0,0,0,0
2016/02/19,0,0,0,0
2016/02/22,0,0,0,0
2016/02/23,0,0,0,0
2016/02/24,0,0,0,0
2016/02/25,0,0,0,0
2016/02/26,0,0,0,0
2016/02/29,0,0,0,0
2016/03/01,0,0,0,0
2016/03/02,0,0,0,0
2016/03/03,0,29000,0,29000
2016/03/04,0,28000,0,28000
2016/03/07,0,0,0,0
2016/03/08,0,0,0,0
2016/03/09,0,0,0,0
2016/03/10,0,0,0,0
2016/03/11,0,0,0,0
2016/03/14,0,0,0,0
2016/03/15,0,0,0,0
2016/03/16,0,0,0,0
2016/03/17,0,0,0,0
2016/03/18,0,0,0,0
2016/03/21,0,0,0,0
2016/03/22,0,0,0,0
2016/03/23,0,0,0,0
2016/03/24,0,0,0,0
2016/03/25,0,0,0,0
2016/03/28,0,0,0,0
2016/03/29,0,0,0,0
2016/03/30,0,0,0,0
2016/03/31,0,0,0,0
2016/04/01,0,0,0,0
2016/04/04,0,0,0,0
2016/04/05,0,0,0,0
2016/04/06,0,0,-52000,-52000
2016/04/07,0,0,0,0
2016/04/08,0,0,0,0
2016/04/11,0,0,0,0
2016/04/12,0,0,0,0
2016/04/13,0,0,0,0
2016/04/14,0,4000,-18000,-14000
2016/04/15,0,70000,0,70000
2016/04/18,0,0,0,0
2016/04/19,0,0,0,0
2016/04/20,0,0,0,0
2016/04/21,0,0,0,0
2016/04/22,0,80000,0,80000
2016/04/25,0,0,0,0
2016/04/26,0,0,0,0
2016/04/27,0,0,0,0
2016/04/28,0,0,0,0
2016/04/29,0,0,0,0
2016/05/02,0,0,0,0
2016/05/03,0,0,0,0
2016/05/04,0,0,0,0
2016/05/05,0,0,0,0
2016/05/06,0,0,0,0
2016/05/09,0,0,-119000,-119000
2016/05/10,0,0,-2815,-2815
2016/05/11,0,0,0,0
2016/05/12,0,0,0,0
2016/05/13,0,0,0,0
2016/05/16,0,0,0,0
2016/05/17,0,0,0,0
2016/05/18,0,0,0,0
2016/05/19,0,0,0,0
2016/05/20,0,0,0,0
2016/05/23,0,0,0,0
2016/05/24,0,0,0,0
2016/05/25,0,0,0,0
2016/05/26,0,0,0,0
2016/05/27,0,0,0,0
2016/05/30,0,0,0,0
2016/05/31,0,0,0,0
2016/06/01,0,0,0,0
2016/06/02,0,0,0,0
2016/06/03,0,0,0,0
2016/06/06,0,0,0,0
2016/06/07,0,0,0,0
2016/06/08,0,0,0,0
2016/06/09,0,0,0,0
2016/06/10,0,0,0,0
2016/06/13,0,0,0,0
2016/06/14,0,0,0,0
2016/06/15,0,0,0,0
2016/06/16,0,0,0,0
2016/06/17,0,0,0,0
2016/06/20,0,0,0,0
2016/06/21,0,0,0,0
2016/06/22,0,0,0,0
2016/06/23,0,0,0,0
2016/06/24,0,0,-35000,-35000
2016/06/27,0,0,-36000,-36000
2016/06/28,0,0,0,0
2016/06/29,0,0,0,0
2016/06/30,0,0,0,0
2016/07/01,0,0,0,0
2016/07/04,0,0,0,0
2016/07/05,0,0,0,0
2016/07/06,0,0,0,0
2016/07/07,0,0,0,0
2016/07/08,0,0,0,0
2016/07/11,0,0,0,0
2016/07/12,0,0,0,0
2016/07/13,0,0,0,0
2016/07/14,0,0,0,0
2016/07/15,0,0,0,0
2016/07/18,0,0,0,0
2016/07/19,0,0,0,0
2016/07/20,0,0,0,0
2016/07/21,0,0,0,0
2016/07/22,0,0,0,0
2016/07/25,0,0,0,0
2016/07/26,0,0,0,0
2016/07/27,0,0,0,0
2016/07/28,0,0,0,0
2016/07/29,0,5300,0,5300
2016/08/01,0,0,0,0
2016/08/02,0,0,0,0
2016/08/03,0,0,0,0
2016/08/04,0,0,0,0
2016/08/05,0,0,0,0
2016/08/08,0,0,0,0
2016/08/09,0,0,0,0
2016/08/10,0,0,0,0
2016/08/11,0,0,0,0
2016/08/12,0,0,0,0
2016/08/15,0,0,0,0
2016/08/16,0,0,0,0
2016/08/17,0,0,0,0
2016/08/18,0,0,0,0
2016/08/19,0,0,0,0
2016/08/22,0,0,0,0
2016/08/23,0,0,0,0
2016/08/24,0,0,0,0
2016/08/25,0,0,0,0
2016/08/26,0,0,0,0
2016/08/29,0,0,0,0
2016/08/30,0,0,0,0
2016/08/31,0,0,0,0
2016/09/01,0,0,0,0
2016/09/02,0,0,0,0
2016/09/05,0,153000,0,153000
2016/09/06,0,0,0,0
2016/09/07,0,165000,0,165000
2016/09/08,0,0,0,0
2016/09/09,0,0,0,0
2016/09/12,0,0,0,0
2016/09/13,0,0,0,0
2016/09/14,0,0,0,0
2016/09/15,0,0,0,0
2016/09/16,0,0,0,0
2016/09/19,0,0,0,0
2016/09/20,0,0,0,0
2016/09/21,0,0,0,0
2016/09/22,0,19000,0,19000
2016/09/23,0,0,0,0
2016/09/26,0,0,0,0
2016/09/27,0,0,0,0
2016/09/28,0,0,0,0
2016/09/29,0,0,0,0
2016/09/30,0,0,-3144,-3144
2016/10/03,0,0,0,0
2016/10/04,0,0,0,0
2016/10/05,0,0,0,0
2016/10/06,0,0,0,0
2016/10/07,0,277000,0,277000
2016/10/10,0,0,0,0
2016/10/11,0,435000,0,435000
2016/10/12,0,278000,0,278000
2016/10/13,0,0,0,0
2016/10/14,0,0,0,0
2016/10/17,0,0,0,0
2016/10/18,0,0,0,0
2016/10/19,0,0,0,0
2016/10/20,0,58000,0,58000
2016/10/21,0,58000,0,58000
2016/10/24,0,0,0,0
2016/10/25,0,0,0,0
2016/10/26,0,0,0,0
2016/10/27,0,0,0,0
2016/10/28,0,0,0,0
2016/10/31,0,0,0,0
2016/11/01,0,0,0,0
2016/11/02,0,38,0,38
2016/11/03,0,0,-351000,-351000
2016/11/04,0,0,0,0
2016/11/07,0,100000,0,100000
2016/11/08,0,100000,0,100000
2016/11/09,0,0,-62000,-62000
2016/11/10,0,0,0,0
2016/11/11,0,0,0,0
2016/11/14,0,499000,0,499000
2016/11/15,0,0,0,0
2016/11/16,0,0,-200000,-200000
2016/11/17,0,0,0,0
2016/11/18,0,0,0,0
2016/11/21,0,0,0,0
2016/11/22,0,180000,0,180000
2016/11/23,0,0,0,0
2016/11/24,0,0,0,0
2016/11/25,0,0,0,0
2016/11/28,0,0,0,0
2016/11/29,0,0,0,0
2016/11/30,0,0,0,0
2016/12/01,0,0,0,0
2016/12/02,0,0,0,0
2016/12/05,0,0,0,0
2016/12/06,0,0,0,0
2016/12/07,0,0,0,0
2016/12/08,0,0,0,0
2016/12/09,0,0,0,0
2016/12/12,0,0,0,0
2016/12/13,0,0,0,0
2016/12/14,0,53000,0,53000
2016/12/15,0,0,0,0
2016/12/16,0,0,0,0
2016/12/19,0,0,0,0
2016/12/20,0,0,0,0
2016/12/21,0,0,0,0
2016/12/22,0,0,-30000,-30000
2016/12/23,0,0,0,0
2016/12/26,0,0,0,0
2016/12/27,0,0,0,0
2016/12/28,0,0,0,0
2016/12/29,0,0,0,0
2016/12/30,0,0,0,0
2017/01/02,0,0,0,0
2017/01/03,0,0,-50000,-50000
2017/01/04,0,0,0,0
2017/01/05,0,0,-46000,-46000
2017/01/06,0,0,-555000,-555000
2017/01/09,0,0,-500000,-500000
2017/01/10,0,0,-500000,-500000
2017/01/11,0,0,0,0
2017/01/12,0,0,0,0
2017/01/13,0,0,0,0
2017/01/16,0,0,0,0
2017/01/17,0,0,0,0
2017/01/18,0,0,-147000,-147000
2017/01/19,0,0,0,0
2017/01/20,0,0,0,0
2017/01/23,0,471,0,471
2017/01/24,0,0,0,0
2017/01/25,0,0,0,0
2017/01/26,0,0,0,0
2017/01/27,0,0,0,0
2017/01/30,0,0,0,0
2017/01/31,0,0,0,0
2017/02/01,0,0,0,0
2017/02/02,0,0,0,0
2017/02/03,0,2000,0,2000
2017/02/06,0,0,0,0
2017/02/07,0,0,0,0
2017/02/08,0,0,0,0
2017/02/09,0,0,0,0
2017/02/10,0,0,0,0
2017/02/13,0,0,0,0
2017/02/14,0,0,0,0
2017/02/15,0,0,0,0
2017/02/16,0,0,0,0
2017/02/17,0,0,0,0
2017/02/20,0,0,0,0
2017/02/21,0,0,0,0
2017/02/22,0,0,0,0
2017/02/23,0,0,0,0
2017/02/24,0,0,0,0
2017/02/27,0,0,0,0
2017/02/28,0,0,0,0
2017/03/01,0,0,0,0
2017/03/02,0,0,0,0
2017/03/03,0,0,0,0
2017/03/06,0,0,0,0
2017/03/07,0,0,0,0
2017/03/08,0,0,0,0
2017/03/09,0,0,0,0
2017/03/10,0,0,0,0
2017/03/13,0,0,0,0
2017/03/14,0,0,0,0
2017/03/15,0,0,0,0
2017/03/16,0,0,0,0
2017/03/17,0,0,0,0
2017/03/20,0,29000,0,29000
2017/03/21,0,29000,0,29000
2017/03/22,0,0,0,0
2017/03/23,0,0,0,0
2017/03/24,0,0,0,0
2017/03/27,0,0,0,0
2017/03/28,0,0,0,0
2017/03/29,0,0,0,0
2017/03/30,0,0,0,0
2017/03/31,0,0,0,0
2017/04/03,0,0,0,0
2017/04/04,0,0,0,0
2017/04/05,0,0,0,0
2017/04/06,0,0,0,0
2017/04/07,0,0,0,0
2017/04/10,0,0,0,0
2017/04/11,0,0,0,0
2017/04/12,0,0,0,0
2017/04/13,0,0,0,0
2017/04/14,0,0,-3000,-3000
2017/04/17,0,0,0,0
2017/04/18,0,0,0,0
2017/04/19,0,0,0,0
