Date,Open,Buy,Sell,Total
2007/01/02,0,95000,0,95000
2007/01/03,0,628000,0,628000
2007/01/04,0,354000,-599000,-245000
2007/01/05,0,19000,-2059000,-2040000
2007/01/08,0,0,-71700,-71700
2007/01/09,0,378000,-17000,361000
2007/01/10,0,45000,-345000,-300000
2007/01/11,0,1000,-1085000,-1084000
2007/01/12,0,99000,-505000,-406000
2007/01/15,0,38000,-77000,-39000
2007/01/16,0,63000,-7000,56000
2007/01/17,0,18000,-591000,-573000
2007/01/18,0,2000,-549000,-547000
2007/01/19,0,53000,-118000,-65000
2007/01/22,0,20000,-460000,-440000
2007/01/23,0,41000,-807000,-766000
2007/01/24,0,22000,-497000,-475000
2007/01/25,0,62000,-697000,-635000
2007/01/26,0,20000,-1076000,-1056000
2007/01/29,0,41000,-25000,16000
2007/01/30,0,524000,-40000,484000
2007/01/31,0,516000,-36000,480000
2007/02/01,0,295000,-58000,237000
2007/02/02,0,149000,0,149000
2007/02/05,0,0,-70000,-70000
2007/02/06,0,1000,-48000,-47000
2007/02/07,0,328000,-31000,297000
2007/02/08,0,0,-29000,-29000
2007/02/09,0,9000,-119000,-110000
2007/02/12,0,9000,-5000,4000
2007/02/13,0,80000,-1000,79000
2007/02/14,0,354000,-374582,-20582
2007/02/15,0,0,0,0
2007/02/16,0,0,0,0
2007/02/19,0,0,0,0
2007/02/20,0,0,0,0
2007/02/21,0,0,0,0
2007/02/22,0,0,0,0
2007/02/23,0,0,0,0
2007/02/26,0,64000,-148000,-84000
2007/02/27,0,48000,-129000,-81000
2007/02/28,0,0,0,0
2007/03/01,0,440000,-130000,310000
2007/03/02,0,10000,-39000,-29000
2007/03/05,0,56000,-14000,42000
2007/03/06,0,0,-183000,-183000
2007/03/07,0,848000,-422709,425291
2007/03/08,0,50000,-89000,-39000
2007/03/09,0,5000,-159000,-154000
2007/03/12,0,0,-43000,-43000
2007/03/13,0,0,-103000,-103000
2007/03/14,0,472000,-1076000,-604000
2007/03/15,0,295000,-68000,227000
2007/03/16,0,49000,-15000,34000
2007/03/19,0,391000,-25000,366000
2007/03/20,0,805000,-11000,794000
2007/03/21,0,224000,-22000,202000
2007/03/22,0,733000,0,733000
2007/03/23,0,163000,-18000,145000
2007/03/26,0,45000,-9000,36000
2007/03/27,0,299000,-3000,296000
2007/03/28,0,81000,0,81000
2007/03/29,0,526000,-85000,441000
2007/03/30,0,125000,-11000,114000
2007/04/02,0,29000,0,29000
2007/04/03,0,1000,-6000,-5000
2007/04/04,0,23000,0,23000
2007/04/05,0,0,0,0
2007/04/06,0,0,0,0
2007/04/09,0,116000,-1000,115000
2007/04/10,0,316000,-4000,312000
2007/04/11,0,183000,-516000,-333000
2007/04/12,0,92000,-7000,85000
2007/04/13,0,118000,-11000,107000
2007/04/16,0,118000,-447000,-329000
2007/04/17,0,19709,-432000,-412291
2007/04/18,0,0,-1000,-1000
2007/04/19,0,32000,-241000,-209000
2007/04/20,0,0,-313000,-313000
2007/04/23,0,30000,-14000,16000
2007/04/24,0,10000,0,10000
2007/04/25,0,5000,-60000,-55000
2007/04/26,0,14000,-1000,13000
2007/04/27,0,0,-59000,-59000
2007/04/30,0,527000,-252333,274667
2007/05/01,0,0,0,0
2007/05/02,0,60000,-16000,44000
2007/05/03,0,28000,-5000,23000
2007/05/04,0,116000,0,116000
2007/05/07,0,0,-6000,-6000
2007/05/08,0,23000,-23000,0
2007/05/09,0,3233000,-3238000,-5000
2007/05/10,0,8000,-27000,-19000
2007/05/11,0,1000,-35000,-34000
2007/05/14,0,242000,0,242000
2007/05/15,0,7000,-2000,5000
2007/05/16,0,111000,-176000,-65000
2007/05/17,0,500000,-214000,286000
2007/05/18,0,149000,-177000,-28000
2007/05/21,0,28000,-681000,-653000
2007/05/22,0,7000,-1051000,-1044000
2007/05/23,0,27000,-583000,-556000
2007/05/24,0,0,-443000,-443000
2007/05/25,0,9000,-864000,-855000
2007/05/28,0,19000,-437000,-418000
2007/05/29,0,98000,-1189000,-1091000
2007/05/30,0,32000,-1027000,-995000
2007/05/31,0,242000,-1724334,-1482334
2007/06/01,0,61000,-465000,-404000
2007/06/04,0,28000,-26000,2000
2007/06/05,0,0,-34000,-34000
2007/06/06,0,2000,-299000,-297000
2007/06/07,0,1000,-181000,-180000
2007/06/08,0,28000,0,28000
2007/06/11,0,57000,-2000,55000
2007/06/12,0,10000,-63000,-53000
2007/06/13,0,111000,-120000,-9000
2007/06/14,0,306000,-28000,278000
2007/06/15,0,26000,-5000,21000
2007/06/18,0,0,0,0
2007/06/19,0,0,0,0
2007/06/20,0,172000,-32000,140000
2007/06/21,0,511000,-52000,459000
2007/06/22,0,306000,-78000,228000
2007/06/25,0,140000,-95000,45000
2007/06/26,0,138000,-156000,-18000
2007/06/27,0,32000,-78000,-46000
2007/06/28,0,0,-38000,-38000
2007/06/29,0,341000,-230333,110667
2007/07/02,0,173000,-842000,-669000
2007/07/03,0,135000,-32000,103000
2007/07/04,0,65000,-332000,-267000
2007/07/05,0,25000,-307000,-282000
2007/07/06,0,0,-28000,-28000
2007/07/09,0,39000,-3000,36000
2007/07/10,0,74000,-1000,73000
2007/07/11,0,56000,-13000,43000
2007/07/12,0,69000,-136000,-67000
2007/07/13,0,129000,0,129000
2007/07/16,0,3000,-65000,-62000
2007/07/17,0,109000,-3000,106000
2007/07/18,0,104000,-41000,63000
2007/07/19,0,97000,-116000,-19000
2007/07/20,0,506000,-77000,429000
2007/07/23,0,1151000,-17000,1134000
2007/07/24,0,3082000,-1000,3081000
2007/07/25,0,103000,-41000,62000
2007/07/26,0,262000,-131000,131000
2007/07/27,0,92000,-119000,-27000
2007/07/30,0,66000,-303000,-237000
2007/07/31,0,858000,-365000,493000
2007/08/01,0,120000,-539000,-419000
2007/08/02,0,123000,-89000,34000
2007/08/03,0,197000,-189000,8000
2007/08/06,0,23000,-45000,-22000
2007/08/07,0,48000,-357000,-309000
2007/08/08,0,112000,-161000,-49000
2007/08/09,0,104000,-50000,54000
2007/08/10,0,129000,-268000,-139000
2007/08/13,0,5000,-60000,-55000
2007/08/14,0,24000,-54000,-30000
2007/08/15,0,87000,-86000,1000
2007/08/16,0,59000,-104000,-45000
2007/08/17,0,67000,-81000,-14000
2007/08/20,0,13000,-28000,-15000
2007/08/21,0,7000,-25000,-18000
2007/08/22,0,9000,-17302,-8302
2007/08/23,0,107000,-73000,34000
2007/08/24,0,1424000,-9000,1415000
2007/08/27,0,369000,-137000,232000
2007/08/28,0,656000,0,656000
2007/08/29,0,55000,-73000,-18000
2007/08/30,0,0,-13000,-13000
2007/08/31,0,17000,-77000,-60000
2007/09/03,0,70000,-36000,34000
2007/09/04,0,13000,-62000,-49000
2007/09/05,0,1000,-475000,-474000
2007/09/06,0,541000,-312000,229000
2007/09/07,0,562000,-25000,537000
2007/09/10,0,195000,-118000,77000
2007/09/11,0,10000,-56000,-46000
2007/09/12,0,1000,-386000,-385000
2007/09/13,0,12000,-470000,-458000
2007/09/14,0,104000,-295000,-191000
2007/09/17,0,77000,-56000,21000
2007/09/18,0,0,0,0
2007/09/19,0,133000,-230000,-97000
2007/09/20,0,51000,-233000,-182000
2007/09/21,0,3653000,-176000,3477000
2007/09/24,0,0,0,0
2007/09/25,0,0,0,0
2007/09/26,0,56000,-254000,-198000
2007/09/27,0,75000,-312000,-237000
2007/09/28,0,468000,-403000,65000
2007/10/01,0,16000,-1113745,-1097745
2007/10/02,0,124000,-853000,-729000
2007/10/03,0,121000,-1913000,-1792000
2007/10/04,0,228000,-37000,191000
2007/10/05,0,228000,-1000,227000
2007/10/08,0,45000,-12000,33000
2007/10/09,0,17000,-70000,-53000
2007/10/10,0,0,0,0
2007/10/11,0,173000,0,173000
2007/10/12,0,105000,-45000,60000
2007/10/15,0,23000,-109000,-86000
2007/10/16,0,71000,-226000,-155000
2007/10/17,0,24000,-125000,-101000
2007/10/18,0,64000,-927000,-863000
2007/10/19,0,136000,-556000,-420000
2007/10/22,0,900000,-116000,784000
2007/10/23,0,720000,-64000,656000
2007/10/24,0,103000,-87000,16000
2007/10/25,0,359000,-20000,339000
2007/10/26,0,226000,-56000,170000
2007/10/29,0,67000,-6000,61000
2007/10/30,0,24000,-94000,-70000
2007/10/31,0,93000,-85000,8000
2007/11/01,0,201000,-98000,103000
2007/11/02,0,721000,-114000,607000
2007/11/05,0,200000,-132000,68000
2007/11/06,0,0,-110000,-110000
2007/11/07,0,31000,-584000,-553000
2007/11/08,0,98000,-733000,-635000
2007/11/09,0,101000,-41000,60000
2007/11/12,0,6000,-150000,-144000
2007/11/13,0,50000,-207000,-157000
2007/11/14,0,3000,-30000,-27000
2007/11/15,0,8000,-46000,-38000
2007/11/16,0,54000,-350000,-296000
2007/11/19,0,18000,-33000,-15000
2007/11/20,0,172000,-145000,27000
2007/11/21,0,6000,-288000,-282000
2007/11/22,0,82000,-466000,-384000
2007/11/23,0,8000,-95000,-87000
2007/11/26,0,94000,-52000,42000
2007/11/27,0,102000,-53000,49000
2007/11/28,0,2000,-407000,-405000
2007/11/29,0,39000,-258000,-219000
2007/11/30,0,52000,-542000,-490000
2007/12/03,0,122000,-7000,115000
2007/12/04,0,14000,-27000,-13000
2007/12/05,0,153000,-502000,-349000
2007/12/06,0,196000,-755000,-559000
2007/12/07,0,21252,0,21252
2007/12/10,0,79000,0,79000
2007/12/11,0,11000,-28000,-17000
2007/12/12,0,335000,-5000,330000
2007/12/13,0,24000,-463000,-439000
2007/12/14,0,17000,-59000,-42000
2007/12/17,0,5000,-126000,-121000
2007/12/18,0,32000,-780000,-748000
2007/12/19,0,148000,-1134000,-986000
2007/12/20,0,13000,-580000,-567000
2007/12/21,0,42000,-45000,-3000
2007/12/24,0,27000,-107000,-80000
2007/12/25,0,2000,-29000,-27000
2007/12/26,0,11000,-4000,7000
2007/12/27,0,30000,-22000,8000
2007/12/28,0,29000,-16000,13000
2007/12/31,0,0,-33000,-33000
2008/01/01,0,0,0,0
2008/01/02,0,8000,-78000,-70000
2008/01/03,0,108000,-58000,50000
2008/01/04,0,48000,-161000,-113000
2008/01/07,0,75000,-77000,-2000
2008/01/08,0,39000,-127000,-88000
2008/01/09,0,14000,-87000,-73000
2008/01/10,0,138000,-18000,120000
2008/01/11,0,128000,-39000,89000
2008/01/14,0,28000,-770000,-742000
2008/01/15,0,200000,-340500,-140500
2008/01/16,0,298000,-48000,250000
2008/01/17,0,192000,-522000,-330000
2008/01/18,0,150000,-88000,62000
2008/01/21,0,25000,-601000,-576000
2008/01/22,0,6000,-156000,-150000
2008/01/23,0,209000,-504000,-295000
2008/01/24,0,79000,-148000,-69000
2008/01/25,0,55000,-27000,28000
2008/01/28,0,9000,-57000,-48000
2008/01/29,0,147000,-547000,-400000
2008/01/30,0,180000,-524000,-344000
2008/01/31,0,115000,-167000,-52000
2008/02/01,0,170000,-202000,-32000
2008/02/04,0,0,0,0
2008/02/05,0,0,0,0
2008/02/06,0,0,0,0
2008/02/07,0,0,0,0
2008/02/08,0,0,0,0
2008/02/11,0,0,0,0
2008/02/12,0,15000,-229000,-214000
2008/02/13,0,0,-1287000,-1287000
2008/02/14,0,297000,-1477000,-1180000
2008/02/15,0,119000,-1253000,-1134000
2008/02/18,0,448000,-14000,434000
2008/02/19,0,318000,-15000,303000
2008/02/20,0,104000,-2000,102000
2008/02/21,0,56000,-43000,13000
2008/02/22,0,104000,-122000,-18000
2008/02/25,0,71000,-215000,-144000
2008/02/26,0,384000,-17000,367000
2008/02/27,0,643000,-165000,478000
2008/02/28,0,0,0,0
2008/02/29,0,87000,-502000,-415000
2008/03/03,0,402000,-448000,-46000
2008/03/04,0,613000,-510000,103000
2008/03/05,0,167000,-26000,141000
2008/03/06,0,321000,-15000,306000
2008/03/07,0,191000,-202000,-11000
2008/03/10,0,126000,-107000,19000
2008/03/11,0,260000,-9000,251000
2008/03/12,0,692000,-43000,649000
2008/03/13,0,131000,-14000,117000
2008/03/14,0,96000,-154000,-58000
2008/03/17,0,291000,-164000,127000
2008/03/18,0,207000,-152000,55000
2008/03/19,0,584000,-71000,513000
2008/03/20,0,507000,-38000,469000
2008/03/21,0,255000,-35000,220000
2008/03/24,0,1069000,-26000,1043000
2008/03/25,0,678300,-300000,378300
2008/03/26,0,3036000,-296000,2740000
2008/03/27,0,846000,-113000,733000
2008/03/28,0,103000,-28000,75000
2008/03/31,0,1485000,-730000,755000
2008/04/01,0,887422,-90000,797422
2008/04/02,0,246000,-179000,67000
2008/04/03,0,341000,-912000,-571000
2008/04/04,0,0,0,0
2008/04/07,0,54000,-61000,-7000
2008/04/08,0,308000,-229000,79000
2008/04/09,0,215000,-150000,65000
2008/04/10,0,1211000,-547700,663300
2008/04/11,0,265000,-95000,170000
2008/04/14,0,256000,-285000,-29000
2008/04/15,0,512000,-110000,402000
2008/04/16,0,185000,-30000,155000
2008/04/17,0,615000,-546000,69000
2008/04/18,0,77000,-320000,-243000
2008/04/21,0,257000,-210000,47000
2008/04/22,0,452000,-182000,270000
2008/04/23,0,183000,-151000,32000
2008/04/24,0,298000,-25000,273000
2008/04/25,0,532000,-65000,467000
2008/04/28,0,1098000,-153000,945000
2008/04/29,0,1411000,-167000,1244000
2008/04/30,0,435000,-66000,369000
2008/05/01,0,0,0,0
2008/05/02,0,167000,-268000,-101000
2008/05/05,0,408852,-405000,3852
2008/05/06,0,484000,-57000,427000
2008/05/07,0,3164000,-85000,3079000
2008/05/08,0,1146000,-62000,1084000
2008/05/09,0,378000,-91000,287000
2008/05/12,0,717000,-242000,475000
2008/05/13,0,1481000,-124000,1357000
2008/05/14,0,2239000,-72000,2167000
2008/05/15,0,939000,0,939000
2008/05/16,0,389000,-31000,358000
2008/05/19,0,2195000,-103000,2092000
2008/05/20,0,815000,-420000,395000
2008/05/21,0,1071300,-124000,947300
2008/05/22,0,1407000,-761000,646000
2008/05/23,0,3235000,-371000,2864000
2008/05/26,0,2961000,-833000,2128000
2008/05/27,0,2851000,-814000,2037000
2008/05/28,0,3029000,-769000,2260000
2008/05/29,0,3612000,-1264000,2348000
2008/05/30,0,14745223,-7916300,6828923
2008/06/02,0,1610000,-2163000,-553000
2008/06/03,0,4444000,-552000,3892000
2008/06/04,0,1121000,-754000,367000
2008/06/05,0,1069000,-633000,436000
2008/06/06,0,3561000,-145000,3416000
2008/06/09,0,714000,-1079000,-365000
2008/06/10,0,3968000,-1594691,2373309
2008/06/11,0,620000,-327000,293000
2008/06/12,0,1105000,-806000,299000
2008/06/13,0,3005000,-683000,2322000
2008/06/16,0,1972000,-391000,1581000
2008/06/17,0,789000,-1289000,-500000
2008/06/18,0,1928000,-453000,1475000
2008/06/19,0,1125000,-639000,486000
2008/06/20,0,2123181,-640000,1483181
2008/06/23,0,1916000,-244000,1672000
2008/06/24,0,449000,-3426000,-2977000
2008/06/25,0,552000,-2970000,-2418000
2008/06/26,0,814000,-440000,374000
2008/06/27,0,993000,-1085000,-92000
2008/06/30,0,1106000,-793000,313000
2008/07/01,0,627000,-118000,509000
2008/07/02,0,245000,-227000,18000
2008/07/03,0,616000,-563000,53000
2008/07/04,0,306000,-314000,-8000
2008/07/07,0,314561,-92000,222561
2008/07/08,0,280000,-858000,-578000
2008/07/09,0,1143000,-574000,569000
2008/07/10,0,408000,-241000,167000
2008/07/11,0,174000,-443000,-269000
2008/07/14,0,260000,-913000,-653000
2008/07/15,0,153000,-364000,-211000
2008/07/16,0,2038000,-645500,1392500
2008/07/17,0,1071000,-728000,343000
2008/07/18,0,1049000,-393000,656000
2008/07/21,0,839000,-408000,431000
2008/07/22,0,1452000,-148000,1304000
2008/07/23,0,1969000,-222000,1747000
2008/07/24,0,2531000,-293000,2238000
2008/07/25,0,121000,-257000,-136000
2008/07/28,0,0,0,0
2008/07/29,0,77000,-756000,-679000
2008/07/30,0,1446000,-133000,1313000
2008/07/31,0,943000,-506000,437000
2008/08/01,0,300000,-1858000,-1558000
2008/08/04,0,560000,-2030000,-1470000
2008/08/05,0,682000,-991000,-309000
2008/08/06,0,712000,-2246000,-1534000
2008/08/07,0,464000,-2066000,-1602000
2008/08/08,0,950000,-958000,-8000
2008/08/11,0,335000,-3707000,-3372000
2008/08/12,0,152000,-773000,-621000
2008/08/13,0,94000,-2413500,-2319500
2008/08/14,0,367000,-1592000,-1225000
2008/08/15,0,410000,-478000,-68000
2008/08/18,0,186000,-1027000,-841000
2008/08/19,0,178000,-875000,-697000
2008/08/20,0,776000,-1471000,-695000
2008/08/21,0,32000,-1769000,-1737000
2008/08/22,0,259000,-204000,55000
2008/08/25,0,1061000,-769000,292000
2008/08/26,0,234000,-207000,27000
2008/08/27,0,1978000,-274870,1703130
2008/08/28,0,714000,-697000,17000
2008/08/29,0,565000,-425459,139541
2008/09/01,0,350000,-557750,-207750
2008/09/02,0,918000,-397000,521000
2008/09/03,0,197000,-595000,-398000
2008/09/04,0,801000,-1727000,-926000
2008/09/05,0,755000,-1987530,-1232530
2008/09/08,0,220000,-549730,-329730
2008/09/09,0,123000,-1808330,-1685330
2008/09/10,0,741000,-2244110,-1503110
2008/09/11,0,502000,-2346960,-1844960
2008/09/12,0,2632000,-1539000,1093000
2008/09/15,0,605000,-1758000,-1153000
2008/09/16,0,148000,-2282650,-2134650
2008/09/17,0,162000,-2156025,-1994025
2008/09/18,0,368000,-1287240,-919240
2008/09/19,0,441000,-817000,-376000
2008/09/22,0,159000,-341000,-182000
2008/09/23,0,504000,-167700,336300
2008/09/24,0,1023421,-2699091,-1675670
2008/09/25,0,122000,-1532238,-1410238
2008/09/26,0,69000,-718110,-649110
2008/09/29,0,0,0,0
2008/09/30,0,210000,-1279,208721
2008/10/01,0,250000,-2105404,-1855404
2008/10/02,0,660000,-450970,209030
2008/10/03,0,301000,-83480,217520
2008/10/06,0,119000,-811610,-692610
2008/10/07,0,863000,-484880,378120
2008/10/08,0,45000,-502000,-457000
2008/10/09,0,370000,-439540,-69540
2008/10/10,0,0,0,0
2008/10/13,0,58000,-69772,-11772
2008/10/14,0,97000,-2089124,-1992124
2008/10/15,0,874000,-442000,432000
2008/10/16,0,0,-51201,-51201
2008/10/17,0,74000,-1183000,-1109000
2008/10/20,0,19000,-692000,-673000
2008/10/21,0,34000,-2932471,-2898471
2008/10/22,0,415000,-903591,-488591
2008/10/23,0,170000,-63000,107000
2008/10/24,0,16000,-756000,-740000
2008/10/27,0,3000,-271184,-268184
2008/10/28,0,223000,-1829703,-1606703
2008/10/29,0,323000,-2085319,-1762319
2008/10/30,0,316000,-442850,-126850
2008/10/31,0,132000,-610820,-478820
2008/11/03,0,1462000,-1176300,285700
2008/11/04,0,1661000,-747630,913370
2008/11/05,0,265000,-837770,-572770
2008/11/06,0,211000,-642028,-431028
2008/11/07,0,207000,-481942,-274942
2008/11/10,0,36000,-83000,-47000
2008/11/11,0,456000,-696401,-240401
2008/11/12,0,198000,-679000,-481000
2008/11/13,0,80000,-422930,-342930
2008/11/14,0,0,-126000,-126000
2008/11/17,0,30000,-242000,-212000
2008/11/18,0,1351000,-2029040,-678040
2008/11/19,0,0,-96000,-96000
2008/11/20,0,92000,-1533025,-1441025
2008/11/21,0,200000,-209570,-9570
2008/11/24,0,658000,-529000,129000
2008/11/25,0,594000,-809190,-215190
2008/11/26,0,775000,-590019,184981
2008/11/27,0,393006,-68000,325006
2008/11/28,0,338000,-680000,-342000
2008/12/01,0,476000,-1555000,-1079000
2008/12/02,0,172000,-393000,-221000
2008/12/03,0,199000,-537000,-338000
2008/12/04,0,191000,-863000,-672000
2008/12/05,0,544000,-72290,471710
2008/12/08,0,1230210,-130130,1100080
2008/12/09,0,2556000,-366080,2189920
2008/12/10,0,1545000,-346000,1199000
2008/12/11,0,1306000,-1487000,-181000
2008/12/12,0,209000,-1179000,-970000
2008/12/15,0,680000,-309000,371000
2008/12/16,0,187000,-20000,167000
2008/12/17,0,2051000,-1187150,863850
2008/12/18,0,242000,-873000,-631000
2008/12/19,0,295000,-506000,-211000
2008/12/22,0,90000,-189000,-99000
2008/12/23,0,217000,-200000,17000
2008/12/24,0,535000,-410090,124910
2008/12/25,0,117000,-218000,-101000
2008/12/26,0,51000,-184000,-133000
2008/12/29,0,16000,-86000,-70000
2008/12/30,0,379000,-63000,316000
2008/12/31,0,115000,-254249,-139249
2009/01/01,0,0,0,0
2009/01/02,0,0,0,0
2009/01/05,0,234000,-95000,139000
2009/01/06,0,951864,-1117000,-165136
2009/01/07,0,897000,-379900,517100
2009/01/08,0,129000,-1736170,-1607170
2009/01/09,0,140000,-2435000,-2295000
2009/01/12,0,170487,-392000,-221513
2009/01/13,0,86000,-313610,-227610
2009/01/14,0,183000,-773000,-590000
2009/01/15,0,299000,-835000,-536000
2009/01/16,0,175000,-422000,-247000
2009/01/19,0,4000,-243580,-239580
2009/01/20,0,217000,-723000,-506000
2009/01/21,0,457000,-325000,132000
2009/01/22,0,0,0,0
2009/01/23,0,0,0,0
2009/01/26,0,0,0,0
2009/01/27,0,0,0,0
2009/01/28,0,0,0,0
2009/01/29,0,0,0,0
2009/01/30,0,0,0,0
2009/02/02,0,1107000,-791088,315912
2009/02/03,0,958000,-84640,873360
2009/02/04,0,87000,-759000,-672000
2009/02/05,0,433000,-304990,128010
2009/02/06,0,606758,-504000,102758
2009/02/09,0,90000,-108000,-18000
2009/02/10,0,273000,-192910,80090
2009/02/11,0,294000,-339000,-45000
2009/02/12,0,431000,-517000,-86000
2009/02/13,0,537000,-483000,54000
2009/02/16,0,18000,-308000,-290000
2009/02/17,0,174000,-893265,-719265
2009/02/18,0,332000,-412000,-80000
2009/02/19,0,351000,-496000,-145000
2009/02/20,0,70000,-500000,-430000
2009/02/23,0,253000,-120000,133000
2009/02/24,0,78000,-637090,-559090
2009/02/25,0,408000,-82350,325650
2009/02/26,0,383500,-162970,220530
2009/02/27,0,244000,-247186,-3186
2009/03/02,0,20000,-639526,-619526
2009/03/03,0,79000,-205000,-126000
2009/03/04,0,425000,-877710,-452710
2009/03/05,0,1223000,-138000,1085000
2009/03/06,0,493000,-1154000,-661000
2009/03/09,0,237000,-255000,-18000
2009/03/10,0,184000,-213000,-29000
2009/03/11,0,239802,-79000,160802
2009/03/12,0,349000,-167000,182000
2009/03/13,0,707000,-141000,566000
2009/03/16,0,876000,-76000,800000
2009/03/17,0,1627000,-78000,1549000
2009/03/18,0,501000,-1370000,-869000
2009/03/19,0,688000,-164000,524000
2009/03/20,0,1012000,-101000,911000
2009/03/23,0,818000,-983000,-165000
2009/03/24,0,692000,-4000,688000
2009/03/25,0,1627000,-354260,1272740
2009/03/26,0,257000,-1151000,-894000
2009/03/27,0,157000,-217490,-60490
2009/03/30,0,618000,-163380,454620
2009/03/31,0,334400,-496480,-162080
2009/04/01,0,1317000,-153000,1164000
2009/04/02,0,750000,-324000,426000
2009/04/03,0,653000,-83000,570000
2009/04/06,0,627000,-83000,544000
2009/04/07,0,147000,-111000,36000
2009/04/08,0,670000,-943000,-273000
2009/04/09,0,2327000,-23000,2304000
2009/04/10,0,2800000,-40000,2760000
2009/04/13,0,1838000,-401000,1437000
2009/04/14,0,1146079,-964000,182079
2009/04/15,0,726000,-551000,175000
2009/04/16,0,2228000,-189000,2039000
2009/04/17,0,1354477,-746000,608477
2009/04/20,0,376000,-442630,-66630
2009/04/21,0,842000,-496000,346000
2009/04/22,0,218000,-455000,-237000
2009/04/23,0,215000,-297000,-82000
2009/04/24,0,338000,-240000,98000
2009/04/27,0,785578,-248000,537578
2009/04/28,0,351000,-824000,-473000
2009/04/29,0,509000,-138000,371000
2009/04/30,0,1837108,-204000,1633108
2009/05/01,0,0,0,0
2009/05/04,0,556000,-1213000,-657000
2009/05/05,0,2855487,-2716487,139000
2009/05/06,0,753000,-238000,515000
2009/05/07,0,991000,-2037000,-1046000
2009/05/08,0,1834085,-835000,999085
2009/05/11,0,664000,-230000,434000
2009/05/12,0,1747458,-420330,1327128
2009/05/13,0,270000,-471570,-201570
2009/05/14,0,143000,-1043000,-900000
2009/05/15,0,376000,-313000,63000
2009/05/18,0,534000,-356000,178000
2009/05/19,0,431000,-102000,329000
2009/05/20,0,738000,-138000,600000
2009/05/21,0,240000,-573000,-333000
2009/05/22,0,1739000,-721000,1018000
2009/05/25,0,252000,-304000,-52000
2009/05/26,0,1499000,-171000,1328000
2009/05/27,0,1153000,-1003147,149853
2009/05/28,0,0,0,0
2009/05/29,0,0,0,0
2009/06/01,0,1479000,-284000,1195000
2009/06/02,0,3096000,-415000,2681000
2009/06/03,0,701000,-341000,360000
2009/06/04,0,141000,-298000,-157000
2009/06/05,0,163000,-116602,46398
2009/06/08,0,294000,-364000,-70000
2009/06/09,0,435000,-204000,231000
2009/06/10,0,204000,-1083156,-879156
2009/06/11,0,436000,-185000,251000
2009/06/12,0,398000,-388000,10000
2009/06/15,0,170000,-274000,-104000
2009/06/16,0,71000,-266740,-195740
2009/06/17,0,59000,-356000,-297000
2009/06/18,0,131000,-421000,-290000
2009/06/19,0,590000,-699000,-109000
2009/06/22,0,684000,-216000,468000
2009/06/23,0,651100,-887000,-235900
2009/06/24,0,2304000,-528000,1776000
2009/06/25,0,576000,-323000,253000
2009/06/26,0,216000,-184000,32000
2009/06/29,0,253000,-1086000,-833000
2009/06/30,0,347000,-253099,93901
2009/07/01,0,479000,-142000,337000
2009/07/02,0,574000,-323000,251000
2009/07/03,0,45000,-770992,-725992
2009/07/06,0,572000,-1103000,-531000
2009/07/07,0,152000,-1017520,-865520
2009/07/08,0,170000,-737000,-567000
2009/07/09,0,148000,-118000,30000
2009/07/10,0,509000,-137000,372000
2009/07/13,0,36000,-2194000,-2158000
2009/07/14,0,501000,-890390,-389390
2009/07/15,0,372000,-119000,253000
2009/07/16,0,215000,-655710,-440710
2009/07/17,0,315081,-251120,63961
2009/07/20,0,711000,-133000,578000
2009/07/21,0,464000,-1291790,-827790
2009/07/22,0,264000,-594000,-330000
2009/07/23,0,311000,-223360,87640
2009/07/24,0,172000,-447520,-275520
2009/07/27,0,293000,-61000,232000
2009/07/28,0,214000,-29000,185000
2009/07/29,0,392000,-112621,279379
2009/07/30,0,308000,-197000,111000
2009/07/31,0,709000,-478000,231000
2009/08/03,0,1623000,-391100,1231900
2009/08/04,0,1899000,-2530000,-631000
2009/08/05,0,688000,-1737000,-1049000
2009/08/06,0,355000,-248000,107000
2009/08/07,0,0,0,0
2009/08/10,0,197963,-992000,-794037
2009/08/11,0,152000,-275000,-123000
2009/08/12,0,90000,-285000,-195000
2009/08/13,0,314000,-129000,185000
2009/08/14,0,1087000,-94000,993000
2009/08/17,0,249000,-646000,-397000
2009/08/18,0,137000,-464000,-327000
2009/08/19,0,37000,-267945,-230945
2009/08/20,0,169000,-269000,-100000
2009/08/21,0,358000,-548900,-190900
2009/08/24,0,464000,-509990,-45990
2009/08/25,0,83000,-258000,-175000
2009/08/26,0,133000,-269000,-136000
2009/08/27,0,179000,-2740000,-2561000
2009/08/28,0,579000,-579000,0
2009/08/31,0,282000,-395089,-113089
2009/09/01,0,257000,-430665,-173665
2009/09/02,0,479225,-355000,124225
2009/09/03,0,798000,-465000,333000
2009/09/04,0,131000,-956225,-825225
2009/09/07,0,138000,-87000,51000
2009/09/08,0,868000,-194000,674000
2009/09/09,0,766000,-1209000,-443000
2009/09/10,0,1096000,-1575310,-479310
2009/09/11,0,333000,-455000,-122000
2009/09/14,0,53000,-802000,-749000
2009/09/15,0,702000,-144000,558000
2009/09/16,0,305000,-174000,131000
2009/09/17,0,244000,-80680,163320
2009/09/18,0,1632000,-1536000,96000
2009/09/21,0,632000,-601000,31000
2009/09/22,0,154000,-1326000,-1172000
2009/09/23,0,518000,-398000,120000
2009/09/24,0,77000,-85000,-8000
2009/09/25,0,718000,-256810,461190
2009/09/28,0,796000,-194000,602000
2009/09/29,0,1148000,-148000,1000000
2009/09/30,0,276000,-132000,144000
2009/10/01,0,586000,-635000,-49000
2009/10/02,0,167000,-483000,-316000
2009/10/05,0,114590,-257590,-143000
2009/10/06,0,383000,-79000,304000
2009/10/07,0,518000,-54100,463900
2009/10/08,0,526000,-188000,338000
2009/10/09,0,128000,-89000,39000
2009/10/12,0,230000,-114000,116000
2009/10/13,0,240200,-790006,-549806
2009/10/14,0,244000,-238000,6000
2009/10/15,0,611000,-79000,532000
2009/10/16,0,100000,-296000,-196000
2009/10/19,0,367000,-29366,337634
2009/10/20,0,86000,-433000,-347000
2009/10/21,0,230000,-746000,-516000
2009/10/22,0,84000,-647000,-563000
2009/10/23,0,135000,-84000,51000
2009/10/26,0,303000,-36000,267000
2009/10/27,0,722000,-256000,466000
2009/10/28,0,388000,-445000,-57000
2009/10/29,0,20000,-635000,-615000
2009/10/30,0,80000,-570000,-490000
2009/11/02,0,100000,-395000,-295000
2009/11/03,0,32000,-326000,-294000
2009/11/04,0,288000,-114712,173288
2009/11/05,0,28000,-186000,-158000
2009/11/06,0,345000,-59240,285760
2009/11/09,0,233000,-5000,228000
2009/11/10,0,155000,-89211,65789
2009/11/11,0,483000,-17000,466000
2009/11/12,0,1081000,-10000,1071000
2009/11/13,0,560000,-36000,524000
2009/11/16,0,393000,-1000,392000
2009/11/17,0,669000,-9000,660000
2009/11/18,0,350000,-147000,203000
2009/11/19,0,177000,-66000,111000
2009/11/20,0,196000,-306000,-110000
2009/11/23,0,189000,-21000,168000
2009/11/24,0,245000,-30000,215000
2009/11/25,0,530000,-42000,488000
2009/11/26,0,375000,-61000,314000
2009/11/27,0,27000,-959000,-932000
2009/11/30,0,405629,-402870,2759
2009/12/01,0,312000,-187232,124768
2009/12/02,0,303000,-37000,266000
2009/12/03,0,206000,-122375,83625
2009/12/04,0,86000,-32000,54000
2009/12/07,0,329000,-23000,306000
2009/12/08,0,282000,-84000,198000
2009/12/09,0,233000,-109480,123520
2009/12/10,0,48000,-662220,-614220
2009/12/11,0,1470000,-323000,1147000
2009/12/14,0,190000,-210000,-20000
2009/12/15,0,183000,-32000,151000
2009/12/16,0,43000,-109648,-66648
2009/12/17,0,193770,-316000,-122230
2009/12/18,0,39000,-336000,-297000
2009/12/21,0,122000,-41000,81000
2009/12/22,0,120000,-450000,-330000
2009/12/23,0,208000,-10775,197225
2009/12/24,0,366000,-206000,160000
2009/12/25,0,174000,-557000,-383000
2009/12/28,0,583000,-63000,520000
2009/12/29,0,68000,-58000,10000
2009/12/30,0,537000,-281352,255648
2009/12/31,0,1509000,-26000,1483000
2010/01/01,0,0,0,0
2010/01/04,0,201000,-135000,66000
2010/01/05,0,164000,-233000,-69000
2010/01/06,0,356000,-81000,275000
2010/01/07,0,868000,-73309,794691
2010/01/08,0,540440,-250000,290440
2010/01/11,0,565000,-277000,288000
2010/01/12,0,141000,-853000,-712000
2010/01/13,0,122000,-87000,35000
2010/01/14,0,98000,-67170,30830
2010/01/15,0,68000,-211000,-143000
2010/01/18,0,52000,-141000,-89000
2010/01/19,0,94000,-451230,-357230
2010/01/20,0,65000,-285000,-220000
2010/01/21,0,243000,-148000,95000
2010/01/22,0,199000,-1437000,-1238000
2010/01/25,0,133730,-391000,-257270
2010/01/26,0,256000,-756000,-500000
2010/01/27,0,569000,-474260,94740
2010/01/28,0,278000,-302000,-24000
2010/01/29,0,503000,-422430,80570
2010/02/01,0,244000,-334160,-90160
2010/02/02,0,297000,-675970,-378970
2010/02/03,0,171310,-422000,-250690
2010/02/04,0,59000,-744000,-685000
2010/02/05,0,163000,-707470,-544470
2010/02/08,0,42000,-388974,-346974
2010/02/09,0,217000,-204080,12920
2010/02/10,0,205000,-354000,-149000
2010/02/11,0,0,0,0
2010/02/12,0,0,0,0
2010/02/15,0,0,0,0
2010/02/16,0,0,0,0
2010/02/17,0,0,0,0
2010/02/18,0,0,0,0
2010/02/19,0,0,0,0
2010/02/22,0,545000,-154000,391000
2010/02/23,0,303000,-154000,149000
2010/02/24,0,375000,-290000,85000
2010/02/25,0,422000,-628000,-206000
2010/02/26,0,719000,-252374,466626
2010/03/01,0,757000,-230000,527000
2010/03/02,0,199000,-290000,-91000
2010/03/03,0,362000,-75000,287000
2010/03/04,0,205000,-276000,-71000
2010/03/05,0,696000,-70000,626000
2010/03/08,0,257000,-21000,236000
2010/03/09,0,211810,-6000,205810
2010/03/10,0,237000,-586652,-349652
2010/03/11,0,107000,-22000,85000
2010/03/12,0,420000,-68000,352000
2010/03/15,0,23000,-236000,-213000
2010/03/16,0,64000,-22000,42000
2010/03/17,0,433000,-21000,412000
2010/03/18,0,318000,-11000,307000
2010/03/19,0,200000,-25000,175000
2010/03/22,0,48000,-219200,-171200
2010/03/23,0,44000,-185000,-141000
2010/03/24,0,214000,-14000,200000
2010/03/25,0,83000,-202000,-119000
2010/03/26,0,315000,-257000,58000
2010/03/29,0,386000,-28000,358000
2010/03/30,0,247000,-56000,191000
2010/03/31,0,168000,-42550,125450
2010/04/01,0,676000,-449660,226340
2010/04/02,0,657000,-18000,639000
2010/04/05,0,0,0,0
2010/04/06,0,499000,-13000,486000
2010/04/07,0,290340,-99000,191340
2010/04/08,0,460000,-92000,368000
2010/04/09,0,221000,-59940,161060
2010/04/12,0,576770,-557000,19770
2010/04/13,0,133000,-757000,-624000
2010/04/14,0,182000,-62550,119450
2010/04/15,0,320000,-499000,-179000
2010/04/16,0,562320,-167000,395320
2010/04/19,0,282000,-392000,-110000
2010/04/20,0,402000,-255000,147000
2010/04/21,0,410000,-132000,278000
2010/04/22,0,252000,-663000,-411000
2010/04/23,0,82000,-219000,-137000
2010/04/26,0,560000,-394000,166000
2010/04/27,0,522360,-617360,-95000
2010/04/28,0,61000,-842610,-781610
2010/04/29,0,133000,-236000,-103000
2010/04/30,0,561000,-260350,300650
2010/05/03,0,51000,-299000,-248000
2010/05/04,0,228000,-493000,-265000
2010/05/05,0,860810,-1309200,-448390
2010/05/06,0,230000,-483000,-253000
2010/05/07,0,173000,-492600,-319600
2010/05/10,0,53720,-194180,-140460
2010/05/11,0,36000,-825000,-789000
2010/05/12,0,198000,-110000,88000
2010/05/13,0,390000,-129000,261000
2010/05/14,0,109000,-32000,77000
2010/05/17,0,88000,-429000,-341000
2010/05/18,0,710000,-74000,636000
2010/05/19,0,97000,-450000,-353000
2010/05/20,0,166000,-321000,-155000
2010/05/21,0,269000,-444570,-175570
2010/05/24,0,315000,-195000,120000
2010/05/25,0,429000,-297000,132000
2010/05/26,0,506000,-854000,-348000
2010/05/27,0,235497,-258730,-23233
2010/05/28,0,351000,-430000,-79000
2010/05/31,0,236000,-192000,44000
2010/06/01,0,128000,-422000,-294000
2010/06/02,0,125000,-300000,-175000
2010/06/03,0,238000,-327000,-89000
2010/06/04,0,40000,-251000,-211000
2010/06/07,0,33000,-571230,-538230
2010/06/08,0,57000,-286000,-229000
2010/06/09,0,83000,-422000,-339000
2010/06/10,0,232000,-80000,152000
2010/06/11,0,143363,-163000,-19637
2010/06/14,0,420363,-101000,319363
2010/06/15,0,500725,-210750,289975
2010/06/16,0,0,0,0
2010/06/17,0,469104,-256000,213104
2010/06/18,0,295279,-567222,-271943
2010/06/21,0,812259,-460488,351771
2010/06/22,0,263387,-122000,141387
2010/06/23,0,277304,-120513,156791
2010/06/24,0,26000,-447380,-421380
2010/06/25,0,6000,-185699,-179699
2010/06/28,0,81000,-71000,10000
2010/06/29,0,324000,-385000,-61000
2010/06/30,0,125000,-584326,-459326
2010/07/01,0,66000,-496820,-430820
2010/07/02,0,9000,-130380,-121380
2010/07/05,0,49769,-233000,-183231
2010/07/06,0,263000,-156000,107000
2010/07/07,0,29615,-151000,-121385
2010/07/08,0,179000,-100000,79000
2010/07/09,0,115367,-48000,67367
2010/07/12,0,243000,-79056,163944
2010/07/13,0,78000,-93000,-15000
2010/07/14,0,469001,-50805,418196
2010/07/15,0,228000,-83000,145000
2010/07/16,0,22220,-51000,-28780
2010/07/19,0,1104000,-174000,930000
2010/07/20,0,304000,-165000,139000
2010/07/21,0,235000,-75000,160000
2010/07/22,0,123000,-133000,-10000
2010/07/23,0,444000,-142000,302000
2010/07/26,0,226470,-148000,78470
2010/07/27,0,37614,-113000,-75386
2010/07/28,0,298000,-44000,254000
2010/07/29,0,287000,-112381,174619
2010/07/30,0,77471,-162000,-84529
2010/08/02,0,583000,-108000,475000
2010/08/03,0,850000,0,850000
2010/08/04,0,1389000,-135000,1254000
2010/08/05,0,150000,-29000,121000
2010/08/06,0,270000,-59000,211000
2010/08/09,0,540000,-46000,494000
2010/08/10,0,53000,-273000,-220000
2010/08/11,0,178000,-99591,78409
2010/08/12,0,100000,-114000,-14000
2010/08/13,0,210008,-326000,-115992
2010/08/16,0,38000,-22000,16000
2010/08/17,0,64000,-26000,38000
2010/08/18,0,110000,-203000,-93000
2010/08/19,0,57000,-229000,-172000
2010/08/20,0,3000,-352000,-349000
2010/08/23,0,307000,-273000,34000
2010/08/24,0,73000,-162000,-89000
2010/08/25,0,35000,-947000,-912000
2010/08/26,0,22000,-347000,-325000
2010/08/27,0,161000,-260650,-99650
2010/08/30,0,180527,-168000,12527
2010/08/31,0,109000,-149218,-40218
2010/09/01,0,444000,-268000,176000
2010/09/02,0,205000,-44277,160723
2010/09/03,0,294000,-111000,183000
2010/09/06,0,141000,0,141000
2010/09/07,0,193000,-5580,187420
2010/09/08,0,116660,-198000,-81340
2010/09/09,0,371000,-87000,284000
2010/09/10,0,331800,-4000,327800
2010/09/13,0,688000,-34374,653626
2010/09/14,0,131418,-41000,90418
2010/09/15,0,330262,-76000,254262
2010/09/16,0,158000,-64000,94000
2010/09/17,0,338000,-273000,65000
2010/09/20,0,85000,-32000,53000
2010/09/21,0,214000,-68000,146000
2010/09/22,0,0,0,0
2010/09/23,0,272000,-62709,209291
2010/09/24,0,304870,-60000,244870
2010/09/27,0,51860,-10000,41860
2010/09/28,0,258780,-17000,241780
2010/09/29,0,462000,-146000,316000
2010/09/30,0,89000,-91000,-2000
2010/10/01,0,186860,-7000,179860
2010/10/04,0,357920,-47000,310920
2010/10/05,0,327820,-89960,237860
2010/10/06,0,299470,-5000,294470
2010/10/07,0,468280,-145000,323280
2010/10/08,0,159830,-4000,155830
2010/10/11,0,300120,-104000,196120
2010/10/12,0,39390,-224000,-184610
2010/10/13,0,189850,-37000,152850
2010/10/14,0,441080,-172000,269080
2010/10/15,0,258050,-346580,-88530
2010/10/18,0,143000,-326000,-183000
2010/10/19,0,148000,-330000,-182000
2010/10/20,0,51000,-251000,-200000
2010/10/21,0,54000,-311000,-257000
2010/10/22,0,49000,-155000,-106000
2010/10/25,0,198000,-3000,195000
2010/10/26,0,82000,-5311,76689
2010/10/27,0,66960,-24000,42960
2010/10/28,0,613462,-431000,182462
2010/10/29,0,51000,-202000,-151000
2010/11/01,0,386000,-569000,-183000
2010/11/02,0,114000,-339000,-225000
2010/11/03,0,315000,-540000,-225000
2010/11/04,0,147000,-183000,-36000
2010/11/05,0,243000,-47746,195254
2010/11/08,0,41000,-126000,-85000
2010/11/09,0,55000,0,55000
2010/11/10,0,494000,-260670,233330
2010/11/11,0,142000,-214284,-72284
2010/11/12,0,21000,-229000,-208000
2010/11/15,0,94350,-78000,16350
2010/11/16,0,385000,-204000,181000
2010/11/17,0,123000,-319000,-196000
2010/11/18,0,101000,-63670,37330
2010/11/19,0,231670,-307000,-75330
2010/11/22,0,128460,-21000,107460
2010/11/23,0,233330,-273000,-39670
2010/11/24,0,144000,-172000,-28000
2010/11/25,0,10000,-89000,-79000
2010/11/26,0,99000,-100000,-1000
2010/11/29,0,91000,-192042,-101042
2010/11/30,0,109144,-294668,-185524
2010/12/01,0,232000,-179000,53000
2010/12/02,0,763000,-187565,575435
2010/12/03,0,18000,-242000,-224000
2010/12/06,0,88000,-174000,-86000
2010/12/07,0,76230,-180000,-103770
2010/12/08,0,380000,-164000,216000
2010/12/09,0,295000,-72000,223000
2010/12/10,0,30000,-82000,-52000
2010/12/13,0,6000,-81000,-75000
2010/12/14,0,111000,-152000,-41000
2010/12/15,0,325000,-210000,115000
2010/12/16,0,66000,-275000,-209000
2010/12/17,0,85000,-406000,-321000
2010/12/20,0,159740,-143000,16740
2010/12/21,0,263000,-80000,183000
2010/12/22,0,305000,-20130,284870
2010/12/23,0,221000,-103000,118000
2010/12/24,0,222000,-26000,196000
2010/12/27,0,345000,-17000,328000
2010/12/28,0,328000,-30000,298000
2010/12/29,0,295490,-23000,272490
2010/12/30,0,566000,-506000,60000
2010/12/31,0,247000,-603210,-356210
2011/01/03,0,584000,-27000,557000
2011/01/04,0,714000,-269000,445000
2011/01/05,0,417000,-251410,165590
2011/01/06,0,526000,-70000,456000
2011/01/07,0,94000,-431000,-337000
2011/01/10,0,256000,-152000,104000
2011/01/11,0,1277000,-48000,1229000
2011/01/12,0,461000,-369000,92000
2011/01/13,0,40217,-84000,-43783
2011/01/14,0,242000,-75000,167000
2011/01/17,0,59522,-139000,-79478
2011/01/18,0,69000,-106780,-37780
2011/01/19,0,791000,-1217000,-426000
2011/01/20,0,1451000,-655000,796000
2011/01/21,0,541000,-325000,216000
2011/01/24,0,426000,-40000,386000
2011/01/25,0,121000,-26000,95000
2011/01/26,0,571000,-100450,470550
2011/01/27,0,108000,-44480,63520
2011/01/28,0,421540,-177000,244540
2011/01/31,0,0,0,0
2011/02/01,0,0,0,0
2011/02/02,0,0,0,0
2011/02/03,0,0,0,0
2011/02/04,0,0,0,0
2011/02/07,0,0,0,0
2011/02/08,0,355000,-373000,-18000
2011/02/09,0,342000,-290370,51630
2011/02/10,0,158000,-535290,-377290
2011/02/11,0,167000,-498000,-331000
2011/02/14,0,77000,-636200,-559200
2011/02/15,0,118000,-494623,-376623
2011/02/16,0,76000,-638000,-562000
2011/02/17,0,110000,-456330,-346330
2011/02/18,0,317000,-111000,206000
2011/02/21,0,42000,-243000,-201000
2011/02/22,0,118000,-972000,-854000
2011/02/23,0,253961,-266240,-12279
2011/02/24,0,59000,-686000,-627000
2011/02/25,0,406000,-1161168,-755168
2011/02/28,0,0,0,0
2011/03/01,0,89000,-863000,-774000
2011/03/02,0,87000,-1435436,-1348436
2011/03/03,0,341000,-716000,-375000
2011/03/04,0,76000,-303000,-227000
2011/03/07,0,158000,-20000,138000
2011/03/08,0,132000,-16000,116000
2011/03/09,0,237000,-219057,17943
2011/03/10,0,45200,-112000,-66800
2011/03/11,0,68200,-329380,-261180
2011/03/14,0,207000,-568000,-361000
2011/03/15,0,188000,-1100140,-912140
2011/03/16,0,233000,-376140,-143140
2011/03/17,0,88000,-130890,-42890
2011/03/18,0,84200,-321464,-237264
2011/03/21,0,58000,-161000,-103000
2011/03/22,0,129000,-296000,-167000
2011/03/23,0,222000,-86000,136000
2011/03/24,0,499000,-104000,395000
2011/03/25,0,637100,-153000,484100
2011/03/28,0,456000,-74000,382000
2011/03/29,0,842000,-120000,722000
2011/03/30,0,893000,-20000,873000
2011/03/31,0,414000,-334493,79507
2011/04/01,0,1141000,-27000,1114000
2011/04/04,0,0,0,0
2011/04/05,0,0,0,0
2011/04/06,0,549335,-284000,265335
2011/04/07,0,906000,-21000,885000
2011/04/08,0,441593,-628000,-186407
2011/04/11,0,323000,-119000,204000
2011/04/12,0,252982,-22000,230982
2011/04/13,0,262000,-108000,154000
2011/04/14,0,1103000,-185000,918000
2011/04/15,0,16000,-465000,-449000
2011/04/18,0,33000,-239729,-206729
2011/04/19,0,67000,-145000,-78000
2011/04/20,0,189094,-26144,162950
2011/04/21,0,439982,-10000,429982
2011/04/22,0,440000,-10000,430000
2011/04/25,0,139000,-73000,66000
2011/04/26,0,122000,-57815,64185
2011/04/27,0,105000,-75000,30000
2011/04/28,0,176813,-299300,-122487
2011/04/29,0,170000,-192000,-22000
2011/05/02,0,0,0,0
2011/05/03,0,297000,-165000,132000
2011/05/04,0,191000,-115000,76000
2011/05/05,0,214000,-296000,-82000
2011/05/06,0,149000,-159000,-10000
2011/05/09,0,244206,-84000,160206
2011/05/10,0,128000,-5000,123000
2011/05/11,0,123000,-150000,-27000
2011/05/12,0,111000,-294000,-183000
2011/05/13,0,63000,-79000,-16000
2011/05/16,0,21000,-280000,-259000
2011/05/17,0,69000,-233000,-164000
2011/05/18,0,106000,-32000,74000
2011/05/19,0,176000,-249020,-73020
2011/05/20,0,95000,-191000,-96000
2011/05/23,0,13000,-323000,-310000
2011/05/24,0,12000,-42426,-30426
2011/05/25,0,301000,-317000,-16000
2011/05/26,0,138000,-102240,35760
2011/05/27,0,111000,-58000,53000
2011/05/30,0,101000,-274000,-173000
2011/05/31,0,539000,-176808,362192
2011/06/01,0,312300,-37735,274565
2011/06/02,0,395000,-9000,386000
2011/06/03,0,311000,-14000,297000
2011/06/06,0,0,0,0
2011/06/07,0,189000,-49000,140000
2011/06/08,0,106000,-90000,16000
2011/06/09,0,192000,-60000,132000
2011/06/10,0,148328,-211000,-62672
2011/06/13,0,74000,-126848,-52848
2011/06/14,0,217000,-95000,122000
2011/06/15,0,936000,-459000,477000
2011/06/16,0,367730,-358000,9730
2011/06/17,0,505000,-420000,85000
2011/06/20,0,232000,-47419,184581
2011/06/21,0,362000,-133000,229000
2011/06/22,0,278000,-436000,-158000
2011/06/23,0,125055,-32923,92132
2011/06/24,0,539000,-152756,386244
2011/06/27,0,116000,-189904,-73904
2011/06/28,0,64000,-156359,-92359
2011/06/29,0,808000,-624000,184000
2011/06/30,0,1071000,-299000,772000
2011/07/01,0,212707,-470000,-257293
2011/07/04,0,393429,-136584,256845
2011/07/05,0,406916,-91000,315916
2011/07/06,0,269000,-215000,54000
2011/07/07,0,601000,-100000,501000
2011/07/08,0,414000,-33000,381000
2011/07/11,0,331000,-106000,225000
2011/07/12,0,255875,-150000,105875
2011/07/13,0,241000,-99000,142000
2011/07/14,0,138000,-78000,60000
2011/07/15,0,415260,-241000,174260
2011/07/18,0,352000,-167000,185000
2011/07/19,0,210000,-227700,-17700
2011/07/20,0,421262,-63000,358262
2011/07/21,0,229572,-32000,197572
2011/07/22,0,351000,-27500,323500
2011/07/25,0,117929,-30000,87929
2011/07/26,0,284539,-169000,115539
2011/07/27,0,436000,-34000,402000
2011/07/28,0,410000,-41000,369000
2011/07/29,0,1139787,-187000,952787
2011/08/01,0,1805995,-217000,1588995
2011/08/02,0,1247000,-201000,1046000
2011/08/03,0,1685000,-152000,1533000
2011/08/04,0,1116200,-330000,786200
2011/08/05,0,196100,-602250,-406150
2011/08/08,0,443000,-1229019,-786019
2011/08/09,0,335000,-832832,-497832
2011/08/10,0,950000,-1481660,-531660
2011/08/11,0,1387100,-393000,994100
2011/08/12,0,329100,-718905,-389805
2011/08/15,0,764805,-48000,716805
2011/08/16,0,503000,-277000,226000
2011/08/17,0,444000,-243000,201000
2011/08/18,0,748966,-536000,212966
2011/08/19,0,626000,-238000,388000
2011/08/22,0,1090000,-278000,812000
2011/08/23,0,755000,-116441,638559
2011/08/24,0,1150000,-730000,420000
2011/08/25,0,652100,-202696,449404
2011/08/26,0,316000,-265000,51000
2011/08/29,0,418000,-43000,375000
2011/08/30,0,244000,-328000,-84000
2011/08/31,0,1712212,-543000,1169212
2011/09/01,0,1007000,-161003,845997
2011/09/02,0,398000,-360000,38000
2011/09/05,0,57000,-695251,-638251
2011/09/06,0,175000,-329523,-154523
2011/09/07,0,403000,-189579,213421
2011/09/08,0,2031000,-282000,1749000
2011/09/09,0,862000,-301000,561000
2011/09/12,0,0,0,0
2011/09/13,0,264000,-330000,-66000
2011/09/14,0,311000,-281997,29003
2011/09/15,0,667000,-138120,528880
2011/09/16,0,710000,-115000,595000
2011/09/19,0,68000,-240000,-172000
2011/09/20,0,269546,-210000,59546
2011/09/21,0,722000,-98000,624000
2011/09/22,0,635294,-749000,-113706
2011/09/23,0,125000,-679000,-554000
2011/09/26,0,300100,-289000,11100
2011/09/27,0,442000,-250000,192000
2011/09/28,0,990731,-636000,354731
2011/09/29,0,733000,-400000,333000
2011/09/30,0,1312100,-538000,774100
2011/10/03,0,391000,-494000,-103000
2011/10/04,0,513000,-161000,352000
2011/10/05,0,507000,-333000,174000
2011/10/06,0,980000,-124000,856000
2011/10/07,0,323000,-362000,-39000
2011/10/10,0,0,0,0
2011/10/11,0,265000,-138000,127000
2011/10/12,0,419000,-75000,344000
2011/10/13,0,754100,-35000,719100
2011/10/14,0,242000,-31000,211000
2011/10/17,0,346000,-254000,92000
2011/10/18,0,653000,-319000,334000
2011/10/19,0,303000,-211000,92000
2011/10/20,0,161000,-667000,-506000
2011/10/21,0,273000,-223000,50000
2011/10/24,0,624000,-87000,537000
2011/10/25,0,437000,-350994,86006
2011/10/26,0,257000,-286000,-29000
2011/10/27,0,52000,-33000,19000
2011/10/28,0,507000,-110000,397000
2011/10/31,0,193000,-411993,-218993
2011/11/01,0,404000,-61000,343000
2011/11/02,0,286000,-201000,85000
2011/11/03,0,94000,-506000,-412000
2011/11/04,0,245000,-14000,231000
2011/11/07,0,77000,-51000,26000
2011/11/08,0,162000,-119297,42703
2011/11/09,0,196000,-194000,2000
2011/11/10,0,28000,-287000,-259000
2011/11/11,0,60000,-193000,-133000
2011/11/14,0,90000,-68000,22000
2011/11/15,0,253000,-169000,84000
2011/11/16,0,142000,-303000,-161000
2011/11/17,0,182000,-150932,31068
2011/11/18,0,140100,-241000,-100900
2011/11/21,0,606000,-501000,105000
2011/11/22,0,292000,-247000,45000
2011/11/23,0,412000,-478000,-66000
2011/11/24,0,385000,-115000,270000
2011/11/25,0,61000,-344000,-283000
2011/11/28,0,194316,-188000,6316
2011/11/29,0,228000,-394415,-166415
2011/11/30,0,588932,-757000,-168068
2011/12/01,0,824000,-586426,237574
2011/12/02,0,356000,-282000,74000
2011/12/05,0,110000,-169000,-59000
2011/12/06,0,179000,-340000,-161000
2011/12/07,0,402000,-592000,-190000
2011/12/08,0,451000,-581000,-130000
2011/12/09,0,261301,-954000,-692699
2011/12/12,0,202000,-98000,104000
2011/12/13,0,25000,-217980,-192980
2011/12/14,0,283000,-296000,-13000
2011/12/15,0,78000,-590000,-512000
2011/12/16,0,75000,-179152,-104152
2011/12/19,0,155000,-317000,-162000
2011/12/20,0,126000,-77000,49000
2011/12/21,0,204000,-374000,-170000
2011/12/22,0,105000,-91000,14000
2011/12/23,0,363000,-136000,227000
2011/12/26,0,112000,-3000,109000
2011/12/27,0,154000,-7000,147000
2011/12/28,0,172000,-63000,109000
2011/12/29,0,250000,-29000,221000
2011/12/30,0,587001,-121000,466001
2012/01/02,0,51000,-51000,0
2012/01/03,0,202000,-59000,143000
2012/01/04,0,418000,-416000,2000
2012/01/05,0,191000,-419000,-228000
2012/01/06,0,132000,-595000,-463000
2012/01/09,0,162000,-218000,-56000
2012/01/10,0,667000,-685000,-18000
2012/01/11,0,306000,-230000,76000
2012/01/12,0,353000,-50000,303000
2012/01/13,0,414000,-203000,211000
2012/01/16,0,261000,-274000,-13000
2012/01/17,0,195000,-46000,149000
2012/01/18,0,611000,-555000,56000
2012/01/19,0,0,0,0
2012/01/20,0,0,0,0
2012/01/23,0,0,0,0
2012/01/24,0,0,0,0
2012/01/25,0,0,0,0
2012/01/26,0,0,0,0
2012/01/27,0,0,0,0
2012/01/30,0,733367,-238000,495367
2012/01/31,0,509000,-374000,135000
2012/02/01,0,125000,-265000,-140000
2012/02/02,0,461000,-306000,155000
2012/02/03,0,165000,-214000,-49000
2012/02/06,0,96000,-344000,-248000
2012/02/07,0,273000,-138000,135000
2012/02/08,0,288000,-153000,135000
2012/02/09,0,165000,-229213,-64213
2012/02/10,0,131000,-258000,-127000
2012/02/13,0,335000,-708000,-373000
2012/02/14,0,109000,-782500,-673500
2012/02/15,0,410634,-541000,-130366
2012/02/16,0,256000,-769000,-513000
2012/02/17,0,526000,-1172000,-646000
2012/02/20,0,148000,-1123000,-975000
2012/02/21,0,350000,-370000,-20000
2012/02/22,0,378000,-134000,244000
2012/02/23,0,279000,-265000,14000
2012/02/24,0,190000,-154000,36000
2012/02/27,0,0,0,0
2012/02/28,0,0,0,0
2012/02/29,0,1084000,-371260,712740
2012/03/01,0,251171,-151000,100171
2012/03/02,0,255923,-31000,224923
2012/03/05,0,69000,-65000,4000
2012/03/06,0,297000,-151000,146000
2012/03/07,0,41100,-126000,-84900
2012/03/08,0,89000,-159000,-70000
2012/03/09,0,64000,-41000,23000
2012/03/12,0,275000,-159000,116000
2012/03/13,0,669000,-83000,586000
2012/03/14,0,354000,-27064,326936
2012/03/15,0,348000,-94000,254000
2012/03/16,0,159000,-127000,32000
2012/03/19,0,106000,-132000,-26000
2012/03/20,0,410000,-200000,210000
2012/03/21,0,197000,-95000,102000
2012/03/22,0,287000,-82000,205000
2012/03/23,0,356000,-106000,250000
2012/03/26,0,116000,-512000,-396000
2012/03/27,0,173000,-56000,117000
2012/03/28,0,449000,-68000,381000
2012/03/29,0,489000,-422000,67000
2012/03/30,0,629000,-341100,287900
2012/04/02,0,267000,-136000,131000
2012/04/03,0,345030,-178000,167030
2012/04/04,0,0,0,0
2012/04/05,0,289000,-462000,-173000
2012/04/06,0,61000,-474819,-413819
2012/04/09,0,170000,-254000,-84000
2012/04/10,0,489000,-160000,329000
2012/04/11,0,275000,-357000,-82000
2012/04/12,0,228000,-381634,-153634
2012/04/13,0,233004,-148473,84531
2012/04/16,0,383000,-150000,233000
2012/04/17,0,389000,-453000,-64000
2012/04/18,0,472000,-354000,118000
2012/04/19,0,352000,-314000,38000
2012/04/20,0,147000,-620000,-473000
2012/04/23,0,369000,-435000,-66000
2012/04/24,0,151000,-519000,-368000
2012/04/25,0,93000,-164000,-71000
2012/04/26,0,79000,-158810,-79810
2012/04/27,0,123000,-310000,-187000
2012/04/30,0,199000,-362420,-163420
2012/05/01,0,0,0,0
2012/05/02,0,280000,-257000,23000
2012/05/03,0,61000,-225000,-164000
2012/05/04,0,209000,-211000,-2000
2012/05/07,0,199000,-907000,-708000
2012/05/08,0,21000,-244300,-223300
2012/05/09,0,57000,-599000,-542000
2012/05/10,0,41000,-199128,-158128
2012/05/11,0,121000,-520000,-399000
2012/05/14,0,55000,-101000,-46000
2012/05/15,0,111000,-118000,-7000
2012/05/16,0,75000,-830000,-755000
2012/05/17,0,150000,-240000,-90000
2012/05/18,0,103000,-507000,-404000
2012/05/21,0,103000,-106000,-3000
2012/05/22,0,192000,-211000,-19000
2012/05/23,0,91337,-297000,-205663
2012/05/24,0,58000,-134000,-76000
2012/05/25,0,65000,-228000,-163000
2012/05/28,0,67000,-154000,-87000
2012/05/29,0,193000,-76000,117000
2012/05/30,0,461000,-918719,-457719
2012/05/31,0,1279553,-1352216,-72663
2012/06/01,0,41000,-431510,-390510
2012/06/04,0,218305,-233735,-15430
2012/06/05,0,100000,-443000,-343000
2012/06/06,0,208000,-345000,-137000
2012/06/07,0,74296,-104000,-29704
2012/06/08,0,82481,-150000,-67519
2012/06/11,0,186000,-134000,52000
2012/06/12,0,72000,-319000,-247000
2012/06/13,0,47000,-177000,-130000
2012/06/14,0,70000,-323551,-253551
2012/06/15,0,377000,-147411,229589
2012/06/18,0,225000,-38503,186497
2012/06/19,0,58000,-37000,21000
2012/06/20,0,384000,-316040,67960
2012/06/21,0,214907,-83000,131907
2012/06/22,0,27000,-413000,-386000
2012/06/25,0,41000,-358000,-317000
2012/06/26,0,162000,-228000,-66000
2012/06/27,0,260000,-119000,141000
2012/06/28,0,227000,-324000,-97000
2012/06/29,0,333000,-87000,246000
2012/07/02,0,79000,-198000,-119000
2012/07/03,0,380000,-45000,335000
2012/07/04,0,197287,-217000,-19713
2012/07/05,0,235000,-7000,228000
2012/07/06,0,200000,-20000,180000
2012/07/09,0,93000,-26000,67000
2012/07/10,0,46000,-177000,-131000
2012/07/11,0,83000,-42000,41000
2012/07/12,0,61000,-334000,-273000
2012/07/13,0,43000,-181441,-138441
2012/07/16,0,85000,-28000,57000
2012/07/17,0,200000,-37000,163000
2012/07/18,0,73000,-268000,-195000
2012/07/19,0,228000,-249000,-21000
2012/07/20,0,77000,-46000,31000
2012/07/23,0,51000,-354000,-303000
2012/07/24,0,173000,-211000,-38000
2012/07/25,0,38000,-225000,-187000
2012/07/26,0,170000,-310863,-140863
2012/07/27,0,570000,-196000,374000
2012/07/30,0,299558,-80000,219558
2012/07/31,0,186000,-213000,-27000
2012/08/01,0,144000,-158000,-14000
2012/08/02,0,0,0,0
2012/08/03,0,93234,-112000,-18766
2012/08/06,0,341000,-71000,270000
2012/08/07,0,256000,-46000,210000
2012/08/08,0,307348,-111000,196348
2012/08/09,0,782000,-3000,779000
2012/08/10,0,289000,-10000,279000
2012/08/13,0,122000,-44000,78000
2012/08/14,0,518000,-30000,488000
2012/08/15,0,367000,-41000,326000
2012/08/16,0,279000,-86000,193000
2012/08/17,0,143000,-59000,84000
2012/08/20,0,64000,-15000,49000
2012/08/21,0,437376,-4000,433376
2012/08/22,0,116302,-87000,29302
2012/08/23,0,129160,-43000,86160
2012/08/24,0,61000,-130000,-69000
2012/08/27,0,296000,-118000,178000
2012/08/28,0,294475,-10000,284475
2012/08/29,0,253000,-125000,128000
2012/08/30,0,511000,-326000,185000
2012/08/31,0,183400,-137743,45657
2012/09/03,0,135000,-61000,74000
2012/09/04,0,77000,-139000,-62000
2012/09/05,0,228000,-384000,-156000
2012/09/06,0,56000,-101000,-45000
2012/09/07,0,120000,-46990,73010
2012/09/10,0,99000,-113000,-14000
2012/09/11,0,151000,-67000,84000
2012/09/12,0,193000,-61000,132000
2012/09/13,0,180000,-75000,105000
2012/09/14,0,306000,-8000,298000
2012/09/17,0,211000,-150000,61000
2012/09/18,0,197000,-172000,25000
2012/09/19,0,539000,-69000,470000
2012/09/20,0,375000,-23000,352000
2012/09/21,0,467395,-50848,416547
2012/09/24,0,166000,-80000,86000
2012/09/25,0,349000,-41000,308000
2012/09/26,0,206000,-44000,162000
2012/09/27,0,736000,-336314,399686
2012/09/28,0,406000,-131304,274696
2012/10/01,0,62000,-42000,20000
2012/10/02,0,218000,-105000,113000
2012/10/03,0,63000,-143000,-80000
2012/10/04,0,211000,-92000,119000
2012/10/05,0,132000,-87000,45000
2012/10/08,0,153000,-95000,58000
2012/10/09,0,348000,-124000,224000
2012/10/10,0,0,0,0
2012/10/11,0,136500,-162177,-25677
2012/10/12,0,29000,-111000,-82000
2012/10/15,0,17000,-25000,-8000
2012/10/16,0,10000,-66000,-56000
2012/10/17,0,88000,-107000,-19000
2012/10/18,0,82000,-18000,64000
2012/10/19,0,368000,-129000,239000
2012/10/22,0,59000,-153000,-94000
2012/10/23,0,64500,-129000,-64500
2012/10/24,0,18000,-163786,-145786
2012/10/25,0,29000,-140000,-111000
2012/10/26,0,57000,-233000,-176000
2012/10/29,0,39100,-163000,-123900
2012/10/30,0,16000,-277000,-261000
2012/10/31,0,76000,-186000,-110000
2012/11/01,0,382000,-303000,79000
2012/11/02,0,25000,-167000,-142000
2012/11/05,0,134000,-196000,-62000
2012/11/06,0,75000,-58000,17000
2012/11/07,0,158000,-76000,82000
2012/11/08,0,124000,-342000,-218000
2012/11/09,0,126000,-132000,-6000
2012/11/12,0,34000,-76000,-42000
2012/11/13,0,40000,-387000,-347000
2012/11/14,0,54000,-120000,-66000
2012/11/15,0,349000,-229000,120000
2012/11/16,0,226000,-225000,1000
2012/11/19,0,288000,-265000,23000
2012/11/20,0,69000,-98000,-29000
2012/11/21,0,278000,-212000,66000
2012/11/22,0,395000,-7000,388000
2012/11/23,0,607000,-20000,587000
2012/11/26,0,371000,-7000,364000
2012/11/27,0,550000,-3000,547000
2012/11/28,0,307600,-308000,-400
2012/11/29,0,638000,-216810,421190
2012/11/30,0,1696000,-1294820,401180
2012/12/03,0,369000,-86000,283000
2012/12/04,0,481000,-116000,365000
2012/12/05,0,627000,-96000,531000
2012/12/06,0,478000,-72260,405740
2012/12/07,0,354000,-14000,340000
2012/12/10,0,284000,-155000,129000
2012/12/11,0,607430,-13000,594430
2012/12/12,0,456000,-59000,397000
2012/12/13,0,544470,-93000,451470
2012/12/14,0,225554,-27000,198554
2012/12/17,0,316000,-52000,264000
2012/12/18,0,384000,-82000,302000
2012/12/19,0,333000,-15000,318000
2012/12/20,0,160000,-196000,-36000
2012/12/21,0,732000,-646518,85482
2012/12/24,0,143000,-31000,112000
2012/12/25,0,200000,-17000,183000
2012/12/26,0,223000,-58000,165000
2012/12/27,0,173000,-65000,108000
2012/12/28,0,240000,-7000,233000
2012/12/31,0,0,0,0
2013/01/01,0,0,0,0
2013/01/02,0,343000,-29000,314000
2013/01/03,0,1104000,-30000,1074000
2013/01/04,0,491000,-125000,366000
2013/01/07,0,283000,-160800,122200
2013/01/08,0,279000,-292000,-13000
2013/01/09,0,153000,-205000,-52000
2013/01/10,0,426000,-203000,223000
2013/01/11,0,117000,-56000,61000
2013/01/14,0,60000,-58000,2000
2013/01/15,0,156000,-66000,90000
2013/01/16,0,101000,-203000,-102000
2013/01/17,0,118900,-194000,-75100
2013/01/18,0,169000,-31000,138000
2013/01/21,0,38000,-92000,-54000
2013/01/22,0,63000,-42403,20597
2013/01/23,0,238000,-42484,195516
2013/01/24,0,83000,-144000,-61000
2013/01/25,0,184000,-308000,-124000
2013/01/28,0,131000,-46000,85000
2013/01/29,0,154000,-28000,126000
2013/01/30,0,410000,-34000,376000
2013/01/31,0,382000,-211000,171000
2013/02/01,0,324000,-13000,311000
2013/02/04,0,319000,-27000,292000
2013/02/05,0,346000,-31000,315000
2013/02/06,0,267506,-67000,200506
2013/02/07,0,0,0,0
2013/02/08,0,0,0,0
2013/02/11,0,0,0,0
2013/02/12,0,0,0,0
2013/02/13,0,0,0,0
2013/02/14,0,0,0,0
2013/02/15,0,0,0,0
2013/02/18,0,655603,-208000,447603
2013/02/19,0,278827,-397000,-118173
2013/02/20,0,405198,-92000,313198
2013/02/21,0,348000,-315000,33000
2013/02/22,0,487000,-340000,147000
2013/02/25,0,307000,-329744,-22744
2013/02/26,0,347000,-203977,143023
2013/02/27,0,347000,-657274,-310274
2013/02/28,0,0,0,0
2013/03/01,0,306000,-152000,154000
2013/03/04,0,550000,-572000,-22000
2013/03/05,0,126000,-175000,-49000
2013/03/06,0,169000,-44000,125000
2013/03/07,0,139000,-25000,114000
2013/03/08,0,147700,-126000,21700
2013/03/11,0,201000,-131000,70000
2013/03/12,0,170000,-96369,73631
2013/03/13,0,60000,-69000,-9000
2013/03/14,0,101000,-154045,-53045
2013/03/15,0,496000,-425804,70196
2013/03/18,0,144000,-316000,-172000
2013/03/19,0,221000,-282000,-61000
2013/03/20,0,146000,-580418,-434418
2013/03/21,0,104000,-212000,-108000
2013/03/22,0,284652,-202701,81951
2013/03/25,0,82000,-79000,3000
2013/03/26,0,141000,-165000,-24000
2013/03/27,0,167000,-75000,92000
2013/03/28,0,282000,-216000,66000
2013/03/29,0,102000,-342000,-240000
2013/04/01,0,60315,-2000,58315
2013/04/02,0,197000,-84000,113000
2013/04/03,0,282742,-10000,272742
2013/04/04,0,0,0,0
2013/04/05,0,0,0,0
2013/04/08,0,166000,-369000,-203000
2013/04/09,0,78000,-262193,-184193
2013/04/10,0,208000,-391000,-183000
2013/04/11,0,104118,-159100,-54982
2013/04/12,0,217000,-58000,159000
2013/04/15,0,68876,-68000,876
2013/04/16,0,266850,-67000,199850
2013/04/17,0,430000,-451600,-21600
2013/04/18,0,51000,-186000,-135000
2013/04/19,0,132000,-329589,-197589
2013/04/22,0,186000,-173300,12700
2013/04/23,0,128000,-61000,67000
2013/04/24,0,186000,-69000,117000
2013/04/25,0,249000,-70800,178200
2013/04/26,0,291000,-67900,223100
2013/04/29,0,144000,-18000,126000
2013/04/30,0,427000,-26500,400500
2013/05/01,0,0,0,0
2013/05/02,0,267000,-60042,206958
2013/05/03,0,88000,-21000,67000
2013/05/06,0,141000,-6000,135000
2013/05/07,0,312000,-7020,304980
2013/05/08,0,450263,-83200,367063
2013/05/09,0,261676,-57726,203950
2013/05/10,0,333000,-17000,316000
2013/05/13,0,67000,-23300,43700
2013/05/14,0,193000,-94000,99000
2013/05/15,0,319000,-234116,84884
2013/05/16,0,570000,-114000,456000
2013/05/17,0,261000,-86928,174072
2013/05/20,0,285000,-40000,245000
2013/05/21,0,530000,-141812,388188
2013/05/22,0,1398000,-54000,1344000
2013/05/23,0,863000,-307000,556000
2013/05/24,0,431015,-110000,321015
2013/05/27,0,711155,-102000,609155
2013/05/28,0,421000,-293000,128000
2013/05/29,0,862000,-179800,682200
2013/05/30,0,460000,-552000,-92000
2013/05/31,0,6034534,-2921200,3113334
2013/06/03,0,790000,-744000,46000
2013/06/04,0,519000,-396000,123000
2013/06/05,0,301037,-237000,64037
2013/06/06,0,90589,-377000,-286411
2013/06/07,0,452638,-1064000,-611362
2013/06/10,0,102600,-116000,-13400
2013/06/11,0,235000,-341000,-106000
2013/06/12,0,0,0,0
2013/06/13,0,588584,-812000,-223416
2013/06/14,0,212000,-358000,-146000
2013/06/17,0,205000,-70299,134701
2013/06/18,0,226000,-330000,-104000
2013/06/19,0,192000,-233734,-41734
2013/06/20,0,395337,-349802,45535
2013/06/21,0,1896000,-735513,1160487
2013/06/24,0,223000,-535000,-312000
2013/06/25,0,205000,-468000,-263000
2013/06/26,0,902000,-255000,647000
2013/06/27,0,429000,-295000,134000
2013/06/28,0,877000,-294000,583000
2013/07/01,0,320000,-186000,134000
2013/07/02,0,230000,-198330,31670
2013/07/03,0,296000,-231000,65000
2013/07/04,0,235000,-14000,221000
2013/07/05,0,508000,-16000,492000
2013/07/08,0,225000,-200000,25000
2013/07/09,0,429000,-156000,273000
2013/07/10,0,331000,-128000,203000
2013/07/11,0,747000,-64000,683000
2013/07/12,0,433000,-26000,407000
2013/07/15,0,605453,-55000,550453
2013/07/16,0,898000,-157000,741000
2013/07/17,0,576000,-72000,504000
2013/07/18,0,842000,-33000,809000
2013/07/19,0,592998,-84000,508998
2013/07/22,0,333040,-75000,258040
2013/07/23,0,581000,-17000,564000
2013/07/24,0,219000,-50000,169000
2013/07/25,0,313728,-77000,236728
2013/07/26,0,255000,-26000,229000
2013/07/29,0,53000,-30000,23000
2013/07/30,0,545000,-65000,480000
2013/07/31,0,207000,-138945,68055
2013/08/01,0,81000,-86000,-5000
2013/08/02,0,134000,-54000,80000
2013/08/05,0,75000,-24000,51000
2013/08/06,0,41000,-291000,-250000
2013/08/07,0,141000,-187000,-46000
2013/08/08,0,28000,-384000,-356000
2013/08/09,0,82000,-344000,-262000
2013/08/12,0,14000,-39000,-25000
2013/08/13,0,176000,-39000,137000
2013/08/14,0,315825,-414000,-98175
2013/08/15,0,11000,-350846,-339846
2013/08/16,0,153896,-144000,9896
2013/08/19,0,44000,-144000,-100000
2013/08/20,0,240095,-335095,-95000
2013/08/21,0,0,0,0
2013/08/22,0,449095,-503000,-53905
2013/08/23,0,52000,-181000,-129000
2013/08/26,0,10000,-110000,-100000
2013/08/27,0,24000,-252000,-228000
2013/08/28,0,253000,-100000,153000
2013/08/29,0,312000,-190000,122000
2013/08/30,0,419000,-125000,294000
2013/09/02,0,118000,-77000,41000
2013/09/03,0,265000,-180453,84547
2013/09/04,0,279000,-29000,250000
2013/09/05,0,323908,-73000,250908
2013/09/06,0,301000,-73000,228000
2013/09/09,0,405000,-38000,367000
2013/09/10,0,408000,-160000,248000
2013/09/11,0,530000,-46474,483526
2013/09/12,0,381000,-53000,328000
2013/09/13,0,137000,-52000,85000
2013/09/16,0,466000,-9000,457000
2013/09/17,0,260000,-122000,138000
2013/09/18,0,181154,-82000,99154
2013/09/19,0,0,0,0
2013/09/20,0,0,0,0
2013/09/23,0,633000,-84000,549000
2013/09/24,0,276000,-208010,67990
2013/09/25,0,494000,-187000,307000
2013/09/26,0,272000,-121000,151000
2013/09/27,0,354000,-177481,176519
2013/09/30,0,562646,-581892,-19246
2013/10/01,0,374000,-263364,110636
2013/10/02,0,485000,-211922,273078
2013/10/03,0,682767,-39000,643767
2013/10/04,0,489000,-28000,461000
2013/10/07,0,194000,-109000,85000
2013/10/08,0,572000,-169000,403000
2013/10/09,0,160000,-194000,-34000
2013/10/10,0,0,0,0
2013/10/11,0,525000,-46000,479000
2013/10/14,0,507000,-62290,444710
2013/10/15,0,509000,-74000,435000
2013/10/16,0,400000,-15000,385000
2013/10/17,0,246000,-43000,203000
2013/10/18,0,604000,-36000,568000
2013/10/21,0,97000,-53000,44000
2013/10/22,0,96000,-242000,-146000
2013/10/23,0,601468,-382000,219468
2013/10/24,0,453000,-76000,377000
2013/10/25,0,290000,-182000,108000
2013/10/28,0,338000,-62000,276000
2013/10/29,0,705000,-200000,505000
2013/10/30,0,470271,-32000,438271
2013/10/31,0,457000,-626000,-169000
2013/11/01,0,49000,-28000,21000
2013/11/04,0,294000,-192000,102000
2013/11/05,0,53000,-241635,-188635
2013/11/06,0,407000,-185000,222000
2013/11/07,0,120000,-182000,-62000
2013/11/08,0,551000,-221000,330000
2013/11/11,0,59000,-172000,-113000
2013/11/12,0,157000,-120000,37000
2013/11/13,0,278489,-427000,-148511
2013/11/14,0,186000,-359000,-173000
2013/11/15,0,194000,-142000,52000
2013/11/18,0,58000,-78000,-20000
2013/11/19,0,28000,-21000,7000
2013/11/20,0,176000,-98276,77724
2013/11/21,0,364000,-316000,48000
2013/11/22,0,123000,-126000,-3000
2013/11/25,0,196000,-100000,96000
2013/11/26,0,610000,-336853,273147
2013/11/27,0,86000,-104000,-18000
2013/11/28,0,197000,-104000,93000
2013/11/29,0,260933,-108077,152856
2013/12/02,0,128000,-44000,84000
2013/12/03,0,82000,-74343,7657
2013/12/04,0,408000,-177000,231000
2013/12/05,0,178000,-108000,70000
2013/12/06,0,115000,-108000,7000
2013/12/09,0,478000,-222000,256000
2013/12/10,0,249000,-56000,193000
2013/12/11,0,638000,-122000,516000
2013/12/12,0,74000,-137626,-63626
2013/12/13,0,161000,-192000,-31000
2013/12/16,0,107001,-231000,-123999
2013/12/17,0,427000,-405000,22000
2013/12/18,0,143000,-217000,-74000
2013/12/19,0,220000,-184000,36000
2013/12/20,0,401154,-384000,17154
2013/12/23,0,202000,-241000,-39000
2013/12/24,0,205000,-182912,22088
2013/12/25,0,39000,-88000,-49000
2013/12/26,0,57000,-52000,5000
2013/12/27,0,348000,-318000,30000
2013/12/30,0,292000,-53000,239000
2013/12/31,0,327000,-45000,282000
2014/01/02,0,170000,-179000,-9000
2014/01/03,0,85000,-192000,-107000
2014/01/06,0,106000,-88030,17970
2014/01/07,0,141000,-123000,18000
2014/01/08,0,111000,-140000,-29000
2014/01/09,0,226000,-98000,128000
2014/01/10,0,289000,-196000,93000
2014/01/13,0,207000,-68000,139000
2014/01/14,0,258000,-134000,124000
2014/01/15,0,200000,-195000,5000
2014/01/16,0,75000,-202000,-127000
2014/01/17,0,44041,-240000,-195959
2014/01/20,0,84000,-209000,-125000
2014/01/21,0,43000,-108000,-65000
2014/01/22,0,146000,-264000,-118000
2014/01/23,0,107000,-175000,-68000
2014/01/24,0,265000,-166000,99000
2014/01/27,0,238000,-1062976,-824976
2014/02/05,0,816055,-1972000,-1155945
2014/02/06,0,241000,-969036,-728036
2014/02/07,0,106000,-625000,-519000
2014/02/10,0,30688,-396397,-365709
2014/02/11,0,48872,-576000,-527128
2014/02/12,0,151823,-228000,-76177
2014/02/13,0,58732,-425340,-366608
2014/02/14,0,385000,-424140,-39140
2014/02/17,0,90000,-83000,7000
2014/02/18,0,231000,-206000,25000
2014/02/19,0,211001,-240000,-28999
2014/02/20,0,86000,-257000,-171000
2014/02/21,0,261000,-221000,40000
2014/02/24,0,86000,-202484,-116484
2014/02/25,0,103219,-779733,-676514
2014/02/26,0,379000,-354802,24198
2014/02/27,0,270000,-708251,-438251
2014/03/03,0,238000,-521328,-283328
2014/03/04,0,73000,-502000,-429000
2014/03/05,0,62000,-357000,-295000
2014/03/06,0,132000,-301000,-169000
2014/03/07,0,213000,-286000,-73000
2014/03/10,0,123000,-142000,-19000
2014/03/11,0,55000,-231000,-176000
2014/03/12,0,145000,-273000,-128000
2014/03/13,0,78000,-400604,-322604
2014/03/14,0,260000,-384000,-124000
2014/03/17,0,68000,-50000,18000
2014/03/18,0,176736,-135000,41736
2014/03/19,0,23000,-116000,-93000
2014/03/20,0,16000,-378413,-362413
2014/03/21,0,235000,-350000,-115000
2014/03/24,0,92000,-11000,81000
2014/03/25,0,47000,-38000,9000
2014/03/26,0,100339,-190000,-89661
2014/03/27,0,166000,-65000,101000
2014/03/28,0,356000,-201000,155000
2014/03/31,0,180000,-131193,48807
2014/04/01,0,268475,-232261,36214
2014/04/02,0,92000,-135000,-43000
2014/04/03,0,198000,-197000,1000
2014/04/07,0,559000,-481000,78000
2014/04/08,0,204000,-310000,-106000
2014/04/09,0,717000,-497367,219633
2014/04/10,0,712000,-267000,445000
2014/04/11,0,411000,-473000,-62000
2014/04/14,0,272000,-179000,93000
2014/04/15,0,133000,-195000,-62000
2014/04/16,0,404000,-506000,-102000
2014/04/17,0,201000,-529000,-328000
2014/04/18,0,45000,-169755,-124755
2014/04/21,0,54000,-270000,-216000
2014/04/22,0,50000,-312000,-262000
2014/04/23,0,197000,-199000,-2000
2014/04/24,0,104000,-546000,-442000
2014/04/25,0,76000,-432000,-356000
2014/04/28,0,224000,-281000,-57000
2014/04/29,0,211000,-179000,32000
2014/04/30,0,524000,-646239,-122239
2014/05/02,0,266679,-463000,-196321
2014/05/05,0,72000,-221000,-149000
2014/05/06,0,45000,-211000,-166000
2014/05/07,0,103000,-888000,-785000
2014/05/08,0,190000,-408000,-218000
2014/05/09,0,252000,-363210,-111210
2014/05/12,0,108000,-674000,-566000
2014/05/13,0,292341,-237000,55341
2014/05/14,0,408000,-371000,37000
2014/05/15,0,425000,-1509000,-1084000
2014/05/16,0,248000,-2464295,-2216295
2014/05/19,0,236000,-2340991,-2104991
2014/05/20,0,422000,-1899927,-1477927
2014/05/21,0,300000,-1094029,-794029
2014/05/22,0,469000,-3523000,-3054000
2014/05/23,0,1467000,-2715000,-1248000
2014/05/26,0,227000,-1311100,-1084100
2014/05/27,0,742300,-2130946,-1388646
2014/05/28,0,1109000,-2161431,-1052431
2014/05/29,0,1034000,-3826897,-2792897
2014/05/30,0,24394404,-33407387,-9012983
2014/06/03,0,1821000,-5673602,-3852602
2014/06/04,0,251755,-2630410,-2378655
2014/06/05,0,472000,-5379000,-4907000
2014/06/06,0,181000,-1867580,-1686580
2014/06/09,0,162000,-789500,-627500
2014/06/10,0,119889,-936000,-816111
2014/06/11,0,72000,-1079776,-1007776
2014/06/12,0,520000,-1104000,-584000
2014/06/13,0,44000,-1773289,-1729289
2014/06/16,0,326000,-1304000,-978000
2014/06/17,0,125000,-1094630,-969630
2014/06/18,0,394000,-243266,150734
2014/06/19,0,69000,-404600,-335600
2014/06/20,0,257100,-447000,-189900
2014/06/23,0,97000,-264000,-167000
2014/06/24,0,274000,-1471267,-1197267
2014/06/25,0,401000,-1744000,-1343000
2014/06/26,0,264000,-172000,92000
2014/06/27,0,289624,-423000,-133376
2014/06/30,0,119000,-478000,-359000
2014/07/01,0,204000,-129000,75000
2014/07/02,0,242000,-569000,-327000
2014/07/03,0,43000,-261000,-218000
2014/07/04,0,143000,-396000,-253000
2014/07/07,0,437000,-67000,370000
2014/07/08,0,92000,-39500,52500
2014/07/09,0,71000,-267000,-196000
2014/07/10,0,304000,-164000,140000
2014/07/11,0,190000,-226000,-36000
2014/07/14,0,71000,-123000,-52000
2014/07/15,0,115117,-262000,-146883
2014/07/16,0,138000,-338000,-200000
2014/07/17,0,100000,-121000,-21000
2014/07/18,0,62000,-160000,-98000
2014/07/21,0,177000,-172000,5000
2014/07/22,0,317000,-489000,-172000
2014/07/23,0,0,0,0
2014/07/24,0,113110,-171690,-58580
2014/07/25,0,217000,-66000,151000
2014/07/28,0,409000,-98000,311000
2014/07/29,0,325000,-93000,232000
2014/07/30,0,276000,-295000,-19000
2014/07/31,0,321000,-48511,272489
2014/08/01,0,117000,-95000,22000
2014/08/04,0,172000,-173000,-1000
2014/08/05,0,93000,-338000,-245000
2014/08/06,0,172000,-40780,131220
2014/08/07,0,210000,-111000,99000
2014/08/08,0,651000,-151000,500000
2014/08/11,0,225000,-69000,156000
2014/08/12,0,316363,-104000,212363
2014/08/13,0,209000,-208000,1000
2014/08/14,0,314000,-225000,89000
2014/08/15,0,140000,-32000,108000
2014/08/18,0,96000,-20000,76000
2014/08/19,0,502000,-120000,382000
2014/08/20,0,320000,-70000,250000
2014/08/21,0,592000,-115000,477000
2014/08/22,0,877000,-280000,597000
2014/08/25,0,182000,-16000,166000
2014/08/26,0,225000,-249000,-24000
2014/08/27,0,673000,-25000,648000
2014/08/28,0,262000,-15000,247000
2014/08/29,0,521000,-305000,216000
2014/09/01,0,181000,-32000,149000
2014/09/02,0,254000,-90000,164000
2014/09/03,0,157000,-162650,-5650
2014/09/04,0,271000,-31063,239937
2014/09/05,0,166000,-68000,98000
2014/09/09,0,118000,-16000,102000
2014/09/10,0,100000,-41000,59000
2014/09/11,0,93000,-37000,56000
2014/09/12,0,276000,-139000,137000
2014/09/15,0,115000,-6000,109000
2014/09/16,0,58000,-45000,13000
2014/09/17,0,203000,-495000,-292000
2014/09/18,0,211000,-117000,94000
2014/09/19,0,318000,-71000,247000
2014/09/22,0,119000,-89000,30000
2014/09/23,0,115000,-24000,91000
2014/09/24,0,212000,-79000,133000
2014/09/25,0,137000,-124000,13000
2014/09/26,0,91000,-69000,22000
2014/09/29,0,32000,-20000,12000
2014/09/30,0,125000,-256000,-131000
2014/10/01,0,83760,-87597,-3837
2014/10/02,0,25000,-101000,-76000
2014/10/03,0,15000,-52000,-37000
2014/10/06,0,6000,-76000,-70000
2014/10/07,0,56000,-134000,-78000
2014/10/08,0,63000,-188000,-125000
2014/10/09,0,14000,-78000,-64000
2014/10/13,0,71000,-72000,-1000
2014/10/14,0,32000,-203000,-171000
2014/10/15,0,42000,-177000,-135000
2014/10/16,0,53000,-212000,-159000
2014/10/17,0,347000,-1640000,-1293000
2014/10/20,0,169600,-389000,-219400
2014/10/21,0,49000,-153000,-104000
2014/10/22,0,57000,-237000,-180000
2014/10/23,0,35000,-212000,-177000
2014/10/24,0,54000,-470000,-416000
2014/10/27,0,40000,-253049,-213049
2014/10/28,0,327000,-614000,-287000
2014/10/29,0,85000,-112000,-27000
2014/10/30,0,13000,-194600,-181600
2014/10/31,0,72743,-91000,-18257
2014/11/03,0,63670,-405000,-341330
2014/11/04,0,45000,-255922,-210922
2014/11/05,0,277000,-248000,29000
2014/11/06,0,28000,-367000,-339000
2014/11/07,0,17000,-145665,-128665
2014/11/10,0,36000,-65000,-29000
2014/11/11,0,76000,-148000,-72000
2014/11/12,0,40000,-190000,-150000
2014/11/13,0,18000,-71000,-53000
2014/11/14,0,37000,-221000,-184000
2014/11/17,0,66000,-176000,-110000
2014/11/18,0,193000,-86000,107000
2014/11/19,0,48000,-102000,-54000
2014/11/20,0,73000,-51000,22000
2014/11/21,0,46000,-62000,-16000
2014/11/24,0,143000,-94000,49000
2014/11/25,0,229000,-186000,43000
2014/11/26,0,113000,-93017,19983
2014/11/27,0,91000,-180000,-89000
2014/11/28,0,114000,-126000,-12000
2014/12/01,0,30000,-174000,-144000
2014/12/02,0,173000,-518000,-345000
2014/12/03,0,35000,-133000,-98000
2014/12/04,0,10000,-169000,-159000
2014/12/05,0,58000,-303000,-245000
2014/12/08,0,39000,-397000,-358000
2014/12/09,0,89000,-142000,-53000
2014/12/10,0,11000,-100000,-89000
2014/12/11,0,32000,-97000,-65000
2014/12/12,0,46000,-123000,-77000
2014/12/15,0,65000,-175000,-110000
2014/12/16,0,243000,-263000,-20000
2014/12/17,0,86000,-249943,-163943
2014/12/18,0,92000,-326000,-234000
2014/12/19,0,92000,-189000,-97000
2014/12/22,0,15000,-136000,-121000
2014/12/23,0,68000,-168000,-100000
2014/12/24,0,82000,-116596,-34596
2014/12/25,0,15000,-36000,-21000
2014/12/26,0,14000,-29000,-15000
2014/12/29,0,86000,-159000,-73000
2014/12/30,0,18000,-140000,-122000
2014/12/31,0,66838,-111617,-44779
2015/01/01,0,0,0,0
2015/01/02,0,0,0,0
2015/01/05,0,165000,-350000,-185000
2015/01/06,0,90000,-251000,-161000
2015/01/07,0,124000,-200180,-76180
2015/01/08,0,61000,-68000,-7000
2015/01/09,0,83000,-103000,-20000
2015/01/12,0,11000,-24000,-13000
2015/01/13,0,36000,-50000,-14000
2015/01/14,0,70000,-68000,2000
2015/01/15,0,6000,-188205,-182205
2015/01/16,0,3000,-156097,-153097
2015/01/19,0,8000,-36000,-28000
2015/01/20,0,45000,-79000,-34000
2015/01/21,0,143000,-64000,79000
2015/01/22,0,126000,-230012,-104012
2015/01/23,0,15000,-49000,-34000
2015/01/26,0,11000,-146692,-135692
2015/01/27,0,24000,-197000,-173000
2015/01/28,0,6000,-148056,-142056
2015/01/29,0,34000,-19000,15000
2015/01/30,0,16000,-74000,-58000
2015/02/02,0,51000,-56000,-5000
2015/02/03,0,33000,-75000,-42000
2015/02/04,0,78364,-32000,46364
2015/02/05,0,6000,-42000,-36000
2015/02/06,0,40000,-94000,-54000
2015/02/09,0,0,-21000,-21000
2015/02/10,0,163000,-120000,43000
2015/02/11,0,12000,-36000,-24000
2015/02/12,0,19000,-55000,-36000
2015/02/13,0,35000,-85000,-50000
2015/02/16,0,0,0,0
2015/02/17,0,0,0,0
2015/02/18,0,0,0,0
2015/02/19,0,0,0,0
2015/02/20,0,0,0,0
2015/02/23,0,0,0,0
2015/02/24,0,97560,-146000,-48440
2015/02/25,0,12000,-235000,-223000
2015/02/26,0,6000,-157000,-151000
2015/02/27,0,0,0,0
2015/03/02,0,19000,-90000,-71000
2015/03/03,0,7000,-64000,-57000
2015/03/04,0,106000,-175000,-69000
2015/03/05,0,111000,-161000,-50000
2015/03/06,0,73000,-133000,-60000
2015/03/09,0,19000,-25000,-6000
2015/03/10,0,121000,-143000,-22000
2015/03/11,0,111000,-233000,-122000
2015/03/12,0,181000,-133000,48000
2015/03/13,0,149000,-51000,98000
2015/03/16,0,78000,-172070,-94070
2015/03/17,0,38000,-425000,-387000
2015/03/18,0,102000,-906540,-804540
2015/03/19,0,265000,-1368000,-1103000
2015/03/20,0,1625000,-3202271,-1577271
2015/03/23,0,381000,-237000,144000
2015/03/24,0,76000,-210088,-134088
2015/03/25,0,47000,-153000,-106000
2015/03/26,0,239000,-157000,82000
2015/03/27,0,150000,-163000,-13000
2015/03/30,0,112000,-28000,84000
2015/03/31,0,100000,-98000,2000
2015/04/01,0,29000,-27000,2000
2015/04/02,0,121000,-11000,110000
2015/04/03,0,0,0,0
2015/04/06,0,0,0,0
2015/04/07,0,90000,-6000,84000
2015/04/08,0,138000,-96000,42000
2015/04/09,0,75000,-61000,14000
2015/04/10,0,24000,-99000,-75000
2015/04/13,0,76000,-30000,46000
2015/04/14,0,67000,-18000,49000
2015/04/15,0,99000,-174000,-75000
2015/04/16,0,35000,-113000,-78000
2015/04/17,0,148000,-62000,86000
2015/04/20,0,43000,-116988,-73988
2015/04/21,0,60000,-46000,14000
2015/04/22,0,49000,-39000,10000
2015/04/23,0,181000,-125795,55205
2015/04/24,0,255000,-37000,218000
2015/04/27,0,182001,-31000,151001
2015/04/28,0,198000,-11000,187000
2015/04/29,0,355000,-23000,332000
2015/04/30,0,378000,-34000,344000
2015/05/01,0,0,0,0
2015/05/04,0,18000,-19000,-1000
2015/05/05,0,157000,-38000,119000
2015/05/06,0,181000,-7000,174000
2015/05/07,0,172000,-47000,125000
2015/05/08,0,59000,-84000,-25000
2015/05/11,0,211000,-32000,179000
2015/05/12,0,124000,-14000,110000
2015/05/13,0,40000,-17000,23000
2015/05/14,0,40000,-47000,-7000
2015/05/15,0,51000,-15000,36000
2015/05/18,0,68000,-87000,-19000
2015/05/19,0,30000,-100000,-70000
2015/05/20,0,132000,-95000,37000
2015/05/21,0,170000,-181000,-11000
2015/05/22,0,111000,-91000,20000
2015/05/25,0,42000,-107000,-65000
2015/05/26,0,21000,-18000,3000
2015/05/27,0,67000,-154000,-87000
2015/05/28,0,78000,-138000,-60000
2015/05/29,0,191000,-274000,-83000
2015/06/01,0,20000,-78000,-58000
2015/06/02,0,60000,-56000,4000
2015/06/03,0,8000,-201000,-193000
2015/06/04,0,75000,-177000,-102000
2015/06/05,0,6000,-248000,-242000
2015/06/08,0,70000,-80000,-10000
2015/06/09,0,25000,-114000,-89000
2015/06/10,0,68000,-95000,-27000
2015/06/11,0,0,-121000,-121000
2015/06/12,0,37000,-70000,-33000
2015/06/15,0,6000,-45000,-39000
2015/06/16,0,39000,-124000,-85000
2015/06/17,0,140000,-510000,-370000
2015/06/18,0,80000,-98000,-18000
2015/06/19,0,0,0,0
2015/06/22,0,80000,-112140,-32140
2015/06/23,0,6000,-34000,-28000
2015/06/24,0,0,-80000,-80000
2015/06/25,0,14000,-87000,-73000
2015/06/26,0,53633,-159000,-105367
2015/06/29,0,43000,-138000,-95000
2015/06/30,0,708510,-67000,641510
2015/07/01,0,6000,-22000,-16000
2015/07/02,0,41000,-83000,-42000
2015/07/03,0,94000,-122000,-28000
2015/07/06,0,0,-73000,-73000
2015/07/07,0,72000,-54000,18000
2015/07/08,0,1454000,-131000,1323000
2015/07/09,0,118000,-51000,67000
2015/07/10,0,0,0,0
2015/07/13,0,15000,-91000,-76000
2015/07/14,0,7000,-125000,-118000
2015/07/15,0,53000,-121000,-68000
2015/07/16,0,54000,-37750,16250
2015/07/17,0,24000,-58000,-34000
2015/07/20,0,20000,-57000,-37000
2015/07/21,0,26000,-71000,-45000
2015/07/22,0,2000,-66000,-64000
2015/07/23,0,56000,-109000,-53000
2015/07/24,0,6000,-28000,-22000
2015/07/27,0,35000,-51000,-16000
2015/07/28,0,157000,-146000,11000
2015/07/29,0,73000,-43423,29577
2015/07/30,0,55000,-57000,-2000
2015/07/31,0,220000,-58000,162000
2015/08/03,0,34000,-92000,-58000
2015/08/04,0,101000,-33000,68000
2015/08/05,0,43000,-48000,-5000
2015/08/06,0,16000,-10000,6000
2015/08/07,0,56000,-52000,4000
2015/08/10,0,26000,-7000,19000
2015/08/11,0,67635,-141000,-73365
2015/08/12,0,48000,-32000,16000
2015/08/13,0,131000,-132000,-1000
2015/08/14,0,16000,-7000,9000
2015/08/17,0,51000,-40000,11000
2015/08/18,0,28000,-59000,-31000
2015/08/19,0,34000,-234000,-200000
2015/08/20,0,14000,-277000,-263000
2015/08/21,0,60000,-411000,-351000
2015/08/24,0,128000,-477000,-349000
2015/08/25,0,165000,-146000,19000
2015/08/26,0,120000,-327000,-207000
2015/08/27,0,413000,-370000,43000
2015/08/28,0,179000,-215000,-36000
2015/08/31,0,74000,-339250,-265250
2015/09/01,0,174000,-211000,-37000
2015/09/02,0,96000,-313000,-217000
2015/09/03,0,242000,-143000,99000
2015/09/04,0,95000,-208000,-113000
2015/09/07,0,89000,-22000,67000
2015/09/08,0,227000,-185000,42000
2015/09/09,0,110000,-46000,64000
2015/09/10,0,180000,-7000,173000
2015/09/11,0,94000,-86000,8000
2015/09/14,0,46000,-57000,-11000
2015/09/15,0,35000,-45000,-10000
2015/09/16,0,30000,-68700,-38700
2015/09/17,0,44000,-45000,-1000
2015/09/18,0,167000,-232290,-65290
2015/09/21,0,59000,-207000,-148000
2015/09/22,0,23000,-35000,-12000
2015/09/23,0,9000,-49000,-40000
2015/09/24,0,59000,-138811,-79811
2015/09/25,0,20000,-101307,-81307
2015/09/28,0,0,0,0
2015/09/29,0,0,0,0
2015/09/30,0,224000,-211722,12278
2015/10/01,0,193000,-64672,128328
2015/10/02,0,119000,-29202,89798
2015/10/05,0,101000,-93127,7873
2015/10/06,0,63000,-103000,-40000
2015/10/07,0,31000,-81000,-50000
2015/10/08,0,95000,-99000,-4000
2015/10/09,0,0,0,0
2015/10/12,0,285000,-93000,192000
2015/10/13,0,89000,-88000,1000
2015/10/14,0,179000,-203000,-24000
2015/10/15,0,141000,-62000,79000
2015/10/16,0,1148000,-946000,202000
2015/10/19,0,165000,-48000,117000
2015/10/20,0,134000,-68000,66000
2015/10/21,0,97000,-57000,40000
2015/10/22,0,32000,-92527,-60527
2015/10/23,0,15000,-62000,-47000
2015/10/26,0,33000,-37000,-4000
2015/10/27,0,6000,-24000,-18000
2015/10/28,0,17000,-99000,-82000
2015/10/29,0,35496,-123000,-87504
2015/10/30,0,22000,-82096,-60096
2015/11/02,0,44000,-28000,16000
2015/11/03,0,44000,-38000,6000
2015/11/04,0,140000,-67000,73000
2015/11/05,0,73000,-24000,49000
2015/11/06,0,53000,-30246,22754
2015/11/09,0,123000,-51000,72000
2015/11/10,0,52000,-39000,13000
2015/11/11,0,30000,-43000,-13000
2015/11/12,0,27000,-20000,7000
2015/11/13,0,55000,-32000,23000
2015/11/16,0,12000,-35000,-23000
2015/11/17,0,29000,-13000,16000
2015/11/18,0,36000,-87496,-51496
2015/11/19,0,106000,-145000,-39000
2015/11/20,0,24000,-36000,-12000
2015/11/23,0,61000,-32000,29000
2015/11/24,0,69000,-88000,-19000
2015/11/25,0,22000,-78000,-56000
2015/11/26,0,25000,-33000,-8000
2015/11/27,0,11000,-27000,-16000
2015/11/30,0,104000,-323949,-219949
2015/12/01,0,33000,-77249,-44249
2015/12/02,0,92000,-60000,32000
2015/12/03,0,46000,-16000,30000
2015/12/04,0,39000,-76000,-37000
2015/12/07,0,28000,-16000,12000
2015/12/08,0,53000,-49000,4000
2015/12/09,0,29000,-56000,-27000
2015/12/10,0,27000,-170000,-143000
2015/12/11,0,35000,-94000,-59000
2015/12/14,0,32000,-125303,-93303
2015/12/15,0,154000,-35000,119000
2015/12/16,0,121000,-44000,77000
2015/12/17,0,101000,-84000,17000
2015/12/18,0,756000,-26000,730000
2015/12/21,0,71000,-142000,-71000
2015/12/22,0,56000,-183000,-127000
2015/12/23,0,24000,-34000,-10000
2015/12/24,0,31403,-12000,19403
2015/12/25,0,4000,-1000,3000
2015/12/28,0,41000,-36000,5000
2015/12/29,0,64000,-34000,30000
2015/12/30,0,57000,-26000,31000
2015/12/31,0,4000,-1000,3000
2016/01/01,0,0,0,0
2016/01/04,0,16000,-41000,-25000
2016/01/05,0,54000,-129000,-75000
2016/01/06,0,34000,-31000,3000
2016/01/07,0,34000,-91000,-57000
2016/01/08,0,53000,-72000,-19000
2016/01/11,0,28000,-101000,-73000
2016/01/12,0,8000,-47000,-39000
2016/01/13,0,19000,-132000,-113000
2016/01/14,0,13000,-31000,-18000
2016/01/15,0,121000,-27000,94000
2016/01/18,0,50000,-21000,29000
2016/01/19,0,39000,-12000,27000
2016/01/20,0,19000,-20000,-1000
2016/01/21,0,100000,-104000,-4000
2016/01/22,0,109000,-40000,69000
2016/01/25,0,27000,-43000,-16000
2016/01/26,0,1000,-28000,-27000
2016/01/27,0,6000,-26000,-20000
2016/01/28,0,15000,-13000,2000
2016/01/29,0,31000,-38000,-7000
2016/02/01,0,81000,-59000,22000
2016/02/02,0,29000,-123000,-94000
2016/02/03,0,37000,-157000,-120000
2016/02/04,0,0,0,0
2016/02/05,0,0,0,0
2016/02/08,0,0,0,0
2016/02/09,0,0,0,0
2016/02/10,0,0,0,0
2016/02/11,0,0,0,0
2016/02/12,0,0,0,0
2016/02/15,0,17000,-66000,-49000
2016/02/16,0,107000,-507000,-400000
2016/02/17,0,90000,-30000,60000
2016/02/18,0,85000,-52000,33000
2016/02/19,0,55000,-21000,34000
2016/02/22,0,30000,-89000,-59000
2016/02/23,0,44000,-71000,-27000
2016/02/24,0,20000,-58000,-38000
2016/02/25,0,36000,-25000,11000
2016/02/26,0,83000,-86000,-3000
2016/02/29,0,0,0,0
2016/03/01,0,20000,-58000,-38000
2016/03/02,0,24000,-22000,2000
2016/03/03,0,78000,-15000,63000
2016/03/04,0,73000,-54000,19000
2016/03/07,0,64000,-91000,-27000
2016/03/08,0,47000,-95000,-48000
2016/03/09,0,41000,-35000,6000
2016/03/10,0,145000,-17000,128000
2016/03/11,0,216000,-56000,160000
2016/03/14,0,189000,-50000,139000
2016/03/15,0,222000,-42000,180000
2016/03/16,0,114000,-24000,90000
2016/03/17,0,176153,-28000,148153
2016/03/18,0,266700,-264671,2029
2016/03/21,0,105000,-55000,50000
2016/03/22,0,337000,-120000,217000
2016/03/23,0,241238,-46000,195238
2016/03/24,0,261000,-22000,239000
2016/03/25,0,46000,-6000,40000
2016/03/28,0,140000,-9000,131000
2016/03/29,0,397000,-61000,336000
2016/03/30,0,296000,-87000,209000
2016/03/31,0,203000,-51712,151288
2016/04/01,0,21000,-24000,-3000
2016/04/04,0,0,0,0
2016/04/05,0,0,0,0
2016/04/06,0,210000,-40000,170000
2016/04/07,0,139000,-192700,-53700
2016/04/08,0,275000,-20000,255000
2016/04/11,0,80000,-97000,-17000
2016/04/12,0,141000,-96000,45000
2016/04/13,0,318426,-7000,311426
2016/04/14,0,191000,-130000,61000
2016/04/15,0,173000,-90000,83000
2016/04/18,0,154000,-10000,144000
2016/04/19,0,452000,-56000,396000
2016/04/20,0,463132,-187000,276132
2016/04/21,0,484000,-175000,309000
2016/04/22,0,330000,-158000,172000
2016/04/25,0,152000,-39000,113000
2016/04/26,0,962000,-19000,943000
2016/04/27,0,424000,-57000,367000
2016/04/28,0,418314,-200000,218314
2016/04/29,0,608000,-217000,391000
2016/05/02,0,0,0,0
2016/05/03,0,721000,-122000,599000
2016/05/04,0,491989,-421000,70989
2016/05/05,0,328000,-96000,232000
2016/05/06,0,585000,-153000,432000
2016/05/09,0,438000,-116000,322000
2016/05/10,0,553000,-250000,303000
2016/05/11,0,279000,-175000,104000
2016/05/12,0,527000,-274000,253000
2016/05/13,0,295000,-589000,-294000
2016/05/16,0,161000,-198000,-37000
2016/05/17,0,360000,-365000,-5000
2016/05/18,0,600000,-213000,387000
2016/05/19,0,134000,-470000,-336000
2016/05/20,0,160666,-138000,22666
2016/05/23,0,122000,-241000,-119000
2016/05/24,0,228000,-354000,-126000
2016/05/25,0,231000,-149000,82000
2016/05/26,0,129000,-162000,-33000
2016/05/27,0,238545,-156000,82545
2016/05/30,0,188000,-132000,56000
2016/05/31,0,471000,-258000,213000
2016/06/01,0,1224000,-829000,395000
2016/06/02,0,275000,-285000,-10000
2016/06/03,0,80000,-244000,-164000
2016/06/06,0,139000,-112000,27000
2016/06/07,0,209000,-187000,22000
2016/06/08,0,187000,-317000,-130000
2016/06/09,0,0,0,0
2016/06/10,0,0,0,0
2016/06/13,0,124000,-259747,-135747
2016/06/14,0,108000,-99000,9000
2016/06/15,0,52000,-138000,-86000
2016/06/16,0,31000,-241000,-210000
2016/06/17,0,102000,-82000,20000
2016/06/20,0,38000,-166000,-128000
2016/06/21,0,343000,-161000,182000
2016/06/22,0,43000,-345000,-302000
2016/06/23,0,24000,-134000,-110000
2016/06/24,0,85000,-398000,-313000
2016/06/27,0,58000,-114677,-56677
2016/06/28,0,79000,-241000,-162000
2016/06/29,0,65000,-105000,-40000
2016/06/30,0,147000,-343000,-196000
2016/07/01,0,135000,-64000,71000
2016/07/04,0,289000,-107000,182000
2016/07/05,0,221000,-101000,120000
2016/07/06,0,95000,-138000,-43000
2016/07/07,0,62000,-144000,-82000
2016/07/08,0,0,0,0
2016/07/11,0,103000,-107000,-4000
2016/07/12,0,187000,-106000,81000
2016/07/13,0,207000,-78000,129000
2016/07/14,0,180000,-98000,82000
2016/07/15,0,155253,-81000,74253
2016/07/18,0,149000,-91000,58000
2016/07/19,0,187256,-97000,90256
2016/07/20,0,150000,-151854,-1854
2016/07/21,0,173000,-50000,123000
2016/07/22,0,202000,-101000,101000
2016/07/25,0,161000,-66000,95000
2016/07/26,0,110000,-21000,89000
2016/07/27,0,122000,-34000,88000
2016/07/28,0,121000,-23000,98000
2016/07/29,0,185000,-52000,133000
2016/08/01,0,108000,-63000,45000
2016/08/02,0,69000,-81000,-12000
2016/08/03,0,24000,-117000,-93000
2016/08/04,0,77000,-112000,-35000
2016/08/05,0,104000,-98000,6000
2016/08/08,0,62000,-65000,-3000
2016/08/09,0,68000,-37000,31000
2016/08/10,0,86000,-70000,16000
2016/08/11,0,126000,-142000,-16000
2016/08/12,0,96000,-49000,47000
2016/08/15,0,88000,-149285,-61285
2016/08/16,0,224000,-120000,104000
2016/08/17,0,209357,-114000,95357
2016/08/18,0,18000,-134000,-116000
2016/08/19,0,52000,-76414,-24414
2016/08/22,0,64000,-204000,-140000
2016/08/23,0,38000,-96000,-58000
2016/08/24,0,21000,-78000,-57000
2016/08/25,0,70000,-67000,3000
2016/08/26,0,30000,-123000,-93000
2016/08/29,0,28000,-58000,-30000
2016/08/30,0,23000,-38000,-15000
2016/08/31,0,197000,-405000,-208000
2016/09/01,0,79000,-83000,-4000
2016/09/02,0,45000,-182000,-137000
2016/09/05,0,55000,-222000,-167000
2016/09/06,0,91000,-143000,-52000
2016/09/07,0,65000,-67000,-2000
2016/09/08,0,96000,-259000,-163000
2016/09/09,0,83000,-11000,72000
2016/09/12,0,10000,-75000,-65000
2016/09/13,0,21000,-160000,-139000
2016/09/14,0,264341,-147000,117341
2016/09/15,0,0,0,0
2016/09/16,0,0,0,0
2016/09/19,0,134421,-124000,10421
2016/09/20,0,3000,-39253,-36253
2016/09/21,0,164000,-119000,45000
2016/09/22,0,37000,-33000,4000
2016/09/23,0,145000,-210666,-65666
2016/09/26,0,67000,-216000,-149000
2016/09/27,0,0,0,0
2016/09/28,0,0,0,0
2016/09/29,0,120000,-72000,48000
2016/09/30,0,129000,-158000,-29000
2016/10/03,0,50000,-98000,-48000
2016/10/04,0,120000,-27742,92258
2016/10/05,0,134000,-88000,46000
2016/10/06,0,105000,-91000,14000
2016/10/07,0,11000,-13000,-2000
2016/10/10,0,0,0,0
2016/10/11,0,156146,-131000,25146
2016/10/12,0,82000,-27000,55000
2016/10/13,0,97000,-56000,41000
2016/10/14,0,72069,-35000,37069
2016/10/17,0,42000,-21000,21000
2016/10/18,0,126000,-251000,-125000
2016/10/19,0,120000,-34000,86000
2016/10/20,0,110000,-195000,-85000
2016/10/21,0,475000,-133000,342000
2016/10/24,0,68000,-21000,47000
2016/10/25,0,28000,-59000,-31000
2016/10/26,0,82000,-165000,-83000
2016/10/27,0,97000,-191000,-94000
2016/10/28,0,4000,-33000,-29000
2016/10/31,0,19000,-25000,-6000
2016/11/01,0,69000,-87000,-18000
2016/11/02,0,90000,-14000,76000
2016/11/03,0,149000,-54000,95000
2016/11/04,0,136000,-154000,-18000
2016/11/07,0,64000,-98000,-34000
2016/11/08,0,58000,-25000,33000
2016/11/09,0,123000,-77000,46000
2016/11/10,0,126000,0,126000
2016/11/11,0,101000,-57000,44000
2016/11/14,0,478000,-3000,475000
2016/11/15,0,510000,-142000,368000
2016/11/16,0,260000,-138000,122000
2016/11/17,0,254000,-19000,235000
2016/11/18,0,426000,-334000,92000
2016/11/21,0,218000,-46000,172000
2016/11/22,0,505000,-303000,202000
2016/11/23,0,292000,-68000,224000
2016/11/24,0,16000,-15000,1000
2016/11/25,0,55000,-27000,28000
2016/11/28,0,32000,-25000,7000
2016/11/29,0,71000,-36000,35000
2016/11/30,0,523000,-225000,298000
2016/12/01,0,11000,-76000,-65000
2016/12/02,0,9000,-8000,1000
2016/12/05,0,26000,-39000,-13000
2016/12/06,0,48000,-34000,14000
2016/12/07,0,96000,-3000,93000
2016/12/08,0,146000,-7000,139000
2016/12/09,0,38000,-75665,-37665
2016/12/12,0,40000,-16000,24000
2016/12/13,0,145000,-79000,66000
2016/12/14,0,113000,-114000,-1000
2016/12/15,0,71000,-72000,-1000
2016/12/16,0,215000,-144784,70216
2016/12/19,0,73000,-57000,16000
2016/12/20,0,74000,-159000,-85000
2016/12/21,0,74000,-96000,-22000
2016/12/22,0,37000,-52000,-15000
2016/12/23,0,66000,-40000,26000
2016/12/26,0,6000,-14000,-8000
2016/12/27,0,31000,-36000,-5000
2016/12/28,0,38000,-19000,19000
2016/12/29,0,11000,-8342,2658
2016/12/30,0,154000,-48000,106000
2017/01/02,0,0,0,0
2017/01/03,0,34000,-6000,28000
2017/01/04,0,52000,-35000,17000
2017/01/05,0,102000,-10000,92000
2017/01/06,0,136000,-61000,75000
2017/01/09,0,71000,-8000,63000
2017/01/10,0,268000,-90000,178000
2017/01/11,0,189000,-19000,170000
2017/01/12,0,222000,-40000,182000
2017/01/13,0,34697,-5000,29697
2017/01/16,0,15000,-86000,-71000
2017/01/17,0,97995,-63000,34995
2017/01/18,0,174000,-123012,50988
2017/01/19,0,56697,-86912,-30215
2017/01/20,0,93000,-166000,-73000
2017/01/23,0,52000,-6000,46000
2017/01/24,0,137000,-35000,102000
2017/01/25,0,0,0,0
2017/01/26,0,0,0,0
2017/01/27,0,0,0,0
2017/01/30,0,0,0,0
2017/01/31,0,0,0,0
2017/02/01,0,0,0,0
2017/02/02,0,228812,-145044,83768
2017/02/03,0,180000,-206000,-26000
2017/02/06,0,168000,-67000,101000
2017/02/07,0,149000,-75000,74000
2017/02/08,0,164000,-228000,-64000
2017/02/09,0,54000,-97000,-43000
2017/02/10,0,54000,-170000,-116000
2017/02/13,0,71000,-55000,16000
2017/02/14,0,165000,-247673,-82673
2017/02/15,0,348000,-89000,259000
2017/02/16,0,224000,-239000,-15000
2017/02/17,0,116000,-188000,-72000
2017/02/20,0,73000,-115000,-42000
2017/02/21,0,86000,-29000,57000
2017/02/22,0,145697,-130000,15697
2017/02/23,0,91000,-139000,-48000
2017/02/24,0,876000,-219000,657000
2017/02/27,0,0,0,0
2017/02/28,0,0,0,0
2017/03/01,0,74000,-186000,-112000
2017/03/02,0,19000,-115000,-96000
2017/03/03,0,23000,-128769,-105769
2017/03/06,0,68000,-80000,-12000
2017/03/07,0,88000,-112000,-24000
2017/03/08,0,22000,-97000,-75000
2017/03/09,0,45697,-173000,-127303
2017/03/10,0,44000,-264000,-220000
2017/03/13,0,48000,-49000,-1000
2017/03/14,0,81394,-169000,-87606
2017/03/15,0,49000,-102000,-53000
2017/03/16,0,100000,-52000,48000
2017/03/17,0,338172,-106969,231203
2017/03/20,0,73000,-28000,45000
2017/03/21,0,239000,-98000,141000
2017/03/22,0,124000,-204231,-80231
2017/03/23,0,46000,-45000,1000
2017/03/24,0,76000,-121000,-45000
2017/03/27,0,71000,-57000,14000
2017/03/28,0,192000,-177000,15000
2017/03/29,0,69000,-218000,-149000
2017/03/30,0,24000,-73000,-49000
2017/03/31,0,66000,-193000,-127000
2017/04/03,0,0,0,0
2017/04/04,0,0,0,0
2017/04/05,0,142000,-131000,11000
2017/04/06,0,19000,-164000,-145000
2017/04/07,0,67000,-318000,-251000
2017/04/10,0,26000,-234200,-208200
2017/04/11,0,16000,-221000,-205000
2017/04/12,0,192000,-131000,61000
2017/04/13,0,22000,-65000,-43000
2017/04/14,0,32000,-50000,-18000
2017/04/17,0,57000,-100000,-43000
2017/04/18,0,127000,-55000,72000
2017/04/19,0,88000,-300807,-212807
