Date,Open,Buy,Sell,Total
2007/01/02,0,0,-6000,-6000
2007/01/03,0,0,-1855000,-1855000
2007/01/04,0,0,-974000,-974000
2007/01/05,0,0,-1103249,-1103249
2007/01/08,0,0,0,0
2007/01/09,0,1000000,0,1000000
2007/01/10,0,2435000,-630000,1805000
2007/01/11,0,3451000,0,3451000
2007/01/12,0,1101000,-9000,1092000
2007/01/15,0,300000,0,300000
2007/01/16,0,1000,-575,425
2007/01/17,0,0,0,0
2007/01/18,0,400000,0,400000
2007/01/19,0,0,-300000,-300000
2007/01/22,0,150000,-300000,-150000
2007/01/23,0,485000,0,485000
2007/01/24,0,50000,0,50000
2007/01/25,0,350000,0,350000
2007/01/26,0,0,0,0
2007/01/29,0,0,0,0
2007/01/30,0,0,0,0
2007/01/31,0,0,0,0
2007/02/01,0,0,0,0
2007/02/02,0,400000,-1500000,-1100000
2007/02/05,0,87000,-184000,-97000
2007/02/06,0,94000,0,94000
2007/02/07,0,0,0,0
2007/02/08,0,121000,0,121000
2007/02/09,0,0,0,0
2007/02/12,0,0,0,0
2007/02/13,0,919000,-10000,909000
2007/02/14,0,0,-16000,-16000
2007/02/15,0,0,0,0
2007/02/16,0,0,0,0
2007/02/19,0,0,0,0
2007/02/20,0,0,0,0
2007/02/21,0,0,0,0
2007/02/22,0,0,0,0
2007/02/23,0,0,0,0
2007/02/26,0,150000,0,150000
2007/02/27,0,0,-462000,-462000
2007/02/28,0,0,0,0
2007/03/01,0,0,0,0
2007/03/02,0,0,0,0
2007/03/05,0,0,0,0
2007/03/06,0,0,-7000,-7000
2007/03/07,0,550000,-7000,543000
2007/03/08,0,2545000,0,2545000
2007/03/09,0,0,0,0
2007/03/12,0,0,0,0
2007/03/13,0,1500000,0,1500000
2007/03/14,0,500000,-7000,493000
2007/03/15,0,900000,0,900000
2007/03/16,0,0,0,0
2007/03/19,0,0,-1210,-1210
2007/03/20,0,0,0,0
2007/03/21,0,0,0,0
2007/03/22,0,0,-350000,-350000
2007/03/23,0,0,0,0
2007/03/26,0,0,0,0
2007/03/27,0,0,0,0
2007/03/28,0,0,0,0
2007/03/29,0,0,0,0
2007/03/30,0,10000,-6000,4000
2007/04/02,0,0,-11000,-11000
2007/04/03,0,208000,0,208000
2007/04/04,0,0,0,0
2007/04/05,0,0,0,0
2007/04/06,0,0,0,0
2007/04/09,0,0,0,0
2007/04/10,0,392000,-1000,391000
2007/04/11,0,0,0,0
2007/04/12,0,4830000,-588000,4242000
2007/04/13,0,788000,0,788000
2007/04/16,0,0,-36000,-36000
2007/04/17,0,2100000,-500000,1600000
2007/04/18,0,0,0,0
2007/04/19,0,0,0,0
2007/04/20,0,0,0,0
2007/04/23,0,1000,0,1000
2007/04/24,0,3000,-7000,-4000
2007/04/25,0,0,0,0
2007/04/26,0,370000,-1000000,-630000
2007/04/27,0,0,0,0
2007/04/30,0,0,0,0
2007/05/01,0,0,0,0
2007/05/02,0,0,0,0
2007/05/03,0,0,0,0
2007/05/04,0,0,-550000,-550000
2007/05/07,0,0,-500000,-500000
2007/05/08,0,0,-694000,-694000
2007/05/09,0,0,0,0
2007/05/10,0,0,-202000,-202000
2007/05/11,0,0,0,0
2007/05/14,0,0,0,0
2007/05/15,0,5000,-800000,-795000
2007/05/16,0,0,-1105000,-1105000
2007/05/17,0,0,-801000,-801000
2007/05/18,0,130000,-400000,-270000
2007/05/21,0,0,0,0
2007/05/22,0,1100000,-207000,893000
2007/05/23,0,721000,0,721000
2007/05/24,0,326000,-200000,126000
2007/05/25,0,1000000,-193000,807000
2007/05/28,0,0,-401000,-401000
2007/05/29,0,1000,0,1000
2007/05/30,0,400000,-234000,166000
2007/05/31,0,0,0,0
2007/06/01,0,0,-250000,-250000
2007/06/04,0,501000,-100000,401000
2007/06/05,0,500000,-8000,492000
2007/06/06,0,27000,-500000,-473000
2007/06/07,0,4000,0,4000
2007/06/08,0,0,0,0
2007/06/11,0,0,-4000,-4000
2007/06/12,0,1100000,0,1100000
2007/06/13,0,641000,-3000,638000
2007/06/14,0,0,0,0
2007/06/15,0,0,0,0
2007/06/18,0,0,0,0
2007/06/19,0,0,0,0
2007/06/20,0,845000,-200000,645000
2007/06/21,0,1855000,0,1855000
2007/06/22,0,471000,0,471000
2007/06/25,0,63000,0,63000
2007/06/26,0,369000,0,369000
2007/06/27,0,490000,0,490000
2007/06/28,0,404000,-200000,204000
2007/06/29,0,80000,-90000,-10000
2007/07/02,0,1685000,0,1685000
2007/07/03,0,794000,-1001000,-207000
2007/07/04,0,2117000,-1048000,1069000
2007/07/05,0,1099000,-202000,897000
2007/07/06,0,566000,-50000,516000
2007/07/09,0,827000,-350000,477000
2007/07/10,0,202000,-50000,152000
2007/07/11,0,0,-1040000,-1040000
2007/07/12,0,43000,-520000,-477000
2007/07/13,0,60000,0,60000
2007/07/16,0,0,-1000000,-1000000
2007/07/17,0,600000,-101000,499000
2007/07/18,0,2699000,0,2699000
2007/07/19,0,1576000,0,1576000
2007/07/20,0,2110000,0,2110000
2007/07/23,0,1211000,-260000,951000
2007/07/24,0,2319000,0,2319000
2007/07/25,0,1002000,0,1002000
2007/07/26,0,2163000,-1202000,961000
2007/07/27,0,8000,0,8000
2007/07/30,0,349000,-1400000,-1051000
2007/07/31,0,1579000,-1000,1578000
2007/08/01,0,700000,0,700000
2007/08/02,0,1000,-30000,-29000
2007/08/03,0,370000,-150000,220000
2007/08/06,0,331000,0,331000
2007/08/07,0,1448000,-400000,1048000
2007/08/08,0,266000,-400000,-134000
2007/08/09,0,1102000,-600000,502000
2007/08/10,0,29000,0,29000
2007/08/13,0,2000,-180000,-178000
2007/08/14,0,0,0,0
2007/08/15,0,400000,0,400000
2007/08/16,0,1604000,-7000,1597000
2007/08/17,0,791000,-1000,790000
2007/08/20,0,892000,-76000,816000
2007/08/21,0,350000,0,350000
2007/08/22,0,5000,0,5000
2007/08/23,0,200000,-870000,-670000
2007/08/24,0,670000,-1001000,-331000
2007/08/27,0,83000,-400000,-317000
2007/08/28,0,50000,-470000,-420000
2007/08/29,0,0,-100000,-100000
2007/08/30,0,1630000,0,1630000
2007/08/31,0,2290000,-2000,2288000
2007/09/03,0,2542000,0,2542000
2007/09/04,0,4403000,0,4403000
2007/09/05,0,68000,-560000,-492000
2007/09/06,0,24000,-850000,-826000
2007/09/07,0,3885000,-4000,3881000
2007/09/10,0,488000,-1201000,-713000
2007/09/11,0,638000,-587000,51000
2007/09/12,0,250000,-341000,-91000
2007/09/13,0,0,-1035000,-1035000
2007/09/14,0,0,-650000,-650000
2007/09/17,0,90000,-191000,-101000
2007/09/18,0,0,0,0
2007/09/19,0,1020000,0,1020000
2007/09/20,0,987000,-665,986335
2007/09/21,0,1448000,-1616000,-168000
2007/09/24,0,0,0,0
2007/09/25,0,0,0,0
2007/09/26,0,1970000,-560000,1410000
2007/09/27,0,922000,-2117000,-1195000
2007/09/28,0,114000,-1960000,-1846000
2007/10/01,0,497000,-1958000,-1461000
2007/10/02,0,130000,-887000,-757000
2007/10/03,0,1251000,-1254000,-3000
2007/10/04,0,0,-2509000,-2509000
2007/10/05,0,0,-961000,-961000
2007/10/08,0,200000,-693000,-493000
2007/10/09,0,0,-60000,-60000
2007/10/10,0,0,0,0
2007/10/11,0,250000,-1255000,-1005000
2007/10/12,0,1770000,-1060000,710000
2007/10/15,0,50000,-190000,-140000
2007/10/16,0,740000,-1483000,-743000
2007/10/17,0,633000,-556000,77000
2007/10/18,0,930000,-1380430,-450430
2007/10/19,0,0,-2727000,-2727000
2007/10/22,0,3218000,-1210000,2008000
2007/10/23,0,250000,-406000,-156000
2007/10/24,0,0,-665000,-665000
2007/10/25,0,277000,-145000,132000
2007/10/26,0,0,-430000,-430000
2007/10/29,0,25000,-30000,-5000
2007/10/30,0,800000,0,800000
2007/10/31,0,252000,-380000,-128000
2007/11/01,0,460000,-50000,410000
2007/11/02,0,4000,0,4000
2007/11/05,0,1345000,0,1345000
2007/11/06,0,709000,0,709000
2007/11/07,0,50000,0,50000
2007/11/08,0,390000,-90000,300000
2007/11/09,0,581000,-60000,521000
2007/11/12,0,478000,0,478000
2007/11/13,0,580000,-255000,325000
2007/11/14,0,600000,-590000,10000
2007/11/15,0,780000,-495000,285000
2007/11/16,0,19000,-1057000,-1038000
2007/11/19,0,0,0,0
2007/11/20,0,1000,0,1000
2007/11/21,0,274000,-400000,-126000
2007/11/22,0,260000,-1213000,-953000
2007/11/23,0,1000,-2485000,-2484000
2007/11/26,0,8000,-900000,-892000
2007/11/27,0,9000,-498000,-489000
2007/11/28,0,0,0,0
2007/11/29,0,1000,0,1000
2007/11/30,0,0,-50000,-50000
2007/12/03,0,1500000,-1115000,385000
2007/12/04,0,0,0,0
2007/12/05,0,0,-220000,-220000
2007/12/06,0,0,-160000,-160000
2007/12/07,0,50000,-727000,-677000
2007/12/10,0,0,0,0
2007/12/11,0,50000,-837000,-787000
2007/12/12,0,31000,-645000,-614000
2007/12/13,0,1000,-155000,-154000
2007/12/14,0,915000,-540000,375000
2007/12/17,0,1062000,0,1062000
2007/12/18,0,1853000,-100000,1753000
2007/12/19,0,1464000,0,1464000
2007/12/20,0,0,-1348000,-1348000
2007/12/21,0,200000,-836000,-636000
2007/12/24,0,100000,-41000,59000
2007/12/25,0,0,-1387000,-1387000
2007/12/26,0,0,-5300000,-5300000
2007/12/27,0,11000,-154000,-143000
2007/12/28,0,200000,-173000,27000
2007/12/31,0,0,-30000,-30000
2008/01/01,0,0,0,0
2008/01/02,0,0,-764000,-764000
2008/01/03,0,820000,-1592000,-772000
2008/01/04,0,200000,-838000,-638000
2008/01/07,0,1000,0,1000
2008/01/08,0,0,-33000,-33000
2008/01/09,0,24000,0,24000
2008/01/10,0,159000,0,159000
2008/01/11,0,1100000,-2000,1098000
2008/01/14,0,1000,-391000,-390000
2008/01/15,0,450000,0,450000
2008/01/16,0,1552000,-2649000,-1097000
2008/01/17,0,568000,-25000,543000
2008/01/18,0,1000,-572000,-571000
2008/01/21,0,225000,-43000,182000
2008/01/22,0,0,-1522000,-1522000
2008/01/23,0,864000,-655000,209000
2008/01/24,0,425000,0,425000
2008/01/25,0,1000,-20000,-19000
2008/01/28,0,0,0,0
2008/01/29,0,52000,0,52000
2008/01/30,0,1000,0,1000
2008/01/31,0,0,0,0
2008/02/01,0,183000,-255000,-72000
2008/02/04,0,0,0,0
2008/02/05,0,0,0,0
2008/02/06,0,0,0,0
2008/02/07,0,0,0,0
2008/02/08,0,0,0,0
2008/02/11,0,0,0,0
2008/02/12,0,0,-50000,-50000
2008/02/13,0,595000,-26000,569000
2008/02/14,0,600000,0,600000
2008/02/15,0,0,-2000,-2000
2008/02/18,0,63000,0,63000
2008/02/19,0,131000,-6000,125000
2008/02/20,0,55000,0,55000
2008/02/21,0,0,0,0
2008/02/22,0,0,0,0
2008/02/25,0,1000,-73000,-72000
2008/02/26,0,0,-1000000,-1000000
2008/02/27,0,0,0,0
2008/02/28,0,0,0,0
2008/02/29,0,172000,-1000,171000
2008/03/03,0,270000,0,270000
2008/03/04,0,701000,0,701000
2008/03/05,0,150000,0,150000
2008/03/06,0,2300000,0,2300000
2008/03/07,0,0,0,0
2008/03/10,0,1000,0,1000
2008/03/11,0,302000,0,302000
2008/03/12,0,101000,-20000,81000
2008/03/13,0,180000,0,180000
2008/03/14,0,421000,0,421000
2008/03/17,0,0,0,0
2008/03/18,0,1000,-38000,-37000
2008/03/19,0,231000,0,231000
2008/03/20,0,1000,-927000,-926000
2008/03/21,0,3000,-2000000,-1997000
2008/03/24,0,1000,0,1000
2008/03/25,0,0,-2000,-2000
2008/03/26,0,1000,0,1000
2008/03/27,0,1000,0,1000
2008/03/28,0,532000,-45000,487000
2008/03/31,0,186000,0,186000
2008/04/01,0,1738000,0,1738000
2008/04/02,0,401000,-1000000,-599000
2008/04/03,0,0,-1380000,-1380000
2008/04/04,0,0,0,0
2008/04/07,0,0,-900000,-900000
2008/04/08,0,1000,0,1000
2008/04/09,0,0,-50000,-50000
2008/04/10,0,1000,-140000,-139000
2008/04/11,0,0,0,0
2008/04/14,0,0,-1000,-1000
2008/04/15,0,1000,0,1000
2008/04/16,0,619000,-353000,266000
2008/04/17,0,0,-62000,-62000
2008/04/18,0,0,-3000,-3000
2008/04/21,0,201000,-140000,61000
2008/04/22,0,389000,-893000,-504000
2008/04/23,0,1000,0,1000
2008/04/24,0,71000,-354000,-283000
2008/04/25,0,1000,0,1000
2008/04/28,0,4000,0,4000
2008/04/29,0,801000,0,801000
2008/04/30,0,4000,-2055000,-2051000
2008/05/01,0,0,0,0
2008/05/02,0,5000,-3376000,-3371000
2008/05/05,0,401000,0,401000
2008/05/06,0,1000,0,1000
2008/05/07,0,7000,-2000,5000
2008/05/08,0,500000,0,500000
2008/05/09,0,51000,-1462000,-1411000
2008/05/12,0,52000,0,52000
2008/05/13,0,320000,-5000,315000
2008/05/14,0,8000,0,8000
2008/05/15,0,352000,-600000,-248000
2008/05/16,0,0,-616000,-616000
2008/05/19,0,34000,-561000,-527000
2008/05/20,0,1000,-251000,-250000
2008/05/21,0,100000,-332000,-232000
2008/05/22,0,837000,0,837000
2008/05/23,0,1928000,0,1928000
2008/05/26,0,3230000,0,3230000
2008/05/27,0,307000,-400000,-93000
2008/05/28,0,1618000,-150000,1468000
2008/05/29,0,477000,-55000,422000
2008/05/30,0,581000,-32000,549000
2008/06/02,0,400000,0,400000
2008/06/03,0,500000,0,500000
2008/06/04,0,101000,0,101000
2008/06/05,0,250000,0,250000
2008/06/06,0,71000,0,71000
2008/06/09,0,171000,0,171000
2008/06/10,0,449000,0,449000
2008/06/11,0,1867000,0,1867000
2008/06/12,0,507000,-135000,372000
2008/06/13,0,1826000,0,1826000
2008/06/16,0,196000,-515000,-319000
2008/06/17,0,649000,-1136000,-487000
2008/06/18,0,0,0,0
2008/06/19,0,300000,-1000,299000
2008/06/20,0,25000,-424000,-399000
2008/06/23,0,84000,-1598000,-1514000
2008/06/24,0,13000,-250000,-237000
2008/06/25,0,642000,-501000,141000
2008/06/26,0,1020000,0,1020000
2008/06/27,0,445000,-45000,400000
2008/06/30,0,865000,0,865000
2008/07/01,0,2390000,0,2390000
2008/07/02,0,835000,0,835000
2008/07/03,0,135000,-50000,85000
2008/07/04,0,853000,0,853000
2008/07/07,0,54000,-50,53950
2008/07/08,0,680000,0,680000
2008/07/09,0,339000,0,339000
2008/07/10,0,450000,-294000,156000
2008/07/11,0,503000,-4000,499000
2008/07/14,0,2000000,0,2000000
2008/07/15,0,1250000,-60000,1190000
2008/07/16,0,1128000,0,1128000
2008/07/17,0,109000,0,109000
2008/07/18,0,256000,-1179000,-923000
2008/07/21,0,476000,-941000,-465000
2008/07/22,0,672000,-1077000,-405000
2008/07/23,0,46000,-413000,-367000
2008/07/24,0,1481000,-666000,815000
2008/07/25,0,0,-6000,-6000
2008/07/28,0,0,0,0
2008/07/29,0,1000,-196000,-195000
2008/07/30,0,482000,-2000,480000
2008/07/31,0,1000,-788000,-787000
2008/08/01,0,392000,-1512000,-1120000
2008/08/04,0,1000,-1817000,-1816000
2008/08/05,0,0,-3835000,-3835000
2008/08/06,0,1000,-2208000,-2207000
2008/08/07,0,0,-503000,-503000
2008/08/08,0,0,-880000,-880000
2008/08/11,0,31000,-677000,-646000
2008/08/12,0,391000,-3000,388000
2008/08/13,0,0,-800000,-800000
2008/08/14,0,1466000,-7000,1459000
2008/08/15,0,68000,-1000,67000
2008/08/18,0,1000,-6000,-5000
2008/08/19,0,36000,-304000,-268000
2008/08/20,0,0,-531000,-531000
2008/08/21,0,2000,-1035000,-1033000
2008/08/22,0,800000,-1350000,-550000
2008/08/25,0,301000,-1039000,-738000
2008/08/26,0,1000,-698000,-697000
2008/08/27,0,0,-2108000,-2108000
2008/08/28,0,0,-100000,-100000
2008/08/29,0,9000,-63000,-54000
2008/09/01,0,0,-443000,-443000
2008/09/02,0,2000,-63000,-61000
2008/09/03,0,19000,0,19000
2008/09/04,0,9000,-852000,-843000
2008/09/05,0,2000,0,2000
2008/09/08,0,499000,-500000,-1000
2008/09/09,0,47000,-831000,-784000
2008/09/10,0,3000,0,3000
2008/09/11,0,0,0,0
2008/09/12,0,0,-774000,-774000
2008/09/15,0,170000,-9000,161000
2008/09/16,0,25000,-2000,23000
2008/09/17,0,43000,-1365000,-1322000
2008/09/18,0,1000,-411000,-410000
2008/09/19,0,13000,-4000,9000
2008/09/22,0,200000,-24000,176000
2008/09/23,0,0,-591000,-591000
2008/09/24,0,598000,-1000,597000
2008/09/25,0,129000,-592000,-463000
2008/09/26,0,0,-20000,-20000
2008/09/29,0,0,0,0
2008/09/30,0,1000,-150000,-149000
2008/10/01,0,210000,-2000,208000
2008/10/02,0,0,-162000,-162000
2008/10/03,0,89000,-344000,-255000
2008/10/06,0,3000,-603000,-600000
2008/10/07,0,0,-73000,-73000
2008/10/08,0,0,-361000,-361000
2008/10/09,0,8000,-746000,-738000
2008/10/10,0,0,0,0
2008/10/13,0,0,-40000,-40000
2008/10/14,0,0,-2224000,-2224000
2008/10/15,0,1000,-450000,-449000
2008/10/16,0,5000,-25000,-20000
2008/10/17,0,90000,-628000,-538000
2008/10/20,0,0,-25000,-25000
2008/10/21,0,48000,-1834000,-1786000
2008/10/22,0,0,-425000,-425000
2008/10/23,0,0,0,0
2008/10/24,0,0,-756000,-756000
2008/10/27,0,0,-712000,-712000
2008/10/28,0,0,-3026000,-3026000
2008/10/29,0,0,-1000,-1000
2008/10/30,0,17000,-1407000,-1390000
2008/10/31,0,0,-1700000,-1700000
2008/11/03,0,459000,-94000,365000
2008/11/04,0,42000,-42000,0
2008/11/05,0,101000,0,101000
2008/11/06,0,381000,-1000,380000
2008/11/07,0,600000,0,600000
2008/11/10,0,1981000,-750000,1231000
2008/11/11,0,304000,0,304000
2008/11/12,0,200000,-3000,197000
2008/11/13,0,110000,-33000,77000
2008/11/14,0,251000,-55000,196000
2008/11/17,0,0,-130000,-130000
2008/11/18,0,2253000,-820000,1433000
2008/11/19,0,0,-571000,-571000
2008/11/20,0,0,-720000,-720000
2008/11/21,0,14000,-1490000,-1476000
2008/11/24,0,69000,0,69000
2008/11/25,0,1000,0,1000
2008/11/26,0,81000,-698000,-617000
2008/11/27,0,687000,-434000,253000
2008/11/28,0,0,-1375000,-1375000
2008/12/01,0,5000,-612000,-607000
2008/12/02,0,0,0,0
2008/12/03,0,188000,0,188000
2008/12/04,0,0,0,0
2008/12/05,0,0,0,0
2008/12/08,0,6000,-250000,-244000
2008/12/09,0,506000,0,506000
2008/12/10,0,19000,-1288000,-1269000
2008/12/11,0,52000,0,52000
2008/12/12,0,681000,-4000,677000
2008/12/15,0,15000,0,15000
2008/12/16,0,0,-5000,-5000
2008/12/17,0,0,-500000,-500000
2008/12/18,0,1000,-1000,0
2008/12/19,0,0,-68000,-68000
2008/12/22,0,568000,0,568000
2008/12/23,0,1000,0,1000
2008/12/24,0,0,-100000,-100000
2008/12/25,0,411000,-100000,311000
2008/12/26,0,0,-103000,-103000
2008/12/29,0,0,0,0
2008/12/30,0,0,0,0
2008/12/31,0,0,0,0
2009/01/01,0,0,0,0
2009/01/02,0,0,0,0
2009/01/05,0,210000,-230000,-20000
2009/01/06,0,23000,-1210000,-1187000
2009/01/07,0,786000,-1190000,-404000
2009/01/08,0,1020000,-773000,247000
2009/01/09,0,1000,0,1000
2009/01/12,0,1000,-3000,-2000
2009/01/13,0,47000,0,47000
2009/01/14,0,0,-730000,-730000
2009/01/15,0,600000,-430000,170000
2009/01/16,0,251000,0,251000
2009/01/19,0,693000,-318000,375000
2009/01/20,0,1719000,-21000,1698000
2009/01/21,0,0,0,0
2009/01/22,0,0,0,0
2009/01/23,0,0,0,0
2009/01/26,0,0,0,0
2009/01/27,0,0,0,0
2009/01/28,0,0,0,0
2009/01/29,0,0,0,0
2009/01/30,0,0,0,0
2009/02/02,0,0,0,0
2009/02/03,0,1760000,0,1760000
2009/02/04,0,100000,0,100000
2009/02/05,0,320000,0,320000
2009/02/06,0,1301000,0,1301000
2009/02/09,0,0,-169000,-169000
2009/02/10,0,707000,0,707000
2009/02/11,0,150000,-101000,49000
2009/02/12,0,170000,0,170000
2009/02/13,0,700000,0,700000
2009/02/16,0,1745000,0,1745000
2009/02/17,0,250000,0,250000
2009/02/18,0,846000,-750000,96000
2009/02/19,0,150000,0,150000
2009/02/20,0,4000,0,4000
2009/02/23,0,0,-222000,-222000
2009/02/24,0,100000,0,100000
2009/02/25,0,200000,0,200000
2009/02/26,0,0,-105000,-105000
2009/02/27,0,798000,-362000,436000
2009/03/02,0,0,0,0
2009/03/03,0,50000,-598000,-548000
2009/03/04,0,10000,0,10000
2009/03/05,0,0,-909000,-909000
2009/03/06,0,0,-6000,-6000
2009/03/09,0,200000,-332000,-132000
2009/03/10,0,1585000,-19000,1566000
2009/03/11,0,1565000,-512000,1053000
2009/03/12,0,2271000,-104000,2167000
2009/03/13,0,606000,-525000,81000
2009/03/16,0,1262000,-1409000,-147000
2009/03/17,0,83000,-636000,-553000
2009/03/18,0,1323000,-1019000,304000
2009/03/19,0,2326000,-4000,2322000
2009/03/20,0,1480000,-455000,1025000
2009/03/23,0,3670000,-53000,3617000
2009/03/24,0,60000,-2000,58000
2009/03/25,0,863000,-800000,63000
2009/03/26,0,300000,-1391000,-1091000
2009/03/27,0,500000,-664000,-164000
2009/03/30,0,536000,-233000,303000
2009/03/31,0,330000,-279000,51000
2009/04/01,0,841000,-450000,391000
2009/04/02,0,2342000,-23000,2319000
2009/04/03,0,128000,-369000,-241000
2009/04/06,0,70000,-600000,-530000
2009/04/07,0,1200000,-1270000,-70000
2009/04/08,0,796000,-258000,538000
2009/04/09,0,1745000,-900000,845000
2009/04/10,0,0,-900000,-900000
2009/04/13,0,863000,-62000,801000
2009/04/14,0,53000,-202000,-149000
2009/04/15,0,0,-688000,-688000
2009/04/16,0,0,-447000,-447000
2009/04/17,0,0,-1033000,-1033000
2009/04/20,0,260000,0,260000
2009/04/21,0,629000,-1835000,-1206000
2009/04/22,0,958000,-897000,61000
2009/04/23,0,2126000,-212000,1914000
2009/04/24,0,3871000,-155000,3716000
2009/04/27,0,2540000,-9000,2531000
2009/04/28,0,100000,0,100000
2009/04/29,0,4889000,0,4889000
2009/04/30,0,2709000,0,2709000
2009/05/01,0,0,0,0
2009/05/04,0,813000,0,813000
2009/05/05,0,4000,-132000,-128000
2009/05/06,0,0,-2001000,-2001000
2009/05/07,0,12000,-1220000,-1208000
2009/05/08,0,62000,-1580000,-1518000
2009/05/11,0,1673000,-1475000,198000
2009/05/12,0,5000,-662000,-657000
2009/05/13,0,108000,-927000,-819000
2009/05/14,0,282000,-500000,-218000
2009/05/15,0,2813000,-32000,2781000
2009/05/18,0,11000,-508000,-497000
2009/05/19,0,1896000,-31000,1865000
2009/05/20,0,21000,-193000,-172000
2009/05/21,0,7000,0,7000
2009/05/22,0,7000,-601000,-594000
2009/05/25,0,29000,-121000,-92000
2009/05/26,0,217000,0,217000
2009/05/27,0,37000,-12000,25000
2009/05/28,0,0,0,0
2009/05/29,0,0,0,0
2009/06/01,0,8000,-551000,-543000
2009/06/02,0,2874000,-760000,2114000
2009/06/03,0,850000,-1744000,-894000
2009/06/04,0,0,-1259000,-1259000
2009/06/05,0,200000,-608000,-408000
2009/06/08,0,0,-8000,-8000
2009/06/09,0,159000,-581000,-422000
2009/06/10,0,0,-29000,-29000
2009/06/11,0,201000,-152000,49000
2009/06/12,0,984000,-1342000,-358000
2009/06/15,0,301000,0,301000
2009/06/16,0,252000,-200000,52000
2009/06/17,0,2000,-500000,-498000
2009/06/18,0,1637000,0,1637000
2009/06/19,0,160000,0,160000
2009/06/22,0,52000,0,52000
2009/06/23,0,0,-2000,-2000
2009/06/24,0,1000,-1000,0
2009/06/25,0,2071000,-731000,1340000
2009/06/26,0,3097000,-80000,3017000
2009/06/29,0,36000,-175000,-139000
2009/06/30,0,1113000,-800000,313000
2009/07/01,0,2000,-650000,-648000
2009/07/02,0,0,-420000,-420000
2009/07/03,0,0,-59000,-59000
2009/07/06,0,208000,-68000,140000
2009/07/07,0,1000,-100000,-99000
2009/07/08,0,0,-738000,-738000
2009/07/09,0,0,-833000,-833000
2009/07/10,0,0,-601000,-601000
2009/07/13,0,701000,-1000,700000
2009/07/14,0,0,-2009000,-2009000
2009/07/15,0,239000,-9000,230000
2009/07/16,0,353000,-216000,137000
2009/07/17,0,85000,-583000,-498000
2009/07/20,0,0,0,0
2009/07/21,0,0,-1102000,-1102000
2009/07/22,0,0,-1000,-1000
2009/07/23,0,65000,-252000,-187000
2009/07/24,0,50000,-105000,-55000
2009/07/27,0,50000,-1075000,-1025000
2009/07/28,0,60000,-150000,-90000
2009/07/29,0,2252000,0,2252000
2009/07/30,0,188000,-46000,142000
2009/07/31,0,60000,-819000,-759000
2009/08/03,0,0,-533000,-533000
2009/08/04,0,0,-100000,-100000
2009/08/05,0,0,-65000,-65000
2009/08/06,0,157000,-398000,-241000
2009/08/07,0,0,0,0
2009/08/10,0,2000,-55000,-53000
2009/08/11,0,1000,0,1000
2009/08/12,0,0,-250000,-250000
2009/08/13,0,0,-200000,-200000
2009/08/14,0,300000,-973000,-673000
2009/08/17,0,0,-77000,-77000
2009/08/18,0,1000,-770000,-769000
2009/08/19,0,0,-250000,-250000
2009/08/20,0,51000,-20000,31000
2009/08/21,0,10000,-543000,-533000
2009/08/24,0,1000,0,1000
2009/08/25,0,340000,0,340000
2009/08/26,0,300000,0,300000
2009/08/27,0,41000,-250000,-209000
2009/08/28,0,0,0,0
2009/08/31,0,3000,-200000,-197000
2009/09/01,0,84000,-270000,-186000
2009/09/02,0,0,-389000,-389000
2009/09/03,0,0,-1724000,-1724000
2009/09/04,0,0,-365000,-365000
2009/09/07,0,0,-711000,-711000
2009/09/08,0,0,-929000,-929000
2009/09/09,0,239000,-600000,-361000
2009/09/10,0,4000,0,4000
2009/09/11,0,0,0,0
2009/09/14,0,300000,-11000,289000
2009/09/15,0,340000,-583000,-243000
2009/09/16,0,4000,-216000,-212000
2009/09/17,0,0,-1330000,-1330000
2009/09/18,0,0,-1119000,-1119000
2009/09/21,0,0,-787000,-787000
2009/09/22,0,0,-800000,-800000
2009/09/23,0,0,-800000,-800000
2009/09/24,0,0,-700000,-700000
2009/09/25,0,0,-1618000,-1618000
2009/09/28,0,398000,-1014000,-616000
2009/09/29,0,472000,-1280000,-808000
2009/09/30,0,71000,-409000,-338000
2009/10/01,0,0,-668000,-668000
2009/10/02,0,177000,-1060000,-883000
2009/10/05,0,0,-2000,-2000
2009/10/06,0,193000,-1000000,-807000
2009/10/07,0,638000,0,638000
2009/10/08,0,3727000,-200000,3527000
2009/10/09,0,185000,-200000,-15000
2009/10/12,0,82000,-1070000,-988000
2009/10/13,0,51000,0,51000
2009/10/14,0,160000,0,160000
2009/10/15,0,1647000,-726000,921000
2009/10/16,0,133000,-369000,-236000
2009/10/19,0,5000,0,5000
2009/10/20,0,113000,-666000,-553000
2009/10/21,0,119000,-1356000,-1237000
2009/10/22,0,540000,-1321000,-781000
2009/10/23,0,418000,-1839000,-1421000
2009/10/26,0,408000,-1019000,-611000
2009/10/27,0,811000,-862000,-51000
2009/10/28,0,1567000,-104000,1463000
2009/10/29,0,681000,0,681000
2009/10/30,0,1581000,0,1581000
2009/11/02,0,601000,-80000,521000
2009/11/03,0,285000,0,285000
2009/11/04,0,574000,0,574000
2009/11/05,0,256000,0,256000
2009/11/06,0,545000,0,545000
2009/11/09,0,1151000,0,1151000
2009/11/10,0,351000,-300000,51000
2009/11/11,0,0,-370000,-370000
2009/11/12,0,182000,-213000,-31000
2009/11/13,0,0,-225000,-225000
2009/11/16,0,236000,-300000,-64000
2009/11/17,0,0,-971000,-971000
2009/11/18,0,150000,-262000,-112000
2009/11/19,0,350000,0,350000
2009/11/20,0,401000,-1000,400000
2009/11/23,0,518000,-116000,402000
2009/11/24,0,458000,0,458000
2009/11/25,0,58000,0,58000
2009/11/26,0,0,0,0
2009/11/27,0,0,0,0
2009/11/30,0,0,-4000,-4000
2009/12/01,0,0,-119000,-119000
2009/12/02,0,0,0,0
2009/12/03,0,0,0,0
2009/12/04,0,0,-310000,-310000
2009/12/07,0,112000,0,112000
2009/12/08,0,0,-390000,-390000
2009/12/09,0,83000,0,83000
2009/12/10,0,0,-260000,-260000
2009/12/11,0,93000,-233000,-140000
2009/12/14,0,33000,-332000,-299000
2009/12/15,0,33000,-263000,-230000
2009/12/16,0,408000,-1054162,-646162
2009/12/17,0,0,-403000,-403000
2009/12/18,0,0,-632000,-632000
2009/12/21,0,0,-919000,-919000
2009/12/22,0,0,-451000,-451000
2009/12/23,0,34000,-491000,-457000
2009/12/24,0,0,-400000,-400000
2009/12/25,0,0,-1000,-1000
2009/12/28,0,0,-29000,-29000
2009/12/29,0,0,-820000,-820000
2009/12/30,0,0,-420000,-420000
2009/12/31,0,0,0,0
2010/01/01,0,0,0,0
2010/01/04,0,1000,0,1000
2010/01/05,0,0,-9000,-9000
2010/01/06,0,0,-236000,-236000
2010/01/07,0,0,0,0
2010/01/08,0,0,0,0
2010/01/11,0,420000,0,420000
2010/01/12,0,1430000,-1000,1429000
2010/01/13,0,0,-321000,-321000
2010/01/14,0,1500000,-303000,1197000
2010/01/15,0,1678000,-562000,1116000
2010/01/18,0,1395000,-81000,1314000
2010/01/19,0,25000,0,25000
2010/01/20,0,300000,-541000,-241000
2010/01/21,0,0,0,0
2010/01/22,0,0,-1953000,-1953000
2010/01/25,0,0,-36000,-36000
2010/01/26,0,0,0,0
2010/01/27,0,3000,0,3000
2010/01/28,0,1000,-368000,-367000
2010/01/29,0,1000,-1000000,-999000
2010/02/01,0,1000,-26000,-25000
2010/02/02,0,0,-13000,-13000
2010/02/03,0,1000,-383000,-382000
2010/02/04,0,1000,-256000,-255000
2010/02/05,0,138000,-512000,-374000
2010/02/08,0,1000,0,1000
2010/02/09,0,1000,0,1000
2010/02/10,0,36000,-166000,-130000
2010/02/11,0,0,0,0
2010/02/12,0,0,0,0
2010/02/15,0,0,0,0
2010/02/16,0,0,0,0
2010/02/17,0,0,0,0
2010/02/18,0,0,0,0
2010/02/19,0,0,0,0
2010/02/22,0,1000,0,1000
2010/02/23,0,33000,0,33000
2010/02/24,0,0,0,0
2010/02/25,0,75000,-309000,-234000
2010/02/26,0,1000,-477000,-476000
2010/03/01,0,0,0,0
2010/03/02,0,1260000,-705000,555000
2010/03/03,0,130000,-457000,-327000
2010/03/04,0,0,-418000,-418000
2010/03/05,0,0,-456000,-456000
2010/03/08,0,0,-504000,-504000
2010/03/09,0,0,-608000,-608000
2010/03/10,0,0,-301000,-301000
2010/03/11,0,0,-405000,-405000
2010/03/12,0,0,-412000,-412000
2010/03/15,0,0,-238000,-238000
2010/03/16,0,0,-602000,-602000
2010/03/17,0,106000,-600000,-494000
2010/03/18,0,0,-137000,-137000
2010/03/19,0,0,-67000,-67000
2010/03/22,0,0,-1000,-1000
2010/03/23,0,0,0,0
2010/03/24,0,31000,0,31000
2010/03/25,0,901000,-1000,900000
2010/03/26,0,440000,0,440000
2010/03/29,0,1000,0,1000
2010/03/30,0,0,0,0
2010/03/31,0,279000,-1000,278000
2010/04/01,0,0,-142000,-142000
2010/04/02,0,0,0,0
2010/04/05,0,0,0,0
2010/04/06,0,0,-1000,-1000
2010/04/07,0,0,-600000,-600000
2010/04/08,0,0,-600000,-600000
2010/04/09,0,450000,0,450000
2010/04/12,0,450000,-1000,449000
2010/04/13,0,385000,-212000,173000
2010/04/14,0,300000,-1000,299000
2010/04/15,0,271000,0,271000
2010/04/16,0,60000,-153000,-93000
2010/04/19,0,0,-588,-588
2010/04/20,0,270000,-50000,220000
2010/04/21,0,0,0,0
2010/04/22,0,0,0,0
2010/04/23,0,0,-29000,-29000
2010/04/26,0,187000,-12000,175000
2010/04/27,0,0,0,0
2010/04/28,0,0,0,0
2010/04/29,0,0,-1305000,-1305000
2010/04/30,0,0,-528000,-528000
2010/05/03,0,0,-62000,-62000
2010/05/04,0,0,0,0
2010/05/05,0,0,-1000,-1000
2010/05/06,0,0,-135000,-135000
2010/05/07,0,1000,0,1000
2010/05/10,0,31000,0,31000
2010/05/11,0,22000,-461000,-439000
2010/05/12,0,0,-253000,-253000
2010/05/13,0,0,-1570000,-1570000
2010/05/14,0,2000,-1514000,-1512000
2010/05/17,0,0,-107000,-107000
2010/05/18,0,0,0,0
2010/05/19,0,0,-300000,-300000
2010/05/20,0,0,-440000,-440000
2010/05/21,0,0,-1144000,-1144000
2010/05/24,0,0,0,0
2010/05/25,0,1000,-227000,-226000
2010/05/26,0,301000,0,301000
2010/05/27,0,1000,0,1000
2010/05/28,0,0,0,0
2010/05/31,0,0,-236000,-236000
2010/06/01,0,314000,-182000,132000
2010/06/02,0,596000,-589000,7000
2010/06/03,0,133000,-174000,-41000
2010/06/04,0,0,0,0
2010/06/07,0,0,0,0
2010/06/08,0,1000,-188000,-187000
2010/06/09,0,0,-67000,-67000
2010/06/10,0,1000,0,1000
2010/06/11,0,0,0,0
2010/06/14,0,0,-2000,-2000
2010/06/15,0,120000,-5000,115000
2010/06/16,0,0,0,0
2010/06/17,0,0,0,0
2010/06/18,0,0,-6000,-6000
2010/06/21,0,0,0,0
2010/06/22,0,0,0,0
2010/06/23,0,150000,-20000,130000
2010/06/24,0,6000,-1000,5000
2010/06/25,0,2000,0,2000
2010/06/28,0,0,-4000,-4000
2010/06/29,0,0,0,0
2010/06/30,0,0,0,0
2010/07/01,0,0,-128000,-128000
2010/07/02,0,701000,0,701000
2010/07/05,0,0,0,0
2010/07/06,0,1000,-409000,-408000
2010/07/07,0,0,-170000,-170000
2010/07/08,0,0,0,0
2010/07/09,0,0,0,0
2010/07/12,0,0,0,0
2010/07/13,0,0,0,0
2010/07/14,0,0,0,0
2010/07/15,0,0,-7000,-7000
2010/07/16,0,0,-210000,-210000
2010/07/19,0,1000,-13000,-12000
2010/07/20,0,0,0,0
2010/07/21,0,3000,0,3000
2010/07/22,0,188000,0,188000
2010/07/23,0,258000,0,258000
2010/07/26,0,319000,0,319000
2010/07/27,0,55000,0,55000
2010/07/28,0,0,-178000,-178000
2010/07/29,0,0,-275000,-275000
2010/07/30,0,1000,0,1000
2010/08/02,0,103000,-3000,100000
2010/08/03,0,0,-693000,-693000
2010/08/04,0,0,-351000,-351000
2010/08/05,0,0,-151000,-151000
2010/08/06,0,0,-1000,-1000
2010/08/09,0,5000,0,5000
2010/08/10,0,0,-270000,-270000
2010/08/11,0,48000,0,48000
2010/08/12,0,1000,-2000,-1000
2010/08/13,0,0,0,0
2010/08/16,0,0,-1000,-1000
2010/08/17,0,1000,0,1000
2010/08/18,0,3000,-1000,2000
2010/08/19,0,500000,0,500000
2010/08/20,0,0,-8000,-8000
2010/08/23,0,300000,0,300000
2010/08/24,0,329000,-6000,323000
2010/08/25,0,304000,0,304000
2010/08/26,0,300000,-1000,299000
2010/08/27,0,301000,-18000,283000
2010/08/30,0,0,0,0
2010/08/31,0,9000,0,9000
2010/09/01,0,50000,-38000,12000
2010/09/02,0,52000,0,52000
2010/09/03,0,0,0,0
2010/09/06,0,0,-65000,-65000
2010/09/07,0,52000,0,52000
2010/09/08,0,0,-36000,-36000
2010/09/09,0,500000,-35000,465000
2010/09/10,0,0,0,0
2010/09/13,0,0,0,0
2010/09/14,0,513000,0,513000
2010/09/15,0,0,-21000,-21000
2010/09/16,0,0,-420000,-420000
2010/09/17,0,0,-1062000,-1062000
2010/09/20,0,200000,-330000,-130000
2010/09/21,0,0,-201000,-201000
2010/09/22,0,0,0,0
2010/09/23,0,0,-818000,-818000
2010/09/24,0,0,-700000,-700000
2010/09/27,0,0,-917000,-917000
2010/09/28,0,0,0,0
2010/09/29,0,300000,0,300000
2010/09/30,0,300000,-151000,149000
2010/10/01,0,300000,0,300000
2010/10/04,0,400000,0,400000
2010/10/05,0,691000,0,691000
2010/10/06,0,1536000,0,1536000
2010/10/07,0,870000,-172000,698000
2010/10/08,0,300000,-228000,72000
2010/10/11,0,695000,0,695000
2010/10/12,0,949000,-70000,879000
2010/10/13,0,218000,-130000,88000
2010/10/14,0,851000,0,851000
2010/10/15,0,432000,-153000,279000
2010/10/18,0,384000,-1000,383000
2010/10/19,0,66000,0,66000
2010/10/20,0,32000,-70000,-38000
2010/10/21,0,0,-438000,-438000
2010/10/22,0,662000,0,662000
2010/10/25,0,0,-500000,-500000
2010/10/26,0,33000,-856000,-823000
2010/10/27,0,0,-1054000,-1054000
2010/10/28,0,0,-281000,-281000
2010/10/29,0,300000,-104000,196000
2010/11/01,0,0,0,0
2010/11/02,0,0,-401000,-401000
2010/11/03,0,57000,-447000,-390000
2010/11/04,0,577000,0,577000
2010/11/05,0,25000,0,25000
2010/11/08,0,1055000,-200000,855000
2010/11/09,0,102000,-200000,-98000
2010/11/10,0,0,-1000,-1000
2010/11/11,0,201000,0,201000
2010/11/12,0,300000,-503000,-203000
2010/11/15,0,500000,-1399000,-899000
2010/11/16,0,2000,-458000,-456000
2010/11/17,0,0,-13000,-13000
2010/11/18,0,0,-1882000,-1882000
2010/11/19,0,300000,-1493000,-1193000
2010/11/22,0,0,-2000,-2000
2010/11/23,0,0,-443000,-443000
2010/11/24,0,0,-1007000,-1007000
2010/11/25,0,0,-668000,-668000
2010/11/26,0,0,0,0
2010/11/29,0,0,-100000,-100000
2010/11/30,0,100000,0,100000
2010/12/01,0,0,-36000,-36000
2010/12/02,0,0,-2000,-2000
2010/12/03,0,200000,-1000,199000
2010/12/06,0,400000,-202000,198000
2010/12/07,0,60000,-1027000,-967000
2010/12/08,0,158000,-1189000,-1031000
2010/12/09,0,0,-920000,-920000
2010/12/10,0,47000,-1115000,-1068000
2010/12/13,0,14000,-792000,-778000
2010/12/14,0,0,-300000,-300000
2010/12/15,0,100000,0,100000
2010/12/16,0,0,-1000,-1000
2010/12/17,0,64000,-15000,49000
2010/12/20,0,0,-1000,-1000
2010/12/21,0,325000,-500000,-175000
2010/12/22,0,1000,-187000,-186000
2010/12/23,0,188000,-419000,-231000
2010/12/24,0,0,0,0
2010/12/27,0,68000,-590000,-522000
2010/12/28,0,205000,-500000,-295000
2010/12/29,0,185000,-12000,173000
2010/12/30,0,0,0,0
2010/12/31,0,0,0,0
2011/01/03,0,663000,-146000,517000
2011/01/04,0,278000,-241000,37000
2011/01/05,0,240000,-48000,192000
2011/01/06,0,55000,-24000,31000
2011/01/07,0,30000,-271000,-241000
2011/01/10,0,15000,-4000,11000
2011/01/11,0,265000,0,265000
2011/01/12,0,46000,0,46000
2011/01/13,0,60000,0,60000
2011/01/14,0,0,-155000,-155000
2011/01/17,0,0,-61000,-61000
2011/01/18,0,0,-60000,-60000
2011/01/19,0,3060000,0,3060000
2011/01/20,0,130000,-1000,129000
2011/01/21,0,110000,-479000,-369000
2011/01/24,0,85000,-29000,56000
2011/01/25,0,80000,-17000,63000
2011/01/26,0,0,-633000,-633000
2011/01/27,0,0,0,0
2011/01/28,0,39000,-175000,-136000
2011/01/31,0,0,0,0
2011/02/01,0,0,0,0
2011/02/02,0,0,0,0
2011/02/03,0,0,0,0
2011/02/04,0,0,0,0
2011/02/07,0,0,0,0
2011/02/08,0,1805000,-600000,1205000
2011/02/09,0,877000,0,877000
2011/02/10,0,180000,0,180000
2011/02/11,0,406000,-664000,-258000
2011/02/14,0,664000,-822000,-158000
2011/02/15,0,226000,0,226000
2011/02/16,0,455000,-28000,427000
2011/02/17,0,773000,-454000,319000
2011/02/18,0,0,0,0
2011/02/21,0,120000,-320000,-200000
2011/02/22,0,0,-60000,-60000
2011/02/23,0,8000,0,8000
2011/02/24,0,163000,-300000,-137000
2011/02/25,0,0,-1524000,-1524000
2011/02/28,0,0,0,0
2011/03/01,0,0,-58000,-58000
2011/03/02,0,55000,-45000,10000
2011/03/03,0,564000,-85000,479000
2011/03/04,0,130000,-85000,45000
2011/03/07,0,0,-95000,-95000
2011/03/08,0,400000,-130000,270000
2011/03/09,0,489000,-533000,-44000
2011/03/10,0,558000,0,558000
2011/03/11,0,300000,0,300000
2011/03/14,0,31000,0,31000
2011/03/15,0,200000,-1000,199000
2011/03/16,0,168000,-100000,68000
2011/03/17,0,69000,-474000,-405000
2011/03/18,0,20000,-464000,-444000
2011/03/21,0,160000,0,160000
2011/03/22,0,698000,0,698000
2011/03/23,0,1434000,0,1434000
2011/03/24,0,1005000,0,1005000
2011/03/25,0,1266000,0,1266000
2011/03/28,0,332000,0,332000
2011/03/29,0,286000,0,286000
2011/03/30,0,617000,-5000,612000
2011/03/31,0,3106000,-6000,3100000
2011/04/01,0,1345000,-26000,1319000
2011/04/04,0,0,0,0
2011/04/05,0,0,0,0
2011/04/06,0,1569000,-71000,1498000
2011/04/07,0,2254000,0,2254000
2011/04/08,0,448000,-620000,-172000
2011/04/11,0,781000,-176000,605000
2011/04/12,0,422000,0,422000
2011/04/13,0,445000,-100000,345000
2011/04/14,0,496000,-11000,485000
2011/04/15,0,707000,0,707000
2011/04/18,0,0,-768000,-768000
2011/04/19,0,980000,-138000,842000
2011/04/20,0,1124000,-100000,1024000
2011/04/21,0,1115000,-623000,492000
2011/04/22,0,1755000,-631000,1124000
2011/04/25,0,1040000,-437000,603000
2011/04/26,0,100000,-408000,-308000
2011/04/27,0,73000,-1267000,-1194000
2011/04/28,0,0,-1967000,-1967000
2011/04/29,0,0,-1239000,-1239000
2011/05/02,0,0,0,0
2011/05/03,0,6000,-556000,-550000
2011/05/04,0,6000,-622000,-616000
2011/05/05,0,6000,-692000,-686000
2011/05/06,0,161000,-2470000,-2309000
2011/05/09,0,0,-1479000,-1479000
2011/05/10,0,50000,-801000,-751000
2011/05/11,0,0,-373000,-373000
2011/05/12,0,51000,-432000,-381000
2011/05/13,0,1766000,-372000,1394000
2011/05/16,0,1000,-580000,-579000
2011/05/17,0,758000,-500000,258000
2011/05/18,0,0,-293000,-293000
2011/05/19,0,1000,0,1000
2011/05/20,0,435000,-652000,-217000
2011/05/23,0,500000,0,500000
2011/05/24,0,275000,-267000,8000
2011/05/25,0,794000,0,794000
2011/05/26,0,0,-30000,-30000
2011/05/27,0,85000,-1000,84000
2011/05/30,0,0,-100000,-100000
2011/05/31,0,0,0,0
2011/06/01,0,2000,-25000,-23000
2011/06/02,0,0,0,0
2011/06/03,0,0,-20000,-20000
2011/06/06,0,0,0,0
2011/06/07,0,18000,0,18000
2011/06/08,0,1229000,-32000,1197000
2011/06/09,0,0,-369000,-369000
2011/06/10,0,0,-96000,-96000
2011/06/13,0,100000,-415000,-315000
2011/06/14,0,24000,0,24000
2011/06/15,0,34000,-14000,20000
2011/06/16,0,15000,-12000,3000
2011/06/17,0,105000,-3000,102000
2011/06/20,0,68000,-1000,67000
2011/06/21,0,209000,-1022000,-813000
2011/06/22,0,72000,-119000,-47000
2011/06/23,0,1000,-116000,-115000
2011/06/24,0,1000,-531000,-530000
2011/06/27,0,100000,-812000,-712000
2011/06/28,0,82000,-50000,32000
2011/06/29,0,6000,0,6000
2011/06/30,0,46000,-350000,-304000
2011/07/01,0,0,-856000,-856000
2011/07/04,0,331000,-601000,-270000
2011/07/05,0,0,-501000,-501000
2011/07/06,0,101000,-301000,-200000
2011/07/07,0,200000,-1324000,-1124000
2011/07/08,0,200000,-342000,-142000
2011/07/11,0,200000,0,200000
2011/07/12,0,1000,-1078000,-1077000
2011/07/13,0,3000,-924000,-921000
2011/07/14,0,16000,0,16000
2011/07/15,0,10000,0,10000
2011/07/18,0,1000,-650000,-649000
2011/07/19,0,2000,0,2000
2011/07/20,0,7000,-100000,-93000
2011/07/21,0,3000,-120000,-117000
2011/07/22,0,0,-26000,-26000
2011/07/25,0,27000,-9000,18000
2011/07/26,0,0,-100000,-100000
2011/07/27,0,0,-2000,-2000
2011/07/28,0,1000,-756000,-755000
2011/07/29,0,0,-103000,-103000
2011/08/01,0,1000,-115000,-114000
2011/08/02,0,0,-503000,-503000
2011/08/03,0,39000,-400000,-361000
2011/08/04,0,512000,-985000,-473000
2011/08/05,0,9000,0,9000
2011/08/08,0,7000,-287000,-280000
2011/08/09,0,10000,-427000,-417000
2011/08/10,0,0,0,0
2011/08/11,0,8000,0,8000
2011/08/12,0,361000,0,361000
2011/08/15,0,86000,0,86000
2011/08/16,0,340000,-43000,297000
2011/08/17,0,0,-1000,-1000
2011/08/18,0,13000,0,13000
2011/08/19,0,33000,-141000,-108000
2011/08/22,0,10000,-2000,8000
2011/08/23,0,20000,0,20000
2011/08/24,0,0,0,0
2011/08/25,0,23000,0,23000
2011/08/26,0,8000,-66000,-58000
2011/08/29,0,38000,0,38000
2011/08/30,0,50000,-10000,40000
2011/08/31,0,0,0,0
2011/09/01,0,0,-1000,-1000
2011/09/02,0,9000,-2000,7000
2011/09/05,0,0,-55000,-55000
2011/09/06,0,0,0,0
2011/09/07,0,3000,-183000,-180000
2011/09/08,0,0,-20700,-20700
2011/09/09,0,22000,0,22000
2011/09/12,0,0,0,0
2011/09/13,0,215000,-940,214060
2011/09/14,0,2000,-132000,-130000
2011/09/15,0,0,-18000,-18000
2011/09/16,0,69000,-126000,-57000
2011/09/19,0,0,-1000,-1000
2011/09/20,0,0,0,0
2011/09/21,0,0,-2141,-2141
2011/09/22,0,0,-1000,-1000
2011/09/23,0,2000,-165000,-163000
2011/09/26,0,4000,0,4000
2011/09/27,0,2000,-250000,-248000
2011/09/28,0,0,-64000,-64000
2011/09/29,0,5000,-14000,-9000
2011/09/30,0,0,-62000,-62000
2011/10/03,0,0,0,0
2011/10/04,0,1000,-306100,-305100
2011/10/05,0,4000,-35000,-31000
2011/10/06,0,243000,-1000,242000
2011/10/07,0,310000,-20000,290000
2011/10/10,0,0,0,0
2011/10/11,0,187000,-16000,171000
2011/10/12,0,1378000,0,1378000
2011/10/13,0,212000,0,212000
2011/10/14,0,1081000,0,1081000
2011/10/17,0,382000,-704,381296
2011/10/18,0,4256,0,4256
2011/10/19,0,300000,-94500,205500
2011/10/20,0,300000,-89000,211000
2011/10/21,0,355000,0,355000
2011/10/24,0,2000,0,2000
2011/10/25,0,30000,-26000,4000
2011/10/26,0,200000,-12000,188000
2011/10/27,0,155000,-60000,95000
2011/10/28,0,1000,-367000,-366000
2011/10/31,0,0,-301000,-301000
2011/11/01,0,375000,-2000,373000
2011/11/02,0,2000,-330000,-328000
2011/11/03,0,221000,-31900,189100
2011/11/04,0,0,-2000,-2000
2011/11/07,0,45000,-73000,-28000
2011/11/08,0,2000,-764000,-762000
2011/11/09,0,0,-793500,-793500
2011/11/10,0,0,-80000,-80000
2011/11/11,0,10000,-237000,-227000
2011/11/14,0,38000,-574988,-536988
2011/11/15,0,0,-170000,-170000
2011/11/16,0,0,-8000,-8000
2011/11/17,0,475000,-45000,430000
2011/11/18,0,6000,-1300000,-1294000
2011/11/21,0,2000,-152000,-150000
2011/11/22,0,0,-57000,-57000
2011/11/23,0,3000,-384000,-381000
2011/11/24,0,37000,-238000,-201000
2011/11/25,0,4000,-99400,-95400
2011/11/28,0,1000,-85000,-84000
2011/11/29,0,1000,-900000,-899000
2011/11/30,0,25000,-885000,-860000
2011/12/01,0,0,-43000,-43000
2011/12/02,0,0,0,0
2011/12/05,0,7000,-1000,6000
2011/12/06,0,0,-1090200,-1090200
2011/12/07,0,49000,0,49000
2011/12/08,0,0,-600000,-600000
2011/12/09,0,990,-846900,-845910
2011/12/12,0,0,0,0
2011/12/13,0,506000,0,506000
2011/12/14,0,115000,-39000,76000
2011/12/15,0,0,-5000,-5000
2011/12/16,0,0,-3000,-3000
2011/12/19,0,1000,-50,950
2011/12/20,0,1000,-20000,-19000
2011/12/21,0,40000,-18000,22000
2011/12/22,0,256000,0,256000
2011/12/23,0,20000,-1000,19000
2011/12/26,0,40000,0,40000
2011/12/27,0,102000,-35000,67000
2011/12/28,0,507000,-41000,466000
2011/12/29,0,256000,-190000,66000
2011/12/30,0,584000,-2000,582000
2012/01/02,0,29000,0,29000
2012/01/03,0,0,-4000,-4000
2012/01/04,0,339000,0,339000
2012/01/05,0,14000,-40151,-26151
2012/01/06,0,0,-1000,-1000
2012/01/09,0,0,0,0
2012/01/10,0,120000,0,120000
2012/01/11,0,100000,-1000,99000
2012/01/12,0,0,-331000,-331000
2012/01/13,0,40000,-4000,36000
2012/01/16,0,0,-320000,-320000
2012/01/17,0,13000,-576000,-563000
2012/01/18,0,0,-193000,-193000
2012/01/19,0,0,0,0
2012/01/20,0,0,0,0
2012/01/23,0,0,0,0
2012/01/24,0,0,0,0
2012/01/25,0,0,0,0
2012/01/26,0,0,0,0
2012/01/27,0,0,0,0
2012/01/30,0,0,-356000,-356000
2012/01/31,0,67000,0,67000
2012/02/01,0,67000,-114000,-47000
2012/02/02,0,33000,-31000,2000
2012/02/03,0,527000,-11000,516000
2012/02/06,0,168000,-253200,-85200
2012/02/07,0,0,-1094700,-1094700
2012/02/08,0,0,-25000,-25000
2012/02/09,0,73,-1401000,-1400927
2012/02/10,0,0,-230000,-230000
2012/02/13,0,0,-150000,-150000
2012/02/14,0,0,-789000,-789000
2012/02/15,0,0,-3000,-3000
2012/02/16,0,256000,-36700,219300
2012/02/17,0,3000,-191000,-188000
2012/02/20,0,0,-439000,-439000
2012/02/21,0,0,-98000,-98000
2012/02/22,0,0,-157000,-157000
2012/02/23,0,0,-1000,-1000
2012/02/24,0,0,-3000,-3000
2012/02/27,0,0,0,0
2012/02/28,0,0,0,0
2012/02/29,0,278000,-1000,277000
2012/03/01,0,0,0,0
2012/03/02,0,0,-15000,-15000
2012/03/05,0,96000,0,96000
2012/03/06,0,0,-250000,-250000
2012/03/07,0,0,-1000,-1000
2012/03/08,0,871,-2000,-1129
2012/03/09,0,0,0,0
2012/03/12,0,221000,-3000,218000
2012/03/13,0,0,-28000,-28000
2012/03/14,0,21000,0,21000
2012/03/15,0,18000,-552000,-534000
2012/03/16,0,388000,-730000,-342000
2012/03/19,0,0,-163500,-163500
2012/03/20,0,0,-35000,-35000
2012/03/21,0,0,0,0
2012/03/22,0,0,0,0
2012/03/23,0,0,0,0
2012/03/26,0,0,-1000,-1000
2012/03/27,0,0,-36000,-36000
2012/03/28,0,0,0,0
2012/03/29,0,0,0,0
2012/03/30,0,0,-1000,-1000
2012/04/02,0,0,-201000,-201000
2012/04/03,0,0,-200000,-200000
2012/04/04,0,0,0,0
2012/04/05,0,5750,0,5750
2012/04/06,0,0,-200000,-200000
2012/04/09,0,0,-1000,-1000
2012/04/10,0,3000,0,3000
2012/04/11,0,0,0,0
2012/04/12,0,0,0,0
2012/04/13,0,0,0,0
2012/04/16,0,6000,0,6000
2012/04/17,0,0,0,0
2012/04/18,0,0,-200000,-200000
2012/04/19,0,0,-400000,-400000
2012/04/20,0,0,-300000,-300000
2012/04/23,0,1000,-420000,-419000
2012/04/24,0,2000,0,2000
2012/04/25,0,0,-200000,-200000
2012/04/26,0,0,0,0
2012/04/27,0,0,-80000,-80000
2012/04/30,0,0,-228000,-228000
2012/05/01,0,0,0,0
2012/05/02,0,8000,0,8000
2012/05/03,0,0,-103914,-103914
2012/05/04,0,0,-614000,-614000
2012/05/07,0,0,-651000,-651000
2012/05/08,0,392000,-86000,306000
2012/05/09,0,0,0,0
2012/05/10,0,0,0,0
2012/05/11,0,46000,0,46000
2012/05/14,0,0,0,0
2012/05/15,0,6000,0,6000
2012/05/16,0,7000,0,7000
2012/05/17,0,0,0,0
2012/05/18,0,0,-30000,-30000
2012/05/21,0,0,0,0
2012/05/22,0,0,0,0
2012/05/23,0,7000,-2000,5000
2012/05/24,0,0,0,0
2012/05/25,0,0,0,0
2012/05/28,0,0,-49000,-49000
2012/05/29,0,1000,-96000,-95000
2012/05/30,0,0,-197972,-197972
2012/05/31,0,0,0,0
2012/06/01,0,0,0,0
2012/06/04,0,3000,0,3000
2012/06/05,0,3000,0,3000
2012/06/06,0,0,0,0
2012/06/07,0,0,0,0
2012/06/08,0,21000,0,21000
2012/06/11,0,207000,0,207000
2012/06/12,0,325000,0,325000
2012/06/13,0,13000,0,13000
2012/06/14,0,31000,0,31000
2012/06/15,0,201000,-2000,199000
2012/06/18,0,50000,-55000,-5000
2012/06/19,0,0,-57000,-57000
2012/06/20,0,0,-36000,-36000
2012/06/21,0,0,0,0
2012/06/22,0,0,0,0
2012/06/25,0,0,-108000,-108000
2012/06/26,0,3861,-10000,-6139
2012/06/27,0,0,0,0
2012/06/28,0,0,-3000,-3000
2012/06/29,0,0,0,0
2012/07/02,0,0,-1000,-1000
2012/07/03,0,1000,0,1000
2012/07/04,0,0,0,0
2012/07/05,0,60000,-1000,59000
2012/07/06,0,204000,0,204000
2012/07/09,0,0,0,0
2012/07/10,0,0,0,0
2012/07/11,0,0,-33000,-33000
2012/07/12,0,0,0,0
2012/07/13,0,0,-78000,-78000
2012/07/16,0,0,-151000,-151000
2012/07/17,0,14000,0,14000
2012/07/18,0,250000,0,250000
2012/07/19,0,0,0,0
2012/07/20,0,0,0,0
2012/07/23,0,0,0,0
2012/07/24,0,0,0,0
2012/07/25,0,0,0,0
2012/07/26,0,3000,-110000,-107000
2012/07/27,0,30000,0,30000
2012/07/30,0,0,-180000,-180000
2012/07/31,0,0,-14000,-14000
2012/08/01,0,0,0,0
2012/08/02,0,0,0,0
2012/08/03,0,0,0,0
2012/08/06,0,14000,0,14000
2012/08/07,0,1000,-86000,-85000
2012/08/08,0,24000,-10000,14000
2012/08/09,0,275000,-188000,87000
2012/08/10,0,500,-177000,-176500
2012/08/13,0,0,-2000,-2000
2012/08/14,0,0,-325000,-325000
2012/08/15,0,0,-361000,-361000
2012/08/16,0,0,-503000,-503000
2012/08/17,0,37000,-589562,-552562
2012/08/20,0,0,-3000,-3000
2012/08/21,0,0,-400000,-400000
2012/08/22,0,0,-524000,-524000
2012/08/23,0,1000,-54000,-53000
2012/08/24,0,0,-227000,-227000
2012/08/27,0,4000,-28000,-24000
2012/08/28,0,1000,-152000,-151000
2012/08/29,0,0,-412000,-412000
2012/08/30,0,0,-3000,-3000
2012/08/31,0,2000,-20000,-18000
2012/09/03,0,0,-180900,-180900
2012/09/04,0,0,-18000,-18000
2012/09/05,0,0,0,0
2012/09/06,0,1000,-60000,-59000
2012/09/07,0,1000,-18700,-17700
2012/09/10,0,0,0,0
2012/09/11,0,0,0,0
2012/09/12,0,11000,-2000,9000
2012/09/13,0,500,0,500
2012/09/14,0,100000,0,100000
2012/09/17,0,1000,0,1000
2012/09/18,0,0,-49000,-49000
2012/09/19,0,0,-37000,-37000
2012/09/20,0,0,0,0
2012/09/21,0,0,-126000,-126000
2012/09/24,0,0,0,0
2012/09/25,0,0,0,0
2012/09/26,0,0,-2000,-2000
2012/09/27,0,2000,0,2000
2012/09/28,0,1000,-75000,-74000
2012/10/01,0,34000,0,34000
2012/10/02,0,33000,0,33000
2012/10/03,0,0,0,0
2012/10/04,0,0,0,0
2012/10/05,0,0,0,0
2012/10/08,0,0,0,0
2012/10/09,0,0,0,0
2012/10/10,0,0,0,0
2012/10/11,0,0,-4000,-4000
2012/10/12,0,0,-5000,-5000
2012/10/15,0,0,0,0
2012/10/16,0,0,0,0
2012/10/17,0,0,0,0
2012/10/18,0,2000,0,2000
2012/10/19,0,0,0,0
2012/10/22,0,0,0,0
2012/10/23,0,0,-19000,-19000
2012/10/24,0,0,-1000,-1000
2012/10/25,0,0,-2000,-2000
2012/10/26,0,0,0,0
2012/10/29,0,0,-4537,-4537
2012/10/30,0,0,0,0
2012/10/31,0,0,0,0
2012/11/01,0,0,-15000,-15000
2012/11/02,0,0,-67000,-67000
2012/11/05,0,0,-20000,-20000
2012/11/06,0,0,0,0
2012/11/07,0,0,0,0
2012/11/08,0,0,-3000,-3000
2012/11/09,0,0,0,0
2012/11/12,0,0,-21000,-21000
2012/11/13,0,1000,0,1000
2012/11/14,0,0,-20000,-20000
2012/11/15,0,0,0,0
2012/11/16,0,2000,0,2000
2012/11/19,0,0,0,0
2012/11/20,0,0,0,0
2012/11/21,0,0,0,0
2012/11/22,0,0,-2000,-2000
2012/11/23,0,0,0,0
2012/11/26,0,0,0,0
2012/11/27,0,0,0,0
2012/11/28,0,61000,-2000,59000
2012/11/29,0,0,0,0
2012/11/30,0,0,-2000,-2000
2012/12/03,0,0,0,0
2012/12/04,0,0,0,0
2012/12/05,0,0,-1000,-1000
2012/12/06,0,0,0,0
2012/12/07,0,0,0,0
2012/12/10,0,0,-12000,-12000
2012/12/11,0,0,0,0
2012/12/12,0,0,-33000,-33000
2012/12/13,0,1000,-136000,-135000
2012/12/14,0,0,-69000,-69000
2012/12/17,0,0,0,0
2012/12/18,0,0,-258000,-258000
2012/12/19,0,0,-39200,-39200
2012/12/20,0,0,-104000,-104000
2012/12/21,0,0,-11000,-11000
2012/12/24,0,0,0,0
2012/12/25,0,0,0,0
2012/12/26,0,0,-172900,-172900
2012/12/27,0,0,-65000,-65000
2012/12/28,0,0,-85000,-85000
2012/12/31,0,0,0,0
2013/01/01,0,0,0,0
2013/01/02,0,0,0,0
2013/01/03,0,0,-1000,-1000
2013/01/04,0,0,-205950,-205950
2013/01/07,0,0,-52000,-52000
2013/01/08,0,0,-187000,-187000
2013/01/09,0,0,-478200,-478200
2013/01/10,0,0,-400500,-400500
2013/01/11,0,0,-1000,-1000
2013/01/14,0,0,-120700,-120700
2013/01/15,0,0,0,0
2013/01/16,0,0,-2000,-2000
2013/01/17,0,131141,-21000,110141
2013/01/18,0,60000,0,60000
2013/01/21,0,0,-4000,-4000
2013/01/22,0,50000,-1000,49000
2013/01/23,0,0,0,0
2013/01/24,0,0,-3000,-3000
2013/01/25,0,0,-1000,-1000
2013/01/28,0,0,0,0
2013/01/29,0,0,0,0
2013/01/30,0,0,0,0
2013/01/31,0,3000,-1000,2000
2013/02/01,0,20000,0,20000
2013/02/04,0,43000,0,43000
2013/02/05,0,34000,0,34000
2013/02/06,0,125000,-5000,120000
2013/02/07,0,0,0,0
2013/02/08,0,0,0,0
2013/02/11,0,0,0,0
2013/02/12,0,0,0,0
2013/02/13,0,0,0,0
2013/02/14,0,0,0,0
2013/02/15,0,0,0,0
2013/02/18,0,0,0,0
2013/02/19,0,125000,-2000,123000
2013/02/20,0,0,0,0
2013/02/21,0,50000,-2000,48000
2013/02/22,0,0,-5000,-5000
2013/02/25,0,30000,0,30000
2013/02/26,0,0,0,0
2013/02/27,0,0,0,0
2013/02/28,0,0,0,0
2013/03/01,0,0,0,0
2013/03/04,0,0,0,0
2013/03/05,0,0,-1000,-1000
2013/03/06,0,0,-18000,-18000
2013/03/07,0,0,0,0
2013/03/08,0,0,-5000,-5000
2013/03/11,0,0,-9000,-9000
2013/03/12,0,0,0,0
2013/03/13,0,0,-254000,-254000
2013/03/14,0,0,-1000,-1000
2013/03/15,0,0,-162000,-162000
2013/03/18,0,7000,-3000,4000
2013/03/19,0,0,0,0
2013/03/20,0,0,0,0
2013/03/21,0,0,-300000,-300000
2013/03/22,0,0,-1000,-1000
2013/03/25,0,0,0,0
2013/03/26,0,0,0,0
2013/03/27,0,0,-14000,-14000
2013/03/28,0,0,0,0
2013/03/29,0,5000,0,5000
2013/04/01,0,0,-1000,-1000
2013/04/02,0,0,0,0
2013/04/03,0,0,0,0
2013/04/04,0,0,0,0
2013/04/05,0,0,0,0
2013/04/08,0,0,0,0
2013/04/09,0,0,0,0
2013/04/10,0,0,0,0
2013/04/11,0,0,0,0
2013/04/12,0,0,0,0
2013/04/15,0,0,-2000,-2000
2013/04/16,0,0,0,0
2013/04/17,0,5000,-109000,-104000
2013/04/18,0,0,0,0
2013/04/19,0,0,-349,-349
2013/04/22,0,0,-19150,-19150
2013/04/23,0,0,-2000,-2000
2013/04/24,0,0,0,0
2013/04/25,0,0,-4000,-4000
2013/04/26,0,0,-1000,-1000
2013/04/29,0,0,-11000,-11000
2013/04/30,0,0,0,0
2013/05/01,0,0,0,0
2013/05/02,0,0,0,0
2013/05/03,0,0,-125000,-125000
2013/05/06,0,0,-179000,-179000
2013/05/07,0,0,0,0
2013/05/08,0,0,0,0
2013/05/09,0,0,0,0
2013/05/10,0,0,-17000,-17000
2013/05/13,0,0,-2000,-2000
2013/05/14,0,0,-179500,-179500
2013/05/15,0,0,0,0
2013/05/16,0,0,0,0
2013/05/17,0,0,0,0
2013/05/20,0,0,-1000,-1000
2013/05/21,0,0,0,0
2013/05/22,0,0,-3000,-3000
2013/05/23,0,0,0,0
2013/05/24,0,0,-3000,-3000
2013/05/27,0,0,0,0
2013/05/28,0,0,0,0
2013/05/29,0,0,-1000,-1000
2013/05/30,0,4000,0,4000
2013/05/31,0,2000,0,2000
2013/06/03,0,0,0,0
2013/06/04,0,0,0,0
2013/06/05,0,0,0,0
2013/06/06,0,0,0,0
2013/06/07,0,0,0,0
2013/06/10,0,0,0,0
2013/06/11,0,0,-15000,-15000
2013/06/12,0,0,0,0
2013/06/13,0,0,-14000,-14000
2013/06/14,0,0,0,0
2013/06/17,0,0,0,0
2013/06/18,0,0,0,0
2013/06/19,0,0,0,0
2013/06/20,0,0,0,0
2013/06/21,0,7000,-1000,6000
2013/06/24,0,0,-1000,-1000
2013/06/25,0,0,-45000,-45000
2013/06/26,0,0,-1000,-1000
2013/06/27,0,0,-27000,-27000
2013/06/28,0,0,0,0
2013/07/01,0,0,-1000,-1000
2013/07/02,0,0,0,0
2013/07/03,0,0,0,0
2013/07/04,0,6000,0,6000
2013/07/05,0,2000,0,2000
2013/07/08,0,0,0,0
2013/07/09,0,0,0,0
2013/07/10,0,0,0,0
2013/07/11,0,9895,-94400,-84505
2013/07/12,0,0,-1000,-1000
2013/07/15,0,0,0,0
2013/07/16,0,0,0,0
2013/07/17,0,0,0,0
2013/07/18,0,0,0,0
2013/07/19,0,0,-1000,-1000
2013/07/22,0,0,-600,-600
2013/07/23,0,1000,0,1000
2013/07/24,0,0,0,0
2013/07/25,0,0,0,0
2013/07/26,0,0,0,0
2013/07/29,0,0,0,0
2013/07/30,0,2000,0,2000
2013/07/31,0,0,-211000,-211000
2013/08/01,0,0,0,0
2013/08/02,0,0,0,0
2013/08/05,0,0,-1000,-1000
2013/08/06,0,0,0,0
2013/08/07,0,0,0,0
2013/08/08,0,0,0,0
2013/08/09,0,0,0,0
2013/08/12,0,0,0,0
2013/08/13,0,0,0,0
2013/08/14,0,1000,0,1000
2013/08/15,0,0,0,0
2013/08/16,0,1000,-2000,-1000
2013/08/19,0,1000,0,1000
2013/08/20,0,0,0,0
2013/08/21,0,0,0,0
2013/08/22,0,1000,0,1000
2013/08/23,0,2000,0,2000
2013/08/26,0,3000,0,3000
2013/08/27,0,0,0,0
2013/08/28,0,1000,0,1000
2013/08/29,0,0,0,0
2013/08/30,0,3000,-1000,2000
2013/09/02,0,0,0,0
2013/09/03,0,0,-3649,-3649
2013/09/04,0,0,0,0
2013/09/05,0,0,-1000,-1000
2013/09/06,0,2000,0,2000
2013/09/09,0,0,-500,-500
2013/09/10,0,0,0,0
2013/09/11,0,3000,0,3000
2013/09/12,0,0,-2000,-2000
2013/09/13,0,0,-2000,-2000
2013/09/16,0,1000,0,1000
2013/09/17,0,0,0,0
2013/09/18,0,275000,-20000,255000
2013/09/19,0,0,0,0
2013/09/20,0,0,0,0
2013/09/23,0,0,-3000,-3000
2013/09/24,0,0,0,0
2013/09/25,0,0,0,0
2013/09/26,0,0,0,0
2013/09/27,0,2000,0,2000
2013/09/30,0,1000,-1000,0
2013/10/01,0,0,0,0
2013/10/02,0,0,0,0
2013/10/03,0,1000,0,1000
2013/10/04,0,0,0,0
2013/10/07,0,0,0,0
2013/10/08,0,0,0,0
2013/10/09,0,50000,0,50000
2013/10/10,0,0,0,0
2013/10/11,0,0,0,0
2013/10/14,0,110000,0,110000
2013/10/15,0,0,0,0
2013/10/16,0,90000,0,90000
2013/10/17,0,0,0,0
2013/10/18,0,130000,0,130000
2013/10/21,0,0,0,0
2013/10/22,0,91000,0,91000
2013/10/23,0,61000,0,61000
2013/10/24,0,39000,0,39000
2013/10/25,0,70000,0,70000
2013/10/28,0,80000,-2000,78000
2013/10/29,0,0,0,0
2013/10/30,0,0,0,0
2013/10/31,0,3000,0,3000
2013/11/01,0,0,0,0
2013/11/04,0,0,0,0
2013/11/05,0,0,0,0
2013/11/06,0,0,0,0
2013/11/07,0,40000,0,40000
2013/11/08,0,0,0,0
2013/11/11,0,0,0,0
2013/11/12,0,0,0,0
2013/11/13,0,0,-4000,-4000
2013/11/14,0,21000,0,21000
2013/11/15,0,0,0,0
2013/11/18,0,0,-95800,-95800
2013/11/19,0,0,0,0
2013/11/20,0,0,0,0
2013/11/21,0,1000,0,1000
2013/11/22,0,0,-853200,-853200
2013/11/25,0,7637,0,7637
2013/11/26,0,0,0,0
2013/11/27,0,0,0,0
2013/11/28,0,0,0,0
2013/11/29,0,0,0,0
2013/12/02,0,0,0,0
2013/12/03,0,0,0,0
2013/12/04,0,0,0,0
2013/12/05,0,0,0,0
2013/12/06,0,0,0,0
2013/12/09,0,0,0,0
2013/12/10,0,0,0,0
2013/12/11,0,0,0,0
2013/12/12,0,0,0,0
2013/12/13,0,0,0,0
2013/12/16,0,0,0,0
2013/12/17,0,0,-16000,-16000
2013/12/18,0,0,-8677,-8677
2013/12/19,0,0,0,0
2013/12/20,0,104000,-4000,100000
2013/12/23,0,0,0,0
2013/12/24,0,0,-2000,-2000
2013/12/25,0,0,-1000,-1000
2013/12/26,0,0,0,0
2013/12/27,0,1000,0,1000
2013/12/30,0,0,-5000,-5000
2013/12/31,0,0,-1000,-1000
2014/01/02,0,0,-4000,-4000
2014/01/03,0,0,0,0
2014/01/06,0,0,0,0
2014/01/07,0,0,0,0
2014/01/08,0,0,0,0
2014/01/09,0,0,0,0
2014/01/10,0,0,0,0
2014/01/13,0,0,0,0
2014/01/14,0,0,0,0
2014/01/15,0,1000,0,1000
2014/01/16,0,0,0,0
2014/01/17,0,0,0,0
2014/01/20,0,0,0,0
2014/01/21,0,0,-1000,-1000
2014/01/22,0,0,0,0
2014/01/23,0,0,0,0
2014/01/24,0,0,0,0
2014/01/27,0,0,0,0
2014/02/05,0,0,0,0
2014/02/06,0,0,0,0
2014/02/07,0,0,0,0
2014/02/10,0,0,0,0
2014/02/11,0,0,0,0
2014/02/12,0,0,0,0
2014/02/13,0,688,-4000,-3312
2014/02/14,0,0,0,0
2014/02/17,0,0,0,0
2014/02/18,0,0,0,0
2014/02/19,0,0,-9000,-9000
2014/02/20,0,0,-9000,-9000
2014/02/21,0,1000,0,1000
2014/02/24,0,2000,0,2000
2014/02/25,0,0,0,0
2014/02/26,0,0,0,0
2014/02/27,0,0,0,0
2014/03/03,0,0,0,0
2014/03/04,0,0,0,0
2014/03/05,0,0,0,0
2014/03/06,0,0,-1000,-1000
2014/03/07,0,0,0,0
2014/03/10,0,0,-1000,-1000
2014/03/11,0,0,-1000,-1000
2014/03/12,0,0,0,0
2014/03/13,0,0,0,0
2014/03/14,0,0,0,0
2014/03/17,0,0,0,0
2014/03/18,0,0,0,0
2014/03/19,0,0,0,0
2014/03/20,0,0,-2000,-2000
2014/03/21,0,785000,-2000,783000
2014/03/24,0,0,0,0
2014/03/25,0,0,0,0
2014/03/26,0,0,0,0
2014/03/27,0,0,0,0
2014/03/28,0,0,-1000,-1000
2014/03/31,0,0,0,0
2014/04/01,0,0,-6000,-6000
2014/04/02,0,0,0,0
2014/04/03,0,0,-8000,-8000
2014/04/07,0,0,0,0
2014/04/08,0,0,0,0
2014/04/09,0,0,0,0
2014/04/10,0,0,-5998,-5998
2014/04/11,0,0,0,0
2014/04/14,0,0,0,0
2014/04/15,0,0,0,0
2014/04/16,0,0,0,0
2014/04/17,0,0,0,0
2014/04/18,0,0,0,0
2014/04/21,0,0,-1000,-1000
2014/04/22,0,0,0,0
2014/04/23,0,0,0,0
2014/04/24,0,0,0,0
2014/04/25,0,0,0,0
2014/04/28,0,0,0,0
2014/04/29,0,0,0,0
2014/04/30,0,0,0,0
2014/05/02,0,0,0,0
2014/05/05,0,100000,0,100000
2014/05/06,0,100000,0,100000
2014/05/07,0,0,0,0
2014/05/08,0,0,0,0
2014/05/09,0,0,0,0
2014/05/12,0,0,0,0
2014/05/13,0,2000,0,2000
2014/05/14,0,0,0,0
2014/05/15,0,0,0,0
2014/05/16,0,6000,0,6000
2014/05/19,0,0,0,0
2014/05/20,0,0,0,0
2014/05/21,0,0,0,0
2014/05/22,0,0,0,0
2014/05/23,0,0,0,0
2014/05/26,0,0,-2000,-2000
2014/05/27,0,0,-4000,-4000
2014/05/28,0,0,0,0
2014/05/29,0,0,-1000,-1000
2014/05/30,0,0,-4000,-4000
2014/06/03,0,0,0,0
2014/06/04,0,0,0,0
2014/06/05,0,0,0,0
2014/06/06,0,0,0,0
2014/06/09,0,0,0,0
2014/06/10,0,0,-1000,-1000
2014/06/11,0,0,-3000,-3000
2014/06/12,0,0,-5000,-5000
2014/06/13,0,0,-2000,-2000
2014/06/16,0,0,0,0
2014/06/17,0,0,0,0
2014/06/18,0,0,0,0
2014/06/19,0,0,0,0
2014/06/20,0,26000,-1000,25000
2014/06/23,0,18980,0,18980
2014/06/24,0,1000,-1000,0
2014/06/25,0,0,0,0
2014/06/26,0,0,0,0
2014/06/27,0,0,0,0
2014/06/30,0,0,-3000,-3000
2014/07/01,0,0,0,0
2014/07/02,0,1558,0,1558
2014/07/03,0,0,0,0
2014/07/04,0,0,-39000,-39000
2014/07/07,0,0,0,0
2014/07/08,0,0,-1000,-1000
2014/07/09,0,0,0,0
2014/07/10,0,0,-38000,-38000
2014/07/11,0,0,0,0
2014/07/14,0,0,0,0
2014/07/15,0,0,-1000,-1000
2014/07/16,0,0,0,0
2014/07/17,0,4000,0,4000
2014/07/18,0,0,0,0
2014/07/21,0,0,0,0
2014/07/22,0,3000,0,3000
2014/07/23,0,0,0,0
2014/07/24,0,1000,0,1000
2014/07/25,0,1000,0,1000
2014/07/28,0,0,0,0
2014/07/29,0,1000,0,1000
2014/07/30,0,43000,0,43000
2014/07/31,0,6000,0,6000
2014/08/01,0,4000,0,4000
2014/08/04,0,0,0,0
2014/08/05,0,0,0,0
2014/08/06,0,1000,0,1000
2014/08/07,0,18000,0,18000
2014/08/08,0,14000,0,14000
2014/08/11,0,2000,0,2000
2014/08/12,0,6000,0,6000
2014/08/13,0,5000,0,5000
2014/08/14,0,2000,0,2000
2014/08/15,0,2000,0,2000
2014/08/18,0,0,0,0
2014/08/19,0,1000,0,1000
2014/08/20,0,4000,0,4000
2014/08/21,0,1000,-9000,-8000
2014/08/22,0,0,0,0
2014/08/25,0,3000,0,3000
2014/08/26,0,0,0,0
2014/08/27,0,0,0,0
2014/08/28,0,5000,-12000,-7000
2014/08/29,0,0,-1000,-1000
2014/09/01,0,0,0,0
2014/09/02,0,0,0,0
2014/09/03,0,2000,0,2000
2014/09/04,0,3000,0,3000
2014/09/05,0,3000,0,3000
2014/09/09,0,0,0,0
2014/09/10,0,0,0,0
2014/09/11,0,4000,0,4000
2014/09/12,0,4000,0,4000
2014/09/15,0,1000,0,1000
2014/09/16,0,0,0,0
2014/09/17,0,2000,0,2000
2014/09/18,0,0,0,0
2014/09/19,0,0,-877000,-877000
2014/09/22,0,8604,-325000,-316396
2014/09/23,0,6000,0,6000
2014/09/24,0,0,0,0
2014/09/25,0,0,0,0
2014/09/26,0,0,0,0
2014/09/29,0,0,0,0
2014/09/30,0,3000,0,3000
2014/10/01,0,0,0,0
2014/10/02,0,0,-1450,-1450
2014/10/03,0,0,0,0
2014/10/06,0,2000,0,2000
2014/10/07,0,0,0,0
2014/10/08,0,1000,0,1000
2014/10/09,0,0,0,0
2014/10/13,0,0,0,0
2014/10/14,0,500,0,500
2014/10/15,0,0,0,0
2014/10/16,0,0,0,0
2014/10/17,0,0,0,0
2014/10/20,0,0,0,0
2014/10/21,0,0,-92000,-92000
2014/10/22,0,0,0,0
2014/10/23,0,0,-2000,-2000
2014/10/24,0,0,0,0
2014/10/27,0,0,0,0
2014/10/28,0,0,0,0
2014/10/29,0,1000,0,1000
2014/10/30,0,0,-38000,-38000
2014/10/31,0,0,0,0
2014/11/03,0,0,0,0
2014/11/04,0,0,-150,-150
2014/11/05,0,0,0,0
2014/11/06,0,0,0,0
2014/11/07,0,0,0,0
2014/11/10,0,0,0,0
2014/11/11,0,5000,0,5000
2014/11/12,0,2000,0,2000
2014/11/13,0,0,0,0
2014/11/14,0,0,0,0
2014/11/17,0,0,0,0
2014/11/18,0,0,0,0
2014/11/19,0,0,0,0
2014/11/20,0,0,0,0
2014/11/21,0,1000,0,1000
2014/11/24,0,0,0,0
2014/11/25,0,0,0,0
2014/11/26,0,0,-1000,-1000
2014/11/27,0,0,0,0
2014/11/28,0,0,0,0
2014/12/01,0,0,0,0
2014/12/02,0,0,0,0
2014/12/03,0,0,0,0
2014/12/04,0,0,0,0
2014/12/05,0,0,0,0
2014/12/08,0,0,0,0
2014/12/09,0,0,0,0
2014/12/10,0,0,0,0
2014/12/11,0,0,-99,-99
2014/12/12,0,0,0,0
2014/12/15,0,0,0,0
2014/12/16,0,0,0,0
2014/12/17,0,0,0,0
2014/12/18,0,0,0,0
2014/12/19,0,0,-4000,-4000
2014/12/22,0,0,0,0
2014/12/23,0,0,0,0
2014/12/24,0,0,0,0
2014/12/25,0,0,0,0
2014/12/26,0,0,0,0
2014/12/29,0,0,0,0
2014/12/30,0,0,0,0
2014/12/31,0,0,0,0
2015/01/01,0,0,0,0
2015/01/02,0,0,0,0
2015/01/05,0,0,0,0
2015/01/06,0,0,0,0
2015/01/07,0,0,0,0
2015/01/08,0,0,0,0
2015/01/09,0,0,0,0
2015/01/12,0,0,0,0
2015/01/13,0,28000,0,28000
2015/01/14,0,0,0,0
2015/01/15,0,0,0,0
2015/01/16,0,0,0,0
2015/01/19,0,0,-1000,-1000
2015/01/20,0,0,0,0
2015/01/21,0,0,0,0
2015/01/22,0,0,-7000,-7000
2015/01/23,0,0,0,0
2015/01/26,0,0,0,0
2015/01/27,0,0,0,0
2015/01/28,0,0,0,0
2015/01/29,0,0,0,0
2015/01/30,0,0,0,0
2015/02/02,0,0,0,0
2015/02/03,0,0,0,0
2015/02/04,0,0,0,0
2015/02/05,0,0,0,0
2015/02/06,0,0,-1000,-1000
2015/02/09,0,0,0,0
2015/02/10,0,0,0,0
2015/02/11,0,0,0,0
2015/02/12,0,0,0,0
2015/02/13,0,0,0,0
2015/02/16,0,0,0,0
2015/02/17,0,0,0,0
2015/02/18,0,0,0,0
2015/02/19,0,0,0,0
2015/02/20,0,0,0,0
2015/02/23,0,0,0,0
2015/02/24,0,0,0,0
2015/02/25,0,0,0,0
2015/02/26,0,186000,-29093,156907
2015/02/27,0,0,0,0
2015/03/02,0,91000,0,91000
2015/03/03,0,0,0,0
2015/03/04,0,0,0,0
2015/03/05,0,0,0,0
2015/03/06,0,0,0,0
2015/03/09,0,0,0,0
2015/03/10,0,0,-92000,-92000
2015/03/11,0,0,-115000,-115000
2015/03/12,0,167,-20000,-19833
2015/03/13,0,0,-50000,-50000
2015/03/16,0,0,0,0
2015/03/17,0,0,0,0
2015/03/18,0,0,0,0
2015/03/19,0,0,0,0
2015/03/20,0,0,-2091000,-2091000
2015/03/23,0,0,-31588,-31588
2015/03/24,0,0,0,0
2015/03/25,0,0,0,0
2015/03/26,0,0,0,0
2015/03/27,0,0,0,0
2015/03/30,0,0,0,0
2015/03/31,0,0,0,0
2015/04/01,0,0,-28000,-28000
2015/04/02,0,0,0,0
2015/04/03,0,0,0,0
2015/04/06,0,0,0,0
2015/04/07,0,0,0,0
2015/04/08,0,0,0,0
2015/04/09,0,0,0,0
2015/04/10,0,0,0,0
2015/04/13,0,0,0,0
2015/04/14,0,0,0,0
2015/04/15,0,0,-6289,-6289
2015/04/16,0,0,0,0
2015/04/17,0,0,0,0
2015/04/20,0,0,-1000,-1000
2015/04/21,0,0,0,0
2015/04/22,0,0,0,0
2015/04/23,0,0,0,0
2015/04/24,0,0,0,0
2015/04/27,0,0,0,0
2015/04/28,0,0,0,0
2015/04/29,0,0,-1000,-1000
2015/04/30,0,0,0,0
2015/05/01,0,0,0,0
2015/05/04,0,0,0,0
2015/05/05,0,0,0,0
2015/05/06,0,0,0,0
2015/05/07,0,0,0,0
2015/05/08,0,0,0,0
2015/05/11,0,0,0,0
2015/05/12,0,0,0,0
2015/05/13,0,0,0,0
2015/05/14,0,130000,0,130000
2015/05/15,0,119000,-5000,114000
2015/05/18,0,0,0,0
2015/05/19,0,0,0,0
2015/05/20,0,0,0,0
2015/05/21,0,0,0,0
2015/05/22,0,0,0,0
2015/05/25,0,0,0,0
2015/05/26,0,0,0,0
2015/05/27,0,0,0,0
2015/05/28,0,0,0,0
2015/05/29,0,0,0,0
2015/06/01,0,0,0,0
2015/06/02,0,0,0,0
2015/06/03,0,0,0,0
2015/06/04,0,0,-2449,-2449
2015/06/05,0,0,-1000,-1000
2015/06/08,0,0,0,0
2015/06/09,0,0,0,0
2015/06/10,0,0,0,0
2015/06/11,0,0,0,0
2015/06/12,0,0,0,0
2015/06/15,0,0,0,0
2015/06/16,0,0,0,0
2015/06/17,0,0,0,0
2015/06/18,0,0,-1000,-1000
2015/06/19,0,0,0,0
2015/06/22,0,0,-3720,-3720
2015/06/23,0,0,0,0
2015/06/24,0,0,0,0
2015/06/25,0,0,0,0
2015/06/26,0,0,0,0
2015/06/29,0,0,0,0
2015/06/30,0,0,0,0
2015/07/01,0,0,0,0
2015/07/02,0,0,0,0
2015/07/03,0,0,0,0
2015/07/06,0,0,0,0
2015/07/07,0,0,0,0
2015/07/08,0,0,0,0
2015/07/09,0,0,0,0
2015/07/10,0,0,0,0
2015/07/13,0,0,0,0
2015/07/14,0,0,0,0
2015/07/15,0,4000,0,4000
2015/07/16,0,0,0,0
2015/07/17,0,21000,0,21000
2015/07/20,0,0,0,0
2015/07/21,0,1000,0,1000
2015/07/22,0,0,0,0
2015/07/23,0,0,0,0
2015/07/24,0,0,0,0
2015/07/27,0,0,0,0
2015/07/28,0,7000,-74000,-67000
2015/07/29,0,0,0,0
2015/07/30,0,0,0,0
2015/07/31,0,0,0,0
2015/08/03,0,0,0,0
2015/08/04,0,0,-44000,-44000
2015/08/05,0,0,-131000,-131000
2015/08/06,0,0,0,0
2015/08/07,0,0,0,0
2015/08/10,0,0,0,0
2015/08/11,0,0,0,0
2015/08/12,0,0,0,0
2015/08/13,0,0,0,0
2015/08/14,0,0,0,0
2015/08/17,0,0,0,0
2015/08/18,0,0,0,0
2015/08/19,0,0,0,0
2015/08/20,0,0,0,0
2015/08/21,0,0,-1000,-1000
2015/08/24,0,0,0,0
2015/08/25,0,3000,0,3000
2015/08/26,0,407,0,407
2015/08/27,0,0,0,0
2015/08/28,0,2000,0,2000
2015/08/31,0,0,-2000,-2000
2015/09/01,0,0,-4000,-4000
2015/09/02,0,0,0,0
2015/09/03,0,1000,0,1000
2015/09/04,0,0,-1000,-1000
2015/09/07,0,0,0,0
2015/09/08,0,0,0,0
2015/09/09,0,0,0,0
2015/09/10,0,0,0,0
2015/09/11,0,0,0,0
2015/09/14,0,0,0,0
2015/09/15,0,0,0,0
2015/09/16,0,0,0,0
2015/09/17,0,0,0,0
2015/09/18,0,0,-1000,-1000
2015/09/21,0,18000,0,18000
2015/09/22,0,881,0,881
2015/09/23,0,0,0,0
2015/09/24,0,0,0,0
2015/09/25,0,0,0,0
2015/09/28,0,0,0,0
2015/09/29,0,0,0,0
2015/09/30,0,0,0,0
2015/10/01,0,0,0,0
2015/10/02,0,4000,0,4000
2015/10/05,0,0,0,0
2015/10/06,0,0,0,0
2015/10/07,0,0,0,0
2015/10/08,0,0,0,0
2015/10/09,0,0,0,0
2015/10/12,0,0,0,0
2015/10/13,0,0,0,0
2015/10/14,0,0,0,0
2015/10/15,0,0,0,0
2015/10/16,0,0,0,0
2015/10/19,0,0,0,0
2015/10/20,0,0,0,0
2015/10/21,0,0,0,0
2015/10/22,0,0,0,0
2015/10/23,0,0,0,0
2015/10/26,0,0,0,0
2015/10/27,0,0,0,0
2015/10/28,0,0,0,0
2015/10/29,0,0,0,0
2015/10/30,0,0,0,0
2015/11/02,0,0,0,0
2015/11/03,0,0,0,0
2015/11/04,0,5000,0,5000
2015/11/05,0,0,0,0
2015/11/06,0,0,0,0
2015/11/09,0,0,0,0
2015/11/10,0,0,0,0
2015/11/11,0,0,0,0
2015/11/12,0,0,0,0
2015/11/13,0,0,0,0
2015/11/16,0,0,0,0
2015/11/17,0,0,0,0
2015/11/18,0,0,0,0
2015/11/19,0,0,0,0
2015/11/20,0,0,0,0
2015/11/23,0,0,0,0
2015/11/24,0,0,0,0
2015/11/25,0,0,0,0
2015/11/26,0,0,0,0
2015/11/27,0,0,0,0
2015/11/30,0,0,0,0
2015/12/01,0,0,0,0
2015/12/02,0,0,0,0
2015/12/03,0,0,0,0
2015/12/04,0,0,0,0
2015/12/07,0,0,0,0
2015/12/08,0,0,0,0
2015/12/09,0,0,0,0
2015/12/10,0,0,0,0
2015/12/11,0,0,0,0
2015/12/14,0,1604,0,1604
2015/12/15,0,0,0,0
2015/12/16,0,0,0,0
2015/12/17,0,0,0,0
2015/12/18,0,0,-136107,-136107
2015/12/21,0,0,0,0
2015/12/22,0,0,0,0
2015/12/23,0,0,0,0
2015/12/24,0,0,0,0
2015/12/25,0,0,0,0
2015/12/28,0,0,-24000,-24000
2015/12/29,0,0,-26000,-26000
2015/12/30,0,0,0,0
2015/12/31,0,0,0,0
2016/01/01,0,0,0,0
2016/01/04,0,0,0,0
2016/01/05,0,0,0,0
2016/01/06,0,0,0,0
2016/01/07,0,0,0,0
2016/01/08,0,0,0,0
2016/01/11,0,0,0,0
2016/01/12,0,0,0,0
2016/01/13,0,0,0,0
2016/01/14,0,0,0,0
2016/01/15,0,0,0,0
2016/01/18,0,0,0,0
2016/01/19,0,0,0,0
2016/01/20,0,0,0,0
2016/01/21,0,0,0,0
2016/01/22,0,0,0,0
2016/01/25,0,0,0,0
2016/01/26,0,0,0,0
2016/01/27,0,0,0,0
2016/01/28,0,293000,0,293000
2016/01/29,0,44000,0,44000
2016/02/01,0,0,0,0
2016/02/02,0,0,0,0
2016/02/03,0,0,0,0
2016/02/04,0,0,0,0
2016/02/05,0,0,0,0
2016/02/08,0,0,0,0
2016/02/09,0,0,0,0
2016/02/10,0,0,0,0
2016/02/11,0,0,0,0
2016/02/12,0,0,0,0
2016/02/15,0,0,-1322,-1322
2016/02/16,0,0,0,0
2016/02/17,0,0,0,0
2016/02/18,0,0,0,0
2016/02/19,0,0,-2000,-2000
2016/02/22,0,0,0,0
2016/02/23,0,0,0,0
2016/02/24,0,0,0,0
2016/02/25,0,0,0,0
2016/02/26,0,0,0,0
2016/02/29,0,0,0,0
2016/03/01,0,0,0,0
2016/03/02,0,0,-1000,-1000
2016/03/03,0,0,0,0
2016/03/04,0,0,0,0
2016/03/07,0,0,0,0
2016/03/08,0,136000,-1000,135000
2016/03/09,0,0,0,0
2016/03/10,0,0,0,0
2016/03/11,0,0,0,0
2016/03/14,0,0,0,0
2016/03/15,0,1400000,0,1400000
2016/03/16,0,0,0,0
2016/03/17,0,200000,0,200000
2016/03/18,0,0,0,0
2016/03/21,0,0,0,0
2016/03/22,0,0,0,0
2016/03/23,0,0,0,0
2016/03/24,0,0,0,0
2016/03/25,0,0,0,0
2016/03/28,0,0,0,0
2016/03/29,0,0,0,0
2016/03/30,0,6000,0,6000
2016/03/31,0,0,0,0
2016/04/01,0,0,0,0
2016/04/04,0,0,0,0
2016/04/05,0,0,0,0
2016/04/06,0,0,0,0
2016/04/07,0,55000,0,55000
2016/04/08,0,0,0,0
2016/04/11,0,0,0,0
2016/04/12,0,350000,0,350000
2016/04/13,0,0,0,0
2016/04/14,0,500000,-143000,357000
2016/04/15,0,261000,0,261000
2016/04/18,0,250000,0,250000
2016/04/19,0,245000,0,245000
2016/04/20,0,0,0,0
2016/04/21,0,886000,0,886000
2016/04/22,0,0,0,0
2016/04/25,0,0,0,0
2016/04/26,0,0,0,0
2016/04/27,0,0,0,0
2016/04/28,0,0,-86000,-86000
2016/04/29,0,200000,0,200000
2016/05/02,0,0,0,0
2016/05/03,0,0,-161000,-161000
2016/05/04,0,139000,0,139000
2016/05/05,0,0,-151000,-151000
2016/05/06,0,0,0,0
2016/05/09,0,0,0,0
2016/05/10,0,0,-2663,-2663
2016/05/11,0,0,0,0
2016/05/12,0,0,-170000,-170000
2016/05/13,0,0,0,0
2016/05/16,0,0,-90000,-90000
2016/05/17,0,0,-26000,-26000
2016/05/18,0,0,0,0
2016/05/19,0,0,-390000,-390000
2016/05/20,0,0,-1000,-1000
2016/05/23,0,0,0,0
2016/05/24,0,0,0,0
2016/05/25,0,0,0,0
2016/05/26,0,0,0,0
2016/05/27,0,0,0,0
2016/05/30,0,0,0,0
2016/05/31,0,0,0,0
2016/06/01,0,0,0,0
2016/06/02,0,0,-100000,-100000
2016/06/03,0,0,0,0
2016/06/06,0,0,0,0
2016/06/07,0,80000,-4000,76000
2016/06/08,0,0,0,0
2016/06/09,0,0,0,0
2016/06/10,0,0,0,0
2016/06/13,0,0,0,0
2016/06/14,0,0,0,0
2016/06/15,0,0,-110000,-110000
2016/06/16,0,0,0,0
2016/06/17,0,138000,0,138000
2016/06/20,0,0,0,0
2016/06/21,0,0,0,0
2016/06/22,0,0,0,0
2016/06/23,0,161000,-113000,48000
2016/06/24,0,0,0,0
2016/06/27,0,0,0,0
2016/06/28,0,0,-250000,-250000
2016/06/29,0,100000,0,100000
2016/06/30,0,0,0,0
2016/07/01,0,0,-150000,-150000
2016/07/04,0,0,0,0
2016/07/05,0,0,-100000,-100000
2016/07/06,0,0,0,0
2016/07/07,0,0,0,0
2016/07/08,0,0,0,0
2016/07/11,0,0,-45000,-45000
2016/07/12,0,0,0,0
2016/07/13,0,0,0,0
2016/07/14,0,0,0,0
2016/07/15,0,0,0,0
2016/07/18,0,0,0,0
2016/07/19,0,0,-1000,-1000
2016/07/20,0,0,-180000,-180000
2016/07/21,0,0,-26000,-26000
2016/07/22,0,0,0,0
2016/07/25,0,0,0,0
2016/07/26,0,0,0,0
2016/07/27,0,0,0,0
2016/07/28,0,0,0,0
2016/07/29,0,623,0,623
2016/08/01,0,0,0,0
2016/08/02,0,0,0,0
2016/08/03,0,1000,0,1000
2016/08/04,0,0,0,0
2016/08/05,0,0,0,0
2016/08/08,0,0,-1000,-1000
2016/08/09,0,0,0,0
2016/08/10,0,0,0,0
2016/08/11,0,0,-3000,-3000
2016/08/12,0,0,0,0
2016/08/15,0,0,0,0
2016/08/16,0,0,0,0
2016/08/17,0,0,0,0
2016/08/18,0,0,0,0
2016/08/19,0,0,-1000,-1000
2016/08/22,0,0,0,0
2016/08/23,0,0,0,0
2016/08/24,0,0,0,0
2016/08/25,0,0,0,0
2016/08/26,0,0,0,0
2016/08/29,0,0,0,0
2016/08/30,0,0,0,0
2016/08/31,0,0,0,0
2016/09/01,0,0,0,0
2016/09/02,0,1000,0,1000
2016/09/05,0,55000,0,55000
2016/09/06,0,0,0,0
2016/09/07,0,0,0,0
2016/09/08,0,0,0,0
2016/09/09,0,0,0,0
2016/09/12,0,0,0,0
2016/09/13,0,0,0,0
2016/09/14,0,0,-1000,-1000
2016/09/15,0,0,0,0
2016/09/16,0,0,0,0
2016/09/19,0,0,0,0
2016/09/20,0,0,0,0
2016/09/21,0,0,-200000,-200000
2016/09/22,0,0,-65000,-65000
2016/09/23,0,0,0,0
2016/09/26,0,0,0,0
2016/09/27,0,0,0,0
2016/09/28,0,0,0,0
2016/09/29,0,0,-215000,-215000
2016/09/30,0,485,-267000,-266515
2016/10/03,0,0,-338000,-338000
2016/10/04,0,0,-200000,-200000
2016/10/05,0,0,0,0
2016/10/06,0,0,0,0
2016/10/07,0,0,0,0
2016/10/10,0,0,0,0
2016/10/11,0,0,0,0
2016/10/12,0,0,0,0
2016/10/13,0,0,0,0
2016/10/14,0,0,-331000,-331000
2016/10/17,0,200000,0,200000
2016/10/18,0,50000,0,50000
2016/10/19,0,126000,-50000,76000
2016/10/20,0,45000,-30000,15000
2016/10/21,0,49000,-60000,-11000
2016/10/24,0,0,0,0
2016/10/25,0,0,0,0
2016/10/26,0,0,-60000,-60000
2016/10/27,0,0,0,0
2016/10/28,0,0,0,0
2016/10/31,0,0,0,0
2016/11/01,0,0,-576000,-576000
2016/11/02,0,0,-332,-332
2016/11/03,0,65000,0,65000
2016/11/04,0,0,0,0
2016/11/07,0,0,0,0
2016/11/08,0,0,0,0
2016/11/09,0,0,0,0
2016/11/10,0,0,0,0
2016/11/11,0,0,0,0
2016/11/14,0,0,0,0
2016/11/15,0,0,0,0
2016/11/16,0,0,0,0
2016/11/17,0,0,0,0
2016/11/18,0,149000,0,149000
2016/11/21,0,0,0,0
2016/11/22,0,1000,0,1000
2016/11/23,0,75000,0,75000
2016/11/24,0,69000,0,69000
2016/11/25,0,0,0,0
2016/11/28,0,0,0,0
2016/11/29,0,4000,0,4000
2016/11/30,0,0,0,0
2016/12/01,0,650000,0,650000
2016/12/02,0,70000,0,70000
2016/12/05,0,250000,0,250000
2016/12/06,0,280000,0,280000
2016/12/07,0,0,0,0
2016/12/08,0,0,0,0
2016/12/09,0,0,0,0
2016/12/12,0,0,0,0
2016/12/13,0,0,0,0
2016/12/14,0,1500000,0,1500000
2016/12/15,0,0,0,0
2016/12/16,0,0,-1000,-1000
2016/12/19,0,0,-75000,-75000
2016/12/20,0,0,0,0
2016/12/21,0,0,0,0
2016/12/22,0,0,0,0
2016/12/23,0,0,0,0
2016/12/26,0,0,0,0
2016/12/27,0,0,0,0
2016/12/28,0,0,0,0
2016/12/29,0,0,0,0
2016/12/30,0,318000,0,318000
2017/01/02,0,0,0,0
2017/01/03,0,95000,0,95000
2017/01/04,0,400000,0,400000
2017/01/05,0,800000,-30000,770000
2017/01/06,0,230000,-32000,198000
2017/01/09,0,0,0,0
2017/01/10,0,0,0,0
2017/01/11,0,1030000,0,1030000
2017/01/12,0,436000,0,436000
2017/01/13,0,0,0,0
2017/01/16,0,303000,0,303000
2017/01/17,0,0,0,0
2017/01/18,0,0,-1650000,-1650000
2017/01/19,0,0,0,0
2017/01/20,0,0,-34000,-34000
2017/01/23,0,0,-337,-337
2017/01/24,0,0,0,0
2017/01/25,0,0,0,0
2017/01/26,0,0,0,0
2017/01/27,0,0,0,0
2017/01/30,0,0,0,0
2017/01/31,0,0,0,0
2017/02/01,0,0,0,0
2017/02/02,0,70000,0,70000
2017/02/03,0,4000,0,4000
2017/02/06,0,0,0,0
2017/02/07,0,0,0,0
2017/02/08,0,0,-396000,-396000
2017/02/09,0,0,-400000,-400000
2017/02/10,0,0,0,0
2017/02/13,0,120000,-500000,-380000
2017/02/14,0,0,-600000,-600000
2017/02/15,0,0,0,0
2017/02/16,0,0,-500000,-500000
2017/02/17,0,250000,0,250000
2017/02/20,0,0,0,0
2017/02/21,0,0,0,0
2017/02/22,0,0,0,0
2017/02/23,0,0,0,0
2017/02/24,0,0,0,0
2017/02/27,0,0,0,0
2017/02/28,0,0,0,0
2017/03/01,0,0,0,0
2017/03/02,0,0,0,0
2017/03/03,0,60000,0,60000
2017/03/06,0,0,0,0
2017/03/07,0,531000,-120000,411000
2017/03/08,0,727000,0,727000
2017/03/09,0,0,0,0
2017/03/10,0,0,0,0
2017/03/13,0,0,0,0
2017/03/14,0,0,0,0
2017/03/15,0,0,-250000,-250000
2017/03/16,0,0,0,0
2017/03/17,0,0,-71000,-71000
2017/03/20,0,48000,-127000,-79000
2017/03/21,0,562000,-127000,435000
2017/03/22,0,0,0,0
2017/03/23,0,0,0,0
2017/03/24,0,0,0,0
2017/03/27,0,0,0,0
2017/03/28,0,0,-965000,-965000
2017/03/29,0,0,0,0
2017/03/30,0,0,-250000,-250000
2017/03/31,0,0,0,0
2017/04/03,0,0,0,0
2017/04/04,0,0,0,0
2017/04/05,0,0,0,0
2017/04/06,0,0,0,0
2017/04/07,0,0,0,0
2017/04/10,0,0,0,0
2017/04/11,0,0,0,0
2017/04/12,0,0,0,0
2017/04/13,0,0,0,0
2017/04/14,0,0,-4000,-4000
2017/04/17,0,0,0,0
2017/04/18,0,0,0,0
2017/04/19,0,0,0,0
