Date,Open,Buy,Sell,Total
2007/04/23,0,269000,-254000,15000
2007/04/24,0,1532000,-1605000,-73000
2007/04/25,0,900000,-502250,397750
2007/04/26,0,15000,-1301000,-1286000
2007/04/27,0,211000,-735000,-524000
2007/04/30,0,24000,-19000,5000
2007/05/01,0,0,0,0
2007/05/02,0,1424000,-315000,1109000
2007/05/03,0,70000,-622000,-552000
2007/05/04,0,325000,-61000,264000
2007/05/07,0,142000,0,142000
2007/05/08,0,12000,-412000,-400000
2007/05/09,0,0,-457000,-457000
2007/05/10,0,150000,-2000,148000
2007/05/11,0,252000,-4000,248000
2007/05/14,0,50000,-6000,44000
2007/05/15,0,0,-25000,-25000
2007/05/16,0,1000,-4000,-3000
2007/05/17,0,23000,-4000,19000
2007/05/18,0,0,-5000,-5000
2007/05/21,0,3000,-4000,-1000
2007/05/22,0,295000,0,295000
2007/05/23,0,5000,-1000,4000
2007/05/24,0,0,-75000,-75000
2007/05/25,0,0,-3000,-3000
2007/05/28,0,0,-2000,-2000
2007/05/29,0,0,0,0
2007/05/30,0,6000,-415000,-409000
2007/05/31,0,500000,-1000,499000
2007/06/01,0,0,-305000,-305000
2007/06/04,0,110000,-1551000,-1441000
2007/06/05,0,68000,0,68000
2007/06/06,0,50000,-305000,-255000
2007/06/07,0,20000,0,20000
2007/06/08,0,2000,-3000,-1000
2007/06/11,0,89000,-20000,69000
2007/06/12,0,87000,-12000,75000
2007/06/13,0,0,-78000,-78000
2007/06/14,0,0,-104000,-104000
2007/06/15,0,0,-4000,-4000
2007/06/18,0,0,0,0
2007/06/19,0,0,0,0
2007/06/20,0,18000,-28000,-10000
2007/06/21,0,13000,-40000,-27000
2007/06/22,0,80000,-24000,56000
2007/06/25,0,244000,0,244000
2007/06/26,0,38000,-500000,-462000
2007/06/27,0,320000,-843000,-523000
2007/06/28,0,103000,0,103000
2007/06/29,0,927000,-50000,877000
2007/07/02,0,470000,-125000,345000
2007/07/03,0,169000,-96000,73000
2007/07/04,0,553000,-60000,493000
2007/07/05,0,257000,-181000,76000
2007/07/06,0,151000,-304000,-153000
2007/07/09,0,94000,-100000,-6000
2007/07/10,0,91000,0,91000
2007/07/11,0,66000,-690056,-624056
2007/07/12,0,115000,-926000,-811000
2007/07/13,0,39000,-38056,944
2007/07/16,0,75000,-182000,-107000
2007/07/17,0,99000,-39000,60000
2007/07/18,0,558000,-429000,129000
2007/07/19,0,4000,-321028,-317028
2007/07/20,0,0,-200000,-200000
2007/07/23,0,13000,-10000,3000
2007/07/24,0,37000,-201000,-164000
2007/07/25,0,345000,-8000,337000
2007/07/26,0,34000,-86000,-52000
2007/07/27,0,97000,-563000,-466000
2007/07/30,0,52000,-103000,-51000
2007/07/31,0,1741000,-39000,1702000
2007/08/01,0,337000,-1317000,-980000
2007/08/02,0,117000,-706828,-589828
2007/08/03,0,50000,-57000,-7000
2007/08/06,0,22000,-123000,-101000
2007/08/07,0,52000,-315000,-263000
2007/08/08,0,69000,-15000,54000
2007/08/09,0,392000,-470656,-78656
2007/08/10,0,161000,-121000,40000
2007/08/13,0,247000,-51000,196000
2007/08/14,0,209000,-54000,155000
2007/08/15,0,319000,-621000,-302000
2007/08/16,0,65000,-617000,-552000
2007/08/17,0,67000,-93000,-26000
2007/08/20,0,247000,-79000,168000
2007/08/21,0,739000,-21000,718000
2007/08/22,0,636000,-215000,421000
2007/08/23,0,414000,-439000,-25000
2007/08/24,0,392000,-23000,369000
2007/08/27,0,492000,-126000,366000
2007/08/28,0,90000,-312000,-222000
2007/08/29,0,1198000,-127000,1071000
2007/08/30,0,884000,-103000,781000
2007/08/31,0,615000,-317000,298000
2007/09/03,0,509000,-285000,224000
2007/09/04,0,432000,-943000,-511000
2007/09/05,0,162000,-376000,-214000
2007/09/06,0,445390,-150000,295390
2007/09/07,0,189000,-35000,154000
2007/09/10,0,376000,-362000,14000
2007/09/11,0,270000,-616000,-346000
2007/09/12,0,186000,-764000,-578000
2007/09/13,0,84000,-615000,-531000
2007/09/14,0,360000,-601000,-241000
2007/09/17,0,676000,-399000,277000
2007/09/18,0,0,0,0
2007/09/19,0,518000,-587000,-69000
2007/09/20,0,506000,-393000,113000
2007/09/21,0,262000,-331000,-69000
2007/09/24,0,0,0,0
2007/09/25,0,0,0,0
2007/09/26,0,336000,-150000,186000
2007/09/27,0,111000,-234000,-123000
2007/09/28,0,1400000,-184000,1216000
2007/10/01,0,111000,-528000,-417000
2007/10/02,0,183000,-389000,-206000
2007/10/03,0,304000,-428000,-124000
2007/10/04,0,449000,-317000,132000
2007/10/05,0,124000,-185000,-61000
2007/10/08,0,192340,-305890,-113550
2007/10/09,0,165000,-191008,-26008
2007/10/10,0,0,0,0
2007/10/11,0,596000,-654944,-58944
2007/10/12,0,439000,-97000,342000
2007/10/15,0,42000,-120000,-78000
2007/10/16,0,31000,-336000,-305000
2007/10/17,0,87000,-529000,-442000
2007/10/18,0,462000,-210000,252000
2007/10/19,0,55000,-83000,-28000
2007/10/22,0,171000,-145000,26000
2007/10/23,0,141000,-338000,-197000
2007/10/24,0,163000,-53000,110000
2007/10/25,0,63000,-149000,-86000
2007/10/26,0,33000,-11000,22000
2007/10/29,0,273000,-51260,221740
2007/10/30,0,80000,-164000,-84000
2007/10/31,0,276000,-1195000,-919000
2007/11/01,0,535000,-505000,30000
2007/11/02,0,458000,-279000,179000
2007/11/05,0,101000,-322000,-221000
2007/11/06,0,25000,-330000,-305000
2007/11/07,0,288000,-284000,4000
2007/11/08,0,413000,-455000,-42000
2007/11/09,0,396000,-219000,177000
2007/11/12,0,67000,-246000,-179000
2007/11/13,0,394000,-637000,-243000
2007/11/14,0,966000,-445000,521000
2007/11/15,0,259000,-196000,63000
2007/11/16,0,141000,-228000,-87000
2007/11/19,0,102000,-872000,-770000
2007/11/20,0,450000,-772000,-322000
2007/11/21,0,236000,-29000,207000
2007/11/22,0,74000,-441000,-367000
2007/11/23,0,109000,-509000,-400000
2007/11/26,0,967000,-442000,525000
2007/11/27,0,402000,-579000,-177000
2007/11/28,0,43000,-754000,-711000
2007/11/29,0,603000,-168000,435000
2007/11/30,0,352000,-349000,3000
2007/12/03,0,606000,-33000,573000
2007/12/04,0,305000,-293000,12000
2007/12/05,0,62000,-242000,-180000
2007/12/06,0,274000,-147000,127000
2007/12/07,0,280000,-645000,-365000
2007/12/10,0,56000,-394000,-338000
2007/12/11,0,184000,-104000,80000
2007/12/12,0,420000,-244000,176000
2007/12/13,0,268000,-307000,-39000
2007/12/14,0,379000,-352000,27000
2007/12/17,0,227000,-154000,73000
2007/12/18,0,223000,-127000,96000
2007/12/19,0,160000,-82000,78000
2007/12/20,0,44000,-137000,-93000
2007/12/21,0,255000,-44000,211000
2007/12/24,0,398000,-189000,209000
2007/12/25,0,314000,-192000,122000
2007/12/26,0,212000,-23000,189000
2007/12/27,0,87000,-616000,-529000
2007/12/28,0,101000,-107000,-6000
2007/12/31,0,408000,-74000,334000
2008/01/01,0,0,0,0
2008/01/02,0,233000,-59000,174000
2008/01/03,0,257000,-548003,-291003
2008/01/04,0,241000,-149000,92000
2008/01/07,0,162000,-484000,-322000
2008/01/08,0,130000,-654320,-524320
2008/01/09,0,1027000,-235950,791050
2008/01/10,0,154000,-281000,-127000
2008/01/11,0,1000000,-146000,854000
2008/01/14,0,1165000,-392000,773000
2008/01/15,0,2266000,-863000,1403000
2008/01/16,0,122000,-765000,-643000
2008/01/17,0,164000,-559000,-395000
2008/01/18,0,375000,-428000,-53000
2008/01/21,0,1932000,-246000,1686000
2008/01/22,0,35000,-1486000,-1451000
2008/01/23,0,290000,-2020000,-1730000
2008/01/24,0,43000,-341000,-298000
2008/01/25,0,283000,-105000,178000
2008/01/28,0,236000,0,236000
2008/01/29,0,512000,-132000,380000
2008/01/30,0,90000,-268000,-178000
2008/01/31,0,63000,-281000,-218000
2008/02/01,0,16000,-131100,-115100
2008/02/04,0,0,0,0
2008/02/05,0,0,0,0
2008/02/06,0,0,0,0
2008/02/07,0,0,0,0
2008/02/08,0,0,0,0
2008/02/11,0,0,0,0
2008/02/12,0,330000,-86000,244000
2008/02/13,0,75000,-166000,-91000
2008/02/14,0,226000,-120000,106000
2008/02/15,0,138000,-390000,-252000
2008/02/18,0,176000,-84000,92000
2008/02/19,0,320000,-174140,145860
2008/02/20,0,197000,-52000,145000
2008/02/21,0,241000,-169000,72000
2008/02/22,0,353000,-46000,307000
2008/02/25,0,296000,-171833,124167
2008/02/26,0,563000,-480660,82340
2008/02/27,0,559000,-1063639,-504639
2008/02/28,0,0,0,0
2008/02/29,0,419000,-111000,308000
2008/03/03,0,155000,-278330,-123330
2008/03/04,0,670000,-364000,306000
2008/03/05,0,411000,-970660,-559660
2008/03/06,0,74000,-906000,-832000
2008/03/07,0,85000,-493000,-408000
2008/03/10,0,70000,-430000,-360000
2008/03/11,0,47000,-136000,-89000
2008/03/12,0,25000,-96420,-71420
2008/03/13,0,5000,-16724,-11724
2008/03/14,0,3000,-70000,-67000
2008/03/17,0,454000,-24000,430000
2008/03/18,0,61000,-56000,5000
2008/03/19,0,141000,-39000,102000
2008/03/20,0,92000,-131000,-39000
2008/03/21,0,86000,-35000,51000
2008/03/24,0,1138000,-277000,861000
2008/03/25,0,197000,-76000,121000
2008/03/26,0,139000,-13000,126000
2008/03/27,0,168000,-49000,119000
2008/03/28,0,238000,-257902,-19902
2008/03/31,0,155042,-141000,14042
2008/04/01,0,12000,-228000,-216000
2008/04/02,0,129000,-130000,-1000
2008/04/03,0,13000,-404000,-391000
2008/04/04,0,0,0,0
2008/04/07,0,54000,-4000,50000
2008/04/08,0,162000,-23000,139000
2008/04/09,0,431000,-20000,411000
2008/04/10,0,153000,-20000,133000
2008/04/11,0,115000,-56000,59000
2008/04/14,0,51000,-13551,37449
2008/04/15,0,24000,-367796,-343796
2008/04/16,0,4000,-69000,-65000
2008/04/17,0,2000,-19000,-17000
2008/04/18,0,2000,-163000,-161000
2008/04/21,0,2000,-3000,-1000
2008/04/22,0,194000,-14000,180000
2008/04/23,0,137000,-2000,135000
2008/04/24,0,244000,-3000,241000
2008/04/25,0,110000,-4000,106000
2008/04/28,0,102000,-200000,-98000
2008/04/29,0,165000,-49000,116000
2008/04/30,0,60000,-5000,55000
2008/05/01,0,0,0,0
2008/05/02,0,28000,-6000,22000
2008/05/05,0,30000,-121000,-91000
2008/05/06,0,43000,-6000,37000
2008/05/07,0,5000,-256000,-251000
2008/05/08,0,5000,-5000,0
2008/05/09,0,24000,-359000,-335000
2008/05/12,0,42000,-587000,-545000
2008/05/13,0,55000,-283000,-228000
2008/05/14,0,85000,0,85000
2008/05/15,0,716000,-5000,711000
2008/05/16,0,1420000,-4000,1416000
2008/05/19,0,114000,-28000,86000
2008/05/20,0,60000,-438000,-378000
2008/05/21,0,615000,-325000,290000
2008/05/22,0,42000,-104000,-62000
2008/05/23,0,9000,-62000,-53000
2008/05/26,0,19000,-475000,-456000
2008/05/27,0,0,-643000,-643000
2008/05/28,0,2000,-75000,-73000
2008/05/29,0,13000,0,13000
2008/05/30,0,42000,-57000,-15000
2008/06/02,0,18000,-8000,10000
2008/06/03,0,20000,-5000,15000
2008/06/04,0,22000,-38000,-16000
2008/06/05,0,45000,-520000,-475000
2008/06/06,0,1000,-4000,-3000
2008/06/09,0,0,-53000,-53000
2008/06/10,0,0,-81420,-81420
2008/06/11,0,26000,-26000,0
2008/06/12,0,67000,-61000,6000
2008/06/13,0,45000,-48000,-3000
2008/06/16,0,0,-7000,-7000
2008/06/17,0,8000,-27000,-19000
2008/06/18,0,1000,-1000,0
2008/06/19,0,0,-44000,-44000
2008/06/20,0,2000,-94000,-92000
2008/06/23,0,127000,-18000,109000
2008/06/24,0,13000,-512000,-499000
2008/06/25,0,52000,-7000,45000
2008/06/26,0,0,-129000,-129000
2008/06/27,0,16000,-230000,-214000
2008/06/30,0,26000,-69000,-43000
2008/07/01,0,169000,-6000,163000
2008/07/02,0,67000,-10000,57000
2008/07/03,0,10000,-33000,-23000
2008/07/04,0,0,-39000,-39000
2008/07/07,0,2000,-18000,-16000
2008/07/08,0,4000,-115000,-111000
2008/07/09,0,82000,-12000,70000
2008/07/10,0,121000,-46000,75000
2008/07/11,0,525000,-107000,418000
2008/07/14,0,37000,-34000,3000
2008/07/15,0,316000,-35000,281000
2008/07/16,0,424000,-174000,250000
2008/07/17,0,446000,-59000,387000
2008/07/18,0,446000,-562000,-116000
2008/07/21,0,304000,-15000,289000
2008/07/22,0,442000,0,442000
2008/07/23,0,135000,-11000,124000
2008/07/24,0,746000,-606000,140000
2008/07/25,0,43000,-1000,42000
2008/07/28,0,0,0,0
2008/07/29,0,89000,-282000,-193000
2008/07/30,0,3000,-90000,-87000
2008/07/31,0,29000,-174000,-145000
2008/08/01,0,155000,-49000,106000
2008/08/04,0,87000,-229000,-142000
2008/08/05,0,45000,-731084,-686084
2008/08/06,0,216000,-32231,183769
2008/08/07,0,3000,-91000,-88000
2008/08/08,0,103000,-100000,3000
2008/08/11,0,468000,-44000,424000
2008/08/12,0,70000,-334000,-264000
2008/08/13,0,45000,-98000,-53000
2008/08/14,0,134000,-1000,133000
2008/08/15,0,15000,-15000,0
2008/08/18,0,1000,-465020,-464020
2008/08/19,0,93000,-28480,64520
2008/08/20,0,112000,-20000,92000
2008/08/21,0,57000,-176145,-119145
2008/08/22,0,47000,-221000,-174000
2008/08/25,0,4000,-117000,-113000
2008/08/26,0,56000,-9000,47000
2008/08/27,0,145000,-104000,41000
2008/08/28,0,11000,-105000,-94000
2008/08/29,0,31000,-15000,16000
2008/09/01,0,0,-2000,-2000
2008/09/02,0,4305,-18000,-13695
2008/09/03,0,24000,-4000,20000
2008/09/04,0,145000,-21000,124000
2008/09/05,0,59000,-82000,-23000
2008/09/08,0,17000,-41000,-24000
2008/09/09,0,47000,-15024,31976
2008/09/10,0,62000,-11000,51000
2008/09/11,0,227000,-70000,157000
2008/09/12,0,234000,-211000,23000
2008/09/15,0,154000,-65000,89000
2008/09/16,0,177000,-218000,-41000
2008/09/17,0,44000,-319000,-275000
2008/09/18,0,190000,-18000,172000
2008/09/19,0,222000,-253000,-31000
2008/09/22,0,171000,-65000,106000
2008/09/23,0,402000,-3000,399000
2008/09/24,0,209000,-63000,146000
2008/09/25,0,84000,-28000,56000
2008/09/26,0,50000,-278000,-228000
2008/09/29,0,0,0,0
2008/09/30,0,160000,-106000,54000
2008/10/01,0,65000,-180000,-115000
2008/10/02,0,10000,-112000,-102000
2008/10/03,0,0,-24000,-24000
2008/10/06,0,88000,-15000,73000
2008/10/07,0,255000,-700788,-445788
2008/10/08,0,205000,-927000,-722000
2008/10/09,0,497000,-136000,361000
2008/10/10,0,0,0,0
2008/10/13,0,130000,-13000,117000
2008/10/14,0,57000,-44000,13000
2008/10/15,0,110000,-9760,100240
2008/10/16,0,50000,0,50000
2008/10/17,0,255000,-96000,159000
2008/10/20,0,150000,-54128,95872
2008/10/21,0,106000,-484000,-378000
2008/10/22,0,70000,-45000,25000
2008/10/23,0,140000,-185,139815
2008/10/24,0,100000,-11000,89000
2008/10/27,0,424000,-397000,27000
2008/10/28,0,246000,-633427,-387427
2008/10/29,0,277000,-145000,132000
2008/10/30,0,47000,-85000,-38000
2008/10/31,0,1000,-98000,-97000
2008/11/03,0,195000,-45140,149860
2008/11/04,0,317000,-417,316583
2008/11/05,0,53000,-306000,-253000
2008/11/06,0,377000,-245096,131904
2008/11/07,0,89000,-290000,-201000
2008/11/10,0,76000,-52610,23390
2008/11/11,0,150000,-90000,60000
2008/11/12,0,39000,-63000,-24000
2008/11/13,0,45000,-837939,-792939
2008/11/14,0,92000,-16100,75900
2008/11/17,0,93000,-12000,81000
2008/11/18,0,57000,-155000,-98000
2008/11/19,0,23000,-139000,-116000
2008/11/20,0,110000,-66000,44000
2008/11/21,0,72000,-112000,-40000
2008/11/24,0,150000,-12000,138000
2008/11/25,0,75000,-11000,64000
2008/11/26,0,61000,-1000,60000
2008/11/27,0,293000,0,293000
2008/11/28,0,13000,-272000,-259000
2008/12/01,0,360000,-89000,271000
2008/12/02,0,107000,-6000,101000
2008/12/03,0,57000,-339000,-282000
2008/12/04,0,9000,-394555,-385555
2008/12/05,0,0,-15000,-15000
2008/12/08,0,162000,0,162000
2008/12/09,0,293000,-4000,289000
2008/12/10,0,291000,-227000,64000
2008/12/11,0,13000,-22000,-9000
2008/12/12,0,31000,-234000,-203000
2008/12/15,0,38000,-154000,-116000
2008/12/16,0,0,-16000,-16000
2008/12/17,0,120000,-124000,-4000
2008/12/18,0,214000,0,214000
2008/12/19,0,5000,-110000,-105000
2008/12/22,0,277000,-110000,167000
2008/12/23,0,221000,-160000,61000
2008/12/24,0,5000,-64000,-59000
2008/12/25,0,1000,-474000,-473000
2008/12/26,0,0,-6000,-6000
2008/12/29,0,0,0,0
2008/12/30,0,56000,-7689,48311
2008/12/31,0,60000,-73150,-13150
2009/01/01,0,0,0,0
2009/01/02,0,0,0,0
2009/01/05,0,235000,0,235000
2009/01/06,0,195000,-22000,173000
2009/01/07,0,167000,-306000,-139000
2009/01/08,0,53000,-445000,-392000
2009/01/09,0,24000,-646000,-622000
2009/01/12,0,13000,0,13000
2009/01/13,0,7000,0,7000
2009/01/14,0,7000,-7000,0
2009/01/15,0,105000,-3000,102000
2009/01/16,0,100000,-17000,83000
2009/01/19,0,36000,-11000,25000
2009/01/20,0,176000,-20000,156000
2009/01/21,0,291000,-5134,285866
2009/01/22,0,0,0,0
2009/01/23,0,0,0,0
2009/01/26,0,0,0,0
2009/01/27,0,0,0,0
2009/01/28,0,0,0,0
2009/01/29,0,0,0,0
2009/01/30,0,0,0,0
2009/02/02,0,0,-196304,-196304
2009/02/03,0,402000,-161000,241000
2009/02/04,0,816000,-284000,532000
2009/02/05,0,331000,-57000,274000
2009/02/06,0,292000,-364000,-72000
2009/02/09,0,80000,-47000,33000
2009/02/10,0,51000,-152000,-101000
2009/02/11,0,19000,-1053048,-1034048
2009/02/12,0,12000,-466000,-454000
2009/02/13,0,55000,-63000,-8000
2009/02/16,0,495000,-81000,414000
2009/02/17,0,275000,-58000,217000
2009/02/18,0,115000,-414000,-299000
2009/02/19,0,99000,-93000,6000
2009/02/20,0,55000,-95186,-40186
2009/02/23,0,389000,-169000,220000
2009/02/24,0,40000,-142000,-102000
2009/02/25,0,64000,-134000,-70000
2009/02/26,0,90000,-11000,79000
2009/02/27,0,403000,-90000,313000
2009/03/02,0,52000,-240000,-188000
2009/03/03,0,38000,-214000,-176000
2009/03/04,0,29000,-51000,-22000
2009/03/05,0,336000,-369000,-33000
2009/03/06,0,293000,-15000,278000
2009/03/09,0,362000,-32000,330000
2009/03/10,0,209000,-231000,-22000
2009/03/11,0,1695000,-160000,1535000
2009/03/12,0,102000,-1319000,-1217000
2009/03/13,0,411000,-19000,392000
2009/03/16,0,170000,-75000,95000
2009/03/17,0,130000,-168000,-38000
2009/03/18,0,91000,-97000,-6000
2009/03/19,0,84000,-39154,44846
2009/03/20,0,68000,-120000,-52000
2009/03/23,0,134000,-12000,122000
2009/03/24,0,35000,-64000,-29000
2009/03/25,0,31000,-10000,21000
2009/03/26,0,55000,-282000,-227000
2009/03/27,0,47000,-416000,-369000
2009/03/30,0,97000,-290000,-193000
2009/03/31,0,65000,-75000,-10000
2009/04/01,0,313000,-75000,238000
2009/04/02,0,170000,-255000,-85000
2009/04/03,0,588000,-114000,474000
2009/04/06,0,10000,-1037000,-1027000
2009/04/07,0,216000,-961252,-745252
2009/04/08,0,99000,-302000,-203000
2009/04/09,0,375000,-65000,310000
2009/04/10,0,127000,-117000,10000
2009/04/13,0,1196000,-175000,1021000
2009/04/14,0,357000,-121000,236000
2009/04/15,0,208000,-250000,-42000
2009/04/16,0,303000,-528000,-225000
2009/04/17,0,425000,-393000,32000
2009/04/20,0,180000,-251000,-71000
2009/04/21,0,157000,-20000,137000
2009/04/22,0,454000,-174000,280000
2009/04/23,0,631000,-1216400,-585400
2009/04/24,0,157000,-950000,-793000
2009/04/27,0,100000,-114000,-14000
2009/04/28,0,830000,-439000,391000
2009/04/29,0,722000,-577443,144557
2009/04/30,0,284000,-17000,267000
2009/05/01,0,0,0,0
2009/05/04,0,1140000,-78000,1062000
2009/05/05,0,175000,-1391000,-1216000
2009/05/06,0,510000,-142860,367140
2009/05/07,0,94000,-118000,-24000
2009/05/08,0,293000,-415000,-122000
2009/05/11,0,156000,-63000,93000
2009/05/12,0,394000,-420000,-26000
2009/05/13,0,1018000,-242000,776000
2009/05/14,0,226000,-492000,-266000
2009/05/15,0,258000,-217000,41000
2009/05/18,0,210000,-255000,-45000
2009/05/19,0,198000,-9000,189000
2009/05/20,0,219000,-67000,152000
2009/05/21,0,119000,-169000,-50000
2009/05/22,0,297000,-186000,111000
2009/05/25,0,373000,-205000,168000
2009/05/26,0,221000,-163062,57938
2009/05/27,0,230000,-306000,-76000
2009/05/28,0,0,0,0
2009/05/29,0,0,0,0
2009/06/01,0,69000,-148000,-79000
2009/06/02,0,225000,-225000,0
2009/06/03,0,404000,-168188,235812
2009/06/04,0,115000,-283000,-168000
2009/06/05,0,321000,-130000,191000
2009/06/08,0,45000,-59000,-14000
2009/06/09,0,306000,-157000,149000
2009/06/10,0,92000,-611000,-519000
2009/06/11,0,141000,-249000,-108000
2009/06/12,0,23000,-374000,-351000
2009/06/15,0,68000,-302000,-234000
2009/06/16,0,22000,-68104,-46104
2009/06/17,0,138000,-3000,135000
2009/06/18,0,58000,-59000,-1000
2009/06/19,0,318000,-37000,281000
2009/06/22,0,139000,-164000,-25000
2009/06/23,0,159000,-63000,96000
2009/06/24,0,259000,-317000,-58000
2009/06/25,0,234000,-448000,-214000
2009/06/26,0,161000,-110000,51000
2009/06/29,0,34000,-94000,-60000
2009/06/30,0,134000,-1107000,-973000
2009/07/01,0,457000,-11000,446000
2009/07/02,0,484000,-58000,426000
2009/07/03,0,429000,-18000,411000
2009/07/06,0,616000,-153000,463000
2009/07/07,0,464000,-255000,209000
2009/07/08,0,351000,-93000,258000
2009/07/09,0,338000,-160000,178000
2009/07/10,0,27000,-95000,-68000
2009/07/13,0,193000,-129000,64000
2009/07/14,0,54000,-73000,-19000
2009/07/15,0,365000,-213000,152000
2009/07/16,0,1220000,-439000,781000
2009/07/17,0,458000,-748160,-290160
2009/07/20,0,823000,-68000,755000
2009/07/21,0,241000,-333000,-92000
2009/07/22,0,724000,-290000,434000
2009/07/23,0,220000,-325000,-105000
2009/07/24,0,17000,-69000,-52000
2009/07/27,0,70000,-149000,-79000
2009/07/28,0,499000,-321000,178000
2009/07/29,0,449000,-131948,317052
2009/07/30,0,528000,-190000,338000
2009/07/31,0,345000,-392000,-47000
2009/08/03,0,947850,-735000,212850
2009/08/04,0,516000,-1374000,-858000
2009/08/05,0,259000,-547000,-288000
2009/08/06,0,258000,-683000,-425000
2009/08/07,0,0,0,0
2009/08/10,0,451000,-216000,235000
2009/08/11,0,80000,-157000,-77000
2009/08/12,0,113000,-148000,-35000
2009/08/13,0,323000,-44000,279000
2009/08/14,0,194000,-258000,-64000
2009/08/17,0,95000,-232000,-137000
2009/08/18,0,92000,-387000,-295000
2009/08/19,0,21000,-217000,-196000
2009/08/20,0,450000,-218000,232000
2009/08/21,0,112000,-143000,-31000
2009/08/24,0,313200,-42000,271200
2009/08/25,0,110000,-277000,-167000
2009/08/26,0,352000,-241000,111000
2009/08/27,0,106000,-65000,41000
2009/08/28,0,923000,-325000,598000
2009/08/31,0,802000,-1521000,-719000
2009/09/01,0,874000,-708000,166000
2009/09/02,0,81500,-325000,-243500
2009/09/03,0,1025000,-762000,263000
2009/09/04,0,373000,-256000,117000
2009/09/07,0,1248000,-1948000,-700000
2009/09/08,0,235000,-240000,-5000
2009/09/09,0,428000,-752000,-324000
2009/09/10,0,421000,-1090000,-669000
2009/09/11,0,367000,-68000,299000
2009/09/14,0,1082000,-535000,547000
2009/09/15,0,1093000,-43000,1050000
2009/09/16,0,458000,-101000,357000
2009/09/17,0,807000,-902000,-95000
2009/09/18,0,357000,-389000,-32000
2009/09/21,0,321000,-411000,-90000
2009/09/22,0,52000,-174000,-122000
2009/09/23,0,420000,-1117000,-697000
2009/09/24,0,107000,-1029000,-922000
2009/09/25,0,108000,-63000,45000
2009/09/28,0,23000,-391746,-368746
2009/09/29,0,406000,-355000,51000
2009/09/30,0,278000,-466000,-188000
2009/10/01,0,58000,-204000,-146000
2009/10/02,0,51000,-171000,-120000
2009/10/05,0,64000,-99900,-35900
2009/10/06,0,392000,-236000,156000
2009/10/07,0,489000,-675300,-186300
2009/10/08,0,425000,-497000,-72000
2009/10/09,0,204000,-192200,11800
2009/10/12,0,109000,-106000,3000
2009/10/13,0,140000,-42000,98000
2009/10/14,0,672000,-209000,463000
2009/10/15,0,39000,-416100,-377100
2009/10/16,0,43000,-390500,-347500
2009/10/19,0,320000,-257000,63000
2009/10/20,0,55000,-234500,-179500
2009/10/21,0,95000,-235338,-140338
2009/10/22,0,1697000,-796000,901000
2009/10/23,0,504000,-633000,-129000
2009/10/26,0,1824000,-607000,1217000
2009/10/27,0,187000,-89000,98000
2009/10/28,0,449000,-1243000,-794000
2009/10/29,0,327000,-341000,-14000
2009/10/30,0,602000,-891000,-289000
2009/11/02,0,265000,-833000,-568000
2009/11/03,0,129000,-690000,-561000
2009/11/04,0,416000,-772000,-356000
2009/11/05,0,29000,-218000,-189000
2009/11/06,0,484000,-327000,157000
2009/11/09,0,359000,-78000,281000
2009/11/10,0,611000,-636000,-25000
2009/11/11,0,495000,-127200,367800
2009/11/12,0,33000,-213000,-180000
2009/11/13,0,175000,-149000,26000
2009/11/16,0,767000,-469000,298000
2009/11/17,0,466000,-164000,302000
2009/11/18,0,498000,-316000,182000
2009/11/19,0,45000,-423000,-378000
2009/11/20,0,25000,-222000,-197000
2009/11/23,0,70000,-552000,-482000
2009/11/24,0,23000,-62000,-39000
2009/11/25,0,455000,-545000,-90000
2009/11/26,0,20000,-211000,-191000
2009/11/27,0,101000,-480000,-379000
2009/11/30,0,14000,-87067,-73067
2009/12/01,0,157000,-526000,-369000
2009/12/02,0,609000,-212000,397000
2009/12/03,0,5000,-105000,-100000
2009/12/04,0,59000,-159000,-100000
2009/12/07,0,190000,-12000,178000
2009/12/08,0,10000,-76000,-66000
2009/12/09,0,10000,-117400,-107400
2009/12/10,0,113000,-462000,-349000
2009/12/11,0,21000,-28428,-7428
2009/12/14,0,46000,-217000,-171000
2009/12/15,0,31000,-100000,-69000
2009/12/16,0,4000,-126000,-122000
2009/12/17,0,18000,-145000,-127000
2009/12/18,0,36000,-15000,21000
2009/12/21,0,2000,-79000,-77000
2009/12/22,0,18000,-198414,-180414
2009/12/23,0,54000,-306000,-252000
2009/12/24,0,25000,-103000,-78000
2009/12/25,0,59000,-76000,-17000
2009/12/28,0,223000,-251500,-28500
2009/12/29,0,41000,-25000,16000
2009/12/30,0,264000,-121000,143000
2009/12/31,0,165000,-49000,116000
2010/01/01,0,0,0,0
2010/01/04,0,35000,-646000,-611000
2010/01/05,0,18000,-290000,-272000
2010/01/06,0,51000,-47000,4000
2010/01/07,0,53000,-271000,-218000
2010/01/08,0,65000,0,65000
2010/01/11,0,175000,-5000,170000
2010/01/12,0,345000,-17000,328000
2010/01/13,0,623000,-23000,600000
2010/01/14,0,120000,-14408,105592
2010/01/15,0,747000,-59000,688000
2010/01/18,0,107000,-464000,-357000
2010/01/19,0,63800,-427000,-363200
2010/01/20,0,169000,-305000,-136000
2010/01/21,0,55000,-13000,42000
2010/01/22,0,8000,-342000,-334000
2010/01/25,0,46000,-78000,-32000
2010/01/26,0,12000,-520000,-508000
2010/01/27,0,150000,-527000,-377000
2010/01/28,0,75000,-32000,43000
2010/01/29,0,64000,-102000,-38000
2010/02/01,0,81000,-60000,21000
2010/02/02,0,515000,-204000,311000
2010/02/03,0,53000,-14000,39000
2010/02/04,0,4000,-13000,-9000
2010/02/05,0,49000,-140000,-91000
2010/02/08,0,529000,-62846,466154
2010/02/09,0,288000,-213000,75000
2010/02/10,0,74000,-209000,-135000
2010/02/11,0,0,0,0
2010/02/12,0,0,0,0
2010/02/15,0,0,0,0
2010/02/16,0,0,0,0
2010/02/17,0,0,0,0
2010/02/18,0,0,0,0
2010/02/19,0,0,0,0
2010/02/22,0,282000,-491000,-209000
2010/02/23,0,579000,-55000,524000
2010/02/24,0,260000,-84000,176000
2010/02/25,0,33000,-216000,-183000
2010/02/26,0,35000,-34000,1000
2010/03/01,0,386000,-42000,344000
2010/03/02,0,157000,-559000,-402000
2010/03/03,0,198000,-285000,-87000
2010/03/04,0,139000,-368000,-229000
2010/03/05,0,140000,-100000,40000
2010/03/08,0,36000,-43000,-7000
2010/03/09,0,5000,-56000,-51000
2010/03/10,0,60000,-180000,-120000
2010/03/11,0,132000,-242000,-110000
2010/03/12,0,36000,-39000,-3000
2010/03/15,0,10000,-350000,-340000
2010/03/16,0,98000,-95000,3000
2010/03/17,0,394000,-317000,77000
2010/03/18,0,165000,-7000,158000
2010/03/19,0,178000,-159000,19000
2010/03/22,0,159000,-91000,68000
2010/03/23,0,151000,-17000,134000
2010/03/24,0,55000,-93035,-38035
2010/03/25,0,211000,-21000,190000
2010/03/26,0,174000,-261000,-87000
2010/03/29,0,100000,-15000,85000
2010/03/30,0,227000,-32000,195000
2010/03/31,0,152000,-191000,-39000
2010/04/01,0,128000,-78000,50000
2010/04/02,0,41000,-267000,-226000
2010/04/05,0,0,0,0
2010/04/06,0,118000,-168000,-50000
2010/04/07,0,1000,-48000,-47000
2010/04/08,0,30000,-78000,-48000
2010/04/09,0,9000,-231000,-222000
2010/04/12,0,11000,-41000,-30000
2010/04/13,0,5000,-71000,-66000
2010/04/14,0,9000,-20000,-11000
2010/04/15,0,158000,-35000,123000
2010/04/16,0,120000,-80000,40000
2010/04/19,0,14000,-212000,-198000
2010/04/20,0,56099,-303000,-246901
2010/04/21,0,27000,-43000,-16000
2010/04/22,0,25000,-93000,-68000
2010/04/23,0,32000,-114000,-82000
2010/04/26,0,140000,-34000,106000
2010/04/27,0,0,-9000,-9000
2010/04/28,0,21000,-96000,-75000
2010/04/29,0,2000,-49000,-47000
2010/04/30,0,565000,-30000,535000
2010/05/03,0,60000,-182000,-122000
2010/05/04,0,50000,-106000,-56000
2010/05/05,0,13000,-274000,-261000
2010/05/06,0,3000,-401000,-398000
2010/05/07,0,49000,-75000,-26000
2010/05/10,0,11000,-68000,-57000
2010/05/11,0,14000,-210000,-196000
2010/05/12,0,14000,-47000,-33000
2010/05/13,0,37000,0,37000
2010/05/14,0,309000,-152000,157000
2010/05/17,0,17000,-88000,-71000
2010/05/18,0,117000,-10000,107000
2010/05/19,0,158000,-52000,106000
2010/05/20,0,1000,-79000,-78000
2010/05/21,0,462000,-204000,258000
2010/05/24,0,12000,-3000,9000
2010/05/25,0,63000,-94000,-31000
2010/05/26,0,60000,-5000,55000
2010/05/27,0,32000,-9000,23000
2010/05/28,0,0,-39000,-39000
2010/05/31,0,8000,-6000,2000
2010/06/01,0,7000,-79000,-72000
2010/06/02,0,20000,-11000,9000
2010/06/03,0,34000,-5000,29000
2010/06/04,0,11000,-11000,0
2010/06/07,0,12000,-18000,-6000
2010/06/08,0,19000,-53000,-34000
2010/06/09,0,0,-130000,-130000
2010/06/10,0,6060,-5000,1060
2010/06/11,0,16050,-11000,5050
2010/06/14,0,58350,0,58350
2010/06/15,0,188400,-66000,122400
2010/06/16,0,0,0,0
2010/06/17,0,333000,-155000,178000
2010/06/18,0,38000,-40000,-2000
2010/06/21,0,348000,0,348000
2010/06/22,0,421000,-8000,413000
2010/06/23,0,183000,-18000,165000
2010/06/24,0,73000,-26000,47000
2010/06/25,0,54000,-24000,30000
2010/06/28,0,76000,-5000,71000
2010/06/29,0,138000,-4000,134000
2010/06/30,0,95000,-7000,88000
2010/07/01,0,42000,-19000,23000
2010/07/02,0,336000,-56000,280000
2010/07/05,0,73000,-65000,8000
2010/07/06,0,145000,-21000,124000
2010/07/07,0,31000,-131000,-100000
2010/07/08,0,56000,-114762,-58762
2010/07/09,0,128000,-13000,115000
2010/07/12,0,42000,-197000,-155000
2010/07/13,0,605140,-100000,505140
2010/07/14,0,612000,-16000,596000
2010/07/15,0,169000,-32000,137000
2010/07/16,0,10000,-253000,-243000
2010/07/19,0,65000,-214000,-149000
2010/07/20,0,439000,-524000,-85000
2010/07/21,0,342000,-39000,303000
2010/07/22,0,51000,-189000,-138000
2010/07/23,0,990000,-14000,976000
2010/07/26,0,373000,-421000,-48000
2010/07/27,0,45000,-84000,-39000
2010/07/28,0,208000,-155000,53000
2010/07/29,0,1061000,-195000,866000
2010/07/30,0,603000,-110000,493000
2010/08/02,0,1196000,-503000,693000
2010/08/03,0,3159000,-475000,2684000
2010/08/04,0,588000,-3325000,-2737000
2010/08/05,0,352000,-1256000,-904000
2010/08/06,0,251000,-371000,-120000
2010/08/09,0,162000,-465000,-303000
2010/08/10,0,226000,-126000,100000
2010/08/11,0,250000,-109000,141000
2010/08/12,0,402000,-479000,-77000
2010/08/13,0,632000,-213000,419000
2010/08/16,0,1141000,-549000,592000
2010/08/17,0,235000,-162000,73000
2010/08/18,0,402000,-482000,-80000
2010/08/19,0,325000,-257000,68000
2010/08/20,0,100000,-183000,-83000
2010/08/23,0,124000,-9000,115000
2010/08/24,0,138000,-164000,-26000
2010/08/25,0,171000,-405000,-234000
2010/08/26,0,289000,-454000,-165000
2010/08/27,0,160000,-164000,-4000
2010/08/30,0,136000,-76000,60000
2010/08/31,0,142000,-518000,-376000
2010/09/01,0,51000,-111000,-60000
2010/09/02,0,164000,-159000,5000
2010/09/03,0,167000,-210000,-43000
2010/09/06,0,607000,-235000,372000
2010/09/07,0,409000,-84000,325000
2010/09/08,0,129000,-51000,78000
2010/09/09,0,115250,-392500,-277250
2010/09/10,0,525603,-943000,-417397
2010/09/13,0,154000,-87000,67000
2010/09/14,0,337500,-134000,203500
2010/09/15,0,47000,-517750,-470750
2010/09/16,0,23000,-176000,-153000
2010/09/17,0,1054000,-80000,974000
2010/09/20,0,159000,-385250,-226250
2010/09/21,0,71000,-176000,-105000
2010/09/22,0,0,0,0
2010/09/23,0,203000,-382905,-179905
2010/09/24,0,237000,-53000,184000
2010/09/27,0,30000,-50000,-20000
2010/09/28,0,126000,-335500,-209500
2010/09/29,0,65000,-114000,-49000
2010/09/30,0,136000,-174000,-38000
2010/10/01,0,22000,-742000,-720000
2010/10/04,0,65000,-210000,-145000
2010/10/05,0,70000,-61000,9000
2010/10/06,0,255000,-202000,53000
2010/10/07,0,167000,-131345,35655
2010/10/08,0,144000,-173000,-29000
2010/10/11,0,2000,-50000,-48000
2010/10/12,0,44000,-149750,-105750
2010/10/13,0,457000,-1140000,-683000
2010/10/14,0,1530000,-155500,1374500
2010/10/15,0,2329000,-510500,1818500
2010/10/18,0,326000,-696000,-370000
2010/10/19,0,140000,-789000,-649000
2010/10/20,0,298025,-116000,182025
2010/10/21,0,88060,-294000,-205940
2010/10/22,0,260000,-77000,183000
2010/10/25,0,180000,-78000,102000
2010/10/26,0,222000,-103000,119000
2010/10/27,0,95000,-696000,-601000
2010/10/28,0,413000,-2059085,-1646085
2010/10/29,0,49000,-829000,-780000
2010/11/01,0,166000,-237000,-71000
2010/11/02,0,329000,-120000,209000
2010/11/03,0,44000,-390000,-346000
2010/11/04,0,41000,-259000,-218000
2010/11/05,0,67000,-261000,-194000
2010/11/08,0,144000,-268000,-124000
2010/11/09,0,46105,-131000,-84895
2010/11/10,0,50000,-187125,-137125
2010/11/11,0,68000,-104000,-36000
2010/11/12,0,21000,-179000,-158000
2010/11/15,0,51000,-160000,-109000
2010/11/16,0,220000,-89000,131000
2010/11/17,0,11000,-84000,-73000
2010/11/18,0,9000,-218000,-209000
2010/11/19,0,5000,-26000,-21000
2010/11/22,0,1000,0,1000
2010/11/23,0,3000,-21000,-18000
2010/11/24,0,52000,-9450,42550
2010/11/25,0,4000,-149000,-145000
2010/11/26,0,4000,-48000,-44000
2010/11/29,0,49000,-20000,29000
2010/11/30,0,40000,-22000,18000
2010/12/01,0,120000,-117000,3000
2010/12/02,0,193000,-57000,136000
2010/12/03,0,57000,-49000,8000
2010/12/06,0,47000,-31000,16000
2010/12/07,0,12000,-92000,-80000
2010/12/08,0,21000,-136000,-115000
2010/12/09,0,66000,-36000,30000
2010/12/10,0,93000,-16000,77000
2010/12/13,0,47000,-57000,-10000
2010/12/14,0,133000,-97967,35033
2010/12/15,0,14000,-37000,-23000
2010/12/16,0,11000,-104000,-93000
2010/12/17,0,468000,-117000,351000
2010/12/20,0,19000,-44000,-25000
2010/12/21,0,153000,-34000,119000
2010/12/22,0,46000,-187000,-141000
2010/12/23,0,131000,-154000,-23000
2010/12/24,0,156000,-51000,105000
2010/12/27,0,24000,-100000,-76000
2010/12/28,0,8000,-117000,-109000
2010/12/29,0,42000,-173452,-131452
2010/12/30,0,56000,-92000,-36000
2010/12/31,0,8000,-134000,-126000
2011/01/03,0,174000,-8000,166000
2011/01/04,0,705000,-237000,468000
2011/01/05,0,35000,-322000,-287000
2011/01/06,0,44000,-47000,-3000
2011/01/07,0,105000,-76000,29000
2011/01/10,0,14000,-21000,-7000
2011/01/11,0,152000,-10000,142000
2011/01/12,0,88000,-208250,-120250
2011/01/13,0,97000,-163000,-66000
2011/01/14,0,148000,-30000,118000
2011/01/17,0,4000,-179094,-175094
2011/01/18,0,36000,-259000,-223000
2011/01/19,0,0,-132750,-132750
2011/01/20,0,25000,-45000,-20000
2011/01/21,0,3000,-71000,-68000
2011/01/24,0,29000,-250000,-221000
2011/01/25,0,15000,-14000,1000
2011/01/26,0,41000,-25000,16000
2011/01/27,0,20000,-74000,-54000
2011/01/28,0,0,-53000,-53000
2011/01/31,0,0,0,0
2011/02/01,0,0,0,0
2011/02/02,0,0,0,0
2011/02/03,0,0,0,0
2011/02/04,0,0,0,0
2011/02/07,0,0,0,0
2011/02/08,0,33000,-17000,16000
2011/02/09,0,10000,-29000,-19000
2011/02/10,0,29000,-353000,-324000
2011/02/11,0,21000,-249000,-228000
2011/02/14,0,8000,-13000,-5000
2011/02/15,0,13000,-117000,-104000
2011/02/16,0,7000,-55000,-48000
2011/02/17,0,0,-71000,-71000
2011/02/18,0,0,0,0
2011/02/21,0,54000,-47000,7000
2011/02/22,0,72000,-32000,40000
2011/02/23,0,122000,-26000,96000
2011/02/24,0,182001,-311250,-129249
2011/02/25,0,185000,-143000,42000
2011/02/28,0,0,0,0
2011/03/01,0,85000,-1,84999
2011/03/02,0,80000,-46750,33250
2011/03/03,0,346000,-7000,339000
2011/03/04,0,115000,-223000,-108000
2011/03/07,0,88000,-210991,-122991
2011/03/08,0,52000,-130000,-78000
2011/03/09,0,1014000,-41000,973000
2011/03/10,0,571000,-42000,529000
2011/03/11,0,337000,-90000,247000
2011/03/14,0,190000,-683000,-493000
2011/03/15,0,484000,-343000,141000
2011/03/16,0,1079000,-52000,1027000
2011/03/17,0,1725000,-338000,1387000
2011/03/18,0,337000,-1554000,-1217000
2011/03/21,0,135000,-300000,-165000
2011/03/22,0,242000,-529500,-287500
2011/03/23,0,91000,-284000,-193000
2011/03/24,0,65000,-81000,-16000
2011/03/25,0,91000,-249000,-158000
2011/03/28,0,347000,-35000,312000
2011/03/29,0,105000,-307000,-202000
2011/03/30,0,204000,-12000,192000
2011/03/31,0,130000,-98000,32000
2011/04/01,0,1166000,-65350,1100650
2011/04/04,0,0,0,0
2011/04/05,0,0,0,0
2011/04/06,0,555000,-468000,87000
2011/04/07,0,113000,-362000,-249000
2011/04/08,0,222000,-448000,-226000
2011/04/11,0,119000,-448000,-329000
2011/04/12,0,310000,-196000,114000
2011/04/13,0,278000,-182000,96000
2011/04/14,0,232000,-370000,-138000
2011/04/15,0,391000,-310000,81000
2011/04/18,0,177000,-258180,-81180
2011/04/19,0,94000,-99000,-5000
2011/04/20,0,60000,-67000,-7000
2011/04/21,0,2192000,-183100,2008900
2011/04/22,0,378000,-362000,16000
2011/04/25,0,745000,-155000,590000
2011/04/26,0,941000,-289000,652000
2011/04/27,0,328000,-1129000,-801000
2011/04/28,0,226000,-349300,-123300
2011/04/29,0,240000,-626000,-386000
2011/05/02,0,0,0,0
2011/05/03,0,532000,-248808,283192
2011/05/04,0,544000,-533000,11000
2011/05/05,0,1185000,-2438000,-1253000
2011/05/06,0,538000,-202000,336000
2011/05/09,0,511000,-696000,-185000
2011/05/10,0,202000,-165000,37000
2011/05/11,0,223100,-407338,-184238
2011/05/12,0,120000,-145000,-25000
2011/05/13,0,258000,-275000,-17000
2011/05/16,0,134000,-148200,-14200
2011/05/17,0,494000,-304000,190000
2011/05/18,0,250000,-218000,32000
2011/05/19,0,443000,-398104,44896
2011/05/20,0,206000,-418000,-212000
2011/05/23,0,134000,-163100,-29100
2011/05/24,0,343000,-325000,18000
2011/05/25,0,100000,-33000,67000
2011/05/26,0,201000,-354000,-153000
2011/05/27,0,270000,-198000,72000
2011/05/30,0,217000,-54000,163000
2011/05/31,0,551000,-284000,267000
2011/06/01,0,492000,-262000,230000
2011/06/02,0,149000,-99000,50000
2011/06/03,0,169000,-64000,105000
2011/06/06,0,0,0,0
2011/06/07,0,77000,-407000,-330000
2011/06/08,0,33000,-192000,-159000
2011/06/09,0,80000,-341000,-261000
2011/06/10,0,42000,-430000,-388000
2011/06/13,0,303000,-695000,-392000
2011/06/14,0,317000,-80000,237000
2011/06/15,0,128000,-187000,-59000
2011/06/16,0,109000,-127000,-18000
2011/06/17,0,143000,-466300,-323300
2011/06/20,0,355000,-176870,178130
2011/06/21,0,184000,-33000,151000
2011/06/22,0,135000,-71000,64000
2011/06/23,0,103000,-73000,30000
2011/06/24,0,112000,-61500,50500
2011/06/27,0,19000,-101000,-82000
2011/06/28,0,59000,-94000,-35000
2011/06/29,0,210000,-343000,-133000
2011/06/30,0,406000,-159000,247000
2011/07/01,0,716000,-169000,547000
2011/07/04,0,236000,-454000,-218000
2011/07/05,0,229000,-368678,-139678
2011/07/06,0,132000,-197000,-65000
2011/07/07,0,193000,-28000,165000
2011/07/08,0,264000,-1041000,-777000
2011/07/11,0,229000,-77000,152000
2011/07/12,0,188000,-155000,33000
2011/07/13,0,293000,-78000,215000
2011/07/14,0,367000,-321000,46000
2011/07/15,0,478000,-192000,286000
2011/07/18,0,394000,-149815,244185
2011/07/19,0,43000,-118000,-75000
2011/07/20,0,156000,-56000,100000
2011/07/21,0,112000,-62000,50000
2011/07/22,0,62000,-38000,24000
2011/07/25,0,107000,-190000,-83000
2011/07/26,0,152000,-84282,67718
2011/07/27,0,850000,-163999,686001
2011/07/28,0,579000,-400000,179000
2011/07/29,0,233000,-56000,177000
2011/08/01,0,1366000,-121000,1245000
2011/08/02,0,3050000,-160000,2890000
2011/08/03,0,2449000,-1017000,1432000
2011/08/04,0,958000,-5159000,-4201000
2011/08/05,0,500000,-1967000,-1467000
2011/08/08,0,563000,-1780000,-1217000
2011/08/09,0,1495000,-443000,1052000
2011/08/10,0,147000,-105000,42000
2011/08/11,0,155000,-286000,-131000
2011/08/12,0,67000,-416000,-349000
2011/08/15,0,223000,-29000,194000
2011/08/16,0,132000,-38000,94000
2011/08/17,0,87000,-10000,77000
2011/08/18,0,205000,-20000,185000
2011/08/19,0,164000,-117000,47000
2011/08/22,0,282000,-540000,-258000
2011/08/23,0,236000,-41000,195000
2011/08/24,0,83000,-101000,-18000
2011/08/25,0,101000,-34000,67000
2011/08/26,0,371000,-362000,9000
2011/08/29,0,157800,-132000,25800
2011/08/30,0,108000,-53000,55000
2011/08/31,0,18000,-49000,-31000
2011/09/01,0,257000,-434000,-177000
2011/09/02,0,129000,-161000,-32000
2011/09/05,0,34000,-100000,-66000
2011/09/06,0,380000,-253000,127000
2011/09/07,0,100000,-33000,67000
2011/09/08,0,99000,-109000,-10000
2011/09/09,0,201000,-80000,121000
2011/09/12,0,0,0,0
2011/09/13,0,167000,-197000,-30000
2011/09/14,0,583000,-508000,75000
2011/09/15,0,224000,-262000,-38000
2011/09/16,0,258000,-31200,226800
2011/09/19,0,37000,-160000,-123000
2011/09/20,0,122000,-115000,7000
2011/09/21,0,78000,-342000,-264000
2011/09/22,0,190000,-332000,-142000
2011/09/23,0,513000,-478000,35000
2011/09/26,0,528000,-923000,-395000
2011/09/27,0,471000,-124400,346600
2011/09/28,0,223000,-168000,55000
2011/09/29,0,540000,-158800,381200
2011/09/30,0,149000,-178000,-29000
2011/10/03,0,163000,-275000,-112000
2011/10/04,0,367000,-171000,196000
2011/10/05,0,140000,-50695,89305
2011/10/06,0,259000,-77000,182000
2011/10/07,0,256000,-43000,213000
2011/10/10,0,0,0,0
2011/10/11,0,208000,-289000,-81000
2011/10/12,0,79000,-47000,32000
2011/10/13,0,329000,-256000,73000
2011/10/14,0,89000,-70000,19000
2011/10/17,0,176000,-210000,-34000
2011/10/18,0,194006,-208000,-13994
2011/10/19,0,117000,-65000,52000
2011/10/20,0,476000,-328000,148000
2011/10/21,0,153000,-92000,61000
2011/10/24,0,368000,-16000,352000
2011/10/25,0,225840,-64000,161840
2011/10/26,0,466000,-108000,358000
2011/10/27,0,561000,-171000,390000
2011/10/28,0,164083,-187000,-22917
2011/10/31,0,112000,-606122,-494122
2011/11/01,0,1166000,-163800,1002200
2011/11/02,0,150000,-45000,105000
2011/11/03,0,88000,-76000,12000
2011/11/04,0,159000,-129000,30000
2011/11/07,0,1000,-22000,-21000
2011/11/08,0,36000,-37000,-1000
2011/11/09,0,163000,-25000,138000
2011/11/10,0,166000,-499000,-333000
2011/11/11,0,39000,-32000,7000
2011/11/14,0,33000,-86200,-53200
2011/11/15,0,20000,-95000,-75000
2011/11/16,0,13000,-54000,-41000
2011/11/17,0,30000,-32000,-2000
2011/11/18,0,146000,-11122,134878
2011/11/21,0,665000,-48000,617000
2011/11/22,0,252000,-129000,123000
2011/11/23,0,170000,-53000,117000
2011/11/24,0,148000,-905000,-757000
2011/11/25,0,76000,-160000,-84000
2011/11/28,0,60000,-145000,-85000
2011/11/29,0,116000,-430000,-314000
2011/11/30,0,39000,-92000,-53000
2011/12/01,0,716000,-130000,586000
2011/12/02,0,139000,-15600,123400
2011/12/05,0,34000,-17000,17000
2011/12/06,0,162000,-39000,123000
2011/12/07,0,16000,-246000,-230000
2011/12/08,0,190000,-61000,129000
2011/12/09,0,73000,-94000,-21000
2011/12/12,0,11000,-29000,-18000
2011/12/13,0,22000,-217000,-195000
2011/12/14,0,12000,-147000,-135000
2011/12/15,0,63000,-417000,-354000
2011/12/16,0,359000,-50000,309000
2011/12/19,0,288000,-66000,222000
2011/12/20,0,140000,-124000,16000
2011/12/21,0,309000,-30000,279000
2011/12/22,0,289000,-65000,224000
2011/12/23,0,219000,-64000,155000
2011/12/26,0,422000,-46000,376000
2011/12/27,0,273000,-43000,230000
2011/12/28,0,256000,-58000,198000
2011/12/29,0,154000,-55000,99000
2011/12/30,0,117000,-56000,61000
2012/01/02,0,21000,-76300,-55300
2012/01/03,0,134000,-79000,55000
2012/01/04,0,263000,-344000,-81000
2012/01/05,0,115000,-10000,105000
2012/01/06,0,156000,-18000,138000
2012/01/09,0,45000,-138000,-93000
2012/01/10,0,200000,-67000,133000
2012/01/11,0,659000,-49000,610000
2012/01/12,0,558000,-32000,526000
2012/01/13,0,533000,-337000,196000
2012/01/16,0,474000,-588119,-114119
2012/01/17,0,220000,-69400,150600
2012/01/18,0,73000,-56000,17000
2012/01/19,0,0,0,0
2012/01/20,0,0,0,0
2012/01/23,0,0,0,0
2012/01/24,0,0,0,0
2012/01/25,0,0,0,0
2012/01/26,0,0,0,0
2012/01/27,0,0,0,0
2012/01/30,0,413823,-404000,9823
2012/01/31,0,217000,-413000,-196000
2012/02/01,0,143000,-358000,-215000
2012/02/02,0,191000,-236000,-45000
2012/02/03,0,163000,-303000,-140000
2012/02/06,0,82000,-112000,-30000
2012/02/07,0,213000,-35000,178000
2012/02/08,0,51000,-98000,-47000
2012/02/09,0,96000,-205000,-109000
2012/02/10,0,56000,-285000,-229000
2012/02/13,0,109000,-178000,-69000
2012/02/14,0,408000,-398000,10000
2012/02/15,0,63000,-173000,-110000
2012/02/16,0,67000,-177200,-110200
2012/02/17,0,90000,-108000,-18000
2012/02/20,0,884000,-211000,673000
2012/02/21,0,689000,-238000,451000
2012/02/22,0,316000,-112000,204000
2012/02/23,0,68000,-145000,-77000
2012/02/24,0,51000,-353000,-302000
2012/02/27,0,0,0,0
2012/02/28,0,0,0,0
2012/02/29,0,1599237,-32000,1567237
2012/03/01,0,503000,-824000,-321000
2012/03/02,0,105000,-331000,-226000
2012/03/05,0,215000,-615000,-400000
2012/03/06,0,379300,-921000,-541700
2012/03/07,0,433000,-327000,106000
2012/03/08,0,113000,-386000,-273000
2012/03/09,0,212000,-291300,-79300
2012/03/12,0,66000,-372533,-306533
2012/03/13,0,402000,-213000,189000
2012/03/14,0,427100,-381000,46100
2012/03/15,0,289000,-207000,82000
2012/03/16,0,152000,-193000,-41000
2012/03/19,0,161000,-494000,-333000
2012/03/20,0,320000,-155000,165000
2012/03/21,0,40000,-246594,-206594
2012/03/22,0,96000,-94100,1900
2012/03/23,0,178000,-69000,109000
2012/03/26,0,30000,-144000,-114000
2012/03/27,0,33000,-171000,-138000
2012/03/28,0,41000,-159000,-118000
2012/03/29,0,94000,-1017961,-923961
2012/03/30,0,37000,-331000,-294000
2012/04/02,0,55000,-513000,-458000
2012/04/03,0,165000,-264000,-99000
2012/04/04,0,0,0,0
2012/04/05,0,181000,-301000,-120000
2012/04/06,0,30000,-127000,-97000
2012/04/09,0,70000,-48000,22000
2012/04/10,0,19000,-88000,-69000
2012/04/11,0,63000,-7000,56000
2012/04/12,0,35000,-102000,-67000
2012/04/13,0,88000,-240800,-152800
2012/04/16,0,30000,-15000,15000
2012/04/17,0,262000,-71000,191000
2012/04/18,0,43000,-45000,-2000
2012/04/19,0,266000,-49000,217000
2012/04/20,0,53000,-81000,-28000
2012/04/23,0,211000,-204000,7000
2012/04/24,0,70000,-20000,50000
2012/04/25,0,76000,-128000,-52000
2012/04/26,0,47006,-42000,5006
2012/04/27,0,54000,-184453,-130453
2012/04/30,0,168000,-11000,157000
2012/05/01,0,0,0,0
2012/05/02,0,365000,-8000,357000
2012/05/03,0,164000,-79000,85000
2012/05/04,0,125000,-85000,40000
2012/05/07,0,220000,-363000,-143000
2012/05/08,0,246769,-99357,147412
2012/05/09,0,172000,-46488,125512
2012/05/10,0,64000,-36000,28000
2012/05/11,0,126000,-133000,-7000
2012/05/14,0,102000,-1176000,-1074000
2012/05/15,0,427000,-1828000,-1401000
2012/05/16,0,380000,-206000,174000
2012/05/17,0,347000,-225000,122000
2012/05/18,0,418000,-181000,237000
2012/05/21,0,249000,-169000,80000
2012/05/22,0,12000,-587000,-575000
2012/05/23,0,160000,-90000,70000
2012/05/24,0,191000,-74000,117000
2012/05/25,0,15000,-175000,-160000
2012/05/28,0,13000,-200000,-187000
2012/05/29,0,92000,-53000,39000
2012/05/30,0,30000,-38000,-8000
2012/05/31,0,16000,-10000,6000
2012/06/01,0,65000,-30000,35000
2012/06/04,0,241000,-120000,121000
2012/06/05,0,82000,-129000,-47000
2012/06/06,0,21000,-56000,-35000
2012/06/07,0,64000,-15000,49000
2012/06/08,0,4000,-57000,-53000
2012/06/11,0,54000,-10000,44000
2012/06/12,0,62000,-37000,25000
2012/06/13,0,127000,-31000,96000
2012/06/14,0,158000,-4000,154000
2012/06/15,0,188000,-35000,153000
2012/06/18,0,1081000,-77000,1004000
2012/06/19,0,73000,-157000,-84000
2012/06/20,0,235000,-79000,156000
2012/06/21,0,166000,-133000,33000
2012/06/22,0,636000,-185000,451000
2012/06/25,0,22000,-160000,-138000
2012/06/26,0,134000,-174000,-40000
2012/06/27,0,199812,-147000,52812
2012/06/28,0,184000,-58000,126000
2012/06/29,0,305000,-147000,158000
2012/07/02,0,150000,-533000,-383000
2012/07/03,0,306000,-183000,123000
2012/07/04,0,185000,-415000,-230000
2012/07/05,0,43000,-132000,-89000
2012/07/06,0,111000,-64000,47000
2012/07/09,0,100000,-112000,-12000
2012/07/10,0,578000,-270000,308000
2012/07/11,0,269000,-404000,-135000
2012/07/12,0,351000,-137143,213857
2012/07/13,0,350000,-745000,-395000
2012/07/16,0,92000,-115830,-23830
2012/07/17,0,2787000,-200000,2587000
2012/07/18,0,108000,-257000,-149000
2012/07/19,0,243000,-102000,141000
2012/07/20,0,191000,-158000,33000
2012/07/23,0,2646000,-219000,2427000
2012/07/24,0,2747000,-154000,2593000
2012/07/25,0,581000,-59000,522000
2012/07/26,0,460000,-134000,326000
2012/07/27,0,383000,-48000,335000
2012/07/30,0,673000,-252000,421000
2012/07/31,0,15215000,-101000,15114000
2012/08/01,0,9838000,-514000,9324000
2012/08/02,0,0,0,0
2012/08/03,0,510000,-30972000,-30462000
2012/08/06,0,441000,-1137000,-696000
2012/08/07,0,82000,-439000,-357000
2012/08/08,0,272000,-324000,-52000
2012/08/09,0,175000,-334000,-159000
2012/08/10,0,357000,-127000,230000
2012/08/13,0,386000,-735000,-349000
2012/08/14,0,364000,-141000,223000
2012/08/15,0,324000,-443000,-119000
2012/08/16,0,499000,-462000,37000
2012/08/17,0,126000,-173000,-47000
2012/08/20,0,43000,-147000,-104000
2012/08/21,0,741000,-511000,230000
2012/08/22,0,102000,-271000,-169000
2012/08/23,0,127000,-68000,59000
2012/08/24,0,186000,-778000,-592000
2012/08/27,0,81000,-347000,-266000
2012/08/28,0,134000,-313000,-179000
2012/08/29,0,213000,-469000,-256000
2012/08/30,0,151000,-279000,-128000
2012/08/31,0,135000,-104000,31000
2012/09/03,0,47000,-187000,-140000
2012/09/04,0,88000,-209000,-121000
2012/09/05,0,32000,-61000,-29000
2012/09/06,0,228000,-86000,142000
2012/09/07,0,52000,-207000,-155000
2012/09/10,0,494000,-200000,294000
2012/09/11,0,48000,-246000,-198000
2012/09/12,0,406000,-205000,201000
2012/09/13,0,226000,-208000,18000
2012/09/14,0,192000,-606900,-414900
2012/09/17,0,218000,-1550200,-1332200
2012/09/18,0,285000,-96000,189000
2012/09/19,0,359118,-257240,101878
2012/09/20,0,76000,-93000,-17000
2012/09/21,0,40600,-66000,-25400
2012/09/24,0,95000,-119820,-24820
2012/09/25,0,1067000,-525000,542000
2012/09/26,0,167000,-758641,-591641
2012/09/27,0,139080,-258000,-118920
2012/09/28,0,1204000,-108000,1096000
2012/10/01,0,263000,-279000,-16000
2012/10/02,0,463000,-263000,200000
2012/10/03,0,39000,-664000,-625000
2012/10/04,0,95000,-86000,9000
2012/10/05,0,897000,-32000,865000
2012/10/08,0,61000,-615000,-554000
2012/10/09,0,415000,-808000,-393000
2012/10/10,0,0,0,0
2012/10/11,0,334000,-373000,-39000
2012/10/12,0,135000,-1167000,-1032000
2012/10/15,0,129000,-342800,-213800
2012/10/16,0,62000,-199000,-137000
2012/10/17,0,141000,-456800,-315800
2012/10/18,0,48000,-252080,-204080
2012/10/19,0,258000,-625800,-367800
2012/10/22,0,129000,-139000,-10000
2012/10/23,0,355000,-137000,218000
2012/10/24,0,865000,-187000,678000
2012/10/25,0,1729000,-174000,1555000
2012/10/26,0,129000,-274000,-145000
2012/10/29,0,223000,-65000,158000
2012/10/30,0,228000,-25880,202120
2012/10/31,0,29000,-51000,-22000
2012/11/01,0,47000,-55400,-8400
2012/11/02,0,214000,-15000,199000
2012/11/05,0,44000,-267000,-223000
2012/11/06,0,1017000,-208000,809000
2012/11/07,0,125000,-339000,-214000
2012/11/08,0,170000,-102000,68000
2012/11/09,0,198000,-132000,66000
2012/11/12,0,125000,-191000,-66000
2012/11/13,0,102000,-191000,-89000
2012/11/14,0,217000,-562000,-345000
2012/11/15,0,433000,-40000,393000
2012/11/16,0,75000,-77000,-2000
2012/11/19,0,59000,-48000,11000
2012/11/20,0,14000,-30000,-16000
2012/11/21,0,167000,-61240,105760
2012/11/22,0,102000,-53000,49000
2012/11/23,0,415000,-272000,143000
2012/11/26,0,675000,-510000,165000
2012/11/27,0,70000,-513000,-443000
2012/11/28,0,26000,-58000,-32000
2012/11/29,0,372000,-408000,-36000
2012/11/30,0,282000,-752000,-470000
2012/12/03,0,569000,-580000,-11000
2012/12/04,0,331000,-130000,201000
2012/12/05,0,205000,-203000,2000
2012/12/06,0,529000,-352000,177000
2012/12/07,0,28000,-337000,-309000
2012/12/10,0,30000,-473000,-443000
2012/12/11,0,145000,-353000,-208000
2012/12/12,0,84000,-838000,-754000
2012/12/13,0,210000,-366000,-156000
2012/12/14,0,22000,-42000,-20000
2012/12/17,0,6000,-167000,-161000
2012/12/18,0,315000,-41000,274000
2012/12/19,0,0,-242000,-242000
2012/12/20,0,97000,-138000,-41000
2012/12/21,0,78000,-359000,-281000
2012/12/24,0,4000,-78000,-74000
2012/12/25,0,111000,-75000,36000
2012/12/26,0,19000,-96000,-77000
2012/12/27,0,70002,-95000,-24998
2012/12/28,0,170000,-71000,99000
2012/12/31,0,0,0,0
2013/01/01,0,0,0,0
2013/01/02,0,30000,-78000,-48000
2013/01/03,0,242000,-147000,95000
2013/01/04,0,135000,-84041,50959
2013/01/07,0,98000,-89599,8401
2013/01/08,0,154000,-42000,112000
2013/01/09,0,75000,-27000,48000
2013/01/10,0,555000,-250000,305000
2013/01/11,0,128000,-71000,57000
2013/01/14,0,155000,-289000,-134000
2013/01/15,0,28000,-88000,-60000
2013/01/16,0,268000,-123000,145000
2013/01/17,0,172200,-655000,-482800
2013/01/18,0,116000,-4220,111780
2013/01/21,0,48000,-40000,8000
2013/01/22,0,102000,-13000,89000
2013/01/23,0,281000,-3005000,-2724000
2013/01/24,0,212000,-106000,106000
2013/01/25,0,180000,-26000,154000
2013/01/28,0,207000,-125000,82000
2013/01/29,0,1700000,-503000,1197000
2013/01/30,0,487000,-376000,111000
2013/01/31,0,172000,-95000,77000
2013/02/01,0,511000,-236000,275000
2013/02/04,0,406000,-71000,335000
2013/02/05,0,997000,-301000,696000
2013/02/06,0,170000,-657000,-487000
2013/02/07,0,0,0,0
2013/02/08,0,0,0,0
2013/02/11,0,0,0,0
2013/02/12,0,0,0,0
2013/02/13,0,0,0,0
2013/02/14,0,0,0,0
2013/02/15,0,0,0,0
2013/02/18,0,262000,-249000,13000
2013/02/19,0,389000,-172520,216480
2013/02/20,0,357000,-177000,180000
2013/02/21,0,89000,-440000,-351000
2013/02/22,0,1499000,-920000,579000
2013/02/25,0,343000,-218000,125000
2013/02/26,0,394000,-566000,-172000
2013/02/27,0,324000,-294000,30000
2013/02/28,0,0,0,0
2013/03/01,0,246000,-318000,-72000
2013/03/04,0,381000,-1016000,-635000
2013/03/05,0,268000,-466000,-198000
2013/03/06,0,688000,-742000,-54000
2013/03/07,0,774000,-164000,610000
2013/03/08,0,207000,-239000,-32000
2013/03/11,0,627000,-263000,364000
2013/03/12,0,190000,-856000,-666000
2013/03/13,0,349000,-580000,-231000
2013/03/14,0,343000,-544000,-201000
2013/03/15,0,664000,-644096,19904
2013/03/18,0,178000,-334000,-156000
2013/03/19,0,227000,-220000,7000
2013/03/20,0,465000,-958000,-493000
2013/03/21,0,724000,-762000,-38000
2013/03/22,0,113000,-959000,-846000
2013/03/25,0,128000,-67000,61000
2013/03/26,0,80000,-52000,28000
2013/03/27,0,90000,-43000,47000
2013/03/28,0,368000,-1248000,-880000
2013/03/29,0,912000,-528000,384000
2013/04/01,0,219000,-622000,-403000
2013/04/02,0,67000,-352000,-285000
2013/04/03,0,781992,-754000,27992
2013/04/04,0,0,0,0
2013/04/05,0,0,0,0
2013/04/08,0,533000,-266000,267000
2013/04/09,0,347000,-573000,-226000
2013/04/10,0,949994,-284000,665994
2013/04/11,0,277000,-564000,-287000
2013/04/12,0,179000,-552000,-373000
2013/04/15,0,194000,-294000,-100000
2013/04/16,0,463000,-700000,-237000
2013/04/17,0,256000,-429000,-173000
2013/04/18,0,341000,-391000,-50000
2013/04/19,0,35000,-163000,-128000
2013/04/22,0,225000,-324000,-99000
2013/04/23,0,246000,-167000,79000
2013/04/24,0,180000,-325000,-145000
2013/04/25,0,420000,-167000,253000
2013/04/26,0,1312000,-909000,403000
2013/04/29,0,289995,-427000,-137005
2013/04/30,0,207000,-1308000,-1101000
2013/05/01,0,0,0,0
2013/05/02,0,142000,-147000,-5000
2013/05/03,0,147000,-245000,-98000
2013/05/06,0,91000,-98000,-7000
2013/05/07,0,611985,-418000,193985
2013/05/08,0,476000,-400000,76000
2013/05/09,0,203000,-307000,-104000
2013/05/10,0,151000,-197000,-46000
2013/05/13,0,294000,-184000,110000
2013/05/14,0,807000,-739000,68000
2013/05/15,0,402000,-249000,153000
2013/05/16,0,602000,-289000,313000
2013/05/17,0,503000,-249000,254000
2013/05/20,0,337000,-137000,200000
2013/05/21,0,399000,-282000,117000
2013/05/22,0,502000,-161000,341000
2013/05/23,0,174000,-548000,-374000
2013/05/24,0,199070,-815000,-615930
2013/05/27,0,371000,-83000,288000
2013/05/28,0,286000,-55000,231000
2013/05/29,0,260000,-91000,169000
2013/05/30,0,185000,-361340,-176340
2013/05/31,0,976000,-385000,591000
2013/06/03,0,365000,-230990,134010
2013/06/04,0,115000,-165000,-50000
2013/06/05,0,182000,-130997,51003
2013/06/06,0,124000,-1046000,-922000
2013/06/07,0,614000,-219000,395000
2013/06/10,0,136000,-367000,-231000
2013/06/11,0,430000,-263000,167000
2013/06/12,0,0,0,0
2013/06/13,0,153000,-247000,-94000
2013/06/14,0,157000,-324000,-167000
2013/06/17,0,346000,-125000,221000
2013/06/18,0,898000,-456783,441217
2013/06/19,0,128000,-755000,-627000
2013/06/20,0,689000,-519000,170000
2013/06/21,0,586000,-373000,213000
2013/06/24,0,175000,-255000,-80000
2013/06/25,0,356000,-1372000,-1016000
2013/06/26,0,150000,-319000,-169000
2013/06/27,0,353000,-264000,89000
2013/06/28,0,443000,-446995,-3995
2013/07/01,0,282000,-199000,83000
2013/07/02,0,183000,-66749,116251
2013/07/03,0,112000,-122000,-10000
2013/07/04,0,194000,-99000,95000
2013/07/05,0,291000,-221000,70000
2013/07/08,0,269000,-206000,63000
2013/07/09,0,266000,-683000,-417000
2013/07/10,0,890000,-519000,371000
2013/07/11,0,647000,-459000,188000
2013/07/12,0,318000,-207000,111000
2013/07/15,0,668000,-201000,467000
2013/07/16,0,197000,-102000,95000
2013/07/17,0,349000,-187000,162000
2013/07/18,0,189000,-205000,-16000
2013/07/19,0,210000,-397000,-187000
2013/07/22,0,825000,-240000,585000
2013/07/23,0,3654000,-247000,3407000
2013/07/24,0,9367000,-474000,8893000
2013/07/25,0,2175000,-22000,2153000
2013/07/26,0,650000,-563000,87000
2013/07/29,0,1530428,-144000,1386428
2013/07/30,0,869000,-589000,280000
2013/07/31,0,7242000,-683000,6559000
2013/08/01,0,18499000,-567475,17931525
2013/08/02,0,618000,-38888000,-38270000
2013/08/05,0,236000,-2543000,-2307000
2013/08/06,0,256000,-507000,-251000
2013/08/07,0,193000,-849000,-656000
2013/08/08,0,384000,-1904000,-1520000
2013/08/09,0,312000,-646000,-334000
2013/08/12,0,144000,-216000,-72000
2013/08/13,0,110000,-406000,-296000
2013/08/14,0,518000,-477000,41000
2013/08/15,0,333000,-256000,77000
2013/08/16,0,193000,-87000,106000
2013/08/19,0,234000,-448000,-214000
2013/08/20,0,371000,-412000,-41000
2013/08/21,0,0,0,0
2013/08/22,0,570000,-336000,234000
2013/08/23,0,358000,-211000,147000
2013/08/26,0,187000,-179000,8000
2013/08/27,0,93000,-785000,-692000
2013/08/28,0,100000,-94000,6000
2013/08/29,0,363000,-21000,342000
2013/08/30,0,328000,-129000,199000
2013/09/02,0,97000,-126000,-29000
2013/09/03,0,52000,-25000,27000
2013/09/04,0,13000,-124000,-111000
2013/09/05,0,394000,-19000,375000
2013/09/06,0,35000,-165000,-130000
2013/09/09,0,64000,-23000,41000
2013/09/10,0,74000,-134000,-60000
2013/09/11,0,62000,-75000,-13000
2013/09/12,0,98000,-79000,19000
2013/09/13,0,86000,-163000,-77000
2013/09/16,0,235000,-2076400,-1841400
2013/09/17,0,173650,-49500,124150
2013/09/18,0,89000,-88901,99
2013/09/19,0,0,0,0
2013/09/20,0,0,0,0
2013/09/23,0,38000,-37000,1000
2013/09/24,0,16000,-66000,-50000
2013/09/25,0,28000,-90700,-62700
2013/09/26,0,17000,-267000,-250000
2013/09/27,0,42000,-50000,-8000
2013/09/30,0,129000,-20900,108100
2013/10/01,0,248000,-42500,205500
2013/10/02,0,18000,-132000,-114000
2013/10/03,0,164000,-11000,153000
2013/10/04,0,54000,-80500,-26500
2013/10/07,0,2915000,-40000,2875000
2013/10/08,0,294000,-1574000,-1280000
2013/10/09,0,248800,-576000,-327200
2013/10/10,0,0,0,0
2013/10/11,0,364000,-351000,13000
2013/10/14,0,108000,-208500,-100500
2013/10/15,0,21000,-70200,-49200
2013/10/16,0,51000,-524752,-473752
2013/10/17,0,72000,-68000,4000
2013/10/18,0,166000,-17000,149000
2013/10/21,0,83000,-29000,54000
2013/10/22,0,178000,-207000,-29000
2013/10/23,0,42000,-144726,-102726
2013/10/24,0,70000,-45000,25000
2013/10/25,0,27000,-131000,-104000
2013/10/28,0,896000,-183000,713000
2013/10/29,0,100000,-690000,-590000
2013/10/30,0,27000,-160000,-133000
2013/10/31,0,75000,-294000,-219000
2013/11/01,0,86000,-182000,-96000
2013/11/04,0,91000,-42000,49000
2013/11/05,0,15000,-222000,-207000
2013/11/06,0,59000,-27000,32000
2013/11/07,0,87000,-423000,-336000
2013/11/08,0,190000,-1124200,-934200
2013/11/11,0,526000,-61000,465000
2013/11/12,0,171000,-54050,116950
2013/11/13,0,226000,-187000,39000
2013/11/14,0,103000,-42000,61000
2013/11/15,0,49000,-31000,18000
2013/11/18,0,53000,-42000,11000
2013/11/19,0,203000,-11000,192000
2013/11/20,0,277000,-129000,148000
2013/11/21,0,69000,-77000,-8000
2013/11/22,0,27000,-96000,-69000
2013/11/25,0,171000,-41000,130000
2013/11/26,0,252000,-110000,142000
2013/11/27,0,86000,-124000,-38000
2013/11/28,0,124000,-35000,89000
2013/11/29,0,168000,-74000,94000
2013/12/02,0,46000,-41150,4850
2013/12/03,0,119000,-115000,4000
2013/12/04,0,32000,-31000,1000
2013/12/05,0,19000,-185623,-166623
2013/12/06,0,83000,-56000,27000
2013/12/09,0,87000,-4000,83000
2013/12/10,0,55000,-45000,10000
2013/12/11,0,68000,-185000,-117000
2013/12/12,0,95000,-276000,-181000
2013/12/13,0,42000,-16000,26000
2013/12/16,0,118000,-125000,-7000
2013/12/17,0,52000,-35000,17000
2013/12/18,0,177000,-38000,139000
2013/12/19,0,210000,-35000,175000
2013/12/20,0,240000,-6100,233900
2013/12/23,0,166000,-62000,104000
2013/12/24,0,131000,-8000,123000
2013/12/25,0,155000,-130000,25000
2013/12/26,0,151000,-6000,145000
2013/12/27,0,331000,-67000,264000
2013/12/30,0,245000,-269000,-24000
2013/12/31,0,151000,-538000,-387000
2014/01/02,0,66000,-61000,5000
2014/01/03,0,79000,-139000,-60000
2014/01/06,0,40000,-82000,-42000
2014/01/07,0,1217000,-126000,1091000
2014/01/08,0,261000,-235000,26000
2014/01/09,0,149000,-219000,-70000
2014/01/10,0,259000,-477000,-218000
2014/01/13,0,141000,-83000,58000
2014/01/14,0,61000,-282000,-221000
2014/01/15,0,408000,-250000,158000
2014/01/16,0,64000,-132000,-68000
2014/01/17,0,98000,-89000,9000
2014/01/20,0,678000,-197375,480625
2014/01/21,0,126000,-516000,-390000
2014/01/22,0,192000,-106000,86000
2014/01/23,0,139000,-79000,60000
2014/01/24,0,48000,-67000,-19000
2014/01/27,0,160000,-330000,-170000
2014/02/05,0,91000,-227000,-136000
2014/02/06,0,235000,-224161,10839
2014/02/07,0,24000,-125000,-101000
2014/02/10,0,273000,-29000,244000
2014/02/11,0,58000,-366000,-308000
2014/02/12,0,80000,-139000,-59000
2014/02/13,0,183000,-470000,-287000
2014/02/14,0,28000,-66000,-38000
2014/02/17,0,22000,-3000,19000
2014/02/18,0,52000,-74000,-22000
2014/02/19,0,369000,-169000,200000
2014/02/20,0,48000,-335000,-287000
2014/02/21,0,13000,-63000,-50000
2014/02/24,0,81000,-45000,36000
2014/02/25,0,87000,-49817,37183
2014/02/26,0,684000,-61000,623000
2014/02/27,0,65000,-119000,-54000
2014/03/03,0,14000,-266000,-252000
2014/03/04,0,27000,-139000,-112000
2014/03/05,0,217000,-156000,61000
2014/03/06,0,634000,-45000,589000
2014/03/07,0,441000,-493000,-52000
2014/03/10,0,215000,-53000,162000
2014/03/11,0,223000,-206000,17000
2014/03/12,0,82000,-101000,-19000
2014/03/13,0,155000,-451000,-296000
2014/03/14,0,67000,-159000,-92000
2014/03/17,0,70000,-100000,-30000
2014/03/18,0,111212,-16000,95212
2014/03/19,0,211000,-84690,126310
2014/03/20,0,99000,-159000,-60000
2014/03/21,0,18000,-9000,9000
2014/03/24,0,144000,-94000,50000
2014/03/25,0,59000,-78000,-19000
2014/03/26,0,292000,-191000,101000
2014/03/27,0,2909000,-162000,2747000
2014/03/28,0,2622000,-1108000,1514000
2014/03/31,0,1618000,-370000,1248000
2014/04/01,0,300000,-896600,-596600
2014/04/02,0,442000,-215000,227000
2014/04/03,0,1549000,-566000,983000
2014/04/07,0,356000,-703000,-347000
2014/04/08,0,505000,-350000,155000
2014/04/09,0,736000,-772000,-36000
2014/04/10,0,226000,-593000,-367000
2014/04/11,0,274000,-736000,-462000
2014/04/14,0,84000,-313000,-229000
2014/04/15,0,467000,-154000,313000
2014/04/16,0,655000,-528250,126750
2014/04/17,0,267000,-645000,-378000
2014/04/18,0,262000,-187000,75000
2014/04/21,0,207000,-140000,67000
2014/04/22,0,326000,-136000,190000
2014/04/23,0,338000,-244000,94000
2014/04/24,0,293000,-146000,147000
2014/04/25,0,429000,-1025833,-596833
2014/04/28,0,310000,-108000,202000
2014/04/29,0,201000,-151000,50000
2014/04/30,0,200000,-296000,-96000
2014/05/02,0,550000,-726000,-176000
2014/05/05,0,129000,-256000,-127000
2014/05/06,0,352000,-249784,102216
2014/05/07,0,64000,-175000,-111000
2014/05/08,0,104000,-162000,-58000
2014/05/09,0,159000,-357000,-198000
2014/05/12,0,49000,-1445000,-1396000
2014/05/13,0,46000,-291000,-245000
2014/05/14,0,590000,-541000,49000
2014/05/15,0,285000,-96000,189000
2014/05/16,0,134000,-87000,47000
2014/05/19,0,73000,-160000,-87000
2014/05/20,0,42000,-95000,-53000
2014/05/21,0,47000,-426000,-379000
2014/05/22,0,80000,-163000,-83000
2014/05/23,0,110000,-323000,-213000
2014/05/26,0,51000,-54000,-3000
2014/05/27,0,305000,-72000,233000
2014/05/28,0,141000,-205000,-64000
2014/05/29,0,38000,-494648,-456648
2014/05/30,0,113000,-291000,-178000
2014/06/03,0,52000,-104000,-52000
2014/06/04,0,5000,-46000,-41000
2014/06/05,0,53000,-218000,-165000
2014/06/06,0,34000,-32000,2000
2014/06/09,0,15000,-163000,-148000
2014/06/10,0,28118,-17000,11118
2014/06/11,0,20000,-440000,-420000
2014/06/12,0,22000,-59000,-37000
2014/06/13,0,46000,-43000,3000
2014/06/16,0,93000,-4000,89000
2014/06/17,0,197000,-90000,107000
2014/06/18,0,52970,-360000,-307030
2014/06/19,0,78000,-42000,36000
2014/06/20,0,50000,-98000,-48000
2014/06/23,0,19000,-26000,-7000
2014/06/24,0,41000,-398000,-357000
2014/06/25,0,50000,-212000,-162000
2014/06/26,0,237000,-36000,201000
2014/06/27,0,78000,-35000,43000
2014/06/30,0,171000,-79000,92000
2014/07/01,0,540000,-59000,481000
2014/07/02,0,51000,-7000,44000
2014/07/03,0,48000,-63000,-15000
2014/07/04,0,182000,-102000,80000
2014/07/07,0,713000,-504000,209000
2014/07/08,0,308000,-137000,171000
2014/07/09,0,519000,-270000,249000
2014/07/10,0,442000,-293000,149000
2014/07/11,0,281000,-449000,-168000
2014/07/14,0,405000,-261000,144000
2014/07/15,0,862000,-964000,-102000
2014/07/16,0,73000,-631000,-558000
2014/07/17,0,8763000,-217000,8546000
2014/07/18,0,1337000,-96000,1241000
2014/07/21,0,58000,-534000,-476000
2014/07/22,0,26170000,-539000,25631000
2014/07/23,0,0,0,0
2014/07/24,0,29000,-36920000,-36891000
2014/07/25,0,42000,-161000,-119000
2014/07/28,0,185000,-227000,-42000
2014/07/29,0,94000,-668000,-574000
2014/07/30,0,104000,-13000,91000
2014/07/31,0,28000,-69000,-41000
2014/08/01,0,31000,0,31000
2014/08/04,0,6000,-128000,-122000
2014/08/05,0,15000,-401000,-386000
2014/08/06,0,137000,-197000,-60000
2014/08/07,0,4000,-101000,-97000
2014/08/08,0,13000,-43000,-30000
2014/08/11,0,58000,-71000,-13000
2014/08/12,0,42000,-100000,-58000
2014/08/13,0,130000,-556000,-426000
2014/08/14,0,381000,-764000,-383000
2014/08/15,0,204000,-465000,-261000
2014/08/18,0,294000,-230000,64000
2014/08/19,0,226000,-158000,68000
2014/08/20,0,24000,-125000,-101000
2014/08/21,0,16000,-125000,-109000
2014/08/22,0,45000,-13000,32000
2014/08/25,0,64000,-117000,-53000
2014/08/26,0,107000,-6000,101000
2014/08/27,0,367000,-28000,339000
2014/08/28,0,88000,-305000,-217000
2014/08/29,0,26000,-32000,-6000
2014/09/01,0,82000,-141000,-59000
2014/09/02,0,50000,-121000,-71000
2014/09/03,0,39000,-155000,-116000
2014/09/04,0,113000,-15000,98000
2014/09/05,0,136000,-78000,58000
2014/09/09,0,75000,-32000,43000
2014/09/10,0,51000,-33000,18000
2014/09/11,0,58000,-43000,15000
2014/09/12,0,26000,-101000,-75000
2014/09/15,0,56000,-66000,-10000
2014/09/16,0,85000,-24000,61000
2014/09/17,0,96000,-103000,-7000
2014/09/18,0,134000,-3000,131000
2014/09/19,0,190000,-36000,154000
2014/09/22,0,3000,-201000,-198000
2014/09/23,0,106000,-31380,74620
2014/09/24,0,98000,-248000,-150000
2014/09/25,0,100000,-105000,-5000
2014/09/26,0,193000,-18000,175000
2014/09/29,0,117000,-25000,92000
2014/09/30,0,290000,-9000,281000
2014/10/01,0,184000,-32000,152000
2014/10/02,0,478000,-226000,252000
2014/10/03,0,97000,-285000,-188000
2014/10/06,0,37000,-171000,-134000
2014/10/07,0,100,-167000,-166900
2014/10/08,0,7000,-43000,-36000
2014/10/09,0,92100,-76000,16100
2014/10/13,0,71000,-59000,12000
2014/10/14,0,190000,-6000,184000
2014/10/15,0,157000,-209000,-52000
2014/10/16,0,293000,-34000,259000
2014/10/17,0,2000,-55000,-53000
2014/10/20,0,105000,-43000,62000
2014/10/21,0,16000,-167000,-151000
2014/10/22,0,197000,-44000,153000
2014/10/23,0,173000,-55564,117436
2014/10/24,0,102000,-53873,48127
2014/10/27,0,17000,-10000,7000
2014/10/28,0,289000,-36000,253000
2014/10/29,0,1567036,-24000,1543036
2014/10/30,0,67000,-328000,-261000
2014/10/31,0,67000,-124000,-57000
2014/11/03,0,164000,-56000,108000
2014/11/04,0,600000,-158000,442000
2014/11/05,0,903000,-312000,591000
2014/11/06,0,254000,-825691,-571691
2014/11/07,0,193000,-257000,-64000
2014/11/10,0,137000,-119000,18000
2014/11/11,0,25000,-194000,-169000
2014/11/12,0,24000,-262000,-238000
2014/11/13,0,51000,-91000,-40000
2014/11/14,0,108000,-177000,-69000
2014/11/17,0,205000,-206000,-1000
2014/11/18,0,80000,-44000,36000
2014/11/19,0,101000,-46000,55000
2014/11/20,0,202000,-33000,169000
2014/11/21,0,86000,-599000,-513000
2014/11/24,0,81000,-304000,-223000
2014/11/25,0,227000,-154000,73000
2014/11/26,0,94000,-710000,-616000
2014/11/27,0,194000,-71000,123000
2014/11/28,0,46000,-157000,-111000
2014/12/01,0,82000,-106000,-24000
2014/12/02,0,21000,-167000,-146000
2014/12/03,0,102000,-10000,92000
2014/12/04,0,43000,-29822,13178
2014/12/05,0,19000,-104000,-85000
2014/12/08,0,94000,-30000,64000
2014/12/09,0,853000,-81000,772000
2014/12/10,0,19000,-440000,-421000
2014/12/11,0,10000,-257000,-247000
2014/12/12,0,18000,-36000,-18000
2014/12/15,0,38000,-101000,-63000
2014/12/16,0,189000,-130000,59000
2014/12/17,0,145000,-534000,-389000
2014/12/18,0,37000,-98000,-61000
2014/12/19,0,56000,-201000,-145000
2014/12/22,0,106000,-19000,87000
2014/12/23,0,904000,-12000,892000
2014/12/24,0,341000,-583000,-242000
2014/12/25,0,113000,-126000,-13000
2014/12/26,0,116000,-250000,-134000
2014/12/29,0,74000,-194000,-120000
2014/12/30,0,346000,-32000,314000
2014/12/31,0,239000,-218000,21000
2015/01/01,0,0,0,0
2015/01/02,0,0,0,0
2015/01/05,0,85000,-63000,22000
2015/01/06,0,5000,-177000,-172000
2015/01/07,0,2000,-304000,-302000
2015/01/08,0,101000,-63000,38000
2015/01/09,0,175000,-53000,122000
2015/01/12,0,74000,-39000,35000
2015/01/13,0,280000,-43000,237000
2015/01/14,0,313000,-127000,186000
2015/01/15,0,243000,-80000,163000
2015/01/16,0,205000,-168056,36944
2015/01/19,0,127000,-226000,-99000
2015/01/20,0,52000,-128000,-76000
2015/01/21,0,456000,-88000,368000
2015/01/22,0,799000,-348000,451000
2015/01/23,0,968000,-604000,364000
2015/01/26,0,1000,-74000,-73000
2015/01/27,0,209000,-175000,34000
2015/01/28,0,1000,-156000,-155000
2015/01/29,0,18000,-86000,-68000
2015/01/30,0,400000,-28000,372000
2015/02/02,0,4000,-79000,-75000
2015/02/03,0,461000,-56000,405000
2015/02/04,0,20000,-121043,-101043
2015/02/05,0,51000,-1042,49958
2015/02/06,0,31000,-67000,-36000
2015/02/09,0,18000,-163000,-145000
2015/02/10,0,92000,-20000,72000
2015/02/11,0,111000,-75000,36000
2015/02/12,0,473000,-110000,363000
2015/02/13,0,128000,-937000,-809000
2015/02/16,0,0,0,0
2015/02/17,0,0,0,0
2015/02/18,0,0,0,0
2015/02/19,0,0,0,0
2015/02/20,0,0,0,0
2015/02/23,0,0,0,0
2015/02/24,0,326000,-343000,-17000
2015/02/25,0,63000,-99028,-36028
2015/02/26,0,8000,-100000,-92000
2015/02/27,0,0,0,0
2015/03/02,0,134000,-126000,8000
2015/03/03,0,208000,-888351,-680351
2015/03/04,0,156000,-556000,-400000
2015/03/05,0,34000,-114028,-80028
2015/03/06,0,95000,-31000,64000
2015/03/09,0,53000,-140583,-87583
2015/03/10,0,28000,-61000,-33000
2015/03/11,0,36000,-143000,-107000
2015/03/12,0,19000,-103345,-84345
2015/03/13,0,53000,-12000,41000
2015/03/16,0,78000,-80000,-2000
2015/03/17,0,19000,-237029,-218029
2015/03/18,0,60000,-166000,-106000
2015/03/19,0,48000,-220000,-172000
2015/03/20,0,21000,-11000,10000
2015/03/23,0,80000,-54000,26000
2015/03/24,0,15000,-360000,-345000
2015/03/25,0,25000,-34950,-9950
2015/03/26,0,107000,-30000,77000
2015/03/27,0,35000,-73000,-38000
2015/03/30,0,52000,-72000,-20000
2015/03/31,0,36000,-69000,-33000
2015/04/01,0,126000,-425000,-299000
2015/04/02,0,64000,-33000,31000
2015/04/03,0,0,0,0
2015/04/06,0,0,0,0
2015/04/07,0,47000,-20000,27000
2015/04/08,0,30000,-65000,-35000
2015/04/09,0,61000,-74000,-13000
2015/04/10,0,37000,0,37000
2015/04/13,0,39000,-11000,28000
2015/04/14,0,51000,-262000,-211000
2015/04/15,0,14000,-129000,-115000
2015/04/16,0,18000,-50000,-32000
2015/04/17,0,135000,-14000,121000
2015/04/20,0,24000,-53000,-29000
2015/04/21,0,16000,-11000,5000
2015/04/22,0,25000,-33000,-8000
2015/04/23,0,114000,-6000,108000
2015/04/24,0,274000,-5000,269000
2015/04/27,0,39000,-80000,-41000
2015/04/28,0,69000,-4000,65000
2015/04/29,0,418000,0,418000
2015/04/30,0,58000,-122000,-64000
2015/05/01,0,0,0,0
2015/05/04,0,25000,-23000,2000
2015/05/05,0,14000,-32000,-18000
2015/05/06,0,56000,-53000,3000
2015/05/07,0,114000,-5000,109000
2015/05/08,0,50000,-31000,19000
2015/05/11,0,45000,-28000,17000
2015/05/12,0,107000,-64000,43000
2015/05/13,0,14000,-72000,-58000
2015/05/14,0,14000,-231000,-217000
2015/05/15,0,32000,-166000,-134000
2015/05/18,0,14000,-14000,0
2015/05/19,0,14000,-105000,-91000
2015/05/20,0,19000,-202000,-183000
2015/05/21,0,14000,-148000,-134000
2015/05/22,0,15000,-16000,-1000
2015/05/25,0,19000,-53000,-34000
2015/05/26,0,35000,0,35000
2015/05/27,0,24000,-11000,13000
2015/05/28,0,14000,-4000,10000
2015/05/29,0,55000,-54000,1000
2015/06/01,0,23000,-14000,9000
2015/06/02,0,27000,-17000,10000
2015/06/03,0,14000,-57000,-43000
2015/06/04,0,25000,-231695,-206695
2015/06/05,0,31000,-12000,19000
2015/06/08,0,27000,-2000,25000
2015/06/09,0,15000,-10000,5000
2015/06/10,0,29000,-8000,21000
2015/06/11,0,17000,-20000,-3000
2015/06/12,0,15000,-8000,7000
2015/06/15,0,15000,-21000,-6000
2015/06/16,0,17000,-8000,9000
2015/06/17,0,147000,0,147000
2015/06/18,0,20000,-12000,8000
2015/06/19,0,0,0,0
2015/06/22,0,64000,-5000,59000
2015/06/23,0,41000,-2000,39000
2015/06/24,0,53000,0,53000
2015/06/25,0,110000,0,110000
2015/06/26,0,102000,-4000,98000
2015/06/29,0,23000,0,23000
2015/06/30,0,48000,-36000,12000
2015/07/01,0,152000,-7000,145000
2015/07/02,0,179000,-1000,178000
2015/07/03,0,83000,-14000,69000
2015/07/06,0,78000,-1000,77000
2015/07/07,0,123000,-7000,116000
2015/07/08,0,178000,-21000,157000
2015/07/09,0,111000,-25000,86000
2015/07/10,0,0,0,0
2015/07/13,0,111000,-99000,12000
2015/07/14,0,236000,-75000,161000
2015/07/15,0,560000,-13000,547000
2015/07/16,0,426000,0,426000
2015/07/17,0,1139000,0,1139000
2015/07/20,0,2363000,0,2363000
2015/07/21,0,1496000,0,1496000
2015/07/22,0,1117000,-43000,1074000
2015/07/23,0,91000,-309000,-218000
2015/07/24,0,30000,-132000,-102000
2015/07/27,0,127000,-105000,22000
2015/07/28,0,163000,-10000,153000
2015/07/29,0,20000,-72000,-52000
2015/07/30,0,0,-1221000,-1221000
2015/07/31,0,0,-298000,-298000
2015/08/03,0,11000,-1017000,-1006000
2015/08/04,0,280000,-651000,-371000
2015/08/05,0,133000,-55000,78000
2015/08/06,0,25000,-106000,-81000
2015/08/07,0,0,-368000,-368000
2015/08/10,0,21000,-1916000,-1895000
2015/08/11,0,15000,-1569652,-1554652
2015/08/12,0,236000,-16000,220000
2015/08/13,0,23000,-283000,-260000
2015/08/14,0,11000,-18000,-7000
2015/08/17,0,67000,-33000,34000
2015/08/18,0,143000,-69000,74000
2015/08/19,0,16000,-262000,-246000
2015/08/20,0,29000,-17000,12000
2015/08/21,0,0,-25000,-25000
2015/08/24,0,69000,-83000,-14000
2015/08/25,0,14000,-20000,-6000
2015/08/26,0,31000,-25000,6000
2015/08/27,0,18000,-33250,-15250
2015/08/28,0,22000,-81338,-59338
2015/08/31,0,0,-116000,-116000
2015/09/01,0,0,-136334,-136334
2015/09/02,0,5000,-17000,-12000
2015/09/03,0,0,-121575,-121575
2015/09/04,0,0,-72000,-72000
2015/09/07,0,0,-1000,-1000
2015/09/08,0,25000,-1000,24000
2015/09/09,0,108000,0,108000
2015/09/10,0,45000,-10000,35000
2015/09/11,0,69000,-18000,51000
2015/09/14,0,0,-28000,-28000
2015/09/15,0,0,0,0
2015/09/16,0,6000,0,6000
2015/09/17,0,45000,-45000,0
2015/09/18,0,10000,-4000,6000
2015/09/21,0,14000,-54000,-40000
2015/09/22,0,0,-14000,-14000
2015/09/23,0,0,-23000,-23000
2015/09/24,0,0,-20000,-20000
2015/09/25,0,35000,0,35000
2015/09/28,0,0,0,0
2015/09/29,0,0,0,0
2015/09/30,0,56000,-20000,36000
2015/10/01,0,77000,-66000,11000
2015/10/02,0,40000,-7000,33000
2015/10/05,0,23000,-19000,4000
2015/10/06,0,52000,-8000,44000
2015/10/07,0,25000,-56000,-31000
2015/10/08,0,23000,-32000,-9000
2015/10/09,0,0,0,0
2015/10/12,0,142000,-102000,40000
2015/10/13,0,133000,-52000,81000
2015/10/14,0,12000,-118000,-106000
2015/10/15,0,13000,-57000,-44000
2015/10/16,0,91000,-120000,-29000
2015/10/19,0,59000,0,59000
2015/10/20,0,16000,-48000,-32000
2015/10/21,0,7000,-12000,-5000
2015/10/22,0,8000,-15000,-7000
2015/10/23,0,332000,-60000,272000
2015/10/26,0,66000,-81000,-15000
2015/10/27,0,6000,-89000,-83000
2015/10/28,0,99000,-3000,96000
2015/10/29,0,12000,-109000,-97000
2015/10/30,0,13000,-8000,5000
2015/11/02,0,16000,-26000,-10000
2015/11/03,0,65000,-79000,-14000
2015/11/04,0,75000,-108000,-33000
2015/11/05,0,75000,-32000,43000
2015/11/06,0,100000,-112000,-12000
2015/11/09,0,3000,-3000,0
2015/11/10,0,11000,-10000,1000
2015/11/11,0,2000,-54000,-52000
2015/11/12,0,26000,-7000,19000
2015/11/13,0,17000,-10000,7000
2015/11/16,0,14000,-51000,-37000
2015/11/17,0,24000,-7000,17000
2015/11/18,0,9000,-21000,-12000
2015/11/19,0,5000,-51000,-46000
2015/11/20,0,12000,0,12000
2015/11/23,0,67000,0,67000
2015/11/24,0,0,-51000,-51000
2015/11/25,0,0,-7000,-7000
2015/11/26,0,0,-13000,-13000
2015/11/27,0,0,-3000,-3000
2015/11/30,0,1000,-73000,-72000
2015/12/01,0,8000,-12000,-4000
2015/12/02,0,65000,-18000,47000
2015/12/03,0,41000,-9000,32000
2015/12/04,0,3000,-48000,-45000
2015/12/07,0,18000,0,18000
2015/12/08,0,8000,-4000,4000
2015/12/09,0,0,-28000,-28000
2015/12/10,0,10000,-1000,9000
2015/12/11,0,9000,-130000,-121000
2015/12/14,0,36000,-2000,34000
2015/12/15,0,62000,0,62000
2015/12/16,0,45000,-35000,10000
2015/12/17,0,31000,-39000,-8000
2015/12/18,0,71000,-2000,69000
2015/12/21,0,10000,-15000,-5000
2015/12/22,0,20000,-40000,-20000
2015/12/23,0,138000,-25000,113000
2015/12/24,0,36000,-38000,-2000
2015/12/25,0,11000,-26000,-15000
2015/12/28,0,3000,-2000,1000
2015/12/29,0,14000,-3000,11000
2015/12/30,0,10000,-59000,-49000
2015/12/31,0,38000,0,38000
2016/01/01,0,0,0,0
2016/01/04,0,82000,-95000,-13000
2016/01/05,0,96000,-15000,81000
2016/01/06,0,57000,-88000,-31000
2016/01/07,0,124000,-77000,47000
2016/01/08,0,64000,-54000,10000
2016/01/11,0,54000,-118000,-64000
2016/01/12,0,39000,-48000,-9000
2016/01/13,0,43000,-23000,20000
2016/01/14,0,156000,-26000,130000
2016/01/15,0,15000,-217000,-202000
2016/01/18,0,54000,-48000,6000
2016/01/19,0,116000,-40000,76000
2016/01/20,0,43000,-122000,-79000
2016/01/21,0,137000,-129000,8000
2016/01/22,0,112000,-2000,110000
2016/01/25,0,20000,-130000,-110000
2016/01/26,0,2000,-6000,-4000
2016/01/27,0,40000,0,40000
2016/01/28,0,2000,-40000,-38000
2016/01/29,0,81000,-6000,75000
2016/02/01,0,80000,-158000,-78000
2016/02/02,0,14000,-94000,-80000
2016/02/03,0,10000,-33000,-23000
2016/02/04,0,0,0,0
2016/02/05,0,0,0,0
2016/02/08,0,0,0,0
2016/02/09,0,0,0,0
2016/02/10,0,0,0,0
2016/02/11,0,0,0,0
2016/02/12,0,0,0,0
2016/02/15,0,177000,-25000,152000
2016/02/16,0,384000,-92000,292000
2016/02/17,0,107000,-217000,-110000
2016/02/18,0,124000,-96000,28000
2016/02/19,0,180000,-40000,140000
2016/02/22,0,205000,-107000,98000
2016/02/23,0,10000,-196000,-186000
2016/02/24,0,55000,-99000,-44000
2016/02/25,0,950000,-139000,811000
2016/02/26,0,71000,-653000,-582000
2016/02/29,0,0,0,0
2016/03/01,0,79000,-55000,24000
2016/03/02,0,196000,-68000,128000
2016/03/03,0,115000,0,115000
2016/03/04,0,157000,-282000,-125000
2016/03/07,0,387000,-205000,182000
2016/03/08,0,59000,-241000,-182000
2016/03/09,0,32000,-205000,-173000
2016/03/10,0,128000,-190000,-62000
2016/03/11,0,1099000,-100448,998552
2016/03/14,0,59000,-658000,-599000
2016/03/15,0,114000,-184000,-70000
2016/03/16,0,229000,-319000,-90000
2016/03/17,0,31000,-143000,-112000
2016/03/18,0,528000,-45000,483000
2016/03/21,0,147000,-281000,-134000
2016/03/22,0,36000,-258000,-222000
2016/03/23,0,35000,-136000,-101000
2016/03/24,0,3000,-126000,-123000
2016/03/25,0,177000,-16000,161000
2016/03/28,0,578000,-103000,475000
2016/03/29,0,163000,-526000,-363000
2016/03/30,0,84000,-105000,-21000
2016/03/31,0,96000,-77520,18480
2016/04/01,0,24000,-41000,-17000
2016/04/04,0,0,0,0
2016/04/05,0,0,0,0
2016/04/06,0,82000,-48000,34000
2016/04/07,0,29000,-94000,-65000
2016/04/08,0,39000,-112000,-73000
2016/04/11,0,2189000,-270000,1919000
2016/04/12,0,1021000,-490000,531000
2016/04/13,0,112000,-150000,-38000
2016/04/14,0,401000,-104000,297000
2016/04/15,0,352000,-344000,8000
2016/04/18,0,100000,-139000,-39000
2016/04/19,0,85000,-167000,-82000
2016/04/20,0,563000,-380000,183000
2016/04/21,0,454000,-324000,130000
2016/04/22,0,129000,-606000,-477000
2016/04/25,0,62000,-63000,-1000
2016/04/26,0,199000,-9000,190000
2016/04/27,0,173000,-122000,51000
2016/04/28,0,42000,-224000,-182000
2016/04/29,0,69000,-151000,-82000
2016/05/02,0,0,0,0
2016/05/03,0,131000,-51000,80000
2016/05/04,0,84000,-168000,-84000
2016/05/05,0,257000,-36000,221000
2016/05/06,0,100000,-274000,-174000
2016/05/09,0,255000,-91000,164000
2016/05/10,0,226000,-82000,144000
2016/05/11,0,98000,-282000,-184000
2016/05/12,0,582000,-65000,517000
2016/05/13,0,62000,-1163000,-1101000
2016/05/16,0,155000,-196000,-41000
2016/05/17,0,396000,-228000,168000
2016/05/18,0,97000,-506000,-409000
2016/05/19,0,92000,-396000,-304000
2016/05/20,0,48000,-200000,-152000
2016/05/23,0,124000,-78000,46000
2016/05/24,0,751000,-265000,486000
2016/05/25,0,1045000,-256000,789000
2016/05/26,0,1363000,-149000,1214000
2016/05/27,0,1102000,-174000,928000
2016/05/30,0,1110000,-25000,1085000
2016/05/31,0,39000,-87000,-48000
2016/06/01,0,1019000,-82000,937000
2016/06/02,0,1027000,-52000,975000
2016/06/03,0,570000,-31000,539000
2016/06/06,0,1151000,-207000,944000
2016/06/07,0,3117000,-49000,3068000
2016/06/08,0,3026000,-187000,2839000
2016/06/09,0,0,0,0
2016/06/10,0,0,0,0
2016/06/13,0,3058000,-23000,3035000
2016/06/14,0,3106000,-16000,3090000
2016/06/15,0,3143000,-15000,3128000
2016/06/16,0,3127000,-49000,3078000
2016/06/17,0,3179000,-83000,3096000
2016/06/20,0,3069000,-48000,3021000
2016/06/21,0,3030000,-63000,2967000
2016/06/22,0,2609000,-234000,2375000
2016/06/23,0,56000,-251000,-195000
2016/06/24,0,89000,-240000,-151000
2016/06/27,0,32000,-33000,-1000
2016/06/28,0,256000,-88000,168000
2016/06/29,0,208000,-77000,131000
2016/06/30,0,377000,-175000,202000
2016/07/01,0,140000,-137000,3000
2016/07/04,0,84000,-36000,48000
2016/07/05,0,29000,-28000,1000
2016/07/06,0,167000,-42000,125000
2016/07/07,0,92000,-33000,59000
2016/07/08,0,0,0,0
2016/07/11,0,120000,-82000,38000
2016/07/12,0,46000,-57000,-11000
2016/07/13,0,175000,-40000,135000
2016/07/14,0,74000,-66000,8000
2016/07/15,0,698000,-33000,665000
2016/07/18,0,545000,-71000,474000
2016/07/19,0,1472000,-92000,1380000
2016/07/20,0,3833000,-97000,3736000
2016/07/21,0,86000,-4965000,-4879000
2016/07/22,0,19000,-267000,-248000
2016/07/25,0,66000,-406000,-340000
2016/07/26,0,40000,-124000,-84000
2016/07/27,0,10000,-138000,-128000
2016/07/28,0,44000,-45000,-1000
2016/07/29,0,54000,-82000,-28000
2016/08/01,0,94000,-50000,44000
2016/08/02,0,27000,-159000,-132000
2016/08/03,0,5000,-76000,-71000
2016/08/04,0,94000,-113000,-19000
2016/08/05,0,597000,-24000,573000
2016/08/08,0,245000,-378000,-133000
2016/08/09,0,463000,-193000,270000
2016/08/10,0,295000,-275000,20000
2016/08/11,0,468000,-264000,204000
2016/08/12,0,521000,-147000,374000
2016/08/15,0,153000,-280000,-127000
2016/08/16,0,63000,-332000,-269000
2016/08/17,0,34000,-1897000,-1863000
2016/08/18,0,141000,-203000,-62000
2016/08/19,0,156000,-319000,-163000
2016/08/22,0,31000,-201000,-170000
2016/08/23,0,10000,-32000,-22000
2016/08/24,0,76000,-16000,60000
2016/08/25,0,52000,-6000,46000
2016/08/26,0,32000,-44000,-12000
2016/08/29,0,4000,-26000,-22000
2016/08/30,0,20000,-19000,1000
2016/08/31,0,0,-127000,-127000
2016/09/01,0,15000,-149000,-134000
2016/09/02,0,19000,-74000,-55000
2016/09/05,0,169000,-51000,118000
2016/09/06,0,10000,-112000,-102000
2016/09/07,0,57000,-18000,39000
2016/09/08,0,13000,-70000,-57000
2016/09/09,0,2000,-26000,-24000
2016/09/12,0,215000,-59000,156000
2016/09/13,0,156000,-61000,95000
2016/09/14,0,118000,-75000,43000
2016/09/15,0,0,0,0
2016/09/16,0,0,0,0
2016/09/19,0,85000,-43000,42000
2016/09/20,0,77000,-106000,-29000
2016/09/21,0,276000,-719000,-443000
2016/09/22,0,108000,-9000,99000
2016/09/23,0,90000,-41000,49000
2016/09/26,0,15000,-16000,-1000
2016/09/27,0,0,0,0
2016/09/28,0,0,0,0
2016/09/29,0,169000,-6000,163000
2016/09/30,0,90000,-84000,6000
2016/10/03,0,66000,-52000,14000
2016/10/04,0,43000,-60000,-17000
2016/10/05,0,22000,-40000,-18000
2016/10/06,0,6000,-21000,-15000
2016/10/07,0,0,-41000,-41000
2016/10/10,0,0,0,0
2016/10/11,0,16000,-4000,12000
2016/10/12,0,39000,-102000,-63000
2016/10/13,0,110000,-22000,88000
2016/10/14,0,12000,-29000,-17000
2016/10/17,0,6000,-5000,1000
2016/10/18,0,63000,-3000,60000
2016/10/19,0,254000,-87000,167000
2016/10/20,0,206000,-125000,81000
2016/10/21,0,63000,-108000,-45000
2016/10/24,0,27000,-127000,-100000
2016/10/25,0,29000,-8000,21000
2016/10/26,0,72000,-41000,31000
2016/10/27,0,11000,-53000,-42000
2016/10/28,0,46000,-13000,33000
2016/10/31,0,32000,-6000,26000
2016/11/01,0,9000,-14000,-5000
2016/11/02,0,46000,-6000,40000
2016/11/03,0,45000,-1000,44000
2016/11/04,0,15000,-4000,11000
2016/11/07,0,159000,-10000,149000
2016/11/08,0,67000,-6000,61000
2016/11/09,0,78000,-213000,-135000
2016/11/10,0,74000,-1000,73000
2016/11/11,0,73000,-420000,-347000
2016/11/14,0,74000,-32000,42000
2016/11/15,0,217000,-332000,-115000
2016/11/16,0,242000,-6000,236000
2016/11/17,0,212000,-86000,126000
2016/11/18,0,183000,0,183000
2016/11/21,0,38000,0,38000
2016/11/22,0,55000,-94000,-39000
2016/11/23,0,9000,-77000,-68000
2016/11/24,0,20000,0,20000
2016/11/25,0,14000,0,14000
2016/11/28,0,49000,-25274,23726
2016/11/29,0,198000,-10000,188000
2016/11/30,0,56000,-49000,7000
2016/12/01,0,15000,-117000,-102000
2016/12/02,0,38000,-9000,29000
2016/12/05,0,0,-52000,-52000
2016/12/06,0,23000,-15000,8000
2016/12/07,0,2000,-43000,-41000
2016/12/08,0,15000,-18000,-3000
2016/12/09,0,20000,0,20000
2016/12/12,0,68000,0,68000
2016/12/13,0,25000,-2000,23000
2016/12/14,0,29000,-32000,-3000
2016/12/15,0,3000,-30000,-27000
2016/12/16,0,26000,-44000,-18000
2016/12/19,0,107000,-6000,101000
2016/12/20,0,18000,-54000,-36000
2016/12/21,0,15000,-2000,13000
2016/12/22,0,9000,-1000,8000
2016/12/23,0,0,0,0
2016/12/26,0,6000,-25000,-19000
2016/12/27,0,12000,0,12000
2016/12/28,0,4000,-6000,-2000
2016/12/29,0,20000,-2000,18000
2016/12/30,0,14000,-12000,2000
2017/01/02,0,0,0,0
2017/01/03,0,348000,0,348000
2017/01/04,0,30000,-1058000,-1028000
2017/01/05,0,108000,-1008000,-900000
2017/01/06,0,912000,-1014000,-102000
2017/01/09,0,543000,-1146000,-603000
2017/01/10,0,29000,-1298000,-1269000
2017/01/11,0,111000,-1303000,-1192000
2017/01/12,0,124000,-1101000,-977000
2017/01/13,0,50000,-1086000,-1036000
2017/01/16,0,56000,-1052000,-996000
2017/01/17,0,114000,-1018000,-904000
2017/01/18,0,203000,-78000,125000
2017/01/19,0,14000,-12000,2000
2017/01/20,0,208000,-4000,204000
2017/01/23,0,101000,-60000,41000
2017/01/24,0,2000,-97000,-95000
2017/01/25,0,0,0,0
2017/01/26,0,0,0,0
2017/01/27,0,0,0,0
2017/01/30,0,0,0,0
2017/01/31,0,0,0,0
2017/02/01,0,0,0,0
2017/02/02,0,49000,-46000,3000
2017/02/03,0,119000,-31000,88000
2017/02/06,0,49000,-4000,45000
2017/02/07,0,547000,-84000,463000
2017/02/08,0,358000,-151000,207000
2017/02/09,0,337000,-195000,142000
2017/02/10,0,110000,-185000,-75000
2017/02/13,0,104000,-21000,83000
2017/02/14,0,29000,-570000,-541000
2017/02/15,0,64000,-176000,-112000
2017/02/16,0,103000,-215000,-112000
2017/02/17,0,111000,-47000,64000
2017/02/20,0,68000,-91000,-23000
2017/02/21,0,36000,-31000,5000
2017/02/22,0,18000,0,18000
2017/02/23,0,32000,-2000,30000
2017/02/24,0,0,-55000,-55000
2017/02/27,0,0,0,0
2017/02/28,0,0,0,0
2017/03/01,0,128000,-16000,112000
2017/03/02,0,56000,-26000,30000
2017/03/03,0,20000,-104000,-84000
2017/03/06,0,63000,-9000,54000
2017/03/07,0,3000,0,3000
2017/03/08,0,69000,-3000,66000
2017/03/09,0,50000,-28000,22000
2017/03/10,0,114000,-62000,52000
2017/03/13,0,366000,-27000,339000
2017/03/14,0,83000,-197000,-114000
2017/03/15,0,0,-101000,-101000
2017/03/16,0,189000,-37000,152000
2017/03/17,0,50000,-2000,48000
2017/03/20,0,30000,-76000,-46000
2017/03/21,0,161000,-117000,44000
2017/03/22,0,76000,-193000,-117000
2017/03/23,0,40000,-20000,20000
2017/03/24,0,5000,-190000,-185000
2017/03/27,0,10000,-175000,-165000
2017/03/28,0,69000,-489000,-420000
2017/03/29,0,145000,-15000,130000
2017/03/30,0,25000,-5000,20000
2017/03/31,0,26000,-1000,25000
2017/04/03,0,0,0,0
2017/04/04,0,0,0,0
2017/04/05,0,8000,-40000,-32000
2017/04/06,0,37000,-20000,17000
2017/04/07,0,25000,-43000,-18000
2017/04/10,0,142000,-174000,-32000
2017/04/11,0,10000,-118000,-108000
2017/04/12,0,50000,-7000,43000
2017/04/13,0,26000,0,26000
2017/04/14,0,0,-20000,-20000
2017/04/17,0,6000,-34000,-28000
2017/04/18,0,10000,-34000,-24000
2017/04/19,0,50000,-399000,-349000
2017/04/20,0,115000,-140000,-25000
2017/04/21,0,0,-2000,-2000
2017/04/24,0,0,-14000,-14000
2017/04/25,0,40000,-14000,26000
2017/04/26,0,70000,-9000,61000
2017/04/27,0,2085000,-39000,2046000
2017/04/28,0,2010000,-14000,1996000
2017/05/01,0,0,0,0
2017/05/02,0,2006000,-50000,1956000
2017/05/03,0,2010000,-72000,1938000
2017/05/04,0,2000000,0,2000000
2017/05/05,0,2030000,-9000,2021000
2017/05/08,0,12000,-10000,2000
2017/05/09,0,0,-61260,-61260
2017/05/10,0,5000,-56000,-51000
2017/05/11,0,55000,-66000,-11000
2017/05/12,0,80000,-4000,76000
2017/05/15,0,800000,-11000,789000
2017/05/16,0,1040000,-29000,1011000
2017/05/17,0,1220000,-28000,1192000
2017/05/18,0,30000,-40618,-10618
2017/05/19,0,0,-48000,-48000
2017/05/22,0,444000,-7000,437000
2017/05/23,0,5000,-248000,-243000
2017/05/24,0,4000,-169000,-165000
2017/05/25,0,17000,-15000,2000
2017/05/26,0,15000,-38000,-23000
2017/05/29,0,0,0,0
2017/05/30,0,0,0,0
2017/05/31,0,206000,-28000,178000
2017/06/01,0,6000,-86000,-80000
2017/06/02,0,53000,-71000,-18000
2017/06/05,0,0,-12000,-12000
2017/06/06,0,59000,-24363,34637
2017/06/07,0,217000,-16000,201000
2017/06/08,0,182000,-12000,170000
2017/06/09,0,112000,-70000,42000
2017/06/12,0,423000,-77000,346000
2017/06/13,0,183000,-37000,146000
2017/06/14,0,25000,-44000,-19000
2017/06/15,0,92000,-45000,47000
2017/06/16,0,134000,-51000,83000
2017/06/19,0,110000,-30000,80000
2017/06/20,0,74000,-42000,32000
2017/06/21,0,123000,-60000,63000
2017/06/22,0,182000,-49000,133000
2017/06/23,0,155000,-216000,-61000
2017/06/26,0,369000,-88000,281000
2017/06/27,0,335000,-12000,323000
2017/06/28,0,75000,-107000,-32000
2017/06/29,0,100000,-40000,60000
2017/06/30,0,2000,0,2000
2017/07/03,0,2000,-10000,-8000
2017/07/04,0,0,-5000,-5000
2017/07/05,0,218000,-20000,198000
2017/07/06,0,0,-2000,-2000
2017/07/07,0,12000,0,12000
2017/07/10,0,29000,-5000,24000
2017/07/11,0,164000,-1000,163000
2017/07/12,0,8000,-93000,-85000
2017/07/13,0,0,-13000,-13000
2017/07/14,0,0,-4000,-4000
2017/07/17,0,64000,-13000,51000
2017/07/18,0,2000,-13000,-11000
2017/07/19,0,98000,-8000,90000
2017/07/20,0,84000,-2000,82000
2017/07/21,0,369000,-2000,367000
2017/07/24,0,3549000,-5000,3544000
2017/07/25,0,0,-2177000,-2177000
2017/07/26,0,0,-410000,-410000
2017/07/27,0,19000,-905000,-886000
2017/07/28,0,0,-47000,-47000
2017/07/31,0,0,-20000,-20000
2017/08/01,0,0,-4000,-4000
2017/08/02,0,2000,-119000,-117000
2017/08/03,0,0,-100000,-100000
2017/08/04,0,1000,-69281,-68281
2017/08/07,0,7000,-80000,-73000
2017/08/08,0,3000,-97000,-94000
2017/08/09,0,1000,-130000,-129000
2017/08/10,0,1000,-179000,-178000
2017/08/11,0,20000,0,20000
2017/08/14,0,0,0,0
2017/08/15,0,0,-41000,-41000
2017/08/16,0,0,-374000,-374000
2017/08/17,0,0,-32000,-32000
2017/08/18,0,0,-22000,-22000
