Date,Open,Buy,Sell,Total
2007/01/02,0,372000,-107000,265000
2007/01/03,0,284000,-121000,163000
2007/01/04,0,172000,-3551100,-3379100
2007/01/05,0,0,-2926000,-2926000
2007/01/08,0,140000,-360704,-220704
2007/01/09,0,13000,-83000,-70000
2007/01/10,0,78000,-965000,-887000
2007/01/11,0,5000,-321000,-316000
2007/01/12,0,477000,-128000,349000
2007/01/15,0,53000,-233000,-180000
2007/01/16,0,125000,-48000,77000
2007/01/17,0,111000,-623000,-512000
2007/01/18,0,59000,-1192000,-1133000
2007/01/19,0,61000,-30000,31000
2007/01/22,0,1125000,-513000,612000
2007/01/23,0,38000,-374000,-336000
2007/01/24,0,1038000,-30000,1008000
2007/01/25,0,857000,-58000,799000
2007/01/26,0,65000,-128000,-63000
2007/01/29,0,171000,-173000,-2000
2007/01/30,0,39000,-108316,-69316
2007/01/31,0,38000,-319430,-281430
2007/02/01,0,22000,-15000,7000
2007/02/02,0,212000,-18000,194000
2007/02/05,0,39000,-87000,-48000
2007/02/06,0,179000,-222000,-43000
2007/02/07,0,170000,-61000,109000
2007/02/08,0,184129,-206000,-21871
2007/02/09,0,328000,-132330,195670
2007/02/12,0,20000,-156000,-136000
2007/02/13,0,206000,-531000,-325000
2007/02/14,0,1825000,-478396,1346604
2007/02/15,0,0,0,0
2007/02/16,0,0,0,0
2007/02/19,0,0,0,0
2007/02/20,0,0,0,0
2007/02/21,0,0,0,0
2007/02/22,0,0,0,0
2007/02/23,0,0,0,0
2007/02/26,0,829000,-371000,458000
2007/02/27,0,514000,-223000,291000
2007/02/28,0,0,0,0
2007/03/01,0,334000,-1853000,-1519000
2007/03/02,0,30000,-2058625,-2028625
2007/03/05,0,124000,-783000,-659000
2007/03/06,0,17000,-667000,-650000
2007/03/07,0,32000,-874666,-842666
2007/03/08,0,37000,-438840,-401840
2007/03/09,0,20000,-411000,-391000
2007/03/12,0,679000,-1438000,-759000
2007/03/13,0,71000,-2925400,-2854400
2007/03/14,0,244000,-2705000,-2461000
2007/03/15,0,168000,-22000,146000
2007/03/16,0,197000,-89000,108000
2007/03/19,0,0,-8000,-8000
2007/03/20,0,84000,-371000,-287000
2007/03/21,0,74000,0,74000
2007/03/22,0,750000,-191000,559000
2007/03/23,0,543000,-2000,541000
2007/03/26,0,101000,0,101000
2007/03/27,0,247000,-177900,69100
2007/03/28,0,0,-292000,-292000
2007/03/29,0,449000,-659000,-210000
2007/03/30,0,142000,-101000,41000
2007/04/02,0,68000,-1336000,-1268000
2007/04/03,0,22000,-125000,-103000
2007/04/04,0,350000,-1352000,-1002000
2007/04/05,0,0,0,0
2007/04/06,0,0,0,0
2007/04/09,0,492000,-2113000,-1621000
2007/04/10,0,803000,-4226000,-3423000
2007/04/11,0,535000,-1522170,-987170
2007/04/12,0,451000,-18000,433000
2007/04/13,0,98000,-119000,-21000
2007/04/16,0,302000,-137000,165000
2007/04/17,0,174688,-38000,136688
2007/04/18,0,158000,-307000,-149000
2007/04/19,0,55000,-1176000,-1121000
2007/04/20,0,9000,-1057000,-1048000
2007/04/23,0,766000,-2089000,-1323000
2007/04/24,0,4016000,-505000,3511000
2007/04/25,0,5864000,-2622000,3242000
2007/04/26,0,7337000,-991000,6346000
2007/04/27,0,340000,-3646000,-3306000
2007/04/30,0,566000,-2551527,-1985527
2007/05/01,0,0,0,0
2007/05/02,0,390000,-871000,-481000
2007/05/03,0,956000,-2570000,-1614000
2007/05/04,0,555000,-616000,-61000
2007/05/07,0,247000,-3955000,-3708000
2007/05/08,0,323000,-2780000,-2457000
2007/05/09,0,508000,-2893000,-2385000
2007/05/10,0,1747000,-974000,773000
2007/05/11,0,1000,-112000,-111000
2007/05/14,0,213000,-523000,-310000
2007/05/15,0,936000,-189000,747000
2007/05/16,0,712000,-2972000,-2260000
2007/05/17,0,1209000,-310000,899000
2007/05/18,0,94000,-123000,-29000
2007/05/21,0,302000,-695813,-393813
2007/05/22,0,1471000,-123000,1348000
2007/05/23,0,164000,-18000,146000
2007/05/24,0,23000,-157000,-134000
2007/05/25,0,20000,-1530000,-1510000
2007/05/28,0,470000,-245000,225000
2007/05/29,0,246000,-144000,102000
2007/05/30,0,238000,-311000,-73000
2007/05/31,0,1221000,-1066930,154070
2007/06/01,0,1441000,-496000,945000
2007/06/04,0,244000,-163000,81000
2007/06/05,0,279000,-348000,-69000
2007/06/06,0,147000,-159000,-12000
2007/06/07,0,173000,-63000,110000
2007/06/08,0,121000,-211000,-90000
2007/06/11,0,1056000,-1097000,-41000
2007/06/12,0,227000,-3740000,-3513000
2007/06/13,0,132000,-1808000,-1676000
2007/06/14,0,119000,-1220960,-1101960
2007/06/15,0,405000,-83000,322000
2007/06/18,0,0,0,0
2007/06/19,0,0,0,0
2007/06/20,0,1295000,-6045356,-4750356
2007/06/21,0,1510000,-2477000,-967000
2007/06/22,0,475000,-2115000,-1640000
2007/06/25,0,458000,-2044000,-1586000
2007/06/26,0,271000,-124000,147000
2007/06/27,0,194000,-3811000,-3617000
2007/06/28,0,533000,-3523000,-2990000
2007/06/29,0,188000,-6379526,-6191526
2007/07/02,0,291000,-7445000,-7154000
2007/07/03,0,535000,-4238540,-3703540
2007/07/04,0,214000,-2981000,-2767000
2007/07/05,0,471000,-745000,-274000
2007/07/06,0,1050000,-946000,104000
2007/07/09,0,876000,-615000,261000
2007/07/10,0,549000,-121000,428000
2007/07/11,0,175000,-140000,35000
2007/07/12,0,270000,-1015000,-745000
2007/07/13,0,1300000,-10000,1290000
2007/07/16,0,982000,-508000,474000
2007/07/17,0,676000,-255000,421000
2007/07/18,0,1700000,-418000,1282000
2007/07/19,0,798000,-492000,306000
2007/07/20,0,477000,-302000,175000
2007/07/23,0,415000,-390000,25000
2007/07/24,0,665000,-297000,368000
2007/07/25,0,472000,-250000,222000
2007/07/26,0,594000,-948000,-354000
2007/07/27,0,720000,-2573000,-1853000
2007/07/30,0,992000,-1898000,-906000
2007/07/31,0,258000,-4209000,-3951000
2007/08/01,0,505000,-4248220,-3743220
2007/08/02,0,1076000,-1104000,-28000
2007/08/03,0,231000,-369000,-138000
2007/08/06,0,923000,-547310,375690
2007/08/07,0,357000,-613200,-256200
2007/08/08,0,342000,-3673000,-3331000
2007/08/09,0,2054000,-2629000,-575000
2007/08/10,0,167000,-871000,-704000
2007/08/13,0,1089000,-428000,661000
2007/08/14,0,116000,-1214000,-1098000
2007/08/15,0,298000,-4255000,-3957000
2007/08/16,0,890000,-1439000,-549000
2007/08/17,0,386000,-1421000,-1035000
2007/08/20,0,237000,-3477000,-3240000
2007/08/21,0,412000,-971200,-559200
2007/08/22,0,749000,-2463293,-1714293
2007/08/23,0,1009000,-1957000,-948000
2007/08/24,0,361000,-631000,-270000
2007/08/27,0,579000,-68000,511000
2007/08/28,0,508000,-590000,-82000
2007/08/29,0,384000,-602260,-218260
2007/08/30,0,4402000,-1251000,3151000
2007/08/31,0,3405000,-216000,3189000
2007/09/03,0,1680000,-51834,1628166
2007/09/04,0,1000000,-2382000,-1382000
2007/09/05,0,1098000,-722000,376000
2007/09/06,0,628000,-94000,534000
2007/09/07,0,601000,-219000,382000
2007/09/10,0,349000,-737000,-388000
2007/09/11,0,549000,-1802000,-1253000
2007/09/12,0,829000,-1316000,-487000
2007/09/13,0,842000,-357000,485000
2007/09/14,0,995000,-20000,975000
2007/09/17,0,207000,-991000,-784000
2007/09/18,0,0,0,0
2007/09/19,0,1592000,-401000,1191000
2007/09/20,0,943000,-524000,419000
2007/09/21,0,3030000,-232000,2798000
2007/09/24,0,0,0,0
2007/09/25,0,0,0,0
2007/09/26,0,1460000,-1324277,135723
2007/09/27,0,3610000,-97000,3513000
2007/09/28,0,871000,-555000,316000
2007/10/01,0,89000,-269000,-180000
2007/10/02,0,1128000,-79000,1049000
2007/10/03,0,888588,-489000,399588
2007/10/04,0,1566000,-266000,1300000
2007/10/05,0,429000,-353000,76000
2007/10/08,0,661000,-121900,539100
2007/10/09,0,529000,-677000,-148000
2007/10/10,0,0,0,0
2007/10/11,0,2811000,-1178350,1632650
2007/10/12,0,1369000,-537000,832000
2007/10/15,0,460000,-249000,211000
2007/10/16,0,217000,-1079000,-862000
2007/10/17,0,85000,-592000,-507000
2007/10/18,0,450000,-481070,-31070
2007/10/19,0,11000,-845000,-834000
2007/10/22,0,166000,-2124730,-1958730
2007/10/23,0,338000,-1659770,-1321770
2007/10/24,0,779000,-235000,544000
2007/10/25,0,1486461,-667000,819461
2007/10/26,0,717000,-119000,598000
2007/10/29,0,1145000,-302000,843000
2007/10/30,0,187000,-255530,-68530
2007/10/31,0,999000,-74000,925000
2007/11/01,0,1541000,-3310000,-1769000
2007/11/02,0,498000,-878000,-380000
2007/11/05,0,616000,-669000,-53000
2007/11/06,0,278000,-248000,30000
2007/11/07,0,973000,-673000,300000
2007/11/08,0,1031000,-1169000,-138000
2007/11/09,0,274000,-1334000,-1060000
2007/11/12,0,2534000,-3670000,-1136000
2007/11/13,0,2575000,-1936000,639000
2007/11/14,0,525000,-300000,225000
2007/11/15,0,623000,-437000,186000
2007/11/16,0,877000,-585000,292000
2007/11/19,0,1277000,-215000,1062000
2007/11/20,0,915000,-631000,284000
2007/11/21,0,259000,-1804040,-1545040
2007/11/22,0,527000,-34000,493000
2007/11/23,0,273000,-582000,-309000
2007/11/26,0,995000,-490000,505000
2007/11/27,0,2734000,-458000,2276000
2007/11/28,0,381000,-1299144,-918144
2007/11/29,0,572000,-346238,225762
2007/11/30,0,1668000,-1819000,-151000
2007/12/03,0,123000,-561040,-438040
2007/12/04,0,48000,-1011000,-963000
2007/12/05,0,140000,-637000,-497000
2007/12/06,0,802010,-155000,647010
2007/12/07,0,2260677,-279250,1981427
2007/12/10,0,2092000,-183000,1909000
2007/12/11,0,448000,-685000,-237000
2007/12/12,0,856000,-189000,667000
2007/12/13,0,374000,-652240,-278240
2007/12/14,0,1552000,-920000,632000
2007/12/17,0,402000,-804000,-402000
2007/12/18,0,576000,-398310,177690
2007/12/19,0,16000,-1184000,-1168000
2007/12/20,0,124000,-395000,-271000
2007/12/21,0,491000,-1084000,-593000
2007/12/24,0,100000,-276000,-176000
2007/12/25,0,90000,-270000,-180000
2007/12/26,0,464000,-281000,183000
2007/12/27,0,494000,-150000,344000
2007/12/28,0,1505000,-758000,747000
2007/12/31,0,338000,-2000,336000
2008/01/01,0,0,0,0
2008/01/02,0,493000,-540750,-47750
2008/01/03,0,264430,-426430,-162000
2008/01/04,0,370000,-402000,-32000
2008/01/07,0,930000,-652000,278000
2008/01/08,0,1665000,-684420,980580
2008/01/09,0,661000,-976000,-315000
2008/01/10,0,393000,-579000,-186000
2008/01/11,0,367000,-834000,-467000
2008/01/14,0,5730000,-190713,5539287
2008/01/15,0,1399000,-784627,614373
2008/01/16,0,2601000,-1080000,1521000
2008/01/17,0,2263001,-765000,1498001
2008/01/18,0,864453,-295271,569182
2008/01/21,0,221000,-791000,-570000
2008/01/22,0,1644000,-937000,707000
2008/01/23,0,1349000,-2476000,-1127000
2008/01/24,0,3107000,-1769000,1338000
2008/01/25,0,1180000,-596610,583390
2008/01/28,0,553000,-539580,13420
2008/01/29,0,1045000,-1300936,-255936
2008/01/30,0,1146134,-911000,235134
2008/01/31,0,2757000,-100000,2657000
2008/02/01,0,2784000,-801000,1983000
2008/02/04,0,0,0,0
2008/02/05,0,0,0,0
2008/02/06,0,0,0,0
2008/02/07,0,0,0,0
2008/02/08,0,0,0,0
2008/02/11,0,0,0,0
2008/02/12,0,1695000,-1031100,663900
2008/02/13,0,2189000,-808000,1381000
2008/02/14,0,5944000,-159029,5784971
2008/02/15,0,2710000,-592000,2118000
2008/02/18,0,1666000,-121000,1545000
2008/02/19,0,1939000,-690000,1249000
2008/02/20,0,3529000,-579000,2950000
2008/02/21,0,2799000,-313405,2485595
2008/02/22,0,693000,-206000,487000
2008/02/25,0,2430000,-1327000,1103000
2008/02/26,0,2028000,-683000,1345000
2008/02/27,0,10571000,-2082000,8489000
2008/02/28,0,0,0,0
2008/02/29,0,8017023,-3111894,4905129
2008/03/03,0,1463000,-660000,803000
2008/03/04,0,7490000,-1341550,6148450
2008/03/05,0,3294000,-3197000,97000
2008/03/06,0,4090000,-16000,4074000
2008/03/07,0,614000,-161000,453000
2008/03/10,0,2668000,-1767000,901000
2008/03/11,0,2383000,-382000,2001000
2008/03/12,0,2933890,-452500,2481390
2008/03/13,0,376000,-781000,-405000
2008/03/14,0,1542000,-2587000,-1045000
2008/03/17,0,1135000,-5002000,-3867000
2008/03/18,0,768000,-2165000,-1397000
2008/03/19,0,1954000,-1949000,5000
2008/03/20,0,633000,-3360000,-2727000
2008/03/21,0,1273000,-56000,1217000
2008/03/24,0,2827000,-899000,1928000
2008/03/25,0,2697100,-2250000,447100
2008/03/26,0,896000,-225000,671000
2008/03/27,0,291237,-217000,74237
2008/03/28,0,1191237,-826000,365237
2008/03/31,0,1221570,-2023000,-801430
2008/04/01,0,1209807,-2101000,-891193
2008/04/02,0,1162000,-1585000,-423000
2008/04/03,0,347000,-565000,-218000
2008/04/04,0,0,0,0
2008/04/07,0,675000,-21000,654000
2008/04/08,0,650000,-855000,-205000
2008/04/09,0,389000,-434000,-45000
2008/04/10,0,574000,-400000,174000
2008/04/11,0,2001000,-141281,1859719
2008/04/14,0,450000,-316000,134000
2008/04/15,0,424000,-619000,-195000
2008/04/16,0,1855000,-5000,1850000
2008/04/17,0,677000,-313000,364000
2008/04/18,0,197000,-122000,75000
2008/04/21,0,1509000,-400000,1109000
2008/04/22,0,144000,-527000,-383000
2008/04/23,0,523000,-483000,40000
2008/04/24,0,111000,-615000,-504000
2008/04/25,0,65000,-557000,-492000
2008/04/28,0,1880000,-20000,1860000
2008/04/29,0,671000,-1111000,-440000
2008/04/30,0,313000,-334000,-21000
2008/05/01,0,0,0,0
2008/05/02,0,529000,-514000,15000
2008/05/05,0,150000,-624000,-474000
2008/05/06,0,434000,-614000,-180000
2008/05/07,0,486000,-132000,354000
2008/05/08,0,127000,-686000,-559000
2008/05/09,0,39000,-424000,-385000
2008/05/12,0,219000,-519000,-300000
2008/05/13,0,908000,-144000,764000
2008/05/14,0,371422,-31000,340422
2008/05/15,0,1606000,-769000,837000
2008/05/16,0,671000,-4417000,-3746000
2008/05/19,0,693000,-202000,491000
2008/05/20,0,745000,-1011390,-266390
2008/05/21,0,153000,-454473,-301473
2008/05/22,0,352000,-1328000,-976000
2008/05/23,0,332000,-1299000,-967000
2008/05/26,0,270000,-599000,-329000
2008/05/27,0,705000,-714000,-9000
2008/05/28,0,211000,-1643000,-1432000
2008/05/29,0,469000,-1533000,-1064000
2008/05/30,0,1739000,-1518427,220573
2008/06/02,0,624000,-251000,373000
2008/06/03,0,188000,-758000,-570000
2008/06/04,0,452000,-1334422,-882422
2008/06/05,0,796000,-607000,189000
2008/06/06,0,62000,-172000,-110000
2008/06/09,0,112000,-542000,-430000
2008/06/10,0,667000,-1269916,-602916
2008/06/11,0,223000,-1221000,-998000
2008/06/12,0,72000,-2098975,-2026975
2008/06/13,0,206000,-1546574,-1340574
2008/06/16,0,153000,-461000,-308000
2008/06/17,0,685000,-228700,456300
2008/06/18,0,627000,-345000,282000
2008/06/19,0,221000,-858000,-637000
2008/06/20,0,715726,-1441000,-725274
2008/06/23,0,716000,-1050000,-334000
2008/06/24,0,146000,-199000,-53000
2008/06/25,0,965000,-467060,497940
2008/06/26,0,389000,-1448100,-1059100
2008/06/27,0,764000,-1780000,-1016000
2008/06/30,0,770000,-1710000,-940000
2008/07/01,0,1243000,-1425000,-182000
2008/07/02,0,258000,-1860000,-1602000
2008/07/03,0,659000,-994000,-335000
2008/07/04,0,20000,-817000,-797000
2008/07/07,0,416000,-389000,27000
2008/07/08,0,371000,-1364000,-993000
2008/07/09,0,964000,-322000,642000
2008/07/10,0,664000,-759000,-95000
2008/07/11,0,239000,-684000,-445000
2008/07/14,0,417000,-259000,158000
2008/07/15,0,345000,-1031000,-686000
2008/07/16,0,461000,-2925494,-2464494
2008/07/17,0,345000,-5364000,-5019000
2008/07/18,0,690000,-2973000,-2283000
2008/07/21,0,1097000,-3098000,-2001000
2008/07/22,0,680000,-1677000,-997000
2008/07/23,0,320000,-589149,-269149
2008/07/24,0,1988500,-864000,1124500
2008/07/25,0,199000,-805000,-606000
2008/07/28,0,0,0,0
2008/07/29,0,103000,-725000,-622000
2008/07/30,0,463000,-310000,153000
2008/07/31,0,441000,-457000,-16000
2008/08/01,0,273000,-108634,164366
2008/08/04,0,196000,-1260719,-1064719
2008/08/05,0,1091000,-1780000,-689000
2008/08/06,0,2031000,-753000,1278000
2008/08/07,0,1312000,-1009000,303000
2008/08/08,0,621000,-1598000,-977000
2008/08/11,0,576000,-591000,-15000
2008/08/12,0,491000,-79000,412000
2008/08/13,0,1102000,-1746000,-644000
2008/08/14,0,291000,-780000,-489000
2008/08/15,0,54000,-1447000,-1393000
2008/08/18,0,131000,-483000,-352000
2008/08/19,0,683000,-838000,-155000
2008/08/20,0,383000,-489000,-106000
2008/08/21,0,110000,-689000,-579000
2008/08/22,0,785000,-428000,357000
2008/08/25,0,1818000,-1136000,682000
2008/08/26,0,448000,-239000,209000
2008/08/27,0,1213000,-175000,1038000
2008/08/28,0,1631000,-1186000,445000
2008/08/29,0,381000,-211000,170000
2008/09/01,0,754000,-687000,67000
2008/09/02,0,1079000,-1087000,-8000
2008/09/03,0,1685000,-198000,1487000
2008/09/04,0,1402000,-981000,421000
2008/09/05,0,93000,-642000,-549000
2008/09/08,0,116000,-204000,-88000
2008/09/09,0,155000,-42000,113000
2008/09/10,0,504000,-1310000,-806000
2008/09/11,0,85000,-1500795,-1415795
2008/09/12,0,281000,-553550,-272550
2008/09/15,0,83000,-760000,-677000
2008/09/16,0,233306,-652000,-418694
2008/09/17,0,276000,-1429339,-1153339
2008/09/18,0,263000,-1874000,-1611000
2008/09/19,0,468000,-238000,230000
2008/09/22,0,1263200,-343200,920000
2008/09/23,0,369000,-1128100,-759100
2008/09/24,0,339284,-1095654,-756370
2008/09/25,0,1869000,-614400,1254600
2008/09/26,0,2567000,-1117000,1450000
2008/09/29,0,0,0,0
2008/09/30,0,341000,-607000,-266000
2008/10/01,0,309000,-825000,-516000
2008/10/02,0,589000,-950000,-361000
2008/10/03,0,833850,-230000,603850
2008/10/06,0,359000,-1723250,-1364250
2008/10/07,0,606000,-1026300,-420300
2008/10/08,0,91000,-639650,-548650
2008/10/09,0,600000,-782000,-182000
2008/10/10,0,0,0,0
2008/10/13,0,97100,-1123000,-1025900
2008/10/14,0,1082000,-525950,556050
2008/10/15,0,315000,-364700,-49700
2008/10/16,0,0,-577000,-577000
2008/10/17,0,334000,-1207450,-873450
2008/10/20,0,150233,-677250,-527017
2008/10/21,0,361000,-1117000,-756000
2008/10/22,0,693000,-603950,89050
2008/10/23,0,0,-676000,-676000
2008/10/24,0,160000,-521000,-361000
2008/10/27,0,158000,-1136000,-978000
2008/10/28,0,437669,-756000,-318331
2008/10/29,0,1838225,-2198050,-359825
2008/10/30,0,969000,-354000,615000
2008/10/31,0,1079000,-961000,118000
2008/11/03,0,804692,-1588842,-784150
2008/11/04,0,1110000,-1526000,-416000
2008/11/05,0,973000,-3397000,-2424000
2008/11/06,0,624000,-462000,162000
2008/11/07,0,1422000,-1010000,412000
2008/11/10,0,1949000,-697000,1252000
2008/11/11,0,1094000,-798277,295723
2008/11/12,0,941000,-1525936,-584936
2008/11/13,0,133000,-652000,-519000
2008/11/14,0,157000,-472688,-315688
2008/11/17,0,1383000,-26000,1357000
2008/11/18,0,331000,-505000,-174000
2008/11/19,0,375000,-2606000,-2231000
2008/11/20,0,387000,-1414791,-1027791
2008/11/21,0,514000,-1087500,-573500
2008/11/24,0,809000,-555247,253753
2008/11/25,0,1191000,-356711,834289
2008/11/26,0,596000,-312462,283538
2008/11/27,0,1742000,-467000,1275000
2008/11/28,0,657000,-227944,429056
2008/12/01,0,891000,-121000,770000
2008/12/02,0,2766000,-1035845,1730155
2008/12/03,0,2011000,-723000,1288000
2008/12/04,0,1398000,-2033000,-635000
2008/12/05,0,471000,-362458,108542
2008/12/08,0,1872300,-57000,1815300
2008/12/09,0,1674000,-194000,1480000
2008/12/10,0,1138000,-758350,379650
2008/12/11,0,1897000,-1306000,591000
2008/12/12,0,593000,-1437000,-844000
2008/12/15,0,1504000,-2540000,-1036000
2008/12/16,0,1065000,-3587000,-2522000
2008/12/17,0,1787000,-774405,1012595
2008/12/18,0,783000,-299000,484000
2008/12/19,0,519000,-461900,57100
2008/12/22,0,633000,-433000,200000
2008/12/23,0,135000,-1089000,-954000
2008/12/24,0,150081,-894000,-743919
2008/12/25,0,111000,-180000,-69000
2008/12/26,0,133000,-344000,-211000
2008/12/29,0,95000,-192000,-97000
2008/12/30,0,1419000,-14000,1405000
2008/12/31,0,288000,-245000,43000
2009/01/01,0,0,0,0
2009/01/02,0,0,0,0
2009/01/05,0,548000,-905000,-357000
2009/01/06,0,1697871,-664000,1033871
2009/01/07,0,884613,-254000,630613
2009/01/08,0,85000,-1470000,-1385000
2009/01/09,0,1280000,-641000,639000
2009/01/12,0,1951474,-832000,1119474
2009/01/13,0,242000,-279000,-37000
2009/01/14,0,158000,-872550,-714550
2009/01/15,0,163000,-2597350,-2434350
2009/01/16,0,253000,-661500,-408500
2009/01/19,0,401000,-624560,-223560
2009/01/20,0,229000,-1855000,-1626000
2009/01/21,0,1500000,-509000,991000
2009/01/22,0,0,0,0
2009/01/23,0,0,0,0
2009/01/26,0,0,0,0
2009/01/27,0,0,0,0
2009/01/28,0,0,0,0
2009/01/29,0,0,0,0
2009/01/30,0,0,0,0
2009/02/02,0,428000,-1893927,-1465927
2009/02/03,0,781000,-441840,339160
2009/02/04,0,354000,-1285000,-931000
2009/02/05,0,948000,-518000,430000
2009/02/06,0,601000,-1253000,-652000
2009/02/09,0,27000,-201000,-174000
2009/02/10,0,235000,-385000,-150000
2009/02/11,0,184500,-512000,-327500
2009/02/12,0,161000,-896000,-735000
2009/02/13,0,595000,-309000,286000
2009/02/16,0,15000,-398000,-383000
2009/02/17,0,89000,-922115,-833115
2009/02/18,0,863000,-398100,464900
2009/02/19,0,1195000,-1405108,-210108
2009/02/20,0,128000,-780500,-652500
2009/02/23,0,728000,-1069000,-341000
2009/02/24,0,159000,-503660,-344660
2009/02/25,0,410000,-351640,58360
2009/02/26,0,980500,-222770,757730
2009/02/27,0,602597,-750000,-147403
2009/03/02,0,90000,-1202964,-1112964
2009/03/03,0,263000,-305000,-42000
2009/03/04,0,738000,-296000,442000
2009/03/05,0,827000,-106000,721000
2009/03/06,0,659000,-837000,-178000
2009/03/09,0,1334000,-251000,1083000
2009/03/10,0,1000000,-410000,590000
2009/03/11,0,207000,-2569566,-2362566
2009/03/12,0,565000,-197000,368000
2009/03/13,0,1354000,-23000,1331000
2009/03/16,0,573000,-67000,506000
2009/03/17,0,425000,-783000,-358000
2009/03/18,0,1014000,-180000,834000
2009/03/19,0,41000,-302000,-261000
2009/03/20,0,1147000,-145000,1002000
2009/03/23,0,837000,-41000,796000
2009/03/24,0,2391000,-555000,1836000
2009/03/25,0,3478000,-220140,3257860
2009/03/26,0,985000,-415000,570000
2009/03/27,0,274500,-402000,-127500
2009/03/30,0,335000,-239000,96000
2009/03/31,0,778000,-268047,509953
2009/04/01,0,7346000,-491000,6855000
2009/04/02,0,6421000,-540000,5881000
2009/04/03,0,4058000,-1902000,2156000
2009/04/06,0,3976000,-1299750,2676250
2009/04/07,0,566000,-535358,30642
2009/04/08,0,2795000,-3443632,-648632
2009/04/09,0,1328000,-484000,844000
2009/04/10,0,2320000,-88000,2232000
2009/04/13,0,1045000,-272000,773000
2009/04/14,0,633000,-805000,-172000
2009/04/15,0,701000,-622650,78350
2009/04/16,0,2878000,-1121000,1757000
2009/04/17,0,1670014,-1587000,83014
2009/04/20,0,1121000,-717000,404000
2009/04/21,0,909000,-1047000,-138000
2009/04/22,0,7430000,-3906000,3524000
2009/04/23,0,1531000,-969000,562000
2009/04/24,0,735000,-557000,178000
2009/04/27,0,1598000,-246000,1352000
2009/04/28,0,593000,-346000,247000
2009/04/29,0,2464000,-339000,2125000
2009/04/30,0,3515000,-150000,3365000
2009/05/01,0,0,0,0
2009/05/04,0,1470078,-1245880,224198
2009/05/05,0,2436950,-800000,1636950
2009/05/06,0,1029000,-3196000,-2167000
2009/05/07,0,1166000,-1024000,142000
2009/05/08,0,1520000,-199000,1321000
2009/05/11,0,658886,-848950,-190064
2009/05/12,0,728000,-2167000,-1439000
2009/05/13,0,512692,-2883000,-2370308
2009/05/14,0,893000,-2989000,-2096000
2009/05/15,0,1326000,-1020000,306000
2009/05/18,0,4685000,-1110000,3575000
2009/05/19,0,1062000,-517000,545000
2009/05/20,0,979000,-519000,460000
2009/05/21,0,3486000,-1441000,2045000
2009/05/22,0,1132000,-2155000,-1023000
2009/05/25,0,333000,-804611,-471611
2009/05/26,0,676000,-723000,-47000
2009/05/27,0,2011611,-3166211,-1154600
2009/05/28,0,0,0,0
2009/05/29,0,0,0,0
2009/06/01,0,1138000,-706750,431250
2009/06/02,0,1058000,-397250,660750
2009/06/03,0,1282000,-1657000,-375000
2009/06/04,0,2483000,-911000,1572000
2009/06/05,0,3682919,-766000,2916919
2009/06/08,0,264000,-658000,-394000
2009/06/09,0,1104000,-89000,1015000
2009/06/10,0,2102419,-164000,1938419
2009/06/11,0,891429,-521000,370429
2009/06/12,0,445000,-759000,-314000
2009/06/15,0,301000,-317000,-16000
2009/06/16,0,371000,-485000,-114000
2009/06/17,0,913000,-704000,209000
2009/06/18,0,379000,-2287000,-1908000
2009/06/19,0,1182000,-1628966,-446966
2009/06/22,0,489000,-1183000,-694000
2009/06/23,0,89906,-1220000,-1130094
2009/06/24,0,2317000,-1168000,1149000
2009/06/25,0,892000,-413000,479000
2009/06/26,0,2401000,-337000,2064000
2009/06/29,0,1150000,-1584000,-434000
2009/06/30,0,1071000,-419587,651413
2009/07/01,0,1583000,-91000,1492000
2009/07/02,0,322000,-795000,-473000
2009/07/03,0,366183,-255000,111183
2009/07/06,0,1253000,-2612000,-1359000
2009/07/07,0,213000,-1085860,-872860
2009/07/08,0,242000,-1023000,-781000
2009/07/09,0,567940,-78000,489940
2009/07/10,0,738000,-2424000,-1686000
2009/07/13,0,101000,-1920000,-1819000
2009/07/14,0,682000,-763090,-81090
2009/07/15,0,453000,-720000,-267000
2009/07/16,0,7234000,-1506069,5727931
2009/07/17,0,607000,-666285,-59285
2009/07/20,0,1520000,-727000,793000
2009/07/21,0,1406000,-1073200,332800
2009/07/22,0,1331000,-551000,780000
2009/07/23,0,1360000,-119590,1240410
2009/07/24,0,566000,-1260130,-694130
2009/07/27,0,2519000,-660000,1859000
2009/07/28,0,1863000,-1641000,222000
2009/07/29,0,2624449,-1633000,991449
2009/07/30,0,566000,-4137265,-3571265
2009/07/31,0,765000,-3041000,-2276000
2009/08/03,0,2140200,-638000,1502200
2009/08/04,0,855000,-5833242,-4978242
2009/08/05,0,402000,-1305000,-903000
2009/08/06,0,453000,-668000,-215000
2009/08/07,0,0,0,0
2009/08/10,0,483000,-2337022,-1854022
2009/08/11,0,824000,-552000,272000
2009/08/12,0,152000,-1686000,-1534000
2009/08/13,0,950000,-1850000,-900000
2009/08/14,0,267000,-327000,-60000
2009/08/17,0,123000,-874000,-751000
2009/08/18,0,83000,-568800,-485800
2009/08/19,0,209105,-507000,-297895
2009/08/20,0,181000,-757000,-576000
2009/08/21,0,515000,-881431,-366431
2009/08/24,0,915000,-105000,810000
2009/08/25,0,31000,-399043,-368043
2009/08/26,0,126109,-700000,-573891
2009/08/27,0,76000,-1163000,-1087000
2009/08/28,0,412000,-964000,-552000
2009/08/31,0,3182000,-1216608,1965392
2009/09/01,0,2969000,-1033238,1935762
2009/09/02,0,403000,-313000,90000
2009/09/03,0,771000,-602000,169000
2009/09/04,0,413000,-630500,-217500
2009/09/07,0,350000,-1187000,-837000
2009/09/08,0,1336000,-1599000,-263000
2009/09/09,0,628400,-211000,417400
2009/09/10,0,2639500,-669250,1970250
2009/09/11,0,867000,-178364,688636
2009/09/14,0,528000,-737000,-209000
2009/09/15,0,1801000,-3388000,-1587000
2009/09/16,0,2835689,-2755000,80689
2009/09/17,0,2093500,-21510,2071990
2009/09/18,0,589000,-363000,226000
2009/09/21,0,1088000,-430000,658000
2009/09/22,0,58000,-157000,-99000
2009/09/23,0,446897,-3678000,-3231103
2009/09/24,0,1799000,-536000,1263000
2009/09/25,0,1147500,-322090,825410
2009/09/28,0,726000,-182000,544000
2009/09/29,0,1083121,-284000,799121
2009/09/30,0,1404000,-1418000,-14000
2009/10/01,0,1903525,-884000,1019525
2009/10/02,0,555000,-953727,-398727
2009/10/05,0,768270,-660270,108000
2009/10/06,0,1461949,-379400,1082549
2009/10/07,0,2832800,-387490,2445310
2009/10/08,0,1196000,-578400,617600
2009/10/09,0,1666000,-518100,1147900
2009/10/12,0,626000,-1059000,-433000
2009/10/13,0,1006840,-2213242,-1206402
2009/10/14,0,1453326,-953326,500000
2009/10/15,0,2049000,-257000,1792000
2009/10/16,0,1584000,-410688,1173312
2009/10/19,0,3816000,-320691,3495309
2009/10/20,0,849958,-743000,106958
2009/10/21,0,1430000,-580000,850000
2009/10/22,0,8667000,-1638800,7028200
2009/10/23,0,3370440,-656000,2714440
2009/10/26,0,2513000,-1008000,1505000
2009/10/27,0,1577000,-491000,1086000
2009/10/28,0,682000,-966000,-284000
2009/10/29,0,206000,-1511000,-1305000
2009/10/30,0,489000,-1414000,-925000
2009/11/02,0,666000,-2185200,-1519200
2009/11/03,0,380000,-1245000,-865000
2009/11/04,0,753000,-934100,-181100
2009/11/05,0,713000,-436000,277000
2009/11/06,0,1441000,-156000,1285000
2009/11/09,0,3929000,-525000,3404000
2009/11/10,0,1035000,-1704273,-669273
2009/11/11,0,1168000,-164900,1003100
2009/11/12,0,1115000,-162000,953000
2009/11/13,0,497000,-369934,127066
2009/11/16,0,1910000,-188000,1722000
2009/11/17,0,1048000,-1083000,-35000
2009/11/18,0,3067000,-1174000,1893000
2009/11/19,0,3424000,-718830,2705170
2009/11/20,0,400000,-984000,-584000
2009/11/23,0,278000,-62600,215400
2009/11/24,0,1637000,-627000,1010000
2009/11/25,0,2562000,-686178,1875822
2009/11/26,0,3223000,-51000,3172000
2009/11/27,0,974000,-1719000,-745000
2009/11/30,0,315189,-1674692,-1359503
2009/12/01,0,1479100,-913309,565791
2009/12/02,0,1272000,-213000,1059000
2009/12/03,0,2171800,-66407,2105393
2009/12/04,0,2176000,-218000,1958000
2009/12/07,0,565000,-66000,499000
2009/12/08,0,770000,-1579000,-809000
2009/12/09,0,828000,-1659400,-831400
2009/12/10,0,459000,-1675238,-1216238
2009/12/11,0,1380000,-233000,1147000
2009/12/14,0,623000,-144000,479000
2009/12/15,0,700000,-225700,474300
2009/12/16,0,396000,-227830,168170
2009/12/17,0,258910,-705000,-446090
2009/12/18,0,241000,-938000,-697000
2009/12/21,0,481000,-479000,2000
2009/12/22,0,288000,-946000,-658000
2009/12/23,0,339000,-203464,135536
2009/12/24,0,789000,-542000,247000
2009/12/25,0,218000,-49000,169000
2009/12/28,0,1042100,-268000,774100
2009/12/29,0,1624000,-296000,1328000
2009/12/30,0,3728000,-530000,3198000
2009/12/31,0,521000,-69000,452000
2010/01/01,0,0,0,0
2010/01/04,0,1619000,-460000,1159000
2010/01/05,0,221000,-502000,-281000
2010/01/06,0,529000,-5455200,-4926200
2010/01/07,0,1048000,-8017417,-6969417
2010/01/08,0,753490,-4995200,-4241710
2010/01/11,0,203000,-912000,-709000
2010/01/12,0,401000,-1340560,-939560
2010/01/13,0,78000,-2736381,-2658381
2010/01/14,0,180466,-1106210,-925744
2010/01/15,0,185000,-1314865,-1129865
2010/01/18,0,228000,-3035000,-2807000
2010/01/19,0,284000,-4022430,-3738430
2010/01/20,0,360000,-5632000,-5272000
2010/01/21,0,1094000,-2393000,-1299000
2010/01/22,0,379000,-3590000,-3211000
2010/01/25,0,2272050,-1815200,456850
2010/01/26,0,833000,-6720500,-5887500
2010/01/27,0,922000,-1170830,-248830
2010/01/28,0,235000,-3280000,-3045000
2010/01/29,0,2010000,-2810925,-800925
2010/02/01,0,69000,-3289390,-3220390
2010/02/02,0,560000,-1540910,-980910
2010/02/03,0,710260,-440000,270260
2010/02/04,0,1971000,-2460900,-489900
2010/02/05,0,2181000,-2206200,-25200
2010/02/08,0,1214000,-1969249,-755249
2010/02/09,0,345000,-1926700,-1581700
2010/02/10,0,765000,-3388000,-2623000
2010/02/11,0,0,0,0
2010/02/12,0,0,0,0
2010/02/15,0,0,0,0
2010/02/16,0,0,0,0
2010/02/17,0,0,0,0
2010/02/18,0,0,0,0
2010/02/19,0,0,0,0
2010/02/22,0,3281000,-2572000,709000
2010/02/23,0,2634000,-906300,1727700
2010/02/24,0,2324000,-2221472,102528
2010/02/25,0,1267500,-1545250,-277750
2010/02/26,0,551719,-327477,224242
2010/03/01,0,911000,-2037100,-1126100
2010/03/02,0,1226000,-663000,563000
2010/03/03,0,399000,-710000,-311000
2010/03/04,0,243000,-1357800,-1114800
2010/03/05,0,1661000,-661600,999400
2010/03/08,0,502000,-116500,385500
2010/03/09,0,395320,-88000,307320
2010/03/10,0,324000,-470191,-146191
2010/03/11,0,724000,-1169000,-445000
2010/03/12,0,569000,-315000,254000
2010/03/15,0,323000,-370000,-47000
2010/03/16,0,173000,-1592000,-1419000
2010/03/17,0,1621000,-1571000,50000
2010/03/18,0,1414000,-315000,1099000
2010/03/19,0,1594000,-345000,1249000
2010/03/22,0,2001000,-1368190,632810
2010/03/23,0,1369000,-348000,1021000
2010/03/24,0,3386000,-393000,2993000
2010/03/25,0,2502103,-2422000,80103
2010/03/26,0,749000,-814000,-65000
2010/03/29,0,2137000,-779000,1358000
2010/03/30,0,598000,-213000,385000
2010/03/31,0,764000,-767810,-3810
2010/04/01,0,1557000,-204270,1352730
2010/04/02,0,679000,-167000,512000
2010/04/05,0,0,0,0
2010/04/06,0,3289000,-450000,2839000
2010/04/07,0,2643540,-124000,2519540
2010/04/08,0,1796000,-1339000,457000
2010/04/09,0,2559000,-1248790,1310210
2010/04/12,0,3047240,-1817000,1230240
2010/04/13,0,142000,-1526000,-1384000
2010/04/14,0,208000,-889820,-681820
2010/04/15,0,1105000,-1326000,-221000
2010/04/16,0,2660380,-221000,2439380
2010/04/19,0,3571000,-2936000,635000
2010/04/20,0,1567000,-562100,1004900
2010/04/21,0,1073000,-402000,671000
2010/04/22,0,1705000,-817340,887660
2010/04/23,0,112000,-506000,-394000
2010/04/26,0,1546000,-224000,1322000
2010/04/27,0,1568727,-410727,1158000
2010/04/28,0,633000,-2438050,-1805050
2010/04/29,0,1515000,-983000,532000
2010/04/30,0,3835000,-2783200,1051800
2010/05/03,0,168000,-755000,-587000
2010/05/04,0,2821000,-3229000,-408000
2010/05/05,0,1425922,-3168409,-1742487
2010/05/06,0,1247447,-2121000,-873553
2010/05/07,0,1736063,-1625310,110753
2010/05/10,0,1933140,-675000,1258140
2010/05/11,0,328000,-2190000,-1862000
2010/05/12,0,1877813,-1443000,434813
2010/05/13,0,919000,-538000,381000
2010/05/14,0,409000,-275000,134000
2010/05/17,0,620000,-422000,198000
2010/05/18,0,825000,-441000,384000
2010/05/19,0,611000,-588000,23000
2010/05/20,0,1107000,-1364540,-257540
2010/05/21,0,701000,-2452630,-1751630
2010/05/24,0,507000,-1853000,-1346000
2010/05/25,0,615000,-2760300,-2145300
2010/05/26,0,3769560,-3824000,-54440
2010/05/27,0,1372784,-774670,598114
2010/05/28,0,815000,-801000,14000
2010/05/31,0,754000,-114000,640000
2010/06/01,0,481000,-824000,-343000
2010/06/02,0,690000,-495000,195000
2010/06/03,0,1972000,-817000,1155000
2010/06/04,0,646000,-41000,605000
2010/06/07,0,324000,-1121865,-797865
2010/06/08,0,1410000,-1883000,-473000
2010/06/09,0,316000,-1322000,-1006000
2010/06/10,0,660000,-1223000,-563000
2010/06/11,0,1369858,-1389300,-19442
2010/06/14,0,1635858,-1898000,-262142
2010/06/15,0,2574717,-2914410,-339693
2010/06/16,0,0,0,0
2010/06/17,0,2369747,-3787552,-1417805
2010/06/18,0,1135806,-1041000,94806
2010/06/21,0,2568804,-1067024,1501780
2010/06/22,0,876812,-725000,151812
2010/06/23,0,1108046,-2499231,-1391185
2010/06/24,0,903000,-2796530,-1893530
2010/06/25,0,401717,-1588000,-1186283
2010/06/28,0,547000,-1548000,-1001000
2010/06/29,0,1178000,-2582000,-1404000
2010/06/30,0,1318000,-5268000,-3950000
2010/07/01,0,531000,-2331020,-1800020
2010/07/02,0,220000,-4115100,-3895100
2010/07/05,0,195037,-511000,-315963
2010/07/06,0,1227000,-667000,560000
2010/07/07,0,1100779,-1217000,-116221
2010/07/08,0,1106000,-550000,556000
2010/07/09,0,460538,-182000,278538
2010/07/12,0,1094000,-229072,864928
2010/07/13,0,4075000,-529000,3546000
2010/07/14,0,1437528,-481530,955998
2010/07/15,0,442000,-186000,256000
2010/07/16,0,510354,-663000,-152646
2010/07/19,0,1019000,-172000,847000
2010/07/20,0,1925000,-296000,1629000
2010/07/21,0,2581000,-282000,2299000
2010/07/22,0,959000,-562000,397000
2010/07/23,0,3156000,-447000,2709000
2010/07/26,0,3388980,-445000,2943980
2010/07/27,0,2410089,-421000,1989089
2010/07/28,0,1689000,-313000,1376000
2010/07/29,0,971000,-716949,254051
2010/07/30,0,304602,-1257000,-952398
2010/08/02,0,2460000,-215000,2245000
2010/08/03,0,1550000,-185000,1365000
2010/08/04,0,603000,-252000,351000
2010/08/05,0,1485000,-1682000,-197000
2010/08/06,0,1201000,-684000,517000
2010/08/09,0,884000,-238000,646000
2010/08/10,0,380000,-698000,-318000
2010/08/11,0,1336000,-826706,509294
2010/08/12,0,220000,-2440000,-2220000
2010/08/13,0,832049,-794000,38049
2010/08/16,0,2195000,-2461000,-266000
2010/08/17,0,924000,-308000,616000
2010/08/18,0,2143000,-613000,1530000
2010/08/19,0,1272000,-2083000,-811000
2010/08/20,0,955000,-205000,750000
2010/08/23,0,1271000,-286000,985000
2010/08/24,0,458000,-703000,-245000
2010/08/25,0,936000,-2458000,-1522000
2010/08/26,0,4005000,-1060000,2945000
2010/08/27,0,1978000,-907305,1070695
2010/08/30,0,1195524,-2052000,-856476
2010/08/31,0,1173500,-907761,265739
2010/09/01,0,578000,-655000,-77000
2010/09/02,0,971000,-375539,595461
2010/09/03,0,564000,-1171000,-607000
2010/09/06,0,480000,-283000,197000
2010/09/07,0,92250,-673490,-581240
2010/09/08,0,1052710,-263969,788741
2010/09/09,0,513000,-722000,-209000
2010/09/10,0,572070,-753750,-181680
2010/09/13,0,2421000,-333875,2087125
2010/09/14,0,1652000,-468250,1183750
2010/09/15,0,937897,-2126000,-1188103
2010/09/16,0,1546000,-344950,1201050
2010/09/17,0,1505000,-2249000,-744000
2010/09/20,0,1730000,-839750,890250
2010/09/21,0,235000,-1864000,-1629000
2010/09/22,0,0,0,0
2010/09/23,0,490250,-5058642,-4568392
2010/09/24,0,1640460,-7361000,-5720540
2010/09/27,0,894830,-2712375,-1817545
2010/09/28,0,1558210,-2034000,-475790
2010/09/29,0,3259250,-4316250,-1057000
2010/09/30,0,715000,-1837250,-1122250
2010/10/01,0,712830,-312250,400580
2010/10/04,0,453960,-364000,89960
2010/10/05,0,664720,-472700,192020
2010/10/06,0,895820,-299492,596328
2010/10/07,0,968530,-318000,650530
2010/10/08,0,321550,-1236664,-915114
2010/10/11,0,1169510,-1069889,99621
2010/10/12,0,37210,-842000,-804790
2010/10/13,0,4508810,-661000,3847810
2010/10/14,0,6068770,-1242000,4826770
2010/10/15,0,5170310,-679000,4491310
2010/10/18,0,2305000,-2424875,-119875
2010/10/19,0,2638000,-1274875,1363125
2010/10/20,0,666000,-873000,-207000
2010/10/21,0,3990000,-1085000,2905000
2010/10/22,0,5482000,-691000,4791000
2010/10/25,0,4287000,-157000,4130000
2010/10/26,0,5378577,-891000,4487577
2010/10/27,0,3082090,-473000,2609090
2010/10/28,0,2049942,-1979000,70942
2010/10/29,0,1003000,-2068000,-1065000
2010/11/01,0,2047000,-2020000,27000
2010/11/02,0,1591000,-1823000,-232000
2010/11/03,0,1409000,-1488000,-79000
2010/11/04,0,1213000,-1539000,-326000
2010/11/05,0,449000,-2012937,-1563937
2010/11/08,0,450000,-2946500,-2496500
2010/11/09,0,667000,-2540375,-1873375
2010/11/10,0,519000,-1088730,-569730
2010/11/11,0,609000,-778836,-169836
2010/11/12,0,308000,-716000,-408000
2010/11/15,0,172487,-2517000,-2344513
2010/11/16,0,498000,-588223,-90223
2010/11/17,0,930000,-745000,185000
2010/11/18,0,418000,-332930,85070
2010/11/19,0,137930,-1035000,-897070
2010/11/22,0,238180,-281000,-42820
2010/11/23,0,477830,-569000,-91170
2010/11/24,0,778000,-754250,23750
2010/11/25,0,25000,-271000,-246000
2010/11/26,0,401000,-132000,269000
2010/11/29,0,356000,-501517,-145517
2010/11/30,0,857972,-1238080,-380108
2010/12/01,0,1895000,-329000,1566000
2010/12/02,0,1357000,-98812,1258188
2010/12/03,0,111000,-366000,-255000
2010/12/06,0,311000,-338000,-27000
2010/12/07,0,105390,-154000,-48610
2010/12/08,0,1144000,-668250,475750
2010/12/09,0,736000,-221600,514400
2010/12/10,0,357750,-856750,-499000
2010/12/13,0,16000,-128000,-112000
2010/12/14,0,766500,-1312500,-546000
2010/12/15,0,593000,-513000,80000
2010/12/16,0,65000,-109000,-44000
2010/12/17,0,295000,-183000,112000
2010/12/20,0,347520,-365000,-17480
2010/12/21,0,231000,-396430,-165430
2010/12/22,0,212000,-630625,-418625
2010/12/23,0,671000,-212000,459000
2010/12/24,0,298000,-38000,260000
2010/12/27,0,503000,-30000,473000
2010/12/28,0,495000,-88000,407000
2010/12/29,0,1197250,-69000,1128250
2010/12/30,0,1088000,-670000,418000
2010/12/31,0,683000,-479430,203570
2011/01/03,0,482000,-63000,419000
2011/01/04,0,1272000,-86000,1186000
2011/01/05,0,412000,-1178670,-766670
2011/01/06,0,755000,-67000,688000
2011/01/07,0,263000,-759000,-496000
2011/01/10,0,251000,-777000,-526000
2011/01/11,0,1012000,-239000,773000
2011/01/12,0,569750,-378000,191750
2011/01/13,0,1147869,-1933250,-785381
2011/01/14,0,481000,-1413000,-932000
2011/01/17,0,246340,-701000,-454660
2011/01/18,0,664000,-1614610,-950610
2011/01/19,0,675000,-1801000,-1126000
2011/01/20,0,364000,-927000,-563000
2011/01/21,0,198500,-4145000,-3946500
2011/01/24,0,204000,-168000,36000
2011/01/25,0,201000,-245750,-44750
2011/01/26,0,546000,-329175,216825
2011/01/27,0,312000,-158430,153570
2011/01/28,0,992600,-1180949,-188349
2011/01/31,0,0,0,0
2011/02/01,0,0,0,0
2011/02/02,0,0,0,0
2011/02/03,0,0,0,0
2011/02/04,0,0,0,0
2011/02/07,0,0,0,0
2011/02/08,0,485000,-777900,-292900
2011/02/09,0,940000,-1406970,-466970
2011/02/10,0,374000,-3294920,-2920920
2011/02/11,0,464000,-3937000,-3473000
2011/02/14,0,365000,-1504110,-1139110
2011/02/15,0,223000,-997318,-774318
2011/02/16,0,389000,-1049000,-660000
2011/02/17,0,141000,-2269040,-2128040
2011/02/18,0,952000,-1029000,-77000
2011/02/21,0,743000,-1077000,-334000
2011/02/22,0,574000,-4153000,-3579000
2011/02/23,0,2135968,-1486000,649968
2011/02/24,0,718000,-1830000,-1112000
2011/02/25,0,1138000,-3552567,-2414567
2011/02/28,0,0,0,0
2011/03/01,0,387000,-2416000,-2029000
2011/03/02,0,316000,-1259000,-943000
2011/03/03,0,1496000,-3764000,-2268000
2011/03/04,0,424000,-527900,-103900
2011/03/07,0,140000,-485000,-345000
2011/03/08,0,435000,-458000,-23000
2011/03/09,0,2628000,-1501638,1126362
2011/03/10,0,368000,-1549180,-1181180
2011/03/11,0,145000,-1194750,-1049750
2011/03/14,0,736000,-808000,-72000
2011/03/15,0,2931000,-1446970,1484030
2011/03/16,0,2583000,-956340,1626660
2011/03/17,0,1304000,-1226320,77680
2011/03/18,0,395000,-2057216,-1662216
2011/03/21,0,475000,-1029000,-554000
2011/03/22,0,1332000,-828000,504000
2011/03/23,0,1212000,-399000,813000
2011/03/24,0,419000,-201000,218000
2011/03/25,0,1407000,-197750,1209250
2011/03/28,0,433000,-346000,87000
2011/03/29,0,1623000,-316166,1306834
2011/03/30,0,1456100,-189711,1266389
2011/03/31,0,2442000,-1108475,1333525
2011/04/01,0,1730000,-816500,913500
2011/04/04,0,0,0,0
2011/04/05,0,0,0,0
2011/04/06,0,2621472,-581075,2040397
2011/04/07,0,4113750,-346009,3767741
2011/04/08,0,1759454,-378000,1381454
2011/04/11,0,759612,-187000,572612
2011/04/12,0,496716,-751000,-254284
2011/04/13,0,461000,-390064,70936
2011/04/14,0,420000,-159200,260800
2011/04/15,0,233000,-273000,-40000
2011/04/18,0,291000,-115903,175097
2011/04/19,0,220000,-650000,-430000
2011/04/20,0,895925,-120000,775925
2011/04/21,0,1994750,-283000,1711750
2011/04/22,0,703000,-209000,494000
2011/04/25,0,514000,-77000,437000
2011/04/26,0,641094,-354000,287094
2011/04/27,0,384000,-82000,302000
2011/04/28,0,387640,-403000,-15360
2011/04/29,0,461455,-860750,-399295
2011/05/02,0,0,0,0
2011/05/03,0,832000,-461000,371000
2011/05/04,0,677000,-757000,-80000
2011/05/05,0,8307000,-843100,7463900
2011/05/06,0,452000,-1200000,-748000
2011/05/09,0,4191000,-402612,3788388
2011/05/10,0,812519,-154000,658519
2011/05/11,0,1156000,-372000,784000
2011/05/12,0,656000,-794000,-138000
2011/05/13,0,401000,-475000,-74000
2011/05/16,0,539000,-845200,-306200
2011/05/17,0,2335500,-1116000,1219500
2011/05/18,0,2486000,-119000,2367000
2011/05/19,0,2389000,-1557481,831519
2011/05/20,0,1422400,-346000,1076400
2011/05/23,0,804000,-1916000,-1112000
2011/05/24,0,2168000,-674599,1493401
2011/05/25,0,1015900,-1656500,-640600
2011/05/26,0,1123073,-1698784,-575711
2011/05/27,0,1806000,-576000,1230000
2011/05/30,0,1713565,-1547400,166165
2011/05/31,0,11587852,-7468400,4119452
2011/06/01,0,2480000,-1625579,854421
2011/06/02,0,1619000,-398670,1220330
2011/06/03,0,1831000,-509046,1321954
2011/06/06,0,0,0,0
2011/06/07,0,2316578,-670000,1646578
2011/06/08,0,1159000,-1333577,-174577
2011/06/09,0,1471032,-789290,681742
2011/06/10,0,724274,-470000,254274
2011/06/13,0,863000,-892814,-29814
2011/06/14,0,1251000,-876192,374808
2011/06/15,0,2579000,-1818086,760914
2011/06/16,0,1788930,-746000,1042930
2011/06/17,0,2807000,-2276634,530366
2011/06/20,0,641000,-264428,376572
2011/06/21,0,828000,-191000,637000
2011/06/22,0,1454000,-1075000,379000
2011/06/23,0,539292,-305906,233386
2011/06/24,0,1513000,-492321,1020679
2011/06/27,0,2107310,-468437,1638873
2011/06/28,0,1032978,-1135766,-102788
2011/06/29,0,1955000,-822000,1133000
2011/06/30,0,1903000,-298750,1604250
2011/07/01,0,779501,-161500,618001
2011/07/04,0,1273465,-516609,756856
2011/07/05,0,1533584,-374000,1159584
2011/07/06,0,823180,-332000,491180
2011/07/07,0,2006403,-306382,1700021
2011/07/08,0,2682619,-111000,2571619
2011/07/11,0,2474799,-401000,2073799
2011/07/12,0,1878962,-415000,1463962
2011/07/13,0,1288740,-523000,765740
2011/07/14,0,2467522,-1319250,1148272
2011/07/15,0,270780,-246000,24780
2011/07/18,0,917660,-1085500,-167840
2011/07/19,0,356000,-354800,1200
2011/07/20,0,1185412,-288000,897412
2011/07/21,0,1687765,-338000,1349765
2011/07/22,0,1195629,-119250,1076379
2011/07/25,0,681556,-118000,563556
2011/07/26,0,2513349,-700000,1813349
2011/07/27,0,563256,-1208375,-645119
2011/07/28,0,578046,-332000,246046
2011/07/29,0,680336,-701308,-20972
2011/08/01,0,2082040,-471000,1611040
2011/08/02,0,1709870,-390000,1319870
2011/08/03,0,592127,-1105000,-512873
2011/08/04,0,788885,-2741239,-1952354
2011/08/05,0,1181275,-3376000,-2194725
2011/08/08,0,641358,-4541750,-3900392
2011/08/09,0,1941800,-5663348,-3721548
2011/08/10,0,1006830,-7198880,-6192050
2011/08/11,0,1710000,-3216000,-1506000
2011/08/12,0,531000,-2463443,-1932443
2011/08/15,0,972548,-1004000,-31452
2011/08/16,0,979000,-1481000,-502000
2011/08/17,0,1488707,-1248000,240707
2011/08/18,0,1397925,-2977000,-1579075
2011/08/19,0,757748,-1244000,-486252
2011/08/22,0,1914497,-763000,1151497
2011/08/23,0,1248000,-337525,910475
2011/08/24,0,709032,-1837000,-1127968
2011/08/25,0,687304,-728679,-41375
2011/08/26,0,1002065,-611000,391065
2011/08/29,0,1837000,-649000,1188000
2011/08/30,0,136357,-2007000,-1870643
2011/08/31,0,737052,-471047,266005
2011/09/01,0,3388774,-589548,2799226
2011/09/02,0,1690788,-1087000,603788
2011/09/05,0,1418000,-1915481,-497481
2011/09/06,0,565528,-2494666,-1929138
2011/09/07,0,4719948,-624000,4095948
2011/09/08,0,2844132,-870400,1973732
2011/09/09,0,1417000,-957566,459434
2011/09/12,0,0,0,0
2011/09/13,0,2720580,-1908367,812213
2011/09/14,0,2117890,-2213058,-95168
2011/09/15,0,2136000,-1194437,941563
2011/09/16,0,4083000,-632000,3451000
2011/09/19,0,731495,-226000,505495
2011/09/20,0,1690598,-1180696,509902
2011/09/21,0,1935088,-2945647,-1010559
2011/09/22,0,1433450,-3740250,-2306800
2011/09/23,0,2140482,-1625400,515082
2011/09/26,0,1261489,-1341704,-80215
2011/09/27,0,2069000,-1426461,642539
2011/09/28,0,2008555,-1642000,366555
2011/09/29,0,1747224,-1185000,562224
2011/09/30,0,1030000,-3483200,-2453200
2011/10/03,0,3470499,-3349000,121499
2011/10/04,0,2521000,-1564000,957000
2011/10/05,0,2040000,-948000,1092000
2011/10/06,0,2046000,-614000,1432000
2011/10/07,0,1055000,-2908200,-1853200
2011/10/10,0,0,0,0
2011/10/11,0,1578000,-2189800,-611800
2011/10/12,0,1443000,-703000,740000
2011/10/13,0,2591552,-549000,2042552
2011/10/14,0,1876169,-988000,888169
2011/10/17,0,1196188,-1007000,189188
2011/10/18,0,346652,-253000,93652
2011/10/19,0,1462638,-582600,880038
2011/10/20,0,738725,-655000,83725
2011/10/21,0,633264,-141000,492264
2011/10/24,0,2845133,-168000,2677133
2011/10/25,0,1102005,-363000,739005
2011/10/26,0,1131000,-87000,1044000
2011/10/27,0,1177000,-970000,207000
2011/10/28,0,3013000,-481000,2532000
2011/10/31,0,3759000,-5304000,-1545000
2011/11/01,0,2535000,-4082500,-1547500
2011/11/02,0,1174000,-1047000,127000
2011/11/03,0,1392000,-4187000,-2795000
2011/11/04,0,1341000,-2142600,-801600
2011/11/07,0,775000,-220000,555000
2011/11/08,0,761217,-508000,253217
2011/11/09,0,634143,-788000,-153857
2011/11/10,0,513143,-2631381,-2118238
2011/11/11,0,1664000,-956000,708000
2011/11/14,0,258000,-375000,-117000
2011/11/15,0,638000,-2948000,-2310000
2011/11/16,0,575000,-1916000,-1341000
2011/11/17,0,1198571,-773962,424609
2011/11/18,0,937000,-1462050,-525050
2011/11/21,0,903000,-2266914,-1363914
2011/11/22,0,1431000,-1179000,252000
2011/11/23,0,272000,-3549000,-3277000
2011/11/24,0,1106000,-1515000,-409000
2011/11/25,0,1490000,-2195000,-705000
2011/11/28,0,1749700,-1558000,191700
2011/11/29,0,2915000,-908000,2007000
2011/11/30,0,6542368,-5432493,1109875
2011/12/01,0,4299364,-2318072,1981292
2011/12/02,0,1319000,-448000,871000
2011/12/05,0,3535000,-3431000,104000
2011/12/06,0,528091,-872000,-343909
2011/12/07,0,1956000,-1139271,816729
2011/12/08,0,1670000,-870400,799600
2011/12/09,0,523576,-1390000,-866424
2011/12/12,0,1282600,-2128600,-846000
2011/12/13,0,723000,-350400,372600
2011/12/14,0,368364,-1315000,-946636
2011/12/15,0,591091,-1556000,-964909
2011/12/16,0,786000,-345600,440400
2011/12/19,0,449000,-727000,-278000
2011/12/20,0,849000,-1695900,-846900
2011/12/21,0,846000,-1076180,-230180
2011/12/22,0,540000,-359600,180400
2011/12/23,0,1235000,-55000,1180000
2011/12/26,0,342000,-106000,236000
2011/12/27,0,562000,-475000,87000
2011/12/28,0,919000,-163000,756000
2011/12/29,0,1341000,-218000,1123000
2011/12/30,0,1033290,-549000,484290
2012/01/02,0,219000,-345000,-126000
2012/01/03,0,810000,-6000,804000
2012/01/04,0,279000,-303800,-24800
2012/01/05,0,542182,-1184000,-641818
2012/01/06,0,425357,-1820000,-1394643
2012/01/09,0,1414000,-371000,1043000
2012/01/10,0,2276000,-488611,1787389
2012/01/11,0,1417000,-3550600,-2133600
2012/01/12,0,1107000,-224000,883000
2012/01/13,0,1931000,-907000,1024000
2012/01/16,0,1736000,-4317000,-2581000
2012/01/17,0,1122000,-687704,434296
2012/01/18,0,1695103,-2915915,-1220812
2012/01/19,0,0,0,0
2012/01/20,0,0,0,0
2012/01/23,0,0,0,0
2012/01/24,0,0,0,0
2012/01/25,0,0,0,0
2012/01/26,0,0,0,0
2012/01/27,0,0,0,0
2012/01/30,0,3587910,-1304000,2283910
2012/01/31,0,2063415,-633300,1430115
2012/02/01,0,1432000,-1837000,-405000
2012/02/02,0,1186088,-212000,974088
2012/02/03,0,1239400,-387000,852400
2012/02/06,0,1784000,-3035000,-1251000
2012/02/07,0,1783000,-2001000,-218000
2012/02/08,0,1456000,-683200,772800
2012/02/09,0,744616,-223069,521547
2012/02/10,0,760000,-776000,-16000
2012/02/13,0,1247000,-32000,1215000
2012/02/14,0,958875,-435900,522975
2012/02/15,0,1595448,-851000,744448
2012/02/16,0,1140704,-1302600,-161896
2012/02/17,0,1415000,-1045000,370000
2012/02/20,0,271000,-529000,-258000
2012/02/21,0,507117,-429000,78117
2012/02/22,0,1340000,-697000,643000
2012/02/23,0,581000,-928000,-347000
2012/02/24,0,745900,-1889261,-1143361
2012/02/27,0,0,0,0
2012/02/28,0,0,0,0
2012/02/29,0,4867852,-1208000,3659852
2012/03/01,0,1321365,-1281000,40365
2012/03/02,0,813404,-350000,463404
2012/03/05,0,822000,-749000,73000
2012/03/06,0,1282176,-1140000,142176
2012/03/07,0,383000,-1217953,-834953
2012/03/08,0,648000,-3221400,-2573400
2012/03/09,0,624000,-354000,270000
2012/03/12,0,729000,-259200,469800
2012/03/13,0,2448176,-131200,2316976
2012/03/14,0,4281176,-65371,4215805
2012/03/15,0,430000,-555000,-125000
2012/03/16,0,821000,-576000,245000
2012/03/19,0,187000,-1192800,-1005800
2012/03/20,0,500000,-507000,-7000
2012/03/21,0,1827716,-1226716,601000
2012/03/22,0,738000,-99000,639000
2012/03/23,0,1599352,-214367,1384985
2012/03/26,0,2517428,-2706000,-188572
2012/03/27,0,3011000,-1538108,1472892
2012/03/28,0,436000,-620321,-184321
2012/03/29,0,1202000,-934000,268000
2012/03/30,0,1565318,-1628600,-63282
2012/04/02,0,1436000,-3696000,-2260000
2012/04/03,0,2083268,-1093200,990068
2012/04/04,0,0,0,0
2012/04/05,0,720000,-2715000,-1995000
2012/04/06,0,94000,-2325065,-2231065
2012/04/09,0,365000,-2231000,-1866000
2012/04/10,0,320704,-1224000,-903296
2012/04/11,0,126000,-1633402,-1507402
2012/04/12,0,1380000,-1846974,-466974
2012/04/13,0,1147279,-1106500,40779
2012/04/16,0,181000,-1411000,-1230000
2012/04/17,0,764000,-2409000,-1645000
2012/04/18,0,481000,-1389000,-908000
2012/04/19,0,940000,-1081000,-141000
2012/04/20,0,429000,-1964456,-1535456
2012/04/23,0,490000,-1063000,-573000
2012/04/24,0,387000,-3877000,-3490000
2012/04/25,0,491000,-3016000,-2525000
2012/04/26,0,414000,-1685285,-1271285
2012/04/27,0,598000,-1538393,-940393
2012/04/30,0,1444000,-878407,565593
2012/05/01,0,0,0,0
2012/05/02,0,1581000,-1292000,289000
2012/05/03,0,746305,-1027000,-280695
2012/05/04,0,1307406,-569000,738406
2012/05/07,0,783000,-2603000,-1820000
2012/05/08,0,293000,-947400,-654400
2012/05/09,0,564000,-2243269,-1679269
2012/05/10,0,831280,-965272,-133992
2012/05/11,0,463026,-1363568,-900542
2012/05/14,0,1172000,-1032000,140000
2012/05/15,0,1794238,-1378730,415508
2012/05/16,0,3337571,-2786000,551571
2012/05/17,0,3613000,-955000,2658000
2012/05/18,0,1067000,-1773000,-706000
2012/05/21,0,394000,-359115,34885
2012/05/22,0,1301000,-1030527,270473
2012/05/23,0,879284,-1789036,-909752
2012/05/24,0,618036,-475000,143036
2012/05/25,0,308000,-297000,11000
2012/05/28,0,322000,-156000,166000
2012/05/29,0,772000,-335000,437000
2012/05/30,0,2429000,-2570111,-141111
2012/05/31,0,1257505,-2404084,-1146579
2012/06/01,0,660000,-1058329,-398329
2012/06/04,0,1355120,-867000,488120
2012/06/05,0,642000,-520000,122000
2012/06/06,0,561000,-724050,-163050
2012/06/07,0,904643,-462000,442643
2012/06/08,0,427971,-141000,286971
2012/06/11,0,1061965,-162000,899965
2012/06/12,0,899000,-1337000,-438000
2012/06/13,0,1774087,-1174427,599660
2012/06/14,0,1645037,-2288000,-642963
2012/06/15,0,3449681,-525984,2923697
2012/06/18,0,5451412,-1436000,4015412
2012/06/19,0,3044491,-1658000,1386491
2012/06/20,0,4313429,-717000,3596429
2012/06/21,0,2738324,-348000,2390324
2012/06/22,0,1621092,-1775875,-154783
2012/06/25,0,759000,-1674400,-915400
2012/06/26,0,1613000,-544600,1068400
2012/06/27,0,1275000,-325600,949400
2012/06/28,0,1048760,-896000,152760
2012/06/29,0,3141000,-869000,2272000
2012/07/02,0,3160000,-828000,2332000
2012/07/03,0,2010571,-629000,1381571
2012/07/04,0,2027593,-706000,1321593
2012/07/05,0,1050000,-143000,907000
2012/07/06,0,2293000,-202000,2091000
2012/07/09,0,1936000,-734000,1202000
2012/07/10,0,4766000,-491000,4275000
2012/07/11,0,2813000,-857000,1956000
2012/07/12,0,960689,-2320000,-1359311
2012/07/13,0,1105775,-134309,971466
2012/07/16,0,752000,-511900,240100
2012/07/17,0,2512000,-841000,1671000
2012/07/18,0,1607000,-807271,799729
2012/07/19,0,2379000,-641171,1737829
2012/07/20,0,890000,-314133,575867
2012/07/23,0,963000,-1196000,-233000
2012/07/24,0,1138000,-570571,567429
2012/07/25,0,624000,-2429000,-1805000
2012/07/26,0,2086000,-930021,1155979
2012/07/27,0,3160000,-306000,2854000
2012/07/30,0,773470,-221000,552470
2012/07/31,0,2710000,-759104,1950896
2012/08/01,0,6921000,-1629500,5291500
2012/08/02,0,0,0,0
2012/08/03,0,6150055,-1859631,4290424
2012/08/06,0,10019000,-2598000,7421000
2012/08/07,0,4283000,-3182227,1100773
2012/08/08,0,2125567,-2308302,-182735
2012/08/09,0,4443000,-1782000,2661000
2012/08/10,0,1675000,-724974,950026
2012/08/13,0,2169000,-2871000,-702000
2012/08/14,0,2678309,-60000,2618309
2012/08/15,0,1423060,-511000,912060
2012/08/16,0,1032000,-486000,546000
2012/08/17,0,370000,-787000,-417000
2012/08/20,0,396000,-537000,-141000
2012/08/21,0,2042193,-948134,1094059
2012/08/22,0,454165,-517000,-62835
2012/08/23,0,386459,-1326120,-939661
2012/08/24,0,215000,-239337,-24337
2012/08/27,0,666000,-998000,-332000
2012/08/28,0,653000,-746760,-93760
2012/08/29,0,2365000,-3266000,-901000
2012/08/30,0,2041000,-2677000,-636000
2012/08/31,0,869753,-1222315,-352562
2012/09/03,0,484000,-545000,-61000
2012/09/04,0,1460000,-1286708,173292
2012/09/05,0,313342,-2819000,-2505658
2012/09/06,0,340000,-2261360,-1921360
2012/09/07,0,1154000,-680840,473160
2012/09/10,0,1345377,-485000,860377
2012/09/11,0,127000,-537000,-410000
2012/09/12,0,1784000,-193000,1591000
2012/09/13,0,1655000,-206000,1449000
2012/09/14,0,2292000,-629000,1663000
2012/09/17,0,1138000,-1384180,-246180
2012/09/18,0,765264,-913595,-148331
2012/09/19,0,1987000,-1353000,634000
2012/09/20,0,1028000,-610431,417569
2012/09/21,0,2384000,-1012232,1371768
2012/09/24,0,527000,-405000,122000
2012/09/25,0,1670000,-433472,1236528
2012/09/26,0,2402707,-725092,1677615
2012/09/27,0,1786000,-479316,1306684
2012/09/28,0,1722940,-516873,1206067
2012/10/01,0,608000,-1071000,-463000
2012/10/02,0,941493,-337720,603773
2012/10/03,0,2344000,-976880,1367120
2012/10/04,0,2080000,-335140,1744860
2012/10/05,0,1663400,-771000,892400
2012/10/08,0,2147300,-693000,1454300
2012/10/09,0,4525613,-1103020,3422593
2012/10/10,0,0,0,0
2012/10/11,0,2121000,-1576868,544132
2012/10/12,0,1361000,-2312840,-951840
2012/10/15,0,429024,-1112000,-682976
2012/10/16,0,804000,-2556000,-1752000
2012/10/17,0,957000,-5728842,-4771842
2012/10/18,0,1305000,-3759800,-2454800
2012/10/19,0,3389000,-5972922,-2583922
2012/10/22,0,992000,-2462285,-1470285
2012/10/23,0,1683400,-2167037,-483637
2012/10/24,0,349000,-4434117,-4085117
2012/10/25,0,1296018,-2718000,-1421982
2012/10/26,0,714000,-2228000,-1514000
2012/10/29,0,433400,-2159000,-1725600
2012/10/30,0,733000,-2739970,-2006970
2012/10/31,0,3418000,-3069760,348240
2012/11/01,0,1786000,-1683000,103000
2012/11/02,0,2220000,-1850000,370000
2012/11/05,0,2102000,-2203000,-101000
2012/11/06,0,604000,-470000,134000
2012/11/07,0,1150000,-950644,199356
2012/11/08,0,1271000,-2076000,-805000
2012/11/09,0,596000,-1710000,-1114000
2012/11/12,0,384000,-957483,-573483
2012/11/13,0,552000,-2047000,-1495000
2012/11/14,0,818000,-3758160,-2940160
2012/11/15,0,2212000,-3156001,-944001
2012/11/16,0,1153000,-2056000,-903000
2012/11/19,0,517000,-1353414,-836414
2012/11/20,0,369000,-985400,-616400
2012/11/21,0,698000,-1211000,-513000
2012/11/22,0,1109080,-179000,930080
2012/11/23,0,4950000,-379080,4570920
2012/11/26,0,3860000,-382000,3478000
2012/11/27,0,1908000,-394140,1513860
2012/11/28,0,1593100,-842152,750948
2012/11/29,0,3455000,-919000,2536000
2012/11/30,0,5019000,-2261746,2757254
2012/12/03,0,3398000,-641234,2756766
2012/12/04,0,2305300,-1266738,1038562
2012/12/05,0,1934000,-1023000,911000
2012/12/06,0,3099000,-410000,2689000
2012/12/07,0,1341000,-504000,837000
2012/12/10,0,2316000,-681762,1634238
2012/12/11,0,3047738,-242000,2805738
2012/12/12,0,3639054,-253000,3386054
2012/12/13,0,2439116,-453000,1986116
2012/12/14,0,2382994,-297000,2085994
2012/12/17,0,1890000,-1480000,410000
2012/12/18,0,2385000,-2018718,366282
2012/12/19,0,2675000,-337300,2337700
2012/12/20,0,4695702,-4599630,96072
2012/12/21,0,741000,-2563715,-1822715
2012/12/24,0,706000,-163000,543000
2012/12/25,0,791000,-113000,678000
2012/12/26,0,736000,-261064,474936
2012/12/27,0,1634715,-974000,660715
2012/12/28,0,1716000,-2518900,-802900
2012/12/31,0,0,0,0
2013/01/01,0,0,0,0
2013/01/02,0,1605000,-329000,1276000
2013/01/03,0,1215000,-3673416,-2458416
2013/01/04,0,2131000,-1949000,182000
2013/01/07,0,536000,-2360040,-1824040
2013/01/08,0,2678000,-3834044,-1156044
2013/01/09,0,1722000,-2783280,-1061280
2013/01/10,0,4259000,-2212000,2047000
2013/01/11,0,1655000,-3462390,-1807390
2013/01/14,0,2221000,-1936500,284500
2013/01/15,0,1920000,-2403119,-483119
2013/01/16,0,880884,-2637720,-1756836
2013/01/17,0,708100,-2879600,-2171500
2013/01/18,0,579000,-2927384,-2348384
2013/01/21,0,350000,-2132380,-1782380
2013/01/22,0,684000,-1831521,-1147521
2013/01/23,0,604000,-420732,183268
2013/01/24,0,664272,-886676,-222404
2013/01/25,0,879553,-1693904,-814351
2013/01/28,0,2523000,-715750,1807250
2013/01/29,0,6250898,-662161,5588737
2013/01/30,0,3275874,-616000,2659874
2013/01/31,0,1000460,-1756413,-755953
2013/02/01,0,843000,-232283,610717
2013/02/04,0,738073,-310000,428073
2013/02/05,0,3650000,-333000,3317000
2013/02/06,0,3537000,-866260,2670740
2013/02/07,0,0,0,0
2013/02/08,0,0,0,0
2013/02/11,0,0,0,0
2013/02/12,0,0,0,0
2013/02/13,0,0,0,0
2013/02/14,0,0,0,0
2013/02/15,0,0,0,0
2013/02/18,0,2404229,-1560600,843629
2013/02/19,0,1885221,-774000,1111221
2013/02/20,0,3641745,-919000,2722745
2013/02/21,0,5658000,-1545564,4112436
2013/02/22,0,6261000,-711000,5550000
2013/02/25,0,4524000,-1590154,2933846
2013/02/26,0,4806000,-1305254,3500746
2013/02/27,0,5014000,-1486271,3527729
2013/02/28,0,0,0,0
2013/03/01,0,2494996,-962000,1532996
2013/03/04,0,3400000,-2325000,1075000
2013/03/05,0,2246000,-1531617,714383
2013/03/06,0,4051000,-528160,3522840
2013/03/07,0,1409420,-2714669,-1305249
2013/03/08,0,1991496,-548000,1443496
2013/03/11,0,4237000,-4052000,185000
2013/03/12,0,2771000,-543527,2227473
2013/03/13,0,2107000,-1736000,371000
2013/03/14,0,1931996,-1651675,280321
2013/03/15,0,3520733,-2611317,909416
2013/03/18,0,1578000,-1398200,179800
2013/03/19,0,2458000,-1687000,771000
2013/03/20,0,4451000,-2686048,1764952
2013/03/21,0,3263312,-1897000,1366312
2013/03/22,0,2054093,-2460759,-406666
2013/03/25,0,1698000,-1000000,698000
2013/03/26,0,685524,-939000,-253476
2013/03/27,0,707000,-551966,155034
2013/03/28,0,1507000,-1473568,33432
2013/03/29,0,3026000,-175000,2851000
2013/04/01,0,1228418,-990000,238418
2013/04/02,0,3131460,-467000,2664460
2013/04/03,0,6531658,-1142720,5388938
2013/04/04,0,0,0,0
2013/04/05,0,0,0,0
2013/04/08,0,3975840,-3432696,543144
2013/04/09,0,4397000,-2867369,1529631
2013/04/10,0,7212920,-2736771,4476149
2013/04/11,0,5115531,-1989200,3126331
2013/04/12,0,3508000,-1306000,2202000
2013/04/15,0,3641942,-1488000,2153942
2013/04/16,0,6978823,-2513612,4465211
2013/04/17,0,4467040,-3299500,1167540
2013/04/18,0,5695640,-2195612,3500028
2013/04/19,0,2998000,-1525400,1472600
2013/04/22,0,3429000,-2447900,981100
2013/04/23,0,3351000,-3290000,61000
2013/04/24,0,2609500,-1121756,1487744
2013/04/25,0,2911000,-3302180,-391180
2013/04/26,0,5164560,-5699700,-535140
2013/04/29,0,3993000,-3701440,291560
2013/04/30,0,6494000,-1370460,5123540
2013/05/01,0,0,0,0
2013/05/02,0,2634000,-798466,1835534
2013/05/03,0,1622000,-804520,817480
2013/05/06,0,1599000,-854345,744655
2013/05/07,0,3206000,-1273611,1932389
2013/05/08,0,6187631,-744084,5443547
2013/05/09,0,3081409,-439600,2641809
2013/05/10,0,4218000,-509000,3709000
2013/05/13,0,1420000,-1265270,154730
2013/05/14,0,3245000,-3942695,-697695
2013/05/15,0,2367000,-8053683,-5686683
2013/05/16,0,2482000,-5371000,-2889000
2013/05/17,0,1146000,-4896000,-3750000
2013/05/20,0,2228000,-4897000,-2669000
2013/05/21,0,2597000,-2088036,508964
2013/05/22,0,3459920,-3436236,23684
2013/05/23,0,2253080,-5690000,-3436920
2013/05/24,0,1330326,-3601686,-2271360
2013/05/27,0,1035201,-1868800,-833599
2013/05/28,0,1509000,-2050000,-541000
2013/05/29,0,1328000,-3836000,-2508000
2013/05/30,0,1309260,-3771000,-2461740
2013/05/31,0,22826000,-29775466,-6949466
2013/06/03,0,1415000,-4463000,-3048000
2013/06/04,0,1123000,-3054540,-1931540
2013/06/05,0,1335000,-5384016,-4049016
2013/06/06,0,2822348,-4066722,-1244374
2013/06/07,0,945000,-3596009,-2651009
2013/06/10,0,1790000,-1097000,693000
2013/06/11,0,2916280,-2654000,262280
2013/06/12,0,0,0,0
2013/06/13,0,2527000,-4007656,-1480656
2013/06/14,0,2699000,-3967614,-1268614
2013/06/17,0,1553000,-2082031,-529031
2013/06/18,0,1180695,-4252884,-3072189
2013/06/19,0,3304000,-2196676,1107324
2013/06/20,0,5300000,-2461083,2838917
2013/06/21,0,4178000,-4676070,-498070
2013/06/24,0,574000,-3396019,-2822019
2013/06/25,0,1636000,-4202322,-2566322
2013/06/26,0,4086176,-4581375,-495199
2013/06/27,0,1674000,-2180000,-506000
2013/06/28,0,6877000,-3119200,3757800
2013/07/01,0,1323000,-1884494,-561494
2013/07/02,0,1325045,-1099442,225603
2013/07/03,0,2089450,-2077400,12050
2013/07/04,0,2654000,-1918794,735206
2013/07/05,0,1585000,-1382302,202698
2013/07/08,0,1340000,-2646000,-1306000
2013/07/09,0,2435000,-1892000,543000
2013/07/10,0,4501000,-4685000,-184000
2013/07/11,0,2614283,-2899000,-284717
2013/07/12,0,1695000,-2665000,-970000
2013/07/15,0,2424840,-1509000,915840
2013/07/16,0,1999000,-645000,1354000
2013/07/17,0,1841000,-818000,1023000
2013/07/18,0,2370000,-2722362,-352362
2013/07/19,0,2740698,-1618400,1122298
2013/07/22,0,1780361,-203000,1577361
2013/07/23,0,1586000,-1295620,290380
2013/07/24,0,726000,-2400167,-1674167
2013/07/25,0,810000,-1874000,-1064000
2013/07/26,0,1234000,-1822000,-588000
2013/07/29,0,631000,-672496,-41496
2013/07/30,0,1232000,-712160,519840
2013/07/31,0,2084000,-883625,1200375
2013/08/01,0,994000,-1007000,-13000
2013/08/02,0,1409000,-1340699,68301
2013/08/05,0,822973,-628000,194973
2013/08/06,0,949000,-2092000,-1143000
2013/08/07,0,107000,-2440224,-2333224
2013/08/08,0,1368203,-4974250,-3606047
2013/08/09,0,616000,-1998320,-1382320
2013/08/12,0,1004000,-1006000,-2000
2013/08/13,0,558000,-2340167,-1782167
2013/08/14,0,1180373,-4761080,-3580707
2013/08/15,0,567180,-3872386,-3305206
2013/08/16,0,925458,-1966350,-1040892
2013/08/19,0,1089202,-5547406,-4458204
2013/08/20,0,1602350,-12002300,-10399950
2013/08/21,0,0,0,0
2013/08/22,0,1145550,-5011743,-3866193
2013/08/23,0,1531150,-2821935,-1290785
2013/08/26,0,318000,-1145000,-827000
2013/08/27,0,1132000,-1000034,131966
2013/08/28,0,930000,-1607000,-677000
2013/08/29,0,1805948,-1242500,563448
2013/08/30,0,1328114,-3683000,-2354886
2013/09/02,0,1380000,-1438000,-58000
2013/09/03,0,1678000,-615800,1062200
2013/09/04,0,786000,-1045150,-259150
2013/09/05,0,1353975,-3506132,-2152157
2013/09/06,0,2712300,-1384000,1328300
2013/09/09,0,2290000,-2360000,-70000
2013/09/10,0,1761000,-1767000,-6000
2013/09/11,0,2568000,-3564992,-996992
2013/09/12,0,1889000,-812000,1077000
2013/09/13,0,1622000,-1523832,98168
2013/09/16,0,2083000,-1573335,509665
2013/09/17,0,1911000,-2555930,-644930
2013/09/18,0,977030,-3171672,-2194642
2013/09/19,0,0,0,0
2013/09/20,0,0,0,0
2013/09/23,0,1918000,-1625438,292562
2013/09/24,0,2069200,-1337316,731884
2013/09/25,0,2060111,-2313611,-253500
2013/09/26,0,825000,-1424541,-599541
2013/09/27,0,2849000,-1367527,1481473
2013/09/30,0,1254000,-2347939,-1093939
2013/10/01,0,701000,-1053960,-352960
2013/10/02,0,543269,-1976340,-1433071
2013/10/03,0,2769435,-818587,1950848
2013/10/04,0,2062000,-1182752,879248
2013/10/07,0,1898364,-1297184,601180
2013/10/08,0,1853000,-1135698,717302
2013/10/09,0,966000,-2231635,-1265635
2013/10/10,0,0,0,0
2013/10/11,0,1110000,-4108532,-2998532
2013/10/14,0,1378000,-499243,878757
2013/10/15,0,1022000,-853833,168167
2013/10/16,0,531000,-729300,-198300
2013/10/17,0,926000,-957137,-31137
2013/10/18,0,2176800,-2359527,-182727
2013/10/21,0,3542875,-1800355,1742520
2013/10/22,0,2811000,-4787500,-1976500
2013/10/23,0,1816887,-1973400,-156513
2013/10/24,0,4889800,-3604375,1285425
2013/10/25,0,1647755,-1310550,337205
2013/10/28,0,2256000,-1011000,1245000
2013/10/29,0,1327000,-1070750,256250
2013/10/30,0,1861000,-1683000,178000
2013/10/31,0,3037000,-6642857,-3605857
2013/11/01,0,3256000,-2887860,368140
2013/11/04,0,1548000,-1350550,197450
2013/11/05,0,195000,-2183119,-1988119
2013/11/06,0,457000,-1157758,-700758
2013/11/07,0,1134000,-3630000,-2496000
2013/11/08,0,1645000,-8158818,-6513818
2013/11/11,0,2280000,-3922000,-1642000
2013/11/12,0,2136000,-3509079,-1373079
2013/11/13,0,1433772,-5793374,-4359602
2013/11/14,0,677150,-5463083,-4785933
2013/11/15,0,424000,-4761646,-4337646
2013/11/18,0,813000,-4736154,-3923154
2013/11/19,0,940241,-4239421,-3299180
2013/11/20,0,323675,-2544651,-2220976
2013/11/21,0,699000,-2234000,-1535000
2013/11/22,0,368000,-1527350,-1159350
2013/11/25,0,624000,-2457950,-1833950
2013/11/26,0,2774000,-3544776,-770776
2013/11/27,0,1655364,-1191837,463527
2013/11/28,0,1323000,-580099,742901
2013/11/29,0,2143000,-2804647,-661647
2013/12/02,0,427364,-1206000,-778636
2013/12/03,0,772528,-2265785,-1493257
2013/12/04,0,1088000,-2479495,-1391495
2013/12/05,0,1069000,-4343797,-3274797
2013/12/06,0,1187000,-1975815,-788815
2013/12/09,0,2797100,-901690,1895410
2013/12/10,0,1448000,-1795000,-347000
2013/12/11,0,1545000,-1945400,-400400
2013/12/12,0,501950,-5928005,-5426055
2013/12/13,0,1489000,-5080587,-3591587
2013/12/16,0,1811000,-4425570,-2614570
2013/12/17,0,1926300,-2639714,-713414
2013/12/18,0,1768000,-3565559,-1797559
2013/12/19,0,1847000,-2332000,-485000
2013/12/20,0,1145616,-4454676,-3309060
2013/12/23,0,780000,-586200,193800
2013/12/24,0,203000,-1330000,-1127000
2013/12/25,0,254000,-372000,-118000
2013/12/26,0,513655,-195000,318655
2013/12/27,0,1035000,-549000,486000
2013/12/30,0,1398000,-1207457,190543
2013/12/31,0,709500,-2124637,-1415137
2014/01/02,0,430000,-849154,-419154
2014/01/03,0,456000,-1981910,-1525910
2014/01/06,0,903453,-1813486,-910033
2014/01/07,0,4200032,-4210850,-10818
2014/01/08,0,1561000,-3928000,-2367000
2014/01/09,0,888000,-3353770,-2465770
2014/01/10,0,531000,-3447984,-2916984
2014/01/13,0,532000,-1918259,-1386259
2014/01/14,0,840000,-988000,-148000
2014/01/15,0,2413000,-2731410,-318410
2014/01/16,0,84000,-1394948,-1310948
2014/01/17,0,557964,-570822,-12858
2014/01/20,0,680000,-460250,219750
2014/01/21,0,774000,-2351892,-1577892
2014/01/22,0,1291000,-2178000,-887000
2014/01/23,0,1393000,-4626900,-3233900
2014/01/24,0,1582000,-2587942,-1005942
2014/01/27,0,715000,-4552623,-3837623
2014/02/05,0,5195170,-11065718,-5870548
2014/02/06,0,4296000,-6525110,-2229110
2014/02/07,0,1691934,-3413304,-1721370
2014/02/10,0,949000,-1478023,-529023
2014/02/11,0,1161191,-1205478,-44287
2014/02/12,0,1331800,-1483570,-151770
2014/02/13,0,637426,-3293270,-2655844
2014/02/14,0,2316000,-2259304,56696
2014/02/17,0,947000,-1215000,-268000
2014/02/18,0,914000,-268500,645500
2014/02/19,0,1781300,-330300,1451000
2014/02/20,0,1518000,-578715,939285
2014/02/21,0,2028000,-993000,1035000
2014/02/24,0,472000,-441620,30380
2014/02/25,0,1247000,-1639280,-392280
2014/02/26,0,1609000,-833185,775815
2014/02/27,0,3217170,-1586418,1630752
2014/03/03,0,2192000,-1089985,1102015
2014/03/04,0,736000,-993480,-257480
2014/03/05,0,485000,-331302,153698
2014/03/06,0,1003753,-1820716,-816963
2014/03/07,0,990000,-1315153,-325153
2014/03/10,0,682000,-1255836,-573836
2014/03/11,0,497000,-1262983,-765983
2014/03/12,0,380000,-1921370,-1541370
2014/03/13,0,289000,-3027474,-2738474
2014/03/14,0,1085000,-3654946,-2569946
2014/03/17,0,668000,-2294850,-1626850
2014/03/18,0,2252000,-2275163,-23163
2014/03/19,0,286000,-1068000,-782000
2014/03/20,0,219000,-2361240,-2142240
2014/03/21,0,1159000,-2144000,-985000
2014/03/24,0,1586957,-1196000,390957
2014/03/25,0,1749000,-1883185,-134185
2014/03/26,0,2459000,-2023000,436000
2014/03/27,0,10708000,-346000,10362000
2014/03/28,0,8046850,-2590016,5456834
2014/03/31,0,5247109,-1599380,3647729
2014/04/01,0,4262000,-4302848,-40848
2014/04/02,0,3431000,-1326768,2104232
2014/04/03,0,3120000,-1300000,1820000
2014/04/07,0,2486000,-2314000,172000
2014/04/08,0,2120726,-1879250,241476
2014/04/09,0,2979000,-1087800,1891200
2014/04/10,0,2491360,-876513,1614847
2014/04/11,0,3200820,-972350,2228470
2014/04/14,0,3363000,-126000,3237000
2014/04/15,0,3785000,-763656,3021344
2014/04/16,0,1959000,-1549000,410000
2014/04/17,0,1099518,-899000,200518
2014/04/18,0,1006000,-321000,685000
2014/04/21,0,620000,-62000,558000
2014/04/22,0,978000,-535200,442800
2014/04/23,0,1551000,-859000,692000
2014/04/24,0,1763380,-1556000,207380
2014/04/25,0,2865000,-2221000,644000
2014/04/28,0,2219000,-890573,1328427
2014/04/29,0,3131000,-3732850,-601850
2014/04/30,0,1201000,-2129142,-928142
2014/05/02,0,3188000,-2404950,783050
2014/05/05,0,1334123,-747000,587123
2014/05/06,0,699000,-1791000,-1092000
2014/05/07,0,1891000,-1658350,232650
2014/05/08,0,1229000,-1178000,51000
2014/05/09,0,1978172,-1925800,52372
2014/05/12,0,2324826,-4882142,-2557316
2014/05/13,0,1364655,-1002000,362655
2014/05/14,0,4448000,-3203200,1244800
2014/05/15,0,2353000,-2563000,-210000
2014/05/16,0,2327904,-901000,1426904
2014/05/19,0,920250,-2808246,-1887996
2014/05/20,0,1685544,-788919,896625
2014/05/21,0,2880200,-997640,1882560
2014/05/22,0,2325000,-6035750,-3710750
2014/05/23,0,1452000,-3520652,-2068652
2014/05/26,0,273000,-1065300,-792300
2014/05/27,0,1517000,-854300,662700
2014/05/28,0,2429000,-5374000,-2945000
2014/05/29,0,674000,-1559608,-885608
2014/05/30,0,1617000,-3105773,-1488773
2014/06/03,0,1578000,-1979139,-401139
2014/06/04,0,44000,-973000,-929000
2014/06/05,0,956736,-2521470,-1564734
2014/06/06,0,1284000,-950000,334000
2014/06/09,0,284000,-503220,-219220
2014/06/10,0,1027377,-1121000,-93623
2014/06/11,0,725736,-2522042,-1796306
2014/06/12,0,1904736,-1435607,469129
2014/06/13,0,738737,-831000,-92263
2014/06/16,0,730500,-1265796,-535296
2014/06/17,0,829000,-1654726,-825726
2014/06/18,0,2666000,-1691700,974300
2014/06/19,0,561463,-603150,-41687
2014/06/20,0,454000,-2628287,-2174287
2014/06/23,0,871000,-515699,355301
2014/06/24,0,1450000,-4114015,-2664015
2014/06/25,0,949000,-3475116,-2526116
2014/06/26,0,1424937,-1721000,-296063
2014/06/27,0,1019860,-1443000,-423140
2014/06/30,0,1775000,-4880850,-3105850
2014/07/01,0,1301000,-1735000,-434000
2014/07/02,0,1300652,-1960743,-660091
2014/07/03,0,1075000,-2052000,-977000
2014/07/04,0,1081000,-5525650,-4444650
2014/07/07,0,1447000,-930980,516020
2014/07/08,0,1157000,-1209175,-52175
2014/07/09,0,671000,-521800,149200
2014/07/10,0,2454000,-2610500,-156500
2014/07/11,0,1446342,-1535100,-88758
2014/07/14,0,1407000,-2702673,-1295673
2014/07/15,0,4637468,-2236000,2401468
2014/07/16,0,2405000,-1894150,510850
2014/07/17,0,2528051,-1942443,585608
2014/07/18,0,2153000,-621354,1531646
2014/07/21,0,2833000,-1019791,1813209
2014/07/22,0,3685000,-373890,3311110
2014/07/23,0,0,0,0
2014/07/24,0,3102000,-3538250,-436250
2014/07/25,0,1876000,-1860195,15805
2014/07/28,0,1504000,-1892172,-388172
2014/07/29,0,2168000,-1189220,978780
2014/07/30,0,2073000,-1952000,121000
2014/07/31,0,1205000,-1894676,-689676
2014/08/01,0,757000,-1211000,-454000
2014/08/04,0,786000,-2394850,-1608850
2014/08/05,0,1406660,-3637755,-2231095
2014/08/06,0,1032000,-1089390,-57390
2014/08/07,0,384039,-1281035,-896996
2014/08/08,0,710000,-1054662,-344662
2014/08/11,0,473000,-1887935,-1414935
2014/08/12,0,540000,-1265078,-725078
2014/08/13,0,1900000,-5169405,-3269405
2014/08/14,0,1359000,-4299000,-2940000
2014/08/15,0,1614000,-3509000,-1895000
2014/08/18,0,5151000,-4392000,759000
2014/08/19,0,4533269,-6352900,-1819631
2014/08/20,0,821857,-2916000,-2094143
2014/08/21,0,971000,-2173281,-1202281
2014/08/22,0,2938404,-1565905,1372499
2014/08/25,0,766000,-1130000,-364000
2014/08/26,0,1659395,-1530250,129145
2014/08/27,0,1586000,-2084674,-498674
2014/08/28,0,1183412,-1666361,-482949
2014/08/29,0,875000,-2380803,-1505803
2014/09/01,0,896000,-1216000,-320000
2014/09/02,0,730000,-1415200,-685200
2014/09/03,0,2291654,-1127490,1164164
2014/09/04,0,829130,-1284910,-455780
2014/09/05,0,1047000,-455250,591750
2014/09/09,0,1618722,-3194930,-1576208
2014/09/10,0,890981,-1857000,-966019
2014/09/11,0,617000,-1991000,-1374000
2014/09/12,0,2268068,-6551404,-4283336
2014/09/15,0,1494000,-2629000,-1135000
2014/09/16,0,355798,-2104000,-1748202
2014/09/17,0,1450000,-4209000,-2759000
2014/09/18,0,974613,-1966840,-992227
2014/09/19,0,1644924,-2800360,-1155436
2014/09/22,0,405000,-2213000,-1808000
2014/09/23,0,1211000,-2815250,-1604250
2014/09/24,0,1492912,-2435000,-942088
2014/09/25,0,685000,-2764039,-2079039
2014/09/26,0,1271000,-213000,1058000
2014/09/29,0,1175000,-2223000,-1048000
2014/09/30,0,1755000,-2947600,-1192600
2014/10/01,0,1720520,-1899000,-178480
2014/10/02,0,1770000,-2906000,-1136000
2014/10/03,0,1662826,-2258000,-595174
2014/10/06,0,1025150,-2622886,-1597736
2014/10/07,0,728000,-1981364,-1253364
2014/10/08,0,914000,-1531230,-617230
2014/10/09,0,463471,-889000,-425529
2014/10/13,0,2449000,-639000,1810000
2014/10/14,0,1606000,-1643582,-37582
2014/10/15,0,2085000,-2707488,-622488
2014/10/16,0,2028000,-3404575,-1376575
2014/10/17,0,7070197,-10128410,-3058213
2014/10/20,0,745027,-2454000,-1708973
2014/10/21,0,761000,-4300850,-3539850
2014/10/22,0,1129790,-1665840,-536050
2014/10/23,0,839790,-1005000,-165210
2014/10/24,0,1147000,-1256873,-109873
2014/10/27,0,634000,-601000,33000
2014/10/28,0,2438000,-833000,1605000
2014/10/29,0,2109371,-1015000,1094371
2014/10/30,0,3527725,-510000,3017725
2014/10/31,0,2438378,-1393000,1045378
2014/11/03,0,1058450,-688000,370450
2014/11/04,0,2186000,-2282876,-96876
2014/11/05,0,4993000,-974000,4019000
2014/11/06,0,2741750,-669000,2072750
2014/11/07,0,2093724,-1482000,611724
2014/11/10,0,2162000,-674000,1488000
2014/11/11,0,2397000,-629850,1767150
2014/11/12,0,3503000,-1198000,2305000
2014/11/13,0,3826350,-1463850,2362500
2014/11/14,0,2325000,-1302100,1022900
2014/11/17,0,2090000,-1361293,728707
2014/11/18,0,1028364,-704450,323914
2014/11/19,0,4500195,-2077000,2423195
2014/11/20,0,1927000,-2260900,-333900
2014/11/21,0,1796000,-1256000,540000
2014/11/24,0,2389000,-1355609,1033391
2014/11/25,0,2324542,-3133120,-808578
2014/11/26,0,3890000,-5402000,-1512000
2014/11/27,0,3323000,-3480200,-157200
2014/11/28,0,2019000,-1631050,387950
2014/12/01,0,1449000,-1701114,-252114
2014/12/02,0,1120000,-1487000,-367000
2014/12/03,0,1769000,-1594000,175000
2014/12/04,0,1127000,-1107127,19873
2014/12/05,0,671000,-2006850,-1335850
2014/12/08,0,1465000,-247000,1218000
2014/12/09,0,3910040,-755100,3154940
2014/12/10,0,3105200,-3312000,-206800
2014/12/11,0,2266000,-1788737,477263
2014/12/12,0,1737364,-2332000,-594636
2014/12/15,0,1396000,-1542724,-146724
2014/12/16,0,1663671,-2050760,-387089
2014/12/17,0,2056000,-4062955,-2006955
2014/12/18,0,1545550,-2550350,-1004800
2014/12/19,0,1477500,-3235000,-1757500
2014/12/22,0,440000,-1190000,-750000
2014/12/23,0,946000,-368000,578000
2014/12/24,0,601000,-4228000,-3627000
2014/12/25,0,222000,-18000,204000
2014/12/26,0,762000,-1311000,-549000
2014/12/29,0,1518000,-356000,1162000
2014/12/30,0,909000,-278000,631000
2014/12/31,0,1640000,-525000,1115000
2015/01/01,0,0,0,0
2015/01/02,0,0,0,0
2015/01/05,0,346000,-1115000,-769000
2015/01/06,0,694000,-2273000,-1579000
2015/01/07,0,324000,-1938000,-1614000
2015/01/08,0,1330884,-581466,749418
2015/01/09,0,320000,-1654575,-1334575
2015/01/12,0,231000,-1288000,-1057000
2015/01/13,0,2596000,-1218292,1377708
2015/01/14,0,782400,-1416000,-633600
2015/01/15,0,1649000,-681000,968000
2015/01/16,0,639000,-3080838,-2441838
2015/01/19,0,1381000,-1904700,-523700
2015/01/20,0,846000,-321000,525000
2015/01/21,0,1526000,-341830,1184170
2015/01/22,0,1452130,-1125650,326480
2015/01/23,0,2160000,-346161,1813839
2015/01/26,0,729000,-673000,56000
2015/01/27,0,2213000,-1120604,1092396
2015/01/28,0,835000,-1195000,-360000
2015/01/29,0,1043000,-981000,62000
2015/01/30,0,1528000,-1206950,321050
2015/02/02,0,886000,-364000,522000
2015/02/03,0,769000,-1725546,-956546
2015/02/04,0,2807108,-1311001,1496107
2015/02/05,0,1727000,-756000,971000
2015/02/06,0,2022000,-1006000,1016000
2015/02/09,0,757000,-912000,-155000
2015/02/10,0,923000,-729000,194000
2015/02/11,0,1088720,-477067,611653
2015/02/12,0,2140000,-1175000,965000
2015/02/13,0,1032000,-546000,486000
2015/02/16,0,0,0,0
2015/02/17,0,0,0,0
2015/02/18,0,0,0,0
2015/02/19,0,0,0,0
2015/02/20,0,0,0,0
2015/02/23,0,0,0,0
2015/02/24,0,1795000,-1348989,446011
2015/02/25,0,961000,-1270281,-309281
2015/02/26,0,1415000,-1490854,-75854
2015/02/27,0,0,0,0
2015/03/02,0,1107000,-1342370,-235370
2015/03/03,0,1372401,-1455060,-82659
2015/03/04,0,2036000,-600000,1436000
2015/03/05,0,728000,-2711800,-1983800
2015/03/06,0,1766000,-1453000,313000
2015/03/09,0,284600,-1089000,-804400
2015/03/10,0,1915669,-2069231,-153562
2015/03/11,0,1214000,-2418000,-1204000
2015/03/12,0,2831000,-1854000,977000
2015/03/13,0,1711000,-1194000,517000
2015/03/16,0,323000,-1358873,-1035873
2015/03/17,0,1400000,-872676,527324
2015/03/18,0,2795000,-877373,1917627
2015/03/19,0,1246000,-375088,870912
2015/03/20,0,887000,-2329000,-1442000
2015/03/23,0,381000,-1396000,-1015000
2015/03/24,0,681790,-1302001,-620211
2015/03/25,0,335701,-991000,-655299
2015/03/26,0,1369000,-2343588,-974588
2015/03/27,0,783000,-2331723,-1548723
2015/03/30,0,1706186,-1940186,-234000
2015/03/31,0,2769000,-2330000,439000
2015/04/01,0,1940000,-1818700,121300
2015/04/02,0,1601364,-1338000,263364
2015/04/03,0,0,0,0
2015/04/06,0,0,0,0
2015/04/07,0,786000,-761000,25000
2015/04/08,0,420000,-3946000,-3526000
2015/04/09,0,2048000,-1759000,289000
2015/04/10,0,766000,-1612374,-846374
2015/04/13,0,497000,-966000,-469000
2015/04/14,0,971000,-3004000,-2033000
2015/04/15,0,1495000,-5169399,-3674399
2015/04/16,0,729000,-1655150,-926150
2015/04/17,0,1149803,-2253242,-1103439
2015/04/20,0,734042,-1408908,-674866
2015/04/21,0,464000,-803000,-339000
2015/04/22,0,1357000,-2288550,-931550
2015/04/23,0,2963000,-1489477,1473523
2015/04/24,0,4217000,-1013000,3204000
2015/04/27,0,1584000,-850850,733150
2015/04/28,0,1965000,-997334,967666
2015/04/29,0,2621000,-1368000,1253000
2015/04/30,0,2771000,-2815563,-44563
2015/05/01,0,0,0,0
2015/05/04,0,1645000,-1736877,-91877
2015/05/05,0,607000,-987000,-380000
2015/05/06,0,609000,-1839000,-1230000
2015/05/07,0,447000,-672000,-225000
2015/05/08,0,1020790,-1228000,-207210
2015/05/11,0,843000,-689000,154000
2015/05/12,0,1006000,-1002000,4000
2015/05/13,0,443000,-186000,257000
2015/05/14,0,2350000,-1750000,600000
2015/05/15,0,585000,-1073453,-488453
2015/05/18,0,665000,-1135000,-470000
2015/05/19,0,1025790,-1433000,-407210
2015/05/20,0,668000,-1288000,-620000
2015/05/21,0,728000,-2057881,-1329881
2015/05/22,0,871000,-1859000,-988000
2015/05/25,0,1244000,-654000,590000
2015/05/26,0,943000,-874300,68700
2015/05/27,0,1135000,-562790,572210
2015/05/28,0,1575000,-2107401,-532401
2015/05/29,0,2957681,-2802267,155414
2015/06/01,0,647000,-1443000,-796000
2015/06/02,0,1247094,-1928000,-680906
2015/06/03,0,509000,-1249000,-740000
2015/06/04,0,901000,-3555000,-2654000
2015/06/05,0,750000,-2382000,-1632000
2015/06/08,0,1803000,-2401482,-598482
2015/06/09,0,1354200,-1299181,55019
2015/06/10,0,1423000,-1270000,153000
2015/06/11,0,2383000,-1929000,454000
2015/06/12,0,968200,-1560692,-592492
2015/06/15,0,371000,-2452000,-2081000
2015/06/16,0,1106000,-4348690,-3242690
2015/06/17,0,1245000,-4301336,-3056336
2015/06/18,0,1462212,-3356420,-1894208
2015/06/19,0,0,0,0
2015/06/22,0,873141,-2173248,-1300107
2015/06/23,0,1011000,-1797000,-786000
2015/06/24,0,1212240,-964800,247440
2015/06/25,0,2145665,-2036000,109665
2015/06/26,0,1455000,-3247800,-1792800
2015/06/29,0,1044000,-748430,295570
2015/06/30,0,4048490,-5645206,-1596716
2015/07/01,0,664000,-2881998,-2217998
2015/07/02,0,558096,-1205000,-646904
2015/07/03,0,1187000,-1712000,-525000
2015/07/06,0,818000,-1561000,-743000
2015/07/07,0,1002000,-1040252,-38252
2015/07/08,0,1083000,-2358190,-1275190
2015/07/09,0,1605000,-2022523,-417523
2015/07/10,0,0,0,0
2015/07/13,0,427024,-2499552,-2072528
2015/07/14,0,1259000,-1697000,-438000
2015/07/15,0,913000,-1515622,-602622
2015/07/16,0,938000,-1161000,-223000
2015/07/17,0,362000,-1447524,-1085524
2015/07/20,0,1199141,-1755000,-555859
2015/07/21,0,1598000,-1561000,37000
2015/07/22,0,2523000,-1263167,1259833
2015/07/23,0,1548429,-1621000,-72571
2015/07/24,0,1133364,-893000,240364
2015/07/27,0,1189000,-2334000,-1145000
2015/07/28,0,2228087,-1977300,250787
2015/07/29,0,891000,-2526591,-1635591
2015/07/30,0,2330000,-1799300,530700
2015/07/31,0,2255838,-2172000,83838
2015/08/03,0,1451038,-2502000,-1050962
2015/08/04,0,1317000,-2032337,-715337
2015/08/05,0,1226000,-1307000,-81000
2015/08/06,0,1892000,-1256000,636000
2015/08/07,0,948000,-1108000,-160000
2015/08/10,0,1234000,-1298000,-64000
2015/08/11,0,1645724,-2763000,-1117276
2015/08/12,0,1496000,-3568000,-2072000
2015/08/13,0,784000,-4538861,-3754861
2015/08/14,0,284852,-2080000,-1795148
2015/08/17,0,428464,-1403413,-974949
2015/08/18,0,563825,-1373000,-809175
2015/08/19,0,801141,-1939000,-1137859
2015/08/20,0,940000,-2010000,-1070000
2015/08/21,0,936000,-3214754,-2278754
2015/08/24,0,2238000,-4592615,-2354615
2015/08/25,0,6497913,-3364080,3133833
2015/08/26,0,3730000,-3950920,-220920
2015/08/27,0,2598000,-3694000,-1096000
2015/08/28,0,3473000,-2178793,1294207
2015/08/31,0,2458093,-2792000,-333907
2015/09/01,0,1756000,-2876980,-1120980
2015/09/02,0,2416000,-2120661,295339
2015/09/03,0,1073000,-1499000,-426000
2015/09/04,0,642950,-1393631,-750681
2015/09/07,0,675000,-1732000,-1057000
2015/09/08,0,516000,-726000,-210000
2015/09/09,0,10625199,-5779956,4845243
2015/09/10,0,4414000,-2191000,2223000
2015/09/11,0,1189000,-2011000,-822000
2015/09/14,0,1054000,-1967000,-913000
2015/09/15,0,639000,-950000,-311000
2015/09/16,0,3294000,-2205076,1088924
2015/09/17,0,2720000,-3766000,-1046000
2015/09/18,0,1506886,-2465007,-958121
2015/09/21,0,741000,-1570388,-829388
2015/09/22,0,469000,-1618652,-1149652
2015/09/23,0,683000,-2421705,-1738705
2015/09/24,0,495000,-2835000,-2340000
2015/09/25,0,835000,-1803036,-968036
2015/09/28,0,0,0,0
2015/09/29,0,0,0,0
2015/09/30,0,3118677,-4656167,-1537490
2015/10/01,0,1117948,-2256595,-1138647
2015/10/02,0,4089000,-2167000,1922000
2015/10/05,0,1645000,-1512000,133000
2015/10/06,0,3008000,-1705632,1302368
2015/10/07,0,4280848,-3056000,1224848
2015/10/08,0,2521000,-2057000,464000
2015/10/09,0,0,0,0
2015/10/12,0,5122229,-2865000,2257229
2015/10/13,0,3311364,-1516488,1794876
2015/10/14,0,1743000,-2048000,-305000
2015/10/15,0,2705000,-1675241,1029759
2015/10/16,0,2569000,-4806000,-2237000
2015/10/19,0,3050000,-1064000,1986000
2015/10/20,0,2198000,-2039700,158300
2015/10/21,0,2003000,-1544000,459000
2015/10/22,0,1622000,-1588000,34000
2015/10/23,0,3282984,-3655717,-372733
2015/10/26,0,1346000,-1788000,-442000
2015/10/27,0,1916000,-742118,1173882
2015/10/28,0,755000,-1317780,-562780
2015/10/29,0,947000,-1358514,-411514
2015/10/30,0,1150000,-1457000,-307000
2015/11/02,0,1559000,-1069000,490000
2015/11/03,0,2372650,-1387242,985408
2015/11/04,0,3843510,-718163,3125347
2015/11/05,0,609100,-1300326,-691226
2015/11/06,0,1754190,-2843098,-1088908
2015/11/09,0,786998,-637391,149607
2015/11/10,0,1604000,-1507000,97000
2015/11/11,0,1667492,-3213000,-1545508
2015/11/12,0,1336000,-2108600,-772600
2015/11/13,0,582090,-3055000,-2472910
2015/11/16,0,601000,-2505000,-1904000
2015/11/17,0,1160000,-1422000,-262000
2015/11/18,0,399000,-2697000,-2298000
2015/11/19,0,1422000,-1577000,-155000
2015/11/20,0,391000,-1955000,-1564000
2015/11/23,0,1338000,-964000,374000
2015/11/24,0,1003000,-1059359,-56359
2015/11/25,0,503190,-1380190,-877000
2015/11/26,0,1337000,-707540,629460
2015/11/27,0,535000,-1387000,-852000
2015/11/30,0,5336512,-8172818,-2836306
2015/12/01,0,1874000,-993929,880071
2015/12/02,0,1008000,-1210000,-202000
2015/12/03,0,803000,-1503264,-700264
2015/12/04,0,258000,-2236983,-1978983
2015/12/07,0,730000,-273983,456017
2015/12/08,0,514000,-2217797,-1703797
2015/12/09,0,741000,-1416000,-675000
2015/12/10,0,1062000,-3245000,-2183000
2015/12/11,0,5589144,-3662876,1926268
2015/12/14,0,2144000,-1032516,1111484
2015/12/15,0,3578000,-3819500,-241500
2015/12/16,0,3638494,-2345508,1292986
2015/12/17,0,2913886,-942000,1971886
2015/12/18,0,2569073,-1954583,614490
2015/12/21,0,2225965,-1036900,1189065
2015/12/22,0,1107650,-905000,202650
2015/12/23,0,2643094,-146000,2497094
2015/12/24,0,1853000,-722000,1131000
2015/12/25,0,331000,-171000,160000
2015/12/28,0,1076149,-384000,692149
2015/12/29,0,277000,-548000,-271000
2015/12/30,0,463351,-929612,-466261
2015/12/31,0,584268,-440000,144268
2016/01/01,0,0,0,0
2016/01/04,0,1718806,-2909000,-1190194
2016/01/05,0,1729515,-1380000,349515
2016/01/06,0,1121193,-3100000,-1978807
2016/01/07,0,987417,-4333494,-3346077
2016/01/08,0,1457000,-2671317,-1214317
2016/01/11,0,2717094,-5555000,-2837906
2016/01/12,0,1458400,-2642000,-1183600
2016/01/13,0,851723,-1790673,-938950
2016/01/14,0,1175364,-1774000,-598636
2016/01/15,0,995000,-4595271,-3600271
2016/01/18,0,1088800,-3254000,-2165200
2016/01/19,0,926000,-1217719,-291719
2016/01/20,0,778376,-2273000,-1494624
2016/01/21,0,823000,-1755000,-932000
2016/01/22,0,832000,-1008000,-176000
2016/01/25,0,2386000,-1214532,1171468
2016/01/26,0,1649094,-1141000,508094
2016/01/27,0,2081000,-1343728,737272
2016/01/28,0,2873000,-2460485,412515
2016/01/29,0,4048983,-2954000,1094983
2016/02/01,0,3147884,-1326000,1821884
2016/02/02,0,1167035,-1814395,-647360
2016/02/03,0,692000,-2272889,-1580889
2016/02/04,0,0,0,0
2016/02/05,0,0,0,0
2016/02/08,0,0,0,0
2016/02/09,0,0,0,0
2016/02/10,0,0,0,0
2016/02/11,0,0,0,0
2016/02/12,0,0,0,0
2016/02/15,0,3715364,-2443877,1271487
2016/02/16,0,3519000,-941000,2578000
2016/02/17,0,827528,-885000,-57472
2016/02/18,0,1854000,-856190,997810
2016/02/19,0,1933312,-672605,1260707
2016/02/22,0,972000,-656883,315117
2016/02/23,0,2513743,-369127,2144616
2016/02/24,0,2166000,-859044,1306956
2016/02/25,0,5088044,-1158000,3930044
2016/02/26,0,2608982,-2200877,408105
2016/02/29,0,0,0,0
2016/03/01,0,1940120,-1526990,413130
2016/03/02,0,1850052,-1062000,788052
2016/03/03,0,3297577,-1070000,2227577
2016/03/04,0,2456000,-1525000,931000
2016/03/07,0,1967790,-597000,1370790
2016/03/08,0,2632000,-691325,1940675
2016/03/09,0,2168513,-762000,1406513
2016/03/10,0,2864000,-417000,2447000
2016/03/11,0,6303071,-854000,5449071
2016/03/14,0,1978000,-1118000,860000
2016/03/15,0,2786000,-614000,2172000
2016/03/16,0,2925000,-223000,2702000
2016/03/17,0,5110852,-909000,4201852
2016/03/18,0,5493055,-1855857,3637198
2016/03/21,0,1757000,-2379000,-622000
2016/03/22,0,4869237,-1073000,3796237
2016/03/23,0,2682144,-296000,2386144
2016/03/24,0,1951000,-322000,1629000
2016/03/25,0,1173000,-519000,654000
2016/03/28,0,7309594,-498000,6811594
2016/03/29,0,7001000,-1750600,5250400
2016/03/30,0,4890000,-2406000,2484000
2016/03/31,0,6880872,-3009249,3871623
2016/04/01,0,2495000,-1580000,915000
2016/04/04,0,0,0,0
2016/04/05,0,0,0,0
2016/04/06,0,4804723,-1865239,2939484
2016/04/07,0,2634102,-3078842,-444740
2016/04/08,0,3750000,-2212000,1538000
2016/04/11,0,5595000,-3231890,2363110
2016/04/12,0,4502000,-3205358,1296642
2016/04/13,0,2902000,-1434000,1468000
2016/04/14,0,8296000,-623752,7672248
2016/04/15,0,4808899,-863000,3945899
2016/04/18,0,5151000,-506000,4645000
2016/04/19,0,5732000,-1131000,4601000
2016/04/20,0,6572873,-3557000,3015873
2016/04/21,0,9314000,-1433000,7881000
2016/04/22,0,5606926,-2064000,3542926
2016/04/25,0,2494000,-1116000,1378000
2016/04/26,0,3269040,-1759000,1510040
2016/04/27,0,3571000,-1639000,1932000
2016/04/28,0,4192301,-2222000,1970301
2016/04/29,0,3724000,-1474162,2249838
2016/05/02,0,0,0,0
2016/05/03,0,3360000,-2812745,547255
2016/05/04,0,5460000,-3002679,2457321
2016/05/05,0,1802000,-3316977,-1514977
2016/05/06,0,1812912,-2483000,-670088
2016/05/09,0,2009000,-2961000,-952000
2016/05/10,0,1307926,-2443000,-1135074
2016/05/11,0,659000,-2969000,-2310000
2016/05/12,0,4216200,-8393000,-4176800
2016/05/13,0,10478000,-4591000,5887000
2016/05/16,0,3208000,-5632800,-2424800
2016/05/17,0,8345000,-6130890,2214110
2016/05/18,0,10043880,-4815880,5228000
2016/05/19,0,3477000,-5166000,-1689000
2016/05/20,0,7041334,-4471156,2570178
2016/05/23,0,3756924,-2663173,1093751
2016/05/24,0,11661790,-2985000,8676790
2016/05/25,0,5603926,-3453000,2150926
2016/05/26,0,1787000,-3611000,-1824000
2016/05/27,0,7197000,-3990030,3206970
2016/05/30,0,3996041,-2983000,1013041
2016/05/31,0,18823133,-19242000,-418867
2016/06/01,0,7159734,-2437000,4722734
2016/06/02,0,3748088,-2112000,1636088
2016/06/03,0,2269000,-3877000,-1608000
2016/06/06,0,3020000,-6934354,-3914354
2016/06/07,0,7642687,-3721000,3921687
2016/06/08,0,4923000,-2200000,2723000
2016/06/09,0,0,0,0
2016/06/10,0,0,0,0
2016/06/13,0,6571236,-4539430,2031806
2016/06/14,0,4078896,-4543000,-464104
2016/06/15,0,4294807,-4622000,-327193
2016/06/16,0,2841000,-4451000,-1610000
2016/06/17,0,2661000,-4571389,-1910389
2016/06/20,0,2288000,-1372000,916000
2016/06/21,0,3917066,-1963000,1954066
2016/06/22,0,9062576,-2989561,6073015
2016/06/23,0,1813998,-2259000,-445002
2016/06/24,0,1478583,-3778865,-2300282
2016/06/27,0,322000,-2504000,-2182000
2016/06/28,0,4298000,-5611417,-1313417
2016/06/29,0,1670000,-2994000,-1324000
2016/06/30,0,6049000,-3772209,2276791
2016/07/01,0,3815000,-2643970,1171030
2016/07/04,0,1173000,-2967000,-1794000
2016/07/05,0,1539000,-2488000,-949000
2016/07/06,0,1397000,-5188000,-3791000
2016/07/07,0,1093000,-1149470,-56470
2016/07/08,0,0,0,0
2016/07/11,0,2643022,-2107000,536022
2016/07/12,0,5994649,-5146757,847892
2016/07/13,0,2975000,-2659112,315888
2016/07/14,0,2676088,-4497000,-1820912
2016/07/15,0,5056998,-3623000,1433998
2016/07/18,0,3793000,-2246000,1547000
2016/07/19,0,3999500,-2504909,1494591
2016/07/20,0,4239229,-1854000,2385229
2016/07/21,0,4267794,-2716983,1550811
2016/07/22,0,1930000,-1178035,751965
2016/07/25,0,1886000,-1874000,12000
2016/07/26,0,3287000,-1346751,1940249
2016/07/27,0,2374581,-1800544,574037
2016/07/28,0,2815581,-1917810,897771
2016/07/29,0,2862947,-2295000,567947
2016/08/01,0,3173440,-1026000,2147440
2016/08/02,0,5066150,-3674000,1392150
2016/08/03,0,3301151,-2103522,1197629
2016/08/04,0,4981000,-2782286,2198714
2016/08/05,0,6398000,-2159000,4239000
2016/08/08,0,7347452,-1181459,6165993
2016/08/09,0,5392000,-897000,4495000
2016/08/10,0,5278374,-450000,4828374
2016/08/11,0,5110350,-7023000,-1912650
2016/08/12,0,4110000,-2427000,1683000
2016/08/15,0,2279000,-2296123,-17123
2016/08/16,0,3040000,-2676000,364000
2016/08/17,0,4397391,-5132000,-734609
2016/08/18,0,3011000,-1568000,1443000
2016/08/19,0,3569014,-2146762,1422252
2016/08/22,0,1563900,-1386036,177864
2016/08/23,0,1299200,-1159000,140200
2016/08/24,0,613900,-855000,-241100
2016/08/25,0,1633100,-707000,926100
2016/08/26,0,1699241,-689952,1009289
2016/08/29,0,1559900,-926000,633900
2016/08/30,0,1011233,-805000,206233
2016/08/31,0,2967430,-4565392,-1597962
2016/09/01,0,1227133,-4345950,-3118817
2016/09/02,0,1638232,-1516412,121820
2016/09/05,0,2030000,-1126000,904000
2016/09/06,0,2714331,-1386986,1327345
2016/09/07,0,1781900,-818000,963900
2016/09/08,0,4460446,-3307000,1153446
2016/09/09,0,776000,-2103000,-1327000
2016/09/12,0,1193495,-4976248,-3782753
2016/09/13,0,2317000,-3855000,-1538000
2016/09/14,0,1213893,-3174595,-1960702
2016/09/15,0,0,0,0
2016/09/16,0,0,0,0
2016/09/19,0,4229377,-2687810,1541567
2016/09/20,0,1064251,-2070594,-1006343
2016/09/21,0,1966000,-1741013,224987
2016/09/22,0,1024665,-1163000,-138335
2016/09/23,0,2712000,-1633918,1078082
2016/09/26,0,950000,-1680000,-730000
2016/09/27,0,0,0,0
2016/09/28,0,0,0,0
2016/09/29,0,3680332,-3386419,293913
2016/09/30,0,2975332,-5377565,-2402233
2016/10/03,0,2325649,-2937000,-611351
2016/10/04,0,2115436,-2720404,-604968
2016/10/05,0,928000,-976000,-48000
2016/10/06,0,718970,-1105000,-386030
2016/10/07,0,1426997,-949000,477997
2016/10/10,0,0,0,0
2016/10/11,0,4177000,-4162059,14941
2016/10/12,0,1497902,-3241732,-1743830
2016/10/13,0,2999500,-4816300,-1816800
2016/10/14,0,1113000,-3842016,-2729016
2016/10/17,0,360000,-3733714,-3373714
2016/10/18,0,2182228,-5022390,-2840162
2016/10/19,0,2465364,-2800000,-334636
2016/10/20,0,1873550,-2200772,-327222
2016/10/21,0,1266000,-3669333,-2403333
2016/10/24,0,705000,-1323405,-618405
2016/10/25,0,741818,-2365714,-1623896
2016/10/26,0,1014021,-2602723,-1588702
2016/10/27,0,1287242,-4424000,-3136758
2016/10/28,0,2165000,-2596000,-431000
2016/10/31,0,1798814,-3144000,-1345186
2016/11/01,0,1565000,-1995000,-430000
2016/11/02,0,1021699,-1323393,-301694
2016/11/03,0,1484000,-1831793,-347793
2016/11/04,0,1143000,-1237000,-94000
2016/11/07,0,1596000,-1312327,283673
2016/11/08,0,1850029,-1081000,769029
2016/11/09,0,2637000,-3365000,-728000
2016/11/10,0,2168000,-1398000,770000
2016/11/11,0,1694000,-10924959,-9230959
2016/11/14,0,1626499,-5361329,-3734830
2016/11/15,0,1318000,-5365090,-4047090
2016/11/16,0,4740000,-6814397,-2074397
2016/11/17,0,1455000,-7430000,-5975000
2016/11/18,0,1403251,-4440636,-3037385
2016/11/21,0,232000,-4178592,-3946592
2016/11/22,0,1689000,-2301853,-612853
2016/11/23,0,524068,-1884815,-1360747
2016/11/24,0,577000,-1276000,-699000
2016/11/25,0,253000,-787025,-534025
2016/11/28,0,1440000,-838987,601013
2016/11/29,0,1882000,-4522532,-2640532
2016/11/30,0,4323345,-7900042,-3576697
2016/12/01,0,2419797,-3124936,-705139
2016/12/02,0,3556000,-2595161,960839
2016/12/05,0,1375000,-2640844,-1265844
2016/12/06,0,2347555,-2328195,19360
2016/12/07,0,871000,-2131000,-1260000
2016/12/08,0,3065000,-3120217,-55217
2016/12/09,0,1766048,-3761326,-1995278
2016/12/12,0,2050009,-4491358,-2441349
2016/12/13,0,2313960,-4073523,-1759563
2016/12/14,0,800200,-4246742,-3446542
2016/12/15,0,1848000,-2650000,-802000
2016/12/16,0,2409059,-5747291,-3338232
2016/12/19,0,1878448,-2546577,-668129
2016/12/20,0,1474160,-3389000,-1914840
2016/12/21,0,1465646,-3012844,-1547198
2016/12/22,0,768620,-1545000,-776380
2016/12/23,0,550532,-1917000,-1366468
2016/12/26,0,395000,-499000,-104000
2016/12/27,0,212000,-596000,-384000
2016/12/28,0,903059,-719000,184059
2016/12/29,0,1635805,-1269739,366066
2016/12/30,0,1484500,-1267140,217360
2017/01/02,0,0,0,0
2017/01/03,0,932000,-1005000,-73000
2017/01/04,0,929000,-981879,-52879
2017/01/05,0,1616281,-2091164,-474883
2017/01/06,0,3288000,-4726406,-1438406
2017/01/09,0,3341492,-2505808,835684
2017/01/10,0,1416000,-3205807,-1789807
2017/01/11,0,4199915,-1059530,3140385
2017/01/12,0,3829040,-2892529,936511
2017/01/13,0,1403397,-1675775,-272378
2017/01/16,0,1446000,-2387775,-941775
2017/01/17,0,2030575,-2035000,-4425
2017/01/18,0,1144313,-3875959,-2731646
2017/01/19,0,1444000,-2337296,-893296
2017/01/20,0,1748058,-4592606,-2844548
2017/01/23,0,2386000,-3933952,-1547952
2017/01/24,0,4369906,-5577109,-1207203
2017/01/25,0,0,0,0
2017/01/26,0,0,0,0
2017/01/27,0,0,0,0
2017/01/30,0,0,0,0
2017/01/31,0,0,0,0
2017/02/01,0,0,0,0
2017/02/02,0,4632601,-6972046,-2339445
2017/02/03,0,1576000,-2974359,-1398359
2017/02/06,0,999494,-1616366,-616872
2017/02/07,0,3185166,-2584392,600774
2017/02/08,0,1375084,-5333302,-3958218
2017/02/09,0,1570851,-1240000,330851
2017/02/10,0,3480144,-734230,2745914
2017/02/13,0,1822398,-2256111,-433713
2017/02/14,0,6311000,-1839743,4471257
2017/02/15,0,6199800,-2809948,3389852
2017/02/16,0,3827000,-4420000,-593000
2017/02/17,0,1928000,-2216286,-288286
2017/02/20,0,1610000,-1434000,176000
2017/02/21,0,1365000,-1342000,23000
2017/02/22,0,1271091,-1770000,-498909
2017/02/23,0,1861000,-1649000,212000
2017/02/24,0,2695000,-3664634,-969634
2017/02/27,0,0,0,0
2017/02/28,0,0,0,0
2017/03/01,0,2962825,-4702039,-1739214
2017/03/02,0,4104000,-2306922,1797078
2017/03/03,0,1022315,-1533558,-511243
2017/03/06,0,720620,-1294524,-573904
2017/03/07,0,254640,-368436,-113796
2017/03/08,0,732000,-1302631,-570631
2017/03/09,0,1650000,-3000747,-1350747
2017/03/10,0,3054384,-1095000,1959384
2017/03/13,0,1161262,-823850,337412
2017/03/14,0,1740563,-1710538,30025
2017/03/15,0,2359000,-937631,1421369
2017/03/16,0,1869000,-747449,1121551
2017/03/17,0,4369886,-3391747,978139
2017/03/20,0,1214000,-668000,546000
2017/03/21,0,4082466,-6108000,-2025534
2017/03/22,0,1468000,-1669911,-201911
2017/03/23,0,1520494,-1440331,80163
2017/03/24,0,1233803,-1139165,94638
2017/03/27,0,1321000,-1298000,23000
2017/03/28,0,2276000,-1953000,323000
2017/03/29,0,977087,-1577000,-599913
2017/03/30,0,1929000,-2608700,-679700
2017/03/31,0,1094000,-2892000,-1798000
2017/04/03,0,0,0,0
2017/04/04,0,0,0,0
2017/04/05,0,2336083,-2282150,53933
2017/04/06,0,573000,-2606000,-2033000
2017/04/07,0,1776728,-5051236,-3274508
2017/04/10,0,2788000,-3134578,-346578
2017/04/11,0,2858640,-3764300,-905660
2017/04/12,0,2392008,-1898000,494008
2017/04/13,0,1430046,-1065000,365046
2017/04/14,0,451000,-386000,65000
2017/04/17,0,584000,-393000,191000
2017/04/18,0,460000,-1481495,-1021495
2017/04/19,0,1381631,-2900970,-1519339
2017/04/20,0,2614662,-4669000,-2054338
2017/04/21,0,493000,-1476316,-983316
2017/04/24,0,1732000,-1615000,117000
2017/04/25,0,2853860,-1697000,1156860
2017/04/26,0,1860107,-2142000,-281893
2017/04/27,0,659248,-981000,-321752
2017/04/28,0,1482443,-2077000,-594557
2017/05/01,0,0,0,0
2017/05/02,0,4781545,-4726732,54813
2017/05/03,0,630000,-1446000,-816000
2017/05/04,0,540000,-1283900,-743900
2017/05/05,0,1074786,-2107000,-1032214
2017/05/08,0,1017330,-1123400,-106070
2017/05/09,0,1157177,-964500,192677
2017/05/10,0,1163446,-1506000,-342554
2017/05/11,0,3422102,-3597000,-174898
2017/05/12,0,378316,-2440000,-2061684
2017/05/15,0,1722291,-3682516,-1960225
2017/05/16,0,2462000,-4102223,-1640223
2017/05/17,0,1747297,-2732187,-984890
2017/05/18,0,1863126,-3464000,-1600874
2017/05/19,0,1394221,-2153718,-759497
2017/05/22,0,1115523,-4356500,-3240977
2017/05/23,0,2864124,-4847054,-1982930
2017/05/24,0,3635305,-5484000,-1848695
2017/05/25,0,1295000,-2768151,-1473151
2017/05/26,0,0,0,0
2017/05/29,0,0,0,0
2017/05/30,0,0,0,0
2017/05/31,0,4603000,-7403094,-2800094
2017/06/01,0,793448,-1707000,-913552
2017/06/02,0,1990000,-1536629,453371
2017/06/05,0,1272000,-920000,352000
2017/06/06,0,2406879,-1804000,602879
2017/06/07,0,2284650,-2601000,-316350
2017/06/08,0,1376256,-2121000,-744744
2017/06/09,0,1442000,-1278000,164000
2017/06/12,0,517452,-3820089,-3302637
2017/06/13,0,736000,-2739000,-2003000
2017/06/14,0,550000,-2243611,-1693611
2017/06/15,0,414000,-2365000,-1951000
2017/06/16,0,1232000,-2223026,-991026
2017/06/19,0,299398,-826000,-526602
2017/06/20,0,761118,-1755000,-993882
2017/06/21,0,2354000,-2566000,-212000
2017/06/22,0,1225000,-860000,365000
2017/06/23,0,1792000,-1959500,-167500
2017/06/26,0,3693000,-205500,3487500
2017/06/27,0,795000,-1591000,-796000
2017/06/28,0,1201126,-494864,706262
2017/06/29,0,1134999,-653000,481999
2017/06/30,0,945000,-1835458,-890458
2017/07/03,0,1391420,-485000,906420
2017/07/04,0,1117000,-1649000,-532000
2017/07/05,0,1138000,-3170000,-2032000
2017/07/06,0,1101000,-2688000,-1587000
2017/07/07,0,857200,-535902,321298
2017/07/10,0,1349972,-1049826,300146
2017/07/11,0,4923517,-3791000,1132517
2017/07/12,0,2115800,-1870702,245098
2017/07/13,0,2175628,-3061983,-886355
2017/07/14,0,1181363,-1241000,-59637
2017/07/17,0,1802000,-1668000,134000
2017/07/18,0,671000,-800000,-129000
2017/07/19,0,611145,-987000,-375855
2017/07/20,0,590029,-1877000,-1286971
2017/07/21,0,500260,-1031000,-530740
2017/07/24,0,1602983,-723568,879415
2017/07/25,0,804000,-2488058,-1684058
2017/07/26,0,693036,-1765157,-1072121
2017/07/27,0,2334000,-1371000,963000
2017/07/28,0,181000,-818999,-637999
2017/07/31,0,2420000,-3061290,-641290
2017/08/01,0,1509000,-1214000,295000
2017/08/02,0,596000,-1165000,-569000
2017/08/03,0,1206000,-2446185,-1240185
2017/08/04,0,1247000,-1676000,-429000
2017/08/07,0,2727411,-2093494,633917
2017/08/08,0,2210000,-1619000,591000
2017/08/09,0,1154097,-1335385,-181288
2017/08/10,0,1699796,-1335000,364796
2017/08/11,0,837000,-5145000,-4308000
2017/08/14,0,991000,-1486000,-495000
2017/08/15,0,693000,-1850034,-1157034
2017/08/16,0,977000,-2594000,-1617000
2017/08/17,0,300225,-2135000,-1834775
2017/08/18,0,530000,-1796000,-1266000
