Date,Open,Buy,Sell,Total
2007/01/02,0,200000,-1500,198500
2007/01/03,0,150000,-1042000,-892000
2007/01/04,0,0,-1150000,-1150000
2007/01/05,0,1537000,-1336000,201000
2007/01/08,0,100000,-625000,-525000
2007/01/09,0,750000,0,750000
2007/01/10,0,0,0,0
2007/01/11,0,3000,-1190000,-1187000
2007/01/12,0,2000,0,2000
2007/01/15,0,0,-70000,-70000
2007/01/16,0,151000,-100000,51000
2007/01/17,0,1000,0,1000
2007/01/18,0,177000,0,177000
2007/01/19,0,0,-3000,-3000
2007/01/22,0,172000,0,172000
2007/01/23,0,2398000,0,2398000
2007/01/24,0,8000,0,8000
2007/01/25,0,8000,0,8000
2007/01/26,0,0,-1100000,-1100000
2007/01/29,0,100000,-600000,-500000
2007/01/30,0,28000,-91000,-63000
2007/01/31,0,0,0,0
2007/02/01,0,0,-52000,-52000
2007/02/02,0,40000,-195000,-155000
2007/02/05,0,16000,-845000,-829000
2007/02/06,0,24000,-1612000,-1588000
2007/02/07,0,300000,-264100,35900
2007/02/08,0,1000,0,1000
2007/02/09,0,0,0,0
2007/02/12,0,1000,0,1000
2007/02/13,0,100000,0,100000
2007/02/14,0,0,-160000,-160000
2007/02/15,0,0,0,0
2007/02/16,0,0,0,0
2007/02/19,0,0,0,0
2007/02/20,0,0,0,0
2007/02/21,0,0,0,0
2007/02/22,0,0,0,0
2007/02/23,0,0,0,0
2007/02/26,0,49000,-65000,-16000
2007/02/27,0,629000,-1022000,-393000
2007/02/28,0,0,0,0
2007/03/01,0,0,-1515000,-1515000
2007/03/02,0,622000,-250000,372000
2007/03/05,0,0,-3000,-3000
2007/03/06,0,0,0,0
2007/03/07,0,0,-250000,-250000
2007/03/08,0,0,0,0
2007/03/09,0,150000,0,150000
2007/03/12,0,275000,0,275000
2007/03/13,0,0,-428000,-428000
2007/03/14,0,300000,-1374000,-1074000
2007/03/15,0,0,0,0
2007/03/16,0,0,-325000,-325000
2007/03/19,0,0,-156000,-156000
2007/03/20,0,0,-5000,-5000
2007/03/21,0,0,0,0
2007/03/22,0,540000,-440000,100000
2007/03/23,0,0,0,0
2007/03/26,0,663000,-360000,303000
2007/03/27,0,0,0,0
2007/03/28,0,100000,-75000,25000
2007/03/29,0,80000,0,80000
2007/03/30,0,86000,-101000,-15000
2007/04/02,0,200000,0,200000
2007/04/03,0,175000,0,175000
2007/04/04,0,0,0,0
2007/04/05,0,0,0,0
2007/04/06,0,0,0,0
2007/04/09,0,227000,-1000,226000
2007/04/10,0,685000,0,685000
2007/04/11,0,282000,0,282000
2007/04/12,0,288000,-3000,285000
2007/04/13,0,125000,-1000,124000
2007/04/16,0,0,0,0
2007/04/17,0,0,0,0
2007/04/18,0,5000,0,5000
2007/04/19,0,1820000,-207000,1613000
2007/04/20,0,3247000,-294000,2953000
2007/04/23,0,2702000,0,2702000
2007/04/24,0,1007000,-100000,907000
2007/04/25,0,108000,0,108000
2007/04/26,0,189000,-700000,-511000
2007/04/27,0,1500000,-600000,900000
2007/04/30,0,430000,-90000,340000
2007/05/01,0,0,0,0
2007/05/02,0,100000,0,100000
2007/05/03,0,795000,-377000,418000
2007/05/04,0,976000,-834000,142000
2007/05/07,0,868000,-777000,91000
2007/05/08,0,1077000,-36000,1041000
2007/05/09,0,1000000,0,1000000
2007/05/10,0,1030000,-319000,711000
2007/05/11,0,1145000,0,1145000
2007/05/14,0,744000,-50000,694000
2007/05/15,0,809000,-91000,718000
2007/05/16,0,1500000,-1000,1499000
2007/05/17,0,0,-1000,-1000
2007/05/18,0,100000,-1000000,-900000
2007/05/21,0,251000,-165000,86000
2007/05/22,0,1000,-40000,-39000
2007/05/23,0,0,-1351000,-1351000
2007/05/24,0,300000,-300000,0
2007/05/25,0,500000,0,500000
2007/05/28,0,1321000,-688000,633000
2007/05/29,0,1992000,-410000,1582000
2007/05/30,0,3176000,-430000,2746000
2007/05/31,0,2260000,-40000,2220000
2007/06/01,0,1460000,0,1460000
2007/06/04,0,102000,0,102000
2007/06/05,0,1850000,-400000,1450000
2007/06/06,0,0,-200000,-200000
2007/06/07,0,300000,-850000,-550000
2007/06/08,0,120000,0,120000
2007/06/11,0,161000,0,161000
2007/06/12,0,2319000,0,2319000
2007/06/13,0,0,0,0
2007/06/14,0,0,-1000,-1000
2007/06/15,0,794000,-1000,793000
2007/06/18,0,0,0,0
2007/06/19,0,0,0,0
2007/06/20,0,2050000,-140000,1910000
2007/06/21,0,0,0,0
2007/06/22,0,1330000,-100000,1230000
2007/06/25,0,8000,0,8000
2007/06/26,0,0,0,0
2007/06/27,0,664000,0,664000
2007/06/28,0,450000,0,450000
2007/06/29,0,840000,0,840000
2007/07/02,0,2304000,-300000,2004000
2007/07/03,0,1100000,0,1100000
2007/07/04,0,1059000,0,1059000
2007/07/05,0,411000,-12000,399000
2007/07/06,0,353000,-700000,-347000
2007/07/09,0,192000,-1171000,-979000
2007/07/10,0,1003000,-450000,553000
2007/07/11,0,540000,-618000,-78000
2007/07/12,0,500000,0,500000
2007/07/13,0,530000,0,530000
2007/07/16,0,200000,-150000,50000
2007/07/17,0,489000,-2000,487000
2007/07/18,0,1127000,-20000,1107000
2007/07/19,0,262000,-600000,-338000
2007/07/20,0,1150000,-413334,736666
2007/07/23,0,701000,0,701000
2007/07/24,0,2465000,-600000,1865000
2007/07/25,0,2126000,0,2126000
2007/07/26,0,3111000,-460000,2651000
2007/07/27,0,4845000,-954000,3891000
2007/07/30,0,1689000,-511000,1178000
2007/07/31,0,1450000,-1000,1449000
2007/08/01,0,1200000,-218000,982000
2007/08/02,0,852000,-1047000,-195000
2007/08/03,0,625000,0,625000
2007/08/06,0,765000,0,765000
2007/08/07,0,3673000,-160000,3513000
2007/08/08,0,7135000,-110000,7025000
2007/08/09,0,8912000,-482000,8430000
2007/08/10,0,3775000,-382000,3393000
2007/08/13,0,1230000,-1284000,-54000
2007/08/14,0,984000,-227000,757000
2007/08/15,0,1001000,-50000,951000
2007/08/16,0,3563000,-156000,3407000
2007/08/17,0,2440000,-1000,2439000
2007/08/20,0,2670000,-160000,2510000
2007/08/21,0,4636000,-300000,4336000
2007/08/22,0,1072000,-1429000,-357000
2007/08/23,0,964000,-301000,663000
2007/08/24,0,254000,-1000,253000
2007/08/27,0,632000,-4430000,-3798000
2007/08/28,0,601000,-3579000,-2978000
2007/08/29,0,1836000,-6660000,-4824000
2007/08/30,0,3404000,-1766000,1638000
2007/08/31,0,817000,-556000,261000
2007/09/03,0,3398000,-410000,2988000
2007/09/04,0,4274000,-1001000,3273000
2007/09/05,0,130000,-315000,-185000
2007/09/06,0,1024000,-200000,824000
2007/09/07,0,2181000,-355000,1826000
2007/09/10,0,2000,-753000,-751000
2007/09/11,0,624000,0,624000
2007/09/12,0,463000,0,463000
2007/09/13,0,0,0,0
2007/09/14,0,1120000,0,1120000
2007/09/17,0,6820000,-300000,6520000
2007/09/18,0,0,0,0
2007/09/19,0,3442000,-550000,2892000
2007/09/20,0,1698000,-501000,1197000
2007/09/21,0,1000000,-464000,536000
2007/09/24,0,0,0,0
2007/09/25,0,0,0,0
2007/09/26,0,300000,-200000,100000
2007/09/27,0,2118000,-200000,1918000
2007/09/28,0,580000,-200000,380000
2007/10/01,0,1056000,-290000,766000
2007/10/02,0,995000,-120000,875000
2007/10/03,0,300000,-20000,280000
2007/10/04,0,878000,-5346000,-4468000
2007/10/05,0,541000,-1200000,-659000
2007/10/08,0,140000,-519240,-379240
2007/10/09,0,0,-34000,-34000
2007/10/10,0,0,0,0
2007/10/11,0,456000,-1435140,-979140
2007/10/12,0,812000,-305000,507000
2007/10/15,0,251000,-2000,249000
2007/10/16,0,630000,-136000,494000
2007/10/17,0,50000,-1315000,-1265000
2007/10/18,0,45000,-4299300,-4254300
2007/10/19,0,930000,-1783000,-853000
2007/10/22,0,1000,-1940000,-1939000
2007/10/23,0,1344000,-1790540,-446540
2007/10/24,0,300000,-743000,-443000
2007/10/25,0,330000,-1000,329000
2007/10/26,0,0,-370000,-370000
2007/10/29,0,833000,0,833000
2007/10/30,0,2045000,-843000,1202000
2007/10/31,0,1582000,-5836000,-4254000
2007/11/01,0,2073000,-7119140,-5046140
2007/11/02,0,1597000,-1061000,536000
2007/11/05,0,999000,-80000,919000
2007/11/06,0,200000,-505000,-305000
2007/11/07,0,910000,-753000,157000
2007/11/08,0,1070000,-739000,331000
2007/11/09,0,1794000,-10000,1784000
2007/11/12,0,2293000,-710000,1583000
2007/11/13,0,1759000,-469000,1290000
2007/11/14,0,700000,-241600,458400
2007/11/15,0,94000,-31000,63000
2007/11/16,0,24000,-1427000,-1403000
2007/11/19,0,205000,-769000,-564000
2007/11/20,0,441000,-1321000,-880000
2007/11/21,0,500000,-768585,-268585
2007/11/22,0,101000,-1641500,-1540500
2007/11/23,0,4000,-4804000,-4800000
2007/11/26,0,3000,-217000,-214000
2007/11/27,0,81000,-4031000,-3950000
2007/11/28,0,900000,-12200,887800
2007/11/29,0,1000,0,1000
2007/11/30,0,1760000,0,1760000
2007/12/03,0,238000,0,238000
2007/12/04,0,1027000,-65000,962000
2007/12/05,0,239000,0,239000
2007/12/06,0,500000,0,500000
2007/12/07,0,17000,-680,16320
2007/12/10,0,630000,0,630000
2007/12/11,0,300000,-186000,114000
2007/12/12,0,733000,0,733000
2007/12/13,0,102000,-1417000,-1315000
2007/12/14,0,4000,-3099000,-3095000
2007/12/17,0,0,-490000,-490000
2007/12/18,0,1442000,-999000,443000
2007/12/19,0,3725000,0,3725000
2007/12/20,0,0,0,0
2007/12/21,0,1000,-78000,-77000
2007/12/24,0,2492000,-931000,1561000
2007/12/25,0,649000,-1222000,-573000
2007/12/26,0,522000,-1740000,-1218000
2007/12/27,0,1457000,0,1457000
2007/12/28,0,570000,-101000,469000
2007/12/31,0,618000,-587000,31000
2008/01/01,0,0,0,0
2008/01/02,0,348000,0,348000
2008/01/03,0,121000,-900000,-779000
2008/01/04,0,300000,-1000,299000
2008/01/07,0,171000,0,171000
2008/01/08,0,61000,-62000,-1000
2008/01/09,0,1760000,0,1760000
2008/01/10,0,1092000,-265000,827000
2008/01/11,0,106000,-2318500,-2212500
2008/01/14,0,410000,-1348160,-938160
2008/01/15,0,2568000,-200000,2368000
2008/01/16,0,961000,-45000,916000
2008/01/17,0,310000,-496000,-186000
2008/01/18,0,601000,0,601000
2008/01/21,0,23000,-680000,-657000
2008/01/22,0,0,-1309000,-1309000
2008/01/23,0,681000,-405000,276000
2008/01/24,0,579000,-1678000,-1099000
2008/01/25,0,822000,-1469360,-647360
2008/01/28,0,1000,-1348000,-1347000
2008/01/29,0,837000,-1968000,-1131000
2008/01/30,0,600000,-2547000,-1947000
2008/01/31,0,130000,-1023000,-893000
2008/02/01,0,667000,-50000,617000
2008/02/04,0,0,0,0
2008/02/05,0,0,0,0
2008/02/06,0,0,0,0
2008/02/07,0,0,0,0
2008/02/08,0,0,0,0
2008/02/11,0,0,0,0
2008/02/12,0,0,-2149000,-2149000
2008/02/13,0,101000,0,101000
2008/02/14,0,745000,0,745000
2008/02/15,0,282000,-1545000,-1263000
2008/02/18,0,20000,-2487000,-2467000
2008/02/19,0,725000,-2112610,-1387610
2008/02/20,0,839000,-557000,282000
2008/02/21,0,780000,-793000,-13000
2008/02/22,0,200000,-210000,-10000
2008/02/25,0,126000,0,126000
2008/02/26,0,10000,-33000,-23000
2008/02/27,0,50000,-300000,-250000
2008/02/28,0,0,0,0
2008/02/29,0,100000,0,100000
2008/03/03,0,74000,-957000,-883000
2008/03/04,0,629000,-781000,-152000
2008/03/05,0,288000,-728600,-440600
2008/03/06,0,300000,-1425130,-1125130
2008/03/07,0,14000,-714000,-700000
2008/03/10,0,226000,-628000,-402000
2008/03/11,0,302000,0,302000
2008/03/12,0,1346000,0,1346000
2008/03/13,0,436000,-45000,391000
2008/03/14,0,251000,0,251000
2008/03/17,0,302000,0,302000
2008/03/18,0,401000,-723000,-322000
2008/03/19,0,302000,-104000,198000
2008/03/20,0,757000,-704000,53000
2008/03/21,0,3450000,-50000,3400000
2008/03/24,0,1284000,-244000,1040000
2008/03/25,0,973000,-366000,607000
2008/03/26,0,202000,-1220000,-1018000
2008/03/27,0,152000,-50000,102000
2008/03/28,0,3000,-100000,-97000
2008/03/31,0,2000,-100000,-98000
2008/04/01,0,381000,-526000,-145000
2008/04/02,0,381000,-1042000,-661000
2008/04/03,0,20000,-1387000,-1367000
2008/04/04,0,0,0,0
2008/04/07,0,701000,-61000,640000
2008/04/08,0,0,0,0
2008/04/09,0,309000,-40000,269000
2008/04/10,0,1041000,-599000,442000
2008/04/11,0,160000,-329000,-169000
2008/04/14,0,0,-4639000,-4639000
2008/04/15,0,0,-2945000,-2945000
2008/04/16,0,0,-2120000,-2120000
2008/04/17,0,0,-2056000,-2056000
2008/04/18,0,0,-474000,-474000
2008/04/21,0,0,-1285000,-1285000
2008/04/22,0,1000,-200000,-199000
2008/04/23,0,0,-150000,-150000
2008/04/24,0,0,-2195000,-2195000
2008/04/25,0,1000,-2365000,-2364000
2008/04/28,0,4000,-3700000,-3696000
2008/04/29,0,0,-3225000,-3225000
2008/04/30,0,321000,-350000,-29000
2008/05/01,0,0,0,0
2008/05/02,0,259000,-150000,109000
2008/05/05,0,994000,0,994000
2008/05/06,0,1001000,-120000,881000
2008/05/07,0,1500000,-2232000,-732000
2008/05/08,0,1260000,-677000,583000
2008/05/09,0,58000,-992000,-934000
2008/05/12,0,317000,0,317000
2008/05/13,0,296000,-10000,286000
2008/05/14,0,2000,0,2000
2008/05/15,0,828000,-631000,197000
2008/05/16,0,1310000,-348000,962000
2008/05/19,0,3000,-326000,-323000
2008/05/20,0,31000,-1235000,-1204000
2008/05/21,0,455000,-4719000,-4264000
2008/05/22,0,121000,-1134780,-1013780
2008/05/23,0,0,-950000,-950000
2008/05/26,0,98000,-710000,-612000
2008/05/27,0,117000,-352000,-235000
2008/05/28,0,1000,0,1000
2008/05/29,0,1000,-300000,-299000
2008/05/30,0,120000,-576000,-456000
2008/06/02,0,350000,-560000,-210000
2008/06/03,0,7000,-350000,-343000
2008/06/04,0,0,-994000,-994000
2008/06/05,0,1000,-2544000,-2543000
2008/06/06,0,0,0,0
2008/06/09,0,0,-600000,-600000
2008/06/10,0,0,0,0
2008/06/11,0,1000,-464000,-463000
2008/06/12,0,1000,-987200,-986200
2008/06/13,0,65000,-300000,-235000
2008/06/16,0,0,0,0
2008/06/17,0,1000,-450000,-449000
2008/06/18,0,0,-205000,-205000
2008/06/19,0,0,-2000,-2000
2008/06/20,0,0,-98000,-98000
2008/06/23,0,202000,-125000,77000
2008/06/24,0,27000,-242000,-215000
2008/06/25,0,325000,0,325000
2008/06/26,0,1050000,-3000,1047000
2008/06/27,0,50000,0,50000
2008/06/30,0,1776000,0,1776000
2008/07/01,0,191000,-739000,-548000
2008/07/02,0,1220000,-216000,1004000
2008/07/03,0,1417000,-1000,1416000
2008/07/04,0,414000,0,414000
2008/07/07,0,174000,0,174000
2008/07/08,0,300000,0,300000
2008/07/09,0,2125000,-2000,2123000
2008/07/10,0,4582000,0,4582000
2008/07/11,0,1505000,-152500,1352500
2008/07/14,0,560000,-85000,475000
2008/07/15,0,1152000,-46000,1106000
2008/07/16,0,414000,0,414000
2008/07/17,0,1647000,0,1647000
2008/07/18,0,889000,-805000,84000
2008/07/21,0,245000,0,245000
2008/07/22,0,101000,-5000,96000
2008/07/23,0,763000,-92000,671000
2008/07/24,0,2885000,-1024000,1861000
2008/07/25,0,1772000,-2000000,-228000
2008/07/28,0,0,0,0
2008/07/29,0,721000,0,721000
2008/07/30,0,488000,-263000,225000
2008/07/31,0,845000,0,845000
2008/08/01,0,201000,-12630,188370
2008/08/04,0,800000,-325000,475000
2008/08/05,0,1175000,-735000,440000
2008/08/06,0,2836000,-190000,2646000
2008/08/07,0,1130000,-2198000,-1068000
2008/08/08,0,312000,-100000,212000
2008/08/11,0,518000,-6000,512000
2008/08/12,0,96000,-2000,94000
2008/08/13,0,1194000,0,1194000
2008/08/14,0,896000,-91000,805000
2008/08/15,0,700000,-1000,699000
2008/08/18,0,1000,0,1000
2008/08/19,0,178000,-7000,171000
2008/08/20,0,709000,-425000,284000
2008/08/21,0,1418000,-6000,1412000
2008/08/22,0,100000,-240000,-140000
2008/08/25,0,386000,0,386000
2008/08/26,0,2739000,-8000,2731000
2008/08/27,0,1567000,-168000,1399000
2008/08/28,0,120000,-325000,-205000
2008/08/29,0,447000,0,447000
2008/09/01,0,0,0,0
2008/09/02,0,1000,0,1000
2008/09/03,0,1288000,0,1288000
2008/09/04,0,457000,0,457000
2008/09/05,0,802000,-511000,291000
2008/09/08,0,127000,-232000,-105000
2008/09/09,0,368000,0,368000
2008/09/10,0,1974000,0,1974000
2008/09/11,0,2309000,0,2309000
2008/09/12,0,2302000,-249000,2053000
2008/09/15,0,427000,-50000,377000
2008/09/16,0,122000,0,122000
2008/09/17,0,869000,-1000,868000
2008/09/18,0,102000,-35000,67000
2008/09/19,0,210000,-66000,144000
2008/09/22,0,748000,-44000,704000
2008/09/23,0,1945000,-1592000,353000
2008/09/24,0,45000,-1225000,-1180000
2008/09/25,0,644000,-342000,302000
2008/09/26,0,393000,-100000,293000
2008/09/29,0,0,0,0
2008/09/30,0,1000,-655000,-654000
2008/10/01,0,500000,-129000,371000
2008/10/02,0,2001000,-352630,1648370
2008/10/03,0,544000,-498000,46000
2008/10/06,0,203000,-21000,182000
2008/10/07,0,200000,-96800,103200
2008/10/08,0,700000,-34000,666000
2008/10/09,0,616000,-20000,596000
2008/10/10,0,0,0,0
2008/10/13,0,565000,-200000,365000
2008/10/14,0,543000,-94,542906
2008/10/15,0,151000,-19300,131700
2008/10/16,0,152000,-80250,71750
2008/10/17,0,1583000,-1071000,512000
2008/10/20,0,1150000,-116000,1034000
2008/10/21,0,2539000,-371050,2167950
2008/10/22,0,1740000,-350000,1390000
2008/10/23,0,650000,-13000,637000
2008/10/24,0,1200000,-807223,392777
2008/10/27,0,2370000,-3310000,-940000
2008/10/28,0,1880000,-1034000,846000
2008/10/29,0,1542000,-200000,1342000
2008/10/30,0,2876000,-2574553,301447
2008/10/31,0,1901000,-3945000,-2044000
2008/11/03,0,563000,-2339500,-1776500
2008/11/04,0,972000,-6352300,-5380300
2008/11/05,0,1684000,-4598750,-2914750
2008/11/06,0,1112000,-1204000,-92000
2008/11/07,0,1118000,-2980000,-1862000
2008/11/10,0,1634000,0,1634000
2008/11/11,0,1347000,-125400,1221600
2008/11/12,0,977000,-8000,969000
2008/11/13,0,956000,-612000,344000
2008/11/14,0,514000,-25000,489000
2008/11/17,0,564000,-325000,239000
2008/11/18,0,3729000,-42000,3687000
2008/11/19,0,670000,-869000,-199000
2008/11/20,0,0,-3431000,-3431000
2008/11/21,0,28000,-4946000,-4918000
2008/11/24,0,61000,-3179000,-3118000
2008/11/25,0,1537000,-2850000,-1313000
2008/11/26,0,912000,-1250000,-338000
2008/11/27,0,638000,-875000,-237000
2008/11/28,0,891000,-160000,731000
2008/12/01,0,1609000,-885000,724000
2008/12/02,0,919000,-400000,519000
2008/12/03,0,146000,-165300,-19300
2008/12/04,0,1178000,-30000,1148000
2008/12/05,0,195000,0,195000
2008/12/08,0,669000,0,669000
2008/12/09,0,1104000,0,1104000
2008/12/10,0,17000,-997000,-980000
2008/12/11,0,5000,-1381000,-1376000
2008/12/12,0,165000,-903000,-738000
2008/12/15,0,0,-1243000,-1243000
2008/12/16,0,44000,-1036000,-992000
2008/12/17,0,0,-1457000,-1457000
2008/12/18,0,377000,-27000,350000
2008/12/19,0,161000,-874000,-713000
2008/12/22,0,280000,-514000,-234000
2008/12/23,0,610000,-135000,475000
2008/12/24,0,600000,-1457000,-857000
2008/12/25,0,400000,-812000,-412000
2008/12/26,0,250000,-193000,57000
2008/12/29,0,0,-672900,-672900
2008/12/30,0,0,-750000,-750000
2008/12/31,0,0,-831000,-831000
2009/01/01,0,0,0,0
2009/01/02,0,0,0,0
2009/01/05,0,0,-3001750,-3001750
2009/01/06,0,858000,-2377000,-1519000
2009/01/07,0,2370000,-3576000,-1206000
2009/01/08,0,904000,-1327000,-423000
2009/01/09,0,101000,-1062250,-961250
2009/01/12,0,901000,-999000,-98000
2009/01/13,0,1000000,-3898000,-2898000
2009/01/14,0,1554000,-5091067,-3537067
2009/01/15,0,650000,-1248145,-598145
2009/01/16,0,500000,-3477700,-2977700
2009/01/19,0,5016000,-4576800,439200
2009/01/20,0,0,-1488144,-1488144
2009/01/21,0,93000,-1779000,-1686000
2009/01/22,0,0,0,0
2009/01/23,0,0,0,0
2009/01/26,0,0,0,0
2009/01/27,0,0,0,0
2009/01/28,0,0,0,0
2009/01/29,0,0,0,0
2009/01/30,0,0,0,0
2009/02/02,0,300000,-333000,-33000
2009/02/03,0,1834000,-1192000,642000
2009/02/04,0,2266000,0,2266000
2009/02/05,0,200000,0,200000
2009/02/06,0,104000,-878000,-774000
2009/02/09,0,762000,0,762000
2009/02/10,0,2425000,-531000,1894000
2009/02/11,0,4405000,-1511000,2894000
2009/02/12,0,3270000,-1018000,2252000
2009/02/13,0,2071000,-2000,2069000
2009/02/16,0,6371000,0,6371000
2009/02/17,0,0,-1190050,-1190050
2009/02/18,0,666000,-770000,-104000
2009/02/19,0,60000,-138000,-78000
2009/02/20,0,10000,-182000,-172000
2009/02/23,0,860000,-85000,775000
2009/02/24,0,320000,-50000,270000
2009/02/25,0,630000,0,630000
2009/02/26,0,1015000,-59000,956000
2009/02/27,0,175000,0,175000
2009/03/02,0,1798000,-1101000,697000
2009/03/03,0,274000,-1180000,-906000
2009/03/04,0,50000,-229000,-179000
2009/03/05,0,144000,0,144000
2009/03/06,0,137000,-11000,126000
2009/03/09,0,2047000,-307000,1740000
2009/03/10,0,360000,-530000,-170000
2009/03/11,0,89000,-52000,37000
2009/03/12,0,717000,-150000,567000
2009/03/13,0,1159000,-161000,998000
2009/03/16,0,330000,-1000,329000
2009/03/17,0,1084000,-1488000,-404000
2009/03/18,0,746000,-725000,21000
2009/03/19,0,0,-6000,-6000
2009/03/20,0,1478000,-301000,1177000
2009/03/23,0,371000,-52000,319000
2009/03/24,0,0,-3800,-3800
2009/03/25,0,157000,-290000,-133000
2009/03/26,0,200000,-1200000,-1000000
2009/03/27,0,65000,-419000,-354000
2009/03/30,0,500000,-1000,499000
2009/03/31,0,452000,-300000,152000
2009/04/01,0,805000,-140000,665000
2009/04/02,0,2429000,-7000,2422000
2009/04/03,0,2772000,-170000,2602000
2009/04/06,0,301000,-311000,-10000
2009/04/07,0,431000,-800000,-369000
2009/04/08,0,1145000,-400000,745000
2009/04/09,0,1112000,-100000,1012000
2009/04/10,0,320000,0,320000
2009/04/13,0,680000,-123000,557000
2009/04/14,0,114000,-453500,-339500
2009/04/15,0,288000,-170000,118000
2009/04/16,0,0,-2000,-2000
2009/04/17,0,468000,-283000,185000
2009/04/20,0,3052000,-62000,2990000
2009/04/21,0,2014000,-235000,1779000
2009/04/22,0,1680000,-226000,1454000
2009/04/23,0,8259000,-867000,7392000
2009/04/24,0,2417000,-1715000,702000
2009/04/27,0,0,-74000,-74000
2009/04/28,0,1264000,-51000,1213000
2009/04/29,0,6004000,-312000,5692000
2009/04/30,0,1307000,-450000,857000
2009/05/01,0,0,0,0
2009/05/04,0,558000,-235000,323000
2009/05/05,0,301000,-487000,-186000
2009/05/06,0,3139000,-343000,2796000
2009/05/07,0,300000,-352000,-52000
2009/05/08,0,330000,-1293000,-963000
2009/05/11,0,1553000,-831000,722000
2009/05/12,0,2300000,-457000,1843000
2009/05/13,0,1982000,-766200,1215800
2009/05/14,0,2183000,-379000,1804000
2009/05/15,0,4325000,-45000,4280000
2009/05/18,0,2021000,0,2021000
2009/05/19,0,1244000,-394000,850000
2009/05/20,0,957000,-1398000,-441000
2009/05/21,0,572000,-470626,101374
2009/05/22,0,2288000,-317000,1971000
2009/05/25,0,720000,-192000,528000
2009/05/26,0,685000,-11000,674000
2009/05/27,0,338000,-416000,-78000
2009/05/28,0,0,0,0
2009/05/29,0,0,0,0
2009/06/01,0,211000,-379000,-168000
2009/06/02,0,2217000,-174000,2043000
2009/06/03,0,3756000,-539000,3217000
2009/06/04,0,206000,-1000000,-794000
2009/06/05,0,336000,-803000,-467000
2009/06/08,0,10000,-290000,-280000
2009/06/09,0,1000,-832000,-831000
2009/06/10,0,785000,-241000,544000
2009/06/11,0,725000,-320000,405000
2009/06/12,0,669000,0,669000
2009/06/15,0,503000,-470000,33000
2009/06/16,0,256000,-440000,-184000
2009/06/17,0,7000,-210000,-203000
2009/06/18,0,404000,-594000,-190000
2009/06/19,0,697000,-335000,362000
2009/06/22,0,1354000,0,1354000
2009/06/23,0,1179000,-4000,1175000
2009/06/24,0,506000,-219000,287000
2009/06/25,0,253000,0,253000
2009/06/26,0,0,-288000,-288000
2009/06/29,0,57000,-230000,-173000
2009/06/30,0,800000,-672000,128000
2009/07/01,0,48000,-250000,-202000
2009/07/02,0,1255000,-535000,720000
2009/07/03,0,150000,-7000,143000
2009/07/06,0,578000,-454000,124000
2009/07/07,0,1441000,-2113000,-672000
2009/07/08,0,0,-5130000,-5130000
2009/07/09,0,184000,-4539000,-4355000
2009/07/10,0,0,-536000,-536000
2009/07/13,0,163000,-3000,160000
2009/07/14,0,250000,-708000,-458000
2009/07/15,0,680000,-7000,673000
2009/07/16,0,4560000,-22000,4538000
2009/07/17,0,1998000,-253000,1745000
2009/07/20,0,1106000,0,1106000
2009/07/21,0,1523000,-1706000,-183000
2009/07/22,0,58000,-2174000,-2116000
2009/07/23,0,2076000,-2506000,-430000
2009/07/24,0,0,-64000,-64000
2009/07/27,0,36000,-843000,-807000
2009/07/28,0,1244000,-220000,1024000
2009/07/29,0,108000,-914000,-806000
2009/07/30,0,217000,-902000,-685000
2009/07/31,0,612000,-1208300,-596300
2009/08/03,0,443000,-1397000,-954000
2009/08/04,0,20000,-700000,-680000
2009/08/05,0,0,-2685000,-2685000
2009/08/06,0,341000,-975000,-634000
2009/08/07,0,0,0,0
2009/08/10,0,5000,-221000,-216000
2009/08/11,0,2000,-1537000,-1535000
2009/08/12,0,214000,-854000,-640000
2009/08/13,0,1416000,-292000,1124000
2009/08/14,0,0,-214000,-214000
2009/08/17,0,557000,-1527000,-970000
2009/08/18,0,2000,-200000,-198000
2009/08/19,0,662000,-1200000,-538000
2009/08/20,0,418000,-1328000,-910000
2009/08/21,0,1816000,-171000,1645000
2009/08/24,0,762000,0,762000
2009/08/25,0,751000,-66000,685000
2009/08/26,0,0,-1412000,-1412000
2009/08/27,0,4000,-47000,-43000
2009/08/28,0,822000,-270000,552000
2009/08/31,0,150000,-890000,-740000
2009/09/01,0,315000,-257000,58000
2009/09/02,0,430000,-270000,160000
2009/09/03,0,762000,-903000,-141000
2009/09/04,0,565000,-1163000,-598000
2009/09/07,0,656000,-272000,384000
2009/09/08,0,390000,-530000,-140000
2009/09/09,0,9000,-461000,-452000
2009/09/10,0,605000,-2910000,-2305000
2009/09/11,0,1249000,-200000,1049000
2009/09/14,0,779000,-3033000,-2254000
2009/09/15,0,0,-1679000,-1679000
2009/09/16,0,160000,-600000,-440000
2009/09/17,0,0,-1839000,-1839000
2009/09/18,0,517000,-1427000,-910000
2009/09/21,0,50000,-389000,-339000
2009/09/22,0,0,-900000,-900000
2009/09/23,0,5000,-679000,-674000
2009/09/24,0,0,-450000,-450000
2009/09/25,0,0,-1402000,-1402000
2009/09/28,0,3000,-412000,-409000
2009/09/29,0,3000,-706000,-703000
2009/09/30,0,260000,-1172000,-912000
2009/10/01,0,200000,-2051000,-1851000
2009/10/02,0,204000,-360000,-156000
2009/10/05,0,786000,-1767350,-981350
2009/10/06,0,1592000,-282310,1309690
2009/10/07,0,600000,-633000,-33000
2009/10/08,0,0,-3012500,-3012500
2009/10/09,0,1000,-2650000,-2649000
2009/10/12,0,0,-4748800,-4748800
2009/10/13,0,3000,-1798500,-1795500
2009/10/14,0,0,-366900,-366900
2009/10/15,0,0,-1656000,-1656000
2009/10/16,0,0,-1210000,-1210000
2009/10/19,0,4000,-100000,-96000
2009/10/20,0,0,0,0
2009/10/21,0,7000,-379000,-372000
2009/10/22,0,465000,-920700,-455700
2009/10/23,0,1031000,-1700,1029300
2009/10/26,0,890000,-863000,27000
2009/10/27,0,295000,-1108700,-813700
2009/10/28,0,30000,-686000,-656000
2009/10/29,0,318000,-80000,238000
2009/10/30,0,110000,-1007000,-897000
2009/11/02,0,3000,-25900,-22900
2009/11/03,0,1000,-226400,-225400
2009/11/04,0,473000,-260000,213000
2009/11/05,0,112000,-110000,2000
2009/11/06,0,218000,-967000,-749000
2009/11/09,0,219000,-25000,194000
2009/11/10,0,1000,-115000,-114000
2009/11/11,0,0,-532000,-532000
2009/11/12,0,0,-481000,-481000
2009/11/13,0,255000,-559000,-304000
2009/11/16,0,49000,-61000,-12000
2009/11/17,0,285000,-30000,255000
2009/11/18,0,195000,-3000,192000
2009/11/19,0,0,-1000,-1000
2009/11/20,0,0,-1856000,-1856000
2009/11/23,0,120000,-100000,20000
2009/11/24,0,60000,-402000,-342000
2009/11/25,0,0,-353000,-353000
2009/11/26,0,160000,-1170000,-1010000
2009/11/27,0,0,-1127000,-1127000
2009/11/30,0,2000,-2009800,-2007800
2009/12/01,0,0,-2081000,-2081000
2009/12/02,0,0,-1530000,-1530000
2009/12/03,0,0,-1008000,-1008000
2009/12/04,0,0,-112600,-112600
2009/12/07,0,0,-1139000,-1139000
2009/12/08,0,0,-1233000,-1233000
2009/12/09,0,0,-185000,-185000
2009/12/10,0,0,-832500,-832500
2009/12/11,0,1000,-2532100,-2531100
2009/12/14,0,0,-1515000,-1515000
2009/12/15,0,0,-319000,-319000
2009/12/16,0,0,-86000,-86000
2009/12/17,0,50000,-330000,-280000
2009/12/18,0,250000,-170500,79500
2009/12/21,0,0,-585000,-585000
2009/12/22,0,250000,-2038000,-1788000
2009/12/23,0,0,-685500,-685500
2009/12/24,0,250000,-1294000,-1044000
2009/12/25,0,0,-745000,-745000
2009/12/28,0,45000,-91600,-46600
2009/12/29,0,563000,-573000,-10000
2009/12/30,0,0,-1264000,-1264000
2009/12/31,0,0,-948000,-948000
2010/01/01,0,0,0,0
2010/01/04,0,63000,-1309400,-1246400
2010/01/05,0,167000,-1336000,-1169000
2010/01/06,0,0,-2178000,-2178000
2010/01/07,0,100000,-5009000,-4909000
2010/01/08,0,0,-1449000,-1449000
2010/01/11,0,0,-2691900,-2691900
2010/01/12,0,0,-1077000,-1077000
2010/01/13,0,0,-614411,-614411
2010/01/14,0,196000,-1589000,-1393000
2010/01/15,0,198000,-2792400,-2594400
2010/01/18,0,0,-2269125,-2269125
2010/01/19,0,44000,-4770000,-4726000
2010/01/20,0,20000,-2541000,-2521000
2010/01/21,0,0,-1500000,-1500000
2010/01/22,0,0,-860750,-860750
2010/01/25,0,0,-367000,-367000
2010/01/26,0,250000,-721915,-471915
2010/01/27,0,10000,0,10000
2010/01/28,0,303000,-510270,-207270
2010/01/29,0,169000,0,169000
2010/02/01,0,398000,0,398000
2010/02/02,0,445000,0,445000
2010/02/03,0,3000,-70000,-67000
2010/02/04,0,2000,0,2000
2010/02/05,0,2000,-100,1900
2010/02/08,0,385000,0,385000
2010/02/09,0,324000,-8000,316000
2010/02/10,0,307000,0,307000
2010/02/11,0,0,0,0
2010/02/12,0,0,0,0
2010/02/15,0,0,0,0
2010/02/16,0,0,0,0
2010/02/17,0,0,0,0
2010/02/18,0,0,0,0
2010/02/19,0,0,0,0
2010/02/22,0,3000,0,3000
2010/02/23,0,4000,-80000,-76000
2010/02/24,0,1247000,0,1247000
2010/02/25,0,44000,-260000,-216000
2010/02/26,0,35000,-421000,-386000
2010/03/01,0,1430000,-16000,1414000
2010/03/02,0,372000,0,372000
2010/03/03,0,994000,-20000,974000
2010/03/04,0,491000,-423000,68000
2010/03/05,0,0,-379000,-379000
2010/03/08,0,300000,-1230000,-930000
2010/03/09,0,114000,-215000,-101000
2010/03/10,0,33000,-128000,-95000
2010/03/11,0,493000,0,493000
2010/03/12,0,440000,-33000,407000
2010/03/15,0,270000,-297600,-27600
2010/03/16,0,0,-835000,-835000
2010/03/17,0,490000,-379000,111000
2010/03/18,0,100000,-345000,-245000
2010/03/19,0,181000,-2000,179000
2010/03/22,0,0,-3000,-3000
2010/03/23,0,1189000,-102000,1087000
2010/03/24,0,100000,-2000,98000
2010/03/25,0,0,-309000,-309000
2010/03/26,0,0,0,0
2010/03/29,0,2000,0,2000
2010/03/30,0,0,-253000,-253000
2010/03/31,0,113000,-1000,112000
2010/04/01,0,0,-230000,-230000
2010/04/02,0,60000,-302000,-242000
2010/04/05,0,0,0,0
2010/04/06,0,0,-2000,-2000
2010/04/07,0,0,-170000,-170000
2010/04/08,0,0,0,0
2010/04/09,0,0,-31000,-31000
2010/04/12,0,71000,-1000,70000
2010/04/13,0,1535000,-249000,1286000
2010/04/14,0,50000,-32200,17800
2010/04/15,0,100000,-1000,99000
2010/04/16,0,164000,-83000,81000
2010/04/19,0,50000,-639066,-589066
2010/04/20,0,801000,-1200000,-399000
2010/04/21,0,500000,-330000,170000
2010/04/22,0,0,-200000,-200000
2010/04/23,0,0,-467000,-467000
2010/04/26,0,0,-300000,-300000
2010/04/27,0,0,-67000,-67000
2010/04/28,0,100000,-1000,99000
2010/04/29,0,0,0,0
2010/04/30,0,0,-3000,-3000
2010/05/03,0,200000,-19000,181000
2010/05/04,0,241000,0,241000
2010/05/05,0,0,-403000,-403000
2010/05/06,0,0,-30000,-30000
2010/05/07,0,491000,0,491000
2010/05/10,0,786000,-129000,657000
2010/05/11,0,332000,-72000,260000
2010/05/12,0,0,0,0
2010/05/13,0,501000,-30000,471000
2010/05/14,0,627000,0,627000
2010/05/17,0,30000,0,30000
2010/05/18,0,365000,0,365000
2010/05/19,0,30000,-3000,27000
2010/05/20,0,3000,-273000,-270000
2010/05/21,0,165000,-24000,141000
2010/05/24,0,43000,-302000,-259000
2010/05/25,0,1000,-85000,-84000
2010/05/26,0,698000,0,698000
2010/05/27,0,139000,-3000,136000
2010/05/28,0,0,-2000,-2000
2010/05/31,0,0,0,0
2010/06/01,0,0,-60000,-60000
2010/06/02,0,130000,-510000,-380000
2010/06/03,0,0,-304000,-304000
2010/06/04,0,150000,0,150000
2010/06/07,0,0,-90000,-90000
2010/06/08,0,3000,-50000,-47000
2010/06/09,0,188000,0,188000
2010/06/10,0,3000,-169000,-166000
2010/06/11,0,0,-182880,-182880
2010/06/14,0,1000,0,1000
2010/06/15,0,4000,-796000,-792000
2010/06/16,0,0,0,0
2010/06/17,0,405000,-410300,-5300
2010/06/18,0,0,-4000,-4000
2010/06/21,0,664000,-300000,364000
2010/06/22,0,275000,-1000,274000
2010/06/23,0,444000,-116000,328000
2010/06/24,0,79000,-331000,-252000
2010/06/25,0,0,-467000,-467000
2010/06/28,0,164000,0,164000
2010/06/29,0,102000,0,102000
2010/06/30,0,175000,0,175000
2010/07/01,0,6000,-5000,1000
2010/07/02,0,286000,0,286000
2010/07/05,0,0,0,0
2010/07/06,0,70000,0,70000
2010/07/07,0,60000,-40000,20000
2010/07/08,0,70000,0,70000
2010/07/09,0,200000,0,200000
2010/07/12,0,0,-100000,-100000
2010/07/13,0,1510000,0,1510000
2010/07/14,0,3534000,0,3534000
2010/07/15,0,624000,-164000,460000
2010/07/16,0,240000,-279000,-39000
2010/07/19,0,506000,-73000,433000
2010/07/20,0,1971000,0,1971000
2010/07/21,0,3578000,0,3578000
2010/07/22,0,1479000,0,1479000
2010/07/23,0,1509000,-10000,1499000
2010/07/26,0,1864000,0,1864000
2010/07/27,0,910000,0,910000
2010/07/28,0,1704000,-185000,1519000
2010/07/29,0,3645000,-100000,3545000
2010/07/30,0,555000,-18000,537000
2010/08/02,0,230000,-102000,128000
2010/08/03,0,1292000,-159000,1133000
2010/08/04,0,50000,-808000,-758000
2010/08/05,0,200000,-450000,-250000
2010/08/06,0,0,-683700,-683700
2010/08/09,0,7000,-450000,-443000
2010/08/10,0,66000,-400000,-334000
2010/08/11,0,90000,-570000,-480000
2010/08/12,0,0,-484000,-484000
2010/08/13,0,28000,-1970000,-1942000
2010/08/16,0,0,-991000,-991000
2010/08/17,0,1000,-1183000,-1182000
2010/08/18,0,0,-3984000,-3984000
2010/08/19,0,5000,-2227000,-2222000
2010/08/20,0,0,-220000,-220000
2010/08/23,0,0,-2151300,-2151300
2010/08/24,0,80000,-111000,-31000
2010/08/25,0,8000,-381000,-373000
2010/08/26,0,0,-656000,-656000
2010/08/27,0,120000,-200000,-80000
2010/08/30,0,283000,-7000,276000
2010/08/31,0,1274000,-793000,481000
2010/09/01,0,250000,-1753000,-1503000
2010/09/02,0,0,-815000,-815000
2010/09/03,0,1834000,-600000,1234000
2010/09/06,0,584000,-78000,506000
2010/09/07,0,627000,-3000000,-2373000
2010/09/08,0,166000,-946000,-780000
2010/09/09,0,30000,-2169000,-2139000
2010/09/10,0,52000,-985500,-933500
2010/09/13,0,68000,-1557825,-1489825
2010/09/14,0,25000,-1131500,-1106500
2010/09/15,0,100000,-373000,-273000
2010/09/16,0,0,-108000,-108000
2010/09/17,0,1700000,-1000,1699000
2010/09/20,0,1204000,-1000,1203000
2010/09/21,0,377000,-356000,21000
2010/09/22,0,0,0,0
2010/09/23,0,0,-150000,-150000
2010/09/24,0,80000,-582000,-502000
2010/09/27,0,0,-226000,-226000
2010/09/28,0,127000,-684000,-557000
2010/09/29,0,0,-1133000,-1133000
2010/09/30,0,50000,-144250,-94250
2010/10/01,0,0,-110000,-110000
2010/10/04,0,0,-250000,-250000
2010/10/05,0,1000000,-1397000,-397000
2010/10/06,0,160000,-437750,-277750
2010/10/07,0,60000,-286000,-226000
2010/10/08,0,0,0,0
2010/10/11,0,0,-290000,-290000
2010/10/12,0,0,-151000,-151000
2010/10/13,0,49000,-154750,-105750
2010/10/14,0,1000,-157000,-156000
2010/10/15,0,1067000,-236425,830575
2010/10/18,0,67000,-400000,-333000
2010/10/19,0,29000,-920000,-891000
2010/10/20,0,77000,-1787000,-1710000
2010/10/21,0,20000,-1975000,-1955000
2010/10/22,0,0,-1239000,-1239000
2010/10/25,0,0,-115000,-115000
2010/10/26,0,0,-1451500,-1451500
2010/10/27,0,107000,-525000,-418000
2010/10/28,0,250000,-2588250,-2338250
2010/10/29,0,300000,-3800500,-3500500
2010/11/01,0,100000,-866000,-766000
2010/11/02,0,0,-1136000,-1136000
2010/11/03,0,0,-384625,-384625
2010/11/04,0,0,-389000,-389000
2010/11/05,0,50000,-1910500,-1860500
2010/11/08,0,75000,-1324500,-1249500
2010/11/09,0,2000,-824500,-822500
2010/11/10,0,0,-1457500,-1457500
2010/11/11,0,2000,0,2000
2010/11/12,0,0,-1000,-1000
2010/11/15,0,0,-1076500,-1076500
2010/11/16,0,28000,-1455562,-1427562
2010/11/17,0,868000,-139000,729000
2010/11/18,0,668000,-210000,458000
2010/11/19,0,130000,-467000,-337000
2010/11/22,0,0,-478362,-478362
2010/11/23,0,0,-731000,-731000
2010/11/24,0,0,0,0
2010/11/25,0,0,-2040500,-2040500
2010/11/26,0,0,-1193000,-1193000
2010/11/29,0,0,-1000000,-1000000
2010/11/30,0,0,-1013000,-1013000
2010/12/01,0,0,-757000,-757000
2010/12/02,0,0,-629000,-629000
2010/12/03,0,66000,-2304500,-2238500
2010/12/06,0,0,-1118750,-1118750
2010/12/07,0,0,-557750,-557750
2010/12/08,0,0,-2000,-2000
2010/12/09,0,0,-1000,-1000
2010/12/10,0,0,-550778,-550778
2010/12/13,0,0,-1067000,-1067000
2010/12/14,0,100000,-1730000,-1630000
2010/12/15,0,0,-755000,-755000
2010/12/16,0,0,-141000,-141000
2010/12/17,0,95000,-305000,-210000
2010/12/20,0,0,-340000,-340000
2010/12/21,0,0,-377000,-377000
2010/12/22,0,2000,-1404000,-1402000
2010/12/23,0,0,-959518,-959518
2010/12/24,0,200000,-770000,-570000
2010/12/27,0,0,-201250,-201250
2010/12/28,0,0,-764000,-764000
2010/12/29,0,0,0,0
2010/12/30,0,0,-739000,-739000
2010/12/31,0,62000,-2971250,-2909250
2011/01/03,0,0,-1294500,-1294500
2011/01/04,0,100000,-242750,-142750
2011/01/05,0,0,-730000,-730000
2011/01/06,0,0,-511793,-511793
2011/01/07,0,0,0,0
2011/01/10,0,0,-189000,-189000
2011/01/11,0,0,-766000,-766000
2011/01/12,0,0,-867500,-867500
2011/01/13,0,0,-22000,-22000
2011/01/14,0,0,-88000,-88000
2011/01/17,0,0,-120000,-120000
2011/01/18,0,0,0,0
2011/01/19,0,0,-596000,-596000
2011/01/20,0,0,-152000,-152000
2011/01/21,0,0,-371000,-371000
2011/01/24,0,0,-337000,-337000
2011/01/25,0,4000,-1000,3000
2011/01/26,0,0,0,0
2011/01/27,0,0,-14000,-14000
2011/01/28,0,0,-247000,-247000
2011/01/31,0,0,0,0
2011/02/01,0,0,0,0
2011/02/02,0,0,0,0
2011/02/03,0,0,0,0
2011/02/04,0,0,0,0
2011/02/07,0,0,0,0
2011/02/08,0,0,-1000,-1000
2011/02/09,0,0,-10000,-10000
2011/02/10,0,0,-656000,-656000
2011/02/11,0,3000,-1858250,-1855250
2011/02/14,0,1000,-1565000,-1564000
2011/02/15,0,2000,-737000,-735000
2011/02/16,0,0,-200000,-200000
2011/02/17,0,544000,0,544000
2011/02/18,0,1000,-100000,-99000
2011/02/21,0,0,-1000,-1000
2011/02/22,0,0,0,0
2011/02/23,0,27000,0,27000
2011/02/24,0,1000,0,1000
2011/02/25,0,1000,-6000,-5000
2011/02/28,0,0,0,0
2011/03/01,0,0,0,0
2011/03/02,0,0,0,0
2011/03/03,0,0,0,0
2011/03/04,0,0,0,0
2011/03/07,0,0,0,0
2011/03/08,0,215000,0,215000
2011/03/09,0,835000,0,835000
2011/03/10,0,4144000,0,4144000
2011/03/11,0,2913000,0,2913000
2011/03/14,0,1026000,0,1026000
2011/03/15,0,461000,0,461000
2011/03/16,0,1940000,0,1940000
2011/03/17,0,5366000,0,5366000
2011/03/18,0,2397000,-2000,2395000
2011/03/21,0,290000,0,290000
2011/03/22,0,1306000,0,1306000
2011/03/23,0,0,-90000,-90000
2011/03/24,0,3000,0,3000
2011/03/25,0,924000,0,924000
2011/03/28,0,298000,-615000,-317000
2011/03/29,0,0,-700000,-700000
2011/03/30,0,0,-38000,-38000
2011/03/31,0,0,-58000,-58000
2011/04/01,0,908000,0,908000
2011/04/04,0,0,0,0
2011/04/05,0,0,0,0
2011/04/06,0,767000,-400000,367000
2011/04/07,0,1100000,0,1100000
2011/04/08,0,1660000,-30000,1630000
2011/04/11,0,0,0,0
2011/04/12,0,0,-212000,-212000
2011/04/13,0,2055000,-100000,1955000
2011/04/14,0,534000,0,534000
2011/04/15,0,0,-280000,-280000
2011/04/18,0,0,0,0
2011/04/19,0,131000,-55000,76000
2011/04/20,0,0,0,0
2011/04/21,0,1900000,0,1900000
2011/04/22,0,249000,0,249000
2011/04/25,0,0,-1000,-1000
2011/04/26,0,542000,-1000,541000
2011/04/27,0,395000,-132561,262439
2011/04/28,0,686000,-209000,477000
2011/04/29,0,800000,0,800000
2011/05/02,0,0,0,0
2011/05/03,0,1947000,0,1947000
2011/05/04,0,339000,0,339000
2011/05/05,0,9070000,-2190000,6880000
2011/05/06,0,2684000,0,2684000
2011/05/09,0,2799000,-28000,2771000
2011/05/10,0,2290000,0,2290000
2011/05/11,0,1745000,-200000,1545000
2011/05/12,0,353000,-129750,223250
2011/05/13,0,243000,-306000,-63000
2011/05/16,0,325000,0,325000
2011/05/17,0,345000,-255000,90000
2011/05/18,0,750000,-753000,-3000
2011/05/19,0,1262000,0,1262000
2011/05/20,0,351000,0,351000
2011/05/23,0,253000,0,253000
2011/05/24,0,150000,-100000,50000
2011/05/25,0,0,0,0
2011/05/26,0,50000,-1000,49000
2011/05/27,0,304000,0,304000
2011/05/30,0,1420000,-486000,934000
2011/05/31,0,1108000,-358000,750000
2011/06/01,0,960000,-108000,852000
2011/06/02,0,271000,0,271000
2011/06/03,0,250000,-150000,100000
2011/06/06,0,0,0,0
2011/06/07,0,168000,-685000,-517000
2011/06/08,0,31000,-26000,5000
2011/06/09,0,55000,0,55000
2011/06/10,0,20000,0,20000
2011/06/13,0,0,-401000,-401000
2011/06/14,0,51000,-120000,-69000
2011/06/15,0,221000,-135000,86000
2011/06/16,0,275000,0,275000
2011/06/17,0,2814000,-2000,2812000
2011/06/20,0,252000,0,252000
2011/06/21,0,525000,0,525000
2011/06/22,0,1124000,0,1124000
2011/06/23,0,902000,0,902000
2011/06/24,0,684000,-800000,-116000
2011/06/27,0,56000,-230000,-174000
2011/06/28,0,585000,-340000,245000
2011/06/29,0,61000,0,61000
2011/06/30,0,1110000,-307000,803000
2011/07/01,0,488000,-307000,181000
2011/07/04,0,892000,0,892000
2011/07/05,0,533000,-307000,226000
2011/07/06,0,259000,-56000,203000
2011/07/07,0,66000,-293000,-227000
2011/07/08,0,142000,-1000,141000
2011/07/11,0,30000,0,30000
2011/07/12,0,31000,-4000,27000
2011/07/13,0,717000,-4000,713000
2011/07/14,0,522000,-54000,468000
2011/07/15,0,202000,-2000,200000
2011/07/18,0,796000,-11000,785000
2011/07/19,0,155000,0,155000
2011/07/20,0,655000,-397000,258000
2011/07/21,0,0,-40000,-40000
2011/07/22,0,0,-2000,-2000
2011/07/25,0,24000,-167000,-143000
2011/07/26,0,0,-2416000,-2416000
2011/07/27,0,0,-3477000,-3477000
2011/07/28,0,10000,-641000,-631000
2011/07/29,0,0,-1637125,-1637125
2011/08/01,0,1000,-329000,-328000
2011/08/02,0,104000,-847000,-743000
2011/08/03,0,18000,-330000,-312000
2011/08/04,0,293000,-750000,-457000
2011/08/05,0,178000,-677000,-499000
2011/08/08,0,1042000,-376000,666000
2011/08/09,0,372000,0,372000
2011/08/10,0,1135000,-405000,730000
2011/08/11,0,1295000,-225000,1070000
2011/08/12,0,1928000,-58000,1870000
2011/08/15,0,239000,-50000,189000
2011/08/16,0,1046000,-1398000,-352000
2011/08/17,0,1277000,-793000,484000
2011/08/18,0,506000,0,506000
2011/08/19,0,859000,-97000,762000
2011/08/22,0,44000,-977000,-933000
2011/08/23,0,3000,-1300000,-1297000
2011/08/24,0,60000,0,60000
2011/08/25,0,1322000,0,1322000
2011/08/26,0,305000,-450000,-145000
2011/08/29,0,1570000,-54000,1516000
2011/08/30,0,1451000,-2000,1449000
2011/08/31,0,1272000,-2000,1270000
2011/09/01,0,783000,-14000,769000
2011/09/02,0,541000,-123000,418000
2011/09/05,0,849000,-6000,843000
2011/09/06,0,819000,0,819000
2011/09/07,0,494000,-120000,374000
2011/09/08,0,461000,0,461000
2011/09/09,0,1088000,0,1088000
2011/09/12,0,0,0,0
2011/09/13,0,911000,-2550,908450
2011/09/14,0,1055000,0,1055000
2011/09/15,0,112000,-32450,79550
2011/09/16,0,16000,-955000,-939000
2011/09/19,0,2000,-839000,-837000
2011/09/20,0,122000,-457000,-335000
2011/09/21,0,137364,-543800,-406436
2011/09/22,0,25000,-2418600,-2393600
2011/09/23,0,132000,-3526000,-3394000
2011/09/26,0,998000,-685000,313000
2011/09/27,0,1291000,-600000,691000
2011/09/28,0,1069000,-1001000,68000
2011/09/29,0,920000,0,920000
2011/09/30,0,631000,-669600,-38600
2011/10/03,0,325000,-1699000,-1374000
2011/10/04,0,904000,-2250000,-1346000
2011/10/05,0,104000,-420000,-316000
2011/10/06,0,32000,-1033200,-1001200
2011/10/07,0,464000,-126150,337850
2011/10/10,0,0,0,0
2011/10/11,0,94000,-257000,-163000
2011/10/12,0,0,-774000,-774000
2011/10/13,0,264000,-160000,104000
2011/10/14,0,595000,0,595000
2011/10/17,0,351000,-2594,348406
2011/10/18,0,32000,-226582,-194582
2011/10/19,0,646000,-36600,609400
2011/10/20,0,110000,0,110000
2011/10/21,0,50000,-360000,-310000
2011/10/24,0,3021000,-170000,2851000
2011/10/25,0,534000,-282000,252000
2011/10/26,0,540000,-264000,276000
2011/10/27,0,484000,-40000,444000
2011/10/28,0,294000,-466000,-172000
2011/10/31,0,100000,-1802000,-1702000
2011/11/01,0,159000,-2598000,-2439000
2011/11/02,0,26000,-459000,-433000
2011/11/03,0,201000,-608000,-407000
2011/11/04,0,0,-1595000,-1595000
2011/11/07,0,100000,-52000,48000
2011/11/08,0,124000,-215200,-91200
2011/11/09,0,100000,-500800,-400800
2011/11/10,0,1000,-699000,-698000
2011/11/11,0,71000,-1637000,-1566000
2011/11/14,0,705000,-1120335,-415335
2011/11/15,0,0,-3791600,-3791600
2011/11/16,0,0,-1098000,-1098000
2011/11/17,0,5000,-1115000,-1110000
2011/11/18,0,106000,0,106000
2011/11/21,0,25000,-138600,-113600
2011/11/22,0,58000,-43000,15000
2011/11/23,0,649000,0,649000
2011/11/24,0,610000,0,610000
2011/11/25,0,1299000,-30000,1269000
2011/11/28,0,155000,-200,154800
2011/11/29,0,193000,0,193000
2011/11/30,0,33000,-1000,32000
2011/12/01,0,1278000,-45000,1233000
2011/12/02,0,219000,-41400,177600
2011/12/05,0,3000,-25000,-22000
2011/12/06,0,13000,-15000,-2000
2011/12/07,0,64000,-70000,-6000
2011/12/08,0,83000,-240000,-157000
2011/12/09,0,405000,-1468,403532
2011/12/12,0,750000,-60000,690000
2011/12/13,0,534000,-95000,439000
2011/12/14,0,864000,-49000,815000
2011/12/15,0,600000,-124000,476000
2011/12/16,0,211000,-72000,139000
2011/12/19,0,283000,-63000,220000
2011/12/20,0,663000,-320000,343000
2011/12/21,0,35000,-30000,5000
2011/12/22,0,83000,-211200,-128200
2011/12/23,0,37000,-3000,34000
2011/12/26,0,0,-1272000,-1272000
2011/12/27,0,36000,-594000,-558000
2011/12/28,0,0,-137000,-137000
2011/12/29,0,1064000,-842607,221393
2011/12/30,0,220000,-806000,-586000
2012/01/02,0,6000,-548000,-542000
2012/01/03,0,518000,-29000,489000
2012/01/04,0,24000,-641000,-617000
2012/01/05,0,965666,-1412800,-447134
2012/01/06,0,0,-1684000,-1684000
2012/01/09,0,1040000,-200000,840000
2012/01/10,0,483000,-167400,315600
2012/01/11,0,1200000,-203000,997000
2012/01/12,0,902000,-277000,625000
2012/01/13,0,1139000,-629000,510000
2012/01/16,0,937000,-2201000,-1264000
2012/01/17,0,0,-200000,-200000
2012/01/18,0,770000,-515000,255000
2012/01/19,0,0,0,0
2012/01/20,0,0,0,0
2012/01/23,0,0,0,0
2012/01/24,0,0,0,0
2012/01/25,0,0,0,0
2012/01/26,0,0,0,0
2012/01/27,0,0,0,0
2012/01/30,0,58000,-34000,24000
2012/01/31,0,2097000,-2568000,-471000
2012/02/01,0,0,-1312000,-1312000
2012/02/02,0,0,-1856000,-1856000
2012/02/03,0,35000,-1523000,-1488000
2012/02/06,0,0,-1458000,-1458000
2012/02/07,0,0,-469000,-469000
2012/02/08,0,14000,-1099000,-1085000
2012/02/09,0,2183,-649000,-646817
2012/02/10,0,0,-1235000,-1235000
2012/02/13,0,1123000,-1412200,-289200
2012/02/14,0,0,-3276200,-3276200
2012/02/15,0,0,-1346000,-1346000
2012/02/16,0,1000,-458400,-457400
2012/02/17,0,6000,-269200,-263200
2012/02/20,0,118000,-3000,115000
2012/02/21,0,106000,-273000,-167000
2012/02/22,0,40000,-115000,-75000
2012/02/23,0,165000,-262000,-97000
2012/02/24,0,0,-29000,-29000
2012/02/27,0,0,0,0
2012/02/28,0,0,0,0
2012/02/29,0,1648600,-25000,1623600
2012/03/01,0,1464000,-122000,1342000
2012/03/02,0,212000,-34000,178000
2012/03/05,0,0,-281000,-281000
2012/03/06,0,101000,-66000,35000
2012/03/07,0,100000,0,100000
2012/03/08,0,325000,-202912,122088
2012/03/09,0,45000,-121000,-76000
2012/03/12,0,0,-162000,-162000
2012/03/13,0,335000,-19000,316000
2012/03/14,0,25000,-25000,0
2012/03/15,0,0,-255000,-255000
2012/03/16,0,0,-90000,-90000
2012/03/19,0,130000,-59000,71000
2012/03/20,0,0,-433000,-433000
2012/03/21,0,336000,0,336000
2012/03/22,0,1046000,-365000,681000
2012/03/23,0,0,-37000,-37000
2012/03/26,0,35000,-41000,-6000
2012/03/27,0,120000,-25000,95000
2012/03/28,0,0,-25000,-25000
2012/03/29,0,170000,0,170000
2012/03/30,0,71000,-2000,69000
2012/04/02,0,196000,-687000,-491000
2012/04/03,0,80000,-3214200,-3134200
2012/04/04,0,0,0,0
2012/04/05,0,256000,-1484887,-1228887
2012/04/06,0,247000,-41017,205983
2012/04/09,0,14000,-4000,10000
2012/04/10,0,111000,-238000,-127000
2012/04/11,0,140000,0,140000
2012/04/12,0,55000,0,55000
2012/04/13,0,126000,-85000,41000
2012/04/16,0,513000,-23000,490000
2012/04/17,0,585000,0,585000
2012/04/18,0,749000,-434000,315000
2012/04/19,0,1614000,-30000,1584000
2012/04/20,0,706000,-66000,640000
2012/04/23,0,782000,-20000,762000
2012/04/24,0,748000,0,748000
2012/04/25,0,133000,-80000,53000
2012/04/26,0,503000,-10000,493000
2012/04/27,0,845000,-28000,817000
2012/04/30,0,1162000,0,1162000
2012/05/01,0,0,0,0
2012/05/02,0,579000,-51000,528000
2012/05/03,0,358990,0,358990
2012/05/04,0,672000,-743000,-71000
2012/05/07,0,120000,0,120000
2012/05/08,0,155000,0,155000
2012/05/09,0,189000,-67000,122000
2012/05/10,0,268200,-67000,201200
2012/05/11,0,38000,0,38000
2012/05/14,0,680000,-166000,514000
2012/05/15,0,1261000,0,1261000
2012/05/16,0,1813000,-66000,1747000
2012/05/17,0,1812000,0,1812000
2012/05/18,0,1114000,-78000,1036000
2012/05/21,0,258000,-25000,233000
2012/05/22,0,71000,-686000,-615000
2012/05/23,0,240000,-519000,-279000
2012/05/24,0,117000,0,117000
2012/05/25,0,71000,0,71000
2012/05/28,0,0,0,0
2012/05/29,0,147000,-40000,107000
2012/05/30,0,350000,-78834,271166
2012/05/31,0,372000,-32000,340000
2012/06/01,0,626000,-66000,560000
2012/06/04,0,150000,-230000,-80000
2012/06/05,0,287000,0,287000
2012/06/06,0,186000,-94000,92000
2012/06/07,0,15000,-170000,-155000
2012/06/08,0,270000,0,270000
2012/06/11,0,240000,0,240000
2012/06/12,0,47000,0,47000
2012/06/13,0,160000,0,160000
2012/06/14,0,89000,0,89000
2012/06/15,0,120000,-95500,24500
2012/06/18,0,596000,-1000,595000
2012/06/19,0,488500,-100000,388500
2012/06/20,0,292000,0,292000
2012/06/21,0,55000,-40000,15000
2012/06/22,0,221000,0,221000
2012/06/25,0,313000,0,313000
2012/06/26,0,781413,-31000,750413
2012/06/27,0,596000,-100000,496000
2012/06/28,0,311000,-108000,203000
2012/06/29,0,1133000,-40000,1093000
2012/07/02,0,496000,-5000,491000
2012/07/03,0,477000,0,477000
2012/07/04,0,857000,0,857000
2012/07/05,0,224000,-2000,222000
2012/07/06,0,148000,-7000,141000
2012/07/09,0,52000,0,52000
2012/07/10,0,2320000,-15000,2305000
2012/07/11,0,1193000,-18000,1175000
2012/07/12,0,866000,0,866000
2012/07/13,0,210000,-20000,190000
2012/07/16,0,442000,-1000,441000
2012/07/17,0,233000,-8000,225000
2012/07/18,0,0,0,0
2012/07/19,0,1000,0,1000
2012/07/20,0,0,0,0
2012/07/23,0,1043000,-32000,1011000
2012/07/24,0,299000,-40000,259000
2012/07/25,0,863000,0,863000
2012/07/26,0,189000,-468000,-279000
2012/07/27,0,61000,-117000,-56000
2012/07/30,0,121000,-595000,-474000
2012/07/31,0,744000,-58000,686000
2012/08/01,0,516000,-30000,486000
2012/08/02,0,0,0,0
2012/08/03,0,288000,-90000,198000
2012/08/06,0,3000,-2719000,-2716000
2012/08/07,0,42000,-1081000,-1039000
2012/08/08,0,1000,-3575805,-3574805
2012/08/09,0,128000,-1766000,-1638000
2012/08/10,0,1500,-2625000,-2623500
2012/08/13,0,91000,-2531000,-2440000
2012/08/14,0,0,-3187000,-3187000
2012/08/15,0,9000,-342000,-333000
2012/08/16,0,421000,-243000,178000
2012/08/17,0,0,-471387,-471387
2012/08/20,0,500,-137000,-136500
2012/08/21,0,132000,-479000,-347000
2012/08/22,0,0,-85000,-85000
2012/08/23,0,3000,-159000,-156000
2012/08/24,0,0,-981000,-981000
2012/08/27,0,1000,-177000,-176000
2012/08/28,0,0,-783000,-783000
2012/08/29,0,51000,-2001000,-1950000
2012/08/30,0,136000,-1147000,-1011000
2012/08/31,0,7000,-1290000,-1283000
2012/09/03,0,195000,-1245000,-1050000
2012/09/04,0,945000,-2390920,-1445920
2012/09/05,0,114000,-745000,-631000
2012/09/06,0,686000,-1448000,-762000
2012/09/07,0,254500,-1083000,-828500
2012/09/10,0,163000,-727000,-564000
2012/09/11,0,325000,-416000,-91000
2012/09/12,0,1088000,-180000,908000
2012/09/13,0,26000,-331000,-305000
2012/09/14,0,828000,-232000,596000
2012/09/17,0,1000,-1570520,-1569520
2012/09/18,0,0,-830020,-830020
2012/09/19,0,72000,-400140,-328140
2012/09/20,0,0,-48920,-48920
2012/09/21,0,1268000,-161000,1107000
2012/09/24,0,1043000,-589000,454000
2012/09/25,0,659000,-40000,619000
2012/09/26,0,1129000,-57100,1071900
2012/09/27,0,226000,-1000,225000
2012/09/28,0,1103000,0,1103000
2012/10/01,0,21500,-70000,-48500
2012/10/02,0,559000,-20000,539000
2012/10/03,0,0,0,0
2012/10/04,0,468000,-65000,403000
2012/10/05,0,243000,-32000,211000
2012/10/08,0,1566000,-31000,1535000
2012/10/09,0,684000,-76000,608000
2012/10/10,0,0,0,0
2012/10/11,0,530000,-310000,220000
2012/10/12,0,22000,-191000,-169000
2012/10/15,0,48000,-659100,-611100
2012/10/16,0,22000,0,22000
2012/10/17,0,521000,-50000,471000
2012/10/18,0,299000,-200,298800
2012/10/19,0,68000,-588220,-520220
2012/10/22,0,5000,0,5000
2012/10/23,0,16000,-114000,-98000
2012/10/24,0,145000,-101000,44000
2012/10/25,0,312000,-193600,118400
2012/10/26,0,112000,-85000,27000
2012/10/29,0,80000,-13478,66522
2012/10/30,0,295000,0,295000
2012/10/31,0,130000,-804000,-674000
2012/11/01,0,30000,-298000,-268000
2012/11/02,0,174000,-506000,-332000
2012/11/05,0,0,0,0
2012/11/06,0,120000,0,120000
2012/11/07,0,20000,-309020,-289020
2012/11/08,0,30000,-89740,-59740
2012/11/09,0,375000,-153500,221500
2012/11/12,0,110000,-11000,99000
2012/11/13,0,111000,-153000,-42000
2012/11/14,0,310000,-287000,23000
2012/11/15,0,335000,-1841060,-1506060
2012/11/16,0,484000,-1552880,-1068880
2012/11/19,0,115000,-702000,-587000
2012/11/20,0,10000,-300,9700
2012/11/21,0,135000,0,135000
2012/11/22,0,50000,-2298080,-2248080
2012/11/23,0,154000,-582000,-428000
2012/11/26,0,275000,0,275000
2012/11/27,0,0,-4000,-4000
2012/11/28,0,115000,-197000,-82000
2012/11/29,0,25000,-65000,-40000
2012/11/30,0,0,-65000,-65000
2012/12/03,0,120000,-104000,16000
2012/12/04,0,262000,-77000,185000
2012/12/05,0,80000,-817000,-737000
2012/12/06,0,132000,-148000,-16000
2012/12/07,0,26000,-700,25300
2012/12/10,0,0,-87660,-87660
2012/12/11,0,0,-52000,-52000
2012/12/12,0,150000,-44000,106000
2012/12/13,0,0,-17000,-17000
2012/12/14,0,0,-184000,-184000
2012/12/17,0,0,-26000,-26000
2012/12/18,0,180000,-342800,-162800
2012/12/19,0,0,-335500,-335500
2012/12/20,0,100000,-476000,-376000
2012/12/21,0,95000,-489920,-394920
2012/12/24,0,229000,-800000,-571000
2012/12/25,0,57000,-190000,-133000
2012/12/26,0,168000,0,168000
2012/12/27,0,381000,-78000,303000
2012/12/28,0,146000,-375000,-229000
2012/12/31,0,0,0,0
2013/01/01,0,0,0,0
2013/01/02,0,150000,-245000,-95000
2013/01/03,0,240000,-5680,234320
2013/01/04,0,35000,-717000,-682000
2013/01/07,0,31000,-20000,11000
2013/01/08,0,0,-98000,-98000
2013/01/09,0,110000,-79000,31000
2013/01/10,0,0,-171000,-171000
2013/01/11,0,27000,-14000,13000
2013/01/14,0,88000,-399400,-311400
2013/01/15,0,0,-331000,-331000
2013/01/16,0,0,-175000,-175000
2013/01/17,0,0,-593244,-593244
2013/01/18,0,910000,-327960,582040
2013/01/21,0,0,-607000,-607000
2013/01/22,0,0,-176000,-176000
2013/01/23,0,100000,-151000,-51000
2013/01/24,0,1000,-269000,-268000
2013/01/25,0,0,-370000,-370000
2013/01/28,0,0,-162000,-162000
2013/01/29,0,393000,-508000,-115000
2013/01/30,0,281000,-996600,-715600
2013/01/31,0,110000,-97900,12100
2013/02/01,0,200000,-451000,-251000
2013/02/04,0,27000,-305000,-278000
2013/02/05,0,590000,-162000,428000
2013/02/06,0,334000,-25000,309000
2013/02/07,0,0,0,0
2013/02/08,0,0,0,0
2013/02/11,0,0,0,0
2013/02/12,0,0,0,0
2013/02/13,0,0,0,0
2013/02/14,0,0,0,0
2013/02/15,0,0,0,0
2013/02/18,0,42000,-23000,19000
2013/02/19,0,44000,-246000,-202000
2013/02/20,0,0,-2379763,-2379763
2013/02/21,0,100000,-507000,-407000
2013/02/22,0,2411000,-15000,2396000
2013/02/25,0,95000,-56000,39000
2013/02/26,0,767000,-78000,689000
2013/02/27,0,109000,0,109000
2013/02/28,0,0,0,0
2013/03/01,0,221000,-174000,47000
2013/03/04,0,720000,-34000,686000
2013/03/05,0,76000,-224000,-148000
2013/03/06,0,512000,-79000,433000
2013/03/07,0,52000,0,52000
2013/03/08,0,173000,-321000,-148000
2013/03/11,0,197000,-724260,-527260
2013/03/12,0,236000,-15000,221000
2013/03/13,0,0,-640580,-640580
2013/03/14,0,538000,-339000,199000
2013/03/15,0,450000,-2912000,-2462000
2013/03/18,0,22000,-58048,-36048
2013/03/19,0,121000,-476300,-355300
2013/03/20,0,36000,-681000,-645000
2013/03/21,0,813000,0,813000
2013/03/22,0,153000,-80000,73000
2013/03/25,0,0,-75000,-75000
2013/03/26,0,0,-70000,-70000
2013/03/27,0,0,-33000,-33000
2013/03/28,0,1106000,0,1106000
2013/03/29,0,123000,-1000,122000
2013/04/01,0,1435000,-227000,1208000
2013/04/02,0,242000,-406000,-164000
2013/04/03,0,916000,-463000,453000
2013/04/04,0,0,0,0
2013/04/05,0,0,0,0
2013/04/08,0,186000,-233000,-47000
2013/04/09,0,233000,-62000,171000
2013/04/10,0,554000,-501600,52400
2013/04/11,0,141000,-1827088,-1686088
2013/04/12,0,11000,-12000,-1000
2013/04/15,0,54000,-243000,-189000
2013/04/16,0,49000,-89000,-40000
2013/04/17,0,41000,-865000,-824000
2013/04/18,0,23000,-360000,-337000
2013/04/19,0,2464,-246000,-243536
2013/04/22,0,156000,-41000,115000
2013/04/23,0,62000,-105000,-43000
2013/04/24,0,0,-381432,-381432
2013/04/25,0,37000,-42000,-5000
2013/04/26,0,159000,-2471780,-2312780
2013/04/29,0,94000,-1132020,-1038020
2013/04/30,0,31000,-1034000,-1003000
2013/05/01,0,0,0,0
2013/05/02,0,0,-303000,-303000
2013/05/03,0,161000,-150000,11000
2013/05/06,0,0,-416000,-416000
2013/05/07,0,0,-3116000,-3116000
2013/05/08,0,0,-1871000,-1871000
2013/05/09,0,188000,-324000,-136000
2013/05/10,0,132000,-969000,-837000
2013/05/13,0,63000,-109000,-46000
2013/05/14,0,0,-1877000,-1877000
2013/05/15,0,163000,-810814,-647814
2013/05/16,0,0,-1269000,-1269000
2013/05/17,0,68000,-366000,-298000
2013/05/20,0,37000,-674700,-637700
2013/05/21,0,179000,-127000,52000
2013/05/22,0,169000,-584000,-415000
2013/05/23,0,0,-1501700,-1501700
2013/05/24,0,0,-2133000,-2133000
2013/05/27,0,31000,-622000,-591000
2013/05/28,0,115000,-599000,-484000
2013/05/29,0,0,0,0
2013/05/30,0,86000,-55000,31000
2013/05/31,0,275000,-333000,-58000
2013/06/03,0,408000,-316000,92000
2013/06/04,0,50000,-914040,-864040
2013/06/05,0,132000,0,132000
2013/06/06,0,56000,-641000,-585000
2013/06/07,0,144000,-289680,-145680
2013/06/10,0,25000,-52000,-27000
2013/06/11,0,357000,0,357000
2013/06/12,0,0,0,0
2013/06/13,0,112000,-51000,61000
2013/06/14,0,167000,-80000,87000
2013/06/17,0,543000,0,543000
2013/06/18,0,1300000,-2000,1298000
2013/06/19,0,269000,0,269000
2013/06/20,0,112000,0,112000
2013/06/21,0,570000,-1025000,-455000
2013/06/24,0,193000,-118000,75000
2013/06/25,0,273000,-200000,73000
2013/06/26,0,0,-4000,-4000
2013/06/27,0,370000,-550000,-180000
2013/06/28,0,92000,-278000,-186000
2013/07/01,0,20000,-602000,-582000
2013/07/02,0,13000,-222000,-209000
2013/07/03,0,193000,-609000,-416000
2013/07/04,0,135000,0,135000
2013/07/05,0,20000,-98000,-78000
2013/07/08,0,161000,0,161000
2013/07/09,0,248000,-96000,152000
2013/07/10,0,2013000,-10000,2003000
2013/07/11,0,220683,-862684,-642001
2013/07/12,0,113000,-387000,-274000
2013/07/15,0,0,-172000,-172000
2013/07/16,0,0,-1412160,-1412160
2013/07/17,0,0,-75000,-75000
2013/07/18,0,242000,-1000,241000
2013/07/19,0,18000,-145000,-127000
2013/07/22,0,70000,-50000,20000
2013/07/23,0,70000,-582000,-512000
2013/07/24,0,1000,-436040,-435040
2013/07/25,0,91000,-60000,31000
2013/07/26,0,40000,-131000,-91000
2013/07/29,0,35000,-163000,-128000
2013/07/30,0,1000,-214720,-213720
2013/07/31,0,295000,-46600,248400
2013/08/01,0,120000,0,120000
2013/08/02,0,718500,-400000,318500
2013/08/05,0,62000,-300000,-238000
2013/08/06,0,0,-8000,-8000
2013/08/07,0,0,-1000,-1000
2013/08/08,0,0,-5000,-5000
2013/08/09,0,100000,-233000,-133000
2013/08/12,0,200000,0,200000
2013/08/13,0,110000,-52000,58000
2013/08/14,0,122000,-365000,-243000
2013/08/15,0,20000,-437000,-417000
2013/08/16,0,43000,-86000,-43000
2013/08/19,0,137700,-4521000,-4383300
2013/08/20,0,160000,-1013000,-853000
2013/08/21,0,0,0,0
2013/08/22,0,3000,-858000,-855000
2013/08/23,0,6000,-692212,-686212
2013/08/26,0,18000,-1035000,-1017000
2013/08/27,0,10000,-66000,-56000
2013/08/28,0,54000,0,54000
2013/08/29,0,20000,-503000,-483000
2013/08/30,0,3000,-1052820,-1049820
2013/09/02,0,0,-545000,-545000
2013/09/03,0,96600,-1282000,-1185400
2013/09/04,0,0,-336000,-336000
2013/09/05,0,736000,0,736000
2013/09/06,0,3000,-564000,-561000
2013/09/09,0,10000,-262300,-252300
2013/09/10,0,25000,-100000,-75000
2013/09/11,0,9000,-506000,-497000
2013/09/12,0,15000,-1511000,-1496000
2013/09/13,0,7000,-542000,-535000
2013/09/16,0,28500,-384956,-356456
2013/09/17,0,0,-183090,-183090
2013/09/18,0,24000,-419528,-395528
2013/09/19,0,0,0,0
2013/09/20,0,0,0,0
2013/09/23,0,50000,-259000,-209000
2013/09/24,0,106000,-500,105500
2013/09/25,0,50000,-272973,-222973
2013/09/26,0,1000,-101000,-100000
2013/09/27,0,0,-465000,-465000
2013/09/30,0,151000,-270800,-119800
2013/10/01,0,81000,-1288071,-1207071
2013/10/02,0,95000,-1314064,-1219064
2013/10/03,0,3000,-1231900,-1228900
2013/10/04,0,0,-409000,-409000
2013/10/07,0,1053000,-2000,1051000
2013/10/08,0,306000,-350000,-44000
2013/10/09,0,483500,-40000,443500
2013/10/10,0,0,0,0
2013/10/11,0,0,-30000,-30000
2013/10/14,0,44000,-82000,-38000
2013/10/15,0,0,-100000,-100000
2013/10/16,0,0,-30000,-30000
2013/10/17,0,0,-41000,-41000
2013/10/18,0,0,-1110029,-1110029
2013/10/21,0,125000,-83295,41705
2013/10/22,0,0,-16000,-16000
2013/10/23,0,0,-447000,-447000
2013/10/24,0,0,-322397,-322397
2013/10/25,0,0,-346000,-346000
2013/10/28,0,0,-114000,-114000
2013/10/29,0,0,0,0
2013/10/30,0,0,0,0
2013/10/31,0,0,-100392,-100392
2013/11/01,0,0,-160070,-160070
2013/11/04,0,0,-69000,-69000
2013/11/05,0,0,-159821,-159821
2013/11/06,0,0,-4000,-4000
2013/11/07,0,0,-66000,-66000
2013/11/08,0,105000,-498495,-393495
2013/11/11,0,0,-951000,-951000
2013/11/12,0,70000,-64000,6000
2013/11/13,0,0,-221000,-221000
2013/11/14,0,100000,-154663,-54663
2013/11/15,0,0,-108750,-108750
2013/11/18,0,70000,-292513,-222513
2013/11/19,0,15000,-71000,-56000
2013/11/20,0,18000,-44000,-26000
2013/11/21,0,6000,-19306,-13306
2013/11/22,0,28000,-65000,-37000
2013/11/25,0,20000,-2971,17029
2013/11/26,0,0,-45000,-45000
2013/11/27,0,0,-1000,-1000
2013/11/28,0,15000,0,15000
2013/11/29,0,0,-56200,-56200
2013/12/02,0,0,0,0
2013/12/03,0,0,-336000,-336000
2013/12/04,0,0,-271975,-271975
2013/12/05,0,0,-240688,-240688
2013/12/06,0,0,0,0
2013/12/09,0,0,-96000,-96000
2013/12/10,0,4000,0,4000
2013/12/11,0,0,0,0
2013/12/12,0,24000,-147000,-123000
2013/12/13,0,25000,-548850,-523850
2013/12/16,0,24000,-324800,-300800
2013/12/17,0,685000,-198000,487000
2013/12/18,0,55000,-1850,53150
2013/12/19,0,10000,0,10000
2013/12/20,0,27000,-383440,-356440
2013/12/23,0,0,-252000,-252000
2013/12/24,0,0,-52000,-52000
2013/12/25,0,0,-18000,-18000
2013/12/26,0,0,-2000,-2000
2013/12/27,0,8000,-20000,-12000
2013/12/30,0,862000,-1000,861000
2013/12/31,0,360000,-4000,356000
2014/01/02,0,0,-144000,-144000
2014/01/03,0,0,-621398,-621398
2014/01/06,0,0,-172312,-172312
2014/01/07,0,297000,-1000,296000
2014/01/08,0,736000,0,736000
2014/01/09,0,0,-357765,-357765
2014/01/10,0,0,-2000,-2000
2014/01/13,0,10000,-5000,5000
2014/01/14,0,1000,-126000,-125000
2014/01/15,0,0,-101000,-101000
2014/01/16,0,10000,0,10000
2014/01/17,0,0,-2000,-2000
2014/01/20,0,531000,-12000,519000
2014/01/21,0,498000,-26000,472000
2014/01/22,0,499000,-153250,345750
2014/01/23,0,0,-20000,-20000
2014/01/24,0,0,-326900,-326900
2014/01/27,0,0,-127000,-127000
2014/02/05,0,0,-116000,-116000
2014/02/06,0,319000,-146000,173000
2014/02/07,0,487000,0,487000
2014/02/10,0,733000,-50000,683000
2014/02/11,0,0,-300000,-300000
2014/02/12,0,32000,-80000,-48000
2014/02/13,0,92000,-53310,38690
2014/02/14,0,56000,-110000,-54000
2014/02/17,0,62000,-59713,2287
2014/02/18,0,36000,0,36000
2014/02/19,0,56000,-12200,43800
2014/02/20,0,120000,-18000,102000
2014/02/21,0,45000,-79000,-34000
2014/02/24,0,461000,-79000,382000
2014/02/25,0,455000,-1062600,-607600
2014/02/26,0,400000,-41000,359000
2014/02/27,0,151000,-860000,-709000
2014/03/03,0,0,-191000,-191000
2014/03/04,0,25000,-155000,-130000
2014/03/05,0,0,0,0
2014/03/06,0,650000,-13000,637000
2014/03/07,0,200000,-2000,198000
2014/03/10,0,8000,-188000,-180000
2014/03/11,0,0,-77000,-77000
2014/03/12,0,0,-124000,-124000
2014/03/13,0,0,-231000,-231000
2014/03/14,0,0,-178000,-178000
2014/03/17,0,25000,-214000,-189000
2014/03/18,0,30000,-192450,-162450
2014/03/19,0,15000,-115000,-100000
2014/03/20,0,18000,0,18000
2014/03/21,0,0,-251000,-251000
2014/03/24,0,0,0,0
2014/03/25,0,0,0,0
2014/03/26,0,0,-63000,-63000
2014/03/27,0,2583000,-21000,2562000
2014/03/28,0,2626000,-801000,1825000
2014/03/31,0,2009000,0,2009000
2014/04/01,0,614000,-38000,576000
2014/04/02,0,1191000,-277000,914000
2014/04/03,0,483000,-167950,315050
2014/04/07,0,18000,-22000,-4000
2014/04/08,0,0,-180000,-180000
2014/04/09,0,392000,-20000,372000
2014/04/10,0,3268,0,3268
2014/04/11,0,0,0,0
2014/04/14,0,100000,-872000,-772000
2014/04/15,0,691000,-16000,675000
2014/04/16,0,630000,-1000,629000
2014/04/17,0,0,-86000,-86000
2014/04/18,0,480000,-31000,449000
2014/04/21,0,306000,-81515,224485
2014/04/22,0,71000,-2000,69000
2014/04/23,0,50000,0,50000
2014/04/24,0,0,-600000,-600000
2014/04/25,0,240000,-200000,40000
2014/04/28,0,407000,0,407000
2014/04/29,0,878000,-250000,628000
2014/04/30,0,599000,-562000,37000
2014/05/02,0,1270000,-890000,380000
2014/05/05,0,219000,-573000,-354000
2014/05/06,0,61000,0,61000
2014/05/07,0,160000,0,160000
2014/05/08,0,230000,-43000,187000
2014/05/09,0,800000,-7000,793000
2014/05/12,0,114000,-160000,-46000
2014/05/13,0,30000,-378431,-348431
2014/05/14,0,233000,-2676420,-2443420
2014/05/15,0,2000,-456000,-454000
2014/05/16,0,16000,-140000,-124000
2014/05/19,0,0,-467250,-467250
2014/05/20,0,0,-549000,-549000
2014/05/21,0,0,0,0
2014/05/22,0,275000,-11000,264000
2014/05/23,0,0,-243000,-243000
2014/05/26,0,0,-80576,-80576
2014/05/27,0,0,-301000,-301000
2014/05/28,0,0,-646350,-646350
2014/05/29,0,0,-911000,-911000
2014/05/30,0,0,-878000,-878000
2014/06/03,0,0,-14000,-14000
2014/06/04,0,0,-25000,-25000
2014/06/05,0,0,-1097000,-1097000
2014/06/06,0,0,-513000,-513000
2014/06/09,0,0,-1000,-1000
2014/06/10,0,0,-942000,-942000
2014/06/11,0,0,-1396336,-1396336
2014/06/12,0,0,-1059000,-1059000
2014/06/13,0,0,-513905,-513905
2014/06/16,0,0,-1119000,-1119000
2014/06/17,0,0,-574620,-574620
2014/06/18,0,1000,-497250,-496250
2014/06/19,0,0,-1060696,-1060696
2014/06/20,0,0,-735500,-735500
2014/06/23,0,0,-623770,-623770
2014/06/24,0,0,-794000,-794000
2014/06/25,0,0,-113900,-113900
2014/06/26,0,0,-270000,-270000
2014/06/27,0,0,-38000,-38000
2014/06/30,0,1000,-63000,-62000
2014/07/01,0,0,-5000,-5000
2014/07/02,0,0,-222044,-222044
2014/07/03,0,0,-806230,-806230
2014/07/04,0,0,-2434000,-2434000
2014/07/07,0,0,-588000,-588000
2014/07/08,0,0,-353000,-353000
2014/07/09,0,25000,-10000,15000
2014/07/10,0,50000,0,50000
2014/07/11,0,82000,-1787000,-1705000
2014/07/14,0,0,-2492000,-2492000
2014/07/15,0,46000,-598000,-552000
2014/07/16,0,0,-616000,-616000
2014/07/17,0,60000,-500000,-440000
2014/07/18,0,0,-100000,-100000
2014/07/21,0,0,-563000,-563000
2014/07/22,0,9000,-529000,-520000
2014/07/23,0,0,0,0
2014/07/24,0,3000,-700000,-697000
2014/07/25,0,103000,-131000,-28000
2014/07/28,0,75000,-80101,-5101
2014/07/29,0,53000,-311000,-258000
2014/07/30,0,315000,-300000,15000
2014/07/31,0,73000,-400000,-327000
2014/08/01,0,13000,-400000,-387000
2014/08/04,0,0,-121000,-121000
2014/08/05,0,0,-299000,-299000
2014/08/06,0,3000,-215000,-212000
2014/08/07,0,17000,0,17000
2014/08/08,0,22000,0,22000
2014/08/11,0,7000,0,7000
2014/08/12,0,44000,0,44000
2014/08/13,0,104000,-1646281,-1542281
2014/08/14,0,57000,-1133000,-1076000
2014/08/15,0,187000,-1614671,-1427671
2014/08/18,0,50000,-339000,-289000
2014/08/19,0,115000,-469000,-354000
2014/08/20,0,863000,0,863000
2014/08/21,0,2000,-102000,-100000
2014/08/22,0,0,0,0
2014/08/25,0,0,-150000,-150000
2014/08/26,0,90000,-67000,23000
2014/08/27,0,0,-141000,-141000
2014/08/28,0,17000,-170000,-153000
2014/08/29,0,1000,-547000,-546000
2014/09/01,0,0,-10000,-10000
2014/09/02,0,0,-1014000,-1014000
2014/09/03,0,7000,-240000,-233000
2014/09/04,0,309000,0,309000
2014/09/05,0,8000,0,8000
2014/09/09,0,0,-251000,-251000
2014/09/10,0,0,0,0
2014/09/11,0,260000,-338000,-78000
2014/09/12,0,11000,-70038,-59038
2014/09/15,0,2000,-10000,-8000
2014/09/16,0,1000,-100000,-99000
2014/09/17,0,5000,0,5000
2014/09/18,0,0,0,0
2014/09/19,0,1000,-9000,-8000
2014/09/22,0,13411,-116000,-102589
2014/09/23,0,0,-6000,-6000
2014/09/24,0,0,-350000,-350000
2014/09/25,0,0,-300000,-300000
2014/09/26,0,0,-450000,-450000
2014/09/29,0,520000,-542050,-22050
2014/09/30,0,589000,0,589000
2014/10/01,0,165000,-24000,141000
2014/10/02,0,0,-52500,-52500
2014/10/03,0,42000,0,42000
2014/10/06,0,4000,0,4000
2014/10/07,0,2000,-16000,-14000
2014/10/08,0,0,0,0
2014/10/09,0,0,-16000,-16000
2014/10/13,0,0,-863000,-863000
2014/10/14,0,23000,0,23000
2014/10/15,0,30000,0,30000
2014/10/16,0,10000,0,10000
2014/10/17,0,95000,0,95000
2014/10/20,0,10000,0,10000
2014/10/21,0,13000,0,13000
2014/10/22,0,25000,0,25000
2014/10/23,0,315000,0,315000
2014/10/24,0,200000,0,200000
2014/10/27,0,499000,-1000,498000
2014/10/28,0,60000,0,60000
2014/10/29,0,593000,0,593000
2014/10/30,0,304000,0,304000
2014/10/31,0,112000,0,112000
2014/11/03,0,224000,-3000,221000
2014/11/04,0,827000,0,827000
2014/11/05,0,628000,0,628000
2014/11/06,0,489000,0,489000
2014/11/07,0,51000,-8000,43000
2014/11/10,0,38000,0,38000
2014/11/11,0,12000,0,12000
2014/11/12,0,44000,-448,43552
2014/11/13,0,320000,0,320000
2014/11/14,0,329000,-200000,129000
2014/11/17,0,0,-16000,-16000
2014/11/18,0,0,-103000,-103000
2014/11/19,0,0,0,0
2014/11/20,0,22000,-206000,-184000
2014/11/21,0,3000,-338000,-335000
2014/11/24,0,0,-58000,-58000
2014/11/25,0,1000,-101000,-100000
2014/11/26,0,0,-564000,-564000
2014/11/27,0,0,-304000,-304000
2014/11/28,0,8000,-23000,-15000
2014/12/01,0,0,-329000,-329000
2014/12/02,0,34000,-39000,-5000
2014/12/03,0,68000,-24000,44000
2014/12/04,0,52000,-65000,-13000
2014/12/05,0,114000,-77000,37000
2014/12/08,0,0,-580000,-580000
2014/12/09,0,4000,0,4000
2014/12/10,0,20000,0,20000
2014/12/11,0,0,-430464,-430464
2014/12/12,0,0,0,0
2014/12/15,0,0,0,0
2014/12/16,0,16000,0,16000
2014/12/17,0,27000,0,27000
2014/12/18,0,3000,-430000,-427000
2014/12/19,0,46000,0,46000
2014/12/22,0,310000,-500000,-190000
2014/12/23,0,0,-600000,-600000
2014/12/24,0,694000,-310000,384000
2014/12/25,0,0,0,0
2014/12/26,0,345000,0,345000
2014/12/29,0,150000,-3000,147000
2014/12/30,0,0,-17000,-17000
2014/12/31,0,77000,-4000,73000
2015/01/01,0,0,0,0
2015/01/02,0,0,0,0
2015/01/05,0,74000,-421000,-347000
2015/01/06,0,72000,0,72000
2015/01/07,0,0,-88000,-88000
2015/01/08,0,0,-40000,-40000
2015/01/09,0,0,0,0
2015/01/12,0,350000,-35000,315000
2015/01/13,0,0,-526000,-526000
2015/01/14,0,0,0,0
2015/01/15,0,0,0,0
2015/01/16,0,0,-71000,-71000
2015/01/19,0,0,-5000,-5000
2015/01/20,0,102000,0,102000
2015/01/21,0,61000,0,61000
2015/01/22,0,0,-26000,-26000
2015/01/23,0,146000,0,146000
2015/01/26,0,40000,0,40000
2015/01/27,0,0,-200000,-200000
2015/01/28,0,160000,0,160000
2015/01/29,0,0,-8000,-8000
2015/01/30,0,268000,-11000,257000
2015/02/02,0,241000,0,241000
2015/02/03,0,258000,0,258000
2015/02/04,0,0,0,0
2015/02/05,0,350000,-100000,250000
2015/02/06,0,437000,-10000,427000
2015/02/09,0,0,0,0
2015/02/10,0,275000,0,275000
2015/02/11,0,100000,0,100000
2015/02/12,0,88000,-891000,-803000
2015/02/13,0,0,-362000,-362000
2015/02/16,0,0,0,0
2015/02/17,0,0,0,0
2015/02/18,0,0,0,0
2015/02/19,0,0,0,0
2015/02/20,0,0,0,0
2015/02/23,0,0,0,0
2015/02/24,0,0,0,0
2015/02/25,0,0,-11000,-11000
2015/02/26,0,0,-280000,-280000
2015/02/27,0,0,0,0
2015/03/02,0,0,-894000,-894000
2015/03/03,0,0,-1011000,-1011000
2015/03/04,0,0,-625403,-625403
2015/03/05,0,0,-37000,-37000
2015/03/06,0,225000,-555000,-330000
2015/03/09,0,0,-835618,-835618
2015/03/10,0,0,0,0
2015/03/11,0,25000,-591154,-566154
2015/03/12,0,0,-370774,-370774
2015/03/13,0,0,0,0
2015/03/16,0,6000,-214000,-208000
2015/03/17,0,0,-491000,-491000
2015/03/18,0,0,-10000,-10000
2015/03/19,0,0,-202000,-202000
2015/03/20,0,2000,-25000,-23000
2015/03/23,0,0,-530000,-530000
2015/03/24,0,0,-85000,-85000
2015/03/25,0,0,-187000,-187000
2015/03/26,0,0,-903000,-903000
2015/03/27,0,0,-122000,-122000
2015/03/30,0,0,-572660,-572660
2015/03/31,0,0,-26000,-26000
2015/04/01,0,0,-256000,-256000
2015/04/02,0,0,-160000,-160000
2015/04/03,0,0,0,0
2015/04/06,0,0,0,0
2015/04/07,0,0,-798,-798
2015/04/08,0,0,-29000,-29000
2015/04/09,0,0,-300000,-300000
2015/04/10,0,0,0,0
2015/04/13,0,0,0,0
2015/04/14,0,0,-374000,-374000
2015/04/15,0,18000,-938000,-920000
2015/04/16,0,0,-80000,-80000
2015/04/17,0,0,-24000,-24000
2015/04/20,0,0,-3000,-3000
2015/04/21,0,0,0,0
2015/04/22,0,0,-60000,-60000
2015/04/23,0,0,-350000,-350000
2015/04/24,0,0,-1000,-1000
2015/04/27,0,0,0,0
2015/04/28,0,0,-3000,-3000
2015/04/29,0,1222000,-123000,1099000
2015/04/30,0,0,-1000,-1000
2015/05/01,0,0,0,0
2015/05/04,0,0,-80000,-80000
2015/05/05,0,0,-40000,-40000
2015/05/06,0,0,-200000,-200000
2015/05/07,0,0,0,0
2015/05/08,0,0,-32000,-32000
2015/05/11,0,1000,0,1000
2015/05/12,0,0,-228000,-228000
2015/05/13,0,0,-553000,-553000
2015/05/14,0,2000,-601000,-599000
2015/05/15,0,0,-12000,-12000
2015/05/18,0,0,-36000,-36000
2015/05/19,0,0,0,0
2015/05/20,0,0,0,0
2015/05/21,0,0,-1000,-1000
2015/05/22,0,0,-37000,-37000
2015/05/25,0,0,-80000,-80000
2015/05/26,0,0,0,0
2015/05/27,0,0,0,0
2015/05/28,0,0,-341000,-341000
2015/05/29,0,0,-1000,-1000
2015/06/01,0,0,-149000,-149000
2015/06/02,0,0,-106000,-106000
2015/06/03,0,0,0,0
2015/06/04,0,282,-1000,-718
2015/06/05,0,0,-2000,-2000
2015/06/08,0,0,0,0
2015/06/09,0,0,0,0
2015/06/10,0,0,0,0
2015/06/11,0,0,0,0
2015/06/12,0,0,-2000,-2000
2015/06/15,0,0,0,0
2015/06/16,0,0,-57000,-57000
2015/06/17,0,0,-167000,-167000
2015/06/18,0,0,-210000,-210000
2015/06/19,0,0,0,0
2015/06/22,0,2000,-7000,-5000
2015/06/23,0,20000,0,20000
2015/06/24,0,0,-15000,-15000
2015/06/25,0,0,-2000,-2000
2015/06/26,0,0,0,0
2015/06/29,0,0,-35000,-35000
2015/06/30,0,361000,0,361000
2015/07/01,0,0,0,0
2015/07/02,0,0,0,0
2015/07/03,0,0,0,0
2015/07/06,0,0,-200000,-200000
2015/07/07,0,0,0,0
2015/07/08,0,0,0,0
2015/07/09,0,0,-5000,-5000
2015/07/10,0,0,0,0
2015/07/13,0,0,-46000,-46000
2015/07/14,0,0,-47000,-47000
2015/07/15,0,229000,0,229000
2015/07/16,0,0,0,0
2015/07/17,0,20000,-40000,-20000
2015/07/20,0,0,-75000,-75000
2015/07/21,0,1000,0,1000
2015/07/22,0,0,0,0
2015/07/23,0,16000,0,16000
2015/07/24,0,42000,0,42000
2015/07/27,0,111000,-85000,26000
2015/07/28,0,39000,0,39000
2015/07/29,0,13000,0,13000
2015/07/30,0,7000,-91000,-84000
2015/07/31,0,2000,0,2000
2015/08/03,0,44000,-99000,-55000
2015/08/04,0,26000,0,26000
2015/08/05,0,445000,-647845,-202845
2015/08/06,0,23000,-36000,-13000
2015/08/07,0,34000,0,34000
2015/08/10,0,6000,-46000,-40000
2015/08/11,0,2000,-116000,-114000
2015/08/12,0,40000,-503410,-463410
2015/08/13,0,2000,-105000,-103000
2015/08/14,0,0,-142000,-142000
2015/08/17,0,1000,-125000,-124000
2015/08/18,0,0,0,0
2015/08/19,0,28000,-131000,-103000
2015/08/20,0,1000,0,1000
2015/08/21,0,11000,0,11000
2015/08/24,0,0,-86000,-86000
2015/08/25,0,842,-178000,-177158
2015/08/26,0,29000,-73000,-44000
2015/08/27,0,0,0,0
2015/08/28,0,2000,-500000,-498000
2015/08/31,0,0,-482000,-482000
2015/09/01,0,20000,-143000,-123000
2015/09/02,0,44000,-1000000,-956000
2015/09/03,0,130000,0,130000
2015/09/04,0,0,0,0
2015/09/07,0,10000,0,10000
2015/09/08,0,5000,-10000,-5000
2015/09/09,0,1000,-20000,-19000
2015/09/10,0,0,0,0
2015/09/11,0,5000,0,5000
2015/09/14,0,3000,0,3000
2015/09/15,0,3000,0,3000
2015/09/16,0,0,0,0
2015/09/17,0,0,-58000,-58000
2015/09/18,0,0,-469000,-469000
2015/09/21,0,4000,-13000,-9000
2015/09/22,0,1670,-150000,-148330
2015/09/23,0,0,-150230,-150230
2015/09/24,0,0,0,0
2015/09/25,0,0,0,0
2015/09/28,0,0,0,0
2015/09/29,0,0,0,0
2015/09/30,0,0,0,0
2015/10/01,0,4000,-12000,-8000
2015/10/02,0,25000,0,25000
2015/10/05,0,0,0,0
2015/10/06,0,57000,0,57000
2015/10/07,0,493000,0,493000
2015/10/08,0,0,0,0
2015/10/09,0,0,0,0
2015/10/12,0,405000,0,405000
2015/10/13,0,120000,0,120000
2015/10/14,0,120000,0,120000
2015/10/15,0,80000,-107000,-27000
2015/10/16,0,4000,0,4000
2015/10/19,0,0,0,0
2015/10/20,0,160000,-54549,105451
2015/10/21,0,0,0,0
2015/10/22,0,0,-42000,-42000
2015/10/23,0,0,-35000,-35000
2015/10/26,0,0,0,0
2015/10/27,0,0,0,0
2015/10/28,0,0,0,0
2015/10/29,0,50000,-1000,49000
2015/10/30,0,0,-1000,-1000
2015/11/02,0,0,0,0
2015/11/03,0,149000,0,149000
2015/11/04,0,44000,-2000,42000
2015/11/05,0,1000,-60000,-59000
2015/11/06,0,0,0,0
2015/11/09,0,12000,0,12000
2015/11/10,0,0,0,0
2015/11/11,0,5000,0,5000
2015/11/12,0,0,0,0
2015/11/13,0,0,-1000,-1000
2015/11/16,0,0,-28000,-28000
2015/11/17,0,0,0,0
2015/11/18,0,0,-160000,-160000
2015/11/19,0,0,-25000,-25000
2015/11/20,0,0,-1000,-1000
2015/11/23,0,0,-1000,-1000
2015/11/24,0,0,0,0
2015/11/25,0,0,0,0
2015/11/26,0,0,0,0
2015/11/27,0,0,0,0
2015/11/30,0,0,-1468648,-1468648
2015/12/01,0,0,-106550,-106550
2015/12/02,0,0,0,0
2015/12/03,0,9000,-102000,-93000
2015/12/04,0,0,0,0
2015/12/07,0,0,0,0
2015/12/08,0,0,0,0
2015/12/09,0,0,-170000,-170000
2015/12/10,0,0,-236000,-236000
2015/12/11,0,0,-200000,-200000
2015/12/14,0,0,-1695,-1695
2015/12/15,0,0,0,0
2015/12/16,0,0,-2000,-2000
2015/12/17,0,0,-41000,-41000
2015/12/18,0,0,-8000,-8000
2015/12/21,0,0,0,0
2015/12/22,0,0,0,0
2015/12/23,0,0,0,0
2015/12/24,0,0,0,0
2015/12/25,0,540000,0,540000
2015/12/28,0,570000,-52000,518000
2015/12/29,0,80000,-64000,16000
2015/12/30,0,0,0,0
2015/12/31,0,0,-36000,-36000
2016/01/01,0,0,0,0
2016/01/04,0,32000,0,32000
2016/01/05,0,0,-3000,-3000
2016/01/06,0,0,0,0
2016/01/07,0,0,-2000,-2000
2016/01/08,0,0,-70000,-70000
2016/01/11,0,0,-95000,-95000
2016/01/12,0,0,-40000,-40000
2016/01/13,0,0,0,0
2016/01/14,0,0,-30000,-30000
2016/01/15,0,0,-170000,-170000
2016/01/18,0,0,0,0
2016/01/19,0,0,-157000,-157000
2016/01/20,0,0,-662000,-662000
2016/01/21,0,0,0,0
2016/01/22,0,0,0,0
2016/01/25,0,100000,-2000,98000
2016/01/26,0,0,0,0
2016/01/27,0,0,0,0
2016/01/28,0,50000,-37000,13000
2016/01/29,0,0,-46000,-46000
2016/02/01,0,0,0,0
2016/02/02,0,0,0,0
2016/02/03,0,199000,0,199000
2016/02/04,0,0,0,0
2016/02/05,0,0,0,0
2016/02/08,0,0,0,0
2016/02/09,0,0,0,0
2016/02/10,0,0,0,0
2016/02/11,0,0,0,0
2016/02/12,0,0,0,0
2016/02/15,0,95,0,95
2016/02/16,0,651000,-165000,486000
2016/02/17,0,0,-321000,-321000
2016/02/18,0,0,-216000,-216000
2016/02/19,0,1000,0,1000
2016/02/22,0,0,0,0
2016/02/23,0,0,0,0
2016/02/24,0,100000,0,100000
2016/02/25,0,0,-23000,-23000
2016/02/26,0,1794000,-156000,1638000
2016/02/29,0,0,0,0
2016/03/01,0,65000,-205000,-140000
2016/03/02,0,0,-15294,-15294
2016/03/03,0,0,-230000,-230000
2016/03/04,0,152000,0,152000
2016/03/07,0,251000,-102000,149000
2016/03/08,0,821000,0,821000
2016/03/09,0,1078000,-10000,1068000
2016/03/10,0,760000,0,760000
2016/03/11,0,623000,0,623000
2016/03/14,0,100000,0,100000
2016/03/15,0,0,-1000,-1000
2016/03/16,0,0,0,0
2016/03/17,0,0,0,0
2016/03/18,0,1317000,0,1317000
2016/03/21,0,50000,0,50000
2016/03/22,0,514000,0,514000
2016/03/23,0,244000,0,244000
2016/03/24,0,50000,0,50000
2016/03/25,0,559000,0,559000
2016/03/28,0,1797000,-525000,1272000
2016/03/29,0,130000,-1000,129000
2016/03/30,0,59000,0,59000
2016/03/31,0,25000,0,25000
2016/04/01,0,0,0,0
2016/04/04,0,0,0,0
2016/04/05,0,0,0,0
2016/04/06,0,20000,0,20000
2016/04/07,0,350000,-25000,325000
2016/04/08,0,0,0,0
2016/04/11,0,936000,0,936000
2016/04/12,0,1802000,-2000,1800000
2016/04/13,0,1296000,-18000,1278000
2016/04/14,0,1705000,0,1705000
2016/04/15,0,841000,-5000,836000
2016/04/18,0,664000,0,664000
2016/04/19,0,106000,0,106000
2016/04/20,0,820000,0,820000
2016/04/21,0,534000,0,534000
2016/04/22,0,33000,0,33000
2016/04/25,0,2282000,-1000,2281000
2016/04/26,0,528000,0,528000
2016/04/27,0,0,0,0
2016/04/28,0,0,-14000,-14000
2016/04/29,0,186000,0,186000
2016/05/02,0,0,0,0
2016/05/03,0,500000,-448000,52000
2016/05/04,0,0,-119000,-119000
2016/05/05,0,93000,0,93000
2016/05/06,0,0,0,0
2016/05/09,0,713000,0,713000
2016/05/10,0,34000,-21328,12672
2016/05/11,0,0,0,0
2016/05/12,0,0,-100000,-100000
2016/05/13,0,14000,0,14000
2016/05/16,0,0,-259000,-259000
2016/05/17,0,20000,0,20000
2016/05/18,0,0,0,0
2016/05/19,0,0,-135000,-135000
2016/05/20,0,0,-707000,-707000
2016/05/23,0,0,-1195000,-1195000
2016/05/24,0,99000,-900000,-801000
2016/05/25,0,60000,-327000,-267000
2016/05/26,0,41000,-830000,-789000
2016/05/27,0,0,-711000,-711000
2016/05/30,0,0,-92000,-92000
2016/05/31,0,13000,0,13000
2016/06/01,0,148000,-1913000,-1765000
2016/06/02,0,64000,-64000,0
2016/06/03,0,0,-626000,-626000
2016/06/06,0,0,-364000,-364000
2016/06/07,0,0,-150000,-150000
2016/06/08,0,0,-60000,-60000
2016/06/09,0,0,0,0
2016/06/10,0,0,0,0
2016/06/13,0,0,-259000,-259000
2016/06/14,0,0,0,0
2016/06/15,0,157000,-395000,-238000
2016/06/16,0,247000,-517420,-270420
2016/06/17,0,0,-927000,-927000
2016/06/20,0,0,-4000,-4000
2016/06/21,0,47000,0,47000
2016/06/22,0,40000,-1000000,-960000
2016/06/23,0,0,-926000,-926000
2016/06/24,0,33000,0,33000
2016/06/27,0,28000,-968000,-940000
2016/06/28,0,4000,-155000,-151000
2016/06/29,0,0,0,0
2016/06/30,0,0,0,0
2016/07/01,0,0,-550000,-550000
2016/07/04,0,8000,0,8000
2016/07/05,0,8000,-16100,-8100
2016/07/06,0,0,-416000,-416000
2016/07/07,0,0,-400000,-400000
2016/07/08,0,0,0,0
2016/07/11,0,0,0,0
2016/07/12,0,0,0,0
2016/07/13,0,0,0,0
2016/07/14,0,24000,-33000,-9000
2016/07/15,0,0,0,0
2016/07/18,0,0,-250000,-250000
2016/07/19,0,3000,-1000,2000
2016/07/20,0,236000,-185000,51000
2016/07/21,0,70000,-129000,-59000
2016/07/22,0,27000,-14000,13000
2016/07/25,0,76000,0,76000
2016/07/26,0,25000,0,25000
2016/07/27,0,0,-3000,-3000
2016/07/28,0,0,0,0
2016/07/29,0,1490,-113000,-111510
2016/08/01,0,0,0,0
2016/08/02,0,90000,-2000,88000
2016/08/03,0,6000,-7000,-1000
2016/08/04,0,10000,-1000,9000
2016/08/05,0,450000,-4000,446000
2016/08/08,0,1439000,-4000,1435000
2016/08/09,0,470000,-1000,469000
2016/08/10,0,1516000,0,1516000
2016/08/11,0,501000,-514000,-13000
2016/08/12,0,16000,-4000,12000
2016/08/15,0,0,0,0
2016/08/16,0,16000,-7000,9000
2016/08/17,0,0,-480000,-480000
2016/08/18,0,0,-59000,-59000
2016/08/19,0,35000,-154000,-119000
2016/08/22,0,0,0,0
2016/08/23,0,106000,-71000,35000
2016/08/24,0,42000,-81000,-39000
2016/08/25,0,0,-101000,-101000
2016/08/26,0,1000,0,1000
2016/08/29,0,0,-1000,-1000
2016/08/30,0,12000,-33000,-21000
2016/08/31,0,56000,-658000,-602000
2016/09/01,0,39000,-1141000,-1102000
2016/09/02,0,2000,-611000,-609000
2016/09/05,0,97000,-186000,-89000
2016/09/06,0,0,-259000,-259000
2016/09/07,0,4000,-320000,-316000
2016/09/08,0,0,-63000,-63000
2016/09/09,0,1000,-131000,-130000
2016/09/12,0,0,-111000,-111000
2016/09/13,0,88000,0,88000
2016/09/14,0,25000,0,25000
2016/09/15,0,0,0,0
2016/09/16,0,0,0,0
2016/09/19,0,0,0,0
2016/09/20,0,0,0,0
2016/09/21,0,0,-700000,-700000
2016/09/22,0,112000,-519000,-407000
2016/09/23,0,19000,-156000,-137000
2016/09/26,0,0,-13000,-13000
2016/09/27,0,0,0,0
2016/09/28,0,0,0,0
2016/09/29,0,0,-885000,-885000
2016/09/30,0,24295,0,24295
2016/10/03,0,83000,0,83000
2016/10/04,0,0,-100000,-100000
2016/10/05,0,0,0,0
2016/10/06,0,0,0,0
2016/10/07,0,452000,0,452000
2016/10/10,0,0,0,0
2016/10/11,0,120000,0,120000
2016/10/12,0,135000,0,135000
2016/10/13,0,0,-1751000,-1751000
2016/10/14,0,27000,-60000,-33000
2016/10/17,0,0,-25000,-25000
2016/10/18,0,50000,-25000,25000
2016/10/19,0,322000,-172000,150000
2016/10/20,0,551000,-702000,-151000
2016/10/21,0,540000,-316000,224000
2016/10/24,0,0,-15000,-15000
2016/10/25,0,440000,-19000,421000
2016/10/26,0,0,-29000,-29000
2016/10/27,0,457000,0,457000
2016/10/28,0,200000,-93000,107000
2016/10/31,0,0,-4500,-4500
2016/11/01,0,0,0,0
2016/11/02,0,0,-266,-266
2016/11/03,0,0,-228000,-228000
2016/11/04,0,0,-78000,-78000
2016/11/07,0,190000,0,190000
2016/11/08,0,0,0,0
2016/11/09,0,48000,0,48000
2016/11/10,0,239000,0,239000
2016/11/11,0,142000,-82000,60000
2016/11/14,0,0,-73000,-73000
2016/11/15,0,26000,-200000,-174000
2016/11/16,0,0,-15000,-15000
2016/11/17,0,100000,-15000,85000
2016/11/18,0,0,0,0
2016/11/21,0,81000,-180000,-99000
2016/11/22,0,0,-546000,-546000
2016/11/23,0,101000,0,101000
2016/11/24,0,0,0,0
2016/11/25,0,0,0,0
2016/11/28,0,0,0,0
2016/11/29,0,100000,-20000,80000
2016/11/30,0,75000,0,75000
2016/12/01,0,50000,0,50000
2016/12/02,0,0,0,0
2016/12/05,0,0,0,0
2016/12/06,0,0,0,0
2016/12/07,0,40000,-47000,-7000
2016/12/08,0,0,0,0
2016/12/09,0,0,0,0
2016/12/12,0,595000,0,595000
2016/12/13,0,73000,0,73000
2016/12/14,0,89000,-53000,36000
2016/12/15,0,0,-68000,-68000
2016/12/16,0,0,0,0
2016/12/19,0,390000,0,390000
2016/12/20,0,0,-230000,-230000
2016/12/21,0,0,0,0
2016/12/22,0,0,-56000,-56000
2016/12/23,0,0,0,0
2016/12/26,0,36000,0,36000
2016/12/27,0,0,0,0
2016/12/28,0,0,0,0
2016/12/29,0,0,-43000,-43000
2016/12/30,0,0,0,0
2017/01/02,0,0,0,0
2017/01/03,0,198000,0,198000
2017/01/04,0,140000,-36000,104000
2017/01/05,0,236000,-12000,224000
2017/01/06,0,1324000,-55000,1269000
2017/01/09,0,0,0,0
2017/01/10,0,0,0,0
2017/01/11,0,0,-87000,-87000
2017/01/12,0,84000,0,84000
2017/01/13,0,0,0,0
2017/01/16,0,0,-56000,-56000
2017/01/17,0,0,-48000,-48000
2017/01/18,0,80000,0,80000
2017/01/19,0,0,-69000,-69000
2017/01/20,0,98000,-34000,64000
2017/01/23,0,390,0,390
2017/01/24,0,72000,0,72000
2017/01/25,0,0,0,0
2017/01/26,0,0,0,0
2017/01/27,0,0,0,0
2017/01/30,0,0,0,0
2017/01/31,0,0,0,0
2017/02/01,0,0,0,0
2017/02/02,0,0,-59000,-59000
2017/02/03,0,26000,0,26000
2017/02/06,0,0,-263000,-263000
2017/02/07,0,0,-49000,-49000
2017/02/08,0,0,-21000,-21000
2017/02/09,0,104000,0,104000
2017/02/10,0,30000,-21000,9000
2017/02/13,0,20000,-453000,-433000
2017/02/14,0,287000,0,287000
2017/02/15,0,0,-348000,-348000
2017/02/16,0,0,-600000,-600000
2017/02/17,0,0,-779000,-779000
2017/02/20,0,0,0,0
2017/02/21,0,0,0,0
2017/02/22,0,0,0,0
2017/02/23,0,0,-70000,-70000
2017/02/24,0,0,0,0
2017/02/27,0,0,0,0
2017/02/28,0,0,0,0
2017/03/01,0,0,-100000,-100000
2017/03/02,0,0,-175000,-175000
2017/03/03,0,30000,-3000,27000
2017/03/06,0,30000,-170000,-140000
2017/03/07,0,140000,0,140000
2017/03/08,0,0,0,0
2017/03/09,0,0,0,0
2017/03/10,0,75000,0,75000
2017/03/13,0,71000,0,71000
2017/03/14,0,30000,-183000,-153000
2017/03/15,0,0,0,0
2017/03/16,0,20000,0,20000
2017/03/17,0,2000,-1000,1000
2017/03/20,0,0,-69000,-69000
2017/03/21,0,56000,-68000,-12000
2017/03/22,0,0,0,0
2017/03/23,0,0,-387000,-387000
2017/03/24,0,0,-48500,-48500
2017/03/27,0,0,0,0
2017/03/28,0,0,-165000,-165000
2017/03/29,0,128280,0,128280
2017/03/30,0,4610,0,4610
2017/03/31,0,9862,-96000,-86138
2017/04/03,0,0,0,0
2017/04/04,0,0,0,0
2017/04/05,0,3287,0,3287
2017/04/06,0,0,0,0
2017/04/07,0,0,0,0
2017/04/10,0,1000,0,1000
2017/04/11,0,0,0,0
2017/04/12,0,155000,0,155000
2017/04/13,0,0,-611000,-611000
2017/04/14,0,0,-106000,-106000
2017/04/17,0,0,-100000,-100000
2017/04/18,0,0,0,0
2017/04/19,0,3286,0,3286
2017/04/20,0,0,-168000,-168000
2017/04/21,0,0,-100,-100
2017/04/24,0,0,-500000,-500000
2017/04/25,0,0,-4,-4
2017/04/26,0,0,-233000,-233000
2017/04/27,0,0,-85000,-85000
2017/04/28,0,0,-64000,-64000
2017/05/01,0,0,0,0
2017/05/02,0,0,-1200000,-1200000
2017/05/03,0,1000,-11000,-10000
2017/05/04,0,17333,-180000,-162667
2017/05/05,0,0,-19729,-19729
2017/05/08,0,0,-185000,-185000
2017/05/09,0,0,-1347000,-1347000
2017/05/10,0,0,0,0
2017/05/11,0,0,-82000,-82000
2017/05/12,0,0,-50000,-50000
2017/05/15,0,0,-90000,-90000
2017/05/16,0,0,0,0
2017/05/17,0,0,0,0
2017/05/18,0,0,0,0
2017/05/19,0,17000,0,17000
2017/05/22,0,0,-12000,-12000
2017/05/23,0,0,-143000,-143000
2017/05/24,0,0,0,0
2017/05/25,0,0,0,0
2017/05/26,0,0,0,0
2017/05/29,0,0,0,0
2017/05/30,0,0,0,0
2017/05/31,0,0,0,0
2017/06/01,0,0,0,0
2017/06/02,0,0,0,0
2017/06/05,0,0,-33000,-33000
2017/06/06,0,0,-105000,-105000
2017/06/07,0,0,0,0
2017/06/08,0,0,0,0
2017/06/09,0,0,0,0
2017/06/12,0,0,0,0
2017/06/13,0,0,0,0
2017/06/14,0,0,0,0
2017/06/15,0,0,0,0
2017/06/16,0,0,-16000,-16000
2017/06/19,0,3000,0,3000
2017/06/20,0,0,-3681,-3681
2017/06/21,0,0,0,0
2017/06/22,0,0,0,0
2017/06/23,0,0,0,0
2017/06/26,0,200000,0,200000
2017/06/27,0,0,0,0
2017/06/28,0,0,-3653,-3653
2017/06/29,0,150000,0,150000
2017/06/30,0,0,0,0
2017/07/03,0,94000,-7000,87000
2017/07/04,0,0,0,0
2017/07/05,0,0,0,0
2017/07/06,0,0,-287000,-287000
2017/07/07,0,0,-61000,-61000
2017/07/10,0,0,0,0
2017/07/11,0,0,0,0
2017/07/12,0,0,-3729,-3729
2017/07/13,0,1000,0,1000
2017/07/14,0,0,0,0
2017/07/17,0,85,0,85
2017/07/18,0,0,0,0
2017/07/19,0,0,0,0
2017/07/20,0,1000,0,1000
2017/07/21,0,0,0,0
2017/07/24,0,0,0,0
2017/07/25,0,0,0,0
2017/07/26,0,0,-3000,-3000
2017/07/27,0,0,0,0
2017/07/28,0,1000,0,1000
2017/07/31,0,3000,0,3000
2017/08/01,0,2000,-204000,-202000
2017/08/02,0,3000,0,3000
2017/08/03,0,4000,-700000,-696000
2017/08/04,0,0,-644000,-644000
2017/08/07,0,4000,-70184,-66184
2017/08/08,0,5000,-100016,-95016
2017/08/09,0,108000,-75000,33000
2017/08/10,0,201000,0,201000
2017/08/11,0,51000,0,51000
2017/08/14,0,0,0,0
2017/08/15,0,70000,0,70000
2017/08/16,0,253000,0,253000
2017/08/17,0,0,-46000,-46000
2017/08/18,0,0,-7000,-7000
