Date,Open,Buy,Sell,Total
2007/01/02,0,39000,0,39000
2007/01/03,0,38000,0,38000
2007/01/04,0,10000,0,10000
2007/01/05,0,0,-39000,-39000
2007/01/08,0,9000,-25658,-16658
2007/01/09,0,0,-14000,-14000
2007/01/10,0,3000,-6000,-3000
2007/01/11,0,17000,-9000,8000
2007/01/12,0,2000,-23000,-21000
2007/01/15,0,2000,-3000,-1000
2007/01/16,0,17000,-2000,15000
2007/01/17,0,0,-10000,-10000
2007/01/18,0,0,-9000,-9000
2007/01/19,0,13000,-187000,-174000
2007/01/22,0,2000,-4000,-2000
2007/01/23,0,0,-7000,-7000
2007/01/24,0,2000,-6000,-4000
2007/01/25,0,8000,-2000,6000
2007/01/26,0,3000,0,3000
2007/01/29,0,0,0,0
2007/01/30,0,0,0,0
2007/01/31,0,4000,0,4000
2007/02/01,0,27000,0,27000
2007/02/02,0,45000,0,45000
2007/02/05,0,0,0,0
2007/02/06,0,1000,-1000,0
2007/02/07,0,0,0,0
2007/02/08,0,0,-8000,-8000
2007/02/09,0,0,0,0
2007/02/12,0,0,-10000,-10000
2007/02/13,0,52000,0,52000
2007/02/14,0,3000,-222605,-219605
2007/02/15,0,0,0,0
2007/02/16,0,0,0,0
2007/02/19,0,0,0,0
2007/02/20,0,0,0,0
2007/02/21,0,0,0,0
2007/02/22,0,0,0,0
2007/02/23,0,0,0,0
2007/02/26,0,3000,-94000,-91000
2007/02/27,0,0,-6000,-6000
2007/02/28,0,0,0,0
2007/03/01,0,15000,-77000,-62000
2007/03/02,0,28000,-5000,23000
2007/03/05,0,2000,-1000,1000
2007/03/06,0,93000,0,93000
2007/03/07,0,8000,-63145,-55145
2007/03/08,0,11000,-23000,-12000
2007/03/09,0,5000,-1000,4000
2007/03/12,0,5000,-4000,1000
2007/03/13,0,0,-19000,-19000
2007/03/14,0,0,-14000,-14000
2007/03/15,0,7000,-4000,3000
2007/03/16,0,4000,-6253,-2253
2007/03/19,0,0,0,0
2007/03/20,0,3000,0,3000
2007/03/21,0,74000,-52,73948
2007/03/22,0,46000,-1000,45000
2007/03/23,0,120000,-3000,117000
2007/03/26,0,16000,-10000,6000
2007/03/27,0,50000,-9000,41000
2007/03/28,0,1000,-13000,-12000
2007/03/29,0,34000,-73000,-39000
2007/03/30,0,0,-37000,-37000
2007/04/02,0,9000,-21000,-12000
2007/04/03,0,0,-5000,-5000
2007/04/04,0,19000,-2000,17000
2007/04/05,0,0,0,0
2007/04/06,0,0,0,0
2007/04/09,0,25000,-5000,20000
2007/04/10,0,103000,-28000,75000
2007/04/11,0,0,-99000,-99000
2007/04/12,0,2000,-11000,-9000
2007/04/13,0,0,-17000,-17000
2007/04/16,0,1000,0,1000
2007/04/17,0,22000,-5000,17000
2007/04/18,0,1000,-12000,-11000
2007/04/19,0,6000,-42000,-36000
2007/04/20,0,1000,-17000,-16000
2007/04/23,0,51000,0,51000
2007/04/24,0,59000,-6000,53000
2007/04/25,0,0,-94000,-94000
2007/04/26,0,0,-18000,-18000
2007/04/27,0,0,0,0
2007/04/30,0,23000,-119000,-96000
2007/05/01,0,0,0,0
2007/05/02,0,42000,-127000,-85000
2007/05/03,0,29000,-3000,26000
2007/05/04,0,215000,-7000,208000
2007/05/07,0,43000,-84000,-41000
2007/05/08,0,11000,-34000,-23000
2007/05/09,0,21000,-13000,8000
2007/05/10,0,0,-32000,-32000
2007/05/11,0,69000,-3000,66000
2007/05/14,0,7000,-20000,-13000
2007/05/15,0,72000,-73000,-1000
2007/05/16,0,83000,-60000,23000
2007/05/17,0,92000,-16000,76000
2007/05/18,0,7000,-30000,-23000
2007/05/21,0,29000,-69000,-40000
2007/05/22,0,0,-12000,-12000
2007/05/23,0,11000,0,11000
2007/05/24,0,132000,-13000,119000
2007/05/25,0,0,-27000,-27000
2007/05/28,0,34000,0,34000
2007/05/29,0,54000,-5000,49000
2007/05/30,0,125000,-79000,46000
2007/05/31,0,38000,-11000,27000
2007/06/01,0,1000,-21000,-20000
2007/06/04,0,6000,-112000,-106000
2007/06/05,0,70000,-108000,-38000
2007/06/06,0,47000,-26000,21000
2007/06/07,0,13000,-17000,-4000
2007/06/08,0,26000,-12000,14000
2007/06/11,0,1000,-22000,-21000
2007/06/12,0,14000,-36000,-22000
2007/06/13,0,58000,-51000,7000
2007/06/14,0,5000,0,5000
2007/06/15,0,58000,-59000,-1000
2007/06/18,0,0,0,0
2007/06/19,0,0,0,0
2007/06/20,0,183000,-87000,96000
2007/06/21,0,316000,-1103,314897
2007/06/22,0,156000,-25000,131000
2007/06/25,0,159000,-20000,139000
2007/06/26,0,49000,-8000,41000
2007/06/27,0,80000,0,80000
2007/06/28,0,30000,-13000,17000
2007/06/29,0,37000,-12000,25000
2007/07/02,0,3000,-10000,-7000
2007/07/03,0,33000,-29000,4000
2007/07/04,0,171000,-53000,118000
2007/07/05,0,41000,-115000,-74000
2007/07/06,0,65000,-6000,59000
2007/07/09,0,57000,-23000,34000
2007/07/10,0,115000,-4000,111000
2007/07/11,0,14000,-34000,-20000
2007/07/12,0,2000,-54000,-52000
2007/07/13,0,88000,0,88000
2007/07/16,0,90000,-63000,27000
2007/07/17,0,54000,-3000,51000
2007/07/18,0,113000,-50000,63000
2007/07/19,0,65000,-97000,-32000
2007/07/20,0,109000,-2000,107000
2007/07/23,0,71000,-1000,70000
2007/07/24,0,132000,-80000,52000
2007/07/25,0,76000,-226000,-150000
2007/07/26,0,139000,-5000,134000
2007/07/27,0,137000,-48000,89000
2007/07/30,0,3000,-284000,-281000
2007/07/31,0,46000,-319000,-273000
2007/08/01,0,28000,-423000,-395000
2007/08/02,0,19000,-76000,-57000
2007/08/03,0,18000,-151000,-133000
2007/08/06,0,209000,-47000,162000
2007/08/07,0,16000,-58000,-42000
2007/08/08,0,83000,-81000,2000
2007/08/09,0,17000,-101000,-84000
2007/08/10,0,54000,-89000,-35000
2007/08/13,0,0,-98000,-98000
2007/08/14,0,95000,0,95000
2007/08/15,0,28000,-33000,-5000
2007/08/16,0,24000,-66000,-42000
2007/08/17,0,100000,-115000,-15000
2007/08/20,0,73000,0,73000
2007/08/21,0,13000,-46000,-33000
2007/08/22,0,5000,-55000,-50000
2007/08/23,0,8000,-153000,-145000
2007/08/24,0,0,-36000,-36000
2007/08/27,0,20000,0,20000
2007/08/28,0,0,0,0
2007/08/29,0,203000,-30000,173000
2007/08/30,0,2000,-199000,-197000
2007/08/31,0,167000,-1000,166000
2007/09/03,0,21000,-1000,20000
2007/09/04,0,0,-28000,-28000
2007/09/05,0,0,-14000,-14000
2007/09/06,0,60000,0,60000
2007/09/07,0,0,-5000,-5000
2007/09/10,0,15000,-5000,10000
2007/09/11,0,0,-80000,-80000
2007/09/12,0,25000,-27000,-2000
2007/09/13,0,12000,-45000,-33000
2007/09/14,0,52000,0,52000
2007/09/17,0,31000,-65000,-34000
2007/09/18,0,0,0,0
2007/09/19,0,126000,-7000,119000
2007/09/20,0,79000,-1000,78000
2007/09/21,0,24000,-63000,-39000
2007/09/24,0,0,0,0
2007/09/25,0,0,0,0
2007/09/26,0,30000,-14000,16000
2007/09/27,0,86000,-26000,60000
2007/09/28,0,14000,-68000,-54000
2007/10/01,0,112000,-7860,104140
2007/10/02,0,79000,0,79000
2007/10/03,0,69031,-167031,-98000
2007/10/04,0,272000,-12000,260000
2007/10/05,0,42000,0,42000
2007/10/08,0,31000,0,31000
2007/10/09,0,26000,-32065,-6065
2007/10/10,0,0,0,0
2007/10/11,0,53000,0,53000
2007/10/12,0,24000,-37000,-13000
2007/10/15,0,1000,-23000,-22000
2007/10/16,0,3000,-34000,-31000
2007/10/17,0,2000,-45000,-43000
2007/10/18,0,55000,-20000,35000
2007/10/19,0,1000,-33000,-32000
2007/10/22,0,28000,-89000,-61000
2007/10/23,0,76000,-36000,40000
2007/10/24,0,12000,-54000,-42000
2007/10/25,0,32000,-17000,15000
2007/10/26,0,31000,-6000,25000
2007/10/29,0,99000,-133000,-34000
2007/10/30,0,459000,-58000,401000
2007/10/31,0,391000,-172000,219000
2007/11/01,0,146000,-97000,49000
2007/11/02,0,50000,-21000,29000
2007/11/05,0,16000,-77000,-61000
2007/11/06,0,11000,-54000,-43000
2007/11/07,0,7000,-75000,-68000
2007/11/08,0,61000,-139000,-78000
2007/11/09,0,114000,-31000,83000
2007/11/12,0,6000,-168000,-162000
2007/11/13,0,10000,-71000,-61000
2007/11/14,0,55000,-2000,53000
2007/11/15,0,0,0,0
2007/11/16,0,21000,-39000,-18000
2007/11/19,0,21000,-45000,-24000
2007/11/20,0,65000,-53000,12000
2007/11/21,0,0,-124000,-124000
2007/11/22,0,33000,0,33000
2007/11/23,0,91000,-21000,70000
2007/11/26,0,72000,0,72000
2007/11/27,0,39000,-51000,-12000
2007/11/28,0,0,-12000,-12000
2007/11/29,0,61000,-30000,31000
2007/11/30,0,25000,-13000,12000
2007/12/03,0,44000,-122065,-78065
2007/12/04,0,27000,-4000,23000
2007/12/05,0,3000,-18000,-15000
2007/12/06,0,8000,-27105,-19105
2007/12/07,0,29285,-1321,27964
2007/12/10,0,10000,-1000,9000
2007/12/11,0,36000,-27000,9000
2007/12/12,0,27000,-2000,25000
2007/12/13,0,22000,-29000,-7000
2007/12/14,0,10000,-52000,-42000
2007/12/17,0,9000,-110000,-101000
2007/12/18,0,44000,-26000,18000
2007/12/19,0,15000,-31000,-16000
2007/12/20,0,4000,-36000,-32000
2007/12/21,0,5000,-15062,-10062
2007/12/24,0,14000,0,14000
2007/12/25,0,10000,-17000,-7000
2007/12/26,0,22000,-12000,10000
2007/12/27,0,10000,-73000,-63000
2007/12/28,0,47000,-16000,31000
2007/12/31,0,0,0,0
2008/01/01,0,0,0,0
2008/01/02,0,0,-44275,-44275
2008/01/03,0,28000,-19000,9000
2008/01/04,0,18000,-18000,0
2008/01/07,0,49000,-30000,19000
2008/01/08,0,41000,-32000,9000
2008/01/09,0,32000,-67000,-35000
2008/01/10,0,3000,-12000,-9000
2008/01/11,0,0,-27000,-27000
2008/01/14,0,109000,0,109000
2008/01/15,0,88000,-35000,53000
2008/01/16,0,78000,0,78000
2008/01/17,0,100000,-12000,88000
2008/01/18,0,162000,-45000,117000
2008/01/21,0,39000,-91000,-52000
2008/01/22,0,0,-51000,-51000
2008/01/23,0,60000,-60000,0
2008/01/24,0,59000,-63000,-4000
2008/01/25,0,25000,-78625,-53625
2008/01/28,0,11000,-31000,-20000
2008/01/29,0,48000,-23000,25000
2008/01/30,0,55000,-61000,-6000
2008/01/31,0,218000,-9000,209000
2008/02/01,0,14000,-15000,-1000
2008/02/04,0,0,0,0
2008/02/05,0,0,0,0
2008/02/06,0,0,0,0
2008/02/07,0,0,0,0
2008/02/08,0,0,0,0
2008/02/11,0,0,0,0
2008/02/12,0,202000,-78000,124000
2008/02/13,0,160000,-85000,75000
2008/02/14,0,71000,0,71000
2008/02/15,0,54000,-11000,43000
2008/02/18,0,35000,-44000,-9000
2008/02/19,0,130000,-7000,123000
2008/02/20,0,19000,-53000,-34000
2008/02/21,0,74000,0,74000
2008/02/22,0,61000,0,61000
2008/02/25,0,259000,-120000,139000
2008/02/26,0,30000,-39000,-9000
2008/02/27,0,44000,-1000,43000
2008/02/28,0,0,0,0
2008/02/29,0,156000,-146000,10000
2008/03/03,0,8000,-78000,-70000
2008/03/04,0,99000,-64000,35000
2008/03/05,0,43000,-18000,25000
2008/03/06,0,102000,-39000,63000
2008/03/07,0,180000,-9000,171000
2008/03/10,0,38000,-42000,-4000
2008/03/11,0,96000,-3000,93000
2008/03/12,0,121000,-13000,108000
2008/03/13,0,4000,-12000,-8000
2008/03/14,0,1000,-16000,-15000
2008/03/17,0,57000,-83000,-26000
2008/03/18,0,16000,-79000,-63000
2008/03/19,0,42000,-27000,15000
2008/03/20,0,247000,-21000,226000
2008/03/21,0,195000,0,195000
2008/03/24,0,486000,-33000,453000
2008/03/25,0,391000,-14001,376999
2008/03/26,0,25000,-6000,19000
2008/03/27,0,0,-19000,-19000
2008/03/28,0,36000,-10000,26000
2008/03/31,0,265000,-209000,56000
2008/04/01,0,265000,-9000,256000
2008/04/02,0,0,-44000,-44000
2008/04/03,0,6000,-48000,-42000
2008/04/04,0,0,0,0
2008/04/07,0,75000,-1000,74000
2008/04/08,0,0,-93000,-93000
2008/04/09,0,6000,-106000,-100000
2008/04/10,0,28000,-34000,-6000
2008/04/11,0,6000,-95000,-89000
2008/04/14,0,56000,-84000,-28000
2008/04/15,0,0,-64000,-64000
2008/04/16,0,30000,0,30000
2008/04/17,0,169000,-55000,114000
2008/04/18,0,69000,0,69000
2008/04/21,0,77000,-13000,64000
2008/04/22,0,2000,-40000,-38000
2008/04/23,0,88000,-22000,66000
2008/04/24,0,0,-4000,-4000
2008/04/25,0,1000,-17000,-16000
2008/04/28,0,1000,0,1000
2008/04/29,0,17000,-126000,-109000
2008/04/30,0,13000,0,13000
2008/05/01,0,0,0,0
2008/05/02,0,73000,-7000,66000
2008/05/05,0,5000,-46000,-41000
2008/05/06,0,48000,-26000,22000
2008/05/07,0,0,-58000,-58000
2008/05/08,0,6000,-65000,-59000
2008/05/09,0,1000,-50000,-49000
2008/05/12,0,4000,-7000,-3000
2008/05/13,0,38000,-6000,32000
2008/05/14,0,0,-5000,-5000
2008/05/15,0,59000,-8000,51000
2008/05/16,0,35000,-73000,-38000
2008/05/19,0,84000,-4000,80000
2008/05/20,0,225000,-30000,195000
2008/05/21,0,22000,-70000,-48000
2008/05/22,0,120000,-209000,-89000
2008/05/23,0,11000,-21000,-10000
2008/05/26,0,43000,-44000,-1000
2008/05/27,0,33000,-6000,27000
2008/05/28,0,0,-275000,-275000
2008/05/29,0,221000,-2000,219000
2008/05/30,0,57000,-22000,35000
2008/06/02,0,37000,-4000,33000
2008/06/03,0,0,-14000,-14000
2008/06/04,0,3000,-7000,-4000
2008/06/05,0,57000,-63000,-6000
2008/06/06,0,0,-61000,-61000
2008/06/09,0,21000,-70000,-49000
2008/06/10,0,0,-132975,-132975
2008/06/11,0,2000,-10000,-8000
2008/06/12,0,15000,-20000,-5000
2008/06/13,0,16000,-95000,-79000
2008/06/16,0,16000,-80000,-64000
2008/06/17,0,9000,-35000,-26000
2008/06/18,0,31000,-68000,-37000
2008/06/19,0,153000,-225000,-72000
2008/06/20,0,0,-224000,-224000
2008/06/23,0,29000,0,29000
2008/06/24,0,54000,-25000,29000
2008/06/25,0,137000,-20000,117000
2008/06/26,0,117000,-22000,95000
2008/06/27,0,50000,-61000,-11000
2008/06/30,0,131000,-50000,81000
2008/07/01,0,153000,-61000,92000
2008/07/02,0,157000,-1000,156000
2008/07/03,0,57000,-103000,-46000
2008/07/04,0,0,-76000,-76000
2008/07/07,0,108000,-92000,16000
2008/07/08,0,2000,-195000,-193000
2008/07/09,0,254000,-32000,222000
2008/07/10,0,73000,-170000,-97000
2008/07/11,0,109000,-164000,-55000
2008/07/14,0,130000,-95000,35000
2008/07/15,0,3000,-69000,-66000
2008/07/16,0,17000,-50000,-33000
2008/07/17,0,56000,-114000,-58000
2008/07/18,0,9000,-239000,-230000
2008/07/21,0,298000,-10000,288000
2008/07/22,0,96000,-155000,-59000
2008/07/23,0,58000,-50117,7883
2008/07/24,0,66000,-45000,21000
2008/07/25,0,10000,-81000,-71000
2008/07/28,0,0,0,0
2008/07/29,0,662000,-18000,644000
2008/07/30,0,11000,-71000,-60000
2008/07/31,0,12000,-94000,-82000
2008/08/01,0,12000,-578000,-566000
2008/08/04,0,0,-18000,-18000
2008/08/05,0,39000,-16000,23000
2008/08/06,0,50000,-10000,40000
2008/08/07,0,120000,-35000,85000
2008/08/08,0,61000,-28000,33000
2008/08/11,0,0,-76000,-76000
2008/08/12,0,7000,-3000,4000
2008/08/13,0,52000,-9000,43000
2008/08/14,0,88000,-43000,45000
2008/08/15,0,1000,-106000,-105000
2008/08/18,0,10000,-40000,-30000
2008/08/19,0,54000,-241679,-187679
2008/08/20,0,76000,-140000,-64000
2008/08/21,0,0,-174000,-174000
2008/08/22,0,19000,-17000,2000
2008/08/25,0,57000,0,57000
2008/08/26,0,126000,-72000,54000
2008/08/27,0,287000,-126000,161000
2008/08/28,0,7000,-277000,-270000
2008/08/29,0,529000,-1000,528000
2008/09/01,0,238000,-52000,186000
2008/09/02,0,112000,-130000,-18000
2008/09/03,0,20000,-41000,-21000
2008/09/04,0,17000,-164000,-147000
2008/09/05,0,65000,-65000,0
2008/09/08,0,319000,-1000,318000
2008/09/09,0,0,-378000,-378000
2008/09/10,0,45000,-16000,29000
2008/09/11,0,0,-96000,-96000
2008/09/12,0,21000,0,21000
2008/09/15,0,21000,-29000,-8000
2008/09/16,0,2000,-26000,-24000
2008/09/17,0,5000,-65000,-60000
2008/09/18,0,1000,-4000,-3000
2008/09/19,0,206000,-5000,201000
2008/09/22,0,323000,-172000,151000
2008/09/23,0,35000,-212000,-177000
2008/09/24,0,102050,-112050,-10000
2008/09/25,0,3000,-124000,-121000
2008/09/26,0,0,-42000,-42000
2008/09/29,0,0,0,0
2008/09/30,0,0,-20000,-20000
2008/10/01,0,66000,-41000,25000
2008/10/02,0,35000,-16000,19000
2008/10/03,0,9000,-35000,-26000
2008/10/06,0,0,-98875,-98875
2008/10/07,0,24000,-12000,12000
2008/10/08,0,2000,-28000,-26000
2008/10/09,0,31000,-7000,24000
2008/10/10,0,0,0,0
2008/10/13,0,22000,-31000,-9000
2008/10/14,0,130000,-4000,126000
2008/10/15,0,9000,-131850,-122850
2008/10/16,0,0,-17000,-17000
2008/10/17,0,0,-5000,-5000
2008/10/20,0,1000,-7433,-6433
2008/10/21,0,19000,-4000,15000
2008/10/22,0,32000,-3000,29000
2008/10/23,0,0,-65000,-65000
2008/10/24,0,0,0,0
2008/10/27,0,23000,0,23000
2008/10/28,0,48000,-58000,-10000
2008/10/29,0,8000,-30000,-22000
2008/10/30,0,98000,-26000,72000
2008/10/31,0,125000,-16000,109000
2008/11/03,0,124000,-61000,63000
2008/11/04,0,163000,-97000,66000
2008/11/05,0,142000,-121000,21000
2008/11/06,0,170000,-121000,49000
2008/11/07,0,13000,-53000,-40000
2008/11/10,0,101000,-4000,97000
2008/11/11,0,143000,-2000,141000
2008/11/12,0,60000,-261000,-201000
2008/11/13,0,23000,-128000,-105000
2008/11/14,0,181000,-23000,158000
2008/11/17,0,44000,-162000,-118000
2008/11/18,0,46000,-57000,-11000
2008/11/19,0,44000,-35000,9000
2008/11/20,0,24000,-47000,-23000
2008/11/21,0,338000,-24000,314000
2008/11/24,0,14000,-47000,-33000
2008/11/25,0,144000,-14000,130000
2008/11/26,0,32000,-14000,18000
2008/11/27,0,399000,-14000,385000
2008/11/28,0,28000,-29000,-1000
2008/12/01,0,17000,-9000,8000
2008/12/02,0,31000,-90000,-59000
2008/12/03,0,17000,-150000,-133000
2008/12/04,0,152000,-17000,135000
2008/12/05,0,14000,-44000,-30000
2008/12/08,0,32000,-14000,18000
2008/12/09,0,61000,-130000,-69000
2008/12/10,0,84000,-420100,-336100
2008/12/11,0,161000,-57201,103799
2008/12/12,0,98000,-137000,-39000
2008/12/15,0,114000,-213000,-99000
2008/12/16,0,126000,-31000,95000
2008/12/17,0,39000,-51000,-12000
2008/12/18,0,194000,0,194000
2008/12/19,0,22000,-61618,-39618
2008/12/22,0,38000,-29000,9000
2008/12/23,0,2000,-94000,-92000
2008/12/24,0,32000,-18000,14000
2008/12/25,0,0,-31000,-31000
2008/12/26,0,47000,-100000,-53000
2008/12/29,0,8000,-119000,-111000
2008/12/30,0,73000,-8000,65000
2008/12/31,0,8000,-23000,-15000
2009/01/01,0,0,0,0
2009/01/02,0,0,0,0
2009/01/05,0,22000,-37000,-15000
2009/01/06,0,21000,-1000,20000
2009/01/07,0,81000,-16000,65000
2009/01/08,0,2000,-133000,-131000
2009/01/09,0,0,-37000,-37000
2009/01/12,0,160000,-5000,155000
2009/01/13,0,9000,-2000,7000
2009/01/14,0,0,-9000,-9000
2009/01/15,0,5000,-105000,-100000
2009/01/16,0,4000,-144000,-140000
2009/01/19,0,24000,-4000,20000
2009/01/20,0,0,-35000,-35000
2009/01/21,0,24000,-72000,-48000
2009/01/22,0,0,0,0
2009/01/23,0,0,0,0
2009/01/26,0,0,0,0
2009/01/27,0,0,0,0
2009/01/28,0,0,0,0
2009/01/29,0,0,0,0
2009/01/30,0,0,0,0
2009/02/02,0,66000,-17000,49000
2009/02/03,0,38000,-29000,9000
2009/02/04,0,1000,-20000,-19000
2009/02/05,0,37000,0,37000
2009/02/06,0,82000,-37000,45000
2009/02/09,0,0,-50000,-50000
2009/02/10,0,0,0,0
2009/02/11,0,111000,0,111000
2009/02/12,0,0,-3000,-3000
2009/02/13,0,46000,0,46000
2009/02/16,0,103000,0,103000
2009/02/17,0,0,0,0
2009/02/18,0,59000,-31000,28000
2009/02/19,0,29000,0,29000
2009/02/20,0,0,-27000,-27000
2009/02/23,0,40000,0,40000
2009/02/24,0,0,0,0
2009/02/25,0,55000,0,55000
2009/02/26,0,16000,-50000,-34000
2009/02/27,0,7000,0,7000
2009/03/02,0,0,-33000,-33000
2009/03/03,0,50000,-7000,43000
2009/03/04,0,27000,0,27000
2009/03/05,0,0,0,0
2009/03/06,0,76000,0,76000
2009/03/09,0,68000,0,68000
2009/03/10,0,0,0,0
2009/03/11,0,4000,-100000,-96000
2009/03/12,0,4000,0,4000
2009/03/13,0,17000,-121000,-104000
2009/03/16,0,37000,-9000,28000
2009/03/17,0,100000,-207000,-107000
2009/03/18,0,64000,0,64000
2009/03/19,0,51000,-14000,37000
2009/03/20,0,0,-24000,-24000
2009/03/23,0,72000,-40000,32000
2009/03/24,0,5000,-50,4950
2009/03/25,0,71000,0,71000
2009/03/26,0,9000,-16000,-7000
2009/03/27,0,0,-21000,-21000
2009/03/30,0,62000,-39000,23000
2009/03/31,0,16000,-88800,-72800
2009/04/01,0,80000,-186889,-106889
2009/04/02,0,371000,0,371000
2009/04/03,0,16000,-151000,-135000
2009/04/06,0,59000,-7000,52000
2009/04/07,0,17000,-4000,13000
2009/04/08,0,0,-156000,-156000
2009/04/09,0,125000,-7000,118000
2009/04/10,0,168000,-3000,165000
2009/04/13,0,230000,0,230000
2009/04/14,0,129000,-111000,18000
2009/04/15,0,86000,-39000,47000
2009/04/16,0,262000,-49000,213000
2009/04/17,0,52000,-168000,-116000
2009/04/20,0,171000,-87000,84000
2009/04/21,0,650000,-183000,467000
2009/04/22,0,284000,-121000,163000
2009/04/23,0,1128000,-495000,633000
2009/04/24,0,88000,-1599000,-1511000
2009/04/27,0,102000,-285000,-183000
2009/04/28,0,95000,-42000,53000
2009/04/29,0,92000,-44000,48000
2009/04/30,0,166000,0,166000
2009/05/01,0,0,0,0
2009/05/04,0,114000,-6000,108000
2009/05/05,0,220000,-106000,114000
2009/05/06,0,168000,-31000,137000
2009/05/07,0,34000,-202000,-168000
2009/05/08,0,323000,-125749,197251
2009/05/11,0,99000,-112000,-13000
2009/05/12,0,92000,-111000,-19000
2009/05/13,0,50000,-48000,2000
2009/05/14,0,68000,-104000,-36000
2009/05/15,0,167000,-166000,1000
2009/05/18,0,30000,-125000,-95000
2009/05/19,0,155000,-43000,112000
2009/05/20,0,106000,-217750,-111750
2009/05/21,0,29000,-137000,-108000
2009/05/22,0,55000,-48000,7000
2009/05/25,0,78000,-36000,42000
2009/05/26,0,61000,-94000,-33000
2009/05/27,0,171000,-79000,92000
2009/05/28,0,0,0,0
2009/05/29,0,0,0,0
2009/06/01,0,86000,-95000,-9000
2009/06/02,0,575000,-134000,441000
2009/06/03,0,92000,-524000,-432000
2009/06/04,0,25000,-128000,-103000
2009/06/05,0,35000,-25000,10000
2009/06/08,0,132000,-77000,55000
2009/06/09,0,132000,-216000,-84000
2009/06/10,0,768000,-953000,-185000
2009/06/11,0,180000,-989000,-809000
2009/06/12,0,29000,-327000,-298000
2009/06/15,0,135000,-48000,87000
2009/06/16,0,0,-91000,-91000
2009/06/17,0,10000,-412000,-402000
2009/06/18,0,19000,-62000,-43000
2009/06/19,0,95000,-251000,-156000
2009/06/22,0,59000,-264000,-205000
2009/06/23,0,0,-46000,-46000
2009/06/24,0,211000,-45000,166000
2009/06/25,0,31000,-77000,-46000
2009/06/26,0,121000,-66000,55000
2009/06/29,0,183000,-99000,84000
2009/06/30,0,381000,-111000,270000
2009/07/01,0,178000,-7000,171000
2009/07/02,0,1263000,-44000,1219000
2009/07/03,0,56000,-1059000,-1003000
2009/07/06,0,63000,-173000,-110000
2009/07/07,0,78000,-31000,47000
2009/07/08,0,0,-74000,-74000
2009/07/09,0,10000,-13000,-3000
2009/07/10,0,4000,-10000,-6000
2009/07/13,0,10000,-49000,-39000
2009/07/14,0,63000,-98000,-35000
2009/07/15,0,281000,-100000,181000
2009/07/16,0,533000,-243000,290000
2009/07/17,0,415000,-145000,270000
2009/07/20,0,187000,-8000,179000
2009/07/21,0,1524000,-35000,1489000
2009/07/22,0,160000,-75000,85000
2009/07/23,0,110000,-31000,79000
2009/07/24,0,1000,-377000,-376000
2009/07/27,0,34000,-11000,23000
2009/07/28,0,334000,-13000,321000
2009/07/29,0,6000,-202000,-196000
2009/07/30,0,16000,-356000,-340000
2009/07/31,0,1210000,-147000,1063000
2009/08/03,0,1000,-38000,-37000
2009/08/04,0,36000,-160000,-124000
2009/08/05,0,5000,-100000,-95000
2009/08/06,0,40000,-182000,-142000
2009/08/07,0,0,0,0
2009/08/10,0,11000,-239600,-228600
2009/08/11,0,97000,-274000,-177000
2009/08/12,0,82000,-138000,-56000
2009/08/13,0,8000,-44000,-36000
2009/08/14,0,80000,-522000,-442000
2009/08/17,0,16000,-32000,-16000
2009/08/18,0,45000,-21000,24000
2009/08/19,0,81000,-96000,-15000
2009/08/20,0,38000,-39000,-1000
2009/08/21,0,33000,-32000,1000
2009/08/24,0,11000,-20000,-9000
2009/08/25,0,63000,-61000,2000
2009/08/26,0,1000,-67000,-66000
2009/08/27,0,1000,-14000,-13000
2009/08/28,0,161000,-8000,153000
2009/08/31,0,61023,-124000,-62977
2009/09/01,0,102000,-60000,42000
2009/09/02,0,560000,-118000,442000
2009/09/03,0,257000,-5000,252000
2009/09/04,0,6000,-621000,-615000
2009/09/07,0,68000,-20000,48000
2009/09/08,0,99000,-23000,76000
2009/09/09,0,32000,-52000,-20000
2009/09/10,0,325000,-18000,307000
2009/09/11,0,53000,-152000,-99000
2009/09/14,0,86000,-73000,13000
2009/09/15,0,261000,-1000,260000
2009/09/16,0,260000,-84000,176000
2009/09/17,0,278000,-60000,218000
2009/09/18,0,253000,-42000,211000
2009/09/21,0,12000,-103000,-91000
2009/09/22,0,59000,-43000,16000
2009/09/23,0,33000,-38000,-5000
2009/09/24,0,2000,-76000,-74000
2009/09/25,0,2000,-42000,-40000
2009/09/28,0,31000,-7000,24000
2009/09/29,0,41000,0,41000
2009/09/30,0,205407,-141600,63807
2009/10/01,0,265000,-22000,243000
2009/10/02,0,0,-89000,-89000
2009/10/05,0,0,-136000,-136000
2009/10/06,0,58000,-70000,-12000
2009/10/07,0,11000,-70000,-59000
2009/10/08,0,44000,-49000,-5000
2009/10/09,0,56000,-38000,18000
2009/10/12,0,12000,-73000,-61000
2009/10/13,0,138000,-51000,87000
2009/10/14,0,153000,-14000,139000
2009/10/15,0,145000,-97000,48000
2009/10/16,0,206000,-88000,118000
2009/10/19,0,371000,-10000,361000
2009/10/20,0,95000,-22000,73000
2009/10/21,0,123000,-67000,56000
2009/10/22,0,248250,-56000,192250
2009/10/23,0,137000,-117000,20000
2009/10/26,0,23000,-180000,-157000
2009/10/27,0,8000,-119000,-111000
2009/10/28,0,1000,-15000,-14000
2009/10/29,0,45000,-288339,-243339
2009/10/30,0,318000,-61000,257000
2009/11/02,0,76000,-94000,-18000
2009/11/03,0,23000,-103000,-80000
2009/11/04,0,81000,-31000,50000
2009/11/05,0,268000,-124000,144000
2009/11/06,0,195000,-103000,92000
2009/11/09,0,46000,-14000,32000
2009/11/10,0,71000,-14000,57000
2009/11/11,0,98000,-40000,58000
2009/11/12,0,172000,-488000,-316000
2009/11/13,0,141000,-73000,68000
2009/11/16,0,264000,-37000,227000
2009/11/17,0,271000,-136000,135000
2009/11/18,0,601000,-303000,298000
2009/11/19,0,306000,-449000,-143000
2009/11/20,0,264000,-209000,55000
2009/11/23,0,65000,-123924,-58924
2009/11/24,0,46000,-199000,-153000
2009/11/25,0,57000,-14000,43000
2009/11/26,0,37000,-36400,600
2009/11/27,0,21000,-140000,-119000
2009/11/30,0,42000,-109000,-67000
2009/12/01,0,110000,-23000,87000
2009/12/02,0,54000,-80000,-26000
2009/12/03,0,51000,-44819,6181
2009/12/04,0,53000,-1000,52000
2009/12/07,0,24000,-13000,11000
2009/12/08,0,5000,-27000,-22000
2009/12/09,0,64000,-50000,14000
2009/12/10,0,29000,-189850,-160850
2009/12/11,0,23000,-210000,-187000
2009/12/14,0,20000,-38000,-18000
2009/12/15,0,151000,-96000,55000
2009/12/16,0,17000,-29000,-12000
2009/12/17,0,46000,-217000,-171000
2009/12/18,0,24000,-101000,-77000
2009/12/21,0,32000,0,32000
2009/12/22,0,44000,-10000,34000
2009/12/23,0,33000,-11000,22000
2009/12/24,0,18000,0,18000
2009/12/25,0,10000,-21000,-11000
2009/12/28,0,103000,-165000,-62000
2009/12/29,0,36000,-70000,-34000
2009/12/30,0,19000,-16000,3000
2009/12/31,0,26000,-42000,-16000
2010/01/01,0,0,0,0
2010/01/04,0,121000,-33000,88000
2010/01/05,0,86000,-5000,81000
2010/01/06,0,102000,-60000,42000
2010/01/07,0,144000,-208000,-64000
2010/01/08,0,77000,-3000,74000
2010/01/11,0,43000,-624000,-581000
2010/01/12,0,154000,-278000,-124000
2010/01/13,0,8000,-91000,-83000
2010/01/14,0,64000,-9000,55000
2010/01/15,0,454000,-256000,198000
2010/01/18,0,552350,-516350,36000
2010/01/19,0,78000,-205000,-127000
2010/01/20,0,43000,-236000,-193000
2010/01/21,0,301000,-100000,201000
2010/01/22,0,52000,-157000,-105000
2010/01/25,0,91000,-16871,74129
2010/01/26,0,107000,-171000,-64000
2010/01/27,0,133000,-199000,-66000
2010/01/28,0,2000,-38000,-36000
2010/01/29,0,7000,-144000,-137000
2010/02/01,0,27000,-50000,-23000
2010/02/02,0,56000,-341000,-285000
2010/02/03,0,39000,-41000,-2000
2010/02/04,0,34000,-270000,-236000
2010/02/05,0,72000,-104000,-32000
2010/02/08,0,10000,-157000,-147000
2010/02/09,0,138000,-95000,43000
2010/02/10,0,25000,-50000,-25000
2010/02/11,0,0,0,0
2010/02/12,0,0,0,0
2010/02/15,0,0,0,0
2010/02/16,0,0,0,0
2010/02/17,0,0,0,0
2010/02/18,0,0,0,0
2010/02/19,0,0,0,0
2010/02/22,0,109000,-3000,106000
2010/02/23,0,32000,-35000,-3000
2010/02/24,0,2000,-19000,-17000
2010/02/25,0,93000,-170000,-77000
2010/02/26,0,18000,-34000,-16000
2010/03/01,0,66000,-15000,51000
2010/03/02,0,126000,-33000,93000
2010/03/03,0,80000,-56000,24000
2010/03/04,0,575000,-617000,-42000
2010/03/05,0,21000,-133000,-112000
2010/03/08,0,17000,-17000,0
2010/03/09,0,40000,-37000,3000
2010/03/10,0,28000,-53000,-25000
2010/03/11,0,19000,-17100,1900
2010/03/12,0,20000,-59000,-39000
2010/03/15,0,24000,-12000,12000
2010/03/16,0,112000,0,112000
2010/03/17,0,189000,0,189000
2010/03/18,0,239000,-58000,181000
2010/03/19,0,40000,-52000,-12000
2010/03/22,0,49000,-149900,-100900
2010/03/23,0,32000,-1000,31000
2010/03/24,0,37750,-240000,-202250
2010/03/25,0,54000,-52000,2000
2010/03/26,0,98000,-18000,80000
2010/03/29,0,138000,0,138000
2010/03/30,0,4000,-25000,-21000
2010/03/31,0,70000,-198000,-128000
2010/04/01,0,138000,-221000,-83000
2010/04/02,0,511000,-546000,-35000
2010/04/05,0,0,0,0
2010/04/06,0,247000,-37000,210000
2010/04/07,0,123000,-170000,-47000
2010/04/08,0,131000,-48000,83000
2010/04/09,0,419000,-87000,332000
2010/04/12,0,150000,-61000,89000
2010/04/13,0,213000,-157000,56000
2010/04/14,0,70000,-24000,46000
2010/04/15,0,24000,-73000,-49000
2010/04/16,0,19000,-245000,-226000
2010/04/19,0,119000,-122000,-3000
2010/04/20,0,27000,-117000,-90000
2010/04/21,0,149000,-183000,-34000
2010/04/22,0,203000,-200000,3000
2010/04/23,0,0,-261000,-261000
2010/04/26,0,69000,0,69000
2010/04/27,0,10000,0,10000
2010/04/28,0,42000,-41000,1000
2010/04/29,0,108000,-76000,32000
2010/04/30,0,55000,0,55000
2010/05/03,0,8000,-98000,-90000
2010/05/04,0,19000,-33000,-14000
2010/05/05,0,0,-304000,-304000
2010/05/06,0,14000,-179250,-165250
2010/05/07,0,85000,-53650,31350
2010/05/10,0,36000,-86000,-50000
2010/05/11,0,32000,-409000,-377000
2010/05/12,0,18000,-213000,-195000
2010/05/13,0,122000,-324000,-202000
2010/05/14,0,39000,-148000,-109000
2010/05/17,0,66000,-643000,-577000
2010/05/18,0,137000,-221000,-84000
2010/05/19,0,210000,-479000,-269000
2010/05/20,0,70000,-335000,-265000
2010/05/21,0,140000,-180000,-40000
2010/05/24,0,92000,-358000,-266000
2010/05/25,0,105000,-900500,-795500
2010/05/26,0,176000,-26000,150000
2010/05/27,0,54000,-25000,29000
2010/05/28,0,62000,-19772,42228
2010/05/31,0,58000,-44000,14000
2010/06/01,0,19000,-79000,-60000
2010/06/02,0,88000,-50000,38000
2010/06/03,0,46000,0,46000
2010/06/04,0,228000,-2000,226000
2010/06/07,0,1000,-96000,-95000
2010/06/08,0,3000,-76000,-73000
2010/06/09,0,96000,-17000,79000
2010/06/10,0,50000,-103000,-53000
2010/06/11,0,129000,0,129000
2010/06/14,0,62000,-2000,60000
2010/06/15,0,47000,0,47000
2010/06/16,0,0,0,0
2010/06/17,0,165000,-6000,159000
2010/06/18,0,26000,-74000,-48000
2010/06/21,0,112000,-42000,70000
2010/06/22,0,14000,0,14000
2010/06/23,0,25000,-20000,5000
2010/06/24,0,405000,-31000,374000
2010/06/25,0,194000,-9000,185000
2010/06/28,0,62000,-18000,44000
2010/06/29,0,58000,-13000,45000
2010/06/30,0,385000,-93000,292000
2010/07/01,0,16000,-100000,-84000
2010/07/02,0,30000,-19000,11000
2010/07/05,0,101000,-47000,54000
2010/07/06,0,72000,-2000,70000
2010/07/07,0,137000,-85000,52000
2010/07/08,0,178000,-1000,177000
2010/07/09,0,185000,-21000,164000
2010/07/12,0,292000,-15000,277000
2010/07/13,0,170000,-18000,152000
2010/07/14,0,170000,-59000,111000
2010/07/15,0,156000,-1000,155000
2010/07/16,0,117000,-17000,100000
2010/07/19,0,90000,-34000,56000
2010/07/20,0,384000,-25000,359000
2010/07/21,0,214000,-15000,199000
2010/07/22,0,445000,-110000,335000
2010/07/23,0,350000,-5000,345000
2010/07/26,0,96000,-4000,92000
2010/07/27,0,448000,-26000,422000
2010/07/28,0,152000,-10000,142000
2010/07/29,0,425000,-153000,272000
2010/07/30,0,104000,-383000,-279000
2010/08/02,0,1938000,-234000,1704000
2010/08/03,0,887000,-137000,750000
2010/08/04,0,490000,-150000,340000
2010/08/05,0,383000,-49000,334000
2010/08/06,0,358000,-57000,301000
2010/08/09,0,56000,-29000,27000
2010/08/10,0,366000,-24000,342000
2010/08/11,0,521000,-33000,488000
2010/08/12,0,645000,-14000,631000
2010/08/13,0,400000,-42000,358000
2010/08/16,0,165900,-42000,123900
2010/08/17,0,178000,-4000,174000
2010/08/18,0,231000,-79000,152000
2010/08/19,0,806000,-30000,776000
2010/08/20,0,186000,-190000,-4000
2010/08/23,0,888000,-418000,470000
2010/08/24,0,191000,-92000,99000
2010/08/25,0,57000,-122000,-65000
2010/08/26,0,330000,-158000,172000
2010/08/27,0,146000,-43000,103000
2010/08/30,0,583000,-4000,579000
2010/08/31,0,1042000,-94000,948000
2010/09/01,0,88000,-294000,-206000
2010/09/02,0,618000,-54000,564000
2010/09/03,0,32000,-57000,-25000
2010/09/06,0,87000,-42000,45000
2010/09/07,0,25000,-247000,-222000
2010/09/08,0,109000,-280000,-171000
2010/09/09,0,141000,-350000,-209000
2010/09/10,0,86000,-104000,-18000
2010/09/13,0,406000,-13000,393000
2010/09/14,0,117000,-14000,103000
2010/09/15,0,158000,-20000,138000
2010/09/16,0,682000,-19000,663000
2010/09/17,0,214103,-223000,-8897
2010/09/20,0,290000,0,290000
2010/09/21,0,22000,-37748,-15748
2010/09/22,0,0,0,0
2010/09/23,0,57632,0,57632
2010/09/24,0,235000,-80000,155000
2010/09/27,0,75000,-3000,72000
2010/09/28,0,190000,-46000,144000
2010/09/29,0,107000,-14000,93000
2010/09/30,0,245220,-56000,189220
2010/10/01,0,42000,-2000,40000
2010/10/04,0,360000,-14000,346000
2010/10/05,0,272000,-96000,176000
2010/10/06,0,111000,0,111000
2010/10/07,0,85000,-334000,-249000
2010/10/08,0,61000,-51000,10000
2010/10/11,0,222000,-14000,208000
2010/10/12,0,21000,-112000,-91000
2010/10/13,0,34000,-152000,-118000
2010/10/14,0,231524,-9000,222524
2010/10/15,0,374000,-72000,302000
2010/10/18,0,75000,-99000,-24000
2010/10/19,0,38000,-45000,-7000
2010/10/20,0,170000,-203000,-33000
2010/10/21,0,220000,-83291,136709
2010/10/22,0,54000,-27000,27000
2010/10/25,0,228000,0,228000
2010/10/26,0,73000,0,73000
2010/10/27,0,88000,-208916,-120916
2010/10/28,0,76000,-5000,71000
2010/10/29,0,78000,-263000,-185000
2010/11/01,0,168000,-177000,-9000
2010/11/02,0,195000,-294414,-99414
2010/11/03,0,208000,-60152,147848
2010/11/04,0,106000,-49000,57000
2010/11/05,0,61000,-36000,25000
2010/11/08,0,48000,-63000,-15000
2010/11/09,0,0,-64000,-64000
2010/11/10,0,15000,-64398,-49398
2010/11/11,0,134000,-37000,97000
2010/11/12,0,22000,-49000,-27000
2010/11/15,0,121000,-500000,-379000
2010/11/16,0,48000,-244830,-196830
2010/11/17,0,110000,-222000,-112000
2010/11/18,0,67000,-177000,-110000
2010/11/19,0,39000,-60000,-21000
2010/11/22,0,72000,-15000,57000
2010/11/23,0,34878,-28000,6878
2010/11/24,0,49000,-84000,-35000
2010/11/25,0,2000,-123000,-121000
2010/11/26,0,27000,-98000,-71000
2010/11/29,0,59000,-277000,-218000
2010/11/30,0,119000,-150900,-31900
2010/12/01,0,144000,-62000,82000
2010/12/02,0,89000,-61000,28000
2010/12/03,0,72000,-96000,-24000
2010/12/06,0,197000,-46000,151000
2010/12/07,0,64000,-4000,60000
2010/12/08,0,96000,-209000,-113000
2010/12/09,0,206000,-253690,-47690
2010/12/10,0,84000,-2000,82000
2010/12/13,0,92000,-14000,78000
2010/12/14,0,142000,-44000,98000
2010/12/15,0,134000,-181000,-47000
2010/12/16,0,221000,-5000,216000
2010/12/17,0,87000,-23000,64000
2010/12/20,0,60000,-233000,-173000
2010/12/21,0,45000,-52615,-7615
2010/12/22,0,19000,-25677,-6677
2010/12/23,0,19000,-114000,-95000
2010/12/24,0,10000,-19000,-9000
2010/12/27,0,60000,0,60000
2010/12/28,0,49000,-81000,-32000
2010/12/29,0,81000,-146000,-65000
2010/12/30,0,51000,-275000,-224000
2010/12/31,0,84000,-288000,-204000
2011/01/03,0,92000,-31000,61000
2011/01/04,0,74000,-470000,-396000
2011/01/05,0,471000,-671000,-200000
2011/01/06,0,0,-19000,-19000
2011/01/07,0,59000,-601000,-542000
2011/01/10,0,69000,-117000,-48000
2011/01/11,0,3000,-194000,-191000
2011/01/12,0,69000,-163736,-94736
2011/01/13,0,5000,-176766,-171766
2011/01/14,0,178000,-552000,-374000
2011/01/17,0,28000,-206000,-178000
2011/01/18,0,84653,-546000,-461347
2011/01/19,0,348000,-393979,-45979
2011/01/20,0,53000,-238000,-185000
2011/01/21,0,8000,-136166,-128166
2011/01/24,0,57000,-137000,-80000
2011/01/25,0,4000,-211000,-207000
2011/01/26,0,0,-242442,-242442
2011/01/27,0,20000,-147000,-127000
2011/01/28,0,48000,-15000,33000
2011/01/31,0,0,0,0
2011/02/01,0,0,0,0
2011/02/02,0,0,0,0
2011/02/03,0,0,0,0
2011/02/04,0,0,0,0
2011/02/07,0,0,0,0
2011/02/08,0,106000,-621089,-515089
2011/02/09,0,64000,-300475,-236475
2011/02/10,0,53000,-198000,-145000
2011/02/11,0,31000,-227000,-196000
2011/02/14,0,0,-221000,-221000
2011/02/15,0,4000,-201343,-197343
2011/02/16,0,123000,-163000,-40000
2011/02/17,0,6000,-460000,-454000
2011/02/18,0,164000,-28000,136000
2011/02/21,0,0,-68000,-68000
2011/02/22,0,36000,-249000,-213000
2011/02/23,0,86000,-106000,-20000
2011/02/24,0,1000,-105000,-104000
2011/02/25,0,54000,-65000,-11000
2011/02/28,0,0,0,0
2011/03/01,0,76000,-106984,-30984
2011/03/02,0,120000,-346000,-226000
2011/03/03,0,9000,-150000,-141000
2011/03/04,0,23000,-390429,-367429
2011/03/07,0,325000,-134000,191000
2011/03/08,0,312000,0,312000
2011/03/09,0,39000,-36000,3000
2011/03/10,0,0,-93000,-93000
2011/03/11,0,135000,-579000,-444000
2011/03/14,0,126000,-180000,-54000
2011/03/15,0,280000,-245000,35000
2011/03/16,0,114000,-754000,-640000
2011/03/17,0,260000,-155000,105000
2011/03/18,0,174000,-110000,64000
2011/03/21,0,90000,-48000,42000
2011/03/22,0,134000,-200000,-66000
2011/03/23,0,58000,-24000,34000
2011/03/24,0,30000,-1000,29000
2011/03/25,0,92000,-126694,-34694
2011/03/28,0,129000,0,129000
2011/03/29,0,138000,-72025,65975
2011/03/30,0,24000,-23000,1000
2011/03/31,0,176676,-35000,141676
2011/04/01,0,80000,-2000,78000
2011/04/04,0,0,0,0
2011/04/05,0,0,0,0
2011/04/06,0,149000,-117536,31464
2011/04/07,0,7000,0,7000
2011/04/08,0,55000,0,55000
2011/04/11,0,38000,-35000,3000
2011/04/12,0,154000,-22000,132000
2011/04/13,0,236000,-96000,140000
2011/04/14,0,81000,-181000,-100000
2011/04/15,0,40000,-50000,-10000
2011/04/18,0,44000,-16000,28000
2011/04/19,0,32000,-25000,7000
2011/04/20,0,97000,0,97000
2011/04/21,0,1060000,-8000,1052000
2011/04/22,0,188000,-127000,61000
2011/04/25,0,121000,-174000,-53000
2011/04/26,0,117000,-278000,-161000
2011/04/27,0,328000,-30000,298000
2011/04/28,0,60000,-35000,25000
2011/04/29,0,180000,-303000,-123000
2011/05/02,0,0,0,0
2011/05/03,0,466000,-60000,406000
2011/05/04,0,647000,-355000,292000
2011/05/05,0,75000,-66000,9000
2011/05/06,0,285000,-101246,183754
2011/05/09,0,107000,-161000,-54000
2011/05/10,0,411000,-1000,410000
2011/05/11,0,155000,-123000,32000
2011/05/12,0,142000,-41000,101000
2011/05/13,0,527000,-38000,489000
2011/05/16,0,307000,-73000,234000
2011/05/17,0,1201000,-457000,744000
2011/05/18,0,196000,-135000,61000
2011/05/19,0,76000,-125000,-49000
2011/05/20,0,176000,-21000,155000
2011/05/23,0,324000,-34000,290000
2011/05/24,0,119000,-10000,109000
2011/05/25,0,484000,-169000,315000
2011/05/26,0,241000,-101893,139107
2011/05/27,0,0,-41000,-41000
2011/05/30,0,0,-50000,-50000
2011/05/31,0,273000,-165000,108000
2011/06/01,0,281000,-24000,257000
2011/06/02,0,284000,-116000,168000
2011/06/03,0,130000,-1000,129000
2011/06/06,0,0,0,0
2011/06/07,0,64000,-37000,27000
2011/06/08,0,584000,-330000,254000
2011/06/09,0,121000,-39000,82000
2011/06/10,0,68000,-558000,-490000
2011/06/13,0,9000,-147000,-138000
2011/06/14,0,128000,-25000,103000
2011/06/15,0,678000,-781000,-103000
2011/06/16,0,16000,-445000,-429000
2011/06/17,0,975000,-164000,811000
2011/06/20,0,155000,-160170,-5170
2011/06/21,0,262000,-469000,-207000
2011/06/22,0,77000,-411000,-334000
2011/06/23,0,242000,-600000,-358000
2011/06/24,0,285000,-31000,254000
2011/06/27,0,25000,-86000,-61000
2011/06/28,0,89000,-18001,70999
2011/06/29,0,124000,-5000,119000
2011/06/30,0,86000,-139000,-53000
2011/07/01,0,249000,-155000,94000
2011/07/04,0,0,-471000,-471000
2011/07/05,0,133000,-1191091,-1058091
2011/07/06,0,123000,-478000,-355000
2011/07/07,0,360000,-362000,-2000
2011/07/08,0,232000,-121000,111000
2011/07/11,0,141000,-40000,101000
2011/07/12,0,58000,-117000,-59000
2011/07/13,0,158000,-66000,92000
2011/07/14,0,33000,-67000,-34000
2011/07/15,0,116000,-155000,-39000
2011/07/18,0,3000,-86000,-83000
2011/07/19,0,82000,-223000,-141000
2011/07/20,0,325000,-34000,291000
2011/07/21,0,494000,-44000,450000
2011/07/22,0,391000,-11000,380000
2011/07/25,0,1042000,-64000,978000
2011/07/26,0,991000,-32000,959000
2011/07/27,0,617000,-77000,540000
2011/07/28,0,59000,-71000,-12000
2011/07/29,0,478000,-146000,332000
2011/08/01,0,618000,-42000,576000
2011/08/02,0,30000,-443000,-413000
2011/08/03,0,247000,-413000,-166000
2011/08/04,0,441000,-488473,-47473
2011/08/05,0,919000,-594000,325000
2011/08/08,0,177000,-652000,-475000
2011/08/09,0,506000,-337708,168292
2011/08/10,0,88000,-1382000,-1294000
2011/08/11,0,311000,-835000,-524000
2011/08/12,0,11000,-474000,-463000
2011/08/15,0,157000,-113000,44000
2011/08/16,0,227000,-197000,30000
2011/08/17,0,435000,-352000,83000
2011/08/18,0,256000,-566000,-310000
2011/08/19,0,392000,-46000,346000
2011/08/22,0,404000,-184000,220000
2011/08/23,0,349000,-41000,308000
2011/08/24,0,98000,-457000,-359000
2011/08/25,0,95000,0,95000
2011/08/26,0,123000,-108000,15000
2011/08/29,0,313000,-51000,262000
2011/08/30,0,165891,-477000,-311109
2011/08/31,0,186000,-76000,110000
2011/09/01,0,36000,-238000,-202000
2011/09/02,0,29000,-206000,-177000
2011/09/05,0,0,-340000,-340000
2011/09/06,0,90000,-562000,-472000
2011/09/07,0,122000,-101000,21000
2011/09/08,0,102890,-280140,-177250
2011/09/09,0,136754,-43000,93754
2011/09/12,0,0,0,0
2011/09/13,0,52000,-53000,-1000
2011/09/14,0,193000,-290000,-97000
2011/09/15,0,212000,-97675,114325
2011/09/16,0,620000,-32001,587999
2011/09/19,0,73000,-117000,-44000
2011/09/20,0,284000,-192961,91039
2011/09/21,0,381000,-38000,343000
2011/09/22,0,85000,-394096,-309096
2011/09/23,0,162000,-337411,-175411
2011/09/26,0,411000,-286723,124277
2011/09/27,0,126000,-146489,-20489
2011/09/28,0,50000,-1017000,-967000
2011/09/29,0,234000,-41220,192780
2011/09/30,0,93000,-321000,-228000
2011/10/03,0,43000,-583000,-540000
2011/10/04,0,570000,-224000,346000
2011/10/05,0,28000,-125000,-97000
2011/10/06,0,81000,-462000,-381000
2011/10/07,0,38000,-5000,33000
2011/10/10,0,0,0,0
2011/10/11,0,73000,-208000,-135000
2011/10/12,0,34000,-98000,-64000
2011/10/13,0,88000,-132000,-44000
2011/10/14,0,15000,-57000,-42000
2011/10/17,0,86000,-254000,-168000
2011/10/18,0,59330,-144406,-85076
2011/10/19,0,148000,-517637,-369637
2011/10/20,0,30000,-138000,-108000
2011/10/21,0,61000,-163000,-102000
2011/10/24,0,443000,-4000,439000
2011/10/25,0,78000,-44000,34000
2011/10/26,0,213000,-91000,122000
2011/10/27,0,43000,-4000,39000
2011/10/28,0,178000,-201034,-23034
2011/10/31,0,359000,-315000,44000
2011/11/01,0,269000,-115000,154000
2011/11/02,0,33000,-94000,-61000
2011/11/03,0,23000,-151000,-128000
2011/11/04,0,158000,-21000,137000
2011/11/07,0,31000,0,31000
2011/11/08,0,154000,-42000,112000
2011/11/09,0,50000,-82961,-32961
2011/11/10,0,33000,-405000,-372000
2011/11/11,0,80000,-92000,-12000
2011/11/14,0,19000,-35000,-16000
2011/11/15,0,35000,-94000,-59000
2011/11/16,0,14492,-102000,-87508
2011/11/17,0,27000,-62000,-35000
2011/11/18,0,173000,-28000,145000
2011/11/21,0,111000,-29000,82000
2011/11/22,0,114000,-14000,100000
2011/11/23,0,75000,-276000,-201000
2011/11/24,0,331000,-38000,293000
2011/11/25,0,6000,-407000,-401000
2011/11/28,0,49000,-41000,8000
2011/11/29,0,27858,-82000,-54142
2011/11/30,0,145000,-214603,-69603
2011/12/01,0,488000,-88000,400000
2011/12/02,0,147000,-67000,80000
2011/12/05,0,107000,-57000,50000
2011/12/06,0,54000,-208246,-154246
2011/12/07,0,169000,-33000,136000
2011/12/08,0,38000,-57550,-19550
2011/12/09,0,18000,-142000,-124000
2011/12/12,0,32000,-17000,15000
2011/12/13,0,39000,-313270,-274270
2011/12/14,0,88000,-96402,-8402
2011/12/15,0,217000,-300514,-83514
2011/12/16,0,125938,-100000,25938
2011/12/19,0,33000,-361000,-328000
2011/12/20,0,106000,-150684,-44684
2011/12/21,0,102000,-232000,-130000
2011/12/22,0,47945,-298000,-250055
2011/12/23,0,250000,-98000,152000
2011/12/26,0,89000,-76000,13000
2011/12/27,0,55000,-64000,-9000
2011/12/28,0,91948,-29000,62948
2011/12/29,0,188300,-9807,178493
2011/12/30,0,94000,-86000,8000
2012/01/02,0,62000,-110000,-48000
2012/01/03,0,30000,-3136,26864
2012/01/04,0,3000,-276000,-273000
2012/01/05,0,65000,-98356,-33356
2012/01/06,0,47000,-273000,-226000
2012/01/09,0,78000,-57000,21000
2012/01/10,0,169000,-67000,102000
2012/01/11,0,57000,-131000,-74000
2012/01/12,0,119000,-86000,33000
2012/01/13,0,195000,-70000,125000
2012/01/16,0,120000,-194715,-74715
2012/01/17,0,444600,-66000,378600
2012/01/18,0,506876,-183000,323876
2012/01/19,0,0,0,0
2012/01/20,0,0,0,0
2012/01/23,0,0,0,0
2012/01/24,0,0,0,0
2012/01/25,0,0,0,0
2012/01/26,0,0,0,0
2012/01/27,0,0,0,0
2012/01/30,0,134100,-25000,109100
2012/01/31,0,25000,-197000,-172000
2012/02/01,0,66976,-361000,-294024
2012/02/02,0,226878,-297000,-70122
2012/02/03,0,174000,-136000,38000
2012/02/06,0,133000,-219000,-86000
2012/02/07,0,157000,-42000,115000
2012/02/08,0,134880,-58000,76880
2012/02/09,0,115000,-178000,-63000
2012/02/10,0,151000,-30000,121000
2012/02/13,0,10000,-247000,-237000
2012/02/14,0,20000,-558000,-538000
2012/02/15,0,99642,-176300,-76658
2012/02/16,0,68000,-292077,-224077
2012/02/17,0,131000,-395527,-264527
2012/02/20,0,60000,-33000,27000
2012/02/21,0,71000,-97000,-26000
2012/02/22,0,85000,-258230,-173230
2012/02/23,0,33000,-294000,-261000
2012/02/24,0,286000,-772550,-486550
2012/02/27,0,0,0,0
2012/02/28,0,0,0,0
2012/02/29,0,78000,-605922,-527922
2012/03/01,0,455000,-57000,398000
2012/03/02,0,157886,-88000,69886
2012/03/05,0,35000,-87007,-52007
2012/03/06,0,179000,-445000,-266000
2012/03/07,0,109000,-22000,87000
2012/03/08,0,141000,-272000,-131000
2012/03/09,0,192000,-204227,-12227
2012/03/12,0,122688,-22000,100688
2012/03/13,0,377000,-319648,57352
2012/03/14,0,255000,0,255000
2012/03/15,0,44000,-296000,-252000
2012/03/16,0,280000,-507000,-227000
2012/03/19,0,2000,-421508,-419508
2012/03/20,0,16000,-1000,15000
2012/03/21,0,134000,-19000,115000
2012/03/22,0,223000,-1000,222000
2012/03/23,0,21000,-9000,12000
2012/03/26,0,102000,-78172,23828
2012/03/27,0,30941,-174000,-143059
2012/03/28,0,183592,-371746,-188154
2012/03/29,0,128000,-111002,16998
2012/03/30,0,121000,-13000,108000
2012/04/02,0,127000,-94000,33000
2012/04/03,0,153000,-224000,-71000
2012/04/04,0,0,0,0
2012/04/05,0,102000,-191000,-89000
2012/04/06,0,79000,-185000,-106000
2012/04/09,0,33000,-149000,-116000
2012/04/10,0,81000,-474944,-393944
2012/04/11,0,43000,-64000,-21000
2012/04/12,0,87000,-224798,-137798
2012/04/13,0,54000,-47000,7000
2012/04/16,0,20000,-116000,-96000
2012/04/17,0,21000,-97000,-76000
2012/04/18,0,267000,-80000,187000
2012/04/19,0,159000,-73000,86000
2012/04/20,0,121000,-161000,-40000
2012/04/23,0,104000,-106000,-2000
2012/04/24,0,183000,-22000,161000
2012/04/25,0,90000,-239000,-149000
2012/04/26,0,86000,-542959,-456959
2012/04/27,0,43000,-494000,-451000
2012/04/30,0,35000,-754990,-719990
2012/05/01,0,0,0,0
2012/05/02,0,271000,-1365000,-1094000
2012/05/03,0,293000,-67000,226000
2012/05/04,0,84000,-45000,39000
2012/05/07,0,67000,-63000,4000
2012/05/08,0,164000,-108000,56000
2012/05/09,0,206000,-122000,84000
2012/05/10,0,4000,-160000,-156000
2012/05/11,0,20000,-18000,2000
2012/05/14,0,116000,-42000,74000
2012/05/15,0,23000,-17001,5999
2012/05/16,0,29000,-19000,10000
2012/05/17,0,59000,-35000,24000
2012/05/18,0,27000,-63000,-36000
2012/05/21,0,152000,-51000,101000
2012/05/22,0,63000,-91000,-28000
2012/05/23,0,134396,-84000,50396
2012/05/24,0,63000,-28000,35000
2012/05/25,0,83000,-2000,81000
2012/05/28,0,30000,0,30000
2012/05/29,0,108000,-6000,102000
2012/05/30,0,65000,-137983,-72983
2012/05/31,0,331000,-71000,260000
2012/06/01,0,20000,-44892,-24892
2012/06/04,0,86000,-108000,-22000
2012/06/05,0,140000,-76000,64000
2012/06/06,0,84000,-3000,81000
2012/06/07,0,0,-63332,-63332
2012/06/08,0,63000,-9000,54000
2012/06/11,0,82000,-67660,14340
2012/06/12,0,20000,-16000,4000
2012/06/13,0,125000,-92000,33000
2012/06/14,0,104000,-17332,86668
2012/06/15,0,505000,-1217281,-712281
2012/06/18,0,475000,-87000,388000
2012/06/19,0,569000,-73000,496000
2012/06/20,0,321000,-84000,237000
2012/06/21,0,115760,-139000,-23240
2012/06/22,0,66000,-47000,19000
2012/06/25,0,52000,-52000,0
2012/06/26,0,86000,-66000,20000
2012/06/27,0,101000,-54000,47000
2012/06/28,0,36682,-86000,-49318
2012/06/29,0,218682,-78000,140682
2012/07/02,0,4000,-28000,-24000
2012/07/03,0,62000,-12000,50000
2012/07/04,0,9000,-14000,-5000
2012/07/05,0,4000,-10048,-6048
2012/07/06,0,104000,-7000,97000
2012/07/09,0,13000,-50000,-37000
2012/07/10,0,171000,-73000,98000
2012/07/11,0,156000,-77000,79000
2012/07/12,0,9000,-400000,-391000
2012/07/13,0,385000,-58000,327000
2012/07/16,0,41000,-131000,-90000
2012/07/17,0,95000,-1000,94000
2012/07/18,0,206000,-99000,107000
2012/07/19,0,348000,-9000,339000
2012/07/20,0,120000,-85000,35000
2012/07/23,0,134000,0,134000
2012/07/24,0,188000,0,188000
2012/07/25,0,110000,0,110000
2012/07/26,0,86000,-9000,77000
2012/07/27,0,649000,-14000,635000
2012/07/30,0,111000,-94000,17000
2012/07/31,0,392000,-419000,-27000
2012/08/01,0,67000,-784000,-717000
2012/08/02,0,0,0,0
2012/08/03,0,662000,-500000,162000
2012/08/06,0,100530,-164000,-63470
2012/08/07,0,126000,-13330,112670
2012/08/08,0,174000,-218800,-44800
2012/08/09,0,93000,-70000,23000
2012/08/10,0,19000,-18000,1000
2012/08/13,0,223000,0,223000
2012/08/14,0,516000,0,516000
2012/08/15,0,129000,-88000,41000
2012/08/16,0,93777,-40000,53777
2012/08/17,0,839000,-35000,804000
2012/08/20,0,595000,-170000,425000
2012/08/21,0,30000,-177000,-147000
2012/08/22,0,3000,-196000,-193000
2012/08/23,0,478792,-75000,403792
2012/08/24,0,181000,-172000,9000
2012/08/27,0,1000,-9000,-8000
2012/08/28,0,457000,-20000,437000
2012/08/29,0,268000,-34000,234000
2012/08/30,0,72798,-186000,-113202
2012/08/31,0,24000,-213000,-189000
2012/09/03,0,2000,-18000,-16000
2012/09/04,0,6000,-75000,-69000
2012/09/05,0,63000,-6000,57000
2012/09/06,0,87000,-502861,-415861
2012/09/07,0,23000,-12000,11000
2012/09/10,0,1000,-31000,-30000
2012/09/11,0,0,-31000,-31000
2012/09/12,0,201000,-15000,186000
2012/09/13,0,15000,-98000,-83000
2012/09/14,0,482012,-61000,421012
2012/09/17,0,128000,-84000,44000
2012/09/18,0,421259,-46300,374959
2012/09/19,0,200000,-42750,157250
2012/09/20,0,94000,-1000,93000
2012/09/21,0,138454,-219980,-81526
2012/09/24,0,24000,-32000,-8000
2012/09/25,0,82000,-10000,72000
2012/09/26,0,93000,-128000,-35000
2012/09/27,0,78000,-7000,71000
2012/09/28,0,417873,-30000,387873
2012/10/01,0,376000,-93000,283000
2012/10/02,0,54000,-5000,49000
2012/10/03,0,195000,-3000,192000
2012/10/04,0,407000,-278130,128870
2012/10/05,0,474445,-24000,450445
2012/10/08,0,404000,-62000,342000
2012/10/09,0,416000,-13000,403000
2012/10/10,0,0,0,0
2012/10/11,0,599648,-71000,528648
2012/10/12,0,669000,-72000,597000
2012/10/15,0,716000,-51000,665000
2012/10/16,0,445000,-121000,324000
2012/10/17,0,186000,-273102,-87102
2012/10/18,0,318000,-34000,284000
2012/10/19,0,173000,-76000,97000
2012/10/22,0,7000,-89000,-82000
2012/10/23,0,50000,-37000,13000
2012/10/24,0,56000,-125000,-69000
2012/10/25,0,75000,-133000,-58000
2012/10/26,0,198000,-206000,-8000
2012/10/29,0,277000,-78000,199000
2012/10/30,0,293000,-110000,183000
2012/10/31,0,155000,-95000,60000
2012/11/01,0,196000,-34000,162000
2012/11/02,0,24000,-68000,-44000
2012/11/05,0,54440,-10000,44440
2012/11/06,0,166000,-62000,104000
2012/11/07,0,227000,-43000,184000
2012/11/08,0,462000,-77000,385000
2012/11/09,0,320000,-74284,245716
2012/11/12,0,73000,-19000,54000
2012/11/13,0,237000,-130000,107000
2012/11/14,0,156000,-100000,56000
2012/11/15,0,456000,-61000,395000
2012/11/16,0,209000,-219000,-10000
2012/11/19,0,126000,-80000,46000
2012/11/20,0,471000,-80000,391000
2012/11/21,0,770000,-141000,629000
2012/11/22,0,33855,-16000,17855
2012/11/23,0,325000,-42000,283000
2012/11/26,0,254000,-10000,244000
2012/11/27,0,226096,-7000,219096
2012/11/28,0,161000,-5000,156000
2012/11/29,0,310000,-73000,237000
2012/11/30,0,135000,-155695,-20695
2012/12/03,0,486355,0,486355
2012/12/04,0,215770,-4000,211770
2012/12/05,0,264000,-34000,230000
2012/12/06,0,290000,-409000,-119000
2012/12/07,0,335000,-169000,166000
2012/12/10,0,72000,-9000,63000
2012/12/11,0,152000,-8000,144000
2012/12/12,0,160000,-34000,126000
2012/12/13,0,132000,-11000,121000
2012/12/14,0,191000,-1000,190000
2012/12/17,0,223000,-134695,88305
2012/12/18,0,137000,-82000,55000
2012/12/19,0,198380,-231000,-32620
2012/12/20,0,76100,-14000,62100
2012/12/21,0,144000,-598234,-454234
2012/12/24,0,352000,-34000,318000
2012/12/25,0,514000,-5000,509000
2012/12/26,0,217000,-2000,215000
2012/12/27,0,72000,-173000,-101000
2012/12/28,0,323000,-249000,74000
2012/12/31,0,0,0,0
2013/01/01,0,0,0,0
2013/01/02,0,484000,-81000,403000
2013/01/03,0,91000,-435155,-344155
2013/01/04,0,212000,-654000,-442000
2013/01/07,0,210440,-362000,-151560
2013/01/08,0,186016,-309000,-122984
2013/01/09,0,236000,-365000,-129000
2013/01/10,0,495000,-333000,162000
2013/01/11,0,366000,-266000,100000
2013/01/14,0,205000,-177000,28000
2013/01/15,0,93000,-133000,-40000
2013/01/16,0,92000,-311000,-219000
2013/01/17,0,99000,-404000,-305000
2013/01/18,0,125849,-364000,-238151
2013/01/21,0,226000,-182000,44000
2013/01/22,0,181000,-199000,-18000
2013/01/23,0,137000,-423000,-286000
2013/01/24,0,182000,-126000,56000
2013/01/25,0,125574,-251000,-125426
2013/01/28,0,78000,-4000,74000
2013/01/29,0,209000,-91000,118000
2013/01/30,0,127000,-137000,-10000
2013/01/31,0,135000,-124000,11000
2013/02/01,0,244000,-37000,207000
2013/02/04,0,209000,-271000,-62000
2013/02/05,0,71000,-138000,-67000
2013/02/06,0,230616,-239000,-8384
2013/02/07,0,0,0,0
2013/02/08,0,0,0,0
2013/02/11,0,0,0,0
2013/02/12,0,0,0,0
2013/02/13,0,0,0,0
2013/02/14,0,0,0,0
2013/02/15,0,0,0,0
2013/02/18,0,232924,-155000,77924
2013/02/19,0,1249000,-335000,914000
2013/02/20,0,226993,-327000,-100007
2013/02/21,0,319312,-131000,188312
2013/02/22,0,205000,-370000,-165000
2013/02/25,0,305000,-517000,-212000
2013/02/26,0,175954,-79000,96954
2013/02/27,0,299000,-116553,182447
2013/02/28,0,0,0,0
2013/03/01,0,149318,-101000,48318
2013/03/04,0,365626,-269000,96626
2013/03/05,0,128624,-118000,10624
2013/03/06,0,186311,-212000,-25689
2013/03/07,0,671000,-349000,322000
2013/03/08,0,692311,-116000,576311
2013/03/11,0,276000,-169000,107000
2013/03/12,0,108318,-139000,-30682
2013/03/13,0,479000,-99000,380000
2013/03/14,0,663594,-141380,522214
2013/03/15,0,863352,-292314,571038
2013/03/18,0,364000,-299000,65000
2013/03/19,0,247000,-350000,-103000
2013/03/20,0,114000,-230421,-116421
2013/03/21,0,170297,-200000,-29703
2013/03/22,0,441867,-1254002,-812135
2013/03/25,0,211000,-199000,12000
2013/03/26,0,112626,-74000,38626
2013/03/27,0,182000,-1046000,-864000
2013/03/28,0,248255,-120000,128255
2013/03/29,0,396000,-18000,378000
2013/04/01,0,37000,-92000,-55000
2013/04/02,0,343000,-315000,28000
2013/04/03,0,241000,-60000,181000
2013/04/04,0,0,0,0
2013/04/05,0,0,0,0
2013/04/08,0,308976,-1128000,-819024
2013/04/09,0,161000,-385000,-224000
2013/04/10,0,87884,-475000,-387116
2013/04/11,0,162000,-588000,-426000
2013/04/12,0,53000,-76000,-23000
2013/04/15,0,442000,-240000,202000
2013/04/16,0,451000,-89000,362000
2013/04/17,0,233000,-358195,-125195
2013/04/18,0,750000,-375000,375000
2013/04/19,0,999000,-564000,435000
2013/04/22,0,118000,-312000,-194000
2013/04/23,0,250752,-19000,231752
2013/04/24,0,175000,-112000,63000
2013/04/25,0,104000,-427000,-323000
2013/04/26,0,583000,-66000,517000
2013/04/29,0,672000,-154000,518000
2013/04/30,0,438000,-238000,200000
2013/05/01,0,0,0,0
2013/05/02,0,729410,-841000,-111590
2013/05/03,0,556000,-272000,284000
2013/05/06,0,908000,-487000,421000
2013/05/07,0,447470,-113000,334470
2013/05/08,0,1114735,-139000,975735
2013/05/09,0,204000,-311470,-107470
2013/05/10,0,291000,-25000,266000
2013/05/13,0,166768,-574000,-407232
2013/05/14,0,174398,-432000,-257602
2013/05/15,0,608000,-196000,412000
2013/05/16,0,228326,-981000,-752674
2013/05/17,0,65000,-464300,-399300
2013/05/20,0,34000,-122000,-88000
2013/05/21,0,183000,-387000,-204000
2013/05/22,0,122000,-617000,-495000
2013/05/23,0,37000,-207000,-170000
2013/05/24,0,126000,-755000,-629000
2013/05/27,0,121000,-99000,22000
2013/05/28,0,526000,-74000,452000
2013/05/29,0,642000,-143000,499000
2013/05/30,0,147000,-350000,-203000
2013/05/31,0,403000,-224451,178549
2013/06/03,0,1121000,-173000,948000
2013/06/04,0,879000,-231000,648000
2013/06/05,0,272000,-483000,-211000
2013/06/06,0,348000,-104005,243995
2013/06/07,0,980000,-4000,976000
2013/06/10,0,390000,-16000,374000
2013/06/11,0,343000,-79000,264000
2013/06/12,0,0,0,0
2013/06/13,0,2467652,-260000,2207652
2013/06/14,0,1101000,-291000,810000
2013/06/17,0,85000,-93000,-8000
2013/06/18,0,973000,-464000,509000
2013/06/19,0,284000,-492000,-208000
2013/06/20,0,281000,-306179,-25179
2013/06/21,0,2597000,-392000,2205000
2013/06/24,0,126000,-144000,-18000
2013/06/25,0,380000,-317000,63000
2013/06/26,0,1305000,-277000,1028000
2013/06/27,0,146000,-428000,-282000
2013/06/28,0,895000,-260000,635000
2013/07/01,0,618000,-329000,289000
2013/07/02,0,2264000,-279488,1984512
2013/07/03,0,1571000,-611000,960000
2013/07/04,0,1208000,-75000,1133000
2013/07/05,0,811000,-158000,653000
2013/07/08,0,4282000,-290000,3992000
2013/07/09,0,1179100,-516561,662539
2013/07/10,0,3004000,-438000,2566000
2013/07/11,0,1888000,-611000,1277000
2013/07/12,0,1517000,-327000,1190000
2013/07/15,0,154000,-571000,-417000
2013/07/16,0,654000,-316719,337281
2013/07/17,0,868000,-186196,681804
2013/07/18,0,1538000,-498434,1039566
2013/07/19,0,708000,-108000,600000
2013/07/22,0,571000,-62000,509000
2013/07/23,0,851000,-159000,692000
2013/07/24,0,404000,-691000,-287000
2013/07/25,0,654000,-52000,602000
2013/07/26,0,377000,-245000,132000
2013/07/29,0,575000,-455000,120000
2013/07/30,0,436000,-112000,324000
2013/07/31,0,1440000,-191000,1249000
2013/08/01,0,100000,-1059000,-959000
2013/08/02,0,305000,-525000,-220000
2013/08/05,0,193000,-187000,6000
2013/08/06,0,220000,-228000,-8000
2013/08/07,0,1177442,-166000,1011442
2013/08/08,0,1432000,-18000,1414000
2013/08/09,0,255000,-229000,26000
2013/08/12,0,569018,-44000,525018
2013/08/13,0,721000,-671000,50000
2013/08/14,0,1168000,-129000,1039000
2013/08/15,0,472000,-535000,-63000
2013/08/16,0,994000,-56000,938000
2013/08/19,0,1577000,-849000,728000
2013/08/20,0,926000,-190000,736000
2013/08/21,0,0,0,0
2013/08/22,0,949000,-578000,371000
2013/08/23,0,80000,-252566,-172566
2013/08/26,0,907535,-1316000,-408465
2013/08/27,0,650000,-1485000,-835000
2013/08/28,0,76000,-412000,-336000
2013/08/29,0,361000,-784000,-423000
2013/08/30,0,505000,-735288,-230288
2013/09/02,0,251199,-171000,80199
2013/09/03,0,234000,-471000,-237000
2013/09/04,0,669000,-543000,126000
2013/09/05,0,326837,-1173000,-846163
2013/09/06,0,149000,-1349000,-1200000
2013/09/09,0,111000,-839000,-728000
2013/09/10,0,203000,-274000,-71000
2013/09/11,0,670000,-720000,-50000
2013/09/12,0,774000,-915000,-141000
2013/09/13,0,102000,-682000,-580000
2013/09/16,0,297000,-374000,-77000
2013/09/17,0,35456,-594003,-558547
2013/09/18,0,149742,-174000,-24258
2013/09/19,0,0,0,0
2013/09/20,0,0,0,0
2013/09/23,0,427026,-423000,4026
2013/09/24,0,235000,-337485,-102485
2013/09/25,0,139000,-226000,-87000
2013/09/26,0,75000,-894000,-819000
2013/09/27,0,511228,-904671,-393443
2013/09/30,0,215000,-854553,-639553
2013/10/01,0,285000,-360000,-75000
2013/10/02,0,329000,-433000,-104000
2013/10/03,0,462000,-258000,204000
2013/10/04,0,574000,-696000,-122000
2013/10/07,0,408000,-966999,-558999
2013/10/08,0,124000,-900000,-776000
2013/10/09,0,486000,-662000,-176000
2013/10/10,0,0,0,0
2013/10/11,0,362000,-2018315,-1656315
2013/10/14,0,233000,-432241,-199241
2013/10/15,0,206000,-881593,-675593
2013/10/16,0,1040000,-835000,205000
2013/10/17,0,35000,-1126429,-1091429
2013/10/18,0,951000,-975401,-24401
2013/10/21,0,26000,-1074801,-1048801
2013/10/22,0,406000,-1086000,-680000
2013/10/23,0,121000,-1263339,-1142339
2013/10/24,0,478000,-1006957,-528957
2013/10/25,0,88000,-967000,-879000
2013/10/28,0,360000,-280000,80000
2013/10/29,0,40000,-60000,-20000
2013/10/30,0,480000,-2038802,-1558802
2013/10/31,0,145507,-1361488,-1215981
2013/11/01,0,523000,-68240,454760
2013/11/04,0,331000,-716560,-385560
2013/11/05,0,0,-316000,-316000
2013/11/06,0,72000,-987152,-915152
2013/11/07,0,138000,-520000,-382000
2013/11/08,0,230000,-364120,-134120
2013/11/11,0,154000,-50000,104000
2013/11/12,0,220000,-112000,108000
2013/11/13,0,118000,-179000,-61000
2013/11/14,0,93160,-83000,10160
2013/11/15,0,91000,-419000,-328000
2013/11/18,0,191000,-341000,-150000
2013/11/19,0,54000,-90000,-36000
2013/11/20,0,116000,-274000,-158000
2013/11/21,0,134000,-483000,-349000
2013/11/22,0,237000,-258000,-21000
2013/11/25,0,253000,-106000,147000
2013/11/26,0,353000,-258853,94147
2013/11/27,0,476000,-241625,234375
2013/11/28,0,456000,-39520,416480
2013/11/29,0,487000,-83000,404000
2013/12/02,0,202000,-142000,60000
2013/12/03,0,264000,-30000,234000
2013/12/04,0,349281,-235000,114281
2013/12/05,0,170000,-120000,50000
2013/12/06,0,149000,-442495,-293495
2013/12/09,0,122000,-292840,-170840
2013/12/10,0,63000,-120960,-57960
2013/12/11,0,65000,-133120,-68120
2013/12/12,0,280280,-774252,-493972
2013/12/13,0,821446,-915566,-94120
2013/12/16,0,310000,-236201,73799
2013/12/17,0,193000,-852000,-659000
2013/12/18,0,203000,-334127,-131127
2013/12/19,0,133000,-89000,44000
2013/12/20,0,62000,-129001,-67001
2013/12/23,0,110000,-31026,78974
2013/12/24,0,48000,-52000,-4000
2013/12/25,0,42000,-68000,-26000
2013/12/26,0,28000,-53000,-25000
2013/12/27,0,61000,-63000,-2000
2013/12/30,0,94000,-15006,78994
2013/12/31,0,97000,-199000,-102000
2014/01/02,0,148000,-206240,-58240
2014/01/03,0,226000,-160000,66000
2014/01/06,0,365000,-534777,-169777
2014/01/07,0,419100,-211000,208100
2014/01/08,0,178000,-552643,-374643
2014/01/09,0,216000,-317120,-101120
2014/01/10,0,168000,-225001,-57001
2014/01/13,0,60000,-138000,-78000
2014/01/14,0,188000,-167000,21000
2014/01/15,0,224000,-79000,145000
2014/01/16,0,45280,-98480,-53200
2014/01/17,0,105000,-63000,42000
2014/01/20,0,279000,-506000,-227000
2014/01/21,0,7000,-194000,-187000
2014/01/22,0,53000,-105000,-52000
2014/01/23,0,71000,-99000,-28000
2014/01/24,0,133000,-315000,-182000
2014/01/27,0,330000,-65964,264036
2014/02/05,0,1065000,-504921,560079
2014/02/06,0,923000,-815000,108000
2014/02/07,0,678000,-299000,379000
2014/02/10,0,329000,-126000,203000
2014/02/11,0,106000,-45000,61000
2014/02/12,0,231000,-177000,54000
2014/02/13,0,525000,-205000,320000
2014/02/14,0,287000,-306000,-19000
2014/02/17,0,388000,-43000,345000
2014/02/18,0,175000,-373000,-198000
2014/02/19,0,510000,-429000,81000
2014/02/20,0,479000,-217040,261960
2014/02/21,0,217000,-21000,196000
2014/02/24,0,170000,-101000,69000
2014/02/25,0,175000,-39000,136000
2014/02/26,0,334000,-337840,-3840
2014/02/27,0,351000,-311454,39546
2014/03/03,0,520000,-281000,239000
2014/03/04,0,367000,-260000,107000
2014/03/05,0,1180000,-130000,1050000
2014/03/06,0,383000,-148720,234280
2014/03/07,0,828000,-792000,36000
2014/03/10,0,352000,-95000,257000
2014/03/11,0,631000,-99000,532000
2014/03/12,0,384000,-68000,316000
2014/03/13,0,306000,-46000,260000
2014/03/14,0,459000,-75000,384000
2014/03/17,0,338000,-64000,274000
2014/03/18,0,572000,-343730,228270
2014/03/19,0,411100,-121000,290100
2014/03/20,0,447000,-160000,287000
2014/03/21,0,792000,-722846,69154
2014/03/24,0,354000,-336000,18000
2014/03/25,0,277000,-477076,-200076
2014/03/26,0,680000,-695000,-15000
2014/03/27,0,875000,-869000,6000
2014/03/28,0,359000,-355000,4000
2014/03/31,0,167000,-103000,64000
2014/04/01,0,328000,-59000,269000
2014/04/02,0,955000,-94000,861000
2014/04/03,0,865000,-161000,704000
2014/04/07,0,310000,-59000,251000
2014/04/08,0,184000,-135000,49000
2014/04/09,0,165000,-710000,-545000
2014/04/10,0,720000,-805200,-85200
2014/04/11,0,1033000,-474000,559000
2014/04/14,0,241000,-71000,170000
2014/04/15,0,888000,-1297000,-409000
2014/04/16,0,631000,-371000,260000
2014/04/17,0,654000,-79000,575000
2014/04/18,0,468412,-73000,395412
2014/04/21,0,225000,-94000,131000
2014/04/22,0,68000,-113000,-45000
2014/04/23,0,829000,-312000,517000
2014/04/24,0,300000,-2012000,-1712000
2014/04/25,0,282000,-1522000,-1240000
2014/04/28,0,294000,-246528,47472
2014/04/29,0,332000,-274000,58000
2014/04/30,0,163000,-191000,-28000
2014/05/02,0,217000,-975000,-758000
2014/05/05,0,233000,-627500,-394500
2014/05/06,0,262000,-573000,-311000
2014/05/07,0,622000,-846000,-224000
2014/05/08,0,457000,-355000,102000
2014/05/09,0,73000,-211739,-138739
2014/05/12,0,256000,-496000,-240000
2014/05/13,0,287000,-754000,-467000
2014/05/14,0,271000,-726000,-455000
2014/05/15,0,276000,-1216500,-940500
2014/05/16,0,404000,-461518,-57518
2014/05/19,0,31000,-409412,-378412
2014/05/20,0,112000,-430073,-318073
2014/05/21,0,29000,-554890,-525890
2014/05/22,0,127000,-151000,-24000
2014/05/23,0,126000,-191000,-65000
2014/05/26,0,201000,-308000,-107000
2014/05/27,0,258000,-153000,105000
2014/05/28,0,203000,-290000,-87000
2014/05/29,0,473000,-172886,300114
2014/05/30,0,152000,-513331,-361331
2014/06/03,0,291000,-119842,171158
2014/06/04,0,409000,-204520,204480
2014/06/05,0,32000,-200000,-168000
2014/06/06,0,33000,-112000,-79000
2014/06/09,0,306000,-60000,246000
2014/06/10,0,62629,-346000,-283371
2014/06/11,0,120000,-214000,-94000
2014/06/12,0,172000,-92000,80000
2014/06/13,0,50000,-98000,-48000
2014/06/16,0,39000,-192000,-153000
2014/06/17,0,65000,-374125,-309125
2014/06/18,0,565000,-265240,299760
2014/06/19,0,106000,-205780,-99780
2014/06/20,0,55000,-999001,-944001
2014/06/23,0,291000,-1788982,-1497982
2014/06/24,0,305000,-482000,-177000
2014/06/25,0,364000,-882587,-518587
2014/06/26,0,617824,-87000,530824
2014/06/27,0,84000,-253000,-169000
2014/06/30,0,208000,-40000,168000
2014/07/01,0,65000,-240000,-175000
2014/07/02,0,32000,-294000,-262000
2014/07/03,0,63000,-113000,-50000
2014/07/04,0,166000,-70000,96000
2014/07/07,0,201000,-65000,136000
2014/07/08,0,190000,-130000,60000
2014/07/09,0,88000,-268000,-180000
2014/07/10,0,167000,-60000,107000
2014/07/11,0,344000,-83000,261000
2014/07/14,0,266000,-90000,176000
2014/07/15,0,839000,-443000,396000
2014/07/16,0,82000,-388000,-306000
2014/07/17,0,182963,-52000,130963
2014/07/18,0,580000,-85000,495000
2014/07/21,0,524000,-490263,33737
2014/07/22,0,193000,-197000,-4000
2014/07/23,0,0,0,0
2014/07/24,0,141000,-486000,-345000
2014/07/25,0,185000,-411000,-226000
2014/07/28,0,398000,-216000,182000
2014/07/29,0,379000,-298000,81000
2014/07/30,0,1169680,-705081,464599
2014/07/31,0,238000,-512543,-274543
2014/08/01,0,170000,-291000,-121000
2014/08/04,0,162000,-531000,-369000
2014/08/05,0,75000,-406000,-331000
2014/08/06,0,439000,-606000,-167000
2014/08/07,0,222235,-271000,-48765
2014/08/08,0,430000,-76000,354000
2014/08/11,0,210000,-226000,-16000
2014/08/12,0,333000,-409000,-76000
2014/08/13,0,576000,-1101000,-525000
2014/08/14,0,297000,-346000,-49000
2014/08/15,0,164000,-86000,78000
2014/08/18,0,130020,-171000,-40980
2014/08/19,0,788000,-238000,550000
2014/08/20,0,167000,-303000,-136000
2014/08/21,0,237120,-601000,-363880
2014/08/22,0,654720,-186000,468720
2014/08/25,0,511000,-139000,372000
2014/08/26,0,395000,-283000,112000
2014/08/27,0,741000,-287000,454000
2014/08/28,0,355000,-370000,-15000
2014/08/29,0,434000,-312000,122000
2014/09/01,0,218000,-198000,20000
2014/09/02,0,331000,-508000,-177000
2014/09/03,0,39000,-912000,-873000
2014/09/04,0,86000,-1555477,-1469477
2014/09/05,0,302000,-1214000,-912000
2014/09/09,0,174000,-321000,-147000
2014/09/10,0,70000,-793000,-723000
2014/09/11,0,159000,-909000,-750000
2014/09/12,0,604759,-328000,276759
2014/09/15,0,48000,-569000,-521000
2014/09/16,0,36000,-380000,-344000
2014/09/17,0,168000,-1037000,-869000
2014/09/18,0,147000,-449000,-302000
2014/09/19,0,666631,-833200,-166569
2014/09/22,0,543000,-642000,-99000
2014/09/23,0,83000,-301000,-218000
2014/09/24,0,280000,-176000,104000
2014/09/25,0,233000,-368011,-135011
2014/09/26,0,98000,-245000,-147000
2014/09/29,0,112000,-51000,61000
2014/09/30,0,415000,-529000,-114000
2014/10/01,0,211995,-575000,-363005
2014/10/02,0,67000,-471000,-404000
2014/10/03,0,285000,-377000,-92000
2014/10/06,0,226000,-264000,-38000
2014/10/07,0,225000,-695000,-470000
2014/10/08,0,86000,-387000,-301000
2014/10/09,0,44890,-571000,-526110
2014/10/13,0,169000,-508000,-339000
2014/10/14,0,54000,-623000,-569000
2014/10/15,0,34000,-502000,-468000
2014/10/16,0,82000,-536590,-454590
2014/10/17,0,305315,-508000,-202685
2014/10/20,0,73000,-333000,-260000
2014/10/21,0,95000,-328000,-233000
2014/10/22,0,628000,-208000,420000
2014/10/23,0,158000,-114000,44000
2014/10/24,0,720000,-308000,412000
2014/10/27,0,57000,-179193,-122193
2014/10/28,0,274000,-228000,46000
2014/10/29,0,382230,-77000,305230
2014/10/30,0,648000,-140243,507757
2014/10/31,0,385000,-356000,29000
2014/11/03,0,887000,-1253145,-366145
2014/11/04,0,259000,-437000,-178000
2014/11/05,0,161000,-371222,-210222
2014/11/06,0,160000,-511000,-351000
2014/11/07,0,158010,-765510,-607500
2014/11/10,0,199000,-792000,-593000
2014/11/11,0,220000,-361000,-141000
2014/11/12,0,43000,-614000,-571000
2014/11/13,0,37000,-333000,-296000
2014/11/14,0,186000,-247940,-61940
2014/11/17,0,222000,-149000,73000
2014/11/18,0,534000,-220000,314000
2014/11/19,0,843000,-569000,274000
2014/11/20,0,435000,-427000,8000
2014/11/21,0,808000,-295003,512997
2014/11/24,0,129000,-68000,61000
2014/11/25,0,89000,-360000,-271000
2014/11/26,0,60000,-284000,-224000
2014/11/27,0,64000,-333000,-269000
2014/11/28,0,120000,-126000,-6000
2014/12/01,0,162000,-142038,19962
2014/12/02,0,202000,-188000,14000
2014/12/03,0,50097,-238000,-187903
2014/12/04,0,222000,-236000,-14000
2014/12/05,0,410000,-166000,244000
2014/12/08,0,239000,-136000,103000
2014/12/09,0,143000,-127000,16000
2014/12/10,0,198000,-268000,-70000
2014/12/11,0,276000,-323000,-47000
2014/12/12,0,267000,-125000,142000
2014/12/15,0,12000,-209000,-197000
2014/12/16,0,239388,-207000,32388
2014/12/17,0,37000,-250000,-213000
2014/12/18,0,79000,-148000,-69000
2014/12/19,0,528000,-314000,214000
2014/12/22,0,183000,-252000,-69000
2014/12/23,0,74000,-143000,-69000
2014/12/24,0,364000,-71000,293000
2014/12/25,0,54000,-8000,46000
2014/12/26,0,87000,-2000,85000
2014/12/29,0,167000,-30000,137000
2014/12/30,0,226000,-107000,119000
2014/12/31,0,159000,-53000,106000
2015/01/01,0,0,0,0
2015/01/02,0,0,0,0
2015/01/05,0,165000,-109000,56000
2015/01/06,0,257000,-136000,121000
2015/01/07,0,55000,-128000,-73000
2015/01/08,0,201000,-232000,-31000
2015/01/09,0,177000,-163000,14000
2015/01/12,0,45001,-93000,-47999
2015/01/13,0,526395,-392395,134000
2015/01/14,0,141425,-188885,-47460
2015/01/15,0,176200,-95000,81200
2015/01/16,0,39000,-389741,-350741
2015/01/19,0,75000,-257000,-182000
2015/01/20,0,392000,-51000,341000
2015/01/21,0,316000,-58000,258000
2015/01/22,0,414000,-336000,78000
2015/01/23,0,438000,-197000,241000
2015/01/26,0,64000,-263200,-199200
2015/01/27,0,47000,-87000,-40000
2015/01/28,0,108000,-232000,-124000
2015/01/29,0,87000,-112904,-25904
2015/01/30,0,23000,-396000,-373000
2015/02/02,0,62000,-185000,-123000
2015/02/03,0,92000,-537000,-445000
2015/02/04,0,67640,-218000,-150360
2015/02/05,0,197000,-353000,-156000
2015/02/06,0,129000,-43000,86000
2015/02/09,0,190000,-48000,142000
2015/02/10,0,117000,-255000,-138000
2015/02/11,0,98000,-387000,-289000
2015/02/12,0,66000,-543000,-477000
2015/02/13,0,148000,-204000,-56000
2015/02/16,0,0,0,0
2015/02/17,0,0,0,0
2015/02/18,0,0,0,0
2015/02/19,0,0,0,0
2015/02/20,0,0,0,0
2015/02/23,0,0,0,0
2015/02/24,0,315192,-1214313,-899121
2015/02/25,0,378000,-1011884,-633884
2015/02/26,0,137000,-395676,-258676
2015/02/27,0,0,0,0
2015/03/02,0,354000,-564000,-210000
2015/03/03,0,34000,-402000,-368000
2015/03/04,0,482000,-579000,-97000
2015/03/05,0,82000,-1147771,-1065771
2015/03/06,0,210000,-863000,-653000
2015/03/09,0,170000,-518000,-348000
2015/03/10,0,667678,-637000,30678
2015/03/11,0,99000,-1135000,-1036000
2015/03/12,0,288000,-200000,88000
2015/03/13,0,52200,-417000,-364800
2015/03/16,0,323000,-548632,-225632
2015/03/17,0,180000,-855000,-675000
2015/03/18,0,537882,-685705,-147823
2015/03/19,0,202231,-635000,-432769
2015/03/20,0,526000,-592000,-66000
2015/03/23,0,180000,-251283,-71283
2015/03/24,0,187000,-133000,54000
2015/03/25,0,376000,-197000,179000
2015/03/26,0,412000,-296000,116000
2015/03/27,0,585000,-356000,229000
2015/03/30,0,97000,-270000,-173000
2015/03/31,0,291951,-643000,-351049
2015/04/01,0,654000,-377000,277000
2015/04/02,0,449203,-234000,215203
2015/04/03,0,0,0,0
2015/04/06,0,0,0,0
2015/04/07,0,91000,-473000,-382000
2015/04/08,0,300000,-307000,-7000
2015/04/09,0,193000,-252000,-59000
2015/04/10,0,392000,-471500,-79500
2015/04/13,0,316000,-433000,-117000
2015/04/14,0,555000,-538361,16639
2015/04/15,0,209000,-389000,-180000
2015/04/16,0,237000,-727000,-490000
2015/04/17,0,173000,-514000,-341000
2015/04/20,0,312000,-535000,-223000
2015/04/21,0,87000,-465000,-378000
2015/04/22,0,537000,-133000,404000
2015/04/23,0,569000,-92000,477000
2015/04/24,0,740000,-141220,598780
2015/04/27,0,296000,-28000,268000
2015/04/28,0,236000,-106000,130000
2015/04/29,0,706000,-128000,578000
2015/04/30,0,340000,-243000,97000
2015/05/01,0,0,0,0
2015/05/04,0,334000,-111000,223000
2015/05/05,0,126000,-292000,-166000
2015/05/06,0,790000,-125000,665000
2015/05/07,0,266000,-162000,104000
2015/05/08,0,500000,-115000,385000
2015/05/11,0,374000,-109556,264444
2015/05/12,0,538000,-258000,280000
2015/05/13,0,46000,-167000,-121000
2015/05/14,0,84000,-984000,-900000
2015/05/15,0,308000,-654376,-346376
2015/05/18,0,83000,-582000,-499000
2015/05/19,0,123000,-503000,-380000
2015/05/20,0,185000,-906000,-721000
2015/05/21,0,514000,-205000,309000
2015/05/22,0,144000,-601420,-457420
2015/05/25,0,77000,-231000,-154000
2015/05/26,0,95000,-55000,40000
2015/05/27,0,164000,-316000,-152000
2015/05/28,0,20000,-467000,-447000
2015/05/29,0,237000,-531352,-294352
2015/06/01,0,192000,-211000,-19000
2015/06/02,0,176000,-633000,-457000
2015/06/03,0,216000,-389000,-173000
2015/06/04,0,481000,-599000,-118000
2015/06/05,0,309000,-583000,-274000
2015/06/08,0,721000,-436000,285000
2015/06/09,0,94000,-522000,-428000
2015/06/10,0,300000,-458000,-158000
2015/06/11,0,112000,-283000,-171000
2015/06/12,0,315000,-344025,-29025
2015/06/15,0,136000,-337000,-201000
2015/06/16,0,98000,-296350,-198350
2015/06/17,0,392000,-961000,-569000
2015/06/18,0,427000,-427000,0
2015/06/19,0,0,0,0
2015/06/22,0,101000,-451000,-350000
2015/06/23,0,438000,-260000,178000
2015/06/24,0,150984,-309000,-158016
2015/06/25,0,186000,-468000,-282000
2015/06/26,0,48000,-352000,-304000
2015/06/29,0,206016,-477000,-270984
2015/06/30,0,96000,-739411,-643411
2015/07/01,0,551000,-550000,1000
2015/07/02,0,75000,-329000,-254000
2015/07/03,0,304000,-288000,16000
2015/07/06,0,461000,-409000,52000
2015/07/07,0,253000,-270000,-17000
2015/07/08,0,235000,-568345,-333345
2015/07/09,0,301000,-214000,87000
2015/07/10,0,0,0,0
2015/07/13,0,187000,-144000,43000
2015/07/14,0,106000,-297000,-191000
2015/07/15,0,321000,-172000,149000
2015/07/16,0,98000,-121267,-23267
2015/07/17,0,108000,-146000,-38000
2015/07/20,0,95000,-493000,-398000
2015/07/21,0,126000,-791684,-665684
2015/07/22,0,418000,-273600,144400
2015/07/23,0,157000,-142000,15000
2015/07/24,0,300000,-83000,217000
2015/07/27,0,520000,-278000,242000
2015/07/28,0,498000,-322000,176000
2015/07/29,0,590000,-200000,390000
2015/07/30,0,375000,-239000,136000
2015/07/31,0,92000,-590000,-498000
2015/08/03,0,317000,-294000,23000
2015/08/04,0,285000,-119000,166000
2015/08/05,0,309000,-439789,-130789
2015/08/06,0,67000,-240000,-173000
2015/08/07,0,249000,-85000,164000
2015/08/10,0,258000,-39000,219000
2015/08/11,0,341000,-373000,-32000
2015/08/12,0,410000,-936000,-526000
2015/08/13,0,834000,-87000,747000
2015/08/14,0,409000,-193000,216000
2015/08/17,0,1014000,-68000,946000
2015/08/18,0,770000,-144000,626000
2015/08/19,0,588000,-719000,-131000
2015/08/20,0,860000,-591775,268225
2015/08/21,0,668000,-224676,443324
2015/08/24,0,771020,-595000,176020
2015/08/25,0,1087000,-448000,639000
2015/08/26,0,1004000,-495000,509000
2015/08/27,0,686000,-438000,248000
2015/08/28,0,224000,-394773,-170773
2015/08/31,0,1061052,-124000,937052
2015/09/01,0,151000,-508233,-357233
2015/09/02,0,1083000,-229000,854000
2015/09/03,0,255599,-329000,-73401
2015/09/04,0,494451,-282000,212451
2015/09/07,0,575000,-172000,403000
2015/09/08,0,304000,-268000,36000
2015/09/09,0,702000,-130000,572000
2015/09/10,0,750000,-199000,551000
2015/09/11,0,247000,-347000,-100000
2015/09/14,0,519000,-313000,206000
2015/09/15,0,382000,-226000,156000
2015/09/16,0,312000,-420000,-108000
2015/09/17,0,118000,-226000,-108000
2015/09/18,0,231000,-268880,-37880
2015/09/21,0,195000,-310000,-115000
2015/09/22,0,268149,-98000,170149
2015/09/23,0,256000,-80000,176000
2015/09/24,0,609446,-188000,421446
2015/09/25,0,62000,-238000,-176000
2015/09/28,0,0,0,0
2015/09/29,0,0,0,0
2015/09/30,0,571000,-151000,420000
2015/10/01,0,348000,-157000,191000
2015/10/02,0,635000,-502823,132177
2015/10/05,0,592000,-159000,433000
2015/10/06,0,500000,-123000,377000
2015/10/07,0,323000,-141000,182000
2015/10/08,0,241443,-194000,47443
2015/10/09,0,0,0,0
2015/10/12,0,1903000,-232000,1671000
2015/10/13,0,788908,-487000,301908
2015/10/14,0,738000,-406000,332000
2015/10/15,0,733852,-249000,484852
2015/10/16,0,1547000,-1018000,529000
2015/10/19,0,661000,-492000,169000
2015/10/20,0,591050,-94152,496898
2015/10/21,0,101000,-149951,-48951
2015/10/22,0,442101,-34868,407233
2015/10/23,0,316000,-228648,87352
2015/10/26,0,372000,-401383,-29383
2015/10/27,0,539653,-143000,396653
2015/10/28,0,554280,-51001,503279
2015/10/29,0,603000,-342000,261000
2015/10/30,0,295000,-235000,60000
2015/11/02,0,240000,-363000,-123000
2015/11/03,0,108000,-157000,-49000
2015/11/04,0,1055000,-106241,948759
2015/11/05,0,594000,-99000,495000
2015/11/06,0,406400,-132000,274400
2015/11/09,0,189000,-81000,108000
2015/11/10,0,1499464,-63000,1436464
2015/11/11,0,194000,-120949,73051
2015/11/12,0,623099,-213000,410099
2015/11/13,0,64000,-235000,-171000
2015/11/16,0,806250,-243596,562654
2015/11/17,0,757000,-575000,182000
2015/11/18,0,415000,-164000,251000
2015/11/19,0,547000,-130954,416046
2015/11/20,0,383001,-46000,337001
2015/11/23,0,272000,-135000,137000
2015/11/24,0,166000,-132566,33434
2015/11/25,0,315000,-564000,-249000
2015/11/26,0,369000,-280000,89000
2015/11/27,0,136000,-45000,91000
2015/11/30,0,573000,-662133,-89133
2015/12/01,0,307000,-285384,21616
2015/12/02,0,633000,-355649,277351
2015/12/03,0,364000,-288000,76000
2015/12/04,0,275798,-235000,40798
2015/12/07,0,156000,-114000,42000
2015/12/08,0,349000,-156913,192087
2015/12/09,0,325000,-596000,-271000
2015/12/10,0,136000,-185400,-49400
2015/12/11,0,156000,-272000,-116000
2015/12/14,0,368321,-98000,270321
2015/12/15,0,176000,-95900,80100
2015/12/16,0,261000,-109000,152000
2015/12/17,0,298000,-297000,1000
2015/12/18,0,638461,-861308,-222847
2015/12/21,0,290000,-68000,222000
2015/12/22,0,207000,-120498,86502
2015/12/23,0,111000,-108000,3000
2015/12/24,0,128000,-33000,95000
2015/12/25,0,21000,-121000,-100000
2015/12/28,0,95000,-109000,-14000
2015/12/29,0,126000,-120000,6000
2015/12/30,0,35000,-268000,-233000
2015/12/31,0,14000,-69002,-55002
2016/01/01,0,0,0,0
2016/01/04,0,99000,-374000,-275000
2016/01/05,0,245000,-74400,170600
2016/01/06,0,287000,-122250,164750
2016/01/07,0,364000,-328000,36000
2016/01/08,0,390000,-190000,200000
2016/01/11,0,290000,-231000,59000
2016/01/12,0,153000,-584000,-431000
2016/01/13,0,265000,-539950,-274950
2016/01/14,0,724000,-193000,531000
2016/01/15,0,161100,-274000,-112900
2016/01/18,0,217000,-47000,170000
2016/01/19,0,191000,-184937,6063
2016/01/20,0,83000,-203000,-120000
2016/01/21,0,218000,-178000,40000
2016/01/22,0,101000,-230000,-129000
2016/01/25,0,91302,-246000,-154698
2016/01/26,0,17000,-490000,-473000
2016/01/27,0,243000,-145000,98000
2016/01/28,0,457000,-88404,368596
2016/01/29,0,218951,-208000,10951
2016/02/01,0,44000,-106000,-62000
2016/02/02,0,121000,-241000,-120000
2016/02/03,0,385000,-655000,-270000
2016/02/04,0,0,0,0
2016/02/05,0,0,0,0
2016/02/08,0,0,0,0
2016/02/09,0,0,0,0
2016/02/10,0,0,0,0
2016/02/11,0,0,0,0
2016/02/12,0,0,0,0
2016/02/15,0,372000,-228000,144000
2016/02/16,0,142000,-122000,20000
2016/02/17,0,232037,-108000,124037
2016/02/18,0,396453,-431000,-34547
2016/02/19,0,380000,-51000,329000
2016/02/22,0,129000,-215000,-86000
2016/02/23,0,151000,-45000,106000
2016/02/24,0,147000,-172000,-25000
2016/02/25,0,289000,-168000,121000
2016/02/26,0,251000,-254000,-3000
2016/02/29,0,0,0,0
2016/03/01,0,113000,-97000,16000
2016/03/02,0,102000,-169000,-67000
2016/03/03,0,162000,-232000,-70000
2016/03/04,0,145000,-222000,-77000
2016/03/07,0,405000,-205000,200000
2016/03/08,0,237000,-176000,61000
2016/03/09,0,219000,-307000,-88000
2016/03/10,0,324000,-122000,202000
2016/03/11,0,181000,-232000,-51000
2016/03/14,0,221000,-596867,-375867
2016/03/15,0,411000,-219000,192000
2016/03/16,0,221000,-71000,150000
2016/03/17,0,252000,-445000,-193000
2016/03/18,0,460000,-203426,256574
2016/03/21,0,74000,-140000,-66000
2016/03/22,0,492000,-204534,287466
2016/03/23,0,144000,-120000,24000
2016/03/24,0,301000,-179000,122000
2016/03/25,0,40000,-148000,-108000
2016/03/28,0,88000,-165000,-77000
2016/03/29,0,116000,-172000,-56000
2016/03/30,0,99000,-74000,25000
2016/03/31,0,84000,-243000,-159000
2016/04/01,0,122000,-292000,-170000
2016/04/04,0,0,0,0
2016/04/05,0,0,0,0
2016/04/06,0,114000,-187001,-73001
2016/04/07,0,127000,-140024,-13024
2016/04/08,0,138000,-289000,-151000
2016/04/11,0,459000,-807478,-348478
2016/04/12,0,125000,-392000,-267000
2016/04/13,0,566000,-83000,483000
2016/04/14,0,600000,-240000,360000
2016/04/15,0,888000,-398000,490000
2016/04/18,0,545000,-226000,319000
2016/04/19,0,2455000,-158568,2296432
2016/04/20,0,3244000,-647000,2597000
2016/04/21,0,1045000,-595000,450000
2016/04/22,0,1554000,-1045000,509000
2016/04/25,0,1381000,-327000,1054000
2016/04/26,0,1853517,-1485000,368517
2016/04/27,0,1227000,-440000,787000
2016/04/28,0,1187000,-419000,768000
2016/04/29,0,1625000,-628000,997000
2016/05/02,0,0,0,0
2016/05/03,0,1307000,-482000,825000
2016/05/04,0,1464000,-543000,921000
2016/05/05,0,1031000,-301558,729442
2016/05/06,0,679000,-291000,388000
2016/05/09,0,1407570,-163000,1244570
2016/05/10,0,854000,-644000,210000
2016/05/11,0,1251000,-616000,635000
2016/05/12,0,1996000,-1424150,571850
2016/05/13,0,430000,-5240600,-4810600
2016/05/16,0,1597000,-654000,943000
2016/05/17,0,435000,-482000,-47000
2016/05/18,0,817000,-1107000,-290000
2016/05/19,0,220000,-621000,-401000
2016/05/20,0,225507,-384000,-158493
2016/05/23,0,184000,-769000,-585000
2016/05/24,0,268000,-225000,43000
2016/05/25,0,205000,-371000,-166000
2016/05/26,0,26000,-466000,-440000
2016/05/27,0,180000,-287000,-107000
2016/05/30,0,83000,-208000,-125000
2016/05/31,0,468000,-763000,-295000
2016/06/01,0,232749,-186000,46749
2016/06/02,0,586000,-196219,389781
2016/06/03,0,192000,-225000,-33000
2016/06/06,0,55000,-621420,-566420
2016/06/07,0,689000,-237000,452000
2016/06/08,0,140000,-460000,-320000
2016/06/09,0,0,0,0
2016/06/10,0,0,0,0
2016/06/13,0,225000,-457686,-232686
2016/06/14,0,499000,-352000,147000
2016/06/15,0,1497000,-323000,1174000
2016/06/16,0,317000,-585000,-268000
2016/06/17,0,628000,-375000,253000
2016/06/20,0,199950,-95000,104950
2016/06/21,0,137000,-57000,80000
2016/06/22,0,293000,-160000,133000
2016/06/23,0,190000,-232000,-42000
2016/06/24,0,52000,-550000,-498000
2016/06/27,0,179000,-215000,-36000
2016/06/28,0,188000,-309000,-121000
2016/06/29,0,54000,-127000,-73000
2016/06/30,0,79000,-89000,-10000
2016/07/01,0,112000,-61000,51000
2016/07/04,0,36000,-360000,-324000
2016/07/05,0,88000,-370000,-282000
2016/07/06,0,23000,-461000,-438000
2016/07/07,0,42000,-358000,-316000
2016/07/08,0,0,0,0
2016/07/11,0,195000,-310000,-115000
2016/07/12,0,55000,-245096,-190096
2016/07/13,0,87000,-573000,-486000
2016/07/14,0,84000,-147000,-63000
2016/07/15,0,74000,-405000,-331000
2016/07/18,0,188000,-120000,68000
2016/07/19,0,204000,-243000,-39000
2016/07/20,0,206000,-376000,-170000
2016/07/21,0,461000,-308710,152290
2016/07/22,0,141000,-617000,-476000
2016/07/25,0,271000,-139000,132000
2016/07/26,0,37000,-249000,-212000
2016/07/27,0,105000,-334000,-229000
2016/07/28,0,165000,-241000,-76000
2016/07/29,0,93000,-83000,10000
2016/08/01,0,75000,-197000,-122000
2016/08/02,0,210000,-104000,106000
2016/08/03,0,141000,-438000,-297000
2016/08/04,0,208000,-245400,-37400
2016/08/05,0,257000,-129000,128000
2016/08/08,0,93000,-214000,-121000
2016/08/09,0,111000,-108000,3000
2016/08/10,0,334866,-183000,151866
2016/08/11,0,518000,-143429,374571
2016/08/12,0,453000,-198000,255000
2016/08/15,0,202000,-164000,38000
2016/08/16,0,127000,-137000,-10000
2016/08/17,0,304422,-115000,189422
2016/08/18,0,230000,-330000,-100000
2016/08/19,0,139000,-287792,-148792
2016/08/22,0,306100,-250000,56100
2016/08/23,0,297100,-177000,120100
2016/08/24,0,251100,-203000,48100
2016/08/25,0,376100,-79000,297100
2016/08/26,0,664100,-290000,374100
2016/08/29,0,282100,-341000,-58900
2016/08/30,0,231100,-714000,-482900
2016/08/31,0,294100,-455303,-161203
2016/09/01,0,399420,-138201,261219
2016/09/02,0,655100,-215000,440100
2016/09/05,0,31000,-298000,-267000
2016/09/06,0,301000,-133000,168000
2016/09/07,0,303000,-50000,253000
2016/09/08,0,291000,-140000,151000
2016/09/09,0,203000,-103000,100000
2016/09/12,0,14000,-490000,-476000
2016/09/13,0,11560,-268000,-256440
2016/09/14,0,341000,-229000,112000
2016/09/15,0,0,0,0
2016/09/16,0,0,0,0
2016/09/19,0,84000,-312193,-228193
2016/09/20,0,39000,-56000,-17000
2016/09/21,0,368000,-223000,145000
2016/09/22,0,43000,-233000,-190000
2016/09/23,0,79000,-379105,-300105
2016/09/26,0,11000,-240000,-229000
2016/09/27,0,0,0,0
2016/09/28,0,0,0,0
2016/09/29,0,202000,-306000,-104000
2016/09/30,0,378000,-756100,-378100
2016/10/03,0,134371,-397000,-262629
2016/10/04,0,92700,-358381,-265681
2016/10/05,0,299900,-299000,900
2016/10/06,0,73000,-193860,-120860
2016/10/07,0,27880,-442505,-414625
2016/10/10,0,0,0,0
2016/10/11,0,107000,-277248,-170248
2016/10/12,0,136000,-446000,-310000
2016/10/13,0,238000,-222995,15005
2016/10/14,0,168000,-255000,-87000
2016/10/17,0,75000,-208579,-133579
2016/10/18,0,246000,-201700,44300
2016/10/19,0,188000,-252000,-64000
2016/10/20,0,126000,-118000,8000
2016/10/21,0,419000,-665601,-246601
2016/10/24,0,101000,-194960,-93960
2016/10/25,0,26000,-170361,-144361
2016/10/26,0,104980,-145131,-40151
2016/10/27,0,79000,-124000,-45000
2016/10/28,0,22000,-55000,-33000
2016/10/31,0,21000,-108000,-87000
2016/11/01,0,160000,-68000,92000
2016/11/02,0,69000,-153000,-84000
2016/11/03,0,156000,-129000,27000
2016/11/04,0,41000,-132000,-91000
2016/11/07,0,29000,-95280,-66280
2016/11/08,0,65240,-47000,18240
2016/11/09,0,72000,-240000,-168000
2016/11/10,0,63000,-109080,-46080
2016/11/11,0,52000,-127420,-75420
2016/11/14,0,73000,-101000,-28000
2016/11/15,0,95702,-212000,-116298
2016/11/16,0,245000,-320000,-75000
2016/11/17,0,47000,-176000,-129000
2016/11/18,0,151000,-321520,-170520
2016/11/21,0,224000,-135954,88046
2016/11/22,0,299000,-237750,61250
2016/11/23,0,221000,-196000,25000
2016/11/24,0,117297,-199000,-81703
2016/11/25,0,156000,-253000,-97000
2016/11/28,0,49000,-87693,-38693
2016/11/29,0,114000,-122000,-8000
2016/11/30,0,278000,-527000,-249000
2016/12/01,0,228000,-238000,-10000
2016/12/02,0,193358,-394224,-200866
2016/12/05,0,73000,-78401,-5401
2016/12/06,0,149482,-83000,66482
2016/12/07,0,159000,-35571,123429
2016/12/08,0,177000,-75000,102000
2016/12/09,0,216000,-150943,65057
2016/12/12,0,123000,-90000,33000
2016/12/13,0,119000,-110003,8997
2016/12/14,0,160000,-103000,57000
2016/12/15,0,69000,-57000,12000
2016/12/16,0,233000,-92080,140920
2016/12/19,0,132000,-32000,100000
2016/12/20,0,165000,-31000,134000
2016/12/21,0,267000,-49020,217980
2016/12/22,0,2000,-129000,-127000
2016/12/23,0,3841,-119016,-115175
2016/12/26,0,15000,-94000,-79000
2016/12/27,0,5000,-62000,-57000
2016/12/28,0,18000,-81000,-63000
2016/12/29,0,111000,-94001,16999
2016/12/30,0,276000,-89000,187000
2017/01/02,0,0,0,0
2017/01/03,0,73000,-103000,-30000
2017/01/04,0,83000,-88881,-5881
2017/01/05,0,172000,-147000,25000
2017/01/06,0,465000,-207000,258000
2017/01/09,0,19000,-118000,-99000
2017/01/10,0,56000,-87000,-31000
2017/01/11,0,39000,-60000,-21000
2017/01/12,0,74000,-102040,-28040
2017/01/13,0,30000,-117113,-87113
2017/01/16,0,13000,-140000,-127000
2017/01/17,0,48000,-38000,10000
2017/01/18,0,184000,-202198,-18198
2017/01/19,0,20000,-210189,-190189
2017/01/20,0,6000,-118000,-112000
2017/01/23,0,64000,-79000,-15000
2017/01/24,0,79220,-56000,23220
2017/01/25,0,0,0,0
2017/01/26,0,0,0,0
2017/01/27,0,0,0,0
2017/01/30,0,0,0,0
2017/01/31,0,0,0,0
2017/02/01,0,0,0,0
2017/02/02,0,177000,-193992,-16992
2017/02/03,0,122000,-195513,-73513
2017/02/06,0,84000,-145186,-61186
2017/02/07,0,156153,-179486,-23333
2017/02/08,0,37000,-367584,-330584
2017/02/09,0,162000,-189582,-27582
2017/02/10,0,157000,-98505,58495
2017/02/13,0,131213,-49674,81539
2017/02/14,0,187000,-58871,128129
2017/02/15,0,356000,-186798,169202
2017/02/16,0,111000,-156112,-45112
2017/02/17,0,135000,-43000,92000
2017/02/20,0,167000,-42000,125000
2017/02/21,0,229000,-5000,224000
2017/02/22,0,86000,-17000,69000
2017/02/23,0,111000,-133000,-22000
2017/02/24,0,74000,-135000,-61000
2017/02/27,0,0,0,0
2017/02/28,0,0,0,0
2017/03/01,0,74000,-70640,3360
2017/03/02,0,93000,-70000,23000
2017/03/03,0,132000,-159000,-27000
2017/03/06,0,49000,-128000,-79000
2017/03/07,0,85000,-51000,34000
2017/03/08,0,66000,-31000,35000
2017/03/09,0,279000,-190000,89000
2017/03/10,0,65000,-139000,-74000
2017/03/13,0,161000,-92043,68957
2017/03/14,0,286000,-135000,151000
2017/03/15,0,57000,-124000,-67000
2017/03/16,0,224571,-39000,185571
2017/03/17,0,684000,-48000,636000
2017/03/20,0,82000,-105000,-23000
2017/03/21,0,577000,-121000,456000
2017/03/22,0,143000,-53000,90000
2017/03/23,0,120000,-100000,20000
2017/03/24,0,79000,-46000,33000
2017/03/27,0,130000,-64000,66000
2017/03/28,0,256095,-86000,170095
2017/03/29,0,115000,-55000,60000
2017/03/30,0,290000,-66000,224000
2017/03/31,0,65000,-21000,44000
2017/04/03,0,0,0,0
2017/04/04,0,0,0,0
2017/04/05,0,152000,-70000,82000
2017/04/06,0,195000,-134000,61000
2017/04/07,0,64000,-51000,13000
2017/04/10,0,332000,-552000,-220000
2017/04/11,0,191000,-341000,-150000
2017/04/12,0,94000,-211000,-117000
2017/04/13,0,181000,-175000,6000
2017/04/14,0,61000,-121000,-60000
2017/04/17,0,81000,-99000,-18000
2017/04/18,0,95000,-196000,-101000
2017/04/19,0,53000,-327000,-274000
2017/04/20,0,42000,-102000,-60000
2017/04/21,0,32000,-142000,-110000
2017/04/24,0,34000,-22000,12000
2017/04/25,0,100000,-95000,5000
2017/04/26,0,91000,-107000,-16000
2017/04/27,0,58000,-145660,-87660
2017/04/28,0,53000,-59000,-6000
2017/05/01,0,0,0,0
2017/05/02,0,125000,-134000,-9000
2017/05/03,0,23000,-15000,8000
2017/05/04,0,102000,-41000,61000
2017/05/05,0,16000,-83000,-67000
2017/05/08,0,48000,-61000,-13000
2017/05/09,0,104000,-107344,-3344
2017/05/10,0,85000,-46000,39000
2017/05/11,0,76000,-41000,35000
2017/05/12,0,38000,-41000,-3000
2017/05/15,0,86000,-79000,7000
2017/05/16,0,64000,-152000,-88000
2017/05/17,0,102020,-189000,-86980
2017/05/18,0,79000,-117000,-38000
2017/05/19,0,143960,-205161,-61201
2017/05/22,0,89000,-400000,-311000
2017/05/23,0,126000,-358000,-232000
2017/05/24,0,94000,-197000,-103000
2017/05/25,0,112000,-229000,-117000
2017/05/26,0,0,0,0
2017/05/29,0,0,0,0
2017/05/30,0,0,0,0
2017/05/31,0,335600,-609000,-273400
2017/06/01,0,62000,-162657,-100657
2017/06/02,0,203000,-81460,121540
2017/06/05,0,45000,-176614,-131614
2017/06/06,0,93000,-96160,-3160
2017/06/07,0,55000,-174000,-119000
2017/06/08,0,66000,-96000,-30000
2017/06/09,0,102000,-134000,-32000
2017/06/12,0,58000,-75000,-17000
2017/06/13,0,131000,-118000,13000
2017/06/14,0,160000,-296401,-136401
2017/06/15,0,86000,-97000,-11000
2017/06/16,0,241000,-393624,-152624
2017/06/19,0,52000,-68000,-16000
2017/06/20,0,34000,-25000,9000
2017/06/21,0,206568,-70000,136568
2017/06/22,0,150000,-151124,-1124
2017/06/23,0,48000,-34000,14000
2017/06/26,0,591000,-59000,532000
2017/06/27,0,193000,-100000,93000
2017/06/28,0,99000,-115000,-16000
2017/06/29,0,67000,-43000,24000
2017/06/30,0,40000,-53000,-13000
2017/07/03,0,136000,-39000,97000
2017/07/04,0,79000,-12000,67000
2017/07/05,0,40000,-23000,17000
2017/07/06,0,72000,-30000,42000
2017/07/07,0,32000,-53240,-21240
2017/07/10,0,34000,-65000,-31000
2017/07/11,0,119000,-46400,72600
2017/07/12,0,21640,-43385,-21745
2017/07/13,0,27000,-56000,-29000
2017/07/14,0,160000,-96000,64000
2017/07/17,0,35000,-24000,11000
2017/07/18,0,46000,-34000,12000
2017/07/19,0,126000,-21000,105000
2017/07/20,0,35103,-17200,17903
2017/07/21,0,2000,-6000,-4000
2017/07/24,0,44220,-48000,-3780
2017/07/25,0,57111,-63000,-5889
2017/07/26,0,21000,-176000,-155000
2017/07/27,0,40000,-82000,-42000
2017/07/28,0,61000,-21000,40000
2017/07/31,0,69000,-49000,20000
2017/08/01,0,80000,-19000,61000
2017/08/02,0,71540,-12000,59540
2017/08/03,0,65000,-31000,34000
2017/08/04,0,20000,-13000,7000
2017/08/07,0,57000,-16000,41000
2017/08/08,0,24000,-6000,18000
2017/08/09,0,16000,-9000,7000
2017/08/10,0,55000,-40000,15000
2017/08/11,0,61000,-32000,29000
2017/08/14,0,75000,-140100,-65100
2017/08/15,0,78000,-130500,-52500
2017/08/16,0,163000,-326000,-163000
2017/08/17,0,102000,-41000,61000
2017/08/18,0,215000,-141000,74000
