Date,Open,Buy,Sell,Total
2007/04/23,0,0,0,0
2007/04/24,0,0,0,0
2007/04/25,0,0,0,0
2007/04/26,0,200000,0,200000
2007/04/27,0,100000,0,100000
2007/04/30,0,30000,0,30000
2007/05/01,0,0,0,0
2007/05/02,0,0,-4000,-4000
2007/05/03,0,0,0,0
2007/05/04,0,5000,-6000,-1000
2007/05/07,0,2000,0,2000
2007/05/08,0,53000,0,53000
2007/05/09,0,0,-1000,-1000
2007/05/10,0,0,0,0
2007/05/11,0,190000,-10000,180000
2007/05/14,0,50000,0,50000
2007/05/15,0,0,-34000,-34000
2007/05/16,0,0,0,0
2007/05/17,0,15000,-381000,-366000
2007/05/18,0,0,0,0
2007/05/21,0,0,0,0
2007/05/22,0,0,0,0
2007/05/23,0,0,-60000,-60000
2007/05/24,0,70000,0,70000
2007/05/25,0,0,0,0
2007/05/28,0,50000,0,50000
2007/05/29,0,0,0,0
2007/05/30,0,1000,-40000,-39000
2007/05/31,0,0,-15000,-15000
2007/06/01,0,0,-50000,-50000
2007/06/04,0,1000,-30000,-29000
2007/06/05,0,0,0,0
2007/06/06,0,15000,0,15000
2007/06/07,0,0,0,0
2007/06/08,0,0,-1000,-1000
2007/06/11,0,0,-30000,-30000
2007/06/12,0,1000,0,1000
2007/06/13,0,0,-3000,-3000
2007/06/14,0,40000,-2000,38000
2007/06/15,0,11000,-17000,-6000
2007/06/18,0,0,0,0
2007/06/19,0,0,0,0
2007/06/20,0,13000,-20000,-7000
2007/06/21,0,0,-18000,-18000
2007/06/22,0,8000,-35000,-27000
2007/06/25,0,15000,0,15000
2007/06/26,0,7000,-11000,-4000
2007/06/27,0,13000,0,13000
2007/06/28,0,1000,-15000,-14000
2007/06/29,0,0,0,0
2007/07/02,0,67000,0,67000
2007/07/03,0,4000,-10000,-6000
2007/07/04,0,5000,-20000,-15000
2007/07/05,0,0,-30000,-30000
2007/07/06,0,0,0,0
2007/07/09,0,0,0,0
2007/07/10,0,0,0,0
2007/07/11,0,45000,-32000,13000
2007/07/12,0,15000,-14000,1000
2007/07/13,0,0,-14000,-14000
2007/07/16,0,230000,-31000,199000
2007/07/17,0,57000,-5000,52000
2007/07/18,0,60000,-5000,55000
2007/07/19,0,132000,-22000,110000
2007/07/20,0,0,-93000,-93000
2007/07/23,0,56000,-25000,31000
2007/07/24,0,35000,0,35000
2007/07/25,0,31000,-4000,27000
2007/07/26,0,19000,-25000,-6000
2007/07/27,0,32000,-35000,-3000
2007/07/30,0,18000,-48000,-30000
2007/07/31,0,417000,-1000,416000
2007/08/01,0,287000,-227000,60000
2007/08/02,0,51000,-296000,-245000
2007/08/03,0,3000,-31000,-28000
2007/08/06,0,33000,-6000,27000
2007/08/07,0,55000,-244000,-189000
2007/08/08,0,25000,-21000,4000
2007/08/09,0,10000,0,10000
2007/08/10,0,30000,-15000,15000
2007/08/13,0,83000,-13000,70000
2007/08/14,0,8000,-31000,-23000
2007/08/15,0,16000,-160000,-144000
2007/08/16,0,36000,-66000,-30000
2007/08/17,0,20000,-163000,-143000
2007/08/20,0,0,-25000,-25000
2007/08/21,0,147000,-13000,134000
2007/08/22,0,10000,-9000,1000
2007/08/23,0,27000,-6000,21000
2007/08/24,0,11000,0,11000
2007/08/27,0,7000,-9000,-2000
2007/08/28,0,0,-4000,-4000
2007/08/29,0,287000,0,287000
2007/08/30,0,76000,-42000,34000
2007/08/31,0,3000,-30000,-27000
2007/09/03,0,101000,-13000,88000
2007/09/04,0,22000,-35000,-13000
2007/09/05,0,4000,-145000,-141000
2007/09/06,0,212000,-8000,204000
2007/09/07,0,5000,-131000,-126000
2007/09/10,0,359000,0,359000
2007/09/11,0,31000,-67000,-36000
2007/09/12,0,57000,0,57000
2007/09/13,0,14000,-2000,12000
2007/09/14,0,2000,-30000,-28000
2007/09/17,0,140000,-6000,134000
2007/09/18,0,0,0,0
2007/09/19,0,14000,-68000,-54000
2007/09/20,0,15000,-365000,-350000
2007/09/21,0,70000,-10000,60000
2007/09/24,0,0,0,0
2007/09/25,0,0,0,0
2007/09/26,0,127000,-12000,115000
2007/09/27,0,19000,0,19000
2007/09/28,0,1000,-7000,-6000
2007/10/01,0,238000,-33550,204450
2007/10/02,0,7000,-70000,-63000
2007/10/03,0,69000,-1000,68000
2007/10/04,0,18000,-80000,-62000
2007/10/05,0,41000,-28000,13000
2007/10/08,0,10000,0,10000
2007/10/09,0,4000,-132000,-128000
2007/10/10,0,0,0,0
2007/10/11,0,2000,-17000,-15000
2007/10/12,0,8000,-22000,-14000
2007/10/15,0,13000,-6000,7000
2007/10/16,0,1000,-9000,-8000
2007/10/17,0,0,-100000,-100000
2007/10/18,0,1000,-37000,-36000
2007/10/19,0,0,-28000,-28000
2007/10/22,0,14000,-375000,-361000
2007/10/23,0,67000,-13000,54000
2007/10/24,0,9000,-2000,7000
2007/10/25,0,6000,-3000,3000
2007/10/26,0,4000,-20000,-16000
2007/10/29,0,265000,-1000,264000
2007/10/30,0,23000,-66000,-43000
2007/10/31,0,29000,-120000,-91000
2007/11/01,0,4000,-263000,-259000
2007/11/02,0,0,-234000,-234000
2007/11/05,0,31000,-24000,7000
2007/11/06,0,34000,-4000,30000
2007/11/07,0,0,-8000,-8000
2007/11/08,0,16000,-261000,-245000
2007/11/09,0,76000,-16000,60000
2007/11/12,0,17000,-105000,-88000
2007/11/13,0,33000,-20000,13000
2007/11/14,0,12000,-2000,10000
2007/11/15,0,0,-8000,-8000
2007/11/16,0,0,-13000,-13000
2007/11/19,0,3000,-37000,-34000
2007/11/20,0,36000,-50000,-14000
2007/11/21,0,11000,-27000,-16000
2007/11/22,0,1000,-14000,-13000
2007/11/23,0,79000,-35000,44000
2007/11/26,0,5000,-8000,-3000
2007/11/27,0,27000,-98000,-71000
2007/11/28,0,20000,-23000,-3000
2007/11/29,0,9000,-16000,-7000
2007/11/30,0,1000,0,1000
2007/12/03,0,6000,0,6000
2007/12/04,0,25000,0,25000
2007/12/05,0,50000,-11000,39000
2007/12/06,0,9000,-1000,8000
2007/12/07,0,15000,-8000,7000
2007/12/10,0,2000,-13000,-11000
2007/12/11,0,30000,-122720,-92720
2007/12/12,0,3000,-22000,-19000
2007/12/13,0,16000,-5000,11000
2007/12/14,0,16000,-21000,-5000
2007/12/17,0,0,-2000,-2000
2007/12/18,0,33000,-16000,17000
2007/12/19,0,21000,-17000,4000
2007/12/20,0,16000,-11000,5000
2007/12/21,0,20000,-17555,2445
2007/12/24,0,4000,-12000,-8000
2007/12/25,0,2000,-14000,-12000
2007/12/26,0,1000,-3000,-2000
2007/12/27,0,18000,-2000,16000
2007/12/28,0,0,-24000,-24000
2007/12/31,0,18000,0,18000
2008/01/01,0,0,0,0
2008/01/02,0,50000,-10000,40000
2008/01/03,0,13000,-1000,12000
2008/01/04,0,7000,-11000,-4000
2008/01/07,0,35000,-17000,18000
2008/01/08,0,1000,-14000,-13000
2008/01/09,0,35000,-23875,11125
2008/01/10,0,38000,0,38000
2008/01/11,0,7000,-1000,6000
2008/01/14,0,14000,-52000,-38000
2008/01/15,0,367000,-16000,351000
2008/01/16,0,28000,-21000,7000
2008/01/17,0,17000,-25000,-8000
2008/01/18,0,149000,-25000,124000
2008/01/21,0,1016000,-18000,998000
2008/01/22,0,0,-406000,-406000
2008/01/23,0,8000,-269000,-261000
2008/01/24,0,18000,-835000,-817000
2008/01/25,0,0,-18000,-18000
2008/01/28,0,19000,-8000,11000
2008/01/29,0,18000,-56000,-38000
2008/01/30,0,1000,-11000,-10000
2008/01/31,0,12000,-1000,11000
2008/02/01,0,1000,-2000,-1000
2008/02/04,0,0,0,0
2008/02/05,0,0,0,0
2008/02/06,0,0,0,0
2008/02/07,0,0,0,0
2008/02/08,0,0,0,0
2008/02/11,0,0,0,0
2008/02/12,0,19000,-23000,-4000
2008/02/13,0,0,-3000,-3000
2008/02/14,0,63000,0,63000
2008/02/15,0,17000,0,17000
2008/02/18,0,2000,-64000,-62000
2008/02/19,0,129000,0,129000
2008/02/20,0,0,-1000,-1000
2008/02/21,0,30000,-15000,15000
2008/02/22,0,20000,-7000,13000
2008/02/25,0,419000,0,419000
2008/02/26,0,141000,-25000,116000
2008/02/27,0,20000,-21000,-1000
2008/02/28,0,0,0,0
2008/02/29,0,35000,-567000,-532000
2008/03/03,0,66000,-1000,65000
2008/03/04,0,67000,-1000,66000
2008/03/05,0,87000,-169000,-82000
2008/03/06,0,13000,-9000,4000
2008/03/07,0,31000,-42000,-11000
2008/03/10,0,21000,-25000,-4000
2008/03/11,0,17000,-8000,9000
2008/03/12,0,14000,-1000,13000
2008/03/13,0,5000,-16000,-11000
2008/03/14,0,1000,-50000,-49000
2008/03/17,0,5000,-6000,-1000
2008/03/18,0,401000,-60000,341000
2008/03/19,0,13000,-9000,4000
2008/03/20,0,1000,-26000,-25000
2008/03/21,0,10000,-12000,-2000
2008/03/24,0,76000,-3000,73000
2008/03/25,0,8000,-5000,3000
2008/03/26,0,203000,-3000,200000
2008/03/27,0,229000,-14000,215000
2008/03/28,0,13000,-1000,12000
2008/03/31,0,3000,-32000,-29000
2008/04/01,0,0,-33000,-33000
2008/04/02,0,0,-21000,-21000
2008/04/03,0,0,-17000,-17000
2008/04/04,0,0,0,0
2008/04/07,0,17000,0,17000
2008/04/08,0,0,-7000,-7000
2008/04/09,0,123000,-4000,119000
2008/04/10,0,102000,0,102000
2008/04/11,0,8000,-3000,5000
2008/04/14,0,14000,-16000,-2000
2008/04/15,0,73000,-4000,69000
2008/04/16,0,11000,-12000,-1000
2008/04/17,0,0,-12000,-12000
2008/04/18,0,1000,-5000,-4000
2008/04/21,0,0,-17000,-17000
2008/04/22,0,5000,0,5000
2008/04/23,0,1000,0,1000
2008/04/24,0,10000,-2000,8000
2008/04/25,0,9000,-10000,-1000
2008/04/28,0,22000,-12000,10000
2008/04/29,0,13000,-16000,-3000
2008/04/30,0,5000,-18000,-13000
2008/05/01,0,0,0,0
2008/05/02,0,6000,0,6000
2008/05/05,0,3000,-50000,-47000
2008/05/06,0,25000,0,25000
2008/05/07,0,0,-4000,-4000
2008/05/08,0,0,-2000,-2000
2008/05/09,0,0,-11000,-11000
2008/05/12,0,8000,-1000,7000
2008/05/13,0,8000,0,8000
2008/05/14,0,0,0,0
2008/05/15,0,11000,-3000,8000
2008/05/16,0,3000,-2000,1000
2008/05/19,0,15000,-7000,8000
2008/05/20,0,9000,-2000,7000
2008/05/21,0,0,0,0
2008/05/22,0,5000,-3000,2000
2008/05/23,0,0,-7000,-7000
2008/05/26,0,2000,-3000,-1000
2008/05/27,0,0,-2000,-2000
2008/05/28,0,8000,-2000,6000
2008/05/29,0,0,-754000,-754000
2008/05/30,0,1000,-14000,-13000
2008/06/02,0,3000,-5000,-2000
2008/06/03,0,0,0,0
2008/06/04,0,0,-12000,-12000
2008/06/05,0,12000,-4000,8000
2008/06/06,0,5000,0,5000
2008/06/09,0,12000,-4000,8000
2008/06/10,0,3000,-9000,-6000
2008/06/11,0,18000,-45000,-27000
2008/06/12,0,5000,-5000,0
2008/06/13,0,4000,-25000,-21000
2008/06/16,0,1000,-7000,-6000
2008/06/17,0,2000,-22000,-20000
2008/06/18,0,13000,-3000,10000
2008/06/19,0,2000,-9000,-7000
2008/06/20,0,3000,-140000,-137000
2008/06/23,0,43000,-222000,-179000
2008/06/24,0,3000,-6000,-3000
2008/06/25,0,28000,-19000,9000
2008/06/26,0,12000,-13000,-1000
2008/06/27,0,0,-9000,-9000
2008/06/30,0,5000,-11000,-6000
2008/07/01,0,35000,-7000,28000
2008/07/02,0,18000,-16000,2000
2008/07/03,0,15000,-5000,10000
2008/07/04,0,4000,-4000,0
2008/07/07,0,1000,-19000,-18000
2008/07/08,0,16000,-41000,-25000
2008/07/09,0,17000,-19000,-2000
2008/07/10,0,1000,-14000,-13000
2008/07/11,0,23000,-4000,19000
2008/07/14,0,3000,-6000,-3000
2008/07/15,0,6000,-13000,-7000
2008/07/16,0,16000,-17000,-1000
2008/07/17,0,0,-12000,-12000
2008/07/18,0,10000,-15000,-5000
2008/07/21,0,21000,-16000,5000
2008/07/22,0,38000,0,38000
2008/07/23,0,35000,-2000,33000
2008/07/24,0,0,-4000,-4000
2008/07/25,0,73000,0,73000
2008/07/28,0,0,0,0
2008/07/29,0,299000,-82000,217000
2008/07/30,0,6000,-311000,-305000
2008/07/31,0,16000,-5000,11000
2008/08/01,0,20000,-2000,18000
2008/08/04,0,4000,0,4000
2008/08/05,0,25000,-21000,4000
2008/08/06,0,24000,-8000,16000
2008/08/07,0,0,-12000,-12000
2008/08/08,0,5000,0,5000
2008/08/11,0,0,-50000,-50000
2008/08/12,0,17000,0,17000
2008/08/13,0,0,0,0
2008/08/14,0,1000,0,1000
2008/08/15,0,0,-5000,-5000
2008/08/18,0,3000,-6000,-3000
2008/08/19,0,0,-8000,-8000
2008/08/20,0,3000,-3000,0
2008/08/21,0,3000,-31000,-28000
2008/08/22,0,13000,-11000,2000
2008/08/25,0,3000,0,3000
2008/08/26,0,30000,0,30000
2008/08/27,0,8000,-58000,-50000
2008/08/28,0,39000,0,39000
2008/08/29,0,11000,-34000,-23000
2008/09/01,0,34000,-3000,31000
2008/09/02,0,2000,-49000,-47000
2008/09/03,0,15000,-4000,11000
2008/09/04,0,25000,-12000,13000
2008/09/05,0,15000,-12000,3000
2008/09/08,0,0,-17000,-17000
2008/09/09,0,14000,-5009,8991
2008/09/10,0,13000,-12000,1000
2008/09/11,0,0,-15000,-15000
2008/09/12,0,12000,-10000,2000
2008/09/15,0,12000,-25000,-13000
2008/09/16,0,10000,-8000,2000
2008/09/17,0,13000,-60000,-47000
2008/09/18,0,2000,0,2000
2008/09/19,0,12000,-37000,-25000
2008/09/22,0,0,-45350,-45350
2008/09/23,0,23200,-1825,21375
2008/09/24,0,9000,-3000,6000
2008/09/25,0,14000,-16000,-2000
2008/09/26,0,8000,-13000,-5000
2008/09/29,0,0,0,0
2008/09/30,0,13000,-15000,-2000
2008/10/01,0,2000,-18000,-16000
2008/10/02,0,6000,-6000,0
2008/10/03,0,7000,-6000,1000
2008/10/06,0,13000,-9000,4000
2008/10/07,0,4000,-13150,-9150
2008/10/08,0,4000,0,4000
2008/10/09,0,7000,-2000,5000
2008/10/10,0,0,0,0
2008/10/13,0,8000,-8000,0
2008/10/14,0,0,-5000,-5000
2008/10/15,0,0,0,0
2008/10/16,0,0,0,0
2008/10/17,0,5000,-4000,1000
2008/10/20,0,3000,-525,2475
2008/10/21,0,0,0,0
2008/10/22,0,13000,-13000,0
2008/10/23,0,13000,-13000,0
2008/10/24,0,5000,-5000,0
2008/10/27,0,13000,-13000,0
2008/10/28,0,13000,-13000,0
2008/10/29,0,2000,-13000,-11000
2008/10/30,0,13000,-2000,11000
2008/10/31,0,13000,-13000,0
2008/11/03,0,6000,-13000,-7000
2008/11/04,0,20000,-1000,19000
2008/11/05,0,14000,0,14000
2008/11/06,0,8000,-8000,0
2008/11/07,0,14000,-36000,-22000
2008/11/10,0,3000,-6000,-3000
2008/11/11,0,0,0,0
2008/11/12,0,32000,-14000,18000
2008/11/13,0,0,-19000,-19000
2008/11/14,0,0,-2000,-2000
2008/11/17,0,16000,0,16000
2008/11/18,0,26000,-12000,14000
2008/11/19,0,6000,-31000,-25000
2008/11/20,0,8000,-11000,-3000
2008/11/21,0,9000,-13000,-4000
2008/11/24,0,0,0,0
2008/11/25,0,0,0,0
2008/11/26,0,0,0,0
2008/11/27,0,0,0,0
2008/11/28,0,8000,0,8000
2008/12/01,0,0,0,0
2008/12/02,0,12000,0,12000
2008/12/03,0,7000,-10000,-3000
2008/12/04,0,0,-17000,-17000
2008/12/05,0,0,-1000,-1000
2008/12/08,0,7000,0,7000
2008/12/09,0,3000,0,3000
2008/12/10,0,2000,-6000,-4000
2008/12/11,0,6000,-6000,0
2008/12/12,0,2000,-8000,-6000
2008/12/15,0,21000,-8000,13000
2008/12/16,0,0,-4000,-4000
2008/12/17,0,0,-4000,-4000
2008/12/18,0,0,0,0
2008/12/19,0,0,0,0
2008/12/22,0,3000,0,3000
2008/12/23,0,0,-6000,-6000
2008/12/24,0,1000,0,1000
2008/12/25,0,0,-1000,-1000
2008/12/26,0,3000,0,3000
2008/12/29,0,0,-2000,-2000
2008/12/30,0,2000,-6000,-4000
2008/12/31,0,0,-2000,-2000
2009/01/01,0,0,0,0
2009/01/02,0,0,0,0
2009/01/05,0,0,0,0
2009/01/06,0,0,0,0
2009/01/07,0,0,0,0
2009/01/08,0,1000,0,1000
2009/01/09,0,1000,0,1000
2009/01/12,0,0,0,0
2009/01/13,0,0,0,0
2009/01/14,0,0,0,0
2009/01/15,0,0,0,0
2009/01/16,0,0,0,0
2009/01/19,0,0,0,0
2009/01/20,0,0,-1000,-1000
2009/01/21,0,0,-6000,-6000
2009/01/22,0,0,0,0
2009/01/23,0,0,0,0
2009/01/26,0,0,0,0
2009/01/27,0,0,0,0
2009/01/28,0,0,0,0
2009/01/29,0,0,0,0
2009/01/30,0,0,0,0
2009/02/02,0,0,0,0
2009/02/03,0,0,0,0
2009/02/04,0,0,0,0
2009/02/05,0,0,0,0
2009/02/06,0,0,0,0
2009/02/09,0,1000,0,1000
2009/02/10,0,3000,0,3000
2009/02/11,0,0,0,0
2009/02/12,0,2000,0,2000
2009/02/13,0,0,0,0
2009/02/16,0,0,0,0
2009/02/17,0,0,0,0
2009/02/18,0,6000,-6000,0
2009/02/19,0,0,0,0
2009/02/20,0,0,0,0
2009/02/23,0,0,0,0
2009/02/24,0,0,0,0
2009/02/25,0,0,0,0
2009/02/26,0,0,0,0
2009/02/27,0,0,0,0
2009/03/02,0,0,0,0
2009/03/03,0,130000,-6000,124000
2009/03/04,0,110000,0,110000
2009/03/05,0,40000,0,40000
2009/03/06,0,26000,0,26000
2009/03/09,0,0,-6000,-6000
2009/03/10,0,70000,-300000,-230000
2009/03/11,0,11000,-30000,-19000
2009/03/12,0,9000,-1000,8000
2009/03/13,0,6000,-15000,-9000
2009/03/16,0,15000,-25000,-10000
2009/03/17,0,10000,-13000,-3000
2009/03/18,0,13000,-26000,-13000
2009/03/19,0,0,0,0
2009/03/20,0,0,-1000,-1000
2009/03/23,0,2000,0,2000
2009/03/24,0,3000,0,3000
2009/03/25,0,7000,-13000,-6000
2009/03/26,0,2000,-1000,1000
2009/03/27,0,0,-10000,-10000
2009/03/30,0,4000,-4000,0
2009/03/31,0,4000,0,4000
2009/04/01,0,13000,-2000,11000
2009/04/02,0,278000,0,278000
2009/04/03,0,471000,-103000,368000
2009/04/06,0,3000,-26000,-23000
2009/04/07,0,14000,-179000,-165000
2009/04/08,0,14000,-10000,4000
2009/04/09,0,4000,-16000,-12000
2009/04/10,0,142000,0,142000
2009/04/13,0,29000,-523000,-494000
2009/04/14,0,0,-34000,-34000
2009/04/15,0,3000,-29000,-26000
2009/04/16,0,18000,-30000,-12000
2009/04/17,0,19000,-24000,-5000
2009/04/20,0,17000,-9000,8000
2009/04/21,0,11000,-16000,-5000
2009/04/22,0,0,-3000,-3000
2009/04/23,0,15000,-19000,-4000
2009/04/24,0,125000,-20000,105000
2009/04/27,0,176000,-1000,175000
2009/04/28,0,28000,-25000,3000
2009/04/29,0,173000,0,173000
2009/04/30,0,251000,-7000,244000
2009/05/01,0,0,0,0
2009/05/04,0,23000,-351000,-328000
2009/05/05,0,16000,-100000,-84000
2009/05/06,0,224000,-9000,215000
2009/05/07,0,28000,-30000,-2000
2009/05/08,0,46000,-30000,16000
2009/05/11,0,1000,-21000,-20000
2009/05/12,0,195000,-273000,-78000
2009/05/13,0,95000,-5000,90000
2009/05/14,0,144000,-34000,110000
2009/05/15,0,286000,-63000,223000
2009/05/18,0,0,-169000,-169000
2009/05/19,0,120000,-115000,5000
2009/05/20,0,1000,-15000,-14000
2009/05/21,0,20000,-37000,-17000
2009/05/22,0,0,-167000,-167000
2009/05/25,0,0,-171000,-171000
2009/05/26,0,12000,-174000,-162000
2009/05/27,0,218000,-2000,216000
2009/05/28,0,0,0,0
2009/05/29,0,0,0,0
2009/06/01,0,10000,-12000,-2000
2009/06/02,0,495000,-102000,393000
2009/06/03,0,34000,-156000,-122000
2009/06/04,0,308000,-24000,284000
2009/06/05,0,150000,-251000,-101000
2009/06/08,0,26000,-12000,14000
2009/06/09,0,54000,-308000,-254000
2009/06/10,0,62000,-18000,44000
2009/06/11,0,425000,-175000,250000
2009/06/12,0,141000,-247000,-106000
2009/06/15,0,171000,-220000,-49000
2009/06/16,0,370000,-179000,191000
2009/06/17,0,64000,-104000,-40000
2009/06/18,0,83000,-280000,-197000
2009/06/19,0,22000,0,22000
2009/06/22,0,30000,-58000,-28000
2009/06/23,0,109000,-15000,94000
2009/06/24,0,169000,-34000,135000
2009/06/25,0,156000,-95000,61000
2009/06/26,0,57000,-52000,5000
2009/06/29,0,35000,-55000,-20000
2009/06/30,0,13000,-138000,-125000
2009/07/01,0,129000,0,129000
2009/07/02,0,349000,-17000,332000
2009/07/03,0,503000,-190000,313000
2009/07/06,0,123000,-122000,1000
2009/07/07,0,125000,-431000,-306000
2009/07/08,0,9000,-112000,-103000
2009/07/09,0,48000,-36000,12000
2009/07/10,0,109000,-60000,49000
2009/07/13,0,6000,-41000,-35000
2009/07/14,0,41000,-119000,-78000
2009/07/15,0,169000,-385000,-216000
2009/07/16,0,580000,-562000,18000
2009/07/17,0,64000,-186000,-122000
2009/07/20,0,551000,-33000,518000
2009/07/21,0,36000,-35000,1000
2009/07/22,0,334000,-151000,183000
2009/07/23,0,252000,-41000,211000
2009/07/24,0,90756,-92000,-1244
2009/07/27,0,164000,-62000,102000
2009/07/28,0,257000,-258000,-1000
2009/07/29,0,422000,-140000,282000
2009/07/30,0,37000,-373000,-336000
2009/07/31,0,0,-203000,-203000
2009/08/03,0,67444,-106000,-38556
2009/08/04,0,185000,-450000,-265000
2009/08/05,0,52000,-96000,-44000
2009/08/06,0,137000,-295000,-158000
2009/08/07,0,0,0,0
2009/08/10,0,151000,-45000,106000
2009/08/11,0,126000,-8000,118000
2009/08/12,0,58000,-3000,55000
2009/08/13,0,81000,-3000,78000
2009/08/14,0,108000,-98000,10000
2009/08/17,0,18000,-120000,-102000
2009/08/18,0,48000,-438000,-390000
2009/08/19,0,104000,-108000,-4000
2009/08/20,0,114000,-36000,78000
2009/08/21,0,37000,-210000,-173000
2009/08/24,0,50000,-62000,-12000
2009/08/25,0,32000,-292000,-260000
2009/08/26,0,7000,-35000,-28000
2009/08/27,0,39000,-54000,-15000
2009/08/28,0,304000,-186000,118000
2009/08/31,0,97000,-480000,-383000
2009/09/01,0,291000,-143000,148000
2009/09/02,0,121000,-54000,67000
2009/09/03,0,181000,-23000,158000
2009/09/04,0,47000,-112000,-65000
2009/09/07,0,506000,-29000,477000
2009/09/08,0,92000,-142000,-50000
2009/09/09,0,158000,-230000,-72000
2009/09/10,0,165000,-389000,-224000
2009/09/11,0,181000,-58000,123000
2009/09/14,0,88000,-408000,-320000
2009/09/15,0,107000,-51000,56000
2009/09/16,0,121000,-12000,109000
2009/09/17,0,6000,-17000,-11000
2009/09/18,0,141000,-166000,-25000
2009/09/21,0,58000,-77450,-19450
2009/09/22,0,2000,-17000,-15000
2009/09/23,0,75000,-207000,-132000
2009/09/24,0,22000,-21000,1000
2009/09/25,0,56000,-24000,32000
2009/09/28,0,33000,-34000,-1000
2009/09/29,0,115000,-25000,90000
2009/09/30,0,100000,-80000,20000
2009/10/01,0,199000,-156000,43000
2009/10/02,0,102000,-9200,92800
2009/10/05,0,66000,-37200,28800
2009/10/06,0,373000,-60700,312300
2009/10/07,0,85000,-178000,-93000
2009/10/08,0,101000,-53000,48000
2009/10/09,0,10000,-16000,-6000
2009/10/12,0,15000,-19000,-4000
2009/10/13,0,46000,-5000,41000
2009/10/14,0,115000,-70000,45000
2009/10/15,0,0,-84000,-84000
2009/10/16,0,30000,-335000,-305000
2009/10/19,0,7000,-30000,-23000
2009/10/20,0,200000,-12000,188000
2009/10/21,0,15000,-17000,-2000
2009/10/22,0,351000,-28000,323000
2009/10/23,0,335000,-34000,301000
2009/10/26,0,370000,-13000,357000
2009/10/27,0,15000,-224000,-209000
2009/10/28,0,128000,-437000,-309000
2009/10/29,0,70000,-667000,-597000
2009/10/30,0,13000,-80000,-67000
2009/11/02,0,12000,-23000,-11000
2009/11/03,0,114000,-230000,-116000
2009/11/04,0,62000,-4000,58000
2009/11/05,0,6000,-46000,-40000
2009/11/06,0,106000,-40000,66000
2009/11/09,0,40000,-68000,-28000
2009/11/10,0,46000,-106000,-60000
2009/11/11,0,211000,-5000,206000
2009/11/12,0,20000,-108000,-88000
2009/11/13,0,66000,-3000,63000
2009/11/16,0,605000,-25000,580000
2009/11/17,0,34000,-191000,-157000
2009/11/18,0,125000,-219000,-94000
2009/11/19,0,131000,-44000,87000
2009/11/20,0,34000,-72000,-38000
2009/11/23,0,125000,-15000,110000
2009/11/24,0,26000,-47000,-21000
2009/11/25,0,63000,-2000,61000
2009/11/26,0,24000,-30000,-6000
2009/11/27,0,15000,-143000,-128000
2009/11/30,0,0,-18000,-18000
2009/12/01,0,31000,-112000,-81000
2009/12/02,0,40000,-5000,35000
2009/12/03,0,17000,-20000,-3000
2009/12/04,0,0,-11000,-11000
2009/12/07,0,0,-18000,-18000
2009/12/08,0,33000,-85000,-52000
2009/12/09,0,14000,-47500,-33500
2009/12/10,0,13000,-70000,-57000
2009/12/11,0,103000,-4000,99000
2009/12/14,0,27000,-8000,19000
2009/12/15,0,6000,-18000,-12000
2009/12/16,0,12000,-153000,-141000
2009/12/17,0,8000,-77000,-69000
2009/12/18,0,1000,-62000,-61000
2009/12/21,0,0,-45000,-45000
2009/12/22,0,5000,-28000,-23000
2009/12/23,0,10000,-11000,-1000
2009/12/24,0,8000,-4000,4000
2009/12/25,0,23000,-11000,12000
2009/12/28,0,75000,-40000,35000
2009/12/29,0,23000,-1000,22000
2009/12/30,0,10000,0,10000
2009/12/31,0,111000,-111000,0
2010/01/01,0,0,0,0
2010/01/04,0,5000,-158000,-153000
2010/01/05,0,0,-17000,-17000
2010/01/06,0,39000,-7000,32000
2010/01/07,0,12000,-49000,-37000
2010/01/08,0,127000,-19000,108000
2010/01/11,0,5000,-1000,4000
2010/01/12,0,2000,-108000,-106000
2010/01/13,0,28000,-3000,25000
2010/01/14,0,8000,-6000,2000
2010/01/15,0,71000,-1000,70000
2010/01/18,0,10000,0,10000
2010/01/19,0,4842,-45000,-40158
2010/01/20,0,12000,-3000,9000
2010/01/21,0,14000,-7000,7000
2010/01/22,0,1000,-23000,-22000
2010/01/25,0,17000,-35000,-18000
2010/01/26,0,38851,-245000,-206149
2010/01/27,0,200000,-66000,134000
2010/01/28,0,6000,-16762,-10762
2010/01/29,0,2000,-86089,-84089
2010/02/01,0,5000,-36000,-31000
2010/02/02,0,16000,-24000,-8000
2010/02/03,0,1000,-1000,0
2010/02/04,0,0,-5000,-5000
2010/02/05,0,3000,-37000,-34000
2010/02/08,0,10000,-1000,9000
2010/02/09,0,9000,-7000,2000
2010/02/10,0,0,-311000,-311000
2010/02/11,0,0,0,0
2010/02/12,0,0,0,0
2010/02/15,0,0,0,0
2010/02/16,0,0,0,0
2010/02/17,0,0,0,0
2010/02/18,0,0,0,0
2010/02/19,0,0,0,0
2010/02/22,0,32000,-107000,-75000
2010/02/23,0,0,-108000,-108000
2010/02/24,0,3000,-12000,-9000
2010/02/25,0,12000,-8000,4000
2010/02/26,0,9000,-1000,8000
2010/03/01,0,11000,-103000,-92000
2010/03/02,0,13000,0,13000
2010/03/03,0,37000,-25000,12000
2010/03/04,0,149000,-26000,123000
2010/03/05,0,9000,-61000,-52000
2010/03/08,0,18000,-9000,9000
2010/03/09,0,41000,-2000,39000
2010/03/10,0,1000,-12000,-11000
2010/03/11,0,0,-8000,-8000
2010/03/12,0,9000,-1000,8000
2010/03/15,0,9000,-32000,-23000
2010/03/16,0,6000,0,6000
2010/03/17,0,60000,-5913,54087
2010/03/18,0,49000,-12000,37000
2010/03/19,0,10000,0,10000
2010/03/22,0,0,-32000,-32000
2010/03/23,0,4000,-1000,3000
2010/03/24,0,12000,-4000,8000
2010/03/25,0,66000,-2000,64000
2010/03/26,0,30000,-2000,28000
2010/03/29,0,17000,-2000,15000
2010/03/30,0,22000,-1000,21000
2010/03/31,0,166000,-91000,75000
2010/04/01,0,84000,-123000,-39000
2010/04/02,0,24000,-7000,17000
2010/04/05,0,0,0,0
2010/04/06,0,16000,-2000,14000
2010/04/07,0,7000,-3000,4000
2010/04/08,0,17000,-46000,-29000
2010/04/09,0,4000,-2000,2000
2010/04/12,0,59292,-20000,39292
2010/04/13,0,3000,-21000,-18000
2010/04/14,0,9000,-56000,-47000
2010/04/15,0,161000,-2000,159000
2010/04/16,0,14000,-46000,-32000
2010/04/19,0,0,-134000,-134000
2010/04/20,0,0,-76000,-76000
2010/04/21,0,17000,-12053,4947
2010/04/22,0,6000,-27000,-21000
2010/04/23,0,6000,-77000,-71000
2010/04/26,0,97000,-5000,92000
2010/04/27,0,21000,-8000,13000
2010/04/28,0,16000,-35000,-19000
2010/04/29,0,0,-10000,-10000
2010/04/30,0,4000,-14000,-10000
2010/05/03,0,2000,-11000,-9000
2010/05/04,0,0,-5000,-5000
2010/05/05,0,4000,-28000,-24000
2010/05/06,0,21000,-62000,-41000
2010/05/07,0,11000,-5000,6000
2010/05/10,0,2000,-33000,-31000
2010/05/11,0,7000,-82160,-75160
2010/05/12,0,9000,-11483,-2483
2010/05/13,0,12000,0,12000
2010/05/14,0,58000,-1000,57000
2010/05/17,0,7000,-64000,-57000
2010/05/18,0,29000,-2000,27000
2010/05/19,0,70000,-10000,60000
2010/05/20,0,0,-25000,-25000
2010/05/21,0,7000,-13000,-6000
2010/05/24,0,14000,-3000,11000
2010/05/25,0,42000,-26000,16000
2010/05/26,0,32000,-3000,29000
2010/05/27,0,13000,-18000,-5000
2010/05/28,0,32000,-5000,27000
2010/05/31,0,4000,0,4000
2010/06/01,0,4000,-34000,-30000
2010/06/02,0,4000,0,4000
2010/06/03,0,5000,-9000,-4000
2010/06/04,0,0,-27000,-27000
2010/06/07,0,0,-6000,-6000
2010/06/08,0,1000,-16000,-15000
2010/06/09,0,0,-59000,-59000
2010/06/10,0,2000,0,2000
2010/06/11,0,11000,0,11000
2010/06/14,0,10000,-2000,8000
2010/06/15,0,92000,-1000,91000
2010/06/16,0,0,0,0
2010/06/17,0,175000,-89000,86000
2010/06/18,0,3000,-65000,-62000
2010/06/21,0,11000,-7000,4000
2010/06/22,0,9000,-2000,7000
2010/06/23,0,0,-4000,-4000
2010/06/24,0,0,-7838,-7838
2010/06/25,0,59000,0,59000
2010/06/28,0,22000,-6000,16000
2010/06/29,0,6000,-62000,-56000
2010/06/30,0,0,-4000,-4000
2010/07/01,0,8000,-8000,0
2010/07/02,0,2000,-1000,1000
2010/07/05,0,0,-1000,-1000
2010/07/06,0,10000,-5000,5000
2010/07/07,0,19000,0,19000
2010/07/08,0,125000,0,125000
2010/07/09,0,4000,-13000,-9000
2010/07/12,0,0,-36000,-36000
2010/07/13,0,271000,-59000,212000
2010/07/14,0,124000,-48000,76000
2010/07/15,0,61000,-6000,55000
2010/07/16,0,3000,-1000,2000
2010/07/19,0,6000,-4000,2000
2010/07/20,0,26000,-4000,22000
2010/07/21,0,631000,-39000,592000
2010/07/22,0,525000,-85000,440000
2010/07/23,0,512000,-68125,443875
2010/07/26,0,270000,-68000,202000
2010/07/27,0,100000,-69000,31000
2010/07/28,0,191000,-410000,-219000
2010/07/29,0,2521000,-234000,2287000
2010/07/30,0,80000,-1805000,-1725000
2010/08/02,0,18000,-571000,-553000
2010/08/03,0,5000,-65000,-60000
2010/08/04,0,407000,-28000,379000
2010/08/05,0,261000,-278000,-17000
2010/08/06,0,37000,-159000,-122000
2010/08/09,0,7000,-27000,-20000
2010/08/10,0,27000,-70000,-43000
2010/08/11,0,9000,-110000,-101000
2010/08/12,0,0,-74000,-74000
2010/08/13,0,22000,-10000,12000
2010/08/16,0,103000,-26000,77000
2010/08/17,0,103000,-37000,66000
2010/08/18,0,109000,-8000,101000
2010/08/19,0,6000,-8000,-2000
2010/08/20,0,217000,-23419,193581
2010/08/23,0,137000,-1000,136000
2010/08/24,0,52000,-29000,23000
2010/08/25,0,152000,-120000,32000
2010/08/26,0,56000,-12000,44000
2010/08/27,0,14000,-92000,-78000
2010/08/30,0,79000,-469000,-390000
2010/08/31,0,61000,-219000,-158000
2010/09/01,0,2000,-10000,-8000
2010/09/02,0,1000,-16000,-15000
2010/09/03,0,40000,-8000,32000
2010/09/06,0,109000,-110000,-1000
2010/09/07,0,0,-158000,-158000
2010/09/08,0,19194,-82000,-62806
2010/09/09,0,41000,-131000,-90000
2010/09/10,0,9000,-62000,-53000
2010/09/13,0,6000,-434000,-428000
2010/09/14,0,208000,-8000,200000
2010/09/15,0,47040,-39000,8040
2010/09/16,0,5000,-300000,-295000
2010/09/17,0,25000,-31000,-6000
2010/09/20,0,22540,-251295,-228755
2010/09/21,0,24000,-15000,9000
2010/09/22,0,0,0,0
2010/09/23,0,27389,-11075,16314
2010/09/24,0,7000,-25028,-18028
2010/09/27,0,25000,-1000,24000
2010/09/28,0,0,-1429,-1429
2010/09/29,0,1000,-40062,-39062
2010/09/30,0,1000,-36000,-35000
2010/10/01,0,25000,0,25000
2010/10/04,0,0,-2000,-2000
2010/10/05,0,2000,-3000,-1000
2010/10/06,0,5000,-19000,-14000
2010/10/07,0,0,-3415,-3415
2010/10/08,0,5000,-61000,-56000
2010/10/11,0,1000,-3000,-2000
2010/10/12,0,2000,-21000,-19000
2010/10/13,0,9000,-281000,-272000
2010/10/14,0,9000,-200396,-191396
2010/10/15,0,47000,-55000,-8000
2010/10/18,0,6000,-405000,-399000
2010/10/19,0,1000,-23137,-22137
2010/10/20,0,21000,-2000,19000
2010/10/21,0,13000,-2000,11000
2010/10/22,0,13000,-13000,0
2010/10/25,0,69000,-50000,19000
2010/10/26,0,2000,-66000,-64000
2010/10/27,0,0,-150000,-150000
2010/10/28,0,12610,-108000,-95390
2010/10/29,0,2000,0,2000
2010/11/01,0,62000,-30000,32000
2010/11/02,0,33000,-26000,7000
2010/11/03,0,2000,-13000,-11000
2010/11/04,0,33000,-60000,-27000
2010/11/05,0,25000,-4000,21000
2010/11/08,0,24000,-27000,-3000
2010/11/09,0,0,-25000,-25000
2010/11/10,0,19000,-5056,13944
2010/11/11,0,1000,0,1000
2010/11/12,0,0,-26000,-26000
2010/11/15,0,2000,-30000,-28000
2010/11/16,0,54000,-9275,44725
2010/11/17,0,0,0,0
2010/11/18,0,1000,0,1000
2010/11/19,0,0,-5225,-5225
2010/11/22,0,0,-610,-610
2010/11/23,0,0,-2000,-2000
2010/11/24,0,9000,0,9000
2010/11/25,0,1000,-3000,-2000
2010/11/26,0,0,-18000,-18000
2010/11/29,0,9000,-28000,-19000
2010/11/30,0,3000,-15000,-12000
2010/12/01,0,1000,0,1000
2010/12/02,0,0,-8000,-8000
2010/12/03,0,17000,-3000,14000
2010/12/06,0,3000,-13000,-10000
2010/12/07,0,0,-10000,-10000
2010/12/08,0,2000,-37000,-35000
2010/12/09,0,23000,0,23000
2010/12/10,0,3000,0,3000
2010/12/13,0,10000,-14000,-4000
2010/12/14,0,11000,-31000,-20000
2010/12/15,0,11000,-7000,4000
2010/12/16,0,18000,0,18000
2010/12/17,0,66000,-1000,65000
2010/12/20,0,0,-58000,-58000
2010/12/21,0,2000,-39000,-37000
2010/12/22,0,0,-17000,-17000
2010/12/23,0,11000,-3059,7941
2010/12/24,0,8000,-4900,3100
2010/12/27,0,20000,-6000,14000
2010/12/28,0,10000,-13000,-3000
2010/12/29,0,20000,-1000,19000
2010/12/30,0,2000,-2000,0
2010/12/31,0,0,0,0
2011/01/03,0,0,-1000,-1000
2011/01/04,0,56000,-23000,33000
2011/01/05,0,3000,-26000,-23000
2011/01/06,0,3000,-2000,1000
2011/01/07,0,3000,-37000,-34000
2011/01/10,0,9000,-3000,6000
2011/01/11,0,54000,-2000,52000
2011/01/12,0,0,-1000,-1000
2011/01/13,0,1000,-32000,-31000
2011/01/14,0,56000,-3000,53000
2011/01/17,0,21000,-52000,-31000
2011/01/18,0,0,-27000,-27000
2011/01/19,0,0,-32000,-32000
2011/01/20,0,0,-3000,-3000
2011/01/21,0,3000,-23000,-20000
2011/01/24,0,42000,-14000,28000
2011/01/25,0,0,-24000,-24000
2011/01/26,0,0,0,0
2011/01/27,0,0,0,0
2011/01/28,0,12000,0,12000
2011/01/31,0,0,0,0
2011/02/01,0,0,0,0
2011/02/02,0,0,0,0
2011/02/03,0,0,0,0
2011/02/04,0,0,0,0
2011/02/07,0,0,0,0
2011/02/08,0,49000,-4000,45000
2011/02/09,0,75000,0,75000
2011/02/10,0,70000,0,70000
2011/02/11,0,10000,-120000,-110000
2011/02/14,0,19000,-6000,13000
2011/02/15,0,137000,0,137000
2011/02/16,0,443000,-21000,422000
2011/02/17,0,725000,-379000,346000
2011/02/18,0,72000,-33000,39000
2011/02/21,0,214000,-19000,195000
2011/02/22,0,79000,-7000,72000
2011/02/23,0,60000,-34000,26000
2011/02/24,0,90000,-1000,89000
2011/02/25,0,26000,0,26000
2011/02/28,0,0,0,0
2011/03/01,0,48000,-128000,-80000
2011/03/02,0,15000,-48000,-33000
2011/03/03,0,213000,-57000,156000
2011/03/04,0,0,-194000,-194000
2011/03/07,0,110000,-112000,-2000
2011/03/08,0,5000,-15000,-10000
2011/03/09,0,367000,0,367000
2011/03/10,0,30000,-126000,-96000
2011/03/11,0,67000,-20000,47000
2011/03/14,0,88000,-430000,-342000
2011/03/15,0,107000,-424000,-317000
2011/03/16,0,152000,-100000,52000
2011/03/17,0,161000,-123123,37877
2011/03/18,0,50000,-220000,-170000
2011/03/21,0,39000,-130000,-91000
2011/03/22,0,163000,-65000,98000
2011/03/23,0,60000,-15000,45000
2011/03/24,0,65000,-114123,-49123
2011/03/25,0,1000,-15000,-14000
2011/03/28,0,26000,-29000,-3000
2011/03/29,0,790000,-18000,772000
2011/03/30,0,3000,-30000,-27000
2011/03/31,0,11000,-29000,-18000
2011/04/01,0,174000,-38000,136000
2011/04/04,0,0,0,0
2011/04/05,0,0,0,0
2011/04/06,0,669000,-80000,589000
2011/04/07,0,14000,-64000,-50000
2011/04/08,0,16000,0,16000
2011/04/11,0,79000,-185000,-106000
2011/04/12,0,63000,-135000,-72000
2011/04/13,0,128000,-18000,110000
2011/04/14,0,497000,-181000,316000
2011/04/15,0,345000,-5000,340000
2011/04/18,0,158000,-11000,147000
2011/04/19,0,53000,-34000,19000
2011/04/20,0,52000,-20000,32000
2011/04/21,0,74000,-20000,54000
2011/04/22,0,21000,-9000,12000
2011/04/25,0,71000,-30000,41000
2011/04/26,0,9000,-17000,-8000
2011/04/27,0,45000,-218000,-173000
2011/04/28,0,129000,-14000,115000
2011/04/29,0,47000,-118000,-71000
2011/05/02,0,0,0,0
2011/05/03,0,281000,-37000,244000
2011/05/04,0,191000,-229000,-38000
2011/05/05,0,465000,-640000,-175000
2011/05/06,0,503000,-1045000,-542000
2011/05/09,0,101000,-690000,-589000
2011/05/10,0,85000,-95000,-10000
2011/05/11,0,116000,-198000,-82000
2011/05/12,0,136000,-237000,-101000
2011/05/13,0,93000,-230000,-137000
2011/05/16,0,47000,-165000,-118000
2011/05/17,0,29000,-133000,-104000
2011/05/18,0,289000,-40000,249000
2011/05/19,0,37000,-31000,6000
2011/05/20,0,18000,-398000,-380000
2011/05/23,0,5000,-215000,-210000
2011/05/24,0,175000,-33000,142000
2011/05/25,0,45000,-66000,-21000
2011/05/26,0,16000,-64000,-48000
2011/05/27,0,147000,-23000,124000
2011/05/30,0,40000,-64000,-24000
2011/05/31,0,138000,-43000,95000
2011/06/01,0,102000,-10000,92000
2011/06/02,0,21000,-53768,-32768
2011/06/03,0,19000,-107000,-88000
2011/06/06,0,0,0,0
2011/06/07,0,3000,-107000,-104000
2011/06/08,0,0,-51000,-51000
2011/06/09,0,32000,-60000,-28000
2011/06/10,0,56000,-68000,-12000
2011/06/13,0,4000,-52000,-48000
2011/06/14,0,15000,0,15000
2011/06/15,0,84000,-31000,53000
2011/06/16,0,163000,-114000,49000
2011/06/17,0,131000,-435000,-304000
2011/06/20,0,52000,-43000,9000
2011/06/21,0,8000,-15000,-7000
2011/06/22,0,23000,-44000,-21000
2011/06/23,0,6000,-6000,0
2011/06/24,0,11000,-21000,-10000
2011/06/27,0,30000,-61000,-31000
2011/06/28,0,5000,-50000,-45000
2011/06/29,0,12000,-50000,-38000
2011/06/30,0,70000,-39000,31000
2011/07/01,0,294000,-27000,267000
2011/07/04,0,17000,-166000,-149000
2011/07/05,0,142000,-71774,70226
2011/07/06,0,683000,-95000,588000
2011/07/07,0,239000,-296000,-57000
2011/07/08,0,139000,-130000,9000
2011/07/11,0,193000,-86000,107000
2011/07/12,0,113000,-395000,-282000
2011/07/13,0,81000,-61000,20000
2011/07/14,0,143000,-130000,13000
2011/07/15,0,434000,-119000,315000
2011/07/18,0,169000,-137000,32000
2011/07/19,0,116000,-111000,5000
2011/07/20,0,279000,-106000,173000
2011/07/21,0,427000,-66000,361000
2011/07/22,0,211000,-281000,-70000
2011/07/25,0,52000,-133000,-81000
2011/07/26,0,99000,-135000,-36000
2011/07/27,0,13000,-168000,-155000
2011/07/28,0,701000,-107075,593925
2011/07/29,0,1667000,-132000,1535000
2011/08/01,0,3586000,-108000,3478000
2011/08/02,0,200000,-4684000,-4484000
2011/08/03,0,61000,-768000,-707000
2011/08/04,0,19000,-446000,-427000
2011/08/05,0,2000,-228000,-226000
2011/08/08,0,40000,-632000,-592000
2011/08/09,0,162000,-197000,-35000
2011/08/10,0,159000,-125000,34000
2011/08/11,0,44000,-103000,-59000
2011/08/12,0,71000,-336000,-265000
2011/08/15,0,43000,-166000,-123000
2011/08/16,0,44000,-214862,-170862
2011/08/17,0,445000,-141000,304000
2011/08/18,0,108000,-269000,-161000
2011/08/19,0,43000,-261000,-218000
2011/08/22,0,55000,-47000,8000
2011/08/23,0,11000,-19000,-8000
2011/08/24,0,7000,-24000,-17000
2011/08/25,0,18000,-43000,-25000
2011/08/26,0,7000,-30000,-23000
2011/08/29,0,149000,-95000,54000
2011/08/30,0,123000,-222000,-99000
2011/08/31,0,20000,-78000,-58000
2011/09/01,0,59000,0,59000
2011/09/02,0,6000,-40000,-34000
2011/09/05,0,24000,-45000,-21000
2011/09/06,0,3000,-80000,-77000
2011/09/07,0,48000,0,48000
2011/09/08,0,146920,-46000,100920
2011/09/09,0,0,-54000,-54000
2011/09/12,0,0,0,0
2011/09/13,0,61000,-69000,-8000
2011/09/14,0,44000,-289000,-245000
2011/09/15,0,130000,-81502,48498
2011/09/16,0,62000,-161868,-99868
2011/09/19,0,8000,-178786,-170786
2011/09/20,0,12000,-83781,-71781
2011/09/21,0,9000,-38000,-29000
2011/09/22,0,3000,-97001,-94001
2011/09/23,0,17000,-198088,-181088
2011/09/26,0,19000,-213000,-194000
2011/09/27,0,136000,-14000,122000
2011/09/28,0,45000,-58300,-13300
2011/09/29,0,18000,-19000,-1000
2011/09/30,0,35000,-2000,33000
2011/10/03,0,0,-18000,-18000
2011/10/04,0,10000,-38000,-28000
2011/10/05,0,19000,-10291,8709
2011/10/06,0,32000,-45000,-13000
2011/10/07,0,20000,-12000,8000
2011/10/10,0,0,0,0
2011/10/11,0,11000,-11000,0
2011/10/12,0,1000,-21000,-20000
2011/10/13,0,8000,-22000,-14000
2011/10/14,0,0,-21000,-21000
2011/10/17,0,0,-2000,-2000
2011/10/18,0,0,-31468,-31468
2011/10/19,0,0,-21000,-21000
2011/10/20,0,20000,0,20000
2011/10/21,0,0,-25000,-25000
2011/10/24,0,128000,-2178,125822
2011/10/25,0,32000,-7000,25000
2011/10/26,0,11000,-5000,6000
2011/10/27,0,77000,-2000,75000
2011/10/28,0,44000,-20000,24000
2011/10/31,0,2000,-23000,-21000
2011/11/01,0,6000,-3000,3000
2011/11/02,0,14000,-15000,-1000
2011/11/03,0,0,-19000,-19000
2011/11/04,0,30000,-4000,26000
2011/11/07,0,0,0,0
2011/11/08,0,64000,0,64000
2011/11/09,0,22000,-20000,2000
2011/11/10,0,4000,-90000,-86000
2011/11/11,0,18000,-16000,2000
2011/11/14,0,100000,0,100000
2011/11/15,0,2000,-90576,-88576
2011/11/16,0,0,-24000,-24000
2011/11/17,0,3000,-11941,-8941
2011/11/18,0,1000,-52791,-51791
2011/11/21,0,2000,-46000,-44000
2011/11/22,0,4000,-12000,-8000
2011/11/23,0,0,-18000,-18000
2011/11/24,0,1000,-55722,-54722
2011/11/25,0,0,-20000,-20000
2011/11/28,0,2000,-1000,1000
2011/11/29,0,101000,-11000,90000
2011/11/30,0,0,-150000,-150000
2011/12/01,0,4000,-9000,-5000
2011/12/02,0,5000,-13000,-8000
2011/12/05,0,1000,-9000,-8000
2011/12/06,0,0,-34000,-34000
2011/12/07,0,3000,0,3000
2011/12/08,0,0,-1000,-1000
2011/12/09,0,0,-10000,-10000
2011/12/12,0,0,-2000,-2000
2011/12/13,0,0,-6000,-6000
2011/12/14,0,0,0,0
2011/12/15,0,0,-1000,-1000
2011/12/16,0,3000,-1000,2000
2011/12/19,0,3000,-12000,-9000
2011/12/20,0,0,0,0
2011/12/21,0,0,0,0
2011/12/22,0,5000,-6000,-1000
2011/12/23,0,0,-1000,-1000
2011/12/26,0,0,-1000,-1000
2011/12/27,0,12000,-23000,-11000
2011/12/28,0,4000,-110000,-106000
2011/12/29,0,37000,0,37000
2011/12/30,0,9000,0,9000
2012/01/02,0,0,0,0
2012/01/03,0,36000,0,36000
2012/01/04,0,0,-2000,-2000
2012/01/05,0,10000,-1000,9000
2012/01/06,0,0,-16000,-16000
2012/01/09,0,0,0,0
2012/01/10,0,22000,-453,21547
2012/01/11,0,0,0,0
2012/01/12,0,0,0,0
2012/01/13,0,1000,0,1000
2012/01/16,0,5000,-14000,-9000
2012/01/17,0,0,0,0
2012/01/18,0,10000,-2000,8000
2012/01/19,0,0,0,0
2012/01/20,0,0,0,0
2012/01/23,0,0,0,0
2012/01/24,0,0,0,0
2012/01/25,0,0,0,0
2012/01/26,0,0,0,0
2012/01/27,0,0,0,0
2012/01/30,0,2179,0,2179
2012/01/31,0,49000,-9000,40000
2012/02/01,0,4000,-14000,-10000
2012/02/02,0,11000,-2000,9000
2012/02/03,0,0,-23000,-23000
2012/02/06,0,1000,-2000,-1000
2012/02/07,0,0,-1000,-1000
2012/02/08,0,9000,-6000,3000
2012/02/09,0,4000,-6000,-2000
2012/02/10,0,373000,-1000,372000
2012/02/13,0,379000,0,379000
2012/02/14,0,126000,-588000,-462000
2012/02/15,0,18000,-74000,-56000
2012/02/16,0,20000,-94000,-74000
2012/02/17,0,19000,-26000,-7000
2012/02/20,0,21000,-2000,19000
2012/02/21,0,5000,-46000,-41000
2012/02/22,0,9000,-5000,4000
2012/02/23,0,49000,-14000,35000
2012/02/24,0,14000,-11000,3000
2012/02/27,0,0,0,0
2012/02/28,0,0,0,0
2012/02/29,0,113000,0,113000
2012/03/01,0,20000,-76000,-56000
2012/03/02,0,0,-26000,-26000
2012/03/05,0,1000,-24000,-23000
2012/03/06,0,20000,-14000,6000
2012/03/07,0,0,-2000,-2000
2012/03/08,0,76000,-16000,60000
2012/03/09,0,0,-3000,-3000
2012/03/12,0,12000,-70000,-58000
2012/03/13,0,14000,-19000,-5000
2012/03/14,0,730000,-2000,728000
2012/03/15,0,152000,-170000,-18000
2012/03/16,0,127000,-622000,-495000
2012/03/19,0,141000,-73000,68000
2012/03/20,0,30000,-34000,-4000
2012/03/21,0,17000,-88000,-71000
2012/03/22,0,18000,-33000,-15000
2012/03/23,0,32000,-11000,21000
2012/03/26,0,1000,-27000,-26000
2012/03/27,0,3000,-35000,-32000
2012/03/28,0,0,-16000,-16000
2012/03/29,0,0,-31075,-31075
2012/03/30,0,0,-1000,-1000
2012/04/02,0,57000,-19000,38000
2012/04/03,0,39000,-43000,-4000
2012/04/04,0,0,0,0
2012/04/05,0,15000,-23000,-8000
2012/04/06,0,5000,-28000,-23000
2012/04/09,0,0,-44000,-44000
2012/04/10,0,0,-9000,-9000
2012/04/11,0,0,-1000,-1000
2012/04/12,0,18000,-38000,-20000
2012/04/13,0,10000,-11000,-1000
2012/04/16,0,2000,-1000,1000
2012/04/17,0,6000,-3000,3000
2012/04/18,0,8000,-3000,5000
2012/04/19,0,0,0,0
2012/04/20,0,0,-32000,-32000
2012/04/23,0,2000,-7000,-5000
2012/04/24,0,1000,0,1000
2012/04/25,0,0,-3000,-3000
2012/04/26,0,5000,-29000,-24000
2012/04/27,0,0,-4000,-4000
2012/04/30,0,0,-5000,-5000
2012/05/01,0,0,0,0
2012/05/02,0,18000,-1000,17000
2012/05/03,0,1000,-6000,-5000
2012/05/04,0,0,-11000,-11000
2012/05/07,0,13000,0,13000
2012/05/08,0,13000,0,13000
2012/05/09,0,117000,-13308,103692
2012/05/10,0,0,-114000,-114000
2012/05/11,0,0,-7000,-7000
2012/05/14,0,0,-4000,-4000
2012/05/15,0,18000,0,18000
2012/05/16,0,1000,-28000,-27000
2012/05/17,0,0,-4000,-4000
2012/05/18,0,0,-1000,-1000
2012/05/21,0,20000,0,20000
2012/05/22,0,0,-20000,-20000
2012/05/23,0,0,-5000,-5000
2012/05/24,0,0,-18000,-18000
2012/05/25,0,0,0,0
2012/05/28,0,11000,0,11000
2012/05/29,0,11000,-30000,-19000
2012/05/30,0,37000,0,37000
2012/05/31,0,0,-44000,-44000
2012/06/01,0,15000,0,15000
2012/06/04,0,9000,-14000,-5000
2012/06/05,0,0,-2000,-2000
2012/06/06,0,1000,-1000,0
2012/06/07,0,15000,-7000,8000
2012/06/08,0,0,-14480,-14480
2012/06/11,0,3000,-1000,2000
2012/06/12,0,0,-1000,-1000
2012/06/13,0,14000,-33000,-19000
2012/06/14,0,1000,-5000,-4000
2012/06/15,0,61000,0,61000
2012/06/18,0,38000,-43000,-5000
2012/06/19,0,102000,-22000,80000
2012/06/20,0,108000,-5000,103000
2012/06/21,0,31000,-32000,-1000
2012/06/22,0,7000,-88000,-81000
2012/06/25,0,57000,-43000,14000
2012/06/26,0,43000,-22000,21000
2012/06/27,0,16000,-15000,1000
2012/06/28,0,0,-1000,-1000
2012/06/29,0,37000,-30000,7000
2012/07/02,0,10000,-12000,-2000
2012/07/03,0,65000,-78000,-13000
2012/07/04,0,68000,-65000,3000
2012/07/05,0,2000,-83000,-81000
2012/07/06,0,14000,-24000,-10000
2012/07/09,0,0,-2000,-2000
2012/07/10,0,187000,-26000,161000
2012/07/11,0,13000,-116000,-103000
2012/07/12,0,141000,-56000,85000
2012/07/13,0,142000,-71000,71000
2012/07/16,0,1000,-19000,-18000
2012/07/17,0,161000,-100000,61000
2012/07/18,0,286000,-81000,205000
2012/07/19,0,170000,-2000,168000
2012/07/20,0,104000,-124000,-20000
2012/07/23,0,191000,-268000,-77000
2012/07/24,0,108000,-10000,98000
2012/07/25,0,103000,-65000,38000
2012/07/26,0,5537000,-61000,5476000
2012/07/27,0,3822000,-101000,3721000
2012/07/30,0,6206000,-337000,5869000
2012/07/31,0,278000,-11764000,-11486000
2012/08/01,0,134000,-2634000,-2500000
2012/08/02,0,0,0,0
2012/08/03,0,13000,-148000,-135000
2012/08/06,0,70000,-114000,-44000
2012/08/07,0,108000,-129000,-21000
2012/08/08,0,72000,-28000,44000
2012/08/09,0,141000,-40000,101000
2012/08/10,0,25000,-32000,-7000
2012/08/13,0,34000,-234000,-200000
2012/08/14,0,14000,-896000,-882000
2012/08/15,0,11000,-2000,9000
2012/08/16,0,46000,-211000,-165000
2012/08/17,0,52000,-57000,-5000
2012/08/20,0,325000,-2000,323000
2012/08/21,0,120000,-163000,-43000
2012/08/22,0,2000,-15000,-13000
2012/08/23,0,10000,-307000,-297000
2012/08/24,0,0,-49000,-49000
2012/08/27,0,29000,-2000,27000
2012/08/28,0,51000,-1000,50000
2012/08/29,0,151000,-37000,114000
2012/08/30,0,0,-5000,-5000
2012/08/31,0,30000,0,30000
2012/09/03,0,0,-103000,-103000
2012/09/04,0,0,-1000,-1000
2012/09/05,0,11000,-41000,-30000
2012/09/06,0,50000,-5000,45000
2012/09/07,0,0,-3000,-3000
2012/09/10,0,53000,-3000,50000
2012/09/11,0,16000,-11000,5000
2012/09/12,0,70000,-29000,41000
2012/09/13,0,3000,-558987,-555987
2012/09/14,0,9000,-296935,-287935
2012/09/17,0,0,-140000,-140000
2012/09/18,0,0,-28040,-28040
2012/09/19,0,70000,-30000,40000
2012/09/20,0,138000,-1000,137000
2012/09/21,0,28000,-900,27100
2012/09/24,0,25000,-14265,10735
2012/09/25,0,10000,-690,9310
2012/09/26,0,14000,-18,13982
2012/09/27,0,89000,0,89000
2012/09/28,0,260000,-56000,204000
2012/10/01,0,320000,-17000,303000
2012/10/02,0,3000,0,3000
2012/10/03,0,0,0,0
2012/10/04,0,105000,0,105000
2012/10/05,0,23000,-71000,-48000
2012/10/08,0,37240,-189000,-151760
2012/10/09,0,40000,-146000,-106000
2012/10/10,0,0,0,0
2012/10/11,0,52000,-251000,-199000
2012/10/12,0,8000,-169755,-161755
2012/10/15,0,0,-32000,-32000
2012/10/16,0,20000,0,20000
2012/10/17,0,8000,-34000,-26000
2012/10/18,0,12000,-40000,-28000
2012/10/19,0,0,0,0
2012/10/22,0,0,0,0
2012/10/23,0,0,-22000,-22000
2012/10/24,0,10000,-9000,1000
2012/10/25,0,30000,-3000,27000
2012/10/26,0,36000,-51000,-15000
2012/10/29,0,12000,-68000,-56000
2012/10/30,0,7000,0,7000
2012/10/31,0,16000,-21000,-5000
2012/11/01,0,1000,-2000,-1000
2012/11/02,0,1000,-20000,-19000
2012/11/05,0,13000,-4000,9000
2012/11/06,0,2000,-4000,-2000
2012/11/07,0,0,-88510,-88510
2012/11/08,0,0,-189000,-189000
2012/11/09,0,1000,-1000,0
2012/11/12,0,0,-1000,-1000
2012/11/13,0,0,-19000,-19000
2012/11/14,0,1000,0,1000
2012/11/15,0,13000,-12000,1000
2012/11/16,0,22000,-7000,15000
2012/11/19,0,1000,-1000,0
2012/11/20,0,0,-31000,-31000
2012/11/21,0,71000,-7000,64000
2012/11/22,0,11000,-1000,10000
2012/11/23,0,78000,0,78000
2012/11/26,0,11000,-1000,10000
2012/11/27,0,85000,-51000,34000
2012/11/28,0,54000,-53000,1000
2012/11/29,0,15000,0,15000
2012/11/30,0,46000,-3501,42499
2012/12/03,0,24000,-1010,22990
2012/12/04,0,152000,-1000,151000
2012/12/05,0,165000,-27000,138000
2012/12/06,0,15000,-5000,10000
2012/12/07,0,5000,-22000,-17000
2012/12/10,0,45000,-1000,44000
2012/12/11,0,21000,0,21000
2012/12/12,0,29000,-28000,1000
2012/12/13,0,1000,-40000,-39000
2012/12/14,0,45000,0,45000
2012/12/17,0,187000,-101000,86000
2012/12/18,0,110000,-26000,84000
2012/12/19,0,91000,-217000,-126000
2012/12/20,0,0,-77000,-77000
2012/12/21,0,70000,-28000,42000
2012/12/24,0,320000,-59000,261000
2012/12/25,0,96000,-99000,-3000
2012/12/26,0,75000,-69000,6000
2012/12/27,0,0,-156000,-156000
2012/12/28,0,13000,-55000,-42000
2012/12/31,0,0,0,0
2013/01/01,0,0,0,0
2013/01/02,0,19000,-181000,-162000
2013/01/03,0,0,-48000,-48000
2013/01/04,0,0,-16000,-16000
2013/01/07,0,20000,-50000,-30000
2013/01/08,0,15000,-9000,6000
2013/01/09,0,10000,-22000,-12000
2013/01/10,0,45000,0,45000
2013/01/11,0,0,0,0
2013/01/14,0,64000,-126000,-62000
2013/01/15,0,10000,-66000,-56000
2013/01/16,0,116000,-78000,38000
2013/01/17,0,155000,-167000,-12000
2013/01/18,0,12000,-110000,-98000
2013/01/21,0,36000,-2000,34000
2013/01/22,0,10000,-70000,-60000
2013/01/23,0,0,-11000,-11000
2013/01/24,0,13000,-16000,-3000
2013/01/25,0,30000,-1000,29000
2013/01/28,0,0,-40000,-40000
2013/01/29,0,374000,-91000,283000
2013/01/30,0,216000,-259000,-43000
2013/01/31,0,30000,-42000,-12000
2013/02/01,0,1045000,-124000,921000
2013/02/04,0,114000,-545000,-431000
2013/02/05,0,482000,-120000,362000
2013/02/06,0,158000,-408000,-250000
2013/02/07,0,0,0,0
2013/02/08,0,0,0,0
2013/02/11,0,0,0,0
2013/02/12,0,0,0,0
2013/02/13,0,0,0,0
2013/02/14,0,0,0,0
2013/02/15,0,0,0,0
2013/02/18,0,469000,-182000,287000
2013/02/19,0,106000,-99000,7000
2013/02/20,0,139000,-105000,34000
2013/02/21,0,99000,-128000,-29000
2013/02/22,0,1344000,-43000,1301000
2013/02/25,0,225000,-240000,-15000
2013/02/26,0,803000,-280000,523000
2013/02/27,0,190000,-122000,68000
2013/02/28,0,0,0,0
2013/03/01,0,585000,-101000,484000
2013/03/04,0,757000,-407000,350000
2013/03/05,0,210000,-312000,-102000
2013/03/06,0,400000,-490000,-90000
2013/03/07,0,296000,-185000,111000
2013/03/08,0,342000,-227000,115000
2013/03/11,0,288000,-192000,96000
2013/03/12,0,590000,-164000,426000
2013/03/13,0,633000,-143000,490000
2013/03/14,0,567000,-344000,223000
2013/03/15,0,330000,-361000,-31000
2013/03/18,0,232000,-610000,-378000
2013/03/19,0,429000,-347000,82000
2013/03/20,0,445000,-306000,139000
2013/03/21,0,488000,-107000,381000
2013/03/22,0,59000,-210000,-151000
2013/03/25,0,40000,-36000,4000
2013/03/26,0,179000,-210000,-31000
2013/03/27,0,34000,-50000,-16000
2013/03/28,0,136000,-287000,-151000
2013/03/29,0,69000,-631000,-562000
2013/04/01,0,95000,-626000,-531000
2013/04/02,0,38000,-249000,-211000
2013/04/03,0,80000,-730009,-650009
2013/04/04,0,0,0,0
2013/04/05,0,0,0,0
2013/04/08,0,633000,-362000,271000
2013/04/09,0,73000,-564000,-491000
2013/04/10,0,330000,-320000,10000
2013/04/11,0,857000,-84000,773000
2013/04/12,0,303000,-91000,212000
2013/04/15,0,576000,-558000,18000
2013/04/16,0,1269000,-129000,1140000
2013/04/17,0,119000,-223120,-104120
2013/04/18,0,1647000,-502000,1145000
2013/04/19,0,215000,-195000,20000
2013/04/22,0,127000,-483000,-356000
2013/04/23,0,29000,-141000,-112000
2013/04/24,0,52000,-235000,-183000
2013/04/25,0,74000,-187000,-113000
2013/04/26,0,130000,-1301000,-1171000
2013/04/29,0,177000,-233000,-56000
2013/04/30,0,33000,-38000,-5000
2013/05/01,0,0,0,0
2013/05/02,0,380000,-65000,315000
2013/05/03,0,7000,-72000,-65000
2013/05/06,0,120000,-217000,-97000
2013/05/07,0,301000,-114000,187000
2013/05/08,0,347000,-170000,177000
2013/05/09,0,98000,-44000,54000
2013/05/10,0,19000,0,19000
2013/05/13,0,33000,-183000,-150000
2013/05/14,0,489000,-3029000,-2540000
2013/05/15,0,858000,-750000,108000
2013/05/16,0,396000,-536000,-140000
2013/05/17,0,251000,-323000,-72000
2013/05/20,0,230000,-153000,77000
2013/05/21,0,978000,-198000,780000
2013/05/22,0,326000,-467000,-141000
2013/05/23,0,251000,-458000,-207000
2013/05/24,0,220000,-645000,-425000
2013/05/27,0,63000,-52000,11000
2013/05/28,0,270000,-26000,244000
2013/05/29,0,584000,-69000,515000
2013/05/30,0,98000,-298000,-200000
2013/05/31,0,586000,-406000,180000
2013/06/03,0,84000,-182000,-98000
2013/06/04,0,358000,-158000,200000
2013/06/05,0,47000,-169000,-122000
2013/06/06,0,195000,-184000,11000
2013/06/07,0,97000,-907000,-810000
2013/06/10,0,105000,-151000,-46000
2013/06/11,0,190000,-599000,-409000
2013/06/12,0,0,0,0
2013/06/13,0,223000,-518000,-295000
2013/06/14,0,209000,-524000,-315000
2013/06/17,0,114000,-4000,110000
2013/06/18,0,298000,-163000,135000
2013/06/19,0,117000,-192000,-75000
2013/06/20,0,143000,-295000,-152000
2013/06/21,0,89000,-290000,-201000
2013/06/24,0,132000,-210828,-78828
2013/06/25,0,165000,-395000,-230000
2013/06/26,0,90000,-117000,-27000
2013/06/27,0,183000,-89000,94000
2013/06/28,0,66000,-97000,-31000
2013/07/01,0,38000,-89000,-51000
2013/07/02,0,588000,-101000,487000
2013/07/03,0,82000,-512000,-430000
2013/07/04,0,57000,-127000,-70000
2013/07/05,0,44000,-80000,-36000
2013/07/08,0,389000,-115000,274000
2013/07/09,0,97000,-151000,-54000
2013/07/10,0,194000,-135000,59000
2013/07/11,0,103000,-115000,-12000
2013/07/12,0,101000,-105000,-4000
2013/07/15,0,98000,-226000,-128000
2013/07/16,0,259000,-127000,132000
2013/07/17,0,462000,-44000,418000
2013/07/18,0,20000,-180000,-160000
2013/07/19,0,59000,-158000,-99000
2013/07/22,0,67000,-77000,-10000
2013/07/23,0,42000,-173000,-131000
2013/07/24,0,22000,-201000,-179000
2013/07/25,0,88000,-106000,-18000
2013/07/26,0,71000,-179000,-108000
2013/07/29,0,194000,-78000,116000
2013/07/30,0,142000,-133000,9000
2013/07/31,0,1022000,-62000,960000
2013/08/01,0,289000,-151000,138000
2013/08/02,0,325000,-496000,-171000
2013/08/05,0,199000,-98000,101000
2013/08/06,0,34000,-184000,-150000
2013/08/07,0,84000,-827000,-743000
2013/08/08,0,89000,-258000,-169000
2013/08/09,0,88000,-199000,-111000
2013/08/12,0,224000,-295000,-71000
2013/08/13,0,592000,-146000,446000
2013/08/14,0,527000,-40000,487000
2013/08/15,0,88000,-299000,-211000
2013/08/16,0,67000,-40000,27000
2013/08/19,0,536000,-328000,208000
2013/08/20,0,6548000,-130000,6418000
2013/08/21,0,0,0,0
2013/08/22,0,757000,-29000,728000
2013/08/23,0,19081000,-53000,19028000
2013/08/26,0,22608000,-151000,22457000
2013/08/27,0,19922000,-499000,19423000
2013/08/28,0,4764000,-58286,4705714
2013/08/29,0,40000,-52743000,-52703000
2013/08/30,0,336000,-4508000,-4172000
2013/09/02,0,166000,-11124000,-10958000
2013/09/03,0,169000,-878000,-709000
2013/09/04,0,125000,-4342000,-4217000
2013/09/05,0,569000,-95000,474000
2013/09/06,0,275000,-453000,-178000
2013/09/09,0,60000,-116000,-56000
2013/09/10,0,89000,-525000,-436000
2013/09/11,0,74000,-264000,-190000
2013/09/12,0,928000,-53000,875000
2013/09/13,0,40000,-415000,-375000
2013/09/16,0,892000,-338000,554000
2013/09/17,0,54000,-782000,-728000
2013/09/18,0,88000,-236000,-148000
2013/09/19,0,0,0,0
2013/09/20,0,0,0,0
2013/09/23,0,74000,-55000,19000
2013/09/24,0,105000,-110000,-5000
2013/09/25,0,73000,-18000,55000
2013/09/26,0,44000,-154000,-110000
2013/09/27,0,87000,-188000,-101000
2013/09/30,0,56000,-66000,-10000
2013/10/01,0,43000,-6000,37000
2013/10/02,0,17000,-338000,-321000
2013/10/03,0,248000,-46000,202000
2013/10/04,0,157000,-49000,108000
2013/10/07,0,814000,-135000,679000
2013/10/08,0,108000,-206000,-98000
2013/10/09,0,131000,-2416622,-2285622
2013/10/10,0,0,0,0
2013/10/11,0,81000,-661000,-580000
2013/10/14,0,0,-77003,-77003
2013/10/15,0,12040,-159440,-147400
2013/10/16,0,85000,-116239,-31239
2013/10/17,0,36000,-96000,-60000
2013/10/18,0,210000,-119000,91000
2013/10/21,0,84000,-80000,4000
2013/10/22,0,134000,-371159,-237159
2013/10/23,0,64000,-345000,-281000
2013/10/24,0,107000,-59400,47600
2013/10/25,0,55000,-78000,-23000
2013/10/28,0,319000,-70000,249000
2013/10/29,0,68000,-125000,-57000
2013/10/30,0,16000,-167000,-151000
2013/10/31,0,37000,-63000,-26000
2013/11/01,0,36000,-47000,-11000
2013/11/04,0,217000,-126000,91000
2013/11/05,0,125000,-114000,11000
2013/11/06,0,225000,-46000,179000
2013/11/07,0,10000,-78000,-68000
2013/11/08,0,59000,-460000,-401000
2013/11/11,0,156000,-47000,109000
2013/11/12,0,50000,-42000,8000
2013/11/13,0,66000,-13000,53000
2013/11/14,0,63000,-105317,-42317
2013/11/15,0,145000,-12000,133000
2013/11/18,0,241000,-13000,228000
2013/11/19,0,545000,-80000,465000
2013/11/20,0,308153,-112000,196153
2013/11/21,0,46000,-220000,-174000
2013/11/22,0,215000,-292000,-77000
2013/11/25,0,6000,-193000,-187000
2013/11/26,0,226000,-158000,68000
2013/11/27,0,346000,-126000,220000
2013/11/28,0,414000,-139000,275000
2013/11/29,0,43000,-310000,-267000
2013/12/02,0,26000,-326000,-300000
2013/12/03,0,36000,-166000,-130000
2013/12/04,0,84000,-41000,43000
2013/12/05,0,60000,-297000,-237000
2013/12/06,0,1000,-60000,-59000
2013/12/09,0,87000,-51000,36000
2013/12/10,0,30000,-11000,19000
2013/12/11,0,65000,-14000,51000
2013/12/12,0,34000,-106000,-72000
2013/12/13,0,33000,-275000,-242000
2013/12/16,0,3000,-50000,-47000
2013/12/17,0,44000,-41000,3000
2013/12/18,0,5000,-99000,-94000
2013/12/19,0,3000,-10000,-7000
2013/12/20,0,52000,-17245,34755
2013/12/23,0,90000,0,90000
2013/12/24,0,110000,-42000,68000
2013/12/25,0,12000,-17000,-5000
2013/12/26,0,55000,0,55000
2013/12/27,0,20000,-26000,-6000
2013/12/30,0,117020,-17000,100020
2013/12/31,0,2049000,-201000,1848000
2014/01/02,0,181000,-997000,-816000
2014/01/03,0,280000,-86000,194000
2014/01/06,0,835000,-98000,737000
2014/01/07,0,816000,-391000,425000
2014/01/08,0,372000,-267000,105000
2014/01/09,0,269000,-464000,-195000
2014/01/10,0,113000,-99000,14000
2014/01/13,0,424000,-23000,401000
2014/01/14,0,98000,-305000,-207000
2014/01/15,0,165000,-42000,123000
2014/01/16,0,170000,-181000,-11000
2014/01/17,0,24000,-232000,-208000
2014/01/20,0,601000,-176000,425000
2014/01/21,0,182000,-135000,47000
2014/01/22,0,182000,-182000,0
2014/01/23,0,91000,-59000,32000
2014/01/24,0,229000,-668000,-439000
2014/01/27,0,113000,-359000,-246000
2014/02/05,0,62000,-529000,-467000
2014/02/06,0,129000,-64008,64992
2014/02/07,0,15000,-60000,-45000
2014/02/10,0,437000,-110000,327000
2014/02/11,0,331000,-61000,270000
2014/02/12,0,891000,-44000,847000
2014/02/13,0,137000,-168000,-31000
2014/02/14,0,100000,-145000,-45000
2014/02/17,0,222000,-109000,113000
2014/02/18,0,12000,-112080,-100080
2014/02/19,0,1059000,-69000,990000
2014/02/20,0,722000,-325000,397000
2014/02/21,0,501000,-31000,470000
2014/02/24,0,178000,-59000,119000
2014/02/25,0,345000,-36000,309000
2014/02/26,0,1855000,-522000,1333000
2014/02/27,0,450000,-619000,-169000
2014/03/03,0,855000,-227000,628000
2014/03/04,0,275000,-173000,102000
2014/03/05,0,380000,-508000,-128000
2014/03/06,0,413000,-727000,-314000
2014/03/07,0,80000,-1030000,-950000
2014/03/10,0,86000,-720445,-634445
2014/03/11,0,47000,-173000,-126000
2014/03/12,0,50000,-103000,-53000
2014/03/13,0,202000,-331000,-129000
2014/03/14,0,219000,-467000,-248000
2014/03/17,0,5000,-198000,-193000
2014/03/18,0,22000,-71000,-49000
2014/03/19,0,261000,-178000,83000
2014/03/20,0,282000,-111000,171000
2014/03/21,0,25000,-44000,-19000
2014/03/24,0,92000,-75000,17000
2014/03/25,0,4000,-466161,-462161
2014/03/26,0,764000,-252000,512000
2014/03/27,0,698000,-791000,-93000
2014/03/28,0,53000,-546000,-493000
2014/03/31,0,195000,-85000,110000
2014/04/01,0,88000,-48000,40000
2014/04/02,0,64000,-364000,-300000
2014/04/03,0,306000,-626000,-320000
2014/04/07,0,114000,-56000,58000
2014/04/08,0,110000,-117000,-7000
2014/04/09,0,45000,-54000,-9000
2014/04/10,0,348000,-603000,-255000
2014/04/11,0,30000,-176000,-146000
2014/04/14,0,20000,-355000,-335000
2014/04/15,0,6000,-110080,-104080
2014/04/16,0,127000,-182000,-55000
2014/04/17,0,0,-56000,-56000
2014/04/18,0,64000,-89000,-25000
2014/04/21,0,42000,-110000,-68000
2014/04/22,0,13000,-56000,-43000
2014/04/23,0,20000,-363000,-343000
2014/04/24,0,21000,-290000,-269000
2014/04/25,0,10000,-217460,-207460
2014/04/28,0,25000,-88000,-63000
2014/04/29,0,44000,-10000,34000
2014/04/30,0,77000,-20000,57000
2014/05/02,0,450000,-26000,424000
2014/05/05,0,110000,-64000,46000
2014/05/06,0,218000,-27000,191000
2014/05/07,0,270000,-19045,250955
2014/05/08,0,52000,-2000,50000
2014/05/09,0,68000,-347000,-279000
2014/05/12,0,12000,-116000,-104000
2014/05/13,0,84000,-111000,-27000
2014/05/14,0,46000,-82000,-36000
2014/05/15,0,80000,-7000,73000
2014/05/16,0,34000,-19000,15000
2014/05/19,0,25000,-24000,1000
2014/05/20,0,0,-72000,-72000
2014/05/21,0,0,-15000,-15000
2014/05/22,0,13000,-142000,-129000
2014/05/23,0,8000,-18000,-10000
2014/05/26,0,59000,-720000,-661000
2014/05/27,0,57000,-42000,15000
2014/05/28,0,0,-85000,-85000
2014/05/29,0,13000,-86000,-73000
2014/05/30,0,40000,-30000,10000
2014/06/03,0,1000,-18000,-17000
2014/06/04,0,12000,-26000,-14000
2014/06/05,0,2000,-2000,0
2014/06/06,0,1000,-20000,-19000
2014/06/09,0,14000,0,14000
2014/06/10,0,16000,-13000,3000
2014/06/11,0,6000,-18000,-12000
2014/06/12,0,0,-20000,-20000
2014/06/13,0,30920,0,30920
2014/06/16,0,5000,-52000,-47000
2014/06/17,0,12000,-10000,2000
2014/06/18,0,83000,-536000,-453000
2014/06/19,0,62000,-20000,42000
2014/06/20,0,0,-4000,-4000
2014/06/23,0,21000,-63000,-42000
2014/06/24,0,22000,-82000,-60000
2014/06/25,0,47000,-51000,-4000
2014/06/26,0,28000,-3000,25000
2014/06/27,0,12000,0,12000
2014/06/30,0,2000,-10000,-8000
2014/07/01,0,85000,-47000,38000
2014/07/02,0,15000,-1000,14000
2014/07/03,0,0,-19000,-19000
2014/07/04,0,0,-16000,-16000
2014/07/07,0,28000,-83000,-55000
2014/07/08,0,14000,0,14000
2014/07/09,0,90000,0,90000
2014/07/10,0,27000,-2000,25000
2014/07/11,0,5000,-41000,-36000
2014/07/14,0,22000,-8000,14000
2014/07/15,0,515000,-7000,508000
2014/07/16,0,5000,-170000,-165000
2014/07/17,0,74000,-38000,36000
2014/07/18,0,120000,0,120000
2014/07/21,0,11000,-18000,-7000
2014/07/22,0,210000,-10000,200000
2014/07/23,0,0,0,0
2014/07/24,0,67000,-5000,62000
2014/07/25,0,21000,-6000,15000
2014/07/28,0,426000,-25000,401000
2014/07/29,0,20000,-193000,-173000
2014/07/30,0,479000,-280000,199000
2014/07/31,0,131000,-248000,-117000
2014/08/01,0,5000,-269000,-264000
2014/08/04,0,4000,-206000,-202000
2014/08/05,0,20000,-55000,-35000
2014/08/06,0,4000,-35000,-31000
2014/08/07,0,0,-11000,-11000
2014/08/08,0,30000,-18000,12000
2014/08/11,0,50000,-1000,49000
2014/08/12,0,11000,-33000,-22000
2014/08/13,0,8000,-96000,-88000
2014/08/14,0,41000,-74000,-33000
2014/08/15,0,12000,-93000,-81000
2014/08/18,0,1243000,-77000,1166000
2014/08/19,0,601000,-5000,596000
2014/08/20,0,6044000,-41800,6002200
2014/08/21,0,4136000,-18000,4118000
2014/08/22,0,31749000,-50000,31699000
2014/08/25,0,3509000,-2000,3507000
2014/08/26,0,48717000,-30000,48687000
2014/08/27,0,3119000,-9126,3109874
2014/08/28,0,0,-35605000,-35605000
2014/08/29,0,91000,-23325000,-23234000
2014/09/01,0,22000,-18569000,-18547000
2014/09/02,0,42000,-11950000,-11908000
2014/09/03,0,79000,-5552000,-5473000
2014/09/04,0,50000,-4029000,-3979000
2014/09/05,0,12000,-140000,-128000
2014/09/09,0,53000,-23000,30000
2014/09/10,0,11000,-1000,10000
2014/09/11,0,9000,-114000,-105000
2014/09/12,0,0,-12880,-12880
2014/09/15,0,0,-3000,-3000
2014/09/16,0,0,0,0
2014/09/17,0,5000,-172000,-167000
2014/09/18,0,4000,-21000,-17000
2014/09/19,0,31000,-69000,-38000
2014/09/22,0,8000,-13024,-5024
2014/09/23,0,6000,-41000,-35000
2014/09/24,0,3000,-4000,-1000
2014/09/25,0,56000,-26000,30000
2014/09/26,0,48000,-8000,40000
2014/09/29,0,31000,-83000,-52000
2014/09/30,0,14000,-15000,-1000
2014/10/01,0,81000,-4000,77000
2014/10/02,0,147000,-23000,124000
2014/10/03,0,206000,-64000,142000
2014/10/06,0,95000,-23000,72000
2014/10/07,0,137000,-3000,134000
2014/10/08,0,53000,-46000,7000
2014/10/09,0,76000,-83000,-7000
2014/10/13,0,28083,-25000,3083
2014/10/14,0,0,-8000,-8000
2014/10/15,0,6287,-3588400,-3582113
2014/10/16,0,122194,-1084464,-962270
2014/10/17,0,20000,-2140901,-2120901
2014/10/20,0,6000,-165000,-159000
2014/10/21,0,0,-209793,-209793
2014/10/22,0,30000,-27000,3000
2014/10/23,0,56000,-156740,-100740
2014/10/24,0,3000,-88660,-85660
2014/10/27,0,1000,-46610,-45610
2014/10/28,0,30000,-502,29498
2014/10/29,0,232000,-11980,220020
2014/10/30,0,101000,-16000,85000
2014/10/31,0,12000,-63000,-51000
2014/11/03,0,54000,-21000,33000
2014/11/04,0,877000,-33850,843150
2014/11/05,0,205000,-382000,-177000
2014/11/06,0,57000,-308000,-251000
2014/11/07,0,67000,-67000,0
2014/11/10,0,133000,-81000,52000
2014/11/11,0,2000,-57451,-55451
2014/11/12,0,12000,-217000,-205000
2014/11/13,0,0,-98231,-98231
2014/11/14,0,8000,-769928,-761928
2014/11/17,0,92000,-410000,-318000
2014/11/18,0,9000,-169000,-160000
2014/11/19,0,8000,-647400,-639400
2014/11/20,0,185000,-546000,-361000
2014/11/21,0,36000,-205473,-169473
2014/11/24,0,25000,-4000,21000
2014/11/25,0,67000,-4000,63000
2014/11/26,0,1000,-78000,-77000
2014/11/27,0,15000,0,15000
2014/11/28,0,39000,0,39000
2014/12/01,0,151000,-94000,57000
2014/12/02,0,2000,-83000,-81000
2014/12/03,0,40000,-20101,19899
2014/12/04,0,90000,-26000,64000
2014/12/05,0,18000,-8000,10000
2014/12/08,0,5000,-18000,-13000
2014/12/09,0,46000,-4000,42000
2014/12/10,0,6000,-18000,-12000
2014/12/11,0,2000,-35000,-33000
2014/12/12,0,6000,-15000,-9000
2014/12/15,0,43000,-6000,37000
2014/12/16,0,17000,-22000,-5000
2014/12/17,0,10000,-49140,-39140
2014/12/18,0,1000,-43000,-42000
2014/12/19,0,35000,-58000,-23000
2014/12/22,0,1000,-20000,-19000
2014/12/23,0,220000,-9000,211000
2014/12/24,0,165000,-169000,-4000
2014/12/25,0,12000,-10000,2000
2014/12/26,0,0,-14000,-14000
2014/12/29,0,3000,-13000,-10000
2014/12/30,0,0,-46000,-46000
2014/12/31,0,76000,-21000,55000
2015/01/01,0,0,0,0
2015/01/02,0,0,0,0
2015/01/05,0,39000,-14000,25000
2015/01/06,0,29000,-22000,7000
2015/01/07,0,68000,-141000,-73000
2015/01/08,0,0,-8000,-8000
2015/01/09,0,6000,-10000,-4000
2015/01/12,0,23000,0,23000
2015/01/13,0,9000,-5000,4000
2015/01/14,0,108000,-7000,101000
2015/01/15,0,64000,-7000,57000
2015/01/16,0,37000,-31180,5820
2015/01/19,0,0,-2000,-2000
2015/01/20,0,0,-126370,-126370
2015/01/21,0,236000,-120108,115892
2015/01/22,0,289000,-26000,263000
2015/01/23,0,750000,-8000,742000
2015/01/26,0,50000,-93000,-43000
2015/01/27,0,0,-19000,-19000
2015/01/28,0,45000,-1000,44000
2015/01/29,0,17000,-103000,-86000
2015/01/30,0,64000,-63000,1000
2015/02/02,0,272000,-146000,126000
2015/02/03,0,886000,-109000,777000
2015/02/04,0,190000,-208109,-18109
2015/02/05,0,26000,-63108,-37108
2015/02/06,0,21000,-198000,-177000
2015/02/09,0,22000,-126000,-104000
2015/02/10,0,23000,-100000,-77000
2015/02/11,0,2000,-108000,-106000
2015/02/12,0,25000,-11000,14000
2015/02/13,0,12000,-91000,-79000
2015/02/16,0,0,0,0
2015/02/17,0,0,0,0
2015/02/18,0,0,0,0
2015/02/19,0,0,0,0
2015/02/20,0,0,0,0
2015/02/23,0,0,0,0
2015/02/24,0,134000,-210000,-76000
2015/02/25,0,11000,-102000,-91000
2015/02/26,0,0,-5000,-5000
2015/02/27,0,0,0,0
2015/03/02,0,111000,-20000,91000
2015/03/03,0,11000,-10000,1000
2015/03/04,0,3000,-16000,-13000
2015/03/05,0,0,-80108,-80108
2015/03/06,0,36000,-1000,35000
2015/03/09,0,1000,-1000,0
2015/03/10,0,0,-25000,-25000
2015/03/11,0,0,-38000,-38000
2015/03/12,0,11000,-1739,9261
2015/03/13,0,71000,-30000,41000
2015/03/16,0,24000,-9000,15000
2015/03/17,0,12000,-11108,892
2015/03/18,0,2000,-45000,-43000
2015/03/19,0,9000,-11000,-2000
2015/03/20,0,0,0,0
2015/03/23,0,0,0,0
2015/03/24,0,0,-17000,-17000
2015/03/25,0,3000,-13000,-10000
2015/03/26,0,11000,-97000,-86000
2015/03/27,0,3000,-26000,-23000
2015/03/30,0,3000,-141000,-138000
2015/03/31,0,6000,-102000,-96000
2015/04/01,0,3000,-8000,-5000
2015/04/02,0,11000,-15000,-4000
2015/04/03,0,0,0,0
2015/04/06,0,0,0,0
2015/04/07,0,14000,0,14000
2015/04/08,0,48000,-6000,42000
2015/04/09,0,80000,-40000,40000
2015/04/10,0,39000,-1000,38000
2015/04/13,0,0,-4000,-4000
2015/04/14,0,21000,-170000,-149000
2015/04/15,0,6000,-200000,-194000
2015/04/16,0,8000,-111000,-103000
2015/04/17,0,29000,-227000,-198000
2015/04/20,0,16000,-587000,-571000
2015/04/21,0,27000,0,27000
2015/04/22,0,0,0,0
2015/04/23,0,20000,-48000,-28000
2015/04/24,0,48000,0,48000
2015/04/27,0,17000,-72000,-55000
2015/04/28,0,10000,0,10000
2015/04/29,0,52000,-10000,42000
2015/04/30,0,4000,0,4000
2015/05/01,0,0,0,0
2015/05/04,0,20000,0,20000
2015/05/05,0,10000,-42000,-32000
2015/05/06,0,21000,-23000,-2000
2015/05/07,0,10000,-1000,9000
2015/05/08,0,1000,0,1000
2015/05/11,0,13000,-5000,8000
2015/05/12,0,7000,-18000,-11000
2015/05/13,0,0,0,0
2015/05/14,0,0,-45000,-45000
2015/05/15,0,0,-18000,-18000
2015/05/18,0,0,-31000,-31000
2015/05/19,0,0,-1000,-1000
2015/05/20,0,4000,-80000,-76000
2015/05/21,0,0,-22000,-22000
2015/05/22,0,0,-56000,-56000
2015/05/25,0,0,-3479,-3479
2015/05/26,0,0,0,0
2015/05/27,0,0,-2000,-2000
2015/05/28,0,0,-1000,-1000
2015/05/29,0,0,0,0
2015/06/01,0,0,0,0
2015/06/02,0,0,0,0
2015/06/03,0,9000,-11228,-2228
2015/06/04,0,0,-164060,-164060
2015/06/05,0,30000,-63000,-33000
2015/06/08,0,0,0,0
2015/06/09,0,0,-1000,-1000
2015/06/10,0,1000,0,1000
2015/06/11,0,2000,-3000,-1000
2015/06/12,0,0,-2000,-2000
2015/06/15,0,0,-19000,-19000
2015/06/16,0,2000,0,2000
2015/06/17,0,48000,-46000,2000
2015/06/18,0,0,-16000,-16000
2015/06/19,0,0,0,0
2015/06/22,0,0,0,0
2015/06/23,0,60000,-4000,56000
2015/06/24,0,13000,-60000,-47000
2015/06/25,0,2000,0,2000
2015/06/26,0,2000,0,2000
2015/06/29,0,0,0,0
2015/06/30,0,0,0,0
2015/07/01,0,2000,-1000,1000
2015/07/02,0,0,0,0
2015/07/03,0,0,0,0
2015/07/06,0,0,-7000,-7000
2015/07/07,0,0,0,0
2015/07/08,0,10000,0,10000
2015/07/09,0,40000,-57000,-17000
2015/07/10,0,0,0,0
2015/07/13,0,2000,-7000,-5000
2015/07/14,0,4000,-18000,-14000
2015/07/15,0,120000,-23000,97000
2015/07/16,0,6000,0,6000
2015/07/17,0,62000,-2000,60000
2015/07/20,0,286000,-6000,280000
2015/07/21,0,332000,0,332000
2015/07/22,0,375000,0,375000
2015/07/23,0,281000,0,281000
2015/07/24,0,229000,0,229000
2015/07/27,0,334000,-18000,316000
2015/07/28,0,479000,-22000,457000
2015/07/29,0,580000,-22000,558000
2015/07/30,0,240000,-2000,238000
2015/07/31,0,184000,-25000,159000
2015/08/03,0,127000,-15000,112000
2015/08/04,0,228000,-4000,224000
2015/08/05,0,107000,-17000,90000
2015/08/06,0,269000,-2000,267000
2015/08/07,0,37000,-10000,27000
2015/08/10,0,400000,-6000,394000
2015/08/11,0,144000,-61000,83000
2015/08/12,0,1596000,-25174,1570826
2015/08/13,0,819000,0,819000
2015/08/14,0,537000,-4000,533000
2015/08/17,0,484000,-20000,464000
2015/08/18,0,213000,-31000,182000
2015/08/19,0,362000,-94000,268000
2015/08/20,0,473000,-49000,424000
2015/08/21,0,102000,-5000,97000
2015/08/24,0,177000,-26000,151000
2015/08/25,0,5000,-7000,-2000
2015/08/26,0,88000,-5000,83000
2015/08/27,0,122000,-69428,52572
2015/08/28,0,0,-69000,-69000
2015/08/31,0,0,-30000,-30000
2015/09/01,0,110000,-21000,89000
2015/09/02,0,139000,-1049000,-910000
2015/09/03,0,2000,-15000,-13000
2015/09/04,0,0,-8000,-8000
2015/09/07,0,2000,-2097000,-2095000
2015/09/08,0,45000,-2049000,-2004000
2015/09/09,0,31000,-351000,-320000
2015/09/10,0,91000,-988000,-897000
2015/09/11,0,77000,-489000,-412000
2015/09/14,0,0,-974000,-974000
2015/09/15,0,1000,-220000,-219000
2015/09/16,0,18000,-45000,-27000
2015/09/17,0,5000,0,5000
2015/09/18,0,1000,0,1000
2015/09/21,0,0,-6000,-6000
2015/09/22,0,4000,-1000,3000
2015/09/23,0,21000,0,21000
2015/09/24,0,22000,0,22000
2015/09/25,0,10000,-9000,1000
2015/09/28,0,0,0,0
2015/09/29,0,0,0,0
2015/09/30,0,42000,-10000,32000
2015/10/01,0,75000,-10000,65000
2015/10/02,0,22000,0,22000
2015/10/05,0,30000,0,30000
2015/10/06,0,5000,0,5000
2015/10/07,0,54000,-5000,49000
2015/10/08,0,5000,-38000,-33000
2015/10/09,0,0,0,0
2015/10/12,0,44000,-9000,35000
2015/10/13,0,2000,-92000,-90000
2015/10/14,0,2000,-14000,-12000
2015/10/15,0,20000,-60000,-40000
2015/10/16,0,6000,-136000,-130000
2015/10/19,0,54000,-32000,22000
2015/10/20,0,45000,-65000,-20000
2015/10/21,0,43000,-425300,-382300
2015/10/22,0,0,0,0
2015/10/23,0,21000,-95000,-74000
2015/10/26,0,33000,-700,32300
2015/10/27,0,24000,-27000,-3000
2015/10/28,0,64000,-20000,44000
2015/10/29,0,35000,-62803,-27803
2015/10/30,0,58000,-116000,-58000
2015/11/02,0,48000,-130000,-82000
2015/11/03,0,0,-194000,-194000
2015/11/04,0,116000,-32000,84000
2015/11/05,0,0,-107000,-107000
2015/11/06,0,0,-248000,-248000
2015/11/09,0,0,-5000,-5000
2015/11/10,0,26000,-40000,-14000
2015/11/11,0,19000,-34000,-15000
2015/11/12,0,70000,-60000,10000
2015/11/13,0,24000,-26000,-2000
2015/11/16,0,13000,-82000,-69000
2015/11/17,0,11000,0,11000
2015/11/18,0,4000,-87000,-83000
2015/11/19,0,10000,-129400,-119400
2015/11/20,0,10000,0,10000
2015/11/23,0,0,0,0
2015/11/24,0,0,0,0
2015/11/25,0,0,0,0
2015/11/26,0,0,-500,-500
2015/11/27,0,0,0,0
2015/11/30,0,8000,0,8000
2015/12/01,0,2000,-2000,0
2015/12/02,0,0,-3400,-3400
2015/12/03,0,0,-2000,-2000
2015/12/04,0,0,-2000,-2000
2015/12/07,0,35000,-22000,13000
2015/12/08,0,0,-20000,-20000
2015/12/09,0,0,0,0
2015/12/10,0,0,0,0
2015/12/11,0,0,0,0
2015/12/14,0,5000,0,5000
2015/12/15,0,5000,-8000,-3000
2015/12/16,0,1000,-1000,0
2015/12/17,0,0,0,0
2015/12/18,0,0,-1000,-1000
2015/12/21,0,0,0,0
2015/12/22,0,0,0,0
2015/12/23,0,0,0,0
2015/12/24,0,0,0,0
2015/12/25,0,0,0,0
2015/12/28,0,0,0,0
2015/12/29,0,0,0,0
2015/12/30,0,14000,-12000,2000
2015/12/31,0,13000,0,13000
2016/01/01,0,0,0,0
2016/01/04,0,0,-3000,-3000
2016/01/05,0,11000,0,11000
2016/01/06,0,0,-2000,-2000
2016/01/07,0,6000,0,6000
2016/01/08,0,0,0,0
2016/01/11,0,0,0,0
2016/01/12,0,0,-7000,-7000
2016/01/13,0,4000,0,4000
2016/01/14,0,0,0,0
2016/01/15,0,1000,-13000,-12000
2016/01/18,0,9000,0,9000
2016/01/19,0,1000,0,1000
2016/01/20,0,11000,-47000,-36000
2016/01/21,0,0,-13000,-13000
2016/01/22,0,30000,0,30000
2016/01/25,0,11000,0,11000
2016/01/26,0,11000,0,11000
2016/01/27,0,15000,0,15000
2016/01/28,0,0,0,0
2016/01/29,0,0,-15000,-15000
2016/02/01,0,0,0,0
2016/02/02,0,0,-15000,-15000
2016/02/03,0,16000,0,16000
2016/02/04,0,0,0,0
2016/02/05,0,0,0,0
2016/02/08,0,0,0,0
2016/02/09,0,0,0,0
2016/02/10,0,0,0,0
2016/02/11,0,0,0,0
2016/02/12,0,0,0,0
2016/02/15,0,0,0,0
2016/02/16,0,4000,0,4000
2016/02/17,0,15000,0,15000
2016/02/18,0,40000,0,40000
2016/02/19,0,13000,0,13000
2016/02/22,0,32000,-3000,29000
2016/02/23,0,0,-1000,-1000
2016/02/24,0,0,-45000,-45000
2016/02/25,0,76000,0,76000
2016/02/26,0,42000,-64000,-22000
2016/02/29,0,0,0,0
2016/03/01,0,0,0,0
2016/03/02,0,17000,0,17000
2016/03/03,0,247000,-37000,210000
2016/03/04,0,22000,0,22000
2016/03/07,0,146000,-40000,106000
2016/03/08,0,74000,-28000,46000
2016/03/09,0,4000,0,4000
2016/03/10,0,0,0,0
2016/03/11,0,374000,-23000,351000
2016/03/14,0,43000,-72000,-29000
2016/03/15,0,27000,-136000,-109000
2016/03/16,0,3000,-62000,-59000
2016/03/17,0,40000,-142000,-102000
2016/03/18,0,70000,-13000,57000
2016/03/21,0,103000,-10000,93000
2016/03/22,0,0,-25000,-25000
2016/03/23,0,5000,-55000,-50000
2016/03/24,0,0,0,0
2016/03/25,0,24000,-16000,8000
2016/03/28,0,87000,-42000,45000
2016/03/29,0,5000,-99000,-94000
2016/03/30,0,14000,0,14000
2016/03/31,0,15000,-23074,-8074
2016/04/01,0,0,-34000,-34000
2016/04/04,0,0,0,0
2016/04/05,0,0,0,0
2016/04/06,0,5000,-25000,-20000
2016/04/07,0,5000,-5000,0
2016/04/08,0,9000,0,9000
2016/04/11,0,105000,-31000,74000
2016/04/12,0,61000,-63000,-2000
2016/04/13,0,40000,-5000,35000
2016/04/14,0,176000,-9000,167000
2016/04/15,0,169000,-250000,-81000
2016/04/18,0,96000,-6000,90000
2016/04/19,0,78000,-49000,29000
2016/04/20,0,189000,-520809,-331809
2016/04/21,0,204000,-266000,-62000
2016/04/22,0,298000,-51000,247000
2016/04/25,0,23000,-133000,-110000
2016/04/26,0,41000,-121000,-80000
2016/04/27,0,0,-20000,-20000
2016/04/28,0,0,-23000,-23000
2016/04/29,0,0,-15000,-15000
2016/05/02,0,0,0,0
2016/05/03,0,4000,-46000,-42000
2016/05/04,0,24000,-135000,-111000
2016/05/05,0,122000,-282000,-160000
2016/05/06,0,52000,-20000,32000
2016/05/09,0,91000,-56000,35000
2016/05/10,0,81000,-92000,-11000
2016/05/11,0,40000,-2000,38000
2016/05/12,0,27000,-46000,-19000
2016/05/13,0,126000,-204000,-78000
2016/05/16,0,0,-28000,-28000
2016/05/17,0,0,-10000,-10000
2016/05/18,0,40000,-18000,22000
2016/05/19,0,0,-32000,-32000
2016/05/20,0,17000,0,17000
2016/05/23,0,6000,0,6000
2016/05/24,0,10000,-11000,-1000
2016/05/25,0,520000,-28000,492000
2016/05/26,0,500000,-15000,485000
2016/05/27,0,500000,-11000,489000
2016/05/30,0,0,-9000,-9000
2016/05/31,0,0,0,0
2016/06/01,0,534000,0,534000
2016/06/02,0,540000,0,540000
2016/06/03,0,510000,0,510000
2016/06/06,0,500000,-5000,495000
2016/06/07,0,500000,-27000,473000
2016/06/08,0,5000,-72000,-67000
2016/06/09,0,0,0,0
2016/06/10,0,0,0,0
2016/06/13,0,19000,-43000,-24000
2016/06/14,0,22000,-160000,-138000
2016/06/15,0,62000,-47000,15000
2016/06/16,0,46000,0,46000
2016/06/17,0,32000,-33000,-1000
2016/06/20,0,17000,0,17000
2016/06/21,0,19000,-24000,-5000
2016/06/22,0,161000,0,161000
2016/06/23,0,0,0,0
2016/06/24,0,15000,-74000,-59000
2016/06/27,0,12000,-20000,-8000
2016/06/28,0,13000,0,13000
2016/06/29,0,8000,0,8000
2016/06/30,0,5000,-3000,2000
2016/07/01,0,0,0,0
2016/07/04,0,10000,0,10000
2016/07/05,0,5000,0,5000
2016/07/06,0,10000,0,10000
2016/07/07,0,11000,0,11000
2016/07/08,0,0,0,0
2016/07/11,0,18000,-8000,10000
2016/07/12,0,13000,-13000,0
2016/07/13,0,27000,-7000,20000
2016/07/14,0,0,0,0
2016/07/15,0,0,0,0
2016/07/18,0,40000,0,40000
2016/07/19,0,38000,0,38000
2016/07/20,0,33000,0,33000
2016/07/21,0,271000,0,271000
2016/07/22,0,11000,0,11000
2016/07/25,0,2000,-8000,-6000
2016/07/26,0,10000,0,10000
2016/07/27,0,18000,-20000,-2000
2016/07/28,0,3000,-30000,-27000
2016/07/29,0,6000,0,6000
2016/08/01,0,30000,0,30000
2016/08/02,0,32000,0,32000
2016/08/03,0,30000,-39000,-9000
2016/08/04,0,0,-41000,-41000
2016/08/05,0,77000,-64000,13000
2016/08/08,0,1000,0,1000
2016/08/09,0,4000,0,4000
2016/08/10,0,49000,0,49000
2016/08/11,0,1000,-51000,-50000
2016/08/12,0,53000,-2000,51000
2016/08/15,0,10000,0,10000
2016/08/16,0,18000,-2000,16000
2016/08/17,0,0,-66000,-66000
2016/08/18,0,34000,-5000,29000
2016/08/19,0,21000,-3000,18000
2016/08/22,0,9000,-65000,-56000
2016/08/23,0,10000,0,10000
2016/08/24,0,50000,0,50000
2016/08/25,0,10000,0,10000
2016/08/26,0,25000,-25000,0
2016/08/29,0,2000,-7000,-5000
2016/08/30,0,631000,-2727,628273
2016/08/31,0,29000,-600000,-571000
2016/09/01,0,0,-31000,-31000
2016/09/02,0,0,-14000,-14000
2016/09/05,0,4000,-5000,-1000
2016/09/06,0,1000,-12000,-11000
2016/09/07,0,26000,-24000,2000
2016/09/08,0,0,0,0
2016/09/09,0,0,-5000,-5000
2016/09/12,0,0,-25000,-25000
2016/09/13,0,3000,-55000,-52000
2016/09/14,0,0,-3000,-3000
2016/09/15,0,0,0,0
2016/09/16,0,0,0,0
2016/09/19,0,8000,0,8000
2016/09/20,0,0,0,0
2016/09/21,0,0,-446000,-446000
2016/09/22,0,10000,-20570,-10570
2016/09/23,0,0,-4000,-4000
2016/09/26,0,0,0,0
2016/09/27,0,0,0,0
2016/09/28,0,0,0,0
2016/09/29,0,0,-5950,-5950
2016/09/30,0,0,-10000,-10000
2016/10/03,0,0,0,0
2016/10/04,0,0,0,0
2016/10/05,0,0,-1000,-1000
2016/10/06,0,600,-10600,-10000
2016/10/07,0,0,-1000,-1000
2016/10/10,0,0,0,0
2016/10/11,0,0,-2000,-2000
2016/10/12,0,3000,-700,2300
2016/10/13,0,3000,-17000,-14000
2016/10/14,0,12000,0,12000
2016/10/17,0,1000,0,1000
2016/10/18,0,0,-11000,-11000
2016/10/19,0,1000,-22060,-21060
2016/10/20,0,0,-14000,-14000
2016/10/21,0,0,-15000,-15000
2016/10/24,0,0,-7000,-7000
2016/10/25,0,1000,0,1000
2016/10/26,0,0,0,0
2016/10/27,0,0,0,0
2016/10/28,0,0,-5000,-5000
2016/10/31,0,4000,-13000,-9000
2016/11/01,0,3000,-40001,-37001
2016/11/02,0,38000,-20000,18000
2016/11/03,0,14000,-15000,-1000
2016/11/04,0,0,-10380,-10380
2016/11/07,0,13000,0,13000
2016/11/08,0,0,0,0
2016/11/09,0,9000,-44000,-35000
2016/11/10,0,0,-31000,-31000
2016/11/11,0,2000,-6000,-4000
2016/11/14,0,0,-22000,-22000
2016/11/15,0,1000,-11000,-10000
2016/11/16,0,3000,-25000,-22000
2016/11/17,0,0,-29000,-29000
2016/11/18,0,0,0,0
2016/11/21,0,0,-20000,-20000
2016/11/22,0,1000,-15000,-14000
2016/11/23,0,1000,-11000,-10000
2016/11/24,0,0,-5000,-5000
2016/11/25,0,0,0,0
2016/11/28,0,1000,-2000,-1000
2016/11/29,0,0,0,0
2016/11/30,0,0,-500000,-500000
2016/12/01,0,0,-502000,-502000
2016/12/02,0,0,-507000,-507000
2016/12/05,0,0,0,0
2016/12/06,0,2000,-15000,-13000
2016/12/07,0,0,-14000,-14000
2016/12/08,0,0,-11000,-11000
2016/12/09,0,5000,-37750,-32750
2016/12/12,0,17000,-14000,3000
2016/12/13,0,0,-16000,-16000
2016/12/14,0,0,0,0
2016/12/15,0,7000,0,7000
2016/12/16,0,19000,0,19000
2016/12/19,0,1000,0,1000
2016/12/20,0,8000,0,8000
2016/12/21,0,7000,-35000,-28000
2016/12/22,0,3000,-222,2778
2016/12/23,0,0,-1000,-1000
2016/12/26,0,5000,0,5000
2016/12/27,0,0,0,0
2016/12/28,0,0,0,0
2016/12/29,0,0,0,0
2016/12/30,0,3000,0,3000
2017/01/02,0,0,0,0
2017/01/03,0,0,0,0
2017/01/04,0,0,-1000,-1000
2017/01/05,0,62000,-1000,61000
2017/01/06,0,110000,-2000,108000
2017/01/09,0,60000,-24000,36000
2017/01/10,0,0,0,0
2017/01/11,0,18000,0,18000
2017/01/12,0,11000,0,11000
2017/01/13,0,0,-125000,-125000
2017/01/16,0,0,0,0
2017/01/17,0,0,-1000,-1000
2017/01/18,0,21000,-6000,15000
2017/01/19,0,0,-6000,-6000
2017/01/20,0,0,-50000,-50000
2017/01/23,0,0,-3000,-3000
2017/01/24,0,0,0,0
2017/01/25,0,0,0,0
2017/01/26,0,0,0,0
2017/01/27,0,0,0,0
2017/01/30,0,0,0,0
2017/01/31,0,0,0,0
2017/02/01,0,0,0,0
2017/02/02,0,0,-2000,-2000
2017/02/03,0,4000,-2000,2000
2017/02/06,0,0,0,0
2017/02/07,0,0,-1000,-1000
2017/02/08,0,0,-32000,-32000
2017/02/09,0,0,-3000,-3000
2017/02/10,0,1000,0,1000
2017/02/13,0,0,0,0
2017/02/14,0,0,0,0
2017/02/15,0,10000,-2000,8000
2017/02/16,0,0,0,0
2017/02/17,0,0,0,0
2017/02/20,0,7000,-2000,5000
2017/02/21,0,5000,-2000,3000
2017/02/22,0,3000,0,3000
2017/02/23,0,0,0,0
2017/02/24,0,0,-5000,-5000
2017/02/27,0,0,0,0
2017/02/28,0,0,0,0
2017/03/01,0,9000,0,9000
2017/03/02,0,0,0,0
2017/03/03,0,0,0,0
2017/03/06,0,0,0,0
2017/03/07,0,1000,0,1000
2017/03/08,0,0,0,0
2017/03/09,0,0,0,0
2017/03/10,0,2000,0,2000
2017/03/13,0,0,0,0
2017/03/14,0,0,0,0
2017/03/15,0,0,0,0
2017/03/16,0,19000,0,19000
2017/03/17,0,0,0,0
2017/03/20,0,0,0,0
2017/03/21,0,10000,-2000,8000
2017/03/22,0,19000,0,19000
2017/03/23,0,8000,0,8000
2017/03/24,0,0,0,0
2017/03/27,0,15000,0,15000
2017/03/28,0,14000,0,14000
2017/03/29,0,29000,0,29000
2017/03/30,0,25000,0,25000
2017/03/31,0,0,0,0
2017/04/03,0,0,0,0
2017/04/04,0,0,0,0
2017/04/05,0,1000,-62000,-61000
2017/04/06,0,5000,-68000,-63000
2017/04/07,0,0,-4000,-4000
2017/04/10,0,0,-7000,-7000
2017/04/11,0,0,-621,-621
2017/04/12,0,0,0,0
2017/04/13,0,0,-1000,-1000
2017/04/14,0,0,0,0
2017/04/17,0,3000,-2000,1000
2017/04/18,0,0,0,0
2017/04/19,0,0,-4000,-4000
2017/04/20,0,0,0,0
2017/04/21,0,0,0,0
2017/04/24,0,0,0,0
2017/04/25,0,0,0,0
2017/04/26,0,4000,0,4000
2017/04/27,0,0,-1000,-1000
2017/04/28,0,0,0,0
2017/05/01,0,0,0,0
2017/05/02,0,0,0,0
2017/05/03,0,0,0,0
2017/05/04,0,0,0,0
2017/05/05,0,0,-2000,-2000
2017/05/08,0,0,-2000,-2000
2017/05/09,0,0,0,0
2017/05/10,0,0,0,0
2017/05/11,0,0,0,0
2017/05/12,0,0,0,0
2017/05/15,0,0,-3000,-3000
2017/05/16,0,0,-3000,-3000
2017/05/17,0,0,-2000,-2000
2017/05/18,0,0,0,0
2017/05/19,0,0,0,0
2017/05/22,0,0,0,0
2017/05/23,0,0,-1000,-1000
2017/05/24,0,0,-21000,-21000
2017/05/25,0,0,0,0
2017/05/26,0,0,-18000,-18000
2017/05/29,0,0,0,0
2017/05/30,0,0,0,0
2017/05/31,0,0,0,0
2017/06/01,0,0,-3000,-3000
2017/06/02,0,0,0,0
2017/06/05,0,0,-2000,-2000
2017/06/06,0,0,0,0
2017/06/07,0,0,0,0
2017/06/08,0,0,0,0
2017/06/09,0,0,0,0
2017/06/12,0,2000,-28000,-26000
2017/06/13,0,0,0,0
2017/06/14,0,1000,0,1000
2017/06/15,0,0,-8000,-8000
2017/06/16,0,14000,-18000,-4000
2017/06/19,0,0,0,0
2017/06/20,0,10000,-12000,-2000
2017/06/21,0,31000,-5000,26000
2017/06/22,0,0,-12000,-12000
2017/06/23,0,0,-1000,-1000
2017/06/26,0,53000,0,53000
2017/06/27,0,17000,-5000,12000
2017/06/28,0,20000,0,20000
2017/06/29,0,0,0,0
2017/06/30,0,0,0,0
2017/07/03,0,0,-5000,-5000
2017/07/04,0,0,-68000,-68000
2017/07/05,0,56000,0,56000
2017/07/06,0,0,0,0
2017/07/07,0,0,0,0
2017/07/10,0,0,0,0
2017/07/11,0,26000,-6000,20000
2017/07/12,0,1000,-25000,-24000
2017/07/13,0,0,-11000,-11000
2017/07/14,0,0,-6000,-6000
2017/07/17,0,0,-15000,-15000
2017/07/18,0,0,-3000,-3000
2017/07/19,0,0,0,0
2017/07/20,0,0,0,0
2017/07/21,0,0,0,0
2017/07/24,0,0,0,0
2017/07/25,0,0,-3000,-3000
2017/07/26,0,0,-51000,-51000
2017/07/27,0,20000,-1000,19000
2017/07/28,0,0,0,0
2017/07/31,0,0,0,0
2017/08/01,0,0,0,0
2017/08/02,0,0,-52000,-52000
2017/08/03,0,0,-8000,-8000
2017/08/04,0,1000,-12000,-11000
2017/08/07,0,0,0,0
2017/08/08,0,0,-4000,-4000
2017/08/09,0,1000,-37000,-36000
2017/08/10,0,0,0,0
2017/08/11,0,0,0,0
2017/08/14,0,0,-125000,-125000
2017/08/15,0,0,0,0
2017/08/16,0,0,-1000,-1000
2017/08/17,0,113000,0,113000
2017/08/18,0,7000,0,7000
