Date,Open,Buy,Sell,Total
2007/04/23,0,668000,-62000,606000
2007/04/24,0,153000,-1000,152000
2007/04/25,0,36000,-405000,-369000
2007/04/26,0,32000,-301000,-269000
2007/04/27,0,0,-16000,-16000
2007/04/30,0,100000,-527000,-427000
2007/05/01,0,0,0,0
2007/05/02,0,32000,-667000,-635000
2007/05/03,0,170000,-1501000,-1331000
2007/05/04,0,164000,-65000,99000
2007/05/07,0,544000,-65000,479000
2007/05/08,0,17000,-506000,-489000
2007/05/09,0,1000,-13000,-12000
2007/05/10,0,4000,-11000,-7000
2007/05/11,0,20000,-1662000,-1642000
2007/05/14,0,0,-5000,-5000
2007/05/15,0,0,-32000,-32000
2007/05/16,0,0,0,0
2007/05/17,0,11000,-4000,7000
2007/05/18,0,3000,-501000,-498000
2007/05/21,0,18000,0,18000
2007/05/22,0,62000,0,62000
2007/05/23,0,60000,-2000,58000
2007/05/24,0,28000,0,28000
2007/05/25,0,0,-73000,-73000
2007/05/28,0,1000,-9000,-8000
2007/05/29,0,18000,0,18000
2007/05/30,0,7000,-41000,-34000
2007/05/31,0,73000,-25000,48000
2007/06/01,0,20000,0,20000
2007/06/04,0,9000,-3000,6000
2007/06/05,0,0,-3000,-3000
2007/06/06,0,88000,-10000,78000
2007/06/07,0,0,-215000,-215000
2007/06/08,0,2000,-33000,-31000
2007/06/11,0,3000,-6000,-3000
2007/06/12,0,2000,-139000,-137000
2007/06/13,0,28000,-367000,-339000
2007/06/14,0,90000,-13000,77000
2007/06/15,0,197000,-5000,192000
2007/06/18,0,0,0,0
2007/06/19,0,0,0,0
2007/06/20,0,572000,-78000,494000
2007/06/21,0,414000,-293000,121000
2007/06/22,0,223000,-50000,173000
2007/06/25,0,1197000,-416000,781000
2007/06/26,0,413000,-566000,-153000
2007/06/27,0,39000,-520000,-481000
2007/06/28,0,309000,-268000,41000
2007/06/29,0,20000,-9000,11000
2007/07/02,0,341000,-106000,235000
2007/07/03,0,684000,-500000,184000
2007/07/04,0,1147000,-1708000,-561000
2007/07/05,0,73000,-20000,53000
2007/07/06,0,580000,-133000,447000
2007/07/09,0,106000,-280000,-174000
2007/07/10,0,57000,-361000,-304000
2007/07/11,0,75000,-369000,-294000
2007/07/12,0,1261000,-350000,911000
2007/07/13,0,2483000,-574000,1909000
2007/07/16,0,1304000,-512000,792000
2007/07/17,0,1087000,-411000,676000
2007/07/18,0,2435000,-506000,1929000
2007/07/19,0,332000,-2290000,-1958000
2007/07/20,0,769000,-517000,252000
2007/07/23,0,274000,-600000,-326000
2007/07/24,0,152000,-1027000,-875000
2007/07/25,0,174000,-937461,-763461
2007/07/26,0,213000,-2372000,-2159000
2007/07/27,0,45000,-384000,-339000
2007/07/30,0,445000,-67000,378000
2007/07/31,0,700000,-1262000,-562000
2007/08/01,0,1089000,-614000,475000
2007/08/02,0,1157000,-1404000,-247000
2007/08/03,0,172000,-269000,-97000
2007/08/06,0,60000,-15000,45000
2007/08/07,0,340000,-51000,289000
2007/08/08,0,72000,-369000,-297000
2007/08/09,0,31000,-95000,-64000
2007/08/10,0,5000,-223000,-218000
2007/08/13,0,45000,-290000,-245000
2007/08/14,0,45000,-245000,-200000
2007/08/15,0,399000,-166000,233000
2007/08/16,0,253000,-547000,-294000
2007/08/17,0,292000,-281000,11000
2007/08/20,0,197000,-288000,-91000
2007/08/21,0,68000,-60000,8000
2007/08/22,0,127000,-9000,118000
2007/08/23,0,123000,-36000,87000
2007/08/24,0,20000,-6000,14000
2007/08/27,0,6000,-5000,1000
2007/08/28,0,132000,-78000,54000
2007/08/29,0,20000,-58000,-38000
2007/08/30,0,67000,-890000,-823000
2007/08/31,0,154000,-35000,119000
2007/09/03,0,186000,-64000,122000
2007/09/04,0,55000,-4000,51000
2007/09/05,0,10000,-60000,-50000
2007/09/06,0,7000,-40000,-33000
2007/09/07,0,24000,-15000,9000
2007/09/10,0,23000,-243000,-220000
2007/09/11,0,5000,-116000,-111000
2007/09/12,0,45000,-26000,19000
2007/09/13,0,69000,-38000,31000
2007/09/14,0,208000,-3000,205000
2007/09/17,0,14000,-92000,-78000
2007/09/18,0,0,0,0
2007/09/19,0,62000,-33000,29000
2007/09/20,0,47000,-4000,43000
2007/09/21,0,128000,-98000,30000
2007/09/24,0,0,0,0
2007/09/25,0,0,0,0
2007/09/26,0,147000,-54000,93000
2007/09/27,0,86000,-42000,44000
2007/09/28,0,93000,-44000,49000
2007/10/01,0,341000,-56000,285000
2007/10/02,0,144000,-7000,137000
2007/10/03,0,226000,-46000,180000
2007/10/04,0,180000,-446000,-266000
2007/10/05,0,14000,-59000,-45000
2007/10/08,0,665000,-116736,548264
2007/10/09,0,420000,-54402,365598
2007/10/10,0,0,0,0
2007/10/11,0,27000,-35000,-8000
2007/10/12,0,12114,-128000,-115886
2007/10/15,0,251000,-191000,60000
2007/10/16,0,100000,-345000,-245000
2007/10/17,0,4000,-46032,-42032
2007/10/18,0,42000,-11000,31000
2007/10/19,0,10000,-13000,-3000
2007/10/22,0,23000,-165000,-142000
2007/10/23,0,9000,-4000,5000
2007/10/24,0,29000,-1000,28000
2007/10/25,0,14000,-44000,-30000
2007/10/26,0,45000,-21000,24000
2007/10/29,0,1319000,-461000,858000
2007/10/30,0,290000,-114000,176000
2007/10/31,0,179000,-42000,137000
2007/11/01,0,188000,-234000,-46000
2007/11/02,0,71000,-774000,-703000
2007/11/05,0,5000,-86000,-81000
2007/11/06,0,759000,-75000,684000
2007/11/07,0,304000,-115000,189000
2007/11/08,0,55000,-1084000,-1029000
2007/11/09,0,20000,-317000,-297000
2007/11/12,0,363000,-1046000,-683000
2007/11/13,0,398000,-919885,-521885
2007/11/14,0,114000,-387204,-273204
2007/11/15,0,232000,-375046,-143046
2007/11/16,0,438000,-50000,388000
2007/11/19,0,18000,-125000,-107000
2007/11/20,0,201000,-81000,120000
2007/11/21,0,152000,-265000,-113000
2007/11/22,0,15000,-751000,-736000
2007/11/23,0,374000,-47000,327000
2007/11/26,0,22000,-131000,-109000
2007/11/27,0,21000,-207000,-186000
2007/11/28,0,98000,-173980,-75980
2007/11/29,0,27000,-318000,-291000
2007/11/30,0,359000,-51000,308000
2007/12/03,0,80000,-2000,78000
2007/12/04,0,154000,0,154000
2007/12/05,0,65000,-15000,50000
2007/12/06,0,230000,-579000,-349000
2007/12/07,0,14000,-204000,-190000
2007/12/10,0,14000,-38000,-24000
2007/12/11,0,14000,-7000,7000
2007/12/12,0,335000,-39000,296000
2007/12/13,0,1000,-261000,-260000
2007/12/14,0,15000,-435000,-420000
2007/12/17,0,6000,-37000,-31000
2007/12/18,0,27000,-187000,-160000
2007/12/19,0,567000,-32000,535000
2007/12/20,0,0,-447000,-447000
2007/12/21,0,14000,-4000,10000
2007/12/24,0,12000,-63000,-51000
2007/12/25,0,123000,-175000,-52000
2007/12/26,0,32000,-21000,11000
2007/12/27,0,59000,-15000,44000
2007/12/28,0,12000,-46000,-34000
2007/12/31,0,7000,-14000,-7000
2008/01/01,0,0,0,0
2008/01/02,0,214000,-25000,189000
2008/01/03,0,76000,-91000,-15000
2008/01/04,0,192000,-25000,167000
2008/01/07,0,388000,-74000,314000
2008/01/08,0,249000,-35000,214000
2008/01/09,0,63000,-196000,-133000
2008/01/10,0,405000,-33000,372000
2008/01/11,0,1149000,-40000,1109000
2008/01/14,0,693000,-709000,-16000
2008/01/15,0,1547000,-656000,891000
2008/01/16,0,1095000,-1452000,-357000
2008/01/17,0,1185000,-487000,698000
2008/01/18,0,5083000,-763472,4319528
2008/01/21,0,2380000,-1669000,711000
2008/01/22,0,151000,-1460000,-1309000
2008/01/23,0,428000,-1681000,-1253000
2008/01/24,0,1718000,-283000,1435000
2008/01/25,0,1210000,-525000,685000
2008/01/28,0,188000,-900000,-712000
2008/01/29,0,646000,-3506000,-2860000
2008/01/30,0,479000,-2170000,-1691000
2008/01/31,0,189000,-1749000,-1560000
2008/02/01,0,1808000,-619000,1189000
2008/02/04,0,0,0,0
2008/02/05,0,0,0,0
2008/02/06,0,0,0,0
2008/02/07,0,0,0,0
2008/02/08,0,0,0,0
2008/02/11,0,0,0,0
2008/02/12,0,716000,-525000,191000
2008/02/13,0,434000,-1379000,-945000
2008/02/14,0,903000,-1101137,-198137
2008/02/15,0,1355000,-324893,1030107
2008/02/18,0,146000,-289000,-143000
2008/02/19,0,782000,-1022000,-240000
2008/02/20,0,96000,-204000,-108000
2008/02/21,0,1414000,-374000,1040000
2008/02/22,0,1169000,-144000,1025000
2008/02/25,0,1632000,-837236,794764
2008/02/26,0,1119000,-975054,143946
2008/02/27,0,1869000,-1131474,737526
2008/02/28,0,0,0,0
2008/02/29,0,1066000,-890000,176000
2008/03/03,0,660000,-235027,424973
2008/03/04,0,1149000,-2351000,-1202000
2008/03/05,0,1449000,-4095054,-2646054
2008/03/06,0,1373044,-358007,1015037
2008/03/07,0,816000,-2274000,-1458000
2008/03/10,0,313000,-1222000,-909000
2008/03/11,0,638000,-524000,114000
2008/03/12,0,1658000,-777010,880990
2008/03/13,0,248000,-1242630,-994630
2008/03/14,0,643000,-917000,-274000
2008/03/17,0,1195000,-762537,432463
2008/03/18,0,800000,-1792000,-992000
2008/03/19,0,1264000,-874000,390000
2008/03/20,0,1968000,-900000,1068000
2008/03/21,0,1994000,-335000,1659000
2008/03/24,0,4669000,-2716000,1953000
2008/03/25,0,2179000,-2127000,52000
2008/03/26,0,728000,-1717000,-989000
2008/03/27,0,1451000,-556252,894748
2008/03/28,0,1530000,-1119000,411000
2008/03/31,0,397000,-1758022,-1361022
2008/04/01,0,1056000,-2805081,-1749081
2008/04/02,0,824000,-1394602,-570602
2008/04/03,0,625000,-913000,-288000
2008/04/04,0,0,0,0
2008/04/07,0,796000,-497000,299000
2008/04/08,0,365000,-70000,295000
2008/04/09,0,446000,-900000,-454000
2008/04/10,0,645000,-166000,479000
2008/04/11,0,914000,-554000,360000
2008/04/14,0,1507000,-1693605,-186605
2008/04/15,0,325000,-207000,118000
2008/04/16,0,1315000,-345000,970000
2008/04/17,0,593000,-790000,-197000
2008/04/18,0,251000,-1038000,-787000
2008/04/21,0,266000,-1083000,-817000
2008/04/22,0,739000,-1687000,-948000
2008/04/23,0,734000,-600000,134000
2008/04/24,0,808000,-143000,665000
2008/04/25,0,1965000,-864000,1101000
2008/04/28,0,741145,-109161,631984
2008/04/29,0,378000,-823000,-445000
2008/04/30,0,615000,-1125000,-510000
2008/05/01,0,0,0,0
2008/05/02,0,415000,-700000,-285000
2008/05/05,0,637000,-876000,-239000
2008/05/06,0,267000,-929000,-662000
2008/05/07,0,230000,-762000,-532000
2008/05/08,0,550000,-367000,183000
2008/05/09,0,963000,-870000,93000
2008/05/12,0,303000,-89000,214000
2008/05/13,0,429000,-228000,201000
2008/05/14,0,78000,-844157,-766157
2008/05/15,0,1111000,-151000,960000
2008/05/16,0,1015000,-608000,407000
2008/05/19,0,1025000,-1426000,-401000
2008/05/20,0,214000,-857000,-643000
2008/05/21,0,41000,-825000,-784000
2008/05/22,0,88000,-919000,-831000
2008/05/23,0,47000,-475000,-428000
2008/05/26,0,188000,-2499000,-2311000
2008/05/27,0,82000,-496000,-414000
2008/05/28,0,250000,-925000,-675000
2008/05/29,0,96000,-956000,-860000
2008/05/30,0,174000,-1084000,-910000
2008/06/02,0,113000,-287000,-174000
2008/06/03,0,110000,-292000,-182000
2008/06/04,0,211000,-135000,76000
2008/06/05,0,307000,-70000,237000
2008/06/06,0,30000,-72000,-42000
2008/06/09,0,85000,-830000,-745000
2008/06/10,0,54000,-384010,-330010
2008/06/11,0,60000,-325000,-265000
2008/06/12,0,149000,-1664000,-1515000
2008/06/13,0,34000,-68000,-34000
2008/06/16,0,46000,-38000,8000
2008/06/17,0,22000,-63000,-41000
2008/06/18,0,11000,-18000,-7000
2008/06/19,0,5000,-30000,-25000
2008/06/20,0,88000,-150000,-62000
2008/06/23,0,186000,-393000,-207000
2008/06/24,0,44000,-135000,-91000
2008/06/25,0,98482,-41000,57482
2008/06/26,0,14000,-60000,-46000
2008/06/27,0,94000,-106000,-12000
2008/06/30,0,128000,-97000,31000
2008/07/01,0,184000,-322000,-138000
2008/07/02,0,169000,-55000,114000
2008/07/03,0,64000,-61000,3000
2008/07/04,0,135000,-34000,101000
2008/07/07,0,12000,-15000,-3000
2008/07/08,0,8000,-139000,-131000
2008/07/09,0,132000,-40000,92000
2008/07/10,0,45000,-5000,40000
2008/07/11,0,76000,-123000,-47000
2008/07/14,0,281000,-30000,251000
2008/07/15,0,7000,-461000,-454000
2008/07/16,0,5000,-37000,-32000
2008/07/17,0,15000,-17000,-2000
2008/07/18,0,13000,-37557,-24557
2008/07/21,0,531000,-8000,523000
2008/07/22,0,251000,-1000,250000
2008/07/23,0,1194000,-138000,1056000
2008/07/24,0,444000,-390000,54000
2008/07/25,0,122000,-218000,-96000
2008/07/28,0,0,0,0
2008/07/29,0,129000,-300000,-171000
2008/07/30,0,106000,-1281000,-1175000
2008/07/31,0,414000,-14000,400000
2008/08/01,0,114000,-23000,91000
2008/08/04,0,46000,-753000,-707000
2008/08/05,0,53000,-19000,34000
2008/08/06,0,157000,-4000,153000
2008/08/07,0,231000,-25000,206000
2008/08/08,0,112000,-2000,110000
2008/08/11,0,942000,-57000,885000
2008/08/12,0,47000,-270000,-223000
2008/08/13,0,104000,-172000,-68000
2008/08/14,0,1052000,-95846,956154
2008/08/15,0,74000,-1705000,-1631000
2008/08/18,0,8000,-88000,-80000
2008/08/19,0,2220,-30520,-28300
2008/08/20,0,35268,-43000,-7732
2008/08/21,0,7000,-92000,-85000
2008/08/22,0,16000,-66000,-50000
2008/08/25,0,6000,-20000,-14000
2008/08/26,0,6000,-11000,-5000
2008/08/27,0,26000,0,26000
2008/08/28,0,22000,-9000,13000
2008/08/29,0,64000,-25000,39000
2008/09/01,0,1000,-2000,-1000
2008/09/02,0,4000,-21546,-17546
2008/09/03,0,140000,-5000,135000
2008/09/04,0,47000,-342000,-295000
2008/09/05,0,92000,-133000,-41000
2008/09/08,0,23000,-60000,-37000
2008/09/09,0,4000,-15024,-11024
2008/09/10,0,4000,-89000,-85000
2008/09/11,0,396000,-96000,300000
2008/09/12,0,50000,0,50000
2008/09/15,0,100000,-435000,-335000
2008/09/16,0,231000,-72000,159000
2008/09/17,0,34000,-170000,-136000
2008/09/18,0,55000,-43000,12000
2008/09/19,0,55000,-75000,-20000
2008/09/22,0,1000,-78000,-77000
2008/09/23,0,366000,-1000,365000
2008/09/24,0,73000,-335000,-262000
2008/09/25,0,94000,-30000,64000
2008/09/26,0,4000,-172000,-168000
2008/09/29,0,0,0,0
2008/09/30,0,39000,-8000,31000
2008/10/01,0,1000,-24000,-23000
2008/10/02,0,2000,-56000,-54000
2008/10/03,0,0,-15000,-15000
2008/10/06,0,100000,-2178,97822
2008/10/07,0,190000,-1000,189000
2008/10/08,0,157000,-12000,145000
2008/10/09,0,433000,-39000,394000
2008/10/10,0,0,0,0
2008/10/13,0,0,0,0
2008/10/14,0,0,0,0
2008/10/15,0,1784,-9615,-7831
2008/10/16,0,0,0,0
2008/10/17,0,0,-32658,-32658
2008/10/20,0,6000,-22343,-16343
2008/10/21,0,0,-8504,-8504
2008/10/22,0,16000,-950,15050
2008/10/23,0,32000,-9202,22798
2008/10/24,0,0,-90,-90
2008/10/27,0,14000,-34000,-20000
2008/10/28,0,64000,-16000,48000
2008/10/29,0,53000,-40000,13000
2008/10/30,0,4000,-24000,-20000
2008/10/31,0,1012000,-326268,685732
2008/11/03,0,117000,-331000,-214000
2008/11/04,0,85000,-120715,-35715
2008/11/05,0,766000,-8000,758000
2008/11/06,0,0,-662000,-662000
2008/11/07,0,4000,-144000,-140000
2008/11/10,0,365000,-4000,361000
2008/11/11,0,48000,-684636,-636636
2008/11/12,0,2000,-420000,-418000
2008/11/13,0,4000,-72041,-68041
2008/11/14,0,168000,-20000,148000
2008/11/17,0,39000,-13000,26000
2008/11/18,0,20000,-421000,-401000
2008/11/19,0,10000,-51000,-41000
2008/11/20,0,72000,-37000,35000
2008/11/21,0,123000,-63000,60000
2008/11/24,0,40000,-16000,24000
2008/11/25,0,0,-42000,-42000
2008/11/26,0,709000,-17149,691851
2008/11/27,0,474000,-52000,422000
2008/11/28,0,16000,-354000,-338000
2008/12/01,0,118000,0,118000
2008/12/02,0,65000,-16000,49000
2008/12/03,0,362000,-30000,332000
2008/12/04,0,311000,-114000,197000
2008/12/05,0,0,-29000,-29000
2008/12/08,0,27000,-300919,-273919
2008/12/09,0,780000,-14000,766000
2008/12/10,0,355000,-102000,253000
2008/12/11,0,355000,-282000,73000
2008/12/12,0,542000,-1634000,-1092000
2008/12/15,0,486000,-511000,-25000
2008/12/16,0,0,-44000,-44000
2008/12/17,0,290000,-19000,271000
2008/12/18,0,137000,-8000,129000
2008/12/19,0,122000,-13000,109000
2008/12/22,0,24000,-27000,-3000
2008/12/23,0,108000,-856000,-748000
2008/12/24,0,60000,-400000,-340000
2008/12/25,0,1000,-25000,-24000
2008/12/26,0,30000,-408000,-378000
2008/12/29,0,10000,-227000,-217000
2008/12/30,0,112000,-130213,-18213
2008/12/31,0,20000,-424000,-404000
2009/01/01,0,0,0,0
2009/01/02,0,0,0,0
2009/01/05,0,113000,-20000,93000
2009/01/06,0,119000,0,119000
2009/01/07,0,51000,-7000,44000
2009/01/08,0,38000,-16000,22000
2009/01/09,0,32000,-15000,17000
2009/01/12,0,0,-10000,-10000
2009/01/13,0,41000,-20000,21000
2009/01/14,0,4000,-92000,-88000
2009/01/15,0,49000,-4000,45000
2009/01/16,0,8000,-133000,-125000
2009/01/19,0,0,-15000,-15000
2009/01/20,0,0,-110000,-110000
2009/01/21,0,10000,-36000,-26000
2009/01/22,0,0,0,0
2009/01/23,0,0,0,0
2009/01/26,0,0,0,0
2009/01/27,0,0,0,0
2009/01/28,0,0,0,0
2009/01/29,0,0,0,0
2009/01/30,0,0,0,0
2009/02/02,0,17000,-10000,7000
2009/02/03,0,71000,-14000,57000
2009/02/04,0,0,-86000,-86000
2009/02/05,0,1000,0,1000
2009/02/06,0,3000,-37000,-34000
2009/02/09,0,0,-10000,-10000
2009/02/10,0,0,-42000,-42000
2009/02/11,0,17000,-2000,15000
2009/02/12,0,45000,-104000,-59000
2009/02/13,0,120000,-20000,100000
2009/02/16,0,729000,-105000,624000
2009/02/17,0,84000,-223000,-139000
2009/02/18,0,48000,-82000,-34000
2009/02/19,0,78000,-43000,35000
2009/02/20,0,4000,-158414,-154414
2009/02/23,0,64000,-20000,44000
2009/02/24,0,1000,-89000,-88000
2009/02/25,0,1119000,-45000,1074000
2009/02/26,0,954000,-375000,579000
2009/02/27,0,166000,-82000,84000
2009/03/02,0,553000,-964000,-411000
2009/03/03,0,61000,-330000,-269000
2009/03/04,0,40000,-80000,-40000
2009/03/05,0,571000,-37000,534000
2009/03/06,0,6000,-22000,-16000
2009/03/09,0,43000,-13000,30000
2009/03/10,0,490000,-68000,422000
2009/03/11,0,313000,-56000,257000
2009/03/12,0,86000,-228000,-142000
2009/03/13,0,96000,-364060,-268060
2009/03/16,0,69000,-52000,17000
2009/03/17,0,112000,-55000,57000
2009/03/18,0,137000,-146000,-9000
2009/03/19,0,51000,-163000,-112000
2009/03/20,0,27000,-743000,-716000
2009/03/23,0,15000,-11000,4000
2009/03/24,0,880000,-372000,508000
2009/03/25,0,347000,-1035000,-688000
2009/03/26,0,421000,-157000,264000
2009/03/27,0,559000,-144000,415000
2009/03/30,0,34000,-249000,-215000
2009/03/31,0,105000,-822000,-717000
2009/04/01,0,107000,-17000,90000
2009/04/02,0,236000,-140000,96000
2009/04/03,0,49000,-121000,-72000
2009/04/06,0,22000,-92059,-70059
2009/04/07,0,79000,-140000,-61000
2009/04/08,0,193000,-631000,-438000
2009/04/09,0,222000,-630000,-408000
2009/04/10,0,841000,-93000,748000
2009/04/13,0,289000,-80000,209000
2009/04/14,0,661000,-189000,472000
2009/04/15,0,89000,-163000,-74000
2009/04/16,0,547000,-217000,330000
2009/04/17,0,237000,-206058,30942
2009/04/20,0,235000,-715000,-480000
2009/04/21,0,102000,-113000,-11000
2009/04/22,0,384000,-294000,90000
2009/04/23,0,69000,-229000,-160000
2009/04/24,0,212000,-363000,-151000
2009/04/27,0,106000,-147000,-41000
2009/04/28,0,93000,-1179797,-1086797
2009/04/29,0,604000,-47000,557000
2009/04/30,0,24000,-40000,-16000
2009/05/01,0,0,0,0
2009/05/04,0,15000,0,15000
2009/05/05,0,1488000,-101000,1387000
2009/05/06,0,246000,-467000,-221000
2009/05/07,0,220000,-414000,-194000
2009/05/08,0,975000,-382000,593000
2009/05/11,0,616000,-501809,114191
2009/05/12,0,795000,-654000,141000
2009/05/13,0,420000,-1081000,-661000
2009/05/14,0,590000,-196000,394000
2009/05/15,0,340000,-329000,11000
2009/05/18,0,153000,-697000,-544000
2009/05/19,0,52000,-227000,-175000
2009/05/20,0,235000,-160000,75000
2009/05/21,0,1272000,-360000,912000
2009/05/22,0,663000,-796000,-133000
2009/05/25,0,237000,-580000,-343000
2009/05/26,0,305000,-371000,-66000
2009/05/27,0,642000,-66000,576000
2009/05/28,0,0,0,0
2009/05/29,0,0,0,0
2009/06/01,0,233000,-277000,-44000
2009/06/02,0,282000,-680071,-398071
2009/06/03,0,184000,-50000,134000
2009/06/04,0,724000,-391000,333000
2009/06/05,0,679000,-478000,201000
2009/06/08,0,933000,-543000,390000
2009/06/09,0,468000,-1099000,-631000
2009/06/10,0,496000,-629000,-133000
2009/06/11,0,539000,-786000,-247000
2009/06/12,0,273000,-643000,-370000
2009/06/15,0,277000,-277000,0
2009/06/16,0,452000,-965212,-513212
2009/06/17,0,58000,-328000,-270000
2009/06/18,0,160000,-354000,-194000
2009/06/19,0,720000,-111000,609000
2009/06/22,0,276000,-641000,-365000
2009/06/23,0,584000,-199000,385000
2009/06/24,0,1362000,-271204,1090796
2009/06/25,0,2186000,-1035000,1151000
2009/06/26,0,413000,-647000,-234000
2009/06/29,0,790000,-318000,472000
2009/06/30,0,756000,-262000,494000
2009/07/01,0,892000,-320000,572000
2009/07/02,0,2389000,-1491000,898000
2009/07/03,0,367000,-447000,-80000
2009/07/06,0,305000,-2118000,-1813000
2009/07/07,0,1429200,-996000,433200
2009/07/08,0,652000,-69000,583000
2009/07/09,0,212000,-119000,93000
2009/07/10,0,521000,-511000,10000
2009/07/13,0,886000,-732000,154000
2009/07/14,0,501000,-364191,136809
2009/07/15,0,512000,-435000,77000
2009/07/16,0,654626,-457000,197626
2009/07/17,0,517000,-251000,266000
2009/07/20,0,566000,-113000,453000
2009/07/21,0,1878000,-1517000,361000
2009/07/22,0,880000,-2461000,-1581000
2009/07/23,0,630000,-776000,-146000
2009/07/24,0,226343,-1013000,-786657
2009/07/27,0,295000,-953000,-658000
2009/07/28,0,461911,-659000,-197089
2009/07/29,0,261000,-297000,-36000
2009/07/30,0,458000,-811000,-353000
2009/07/31,0,537000,-393000,144000
2009/08/03,0,311956,-766000,-454044
2009/08/04,0,827000,-215000,612000
2009/08/05,0,383000,-1000000,-617000
2009/08/06,0,189000,-213000,-24000
2009/08/07,0,0,0,0
2009/08/10,0,424000,-104000,320000
2009/08/11,0,237000,-520000,-283000
2009/08/12,0,622000,-257000,365000
2009/08/13,0,222000,-587000,-365000
2009/08/14,0,294000,-93000,201000
2009/08/17,0,146000,-146000,0
2009/08/18,0,340000,-172000,168000
2009/08/19,0,237000,-79000,158000
2009/08/20,0,318000,-165000,153000
2009/08/21,0,221000,-242000,-21000
2009/08/24,0,91000,-130000,-39000
2009/08/25,0,111000,-172000,-61000
2009/08/26,0,242000,-227000,15000
2009/08/27,0,126000,-666000,-540000
2009/08/28,0,120000,-701000,-581000
2009/08/31,0,72000,-267000,-195000
2009/09/01,0,409000,-65000,344000
2009/09/02,0,410000,-104000,306000
2009/09/03,0,1369000,-534000,835000
2009/09/04,0,775000,-1027000,-252000
2009/09/07,0,777000,-49000,728000
2009/09/08,0,3226000,-577000,2649000
2009/09/09,0,463000,-549000,-86000
2009/09/10,0,576000,-996000,-420000
2009/09/11,0,928000,-1044000,-116000
2009/09/14,0,991000,-1028000,-37000
2009/09/15,0,804000,-159000,645000
2009/09/16,0,818000,-953000,-135000
2009/09/17,0,490000,-559000,-69000
2009/09/18,0,880000,-475000,405000
2009/09/21,0,1899000,-1842000,57000
2009/09/22,0,315000,-990000,-675000
2009/09/23,0,609000,-775000,-166000
2009/09/24,0,207000,-547000,-340000
2009/09/25,0,84000,-236000,-152000
2009/09/28,0,861000,-430795,430205
2009/09/29,0,404000,-484000,-80000
2009/09/30,0,837000,-155000,682000
2009/10/01,0,273000,-483000,-210000
2009/10/02,0,169000,-522000,-353000
2009/10/05,0,424000,-355000,69000
2009/10/06,0,243000,-381000,-138000
2009/10/07,0,1097000,-664000,433000
2009/10/08,0,698000,-1094000,-396000
2009/10/09,0,1136000,-781000,355000
2009/10/12,0,755000,-233000,522000
2009/10/13,0,1109000,-353000,756000
2009/10/14,0,2496000,-727000,1769000
2009/10/15,0,489000,-911000,-422000
2009/10/16,0,659000,-746000,-87000
2009/10/19,0,60000,-271000,-211000
2009/10/20,0,335000,-588000,-253000
2009/10/21,0,401000,-194000,207000
2009/10/22,0,547000,-440000,107000
2009/10/23,0,839000,-750000,89000
2009/10/26,0,519000,-28000,491000
2009/10/27,0,381000,-170000,211000
2009/10/28,0,138000,-553000,-415000
2009/10/29,0,225000,-1802000,-1577000
2009/10/30,0,117000,-1212000,-1095000
2009/11/02,0,589000,-671000,-82000
2009/11/03,0,141000,-316000,-175000
2009/11/04,0,514000,-355000,159000
2009/11/05,0,461000,-269000,192000
2009/11/06,0,305000,-414000,-109000
2009/11/09,0,162000,-108000,54000
2009/11/10,0,386000,-209000,177000
2009/11/11,0,142000,-93000,49000
2009/11/12,0,142000,-229000,-87000
2009/11/13,0,177000,-36000,141000
2009/11/16,0,843000,-42000,801000
2009/11/17,0,932000,-697000,235000
2009/11/18,0,1678000,-483000,1195000
2009/11/19,0,375000,-352000,23000
2009/11/20,0,290000,-269000,21000
2009/11/23,0,141000,-257000,-116000
2009/11/24,0,218000,-452000,-234000
2009/11/25,0,133000,-84000,49000
2009/11/26,0,425000,-63000,362000
2009/11/27,0,169000,-907000,-738000
2009/11/30,0,36000,-58000,-22000
2009/12/01,0,282000,-494000,-212000
2009/12/02,0,918000,-275000,643000
2009/12/03,0,218000,-156000,62000
2009/12/04,0,122000,-355000,-233000
2009/12/07,0,167000,-70000,97000
2009/12/08,0,124000,-46000,78000
2009/12/09,0,311000,-319000,-8000
2009/12/10,0,576000,-259000,317000
2009/12/11,0,231000,-160078,70922
2009/12/14,0,614000,-218000,396000
2009/12/15,0,616000,-290000,326000
2009/12/16,0,69000,-389000,-320000
2009/12/17,0,399000,-820000,-421000
2009/12/18,0,569000,-673000,-104000
2009/12/21,0,120000,-1103000,-983000
2009/12/22,0,152000,-415000,-263000
2009/12/23,0,106000,-180000,-74000
2009/12/24,0,223000,-57000,166000
2009/12/25,0,188000,-47000,141000
2009/12/28,0,215000,-40000,175000
2009/12/29,0,70000,-145000,-75000
2009/12/30,0,281000,-261000,20000
2009/12/31,0,221000,-1641000,-1420000
2010/01/01,0,0,0,0
2010/01/04,0,1498000,-308000,1190000
2010/01/05,0,712000,-184000,528000
2010/01/06,0,1139000,-219000,920000
2010/01/07,0,442000,-365000,77000
2010/01/08,0,130000,-402000,-272000
2010/01/11,0,809000,-295000,514000
2010/01/12,0,78000,-209000,-131000
2010/01/13,0,137000,-1032000,-895000
2010/01/14,0,128000,-256000,-128000
2010/01/15,0,121000,-740000,-619000
2010/01/18,0,114000,-75000,39000
2010/01/19,0,85905,-572000,-486095
2010/01/20,0,80000,-144000,-64000
2010/01/21,0,33000,-1023000,-990000
2010/01/22,0,208000,-1900000,-1692000
2010/01/25,0,134000,-942000,-808000
2010/01/26,0,252000,-1038000,-786000
2010/01/27,0,313000,-57000,256000
2010/01/28,0,198000,-81000,117000
2010/01/29,0,24000,-144000,-120000
2010/02/01,0,65000,-551000,-486000
2010/02/02,0,10000,-254000,-244000
2010/02/03,0,38000,-4000,34000
2010/02/04,0,29000,-1000,28000
2010/02/05,0,64000,-76000,-12000
2010/02/08,0,344000,-610000,-266000
2010/02/09,0,284000,-98838,185162
2010/02/10,0,256000,-72000,184000
2010/02/11,0,0,0,0
2010/02/12,0,0,0,0
2010/02/15,0,0,0,0
2010/02/16,0,0,0,0
2010/02/17,0,0,0,0
2010/02/18,0,0,0,0
2010/02/19,0,0,0,0
2010/02/22,0,118000,-32000,86000
2010/02/23,0,78000,-35000,43000
2010/02/24,0,2000,-13000,-11000
2010/02/25,0,45000,-48000,-3000
2010/02/26,0,7000,-47000,-40000
2010/03/01,0,744000,-58000,686000
2010/03/02,0,1880000,-81000,1799000
2010/03/03,0,253000,-164000,89000
2010/03/04,0,121000,-300000,-179000
2010/03/05,0,288000,-460000,-172000
2010/03/08,0,586000,-141000,445000
2010/03/09,0,196000,-88000,108000
2010/03/10,0,117000,-871000,-754000
2010/03/11,0,375000,-278000,97000
2010/03/12,0,50000,-166000,-116000
2010/03/15,0,2000,-89000,-87000
2010/03/16,0,62000,-165000,-103000
2010/03/17,0,1268000,-73000,1195000
2010/03/18,0,809000,-469000,340000
2010/03/19,0,29000,-138000,-109000
2010/03/22,0,129000,-735000,-606000
2010/03/23,0,58000,-251000,-193000
2010/03/24,0,147000,-123000,24000
2010/03/25,0,270000,-939000,-669000
2010/03/26,0,253000,-44000,209000
2010/03/29,0,816000,-21000,795000
2010/03/30,0,357000,-17000,340000
2010/03/31,0,356000,-240000,116000
2010/04/01,0,68000,-1000,67000
2010/04/02,0,290000,-187000,103000
2010/04/05,0,0,0,0
2010/04/06,0,212000,-115000,97000
2010/04/07,0,354000,-32000,322000
2010/04/08,0,365000,-329000,36000
2010/04/09,0,273000,-385000,-112000
2010/04/12,0,807000,-533000,274000
2010/04/13,0,603000,-1137000,-534000
2010/04/14,0,150000,-589000,-439000
2010/04/15,0,514000,-670000,-156000
2010/04/16,0,2530000,-383000,2147000
2010/04/19,0,282000,-1994000,-1712000
2010/04/20,0,237000,-1338000,-1101000
2010/04/21,0,148000,-52000,96000
2010/04/22,0,222000,-288000,-66000
2010/04/23,0,166000,-30000,136000
2010/04/26,0,2400000,-448000,1952000
2010/04/27,0,258000,-85000,173000
2010/04/28,0,390000,-157000,233000
2010/04/29,0,580000,-1597000,-1017000
2010/04/30,0,568000,-756000,-188000
2010/05/03,0,202000,-184000,18000
2010/05/04,0,131000,-605000,-474000
2010/05/05,0,87000,-1042000,-955000
2010/05/06,0,308000,-935000,-627000
2010/05/07,0,260000,-765000,-505000
2010/05/10,0,220000,-86000,134000
2010/05/11,0,190000,-429102,-239102
2010/05/12,0,18000,-32000,-14000
2010/05/13,0,1033000,-459000,574000
2010/05/14,0,375000,-115000,260000
2010/05/17,0,83000,-352000,-269000
2010/05/18,0,81000,-526000,-445000
2010/05/19,0,593000,-1080000,-487000
2010/05/20,0,346000,-428000,-82000
2010/05/21,0,89000,-129000,-40000
2010/05/24,0,127000,-78000,49000
2010/05/25,0,100000,-461156,-361156
2010/05/26,0,312000,-99000,213000
2010/05/27,0,103000,-101000,2000
2010/05/28,0,32000,-159000,-127000
2010/05/31,0,124000,-17000,107000
2010/06/01,0,144000,-78000,66000
2010/06/02,0,165000,-13000,152000
2010/06/03,0,32000,-240000,-208000
2010/06/04,0,819000,-83000,736000
2010/06/07,0,52000,-197000,-145000
2010/06/08,0,59000,-164000,-105000
2010/06/09,0,222000,-144000,78000
2010/06/10,0,82000,-29000,53000
2010/06/11,0,195000,-242000,-47000
2010/06/14,0,12000,-412000,-400000
2010/06/15,0,128000,-178000,-50000
2010/06/16,0,0,0,0
2010/06/17,0,597000,-559000,38000
2010/06/18,0,25000,-142000,-117000
2010/06/21,0,199000,-120000,79000
2010/06/22,0,52000,-62000,-10000
2010/06/23,0,1000,-38000,-37000
2010/06/24,0,306000,-85893,220107
2010/06/25,0,30000,-241000,-211000
2010/06/28,0,5000,-49000,-44000
2010/06/29,0,17000,-148000,-131000
2010/06/30,0,25000,-93000,-68000
2010/07/01,0,12000,-82000,-70000
2010/07/02,0,112000,-8000,104000
2010/07/05,0,23000,-74000,-51000
2010/07/06,0,78000,-12000,66000
2010/07/07,0,11000,-36000,-25000
2010/07/08,0,320000,-14000,306000
2010/07/09,0,28000,-26000,2000
2010/07/12,0,76000,-45000,31000
2010/07/13,0,33000,-132000,-99000
2010/07/14,0,258000,-63000,195000
2010/07/15,0,96000,-69000,27000
2010/07/16,0,48000,-34000,14000
2010/07/19,0,272000,-92000,180000
2010/07/20,0,105000,-142000,-37000
2010/07/21,0,81000,-133000,-52000
2010/07/22,0,67000,-69000,-2000
2010/07/23,0,279000,-53002,225998
2010/07/26,0,115000,-40000,75000
2010/07/27,0,1164000,-59000,1105000
2010/07/28,0,3026000,-407000,2619000
2010/07/29,0,986000,-2098000,-1112000
2010/07/30,0,605000,-923000,-318000
2010/08/02,0,1648000,-1656000,-8000
2010/08/03,0,2527000,-1342270,1184730
2010/08/04,0,929000,-943000,-14000
2010/08/05,0,1451000,-947000,504000
2010/08/06,0,1251000,-659000,592000
2010/08/09,0,1533000,-505000,1028000
2010/08/10,0,1552000,-748000,804000
2010/08/11,0,1463000,-446000,1017000
2010/08/12,0,570000,-604000,-34000
2010/08/13,0,871000,-285000,586000
2010/08/16,0,589000,-1230000,-641000
2010/08/17,0,623000,-675000,-52000
2010/08/18,0,825000,-1075000,-250000
2010/08/19,0,856000,-565000,291000
2010/08/20,0,347000,-877086,-530086
2010/08/23,0,621000,-84000,537000
2010/08/24,0,1436000,-839000,597000
2010/08/25,0,890000,-297000,593000
2010/08/26,0,1062000,-924000,138000
2010/08/27,0,559000,-557000,2000
2010/08/30,0,756000,-702000,54000
2010/08/31,0,587000,-432000,155000
2010/09/01,0,393000,-1022000,-629000
2010/09/02,0,916120,-1393000,-476880
2010/09/03,0,2096280,-504000,1592280
2010/09/06,0,2347000,-602000,1745000
2010/09/07,0,766000,-1284400,-518400
2010/09/08,0,475000,-467000,8000
2010/09/09,0,1373523,-2868000,-1494477
2010/09/10,0,2087000,-776000,1311000
2010/09/13,0,676000,-2075000,-1399000
2010/09/14,0,1438000,-675000,763000
2010/09/15,0,687000,-1041000,-354000
2010/09/16,0,556000,-392000,164000
2010/09/17,0,1203000,-882000,321000
2010/09/20,0,518000,-1555000,-1037000
2010/09/21,0,1025000,-250000,775000
2010/09/22,0,0,0,0
2010/09/23,0,653000,-1952000,-1299000
2010/09/24,0,623000,-150000,473000
2010/09/27,0,422000,-533000,-111000
2010/09/28,0,419000,-237000,182000
2010/09/29,0,934000,-315000,619000
2010/09/30,0,201000,-465000,-264000
2010/10/01,0,574000,-213000,361000
2010/10/04,0,1134000,-742000,392000
2010/10/05,0,850000,-630000,220000
2010/10/06,0,1511000,-1195000,316000
2010/10/07,0,741000,-839074,-98074
2010/10/08,0,386000,-923000,-537000
2010/10/11,0,684000,-1651000,-967000
2010/10/12,0,1208000,-360000,848000
2010/10/13,0,675000,-529000,146000
2010/10/14,0,862000,-456000,406000
2010/10/15,0,1150000,-556000,594000
2010/10/18,0,242000,-868000,-626000
2010/10/19,0,851000,-593000,258000
2010/10/20,0,414200,-1491000,-1076800
2010/10/21,0,694160,-1096000,-401840
2010/10/22,0,898000,-427160,470840
2010/10/25,0,625000,-323200,301800
2010/10/26,0,456000,-251000,205000
2010/10/27,0,121000,-254000,-133000
2010/10/28,0,272000,-154000,118000
2010/10/29,0,292000,-325000,-33000
2010/11/01,0,529200,-191000,338200
2010/11/02,0,211000,-535000,-324000
2010/11/03,0,330000,-1921000,-1591000
2010/11/04,0,837000,-925200,-88200
2010/11/05,0,452000,-1046000,-594000
2010/11/08,0,1622200,-868000,754200
2010/11/09,0,443000,-469200,-26200
2010/11/10,0,930000,-602000,328000
2010/11/11,0,180000,-102000,78000
2010/11/12,0,51000,-919000,-868000
2010/11/15,0,117000,-689000,-572000
2010/11/16,0,344000,-1183000,-839000
2010/11/17,0,192000,-268000,-76000
2010/11/18,0,182000,-101000,81000
2010/11/19,0,1509190,-483000,1026190
2010/11/22,0,307000,-254000,53000
2010/11/23,0,408180,-227000,181180
2010/11/24,0,163000,-92000,71000
2010/11/25,0,195000,-385170,-190170
2010/11/26,0,483000,-397000,86000
2010/11/29,0,601000,-392000,209000
2010/11/30,0,417000,-306000,111000
2010/12/01,0,1897000,-298000,1599000
2010/12/02,0,1343000,-790200,552800
2010/12/03,0,907000,-1491000,-584000
2010/12/06,0,1634000,-617000,1017000
2010/12/07,0,750000,-642000,108000
2010/12/08,0,269000,-587000,-318000
2010/12/09,0,193000,-587000,-394000
2010/12/10,0,335000,-598000,-263000
2010/12/13,0,3284000,-912000,2372000
2010/12/14,0,585000,-1302000,-717000
2010/12/15,0,1522000,-977000,545000
2010/12/16,0,778000,-786000,-8000
2010/12/17,0,404000,-1439000,-1035000
2010/12/20,0,316000,-397000,-81000
2010/12/21,0,446000,-300000,146000
2010/12/22,0,284000,-203000,81000
2010/12/23,0,483000,-557000,-74000
2010/12/24,0,283000,-747000,-464000
2010/12/27,0,567000,-871000,-304000
2010/12/28,0,539000,-1034000,-495000
2010/12/29,0,1480000,-1655000,-175000
2010/12/30,0,487000,-202000,285000
2010/12/31,0,2191000,-758000,1433000
2011/01/03,0,519000,-1031000,-512000
2011/01/04,0,2597000,-1446000,1151000
2011/01/05,0,330000,-1698000,-1368000
2011/01/06,0,316000,-1090000,-774000
2011/01/07,0,223000,-461000,-238000
2011/01/10,0,220000,-706000,-486000
2011/01/11,0,185000,-671000,-486000
2011/01/12,0,610000,-219000,391000
2011/01/13,0,330000,-550000,-220000
2011/01/14,0,230000,-240000,-10000
2011/01/17,0,292000,-245000,47000
2011/01/18,0,515000,-42000,473000
2011/01/19,0,409000,-269000,140000
2011/01/20,0,145000,-393000,-248000
2011/01/21,0,57000,-390000,-333000
2011/01/24,0,433000,-192000,241000
2011/01/25,0,274000,-405000,-131000
2011/01/26,0,507000,-598000,-91000
2011/01/27,0,139000,-285000,-146000
2011/01/28,0,466000,-329000,137000
2011/01/31,0,0,0,0
2011/02/01,0,0,0,0
2011/02/02,0,0,0,0
2011/02/03,0,0,0,0
2011/02/04,0,0,0,0
2011/02/07,0,0,0,0
2011/02/08,0,684000,-493000,191000
2011/02/09,0,983000,-267000,716000
2011/02/10,0,1984000,-932000,1052000
2011/02/11,0,429000,-1691000,-1262000
2011/02/14,0,771000,-504000,267000
2011/02/15,0,566000,-396000,170000
2011/02/16,0,974000,-766000,208000
2011/02/17,0,641000,-951000,-310000
2011/02/18,0,634000,-629000,5000
2011/02/21,0,1508000,-244000,1264000
2011/02/22,0,563000,-906000,-343000
2011/02/23,0,375000,-1822000,-1447000
2011/02/24,0,310000,-159000,151000
2011/02/25,0,381000,-3590000,-3209000
2011/02/28,0,0,0,0
2011/03/01,0,532000,-959000,-427000
2011/03/02,0,1095000,-267000,828000
2011/03/03,0,123000,-335000,-212000
2011/03/04,0,72000,-685000,-613000
2011/03/07,0,303000,-225000,78000
2011/03/08,0,133000,-53000,80000
2011/03/09,0,502000,-244000,258000
2011/03/10,0,105000,-231000,-126000
2011/03/11,0,115000,-757000,-642000
2011/03/14,0,37000,-1652000,-1615000
2011/03/15,0,1233000,-3548000,-2315000
2011/03/16,0,1797000,-1156000,641000
2011/03/17,0,349000,-473000,-124000
2011/03/18,0,165000,-204000,-39000
2011/03/21,0,289000,-196000,93000
2011/03/22,0,811000,-113000,698000
2011/03/23,0,79000,-265000,-186000
2011/03/24,0,251000,-185000,66000
2011/03/25,0,215000,-346000,-131000
2011/03/28,0,234000,-558000,-324000
2011/03/29,0,29000,-192000,-163000
2011/03/30,0,64000,-84000,-20000
2011/03/31,0,971000,-67000,904000
2011/04/01,0,484000,-42000,442000
2011/04/04,0,0,0,0
2011/04/05,0,0,0,0
2011/04/06,0,975000,-899000,76000
2011/04/07,0,539000,-121000,418000
2011/04/08,0,283000,-285000,-2000
2011/04/11,0,66000,-230000,-164000
2011/04/12,0,144000,-629000,-485000
2011/04/13,0,101000,-145000,-44000
2011/04/14,0,154000,-38000,116000
2011/04/15,0,9000,-300000,-291000
2011/04/18,0,87000,-100000,-13000
2011/04/19,0,178000,-81000,97000
2011/04/20,0,521000,-174000,347000
2011/04/21,0,2719000,-320000,2399000
2011/04/22,0,1035000,-593000,442000
2011/04/25,0,191000,-305000,-114000
2011/04/26,0,315000,-599000,-284000
2011/04/27,0,795000,-169000,626000
2011/04/28,0,222000,-362000,-140000
2011/04/29,0,37000,-401000,-364000
2011/05/02,0,0,0,0
2011/05/03,0,115000,-827000,-712000
2011/05/04,0,879000,-67000,812000
2011/05/05,0,3181000,-213000,2968000
2011/05/06,0,635000,-471000,164000
2011/05/09,0,857000,-172000,685000
2011/05/10,0,344000,-129000,215000
2011/05/11,0,299000,-374684,-75684
2011/05/12,0,3254000,-317000,2937000
2011/05/13,0,1024000,-1432000,-408000
2011/05/16,0,242000,-938000,-696000
2011/05/17,0,437000,-855000,-418000
2011/05/18,0,1295000,-294000,1001000
2011/05/19,0,664000,-1323544,-659544
2011/05/20,0,135000,-493000,-358000
2011/05/23,0,170000,-267000,-97000
2011/05/24,0,300000,-1275000,-975000
2011/05/25,0,506000,-207000,299000
2011/05/26,0,199000,-514000,-315000
2011/05/27,0,1141000,-397000,744000
2011/05/30,0,442000,-223000,219000
2011/05/31,0,526000,-164000,362000
2011/06/01,0,841000,-522000,319000
2011/06/02,0,254000,-341000,-87000
2011/06/03,0,242000,-230000,12000
2011/06/06,0,0,0,0
2011/06/07,0,291000,-99000,192000
2011/06/08,0,994000,-403000,591000
2011/06/09,0,261000,-843000,-582000
2011/06/10,0,376000,-1322000,-946000
2011/06/13,0,172000,-1052000,-880000
2011/06/14,0,351000,-244000,107000
2011/06/15,0,210000,-284000,-74000
2011/06/16,0,62000,-658000,-596000
2011/06/17,0,138000,-222000,-84000
2011/06/20,0,882000,-307000,575000
2011/06/21,0,535000,-74000,461000
2011/06/22,0,949000,-264000,685000
2011/06/23,0,266000,-399000,-133000
2011/06/24,0,333000,-565000,-232000
2011/06/27,0,520000,-536000,-16000
2011/06/28,0,89000,-730000,-641000
2011/06/29,0,205000,-186000,19000
2011/06/30,0,2022000,-254000,1768000
2011/07/01,0,757000,-1002000,-245000
2011/07/04,0,1798000,-580000,1218000
2011/07/05,0,683000,-2707322,-2024322
2011/07/06,0,211000,-905000,-694000
2011/07/07,0,344000,-254000,90000
2011/07/08,0,236000,-714000,-478000
2011/07/11,0,2009000,-240000,1769000
2011/07/12,0,543000,-2577000,-2034000
2011/07/13,0,422000,-494000,-72000
2011/07/14,0,466000,-771000,-305000
2011/07/15,0,482000,-170000,312000
2011/07/18,0,626000,-182000,444000
2011/07/19,0,446000,-396000,50000
2011/07/20,0,311000,-210000,101000
2011/07/21,0,897000,-275000,622000
2011/07/22,0,477000,-667000,-190000
2011/07/25,0,217000,-785000,-568000
2011/07/26,0,556000,-305000,251000
2011/07/27,0,1323000,-630000,693000
2011/07/28,0,537000,-746000,-209000
2011/07/29,0,457000,-3192000,-2735000
2011/08/01,0,313000,-103000,210000
2011/08/02,0,465000,-246000,219000
2011/08/03,0,742000,-357000,385000
2011/08/04,0,283000,-1170000,-887000
2011/08/05,0,489000,-3324000,-2835000
2011/08/08,0,595000,-1251000,-656000
2011/08/09,0,1254000,-573000,681000
2011/08/10,0,1752000,-503000,1249000
2011/08/11,0,696000,-681487,14513
2011/08/12,0,284000,-825000,-541000
2011/08/15,0,153000,-350000,-197000
2011/08/16,0,198000,-502000,-304000
2011/08/17,0,156000,-381000,-225000
2011/08/18,0,120000,-300000,-180000
2011/08/19,0,69000,-1817000,-1748000
2011/08/22,0,1077000,-730000,347000
2011/08/23,0,1554000,-250000,1304000
2011/08/24,0,242000,-250000,-8000
2011/08/25,0,331000,-1375000,-1044000
2011/08/26,0,902000,-1228000,-326000
2011/08/29,0,458000,-126000,332000
2011/08/30,0,1162000,-73000,1089000
2011/08/31,0,346000,-185000,161000
2011/09/01,0,328000,-226000,102000
2011/09/02,0,126000,-305000,-179000
2011/09/05,0,317000,-239000,78000
2011/09/06,0,151000,-780000,-629000
2011/09/07,0,404000,-660000,-256000
2011/09/08,0,299000,-428000,-129000
2011/09/09,0,211000,-229000,-18000
2011/09/12,0,0,0,0
2011/09/13,0,557000,-711000,-154000
2011/09/14,0,340000,-2434000,-2094000
2011/09/15,0,769000,-375000,394000
2011/09/16,0,1524000,-302000,1222000
2011/09/19,0,707000,-503000,204000
2011/09/20,0,256000,-202000,54000
2011/09/21,0,196000,-214000,-18000
2011/09/22,0,301000,-491000,-190000
2011/09/23,0,446000,-1109000,-663000
2011/09/26,0,723000,-494000,229000
2011/09/27,0,779000,-314000,465000
2011/09/28,0,198000,-533000,-335000
2011/09/29,0,295000,-549000,-254000
2011/09/30,0,724000,-293000,431000
2011/10/03,0,295000,-646000,-351000
2011/10/04,0,310000,-350000,-40000
2011/10/05,0,636000,-301761,334239
2011/10/06,0,183000,-278000,-95000
2011/10/07,0,1358000,-158000,1200000
2011/10/10,0,0,0,0
2011/10/11,0,641000,-452000,189000
2011/10/12,0,196000,-637000,-441000
2011/10/13,0,151000,-261000,-110000
2011/10/14,0,560000,-192000,368000
2011/10/17,0,87000,-241000,-154000
2011/10/18,0,92000,-275021,-183021
2011/10/19,0,221000,-231000,-10000
2011/10/20,0,195000,-555000,-360000
2011/10/21,0,747000,-120000,627000
2011/10/24,0,886000,-243000,643000
2011/10/25,0,138000,-168000,-30000
2011/10/26,0,2626000,-422000,2204000
2011/10/27,0,882000,-2388000,-1506000
2011/10/28,0,457000,-1160000,-703000
2011/10/31,0,266000,-1600756,-1334756
2011/11/01,0,1312000,-195000,1117000
2011/11/02,0,361000,-380000,-19000
2011/11/03,0,376000,-596000,-220000
2011/11/04,0,1741000,-519000,1222000
2011/11/07,0,617000,-175000,442000
2011/11/08,0,241000,-1247048,-1006048
2011/11/09,0,537000,-629936,-92936
2011/11/10,0,292000,-2236000,-1944000
2011/11/11,0,391000,-250000,141000
2011/11/14,0,632000,-199000,433000
2011/11/15,0,215000,-285000,-70000
2011/11/16,0,168000,-1020000,-852000
2011/11/17,0,73000,-365000,-292000
2011/11/18,0,339000,-203126,135874
2011/11/21,0,316000,-408000,-92000
2011/11/22,0,358000,-304000,54000
2011/11/23,0,452000,-547000,-95000
2011/11/24,0,553000,-171000,382000
2011/11/25,0,156000,-226000,-70000
2011/11/28,0,196000,-692000,-496000
2011/11/29,0,231000,-105000,126000
2011/11/30,0,471000,-562000,-91000
2011/12/01,0,660000,-522000,138000
2011/12/02,0,237000,-356000,-119000
2011/12/05,0,80000,-86000,-6000
2011/12/06,0,204000,-615000,-411000
2011/12/07,0,559000,-437000,122000
2011/12/08,0,186000,-223000,-37000
2011/12/09,0,294000,-325000,-31000
2011/12/12,0,27000,-339000,-312000
2011/12/13,0,340000,-684000,-344000
2011/12/14,0,599000,-153000,446000
2011/12/15,0,158000,-351000,-193000
2011/12/16,0,169000,-75000,94000
2011/12/19,0,212000,-283000,-71000
2011/12/20,0,281000,-127000,154000
2011/12/21,0,288000,-33000,255000
2011/12/22,0,353000,-98000,255000
2011/12/23,0,570000,-114000,456000
2011/12/26,0,95000,-36000,59000
2011/12/27,0,89000,-187000,-98000
2011/12/28,0,97000,-87000,10000
2011/12/29,0,1143000,-106000,1037000
2011/12/30,0,106000,-220000,-114000
2012/01/02,0,112000,-998000,-886000
2012/01/03,0,745000,-428000,317000
2012/01/04,0,437000,-602000,-165000
2012/01/05,0,120000,-96141,23859
2012/01/06,0,95000,-152000,-57000
2012/01/09,0,110000,-220000,-110000
2012/01/10,0,503000,-67000,436000
2012/01/11,0,247000,-205000,42000
2012/01/12,0,180000,-178000,2000
2012/01/13,0,424000,-342000,82000
2012/01/16,0,803000,-1198000,-395000
2012/01/17,0,484000,-558000,-74000
2012/01/18,0,220000,-604000,-384000
2012/01/19,0,0,0,0
2012/01/20,0,0,0,0
2012/01/23,0,0,0,0
2012/01/24,0,0,0,0
2012/01/25,0,0,0,0
2012/01/26,0,0,0,0
2012/01/27,0,0,0,0
2012/01/30,0,938000,-219000,719000
2012/01/31,0,919000,-283000,636000
2012/02/01,0,781000,-258000,523000
2012/02/02,0,471000,-265000,206000
2012/02/03,0,1855000,-369000,1486000
2012/02/06,0,263000,-149000,114000
2012/02/07,0,721000,-133000,588000
2012/02/08,0,1366000,-193000,1173000
2012/02/09,0,368000,-670000,-302000
2012/02/10,0,87000,-422000,-335000
2012/02/13,0,351000,-149000,202000
2012/02/14,0,161000,-1038000,-877000
2012/02/15,0,306000,-594000,-288000
2012/02/16,0,663000,-617000,46000
2012/02/17,0,521000,-397000,124000
2012/02/20,0,258000,-422000,-164000
2012/02/21,0,1502000,-810000,692000
2012/02/22,0,451000,-360000,91000
2012/02/23,0,347000,-345000,2000
2012/02/24,0,309000,-490000,-181000
2012/02/27,0,0,0,0
2012/02/28,0,0,0,0
2012/02/29,0,227010,-111000,116010
2012/03/01,0,578000,-129000,449000
2012/03/02,0,234000,-449000,-215000
2012/03/05,0,269000,-809000,-540000
2012/03/06,0,329000,-772005,-443005
2012/03/07,0,185000,-344000,-159000
2012/03/08,0,67000,-366000,-299000
2012/03/09,0,105000,-170000,-65000
2012/03/12,0,67000,-1159960,-1092960
2012/03/13,0,129000,-232000,-103000
2012/03/14,0,488000,-396000,92000
2012/03/15,0,238000,-70000,168000
2012/03/16,0,111000,-215000,-104000
2012/03/19,0,72000,-246000,-174000
2012/03/20,0,126000,-588000,-462000
2012/03/21,0,90000,-390000,-300000
2012/03/22,0,78000,-113000,-35000
2012/03/23,0,495000,-172000,323000
2012/03/26,0,32000,-221000,-189000
2012/03/27,0,49200,-480000,-430800
2012/03/28,0,37000,-573000,-536000
2012/03/29,0,422000,-624089,-202089
2012/03/30,0,113000,-165000,-52000
2012/04/02,0,300000,-539000,-239000
2012/04/03,0,336000,-782000,-446000
2012/04/04,0,0,0,0
2012/04/05,0,694000,-95000,599000
2012/04/06,0,217000,-424000,-207000
2012/04/09,0,47000,-174000,-127000
2012/04/10,0,102000,-133000,-31000
2012/04/11,0,116000,-38000,78000
2012/04/12,0,28000,-129000,-101000
2012/04/13,0,122000,-93000,29000
2012/04/16,0,32000,-83000,-51000
2012/04/17,0,57000,-213211,-156211
2012/04/18,0,514000,-215000,299000
2012/04/19,0,164000,-189200,-25200
2012/04/20,0,102000,-178000,-76000
2012/04/23,0,462000,-229000,233000
2012/04/24,0,201000,-524000,-323000
2012/04/25,0,71000,-30000,41000
2012/04/26,0,14302,-68000,-53698
2012/04/27,0,92000,-97000,-5000
2012/04/30,0,313000,-20000,293000
2012/05/01,0,0,0,0
2012/05/02,0,348000,-61000,287000
2012/05/03,0,193000,-170000,23000
2012/05/04,0,281000,-417000,-136000
2012/05/07,0,235000,-54800,180200
2012/05/08,0,150000,-217000,-67000
2012/05/09,0,250000,-181984,68016
2012/05/10,0,184000,-32000,152000
2012/05/11,0,182000,-182000,0
2012/05/14,0,67000,-298000,-231000
2012/05/15,0,186000,-34170,151830
2012/05/16,0,192000,-214000,-22000
2012/05/17,0,35000,-423000,-388000
2012/05/18,0,74000,-35000,39000
2012/05/21,0,110000,-62000,48000
2012/05/22,0,428000,-9000,419000
2012/05/23,0,101000,-10000,91000
2012/05/24,0,165000,-54000,111000
2012/05/25,0,19000,-16000,3000
2012/05/28,0,40000,-703000,-663000
2012/05/29,0,183000,-12000,171000
2012/05/30,0,817000,-188000,629000
2012/05/31,0,123000,-60000,63000
2012/06/01,0,131000,-278000,-147000
2012/06/04,0,716000,-342000,374000
2012/06/05,0,315000,-54000,261000
2012/06/06,0,273000,-30000,243000
2012/06/07,0,66000,-107000,-41000
2012/06/08,0,40000,-127000,-87000
2012/06/11,0,347000,-63000,284000
2012/06/12,0,320000,-201000,119000
2012/06/13,0,706000,-93000,613000
2012/06/14,0,315000,-87000,228000
2012/06/15,0,244000,-219000,25000
2012/06/18,0,608000,-74000,534000
2012/06/19,0,155000,-248000,-93000
2012/06/20,0,66000,-285000,-219000
2012/06/21,0,133000,-183000,-50000
2012/06/22,0,25000,-104000,-79000
2012/06/25,0,86000,-315000,-229000
2012/06/26,0,148000,-352000,-204000
2012/06/27,0,293000,-101000,192000
2012/06/28,0,244000,-121000,123000
2012/06/29,0,217000,-91000,126000
2012/07/02,0,33000,-501000,-468000
2012/07/03,0,310000,-35000,275000
2012/07/04,0,377000,-39000,338000
2012/07/05,0,249000,-126000,123000
2012/07/06,0,337000,-205000,132000
2012/07/09,0,82000,-197000,-115000
2012/07/10,0,147000,-311000,-164000
2012/07/11,0,742000,-57000,685000
2012/07/12,0,263000,-683000,-420000
2012/07/13,0,83000,-562000,-479000
2012/07/16,0,39000,-138738,-99738
2012/07/17,0,134000,-83000,51000
2012/07/18,0,29000,-148000,-119000
2012/07/19,0,25000,-143000,-118000
2012/07/20,0,14000,-47000,-33000
2012/07/23,0,47000,-140000,-93000
2012/07/24,0,163000,-43000,120000
2012/07/25,0,19000,-37000,-18000
2012/07/26,0,87000,-39000,48000
2012/07/27,0,110000,-48000,62000
2012/07/30,0,114000,-88000,26000
2012/07/31,0,307000,-94000,213000
2012/08/01,0,661000,-135000,526000
2012/08/02,0,0,0,0
2012/08/03,0,165000,-82000,83000
2012/08/06,0,88000,-803000,-715000
2012/08/07,0,114000,-134000,-20000
2012/08/08,0,1177000,-423000,754000
2012/08/09,0,118000,-38000,80000
2012/08/10,0,155000,-305000,-150000
2012/08/13,0,91000,-317000,-226000
2012/08/14,0,62000,-351000,-289000
2012/08/15,0,115000,-122000,-7000
2012/08/16,0,227000,-96130,130870
2012/08/17,0,97000,-300000,-203000
2012/08/20,0,223000,-244000,-21000
2012/08/21,0,40000,-175000,-135000
2012/08/22,0,87000,-86000,1000
2012/08/23,0,69000,-35000,34000
2012/08/24,0,180000,-125000,55000
2012/08/27,0,61000,-244000,-183000
2012/08/28,0,134000,-295000,-161000
2012/08/29,0,243000,-160000,83000
2012/08/30,0,99000,-72000,27000
2012/08/31,0,68000,-42000,26000
2012/09/03,0,249000,-46000,203000
2012/09/04,0,55000,-449000,-394000
2012/09/05,0,54000,-277000,-223000
2012/09/06,0,76000,-193000,-117000
2012/09/07,0,113000,-342000,-229000
2012/09/10,0,550000,-83000,467000
2012/09/11,0,183000,-96000,87000
2012/09/12,0,158000,-437000,-279000
2012/09/13,0,20000,-108000,-88000
2012/09/14,0,986000,-94000,892000
2012/09/17,0,596000,-860000,-264000
2012/09/18,0,550000,-221000,329000
2012/09/19,0,812000,-511000,301000
2012/09/20,0,174000,-584000,-410000
2012/09/21,0,19000,-230000,-211000
2012/09/24,0,371000,-107000,264000
2012/09/25,0,129000,-346000,-217000
2012/09/26,0,49000,-118000,-69000
2012/09/27,0,813000,-287000,526000
2012/09/28,0,206000,-197000,9000
2012/10/01,0,343000,-136000,207000
2012/10/02,0,320000,-163000,157000
2012/10/03,0,167000,-93000,74000
2012/10/04,0,242000,-76000,166000
2012/10/05,0,358000,-417000,-59000
2012/10/08,0,67000,-228000,-161000
2012/10/09,0,118000,-133000,-15000
2012/10/10,0,0,0,0
2012/10/11,0,393000,-305000,88000
2012/10/12,0,330000,-280000,50000
2012/10/15,0,245000,-695000,-450000
2012/10/16,0,53000,-319000,-266000
2012/10/17,0,511000,-393000,118000
2012/10/18,0,179000,-254000,-75000
2012/10/19,0,127000,-219000,-92000
2012/10/22,0,67000,-495000,-428000
2012/10/23,0,197000,-351000,-154000
2012/10/24,0,207000,-69000,138000
2012/10/25,0,59000,-166000,-107000
2012/10/26,0,114000,-562000,-448000
2012/10/29,0,80000,-979000,-899000
2012/10/30,0,300000,-95000,205000
2012/10/31,0,92000,-277000,-185000
2012/11/01,0,286000,-309000,-23000
2012/11/02,0,30000,-175000,-145000
2012/11/05,0,183000,-57000,126000
2012/11/06,0,135000,-177000,-42000
2012/11/07,0,161000,-43000,118000
2012/11/08,0,100000,-59000,41000
2012/11/09,0,352000,-87000,265000
2012/11/12,0,20000,-42000,-22000
2012/11/13,0,28000,-363000,-335000
2012/11/14,0,79000,-13000,66000
2012/11/15,0,81000,-34000,47000
2012/11/16,0,113000,-23000,90000
2012/11/19,0,121000,-64000,57000
2012/11/20,0,8000,-17000,-9000
2012/11/21,0,44000,-147000,-103000
2012/11/22,0,51000,-94000,-43000
2012/11/23,0,487000,-75000,412000
2012/11/26,0,126000,-225000,-99000
2012/11/27,0,119000,-98000,21000
2012/11/28,0,83000,-131000,-48000
2012/11/29,0,149000,-61000,88000
2012/11/30,0,236000,-117000,119000
2012/12/03,0,84000,-42000,42000
2012/12/04,0,402000,-71000,331000
2012/12/05,0,176000,-48000,128000
2012/12/06,0,713000,-216000,497000
2012/12/07,0,91000,-290000,-199000
2012/12/10,0,244000,-355000,-111000
2012/12/11,0,83000,-144000,-61000
2012/12/12,0,171000,-36000,135000
2012/12/13,0,600000,-122000,478000
2012/12/14,0,347000,-89000,258000
2012/12/17,0,258000,-80000,178000
2012/12/18,0,101000,-93000,8000
2012/12/19,0,363000,-295000,68000
2012/12/20,0,54000,-214295,-160295
2012/12/21,0,130000,-195000,-65000
2012/12/24,0,116000,-51000,65000
2012/12/25,0,154000,-81000,73000
2012/12/26,0,188000,-159000,29000
2012/12/27,0,112000,-69000,43000
2012/12/28,0,195000,-84000,111000
2012/12/31,0,0,0,0
2013/01/01,0,0,0,0
2013/01/02,0,225377,-128000,97377
2013/01/03,0,850000,-271000,579000
2013/01/04,0,404000,-533000,-129000
2013/01/07,0,112000,-175000,-63000
2013/01/08,0,237000,-184000,53000
2013/01/09,0,215000,-337000,-122000
2013/01/10,0,205000,-320000,-115000
2013/01/11,0,107000,-217000,-110000
2013/01/14,0,56000,-207000,-151000
2013/01/15,0,369000,-265000,104000
2013/01/16,0,233000,-74000,159000
2013/01/17,0,276000,-418000,-142000
2013/01/18,0,194000,-281000,-87000
2013/01/21,0,58000,-43000,15000
2013/01/22,0,147000,-112000,35000
2013/01/23,0,43000,-161000,-118000
2013/01/24,0,53000,-274000,-221000
2013/01/25,0,227000,-199000,28000
2013/01/28,0,99000,-254000,-155000
2013/01/29,0,919000,-101000,818000
2013/01/30,0,435000,-466000,-31000
2013/01/31,0,69000,-86000,-17000
2013/02/01,0,670000,-108000,562000
2013/02/04,0,602000,-85000,517000
2013/02/05,0,241000,-312000,-71000
2013/02/06,0,686000,-384000,302000
2013/02/07,0,0,0,0
2013/02/08,0,0,0,0
2013/02/11,0,0,0,0
2013/02/12,0,0,0,0
2013/02/13,0,0,0,0
2013/02/14,0,0,0,0
2013/02/15,0,0,0,0
2013/02/18,0,185000,-616000,-431000
2013/02/19,0,267319,-225000,42319
2013/02/20,0,578000,-247000,331000
2013/02/21,0,196000,-96000,100000
2013/02/22,0,77000,-184000,-107000
2013/02/25,0,58000,-201000,-143000
2013/02/26,0,20000,-288000,-268000
2013/02/27,0,48000,-533000,-485000
2013/02/28,0,0,0,0
2013/03/01,0,200000,-263000,-63000
2013/03/04,0,110000,-298000,-188000
2013/03/05,0,152000,-227000,-75000
2013/03/06,0,528000,-156000,372000
2013/03/07,0,287000,-117000,170000
2013/03/08,0,1718000,-228000,1490000
2013/03/11,0,330000,-760000,-430000
2013/03/12,0,305000,-637000,-332000
2013/03/13,0,321000,-606001,-285001
2013/03/14,0,634000,-657000,-23000
2013/03/15,0,365000,-480429,-115429
2013/03/18,0,87000,-1193000,-1106000
2013/03/19,0,44000,-114000,-70000
2013/03/20,0,146000,-183000,-37000
2013/03/21,0,431000,-64000,367000
2013/03/22,0,76000,-101000,-25000
2013/03/25,0,31950,-161000,-129050
2013/03/26,0,80000,-55000,25000
2013/03/27,0,8000,-280000,-272000
2013/03/28,0,437000,-146000,291000
2013/03/29,0,6000,-74000,-68000
2013/04/01,0,101000,-512000,-411000
2013/04/02,0,63000,-322000,-259000
2013/04/03,0,82000,-210000,-128000
2013/04/04,0,0,0,0
2013/04/05,0,0,0,0
2013/04/08,0,53000,-744000,-691000
2013/04/09,0,86000,-264000,-178000
2013/04/10,0,80000,-176000,-96000
2013/04/11,0,17000,-42000,-25000
2013/04/12,0,44000,-346000,-302000
2013/04/15,0,326000,-337000,-11000
2013/04/16,0,229000,-186000,43000
2013/04/17,0,175000,-143000,32000
2013/04/18,0,28000,-155000,-127000
2013/04/19,0,85000,-61000,24000
2013/04/22,0,116000,-107000,9000
2013/04/23,0,68000,-191000,-123000
2013/04/24,0,43000,-42000,1000
2013/04/25,0,26000,-365000,-339000
2013/04/26,0,10000,-53000,-43000
2013/04/29,0,4000,-35000,-31000
2013/04/30,0,144000,-29000,115000
2013/05/01,0,0,0,0
2013/05/02,0,108000,-36000,72000
2013/05/03,0,85000,-67000,18000
2013/05/06,0,132000,-5000,127000
2013/05/07,0,27000,-126000,-99000
2013/05/08,0,100000,-20000,80000
2013/05/09,0,279000,-98000,181000
2013/05/10,0,61000,-307000,-246000
2013/05/13,0,409000,-104706,304294
2013/05/14,0,51000,-341000,-290000
2013/05/15,0,49000,-119000,-70000
2013/05/16,0,64000,-17000,47000
2013/05/17,0,21000,-219000,-198000
2013/05/20,0,2000,-115000,-113000
2013/05/21,0,33000,-66000,-33000
2013/05/22,0,0,-35000,-35000
2013/05/23,0,18000,-162000,-144000
2013/05/24,0,1000,-147000,-146000
2013/05/27,0,5000,-18000,-13000
2013/05/28,0,0,-17000,-17000
2013/05/29,0,41000,-10000,31000
2013/05/30,0,0,-58000,-58000
2013/05/31,0,0,-52000,-52000
2013/06/03,0,8000,-45000,-37000
2013/06/04,0,3000,-10000,-7000
2013/06/05,0,2000,-22000,-20000
2013/06/06,0,0,-26000,-26000
2013/06/07,0,5000,-16000,-11000
2013/06/10,0,0,-14000,-14000
2013/06/11,0,10000,-28000,-18000
2013/06/12,0,0,0,0
2013/06/13,0,75000,-229000,-154000
2013/06/14,0,19000,-42000,-23000
2013/06/17,0,0,0,0
2013/06/18,0,0,-363,-363
2013/06/19,0,4000,-2000,2000
2013/06/20,0,3000,-13000,-10000
2013/06/21,0,20000,-27000,-7000
2013/06/24,0,0,-83000,-83000
2013/06/25,0,75000,-175000,-100000
2013/06/26,0,0,0,0
2013/06/27,0,37000,-10443,26557
2013/06/28,0,5000,-20228,-15228
2013/07/01,0,25000,-53000,-28000
2013/07/02,0,0,-50094,-50094
2013/07/03,0,14000,-47000,-33000
2013/07/04,0,25000,-53000,-28000
2013/07/05,0,42000,0,42000
2013/07/08,0,2000,-12000,-10000
2013/07/09,0,8000,-6000,2000
2013/07/10,0,22000,0,22000
2013/07/11,0,34000,0,34000
2013/07/12,0,0,0,0
2013/07/15,0,2000,0,2000
2013/07/16,0,22000,0,22000
2013/07/17,0,35000,-2000,33000
2013/07/18,0,2000,-5000,-3000
2013/07/19,0,67000,-4000,63000
2013/07/22,0,40000,-12000,28000
2013/07/23,0,7000,-2000,5000
2013/07/24,0,0,-17000,-17000
2013/07/25,0,1000,-16000,-15000
2013/07/26,0,5000,-20000,-15000
2013/07/29,0,5000,-26000,-21000
2013/07/30,0,28000,-14000,14000
2013/07/31,0,64000,0,64000
2013/08/01,0,11000,-60000,-49000
2013/08/02,0,20000,0,20000
2013/08/05,0,57000,-2000,55000
2013/08/06,0,0,-10000,-10000
2013/08/07,0,0,-25000,-25000
2013/08/08,0,0,-5000,-5000
2013/08/09,0,22000,-114000,-92000
2013/08/12,0,24000,-22000,2000
2013/08/13,0,0,0,0
2013/08/14,0,21000,-46000,-25000
2013/08/15,0,0,-26000,-26000
2013/08/16,0,22000,-13000,9000
2013/08/19,0,0,-9000,-9000
2013/08/20,0,6000,-5000,1000
2013/08/21,0,0,0,0
2013/08/22,0,11000,-64000,-53000
2013/08/23,0,5000,0,5000
2013/08/26,0,18000,-1000,17000
2013/08/27,0,36000,-28000,8000
2013/08/28,0,2000,-15000,-13000
2013/08/29,0,15000,-59000,-44000
2013/08/30,0,0,-1000,-1000
2013/09/02,0,0,0,0
2013/09/03,0,0,0,0
2013/09/04,0,0,0,0
2013/09/05,0,0,0,0
2013/09/06,0,41000,0,41000
2013/09/09,0,0,0,0
2013/09/10,0,0,0,0
2013/09/11,0,0,0,0
2013/09/12,0,210000,0,210000
2013/09/13,0,0,0,0
2013/09/16,0,0,-38000,-38000
2013/09/17,0,0,-15000,-15000
2013/09/18,0,20000,-17000,3000
2013/09/19,0,0,0,0
2013/09/20,0,0,0,0
2013/09/23,0,13000,0,13000
2013/09/24,0,70000,-28000,42000
2013/09/25,0,20000,-35000,-15000
2013/09/26,0,16000,-307000,-291000
2013/09/27,0,98000,-31000,67000
2013/09/30,0,8000,-1000,7000
2013/10/01,0,161000,-20000,141000
2013/10/02,0,61000,0,61000
2013/10/03,0,116000,0,116000
2013/10/04,0,69000,0,69000
2013/10/07,0,830000,-116000,714000
2013/10/08,0,71000,-15000,56000
2013/10/09,0,120000,0,120000
2013/10/10,0,0,0,0
2013/10/11,0,22000,-1000,21000
2013/10/14,0,101000,-80000,21000
2013/10/15,0,205000,-80000,125000
2013/10/16,0,238000,0,238000
2013/10/17,0,107000,-78000,29000
2013/10/18,0,40000,-30000,10000
2013/10/21,0,572000,-119000,453000
2013/10/22,0,200000,-171000,29000
2013/10/23,0,69000,-390000,-321000
2013/10/24,0,28000,0,28000
2013/10/25,0,10000,-125000,-115000
2013/10/28,0,80000,0,80000
2013/10/29,0,58000,-59000,-1000
2013/10/30,0,288000,-64000,224000
2013/10/31,0,75000,-86000,-11000
2013/11/01,0,19000,-66000,-47000
2013/11/04,0,35000,-145000,-110000
2013/11/05,0,61000,-111000,-50000
2013/11/06,0,15000,0,15000
2013/11/07,0,30000,-2000,28000
2013/11/08,0,128000,-810000,-682000
2013/11/11,0,1000,-52000,-51000
2013/11/12,0,23000,-60000,-37000
2013/11/13,0,5000,-60000,-55000
2013/11/14,0,10000,-12000,-2000
2013/11/15,0,9000,-66000,-57000
2013/11/18,0,56000,-36000,20000
2013/11/19,0,139000,-25000,114000
2013/11/20,0,42000,-64000,-22000
2013/11/21,0,55000,-111000,-56000
2013/11/22,0,20000,-100000,-80000
2013/11/25,0,39000,-376000,-337000
2013/11/26,0,6000,-292000,-286000
2013/11/27,0,0,0,0
2013/11/28,0,140000,0,140000
2013/11/29,0,32000,0,32000
2013/12/02,0,53000,-34188,18812
2013/12/03,0,7000,-121000,-114000
2013/12/04,0,0,0,0
2013/12/05,0,0,-54000,-54000
2013/12/06,0,0,-4000,-4000
2013/12/09,0,57000,-41000,16000
2013/12/10,0,0,0,0
2013/12/11,0,2000,-90310,-88310
2013/12/12,0,0,-39000,-39000
2013/12/13,0,0,0,0
2013/12/16,0,0,-99000,-99000
2013/12/17,0,0,0,0
2013/12/18,0,0,-6000,-6000
2013/12/19,0,80000,0,80000
2013/12/20,0,85000,-80000,5000
2013/12/23,0,858000,-20000,838000
2013/12/24,0,154000,0,154000
2013/12/25,0,137000,-8000,129000
2013/12/26,0,50000,-445000,-395000
2013/12/27,0,132000,-160000,-28000
2013/12/30,0,701000,-60000,641000
2013/12/31,0,372000,-89000,283000
2014/01/02,0,470000,-384000,86000
2014/01/03,0,192000,-200000,-8000
2014/01/06,0,141000,-505000,-364000
2014/01/07,0,5000,-103078,-98078
2014/01/08,0,225000,-59000,166000
2014/01/09,0,180000,-464000,-284000
2014/01/10,0,0,0,0
2014/01/13,0,300000,-331000,-31000
2014/01/14,0,280000,-54000,226000
2014/01/15,0,40000,-164000,-124000
2014/01/16,0,140000,-43000,97000
2014/01/17,0,10000,-13000,-3000
2014/01/20,0,10000,-130097,-120097
2014/01/21,0,7000,0,7000
2014/01/22,0,0,0,0
2014/01/23,0,30000,-11000,19000
2014/01/24,0,0,-7000,-7000
2014/01/27,0,110000,-13000,97000
2014/02/05,0,1000,-9000,-8000
2014/02/06,0,20000,-57000,-37000
2014/02/07,0,394000,-15000,379000
2014/02/10,0,200000,-60000,140000
2014/02/11,0,0,-2000,-2000
2014/02/12,0,585000,-46000,539000
2014/02/13,0,105000,-113000,-8000
2014/02/14,0,267000,0,267000
2014/02/17,0,161000,-275000,-114000
2014/02/18,0,72000,-11000,61000
2014/02/19,0,13000,-3000,10000
2014/02/20,0,0,-9000,-9000
2014/02/21,0,137000,0,137000
2014/02/24,0,0,-2000,-2000
2014/02/25,0,86000,-6000,80000
2014/02/26,0,180000,-30000,150000
2014/02/27,0,5000,0,5000
2014/03/03,0,5000,-114000,-109000
2014/03/04,0,19000,-60000,-41000
2014/03/05,0,30000,-250000,-220000
2014/03/06,0,0,-7000,-7000
2014/03/07,0,0,-118000,-118000
2014/03/10,0,0,-20000,-20000
2014/03/11,0,6000,0,6000
2014/03/12,0,0,0,0
2014/03/13,0,0,-73000,-73000
2014/03/14,0,8000,-37000,-29000
2014/03/17,0,12000,-35000,-23000
2014/03/18,0,1000,0,1000
2014/03/19,0,55000,-104534,-49534
2014/03/20,0,2000,-67000,-65000
2014/03/21,0,0,-2000,-2000
2014/03/24,0,4000,-249000,-245000
2014/03/25,0,0,-28000,-28000
2014/03/26,0,13000,-14000,-1000
2014/03/27,0,0,-4000,-4000
2014/03/28,0,2000,-2000,0
2014/03/31,0,0,-2000,-2000
2014/04/01,0,78000,-487000,-409000
2014/04/02,0,54000,0,54000
2014/04/03,0,0,0,0
2014/04/07,0,0,-1000,-1000
2014/04/08,0,56000,0,56000
2014/04/09,0,45000,-4000,41000
2014/04/10,0,0,-8000,-8000
2014/04/11,0,0,-4000,-4000
2014/04/14,0,0,0,0
2014/04/15,0,0,-2000,-2000
2014/04/16,0,0,-110000,-110000
2014/04/17,0,70000,-30000,40000
2014/04/18,0,84000,-14000,70000
2014/04/21,0,0,-1000,-1000
2014/04/22,0,0,0,0
2014/04/23,0,10000,-10000,0
2014/04/24,0,0,-3000,-3000
2014/04/25,0,0,-24654,-24654
2014/04/28,0,11000,0,11000
2014/04/29,0,1000,-22000,-21000
2014/04/30,0,10000,-14000,-4000
2014/05/02,0,51000,-8000,43000
2014/05/05,0,2000,-9000,-7000
2014/05/06,0,0,-43686,-43686
2014/05/07,0,14000,-76000,-62000
2014/05/08,0,42000,-6000,36000
2014/05/09,0,0,-37000,-37000
2014/05/12,0,0,-2000,-2000
2014/05/13,0,11000,0,11000
2014/05/14,0,42000,0,42000
2014/05/15,0,6000,0,6000
2014/05/16,0,0,-6000,-6000
2014/05/19,0,0,-8000,-8000
2014/05/20,0,0,-6000,-6000
2014/05/21,0,0,0,0
2014/05/22,0,7000,-1000,6000
2014/05/23,0,26000,0,26000
2014/05/26,0,86000,-113000,-27000
2014/05/27,0,161000,-24000,137000
2014/05/28,0,55000,-5000,50000
2014/05/29,0,517,-15000,-14483
2014/05/30,0,100000,-20000,80000
2014/06/03,0,25000,-7000,18000
2014/06/04,0,0,-84000,-84000
2014/06/05,0,0,-129000,-129000
2014/06/06,0,0,-53000,-53000
2014/06/09,0,44000,0,44000
2014/06/10,0,41000,0,41000
2014/06/11,0,20000,-8000,12000
2014/06/12,0,0,0,0
2014/06/13,0,8000,-2000,6000
2014/06/16,0,0,-24000,-24000
2014/06/17,0,0,-2000,-2000
2014/06/18,0,99000,-103000,-4000
2014/06/19,0,0,0,0
2014/06/20,0,0,-690000,-690000
2014/06/23,0,15000,-336618,-321618
2014/06/24,0,56000,-264000,-208000
2014/06/25,0,0,-34893,-34893
2014/06/26,0,10000,0,10000
2014/06/27,0,0,-103,-103
2014/06/30,0,24000,-305000,-281000
2014/07/01,0,21000,-3000,18000
2014/07/02,0,55000,-57000,-2000
2014/07/03,0,0,-2000,-2000
2014/07/04,0,0,-4000,-4000
2014/07/07,0,12000,-5000,7000
2014/07/08,0,0,0,0
2014/07/09,0,0,-43000,-43000
2014/07/10,0,16000,0,16000
2014/07/11,0,10000,-43000,-33000
2014/07/14,0,2000,-91000,-89000
2014/07/15,0,0,-14000,-14000
2014/07/16,0,0,-75000,-75000
2014/07/17,0,61000,-32000,29000
2014/07/18,0,27000,0,27000
2014/07/21,0,50000,0,50000
2014/07/22,0,9000,-34000,-25000
2014/07/23,0,0,0,0
2014/07/24,0,0,0,0
2014/07/25,0,3000,-5000,-2000
2014/07/28,0,41000,-10000,31000
2014/07/29,0,283000,0,283000
2014/07/30,0,1000,-103000,-102000
2014/07/31,0,220000,-22000,198000
2014/08/01,0,56000,-1000,55000
2014/08/04,0,0,-5000,-5000
2014/08/05,0,20000,-125000,-105000
2014/08/06,0,0,-270000,-270000
2014/08/07,0,0,-52000,-52000
2014/08/08,0,0,-36000,-36000
2014/08/11,0,0,0,0
2014/08/12,0,30000,-57000,-27000
2014/08/13,0,20000,0,20000
2014/08/14,0,0,-65000,-65000
2014/08/15,0,0,-7000,-7000
2014/08/18,0,0,-7000,-7000
2014/08/19,0,0,-4000,-4000
2014/08/20,0,0,-53000,-53000
2014/08/21,0,72000,0,72000
2014/08/22,0,36000,0,36000
2014/08/25,0,100000,0,100000
2014/08/26,0,59000,0,59000
2014/08/27,0,2000,0,2000
2014/08/28,0,66000,0,66000
2014/08/29,0,0,0,0
2014/09/01,0,20000,0,20000
2014/09/02,0,0,0,0
2014/09/03,0,0,0,0
2014/09/04,0,0,0,0
2014/09/05,0,5000,0,5000
2014/09/09,0,1000,0,1000
2014/09/10,0,15000,0,15000
2014/09/11,0,0,0,0
2014/09/12,0,0,-2000,-2000
2014/09/15,0,0,0,0
2014/09/16,0,0,0,0
2014/09/17,0,0,-72000,-72000
2014/09/18,0,1000,0,1000
2014/09/19,0,20000,-220837,-200837
2014/09/22,0,10000,-3000,7000
2014/09/23,0,0,0,0
2014/09/24,0,0,0,0
2014/09/25,0,0,-9000,-9000
2014/09/26,0,0,-1000,-1000
2014/09/29,0,0,0,0
2014/09/30,0,8000,0,8000
2014/10/01,0,0,-9000,-9000
2014/10/02,0,20000,-116000,-96000
2014/10/03,0,0,-20000,-20000
2014/10/06,0,0,-4000,-4000
2014/10/07,0,0,-5000,-5000
2014/10/08,0,0,0,0
2014/10/09,0,0,-3000,-3000
2014/10/13,0,22000,0,22000
2014/10/14,0,0,0,0
2014/10/15,0,0,-29000,-29000
2014/10/16,0,4000,-26000,-22000
2014/10/17,0,13000,-10000,3000
2014/10/20,0,0,-7000,-7000
2014/10/21,0,0,0,0
2014/10/22,0,84000,0,84000
2014/10/23,0,28000,-542,27458
2014/10/24,0,32000,0,32000
2014/10/27,0,0,0,0
2014/10/28,0,5000,0,5000
2014/10/29,0,0,0,0
2014/10/30,0,0,-1000,-1000
2014/10/31,0,0,-33000,-33000
2014/11/03,0,1000,-130000,-129000
2014/11/04,0,1000,0,1000
2014/11/05,0,0,-15000,-15000
2014/11/06,0,0,0,0
2014/11/07,0,0,-15000,-15000
2014/11/10,0,15000,-277000,-262000
2014/11/11,0,27000,-51000,-24000
2014/11/12,0,75000,-3000,72000
2014/11/13,0,0,-5000,-5000
2014/11/14,0,5000,-9000,-4000
2014/11/17,0,0,-155000,-155000
2014/11/18,0,11000,0,11000
2014/11/19,0,10000,0,10000
2014/11/20,0,77000,0,77000
2014/11/21,0,20000,-48000,-28000
2014/11/24,0,0,-117000,-117000
2014/11/25,0,30000,-7000,23000
2014/11/26,0,10000,-52000,-42000
2014/11/27,0,1000,-20000,-19000
2014/11/28,0,0,-2000,-2000
2014/12/01,0,9000,0,9000
2014/12/02,0,31000,-43026,-12026
2014/12/03,0,15000,-80000,-65000
2014/12/04,0,197000,-35000,162000
2014/12/05,0,8000,-6000,2000
2014/12/08,0,64000,0,64000
2014/12/09,0,18000,-10000,8000
2014/12/10,0,20000,-12000,8000
2014/12/11,0,2000,0,2000
2014/12/12,0,34000,-5000,29000
2014/12/15,0,14000,-5000,9000
2014/12/16,0,107000,-27000,80000
2014/12/17,0,11000,-3000,8000
2014/12/18,0,0,-8000,-8000
2014/12/19,0,6000,-25000,-19000
2014/12/22,0,30000,-3000,27000
2014/12/23,0,4000,0,4000
2014/12/24,0,0,0,0
2014/12/25,0,30000,-25000,5000
2014/12/26,0,5000,0,5000
2014/12/29,0,5000,-23000,-18000
2014/12/30,0,13000,-31000,-18000
2014/12/31,0,20000,-23000,-3000
2015/01/01,0,0,0,0
2015/01/02,0,0,0,0
2015/01/05,0,5000,-7000,-2000
2015/01/06,0,100000,-2000,98000
2015/01/07,0,0,-15000,-15000
2015/01/08,0,22000,-5000,17000
2015/01/09,0,5000,-88000,-83000
2015/01/12,0,0,-20000,-20000
2015/01/13,0,13000,0,13000
2015/01/14,0,5000,0,5000
2015/01/15,0,0,-9000,-9000
2015/01/16,0,0,-18000,-18000
2015/01/19,0,10000,-32000,-22000
2015/01/20,0,2000,0,2000
2015/01/21,0,0,-30000,-30000
2015/01/22,0,0,-35000,-35000
2015/01/23,0,0,-10000,-10000
2015/01/26,0,0,0,0
2015/01/27,0,0,-84000,-84000
2015/01/28,0,0,0,0
2015/01/29,0,5000,0,5000
2015/01/30,0,0,0,0
2015/02/02,0,1000,0,1000
2015/02/03,0,1000,0,1000
2015/02/04,0,0,-40,-40
2015/02/05,0,0,-12000,-12000
2015/02/06,0,0,-59000,-59000
2015/02/09,0,0,-90000,-90000
2015/02/10,0,36000,-95000,-59000
2015/02/11,0,0,0,0
2015/02/12,0,0,0,0
2015/02/13,0,37000,-14000,23000
2015/02/16,0,0,0,0
2015/02/17,0,0,0,0
2015/02/18,0,0,0,0
2015/02/19,0,0,0,0
2015/02/20,0,0,0,0
2015/02/23,0,0,0,0
2015/02/24,0,35000,-1000,34000
2015/02/25,0,31000,-19000,12000
2015/02/26,0,0,0,0
2015/02/27,0,0,0,0
2015/03/02,0,4000,0,4000
2015/03/03,0,0,0,0
2015/03/04,0,0,-841,-841
2015/03/05,0,0,-9059,-9059
2015/03/06,0,0,0,0
2015/03/09,0,0,-966,-966
2015/03/10,0,0,-5000,-5000
2015/03/11,0,0,-5000,-5000
2015/03/12,0,0,-1000,-1000
2015/03/13,0,0,0,0
2015/03/16,0,23000,0,23000
2015/03/17,0,32000,0,32000
2015/03/18,0,3000,0,3000
2015/03/19,0,7000,0,7000
2015/03/20,0,14000,0,14000
2015/03/23,0,115000,0,115000
2015/03/24,0,0,-1000,-1000
2015/03/25,0,9000,-60,8940
2015/03/26,0,8000,-1010,6990
2015/03/27,0,3000,-1000,2000
2015/03/30,0,4000,0,4000
2015/03/31,0,0,0,0
2015/04/01,0,0,-10000,-10000
2015/04/02,0,0,-1000,-1000
2015/04/03,0,0,0,0
2015/04/06,0,0,0,0
2015/04/07,0,38000,0,38000
2015/04/08,0,0,-7000,-7000
2015/04/09,0,0,0,0
2015/04/10,0,141000,0,141000
2015/04/13,0,64000,0,64000
2015/04/14,0,80000,0,80000
2015/04/15,0,48000,-37000,11000
2015/04/16,0,1000,-108000,-107000
2015/04/17,0,0,0,0
2015/04/20,0,7000,-291000,-284000
2015/04/21,0,1000,0,1000
2015/04/22,0,6000,0,6000
2015/04/23,0,88000,-4000,84000
2015/04/24,0,168000,-24000,144000
2015/04/27,0,174000,0,174000
2015/04/28,0,14000,-25000,-11000
2015/04/29,0,81000,0,81000
2015/04/30,0,71000,0,71000
2015/05/01,0,0,0,0
2015/05/04,0,33000,0,33000
2015/05/05,0,18000,0,18000
2015/05/06,0,0,0,0
2015/05/07,0,0,-121000,-121000
2015/05/08,0,1000,-320000,-319000
2015/05/11,0,21000,0,21000
2015/05/12,0,27000,0,27000
2015/05/13,0,114000,0,114000
2015/05/14,0,0,-44000,-44000
2015/05/15,0,0,-29000,-29000
2015/05/18,0,0,-3000,-3000
2015/05/19,0,0,-8000,-8000
2015/05/20,0,0,-46000,-46000
2015/05/21,0,0,-67000,-67000
2015/05/22,0,0,-4000,-4000
2015/05/25,0,0,-10000,-10000
2015/05/26,0,1000,0,1000
2015/05/27,0,0,0,0
2015/05/28,0,1000,-125000,-124000
2015/05/29,0,0,0,0
2015/06/01,0,0,0,0
2015/06/02,0,0,-2000,-2000
2015/06/03,0,78000,-5000,73000
2015/06/04,0,0,-2000,-2000
2015/06/05,0,0,0,0
2015/06/08,0,0,0,0
2015/06/09,0,0,0,0
2015/06/10,0,0,0,0
2015/06/11,0,1000,-80000,-79000
2015/06/12,0,0,0,0
2015/06/15,0,0,0,0
2015/06/16,0,28000,0,28000
2015/06/17,0,58000,-4000,54000
2015/06/18,0,0,0,0
2015/06/19,0,0,0,0
2015/06/22,0,56000,0,56000
2015/06/23,0,0,0,0
2015/06/24,0,0,0,0
2015/06/25,0,0,0,0
2015/06/26,0,0,0,0
2015/06/29,0,14000,0,14000
2015/06/30,0,0,0,0
2015/07/01,0,0,-6000,-6000
2015/07/02,0,0,0,0
2015/07/03,0,51000,0,51000
2015/07/06,0,0,0,0
2015/07/07,0,0,0,0
2015/07/08,0,16000,0,16000
2015/07/09,0,11000,0,11000
2015/07/10,0,0,0,0
2015/07/13,0,0,-259000,-259000
2015/07/14,0,0,-13000,-13000
2015/07/15,0,54000,-1000,53000
2015/07/16,0,36000,0,36000
2015/07/17,0,0,0,0
2015/07/20,0,0,-7000,-7000
2015/07/21,0,91000,0,91000
2015/07/22,0,16000,-91000,-75000
2015/07/23,0,22000,0,22000
2015/07/24,0,0,0,0
2015/07/27,0,50000,-40000,10000
2015/07/28,0,75000,-1000,74000
2015/07/29,0,10000,0,10000
2015/07/30,0,0,0,0
2015/07/31,0,9000,-38000,-29000
2015/08/03,0,0,-31000,-31000
2015/08/04,0,66000,-19000,47000
2015/08/05,0,60000,0,60000
2015/08/06,0,1000,-4000,-3000
2015/08/07,0,63000,-7000,56000
2015/08/10,0,45000,-5000,40000
2015/08/11,0,0,-72000,-72000
2015/08/12,0,42000,-1000,41000
2015/08/13,0,1000,0,1000
2015/08/14,0,87000,-8000,79000
2015/08/17,0,1000,-20000,-19000
2015/08/18,0,0,-51000,-51000
2015/08/19,0,92000,-28000,64000
2015/08/20,0,0,-7000,-7000
2015/08/21,0,0,-7000,-7000
2015/08/24,0,33000,-56000,-23000
2015/08/25,0,6000,-10000,-4000
2015/08/26,0,0,-155000,-155000
2015/08/27,0,0,-162000,-162000
2015/08/28,0,566000,-44000,522000
2015/08/31,0,93000,-247000,-154000
2015/09/01,0,6000,-90000,-84000
2015/09/02,0,0,-173000,-173000
2015/09/03,0,0,-7000,-7000
2015/09/04,0,0,-51000,-51000
2015/09/07,0,0,0,0
2015/09/08,0,0,-1000,-1000
2015/09/09,0,82000,-60000,22000
2015/09/10,0,10000,0,10000
2015/09/11,0,0,0,0
2015/09/14,0,0,-71000,-71000
2015/09/15,0,4000,-28000,-24000
2015/09/16,0,63000,-10000,53000
2015/09/17,0,13000,-40000,-27000
2015/09/18,0,92000,-20000,72000
2015/09/21,0,34000,-18000,16000
2015/09/22,0,0,-40000,-40000
2015/09/23,0,32000,0,32000
2015/09/24,0,33000,0,33000
2015/09/25,0,16000,0,16000
2015/09/28,0,0,0,0
2015/09/29,0,0,0,0
2015/09/30,0,9000,0,9000
2015/10/01,0,56000,-13000,43000
2015/10/02,0,0,0,0
2015/10/05,0,27000,-2000,25000
2015/10/06,0,10000,0,10000
2015/10/07,0,0,-11000,-11000
2015/10/08,0,24000,-25000,-1000
2015/10/09,0,0,0,0
2015/10/12,0,0,0,0
2015/10/13,0,0,-11000,-11000
2015/10/14,0,0,-4000,-4000
2015/10/15,0,0,0,0
2015/10/16,0,0,-9000,-9000
2015/10/19,0,2000,0,2000
2015/10/20,0,0,-30000,-30000
2015/10/21,0,0,-20000,-20000
2015/10/22,0,0,-8000,-8000
2015/10/23,0,0,0,0
2015/10/26,0,0,0,0
2015/10/27,0,0,-18000,-18000
2015/10/28,0,0,-21000,-21000
2015/10/29,0,0,-1000,-1000
2015/10/30,0,3000,0,3000
2015/11/02,0,0,0,0
2015/11/03,0,0,-58000,-58000
2015/11/04,0,6000,0,6000
2015/11/05,0,1000,0,1000
2015/11/06,0,3000,-13000,-10000
2015/11/09,0,0,-2000,-2000
2015/11/10,0,14000,0,14000
2015/11/11,0,0,-15000,-15000
2015/11/12,0,15000,-4000,11000
2015/11/13,0,60000,-6000,54000
2015/11/16,0,16000,0,16000
2015/11/17,0,17000,-53000,-36000
2015/11/18,0,6000,-1000,5000
2015/11/19,0,15000,-4000,11000
2015/11/20,0,16000,0,16000
2015/11/23,0,0,-22000,-22000
2015/11/24,0,0,-2000,-2000
2015/11/25,0,0,-4000,-4000
2015/11/26,0,4000,-181000,-177000
2015/11/27,0,0,-7000,-7000
2015/11/30,0,2000,-12000,-10000
2015/12/01,0,0,0,0
2015/12/02,0,21000,0,21000
2015/12/03,0,26000,0,26000
2015/12/04,0,0,-1000,-1000
2015/12/07,0,1000,0,1000
2015/12/08,0,0,0,0
2015/12/09,0,24000,0,24000
2015/12/10,0,138000,-6000,132000
2015/12/11,0,0,0,0
2015/12/14,0,6000,0,6000
2015/12/15,0,4000,-62000,-58000
2015/12/16,0,0,-32000,-32000
2015/12/17,0,0,-35000,-35000
2015/12/18,0,0,-60000,-60000
2015/12/21,0,0,0,0
2015/12/22,0,303000,0,303000
2015/12/23,0,660000,-2000,658000
2015/12/24,0,0,0,0
2015/12/25,0,0,0,0
2015/12/28,0,59000,0,59000
2015/12/29,0,2000,0,2000
2015/12/30,0,0,-21000,-21000
2015/12/31,0,43000,0,43000
2016/01/01,0,0,0,0
2016/01/04,0,0,-19000,-19000
2016/01/05,0,17000,-12000,5000
2016/01/06,0,0,-8000,-8000
2016/01/07,0,86000,-12000,74000
2016/01/08,0,0,0,0
2016/01/11,0,10000,-10000,0
2016/01/12,0,0,-10000,-10000
2016/01/13,0,0,0,0
2016/01/14,0,0,-2000,-2000
2016/01/15,0,0,-128000,-128000
2016/01/18,0,5000,0,5000
2016/01/19,0,9000,0,9000
2016/01/20,0,31000,-10000,21000
2016/01/21,0,0,0,0
2016/01/22,0,54000,0,54000
2016/01/25,0,18000,0,18000
2016/01/26,0,18000,0,18000
2016/01/27,0,18000,0,18000
2016/01/28,0,0,0,0
2016/01/29,0,30000,-35000,-5000
2016/02/01,0,0,-3000,-3000
2016/02/02,0,0,0,0
2016/02/03,0,94000,0,94000
2016/02/04,0,0,0,0
2016/02/05,0,0,0,0
2016/02/08,0,0,0,0
2016/02/09,0,0,0,0
2016/02/10,0,0,0,0
2016/02/11,0,0,0,0
2016/02/12,0,0,0,0
2016/02/15,0,9000,0,9000
2016/02/16,0,29000,0,29000
2016/02/17,0,0,0,0
2016/02/18,0,1000,0,1000
2016/02/19,0,0,0,0
2016/02/22,0,20000,-5000,15000
2016/02/23,0,0,-9000,-9000
2016/02/24,0,0,0,0
2016/02/25,0,0,0,0
2016/02/26,0,0,-3000,-3000
2016/02/29,0,0,0,0
2016/03/01,0,1000,0,1000
2016/03/02,0,0,0,0
2016/03/03,0,0,0,0
2016/03/04,0,0,-19000,-19000
2016/03/07,0,0,-16000,-16000
2016/03/08,0,0,-20000,-20000
2016/03/09,0,4000,0,4000
2016/03/10,0,0,0,0
2016/03/11,0,0,-3000,-3000
2016/03/14,0,1000,0,1000
2016/03/15,0,0,0,0
2016/03/16,0,9000,0,9000
2016/03/17,0,0,-1000,-1000
2016/03/18,0,30000,-1000,29000
2016/03/21,0,0,-41000,-41000
2016/03/22,0,0,-17000,-17000
2016/03/23,0,0,-36000,-36000
2016/03/24,0,0,0,0
2016/03/25,0,3000,0,3000
2016/03/28,0,5000,0,5000
2016/03/29,0,0,0,0
2016/03/30,0,3000,0,3000
2016/03/31,0,4000,-273,3727
2016/04/01,0,11000,-18000,-7000
2016/04/04,0,0,0,0
2016/04/05,0,0,0,0
2016/04/06,0,0,-18000,-18000
2016/04/07,0,11000,-4000,7000
2016/04/08,0,36000,-3000,33000
2016/04/11,0,0,-1000,-1000
2016/04/12,0,38000,0,38000
2016/04/13,0,1000,0,1000
2016/04/14,0,2000,-6000,-4000
2016/04/15,0,17000,-12000,5000
2016/04/18,0,0,0,0
2016/04/19,0,6000,0,6000
2016/04/20,0,10000,0,10000
2016/04/21,0,1000,0,1000
2016/04/22,0,34000,0,34000
2016/04/25,0,0,0,0
2016/04/26,0,2000,0,2000
2016/04/27,0,3000,0,3000
2016/04/28,0,0,-9000,-9000
2016/04/29,0,0,-3000,-3000
2016/05/02,0,0,0,0
2016/05/03,0,0,0,0
2016/05/04,0,0,-2000,-2000
2016/05/05,0,11000,0,11000
2016/05/06,0,0,0,0
2016/05/09,0,0,0,0
2016/05/10,0,20000,0,20000
2016/05/11,0,1000,0,1000
2016/05/12,0,0,0,0
2016/05/13,0,0,0,0
2016/05/16,0,0,0,0
2016/05/17,0,0,0,0
2016/05/18,0,0,0,0
2016/05/19,0,1000,0,1000
2016/05/20,0,0,0,0
2016/05/23,0,0,0,0
2016/05/24,0,0,0,0
2016/05/25,0,0,0,0
2016/05/26,0,0,0,0
2016/05/27,0,0,0,0
2016/05/30,0,0,-19000,-19000
2016/05/31,0,0,0,0
2016/06/01,0,0,0,0
2016/06/02,0,0,0,0
2016/06/03,0,0,0,0
2016/06/06,0,0,-220,-220
2016/06/07,0,0,0,0
2016/06/08,0,0,0,0
2016/06/09,0,0,0,0
2016/06/10,0,0,0,0
2016/06/13,0,0,0,0
2016/06/14,0,0,0,0
2016/06/15,0,0,0,0
2016/06/16,0,1000,-1000,0
2016/06/17,0,0,0,0
2016/06/20,0,19000,0,19000
2016/06/21,0,0,0,0
2016/06/22,0,0,-6000,-6000
2016/06/23,0,0,0,0
2016/06/24,0,2000,-32000,-30000
2016/06/27,0,0,0,0
2016/06/28,0,0,-1000,-1000
2016/06/29,0,0,0,0
2016/06/30,0,0,0,0
2016/07/01,0,0,0,0
2016/07/04,0,0,-4000,-4000
2016/07/05,0,0,0,0
2016/07/06,0,0,0,0
2016/07/07,0,0,-8000,-8000
2016/07/08,0,0,0,0
2016/07/11,0,0,-3000,-3000
2016/07/12,0,17000,0,17000
2016/07/13,0,0,-1000,-1000
2016/07/14,0,0,0,0
2016/07/15,0,0,0,0
2016/07/18,0,68000,0,68000
2016/07/19,0,560000,0,560000
2016/07/20,0,10000,-403000,-393000
2016/07/21,0,45000,0,45000
2016/07/22,0,1000,-17000,-16000
2016/07/25,0,3000,0,3000
2016/07/26,0,0,0,0
2016/07/27,0,0,-1000,-1000
2016/07/28,0,5000,-68000,-63000
2016/07/29,0,0,0,0
2016/08/01,0,1000,0,1000
2016/08/02,0,0,0,0
2016/08/03,0,0,-14000,-14000
2016/08/04,0,0,-34000,-34000
2016/08/05,0,0,-6000,-6000
2016/08/08,0,0,0,0
2016/08/09,0,2000,-60000,-58000
2016/08/10,0,0,0,0
2016/08/11,0,0,-31000,-31000
2016/08/12,0,0,0,0
2016/08/15,0,0,0,0
2016/08/16,0,0,-46000,-46000
2016/08/17,0,0,-23000,-23000
2016/08/18,0,1000,-104000,-103000
2016/08/19,0,2000,-25000,-23000
2016/08/22,0,0,-95000,-95000
2016/08/23,0,0,-1000,-1000
2016/08/24,0,0,-10000,-10000
2016/08/25,0,2000,-1000,1000
2016/08/26,0,0,-1000,-1000
2016/08/29,0,1000,-5000,-4000
2016/08/30,0,0,-2000,-2000
2016/08/31,0,0,-18000,-18000
2016/09/01,0,0,-6000,-6000
2016/09/02,0,0,0,0
2016/09/05,0,0,0,0
2016/09/06,0,0,-10000,-10000
2016/09/07,0,0,0,0
2016/09/08,0,0,-1000,-1000
2016/09/09,0,0,-1000,-1000
2016/09/12,0,0,0,0
2016/09/13,0,0,-15000,-15000
2016/09/14,0,0,-1000,-1000
2016/09/15,0,0,0,0
2016/09/16,0,0,0,0
2016/09/19,0,5000,0,5000
2016/09/20,0,4000,-4000,0
2016/09/21,0,0,-1000,-1000
2016/09/22,0,7000,0,7000
2016/09/23,0,26000,-4000,22000
2016/09/26,0,0,-1000,-1000
2016/09/27,0,0,0,0
2016/09/28,0,0,0,0
2016/09/29,0,0,-5000,-5000
2016/09/30,0,0,0,0
2016/10/03,0,1000,-1000,0
2016/10/04,0,0,0,0
2016/10/05,0,0,-2000,-2000
2016/10/06,0,0,-7000,-7000
2016/10/07,0,0,0,0
2016/10/10,0,0,0,0
2016/10/11,0,29000,-3000,26000
2016/10/12,0,13000,0,13000
2016/10/13,0,3000,-4000,-1000
2016/10/14,0,8000,0,8000
2016/10/17,0,0,-2000,-2000
2016/10/18,0,0,-2000,-2000
2016/10/19,0,4000,-17000,-13000
2016/10/20,0,0,-3000,-3000
2016/10/21,0,0,-8000,-8000
2016/10/24,0,0,0,0
2016/10/25,0,0,0,0
2016/10/26,0,0,0,0
2016/10/27,0,0,0,0
2016/10/28,0,1000,0,1000
2016/10/31,0,0,-2000,-2000
2016/11/01,0,4000,0,4000
2016/11/02,0,33000,0,33000
2016/11/03,0,12000,0,12000
2016/11/04,0,0,0,0
2016/11/07,0,12000,0,12000
2016/11/08,0,0,0,0
2016/11/09,0,2000,-60000,-58000
2016/11/10,0,5000,-412000,-407000
2016/11/11,0,4000,-40000,-36000
2016/11/14,0,1000,-623000,-622000
2016/11/15,0,2000,0,2000
2016/11/16,0,4000,-26000,-22000
2016/11/17,0,0,-87000,-87000
2016/11/18,0,0,-1000,-1000
2016/11/21,0,0,-1000,-1000
2016/11/22,0,3000,0,3000
2016/11/23,0,5000,0,5000
2016/11/24,0,0,0,0
2016/11/25,0,0,0,0
2016/11/28,0,2000,-48346,-46346
2016/11/29,0,0,-4000,-4000
2016/11/30,0,95000,-42000,53000
2016/12/01,0,0,0,0
2016/12/02,0,0,-4000,-4000
2016/12/05,0,2000,0,2000
2016/12/06,0,6000,0,6000
2016/12/07,0,0,0,0
2016/12/08,0,0,0,0
2016/12/09,0,4000,-336,3664
2016/12/12,0,21000,0,21000
2016/12/13,0,0,0,0
2016/12/14,0,0,0,0
2016/12/15,0,0,0,0
2016/12/16,0,12000,0,12000
2016/12/19,0,1000,0,1000
2016/12/20,0,3000,0,3000
2016/12/21,0,2000,-55000,-53000
2016/12/22,0,4000,-40000,-36000
2016/12/23,0,0,0,0
2016/12/26,0,0,0,0
2016/12/27,0,0,0,0
2016/12/28,0,0,0,0
2016/12/29,0,0,0,0
2016/12/30,0,4000,0,4000
2017/01/02,0,0,0,0
2017/01/03,0,0,0,0
2017/01/04,0,0,0,0
2017/01/05,0,0,0,0
2017/01/06,0,0,-4000,-4000
2017/01/09,0,0,-2000,-2000
2017/01/10,0,0,0,0
2017/01/11,0,0,0,0
2017/01/12,0,0,0,0
2017/01/13,0,0,0,0
2017/01/16,0,0,-4000,-4000
2017/01/17,0,0,0,0
2017/01/18,0,6000,-6000,0
2017/01/19,0,0,-6000,-6000
2017/01/20,0,0,0,0
2017/01/23,0,0,-4000,-4000
2017/01/24,0,0,0,0
2017/01/25,0,0,0,0
2017/01/26,0,0,0,0
2017/01/27,0,0,0,0
2017/01/30,0,0,0,0
2017/01/31,0,0,0,0
2017/02/01,0,0,0,0
2017/02/02,0,190000,-5000,185000
2017/02/03,0,4000,-3000,1000
2017/02/06,0,32000,0,32000
2017/02/07,0,100000,0,100000
2017/02/08,0,0,-4000,-4000
2017/02/09,0,49000,-4000,45000
2017/02/10,0,5000,0,5000
2017/02/13,0,0,0,0
2017/02/14,0,0,0,0
2017/02/15,0,0,-2000,-2000
2017/02/16,0,1000,-309000,-308000
2017/02/17,0,0,0,0
2017/02/20,0,10000,0,10000
2017/02/21,0,1000,0,1000
2017/02/22,0,3000,0,3000
2017/02/23,0,2000,0,2000
2017/02/24,0,0,0,0
2017/02/27,0,0,0,0
2017/02/28,0,0,0,0
2017/03/01,0,1000,-3000,-2000
2017/03/02,0,0,-2000,-2000
2017/03/03,0,0,-81000,-81000
2017/03/06,0,0,0,0
2017/03/07,0,1000,0,1000
2017/03/08,0,0,-3000,-3000
2017/03/09,0,2000,-1000,1000
2017/03/10,0,0,0,0
2017/03/13,0,0,0,0
2017/03/14,0,0,0,0
2017/03/15,0,1000,0,1000
2017/03/16,0,47000,-55000,-8000
2017/03/17,0,0,0,0
2017/03/20,0,0,0,0
2017/03/21,0,11000,0,11000
2017/03/22,0,4000,0,4000
2017/03/23,0,0,0,0
2017/03/24,0,0,0,0
2017/03/27,0,1000,0,1000
2017/03/28,0,26000,0,26000
2017/03/29,0,69000,0,69000
2017/03/30,0,0,0,0
2017/03/31,0,0,0,0
2017/04/03,0,0,0,0
2017/04/04,0,0,0,0
2017/04/05,0,7000,0,7000
2017/04/06,0,2000,-4000,-2000
2017/04/07,0,0,-4000,-4000
2017/04/10,0,0,0,0
2017/04/11,0,0,0,0
2017/04/12,0,0,0,0
2017/04/13,0,0,0,0
2017/04/14,0,0,0,0
2017/04/17,0,1000,0,1000
2017/04/18,0,0,0,0
2017/04/19,0,18000,-3000,15000
2017/04/20,0,0,0,0
2017/04/21,0,0,0,0
2017/04/24,0,0,0,0
2017/04/25,0,0,0,0
2017/04/26,0,5000,0,5000
2017/04/27,0,0,0,0
2017/04/28,0,0,-2000,-2000
2017/05/01,0,0,0,0
2017/05/02,0,0,0,0
2017/05/03,0,0,0,0
2017/05/04,0,0,0,0
2017/05/05,0,0,-3000,-3000
2017/05/08,0,0,0,0
2017/05/09,0,0,-2340,-2340
2017/05/10,0,0,0,0
2017/05/11,0,0,0,0
2017/05/12,0,0,-3000,-3000
2017/05/15,0,0,-4000,-4000
2017/05/16,0,3000,-4000,-1000
2017/05/17,0,0,-1000,-1000
2017/05/18,0,0,-863,-863
2017/05/19,0,0,0,0
2017/05/22,0,1000,0,1000
2017/05/23,0,0,0,0
2017/05/24,0,4000,0,4000
2017/05/25,0,2000,0,2000
2017/05/26,0,0,0,0
2017/05/29,0,0,0,0
2017/05/30,0,0,0,0
2017/05/31,0,0,0,0
2017/06/01,0,0,-10000,-10000
2017/06/02,0,0,0,0
2017/06/05,0,0,0,0
2017/06/06,0,0,0,0
2017/06/07,0,0,-6000,-6000
2017/06/08,0,0,0,0
2017/06/09,0,0,0,0
2017/06/12,0,0,0,0
2017/06/13,0,0,0,0
2017/06/14,0,3000,0,3000
2017/06/15,0,0,-3000,-3000
2017/06/16,0,0,0,0
2017/06/19,0,0,0,0
2017/06/20,0,14000,-3000,11000
2017/06/21,0,50000,-2000,48000
2017/06/22,0,0,-16000,-16000
2017/06/23,0,50000,0,50000
2017/06/26,0,96000,0,96000
2017/06/27,0,79000,-4000,75000
2017/06/28,0,87000,0,87000
2017/06/29,0,0,0,0
2017/06/30,0,0,0,0
2017/07/03,0,0,0,0
2017/07/04,0,0,-1000,-1000
2017/07/05,0,96000,0,96000
2017/07/06,0,0,0,0
2017/07/07,0,0,0,0
2017/07/10,0,0,-2000,-2000
2017/07/11,0,50000,0,50000
2017/07/12,0,0,-48000,-48000
2017/07/13,0,0,-11000,-11000
2017/07/14,0,0,-7000,-7000
2017/07/17,0,0,-28000,-28000
2017/07/18,0,4000,-6000,-2000
2017/07/19,0,186000,0,186000
2017/07/20,0,0,-186000,-186000
2017/07/21,0,0,0,0
2017/07/24,0,2000,0,2000
2017/07/25,0,0,-154000,-154000
2017/07/26,0,0,-84000,-84000
2017/07/27,0,0,0,0
2017/07/28,0,0,0,0
2017/07/31,0,0,-3000,-3000
2017/08/01,0,0,0,0
2017/08/02,0,3000,0,3000
2017/08/03,0,0,-11000,-11000
2017/08/04,0,0,-21000,-21000
2017/08/07,0,0,0,0
2017/08/08,0,0,-8000,-8000
2017/08/09,0,4000,-62000,-58000
2017/08/10,0,0,0,0
2017/08/11,0,2000,0,2000
2017/08/14,0,0,0,0
2017/08/15,0,0,-1000,-1000
2017/08/16,0,0,-3000,-3000
2017/08/17,0,0,-16000,-16000
2017/08/18,0,0,0,0
