Date,Open,Buy,Sell,Total
2007/01/02,0,0,-330000,-330000
2007/01/03,0,160000,-791175,-631175
2007/01/04,0,0,-93000,-93000
2007/01/05,0,0,-50000,-50000
2007/01/08,0,0,-75000,-75000
2007/01/09,0,0,-268000,-268000
2007/01/10,0,0,-1030000,-1030000
2007/01/11,0,4000,-1406000,-1402000
2007/01/12,0,1000,-950000,-949000
2007/01/15,0,0,-1115000,-1115000
2007/01/16,0,61000,-570000,-509000
2007/01/17,0,86000,0,86000
2007/01/18,0,191000,0,191000
2007/01/19,0,0,-591000,-591000
2007/01/22,0,40000,0,40000
2007/01/23,0,0,0,0
2007/01/24,0,360000,-195000,165000
2007/01/25,0,10000,0,10000
2007/01/26,0,0,-100000,-100000
2007/01/29,0,0,-500000,-500000
2007/01/30,0,330000,-1378000,-1048000
2007/01/31,0,0,-1099050,-1099050
2007/02/01,0,0,0,0
2007/02/02,0,1000,0,1000
2007/02/05,0,15000,-195000,-180000
2007/02/06,0,129000,0,129000
2007/02/07,0,0,0,0
2007/02/08,0,1000,0,1000
2007/02/09,0,100000,0,100000
2007/02/12,0,311000,-605000,-294000
2007/02/13,0,2511000,0,2511000
2007/02/14,0,1185000,0,1185000
2007/02/15,0,0,0,0
2007/02/16,0,0,0,0
2007/02/19,0,0,0,0
2007/02/20,0,0,0,0
2007/02/21,0,0,0,0
2007/02/22,0,0,0,0
2007/02/23,0,0,0,0
2007/02/26,0,0,0,0
2007/02/27,0,1850000,-15000,1835000
2007/02/28,0,0,0,0
2007/03/01,0,0,-400000,-400000
2007/03/02,0,450000,-470000,-20000
2007/03/05,0,0,-227000,-227000
2007/03/06,0,0,0,0
2007/03/07,0,0,-600000,-600000
2007/03/08,0,0,-50000,-50000
2007/03/09,0,0,-160000,-160000
2007/03/12,0,0,0,0
2007/03/13,0,0,-514000,-514000
2007/03/14,0,0,-100000,-100000
2007/03/15,0,0,-738000,-738000
2007/03/16,0,0,-501000,-501000
2007/03/19,0,1201000,-260,1200740
2007/03/20,0,0,-869000,-869000
2007/03/21,0,0,-201000,-201000
2007/03/22,0,0,-315000,-315000
2007/03/23,0,0,0,0
2007/03/26,0,42000,-700,41300
2007/03/27,0,228000,-100000,128000
2007/03/28,0,0,0,0
2007/03/29,0,0,-20000,-20000
2007/03/30,0,0,-238000,-238000
2007/04/02,0,399000,0,399000
2007/04/03,0,1075000,0,1075000
2007/04/04,0,25000,0,25000
2007/04/05,0,0,0,0
2007/04/06,0,0,0,0
2007/04/09,0,0,-351400,-351400
2007/04/10,0,0,-1000,-1000
2007/04/11,0,0,0,0
2007/04/12,0,0,-4000,-4000
2007/04/13,0,147000,-1000,146000
2007/04/16,0,25000,-100000,-75000
2007/04/17,0,0,-200000,-200000
2007/04/18,0,0,-100000,-100000
2007/04/19,0,2000,-100000,-98000
2007/04/20,0,6000,-50000,-44000
2007/04/23,0,0,0,0
2007/04/24,0,10000,0,10000
2007/04/25,0,0,-270000,-270000
2007/04/26,0,0,-15000,-15000
2007/04/27,0,0,0,0
2007/04/30,0,0,0,0
2007/05/01,0,0,0,0
2007/05/02,0,50000,0,50000
2007/05/03,0,0,-1720000,-1720000
2007/05/04,0,30000,-1070000,-1040000
2007/05/07,0,50000,0,50000
2007/05/08,0,0,-1052000,-1052000
2007/05/09,0,168000,-2100000,-1932000
2007/05/10,0,403000,-5000,398000
2007/05/11,0,0,0,0
2007/05/14,0,0,0,0
2007/05/15,0,11000,0,11000
2007/05/16,0,0,-2000,-2000
2007/05/17,0,0,-1000,-1000
2007/05/18,0,0,0,0
2007/05/21,0,0,0,0
2007/05/22,0,2000,0,2000
2007/05/23,0,0,-2000,-2000
2007/05/24,0,20000,0,20000
2007/05/25,0,22000,0,22000
2007/05/28,0,10000,0,10000
2007/05/29,0,2000,0,2000
2007/05/30,0,0,-80000,-80000
2007/05/31,0,0,-60000,-60000
2007/06/01,0,0,-40000,-40000
2007/06/04,0,0,0,0
2007/06/05,0,0,0,0
2007/06/06,0,2000,-2322000,-2320000
2007/06/07,0,0,-2154000,-2154000
2007/06/08,0,0,0,0
2007/06/11,0,0,-469000,-469000
2007/06/12,0,0,-700000,-700000
2007/06/13,0,0,-381000,-381000
2007/06/14,0,0,-41000,-41000
2007/06/15,0,238000,-1000,237000
2007/06/18,0,0,0,0
2007/06/19,0,0,0,0
2007/06/20,0,100000,-9675,90325
2007/06/21,0,200000,0,200000
2007/06/22,0,80000,0,80000
2007/06/25,0,204000,0,204000
2007/06/26,0,750000,0,750000
2007/06/27,0,200000,0,200000
2007/06/28,0,0,0,0
2007/06/29,0,401000,0,401000
2007/07/02,0,0,0,0
2007/07/03,0,0,0,0
2007/07/04,0,0,0,0
2007/07/05,0,357000,-93000,264000
2007/07/06,0,630000,0,630000
2007/07/09,0,0,-3000,-3000
2007/07/10,0,159000,0,159000
2007/07/11,0,65000,-400000,-335000
2007/07/12,0,0,-70000,-70000
2007/07/13,0,155000,-150250,4750
2007/07/16,0,555000,0,555000
2007/07/17,0,0,-3000,-3000
2007/07/18,0,903000,0,903000
2007/07/19,0,2553000,0,2553000
2007/07/20,0,41000,0,41000
2007/07/23,0,0,-201000,-201000
2007/07/24,0,480000,-800000,-320000
2007/07/25,0,2000,-470000,-468000
2007/07/26,0,0,-25000,-25000
2007/07/27,0,0,-2399500,-2399500
2007/07/30,0,200000,-400000,-200000
2007/07/31,0,1400000,-70000,1330000
2007/08/01,0,980000,-100000,880000
2007/08/02,0,251000,-600000,-349000
2007/08/03,0,1000,0,1000
2007/08/06,0,2000,-500000,-498000
2007/08/07,0,0,-46000,-46000
2007/08/08,0,102000,-54000,48000
2007/08/09,0,0,-40000,-40000
2007/08/10,0,0,-26000,-26000
2007/08/13,0,0,-480000,-480000
2007/08/14,0,0,-41000,-41000
2007/08/15,0,0,0,0
2007/08/16,0,2000,-9000,-7000
2007/08/17,0,3000,0,3000
2007/08/20,0,1000,0,1000
2007/08/21,0,0,0,0
2007/08/22,0,0,0,0
2007/08/23,0,1000,-1345000,-1344000
2007/08/24,0,0,-2000,-2000
2007/08/27,0,36000,0,36000
2007/08/28,0,0,0,0
2007/08/29,0,0,-713000,-713000
2007/08/30,0,0,-600960,-600960
2007/08/31,0,3000,-6000,-3000
2007/09/03,0,0,0,0
2007/09/04,0,4000,-262000,-258000
2007/09/05,0,0,-48000,-48000
2007/09/06,0,0,-5000,-5000
2007/09/07,0,0,-600000,-600000
2007/09/10,0,4000,-1000,3000
2007/09/11,0,0,-580000,-580000
2007/09/12,0,0,-25000,-25000
2007/09/13,0,0,-160000,-160000
2007/09/14,0,0,0,0
2007/09/17,0,0,0,0
2007/09/18,0,0,0,0
2007/09/19,0,0,-52000,-52000
2007/09/20,0,0,-90000,-90000
2007/09/21,0,3000,-30000,-27000
2007/09/24,0,0,0,0
2007/09/25,0,0,0,0
2007/09/26,0,1000,-156000,-155000
2007/09/27,0,2000,0,2000
2007/09/28,0,0,0,0
2007/10/01,0,0,0,0
2007/10/02,0,36000,0,36000
2007/10/03,0,0,-1000,-1000
2007/10/04,0,1077000,0,1077000
2007/10/05,0,700000,0,700000
2007/10/08,0,0,-202754,-202754
2007/10/09,0,0,-218327,-218327
2007/10/10,0,0,0,0
2007/10/11,0,0,-300804,-300804
2007/10/12,0,500000,-174000,326000
2007/10/15,0,1000,-654935,-653935
2007/10/16,0,0,-124800,-124800
2007/10/17,0,0,0,0
2007/10/18,0,500000,0,500000
2007/10/19,0,1500000,-22000,1478000
2007/10/22,0,1000,0,1000
2007/10/23,0,0,-23000,-23000
2007/10/24,0,0,0,0
2007/10/25,0,0,0,0
2007/10/26,0,0,-823,-823
2007/10/29,0,1427000,0,1427000
2007/10/30,0,1000,-1744,-744
2007/10/31,0,240000,0,240000
2007/11/01,0,1678000,0,1678000
2007/11/02,0,506000,0,506000
2007/11/05,0,1970000,0,1970000
2007/11/06,0,1000,0,1000
2007/11/07,0,225000,0,225000
2007/11/08,0,687000,0,687000
2007/11/09,0,2000,0,2000
2007/11/12,0,2000,0,2000
2007/11/13,0,1000,-100000,-99000
2007/11/14,0,1000,-55000,-54000
2007/11/15,0,0,0,0
2007/11/16,0,0,0,0
2007/11/19,0,0,-33000,-33000
2007/11/20,0,1000,0,1000
2007/11/21,0,0,0,0
2007/11/22,0,0,-442000,-442000
2007/11/23,0,2000,0,2000
2007/11/26,0,0,0,0
2007/11/27,0,1000,0,1000
2007/11/28,0,0,-102977,-102977
2007/11/29,0,0,-700000,-700000
2007/11/30,0,0,0,0
2007/12/03,0,0,0,0
2007/12/04,0,1000,-700000,-699000
2007/12/05,0,0,-1100000,-1100000
2007/12/06,0,0,-777000,-777000
2007/12/07,0,0,-163,-163
2007/12/10,0,0,0,0
2007/12/11,0,0,0,0
2007/12/12,0,0,0,0
2007/12/13,0,0,0,0
2007/12/14,0,2000,0,2000
2007/12/17,0,0,0,0
2007/12/18,0,172000,-1150000,-978000
2007/12/19,0,0,0,0
2007/12/20,0,0,-600000,-600000
2007/12/21,0,1000,-176000,-175000
2007/12/24,0,0,-4570053,-4570053
2007/12/25,0,0,-223913,-223913
2007/12/26,0,0,0,0
2007/12/27,0,1000,0,1000
2007/12/28,0,0,-1000,-1000
2007/12/31,0,219000,0,219000
2008/01/01,0,0,0,0
2008/01/02,0,150000,-30000,120000
2008/01/03,0,0,-7612,-7612
2008/01/04,0,594000,0,594000
2008/01/07,0,4132000,0,4132000
2008/01/08,0,1149000,0,1149000
2008/01/09,0,0,0,0
2008/01/10,0,348000,0,348000
2008/01/11,0,665000,0,665000
2008/01/14,0,1796000,-71488,1724512
2008/01/15,0,10923000,0,10923000
2008/01/16,0,14305000,0,14305000
2008/01/17,0,717000,-114000,603000
2008/01/18,0,3730000,0,3730000
2008/01/21,0,3370000,0,3370000
2008/01/22,0,4497000,-35000,4462000
2008/01/23,0,9451000,0,9451000
2008/01/24,0,4340000,0,4340000
2008/01/25,0,5503000,0,5503000
2008/01/28,0,1346000,-657000,689000
2008/01/29,0,1950000,-655000,1295000
2008/01/30,0,470000,-200000,270000
2008/01/31,0,2213000,-300000,1913000
2008/02/01,0,2172000,-200000,1972000
2008/02/04,0,0,0,0
2008/02/05,0,0,0,0
2008/02/06,0,0,0,0
2008/02/07,0,0,0,0
2008/02/08,0,0,0,0
2008/02/11,0,0,0,0
2008/02/12,0,7510000,-150000,7360000
2008/02/13,0,3787000,-350000,3437000
2008/02/14,0,570000,-1211113,-641113
2008/02/15,0,400000,-1393000,-993000
2008/02/18,0,32000,-573000,-541000
2008/02/19,0,655000,-469762,185238
2008/02/20,0,3200000,-1000,3199000
2008/02/21,0,316000,0,316000
2008/02/22,0,1783000,-60000,1723000
2008/02/25,0,5507000,-23000,5484000
2008/02/26,0,1669000,-58000,1611000
2008/02/27,0,4634000,-90000,4544000
2008/02/28,0,0,0,0
2008/02/29,0,1231000,-760000,471000
2008/03/03,0,1929000,-871000,1058000
2008/03/04,0,4319000,-165000,4154000
2008/03/05,0,4175000,-40000,4135000
2008/03/06,0,1662000,-115000,1547000
2008/03/07,0,0,-1500000,-1500000
2008/03/10,0,0,-2155000,-2155000
2008/03/11,0,102000,-1500000,-1398000
2008/03/12,0,601000,-181000,420000
2008/03/13,0,966000,-205946,760054
2008/03/14,0,1887000,-80000,1807000
2008/03/17,0,1451000,0,1451000
2008/03/18,0,4934000,-1756431,3177569
2008/03/19,0,5413000,-400000,5013000
2008/03/20,0,1191000,-1200000,-9000
2008/03/21,0,189000,-2021000,-1832000
2008/03/24,0,1160000,-1700000,-540000
2008/03/25,0,4081000,-1081000,3000000
2008/03/26,0,1001000,-1400000,-399000
2008/03/27,0,1000,-1200000,-1199000
2008/03/28,0,581000,-630000,-49000
2008/03/31,0,564000,-1500000,-936000
2008/04/01,0,1000,-8508000,-8507000
2008/04/02,0,0,-4910000,-4910000
2008/04/03,0,1000,-7686000,-7685000
2008/04/04,0,0,0,0
2008/04/07,0,356000,-839000,-483000
2008/04/08,0,241000,-2290000,-2049000
2008/04/09,0,608000,0,608000
2008/04/10,0,300000,-4933000,-4633000
2008/04/11,0,3574000,-1889000,1685000
2008/04/14,0,1030000,-506000,524000
2008/04/15,0,0,-400000,-400000
2008/04/16,0,320000,-4475000,-4155000
2008/04/17,0,0,-3932000,-3932000
2008/04/18,0,231000,-1172000,-941000
2008/04/21,0,1000,-160000,-159000
2008/04/22,0,1000,-3999000,-3998000
2008/04/23,0,1000,-3255000,-3254000
2008/04/24,0,1000,0,1000
2008/04/25,0,542000,-6671000,-6129000
2008/04/28,0,6000,-6419000,-6413000
2008/04/29,0,1001000,-1495000,-494000
2008/04/30,0,504000,-6302000,-5798000
2008/05/01,0,0,0,0
2008/05/02,0,10000,-2100000,-2090000
2008/05/05,0,709000,-320000,389000
2008/05/06,0,1000,-1064000,-1063000
2008/05/07,0,207000,-528000,-321000
2008/05/08,0,11000,0,11000
2008/05/09,0,2661000,-441000,2220000
2008/05/12,0,2000,-916000,-914000
2008/05/13,0,7000,-1016000,-1009000
2008/05/14,0,618000,-931000,-313000
2008/05/15,0,176000,0,176000
2008/05/16,0,0,0,0
2008/05/19,0,2742000,-2155000,587000
2008/05/20,0,1350000,-1467000,-117000
2008/05/21,0,1028000,-1731000,-703000
2008/05/22,0,601000,-515000,86000
2008/05/23,0,600000,-1673000,-1073000
2008/05/26,0,606000,-2173000,-1567000
2008/05/27,0,0,-3000,-3000
2008/05/28,0,1461000,-2074000,-613000
2008/05/29,0,801000,-500000,301000
2008/05/30,0,1001000,-267000,734000
2008/06/02,0,92000,-50000,42000
2008/06/03,0,234000,0,234000
2008/06/04,0,3000,0,3000
2008/06/05,0,2000,0,2000
2008/06/06,0,871000,-80000,791000
2008/06/09,0,1124000,-3303000,-2179000
2008/06/10,0,788000,-695000,93000
2008/06/11,0,555000,0,555000
2008/06/12,0,474000,0,474000
2008/06/13,0,41000,0,41000
2008/06/16,0,500000,0,500000
2008/06/17,0,18000,0,18000
2008/06/18,0,30000,-750000,-720000
2008/06/19,0,0,-5000,-5000
2008/06/20,0,142000,-1000,141000
2008/06/23,0,1050000,0,1050000
2008/06/24,0,3000,-230000,-227000
2008/06/25,0,294000,-2000,292000
2008/06/26,0,0,-1204000,-1204000
2008/06/27,0,751000,-1000000,-249000
2008/06/30,0,807000,-826000,-19000
2008/07/01,0,770000,-1828000,-1058000
2008/07/02,0,32000,-489000,-457000
2008/07/03,0,1139000,-410000,729000
2008/07/04,0,2055000,-500000,1555000
2008/07/07,0,102000,0,102000
2008/07/08,0,905000,0,905000
2008/07/09,0,300000,-5000,295000
2008/07/10,0,0,0,0
2008/07/11,0,8000,-7000,1000
2008/07/14,0,1000,-505000,-504000
2008/07/15,0,5000,-548000,-543000
2008/07/16,0,38000,-530000,-492000
2008/07/17,0,144000,0,144000
2008/07/18,0,2100000,-1662000,438000
2008/07/21,0,59000,-4468000,-4409000
2008/07/22,0,503000,-2523000,-2020000
2008/07/23,0,103000,-6484405,-6381405
2008/07/24,0,101000,-27000,74000
2008/07/25,0,0,-1050000,-1050000
2008/07/28,0,0,0,0
2008/07/29,0,656000,-782000,-126000
2008/07/30,0,503000,-160000,343000
2008/07/31,0,357000,-1111000,-754000
2008/08/01,0,4000,-732268,-728268
2008/08/04,0,901000,0,901000
2008/08/05,0,0,-43000,-43000
2008/08/06,0,337000,0,337000
2008/08/07,0,120000,0,120000
2008/08/08,0,2027000,0,2027000
2008/08/11,0,723000,0,723000
2008/08/12,0,142000,-409000,-267000
2008/08/13,0,400000,0,400000
2008/08/14,0,558000,-12000,546000
2008/08/15,0,50000,0,50000
2008/08/18,0,253000,-300000,-47000
2008/08/19,0,0,-58000,-58000
2008/08/20,0,1000,-10000,-9000
2008/08/21,0,188000,-6000,182000
2008/08/22,0,202000,0,202000
2008/08/25,0,417000,0,417000
2008/08/26,0,1000,-10000,-9000
2008/08/27,0,0,-29000,-29000
2008/08/28,0,0,-200000,-200000
2008/08/29,0,322000,0,322000
2008/09/01,0,1531000,0,1531000
2008/09/02,0,1518000,0,1518000
2008/09/03,0,430000,-20000,410000
2008/09/04,0,614000,-405000,209000
2008/09/05,0,1821000,0,1821000
2008/09/08,0,20000,0,20000
2008/09/09,0,14000,-50000,-36000
2008/09/10,0,9000,-482000,-473000
2008/09/11,0,2300000,-29000,2271000
2008/09/12,0,230000,0,230000
2008/09/15,0,1200000,-865000,335000
2008/09/16,0,1182000,-504000,678000
2008/09/17,0,609000,-831000,-222000
2008/09/18,0,4000,-447000,-443000
2008/09/19,0,0,-2093000,-2093000
2008/09/22,0,363000,-1127000,-764000
2008/09/23,0,1227000,-309000,918000
2008/09/24,0,1250000,-4000,1246000
2008/09/25,0,800000,-8000,792000
2008/09/26,0,2000,0,2000
2008/09/29,0,0,0,0
2008/09/30,0,981000,0,981000
2008/10/01,0,235000,-4000,231000
2008/10/02,0,2000,-4000,-2000
2008/10/03,0,0,-6000,-6000
2008/10/06,0,5000,-12000,-7000
2008/10/07,0,0,-10000,-10000
2008/10/08,0,0,-183000,-183000
2008/10/09,0,14000,-404000,-390000
2008/10/10,0,0,0,0
2008/10/13,0,100000,0,100000
2008/10/14,0,0,0,0
2008/10/15,0,107000,0,107000
2008/10/16,0,11000,-725,10275
2008/10/17,0,0,-60359,-60359
2008/10/20,0,0,-8682,-8682
2008/10/21,0,200000,-4471,195529
2008/10/22,0,0,0,0
2008/10/23,0,0,-18000,-18000
2008/10/24,0,300000,-41831,258169
2008/10/27,0,0,-69000,-69000
2008/10/28,0,0,-26000,-26000
2008/10/29,0,0,-5000,-5000
2008/10/30,0,0,-2000,-2000
2008/10/31,0,411000,-1000,410000
2008/11/03,0,324000,-69462,254538
2008/11/04,0,502000,0,502000
2008/11/05,0,719000,0,719000
2008/11/06,0,2000,0,2000
2008/11/07,0,0,0,0
2008/11/10,0,1000,0,1000
2008/11/11,0,14000,0,14000
2008/11/12,0,1000,-1000,0
2008/11/13,0,0,-4000,-4000
2008/11/14,0,316000,0,316000
2008/11/17,0,3000,0,3000
2008/11/18,0,103000,-194000,-91000
2008/11/19,0,0,-479034,-479034
2008/11/20,0,1000,0,1000
2008/11/21,0,41000,-250000,-209000
2008/11/24,0,8000,-300180,-292180
2008/11/25,0,3091000,-1600000,1491000
2008/11/26,0,351000,-800000,-449000
2008/11/27,0,735000,-723000,12000
2008/11/28,0,0,-339000,-339000
2008/12/01,0,7000,-847000,-840000
2008/12/02,0,0,-466000,-466000
2008/12/03,0,29000,-443363,-414363
2008/12/04,0,3000,0,3000
2008/12/05,0,0,0,0
2008/12/08,0,603000,0,603000
2008/12/09,0,32000,-1221114,-1189114
2008/12/10,0,1095000,-1500000,-405000
2008/12/11,0,1924000,-11000,1913000
2008/12/12,0,2770000,-387000,2383000
2008/12/15,0,0,-718000,-718000
2008/12/16,0,320000,0,320000
2008/12/17,0,302000,0,302000
2008/12/18,0,707000,-3000,704000
2008/12/19,0,0,-534903,-534903
2008/12/22,0,0,-155000,-155000
2008/12/23,0,1000,-750000,-749000
2008/12/24,0,0,0,0
2008/12/25,0,2000,-499000,-497000
2008/12/26,0,0,-5000,-5000
2008/12/29,0,2000000,-985301,1014699
2008/12/30,0,300000,-79,299921
2008/12/31,0,0,0,0
2009/01/01,0,0,0,0
2009/01/02,0,0,0,0
2009/01/05,0,0,-500000,-500000
2009/01/06,0,0,-1640000,-1640000
2009/01/07,0,0,-700000,-700000
2009/01/08,0,0,0,0
2009/01/09,0,5000,0,5000
2009/01/12,0,5000,-408000,-403000
2009/01/13,0,121000,-590000,-469000
2009/01/14,0,0,0,0
2009/01/15,0,0,-474000,-474000
2009/01/16,0,4000,-510000,-506000
2009/01/19,0,0,-10000,-10000
2009/01/20,0,0,-1120000,-1120000
2009/01/21,0,0,-3852000,-3852000
2009/01/22,0,0,0,0
2009/01/23,0,0,0,0
2009/01/26,0,0,0,0
2009/01/27,0,0,0,0
2009/01/28,0,0,0,0
2009/01/29,0,0,0,0
2009/01/30,0,0,0,0
2009/02/02,0,0,-1010000,-1010000
2009/02/03,0,174000,0,174000
2009/02/04,0,0,-1010556,-1010556
2009/02/05,0,850000,0,850000
2009/02/06,0,1002000,0,1002000
2009/02/09,0,1000000,-2000,998000
2009/02/10,0,502000,0,502000
2009/02/11,0,0,-7000,-7000
2009/02/12,0,134000,0,134000
2009/02/13,0,200000,0,200000
2009/02/16,0,401000,0,401000
2009/02/17,0,0,0,0
2009/02/18,0,93000,0,93000
2009/02/19,0,0,0,0
2009/02/20,0,1500000,0,1500000
2009/02/23,0,1384000,0,1384000
2009/02/24,0,2800000,0,2800000
2009/02/25,0,1971000,0,1971000
2009/02/26,0,2035000,0,2035000
2009/02/27,0,1502000,-1254615,247385
2009/03/02,0,2800000,-501000,2299000
2009/03/03,0,661000,0,661000
2009/03/04,0,190000,-500000,-310000
2009/03/05,0,1612000,-1206000,406000
2009/03/06,0,0,-312000,-312000
2009/03/09,0,0,-1001000,-1001000
2009/03/10,0,1411000,0,1411000
2009/03/11,0,2400000,-410000,1990000
2009/03/12,0,500000,-452000,48000
2009/03/13,0,0,-2000,-2000
2009/03/16,0,5000,-301000,-296000
2009/03/17,0,0,-155000,-155000
2009/03/18,0,0,-237000,-237000
2009/03/19,0,289000,-9000,280000
2009/03/20,0,2800000,-401000,2399000
2009/03/23,0,0,-288000,-288000
2009/03/24,0,450000,-5000,445000
2009/03/25,0,7650000,0,7650000
2009/03/26,0,7865000,-1000000,6865000
2009/03/27,0,3819000,-625000,3194000
2009/03/30,0,0,-802000,-802000
2009/03/31,0,832000,-1000,831000
2009/04/01,0,4360000,0,4360000
2009/04/02,0,3532000,-2270000,1262000
2009/04/03,0,3891000,-1602000,2289000
2009/04/06,0,2573000,-1400000,1173000
2009/04/07,0,2475000,-1027000,1448000
2009/04/08,0,617000,-600000,17000
2009/04/09,0,719000,-851000,-132000
2009/04/10,0,1000000,-1040000,-40000
2009/04/13,0,248000,-1000,247000
2009/04/14,0,1306000,-3000,1303000
2009/04/15,0,590000,-199000,391000
2009/04/16,0,0,-1345000,-1345000
2009/04/17,0,0,-2225000,-2225000
2009/04/20,0,0,-5545000,-5545000
2009/04/21,0,700000,-2754000,-2054000
2009/04/22,0,3098000,-2299000,799000
2009/04/23,0,3300000,-1262000,2038000
2009/04/24,0,877000,-55000,822000
2009/04/27,0,2000000,-540000,1460000
2009/04/28,0,101000,-3289000,-3188000
2009/04/29,0,574000,-2579000,-2005000
2009/04/30,0,100000,0,100000
2009/05/01,0,0,0,0
2009/05/04,0,0,-1090000,-1090000
2009/05/05,0,6140000,-493000,5647000
2009/05/06,0,1756000,-22484,1733516
2009/05/07,0,10594000,-800000,9794000
2009/05/08,0,2100000,-232000,1868000
2009/05/11,0,1690000,-934000,756000
2009/05/12,0,1160000,-2856000,-1696000
2009/05/13,0,4675000,-1611000,3064000
2009/05/14,0,1043000,-3965000,-2922000
2009/05/15,0,953000,-928000,25000
2009/05/18,0,66000,-516000,-450000
2009/05/19,0,251000,-891000,-640000
2009/05/20,0,0,-1366000,-1366000
2009/05/21,0,100000,0,100000
2009/05/22,0,240000,-1001000,-761000
2009/05/25,0,315000,-853000,-538000
2009/05/26,0,501000,-6243000,-5742000
2009/05/27,0,1608000,-561000,1047000
2009/05/28,0,0,0,0
2009/05/29,0,0,0,0
2009/06/01,0,391000,-600000,-209000
2009/06/02,0,5748000,-888000,4860000
2009/06/03,0,500000,-540000,-40000
2009/06/04,0,3050000,-3455000,-405000
2009/06/05,0,4507000,-1812000,2695000
2009/06/08,0,1798000,-644000,1154000
2009/06/09,0,349000,-1313980,-964980
2009/06/10,0,300000,-422000,-122000
2009/06/11,0,53000,-1820000,-1767000
2009/06/12,0,1007000,-840000,167000
2009/06/15,0,2000,-1587000,-1585000
2009/06/16,0,905000,-4364000,-3459000
2009/06/17,0,44000,-87000,-43000
2009/06/18,0,5000,-439000,-434000
2009/06/19,0,2710000,-200000,2510000
2009/06/22,0,4243000,0,4243000
2009/06/23,0,2160000,-439000,1721000
2009/06/24,0,322000,-146000,176000
2009/06/25,0,3131000,-2683000,448000
2009/06/26,0,1300000,-3208000,-1908000
2009/06/29,0,45000,0,45000
2009/06/30,0,300000,-426000,-126000
2009/07/01,0,144000,-3000000,-2856000
2009/07/02,0,4141000,0,4141000
2009/07/03,0,446000,-152000,294000
2009/07/06,0,2344000,-505869,1838131
2009/07/07,0,1042000,-3631000,-2589000
2009/07/08,0,400000,-411500,-11500
2009/07/09,0,600000,-2150000,-1550000
2009/07/10,0,650000,-1003000,-353000
2009/07/13,0,70000,-1691000,-1621000
2009/07/14,0,0,-3035000,-3035000
2009/07/15,0,171000,-2301000,-2130000
2009/07/16,0,0,-3595000,-3595000
2009/07/17,0,0,-647000,-647000
2009/07/20,0,0,-3486407,-3486407
2009/07/21,0,2246000,-213000,2033000
2009/07/22,0,1335000,-110000,1225000
2009/07/23,0,291000,-124000,167000
2009/07/24,0,0,-7000,-7000
2009/07/27,0,700000,0,700000
2009/07/28,0,700000,-2000,698000
2009/07/29,0,500000,-546000,-46000
2009/07/30,0,0,-57000,-57000
2009/07/31,0,1000,-71000,-70000
2009/08/03,0,0,-100000,-100000
2009/08/04,0,166000,-5000,161000
2009/08/05,0,0,-140000,-140000
2009/08/06,0,0,-3709000,-3709000
2009/08/07,0,0,0,0
2009/08/10,0,4000,-2927000,-2923000
2009/08/11,0,2000,-4117000,-4115000
2009/08/12,0,903000,-696000,207000
2009/08/13,0,0,-2600000,-2600000
2009/08/14,0,405000,-2729000,-2324000
2009/08/17,0,1738000,-1658000,80000
2009/08/18,0,503000,-4155000,-3652000
2009/08/19,0,3001000,-1500000,1501000
2009/08/20,0,1000,0,1000
2009/08/21,0,3368000,-410000,2958000
2009/08/24,0,108000,-2000000,-1892000
2009/08/25,0,400000,-3000,397000
2009/08/26,0,2001000,-57000,1944000
2009/08/27,0,504000,-2314834,-1810834
2009/08/28,0,303000,0,303000
2009/08/31,0,6000,-800000,-794000
2009/09/01,0,150000,-300000,-150000
2009/09/02,0,62000,-190000,-128000
2009/09/03,0,1744000,-3000,1741000
2009/09/04,0,249000,-2000,247000
2009/09/07,0,115000,-3000,112000
2009/09/08,0,710000,0,710000
2009/09/09,0,557000,-42000,515000
2009/09/10,0,595000,0,595000
2009/09/11,0,2727000,0,2727000
2009/09/14,0,2947000,-25000,2922000
2009/09/15,0,652000,0,652000
2009/09/16,0,710000,-300000,410000
2009/09/17,0,320000,-900000,-580000
2009/09/18,0,0,-3000,-3000
2009/09/21,0,200000,-1000,199000
2009/09/22,0,730000,-983000,-253000
2009/09/23,0,0,-1000,-1000
2009/09/24,0,0,-1400884,-1400884
2009/09/25,0,0,0,0
2009/09/28,0,1308000,-300000,1008000
2009/09/29,0,178000,-300000,-122000
2009/09/30,0,25000,0,25000
2009/10/01,0,500000,-250000,250000
2009/10/02,0,200000,0,200000
2009/10/05,0,250000,-83000,167000
2009/10/06,0,580000,0,580000
2009/10/07,0,2219000,0,2219000
2009/10/08,0,4996000,0,4996000
2009/10/09,0,3255000,-220000,3035000
2009/10/12,0,431000,-250000,181000
2009/10/13,0,22000,-100000,-78000
2009/10/14,0,863000,-251000,612000
2009/10/15,0,407000,-503000,-96000
2009/10/16,0,0,-408000,-408000
2009/10/19,0,843000,-356000,487000
2009/10/20,0,206000,-720000,-514000
2009/10/21,0,7000,-733000,-726000
2009/10/22,0,0,-400000,-400000
2009/10/23,0,564000,-354000,210000
2009/10/26,0,1866000,-440000,1426000
2009/10/27,0,292000,-370000,-78000
2009/10/28,0,400000,-1000,399000
2009/10/29,0,302000,-945000,-643000
2009/10/30,0,300000,-702000,-402000
2009/11/02,0,210000,-955000,-745000
2009/11/03,0,126000,0,126000
2009/11/04,0,147000,0,147000
2009/11/05,0,2000,-500000,-498000
2009/11/06,0,2293000,-150000,2143000
2009/11/09,0,2408000,0,2408000
2009/11/10,0,1180000,-2000,1178000
2009/11/11,0,266000,0,266000
2009/11/12,0,0,-692000,-692000
2009/11/13,0,0,-440000,-440000
2009/11/16,0,150000,-1000,149000
2009/11/17,0,632000,-61000,571000
2009/11/18,0,389000,-3000,386000
2009/11/19,0,563000,-1501000,-938000
2009/11/20,0,50000,-609000,-559000
2009/11/23,0,0,-904000,-904000
2009/11/24,0,697000,-2403000,-1706000
2009/11/25,0,1034000,-450000,584000
2009/11/26,0,200000,-930000,-730000
2009/11/27,0,0,-3069000,-3069000
2009/11/30,0,100000,-1703000,-1603000
2009/12/01,0,157000,-2092000,-1935000
2009/12/02,0,150000,-550000,-400000
2009/12/03,0,400000,0,400000
2009/12/04,0,110000,-592000,-482000
2009/12/07,0,40000,-1946000,-1906000
2009/12/08,0,50000,-633000,-583000
2009/12/09,0,0,-1072000,-1072000
2009/12/10,0,10000,-5000,5000
2009/12/11,0,458000,-1522000,-1064000
2009/12/14,0,0,-1809000,-1809000
2009/12/15,0,0,-100000,-100000
2009/12/16,0,0,-5000,-5000
2009/12/17,0,1219000,-125000,1094000
2009/12/18,0,200000,-6648000,-6448000
2009/12/21,0,590000,-294000,296000
2009/12/22,0,1200000,-217000,983000
2009/12/23,0,277000,-546000,-269000
2009/12/24,0,0,-332000,-332000
2009/12/25,0,0,-543000,-543000
2009/12/28,0,161000,-223000,-62000
2009/12/29,0,20000,-740000,-720000
2009/12/30,0,8000,-2140000,-2132000
2009/12/31,0,0,-1071000,-1071000
2010/01/01,0,0,0,0
2010/01/04,0,4000,-1200000,-1196000
2010/01/05,0,1150000,-201000,949000
2010/01/06,0,1150000,-600000,550000
2010/01/07,0,50000,-2000,48000
2010/01/08,0,50000,-2000,48000
2010/01/11,0,100000,-168000,-68000
2010/01/12,0,0,-743000,-743000
2010/01/13,0,0,-1485000,-1485000
2010/01/14,0,0,-1217000,-1217000
2010/01/15,0,0,-1368000,-1368000
2010/01/18,0,1000,-1019000,-1018000
2010/01/19,0,0,-330000,-330000
2010/01/20,0,0,-6000,-6000
2010/01/21,0,0,-476000,-476000
2010/01/22,0,0,-784000,-784000
2010/01/25,0,0,-2878000,-2878000
2010/01/26,0,1000000,-11027000,-10027000
2010/01/27,0,6000,-650000,-644000
2010/01/28,0,2000,-138000,-136000
2010/01/29,0,2000,-250000,-248000
2010/02/01,0,376000,-123000,253000
2010/02/02,0,186000,-27000,159000
2010/02/03,0,1000,-1000,0
2010/02/04,0,1000,-10000,-9000
2010/02/05,0,2000,-174000,-172000
2010/02/08,0,2000,-300000,-298000
2010/02/09,0,0,-38000,-38000
2010/02/10,0,100000,0,100000
2010/02/11,0,0,0,0
2010/02/12,0,0,0,0
2010/02/15,0,0,0,0
2010/02/16,0,0,0,0
2010/02/17,0,0,0,0
2010/02/18,0,0,0,0
2010/02/19,0,0,0,0
2010/02/22,0,154000,-600109,-446109
2010/02/23,0,113000,-819000,-706000
2010/02/24,0,41000,-1471000,-1430000
2010/02/25,0,302000,-1589000,-1287000
2010/02/26,0,752000,-161000,591000
2010/03/01,0,1244000,-2050000,-806000
2010/03/02,0,1451000,-870000,581000
2010/03/03,0,4344000,-230000,4114000
2010/03/04,0,1020000,-564000,456000
2010/03/05,0,450000,-521000,-71000
2010/03/08,0,789000,-20000,769000
2010/03/09,0,0,0,0
2010/03/10,0,224000,-489000,-265000
2010/03/11,0,900000,0,900000
2010/03/12,0,50000,-258000,-208000
2010/03/15,0,950000,-578000,372000
2010/03/16,0,48000,-1000,47000
2010/03/17,0,330000,-1000000,-670000
2010/03/18,0,412000,-171000,241000
2010/03/19,0,50000,-103000,-53000
2010/03/22,0,641000,-1000,640000
2010/03/23,0,541000,-283000,258000
2010/03/24,0,41000,-738000,-697000
2010/03/25,0,122000,-1253000,-1131000
2010/03/26,0,0,-2850000,-2850000
2010/03/29,0,51000,-148000,-97000
2010/03/30,0,0,0,0
2010/03/31,0,0,-81000,-81000
2010/04/01,0,0,-143000,-143000
2010/04/02,0,0,-111000,-111000
2010/04/05,0,0,0,0
2010/04/06,0,0,-707000,-707000
2010/04/07,0,0,-96000,-96000
2010/04/08,0,0,-163000,-163000
2010/04/09,0,0,-1000,-1000
2010/04/12,0,221000,-1000,220000
2010/04/13,0,110000,-1000,109000
2010/04/14,0,1657000,-852,1656148
2010/04/15,0,1384000,-1000,1383000
2010/04/16,0,3652000,-2000,3650000
2010/04/19,0,0,-1117,-1117
2010/04/20,0,34000,-1000,33000
2010/04/21,0,120000,0,120000
2010/04/22,0,0,-110000,-110000
2010/04/23,0,0,0,0
2010/04/26,0,0,0,0
2010/04/27,0,0,-813000,-813000
2010/04/28,0,0,-191000,-191000
2010/04/29,0,0,-100000,-100000
2010/04/30,0,0,-4000,-4000
2010/05/03,0,0,0,0
2010/05/04,0,0,-129000,-129000
2010/05/05,0,0,-2176000,-2176000
2010/05/06,0,0,-1185000,-1185000
2010/05/07,0,2000,-526000,-524000
2010/05/10,0,3000,-202000,-199000
2010/05/11,0,1000,-1001000,-1000000
2010/05/12,0,0,0,0
2010/05/13,0,1000,0,1000
2010/05/14,0,7000,-976000,-969000
2010/05/17,0,0,-1266000,-1266000
2010/05/18,0,0,0,0
2010/05/19,0,0,-400000,-400000
2010/05/20,0,1000,-1650000,-1649000
2010/05/21,0,0,-2120000,-2120000
2010/05/24,0,0,-2000,-2000
2010/05/25,0,1000,0,1000
2010/05/26,0,65000,-44000,21000
2010/05/27,0,5000,0,5000
2010/05/28,0,0,-102000,-102000
2010/05/31,0,0,0,0
2010/06/01,0,1000,0,1000
2010/06/02,0,0,-50000,-50000
2010/06/03,0,0,0,0
2010/06/04,0,53000,-200000,-147000
2010/06/07,0,0,0,0
2010/06/08,0,2000,0,2000
2010/06/09,0,0,0,0
2010/06/10,0,2000,-1000,1000
2010/06/11,0,0,-625,-625
2010/06/14,0,2000,-466000,-464000
2010/06/15,0,112000,0,112000
2010/06/16,0,0,0,0
2010/06/17,0,0,-14000,-14000
2010/06/18,0,0,-3000,-3000
2010/06/21,0,0,0,0
2010/06/22,0,0,-1000,-1000
2010/06/23,0,0,-713000,-713000
2010/06/24,0,502000,-1168000,-666000
2010/06/25,0,500000,-17000,483000
2010/06/28,0,0,-6000,-6000
2010/06/29,0,3000,0,3000
2010/06/30,0,0,-37000,-37000
2010/07/01,0,300000,0,300000
2010/07/02,0,1000,0,1000
2010/07/05,0,0,0,0
2010/07/06,0,2000,0,2000
2010/07/07,0,0,-234000,-234000
2010/07/08,0,0,-465000,-465000
2010/07/09,0,0,0,0
2010/07/12,0,31000,0,31000
2010/07/13,0,80000,0,80000
2010/07/14,0,1612000,0,1612000
2010/07/15,0,200000,-62000,138000
2010/07/16,0,500000,-3000,497000
2010/07/19,0,14000,-6000,8000
2010/07/20,0,100000,0,100000
2010/07/21,0,0,-1000,-1000
2010/07/22,0,0,0,0
2010/07/23,0,1000,-300000,-299000
2010/07/26,0,500000,0,500000
2010/07/27,0,1062000,0,1062000
2010/07/28,0,4487000,-437000,4050000
2010/07/29,0,2305000,0,2305000
2010/07/30,0,1145000,-10000,1135000
2010/08/02,0,3119000,-110000,3009000
2010/08/03,0,3576000,-110000,3466000
2010/08/04,0,469000,-327000,142000
2010/08/05,0,2423000,-104000,2319000
2010/08/06,0,1558000,-4000,1554000
2010/08/09,0,1346000,-50000,1296000
2010/08/10,0,5899000,0,5899000
2010/08/11,0,1656000,-3378000,-1722000
2010/08/12,0,112000,-1419000,-1307000
2010/08/13,0,594000,-86000,508000
2010/08/16,0,3613000,-2014000,1599000
2010/08/17,0,2109000,-484000,1625000
2010/08/18,0,803000,-2101000,-1298000
2010/08/19,0,104000,-436000,-332000
2010/08/20,0,0,-4263000,-4263000
2010/08/23,0,390000,-2477000,-2087000
2010/08/24,0,1914000,-1380000,534000
2010/08/25,0,1296000,-262000,1034000
2010/08/26,0,428000,-62000,366000
2010/08/27,0,71000,-212000,-141000
2010/08/30,0,1217000,-6611,1210389
2010/08/31,0,419000,-50000,369000
2010/09/01,0,307000,0,307000
2010/09/02,0,1634000,0,1634000
2010/09/03,0,1070000,0,1070000
2010/09/06,0,1431000,-1124000,307000
2010/09/07,0,13000,0,13000
2010/09/08,0,462000,-114000,348000
2010/09/09,0,204000,-4182000,-3978000
2010/09/10,0,650000,-811000,-161000
2010/09/13,0,1676000,0,1676000
2010/09/14,0,1223000,0,1223000
2010/09/15,0,433000,-300000,133000
2010/09/16,0,671000,-4000,667000
2010/09/17,0,502000,-3000,499000
2010/09/20,0,150000,-1000,149000
2010/09/21,0,145000,-67000,78000
2010/09/22,0,0,0,0
2010/09/23,0,0,-41000,-41000
2010/09/24,0,10000,-3000,7000
2010/09/27,0,20000,-1000,19000
2010/09/28,0,10000,-95000,-85000
2010/09/29,0,220000,-50000,170000
2010/09/30,0,0,-5000,-5000
2010/10/01,0,0,-65000,-65000
2010/10/04,0,2453000,-128000,2325000
2010/10/05,0,4609000,-223000,4386000
2010/10/06,0,1697000,-1907000,-210000
2010/10/07,0,430000,-490000,-60000
2010/10/08,0,823000,-2984000,-2161000
2010/10/11,0,130000,-1409000,-1279000
2010/10/12,0,160000,-5961000,-5801000
2010/10/13,0,140000,-1341000,-1201000
2010/10/14,0,914000,-2114000,-1200000
2010/10/15,0,1837000,-1020000,817000
2010/10/18,0,130000,-1889000,-1759000
2010/10/19,0,14000,-2004000,-1990000
2010/10/20,0,600000,-436000,164000
2010/10/21,0,215000,-4562000,-4347000
2010/10/22,0,0,-1767000,-1767000
2010/10/25,0,20000,-230000,-210000
2010/10/26,0,0,-530000,-530000
2010/10/27,0,2000,-291000,-289000
2010/10/28,0,0,-2968000,-2968000
2010/10/29,0,166000,-226000,-60000
2010/11/01,0,200000,-500000,-300000
2010/11/02,0,0,-344000,-344000
2010/11/03,0,40000,-1093000,-1053000
2010/11/04,0,480000,-2205000,-1725000
2010/11/05,0,400000,-308000,92000
2010/11/08,0,1240000,-100000,1140000
2010/11/09,0,304000,0,304000
2010/11/10,0,0,-250000,-250000
2010/11/11,0,202000,-303000,-101000
2010/11/12,0,0,-251000,-251000
2010/11/15,0,0,-237000,-237000
2010/11/16,0,0,-373000,-373000
2010/11/17,0,1851000,0,1851000
2010/11/18,0,1380000,0,1380000
2010/11/19,0,837000,0,837000
2010/11/22,0,0,-4999,-4999
2010/11/23,0,1030000,-1000,1029000
2010/11/24,0,0,-548001,-548001
2010/11/25,0,0,-1016000,-1016000
2010/11/26,0,0,-501000,-501000
2010/11/29,0,180000,-1790000,-1610000
2010/11/30,0,0,-1509000,-1509000
2010/12/01,0,50000,-1609000,-1559000
2010/12/02,0,778000,-518000,260000
2010/12/03,0,100000,-867000,-767000
2010/12/06,0,895000,-143000,752000
2010/12/07,0,750000,0,750000
2010/12/08,0,50000,-2000,48000
2010/12/09,0,0,-334000,-334000
2010/12/10,0,125000,-31000,94000
2010/12/13,0,1438000,-198000,1240000
2010/12/14,0,468000,-94000,374000
2010/12/15,0,1532000,-470000,1062000
2010/12/16,0,50000,-2000,48000
2010/12/17,0,550000,-1603000,-1053000
2010/12/20,0,200000,-768000,-568000
2010/12/21,0,1000,-958000,-957000
2010/12/22,0,1011000,0,1011000
2010/12/23,0,250000,-958000,-708000
2010/12/24,0,0,-771000,-771000
2010/12/27,0,0,-878000,-878000
2010/12/28,0,0,-2989000,-2989000
2010/12/29,0,0,-853000,-853000
2010/12/30,0,0,-200000,-200000
2010/12/31,0,0,0,0
2011/01/03,0,800000,-30000,770000
2011/01/04,0,405000,-213000,192000
2011/01/05,0,574000,0,574000
2011/01/06,0,596000,0,596000
2011/01/07,0,687000,-480000,207000
2011/01/10,0,203000,-650000,-447000
2011/01/11,0,55000,-368000,-313000
2011/01/12,0,0,0,0
2011/01/13,0,30000,-540000,-510000
2011/01/14,0,50000,-148000,-98000
2011/01/17,0,24000,-628000,-604000
2011/01/18,0,424000,-500000,-76000
2011/01/19,0,660000,-102000,558000
2011/01/20,0,0,-975000,-975000
2011/01/21,0,0,-1187000,-1187000
2011/01/24,0,0,-1200000,-1200000
2011/01/25,0,1000,-350000,-349000
2011/01/26,0,0,-251000,-251000
2011/01/27,0,0,-1000,-1000
2011/01/28,0,0,-102000,-102000
2011/01/31,0,0,0,0
2011/02/01,0,0,0,0
2011/02/02,0,0,0,0
2011/02/03,0,0,0,0
2011/02/04,0,0,0,0
2011/02/07,0,0,0,0
2011/02/08,0,0,0,0
2011/02/09,0,1351000,0,1351000
2011/02/10,0,101000,-82000,19000
2011/02/11,0,417000,-550000,-133000
2011/02/14,0,0,0,0
2011/02/15,0,2000,-610000,-608000
2011/02/16,0,410000,-1221000,-811000
2011/02/17,0,247000,0,247000
2011/02/18,0,237000,0,237000
2011/02/21,0,0,-1000,-1000
2011/02/22,0,10000,-200000,-190000
2011/02/23,0,17000,-284000,-267000
2011/02/24,0,201000,0,201000
2011/02/25,0,0,-1710000,-1710000
2011/02/28,0,0,0,0
2011/03/01,0,0,-2445000,-2445000
2011/03/02,0,0,-1570000,-1570000
2011/03/03,0,0,-1272000,-1272000
2011/03/04,0,0,-980000,-980000
2011/03/07,0,700000,-500000,200000
2011/03/08,0,583000,-112000,471000
2011/03/09,0,519000,0,519000
2011/03/10,0,0,-804000,-804000
2011/03/11,0,725000,-67000,658000
2011/03/14,0,1000,-1709000,-1708000
2011/03/15,0,101000,-4301000,-4200000
2011/03/16,0,735000,-147000,588000
2011/03/17,0,139000,-140000,-1000
2011/03/18,0,0,-1398000,-1398000
2011/03/21,0,0,-650000,-650000
2011/03/22,0,527000,0,527000
2011/03/23,0,427000,0,427000
2011/03/24,0,29000,0,29000
2011/03/25,0,0,0,0
2011/03/28,0,0,-595000,-595000
2011/03/29,0,1128000,0,1128000
2011/03/30,0,1008000,-18000,990000
2011/03/31,0,1100000,-1020000,80000
2011/04/01,0,183000,-37000,146000
2011/04/04,0,0,0,0
2011/04/05,0,0,0,0
2011/04/06,0,745000,-80000,665000
2011/04/07,0,452000,-71000,381000
2011/04/08,0,147000,-100000,47000
2011/04/11,0,0,0,0
2011/04/12,0,500000,-101000,399000
2011/04/13,0,86000,-2334000,-2248000
2011/04/14,0,27000,-206000,-179000
2011/04/15,0,0,-350000,-350000
2011/04/18,0,0,-945000,-945000
2011/04/19,0,2000,0,2000
2011/04/20,0,220000,0,220000
2011/04/21,0,1772000,0,1772000
2011/04/22,0,2203000,-28000,2175000
2011/04/25,0,320000,-1000,319000
2011/04/26,0,90000,-3000,87000
2011/04/27,0,840000,-200000,640000
2011/04/28,0,190000,0,190000
2011/04/29,0,200000,-495000,-295000
2011/05/02,0,0,0,0
2011/05/03,0,527000,0,527000
2011/05/04,0,364000,-400000,-36000
2011/05/05,0,2722000,-455000,2267000
2011/05/06,0,1310000,-100000,1210000
2011/05/09,0,3635000,-70000,3565000
2011/05/10,0,864000,0,864000
2011/05/11,0,2286000,-616000,1670000
2011/05/12,0,2208000,-1000,2207000
2011/05/13,0,4139000,-55000,4084000
2011/05/16,0,357000,0,357000
2011/05/17,0,216000,-50000,166000
2011/05/18,0,1451000,-150000,1301000
2011/05/19,0,75000,-67000,8000
2011/05/20,0,221000,0,221000
2011/05/23,0,343000,0,343000
2011/05/24,0,250000,-420000,-170000
2011/05/25,0,278000,-433000,-155000
2011/05/26,0,1095000,0,1095000
2011/05/27,0,804000,-1000,803000
2011/05/30,0,1323000,0,1323000
2011/05/31,0,299000,0,299000
2011/06/01,0,1188000,-170000,1018000
2011/06/02,0,250000,0,250000
2011/06/03,0,500000,-98000,402000
2011/06/06,0,0,0,0
2011/06/07,0,112000,-148000,-36000
2011/06/08,0,75000,-461000,-386000
2011/06/09,0,36000,-133000,-97000
2011/06/10,0,100000,0,100000
2011/06/13,0,0,-316000,-316000
2011/06/14,0,21000,-141000,-120000
2011/06/15,0,73000,-112000,-39000
2011/06/16,0,0,-148000,-148000
2011/06/17,0,563000,-8000,555000
2011/06/20,0,986000,-1000,985000
2011/06/21,0,1879000,0,1879000
2011/06/22,0,1527000,-50000,1477000
2011/06/23,0,1395000,0,1395000
2011/06/24,0,761000,0,761000
2011/06/27,0,530000,0,530000
2011/06/28,0,432000,-2000,430000
2011/06/29,0,282000,0,282000
2011/06/30,0,2581000,0,2581000
2011/07/01,0,2110000,0,2110000
2011/07/04,0,3290000,-78000,3212000
2011/07/05,0,1112000,-1000,1111000
2011/07/06,0,776000,0,776000
2011/07/07,0,856000,-180000,676000
2011/07/08,0,1395000,-1000,1394000
2011/07/11,0,672000,-170000,502000
2011/07/12,0,601000,-502000,99000
2011/07/13,0,963000,0,963000
2011/07/14,0,722000,-135000,587000
2011/07/15,0,682000,0,682000
2011/07/18,0,349000,0,349000
2011/07/19,0,127000,0,127000
2011/07/20,0,290000,-101000,189000
2011/07/21,0,185000,0,185000
2011/07/22,0,136000,-342000,-206000
2011/07/25,0,0,-91000,-91000
2011/07/26,0,91000,-26000,65000
2011/07/27,0,288000,-286000,2000
2011/07/28,0,2385000,-2503000,-118000
2011/07/29,0,144000,-1950000,-1806000
2011/08/01,0,1000,0,1000
2011/08/02,0,301000,-974000,-673000
2011/08/03,0,4000,-886000,-882000
2011/08/04,0,1908000,0,1908000
2011/08/05,0,81000,-329000,-248000
2011/08/08,0,1054000,-536000,518000
2011/08/09,0,2470000,-99000,2371000
2011/08/10,0,1837000,-2000,1835000
2011/08/11,0,2085000,-100000,1985000
2011/08/12,0,905000,-4000,901000
2011/08/15,0,198000,-2060000,-1862000
2011/08/16,0,118000,-243000,-125000
2011/08/17,0,590000,-31000,559000
2011/08/18,0,104000,-665000,-561000
2011/08/19,0,476000,-117000,359000
2011/08/22,0,16000,-333000,-317000
2011/08/23,0,975000,0,975000
2011/08/24,0,228000,0,228000
2011/08/25,0,45000,-192000,-147000
2011/08/26,0,169000,-2547000,-2378000
2011/08/29,0,72000,0,72000
2011/08/30,0,1089000,-1208000,-119000
2011/08/31,0,110000,-314000,-204000
2011/09/01,0,814000,-410000,404000
2011/09/02,0,136000,-1359000,-1223000
2011/09/05,0,30000,-152000,-122000
2011/09/06,0,61000,-2059000,-1998000
2011/09/07,0,191000,-4775871,-4584871
2011/09/08,0,180000,-524000,-344000
2011/09/09,0,5000,-1268000,-1263000
2011/09/12,0,0,0,0
2011/09/13,0,9000,-621835,-612835
2011/09/14,0,83000,-3509000,-3426000
2011/09/15,0,308000,-2686000,-2378000
2011/09/16,0,6021000,-438000,5583000
2011/09/19,0,5525000,-12317,5512683
2011/09/20,0,929000,-966000,-37000
2011/09/21,0,70000,-310004,-240004
2011/09/22,0,900000,-2000,898000
2011/09/23,0,94000,-418000,-324000
2011/09/26,0,310000,-958000,-648000
2011/09/27,0,747000,-818000,-71000
2011/09/28,0,0,-368000,-368000
2011/09/29,0,9000,-548000,-539000
2011/09/30,0,63000,-1037000,-974000
2011/10/03,0,0,-802000,-802000
2011/10/04,0,148000,-1076000,-928000
2011/10/05,0,519000,-736000,-217000
2011/10/06,0,280000,-1000,279000
2011/10/07,0,2945000,0,2945000
2011/10/10,0,0,0,0
2011/10/11,0,675000,0,675000
2011/10/12,0,438000,-201000,237000
2011/10/13,0,657000,-517000,140000
2011/10/14,0,135000,-4000,131000
2011/10/17,0,15000,-1568,13432
2011/10/18,0,4079,0,4079
2011/10/19,0,275000,0,275000
2011/10/20,0,60000,-251000,-191000
2011/10/21,0,125000,-1774000,-1649000
2011/10/24,0,37000,-100000,-63000
2011/10/25,0,76000,-1282000,-1206000
2011/10/26,0,178000,-80000,98000
2011/10/27,0,2141000,-410000,1731000
2011/10/28,0,360000,0,360000
2011/10/31,0,0,-2000,-2000
2011/11/01,0,602000,-74000,528000
2011/11/02,0,173000,0,173000
2011/11/03,0,239000,0,239000
2011/11/04,0,510000,-17000,493000
2011/11/07,0,141000,0,141000
2011/11/08,0,163000,0,163000
2011/11/09,0,0,-4176000,-4176000
2011/11/10,0,21000,-1055000,-1034000
2011/11/11,0,50000,-701000,-651000
2011/11/14,0,305000,-3611,301389
2011/11/15,0,10000,-573000,-563000
2011/11/16,0,40000,-2935000,-2895000
2011/11/17,0,181000,-2189000,-2008000
2011/11/18,0,206000,-1125000,-919000
2011/11/21,0,3000,-717000,-714000
2011/11/22,0,1000,-344000,-343000
2011/11/23,0,5000,-443000,-438000
2011/11/24,0,3000,-900000,-897000
2011/11/25,0,211000,0,211000
2011/11/28,0,771000,-59000,712000
2011/11/29,0,2000,0,2000
2011/11/30,0,83000,-646000,-563000
2011/12/01,0,173000,-10000,163000
2011/12/02,0,34000,-921000,-887000
2011/12/05,0,2000,-261000,-259000
2011/12/06,0,0,-3887000,-3887000
2011/12/07,0,77000,-3282000,-3205000
2011/12/08,0,374000,-1120000,-746000
2011/12/09,0,180000,-2103166,-1923166
2011/12/12,0,0,-22000,-22000
2011/12/13,0,250000,-3315000,-3065000
2011/12/14,0,0,-3689000,-3689000
2011/12/15,0,0,-480000,-480000
2011/12/16,0,91000,-597500,-506500
2011/12/19,0,156000,-470000,-314000
2011/12/20,0,1000,-2558000,-2557000
2011/12/21,0,0,-557000,-557000
2011/12/22,0,450000,-667000,-217000
2011/12/23,0,581000,-115000,466000
2011/12/26,0,1611000,-85000,1526000
2011/12/27,0,3000,-63000,-60000
2011/12/28,0,339000,-6000,333000
2011/12/29,0,6000,-400000,-394000
2011/12/30,0,120000,-3000,117000
2012/01/02,0,830000,-1086000,-256000
2012/01/03,0,1233000,-857000,376000
2012/01/04,0,90000,-550000,-460000
2012/01/05,0,3267,-86000,-82733
2012/01/06,0,0,-1371000,-1371000
2012/01/09,0,250000,-868000,-618000
2012/01/10,0,848000,-475000,373000
2012/01/11,0,1616000,-302000,1314000
2012/01/12,0,176000,-517000,-341000
2012/01/13,0,200000,-496000,-296000
2012/01/16,0,1134000,-2558000,-1424000
2012/01/17,0,326000,-1919000,-1593000
2012/01/18,0,450000,-1422000,-972000
2012/01/19,0,0,0,0
2012/01/20,0,0,0,0
2012/01/23,0,0,0,0
2012/01/24,0,0,0,0
2012/01/25,0,0,0,0
2012/01/26,0,0,0,0
2012/01/27,0,0,0,0
2012/01/30,0,0,-193000,-193000
2012/01/31,0,1000,-185000,-184000
2012/02/01,0,1959000,-53000,1906000
2012/02/02,0,1013000,-62000,951000
2012/02/03,0,1050000,-417000,633000
2012/02/06,0,100000,-379000,-279000
2012/02/07,0,200000,-116000,84000
2012/02/08,0,1095000,-1000,1094000
2012/02/09,0,1048529,-13000,1035529
2012/02/10,0,874000,-2000,872000
2012/02/13,0,0,-20000,-20000
2012/02/14,0,509000,-23000,486000
2012/02/15,0,258000,-1087000,-829000
2012/02/16,0,130000,-3390000,-3260000
2012/02/17,0,0,-116000,-116000
2012/02/20,0,160000,-1000,159000
2012/02/21,0,0,-30000,-30000
2012/02/22,0,300000,-183000,117000
2012/02/23,0,50000,-1000,49000
2012/02/24,0,25000,-4000,21000
2012/02/27,0,0,0,0
2012/02/28,0,0,0,0
2012/02/29,0,0,-97000,-97000
2012/03/01,0,474000,-2420000,-1946000
2012/03/02,0,23000,-116000,-93000
2012/03/05,0,0,-2181000,-2181000
2012/03/06,0,0,-1399000,-1399000
2012/03/07,0,200000,-21000,179000
2012/03/08,0,60000,-497663,-437663
2012/03/09,0,0,-259000,-259000
2012/03/12,0,0,-260000,-260000
2012/03/13,0,0,-150000,-150000
2012/03/14,0,24000,-10000,14000
2012/03/15,0,111000,-599000,-488000
2012/03/16,0,0,-748000,-748000
2012/03/19,0,800050,-500000,300050
2012/03/20,0,0,-73000,-73000
2012/03/21,0,0,-326000,-326000
2012/03/22,0,0,-1047000,-1047000
2012/03/23,0,50000,-24000,26000
2012/03/26,0,0,0,0
2012/03/27,0,595000,0,595000
2012/03/28,0,145000,-2102000,-1957000
2012/03/29,0,40000,-2325000,-2285000
2012/03/30,0,13000,-2000,11000
2012/04/02,0,0,-1380000,-1380000
2012/04/03,0,204000,-1910000,-1706000
2012/04/04,0,0,0,0
2012/04/05,0,46745,-161000,-114255
2012/04/06,0,4000,-438000,-434000
2012/04/09,0,153000,-3000,150000
2012/04/10,0,45000,-65000,-20000
2012/04/11,0,0,0,0
2012/04/12,0,10000,0,10000
2012/04/13,0,67000,-163000,-96000
2012/04/16,0,8000,-352000,-344000
2012/04/17,0,27000,-755000,-728000
2012/04/18,0,66000,-343000,-277000
2012/04/19,0,315000,-460000,-145000
2012/04/20,0,154000,-1027000,-873000
2012/04/23,0,1000,-118000,-117000
2012/04/24,0,269000,-159000,110000
2012/04/25,0,0,-252000,-252000
2012/04/26,0,0,-185000,-185000
2012/04/27,0,56000,-173000,-117000
2012/04/30,0,25000,-87000,-62000
2012/05/01,0,0,0,0
2012/05/02,0,46000,-160000,-114000
2012/05/03,0,356000,-83753,272247
2012/05/04,0,1500000,-2000,1498000
2012/05/07,0,40000,0,40000
2012/05/08,0,0,-286000,-286000
2012/05/09,0,26000,0,26000
2012/05/10,0,215000,-20000,195000
2012/05/11,0,154000,-24000,130000
2012/05/14,0,150000,-7000,143000
2012/05/15,0,57000,-13000,44000
2012/05/16,0,4000,-229000,-225000
2012/05/17,0,0,-370000,-370000
2012/05/18,0,624000,-450000,174000
2012/05/21,0,563000,-500000,63000
2012/05/22,0,595000,0,595000
2012/05/23,0,250000,-25000,225000
2012/05/24,0,50000,0,50000
2012/05/25,0,20000,-167000,-147000
2012/05/28,0,0,0,0
2012/05/29,0,1769000,0,1769000
2012/05/30,0,1428258,0,1428258
2012/05/31,0,342000,-4000,338000
2012/06/01,0,137000,-159000,-22000
2012/06/04,0,1467000,0,1467000
2012/06/05,0,1138000,-236000,902000
2012/06/06,0,210000,-28000,182000
2012/06/07,0,0,0,0
2012/06/08,0,586000,0,586000
2012/06/11,0,1029000,0,1029000
2012/06/12,0,36000,-801000,-765000
2012/06/13,0,1070000,-75000,995000
2012/06/14,0,423000,-73000,350000
2012/06/15,0,41000,-60500,-19500
2012/06/18,0,0,-1000,-1000
2012/06/19,0,41000,-202000,-161000
2012/06/20,0,1002000,-75000,927000
2012/06/21,0,557000,-51000,506000
2012/06/22,0,701000,-380000,321000
2012/06/25,0,0,-40000,-40000
2012/06/26,0,424498,-6000,418498
2012/06/27,0,50000,-200000,-150000
2012/06/28,0,0,-301000,-301000
2012/06/29,0,0,0,0
2012/07/02,0,96000,-2167000,-2071000
2012/07/03,0,23000,-481000,-458000
2012/07/04,0,637000,-910000,-273000
2012/07/05,0,145000,-107000,38000
2012/07/06,0,300000,-161000,139000
2012/07/09,0,300000,0,300000
2012/07/10,0,10000,-500000,-490000
2012/07/11,0,451000,-761000,-310000
2012/07/12,0,600000,-326000,274000
2012/07/13,0,120000,0,120000
2012/07/16,0,206000,0,206000
2012/07/17,0,528000,-20000,508000
2012/07/18,0,286000,-9000,277000
2012/07/19,0,0,-100000,-100000
2012/07/20,0,0,0,0
2012/07/23,0,320000,-665000,-345000
2012/07/24,0,100000,0,100000
2012/07/25,0,110000,-90000,20000
2012/07/26,0,6000,0,6000
2012/07/27,0,41000,0,41000
2012/07/30,0,467000,0,467000
2012/07/31,0,248000,-70000,178000
2012/08/01,0,4373000,0,4373000
2012/08/02,0,0,0,0
2012/08/03,0,2522000,0,2522000
2012/08/06,0,1382000,-188000,1194000
2012/08/07,0,2042000,-38000,2004000
2012/08/08,0,2976000,-9000,2967000
2012/08/09,0,597000,-102000,495000
2012/08/10,0,167000,-138000,29000
2012/08/13,0,1193000,-2000,1191000
2012/08/14,0,473000,-1000,472000
2012/08/15,0,1105000,-127000,978000
2012/08/16,0,30000,-131000,-101000
2012/08/17,0,1530,-259000,-257470
2012/08/20,0,130000,-209000,-79000
2012/08/21,0,0,-101000,-101000
2012/08/22,0,0,-656000,-656000
2012/08/23,0,278000,-11000,267000
2012/08/24,0,212000,-305000,-93000
2012/08/27,0,1000,-1000,0
2012/08/28,0,0,-249000,-249000
2012/08/29,0,68000,-32000,36000
2012/08/30,0,0,-496000,-496000
2012/08/31,0,3000,-95000,-92000
2012/09/03,0,179000,-61000,118000
2012/09/04,0,10000,-1665000,-1655000
2012/09/05,0,1000,-575000,-574000
2012/09/06,0,1000,-1072000,-1071000
2012/09/07,0,486000,-1000,485000
2012/09/10,0,1024000,0,1024000
2012/09/11,0,1259000,-48000,1211000
2012/09/12,0,844500,-315000,529500
2012/09/13,0,111500,0,111500
2012/09/14,0,2376000,0,2376000
2012/09/17,0,4633000,0,4633000
2012/09/18,0,500000,-10000,490000
2012/09/19,0,771000,-5000,766000
2012/09/20,0,455000,-206000,249000
2012/09/21,0,369000,-47000,322000
2012/09/24,0,22000,-3000,19000
2012/09/25,0,700000,-146000,554000
2012/09/26,0,160000,-6000,154000
2012/09/27,0,149000,-213000,-64000
2012/09/28,0,1000,-1000,0
2012/10/01,0,701000,-371000,330000
2012/10/02,0,817000,-1382000,-565000
2012/10/03,0,0,-10000,-10000
2012/10/04,0,0,-70000,-70000
2012/10/05,0,650000,0,650000
2012/10/08,0,50000,0,50000
2012/10/09,0,44000,0,44000
2012/10/10,0,0,0,0
2012/10/11,0,121000,-5000,116000
2012/10/12,0,68000,-87000,-19000
2012/10/15,0,255000,0,255000
2012/10/16,0,100000,0,100000
2012/10/17,0,146000,-8000,138000
2012/10/18,0,196000,-179000,17000
2012/10/19,0,210000,0,210000
2012/10/22,0,71000,-90000,-19000
2012/10/23,0,322000,-90000,232000
2012/10/24,0,643000,0,643000
2012/10/25,0,20000,-343000,-323000
2012/10/26,0,734000,-940000,-206000
2012/10/29,0,22638,-517000,-494362
2012/10/30,0,0,-3466000,-3466000
2012/10/31,0,300000,-3003000,-2703000
2012/11/01,0,15000,-2099000,-2084000
2012/11/02,0,2000,-1519000,-1517000
2012/11/05,0,33000,-659000,-626000
2012/11/06,0,0,-400000,-400000
2012/11/07,0,20000,0,20000
2012/11/08,0,0,0,0
2012/11/09,0,725000,-158000,567000
2012/11/12,0,0,0,0
2012/11/13,0,151000,-78000,73000
2012/11/14,0,55000,-13000,42000
2012/11/15,0,58000,-2000,56000
2012/11/16,0,0,0,0
2012/11/19,0,62000,0,62000
2012/11/20,0,87000,-79000,8000
2012/11/21,0,0,-260000,-260000
2012/11/22,0,15000,-373000,-358000
2012/11/23,0,41000,-350000,-309000
2012/11/26,0,200000,-130000,70000
2012/11/27,0,0,-846000,-846000
2012/11/28,0,72000,-282000,-210000
2012/11/29,0,302000,0,302000
2012/11/30,0,0,-44000,-44000
2012/12/03,0,0,-120000,-120000
2012/12/04,0,0,-941000,-941000
2012/12/05,0,0,-1177000,-1177000
2012/12/06,0,207000,-486000,-279000
2012/12/07,0,200000,-726000,-526000
2012/12/10,0,0,-165000,-165000
2012/12/11,0,0,-50000,-50000
2012/12/12,0,264000,-100000,164000
2012/12/13,0,3000000,-1000,2999000
2012/12/14,0,1741000,-1000,1740000
2012/12/17,0,637000,-104000,533000
2012/12/18,0,100000,-1000,99000
2012/12/19,0,1448000,-28000,1420000
2012/12/20,0,1837000,-234000,1603000
2012/12/21,0,100000,-528000,-428000
2012/12/24,0,250000,0,250000
2012/12/25,0,0,-50000,-50000
2012/12/26,0,28000,-40000,-12000
2012/12/27,0,0,-396000,-396000
2012/12/28,0,0,-328000,-328000
2012/12/31,0,0,0,0
2013/01/01,0,0,0,0
2013/01/02,0,191000,0,191000
2013/01/03,0,503000,-2000,501000
2013/01/04,0,409000,-7000,402000
2013/01/07,0,79000,-35000,44000
2013/01/08,0,360000,0,360000
2013/01/09,0,154000,-132000,22000
2013/01/10,0,0,-795000,-795000
2013/01/11,0,38000,-197000,-159000
2013/01/14,0,0,-280000,-280000
2013/01/15,0,66000,-3000,63000
2013/01/16,0,50000,-20000,30000
2013/01/17,0,0,-795182,-795182
2013/01/18,0,0,-1119000,-1119000
2013/01/21,0,0,-406000,-406000
2013/01/22,0,20000,-155000,-135000
2013/01/23,0,92000,-497000,-405000
2013/01/24,0,2000,-793000,-791000
2013/01/25,0,0,-1394000,-1394000
2013/01/28,0,0,-1843000,-1843000
2013/01/29,0,40000,-2152000,-2112000
2013/01/30,0,296000,-149000,147000
2013/01/31,0,4000,-122000,-118000
2013/02/01,0,1696000,-1816000,-120000
2013/02/04,0,36000,-1190000,-1154000
2013/02/05,0,1714000,-1564000,150000
2013/02/06,0,190000,-1499000,-1309000
2013/02/07,0,0,0,0
2013/02/08,0,0,0,0
2013/02/11,0,0,0,0
2013/02/12,0,0,0,0
2013/02/13,0,0,0,0
2013/02/14,0,0,0,0
2013/02/15,0,0,0,0
2013/02/18,0,45000,-450000,-405000
2013/02/19,0,130000,-1000,129000
2013/02/20,0,315000,-498000,-183000
2013/02/21,0,174000,-200000,-26000
2013/02/22,0,625000,-278000,347000
2013/02/25,0,57000,-350000,-293000
2013/02/26,0,0,-121000,-121000
2013/02/27,0,200000,-291000,-91000
2013/02/28,0,0,0,0
2013/03/01,0,27000,0,27000
2013/03/04,0,1089000,-70000,1019000
2013/03/05,0,758000,-37000,721000
2013/03/06,0,202000,-372000,-170000
2013/03/07,0,100000,0,100000
2013/03/08,0,830000,-2000,828000
2013/03/11,0,1200000,-1000,1199000
2013/03/12,0,178000,-5000,173000
2013/03/13,0,570000,-10000,560000
2013/03/14,0,0,-564000,-564000
2013/03/15,0,2000,-944000,-942000
2013/03/18,0,61000,-1000,60000
2013/03/19,0,0,-500,-500
2013/03/20,0,50000,0,50000
2013/03/21,0,97000,-70000,27000
2013/03/22,0,0,-2000,-2000
2013/03/25,0,0,-1000,-1000
2013/03/26,0,50000,-218000,-168000
2013/03/27,0,0,-86000,-86000
2013/03/28,0,0,-67000,-67000
2013/03/29,0,0,-453000,-453000
2013/04/01,0,0,-711000,-711000
2013/04/02,0,250000,-684000,-434000
2013/04/03,0,300000,-85000,215000
2013/04/04,0,0,0,0
2013/04/05,0,0,0,0
2013/04/08,0,30000,-252000,-222000
2013/04/09,0,25000,-1197000,-1172000
2013/04/10,0,25000,-708000,-683000
2013/04/11,0,0,-52000,-52000
2013/04/12,0,0,-1428000,-1428000
2013/04/15,0,500000,-880000,-380000
2013/04/16,0,4000,-240000,-236000
2013/04/17,0,200000,-258000,-58000
2013/04/18,0,0,-499000,-499000
2013/04/19,0,6820,-454000,-447180
2013/04/22,0,0,-453000,-453000
2013/04/23,0,0,-1000,-1000
2013/04/24,0,0,-65000,-65000
2013/04/25,0,0,-26000,-26000
2013/04/26,0,0,-121000,-121000
2013/04/29,0,1000,-11000,-10000
2013/04/30,0,0,-151000,-151000
2013/05/01,0,0,0,0
2013/05/02,0,0,-21000,-21000
2013/05/03,0,0,-181000,-181000
2013/05/06,0,0,-11000,-11000
2013/05/07,0,0,-10000,-10000
2013/05/08,0,0,-1000,-1000
2013/05/09,0,0,-101000,-101000
2013/05/10,0,0,-195000,-195000
2013/05/13,0,0,-102000,-102000
2013/05/14,0,0,-22000,-22000
2013/05/15,0,0,-39000,-39000
2013/05/16,0,0,-108000,-108000
2013/05/17,0,0,-45000,-45000
2013/05/20,0,0,-546000,-546000
2013/05/21,0,0,-115000,-115000
2013/05/22,0,0,-699000,-699000
2013/05/23,0,0,-137000,-137000
2013/05/24,0,0,-798000,-798000
2013/05/27,0,0,-912000,-912000
2013/05/28,0,0,-1000,-1000
2013/05/29,0,0,0,0
2013/05/30,0,0,-70000,-70000
2013/05/31,0,0,-30000,-30000
2013/06/03,0,0,-144000,-144000
2013/06/04,0,0,-56000,-56000
2013/06/05,0,0,-60000,-60000
2013/06/06,0,0,-534000,-534000
2013/06/07,0,0,0,0
2013/06/10,0,0,-80000,-80000
2013/06/11,0,9000,-217000,-208000
2013/06/12,0,0,0,0
2013/06/13,0,7000,-110000,-103000
2013/06/14,0,0,-138000,-138000
2013/06/17,0,0,-80000,-80000
2013/06/18,0,0,-1000,-1000
2013/06/19,0,0,-322000,-322000
2013/06/20,0,0,0,0
2013/06/21,0,1000,-616000,-615000
2013/06/24,0,0,-5000,-5000
2013/06/25,0,0,-104000,-104000
2013/06/26,0,0,-122000,-122000
2013/06/27,0,24000,-50000,-26000
2013/06/28,0,0,-50000,-50000
2013/07/01,0,113000,-51000,62000
2013/07/02,0,101000,0,101000
2013/07/03,0,0,0,0
2013/07/04,0,5000,0,5000
2013/07/05,0,10000,-122000,-112000
2013/07/08,0,0,0,0
2013/07/09,0,0,0,0
2013/07/10,0,0,0,0
2013/07/11,0,0,-10004,-10004
2013/07/12,0,0,-2000,-2000
2013/07/15,0,0,0,0
2013/07/16,0,0,0,0
2013/07/17,0,0,-126000,-126000
2013/07/18,0,0,-201000,-201000
2013/07/19,0,0,-5000,-5000
2013/07/22,0,149000,0,149000
2013/07/23,0,76000,0,76000
2013/07/24,0,30000,-145000,-115000
2013/07/25,0,500,0,500
2013/07/26,0,0,0,0
2013/07/29,0,0,0,0
2013/07/30,0,27000,-200000,-173000
2013/07/31,0,0,-109000,-109000
2013/08/01,0,0,0,0
2013/08/02,0,0,0,0
2013/08/05,0,0,-253000,-253000
2013/08/06,0,0,0,0
2013/08/07,0,0,0,0
2013/08/08,0,0,-565000,-565000
2013/08/09,0,102000,-160000,-58000
2013/08/12,0,0,0,0
2013/08/13,0,0,-500000,-500000
2013/08/14,0,1000,-392000,-391000
2013/08/15,0,0,-326000,-326000
2013/08/16,0,6000,0,6000
2013/08/19,0,1000,0,1000
2013/08/20,0,0,0,0
2013/08/21,0,0,0,0
2013/08/22,0,1000,0,1000
2013/08/23,0,3000,0,3000
2013/08/26,0,4000,0,4000
2013/08/27,0,0,0,0
2013/08/28,0,1000,0,1000
2013/08/29,0,0,0,0
2013/08/30,0,3000,-1000,2000
2013/09/02,0,0,0,0
2013/09/03,0,3821,0,3821
2013/09/04,0,0,-1000000,-1000000
2013/09/05,0,0,0,0
2013/09/06,0,1000,-500000,-499000
2013/09/09,0,0,-500000,-500000
2013/09/10,0,2000,-264000,-262000
2013/09/11,0,4000,-1961000,-1957000
2013/09/12,0,273000,-2223000,-1950000
2013/09/13,0,75000,-32000,43000
2013/09/16,0,1000,-61000,-60000
2013/09/17,0,44000,-100000,-56000
2013/09/18,0,2000,-65000,-63000
2013/09/19,0,0,0,0
2013/09/20,0,0,0,0
2013/09/23,0,0,0,0
2013/09/24,0,500,-570000,-569500
2013/09/25,0,0,-150000,-150000
2013/09/26,0,0,0,0
2013/09/27,0,3000,-154000,-151000
2013/09/30,0,56000,0,56000
2013/10/01,0,110000,-12000,98000
2013/10/02,0,2000,0,2000
2013/10/03,0,351000,0,351000
2013/10/04,0,410000,0,410000
2013/10/07,0,1515000,-150000,1365000
2013/10/08,0,100000,-5000,95000
2013/10/09,0,692000,-100000,592000
2013/10/10,0,0,0,0
2013/10/11,0,747000,0,747000
2013/10/14,0,186000,0,186000
2013/10/15,0,200000,-200000,0
2013/10/16,0,0,0,0
2013/10/17,0,1000,0,1000
2013/10/18,0,0,-500,-500
2013/10/21,0,138000,0,138000
2013/10/22,0,0,-4000,-4000
2013/10/23,0,100000,0,100000
2013/10/24,0,0,-500000,-500000
2013/10/25,0,0,-52000,-52000
2013/10/28,0,0,-6000,-6000
2013/10/29,0,220000,0,220000
2013/10/30,0,0,-129000,-129000
2013/10/31,0,0,-459000,-459000
2013/11/01,0,0,0,0
2013/11/04,0,0,0,0
2013/11/05,0,0,0,0
2013/11/06,0,20000,0,20000
2013/11/07,0,0,-86000,-86000
2013/11/08,0,0,0,0
2013/11/11,0,206000,-55000,151000
2013/11/12,0,0,-160000,-160000
2013/11/13,0,85000,-48000,37000
2013/11/14,0,0,-5000,-5000
2013/11/15,0,110000,0,110000
2013/11/18,0,345000,-400000,-55000
2013/11/19,0,0,-633000,-633000
2013/11/20,0,0,-615000,-615000
2013/11/21,0,50000,-729000,-679000
2013/11/22,0,35000,-621000,-586000
2013/11/25,0,3998,-639000,-635002
2013/11/26,0,0,-113000,-113000
2013/11/27,0,0,-960000,-960000
2013/11/28,0,0,-1084000,-1084000
2013/11/29,0,0,-23000,-23000
2013/12/02,0,0,-198000,-198000
2013/12/03,0,0,0,0
2013/12/04,0,0,0,0
2013/12/05,0,96000,-60000,36000
2013/12/06,0,56000,-151000,-95000
2013/12/09,0,105000,-111000,-6000
2013/12/10,0,0,-450000,-450000
2013/12/11,0,83000,-80000,3000
2013/12/12,0,820000,-22000,798000
2013/12/13,0,340000,0,340000
2013/12/16,0,880000,0,880000
2013/12/17,0,719000,-1000,718000
2013/12/18,0,181000,0,181000
2013/12/19,0,205000,-200000,5000
2013/12/20,0,1102000,-15000,1087000
2013/12/23,0,0,-100000,-100000
2013/12/24,0,300000,-4000,296000
2013/12/25,0,50000,-4000,46000
2013/12/26,0,0,0,0
2013/12/27,0,4000,-150000,-146000
2013/12/30,0,0,-32000,-32000
2013/12/31,0,0,-2000,-2000
2014/01/02,0,100000,-101000,-1000
2014/01/03,0,80000,-1000,79000
2014/01/06,0,600000,-1000,599000
2014/01/07,0,152000,-270000,-118000
2014/01/08,0,231000,-474000,-243000
2014/01/09,0,0,-655000,-655000
2014/01/10,0,0,-200000,-200000
2014/01/13,0,310000,0,310000
2014/01/14,0,0,-1000,-1000
2014/01/15,0,0,-79000,-79000
2014/01/16,0,0,0,0
2014/01/17,0,0,-1000,-1000
2014/01/20,0,0,-100000,-100000
2014/01/21,0,0,-22000,-22000
2014/01/22,0,0,-71000,-71000
2014/01/23,0,0,0,0
2014/01/24,0,0,-812000,-812000
2014/01/27,0,350000,-1000,349000
2014/02/05,0,0,-209000,-209000
2014/02/06,0,0,-310000,-310000
2014/02/07,0,0,0,0
2014/02/10,0,0,0,0
2014/02/11,0,30000,-101000,-71000
2014/02/12,0,149000,-50000,99000
2014/02/13,0,88000,-10612,77388
2014/02/14,0,0,-154000,-154000
2014/02/17,0,0,-613000,-613000
2014/02/18,0,0,-1732000,-1732000
2014/02/19,0,0,-18000,-18000
2014/02/20,0,0,-84000,-84000
2014/02/21,0,0,-230000,-230000
2014/02/24,0,0,-93000,-93000
2014/02/25,0,0,-1372000,-1372000
2014/02/26,0,50000,-473000,-423000
2014/02/27,0,0,0,0
2014/03/03,0,0,0,0
2014/03/04,0,0,0,0
2014/03/05,0,0,-14000,-14000
2014/03/06,0,0,-1000,-1000
2014/03/07,0,0,-101000,-101000
2014/03/10,0,0,-6000,-6000
2014/03/11,0,0,-197000,-197000
2014/03/12,0,0,-201000,-201000
2014/03/13,0,0,-55000,-55000
2014/03/14,0,0,-6000,-6000
2014/03/17,0,0,-228000,-228000
2014/03/18,0,0,-69000,-69000
2014/03/19,0,0,0,0
2014/03/20,0,0,0,0
2014/03/21,0,0,0,0
2014/03/24,0,0,0,0
2014/03/25,0,0,0,0
2014/03/26,0,0,-297000,-297000
2014/03/27,0,0,-60000,-60000
2014/03/28,0,0,-1000,-1000
2014/03/31,0,0,0,0
2014/04/01,0,0,-16000,-16000
2014/04/02,0,0,-56000,-56000
2014/04/03,0,0,-18000,-18000
2014/04/07,0,0,-2000,-2000
2014/04/08,0,0,0,0
2014/04/09,0,0,0,0
2014/04/10,0,5180,0,5180
2014/04/11,0,0,0,0
2014/04/14,0,0,0,0
2014/04/15,0,0,-5000,-5000
2014/04/16,0,0,0,0
2014/04/17,0,0,0,0
2014/04/18,0,0,0,0
2014/04/21,0,1000,-300000,-299000
2014/04/22,0,0,-351000,-351000
2014/04/23,0,0,0,0
2014/04/24,0,0,0,0
2014/04/25,0,0,-177000,-177000
2014/04/28,0,0,0,0
2014/04/29,0,0,-88000,-88000
2014/04/30,0,0,-1000,-1000
2014/05/02,0,0,0,0
2014/05/05,0,0,0,0
2014/05/06,0,0,0,0
2014/05/07,0,0,-150000,-150000
2014/05/08,0,0,-250000,-250000
2014/05/09,0,0,0,0
2014/05/12,0,0,0,0
2014/05/13,0,0,0,0
2014/05/14,0,0,0,0
2014/05/15,0,0,0,0
2014/05/16,0,0,0,0
2014/05/19,0,0,-1000,-1000
2014/05/20,0,0,0,0
2014/05/21,0,0,0,0
2014/05/22,0,0,0,0
2014/05/23,0,0,0,0
2014/05/26,0,0,-253000,-253000
2014/05/27,0,0,-388000,-388000
2014/05/28,0,0,-146000,-146000
2014/05/29,0,0,-1000,-1000
2014/05/30,0,7000,0,7000
2014/06/03,0,130000,0,130000
2014/06/04,0,0,0,0
2014/06/05,0,0,0,0
2014/06/06,0,130000,0,130000
2014/06/09,0,0,0,0
2014/06/10,0,0,-1000,-1000
2014/06/11,0,0,-4000,-4000
2014/06/12,0,2000,-3000,-1000
2014/06/13,0,0,-4000,-4000
2014/06/16,0,0,-2000,-2000
2014/06/17,0,0,-200000,-200000
2014/06/18,0,0,-350000,-350000
2014/06/19,0,0,-900000,-900000
2014/06/20,0,133000,-3557254,-3424254
2014/06/23,0,15000,-95000,-80000
2014/06/24,0,0,-3000,-3000
2014/06/25,0,0,-273000,-273000
2014/06/26,0,0,-300000,-300000
2014/06/27,0,0,-200000,-200000
2014/06/30,0,0,-221000,-221000
2014/07/01,0,0,0,0
2014/07/02,0,0,-2362,-2362
2014/07/03,0,0,-41000,-41000
2014/07/04,0,0,0,0
2014/07/07,0,0,-50000,-50000
2014/07/08,0,0,-50000,-50000
2014/07/09,0,0,-60000,-60000
2014/07/10,0,0,0,0
2014/07/11,0,0,0,0
2014/07/14,0,0,0,0
2014/07/15,0,0,-2000,-2000
2014/07/16,0,0,0,0
2014/07/17,0,5000,0,5000
2014/07/18,0,0,0,0
2014/07/21,0,0,0,0
2014/07/22,0,5000,0,5000
2014/07/23,0,0,0,0
2014/07/24,0,2000,0,2000
2014/07/25,0,1000,0,1000
2014/07/28,0,530000,0,530000
2014/07/29,0,1000,0,1000
2014/07/30,0,29000,0,29000
2014/07/31,0,10000,0,10000
2014/08/01,0,6000,0,6000
2014/08/04,0,0,0,0
2014/08/05,0,35000,0,35000
2014/08/06,0,2000,-260000,-258000
2014/08/07,0,9000,0,9000
2014/08/08,0,12000,0,12000
2014/08/11,0,3000,0,3000
2014/08/12,0,7000,0,7000
2014/08/13,0,2000,0,2000
2014/08/14,0,4000,0,4000
2014/08/15,0,2000,0,2000
2014/08/18,0,0,0,0
2014/08/19,0,2000,0,2000
2014/08/20,0,0,0,0
2014/08/21,0,94000,0,94000
2014/08/22,0,0,0,0
2014/08/25,0,0,-185000,-185000
2014/08/26,0,0,0,0
2014/08/27,0,0,0,0
2014/08/28,0,7000,0,7000
2014/08/29,0,0,-1000,-1000
2014/09/01,0,0,0,0
2014/09/02,0,0,0,0
2014/09/03,0,3000,0,3000
2014/09/04,0,4000,0,4000
2014/09/05,0,4000,0,4000
2014/09/09,0,0,0,0
2014/09/10,0,0,0,0
2014/09/11,0,7000,-150000,-143000
2014/09/12,0,6000,0,6000
2014/09/15,0,1000,0,1000
2014/09/16,0,0,0,0
2014/09/17,0,3000,0,3000
2014/09/18,0,0,0,0
2014/09/19,0,1000,0,1000
2014/09/22,0,8779,-70000,-61221
2014/09/23,0,0,-9000,-9000
2014/09/24,0,0,0,0
2014/09/25,0,0,0,0
2014/09/26,0,0,0,0
2014/09/29,0,0,0,0
2014/09/30,0,7000,0,7000
2014/10/01,0,0,0,0
2014/10/02,0,1000,0,1000
2014/10/03,0,0,0,0
2014/10/06,0,2000,0,2000
2014/10/07,0,1000,0,1000
2014/10/08,0,1000,0,1000
2014/10/09,0,0,-1000,-1000
2014/10/13,0,0,0,0
2014/10/14,0,0,0,0
2014/10/15,0,0,0,0
2014/10/16,0,0,0,0
2014/10/17,0,0,0,0
2014/10/20,0,0,0,0
2014/10/21,0,1000,0,1000
2014/10/22,0,0,0,0
2014/10/23,0,3000,0,3000
2014/10/24,0,0,-40000,-40000
2014/10/27,0,0,-40000,-40000
2014/10/28,0,0,0,0
2014/10/29,0,2000,0,2000
2014/10/30,0,0,0,0
2014/10/31,0,0,0,0
2014/11/03,0,0,-58000,-58000
2014/11/04,0,0,0,0
2014/11/05,0,0,0,0
2014/11/06,0,0,0,0
2014/11/07,0,0,0,0
2014/11/10,0,0,0,0
2014/11/11,0,6000,0,6000
2014/11/12,0,4000,0,4000
2014/11/13,0,0,0,0
2014/11/14,0,0,0,0
2014/11/17,0,0,0,0
2014/11/18,0,0,0,0
2014/11/19,0,451000,0,451000
2014/11/20,0,209000,0,209000
2014/11/21,0,319000,0,319000
2014/11/24,0,1047000,0,1047000
2014/11/25,0,719000,0,719000
2014/11/26,0,0,-1000,-1000
2014/11/27,0,0,0,0
2014/11/28,0,239000,0,239000
2014/12/01,0,131000,0,131000
2014/12/02,0,58000,0,58000
2014/12/03,0,32000,-1000,31000
2014/12/04,0,0,0,0
2014/12/05,0,0,-29000,-29000
2014/12/08,0,0,0,0
2014/12/09,0,0,0,0
2014/12/10,0,0,0,0
2014/12/11,0,576550,0,576550
2014/12/12,0,200000,0,200000
2014/12/15,0,0,-124000,-124000
2014/12/16,0,1000,-5000,-4000
2014/12/17,0,500000,0,500000
2014/12/18,0,43000,0,43000
2014/12/19,0,0,-5000,-5000
2014/12/22,0,423000,0,423000
2014/12/23,0,0,0,0
2014/12/24,0,0,0,0
2014/12/25,0,1150000,0,1150000
2014/12/26,0,0,0,0
2014/12/29,0,0,0,0
2014/12/30,0,0,0,0
2014/12/31,0,0,0,0
2015/01/01,0,0,0,0
2015/01/02,0,0,0,0
2015/01/05,0,0,0,0
2015/01/06,0,330000,0,330000
2015/01/07,0,0,0,0
2015/01/08,0,0,0,0
2015/01/09,0,0,0,0
2015/01/12,0,0,0,0
2015/01/13,0,150000,0,150000
2015/01/14,0,335000,0,335000
2015/01/15,0,915000,0,915000
2015/01/16,0,50000,0,50000
2015/01/19,0,0,-1000,-1000
2015/01/20,0,28000,0,28000
2015/01/21,0,0,0,0
2015/01/22,0,0,-552000,-552000
2015/01/23,0,0,-442000,-442000
2015/01/26,0,0,-208000,-208000
2015/01/27,0,60000,0,60000
2015/01/28,0,0,0,0
2015/01/29,0,0,0,0
2015/01/30,0,0,0,0
2015/02/02,0,0,0,0
2015/02/03,0,0,0,0
2015/02/04,0,0,0,0
2015/02/05,0,0,-75000,-75000
2015/02/06,0,50000,-150000,-100000
2015/02/09,0,0,-55000,-55000
2015/02/10,0,0,-140000,-140000
2015/02/11,0,32000,-155000,-123000
2015/02/12,0,32000,-301000,-269000
2015/02/13,0,32000,-273000,-241000
2015/02/16,0,0,0,0
2015/02/17,0,0,0,0
2015/02/18,0,0,0,0
2015/02/19,0,0,0,0
2015/02/20,0,0,0,0
2015/02/23,0,0,0,0
2015/02/24,0,0,0,0
2015/02/25,0,0,0,0
2015/02/26,0,0,0,0
2015/02/27,0,0,0,0
2015/03/02,0,0,0,0
2015/03/03,0,0,-100000,-100000
2015/03/04,0,2000,0,2000
2015/03/05,0,0,0,0
2015/03/06,0,0,0,0
2015/03/09,0,0,0,0
2015/03/10,0,0,0,0
2015/03/11,0,0,0,0
2015/03/12,0,0,-1173,-1173
2015/03/13,0,0,0,0
2015/03/16,0,0,0,0
2015/03/17,0,0,0,0
2015/03/18,0,0,0,0
2015/03/19,0,0,-100000,-100000
2015/03/20,0,0,-185000,-185000
2015/03/23,0,0,-53000,-53000
2015/03/24,0,0,-1000,-1000
2015/03/25,0,0,0,0
2015/03/26,0,0,0,0
2015/03/27,0,0,0,0
2015/03/30,0,0,0,0
2015/03/31,0,0,0,0
2015/04/01,0,0,-364000,-364000
2015/04/02,0,0,0,0
2015/04/03,0,0,0,0
2015/04/06,0,0,0,0
2015/04/07,0,0,-540000,-540000
2015/04/08,0,0,0,0
2015/04/09,0,0,0,0
2015/04/10,0,0,0,0
2015/04/13,0,0,0,0
2015/04/14,0,0,0,0
2015/04/15,0,0,-7000,-7000
2015/04/16,0,0,0,0
2015/04/17,0,0,0,0
2015/04/20,0,0,-1000,-1000
2015/04/21,0,0,0,0
2015/04/22,0,0,-60000,-60000
2015/04/23,0,0,0,0
2015/04/24,0,0,-1000,-1000
2015/04/27,0,0,0,0
2015/04/28,0,0,0,0
2015/04/29,0,0,-2000,-2000
2015/04/30,0,0,0,0
2015/05/01,0,0,0,0
2015/05/04,0,0,0,0
2015/05/05,0,0,0,0
2015/05/06,0,0,-30000,-30000
2015/05/07,0,0,0,0
2015/05/08,0,0,-30000,-30000
2015/05/11,0,0,0,0
2015/05/12,0,0,0,0
2015/05/13,0,0,0,0
2015/05/14,0,0,0,0
2015/05/15,0,0,0,0
2015/05/18,0,0,0,0
2015/05/19,0,0,0,0
2015/05/20,0,0,0,0
2015/05/21,0,0,0,0
2015/05/22,0,0,0,0
2015/05/25,0,0,0,0
2015/05/26,0,0,0,0
2015/05/27,0,0,0,0
2015/05/28,0,21000,0,21000
2015/05/29,0,0,-2000,-2000
2015/06/01,0,0,0,0
2015/06/02,0,0,0,0
2015/06/03,0,0,0,0
2015/06/04,0,1217,0,1217
2015/06/05,0,0,-1000,-1000
2015/06/08,0,0,0,0
2015/06/09,0,0,0,0
2015/06/10,0,1000,0,1000
2015/06/11,0,0,0,0
2015/06/12,0,0,-1000,-1000
2015/06/15,0,0,0,0
2015/06/16,0,0,-1000,-1000
2015/06/17,0,0,-390000,-390000
2015/06/18,0,0,-1000,-1000
2015/06/19,0,0,0,0
2015/06/22,0,0,-7000,-7000
2015/06/23,0,0,0,0
2015/06/24,0,0,0,0
2015/06/25,0,0,0,0
2015/06/26,0,0,0,0
2015/06/29,0,11000,0,11000
2015/06/30,0,0,0,0
2015/07/01,0,0,0,0
2015/07/02,0,0,0,0
2015/07/03,0,0,0,0
2015/07/06,0,0,0,0
2015/07/07,0,0,0,0
2015/07/08,0,0,-170000,-170000
2015/07/09,0,0,-3000,-3000
2015/07/10,0,0,0,0
2015/07/13,0,0,0,0
2015/07/14,0,0,0,0
2015/07/15,0,8000,0,8000
2015/07/16,0,0,0,0
2015/07/17,0,89000,0,89000
2015/07/20,0,0,0,0
2015/07/21,0,1000,0,1000
2015/07/22,0,0,0,0
2015/07/23,0,1000,0,1000
2015/07/24,0,20000,0,20000
2015/07/27,0,0,0,0
2015/07/28,0,13000,0,13000
2015/07/29,0,0,0,0
2015/07/30,0,7000,0,7000
2015/07/31,0,0,-2000,-2000
2015/08/03,0,76000,-130000,-54000
2015/08/04,0,1000,0,1000
2015/08/05,0,49000,0,49000
2015/08/06,0,3000,0,3000
2015/08/07,0,1000,0,1000
2015/08/10,0,1000,0,1000
2015/08/11,0,0,0,0
2015/08/12,0,74000,-128000,-54000
2015/08/13,0,0,0,0
2015/08/14,0,248000,0,248000
2015/08/17,0,1000,0,1000
2015/08/18,0,0,0,0
2015/08/19,0,0,0,0
2015/08/20,0,1000,0,1000
2015/08/21,0,0,0,0
2015/08/24,0,202000,0,202000
2015/08/25,0,0,-326,-326
2015/08/26,0,79000,0,79000
2015/08/27,0,366000,0,366000
2015/08/28,0,0,-98000,-98000
2015/08/31,0,321000,-157000,164000
2015/09/01,0,210000,-554000,-344000
2015/09/02,0,180000,0,180000
2015/09/03,0,10000,0,10000
2015/09/04,0,0,0,0
2015/09/07,0,5000,0,5000
2015/09/08,0,3000,0,3000
2015/09/09,0,0,0,0
2015/09/10,0,0,0,0
2015/09/11,0,3000,0,3000
2015/09/14,0,1000,0,1000
2015/09/15,0,2000,0,2000
2015/09/16,0,0,0,0
2015/09/17,0,0,0,0
2015/09/18,0,0,-2000,-2000
2015/09/21,0,6000,0,6000
2015/09/22,0,2710,0,2710
2015/09/23,0,0,0,0
2015/09/24,0,0,0,0
2015/09/25,0,0,0,0
2015/09/28,0,0,0,0
2015/09/29,0,0,0,0
2015/09/30,0,0,0,0
2015/10/01,0,2000,-350000,-348000
2015/10/02,0,7000,0,7000
2015/10/05,0,0,-266000,-266000
2015/10/06,0,0,-84000,-84000
2015/10/07,0,1000,-100000,-99000
2015/10/08,0,0,0,0
2015/10/09,0,0,0,0
2015/10/12,0,0,0,0
2015/10/13,0,0,0,0
2015/10/14,0,0,0,0
2015/10/15,0,0,0,0
2015/10/16,0,2000,0,2000
2015/10/19,0,0,0,0
2015/10/20,0,0,0,0
2015/10/21,0,0,0,0
2015/10/22,0,0,0,0
2015/10/23,0,0,0,0
2015/10/26,0,0,0,0
2015/10/27,0,0,0,0
2015/10/28,0,0,0,0
2015/10/29,0,0,0,0
2015/10/30,0,0,0,0
2015/11/02,0,0,0,0
2015/11/03,0,2000,0,2000
2015/11/04,0,9000,-1000,8000
2015/11/05,0,0,0,0
2015/11/06,0,0,0,0
2015/11/09,0,1000,0,1000
2015/11/10,0,0,0,0
2015/11/11,0,0,0,0
2015/11/12,0,0,0,0
2015/11/13,0,0,0,0
2015/11/16,0,0,0,0
2015/11/17,0,0,0,0
2015/11/18,0,0,0,0
2015/11/19,0,0,0,0
2015/11/20,0,0,-40000,-40000
2015/11/23,0,0,-60000,-60000
2015/11/24,0,0,0,0
2015/11/25,0,0,0,0
2015/11/26,0,120000,0,120000
2015/11/27,0,632000,0,632000
2015/11/30,0,503000,0,503000
2015/12/01,0,0,0,0
2015/12/02,0,99000,0,99000
2015/12/03,0,280000,0,280000
2015/12/04,0,0,0,0
2015/12/07,0,0,0,0
2015/12/08,0,0,0,0
2015/12/09,0,0,0,0
2015/12/10,0,0,0,0
2015/12/11,0,0,0,0
2015/12/14,0,0,-853,-853
2015/12/15,0,0,0,0
2015/12/16,0,0,0,0
2015/12/17,0,0,0,0
2015/12/18,0,0,0,0
2015/12/21,0,0,0,0
2015/12/22,0,0,0,0
2015/12/23,0,0,0,0
2015/12/24,0,0,0,0
2015/12/25,0,0,0,0
2015/12/28,0,0,-7000,-7000
2015/12/29,0,0,-10000,-10000
2015/12/30,0,0,0,0
2015/12/31,0,0,-1000000,-1000000
2016/01/01,0,0,0,0
2016/01/04,0,0,0,0
2016/01/05,0,191000,-1000,190000
2016/01/06,0,0,-273000,-273000
2016/01/07,0,44000,0,44000
2016/01/08,0,0,0,0
2016/01/11,0,0,0,0
2016/01/12,0,0,0,0
2016/01/13,0,0,-1181000,-1181000
2016/01/14,0,0,0,0
2016/01/15,0,0,-4000,-4000
2016/01/18,0,0,0,0
2016/01/19,0,0,-742000,-742000
2016/01/20,0,0,-4000,-4000
2016/01/21,0,0,0,0
2016/01/22,0,0,-836000,-836000
2016/01/25,0,0,-858000,-858000
2016/01/26,0,0,-233000,-233000
2016/01/27,0,0,0,0
2016/01/28,0,55000,-500000,-445000
2016/01/29,0,0,0,0
2016/02/01,0,0,0,0
2016/02/02,0,0,-707000,-707000
2016/02/03,0,0,0,0
2016/02/04,0,0,0,0
2016/02/05,0,0,0,0
2016/02/08,0,0,0,0
2016/02/09,0,0,0,0
2016/02/10,0,0,0,0
2016/02/11,0,0,0,0
2016/02/12,0,0,0,0
2016/02/15,0,313,-534000,-533687
2016/02/16,0,72000,-305000,-233000
2016/02/17,0,0,-308000,-308000
2016/02/18,0,0,-50000,-50000
2016/02/19,0,1000,-500000,-499000
2016/02/22,0,0,-110000,-110000
2016/02/23,0,0,0,0
2016/02/24,0,0,0,0
2016/02/25,0,0,-500000,-500000
2016/02/26,0,0,-300000,-300000
2016/02/29,0,0,0,0
2016/03/01,0,0,-325000,-325000
2016/03/02,0,0,-921830,-921830
2016/03/03,0,167000,-760000,-593000
2016/03/04,0,0,0,0
2016/03/07,0,0,-774000,-774000
2016/03/08,0,1000,-183000,-182000
2016/03/09,0,0,0,0
2016/03/10,0,0,0,0
2016/03/11,0,0,0,0
2016/03/14,0,0,0,0
2016/03/15,0,0,0,0
2016/03/16,0,0,0,0
2016/03/17,0,0,0,0
2016/03/18,0,0,0,0
2016/03/21,0,0,0,0
2016/03/22,0,0,0,0
2016/03/23,0,0,0,0
2016/03/24,0,0,0,0
2016/03/25,0,0,0,0
2016/03/28,0,0,0,0
2016/03/29,0,0,0,0
2016/03/30,0,0,0,0
2016/03/31,0,0,0,0
2016/04/01,0,0,0,0
2016/04/04,0,0,0,0
2016/04/05,0,0,0,0
2016/04/06,0,0,0,0
2016/04/07,0,0,0,0
2016/04/08,0,0,0,0
2016/04/11,0,0,0,0
2016/04/12,0,0,-1000,-1000
2016/04/13,0,0,0,0
2016/04/14,0,0,0,0
2016/04/15,0,1000,0,1000
2016/04/18,0,0,0,0
2016/04/19,0,0,0,0
2016/04/20,0,0,-1000,-1000
2016/04/21,0,0,0,0
2016/04/22,0,0,0,0
2016/04/25,0,0,0,0
2016/04/26,0,0,0,0
2016/04/27,0,0,0,0
2016/04/28,0,0,0,0
2016/04/29,0,0,0,0
2016/05/02,0,0,0,0
2016/05/03,0,0,0,0
2016/05/04,0,0,0,0
2016/05/05,0,0,0,0
2016/05/06,0,0,0,0
2016/05/09,0,0,0,0
2016/05/10,0,0,-1729,-1729
2016/05/11,0,0,0,0
2016/05/12,0,0,0,0
2016/05/13,0,0,0,0
2016/05/16,0,0,0,0
2016/05/17,0,0,0,0
2016/05/18,0,0,0,0
2016/05/19,0,154000,0,154000
2016/05/20,0,0,0,0
2016/05/23,0,0,0,0
2016/05/24,0,0,0,0
2016/05/25,0,0,0,0
2016/05/26,0,0,0,0
2016/05/27,0,0,-120000,-120000
2016/05/30,0,0,0,0
2016/05/31,0,0,0,0
2016/06/01,0,0,0,0
2016/06/02,0,0,0,0
2016/06/03,0,0,0,0
2016/06/06,0,50000,0,50000
2016/06/07,0,0,0,0
2016/06/08,0,0,0,0
2016/06/09,0,0,0,0
2016/06/10,0,0,0,0
2016/06/13,0,25000,0,25000
2016/06/14,0,0,0,0
2016/06/15,0,52000,0,52000
2016/06/16,0,52000,0,52000
2016/06/17,0,4000,-118000,-114000
2016/06/20,0,0,0,0
2016/06/21,0,0,0,0
2016/06/22,0,0,0,0
2016/06/23,0,0,0,0
2016/06/24,0,0,-35000,-35000
2016/06/27,0,0,-21000,-21000
2016/06/28,0,0,0,0
2016/06/29,0,0,0,0
2016/06/30,0,0,0,0
2016/07/01,0,0,0,0
2016/07/04,0,0,0,0
2016/07/05,0,0,0,0
2016/07/06,0,0,0,0
2016/07/07,0,0,0,0
2016/07/08,0,0,0,0
2016/07/11,0,0,0,0
2016/07/12,0,0,0,0
2016/07/13,0,150000,0,150000
2016/07/14,0,100000,-1000,99000
2016/07/15,0,100000,0,100000
2016/07/18,0,0,0,0
2016/07/19,0,0,-1000,-1000
2016/07/20,0,100000,-1000,99000
2016/07/21,0,0,-2000,-2000
2016/07/22,0,0,-1000,-1000
2016/07/25,0,0,0,0
2016/07/26,0,0,0,0
2016/07/27,0,0,0,0
2016/07/28,0,0,0,0
2016/07/29,0,2845,-1000,1845
2016/08/01,0,0,0,0
2016/08/02,0,0,-1000,-1000
2016/08/03,0,0,0,0
2016/08/04,0,0,-1000,-1000
2016/08/05,0,0,0,0
2016/08/08,0,0,0,0
2016/08/09,0,0,0,0
2016/08/10,0,0,0,0
2016/08/11,0,0,0,0
2016/08/12,0,0,-1000,-1000
2016/08/15,0,0,0,0
2016/08/16,0,0,0,0
2016/08/17,0,0,0,0
2016/08/18,0,0,-366000,-366000
2016/08/19,0,1000,0,1000
2016/08/22,0,0,0,0
2016/08/23,0,0,0,0
2016/08/24,0,0,0,0
2016/08/25,0,0,-1000,-1000
2016/08/26,0,0,0,0
2016/08/29,0,0,0,0
2016/08/30,0,0,-1000,-1000
2016/08/31,0,0,0,0
2016/09/01,0,0,0,0
2016/09/02,0,0,0,0
2016/09/05,0,0,0,0
2016/09/06,0,0,0,0
2016/09/07,0,0,0,0
2016/09/08,0,0,-2000,-2000
2016/09/09,0,1000,0,1000
2016/09/12,0,0,0,0
2016/09/13,0,0,0,0
2016/09/14,0,0,-37000,-37000
2016/09/15,0,0,0,0
2016/09/16,0,0,0,0
2016/09/19,0,0,0,0
2016/09/20,0,0,0,0
2016/09/21,0,0,-102000,-102000
2016/09/22,0,0,0,0
2016/09/23,0,0,0,0
2016/09/26,0,0,0,0
2016/09/27,0,0,0,0
2016/09/28,0,0,0,0
2016/09/29,0,0,0,0
2016/09/30,0,0,-894,-894
2016/10/03,0,0,0,0
2016/10/04,0,0,0,0
2016/10/05,0,0,0,0
2016/10/06,0,0,0,0
2016/10/07,0,0,0,0
2016/10/10,0,0,0,0
2016/10/11,0,0,0,0
2016/10/12,0,0,0,0
2016/10/13,0,0,0,0
2016/10/14,0,0,0,0
2016/10/17,0,0,0,0
2016/10/18,0,0,0,0
2016/10/19,0,0,0,0
2016/10/20,0,15000,0,15000
2016/10/21,0,14000,0,14000
2016/10/24,0,0,0,0
2016/10/25,0,0,0,0
2016/10/26,0,0,-270000,-270000
2016/10/27,0,0,-268000,-268000
2016/10/28,0,0,0,0
2016/10/31,0,0,0,0
2016/11/01,0,0,0,0
2016/11/02,0,176,0,176
2016/11/03,0,0,-100000,-100000
2016/11/04,0,0,-100000,-100000
2016/11/07,0,0,0,0
2016/11/08,0,0,0,0
2016/11/09,0,0,0,0
2016/11/10,0,0,0,0
2016/11/11,0,0,-251000,-251000
2016/11/14,0,0,0,0
2016/11/15,0,0,0,0
2016/11/16,0,0,0,0
2016/11/17,0,0,0,0
2016/11/18,0,0,0,0
2016/11/21,0,0,0,0
2016/11/22,0,2000,0,2000
2016/11/23,0,0,0,0
2016/11/24,0,0,0,0
2016/11/25,0,0,0,0
2016/11/28,0,0,0,0
2016/11/29,0,4000,-113000,-109000
2016/11/30,0,0,0,0
2016/12/01,0,0,0,0
2016/12/02,0,0,0,0
2016/12/05,0,0,0,0
2016/12/06,0,0,0,0
2016/12/07,0,0,0,0
2016/12/08,0,0,0,0
2016/12/09,0,0,0,0
2016/12/12,0,0,0,0
2016/12/13,0,0,0,0
2016/12/14,0,0,0,0
2016/12/15,0,0,0,0
2016/12/16,0,0,-1000,-1000
2016/12/19,0,0,0,0
2016/12/20,0,0,0,0
2016/12/21,0,0,0,0
2016/12/22,0,0,0,0
2016/12/23,0,0,0,0
2016/12/26,0,0,0,0
2016/12/27,0,0,0,0
2016/12/28,0,0,0,0
2016/12/29,0,0,0,0
2016/12/30,0,0,0,0
2017/01/02,0,0,0,0
2017/01/03,0,0,0,0
2017/01/04,0,0,0,0
2017/01/05,0,2000,0,2000
2017/01/06,0,0,-4000,-4000
2017/01/09,0,0,0,0
2017/01/10,0,0,0,0
2017/01/11,0,0,0,0
2017/01/12,0,0,0,0
2017/01/13,0,0,0,0
2017/01/16,0,0,0,0
2017/01/17,0,0,0,0
2017/01/18,0,0,0,0
2017/01/19,0,0,0,0
2017/01/20,0,0,0,0
2017/01/23,0,634,0,634
2017/01/24,0,0,0,0
2017/01/25,0,0,0,0
2017/01/26,0,0,0,0
2017/01/27,0,0,0,0
2017/01/30,0,0,0,0
2017/01/31,0,0,0,0
2017/02/01,0,0,0,0
2017/02/02,0,0,0,0
2017/02/03,0,5000,0,5000
2017/02/06,0,0,0,0
2017/02/07,0,0,0,0
2017/02/08,0,0,0,0
2017/02/09,0,0,0,0
2017/02/10,0,0,0,0
2017/02/13,0,0,0,0
2017/02/14,0,0,0,0
2017/02/15,0,0,0,0
2017/02/16,0,0,0,0
2017/02/17,0,0,0,0
2017/02/20,0,0,0,0
2017/02/21,0,0,0,0
2017/02/22,0,0,0,0
2017/02/23,0,0,0,0
2017/02/24,0,0,0,0
2017/02/27,0,0,0,0
2017/02/28,0,0,0,0
2017/03/01,0,0,0,0
2017/03/02,0,0,0,0
2017/03/03,0,0,0,0
2017/03/06,0,0,0,0
2017/03/07,0,0,0,0
2017/03/08,0,0,0,0
2017/03/09,0,0,0,0
2017/03/10,0,0,0,0
2017/03/13,0,0,0,0
2017/03/14,0,0,0,0
2017/03/15,0,0,0,0
2017/03/16,0,0,0,0
2017/03/17,0,0,-2000,-2000
2017/03/20,0,71000,0,71000
2017/03/21,0,74000,0,74000
2017/03/22,0,0,0,0
2017/03/23,0,0,0,0
2017/03/24,0,0,0,0
2017/03/27,0,0,0,0
2017/03/28,0,0,0,0
2017/03/29,0,0,0,0
2017/03/30,0,0,0,0
2017/03/31,0,0,0,0
2017/04/03,0,0,0,0
2017/04/04,0,0,0,0
2017/04/05,0,0,0,0
2017/04/06,0,0,0,0
2017/04/07,0,0,0,0
2017/04/10,0,0,0,0
2017/04/11,0,0,0,0
2017/04/12,0,0,0,0
2017/04/13,0,0,0,0
2017/04/14,0,0,-6000,-6000
2017/04/17,0,0,0,0
2017/04/18,0,0,0,0
2017/04/19,0,0,0,0
2017/04/20,0,0,0,0
2017/04/21,0,0,0,0
2017/04/24,0,0,0,0
2017/04/25,0,0,-139,-139
2017/04/26,0,0,0,0
2017/04/27,0,0,0,0
2017/04/28,0,0,0,0
2017/05/01,0,0,0,0
2017/05/02,0,0,0,0
2017/05/03,0,0,0,0
2017/05/04,0,0,0,0
2017/05/05,0,0,0,0
2017/05/08,0,0,0,0
2017/05/09,0,0,0,0
2017/05/10,0,0,0,0
2017/05/11,0,0,0,0
2017/05/12,0,0,0,0
2017/05/15,0,62000,0,62000
2017/05/16,0,181000,0,181000
2017/05/17,0,0,0,0
2017/05/18,0,0,-2000,-2000
2017/05/19,0,0,0,0
2017/05/22,0,0,0,0
2017/05/23,0,0,0,0
2017/05/24,0,0,0,0
2017/05/25,0,0,-1000,-1000
2017/05/26,0,0,-9000,-9000
2017/05/29,0,0,0,0
2017/05/30,0,0,0,0
2017/05/31,0,0,0,0
2017/06/01,0,0,0,0
2017/06/02,0,0,-5000,-5000
2017/06/05,0,0,-80000,-80000
2017/06/06,0,0,-116000,-116000
2017/06/07,0,0,-2000,-2000
2017/06/08,0,0,0,0
2017/06/09,0,0,-3000,-3000
2017/06/12,0,0,0,0
2017/06/13,0,0,0,0
2017/06/14,0,0,0,0
2017/06/15,0,0,0,0
2017/06/16,0,0,-2000,-2000
2017/06/19,0,0,-3000,-3000
2017/06/20,0,1000,-5000,-4000
2017/06/21,0,0,0,0
2017/06/22,0,0,0,0
2017/06/23,0,0,-1000,-1000
2017/06/26,0,0,-3000,-3000
2017/06/27,0,0,-1000,-1000
2017/06/28,0,0,0,0
2017/06/29,0,0,-1000,-1000
2017/06/30,0,0,0,0
2017/07/03,0,0,0,0
2017/07/04,0,0,-1000,-1000
2017/07/05,0,0,0,0
2017/07/06,0,0,0,0
2017/07/07,0,0,0,0
2017/07/10,0,0,-2000,-2000
2017/07/11,0,0,0,0
2017/07/12,0,0,-3000,-3000
2017/07/13,0,0,-3000,-3000
2017/07/14,0,0,-3000,-3000
2017/07/17,0,399,0,399
2017/07/18,0,0,-191000,-191000
2017/07/19,0,0,0,0
2017/07/20,0,0,0,0
2017/07/21,0,0,0,0
2017/07/24,0,0,0,0
2017/07/25,0,0,0,0
2017/07/26,0,0,0,0
2017/07/27,0,0,0,0
2017/07/28,0,0,0,0
2017/07/31,0,0,0,0
2017/08/01,0,0,0,0
2017/08/02,0,0,0,0
2017/08/03,0,0,0,0
2017/08/04,0,0,-92000,-92000
2017/08/07,0,0,0,0
2017/08/08,0,0,0,0
2017/08/09,0,0,0,0
2017/08/10,0,0,0,0
2017/08/11,0,1000,0,1000
2017/08/14,0,0,0,0
2017/08/15,0,0,0,0
2017/08/16,0,0,0,0
2017/08/17,0,0,0,0
2017/08/18,0,0,0,0
