Date,Open,Buy,Sell,Total
2007/01/02,0,1227000,-16000,1211000
2007/01/03,0,1435000,-326000,1109000
2007/01/04,0,471000,-112000,359000
2007/01/05,0,70000,-577000,-507000
2007/01/08,0,14000,-856966,-842966
2007/01/09,0,11000,-23000,-12000
2007/01/10,0,2715000,-1586920,1128080
2007/01/11,0,3227000,-424000,2803000
2007/01/12,0,511000,-76000,435000
2007/01/15,0,201000,-386000,-185000
2007/01/16,0,277000,-322000,-45000
2007/01/17,0,1250000,-2371000,-1121000
2007/01/18,0,512000,-325000,187000
2007/01/19,0,575000,-58000,517000
2007/01/22,0,584000,-1130000,-546000
2007/01/23,0,1029000,-36000,993000
2007/01/24,0,1635000,0,1635000
2007/01/25,0,1380000,-44000,1336000
2007/01/26,0,30000,-206000,-176000
2007/01/29,0,5000,-292000,-287000
2007/01/30,0,250192,-130000,120192
2007/01/31,0,130000,-1786895,-1656895
2007/02/01,0,1520000,-1812945,-292945
2007/02/02,0,851000,-92000,759000
2007/02/05,0,474000,-104000,370000
2007/02/06,0,350000,-198338,151662
2007/02/07,0,325000,-80000,245000
2007/02/08,0,874000,-1005311,-131311
2007/02/09,0,718000,-39000,679000
2007/02/12,0,2707000,-335000,2372000
2007/02/13,0,3622000,-334000,3288000
2007/02/14,0,796000,-1031573,-235573
2007/02/15,0,0,0,0
2007/02/16,0,0,0,0
2007/02/19,0,0,0,0
2007/02/20,0,0,0,0
2007/02/21,0,0,0,0
2007/02/22,0,0,0,0
2007/02/23,0,0,0,0
2007/02/26,0,1009000,-1964940,-955940
2007/02/27,0,1122000,-1617000,-495000
2007/02/28,0,0,0,0
2007/03/01,0,1108000,-2207000,-1099000
2007/03/02,0,329000,-1597000,-1268000
2007/03/05,0,297000,-1782000,-1485000
2007/03/06,0,254000,-666000,-412000
2007/03/07,0,47000,-1061116,-1014116
2007/03/08,0,78000,-487822,-409822
2007/03/09,0,46000,-410000,-364000
2007/03/12,0,3664000,-2953000,711000
2007/03/13,0,898000,-1173000,-275000
2007/03/14,0,25000,-2326000,-2301000
2007/03/15,0,887000,-48000,839000
2007/03/16,0,264000,-166000,98000
2007/03/19,0,800000,-2658000,-1858000
2007/03/20,0,2302000,-1297000,1005000
2007/03/21,0,1440000,-1085000,355000
2007/03/22,0,880000,-106000,774000
2007/03/23,0,603000,-45000,558000
2007/03/26,0,564000,-21000,543000
2007/03/27,0,1099000,-168000,931000
2007/03/28,0,584000,-296000,288000
2007/03/29,0,1046000,-495000,551000
2007/03/30,0,1411000,-1810000,-399000
2007/04/02,0,178000,-811000,-633000
2007/04/03,0,1331000,-1676000,-345000
2007/04/04,0,1451000,-2901000,-1450000
2007/04/05,0,0,0,0
2007/04/06,0,0,0,0
2007/04/09,0,522000,-1063000,-541000
2007/04/10,0,796000,-522910,273090
2007/04/11,0,1956000,-116000,1840000
2007/04/12,0,846000,-345000,501000
2007/04/13,0,1295000,-1701000,-406000
2007/04/16,0,749000,-381000,368000
2007/04/17,0,663318,-349000,314318
2007/04/18,0,455000,-198514,256486
2007/04/19,0,255000,-1342000,-1087000
2007/04/20,0,0,-109000,-109000
2007/04/23,0,554000,-259000,295000
2007/04/24,0,386000,-679000,-293000
2007/04/25,0,509000,-271000,238000
2007/04/26,0,305000,-536000,-231000
2007/04/27,0,338000,-623000,-285000
2007/04/30,0,196000,-731465,-535465
2007/05/01,0,0,0,0
2007/05/02,0,253000,-347000,-94000
2007/05/03,0,141000,-82000,59000
2007/05/04,0,741000,-1216000,-475000
2007/05/07,0,564000,-2125000,-1561000
2007/05/08,0,599000,-1036000,-437000
2007/05/09,0,2227000,-2312000,-85000
2007/05/10,0,326000,-851000,-525000
2007/05/11,0,0,-292138,-292138
2007/05/14,0,168000,-111000,57000
2007/05/15,0,331000,-46000,285000
2007/05/16,0,341000,-34000,307000
2007/05/17,0,388000,-170000,218000
2007/05/18,0,87000,-144000,-57000
2007/05/21,0,784000,-32000,752000
2007/05/22,0,101000,-339000,-238000
2007/05/23,0,805000,-2070000,-1265000
2007/05/24,0,520000,-1433320,-913320
2007/05/25,0,65000,-1165057,-1100057
2007/05/28,0,143000,-49000,94000
2007/05/29,0,247000,-690000,-443000
2007/05/30,0,215000,-293000,-78000
2007/05/31,0,631000,-2285465,-1654465
2007/06/01,0,485000,-195000,290000
2007/06/04,0,84000,-93000,-9000
2007/06/05,0,50000,-292000,-242000
2007/06/06,0,203000,-765195,-562195
2007/06/07,0,290000,-106000,184000
2007/06/08,0,145000,-431000,-286000
2007/06/11,0,81000,-85000,-4000
2007/06/12,0,603000,-774000,-171000
2007/06/13,0,1125000,-180000,945000
2007/06/14,0,1055000,-501000,554000
2007/06/15,0,808000,-39000,769000
2007/06/18,0,0,0,0
2007/06/19,0,0,0,0
2007/06/20,0,4451000,-364105,4086895
2007/06/21,0,3191000,-276000,2915000
2007/06/22,0,3109000,-128000,2981000
2007/06/25,0,8593000,-165000,8428000
2007/06/26,0,2938000,-192000,2746000
2007/06/27,0,3525000,-97000,3428000
2007/06/28,0,4423000,-348045,4074955
2007/06/29,0,795000,-466465,328535
2007/07/02,0,355000,-209000,146000
2007/07/03,0,1395000,-3893700,-2498700
2007/07/04,0,8919000,-213000,8706000
2007/07/05,0,1072000,-32000,1040000
2007/07/06,0,1426000,-127000,1299000
2007/07/09,0,4931000,-21000,4910000
2007/07/10,0,1939000,-1877000,62000
2007/07/11,0,1308000,-844000,464000
2007/07/12,0,4938000,-2722000,2216000
2007/07/13,0,3047000,-18000,3029000
2007/07/16,0,108000,-7135000,-7027000
2007/07/17,0,519000,-3419000,-2900000
2007/07/18,0,3848000,-3889000,-41000
2007/07/19,0,1994000,-3154413,-1160413
2007/07/20,0,601000,-1447000,-846000
2007/07/23,0,515000,-1636390,-1121390
2007/07/24,0,1572000,-548690,1023310
2007/07/25,0,2975000,-2480000,495000
2007/07/26,0,3546000,-450000,3096000
2007/07/27,0,2678000,-6461005,-3783005
2007/07/30,0,765000,-6502000,-5737000
2007/07/31,0,355000,-2182000,-1827000
2007/08/01,0,438000,-12218000,-11780000
2007/08/02,0,369000,-780000,-411000
2007/08/03,0,1185000,-382000,803000
2007/08/06,0,337000,-331000,6000
2007/08/07,0,1025000,-396000,629000
2007/08/08,0,3912000,-400960,3511040
2007/08/09,0,1491000,-403800,1087200
2007/08/10,0,65000,-2002302,-1937302
2007/08/13,0,499000,-1231000,-732000
2007/08/14,0,184000,-282000,-98000
2007/08/15,0,73000,-859000,-786000
2007/08/16,0,2108000,-1079000,1029000
2007/08/17,0,1213000,-644000,569000
2007/08/20,0,224000,-1102000,-878000
2007/08/21,0,309000,-1775000,-1466000
2007/08/22,0,351000,-813636,-462636
2007/08/23,0,735000,-642000,93000
2007/08/24,0,696000,-272000,424000
2007/08/27,0,1019000,-106000,913000
2007/08/28,0,338000,-30176,307824
2007/08/29,0,159206,-538040,-378834
2007/08/30,0,570000,-142000,428000
2007/08/31,0,1526000,-764000,762000
2007/09/03,0,233000,-163176,69824
2007/09/04,0,122000,-150000,-28000
2007/09/05,0,281000,-504000,-223000
2007/09/06,0,414000,-104000,310000
2007/09/07,0,110000,-218000,-108000
2007/09/10,0,243000,-672000,-429000
2007/09/11,0,37000,-171000,-134000
2007/09/12,0,326000,-472000,-146000
2007/09/13,0,63000,-960000,-897000
2007/09/14,0,1102000,-241000,861000
2007/09/17,0,992091,-626999,365092
2007/09/18,0,0,0,0
2007/09/19,0,1669669,-175001,1494668
2007/09/20,0,1046000,-1000,1045000
2007/09/21,0,456000,-345260,110740
2007/09/24,0,0,0,0
2007/09/25,0,0,0,0
2007/09/26,0,459000,-733000,-274000
2007/09/27,0,3136000,-211000,2925000
2007/09/28,0,792000,-336000,456000
2007/10/01,0,307000,-76000,231000
2007/10/02,0,1302000,-559000,743000
2007/10/03,0,976851,-48000,928851
2007/10/04,0,823000,-359000,464000
2007/10/05,0,361000,-243000,118000
2007/10/08,0,543000,-2775000,-2232000
2007/10/09,0,169700,-895924,-726224
2007/10/10,0,0,0,0
2007/10/11,0,724534,-1011613,-287079
2007/10/12,0,495000,-1115010,-620010
2007/10/15,0,1571000,-1542000,29000
2007/10/16,0,199000,-5034432,-4835432
2007/10/17,0,453000,-3132000,-2679000
2007/10/18,0,318000,-6803000,-6485000
2007/10/19,0,157920,-5022920,-4865000
2007/10/22,0,280000,-4074540,-3794540
2007/10/23,0,253000,-883000,-630000
2007/10/24,0,179000,-1130000,-951000
2007/10/25,0,422094,-816000,-393906
2007/10/26,0,670000,0,670000
2007/10/29,0,924000,-67000,857000
2007/10/30,0,2973000,-307384,2665616
2007/10/31,0,988000,-306000,682000
2007/11/01,0,778000,-2450000,-1672000
2007/11/02,0,62000,-622558,-560558
2007/11/05,0,723000,-1036063,-313063
2007/11/06,0,51000,-307000,-256000
2007/11/07,0,90000,-243722,-153722
2007/11/08,0,49000,-2166457,-2117457
2007/11/09,0,358000,-327000,31000
2007/11/12,0,45000,-2077000,-2032000
2007/11/13,0,266000,-4922734,-4656734
2007/11/14,0,290000,-1260208,-970208
2007/11/15,0,970000,-1656414,-686414
2007/11/16,0,83000,-2426000,-2343000
2007/11/19,0,440000,-867624,-427624
2007/11/20,0,296000,-1396807,-1100807
2007/11/21,0,250000,-2013341,-1763341
2007/11/22,0,365000,-414000,-49000
2007/11/23,0,311000,-154000,157000
2007/11/26,0,1170000,-493578,676422
2007/11/27,0,698000,-712000,-14000
2007/11/28,0,198000,-520000,-322000
2007/11/29,0,911000,-190687,720313
2007/11/30,0,1091000,-1764000,-673000
2007/12/03,0,73000,-70000,3000
2007/12/04,0,38000,-91000,-53000
2007/12/05,0,215000,-959000,-744000
2007/12/06,0,723268,-82000,641268
2007/12/07,0,574180,-71000,503180
2007/12/10,0,227000,-265000,-38000
2007/12/11,0,377000,-15000,362000
2007/12/12,0,415000,-2167000,-1752000
2007/12/13,0,706000,-2063550,-1357550
2007/12/14,0,573000,-969000,-396000
2007/12/17,0,227000,-349000,-122000
2007/12/18,0,1079000,-334371,744629
2007/12/19,0,89000,-523000,-434000
2007/12/20,0,83000,-296000,-213000
2007/12/21,0,921724,-4617724,-3696000
2007/12/24,0,433000,-4710000,-4277000
2007/12/25,0,52000,-36000,16000
2007/12/26,0,83000,-1049000,-966000
2007/12/27,0,185000,-2362000,-2177000
2007/12/28,0,382000,-776000,-394000
2007/12/31,0,64000,-603000,-539000
2008/01/01,0,0,0,0
2008/01/02,0,97000,-1097386,-1000386
2008/01/03,0,1182000,-740000,442000
2008/01/04,0,1189000,-3718000,-2529000
2008/01/07,0,5303000,-1331000,3972000
2008/01/08,0,3405000,-2674000,731000
2008/01/09,0,1763000,-768000,995000
2008/01/10,0,3258809,-607000,2651809
2008/01/11,0,558000,-391000,167000
2008/01/14,0,28334000,-2948000,25386000
2008/01/15,0,9104941,-8014979,1089962
2008/01/16,0,6546000,-5993000,553000
2008/01/17,0,3108000,-5224954,-2116954
2008/01/18,0,1178177,-3181455,-2003278
2008/01/21,0,1614000,-3398000,-1784000
2008/01/22,0,897000,-2047000,-1150000
2008/01/23,0,1139000,-1735000,-596000
2008/01/24,0,2104000,-3754529,-1650529
2008/01/25,0,183000,-3304444,-3121444
2008/01/28,0,449000,-1057000,-608000
2008/01/29,0,2686000,-741475,1944525
2008/01/30,0,534377,-3756000,-3221623
2008/01/31,0,1808000,-1793113,14887
2008/02/01,0,1333000,-1772000,-439000
2008/02/04,0,0,0,0
2008/02/05,0,0,0,0
2008/02/06,0,0,0,0
2008/02/07,0,0,0,0
2008/02/08,0,0,0,0
2008/02/11,0,0,0,0
2008/02/12,0,1846000,-2872944,-1026944
2008/02/13,0,1202000,-1281822,-79822
2008/02/14,0,1542000,-1776287,-234287
2008/02/15,0,632000,-831000,-199000
2008/02/18,0,451000,-493000,-42000
2008/02/19,0,1359000,-1050000,309000
2008/02/20,0,662000,-1099000,-437000
2008/02/21,0,1148000,-2034014,-886014
2008/02/22,0,838000,-687000,151000
2008/02/25,0,6270000,-1093000,5177000
2008/02/26,0,2710000,-4664310,-1954310
2008/02/27,0,2655000,-3219000,-564000
2008/02/28,0,0,0,0
2008/02/29,0,1226949,-1615000,-388051
2008/03/03,0,1282000,-970253,311747
2008/03/04,0,7750000,-1196828,6553172
2008/03/05,0,11456000,-2716000,8740000
2008/03/06,0,2814000,-2281000,533000
2008/03/07,0,877000,-173000,704000
2008/03/10,0,4642000,-566000,4076000
2008/03/11,0,3397000,-437691,2959309
2008/03/12,0,2277668,-1159195,1118473
2008/03/13,0,1586000,-894000,692000
2008/03/14,0,2282000,-3115576,-833576
2008/03/17,0,4864000,-2082000,2782000
2008/03/18,0,1358000,-4372014,-3014014
2008/03/19,0,1307230,-1687478,-380248
2008/03/20,0,1541000,-5386000,-3845000
2008/03/21,0,2882878,-8682538,-5799660
2008/03/24,0,13330000,-8715000,4615000
2008/03/25,0,3442000,-7620000,-4178000
2008/03/26,0,1738000,-3859000,-2121000
2008/03/27,0,1959379,-1179000,780379
2008/03/28,0,1768379,-1955000,-186621
2008/03/31,0,1271892,-1907583,-635691
2008/04/01,0,1185091,-2785000,-1599909
2008/04/02,0,2980000,-1660487,1319513
2008/04/03,0,603000,-251000,352000
2008/04/04,0,0,0,0
2008/04/07,0,1279000,-1169000,110000
2008/04/08,0,426000,-964000,-538000
2008/04/09,0,6702000,-1174000,5528000
2008/04/10,0,1957000,-84000,1873000
2008/04/11,0,1817000,-325319,1491681
2008/04/14,0,2057000,-1251687,805313
2008/04/15,0,1423735,-517000,906735
2008/04/16,0,6234614,-2143000,4091614
2008/04/17,0,7088000,-2852000,4236000
2008/04/18,0,3406602,-2124488,1282114
2008/04/21,0,4045000,-4833000,-788000
2008/04/22,0,2204005,-4901361,-2697356
2008/04/23,0,1662000,-705800,956200
2008/04/24,0,270000,-980000,-710000
2008/04/25,0,154000,-2591000,-2437000
2008/04/28,0,2081000,-400000,1681000
2008/04/29,0,1402000,-2730200,-1328200
2008/04/30,0,2969000,-2381809,587191
2008/05/01,0,0,0,0
2008/05/02,0,1060000,-35000,1025000
2008/05/05,0,109000,-750000,-641000
2008/05/06,0,631000,-1159000,-528000
2008/05/07,0,340000,-3313000,-2973000
2008/05/08,0,249000,-3751000,-3502000
2008/05/09,0,171000,-797000,-626000
2008/05/12,0,206000,-802000,-596000
2008/05/13,0,835000,-1326000,-491000
2008/05/14,0,1286000,-186000,1100000
2008/05/15,0,973000,-2211000,-1238000
2008/05/16,0,548000,-397000,151000
2008/05/19,0,1965000,-436000,1529000
2008/05/20,0,467000,-873000,-406000
2008/05/21,0,227000,-2170633,-1943633
2008/05/22,0,3509000,-2669000,840000
2008/05/23,0,1820000,-1769000,51000
2008/05/26,0,3455000,-278000,3177000
2008/05/27,0,1554000,-532450,1021550
2008/05/28,0,6834000,-4141200,2692800
2008/05/29,0,580000,-2907000,-2327000
2008/05/30,0,6380000,-2233554,4146446
2008/06/02,0,439000,-559000,-120000
2008/06/03,0,75000,-1859000,-1784000
2008/06/04,0,1013000,-825000,188000
2008/06/05,0,1515000,-1596000,-81000
2008/06/06,0,65000,-204000,-139000
2008/06/09,0,2113000,-1926000,187000
2008/06/10,0,510000,-1084408,-574408
2008/06/11,0,1405000,-231000,1174000
2008/06/12,0,3138000,-689119,2448881
2008/06/13,0,145000,-1308000,-1163000
2008/06/16,0,331000,-422000,-91000
2008/06/17,0,225000,-871303,-646303
2008/06/18,0,1159000,-886000,273000
2008/06/19,0,587000,-1321000,-734000
2008/06/20,0,1082867,-1611848,-528981
2008/06/23,0,1950000,-293000,1657000
2008/06/24,0,1847000,-436000,1411000
2008/06/25,0,1980000,-874250,1105750
2008/06/26,0,72000,-688000,-616000
2008/06/27,0,1474000,-3258000,-1784000
2008/06/30,0,932000,-1040000,-108000
2008/07/01,0,1054000,-833000,221000
2008/07/02,0,753000,-780000,-27000
2008/07/03,0,1491000,-1250000,241000
2008/07/04,0,394000,-1377421,-983421
2008/07/07,0,1142000,-2880000,-1738000
2008/07/08,0,1075000,-3523000,-2448000
2008/07/09,0,868000,-846000,22000
2008/07/10,0,1433000,-606000,827000
2008/07/11,0,678000,-541000,137000
2008/07/14,0,129000,-1613000,-1484000
2008/07/15,0,627000,-1894074,-1267074
2008/07/16,0,411000,-1772000,-1361000
2008/07/17,0,803000,-2053276,-1250276
2008/07/18,0,247000,-1487000,-1240000
2008/07/21,0,1689000,-2812000,-1123000
2008/07/22,0,1207000,-2521000,-1314000
2008/07/23,0,1304000,-787624,516376
2008/07/24,0,476000,-1363000,-887000
2008/07/25,0,536000,-561000,-25000
2008/07/28,0,0,0,0
2008/07/29,0,29000,-1143400,-1114400
2008/07/30,0,425000,-3894000,-3469000
2008/07/31,0,1486000,-3040000,-1554000
2008/08/01,0,1719000,-4997599,-3278599
2008/08/04,0,258000,-791000,-533000
2008/08/05,0,1232000,-1354000,-122000
2008/08/06,0,1652000,-315000,1337000
2008/08/07,0,328000,-599000,-271000
2008/08/08,0,678000,-727000,-49000
2008/08/11,0,136000,-981000,-845000
2008/08/12,0,221000,-510000,-289000
2008/08/13,0,430000,-891000,-461000
2008/08/14,0,1238000,-344000,894000
2008/08/15,0,153000,-1758000,-1605000
2008/08/18,0,167000,-1441000,-1274000
2008/08/19,0,339000,-853000,-514000
2008/08/20,0,115000,-538000,-423000
2008/08/21,0,48000,-440000,-392000
2008/08/22,0,84000,-422000,-338000
2008/08/25,0,472000,-140000,332000
2008/08/26,0,9000,-206000,-197000
2008/08/27,0,702000,-201000,501000
2008/08/28,0,1495000,-1209912,285088
2008/08/29,0,525000,-1534200,-1009200
2008/09/01,0,544000,-864000,-320000
2008/09/02,0,1058000,-476000,582000
2008/09/03,0,408000,-206000,202000
2008/09/04,0,1003000,-629786,373214
2008/09/05,0,54000,-583000,-529000
2008/09/08,0,176000,-1057909,-881909
2008/09/09,0,314000,-342000,-28000
2008/09/10,0,663000,-1626000,-963000
2008/09/11,0,1282000,-6904000,-5622000
2008/09/12,0,840000,-446000,394000
2008/09/15,0,979000,-563000,416000
2008/09/16,0,1177995,-241004,936991
2008/09/17,0,1210802,-528000,682802
2008/09/18,0,598000,-853000,-255000
2008/09/19,0,975000,-285000,690000
2008/09/22,0,785000,-426270,358730
2008/09/23,0,1534000,-847857,686143
2008/09/24,0,334044,-3416044,-3082000
2008/09/25,0,1614000,-1996000,-382000
2008/09/26,0,398000,-1453000,-1055000
2008/09/29,0,0,0,0
2008/09/30,0,880474,-1151882,-271408
2008/10/01,0,522000,-733000,-211000
2008/10/02,0,1256000,-571000,685000
2008/10/03,0,266000,-893788,-627788
2008/10/06,0,40000,-2929000,-2889000
2008/10/07,0,529000,-1614000,-1085000
2008/10/08,0,271000,-1041000,-770000
2008/10/09,0,1578241,-7712959,-6134718
2008/10/10,0,0,0,0
2008/10/13,0,45000,-34119,10881
2008/10/14,0,977000,-4256881,-3279881
2008/10/15,0,105185,-1871000,-1765815
2008/10/16,0,0,-371000,-371000
2008/10/17,0,38000,-3421950,-3383950
2008/10/20,0,177792,-1960530,-1782738
2008/10/21,0,156335,-3303639,-3147304
2008/10/22,0,850858,-455000,395858
2008/10/23,0,53758,-170000,-116242
2008/10/24,0,28000,-490782,-462782
2008/10/27,0,85000,-1360856,-1275856
2008/10/28,0,188769,-2001786,-1813017
2008/10/29,0,601000,-2416000,-1815000
2008/10/30,0,802000,-102000,700000
2008/10/31,0,370000,-776000,-406000
2008/11/03,0,911000,-616709,294291
2008/11/04,0,540388,-552000,-11612
2008/11/05,0,727000,-224000,503000
2008/11/06,0,48000,-1210000,-1162000
2008/11/07,0,284000,-885000,-601000
2008/11/10,0,335000,-192000,143000
2008/11/11,0,471404,-259242,212162
2008/11/12,0,131000,-425000,-294000
2008/11/13,0,206000,-1548000,-1342000
2008/11/14,0,116000,-307000,-191000
2008/11/17,0,195000,-46000,149000
2008/11/18,0,348000,-312000,36000
2008/11/19,0,460000,-429000,31000
2008/11/20,0,375000,-516630,-141630
2008/11/21,0,275000,-605000,-330000
2008/11/24,0,164000,-291000,-127000
2008/11/25,0,1840000,-114780,1725220
2008/11/26,0,646000,-889484,-243484
2008/11/27,0,689000,-120000,569000
2008/11/28,0,747000,-281299,465701
2008/12/01,0,906000,-123000,783000
2008/12/02,0,482000,-900000,-418000
2008/12/03,0,505000,-638000,-133000
2008/12/04,0,181000,-655000,-474000
2008/12/05,0,459084,-260549,198535
2008/12/08,0,1451000,-328000,1123000
2008/12/09,0,809000,-8000,801000
2008/12/10,0,1079000,-148911,930089
2008/12/11,0,791000,-1272119,-481119
2008/12/12,0,360000,-1490000,-1130000
2008/12/15,0,1257000,-1281000,-24000
2008/12/16,0,1922000,-586000,1336000
2008/12/17,0,1668000,-1387000,281000
2008/12/18,0,957000,-553000,404000
2008/12/19,0,894000,-479000,415000
2008/12/22,0,153000,-940000,-787000
2008/12/23,0,333000,-1133000,-800000
2008/12/24,0,343976,-1265000,-921024
2008/12/25,0,81000,-571000,-490000
2008/12/26,0,370000,-485067,-115067
2008/12/29,0,127000,-231000,-104000
2008/12/30,0,757000,-19000,738000
2008/12/31,0,147000,-533000,-386000
2009/01/01,0,0,0,0
2009/01/02,0,0,0,0
2009/01/05,0,364000,-347000,17000
2009/01/06,0,2219001,-195000,2024001
2009/01/07,0,3215003,-173000,3042003
2009/01/08,0,24000,-1650014,-1626014
2009/01/09,0,97000,-369000,-272000
2009/01/12,0,284587,-684000,-399413
2009/01/13,0,140000,-248000,-108000
2009/01/14,0,758000,-253000,505000
2009/01/15,0,30000,-1945000,-1915000
2009/01/16,0,104000,-545000,-441000
2009/01/19,0,80000,-90780,-10780
2009/01/20,0,359000,-1238000,-879000
2009/01/21,0,1260900,-3644638,-2383738
2009/01/22,0,0,0,0
2009/01/23,0,0,0,0
2009/01/26,0,0,0,0
2009/01/27,0,0,0,0
2009/01/28,0,0,0,0
2009/01/29,0,0,0,0
2009/01/30,0,0,0,0
2009/02/02,0,958140,-953092,5048
2009/02/03,0,637000,-255080,381920
2009/02/04,0,740000,-743576,-3576
2009/02/05,0,425000,-1342096,-917096
2009/02/06,0,468000,-84000,384000
2009/02/09,0,63000,-234150,-171150
2009/02/10,0,239000,-185000,54000
2009/02/11,0,300768,-309768,-9000
2009/02/12,0,133000,-864922,-731922
2009/02/13,0,387000,-207000,180000
2009/02/16,0,2000,-294000,-292000
2009/02/17,0,50000,-362296,-312296
2009/02/18,0,883000,-250000,633000
2009/02/19,0,654000,-418000,236000
2009/02/20,0,257000,-778903,-521903
2009/02/23,0,410000,-127000,283000
2009/02/24,0,122000,-515270,-393270
2009/02/25,0,560000,-235090,324910
2009/02/26,0,402000,-147830,254170
2009/02/27,0,245000,-55000,190000
2009/03/02,0,116685,-1328000,-1211315
2009/03/03,0,38000,-666451,-628451
2009/03/04,0,500000,-270000,230000
2009/03/05,0,719000,-22000,697000
2009/03/06,0,976000,-142000,834000
2009/03/09,0,389000,-70000,319000
2009/03/10,0,918000,-220000,698000
2009/03/11,0,309897,-793000,-483103
2009/03/12,0,581000,-147000,434000
2009/03/13,0,1527000,-3000,1524000
2009/03/16,0,693000,-30000,663000
2009/03/17,0,574000,-84000,490000
2009/03/18,0,894000,-2765015,-1871015
2009/03/19,0,998000,-4023000,-3025000
2009/03/20,0,506000,-2801251,-2295251
2009/03/23,0,862000,-58000,804000
2009/03/24,0,414000,-375000,39000
2009/03/25,0,1463000,-128870,1334130
2009/03/26,0,1439000,-827000,612000
2009/03/27,0,478000,-1978000,-1500000
2009/03/30,0,3678000,-1077000,2601000
2009/03/31,0,6013000,-705324,5307676
2009/04/01,0,1346000,-1057000,289000
2009/04/02,0,2169929,-408000,1761929
2009/04/03,0,446369,-393000,53369
2009/04/06,0,945000,-206000,739000
2009/04/07,0,1830000,-248014,1581986
2009/04/08,0,1400000,-1138000,262000
2009/04/09,0,1379000,-837089,541911
2009/04/10,0,1086000,-479000,607000
2009/04/13,0,1470000,-215000,1255000
2009/04/14,0,1881000,-391000,1490000
2009/04/15,0,795000,-300000,495000
2009/04/16,0,950000,-155000,795000
2009/04/17,0,1386042,-236000,1150042
2009/04/20,0,1668000,-516000,1152000
2009/04/21,0,938000,-918000,20000
2009/04/22,0,6380000,-712000,5668000
2009/04/23,0,423000,-1052000,-629000
2009/04/24,0,672000,-2407574,-1735574
2009/04/27,0,1277511,-381030,896481
2009/04/28,0,1367000,-1218000,149000
2009/04/29,0,2156000,-4824000,-2668000
2009/04/30,0,868000,-17000,851000
2009/05/01,0,0,0,0
2009/05/04,0,1755000,-4000,1751000
2009/05/05,0,9372000,-3297301,6074699
2009/05/06,0,2537000,-477000,2060000
2009/05/07,0,5390000,-2019000,3371000
2009/05/08,0,3114545,-1914000,1200545
2009/05/11,0,3083000,-2049000,1034000
2009/05/12,0,2873229,-1504000,1369229
2009/05/13,0,2948000,-1004861,1943139
2009/05/14,0,11483000,-2679833,8803167
2009/05/15,0,943000,-662000,281000
2009/05/18,0,2655000,-720000,1935000
2009/05/19,0,1885000,-93000,1792000
2009/05/20,0,2087000,-1545000,542000
2009/05/21,0,1349000,-1578000,-229000
2009/05/22,0,856000,-1971000,-1115000
2009/05/25,0,983000,-1491000,-508000
2009/05/26,0,3547000,-655000,2892000
2009/05/27,0,1389000,-2329000,-940000
2009/05/28,0,0,0,0
2009/05/29,0,0,0,0
2009/06/01,0,1757000,-373000,1384000
2009/06/02,0,2820000,-1247000,1573000
2009/06/03,0,1538307,-909000,629307
2009/06/04,0,510506,-885307,-374801
2009/06/05,0,981256,-196000,785256
2009/06/08,0,6502000,-594000,5908000
2009/06/09,0,1790000,-486000,1304000
2009/06/10,0,2553000,-9623046,-7070046
2009/06/11,0,1794000,-4329000,-2535000
2009/06/12,0,631000,-5238000,-4607000
2009/06/15,0,596000,-1200000,-604000
2009/06/16,0,297000,-1248070,-951070
2009/06/17,0,773000,-2626000,-1853000
2009/06/18,0,1168000,-2407000,-1239000
2009/06/19,0,1455000,-1603001,-148001
2009/06/22,0,1800000,-2184000,-384000
2009/06/23,0,1476300,-3457000,-1980700
2009/06/24,0,5582000,-702000,4880000
2009/06/25,0,7221000,-624000,6597000
2009/06/26,0,5747000,-1041000,4706000
2009/06/29,0,2435000,-1347000,1088000
2009/06/30,0,2650000,-201816,2448184
2009/07/01,0,1390000,-165000,1225000
2009/07/02,0,2796000,-388149,2407851
2009/07/03,0,6144000,-1083420,5060580
2009/07/06,0,1713000,-782000,931000
2009/07/07,0,1871000,-572830,1298170
2009/07/08,0,1591000,-679000,912000
2009/07/09,0,1908000,-260000,1648000
2009/07/10,0,1103000,-391596,711404
2009/07/13,0,234000,-1050000,-816000
2009/07/14,0,442000,-1287710,-845710
2009/07/15,0,3215000,-8675000,-5460000
2009/07/16,0,480000,-2204000,-1724000
2009/07/17,0,631499,-3849150,-3217651
2009/07/20,0,332000,-253000,79000
2009/07/21,0,1036000,-1199450,-163450
2009/07/22,0,4935000,-497312,4437688
2009/07/23,0,3835000,-387042,3447958
2009/07/24,0,3621000,-1178140,2442860
2009/07/27,0,2564000,-505000,2059000
2009/07/28,0,6609000,-2668000,3941000
2009/07/29,0,427000,-288795,138205
2009/07/30,0,581000,-1960000,-1379000
2009/07/31,0,2120000,-4813000,-2693000
2009/08/03,0,2846000,-2820000,26000
2009/08/04,0,783000,-2739000,-1956000
2009/08/05,0,786000,-2304000,-1518000
2009/08/06,0,792000,-2022000,-1230000
2009/08/07,0,0,0,0
2009/08/10,0,845333,-1695000,-849667
2009/08/11,0,961000,-245000,716000
2009/08/12,0,371000,-3034000,-2663000
2009/08/13,0,1248000,-786000,462000
2009/08/14,0,350000,-1262000,-912000
2009/08/17,0,225000,-1048000,-823000
2009/08/18,0,204000,-416000,-212000
2009/08/19,0,22981,-2564981,-2542000
2009/08/20,0,665000,-1387384,-722384
2009/08/21,0,865000,-3160800,-2295800
2009/08/24,0,1024000,-3427019,-2403019
2009/08/25,0,193000,-1839197,-1646197
2009/08/26,0,138617,-594000,-455383
2009/08/27,0,634000,-801000,-167000
2009/08/28,0,1149000,-609000,540000
2009/08/31,0,306000,-1173424,-867424
2009/09/01,0,814000,-141111,672889
2009/09/02,0,365483,-211000,154483
2009/09/03,0,1074000,-1145508,-71508
2009/09/04,0,2523000,-2474483,48517
2009/09/07,0,398000,-70000,328000
2009/09/08,0,3698000,-1351725,2346275
2009/09/09,0,437000,-976000,-539000
2009/09/10,0,2057000,-283864,1773136
2009/09/11,0,2717000,-134000,2583000
2009/09/14,0,1911000,-1097000,814000
2009/09/15,0,827000,-436000,391000
2009/09/16,0,1126000,-203000,923000
2009/09/17,0,1944000,-43200,1900800
2009/09/18,0,4743000,-2901000,1842000
2009/09/21,0,6021000,-407000,5614000
2009/09/22,0,52000,-254506,-202506
2009/09/23,0,1620000,-814000,806000
2009/09/24,0,2307000,-1277000,1030000
2009/09/25,0,2615000,-358390,2256610
2009/09/28,0,4358000,-913000,3445000
2009/09/29,0,1862674,-512000,1350674
2009/09/30,0,1385000,-72000,1313000
2009/10/01,0,2112000,-369000,1743000
2009/10/02,0,1307000,-1116000,191000
2009/10/05,0,523188,-1042188,-519000
2009/10/06,0,2070000,-230014,1839986
2009/10/07,0,6662000,-1698200,4963800
2009/10/08,0,5064000,-4631000,433000
2009/10/09,0,1060000,-500000,560000
2009/10/12,0,171000,-1628000,-1457000
2009/10/13,0,2073760,-678693,1395067
2009/10/14,0,1073000,-235000,838000
2009/10/15,0,1834000,-284000,1550000
2009/10/16,0,7333000,-735000,6598000
2009/10/19,0,6547000,-43724,6503276
2009/10/20,0,2066152,-793000,1273152
2009/10/21,0,1729000,-454000,1275000
2009/10/22,0,1348000,-2558934,-1210934
2009/10/23,0,1677000,-169000,1508000
2009/10/26,0,1257000,-441000,816000
2009/10/27,0,2358000,-800000,1558000
2009/10/28,0,115000,-1836389,-1721389
2009/10/29,0,460000,-711000,-251000
2009/10/30,0,893000,-1786000,-893000
2009/11/02,0,465000,-1144000,-679000
2009/11/03,0,723000,-883300,-160300
2009/11/04,0,1482454,-376482,1105972
2009/11/05,0,904000,-706000,198000
2009/11/06,0,476000,-1086000,-610000
2009/11/09,0,732000,-533000,199000
2009/11/10,0,702000,-638728,63272
2009/11/11,0,963000,0,963000
2009/11/12,0,1407000,-753000,654000
2009/11/13,0,951000,-1497000,-546000
2009/11/16,0,1020000,-893000,127000
2009/11/17,0,1060000,-309000,751000
2009/11/18,0,1094000,-2379000,-1285000
2009/11/19,0,495000,-919950,-424950
2009/11/20,0,339000,-1499000,-1160000
2009/11/23,0,257000,-1344000,-1087000
2009/11/24,0,430000,-662000,-232000
2009/11/25,0,1349000,-122000,1227000
2009/11/26,0,196000,-168000,28000
2009/11/27,0,59000,-2259000,-2200000
2009/11/30,0,334242,-2221494,-1887252
2009/12/01,0,1053000,-4839000,-3786000
2009/12/02,0,1199000,-6600000,-5401000
2009/12/03,0,434000,-3170798,-2736798
2009/12/04,0,1292000,-551692,740308
2009/12/07,0,469000,-111000,358000
2009/12/08,0,1695000,-459000,1236000
2009/12/09,0,69000,-928930,-859930
2009/12/10,0,699000,-3652440,-2953440
2009/12/11,0,541000,-256000,285000
2009/12/14,0,375000,-117000,258000
2009/12/15,0,290000,-46000,244000
2009/12/16,0,829000,-190000,639000
2009/12/17,0,260430,-465000,-204570
2009/12/18,0,311000,-1141000,-830000
2009/12/21,0,364000,-2125000,-1761000
2009/12/22,0,572000,-94000,478000
2009/12/23,0,865000,-115535,749465
2009/12/24,0,933000,-136000,797000
2009/12/25,0,248000,-29000,219000
2009/12/28,0,1271300,-75000,1196300
2009/12/29,0,102000,-203000,-101000
2009/12/30,0,991000,-529000,462000
2009/12/31,0,411000,-543000,-132000
2010/01/01,0,0,0,0
2010/01/04,0,2967000,-233000,2734000
2010/01/05,0,230000,-799000,-569000
2010/01/06,0,1072000,-371000,701000
2010/01/07,0,661000,-212068,448932
2010/01/08,0,479810,-699000,-219190
2010/01/11,0,752000,-1380000,-628000
2010/01/12,0,158000,-806000,-648000
2010/01/13,0,181000,-399000,-218000
2010/01/14,0,464000,-87296,376704
2010/01/15,0,114000,-196000,-82000
2010/01/18,0,235000,-321000,-86000
2010/01/19,0,99000,-689450,-590450
2010/01/20,0,108000,-626000,-518000
2010/01/21,0,385000,-494000,-109000
2010/01/22,0,124000,-1155000,-1031000
2010/01/25,0,196390,-944000,-747610
2010/01/26,0,659000,-1124000,-465000
2010/01/27,0,441000,-350400,90600
2010/01/28,0,215000,-1275000,-1060000
2010/01/29,0,479000,-1079660,-600660
2010/02/01,0,205000,-972077,-767077
2010/02/02,0,95000,-1447690,-1352690
2010/02/03,0,196550,-389235,-192685
2010/02/04,0,590000,-719000,-129000
2010/02/05,0,275000,-528810,-253810
2010/02/08,0,749553,-1531000,-781447
2010/02/09,0,672000,-2523110,-1851110
2010/02/10,0,2215000,-1103000,1112000
2010/02/11,0,0,0,0
2010/02/12,0,0,0,0
2010/02/15,0,0,0,0
2010/02/16,0,0,0,0
2010/02/17,0,0,0,0
2010/02/18,0,0,0,0
2010/02/19,0,0,0,0
2010/02/22,0,1192000,-879343,312657
2010/02/23,0,624000,-237000,387000
2010/02/24,0,1070000,-563000,507000
2010/02/25,0,1177000,-1079000,98000
2010/02/26,0,580000,-269668,310332
2010/03/01,0,795000,-1028000,-233000
2010/03/02,0,2105000,-1295000,810000
2010/03/03,0,1459000,-437000,1022000
2010/03/04,0,1623000,-1612000,11000
2010/03/05,0,1688000,-145000,1543000
2010/03/08,0,722000,-38000,684000
2010/03/09,0,954570,-11000,943570
2010/03/10,0,1006000,-336626,669374
2010/03/11,0,3076000,-67000,3009000
2010/03/12,0,1615000,-80000,1535000
2010/03/15,0,2787000,-736000,2051000
2010/03/16,0,897000,-171000,726000
2010/03/17,0,4492000,-427000,4065000
2010/03/18,0,5169798,-1214000,3955798
2010/03/19,0,5224000,-422000,4802000
2010/03/22,0,501000,-529410,-28410
2010/03/23,0,490000,-244000,246000
2010/03/24,0,693976,-1000,692976
2010/03/25,0,1324336,-405000,919336
2010/03/26,0,1398000,-532000,866000
2010/03/29,0,2164000,-200000,1964000
2010/03/30,0,1040840,-532000,508840
2010/03/31,0,506000,-554636,-48636
2010/04/01,0,2197000,-150600,2046400
2010/04/02,0,341000,-260000,81000
2010/04/05,0,0,0,0
2010/04/06,0,1443880,-332000,1111880
2010/04/07,0,1262480,-78000,1184480
2010/04/08,0,2411000,-379000,2032000
2010/04/09,0,1703000,-228510,1474490
2010/04/12,0,1143490,-1245000,-101510
2010/04/13,0,440000,-1701000,-1261000
2010/04/14,0,833000,-644050,188950
2010/04/15,0,2005971,-894000,1111971
2010/04/16,0,583600,-1816000,-1232400
2010/04/19,0,800000,-1257000,-457000
2010/04/20,0,117000,-785000,-668000
2010/04/21,0,669000,-357000,312000
2010/04/22,0,1311000,-3396520,-2085520
2010/04/23,0,305000,-471000,-166000
2010/04/26,0,1964000,-230000,1734000
2010/04/27,0,1367903,-2392903,-1025000
2010/04/28,0,225000,-2870750,-2645750
2010/04/29,0,269000,-1363000,-1094000
2010/04/30,0,1400000,-248000,1152000
2010/05/03,0,214000,-846000,-632000
2010/05/04,0,280000,-634000,-354000
2010/05/05,0,1388127,-2771657,-1383530
2010/05/06,0,723000,-2098000,-1375000
2010/05/07,0,880000,-1788770,-908770
2010/05/10,0,158390,-1406110,-1247720
2010/05/11,0,406000,-1186000,-780000
2010/05/12,0,469469,-303000,166469
2010/05/13,0,872000,-239000,633000
2010/05/14,0,345000,-518000,-173000
2010/05/17,0,308000,-1078000,-770000
2010/05/18,0,670000,-506000,164000
2010/05/19,0,637000,-3138000,-2501000
2010/05/20,0,343000,-1148000,-805000
2010/05/21,0,520000,-770050,-250050
2010/05/24,0,378000,-784000,-406000
2010/05/25,0,222000,-1012000,-790000
2010/05/26,0,1588000,-4237090,-2649090
2010/05/27,0,859000,-704033,154967
2010/05/28,0,469000,-1198000,-729000
2010/05/31,0,628000,-804448,-176448
2010/06/01,0,652000,-1075000,-423000
2010/06/02,0,428000,-800000,-372000
2010/06/03,0,660000,-231000,429000
2010/06/04,0,129000,-721000,-592000
2010/06/07,0,180000,-1259670,-1079670
2010/06/08,0,308000,-489000,-181000
2010/06/09,0,423000,-2116000,-1693000
2010/06/10,0,172000,-728000,-556000
2010/06/11,0,1701073,-258000,1443073
2010/06/14,0,1046417,-1275000,-228583
2010/06/15,0,963834,-202940,760894
2010/06/16,0,0,0,0
2010/06/17,0,2559923,-254000,2305923
2010/06/18,0,928086,-487447,440639
2010/06/21,0,3755443,-958469,2796974
2010/06/22,0,1062017,-892000,170017
2010/06/23,0,287904,-219463,68441
2010/06/24,0,443213,-699700,-256487
2010/06/25,0,251185,-498000,-246815
2010/06/28,0,568000,-173000,395000
2010/06/29,0,745000,-757000,-12000
2010/06/30,0,1162000,-1137000,25000
2010/07/01,0,352000,-1379910,-1027910
2010/07/02,0,317700,-2070890,-1753190
2010/07/05,0,235821,-1010000,-774179
2010/07/06,0,1362000,-3213000,-1851000
2010/07/07,0,715359,-1341000,-625641
2010/07/08,0,1764000,-3311298,-1547298
2010/07/09,0,675000,-468514,206486
2010/07/12,0,861000,-546544,314456
2010/07/13,0,397000,-280000,117000
2010/07/14,0,1124243,-872000,252243
2010/07/15,0,419000,-391000,28000
2010/07/16,0,188687,-473469,-284782
2010/07/19,0,679000,-684000,-5000
2010/07/20,0,652000,-481000,171000
2010/07/21,0,733000,-2024000,-1291000
2010/07/22,0,442000,-2000000,-1558000
2010/07/23,0,2836000,-5420000,-2584000
2010/07/26,0,438850,-1300000,-861150
2010/07/27,0,239630,-4094973,-3855343
2010/07/28,0,1920000,-3647000,-1727000
2010/07/29,0,461000,-1844839,-1383839
2010/07/30,0,337141,-2206000,-1868859
2010/08/02,0,3457000,-760000,2697000
2010/08/03,0,1516000,-878000,638000
2010/08/04,0,912000,-677000,235000
2010/08/05,0,1493000,-358343,1134657
2010/08/06,0,1079000,-85000,994000
2010/08/09,0,1448000,-264000,1184000
2010/08/10,0,1577000,-3958000,-2381000
2010/08/11,0,1400000,-1148061,251939
2010/08/12,0,909000,-535000,374000
2010/08/13,0,819371,-1927000,-1107629
2010/08/16,0,4816000,-650000,4166000
2010/08/17,0,1344000,-2794000,-1450000
2010/08/18,0,651000,-841704,-190704
2010/08/19,0,768000,-758000,10000
2010/08/20,0,761000,-567000,194000
2010/08/23,0,3548000,-3124000,424000
2010/08/24,0,190000,-891000,-701000
2010/08/25,0,656000,-1652000,-996000
2010/08/26,0,1233000,-1898000,-665000
2010/08/27,0,2051000,-1085997,965003
2010/08/30,0,816558,-1366000,-549442
2010/08/31,0,894228,-1813759,-919531
2010/09/01,0,431000,-1003000,-572000
2010/09/02,0,1162000,-1217007,-55007
2010/09/03,0,1495000,-1199000,296000
2010/09/06,0,3078000,-1455037,1622963
2010/09/07,0,1891955,-402040,1489915
2010/09/08,0,1394190,-348092,1046098
2010/09/09,0,2224000,-2107000,117000
2010/09/10,0,1845440,-143000,1702440
2010/09/13,0,5676000,-68904,5607096
2010/09/14,0,2076457,-3419000,-1342543
2010/09/15,0,767960,-1167622,-399662
2010/09/16,0,3076000,-2054000,1022000
2010/09/17,0,6859000,-2155462,4703538
2010/09/20,0,3897000,-352000,3545000
2010/09/21,0,313000,-466000,-153000
2010/09/22,0,0,0,0
2010/09/23,0,442848,-261000,181848
2010/09/24,0,1212200,-1145000,67200
2010/09/27,0,2988560,-61000,2927560
2010/09/28,0,874030,-2060000,-1185970
2010/09/29,0,1083000,-3422000,-2339000
2010/09/30,0,938000,-576000,362000
2010/10/01,0,590350,-344000,246350
2010/10/04,0,2493000,-1156000,1337000
2010/10/05,0,1454470,-3452340,-1997870
2010/10/06,0,2121650,-1361000,760650
2010/10/07,0,378920,-1000000,-621080
2010/10/08,0,733730,-135000,598730
2010/10/11,0,692820,-3302000,-2609180
2010/10/12,0,1380910,-1323000,57910
2010/10/13,0,1121340,-1128000,-6660
2010/10/14,0,3020010,-234000,2786010
2010/10/15,0,1375690,-904000,471690
2010/10/18,0,468000,-1142000,-674000
2010/10/19,0,1259000,-1410000,-151000
2010/10/20,0,1156000,-1508000,-352000
2010/10/21,0,1579000,-2327000,-748000
2010/10/22,0,2000133,-1066000,934133
2010/10/25,0,1627000,-282000,1345000
2010/10/26,0,797951,-72000,725951
2010/10/27,0,543530,-737000,-193470
2010/10/28,0,1548316,-578000,970316
2010/10/29,0,1413000,-776000,637000
2010/11/01,0,1408000,-334000,1074000
2010/11/02,0,500000,-390000,110000
2010/11/03,0,645000,-1463000,-818000
2010/11/04,0,1098000,-1387000,-289000
2010/11/05,0,563000,-722344,-159344
2010/11/08,0,1977000,-955000,1022000
2010/11/09,0,411000,-5194000,-4783000
2010/11/10,0,479000,-1348200,-869200
2010/11/11,0,1293000,-566315,726685
2010/11/12,0,211000,-1373000,-1162000
2010/11/15,0,186065,-654000,-467935
2010/11/16,0,258000,-1126000,-868000
2010/11/17,0,1084000,-659000,425000
2010/11/18,0,285000,-659810,-374810
2010/11/19,0,681810,-1982000,-1300190
2010/11/22,0,201840,-257000,-55160
2010/11/23,0,790620,-2340906,-1550286
2010/11/24,0,699000,-370000,329000
2010/11/25,0,169000,-1145000,-976000
2010/11/26,0,307000,-2428000,-2121000
2010/11/29,0,837000,-909119,-72119
2010/11/30,0,903062,-787268,115794
2010/12/01,0,3611000,-205000,3406000
2010/12/02,0,634000,-1239772,-605772
2010/12/03,0,632000,-1199000,-567000
2010/12/06,0,989000,-563092,425908
2010/12/07,0,797501,-1152000,-354499
2010/12/08,0,185000,-694000,-509000
2010/12/09,0,910000,-362000,548000
2010/12/10,0,197000,-697000,-500000
2010/12/13,0,946000,-887000,59000
2010/12/14,0,4092000,-794000,3298000
2010/12/15,0,1213000,-374000,839000
2010/12/16,0,215000,-390000,-175000
2010/12/17,0,916000,-5622000,-4706000
2010/12/20,0,1681140,-2882000,-1200860
2010/12/21,0,486000,-346610,139390
2010/12/22,0,555000,-578260,-23260
2010/12/23,0,495000,-367000,128000
2010/12/24,0,313000,-17000,296000
2010/12/27,0,332000,-819000,-487000
2010/12/28,0,434000,-156000,278000
2010/12/29,0,1059910,-115000,944910
2010/12/30,0,1205000,-1178000,27000
2010/12/31,0,507000,-481820,25180
2011/01/03,0,907000,-479000,428000
2011/01/04,0,7234000,-554000,6680000
2011/01/05,0,6186000,-1155550,5030450
2011/01/06,0,515000,-1537000,-1022000
2011/01/07,0,1120000,-755000,365000
2011/01/10,0,648000,-991000,-343000
2011/01/11,0,602000,-482000,120000
2011/01/12,0,498000,-269000,229000
2011/01/13,0,495490,-1758000,-1262510
2011/01/14,0,370000,-630000,-260000
2011/01/17,0,144975,-876000,-731025
2011/01/18,0,362000,-398200,-36200
2011/01/19,0,794000,-628000,166000
2011/01/20,0,174000,-756000,-582000
2011/01/21,0,118000,-818000,-700000
2011/01/24,0,232000,-545000,-313000
2011/01/25,0,221000,-710000,-489000
2011/01/26,0,433000,-1251000,-818000
2011/01/27,0,427100,-960460,-533360
2011/01/28,0,2880580,-2479000,401580
2011/01/31,0,0,0,0
2011/02/01,0,0,0,0
2011/02/02,0,0,0,0
2011/02/03,0,0,0,0
2011/02/04,0,0,0,0
2011/02/07,0,0,0,0
2011/02/08,0,5321250,-1939000,3382250
2011/02/09,0,7023000,-676680,6346320
2011/02/10,0,1643000,-1653294,-10294
2011/02/11,0,6290000,-1953000,4337000
2011/02/14,0,2771000,-1513180,1257820
2011/02/15,0,746000,-1780663,-1034663
2011/02/16,0,2909000,-817000,2092000
2011/02/17,0,892000,-2437190,-1545190
2011/02/18,0,5248000,-745250,4502750
2011/02/21,0,1048000,-434000,614000
2011/02/22,0,526000,-2623000,-2097000
2011/02/23,0,3899406,-1547660,2351746
2011/02/24,0,357000,-3974000,-3617000
2011/02/25,0,1698000,-2595545,-897545
2011/02/28,0,0,0,0
2011/03/01,0,3626000,-4971000,-1345000
2011/03/02,0,790000,-2850000,-2060000
2011/03/03,0,1761000,-437000,1324000
2011/03/04,0,510000,-1703000,-1193000
2011/03/07,0,719000,-249000,470000
2011/03/08,0,254000,-471000,-217000
2011/03/09,0,395000,-1462857,-1067857
2011/03/10,0,2314000,-203640,2110360
2011/03/11,0,219000,-3629140,-3410140
2011/03/14,0,263000,-2890628,-2627628
2011/03/15,0,5215000,-1371872,3843128
2011/03/16,0,6853000,-1307260,5545740
2011/03/17,0,1954000,-934610,1019390
2011/03/18,0,302000,-2033469,-1731469
2011/03/21,0,1058000,-1779000,-721000
2011/03/22,0,658000,-701100,-43100
2011/03/23,0,880000,-386000,494000
2011/03/24,0,375000,-462000,-87000
2011/03/25,0,1685000,-439000,1246000
2011/03/28,0,877000,-4936000,-4059000
2011/03/29,0,1828500,-5140000,-3311500
2011/03/30,0,1696000,-3379374,-1683374
2011/03/31,0,1129000,-2524487,-1395487
2011/04/01,0,1093000,-2307000,-1214000
2011/04/04,0,0,0,0
2011/04/05,0,0,0,0
2011/04/06,0,2922410,-4106000,-1183590
2011/04/07,0,930000,-483499,446501
2011/04/08,0,1058597,-360000,698597
2011/04/11,0,358000,-203000,155000
2011/04/12,0,410418,-672000,-261582
2011/04/13,0,635000,-43000,592000
2011/04/14,0,889000,-196000,693000
2011/04/15,0,804000,-518000,286000
2011/04/18,0,235000,-402327,-167327
2011/04/19,0,187000,-716000,-529000
2011/04/20,0,506000,-212518,293482
2011/04/21,0,3888000,-2717000,1171000
2011/04/22,0,880575,-1535000,-654425
2011/04/25,0,561000,-85000,476000
2011/04/26,0,831000,-270088,560912
2011/04/27,0,2012500,-604000,1408500
2011/04/28,0,274025,-201000,73025
2011/04/29,0,565000,-203000,362000
2011/05/02,0,0,0,0
2011/05/03,0,834000,-1022000,-188000
2011/05/04,0,419000,-466000,-47000
2011/05/05,0,2929000,-261000,2668000
2011/05/06,0,346036,-1031000,-684964
2011/05/09,0,1127000,-987373,139627
2011/05/10,0,583386,-104000,479386
2011/05/11,0,1347000,-493000,854000
2011/05/12,0,952500,-1524000,-571500
2011/05/13,0,2690000,-3596000,-906000
2011/05/16,0,921000,-868000,53000
2011/05/17,0,1640900,-3241000,-1600100
2011/05/18,0,686000,-562000,124000
2011/05/19,0,2222000,-2565971,-343971
2011/05/20,0,1172000,-486000,686000
2011/05/23,0,647000,-2009000,-1362000
2011/05/24,0,1429000,-66981,1362019
2011/05/25,0,1397000,-833000,564000
2011/05/26,0,1459047,-531393,927654
2011/05/27,0,4180000,-164000,4016000
2011/05/30,0,525000,-745000,-220000
2011/05/31,0,4896863,-1829000,3067863
2011/06/01,0,1401000,-1370389,30611
2011/06/02,0,2087000,-278000,1809000
2011/06/03,0,1180000,-277313,902687
2011/06/06,0,0,0,0
2011/06/07,0,1247000,-522000,725000
2011/06/08,0,659000,-668327,-9327
2011/06/09,0,703000,-864670,-161670
2011/06/10,0,1091000,-896432,194568
2011/06/13,0,345000,-700631,-355631
2011/06/14,0,502000,-251000,251000
2011/06/15,0,2077000,-1497000,580000
2011/06/16,0,730431,-458000,272431
2011/06/17,0,664636,-297000,367636
2011/06/20,0,1870000,-250798,1619202
2011/06/21,0,880000,-1348000,-468000
2011/06/22,0,1463000,-1854000,-391000
2011/06/23,0,917841,-203815,714026
2011/06/24,0,1300000,-412499,887501
2011/06/27,0,1119000,-907760,211240
2011/06/28,0,648000,-428539,219461
2011/06/29,0,1514000,-930000,584000
2011/06/30,0,2659500,-474900,2184600
2011/07/01,0,781853,-1125805,-343952
2011/07/04,0,1393945,-1172000,221945
2011/07/05,0,1997632,-1240000,757632
2011/07/06,0,868000,-675000,193000
2011/07/07,0,1122779,-375000,747779
2011/07/08,0,1175000,-458000,717000
2011/07/11,0,887000,-407500,479500
2011/07/12,0,1107819,-887000,220819
2011/07/13,0,1071000,-1567000,-496000
2011/07/14,0,340080,-1120000,-779920
2011/07/15,0,715280,-571000,144280
2011/07/18,0,1106000,-630208,475792
2011/07/19,0,3108000,-886700,2221300
2011/07/20,0,2761498,-2533000,228498
2011/07/21,0,1079650,-2374000,-1294350
2011/07/22,0,2782000,-391000,2391000
2011/07/25,0,852676,-1234500,-381824
2011/07/26,0,1774685,-458000,1316685
2011/07/27,0,1770000,-863000,907000
2011/07/28,0,2209000,-1844000,365000
2011/07/29,0,1907000,-396908,1510092
2011/08/01,0,2110740,-362000,1748740
2011/08/02,0,999000,-1466000,-467000
2011/08/03,0,1207000,-1427000,-220000
2011/08/04,0,2444000,-1069827,1374173
2011/08/05,0,492000,-5378000,-4886000
2011/08/08,0,3458000,-3765000,-307000
2011/08/09,0,1880000,-3272000,-1392000
2011/08/10,0,2315000,-8143000,-5828000
2011/08/11,0,3265000,-2051000,1214000
2011/08/12,0,663000,-2660137,-1997137
2011/08/15,0,2221044,-641000,1580044
2011/08/16,0,2220000,-2347000,-127000
2011/08/17,0,2215000,-2272473,-57473
2011/08/18,0,2171552,-3453000,-1281448
2011/08/19,0,2006000,-6606000,-4600000
2011/08/22,0,3713000,-5337000,-1624000
2011/08/23,0,1507000,-2129340,-622340
2011/08/24,0,1956000,-3190000,-1234000
2011/08/25,0,1509000,-1934328,-425328
2011/08/26,0,3035000,-1647000,1388000
2011/08/29,0,1572000,-1491000,81000
2011/08/30,0,656000,-2637000,-1981000
2011/08/31,0,3448697,-905000,2543697
2011/09/01,0,1575000,-766939,808061
2011/09/02,0,450000,-1196000,-746000
2011/09/05,0,232000,-1773458,-1541458
2011/09/06,0,936000,-2417971,-1481971
2011/09/07,0,859000,-908000,-49000
2011/09/08,0,1040000,-1105266,-65266
2011/09/09,0,801000,-939100,-138100
2011/09/12,0,0,0,0
2011/09/13,0,785000,-1706000,-921000
2011/09/14,0,2432000,-2353874,78126
2011/09/15,0,2406000,-1838104,567896
2011/09/16,0,1511000,-3191583,-1680583
2011/09/19,0,854000,-1920000,-1066000
2011/09/20,0,942965,-2633000,-1690035
2011/09/21,0,1545000,-786084,758916
2011/09/22,0,1542549,-2841000,-1298451
2011/09/23,0,401000,-1845528,-1444528
2011/09/26,0,3149000,-2489000,660000
2011/09/27,0,2052000,-1223000,829000
2011/09/28,0,1844233,-1840000,4233
2011/09/29,0,1393000,-2091000,-698000
2011/09/30,0,1249000,-2065000,-816000
2011/10/03,0,232000,-1845000,-1613000
2011/10/04,0,902000,-488000,414000
2011/10/05,0,383000,-975000,-592000
2011/10/06,0,1319000,-778000,541000
2011/10/07,0,1395000,-953100,441900
2011/10/10,0,0,0,0
2011/10/11,0,714000,-2248000,-1534000
2011/10/12,0,629000,-1369000,-740000
2011/10/13,0,733000,-766000,-33000
2011/10/14,0,621000,-968000,-347000
2011/10/17,0,1703000,-694000,1009000
2011/10/18,0,394000,-725800,-331800
2011/10/19,0,913000,-566000,347000
2011/10/20,0,133000,-2017000,-1884000
2011/10/21,0,575000,-670000,-95000
2011/10/24,0,1751000,-78000,1673000
2011/10/25,0,1054000,-1038000,16000
2011/10/26,0,3076000,-740000,2336000
2011/10/27,0,3083480,-1706000,1377480
2011/10/28,0,2213000,-531000,1682000
2011/10/31,0,1004000,-1815000,-811000
2011/11/01,0,1288000,-2226000,-938000
2011/11/02,0,296000,-1371000,-1075000
2011/11/03,0,918000,-2074000,-1156000
2011/11/04,0,780000,-1359000,-579000
2011/11/07,0,803000,-819000,-16000
2011/11/08,0,722263,-2182000,-1459737
2011/11/09,0,961000,-856000,105000
2011/11/10,0,587000,-549000,38000
2011/11/11,0,277000,-834000,-557000
2011/11/14,0,215000,-719000,-504000
2011/11/15,0,556300,-454000,102300
2011/11/16,0,619300,-4904000,-4284700
2011/11/17,0,182000,-1852665,-1670665
2011/11/18,0,565000,-2017000,-1452000
2011/11/21,0,174200,-3962282,-3788082
2011/11/22,0,283000,-1207000,-924000
2011/11/23,0,332000,-1782000,-1450000
2011/11/24,0,860000,-873001,-13001
2011/11/25,0,2401000,-2358000,43000
2011/11/28,0,3897032,-535000,3362032
2011/11/29,0,2203402,-277202,1926200
2011/11/30,0,1319000,-3505265,-2186265
2011/12/01,0,2200000,-3999143,-1799143
2011/12/02,0,1278000,-1018000,260000
2011/12/05,0,2114000,-2522000,-408000
2011/12/06,0,1120000,-734000,386000
2011/12/07,0,1832000,-1152000,680000
2011/12/08,0,1288200,-3877100,-2588900
2011/12/09,0,828396,-1691000,-862604
2011/12/12,0,538000,-939900,-401900
2011/12/13,0,1405000,-2196200,-791200
2011/12/14,0,1831000,-1745000,86000
2011/12/15,0,662000,-1245000,-583000
2011/12/16,0,969686,-384000,585686
2011/12/19,0,1052000,-1200000,-148000
2011/12/20,0,1615000,-2726008,-1111008
2011/12/21,0,557000,-1886100,-1329100
2011/12/22,0,3795000,-1720000,2075000
2011/12/23,0,3141000,-1923000,1218000
2011/12/26,0,317000,-1153000,-836000
2011/12/27,0,1690000,-552000,1138000
2011/12/28,0,1967000,-1312000,655000
2011/12/29,0,1829000,-785000,1044000
2011/12/30,0,673000,-583000,90000
2012/01/02,0,2164000,-643000,1521000
2012/01/03,0,1784000,-247000,1537000
2012/01/04,0,1100000,-1597000,-497000
2012/01/05,0,3407000,-664000,2743000
2012/01/06,0,1692000,-953000,739000
2012/01/09,0,3054000,-246000,2808000
2012/01/10,0,4711000,-491000,4220000
2012/01/11,0,5429000,-345000,5084000
2012/01/12,0,1661000,-850000,811000
2012/01/13,0,1052000,-795000,257000
2012/01/16,0,968000,-2243000,-1275000
2012/01/17,0,1605000,-839000,766000
2012/01/18,0,780000,-2450000,-1670000
2012/01/19,0,0,0,0
2012/01/20,0,0,0,0
2012/01/23,0,0,0,0
2012/01/24,0,0,0,0
2012/01/25,0,0,0,0
2012/01/26,0,0,0,0
2012/01/27,0,0,0,0
2012/01/30,0,2729741,-1465000,1264741
2012/01/31,0,1363800,-1117700,246100
2012/02/01,0,1177000,-3402000,-2225000
2012/02/02,0,1307000,-1069000,238000
2012/02/03,0,1022000,-1073000,-51000
2012/02/06,0,637000,-981000,-344000
2012/02/07,0,583000,-1600000,-1017000
2012/02/08,0,731000,-172000,559000
2012/02/09,0,1442000,-1097406,344594
2012/02/10,0,505000,-877000,-372000
2012/02/13,0,679000,-57000,622000
2012/02/14,0,645724,-582900,62824
2012/02/15,0,1408000,-596000,812000
2012/02/16,0,1137000,-5822000,-4685000
2012/02/17,0,1190000,-592000,598000
2012/02/20,0,1257000,-478000,779000
2012/02/21,0,921512,-489000,432512
2012/02/22,0,1175000,-318000,857000
2012/02/23,0,654000,-1046000,-392000
2012/02/24,0,1248000,-756000,492000
2012/02/27,0,0,0,0
2012/02/28,0,0,0,0
2012/02/29,0,1547000,-732000,815000
2012/03/01,0,1220181,-906000,314181
2012/03/02,0,546529,-461300,85229
2012/03/05,0,320000,-1333000,-1013000
2012/03/06,0,1495000,-386000,1109000
2012/03/07,0,491000,-809000,-318000
2012/03/08,0,1001000,-1099000,-98000
2012/03/09,0,917000,-343000,574000
2012/03/12,0,1017000,-1052000,-35000
2012/03/13,0,1772000,-485000,1287000
2012/03/14,0,1643800,-136111,1507689
2012/03/15,0,799000,-376000,423000
2012/03/16,0,518000,-289000,229000
2012/03/19,0,460674,-680000,-219326
2012/03/20,0,908000,-357000,551000
2012/03/21,0,1174000,-800000,374000
2012/03/22,0,704000,-688000,16000
2012/03/23,0,846000,-224000,622000
2012/03/26,0,1124000,-1641422,-517422
2012/03/27,0,2289000,-377000,1912000
2012/03/28,0,1234000,-329000,905000
2012/03/29,0,850000,-2595000,-1745000
2012/03/30,0,1929000,-2213000,-284000
2012/04/02,0,549000,-2601000,-2052000
2012/04/03,0,1895908,-1483000,412908
2012/04/04,0,0,0,0
2012/04/05,0,1913000,-962000,951000
2012/04/06,0,1430000,-4623527,-3193527
2012/04/09,0,1301000,-1988000,-687000
2012/04/10,0,813000,-1724000,-911000
2012/04/11,0,410000,-648449,-238449
2012/04/12,0,358000,-1116000,-758000
2012/04/13,0,802757,-1478000,-675243
2012/04/16,0,385000,-536000,-151000
2012/04/17,0,834734,-1022540,-187806
2012/04/18,0,2022000,-2213000,-191000
2012/04/19,0,1520000,-2201000,-681000
2012/04/20,0,2094000,-2951889,-857889
2012/04/23,0,1824000,-1703000,121000
2012/04/24,0,594000,-4723000,-4129000
2012/04/25,0,718000,-3300000,-2582000
2012/04/26,0,419306,-900000,-480694
2012/04/27,0,583000,-1988000,-1405000
2012/04/30,0,1128000,-1344228,-216228
2012/05/01,0,0,0,0
2012/05/02,0,1387000,-2341000,-954000
2012/05/03,0,2091572,-1013000,1078572
2012/05/04,0,3406000,-3593000,-187000
2012/05/07,0,1686000,-2222000,-536000
2012/05/08,0,1204000,-827000,377000
2012/05/09,0,375000,-1949941,-1574941
2012/05/10,0,458000,-2218254,-1760254
2012/05/11,0,385000,-1390000,-1005000
2012/05/14,0,253000,-328000,-75000
2012/05/15,0,593182,-847088,-253906
2012/05/16,0,1883000,-2298000,-415000
2012/05/17,0,1575018,-1725000,-149982
2012/05/18,0,417000,-1041000,-624000
2012/05/21,0,556000,-973242,-417242
2012/05/22,0,335000,-980489,-645489
2012/05/23,0,832000,-1088454,-256454
2012/05/24,0,674780,-965000,-290220
2012/05/25,0,449000,-328000,121000
2012/05/28,0,340000,-373000,-33000
2012/05/29,0,447000,-387000,60000
2012/05/30,0,1979000,-1818956,160044
2012/05/31,0,1789547,-1219405,570142
2012/06/01,0,254000,-1047111,-793111
2012/06/04,0,1347322,-1772000,-424678
2012/06/05,0,1202000,-668000,534000
2012/06/06,0,820000,-595000,225000
2012/06/07,0,1110003,-691464,418539
2012/06/08,0,329396,-522000,-192604
2012/06/11,0,1192000,-134000,1058000
2012/06/12,0,701000,-748000,-47000
2012/06/13,0,323000,-907000,-584000
2012/06/14,0,1648000,-96112,1551888
2012/06/15,0,1835035,-291372,1543663
2012/06/18,0,2103000,-214000,1889000
2012/06/19,0,1771000,-663000,1108000
2012/06/20,0,1671000,-605000,1066000
2012/06/21,0,307176,-899000,-591824
2012/06/22,0,1462000,-792585,669415
2012/06/25,0,1262000,-899568,362432
2012/06/26,0,1785000,-290000,1495000
2012/06/27,0,288000,-813000,-525000
2012/06/28,0,1152000,-794058,357942
2012/06/29,0,1347230,-179000,1168230
2012/07/02,0,191000,-637000,-446000
2012/07/03,0,1057464,-366000,691464
2012/07/04,0,1890000,-295000,1595000
2012/07/05,0,710000,-78000,632000
2012/07/06,0,703000,-406000,297000
2012/07/09,0,315000,-168000,147000
2012/07/10,0,1259192,-715000,544192
2012/07/11,0,651000,-796000,-145000
2012/07/12,0,689520,-1135000,-445480
2012/07/13,0,372000,-77082,294918
2012/07/16,0,257000,-302000,-45000
2012/07/17,0,717000,-102000,615000
2012/07/18,0,264000,-910999,-646999
2012/07/19,0,476000,-265000,211000
2012/07/20,0,336000,-395000,-59000
2012/07/23,0,640000,-685000,-45000
2012/07/24,0,633000,-1273000,-640000
2012/07/25,0,543000,-651000,-108000
2012/07/26,0,472000,-422081,49919
2012/07/27,0,983000,-119000,864000
2012/07/30,0,575936,-149000,426936
2012/07/31,0,2162000,-413000,1749000
2012/08/01,0,1411000,-895000,516000
2012/08/02,0,0,0,0
2012/08/03,0,1342998,-836000,506998
2012/08/06,0,1457000,-66000,1391000
2012/08/07,0,1511000,-192000,1319000
2012/08/08,0,728740,-343000,385740
2012/08/09,0,1320000,-170000,1150000
2012/08/10,0,1155000,-429000,726000
2012/08/13,0,544000,-211000,333000
2012/08/14,0,1053096,-169000,884096
2012/08/15,0,1079000,-381000,698000
2012/08/16,0,567000,-1135000,-568000
2012/08/17,0,474000,-464000,10000
2012/08/20,0,238000,-435000,-197000
2012/08/21,0,1290424,-865000,425424
2012/08/22,0,162948,-588000,-425052
2012/08/23,0,247089,-1200000,-952911
2012/08/24,0,141000,-1143000,-1002000
2012/08/27,0,258000,-1099000,-841000
2012/08/28,0,423010,-637000,-213990
2012/08/29,0,1094000,-601000,493000
2012/08/30,0,934000,-1494000,-560000
2012/08/31,0,194500,-964629,-770129
2012/09/03,0,208000,-947000,-739000
2012/09/04,0,93000,-1867000,-1774000
2012/09/05,0,214000,-1680000,-1466000
2012/09/06,0,9000,-2556000,-2547000
2012/09/07,0,261000,-1244014,-983014
2012/09/10,0,221119,-3239000,-3017881
2012/09/11,0,41000,-1378000,-1337000
2012/09/12,0,336000,-1968000,-1632000
2012/09/13,0,442000,-358000,84000
2012/09/14,0,1384000,-133000,1251000
2012/09/17,0,953000,-556000,397000
2012/09/18,0,1077000,-238000,839000
2012/09/19,0,1291000,-307000,984000
2012/09/20,0,763000,-106250,656750
2012/09/21,0,852000,-311140,540860
2012/09/24,0,372000,-922000,-550000
2012/09/25,0,852000,-250500,601500
2012/09/26,0,627000,-29000,598000
2012/09/27,0,725000,-562999,162001
2012/09/28,0,464000,-573989,-109989
2012/10/01,0,189000,-448000,-259000
2012/10/02,0,474000,-473000,1000
2012/10/03,0,73000,-455000,-382000
2012/10/04,0,437000,-740000,-303000
2012/10/05,0,312000,-30000,282000
2012/10/08,0,316300,-239000,77300
2012/10/09,0,1257000,-207747,1049253
2012/10/10,0,0,0,0
2012/10/11,0,242500,-656185,-413685
2012/10/12,0,112000,-939000,-827000
2012/10/15,0,181000,-568000,-387000
2012/10/16,0,276000,-490000,-214000
2012/10/17,0,237000,-1094604,-857604
2012/10/18,0,279000,-1086000,-807000
2012/10/19,0,261000,-587000,-326000
2012/10/22,0,217000,-140000,77000
2012/10/23,0,115800,-976419,-860619
2012/10/24,0,9000,-535169,-526169
2012/10/25,0,19000,-519000,-500000
2012/10/26,0,248000,-914000,-666000
2012/10/29,0,276900,-1359000,-1082100
2012/10/30,0,320000,-1437000,-1117000
2012/10/31,0,453000,-785000,-332000
2012/11/01,0,187000,-1301000,-1114000
2012/11/02,0,189000,-669000,-480000
2012/11/05,0,571000,-1055000,-484000
2012/11/06,0,385000,-935000,-550000
2012/11/07,0,500000,-1210000,-710000
2012/11/08,0,447000,-1812100,-1365100
2012/11/09,0,265000,-1331000,-1066000
2012/11/12,0,333000,-1176000,-843000
2012/11/13,0,371000,-1830000,-1459000
2012/11/14,0,369000,-521000,-152000
2012/11/15,0,348000,-861000,-513000
2012/11/16,0,484000,-722000,-238000
2012/11/19,0,309000,-703000,-394000
2012/11/20,0,273000,-298000,-25000
2012/11/21,0,472000,-581000,-109000
2012/11/22,0,346000,-43000,303000
2012/11/23,0,1331000,-564000,767000
2012/11/26,0,817000,-87000,730000
2012/11/27,0,1510000,-83000,1427000
2012/11/28,0,846000,-402773,443227
2012/11/29,0,1468000,-1129000,339000
2012/11/30,0,1907000,-1668614,238386
2012/12/03,0,1326000,-869000,457000
2012/12/04,0,730306,-1573830,-843524
2012/12/05,0,1090000,-703000,387000
2012/12/06,0,722000,-530000,192000
2012/12/07,0,631058,-552000,79058
2012/12/10,0,947000,-817265,129735
2012/12/11,0,1178039,-497000,681039
2012/12/12,0,1069000,-555000,514000
2012/12/13,0,680748,-1000000,-319252
2012/12/14,0,635802,-76000,559802
2012/12/17,0,881830,-211000,670830
2012/12/18,0,833000,-283000,550000
2012/12/19,0,1229000,-226200,1002800
2012/12/20,0,723000,-618000,105000
2012/12/21,0,313000,-479727,-166727
2012/12/24,0,503000,-82000,421000
2012/12/25,0,475000,-44000,431000
2012/12/26,0,894000,-163012,730988
2012/12/27,0,792000,-481000,311000
2012/12/28,0,994000,-413000,581000
2012/12/31,0,0,0,0
2013/01/01,0,0,0,0
2013/01/02,0,1411000,-168000,1243000
2013/01/03,0,1287000,-370000,917000
2013/01/04,0,1345000,-499000,846000
2013/01/07,0,982070,-521400,460670
2013/01/08,0,182000,-716000,-534000
2013/01/09,0,681000,-573000,108000
2013/01/10,0,1330000,-126000,1204000
2013/01/11,0,591000,-122000,469000
2013/01/14,0,348151,-226000,122151
2013/01/15,0,1137000,-299000,838000
2013/01/16,0,636794,-612000,24794
2013/01/17,0,879900,-311000,568900
2013/01/18,0,335766,-358000,-22234
2013/01/21,0,649000,-192000,457000
2013/01/22,0,424000,-305511,118489
2013/01/23,0,1198000,-531920,666080
2013/01/24,0,1265862,-1520282,-254420
2013/01/25,0,1193555,-2352649,-1159094
2013/01/28,0,740000,-247000,493000
2013/01/29,0,1356800,-182000,1174800
2013/01/30,0,2121976,-373000,1748976
2013/01/31,0,1307000,-1202000,105000
2013/02/01,0,485000,-2244000,-1759000
2013/02/04,0,783982,-682000,101982
2013/02/05,0,1801000,-1160000,641000
2013/02/06,0,1009000,-495000,514000
2013/02/07,0,0,0,0
2013/02/08,0,0,0,0
2013/02/11,0,0,0,0
2013/02/12,0,0,0,0
2013/02/13,0,0,0,0
2013/02/14,0,0,0,0
2013/02/15,0,0,0,0
2013/02/18,0,1441782,-982451,459331
2013/02/19,0,576881,-311000,265881
2013/02/20,0,1291419,-473089,818330
2013/02/21,0,1095000,-670240,424760
2013/02/22,0,819000,-609000,210000
2013/02/25,0,1258018,-1205915,52103
2013/02/26,0,799000,-687000,112000
2013/02/27,0,433000,-1469000,-1036000
2013/02/28,0,0,0,0
2013/03/01,0,1461000,-602000,859000
2013/03/04,0,887000,-1366000,-479000
2013/03/05,0,865000,-705000,160000
2013/03/06,0,757000,-422000,335000
2013/03/07,0,1135000,-576041,558959
2013/03/08,0,1829100,-543000,1286100
2013/03/11,0,942000,-890000,52000
2013/03/12,0,777000,-59409,717591
2013/03/13,0,210000,-285000,-75000
2013/03/14,0,320000,-430296,-110296
2013/03/15,0,696114,-616117,79997
2013/03/18,0,359000,-859000,-500000
2013/03/19,0,509000,-683000,-174000
2013/03/20,0,207000,-1564980,-1357980
2013/03/21,0,665000,-882000,-217000
2013/03/22,0,252000,-1876472,-1624472
2013/03/25,0,730000,-410000,320000
2013/03/26,0,213237,-364000,-150763
2013/03/27,0,709000,-227000,482000
2013/03/28,0,350882,-402000,-51118
2013/03/29,0,386000,-87000,299000
2013/04/01,0,334670,-470000,-135330
2013/04/02,0,443491,-154000,289491
2013/04/03,0,594218,-686000,-91782
2013/04/04,0,0,0,0
2013/04/05,0,0,0,0
2013/04/08,0,524000,-1577000,-1053000
2013/04/09,0,278095,-942283,-664188
2013/04/10,0,215000,-887000,-672000
2013/04/11,0,713499,-1444000,-730501
2013/04/12,0,548000,-1561000,-1013000
2013/04/15,0,602361,-2258000,-1655639
2013/04/16,0,1746805,-895100,851705
2013/04/17,0,200000,-2430700,-2230700
2013/04/18,0,253000,-1879800,-1626800
2013/04/19,0,233000,-576000,-343000
2013/04/22,0,162000,-1646400,-1484400
2013/04/23,0,803000,-216000,587000
2013/04/24,0,372000,-106000,266000
2013/04/25,0,450000,-435500,14500
2013/04/26,0,532000,-1097500,-565500
2013/04/29,0,404000,-67000,337000
2013/04/30,0,1062000,-1495900,-433900
2013/05/01,0,0,0,0
2013/05/02,0,607139,-250340,356799
2013/05/03,0,435000,-256000,179000
2013/05/06,0,742000,-447750,294250
2013/05/07,0,738000,-142119,595881
2013/05/08,0,807374,-217400,589974
2013/05/09,0,462686,-302048,160638
2013/05/10,0,937000,-141000,796000
2013/05/13,0,522000,-1351700,-829700
2013/05/14,0,846000,-223000,623000
2013/05/15,0,540000,-343071,196929
2013/05/16,0,864000,-341000,523000
2013/05/17,0,591000,-293000,298000
2013/05/20,0,522000,-235000,287000
2013/05/21,0,551100,-164671,386429
2013/05/22,0,631000,-357000,274000
2013/05/23,0,746000,-670000,76000
2013/05/24,0,827040,-373700,453340
2013/05/27,0,321705,-315000,6705
2013/05/28,0,327000,-586000,-259000
2013/05/29,0,740000,-248000,492000
2013/05/30,0,496000,-1786937,-1290937
2013/05/31,0,3578600,-5669826,-2091226
2013/06/03,0,1152000,-1437000,-285000
2013/06/04,0,1189000,-660415,528585
2013/06/05,0,342000,-546841,-204841
2013/06/06,0,873397,-993520,-120123
2013/06/07,0,944000,-2372013,-1428013
2013/06/10,0,610000,-938440,-328440
2013/06/11,0,1280000,-1719720,-439720
2013/06/12,0,0,0,0
2013/06/13,0,1405109,-1983720,-578611
2013/06/14,0,1773000,-1483000,290000
2013/06/17,0,737000,-915209,-178209
2013/06/18,0,917000,-1646000,-729000
2013/06/19,0,1063000,-1900460,-837460
2013/06/20,0,741000,-1117056,-376056
2013/06/21,0,1407000,-1699664,-292664
2013/06/24,0,847000,-1738000,-891000
2013/06/25,0,700000,-440000,260000
2013/06/26,0,1798000,-385250,1412750
2013/06/27,0,1266000,-333000,933000
2013/06/28,0,1905000,-866353,1038647
2013/07/01,0,727000,-343000,384000
2013/07/02,0,502000,-1297967,-795967
2013/07/03,0,702000,-1009700,-307700
2013/07/04,0,539000,-918000,-379000
2013/07/05,0,1153000,-434000,719000
2013/07/08,0,251000,-1051000,-800000
2013/07/09,0,876000,-367000,509000
2013/07/10,0,1542000,-595000,947000
2013/07/11,0,1355833,-431043,924790
2013/07/12,0,1330000,-430000,900000
2013/07/15,0,825351,-375000,450351
2013/07/16,0,1125264,-402000,723264
2013/07/17,0,1171264,-892000,279264
2013/07/18,0,1234000,-103000,1131000
2013/07/19,0,942292,-261000,681292
2013/07/22,0,904876,-181000,723876
2013/07/23,0,1388000,-74000,1314000
2013/07/24,0,637000,-156000,481000
2013/07/25,0,608000,-120000,488000
2013/07/26,0,689000,-188000,501000
2013/07/29,0,160000,-210000,-50000
2013/07/30,0,832000,-172000,660000
2013/07/31,0,827000,-376784,450216
2013/08/01,0,286000,-529000,-243000
2013/08/02,0,299000,-963000,-664000
2013/08/05,0,418000,-545000,-127000
2013/08/06,0,149510,-997000,-847490
2013/08/07,0,29000,-1274000,-1245000
2013/08/08,0,115255,-835000,-719745
2013/08/09,0,256000,-828000,-572000
2013/08/12,0,460000,-376000,84000
2013/08/13,0,508000,-247000,261000
2013/08/14,0,568305,-522000,46305
2013/08/15,0,275000,-644191,-369191
2013/08/16,0,587963,-631000,-43037
2013/08/19,0,307000,-415000,-108000
2013/08/20,0,495695,-794695,-299000
2013/08/21,0,0,0,0
2013/08/22,0,511695,-2380379,-1868684
2013/08/23,0,409765,-369000,40765
2013/08/26,0,652000,-227000,425000
2013/08/27,0,272000,-525000,-253000
2013/08/28,0,384000,-685000,-301000
2013/08/29,0,979000,-486787,492213
2013/08/30,0,487000,-743405,-256405
2013/09/02,0,1192000,-223000,969000
2013/09/03,0,532000,-887000,-355000
2013/09/04,0,1179000,-231000,948000
2013/09/05,0,1505514,-169000,1336514
2013/09/06,0,943000,-229000,714000
2013/09/09,0,1418255,-166000,1252255
2013/09/10,0,1264000,-486000,778000
2013/09/11,0,2041000,-418548,1622452
2013/09/12,0,2661000,-76000,2585000
2013/09/13,0,940243,-572000,368243
2013/09/16,0,1075000,-300000,775000
2013/09/17,0,1277000,-563000,714000
2013/09/18,0,930990,-269000,661990
2013/09/19,0,0,0,0
2013/09/20,0,0,0,0
2013/09/23,0,2560000,-764411,1795589
2013/09/24,0,995000,-652055,342945
2013/09/25,0,1351000,-452000,899000
2013/09/26,0,599000,-523000,76000
2013/09/27,0,1023000,-353202,669798
2013/09/30,0,2244000,-978766,1265234
2013/10/01,0,430000,-604640,-174640
2013/10/02,0,370600,-816235,-445635
2013/10/03,0,1222018,-396000,826018
2013/10/04,0,534000,-177000,357000
2013/10/07,0,591536,-613500,-21964
2013/10/08,0,671000,-767000,-96000
2013/10/09,0,237000,-217000,20000
2013/10/10,0,0,0,0
2013/10/11,0,648000,-484000,164000
2013/10/14,0,518000,-206833,311167
2013/10/15,0,1029000,-360000,669000
2013/10/16,0,642000,-216000,426000
2013/10/17,0,277000,-221000,56000
2013/10/18,0,378536,-220000,158536
2013/10/21,0,305000,-414000,-109000
2013/10/22,0,585000,-213000,372000
2013/10/23,0,414208,-278000,136208
2013/10/24,0,341000,-52000,289000
2013/10/25,0,297671,-528000,-230329
2013/10/28,0,695000,-182000,513000
2013/10/29,0,638000,-270687,367313
2013/10/30,0,650000,-468000,182000
2013/10/31,0,556000,-367000,189000
2013/11/01,0,192000,-94000,98000
2013/11/04,0,215000,-331000,-116000
2013/11/05,0,93000,-424698,-331698
2013/11/06,0,259000,-103000,156000
2013/11/07,0,95000,-473000,-378000
2013/11/08,0,157000,-576000,-419000
2013/11/11,0,120000,-454000,-334000
2013/11/12,0,271000,-789000,-518000
2013/11/13,0,225911,-805000,-579089
2013/11/14,0,76000,-378000,-302000
2013/11/15,0,300000,-819000,-519000
2013/11/18,0,182000,-1036000,-854000
2013/11/19,0,258000,-612000,-354000
2013/11/20,0,123000,-403527,-280527
2013/11/21,0,424000,-883000,-459000
2013/11/22,0,163000,-205000,-42000
2013/11/25,0,331000,-706000,-375000
2013/11/26,0,453000,-1786391,-1333391
2013/11/27,0,495000,-444000,51000
2013/11/28,0,810000,-137000,673000
2013/11/29,0,398000,-359000,39000
2013/12/02,0,361000,-166000,195000
2013/12/03,0,1686598,-809077,877521
2013/12/04,0,457000,-862000,-405000
2013/12/05,0,534000,-1092000,-558000
2013/12/06,0,90000,-1075000,-985000
2013/12/09,0,593000,-1082342,-489342
2013/12/10,0,376000,-520000,-144000
2013/12/11,0,488100,-507000,-18900
2013/12/12,0,14000,-1539978,-1525978
2013/12/13,0,138000,-1039000,-901000
2013/12/16,0,9000,-890000,-881000
2013/12/17,0,6000,-726000,-720000
2013/12/18,0,148000,-1130000,-982000
2013/12/19,0,564000,-1251000,-687000
2013/12/20,0,391000,-1007372,-616372
2013/12/23,0,275000,-949000,-674000
2013/12/24,0,486000,-1094000,-608000
2013/12/25,0,236000,-141000,95000
2013/12/26,0,20000,-676000,-656000
2013/12/27,0,416000,-987000,-571000
2013/12/30,0,669650,-366000,303650
2013/12/31,0,288000,-286000,2000
2014/01/02,0,223000,-942000,-719000
2014/01/03,0,151000,-1632000,-1481000
2014/01/06,0,776000,-2067000,-1291000
2014/01/07,0,567000,-681000,-114000
2014/01/08,0,710000,-1063000,-353000
2014/01/09,0,758000,-1173000,-415000
2014/01/10,0,843000,-1807000,-964000
2014/01/13,0,112000,-486877,-374877
2014/01/14,0,250000,-1198123,-948123
2014/01/15,0,1176000,-416000,760000
2014/01/16,0,399000,-325000,74000
2014/01/17,0,403000,-942000,-539000
2014/01/20,0,520000,-129000,391000
2014/01/21,0,255500,-136169,119331
2014/01/22,0,789000,-163000,626000
2014/01/23,0,808000,-290000,518000
2014/01/24,0,909000,-469000,440000
2014/01/27,0,436944,-1891438,-1454494
2014/02/05,0,1106000,-3366387,-2260387
2014/02/06,0,1182000,-2069000,-887000
2014/02/07,0,1629000,-1259000,370000
2014/02/10,0,592000,-636067,-44067
2014/02/11,0,975003,-478100,496903
2014/02/12,0,2077000,-1015200,1061800
2014/02/13,0,582000,-1097190,-515190
2014/02/14,0,1018000,-958920,59080
2014/02/17,0,307000,-117000,190000
2014/02/18,0,1002000,-171000,831000
2014/02/19,0,1131000,-740943,390057
2014/02/20,0,1295000,-214414,1080586
2014/02/21,0,1470000,-144000,1326000
2014/02/24,0,445000,-80000,365000
2014/02/25,0,904000,-48000,856000
2014/02/26,0,1777000,-715000,1062000
2014/02/27,0,1090000,-834545,255455
2014/03/03,0,734000,-724000,10000
2014/03/04,0,427000,-815000,-388000
2014/03/05,0,332000,-68000,264000
2014/03/06,0,717000,-377000,340000
2014/03/07,0,877000,-56000,821000
2014/03/10,0,240000,-100000,140000
2014/03/11,0,709000,-239000,470000
2014/03/12,0,720000,-68000,652000
2014/03/13,0,167000,-235003,-68003
2014/03/14,0,264000,-501081,-237081
2014/03/17,0,1561000,-408000,1153000
2014/03/18,0,502000,-239000,263000
2014/03/19,0,254000,-143000,111000
2014/03/20,0,321000,-722000,-401000
2014/03/21,0,245000,-689000,-444000
2014/03/24,0,311000,-312251,-1251
2014/03/25,0,263000,-272000,-9000
2014/03/26,0,432000,-279000,153000
2014/03/27,0,548000,-130000,418000
2014/03/28,0,738000,-228000,510000
2014/03/31,0,671000,-464650,206350
2014/04/01,0,723000,-1205531,-482531
2014/04/02,0,725000,-896000,-171000
2014/04/03,0,419000,-946000,-527000
2014/04/07,0,1004000,-1387000,-383000
2014/04/08,0,264000,-1362000,-1098000
2014/04/09,0,499000,-358256,140744
2014/04/10,0,738334,-276000,462334
2014/04/11,0,423000,-609000,-186000
2014/04/14,0,234000,-664000,-430000
2014/04/15,0,337000,-304207,32793
2014/04/16,0,533000,-493000,40000
2014/04/17,0,585000,-547000,38000
2014/04/18,0,337000,-93000,244000
2014/04/21,0,100000,-156000,-56000
2014/04/22,0,463000,-710000,-247000
2014/04/23,0,434000,-503000,-69000
2014/04/24,0,480000,-162000,318000
2014/04/25,0,422000,-442000,-20000
2014/04/28,0,410000,-460000,-50000
2014/04/29,0,458000,-367000,91000
2014/04/30,0,538000,-940000,-402000
2014/05/02,0,380086,-134000,246086
2014/05/05,0,703000,-211000,492000
2014/05/06,0,627000,-301000,326000
2014/05/07,0,541000,-1291000,-750000
2014/05/08,0,565000,-257000,308000
2014/05/09,0,422000,-737833,-315833
2014/05/12,0,211000,-336000,-125000
2014/05/13,0,689000,-282000,407000
2014/05/14,0,1808000,-373000,1435000
2014/05/15,0,1318000,-661000,657000
2014/05/16,0,1132000,-307537,824463
2014/05/19,0,1026000,-414457,611543
2014/05/20,0,229000,-396805,-167805
2014/05/21,0,902000,-662000,240000
2014/05/22,0,950000,-312000,638000
2014/05/23,0,1081000,-204000,877000
2014/05/26,0,1803000,-976000,827000
2014/05/27,0,552000,-567000,-15000
2014/05/28,0,1091000,-277000,814000
2014/05/29,0,736000,-561541,174459
2014/05/30,0,4215439,-3634100,581339
2014/06/03,0,1220000,-1239810,-19810
2014/06/04,0,454000,-1308000,-854000
2014/06/05,0,571000,-780000,-209000
2014/06/06,0,1271000,-755000,516000
2014/06/09,0,496000,-269000,227000
2014/06/10,0,1021366,-101000,920366
2014/06/11,0,657000,-326000,331000
2014/06/12,0,1028100,-71000,957100
2014/06/13,0,1072000,-289000,783000
2014/06/16,0,2102000,-73675,2028325
2014/06/17,0,942000,-151000,791000
2014/06/18,0,2915000,-521000,2394000
2014/06/19,0,928585,-333000,595585
2014/06/20,0,3821000,-871238,2949762
2014/06/23,0,1278000,-437168,840832
2014/06/24,0,1545000,-190119,1354881
2014/06/25,0,550000,-89976,460024
2014/06/26,0,1859846,-151000,1708846
2014/06/27,0,779000,-232236,546764
2014/06/30,0,1021000,-319213,701787
2014/07/01,0,799000,-293000,506000
2014/07/02,0,1580000,-376000,1204000
2014/07/03,0,391000,-253000,138000
2014/07/04,0,505484,-246000,259484
2014/07/07,0,936000,-227000,709000
2014/07/08,0,1274000,-453643,820357
2014/07/09,0,511000,-118000,393000
2014/07/10,0,812000,-135000,677000
2014/07/11,0,420000,-97645,322355
2014/07/14,0,433000,-190000,243000
2014/07/15,0,427215,-128000,299215
2014/07/16,0,327000,-36000,291000
2014/07/17,0,654157,-106000,548157
2014/07/18,0,549000,-391000,158000
2014/07/21,0,197000,-166000,31000
2014/07/22,0,461000,-142000,319000
2014/07/23,0,0,0,0
2014/07/24,0,266000,-292000,-26000
2014/07/25,0,254000,-405057,-151057
2014/07/28,0,1330000,-152000,1178000
2014/07/29,0,1938000,-792000,1146000
2014/07/30,0,1435000,-311000,1124000
2014/07/31,0,608000,-866000,-258000
2014/08/01,0,209000,-241000,-32000
2014/08/04,0,231000,-349000,-118000
2014/08/05,0,217000,-1442976,-1225976
2014/08/06,0,373000,-433710,-60710
2014/08/07,0,208373,-182690,25683
2014/08/08,0,151000,-593992,-442992
2014/08/11,0,88996,-629000,-540004
2014/08/12,0,119000,-572566,-453566
2014/08/13,0,613000,-204000,409000
2014/08/14,0,76000,-484000,-408000
2014/08/15,0,504000,-221000,283000
2014/08/18,0,101000,-444000,-343000
2014/08/19,0,781115,-102000,679115
2014/08/20,0,369115,-256000,113115
2014/08/21,0,389000,-37000,352000
2014/08/22,0,1109351,-136000,973351
2014/08/25,0,496000,-180000,316000
2014/08/26,0,294590,-86000,208590
2014/08/27,0,1135000,-135000,1000000
2014/08/28,0,269000,-123000,146000
2014/08/29,0,632000,-467000,165000
2014/09/01,0,637000,-76000,561000
2014/09/02,0,157000,-278000,-121000
2014/09/03,0,568150,-113570,454580
2014/09/04,0,157332,-72912,84420
2014/09/05,0,207000,-521000,-314000
2014/09/09,0,685000,-265000,420000
2014/09/10,0,108000,-759000,-651000
2014/09/11,0,623000,-255000,368000
2014/09/12,0,227269,-311000,-83731
2014/09/15,0,76000,-175000,-99000
2014/09/16,0,28000,-575000,-547000
2014/09/17,0,461000,-681000,-220000
2014/09/18,0,124000,-245000,-121000
2014/09/19,0,327000,-585570,-258570
2014/09/22,0,92000,-1028000,-936000
2014/09/23,0,279000,-464000,-185000
2014/09/24,0,232000,-232000,0
2014/09/25,0,148000,-586000,-438000
2014/09/26,0,76000,-135000,-59000
2014/09/29,0,430000,-1319000,-889000
2014/09/30,0,798000,-974000,-176000
2014/10/01,0,212380,-735000,-522620
2014/10/02,0,152000,-1082000,-930000
2014/10/03,0,352000,-418291,-66291
2014/10/06,0,286000,-736291,-450291
2014/10/07,0,190000,-436582,-246582
2014/10/08,0,879000,-907000,-28000
2014/10/09,0,279000,-315000,-36000
2014/10/13,0,367708,-294000,73708
2014/10/14,0,702000,-638000,64000
2014/10/15,0,563000,-1224000,-661000
2014/10/16,0,227000,-1089000,-862000
2014/10/17,0,467167,-1705000,-1237833
2014/10/20,0,438728,-202728,236000
2014/10/21,0,290000,-467000,-177000
2014/10/22,0,445000,-355000,90000
2014/10/23,0,162000,-40548,121452
2014/10/24,0,79000,-427000,-348000
2014/10/27,0,451000,-128000,323000
2014/10/28,0,869000,-263000,606000
2014/10/29,0,492000,-362536,129464
2014/10/30,0,329080,-120000,209080
2014/10/31,0,477000,-317000,160000
2014/11/03,0,204610,-417000,-212390
2014/11/04,0,320000,-139000,181000
2014/11/05,0,523000,-464000,59000
2014/11/06,0,347000,-735387,-388387
2014/11/07,0,157000,-113510,43490
2014/11/10,0,1363600,-60000,1303600
2014/11/11,0,492000,-119000,373000
2014/11/12,0,207600,-709387,-501787
2014/11/13,0,500000,-640000,-140000
2014/11/14,0,348000,-213000,135000
2014/11/17,0,290000,-559787,-269787
2014/11/18,0,976000,-268000,708000
2014/11/19,0,1206000,-804387,401613
2014/11/20,0,620000,-65000,555000
2014/11/21,0,555000,-214548,340452
2014/11/24,0,596000,-235000,361000
2014/11/25,0,739775,-1097209,-357434
2014/11/26,0,265830,-237000,28830
2014/11/27,0,602000,-283000,319000
2014/11/28,0,535000,-475000,60000
2014/12/01,0,680691,-691000,-10309
2014/12/02,0,627000,-1056000,-429000
2014/12/03,0,1165000,-221000,944000
2014/12/04,0,568000,-325000,243000
2014/12/05,0,270000,-189000,81000
2014/12/08,0,204000,-263000,-59000
2014/12/09,0,229623,-236000,-6377
2014/12/10,0,470000,-744200,-274200
2014/12/11,0,337749,-735000,-397251
2014/12/12,0,113000,-876000,-763000
2014/12/15,0,383000,-1819000,-1436000
2014/12/16,0,847000,-653741,193259
2014/12/17,0,535000,-1194215,-659215
2014/12/18,0,554553,-755774,-201221
2014/12/19,0,778719,-974606,-195887
2014/12/22,0,440000,-900000,-460000
2014/12/23,0,417000,-182000,235000
2014/12/24,0,935000,-62000,873000
2014/12/25,0,370000,-128000,242000
2014/12/26,0,342000,-92000,250000
2014/12/29,0,860000,-135244,724756
2014/12/30,0,633937,-236000,397937
2014/12/31,0,373000,-160535,212465
2015/01/01,0,0,0,0
2015/01/02,0,0,0,0
2015/01/05,0,220000,-515000,-295000
2015/01/06,0,313000,-1244000,-931000
2015/01/07,0,466000,-855000,-389000
2015/01/08,0,837000,-229484,607516
2015/01/09,0,372000,-311000,61000
2015/01/12,0,165000,-363000,-198000
2015/01/13,0,738000,-539000,199000
2015/01/14,0,770000,-945000,-175000
2015/01/15,0,513000,-1068000,-555000
2015/01/16,0,389000,-1055102,-666102
2015/01/19,0,377000,-582000,-205000
2015/01/20,0,308000,-545000,-237000
2015/01/21,0,449000,-377551,71449
2015/01/22,0,795000,-733000,62000
2015/01/23,0,940000,-285000,655000
2015/01/26,0,462000,-448000,14000
2015/01/27,0,686000,-266000,420000
2015/01/28,0,401000,-381000,20000
2015/01/29,0,490000,-861000,-371000
2015/01/30,0,830000,-756480,73520
2015/02/02,0,447000,-327000,120000
2015/02/03,0,314000,-246000,68000
2015/02/04,0,660000,-748000,-88000
2015/02/05,0,591000,-955000,-364000
2015/02/06,0,334000,-264000,70000
2015/02/09,0,602000,-607000,-5000
2015/02/10,0,724000,-568000,156000
2015/02/11,0,534192,-218000,316192
2015/02/12,0,137000,-703000,-566000
2015/02/13,0,273000,-503000,-230000
2015/02/16,0,0,0,0
2015/02/17,0,0,0,0
2015/02/18,0,0,0,0
2015/02/19,0,0,0,0
2015/02/20,0,0,0,0
2015/02/23,0,0,0,0
2015/02/24,0,1177000,-232200,944800
2015/02/25,0,417000,-659000,-242000
2015/02/26,0,1014000,-1005028,8972
2015/02/27,0,0,0,0
2015/03/02,0,1129000,-794000,335000
2015/03/03,0,506660,-953700,-447040
2015/03/04,0,648000,-1105000,-457000
2015/03/05,0,946000,-503000,443000
2015/03/06,0,844000,-675000,169000
2015/03/09,0,347000,-663000,-316000
2015/03/10,0,197966,-698000,-500034
2015/03/11,0,365000,-884000,-519000
2015/03/12,0,250000,-389000,-139000
2015/03/13,0,195000,-273000,-78000
2015/03/16,0,268000,-379922,-111922
2015/03/17,0,587000,-356000,231000
2015/03/18,0,710000,-379604,330396
2015/03/19,0,1814000,-263000,1551000
2015/03/20,0,812000,-1069000,-257000
2015/03/23,0,144000,-417000,-273000
2015/03/24,0,503000,-283000,220000
2015/03/25,0,161609,-443000,-281391
2015/03/26,0,549000,-872000,-323000
2015/03/27,0,406000,-827000,-421000
2015/03/30,0,357000,-1146000,-789000
2015/03/31,0,312000,-1628000,-1316000
2015/04/01,0,126000,-1120000,-994000
2015/04/02,0,452000,-1439000,-987000
2015/04/03,0,0,0,0
2015/04/06,0,0,0,0
2015/04/07,0,532000,-795000,-263000
2015/04/08,0,580000,-1806000,-1226000
2015/04/09,0,368000,-718000,-350000
2015/04/10,0,401000,-1873000,-1472000
2015/04/13,0,280000,-1325000,-1045000
2015/04/14,0,134000,-684000,-550000
2015/04/15,0,100000,-1729475,-1629475
2015/04/16,0,328000,-746000,-418000
2015/04/17,0,378660,-1122148,-743488
2015/04/20,0,485712,-926000,-440288
2015/04/21,0,173000,-563000,-390000
2015/04/22,0,700000,-1379553,-679553
2015/04/23,0,1364000,-1160807,203193
2015/04/24,0,1317000,-804000,513000
2015/04/27,0,877591,-827000,50591
2015/04/28,0,649000,-665000,-16000
2015/04/29,0,819000,-876000,-57000
2015/04/30,0,988000,-2335200,-1347200
2015/05/01,0,0,0,0
2015/05/04,0,275000,-508000,-233000
2015/05/05,0,312000,-266000,46000
2015/05/06,0,634960,-608000,26960
2015/05/07,0,809000,-461000,348000
2015/05/08,0,862000,-680000,182000
2015/05/11,0,295000,-524000,-229000
2015/05/12,0,211000,-510000,-299000
2015/05/13,0,62000,-435000,-373000
2015/05/14,0,541000,-1101000,-560000
2015/05/15,0,385000,-779000,-394000
2015/05/18,0,272000,-558000,-286000
2015/05/19,0,702000,-444000,258000
2015/05/20,0,639000,-534000,105000
2015/05/21,0,360000,-1435000,-1075000
2015/05/22,0,317000,-276000,41000
2015/05/25,0,242000,-383000,-141000
2015/05/26,0,272000,-132000,140000
2015/05/27,0,582000,-434255,147745
2015/05/28,0,560000,-853660,-293660
2015/05/29,0,1568803,-2035221,-466418
2015/06/01,0,186000,-1612000,-1426000
2015/06/02,0,113000,-1600000,-1487000
2015/06/03,0,83000,-1365000,-1282000
2015/06/04,0,182000,-1588000,-1406000
2015/06/05,0,275000,-1583000,-1308000
2015/06/08,0,228000,-1061000,-833000
2015/06/09,0,458000,-1158660,-700660
2015/06/10,0,45000,-1025000,-980000
2015/06/11,0,177000,-1654000,-1477000
2015/06/12,0,48408,-854000,-805592
2015/06/15,0,138000,-1072000,-934000
2015/06/16,0,524000,-1222000,-698000
2015/06/17,0,1061000,-1851000,-790000
2015/06/18,0,334258,-1108000,-773742
2015/06/19,0,0,0,0
2015/06/22,0,626000,-771960,-145960
2015/06/23,0,1249739,-1190000,59739
2015/06/24,0,482000,-699000,-217000
2015/06/25,0,1159660,-1620000,-460340
2015/06/26,0,688000,-538268,149732
2015/06/29,0,519000,-653000,-134000
2015/06/30,0,1123000,-1038000,85000
2015/07/01,0,1158000,-866000,292000
2015/07/02,0,833000,-641000,192000
2015/07/03,0,385000,-1045000,-660000
2015/07/06,0,663000,-982000,-319000
2015/07/07,0,831000,-167000,664000
2015/07/08,0,432000,-1705000,-1273000
2015/07/09,0,601000,-1239000,-638000
2015/07/10,0,0,0,0
2015/07/13,0,768000,-713000,55000
2015/07/14,0,538000,-622000,-84000
2015/07/15,0,397000,-657056,-260056
2015/07/16,0,452000,-294000,158000
2015/07/17,0,114000,-449000,-335000
2015/07/20,0,612000,-257000,355000
2015/07/21,0,492000,-277000,215000
2015/07/22,0,418000,-751000,-333000
2015/07/23,0,349000,-280000,69000
2015/07/24,0,453000,-606000,-153000
2015/07/27,0,455000,-481000,-26000
2015/07/28,0,640000,-1133000,-493000
2015/07/29,0,720000,-1120755,-400755
2015/07/30,0,1057000,-526000,531000
2015/07/31,0,863274,-948000,-84726
2015/08/03,0,485000,-419000,66000
2015/08/04,0,613000,-600000,13000
2015/08/05,0,719000,-546000,173000
2015/08/06,0,408000,-596000,-188000
2015/08/07,0,549000,-716000,-167000
2015/08/10,0,386000,-159000,227000
2015/08/11,0,377000,-1189000,-812000
2015/08/12,0,205678,-383000,-177322
2015/08/13,0,220000,-965215,-745215
2015/08/14,0,358544,-469000,-110456
2015/08/17,0,534479,-289000,245479
2015/08/18,0,487000,-689000,-202000
2015/08/19,0,243000,-997000,-754000
2015/08/20,0,374000,-1465000,-1091000
2015/08/21,0,489000,-1118001,-629001
2015/08/24,0,897000,-1585000,-688000
2015/08/25,0,1039000,-856000,183000
2015/08/26,0,929000,-1114598,-185598
2015/08/27,0,2381000,-1146000,1235000
2015/08/28,0,352000,-1436090,-1084090
2015/08/31,0,1946000,-2588000,-642000
2015/09/01,0,1092000,-1112000,-20000
2015/09/02,0,1937000,-1134660,802340
2015/09/03,0,825000,-1544000,-719000
2015/09/04,0,1044660,-575746,468914
2015/09/07,0,712000,-1100000,-388000
2015/09/08,0,364000,-448000,-84000
2015/09/09,0,2745145,-530000,2215145
2015/09/10,0,1743000,-592000,1151000
2015/09/11,0,275000,-769000,-494000
2015/09/14,0,230000,-463000,-233000
2015/09/15,0,888000,-289000,599000
2015/09/16,0,1008000,-730000,278000
2015/09/17,0,948000,-1040000,-92000
2015/09/18,0,2024124,-819473,1204651
2015/09/21,0,296000,-1592000,-1296000
2015/09/22,0,813000,-491873,321127
2015/09/23,0,907000,-1150695,-243695
2015/09/24,0,874000,-1170000,-296000
2015/09/25,0,426000,-684000,-258000
2015/09/28,0,0,0,0
2015/09/29,0,0,0,0
2015/09/30,0,1406180,-1223000,183180
2015/10/01,0,893756,-771000,122756
2015/10/02,0,1041000,-397000,644000
2015/10/05,0,529000,-699000,-170000
2015/10/06,0,1190000,-781712,408288
2015/10/07,0,1596000,-682000,914000
2015/10/08,0,1183530,-646000,537530
2015/10/09,0,0,0,0
2015/10/12,0,1788000,-444000,1344000
2015/10/13,0,1417000,-483000,934000
2015/10/14,0,855000,-450000,405000
2015/10/15,0,1306000,-660000,646000
2015/10/16,0,2243000,-1182000,1061000
2015/10/19,0,675786,-963000,-287214
2015/10/20,0,1552000,-721000,831000
2015/10/21,0,605000,-354000,251000
2015/10/22,0,971000,-1103000,-132000
2015/10/23,0,989294,-171000,818294
2015/10/26,0,1003000,-244000,759000
2015/10/27,0,843000,-232000,611000
2015/10/28,0,432915,-553953,-121038
2015/10/29,0,614000,-848147,-234147
2015/10/30,0,725000,-677000,48000
2015/11/02,0,391000,-548000,-157000
2015/11/03,0,948000,-261712,686288
2015/11/04,0,2518000,-393248,2124752
2015/11/05,0,1582000,-269000,1313000
2015/11/06,0,1037000,-1376000,-339000
2015/11/09,0,277000,-469000,-192000
2015/11/10,0,804000,-1153851,-349851
2015/11/11,0,361000,-804000,-443000
2015/11/12,0,422000,-346000,76000
2015/11/13,0,372000,-1310000,-938000
2015/11/16,0,734000,-606000,128000
2015/11/17,0,696000,-451000,245000
2015/11/18,0,1047000,-1172000,-125000
2015/11/19,0,755000,-1457000,-702000
2015/11/20,0,397000,-773000,-376000
2015/11/23,0,439000,-239000,200000
2015/11/24,0,265000,-875492,-610492
2015/11/25,0,215953,-753167,-537214
2015/11/26,0,2233000,-515953,1717047
2015/11/27,0,205000,-2377000,-2172000
2015/11/30,0,3023866,-7263160,-4239294
2015/12/01,0,1298000,-1903488,-605488
2015/12/02,0,381000,-1538000,-1157000
2015/12/03,0,371000,-1185000,-814000
2015/12/04,0,372000,-1327000,-955000
2015/12/07,0,471000,-378000,93000
2015/12/08,0,219000,-1333729,-1114729
2015/12/09,0,189000,-1188000,-999000
2015/12/10,0,590592,-2044004,-1453412
2015/12/11,0,272000,-938000,-666000
2015/12/14,0,212000,-404401,-192401
2015/12/15,0,226000,-724137,-498137
2015/12/16,0,400000,-674000,-274000
2015/12/17,0,364000,-499000,-135000
2015/12/18,0,1098797,-1740000,-641203
2015/12/21,0,519000,-1098000,-579000
2015/12/22,0,403518,-698250,-294732
2015/12/23,0,219000,-238000,-19000
2015/12/24,0,352000,-367859,-15859
2015/12/25,0,493000,-105000,388000
2015/12/28,0,351000,-223000,128000
2015/12/29,0,367000,-86000,281000
2015/12/30,0,163000,-683000,-520000
2015/12/31,0,448000,-197019,250981
2016/01/01,0,0,0,0
2016/01/04,0,520880,-1603000,-1082120
2016/01/05,0,918852,-328000,590852
2016/01/06,0,1373123,-743000,630123
2016/01/07,0,784145,-1574091,-789946
2016/01/08,0,602000,-1103147,-501147
2016/01/11,0,282000,-1403000,-1121000
2016/01/12,0,546000,-972147,-426147
2016/01/13,0,834000,-506865,327135
2016/01/14,0,809000,-443000,366000
2016/01/15,0,289000,-1418478,-1129478
2016/01/18,0,887936,-762134,125802
2016/01/19,0,375000,-374000,1000
2016/01/20,0,468000,-1106294,-638294
2016/01/21,0,574000,-668000,-94000
2016/01/22,0,909000,-499443,409557
2016/01/25,0,1261473,-148000,1113473
2016/01/26,0,273000,-626000,-353000
2016/01/27,0,340000,-321395,18605
2016/01/28,0,1181000,-454309,726691
2016/01/29,0,1787989,-659000,1128989
2016/02/01,0,580000,-304000,276000
2016/02/02,0,874990,-520528,354462
2016/02/03,0,424000,-1125019,-701019
2016/02/04,0,0,0,0
2016/02/05,0,0,0,0
2016/02/08,0,0,0,0
2016/02/09,0,0,0,0
2016/02/10,0,0,0,0
2016/02/11,0,0,0,0
2016/02/12,0,0,0,0
2016/02/15,0,923000,-751981,171019
2016/02/16,0,1381000,-287897,1093103
2016/02/17,0,402000,-85000,317000
2016/02/18,0,731000,-229452,501548
2016/02/19,0,1045000,-145558,899442
2016/02/22,0,415000,-597000,-182000
2016/02/23,0,444528,-620000,-175472
2016/02/24,0,933000,-1222714,-289714
2016/02/25,0,448000,-63000,385000
2016/02/26,0,1229119,-786000,443119
2016/02/29,0,0,0,0
2016/03/01,0,869138,-504000,365138
2016/03/02,0,787000,-230000,557000
2016/03/03,0,1375000,-162000,1213000
2016/03/04,0,1295472,-317000,978472
2016/03/07,0,1061000,-313000,748000
2016/03/08,0,555000,-316000,239000
2016/03/09,0,496000,-219000,277000
2016/03/10,0,701000,-534000,167000
2016/03/11,0,934000,-676000,258000
2016/03/14,0,660000,-785000,-125000
2016/03/15,0,868000,-965000,-97000
2016/03/16,0,529000,-656000,-127000
2016/03/17,0,961000,-745000,216000
2016/03/18,0,1649750,-742467,907283
2016/03/21,0,1094000,-290000,804000
2016/03/22,0,695000,-481000,214000
2016/03/23,0,679000,-330000,349000
2016/03/24,0,453000,-1071000,-618000
2016/03/25,0,142000,-295000,-153000
2016/03/28,0,350000,-240000,110000
2016/03/29,0,476000,-614000,-138000
2016/03/30,0,1964000,-708000,1256000
2016/03/31,0,2226000,-1293000,933000
2016/04/01,0,375000,-969000,-594000
2016/04/04,0,0,0,0
2016/04/05,0,0,0,0
2016/04/06,0,588613,-1346000,-757387
2016/04/07,0,344000,-1012000,-668000
2016/04/08,0,512000,-1019000,-507000
2016/04/11,0,192000,-333000,-141000
2016/04/12,0,674704,-344000,330704
2016/04/13,0,1090958,-243000,847958
2016/04/14,0,494000,-402459,91541
2016/04/15,0,1229000,-220000,1009000
2016/04/18,0,308000,-560000,-252000
2016/04/19,0,755332,-348000,407332
2016/04/20,0,595950,-505000,90950
2016/04/21,0,187000,-288000,-101000
2016/04/22,0,171000,-301000,-130000
2016/04/25,0,318776,-197000,121776
2016/04/26,0,902894,-256000,646894
2016/04/27,0,481000,-763000,-282000
2016/04/28,0,348432,-953000,-604568
2016/04/29,0,461000,-797000,-336000
2016/05/02,0,0,0,0
2016/05/03,0,466000,-651000,-185000
2016/05/04,0,262000,-1338000,-1076000
2016/05/05,0,230000,-988000,-758000
2016/05/06,0,512000,-1510000,-998000
2016/05/09,0,244000,-516000,-272000
2016/05/10,0,237000,-571000,-334000
2016/05/11,0,427000,-1356000,-929000
2016/05/12,0,327000,-362000,-35000
2016/05/13,0,346444,-1584000,-1237556
2016/05/16,0,255000,-842000,-587000
2016/05/17,0,268888,-754000,-485112
2016/05/18,0,510800,-701000,-190200
2016/05/19,0,209000,-1100000,-891000
2016/05/20,0,209000,-617365,-408365
2016/05/23,0,1709444,-418000,1291444
2016/05/24,0,466000,-667000,-201000
2016/05/25,0,447000,-205000,242000
2016/05/26,0,213000,-395000,-182000
2016/05/27,0,599000,-289411,309589
2016/05/30,0,833000,-384000,449000
2016/05/31,0,2034000,-2080128,-46128
2016/06/01,0,1090000,-306000,784000
2016/06/02,0,441000,-663000,-222000
2016/06/03,0,508000,-391000,117000
2016/06/06,0,426000,-379365,46635
2016/06/07,0,952000,-526000,426000
2016/06/08,0,1044000,-700000,344000
2016/06/09,0,0,0,0
2016/06/10,0,0,0,0
2016/06/13,0,635000,-683000,-48000
2016/06/14,0,549994,-310000,239994
2016/06/15,0,347000,-316436,30564
2016/06/16,0,211777,-517000,-305223
2016/06/17,0,1052339,-308000,744339
2016/06/20,0,641000,-185000,456000
2016/06/21,0,1350000,-385229,964771
2016/06/22,0,1006966,-277000,729966
2016/06/23,0,393200,-524000,-130800
2016/06/24,0,593000,-1467000,-874000
2016/06/27,0,296000,-571000,-275000
2016/06/28,0,278006,-1295000,-1016994
2016/06/29,0,501000,-838000,-337000
2016/06/30,0,693000,-1028134,-335134
2016/07/01,0,910000,-382000,528000
2016/07/04,0,514000,-352000,162000
2016/07/05,0,372000,-304000,68000
2016/07/06,0,177000,-1546000,-1369000
2016/07/07,0,1065000,-1317000,-252000
2016/07/08,0,0,0,0
2016/07/11,0,2138514,-445000,1693514
2016/07/12,0,1083000,-825158,257842
2016/07/13,0,870000,-447000,423000
2016/07/14,0,655000,-415000,240000
2016/07/15,0,1669200,-316000,1353200
2016/07/18,0,939000,-133000,806000
2016/07/19,0,2003000,-373000,1630000
2016/07/20,0,1956000,-207000,1749000
2016/07/21,0,1305000,-147000,1158000
2016/07/22,0,668000,-99000,569000
2016/07/25,0,655000,-401000,254000
2016/07/26,0,586000,-334000,252000
2016/07/27,0,556962,-434000,122962
2016/07/28,0,706481,-815000,-108519
2016/07/29,0,632000,-811000,-179000
2016/08/01,0,1087619,-636000,451619
2016/08/02,0,655000,-733000,-78000
2016/08/03,0,509000,-386639,122361
2016/08/04,0,700000,-373000,327000
2016/08/05,0,2261000,-1328000,933000
2016/08/08,0,1249600,-225000,1024600
2016/08/09,0,839000,-326000,513000
2016/08/10,0,1441000,-501000,940000
2016/08/11,0,857000,-915000,-58000
2016/08/12,0,1305000,-804000,501000
2016/08/15,0,516924,-636000,-119076
2016/08/16,0,1153000,-1094000,59000
2016/08/17,0,733384,-818000,-84616
2016/08/18,0,1235000,-910000,325000
2016/08/19,0,393200,-1039262,-646062
2016/08/22,0,601000,-754000,-153000
2016/08/23,0,992962,-1117000,-124038
2016/08/24,0,462481,-635000,-172519
2016/08/25,0,605000,-511000,94000
2016/08/26,0,353615,-319000,34615
2016/08/29,0,271000,-770000,-499000
2016/08/30,0,241200,-361639,-120439
2016/08/31,0,1208895,-1541000,-332105
2016/09/01,0,236000,-738007,-502007
2016/09/02,0,456800,-528000,-71200
2016/09/05,0,525000,-201000,324000
2016/09/06,0,1040400,-258000,782400
2016/09/07,0,1573028,-605000,968028
2016/09/08,0,1124542,-263000,861542
2016/09/09,0,532000,-440000,92000
2016/09/12,0,112000,-1358936,-1246936
2016/09/13,0,423000,-929000,-506000
2016/09/14,0,509000,-1322124,-813124
2016/09/15,0,0,0,0
2016/09/16,0,0,0,0
2016/09/19,0,295707,-320774,-25067
2016/09/20,0,216000,-290341,-74341
2016/09/21,0,498000,-369000,129000
2016/09/22,0,422000,-163000,259000
2016/09/23,0,791000,-367000,424000
2016/09/26,0,138560,-246000,-107440
2016/09/27,0,0,0,0
2016/09/28,0,0,0,0
2016/09/29,0,1708646,-716661,991985
2016/09/30,0,817800,-1535176,-717376
2016/10/03,0,238509,-265000,-26491
2016/10/04,0,335000,-432834,-97834
2016/10/05,0,315000,-364000,-49000
2016/10/06,0,482800,-367000,115800
2016/10/07,0,279800,-249000,30800
2016/10/10,0,0,0,0
2016/10/11,0,643000,-358000,285000
2016/10/12,0,919028,-716146,202882
2016/10/13,0,641000,-816000,-175000
2016/10/14,0,211000,-647000,-436000
2016/10/17,0,164000,-1097720,-933720
2016/10/18,0,447000,-1130000,-683000
2016/10/19,0,394188,-319000,75188
2016/10/20,0,372000,-356761,15239
2016/10/21,0,1450000,-1226000,224000
2016/10/24,0,482000,-703196,-221196
2016/10/25,0,308220,-1042000,-733780
2016/10/26,0,236000,-603000,-367000
2016/10/27,0,229120,-867000,-637880
2016/10/28,0,457000,-384000,73000
2016/10/31,0,761360,-822000,-60640
2016/11/01,0,139000,-266000,-127000
2016/11/02,0,522360,-668000,-145640
2016/11/03,0,414000,-581000,-167000
2016/11/04,0,154000,-294000,-140000
2016/11/07,0,302000,-451936,-149936
2016/11/08,0,383560,-218000,165560
2016/11/09,0,927100,-1120000,-192900
2016/11/10,0,315000,-631000,-316000
2016/11/11,0,259000,-1392888,-1133888
2016/11/14,0,133000,-1164000,-1031000
2016/11/15,0,339000,-955000,-616000
2016/11/16,0,224000,-419935,-195935
2016/11/17,0,101000,-605188,-504188
2016/11/18,0,111000,-872000,-761000
2016/11/21,0,455000,-420000,35000
2016/11/22,0,381202,-1021000,-639798
2016/11/23,0,423000,-579779,-156779
2016/11/24,0,318000,-448000,-130000
2016/11/25,0,439000,-630000,-191000
2016/11/28,0,1770000,-860000,910000
2016/11/29,0,1492000,-2395433,-903433
2016/11/30,0,2754000,-3479548,-725548
2016/12/01,0,650960,-581801,69159
2016/12/02,0,507261,-734000,-226739
2016/12/05,0,206000,-993250,-787250
2016/12/06,0,991000,-577000,414000
2016/12/07,0,388000,-593000,-205000
2016/12/08,0,900000,-89000,811000
2016/12/09,0,1030360,-279816,750544
2016/12/12,0,817000,-64000,753000
2016/12/13,0,1009000,-332138,676862
2016/12/14,0,603000,-149995,453005
2016/12/15,0,1167000,-811000,356000
2016/12/16,0,1245135,-1088528,156607
2016/12/19,0,626000,-543689,82311
2016/12/20,0,318303,-619597,-301294
2016/12/21,0,299000,-427000,-128000
2016/12/22,0,153000,-964000,-811000
2016/12/23,0,167000,-638000,-471000
2016/12/26,0,87000,-183000,-96000
2016/12/27,0,37000,-593000,-556000
2016/12/28,0,65188,-876000,-810812
2016/12/29,0,103000,-833381,-730381
2016/12/30,0,1147000,-595000,552000
2017/01/02,0,0,0,0
2017/01/03,0,302000,-421105,-119105
2017/01/04,0,400000,-344688,55312
2017/01/05,0,496840,-366500,130340
2017/01/06,0,413000,-198453,214547
2017/01/09,0,258100,-392438,-134338
2017/01/10,0,274000,-432438,-158438
2017/01/11,0,626520,-461140,165380
2017/01/12,0,989000,-567140,421860
2017/01/13,0,462080,-246785,215295
2017/01/16,0,120000,-396784,-276784
2017/01/17,0,494690,-244000,250690
2017/01/18,0,257504,-493419,-235915
2017/01/19,0,334000,-328559,5441
2017/01/20,0,273120,-266000,7120
2017/01/23,0,867000,-208509,658491
2017/01/24,0,1114080,-176000,938080
2017/01/25,0,0,0,0
2017/01/26,0,0,0,0
2017/01/27,0,0,0,0
2017/01/30,0,0,0,0
2017/01/31,0,0,0,0
2017/02/01,0,0,0,0
2017/02/02,0,756307,-1511000,-754693
2017/02/03,0,466000,-951760,-485760
2017/02/06,0,319000,-844000,-525000
2017/02/07,0,243000,-122000,121000
2017/02/08,0,273000,-698000,-425000
2017/02/09,0,198870,-442000,-243130
2017/02/10,0,556080,-536000,20080
2017/02/13,0,279720,-212000,67720
2017/02/14,0,713080,-425760,287320
2017/02/15,0,1384000,-163000,1221000
2017/02/16,0,566349,-399000,167349
2017/02/17,0,183000,-37000,146000
2017/02/20,0,300716,-219000,81716
2017/02/21,0,250000,-258000,-8000
2017/02/22,0,471120,-48941,422179
2017/02/23,0,113000,-318000,-205000
2017/02/24,0,735000,-223000,512000
2017/02/27,0,0,0,0
2017/02/28,0,0,0,0
2017/03/01,0,1116000,-498498,617502
2017/03/02,0,415000,-500080,-85080
2017/03/03,0,274000,-310402,-36402
2017/03/06,0,187065,-106360,80705
2017/03/07,0,410000,-200497,209503
2017/03/08,0,265000,-644840,-379840
2017/03/09,0,383102,-963000,-579898
2017/03/10,0,201940,-598521,-396581
2017/03/13,0,263680,-261000,2680
2017/03/14,0,341320,-297480,43840
2017/03/15,0,169000,-154840,14160
2017/03/16,0,857000,-241000,616000
2017/03/17,0,1118468,-423440,695028
2017/03/20,0,101000,-507000,-406000
2017/03/21,0,1411342,-357716,1053626
2017/03/22,0,717087,-386400,330687
2017/03/23,0,885000,-215856,669144
2017/03/24,0,796803,-302600,494203
2017/03/27,0,573000,-240000,333000
2017/03/28,0,1004000,-751000,253000
2017/03/29,0,335960,-282000,53960
2017/03/30,0,420000,-197000,223000
2017/03/31,0,514000,-243000,271000
2017/04/03,0,0,0,0
2017/04/04,0,0,0,0
2017/04/05,0,700204,-559000,141204
2017/04/06,0,242000,-323000,-81000
2017/04/07,0,477000,-857160,-380160
2017/04/10,0,129000,-503000,-374000
2017/04/11,0,469340,-526000,-56660
2017/04/12,0,285566,-521691,-236125
2017/04/13,0,67180,-194000,-126820
2017/04/14,0,77000,-581000,-504000
2017/04/17,0,181000,-160000,21000
2017/04/18,0,577000,-572800,4200
2017/04/19,0,133000,-1188280,-1055280
2017/04/20,0,351000,-661000,-310000
2017/04/21,0,142045,-676751,-534706
2017/04/24,0,121000,-186000,-65000
2017/04/25,0,581000,-249000,332000
2017/04/26,0,616000,-80000,536000
2017/04/27,0,459000,-271000,188000
2017/04/28,0,383000,-415000,-32000
2017/05/01,0,0,0,0
2017/05/02,0,302000,-472000,-170000
2017/05/03,0,123000,-307000,-184000
2017/05/04,0,327000,-342000,-15000
2017/05/05,0,206040,-346000,-139960
2017/05/08,0,257200,-257000,200
2017/05/09,0,252205,-546000,-293795
2017/05/10,0,461440,-334000,127440
2017/05/11,0,351520,-284000,67520
2017/05/12,0,171000,-91000,80000
2017/05/15,0,393240,-491000,-97760
2017/05/16,0,475000,-290069,184931
2017/05/17,0,330000,-297000,33000
2017/05/18,0,491640,-128000,363640
2017/05/19,0,268000,-192000,76000
2017/05/22,0,208200,-214500,-6300
2017/05/23,0,533872,-230000,303872
2017/05/24,0,870000,-738000,132000
2017/05/25,0,706000,-485422,220578
2017/05/26,0,0,0,0
2017/05/29,0,0,0,0
2017/05/30,0,0,0,0
2017/05/31,0,1487208,-2046963,-559755
2017/06/01,0,1002000,-597000,405000
2017/06/02,0,719890,-428157,291733
2017/06/05,0,866000,-353000,513000
2017/06/06,0,520248,-234000,286248
2017/06/07,0,179520,-219000,-39480
2017/06/08,0,325000,-70000,255000
2017/06/09,0,262000,-302420,-40420
2017/06/12,0,114882,-712000,-597118
2017/06/13,0,176000,-407000,-231000
2017/06/14,0,326000,-531040,-205040
2017/06/15,0,322000,-305000,17000
2017/06/16,0,534000,-647582,-113582
2017/06/19,0,176720,-294414,-117694
2017/06/20,0,150000,-38000,112000
2017/06/21,0,907104,-319600,587504
2017/06/22,0,333000,-204000,129000
2017/06/23,0,449000,-183625,265375
2017/06/26,0,1229000,-51500,1177500
2017/06/27,0,1802000,-121000,1681000
2017/06/28,0,462571,-400000,62571
2017/06/29,0,276000,-16000,260000
2017/06/30,0,642000,-218000,424000
2017/07/03,0,194000,-168075,25925
2017/07/04,0,133000,-333000,-200000
2017/07/05,0,429000,-253000,176000
2017/07/06,0,329000,-377000,-48000
2017/07/07,0,146330,-220219,-73889
2017/07/10,0,189150,-447000,-257850
2017/07/11,0,534588,-576530,-41942
2017/07/12,0,367000,-729528,-362528
2017/07/13,0,163000,-455260,-292260
2017/07/14,0,76000,-269000,-193000
2017/07/17,0,654000,-88000,566000
2017/07/18,0,378000,-758000,-380000
2017/07/19,0,135952,-490357,-354405
2017/07/20,0,60494,-472000,-411506
2017/07/21,0,181100,-338000,-156900
2017/07/24,0,139000,-775000,-636000
2017/07/25,0,46000,-400120,-354120
2017/07/26,0,111000,-606000,-495000
2017/07/27,0,801000,-293000,508000
2017/07/28,0,143000,-302360,-159360
2017/07/31,0,430000,-350000,80000
2017/08/01,0,93000,-829000,-736000
2017/08/02,0,146800,-503000,-356200
2017/08/03,0,268175,-451880,-183705
2017/08/04,0,264000,-202000,62000
2017/08/07,0,124941,-43000,81941
2017/08/08,0,126000,-653000,-527000
2017/08/09,0,92080,-431000,-338920
2017/08/10,0,106970,-157000,-50030
2017/08/11,0,72000,-150000,-78000
2017/08/14,0,425000,-167000,258000
2017/08/15,0,144000,-122000,22000
2017/08/16,0,600000,-582000,18000
2017/08/17,0,180000,-78000,102000
2017/08/18,0,188000,-402454,-214454
