Date,Open,Buy,Sell,Total
2007/01/02,0,368000,-17000,351000
2007/01/03,0,6784000,-99738,6684262
2007/01/04,0,1545000,-79000,1466000
2007/01/05,0,857000,-1734000,-877000
2007/01/08,0,548000,-403479,144521
2007/01/09,0,1466000,-323000,1143000
2007/01/10,0,393000,-939000,-546000
2007/01/11,0,1075000,-292000,783000
2007/01/12,0,1184000,-51000,1133000
2007/01/15,0,92000,-169000,-77000
2007/01/16,0,24000,-272000,-248000
2007/01/17,0,1910000,-410000,1500000
2007/01/18,0,1342000,-284000,1058000
2007/01/19,0,1004000,-297000,707000
2007/01/22,0,1162000,-930000,232000
2007/01/23,0,567000,-47000,520000
2007/01/24,0,2095000,0,2095000
2007/01/25,0,1222000,-37000,1185000
2007/01/26,0,452000,-124000,328000
2007/01/29,0,0,-184000,-184000
2007/01/30,0,90000,-90116,-116
2007/01/31,0,588000,-485570,102430
2007/02/01,0,833000,-1180213,-347213
2007/02/02,0,450000,-447000,3000
2007/02/05,0,376000,-497000,-121000
2007/02/06,0,345000,-1073220,-728220
2007/02/07,0,3000,-1291260,-1288260
2007/02/08,0,434000,-436661,-2661
2007/02/09,0,341000,-916000,-575000
2007/02/12,0,26000,-739000,-713000
2007/02/13,0,3000,-636000,-633000
2007/02/14,0,512000,-995646,-483646
2007/02/15,0,0,0,0
2007/02/16,0,0,0,0
2007/02/19,0,0,0,0
2007/02/20,0,0,0,0
2007/02/21,0,0,0,0
2007/02/22,0,0,0,0
2007/02/23,0,0,0,0
2007/02/26,0,1347000,-1355291,-8291
2007/02/27,0,2244000,-1143000,1101000
2007/02/28,0,0,0,0
2007/03/01,0,2605000,-2130000,475000
2007/03/02,0,154000,-1846525,-1692525
2007/03/05,0,542000,-2106000,-1564000
2007/03/06,0,163000,-1152000,-989000
2007/03/07,0,78000,-2443931,-2365931
2007/03/08,0,58000,-1034166,-976166
2007/03/09,0,41000,-2033000,-1992000
2007/03/12,0,109000,-671490,-562490
2007/03/13,0,67000,-1002000,-935000
2007/03/14,0,271000,-2779000,-2508000
2007/03/15,0,158000,-801000,-643000
2007/03/16,0,28000,-600000,-572000
2007/03/19,0,1621000,-1268000,353000
2007/03/20,0,521000,-540000,-19000
2007/03/21,0,413000,-407000,6000
2007/03/22,0,1634000,-1296000,338000
2007/03/23,0,425000,-383000,42000
2007/03/26,0,68000,-259000,-191000
2007/03/27,0,343000,-1534375,-1191375
2007/03/28,0,249000,-932000,-683000
2007/03/29,0,1162000,-1110000,52000
2007/03/30,0,1352000,-33000,1319000
2007/04/02,0,653000,-30000,623000
2007/04/03,0,1942000,-2496000,-554000
2007/04/04,0,1010000,-139000,871000
2007/04/05,0,0,0,0
2007/04/06,0,0,0,0
2007/04/09,0,2495000,-685000,1810000
2007/04/10,0,2826000,-28000,2798000
2007/04/11,0,481000,-816000,-335000
2007/04/12,0,1746000,-1537000,209000
2007/04/13,0,99000,-50101,48899
2007/04/16,0,201000,-31563,169437
2007/04/17,0,156000,-695066,-539066
2007/04/18,0,212000,-693000,-481000
2007/04/19,0,194000,-979223,-785223
2007/04/20,0,123000,-592000,-469000
2007/04/23,0,348000,-27000,321000
2007/04/24,0,139000,-837630,-698630
2007/04/25,0,1175000,-131000,1044000
2007/04/26,0,376000,-208000,168000
2007/04/27,0,279000,-336000,-57000
2007/04/30,0,87000,-900448,-813448
2007/05/01,0,0,0,0
2007/05/02,0,506000,-376000,130000
2007/05/03,0,865000,-141000,724000
2007/05/04,0,1039000,-322000,717000
2007/05/07,0,1435000,-575000,860000
2007/05/08,0,51000,-504000,-453000
2007/05/09,0,672000,-452000,220000
2007/05/10,0,281000,0,281000
2007/05/11,0,67000,-255865,-188865
2007/05/14,0,475000,-30000,445000
2007/05/15,0,657000,-340000,317000
2007/05/16,0,94000,-174000,-80000
2007/05/17,0,385000,-353000,32000
2007/05/18,0,27000,-507000,-480000
2007/05/21,0,770000,-1278000,-508000
2007/05/22,0,473000,-832050,-359050
2007/05/23,0,669000,-50000,619000
2007/05/24,0,617000,-407000,210000
2007/05/25,0,583000,-322000,261000
2007/05/28,0,109000,-180000,-71000
2007/05/29,0,722000,-81000,641000
2007/05/30,0,1356000,-1199000,157000
2007/05/31,0,363000,-1477449,-1114449
2007/06/01,0,356000,-981000,-625000
2007/06/04,0,837000,-1478836,-641836
2007/06/05,0,14000,-954000,-940000
2007/06/06,0,1228000,-1122000,106000
2007/06/07,0,602000,-135000,467000
2007/06/08,0,1029000,-1350000,-321000
2007/06/11,0,1095000,-118000,977000
2007/06/12,0,1813000,-1545000,268000
2007/06/13,0,1852000,-370000,1482000
2007/06/14,0,482000,-16000,466000
2007/06/15,0,482000,-58000,424000
2007/06/18,0,0,0,0
2007/06/19,0,0,0,0
2007/06/20,0,1754000,-33000,1721000
2007/06/21,0,3588000,-651824,2936176
2007/06/22,0,299000,-174000,125000
2007/06/25,0,918000,-101000,817000
2007/06/26,0,965000,-133000,832000
2007/06/27,0,1802000,-456000,1346000
2007/06/28,0,1456000,-542000,914000
2007/06/29,0,2933000,-382448,2550552
2007/07/02,0,78000,-211000,-133000
2007/07/03,0,376000,-107000,269000
2007/07/04,0,276000,-145500,130500
2007/07/05,0,120000,-82000,38000
2007/07/06,0,1547000,-201000,1346000
2007/07/09,0,425000,-755000,-330000
2007/07/10,0,369000,-656000,-287000
2007/07/11,0,805000,-1389768,-584768
2007/07/12,0,203000,-1101000,-898000
2007/07/13,0,331000,-32000,299000
2007/07/16,0,91000,-349000,-258000
2007/07/17,0,155000,-392000,-237000
2007/07/18,0,183000,-415000,-232000
2007/07/19,0,908000,-304000,604000
2007/07/20,0,378000,-28000,350000
2007/07/23,0,377000,-40000,337000
2007/07/24,0,375000,-82000,293000
2007/07/25,0,302000,-86000,216000
2007/07/26,0,608000,-177135,430865
2007/07/27,0,227000,-2476000,-2249000
2007/07/30,0,1125000,-1943000,-818000
2007/07/31,0,823000,-1730421,-907421
2007/08/01,0,312000,-5022000,-4710000
2007/08/02,0,221000,-1117000,-896000
2007/08/03,0,129000,-716000,-587000
2007/08/06,0,71000,-320000,-249000
2007/08/07,0,81000,-382000,-301000
2007/08/08,0,229000,-509000,-280000
2007/08/09,0,75000,-47000,28000
2007/08/10,0,77000,-907273,-830273
2007/08/13,0,317000,0,317000
2007/08/14,0,70000,-189000,-119000
2007/08/15,0,79000,-580000,-501000
2007/08/16,0,270000,-944000,-674000
2007/08/17,0,1653000,-764000,889000
2007/08/20,0,291000,-25000,266000
2007/08/21,0,489000,-182000,307000
2007/08/22,0,378000,-68865,309135
2007/08/23,0,953000,-548000,405000
2007/08/24,0,521000,-627885,-106885
2007/08/27,0,502000,-372000,130000
2007/08/28,0,531000,-318000,213000
2007/08/29,0,671395,-329000,342395
2007/08/30,0,405000,-182000,223000
2007/08/31,0,530000,-86000,444000
2007/09/03,0,48000,-125000,-77000
2007/09/04,0,97000,-96000,1000
2007/09/05,0,80000,-212000,-132000
2007/09/06,0,477000,-103000,374000
2007/09/07,0,341000,-253000,88000
2007/09/10,0,111000,-538000,-427000
2007/09/11,0,7000,-90000,-83000
2007/09/12,0,14000,-387000,-373000
2007/09/13,0,514000,-296776,217224
2007/09/14,0,616000,-177000,439000
2007/09/17,0,0,-293000,-293000
2007/09/18,0,0,0,0
2007/09/19,0,1099000,-347105,751895
2007/09/20,0,750000,-192000,558000
2007/09/21,0,268000,-301525,-33525
2007/09/24,0,0,0,0
2007/09/25,0,0,0,0
2007/09/26,0,314000,-47000,267000
2007/09/27,0,911000,-360633,550367
2007/09/28,0,460000,-315000,145000
2007/10/01,0,245000,-26020,218980
2007/10/02,0,728000,-18000,710000
2007/10/03,0,479729,-430430,49299
2007/10/04,0,549000,-342000,207000
2007/10/05,0,335000,-1674000,-1339000
2007/10/08,0,255000,-312000,-57000
2007/10/09,0,107000,-1915586,-1808586
2007/10/10,0,0,0,0
2007/10/11,0,427000,-934140,-507140
2007/10/12,0,215000,-1261212,-1046212
2007/10/15,0,746000,-1209111,-463111
2007/10/16,0,45000,-411000,-366000
2007/10/17,0,182000,-665000,-483000
2007/10/18,0,182000,-628131,-446131
2007/10/19,0,0,-416000,-416000
2007/10/22,0,205000,-1070000,-865000
2007/10/23,0,194000,-103030,90970
2007/10/24,0,60000,-505000,-445000
2007/10/25,0,379926,-649000,-269074
2007/10/26,0,486000,-24000,462000
2007/10/29,0,773000,-76150,696850
2007/10/30,0,115000,-260450,-145450
2007/10/31,0,371000,-343000,28000
2007/11/01,0,529000,-341000,188000
2007/11/02,0,103000,-1056000,-953000
2007/11/05,0,136000,-1407927,-1271927
2007/11/06,0,58000,-962000,-904000
2007/11/07,0,58000,-1561000,-1503000
2007/11/08,0,28000,-3643000,-3615000
2007/11/09,0,339000,-3188000,-2849000
2007/11/12,0,86000,-3028492,-2942492
2007/11/13,0,158000,-925957,-767957
2007/11/14,0,219000,-1619000,-1400000
2007/11/15,0,701000,-912000,-211000
2007/11/16,0,16000,-1109000,-1093000
2007/11/19,0,411000,-658000,-247000
2007/11/20,0,274000,-1572000,-1298000
2007/11/21,0,1000,-1876936,-1875936
2007/11/22,0,179000,-1540199,-1361199
2007/11/23,0,161000,-1303000,-1142000
2007/11/26,0,718000,-691000,27000
2007/11/27,0,1011000,-714000,297000
2007/11/28,0,594000,-1286624,-692624
2007/11/29,0,20721400,-21873629,-1152229
2007/11/30,0,1135000,-2927000,-1792000
2007/12/03,0,65180,-119296,-54116
2007/12/04,0,19000,-552000,-533000
2007/12/05,0,80000,-729000,-649000
2007/12/06,0,464000,-393075,70925
2007/12/07,0,588466,-349000,239466
2007/12/10,0,235000,-426700,-191700
2007/12/11,0,661000,-629000,32000
2007/12/12,0,504000,-565000,-61000
2007/12/13,0,1099000,-842145,256855
2007/12/14,0,776000,-858500,-82500
2007/12/17,0,75000,-1425500,-1350500
2007/12/18,0,926709,-1709585,-782876
2007/12/19,0,499766,-1446766,-947000
2007/12/20,0,76000,-603000,-527000
2007/12/21,0,570000,-875000,-305000
2007/12/24,0,76000,-311000,-235000
2007/12/25,0,0,-94000,-94000
2007/12/26,0,121000,-1039000,-918000
2007/12/27,0,1224000,-2031000,-807000
2007/12/28,0,1287000,-2564000,-1277000
2007/12/31,0,932000,-1600000,-668000
2008/01/01,0,0,0,0
2008/01/02,0,379000,-822000,-443000
2008/01/03,0,159000,-508000,-349000
2008/01/04,0,302000,-1146000,-844000
2008/01/07,0,128000,-912905,-784905
2008/01/08,0,119000,-108000,11000
2008/01/09,0,208000,-160000,48000
2008/01/10,0,226000,-335000,-109000
2008/01/11,0,124000,-753000,-629000
2008/01/14,0,946000,-1438000,-492000
2008/01/15,0,2074000,-2087139,-13139
2008/01/16,0,829000,-1525000,-696000
2008/01/17,0,531000,-952501,-421501
2008/01/18,0,448666,-607211,-158545
2008/01/21,0,53000,-1720000,-1667000
2008/01/22,0,67000,-2925000,-2858000
2008/01/23,0,479000,-1000000,-521000
2008/01/24,0,355000,-407000,-52000
2008/01/25,0,94000,-1147000,-1053000
2008/01/28,0,89000,-534000,-445000
2008/01/29,0,527000,-974430,-447430
2008/01/30,0,1060428,-1101890,-41462
2008/01/31,0,682000,-455000,227000
2008/02/01,0,75000,-514000,-439000
2008/02/04,0,0,0,0
2008/02/05,0,0,0,0
2008/02/06,0,0,0,0
2008/02/07,0,0,0,0
2008/02/08,0,0,0,0
2008/02/11,0,0,0,0
2008/02/12,0,490000,-705276,-215276
2008/02/13,0,497000,-926000,-429000
2008/02/14,0,1008000,-222000,786000
2008/02/15,0,269000,-126370,142630
2008/02/18,0,585000,-137000,448000
2008/02/19,0,1190000,-97000,1093000
2008/02/20,0,103000,-431000,-328000
2008/02/21,0,408000,-272603,135397
2008/02/22,0,81000,-215000,-134000
2008/02/25,0,640000,-146000,494000
2008/02/26,0,1015000,-549000,466000
2008/02/27,0,1348000,-731000,617000
2008/02/28,0,0,0,0
2008/02/29,0,605000,-2800090,-2195090
2008/03/03,0,211000,-478000,-267000
2008/03/04,0,1153000,-37000,1116000
2008/03/05,0,240000,-39000,201000
2008/03/06,0,1494995,-118000,1376995
2008/03/07,0,410000,-88000,322000
2008/03/10,0,610000,-287000,323000
2008/03/11,0,534000,-298000,236000
2008/03/12,0,1280232,-224900,1055332
2008/03/13,0,427000,-1191000,-764000
2008/03/14,0,311000,-725000,-414000
2008/03/17,0,1121000,-1219000,-98000
2008/03/18,0,989000,-843000,146000
2008/03/19,0,1983000,-1348000,635000
2008/03/20,0,824000,-462000,362000
2008/03/21,0,1064000,-507000,557000
2008/03/24,0,2209000,-80000,2129000
2008/03/25,0,6356000,-49095,6306905
2008/03/26,0,1762000,-3050000,-1288000
2008/03/27,0,2193872,-4145922,-1952050
2008/03/28,0,2719872,-1331000,1388872
2008/03/31,0,4340587,-2952948,1387639
2008/04/01,0,1990237,-2307000,-316763
2008/04/02,0,1179000,-1550000,-371000
2008/04/03,0,937000,-1336000,-399000
2008/04/04,0,0,0,0
2008/04/07,0,2740000,-3778000,-1038000
2008/04/08,0,1377390,-1092000,285390
2008/04/09,0,80000,-2268070,-2188070
2008/04/10,0,584000,0,584000
2008/04/11,0,452000,-824240,-372240
2008/04/14,0,318000,-1228000,-910000
2008/04/15,0,1354000,-2495000,-1141000
2008/04/16,0,360000,-1262000,-902000
2008/04/17,0,1175000,-710000,465000
2008/04/18,0,676000,-953000,-277000
2008/04/21,0,797000,-146000,651000
2008/04/22,0,16000,-1090000,-1074000
2008/04/23,0,460000,-316000,144000
2008/04/24,0,97000,-226000,-129000
2008/04/25,0,115000,-146000,-31000
2008/04/28,0,1726000,-38000,1688000
2008/04/29,0,222000,-1947000,-1725000
2008/04/30,0,431000,-124000,307000
2008/05/01,0,0,0,0
2008/05/02,0,982000,-451000,531000
2008/05/05,0,108000,-595000,-487000
2008/05/06,0,402000,-150000,252000
2008/05/07,0,197000,-161465,35535
2008/05/08,0,172000,-610000,-438000
2008/05/09,0,27000,-429000,-402000
2008/05/12,0,129000,-147000,-18000
2008/05/13,0,1205000,-226000,979000
2008/05/14,0,120000,-257283,-137283
2008/05/15,0,497000,-326000,171000
2008/05/16,0,401000,-1017000,-616000
2008/05/19,0,297000,-108000,189000
2008/05/20,0,454000,-1384000,-930000
2008/05/21,0,154000,-842346,-688346
2008/05/22,0,579000,-1281533,-702533
2008/05/23,0,87000,-1137000,-1050000
2008/05/26,0,320000,-166000,154000
2008/05/27,0,337000,-165000,172000
2008/05/28,0,78000,-754000,-676000
2008/05/29,0,542000,-748000,-206000
2008/05/30,0,620000,-182198,437802
2008/06/02,0,315000,-77000,238000
2008/06/03,0,48000,-248000,-200000
2008/06/04,0,74000,-350000,-276000
2008/06/05,0,376000,-550000,-174000
2008/06/06,0,13000,-138000,-125000
2008/06/09,0,16000,-412000,-396000
2008/06/10,0,71000,-1312066,-1241066
2008/06/11,0,85000,-347000,-262000
2008/06/12,0,17000,-883960,-866960
2008/06/13,0,514000,-1940804,-1426804
2008/06/16,0,234000,-1778000,-1544000
2008/06/17,0,91000,-1875291,-1784291
2008/06/18,0,58000,-1973000,-1915000
2008/06/19,0,133000,-3037000,-2904000
2008/06/20,0,137367,-3976395,-3839028
2008/06/23,0,192000,-1165000,-973000
2008/06/24,0,116000,-158000,-42000
2008/06/25,0,1032000,-130933,901067
2008/06/26,0,1112000,-814000,298000
2008/06/27,0,434000,-1638000,-1204000
2008/06/30,0,402000,-575821,-173821
2008/07/01,0,636000,-124000,512000
2008/07/02,0,398000,-670000,-272000
2008/07/03,0,491000,-844000,-353000
2008/07/04,0,254000,-472000,-218000
2008/07/07,0,352000,-471000,-119000
2008/07/08,0,1865000,-1682000,183000
2008/07/09,0,1353000,-1209204,143796
2008/07/10,0,567000,-845000,-278000
2008/07/11,0,177000,-513000,-336000
2008/07/14,0,111000,-191612,-80612
2008/07/15,0,136000,-306000,-170000
2008/07/16,0,153000,-470000,-317000
2008/07/17,0,271000,-755027,-484027
2008/07/18,0,95000,-625000,-530000
2008/07/21,0,860000,-92000,768000
2008/07/22,0,324000,-84000,240000
2008/07/23,0,445000,-347270,97730
2008/07/24,0,363000,-22000,341000
2008/07/25,0,24000,-123000,-99000
2008/07/28,0,0,0,0
2008/07/29,0,114000,-970000,-856000
2008/07/30,0,352000,-564000,-212000
2008/07/31,0,437000,-590000,-153000
2008/08/01,0,269000,-581270,-312270
2008/08/04,0,150000,-576145,-426145
2008/08/05,0,731000,-624000,107000
2008/08/06,0,796000,-115000,681000
2008/08/07,0,91000,-127000,-36000
2008/08/08,0,740000,-210000,530000
2008/08/11,0,35000,-166000,-131000
2008/08/12,0,146000,-1046000,-900000
2008/08/13,0,204000,-228000,-24000
2008/08/14,0,298000,-164000,134000
2008/08/15,0,40000,-531000,-491000
2008/08/18,0,124000,-497000,-373000
2008/08/19,0,346000,-805000,-459000
2008/08/20,0,493000,-453000,40000
2008/08/21,0,353000,-377000,-24000
2008/08/22,0,483000,-367000,116000
2008/08/25,0,688000,-92000,596000
2008/08/26,0,1000,-33000,-32000
2008/08/27,0,598000,-72000,526000
2008/08/28,0,1385000,-652000,733000
2008/08/29,0,683000,-251618,431382
2008/09/01,0,26000,-524000,-498000
2008/09/02,0,40000,-367000,-327000
2008/09/03,0,140000,-49000,91000
2008/09/04,0,173000,-281000,-108000
2008/09/05,0,420000,-396000,24000
2008/09/08,0,207000,-564000,-357000
2008/09/09,0,252000,-58000,194000
2008/09/10,0,346000,-762000,-416000
2008/09/11,0,62000,-644000,-582000
2008/09/12,0,67000,-15000,52000
2008/09/15,0,32000,-425000,-393000
2008/09/16,0,502000,-83000,419000
2008/09/17,0,275000,-232964,42036
2008/09/18,0,317000,-1863000,-1546000
2008/09/19,0,370000,-4700000,-4330000
2008/09/22,0,265000,-6656150,-6391150
2008/09/23,0,428000,-3576000,-3148000
2008/09/24,0,985058,-2749258,-1764200
2008/09/25,0,339000,-275000,64000
2008/09/26,0,120000,-436000,-316000
2008/09/29,0,0,0,0
2008/09/30,0,297000,-385000,-88000
2008/10/01,0,694000,-554000,140000
2008/10/02,0,890000,-657000,233000
2008/10/03,0,148000,-401000,-253000
2008/10/06,0,820000,-1302000,-482000
2008/10/07,0,631000,-244000,387000
2008/10/08,0,3000,-365000,-362000
2008/10/09,0,917000,-275000,642000
2008/10/10,0,0,0,0
2008/10/13,0,1111000,-254000,857000
2008/10/14,0,15000,-160000,-145000
2008/10/15,0,180000,-42000,138000
2008/10/16,0,264000,-866000,-602000
2008/10/17,0,70000,-447000,-377000
2008/10/20,0,120677,-237000,-116323
2008/10/21,0,258000,-521000,-263000
2008/10/22,0,160000,-267000,-107000
2008/10/23,0,100000,-221000,-121000
2008/10/24,0,36000,-146000,-110000
2008/10/27,0,30000,-534000,-504000
2008/10/28,0,63000,-1103000,-1040000
2008/10/29,0,811000,-1045196,-234196
2008/10/30,0,297000,-50000,247000
2008/10/31,0,129000,-283000,-154000
2008/11/03,0,357000,-165000,192000
2008/11/04,0,959000,-46000,913000
2008/11/05,0,889000,-75000,814000
2008/11/06,0,497000,-333000,164000
2008/11/07,0,484000,-764729,-280729
2008/11/10,0,324000,-498000,-174000
2008/11/11,0,273000,-950903,-677903
2008/11/12,0,121000,-1032289,-911289
2008/11/13,0,146000,-746000,-600000
2008/11/14,0,494000,-1479000,-985000
2008/11/17,0,167000,-919000,-752000
2008/11/18,0,91000,-923000,-832000
2008/11/19,0,97000,-1609131,-1512131
2008/11/20,0,1243993,-835753,408240
2008/11/21,0,92000,-485538,-393538
2008/11/24,0,58000,-1669586,-1611586
2008/11/25,0,1708000,-17132122,-15424122
2008/11/26,0,380000,-880600,-500600
2008/11/27,0,715000,-60026,654974
2008/11/28,0,230000,-623000,-393000
2008/12/01,0,138000,-96276,41724
2008/12/02,0,91000,-1502539,-1411539
2008/12/03,0,384000,-1275000,-891000
2008/12/04,0,68000,-224000,-156000
2008/12/05,0,20000,-254000,-234000
2008/12/08,0,270000,-423000,-153000
2008/12/09,0,20000,-49000,-29000
2008/12/10,0,123000,-32000,91000
2008/12/11,0,118000,-53000,65000
2008/12/12,0,159000,-1088000,-929000
2008/12/15,0,531000,-27000,504000
2008/12/16,0,617000,-372000,245000
2008/12/17,0,621000,-140000,481000
2008/12/18,0,414000,-57560,356440
2008/12/19,0,126000,-534000,-408000
2008/12/22,0,262000,-170000,92000
2008/12/23,0,6000,-260000,-254000
2008/12/24,0,163000,-96000,67000
2008/12/25,0,44000,-34000,10000
2008/12/26,0,83000,-33000,50000
2008/12/29,0,4000,-38000,-34000
2008/12/30,0,89000,-52000,37000
2008/12/31,0,199000,-34000,165000
2009/01/01,0,0,0,0
2009/01/02,0,0,0,0
2009/01/05,0,49000,-109000,-60000
2009/01/06,0,26000,-8000,18000
2009/01/07,0,351000,-367000,-16000
2009/01/08,0,4000,-381000,-377000
2009/01/09,0,48000,-16000,32000
2009/01/12,0,255000,-93000,162000
2009/01/13,0,15000,-75984,-60984
2009/01/14,0,29000,-29000,0
2009/01/15,0,18000,-363000,-345000
2009/01/16,0,21000,-85000,-64000
2009/01/19,0,0,0,0
2009/01/20,0,38000,-83000,-45000
2009/01/21,0,241100,-194000,47100
2009/01/22,0,0,0,0
2009/01/23,0,0,0,0
2009/01/26,0,0,0,0
2009/01/27,0,0,0,0
2009/01/28,0,0,0,0
2009/01/29,0,0,0,0
2009/01/30,0,0,0,0
2009/02/02,0,1491921,-416921,1075000
2009/02/03,0,174000,-44000,130000
2009/02/04,0,20000,-72000,-52000
2009/02/05,0,72000,0,72000
2009/02/06,0,11000,0,11000
2009/02/09,0,19000,-24000,-5000
2009/02/10,0,139000,0,139000
2009/02/11,0,25000,0,25000
2009/02/12,0,101000,-6000,95000
2009/02/13,0,139000,-100000,39000
2009/02/16,0,92000,-399191,-307191
2009/02/17,0,162000,-108000,54000
2009/02/18,0,0,-61000,-61000
2009/02/19,0,123000,-151000,-28000
2009/02/20,0,1000,-243000,-242000
2009/02/23,0,75000,-1851000,-1776000
2009/02/24,0,154000,-1459000,-1305000
2009/02/25,0,0,-45940,-45940
2009/02/26,0,13000,-205000,-192000
2009/02/27,0,21000,-2043000,-2022000
2009/03/02,0,138000,-2074000,-1936000
2009/03/03,0,366000,-4429095,-4063095
2009/03/04,0,149000,-1415000,-1266000
2009/03/05,0,0,-123000,-123000
2009/03/06,0,147000,-218000,-71000
2009/03/09,0,9000,-11000,-2000
2009/03/10,0,86000,-930000,-844000
2009/03/11,0,186535,-1025000,-838465
2009/03/12,0,74000,-3831000,-3757000
2009/03/13,0,90000,-2010000,-1920000
2009/03/16,0,465000,-2236060,-1771060
2009/03/17,0,1443000,-2354000,-911000
2009/03/18,0,1651000,-5566771,-3915771
2009/03/19,0,559000,-5685000,-5126000
2009/03/20,0,0,-2199000,-2199000
2009/03/23,0,639000,-8159000,-7520000
2009/03/24,0,161000,-2371977,-2210977
2009/03/25,0,365000,-783000,-418000
2009/03/26,0,77000,-538000,-461000
2009/03/27,0,132000,-354713,-222713
2009/03/30,0,0,-656000,-656000
2009/03/31,0,2334000,-1519580,814420
2009/04/01,0,428000,0,428000
2009/04/02,0,873000,-1502000,-629000
2009/04/03,0,3142000,-1159000,1983000
2009/04/06,0,1033000,-771000,262000
2009/04/07,0,291000,-6856000,-6565000
2009/04/08,0,134000,-9575000,-9441000
2009/04/09,0,808000,-8462418,-7654418
2009/04/10,0,296000,-461000,-165000
2009/04/13,0,478000,-166000,312000
2009/04/14,0,198000,-2016000,-1818000
2009/04/15,0,700000,-1148348,-448348
2009/04/16,0,466000,-3146000,-2680000
2009/04/17,0,437000,-949000,-512000
2009/04/20,0,173000,-432000,-259000
2009/04/21,0,627000,-223000,404000
2009/04/22,0,542000,-318000,224000
2009/04/23,0,1739000,-325000,1414000
2009/04/24,0,1946000,-266000,1680000
2009/04/27,0,1558000,-2490810,-932810
2009/04/28,0,392000,-1469000,-1077000
2009/04/29,0,779000,-677000,102000
2009/04/30,0,795000,-20044,774956
2009/05/01,0,0,0,0
2009/05/04,0,988000,-87670,900330
2009/05/05,0,1731000,-891000,840000
2009/05/06,0,22000,-168000,-146000
2009/05/07,0,1154000,-2443000,-1289000
2009/05/08,0,1077000,-1651000,-574000
2009/05/11,0,1459000,-3484608,-2025608
2009/05/12,0,176000,-970000,-794000
2009/05/13,0,1130000,-651000,479000
2009/05/14,0,301600,-1442600,-1141000
2009/05/15,0,2698000,-1264000,1434000
2009/05/18,0,203000,-1657000,-1454000
2009/05/19,0,729000,-243095,485905
2009/05/20,0,2495000,-736000,1759000
2009/05/21,0,131000,-453000,-322000
2009/05/22,0,298000,-1545000,-1247000
2009/05/25,0,258000,-387000,-129000
2009/05/26,0,82000,-840000,-758000
2009/05/27,0,1393000,-224565,1168435
2009/05/28,0,0,0,0
2009/05/29,0,0,0,0
2009/06/01,0,339000,-1608000,-1269000
2009/06/02,0,178614,-1854614,-1676000
2009/06/03,0,375000,-325000,50000
2009/06/04,0,119000,-152000,-33000
2009/06/05,0,129000,-279878,-150878
2009/06/08,0,666000,-124000,542000
2009/06/09,0,514000,-1709000,-1195000
2009/06/10,0,281000,-359000,-78000
2009/06/11,0,2008000,-464050,1543950
2009/06/12,0,408000,-2402000,-1994000
2009/06/15,0,51000,-295000,-244000
2009/06/16,0,321000,-134000,187000
2009/06/17,0,1091000,-442000,649000
2009/06/18,0,314000,-1098000,-784000
2009/06/19,0,2253000,-238000,2015000
2009/06/22,0,128000,-1659000,-1531000
2009/06/23,0,425000,-308000,117000
2009/06/24,0,872000,-287000,585000
2009/06/25,0,958000,-274000,684000
2009/06/26,0,4119000,-510000,3609000
2009/06/29,0,330000,-4579000,-4249000
2009/06/30,0,147000,-127000,20000
2009/07/01,0,2776000,-88000,2688000
2009/07/02,0,7484000,-660000,6824000
2009/07/03,0,2298000,-3309000,-1011000
2009/07/06,0,3872000,-1737000,2135000
2009/07/07,0,282000,-1469000,-1187000
2009/07/08,0,194000,-129000,65000
2009/07/09,0,589000,-179000,410000
2009/07/10,0,1552000,-85000,1467000
2009/07/13,0,551000,-540000,11000
2009/07/14,0,803000,-276000,527000
2009/07/15,0,1890000,-837000,1053000
2009/07/16,0,200000,-1065000,-865000
2009/07/17,0,82000,-83000,-1000
2009/07/20,0,200000,-76000,124000
2009/07/21,0,276000,-130000,146000
2009/07/22,0,1189000,-478000,711000
2009/07/23,0,591000,-127000,464000
2009/07/24,0,888000,-1464000,-576000
2009/07/27,0,1009000,-27000,982000
2009/07/28,0,492000,-275066,216934
2009/07/29,0,1553000,-1249000,304000
2009/07/30,0,414000,-214267,199733
2009/07/31,0,799000,-205000,594000
2009/08/03,0,82000,-158000,-76000
2009/08/04,0,148000,-551000,-403000
2009/08/05,0,1031000,-330000,701000
2009/08/06,0,82000,-777000,-695000
2009/08/07,0,0,0,0
2009/08/10,0,1165000,-1431000,-266000
2009/08/11,0,12000,-1397000,-1385000
2009/08/12,0,269000,-70000,199000
2009/08/13,0,132000,-1713000,-1581000
2009/08/14,0,200000,-203000,-3000
2009/08/17,0,198000,-632000,-434000
2009/08/18,0,291000,-1672000,-1381000
2009/08/19,0,202000,-279000,-77000
2009/08/20,0,1527000,-873000,654000
2009/08/21,0,12222000,-1237000,10985000
2009/08/24,0,44000,-299000,-255000
2009/08/25,0,326000,-69000,257000
2009/08/26,0,353000,-15000,338000
2009/08/27,0,73000,-6000,67000
2009/08/28,0,99000,-45000,54000
2009/08/31,0,199000,-303000,-104000
2009/09/01,0,194000,-99000,95000
2009/09/02,0,11000,-255000,-244000
2009/09/03,0,273000,-602000,-329000
2009/09/04,0,36000,-452000,-416000
2009/09/07,0,17000,-818000,-801000
2009/09/08,0,257000,-946000,-689000
2009/09/09,0,25000,-22000,3000
2009/09/10,0,1116000,-66000,1050000
2009/09/11,0,1593000,-1324000,269000
2009/09/14,0,866000,-238000,628000
2009/09/15,0,463000,-759000,-296000
2009/09/16,0,544000,-1216000,-672000
2009/09/17,0,746000,-138000,608000
2009/09/18,0,349000,-123000,226000
2009/09/21,0,49000,-177000,-128000
2009/09/22,0,122000,-2186000,-2064000
2009/09/23,0,561000,-2370000,-1809000
2009/09/24,0,89000,0,89000
2009/09/25,0,271000,-21000,250000
2009/09/28,0,58000,-37000,21000
2009/09/29,0,715000,-393000,322000
2009/09/30,0,276406,-19000,257406
2009/10/01,0,814000,-352000,462000
2009/10/02,0,250000,-163000,87000
2009/10/05,0,170600,-344600,-174000
2009/10/06,0,118000,-550000,-432000
2009/10/07,0,1466000,-200000,1266000
2009/10/08,0,925000,-26000,899000
2009/10/09,0,274000,-1199000,-925000
2009/10/12,0,286000,-179000,107000
2009/10/13,0,160000,-269000,-109000
2009/10/14,0,421000,-182000,239000
2009/10/15,0,343000,-794000,-451000
2009/10/16,0,362000,-238000,124000
2009/10/19,0,26000,-21000,5000
2009/10/20,0,119000,-123000,-4000
2009/10/21,0,479000,-1150000,-671000
2009/10/22,0,735000,-79000,656000
2009/10/23,0,1293000,-2247000,-954000
2009/10/26,0,1439000,-269000,1170000
2009/10/27,0,84000,-831000,-747000
2009/10/28,0,504000,-349000,155000
2009/10/29,0,425000,-868000,-443000
2009/10/30,0,69000,-1146000,-1077000
2009/11/02,0,171000,-142000,29000
2009/11/03,0,1393000,-4246000,-2853000
2009/11/04,0,608000,-896000,-288000
2009/11/05,0,516000,-320000,196000
2009/11/06,0,1129000,-27000,1102000
2009/11/09,0,1385000,-700000,685000
2009/11/10,0,2268000,-2505601,-237601
2009/11/11,0,585000,-4000,581000
2009/11/12,0,633000,-5360530,-4727530
2009/11/13,0,944000,-284000,660000
2009/11/16,0,357000,-201000,156000
2009/11/17,0,364000,-673000,-309000
2009/11/18,0,1432000,-360000,1072000
2009/11/19,0,428000,-100000,328000
2009/11/20,0,183000,-485000,-302000
2009/11/23,0,558000,-710000,-152000
2009/11/24,0,523000,-100000,423000
2009/11/25,0,189000,-739000,-550000
2009/11/26,0,18000,-248000,-230000
2009/11/27,0,28000,-182000,-154000
2009/11/30,0,113000,-372000,-259000
2009/12/01,0,290000,-729000,-439000
2009/12/02,0,269000,-241000,28000
2009/12/03,0,47000,-849000,-802000
2009/12/04,0,1000,-10000,-9000
2009/12/07,0,106000,-43000,63000
2009/12/08,0,109000,-80000,29000
2009/12/09,0,492000,-252000,240000
2009/12/10,0,1053000,-1076000,-23000
2009/12/11,0,0,-379000,-379000
2009/12/14,0,189000,-78000,111000
2009/12/15,0,107000,-178000,-71000
2009/12/16,0,1444000,-197000,1247000
2009/12/17,0,166000,-883000,-717000
2009/12/18,0,349000,-269000,80000
2009/12/21,0,382000,0,382000
2009/12/22,0,666000,-442000,224000
2009/12/23,0,262000,-97000,165000
2009/12/24,0,105000,-108000,-3000
2009/12/25,0,135000,-19000,116000
2009/12/28,0,316000,-222000,94000
2009/12/29,0,26000,-10000,16000
2009/12/30,0,11000,-29000,-18000
2009/12/31,0,774000,-244000,530000
2010/01/01,0,0,0,0
2010/01/04,0,0,-322000,-322000
2010/01/05,0,212000,-135000,77000
2010/01/06,0,1301000,-174000,1127000
2010/01/07,0,923000,-549425,373575
2010/01/08,0,141000,-299000,-158000
2010/01/11,0,8000,-341000,-333000
2010/01/12,0,322000,-257000,65000
2010/01/13,0,180000,-512000,-332000
2010/01/14,0,63000,-1039709,-976709
2010/01/15,0,128000,-31000,97000
2010/01/18,0,292000,-320000,-28000
2010/01/19,0,141000,-321000,-180000
2010/01/20,0,130000,-599000,-469000
2010/01/21,0,854000,-530000,324000
2010/01/22,0,355000,-227000,128000
2010/01/25,0,396000,-465000,-69000
2010/01/26,0,92000,-631000,-539000
2010/01/27,0,684000,-185000,499000
2010/01/28,0,554000,-1080000,-526000
2010/01/29,0,449000,-384000,65000
2010/02/01,0,23000,-223000,-200000
2010/02/02,0,95000,-750000,-655000
2010/02/03,0,138000,-228509,-90509
2010/02/04,0,77000,-589000,-512000
2010/02/05,0,8000,-818000,-810000
2010/02/08,0,1000,-393000,-392000
2010/02/09,0,181000,-286000,-105000
2010/02/10,0,68000,-223000,-155000
2010/02/11,0,0,0,0
2010/02/12,0,0,0,0
2010/02/15,0,0,0,0
2010/02/16,0,0,0,0
2010/02/17,0,0,0,0
2010/02/18,0,0,0,0
2010/02/19,0,0,0,0
2010/02/22,0,455000,-105000,350000
2010/02/23,0,0,-684000,-684000
2010/02/24,0,184000,-16832,167168
2010/02/25,0,58000,-142000,-84000
2010/02/26,0,139000,0,139000
2010/03/01,0,457000,-113000,344000
2010/03/02,0,35000,-523000,-488000
2010/03/03,0,12000,-142000,-130000
2010/03/04,0,504000,-53000,451000
2010/03/05,0,14000,-36000,-22000
2010/03/08,0,44000,-4000,40000
2010/03/09,0,493105,-853105,-360000
2010/03/10,0,234000,-466000,-232000
2010/03/11,0,28000,-7000,21000
2010/03/12,0,68000,-222000,-154000
2010/03/15,0,8000,-161000,-153000
2010/03/16,0,113000,-18000,95000
2010/03/17,0,806000,-41000,765000
2010/03/18,0,581000,-109000,472000
2010/03/19,0,77000,-344000,-267000
2010/03/22,0,429000,-355000,74000
2010/03/23,0,43000,-79000,-36000
2010/03/24,0,54000,-56000,-2000
2010/03/25,0,250000,-144000,106000
2010/03/26,0,261000,-127000,134000
2010/03/29,0,326000,-26000,300000
2010/03/30,0,274000,-95000,179000
2010/03/31,0,255000,-140000,115000
2010/04/01,0,483000,-135000,348000
2010/04/02,0,112000,0,112000
2010/04/05,0,0,0,0
2010/04/06,0,485000,-137000,348000
2010/04/07,0,583000,-149000,434000
2010/04/08,0,626000,-182000,444000
2010/04/09,0,1056000,-929000,127000
2010/04/12,0,541000,-226000,315000
2010/04/13,0,420000,-549000,-129000
2010/04/14,0,204000,-723000,-519000
2010/04/15,0,228000,-189000,39000
2010/04/16,0,199000,-538000,-339000
2010/04/19,0,535000,-120000,415000
2010/04/20,0,332000,-183000,149000
2010/04/21,0,486000,-865386,-379386
2010/04/22,0,313000,-904000,-591000
2010/04/23,0,6000,-312000,-306000
2010/04/26,0,542000,-195000,347000
2010/04/27,0,963400,-666400,297000
2010/04/28,0,436000,-211000,225000
2010/04/29,0,26000,-393000,-367000
2010/04/30,0,509000,-81000,428000
2010/05/03,0,69000,-218000,-149000
2010/05/04,0,106000,-261000,-155000
2010/05/05,0,152000,-472000,-320000
2010/05/06,0,229000,-2177000,-1948000
2010/05/07,0,759000,-417000,342000
2010/05/10,0,26000,-499000,-473000
2010/05/11,0,24000,-534000,-510000
2010/05/12,0,274000,-127000,147000
2010/05/13,0,288000,-48000,240000
2010/05/14,0,429000,-8000,421000
2010/05/17,0,150000,-74000,76000
2010/05/18,0,374000,-5000,369000
2010/05/19,0,704000,-469000,235000
2010/05/20,0,210000,-705000,-495000
2010/05/21,0,185000,-494000,-309000
2010/05/24,0,122000,-123000,-1000
2010/05/25,0,364000,-91000,273000
2010/05/26,0,294000,-125000,169000
2010/05/27,0,210000,-88000,122000
2010/05/28,0,137000,-267000,-130000
2010/05/31,0,46000,-138000,-92000
2010/06/01,0,429000,-156000,273000
2010/06/02,0,213000,-437000,-224000
2010/06/03,0,126000,-44000,82000
2010/06/04,0,113000,-6000,107000
2010/06/07,0,211000,-297000,-86000
2010/06/08,0,163000,-14000,149000
2010/06/09,0,86000,-234000,-148000
2010/06/10,0,137000,-147000,-10000
2010/06/11,0,115276,-24000,91276
2010/06/14,0,463276,-144000,319276
2010/06/15,0,131553,-161000,-29447
2010/06/16,0,0,0,0
2010/06/17,0,1063204,-191000,872204
2010/06/18,0,615059,-621000,-5941
2010/06/21,0,335940,-517000,-181060
2010/06/22,0,125849,-103000,22849
2010/06/23,0,16939,-256000,-239061
2010/06/24,0,257000,-177000,80000
2010/06/25,0,181000,-238000,-57000
2010/06/28,0,86000,-251000,-165000
2010/06/29,0,17000,-198000,-181000
2010/06/30,0,156000,-293000,-137000
2010/07/01,0,3622261,-4023261,-401000
2010/07/02,0,99000,-145000,-46000
2010/07/05,0,65621,-306000,-240379
2010/07/06,0,414000,-323000,91000
2010/07/07,0,66000,-103000,-37000
2010/07/08,0,336000,-12000,324000
2010/07/09,0,979000,-55000,924000
2010/07/12,0,512000,-418000,94000
2010/07/13,0,656000,-468000,188000
2010/07/14,0,528000,-511000,17000
2010/07/15,0,206000,-99000,107000
2010/07/16,0,283000,-126000,157000
2010/07/19,0,104000,-265000,-161000
2010/07/20,0,250000,-1130000,-880000
2010/07/21,0,177000,-27000,150000
2010/07/22,0,23000,-48000,-25000
2010/07/23,0,190000,-78000,112000
2010/07/26,0,154000,-138000,16000
2010/07/27,0,186000,-72000,114000
2010/07/28,0,863000,-215000,648000
2010/07/29,0,682000,-229000,453000
2010/07/30,0,304000,-396055,-92055
2010/08/02,0,748000,-241000,507000
2010/08/03,0,698000,-101000,597000
2010/08/04,0,1380000,-601000,779000
2010/08/05,0,174000,-69000,105000
2010/08/06,0,46000,-162000,-116000
2010/08/09,0,280000,-1000,279000
2010/08/10,0,300000,-414000,-114000
2010/08/11,0,124000,-153000,-29000
2010/08/12,0,174000,-92000,82000
2010/08/13,0,94000,-1302000,-1208000
2010/08/16,0,363000,-87000,276000
2010/08/17,0,29000,-195000,-166000
2010/08/18,0,173000,-126000,47000
2010/08/19,0,31000,-268000,-237000
2010/08/20,0,16000,-16000,0
2010/08/23,0,1749000,-247000,1502000
2010/08/24,0,1073000,-477000,596000
2010/08/25,0,1137000,-641000,496000
2010/08/26,0,1294000,-822000,472000
2010/08/27,0,164000,-140000,24000
2010/08/30,0,133000,-353000,-220000
2010/08/31,0,706000,-92000,614000
2010/09/01,0,191000,-81000,110000
2010/09/02,0,1173000,-19000,1154000
2010/09/03,0,75000,-115000,-40000
2010/09/06,0,395000,0,395000
2010/09/07,0,221146,-135000,86146
2010/09/08,0,133000,-52179,80821
2010/09/09,0,835000,-475000,360000
2010/09/10,0,177000,-106000,71000
2010/09/13,0,332000,-279000,53000
2010/09/14,0,862000,-545000,317000
2010/09/15,0,185000,-532000,-347000
2010/09/16,0,768000,-459000,309000
2010/09/17,0,1017000,-2416000,-1399000
2010/09/20,0,1022000,-716000,306000
2010/09/21,0,132000,-529000,-397000
2010/09/22,0,0,0,0
2010/09/23,0,144337,-320000,-175663
2010/09/24,0,1046000,-441000,605000
2010/09/27,0,527000,-823000,-296000
2010/09/28,0,66000,-774000,-708000
2010/09/29,0,283000,-476000,-193000
2010/09/30,0,645000,-221000,424000
2010/10/01,0,466000,-103000,363000
2010/10/04,0,1760000,-138000,1622000
2010/10/05,0,290000,-1121000,-831000
2010/10/06,0,1669000,-376000,1293000
2010/10/07,0,458000,-376001,81999
2010/10/08,0,239000,-228000,11000
2010/10/11,0,1231000,-244000,987000
2010/10/12,0,2708000,-303000,2405000
2010/10/13,0,492000,-767000,-275000
2010/10/14,0,1139000,-831000,308000
2010/10/15,0,1689000,-1266000,423000
2010/10/18,0,233000,-145000,88000
2010/10/19,0,277000,-1299000,-1022000
2010/10/20,0,891000,-373000,518000
2010/10/21,0,419000,-234000,185000
2010/10/22,0,1170000,-86000,1084000
2010/10/25,0,635000,-718000,-83000
2010/10/26,0,1566000,-57000,1509000
2010/10/27,0,692000,-116000,576000
2010/10/28,0,2362000,-167000,2195000
2010/10/29,0,413000,-75000,338000
2010/11/01,0,703000,-201000,502000
2010/11/02,0,1519000,-49000,1470000
2010/11/03,0,1672977,-286000,1386977
2010/11/04,0,753000,-385000,368000
2010/11/05,0,1293000,-1994000,-701000
2010/11/08,0,1019000,-712000,307000
2010/11/09,0,2899000,-1265000,1634000
2010/11/10,0,1729581,-834000,895581
2010/11/11,0,1426305,-2107000,-680695
2010/11/12,0,2316448,-948000,1368448
2010/11/15,0,1106000,-453401,652599
2010/11/16,0,6221724,-572000,5649724
2010/11/17,0,1482360,-2564000,-1081640
2010/11/18,0,3144000,-193000,2951000
2010/11/19,0,4758000,-307000,4451000
2010/11/22,0,1171000,-182000,989000
2010/11/23,0,2580000,-582800,1997200
2010/11/24,0,3433000,-101000,3332000
2010/11/25,0,3717000,-403000,3314000
2010/11/26,0,3307000,-1320123,1986877
2010/11/29,0,3658014,-2983123,674891
2010/11/30,0,29550495,-20860150,8690345
2010/12/01,0,6305850,-3322677,2983173
2010/12/02,0,984650,-218165,766485
2010/12/03,0,1059750,-1217000,-157250
2010/12/06,0,1264750,-152000,1112750
2010/12/07,0,882120,-113000,769120
2010/12/08,0,363000,-253000,110000
2010/12/09,0,1219000,-142000,1077000
2010/12/10,0,447000,-129000,318000
2010/12/13,0,1408000,-572000,836000
2010/12/14,0,1921000,-1647000,274000
2010/12/15,0,849000,-876000,-27000
2010/12/16,0,336000,-302000,34000
2010/12/17,0,723000,-172000,551000
2010/12/20,0,952220,-1398000,-445780
2010/12/21,0,1109000,-575060,533940
2010/12/22,0,189000,-905920,-716920
2010/12/23,0,255000,-350000,-95000
2010/12/24,0,82000,-779000,-697000
2010/12/27,0,420000,-863000,-443000
2010/12/28,0,362000,-272000,90000
2010/12/29,0,743380,-209000,534380
2010/12/30,0,871000,-216000,655000
2010/12/31,0,664000,-929500,-265500
2011/01/03,0,1587000,-237025,1349975
2011/01/04,0,903000,-240000,663000
2011/01/05,0,1579993,-510800,1069193
2011/01/06,0,975000,-288000,687000
2011/01/07,0,1801000,-1545000,256000
2011/01/10,0,572000,-165000,407000
2011/01/11,0,1889000,-266000,1623000
2011/01/12,0,471000,-211000,260000
2011/01/13,0,54902,-513000,-458098
2011/01/14,0,162000,-145000,17000
2011/01/17,0,454426,-538000,-83574
2011/01/18,0,421000,-252270,168730
2011/01/19,0,1106000,-225000,881000
2011/01/20,0,351000,-269000,82000
2011/01/21,0,302000,-815000,-513000
2011/01/24,0,477000,-155000,322000
2011/01/25,0,664000,-726000,-62000
2011/01/26,0,416000,-408670,7330
2011/01/27,0,45000,-104160,-59160
2011/01/28,0,1818230,-570000,1248230
2011/01/31,0,0,0,0
2011/02/01,0,0,0,0
2011/02/02,0,0,0,0
2011/02/03,0,0,0,0
2011/02/04,0,0,0,0
2011/02/07,0,0,0,0
2011/02/08,0,515000,-1376000,-861000
2011/02/09,0,372000,-874860,-502860
2011/02/10,0,148000,-1256680,-1108680
2011/02/11,0,571000,-1063000,-492000
2011/02/14,0,449000,-853910,-404910
2011/02/15,0,720000,-1998911,-1278911
2011/02/16,0,140000,-589000,-449000
2011/02/17,0,667000,-1051970,-384970
2011/02/18,0,634000,-18000,616000
2011/02/21,0,243000,-325000,-82000
2011/02/22,0,249000,-1123000,-874000
2011/02/23,0,212756,-333780,-121024
2011/02/24,0,655000,-392000,263000
2011/02/25,0,394000,-247627,146373
2011/02/28,0,0,0,0
2011/03/01,0,408000,-1137000,-729000
2011/03/02,0,515000,-1030000,-515000
2011/03/03,0,390000,-588000,-198000
2011/03/04,0,1686300,-643670,1042630
2011/03/07,0,1137000,-421000,716000
2011/03/08,0,1205000,-370000,835000
2011/03/09,0,380000,-724842,-344842
2011/03/10,0,69000,-352310,-283310
2011/03/11,0,225000,-395450,-170450
2011/03/14,0,465000,-404000,61000
2011/03/15,0,395000,-319460,75540
2011/03/16,0,934000,-1512550,-578550
2011/03/17,0,246000,-347140,-101140
2011/03/18,0,198000,-2749050,-2551050
2011/03/21,0,548000,-373993,174007
2011/03/22,0,1730000,-722000,1008000
2011/03/23,0,912000,-447000,465000
2011/03/24,0,577000,-229000,348000
2011/03/25,0,631000,-245000,386000
2011/03/28,0,204000,-895000,-691000
2011/03/29,0,934000,-316000,618000
2011/03/30,0,893000,-285000,608000
2011/03/31,0,321000,-642177,-321177
2011/04/01,0,276000,-41000,235000
2011/04/04,0,0,0,0
2011/04/05,0,0,0,0
2011/04/06,0,3112702,-841000,2271702
2011/04/07,0,650000,-93000,557000
2011/04/08,0,950450,-50000,900450
2011/04/11,0,513000,-344000,169000
2011/04/12,0,888944,-105000,783944
2011/04/13,0,1132000,-618000,514000
2011/04/14,0,537000,-461000,76000
2011/04/15,0,257000,-287000,-30000
2011/04/18,0,470000,-56942,413058
2011/04/19,0,654000,-511000,143000
2011/04/20,0,1398000,-358954,1039046
2011/04/21,0,1494000,-305000,1189000
2011/04/22,0,1396172,-752000,644172
2011/04/25,0,352000,-352000,0
2011/04/26,0,950000,-144732,805268
2011/04/27,0,1759000,-308000,1451000
2011/04/28,0,630079,-734000,-103921
2011/04/29,0,3749000,-84000,3665000
2011/05/02,0,0,0,0
2011/05/03,0,2610000,-468000,2142000
2011/05/04,0,209000,-934000,-725000
2011/05/05,0,833000,-286000,547000
2011/05/06,0,355000,-621000,-266000
2011/05/09,0,707000,-80000,627000
2011/05/10,0,151540,-184000,-32460
2011/05/11,0,767000,-213000,554000
2011/05/12,0,462000,-224000,238000
2011/05/13,0,1170000,-371000,799000
2011/05/16,0,1323000,-180000,1143000
2011/05/17,0,1635000,-290000,1345000
2011/05/18,0,1595000,-89000,1506000
2011/05/19,0,1883000,-445000,1438000
2011/05/20,0,1735000,-193000,1542000
2011/05/23,0,1372000,-721000,651000
2011/05/24,0,1436000,-177647,1258353
2011/05/25,0,1177000,-701000,476000
2011/05/26,0,1359618,-189647,1169971
2011/05/27,0,729000,-451000,278000
2011/05/30,0,620000,-588000,32000
2011/05/31,0,5321000,-160406,5160594
2011/06/01,0,922000,-106153,815847
2011/06/02,0,1125000,-108000,1017000
2011/06/03,0,427000,-98000,329000
2011/06/06,0,0,0,0
2011/06/07,0,458000,-158000,300000
2011/06/08,0,594000,-236000,358000
2011/06/09,0,1177000,-99615,1077385
2011/06/10,0,1031000,-797237,233763
2011/06/13,0,962000,-303884,658116
2011/06/14,0,788000,-101000,687000
2011/06/15,0,3206000,-1266000,1940000
2011/06/16,0,2020000,-449000,1571000
2011/06/17,0,2795000,-426555,2368445
2011/06/20,0,1950000,-619070,1330930
2011/06/21,0,1265000,-9000,1256000
2011/06/22,0,1359000,-798000,561000
2011/06/23,0,1053376,-48441,1004935
2011/06/24,0,1270000,-363915,906085
2011/06/27,0,935000,-301686,633314
2011/06/28,0,705000,-463104,241896
2011/06/29,0,1446000,-263000,1183000
2011/06/30,0,2277000,-681000,1596000
2011/07/01,0,2095619,-74000,2021619
2011/07/04,0,2506128,-208000,2298128
2011/07/05,0,2115124,-1375000,740124
2011/07/06,0,1828000,-1466000,362000
2011/07/07,0,2366000,-222000,2144000
2011/07/08,0,1467000,-323000,1144000
2011/07/11,0,921000,-748000,173000
2011/07/12,0,1558380,-769000,789380
2011/07/13,0,1223000,-710000,513000
2011/07/14,0,711000,-234000,477000
2011/07/15,0,919100,-375000,544100
2011/07/18,0,1465000,-193000,1272000
2011/07/19,0,1363000,-1139000,224000
2011/07/20,0,1473862,-1372000,101862
2011/07/21,0,2399533,-324000,2075533
2011/07/22,0,2554000,-1079000,1475000
2011/07/25,0,448871,-465000,-16129
2011/07/26,0,905876,-50000,855876
2011/07/27,0,281000,-825000,-544000
2011/07/28,0,1283000,-2929000,-1646000
2011/07/29,0,1677535,-1691000,-13465
2011/08/01,0,2701185,-112000,2589185
2011/08/02,0,772000,-1016000,-244000
2011/08/03,0,2058000,-3325000,-1267000
2011/08/04,0,1440000,-1883000,-443000
2011/08/05,0,3173000,-1415354,1757646
2011/08/08,0,1685000,-2757276,-1072276
2011/08/09,0,1236000,-2671588,-1435588
2011/08/10,0,1191000,-6264931,-5073931
2011/08/11,0,1742000,-3349849,-1607849
2011/08/12,0,418000,-4983455,-4565455
2011/08/15,0,421905,-648000,-226095
2011/08/16,0,293000,-907000,-614000
2011/08/17,0,647000,-505856,141144
2011/08/18,0,1561148,-2517931,-956783
2011/08/19,0,325000,-674000,-349000
2011/08/22,0,1958000,-2337000,-379000
2011/08/23,0,397000,-898174,-501174
2011/08/24,0,207000,-1452000,-1245000
2011/08/25,0,758000,-298843,459157
2011/08/26,0,1192000,-370000,822000
2011/08/29,0,931000,-407000,524000
2011/08/30,0,1556000,-1076000,480000
2011/08/31,0,681576,-325000,356576
2011/09/01,0,2450000,-299000,2151000
2011/09/02,0,1051000,-500000,551000
2011/09/05,0,291000,-1232000,-941000
2011/09/06,0,516000,-1204741,-688741
2011/09/07,0,1039000,-643931,395069
2011/09/08,0,1537000,-516655,1020345
2011/09/09,0,2102000,-848000,1254000
2011/09/12,0,0,0,0
2011/09/13,0,1264000,-665970,598030
2011/09/14,0,2220000,-1102598,1117402
2011/09/15,0,1032000,-459961,572039
2011/09/16,0,1569000,-708341,860659
2011/09/19,0,545000,-1044000,-499000
2011/09/20,0,1301577,-2027000,-725423
2011/09/21,0,912000,-797000,115000
2011/09/22,0,2092911,-1366000,726911
2011/09/23,0,180000,-1599000,-1419000
2011/09/26,0,604000,-716000,-112000
2011/09/27,0,1249000,-424000,825000
2011/09/28,0,1341428,-1062000,279428
2011/09/29,0,873000,-1283000,-410000
2011/09/30,0,1102000,-2853000,-1751000
2011/10/03,0,179000,-1704000,-1525000
2011/10/04,0,1810000,-909000,901000
2011/10/05,0,516000,-982000,-466000
2011/10/06,0,1102000,-1607000,-505000
2011/10/07,0,1571000,-1812000,-241000
2011/10/10,0,0,0,0
2011/10/11,0,1149000,-1442000,-293000
2011/10/12,0,914000,-126000,788000
2011/10/13,0,3167000,-953000,2214000
2011/10/14,0,899000,-1360042,-461042
2011/10/17,0,1048000,-486000,562000
2011/10/18,0,766000,-517030,248970
2011/10/19,0,862000,-228000,634000
2011/10/20,0,1433000,-729000,704000
2011/10/21,0,1816000,-586000,1230000
2011/10/24,0,1622000,-451000,1171000
2011/10/25,0,1895000,-161000,1734000
2011/10/26,0,946000,-320000,626000
2011/10/27,0,604000,-465000,139000
2011/10/28,0,2027000,-180000,1847000
2011/10/31,0,711000,-555000,156000
2011/11/01,0,1107000,-277000,830000
2011/11/02,0,1819000,-1759000,60000
2011/11/03,0,582000,-1059000,-477000
2011/11/04,0,7028000,-1400000,5628000
2011/11/07,0,1499000,-658000,841000
2011/11/08,0,1417124,-935000,482124
2011/11/09,0,886000,-1884000,-998000
2011/11/10,0,1467000,-2027000,-560000
2011/11/11,0,2945000,-523000,2422000
2011/11/14,0,468000,-730000,-262000
2011/11/15,0,571000,-840000,-269000
2011/11/16,0,1331000,-3430000,-2099000
2011/11/17,0,1035000,-985144,49856
2011/11/18,0,848000,-2437000,-1589000
2011/11/21,0,315000,-3209000,-2894000
2011/11/22,0,735000,-2548000,-1813000
2011/11/23,0,1457000,-3536000,-2079000
2011/11/24,0,973000,-769000,204000
2011/11/25,0,384000,-2081000,-1697000
2011/11/28,0,1185524,-426000,759524
2011/11/29,0,822000,-2042000,-1220000
2011/11/30,0,1738428,-1560000,178428
2011/12/01,0,3495000,-456000,3039000
2011/12/02,0,1639000,-1338000,301000
2011/12/05,0,1367000,-1090000,277000
2011/12/06,0,4942000,-2009000,2933000
2011/12/07,0,945000,-1977000,-1032000
2011/12/08,0,1187000,-530000,657000
2011/12/09,0,487000,-471000,16000
2011/12/12,0,446000,-524000,-78000
2011/12/13,0,760000,-1120000,-360000
2011/12/14,0,1393000,-527000,866000
2011/12/15,0,374001,-890000,-515999
2011/12/16,0,225402,-1388000,-1162598
2011/12/19,0,221000,-1683000,-1462000
2011/12/20,0,648000,-1709000,-1061000
2011/12/21,0,333000,-263000,70000
2011/12/22,0,840000,-936000,-96000
2011/12/23,0,638000,-336000,302000
2011/12/26,0,287000,-119000,168000
2011/12/27,0,397000,-97000,300000
2011/12/28,0,843000,-148000,695000
2011/12/29,0,695000,-92000,603000
2011/12/30,0,441000,-136000,305000
2012/01/02,0,651000,-226000,425000
2012/01/03,0,659000,-387000,272000
2012/01/04,0,1149000,-596000,553000
2012/01/05,0,1135000,-394000,741000
2012/01/06,0,4721000,-521000,4200000
2012/01/09,0,3624000,-773000,2851000
2012/01/10,0,3573000,-753115,2819885
2012/01/11,0,2740000,-256000,2484000
2012/01/12,0,2505300,-147000,2358300
2012/01/13,0,909000,-86000,823000
2012/01/16,0,1553000,-820100,732900
2012/01/17,0,965000,-182000,783000
2012/01/18,0,2091000,-1646000,445000
2012/01/19,0,0,0,0
2012/01/20,0,0,0,0
2012/01/23,0,0,0,0
2012/01/24,0,0,0,0
2012/01/25,0,0,0,0
2012/01/26,0,0,0,0
2012/01/27,0,0,0,0
2012/01/30,0,2298348,-592000,1706348
2012/01/31,0,781000,-1151000,-370000
2012/02/01,0,1003000,-2072000,-1069000
2012/02/02,0,1428000,-573000,855000
2012/02/03,0,462000,-603000,-141000
2012/02/06,0,743000,-1675479,-932479
2012/02/07,0,901000,-11000,890000
2012/02/08,0,1360000,-2791000,-1431000
2012/02/09,0,2105000,-1208540,896460
2012/02/10,0,861000,-364000,497000
2012/02/13,0,3797000,-977000,2820000
2012/02/14,0,903000,-1182000,-279000
2012/02/15,0,1030000,-853000,177000
2012/02/16,0,1020000,-179000,841000
2012/02/17,0,1561000,-86000,1475000
2012/02/20,0,542000,-22000,520000
2012/02/21,0,144000,-463000,-319000
2012/02/22,0,651631,-188000,463631
2012/02/23,0,1439529,-1853000,-413471
2012/02/24,0,1092000,-582921,509079
2012/02/27,0,0,0,0
2012/02/28,0,0,0,0
2012/02/29,0,4010000,-558000,3452000
2012/03/01,0,2188794,-107000,2081794
2012/03/02,0,1151286,-767000,384286
2012/03/05,0,1411000,-941000,470000
2012/03/06,0,1033000,-803000,230000
2012/03/07,0,677000,-515000,162000
2012/03/08,0,718000,-624000,94000
2012/03/09,0,754000,-2292000,-1538000
2012/03/12,0,1463000,-2135000,-672000
2012/03/13,0,2351000,-1524000,827000
2012/03/14,0,1976000,-1283351,692649
2012/03/15,0,424000,-1034000,-610000
2012/03/16,0,817000,-873000,-56000
2012/03/19,0,782332,-1054000,-271668
2012/03/20,0,1812000,-2126000,-314000
2012/03/21,0,2246000,-2240000,6000
2012/03/22,0,3184000,-1034000,2150000
2012/03/23,0,681000,-1219000,-538000
2012/03/26,0,258000,-1511000,-1253000
2012/03/27,0,835000,-738885,96115
2012/03/28,0,666000,-1360632,-694632
2012/03/29,0,1659000,-312000,1347000
2012/03/30,0,1388000,-3528000,-2140000
2012/04/02,0,1117000,-6061079,-4944079
2012/04/03,0,2050460,-2989000,-938540
2012/04/04,0,0,0,0
2012/04/05,0,2412000,-3849000,-1437000
2012/04/06,0,205000,-1291504,-1086504
2012/04/09,0,204000,-1309000,-1105000
2012/04/10,0,1249000,-1184000,65000
2012/04/11,0,2134000,-3317000,-1183000
2012/04/12,0,460000,-2778000,-2318000
2012/04/13,0,903043,-1811000,-907957
2012/04/16,0,199000,-1294000,-1095000
2012/04/17,0,665123,-3518316,-2853193
2012/04/18,0,1242000,-955000,287000
2012/04/19,0,173000,-1996000,-1823000
2012/04/20,0,139000,-2744564,-2605564
2012/04/23,0,236000,-1191000,-955000
2012/04/24,0,1175000,-950000,225000
2012/04/25,0,1244000,-2018000,-774000
2012/04/26,0,639000,-483000,156000
2012/04/27,0,291000,-1250000,-959000
2012/04/30,0,1285000,-2700000,-1415000
2012/05/01,0,0,0,0
2012/05/02,0,2337000,-1771000,566000
2012/05/03,0,804000,-1242000,-438000
2012/05/04,0,916000,-1465000,-549000
2012/05/07,0,160000,-1267000,-1107000
2012/05/08,0,296000,-1801000,-1505000
2012/05/09,0,439000,-4787000,-4348000
2012/05/10,0,316000,-1680162,-1364162
2012/05/11,0,79000,-1937000,-1858000
2012/05/14,0,176000,-1107000,-931000
2012/05/15,0,508000,-3854374,-3346374
2012/05/16,0,526000,-4275000,-3749000
2012/05/17,0,1301000,-2217000,-916000
2012/05/18,0,347000,-2629000,-2282000
2012/05/21,0,556000,-2550000,-1994000
2012/05/22,0,380000,-2050000,-1670000
2012/05/23,0,508179,-2834000,-2325821
2012/05/24,0,569000,-2235160,-1666160
2012/05/25,0,480000,-1399000,-919000
2012/05/28,0,222000,-250000,-28000
2012/05/29,0,8000,-218000,-210000
2012/05/30,0,6042000,-2129111,3912889
2012/05/31,0,3095104,-4037197,-942093
2012/06/01,0,529000,-1829436,-1300436
2012/06/04,0,440195,-931000,-490805
2012/06/05,0,514000,-1602000,-1088000
2012/06/06,0,105000,-840000,-735000
2012/06/07,0,500361,-626000,-125639
2012/06/08,0,1089612,-477000,612612
2012/06/11,0,385000,-879000,-494000
2012/06/12,0,1039000,-559000,480000
2012/06/13,0,1147000,-937000,210000
2012/06/14,0,763000,-567438,195562
2012/06/15,0,2671906,-612876,2059030
2012/06/18,0,596000,-397000,199000
2012/06/19,0,936109,-534000,402109
2012/06/20,0,2369000,-660109,1708891
2012/06/21,0,516952,-183000,333952
2012/06/22,0,486000,-407000,79000
2012/06/25,0,196000,-553000,-357000
2012/06/26,0,526000,-278000,248000
2012/06/27,0,218000,-349000,-131000
2012/06/28,0,489000,-451034,37966
2012/06/29,0,1201000,-445428,755572
2012/07/02,0,217000,-1158000,-941000
2012/07/03,0,443000,-32000,411000
2012/07/04,0,1689000,-392000,1297000
2012/07/05,0,640000,-198000,442000
2012/07/06,0,576000,-1071000,-495000
2012/07/09,0,191000,-526000,-335000
2012/07/10,0,330000,-910000,-580000
2012/07/11,0,645000,-1331000,-686000
2012/07/12,0,1043000,-980000,63000
2012/07/13,0,374000,-376189,-2189
2012/07/16,0,327000,-553000,-226000
2012/07/17,0,290000,-107000,183000
2012/07/18,0,142000,-1333998,-1191998
2012/07/19,0,262000,-407000,-145000
2012/07/20,0,195000,-50000,145000
2012/07/23,0,365000,-687000,-322000
2012/07/24,0,960000,-533000,427000
2012/07/25,0,420000,-321000,99000
2012/07/26,0,222000,-803408,-581408
2012/07/27,0,288000,-802000,-514000
2012/07/30,0,264797,-495000,-230203
2012/07/31,0,504000,-259427,244573
2012/08/01,0,972000,-164000,808000
2012/08/02,0,0,0,0
2012/08/03,0,370758,-1144000,-773242
2012/08/06,0,943000,-896000,47000
2012/08/07,0,863000,-1077000,-214000
2012/08/08,0,584473,-1926780,-1342307
2012/08/09,0,1950000,-95000,1855000
2012/08/10,0,627000,-119000,508000
2012/08/13,0,252000,-54000,198000
2012/08/14,0,633000,-75000,558000
2012/08/15,0,244000,-116000,128000
2012/08/16,0,1182000,-22000,1160000
2012/08/17,0,543000,-113000,430000
2012/08/20,0,209000,-107000,102000
2012/08/21,0,773310,-60000,713310
2012/08/22,0,438246,-343000,95246
2012/08/23,0,363376,-30000,333376
2012/08/24,0,439000,-693008,-254008
2012/08/27,0,308000,-158000,150000
2012/08/28,0,952646,-167000,785646
2012/08/29,0,547000,-380000,167000
2012/08/30,0,737000,-839000,-102000
2012/08/31,0,1209000,-396063,812937
2012/09/03,0,710000,-162000,548000
2012/09/04,0,1540000,-297000,1243000
2012/09/05,0,607000,-396000,211000
2012/09/06,0,387000,-350000,37000
2012/09/07,0,569000,-557423,11577
2012/09/10,0,509000,-207000,302000
2012/09/11,0,222000,-93000,129000
2012/09/12,0,565000,-423000,142000
2012/09/13,0,1122000,-190000,932000
2012/09/14,0,1356000,-304000,1052000
2012/09/17,0,1517000,-316000,1201000
2012/09/18,0,595000,-75000,520000
2012/09/19,0,1054000,-613000,441000
2012/09/20,0,729000,-59000,670000
2012/09/21,0,1255473,-900082,355391
2012/09/24,0,951000,-232000,719000
2012/09/25,0,766000,-23000,743000
2012/09/26,0,803000,-63000,740000
2012/09/27,0,1444000,-242933,1201067
2012/09/28,0,295000,-691936,-396936
2012/10/01,0,111000,-361000,-250000
2012/10/02,0,553000,-78000,475000
2012/10/03,0,2395000,-311000,2084000
2012/10/04,0,633000,-334000,299000
2012/10/05,0,238000,-69000,169000
2012/10/08,0,637800,-112000,525800
2012/10/09,0,1766000,-143000,1623000
2012/10/10,0,0,0,0
2012/10/11,0,274000,-509000,-235000
2012/10/12,0,2177000,-1032000,1145000
2012/10/15,0,694000,-650000,44000
2012/10/16,0,452000,-536000,-84000
2012/10/17,0,1470000,-700000,770000
2012/10/18,0,389000,-244000,145000
2012/10/19,0,754000,-253000,501000
2012/10/22,0,353000,-364000,-11000
2012/10/23,0,310500,-802040,-491540
2012/10/24,0,1248000,-682386,565614
2012/10/25,0,378000,-581000,-203000
2012/10/26,0,464000,-341000,123000
2012/10/29,0,362800,-139000,223800
2012/10/30,0,415000,-345000,70000
2012/10/31,0,1088000,-899000,189000
2012/11/01,0,593000,-619000,-26000
2012/11/02,0,202000,-257000,-55000
2012/11/05,0,109000,-442000,-333000
2012/11/06,0,232000,-257000,-25000
2012/11/07,0,187000,-1415000,-1228000
2012/11/08,0,184000,-856300,-672300
2012/11/09,0,161000,-1136000,-975000
2012/11/12,0,116000,-262000,-146000
2012/11/13,0,521000,-1837000,-1316000
2012/11/14,0,1207000,-879000,328000
2012/11/15,0,304000,-248000,56000
2012/11/16,0,355000,-605000,-250000
2012/11/19,0,207000,-133000,74000
2012/11/20,0,92000,-324000,-232000
2012/11/21,0,168000,-722000,-554000
2012/11/22,0,209000,-212101,-3101
2012/11/23,0,783000,-241000,542000
2012/11/26,0,451000,-231000,220000
2012/11/27,0,913000,-93000,820000
2012/11/28,0,488900,-382000,106900
2012/11/29,0,1447000,-717000,730000
2012/11/30,0,2345000,-822311,1522689
2012/12/03,0,812000,-253000,559000
2012/12/04,0,322000,-124000,198000
2012/12/05,0,539000,-729000,-190000
2012/12/06,0,554000,-636000,-82000
2012/12/07,0,437314,-247000,190314
2012/12/10,0,330000,-101000,229000
2012/12/11,0,809824,-90000,719824
2012/12/12,0,1057000,-244000,813000
2012/12/13,0,803798,-261000,542798
2012/12/14,0,650553,-246000,404553
2012/12/17,0,304560,-95000,209560
2012/12/18,0,676000,-135000,541000
2012/12/19,0,558000,-84000,474000
2012/12/20,0,208000,-258000,-50000
2012/12/21,0,156000,-740378,-584378
2012/12/24,0,294000,-38000,256000
2012/12/25,0,306000,-58000,248000
2012/12/26,0,328000,-84000,244000
2012/12/27,0,236000,-307000,-71000
2012/12/28,0,436000,-104000,332000
2012/12/31,0,0,0,0
2013/01/01,0,0,0,0
2013/01/02,0,569700,-93000,476700
2013/01/03,0,388000,-447000,-59000
2013/01/04,0,555000,-610000,-55000
2013/01/07,0,371000,-241100,129900
2013/01/08,0,258000,-245000,13000
2013/01/09,0,327000,-373000,-46000
2013/01/10,0,648000,-705000,-57000
2013/01/11,0,203000,-401000,-198000
2013/01/14,0,56000,-458000,-402000
2013/01/15,0,158000,-725000,-567000
2013/01/16,0,15000,-518000,-503000
2013/01/17,0,241000,-680000,-439000
2013/01/18,0,360422,-1008000,-647578
2013/01/21,0,38000,-128000,-90000
2013/01/22,0,153000,-129000,24000
2013/01/23,0,176000,-344069,-168069
2013/01/24,0,143000,-513000,-370000
2013/01/25,0,435000,-1017000,-582000
2013/01/28,0,201000,-677000,-476000
2013/01/29,0,381000,-697000,-316000
2013/01/30,0,424000,-263000,161000
2013/01/31,0,437000,-666000,-229000
2013/02/01,0,492000,-35000,457000
2013/02/04,0,393000,-84000,309000
2013/02/05,0,343000,-977000,-634000
2013/02/06,0,204688,-664000,-459312
2013/02/07,0,0,0,0
2013/02/08,0,0,0,0
2013/02/11,0,0,0,0
2013/02/12,0,0,0,0
2013/02/13,0,0,0,0
2013/02/14,0,0,0,0
2013/02/15,0,0,0,0
2013/02/18,0,819649,-668000,151649
2013/02/19,0,343363,-206000,137363
2013/02/20,0,274147,-275000,-853
2013/02/21,0,701000,-668000,33000
2013/02/22,0,1022000,-554000,468000
2013/02/25,0,527000,-416775,110225
2013/02/26,0,575000,-266868,308132
2013/02/27,0,564000,-430044,133956
2013/02/28,0,0,0,0
2013/03/01,0,859700,-193000,666700
2013/03/04,0,385000,-924000,-539000
2013/03/05,0,428000,-288000,140000
2013/03/06,0,446000,-767000,-321000
2013/03/07,0,216000,-63362,152638
2013/03/08,0,991800,-50000,941800
2013/03/11,0,221000,-307000,-86000
2013/03/12,0,1424000,-190374,1233626
2013/03/13,0,1170000,-674000,496000
2013/03/14,0,303000,-829460,-526460
2013/03/15,0,772574,-949633,-177059
2013/03/18,0,181000,-736000,-555000
2013/03/19,0,582000,-699000,-117000
2013/03/20,0,725000,-1512615,-787615
2013/03/21,0,413000,-681000,-268000
2013/03/22,0,395883,-1056409,-660526
2013/03/25,0,388000,-436000,-48000
2013/03/26,0,357000,-1268000,-911000
2013/03/27,0,294000,-1061000,-767000
2013/03/28,0,256000,-618712,-362712
2013/03/29,0,269000,-71000,198000
2013/04/01,0,344429,-105000,239429
2013/04/02,0,427000,-2167000,-1740000
2013/04/03,0,1608021,-108000,1500021
2013/04/04,0,0,0,0
2013/04/05,0,0,0,0
2013/04/08,0,1725000,-842000,883000
2013/04/09,0,109000,-554660,-445660
2013/04/10,0,1242000,-787000,455000
2013/04/11,0,737758,-218200,519558
2013/04/12,0,708000,-296000,412000
2013/04/15,0,775631,-314000,461631
2013/04/16,0,993155,-317000,676155
2013/04/17,0,841000,-468000,373000
2013/04/18,0,773000,-363000,410000
2013/04/19,0,1038000,-117000,921000
2013/04/22,0,663000,-68000,595000
2013/04/23,0,530000,-29000,501000
2013/04/24,0,480000,-37000,443000
2013/04/25,0,876535,-24000,852535
2013/04/26,0,776000,-140000,636000
2013/04/29,0,344000,-94000,250000
2013/04/30,0,800000,-376000,424000
2013/05/01,0,0,0,0
2013/05/02,0,456000,-674019,-218019
2013/05/03,0,186000,-474000,-288000
2013/05/06,0,165000,-449000,-284000
2013/05/07,0,740000,-1818140,-1078140
2013/05/08,0,1145002,-1432000,-286998
2013/05/09,0,912639,-847004,65635
2013/05/10,0,736000,-912000,-176000
2013/05/13,0,735000,-253000,482000
2013/05/14,0,1265000,-327000,938000
2013/05/15,0,1106000,-824000,282000
2013/05/16,0,970000,-724000,246000
2013/05/17,0,878072,-1016000,-137928
2013/05/20,0,424602,-661000,-236398
2013/05/21,0,839000,-1013213,-174213
2013/05/22,0,1923000,-1948200,-25200
2013/05/23,0,1796000,-1056000,740000
2013/05/24,0,917000,-620000,297000
2013/05/27,0,860170,-980000,-119830
2013/05/28,0,623000,-900000,-277000
2013/05/29,0,740000,-486000,254000
2013/05/30,0,1129000,-1641000,-512000
2013/05/31,0,1689000,-1497756,191244
2013/06/03,0,1070000,-599000,471000
2013/06/04,0,1021000,-411000,610000
2013/06/05,0,816000,-523288,292712
2013/06/06,0,816098,-859100,-43002
2013/06/07,0,597000,-834081,-237081
2013/06/10,0,357000,-261000,96000
2013/06/11,0,816000,-507000,309000
2013/06/12,0,0,0,0
2013/06/13,0,1388757,-1358000,30757
2013/06/14,0,934000,-1026000,-92000
2013/06/17,0,324000,-479393,-155393
2013/06/18,0,162000,-660096,-498096
2013/06/19,0,691000,-1389054,-698054
2013/06/20,0,1125000,-1228072,-103072
2013/06/21,0,641000,-2486000,-1845000
2013/06/24,0,391000,-3244167,-2853167
2013/06/25,0,567000,-2130000,-1563000
2013/06/26,0,796000,-2228000,-1432000
2013/06/27,0,1194000,-1066000,128000
2013/06/28,0,1872000,-428000,1444000
2013/07/01,0,921000,-965000,-44000
2013/07/02,0,500000,-541000,-41000
2013/07/03,0,635000,-977400,-342400
2013/07/04,0,438000,-563000,-125000
2013/07/05,0,640000,-263000,377000
2013/07/08,0,390000,-741000,-351000
2013/07/09,0,442000,-715000,-273000
2013/07/10,0,392000,-1157000,-765000
2013/07/11,0,870000,-663764,206236
2013/07/12,0,1189000,-1040000,149000
2013/07/15,0,548923,-544000,4923
2013/07/16,0,666860,-444000,222860
2013/07/17,0,809860,-1014000,-204140
2013/07/18,0,647000,-777000,-130000
2013/07/19,0,838470,-925000,-86530
2013/07/22,0,497320,-752000,-254680
2013/07/23,0,851000,-683000,168000
2013/07/24,0,257000,-501000,-244000
2013/07/25,0,173000,-245000,-72000
2013/07/26,0,135000,-472000,-337000
2013/07/29,0,69000,-566000,-497000
2013/07/30,0,400000,-595000,-195000
2013/07/31,0,685000,-854242,-169242
2013/08/01,0,306000,-626000,-320000
2013/08/02,0,594000,-836000,-242000
2013/08/05,0,222000,-347000,-125000
2013/08/06,0,182706,-1050000,-867294
2013/08/07,0,272000,-944000,-672000
2013/08/08,0,82853,-1131000,-1048147
2013/08/09,0,447000,-2779600,-2332600
2013/08/12,0,222000,-632000,-410000
2013/08/13,0,228000,-294000,-66000
2013/08/14,0,228662,-351000,-122338
2013/08/15,0,368000,-631996,-263996
2013/08/16,0,191328,-245000,-53672
2013/08/19,0,265000,-391000,-126000
2013/08/20,0,664000,-505000,159000
2013/08/21,0,0,0,0
2013/08/22,0,1183566,-1160000,23566
2013/08/23,0,801559,-579000,222559
2013/08/26,0,224000,-125000,99000
2013/08/27,0,191000,-444000,-253000
2013/08/28,0,247000,-304000,-57000
2013/08/29,0,399000,-547000,-148000
2013/08/30,0,911000,-1339930,-428930
2013/09/02,0,501000,-118000,383000
2013/09/03,0,459000,-237000,222000
2013/09/04,0,395000,-111000,284000
2013/09/05,0,518151,-92000,426151
2013/09/06,0,454000,-215000,239000
2013/09/09,0,916853,-61000,855853
2013/09/10,0,1050000,-221000,829000
2013/09/11,0,1389000,-158286,1230714
2013/09/12,0,953000,-57000,896000
2013/09/13,0,565814,-484566,81248
2013/09/16,0,1018000,-158000,860000
2013/09/17,0,444000,-520000,-76000
2013/09/18,0,1016201,-692502,323699
2013/09/19,0,0,0,0
2013/09/20,0,0,0,0
2013/09/23,0,1171000,-49009,1121991
2013/09/24,0,278000,-764374,-486374
2013/09/25,0,942000,-512000,430000
2013/09/26,0,591000,-197000,394000
2013/09/27,0,1420000,-532040,887960
2013/09/30,0,805016,-609887,195129
2013/10/01,0,203000,-246669,-43669
2013/10/02,0,365000,-481599,-116599
2013/10/03,0,1323204,-227000,1096204
2013/10/04,0,599500,-496000,103500
2013/10/07,0,594628,-310000,284628
2013/10/08,0,1085000,-585000,500000
2013/10/09,0,411000,-275000,136000
2013/10/10,0,0,0,0
2013/10/11,0,279000,-251000,28000
2013/10/14,0,836000,-176951,659049
2013/10/15,0,1299000,-98000,1201000
2013/10/16,0,143000,-54000,89000
2013/10/17,0,350000,-632000,-282000
2013/10/18,0,888628,-242000,646628
2013/10/21,0,199000,-77000,122000
2013/10/22,0,204000,-110000,94000
2013/10/23,0,561041,-243000,318041
2013/10/24,0,112000,-245000,-133000
2013/10/25,0,121743,-203000,-81257
2013/10/28,0,550000,-46000,504000
2013/10/29,0,1004000,-135988,868012
2013/10/30,0,601000,-97000,504000
2013/10/31,0,563000,-346000,217000
2013/11/01,0,56000,-200000,-144000
2013/11/04,0,21000,-441000,-420000
2013/11/05,0,57000,-549835,-492835
2013/11/06,0,566900,-670000,-103100
2013/11/07,0,122000,-362000,-240000
2013/11/08,0,288000,-491000,-203000
2013/11/11,0,103000,-246000,-143000
2013/11/12,0,585000,-356000,229000
2013/11/13,0,63312,-485000,-421688
2013/11/14,0,218000,-369000,-151000
2013/11/15,0,298000,-242000,56000
2013/11/18,0,183000,-171000,12000
2013/11/19,0,158000,-206000,-48000
2013/11/20,0,420000,-175276,244724
2013/11/21,0,159000,-462000,-303000
2013/11/22,0,178000,-459000,-281000
2013/11/25,0,365000,-190000,175000
2013/11/26,0,817000,-1027376,-210376
2013/11/27,0,222000,-177000,45000
2013/11/28,0,720000,-188000,532000
2013/11/29,0,346000,-158000,188000
2013/12/02,0,400000,-315000,85000
2013/12/03,0,259408,-288498,-29090
2013/12/04,0,442000,-730000,-288000
2013/12/05,0,496000,-871000,-375000
2013/12/06,0,360000,-711000,-351000
2013/12/09,0,477000,-307000,170000
2013/12/10,0,347000,-615000,-268000
2013/12/11,0,236000,-471000,-235000
2013/12/12,0,71000,-1119440,-1048440
2013/12/13,0,167000,-1028000,-861000
2013/12/16,0,247000,-2109000,-1862000
2013/12/17,0,6000,-707000,-701000
2013/12/18,0,388000,-534000,-146000
2013/12/19,0,110000,-1043000,-933000
2013/12/20,0,289000,-445681,-156681
2013/12/23,0,682000,-685000,-3000
2013/12/24,0,15000,-331000,-316000
2013/12/25,0,90000,-17000,73000
2013/12/26,0,43000,-65000,-22000
2013/12/27,0,437000,-333000,104000
2013/12/30,0,394000,-1000,393000
2013/12/31,0,331000,-39000,292000
2014/01/02,0,69000,-72000,-3000
2014/01/03,0,328000,-635000,-307000
2014/01/06,0,493507,-645000,-151493
2014/01/07,0,282000,-1029000,-747000
2014/01/08,0,349000,-489000,-140000
2014/01/09,0,297000,-833000,-536000
2014/01/10,0,508000,-487000,21000
2014/01/13,0,276000,-741000,-465000
2014/01/14,0,253000,-597899,-344899
2014/01/15,0,261000,-432000,-171000
2014/01/16,0,516000,-958700,-442700
2014/01/17,0,18000,-285000,-267000
2014/01/20,0,231000,-488000,-257000
2014/01/21,0,33000,-698366,-665366
2014/01/22,0,333000,-604000,-271000
2014/01/23,0,107000,-1078000,-971000
2014/01/24,0,488000,-824000,-336000
2014/01/27,0,827154,-1328823,-501669
2014/02/05,0,1031000,-2972465,-1941465
2014/02/06,0,330000,-1855000,-1525000
2014/02/07,0,331000,-1179000,-848000
2014/02/10,0,50000,-453000,-403000
2014/02/11,0,79389,-234000,-154611
2014/02/12,0,286000,-359100,-73100
2014/02/13,0,30000,-559730,-529730
2014/02/14,0,424000,-238170,185830
2014/02/17,0,117000,-237000,-120000
2014/02/18,0,517000,-99000,418000
2014/02/19,0,427000,-208755,218245
2014/02/20,0,221000,-170000,51000
2014/02/21,0,903000,-481000,422000
2014/02/24,0,171000,-219000,-48000
2014/02/25,0,363000,-262000,101000
2014/02/26,0,659000,-493000,166000
2014/02/27,0,466000,-255368,210632
2014/03/03,0,461000,-913000,-452000
2014/03/04,0,168000,-565000,-397000
2014/03/05,0,497000,-326000,171000
2014/03/06,0,384000,-226000,158000
2014/03/07,0,528000,-21000,507000
2014/03/10,0,152000,-325000,-173000
2014/03/11,0,94000,-361000,-267000
2014/03/12,0,231000,-93000,138000
2014/03/13,0,296000,-360389,-64389
2014/03/14,0,317000,-666000,-349000
2014/03/17,0,228000,-910000,-682000
2014/03/18,0,233000,-306000,-73000
2014/03/19,0,122000,-489000,-367000
2014/03/20,0,567000,-809000,-242000
2014/03/21,0,210000,-476000,-266000
2014/03/24,0,369000,-307400,61600
2014/03/25,0,140000,-229000,-89000
2014/03/26,0,698000,-321000,377000
2014/03/27,0,220000,-160000,60000
2014/03/28,0,833000,-245000,588000
2014/03/31,0,526000,-184930,341070
2014/04/01,0,382000,-200716,181284
2014/04/02,0,629000,-117000,512000
2014/04/03,0,544000,-102000,442000
2014/04/07,0,592000,-391000,201000
2014/04/08,0,261000,-22000,239000
2014/04/09,0,381000,-122114,258886
2014/04/10,0,531000,-204000,327000
2014/04/11,0,405000,-275000,130000
2014/04/14,0,316000,-102000,214000
2014/04/15,0,334000,-33000,301000
2014/04/16,0,1000000,-311000,689000
2014/04/17,0,530000,-45000,485000
2014/04/18,0,108000,-28000,80000
2014/04/21,0,89000,-149000,-60000
2014/04/22,0,151000,-174000,-23000
2014/04/23,0,431000,-132000,299000
2014/04/24,0,228000,-74000,154000
2014/04/25,0,408000,-368000,40000
2014/04/28,0,194000,-357000,-163000
2014/04/29,0,584000,-366035,217965
2014/04/30,0,478000,-537000,-59000
2014/05/02,0,384068,-294000,90068
2014/05/05,0,57000,-158000,-101000
2014/05/06,0,12000,-96000,-84000
2014/05/07,0,155000,-467000,-312000
2014/05/08,0,314000,-247000,67000
2014/05/09,0,139000,-451445,-312445
2014/05/12,0,286000,-338000,-52000
2014/05/13,0,382000,-244000,138000
2014/05/14,0,484000,-165000,319000
2014/05/15,0,141000,-60000,81000
2014/05/16,0,628000,-218685,409315
2014/05/19,0,747000,-218866,528134
2014/05/20,0,312000,-323437,-11437
2014/05/21,0,213000,-281595,-68595
2014/05/22,0,355000,-166000,189000
2014/05/23,0,464000,-448000,16000
2014/05/26,0,543000,-76000,467000
2014/05/27,0,190000,-31000,159000
2014/05/28,0,807000,-488000,319000
2014/05/29,0,769000,-449000,320000
2014/05/30,0,1695200,-869015,826185
2014/06/03,0,991000,-757610,233390
2014/06/04,0,1197000,-516000,681000
2014/06/05,0,478000,-390000,88000
2014/06/06,0,478000,-482000,-4000
2014/06/09,0,785000,-569000,216000
2014/06/10,0,661437,-369400,292037
2014/06/11,0,672419,-332400,340019
2014/06/12,0,729000,-386000,343000
2014/06/13,0,486000,-215000,271000
2014/06/16,0,425000,-310000,115000
2014/06/17,0,275000,-108000,167000
2014/06/18,0,1574400,-449000,1125400
2014/06/19,0,672022,-612000,60022
2014/06/20,0,836000,-602445,233555
2014/06/23,0,667000,-24041,642959
2014/06/24,0,680000,-96974,583026
2014/06/25,0,323000,-48713,274287
2014/06/26,0,768903,-162000,606903
2014/06/27,0,413000,-118000,295000
2014/06/30,0,909000,-302000,607000
2014/07/01,0,1812000,-549000,1263000
2014/07/02,0,1722544,-834000,888544
2014/07/03,0,764000,-79000,685000
2014/07/04,0,174000,-354000,-180000
2014/07/07,0,235000,-76000,159000
2014/07/08,0,230000,-68000,162000
2014/07/09,0,260000,-105000,155000
2014/07/10,0,663000,-219000,444000
2014/07/11,0,783000,-204000,579000
2014/07/14,0,581000,-118450,462550
2014/07/15,0,216176,-191000,25176
2014/07/16,0,729000,-365000,364000
2014/07/17,0,998470,-136000,862470
2014/07/18,0,333000,-149000,184000
2014/07/21,0,441000,-114470,326530
2014/07/22,0,605000,-68300,536700
2014/07/23,0,0,0,0
2014/07/24,0,707000,-82000,625000
2014/07/25,0,346000,-173509,172491
2014/07/28,0,577000,-27000,550000
2014/07/29,0,779000,-128000,651000
2014/07/30,0,960000,-149000,811000
2014/07/31,0,855000,-458000,397000
2014/08/01,0,519000,-332000,187000
2014/08/04,0,1304000,-346000,958000
2014/08/05,0,1344900,-928384,416516
2014/08/06,0,502000,-470750,31250
2014/08/07,0,1089386,-445000,644386
2014/08/08,0,462000,-329600,132400
2014/08/11,0,515000,-398000,117000
2014/08/12,0,423000,-386200,36800
2014/08/13,0,1273000,-28000,1245000
2014/08/14,0,808000,-320000,488000
2014/08/15,0,268000,-190000,78000
2014/08/18,0,157000,-125000,32000
2014/08/19,0,796030,-27000,769030
2014/08/20,0,897030,-138000,759030
2014/08/21,0,319000,-148000,171000
2014/08/22,0,1624622,-581000,1043622
2014/08/25,0,324000,-51000,273000
2014/08/26,0,291376,-57000,234376
2014/08/27,0,1349000,-929000,420000
2014/08/28,0,1091000,-683000,408000
2014/08/29,0,1072000,-792000,280000
2014/09/01,0,698000,-693000,5000
2014/09/02,0,985000,-210000,775000
2014/09/03,0,481000,-193060,287940
2014/09/04,0,177000,-91242,85758
2014/09/05,0,65000,-242000,-177000
2014/09/09,0,505544,-380544,125000
2014/09/10,0,191000,-422000,-231000
2014/09/11,0,59000,-323000,-264000
2014/09/12,0,84880,-199000,-114120
2014/09/15,0,72000,-480000,-408000
2014/09/16,0,94000,-321000,-227000
2014/09/17,0,606000,-536000,70000
2014/09/18,0,157000,-155856,1144
2014/09/19,0,156715,-146000,10715
2014/09/22,0,213000,-713210,-500210
2014/09/23,0,139000,-326000,-187000
2014/09/24,0,215000,-110000,105000
2014/09/25,0,115000,-228000,-113000
2014/09/26,0,181000,-92000,89000
2014/09/29,0,434000,-1180653,-746653
2014/09/30,0,723000,-604000,119000
2014/10/01,0,539720,-746320,-206600
2014/10/02,0,545000,-701302,-156302
2014/10/03,0,239000,-287000,-48000
2014/10/06,0,263000,-619000,-356000
2014/10/07,0,96000,-492334,-396334
2014/10/08,0,285000,-433544,-148544
2014/10/09,0,415000,-209413,205587
2014/10/13,0,227000,-439000,-212000
2014/10/14,0,573000,-399000,174000
2014/10/15,0,542000,-609000,-67000
2014/10/16,0,1259100,-1579158,-320058
2014/10/17,0,525000,-1328000,-803000
2014/10/20,0,372000,-837159,-465159
2014/10/21,0,404000,-290940,113060
2014/10/22,0,168000,-316000,-148000
2014/10/23,0,59000,-107500,-48500
2014/10/24,0,247000,-740000,-493000
2014/10/27,0,219000,-70500,148500
2014/10/28,0,603000,-162000,441000
2014/10/29,0,375000,-65000,310000
2014/10/30,0,345000,-233595,111405
2014/10/31,0,280000,-84100,195900
2014/11/03,0,377360,-176000,201360
2014/11/04,0,575292,-112000,463292
2014/11/05,0,79000,-144000,-65000
2014/11/06,0,190000,-105000,85000
2014/11/07,0,53000,-22335,30665
2014/11/10,0,671000,-174000,497000
2014/11/11,0,228000,-133000,95000
2014/11/12,0,291000,-353000,-62000
2014/11/13,0,152000,-592000,-440000
2014/11/14,0,103000,-411373,-308373
2014/11/17,0,276000,-1091344,-815344
2014/11/18,0,161000,-281000,-120000
2014/11/19,0,1344000,-770000,574000
2014/11/20,0,567000,-570863,-3863
2014/11/21,0,54000,-230000,-176000
2014/11/24,0,457000,-732000,-275000
2014/11/25,0,409169,-696033,-286864
2014/11/26,0,105000,-529000,-424000
2014/11/27,0,161000,-249000,-88000
2014/11/28,0,233000,-543000,-310000
2014/12/01,0,226800,-567140,-340340
2014/12/02,0,314000,-648000,-334000
2014/12/03,0,131000,-360000,-229000
2014/12/04,0,456000,-343000,113000
2014/12/05,0,285000,-74000,211000
2014/12/08,0,406000,-87000,319000
2014/12/09,0,300517,-327338,-26821
2014/12/10,0,268000,-679000,-411000
2014/12/11,0,72000,-273000,-201000
2014/12/12,0,480000,-769000,-289000
2014/12/15,0,40000,-522000,-482000
2014/12/16,0,418000,-719000,-301000
2014/12/17,0,422000,-1197176,-775176
2014/12/18,0,250000,-1025000,-775000
2014/12/19,0,315000,-492000,-177000
2014/12/22,0,89000,-273000,-184000
2014/12/23,0,68000,-386000,-318000
2014/12/24,0,265000,-472000,-207000
2014/12/25,0,97000,-403000,-306000
2014/12/26,0,132000,0,132000
2014/12/29,0,1339000,-907000,432000
2014/12/30,0,207000,-157000,50000
2014/12/31,0,212000,-214000,-2000
2015/01/01,0,0,0,0
2015/01/02,0,0,0,0
2015/01/05,0,224000,-600000,-376000
2015/01/06,0,211000,-942000,-731000
2015/01/07,0,222000,-478000,-256000
2015/01/08,0,419000,-109000,310000
2015/01/09,0,79000,-665000,-586000
2015/01/12,0,142000,-159600,-17600
2015/01/13,0,775000,-715000,60000
2015/01/14,0,1376000,-836000,540000
2015/01/15,0,213000,-791000,-578000
2015/01/16,0,236000,-665384,-429384
2015/01/19,0,117000,-131000,-14000
2015/01/20,0,231000,-285348,-54348
2015/01/21,0,367000,-251000,116000
2015/01/22,0,420000,-86000,334000
2015/01/23,0,693000,-141000,552000
2015/01/26,0,131000,-257000,-126000
2015/01/27,0,342000,-412000,-70000
2015/01/28,0,317000,-537000,-220000
2015/01/29,0,604000,-658233,-54233
2015/01/30,0,290000,-294000,-4000
2015/02/02,0,488000,-617400,-129400
2015/02/03,0,265000,-260000,5000
2015/02/04,0,494000,-349000,145000
2015/02/05,0,432000,-43000,389000
2015/02/06,0,639000,-243000,396000
2015/02/09,0,246000,-334000,-88000
2015/02/10,0,471000,-405000,66000
2015/02/11,0,278000,-233000,45000
2015/02/12,0,486000,-283000,203000
2015/02/13,0,474000,-120000,354000
2015/02/16,0,0,0,0
2015/02/17,0,0,0,0
2015/02/18,0,0,0,0
2015/02/19,0,0,0,0
2015/02/20,0,0,0,0
2015/02/23,0,0,0,0
2015/02/24,0,643000,-420984,222016
2015/02/25,0,468000,-238000,230000
2015/02/26,0,602000,-708528,-106528
2015/02/27,0,0,0,0
2015/03/02,0,751000,-652000,99000
2015/03/03,0,692822,-468200,224622
2015/03/04,0,219000,-116000,103000
2015/03/05,0,274000,-503000,-229000
2015/03/06,0,613200,-555000,58200
2015/03/09,0,248000,-456000,-208000
2015/03/10,0,715562,-1092000,-376438
2015/03/11,0,603000,-807000,-204000
2015/03/12,0,612400,-327900,284500
2015/03/13,0,274000,-481000,-207000
2015/03/16,0,556000,-161352,394648
2015/03/17,0,916000,-149000,767000
2015/03/18,0,742800,-400605,342195
2015/03/19,0,992100,-434000,558100
2015/03/20,0,698000,-347000,351000
2015/03/23,0,796000,-177000,619000
2015/03/24,0,429000,-125000,304000
2015/03/25,0,153000,-287000,-134000
2015/03/26,0,914000,-769000,145000
2015/03/27,0,605000,-1783000,-1178000
2015/03/30,0,373000,-385000,-12000
2015/03/31,0,1126000,-1037500,88500
2015/04/01,0,261000,-750000,-489000
2015/04/02,0,533000,-1254000,-721000
2015/04/03,0,0,0,0
2015/04/06,0,0,0,0
2015/04/07,0,134000,-1126000,-992000
2015/04/08,0,1572000,-1129000,443000
2015/04/09,0,488000,-716000,-228000
2015/04/10,0,606000,-673000,-67000
2015/04/13,0,298000,-1065000,-767000
2015/04/14,0,439000,-953000,-514000
2015/04/15,0,210000,-1998000,-1788000
2015/04/16,0,277000,-324000,-47000
2015/04/17,0,174622,-785874,-611252
2015/04/20,0,801916,-991000,-189084
2015/04/21,0,242000,-982000,-740000
2015/04/22,0,536000,-984000,-448000
2015/04/23,0,1291000,-992258,298742
2015/04/24,0,1315000,-1313863,1137
2015/04/27,0,1038000,-783000,255000
2015/04/28,0,867000,-1125000,-258000
2015/04/29,0,754000,-707000,47000
2015/04/30,0,1088000,-1443000,-355000
2015/05/01,0,0,0,0
2015/05/04,0,480000,-492000,-12000
2015/05/05,0,512000,-697000,-185000
2015/05/06,0,741000,-454000,287000
2015/05/07,0,362000,-1106000,-744000
2015/05/08,0,339000,-869000,-530000
2015/05/11,0,786000,-1064000,-278000
2015/05/12,0,1397000,-991000,406000
2015/05/13,0,3382300,-1186000,2196300
2015/05/14,0,2784300,-979000,1805300
2015/05/15,0,907000,-898808,8192
2015/05/18,0,530000,-518000,12000
2015/05/19,0,824000,-866000,-42000
2015/05/20,0,903000,-724000,179000
2015/05/21,0,730000,-1088000,-358000
2015/05/22,0,760000,-188000,572000
2015/05/25,0,228000,-313000,-85000
2015/05/26,0,821000,-245000,576000
2015/05/27,0,933000,-427000,506000
2015/05/28,0,487000,-1143622,-656622
2015/05/29,0,2481000,-2267469,213531
2015/06/01,0,330000,-742080,-412080
2015/06/02,0,618000,-578000,40000
2015/06/03,0,655000,-484000,171000
2015/06/04,0,223000,-830840,-607840
2015/06/05,0,596000,-799000,-203000
2015/06/08,0,371000,-857000,-486000
2015/06/09,0,123000,-367622,-244622
2015/06/10,0,17000,-395000,-378000
2015/06/11,0,148000,-626000,-478000
2015/06/12,0,175000,-477000,-302000
2015/06/15,0,171000,-441000,-270000
2015/06/16,0,257000,-874000,-617000
2015/06/17,0,749000,-1872000,-1123000
2015/06/18,0,1047000,-1115022,-68022
2015/06/19,0,0,0,0
2015/06/22,0,738445,-542240,196205
2015/06/23,0,182000,-363000,-181000
2015/06/24,0,161000,-459000,-298000
2015/06/25,0,757622,-1407545,-649923
2015/06/26,0,434000,-476215,-42215
2015/06/29,0,551000,-567000,-16000
2015/06/30,0,292000,-483000,-191000
2015/07/01,0,329000,-434000,-105000
2015/07/02,0,917000,-472000,445000
2015/07/03,0,386000,-635000,-249000
2015/07/06,0,278000,-386000,-108000
2015/07/07,0,532000,-695000,-163000
2015/07/08,0,929000,-1285000,-356000
2015/07/09,0,435000,-993000,-558000
2015/07/10,0,0,0,0
2015/07/13,0,514000,-989000,-475000
2015/07/14,0,203000,-750000,-547000
2015/07/15,0,1029000,-978615,50385
2015/07/16,0,542000,-1346000,-804000
2015/07/17,0,460000,-923000,-463000
2015/07/20,0,354000,-485000,-131000
2015/07/21,0,409000,-651000,-242000
2015/07/22,0,603000,-856000,-253000
2015/07/23,0,563219,-622000,-58781
2015/07/24,0,220000,-229000,-9000
2015/07/27,0,923000,-456000,467000
2015/07/28,0,750000,-808000,-58000
2015/07/29,0,1296000,-773000,523000
2015/07/30,0,278614,-449000,-170386
2015/07/31,0,1240000,-767000,473000
2015/08/03,0,639000,-592000,47000
2015/08/04,0,650000,-477000,173000
2015/08/05,0,274000,-347000,-73000
2015/08/06,0,273000,-315000,-42000
2015/08/07,0,411000,-538000,-127000
2015/08/10,0,362000,-531000,-169000
2015/08/11,0,665000,-1238000,-573000
2015/08/12,0,1119000,-1723000,-604000
2015/08/13,0,1943000,-1094000,849000
2015/08/14,0,1038634,-767000,271634
2015/08/17,0,669000,-370238,298762
2015/08/18,0,1428000,-1063000,365000
2015/08/19,0,699000,-893000,-194000
2015/08/20,0,770000,-1115000,-345000
2015/08/21,0,1451000,-1159002,291998
2015/08/24,0,1505000,-1096000,409000
2015/08/25,0,1423000,-1124000,299000
2015/08/26,0,453000,-1124000,-671000
2015/08/27,0,821000,-1149000,-328000
2015/08/28,0,1364000,-879050,484950
2015/08/31,0,1267064,-839000,428064
2015/09/01,0,486000,-669000,-183000
2015/09/02,0,769000,-1086622,-317622
2015/09/03,0,2004000,-2392000,-388000
2015/09/04,0,816622,-1035615,-218993
2015/09/07,0,382000,-438000,-56000
2015/09/08,0,195000,-490000,-295000
2015/09/09,0,2090364,-641000,1449364
2015/09/10,0,1911683,-454000,1457683
2015/09/11,0,1153000,-849000,304000
2015/09/14,0,837000,-428000,409000
2015/09/15,0,1087000,-1477000,-390000
2015/09/16,0,760000,-500000,260000
2015/09/17,0,1959000,-590000,1369000
2015/09/18,0,769699,-668736,100963
2015/09/21,0,611000,-544000,67000
2015/09/22,0,419000,-712804,-293804
2015/09/23,0,1973000,-926005,1046995
2015/09/24,0,975000,-744000,231000
2015/09/25,0,364484,-561000,-196516
2015/09/28,0,0,0,0
2015/09/29,0,0,0,0
2015/09/30,0,934000,-821000,113000
2015/10/01,0,863614,-456000,407614
2015/10/02,0,537000,-260000,277000
2015/10/05,0,783660,-541000,242660
2015/10/06,0,610000,-773516,-163516
2015/10/07,0,772000,-769000,3000
2015/10/08,0,515000,-655000,-140000
2015/10/09,0,0,0,0
2015/10/12,0,627000,-486436,140564
2015/10/13,0,1070000,-1342576,-272576
2015/10/14,0,454000,-512000,-58000
2015/10/15,0,723000,-426000,297000
2015/10/16,0,914000,-1098000,-184000
2015/10/19,0,505000,-1426000,-921000
2015/10/20,0,587000,-1096000,-509000
2015/10/21,0,594000,-2280000,-1686000
2015/10/22,0,988000,-706000,282000
2015/10/23,0,926234,-1366000,-439766
2015/10/26,0,1933000,-851000,1082000
2015/10/27,0,570000,-1272000,-702000
2015/10/28,0,418117,-1049699,-631582
2015/10/29,0,534000,-1076523,-542523
2015/10/30,0,434000,-1270000,-836000
2015/11/02,0,399000,-796000,-397000
2015/11/03,0,1099000,-765830,333170
2015/11/04,0,2163000,-1260170,902830
2015/11/05,0,345000,-1128000,-783000
2015/11/06,0,298000,-1484000,-1186000
2015/11/09,0,209000,-913000,-704000
2015/11/10,0,718000,-1520680,-802680
2015/11/11,0,530000,-1963000,-1433000
2015/11/12,0,393000,-1528000,-1135000
2015/11/13,0,1308000,-3588000,-2280000
2015/11/16,0,871200,-4195398,-3324198
2015/11/17,0,1407000,-3497000,-2090000
2015/11/18,0,755760,-1012000,-256240
2015/11/19,0,785000,-1929000,-1144000
2015/11/20,0,789000,-875000,-86000
2015/11/23,0,1336123,-1868390,-532267
2015/11/24,0,1341000,-3780000,-2439000
2015/11/25,0,1615000,-2014212,-399212
2015/11/26,0,1125000,-2856490,-1731490
2015/11/27,0,939000,-2699702,-1760702
2015/11/30,0,36860140,-52779522,-15919382
2015/12/01,0,6376000,-4175047,2200953
2015/12/02,0,6256000,-7606000,-1350000
2015/12/03,0,2330000,-3115614,-785614
2015/12/04,0,2711000,-2548774,162226
2015/12/07,0,1407000,-816000,591000
2015/12/08,0,1232000,-1159000,73000
2015/12/09,0,1865000,-1803000,62000
2015/12/10,0,1338000,-2067559,-729559
2015/12/11,0,1984000,-2213000,-229000
2015/12/14,0,2264000,-2949000,-685000
2015/12/15,0,3031067,-2934000,97067
2015/12/16,0,2034000,-1900000,134000
2015/12/17,0,1633000,-1741000,-108000
2015/12/18,0,1221098,-1067000,154098
2015/12/21,0,262000,-924700,-662700
2015/12/22,0,684000,-879199,-195199
2015/12/23,0,715000,-1541000,-826000
2015/12/24,0,484000,-77000,407000
2015/12/25,0,81000,-104000,-23000
2015/12/28,0,109000,-271000,-162000
2015/12/29,0,545000,-304000,241000
2015/12/30,0,197079,-469000,-271921
2015/12/31,0,515000,-991000,-476000
2016/01/01,0,0,0,0
2016/01/04,0,592000,-1578000,-986000
2016/01/05,0,2189000,-1334256,854744
2016/01/06,0,267000,-1290592,-1023592
2016/01/07,0,2465000,-777117,1687883
2016/01/08,0,987000,-739117,247883
2016/01/11,0,1283000,-1772000,-489000
2016/01/12,0,851000,-638117,212883
2016/01/13,0,982000,-1034000,-52000
2016/01/14,0,291000,-1350000,-1059000
2016/01/15,0,254000,-496189,-242189
2016/01/18,0,625000,-575000,50000
2016/01/19,0,788000,-579000,209000
2016/01/20,0,826000,-780234,45766
2016/01/21,0,408000,-713000,-305000
2016/01/22,0,479000,-546000,-67000
2016/01/25,0,336000,-649500,-313500
2016/01/26,0,83000,-211000,-128000
2016/01/27,0,425000,-226000,199000
2016/01/28,0,210000,-533170,-323170
2016/01/29,0,506000,-938000,-432000
2016/02/01,0,100000,-210000,-110000
2016/02/02,0,352000,-662000,-310000
2016/02/03,0,548000,-606000,-58000
2016/02/04,0,0,0,0
2016/02/05,0,0,0,0
2016/02/08,0,0,0,0
2016/02/09,0,0,0,0
2016/02/10,0,0,0,0
2016/02/11,0,0,0,0
2016/02/12,0,0,0,0
2016/02/15,0,890000,-1095000,-205000
2016/02/16,0,670000,-712000,-42000
2016/02/17,0,603000,-143000,460000
2016/02/18,0,1191149,-645000,546149
2016/02/19,0,695000,-399000,296000
2016/02/22,0,262000,-739904,-477904
2016/02/23,0,262000,-179000,83000
2016/02/24,0,363000,-328154,34846
2016/02/25,0,291000,-123000,168000
2016/02/26,0,626000,-351698,274302
2016/02/29,0,0,0,0
2016/03/01,0,568000,-718339,-150339
2016/03/02,0,683000,-355615,327385
2016/03/03,0,594000,-97000,497000
2016/03/04,0,451000,-954685,-503685
2016/03/07,0,329000,-836000,-507000
2016/03/08,0,916000,-584471,331529
2016/03/09,0,746000,-499000,247000
2016/03/10,0,393000,-388000,5000
2016/03/11,0,724000,-140000,584000
2016/03/14,0,305000,-297000,8000
2016/03/15,0,728000,-1219652,-491652
2016/03/16,0,1588000,-154211,1433789
2016/03/17,0,1336000,-727000,609000
2016/03/18,0,344198,-329566,14632
2016/03/21,0,364000,-206000,158000
2016/03/22,0,1430000,-684000,746000
2016/03/23,0,1622000,-384000,1238000
2016/03/24,0,835000,-99000,736000
2016/03/25,0,710000,-118000,592000
2016/03/28,0,694000,-146000,548000
2016/03/29,0,1767000,-542000,1225000
2016/03/30,0,1050000,-871000,179000
2016/03/31,0,695000,-218000,477000
2016/04/01,0,765000,-999000,-234000
2016/04/04,0,0,0,0
2016/04/05,0,0,0,0
2016/04/06,0,1297000,-579000,718000
2016/04/07,0,601000,-1175000,-574000
2016/04/08,0,143300,-524000,-380700
2016/04/11,0,474000,-156000,318000
2016/04/12,0,640000,-487000,153000
2016/04/13,0,668766,-303000,365766
2016/04/14,0,495000,-163000,332000
2016/04/15,0,595000,-193000,402000
2016/04/18,0,389000,-235000,154000
2016/04/19,0,236000,-294000,-58000
2016/04/20,0,809831,-314000,495831
2016/04/21,0,1369000,-369000,1000000
2016/04/22,0,1085000,-412000,673000
2016/04/25,0,245000,-202000,43000
2016/04/26,0,856000,-170316,685684
2016/04/27,0,186000,-123900,62100
2016/04/28,0,619471,-437000,182471
2016/04/29,0,585000,-327000,258000
2016/05/02,0,0,0,0
2016/05/03,0,285000,-376000,-91000
2016/05/04,0,561000,-927000,-366000
2016/05/05,0,310000,-336106,-26106
2016/05/06,0,314000,-621000,-307000
2016/05/09,0,349000,-547000,-198000
2016/05/10,0,138000,-236000,-98000
2016/05/11,0,188000,-280000,-92000
2016/05/12,0,129000,-167000,-38000
2016/05/13,0,524000,-656000,-132000
2016/05/16,0,1055000,-282000,773000
2016/05/17,0,605000,-340000,265000
2016/05/18,0,434000,-213619,220381
2016/05/19,0,207000,-542300,-335300
2016/05/20,0,1099000,-327726,771274
2016/05/23,0,673000,-575000,98000
2016/05/24,0,1844000,-257000,1587000
2016/05/25,0,842000,-366530,475470
2016/05/26,0,792000,-352687,439313
2016/05/27,0,493000,-520000,-27000
2016/05/30,0,307000,-163000,144000
2016/05/31,0,639000,-632000,7000
2016/06/01,0,2785000,-562000,2223000
2016/06/02,0,1475000,-372000,1103000
2016/06/03,0,897000,-714000,183000
2016/06/06,0,1191000,-1021292,169708
2016/06/07,0,857000,-1152302,-295302
2016/06/08,0,302000,-473000,-171000
2016/06/09,0,0,0,0
2016/06/10,0,0,0,0
2016/06/13,0,345000,-242000,103000
2016/06/14,0,467000,-275000,192000
2016/06/15,0,376000,-451000,-75000
2016/06/16,0,194000,-996000,-802000
2016/06/17,0,780000,-634146,145854
2016/06/20,0,401000,-494846,-93846
2016/06/21,0,400000,-240163,159837
2016/06/22,0,439836,-663000,-223164
2016/06/23,0,377000,-135000,242000
2016/06/24,0,311000,-574000,-263000
2016/06/27,0,274000,-729000,-455000
2016/06/28,0,279000,-288000,-9000
2016/06/29,0,670000,-442000,228000
2016/06/30,0,599000,-776959,-177959
2016/07/01,0,90000,-880000,-790000
2016/07/04,0,280000,-599700,-319700
2016/07/05,0,120000,-390000,-270000
2016/07/06,0,132000,-303000,-171000
2016/07/07,0,287000,-955000,-668000
2016/07/08,0,0,0,0
2016/07/11,0,600000,-680000,-80000
2016/07/12,0,419000,-430000,-11000
2016/07/13,0,127000,-638000,-511000
2016/07/14,0,136000,-962000,-826000
2016/07/15,0,489000,-1046348,-557348
2016/07/18,0,199000,-654000,-455000
2016/07/19,0,608000,-694000,-86000
2016/07/20,0,710000,-992000,-282000
2016/07/21,0,2361000,-188000,2173000
2016/07/22,0,415000,-388000,27000
2016/07/25,0,607000,-313000,294000
2016/07/26,0,317000,-346000,-29000
2016/07/27,0,410000,-342000,68000
2016/07/28,0,388000,-111000,277000
2016/07/29,0,500000,-297000,203000
2016/08/01,0,299000,-214000,85000
2016/08/02,0,181000,-190000,-9000
2016/08/03,0,1094000,-497005,596995
2016/08/04,0,202000,-81000,121000
2016/08/05,0,69000,-71000,-2000
2016/08/08,0,108000,-207000,-99000
2016/08/09,0,529000,-381000,148000
2016/08/10,0,537000,-384895,152105
2016/08/11,0,460000,-440000,20000
2016/08/12,0,316000,-296000,20000
2016/08/15,0,565000,-178000,387000
2016/08/16,0,70000,-435000,-365000
2016/08/17,0,288369,-297000,-8631
2016/08/18,0,747000,-617000,130000
2016/08/19,0,113000,-831145,-718145
2016/08/22,0,72000,-662100,-590100
2016/08/23,0,59000,-580100,-521100
2016/08/24,0,166000,-375100,-209100
2016/08/25,0,212000,-252100,-40100
2016/08/26,0,235000,-434725,-199725
2016/08/29,0,118000,-461100,-343100
2016/08/30,0,139000,-843105,-704105
2016/08/31,0,193000,-441725,-248725
2016/09/01,0,250052,-214100,35952
2016/09/02,0,367000,-547100,-180100
2016/09/05,0,236000,-459986,-223986
2016/09/06,0,541000,-83000,458000
2016/09/07,0,499000,-249000,250000
2016/09/08,0,478000,-219000,259000
2016/09/09,0,111000,-288000,-177000
2016/09/12,0,22000,-207000,-185000
2016/09/13,0,294000,-372000,-78000
2016/09/14,0,289794,-356000,-66206
2016/09/15,0,0,0,0
2016/09/16,0,0,0,0
2016/09/19,0,256000,-307548,-51548
2016/09/20,0,262000,-167000,95000
2016/09/21,0,412000,-517000,-105000
2016/09/22,0,79000,-143000,-64000
2016/09/23,0,356000,-262000,94000
2016/09/26,0,251000,-309000,-58000
2016/09/27,0,0,0,0
2016/09/28,0,0,0,0
2016/09/29,0,333000,-537000,-204000
2016/09/30,0,628000,-1048000,-420000
2016/10/03,0,196841,-520000,-323159
2016/10/04,0,230000,-112319,117681
2016/10/05,0,535000,-312000,223000
2016/10/06,0,457000,-346000,111000
2016/10/07,0,104000,-149000,-45000
2016/10/10,0,0,0,0
2016/10/11,0,1195000,-337000,858000
2016/10/12,0,1590007,-989000,601007
2016/10/13,0,330500,-967000,-636500
2016/10/14,0,270000,-451000,-181000
2016/10/17,0,346000,-276000,70000
2016/10/18,0,290500,-368000,-77500
2016/10/19,0,149130,-492000,-342870
2016/10/20,0,103000,-236000,-133000
2016/10/21,0,273000,-539000,-266000
2016/10/24,0,166000,-158000,8000
2016/10/25,0,77000,-308000,-231000
2016/10/26,0,270000,-394000,-124000
2016/10/27,0,233000,-246000,-13000
2016/10/28,0,188000,-165000,23000
2016/10/31,0,130000,-281000,-151000
2016/11/01,0,310000,-1082682,-772682
2016/11/02,0,239000,-284000,-45000
2016/11/03,0,441000,-236000,205000
2016/11/04,0,481000,-455000,26000
2016/11/07,0,296000,-416000,-120000
2016/11/08,0,225000,-625000,-400000
2016/11/09,0,708000,-906000,-198000
2016/11/10,0,169000,-382000,-213000
2016/11/11,0,304000,-575000,-271000
2016/11/14,0,28000,-246000,-218000
2016/11/15,0,208000,-575000,-367000
2016/11/16,0,160000,-681000,-521000
2016/11/17,0,155000,-485130,-330130
2016/11/18,0,320000,-519000,-199000
2016/11/21,0,176000,-227000,-51000
2016/11/22,0,391000,-633000,-242000
2016/11/23,0,775000,-224000,551000
2016/11/24,0,776000,-21000,755000
2016/11/25,0,572000,-69000,503000
2016/11/28,0,1357000,-2000,1355000
2016/11/29,0,1141005,-49307,1091698
2016/11/30,0,2241000,-367000,1874000
2016/12/01,0,2104920,-253000,1851920
2016/12/02,0,1487000,-564940,922060
2016/12/05,0,1516000,-548612,967388
2016/12/06,0,1447957,-248224,1199733
2016/12/07,0,1881000,-738000,1143000
2016/12/08,0,992000,-77000,915000
2016/12/09,0,919000,-207293,711707
2016/12/12,0,1063876,-136000,927876
2016/12/13,0,1752000,-309000,1443000
2016/12/14,0,999000,-282067,716933
2016/12/15,0,912000,-163000,749000
2016/12/16,0,1591000,-297878,1293122
2016/12/19,0,1710000,-149000,1561000
2016/12/20,0,329000,-607344,-278344
2016/12/21,0,1012000,-142000,870000
2016/12/22,0,636000,-340000,296000
2016/12/23,0,409000,-83000,326000
2016/12/26,0,471000,-219000,252000
2016/12/27,0,87000,-75000,12000
2016/12/28,0,575000,-314000,261000
2016/12/29,0,494000,-511495,-17495
2016/12/30,0,463000,-29000,434000
2017/01/02,0,0,0,0
2017/01/03,0,318000,-228060,89940
2017/01/04,0,774000,-453000,321000
2017/01/05,0,554000,-452000,102000
2017/01/06,0,176000,-342000,-166000
2017/01/09,0,385000,-394000,-9000
2017/01/10,0,990000,-428000,562000
2017/01/11,0,2286272,-847000,1439272
2017/01/12,0,926000,-738000,188000
2017/01/13,0,680000,-657000,23000
2017/01/16,0,217000,-774000,-557000
2017/01/17,0,600765,-274000,326765
2017/01/18,0,969990,-332533,637457
2017/01/19,0,475000,-426718,48282
2017/01/20,0,155000,-538000,-383000
2017/01/23,0,212000,-238000,-26000
2017/01/24,0,1290964,-431000,859964
2017/01/25,0,0,0,0
2017/01/26,0,0,0,0
2017/01/27,0,0,0,0
2017/01/30,0,0,0,0
2017/01/31,0,0,0,0
2017/02/01,0,0,0,0
2017/02/02,0,2016122,-767000,1249122
2017/02/03,0,284000,-1383000,-1099000
2017/02/06,0,413000,-791000,-378000
2017/02/07,0,294000,-219000,75000
2017/02/08,0,465000,-684000,-219000
2017/02/09,0,314000,-562000,-248000
2017/02/10,0,251964,-421000,-169036
2017/02/13,0,1513000,-546000,967000
2017/02/14,0,1122964,-490021,632943
2017/02/15,0,1727000,-610000,1117000
2017/02/16,0,1563964,-642000,921964
2017/02/17,0,243000,-788000,-545000
2017/02/20,0,467000,-62000,405000
2017/02/21,0,246000,-142000,104000
2017/02/22,0,594946,-451636,143310
2017/02/23,0,648000,-711000,-63000
2017/02/24,0,807000,-652000,155000
2017/02/27,0,0,0,0
2017/02/28,0,0,0,0
2017/03/01,0,660000,-193000,467000
2017/03/02,0,706000,-710000,-4000
2017/03/03,0,1006363,-371000,635363
2017/03/06,0,1788000,-722771,1065229
2017/03/07,0,408000,-586709,-178709
2017/03/08,0,511000,-275000,236000
2017/03/09,0,480916,-716000,-235084
2017/03/10,0,462636,-777303,-314667
2017/03/13,0,423000,-556371,-133371
2017/03/14,0,1670000,-904090,765910
2017/03/15,0,318000,-364000,-46000
2017/03/16,0,536000,-540000,-4000
2017/03/17,0,1437328,-784709,652619
2017/03/20,0,240000,-985629,-745629
2017/03/21,0,749916,-786671,-36755
2017/03/22,0,203000,-614388,-411388
2017/03/23,0,110349,-291000,-180651
2017/03/24,0,204916,-834000,-629084
2017/03/27,0,189000,-811575,-622575
2017/03/28,0,729000,-746846,-17846
2017/03/29,0,114000,-632253,-518253
2017/03/30,0,145000,-684318,-539318
2017/03/31,0,344000,-196319,147681
2017/04/03,0,0,0,0
2017/04/04,0,0,0,0
2017/04/05,0,722832,-1279429,-556597
2017/04/06,0,62000,-587000,-525000
2017/04/07,0,436000,-629798,-193798
2017/04/10,0,691000,-1057936,-366936
2017/04/11,0,320581,-932145,-611564
2017/04/12,0,517000,-997269,-480269
2017/04/13,0,201133,-101000,100133
2017/04/14,0,103000,-91000,12000
2017/04/17,0,221000,-146000,75000
2017/04/18,0,514000,-947000,-433000
2017/04/19,0,194000,-769634,-575634
