Date,Open,Buy,Sell,Total
2007/01/02,0,570000,-7000,563000
2007/01/03,0,800000,-118355,681645
2007/01/04,0,0,0,0
2007/01/05,0,0,-57615,-57615
2007/01/08,0,0,0,0
2007/01/09,0,0,-123000,-123000
2007/01/10,0,0,-9000,-9000
2007/01/11,0,3000,0,3000
2007/01/12,0,18000,-17000,1000
2007/01/15,0,0,0,0
2007/01/16,0,1000,0,1000
2007/01/17,0,1000,0,1000
2007/01/18,0,0,0,0
2007/01/19,0,0,-3000,-3000
2007/01/22,0,16000,-1000,15000
2007/01/23,0,150000,-100000,50000
2007/01/24,0,8000,-205000,-197000
2007/01/25,0,10000,-485000,-475000
2007/01/26,0,0,-100000,-100000
2007/01/29,0,0,0,0
2007/01/30,0,30000,0,30000
2007/01/31,0,0,0,0
2007/02/01,0,0,0,0
2007/02/02,0,0,0,0
2007/02/05,0,21000,0,21000
2007/02/06,0,24000,-450000,-426000
2007/02/07,0,0,-450000,-450000
2007/02/08,0,3000,0,3000
2007/02/09,0,0,0,0
2007/02/12,0,0,-420000,-420000
2007/02/13,0,0,0,0
2007/02/14,0,0,-34000,-34000
2007/02/15,0,0,0,0
2007/02/16,0,0,0,0
2007/02/19,0,0,0,0
2007/02/20,0,0,0,0
2007/02/21,0,0,0,0
2007/02/22,0,0,0,0
2007/02/23,0,0,0,0
2007/02/26,0,0,-150000,-150000
2007/02/27,0,0,-900000,-900000
2007/02/28,0,0,0,0
2007/03/01,0,0,0,0
2007/03/02,0,0,0,0
2007/03/05,0,0,-3000,-3000
2007/03/06,0,0,-8000,-8000
2007/03/07,0,0,-8000,-8000
2007/03/08,0,0,0,0
2007/03/09,0,0,0,0
2007/03/12,0,0,-1000,-1000
2007/03/13,0,0,0,0
2007/03/14,0,0,-8000,-8000
2007/03/15,0,0,0,0
2007/03/16,0,0,0,0
2007/03/19,0,0,0,0
2007/03/20,0,0,-6000,-6000
2007/03/21,0,0,-1000,-1000
2007/03/22,0,0,0,0
2007/03/23,0,0,0,0
2007/03/26,0,1000,0,1000
2007/03/27,0,0,0,0
2007/03/28,0,0,0,0
2007/03/29,0,0,0,0
2007/03/30,0,0,-886000,-886000
2007/04/02,0,100000,-12000,88000
2007/04/03,0,0,0,0
2007/04/04,0,0,0,0
2007/04/05,0,0,0,0
2007/04/06,0,0,0,0
2007/04/09,0,0,-1000,-1000
2007/04/10,0,0,0,0
2007/04/11,0,0,0,0
2007/04/12,0,0,-3000,-3000
2007/04/13,0,0,-1000,-1000
2007/04/16,0,0,-9000,-9000
2007/04/17,0,0,0,0
2007/04/18,0,0,0,0
2007/04/19,0,0,0,0
2007/04/20,0,4000,0,4000
2007/04/23,0,0,0,0
2007/04/24,0,9000,-11000,-2000
2007/04/25,0,0,-100000,-100000
2007/04/26,0,0,0,0
2007/04/27,0,0,0,0
2007/04/30,0,0,0,0
2007/05/01,0,0,0,0
2007/05/02,0,0,0,0
2007/05/03,0,0,0,0
2007/05/04,0,0,0,0
2007/05/07,0,0,0,0
2007/05/08,0,0,-2000,-2000
2007/05/09,0,0,0,0
2007/05/10,0,0,-4000,-4000
2007/05/11,0,0,-1000,-1000
2007/05/14,0,0,0,0
2007/05/15,0,10000,0,10000
2007/05/16,0,0,-6000,-6000
2007/05/17,0,0,-1000,-1000
2007/05/18,0,0,0,0
2007/05/21,0,0,0,0
2007/05/22,0,3000,0,3000
2007/05/23,0,0,0,0
2007/05/24,0,0,0,0
2007/05/25,0,0,0,0
2007/05/28,0,0,0,0
2007/05/29,0,2000,0,2000
2007/05/30,0,0,-60000,-60000
2007/05/31,0,0,-39000,-39000
2007/06/01,0,0,0,0
2007/06/04,0,2000,0,2000
2007/06/05,0,0,-9000,-9000
2007/06/06,0,1000,0,1000
2007/06/07,0,0,0,0
2007/06/08,0,0,0,0
2007/06/11,0,0,-5000,-5000
2007/06/12,0,0,0,0
2007/06/13,0,0,-3000,-3000
2007/06/14,0,73000,-2000,71000
2007/06/15,0,0,-1000,-1000
2007/06/18,0,0,0,0
2007/06/19,0,0,0,0
2007/06/20,0,0,-1000,-1000
2007/06/21,0,0,0,0
2007/06/22,0,0,0,0
2007/06/25,0,8000,0,8000
2007/06/26,0,0,0,0
2007/06/27,0,0,0,0
2007/06/28,0,0,0,0
2007/06/29,0,1000,0,1000
2007/07/02,0,0,0,0
2007/07/03,0,0,-1000,-1000
2007/07/04,0,0,0,0
2007/07/05,0,2000,-20000,-18000
2007/07/06,0,0,0,0
2007/07/09,0,1000,-2000,-1000
2007/07/10,0,1000,0,1000
2007/07/11,0,0,0,0
2007/07/12,0,0,0,0
2007/07/13,0,0,0,0
2007/07/16,0,0,0,0
2007/07/17,0,0,-4000,-4000
2007/07/18,0,5000,0,5000
2007/07/19,0,1000,0,1000
2007/07/20,0,1000,0,1000
2007/07/23,0,1000,0,1000
2007/07/24,0,0,0,0
2007/07/25,0,0,0,0
2007/07/26,0,1000,0,1000
2007/07/27,0,1000,0,1000
2007/07/30,0,0,0,0
2007/07/31,0,0,0,0
2007/08/01,0,0,0,0
2007/08/02,0,36000,0,36000
2007/08/03,0,1000,0,1000
2007/08/06,0,3000,0,3000
2007/08/07,0,4000,0,4000
2007/08/08,0,2000,0,2000
2007/08/09,0,0,0,0
2007/08/10,0,8000,-26000,-18000
2007/08/13,0,3000,0,3000
2007/08/14,0,180000,0,180000
2007/08/15,0,0,0,0
2007/08/16,0,6000,-6000,0
2007/08/17,0,2000,0,2000
2007/08/20,0,3000,0,3000
2007/08/21,0,0,0,0
2007/08/22,0,0,0,0
2007/08/23,0,0,0,0
2007/08/24,0,0,-2000,-2000
2007/08/27,0,4000,0,4000
2007/08/28,0,0,0,0
2007/08/29,0,0,0,0
2007/08/30,0,0,0,0
2007/08/31,0,2000,-7000,-5000
2007/09/03,0,0,0,0
2007/09/04,0,3000,0,3000
2007/09/05,0,0,0,0
2007/09/06,0,0,0,0
2007/09/07,0,0,-6000,-6000
2007/09/10,0,2000,-1000,1000
2007/09/11,0,0,0,0
2007/09/12,0,0,0,0
2007/09/13,0,0,0,0
2007/09/14,0,0,0,0
2007/09/17,0,0,0,0
2007/09/18,0,0,0,0
2007/09/19,0,0,0,0
2007/09/20,0,0,0,0
2007/09/21,0,3000,0,3000
2007/09/24,0,0,0,0
2007/09/25,0,0,0,0
2007/09/26,0,1000,0,1000
2007/09/27,0,1000,-5000,-4000
2007/09/28,0,0,0,0
2007/10/01,0,0,0,0
2007/10/02,0,40000,0,40000
2007/10/03,0,0,-1000,-1000
2007/10/04,0,0,0,0
2007/10/05,0,0,0,0
2007/10/08,0,0,-4000,-4000
2007/10/09,0,0,-25000,-25000
2007/10/10,0,0,0,0
2007/10/11,0,0,0,0
2007/10/12,0,0,0,0
2007/10/15,0,1000,-3000,-2000
2007/10/16,0,0,0,0
2007/10/17,0,0,0,0
2007/10/18,0,0,0,0
2007/10/19,0,0,-15000,-15000
2007/10/22,0,0,0,0
2007/10/23,0,1000,0,1000
2007/10/24,0,0,0,0
2007/10/25,0,0,0,0
2007/10/26,0,0,0,0
2007/10/29,0,0,0,0
2007/10/30,0,2000,-4000,-2000
2007/10/31,0,0,0,0
2007/11/01,0,0,0,0
2007/11/02,0,3000,0,3000
2007/11/05,0,10000,-48000,-38000
2007/11/06,0,1000,0,1000
2007/11/07,0,0,0,0
2007/11/08,0,1000,0,1000
2007/11/09,0,1000,0,1000
2007/11/12,0,2000,0,2000
2007/11/13,0,2000,0,2000
2007/11/14,0,1000,0,1000
2007/11/15,0,0,0,0
2007/11/16,0,0,0,0
2007/11/19,0,0,-52000,-52000
2007/11/20,0,0,0,0
2007/11/21,0,0,0,0
2007/11/22,0,0,0,0
2007/11/23,0,0,0,0
2007/11/26,0,0,0,0
2007/11/27,0,0,0,0
2007/11/28,0,0,0,0
2007/11/29,0,0,0,0
2007/11/30,0,0,0,0
2007/12/03,0,0,0,0
2007/12/04,0,0,-65175,-65175
2007/12/05,0,0,0,0
2007/12/06,0,0,0,0
2007/12/07,0,0,0,0
2007/12/10,0,0,0,0
2007/12/11,0,0,0,0
2007/12/12,0,0,0,0
2007/12/13,0,0,0,0
2007/12/14,0,575000,0,575000
2007/12/17,0,575000,0,575000
2007/12/18,0,810000,0,810000
2007/12/19,0,0,0,0
2007/12/20,0,0,-33000,-33000
2007/12/21,0,0,-79000,-79000
2007/12/24,0,21000,-34000,-13000
2007/12/25,0,0,-97000,-97000
2007/12/26,0,0,0,0
2007/12/27,0,0,-13000,-13000
2007/12/28,0,0,-16000,-16000
2007/12/31,0,279000,0,279000
2008/01/01,0,0,0,0
2008/01/02,0,0,0,0
2008/01/03,0,0,0,0
2008/01/04,0,0,-2071,-2071
2008/01/07,0,106000,0,106000
2008/01/08,0,0,0,0
2008/01/09,0,15000,-2000,13000
2008/01/10,0,8000,-280,7720
2008/01/11,0,0,-2000,-2000
2008/01/14,0,0,0,0
2008/01/15,0,0,0,0
2008/01/16,0,0,0,0
2008/01/17,0,10000,-869000,-859000
2008/01/18,0,0,-1166000,-1166000
2008/01/21,0,0,-191883,-191883
2008/01/22,0,0,0,0
2008/01/23,0,0,0,0
2008/01/24,0,0,0,0
2008/01/25,0,0,0,0
2008/01/28,0,0,0,0
2008/01/29,0,0,0,0
2008/01/30,0,0,0,0
2008/01/31,0,0,0,0
2008/02/01,0,0,0,0
2008/02/04,0,0,0,0
2008/02/05,0,0,0,0
2008/02/06,0,0,0,0
2008/02/07,0,0,0,0
2008/02/08,0,0,0,0
2008/02/11,0,0,0,0
2008/02/12,0,0,0,0
2008/02/13,0,0,0,0
2008/02/14,0,0,0,0
2008/02/15,0,0,0,0
2008/02/18,0,120000,0,120000
2008/02/19,0,49000,-41000,8000
2008/02/20,0,0,0,0
2008/02/21,0,0,0,0
2008/02/22,0,0,0,0
2008/02/25,0,0,0,0
2008/02/26,0,0,-32000,-32000
2008/02/27,0,0,-485,-485
2008/02/28,0,0,0,0
2008/02/29,0,0,-1000,-1000
2008/03/03,0,0,0,0
2008/03/04,0,0,0,0
2008/03/05,0,385000,0,385000
2008/03/06,0,1983000,0,1983000
2008/03/07,0,995000,-1000,994000
2008/03/10,0,666000,-206000,460000
2008/03/11,0,95000,0,95000
2008/03/12,0,0,0,0
2008/03/13,0,2571000,-37000,2534000
2008/03/14,0,0,0,0
2008/03/17,0,627000,0,627000
2008/03/18,0,10000,0,10000
2008/03/19,0,311000,-139000,172000
2008/03/20,0,0,-13000,-13000
2008/03/21,0,642000,0,642000
2008/03/24,0,669000,-13000,656000
2008/03/25,0,5088000,-15000,5073000
2008/03/26,0,1166000,-13000,1153000
2008/03/27,0,935000,0,935000
2008/03/28,0,399000,-25000,374000
2008/03/31,0,312000,0,312000
2008/04/01,0,2966000,-10000,2956000
2008/04/02,0,362000,0,362000
2008/04/03,0,0,0,0
2008/04/04,0,0,0,0
2008/04/07,0,984000,0,984000
2008/04/08,0,1000,0,1000
2008/04/09,0,0,0,0
2008/04/10,0,1000,0,1000
2008/04/11,0,0,0,0
2008/04/14,0,0,-1000,-1000
2008/04/15,0,0,0,0
2008/04/16,0,500000,0,500000
2008/04/17,0,0,0,0
2008/04/18,0,0,-4000,-4000
2008/04/21,0,0,0,0
2008/04/22,0,501000,0,501000
2008/04/23,0,1000,0,1000
2008/04/24,0,1000,0,1000
2008/04/25,0,1000,0,1000
2008/04/28,0,105000,-212000,-107000
2008/04/29,0,1081000,0,1081000
2008/04/30,0,5000,0,5000
2008/05/01,0,0,0,0
2008/05/02,0,9000,0,9000
2008/05/05,0,0,-234000,-234000
2008/05/06,0,2000,0,2000
2008/05/07,0,12000,-2000,10000
2008/05/08,0,8000,0,8000
2008/05/09,0,1083000,0,1083000
2008/05/12,0,392000,0,392000
2008/05/13,0,8000,-15000,-7000
2008/05/14,0,16000,0,16000
2008/05/15,0,16000,0,16000
2008/05/16,0,0,0,0
2008/05/19,0,17000,0,17000
2008/05/20,0,0,-1000,-1000
2008/05/21,0,0,-325,-325
2008/05/22,0,2000,0,2000
2008/05/23,0,0,0,0
2008/05/26,0,3000,0,3000
2008/05/27,0,0,-1000,-1000
2008/05/28,0,1000,0,1000
2008/05/29,0,1000,-150000,-149000
2008/05/30,0,1000,-501000,-500000
2008/06/02,0,2000,0,2000
2008/06/03,0,455000,0,455000
2008/06/04,0,4000,0,4000
2008/06/05,0,2000,0,2000
2008/06/06,0,3000,-20000,-17000
2008/06/09,0,3000,0,3000
2008/06/10,0,0,0,0
2008/06/11,0,8000,0,8000
2008/06/12,0,12000,0,12000
2008/06/13,0,14000,0,14000
2008/06/16,0,0,-318000,-318000
2008/06/17,0,5000,-573000,-568000
2008/06/18,0,0,-295000,-295000
2008/06/19,0,0,-296900,-296900
2008/06/20,0,0,-5000,-5000
2008/06/23,0,338000,0,338000
2008/06/24,0,4000,0,4000
2008/06/25,0,210000,-3000,207000
2008/06/26,0,0,0,0
2008/06/27,0,3000,0,3000
2008/06/30,0,730000,0,730000
2008/07/01,0,9000,0,9000
2008/07/02,0,0,-4000,-4000
2008/07/03,0,7000,0,7000
2008/07/04,0,19000,0,19000
2008/07/07,0,16000,0,16000
2008/07/08,0,0,0,0
2008/07/09,0,0,-8000,-8000
2008/07/10,0,0,0,0
2008/07/11,0,9000,-4000,5000
2008/07/14,0,1000,-100000,-99000
2008/07/15,0,7000,-200000,-193000
2008/07/16,0,9000,-297000,-288000
2008/07/17,0,7000,-3503000,-3496000
2008/07/18,0,0,-1073000,-1073000
2008/07/21,0,3000,-1054000,-1051000
2008/07/22,0,18000,-883000,-865000
2008/07/23,0,4000,-1838000,-1834000
2008/07/24,0,1000,-913045,-912045
2008/07/25,0,0,-17000,-17000
2008/07/28,0,0,0,0
2008/07/29,0,8000,-12000,-4000
2008/07/30,0,7000,-177000,-170000
2008/07/31,0,4000,-5000,-1000
2008/08/01,0,5000,-3000,2000
2008/08/04,0,3000,-2000,1000
2008/08/05,0,0,-2000,-2000
2008/08/06,0,7000,-1000,6000
2008/08/07,0,0,-927,-927
2008/08/08,0,12000,0,12000
2008/08/11,0,66000,0,66000
2008/08/12,0,89000,-16000,73000
2008/08/13,0,0,-327000,-327000
2008/08/14,0,0,0,0
2008/08/15,0,0,0,0
2008/08/18,0,3000,0,3000
2008/08/19,0,0,-10000,-10000
2008/08/20,0,1000,-4000,-3000
2008/08/21,0,10000,0,10000
2008/08/22,0,3000,0,3000
2008/08/25,0,3000,-38000,-35000
2008/08/26,0,0,-6000,-6000
2008/08/27,0,0,0,0
2008/08/28,0,0,0,0
2008/08/29,0,16000,0,16000
2008/09/01,0,1000,0,1000
2008/09/02,0,9000,0,9000
2008/09/03,0,20000,0,20000
2008/09/04,0,23000,0,23000
2008/09/05,0,14000,0,14000
2008/09/08,0,34000,0,34000
2008/09/09,0,23000,0,23000
2008/09/10,0,17000,0,17000
2008/09/11,0,0,0,0
2008/09/12,0,0,0,0
2008/09/15,0,0,0,0
2008/09/16,0,2000,-8000,-6000
2008/09/17,0,0,-185000,-185000
2008/09/18,0,6000,-29000,-23000
2008/09/19,0,0,-982000,-982000
2008/09/22,0,0,-2121000,-2121000
2008/09/23,0,0,-2000,-2000
2008/09/24,0,0,-7000,-7000
2008/09/25,0,0,-7000,-7000
2008/09/26,0,3000,0,3000
2008/09/29,0,0,0,0
2008/09/30,0,3000,0,3000
2008/10/01,0,3000,-3000,0
2008/10/02,0,0,-50,-50
2008/10/03,0,0,-3000,-3000
2008/10/06,0,1504000,-6000,1498000
2008/10/07,0,500000,-8000,492000
2008/10/08,0,0,-3000,-3000
2008/10/09,0,8000,-8000,0
2008/10/10,0,0,0,0
2008/10/13,0,100000,0,100000
2008/10/14,0,0,0,0
2008/10/15,0,113000,-250000,-137000
2008/10/16,0,18000,-48000,-30000
2008/10/17,0,0,-359000,-359000
2008/10/20,0,0,0,0
2008/10/21,0,200000,-250000,-50000
2008/10/22,0,0,0,0
2008/10/23,0,0,-6000,-6000
2008/10/24,0,0,-7000,-7000
2008/10/27,0,0,-65000,-65000
2008/10/28,0,557000,-42000,515000
2008/10/29,0,0,-8000,-8000
2008/10/30,0,14000,-3000,11000
2008/10/31,0,23000,0,23000
2008/11/03,0,277000,0,277000
2008/11/04,0,6000,0,6000
2008/11/05,0,8000,0,8000
2008/11/06,0,2000,-2000,0
2008/11/07,0,0,0,0
2008/11/10,0,563000,0,563000
2008/11/11,0,5000,0,5000
2008/11/12,0,2000,0,2000
2008/11/13,0,0,-500000,-500000
2008/11/14,0,2000,-57000,-55000
2008/11/17,0,5000,0,5000
2008/11/18,0,0,-160000,-160000
2008/11/19,0,0,0,0
2008/11/20,0,1000,-600000,-599000
2008/11/21,0,48000,0,48000
2008/11/24,0,14000,0,14000
2008/11/25,0,4000,-35627,-31627
2008/11/26,0,2000,-4000,-2000
2008/11/27,0,67000,0,67000
2008/11/28,0,0,0,0
2008/12/01,0,25000,0,25000
2008/12/02,0,0,-431000,-431000
2008/12/03,0,46000,-449000,-403000
2008/12/04,0,404000,-400000,4000
2008/12/05,0,0,-300000,-300000
2008/12/08,0,7000,0,7000
2008/12/09,0,54000,-304000,-250000
2008/12/10,0,296000,0,296000
2008/12/11,0,183000,-296000,-113000
2008/12/12,0,0,-37000,-37000
2008/12/15,0,0,-532000,-532000
2008/12/16,0,200000,-74000,126000
2008/12/17,0,4000,-614284,-610284
2008/12/18,0,12000,0,12000
2008/12/19,0,0,-832000,-832000
2008/12/22,0,644000,-600000,44000
2008/12/23,0,402000,-460000,-58000
2008/12/24,0,109000,-60000,49000
2008/12/25,0,3000,-60000,-57000
2008/12/26,0,0,-3000,-3000
2008/12/29,0,102000,0,102000
2008/12/30,0,0,0,0
2008/12/31,0,0,0,0
2009/01/01,0,0,0,0
2009/01/02,0,0,0,0
2009/01/05,0,0,0,0
2009/01/06,0,0,-559000,-559000
2009/01/07,0,0,0,0
2009/01/08,0,0,0,0
2009/01/09,0,9000,0,9000
2009/01/12,0,8000,-310000,-302000
2009/01/13,0,3000,-625000,-622000
2009/01/14,0,0,0,0
2009/01/15,0,0,-48000,-48000
2009/01/16,0,7000,-173000,-166000
2009/01/19,0,0,-6000,-6000
2009/01/20,0,0,0,0
2009/01/21,0,0,-2000,-2000
2009/01/22,0,0,0,0
2009/01/23,0,0,0,0
2009/01/26,0,0,0,0
2009/01/27,0,0,0,0
2009/01/28,0,0,0,0
2009/01/29,0,0,0,0
2009/01/30,0,0,0,0
2009/02/02,0,0,0,0
2009/02/03,0,0,-378000,-378000
2009/02/04,0,0,0,0
2009/02/05,0,0,-103000,-103000
2009/02/06,0,0,-454000,-454000
2009/02/09,0,0,-531000,-531000
2009/02/10,0,0,-220000,-220000
2009/02/11,0,0,-310000,-310000
2009/02/12,0,0,-1500000,-1500000
2009/02/13,0,0,-1305000,-1305000
2009/02/16,0,639000,-1250000,-611000
2009/02/17,0,277000,-107000,170000
2009/02/18,0,1346000,-100000,1246000
2009/02/19,0,0,0,0
2009/02/20,0,0,0,0
2009/02/23,0,2800000,0,2800000
2009/02/24,0,2760000,0,2760000
2009/02/25,0,4100000,-150000,3950000
2009/02/26,0,5346000,-400000,4946000
2009/02/27,0,1027000,0,1027000
2009/03/02,0,3100000,-1000,3099000
2009/03/03,0,1269000,0,1269000
2009/03/04,0,3270000,0,3270000
2009/03/05,0,2387000,0,2387000
2009/03/06,0,240000,-15000,225000
2009/03/09,0,3625000,0,3625000
2009/03/10,0,250000,0,250000
2009/03/11,0,650000,0,650000
2009/03/12,0,0,-1082000,-1082000
2009/03/13,0,0,-402000,-402000
2009/03/16,0,0,-1814000,-1814000
2009/03/17,0,0,-2000,-2000
2009/03/18,0,575000,-4000,571000
2009/03/19,0,755000,-41000,714000
2009/03/20,0,0,-2096000,-2096000
2009/03/23,0,0,-5739000,-5739000
2009/03/24,0,250000,-94000,156000
2009/03/25,0,0,-500000,-500000
2009/03/26,0,0,-3814000,-3814000
2009/03/27,0,0,-5553000,-5553000
2009/03/30,0,0,-2002000,-2002000
2009/03/31,0,0,-1619000,-1619000
2009/04/01,0,0,0,0
2009/04/02,0,315000,-4000,311000
2009/04/03,0,9992000,-2000,9990000
2009/04/06,0,4000000,0,4000000
2009/04/07,0,2255000,0,2255000
2009/04/08,0,5400000,-1000,5399000
2009/04/09,0,7646000,-1000,7645000
2009/04/10,0,1300000,0,1300000
2009/04/13,0,430000,-2000,428000
2009/04/14,0,500000,-86000,414000
2009/04/15,0,800000,-753000,47000
2009/04/16,0,0,-4000,-4000
2009/04/17,0,1500000,-72000,1428000
2009/04/20,0,1000000,-3150000,-2150000
2009/04/21,0,0,-5317000,-5317000
2009/04/22,0,2000000,-15000,1985000
2009/04/23,0,0,-2801000,-2801000
2009/04/24,0,0,-15000,-15000
2009/04/27,0,0,0,0
2009/04/28,0,1001000,-331000,670000
2009/04/29,0,1417000,0,1417000
2009/04/30,0,569000,0,569000
2009/05/01,0,0,0,0
2009/05/04,0,2527000,0,2527000
2009/05/05,0,4137000,-2320000,1817000
2009/05/06,0,200000,-4000,196000
2009/05/07,0,1200000,-6000,1194000
2009/05/08,0,0,-1000,-1000
2009/05/11,0,1082000,-22000,1060000
2009/05/12,0,20000,-1000,19000
2009/05/13,0,0,-1025000,-1025000
2009/05/14,0,50000,-919000,-869000
2009/05/15,0,4000,0,4000
2009/05/18,0,0,-177000,-177000
2009/05/19,0,1000,-4130000,-4129000
2009/05/20,0,0,-5001000,-5001000
2009/05/21,0,0,-500000,-500000
2009/05/22,0,0,-4002000,-4002000
2009/05/25,0,200000,-177000,23000
2009/05/26,0,20000,-637000,-617000
2009/05/27,0,10000,-15000,-5000
2009/05/28,0,0,0,0
2009/05/29,0,0,0,0
2009/06/01,0,14000,-60000,-46000
2009/06/02,0,0,-71000,-71000
2009/06/03,0,0,-100000,-100000
2009/06/04,0,0,-465000,-465000
2009/06/05,0,0,-1060000,-1060000
2009/06/08,0,0,-66000,-66000
2009/06/09,0,0,-1013000,-1013000
2009/06/10,0,0,-9000,-9000
2009/06/11,0,0,-145000,-145000
2009/06/12,0,0,0,0
2009/06/15,0,4000,0,4000
2009/06/16,0,5000,0,5000
2009/06/17,0,4000,0,4000
2009/06/18,0,4000,-479000,-475000
2009/06/19,0,0,0,0
2009/06/22,0,3000,0,3000
2009/06/23,0,0,-4000,-4000
2009/06/24,0,2000,0,2000
2009/06/25,0,0,0,0
2009/06/26,0,200000,0,200000
2009/06/29,0,2608000,0,2608000
2009/06/30,0,2031000,-200000,1831000
2009/07/01,0,993000,0,993000
2009/07/02,0,5930000,0,5930000
2009/07/03,0,7417000,-1903000,5514000
2009/07/06,0,3502000,-1201000,2301000
2009/07/07,0,6543000,0,6543000
2009/07/08,0,950000,-1000,949000
2009/07/09,0,250000,0,250000
2009/07/10,0,1537000,-2000,1535000
2009/07/13,0,2000000,-750000,1250000
2009/07/14,0,250000,-1011000,-761000
2009/07/15,0,200000,0,200000
2009/07/16,0,750000,-2000,748000
2009/07/17,0,500000,-9000,491000
2009/07/20,0,1770000,-2152000,-382000
2009/07/21,0,3640000,-804000,2836000
2009/07/22,0,1524000,-2000,1522000
2009/07/23,0,0,-2000,-2000
2009/07/24,0,0,-902000,-902000
2009/07/27,0,5800000,-512000,5288000
2009/07/28,0,8352000,-20000,8332000
2009/07/29,0,4369000,0,4369000
2009/07/30,0,1282000,-3000,1279000
2009/07/31,0,3011000,-63000,2948000
2009/08/03,0,0,0,0
2009/08/04,0,347000,-6000,341000
2009/08/05,0,0,-78000,-78000
2009/08/06,0,0,0,0
2009/08/07,0,0,0,0
2009/08/10,0,4000,-467000,-463000
2009/08/11,0,2000,-3826000,-3824000
2009/08/12,0,0,-1734000,-1734000
2009/08/13,0,180000,-500000,-320000
2009/08/14,0,0,-2544000,-2544000
2009/08/17,0,666000,-1000,665000
2009/08/18,0,2000,-120000,-118000
2009/08/19,0,52000,-867000,-815000
2009/08/20,0,4852000,-860000,3992000
2009/08/21,0,3050000,-606000,2444000
2009/08/24,0,192000,0,192000
2009/08/25,0,0,-4322000,-4322000
2009/08/26,0,0,-1208000,-1208000
2009/08/27,0,703000,-2555000,-1852000
2009/08/28,0,300000,-200000,100000
2009/08/31,0,0,0,0
2009/09/01,0,0,-700000,-700000
2009/09/02,0,0,-2000000,-2000000
2009/09/03,0,419000,-2002000,-1583000
2009/09/04,0,1197000,-236000,961000
2009/09/07,0,169000,-2000,167000
2009/09/08,0,0,0,0
2009/09/09,0,1000,0,1000
2009/09/10,0,136000,0,136000
2009/09/11,0,0,0,0
2009/09/14,0,0,-1090000,-1090000
2009/09/15,0,0,-800000,-800000
2009/09/16,0,26000,-230000,-204000
2009/09/17,0,847000,-4600000,-3753000
2009/09/18,0,0,-3000,-3000
2009/09/21,0,550000,-2944000,-2394000
2009/09/22,0,0,-3253000,-3253000
2009/09/23,0,0,-1283000,-1283000
2009/09/24,0,3015000,-4816000,-1801000
2009/09/25,0,0,0,0
2009/09/28,0,1100000,-150000,950000
2009/09/29,0,4255000,0,4255000
2009/09/30,0,2349000,0,2349000
2009/10/01,0,0,-3166000,-3166000
2009/10/02,0,1497000,-34000,1463000
2009/10/05,0,1755000,-162000,1593000
2009/10/06,0,2285000,-1928000,357000
2009/10/07,0,1700000,0,1700000
2009/10/08,0,5743000,0,5743000
2009/10/09,0,14037000,-1404000,12633000
2009/10/12,0,2453000,0,2453000
2009/10/13,0,772000,0,772000
2009/10/14,0,2583000,-52000,2531000
2009/10/15,0,4165000,-707000,3458000
2009/10/16,0,1019000,-804000,215000
2009/10/19,0,1598000,-300000,1298000
2009/10/20,0,500000,-774000,-274000
2009/10/21,0,360000,-83000,277000
2009/10/22,0,61000,-347000,-286000
2009/10/23,0,2038000,0,2038000
2009/10/26,0,2725000,0,2725000
2009/10/27,0,79000,0,79000
2009/10/28,0,100000,-221000,-121000
2009/10/29,0,501000,0,501000
2009/10/30,0,355000,-350000,5000
2009/11/02,0,222000,-970000,-748000
2009/11/03,0,232000,0,232000
2009/11/04,0,1000,0,1000
2009/11/05,0,2000,-300000,-298000
2009/11/06,0,716000,-200000,516000
2009/11/09,0,1026000,-225000,801000
2009/11/10,0,0,-44000,-44000
2009/11/11,0,0,0,0
2009/11/12,0,400000,-812000,-412000
2009/11/13,0,0,-1170000,-1170000
2009/11/16,0,0,-350000,-350000
2009/11/17,0,0,-381000,-381000
2009/11/18,0,0,-3000,-3000
2009/11/19,0,0,-1907000,-1907000
2009/11/20,0,0,-3092000,-3092000
2009/11/23,0,0,-3006000,-3006000
2009/11/24,0,400000,-1100000,-700000
2009/11/25,0,200000,-1818000,-1618000
2009/11/26,0,0,-950000,-950000
2009/11/27,0,400000,-250000,150000
2009/11/30,0,300000,-3921000,-3621000
2009/12/01,0,0,-1755000,-1755000
2009/12/02,0,0,-2350000,-2350000
2009/12/03,0,0,-350000,-350000
2009/12/04,0,0,-732000,-732000
2009/12/07,0,0,-116000,-116000
2009/12/08,0,0,-1295000,-1295000
2009/12/09,0,221000,-1674000,-1453000
2009/12/10,0,0,-4000,-4000
2009/12/11,0,86000,0,86000
2009/12/14,0,0,-4000,-4000
2009/12/15,0,0,-420000,-420000
2009/12/16,0,180000,-1005000,-825000
2009/12/17,0,0,-850000,-850000
2009/12/18,0,300000,-3890000,-3590000
2009/12/21,0,0,-4301000,-4301000
2009/12/22,0,2250000,-3254000,-1004000
2009/12/23,0,2100000,-3220000,-1120000
2009/12/24,0,100000,-550000,-450000
2009/12/25,0,0,-3002000,-3002000
2009/12/28,0,0,-1530000,-1530000
2009/12/29,0,1000000,-306000,694000
2009/12/30,0,0,-30000,-30000
2009/12/31,0,0,-1250000,-1250000
2010/01/01,0,0,0,0
2010/01/04,0,2000,-1620000,-1618000
2010/01/05,0,0,-1854000,-1854000
2010/01/06,0,0,-4352000,-4352000
2010/01/07,0,0,-1000,-1000
2010/01/08,0,0,-2826000,-2826000
2010/01/11,0,0,-1880000,-1880000
2010/01/12,0,0,-2238000,-2238000
2010/01/13,0,0,-1020000,-1020000
2010/01/14,0,0,-1335000,-1335000
2010/01/15,0,0,-1140000,-1140000
2010/01/18,0,0,-50000,-50000
2010/01/19,0,1000,-664000,-663000
2010/01/20,0,0,-1000,-1000
2010/01/21,0,0,0,0
2010/01/22,0,0,0,0
2010/01/25,0,0,-202000,-202000
2010/01/26,0,0,0,0
2010/01/27,0,504000,-250000,254000
2010/01/28,0,152000,-131000,21000
2010/01/29,0,1000,0,1000
2010/02/01,0,2000,0,2000
2010/02/02,0,350000,-459000,-109000
2010/02/03,0,3098000,-468000,2630000
2010/02/04,0,1911000,-377000,1534000
2010/02/05,0,391000,0,391000
2010/02/08,0,202000,0,202000
2010/02/09,0,401000,0,401000
2010/02/10,0,0,-110000,-110000
2010/02/11,0,0,0,0
2010/02/12,0,0,0,0
2010/02/15,0,0,0,0
2010/02/16,0,0,0,0
2010/02/17,0,0,0,0
2010/02/18,0,0,0,0
2010/02/19,0,0,0,0
2010/02/22,0,196000,0,196000
2010/02/23,0,201000,-222000,-21000
2010/02/24,0,1000,-444000,-443000
2010/02/25,0,0,-444000,-444000
2010/02/26,0,1000,-480000,-479000
2010/03/01,0,1633000,0,1633000
2010/03/02,0,4050000,0,4050000
2010/03/03,0,751000,0,751000
2010/03/04,0,444000,0,444000
2010/03/05,0,886000,-1000,885000
2010/03/08,0,0,0,0
2010/03/09,0,76000,0,76000
2010/03/10,0,0,-1000,-1000
2010/03/11,0,0,0,0
2010/03/12,0,381000,0,381000
2010/03/15,0,500000,0,500000
2010/03/16,0,0,0,0
2010/03/17,0,11000,-60000,-49000
2010/03/18,0,0,-3000,-3000
2010/03/19,0,200000,-4000,196000
2010/03/22,0,0,-3000,-3000
2010/03/23,0,1000,-4000,-3000
2010/03/24,0,0,0,0
2010/03/25,0,0,-603000,-603000
2010/03/26,0,235000,0,235000
2010/03/29,0,4000,-7000,-3000
2010/03/30,0,765000,0,765000
2010/03/31,0,350000,-3000,347000
2010/04/01,0,500000,0,500000
2010/04/02,0,200000,-3000,197000
2010/04/05,0,0,0,0
2010/04/06,0,0,-568000,-568000
2010/04/07,0,200000,-159000,41000
2010/04/08,0,0,-141000,-141000
2010/04/09,0,0,-52000,-52000
2010/04/12,0,100000,-1000,99000
2010/04/13,0,0,-3000,-3000
2010/04/14,0,178000,-1263000,-1085000
2010/04/15,0,0,-935000,-935000
2010/04/16,0,275000,-8000,267000
2010/04/19,0,862000,-212000,650000
2010/04/20,0,2000,-47000,-45000
2010/04/21,0,0,-596000,-596000
2010/04/22,0,0,-524000,-524000
2010/04/23,0,0,-200000,-200000
2010/04/26,0,0,-545000,-545000
2010/04/27,0,0,-3000,-3000
2010/04/28,0,0,-552000,-552000
2010/04/29,0,0,-300000,-300000
2010/04/30,0,0,-2000,-2000
2010/05/03,0,0,0,0
2010/05/04,0,0,-700000,-700000
2010/05/05,0,7000,-2000,5000
2010/05/06,0,0,-800000,-800000
2010/05/07,0,26000,-500000,-474000
2010/05/10,0,7000,-600000,-593000
2010/05/11,0,4000,-200000,-196000
2010/05/12,0,0,-453000,-453000
2010/05/13,0,3000,0,3000
2010/05/14,0,15000,0,15000
2010/05/17,0,0,-4000,-4000
2010/05/18,0,0,-400000,-400000
2010/05/19,0,0,-400000,-400000
2010/05/20,0,503000,0,503000
2010/05/21,0,150000,0,150000
2010/05/24,0,350000,-2000,348000
2010/05/25,0,550000,0,550000
2010/05/26,0,210000,0,210000
2010/05/27,0,376000,0,376000
2010/05/28,0,0,-2000,-2000
2010/05/31,0,0,-40000,-40000
2010/06/01,0,1000,0,1000
2010/06/02,0,0,0,0
2010/06/03,0,0,0,0
2010/06/04,0,1000,-1000000,-999000
2010/06/07,0,226000,-1000000,-774000
2010/06/08,0,81000,-775000,-694000
2010/06/09,0,0,-87000,-87000
2010/06/10,0,207000,0,207000
2010/06/11,0,0,0,0
2010/06/14,0,5000,-1000,4000
2010/06/15,0,500000,0,500000
2010/06/16,0,0,0,0
2010/06/17,0,850000,0,850000
2010/06/18,0,0,-2000,-2000
2010/06/21,0,0,-1500000,-1500000
2010/06/22,0,0,-2000,-2000
2010/06/23,0,0,-700000,-700000
2010/06/24,0,0,-691000,-691000
2010/06/25,0,5000,-1700000,-1695000
2010/06/28,0,0,-4000,-4000
2010/06/29,0,502000,-276000,226000
2010/06/30,0,0,-724000,-724000
2010/07/01,0,500000,-222000,278000
2010/07/02,0,0,0,0
2010/07/05,0,0,0,0
2010/07/06,0,1000,-650000,-649000
2010/07/07,0,0,0,0
2010/07/08,0,0,0,0
2010/07/09,0,0,0,0
2010/07/12,0,0,0,0
2010/07/13,0,0,0,0
2010/07/14,0,0,0,0
2010/07/15,0,0,-49000,-49000
2010/07/16,0,0,-1000,-1000
2010/07/19,0,0,-3000,-3000
2010/07/20,0,0,0,0
2010/07/21,0,0,0,0
2010/07/22,0,0,0,0
2010/07/23,0,100000,0,100000
2010/07/26,0,0,0,0
2010/07/27,0,0,-87000,-87000
2010/07/28,0,0,0,0
2010/07/29,0,0,0,0
2010/07/30,0,0,-12000,-12000
2010/08/02,0,0,-13000,-13000
2010/08/03,0,0,0,0
2010/08/04,0,0,-2000,-2000
2010/08/05,0,0,-2000,-2000
2010/08/06,0,0,-2000,-2000
2010/08/09,0,0,0,0
2010/08/10,0,1000,-500000,-499000
2010/08/11,0,0,0,0
2010/08/12,0,1000,-2000,-1000
2010/08/13,0,0,-1000,-1000
2010/08/16,0,0,-1000,-1000
2010/08/17,0,1000,0,1000
2010/08/18,0,0,-1000,-1000
2010/08/19,0,0,0,0
2010/08/20,0,0,0,0
2010/08/23,0,0,0,0
2010/08/24,0,380000,-1000,379000
2010/08/25,0,0,-1000,-1000
2010/08/26,0,0,-565000,-565000
2010/08/27,0,1000,-516000,-515000
2010/08/30,0,1000,-7000,-6000
2010/08/31,0,0,0,0
2010/09/01,0,0,-20000,-20000
2010/09/02,0,1000,-600000,-599000
2010/09/03,0,0,0,0
2010/09/06,0,0,0,0
2010/09/07,0,0,0,0
2010/09/08,0,0,-22000,-22000
2010/09/09,0,0,-1301000,-1301000
2010/09/10,0,0,0,0
2010/09/13,0,0,-30000,-30000
2010/09/14,0,281000,-1050000,-769000
2010/09/15,0,4230000,-1825000,2405000
2010/09/16,0,119000,-503000,-384000
2010/09/17,0,4564000,-2000,4562000
2010/09/20,0,200000,-1000,199000
2010/09/21,0,2404000,-1000,2403000
2010/09/22,0,0,0,0
2010/09/23,0,0,-301000,-301000
2010/09/24,0,1154000,-302000,852000
2010/09/27,0,0,-1000,-1000
2010/09/28,0,1121000,0,1121000
2010/09/29,0,450000,0,450000
2010/09/30,0,420000,-3000,417000
2010/10/01,0,200000,0,200000
2010/10/04,0,1672000,0,1672000
2010/10/05,0,1550000,0,1550000
2010/10/06,0,871000,-1000,870000
2010/10/07,0,600000,0,600000
2010/10/08,0,180000,-1011000,-831000
2010/10/11,0,100000,-2055000,-1955000
2010/10/12,0,100000,-1000,99000
2010/10/13,0,63000,0,63000
2010/10/14,0,103000,0,103000
2010/10/15,0,0,-3000,-3000
2010/10/18,0,500000,-1000,499000
2010/10/19,0,4000,-735000,-731000
2010/10/20,0,0,0,0
2010/10/21,0,0,-275000,-275000
2010/10/22,0,0,-1350000,-1350000
2010/10/25,0,0,0,0
2010/10/26,0,300000,-3369000,-3069000
2010/10/27,0,2000,-800000,-798000
2010/10/28,0,0,-600000,-600000
2010/10/29,0,0,-483000,-483000
2010/11/01,0,0,0,0
2010/11/02,0,0,-450000,-450000
2010/11/03,0,0,-357000,-357000
2010/11/04,0,200000,0,200000
2010/11/05,0,350000,0,350000
2010/11/08,0,640000,-37000,603000
2010/11/09,0,583000,0,583000
2010/11/10,0,0,-531000,-531000
2010/11/11,0,2000,-60000,-58000
2010/11/12,0,0,-54000,-54000
2010/11/15,0,0,0,0
2010/11/16,0,0,0,0
2010/11/17,0,1750000,-1500000,250000
2010/11/18,0,0,0,0
2010/11/19,0,770000,-50000,720000
2010/11/22,0,0,-922000,-922000
2010/11/23,0,0,-1000,-1000
2010/11/24,0,0,0,0
2010/11/25,0,0,-1000,-1000
2010/11/26,0,0,-200000,-200000
2010/11/29,0,0,-500000,-500000
2010/11/30,0,377000,-4121000,-3744000
2010/12/01,0,1384000,-1306000,78000
2010/12/02,0,894000,-5000,889000
2010/12/03,0,0,-173000,-173000
2010/12/06,0,0,-8000,-8000
2010/12/07,0,500000,-148000,352000
2010/12/08,0,500000,-3000,497000
2010/12/09,0,0,-1000,-1000
2010/12/10,0,500000,-200000,300000
2010/12/13,0,0,-51000,-51000
2010/12/14,0,367000,0,367000
2010/12/15,0,668000,0,668000
2010/12/16,0,0,-3000,-3000
2010/12/17,0,0,-202000,-202000
2010/12/20,0,486000,-2000,484000
2010/12/21,0,1000,0,1000
2010/12/22,0,1000,0,1000
2010/12/23,0,2250000,-314000,1936000
2010/12/24,0,0,0,0
2010/12/27,0,0,-132000,-132000
2010/12/28,0,0,-166000,-166000
2010/12/29,0,0,-180000,-180000
2010/12/30,0,0,-212000,-212000
2010/12/31,0,462000,-150000,312000
2011/01/03,0,0,-5950000,-5950000
2011/01/04,0,493000,-1600000,-1107000
2011/01/05,0,0,0,0
2011/01/06,0,0,-430000,-430000
2011/01/07,0,0,-360000,-360000
2011/01/10,0,0,-14000,-14000
2011/01/11,0,0,-1378000,-1378000
2011/01/12,0,0,-1180000,-1180000
2011/01/13,0,0,-345000,-345000
2011/01/14,0,42000,-100000,-58000
2011/01/17,0,51000,-1571000,-1520000
2011/01/18,0,23000,0,23000
2011/01/19,0,0,-570000,-570000
2011/01/20,0,0,-55000,-55000
2011/01/21,0,0,-56000,-56000
2011/01/24,0,0,-951000,-951000
2011/01/25,0,1000,-1483000,-1482000
2011/01/26,0,0,-2269000,-2269000
2011/01/27,0,0,-920000,-920000
2011/01/28,0,321000,-1733000,-1412000
2011/01/31,0,0,0,0
2011/02/01,0,0,0,0
2011/02/02,0,0,0,0
2011/02/03,0,0,0,0
2011/02/04,0,0,0,0
2011/02/07,0,0,0,0
2011/02/08,0,400000,0,400000
2011/02/09,0,300000,0,300000
2011/02/10,0,0,-1584000,-1584000
2011/02/11,0,4000,-800000,-796000
2011/02/14,0,1000,0,1000
2011/02/15,0,3000,-104000,-101000
2011/02/16,0,0,0,0
2011/02/17,0,0,-294000,-294000
2011/02/18,0,0,0,0
2011/02/21,0,0,-2000,-2000
2011/02/22,0,0,0,0
2011/02/23,0,0,-5000,-5000
2011/02/24,0,2000,0,2000
2011/02/25,0,1000,-4000,-3000
2011/02/28,0,0,0,0
2011/03/01,0,0,-250000,-250000
2011/03/02,0,0,-642000,-642000
2011/03/03,0,0,0,0
2011/03/04,0,0,0,0
2011/03/07,0,0,0,0
2011/03/08,0,11000,-316000,-305000
2011/03/09,0,11000,0,11000
2011/03/10,0,0,0,0
2011/03/11,0,0,0,0
2011/03/14,0,2000,0,2000
2011/03/15,0,1000,-72000,-71000
2011/03/16,0,0,-252000,-252000
2011/03/17,0,88000,0,88000
2011/03/18,0,10000,0,10000
2011/03/21,0,0,0,0
2011/03/22,0,10000,0,10000
2011/03/23,0,0,0,0
2011/03/24,0,0,0,0
2011/03/25,0,0,0,0
2011/03/28,0,0,0,0
2011/03/29,0,0,0,0
2011/03/30,0,9000,0,9000
2011/03/31,0,291000,-16000,275000
2011/04/01,0,0,0,0
2011/04/04,0,0,0,0
2011/04/05,0,0,0,0
2011/04/06,0,0,0,0
2011/04/07,0,161000,-194000,-33000
2011/04/08,0,0,0,0
2011/04/11,0,0,-55000,-55000
2011/04/12,0,0,-2000,-2000
2011/04/13,0,0,0,0
2011/04/14,0,168000,-15000,153000
2011/04/15,0,0,0,0
2011/04/18,0,0,0,0
2011/04/19,0,4000,0,4000
2011/04/20,0,0,0,0
2011/04/21,0,0,0,0
2011/04/22,0,2078000,0,2078000
2011/04/25,0,260000,-3000,257000
2011/04/26,0,0,-3000,-3000
2011/04/27,0,155000,0,155000
2011/04/28,0,588000,0,588000
2011/04/29,0,0,0,0
2011/05/02,0,0,0,0
2011/05/03,0,7000,0,7000
2011/05/04,0,7000,0,7000
2011/05/05,0,7000,0,7000
2011/05/06,0,9000,0,9000
2011/05/09,0,1000,-27000,-26000
2011/05/10,0,0,0,0
2011/05/11,0,0,0,0
2011/05/12,0,3000,-2000,1000
2011/05/13,0,0,-182000,-182000
2011/05/16,0,62000,0,62000
2011/05/17,0,0,0,0
2011/05/18,0,120000,0,120000
2011/05/19,0,81000,-261000,-180000
2011/05/20,0,0,0,0
2011/05/23,0,50000,-1000,49000
2011/05/24,0,3000,0,3000
2011/05/25,0,0,0,0
2011/05/26,0,0,0,0
2011/05/27,0,0,-1000,-1000
2011/05/30,0,1000,0,1000
2011/05/31,0,0,-874000,-874000
2011/06/01,0,150000,0,150000
2011/06/02,0,0,-863000,-863000
2011/06/03,0,0,0,0
2011/06/06,0,0,0,0
2011/06/07,0,0,0,0
2011/06/08,0,2000,-24000,-22000
2011/06/09,0,0,0,0
2011/06/10,0,0,0,0
2011/06/13,0,0,0,0
2011/06/14,0,12000,-200000,-188000
2011/06/15,0,94000,0,94000
2011/06/16,0,0,0,0
2011/06/17,0,10000,-8000,2000
2011/06/20,0,4000,-1000,3000
2011/06/21,0,5000,0,5000
2011/06/22,0,4000,0,4000
2011/06/23,0,3000,0,3000
2011/06/24,0,585000,0,585000
2011/06/27,0,664000,0,664000
2011/06/28,0,1557000,-1832000,-275000
2011/06/29,0,269000,-1286000,-1017000
2011/06/30,0,141000,-500000,-359000
2011/07/01,0,1000,-102000,-101000
2011/07/04,0,0,-80000,-80000
2011/07/05,0,2158000,-582000,1576000
2011/07/06,0,62000,-1000,61000
2011/07/07,0,923000,-500000,423000
2011/07/08,0,247000,-2000,245000
2011/07/11,0,0,0,0
2011/07/12,0,2000,-33000,-31000
2011/07/13,0,1218000,0,1218000
2011/07/14,0,550000,-138000,412000
2011/07/15,0,4000,0,4000
2011/07/18,0,501000,0,501000
2011/07/19,0,94000,0,94000
2011/07/20,0,53000,0,53000
2011/07/21,0,2751000,0,2751000
2011/07/22,0,0,-4000,-4000
2011/07/25,0,2320000,-4000,2316000
2011/07/26,0,570000,-800000,-230000
2011/07/27,0,782000,-3000,779000
2011/07/28,0,48000,-3004000,-2956000
2011/07/29,0,0,-400000,-400000
2011/08/01,0,2000,-100000,-98000
2011/08/02,0,0,-2000,-2000
2011/08/03,0,62000,0,62000
2011/08/04,0,1279000,0,1279000
2011/08/05,0,302000,0,302000
2011/08/08,0,225000,-106000,119000
2011/08/09,0,20000,0,20000
2011/08/10,0,969000,-100000,869000
2011/08/11,0,1216000,0,1216000
2011/08/12,0,1231000,-3000,1228000
2011/08/15,0,342000,0,342000
2011/08/16,0,346000,0,346000
2011/08/17,0,917000,-2766000,-1849000
2011/08/18,0,329000,-275000,54000
2011/08/19,0,1000,-2000,-1000
2011/08/22,0,704000,0,704000
2011/08/23,0,2000,0,2000
2011/08/24,0,0,0,0
2011/08/25,0,0,-1908000,-1908000
2011/08/26,0,555000,-1745000,-1190000
2011/08/29,0,3000,0,3000
2011/08/30,0,50000,-2177000,-2127000
2011/08/31,0,50000,-1000,49000
2011/09/01,0,0,-1000,-1000
2011/09/02,0,10000,-955000,-945000
2011/09/05,0,0,-1002000,-1002000
2011/09/06,0,0,0,0
2011/09/07,0,5000,-351000,-346000
2011/09/08,0,200000,0,200000
2011/09/09,0,104000,-4189000,-4085000
2011/09/12,0,0,0,0
2011/09/13,0,5000,-311589,-306589
2011/09/14,0,3000,-170000,-167000
2011/09/15,0,106000,-8000,98000
2011/09/16,0,338000,-1170000,-832000
2011/09/19,0,175000,-100,174900
2011/09/20,0,639000,0,639000
2011/09/21,0,1411080,0,1411080
2011/09/22,0,0,-1000,-1000
2011/09/23,0,3000,0,3000
2011/09/26,0,1010000,0,1010000
2011/09/27,0,79000,0,79000
2011/09/28,0,1330000,-2000,1328000
2011/09/29,0,3000,-304000,-301000
2011/09/30,0,251000,-1547000,-1296000
2011/10/03,0,0,-299000,-299000
2011/10/04,0,4000,-2783000,-2779000
2011/10/05,0,6000,-2432000,-2426000
2011/10/06,0,1362000,-923000,439000
2011/10/07,0,1000,0,1000
2011/10/10,0,0,0,0
2011/10/11,0,0,0,0
2011/10/12,0,0,0,0
2011/10/13,0,0,0,0
2011/10/14,0,6000,0,6000
2011/10/17,0,0,-1552,-1552
2011/10/18,0,10417,0,10417
2011/10/19,0,0,-250000,-250000
2011/10/20,0,0,0,0
2011/10/21,0,0,-1065000,-1065000
2011/10/24,0,3000,0,3000
2011/10/25,0,0,0,0
2011/10/26,0,501000,0,501000
2011/10/27,0,3000,0,3000
2011/10/28,0,503000,0,503000
2011/10/31,0,225000,-3000,222000
2011/11/01,0,1030000,-5000,1025000
2011/11/02,0,1433000,0,1433000
2011/11/03,0,51000,-1500000,-1449000
2011/11/04,0,619000,-1187000,-568000
2011/11/07,0,120000,0,120000
2011/11/08,0,74000,-1125000,-1051000
2011/11/09,0,0,0,0
2011/11/10,0,1000,-1636000,-1635000
2011/11/11,0,200000,-1000,199000
2011/11/14,0,335000,-9486,325514
2011/11/15,0,0,-1521000,-1521000
2011/11/16,0,0,-386000,-386000
2011/11/17,0,0,-2276000,-2276000
2011/11/18,0,2000,-625000,-623000
2011/11/21,0,4000,-170000,-166000
2011/11/22,0,1000,-863100,-862100
2011/11/23,0,7000,-835000,-828000
2011/11/24,0,99000,-1173000,-1074000
2011/11/25,0,18000,0,18000
2011/11/28,0,614000,0,614000
2011/11/29,0,2000,0,2000
2011/11/30,0,1000,-1000,0
2011/12/01,0,0,-9000,-9000
2011/12/02,0,1827000,0,1827000
2011/12/05,0,82000,-2000,80000
2011/12/06,0,0,0,0
2011/12/07,0,2000,0,2000
2011/12/08,0,114000,0,114000
2011/12/09,0,305540,-200000,105540
2011/12/12,0,0,-975000,-975000
2011/12/13,0,0,-380000,-380000
2011/12/14,0,0,-1000,-1000
2011/12/15,0,50000,-2000,48000
2011/12/16,0,1000,-4000,-3000
2011/12/19,0,3000,-100,2900
2011/12/20,0,662000,0,662000
2011/12/21,0,200000,-6000,194000
2011/12/22,0,502000,0,502000
2011/12/23,0,280000,-342000,-62000
2011/12/26,0,10000,0,10000
2011/12/27,0,4000,0,4000
2011/12/28,0,0,-2000,-2000
2011/12/29,0,0,0,0
2011/12/30,0,0,-3000,-3000
2012/01/02,0,4000,0,4000
2012/01/03,0,320000,-7000,313000
2012/01/04,0,510000,0,510000
2012/01/05,0,254000,-19285,234715
2012/01/06,0,0,-1000,-1000
2012/01/09,0,1084000,-805000,279000
2012/01/10,0,1263000,-501000,762000
2012/01/11,0,2005000,-503000,1502000
2012/01/12,0,0,-5000,-5000
2012/01/13,0,0,-1150000,-1150000
2012/01/16,0,640000,-653000,-13000
2012/01/17,0,0,0,0
2012/01/18,0,0,-5000,-5000
2012/01/19,0,0,0,0
2012/01/20,0,0,0,0
2012/01/23,0,0,0,0
2012/01/24,0,0,0,0
2012/01/25,0,0,0,0
2012/01/26,0,0,0,0
2012/01/27,0,0,0,0
2012/01/30,0,0,-8000,-8000
2012/01/31,0,150000,-1000,149000
2012/02/01,0,1000000,-4000,996000
2012/02/02,0,0,-3000,-3000
2012/02/03,0,2000000,-6000,1994000
2012/02/06,0,2530000,-7000,2523000
2012/02/07,0,1850000,0,1850000
2012/02/08,0,2030000,-2000,2028000
2012/02/09,0,347252,-3000,344252
2012/02/10,0,281000,-8000,273000
2012/02/13,0,370000,0,370000
2012/02/14,0,1797000,-810000,987000
2012/02/15,0,0,-405000,-405000
2012/02/16,0,500000,-702000,-202000
2012/02/17,0,5000,-400000,-395000
2012/02/20,0,0,-102000,-102000
2012/02/21,0,0,0,0
2012/02/22,0,0,0,0
2012/02/23,0,0,-2052000,-2052000
2012/02/24,0,0,-2721000,-2721000
2012/02/27,0,0,0,0
2012/02/28,0,0,0,0
2012/02/29,0,0,-789000,-789000
2012/03/01,0,800000,-537040,262960
2012/03/02,0,0,-311000,-311000
2012/03/05,0,186000,-277000,-91000
2012/03/06,0,0,-414000,-414000
2012/03/07,0,0,-150000,-150000
2012/03/08,0,395,-660000,-659605
2012/03/09,0,0,0,0
2012/03/12,0,0,-2244000,-2244000
2012/03/13,0,0,-2396000,-2396000
2012/03/14,0,1560000,0,1560000
2012/03/15,0,2388000,-633000,1755000
2012/03/16,0,1164000,-1011000,153000
2012/03/19,0,100,-801000,-800900
2012/03/20,0,1039000,-802000,237000
2012/03/21,0,530000,-930000,-400000
2012/03/22,0,800000,0,800000
2012/03/23,0,2044000,0,2044000
2012/03/26,0,1074000,-2000,1072000
2012/03/27,0,0,0,0
2012/03/28,0,0,0,0
2012/03/29,0,513000,0,513000
2012/03/30,0,0,-2000,-2000
2012/04/02,0,1053000,-1531000,-478000
2012/04/03,0,529000,-1610000,-1081000
2012/04/04,0,0,0,0
2012/04/05,0,9401,0,9401
2012/04/06,0,0,0,0
2012/04/09,0,1015000,-3000,1012000
2012/04/10,0,400000,0,400000
2012/04/11,0,0,0,0
2012/04/12,0,0,-1000,-1000
2012/04/13,0,400000,-1445000,-1045000
2012/04/16,0,425000,-305000,120000
2012/04/17,0,51000,-78000,-27000
2012/04/18,0,50000,0,50000
2012/04/19,0,0,0,0
2012/04/20,0,0,0,0
2012/04/23,0,1000,0,1000
2012/04/24,0,5000,-1377000,-1372000
2012/04/25,0,0,-1211000,-1211000
2012/04/26,0,100000,-1034000,-934000
2012/04/27,0,0,-1328000,-1328000
2012/04/30,0,0,-1337000,-1337000
2012/05/01,0,0,0,0
2012/05/02,0,15000,-1749000,-1734000
2012/05/03,0,350000,-1814,348186
2012/05/04,0,0,-2000,-2000
2012/05/07,0,0,0,0
2012/05/08,0,1477000,0,1477000
2012/05/09,0,3182000,0,3182000
2012/05/10,0,860000,0,860000
2012/05/11,0,0,0,0
2012/05/14,0,750000,0,750000
2012/05/15,0,761000,0,761000
2012/05/16,0,65000,0,65000
2012/05/17,0,0,0,0
2012/05/18,0,0,0,0
2012/05/21,0,0,0,0
2012/05/22,0,0,-500000,-500000
2012/05/23,0,25000,-452000,-427000
2012/05/24,0,0,-300000,-300000
2012/05/25,0,200000,-628000,-428000
2012/05/28,0,0,-128000,-128000
2012/05/29,0,136000,0,136000
2012/05/30,0,3752000,-16007,3735993
2012/05/31,0,606000,-1000,605000
2012/06/01,0,1006000,0,1006000
2012/06/04,0,1312000,0,1312000
2012/06/05,0,1321000,0,1321000
2012/06/06,0,0,-1000,-1000
2012/06/07,0,0,0,0
2012/06/08,0,35000,0,35000
2012/06/11,0,12000,0,12000
2012/06/12,0,42000,0,42000
2012/06/13,0,21000,-85000,-64000
2012/06/14,0,496000,-82000,414000
2012/06/15,0,0,-377000,-377000
2012/06/18,0,0,-250,-250
2012/06/19,0,58000,-800000,-742000
2012/06/20,0,0,0,0
2012/06/21,0,0,0,0
2012/06/22,0,0,0,0
2012/06/25,0,0,0,0
2012/06/26,0,282000,-15530,266470
2012/06/27,0,0,0,0
2012/06/28,0,0,-4000,-4000
2012/06/29,0,0,0,0
2012/07/02,0,0,-201000,-201000
2012/07/03,0,1000,-200000,-199000
2012/07/04,0,100000,-1635000,-1535000
2012/07/05,0,260000,-2584000,-2324000
2012/07/06,0,500000,-899000,-399000
2012/07/09,0,500000,-1018000,-518000
2012/07/10,0,200000,-200000,0
2012/07/11,0,281000,-979000,-698000
2012/07/12,0,1000000,0,1000000
2012/07/13,0,100000,0,100000
2012/07/16,0,830000,-63000,767000
2012/07/17,0,514000,-63000,451000
2012/07/18,0,0,0,0
2012/07/19,0,0,0,0
2012/07/20,0,0,-429000,-429000
2012/07/23,0,240000,-1886000,-1646000
2012/07/24,0,670000,0,670000
2012/07/25,0,27000,0,27000
2012/07/26,0,97000,0,97000
2012/07/27,0,488000,-114000,374000
2012/07/30,0,118000,0,118000
2012/07/31,0,0,-176000,-176000
2012/08/01,0,0,0,0
2012/08/02,0,0,0,0
2012/08/03,0,50000,0,50000
2012/08/06,0,41000,-1000,40000
2012/08/07,0,201000,-49000,152000
2012/08/08,0,0,-10000,-10000
2012/08/09,0,21000,-6000,15000
2012/08/10,0,727000,-4000,723000
2012/08/13,0,0,-118000,-118000
2012/08/14,0,0,-99000,-99000
2012/08/15,0,2000,-650000,-648000
2012/08/16,0,0,-1171000,-1171000
2012/08/17,0,8316,-263000,-254684
2012/08/20,0,0,-2000,-2000
2012/08/21,0,0,-1317000,-1317000
2012/08/22,0,0,-2000,-2000
2012/08/23,0,0,-326000,-326000
2012/08/24,0,0,0,0
2012/08/27,0,1000,-41000,-40000
2012/08/28,0,400000,-136000,264000
2012/08/29,0,350000,-3000,347000
2012/08/30,0,2171000,-2000,2169000
2012/08/31,0,1753500,-91000,1662500
2012/09/03,0,0,-2000,-2000
2012/09/04,0,0,-1469000,-1469000
2012/09/05,0,0,-1000,-1000
2012/09/06,0,1000,0,1000
2012/09/07,0,0,-1000,-1000
2012/09/10,0,0,0,0
2012/09/11,0,0,0,0
2012/09/12,0,1000,-500000,-499000
2012/09/13,0,0,0,0
2012/09/14,0,0,0,0
2012/09/17,0,0,0,0
2012/09/18,0,183000,0,183000
2012/09/19,0,345000,-1000,344000
2012/09/20,0,252000,0,252000
2012/09/21,0,253000,-51000,202000
2012/09/24,0,254000,0,254000
2012/09/25,0,249000,0,249000
2012/09/26,0,0,-1000,-1000
2012/09/27,0,657000,0,657000
2012/09/28,0,589000,0,589000
2012/10/01,0,934000,0,934000
2012/10/02,0,6000,-724000,-718000
2012/10/03,0,50000,0,50000
2012/10/04,0,0,0,0
2012/10/05,0,0,-2000,-2000
2012/10/08,0,0,-5000,-5000
2012/10/09,0,165000,0,165000
2012/10/10,0,0,0,0
2012/10/11,0,1890000,0,1890000
2012/10/12,0,18000,-2000,16000
2012/10/15,0,583000,0,583000
2012/10/16,0,0,0,0
2012/10/17,0,0,0,0
2012/10/18,0,0,-765000,-765000
2012/10/19,0,100000,-616000,-516000
2012/10/22,0,150000,-1088000,-938000
2012/10/23,0,0,-970000,-970000
2012/10/24,0,0,-515000,-515000
2012/10/25,0,0,0,0
2012/10/26,0,0,-56000,-56000
2012/10/29,0,0,-11146,-11146
2012/10/30,0,0,0,0
2012/10/31,0,0,0,0
2012/11/01,0,0,-357000,-357000
2012/11/02,0,1000,-58000,-57000
2012/11/05,0,0,0,0
2012/11/06,0,0,0,0
2012/11/07,0,0,-14000,-14000
2012/11/08,0,0,-65000,-65000
2012/11/09,0,0,0,0
2012/11/12,0,0,0,0
2012/11/13,0,1000,-692000,-691000
2012/11/14,0,1794000,-1360000,434000
2012/11/15,0,50000,-600000,-550000
2012/11/16,0,0,0,0
2012/11/19,0,0,0,0
2012/11/20,0,0,0,0
2012/11/21,0,69000,0,69000
2012/11/22,0,0,-2000,-2000
2012/11/23,0,0,0,0
2012/11/26,0,281000,0,281000
2012/11/27,0,0,0,0
2012/11/28,0,0,-52000,-52000
2012/11/29,0,0,-200000,-200000
2012/11/30,0,0,-1000,-1000
2012/12/03,0,0,0,0
2012/12/04,0,0,-201000,-201000
2012/12/05,0,0,0,0
2012/12/06,0,360000,0,360000
2012/12/07,0,0,0,0
2012/12/10,0,0,-7000,-7000
2012/12/11,0,0,0,0
2012/12/12,0,0,0,0
2012/12/13,0,0,-2000,-2000
2012/12/14,0,0,0,0
2012/12/17,0,0,0,0
2012/12/18,0,0,-272000,-272000
2012/12/19,0,250000,-125000,125000
2012/12/20,0,113000,-241000,-128000
2012/12/21,0,127000,-460000,-333000
2012/12/24,0,0,0,0
2012/12/25,0,0,0,0
2012/12/26,0,0,-175000,-175000
2012/12/27,0,0,-200000,-200000
2012/12/28,0,0,0,0
2012/12/31,0,0,0,0
2013/01/01,0,0,0,0
2013/01/02,0,0,-120000,-120000
2013/01/03,0,0,-3000,-3000
2013/01/04,0,110000,-2000,108000
2013/01/07,0,12000,-382000,-370000
2013/01/08,0,170000,-1000,169000
2013/01/09,0,170000,0,170000
2013/01/10,0,0,0,0
2013/01/11,0,4000,0,4000
2013/01/14,0,0,0,0
2013/01/15,0,1000,0,1000
2013/01/16,0,2000,-5000,-3000
2013/01/17,0,17424,-704000,-686576
2013/01/18,0,0,0,0
2013/01/21,0,0,-3000,-3000
2013/01/22,0,0,0,0
2013/01/23,0,0,-3000,-3000
2013/01/24,0,1000,-4000,-3000
2013/01/25,0,0,-2000,-2000
2013/01/28,0,0,0,0
2013/01/29,0,200000,0,200000
2013/01/30,0,0,0,0
2013/01/31,0,3000,-1000,2000
2013/02/01,0,0,0,0
2013/02/04,0,33000,0,33000
2013/02/05,0,29000,0,29000
2013/02/06,0,0,-9000,-9000
2013/02/07,0,0,0,0
2013/02/08,0,0,0,0
2013/02/11,0,0,0,0
2013/02/12,0,0,0,0
2013/02/13,0,0,0,0
2013/02/14,0,0,0,0
2013/02/15,0,0,0,0
2013/02/18,0,0,-200000,-200000
2013/02/19,0,600000,-3000,597000
2013/02/20,0,0,0,0
2013/02/21,0,0,-4000,-4000
2013/02/22,0,221000,-6000,215000
2013/02/25,0,0,0,0
2013/02/26,0,0,-1000,-1000
2013/02/27,0,0,0,0
2013/02/28,0,0,0,0
2013/03/01,0,0,0,0
2013/03/04,0,0,0,0
2013/03/05,0,0,0,0
2013/03/06,0,0,-6000,-6000
2013/03/07,0,0,0,0
2013/03/08,0,525000,-351000,174000
2013/03/11,0,1516000,-55000,1461000
2013/03/12,0,966000,-100000,866000
2013/03/13,0,0,-273000,-273000
2013/03/14,0,65000,-2000,63000
2013/03/15,0,67000,-4000,63000
2013/03/18,0,0,-5000,-5000
2013/03/19,0,130000,-1360000,-1230000
2013/03/20,0,150000,0,150000
2013/03/21,0,0,0,0
2013/03/22,0,180000,-1000,179000
2013/03/25,0,150000,0,150000
2013/03/26,0,250000,0,250000
2013/03/27,0,300000,-201000,99000
2013/03/28,0,0,0,0
2013/03/29,0,3000,0,3000
2013/04/01,0,0,-2000,-2000
2013/04/02,0,0,0,0
2013/04/03,0,0,0,0
2013/04/04,0,0,0,0
2013/04/05,0,0,0,0
2013/04/08,0,0,0,0
2013/04/09,0,0,0,0
2013/04/10,0,0,0,0
2013/04/11,0,0,0,0
2013/04/12,0,0,0,0
2013/04/15,0,0,-652000,-652000
2013/04/16,0,0,-201000,-201000
2013/04/17,0,32000,-351000,-319000
2013/04/18,0,300000,-422000,-122000
2013/04/19,0,150000,-1051495,-901495
2013/04/22,0,610000,-86000,524000
2013/04/23,0,0,-4000,-4000
2013/04/24,0,0,-197000,-197000
2013/04/25,0,40000,-378000,-338000
2013/04/26,0,776000,-24000,752000
2013/04/29,0,706000,-185000,521000
2013/04/30,0,25000,-200000,-175000
2013/05/01,0,0,0,0
2013/05/02,0,0,-86000,-86000
2013/05/03,0,0,-152000,-152000
2013/05/06,0,0,-49000,-49000
2013/05/07,0,50000,-861000,-811000
2013/05/08,0,0,-300000,-300000
2013/05/09,0,0,-301000,-301000
2013/05/10,0,0,-132000,-132000
2013/05/13,0,430000,-5000,425000
2013/05/14,0,14000,0,14000
2013/05/15,0,125000,0,125000
2013/05/16,0,0,0,0
2013/05/17,0,0,-330000,-330000
2013/05/20,0,0,-153000,-153000
2013/05/21,0,0,0,0
2013/05/22,0,0,-79000,-79000
2013/05/23,0,0,-1000,-1000
2013/05/24,0,0,-4000,-4000
2013/05/27,0,0,-1000,-1000
2013/05/28,0,0,0,0
2013/05/29,0,0,0,0
2013/05/30,0,1000,0,1000
2013/05/31,0,0,-80000,-80000
2013/06/03,0,0,0,0
2013/06/04,0,0,-7000,-7000
2013/06/05,0,0,0,0
2013/06/06,0,0,0,0
2013/06/07,0,40000,-7000,33000
2013/06/10,0,0,0,0
2013/06/11,0,0,-23000,-23000
2013/06/12,0,0,0,0
2013/06/13,0,0,-27000,-27000
2013/06/14,0,0,0,0
2013/06/17,0,0,-3000,-3000
2013/06/18,0,0,-1000,-1000
2013/06/19,0,0,0,0
2013/06/20,0,150000,-357000,-207000
2013/06/21,0,1000,0,1000
2013/06/24,0,566000,0,566000
2013/06/25,0,560000,0,560000
2013/06/26,0,0,-1000,-1000
2013/06/27,0,60000,-551000,-491000
2013/06/28,0,0,-392000,-392000
2013/07/01,0,0,-1000,-1000
2013/07/02,0,0,0,0
2013/07/03,0,0,-40000,-40000
2013/07/04,0,4000,-220000,-216000
2013/07/05,0,75000,-70000,5000
2013/07/08,0,90000,-230000,-140000
2013/07/09,0,0,-400000,-400000
2013/07/10,0,85000,-330000,-245000
2013/07/11,0,0,-255004,-255004
2013/07/12,0,0,-378000,-378000
2013/07/15,0,0,-363000,-363000
2013/07/16,0,0,-130000,-130000
2013/07/17,0,0,0,0
2013/07/18,0,1000,0,1000
2013/07/19,0,6000,0,6000
2013/07/22,0,0,0,0
2013/07/23,0,1000,-379000,-378000
2013/07/24,0,0,0,0
2013/07/25,0,0,0,0
2013/07/26,0,0,0,0
2013/07/29,0,0,0,0
2013/07/30,0,0,-14000,-14000
2013/07/31,0,0,0,0
2013/08/01,0,0,0,0
2013/08/02,0,0,0,0
2013/08/05,0,136000,-3000,133000
2013/08/06,0,0,0,0
2013/08/07,0,0,0,0
2013/08/08,0,0,0,0
2013/08/09,0,0,-50000,-50000
2013/08/12,0,0,0,0
2013/08/13,0,0,0,0
2013/08/14,0,0,0,0
2013/08/15,0,60000,-1000,59000
2013/08/16,0,0,-6000,-6000
2013/08/19,0,1000,0,1000
2013/08/20,0,0,0,0
2013/08/21,0,0,0,0
2013/08/22,0,1000,0,1000
2013/08/23,0,112000,0,112000
2013/08/26,0,3000,0,3000
2013/08/27,0,0,0,0
2013/08/28,0,2000,0,2000
2013/08/29,0,0,0,0
2013/08/30,0,2000,-111000,-109000
2013/09/02,0,0,0,0
2013/09/03,0,8782,0,8782
2013/09/04,0,0,0,0
2013/09/05,0,360000,-2000,358000
2013/09/06,0,24000,0,24000
2013/09/09,0,109000,-1500,107500
2013/09/10,0,1000,0,1000
2013/09/11,0,2000,0,2000
2013/09/12,0,11000,0,11000
2013/09/13,0,116000,-2000,114000
2013/09/16,0,0,0,0
2013/09/17,0,0,0,0
2013/09/18,0,3000,0,3000
2013/09/19,0,0,0,0
2013/09/20,0,0,0,0
2013/09/23,0,0,0,0
2013/09/24,0,0,0,0
2013/09/25,0,0,0,0
2013/09/26,0,1000,-150000,-149000
2013/09/27,0,306000,0,306000
2013/09/30,0,0,-1000,-1000
2013/10/01,0,0,0,0
2013/10/02,0,0,0,0
2013/10/03,0,1000,0,1000
2013/10/04,0,300000,0,300000
2013/10/07,0,0,-11000,-11000
2013/10/08,0,0,0,0
2013/10/09,0,0,0,0
2013/10/10,0,0,0,0
2013/10/11,0,0,0,0
2013/10/14,0,0,0,0
2013/10/15,0,0,0,0
2013/10/16,0,0,0,0
2013/10/17,0,1000,0,1000
2013/10/18,0,0,-1500,-1500
2013/10/21,0,0,0,0
2013/10/22,0,0,-6000,-6000
2013/10/23,0,0,-1000,-1000
2013/10/24,0,0,0,0
2013/10/25,0,0,0,0
2013/10/28,0,0,0,0
2013/10/29,0,0,0,0
2013/10/30,0,0,0,0
2013/10/31,0,0,-4000,-4000
2013/11/01,0,0,-1000,-1000
2013/11/04,0,0,0,0
2013/11/05,0,0,0,0
2013/11/06,0,0,0,0
2013/11/07,0,0,-13000,-13000
2013/11/08,0,0,0,0
2013/11/11,0,0,0,0
2013/11/12,0,0,0,0
2013/11/13,0,0,0,0
2013/11/14,0,0,0,0
2013/11/15,0,0,0,0
2013/11/18,0,0,0,0
2013/11/19,0,0,0,0
2013/11/20,0,0,0,0
2013/11/21,0,0,0,0
2013/11/22,0,0,-1000,-1000
2013/11/25,0,2130,0,2130
2013/11/26,0,0,-285000,-285000
2013/11/27,0,0,0,0
2013/11/28,0,0,-100000,-100000
2013/11/29,0,0,-315000,-315000
2013/12/02,0,0,0,0
2013/12/03,0,0,-32000,-32000
2013/12/04,0,0,-61000,-61000
2013/12/05,0,0,0,0
2013/12/06,0,180000,0,180000
2013/12/09,0,250000,0,250000
2013/12/10,0,0,0,0
2013/12/11,0,0,0,0
2013/12/12,0,0,0,0
2013/12/13,0,0,0,0
2013/12/16,0,0,0,0
2013/12/17,0,0,-1000,-1000
2013/12/18,0,0,0,0
2013/12/19,0,0,0,0
2013/12/20,0,0,-4000,-4000
2013/12/23,0,0,0,0
2013/12/24,0,0,-307000,-307000
2013/12/25,0,0,-6000,-6000
2013/12/26,0,0,0,0
2013/12/27,0,3000,-335000,-332000
2013/12/30,0,0,-53000,-53000
2013/12/31,0,0,-2000,-2000
2014/01/02,0,0,-54000,-54000
2014/01/03,0,0,-181000,-181000
2014/01/06,0,0,-1000,-1000
2014/01/07,0,0,-285000,-285000
2014/01/08,0,1000,0,1000
2014/01/09,0,0,0,0
2014/01/10,0,0,0,0
2014/01/13,0,0,0,0
2014/01/14,0,0,0,0
2014/01/15,0,2000,0,2000
2014/01/16,0,0,0,0
2014/01/17,0,0,-1000,-1000
2014/01/20,0,0,0,0
2014/01/21,0,0,-2000,-2000
2014/01/22,0,0,-1000,-1000
2014/01/23,0,0,0,0
2014/01/24,0,0,0,0
2014/01/27,0,0,-1000,-1000
2014/02/05,0,0,0,0
2014/02/06,0,200000,0,200000
2014/02/07,0,8000,0,8000
2014/02/10,0,0,0,0
2014/02/11,0,0,-1000,-1000
2014/02/12,0,570000,-166000,404000
2014/02/13,0,99,0,99
2014/02/14,0,0,0,0
2014/02/17,0,0,0,0
2014/02/18,0,0,0,0
2014/02/19,0,0,-36000,-36000
2014/02/20,0,0,-35000,-35000
2014/02/21,0,0,0,0
2014/02/24,0,0,-4000,-4000
2014/02/25,0,0,0,0
2014/02/26,0,0,0,0
2014/02/27,0,0,0,0
2014/03/03,0,0,0,0
2014/03/04,0,0,0,0
2014/03/05,0,0,0,0
2014/03/06,0,0,-1000,-1000
2014/03/07,0,0,-1000,-1000
2014/03/10,0,0,-2000,-2000
2014/03/11,0,0,-1000,-1000
2014/03/12,0,0,-1000,-1000
2014/03/13,0,0,-15000,-15000
2014/03/14,0,0,-2000,-2000
2014/03/17,0,0,-1000,-1000
2014/03/18,0,0,-20000,-20000
2014/03/19,0,0,-21280,-21280
2014/03/20,0,0,0,0
2014/03/21,0,0,-2000,-2000
2014/03/24,0,0,0,0
2014/03/25,0,0,0,0
2014/03/26,0,0,-365000,-365000
2014/03/27,0,0,-147000,-147000
2014/03/28,0,0,-117000,-117000
2014/03/31,0,0,0,0
2014/04/01,0,0,-10000,-10000
2014/04/02,0,0,0,0
2014/04/03,0,0,-18000,-18000
2014/04/07,0,0,-2000,-2000
2014/04/08,0,0,0,0
2014/04/09,0,0,0,0
2014/04/10,0,6615,0,6615
2014/04/11,0,0,0,0
2014/04/14,0,0,0,0
2014/04/15,0,0,0,0
2014/04/16,0,0,0,0
2014/04/17,0,0,0,0
2014/04/18,0,0,0,0
2014/04/21,0,0,-2000,-2000
2014/04/22,0,0,-1000,-1000
2014/04/23,0,0,0,0
2014/04/24,0,82000,0,82000
2014/04/25,0,0,0,0
2014/04/28,0,0,0,0
2014/04/29,0,0,0,0
2014/04/30,0,22000,-1000,21000
2014/05/02,0,0,0,0
2014/05/05,0,0,0,0
2014/05/06,0,0,0,0
2014/05/07,0,0,-251000,-251000
2014/05/08,0,0,-258000,-258000
2014/05/09,0,0,-1000,-1000
2014/05/12,0,0,0,0
2014/05/13,0,0,0,0
2014/05/14,0,0,0,0
2014/05/15,0,0,0,0
2014/05/16,0,0,-15000,-15000
2014/05/19,0,0,-2000,-2000
2014/05/20,0,0,0,0
2014/05/21,0,0,0,0
2014/05/22,0,0,0,0
2014/05/23,0,0,0,0
2014/05/26,0,50000,-1000,49000
2014/05/27,0,61000,-1000,60000
2014/05/28,0,0,-1000,-1000
2014/05/29,0,0,0,0
2014/05/30,0,0,-2000,-2000
2014/06/03,0,0,0,0
2014/06/04,0,0,0,0
2014/06/05,0,0,0,0
2014/06/06,0,2000,0,2000
2014/06/09,0,5000,-11000,-6000
2014/06/10,0,0,-3000,-3000
2014/06/11,0,0,-2000,-2000
2014/06/12,0,10000,-3000,7000
2014/06/13,0,0,-2000,-2000
2014/06/16,0,7000,-8000,-1000
2014/06/17,0,0,0,0
2014/06/18,0,0,-246000,-246000
2014/06/19,0,0,-320000,-320000
2014/06/20,0,0,-135000,-135000
2014/06/23,0,0,0,0
2014/06/24,0,1000,0,1000
2014/06/25,0,0,-1000,-1000
2014/06/26,0,0,0,0
2014/06/27,0,0,0,0
2014/06/30,0,20000,-1000,19000
2014/07/01,0,0,0,0
2014/07/02,0,0,-93,-93
2014/07/03,0,0,-330000,-330000
2014/07/04,0,0,0,0
2014/07/07,0,11000,0,11000
2014/07/08,0,0,-1000,-1000
2014/07/09,0,0,-3000,-3000
2014/07/10,0,0,-89000,-89000
2014/07/11,0,0,-125000,-125000
2014/07/14,0,0,0,0
2014/07/15,0,0,-1000,-1000
2014/07/16,0,0,0,0
2014/07/17,0,3000,0,3000
2014/07/18,0,0,0,0
2014/07/21,0,0,0,0
2014/07/22,0,3000,0,3000
2014/07/23,0,0,0,0
2014/07/24,0,1000,0,1000
2014/07/25,0,1000,-82000,-81000
2014/07/28,0,0,0,0
2014/07/29,0,1000,0,1000
2014/07/30,0,2000,0,2000
2014/07/31,0,10000,0,10000
2014/08/01,0,92000,0,92000
2014/08/04,0,0,0,0
2014/08/05,0,0,0,0
2014/08/06,0,1000,0,1000
2014/08/07,0,6000,-8000,-2000
2014/08/08,0,7000,0,7000
2014/08/11,0,3000,0,3000
2014/08/12,0,0,-1000,-1000
2014/08/13,0,1000,0,1000
2014/08/14,0,3000,0,3000
2014/08/15,0,1000,0,1000
2014/08/18,0,0,0,0
2014/08/19,0,1000,0,1000
2014/08/20,0,0,0,0
2014/08/21,0,52000,0,52000
2014/08/22,0,0,0,0
2014/08/25,0,0,0,0
2014/08/26,0,0,0,0
2014/08/27,0,1000,0,1000
2014/08/28,0,4000,-28000,-24000
2014/08/29,0,0,-1000,-1000
2014/09/01,0,0,0,0
2014/09/02,0,0,0,0
2014/09/03,0,2000,0,2000
2014/09/04,0,2000,0,2000
2014/09/05,0,3000,0,3000
2014/09/09,0,0,0,0
2014/09/10,0,0,0,0
2014/09/11,0,4000,0,4000
2014/09/12,0,4000,0,4000
2014/09/15,0,0,-14000,-14000
2014/09/16,0,0,-13000,-13000
2014/09/17,0,2000,0,2000
2014/09/18,0,0,0,0
2014/09/19,0,0,-88000,-88000
2014/09/22,0,3000,-1865,1135
2014/09/23,0,0,-6000,-6000
2014/09/24,0,0,0,0
2014/09/25,0,0,0,0
2014/09/26,0,85000,0,85000
2014/09/29,0,0,0,0
2014/09/30,0,5000,0,5000
2014/10/01,0,0,0,0
2014/10/02,0,1000,0,1000
2014/10/03,0,0,0,0
2014/10/06,0,1000,0,1000
2014/10/07,0,7000,0,7000
2014/10/08,0,1000,0,1000
2014/10/09,0,0,-86000,-86000
2014/10/13,0,0,0,0
2014/10/14,0,500,0,500
2014/10/15,0,0,0,0
2014/10/16,0,0,0,0
2014/10/17,0,88000,0,88000
2014/10/20,0,0,0,0
2014/10/21,0,6000,0,6000
2014/10/22,0,0,0,0
2014/10/23,0,9000,0,9000
2014/10/24,0,0,0,0
2014/10/27,0,0,0,0
2014/10/28,0,0,0,0
2014/10/29,0,2000,0,2000
2014/10/30,0,0,0,0
2014/10/31,0,0,0,0
2014/11/03,0,0,-2000,-2000
2014/11/04,0,0,0,0
2014/11/05,0,0,0,0
2014/11/06,0,0,0,0
2014/11/07,0,0,0,0
2014/11/10,0,0,0,0
2014/11/11,0,5000,0,5000
2014/11/12,0,2000,0,2000
2014/11/13,0,0,0,0
2014/11/14,0,0,0,0
2014/11/17,0,0,0,0
2014/11/18,0,0,0,0
2014/11/19,0,0,0,0
2014/11/20,0,0,0,0
2014/11/21,0,0,0,0
2014/11/24,0,0,0,0
2014/11/25,0,0,-1000,-1000
2014/11/26,0,0,0,0
2014/11/27,0,0,-1000,-1000
2014/11/28,0,0,0,0
2014/12/01,0,0,0,0
2014/12/02,0,0,0,0
2014/12/03,0,21000,0,21000
2014/12/04,0,0,0,0
2014/12/05,0,0,-184000,-184000
2014/12/08,0,0,-7000,-7000
2014/12/09,0,0,0,0
2014/12/10,0,0,0,0
2014/12/11,0,0,-1519,-1519
2014/12/12,0,0,-500000,-500000
2014/12/15,0,0,-107000,-107000
2014/12/16,0,0,-103000,-103000
2014/12/17,0,0,-18000,-18000
2014/12/18,0,0,0,0
2014/12/19,0,0,-524000,-524000
2014/12/22,0,0,-278000,-278000
2014/12/23,0,0,-206000,-206000
2014/12/24,0,0,0,0
2014/12/25,0,0,0,0
2014/12/26,0,0,-88000,-88000
2014/12/29,0,0,0,0
2014/12/30,0,0,0,0
2014/12/31,0,0,-1000,-1000
2015/01/01,0,0,0,0
2015/01/02,0,0,0,0
2015/01/05,0,0,0,0
2015/01/06,0,0,0,0
2015/01/07,0,0,-1000,-1000
2015/01/08,0,0,0,0
2015/01/09,0,0,0,0
2015/01/12,0,0,-130000,-130000
2015/01/13,0,0,-150000,-150000
2015/01/14,0,0,-150000,-150000
2015/01/15,0,0,-150000,-150000
2015/01/16,0,0,-150000,-150000
2015/01/19,0,0,-157000,-157000
2015/01/20,0,0,0,0
2015/01/21,0,0,0,0
2015/01/22,0,0,0,0
2015/01/23,0,0,0,0
2015/01/26,0,0,0,0
2015/01/27,0,0,0,0
2015/01/28,0,0,-150000,-150000
2015/01/29,0,0,-150000,-150000
2015/01/30,0,0,-1000,-1000
2015/02/02,0,0,0,0
2015/02/03,0,0,0,0
2015/02/04,0,0,0,0
2015/02/05,0,0,-20000,-20000
2015/02/06,0,0,0,0
2015/02/09,0,0,0,0
2015/02/10,0,0,0,0
2015/02/11,0,0,0,0
2015/02/12,0,0,0,0
2015/02/13,0,0,-1000,-1000
2015/02/16,0,0,0,0
2015/02/17,0,0,0,0
2015/02/18,0,0,0,0
2015/02/19,0,0,0,0
2015/02/20,0,0,0,0
2015/02/23,0,0,0,0
2015/02/24,0,0,0,0
2015/02/25,0,0,-12000,-12000
2015/02/26,0,0,0,0
2015/02/27,0,0,0,0
2015/03/02,0,0,0,0
2015/03/03,0,0,0,0
2015/03/04,0,4000,0,4000
2015/03/05,0,0,0,0
2015/03/06,0,0,0,0
2015/03/09,0,0,0,0
2015/03/10,0,0,0,0
2015/03/11,0,0,0,0
2015/03/12,0,1630,0,1630
2015/03/13,0,0,0,0
2015/03/16,0,0,-1000,-1000
2015/03/17,0,0,0,0
2015/03/18,0,0,0,0
2015/03/19,0,0,0,0
2015/03/20,0,0,-11000,-11000
2015/03/23,0,0,0,0
2015/03/24,0,0,0,0
2015/03/25,0,0,0,0
2015/03/26,0,0,0,0
2015/03/27,0,0,0,0
2015/03/30,0,0,0,0
2015/03/31,0,0,0,0
2015/04/01,0,0,0,0
2015/04/02,0,0,0,0
2015/04/03,0,0,0,0
2015/04/06,0,0,0,0
2015/04/07,0,0,-42000,-42000
2015/04/08,0,0,-42000,-42000
2015/04/09,0,0,-42000,-42000
2015/04/10,0,0,0,0
2015/04/13,0,0,0,0
2015/04/14,0,0,0,0
2015/04/15,0,0,-8000,-8000
2015/04/16,0,0,0,0
2015/04/17,0,0,0,0
2015/04/20,0,0,-2000,-2000
2015/04/21,0,0,0,0
2015/04/22,0,0,-168000,-168000
2015/04/23,0,0,-200000,-200000
2015/04/24,0,0,-129000,-129000
2015/04/27,0,0,0,0
2015/04/28,0,0,0,0
2015/04/29,0,0,-2000,-2000
2015/04/30,0,0,0,0
2015/05/01,0,0,0,0
2015/05/04,0,0,0,0
2015/05/05,0,0,0,0
2015/05/06,0,0,0,0
2015/05/07,0,0,0,0
2015/05/08,0,0,0,0
2015/05/11,0,0,0,0
2015/05/12,0,0,0,0
2015/05/13,0,0,0,0
2015/05/14,0,0,0,0
2015/05/15,0,0,0,0
2015/05/18,0,0,0,0
2015/05/19,0,0,0,0
2015/05/20,0,0,0,0
2015/05/21,0,0,0,0
2015/05/22,0,0,0,0
2015/05/25,0,0,0,0
2015/05/26,0,0,0,0
2015/05/27,0,0,0,0
2015/05/28,0,103000,0,103000
2015/05/29,0,0,0,0
2015/06/01,0,0,0,0
2015/06/02,0,0,0,0
2015/06/03,0,0,0,0
2015/06/04,0,0,-55,-55
2015/06/05,0,0,-1000,-1000
2015/06/08,0,0,0,0
2015/06/09,0,0,0,0
2015/06/10,0,0,0,0
2015/06/11,0,0,0,0
2015/06/12,0,76000,0,76000
2015/06/15,0,0,0,0
2015/06/16,0,0,0,0
2015/06/17,0,0,0,0
2015/06/18,0,0,-1000,-1000
2015/06/19,0,0,0,0
2015/06/22,0,25000,-3000,22000
2015/06/23,0,0,0,0
2015/06/24,0,0,0,0
2015/06/25,0,0,0,0
2015/06/26,0,0,0,0
2015/06/29,0,0,-1000,-1000
2015/06/30,0,0,0,0
2015/07/01,0,0,0,0
2015/07/02,0,0,0,0
2015/07/03,0,0,0,0
2015/07/06,0,0,0,0
2015/07/07,0,0,0,0
2015/07/08,0,0,0,0
2015/07/09,0,0,-1000,-1000
2015/07/10,0,0,0,0
2015/07/13,0,0,0,0
2015/07/14,0,96000,0,96000
2015/07/15,0,7000,0,7000
2015/07/16,0,0,0,0
2015/07/17,0,208000,0,208000
2015/07/20,0,0,0,0
2015/07/21,0,0,0,0
2015/07/22,0,0,0,0
2015/07/23,0,1000,0,1000
2015/07/24,0,36000,-76000,-40000
2015/07/27,0,0,0,0
2015/07/28,0,12000,0,12000
2015/07/29,0,1000,0,1000
2015/07/30,0,2000,0,2000
2015/07/31,0,77000,0,77000
2015/08/03,0,2000,0,2000
2015/08/04,0,0,0,0
2015/08/05,0,0,0,0
2015/08/06,0,3000,0,3000
2015/08/07,0,0,0,0
2015/08/10,0,0,0,0
2015/08/11,0,1000,-77000,-76000
2015/08/12,0,133000,0,133000
2015/08/13,0,0,0,0
2015/08/14,0,0,0,0
2015/08/17,0,1000,0,1000
2015/08/18,0,0,0,0
2015/08/19,0,0,0,0
2015/08/20,0,99000,0,99000
2015/08/21,0,0,0,0
2015/08/24,0,0,0,0
2015/08/25,0,3138,0,3138
2015/08/26,0,97000,0,97000
2015/08/27,0,0,0,0
2015/08/28,0,80000,-120000,-40000
2015/08/31,0,1000,-29000,-28000
2015/09/01,0,7000,-16000,-9000
2015/09/02,0,0,0,0
2015/09/03,0,5000,0,5000
2015/09/04,0,0,-1000,-1000
2015/09/07,0,4000,0,4000
2015/09/08,0,2000,0,2000
2015/09/09,0,0,0,0
2015/09/10,0,0,0,0
2015/09/11,0,2000,0,2000
2015/09/14,0,1000,-186000,-185000
2015/09/15,0,1000,0,1000
2015/09/16,0,0,0,0
2015/09/17,0,0,0,0
2015/09/18,0,0,-1000,-1000
2015/09/21,0,1000,-91000,-90000
2015/09/22,0,0,-476,-476
2015/09/23,0,0,0,0
2015/09/24,0,0,0,0
2015/09/25,0,0,0,0
2015/09/28,0,0,0,0
2015/09/29,0,0,0,0
2015/09/30,0,0,0,0
2015/10/01,0,1000,0,1000
2015/10/02,0,26000,0,26000
2015/10/05,0,0,0,0
2015/10/06,0,0,0,0
2015/10/07,0,1000,0,1000
2015/10/08,0,0,0,0
2015/10/09,0,0,0,0
2015/10/12,0,0,0,0
2015/10/13,0,0,0,0
2015/10/14,0,0,0,0
2015/10/15,0,0,0,0
2015/10/16,0,1000,0,1000
2015/10/19,0,0,0,0
2015/10/20,0,0,0,0
2015/10/21,0,0,0,0
2015/10/22,0,0,0,0
2015/10/23,0,0,0,0
2015/10/26,0,0,0,0
2015/10/27,0,0,0,0
2015/10/28,0,0,0,0
2015/10/29,0,0,0,0
2015/10/30,0,0,0,0
2015/11/02,0,0,0,0
2015/11/03,0,1000,0,1000
2015/11/04,0,33000,-1000,32000
2015/11/05,0,1000,0,1000
2015/11/06,0,0,0,0
2015/11/09,0,0,0,0
2015/11/10,0,0,0,0
2015/11/11,0,0,0,0
2015/11/12,0,0,0,0
2015/11/13,0,0,0,0
2015/11/16,0,0,0,0
2015/11/17,0,101000,0,101000
2015/11/18,0,0,0,0
2015/11/19,0,0,0,0
2015/11/20,0,0,-78000,-78000
2015/11/23,0,0,-1000,-1000
2015/11/24,0,0,0,0
2015/11/25,0,0,0,0
2015/11/26,0,0,0,0
2015/11/27,0,400000,0,400000
2015/11/30,0,1269000,-27734,1241266
2015/12/01,0,200000,-503,199497
2015/12/02,0,321000,0,321000
2015/12/03,0,0,0,0
2015/12/04,0,186000,0,186000
2015/12/07,0,100000,0,100000
2015/12/08,0,0,0,0
2015/12/09,0,0,0,0
2015/12/10,0,0,0,0
2015/12/11,0,0,0,0
2015/12/14,0,0,-2080,-2080
2015/12/15,0,0,0,0
2015/12/16,0,0,0,0
2015/12/17,0,0,0,0
2015/12/18,0,96000,0,96000
2015/12/21,0,0,0,0
2015/12/22,0,0,0,0
2015/12/23,0,0,0,0
2015/12/24,0,0,0,0
2015/12/25,0,78000,0,78000
2015/12/28,0,86000,0,86000
2015/12/29,0,73000,0,73000
2015/12/30,0,0,0,0
2015/12/31,0,0,-1100000,-1100000
2016/01/01,0,0,0,0
2016/01/04,0,80000,0,80000
2016/01/05,0,0,-106000,-106000
2016/01/06,0,0,-320000,-320000
2016/01/07,0,0,0,0
2016/01/08,0,0,0,0
2016/01/11,0,0,0,0
2016/01/12,0,0,0,0
2016/01/13,0,0,0,0
2016/01/14,0,0,0,0
2016/01/15,0,0,-29000,-29000
2016/01/18,0,0,0,0
2016/01/19,0,0,-992000,-992000
2016/01/20,0,0,-586000,-586000
2016/01/21,0,0,0,0
2016/01/22,0,0,-203000,-203000
2016/01/25,0,0,-23000,-23000
2016/01/26,0,0,0,0
2016/01/27,0,0,0,0
2016/01/28,0,0,0,0
2016/01/29,0,0,-77000,-77000
2016/02/01,0,0,0,0
2016/02/02,0,0,0,0
2016/02/03,0,0,-500000,-500000
2016/02/04,0,0,0,0
2016/02/05,0,0,0,0
2016/02/08,0,0,0,0
2016/02/09,0,0,0,0
2016/02/10,0,0,0,0
2016/02/11,0,0,0,0
2016/02/12,0,0,0,0
2016/02/15,0,2178,-521000,-518822
2016/02/16,0,0,-1000000,-1000000
2016/02/17,0,0,-130000,-130000
2016/02/18,0,0,0,0
2016/02/19,0,1000,-500000,-499000
2016/02/22,0,0,-378000,-378000
2016/02/23,0,0,-161000,-161000
2016/02/24,0,0,-147000,-147000
2016/02/25,0,0,-668000,-668000
2016/02/26,0,0,-1000000,-1000000
2016/02/29,0,0,0,0
2016/03/01,0,0,-150000,-150000
2016/03/02,0,0,-1136000,-1136000
2016/03/03,0,0,-820000,-820000
2016/03/04,0,0,-298000,-298000
2016/03/07,0,0,-29000,-29000
2016/03/08,0,0,-972000,-972000
2016/03/09,0,0,-801000,-801000
2016/03/10,0,0,-200000,-200000
2016/03/11,0,0,0,0
2016/03/14,0,0,0,0
2016/03/15,0,0,0,0
2016/03/16,0,0,0,0
2016/03/17,0,0,0,0
2016/03/18,0,0,0,0
2016/03/21,0,0,0,0
2016/03/22,0,0,0,0
2016/03/23,0,0,0,0
2016/03/24,0,0,0,0
2016/03/25,0,0,0,0
2016/03/28,0,0,0,0
2016/03/29,0,0,0,0
2016/03/30,0,0,0,0
2016/03/31,0,0,0,0
2016/04/01,0,0,0,0
2016/04/04,0,0,0,0
2016/04/05,0,0,0,0
2016/04/06,0,0,0,0
2016/04/07,0,0,0,0
2016/04/08,0,0,0,0
2016/04/11,0,0,0,0
2016/04/12,0,0,-1000,-1000
2016/04/13,0,0,0,0
2016/04/14,0,0,0,0
2016/04/15,0,0,-149000,-149000
2016/04/18,0,0,0,0
2016/04/19,0,0,0,0
2016/04/20,0,0,0,0
2016/04/21,0,0,0,0
2016/04/22,0,0,0,0
2016/04/25,0,0,0,0
2016/04/26,0,0,0,0
2016/04/27,0,0,-126000,-126000
2016/04/28,0,0,-156000,-156000
2016/04/29,0,0,0,0
2016/05/02,0,0,0,0
2016/05/03,0,0,0,0
2016/05/04,0,0,0,0
2016/05/05,0,0,0,0
2016/05/06,0,0,0,0
2016/05/09,0,0,0,0
2016/05/10,0,358,0,358
2016/05/11,0,0,0,0
2016/05/12,0,0,0,0
2016/05/13,0,0,0,0
2016/05/16,0,0,0,0
2016/05/17,0,0,0,0
2016/05/18,0,0,0,0
2016/05/19,0,0,0,0
2016/05/20,0,0,0,0
2016/05/23,0,0,0,0
2016/05/24,0,0,0,0
2016/05/25,0,0,-154000,-154000
2016/05/26,0,0,-107000,-107000
2016/05/27,0,68000,0,68000
2016/05/30,0,0,0,0
2016/05/31,0,0,0,0
2016/06/01,0,29000,0,29000
2016/06/02,0,0,0,0
2016/06/03,0,0,0,0
2016/06/06,0,0,0,0
2016/06/07,0,0,0,0
2016/06/08,0,0,0,0
2016/06/09,0,0,0,0
2016/06/10,0,0,0,0
2016/06/13,0,0,0,0
2016/06/14,0,0,0,0
2016/06/15,0,0,0,0
2016/06/16,0,0,-250000,-250000
2016/06/17,0,3000,-318000,-315000
2016/06/20,0,0,0,0
2016/06/21,0,0,0,0
2016/06/22,0,0,0,0
2016/06/23,0,0,0,0
2016/06/24,0,69000,0,69000
2016/06/27,0,65000,0,65000
2016/06/28,0,2000,0,2000
2016/06/29,0,2000,0,2000
2016/06/30,0,0,0,0
2016/07/01,0,0,-31000,-31000
2016/07/04,0,0,0,0
2016/07/05,0,0,0,0
2016/07/06,0,0,0,0
2016/07/07,0,0,0,0
2016/07/08,0,0,0,0
2016/07/11,0,0,0,0
2016/07/12,0,0,0,0
2016/07/13,0,0,0,0
2016/07/14,0,1000,0,1000
2016/07/15,0,0,0,0
2016/07/18,0,0,0,0
2016/07/19,0,0,-1000,-1000
2016/07/20,0,0,-11000,-11000
2016/07/21,0,65000,-13000,52000
2016/07/22,0,0,-15000,-15000
2016/07/25,0,0,0,0
2016/07/26,0,0,0,0
2016/07/27,0,0,-401000,-401000
2016/07/28,0,0,0,0
2016/07/29,0,0,-78623,-78623
2016/08/01,0,0,0,0
2016/08/02,0,0,0,0
2016/08/03,0,0,-7000,-7000
2016/08/04,0,0,-1000,-1000
2016/08/05,0,0,-3000,-3000
2016/08/08,0,0,-4000,-4000
2016/08/09,0,0,0,0
2016/08/10,0,0,0,0
2016/08/11,0,0,-2000,-2000
2016/08/12,0,0,-6000,-6000
2016/08/15,0,0,0,0
2016/08/16,0,0,-7000,-7000
2016/08/17,0,0,0,0
2016/08/18,0,0,-3000,-3000
2016/08/19,0,0,0,0
2016/08/22,0,0,0,0
2016/08/23,0,0,0,0
2016/08/24,0,0,-6000,-6000
2016/08/25,0,0,-1000,-1000
2016/08/26,0,0,0,0
2016/08/29,0,0,0,0
2016/08/30,0,0,-81000,-81000
2016/08/31,0,0,0,0
2016/09/01,0,0,0,0
2016/09/02,0,0,0,0
2016/09/05,0,0,0,0
2016/09/06,0,0,0,0
2016/09/07,0,0,0,0
2016/09/08,0,0,-3000,-3000
2016/09/09,0,0,0,0
2016/09/12,0,0,0,0
2016/09/13,0,0,0,0
2016/09/14,0,0,-1000,-1000
2016/09/15,0,0,0,0
2016/09/16,0,0,0,0
2016/09/19,0,0,0,0
2016/09/20,0,0,0,0
2016/09/21,0,0,0,0
2016/09/22,0,0,0,0
2016/09/23,0,0,0,0
2016/09/26,0,0,0,0
2016/09/27,0,0,0,0
2016/09/28,0,0,0,0
2016/09/29,0,0,0,0
2016/09/30,0,1589,0,1589
2016/10/03,0,0,0,0
2016/10/04,0,0,0,0
2016/10/05,0,0,0,0
2016/10/06,0,0,0,0
2016/10/07,0,1000,0,1000
2016/10/10,0,0,0,0
2016/10/11,0,0,0,0
2016/10/12,0,0,0,0
2016/10/13,0,0,0,0
2016/10/14,0,0,0,0
2016/10/17,0,0,0,0
2016/10/18,0,0,0,0
2016/10/19,0,0,0,0
2016/10/20,0,27000,0,27000
2016/10/21,0,22000,0,22000
2016/10/24,0,0,0,0
2016/10/25,0,0,0,0
2016/10/26,0,0,0,0
2016/10/27,0,0,0,0
2016/10/28,0,0,0,0
2016/10/31,0,0,0,0
2016/11/01,0,0,0,0
2016/11/02,0,0,-35,-35
2016/11/03,0,0,0,0
2016/11/04,0,0,0,0
2016/11/07,0,0,0,0
2016/11/08,0,0,0,0
2016/11/09,0,0,0,0
2016/11/10,0,0,0,0
2016/11/11,0,0,0,0
2016/11/14,0,0,0,0
2016/11/15,0,0,0,0
2016/11/16,0,0,0,0
2016/11/17,0,0,0,0
2016/11/18,0,0,0,0
2016/11/21,0,0,0,0
2016/11/22,0,1000,0,1000
2016/11/23,0,0,0,0
2016/11/24,0,0,0,0
2016/11/25,0,0,0,0
2016/11/28,0,0,0,0
2016/11/29,0,4000,0,4000
2016/11/30,0,0,0,0
2016/12/01,0,62000,0,62000
2016/12/02,0,132000,0,132000
2016/12/05,0,0,0,0
2016/12/06,0,68000,0,68000
2016/12/07,0,0,0,0
2016/12/08,0,0,0,0
2016/12/09,0,0,0,0
2016/12/12,0,0,0,0
2016/12/13,0,0,0,0
2016/12/14,0,0,0,0
2016/12/15,0,0,0,0
2016/12/16,0,0,-1000,-1000
2016/12/19,0,0,0,0
2016/12/20,0,0,0,0
2016/12/21,0,0,0,0
2016/12/22,0,0,0,0
2016/12/23,0,0,0,0
2016/12/26,0,0,0,0
2016/12/27,0,0,0,0
2016/12/28,0,0,0,0
2016/12/29,0,0,0,0
2016/12/30,0,0,0,0
2017/01/02,0,0,0,0
2017/01/03,0,0,0,0
2017/01/04,0,0,0,0
2017/01/05,0,7000,0,7000
2017/01/06,0,0,-1000,-1000
2017/01/09,0,0,0,0
2017/01/10,0,0,0,0
2017/01/11,0,458000,0,458000
2017/01/12,0,762000,-46000,716000
2017/01/13,0,205000,-46000,159000
2017/01/16,0,787000,0,787000
2017/01/17,0,0,0,0
2017/01/18,0,131000,-43000,88000
2017/01/19,0,0,0,0
2017/01/20,0,0,0,0
2017/01/23,0,0,-237,-237
2017/01/24,0,0,0,0
2017/01/25,0,0,0,0
2017/01/26,0,0,0,0
2017/01/27,0,0,0,0
2017/01/30,0,0,0,0
2017/01/31,0,0,0,0
2017/02/01,0,0,0,0
2017/02/02,0,0,-321000,-321000
2017/02/03,0,143000,0,143000
2017/02/06,0,0,0,0
2017/02/07,0,0,0,0
2017/02/08,0,0,0,0
2017/02/09,0,0,0,0
2017/02/10,0,0,0,0
2017/02/13,0,0,0,0
2017/02/14,0,0,0,0
2017/02/15,0,0,0,0
2017/02/16,0,0,0,0
2017/02/17,0,0,0,0
2017/02/20,0,0,-246000,-246000
2017/02/21,0,0,-128000,-128000
2017/02/22,0,0,-124000,-124000
2017/02/23,0,0,-123000,-123000
2017/02/24,0,0,-123000,-123000
2017/02/27,0,0,0,0
2017/02/28,0,0,0,0
2017/03/01,0,0,-252000,-252000
2017/03/02,0,0,0,0
2017/03/03,0,0,0,0
2017/03/06,0,500000,0,500000
2017/03/07,0,500000,0,500000
2017/03/08,0,0,0,0
2017/03/09,0,0,0,0
2017/03/10,0,0,0,0
2017/03/13,0,0,0,0
2017/03/14,0,0,0,0
2017/03/15,0,0,0,0
2017/03/16,0,0,0,0
2017/03/17,0,0,-2000,-2000
2017/03/20,0,5000,0,5000
2017/03/21,0,11000,0,11000
2017/03/22,0,0,0,0
2017/03/23,0,0,0,0
2017/03/24,0,0,0,0
2017/03/27,0,0,0,0
2017/03/28,0,0,0,0
2017/03/29,0,0,0,0
2017/03/30,0,0,0,0
2017/03/31,0,0,-57000,-57000
2017/04/03,0,0,0,0
2017/04/04,0,0,0,0
2017/04/05,0,0,0,0
2017/04/06,0,0,0,0
2017/04/07,0,0,0,0
2017/04/10,0,0,0,0
2017/04/11,0,0,-445000,-445000
2017/04/12,0,0,0,0
2017/04/13,0,0,-165000,-165000
2017/04/14,0,0,-14000,-14000
2017/04/17,0,0,0,0
2017/04/18,0,0,-314000,-314000
2017/04/19,0,0,-299000,-299000
