Date,Open,Buy,Sell,Total
2007/01/02,0,188000,0,188000
2007/01/03,0,132000,0,132000
2007/01/04,0,380000,-28000,352000
2007/01/05,0,537000,-31000,506000
2007/01/08,0,340000,-230000,110000
2007/01/09,0,155000,-202000,-47000
2007/01/10,0,51000,-94000,-43000
2007/01/11,0,267000,-200000,67000
2007/01/12,0,140000,-211000,-71000
2007/01/15,0,110000,-206000,-96000
2007/01/16,0,562000,-575000,-13000
2007/01/17,0,506000,-539000,-33000
2007/01/18,0,1047000,-1072000,-25000
2007/01/19,0,144000,-188000,-44000
2007/01/22,0,850000,-909000,-59000
2007/01/23,0,315000,-448000,-133000
2007/01/24,0,441000,-458000,-17000
2007/01/25,0,59000,-93000,-34000
2007/01/26,0,284000,-364000,-80000
2007/01/29,0,22000,-211000,-189000
2007/01/30,0,22000,-234000,-212000
2007/01/31,0,193000,-206000,-13000
2007/02/01,0,100000,-77000,23000
2007/02/02,0,206000,-83000,123000
2007/02/05,0,172000,-63000,109000
2007/02/06,0,52000,0,52000
2007/02/07,0,63000,0,63000
2007/02/08,0,126000,-28000,98000
2007/02/09,0,86000,-3000,83000
2007/02/12,0,495000,-140000,355000
2007/02/13,0,118000,-5000,113000
2007/02/14,0,897000,-456000,441000
2007/02/15,0,0,0,0
2007/02/16,0,0,0,0
2007/02/19,0,0,0,0
2007/02/20,0,0,0,0
2007/02/21,0,0,0,0
2007/02/22,0,0,0,0
2007/02/23,0,0,0,0
2007/02/26,0,601000,-101672,499328
2007/02/27,0,643000,-8000,635000
2007/02/28,0,0,0,0
2007/03/01,0,550000,-58000,492000
2007/03/02,0,290000,-27000,263000
2007/03/05,0,1385000,-5000,1380000
2007/03/06,0,1033000,-54000,979000
2007/03/07,0,138000,-58014,79986
2007/03/08,0,720000,-521000,199000
2007/03/09,0,709000,-101000,608000
2007/03/12,0,1110000,-309000,801000
2007/03/13,0,732000,-6000,726000
2007/03/14,0,763000,-124000,639000
2007/03/15,0,1929000,-1342000,587000
2007/03/16,0,1597000,-631000,966000
2007/03/19,0,94000,-91000,3000
2007/03/20,0,269000,-327000,-58000
2007/03/21,0,825000,-533000,292000
2007/03/22,0,77000,-71000,6000
2007/03/23,0,997000,-993000,4000
2007/03/26,0,70000,0,70000
2007/03/27,0,75000,0,75000
2007/03/28,0,63000,-57000,6000
2007/03/29,0,38000,-33000,5000
2007/03/30,0,514000,-78000,436000
2007/04/02,0,153000,-62327,90673
2007/04/03,0,15000,-6000,9000
2007/04/04,0,23000,-10000,13000
2007/04/05,0,0,0,0
2007/04/06,0,0,0,0
2007/04/09,0,37000,0,37000
2007/04/10,0,22000,0,22000
2007/04/11,0,239000,-2000,237000
2007/04/12,0,181000,0,181000
2007/04/13,0,140000,-37000,103000
2007/04/16,0,285000,-18000,267000
2007/04/17,0,34000,-3986,30014
2007/04/18,0,97000,-2000,95000
2007/04/19,0,60000,-68000,-8000
2007/04/20,0,37000,-17000,20000
2007/04/23,0,32000,-1000,31000
2007/04/24,0,100000,0,100000
2007/04/25,0,25000,-6000,19000
2007/04/26,0,51000,-12000,39000
2007/04/27,0,65000,-12000,53000
2007/04/30,0,199000,-148000,51000
2007/05/01,0,0,0,0
2007/05/02,0,242000,-157000,85000
2007/05/03,0,55000,-15000,40000
2007/05/04,0,23000,-2000,21000
2007/05/07,0,25000,0,25000
2007/05/08,0,7000,-2000,5000
2007/05/09,0,654000,-1000,653000
2007/05/10,0,112000,-29000,83000
2007/05/11,0,11000,0,11000
2007/05/14,0,9000,-3000,6000
2007/05/15,0,25000,0,25000
2007/05/16,0,46000,-1000,45000
2007/05/17,0,74000,0,74000
2007/05/18,0,62000,-15000,47000
2007/05/21,0,26000,0,26000
2007/05/22,0,57000,-17443,39557
2007/05/23,0,134000,-5000,129000
2007/05/24,0,111000,-1000,110000
2007/05/25,0,126000,-12000,114000
2007/05/28,0,342000,-266000,76000
2007/05/29,0,228000,-135000,93000
2007/05/30,0,226000,-202000,24000
2007/05/31,0,409000,-394000,15000
2007/06/01,0,119000,-88779,30221
2007/06/04,0,179000,-127000,52000
2007/06/05,0,112000,-94000,18000
2007/06/06,0,439000,-239488,199512
2007/06/07,0,161000,-9000,152000
2007/06/08,0,46000,0,46000
2007/06/11,0,53000,0,53000
2007/06/12,0,246000,0,246000
2007/06/13,0,430000,0,430000
2007/06/14,0,100000,-6000,94000
2007/06/15,0,52000,-45670,6330
2007/06/18,0,0,0,0
2007/06/19,0,0,0,0
2007/06/20,0,255000,-113000,142000
2007/06/21,0,416000,-15000,401000
2007/06/22,0,331000,0,331000
2007/06/25,0,119000,-5000,114000
2007/06/26,0,69000,-3000,66000
2007/06/27,0,66000,0,66000
2007/06/28,0,37000,-21000,16000
2007/06/29,0,238000,-161000,77000
2007/07/02,0,80000,-14000,66000
2007/07/03,0,75000,0,75000
2007/07/04,0,246000,0,246000
2007/07/05,0,144000,-4000,140000
2007/07/06,0,346000,-110000,236000
2007/07/09,0,233000,0,233000
2007/07/10,0,527000,-8000,519000
2007/07/11,0,287000,-7000,280000
2007/07/12,0,62000,-78000,-16000
2007/07/13,0,55000,0,55000
2007/07/16,0,25000,-18000,7000
2007/07/17,0,170000,-76000,94000
2007/07/18,0,191000,-40000,151000
2007/07/19,0,236000,-54000,182000
2007/07/20,0,217000,-2000,215000
2007/07/23,0,194000,-1000,193000
2007/07/24,0,873000,0,873000
2007/07/25,0,372000,-7000,365000
2007/07/26,0,252000,-34000,218000
2007/07/27,0,233000,-74000,159000
2007/07/30,0,330000,-304000,26000
2007/07/31,0,231000,-389000,-158000
2007/08/01,0,302000,-566000,-264000
2007/08/02,0,90000,-53000,37000
2007/08/03,0,22000,-4000,18000
2007/08/06,0,29000,-17000,12000
2007/08/07,0,99000,-19243,79757
2007/08/08,0,79000,-58000,21000
2007/08/09,0,49000,0,49000
2007/08/10,0,66000,-86000,-20000
2007/08/13,0,39000,-40000,-1000
2007/08/14,0,55000,-7000,48000
2007/08/15,0,3706000,-3800000,-94000
2007/08/16,0,99000,-177000,-78000
2007/08/17,0,21000,-127000,-106000
2007/08/20,0,563000,-1141000,-578000
2007/08/21,0,65000,-61000,4000
2007/08/22,0,178000,-201796,-23796
2007/08/23,0,57000,-98000,-41000
2007/08/24,0,19000,-5939,13061
2007/08/27,0,39000,-1000,38000
2007/08/28,0,20000,-1000,19000
2007/08/29,0,38000,-9000,29000
2007/08/30,0,0,-14000,-14000
2007/08/31,0,467000,-454035,12965
2007/09/03,0,38000,-65000,-27000
2007/09/04,0,0,-12000,-12000
2007/09/05,0,227000,-310000,-83000
2007/09/06,0,45000,-4000,41000
2007/09/07,0,11000,-8348,2652
2007/09/10,0,76000,-51000,25000
2007/09/11,0,21000,-12000,9000
2007/09/12,0,69000,-66000,3000
2007/09/13,0,44000,-23000,21000
2007/09/14,0,55000,-16000,39000
2007/09/17,0,15000,-10000,5000
2007/09/18,0,0,0,0
2007/09/19,0,39000,-14000,25000
2007/09/20,0,37000,-15000,22000
2007/09/21,0,302000,-287000,15000
2007/09/24,0,0,0,0
2007/09/25,0,0,0,0
2007/09/26,0,26000,-34000,-8000
2007/09/27,0,141000,-142000,-1000
2007/09/28,0,181000,-161000,20000
2007/10/01,0,84000,-76000,8000
2007/10/02,0,142000,-112000,30000
2007/10/03,0,189000,-157000,32000
2007/10/04,0,263000,-202000,61000
2007/10/05,0,114000,-99000,15000
2007/10/08,0,62000,-95000,-33000
2007/10/09,0,129000,-167000,-38000
2007/10/10,0,0,0,0
2007/10/11,0,113000,-152000,-39000
2007/10/12,0,42000,-46000,-4000
2007/10/15,0,208000,-212000,-4000
2007/10/16,0,60000,-25000,35000
2007/10/17,0,251000,-175000,76000
2007/10/18,0,29000,-205000,-176000
2007/10/19,0,14000,-62000,-48000
2007/10/22,0,346000,-254000,92000
2007/10/23,0,83000,-123000,-40000
2007/10/24,0,49000,-62000,-13000
2007/10/25,0,8000,-6000,2000
2007/10/26,0,50000,-24000,26000
2007/10/29,0,64000,-23000,41000
2007/10/30,0,27000,-15000,12000
2007/10/31,0,49000,-48000,1000
2007/11/01,0,151000,-28000,123000
2007/11/02,0,201000,-3000,198000
2007/11/05,0,87000,-59000,28000
2007/11/06,0,28415,-27000,1415
2007/11/07,0,20000,-52000,-32000
2007/11/08,0,45000,-108000,-63000
2007/11/09,0,34000,0,34000
2007/11/12,0,93000,-151000,-58000
2007/11/13,0,62000,-94000,-32000
2007/11/14,0,3000,-67000,-64000
2007/11/15,0,18000,-13000,5000
2007/11/16,0,4000,-64000,-60000
2007/11/19,0,13000,-9000,4000
2007/11/20,0,92000,-99000,-7000
2007/11/21,0,158000,-214000,-56000
2007/11/22,0,12000,-8000,4000
2007/11/23,0,6000,-6000,0
2007/11/26,0,142000,-72000,70000
2007/11/27,0,89000,-78000,11000
2007/11/28,0,70000,-57000,13000
2007/11/29,0,109000,-85000,24000
2007/11/30,0,281000,-184030,96970
2007/12/03,0,25000,0,25000
2007/12/04,0,22000,-18000,4000
2007/12/05,0,62000,-62000,0
2007/12/06,0,31000,-25000,6000
2007/12/07,0,13000,-1431,11569
2007/12/10,0,63000,-1000,62000
2007/12/11,0,10000,-7000,3000
2007/12/12,0,128000,-67000,61000
2007/12/13,0,47000,-35000,12000
2007/12/14,0,91000,-75000,16000
2007/12/17,0,38000,-100000,-62000
2007/12/18,0,33000,-65000,-32000
2007/12/19,0,11000,-31000,-20000
2007/12/20,0,13000,-39000,-26000
2007/12/21,0,39000,-41000,-2000
2007/12/24,0,24000,-21000,3000
2007/12/25,0,36000,0,36000
2007/12/26,0,0,0,0
2007/12/27,0,1000,0,1000
2007/12/28,0,8000,-4000,4000
2007/12/31,0,215000,-301000,-86000
2008/01/01,0,0,0,0
2008/01/02,0,100000,-62000,38000
2008/01/03,0,60000,-16000,44000
2008/01/04,0,49000,-17000,32000
2008/01/07,0,185000,-13000,172000
2008/01/08,0,100000,-38309,61691
2008/01/09,0,65000,-2000,63000
2008/01/10,0,51000,-11000,40000
2008/01/11,0,103000,-29000,74000
2008/01/14,0,97000,-32000,65000
2008/01/15,0,180000,-33000,147000
2008/01/16,0,206000,-2000,204000
2008/01/17,0,366000,-116000,250000
2008/01/18,0,208000,-219000,-11000
2008/01/21,0,132000,-100000,32000
2008/01/22,0,85000,-39000,46000
2008/01/23,0,248000,-223000,25000
2008/01/24,0,150000,-94000,56000
2008/01/25,0,300000,-274194,25806
2008/01/28,0,100000,-68000,32000
2008/01/29,0,165000,-108000,57000
2008/01/30,0,207000,-212000,-5000
2008/01/31,0,107000,-97590,9410
2008/02/01,0,122000,-75000,47000
2008/02/04,0,0,0,0
2008/02/05,0,0,0,0
2008/02/06,0,0,0,0
2008/02/07,0,0,0,0
2008/02/08,0,0,0,0
2008/02/11,0,0,0,0
2008/02/12,0,54000,-128000,-74000
2008/02/13,0,31000,-49919,-18919
2008/02/14,0,4000,-10000,-6000
2008/02/15,0,67000,-58000,9000
2008/02/18,0,23000,-2000,21000
2008/02/19,0,56000,-152000,-96000
2008/02/20,0,46000,-17000,29000
2008/02/21,0,34000,-31000,3000
2008/02/22,0,4000,-8000,-4000
2008/02/25,0,43000,-1000,42000
2008/02/26,0,62000,0,62000
2008/02/27,0,41000,-48000,-7000
2008/02/28,0,0,0,0
2008/02/29,0,93000,-85000,8000
2008/03/03,0,278000,-574000,-296000
2008/03/04,0,159000,-69000,90000
2008/03/05,0,90000,-84000,6000
2008/03/06,0,151000,-5000,146000
2008/03/07,0,88000,-26000,62000
2008/03/10,0,132000,-7000,125000
2008/03/11,0,194000,-82000,112000
2008/03/12,0,416000,-230000,186000
2008/03/13,0,352000,-258000,94000
2008/03/14,0,202000,-246000,-44000
2008/03/17,0,94000,-155000,-61000
2008/03/18,0,75000,-96000,-21000
2008/03/19,0,114000,-76000,38000
2008/03/20,0,473000,-545000,-72000
2008/03/21,0,264000,-68000,196000
2008/03/24,0,387000,-21000,366000
2008/03/25,0,1077000,-936400,140600
2008/03/26,0,1020000,-1064000,-44000
2008/03/27,0,373000,-294000,79000
2008/03/28,0,373000,-306000,67000
2008/03/31,0,330000,-361104,-31104
2008/04/01,0,62222,-9000,53222
2008/04/02,0,19000,-17000,2000
2008/04/03,0,38000,-38000,0
2008/04/04,0,0,0,0
2008/04/07,0,34000,0,34000
2008/04/08,0,115314,-62000,53314
2008/04/09,0,472000,-97000,375000
2008/04/10,0,148000,-16000,132000
2008/04/11,0,42000,-9000,33000
2008/04/14,0,56000,-37000,19000
2008/04/15,0,157000,-85000,72000
2008/04/16,0,60000,0,60000
2008/04/17,0,316000,-66408,249592
2008/04/18,0,83000,-1000,82000
2008/04/21,0,172000,0,172000
2008/04/22,0,68000,-49000,19000
2008/04/23,0,72000,0,72000
2008/04/24,0,37000,-20000,17000
2008/04/25,0,16000,0,16000
2008/04/28,0,33000,0,33000
2008/04/29,0,75000,-34000,41000
2008/04/30,0,84000,-5000,79000
2008/05/01,0,0,0,0
2008/05/02,0,34000,-5000,29000
2008/05/05,0,83000,-17000,66000
2008/05/06,0,113000,-6000,107000
2008/05/07,0,55000,-33277,21723
2008/05/08,0,51000,-72000,-21000
2008/05/09,0,145000,-47000,98000
2008/05/12,0,247000,-138000,109000
2008/05/13,0,239000,-5000,234000
2008/05/14,0,380000,-8000,372000
2008/05/15,0,152000,-8000,144000
2008/05/16,0,73000,-42048,30952
2008/05/19,0,142000,-23000,119000
2008/05/20,0,135000,-40000,95000
2008/05/21,0,86000,-97000,-11000
2008/05/22,0,241000,-292586,-51586
2008/05/23,0,71000,-27000,44000
2008/05/26,0,55000,-11000,44000
2008/05/27,0,11000,-5000,6000
2008/05/28,0,114000,-106000,8000
2008/05/29,0,92000,-54681,37319
2008/05/30,0,243000,-223000,20000
2008/06/02,0,71000,-61000,10000
2008/06/03,0,52000,-154000,-102000
2008/06/04,0,35000,-51000,-16000
2008/06/05,0,153000,-133000,20000
2008/06/06,0,2000,-6000,-4000
2008/06/09,0,44000,-26000,18000
2008/06/10,0,85000,-141192,-56192
2008/06/11,0,92000,-7000,85000
2008/06/12,0,26000,-9000,17000
2008/06/13,0,37000,-89000,-52000
2008/06/16,0,85000,-110000,-25000
2008/06/17,0,33000,-67000,-34000
2008/06/18,0,78000,-65000,13000
2008/06/19,0,91000,-123000,-32000
2008/06/20,0,245000,-225000,20000
2008/06/23,0,81000,-31000,50000
2008/06/24,0,70000,-12000,58000
2008/06/25,0,1850000,-1783000,67000
2008/06/26,0,47000,-29000,18000
2008/06/27,0,109000,-32000,77000
2008/06/30,0,151000,-20000,131000
2008/07/01,0,382000,-7000,375000
2008/07/02,0,258000,-19000,239000
2008/07/03,0,85000,-51000,34000
2008/07/04,0,120000,-60000,60000
2008/07/07,0,65000,-72000,-7000
2008/07/08,0,147000,-221000,-74000
2008/07/09,0,100000,-43000,57000
2008/07/10,0,136000,-1000,135000
2008/07/11,0,58000,-46000,12000
2008/07/14,0,63000,-5000,58000
2008/07/15,0,150000,-160000,-10000
2008/07/16,0,224000,-325000,-101000
2008/07/17,0,130000,-329000,-199000
2008/07/18,0,270000,-380000,-110000
2008/07/21,0,253000,-40000,213000
2008/07/22,0,42000,-41000,1000
2008/07/23,0,118000,-45000,73000
2008/07/24,0,0,-16000,-16000
2008/07/25,0,7000,-32000,-25000
2008/07/28,0,0,0,0
2008/07/29,0,0,-24000,-24000
2008/07/30,0,8000,-32000,-24000
2008/07/31,0,9000,-16000,-7000
2008/08/01,0,5000,-12000,-7000
2008/08/04,0,14000,-10000,4000
2008/08/05,0,20000,-25000,-5000
2008/08/06,0,36000,-31000,5000
2008/08/07,0,3000,-9000,-6000
2008/08/08,0,0,0,0
2008/08/11,0,1000,0,1000
2008/08/12,0,37000,-11000,26000
2008/08/13,0,13000,0,13000
2008/08/14,0,15000,-9000,6000
2008/08/15,0,5000,-7000,-2000
2008/08/18,0,15000,-43000,-28000
2008/08/19,0,35000,-189569,-154569
2008/08/20,0,4000,-43000,-39000
2008/08/21,0,2000,-171000,-169000
2008/08/22,0,5000,-142000,-137000
2008/08/25,0,0,0,0
2008/08/26,0,0,-1000,-1000
2008/08/27,0,34000,-11000,23000
2008/08/28,0,28000,-21000,7000
2008/08/29,0,12000,-50000,-38000
2008/09/01,0,18000,-17000,1000
2008/09/02,0,38000,-117000,-79000
2008/09/03,0,20000,-6000,14000
2008/09/04,0,27000,-36000,-9000
2008/09/05,0,7000,-57000,-50000
2008/09/08,0,7000,0,7000
2008/09/09,0,0,-12000,-12000
2008/09/10,0,5000,-16000,-11000
2008/09/11,0,0,-57000,-57000
2008/09/12,0,1000,-35000,-34000
2008/09/15,0,6000,-18000,-12000
2008/09/16,0,2000,-3000,-1000
2008/09/17,0,3000,-88000,-85000
2008/09/18,0,2000,-110000,-108000
2008/09/19,0,6000,-45000,-39000
2008/09/22,0,2000,-125000,-123000
2008/09/23,0,31000,-49000,-18000
2008/09/24,0,8000,-1000,7000
2008/09/25,0,17000,-2000,15000
2008/09/26,0,1000,-28000,-27000
2008/09/29,0,0,0,0
2008/09/30,0,11000,-22000,-11000
2008/10/01,0,2000,-57000,-55000
2008/10/02,0,0,0,0
2008/10/03,0,19000,-16000,3000
2008/10/06,0,9000,-82000,-73000
2008/10/07,0,1000,-28000,-27000
2008/10/08,0,11000,-37000,-26000
2008/10/09,0,5000,-63000,-58000
2008/10/10,0,0,0,0
2008/10/13,0,7000,-10000,-3000
2008/10/14,0,18000,-49000,-31000
2008/10/15,0,10000,-77000,-67000
2008/10/16,0,0,-124000,-124000
2008/10/17,0,7000,-48000,-41000
2008/10/20,0,6000,-49000,-43000
2008/10/21,0,20000,-50000,-30000
2008/10/22,0,0,-42000,-42000
2008/10/23,0,3000,-13000,-10000
2008/10/24,0,18000,-13000,5000
2008/10/27,0,16000,-99000,-83000
2008/10/28,0,34000,-259000,-225000
2008/10/29,0,16000,-21000,-5000
2008/10/30,0,8000,-43000,-35000
2008/10/31,0,15000,-85000,-70000
2008/11/03,0,13000,-179000,-166000
2008/11/04,0,34000,-172000,-138000
2008/11/05,0,151000,-188000,-37000
2008/11/06,0,88000,-158000,-70000
2008/11/07,0,104000,-219000,-115000
2008/11/10,0,75000,-155000,-80000
2008/11/11,0,129000,-226000,-97000
2008/11/12,0,102000,-177000,-75000
2008/11/13,0,133000,-282000,-149000
2008/11/14,0,58000,-102000,-44000
2008/11/17,0,41000,-100000,-59000
2008/11/18,0,135000,-199000,-64000
2008/11/19,0,64000,-81000,-17000
2008/11/20,0,317000,-171000,146000
2008/11/21,0,183000,-189000,-6000
2008/11/24,0,41000,-3000,38000
2008/11/25,0,48000,0,48000
2008/11/26,0,31000,-59000,-28000
2008/11/27,0,23000,0,23000
2008/11/28,0,27000,0,27000
2008/12/01,0,34000,-7000,27000
2008/12/02,0,31000,-8000,23000
2008/12/03,0,41000,-3000,38000
2008/12/04,0,76000,-9000,67000
2008/12/05,0,60000,-12000,48000
2008/12/08,0,23000,-8000,15000
2008/12/09,0,54000,-3000,51000
2008/12/10,0,22000,0,22000
2008/12/11,0,67000,-3000,64000
2008/12/12,0,183000,-13000,170000
2008/12/15,0,1000,0,1000
2008/12/16,0,1000,-1000,0
2008/12/17,0,7000,-17000,-10000
2008/12/18,0,34000,-2000,32000
2008/12/19,0,11000,-31000,-20000
2008/12/22,0,44000,-32000,12000
2008/12/23,0,13000,0,13000
2008/12/24,0,3000,-6000,-3000
2008/12/25,0,0,-1000,-1000
2008/12/26,0,0,-4000,-4000
2008/12/29,0,13000,-10000,3000
2008/12/30,0,2000,0,2000
2008/12/31,0,6000,-1000,5000
2009/01/01,0,0,0,0
2009/01/02,0,0,0,0
2009/01/05,0,7000,-8000,-1000
2009/01/06,0,2000,0,2000
2009/01/07,0,6000,0,6000
2009/01/08,0,9000,-6000,3000
2009/01/09,0,9000,-25000,-16000
2009/01/12,0,49000,-80000,-31000
2009/01/13,0,45000,-73000,-28000
2009/01/14,0,149000,-199000,-50000
2009/01/15,0,87000,-198000,-111000
2009/01/16,0,20000,-35000,-15000
2009/01/19,0,5000,-17000,-12000
2009/01/20,0,4000,-9000,-5000
2009/01/21,0,181000,-249000,-68000
2009/01/22,0,0,0,0
2009/01/23,0,0,0,0
2009/01/26,0,0,0,0
2009/01/27,0,0,0,0
2009/01/28,0,0,0,0
2009/01/29,0,0,0,0
2009/01/30,0,0,0,0
2009/02/02,0,79000,-146000,-67000
2009/02/03,0,131000,-156000,-25000
2009/02/04,0,0,-7000,-7000
2009/02/05,0,47000,-83000,-36000
2009/02/06,0,9000,-29000,-20000
2009/02/09,0,25000,-62000,-37000
2009/02/10,0,27000,-65000,-38000
2009/02/11,0,36000,-75000,-39000
2009/02/12,0,40000,-47000,-7000
2009/02/13,0,76393,-141000,-64607
2009/02/16,0,0,-53000,-53000
2009/02/17,0,0,-45000,-45000
2009/02/18,0,71000,-268000,-197000
2009/02/19,0,40327,-151000,-110673
2009/02/20,0,4096,-205096,-201000
2009/02/23,0,6000,-113000,-107000
2009/02/24,0,0,-141000,-141000
2009/02/25,0,57000,-341000,-284000
2009/02/26,0,23000,-314000,-291000
2009/02/27,0,131000,-287000,-156000
2009/03/02,0,0,-235000,-235000
2009/03/03,0,0,-240000,-240000
2009/03/04,0,28000,-229000,-201000
2009/03/05,0,133975,-586000,-452025
2009/03/06,0,14000,-289000,-275000
2009/03/09,0,7000,-216000,-209000
2009/03/10,0,1000,-200000,-199000
2009/03/11,0,37000,-237000,-200000
2009/03/12,0,39000,-168000,-129000
2009/03/13,0,61000,-372000,-311000
2009/03/16,0,98000,-112000,-14000
2009/03/17,0,8000,-139000,-131000
2009/03/18,0,239000,-291000,-52000
2009/03/19,0,226000,-529000,-303000
2009/03/20,0,327799,-709000,-381201
2009/03/23,0,155000,-338000,-183000
2009/03/24,0,454000,-531000,-77000
2009/03/25,0,681901,-1001000,-319099
2009/03/26,0,576000,-775000,-199000
2009/03/27,0,227000,-450000,-223000
2009/03/30,0,253000,-400000,-147000
2009/03/31,0,281797,-470000,-188203
2009/04/01,0,537000,-827000,-290000
2009/04/02,0,1405000,-4151000,-2746000
2009/04/03,0,910000,-1708415,-798415
2009/04/06,0,941000,-755000,186000
2009/04/07,0,436420,-22000,414420
2009/04/08,0,102000,-233000,-131000
2009/04/09,0,51000,-117000,-66000
2009/04/10,0,449000,-6000,443000
2009/04/13,0,318000,-31000,287000
2009/04/14,0,447000,-11000,436000
2009/04/15,0,172000,-39000,133000
2009/04/16,0,283181,-3000,280181
2009/04/17,0,242000,-65000,177000
2009/04/20,0,74000,-43000,31000
2009/04/21,0,85000,-44000,41000
2009/04/22,0,18000,-45000,-27000
2009/04/23,0,59000,-77000,-18000
2009/04/24,0,159000,-44000,115000
2009/04/27,0,241000,-32000,209000
2009/04/28,0,30000,-24000,6000
2009/04/29,0,212000,-39000,173000
2009/04/30,0,220000,0,220000
2009/05/01,0,0,0,0
2009/05/04,0,429000,-5000,424000
2009/05/05,0,413000,-11000,402000
2009/05/06,0,358000,-20000,338000
2009/05/07,0,274000,-203000,71000
2009/05/08,0,346000,-13000,333000
2009/05/11,0,291000,-85000,206000
2009/05/12,0,378000,-141000,237000
2009/05/13,0,294000,-24000,270000
2009/05/14,0,226000,-396000,-170000
2009/05/15,0,278595,-460000,-181405
2009/05/18,0,132000,-115000,17000
2009/05/19,0,201000,-2000,199000
2009/05/20,0,115000,-12000,103000
2009/05/21,0,54000,-75000,-21000
2009/05/22,0,3000,-93000,-90000
2009/05/25,0,98000,-134000,-36000
2009/05/26,0,152000,-159000,-7000
2009/05/27,0,138000,-190000,-52000
2009/05/28,0,0,0,0
2009/05/29,0,0,0,0
2009/06/01,0,204000,-166000,38000
2009/06/02,0,91000,-221000,-130000
2009/06/03,0,155000,-21000,134000
2009/06/04,0,85000,-14000,71000
2009/06/05,0,60000,0,60000
2009/06/08,0,47000,-42235,4765
2009/06/09,0,159000,-22000,137000
2009/06/10,0,14000,-31000,-17000
2009/06/11,0,118000,-78000,40000
2009/06/12,0,181000,-202000,-21000
2009/06/15,0,105000,-35000,70000
2009/06/16,0,94000,-15000,79000
2009/06/17,0,242000,-234000,8000
2009/06/18,0,80000,-21204,58796
2009/06/19,0,123000,-368222,-245222
2009/06/22,0,44000,-58000,-14000
2009/06/23,0,82000,-92000,-10000
2009/06/24,0,124000,-151000,-27000
2009/06/25,0,147000,-194000,-47000
2009/06/26,0,29000,-48000,-19000
2009/06/29,0,6000,-15000,-9000
2009/06/30,0,10000,-6000,4000
2009/07/01,0,68000,-39000,29000
2009/07/02,0,4000,-22000,-18000
2009/07/03,0,32000,-3000,29000
2009/07/06,0,128000,-47000,81000
2009/07/07,0,40000,-28000,12000
2009/07/08,0,33000,-30605,2395
2009/07/09,0,14000,-25000,-11000
2009/07/10,0,33000,-29000,4000
2009/07/13,0,77000,-47000,30000
2009/07/14,0,51000,-34000,17000
2009/07/15,0,72000,-19000,53000
2009/07/16,0,34000,-19000,15000
2009/07/17,0,4000,-2000,2000
2009/07/20,0,27000,0,27000
2009/07/21,0,8000,-10000,-2000
2009/07/22,0,32000,-20000,12000
2009/07/23,0,70000,-2852,67148
2009/07/24,0,12000,-61000,-49000
2009/07/27,0,11000,-2000,9000
2009/07/28,0,4000,-1000,3000
2009/07/29,0,28000,-37000,-9000
2009/07/30,0,23000,0,23000
2009/07/31,0,28000,-37821,-9821
2009/08/03,0,32000,-8000,24000
2009/08/04,0,1000,-133000,-132000
2009/08/05,0,6000,-141000,-135000
2009/08/06,0,10000,-78410,-68410
2009/08/07,0,0,0,0
2009/08/10,0,0,-108000,-108000
2009/08/11,0,13000,-79000,-66000
2009/08/12,0,13000,-53000,-40000
2009/08/13,0,11000,-67000,-56000
2009/08/14,0,0,-19866,-19866
2009/08/17,0,4000,-11000,-7000
2009/08/18,0,48000,-66000,-18000
2009/08/19,0,2000,-39000,-37000
2009/08/20,0,7000,-144000,-137000
2009/08/21,0,5000,-19000,-14000
2009/08/24,0,6000,-26000,-20000
2009/08/25,0,3000,-65000,-62000
2009/08/26,0,0,-62000,-62000
2009/08/27,0,0,-56000,-56000
2009/08/28,0,3000,-45000,-42000
2009/08/31,0,3000,-92000,-89000
2009/09/01,0,10000,-206104,-196104
2009/09/02,0,10000,-48000,-38000
2009/09/03,0,22000,-169000,-147000
2009/09/04,0,9000,-108000,-99000
2009/09/07,0,14000,-75000,-61000
2009/09/08,0,118000,-223000,-105000
2009/09/09,0,23000,-40000,-17000
2009/09/10,0,261000,-124000,137000
2009/09/11,0,189000,-162576,26424
2009/09/14,0,89000,-126000,-37000
2009/09/15,0,218000,-174000,44000
2009/09/16,0,166000,-131000,35000
2009/09/17,0,156000,-262475,-106475
2009/09/18,0,0,-69000,-69000
2009/09/21,0,7000,-128000,-121000
2009/09/22,0,3000,-66000,-63000
2009/09/23,0,2000,-138000,-136000
2009/09/24,0,0,-85000,-85000
2009/09/25,0,19421,-115000,-95579
2009/09/28,0,0,-84000,-84000
2009/09/29,0,0,-60000,-60000
2009/09/30,0,57000,-447000,-390000
2009/10/01,0,14204,-113000,-98796
2009/10/02,0,0,-186000,-186000
2009/10/05,0,4000,-265000,-261000
2009/10/06,0,45000,-188000,-143000
2009/10/07,0,40000,-254000,-214000
2009/10/08,0,201591,-77000,124591
2009/10/09,0,202443,-30000,172443
2009/10/12,0,78000,-72000,6000
2009/10/13,0,46408,-51000,-4592
2009/10/14,0,141000,-34000,107000
2009/10/15,0,197285,-8000,189285
2009/10/16,0,92923,0,92923
2009/10/19,0,47000,-2000,45000
2009/10/20,0,62000,-10000,52000
2009/10/21,0,104000,-60000,44000
2009/10/22,0,129064,-23000,106064
2009/10/23,0,101420,-2000,99420
2009/10/26,0,38000,0,38000
2009/10/27,0,43000,-34000,9000
2009/10/28,0,26000,-11000,15000
2009/10/29,0,140000,-201000,-61000
2009/10/30,0,100000,-176000,-76000
2009/11/02,0,8000,-63000,-55000
2009/11/03,0,74000,-40000,34000
2009/11/04,0,19000,-5000,14000
2009/11/05,0,36670,-49000,-12330
2009/11/06,0,51620,-17000,34620
2009/11/09,0,69000,0,69000
2009/11/10,0,17000,0,17000
2009/11/11,0,78000,-2000,76000
2009/11/12,0,124617,-3000,121617
2009/11/13,0,179241,-5000,174241
2009/11/16,0,211000,-3000,208000
2009/11/17,0,334236,-40000,294236
2009/11/18,0,299000,-154000,145000
2009/11/19,0,111628,-48000,63628
2009/11/20,0,135000,-113000,22000
2009/11/23,0,105000,-57346,47654
2009/11/24,0,57000,-24000,33000
2009/11/25,0,31000,-1000,30000
2009/11/26,0,10496,-12000,-1504
2009/11/27,0,0,-68000,-68000
2009/11/30,0,29793,-4000,25793
2009/12/01,0,28000,-18000,10000
2009/12/02,0,6000,-14000,-8000
2009/12/03,0,1781,-7000,-5219
2009/12/04,0,6384,-19000,-12616
2009/12/07,0,0,-105000,-105000
2009/12/08,0,14174,-65000,-50826
2009/12/09,0,31138,-143000,-111862
2009/12/10,0,27848,-180000,-152152
2009/12/11,0,6000,-111622,-105622
2009/12/14,0,37000,-74000,-37000
2009/12/15,0,12940,-37000,-24060
2009/12/16,0,0,-388000,-388000
2009/12/17,0,1000,-77000,-76000
2009/12/18,0,0,-22000,-22000
2009/12/21,0,0,-15000,-15000
2009/12/22,0,0,-26000,-26000
2009/12/23,0,8000,-198000,-190000
2009/12/24,0,2000,-46000,-44000
2009/12/25,0,0,-6000,-6000
2009/12/28,0,39000,-38000,1000
2009/12/29,0,9000,-24000,-15000
2009/12/30,0,10546,-53000,-42454
2009/12/31,0,10000,-63000,-53000
2010/01/01,0,0,0,0
2010/01/04,0,0,-2000,-2000
2010/01/05,0,18321,-50000,-31679
2010/01/06,0,31000,-70000,-39000
2010/01/07,0,106000,-42000,64000
2010/01/08,0,28000,0,28000
2010/01/11,0,2000,-1000,1000
2010/01/12,0,6282,-37000,-30718
2010/01/13,0,26000,-75000,-49000
2010/01/14,0,5000,-45000,-40000
2010/01/15,0,2000,-37000,-35000
2010/01/18,0,118000,-163000,-45000
2010/01/19,0,57000,-175000,-118000
2010/01/20,0,30188,-158000,-127812
2010/01/21,0,201000,-163000,38000
2010/01/22,0,16000,-86000,-70000
2010/01/25,0,5000,-65000,-60000
2010/01/26,0,20000,-290000,-270000
2010/01/27,0,137000,-248000,-111000
2010/01/28,0,53444,-128000,-74556
2010/01/29,0,71000,-141636,-70636
2010/02/01,0,129000,-246865,-117865
2010/02/02,0,263000,-318910,-55910
2010/02/03,0,33029,-205000,-171971
2010/02/04,0,4000,-266000,-262000
2010/02/05,0,0,-331000,-331000
2010/02/08,0,0,-299458,-299458
2010/02/09,0,63177,-423000,-359823
2010/02/10,0,6000,-368592,-362592
2010/02/11,0,0,0,0
2010/02/12,0,0,0,0
2010/02/15,0,0,0,0
2010/02/16,0,0,0,0
2010/02/17,0,0,0,0
2010/02/18,0,0,0,0
2010/02/19,0,0,0,0
2010/02/22,0,26000,-193000,-167000
2010/02/23,0,14000,-115487,-101487
2010/02/24,0,173000,-180539,-7539
2010/02/25,0,69000,-191000,-122000
2010/02/26,0,31000,-303413,-272413
2010/03/01,0,23000,-174000,-151000
2010/03/02,0,21000,-464000,-443000
2010/03/03,0,33000,-698382,-665382
2010/03/04,0,143000,-363000,-220000
2010/03/05,0,178000,-277701,-99701
2010/03/08,0,204000,-334000,-130000
2010/03/09,0,186000,0,186000
2010/03/10,0,93992,-1000,92992
2010/03/11,0,77000,-62556,14444
2010/03/12,0,63000,-44668,18332
2010/03/15,0,64000,-31000,33000
2010/03/16,0,53000,-35000,18000
2010/03/17,0,210000,-367027,-157027
2010/03/18,0,289000,-185655,103345
2010/03/19,0,211000,-190822,20178
2010/03/22,0,39000,-23000,16000
2010/03/23,0,63000,-4382,58618
2010/03/24,0,109000,-60035,48965
2010/03/25,0,92000,-95704,-3704
2010/03/26,0,101000,-47000,54000
2010/03/29,0,74000,-3000,71000
2010/03/30,0,32000,-10000,22000
2010/03/31,0,88000,-154973,-66973
2010/04/01,0,197000,-144000,53000
2010/04/02,0,96000,-81000,15000
2010/04/05,0,0,0,0
2010/04/06,0,232000,-104000,128000
2010/04/07,0,292000,-14000,278000
2010/04/08,0,93000,-32000,61000
2010/04/09,0,226000,-29000,197000
2010/04/12,0,78000,-69000,9000
2010/04/13,0,10000,-118000,-108000
2010/04/14,0,27000,0,27000
2010/04/15,0,16000,-42000,-26000
2010/04/16,0,57000,-147000,-90000
2010/04/19,0,4000,-103000,-99000
2010/04/20,0,23000,-194000,-171000
2010/04/21,0,71000,-274000,-203000
2010/04/22,0,0,-214330,-214330
2010/04/23,0,26000,-243000,-217000
2010/04/26,0,99000,-700000,-601000
2010/04/27,0,16000,-984000,-968000
2010/04/28,0,202000,-1890000,-1688000
2010/04/29,0,138000,-598000,-460000
2010/04/30,0,147375,-41000,106375
2010/05/03,0,24000,-1000,23000
2010/05/04,0,120000,-16000,104000
2010/05/05,0,50000,-377000,-327000
2010/05/06,0,63000,-71000,-8000
2010/05/07,0,60000,-98000,-38000
2010/05/10,0,0,-153000,-153000
2010/05/11,0,0,-164000,-164000
2010/05/12,0,94286,-20000,74286
2010/05/13,0,80000,0,80000
2010/05/14,0,12000,-11000,1000
2010/05/17,0,27000,-24000,3000
2010/05/18,0,108000,-45000,63000
2010/05/19,0,116000,-84000,32000
2010/05/20,0,178225,-90110,88115
2010/05/21,0,221230,-145000,76230
2010/05/24,0,21000,-46000,-25000
2010/05/25,0,90277,-53000,37277
2010/05/26,0,236638,-18000,218638
2010/05/27,0,11000,-35000,-24000
2010/05/28,0,89000,-97026,-8026
2010/05/31,0,45000,-55000,-10000
2010/06/01,0,3000,-94000,-91000
2010/06/02,0,53000,-47000,6000
2010/06/03,0,98000,-9000,89000
2010/06/04,0,32705,-22000,10705
2010/06/07,0,0,-38000,-38000
2010/06/08,0,8000,-77000,-69000
2010/06/09,0,22653,-17000,5653
2010/06/10,0,17000,-9000,8000
2010/06/11,0,50117,-7000,43117
2010/06/14,0,19117,-5000,14117
2010/06/15,0,58475,-40000,18475
2010/06/16,0,0,0,0
2010/06/17,0,128102,-23000,105102
2010/06/18,0,81049,-13000,68049
2010/06/21,0,226046,-14000,212046
2010/06/22,0,26276,-15000,11276
2010/06/23,0,25293,-11000,14293
2010/06/24,0,22000,-40951,-18951
2010/06/25,0,12000,-53000,-41000
2010/06/28,0,14567,0,14567
2010/06/29,0,12000,-6000,6000
2010/06/30,0,8000,-74876,-66876
2010/07/01,0,25000,-52000,-27000
2010/07/02,0,52000,-40000,12000
2010/07/05,0,3627,-3000,627
2010/07/06,0,43000,-16000,27000
2010/07/07,0,74000,-11000,63000
2010/07/08,0,33000,-44000,-11000
2010/07/09,0,161000,-206000,-45000
2010/07/12,0,86000,-384000,-298000
2010/07/13,0,13000,-84181,-71181
2010/07/14,0,219600,-2000,217600
2010/07/15,0,4000,-33000,-29000
2010/07/16,0,24000,-1000,23000
2010/07/19,0,39000,-13000,26000
2010/07/20,0,84000,-58518,25482
2010/07/21,0,46000,-115913,-69913
2010/07/22,0,20000,-22000,-2000
2010/07/23,0,84000,-127645,-43645
2010/07/26,0,40000,-101000,-61000
2010/07/27,0,15000,-77382,-62382
2010/07/28,0,23000,-279942,-256942
2010/07/29,0,9000,-88000,-79000
2010/07/30,0,42000,-170000,-128000
2010/08/02,0,105000,-239000,-134000
2010/08/03,0,94000,-378000,-284000
2010/08/04,0,42000,-62000,-20000
2010/08/05,0,101000,-40000,61000
2010/08/06,0,58000,-42000,16000
2010/08/09,0,624000,-28000,596000
2010/08/10,0,294000,0,294000
2010/08/11,0,303000,-51000,252000
2010/08/12,0,432000,-43139,388861
2010/08/13,0,437000,-56000,381000
2010/08/16,0,341000,-5000,336000
2010/08/17,0,99000,-2000,97000
2010/08/18,0,175000,-79000,96000
2010/08/19,0,117000,0,117000
2010/08/20,0,80000,-26000,54000
2010/08/23,0,451000,-29565,421435
2010/08/24,0,384359,-73000,311359
2010/08/25,0,416000,-121000,295000
2010/08/26,0,324000,-184000,140000
2010/08/27,0,77000,-42000,35000
2010/08/30,0,64000,-21000,43000
2010/08/31,0,175000,-49000,126000
2010/09/01,0,93000,-11000,82000
2010/09/02,0,227000,-20000,207000
2010/09/03,0,235000,-31000,204000
2010/09/06,0,248000,0,248000
2010/09/07,0,270214,-1000,269214
2010/09/08,0,17000,-18000,-1000
2010/09/09,0,9000,-390000,-381000
2010/09/10,0,29000,-98522,-69522
2010/09/13,0,129000,-169000,-40000
2010/09/14,0,239000,-232000,7000
2010/09/15,0,258000,-172000,86000
2010/09/16,0,24000,-154000,-130000
2010/09/17,0,110000,-210000,-100000
2010/09/20,0,24000,-35000,-11000
2010/09/21,0,17000,-69000,-52000
2010/09/22,0,0,0,0
2010/09/23,0,95062,-202000,-106938
2010/09/24,0,192000,-125000,67000
2010/09/27,0,5000,-63000,-58000
2010/09/28,0,6000,0,6000
2010/09/29,0,229000,-247956,-18956
2010/09/30,0,177000,-166000,11000
2010/10/01,0,22000,-152000,-130000
2010/10/04,0,437000,-244000,193000
2010/10/05,0,405000,-212000,193000
2010/10/06,0,19000,-150000,-131000
2010/10/07,0,19000,-220000,-201000
2010/10/08,0,18000,-7000,11000
2010/10/11,0,138000,-47000,91000
2010/10/12,0,20000,-40000,-20000
2010/10/13,0,7000,-43000,-36000
2010/10/14,0,19000,0,19000
2010/10/15,0,19000,-42000,-23000
2010/10/18,0,22000,-43000,-21000
2010/10/19,0,8000,-54000,-46000
2010/10/20,0,28000,-33000,-5000
2010/10/21,0,15000,-32000,-17000
2010/10/22,0,6000,-47924,-41924
2010/10/25,0,61000,-1000,60000
2010/10/26,0,14000,-19000,-5000
2010/10/27,0,10000,-28000,-18000
2010/10/28,0,28000,-14000,14000
2010/10/29,0,5000,-12000,-7000
2010/11/01,0,284000,-16000,268000
2010/11/02,0,105000,-35000,70000
2010/11/03,0,206143,-39000,167143
2010/11/04,0,91000,-130000,-39000
2010/11/05,0,75000,-177000,-102000
2010/11/08,0,264000,-250000,14000
2010/11/09,0,66000,-46000,20000
2010/11/10,0,75000,-87000,-12000
2010/11/11,0,58000,-41000,17000
2010/11/12,0,75000,-31000,44000
2010/11/15,0,79000,-63000,16000
2010/11/16,0,84000,-77000,7000
2010/11/17,0,56000,-59000,-3000
2010/11/18,0,50000,-87000,-37000
2010/11/19,0,60000,-115121,-55121
2010/11/22,0,146000,-172000,-26000
2010/11/23,0,49000,-10000,39000
2010/11/24,0,76000,-5000,71000
2010/11/25,0,29000,-16000,13000
2010/11/26,0,61000,-11000,50000
2010/11/29,0,25000,-22000,3000
2010/11/30,0,108000,-77143,30857
2010/12/01,0,89000,-181000,-92000
2010/12/02,0,7000,-46000,-39000
2010/12/03,0,169000,-196000,-27000
2010/12/06,0,115000,-94000,21000
2010/12/07,0,0,-83000,-83000
2010/12/08,0,137000,-169000,-32000
2010/12/09,0,89000,-110000,-21000
2010/12/10,0,61000,-100000,-39000
2010/12/13,0,99000,-115000,-16000
2010/12/14,0,162000,-133000,29000
2010/12/15,0,98000,-164000,-66000
2010/12/16,0,35000,-129000,-94000
2010/12/17,0,128000,-2000,126000
2010/12/20,0,101000,-219000,-118000
2010/12/21,0,0,-167000,-167000
2010/12/22,0,0,-208000,-208000
2010/12/23,0,1000,-188000,-187000
2010/12/24,0,37000,-14000,23000
2010/12/27,0,29000,0,29000
2010/12/28,0,14000,-2000,12000
2010/12/29,0,40000,-42000,-2000
2010/12/30,0,15000,-41000,-26000
2010/12/31,0,11000,-3000,8000
2011/01/03,0,14000,-56000,-42000
2011/01/04,0,15000,-112000,-97000
2011/01/05,0,111000,-280000,-169000
2011/01/06,0,61000,-54000,7000
2011/01/07,0,120000,-130000,-10000
2011/01/10,0,50000,-79000,-29000
2011/01/11,0,43000,-162800,-119800
2011/01/12,0,18000,-195600,-177600
2011/01/13,0,3451,-146600,-143149
2011/01/14,0,18000,-110000,-92000
2011/01/17,0,68000,-25000,43000
2011/01/18,0,46000,-25000,21000
2011/01/19,0,143000,-40000,103000
2011/01/20,0,5000,-76000,-71000
2011/01/21,0,10000,-141000,-131000
2011/01/24,0,0,-36000,-36000
2011/01/25,0,21000,-88000,-67000
2011/01/26,0,2000,-100000,-98000
2011/01/27,0,34000,-86000,-52000
2011/01/28,0,14000,-154359,-140359
2011/01/31,0,0,0,0
2011/02/01,0,0,0,0
2011/02/02,0,0,0,0
2011/02/03,0,0,0,0
2011/02/04,0,0,0,0
2011/02/07,0,0,0,0
2011/02/08,0,37000,-472159,-435159
2011/02/09,0,49000,-193022,-144022
2011/02/10,0,17000,-160000,-143000
2011/02/11,0,31000,-787807,-756807
2011/02/14,0,7000,-257807,-250807
2011/02/15,0,0,-146000,-146000
2011/02/16,0,30000,-125000,-95000
2011/02/17,0,6000,-379000,-373000
2011/02/18,0,30000,-466000,-436000
2011/02/21,0,1000,-165000,-164000
2011/02/22,0,56000,-358000,-302000
2011/02/23,0,6935,-135000,-128065
2011/02/24,0,0,-55722,-55722
2011/02/25,0,27000,-102000,-75000
2011/02/28,0,0,0,0
2011/03/01,0,1000,-93000,-92000
2011/03/02,0,7000,-277000,-270000
2011/03/03,0,22000,-80000,-58000
2011/03/04,0,1000,-215000,-214000
2011/03/07,0,3000,-33000,-30000
2011/03/08,0,8000,-54000,-46000
2011/03/09,0,11000,-140083,-129083
2011/03/10,0,0,-27000,-27000
2011/03/11,0,0,-86000,-86000
2011/03/14,0,42000,-288000,-246000
2011/03/15,0,105000,-84000,21000
2011/03/16,0,17000,-62000,-45000
2011/03/17,0,19000,-101000,-82000
2011/03/18,0,18000,-82738,-64738
2011/03/21,0,7000,-142000,-135000
2011/03/22,0,0,-77000,-77000
2011/03/23,0,1000,-4000,-3000
2011/03/24,0,0,0,0
2011/03/25,0,17000,-3000,14000
2011/03/28,0,19000,-48000,-29000
2011/03/29,0,17000,-2000,15000
2011/03/30,0,1000,-2000,-1000
2011/03/31,0,61000,-62000,-1000
2011/04/01,0,18000,-92000,-74000
2011/04/04,0,0,0,0
2011/04/05,0,0,0,0
2011/04/06,0,173000,-303000,-130000
2011/04/07,0,27000,-223000,-196000
2011/04/08,0,63000,-40000,23000
2011/04/11,0,25000,-34000,-9000
2011/04/12,0,14000,-47000,-33000
2011/04/13,0,31000,-100000,-69000
2011/04/14,0,23000,-50000,-27000
2011/04/15,0,4000,-62000,-58000
2011/04/18,0,0,-77000,-77000
2011/04/19,0,2000,-59000,-57000
2011/04/20,0,86073,-65000,21073
2011/04/21,0,278807,-75000,203807
2011/04/22,0,143000,-204000,-61000
2011/04/25,0,113000,-115000,-2000
2011/04/26,0,110829,-36000,74829
2011/04/27,0,48000,0,48000
2011/04/28,0,34000,-86000,-52000
2011/04/29,0,68023,-37000,31023
2011/05/02,0,0,0,0
2011/05/03,0,95000,-47000,48000
2011/05/04,0,59000,-26000,33000
2011/05/05,0,19000,-29000,-10000
2011/05/06,0,29000,-11000,18000
2011/05/09,0,133000,0,133000
2011/05/10,0,139000,-60000,79000
2011/05/11,0,151000,-6000,145000
2011/05/12,0,107000,-36000,71000
2011/05/13,0,68000,-14000,54000
2011/05/16,0,17000,-119000,-102000
2011/05/17,0,12000,-603000,-591000
2011/05/18,0,96000,-26000,70000
2011/05/19,0,52000,-50000,2000
2011/05/20,0,5000,-46000,-41000
2011/05/23,0,27000,-30000,-3000
2011/05/24,0,21000,-74000,-53000
2011/05/25,0,11000,-92000,-81000
2011/05/26,0,16000,-45000,-29000
2011/05/27,0,6000,-34000,-28000
2011/05/30,0,16000,-75000,-59000
2011/05/31,0,62000,-307000,-245000
2011/06/01,0,81000,-203000,-122000
2011/06/02,0,116000,-50000,66000
2011/06/03,0,94000,-19000,75000
2011/06/06,0,0,0,0
2011/06/07,0,29000,-2000,27000
2011/06/08,0,20000,-1000,19000
2011/06/09,0,104000,-1000,103000
2011/06/10,0,48000,-246000,-198000
2011/06/13,0,33000,-86000,-53000
2011/06/14,0,67000,-7000,60000
2011/06/15,0,569000,-368000,201000
2011/06/16,0,8000,-183000,-175000
2011/06/17,0,754000,-671993,82007
2011/06/20,0,67000,-134000,-67000
2011/06/21,0,286000,-252000,34000
2011/06/22,0,135000,-130000,5000
2011/06/23,0,65000,-70000,-5000
2011/06/24,0,237000,-330000,-93000
2011/06/27,0,51000,-78000,-27000
2011/06/28,0,4000,-138000,-134000
2011/06/29,0,95000,-4000,91000
2011/06/30,0,35000,-75000,-40000
2011/07/01,0,7000,-424000,-417000
2011/07/04,0,4000,-513000,-509000
2011/07/05,0,10000,-364000,-354000
2011/07/06,0,284762,-487000,-202238
2011/07/07,0,24877,-268000,-243123
2011/07/08,0,43902,-579000,-535098
2011/07/11,0,156291,-329000,-172709
2011/07/12,0,82299,-356000,-273701
2011/07/13,0,607966,-372000,235966
2011/07/14,0,373223,-373000,223
2011/07/15,0,134000,-294000,-160000
2011/07/18,0,223061,-434000,-210939
2011/07/19,0,89000,-238000,-149000
2011/07/20,0,321640,-257000,64640
2011/07/21,0,216848,-344000,-127152
2011/07/22,0,506886,-112000,394886
2011/07/25,0,779000,-19000,760000
2011/07/26,0,40078,-68000,-27922
2011/07/27,0,422000,-34000,388000
2011/07/28,0,434000,-71000,363000
2011/07/29,0,835828,-685000,150828
2011/08/01,0,912000,-1061000,-149000
2011/08/02,0,358364,-382000,-23636
2011/08/03,0,301549,-443000,-141451
2011/08/04,0,605657,-23000,582657
2011/08/05,0,739545,-183000,556545
2011/08/08,0,635193,-622765,12428
2011/08/09,0,445000,-417000,28000
2011/08/10,0,25000,-404000,-379000
2011/08/11,0,212000,-260000,-48000
2011/08/12,0,81000,-288000,-207000
2011/08/15,0,317000,-136000,181000
2011/08/16,0,422000,-210000,212000
2011/08/17,0,400120,-269000,131120
2011/08/18,0,612361,-309117,303244
2011/08/19,0,557622,-137000,420622
2011/08/22,0,665472,-258000,407472
2011/08/23,0,719000,-335000,384000
2011/08/24,0,297411,-167000,130411
2011/08/25,0,240769,-25000,215769
2011/08/26,0,208029,-74000,134029
2011/08/29,0,91000,-66000,25000
2011/08/30,0,166801,-135000,31801
2011/08/31,0,65508,-52000,13508
2011/09/01,0,98648,-117000,-18352
2011/09/02,0,20863,-101000,-80137
2011/09/05,0,95000,-181000,-86000
2011/09/06,0,120501,-117000,3501
2011/09/07,0,122959,-39118,83841
2011/09/08,0,29069,-58000,-28931
2011/09/09,0,67000,-14000,53000
2011/09/12,0,0,0,0
2011/09/13,0,819130,-799000,20130
2011/09/14,0,120326,-183000,-62674
2011/09/15,0,440000,-159000,281000
2011/09/16,0,622000,-92000,530000
2011/09/19,0,235688,-50000,185688
2011/09/20,0,119000,-25000,94000
2011/09/21,0,153777,-25000,128777
2011/09/22,0,248000,-479000,-231000
2011/09/23,0,318278,-354000,-35722
2011/09/26,0,356076,-11000,345076
2011/09/27,0,84130,-34000,50130
2011/09/28,0,182545,-46000,136545
2011/09/29,0,207243,-10000,197243
2011/09/30,0,448000,-114000,334000
2011/10/03,0,715288,-502581,212707
2011/10/04,0,168000,-427400,-259400
2011/10/05,0,84000,-318000,-234000
2011/10/06,0,477000,-919000,-442000
2011/10/07,0,113000,-8000,105000
2011/10/10,0,0,0,0
2011/10/11,0,216000,-59000,157000
2011/10/12,0,258000,-125000,133000
2011/10/13,0,80918,-81000,-82
2011/10/14,0,22091,-10000,12091
2011/10/17,0,57298,0,57298
2011/10/18,0,119379,0,119379
2011/10/19,0,10132,-30000,-19868
2011/10/20,0,36082,-2000,34082
2011/10/21,0,17147,-13000,4147
2011/10/24,0,126069,-2000,124069
2011/10/25,0,167367,-24419,142948
2011/10/26,0,56000,-19000,37000
2011/10/27,0,619000,-161000,458000
2011/10/28,0,460000,-177000,283000
2011/10/31,0,112000,-91000,21000
2011/11/01,0,168000,-62000,106000
2011/11/02,0,133000,-25000,108000
2011/11/03,0,100000,-49000,51000
2011/11/04,0,313000,-1000,312000
2011/11/07,0,70000,-77000,-7000
2011/11/08,0,122000,-37000,85000
2011/11/09,0,171000,-63000,108000
2011/11/10,0,196000,-109000,87000
2011/11/11,0,176000,-59000,117000
2011/11/14,0,207000,0,207000
2011/11/15,0,300000,-2000,298000
2011/11/16,0,3183000,-654000,2529000
2011/11/17,0,1720000,-175600,1544400
2011/11/18,0,851000,-349000,502000
2011/11/21,0,1477000,-740000,737000
2011/11/22,0,1662000,-1020000,642000
2011/11/23,0,797000,-711600,85400
2011/11/24,0,1734000,-1440000,294000
2011/11/25,0,849000,-767000,82000
2011/11/28,0,1111000,-1138000,-27000
2011/11/29,0,1263000,-1315000,-52000
2011/11/30,0,13829565,-10619000,3210565
2011/12/01,0,2555764,-2205000,350764
2011/12/02,0,1524000,-1065000,459000
2011/12/05,0,149000,-487000,-338000
2011/12/06,0,319216,-263000,56216
2011/12/07,0,581000,-565000,16000
2011/12/08,0,213000,-250000,-37000
2011/12/09,0,452063,-320000,132063
2011/12/12,0,153000,-69000,84000
2011/12/13,0,208000,-85000,123000
2011/12/14,0,136864,-123000,13864
2011/12/15,0,103216,-301000,-197784
2011/12/16,0,92000,-120000,-28000
2011/12/19,0,75000,-148000,-73000
2011/12/20,0,148000,-640400,-492400
2011/12/21,0,262000,-363600,-101600
2011/12/22,0,177000,-239000,-62000
2011/12/23,0,144000,-14000,130000
2011/12/26,0,8000,-80000,-72000
2011/12/27,0,76000,-5000,71000
2011/12/28,0,102000,-44000,58000
2011/12/29,0,259000,-62000,197000
2011/12/30,0,155921,-107000,48921
2012/01/02,0,20000,-63000,-43000
2012/01/03,0,122000,-16000,106000
2012/01/04,0,35000,-69000,-34000
2012/01/05,0,98432,-82000,16432
2012/01/06,0,48000,-178000,-130000
2012/01/09,0,138000,-53000,85000
2012/01/10,0,302000,-173000,129000
2012/01/11,0,82000,-171000,-89000
2012/01/12,0,108000,-135000,-27000
2012/01/13,0,216000,-308000,-92000
2012/01/16,0,217000,-951000,-734000
2012/01/17,0,66000,-99000,-33000
2012/01/18,0,382000,-556000,-174000
2012/01/19,0,0,0,0
2012/01/20,0,0,0,0
2012/01/23,0,0,0,0
2012/01/24,0,0,0,0
2012/01/25,0,0,0,0
2012/01/26,0,0,0,0
2012/01/27,0,0,0,0
2012/01/30,0,462883,-719000,-256117
2012/01/31,0,539883,-1203380,-663497
2012/02/01,0,133000,-446000,-313000
2012/02/02,0,190209,-441000,-250791
2012/02/03,0,187000,-661000,-474000
2012/02/06,0,301000,-485000,-184000
2012/02/07,0,219000,-319000,-100000
2012/02/08,0,224000,-1182574,-958574
2012/02/09,0,964000,-166684,797316
2012/02/10,0,594463,-128000,466463
2012/02/13,0,469000,-108000,361000
2012/02/14,0,402736,-87000,315736
2012/02/15,0,301836,-47000,254836
2012/02/16,0,609672,-109000,500672
2012/02/17,0,598000,-279000,319000
2012/02/20,0,150000,-10000,140000
2012/02/21,0,299000,-77000,222000
2012/02/22,0,213000,-257000,-44000
2012/02/23,0,119000,-341000,-222000
2012/02/24,0,176500,-406000,-229500
2012/02/27,0,0,0,0
2012/02/28,0,0,0,0
2012/02/29,0,981824,-989000,-7176
2012/03/01,0,581675,-204000,377675
2012/03/02,0,173226,-175500,-2274
2012/03/05,0,250000,-81000,169000
2012/03/06,0,317418,-53000,264418
2012/03/07,0,829000,-307000,522000
2012/03/08,0,761704,-169000,592704
2012/03/09,0,872000,-1177000,-305000
2012/03/12,0,223000,-234000,-11000
2012/03/13,0,1481000,-812567,668433
2012/03/14,0,890418,-153961,736457
2012/03/15,0,1171989,-872000,299989
2012/03/16,0,1813722,-1604693,209029
2012/03/19,0,167000,-557000,-390000
2012/03/20,0,347000,-293000,54000
2012/03/21,0,769000,-675000,94000
2012/03/22,0,333000,-128000,205000
2012/03/23,0,127736,-297000,-169264
2012/03/26,0,233000,-417000,-184000
2012/03/27,0,916000,-130000,786000
2012/03/28,0,400000,-188000,212000
2012/03/29,0,669000,-678000,-9000
2012/03/30,0,315653,-740000,-424347
2012/04/02,0,117000,-226000,-109000
2012/04/03,0,251088,-70000,181088
2012/04/04,0,0,0,0
2012/04/05,0,90000,-179000,-89000
2012/04/06,0,189520,-1292035,-1102515
2012/04/09,0,436000,-1224000,-788000
2012/04/10,0,509472,-1285000,-775528
2012/04/11,0,226000,-1193500,-967500
2012/04/12,0,179000,-817643,-638643
2012/04/13,0,175454,-910000,-734546
2012/04/16,0,85698,-769000,-683302
2012/04/17,0,848000,-682000,166000
2012/04/18,0,806000,-498000,308000
2012/04/19,0,820000,-584000,236000
2012/04/20,0,353000,-702615,-349615
2012/04/23,0,109000,-348000,-239000
2012/04/24,0,164000,-381000,-217000
2012/04/25,0,202420,-832000,-629580
2012/04/26,0,115000,-444382,-329382
2012/04/27,0,65781,-795000,-729219
2012/04/30,0,1115000,-797000,318000
2012/05/01,0,0,0,0
2012/05/02,0,656000,-1585000,-929000
2012/05/03,0,893000,-657000,236000
2012/05/04,0,733046,-82000,651046
2012/05/07,0,497000,-600000,-103000
2012/05/08,0,31000,-353000,-322000
2012/05/09,0,136000,-410000,-274000
2012/05/10,0,110629,-397072,-286443
2012/05/11,0,94650,-203000,-108350
2012/05/14,0,25000,-343000,-318000
2012/05/15,0,140000,-64000,76000
2012/05/16,0,193000,-540000,-347000
2012/05/17,0,347149,-199000,148149
2012/05/18,0,214000,-316000,-102000
2012/05/21,0,57000,-205000,-148000
2012/05/22,0,66000,-220000,-154000
2012/05/23,0,104759,-202000,-97241
2012/05/24,0,129000,-99000,30000
2012/05/25,0,130204,-98000,32204
2012/05/28,0,60000,-39000,21000
2012/05/29,0,356000,-121000,235000
2012/05/30,0,444000,-618000,-174000
2012/05/31,0,601122,-536177,64945
2012/06/01,0,22000,-155385,-133385
2012/06/04,0,130623,-409610,-278987
2012/06/05,0,403000,-71000,332000
2012/06/06,0,145000,-134000,11000
2012/06/07,0,71722,-44000,27722
2012/06/08,0,108768,-45000,63768
2012/06/11,0,321846,-152000,169846
2012/06/12,0,258000,-227000,31000
2012/06/13,0,98706,-141000,-42294
2012/06/14,0,63893,-44000,19893
2012/06/15,0,183000,-52618,130382
2012/06/18,0,233097,-33000,200097
2012/06/19,0,86468,-79000,7468
2012/06/20,0,193777,-114868,78909
2012/06/21,0,39527,-106000,-66473
2012/06/22,0,51848,-171000,-119152
2012/06/25,0,41281,-343000,-301719
2012/06/26,0,71000,-110000,-39000
2012/06/27,0,87000,-141000,-54000
2012/06/28,0,110000,-550522,-440522
2012/06/29,0,433000,-275000,158000
2012/07/02,0,107000,-176000,-69000
2012/07/03,0,235000,-70000,165000
2012/07/04,0,181476,-246000,-64524
2012/07/05,0,111000,-39000,72000
2012/07/06,0,280000,-79028,200972
2012/07/09,0,81000,-149000,-68000
2012/07/10,0,85000,-33000,52000
2012/07/11,0,179000,-34000,145000
2012/07/12,0,83000,-246140,-163140
2012/07/13,0,146500,-90000,56500
2012/07/16,0,76940,-46000,30940
2012/07/17,0,203000,-52000,151000
2012/07/18,0,100000,-122999,-22999
2012/07/19,0,225000,-46000,179000
2012/07/20,0,173000,-53618,119382
2012/07/23,0,42341,-157000,-114659
2012/07/24,0,92000,-73000,19000
2012/07/25,0,153000,-128000,25000
2012/07/26,0,195275,-100047,95228
2012/07/27,0,285275,-23000,262275
2012/07/30,0,149789,-30000,119789
2012/07/31,0,491000,-252000,239000
2012/08/01,0,237000,-74000,163000
2012/08/02,0,0,0,0
2012/08/03,0,244556,-106000,138556
2012/08/06,0,313000,-44000,269000
2012/08/07,0,318000,-38000,280000
2012/08/08,0,760210,-65000,695210
2012/08/09,0,704250,-128000,576250
2012/08/10,0,343000,-106000,237000
2012/08/13,0,449000,-75000,374000
2012/08/14,0,349026,-199000,150026
2012/08/15,0,206573,-81000,125573
2012/08/16,0,227000,-77000,150000
2012/08/17,0,32000,-75000,-43000
2012/08/20,0,113000,-143000,-30000
2012/08/21,0,514245,-67400,446845
2012/08/22,0,41554,-33000,8554
2012/08/23,0,90719,-39000,51719
2012/08/24,0,68497,-61000,7497
2012/08/27,0,75000,-107000,-32000
2012/08/28,0,121287,-63000,58287
2012/08/29,0,419000,-181000,238000
2012/08/30,0,219000,-397000,-178000
2012/08/31,0,328677,-83568,245109
2012/09/03,0,31000,-81000,-50000
2012/09/04,0,60000,-84000,-24000
2012/09/05,0,21000,-217000,-196000
2012/09/06,0,17000,-197000,-180000
2012/09/07,0,35000,-1346,33654
2012/09/10,0,33032,-77251,-44219
2012/09/11,0,37000,-28000,9000
2012/09/12,0,90000,-56000,34000
2012/09/13,0,133000,-2000,131000
2012/09/14,0,219000,-85000,134000
2012/09/17,0,68000,-161000,-93000
2012/09/18,0,178000,-59000,119000
2012/09/19,0,244000,-75000,169000
2012/09/20,0,106000,-106183,-183
2012/09/21,0,180518,-89000,91518
2012/09/24,0,66000,-166000,-100000
2012/09/25,0,247000,-85000,162000
2012/09/26,0,79000,-29000,50000
2012/09/27,0,186000,-48777,137223
2012/09/28,0,191500,-275239,-83739
2012/10/01,0,32000,-65000,-33000
2012/10/02,0,143000,-10000,133000
2012/10/03,0,47000,-45000,2000
2012/10/04,0,90000,-62000,28000
2012/10/05,0,62000,-24000,38000
2012/10/08,0,71000,-53000,18000
2012/10/09,0,262000,-168765,93235
2012/10/10,0,0,0,0
2012/10/11,0,34300,-37000,-2700
2012/10/12,0,49000,-76000,-27000
2012/10/15,0,50000,-17000,33000
2012/10/16,0,103000,-30000,73000
2012/10/17,0,146000,-67793,78207
2012/10/18,0,80000,-8000,72000
2012/10/19,0,105000,-36000,69000
2012/10/22,0,73000,-43614,29386
2012/10/23,0,79200,-72000,7200
2012/10/24,0,40000,-67719,-27719
2012/10/25,0,30000,-54000,-24000
2012/10/26,0,158000,-125000,33000
2012/10/29,0,171600,-60000,111600
2012/10/30,0,105544,-125000,-19456
2012/10/31,0,122000,-103000,19000
2012/11/01,0,125000,-151000,-26000
2012/11/02,0,195000,-566000,-371000
2012/11/05,0,226000,-265000,-39000
2012/11/06,0,262000,-248000,14000
2012/11/07,0,179000,-440000,-261000
2012/11/08,0,193000,-281200,-88200
2012/11/09,0,46000,-200000,-154000
2012/11/12,0,96000,-134000,-38000
2012/11/13,0,42000,-340000,-298000
2012/11/14,0,53000,-100000,-47000
2012/11/15,0,187000,-145000,42000
2012/11/16,0,218000,-274000,-56000
2012/11/19,0,307000,-191000,116000
2012/11/20,0,196000,-80000,116000
2012/11/21,0,142000,-161000,-19000
2012/11/22,0,85000,-17000,68000
2012/11/23,0,232000,-57000,175000
2012/11/26,0,371000,-125000,246000
2012/11/27,0,329000,-165000,164000
2012/11/28,0,226800,-259400,-32600
2012/11/29,0,633000,-370000,263000
2012/11/30,0,799030,-204431,594599
2012/12/03,0,474000,-131116,342884
2012/12/04,0,264398,-94000,170398
2012/12/05,0,434000,-65000,369000
2012/12/06,0,251000,-51000,200000
2012/12/07,0,188000,-70000,118000
2012/12/10,0,125000,-77000,48000
2012/12/11,0,246693,-164000,82693
2012/12/12,0,332000,-252000,80000
2012/12/13,0,351906,-293000,58906
2012/12/14,0,300353,-185200,115153
2012/12/17,0,154000,-133000,21000
2012/12/18,0,245000,-207000,38000
2012/12/19,0,334000,-201000,133000
2012/12/20,0,199000,-406800,-207800
2012/12/21,0,175000,-165935,9065
2012/12/24,0,43000,-103000,-60000
2012/12/25,0,129000,-23000,106000
2012/12/26,0,114000,-29000,85000
2012/12/27,0,111757,-52000,59757
2012/12/28,0,351000,-44000,307000
2012/12/31,0,0,0,0
2013/01/01,0,0,0,0
2013/01/02,0,196000,-61000,135000
2013/01/03,0,235000,-48000,187000
2013/01/04,0,406000,-109000,297000
2013/01/07,0,195000,-97500,97500
2013/01/08,0,108000,-73030,34970
2013/01/09,0,86000,-70000,16000
2013/01/10,0,372000,-320000,52000
2013/01/11,0,171000,-71000,100000
2013/01/14,0,70000,-78000,-8000
2013/01/15,0,147735,-158000,-10265
2013/01/16,0,123000,-165000,-42000
2013/01/17,0,213400,-147700,65700
2013/01/18,0,183000,-163000,20000
2013/01/21,0,119000,-55000,64000
2013/01/22,0,107000,-132145,-25145
2013/01/23,0,86000,-90343,-4343
2013/01/24,0,153000,-154000,-1000
2013/01/25,0,127097,-211000,-83903
2013/01/28,0,81000,-90000,-9000
2013/01/29,0,295100,-165000,130100
2013/01/30,0,262000,-87000,175000
2013/01/31,0,380000,-421000,-41000
2013/02/01,0,136000,-94000,42000
2013/02/04,0,255116,-99000,156116
2013/02/05,0,136000,-160300,-24300
2013/02/06,0,94305,-50000,44305
2013/02/07,0,0,0,0
2013/02/08,0,0,0,0
2013/02/11,0,0,0,0
2013/02/12,0,0,0,0
2013/02/13,0,0,0,0
2013/02/14,0,0,0,0
2013/02/15,0,0,0,0
2013/02/18,0,269316,-298000,-28684
2013/02/19,0,133932,-138477,-4545
2013/02/20,0,246949,-284320,-37371
2013/02/21,0,147000,-146381,619
2013/02/22,0,109000,-181000,-72000
2013/02/25,0,118000,-264753,-146753
2013/02/26,0,64000,-156836,-92836
2013/02/27,0,240000,-175000,65000
2013/02/28,0,0,0,0
2013/03/01,0,598000,-340672,257328
2013/03/04,0,166000,-333000,-167000
2013/03/05,0,49000,-209000,-160000
2013/03/06,0,167000,-14000,153000
2013/03/07,0,31425,-28000,3425
2013/03/08,0,159300,-28000,131300
2013/03/11,0,533000,-92000,441000
2013/03/12,0,238000,-147242,90758
2013/03/13,0,203000,-100000,103000
2013/03/14,0,85000,-134004,-49004
2013/03/15,0,841852,-152840,689012
2013/03/18,0,334000,-321334,12666
2013/03/19,0,247000,-234000,13000
2013/03/20,0,248000,-398587,-150587
2013/03/21,0,203500,-191000,12500
2013/03/22,0,183851,-113275,70576
2013/03/25,0,36000,-62000,-26000
2013/03/26,0,94924,-132666,-37742
2013/03/27,0,65000,-76000,-11000
2013/03/28,0,55452,-76000,-20548
2013/03/29,0,142000,-58000,84000
2013/04/01,0,40190,-15000,25190
2013/04/02,0,85105,-52000,33105
2013/04/03,0,154000,-25000,129000
2013/04/04,0,0,0,0
2013/04/05,0,0,0,0
2013/04/08,0,72000,-180000,-108000
2013/04/09,0,38667,-170195,-131528
2013/04/10,0,196000,-124000,72000
2013/04/11,0,211108,-47000,164108
2013/04/12,0,93000,-119000,-26000
2013/04/15,0,30944,-42200,-11256
2013/04/16,0,87513,-26000,61513
2013/04/17,0,348800,-194000,154800
2013/04/18,0,186700,-137000,49700
2013/04/19,0,238500,-35000,203500
2013/04/22,0,59400,-44000,15400
2013/04/23,0,76000,-56000,20000
2013/04/24,0,185000,-42000,143000
2013/04/25,0,152300,-117000,35300
2013/04/26,0,229300,-61000,168300
2013/04/29,0,208000,-10000,198000
2013/04/30,0,357200,-66000,291200
2013/05/01,0,0,0,0
2013/05/02,0,86774,-22574,64200
2013/05/03,0,135000,-20000,115000
2013/05/06,0,79772,-19438,60334
2013/05/07,0,130789,-13000,117789
2013/05/08,0,330100,-36000,294100
2013/05/09,0,158715,-65000,93715
2013/05/10,0,190000,-58000,132000
2013/05/13,0,121100,-81940,39160
2013/05/14,0,160000,-73050,86950
2013/05/15,0,210092,-106060,104032
2013/05/16,0,221000,-77000,144000
2013/05/17,0,130000,-57900,72100
2013/05/20,0,110000,-49000,61000
2013/05/21,0,60000,-24532,35468
2013/05/22,0,279000,-123280,155720
2013/05/23,0,311000,-349720,-38720
2013/05/24,0,194080,-134000,60080
2013/05/27,0,64735,-82000,-17265
2013/05/28,0,288000,-73000,215000
2013/05/29,0,304000,-121000,183000
2013/05/30,0,423000,-335000,88000
2013/05/31,0,492000,-229375,262625
2013/06/03,0,251000,-200000,51000
2013/06/04,0,251000,-135500,115500
2013/06/05,0,310000,-183015,126985
2013/06/06,0,250931,-416300,-165369
2013/06/07,0,262239,-251036,11203
2013/06/10,0,243000,-337000,-94000
2013/06/11,0,231000,-155000,76000
2013/06/12,0,0,0,0
2013/06/13,0,300000,-304750,-4750
2013/06/14,0,178000,-159000,19000
2013/06/17,0,61000,-140757,-79757
2013/06/18,0,95864,-171000,-75136
2013/06/19,0,203000,-163730,39270
2013/06/20,0,172000,-182532,-10532
2013/06/21,0,303000,-479844,-176844
2013/06/24,0,125000,-246220,-121220
2013/06/25,0,135000,-121604,13396
2013/06/26,0,256000,-195562,60438
2013/06/27,0,362000,-125000,237000
2013/06/28,0,513000,-448086,64914
2013/07/01,0,251000,-145000,106000
2013/07/02,0,147000,-160000,-13000
2013/07/03,0,110240,-106200,4040
2013/07/04,0,100000,-56000,44000
2013/07/05,0,116000,-24000,92000
2013/07/08,0,153000,-237000,-84000
2013/07/09,0,215000,-56000,159000
2013/07/10,0,359000,-48000,311000
2013/07/11,0,234000,-54685,179315
2013/07/12,0,419000,-442000,-23000
2013/07/15,0,301000,-173000,128000
2013/07/16,0,345000,-217000,128000
2013/07/17,0,354000,-137000,217000
2013/07/18,0,249000,-166000,83000
2013/07/19,0,250279,-188285,61994
2013/07/22,0,277586,-201000,76586
2013/07/23,0,1276000,-1210000,66000
2013/07/24,0,151000,-112000,39000
2013/07/25,0,134000,-375000,-241000
2013/07/26,0,270000,-645000,-375000
2013/07/29,0,400000,-211000,189000
2013/07/30,0,293000,-282453,10547
2013/07/31,0,210000,-293000,-83000
2013/08/01,0,116000,-233000,-117000
2013/08/02,0,83176,-64000,19176
2013/08/05,0,73000,-117000,-44000
2013/08/06,0,123000,-193466,-70466
2013/08/07,0,272000,-317000,-45000
2013/08/08,0,71074,-281000,-209926
2013/08/09,0,232000,-627000,-395000
2013/08/12,0,89000,-204000,-115000
2013/08/13,0,67000,-451000,-384000
2013/08/14,0,81846,-365000,-283154
2013/08/15,0,98000,-297873,-199873
2013/08/16,0,115900,-217000,-101100
2013/08/19,0,106000,-144000,-38000
2013/08/20,0,20611,-629111,-608500
2013/08/21,0,0,0,0
2013/08/22,0,174611,-803322,-628711
2013/08/23,0,154000,-223000,-69000
2013/08/26,0,22000,-117000,-95000
2013/08/27,0,29000,-202000,-173000
2013/08/28,0,52184,-263000,-210816
2013/08/29,0,118000,-224000,-106000
2013/08/30,0,48000,-260000,-212000
2013/09/02,0,325000,-415000,-90000
2013/09/03,0,134000,-193000,-59000
2013/09/04,0,165000,-243000,-78000
2013/09/05,0,359161,-345000,14161
2013/09/06,0,229000,-102000,127000
2013/09/09,0,248581,-155000,93581
2013/09/10,0,290000,-260000,30000
2013/09/11,0,334401,-209284,125117
2013/09/12,0,145000,-17000,128000
2013/09/13,0,319042,-126000,193042
2013/09/16,0,203000,-62000,141000
2013/09/17,0,135000,-253000,-118000
2013/09/18,0,214047,-59000,155047
2013/09/19,0,0,0,0
2013/09/20,0,0,0,0
2013/09/23,0,273000,-301000,-28000
2013/09/24,0,238000,-251034,-13034
2013/09/25,0,377000,-140000,237000
2013/09/26,0,109000,-196000,-87000
2013/09/27,0,288000,-95808,192192
2013/09/30,0,268000,-570160,-302160
2013/10/01,0,215604,-138290,77314
2013/10/02,0,167400,-267943,-100543
2013/10/03,0,409193,-66000,343193
2013/10/04,0,131000,-49000,82000
2013/10/07,0,123400,-110000,13400
2013/10/08,0,177000,-202000,-25000
2013/10/09,0,276000,-171000,105000
2013/10/10,0,0,0,0
2013/10/11,0,259000,-119000,140000
2013/10/14,0,80000,-66425,13575
2013/10/15,0,196000,-224000,-28000
2013/10/16,0,45000,-49000,-4000
2013/10/17,0,350188,-178000,172188
2013/10/18,0,56000,-81000,-25000
2013/10/21,0,63000,-230000,-167000
2013/10/22,0,169868,-246776,-76908
2013/10/23,0,117566,-140000,-22434
2013/10/24,0,100000,-184000,-84000
2013/10/25,0,45122,-251000,-205878
2013/10/28,0,155000,-107000,48000
2013/10/29,0,149000,-258000,-109000
2013/10/30,0,113000,-17000,96000
2013/10/31,0,143000,-86000,57000
2013/11/01,0,73000,-145000,-72000
2013/11/04,0,21000,-181000,-160000
2013/11/05,0,36000,-223000,-187000
2013/11/06,0,106000,-92000,14000
2013/11/07,0,66000,-132000,-66000
2013/11/08,0,24000,-75000,-51000
2013/11/11,0,50000,-111000,-61000
2013/11/12,0,139000,-156000,-17000
2013/11/13,0,31910,-190000,-158090
2013/11/14,0,52332,-145000,-92668
2013/11/15,0,70000,-97000,-27000
2013/11/18,0,22000,-49000,-27000
2013/11/19,0,35000,-69000,-34000
2013/11/20,0,35000,-101831,-66831
2013/11/21,0,31854,-223000,-191146
2013/11/22,0,98000,-94000,4000
2013/11/25,0,131000,-90000,41000
2013/11/26,0,231027,-264583,-33556
2013/11/27,0,113400,-83000,30400
2013/11/28,0,211000,-50000,161000
2013/11/29,0,113000,-109000,4000
2013/12/02,0,61400,-50000,11400
2013/12/03,0,51666,-127692,-76026
2013/12/04,0,264000,-77000,187000
2013/12/05,0,230000,-162000,68000
2013/12/06,0,92000,-84292,7708
2013/12/09,0,319050,-105292,213758
2013/12/10,0,249000,-55000,194000
2013/12/11,0,230000,-27587,202413
2013/12/12,0,90000,-61151,28849
2013/12/13,0,100000,-74292,25708
2013/12/16,0,80000,-120222,-40222
2013/12/17,0,103000,-123223,-20223
2013/12/18,0,57000,-96000,-39000
2013/12/19,0,192000,-40000,152000
2013/12/20,0,153579,-120000,33579
2013/12/23,0,167000,-95000,72000
2013/12/24,0,59000,-28000,31000
2013/12/25,0,32000,-17000,15000
2013/12/26,0,4000,-14000,-10000
2013/12/27,0,171000,-18000,153000
2013/12/30,0,173000,-25800,147200
2013/12/31,0,70000,-18000,52000
2014/01/02,0,206092,-49446,156646
2014/01/03,0,301000,-87000,214000
2014/01/06,0,214000,-152589,61411
2014/01/07,0,177000,-123450,53550
2014/01/08,0,282000,-62000,220000
2014/01/09,0,232000,-84000,148000
2014/01/10,0,201000,-111000,90000
2014/01/13,0,157000,-39605,117395
2014/01/14,0,201050,-47000,154050
2014/01/15,0,199000,-70000,129000
2014/01/16,0,133000,-57000,76000
2014/01/17,0,105400,-130000,-24600
2014/01/20,0,121000,-74000,47000
2014/01/21,0,46000,-46443,-443
2014/01/22,0,219000,-133000,86000
2014/01/23,0,103000,-197000,-94000
2014/01/24,0,169000,-109000,60000
2014/01/27,0,163000,-367758,-204758
2014/02/05,0,180500,-847858,-667358
2014/02/06,0,106000,-499000,-393000
2014/02/07,0,186000,-237000,-51000
2014/02/10,0,62000,-139014,-77014
2014/02/11,0,95257,-35000,60257
2014/02/12,0,84000,-107000,-23000
2014/02/13,0,26295,-177000,-150705
2014/02/14,0,206000,-33750,172250
2014/02/17,0,49000,-23000,26000
2014/02/18,0,97000,-44000,53000
2014/02/19,0,128000,-120000,8000
2014/02/20,0,184159,-60066,124093
2014/02/21,0,217050,-96000,121050
2014/02/24,0,96000,-36004,59996
2014/02/25,0,117000,-67000,50000
2014/02/26,0,325969,-148000,177969
2014/02/27,0,221000,-137046,83954
2014/03/03,0,175000,-342000,-167000
2014/03/04,0,41000,-173000,-132000
2014/03/05,0,97000,-54000,43000
2014/03/06,0,149000,-50000,99000
2014/03/07,0,117000,-28000,89000
2014/03/10,0,98000,-62000,36000
2014/03/11,0,49000,-57184,-8184
2014/03/12,0,85000,-56000,29000
2014/03/13,0,67000,-58233,8767
2014/03/14,0,57000,-153000,-96000
2014/03/17,0,53000,-97000,-44000
2014/03/18,0,81000,-81000,0
2014/03/19,0,13000,-99000,-86000
2014/03/20,0,25000,-195000,-170000
2014/03/21,0,288000,-310000,-22000
2014/03/24,0,147000,-63488,83512
2014/03/25,0,92000,-135330,-43330
2014/03/26,0,166572,-149000,17572
2014/03/27,0,75000,-62000,13000
2014/03/28,0,149000,-93000,56000
2014/03/31,0,428853,-154000,274853
2014/04/01,0,130800,-124417,6383
2014/04/02,0,161000,-164000,-3000
2014/04/03,0,148000,-66000,82000
2014/04/07,0,171000,-124000,47000
2014/04/08,0,95000,-42639,52361
2014/04/09,0,129000,-67000,62000
2014/04/10,0,65000,-99838,-34838
2014/04/11,0,110000,-69000,41000
2014/04/14,0,88000,-18000,70000
2014/04/15,0,61000,-25077,35923
2014/04/16,0,175000,-108000,67000
2014/04/17,0,37460,-27000,10460
2014/04/18,0,33000,-12000,21000
2014/04/21,0,7000,-11000,-4000
2014/04/22,0,36000,-56000,-20000
2014/04/23,0,62000,-60000,2000
2014/04/24,0,51000,-32000,19000
2014/04/25,0,59000,-52000,7000
2014/04/28,0,126000,-68000,58000
2014/04/29,0,47000,-86000,-39000
2014/04/30,0,23000,-198000,-175000
2014/05/02,0,99000,-60000,39000
2014/05/05,0,8213,-83000,-74787
2014/05/06,0,12000,-86000,-74000
2014/05/07,0,122000,-178000,-56000
2014/05/08,0,39000,-85000,-46000
2014/05/09,0,81000,-64000,17000
2014/05/12,0,56000,-88000,-32000
2014/05/13,0,106000,-36000,70000
2014/05/14,0,215000,-91800,123200
2014/05/15,0,64000,-33000,31000
2014/05/16,0,60000,-37000,23000
2014/05/19,0,39000,-15705,23295
2014/05/20,0,40000,-62580,-22580
2014/05/21,0,52000,-51000,1000
2014/05/22,0,130000,-11000,119000
2014/05/23,0,116000,-81000,35000
2014/05/26,0,24000,-21000,3000
2014/05/27,0,29000,-11000,18000
2014/05/28,0,185000,-92000,93000
2014/05/29,0,130000,-54000,76000
2014/05/30,0,200600,-236133,-35533
2014/06/03,0,135000,-112000,23000
2014/06/04,0,66000,-92000,-26000
2014/06/05,0,51000,-53000,-2000
2014/06/06,0,42000,-39000,3000
2014/06/09,0,20000,-16510,3490
2014/06/10,0,105643,-53000,52643
2014/06/11,0,122000,-45000,77000
2014/06/12,0,60000,-18600,41400
2014/06/13,0,66000,-110000,-44000
2014/06/16,0,77000,-52000,25000
2014/06/17,0,56000,-21000,35000
2014/06/18,0,475000,-129000,346000
2014/06/19,0,66587,-47000,19587
2014/06/20,0,130600,-84000,46600
2014/06/23,0,116000,-29701,86299
2014/06/24,0,287000,-123515,163485
2014/06/25,0,107000,-63028,43972
2014/06/26,0,116000,-19000,97000
2014/06/27,0,82000,-46000,36000
2014/06/30,0,138000,-65000,73000
2014/07/01,0,154000,-38000,116000
2014/07/02,0,88000,-59000,29000
2014/07/03,0,69000,-53000,16000
2014/07/04,0,36000,-42000,-6000
2014/07/07,0,79000,-92000,-13000
2014/07/08,0,35681,-54000,-18319
2014/07/09,0,64190,-66000,-1810
2014/07/10,0,190000,-80000,110000
2014/07/11,0,110000,-56224,53776
2014/07/14,0,96000,-55000,41000
2014/07/15,0,61104,-53100,8004
2014/07/16,0,85000,-94000,-9000
2014/07/17,0,137000,-18000,119000
2014/07/18,0,114000,-9000,105000
2014/07/21,0,60000,-26000,34000
2014/07/22,0,235000,-92000,143000
2014/07/23,0,0,0,0
2014/07/24,0,49000,-50000,-1000
2014/07/25,0,137000,-67000,70000
2014/07/28,0,221000,-62000,159000
2014/07/29,0,406000,-74000,332000
2014/07/30,0,444000,-170000,274000
2014/07/31,0,172000,-217000,-45000
2014/08/01,0,109000,-66000,43000
2014/08/04,0,199000,-137000,62000
2014/08/05,0,145000,-400265,-255265
2014/08/06,0,202000,-44000,158000
2014/08/07,0,52000,-157330,-105330
2014/08/08,0,64000,-107256,-43256
2014/08/11,0,19000,-58000,-39000
2014/08/12,0,123000,-118862,4138
2014/08/13,0,215000,-58000,157000
2014/08/14,0,147000,-85000,62000
2014/08/15,0,87000,-54000,33000
2014/08/18,0,71000,-34000,37000
2014/08/19,0,298005,-21000,277005
2014/08/20,0,89055,-68000,21055
2014/08/21,0,145000,-39000,106000
2014/08/22,0,381937,-109000,272937
2014/08/25,0,83600,-76000,7600
2014/08/26,0,109566,-84000,25566
2014/08/27,0,279000,-42000,237000
2014/08/28,0,159000,-73000,86000
2014/08/29,0,174000,-134000,40000
2014/09/01,0,200000,-20000,180000
2014/09/02,0,131000,-96000,35000
2014/09/03,0,218042,-10000,208042
2014/09/04,0,109000,-33704,75296
2014/09/05,0,83000,-38000,45000
2014/09/09,0,50000,-7000,43000
2014/09/10,0,115000,-145000,-30000
2014/09/11,0,46044,-23000,23044
2014/09/12,0,81000,-67000,14000
2014/09/15,0,78000,-48000,30000
2014/09/16,0,83000,-101000,-18000
2014/09/17,0,242000,-244000,-2000
2014/09/18,0,84000,-72000,12000
2014/09/19,0,174000,-165900,8100
2014/09/22,0,85000,-229000,-144000
2014/09/23,0,79000,-89000,-10000
2014/09/24,0,143000,-43000,100000
2014/09/25,0,84000,-68000,16000
2014/09/26,0,72000,-18000,54000
2014/09/29,0,193000,-352000,-159000
2014/09/30,0,201000,-122600,78400
2014/10/01,0,98000,-195000,-97000
2014/10/02,0,55000,-182000,-127000
2014/10/03,0,125000,-113000,12000
2014/10/06,0,212000,-182000,30000
2014/10/07,0,264000,-143000,121000
2014/10/08,0,171000,-135000,36000
2014/10/09,0,141000,-47951,93049
2014/10/13,0,108000,-77000,31000
2014/10/14,0,161000,-160000,1000
2014/10/15,0,201000,-263000,-62000
2014/10/16,0,196000,-216000,-20000
2014/10/17,0,203000,-388000,-185000
2014/10/20,0,208000,-76835,131165
2014/10/21,0,74000,-85000,-11000
2014/10/22,0,166000,-33000,133000
2014/10/23,0,72000,-7000,65000
2014/10/24,0,73074,-138000,-64926
2014/10/27,0,84000,-7000,77000
2014/10/28,0,299000,-10000,289000
2014/10/29,0,223000,-43000,180000
2014/10/30,0,165595,-63000,102595
2014/10/31,0,140000,-48000,92000
2014/11/03,0,152000,-116000,36000
2014/11/04,0,108000,-48000,60000
2014/11/05,0,87000,-30000,57000
2014/11/06,0,183700,-59000,124700
2014/11/07,0,37000,-66032,-29032
2014/11/10,0,255000,-64800,190200
2014/11/11,0,181000,-93000,88000
2014/11/12,0,141000,-192800,-51800
2014/11/13,0,85000,-49000,36000
2014/11/14,0,61000,-90000,-29000
2014/11/17,0,64000,-134288,-70288
2014/11/18,0,204400,-12000,192400
2014/11/19,0,477800,-225000,252800
2014/11/20,0,157000,-76000,81000
2014/11/21,0,95000,-137000,-42000
2014/11/24,0,84000,-111000,-27000
2014/11/25,0,316189,-372183,-55994
2014/11/26,0,40000,-59000,-19000
2014/11/27,0,78000,-130000,-52000
2014/11/28,0,124000,-153000,-29000
2014/12/01,0,67320,-190000,-122680
2014/12/02,0,147000,-276000,-129000
2014/12/03,0,183000,-99000,84000
2014/12/04,0,172000,-71000,101000
2014/12/05,0,35000,-85018,-50018
2014/12/08,0,105000,-164000,-59000
2014/12/09,0,43613,-79000,-35387
2014/12/10,0,88000,-250000,-162000
2014/12/11,0,41050,-83100,-42050
2014/12/12,0,48400,-202000,-153600
2014/12/15,0,71000,-177000,-106000
2014/12/16,0,104504,-94000,10504
2014/12/17,0,145000,-299472,-154472
2014/12/18,0,51616,-224000,-172384
2014/12/19,0,290000,-254361,35639
2014/12/22,0,29000,-63000,-34000
2014/12/23,0,57000,-45000,12000
2014/12/24,0,122000,-29000,93000
2014/12/25,0,24000,-19000,5000
2014/12/26,0,72000,-20000,52000
2014/12/29,0,165000,-52000,113000
2014/12/30,0,67000,-74000,-7000
2014/12/31,0,46000,-77000,-31000
2015/01/01,0,0,0,0
2015/01/02,0,0,0,0
2015/01/05,0,98000,-170000,-72000
2015/01/06,0,79000,-351000,-272000
2015/01/07,0,70547,-260000,-189453
2015/01/08,0,132000,-59516,72484
2015/01/09,0,93000,-30000,63000
2015/01/12,0,32000,-52000,-20000
2015/01/13,0,229428,-77000,152428
2015/01/14,0,72000,-180000,-108000
2015/01/15,0,40000,-101000,-61000
2015/01/16,0,61000,-258158,-197158
2015/01/19,0,124000,-45000,79000
2015/01/20,0,152000,-52000,100000
2015/01/21,0,218000,-29070,188930
2015/01/22,0,324000,-227000,97000
2015/01/23,0,198000,-101800,96200
2015/01/26,0,120000,-87000,33000
2015/01/27,0,91000,-90000,1000
2015/01/28,0,82000,-69000,13000
2015/01/29,0,75000,-198000,-123000
2015/01/30,0,139000,-134000,5000
2015/02/02,0,82000,-21000,61000
2015/02/03,0,76800,-81661,-4861
2015/02/04,0,230204,-81000,149204
2015/02/05,0,129000,-51700,77300
2015/02/06,0,219000,-135000,84000
2015/02/09,0,125000,-37000,88000
2015/02/10,0,256000,-95000,161000
2015/02/11,0,176160,-113000,63160
2015/02/12,0,128000,-123000,5000
2015/02/13,0,87000,-33050,53950
2015/02/16,0,0,0,0
2015/02/17,0,0,0,0
2015/02/18,0,0,0,0
2015/02/19,0,0,0,0
2015/02/20,0,0,0,0
2015/02/23,0,0,0,0
2015/02/24,0,253000,-122317,130683
2015/02/25,0,132000,-88000,44000
2015/02/26,0,215995,-188433,27562
2015/02/27,0,0,0,0
2015/03/02,0,83000,-98000,-15000
2015/03/03,0,54573,-136000,-81427
2015/03/04,0,68000,-47000,21000
2015/03/05,0,83000,-108000,-25000
2015/03/06,0,124000,-131000,-7000
2015/03/09,0,23000,-107000,-84000
2015/03/10,0,26000,-210014,-184014
2015/03/11,0,129000,-226000,-97000
2015/03/12,0,76000,-98000,-22000
2015/03/13,0,102029,-109000,-6971
2015/03/16,0,78000,-123434,-45434
2015/03/17,0,166000,-137900,28100
2015/03/18,0,293000,-107424,185576
2015/03/19,0,134000,-53328,80672
2015/03/20,0,454000,-431000,23000
2015/03/23,0,60000,-38000,22000
2015/03/24,0,94349,-71000,23349
2015/03/25,0,114000,-77000,37000
2015/03/26,0,260000,-68000,192000
2015/03/27,0,135000,-174000,-39000
2015/03/30,0,150000,-84000,66000
2015/03/31,0,289000,-169000,120000
2015/04/01,0,79000,-178000,-99000
2015/04/02,0,203400,-81000,122400
2015/04/03,0,0,0,0
2015/04/06,0,0,0,0
2015/04/07,0,49000,-68000,-19000
2015/04/08,0,107000,-118000,-11000
2015/04/09,0,80000,-73000,7000
2015/04/10,0,154000,-104000,50000
2015/04/13,0,66000,-56000,10000
2015/04/14,0,38000,-80000,-42000
2015/04/15,0,163000,-362000,-199000
2015/04/16,0,107000,-32000,75000
2015/04/17,0,55573,-75000,-19427
2015/04/20,0,81000,-59000,22000
2015/04/21,0,50000,-45000,5000
2015/04/22,0,135000,-81616,53384
2015/04/23,0,316000,-95000,221000
2015/04/24,0,375000,-41666,333334
2015/04/27,0,274000,-39000,235000
2015/04/28,0,207000,-117000,90000
2015/04/29,0,311000,-122000,189000
2015/04/30,0,308000,-360000,-52000
2015/05/01,0,0,0,0
2015/05/04,0,88000,-132277,-44277
2015/05/05,0,153000,-108000,45000
2015/05/06,0,99150,-75000,24150
2015/05/07,0,129000,-78000,51000
2015/05/08,0,77349,-67000,10349
2015/05/11,0,108000,-67000,41000
2015/05/12,0,91000,-57000,34000
2015/05/13,0,80779,-56000,24779
2015/05/14,0,112000,-229000,-117000
2015/05/15,0,88000,-105000,-17000
2015/05/18,0,61000,-52000,9000
2015/05/19,0,80349,-50000,30349
2015/05/20,0,105000,-138000,-33000
2015/05/21,0,71600,-344069,-272469
2015/05/22,0,55000,-55000,0
2015/05/25,0,91000,-108000,-17000
2015/05/26,0,67000,-78000,-11000
2015/05/27,0,66000,-90345,-24345
2015/05/28,0,84758,-268573,-183815
2015/05/29,0,364103,-409578,-45475
2015/06/01,0,37000,-150000,-113000
2015/06/02,0,138062,-202000,-63938
2015/06/03,0,74000,-186028,-112028
2015/06/04,0,185000,-432000,-247000
2015/06/05,0,88000,-288000,-200000
2015/06/08,0,103000,-186000,-83000
2015/06/09,0,46000,-165642,-119642
2015/06/10,0,63000,-201800,-138800
2015/06/11,0,131000,-232000,-101000
2015/06/12,0,97000,-173696,-76696
2015/06/15,0,46000,-125000,-79000
2015/06/16,0,160000,-236000,-76000
2015/06/17,0,340000,-459330,-119330
2015/06/18,0,297000,-377500,-80500
2015/06/19,0,0,0,0
2015/06/22,0,206048,-260589,-54541
2015/06/23,0,165000,-199000,-34000
2015/06/24,0,86080,-93349,-7269
2015/06/25,0,231973,-145000,86973
2015/06/26,0,159000,-155000,4000
2015/06/29,0,77000,-135000,-58000
2015/06/30,0,206000,-136000,70000
2015/07/01,0,145000,-98747,46253
2015/07/02,0,156032,-118000,38032
2015/07/03,0,54000,-170000,-116000
2015/07/06,0,68000,-160000,-92000
2015/07/07,0,201000,-162921,38079
2015/07/08,0,190000,-318000,-128000
2015/07/09,0,193000,-241082,-48082
2015/07/10,0,0,0,0
2015/07/13,0,154000,-255495,-101495
2015/07/14,0,200000,-209000,-9000
2015/07/15,0,228000,-170632,57368
2015/07/16,0,149000,-89000,60000
2015/07/17,0,46000,-128000,-82000
2015/07/20,0,115048,-79000,36048
2015/07/21,0,112000,-55000,57000
2015/07/22,0,129000,-116005,12995
2015/07/23,0,117063,-126000,-8937
2015/07/24,0,24400,-58191,-33791
2015/07/27,0,61000,-107000,-46000
2015/07/28,0,168666,-189000,-20334
2015/07/29,0,118000,-150000,-32000
2015/07/30,0,158000,-161000,-3000
2015/07/31,0,245846,-247000,-1154
2015/08/03,0,193050,-216000,-22950
2015/08/04,0,277000,-65170,211830
2015/08/05,0,176000,-93021,82979
2015/08/06,0,200000,-146000,54000
2015/08/07,0,95000,-119000,-24000
2015/08/10,0,64000,-56000,8000
2015/08/11,0,172000,-264000,-92000
2015/08/12,0,91027,-96986,-5959
2015/08/13,0,176000,-124874,51126
2015/08/14,0,51761,-159100,-107339
2015/08/17,0,55830,-85000,-29170
2015/08/18,0,90000,-126000,-36000
2015/08/19,0,96048,-336000,-239952
2015/08/20,0,105000,-376000,-271000
2015/08/21,0,262000,-330001,-68001
2015/08/24,0,188000,-329000,-141000
2015/08/25,0,388000,-468617,-80617
2015/08/26,0,355000,-452402,-97402
2015/08/27,0,277699,-354000,-76301
2015/08/28,0,253000,-253000,0
2015/08/31,0,377454,-510000,-132546
2015/09/01,0,188000,-217410,-29410
2015/09/02,0,269000,-250573,18427
2015/09/03,0,202000,-163046,38954
2015/09/04,0,184573,-145000,39573
2015/09/07,0,117000,-97496,19504
2015/09/08,0,89000,-198989,-109989
2015/09/09,0,434181,-161000,273181
2015/09/10,0,213000,-161000,52000
2015/09/11,0,40000,-148844,-108844
2015/09/14,0,49000,-122000,-73000
2015/09/15,0,110000,-92000,18000
2015/09/16,0,279000,-88402,190598
2015/09/17,0,193000,-223000,-30000
2015/09/18,0,222349,-275557,-53208
2015/09/21,0,137000,-188768,-51768
2015/09/22,0,91000,-134000,-43000
2015/09/23,0,250000,-317330,-67330
2015/09/24,0,104000,-286000,-182000
2015/09/25,0,202000,-200000,2000
2015/09/28,0,0,0,0
2015/09/29,0,0,0,0
2015/09/30,0,404194,-544640,-140446
2015/10/01,0,304000,-142000,162000
2015/10/02,0,79066,-141000,-61934
2015/10/05,0,79000,-75000,4000
2015/10/06,0,150000,-113000,37000
2015/10/07,0,237000,-140000,97000
2015/10/08,0,94000,-93000,1000
2015/10/09,0,0,0,0
2015/10/12,0,262000,-95000,167000
2015/10/13,0,157400,-114938,42462
2015/10/14,0,59000,-68000,-9000
2015/10/15,0,239000,-141710,97290
2015/10/16,0,178000,-122000,56000
2015/10/19,0,121000,-86000,35000
2015/10/20,0,204000,-152000,52000
2015/10/21,0,85000,-105000,-20000
2015/10/22,0,95000,-132000,-37000
2015/10/23,0,196000,-165000,31000
2015/10/26,0,214000,-208000,6000
2015/10/27,0,146000,-146000,0
2015/10/28,0,105694,-223041,-117347
2015/10/29,0,183000,-249801,-66801
2015/10/30,0,197000,-234000,-37000
2015/11/02,0,127000,-165339,-38339
2015/11/03,0,259000,-224775,34225
2015/11/04,0,413000,-365315,47685
2015/11/05,0,88000,-125000,-37000
2015/11/06,0,119000,-371000,-252000
2015/11/09,0,149747,-160000,-10253
2015/11/10,0,177000,-315700,-138700
2015/11/11,0,132280,-251000,-118720
2015/11/12,0,123000,-192000,-69000
2015/11/13,0,85746,-464000,-378254
2015/11/16,0,116000,-273000,-157000
2015/11/17,0,93000,-161000,-68000
2015/11/18,0,110000,-403723,-293723
2015/11/19,0,247000,-280000,-33000
2015/11/20,0,127000,-142000,-15000
2015/11/23,0,90000,-121000,-31000
2015/11/24,0,119000,-190000,-71000
2015/11/25,0,118000,-176000,-58000
2015/11/26,0,320000,-404964,-84964
2015/11/27,0,88000,-165000,-77000
2015/11/30,0,621706,-813758,-192052
2015/12/01,0,582208,-147079,435129
2015/12/02,0,257000,-181000,76000
2015/12/03,0,269000,-90035,178965
2015/12/04,0,187000,-242184,-55184
2015/12/07,0,224000,-74184,149816
2015/12/08,0,106000,-222267,-116267
2015/12/09,0,166000,-209000,-43000
2015/12/10,0,275000,-371000,-96000
2015/12/11,0,101002,-375598,-274596
2015/12/14,0,132000,-78061,53939
2015/12/15,0,107000,-157120,-50120
2015/12/16,0,366000,-82000,284000
2015/12/17,0,129000,-102197,26803
2015/12/18,0,475787,-402027,73760
2015/12/21,0,164000,-179000,-15000
2015/12/22,0,293708,-105000,188708
2015/12/23,0,94502,-38000,56502
2015/12/24,0,103000,-58000,45000
2015/12/25,0,32000,-27000,5000
2015/12/28,0,115000,-42000,73000
2015/12/29,0,60000,-49000,11000
2015/12/30,0,24000,-90408,-66408
2015/12/31,0,95000,-52000,43000
2016/01/01,0,0,0,0
2016/01/04,0,62560,-383000,-320440
2016/01/05,0,204153,-97000,107153
2016/01/06,0,247658,-147000,100658
2016/01/07,0,157645,-267838,-110193
2016/01/08,0,65000,-265582,-200582
2016/01/11,0,135032,-365000,-229968
2016/01/12,0,217678,-195000,22678
2016/01/13,0,184000,-182595,1405
2016/01/14,0,142400,-77000,65400
2016/01/15,0,128000,-297536,-169536
2016/01/18,0,182349,-213000,-30651
2016/01/19,0,86000,-102774,-16774
2016/01/20,0,82096,-262000,-179904
2016/01/21,0,256000,-273000,-17000
2016/01/22,0,159085,-131000,28085
2016/01/25,0,148000,-120000,28000
2016/01/26,0,110000,-159000,-49000
2016/01/27,0,115000,-114111,889
2016/01/28,0,243000,-220393,22607
2016/01/29,0,416860,-183000,233860
2016/02/01,0,168000,-189000,-21000
2016/02/02,0,105000,-142558,-37558
2016/02/03,0,152792,-250185,-97393
2016/02/04,0,0,0,0
2016/02/05,0,0,0,0
2016/02/08,0,0,0,0
2016/02/09,0,0,0,0
2016/02/10,0,0,0,0
2016/02/11,0,0,0,0
2016/02/12,0,0,0,0
2016/02/15,0,176400,-152815,23585
2016/02/16,0,153136,-161000,-7864
2016/02/17,0,119800,-67350,52450
2016/02/18,0,222000,-153000,69000
2016/02/19,0,169096,-137236,31860
2016/02/22,0,75000,-52000,23000
2016/02/23,0,65558,-90781,-25223
2016/02/24,0,141000,-133956,7044
2016/02/25,0,223335,-47610,175725
2016/02/26,0,277000,-173085,103915
2016/02/29,0,0,0,0
2016/03/01,0,153596,-190000,-36404
2016/03/02,0,60016,-56000,4016
2016/03/03,0,198000,-153000,45000
2016/03/04,0,155000,-125000,30000
2016/03/07,0,167000,-243095,-76095
2016/03/08,0,161134,-91000,70134
2016/03/09,0,156938,-391000,-234062
2016/03/10,0,176000,-145000,31000
2016/03/11,0,191000,-85000,106000
2016/03/14,0,104000,-109000,-5000
2016/03/15,0,125000,-178000,-53000
2016/03/16,0,149000,-159000,-10000
2016/03/17,0,244000,-193000,51000
2016/03/18,0,560200,-500000,60200
2016/03/21,0,145000,-103000,42000
2016/03/22,0,107454,-193454,-86000
2016/03/23,0,134000,-132000,2000
2016/03/24,0,136000,-89000,47000
2016/03/25,0,31000,-69000,-38000
2016/03/28,0,92000,-102000,-10000
2016/03/29,0,75000,-126000,-51000
2016/03/30,0,233000,-110000,123000
2016/03/31,0,304000,-272000,32000
2016/04/01,0,81000,-281000,-200000
2016/04/04,0,0,0,0
2016/04/05,0,0,0,0
2016/04/06,0,126096,-290000,-163904
2016/04/07,0,224305,-387200,-162895
2016/04/08,0,297000,-425000,-128000
2016/04/11,0,123000,-122670,330
2016/04/12,0,74000,-62000,12000
2016/04/13,0,247800,-104000,143800
2016/04/14,0,120000,-118678,1322
2016/04/15,0,394271,-50000,344271
2016/04/18,0,113000,-121000,-8000
2016/04/19,0,96000,-208029,-112029
2016/04/20,0,202104,-357000,-154896
2016/04/21,0,119466,-111000,8466
2016/04/22,0,55000,-76000,-21000
2016/04/25,0,69000,-51000,18000
2016/04/26,0,110463,-72000,38463
2016/04/27,0,101000,-139630,-38630
2016/04/28,0,97534,-290000,-192466
2016/04/29,0,97000,-178000,-81000
2016/05/02,0,0,0,0
2016/05/03,0,71000,-178000,-107000
2016/05/04,0,137000,-384737,-247737
2016/05/05,0,194000,-318000,-124000
2016/05/06,0,159000,-305000,-146000
2016/05/09,0,107000,-186000,-79000
2016/05/10,0,215000,-380000,-165000
2016/05/11,0,131000,-384000,-253000
2016/05/12,0,106000,-222000,-116000
2016/05/13,0,136000,-398000,-262000
2016/05/16,0,166000,-259000,-93000
2016/05/17,0,224000,-555824,-331824
2016/05/18,0,174987,-298000,-123013
2016/05/19,0,94000,-338000,-244000
2016/05/20,0,122000,-166048,-44048
2016/05/23,0,275005,-189000,86005
2016/05/24,0,60000,-181000,-121000
2016/05/25,0,95000,-114000,-19000
2016/05/26,0,53000,-136000,-83000
2016/05/27,0,214024,-91547,122477
2016/05/30,0,215000,-276000,-61000
2016/05/31,0,504452,-558423,-53971
2016/06/01,0,241000,-197000,44000
2016/06/02,0,193000,-252000,-59000
2016/06/03,0,162000,-171000,-9000
2016/06/06,0,132000,-173000,-41000
2016/06/07,0,270500,-161000,109500
2016/06/08,0,268000,-295000,-27000
2016/06/09,0,0,0,0
2016/06/10,0,0,0,0
2016/06/13,0,210000,-198000,12000
2016/06/14,0,67952,-153000,-85048
2016/06/15,0,157000,-181421,-24421
2016/06/16,0,91000,-517905,-426905
2016/06/17,0,494652,-396000,98652
2016/06/20,0,385000,-140000,245000
2016/06/21,0,345000,-297000,48000
2016/06/22,0,274814,-227000,47814
2016/06/23,0,159998,-167000,-7002
2016/06/24,0,219000,-381000,-162000
2016/06/27,0,32000,-78000,-46000
2016/06/28,0,52000,-152000,-100000
2016/06/29,0,112000,-85000,27000
2016/06/30,0,115700,-78000,37700
2016/07/01,0,173000,-66000,107000
2016/07/04,0,79000,-54000,25000
2016/07/05,0,47000,-89000,-42000
2016/07/06,0,43000,-302000,-259000
2016/07/07,0,57000,-87188,-30188
2016/07/08,0,0,0,0
2016/07/11,0,211000,-49000,162000
2016/07/12,0,223000,-239007,-16007
2016/07/13,0,217000,-102000,115000
2016/07/14,0,154000,-50000,104000
2016/07/15,0,291998,-112596,179402
2016/07/18,0,171000,-109000,62000
2016/07/19,0,359000,-199050,159950
2016/07/20,0,300000,-204000,96000
2016/07/21,0,293438,-143184,150254
2016/07/22,0,224000,-220000,4000
2016/07/25,0,218000,-155000,63000
2016/07/26,0,176000,-169000,7000
2016/07/27,0,164000,-103000,61000
2016/07/28,0,214000,-190000,24000
2016/07/29,0,115000,-317000,-202000
2016/08/01,0,364904,-394000,-29096
2016/08/02,0,153000,-133000,20000
2016/08/03,0,149000,-207000,-58000
2016/08/04,0,95000,-116000,-21000
2016/08/05,0,699345,-545000,154345
2016/08/08,0,102999,-52000,50999
2016/08/09,0,135000,-45390,89610
2016/08/10,0,178000,-93000,85000
2016/08/11,0,155000,-128000,27000
2016/08/12,0,247000,-151000,96000
2016/08/15,0,135000,-57000,78000
2016/08/16,0,306000,-257000,49000
2016/08/17,0,196091,-137000,59091
2016/08/18,0,159800,-114800,45000
2016/08/19,0,182998,-206007,-23009
2016/08/22,0,98000,-121000,-23000
2016/08/23,0,144000,-65670,78330
2016/08/24,0,194900,-56000,138900
2016/08/25,0,193121,-57000,136121
2016/08/26,0,79307,-27000,52307
2016/08/29,0,185000,-152000,33000
2016/08/30,0,277033,-85000,192033
2016/08/31,0,288375,-413000,-124625
2016/09/01,0,109000,-130000,-21000
2016/09/02,0,97359,-114000,-16641
2016/09/05,0,65000,-32000,33000
2016/09/06,0,185331,-44000,141331
2016/09/07,0,121000,-87000,34000
2016/09/08,0,88000,-74000,14000
2016/09/09,0,126500,-123000,3500
2016/09/12,0,30000,-334349,-304349
2016/09/13,0,308000,-228673,79327
2016/09/14,0,349022,-526816,-177794
2016/09/15,0,0,0,0
2016/09/16,0,0,0,0
2016/09/19,0,195000,-223000,-28000
2016/09/20,0,188159,-202000,-13841
2016/09/21,0,181000,-207000,-26000
2016/09/22,0,83665,-139000,-55335
2016/09/23,0,147000,-59000,88000
2016/09/26,0,36000,-129000,-93000
2016/09/27,0,0,0,0
2016/09/28,0,0,0,0
2016/09/29,0,457332,-153204,304128
2016/09/30,0,412332,-438000,-25668
2016/10/03,0,34000,-137000,-103000
2016/10/04,0,278000,-82992,195008
2016/10/05,0,59812,-91000,-31188
2016/10/06,0,94782,-85000,9782
2016/10/07,0,73997,-54000,19997
2016/10/10,0,0,0,0
2016/10/11,0,247000,-82000,165000
2016/10/12,0,80000,-58250,21750
2016/10/13,0,163500,-316000,-152500
2016/10/14,0,187000,-61000,126000
2016/10/17,0,84000,-168198,-84198
2016/10/18,0,273300,-48000,225300
2016/10/19,0,118400,-56000,62400
2016/10/20,0,63000,-92537,-29537
2016/10/21,0,70000,-85000,-15000
2016/10/24,0,51000,-87000,-36000
2016/10/25,0,37405,-18000,19405
2016/10/26,0,185000,-84000,101000
2016/10/27,0,61858,-176000,-114142
2016/10/28,0,102000,-97034,4966
2016/10/31,0,77924,-105000,-27076
2016/11/01,0,35000,-37000,-2000
2016/11/02,0,42099,-107048,-64949
2016/11/03,0,109000,-105000,4000
2016/11/04,0,71000,-123000,-52000
2016/11/07,0,76000,-63349,12651
2016/11/08,0,110429,-39000,71429
2016/11/09,0,123000,-311000,-188000
2016/11/10,0,622000,-557000,65000
2016/11/11,0,171000,-361184,-190184
2016/11/14,0,130000,-310000,-180000
2016/11/15,0,135983,-183000,-47017
2016/11/16,0,60000,-117349,-57349
2016/11/17,0,153000,-185000,-32000
2016/11/18,0,68000,-195000,-127000
2016/11/21,0,107000,-60201,46799
2016/11/22,0,295000,-65547,229453
2016/11/23,0,128000,-55875,72125
2016/11/24,0,51000,-57000,-6000
2016/11/25,0,59000,-38000,21000
2016/11/28,0,74000,-57000,17000
2016/11/29,0,120000,-171804,-51804
2016/11/30,0,378788,-296055,82733
2016/12/01,0,59739,-42000,17739
2016/12/02,0,123000,-85000,38000
2016/12/05,0,54000,-102079,-48079
2016/12/06,0,139000,-19000,120000
2016/12/07,0,29000,-22000,7000
2016/12/08,0,218000,-16000,202000
2016/12/09,0,164224,-68340,95884
2016/12/12,0,49000,-34000,15000
2016/12/13,0,120541,-70359,50182
2016/12/14,0,82670,-70000,12670
2016/12/15,0,87000,-91000,-4000
2016/12/16,0,184000,-222900,-38900
2016/12/19,0,28000,-38000,-10000
2016/12/20,0,56536,-76638,-20102
2016/12/21,0,136000,-104015,31985
2016/12/22,0,144276,-203264,-58988
2016/12/23,0,115019,-140000,-24981
2016/12/26,0,12000,-31000,-19000
2016/12/27,0,10000,-15000,-5000
2016/12/28,0,60100,-36000,24100
2016/12/29,0,92768,-126000,-33232
2016/12/30,0,247000,-48000,199000
2017/01/02,0,0,0,0
2017/01/03,0,30000,-51000,-21000
2017/01/04,0,108000,-96000,12000
2017/01/05,0,69881,-32000,37881
2017/01/06,0,95000,-16000,79000
2017/01/09,0,84000,-23000,61000
2017/01/10,0,96000,-43000,53000
2017/01/11,0,147726,-46000,101726
2017/01/12,0,220325,-40000,180325
2017/01/13,0,131597,-31000,100597
2017/01/16,0,38000,-66000,-28000
2017/01/17,0,175315,-11000,164315
2017/01/18,0,180000,-89269,90731
2017/01/19,0,108500,-128343,-19843
2017/01/20,0,157858,-103604,54254
2017/01/23,0,193917,-84090,109827
2017/01/24,0,314048,-96405,217643
2017/01/25,0,0,0,0
2017/01/26,0,0,0,0
2017/01/27,0,0,0,0
2017/01/30,0,0,0,0
2017/01/31,0,0,0,0
2017/02/01,0,0,0,0
2017/02/02,0,205038,-407821,-202783
2017/02/03,0,158000,-151759,6241
2017/02/06,0,93153,-143000,-49847
2017/02/07,0,182147,-101000,81147
2017/02/08,0,153768,-189000,-35232
2017/02/09,0,53812,-22000,31812
2017/02/10,0,208000,-101000,107000
2017/02/13,0,78198,-30000,48198
2017/02/14,0,198922,-111000,87922
2017/02/15,0,217085,-126000,91085
2017/02/16,0,151000,-68000,83000
2017/02/17,0,83000,-100000,-17000
2017/02/20,0,64000,-75000,-11000
2017/02/21,0,132000,-29000,103000
2017/02/22,0,78000,-86000,-8000
2017/02/23,0,113000,-85000,28000
2017/02/24,0,129714,-124006,5708
2017/02/27,0,0,0,0
2017/02/28,0,0,0,0
2017/03/01,0,121825,-178229,-56404
2017/03/02,0,147311,-137122,10189
2017/03/03,0,143590,-174796,-31206
2017/03/06,0,33996,-67924,-33928
2017/03/07,0,34080,-52036,-17956
2017/03/08,0,36000,-187231,-151231
2017/03/09,0,68000,-339000,-271000
2017/03/10,0,31048,-158000,-126952
2017/03/13,0,47462,-56000,-8538
2017/03/14,0,79363,-66957,12406
2017/03/15,0,42000,-102231,-60231
2017/03/16,0,184000,-65000,119000
2017/03/17,0,448000,-362339,85661
2017/03/20,0,22000,-29000,-7000
2017/03/21,0,257432,-25000,232432
2017/03/22,0,117410,-119485,-2075
2017/03/23,0,54000,-50698,3302
2017/03/24,0,121892,-12165,109727
2017/03/27,0,190961,-39000,151961
2017/03/28,0,254000,-118651,135349
2017/03/29,0,101264,-117000,-15736
2017/03/30,0,91000,-68000,23000
2017/03/31,0,111200,-121000,-9800
2017/04/03,0,0,0,0
2017/04/04,0,0,0,0
2017/04/05,0,311496,-235000,76496
2017/04/06,0,48255,-36000,12255
2017/04/07,0,53000,-105000,-52000
2017/04/10,0,15000,-26000,-11000
2017/04/11,0,39000,-64000,-25000
2017/04/12,0,56000,-67000,-11000
2017/04/13,0,35000,-34000,1000
2017/04/14,0,22000,-23000,-1000
2017/04/17,0,15000,-16000,-1000
2017/04/18,0,65000,-47495,17505
2017/04/19,0,80000,-229452,-149452
2017/04/20,0,66000,-104000,-38000
2017/04/21,0,81000,-44190,36810
2017/04/24,0,36000,-26000,10000
2017/04/25,0,233000,-62000,171000
2017/04/26,0,207000,-56000,151000
2017/04/27,0,73000,-43000,30000
2017/04/28,0,139000,-140000,-1000
2017/05/01,0,0,0,0
2017/05/02,0,118000,-53000,65000
2017/05/03,0,64000,-22000,42000
2017/05/04,0,56000,-23000,33000
2017/05/05,0,39386,-27000,12386
2017/05/08,0,52930,-45000,7930
2017/05/09,0,63133,-45000,18133
2017/05/10,0,94046,-81000,13046
2017/05/11,0,79566,-57000,22566
2017/05/12,0,54000,-48000,6000
2017/05/15,0,80891,-29000,51891
2017/05/16,0,727000,-99462,627538
2017/05/17,0,290000,-112160,177840
2017/05/18,0,238726,-63600,175126
2017/05/19,0,185028,-73000,112028
2017/05/22,0,174155,-71000,103155
2017/05/23,0,214660,-96006,118654
2017/05/24,0,259000,-87000,172000
2017/05/25,0,234000,-118774,115226
2017/05/26,0,0,0,0
2017/05/29,0,0,0,0
2017/05/30,0,0,0,0
2017/05/31,0,1773739,-1594873,178866
2017/06/01,0,234022,-228271,5751
2017/06/02,0,267032,-99000,168032
2017/06/05,0,252000,-97000,155000
2017/06/06,0,197000,-114000,83000
2017/06/07,0,251000,-108400,142600
2017/06/08,0,190431,-73000,117431
2017/06/09,0,172000,-149000,23000
2017/06/12,0,151636,-218000,-66364
2017/06/13,0,240000,-69100,170900
2017/06/14,0,398000,-183211,214789
2017/06/15,0,156000,-145000,11000
2017/06/16,0,379000,-346780,32220
2017/06/19,0,152198,-55000,97198
2017/06/20,0,56000,-58000,-2000
2017/06/21,0,402000,-393000,9000
2017/06/22,0,119845,-105000,14845
2017/06/23,0,127000,-104000,23000
2017/06/26,0,370000,-128000,242000
2017/06/27,0,179000,-183000,-4000
2017/06/28,0,141231,-141000,231
2017/06/29,0,86000,-51000,35000
2017/06/30,0,182000,-132000,50000
2017/07/03,0,125000,-64000,61000
2017/07/04,0,74000,-113000,-39000
2017/07/05,0,128000,-48000,80000
2017/07/06,0,153000,-209000,-56000
2017/07/07,0,114940,-211865,-96925
2017/07/10,0,149048,-134000,15048
2017/07/11,0,213434,-108395,105039
2017/07/12,0,58000,-85691,-27691
2017/07/13,0,65399,-60000,5399
2017/07/14,0,80000,-77600,2400
2017/07/17,0,151000,-58000,93000
2017/07/18,0,58600,-125000,-66400
2017/07/19,0,88000,-42000,46000
2017/07/20,0,81974,-82000,-26
2017/07/21,0,59032,-87600,-28568
2017/07/24,0,137117,-82000,55117
2017/07/25,0,67000,-59858,7142
2017/07/26,0,88000,-94000,-6000
2017/07/27,0,135000,-46000,89000
2017/07/28,0,48000,-63399,-15399
2017/07/31,0,148000,-142000,6000
2017/08/01,0,101000,-38000,63000
2017/08/02,0,110000,-42000,68000
2017/08/03,0,96000,-110792,-14792
2017/08/04,0,69000,-62000,7000
2017/08/07,0,55380,-42000,13380
2017/08/08,0,73000,-52000,21000
2017/08/09,0,55297,-55000,297
2017/08/10,0,35396,-36000,-604
2017/08/11,0,23000,-63000,-40000
2017/08/14,0,49000,-40000,9000
2017/08/15,0,68500,-60000,8500
2017/08/16,0,123222,-249006,-125784
2017/08/17,0,54000,-70000,-16000
2017/08/18,0,53250,-110000,-56750
