Date,Open,Buy,Sell,Total
2007/01/02,0,252000,0,252000
2007/01/03,0,74000,-1000,73000
2007/01/04,0,51000,0,51000
2007/01/05,0,512000,-10000,502000
2007/01/08,0,576000,-35000,541000
2007/01/09,0,548000,-10000,538000
2007/01/10,0,36000,-22000,14000
2007/01/11,0,32000,-3000,29000
2007/01/12,0,1000,0,1000
2007/01/15,0,2000,-22000,-20000
2007/01/16,0,13000,0,13000
2007/01/17,0,10000,-21000,-11000
2007/01/18,0,17000,-9000,8000
2007/01/19,0,20000,0,20000
2007/01/22,0,14000,-3000,11000
2007/01/23,0,49000,0,49000
2007/01/24,0,0,-1000,-1000
2007/01/25,0,9000,-4000,5000
2007/01/26,0,4000,-3000,1000
2007/01/29,0,0,-2000,-2000
2007/01/30,0,1000,-32000,-31000
2007/01/31,0,1000,0,1000
2007/02/01,0,2000,0,2000
2007/02/02,0,80000,0,80000
2007/02/05,0,16000,0,16000
2007/02/06,0,20000,0,20000
2007/02/07,0,0,-1000,-1000
2007/02/08,0,0,-2000,-2000
2007/02/09,0,5000,-1000,4000
2007/02/12,0,0,-1000,-1000
2007/02/13,0,41000,0,41000
2007/02/14,0,1000,0,1000
2007/02/15,0,0,0,0
2007/02/16,0,0,0,0
2007/02/19,0,0,0,0
2007/02/20,0,0,0,0
2007/02/21,0,0,0,0
2007/02/22,0,0,0,0
2007/02/23,0,0,0,0
2007/02/26,0,1000,-3000,-2000
2007/02/27,0,0,0,0
2007/02/28,0,0,0,0
2007/03/01,0,1000,-45000,-44000
2007/03/02,0,0,-35000,-35000
2007/03/05,0,12000,-13000,-1000
2007/03/06,0,0,-27000,-27000
2007/03/07,0,2000,-59000,-57000
2007/03/08,0,2000,-6000,-4000
2007/03/09,0,0,0,0
2007/03/12,0,3000,-9000,-6000
2007/03/13,0,1000,0,1000
2007/03/14,0,0,-21000,-21000
2007/03/15,0,0,-10000,-10000
2007/03/16,0,0,-16000,-16000
2007/03/19,0,0,-54000,-54000
2007/03/20,0,0,-71000,-71000
2007/03/21,0,0,-22000,-22000
2007/03/22,0,11000,-13000,-2000
2007/03/23,0,2000,-12000,-10000
2007/03/26,0,4000,-8000,-4000
2007/03/27,0,5000,-33000,-28000
2007/03/28,0,0,-61000,-61000
2007/03/29,0,4000,-205000,-201000
2007/03/30,0,0,-2000,-2000
2007/04/02,0,3000,-4000,-1000
2007/04/03,0,3000,-2000,1000
2007/04/04,0,2000,0,2000
2007/04/05,0,0,0,0
2007/04/06,0,0,0,0
2007/04/09,0,9000,-200000,-191000
2007/04/10,0,8000,0,8000
2007/04/11,0,15000,-106000,-91000
2007/04/12,0,1000,-100000,-99000
2007/04/13,0,0,-4000,-4000
2007/04/16,0,1000,-270000,-269000
2007/04/17,0,21000,-130000,-109000
2007/04/18,0,0,-100000,-100000
2007/04/19,0,12000,-164000,-152000
2007/04/20,0,0,-117000,-117000
2007/04/23,0,2000,-103000,-101000
2007/04/24,0,0,-3000,-3000
2007/04/25,0,0,-6000,-6000
2007/04/26,0,0,0,0
2007/04/27,0,1000,-1000,0
2007/04/30,0,2000,-48000,-46000
2007/05/01,0,0,0,0
2007/05/02,0,0,0,0
2007/05/03,0,8000,-9000,-1000
2007/05/04,0,1000,0,1000
2007/05/07,0,5000,0,5000
2007/05/08,0,1000,-132000,-131000
2007/05/09,0,0,-1000,-1000
2007/05/10,0,0,0,0
2007/05/11,0,0,0,0
2007/05/14,0,15000,0,15000
2007/05/15,0,0,0,0
2007/05/16,0,11000,0,11000
2007/05/17,0,27000,0,27000
2007/05/18,0,2000,-14000,-12000
2007/05/21,0,0,0,0
2007/05/22,0,0,0,0
2007/05/23,0,0,-1000,-1000
2007/05/24,0,0,-1000,-1000
2007/05/25,0,0,0,0
2007/05/28,0,0,0,0
2007/05/29,0,23000,0,23000
2007/05/30,0,0,0,0
2007/05/31,0,8000,0,8000
2007/06/01,0,0,-25000,-25000
2007/06/04,0,0,-25000,-25000
2007/06/05,0,0,-17000,-17000
2007/06/06,0,2000,-14000,-12000
2007/06/07,0,0,-50000,-50000
2007/06/08,0,0,-26000,-26000
2007/06/11,0,0,-10000,-10000
2007/06/12,0,0,-2000,-2000
2007/06/13,0,0,-7000,-7000
2007/06/14,0,0,-18000,-18000
2007/06/15,0,0,-52000,-52000
2007/06/18,0,0,0,0
2007/06/19,0,0,0,0
2007/06/20,0,49000,-25000,24000
2007/06/21,0,134000,-122000,12000
2007/06/22,0,36000,0,36000
2007/06/25,0,55000,0,55000
2007/06/26,0,70000,-1000,69000
2007/06/27,0,0,-1000,-1000
2007/06/28,0,3000,0,3000
2007/06/29,0,3000,0,3000
2007/07/02,0,0,0,0
2007/07/03,0,21000,-1000,20000
2007/07/04,0,40000,0,40000
2007/07/05,0,14000,-2000,12000
2007/07/06,0,102000,-2000,100000
2007/07/09,0,126000,0,126000
2007/07/10,0,31000,-1000,30000
2007/07/11,0,0,-204000,-204000
2007/07/12,0,0,-16000,-16000
2007/07/13,0,34000,0,34000
2007/07/16,0,0,-10000,-10000
2007/07/17,0,19000,0,19000
2007/07/18,0,38000,0,38000
2007/07/19,0,15000,-30000,-15000
2007/07/20,0,15000,-1000,14000
2007/07/23,0,38000,-1000,37000
2007/07/24,0,51000,0,51000
2007/07/25,0,53000,0,53000
2007/07/26,0,97000,-3000,94000
2007/07/27,0,50000,-39000,11000
2007/07/30,0,8000,-167000,-159000
2007/07/31,0,0,-191000,-191000
2007/08/01,0,26000,-94000,-68000
2007/08/02,0,35000,-103000,-68000
2007/08/03,0,96000,-26000,70000
2007/08/06,0,6000,-11000,-5000
2007/08/07,0,4000,-5000,-1000
2007/08/08,0,8000,-88000,-80000
2007/08/09,0,10000,-6000,4000
2007/08/10,0,3000,-60900,-57900
2007/08/13,0,0,-40000,-40000
2007/08/14,0,11000,0,11000
2007/08/15,0,0,0,0
2007/08/16,0,0,-1000,-1000
2007/08/17,0,2000,0,2000
2007/08/20,0,5000,-10000,-5000
2007/08/21,0,8000,-5000,3000
2007/08/22,0,27000,-4000,23000
2007/08/23,0,10000,-1000,9000
2007/08/24,0,0,-3000,-3000
2007/08/27,0,0,0,0
2007/08/28,0,9000,0,9000
2007/08/29,0,2000,-11000,-9000
2007/08/30,0,0,-10000,-10000
2007/08/31,0,20000,0,20000
2007/09/03,0,5000,0,5000
2007/09/04,0,77000,-23000,54000
2007/09/05,0,0,-20000,-20000
2007/09/06,0,5000,0,5000
2007/09/07,0,0,-12000,-12000
2007/09/10,0,7000,-26000,-19000
2007/09/11,0,8000,-30000,-22000
2007/09/12,0,3000,-28000,-25000
2007/09/13,0,30000,-25000,5000
2007/09/14,0,10000,0,10000
2007/09/17,0,8000,-13000,-5000
2007/09/18,0,0,0,0
2007/09/19,0,7000,-2000,5000
2007/09/20,0,143000,-10000,133000
2007/09/21,0,117000,0,117000
2007/09/24,0,0,0,0
2007/09/25,0,0,0,0
2007/09/26,0,11000,0,11000
2007/09/27,0,156000,-5000,151000
2007/09/28,0,4000,-12000,-8000
2007/10/01,0,0,-19000,-19000
2007/10/02,0,145000,-17000,128000
2007/10/03,0,33000,0,33000
2007/10/04,0,68000,-7000,61000
2007/10/05,0,8000,-1000,7000
2007/10/08,0,39000,0,39000
2007/10/09,0,11000,-53000,-42000
2007/10/10,0,0,0,0
2007/10/11,0,12000,-8000,4000
2007/10/12,0,0,-20000,-20000
2007/10/15,0,0,-5000,-5000
2007/10/16,0,6000,0,6000
2007/10/17,0,1000,-8000,-7000
2007/10/18,0,15000,-6000,9000
2007/10/19,0,0,0,0
2007/10/22,0,23000,-32000,-9000
2007/10/23,0,211100,-223100,-12000
2007/10/24,0,0,-17000,-17000
2007/10/25,0,6000,0,6000
2007/10/26,0,21000,0,21000
2007/10/29,0,34000,-2000,32000
2007/10/30,0,9000,-11000,-2000
2007/10/31,0,45000,0,45000
2007/11/01,0,75000,-20000,55000
2007/11/02,0,60000,-6000,54000
2007/11/05,0,1000,-27000,-26000
2007/11/06,0,3000,-14000,-11000
2007/11/07,0,0,-23000,-23000
2007/11/08,0,0,-81000,-81000
2007/11/09,0,43000,-2000,41000
2007/11/12,0,1000,-73000,-72000
2007/11/13,0,9000,-18000,-9000
2007/11/14,0,3000,-3000,0
2007/11/15,0,1000,0,1000
2007/11/16,0,0,-19000,-19000
2007/11/19,0,8000,0,8000
2007/11/20,0,22000,-33000,-11000
2007/11/21,0,0,-59000,-59000
2007/11/22,0,6000,-1000,5000
2007/11/23,0,2000,-10000,-8000
2007/11/26,0,42000,-26000,16000
2007/11/27,0,22000,-5000,17000
2007/11/28,0,5000,0,5000
2007/11/29,0,22000,0,22000
2007/11/30,0,11000,-2000,9000
2007/12/03,0,18000,-2000,16000
2007/12/04,0,1000,0,1000
2007/12/05,0,1000,-35000,-34000
2007/12/06,0,5000,-4000,1000
2007/12/07,0,0,0,0
2007/12/10,0,7000,-1000,6000
2007/12/11,0,2000,0,2000
2007/12/12,0,58000,-35000,23000
2007/12/13,0,6000,-16000,-10000
2007/12/14,0,10000,-48000,-38000
2007/12/17,0,0,-47000,-47000
2007/12/18,0,6000,-15000,-9000
2007/12/19,0,1000,-12000,-11000
2007/12/20,0,1000,-7000,-6000
2007/12/21,0,1000,0,1000
2007/12/24,0,1000,0,1000
2007/12/25,0,0,0,0
2007/12/26,0,0,-2000,-2000
2007/12/27,0,3000,0,3000
2007/12/28,0,1000,0,1000
2007/12/31,0,3000,0,3000
2008/01/01,0,0,0,0
2008/01/02,0,3000,-28000,-25000
2008/01/03,0,19000,-17000,2000
2008/01/04,0,1000,0,1000
2008/01/07,0,29000,-7000,22000
2008/01/08,0,8000,-9000,-1000
2008/01/09,0,9000,-31000,-22000
2008/01/10,0,0,-22000,-22000
2008/01/11,0,3000,-23000,-20000
2008/01/14,0,7000,0,7000
2008/01/15,0,43000,-2000,41000
2008/01/16,0,65000,-2000,63000
2008/01/17,0,55000,-17000,38000
2008/01/18,0,6000,-26000,-20000
2008/01/21,0,2000,-15000,-13000
2008/01/22,0,14000,-27000,-13000
2008/01/23,0,24000,-30000,-6000
2008/01/24,0,4000,-27000,-23000
2008/01/25,0,2000,-29000,-27000
2008/01/28,0,1000,-12000,-11000
2008/01/29,0,5000,-2000,3000
2008/01/30,0,20000,-21000,-1000
2008/01/31,0,14000,-3000,11000
2008/02/01,0,3000,-14000,-11000
2008/02/04,0,0,0,0
2008/02/05,0,0,0,0
2008/02/06,0,0,0,0
2008/02/07,0,0,0,0
2008/02/08,0,0,0,0
2008/02/11,0,0,0,0
2008/02/12,0,11000,-47000,-36000
2008/02/13,0,6000,-8000,-2000
2008/02/14,0,2000,0,2000
2008/02/15,0,30000,0,30000
2008/02/18,0,37000,0,37000
2008/02/19,0,16000,0,16000
2008/02/20,0,2000,-13000,-11000
2008/02/21,0,26000,-3000,23000
2008/02/22,0,1000,0,1000
2008/02/25,0,10000,0,10000
2008/02/26,0,15000,0,15000
2008/02/27,0,0,-9000,-9000
2008/02/28,0,0,0,0
2008/02/29,0,27000,0,27000
2008/03/03,0,2000,-1000,1000
2008/03/04,0,64000,0,64000
2008/03/05,0,23000,-7000,16000
2008/03/06,0,108000,-3000,105000
2008/03/07,0,8000,-6000,2000
2008/03/10,0,17000,0,17000
2008/03/11,0,57000,0,57000
2008/03/12,0,134000,-3000,131000
2008/03/13,0,7000,0,7000
2008/03/14,0,4000,-19000,-15000
2008/03/17,0,0,-38000,-38000
2008/03/18,0,3000,-31000,-28000
2008/03/19,0,15000,-1000,14000
2008/03/20,0,131000,-10000,121000
2008/03/21,0,90000,0,90000
2008/03/24,0,218000,-38000,180000
2008/03/25,0,194000,-2000,192000
2008/03/26,0,7000,0,7000
2008/03/27,0,3000,-2000,1000
2008/03/28,0,7000,-3000,4000
2008/03/31,0,4000,-21000,-17000
2008/04/01,0,15000,-6000,9000
2008/04/02,0,8000,-12000,-4000
2008/04/03,0,2000,-19000,-17000
2008/04/04,0,0,0,0
2008/04/07,0,14000,-8000,6000
2008/04/08,0,3000,-79000,-76000
2008/04/09,0,0,-41000,-41000
2008/04/10,0,0,-5000,-5000
2008/04/11,0,5000,-52000,-47000
2008/04/14,0,0,-21000,-21000
2008/04/15,0,9000,-90000,-81000
2008/04/16,0,15000,-5000,10000
2008/04/17,0,70000,-25000,45000
2008/04/18,0,14000,0,14000
2008/04/21,0,19000,0,19000
2008/04/22,0,1000,0,1000
2008/04/23,0,16000,0,16000
2008/04/24,0,0,-1000,-1000
2008/04/25,0,1000,0,1000
2008/04/28,0,5000,-1000,4000
2008/04/29,0,4000,-42000,-38000
2008/04/30,0,3000,-4000,-1000
2008/05/01,0,0,0,0
2008/05/02,0,7000,-17000,-10000
2008/05/05,0,4000,-4000,0
2008/05/06,0,8000,-14000,-6000
2008/05/07,0,0,-2000,-2000
2008/05/08,0,0,-48000,-48000
2008/05/09,0,0,-3000,-3000
2008/05/12,0,0,-3000,-3000
2008/05/13,0,2000,-4000,-2000
2008/05/14,0,2000,0,2000
2008/05/15,0,32000,0,32000
2008/05/16,0,17000,-1000,16000
2008/05/19,0,20000,-3000,17000
2008/05/20,0,102000,-6000,96000
2008/05/21,0,0,-11000,-11000
2008/05/22,0,67000,-106000,-39000
2008/05/23,0,0,-5000,-5000
2008/05/26,0,7000,0,7000
2008/05/27,0,10000,0,10000
2008/05/28,0,1000,-70000,-69000
2008/05/29,0,2000,0,2000
2008/05/30,0,11000,-4000,7000
2008/06/02,0,2000,0,2000
2008/06/03,0,2000,-3000,-1000
2008/06/04,0,0,-2000,-2000
2008/06/05,0,19000,-45000,-26000
2008/06/06,0,0,0,0
2008/06/09,0,16000,-19000,-3000
2008/06/10,0,0,-47000,-47000
2008/06/11,0,3000,-4000,-1000
2008/06/12,0,0,-3000,-3000
2008/06/13,0,1000,-39000,-38000
2008/06/16,0,1000,-44000,-43000
2008/06/17,0,2000,-8000,-6000
2008/06/18,0,0,-33000,-33000
2008/06/19,0,12000,-109000,-97000
2008/06/20,0,0,-108000,-108000
2008/06/23,0,8000,-1000,7000
2008/06/24,0,3000,-5000,-2000
2008/06/25,0,42000,-2000,40000
2008/06/26,0,11000,-5000,6000
2008/06/27,0,1000,-7000,-6000
2008/06/30,0,28000,-1000,27000
2008/07/01,0,69000,0,69000
2008/07/02,0,46000,-43000,3000
2008/07/03,0,11000,-19000,-8000
2008/07/04,0,1000,-51000,-50000
2008/07/07,0,11000,-7000,4000
2008/07/08,0,0,-87000,-87000
2008/07/09,0,16000,-42000,-26000
2008/07/10,0,26000,0,26000
2008/07/11,0,1000,-22000,-21000
2008/07/14,0,57000,-4000,53000
2008/07/15,0,0,-23000,-23000
2008/07/16,0,1000,-28000,-27000
2008/07/17,0,3000,-83000,-80000
2008/07/18,0,2000,-118000,-116000
2008/07/21,0,79000,0,79000
2008/07/22,0,14000,-1000,13000
2008/07/23,0,18000,-2000,16000
2008/07/24,0,1000,-2000,-1000
2008/07/25,0,5000,0,5000
2008/07/28,0,0,0,0
2008/07/29,0,0,-8000,-8000
2008/07/30,0,0,-4000,-4000
2008/07/31,0,0,0,0
2008/08/01,0,2000,0,2000
2008/08/04,0,0,-3000,-3000
2008/08/05,0,7000,0,7000
2008/08/06,0,8000,-18000,-10000
2008/08/07,0,0,-1000,-1000
2008/08/08,0,2000,0,2000
2008/08/11,0,0,-2000,-2000
2008/08/12,0,4000,0,4000
2008/08/13,0,0,0,0
2008/08/14,0,1000,0,1000
2008/08/15,0,4000,0,4000
2008/08/18,0,12000,-23000,-11000
2008/08/19,0,3000,-90000,-87000
2008/08/20,0,1000,-50000,-49000
2008/08/21,0,0,-108000,-108000
2008/08/22,0,2000,-8000,-6000
2008/08/25,0,0,0,0
2008/08/26,0,0,0,0
2008/08/27,0,8000,-1000,7000
2008/08/28,0,0,-1000,-1000
2008/08/29,0,4000,0,4000
2008/09/01,0,4000,-11000,-7000
2008/09/02,0,0,-89000,-89000
2008/09/03,0,1000,-2000,-1000
2008/09/04,0,0,-2000,-2000
2008/09/05,0,0,-32000,-32000
2008/09/08,0,0,0,0
2008/09/09,0,0,0,0
2008/09/10,0,1000,0,1000
2008/09/11,0,0,-35000,-35000
2008/09/12,0,1000,0,1000
2008/09/15,0,0,-5000,-5000
2008/09/16,0,1000,0,1000
2008/09/17,0,0,-19000,-19000
2008/09/18,0,0,-25791,-25791
2008/09/19,0,0,-2000,-2000
2008/09/22,0,0,-13000,-13000
2008/09/23,0,18000,0,18000
2008/09/24,0,422209,-414209,8000
2008/09/25,0,0,-5000,-5000
2008/09/26,0,0,0,0
2008/09/29,0,0,0,0
2008/09/30,0,0,0,0
2008/10/01,0,1000,-42000,-41000
2008/10/02,0,1000,-13000,-12000
2008/10/03,0,8000,-20000,-12000
2008/10/06,0,4000,-18000,-14000
2008/10/07,0,0,-8000,-8000
2008/10/08,0,0,-5000,-5000
2008/10/09,0,0,-19000,-19000
2008/10/10,0,0,0,0
2008/10/13,0,7000,-19000,-12000
2008/10/14,0,8000,-7000,1000
2008/10/15,0,4000,-7000,-3000
2008/10/16,0,0,0,0
2008/10/17,0,0,0,0
2008/10/20,0,4000,0,4000
2008/10/21,0,3000,-32000,-29000
2008/10/22,0,0,-3000,-3000
2008/10/23,0,0,-2000,-2000
2008/10/24,0,1000,-1000,0
2008/10/27,0,2000,-17000,-15000
2008/10/28,0,1000,-47599,-46599
2008/10/29,0,0,-11000,-11000
2008/10/30,0,0,-4000,-4000
2008/10/31,0,11000,0,11000
2008/11/03,0,4000,-1000,3000
2008/11/04,0,0,0,0
2008/11/05,0,7000,-1000,6000
2008/11/06,0,2000,-6000,-4000
2008/11/07,0,1000,0,1000
2008/11/10,0,0,-2000,-2000
2008/11/11,0,10000,-15000,-5000
2008/11/12,0,18000,-6000,12000
2008/11/13,0,2000,-7000,-5000
2008/11/14,0,1000,0,1000
2008/11/17,0,1000,-3000,-2000
2008/11/18,0,0,-4000,-4000
2008/11/19,0,0,-3000,-3000
2008/11/20,0,0,0,0
2008/11/21,0,1000,-1000,0
2008/11/24,0,0,0,0
2008/11/25,0,0,0,0
2008/11/26,0,0,0,0
2008/11/27,0,0,-1000,-1000
2008/11/28,0,8000,0,8000
2008/12/01,0,0,0,0
2008/12/02,0,0,0,0
2008/12/03,0,1000,0,1000
2008/12/04,0,0,-1000,-1000
2008/12/05,0,1000,0,1000
2008/12/08,0,5000,0,5000
2008/12/09,0,0,-2000,-2000
2008/12/10,0,3000,0,3000
2008/12/11,0,2000,-3000,-1000
2008/12/12,0,54000,-6000,48000
2008/12/15,0,2000,-2000,0
2008/12/16,0,6000,0,6000
2008/12/17,0,0,-14000,-14000
2008/12/18,0,0,0,0
2008/12/19,0,0,-16000,-16000
2008/12/22,0,0,-16000,-16000
2008/12/23,0,0,0,0
2008/12/24,0,0,-2000,-2000
2008/12/25,0,0,0,0
2008/12/26,0,0,0,0
2008/12/29,0,0,-3000,-3000
2008/12/30,0,0,0,0
2008/12/31,0,1000,0,1000
2009/01/01,0,0,0,0
2009/01/02,0,0,0,0
2009/01/05,0,0,0,0
2009/01/06,0,6000,-1000,5000
2009/01/07,0,7000,0,7000
2009/01/08,0,1000,-9000,-8000
2009/01/09,0,0,-2000,-2000
2009/01/12,0,0,-4000,-4000
2009/01/13,0,3000,-1000,2000
2009/01/14,0,0,-2000,-2000
2009/01/15,0,2000,-5000,-3000
2009/01/16,0,3000,-30000,-27000
2009/01/19,0,0,0,0
2009/01/20,0,0,0,0
2009/01/21,0,3000,-30000,-27000
2009/01/22,0,0,0,0
2009/01/23,0,0,0,0
2009/01/26,0,0,0,0
2009/01/27,0,0,0,0
2009/01/28,0,0,0,0
2009/01/29,0,0,0,0
2009/01/30,0,0,0,0
2009/02/02,0,0,-14000,-14000
2009/02/03,0,3000,0,3000
2009/02/04,0,2000,-2000,0
2009/02/05,0,4000,-1000,3000
2009/02/06,0,0,-4000,-4000
2009/02/09,0,0,0,0
2009/02/10,0,0,0,0
2009/02/11,0,0,0,0
2009/02/12,0,0,0,0
2009/02/13,0,1000,0,1000
2009/02/16,0,0,0,0
2009/02/17,0,0,-1000,-1000
2009/02/18,0,33000,0,33000
2009/02/19,0,0,-49000,-49000
2009/02/20,0,0,0,0
2009/02/23,0,0,0,0
2009/02/24,0,0,0,0
2009/02/25,0,0,0,0
2009/02/26,0,0,0,0
2009/02/27,0,0,0,0
2009/03/02,0,0,0,0
2009/03/03,0,0,-4000,-4000
2009/03/04,0,0,0,0
2009/03/05,0,0,0,0
2009/03/06,0,1000,0,1000
2009/03/09,0,0,0,0
2009/03/10,0,0,0,0
2009/03/11,0,0,0,0
2009/03/12,0,0,0,0
2009/03/13,0,6000,0,6000
2009/03/16,0,25000,0,25000
2009/03/17,0,0,0,0
2009/03/18,0,36000,0,36000
2009/03/19,0,0,0,0
2009/03/20,0,0,-5000,-5000
2009/03/23,0,29000,0,29000
2009/03/24,0,0,0,0
2009/03/25,0,30000,0,30000
2009/03/26,0,2000,0,2000
2009/03/27,0,35000,0,35000
2009/03/30,0,0,0,0
2009/03/31,0,94000,0,94000
2009/04/01,0,32000,0,32000
2009/04/02,0,81000,0,81000
2009/04/03,0,8000,0,8000
2009/04/06,0,0,-6000,-6000
2009/04/07,0,68000,0,68000
2009/04/08,0,108000,-36000,72000
2009/04/09,0,107000,0,107000
2009/04/10,0,34000,0,34000
2009/04/13,0,7000,-1000,6000
2009/04/14,0,73000,-5000,68000
2009/04/15,0,107000,-23000,84000
2009/04/16,0,33000,-63000,-30000
2009/04/17,0,51000,-74000,-23000
2009/04/20,0,5000,-1000,4000
2009/04/21,0,38000,-18000,20000
2009/04/22,0,21000,-35000,-14000
2009/04/23,0,17000,-47000,-30000
2009/04/24,0,39000,-9000,30000
2009/04/27,0,54000,-50000,4000
2009/04/28,0,23000,-32000,-9000
2009/04/29,0,76000,-15000,61000
2009/04/30,0,161000,0,161000
2009/05/01,0,0,0,0
2009/05/04,0,75000,0,75000
2009/05/05,0,150000,-25000,125000
2009/05/06,0,51000,-31000,20000
2009/05/07,0,63000,-156000,-93000
2009/05/08,0,91000,-13000,78000
2009/05/11,0,5000,-36000,-31000
2009/05/12,0,157000,0,157000
2009/05/13,0,100000,-23000,77000
2009/05/14,0,0,-26000,-26000
2009/05/15,0,493000,-98000,395000
2009/05/18,0,961000,-75000,886000
2009/05/19,0,205000,-58000,147000
2009/05/20,0,55000,-19000,36000
2009/05/21,0,6000,-133000,-127000
2009/05/22,0,53000,-25000,28000
2009/05/25,0,151000,-38000,113000
2009/05/26,0,115000,-11000,104000
2009/05/27,0,118000,-28000,90000
2009/05/28,0,0,0,0
2009/05/29,0,0,0,0
2009/06/01,0,55000,-74000,-19000
2009/06/02,0,8000,-94000,-86000
2009/06/03,0,62000,-56000,6000
2009/06/04,0,15000,-43000,-28000
2009/06/05,0,52000,-26000,26000
2009/06/08,0,9000,-27000,-18000
2009/06/09,0,121000,-40000,81000
2009/06/10,0,138000,-11000,127000
2009/06/11,0,114000,-68000,46000
2009/06/12,0,12000,-128000,-116000
2009/06/15,0,47000,-15000,32000
2009/06/16,0,97000,-25000,72000
2009/06/17,0,117000,-15000,102000
2009/06/18,0,58000,-29000,29000
2009/06/19,0,112000,0,112000
2009/06/22,0,149000,-55000,94000
2009/06/23,0,177000,-87000,90000
2009/06/24,0,152000,-35000,117000
2009/06/25,0,171000,-8000,163000
2009/06/26,0,106000,-2000,104000
2009/06/29,0,188000,-147000,41000
2009/06/30,0,464000,-59000,405000
2009/07/01,0,41000,-162000,-121000
2009/07/02,0,22000,-51000,-29000
2009/07/03,0,72000,-80000,-8000
2009/07/06,0,13000,-189000,-176000
2009/07/07,0,24000,-25000,-1000
2009/07/08,0,4000,-42000,-38000
2009/07/09,0,19000,-14000,5000
2009/07/10,0,1000,-18000,-17000
2009/07/13,0,11000,-19000,-8000
2009/07/14,0,5000,-48000,-43000
2009/07/15,0,78000,-222000,-144000
2009/07/16,0,108000,-557000,-449000
2009/07/17,0,117000,-700000,-583000
2009/07/20,0,56000,-512000,-456000
2009/07/21,0,16000,-56610,-40610
2009/07/22,0,48000,-9000,39000
2009/07/23,0,119000,-10000,109000
2009/07/24,0,34000,-5000,29000
2009/07/27,0,47000,-238000,-191000
2009/07/28,0,64000,-236000,-172000
2009/07/29,0,136000,-92000,44000
2009/07/30,0,11000,-22000,-11000
2009/07/31,0,2000,-42000,-40000
2009/08/03,0,16000,-5000,11000
2009/08/04,0,11000,-88000,-77000
2009/08/05,0,23000,-37000,-14000
2009/08/06,0,16000,-6000,10000
2009/08/07,0,0,0,0
2009/08/10,0,4000,-25000,-21000
2009/08/11,0,15000,-24000,-9000
2009/08/12,0,0,-14000,-14000
2009/08/13,0,10000,0,10000
2009/08/14,0,1000,0,1000
2009/08/17,0,1000,-17000,-16000
2009/08/18,0,30000,-16000,14000
2009/08/19,0,2000,-43000,-41000
2009/08/20,0,58000,-34000,24000
2009/08/21,0,6000,-33000,-27000
2009/08/24,0,1000,-10000,-9000
2009/08/25,0,22000,-1000,21000
2009/08/26,0,0,0,0
2009/08/27,0,0,0,0
2009/08/28,0,0,0,0
2009/08/31,0,2000,-14000,-12000
2009/09/01,0,29000,-7000,22000
2009/09/02,0,0,-15000,-15000
2009/09/03,0,18000,-10000,8000
2009/09/04,0,3000,-1000,2000
2009/09/07,0,3000,-2000,1000
2009/09/08,0,69000,-40000,29000
2009/09/09,0,26000,-4000,22000
2009/09/10,0,156000,-28000,128000
2009/09/11,0,29000,0,29000
2009/09/14,0,15000,-21000,-6000
2009/09/15,0,94000,-23000,71000
2009/09/16,0,91000,0,91000
2009/09/17,0,90000,-3000,87000
2009/09/18,0,6000,-32000,-26000
2009/09/21,0,17000,-54000,-37000
2009/09/22,0,14000,-4000,10000
2009/09/23,0,5000,-14000,-9000
2009/09/24,0,17000,-1000,16000
2009/09/25,0,3000,0,3000
2009/09/28,0,5000,-4000,1000
2009/09/29,0,8000,-10000,-2000
2009/09/30,0,5000,0,5000
2009/10/01,0,13000,-2000,11000
2009/10/02,0,0,-21000,-21000
2009/10/05,0,52000,-70000,-18000
2009/10/06,0,22000,-16000,6000
2009/10/07,0,31000,-57000,-26000
2009/10/08,0,32000,-17000,15000
2009/10/09,0,26000,-10000,16000
2009/10/12,0,3000,-16000,-13000
2009/10/13,0,9000,-45000,-36000
2009/10/14,0,20000,-1000,19000
2009/10/15,0,79000,-1000,78000
2009/10/16,0,13000,-8000,5000
2009/10/19,0,4000,-17000,-13000
2009/10/20,0,0,-7000,-7000
2009/10/21,0,0,-27000,-27000
2009/10/22,0,0,-7000,-7000
2009/10/23,0,0,-1000,-1000
2009/10/26,0,2000,-5000,-3000
2009/10/27,0,6000,-6000,0
2009/10/28,0,7000,-7000,0
2009/10/29,0,19000,-9000,10000
2009/10/30,0,0,-32000,-32000
2009/11/02,0,9000,-29000,-20000
2009/11/03,0,45000,-24000,21000
2009/11/04,0,30000,-15000,15000
2009/11/05,0,35000,-100000,-65000
2009/11/06,0,29000,-28000,1000
2009/11/09,0,44000,-90000,-46000
2009/11/10,0,83000,-7000,76000
2009/11/11,0,107000,-1000,106000
2009/11/12,0,46000,-24000,22000
2009/11/13,0,54000,-145000,-91000
2009/11/16,0,94000,-57000,37000
2009/11/17,0,66000,-83000,-17000
2009/11/18,0,98000,-58000,40000
2009/11/19,0,3000,-6000,-3000
2009/11/20,0,11000,-18000,-7000
2009/11/23,0,2000,-3000,-1000
2009/11/24,0,3000,-96000,-93000
2009/11/25,0,23000,0,23000
2009/11/26,0,0,-5000,-5000
2009/11/27,0,1000,-37000,-36000
2009/11/30,0,3000,-2000,1000
2009/12/01,0,10000,-6000,4000
2009/12/02,0,5000,-17000,-12000
2009/12/03,0,0,0,0
2009/12/04,0,1000,-2000,-1000
2009/12/07,0,0,-29000,-29000
2009/12/08,0,14000,-13000,1000
2009/12/09,0,22000,-38000,-16000
2009/12/10,0,0,-62000,-62000
2009/12/11,0,10000,-16000,-6000
2009/12/14,0,0,-17000,-17000
2009/12/15,0,0,0,0
2009/12/16,0,110000,-51000,59000
2009/12/17,0,0,-25000,-25000
2009/12/18,0,0,-13000,-13000
2009/12/21,0,1000,0,1000
2009/12/22,0,0,-6000,-6000
2009/12/23,0,0,-1000,-1000
2009/12/24,0,0,0,0
2009/12/25,0,0,0,0
2009/12/28,0,23000,0,23000
2009/12/29,0,0,-2000,-2000
2009/12/30,0,6000,0,6000
2009/12/31,0,11000,-18000,-7000
2010/01/01,0,0,0,0
2010/01/04,0,2000,0,2000
2010/01/05,0,2000,0,2000
2010/01/06,0,0,-4000,-4000
2010/01/07,0,47000,0,47000
2010/01/08,0,16000,0,16000
2010/01/11,0,3000,0,3000
2010/01/12,0,2000,0,2000
2010/01/13,0,5000,-30000,-25000
2010/01/14,0,11000,-100,10900
2010/01/15,0,0,-3000,-3000
2010/01/18,0,99000,-2000,97000
2010/01/19,0,134000,-53000,81000
2010/01/20,0,137000,-22000,115000
2010/01/21,0,215000,-35000,180000
2010/01/22,0,122000,-3000,119000
2010/01/25,0,3000,-5000,-2000
2010/01/26,0,0,-67000,-67000
2010/01/27,0,1000,-13000,-12000
2010/01/28,0,0,-31000,-31000
2010/01/29,0,3000,-23000,-20000
2010/02/01,0,0,-23000,-23000
2010/02/02,0,0,-78000,-78000
2010/02/03,0,0,-14000,-14000
2010/02/04,0,0,-20000,-20000
2010/02/05,0,0,-39000,-39000
2010/02/08,0,0,-65000,-65000
2010/02/09,0,6000,-20000,-14000
2010/02/10,0,0,-19000,-19000
2010/02/11,0,0,0,0
2010/02/12,0,0,0,0
2010/02/15,0,0,0,0
2010/02/16,0,0,0,0
2010/02/17,0,0,0,0
2010/02/18,0,0,0,0
2010/02/19,0,0,0,0
2010/02/22,0,1000,-6000,-5000
2010/02/23,0,2000,0,2000
2010/02/24,0,0,0,0
2010/02/25,0,0,-20000,-20000
2010/02/26,0,0,0,0
2010/03/01,0,6000,-1000,5000
2010/03/02,0,1000,-6000,-5000
2010/03/03,0,16000,0,16000
2010/03/04,0,0,-25000,-25000
2010/03/05,0,4000,0,4000
2010/03/08,0,0,0,0
2010/03/09,0,0,0,0
2010/03/10,0,21000,-2000,19000
2010/03/11,0,98000,-7000,91000
2010/03/12,0,61000,-22000,39000
2010/03/15,0,85000,-2000,83000
2010/03/16,0,76000,0,76000
2010/03/17,0,108000,0,108000
2010/03/18,0,100000,0,100000
2010/03/19,0,8000,-25000,-17000
2010/03/22,0,10000,-29000,-19000
2010/03/23,0,29000,-2000,27000
2010/03/24,0,55000,-10000,45000
2010/03/25,0,11000,-3000,8000
2010/03/26,0,25000,-10000,15000
2010/03/29,0,100000,0,100000
2010/03/30,0,51000,-29000,22000
2010/03/31,0,7000,-42000,-35000
2010/04/01,0,81000,-5000,76000
2010/04/02,0,32000,-9000,23000
2010/04/05,0,0,0,0
2010/04/06,0,60000,-64000,-4000
2010/04/07,0,52000,0,52000
2010/04/08,0,45000,-26000,19000
2010/04/09,0,292000,-129000,163000
2010/04/12,0,50000,-117000,-67000
2010/04/13,0,49000,-612000,-563000
2010/04/14,0,13000,-29000,-16000
2010/04/15,0,24000,-45000,-21000
2010/04/16,0,132000,-49000,83000
2010/04/19,0,15000,-132000,-117000
2010/04/20,0,60000,-111000,-51000
2010/04/21,0,58000,-30000,28000
2010/04/22,0,69000,-184000,-115000
2010/04/23,0,14000,-131000,-117000
2010/04/26,0,36000,-18000,18000
2010/04/27,0,17000,-66000,-49000
2010/04/28,0,25000,-29000,-4000
2010/04/29,0,21000,-41000,-20000
2010/04/30,0,96000,-12000,84000
2010/05/03,0,145000,-50000,95000
2010/05/04,0,20000,-54000,-34000
2010/05/05,0,64000,-65000,-1000
2010/05/06,0,52000,-203000,-151000
2010/05/07,0,104000,-208000,-104000
2010/05/10,0,3000,-65000,-62000
2010/05/11,0,27000,-323000,-296000
2010/05/12,0,40000,-216000,-176000
2010/05/13,0,40000,-187000,-147000
2010/05/14,0,26000,-60000,-34000
2010/05/17,0,17000,-36000,-19000
2010/05/18,0,52000,-39000,13000
2010/05/19,0,130000,-118000,12000
2010/05/20,0,24000,-114000,-90000
2010/05/21,0,88000,-264000,-176000
2010/05/24,0,40000,-42000,-2000
2010/05/25,0,6000,-170000,-164000
2010/05/26,0,40000,-34000,6000
2010/05/27,0,14000,-26000,-12000
2010/05/28,0,13000,-22000,-9000
2010/05/31,0,41000,-32000,9000
2010/06/01,0,47000,-49000,-2000
2010/06/02,0,4000,-72000,-68000
2010/06/03,0,48000,-6000,42000
2010/06/04,0,32000,-41000,-9000
2010/06/07,0,14000,-38000,-24000
2010/06/08,0,1000,-58000,-57000
2010/06/09,0,0,-27000,-27000
2010/06/10,0,29000,-8000,21000
2010/06/11,0,5000,-21000,-16000
2010/06/14,0,35000,-1000,34000
2010/06/15,0,56000,-39000,17000
2010/06/16,0,0,0,0
2010/06/17,0,66000,-68000,-2000
2010/06/18,0,8000,0,8000
2010/06/21,0,62000,-4000,58000
2010/06/22,0,39000,-44000,-5000
2010/06/23,0,9000,-16000,-7000
2010/06/24,0,0,-7000,-7000
2010/06/25,0,5000,-9000,-4000
2010/06/28,0,2000,-3000,-1000
2010/06/29,0,5000,0,5000
2010/06/30,0,4000,-16000,-12000
2010/07/01,0,10000,-69000,-59000
2010/07/02,0,2000,-27000,-25000
2010/07/05,0,3000,-10000,-7000
2010/07/06,0,42000,0,42000
2010/07/07,0,4000,-17000,-13000
2010/07/08,0,15000,-1000,14000
2010/07/09,0,13000,0,13000
2010/07/12,0,8000,-13000,-5000
2010/07/13,0,7000,-22000,-15000
2010/07/14,0,32000,0,32000
2010/07/15,0,18000,-5000,13000
2010/07/16,0,25000,-10000,15000
2010/07/19,0,23000,-1000,22000
2010/07/20,0,26000,-12000,14000
2010/07/21,0,17000,-11000,6000
2010/07/22,0,0,0,0
2010/07/23,0,47000,0,47000
2010/07/26,0,6000,-3000,3000
2010/07/27,0,12000,-1000,11000
2010/07/28,0,26000,-21000,5000
2010/07/29,0,15000,-52000,-37000
2010/07/30,0,0,-60000,-60000
2010/08/02,0,36000,-9000,27000
2010/08/03,0,4000,-12000,-8000
2010/08/04,0,37000,-11000,26000
2010/08/05,0,34000,-8000,26000
2010/08/06,0,3000,-2000,1000
2010/08/09,0,41000,-4000,37000
2010/08/10,0,26000,-6000,20000
2010/08/11,0,3000,-17000,-14000
2010/08/12,0,8000,-5000,3000
2010/08/13,0,22000,-24000,-2000
2010/08/16,0,2000,-6000,-4000
2010/08/17,0,0,0,0
2010/08/18,0,0,-41000,-41000
2010/08/19,0,1000,-53000,-52000
2010/08/20,0,2000,-10000,-8000
2010/08/23,0,35000,-3000,32000
2010/08/24,0,0,-25000,-25000
2010/08/25,0,23000,-26000,-3000
2010/08/26,0,1000,-49000,-48000
2010/08/27,0,0,-19000,-19000
2010/08/30,0,0,-4000,-4000
2010/08/31,0,0,-36000,-36000
2010/09/01,0,0,-6000,-6000
2010/09/02,0,34000,0,34000
2010/09/03,0,35000,-23000,12000
2010/09/06,0,28000,-28000,0
2010/09/07,0,1000,-40000,-39000
2010/09/08,0,14000,-2000,12000
2010/09/09,0,18000,-5000,13000
2010/09/10,0,7000,-18000,-11000
2010/09/13,0,0,0,0
2010/09/14,0,0,-25000,-25000
2010/09/15,0,200000,0,200000
2010/09/16,0,62000,-210000,-148000
2010/09/17,0,176000,-27000,149000
2010/09/20,0,0,-20000,-20000
2010/09/21,0,30000,-1000,29000
2010/09/22,0,0,0,0
2010/09/23,0,19000,-6000,13000
2010/09/24,0,35000,-4000,31000
2010/09/27,0,3000,-1000,2000
2010/09/28,0,7000,0,7000
2010/09/29,0,112000,-98000,14000
2010/09/30,0,11000,-50000,-39000
2010/10/01,0,20000,-12000,8000
2010/10/04,0,11000,-102000,-91000
2010/10/05,0,24000,-53000,-29000
2010/10/06,0,25000,-13000,12000
2010/10/07,0,9000,-16000,-7000
2010/10/08,0,61000,-28000,33000
2010/10/11,0,61000,-8000,53000
2010/10/12,0,108000,-30000,78000
2010/10/13,0,51000,-103000,-52000
2010/10/14,0,82000,-40000,42000
2010/10/15,0,109000,-171000,-62000
2010/10/18,0,25000,-211000,-186000
2010/10/19,0,34000,-13000,21000
2010/10/20,0,61000,-84000,-23000
2010/10/21,0,49000,-32000,17000
2010/10/22,0,213000,-76000,137000
2010/10/25,0,96000,-23000,73000
2010/10/26,0,123000,-1000,122000
2010/10/27,0,53000,-170000,-117000
2010/10/28,0,32000,-14000,18000
2010/10/29,0,10000,-9000,1000
2010/11/01,0,165000,-49000,116000
2010/11/02,0,48000,-1000,47000
2010/11/03,0,73000,-54000,19000
2010/11/04,0,56000,-45000,11000
2010/11/05,0,12000,-40000,-28000
2010/11/08,0,26000,0,26000
2010/11/09,0,31000,-10000,21000
2010/11/10,0,0,0,0
2010/11/11,0,79000,0,79000
2010/11/12,0,27000,-12000,15000
2010/11/15,0,30000,-35000,-5000
2010/11/16,0,25000,-28000,-3000
2010/11/17,0,7000,-38000,-31000
2010/11/18,0,17000,-14000,3000
2010/11/19,0,0,-53000,-53000
2010/11/22,0,17000,-31000,-14000
2010/11/23,0,0,-60000,-60000
2010/11/24,0,19000,-167000,-148000
2010/11/25,0,9000,-27000,-18000
2010/11/26,0,29000,0,29000
2010/11/29,0,15000,-14000,1000
2010/11/30,0,12000,-11000,1000
2010/12/01,0,10000,-39000,-29000
2010/12/02,0,42000,-5000,37000
2010/12/03,0,9000,0,9000
2010/12/06,0,35000,-6000,29000
2010/12/07,0,0,-9000,-9000
2010/12/08,0,15000,-21000,-6000
2010/12/09,0,44000,-1000,43000
2010/12/10,0,1000,0,1000
2010/12/13,0,0,-27000,-27000
2010/12/14,0,13000,-3000,10000
2010/12/15,0,14000,-55000,-41000
2010/12/16,0,2000,0,2000
2010/12/17,0,8000,0,8000
2010/12/20,0,1000,-46000,-45000
2010/12/21,0,20000,-8000,12000
2010/12/22,0,0,-15000,-15000
2010/12/23,0,0,-12000,-12000
2010/12/24,0,10000,0,10000
2010/12/27,0,24000,0,24000
2010/12/28,0,8000,-3000,5000
2010/12/29,0,30000,-1000,29000
2010/12/30,0,7000,-24000,-17000
2010/12/31,0,9000,0,9000
2011/01/03,0,6000,-2000,4000
2011/01/04,0,6000,-10000,-4000
2011/01/05,0,8000,-9000,-1000
2011/01/06,0,6000,-24000,-18000
2011/01/07,0,0,-49000,-49000
2011/01/10,0,1000,-31000,-30000
2011/01/11,0,13000,-6000,7000
2011/01/12,0,11000,-14000,-3000
2011/01/13,0,14000,-2000,12000
2011/01/14,0,15000,-3000,12000
2011/01/17,0,79000,-2000,77000
2011/01/18,0,42000,-1000,41000
2011/01/19,0,92000,-26000,66000
2011/01/20,0,50000,0,50000
2011/01/21,0,99000,-16000,83000
2011/01/24,0,40000,-27000,13000
2011/01/25,0,26000,-30000,-4000
2011/01/26,0,0,-112000,-112000
2011/01/27,0,0,-122000,-122000
2011/01/28,0,2000,-17000,-15000
2011/01/31,0,0,0,0
2011/02/01,0,0,0,0
2011/02/02,0,0,0,0
2011/02/03,0,0,0,0
2011/02/04,0,0,0,0
2011/02/07,0,0,0,0
2011/02/08,0,24000,-48000,-24000
2011/02/09,0,13000,-6000,7000
2011/02/10,0,10000,-51000,-41000
2011/02/11,0,17000,-67000,-50000
2011/02/14,0,4000,-79000,-75000
2011/02/15,0,8000,-62000,-54000
2011/02/16,0,12000,-40000,-28000
2011/02/17,0,0,-112000,-112000
2011/02/18,0,29000,-49000,-20000
2011/02/21,0,0,-29000,-29000
2011/02/22,0,9000,-98000,-89000
2011/02/23,0,4000,-45000,-41000
2011/02/24,0,5000,-9000,-4000
2011/02/25,0,2000,-10000,-8000
2011/02/28,0,0,0,0
2011/03/01,0,12000,-7000,5000
2011/03/02,0,45000,-56000,-11000
2011/03/03,0,4000,-62000,-58000
2011/03/04,0,20000,0,20000
2011/03/07,0,4000,-3000,1000
2011/03/08,0,7000,-8000,-1000
2011/03/09,0,8000,0,8000
2011/03/10,0,9000,0,9000
2011/03/11,0,0,-20000,-20000
2011/03/14,0,7000,-20000,-13000
2011/03/15,0,3000,-5000,-2000
2011/03/16,0,83000,-26000,57000
2011/03/17,0,71000,-20000,51000
2011/03/18,0,15000,-46000,-31000
2011/03/21,0,12000,-52000,-40000
2011/03/22,0,0,-39000,-39000
2011/03/23,0,0,-10000,-10000
2011/03/24,0,17000,0,17000
2011/03/25,0,11000,-21000,-10000
2011/03/28,0,15000,-3000,12000
2011/03/29,0,26000,0,26000
2011/03/30,0,8000,0,8000
2011/03/31,0,0,-17000,-17000
2011/04/01,0,1000,-11000,-10000
2011/04/04,0,0,0,0
2011/04/05,0,0,0,0
2011/04/06,0,65000,-5000,60000
2011/04/07,0,2000,-18000,-16000
2011/04/08,0,40000,0,40000
2011/04/11,0,0,-15000,-15000
2011/04/12,0,2000,-20000,-18000
2011/04/13,0,18000,-9000,9000
2011/04/14,0,29000,-30000,-1000
2011/04/15,0,8000,-5000,3000
2011/04/18,0,0,-16000,-16000
2011/04/19,0,0,-16000,-16000
2011/04/20,0,41000,-5000,36000
2011/04/21,0,92000,0,92000
2011/04/22,0,48000,-27000,21000
2011/04/25,0,44000,-5000,39000
2011/04/26,0,6000,-3000,3000
2011/04/27,0,21000,-1000,20000
2011/04/28,0,10000,0,10000
2011/04/29,0,5000,-3000,2000
2011/05/02,0,0,0,0
2011/05/03,0,50000,0,50000
2011/05/04,0,3000,-1000,2000
2011/05/05,0,5000,-1000,4000
2011/05/06,0,17000,-24000,-7000
2011/05/09,0,38000,0,38000
2011/05/10,0,57000,-2000,55000
2011/05/11,0,63000,-5000,58000
2011/05/12,0,35000,-3000,32000
2011/05/13,0,37000,-27000,10000
2011/05/16,0,5000,-13000,-8000
2011/05/17,0,19000,-125000,-106000
2011/05/18,0,62000,-1000,61000
2011/05/19,0,32000,-5000,27000
2011/05/20,0,0,-1000,-1000
2011/05/23,0,1000,-10000,-9000
2011/05/24,0,10000,-2000,8000
2011/05/25,0,13000,-24000,-11000
2011/05/26,0,8000,-12000,-4000
2011/05/27,0,13000,-24000,-11000
2011/05/30,0,2000,-18000,-16000
2011/05/31,0,12000,-3000,9000
2011/06/01,0,52000,-6000,46000
2011/06/02,0,53000,-8000,45000
2011/06/03,0,43000,-1000,42000
2011/06/06,0,0,0,0
2011/06/07,0,5000,-6000,-1000
2011/06/08,0,9000,0,9000
2011/06/09,0,47000,-8000,39000
2011/06/10,0,0,-147000,-147000
2011/06/13,0,0,-52000,-52000
2011/06/14,0,11000,-3000,8000
2011/06/15,0,278000,-186000,92000
2011/06/16,0,15000,-52000,-37000
2011/06/17,0,13476,-9000,4476
2011/06/20,0,6000,-9000,-3000
2011/06/21,0,44000,-6000,38000
2011/06/22,0,8000,-21000,-13000
2011/06/23,0,53000,-25000,28000
2011/06/24,0,65000,-20000,45000
2011/06/27,0,31000,-59000,-28000
2011/06/28,0,2000,-103000,-101000
2011/06/29,0,151000,-5000,146000
2011/06/30,0,13000,-82000,-69000
2011/07/01,0,3000,-27000,-24000
2011/07/04,0,17000,-61000,-44000
2011/07/05,0,19000,-38000,-19000
2011/07/06,0,27000,-19000,8000
2011/07/07,0,11000,-25000,-14000
2011/07/08,0,14000,-37000,-23000
2011/07/11,0,14000,-19000,-5000
2011/07/12,0,66000,-3000,63000
2011/07/13,0,83000,0,83000
2011/07/14,0,5000,-2000,3000
2011/07/15,0,10000,-14000,-4000
2011/07/18,0,13000,-16000,-3000
2011/07/19,0,15000,-62000,-47000
2011/07/20,0,59238,-19000,40238
2011/07/21,0,44000,-3000,41000
2011/07/22,0,68000,-5000,63000
2011/07/25,0,7000,-32000,-25000
2011/07/26,0,14000,-14000,0
2011/07/27,0,14000,-21000,-7000
2011/07/28,0,0,-23000,-23000
2011/07/29,0,19000,-9000,10000
2011/08/01,0,113000,-20000,93000
2011/08/02,0,20000,-12000,8000
2011/08/03,0,38000,-47000,-9000
2011/08/04,0,84000,-26000,58000
2011/08/05,0,34000,-44000,-10000
2011/08/08,0,20000,-116000,-96000
2011/08/09,0,20000,-72000,-52000
2011/08/10,0,19000,-210000,-191000
2011/08/11,0,27000,-55000,-28000
2011/08/12,0,7000,-95000,-88000
2011/08/15,0,47000,-2000,45000
2011/08/16,0,22000,-81000,-59000
2011/08/17,0,106000,-93000,13000
2011/08/18,0,25000,-89000,-64000
2011/08/19,0,14000,-38000,-24000
2011/08/22,0,41000,-20000,21000
2011/08/23,0,95000,-53000,42000
2011/08/24,0,22000,-94000,-72000
2011/08/25,0,19000,-19000,0
2011/08/26,0,25000,-19000,6000
2011/08/29,0,36000,-15000,21000
2011/08/30,0,6000,-129000,-123000
2011/08/31,0,40000,-49000,-9000
2011/09/01,0,9000,-77000,-68000
2011/09/02,0,0,-55000,-55000
2011/09/05,0,1000,-102000,-101000
2011/09/06,0,2000,-38000,-36000
2011/09/07,0,9000,-21000,-12000
2011/09/08,0,2000,-25000,-23000
2011/09/09,0,25000,-22000,3000
2011/09/12,0,0,0,0
2011/09/13,0,14000,-17000,-3000
2011/09/14,0,43000,-124000,-81000
2011/09/15,0,49000,-9000,40000
2011/09/16,0,79000,-24016,54984
2011/09/19,0,0,-5000,-5000
2011/09/20,0,12000,-9000,3000
2011/09/21,0,11000,-14000,-3000
2011/09/22,0,4000,-127000,-123000
2011/09/23,0,0,-497000,-497000
2011/09/26,0,4000,-11000,-7000
2011/09/27,0,26000,-28000,-2000
2011/09/28,0,0,-8000,-8000
2011/09/29,0,26000,-8000,18000
2011/09/30,0,19000,-66000,-47000
2011/10/03,0,1000,-65000,-64000
2011/10/04,0,14000,-2000,12000
2011/10/05,0,44000,-5000,39000
2011/10/06,0,99000,0,99000
2011/10/07,0,20000,-22000,-2000
2011/10/10,0,0,0,0
2011/10/11,0,41000,0,41000
2011/10/12,0,16000,-25000,-9000
2011/10/13,0,13000,-17000,-4000
2011/10/14,0,2000,-47000,-45000
2011/10/17,0,16000,-4000,12000
2011/10/18,0,7000,-11000,-4000
2011/10/19,0,3000,-5000,-2000
2011/10/20,0,6000,-7000,-1000
2011/10/21,0,1000,-2000,-1000
2011/10/24,0,97000,-1000,96000
2011/10/25,0,15000,-4000,11000
2011/10/26,0,54000,-16000,38000
2011/10/27,0,0,-2000,-2000
2011/10/28,0,79000,-53000,26000
2011/10/31,0,13000,-35000,-22000
2011/11/01,0,105000,-16000,89000
2011/11/02,0,57000,-36000,21000
2011/11/03,0,12000,-26000,-14000
2011/11/04,0,79000,0,79000
2011/11/07,0,6000,0,6000
2011/11/08,0,17000,-10000,7000
2011/11/09,0,14000,-45000,-31000
2011/11/10,0,20000,-7000,13000
2011/11/11,0,31000,-7000,24000
2011/11/14,0,26000,-1000,25000
2011/11/15,0,22000,-20000,2000
2011/11/16,0,17000,-34000,-17000
2011/11/17,0,7000,-21000,-14000
2011/11/18,0,32000,-25000,7000
2011/11/21,0,27000,-5000,22000
2011/11/22,0,52000,0,52000
2011/11/23,0,25000,-7000,18000
2011/11/24,0,42000,-20000,22000
2011/11/25,0,0,-51000,-51000
2011/11/28,0,8000,-2000,6000
2011/11/29,0,31000,0,31000
2011/11/30,0,71000,-24000,47000
2011/12/01,0,90000,-1000,89000
2011/12/02,0,38000,-4000,34000
2011/12/05,0,16000,-30000,-14000
2011/12/06,0,105000,-54000,51000
2011/12/07,0,108000,-3000,105000
2011/12/08,0,49000,-40000,9000
2011/12/09,0,42000,-27000,15000
2011/12/12,0,45000,-10000,35000
2011/12/13,0,4000,-5000,-1000
2011/12/14,0,4000,-5000,-1000
2011/12/15,0,14000,-12000,2000
2011/12/16,0,11019,-22000,-10981
2011/12/19,0,1000,-27000,-26000
2011/12/20,0,16000,0,16000
2011/12/21,0,10000,-15000,-5000
2011/12/22,0,39000,-9000,30000
2011/12/23,0,66000,0,66000
2011/12/26,0,10000,0,10000
2011/12/27,0,8000,-16000,-8000
2011/12/28,0,23000,-5000,18000
2011/12/29,0,28000,-8000,20000
2011/12/30,0,42001,-2000,40001
2012/01/02,0,2000,-6000,-4000
2012/01/03,0,6000,-3000,3000
2012/01/04,0,3000,-52000,-49000
2012/01/05,0,1000,-38000,-37000
2012/01/06,0,13000,-112000,-99000
2012/01/09,0,46000,-17000,29000
2012/01/10,0,12000,-15000,-3000
2012/01/11,0,6000,-23000,-17000
2012/01/12,0,6000,-30000,-24000
2012/01/13,0,45000,-11000,34000
2012/01/16,0,1000,-87000,-86000
2012/01/17,0,24000,-30000,-6000
2012/01/18,0,79000,-65000,14000
2012/01/19,0,0,0,0
2012/01/20,0,0,0,0
2012/01/23,0,0,0,0
2012/01/24,0,0,0,0
2012/01/25,0,0,0,0
2012/01/26,0,0,0,0
2012/01/27,0,0,0,0
2012/01/30,0,32000,-29000,3000
2012/01/31,0,26000,-15000,11000
2012/02/01,0,4000,-18000,-14000
2012/02/02,0,18000,-90000,-72000
2012/02/03,0,25000,-110000,-85000
2012/02/06,0,10000,-239000,-229000
2012/02/07,0,52000,-22000,30000
2012/02/08,0,53000,0,53000
2012/02/09,0,65000,-62000,3000
2012/02/10,0,10000,-9000,1000
2012/02/13,0,78000,-1000,77000
2012/02/14,0,221000,-10000,211000
2012/02/15,0,19000,-13000,6000
2012/02/16,0,19000,-5000,14000
2012/02/17,0,159000,-88000,71000
2012/02/20,0,81000,-33000,48000
2012/02/21,0,18000,-19000,-1000
2012/02/22,0,21000,-11000,10000
2012/02/23,0,8000,-11000,-3000
2012/02/24,0,27000,-15000,12000
2012/02/27,0,0,0,0
2012/02/28,0,0,0,0
2012/02/29,0,1000,-20000,-19000
2012/03/01,0,7000,-3000,4000
2012/03/02,0,41000,-71000,-30000
2012/03/05,0,4000,-69000,-65000
2012/03/06,0,38000,0,38000
2012/03/07,0,0,-8000,-8000
2012/03/08,0,4000,-26000,-22000
2012/03/09,0,30000,-24000,6000
2012/03/12,0,2000,-15000,-13000
2012/03/13,0,46000,-9000,37000
2012/03/14,0,67000,-3000,64000
2012/03/15,0,6000,-24000,-18000
2012/03/16,0,25000,-29000,-4000
2012/03/19,0,14016,-22000,-7984
2012/03/20,0,14000,-14000,0
2012/03/21,0,30000,-27000,3000
2012/03/22,0,25000,-2000,23000
2012/03/23,0,7000,-10000,-3000
2012/03/26,0,0,-21000,-21000
2012/03/27,0,2000,-12000,-10000
2012/03/28,0,12000,-3000,9000
2012/03/29,0,30000,-4000,26000
2012/03/30,0,21000,-10000,11000
2012/04/02,0,20000,-43000,-23000
2012/04/03,0,84000,-20000,64000
2012/04/04,0,0,0,0
2012/04/05,0,101000,-8000,93000
2012/04/06,0,5000,-79000,-74000
2012/04/09,0,19000,-41000,-22000
2012/04/10,0,18000,-21000,-3000
2012/04/11,0,9000,-33000,-24000
2012/04/12,0,106871,-69000,37871
2012/04/13,0,9000,-50000,-41000
2012/04/16,0,11014,-29000,-17986
2012/04/17,0,29244,-28015,1229
2012/04/18,0,40000,-59000,-19000
2012/04/19,0,42000,-28000,14000
2012/04/20,0,8000,-7000,1000
2012/04/23,0,62000,-14000,48000
2012/04/24,0,119000,-2000,117000
2012/04/25,0,33587,-5000,28587
2012/04/26,0,8000,-11000,-3000
2012/04/27,0,27000,-61000,-34000
2012/04/30,0,1000,-13000,-12000
2012/05/01,0,0,0,0
2012/05/02,0,5000,-8000,-3000
2012/05/03,0,39000,-76000,-37000
2012/05/04,0,5051,-78000,-72949
2012/05/07,0,3000,-20000,-17000
2012/05/08,0,6000,-11000,-5000
2012/05/09,0,0,-22000,-22000
2012/05/10,0,0,-2000,-2000
2012/05/11,0,0,-8000,-8000
2012/05/14,0,7000,-41000,-34000
2012/05/15,0,41000,-5000,36000
2012/05/16,0,7000,-43000,-36000
2012/05/17,0,4167,-21000,-16833
2012/05/18,0,1000,-32000,-31000
2012/05/21,0,2000,-40000,-38000
2012/05/22,0,5000,-27000,-22000
2012/05/23,0,3000,-17000,-14000
2012/05/24,0,9000,-4000,5000
2012/05/25,0,3228,-11000,-7772
2012/05/28,0,3000,-7000,-4000
2012/05/29,0,0,-14000,-14000
2012/05/30,0,7000,-72000,-65000
2012/05/31,0,5000,-35000,-30000
2012/06/01,0,6000,-9000,-3000
2012/06/04,0,20000,-7000,13000
2012/06/05,0,1000,-36000,-35000
2012/06/06,0,8000,-4000,4000
2012/06/07,0,5000,-5000,0
2012/06/08,0,4288,-7000,-2712
2012/06/11,0,5000,-14000,-9000
2012/06/12,0,109000,-6000,103000
2012/06/13,0,99497,-4000,95497
2012/06/14,0,5376,-11000,-5624
2012/06/15,0,2000,-5962,-3962
2012/06/18,0,12000,-3000,9000
2012/06/19,0,124000,-23000,101000
2012/06/20,0,1000,-20082,-19082
2012/06/21,0,119000,-6000,113000
2012/06/22,0,48000,-15000,33000
2012/06/25,0,6782,-28000,-21218
2012/06/26,0,3000,-74000,-71000
2012/06/27,0,6000,-1000,5000
2012/06/28,0,6000,-52581,-46581
2012/06/29,0,253000,-24000,229000
2012/07/02,0,72000,-12000,60000
2012/07/03,0,53000,-7000,46000
2012/07/04,0,73000,-45000,28000
2012/07/05,0,16000,-30000,-14000
2012/07/06,0,3000,-30032,-27032
2012/07/09,0,18000,-8000,10000
2012/07/10,0,86000,-14000,72000
2012/07/11,0,35000,0,35000
2012/07/12,0,20501,-10000,10501
2012/07/13,0,8000,-21000,-13000
2012/07/16,0,13102,-2000,11102
2012/07/17,0,0,-1000,-1000
2012/07/18,0,0,-7000,-7000
2012/07/19,0,12000,-5000,7000
2012/07/20,0,5000,-16000,-11000
2012/07/23,0,4390,-1000,3390
2012/07/24,0,0,-7000,-7000
2012/07/25,0,3000,-2000,1000
2012/07/26,0,11776,-2000,9776
2012/07/27,0,10776,-5000,5776
2012/07/30,0,3000,0,3000
2012/07/31,0,22000,-1000,21000
2012/08/01,0,16000,-1000,15000
2012/08/02,0,0,0,0
2012/08/03,0,9000,-3000,6000
2012/08/06,0,16000,-6000,10000
2012/08/07,0,170000,-4000,166000
2012/08/08,0,25000,-5000,20000
2012/08/09,0,34018,-11000,23018
2012/08/10,0,24000,-5000,19000
2012/08/13,0,14000,-5000,9000
2012/08/14,0,38099,-9000,29099
2012/08/15,0,19000,-4000,15000
2012/08/16,0,9000,-7000,2000
2012/08/17,0,16000,-10000,6000
2012/08/20,0,17000,-14000,3000
2012/08/21,0,22000,-3000,19000
2012/08/22,0,66000,-7000,59000
2012/08/23,0,4000,-25000,-21000
2012/08/24,0,2560,-14000,-11440
2012/08/27,0,10000,-5000,5000
2012/08/28,0,13000,-8000,5000
2012/08/29,0,213000,-6000,207000
2012/08/30,0,11127,-21000,-9873
2012/08/31,0,32386,-4000,28386
2012/09/03,0,16000,0,16000
2012/09/04,0,2000,-2000,0
2012/09/05,0,0,-18000,-18000
2012/09/06,0,2000,-27000,-25000
2012/09/07,0,13000,-2000,11000
2012/09/10,0,4121,-1000,3121
2012/09/11,0,21000,-9000,12000
2012/09/12,0,26000,0,26000
2012/09/13,0,2000,-1000,1000
2012/09/14,0,55000,-3000,52000
2012/09/17,0,17000,-162000,-145000
2012/09/18,0,41000,-1000,40000
2012/09/19,0,41000,-102000,-61000
2012/09/20,0,24000,-6385,17615
2012/09/21,0,25198,-3000,22198
2012/09/24,0,4000,-8000,-4000
2012/09/25,0,32000,-3000,29000
2012/09/26,0,11000,-30000,-19000
2012/09/27,0,22000,-8823,13177
2012/09/28,0,203000,-27000,176000
2012/10/01,0,15000,-36000,-21000
2012/10/02,0,10000,-1000,9000
2012/10/03,0,6000,-7000,-1000
2012/10/04,0,31000,-7000,24000
2012/10/05,0,26000,-18000,8000
2012/10/08,0,17000,-3000,14000
2012/10/09,0,91000,-159546,-68546
2012/10/10,0,0,0,0
2012/10/11,0,93000,-1000,92000
2012/10/12,0,27000,-12000,15000
2012/10/15,0,30000,-17000,13000
2012/10/16,0,16000,-47000,-31000
2012/10/17,0,17000,-44733,-27733
2012/10/18,0,11000,-4000,7000
2012/10/19,0,3000,-10000,-7000
2012/10/22,0,45000,-10000,35000
2012/10/23,0,46000,-8000,38000
2012/10/24,0,18000,-10000,8000
2012/10/25,0,49000,-3000,46000
2012/10/26,0,76000,-22000,54000
2012/10/29,0,59000,-1000,58000
2012/10/30,0,53000,-1000,52000
2012/10/31,0,18000,-2000,16000
2012/11/01,0,34000,-60000,-26000
2012/11/02,0,15000,-7000,8000
2012/11/05,0,18000,-47000,-29000
2012/11/06,0,33000,-37000,-4000
2012/11/07,0,22000,-14000,8000
2012/11/08,0,8000,-35000,-27000
2012/11/09,0,5000,-50000,-45000
2012/11/12,0,1000,-6000,-5000
2012/11/13,0,31000,-43000,-12000
2012/11/14,0,1000,-18000,-17000
2012/11/15,0,0,-12000,-12000
2012/11/16,0,5000,-54000,-49000
2012/11/19,0,8000,-8000,0
2012/11/20,0,24000,-44000,-20000
2012/11/21,0,21000,-62000,-41000
2012/11/22,0,7000,-6000,1000
2012/11/23,0,28000,-12000,16000
2012/11/26,0,7000,-40000,-33000
2012/11/27,0,124000,-52000,72000
2012/11/28,0,7000,-27000,-20000
2012/11/29,0,47000,-18000,29000
2012/11/30,0,41000,-25000,16000
2012/12/03,0,33000,-6000,27000
2012/12/04,0,33298,-8000,25298
2012/12/05,0,30000,-10000,20000
2012/12/06,0,5000,-48000,-43000
2012/12/07,0,2000,-59000,-57000
2012/12/10,0,7000,-1000,6000
2012/12/11,0,34000,-9000,25000
2012/12/12,0,17000,-44000,-27000
2012/12/13,0,14000,-27000,-13000
2012/12/14,0,39000,-33000,6000
2012/12/17,0,6000,-35000,-29000
2012/12/18,0,25000,-17000,8000
2012/12/19,0,51000,-15000,36000
2012/12/20,0,6000,-9000,-3000
2012/12/21,0,1000,-42000,-41000
2012/12/24,0,27000,-6000,21000
2012/12/25,0,39000,0,39000
2012/12/26,0,42000,-1000,41000
2012/12/27,0,1000,-3000,-2000
2012/12/28,0,156000,-523000,-367000
2012/12/31,0,0,0,0
2013/01/01,0,0,0,0
2013/01/02,0,39000,-16000,23000
2013/01/03,0,24000,-39000,-15000
2013/01/04,0,6000,-91000,-85000
2013/01/07,0,11000,-69000,-58000
2013/01/08,0,13000,-32000,-19000
2013/01/09,0,13000,-17000,-4000
2013/01/10,0,30000,-78000,-48000
2013/01/11,0,29000,-7733,21267
2013/01/14,0,6000,-7000,-1000
2013/01/15,0,17000,-11000,6000
2013/01/16,0,5000,-60000,-55000
2013/01/17,0,3000,-24000,-21000
2013/01/18,0,5000,-12000,-7000
2013/01/21,0,36000,-19000,17000
2013/01/22,0,154000,-44000,110000
2013/01/23,0,5000,-6000,-1000
2013/01/24,0,6000,-24000,-18000
2013/01/25,0,50071,-78000,-27929
2013/01/28,0,21000,-3000,18000
2013/01/29,0,11000,-10000,1000
2013/01/30,0,47000,-23000,24000
2013/01/31,0,15000,-15000,0
2013/02/01,0,12000,-10000,2000
2013/02/04,0,16000,-14000,2000
2013/02/05,0,31000,-26000,5000
2013/02/06,0,18000,-11000,7000
2013/02/07,0,0,0,0
2013/02/08,0,0,0,0
2013/02/11,0,0,0,0
2013/02/12,0,0,0,0
2013/02/13,0,0,0,0
2013/02/14,0,0,0,0
2013/02/15,0,0,0,0
2013/02/18,0,35000,-24000,11000
2013/02/19,0,0,-24000,-24000
2013/02/20,0,37000,-14000,23000
2013/02/21,0,138000,-161000,-23000
2013/02/22,0,156000,-28000,128000
2013/02/25,0,45000,-45000,0
2013/02/26,0,82000,-115000,-33000
2013/02/27,0,80000,-18000,62000
2013/02/28,0,0,0,0
2013/03/01,0,70000,-7000,63000
2013/03/04,0,9000,-63000,-54000
2013/03/05,0,51000,-39000,12000
2013/03/06,0,22000,-46000,-24000
2013/03/07,0,13000,-17000,-4000
2013/03/08,0,4000,-1000,3000
2013/03/11,0,51000,-18000,33000
2013/03/12,0,148000,-43000,105000
2013/03/13,0,4000,-1000,3000
2013/03/14,0,10000,-12000,-2000
2013/03/15,0,6209,-44000,-37791
2013/03/18,0,10000,-61000,-51000
2013/03/19,0,10000,-66000,-56000
2013/03/20,0,1000,-89000,-88000
2013/03/21,0,8000,-23000,-15000
2013/03/22,0,16000,-13000,3000
2013/03/25,0,0,-22000,-22000
2013/03/26,0,2000,-23000,-21000
2013/03/27,0,2000,-10000,-8000
2013/03/28,0,0,-1000,-1000
2013/03/29,0,806000,-24000,782000
2013/04/01,0,221000,-39000,182000
2013/04/02,0,2073,-33000,-30927
2013/04/03,0,40107,-45000,-4893
2013/04/04,0,0,0,0
2013/04/05,0,0,0,0
2013/04/08,0,5000,-15000,-10000
2013/04/09,0,58000,-44000,14000
2013/04/10,0,85000,-9000,76000
2013/04/11,0,0,-9000,-9000
2013/04/12,0,56000,-9000,47000
2013/04/15,0,0,-7000,-7000
2013/04/16,0,1000,-3000,-2000
2013/04/17,0,15000,-3000,12000
2013/04/18,0,14000,-8000,6000
2013/04/19,0,12000,-3000,9000
2013/04/22,0,5000,-4000,1000
2013/04/23,0,25000,-5000,20000
2013/04/24,0,14000,-8000,6000
2013/04/25,0,14000,-21000,-7000
2013/04/26,0,8000,-12000,-4000
2013/04/29,0,12000,-40000,-28000
2013/04/30,0,28000,-11000,17000
2013/05/01,0,0,0,0
2013/05/02,0,70000,-11000,59000
2013/05/03,0,36000,-4000,32000
2013/05/06,0,52000,-43000,9000
2013/05/07,0,83000,-18000,65000
2013/05/08,0,63000,-23000,40000
2013/05/09,0,23000,-10000,13000
2013/05/10,0,49000,-5000,44000
2013/05/13,0,2000,-35000,-33000
2013/05/14,0,32000,-23000,9000
2013/05/15,0,48000,-14000,34000
2013/05/16,0,79000,-15000,64000
2013/05/17,0,42000,-9000,33000
2013/05/20,0,7000,-6000,1000
2013/05/21,0,9000,-5000,4000
2013/05/22,0,14000,-5000,9000
2013/05/23,0,52000,-21000,31000
2013/05/24,0,4000,-27000,-23000
2013/05/27,0,22000,-43000,-21000
2013/05/28,0,84000,-32000,52000
2013/05/29,0,15000,-34000,-19000
2013/05/30,0,21000,-45000,-24000
2013/05/31,0,1000,-29000,-28000
2013/06/03,0,15000,-34000,-19000
2013/06/04,0,90000,-27000,63000
2013/06/05,0,15000,-33000,-18000
2013/06/06,0,13000,-39000,-26000
2013/06/07,0,21000,-8000,13000
2013/06/10,0,54000,-29000,25000
2013/06/11,0,51000,-25000,26000
2013/06/12,0,0,0,0
2013/06/13,0,22000,-130000,-108000
2013/06/14,0,11000,-12000,-1000
2013/06/17,0,17000,-65000,-48000
2013/06/18,0,70000,-40000,30000
2013/06/19,0,26000,-25000,1000
2013/06/20,0,76000,-4000,72000
2013/06/21,0,15000,-48000,-33000
2013/06/24,0,70000,-30000,40000
2013/06/25,0,68000,-40000,28000
2013/06/26,0,67000,-23000,44000
2013/06/27,0,56000,-32000,24000
2013/06/28,0,57000,-80000,-23000
2013/07/01,0,65000,-13000,52000
2013/07/02,0,105000,-81000,24000
2013/07/03,0,54000,-39000,15000
2013/07/04,0,47000,-11000,36000
2013/07/05,0,27000,-13000,14000
2013/07/08,0,3000,-98000,-95000
2013/07/09,0,5000,-19000,-14000
2013/07/10,0,2000,-22000,-20000
2013/07/11,0,74000,-39000,35000
2013/07/12,0,4000,-13000,-9000
2013/07/15,0,19000,-6000,13000
2013/07/16,0,10000,-28000,-18000
2013/07/17,0,10000,-63000,-53000
2013/07/18,0,10000,-22000,-12000
2013/07/19,0,11000,-20000,-9000
2013/07/22,0,3000,-72000,-69000
2013/07/23,0,42000,-7000,35000
2013/07/24,0,31000,-13000,18000
2013/07/25,0,38000,-5000,33000
2013/07/26,0,48000,-10000,38000
2013/07/29,0,40000,-33000,7000
2013/07/30,0,53000,-17000,36000
2013/07/31,0,32000,-18884,13116
2013/08/01,0,15000,-3000,12000
2013/08/02,0,46000,-6000,40000
2013/08/05,0,0,-21000,-21000
2013/08/06,0,2000,-5000,-3000
2013/08/07,0,1000,-13000,-12000
2013/08/08,0,6000,-19000,-13000
2013/08/09,0,5000,-33000,-28000
2013/08/12,0,7000,-5000,2000
2013/08/13,0,6000,-52000,-46000
2013/08/14,0,5000,-6000,-1000
2013/08/15,0,12000,-23000,-11000
2013/08/16,0,4000,-10000,-6000
2013/08/19,0,31000,-16000,15000
2013/08/20,0,16000,-12000,4000
2013/08/21,0,0,0,0
2013/08/22,0,4000,-10000,-6000
2013/08/23,0,30000,-24000,6000
2013/08/26,0,12000,-8000,4000
2013/08/27,0,26000,-12000,14000
2013/08/28,0,2000,-27000,-25000
2013/08/29,0,18000,-39000,-21000
2013/08/30,0,13000,-27000,-14000
2013/09/02,0,63000,-27000,36000
2013/09/03,0,49000,-20000,29000
2013/09/04,0,44000,-21000,23000
2013/09/05,0,17000,-18000,-1000
2013/09/06,0,9000,-24000,-15000
2013/09/09,0,11000,-9000,2000
2013/09/10,0,41000,-3000,38000
2013/09/11,0,79000,-7000,72000
2013/09/12,0,25000,-75000,-50000
2013/09/13,0,56000,-49000,7000
2013/09/16,0,6243,-27000,-20757
2013/09/17,0,22000,-8000,14000
2013/09/18,0,54000,-4000,50000
2013/09/19,0,0,0,0
2013/09/20,0,0,0,0
2013/09/23,0,3000,-4000,-1000
2013/09/24,0,58000,-7000,51000
2013/09/25,0,78000,-5000,73000
2013/09/26,0,32000,-3000,29000
2013/09/27,0,37000,-17000,20000
2013/09/30,0,77000,-144410,-67410
2013/10/01,0,60000,-18000,42000
2013/10/02,0,60000,-57188,2812
2013/10/03,0,42000,-23000,19000
2013/10/04,0,44000,-14000,30000
2013/10/07,0,73000,-25000,48000
2013/10/08,0,43000,-7000,36000
2013/10/09,0,22000,-7000,15000
2013/10/10,0,0,0,0
2013/10/11,0,71000,-10000,61000
2013/10/14,0,42000,-19000,23000
2013/10/15,0,81000,-39000,42000
2013/10/16,0,46000,-29000,17000
2013/10/17,0,107000,-24000,83000
2013/10/18,0,82000,-40000,42000
2013/10/21,0,38000,-40000,-2000
2013/10/22,0,29000,-10000,19000
2013/10/23,0,29000,-66000,-37000
2013/10/24,0,33000,0,33000
2013/10/25,0,68000,-17000,51000
2013/10/28,0,141000,-24000,117000
2013/10/29,0,31000,-75000,-44000
2013/10/30,0,26000,-35000,-9000
2013/10/31,0,20000,-8000,12000
2013/11/01,0,7000,-12000,-5000
2013/11/04,0,17000,-11000,6000
2013/11/05,0,6000,-31000,-25000
2013/11/06,0,7000,-7000,0
2013/11/07,0,11000,-23000,-12000
2013/11/08,0,16000,-19000,-3000
2013/11/11,0,58000,-4000,54000
2013/11/12,0,159000,-11000,148000
2013/11/13,0,16000,-41000,-25000
2013/11/14,0,45000,-31000,14000
2013/11/15,0,31000,-10000,21000
2013/11/18,0,36000,-10000,26000
2013/11/19,0,69000,-6000,63000
2013/11/20,0,21000,-1000,20000
2013/11/21,0,26000,-9000,17000
2013/11/22,0,24000,-24000,0
2013/11/25,0,8050,-6000,2050
2013/11/26,0,23000,-18000,5000
2013/11/27,0,8000,-10000,-2000
2013/11/28,0,59000,-2000,57000
2013/11/29,0,63000,-7000,56000
2013/12/02,0,10000,-9008,992
2013/12/03,0,23000,-5000,18000
2013/12/04,0,9000,-7000,2000
2013/12/05,0,11000,-10000,1000
2013/12/06,0,17000,-5000,12000
2013/12/09,0,67000,-5000,62000
2013/12/10,0,21000,-69000,-48000
2013/12/11,0,46000,-21000,25000
2013/12/12,0,29000,-16000,13000
2013/12/13,0,32000,-14000,18000
2013/12/16,0,61000,-21000,40000
2013/12/17,0,41000,-101042,-60042
2013/12/18,0,6000,0,6000
2013/12/19,0,48000,-39000,9000
2013/12/20,0,52000,-105000,-53000
2013/12/23,0,29000,-30000,-1000
2013/12/24,0,32000,-7000,25000
2013/12/25,0,23000,-6000,17000
2013/12/26,0,3000,-13000,-10000
2013/12/27,0,29000,-40000,-11000
2013/12/30,0,33000,-63000,-30000
2013/12/31,0,30000,-93000,-63000
2014/01/02,0,39000,-29000,10000
2014/01/03,0,6000,-45000,-39000
2014/01/06,0,22000,-33000,-11000
2014/01/07,0,38000,-9000,29000
2014/01/08,0,5000,-36000,-31000
2014/01/09,0,22000,-31000,-9000
2014/01/10,0,29000,-13000,16000
2014/01/13,0,18883,-16000,2883
2014/01/14,0,37050,-22000,15050
2014/01/15,0,30000,-42000,-12000
2014/01/16,0,11000,-10000,1000
2014/01/17,0,77000,-9000,68000
2014/01/20,0,71000,-13000,58000
2014/01/21,0,49000,-17000,32000
2014/01/22,0,62000,-4000,58000
2014/01/23,0,39000,-48000,-9000
2014/01/24,0,30000,-9000,21000
2014/01/27,0,36000,-39000,-3000
2014/02/05,0,40000,-101000,-61000
2014/02/06,0,49000,-97115,-48115
2014/02/07,0,34000,-62128,-28128
2014/02/10,0,35000,-71009,-36009
2014/02/11,0,40000,-62000,-22000
2014/02/12,0,162000,-67000,95000
2014/02/13,0,63000,-131100,-68100
2014/02/14,0,98000,-59020,38980
2014/02/17,0,76000,-9000,67000
2014/02/18,0,93000,-7000,86000
2014/02/19,0,100000,-61000,39000
2014/02/20,0,61000,-51000,10000
2014/02/21,0,110000,-152000,-42000
2014/02/24,0,28000,-79000,-51000
2014/02/25,0,56050,-66000,-9950
2014/02/26,0,30000,-53000,-23000
2014/02/27,0,28000,-15000,13000
2014/03/03,0,91000,-27000,64000
2014/03/04,0,89000,-56000,33000
2014/03/05,0,47000,-73000,-26000
2014/03/06,0,136000,-140000,-4000
2014/03/07,0,28000,-65100,-37100
2014/03/10,0,26000,-4000,22000
2014/03/11,0,91000,-24000,67000
2014/03/12,0,20000,-25000,-5000
2014/03/13,0,66000,-73000,-7000
2014/03/14,0,49000,-22000,27000
2014/03/17,0,45000,-42000,3000
2014/03/18,0,142000,-86000,56000
2014/03/19,0,63000,-77000,-14000
2014/03/20,0,75000,-90000,-15000
2014/03/21,0,295000,-383500,-88500
2014/03/24,0,59000,-52000,7000
2014/03/25,0,125000,-96000,29000
2014/03/26,0,111981,-13000,98981
2014/03/27,0,70000,-67000,3000
2014/03/28,0,16000,-7000,9000
2014/03/31,0,66000,-33120,32880
2014/04/01,0,32000,-38000,-6000
2014/04/02,0,29000,-17000,12000
2014/04/03,0,171000,-11503,159497
2014/04/07,0,11000,-26036,-15036
2014/04/08,0,79000,-27000,52000
2014/04/09,0,22000,-82000,-60000
2014/04/10,0,47000,-3000,44000
2014/04/11,0,70000,-14000,56000
2014/04/14,0,22000,-5000,17000
2014/04/15,0,61000,-17000,44000
2014/04/16,0,111000,-13000,98000
2014/04/17,0,66000,-50000,16000
2014/04/18,0,16000,-4000,12000
2014/04/21,0,15000,-8000,7000
2014/04/22,0,116500,-17000,99500
2014/04/23,0,53000,-20000,33000
2014/04/24,0,72000,-21000,51000
2014/04/25,0,41000,-15000,26000
2014/04/28,0,7000,-13000,-6000
2014/04/29,0,66000,-10000,56000
2014/04/30,0,86000,-38000,48000
2014/05/02,0,38000,-6000,32000
2014/05/05,0,0,-77000,-77000
2014/05/06,0,3000,-1000,2000
2014/05/07,0,33000,-14000,19000
2014/05/08,0,4000,-5000,-1000
2014/05/09,0,44000,-6000,38000
2014/05/12,0,22000,-9000,13000
2014/05/13,0,53000,-79000,-26000
2014/05/14,0,79000,-70461,8539
2014/05/15,0,46000,-20000,26000
2014/05/16,0,18000,-10000,8000
2014/05/19,0,8000,-14000,-6000
2014/05/20,0,4000,-10998,-6998
2014/05/21,0,38000,-78000,-40000
2014/05/22,0,91000,-86000,5000
2014/05/23,0,16000,-102000,-86000
2014/05/26,0,47000,-33000,14000
2014/05/27,0,7000,0,7000
2014/05/28,0,118000,-34000,84000
2014/05/29,0,52000,-1000,51000
2014/05/30,0,25000,-42000,-17000
2014/06/03,0,160000,-3380,156620
2014/06/04,0,31000,-111000,-80000
2014/06/05,0,13000,-5000,8000
2014/06/06,0,11000,-9000,2000
2014/06/09,0,59000,-10000,49000
2014/06/10,0,43988,-62000,-18012
2014/06/11,0,28000,-150000,-122000
2014/06/12,0,10000,-121650,-111650
2014/06/13,0,20000,-61000,-41000
2014/06/16,0,11000,-47000,-36000
2014/06/17,0,18000,-83000,-65000
2014/06/18,0,186000,-69000,117000
2014/06/19,0,22000,-31000,-9000
2014/06/20,0,4000,-73000,-69000
2014/06/23,0,44000,-38000,6000
2014/06/24,0,91000,-54000,37000
2014/06/25,0,34000,-52000,-18000
2014/06/26,0,37000,-92000,-55000
2014/06/27,0,26000,-34000,-8000
2014/06/30,0,24000,-17000,7000
2014/07/01,0,23000,-1000,22000
2014/07/02,0,26000,-26000,0
2014/07/03,0,10000,-13000,-3000
2014/07/04,0,8000,-99000,-91000
2014/07/07,0,4000,-28000,-24000
2014/07/08,0,57000,-5000,52000
2014/07/09,0,34000,0,34000
2014/07/10,0,14000,-66000,-52000
2014/07/11,0,98000,-53874,44126
2014/07/14,0,17000,-32000,-15000
2014/07/15,0,63006,-82000,-18994
2014/07/16,0,67000,-50000,17000
2014/07/17,0,70000,-26000,44000
2014/07/18,0,56000,-4000,52000
2014/07/21,0,5000,-40000,-35000
2014/07/22,0,86000,-2000,84000
2014/07/23,0,0,0,0
2014/07/24,0,115000,-15000,100000
2014/07/25,0,139000,-38000,101000
2014/07/28,0,91000,-39000,52000
2014/07/29,0,407152,-7000,400152
2014/07/30,0,41000,-75000,-34000
2014/07/31,0,82000,-33000,49000
2014/08/01,0,76000,-60000,16000
2014/08/04,0,8000,-102000,-94000
2014/08/05,0,35000,-133000,-98000
2014/08/06,0,24000,-40340,-16340
2014/08/07,0,19000,-113000,-94000
2014/08/08,0,80050,-75000,5050
2014/08/11,0,3000,-55000,-52000
2014/08/12,0,7000,-29000,-22000
2014/08/13,0,27000,-32000,-5000
2014/08/14,0,3000,-141000,-138000
2014/08/15,0,13000,-124000,-111000
2014/08/18,0,12000,-9000,3000
2014/08/19,0,27000,-208000,-181000
2014/08/20,0,29000,-86000,-57000
2014/08/21,0,33000,-79000,-46000
2014/08/22,0,92000,-131152,-39152
2014/08/25,0,38000,-48000,-10000
2014/08/26,0,6000,-27000,-21000
2014/08/27,0,92000,-52000,40000
2014/08/28,0,11000,-29000,-18000
2014/08/29,0,64000,-52000,12000
2014/09/01,0,16000,-32000,-16000
2014/09/02,0,50000,-7000,43000
2014/09/03,0,46000,-139300,-93300
2014/09/04,0,16000,-1000,15000
2014/09/05,0,36000,-48000,-12000
2014/09/09,0,48000,-27000,21000
2014/09/10,0,2000,-10000,-8000
2014/09/11,0,30000,-9000,21000
2014/09/12,0,89000,-65000,24000
2014/09/15,0,53000,-22000,31000
2014/09/16,0,22000,-16000,6000
2014/09/17,0,72000,-182000,-110000
2014/09/18,0,64000,-42000,22000
2014/09/19,0,13000,-44000,-31000
2014/09/22,0,12000,-35000,-23000
2014/09/23,0,14000,-18000,-4000
2014/09/24,0,127000,-40000,87000
2014/09/25,0,60000,-26000,34000
2014/09/26,0,47000,-24000,23000
2014/09/29,0,20000,-133000,-113000
2014/09/30,0,350000,-534000,-184000
2014/10/01,0,46250,-92000,-45750
2014/10/02,0,24000,-57000,-33000
2014/10/03,0,53000,-42000,11000
2014/10/06,0,88000,-45000,43000
2014/10/07,0,114000,-49000,65000
2014/10/08,0,50000,-24000,26000
2014/10/09,0,73000,-86000,-13000
2014/10/13,0,61000,-46000,15000
2014/10/14,0,40000,-79000,-39000
2014/10/15,0,56900,-151000,-94100
2014/10/16,0,82000,-180000,-98000
2014/10/17,0,544104,-543000,1104
2014/10/20,0,79000,-95000,-16000
2014/10/21,0,44000,-63000,-19000
2014/10/22,0,63000,-70000,-7000
2014/10/23,0,44000,-51000,-7000
2014/10/24,0,40000,-109000,-69000
2014/10/27,0,22000,-29191,-7191
2014/10/28,0,53000,-15900,37100
2014/10/29,0,81000,-140000,-59000
2014/10/30,0,65000,-86000,-21000
2014/10/31,0,25000,-102000,-77000
2014/11/03,0,29270,-123000,-93730
2014/11/04,0,23000,-106000,-83000
2014/11/05,0,44000,-63000,-19000
2014/11/06,0,32000,-59000,-27000
2014/11/07,0,12000,-55000,-43000
2014/11/10,0,160000,-45000,115000
2014/11/11,0,149000,-66000,83000
2014/11/12,0,12000,-56000,-44000
2014/11/13,0,5000,-69000,-64000
2014/11/14,0,88000,-65000,23000
2014/11/17,0,35000,-38000,-3000
2014/11/18,0,36000,-14000,22000
2014/11/19,0,20000,-18000,2000
2014/11/20,0,65000,-42000,23000
2014/11/21,0,60000,-123000,-63000
2014/11/24,0,28000,-18000,10000
2014/11/25,0,43000,-44000,-1000
2014/11/26,0,2000,-59000,-57000
2014/11/27,0,55000,-68000,-13000
2014/11/28,0,52000,-21000,31000
2014/12/01,0,59000,-56000,3000
2014/12/02,0,34000,-62000,-28000
2014/12/03,0,15000,-68000,-53000
2014/12/04,0,6000,-122000,-116000
2014/12/05,0,20000,-86000,-66000
2014/12/08,0,160000,-62000,98000
2014/12/09,0,9000,-98000,-89000
2014/12/10,0,13000,-139000,-126000
2014/12/11,0,9000,-66000,-57000
2014/12/12,0,29000,-160000,-131000
2014/12/15,0,55000,-76000,-21000
2014/12/16,0,84000,-134050,-50050
2014/12/17,0,31000,-79006,-48006
2014/12/18,0,6000,-68000,-62000
2014/12/19,0,57476,-156000,-98524
2014/12/22,0,17000,-44000,-27000
2014/12/23,0,3000,-23000,-20000
2014/12/24,0,7000,-10000,-3000
2014/12/25,0,19000,-3000,16000
2014/12/26,0,21000,-2000,19000
2014/12/29,0,10000,-73000,-63000
2014/12/30,0,19000,-30000,-11000
2014/12/31,0,390000,-64000,326000
2015/01/01,0,0,0,0
2015/01/02,0,0,0,0
2015/01/05,0,18000,-149000,-131000
2015/01/06,0,9000,-94000,-85000
2015/01/07,0,2000,-78000,-76000
2015/01/08,0,26000,-48000,-22000
2015/01/09,0,15000,-142000,-127000
2015/01/12,0,31000,-10000,21000
2015/01/13,0,86000,-101000,-15000
2015/01/14,0,48000,-73000,-25000
2015/01/15,0,9000,-141000,-132000
2015/01/16,0,64000,-141458,-77458
2015/01/19,0,95000,-54000,41000
2015/01/20,0,35000,-56000,-21000
2015/01/21,0,53000,-14000,39000
2015/01/22,0,17000,-62000,-45000
2015/01/23,0,34000,-11000,23000
2015/01/26,0,18000,-47000,-29000
2015/01/27,0,27000,-140885,-113885
2015/01/28,0,128000,-39000,89000
2015/01/29,0,31000,-58000,-27000
2015/01/30,0,217000,-125000,92000
2015/02/02,0,30000,-75000,-45000
2015/02/03,0,23000,-97000,-74000
2015/02/04,0,7000,-65000,-58000
2015/02/05,0,8000,-53000,-45000
2015/02/06,0,6000,-46000,-40000
2015/02/09,0,6000,-40000,-34000
2015/02/10,0,48000,-13000,35000
2015/02/11,0,29000,-11000,18000
2015/02/12,0,0,-69000,-69000
2015/02/13,0,3000,-42000,-39000
2015/02/16,0,0,0,0
2015/02/17,0,0,0,0
2015/02/18,0,0,0,0
2015/02/19,0,0,0,0
2015/02/20,0,0,0,0
2015/02/23,0,0,0,0
2015/02/24,0,19000,-70000,-51000
2015/02/25,0,16000,-76000,-60000
2015/02/26,0,12000,-40000,-28000
2015/02/27,0,0,0,0
2015/03/02,0,16000,-127000,-111000
2015/03/03,0,18000,-9000,9000
2015/03/04,0,11000,-9000,2000
2015/03/05,0,8000,-16000,-8000
2015/03/06,0,46000,-7000,39000
2015/03/09,0,5000,-64000,-59000
2015/03/10,0,50000,-48000,2000
2015/03/11,0,8000,-36000,-28000
2015/03/12,0,8000,-82000,-74000
2015/03/13,0,15000,-70000,-55000
2015/03/16,0,80000,-71000,9000
2015/03/17,0,37000,-84000,-47000
2015/03/18,0,40000,-37000,3000
2015/03/19,0,46000,-19000,27000
2015/03/20,0,15000,-72251,-57251
2015/03/23,0,23000,-40000,-17000
2015/03/24,0,64000,-25000,39000
2015/03/25,0,5000,-12000,-7000
2015/03/26,0,81000,-36000,45000
2015/03/27,0,75000,-50000,25000
2015/03/30,0,36000,-99000,-63000
2015/03/31,0,242000,-232000,10000
2015/04/01,0,16000,-10000,6000
2015/04/02,0,30000,-8000,22000
2015/04/03,0,0,0,0
2015/04/06,0,0,0,0
2015/04/07,0,24000,-41000,-17000
2015/04/08,0,18000,-24000,-6000
2015/04/09,0,15000,-17000,-2000
2015/04/10,0,16000,-7000,9000
2015/04/13,0,7000,-25000,-18000
2015/04/14,0,27000,-8000,19000
2015/04/15,0,27000,-87000,-60000
2015/04/16,0,22000,-46000,-24000
2015/04/17,0,42000,-12000,30000
2015/04/20,0,73000,-18000,55000
2015/04/21,0,25000,-21000,4000
2015/04/22,0,21000,-23000,-2000
2015/04/23,0,75000,-20083,54917
2015/04/24,0,114000,-9000,105000
2015/04/27,0,96000,-9000,87000
2015/04/28,0,68000,-10000,58000
2015/04/29,0,128000,-18000,110000
2015/04/30,0,119000,-29000,90000
2015/05/01,0,0,0,0
2015/05/04,0,23000,-18000,5000
2015/05/05,0,34000,-16000,18000
2015/05/06,0,67000,-23000,44000
2015/05/07,0,67000,-31000,36000
2015/05/08,0,49000,-21000,28000
2015/05/11,0,100000,-20000,80000
2015/05/12,0,99000,-185000,-86000
2015/05/13,0,17000,-52000,-35000
2015/05/14,0,7000,-34000,-27000
2015/05/15,0,20000,-34000,-14000
2015/05/18,0,18000,-20000,-2000
2015/05/19,0,11000,-57000,-46000
2015/05/20,0,24000,-75000,-51000
2015/05/21,0,10000,-55000,-45000
2015/05/22,0,10000,-41000,-31000
2015/05/25,0,17000,-52000,-35000
2015/05/26,0,9000,-35000,-26000
2015/05/27,0,1000,-35000,-34000
2015/05/28,0,19000,-67000,-48000
2015/05/29,0,6000,-44000,-38000
2015/06/01,0,24000,-36000,-12000
2015/06/02,0,29000,-104000,-75000
2015/06/03,0,31000,-101000,-70000
2015/06/04,0,60500,-113000,-52500
2015/06/05,0,37000,-209000,-172000
2015/06/08,0,9000,-68000,-59000
2015/06/09,0,7000,-41000,-34000
2015/06/10,0,15000,-53000,-38000
2015/06/11,0,14000,-49000,-35000
2015/06/12,0,2000,-60000,-58000
2015/06/15,0,13000,-23000,-10000
2015/06/16,0,67000,-71000,-4000
2015/06/17,0,59000,-178000,-119000
2015/06/18,0,26000,-55000,-29000
2015/06/19,0,0,0,0
2015/06/22,0,11000,-51112,-40112
2015/06/23,0,2000,-29000,-27000
2015/06/24,0,11000,-44000,-33000
2015/06/25,0,11000,-24000,-13000
2015/06/26,0,6000,-39000,-33000
2015/06/29,0,4000,-30000,-26000
2015/06/30,0,0,-19000,-19000
2015/07/01,0,12000,-8000,4000
2015/07/02,0,8000,-36000,-28000
2015/07/03,0,8000,-60000,-52000
2015/07/06,0,3000,-10000,-7000
2015/07/07,0,11000,-9000,2000
2015/07/08,0,37000,-12000,25000
2015/07/09,0,43000,-20000,23000
2015/07/10,0,0,0,0
2015/07/13,0,55000,-13000,42000
2015/07/14,0,21000,-61000,-40000
2015/07/15,0,19000,-59000,-40000
2015/07/16,0,30059,-9000,21059
2015/07/17,0,19000,-56000,-37000
2015/07/20,0,15000,-29000,-14000
2015/07/21,0,26000,-30000,-4000
2015/07/22,0,10000,-14000,-4000
2015/07/23,0,36000,-27000,9000
2015/07/24,0,10000,-26000,-16000
2015/07/27,0,63000,-52000,11000
2015/07/28,0,60000,-56000,4000
2015/07/29,0,29000,-52000,-23000
2015/07/30,0,21000,-40000,-19000
2015/07/31,0,203000,-93752,109248
2015/08/03,0,27000,-44000,-17000
2015/08/04,0,25000,-29000,-4000
2015/08/05,0,20000,-13000,7000
2015/08/06,0,3000,-19000,-16000
2015/08/07,0,14000,-5000,9000
2015/08/10,0,27000,-10000,17000
2015/08/11,0,29000,-65000,-36000
2015/08/12,0,29000,-9000,20000
2015/08/13,0,40000,-7000,33000
2015/08/14,0,16000,-24000,-8000
2015/08/17,0,9000,-14000,-5000
2015/08/18,0,29000,-25000,4000
2015/08/19,0,30000,-114000,-84000
2015/08/20,0,78000,-85000,-7000
2015/08/21,0,12000,-48000,-36000
2015/08/24,0,62000,-139000,-77000
2015/08/25,0,57000,-89000,-32000
2015/08/26,0,119000,-64000,55000
2015/08/27,0,27000,-164000,-137000
2015/08/28,0,88000,-28192,59808
2015/08/31,0,116000,-75000,41000
2015/09/01,0,121000,-28610,92390
2015/09/02,0,87000,-76000,11000
2015/09/03,0,39000,-28000,11000
2015/09/04,0,40000,-41500,-1500
2015/09/07,0,45000,-71000,-26000
2015/09/08,0,37000,-41000,-4000
2015/09/09,0,96000,-26000,70000
2015/09/10,0,27000,-28000,-1000
2015/09/11,0,10000,-57000,-47000
2015/09/14,0,16000,-43000,-27000
2015/09/15,0,18000,-8000,10000
2015/09/16,0,50000,-8000,42000
2015/09/17,0,44000,-12000,32000
2015/09/18,0,109000,-20000,89000
2015/09/21,0,19000,-45917,-26917
2015/09/22,0,27000,-48000,-21000
2015/09/23,0,23000,-49000,-26000
2015/09/24,0,48000,-59000,-11000
2015/09/25,0,18000,-19000,-1000
2015/09/28,0,0,0,0
2015/09/29,0,0,0,0
2015/09/30,0,19000,-15000,4000
2015/10/01,0,23000,-26000,-3000
2015/10/02,0,18000,-8000,10000
2015/10/05,0,20000,-7000,13000
2015/10/06,0,13000,-22000,-9000
2015/10/07,0,5000,-29000,-24000
2015/10/08,0,27000,-7000,20000
2015/10/09,0,0,0,0
2015/10/12,0,61000,-35000,26000
2015/10/13,0,67000,-29000,38000
2015/10/14,0,28000,-25000,3000
2015/10/15,0,77000,-97000,-20000
2015/10/16,0,115000,-105104,9896
2015/10/19,0,26000,-31000,-5000
2015/10/20,0,73000,-20000,53000
2015/10/21,0,83000,-37000,46000
2015/10/22,0,112000,-24000,88000
2015/10/23,0,28000,-42000,-14000
2015/10/26,0,21000,-35000,-14000
2015/10/27,0,40000,-20000,20000
2015/10/28,0,26000,-45000,-19000
2015/10/29,0,8000,-32000,-24000
2015/10/30,0,95000,-53000,42000
2015/11/02,0,56000,-27000,29000
2015/11/03,0,43000,-52000,-9000
2015/11/04,0,84000,-35000,49000
2015/11/05,0,16000,-16000,0
2015/11/06,0,16000,-43000,-27000
2015/11/09,0,98000,-45000,53000
2015/11/10,0,110000,-32000,78000
2015/11/11,0,80000,-28000,52000
2015/11/12,0,70000,-69000,1000
2015/11/13,0,77000,-90000,-13000
2015/11/16,0,26000,-42000,-16000
2015/11/17,0,20000,-51000,-31000
2015/11/18,0,1000,-80000,-79000
2015/11/19,0,30000,-61000,-31000
2015/11/20,0,13000,-17000,-4000
2015/11/23,0,6000,-14000,-8000
2015/11/24,0,14000,-26000,-12000
2015/11/25,0,34000,-61000,-27000
2015/11/26,0,80000,-83000,-3000
2015/11/27,0,55000,-102000,-47000
2015/11/30,0,41000,-45000,-4000
2015/12/01,0,71000,-99000,-28000
2015/12/02,0,41000,-61000,-20000
2015/12/03,0,4000,-29000,-25000
2015/12/04,0,9000,-31000,-22000
2015/12/07,0,38000,-19000,19000
2015/12/08,0,5000,-28500,-23500
2015/12/09,0,37000,-31000,6000
2015/12/10,0,23000,-73000,-50000
2015/12/11,0,7000,-34000,-27000
2015/12/14,0,12000,-16000,-4000
2015/12/15,0,15000,-24000,-9000
2015/12/16,0,12000,-14000,-2000
2015/12/17,0,6000,-11000,-5000
2015/12/18,0,8000,-31000,-23000
2015/12/21,0,6000,-23000,-17000
2015/12/22,0,22000,-39000,-17000
2015/12/23,0,4000,-10000,-6000
2015/12/24,0,14000,-5000,9000
2015/12/25,0,6000,-4000,2000
2015/12/28,0,4000,-6000,-2000
2015/12/29,0,6000,-9000,-3000
2015/12/30,0,17000,-14000,3000
2015/12/31,0,2000,-13000,-11000
2016/01/01,0,0,0,0
2016/01/04,0,31000,-33000,-2000
2016/01/05,0,33000,-56000,-23000
2016/01/06,0,15000,-9000,6000
2016/01/07,0,17494,-39000,-21506
2016/01/08,0,10000,-12000,-2000
2016/01/11,0,20000,-49000,-29000
2016/01/12,0,15000,-21000,-6000
2016/01/13,0,23000,-11000,12000
2016/01/14,0,11506,-7000,4506
2016/01/15,0,26000,-19000,7000
2016/01/18,0,54000,-4000,50000
2016/01/19,0,90000,-7000,83000
2016/01/20,0,26000,-19000,7000
2016/01/21,0,8000,-33000,-25000
2016/01/22,0,23000,-5000,18000
2016/01/25,0,26000,-3000,23000
2016/01/26,0,40000,-61000,-21000
2016/01/27,0,13000,-13000,0
2016/01/28,0,16000,-6000,10000
2016/01/29,0,42000,-17948,24052
2016/02/01,0,13000,-6000,7000
2016/02/02,0,11000,-5000,6000
2016/02/03,0,12000,-28000,-16000
2016/02/04,0,0,0,0
2016/02/05,0,0,0,0
2016/02/08,0,0,0,0
2016/02/09,0,0,0,0
2016/02/10,0,0,0,0
2016/02/11,0,0,0,0
2016/02/12,0,0,0,0
2016/02/15,0,3000,-78000,-75000
2016/02/16,0,11000,-24000,-13000
2016/02/17,0,10000,-5000,5000
2016/02/18,0,8000,-9000,-1000
2016/02/19,0,4000,-7000,-3000
2016/02/22,0,8000,-10000,-2000
2016/02/23,0,4000,-4000,0
2016/02/24,0,1000,-35000,-34000
2016/02/25,0,6000,-144000,-138000
2016/02/26,0,8000,-18000,-10000
2016/02/29,0,0,0,0
2016/03/01,0,7000,-36000,-29000
2016/03/02,0,11000,-84000,-73000
2016/03/03,0,16000,-21000,-5000
2016/03/04,0,10000,-45000,-35000
2016/03/07,0,17000,-45000,-28000
2016/03/08,0,3000,-26000,-23000
2016/03/09,0,2000,-14000,-12000
2016/03/10,0,5000,-12000,-7000
2016/03/11,0,5000,-7000,-2000
2016/03/14,0,17000,-10000,7000
2016/03/15,0,11000,-2000,9000
2016/03/16,0,20000,-8000,12000
2016/03/17,0,9000,-33000,-24000
2016/03/18,0,68000,-20651,47349
2016/03/21,0,21000,-10000,11000
2016/03/22,0,15000,-15000,0
2016/03/23,0,30000,-14000,16000
2016/03/24,0,14000,-18000,-4000
2016/03/25,0,0,-5000,-5000
2016/03/28,0,11000,-18000,-7000
2016/03/29,0,45000,-49000,-4000
2016/03/30,0,52000,-48000,4000
2016/03/31,0,51000,-69063,-18063
2016/04/01,0,15000,-11000,4000
2016/04/04,0,0,0,0
2016/04/05,0,0,0,0
2016/04/06,0,4000,-39000,-35000
2016/04/07,0,3000,-26000,-23000
2016/04/08,0,8000,-28000,-20000
2016/04/11,0,6000,-25000,-19000
2016/04/12,0,1000,-67000,-66000
2016/04/13,0,8000,-24000,-16000
2016/04/14,0,3000,-37000,-34000
2016/04/15,0,11000,-43000,-32000
2016/04/18,0,12000,-22000,-10000
2016/04/19,0,16000,-29000,-13000
2016/04/20,0,12068,-28000,-15932
2016/04/21,0,14000,-11000,3000
2016/04/22,0,15000,-9000,6000
2016/04/25,0,55000,-5000,50000
2016/04/26,0,19000,-32000,-13000
2016/04/27,0,7000,-21000,-14000
2016/04/28,0,7000,-26000,-19000
2016/04/29,0,12000,-19000,-7000
2016/05/02,0,0,0,0
2016/05/03,0,5000,-14000,-9000
2016/05/04,0,6000,-14000,-8000
2016/05/05,0,19000,-14000,5000
2016/05/06,0,7000,-38000,-31000
2016/05/09,0,15000,-4000,11000
2016/05/10,0,4000,-11000,-7000
2016/05/11,0,18000,-8000,10000
2016/05/12,0,10000,-3000,7000
2016/05/13,0,14000,-12000,2000
2016/05/16,0,39000,-21000,18000
2016/05/17,0,20000,-17000,3000
2016/05/18,0,8000,-9000,-1000
2016/05/19,0,31000,-25000,6000
2016/05/20,0,38000,-35000,3000
2016/05/23,0,46000,-22213,23787
2016/05/24,0,36000,-6000,30000
2016/05/25,0,36000,-7000,29000
2016/05/26,0,14000,-9000,5000
2016/05/27,0,34533,-18000,16533
2016/05/30,0,80000,-23000,57000
2016/05/31,0,4000,-5000,-1000
2016/06/01,0,11000,-4000,7000
2016/06/02,0,52000,-24000,28000
2016/06/03,0,11000,-3000,8000
2016/06/06,0,17000,-6000,11000
2016/06/07,0,6000,-10000,-4000
2016/06/08,0,14000,-4000,10000
2016/06/09,0,0,0,0
2016/06/10,0,0,0,0
2016/06/13,0,6000,-11000,-5000
2016/06/14,0,3000,-7000,-4000
2016/06/15,0,10000,-9000,1000
2016/06/16,0,3000,-31000,-28000
2016/06/17,0,44326,-41000,3326
2016/06/20,0,11000,-11000,0
2016/06/21,0,12000,-23000,-11000
2016/06/22,0,7000,-15000,-8000
2016/06/23,0,29000,-7000,22000
2016/06/24,0,1000,-47000,-46000
2016/06/27,0,3000,-19000,-16000
2016/06/28,0,4000,-21000,-17000
2016/06/29,0,9000,-6000,3000
2016/06/30,0,25000,-24000,1000
2016/07/01,0,15000,-61000,-46000
2016/07/04,0,17000,-3000,14000
2016/07/05,0,16000,-5000,11000
2016/07/06,0,9000,-4000,5000
2016/07/07,0,4000,-17000,-13000
2016/07/08,0,0,0,0
2016/07/11,0,6000,-8000,-2000
2016/07/12,0,5000,-15000,-10000
2016/07/13,0,4000,-2000,2000
2016/07/14,0,10000,-9000,1000
2016/07/15,0,16000,-29000,-13000
2016/07/18,0,65000,-20000,45000
2016/07/19,0,28088,-2000,26088
2016/07/20,0,20000,-6000,14000
2016/07/21,0,25000,-3476,21524
2016/07/22,0,8000,-12000,-4000
2016/07/25,0,28000,-5000,23000
2016/07/26,0,15000,-2000,13000
2016/07/27,0,20000,-7000,13000
2016/07/28,0,23000,-5000,18000
2016/07/29,0,9000,-5000,4000
2016/08/01,0,15000,-12416,2584
2016/08/02,0,7000,-6000,1000
2016/08/03,0,10000,-13000,-3000
2016/08/04,0,7000,-1000,6000
2016/08/05,0,14000,-24000,-10000
2016/08/08,0,3000,-16000,-13000
2016/08/09,0,30000,-1000,29000
2016/08/10,0,13000,-6000,7000
2016/08/11,0,39000,-19000,20000
2016/08/12,0,17000,-7000,10000
2016/08/15,0,3000,-9000,-6000
2016/08/16,0,13000,-3000,10000
2016/08/17,0,39247,-23000,16247
2016/08/18,0,2000,-10000,-8000
2016/08/19,0,11000,-31427,-20427
2016/08/22,0,1000,-66000,-65000
2016/08/23,0,2000,-26000,-24000
2016/08/24,0,7000,-41000,-34000
2016/08/25,0,2000,-11000,-9000
2016/08/26,0,6000,-11000,-5000
2016/08/29,0,20000,-31000,-11000
2016/08/30,0,10000,-8000,2000
2016/08/31,0,13000,-9000,4000
2016/09/01,0,1000,-13143,-12143
2016/09/02,0,11000,-18000,-7000
2016/09/05,0,2000,-10000,-8000
2016/09/06,0,4000,-13000,-9000
2016/09/07,0,8000,-14000,-6000
2016/09/08,0,13000,-5000,8000
2016/09/09,0,2000,-6000,-4000
2016/09/12,0,0,-21000,-21000
2016/09/13,0,4000,-13000,-9000
2016/09/14,0,5582,-12054,-6472
2016/09/15,0,0,0,0
2016/09/16,0,0,0,0
2016/09/19,0,9488,-10325,-837
2016/09/20,0,3000,-3000,0
2016/09/21,0,86000,-14000,72000
2016/09/22,0,10000,-17000,-7000
2016/09/23,0,11000,-3000,8000
2016/09/26,0,6000,-5000,1000
2016/09/27,0,0,0,0
2016/09/28,0,0,0,0
2016/09/29,0,15000,-11000,4000
2016/09/30,0,24000,-36000,-12000
2016/10/03,0,7000,-34000,-27000
2016/10/04,0,1000,-5223,-4223
2016/10/05,0,1000,-11000,-10000
2016/10/06,0,8000,-4000,4000
2016/10/07,0,3000,-1000,2000
2016/10/10,0,0,0,0
2016/10/11,0,12000,-10000,2000
2016/10/12,0,1000,-4000,-3000
2016/10/13,0,6000,-14000,-8000
2016/10/14,0,20000,-26000,-6000
2016/10/17,0,19000,-23000,-4000
2016/10/18,0,6000,-15000,-9000
2016/10/19,0,1000,-8000,-7000
2016/10/20,0,10000,-26000,-16000
2016/10/21,0,211000,-386000,-175000
2016/10/24,0,29000,-82000,-53000
2016/10/25,0,3000,-31000,-28000
2016/10/26,0,5000,-16000,-11000
2016/10/27,0,6000,-28000,-22000
2016/10/28,0,10000,-21000,-11000
2016/10/31,0,6000,-5000,1000
2016/11/01,0,12000,-8000,4000
2016/11/02,0,3000,-28000,-25000
2016/11/03,0,5000,-26000,-21000
2016/11/04,0,0,-3000,-3000
2016/11/07,0,7000,-6000,1000
2016/11/08,0,1000,-5000,-4000
2016/11/09,0,1000,-8000,-7000
2016/11/10,0,4000,-3000,1000
2016/11/11,0,1000,-6000,-5000
2016/11/14,0,9000,-3000,6000
2016/11/15,0,10000,-39000,-29000
2016/11/16,0,4000,-7000,-3000
2016/11/17,0,20000,-9000,11000
2016/11/18,0,10000,-14000,-4000
2016/11/21,0,2000,-12000,-10000
2016/11/22,0,5000,-15000,-10000
2016/11/23,0,6000,-22000,-16000
2016/11/24,0,1000,-17000,-16000
2016/11/25,0,1000,-4000,-3000
2016/11/28,0,2000,-20000,-18000
2016/11/29,0,4000,-7000,-3000
2016/11/30,0,6000,0,6000
2016/12/01,0,1000,-3000,-2000
2016/12/02,0,2000,-3000,-1000
2016/12/05,0,3000,-1000,2000
2016/12/06,0,5000,-12000,-7000
2016/12/07,0,8000,-1000,7000
2016/12/08,0,1000,-4000,-3000
2016/12/09,0,1000,0,1000
2016/12/12,0,2000,-3000,-1000
2016/12/13,0,0,-1000,-1000
2016/12/14,0,4000,-2000,2000
2016/12/15,0,0,-1000,-1000
2016/12/16,0,9074,-15000,-5926
2016/12/19,0,4000,-15000,-11000
2016/12/20,0,3000,-2000,1000
2016/12/21,0,4000,-1000,3000
2016/12/22,0,6000,-4000,2000
2016/12/23,0,3000,-5000,-2000
2016/12/26,0,2000,-10000,-8000
2016/12/27,0,7000,-9000,-2000
2016/12/28,0,5000,0,5000
2016/12/29,0,3000,-5000,-2000
2016/12/30,0,40000,-3000,37000
2017/01/02,0,0,0,0
2017/01/03,0,8000,-2000,6000
2017/01/04,0,1000,-5000,-4000
2017/01/05,0,1000,-5000,-4000
2017/01/06,0,0,-2000,-2000
2017/01/09,0,6000,-5000,1000
2017/01/10,0,2000,-1000,1000
2017/01/11,0,2000,0,2000
2017/01/12,0,7000,-2000,5000
2017/01/13,0,6990,-2250,4740
2017/01/16,0,2000,-13000,-11000
2017/01/17,0,1035,0,1035
2017/01/18,0,53000,-24010,28990
2017/01/19,0,3990,-5266,-1276
2017/01/20,0,6000,-1000,5000
2017/01/23,0,3000,-1000,2000
2017/01/24,0,16000,-1000,15000
2017/01/25,0,0,0,0
2017/01/26,0,0,0,0
2017/01/27,0,0,0,0
2017/01/30,0,0,0,0
2017/01/31,0,0,0,0
2017/02/01,0,0,0,0
2017/02/02,0,3014,-2000,1014
2017/02/03,0,12000,-73000,-61000
2017/02/06,0,5000,-14000,-9000
2017/02/07,0,9000,-15375,-6375
2017/02/08,0,4000,-32172,-28172
2017/02/09,0,12000,-26000,-14000
2017/02/10,0,73000,-99111,-26111
2017/02/13,0,16000,-4000,12000
2017/02/14,0,18000,-3000,15000
2017/02/15,0,71000,-2000,69000
2017/02/16,0,40000,-4000,36000
2017/02/17,0,24000,-1000,23000
2017/02/20,0,9000,0,9000
2017/02/21,0,21000,-1000,20000
2017/02/22,0,23990,-2000,21990
2017/02/23,0,41000,-1000,40000
2017/02/24,0,15000,-3000,12000
2017/02/27,0,0,0,0
2017/02/28,0,0,0,0
2017/03/01,0,6000,-17000,-11000
2017/03/02,0,28000,-6000,22000
2017/03/03,0,10000,-2000,8000
2017/03/06,0,13000,-12000,1000
2017/03/07,0,17000,-2000,15000
2017/03/08,0,19000,0,19000
2017/03/09,0,5990,-17000,-11010
2017/03/10,0,20000,-32000,-12000
2017/03/13,0,0,0,0
2017/03/14,0,30980,-5000,25980
2017/03/15,0,3000,-24000,-21000
2017/03/16,0,29000,-5000,24000
2017/03/17,0,17000,-7301,9699
2017/03/20,0,19000,-17000,2000
2017/03/21,0,9000,-26000,-17000
2017/03/22,0,10000,-15233,-5233
2017/03/23,0,9000,-11000,-2000
2017/03/24,0,20000,-3000,17000
2017/03/27,0,11000,-1000,10000
2017/03/28,0,57000,-27000,30000
2017/03/29,0,12000,-11000,1000
2017/03/30,0,1000,-2000,-1000
2017/03/31,0,4000,-3000,1000
2017/04/03,0,0,0,0
2017/04/04,0,0,0,0
2017/04/05,0,10000,-9000,1000
2017/04/06,0,1000,-3000,-2000
2017/04/07,0,4000,-13000,-9000
2017/04/10,0,4000,-12000,-8000
2017/04/11,0,12000,-37000,-25000
2017/04/12,0,0,-11767,-11767
2017/04/13,0,0,-11000,-11000
2017/04/14,0,5000,-7000,-2000
2017/04/17,0,67000,-18000,49000
2017/04/18,0,273000,-37000,236000
2017/04/19,0,124000,-82000,42000
2017/04/20,0,9000,-12000,-3000
2017/04/21,0,4000,-3000,1000
2017/04/24,0,14000,-1000,13000
2017/04/25,0,51000,-2000,49000
2017/04/26,0,69000,-3000,66000
2017/04/27,0,9000,-8000,1000
2017/04/28,0,7000,-1000,6000
2017/05/01,0,0,0,0
2017/05/02,0,12000,-11000,1000
2017/05/03,0,13000,0,13000
2017/05/04,0,9000,-1000,8000
2017/05/05,0,6000,-50000,-44000
2017/05/08,0,16000,-2000,14000
2017/05/09,0,79000,-16000,63000
2017/05/10,0,63000,-9000,54000
2017/05/11,0,17000,-8000,9000
2017/05/12,0,59000,-20000,39000
2017/05/15,0,63000,-30000,33000
2017/05/16,0,74000,-26000,48000
2017/05/17,0,133000,-5000,128000
2017/05/18,0,139000,-9000,130000
2017/05/19,0,99000,-20169,78831
2017/05/22,0,121000,-36000,85000
2017/05/23,0,126000,-32000,94000
2017/05/24,0,138000,-72000,66000
2017/05/25,0,167000,-1000,166000
2017/05/26,0,0,0,0
2017/05/29,0,0,0,0
2017/05/30,0,0,0,0
2017/05/31,0,130000,-7000,123000
2017/06/01,0,89000,-88000,1000
2017/06/02,0,63000,-54000,9000
2017/06/05,0,169000,-6681,162319
2017/06/06,0,195000,-1000,194000
2017/06/07,0,207000,-21000,186000
2017/06/08,0,102000,-6000,96000
2017/06/09,0,90000,-15000,75000
2017/06/12,0,184000,-22000,162000
2017/06/13,0,81000,-57000,24000
2017/06/14,0,185000,-7000,178000
2017/06/15,0,158000,-8000,150000
2017/06/16,0,124000,-152000,-28000
2017/06/19,0,31000,-121579,-90579
2017/06/20,0,23168,-100000,-76832
2017/06/21,0,233000,-175000,58000
2017/06/22,0,106160,-57000,49160
2017/06/23,0,42000,-13000,29000
2017/06/26,0,125000,-163000,-38000
2017/06/27,0,56000,-92000,-36000
2017/06/28,0,33000,-121000,-88000
2017/06/29,0,13000,-58000,-45000
2017/06/30,0,19000,-27000,-8000
2017/07/03,0,22000,-50000,-28000
2017/07/04,0,10000,-10000,0
2017/07/05,0,11000,-64000,-53000
2017/07/06,0,0,-53000,-53000
2017/07/07,0,11000,-30000,-19000
2017/07/10,0,25000,-63000,-38000
2017/07/11,0,40000,-17000,23000
2017/07/12,0,14000,-17000,-3000
2017/07/13,0,11000,-42000,-31000
2017/07/14,0,15000,-72000,-57000
2017/07/17,0,11000,-27000,-16000
2017/07/18,0,20000,-58000,-38000
2017/07/19,0,3000,-42000,-39000
2017/07/20,0,0,-39000,-39000
2017/07/21,0,6000,-35000,-29000
2017/07/24,0,0,-44000,-44000
2017/07/25,0,9000,-30000,-21000
2017/07/26,0,12000,-48000,-36000
2017/07/27,0,7000,-30000,-23000
2017/07/28,0,1000,-35000,-34000
2017/07/31,0,7000,-20000,-13000
2017/08/01,0,10000,-24000,-14000
2017/08/02,0,4000,-28000,-24000
2017/08/03,0,10000,-19000,-9000
2017/08/04,0,1000,-46000,-45000
2017/08/07,0,7000,-23000,-16000
2017/08/08,0,24000,-31000,-7000
2017/08/09,0,15000,-27000,-12000
2017/08/10,0,18000,-49000,-31000
2017/08/11,0,51000,-77000,-26000
2017/08/14,0,42000,-70000,-28000
2017/08/15,0,8000,-100000,-92000
2017/08/16,0,40000,-177000,-137000
2017/08/17,0,5000,-11000,-6000
2017/08/18,0,7000,-88000,-81000
