Date,Open,Buy,Sell,Total
2007/01/02,0,0,-250000,-250000
2007/01/03,0,0,-135,-135
2007/01/04,0,69000,-276000,-207000
2007/01/05,0,0,-121489,-121489
2007/01/08,0,0,0,0
2007/01/09,0,0,0,0
2007/01/10,0,1000,0,1000
2007/01/11,0,5000,0,5000
2007/01/12,0,122000,0,122000
2007/01/15,0,0,-40344,-40344
2007/01/16,0,319000,0,319000
2007/01/17,0,15000,0,15000
2007/01/18,0,0,-5000,-5000
2007/01/19,0,0,-204000,-204000
2007/01/22,0,27000,-2000,25000
2007/01/23,0,0,-30000,-30000
2007/01/24,0,18000,0,18000
2007/01/25,0,9000,0,9000
2007/01/26,0,0,0,0
2007/01/29,0,0,-2000,-2000
2007/01/30,0,74000,0,74000
2007/01/31,0,90000,0,90000
2007/02/01,0,120000,-53000,67000
2007/02/02,0,3000,0,3000
2007/02/05,0,33000,-2000,31000
2007/02/06,0,78000,0,78000
2007/02/07,0,0,0,0
2007/02/08,0,3000,0,3000
2007/02/09,0,144000,0,144000
2007/02/12,0,0,0,0
2007/02/13,0,0,0,0
2007/02/14,0,0,-2000,-2000
2007/02/15,0,0,0,0
2007/02/16,0,0,0,0
2007/02/19,0,0,0,0
2007/02/20,0,0,0,0
2007/02/21,0,0,0,0
2007/02/22,0,0,0,0
2007/02/23,0,0,0,0
2007/02/26,0,10000,0,10000
2007/02/27,0,300000,-21000,279000
2007/02/28,0,0,0,0
2007/03/01,0,8000,0,8000
2007/03/02,0,0,-90000,-90000
2007/03/05,0,0,0,0
2007/03/06,0,47000,-100000,-53000
2007/03/07,0,0,0,0
2007/03/08,0,0,-270000,-270000
2007/03/09,0,0,-1000,-1000
2007/03/12,0,10000,-1000,9000
2007/03/13,0,0,-1000,-1000
2007/03/14,0,0,0,0
2007/03/15,0,0,0,0
2007/03/16,0,0,-3000,-3000
2007/03/19,0,1000,0,1000
2007/03/20,0,0,-11000,-11000
2007/03/21,0,0,-16000,-16000
2007/03/22,0,0,-8000,-8000
2007/03/23,0,0,-25000,-25000
2007/03/26,0,0,0,0
2007/03/27,0,1000,0,1000
2007/03/28,0,0,-110000,-110000
2007/03/29,0,0,-101000,-101000
2007/03/30,0,0,-2000,-2000
2007/04/02,0,0,0,0
2007/04/03,0,1140000,0,1140000
2007/04/04,0,0,-1000,-1000
2007/04/05,0,0,0,0
2007/04/06,0,0,0,0
2007/04/09,0,0,-52000,-52000
2007/04/10,0,0,-2000,-2000
2007/04/11,0,1000,-150000,-149000
2007/04/12,0,0,-2000,-2000
2007/04/13,0,0,-3000,-3000
2007/04/16,0,0,0,0
2007/04/17,0,7000,-100000,-93000
2007/04/18,0,0,0,0
2007/04/19,0,3000,0,3000
2007/04/20,0,0,-44000,-44000
2007/04/23,0,5000,0,5000
2007/04/24,0,16000,0,16000
2007/04/25,0,0,0,0
2007/04/26,0,0,0,0
2007/04/27,0,0,0,0
2007/04/30,0,0,0,0
2007/05/01,0,0,0,0
2007/05/02,0,18000,0,18000
2007/05/03,0,14000,0,14000
2007/05/04,0,0,0,0
2007/05/07,0,0,0,0
2007/05/08,0,0,-1000,-1000
2007/05/09,0,0,0,0
2007/05/10,0,40000,-9000,31000
2007/05/11,0,0,-7000,-7000
2007/05/14,0,0,-322000,-322000
2007/05/15,0,22000,-1000,21000
2007/05/16,0,0,-3000,-3000
2007/05/17,0,0,-3000,-3000
2007/05/18,0,0,-5000,-5000
2007/05/21,0,0,-14000,-14000
2007/05/22,0,6000,0,6000
2007/05/23,0,0,-62000,-62000
2007/05/24,0,0,0,0
2007/05/25,0,1000,0,1000
2007/05/28,0,0,0,0
2007/05/29,0,0,0,0
2007/05/30,0,0,-100000,-100000
2007/05/31,0,90000,0,90000
2007/06/01,0,0,0,0
2007/06/04,0,1000,-1045407,-1044407
2007/06/05,0,130000,-52000,78000
2007/06/06,0,5000,0,5000
2007/06/07,0,0,0,0
2007/06/08,0,0,0,0
2007/06/11,0,0,0,0
2007/06/12,0,2000,0,2000
2007/06/13,0,0,0,0
2007/06/14,0,0,-4000,-4000
2007/06/15,0,143000,0,143000
2007/06/18,0,0,0,0
2007/06/19,0,0,0,0
2007/06/20,0,0,-1000,-1000
2007/06/21,0,0,-3000,-3000
2007/06/22,0,0,0,0
2007/06/25,0,0,-495000,-495000
2007/06/26,0,0,0,0
2007/06/27,0,0,0,0
2007/06/28,0,0,0,0
2007/06/29,0,1000,0,1000
2007/07/02,0,0,0,0
2007/07/03,0,0,0,0
2007/07/04,0,2000,0,2000
2007/07/05,0,1067000,-54000,1013000
2007/07/06,0,1171000,0,1171000
2007/07/09,0,1111000,0,1111000
2007/07/10,0,1000,0,1000
2007/07/11,0,6000,-30000,-24000
2007/07/12,0,1389000,-3000,1386000
2007/07/13,0,0,0,0
2007/07/16,0,847000,0,847000
2007/07/17,0,0,0,0
2007/07/18,0,0,0,0
2007/07/19,0,0,0,0
2007/07/20,0,0,0,0
2007/07/23,0,0,0,0
2007/07/24,0,0,0,0
2007/07/25,0,0,0,0
2007/07/26,0,1361000,-1102009,258991
2007/07/27,0,8000,-35000,-27000
2007/07/30,0,0,0,0
2007/07/31,0,0,-1000,-1000
2007/08/01,0,94000,-94000,0
2007/08/02,0,2000,0,2000
2007/08/03,0,0,0,0
2007/08/06,0,9000,0,9000
2007/08/07,0,12000,0,12000
2007/08/08,0,38000,0,38000
2007/08/09,0,0,0,0
2007/08/10,0,0,-14700,-14700
2007/08/13,0,0,0,0
2007/08/14,0,9000,-58000,-49000
2007/08/15,0,5000,0,5000
2007/08/16,0,8000,0,8000
2007/08/17,0,86000,0,86000
2007/08/20,0,6000,0,6000
2007/08/21,0,0,0,0
2007/08/22,0,71000,0,71000
2007/08/23,0,0,0,0
2007/08/24,0,0,0,0
2007/08/27,0,0,-8000,-8000
2007/08/28,0,0,0,0
2007/08/29,0,0,0,0
2007/08/30,0,0,0,0
2007/08/31,0,440000,-30000,410000
2007/09/03,0,11000,0,11000
2007/09/04,0,27000,0,27000
2007/09/05,0,0,0,0
2007/09/06,0,15000,0,15000
2007/09/07,0,0,-14000,-14000
2007/09/10,0,0,0,0
2007/09/11,0,10000,0,10000
2007/09/12,0,3000,0,3000
2007/09/13,0,0,0,0
2007/09/14,0,20000,-37000,-17000
2007/09/17,0,0,0,0
2007/09/18,0,0,0,0
2007/09/19,0,3000,0,3000
2007/09/20,0,0,0,0
2007/09/21,0,159000,0,159000
2007/09/24,0,0,0,0
2007/09/25,0,0,0,0
2007/09/26,0,0,-6000,-6000
2007/09/27,0,100000,0,100000
2007/09/28,0,0,-5000,-5000
2007/10/01,0,0,-7000,-7000
2007/10/02,0,10000,-7000,3000
2007/10/03,0,0,-100000,-100000
2007/10/04,0,0,0,0
2007/10/05,0,0,0,0
2007/10/08,0,198000,0,198000
2007/10/09,0,104000,0,104000
2007/10/10,0,0,0,0
2007/10/11,0,0,0,0
2007/10/12,0,0,0,0
2007/10/15,0,0,-4000,-4000
2007/10/16,0,0,-10000,-10000
2007/10/17,0,324000,-100000,224000
2007/10/18,0,436000,0,436000
2007/10/19,0,105000,-23000,82000
2007/10/22,0,0,-177000,-177000
2007/10/23,0,437000,-1000,436000
2007/10/24,0,218000,0,218000
2007/10/25,0,3000,-2000,1000
2007/10/26,0,269000,0,269000
2007/10/29,0,0,-10000,-10000
2007/10/30,0,4000,-210000,-206000
2007/10/31,0,923000,0,923000
2007/11/01,0,293000,0,293000
2007/11/02,0,4000,0,4000
2007/11/05,0,153000,0,153000
2007/11/06,0,0,0,0
2007/11/07,0,0,0,0
2007/11/08,0,160000,0,160000
2007/11/09,0,0,0,0
2007/11/12,0,1413000,0,1413000
2007/11/13,0,45000,0,45000
2007/11/14,0,1410000,-8646,1401354
2007/11/15,0,3108000,-253,3107747
2007/11/16,0,1979000,-32422,1946578
2007/11/19,0,859000,-14000,845000
2007/11/20,0,0,-1000,-1000
2007/11/21,0,1000,0,1000
2007/11/22,0,0,-9000,-9000
2007/11/23,0,1000,0,1000
2007/11/26,0,0,0,0
2007/11/27,0,0,-36000,-36000
2007/11/28,0,0,-80000,-80000
2007/11/29,0,0,0,0
2007/11/30,0,0,0,0
2007/12/03,0,5000,0,5000
2007/12/04,0,4000,-8000,-4000
2007/12/05,0,15000,0,15000
2007/12/06,0,0,0,0
2007/12/07,0,0,0,0
2007/12/10,0,0,0,0
2007/12/11,0,0,0,0
2007/12/12,0,0,-100000,-100000
2007/12/13,0,1000,-4000,-3000
2007/12/14,0,485000,-924000,-439000
2007/12/17,0,484000,0,484000
2007/12/18,0,607000,-31000,576000
2007/12/19,0,0,-513000,-513000
2007/12/20,0,0,-27000,-27000
2007/12/21,0,116000,-600000,-484000
2007/12/24,0,356000,-2168000,-1812000
2007/12/25,0,0,-560000,-560000
2007/12/26,0,0,-229,-229
2007/12/27,0,0,-2000,-2000
2007/12/28,0,0,0,0
2007/12/31,0,85000,0,85000
2008/01/01,0,0,0,0
2008/01/02,0,0,0,0
2008/01/03,0,0,-1136,-1136
2008/01/04,0,0,0,0
2008/01/07,0,0,-6000,-6000
2008/01/08,0,0,-17000,-17000
2008/01/09,0,13000,0,13000
2008/01/10,0,19000,-5000,14000
2008/01/11,0,0,-4000,-4000
2008/01/14,0,0,0,0
2008/01/15,0,0,-4000,-4000
2008/01/16,0,0,0,0
2008/01/17,0,17000,-30000,-13000
2008/01/18,0,18000,-526000,-508000
2008/01/21,0,2000,-290000,-288000
2008/01/22,0,0,0,0
2008/01/23,0,10000,-7000,3000
2008/01/24,0,22000,0,22000
2008/01/25,0,0,0,0
2008/01/28,0,60000,-108000,-48000
2008/01/29,0,9000,0,9000
2008/01/30,0,5000,0,5000
2008/01/31,0,0,0,0
2008/02/01,0,60000,0,60000
2008/02/04,0,0,0,0
2008/02/05,0,0,0,0
2008/02/06,0,0,0,0
2008/02/07,0,0,0,0
2008/02/08,0,0,0,0
2008/02/11,0,0,0,0
2008/02/12,0,2000,-2172000,-2170000
2008/02/13,0,2000,-250000,-248000
2008/02/14,0,0,-4789000,-4789000
2008/02/15,0,55000,-8000,47000
2008/02/18,0,27000,-896000,-869000
2008/02/19,0,56000,0,56000
2008/02/20,0,802000,-270000,532000
2008/02/21,0,800000,0,800000
2008/02/22,0,0,-1000,-1000
2008/02/25,0,0,-22000,-22000
2008/02/26,0,800000,-1826,798174
2008/02/27,0,44000,-29000,15000
2008/02/28,0,0,0,0
2008/02/29,0,1000,0,1000
2008/03/03,0,19000,-36000,-17000
2008/03/04,0,80000,0,80000
2008/03/05,0,0,-234000,-234000
2008/03/06,0,1000,-4000,-3000
2008/03/07,0,0,0,0
2008/03/10,0,305000,0,305000
2008/03/11,0,6000,-800000,-794000
2008/03/12,0,14000,-264138,-250138
2008/03/13,0,0,0,0
2008/03/14,0,5000,-800000,-795000
2008/03/17,0,0,-141000,-141000
2008/03/18,0,1000,-75000,-74000
2008/03/19,0,4000,-800000,-796000
2008/03/20,0,0,0,0
2008/03/21,0,5000,0,5000
2008/03/24,0,1000,0,1000
2008/03/25,0,4000,-12000,-8000
2008/03/26,0,36000,0,36000
2008/03/27,0,0,-6000,-6000
2008/03/28,0,1000,0,1000
2008/03/31,0,195000,-2000,193000
2008/04/01,0,1000,0,1000
2008/04/02,0,32000,0,32000
2008/04/03,0,1000,0,1000
2008/04/04,0,0,0,0
2008/04/07,0,178000,0,178000
2008/04/08,0,0,0,0
2008/04/09,0,1000,0,1000
2008/04/10,0,0,0,0
2008/04/11,0,0,0,0
2008/04/14,0,252000,0,252000
2008/04/15,0,0,0,0
2008/04/16,0,0,-5000,-5000
2008/04/17,0,3433000,0,3433000
2008/04/18,0,2000,-49000,-47000
2008/04/21,0,1000,0,1000
2008/04/22,0,1000,-15000,-14000
2008/04/23,0,0,0,0
2008/04/24,0,1000,0,1000
2008/04/25,0,1000,0,1000
2008/04/28,0,26000,0,26000
2008/04/29,0,1000,0,1000
2008/04/30,0,8000,-7000,1000
2008/05/01,0,0,0,0
2008/05/02,0,14000,0,14000
2008/05/05,0,6000,-50000,-44000
2008/05/06,0,11000,0,11000
2008/05/07,0,17000,-3433000,-3416000
2008/05/08,0,6000,-421426,-415426
2008/05/09,0,4000,0,4000
2008/05/12,0,1000,-11000,-10000
2008/05/13,0,10000,-9000,1000
2008/05/14,0,3000,0,3000
2008/05/15,0,26000,0,26000
2008/05/16,0,0,-338000,-338000
2008/05/19,0,16000,-284000,-268000
2008/05/20,0,3000,-5000,-2000
2008/05/21,0,0,-6000,-6000
2008/05/22,0,2000,0,2000
2008/05/23,0,4000,0,4000
2008/05/26,0,10000,0,10000
2008/05/27,0,11000,0,11000
2008/05/28,0,3000,0,3000
2008/05/29,0,1000,0,1000
2008/05/30,0,22000,-16000,6000
2008/06/02,0,48000,0,48000
2008/06/03,0,1000,0,1000
2008/06/04,0,1000,0,1000
2008/06/05,0,0,0,0
2008/06/06,0,0,0,0
2008/06/09,0,1000,0,1000
2008/06/10,0,2000,0,2000
2008/06/11,0,5000,0,5000
2008/06/12,0,2000,0,2000
2008/06/13,0,1000,0,1000
2008/06/16,0,0,-4000,-4000
2008/06/17,0,1000,0,1000
2008/06/18,0,0,0,0
2008/06/19,0,0,-2000,-2000
2008/06/20,0,43000,0,43000
2008/06/23,0,54000,-234000,-180000
2008/06/24,0,10000,0,10000
2008/06/25,0,42000,-1000,41000
2008/06/26,0,0,0,0
2008/06/27,0,1000,0,1000
2008/06/30,0,2000,0,2000
2008/07/01,0,1000,0,1000
2008/07/02,0,0,0,0
2008/07/03,0,1000,0,1000
2008/07/04,0,3000,0,3000
2008/07/07,0,9000,0,9000
2008/07/08,0,0,0,0
2008/07/09,0,0,-1000,-1000
2008/07/10,0,0,-48000,-48000
2008/07/11,0,7000,0,7000
2008/07/14,0,0,-1774000,-1774000
2008/07/15,0,3000,-2000,1000
2008/07/16,0,14000,-1000,13000
2008/07/17,0,5000,0,5000
2008/07/18,0,1561000,-8000,1553000
2008/07/21,0,1000,-211000,-210000
2008/07/22,0,0,-1000,-1000
2008/07/23,0,1000,-26000,-25000
2008/07/24,0,0,-15000,-15000
2008/07/25,0,0,-20867,-20867
2008/07/28,0,0,0,0
2008/07/29,0,1000,-22000,-21000
2008/07/30,0,1000,-8000,-7000
2008/07/31,0,4000,0,4000
2008/08/01,0,0,0,0
2008/08/04,0,1000,-2000,-1000
2008/08/05,0,200000,-47000,153000
2008/08/06,0,0,-200000,-200000
2008/08/07,0,300000,0,300000
2008/08/08,0,28000,0,28000
2008/08/11,0,0,-300000,-300000
2008/08/12,0,2242000,-2000,2240000
2008/08/13,0,5610000,0,5610000
2008/08/14,0,1219000,-41000,1178000
2008/08/15,0,0,-2000,-2000
2008/08/18,0,0,-10000,-10000
2008/08/19,0,314000,-12000,302000
2008/08/20,0,703000,-7000,696000
2008/08/21,0,1000,-8000,-7000
2008/08/22,0,950000,0,950000
2008/08/25,0,311000,-139000,172000
2008/08/26,0,0,-12000,-12000
2008/08/27,0,50000,0,50000
2008/08/28,0,3397000,-716000,2681000
2008/08/29,0,1002000,-652000,350000
2008/09/01,0,3569000,0,3569000
2008/09/02,0,11000,-27000,-16000
2008/09/03,0,217000,-2000,215000
2008/09/04,0,12000,-1000,11000
2008/09/05,0,140000,-200000,-60000
2008/09/08,0,9000,-200000,-191000
2008/09/09,0,3000,0,3000
2008/09/10,0,3000,0,3000
2008/09/11,0,0,0,0
2008/09/12,0,0,-2000,-2000
2008/09/15,0,0,0,0
2008/09/16,0,36000,0,36000
2008/09/17,0,49000,-1982000,-1933000
2008/09/18,0,2000,0,2000
2008/09/19,0,248000,0,248000
2008/09/22,0,64000,-159000,-95000
2008/09/23,0,222000,-1350000,-1128000
2008/09/24,0,0,-239000,-239000
2008/09/25,0,26000,-10000,16000
2008/09/26,0,3000,0,3000
2008/09/29,0,0,0,0
2008/09/30,0,0,0,0
2008/10/01,0,1000,-54000,-53000
2008/10/02,0,200000,-5729,194271
2008/10/03,0,3678000,-9000,3669000
2008/10/06,0,100000,-12000,88000
2008/10/07,0,250000,-2008000,-1758000
2008/10/08,0,4000,-3000,1000
2008/10/09,0,8000,-2000,6000
2008/10/10,0,0,0,0
2008/10/13,0,0,-1501000,-1501000
2008/10/14,0,914000,-300503,613497
2008/10/15,0,10000,0,10000
2008/10/16,0,8000,-209545,-201545
2008/10/17,0,7000,-31000,-24000
2008/10/20,0,160000,-1505000,-1345000
2008/10/21,0,6000,-501000,-495000
2008/10/22,0,0,-2378000,-2378000
2008/10/23,0,8000,-48000,-40000
2008/10/24,0,0,-30000,-30000
2008/10/27,0,350000,-13000,337000
2008/10/28,0,4000,-310000,-306000
2008/10/29,0,100000,-9000,91000
2008/10/30,0,0,-170725,-170725
2008/10/31,0,800000,0,800000
2008/11/03,0,754000,0,754000
2008/11/04,0,335000,0,335000
2008/11/05,0,101000,-26000,75000
2008/11/06,0,504000,-2000,502000
2008/11/07,0,1145000,-23000,1122000
2008/11/10,0,504000,0,504000
2008/11/11,0,1000,-340,660
2008/11/12,0,48000,-7000,41000
2008/11/13,0,793000,-6000,787000
2008/11/14,0,505000,0,505000
2008/11/17,0,226000,0,226000
2008/11/18,0,400000,0,400000
2008/11/19,0,724000,0,724000
2008/11/20,0,5000,-200000,-195000
2008/11/21,0,671000,-402000,269000
2008/11/24,0,2000,-200000,-198000
2008/11/25,0,1122000,0,1122000
2008/11/26,0,328000,0,328000
2008/11/27,0,5000,0,5000
2008/11/28,0,553000,-468000,85000
2008/12/01,0,38000,0,38000
2008/12/02,0,0,0,0
2008/12/03,0,47000,-282000,-235000
2008/12/04,0,355000,0,355000
2008/12/05,0,0,-1000,-1000
2008/12/08,0,27000,-71000,-44000
2008/12/09,0,360000,0,360000
2008/12/10,0,126000,-250000,-124000
2008/12/11,0,36000,-252000,-216000
2008/12/12,0,394000,-5000,389000
2008/12/15,0,27000,-32000,-5000
2008/12/16,0,0,-941000,-941000
2008/12/17,0,203000,-272000,-69000
2008/12/18,0,1000,-127000,-126000
2008/12/19,0,42000,-583000,-541000
2008/12/22,0,10000,-25000,-15000
2008/12/23,0,1000,-107000,-106000
2008/12/24,0,204000,0,204000
2008/12/25,0,154000,0,154000
2008/12/26,0,185000,0,185000
2008/12/29,0,0,0,0
2008/12/30,0,0,0,0
2008/12/31,0,0,-112000,-112000
2009/01/01,0,0,0,0
2009/01/02,0,0,0,0
2009/01/05,0,123000,0,123000
2009/01/06,0,28000,0,28000
2009/01/07,0,193000,-680000,-487000
2009/01/08,0,34000,-714000,-680000
2009/01/09,0,1000,0,1000
2009/01/12,0,2000,-4000,-2000
2009/01/13,0,0,0,0
2009/01/14,0,0,-6000,-6000
2009/01/15,0,0,-37000,-37000
2009/01/16,0,1000,-19000,-18000
2009/01/19,0,0,-793000,-793000
2009/01/20,0,0,-19000,-19000
2009/01/21,0,0,0,0
2009/01/22,0,0,0,0
2009/01/23,0,0,0,0
2009/01/26,0,0,0,0
2009/01/27,0,0,0,0
2009/01/28,0,0,0,0
2009/01/29,0,0,0,0
2009/01/30,0,0,0,0
2009/02/02,0,0,-207000,-207000
2009/02/03,0,0,0,0
2009/02/04,0,46000,-24490,21510
2009/02/05,0,0,-325,-325
2009/02/06,0,0,0,0
2009/02/09,0,19000,0,19000
2009/02/10,0,0,-500000,-500000
2009/02/11,0,0,-902000,-902000
2009/02/12,0,0,-25000,-25000
2009/02/13,0,0,-904000,-904000
2009/02/16,0,0,-1690000,-1690000
2009/02/17,0,0,-23000,-23000
2009/02/18,0,0,-1309000,-1309000
2009/02/19,0,0,-1327000,-1327000
2009/02/20,0,21000,-4000,17000
2009/02/23,0,31000,-1377000,-1346000
2009/02/24,0,0,0,0
2009/02/25,0,0,0,0
2009/02/26,0,90000,-5000,85000
2009/02/27,0,3000,-1355000,-1352000
2009/03/02,0,627000,-1885000,-1258000
2009/03/03,0,0,0,0
2009/03/04,0,166000,-1382000,-1216000
2009/03/05,0,1536000,-200000,1336000
2009/03/06,0,0,-5000,-5000
2009/03/09,0,904000,-437000,467000
2009/03/10,0,2604000,-2000,2602000
2009/03/11,0,0,-7000,-7000
2009/03/12,0,185000,-7000,178000
2009/03/13,0,160000,-603000,-443000
2009/03/16,0,0,-1000,-1000
2009/03/17,0,595000,-230000,365000
2009/03/18,0,0,-32000,-32000
2009/03/19,0,0,-295000,-295000
2009/03/20,0,0,-5000,-5000
2009/03/23,0,0,-1000,-1000
2009/03/24,0,0,-1263000,-1263000
2009/03/25,0,0,-671000,-671000
2009/03/26,0,0,-595000,-595000
2009/03/27,0,0,-18000,-18000
2009/03/30,0,0,-2698000,-2698000
2009/03/31,0,0,-37000,-37000
2009/04/01,0,0,0,0
2009/04/02,0,1000,-2000,-1000
2009/04/03,0,0,-2000,-2000
2009/04/06,0,0,0,0
2009/04/07,0,1000,0,1000
2009/04/08,0,0,0,0
2009/04/09,0,200000,-3000,197000
2009/04/10,0,2792000,0,2792000
2009/04/13,0,3087000,-422000,2665000
2009/04/14,0,0,-2000,-2000
2009/04/15,0,0,-369000,-369000
2009/04/16,0,400000,-485000,-85000
2009/04/17,0,0,-2000,-2000
2009/04/20,0,0,0,0
2009/04/21,0,1000,-445000,-444000
2009/04/22,0,930000,0,930000
2009/04/23,0,1000,-300000,-299000
2009/04/24,0,37000,-1000,36000
2009/04/27,0,1000,-30000,-29000
2009/04/28,0,0,-208000,-208000
2009/04/29,0,0,0,0
2009/04/30,0,0,-25000,-25000
2009/05/01,0,0,0,0
2009/05/04,0,18000,-1000,17000
2009/05/05,0,5000,-1721000,-1716000
2009/05/06,0,0,-19000,-19000
2009/05/07,0,11000,-3539000,-3528000
2009/05/08,0,420000,-2300000,-1880000
2009/05/11,0,43000,-4000,39000
2009/05/12,0,0,-34000,-34000
2009/05/13,0,8000,-25000,-17000
2009/05/14,0,0,0,0
2009/05/15,0,15000,-126000,-111000
2009/05/18,0,11000,-8000,3000
2009/05/19,0,1000,-315000,-314000
2009/05/20,0,75000,-151000,-76000
2009/05/21,0,6000,0,6000
2009/05/22,0,6000,-301000,-295000
2009/05/25,0,75000,-28000,47000
2009/05/26,0,191000,0,191000
2009/05/27,0,185000,-18000,167000
2009/05/28,0,0,0,0
2009/05/29,0,0,0,0
2009/06/01,0,157000,-4000,153000
2009/06/02,0,82000,-24000,58000
2009/06/03,0,4000,0,4000
2009/06/04,0,9000,0,9000
2009/06/05,0,0,-4000,-4000
2009/06/08,0,13000,0,13000
2009/06/09,0,2000,-9000,-7000
2009/06/10,0,2000,-12000,-10000
2009/06/11,0,87000,0,87000
2009/06/12,0,236000,-9000,227000
2009/06/15,0,5000,0,5000
2009/06/16,0,59000,-5000,54000
2009/06/17,0,9000,-114000,-105000
2009/06/18,0,251000,-659000,-408000
2009/06/19,0,37000,-7000,30000
2009/06/22,0,6000,0,6000
2009/06/23,0,0,-12000,-12000
2009/06/24,0,2000,-3000,-1000
2009/06/25,0,1000,0,1000
2009/06/26,0,0,-27000,-27000
2009/06/29,0,0,0,0
2009/06/30,0,0,0,0
2009/07/01,0,5000,0,5000
2009/07/02,0,0,0,0
2009/07/03,0,0,-12000,-12000
2009/07/06,0,601000,-14000,587000
2009/07/07,0,3000,0,3000
2009/07/08,0,0,-2000,-2000
2009/07/09,0,0,0,0
2009/07/10,0,0,-4000,-4000
2009/07/13,0,0,-5000,-5000
2009/07/14,0,34000,-31000,3000
2009/07/15,0,166000,0,166000
2009/07/16,0,100000,-3000,97000
2009/07/17,0,54000,0,54000
2009/07/20,0,100000,0,100000
2009/07/21,0,0,-15000,-15000
2009/07/22,0,0,-17000,-17000
2009/07/23,0,0,-29000,-29000
2009/07/24,0,0,-47000,-47000
2009/07/27,0,100000,-5000,95000
2009/07/28,0,300000,-14000,286000
2009/07/29,0,0,-19000,-19000
2009/07/30,0,2784000,-158000,2626000
2009/07/31,0,447000,-169000,278000
2009/08/03,0,0,0,0
2009/08/04,0,500000,-180000,320000
2009/08/05,0,0,0,0
2009/08/06,0,200000,-6000,194000
2009/08/07,0,0,0,0
2009/08/10,0,106000,-29000,77000
2009/08/11,0,3000,0,3000
2009/08/12,0,200000,0,200000
2009/08/13,0,0,-377000,-377000
2009/08/14,0,4000,-75000,-71000
2009/08/17,0,0,-330000,-330000
2009/08/18,0,3000,0,3000
2009/08/19,0,2000,-51000,-49000
2009/08/20,0,1717000,-54000,1663000
2009/08/21,0,307000,-4000,303000
2009/08/24,0,269000,0,269000
2009/08/25,0,124000,-8000,116000
2009/08/26,0,0,0,0
2009/08/27,0,230000,-8000,222000
2009/08/28,0,0,0,0
2009/08/31,0,13000,0,13000
2009/09/01,0,0,-500000,-500000
2009/09/02,0,150000,-172000,-22000
2009/09/03,0,50000,-3000,47000
2009/09/04,0,0,-4000,-4000
2009/09/07,0,0,-15000,-15000
2009/09/08,0,0,0,0
2009/09/09,0,11000,-238000,-227000
2009/09/10,0,754000,-86000,668000
2009/09/11,0,0,0,0
2009/09/14,0,532000,-35000,497000
2009/09/15,0,2000,-200000,-198000
2009/09/16,0,0,-70000,-70000
2009/09/17,0,0,-250000,-250000
2009/09/18,0,0,-399000,-399000
2009/09/21,0,0,-1000,-1000
2009/09/22,0,844000,0,844000
2009/09/23,0,79000,-252000,-173000
2009/09/24,0,0,-479000,-479000
2009/09/25,0,0,0,0
2009/09/28,0,5000,0,5000
2009/09/29,0,4000,0,4000
2009/09/30,0,0,-6000,-6000
2009/10/01,0,0,0,0
2009/10/02,0,4000,0,4000
2009/10/05,0,0,0,0
2009/10/06,0,0,0,0
2009/10/07,0,0,-500000,-500000
2009/10/08,0,0,-2000,-2000
2009/10/09,0,2000,-4050,-2050
2009/10/12,0,0,0,0
2009/10/13,0,6000,0,6000
2009/10/14,0,0,-2000,-2000
2009/10/15,0,0,-175360,-175360
2009/10/16,0,129000,0,129000
2009/10/19,0,10000,0,10000
2009/10/20,0,49000,-1266500,-1217500
2009/10/21,0,17000,-149000,-132000
2009/10/22,0,0,-61000,-61000
2009/10/23,0,0,0,0
2009/10/26,0,0,-54000,-54000
2009/10/27,0,3000,-7000,-4000
2009/10/28,0,0,-74395,-74395
2009/10/29,0,501000,-2000,499000
2009/10/30,0,0,-1000,-1000
2009/11/02,0,3000,-755,2245
2009/11/03,0,103000,-2000,101000
2009/11/04,0,132000,0,132000
2009/11/05,0,74000,0,74000
2009/11/06,0,870000,0,870000
2009/11/09,0,2000,-500,1500
2009/11/10,0,102000,-42000,60000
2009/11/11,0,0,0,0
2009/11/12,0,0,-1000,-1000
2009/11/13,0,0,-8000,-8000
2009/11/16,0,102000,0,102000
2009/11/17,0,0,-101000,-101000
2009/11/18,0,0,-79000,-79000
2009/11/19,0,0,-3000,-3000
2009/11/20,0,5000,-74000,-69000
2009/11/23,0,0,-611000,-611000
2009/11/24,0,0,-572000,-572000
2009/11/25,0,0,-110000,-110000
2009/11/26,0,0,0,0
2009/11/27,0,0,0,0
2009/11/30,0,0,-12000,-12000
2009/12/01,0,0,-200000,-200000
2009/12/02,0,0,-300000,-300000
2009/12/03,0,0,-20000,-20000
2009/12/04,0,0,-28000,-28000
2009/12/07,0,0,-336000,-336000
2009/12/08,0,0,0,0
2009/12/09,0,191000,0,191000
2009/12/10,0,0,-6370,-6370
2009/12/11,0,3000,0,3000
2009/12/14,0,0,-4000,-4000
2009/12/15,0,0,0,0
2009/12/16,0,0,-5000,-5000
2009/12/17,0,0,0,0
2009/12/18,0,4000,-422000,-418000
2009/12/21,0,2000,0,2000
2009/12/22,0,0,-3000,-3000
2009/12/23,0,1000,0,1000
2009/12/24,0,0,-353000,-353000
2009/12/25,0,0,-4000,-4000
2009/12/28,0,0,-64000,-64000
2009/12/29,0,504000,-66000,438000
2009/12/30,0,1258000,-64000,1194000
2009/12/31,0,0,-1000,-1000
2010/01/01,0,0,0,0
2010/01/04,0,2000,0,2000
2010/01/05,0,0,-100500,-100500
2010/01/06,0,822000,-100000,722000
2010/01/07,0,1000000,-1000,999000
2010/01/08,0,210000,-4000,206000
2010/01/11,0,279000,-2000,277000
2010/01/12,0,221000,-3000,218000
2010/01/13,0,500000,-1000,499000
2010/01/14,0,0,-33000,-33000
2010/01/15,0,0,-569000,-569000
2010/01/18,0,100000,-15000,85000
2010/01/19,0,129000,-2000,127000
2010/01/20,0,500000,-4000,496000
2010/01/21,0,250000,-3000,247000
2010/01/22,0,250000,0,250000
2010/01/25,0,250000,-39000,211000
2010/01/26,0,250000,-2000,248000
2010/01/27,0,110000,0,110000
2010/01/28,0,2000,0,2000
2010/01/29,0,4000,-200000,-196000
2010/02/01,0,275000,-201000,74000
2010/02/02,0,135000,0,135000
2010/02/03,0,2000,-2000,0
2010/02/04,0,2000,0,2000
2010/02/05,0,2000,0,2000
2010/02/08,0,9000,-2000,7000
2010/02/09,0,3000,0,3000
2010/02/10,0,19000,0,19000
2010/02/11,0,0,0,0
2010/02/12,0,0,0,0
2010/02/15,0,0,0,0
2010/02/16,0,0,0,0
2010/02/17,0,0,0,0
2010/02/18,0,0,0,0
2010/02/19,0,0,0,0
2010/02/22,0,3000,0,3000
2010/02/23,0,11000,0,11000
2010/02/24,0,3000,0,3000
2010/02/25,0,2000,0,2000
2010/02/26,0,752000,-2000,750000
2010/03/01,0,2000,-50000,-48000
2010/03/02,0,0,-80000,-80000
2010/03/03,0,0,-60000,-60000
2010/03/04,0,180000,-62000,118000
2010/03/05,0,121000,0,121000
2010/03/08,0,220000,0,220000
2010/03/09,0,3000,0,3000
2010/03/10,0,0,-3000,-3000
2010/03/11,0,1000,0,1000
2010/03/12,0,200000,-44000,156000
2010/03/15,0,0,-4000,-4000
2010/03/16,0,0,-25000,-25000
2010/03/17,0,3000,-1754000,-1751000
2010/03/18,0,2000,-900000,-898000
2010/03/19,0,100000,-671000,-571000
2010/03/22,0,0,-2000,-2000
2010/03/23,0,582000,-3000,579000
2010/03/24,0,0,-2000,-2000
2010/03/25,0,0,-194000,-194000
2010/03/26,0,0,-1920,-1920
2010/03/29,0,2000,0,2000
2010/03/30,0,83000,0,83000
2010/03/31,0,0,-1000,-1000
2010/04/01,0,0,-1000,-1000
2010/04/02,0,1000,-2000,-1000
2010/04/05,0,0,0,0
2010/04/06,0,154000,-662000,-508000
2010/04/07,0,0,-3000,-3000
2010/04/08,0,500000,-7000,493000
2010/04/09,0,0,-1000,-1000
2010/04/12,0,26000,-102000,-76000
2010/04/13,0,108000,-2000,106000
2010/04/14,0,152000,0,152000
2010/04/15,0,0,-200250,-200250
2010/04/16,0,0,-4000,-4000
2010/04/19,0,24000,-610,23390
2010/04/20,0,870000,-4000,866000
2010/04/21,0,1000,0,1000
2010/04/22,0,0,0,0
2010/04/23,0,0,0,0
2010/04/26,0,0,0,0
2010/04/27,0,2000,-2000,0
2010/04/28,0,213000,-1000,212000
2010/04/29,0,0,0,0
2010/04/30,0,1778000,-64000,1714000
2010/05/03,0,0,-30000,-30000
2010/05/04,0,1182000,0,1182000
2010/05/05,0,1000000,-6000,994000
2010/05/06,0,1000000,-3000,997000
2010/05/07,0,274000,0,274000
2010/05/10,0,40000,0,40000
2010/05/11,0,572000,0,572000
2010/05/12,0,1000,0,1000
2010/05/13,0,1000,-14000,-13000
2010/05/14,0,10000,0,10000
2010/05/17,0,3000,0,3000
2010/05/18,0,1000,0,1000
2010/05/19,0,65000,-85000,-20000
2010/05/20,0,3000,-4000,-1000
2010/05/21,0,0,-62000,-62000
2010/05/24,0,78000,-2000,76000
2010/05/25,0,1000,-156000,-155000
2010/05/26,0,11000,-150000,-139000
2010/05/27,0,5000,-76000,-71000
2010/05/28,0,0,-2000,-2000
2010/05/31,0,0,0,0
2010/06/01,0,51000,0,51000
2010/06/02,0,0,0,0
2010/06/03,0,100000,-150000,-50000
2010/06/04,0,0,-568000,-568000
2010/06/07,0,0,-240000,-240000
2010/06/08,0,3000,0,3000
2010/06/09,0,3000,-40000,-37000
2010/06/10,0,4000,-1070,2930
2010/06/11,0,0,-177000,-177000
2010/06/14,0,1000,-1000,0
2010/06/15,0,0,-244000,-244000
2010/06/16,0,0,0,0
2010/06/17,0,0,0,0
2010/06/18,0,115000,-233000,-118000
2010/06/21,0,0,-21285,-21285
2010/06/22,0,0,-2000,-2000
2010/06/23,0,0,-136000,-136000
2010/06/24,0,29000,-31000,-2000
2010/06/25,0,20000,-16000,4000
2010/06/28,0,64000,0,64000
2010/06/29,0,2000,-610,1390
2010/06/30,0,0,0,0
2010/07/01,0,0,-373000,-373000
2010/07/02,0,303000,0,303000
2010/07/05,0,0,-1000,-1000
2010/07/06,0,8000,-88000,-80000
2010/07/07,0,200000,-80000,120000
2010/07/08,0,639000,-200000,439000
2010/07/09,0,70000,0,70000
2010/07/12,0,2000,0,2000
2010/07/13,0,1000000,-4000,996000
2010/07/14,0,200000,0,200000
2010/07/15,0,50000,-12000,38000
2010/07/16,0,518000,-652000,-134000
2010/07/19,0,960000,-49000,911000
2010/07/20,0,501000,-250000,251000
2010/07/21,0,5000,-1000,4000
2010/07/22,0,3000,0,3000
2010/07/23,0,1000000,0,1000000
2010/07/26,0,1000,0,1000
2010/07/27,0,22000,-402000,-380000
2010/07/28,0,2000,-500000,-498000
2010/07/29,0,0,-500000,-500000
2010/07/30,0,0,-517000,-517000
2010/08/02,0,11000,-516000,-505000
2010/08/03,0,4000,-3000,1000
2010/08/04,0,0,-6000,-6000
2010/08/05,0,0,-568000,-568000
2010/08/06,0,0,-471000,-471000
2010/08/09,0,1494000,-1000,1493000
2010/08/10,0,36000,-9085,26915
2010/08/11,0,36000,-1000,35000
2010/08/12,0,0,-423000,-423000
2010/08/13,0,6000,-4000,2000
2010/08/16,0,0,-1000,-1000
2010/08/17,0,1000,-1032000,-1031000
2010/08/18,0,30000,-450000,-420000
2010/08/19,0,0,0,0
2010/08/20,0,26000,-32000,-6000
2010/08/23,0,0,0,0
2010/08/24,0,500000,-1000,499000
2010/08/25,0,14000,-1000,13000
2010/08/26,0,350000,-319000,31000
2010/08/27,0,0,-282000,-282000
2010/08/30,0,2000,0,2000
2010/08/31,0,43000,0,43000
2010/09/01,0,0,0,0
2010/09/02,0,0,0,0
2010/09/03,0,1000,0,1000
2010/09/06,0,0,-103000,-103000
2010/09/07,0,6000,0,6000
2010/09/08,0,0,-500000,-500000
2010/09/09,0,0,-250000,-250000
2010/09/10,0,0,0,0
2010/09/13,0,0,0,0
2010/09/14,0,0,-895000,-895000
2010/09/15,0,25000,0,25000
2010/09/16,0,0,-267000,-267000
2010/09/17,0,0,-1006000,-1006000
2010/09/20,0,0,-881000,-881000
2010/09/21,0,0,-201000,-201000
2010/09/22,0,0,0,0
2010/09/23,0,0,-6000,-6000
2010/09/24,0,57000,-2000,55000
2010/09/27,0,0,-21000,-21000
2010/09/28,0,37000,-523000,-486000
2010/09/29,0,0,-1000000,-1000000
2010/09/30,0,0,-3000,-3000
2010/10/01,0,0,-130000,-130000
2010/10/04,0,0,-368999,-368999
2010/10/05,0,0,0,0
2010/10/06,0,0,-12000,-12000
2010/10/07,0,0,-1763,-1763
2010/10/08,0,0,-14000,-14000
2010/10/11,0,0,-1499,-1499
2010/10/12,0,0,-1000,-1000
2010/10/13,0,84000,0,84000
2010/10/14,0,5000,-5000,0
2010/10/15,0,37000,-70349,-33349
2010/10/18,0,31000,-1000,30000
2010/10/19,0,42000,0,42000
2010/10/20,0,0,0,0
2010/10/21,0,0,-200000,-200000
2010/10/22,0,0,0,0
2010/10/25,0,0,0,0
2010/10/26,0,28000,0,28000
2010/10/27,0,14000,0,14000
2010/10/28,0,0,-200000,-200000
2010/10/29,0,288000,-5399,282601
2010/11/01,0,500000,-200000,300000
2010/11/02,0,0,0,0
2010/11/03,0,0,-100000,-100000
2010/11/04,0,500000,-8000,492000
2010/11/05,0,0,0,0
2010/11/08,0,0,-2000,-2000
2010/11/09,0,4000,-8000,-4000
2010/11/10,0,0,-2000,-2000
2010/11/11,0,2000,0,2000
2010/11/12,0,0,-1000,-1000
2010/11/15,0,0,0,0
2010/11/16,0,0,-185000,-185000
2010/11/17,0,0,0,0
2010/11/18,0,0,0,0
2010/11/19,0,5000,-4793,207
2010/11/22,0,0,0,0
2010/11/23,0,0,-50000,-50000
2010/11/24,0,0,0,0
2010/11/25,0,0,-13459,-13459
2010/11/26,0,2000,-1899,101
2010/11/29,0,0,0,0
2010/11/30,0,0,-21000,-21000
2010/12/01,0,0,-4000,-4000
2010/12/02,0,0,-5000,-5000
2010/12/03,0,0,-20000,-20000
2010/12/06,0,0,-8000,-8000
2010/12/07,0,2000,-1000,1000
2010/12/08,0,0,-3000,-3000
2010/12/09,0,2000,-1000,1000
2010/12/10,0,500000,0,500000
2010/12/13,0,0,-17000,-17000
2010/12/14,0,0,-4000,-4000
2010/12/15,0,0,-52000,-52000
2010/12/16,0,0,-2000,-2000
2010/12/17,0,0,-76000,-76000
2010/12/20,0,0,-2000,-2000
2010/12/21,0,0,0,0
2010/12/22,0,2000,0,2000
2010/12/23,0,0,-3000,-3000
2010/12/24,0,0,0,0
2010/12/27,0,0,-1000,-1000
2010/12/28,0,0,0,0
2010/12/29,0,14000,0,14000
2010/12/30,0,0,0,0
2010/12/31,0,0,-3000,-3000
2011/01/03,0,0,-60902,-60902
2011/01/04,0,0,0,0
2011/01/05,0,7000,0,7000
2011/01/06,0,0,0,0
2011/01/07,0,0,0,0
2011/01/10,0,0,-2000,-2000
2011/01/11,0,0,0,0
2011/01/12,0,0,0,0
2011/01/13,0,0,0,0
2011/01/14,0,120000,0,120000
2011/01/17,0,0,0,0
2011/01/18,0,0,0,0
2011/01/19,0,3000,-5000,-2000
2011/01/20,0,0,-1000,-1000
2011/01/21,0,0,-100000,-100000
2011/01/24,0,0,-2000,-2000
2011/01/25,0,7000,-1000,6000
2011/01/26,0,0,0,0
2011/01/27,0,2000,-2000,0
2011/01/28,0,0,-3000,-3000
2011/01/31,0,0,0,0
2011/02/01,0,0,0,0
2011/02/02,0,0,0,0
2011/02/03,0,0,0,0
2011/02/04,0,0,0,0
2011/02/07,0,0,0,0
2011/02/08,0,0,0,0
2011/02/09,0,0,-33000,-33000
2011/02/10,0,0,-69000,-69000
2011/02/11,0,5000,-180000,-175000
2011/02/14,0,1000,-60999,-59999
2011/02/15,0,360000,-60000,300000
2011/02/16,0,4000,-60000,-56000
2011/02/17,0,0,-60000,-60000
2011/02/18,0,2000,0,2000
2011/02/21,0,0,-2000,-2000
2011/02/22,0,0,0,0
2011/02/23,0,20000,0,20000
2011/02/24,0,2000,0,2000
2011/02/25,0,1000,-7000,-6000
2011/02/28,0,0,0,0
2011/03/01,0,0,0,0
2011/03/02,0,2000,0,2000
2011/03/03,0,0,0,0
2011/03/04,0,0,0,0
2011/03/07,0,0,0,0
2011/03/08,0,0,-500000,-500000
2011/03/09,0,19000,0,19000
2011/03/10,0,0,0,0
2011/03/11,0,12000,0,12000
2011/03/14,0,3000,0,3000
2011/03/15,0,1000,0,1000
2011/03/16,0,96000,0,96000
2011/03/17,0,11000,0,11000
2011/03/18,0,1000,-9000,-8000
2011/03/21,0,0,-80000,-80000
2011/03/22,0,300000,0,300000
2011/03/23,0,150000,-220000,-70000
2011/03/24,0,4000,0,4000
2011/03/25,0,0,0,0
2011/03/28,0,0,0,0
2011/03/29,0,0,0,0
2011/03/30,0,633000,-18000,615000
2011/03/31,0,633000,-19000,614000
2011/04/01,0,0,0,0
2011/04/04,0,0,0,0
2011/04/05,0,0,0,0
2011/04/06,0,0,-2000,-2000
2011/04/07,0,0,0,0
2011/04/08,0,0,0,0
2011/04/11,0,0,0,0
2011/04/12,0,0,-139000,-139000
2011/04/13,0,0,-1400000,-1400000
2011/04/14,0,0,-1023000,-1023000
2011/04/15,0,0,-857972,-857972
2011/04/18,0,1000,-2000,-1000
2011/04/19,0,2000,0,2000
2011/04/20,0,0,0,0
2011/04/21,0,0,-1000,-1000
2011/04/22,0,23000,0,23000
2011/04/25,0,0,-138000,-138000
2011/04/26,0,0,-1133000,-1133000
2011/04/27,0,256000,-2320,253680
2011/04/28,0,0,-2000,-2000
2011/04/29,0,0,-1945000,-1945000
2011/05/02,0,0,0,0
2011/05/03,0,28000,-900000,-872000
2011/05/04,0,28000,0,28000
2011/05/05,0,28000,0,28000
2011/05/06,0,25000,0,25000
2011/05/09,0,1000,0,1000
2011/05/10,0,0,0,0
2011/05/11,0,0,-150000,-150000
2011/05/12,0,0,-504000,-504000
2011/05/13,0,1000,-520000,-519000
2011/05/16,0,0,0,0
2011/05/17,0,0,-1000,-1000
2011/05/18,0,0,-304,-304
2011/05/19,0,0,-121000,-121000
2011/05/20,0,141000,0,141000
2011/05/23,0,2000,0,2000
2011/05/24,0,0,0,0
2011/05/25,0,0,-8000,-8000
2011/05/26,0,1000,0,1000
2011/05/27,0,0,0,0
2011/05/30,0,0,0,0
2011/05/31,0,0,-1000,-1000
2011/06/01,0,0,0,0
2011/06/02,0,0,0,0
2011/06/03,0,0,0,0
2011/06/06,0,0,0,0
2011/06/07,0,0,0,0
2011/06/08,0,1000,0,1000
2011/06/09,0,0,0,0
2011/06/10,0,0,0,0
2011/06/13,0,0,0,0
2011/06/14,0,3000,0,3000
2011/06/15,0,129000,0,129000
2011/06/16,0,4000,0,4000
2011/06/17,0,39000,-51000,-12000
2011/06/20,0,6000,0,6000
2011/06/21,0,3000,0,3000
2011/06/22,0,2000,0,2000
2011/06/23,0,114000,-4000,110000
2011/06/24,0,2000,0,2000
2011/06/27,0,2000,0,2000
2011/06/28,0,27000,-22000,5000
2011/06/29,0,11000,0,11000
2011/06/30,0,2000,0,2000
2011/07/01,0,88000,0,88000
2011/07/04,0,0,-16000,-16000
2011/07/05,0,0,-1000,-1000
2011/07/06,0,0,-9000,-9000
2011/07/07,0,0,0,0
2011/07/08,0,0,-1000,-1000
2011/07/11,0,0,0,0
2011/07/12,0,1000,0,1000
2011/07/13,0,75000,-57000,18000
2011/07/14,0,0,-3000,-3000
2011/07/15,0,4000,-2000,2000
2011/07/18,0,1000,0,1000
2011/07/19,0,2000,0,2000
2011/07/20,0,3000,0,3000
2011/07/21,0,1000,0,1000
2011/07/22,0,0,-3000,-3000
2011/07/25,0,0,-9000,-9000
2011/07/26,0,3000,0,3000
2011/07/27,0,0,-2000,-2000
2011/07/28,0,0,-4000,-4000
2011/07/29,0,0,0,0
2011/08/01,0,2000,0,2000
2011/08/02,0,12000,-93000,-81000
2011/08/03,0,8000,-4000,4000
2011/08/04,0,14000,0,14000
2011/08/05,0,19000,-16824,2176
2011/08/08,0,32000,0,32000
2011/08/09,0,49000,0,49000
2011/08/10,0,32000,-6000,26000
2011/08/11,0,26000,-1266000,-1240000
2011/08/12,0,2000,-10000,-8000
2011/08/15,0,19000,0,19000
2011/08/16,0,99000,-2000,97000
2011/08/17,0,6000,-2000,4000
2011/08/18,0,62000,0,62000
2011/08/19,0,20000,-27000,-7000
2011/08/22,0,37000,0,37000
2011/08/23,0,3000,0,3000
2011/08/24,0,0,0,0
2011/08/25,0,0,0,0
2011/08/26,0,27000,0,27000
2011/08/29,0,5000,0,5000
2011/08/30,0,1000,0,1000
2011/08/31,0,0,-4000,-4000
2011/09/01,0,0,-2000,-2000
2011/09/02,0,39000,-4000,35000
2011/09/05,0,0,-6000,-6000
2011/09/06,0,0,0,0
2011/09/07,0,7000,0,7000
2011/09/08,0,0,0,0
2011/09/09,0,14000,0,14000
2011/09/12,0,0,0,0
2011/09/13,0,21000,-13847,7153
2011/09/14,0,3000,0,3000
2011/09/15,0,176000,-13000,163000
2011/09/16,0,461000,-347000,114000
2011/09/19,0,5000,-4000,1000
2011/09/20,0,3000,0,3000
2011/09/21,0,0,-23106,-23106
2011/09/22,0,0,-10330,-10330
2011/09/23,0,3000,0,3000
2011/09/26,0,13000,0,13000
2011/09/27,0,5000,0,5000
2011/09/28,0,0,-2000,-2000
2011/09/29,0,16000,0,16000
2011/09/30,0,96000,-36000,60000
2011/10/03,0,77000,-1000,76000
2011/10/04,0,6000,0,6000
2011/10/05,0,17000,0,17000
2011/10/06,0,22000,-1000,21000
2011/10/07,0,2000,0,2000
2011/10/10,0,0,0,0
2011/10/11,0,1439000,0,1439000
2011/10/12,0,454000,0,454000
2011/10/13,0,1477000,-115000,1362000
2011/10/14,0,1366000,-9000,1357000
2011/10/17,0,307000,-2683,304317
2011/10/18,0,913000,-2099,910901
2011/10/19,0,61000,0,61000
2011/10/20,0,0,0,0
2011/10/21,0,0,0,0
2011/10/24,0,4000,0,4000
2011/10/25,0,91000,-98000,-7000
2011/10/26,0,1000,0,1000
2011/10/27,0,3000,0,3000
2011/10/28,0,1004000,0,1004000
2011/10/31,0,0,-4000,-4000
2011/11/01,0,250000,-12000,238000
2011/11/02,0,229000,0,229000
2011/11/03,0,437000,0,437000
2011/11/04,0,499000,-30000,469000
2011/11/07,0,150000,0,150000
2011/11/08,0,5000,0,5000
2011/11/09,0,0,0,0
2011/11/10,0,701000,0,701000
2011/11/11,0,824000,-1000,823000
2011/11/14,0,307196,-5000,302196
2011/11/15,0,2388000,-1000,2387000
2011/11/16,0,1413000,0,1413000
2011/11/17,0,1384000,0,1384000
2011/11/18,0,5678000,-130000,5548000
2011/11/21,0,2007000,0,2007000
2011/11/22,0,879000,-5000,874000
2011/11/23,0,2316000,-681000,1635000
2011/11/24,0,3276000,0,3276000
2011/11/25,0,1756000,0,1756000
2011/11/28,0,868000,0,868000
2011/11/29,0,1261000,0,1261000
2011/11/30,0,1153000,-1000,1152000
2011/12/01,0,196000,-25000,171000
2011/12/02,0,140000,-220000,-80000
2011/12/05,0,147000,-4000,143000
2011/12/06,0,893000,0,893000
2011/12/07,0,739000,0,739000
2011/12/08,0,934000,0,934000
2011/12/09,0,2944000,-3893,2940107
2011/12/12,0,522000,-190000,332000
2011/12/13,0,6000,-21355,-15355
2011/12/14,0,47000,-2000,45000
2011/12/15,0,23000,0,23000
2011/12/16,0,1000,-10000,-9000
2011/12/19,0,1011000,-150504,860496
2011/12/20,0,989000,0,989000
2011/12/21,0,1000000,-9000,991000
2011/12/22,0,830000,0,830000
2011/12/23,0,400000,-5000,395000
2011/12/26,0,380000,-406000,-26000
2011/12/27,0,8000,-2295000,-2287000
2011/12/28,0,100000,-2543002,-2443002
2011/12/29,0,0,-1731000,-1731000
2011/12/30,0,0,-6000,-6000
2012/01/02,0,9000,-1798000,-1789000
2012/01/03,0,150000,-14000,136000
2012/01/04,0,129000,0,129000
2012/01/05,0,100000,-274456,-174456
2012/01/06,0,17000,-3000,14000
2012/01/09,0,0,-970000,-970000
2012/01/10,0,72000,-1000,71000
2012/01/11,0,70000,-505000,-435000
2012/01/12,0,0,-515000,-515000
2012/01/13,0,207000,-240000,-33000
2012/01/16,0,0,-1385000,-1385000
2012/01/17,0,562000,-1003000,-441000
2012/01/18,0,0,-571000,-571000
2012/01/19,0,0,0,0
2012/01/20,0,0,0,0
2012/01/23,0,0,0,0
2012/01/24,0,0,0,0
2012/01/25,0,0,0,0
2012/01/26,0,0,0,0
2012/01/27,0,0,0,0
2012/01/30,0,0,-3054000,-3054000
2012/01/31,0,3000,-2059000,-2056000
2012/02/01,0,0,-1752000,-1752000
2012/02/02,0,0,-555000,-555000
2012/02/03,0,0,-307000,-307000
2012/02/06,0,0,-1431000,-1431000
2012/02/07,0,1000,0,1000
2012/02/08,0,0,-722000,-722000
2012/02/09,0,10470,-1937000,-1926530
2012/02/10,0,0,-931000,-931000
2012/02/13,0,36000,0,36000
2012/02/14,0,0,-1159000,-1159000
2012/02/15,0,0,-1535000,-1535000
2012/02/16,0,0,-16000,-16000
2012/02/17,0,310000,-4000,306000
2012/02/20,0,0,-4000,-4000
2012/02/21,0,0,-300000,-300000
2012/02/22,0,1668000,-1000,1667000
2012/02/23,0,1586000,-3000,1583000
2012/02/24,0,0,-13000,-13000
2012/02/27,0,0,0,0
2012/02/28,0,0,0,0
2012/02/29,0,1000,-2000,-1000
2012/03/01,0,0,-11000,-11000
2012/03/02,0,0,-306000,-306000
2012/03/05,0,310000,-502000,-192000
2012/03/06,0,0,-25000,-25000
2012/03/07,0,0,-1000,-1000
2012/03/08,0,871000,-539657,331343
2012/03/09,0,0,-2000,-2000
2012/03/12,0,0,-2000,-2000
2012/03/13,0,8000,-7000,1000
2012/03/14,0,69000,-300000,-231000
2012/03/15,0,60000,-19000,41000
2012/03/16,0,0,-532000,-532000
2012/03/19,0,0,-12000,-12000
2012/03/20,0,0,-1992000,-1992000
2012/03/21,0,0,-1113000,-1113000
2012/03/22,0,0,0,0
2012/03/23,0,0,-46000,-46000
2012/03/26,0,0,-2000,-2000
2012/03/27,0,0,0,0
2012/03/28,0,0,-132000,-132000
2012/03/29,0,0,0,0
2012/03/30,0,25000,-579000,-554000
2012/04/02,0,5000,-1156000,-1151000
2012/04/03,0,0,-184000,-184000
2012/04/04,0,0,0,0
2012/04/05,0,2000,-359688,-357688
2012/04/06,0,7000,-1020000,-1013000
2012/04/09,0,0,-1005000,-1005000
2012/04/10,0,0,-569000,-569000
2012/04/11,0,0,-1367000,-1367000
2012/04/12,0,0,-1000,-1000
2012/04/13,0,7000,0,7000
2012/04/16,0,41000,0,41000
2012/04/17,0,0,-20000,-20000
2012/04/18,0,0,-19000,-19000
2012/04/19,0,0,-158000,-158000
2012/04/20,0,7000,-1062000,-1055000
2012/04/23,0,2000,0,2000
2012/04/24,0,10000,0,10000
2012/04/25,0,803000,0,803000
2012/04/26,0,0,0,0
2012/04/27,0,0,0,0
2012/04/30,0,0,0,0
2012/05/01,0,0,0,0
2012/05/02,0,33000,0,33000
2012/05/03,0,0,-1458,-1458
2012/05/04,0,627000,-215000,412000
2012/05/07,0,0,0,0
2012/05/08,0,197000,0,197000
2012/05/09,0,0,0,0
2012/05/10,0,0,0,0
2012/05/11,0,7000,0,7000
2012/05/14,0,0,0,0
2012/05/15,0,24000,0,24000
2012/05/16,0,6000,-172000,-166000
2012/05/17,0,0,0,0
2012/05/18,0,8000,-2614000,-2606000
2012/05/21,0,0,0,0
2012/05/22,0,0,0,0
2012/05/23,0,0,-1780000,-1780000
2012/05/24,0,0,0,0
2012/05/25,0,3000,-200000,-197000
2012/05/28,0,0,0,0
2012/05/29,0,3000,0,3000
2012/05/30,0,0,-11576,-11576
2012/05/31,0,0,-20000,-20000
2012/06/01,0,186000,-4000,182000
2012/06/04,0,11000,0,11000
2012/06/05,0,10000,0,10000
2012/06/06,0,0,-54000,-54000
2012/06/07,0,0,0,0
2012/06/08,0,82000,0,82000
2012/06/11,0,28000,0,28000
2012/06/12,0,88000,0,88000
2012/06/13,0,43000,-37000,6000
2012/06/14,0,22000,-34000,-12000
2012/06/15,0,0,-120500,-120500
2012/06/18,0,0,0,0
2012/06/19,0,2000,0,2000
2012/06/20,0,0,0,0
2012/06/21,0,16000,0,16000
2012/06/22,0,0,0,0
2012/06/25,0,0,0,0
2012/06/26,0,13958,-31000,-17042
2012/06/27,0,0,0,0
2012/06/28,0,0,-9000,-9000
2012/06/29,0,0,0,0
2012/07/02,0,162000,-5000,157000
2012/07/03,0,50000,0,50000
2012/07/04,0,0,0,0
2012/07/05,0,3000,-2000,1000
2012/07/06,0,0,-9000,-9000
2012/07/09,0,81000,0,81000
2012/07/10,0,1000,0,1000
2012/07/11,0,1000,-34000,-33000
2012/07/12,0,0,0,0
2012/07/13,0,0,-87000,-87000
2012/07/16,0,0,-1000,-1000
2012/07/17,0,0,-33000,-33000
2012/07/18,0,0,0,0
2012/07/19,0,1000,0,1000
2012/07/20,0,0,0,0
2012/07/23,0,0,-35000,-35000
2012/07/24,0,0,0,0
2012/07/25,0,0,0,0
2012/07/26,0,13000,0,13000
2012/07/27,0,0,0,0
2012/07/30,0,0,0,0
2012/07/31,0,0,0,0
2012/08/01,0,1000,0,1000
2012/08/02,0,0,0,0
2012/08/03,0,53000,0,53000
2012/08/06,0,5000,-3000,2000
2012/08/07,0,0,-102000,-102000
2012/08/08,0,2000,-14000,-12000
2012/08/09,0,75000,-16000,59000
2012/08/10,0,157000,-7000,150000
2012/08/13,0,0,-7000,-7000
2012/08/14,0,90000,-4000,86000
2012/08/15,0,0,-184000,-184000
2012/08/16,0,0,-5000,-5000
2012/08/17,0,0,-119529,-119529
2012/08/20,0,6000,-5000,1000
2012/08/21,0,0,-2000,-2000
2012/08/22,0,0,-4000,-4000
2012/08/23,0,2500,-21000,-18500
2012/08/24,0,0,0,0
2012/08/27,0,2000,-3000,-1000
2012/08/28,0,0,0,0
2012/08/29,0,0,-73000,-73000
2012/08/30,0,0,-1000,-1000
2012/08/31,0,8000,-12000,-4000
2012/09/03,0,0,-5000,-5000
2012/09/04,0,0,0,0
2012/09/05,0,1000,-402000,-401000
2012/09/06,0,3000,0,3000
2012/09/07,0,243000,-2000,241000
2012/09/10,0,110000,0,110000
2012/09/11,0,90000,0,90000
2012/09/12,0,221500,0,221500
2012/09/13,0,52000,0,52000
2012/09/14,0,150000,0,150000
2012/09/17,0,31000,-2000,29000
2012/09/18,0,50000,-33000,17000
2012/09/19,0,118000,-6000,112000
2012/09/20,0,650000,-564000,86000
2012/09/21,0,113000,-20000,93000
2012/09/24,0,53000,-9000,44000
2012/09/25,0,80000,0,80000
2012/09/26,0,120000,-16270,103730
2012/09/27,0,2000,-1000,1000
2012/09/28,0,53000,-1000,52000
2012/10/01,0,101000,0,101000
2012/10/02,0,415000,0,415000
2012/10/03,0,0,0,0
2012/10/04,0,20000,0,20000
2012/10/05,0,0,-1000,-1000
2012/10/08,0,0,0,0
2012/10/09,0,100000,0,100000
2012/10/10,0,0,0,0
2012/10/11,0,0,0,0
2012/10/12,0,1000000,-3000,997000
2012/10/15,0,845000,0,845000
2012/10/16,0,0,0,0
2012/10/17,0,558000,0,558000
2012/10/18,0,629000,0,629000
2012/10/19,0,0,0,0
2012/10/22,0,0,0,0
2012/10/23,0,6500,-32000,-25500
2012/10/24,0,967000,0,967000
2012/10/25,0,611000,-248000,363000
2012/10/26,0,55000,0,55000
2012/10/29,0,4000,0,4000
2012/10/30,0,239000,0,239000
2012/10/31,0,242000,-4000,238000
2012/11/01,0,0,0,0
2012/11/02,0,5000,-12000,-7000
2012/11/05,0,0,-3000,-3000
2012/11/06,0,0,0,0
2012/11/07,0,0,0,0
2012/11/08,0,0,0,0
2012/11/09,0,0,-209000,-209000
2012/11/12,0,0,-213000,-213000
2012/11/13,0,2000,-180000,-178000
2012/11/14,0,600000,0,600000
2012/11/15,0,111000,-184000,-73000
2012/11/16,0,7000,-865,6135
2012/11/19,0,0,0,0
2012/11/20,0,200000,0,200000
2012/11/21,0,0,-100000,-100000
2012/11/22,0,0,-108000,-108000
2012/11/23,0,0,-55000,-55000
2012/11/26,0,30000,-100000,-70000
2012/11/27,0,0,-7000,-7000
2012/11/28,0,150000,-117000,33000
2012/11/29,0,0,0,0
2012/11/30,0,764000,-157000,607000
2012/12/03,0,200000,0,200000
2012/12/04,0,30000,-3000,27000
2012/12/05,0,0,-2000,-2000
2012/12/06,0,0,-362000,-362000
2012/12/07,0,0,-100000,-100000
2012/12/10,0,0,-118000,-118000
2012/12/11,0,0,-190000,-190000
2012/12/12,0,0,-670000,-670000
2012/12/13,0,0,-133100,-133100
2012/12/14,0,0,-2000,-2000
2012/12/17,0,0,-8000,-8000
2012/12/18,0,0,-401000,-401000
2012/12/19,0,0,-152000,-152000
2012/12/20,0,0,-11000,-11000
2012/12/21,0,570000,-42500,527500
2012/12/24,0,316000,0,316000
2012/12/25,0,86000,0,86000
2012/12/26,0,0,0,0
2012/12/27,0,0,0,0
2012/12/28,0,0,-181000,-181000
2012/12/31,0,0,0,0
2013/01/01,0,0,0,0
2013/01/02,0,0,0,0
2013/01/03,0,0,-3000,-3000
2013/01/04,0,465000,-701000,-236000
2013/01/07,0,0,-14000,-14000
2013/01/08,0,462000,0,462000
2013/01/09,0,775000,-7000,768000
2013/01/10,0,0,0,0
2013/01/11,0,668000,0,668000
2013/01/14,0,70000,0,70000
2013/01/15,0,124000,0,124000
2013/01/16,0,2000,-5000,-3000
2013/01/17,0,5834,-3000,2834
2013/01/18,0,590000,-7000,583000
2013/01/21,0,0,-4000,-4000
2013/01/22,0,0,-5000,-5000
2013/01/23,0,2108000,-3000,2105000
2013/01/24,0,1650000,-6000,1644000
2013/01/25,0,1792000,-2000,1790000
2013/01/28,0,2078000,0,2078000
2013/01/29,0,794000,-1000,793000
2013/01/30,0,1091000,-864000,227000
2013/01/31,0,3738000,-1000,3737000
2013/02/01,0,1829000,0,1829000
2013/02/04,0,441000,-48000,393000
2013/02/05,0,338000,-72000,266000
2013/02/06,0,1314000,-37000,1277000
2013/02/07,0,0,0,0
2013/02/08,0,0,0,0
2013/02/11,0,0,0,0
2013/02/12,0,0,0,0
2013/02/13,0,0,0,0
2013/02/14,0,0,0,0
2013/02/15,0,0,0,0
2013/02/18,0,996000,-270000,726000
2013/02/19,0,530000,-3000,527000
2013/02/20,0,1192000,0,1192000
2013/02/21,0,840000,-603000,237000
2013/02/22,0,30000,-169000,-139000
2013/02/25,0,557000,-300000,257000
2013/02/26,0,0,-301000,-301000
2013/02/27,0,0,0,0
2013/02/28,0,0,0,0
2013/03/01,0,0,0,0
2013/03/04,0,384000,-99000,285000
2013/03/05,0,543000,-600000,-57000
2013/03/06,0,300000,-10000,290000
2013/03/07,0,50000,-307000,-257000
2013/03/08,0,233000,-166000,67000
2013/03/11,0,232000,-153000,79000
2013/03/12,0,0,-526000,-526000
2013/03/13,0,0,-389000,-389000
2013/03/14,0,597000,-206000,391000
2013/03/15,0,1061000,-668000,393000
2013/03/18,0,226000,-5000,221000
2013/03/19,0,1478000,0,1478000
2013/03/20,0,1824000,-2000,1822000
2013/03/21,0,1041000,0,1041000
2013/03/22,0,202000,-3000,199000
2013/03/25,0,286000,0,286000
2013/03/26,0,275000,-32000,243000
2013/03/27,0,1008000,-185000,823000
2013/03/28,0,857000,-64000,793000
2013/03/29,0,0,-130000,-130000
2013/04/01,0,1234000,-2000,1232000
2013/04/02,0,970000,-106000,864000
2013/04/03,0,880000,-60000,820000
2013/04/04,0,0,0,0
2013/04/05,0,0,0,0
2013/04/08,0,167000,-4000,163000
2013/04/09,0,1073000,-2000,1071000
2013/04/10,0,273000,0,273000
2013/04/11,0,28000,0,28000
2013/04/12,0,65000,-1000,64000
2013/04/15,0,890000,-2000,888000
2013/04/16,0,100000,-330000,-230000
2013/04/17,0,296000,-5000,291000
2013/04/18,0,482000,0,482000
2013/04/19,0,447000,-3190,443810
2013/04/22,0,592000,-8000,584000
2013/04/23,0,1011000,-6000,1005000
2013/04/24,0,979000,-2000,977000
2013/04/25,0,944000,-5000,939000
2013/04/26,0,90000,-45000,45000
2013/04/29,0,224000,-82000,142000
2013/04/30,0,0,-310000,-310000
2013/05/01,0,0,0,0
2013/05/02,0,157000,0,157000
2013/05/03,0,661000,-11000,650000
2013/05/06,0,505000,-4000,501000
2013/05/07,0,58000,-18000,40000
2013/05/08,0,158000,-1084000,-926000
2013/05/09,0,250000,-232000,18000
2013/05/10,0,379000,-172000,207000
2013/05/13,0,0,-480000,-480000
2013/05/14,0,0,-4934000,-4934000
2013/05/15,0,0,-2884173,-2884173
2013/05/16,0,7000,-847000,-840000
2013/05/17,0,250000,-1544000,-1294000
2013/05/20,0,0,-2502000,-2502000
2013/05/21,0,14000,-1092000,-1078000
2013/05/22,0,0,-131000,-131000
2013/05/23,0,60000,-392000,-332000
2013/05/24,0,0,-1257000,-1257000
2013/05/27,0,0,-224000,-224000
2013/05/28,0,4000,-2715000,-2711000
2013/05/29,0,0,-3064000,-3064000
2013/05/30,0,0,-896000,-896000
2013/05/31,0,0,-1594000,-1594000
2013/06/03,0,0,-389000,-389000
2013/06/04,0,0,-747000,-747000
2013/06/05,0,0,-136000,-136000
2013/06/06,0,0,0,0
2013/06/07,0,0,-193000,-193000
2013/06/10,0,0,0,0
2013/06/11,0,0,-46000,-46000
2013/06/12,0,0,0,0
2013/06/13,0,0,-43000,-43000
2013/06/14,0,111000,-96000,15000
2013/06/17,0,109000,-223000,-114000
2013/06/18,0,0,-358000,-358000
2013/06/19,0,0,0,0
2013/06/20,0,0,0,0
2013/06/21,0,10000,-77000,-67000
2013/06/24,0,18000,-35000,-17000
2013/06/25,0,0,0,0
2013/06/26,0,11000,-305000,-294000
2013/06/27,0,22000,0,22000
2013/06/28,0,21000,-1000,20000
2013/07/01,0,0,-229000,-229000
2013/07/02,0,17000,-99000,-82000
2013/07/03,0,0,-561675,-561675
2013/07/04,0,40000,-10000,30000
2013/07/05,0,1000,-95000,-94000
2013/07/08,0,0,-244000,-244000
2013/07/09,0,0,-285000,-285000
2013/07/10,0,0,-322000,-322000
2013/07/11,0,1902,-579000,-577098
2013/07/12,0,0,-6000,-6000
2013/07/15,0,0,-1000,-1000
2013/07/16,0,0,-504850,-504850
2013/07/17,0,0,0,0
2013/07/18,0,0,-192000,-192000
2013/07/19,0,1000,-105000,-104000
2013/07/22,0,10000,0,10000
2013/07/23,0,251000,-365000,-114000
2013/07/24,0,1000,0,1000
2013/07/25,0,1001000,-50000,951000
2013/07/26,0,1686000,0,1686000
2013/07/29,0,1200000,-210000,990000
2013/07/30,0,1087000,-519000,568000
2013/07/31,0,0,-2000,-2000
2013/08/01,0,0,0,0
2013/08/02,0,200000,0,200000
2013/08/05,0,12000,-100000,-88000
2013/08/06,0,0,-104000,-104000
2013/08/07,0,0,0,0
2013/08/08,0,0,-50000,-50000
2013/08/09,0,0,0,0
2013/08/12,0,0,-25000,-25000
2013/08/13,0,100000,-111000,-11000
2013/08/14,0,1003000,0,1003000
2013/08/15,0,1000,-4000,-3000
2013/08/16,0,275000,-1000,274000
2013/08/19,0,111000,0,111000
2013/08/20,0,529000,-489000,40000
2013/08/21,0,0,0,0
2013/08/22,0,313000,-150000,163000
2013/08/23,0,226000,0,226000
2013/08/26,0,10000,0,10000
2013/08/27,0,0,-479000,-479000
2013/08/28,0,705000,0,705000
2013/08/29,0,0,0,0
2013/08/30,0,104000,0,104000
2013/09/02,0,0,0,0
2013/09/03,0,0,-113827,-113827
2013/09/04,0,0,-381000,-381000
2013/09/05,0,107000,-1811000,-1704000
2013/09/06,0,4000,-50000,-46000
2013/09/09,0,110000,-505000,-395000
2013/09/10,0,532000,0,532000
2013/09/11,0,276000,0,276000
2013/09/12,0,489000,0,489000
2013/09/13,0,57000,-1000,56000
2013/09/16,0,2000,0,2000
2013/09/17,0,0,0,0
2013/09/18,0,4000,-777000,-773000
2013/09/19,0,0,0,0
2013/09/20,0,0,0,0
2013/09/23,0,135000,-7675,127325
2013/09/24,0,748000,-4648,743352
2013/09/25,0,105000,-945,104055
2013/09/26,0,2000,-2518,-518
2013/09/27,0,0,-137682,-137682
2013/09/30,0,1000,-1000,0
2013/10/01,0,1000,0,1000
2013/10/02,0,0,-865129,-865129
2013/10/03,0,3000,-400000,-397000
2013/10/04,0,0,-1000,-1000
2013/10/07,0,1000,-1000,0
2013/10/08,0,0,0,0
2013/10/09,0,360000,0,360000
2013/10/10,0,0,0,0
2013/10/11,0,0,0,0
2013/10/14,0,0,-14000,-14000
2013/10/15,0,0,0,0
2013/10/16,0,0,0,0
2013/10/17,0,0,-31000,-31000
2013/10/18,0,0,-1000,-1000
2013/10/21,0,0,0,0
2013/10/22,0,0,-7000,-7000
2013/10/23,0,0,-7000,-7000
2013/10/24,0,0,0,0
2013/10/25,0,0,-252245,-252245
2013/10/28,0,0,-47000,-47000
2013/10/29,0,0,-69000,-69000
2013/10/30,0,0,-94000,-94000
2013/10/31,0,0,-73000,-73000
2013/11/01,0,0,-2000,-2000
2013/11/04,0,0,0,0
2013/11/05,0,0,0,0
2013/11/06,0,0,-56000,-56000
2013/11/07,0,0,-75000,-75000
2013/11/08,0,0,0,0
2013/11/11,0,0,0,0
2013/11/12,0,0,-2000,-2000
2013/11/13,0,0,-405000,-405000
2013/11/14,0,0,-1668000,-1668000
2013/11/15,0,0,-2000,-2000
2013/11/18,0,0,-1048000,-1048000
2013/11/19,0,0,-337106,-337106
2013/11/20,0,0,-614000,-614000
2013/11/21,0,0,-275023,-275023
2013/11/22,0,0,-743187,-743187
2013/11/25,0,973,0,973
2013/11/26,0,0,-251743,-251743
2013/11/27,0,0,-114000,-114000
2013/11/28,0,0,-100000,-100000
2013/11/29,0,6000,-364145,-358145
2013/12/02,0,0,-543325,-543325
2013/12/03,0,0,-927000,-927000
2013/12/04,0,0,-1443000,-1443000
2013/12/05,0,0,-957000,-957000
2013/12/06,0,0,-1053920,-1053920
2013/12/09,0,0,-66000,-66000
2013/12/10,0,0,-101444,-101444
2013/12/11,0,0,0,0
2013/12/12,0,0,-51000,-51000
2013/12/13,0,0,-50000,-50000
2013/12/16,0,0,-280224,-280224
2013/12/17,0,0,0,0
2013/12/18,0,0,-1000,-1000
2013/12/19,0,0,0,0
2013/12/20,0,116000,0,116000
2013/12/23,0,0,0,0
2013/12/24,0,0,-8000,-8000
2013/12/25,0,0,-7000,-7000
2013/12/26,0,0,-1000,-1000
2013/12/27,0,6000,0,6000
2013/12/30,0,0,-353628,-353628
2013/12/31,0,0,-3000,-3000
2014/01/02,0,0,-43000,-43000
2014/01/03,0,0,-940079,-940079
2014/01/06,0,0,-1821059,-1821059
2014/01/07,0,0,-3000,-3000
2014/01/08,0,0,0,0
2014/01/09,0,0,-401000,-401000
2014/01/10,0,3000,-258000,-255000
2014/01/13,0,0,-130000,-130000
2014/01/14,0,1000,-139000,-138000
2014/01/15,0,0,-1002000,-1002000
2014/01/16,0,0,-772000,-772000
2014/01/17,0,0,-1159000,-1159000
2014/01/20,0,0,-1120537,-1120537
2014/01/21,0,0,-193946,-193946
2014/01/22,0,46000,-4000,42000
2014/01/23,0,0,0,0
2014/01/24,0,0,-34000,-34000
2014/01/27,0,0,-1000,-1000
2014/02/05,0,0,0,0
2014/02/06,0,0,0,0
2014/02/07,0,0,0,0
2014/02/10,0,2000,0,2000
2014/02/11,0,1550000,-1000,1549000
2014/02/12,0,0,0,0
2014/02/13,0,25000,-2420,22580
2014/02/14,0,900000,0,900000
2014/02/17,0,0,0,0
2014/02/18,0,0,0,0
2014/02/19,0,0,-8000,-8000
2014/02/20,0,0,-7000,-7000
2014/02/21,0,6000,-2000,4000
2014/02/24,0,0,-11000,-11000
2014/02/25,0,0,0,0
2014/02/26,0,0,0,0
2014/02/27,0,0,-2000,-2000
2014/03/03,0,0,-95643,-95643
2014/03/04,0,0,-991000,-991000
2014/03/05,0,0,0,0
2014/03/06,0,0,-503932,-503932
2014/03/07,0,0,-1901000,-1901000
2014/03/10,0,0,-6000,-6000
2014/03/11,0,0,-2000,-2000
2014/03/12,0,0,-1000,-1000
2014/03/13,0,0,0,0
2014/03/14,0,3000,-1001000,-998000
2014/03/17,0,0,-1001000,-1001000
2014/03/18,0,0,0,0
2014/03/19,0,0,0,0
2014/03/20,0,0,-1109960,-1109960
2014/03/21,0,852000,-444111,407889
2014/03/24,0,45000,0,45000
2014/03/25,0,368000,0,368000
2014/03/26,0,178000,0,178000
2014/03/27,0,32000,0,32000
2014/03/28,0,35000,-2000,33000
2014/03/31,0,40000,0,40000
2014/04/01,0,200000,-22000,178000
2014/04/02,0,0,0,0
2014/04/03,0,0,-4000,-4000
2014/04/07,0,0,-6000,-6000
2014/04/08,0,0,0,0
2014/04/09,0,0,0,0
2014/04/10,0,9830,-231000,-221170
2014/04/11,0,0,0,0
2014/04/14,0,0,0,0
2014/04/15,0,0,0,0
2014/04/16,0,0,0,0
2014/04/17,0,116000,-1000,115000
2014/04/18,0,100000,-1000,99000
2014/04/21,0,100000,-7000,93000
2014/04/22,0,0,-1000,-1000
2014/04/23,0,0,-2000,-2000
2014/04/24,0,0,0,0
2014/04/25,0,50000,0,50000
2014/04/28,0,0,0,0
2014/04/29,0,0,0,0
2014/04/30,0,6000,-10000,-4000
2014/05/02,0,0,0,0
2014/05/05,0,0,0,0
2014/05/06,0,0,0,0
2014/05/07,0,4000,0,4000
2014/05/08,0,0,0,0
2014/05/09,0,0,-9000,-9000
2014/05/12,0,0,0,0
2014/05/13,0,50000,-1000,49000
2014/05/14,0,140000,-145000,-5000
2014/05/15,0,0,-50842,-50842
2014/05/16,0,22000,0,22000
2014/05/19,0,0,-1000,-1000
2014/05/20,0,0,0,0
2014/05/21,0,0,0,0
2014/05/22,0,32000,0,32000
2014/05/23,0,61000,0,61000
2014/05/26,0,0,-51000,-51000
2014/05/27,0,0,-66000,-66000
2014/05/28,0,59000,-4000,55000
2014/05/29,0,0,0,0
2014/05/30,0,0,-2000,-2000
2014/06/03,0,0,0,0
2014/06/04,0,0,0,0
2014/06/05,0,31000,-84000,-53000
2014/06/06,0,0,-1000,-1000
2014/06/09,0,0,-1000,-1000
2014/06/10,0,4000,-6000,-2000
2014/06/11,0,28000,-9000,19000
2014/06/12,0,0,-22000,-22000
2014/06/13,0,0,-7000,-7000
2014/06/16,0,0,-1000,-1000
2014/06/17,0,0,0,0
2014/06/18,0,0,0,0
2014/06/19,0,0,0,0
2014/06/20,0,35000,-133000,-98000
2014/06/23,0,0,0,0
2014/06/24,0,83000,-306000,-223000
2014/06/25,0,83000,-3000,80000
2014/06/26,0,83000,0,83000
2014/06/27,0,84000,-35000,49000
2014/06/30,0,85000,-49000,36000
2014/07/01,0,60000,-87000,-27000
2014/07/02,0,60000,-30021,29979
2014/07/03,0,62000,0,62000
2014/07/04,0,260000,0,260000
2014/07/07,0,291000,0,291000
2014/07/08,0,150000,-22000,128000
2014/07/09,0,0,0,0
2014/07/10,0,100000,0,100000
2014/07/11,0,0,0,0
2014/07/14,0,0,0,0
2014/07/15,0,48000,-37000,11000
2014/07/16,0,48000,0,48000
2014/07/17,0,61000,0,61000
2014/07/18,0,49000,0,49000
2014/07/21,0,49000,0,49000
2014/07/22,0,77000,0,77000
2014/07/23,0,0,0,0
2014/07/24,0,4000,0,4000
2014/07/25,0,4000,0,4000
2014/07/28,0,0,0,0
2014/07/29,0,3000,0,3000
2014/07/30,0,63000,-1000,62000
2014/07/31,0,19000,0,19000
2014/08/01,0,16000,0,16000
2014/08/04,0,110000,0,110000
2014/08/05,0,60000,0,60000
2014/08/06,0,5000,0,5000
2014/08/07,0,52000,-323000,-271000
2014/08/08,0,35000,0,35000
2014/08/11,0,9000,0,9000
2014/08/12,0,18000,-357000,-339000
2014/08/13,0,9000,0,9000
2014/08/14,0,11000,0,11000
2014/08/15,0,5000,-6000,-1000
2014/08/18,0,1000,0,1000
2014/08/19,0,4000,0,4000
2014/08/20,0,11000,0,11000
2014/08/21,0,3000,-9000,-6000
2014/08/22,0,0,0,0
2014/08/25,0,3000,-18340,-15340
2014/08/26,0,103000,0,103000
2014/08/27,0,15000,0,15000
2014/08/28,0,16000,-5000,11000
2014/08/29,0,9000,0,9000
2014/09/01,0,0,0,0
2014/09/02,0,0,0,0
2014/09/03,0,24000,0,24000
2014/09/04,0,194000,-31000,163000
2014/09/05,0,10000,0,10000
2014/09/09,0,122000,0,122000
2014/09/10,0,100000,0,100000
2014/09/11,0,18000,0,18000
2014/09/12,0,26000,0,26000
2014/09/15,0,0,-11402,-11402
2014/09/16,0,4000,-40000,-36000
2014/09/17,0,7000,-212000,-205000
2014/09/18,0,0,0,0
2014/09/19,0,0,-494000,-494000
2014/09/22,0,13127,-74000,-60873
2014/09/23,0,6000,0,6000
2014/09/24,0,2000,-50000,-48000
2014/09/25,0,0,-123000,-123000
2014/09/26,0,0,-1005,-1005
2014/09/29,0,0,0,0
2014/09/30,0,248000,0,248000
2014/10/01,0,0,0,0
2014/10/02,0,5000,-50000,-45000
2014/10/03,0,0,-56000,-56000
2014/10/06,0,6000,-4000,2000
2014/10/07,0,1000,0,1000
2014/10/08,0,35000,0,35000
2014/10/09,0,0,-70,-70
2014/10/13,0,0,0,0
2014/10/14,0,500,0,500
2014/10/15,0,3000,-50000,-47000
2014/10/16,0,0,-45000,-45000
2014/10/17,0,3000,0,3000
2014/10/20,0,37000,0,37000
2014/10/21,0,0,-1000,-1000
2014/10/22,0,0,0,0
2014/10/23,0,0,-2000,-2000
2014/10/24,0,0,-50000,-50000
2014/10/27,0,0,-1000,-1000
2014/10/28,0,0,-123000,-123000
2014/10/29,0,4000,-75000,-71000
2014/10/30,0,98000,0,98000
2014/10/31,0,21000,-2000,19000
2014/11/03,0,0,-3000,-3000
2014/11/04,0,0,0,0
2014/11/05,0,0,0,0
2014/11/06,0,0,-21000,-21000
2014/11/07,0,0,-22000,-22000
2014/11/10,0,0,-13000,-13000
2014/11/11,0,17000,-456526,-439526
2014/11/12,0,7000,0,7000
2014/11/13,0,0,0,0
2014/11/14,0,0,0,0
2014/11/17,0,0,-19000,-19000
2014/11/18,0,1000,0,1000
2014/11/19,0,278000,0,278000
2014/11/20,0,3000,0,3000
2014/11/21,0,5000,0,5000
2014/11/24,0,0,0,0
2014/11/25,0,201000,0,201000
2014/11/26,0,37000,0,37000
2014/11/27,0,0,-5000,-5000
2014/11/28,0,0,0,0
2014/12/01,0,0,0,0
2014/12/02,0,466000,0,466000
2014/12/03,0,33000,0,33000
2014/12/04,0,0,0,0
2014/12/05,0,35000,-8000,27000
2014/12/08,0,0,-2000,-2000
2014/12/09,0,0,0,0
2014/12/10,0,0,-6000,-6000
2014/12/11,0,0,-34131,-34131
2014/12/12,0,0,0,0
2014/12/15,0,0,-50000,-50000
2014/12/16,0,0,-326000,-326000
2014/12/17,0,19000,-222000,-203000
2014/12/18,0,0,0,0
2014/12/19,0,76000,0,76000
2014/12/22,0,0,0,0
2014/12/23,0,0,0,0
2014/12/24,0,40000,0,40000
2014/12/25,0,0,0,0
2014/12/26,0,0,0,0
2014/12/29,0,20000,-4000,16000
2014/12/30,0,10000,-2000,8000
2014/12/31,0,66000,0,66000
2015/01/01,0,0,0,0
2015/01/02,0,0,0,0
2015/01/05,0,514000,0,514000
2015/01/06,0,350000,0,350000
2015/01/07,0,175000,-1000,174000
2015/01/08,0,459000,0,459000
2015/01/09,0,229000,0,229000
2015/01/12,0,193000,0,193000
2015/01/13,0,1048000,0,1048000
2015/01/14,0,231000,-2000,229000
2015/01/15,0,0,0,0
2015/01/16,0,247000,0,247000
2015/01/19,0,0,-1000,-1000
2015/01/20,0,460000,0,460000
2015/01/21,0,0,0,0
2015/01/22,0,0,-7000,-7000
2015/01/23,0,0,-29000,-29000
2015/01/26,0,0,0,0
2015/01/27,0,0,0,0
2015/01/28,0,0,0,0
2015/01/29,0,0,0,0
2015/01/30,0,0,-1000,-1000
2015/02/02,0,0,0,0
2015/02/03,0,0,0,0
2015/02/04,0,70000,0,70000
2015/02/05,0,0,0,0
2015/02/06,0,0,0,0
2015/02/09,0,5000,0,5000
2015/02/10,0,0,0,0
2015/02/11,0,0,-91000,-91000
2015/02/12,0,0,-2000,-2000
2015/02/13,0,0,-6000,-6000
2015/02/16,0,0,0,0
2015/02/17,0,0,0,0
2015/02/18,0,0,0,0
2015/02/19,0,0,0,0
2015/02/20,0,0,0,0
2015/02/23,0,0,0,0
2015/02/24,0,0,0,0
2015/02/25,0,39000,-27000,12000
2015/02/26,0,236000,-8000,228000
2015/02/27,0,0,0,0
2015/03/02,0,0,0,0
2015/03/03,0,0,-51000,-51000
2015/03/04,0,77000,-50000,27000
2015/03/05,0,375000,-418000,-43000
2015/03/06,0,365000,-553000,-188000
2015/03/09,0,0,-330000,-330000
2015/03/10,0,0,-10000,-10000
2015/03/11,0,0,0,0
2015/03/12,0,192817,0,192817
2015/03/13,0,0,0,0
2015/03/16,0,0,-685000,-685000
2015/03/17,0,80000,-122000,-42000
2015/03/18,0,0,0,0
2015/03/19,0,0,-45000,-45000
2015/03/20,0,1108000,-50000,1058000
2015/03/23,0,750000,-7000,743000
2015/03/24,0,0,-36000,-36000
2015/03/25,0,0,-433000,-433000
2015/03/26,0,61000,-15000,46000
2015/03/27,0,66000,-20000,46000
2015/03/30,0,66000,0,66000
2015/03/31,0,0,-265000,-265000
2015/04/01,0,0,0,0
2015/04/02,0,0,0,0
2015/04/03,0,0,0,0
2015/04/06,0,0,0,0
2015/04/07,0,0,-19000,-19000
2015/04/08,0,0,-24000,-24000
2015/04/09,0,0,-21000,-21000
2015/04/10,0,46000,-19000,27000
2015/04/13,0,0,0,0
2015/04/14,0,0,-126000,-126000
2015/04/15,0,3000,-303000,-300000
2015/04/16,0,0,-400000,-400000
2015/04/17,0,503000,-158000,345000
2015/04/20,0,0,-332000,-332000
2015/04/21,0,0,-35000,-35000
2015/04/22,0,332000,-188000,144000
2015/04/23,0,0,0,0
2015/04/24,0,0,-1000,-1000
2015/04/27,0,35000,0,35000
2015/04/28,0,163000,0,163000
2015/04/29,0,0,-4000,-4000
2015/04/30,0,0,0,0
2015/05/01,0,0,0,0
2015/05/04,0,0,-16000,-16000
2015/05/05,0,0,-1000,-1000
2015/05/06,0,0,0,0
2015/05/07,0,0,0,0
2015/05/08,0,0,0,0
2015/05/11,0,0,0,0
2015/05/12,0,0,0,0
2015/05/13,0,0,0,0
2015/05/14,0,86000,0,86000
2015/05/15,0,0,-17000,-17000
2015/05/18,0,57000,0,57000
2015/05/19,0,0,0,0
2015/05/20,0,3000,0,3000
2015/05/21,0,0,0,0
2015/05/22,0,0,0,0
2015/05/25,0,0,0,0
2015/05/26,0,0,0,0
2015/05/27,0,0,0,0
2015/05/28,0,131000,0,131000
2015/05/29,0,0,-1000,-1000
2015/06/01,0,0,0,0
2015/06/02,0,0,0,0
2015/06/03,0,0,0,0
2015/06/04,0,0,-334910,-334910
2015/06/05,0,8000,-2000,6000
2015/06/08,0,0,-276000,-276000
2015/06/09,0,0,-302000,-302000
2015/06/10,0,0,-366000,-366000
2015/06/11,0,0,0,0
2015/06/12,0,0,-9000,-9000
2015/06/15,0,0,0,0
2015/06/16,0,0,0,0
2015/06/17,0,0,0,0
2015/06/18,0,94000,-2000,92000
2015/06/19,0,0,0,0
2015/06/22,0,8000,-9000,-1000
2015/06/23,0,23000,-750000,-727000
2015/06/24,0,0,-19000,-19000
2015/06/25,0,47000,-2000,45000
2015/06/26,0,28000,-1000,27000
2015/06/29,0,0,-1000,-1000
2015/06/30,0,0,0,0
2015/07/01,0,0,-720000,-720000
2015/07/02,0,8000,0,8000
2015/07/03,0,0,0,0
2015/07/06,0,0,0,0
2015/07/07,0,0,0,0
2015/07/08,0,0,0,0
2015/07/09,0,65000,-6000,59000
2015/07/10,0,0,0,0
2015/07/13,0,0,-25000,-25000
2015/07/14,0,0,0,0
2015/07/15,0,11000,0,11000
2015/07/16,0,0,0,0
2015/07/17,0,0,-93000,-93000
2015/07/20,0,0,-6000,-6000
2015/07/21,0,1000,-166000,-165000
2015/07/22,0,0,0,0
2015/07/23,0,18000,0,18000
2015/07/24,0,45000,0,45000
2015/07/27,0,0,0,0
2015/07/28,0,35000,0,35000
2015/07/29,0,15000,0,15000
2015/07/30,0,10000,0,10000
2015/07/31,0,1000,0,1000
2015/08/03,0,52000,0,52000
2015/08/04,0,29000,0,29000
2015/08/05,0,23000,0,23000
2015/08/06,0,28000,0,28000
2015/08/07,0,67000,-310000,-243000
2015/08/10,0,35000,0,35000
2015/08/11,0,3000,0,3000
2015/08/12,0,45000,-306000,-261000
2015/08/13,0,6000,0,6000
2015/08/14,0,0,0,0
2015/08/17,0,1000,0,1000
2015/08/18,0,1000,0,1000
2015/08/19,0,1000,-49000,-48000
2015/08/20,0,1000,-9000,-8000
2015/08/21,0,2000,0,2000
2015/08/24,0,0,0,0
2015/08/25,0,305,0,305
2015/08/26,0,79000,0,79000
2015/08/27,0,0,-8000,-8000
2015/08/28,0,2000,0,2000
2015/08/31,0,18000,-15000,3000
2015/09/01,0,46000,-14000,32000
2015/09/02,0,51000,0,51000
2015/09/03,0,27000,0,27000
2015/09/04,0,2000,-1000,1000
2015/09/07,0,16000,0,16000
2015/09/08,0,7000,0,7000
2015/09/09,0,1000,0,1000
2015/09/10,0,0,0,0
2015/09/11,0,7000,-20000,-13000
2015/09/14,0,4000,0,4000
2015/09/15,0,4000,0,4000
2015/09/16,0,0,-209520,-209520
2015/09/17,0,0,-260000,-260000
2015/09/18,0,0,-1550000,-1550000
2015/09/21,0,15000,-1000,14000
2015/09/22,0,2881,-1000,1881
2015/09/23,0,0,0,0
2015/09/24,0,0,0,0
2015/09/25,0,0,0,0
2015/09/28,0,0,0,0
2015/09/29,0,0,0,0
2015/09/30,0,0,0,0
2015/10/01,0,4000,-15000,-11000
2015/10/02,0,12000,0,12000
2015/10/05,0,2000,0,2000
2015/10/06,0,2000,0,2000
2015/10/07,0,103000,0,103000
2015/10/08,0,0,0,0
2015/10/09,0,0,0,0
2015/10/12,0,0,0,0
2015/10/13,0,0,0,0
2015/10/14,0,0,0,0
2015/10/15,0,0,0,0
2015/10/16,0,5000,0,5000
2015/10/19,0,0,0,0
2015/10/20,0,100000,0,100000
2015/10/21,0,0,0,0
2015/10/22,0,0,0,0
2015/10/23,0,0,-208000,-208000
2015/10/26,0,0,0,0
2015/10/27,0,0,0,0
2015/10/28,0,0,0,0
2015/10/29,0,0,-1000,-1000
2015/10/30,0,0,-86873,-86873
2015/11/02,0,0,0,0
2015/11/03,0,4000,0,4000
2015/11/04,0,14000,-1815,12185
2015/11/05,0,0,0,0
2015/11/06,0,0,0,0
2015/11/09,0,51000,0,51000
2015/11/10,0,0,0,0
2015/11/11,0,0,0,0
2015/11/12,0,0,0,0
2015/11/13,0,0,0,0
2015/11/16,0,0,0,0
2015/11/17,0,0,0,0
2015/11/18,0,1000,0,1000
2015/11/19,0,90000,-27000,63000
2015/11/20,0,0,-2000,-2000
2015/11/23,0,0,-1000,-1000
2015/11/24,0,76000,0,76000
2015/11/25,0,0,0,0
2015/11/26,0,0,0,0
2015/11/27,0,0,0,0
2015/11/30,0,0,-148000,-148000
2015/12/01,0,22000,0,22000
2015/12/02,0,0,0,0
2015/12/03,0,0,-17000,-17000
2015/12/04,0,0,0,0
2015/12/07,0,0,0,0
2015/12/08,0,0,0,0
2015/12/09,0,0,0,0
2015/12/10,0,0,0,0
2015/12/11,0,0,0,0
2015/12/14,0,0,-2447,-2447
2015/12/15,0,0,0,0
2015/12/16,0,59000,0,59000
2015/12/17,0,58000,0,58000
2015/12/18,0,137000,-9000,128000
2015/12/21,0,27000,0,27000
2015/12/22,0,3000,0,3000
2015/12/23,0,0,0,0
2015/12/24,0,0,0,0
2015/12/25,0,0,0,0
2015/12/28,0,0,-25000,-25000
2015/12/29,0,0,-30000,-30000
2015/12/30,0,0,0,0
2015/12/31,0,0,0,0
2016/01/01,0,0,0,0
2016/01/04,0,0,-22000,-22000
2016/01/05,0,0,-2000,-2000
2016/01/06,0,0,0,0
2016/01/07,0,0,-231000,-231000
2016/01/08,0,0,0,0
2016/01/11,0,0,-563775,-563775
2016/01/12,0,0,-1000,-1000
2016/01/13,0,0,-1000,-1000
2016/01/14,0,163000,0,163000
2016/01/15,0,0,-5000,-5000
2016/01/18,0,0,0,0
2016/01/19,0,0,-4000,-4000
2016/01/20,0,0,-5000,-5000
2016/01/21,0,0,0,0
2016/01/22,0,0,0,0
2016/01/25,0,0,-2000,-2000
2016/01/26,0,0,-37000,-37000
2016/01/27,0,300000,0,300000
2016/01/28,0,0,0,0
2016/01/29,0,2000,0,2000
2016/02/01,0,0,0,0
2016/02/02,0,1705000,0,1705000
2016/02/03,0,570000,0,570000
2016/02/04,0,0,0,0
2016/02/05,0,0,0,0
2016/02/08,0,0,0,0
2016/02/09,0,0,0,0
2016/02/10,0,0,0,0
2016/02/11,0,0,0,0
2016/02/12,0,0,0,0
2016/02/15,0,0,-120754,-120754
2016/02/16,0,0,-180000,-180000
2016/02/17,0,1000,0,1000
2016/02/18,0,250000,0,250000
2016/02/19,0,0,-3000,-3000
2016/02/22,0,0,0,0
2016/02/23,0,0,0,0
2016/02/24,0,0,0,0
2016/02/25,0,0,-173000,-173000
2016/02/26,0,0,-1000,-1000
2016/02/29,0,0,0,0
2016/03/01,0,0,-138000,-138000
2016/03/02,0,0,-1000,-1000
2016/03/03,0,0,0,0
2016/03/04,0,0,0,0
2016/03/07,0,0,0,0
2016/03/08,0,22000,0,22000
2016/03/09,0,0,-11000,-11000
2016/03/10,0,0,-7000,-7000
2016/03/11,0,0,0,0
2016/03/14,0,0,-1470000,-1470000
2016/03/15,0,0,-810000,-810000
2016/03/16,0,0,-1000,-1000
2016/03/17,0,0,0,0
2016/03/18,0,19000,-673000,-654000
2016/03/21,0,199000,0,199000
2016/03/22,0,0,0,0
2016/03/23,0,0,0,0
2016/03/24,0,0,0,0
2016/03/25,0,0,0,0
2016/03/28,0,200000,0,200000
2016/03/29,0,0,0,0
2016/03/30,0,0,0,0
2016/03/31,0,0,0,0
2016/04/01,0,0,0,0
2016/04/04,0,0,0,0
2016/04/05,0,0,0,0
2016/04/06,0,0,0,0
2016/04/07,0,0,0,0
2016/04/08,0,0,0,0
2016/04/11,0,0,0,0
2016/04/12,0,0,-1000,-1000
2016/04/13,0,10000,-20000,-10000
2016/04/14,0,0,0,0
2016/04/15,0,159000,0,159000
2016/04/18,0,28000,0,28000
2016/04/19,0,151000,0,151000
2016/04/20,0,0,-1000,-1000
2016/04/21,0,0,0,0
2016/04/22,0,0,0,0
2016/04/25,0,0,-1000,-1000
2016/04/26,0,0,0,0
2016/04/27,0,0,0,0
2016/04/28,0,0,0,0
2016/04/29,0,0,0,0
2016/05/02,0,0,0,0
2016/05/03,0,0,-200000,-200000
2016/05/04,0,0,0,0
2016/05/05,0,0,0,0
2016/05/06,0,0,0,0
2016/05/09,0,0,0,0
2016/05/10,0,750,0,750
2016/05/11,0,0,0,0
2016/05/12,0,0,0,0
2016/05/13,0,0,0,0
2016/05/16,0,0,0,0
2016/05/17,0,0,0,0
2016/05/18,0,0,0,0
2016/05/19,0,19000,0,19000
2016/05/20,0,0,-2000,-2000
2016/05/23,0,28000,0,28000
2016/05/24,0,0,0,0
2016/05/25,0,0,0,0
2016/05/26,0,88000,-126000,-38000
2016/05/27,0,0,-270000,-270000
2016/05/30,0,24000,0,24000
2016/05/31,0,0,-1000,-1000
2016/06/01,0,8000,0,8000
2016/06/02,0,0,-7000,-7000
2016/06/03,0,0,-270000,-270000
2016/06/06,0,0,0,0
2016/06/07,0,0,0,0
2016/06/08,0,0,0,0
2016/06/09,0,0,0,0
2016/06/10,0,0,0,0
2016/06/13,0,0,-44000,-44000
2016/06/14,0,0,0,0
2016/06/15,0,0,-96000,-96000
2016/06/16,0,0,-15000,-15000
2016/06/17,0,89000,-31000,58000
2016/06/20,0,0,-4000,-4000
2016/06/21,0,0,0,0
2016/06/22,0,0,0,0
2016/06/23,0,0,0,0
2016/06/24,0,0,-37000,-37000
2016/06/27,0,0,-26000,-26000
2016/06/28,0,3000,-148000,-145000
2016/06/29,0,0,0,0
2016/06/30,0,0,0,0
2016/07/01,0,0,0,0
2016/07/04,0,10000,0,10000
2016/07/05,0,9000,-18000,-9000
2016/07/06,0,0,-19000,-19000
2016/07/07,0,0,0,0
2016/07/08,0,0,0,0
2016/07/11,0,0,0,0
2016/07/12,0,0,0,0
2016/07/13,0,0,0,0
2016/07/14,0,25000,-1000,24000
2016/07/15,0,0,-4000,-4000
2016/07/18,0,0,-96225,-96225
2016/07/19,0,22000,-1000,21000
2016/07/20,0,121000,-4000,117000
2016/07/21,0,1000,-32000,-31000
2016/07/22,0,31000,-6000,25000
2016/07/25,0,106000,0,106000
2016/07/26,0,36000,0,36000
2016/07/27,0,2000,-1000,1000
2016/07/28,0,0,-15000,-15000
2016/07/29,0,0,-4756,-4756
2016/08/01,0,0,0,0
2016/08/02,0,0,-2000,-2000
2016/08/03,0,6000,-3000,3000
2016/08/04,0,12000,-1000,11000
2016/08/05,0,0,-7000,-7000
2016/08/08,0,7000,-2000,5000
2016/08/09,0,141000,0,141000
2016/08/10,0,7000,0,7000
2016/08/11,0,2000,-1000,1000
2016/08/12,0,21000,-2000,19000
2016/08/15,0,19000,-202000,-183000
2016/08/16,0,0,-3000,-3000
2016/08/17,0,6000,0,6000
2016/08/18,0,0,-1000,-1000
2016/08/19,0,7000,-62000,-55000
2016/08/22,0,0,-3000,-3000
2016/08/23,0,8000,0,8000
2016/08/24,0,0,-2000,-2000
2016/08/25,0,4000,-82660,-78660
2016/08/26,0,0,0,0
2016/08/29,0,9000,0,9000
2016/08/30,0,28000,0,28000
2016/08/31,0,0,0,0
2016/09/01,0,45000,0,45000
2016/09/02,0,3000,0,3000
2016/09/05,0,0,-1000,-1000
2016/09/06,0,0,0,0
2016/09/07,0,4000,0,4000
2016/09/08,0,0,0,0
2016/09/09,0,0,0,0
2016/09/12,0,0,-35000,-35000
2016/09/13,0,0,-168000,-168000
2016/09/14,0,29000,-1160000,-1131000
2016/09/15,0,0,0,0
2016/09/16,0,0,0,0
2016/09/19,0,0,0,0
2016/09/20,0,0,-130000,-130000
2016/09/21,0,0,0,0
2016/09/22,0,0,0,0
2016/09/23,0,0,-4000,-4000
2016/09/26,0,0,0,0
2016/09/27,0,0,0,0
2016/09/28,0,0,0,0
2016/09/29,0,0,0,0
2016/09/30,0,28076,0,28076
2016/10/03,0,0,-59,-59
2016/10/04,0,0,0,0
2016/10/05,0,0,0,0
2016/10/06,0,0,0,0
2016/10/07,0,231000,-648,230352
2016/10/10,0,0,0,0
2016/10/11,0,1000,0,1000
2016/10/12,0,0,0,0
2016/10/13,0,0,0,0
2016/10/14,0,0,0,0
2016/10/17,0,0,0,0
2016/10/18,0,110000,0,110000
2016/10/19,0,100000,0,100000
2016/10/20,0,5000,-412,4588
2016/10/21,0,3000,0,3000
2016/10/24,0,0,-7000,-7000
2016/10/25,0,0,-30000,-30000
2016/10/26,0,0,0,0
2016/10/27,0,0,0,0
2016/10/28,0,0,0,0
2016/10/31,0,0,-4000,-4000
2016/11/01,0,0,0,0
2016/11/02,0,157,0,157
2016/11/03,0,0,-58673,-58673
2016/11/04,0,0,-10000,-10000
2016/11/07,0,0,0,0
2016/11/08,0,0,0,0
2016/11/09,0,333000,0,333000
2016/11/10,0,0,0,0
2016/11/11,0,0,0,0
2016/11/14,0,586000,0,586000
2016/11/15,0,602000,0,602000
2016/11/16,0,8000,-487,7513
2016/11/17,0,0,0,0
2016/11/18,0,0,0,0
2016/11/21,0,379000,-95000,284000
2016/11/22,0,150000,0,150000
2016/11/23,0,0,0,0
2016/11/24,0,0,0,0
2016/11/25,0,0,0,0
2016/11/28,0,0,-200000,-200000
2016/11/29,0,0,-24000,-24000
2016/11/30,0,1000,0,1000
2016/12/01,0,73000,-3000,70000
2016/12/02,0,139000,0,139000
2016/12/05,0,0,0,0
2016/12/06,0,0,-40000,-40000
2016/12/07,0,0,-7000,-7000
2016/12/08,0,0,0,0
2016/12/09,0,0,0,0
2016/12/12,0,0,0,0
2016/12/13,0,0,-12000,-12000
2016/12/14,0,0,0,0
2016/12/15,0,3000,0,3000
2016/12/16,0,0,-143000,-143000
2016/12/19,0,0,0,0
2016/12/20,0,0,-70000,-70000
2016/12/21,0,0,0,0
2016/12/22,0,0,-1000,-1000
2016/12/23,0,0,0,0
2016/12/26,0,0,-73000,-73000
2016/12/27,0,0,0,0
2016/12/28,0,0,0,0
2016/12/29,0,0,0,0
2016/12/30,0,0,0,0
2017/01/02,0,0,0,0
2017/01/03,0,0,0,0
2017/01/04,0,0,0,0
2017/01/05,0,17000,0,17000
2017/01/06,0,54000,0,54000
2017/01/09,0,50000,0,50000
2017/01/10,0,50000,0,50000
2017/01/11,0,35000,0,35000
2017/01/12,0,0,-83000,-83000
2017/01/13,0,35000,0,35000
2017/01/16,0,0,-153000,-153000
2017/01/17,0,0,0,0
2017/01/18,0,0,-144000,-144000
2017/01/19,0,0,0,0
2017/01/20,0,0,-70000,-70000
2017/01/23,0,475,0,475
2017/01/24,0,2000,-100000,-98000
2017/01/25,0,0,0,0
2017/01/26,0,0,0,0
2017/01/27,0,0,0,0
2017/01/30,0,0,0,0
2017/01/31,0,0,0,0
2017/02/01,0,0,0,0
2017/02/02,0,0,-216000,-216000
2017/02/03,0,15000,0,15000
2017/02/06,0,0,-64000,-64000
2017/02/07,0,50000,-57000,-7000
2017/02/08,0,0,0,0
2017/02/09,0,1000,0,1000
2017/02/10,0,0,-115000,-115000
2017/02/13,0,0,-76000,-76000
2017/02/14,0,0,-282000,-282000
2017/02/15,0,50000,0,50000
2017/02/16,0,0,0,0
2017/02/17,0,8000,-40000,-32000
2017/02/20,0,0,0,0
2017/02/21,0,0,0,0
2017/02/22,0,0,0,0
2017/02/23,0,1000,0,1000
2017/02/24,0,0,0,0
2017/02/27,0,0,0,0
2017/02/28,0,0,0,0
2017/03/01,0,0,-10000,-10000
2017/03/02,0,0,0,0
2017/03/03,0,1000,-4000,-3000
2017/03/06,0,0,0,0
2017/03/07,0,64000,-326000,-262000
2017/03/08,0,64000,-16000,48000
2017/03/09,0,0,0,0
2017/03/10,0,0,0,0
2017/03/13,0,0,0,0
2017/03/14,0,0,-9000,-9000
2017/03/15,0,0,0,0
2017/03/16,0,20000,0,20000
2017/03/17,0,57000,-8000,49000
2017/03/20,0,37000,-86094,-49094
2017/03/21,0,5000,-12000,-7000
2017/03/22,0,0,0,0
2017/03/23,0,0,0,0
2017/03/24,0,0,-60000,-60000
2017/03/27,0,1000,0,1000
2017/03/28,0,0,0,0
2017/03/29,0,20000,0,20000
2017/03/30,0,15000,0,15000
2017/03/31,0,14000,0,14000
2017/04/03,0,0,0,0
2017/04/04,0,0,0,0
2017/04/05,0,0,-6000,-6000
2017/04/06,0,0,0,0
2017/04/07,0,145000,0,145000
2017/04/10,0,1000,-32158,-31158
2017/04/11,0,0,-14000,-14000
2017/04/12,0,0,0,0
2017/04/13,0,0,0,0
2017/04/14,0,0,-6000,-6000
2017/04/17,0,0,0,0
2017/04/18,0,0,0,0
2017/04/19,0,0,0,0
2017/04/20,0,1000,0,1000
2017/04/21,0,0,0,0
2017/04/24,0,0,0,0
2017/04/25,0,20000,-184,19816
2017/04/26,0,1000,-27000,-26000
2017/04/27,0,161000,0,161000
2017/04/28,0,230000,-36000,194000
2017/05/01,0,0,0,0
2017/05/02,0,100000,-52000,48000
2017/05/03,0,0,0,0
2017/05/04,0,0,-19000,-19000
2017/05/05,0,0,0,0
2017/05/08,0,0,0,0
2017/05/09,0,0,0,0
2017/05/10,0,0,0,0
2017/05/11,0,16000,-10000,6000
2017/05/12,0,0,-4000,-4000
2017/05/15,0,92000,0,92000
2017/05/16,0,271000,-1000,270000
2017/05/17,0,0,-5000,-5000
2017/05/18,0,0,-7000,-7000
2017/05/19,0,30000,0,30000
2017/05/22,0,0,-1000,-1000
2017/05/23,0,0,-5000,-5000
2017/05/24,0,0,0,0
2017/05/25,0,0,-2000,-2000
2017/05/26,0,0,-13000,-13000
2017/05/29,0,0,0,0
2017/05/30,0,0,0,0
2017/05/31,0,0,-1000,-1000
2017/06/01,0,0,0,0
2017/06/02,0,0,-9000,-9000
2017/06/05,0,0,-14000,-14000
2017/06/06,0,1000,-13000,-12000
2017/06/07,0,0,-3000,-3000
2017/06/08,0,0,-1000,-1000
2017/06/09,0,0,-3000,-3000
2017/06/12,0,0,0,0
2017/06/13,0,4000,0,4000
2017/06/14,0,3000,-1000,2000
2017/06/15,0,257000,0,257000
2017/06/16,0,562000,-14000,548000
2017/06/19,0,67000,-6000,61000
2017/06/20,0,3000,-6000,-3000
2017/06/21,0,5000,0,5000
2017/06/22,0,0,0,0
2017/06/23,0,0,-45000,-45000
2017/06/26,0,0,-3000,-3000
2017/06/27,0,1000,-2000,-1000
2017/06/28,0,2000,-3000,-1000
2017/06/29,0,0,-2000,-2000
2017/06/30,0,0,0,0
2017/07/03,0,1000,-8000,-7000
2017/07/04,0,2000,-11000,-9000
2017/07/05,0,20000,0,20000
2017/07/06,0,0,0,0
2017/07/07,0,0,0,0
2017/07/10,0,0,-4000,-4000
2017/07/11,0,0,-1000,-1000
2017/07/12,0,0,-5000,-5000
2017/07/13,0,0,-10000,-10000
2017/07/14,0,0,-5000,-5000
2017/07/17,0,264,0,264
2017/07/18,0,8000,-70000,-62000
2017/07/19,0,0,-78000,-78000
2017/07/20,0,1000,-165000,-164000
2017/07/21,0,0,-107000,-107000
2017/07/24,0,0,-132000,-132000
2017/07/25,0,1000,0,1000
2017/07/26,0,0,-4000,-4000
2017/07/27,0,0,0,0
2017/07/28,0,0,-1000,-1000
2017/07/31,0,4000,-56000,-52000
2017/08/01,0,2000,-62000,-60000
2017/08/02,0,3000,-7000,-4000
2017/08/03,0,6000,0,6000
2017/08/04,0,6000,-84000,-78000
2017/08/07,0,12000,0,12000
2017/08/08,0,6000,-12000,-6000
2017/08/09,0,23000,-6000,17000
2017/08/10,0,10000,0,10000
2017/08/11,0,1000,-1000,0
2017/08/14,0,0,-1000,-1000
2017/08/15,0,4000,-3000,1000
2017/08/16,0,19000,-3469,15531
2017/08/17,0,0,-120000,-120000
2017/08/18,0,0,-101000,-101000
