Date,Open,Buy,Sell,Total
2007/04/23,0,9000,-72000,-63000
2007/04/24,0,16000,-27000,-11000
2007/04/25,0,33000,-74000,-41000
2007/04/26,0,15000,-39000,-24000
2007/04/27,0,0,-196000,-196000
2007/04/30,0,0,-29000,-29000
2007/05/01,0,0,0,0
2007/05/02,0,78000,-54000,24000
2007/05/03,0,2000,-114000,-112000
2007/05/04,0,40000,-6910,33090
2007/05/07,0,15000,-12000,3000
2007/05/08,0,6000,-69000,-63000
2007/05/09,0,7000,-10000,-3000
2007/05/10,0,5000,-8000,-3000
2007/05/11,0,0,-100000,-100000
2007/05/14,0,0,-33000,-33000
2007/05/15,0,17000,-12000,5000
2007/05/16,0,10000,-15058,-5058
2007/05/17,0,5000,-21000,-16000
2007/05/18,0,7000,-12000,-5000
2007/05/21,0,129000,-2000,127000
2007/05/22,0,219000,-63000,156000
2007/05/23,0,68000,-226000,-158000
2007/05/24,0,19000,-26000,-7000
2007/05/25,0,21000,-17000,4000
2007/05/28,0,14000,-17000,-3000
2007/05/29,0,9000,-21000,-12000
2007/05/30,0,23000,-14000,9000
2007/05/31,0,49000,-60000,-11000
2007/06/01,0,67000,-17000,50000
2007/06/04,0,7000,-32344,-25344
2007/06/05,0,563000,-92000,471000
2007/06/06,0,215000,-150000,65000
2007/06/07,0,90000,-48562,41438
2007/06/08,0,27000,-52000,-25000
2007/06/11,0,3000,-57000,-54000
2007/06/12,0,35000,-56000,-21000
2007/06/13,0,55000,-378000,-323000
2007/06/14,0,51000,-93000,-42000
2007/06/15,0,20000,-10000,10000
2007/06/18,0,0,0,0
2007/06/19,0,0,0,0
2007/06/20,0,85000,-16000,69000
2007/06/21,0,1037000,-24000,1013000
2007/06/22,0,228000,-22700,205300
2007/06/25,0,56000,-1000,55000
2007/06/26,0,654000,-79000,575000
2007/06/27,0,99000,-3000,96000
2007/06/28,0,70000,-2000,68000
2007/06/29,0,161000,-133000,28000
2007/07/02,0,65000,-130000,-65000
2007/07/03,0,114000,-65000,49000
2007/07/04,0,295000,-8000,287000
2007/07/05,0,39000,-323000,-284000
2007/07/06,0,655000,-269000,386000
2007/07/09,0,433000,-79000,354000
2007/07/10,0,197000,-103000,94000
2007/07/11,0,604000,-51316,552684
2007/07/12,0,262000,-72000,190000
2007/07/13,0,573000,-15304,557696
2007/07/16,0,592000,-254533,337467
2007/07/17,0,0,0,0
2007/07/18,0,0,0,0
2007/07/19,0,0,0,0
2007/07/20,0,0,0,0
2007/07/23,0,0,0,0
2007/07/24,0,0,0,0
2007/07/25,0,0,0,0
2007/07/26,0,1337000,-1838000,-501000
2007/07/27,0,246000,-1166045,-920045
2007/07/30,0,373000,-415105,-42105
2007/07/31,0,24000,-930000,-906000
2007/08/01,0,222000,-541100,-319100
2007/08/02,0,48000,-487635,-439635
2007/08/03,0,151000,-251000,-100000
2007/08/06,0,35000,-14000,21000
2007/08/07,0,13000,-98000,-85000
2007/08/08,0,266000,-165000,101000
2007/08/09,0,9000,-177098,-168098
2007/08/10,0,0,-248000,-248000
2007/08/13,0,8000,-72000,-64000
2007/08/14,0,106000,-258000,-152000
2007/08/15,0,68000,-293000,-225000
2007/08/16,0,135000,-492000,-357000
2007/08/17,0,124000,-232000,-108000
2007/08/20,0,104000,-23070,80930
2007/08/21,0,31000,-31000,0
2007/08/22,0,17000,-54000,-37000
2007/08/23,0,21000,-264000,-243000
2007/08/24,0,57000,-98000,-41000
2007/08/27,0,1000,-105000,-104000
2007/08/28,0,0,-24000,-24000
2007/08/29,0,12000,-15000,-3000
2007/08/30,0,35000,-51000,-16000
2007/08/31,0,534000,-42000,492000
2007/09/03,0,458000,-153000,305000
2007/09/04,0,21000,-433000,-412000
2007/09/05,0,0,-87000,-87000
2007/09/06,0,0,-87000,-87000
2007/09/07,0,2000,-87000,-85000
2007/09/10,0,8000,-109000,-101000
2007/09/11,0,3000,-62000,-59000
2007/09/12,0,0,-33000,-33000
2007/09/13,0,0,-34000,-34000
2007/09/14,0,27000,-3000,24000
2007/09/17,0,8000,-50000,-42000
2007/09/18,0,0,0,0
2007/09/19,0,155000,-10000,145000
2007/09/20,0,35000,-16000,19000
2007/09/21,0,1209000,-105000,1104000
2007/09/24,0,0,0,0
2007/09/25,0,0,0,0
2007/09/26,0,115000,-131000,-16000
2007/09/27,0,268325,-120000,148325
2007/09/28,0,63000,-356000,-293000
2007/10/01,0,1000,-149000,-148000
2007/10/02,0,360000,-88000,272000
2007/10/03,0,101000,-80000,21000
2007/10/04,0,86000,-130000,-44000
2007/10/05,0,10000,-45000,-35000
2007/10/08,0,47000,-45000,2000
2007/10/09,0,35000,-100000,-65000
2007/10/10,0,0,0,0
2007/10/11,0,47000,-25000,22000
2007/10/12,0,32000,-89000,-57000
2007/10/15,0,15000,-123000,-108000
2007/10/16,0,23000,-95000,-72000
2007/10/17,0,48000,-154000,-106000
2007/10/18,0,28000,-134400,-106400
2007/10/19,0,0,-91000,-91000
2007/10/22,0,41000,-488000,-447000
2007/10/23,0,34000,-16000,18000
2007/10/24,0,117000,-61000,56000
2007/10/25,0,283000,-16000,267000
2007/10/26,0,2046000,-260000,1786000
2007/10/29,0,360000,-567000,-207000
2007/10/30,0,1194000,-1114000,80000
2007/10/31,0,77000,-603000,-526000
2007/11/01,0,664000,-466000,198000
2007/11/02,0,262000,-712000,-450000
2007/11/05,0,157000,-271000,-114000
2007/11/06,0,629000,-425000,204000
2007/11/07,0,265000,-211000,54000
2007/11/08,0,223000,-893000,-670000
2007/11/09,0,592000,-48000,544000
2007/11/12,0,152000,-215342,-63342
2007/11/13,0,276000,-6000,270000
2007/11/14,0,351000,-108061,242939
2007/11/15,0,338000,-192000,146000
2007/11/16,0,18000,-951629,-933629
2007/11/19,0,54000,-17000,37000
2007/11/20,0,123000,-157000,-34000
2007/11/21,0,51000,-360000,-309000
2007/11/22,0,41000,-476000,-435000
2007/11/23,0,40000,-18000,22000
2007/11/26,0,86000,-36000,50000
2007/11/27,0,189000,-141985,47015
2007/11/28,0,48000,-216000,-168000
2007/11/29,0,132000,-20439,111561
2007/11/30,0,273000,-101003,171997
2007/12/03,0,2000,-104000,-102000
2007/12/04,0,32000,-2000,30000
2007/12/05,0,121000,-12000,109000
2007/12/06,0,47000,-7000,40000
2007/12/07,0,7000,0,7000
2007/12/10,0,19000,-62000,-43000
2007/12/11,0,305000,-15000,290000
2007/12/12,0,97000,-83000,14000
2007/12/13,0,72000,-519000,-447000
2007/12/14,0,312000,-681896,-369896
2007/12/17,0,160000,-247000,-87000
2007/12/18,0,502000,-77000,425000
2007/12/19,0,166000,-168000,-2000
2007/12/20,0,51000,-189002,-138002
2007/12/21,0,178000,-148000,30000
2007/12/24,0,62000,-45016,16984
2007/12/25,0,35000,-22000,13000
2007/12/26,0,27000,-103000,-76000
2007/12/27,0,244000,-132394,111606
2007/12/28,0,142000,-209000,-67000
2007/12/31,0,383000,-185000,198000
2008/01/01,0,0,0,0
2008/01/02,0,112000,-118000,-6000
2008/01/03,0,44000,-151008,-107008
2008/01/04,0,86000,-110000,-24000
2008/01/07,0,119000,-519013,-400013
2008/01/08,0,42000,-126000,-84000
2008/01/09,0,82000,-112000,-30000
2008/01/10,0,97000,-30000,67000
2008/01/11,0,129000,0,129000
2008/01/14,0,150000,-101000,49000
2008/01/15,0,148000,-137000,11000
2008/01/16,0,117000,-75000,42000
2008/01/17,0,129000,-102000,27000
2008/01/18,0,174000,-77000,97000
2008/01/21,0,84000,-71000,13000
2008/01/22,0,28000,-106313,-78313
2008/01/23,0,131000,-71000,60000
2008/01/24,0,74000,-116000,-42000
2008/01/25,0,146000,-60000,86000
2008/01/28,0,65000,-262000,-197000
2008/01/29,0,76000,-23000,53000
2008/01/30,0,67000,-36000,31000
2008/01/31,0,106000,-13000,93000
2008/02/01,0,52000,-14000,38000
2008/02/04,0,0,0,0
2008/02/05,0,0,0,0
2008/02/06,0,0,0,0
2008/02/07,0,0,0,0
2008/02/08,0,0,0,0
2008/02/11,0,0,0,0
2008/02/12,0,68000,-53000,15000
2008/02/13,0,11000,0,11000
2008/02/14,0,201000,-191000,10000
2008/02/15,0,180000,-32048,147952
2008/02/18,0,39000,-166000,-127000
2008/02/19,0,35000,-27000,8000
2008/02/20,0,12000,-77000,-65000
2008/02/21,0,121000,-44000,77000
2008/02/22,0,86000,-30000,56000
2008/02/25,0,104000,-58140,45860
2008/02/26,0,121000,-224084,-103084
2008/02/27,0,291000,-327056,-36056
2008/02/28,0,0,0,0
2008/02/29,0,27000,-118000,-91000
2008/03/03,0,84000,-83542,458
2008/03/04,0,209000,-98000,111000
2008/03/05,0,91000,-100000,-9000
2008/03/06,0,76000,-127479,-51479
2008/03/07,0,103000,-20000,83000
2008/03/10,0,121000,-58000,63000
2008/03/11,0,123000,-50000,73000
2008/03/12,0,120000,-67570,52430
2008/03/13,0,91000,-129654,-38654
2008/03/14,0,106000,-202000,-96000
2008/03/17,0,299000,-154000,145000
2008/03/18,0,209000,-12000,197000
2008/03/19,0,100000,-45000,55000
2008/03/20,0,360000,-13000,347000
2008/03/21,0,63000,-15000,48000
2008/03/24,0,175000,-59000,116000
2008/03/25,0,78000,-77000,1000
2008/03/26,0,428000,-51000,377000
2008/03/27,0,38000,-28000,10000
2008/03/28,0,117000,-40252,76748
2008/03/31,0,118000,-108189,9811
2008/04/01,0,41000,-32000,9000
2008/04/02,0,160000,-2000,158000
2008/04/03,0,63000,-4000,59000
2008/04/04,0,0,0,0
2008/04/07,0,204000,0,204000
2008/04/08,0,30000,-109000,-79000
2008/04/09,0,37000,-59000,-22000
2008/04/10,0,352000,-638000,-286000
2008/04/11,0,0,-198000,-198000
2008/04/14,0,35000,-58627,-23627
2008/04/15,0,0,-33000,-33000
2008/04/16,0,15000,-238000,-223000
2008/04/17,0,928000,-233000,695000
2008/04/18,0,15000,-5000,10000
2008/04/21,0,80000,-19000,61000
2008/04/22,0,35000,-36000,-1000
2008/04/23,0,134000,-402000,-268000
2008/04/24,0,54000,-181000,-127000
2008/04/25,0,35000,-304000,-269000
2008/04/28,0,53000,-38000,15000
2008/04/29,0,12000,-13000,-1000
2008/04/30,0,114000,-11000,103000
2008/05/01,0,0,0,0
2008/05/02,0,135000,-20000,115000
2008/05/05,0,59000,-9000,50000
2008/05/06,0,97000,-6000,91000
2008/05/07,0,51000,-18000,33000
2008/05/08,0,34000,-125000,-91000
2008/05/09,0,140000,-90000,50000
2008/05/12,0,227000,-5242,221758
2008/05/13,0,56010,-128000,-71990
2008/05/14,0,75000,-27000,48000
2008/05/15,0,84000,-19000,65000
2008/05/16,0,72000,-36000,36000
2008/05/19,0,26000,-35000,-9000
2008/05/20,0,86000,-198000,-112000
2008/05/21,0,1000,-61000,-60000
2008/05/22,0,28000,-80000,-52000
2008/05/23,0,32000,-58000,-26000
2008/05/26,0,100000,-3000,97000
2008/05/27,0,120000,-14000,106000
2008/05/28,0,6000,-77000,-71000
2008/05/29,0,29000,-116000,-87000
2008/05/30,0,75000,-38000,37000
2008/06/02,0,20000,-3369,16631
2008/06/03,0,32000,-50000,-18000
2008/06/04,0,34000,-1000,33000
2008/06/05,0,186000,-13000,173000
2008/06/06,0,2000,-38000,-36000
2008/06/09,0,15000,-14684,316
2008/06/10,0,31000,-39000,-8000
2008/06/11,0,123000,-31000,92000
2008/06/12,0,98000,-64000,34000
2008/06/13,0,41000,-22000,19000
2008/06/16,0,48000,-11000,37000
2008/06/17,0,43000,-11000,32000
2008/06/18,0,61000,-3000,58000
2008/06/19,0,96000,-54000,42000
2008/06/20,0,111000,-68000,43000
2008/06/23,0,94000,-11000,83000
2008/06/24,0,90000,-33000,57000
2008/06/25,0,271000,-10000,261000
2008/06/26,0,77000,-15000,62000
2008/06/27,0,108000,-67000,41000
2008/06/30,0,201000,0,201000
2008/07/01,0,46000,-2000,44000
2008/07/02,0,252000,-2000,250000
2008/07/03,0,84000,-8000,76000
2008/07/04,0,118000,-21000,97000
2008/07/07,0,5000,-25000,-20000
2008/07/08,0,174000,-49000,125000
2008/07/09,0,310000,-43000,267000
2008/07/10,0,171000,-83000,88000
2008/07/11,0,174000,-43000,131000
2008/07/14,0,19000,-79000,-60000
2008/07/15,0,72000,-32000,40000
2008/07/16,0,77000,-32745,44255
2008/07/17,0,75000,-99000,-24000
2008/07/18,0,62000,-85570,-23570
2008/07/21,0,134000,0,134000
2008/07/22,0,210000,0,210000
2008/07/23,0,302000,0,302000
2008/07/24,0,90000,-12000,78000
2008/07/25,0,94000,-13000,81000
2008/07/28,0,0,0,0
2008/07/29,0,138000,-1000,137000
2008/07/30,0,59000,-16000,43000
2008/07/31,0,227000,0,227000
2008/08/01,0,58000,-1000,57000
2008/08/04,0,153000,0,153000
2008/08/05,0,139000,-50000,89000
2008/08/06,0,306000,-31000,275000
2008/08/07,0,952000,-182000,770000
2008/08/08,0,171000,-356000,-185000
2008/08/11,0,80000,-291000,-211000
2008/08/12,0,20000,-453000,-433000
2008/08/13,0,329000,-227000,102000
2008/08/14,0,114000,-80000,34000
2008/08/15,0,4000,-223000,-219000
2008/08/18,0,59000,-25000,34000
2008/08/19,0,10000,-165000,-155000
2008/08/20,0,7000,-375000,-368000
2008/08/21,0,9000,-53000,-44000
2008/08/22,0,12000,-73000,-61000
2008/08/25,0,26000,-1000,25000
2008/08/26,0,216000,-43000,173000
2008/08/27,0,63000,-81000,-18000
2008/08/28,0,72000,-183000,-111000
2008/08/29,0,83000,-6000,77000
2008/09/01,0,287000,-35000,252000
2008/09/02,0,181000,-48000,133000
2008/09/03,0,300000,-74362,225638
2008/09/04,0,394000,-136000,258000
2008/09/05,0,207000,-165000,42000
2008/09/08,0,31000,-186000,-155000
2008/09/09,0,191000,-198000,-7000
2008/09/10,0,136000,-75000,61000
2008/09/11,0,134000,-50000,84000
2008/09/12,0,162000,-126000,36000
2008/09/15,0,65000,-93000,-28000
2008/09/16,0,100000,-358000,-258000
2008/09/17,0,86000,-57000,29000
2008/09/18,0,185000,-120000,65000
2008/09/19,0,36000,-99000,-63000
2008/09/22,0,11000,-19000,-8000
2008/09/23,0,21000,-72000,-51000
2008/09/24,0,111000,-43000,68000
2008/09/25,0,25000,-69000,-44000
2008/09/26,0,182000,-215000,-33000
2008/09/29,0,0,0,0
2008/09/30,0,8000,-60000,-52000
2008/10/01,0,81000,-139000,-58000
2008/10/02,0,144000,-2690,141310
2008/10/03,0,108000,-8000,100000
2008/10/06,0,103000,-56927,46073
2008/10/07,0,100000,-83000,17000
2008/10/08,0,160000,-240000,-80000
2008/10/09,0,175250,-99005,76245
2008/10/10,0,0,0,0
2008/10/13,0,223000,-81000,142000
2008/10/14,0,108500,-72410,36090
2008/10/15,0,114000,-239000,-125000
2008/10/16,0,0,-53290,-53290
2008/10/17,0,33000,-142000,-109000
2008/10/20,0,79000,-112204,-33204
2008/10/21,0,153000,-3000,150000
2008/10/22,0,0,-9090,-9090
2008/10/23,0,0,-502,-502
2008/10/24,0,0,-24000,-24000
2008/10/27,0,6000,0,6000
2008/10/28,0,113000,-53520,59480
2008/10/29,0,191000,-41000,150000
2008/10/30,0,42000,-47000,-5000
2008/10/31,0,45000,-7000,38000
2008/11/03,0,150000,-60000,90000
2008/11/04,0,25000,-84234,-59234
2008/11/05,0,49000,-80000,-31000
2008/11/06,0,108000,-27000,81000
2008/11/07,0,121452,-113000,8452
2008/11/10,0,93000,-32000,61000
2008/11/11,0,55000,-22000,33000
2008/11/12,0,22000,-11000,11000
2008/11/13,0,140000,-61000,79000
2008/11/14,0,19000,0,19000
2008/11/17,0,55000,-46362,8638
2008/11/18,0,146000,-47000,99000
2008/11/19,0,192000,-11695,180305
2008/11/20,0,160000,-39000,121000
2008/11/21,0,274000,-120000,154000
2008/11/24,0,134000,-64000,70000
2008/11/25,0,214000,-22005,191995
2008/11/26,0,21000,-16000,5000
2008/11/27,0,103000,-17000,86000
2008/11/28,0,224000,-14000,210000
2008/12/01,0,55000,-10746,44254
2008/12/02,0,1336000,-85000,1251000
2008/12/03,0,796000,-113000,683000
2008/12/04,0,85000,-19000,66000
2008/12/05,0,30000,-12000,18000
2008/12/08,0,155000,-6000,149000
2008/12/09,0,176000,-22000,154000
2008/12/10,0,40000,-3000,37000
2008/12/11,0,65000,-27000,38000
2008/12/12,0,5000,-261000,-256000
2008/12/15,0,115000,-56000,59000
2008/12/16,0,5000,-116000,-111000
2008/12/17,0,20000,-197000,-177000
2008/12/18,0,0,-9000,-9000
2008/12/19,0,41000,-61000,-20000
2008/12/22,0,46000,-36473,9527
2008/12/23,0,15000,-75000,-60000
2008/12/24,0,17000,-47000,-30000
2008/12/25,0,11000,-4000,7000
2008/12/26,0,23000,0,23000
2008/12/29,0,36000,-4000,32000
2008/12/30,0,11000,-740,10260
2008/12/31,0,3000,-9311,-6311
2009/01/01,0,0,0,0
2009/01/02,0,0,0,0
2009/01/05,0,119000,-19000,100000
2009/01/06,0,127000,-10000,117000
2009/01/07,0,28000,-27000,1000
2009/01/08,0,55000,-67000,-12000
2009/01/09,0,92000,-28000,64000
2009/01/12,0,39000,-3000,36000
2009/01/13,0,96000,-67000,29000
2009/01/14,0,16000,-6000,10000
2009/01/15,0,97000,-26000,71000
2009/01/16,0,70000,-58000,12000
2009/01/19,0,26000,-11000,15000
2009/01/20,0,176000,-11486,164514
2009/01/21,0,178000,-15000,163000
2009/01/22,0,0,0,0
2009/01/23,0,0,0,0
2009/01/26,0,0,0,0
2009/01/27,0,0,0,0
2009/01/28,0,0,0,0
2009/01/29,0,0,0,0
2009/01/30,0,0,0,0
2009/02/02,0,5000,-99996,-94996
2009/02/03,0,61000,-94000,-33000
2009/02/04,0,166000,-1000,165000
2009/02/05,0,104000,-57000,47000
2009/02/06,0,545000,-22000,523000
2009/02/09,0,3000,-138000,-135000
2009/02/10,0,117000,-115000,2000
2009/02/11,0,19000,-99270,-80270
2009/02/12,0,258000,-182280,75720
2009/02/13,0,1406000,-100000,1306000
2009/02/16,0,130000,-43000,87000
2009/02/17,0,25000,-116000,-91000
2009/02/18,0,148000,-275000,-127000
2009/02/19,0,52000,-198000,-146000
2009/02/20,0,130000,-331000,-201000
2009/02/23,0,103000,-294000,-191000
2009/02/24,0,74000,-47000,27000
2009/02/25,0,111000,-236000,-125000
2009/02/26,0,275000,-7000,268000
2009/02/27,0,59000,-74000,-15000
2009/03/02,0,137000,-108000,29000
2009/03/03,0,97000,-6000,91000
2009/03/04,0,152000,-200000,-48000
2009/03/05,0,59000,-126000,-67000
2009/03/06,0,98000,-20000,78000
2009/03/09,0,74000,-26000,48000
2009/03/10,0,193000,-1700000,-1507000
2009/03/11,0,20000,-1864000,-1844000
2009/03/12,0,11000,-4000,7000
2009/03/13,0,177000,-33160,143840
2009/03/16,0,8000,-174000,-166000
2009/03/17,0,164000,-117000,47000
2009/03/18,0,88000,-14000,74000
2009/03/19,0,126000,-103000,23000
2009/03/20,0,197000,-116000,81000
2009/03/23,0,118000,-27000,91000
2009/03/24,0,57000,-20000,37000
2009/03/25,0,145000,-40800,104200
2009/03/26,0,33000,-114000,-81000
2009/03/27,0,25000,-440000,-415000
2009/03/30,0,32000,-397000,-365000
2009/03/31,0,127000,-68000,59000
2009/04/01,0,76000,-275000,-199000
2009/04/02,0,118000,-6000,112000
2009/04/03,0,128000,-155000,-27000
2009/04/06,0,210000,-123352,86648
2009/04/07,0,81000,-47000,34000
2009/04/08,0,146000,-409000,-263000
2009/04/09,0,55000,-234000,-179000
2009/04/10,0,1396000,-534475,861525
2009/04/13,0,263000,-894000,-631000
2009/04/14,0,283000,-274000,9000
2009/04/15,0,7000,-327000,-320000
2009/04/16,0,217000,-1304000,-1087000
2009/04/17,0,576000,-276473,299527
2009/04/20,0,231000,-60000,171000
2009/04/21,0,210000,-116000,94000
2009/04/22,0,54000,-207000,-153000
2009/04/23,0,288000,-115000,173000
2009/04/24,0,631000,-170000,461000
2009/04/27,0,360000,-262000,98000
2009/04/28,0,347000,-157475,189525
2009/04/29,0,94000,-169000,-75000
2009/04/30,0,357000,-461000,-104000
2009/05/01,0,0,0,0
2009/05/04,0,1992000,-255000,1737000
2009/05/05,0,600000,-590000,10000
2009/05/06,0,239000,-673971,-434971
2009/05/07,0,104000,-336000,-232000
2009/05/08,0,427000,-151000,276000
2009/05/11,0,231000,-241000,-10000
2009/05/12,0,221000,-1001000,-780000
2009/05/13,0,266000,-119000,147000
2009/05/14,0,95000,-371000,-276000
2009/05/15,0,116000,-269000,-153000
2009/05/18,0,190000,-162000,28000
2009/05/19,0,285000,-128000,157000
2009/05/20,0,435000,-457283,-22283
2009/05/21,0,66000,-498000,-432000
2009/05/22,0,760000,-409000,351000
2009/05/25,0,207000,-619433,-412433
2009/05/26,0,174000,-487000,-313000
2009/05/27,0,284000,-216000,68000
2009/05/28,0,0,0,0
2009/05/29,0,0,0,0
2009/06/01,0,432000,-462266,-30266
2009/06/02,0,204000,-290000,-86000
2009/06/03,0,253000,-112000,141000
2009/06/04,0,89000,-645000,-556000
2009/06/05,0,161000,-540000,-379000
2009/06/08,0,71000,-112000,-41000
2009/06/09,0,405000,-116000,289000
2009/06/10,0,127000,-341891,-214891
2009/06/11,0,247000,-245000,2000
2009/06/12,0,170000,-318035,-148035
2009/06/15,0,243000,-397000,-154000
2009/06/16,0,67000,-99655,-32655
2009/06/17,0,62000,-124000,-62000
2009/06/18,0,99000,-77000,22000
2009/06/19,0,170000,-227000,-57000
2009/06/22,0,153000,-109000,44000
2009/06/23,0,176000,-53000,123000
2009/06/24,0,469000,-261000,208000
2009/06/25,0,28000,-176000,-148000
2009/06/26,0,59000,-293000,-234000
2009/06/29,0,73000,-76000,-3000
2009/06/30,0,103000,-101000,2000
2009/07/01,0,225000,-48000,177000
2009/07/02,0,60000,-72000,-12000
2009/07/03,0,227000,-35000,192000
2009/07/06,0,63000,-85000,-22000
2009/07/07,0,277997,-14000,263997
2009/07/08,0,48000,-109000,-61000
2009/07/09,0,332000,-75000,257000
2009/07/10,0,65000,-55000,10000
2009/07/13,0,189000,-357000,-168000
2009/07/14,0,85000,-22000,63000
2009/07/15,0,233000,-231000,2000
2009/07/16,0,111000,-116000,-5000
2009/07/17,0,138000,-38000,100000
2009/07/20,0,227000,-206036,20964
2009/07/21,0,439000,-145000,294000
2009/07/22,0,358000,-271000,87000
2009/07/23,0,250000,-369000,-119000
2009/07/24,0,554000,-173000,381000
2009/07/27,0,415000,-113000,302000
2009/07/28,0,60000,-206000,-146000
2009/07/29,0,302000,-401000,-99000
2009/07/30,0,1375000,-238000,1137000
2009/07/31,0,322000,-1104000,-782000
2009/08/03,0,104652,-343000,-238348
2009/08/04,0,187000,-378000,-191000
2009/08/05,0,126000,-77000,49000
2009/08/06,0,731000,-757000,-26000
2009/08/07,0,0,0,0
2009/08/10,0,148000,-92000,56000
2009/08/11,0,146000,-245000,-99000
2009/08/12,0,206000,-458000,-252000
2009/08/13,0,590000,-39000,551000
2009/08/14,0,945000,-149000,796000
2009/08/17,0,79000,-1045000,-966000
2009/08/18,0,369000,-117000,252000
2009/08/19,0,132000,-396000,-264000
2009/08/20,0,52000,-426000,-374000
2009/08/21,0,31000,-244000,-213000
2009/08/24,0,161065,-289121,-128056
2009/08/25,0,209000,-672000,-463000
2009/08/26,0,142000,-465250,-323250
2009/08/27,0,169000,-130000,39000
2009/08/28,0,52000,-83000,-31000
2009/08/31,0,11000,-33000,-22000
2009/09/01,0,562000,-49000,513000
2009/09/02,0,62000,-156000,-94000
2009/09/03,0,23000,-146000,-123000
2009/09/04,0,482000,-215000,267000
2009/09/07,0,273000,-506000,-233000
2009/09/08,0,538000,-81055,456945
2009/09/09,0,64000,-96000,-32000
2009/09/10,0,202000,-817000,-615000
2009/09/11,0,52000,-101000,-49000
2009/09/14,0,51000,-316000,-265000
2009/09/15,0,61000,-133000,-72000
2009/09/16,0,57000,-67000,-10000
2009/09/17,0,211000,-177000,34000
2009/09/18,0,134935,-251000,-116065
2009/09/21,0,52000,-334000,-282000
2009/09/22,0,37000,-120000,-83000
2009/09/23,0,106000,-639645,-533645
2009/09/24,0,12000,-37000,-25000
2009/09/25,0,76000,-1000,75000
2009/09/28,0,21000,-47375,-26375
2009/09/29,0,186000,-39000,147000
2009/09/30,0,92000,-202000,-110000
2009/10/01,0,31000,-117000,-86000
2009/10/02,0,4000,-292000,-288000
2009/10/05,0,75000,-73000,2000
2009/10/06,0,153000,-141000,12000
2009/10/07,0,139750,-40250,99500
2009/10/08,0,66000,-46800,19200
2009/10/09,0,6000,-89000,-83000
2009/10/12,0,344000,-164000,180000
2009/10/13,0,187000,-87500,99500
2009/10/14,0,164000,-273290,-109290
2009/10/15,0,60000,-40000,20000
2009/10/16,0,57000,-181000,-124000
2009/10/19,0,51000,-17000,34000
2009/10/20,0,71000,-152000,-81000
2009/10/21,0,26000,-346510,-320510
2009/10/22,0,302000,-9000,293000
2009/10/23,0,104000,-118450,-14450
2009/10/26,0,205000,-17000,188000
2009/10/27,0,42000,-42000,0
2009/10/28,0,243000,-161000,82000
2009/10/29,0,197200,-342000,-144800
2009/10/30,0,46000,-112000,-66000
2009/11/02,0,53000,-95000,-42000
2009/11/03,0,213000,-291000,-78000
2009/11/04,0,123000,-98000,25000
2009/11/05,0,45000,-97000,-52000
2009/11/06,0,92000,-52000,40000
2009/11/09,0,65000,-23000,42000
2009/11/10,0,52000,-12000,40000
2009/11/11,0,175000,-142000,33000
2009/11/12,0,47000,-308000,-261000
2009/11/13,0,89000,-79000,10000
2009/11/16,0,1000,-85000,-84000
2009/11/17,0,10000,-98000,-88000
2009/11/18,0,20000,-88000,-68000
2009/11/19,0,58000,-1000,57000
2009/11/20,0,24000,-44000,-20000
2009/11/23,0,31000,-1130,29870
2009/11/24,0,87000,-64000,23000
2009/11/25,0,292000,-72000,220000
2009/11/26,0,21000,-51000,-30000
2009/11/27,0,191600,-90000,101600
2009/11/30,0,59000,-26516,32484
2009/12/01,0,46000,-82080,-36080
2009/12/02,0,76000,-76000,0
2009/12/03,0,4000,-67000,-63000
2009/12/04,0,82000,-53000,29000
2009/12/07,0,8000,-25000,-17000
2009/12/08,0,141000,-71000,70000
2009/12/09,0,7760,-150015,-142255
2009/12/10,0,104000,-187515,-83515
2009/12/11,0,56000,-37175,18825
2009/12/14,0,20000,-69000,-49000
2009/12/15,0,4000,-23000,-19000
2009/12/16,0,21000,-307000,-286000
2009/12/17,0,14000,-238000,-224000
2009/12/18,0,0,-15000,-15000
2009/12/21,0,28000,-48000,-20000
2009/12/22,0,57000,-125672,-68672
2009/12/23,0,459000,-72000,387000
2009/12/24,0,145000,-99000,46000
2009/12/25,0,83000,-355000,-272000
2009/12/28,0,2000,-250000,-248000
2009/12/29,0,31000,-21000,10000
2009/12/30,0,898000,-58000,840000
2009/12/31,0,109000,-144000,-35000
2010/01/01,0,0,0,0
2010/01/04,0,17000,-328000,-311000
2010/01/05,0,67000,-306000,-239000
2010/01/06,0,4000,-134000,-130000
2010/01/07,0,81000,-50000,31000
2010/01/08,0,148000,-389000,-241000
2010/01/11,0,35000,-234000,-199000
2010/01/12,0,55000,-27000,28000
2010/01/13,0,118000,-14000,104000
2010/01/14,0,36000,-23992,12008
2010/01/15,0,62000,-94000,-32000
2010/01/18,0,60000,-13000,47000
2010/01/19,0,54840,-30000,24840
2010/01/20,0,49000,-187000,-138000
2010/01/21,0,5000,-92000,-87000
2010/01/22,0,114000,-250000,-136000
2010/01/25,0,31000,-115000,-84000
2010/01/26,0,19000,-277000,-258000
2010/01/27,0,71000,-36000,35000
2010/01/28,0,65000,-16000,49000
2010/01/29,0,85000,-55000,30000
2010/02/01,0,143000,-125000,18000
2010/02/02,0,67000,-83000,-16000
2010/02/03,0,171000,-32000,139000
2010/02/04,0,54000,-40000,14000
2010/02/05,0,152000,-24000,128000
2010/02/08,0,214000,-91000,123000
2010/02/09,0,192000,-61630,130370
2010/02/10,0,369000,-89250,279750
2010/02/11,0,0,0,0
2010/02/12,0,0,0,0
2010/02/15,0,0,0,0
2010/02/16,0,0,0,0
2010/02/17,0,0,0,0
2010/02/18,0,0,0,0
2010/02/19,0,0,0,0
2010/02/22,0,245000,-57000,188000
2010/02/23,0,31000,-255000,-224000
2010/02/24,0,27000,-244000,-217000
2010/02/25,0,44000,-138000,-94000
2010/02/26,0,54000,-20000,34000
2010/03/01,0,101000,-60000,41000
2010/03/02,0,116000,-28245,87755
2010/03/03,0,1000,-13000,-12000
2010/03/04,0,4000,-314000,-310000
2010/03/05,0,81000,-50000,31000
2010/03/08,0,60000,-115000,-55000
2010/03/09,0,18000,-21000,-3000
2010/03/10,0,22000,-39000,-17000
2010/03/11,0,112000,-20000,92000
2010/03/12,0,50000,-7000,43000
2010/03/15,0,16000,-158000,-142000
2010/03/16,0,40000,-264000,-224000
2010/03/17,0,386000,-10000,376000
2010/03/18,0,213000,-4000,209000
2010/03/19,0,131000,-17000,114000
2010/03/22,0,55000,-113000,-58000
2010/03/23,0,40000,-50000,-10000
2010/03/24,0,95000,-131160,-36160
2010/03/25,0,309000,-225000,84000
2010/03/26,0,174000,-100000,74000
2010/03/29,0,136000,-91000,45000
2010/03/30,0,35000,-59000,-24000
2010/03/31,0,248000,-13000,235000
2010/04/01,0,330000,-7000,323000
2010/04/02,0,53000,-29000,24000
2010/04/05,0,0,0,0
2010/04/06,0,180000,-70000,110000
2010/04/07,0,118000,-46000,72000
2010/04/08,0,83000,-15000,68000
2010/04/09,0,10000,-1000,9000
2010/04/12,0,94000,-22000,72000
2010/04/13,0,63474,-63000,474
2010/04/14,0,19000,-6000,13000
2010/04/15,0,7000,-25000,-18000
2010/04/16,0,100000,-91000,9000
2010/04/19,0,89000,-53000,36000
2010/04/20,0,111000,-258000,-147000
2010/04/21,0,12000,-3000,9000
2010/04/22,0,145000,-52000,93000
2010/04/23,0,9000,-163000,-154000
2010/04/26,0,184000,-98000,86000
2010/04/27,0,1000,-35000,-34000
2010/04/28,0,93000,-96025,-3025
2010/04/29,0,75000,-49000,26000
2010/04/30,0,65000,-228990,-163990
2010/05/03,0,133000,-51000,82000
2010/05/04,0,12000,-52000,-40000
2010/05/05,0,174000,-95000,79000
2010/05/06,0,78000,-269000,-191000
2010/05/07,0,418000,-348000,70000
2010/05/10,0,81000,-67105,13895
2010/05/11,0,93000,-305000,-212000
2010/05/12,0,31000,-43000,-12000
2010/05/13,0,154000,-146000,8000
2010/05/14,0,246000,0,246000
2010/05/17,0,163000,-209000,-46000
2010/05/18,0,182000,-46000,136000
2010/05/19,0,233000,-130000,103000
2010/05/20,0,91000,-123000,-32000
2010/05/21,0,112000,-343000,-231000
2010/05/24,0,329000,-54000,275000
2010/05/25,0,175000,-300000,-125000
2010/05/26,0,124000,-5000,119000
2010/05/27,0,142000,-19000,123000
2010/05/28,0,301000,-72000,229000
2010/05/31,0,4000,-20000,-16000
2010/06/01,0,115000,-145000,-30000
2010/06/02,0,51000,-21000,30000
2010/06/03,0,105000,-96000,9000
2010/06/04,0,11000,-11000,0
2010/06/07,0,30000,-923000,-893000
2010/06/08,0,61000,-141000,-80000
2010/06/09,0,31000,-727000,-696000
2010/06/10,0,22000,-36000,-14000
2010/06/11,0,105000,-164000,-59000
2010/06/14,0,39000,-10000,29000
2010/06/15,0,404000,-17000,387000
2010/06/16,0,0,0,0
2010/06/17,0,492000,-69000,423000
2010/06/18,0,51000,-69000,-18000
2010/06/21,0,131000,-13000,118000
2010/06/22,0,128000,-131000,-3000
2010/06/23,0,30000,-53000,-23000
2010/06/24,0,53000,-42100,10900
2010/06/25,0,77000,-56000,21000
2010/06/28,0,10000,-33000,-23000
2010/06/29,0,48000,-53000,-5000
2010/06/30,0,39000,-56000,-17000
2010/07/01,0,117000,-70000,47000
2010/07/02,0,75000,-13000,62000
2010/07/05,0,72000,-4000,68000
2010/07/06,0,323000,-19000,304000
2010/07/07,0,7000,-333000,-326000
2010/07/08,0,206000,-43171,162829
2010/07/09,0,29000,-10000,19000
2010/07/12,0,41000,-55000,-14000
2010/07/13,0,32000,-11000,21000
2010/07/14,0,29000,-154000,-125000
2010/07/15,0,1000,-12000,-11000
2010/07/16,0,0,-5000,-5000
2010/07/19,0,11000,-23000,-12000
2010/07/20,0,23000,-6000,17000
2010/07/21,0,47000,-13000,34000
2010/07/22,0,10000,-21000,-11000
2010/07/23,0,8000,-45000,-37000
2010/07/26,0,10000,-12000,-2000
2010/07/27,0,0,-42000,-42000
2010/07/28,0,0,-12000,-12000
2010/07/29,0,0,-8000,-8000
2010/07/30,0,0,-39000,-39000
2010/08/02,0,50000,0,50000
2010/08/03,0,1000,-29000,-28000
2010/08/04,0,5000,-40000,-35000
2010/08/05,0,0,-64000,-64000
2010/08/06,0,10000,0,10000
2010/08/09,0,9000,-84000,-75000
2010/08/10,0,19000,-64000,-45000
2010/08/11,0,520000,-36000,484000
2010/08/12,0,47000,-156000,-109000
2010/08/13,0,57000,-35000,22000
2010/08/16,0,1000,-12000,-11000
2010/08/17,0,32000,-26000,6000
2010/08/18,0,17000,-155000,-138000
2010/08/19,0,26000,-1000,25000
2010/08/20,0,46000,-108000,-62000
2010/08/23,0,25000,-66000,-41000
2010/08/24,0,0,-158000,-158000
2010/08/25,0,0,-174000,-174000
2010/08/26,0,25000,-62000,-37000
2010/08/27,0,6000,-54000,-48000
2010/08/30,0,23000,-26000,-3000
2010/08/31,0,1000,-189000,-188000
2010/09/01,0,24000,-84000,-60000
2010/09/02,0,61000,-124000,-63000
2010/09/03,0,17000,-63000,-46000
2010/09/06,0,89000,-5000,84000
2010/09/07,0,5000,-19000,-14000
2010/09/08,0,33000,-19000,14000
2010/09/09,0,80000,-21000,59000
2010/09/10,0,13000,0,13000
2010/09/13,0,209000,0,209000
2010/09/14,0,58000,-212000,-154000
2010/09/15,0,52000,-33000,19000
2010/09/16,0,9000,-35000,-26000
2010/09/17,0,90000,-46000,44000
2010/09/20,0,14000,-21000,-7000
2010/09/21,0,29000,-11000,18000
2010/09/22,0,0,0,0
2010/09/23,0,187000,-75000,112000
2010/09/24,0,19000,0,19000
2010/09/27,0,8000,-16000,-8000
2010/09/28,0,50000,-33000,17000
2010/09/29,0,17000,-181000,-164000
2010/09/30,0,47000,-26000,21000
2010/10/01,0,71000,-5000,66000
2010/10/04,0,53000,-11000,42000
2010/10/05,0,85000,-17000,68000
2010/10/06,0,152000,-125000,27000
2010/10/07,0,168000,-34192,133808
2010/10/08,0,896000,-180000,716000
2010/10/11,0,26000,-543000,-517000
2010/10/12,0,6000,-147000,-141000
2010/10/13,0,28000,-36020,-8020
2010/10/14,0,82000,-108000,-26000
2010/10/15,0,98000,-105110,-7110
2010/10/18,0,9000,-156500,-147500
2010/10/19,0,6000,-149000,-143000
2010/10/20,0,33000,-51000,-18000
2010/10/21,0,7000,-9319,-2319
2010/10/22,0,0,-44000,-44000
2010/10/25,0,179650,-14000,165650
2010/10/26,0,153000,-4000,149000
2010/10/27,0,96000,-14000,82000
2010/10/28,0,199000,-131000,68000
2010/10/29,0,111000,-35024,75976
2010/11/01,0,245000,-80000,165000
2010/11/02,0,108000,-6201,101799
2010/11/03,0,7000,-75000,-68000
2010/11/04,0,39000,-34000,5000
2010/11/05,0,6000,-15410,-9410
2010/11/08,0,58000,-17000,41000
2010/11/09,0,137228,-5000,132228
2010/11/10,0,50000,-78000,-28000
2010/11/11,0,80000,-2000,78000
2010/11/12,0,16000,-53650,-37650
2010/11/15,0,8000,-13222,-5222
2010/11/16,0,203000,-137000,66000
2010/11/17,0,40000,-15000,25000
2010/11/18,0,54000,-2000,52000
2010/11/19,0,60000,-62000,-2000
2010/11/22,0,91000,-32071,58929
2010/11/23,0,18230,-76000,-57770
2010/11/24,0,212000,-74000,138000
2010/11/25,0,148000,-14000,134000
2010/11/26,0,73000,-110000,-37000
2010/11/29,0,131000,-66000,65000
2010/11/30,0,139000,-80000,59000
2010/12/01,0,517000,-203000,314000
2010/12/02,0,87000,-434000,-347000
2010/12/03,0,68000,-59000,9000
2010/12/06,0,58000,-178000,-120000
2010/12/07,0,134000,-53000,81000
2010/12/08,0,147000,-86000,61000
2010/12/09,0,259000,-60000,199000
2010/12/10,0,85550,-57000,28550
2010/12/13,0,86000,-111000,-25000
2010/12/14,0,167000,-308934,-141934
2010/12/15,0,82000,-148000,-66000
2010/12/16,0,224000,-215000,9000
2010/12/17,0,264000,-405000,-141000
2010/12/20,0,905000,-250000,655000
2010/12/21,0,27000,-693000,-666000
2010/12/22,0,39000,-198000,-159000
2010/12/23,0,34000,-109000,-75000
2010/12/24,0,16000,-46000,-30000
2010/12/27,0,55000,-46000,9000
2010/12/28,0,54000,-217000,-163000
2010/12/29,0,50000,-39430,10570
2010/12/30,0,28000,-106000,-78000
2010/12/31,0,22000,-109000,-87000
2011/01/03,0,102000,-59000,43000
2011/01/04,0,22000,-120000,-98000
2011/01/05,0,72000,-163000,-91000
2011/01/06,0,82000,-156000,-74000
2011/01/07,0,129000,-168000,-39000
2011/01/10,0,47000,-116000,-69000
2011/01/11,0,184000,-134000,50000
2011/01/12,0,47000,-23000,24000
2011/01/13,0,100000,-192000,-92000
2011/01/14,0,651000,-189000,462000
2011/01/17,0,258000,-344146,-86146
2011/01/18,0,31000,-235000,-204000
2011/01/19,0,36000,-481109,-445109
2011/01/20,0,0,-34000,-34000
2011/01/21,0,86000,-107000,-21000
2011/01/24,0,72000,-163000,-91000
2011/01/25,0,209000,-31000,178000
2011/01/26,0,63000,-128000,-65000
2011/01/27,0,520,-123024,-122504
2011/01/28,0,111000,-106300,4700
2011/01/31,0,0,0,0
2011/02/01,0,0,0,0
2011/02/02,0,0,0,0
2011/02/03,0,0,0,0
2011/02/04,0,0,0,0
2011/02/07,0,0,0,0
2011/02/08,0,32000,-103000,-71000
2011/02/09,0,101000,-115065,-14065
2011/02/10,0,128000,-69000,59000
2011/02/11,0,105000,-486000,-381000
2011/02/14,0,313000,-44000,269000
2011/02/15,0,84000,-154000,-70000
2011/02/16,0,73000,-61000,12000
2011/02/17,0,34000,-109000,-75000
2011/02/18,0,43000,-426000,-383000
2011/02/21,0,123000,-120000,3000
2011/02/22,0,242000,-83000,159000
2011/02/23,0,267000,-30000,237000
2011/02/24,0,347000,-211000,136000
2011/02/25,0,415000,-125000,290000
2011/02/28,0,0,0,0
2011/03/01,0,160135,0,160135
2011/03/02,0,138000,-62000,76000
2011/03/03,0,310000,-34000,276000
2011/03/04,0,20000,-30000,-10000
2011/03/07,0,17000,-12000,5000
2011/03/08,0,51000,-6000,45000
2011/03/09,0,0,-2981,-2981
2011/03/10,0,16000,-30000,-14000
2011/03/11,0,82000,-93000,-11000
2011/03/14,0,156000,-263000,-107000
2011/03/15,0,521000,-197000,324000
2011/03/16,0,251000,-3000,248000
2011/03/17,0,114000,-37000,77000
2011/03/18,0,8000,-164000,-156000
2011/03/21,0,19000,-151000,-132000
2011/03/22,0,1000,-96000,-95000
2011/03/23,0,33000,-78000,-45000
2011/03/24,0,35000,-17059,17941
2011/03/25,0,123000,-57000,66000
2011/03/28,0,65000,-9000,56000
2011/03/29,0,119000,-22000,97000
2011/03/30,0,4000,-39000,-35000
2011/03/31,0,6000,-36000,-30000
2011/04/01,0,382000,-60000,322000
2011/04/04,0,0,0,0
2011/04/05,0,0,0,0
2011/04/06,0,82000,0,82000
2011/04/07,0,516000,-25000,491000
2011/04/08,0,104000,-10000,94000
2011/04/11,0,6000,-15000,-9000
2011/04/12,0,259000,-15000,244000
2011/04/13,0,119000,-36000,83000
2011/04/14,0,55000,-31066,23934
2011/04/15,0,34000,-24000,10000
2011/04/18,0,24000,-61030,-37030
2011/04/19,0,56000,-89135,-33135
2011/04/20,0,65000,-43000,22000
2011/04/21,0,121000,-8000,113000
2011/04/22,0,22000,-8000,14000
2011/04/25,0,6000,-16000,-10000
2011/04/26,0,6000,-26000,-20000
2011/04/27,0,94000,-95000,-1000
2011/04/28,0,44000,-188000,-144000
2011/04/29,0,69000,-250000,-181000
2011/05/02,0,0,0,0
2011/05/03,0,65000,-5962,59038
2011/05/04,0,76000,-25000,51000
2011/05/05,0,118000,-15000,103000
2011/05/06,0,79000,-3000,76000
2011/05/09,0,241000,-25000,216000
2011/05/10,0,77000,-6000,71000
2011/05/11,0,18000,-34098,-16098
2011/05/12,0,31000,-101000,-70000
2011/05/13,0,13000,-8000,5000
2011/05/16,0,65000,-7000,58000
2011/05/17,0,27000,-2000,25000
2011/05/18,0,99000,-23000,76000
2011/05/19,0,110000,-7264,102736
2011/05/20,0,74000,-18000,56000
2011/05/23,0,72000,-11000,61000
2011/05/24,0,204000,-61179,142821
2011/05/25,0,24000,0,24000
2011/05/26,0,13000,0,13000
2011/05/27,0,89000,-19000,70000
2011/05/30,0,73000,-13000,60000
2011/05/31,0,390000,-10000,380000
2011/06/01,0,34000,-89000,-55000
2011/06/02,0,83000,-209000,-126000
2011/06/03,0,25000,-5000,20000
2011/06/06,0,0,0,0
2011/06/07,0,13000,-58000,-45000
2011/06/08,0,20000,-113000,-93000
2011/06/09,0,263000,-116000,147000
2011/06/10,0,34000,-47000,-13000
2011/06/13,0,111000,-98000,13000
2011/06/14,0,53000,-43000,10000
2011/06/15,0,185000,-46000,139000
2011/06/16,0,132000,-20000,112000
2011/06/17,0,136000,-3000,133000
2011/06/20,0,185000,-133000,52000
2011/06/21,0,266000,0,266000
2011/06/22,0,204000,-106000,98000
2011/06/23,0,254000,-28000,226000
2011/06/24,0,91000,-13000,78000
2011/06/27,0,15000,-32000,-17000
2011/06/28,0,6000,0,6000
2011/06/29,0,261000,-60000,201000
2011/06/30,0,76000,-130000,-54000
2011/07/01,0,21000,-9000,12000
2011/07/04,0,3000,-115000,-112000
2011/07/05,0,13000,-111000,-98000
2011/07/06,0,27000,-37000,-10000
2011/07/07,0,220000,-9000,211000
2011/07/08,0,23000,-8000,15000
2011/07/11,0,92000,-5000,87000
2011/07/12,0,148000,-3000,145000
2011/07/13,0,340000,-6000,334000
2011/07/14,0,264000,-4000,260000
2011/07/15,0,366000,0,366000
2011/07/18,0,144000,-1735,142265
2011/07/19,0,0,-1000,-1000
2011/07/20,0,140000,-15000,125000
2011/07/21,0,53000,-3000,50000
2011/07/22,0,8000,-5000,3000
2011/07/25,0,7330,-77000,-69670
2011/07/26,0,157000,-47000,110000
2011/07/27,0,0,-53000,-53000
2011/07/28,0,26000,-188081,-162081
2011/07/29,0,51000,-13000,38000
2011/08/01,0,379000,-2000,377000
2011/08/02,0,38000,-3000,35000
2011/08/03,0,1219000,-101000,1118000
2011/08/04,0,854000,-7271,846729
2011/08/05,0,1372000,-96000,1276000
2011/08/08,0,539000,-339000,200000
2011/08/09,0,794000,-1487000,-693000
2011/08/10,0,30000,-707000,-677000
2011/08/11,0,48000,-2000,46000
2011/08/12,0,10000,-213000,-203000
2011/08/15,0,51000,-2000,49000
2011/08/16,0,5000,-26100,-21100
2011/08/17,0,47000,-10000,37000
2011/08/18,0,101000,-11000,90000
2011/08/19,0,202000,-9000,193000
2011/08/22,0,342000,-5000,337000
2011/08/23,0,196000,0,196000
2011/08/24,0,86000,-53000,33000
2011/08/25,0,79000,-6000,73000
2011/08/26,0,94000,0,94000
2011/08/29,0,89000,-3000,86000
2011/08/30,0,24000,-65000,-41000
2011/08/31,0,6000,-44000,-38000
2011/09/01,0,2000,-427000,-425000
2011/09/02,0,49000,-271000,-222000
2011/09/05,0,3000,-88000,-85000
2011/09/06,0,87000,-26000,61000
2011/09/07,0,98460,0,98460
2011/09/08,0,38000,-87000,-49000
2011/09/09,0,149000,-363000,-214000
2011/09/12,0,0,0,0
2011/09/13,0,55000,-46000,9000
2011/09/14,0,469000,-12089,456911
2011/09/15,0,267000,-180,266820
2011/09/16,0,29000,-25105,3895
2011/09/19,0,28000,-11000,17000
2011/09/20,0,119000,-42490,76510
2011/09/21,0,53000,-24410,28590
2011/09/22,0,33000,-27001,5999
2011/09/23,0,477000,-80000,397000
2011/09/26,0,408000,-25000,383000
2011/09/27,0,41000,-200000,-159000
2011/09/28,0,11000,-219000,-208000
2011/09/29,0,16000,-47000,-31000
2011/09/30,0,0,-35450,-35450
2011/10/03,0,17000,-13000,4000
2011/10/04,0,161000,-3000,158000
2011/10/05,0,111000,-3000,108000
2011/10/06,0,117000,-1268,115732
2011/10/07,0,11000,-3000,8000
2011/10/10,0,0,0,0
2011/10/11,0,11000,-16000,-5000
2011/10/12,0,7000,-4000,3000
2011/10/13,0,6000,-19000,-13000
2011/10/14,0,0,-24000,-24000
2011/10/17,0,3000,-5000,-2000
2011/10/18,0,17000,-9325,7675
2011/10/19,0,157000,-10125,146875
2011/10/20,0,141000,-3000,138000
2011/10/21,0,253000,-3000,250000
2011/10/24,0,185000,0,185000
2011/10/25,0,150000,-4250,145750
2011/10/26,0,233000,-1,232999
2011/10/27,0,106000,-10000,96000
2011/10/28,0,2000,-162000,-160000
2011/10/31,0,0,-1908,-1908
2011/11/01,0,79000,-1000,78000
2011/11/02,0,79000,-4000,75000
2011/11/03,0,70000,-18000,52000
2011/11/04,0,70000,0,70000
2011/11/07,0,21000,0,21000
2011/11/08,0,20000,-3000,17000
2011/11/09,0,0,-1000,-1000
2011/11/10,0,219000,-9000,210000
2011/11/11,0,22000,-4000,18000
2011/11/14,0,6000,0,6000
2011/11/15,0,3000,0,3000
2011/11/16,0,22000,-17000,5000
2011/11/17,0,166000,-13000,153000
2011/11/18,0,226000,-17000,209000
2011/11/21,0,399000,-34000,365000
2011/11/22,0,303000,-100000,203000
2011/11/23,0,277000,-54000,223000
2011/11/24,0,179000,-219000,-40000
2011/11/25,0,112000,-85000,27000
2011/11/28,0,71000,-31000,40000
2011/11/29,0,124000,-31000,93000
2011/11/30,0,19000,-72000,-53000
2011/12/01,0,161000,-17000,144000
2011/12/02,0,0,-26000,-26000
2011/12/05,0,28000,-18000,10000
2011/12/06,0,61000,-12360,48640
2011/12/07,0,102000,-26000,76000
2011/12/08,0,26000,-58000,-32000
2011/12/09,0,26000,-36000,-10000
2011/12/12,0,5000,-87000,-82000
2011/12/13,0,8000,-13000,-5000
2011/12/14,0,5000,-8000,-3000
2011/12/15,0,76000,-10000,66000
2011/12/16,0,131000,0,131000
2011/12/19,0,150000,-1000,149000
2011/12/20,0,81000,-15000,66000
2011/12/21,0,55000,-49000,6000
2011/12/22,0,66000,-16000,50000
2011/12/23,0,36000,-2000,34000
2011/12/26,0,52000,-44000,8000
2011/12/27,0,106000,-49000,57000
2011/12/28,0,92000,-12000,80000
2011/12/29,0,132000,0,132000
2011/12/30,0,21000,-31080,-10080
2012/01/02,0,26000,-7000,19000
2012/01/03,0,57160,-15,57145
2012/01/04,0,27000,-18000,9000
2012/01/05,0,87000,0,87000
2012/01/06,0,0,-30000,-30000
2012/01/09,0,28000,-15000,13000
2012/01/10,0,48000,-15000,33000
2012/01/11,0,13000,0,13000
2012/01/12,0,117000,0,117000
2012/01/13,0,33000,-90000,-57000
2012/01/16,0,352000,-99000,253000
2012/01/17,0,57000,-215000,-158000
2012/01/18,0,50000,-110000,-60000
2012/01/19,0,0,0,0
2012/01/20,0,0,0,0
2012/01/23,0,0,0,0
2012/01/24,0,0,0,0
2012/01/25,0,0,0,0
2012/01/26,0,0,0,0
2012/01/27,0,0,0,0
2012/01/30,0,27000,-37000,-10000
2012/01/31,0,5000,-107000,-102000
2012/02/01,0,35000,-165000,-130000
2012/02/02,0,103000,-150000,-47000
2012/02/03,0,12000,-252000,-240000
2012/02/06,0,2000,-57725,-55725
2012/02/07,0,54000,-23000,31000
2012/02/08,0,10000,-61000,-51000
2012/02/09,0,34000,-242000,-208000
2012/02/10,0,13000,-244000,-231000
2012/02/13,0,19000,-26000,-7000
2012/02/14,0,35000,-296000,-261000
2012/02/15,0,16000,-148000,-132000
2012/02/16,0,46000,-193000,-147000
2012/02/17,0,47000,-126000,-79000
2012/02/20,0,47000,-283000,-236000
2012/02/21,0,7000,-205000,-198000
2012/02/22,0,186000,-94000,92000
2012/02/23,0,104000,-235000,-131000
2012/02/24,0,33000,-203000,-170000
2012/02/27,0,0,0,0
2012/02/28,0,0,0,0
2012/02/29,0,201018,-38000,163018
2012/03/01,0,55000,-104000,-49000
2012/03/02,0,184000,-120000,64000
2012/03/05,0,0,-426000,-426000
2012/03/06,0,36000,-117000,-81000
2012/03/07,0,57000,-203000,-146000
2012/03/08,0,29000,-139000,-110000
2012/03/09,0,11000,-71000,-60000
2012/03/12,0,14000,-124561,-110561
2012/03/13,0,53000,-49000,4000
2012/03/14,0,75000,-29000,46000
2012/03/15,0,41000,-35000,6000
2012/03/16,0,35000,-146000,-111000
2012/03/19,0,131000,-366000,-235000
2012/03/20,0,93000,-180000,-87000
2012/03/21,0,56000,-203000,-147000
2012/03/22,0,41000,-42000,-1000
2012/03/23,0,7000,-16000,-9000
2012/03/26,0,678500,-134000,544500
2012/03/27,0,91000,-93000,-2000
2012/03/28,0,259000,-130000,129000
2012/03/29,0,46000,-87834,-41834
2012/03/30,0,180000,-34000,146000
2012/04/02,0,27000,-47000,-20000
2012/04/03,0,53000,-52000,1000
2012/04/04,0,0,0,0
2012/04/05,0,95000,-6000,89000
2012/04/06,0,295000,-32000,263000
2012/04/09,0,67000,-7000,60000
2012/04/10,0,162000,-21000,141000
2012/04/11,0,61000,-8000,53000
2012/04/12,0,124000,-89000,35000
2012/04/13,0,206000,-21000,185000
2012/04/16,0,0,-22000,-22000
2012/04/17,0,37000,-23000,14000
2012/04/18,0,40000,-34000,6000
2012/04/19,0,55100,-3000,52100
2012/04/20,0,28000,-3000,25000
2012/04/23,0,130000,-12000,118000
2012/04/24,0,46000,-103000,-57000
2012/04/25,0,10000,-75000,-65000
2012/04/26,0,49000,-248000,-199000
2012/04/27,0,17000,-371151,-354151
2012/04/30,0,52000,-37000,15000
2012/05/01,0,0,0,0
2012/05/02,0,78000,-9,77991
2012/05/03,0,36000,-1000,35000
2012/05/04,0,19000,-1000,18000
2012/05/07,0,6000,-6000,0
2012/05/08,0,123000,-1395,121605
2012/05/09,0,104000,-5930,98070
2012/05/10,0,68000,-20000,48000
2012/05/11,0,111000,-13000,98000
2012/05/14,0,121000,-43000,78000
2012/05/15,0,296000,0,296000
2012/05/16,0,274000,-77000,197000
2012/05/17,0,28000,-259000,-231000
2012/05/18,0,171000,-23000,148000
2012/05/21,0,196000,0,196000
2012/05/22,0,11000,-63000,-52000
2012/05/23,0,151000,-139000,12000
2012/05/24,0,249000,-2000,247000
2012/05/25,0,75000,0,75000
2012/05/28,0,41000,0,41000
2012/05/29,0,11000,-14000,-3000
2012/05/30,0,75000,-56000,19000
2012/05/31,0,47000,-54000,-7000
2012/06/01,0,108000,-10000,98000
2012/06/04,0,356000,-8000,348000
2012/06/05,0,52000,-56000,-4000
2012/06/06,0,18000,0,18000
2012/06/07,0,26000,-84000,-58000
2012/06/08,0,0,-26000,-26000
2012/06/11,0,63000,-8000,55000
2012/06/12,0,17000,-55000,-38000
2012/06/13,0,24000,-18000,6000
2012/06/14,0,32000,-11000,21000
2012/06/15,0,23000,-19000,4000
2012/06/18,0,29000,-6000,23000
2012/06/19,0,1000,-4000,-3000
2012/06/20,0,13000,-22000,-9000
2012/06/21,0,123000,-55000,68000
2012/06/22,0,26000,-66000,-40000
2012/06/25,0,13000,-46000,-33000
2012/06/26,0,1000,-19000,-18000
2012/06/27,0,50000,-28000,22000
2012/06/28,0,87000,-2000,85000
2012/06/29,0,190000,-7000,183000
2012/07/02,0,8000,-94000,-86000
2012/07/03,0,139000,0,139000
2012/07/04,0,170000,0,170000
2012/07/05,0,13000,-146000,-133000
2012/07/06,0,41000,-41000,0
2012/07/09,0,5000,-83000,-78000
2012/07/10,0,26000,-92000,-66000
2012/07/11,0,29000,0,29000
2012/07/12,0,8000,-22000,-14000
2012/07/13,0,130000,-38275,91725
2012/07/16,0,0,-1600,-1600
2012/07/17,0,97000,-74000,23000
2012/07/18,0,0,-258000,-258000
2012/07/19,0,21000,-24000,-3000
2012/07/20,0,1000,-15000,-14000
2012/07/23,0,38000,-18000,20000
2012/07/24,0,198000,-10000,188000
2012/07/25,0,57000,-15000,42000
2012/07/26,0,4000,-26000,-22000
2012/07/27,0,29000,-15000,14000
2012/07/30,0,20000,-13000,7000
2012/07/31,0,34000,-17000,17000
2012/08/01,0,610000,-63000,547000
2012/08/02,0,0,0,0
2012/08/03,0,1149000,0,1149000
2012/08/06,0,1337000,0,1337000
2012/08/07,0,0,-1947000,-1947000
2012/08/08,0,5000,-488000,-483000
2012/08/09,0,52000,-1000,51000
2012/08/10,0,95000,-307000,-212000
2012/08/13,0,31000,-312000,-281000
2012/08/14,0,72000,-17000,55000
2012/08/15,0,230000,-12000,218000
2012/08/16,0,52000,-1000,51000
2012/08/17,0,67000,-117000,-50000
2012/08/20,0,25000,-16000,9000
2012/08/21,0,5000,-30000,-25000
2012/08/22,0,0,-7000,-7000
2012/08/23,0,44000,0,44000
2012/08/24,0,8000,-67000,-59000
2012/08/27,0,0,-107000,-107000
2012/08/28,0,5000,-114000,-109000
2012/08/29,0,5000,0,5000
2012/08/30,0,59000,-150000,-91000
2012/08/31,0,492000,-69000,423000
2012/09/03,0,320000,-24000,296000
2012/09/04,0,3000,-123000,-120000
2012/09/05,0,106000,-30000,76000
2012/09/06,0,24000,-25000,-1000
2012/09/07,0,12000,0,12000
2012/09/10,0,50000,-73000,-23000
2012/09/11,0,51000,-46000,5000
2012/09/12,0,58000,0,58000
2012/09/13,0,10000,-60,9940
2012/09/14,0,53000,-1000,52000
2012/09/17,0,4000,-229000,-225000
2012/09/18,0,295000,-125,294875
2012/09/19,0,18000,-83000,-65000
2012/09/20,0,0,-17000,-17000
2012/09/21,0,0,-81000,-81000
2012/09/24,0,0,-111065,-111065
2012/09/25,0,23000,-10000,13000
2012/09/26,0,14000,-12000,2000
2012/09/27,0,25000,-47000,-22000
2012/09/28,0,13000,-21000,-8000
2012/10/01,0,9000,-61000,-52000
2012/10/02,0,31000,-3000,28000
2012/10/03,0,0,-51000,-51000
2012/10/04,0,26000,-14000,12000
2012/10/05,0,15000,-38000,-23000
2012/10/08,0,12000,-163000,-151000
2012/10/09,0,68000,0,68000
2012/10/10,0,0,0,0
2012/10/11,0,271000,-122000,149000
2012/10/12,0,118000,-103000,15000
2012/10/15,0,188000,-101000,87000
2012/10/16,0,75000,-54000,21000
2012/10/17,0,89000,-126000,-37000
2012/10/18,0,139000,0,139000
2012/10/19,0,181000,-107570,73430
2012/10/22,0,20000,-38000,-18000
2012/10/23,0,11000,-553000,-542000
2012/10/24,0,323000,-449000,-126000
2012/10/25,0,109000,-136000,-27000
2012/10/26,0,161000,-57000,104000
2012/10/29,0,181000,-28000,153000
2012/10/30,0,126000,-1000,125000
2012/10/31,0,27000,-24000,3000
2012/11/01,0,121000,0,121000
2012/11/02,0,70000,-8000,62000
2012/11/05,0,136000,-74000,62000
2012/11/06,0,68000,-21000,47000
2012/11/07,0,39000,-1000,38000
2012/11/08,0,19000,0,19000
2012/11/09,0,37000,-100,36900
2012/11/12,0,0,0,0
2012/11/13,0,109000,-16000,93000
2012/11/14,0,69000,-52555,16445
2012/11/15,0,60000,-156000,-96000
2012/11/16,0,23000,-2000,21000
2012/11/19,0,7000,-106000,-99000
2012/11/20,0,12000,0,12000
2012/11/21,0,130000,-7000,123000
2012/11/22,0,87000,-15,86985
2012/11/23,0,11000,-50000,-39000
2012/11/26,0,259000,0,259000
2012/11/27,0,0,-357000,-357000
2012/11/28,0,3000,0,3000
2012/11/29,0,4000,-100000,-96000
2012/11/30,0,2000,-147970,-145970
2012/12/03,0,3000,-14000,-11000
2012/12/04,0,24000,-125270,-101270
2012/12/05,0,103000,-19000,84000
2012/12/06,0,14000,-199000,-185000
2012/12/07,0,229000,-150000,79000
2012/12/10,0,0,-194000,-194000
2012/12/11,0,9000,-25000,-16000
2012/12/12,0,14000,-2062,11938
2012/12/13,0,3000,-19000,-16000
2012/12/14,0,11000,-3000,8000
2012/12/17,0,15000,-6000,9000
2012/12/18,0,26000,-2000,24000
2012/12/19,0,1000,-114000,-113000
2012/12/20,0,0,-93000,-93000
2012/12/21,0,44000,-9000,35000
2012/12/24,0,0,-3000,-3000
2012/12/25,0,33000,-1000,32000
2012/12/26,0,0,0,0
2012/12/27,0,2,-75000,-74998
2012/12/28,0,0,-87000,-87000
2012/12/31,0,0,0,0
2013/01/01,0,0,0,0
2013/01/02,0,1000,-15000,-14000
2013/01/03,0,70000,-64000,6000
2013/01/04,0,370000,-43000,327000
2013/01/07,0,10000,0,10000
2013/01/08,0,6000,-148,5852
2013/01/09,0,15000,-5000,10000
2013/01/10,0,188000,-8000,180000
2013/01/11,0,0,-20000,-20000
2013/01/14,0,0,-67000,-67000
2013/01/15,0,15000,-48000,-33000
2013/01/16,0,50000,-35000,15000
2013/01/17,0,50000,-46000,4000
2013/01/18,0,0,-14000,-14000
2013/01/21,0,0,-26000,-26000
2013/01/22,0,4000,-43000,-39000
2013/01/23,0,236000,-34000,202000
2013/01/24,0,42000,-241000,-199000
2013/01/25,0,197000,-40000,157000
2013/01/28,0,0,-41000,-41000
2013/01/29,0,71000,-44000,27000
2013/01/30,0,41000,-114000,-73000
2013/01/31,0,133000,-130000,3000
2013/02/01,0,112000,-99000,13000
2013/02/04,0,451000,-64000,387000
2013/02/05,0,450000,-76000,374000
2013/02/06,0,90000,-221000,-131000
2013/02/07,0,0,0,0
2013/02/08,0,0,0,0
2013/02/11,0,0,0,0
2013/02/12,0,0,0,0
2013/02/13,0,0,0,0
2013/02/14,0,0,0,0
2013/02/15,0,0,0,0
2013/02/18,0,50000,-213000,-163000
2013/02/19,0,248000,-212000,36000
2013/02/20,0,397000,-855000,-458000
2013/02/21,0,67000,-135000,-68000
2013/02/22,0,7000,-120000,-113000
2013/02/25,0,4000,-115000,-111000
2013/02/26,0,29000,-64000,-35000
2013/02/27,0,10000,-168000,-158000
2013/02/28,0,0,0,0
2013/03/01,0,32000,-27000,5000
2013/03/04,0,0,-27000,-27000
2013/03/05,0,0,-173000,-173000
2013/03/06,0,46000,-35000,11000
2013/03/07,0,140000,-53000,87000
2013/03/08,0,0,-12685,-12685
2013/03/11,0,70000,-94000,-24000
2013/03/12,0,6000,-178000,-172000
2013/03/13,0,213000,-138000,75000
2013/03/14,0,99000,-125000,-26000
2013/03/15,0,74000,-87000,-13000
2013/03/18,0,44000,-404000,-360000
2013/03/19,0,44000,-134000,-90000
2013/03/20,0,30000,-110000,-80000
2013/03/21,0,25000,-31000,-6000
2013/03/22,0,25000,-10000,15000
2013/03/25,0,50000,-8000,42000
2013/03/26,0,19000,-18000,1000
2013/03/27,0,14000,-329000,-315000
2013/03/28,0,10000,0,10000
2013/03/29,0,13000,-4000,9000
2013/04/01,0,18000,-100000,-82000
2013/04/02,0,0,-5000,-5000
2013/04/03,0,902000,0,902000
2013/04/04,0,0,0,0
2013/04/05,0,0,0,0
2013/04/08,0,351000,-8000,343000
2013/04/09,0,188000,-298000,-110000
2013/04/10,0,444000,-25000,419000
2013/04/11,0,33000,-177000,-144000
2013/04/12,0,76000,-34000,42000
2013/04/15,0,7000,-351000,-344000
2013/04/16,0,34000,-8000,26000
2013/04/17,0,237000,-66070,170930
2013/04/18,0,146000,-118000,28000
2013/04/19,0,89000,-51000,38000
2013/04/22,0,10000,-113000,-103000
2013/04/23,0,65000,-19000,46000
2013/04/24,0,79000,-153000,-74000
2013/04/25,0,454000,-60000,394000
2013/04/26,0,284000,-75000,209000
2013/04/29,0,32000,-64000,-32000
2013/04/30,0,185000,-49000,136000
2013/05/01,0,0,0,0
2013/05/02,0,48000,-93000,-45000
2013/05/03,0,84000,-86000,-2000
2013/05/06,0,75000,-102000,-27000
2013/05/07,0,38000,-59000,-21000
2013/05/08,0,157000,-380000,-223000
2013/05/09,0,22000,-173000,-151000
2013/05/10,0,114000,-68000,46000
2013/05/13,0,24000,-235000,-211000
2013/05/14,0,935000,-243000,692000
2013/05/15,0,795000,-1343000,-548000
2013/05/16,0,98000,-664000,-566000
2013/05/17,0,105000,-266000,-161000
2013/05/20,0,5000,-89000,-84000
2013/05/21,0,55000,-59000,-4000
2013/05/22,0,41000,-36000,5000
2013/05/23,0,22000,-136000,-114000
2013/05/24,0,7000,-265000,-258000
2013/05/27,0,10000,-19000,-9000
2013/05/28,0,52000,-31000,21000
2013/05/29,0,43000,-28000,15000
2013/05/30,0,49000,-234000,-185000
2013/05/31,0,34000,-68214,-34214
2013/06/03,0,180000,-68000,112000
2013/06/04,0,18000,-351000,-333000
2013/06/05,0,3000,-4000,-1000
2013/06/06,0,60000,-54000,6000
2013/06/07,0,264000,-73000,191000
2013/06/10,0,356000,-126000,230000
2013/06/11,0,11000,-96000,-85000
2013/06/12,0,0,0,0
2013/06/13,0,136000,-264000,-128000
2013/06/14,0,83000,-427000,-344000
2013/06/17,0,33000,-108000,-75000
2013/06/18,0,43000,-93000,-50000
2013/06/19,0,27000,-66132,-39132
2013/06/20,0,28000,-366000,-338000
2013/06/21,0,80000,-179000,-99000
2013/06/24,0,38000,-52000,-14000
2013/06/25,0,209000,-40000,169000
2013/06/26,0,21000,-23000,-2000
2013/06/27,0,397000,-30000,367000
2013/06/28,0,40000,-212000,-172000
2013/07/01,0,64000,-222000,-158000
2013/07/02,0,68000,-92000,-24000
2013/07/03,0,32000,-47000,-15000
2013/07/04,0,52000,-124000,-72000
2013/07/05,0,42000,-1000,41000
2013/07/08,0,16000,-18000,-2000
2013/07/09,0,47000,-31000,16000
2013/07/10,0,209000,-163000,46000
2013/07/11,0,195000,-189000,6000
2013/07/12,0,6000,-32000,-26000
2013/07/15,0,29000,-59000,-30000
2013/07/16,0,3000,-67000,-64000
2013/07/17,0,16000,-4000,12000
2013/07/18,0,46000,-5000,41000
2013/07/19,0,109000,-6000,103000
2013/07/22,0,16000,-5000,11000
2013/07/23,0,85000,-10000,75000
2013/07/24,0,18000,-35000,-17000
2013/07/25,0,118000,-22000,96000
2013/07/26,0,32000,-32000,0
2013/07/29,0,15000,-41000,-26000
2013/07/30,0,23000,0,23000
2013/07/31,0,32000,-61000,-29000
2013/08/01,0,95000,-12000,83000
2013/08/02,0,668000,0,668000
2013/08/05,0,1384000,-68000,1316000
2013/08/06,0,812000,-184000,628000
2013/08/07,0,39000,-1966000,-1927000
2013/08/08,0,26000,-190000,-164000
2013/08/09,0,141000,-116000,25000
2013/08/12,0,261000,-35099,225901
2013/08/13,0,32000,-64000,-32000
2013/08/14,0,10000,-64000,-54000
2013/08/15,0,37000,-14000,23000
2013/08/16,0,128000,-150000,-22000
2013/08/19,0,42000,-38000,4000
2013/08/20,0,170000,-231000,-61000
2013/08/21,0,0,0,0
2013/08/22,0,197000,-92000,105000
2013/08/23,0,12000,-61000,-49000
2013/08/26,0,54000,0,54000
2013/08/27,0,38000,-41000,-3000
2013/08/28,0,55000,-27000,28000
2013/08/29,0,83000,-11000,72000
2013/08/30,0,152000,-412000,-260000
2013/09/02,0,13000,-347000,-334000
2013/09/03,0,107000,-66000,41000
2013/09/04,0,77000,-28000,49000
2013/09/05,0,148000,-61000,87000
2013/09/06,0,29000,-11000,18000
2013/09/09,0,488000,-53000,435000
2013/09/10,0,38000,-244000,-206000
2013/09/11,0,57000,-39000,18000
2013/09/12,0,72000,-39000,33000
2013/09/13,0,59000,-52000,7000
2013/09/16,0,36000,-13000,23000
2013/09/17,0,4000,-158000,-154000
2013/09/18,0,154509,-181000,-26491
2013/09/19,0,0,0,0
2013/09/20,0,0,0,0
2013/09/23,0,336000,-88832,247168
2013/09/24,0,15000,-139000,-124000
2013/09/25,0,49000,-78362,-29362
2013/09/26,0,79000,-107000,-28000
2013/09/27,0,69000,-63000,6000
2013/09/30,0,114000,-35398,78602
2013/10/01,0,19203,-26000,-6797
2013/10/02,0,133000,-46835,86165
2013/10/03,0,126000,-110000,16000
2013/10/04,0,136000,-1000,135000
2013/10/07,0,34000,-48000,-14000
2013/10/08,0,195000,-15000,180000
2013/10/09,0,26000,-133000,-107000
2013/10/10,0,0,0,0
2013/10/11,0,570000,-67000,503000
2013/10/14,0,55000,-226000,-171000
2013/10/15,0,85000,-48004,36996
2013/10/16,0,67000,-56188,10812
2013/10/17,0,44000,-229000,-185000
2013/10/18,0,48000,-190000,-142000
2013/10/21,0,34000,-18000,16000
2013/10/22,0,21000,-60000,-39000
2013/10/23,0,31000,-94000,-63000
2013/10/24,0,129000,-19000,110000
2013/10/25,0,104000,-76000,28000
2013/10/28,0,97000,-22000,75000
2013/10/29,0,42000,-28000,14000
2013/10/30,0,148000,-36000,112000
2013/10/31,0,152000,-303000,-151000
2013/11/01,0,320000,-147000,173000
2013/11/04,0,60000,-116000,-56000
2013/11/05,0,207000,-51632,155368
2013/11/06,0,89000,-40000,49000
2013/11/07,0,45000,-271000,-226000
2013/11/08,0,573000,-44000,529000
2013/11/11,0,380000,-429000,-49000
2013/11/12,0,272000,-361000,-89000
2013/11/13,0,488000,-303000,185000
2013/11/14,0,359000,-223231,135769
2013/11/15,0,512000,-231000,281000
2013/11/18,0,303000,-42000,261000
2013/11/19,0,357000,-5000,352000
2013/11/20,0,203000,-91029,111971
2013/11/21,0,187000,-252000,-65000
2013/11/22,0,103000,-34000,69000
2013/11/25,0,212000,-29000,183000
2013/11/26,0,161000,-6000,155000
2013/11/27,0,111000,-34000,77000
2013/11/28,0,334000,-54000,280000
2013/11/29,0,132000,-79000,53000
2013/12/02,0,72000,-73000,-1000
2013/12/03,0,96000,-209000,-113000
2013/12/04,0,128000,-71000,57000
2013/12/05,0,87000,-155000,-68000
2013/12/06,0,22000,-25000,-3000
2013/12/09,0,154000,-305000,-151000
2013/12/10,0,162000,-237000,-75000
2013/12/11,0,106000,-472000,-366000
2013/12/12,0,162000,-96000,66000
2013/12/13,0,282000,-652000,-370000
2013/12/16,0,119000,-270114,-151114
2013/12/17,0,1072000,-277000,795000
2013/12/18,0,191000,-221000,-30000
2013/12/19,0,290000,-146000,144000
2013/12/20,0,174000,-125000,49000
2013/12/23,0,81000,-328000,-247000
2013/12/24,0,64000,-112000,-48000
2013/12/25,0,43000,-84000,-41000
2013/12/26,0,63000,-77000,-14000
2013/12/27,0,9000,-38000,-29000
2013/12/30,0,23000,-128000,-105000
2013/12/31,0,40000,-36000,4000
2014/01/02,0,58000,-56000,2000
2014/01/03,0,73000,-132000,-59000
2014/01/06,0,126000,-84000,42000
2014/01/07,0,78000,-76000,2000
2014/01/08,0,73000,-23000,50000
2014/01/09,0,538000,-90000,448000
2014/01/10,0,887000,-259000,628000
2014/01/13,0,499000,-107000,392000
2014/01/14,0,179000,-56000,123000
2014/01/15,0,161000,-110000,51000
2014/01/16,0,112000,-86000,26000
2014/01/17,0,30000,-119000,-89000
2014/01/20,0,25000,-91000,-66000
2014/01/21,0,115000,-14004,100996
2014/01/22,0,102000,-90000,12000
2014/01/23,0,135000,-125000,10000
2014/01/24,0,27000,-114000,-87000
2014/01/27,0,31000,-47000,-16000
2014/02/05,0,222000,-364000,-142000
2014/02/06,0,174000,-55000,119000
2014/02/07,0,27000,-21000,6000
2014/02/10,0,175000,-50000,125000
2014/02/11,0,106000,-31000,75000
2014/02/12,0,33000,-181000,-148000
2014/02/13,0,35000,-62000,-27000
2014/02/14,0,97000,-43000,54000
2014/02/17,0,216000,-4000,212000
2014/02/18,0,808000,-61000,747000
2014/02/19,0,223000,-234000,-11000
2014/02/20,0,277000,-77000,200000
2014/02/21,0,57000,-54000,3000
2014/02/24,0,81000,-34000,47000
2014/02/25,0,11000,-20157,-9157
2014/02/26,0,279000,0,279000
2014/02/27,0,28000,-71000,-43000
2014/03/03,0,146000,-123000,23000
2014/03/04,0,369000,-10000,359000
2014/03/05,0,143000,-1000,142000
2014/03/06,0,96000,-30000,66000
2014/03/07,0,243000,-70000,173000
2014/03/10,0,21000,-131000,-110000
2014/03/11,0,13000,-48000,-35000
2014/03/12,0,6000,-175000,-169000
2014/03/13,0,30000,-136000,-106000
2014/03/14,0,204000,-351498,-147498
2014/03/17,0,27000,-223000,-196000
2014/03/18,0,76000,-115000,-39000
2014/03/19,0,29000,-105934,-76934
2014/03/20,0,43000,-93000,-50000
2014/03/21,0,0,-34000,-34000
2014/03/24,0,45000,-52000,-7000
2014/03/25,0,148000,-14000,134000
2014/03/26,0,19000,-62000,-43000
2014/03/27,0,50000,-52000,-2000
2014/03/28,0,420000,-82000,338000
2014/03/31,0,174000,-83000,91000
2014/04/01,0,62000,-66258,-4258
2014/04/02,0,11000,-40199,-29199
2014/04/03,0,385000,-59000,326000
2014/04/07,0,72000,-90000,-18000
2014/04/08,0,93000,-20000,73000
2014/04/09,0,64000,-200000,-136000
2014/04/10,0,74000,-140000,-66000
2014/04/11,0,9000,-60000,-51000
2014/04/14,0,18000,-29000,-11000
2014/04/15,0,177000,-107000,70000
2014/04/16,0,112000,-900004,-788004
2014/04/17,0,124000,-423000,-299000
2014/04/18,0,40000,-281000,-241000
2014/04/21,0,15000,-49000,-34000
2014/04/22,0,190000,-200000,-10000
2014/04/23,0,11000,-250000,-239000
2014/04/24,0,26000,-29000,-3000
2014/04/25,0,30000,-378645,-348645
2014/04/28,0,66000,-41000,25000
2014/04/29,0,15000,-86000,-71000
2014/04/30,0,62000,-85000,-23000
2014/05/02,0,2000,-22000,-20000
2014/05/05,0,0,-64000,-64000
2014/05/06,0,11000,-132000,-121000
2014/05/07,0,114000,-196000,-82000
2014/05/08,0,5000,-67000,-62000
2014/05/09,0,17000,-75000,-58000
2014/05/12,0,111000,-363000,-252000
2014/05/13,0,264000,-436000,-172000
2014/05/14,0,113000,-596000,-483000
2014/05/15,0,22000,-126000,-104000
2014/05/16,0,2000,-114000,-112000
2014/05/19,0,20000,-4000,16000
2014/05/20,0,20000,-39000,-19000
2014/05/21,0,33000,-43000,-10000
2014/05/22,0,170277,-85000,85277
2014/05/23,0,98000,-96000,2000
2014/05/26,0,10000,-77000,-67000
2014/05/27,0,0,-12000,-12000
2014/05/28,0,89000,-81000,8000
2014/05/29,0,7000,-566000,-559000
2014/05/30,0,40000,-81000,-41000
2014/06/03,0,84000,-232000,-148000
2014/06/04,0,86000,-131000,-45000
2014/06/05,0,60000,-76000,-16000
2014/06/06,0,0,-12000,-12000
2014/06/09,0,52000,-109000,-57000
2014/06/10,0,31000,-41000,-10000
2014/06/11,0,40000,-34000,6000
2014/06/12,0,6000,-39000,-33000
2014/06/13,0,40042,-101000,-60958
2014/06/16,0,0,-95000,-95000
2014/06/17,0,26000,-15000,11000
2014/06/18,0,186000,-530000,-344000
2014/06/19,0,153000,-179000,-26000
2014/06/20,0,35000,-291000,-256000
2014/06/23,0,26000,-94000,-68000
2014/06/24,0,4000,-29000,-25000
2014/06/25,0,631000,-533000,98000
2014/06/26,0,120000,-1046000,-926000
2014/06/27,0,0,-648000,-648000
2014/06/30,0,53000,-21000,32000
2014/07/01,0,47000,-69000,-22000
2014/07/02,0,44000,-34000,10000
2014/07/03,0,40000,-53000,-13000
2014/07/04,0,394000,-34000,360000
2014/07/07,0,35000,-319000,-284000
2014/07/08,0,60000,-25000,35000
2014/07/09,0,22000,-73000,-51000
2014/07/10,0,357000,-103000,254000
2014/07/11,0,58000,-363000,-305000
2014/07/14,0,35000,-44000,-9000
2014/07/15,0,123000,-58000,65000
2014/07/16,0,0,-301000,-301000
2014/07/17,0,240000,-19000,221000
2014/07/18,0,55000,-94000,-39000
2014/07/21,0,122000,-9000,113000
2014/07/22,0,10000,-55000,-45000
2014/07/23,0,0,0,0
2014/07/24,0,78000,-57000,21000
2014/07/25,0,22000,-24000,-2000
2014/07/28,0,311000,-61000,250000
2014/07/29,0,796000,-296000,500000
2014/07/30,0,202000,-188287,13713
2014/07/31,0,160000,-949000,-789000
2014/08/01,0,108000,-341000,-233000
2014/08/04,0,154000,-69000,85000
2014/08/05,0,103000,-137000,-34000
2014/08/06,0,82000,-63000,19000
2014/08/07,0,79000,-60000,19000
2014/08/08,0,241000,-1000,240000
2014/08/11,0,15000,0,15000
2014/08/12,0,159000,-86000,73000
2014/08/13,0,64000,-57000,7000
2014/08/14,0,5000,-86000,-81000
2014/08/15,0,64000,-12000,52000
2014/08/18,0,3000,-125000,-122000
2014/08/19,0,0,-15000,-15000
2014/08/20,0,39000,-327000,-288000
2014/08/21,0,81000,-240000,-159000
2014/08/22,0,304000,-243000,61000
2014/08/25,0,159000,-10000,149000
2014/08/26,0,252617,-5000,247617
2014/08/27,0,190000,-34000,156000
2014/08/28,0,414000,-223000,191000
2014/08/29,0,167000,-416000,-249000
2014/09/01,0,20000,-125000,-105000
2014/09/02,0,410000,-62000,348000
2014/09/03,0,71000,-154000,-83000
2014/09/04,0,265000,-61000,204000
2014/09/05,0,139000,-50000,89000
2014/09/09,0,50000,-18000,32000
2014/09/10,0,144000,-607000,-463000
2014/09/11,0,60000,-63000,-3000
2014/09/12,0,134000,-85591,48409
2014/09/15,0,17000,-123000,-106000
2014/09/16,0,84000,-174000,-90000
2014/09/17,0,203000,-148110,54890
2014/09/18,0,295000,-165473,129527
2014/09/19,0,104000,-519000,-415000
2014/09/22,0,320000,-93000,227000
2014/09/23,0,317000,-98842,218158
2014/09/24,0,45000,-285740,-240740
2014/09/25,0,271000,-233000,38000
2014/09/26,0,235000,-248000,-13000
2014/09/29,0,101000,-422000,-321000
2014/09/30,0,81000,-168000,-87000
2014/10/01,0,85000,-53000,32000
2014/10/02,0,59000,-57240,1760
2014/10/03,0,391000,-524501,-133501
2014/10/06,0,255000,-10000,245000
2014/10/07,0,108000,-65175,42825
2014/10/08,0,7000,-121000,-114000
2014/10/09,0,34000,-396000,-362000
2014/10/13,0,191000,-92000,99000
2014/10/14,0,97000,-199000,-102000
2014/10/15,0,718000,-74000,644000
2014/10/16,0,359000,-107000,252000
2014/10/17,0,50000,-111000,-61000
2014/10/20,0,21000,-824000,-803000
2014/10/21,0,171000,-33105,137895
2014/10/22,0,52000,-291000,-239000
2014/10/23,0,205000,-55840,149160
2014/10/24,0,95000,-362190,-267190
2014/10/27,0,121000,-84000,37000
2014/10/28,0,465000,-94000,371000
2014/10/29,0,109000,-64000,45000
2014/10/30,0,18000,-57000,-39000
2014/10/31,0,42000,-9000,33000
2014/11/03,0,5000,-121000,-116000
2014/11/04,0,3000,-111000,-108000
2014/11/05,0,47000,-50000,-3000
2014/11/06,0,117000,-73457,43543
2014/11/07,0,22000,0,22000
2014/11/10,0,19000,0,19000
2014/11/11,0,27000,-37000,-10000
2014/11/12,0,151000,-52000,99000
2014/11/13,0,173000,-46000,127000
2014/11/14,0,43000,-47000,-4000
2014/11/17,0,68000,-94000,-26000
2014/11/18,0,104000,-45000,59000
2014/11/19,0,44000,-29000,15000
2014/11/20,0,37000,-23000,14000
2014/11/21,0,241000,-6000,235000
2014/11/24,0,35000,0,35000
2014/11/25,0,1036000,0,1036000
2014/11/26,0,187000,-2000,185000
2014/11/27,0,256000,0,256000
2014/11/28,0,54000,-24707,29293
2014/12/01,0,148000,-2000,146000
2014/12/02,0,111000,-113611,-2611
2014/12/03,0,321000,-94864,226136
2014/12/04,0,228000,-66000,162000
2014/12/05,0,78000,-129000,-51000
2014/12/08,0,51000,-1000,50000
2014/12/09,0,5000,-93000,-88000
2014/12/10,0,9000,-6000,3000
2014/12/11,0,58000,-1005,56995
2014/12/12,0,93000,-421000,-328000
2014/12/15,0,27000,-320000,-293000
2014/12/16,0,171000,-14000,157000
2014/12/17,0,120000,-91000,29000
2014/12/18,0,310000,-137000,173000
2014/12/19,0,83000,-101000,-18000
2014/12/22,0,145000,-1000,144000
2014/12/23,0,192000,-230000,-38000
2014/12/24,0,46000,-60000,-14000
2014/12/25,0,47000,-8000,39000
2014/12/26,0,27000,0,27000
2014/12/29,0,2000,-33080,-31080
2014/12/30,0,39000,-43000,-4000
2014/12/31,0,56000,-28000,28000
2015/01/01,0,0,0,0
2015/01/02,0,0,0,0
2015/01/05,0,532000,-27000,505000
2015/01/06,0,0,-81000,-81000
2015/01/07,0,155000,-32000,123000
2015/01/08,0,427000,-2000,425000
2015/01/09,0,309000,-298000,11000
2015/01/12,0,217000,-300000,-83000
2015/01/13,0,1393000,-39000,1354000
2015/01/14,0,2096000,-1230000,866000
2015/01/15,0,105000,-1089000,-984000
2015/01/16,0,270000,-610187,-340187
2015/01/19,0,286000,-230000,56000
2015/01/20,0,205000,-686000,-481000
2015/01/21,0,81000,-281112,-200112
2015/01/22,0,398000,-182000,216000
2015/01/23,0,149000,-181000,-32000
2015/01/26,0,509000,-105000,404000
2015/01/27,0,41000,-213000,-172000
2015/01/28,0,40000,-99000,-59000
2015/01/29,0,221000,-80000,141000
2015/01/30,0,120000,-157000,-37000
2015/02/02,0,0,0,0
2015/02/03,0,132000,-12000,120000
2015/02/04,0,336000,-152113,183887
2015/02/05,0,253000,-297137,-44137
2015/02/06,0,156000,-90000,66000
2015/02/09,0,263000,-13572,249428
2015/02/10,0,74000,-91000,-17000
2015/02/11,0,1000,-57000,-56000
2015/02/12,0,37000,-28000,9000
2015/02/13,0,13000,-59000,-46000
2015/02/16,0,0,0,0
2015/02/17,0,0,0,0
2015/02/18,0,0,0,0
2015/02/19,0,0,0,0
2015/02/20,0,0,0,0
2015/02/23,0,0,0,0
2015/02/24,0,446000,-201000,245000
2015/02/25,0,103000,-58000,45000
2015/02/26,0,1533000,-956000,577000
2015/02/27,0,0,0,0
2015/03/02,0,1351000,-1017000,334000
2015/03/03,0,954000,-276000,678000
2015/03/04,0,1594000,-1187000,407000
2015/03/05,0,657000,-1337113,-680113
2015/03/06,0,277000,-721000,-444000
2015/03/09,0,433000,-153391,279609
2015/03/10,0,279000,-222000,57000
2015/03/11,0,330000,-22000,308000
2015/03/12,0,730000,-508015,221985
2015/03/13,0,479000,-1962000,-1483000
2015/03/16,0,291000,-193000,98000
2015/03/17,0,28000,-910113,-882113
2015/03/18,0,12000,-150000,-138000
2015/03/19,0,112000,-203000,-91000
2015/03/20,0,69000,-110000,-41000
2015/03/23,0,489000,-312000,177000
2015/03/24,0,399000,-58000,341000
2015/03/25,0,217000,-249000,-32000
2015/03/26,0,57000,-924000,-867000
2015/03/27,0,30000,-159000,-129000
2015/03/30,0,12000,-34000,-22000
2015/03/31,0,11000,-340000,-329000
2015/04/01,0,36000,-78000,-42000
2015/04/02,0,2000,-288000,-286000
2015/04/03,0,0,0,0
2015/04/06,0,0,0,0
2015/04/07,0,885000,-6000,879000
2015/04/08,0,1004000,-445000,559000
2015/04/09,0,244000,-675000,-431000
2015/04/10,0,328000,-333000,-5000
2015/04/13,0,35000,-248000,-213000
2015/04/14,0,262000,-123000,139000
2015/04/15,0,96000,-585000,-489000
2015/04/16,0,4000,-87000,-83000
2015/04/17,0,32000,-118000,-86000
2015/04/20,0,277000,-101000,176000
2015/04/21,0,22000,-85000,-63000
2015/04/22,0,48000,-124000,-76000
2015/04/23,0,26000,-16000,10000
2015/04/24,0,129000,-36000,93000
2015/04/27,0,1023000,-84000,939000
2015/04/28,0,304000,-372000,-68000
2015/04/29,0,84000,-78000,6000
2015/04/30,0,282000,-133000,149000
2015/05/01,0,0,0,0
2015/05/04,0,67000,-58000,9000
2015/05/05,0,11000,-114000,-103000
2015/05/06,0,219000,-192000,27000
2015/05/07,0,11000,-121000,-110000
2015/05/08,0,3000,-57000,-54000
2015/05/11,0,24000,-77000,-53000
2015/05/12,0,150000,-200000,-50000
2015/05/13,0,97000,-76000,21000
2015/05/14,0,908000,-93000,815000
2015/05/15,0,19000,-799000,-780000
2015/05/18,0,20000,-172000,-152000
2015/05/19,0,159000,-58000,101000
2015/05/20,0,1135000,-147000,988000
2015/05/21,0,87000,-72000,15000
2015/05/22,0,20000,-23000,-3000
2015/05/25,0,91000,-28000,63000
2015/05/26,0,33000,-146000,-113000
2015/05/27,0,22000,-72000,-50000
2015/05/28,0,1000,-45000,-44000
2015/05/29,0,13000,-53000,-40000
2015/06/01,0,234000,-136000,98000
2015/06/02,0,19000,-195000,-176000
2015/06/03,0,25000,-96000,-71000
2015/06/04,0,75000,-73000,2000
2015/06/05,0,89000,-43000,46000
2015/06/08,0,79000,-167000,-88000
2015/06/09,0,165000,-393000,-228000
2015/06/10,0,79000,-2000,77000
2015/06/11,0,69000,-47000,22000
2015/06/12,0,50000,-7000,43000
2015/06/15,0,51000,-72000,-21000
2015/06/16,0,273000,-25000,248000
2015/06/17,0,243000,-110000,133000
2015/06/18,0,196000,-214000,-18000
2015/06/19,0,0,0,0
2015/06/22,0,119000,-75000,44000
2015/06/23,0,76000,-101000,-25000
2015/06/24,0,72000,-63000,9000
2015/06/25,0,178000,-43000,135000
2015/06/26,0,15000,-15000,0
2015/06/29,0,22000,-111000,-89000
2015/06/30,0,30000,-283000,-253000
2015/07/01,0,140000,-42000,98000
2015/07/02,0,20000,-127000,-107000
2015/07/03,0,27000,-36000,-9000
2015/07/06,0,106000,-17000,89000
2015/07/07,0,33000,-152000,-119000
2015/07/08,0,225000,-41000,184000
2015/07/09,0,324000,-344000,-20000
2015/07/10,0,0,0,0
2015/07/13,0,349000,-225000,124000
2015/07/14,0,74000,-620000,-546000
2015/07/15,0,121000,-243000,-122000
2015/07/16,0,23000,-131000,-108000
2015/07/17,0,59000,-21000,38000
2015/07/20,0,67000,-61000,6000
2015/07/21,0,1182000,-89000,1093000
2015/07/22,0,430000,-272000,158000
2015/07/23,0,484000,-193000,291000
2015/07/24,0,494000,-70000,424000
2015/07/27,0,411000,-67000,344000
2015/07/28,0,520000,-31000,489000
2015/07/29,0,36000,-64000,-28000
2015/07/30,0,134000,-61000,73000
2015/07/31,0,41000,-104000,-63000
2015/08/03,0,76000,-203000,-127000
2015/08/04,0,428000,-76000,352000
2015/08/05,0,146000,-12000,134000
2015/08/06,0,328000,-33371,294629
2015/08/07,0,618000,-570397,47603
2015/08/10,0,96000,-320000,-224000
2015/08/11,0,295000,-328000,-33000
2015/08/12,0,203000,-122000,81000
2015/08/13,0,101000,-12000,89000
2015/08/14,0,469000,-220000,249000
2015/08/17,0,247000,-156000,91000
2015/08/18,0,768000,-102000,666000
2015/08/19,0,447000,-945000,-498000
2015/08/20,0,236000,-607000,-371000
2015/08/21,0,386000,-174000,212000
2015/08/24,0,662000,-657000,5000
2015/08/25,0,565000,-319000,246000
2015/08/26,0,300000,-188000,112000
2015/08/27,0,247000,-136000,111000
2015/08/28,0,115000,-304000,-189000
2015/08/31,0,101000,-166000,-65000
2015/09/01,0,99000,-260000,-161000
2015/09/02,0,45000,-132924,-87924
2015/09/03,0,34000,-200000,-166000
2015/09/04,0,2000,-218000,-216000
2015/09/07,0,120000,-83000,37000
2015/09/08,0,154000,-21000,133000
2015/09/09,0,301000,-87000,214000
2015/09/10,0,107000,-435000,-328000
2015/09/11,0,86000,-117000,-31000
2015/09/14,0,64000,-64710,-710
2015/09/15,0,63000,-400805,-337805
2015/09/16,0,200000,-53000,147000
2015/09/17,0,337000,-162000,175000
2015/09/18,0,19000,-206000,-187000
2015/09/21,0,48000,-84005,-36005
2015/09/22,0,0,-131060,-131060
2015/09/23,0,152000,-98000,54000
2015/09/24,0,242000,-31000,211000
2015/09/25,0,186000,-10000,176000
2015/09/28,0,0,0,0
2015/09/29,0,0,0,0
2015/09/30,0,347000,-343000,4000
2015/10/01,0,79000,-133000,-54000
2015/10/02,0,77000,-42000,35000
2015/10/05,0,97000,-12000,85000
2015/10/06,0,389000,-362005,26995
2015/10/07,0,45000,-338080,-293080
2015/10/08,0,9000,-119000,-110000
2015/10/09,0,0,0,0
2015/10/12,0,207000,-22000,185000
2015/10/13,0,80000,-97000,-17000
2015/10/14,0,34000,-58000,-24000
2015/10/15,0,148000,-73000,75000
2015/10/16,0,90000,-159000,-69000
2015/10/19,0,0,-43000,-43000
2015/10/20,0,148000,-72000,76000
2015/10/21,0,49000,-102000,-53000
2015/10/22,0,147000,-94000,53000
2015/10/23,0,78000,-135675,-57675
2015/10/26,0,2000,-43000,-41000
2015/10/27,0,17000,-11000,6000
2015/10/28,0,45000,-64000,-19000
2015/10/29,0,89000,-84095,4905
2015/10/30,0,32000,-28000,4000
2015/11/02,0,44000,-10000,34000
2015/11/03,0,432000,-72000,360000
2015/11/04,0,331000,-202000,129000
2015/11/05,0,33000,-355000,-322000
2015/11/06,0,45000,-124000,-79000
2015/11/09,0,25000,-15000,10000
2015/11/10,0,51000,-38000,13000
2015/11/11,0,99000,-92000,7000
2015/11/12,0,158000,-50000,108000
2015/11/13,0,123000,-104000,19000
2015/11/16,0,91000,-19110,71890
2015/11/17,0,348000,-42000,306000
2015/11/18,0,36000,-400000,-364000
2015/11/19,0,82000,-108000,-26000
2015/11/20,0,45000,-26545,18455
2015/11/23,0,434000,-112000,322000
2015/11/24,0,60000,-364000,-304000
2015/11/25,0,264000,-32000,232000
2015/11/26,0,279000,-149000,130000
2015/11/27,0,81000,-234000,-153000
2015/11/30,0,318000,-9000,309000
2015/12/01,0,565000,-47000,518000
2015/12/02,0,274000,-206060,67940
2015/12/03,0,195000,-229000,-34000
2015/12/04,0,17000,-246000,-229000
2015/12/07,0,196000,-151000,45000
2015/12/08,0,8000,-115000,-107000
2015/12/09,0,16000,-58000,-42000
2015/12/10,0,44000,-151000,-107000
2015/12/11,0,33000,-130000,-97000
2015/12/14,0,51000,-27000,24000
2015/12/15,0,139000,-11000,128000
2015/12/16,0,59000,-300000,-241000
2015/12/17,0,4000,-9000,-5000
2015/12/18,0,163000,-77000,86000
2015/12/21,0,37000,-77000,-40000
2015/12/22,0,53000,-92000,-39000
2015/12/23,0,13000,-44000,-31000
2015/12/24,0,6000,-35000,-29000
2015/12/25,0,21000,-15000,6000
2015/12/28,0,16000,-28000,-12000
2015/12/29,0,78000,-66000,12000
2015/12/30,0,34000,-19000,15000
2015/12/31,0,11000,-110000,-99000
2016/01/01,0,0,0,0
2016/01/04,0,98000,-113000,-15000
2016/01/05,0,124000,-68000,56000
2016/01/06,0,245000,-127000,118000
2016/01/07,0,401000,-35000,366000
2016/01/08,0,165000,-160000,5000
2016/01/11,0,331000,-62896,268104
2016/01/12,0,18000,-141000,-123000
2016/01/13,0,109000,-10000,99000
2016/01/14,0,145000,-80000,65000
2016/01/15,0,142000,-149000,-7000
2016/01/18,0,222000,-5000,217000
2016/01/19,0,30000,-122000,-92000
2016/01/20,0,101000,-318000,-217000
2016/01/21,0,59000,-33000,26000
2016/01/22,0,198000,-16000,182000
2016/01/25,0,377000,-78000,299000
2016/01/26,0,144000,-133000,11000
2016/01/27,0,207000,-298000,-91000
2016/01/28,0,288000,-297000,-9000
2016/01/29,0,218000,-164000,54000
2016/02/01,0,117000,-136000,-19000
2016/02/02,0,455000,-236000,219000
2016/02/03,0,82000,-239000,-157000
2016/02/04,0,0,0,0
2016/02/05,0,0,0,0
2016/02/08,0,0,0,0
2016/02/09,0,0,0,0
2016/02/10,0,0,0,0
2016/02/11,0,0,0,0
2016/02/12,0,0,0,0
2016/02/15,0,57000,-250000,-193000
2016/02/16,0,788000,-324000,464000
2016/02/17,0,663000,-498000,165000
2016/02/18,0,147000,-438000,-291000
2016/02/19,0,3000,-181000,-178000
2016/02/22,0,91000,-104000,-13000
2016/02/23,0,392000,-183000,209000
2016/02/24,0,0,-327000,-327000
2016/02/25,0,65000,-42000,23000
2016/02/26,0,61000,-354000,-293000
2016/02/29,0,0,0,0
2016/03/01,0,306000,-53000,253000
2016/03/02,0,72000,-146000,-74000
2016/03/03,0,128000,-105000,23000
2016/03/04,0,52000,-63000,-11000
2016/03/07,0,63000,-101000,-38000
2016/03/08,0,2000,-143000,-141000
2016/03/09,0,0,-172000,-172000
2016/03/10,0,0,-14000,-14000
2016/03/11,0,71000,-79734,-8734
2016/03/14,0,37000,-133000,-96000
2016/03/15,0,320000,-20000,300000
2016/03/16,0,209000,-375000,-166000
2016/03/17,0,7000,-193000,-186000
2016/03/18,0,12000,-95000,-83000
2016/03/21,0,177000,-5000,172000
2016/03/22,0,45000,-83000,-38000
2016/03/23,0,19000,-10000,9000
2016/03/24,0,433000,-30000,403000
2016/03/25,0,163000,-272000,-109000
2016/03/28,0,108000,-134000,-26000
2016/03/29,0,65000,-127000,-62000
2016/03/30,0,435000,-65000,370000
2016/03/31,0,254000,-197000,57000
2016/04/01,0,14000,-163000,-149000
2016/04/04,0,0,0,0
2016/04/05,0,0,0,0
2016/04/06,0,305000,-316000,-11000
2016/04/07,0,151000,-142000,9000
2016/04/08,0,12000,-126000,-114000
2016/04/11,0,80000,-71000,9000
2016/04/12,0,25000,-113000,-88000
2016/04/13,0,70000,-623000,-553000
2016/04/14,0,687000,-803000,-116000
2016/04/15,0,181000,-398000,-217000
2016/04/18,0,38000,-566000,-528000
2016/04/19,0,273000,-965000,-692000
2016/04/20,0,89000,-475000,-386000
2016/04/21,0,136000,-13000,123000
2016/04/22,0,97000,-110000,-13000
2016/04/25,0,13000,-102000,-89000
2016/04/26,0,84000,-38000,46000
2016/04/27,0,41000,-337000,-296000
2016/04/28,0,34000,-103000,-69000
2016/04/29,0,235000,-41000,194000
2016/05/02,0,0,0,0
2016/05/03,0,251000,-169000,82000
2016/05/04,0,269000,-236255,32745
2016/05/05,0,242000,-35000,207000
2016/05/06,0,322000,-56000,266000
2016/05/09,0,108000,-62000,46000
2016/05/10,0,134000,-80000,54000
2016/05/11,0,99000,-129000,-30000
2016/05/12,0,75000,-65000,10000
2016/05/13,0,323000,-389000,-66000
2016/05/16,0,231000,-72000,159000
2016/05/17,0,60000,-83000,-23000
2016/05/18,0,312000,-261000,51000
2016/05/19,0,85000,-167000,-82000
2016/05/20,0,45000,-15000,30000
2016/05/23,0,102000,-38000,64000
2016/05/24,0,309000,-429000,-120000
2016/05/25,0,85000,-123000,-38000
2016/05/26,0,100000,-75000,25000
2016/05/27,0,68000,-47000,21000
2016/05/30,0,33000,-64000,-31000
2016/05/31,0,0,-29000,-29000
2016/06/01,0,290000,-188000,102000
2016/06/02,0,5000,-146000,-141000
2016/06/03,0,60000,-57000,3000
2016/06/06,0,17000,-205000,-188000
2016/06/07,0,269000,-173000,96000
2016/06/08,0,73000,-98000,-25000
2016/06/09,0,0,0,0
2016/06/10,0,0,0,0
2016/06/13,0,36000,-224000,-188000
2016/06/14,0,143000,-29000,114000
2016/06/15,0,64000,-769000,-705000
2016/06/16,0,54000,-311000,-257000
2016/06/17,0,337000,-339000,-2000
2016/06/20,0,112000,-114000,-2000
2016/06/21,0,251000,-209000,42000
2016/06/22,0,69000,-126000,-57000
2016/06/23,0,18000,-197000,-179000
2016/06/24,0,149000,-263000,-114000
2016/06/27,0,42000,-67000,-25000
2016/06/28,0,153000,-47000,106000
2016/06/29,0,65000,-82000,-17000
2016/06/30,0,61000,-408000,-347000
2016/07/01,0,371000,-155000,216000
2016/07/04,0,349000,-196000,153000
2016/07/05,0,26000,-165000,-139000
2016/07/06,0,108000,-307000,-199000
2016/07/07,0,20000,-182000,-162000
2016/07/08,0,0,0,0
2016/07/11,0,280000,-230000,50000
2016/07/12,0,204000,-260000,-56000
2016/07/13,0,52000,-407000,-355000
2016/07/14,0,63000,-169000,-106000
2016/07/15,0,19000,-124000,-105000
2016/07/18,0,67000,-319000,-252000
2016/07/19,0,60000,-157000,-97000
2016/07/20,0,32000,-127000,-95000
2016/07/21,0,77000,-150000,-73000
2016/07/22,0,57000,-97000,-40000
2016/07/25,0,9000,-119000,-110000
2016/07/26,0,256000,-78000,178000
2016/07/27,0,11000,-184000,-173000
2016/07/28,0,106000,-112000,-6000
2016/07/29,0,40000,-74000,-34000
2016/08/01,0,63000,-178000,-115000
2016/08/02,0,67000,-91000,-24000
2016/08/03,0,40000,-67000,-27000
2016/08/04,0,14000,-134000,-120000
2016/08/05,0,310000,-79000,231000
2016/08/08,0,54000,-50000,4000
2016/08/09,0,395000,-33000,362000
2016/08/10,0,124000,-427000,-303000
2016/08/11,0,85000,-355000,-270000
2016/08/12,0,190000,-355000,-165000
2016/08/15,0,35000,-83000,-48000
2016/08/16,0,10000,-122000,-112000
2016/08/17,0,36000,-186000,-150000
2016/08/18,0,7000,-67000,-60000
2016/08/19,0,31000,-113000,-82000
2016/08/22,0,12000,-94000,-82000
2016/08/23,0,1698000,-14742,1683258
2016/08/24,0,94000,-1015000,-921000
2016/08/25,0,125000,-411000,-286000
2016/08/26,0,28000,-146000,-118000
2016/08/29,0,19000,-255000,-236000
2016/08/30,0,189094,-140000,49094
2016/08/31,0,3377,-205000,-201623
2016/09/01,0,5000,-67000,-62000
2016/09/02,0,2661,-73035,-70374
2016/09/05,0,273000,-23000,250000
2016/09/06,0,461000,-191000,270000
2016/09/07,0,99000,-325000,-226000
2016/09/08,0,173000,-329000,-156000
2016/09/09,0,19000,-135000,-116000
2016/09/12,0,10000,-222000,-212000
2016/09/13,0,361000,-35000,326000
2016/09/14,0,23000,-51000,-28000
2016/09/15,0,0,0,0
2016/09/16,0,0,0,0
2016/09/19,0,71000,-40000,31000
2016/09/20,0,52000,-93000,-41000
2016/09/21,0,46000,-47000,-1000
2016/09/22,0,18000,-25000,-7000
2016/09/23,0,27000,-342000,-315000
2016/09/26,0,1000,-67000,-66000
2016/09/27,0,0,0,0
2016/09/28,0,0,0,0
2016/09/29,0,85000,-23998,61002
2016/09/30,0,217000,-153685,63315
2016/10/03,0,103000,-114000,-11000
2016/10/04,0,30000,0,30000
2016/10/05,0,0,-153000,-153000
2016/10/06,0,40000,-7175,32825
2016/10/07,0,72000,-45342,26658
2016/10/10,0,0,0,0
2016/10/11,0,91000,-40000,51000
2016/10/12,0,78000,-31099,46901
2016/10/13,0,78000,-22000,56000
2016/10/14,0,61000,-26000,35000
2016/10/17,0,21000,-76000,-55000
2016/10/18,0,99000,-11000,88000
2016/10/19,0,99000,-109000,-10000
2016/10/20,0,149000,-73000,76000
2016/10/21,0,50000,-139000,-89000
2016/10/24,0,20000,-29000,-9000
2016/10/25,0,143000,-5000,138000
2016/10/26,0,580000,-45000,535000
2016/10/27,0,128000,-178000,-50000
2016/10/28,0,154000,-4000,150000
2016/10/31,0,275000,-132000,143000
2016/11/01,0,101000,-189000,-88000
2016/11/02,0,251000,-34000,217000
2016/11/03,0,126000,0,126000
2016/11/04,0,62000,-155,61845
2016/11/07,0,135001,-12000,123001
2016/11/08,0,155000,-105000,50000
2016/11/09,0,363000,-468000,-105000
2016/11/10,0,206000,-249000,-43000
2016/11/11,0,756000,-233000,523000
2016/11/14,0,474000,-849000,-375000
2016/11/15,0,347000,-300000,47000
2016/11/16,0,248000,-85000,163000
2016/11/17,0,72000,-302000,-230000
2016/11/18,0,82000,-506000,-424000
2016/11/21,0,103000,-144000,-41000
2016/11/22,0,494000,-169000,325000
2016/11/23,0,214000,-145000,69000
2016/11/24,0,196000,-169000,27000
2016/11/25,0,78000,-76000,2000
2016/11/28,0,118000,-70726,47274
2016/11/29,0,113000,-311000,-198000
2016/11/30,0,27000,-268000,-241000
2016/12/01,0,27000,-46000,-19000
2016/12/02,0,71000,-104000,-33000
2016/12/05,0,28000,-103000,-75000
2016/12/06,0,245000,-36000,209000
2016/12/07,0,24000,-152000,-128000
2016/12/08,0,237000,-72000,165000
2016/12/09,0,10000,-31000,-21000
2016/12/12,0,17000,-8000,9000
2016/12/13,0,25000,-17000,8000
2016/12/14,0,11000,-115000,-104000
2016/12/15,0,283000,-18050,264950
2016/12/16,0,112000,-133000,-21000
2016/12/19,0,57000,-32000,25000
2016/12/20,0,60000,-19000,41000
2016/12/21,0,117000,-20000,97000
2016/12/22,0,98000,-25000,73000
2016/12/23,0,252000,-69000,183000
2016/12/26,0,26000,-5000,21000
2016/12/27,0,22000,-3000,19000
2016/12/28,0,63000,-21000,42000
2016/12/29,0,26000,-36000,-10000
2016/12/30,0,42000,-91000,-49000
2017/01/02,0,0,0,0
2017/01/03,0,36000,-19000,17000
2017/01/04,0,54000,-273000,-219000
2017/01/05,0,174000,-50000,124000
2017/01/06,0,121000,-54000,67000
2017/01/09,0,58000,-72000,-14000
2017/01/10,0,172000,-51000,121000
2017/01/11,0,237000,-216000,21000
2017/01/12,0,99000,-157000,-58000
2017/01/13,0,15000,-127000,-112000
2017/01/16,0,223000,-241000,-18000
2017/01/17,0,21000,-98000,-77000
2017/01/18,0,242000,-156000,86000
2017/01/19,0,185000,-132000,53000
2017/01/20,0,92000,-64000,28000
2017/01/23,0,54000,-341000,-287000
2017/01/24,0,261000,-108000,153000
2017/01/25,0,0,0,0
2017/01/26,0,0,0,0
2017/01/27,0,0,0,0
2017/01/30,0,0,0,0
2017/01/31,0,0,0,0
2017/02/01,0,0,0,0
2017/02/02,0,122000,-381000,-259000
2017/02/03,0,105000,-111000,-6000
2017/02/06,0,212000,-54000,158000
2017/02/07,0,100000,-6000,94000
2017/02/08,0,738000,-137000,601000
2017/02/09,0,460000,-586000,-126000
2017/02/10,0,415000,-574029,-159029
2017/02/13,0,14000,-139000,-125000
2017/02/14,0,13000,-212000,-199000
2017/02/15,0,136000,-376139,-240139
2017/02/16,0,6000,-264000,-258000
2017/02/17,0,117000,-48000,69000
2017/02/20,0,40000,-31000,9000
2017/02/21,0,60000,-67040,-7040
2017/02/22,0,87000,-27000,60000
2017/02/23,0,1001000,-80000,921000
2017/02/24,0,247000,-156000,91000
2017/02/27,0,0,0,0
2017/02/28,0,0,0,0
2017/03/01,0,471000,-727000,-256000
2017/03/02,0,44000,-575000,-531000
2017/03/03,0,0,-241000,-241000
2017/03/06,0,1000,-57000,-56000
2017/03/07,0,0,-25000,-25000
2017/03/08,0,42000,-21000,21000
2017/03/09,0,1000,-98000,-97000
2017/03/10,0,66000,-37000,29000
2017/03/13,0,118000,-71000,47000
2017/03/14,0,109000,-142000,-33000
2017/03/15,0,33000,-64000,-31000
2017/03/16,0,704000,-155000,549000
2017/03/17,0,161000,-526000,-365000
2017/03/20,0,123000,-176000,-53000
2017/03/21,0,48000,-107000,-59000
2017/03/22,0,255000,-52000,203000
2017/03/23,0,71000,-347000,-276000
2017/03/24,0,12000,-42000,-30000
2017/03/27,0,52000,0,52000
2017/03/28,0,103000,-66000,37000
2017/03/29,0,100000,-56000,44000
2017/03/30,0,2000,-34000,-32000
2017/03/31,0,0,-30000,-30000
2017/04/03,0,0,0,0
2017/04/04,0,0,0,0
2017/04/05,0,82000,-2000,80000
2017/04/06,0,1000,-57000,-56000
2017/04/07,0,10000,-8000,2000
2017/04/10,0,6000,0,6000
2017/04/11,0,37000,-17000,20000
2017/04/12,0,20000,-10000,10000
2017/04/13,0,65000,-3000,62000
2017/04/14,0,65000,-54000,11000
2017/04/17,0,95000,-10000,85000
2017/04/18,0,58000,-24000,34000
2017/04/19,0,76000,-130000,-54000
2017/04/20,0,66000,-89000,-23000
2017/04/21,0,43000,-21000,22000
2017/04/24,0,73000,-14000,59000
2017/04/25,0,21000,-60000,-39000
2017/04/26,0,199000,-24000,175000
2017/04/27,0,86000,-139000,-53000
2017/04/28,0,22000,-56000,-34000
2017/05/01,0,0,0,0
2017/05/02,0,39000,-60000,-21000
2017/05/03,0,0,-37000,-37000
2017/05/04,0,0,-31000,-31000
2017/05/05,0,46000,-33000,13000
2017/05/08,0,13000,-32000,-19000
2017/05/09,0,0,-45724,-45724
2017/05/10,0,19000,-52000,-33000
2017/05/11,0,16000,-18000,-2000
2017/05/12,0,13000,-85000,-72000
2017/05/15,0,211000,-8000,203000
2017/05/16,0,3000,-135000,-132000
2017/05/17,0,28000,-56000,-28000
2017/05/18,0,26000,-65000,-39000
2017/05/19,0,0,-26000,-26000
2017/05/22,0,85000,-17000,68000
2017/05/23,0,171000,-41000,130000
2017/05/24,0,108000,-39860,68140
2017/05/25,0,19000,-17000,2000
2017/05/26,0,16000,-19000,-3000
2017/05/29,0,0,0,0
2017/05/30,0,0,0,0
2017/05/31,0,2000,-45000,-43000
2017/06/01,0,155000,-18000,137000
2017/06/02,0,10000,-27000,-17000
2017/06/05,0,99000,-43000,56000
2017/06/06,0,78000,-109111,-31111
2017/06/07,0,1000,-30000,-29000
2017/06/08,0,128000,-20000,108000
2017/06/09,0,10000,-45000,-35000
2017/06/12,0,7000,-79000,-72000
2017/06/13,0,7000,-28000,-21000
2017/06/14,0,20000,-30000,-10000
2017/06/15,0,0,-21000,-21000
2017/06/16,0,10000,0,10000
2017/06/19,0,29000,-116000,-87000
2017/06/20,0,50000,-25000,25000
2017/06/21,0,113000,-97000,16000
2017/06/22,0,705000,-36000,669000
2017/06/23,0,91000,-510000,-419000
2017/06/26,0,212000,-59000,153000
2017/06/27,0,72000,-33000,39000
2017/06/28,0,129000,-39000,90000
2017/06/29,0,0,-84000,-84000
2017/06/30,0,4000,-14000,-10000
2017/07/03,0,8000,-36000,-28000
2017/07/04,0,21000,-79000,-58000
2017/07/05,0,372000,-49000,323000
2017/07/06,0,3000,-177000,-174000
2017/07/07,0,19000,-106000,-87000
2017/07/10,0,0,-123000,-123000
2017/07/11,0,33000,0,33000
2017/07/12,0,1000,-107000,-106000
2017/07/13,0,121000,-74000,47000
2017/07/14,0,48000,-120000,-72000
2017/07/17,0,326000,-75000,251000
2017/07/18,0,28000,-257000,-229000
2017/07/19,0,78000,-143000,-65000
2017/07/20,0,82000,-98000,-16000
2017/07/21,0,9000,-48000,-39000
2017/07/24,0,65000,-32000,33000
2017/07/25,0,66000,-84000,-18000
2017/07/26,0,3000,-155000,-152000
2017/07/27,0,158000,-8000,150000
2017/07/28,0,509000,-7000,502000
2017/07/31,0,695000,-110000,585000
2017/08/01,0,765000,-10000,755000
2017/08/02,0,340000,-367000,-27000
2017/08/03,0,0,-37000,-37000
2017/08/04,0,72000,-27000,45000
2017/08/07,0,35000,-29000,6000
2017/08/08,0,75000,-30000,45000
2017/08/09,0,1057000,-91000,966000
2017/08/10,0,104000,-661000,-557000
2017/08/11,0,45000,-82000,-37000
2017/08/14,0,58000,-67000,-9000
2017/08/15,0,30000,-122000,-92000
2017/08/16,0,77000,-125000,-48000
2017/08/17,0,3000,-53000,-50000
2017/08/18,0,24000,-21000,3000
