Date,Open,Buy,Sell,Total
2007/01/02,0,6504000,-1171000,5333000
2007/01/03,0,5762000,-2181000,3581000
2007/01/04,0,12053000,-3949588,8103412
2007/01/05,0,5412000,-3309000,2103000
2007/01/08,0,4484000,-1971778,2512222
2007/01/09,0,3837000,-1315106,2521894
2007/01/10,0,7531929,-2658406,4873523
2007/01/11,0,6666830,-764000,5902830
2007/01/12,0,8491000,-4746785,3744215
2007/01/15,0,15515000,-15442204,72796
2007/01/16,0,11701000,-11514205,186795
2007/01/17,0,27547000,-27444738,102262
2007/01/18,0,7020000,-5691925,1328075
2007/01/19,0,5360000,-3125329,2234671
2007/01/22,0,10552000,-7009152,3542848
2007/01/23,0,5079000,-3811000,1268000
2007/01/24,0,9667000,-3609904,6057096
2007/01/25,0,5875000,-3764281,2110719
2007/01/26,0,4104000,-1957000,2147000
2007/01/29,0,2666000,-1107860,1558140
2007/01/30,0,7386740,-1847413,5539327
2007/01/31,0,8045000,-4064159,3980841
2007/02/01,0,2137500,-2517538,-380038
2007/02/02,0,2072000,-401000,1671000
2007/02/05,0,3071000,-1286819,1784181
2007/02/06,0,5335830,-4778817,557013
2007/02/07,0,2280000,-966319,1313681
2007/02/08,0,2184000,-4380533,-2196533
2007/02/09,0,2200000,-1594000,606000
2007/02/12,0,1580000,-2684234,-1104234
2007/02/13,0,4148000,-3506878,641122
2007/02/14,0,11765000,-10491579,1273421
2007/02/15,0,0,0,0
2007/02/16,0,0,0,0
2007/02/19,0,0,0,0
2007/02/20,0,0,0,0
2007/02/21,0,0,0,0
2007/02/22,0,0,0,0
2007/02/23,0,0,0,0
2007/02/26,0,9768379,-5664768,4103611
2007/02/27,0,1952000,-595118,1356882
2007/02/28,0,0,0,0
2007/03/01,0,9593000,-9572000,21000
2007/03/02,0,3838000,-1959000,1879000
2007/03/05,0,6819000,-7792853,-973853
2007/03/06,0,4539000,-6946000,-2407000
2007/03/07,0,4522000,-7197322,-2675322
2007/03/08,0,7842459,-11187170,-3344711
2007/03/09,0,377000,-2312000,-1935000
2007/03/12,0,230011,-1942066,-1712055
2007/03/13,0,1221000,-6009960,-4788960
2007/03/14,0,1094000,-7435000,-6341000
2007/03/15,0,1090000,-2417344,-1327344
2007/03/16,0,6020000,-4592000,1428000
2007/03/19,0,6580000,-7176401,-596401
2007/03/20,0,5352514,-7713120,-2360606
2007/03/21,0,3739000,-4105196,-366196
2007/03/22,0,6570000,-2045001,4524999
2007/03/23,0,2441000,-823000,1618000
2007/03/26,0,2584000,-2600000,-16000
2007/03/27,0,928000,-1963097,-1035097
2007/03/28,0,889000,-1045000,-156000
2007/03/29,0,3450000,-5098854,-1648854
2007/03/30,0,2681800,-7460000,-4778200
2007/04/02,0,4265000,-6974510,-2709510
2007/04/03,0,1498000,-6753602,-5255602
2007/04/04,0,2675001,-6602000,-3926999
2007/04/05,0,0,0,0
2007/04/06,0,0,0,0
2007/04/09,0,2657000,-2095000,562000
2007/04/10,0,4253000,-7777532,-3524532
2007/04/11,0,1225000,-1324712,-99712
2007/04/12,0,4608000,-4434500,173500
2007/04/13,0,2526000,-2718000,-192000
2007/04/16,0,3145000,-2728112,416888
2007/04/17,0,9903000,-9537119,365881
2007/04/18,0,13965000,-15272000,-1307000
2007/04/19,0,9356000,-11789604,-2433604
2007/04/20,0,1955000,-2739866,-784866
2007/04/23,0,2861000,-2380614,480386
2007/04/24,0,4026000,-5345000,-1319000
2007/04/25,0,664000,-2382090,-1718090
2007/04/26,0,1203000,-3314000,-2111000
2007/04/27,0,321000,-4525000,-4204000
2007/04/30,0,4243000,-4458361,-215361
2007/05/01,0,0,0,0
2007/05/02,0,2638000,-3276000,-638000
2007/05/03,0,1266800,-4189000,-2922200
2007/05/04,0,1945000,-9095181,-7150181
2007/05/07,0,6588000,-7664000,-1076000
2007/05/08,0,1138077,-3439000,-2300923
2007/05/09,0,2287000,-3277515,-990515
2007/05/10,0,2475000,-6237000,-3762000
2007/05/11,0,1883000,-6268345,-4385345
2007/05/14,0,1925000,-5400000,-3475000
2007/05/15,0,1551000,-7811000,-6260000
2007/05/16,0,9747532,-10946001,-1198469
2007/05/17,0,5112000,-6568337,-1456337
2007/05/18,0,5603000,-6758130,-1155130
2007/05/21,0,9883000,-12645697,-2762697
2007/05/22,0,24408000,-28637000,-4229000
2007/05/23,0,6474000,-6998000,-524000
2007/05/24,0,2512335,-2296000,216335
2007/05/25,0,579119,-2904000,-2324881
2007/05/28,0,1147000,-607000,540000
2007/05/29,0,2366796,-1986000,380796
2007/05/30,0,4341000,-6682761,-2341761
2007/05/31,0,6378000,-9867221,-3489221
2007/06/01,0,4989000,-7421000,-2432000
2007/06/04,0,1032537,-4455458,-3422921
2007/06/05,0,13076000,-17080649,-4004649
2007/06/06,0,13605809,-14755925,-1150116
2007/06/07,0,3799000,-13972592,-10173592
2007/06/08,0,2023480,-3294336,-1270856
2007/06/11,0,365000,-1133000,-768000
2007/06/12,0,4609000,-1087963,3521037
2007/06/13,0,6583300,-1295000,5288300
2007/06/14,0,2895000,-1463000,1432000
2007/06/15,0,4447000,-3044000,1403000
2007/06/18,0,0,0,0
2007/06/19,0,0,0,0
2007/06/20,0,6860000,-1727194,5132806
2007/06/21,0,7982000,-1841000,6141000
2007/06/22,0,4666000,-4506000,160000
2007/06/25,0,2284000,-1871000,413000
2007/06/26,0,8975000,-2413000,6562000
2007/06/27,0,2789000,-1477000,1312000
2007/06/28,0,5559000,-3214000,2345000
2007/06/29,0,1455000,-3286220,-1831220
2007/07/02,0,2097368,-1749368,348000
2007/07/03,0,3816000,-357196,3458804
2007/07/04,0,6277000,-1966700,4310300
2007/07/05,0,4041000,-421917,3619083
2007/07/06,0,4964000,-3348000,1616000
2007/07/09,0,5955000,-2388072,3566928
2007/07/10,0,9041000,-5311000,3730000
2007/07/11,0,9193700,-5603827,3589873
2007/07/12,0,5705000,-3242393,2462607
2007/07/13,0,7061000,-6237000,824000
2007/07/16,0,801000,-5407000,-4606000
2007/07/17,0,0,0,0
2007/07/18,0,0,0,0
2007/07/19,0,0,0,0
2007/07/20,0,0,0,0
2007/07/23,0,0,0,0
2007/07/24,0,0,0,0
2007/07/25,0,0,0,0
2007/07/26,0,2451300,-16252500,-13801200
2007/07/27,0,387015,-8438169,-8051154
2007/07/30,0,4842000,-10640816,-5798816
2007/07/31,0,2781000,-3716213,-935213
2007/08/01,0,2605450,-7849200,-5243750
2007/08/02,0,6405000,-5293442,1111558
2007/08/03,0,5329001,-3552891,1776110
2007/08/06,0,6640000,-6329800,310200
2007/08/07,0,2360000,-1956700,403300
2007/08/08,0,1756100,-2044100,-288000
2007/08/09,0,1922000,-2898000,-976000
2007/08/10,0,751000,-4006501,-3255501
2007/08/13,0,938000,-627900,310100
2007/08/14,0,2620000,-3683930,-1063930
2007/08/15,0,2505000,-5967625,-3462625
2007/08/16,0,2670000,-4631087,-1961087
2007/08/17,0,3006000,-2443000,563000
2007/08/20,0,974000,-2252000,-1278000
2007/08/21,0,2340000,-822000,1518000
2007/08/22,0,2055000,-3047342,-992342
2007/08/23,0,4752000,-2263512,2488488
2007/08/24,0,2007000,-1905400,101600
2007/08/27,0,1149000,-813000,336000
2007/08/28,0,811000,-399000,412000
2007/08/29,0,1354300,-1157000,197300
2007/08/30,0,3691000,-2597113,1093887
2007/08/31,0,4933000,-352000,4581000
2007/09/03,0,5767964,-4029671,1738293
2007/09/04,0,3557000,-2423560,1133440
2007/09/05,0,1982000,-1254000,728000
2007/09/06,0,3538000,-3585000,-47000
2007/09/07,0,2856000,-4565000,-1709000
2007/09/10,0,2640000,-4955900,-2315900
2007/09/11,0,3419000,-3204000,215000
2007/09/12,0,4937000,-4100610,836390
2007/09/13,0,5758300,-5436593,321707
2007/09/14,0,4079000,-3134000,945000
2007/09/17,0,1309000,-1655200,-346200
2007/09/18,0,0,0,0
2007/09/19,0,5178000,-2832000,2346000
2007/09/20,0,3207000,-1096000,2111000
2007/09/21,0,5886000,-3138930,2747070
2007/09/24,0,0,0,0
2007/09/25,0,0,0,0
2007/09/26,0,3960000,-1728493,2231507
2007/09/27,0,10478274,-2830227,7648047
2007/09/28,0,7843401,-2772000,5071401
2007/10/01,0,9046000,-7090900,1955100
2007/10/02,0,9134000,-7757850,1376150
2007/10/03,0,11952579,-10602000,1350579
2007/10/04,0,2881000,-1625926,1255074
2007/10/05,0,4784533,-1598000,3186533
2007/10/08,0,7370000,-1966344,5403656
2007/10/09,0,7271711,-2151798,5119913
2007/10/10,0,0,0,0
2007/10/11,0,6989000,-3757800,3231200
2007/10/12,0,7822000,-6858600,963400
2007/10/15,0,5111000,-5051200,59800
2007/10/16,0,5955000,-7726000,-1771000
2007/10/17,0,2407000,-3199000,-792000
2007/10/18,0,1439000,-3046000,-1607000
2007/10/19,0,4730000,-6054674,-1324674
2007/10/22,0,6632000,-7093900,-461900
2007/10/23,0,4834000,-4949083,-115083
2007/10/24,0,7180000,-5226369,1953631
2007/10/25,0,10246444,-12979000,-2732556
2007/10/26,0,15187447,-11566717,3620730
2007/10/29,0,12013000,-416788,11596212
2007/10/30,0,23340007,-5676641,17663366
2007/10/31,0,3270000,-2593000,677000
2007/11/01,0,3021000,-330611,2690389
2007/11/02,0,3434000,-2481000,953000
2007/11/05,0,1250000,-1480000,-230000
2007/11/06,0,5819000,-1746000,4073000
2007/11/07,0,4809993,-2232522,2577471
2007/11/08,0,6932000,-3947482,2984518
2007/11/09,0,5051000,-5688528,-637528
2007/11/12,0,5355000,-5685000,-330000
2007/11/13,0,2578000,-2842486,-264486
2007/11/14,0,2998000,-4266352,-1268352
2007/11/15,0,5201475,-5162042,39433
2007/11/16,0,3837000,-2878575,958425
2007/11/19,0,2119000,-1421843,697157
2007/11/20,0,3635040,-2701000,934040
2007/11/21,0,4167000,-5980949,-1813949
2007/11/22,0,6529000,-3923000,2606000
2007/11/23,0,2304000,-1263000,1041000
2007/11/26,0,2414000,-1757565,656435
2007/11/27,0,2454000,-2214481,239519
2007/11/28,0,4412000,-4668152,-256152
2007/11/29,0,4550163,-261000,4289163
2007/11/30,0,3191000,-2832928,358072
2007/12/03,0,1043567,-328003,715564
2007/12/04,0,339000,-1165000,-826000
2007/12/05,0,1551000,-2143000,-592000
2007/12/06,0,2189555,-960289,1229266
2007/12/07,0,3951209,-1088616,2862593
2007/12/10,0,1553000,-261000,1292000
2007/12/11,0,6598000,-3870037,2727963
2007/12/12,0,4459000,-3468000,991000
2007/12/13,0,9616000,-8840718,775282
2007/12/14,0,8802000,-6835416,1966584
2007/12/17,0,3598000,-2900555,697445
2007/12/18,0,3436226,-4243780,-807554
2007/12/19,0,2798000,-2687000,111000
2007/12/20,0,2634000,-3594000,-960000
2007/12/21,0,3192000,-2495688,696312
2007/12/24,0,2177000,-701000,1476000
2007/12/25,0,123000,-76000,47000
2007/12/26,0,333000,-65000,268000
2007/12/27,0,1012000,-428986,583014
2007/12/28,0,5466000,-1948262,3517738
2007/12/31,0,2130000,-782683,1347317
2008/01/01,0,0,0,0
2008/01/02,0,1912000,-3256700,-1344700
2008/01/03,0,1725000,-1484000,241000
2008/01/04,0,6191143,-9685460,-3494317
2008/01/07,0,6221000,-6173818,47182
2008/01/08,0,3344000,-4834252,-1490252
2008/01/09,0,3728296,-3831000,-102704
2008/01/10,0,6753000,-7832259,-1079259
2008/01/11,0,1277475,-737000,540475
2008/01/14,0,5024000,-3456208,1567792
2008/01/15,0,3241000,-2331571,909429
2008/01/16,0,3578241,-4490812,-912571
2008/01/17,0,4365000,-3779001,585999
2008/01/18,0,3780465,-2178343,1602122
2008/01/21,0,2493000,-2656955,-163955
2008/01/22,0,1769000,-2454000,-685000
2008/01/23,0,915000,-954000,-39000
2008/01/24,0,1218000,-922944,295056
2008/01/25,0,605000,-2921495,-2316495
2008/01/28,0,2282000,-4245262,-1963262
2008/01/29,0,1365000,-1105150,259850
2008/01/30,0,4272013,-3454110,817903
2008/01/31,0,5129000,-3245584,1883416
2008/02/01,0,1400000,-1518934,-118934
2008/02/04,0,0,0,0
2008/02/05,0,0,0,0
2008/02/06,0,0,0,0
2008/02/07,0,0,0,0
2008/02/08,0,0,0,0
2008/02/11,0,0,0,0
2008/02/12,0,2145000,-1193607,951393
2008/02/13,0,915000,-2937652,-2022652
2008/02/14,0,5125000,-21617247,-16492247
2008/02/15,0,1625000,-7374157,-5749157
2008/02/18,0,2259569,-2436000,-176431
2008/02/19,0,1219000,-154000,1065000
2008/02/20,0,494000,-2468000,-1974000
2008/02/21,0,1470000,-1469915,85
2008/02/22,0,740000,-3287611,-2547611
2008/02/25,0,1985000,-3742000,-1757000
2008/02/26,0,5407000,-5747000,-340000
2008/02/27,0,4877000,-8385583,-3508583
2008/02/28,0,0,0,0
2008/02/29,0,2521960,-2836544,-314584
2008/03/03,0,3226000,-6468049,-3242049
2008/03/04,0,2815000,-3066000,-251000
2008/03/05,0,4070000,-3577000,493000
2008/03/06,0,4324000,-1677300,2646700
2008/03/07,0,1875000,-1444000,431000
2008/03/10,0,1541000,-3196000,-1655000
2008/03/11,0,1892000,-5302000,-3410000
2008/03/12,0,1929401,-5536265,-3606864
2008/03/13,0,1291000,-3681000,-2390000
2008/03/14,0,1604000,-9098000,-7494000
2008/03/17,0,1983000,-5475000,-3492000
2008/03/18,0,814000,-2018060,-1204060
2008/03/19,0,5123000,-8109584,-2986584
2008/03/20,0,2230000,-7410839,-5180839
2008/03/21,0,2969000,-5783130,-2814130
2008/03/24,0,8314000,-9273000,-959000
2008/03/25,0,4309000,-11248684,-6939684
2008/03/26,0,2003000,-4059366,-2056366
2008/03/27,0,715176,-3622000,-2906824
2008/03/28,0,3028111,-5835640,-2807529
2008/03/31,0,1748130,-3294331,-1546201
2008/04/01,0,4119591,-10498346,-6378755
2008/04/02,0,2921000,-7337348,-4416348
2008/04/03,0,4996000,-7685120,-2689120
2008/04/04,0,0,0,0
2008/04/07,0,2838000,-4626000,-1788000
2008/04/08,0,1257000,-5331000,-4074000
2008/04/09,0,2663000,-5922000,-3259000
2008/04/10,0,2660000,-4748481,-2088481
2008/04/11,0,3572000,-6053010,-2481010
2008/04/14,0,661000,-852450,-191450
2008/04/15,0,1783000,-2228809,-445809
2008/04/16,0,3243000,-3155236,87764
2008/04/17,0,6067000,-10373000,-4306000
2008/04/18,0,6534000,-11557000,-5023000
2008/04/21,0,4052000,-7626863,-3574863
2008/04/22,0,4242000,-5818000,-1576000
2008/04/23,0,1336000,-2715925,-1379925
2008/04/24,0,838000,-3076183,-2238183
2008/04/25,0,643000,-558857,84143
2008/04/28,0,2952000,-8467160,-5515160
2008/04/29,0,2665000,-7205000,-4540000
2008/04/30,0,3778000,-7052413,-3274413
2008/05/01,0,0,0,0
2008/05/02,0,2018180,-8783000,-6764820
2008/05/05,0,624000,-5224000,-4600000
2008/05/06,0,835000,-9388114,-8553114
2008/05/07,0,1324791,-9730782,-8405991
2008/05/08,0,2122000,-14285450,-12163450
2008/05/09,0,756000,-10267000,-9511000
2008/05/12,0,688000,-6049038,-5361038
2008/05/13,0,3934000,-9753000,-5819000
2008/05/14,0,3023000,-1231857,1791143
2008/05/15,0,2042000,-5770000,-3728000
2008/05/16,0,2149000,-7980916,-5831916
2008/05/19,0,912000,-6230000,-5318000
2008/05/20,0,6597690,-14291000,-7693310
2008/05/21,0,6890000,-8532133,-1642133
2008/05/22,0,637000,-2703296,-2066296
2008/05/23,0,568000,-6552000,-5984000
2008/05/26,0,1023000,-5135191,-4112191
2008/05/27,0,272000,-4652375,-4380375
2008/05/28,0,222000,-1824000,-1602000
2008/05/29,0,4752000,-1474000,3278000
2008/05/30,0,7934556,-2194000,5740556
2008/06/02,0,1055000,-304000,751000
2008/06/03,0,474000,-1411126,-937126
2008/06/04,0,1262000,-329000,933000
2008/06/05,0,1966000,-2674000,-708000
2008/06/06,0,2063000,-417000,1646000
2008/06/09,0,1409000,-1140381,268619
2008/06/10,0,224000,-3310590,-3086590
2008/06/11,0,227000,-183476,43524
2008/06/12,0,339000,-1747000,-1408000
2008/06/13,0,1130000,-2635000,-1505000
2008/06/16,0,608000,-1840000,-1232000
2008/06/17,0,879209,-2329390,-1450181
2008/06/18,0,208000,-3223000,-3015000
2008/06/19,0,1650000,-4518660,-2868660
2008/06/20,0,2119216,-860631,1258585
2008/06/23,0,1471000,-304000,1167000
2008/06/24,0,1072900,-1456000,-383100
2008/06/25,0,1919000,-92101,1826899
2008/06/26,0,415000,-699000,-284000
2008/06/27,0,2269000,-3599000,-1330000
2008/06/30,0,1416000,-775189,640811
2008/07/01,0,1542000,-1303000,239000
2008/07/02,0,1415000,-2270000,-855000
2008/07/03,0,2959000,-3120000,-161000
2008/07/04,0,1673000,-3230000,-1557000
2008/07/07,0,758000,-360043,397957
2008/07/08,0,1955000,-4890272,-2935272
2008/07/09,0,2085000,-2457000,-372000
2008/07/10,0,2213000,-1429000,784000
2008/07/11,0,327000,-794590,-467590
2008/07/14,0,367000,-2162000,-1795000
2008/07/15,0,3184000,-3124660,59340
2008/07/16,0,3337000,-3704985,-367985
2008/07/17,0,891000,-3230847,-2339847
2008/07/18,0,687000,-1747000,-1060000
2008/07/21,0,2120000,-2361620,-241620
2008/07/22,0,769000,-2434000,-1665000
2008/07/23,0,1871000,-5552655,-3681655
2008/07/24,0,2055000,-4204000,-2149000
2008/07/25,0,3456000,-2904797,551203
2008/07/28,0,0,0,0
2008/07/29,0,3466000,-4575000,-1109000
2008/07/30,0,5509000,-4388000,1121000
2008/07/31,0,1519000,-2105457,-586457
2008/08/01,0,1643000,-2090000,-447000
2008/08/04,0,2890000,-5521000,-2631000
2008/08/05,0,5079000,-4776000,303000
2008/08/06,0,4337000,-5509648,-1172648
2008/08/07,0,6399000,-6648052,-249052
2008/08/08,0,2453420,-9519000,-7065580
2008/08/11,0,3302000,-2234000,1068000
2008/08/12,0,2151545,-1547000,604545
2008/08/13,0,12068150,-14614000,-2545850
2008/08/14,0,4723000,-4010000,713000
2008/08/15,0,6797000,-4970000,1827000
2008/08/18,0,5229000,-2464000,2765000
2008/08/19,0,8033000,-5801000,2232000
2008/08/20,0,3309000,-3378000,-69000
2008/08/21,0,2549000,-2611044,-62044
2008/08/22,0,2720000,-3032000,-312000
2008/08/25,0,1972000,-853021,1118979
2008/08/26,0,1759000,-2415300,-656300
2008/08/27,0,3927000,-3294000,633000
2008/08/28,0,8933610,-7686880,1246730
2008/08/29,0,9554825,-2766735,6788090
2008/09/01,0,1662000,-2177000,-515000
2008/09/02,0,2206000,-852000,1354000
2008/09/03,0,2386000,-698000,1688000
2008/09/04,0,2411000,-2256000,155000
2008/09/05,0,832000,-1666773,-834773
2008/09/08,0,690000,-760000,-70000
2008/09/09,0,4767000,-4616000,151000
2008/09/10,0,1655000,-3559000,-1904000
2008/09/11,0,2218000,-2615441,-397441
2008/09/12,0,1808000,-886501,921499
2008/09/15,0,130000,-2159000,-2029000
2008/09/16,0,841000,-589005,251995
2008/09/17,0,1083000,-929806,153194
2008/09/18,0,864000,-2105000,-1241000
2008/09/19,0,914000,-638000,276000
2008/09/22,0,2950380,-5570000,-2619620
2008/09/23,0,2237000,-935355,1301645
2008/09/24,0,9242779,-7883524,1359255
2008/09/25,0,1436000,-398000,1038000
2008/09/26,0,1725000,-2556000,-831000
2008/09/29,0,0,0,0
2008/09/30,0,3020000,-1603000,1417000
2008/10/01,0,3383000,-4076000,-693000
2008/10/02,0,3253000,-6122000,-2869000
2008/10/03,0,1439000,-5638020,-4199020
2008/10/06,0,971000,-4823587,-3852587
2008/10/07,0,2273000,-4770590,-2497590
2008/10/08,0,1581000,-2885118,-1304118
2008/10/09,0,4420045,-9357481,-4937436
2008/10/10,0,0,0,0
2008/10/13,0,9637000,-12929863,-3292863
2008/10/14,0,5913000,-6963006,-1050006
2008/10/15,0,1679000,-4904890,-3225890
2008/10/16,0,427432,-1418000,-990568
2008/10/17,0,2304000,-4828392,-2524392
2008/10/20,0,970000,-2993000,-2023000
2008/10/21,0,784000,-2715000,-1931000
2008/10/22,0,3261890,-799000,2462890
2008/10/23,0,1539000,-594407,944593
2008/10/24,0,724000,-1141000,-417000
2008/10/27,0,207000,-492000,-285000
2008/10/28,0,1072000,-6586577,-5514577
2008/10/29,0,2453000,-1710647,742353
2008/10/30,0,551000,-201000,350000
2008/10/31,0,858000,-732000,126000
2008/11/03,0,12502000,-8106255,4395745
2008/11/04,0,5122000,-472957,4649043
2008/11/05,0,3174000,-919000,2255000
2008/11/06,0,284000,-1468000,-1184000
2008/11/07,0,789000,-2522400,-1733400
2008/11/10,0,1111000,-5832000,-4721000
2008/11/11,0,1286000,-2183340,-897340
2008/11/12,0,1486000,-2676843,-1190843
2008/11/13,0,2356000,-2689443,-333443
2008/11/14,0,1727000,-856960,870040
2008/11/17,0,3107009,-170000,2937009
2008/11/18,0,1880000,-1817000,63000
2008/11/19,0,2019000,-1260000,759000
2008/11/20,0,248000,-3174734,-2926734
2008/11/21,0,1358750,-1473650,-114900
2008/11/24,0,663000,-779000,-116000
2008/11/25,0,2020000,-1857582,162418
2008/11/26,0,1079000,-3249486,-2170486
2008/11/27,0,1658000,-33000,1625000
2008/11/28,0,2730000,-673131,2056869
2008/12/01,0,2634000,-3937000,-1303000
2008/12/02,0,850000,-2580000,-1730000
2008/12/03,0,1072000,-2723000,-1651000
2008/12/04,0,519900,-4018800,-3498900
2008/12/05,0,1308000,-1607215,-299215
2008/12/08,0,5141000,-2161305,2979695
2008/12/09,0,3222000,-2797068,424932
2008/12/10,0,4230000,-2358000,1872000
2008/12/11,0,5529000,-4289220,1239780
2008/12/12,0,1061000,-5520000,-4459000
2008/12/15,0,2937000,-449000,2488000
2008/12/16,0,4765000,-2912000,1853000
2008/12/17,0,4878000,-2330000,2548000
2008/12/18,0,1737000,-3976000,-2239000
2008/12/19,0,2689000,-3164000,-475000
2008/12/22,0,2033000,-4054151,-2021151
2008/12/23,0,1045000,-2179000,-1134000
2008/12/24,0,1862335,-1940000,-77665
2008/12/25,0,48000,-457000,-409000
2008/12/26,0,226000,-1074000,-848000
2008/12/29,0,373000,-1507200,-1134200
2008/12/30,0,3728000,-2380000,1348000
2008/12/31,0,426000,-683000,-257000
2009/01/01,0,0,0,0
2009/01/02,0,0,0,0
2009/01/05,0,1826000,-1501914,324086
2009/01/06,0,3685056,-1654000,2031056
2009/01/07,0,1364170,-727000,637170
2009/01/08,0,957000,-2868000,-1911000
2009/01/09,0,151000,-1117000,-966000
2009/01/12,0,894144,-2099000,-1204856
2009/01/13,0,707202,-1225000,-517798
2009/01/14,0,3520000,-547005,2972995
2009/01/15,0,2444000,-4692000,-2248000
2009/01/16,0,1730000,-1996000,-266000
2009/01/19,0,901000,-782061,118939
2009/01/20,0,1579000,-4855000,-3276000
2009/01/21,0,4135311,-2353000,1782311
2009/01/22,0,0,0,0
2009/01/23,0,0,0,0
2009/01/26,0,0,0,0
2009/01/27,0,0,0,0
2009/01/28,0,0,0,0
2009/01/29,0,0,0,0
2009/01/30,0,0,0,0
2009/02/02,0,11759143,-9077797,2681346
2009/02/03,0,1755000,-1271865,483135
2009/02/04,0,2039000,-1708000,331000
2009/02/05,0,1190000,-1481000,-291000
2009/02/06,0,1421885,-1646000,-224115
2009/02/09,0,579000,-1078054,-499054
2009/02/10,0,2607000,-3587000,-980000
2009/02/11,0,1778459,-1263199,515260
2009/02/12,0,8894000,-11140000,-2246000
2009/02/13,0,4895000,-3835000,1060000
2009/02/16,0,520000,-2190000,-1670000
2009/02/17,0,744000,-1287463,-543463
2009/02/18,0,4531000,-1972000,2559000
2009/02/19,0,2009000,-5504438,-3495438
2009/02/20,0,369578,-5161578,-4792000
2009/02/23,0,1878000,-1953000,-75000
2009/02/24,0,116000,-1099690,-983690
2009/02/25,0,2381000,-2330490,50510
2009/02/26,0,1127000,-2091660,-964660
2009/02/27,0,2159055,-2292000,-132945
2009/03/02,0,646076,-3194000,-2547924
2009/03/03,0,197000,-2574000,-2377000
2009/03/04,0,1320000,-3283798,-1963798
2009/03/05,0,2118000,-1630168,487832
2009/03/06,0,2283000,-1356403,926597
2009/03/09,0,1082000,-1198000,-116000
2009/03/10,0,2453000,-432000,2021000
2009/03/11,0,2017962,-2544189,-526227
2009/03/12,0,2112000,-217000,1895000
2009/03/13,0,7237000,-320000,6917000
2009/03/16,0,2265000,-547957,1717043
2009/03/17,0,3344819,-426000,2918819
2009/03/18,0,3073000,-474000,2599000
2009/03/19,0,150000,-3927000,-3777000
2009/03/20,0,1058000,-3327000,-2269000
2009/03/23,0,3321000,-1512000,1809000
2009/03/24,0,1502000,-390000,1112000
2009/03/25,0,3537000,-537590,2999410
2009/03/26,0,2419000,-4428000,-2009000
2009/03/27,0,504000,-725000,-221000
2009/03/30,0,1451000,-886000,565000
2009/03/31,0,2256000,-2756186,-500186
2009/04/01,0,4401000,-1462655,2938345
2009/04/02,0,5480000,-690000,4790000
2009/04/03,0,1330002,-2208000,-877998
2009/04/06,0,1716000,-3405000,-1689000
2009/04/07,0,1474120,-3147120,-1673000
2009/04/08,0,1766000,-3351000,-1585000
2009/04/09,0,5582000,-4407669,1174331
2009/04/10,0,4257000,-2654910,1602090
2009/04/13,0,6197000,-1063000,5134000
2009/04/14,0,3679920,-2119000,1560920
2009/04/15,0,7261000,-1072000,6189000
2009/04/16,0,6812000,-4656000,2156000
2009/04/17,0,3808905,-5809000,-2000095
2009/04/20,0,2550000,-3497000,-947000
2009/04/21,0,2531000,-4901000,-2370000
2009/04/22,0,162000,-4920752,-4758752
2009/04/23,0,2684291,-3909291,-1225000
2009/04/24,0,1324000,-5326509,-4002509
2009/04/27,0,6899974,-5715000,1184974
2009/04/28,0,3728000,-4653000,-925000
2009/04/29,0,5824829,-3375000,2449829
2009/04/30,0,15870000,-6998500,8871500
2009/05/01,0,0,0,0
2009/05/04,0,5303390,-8993959,-3690569
2009/05/05,0,2609000,-9261699,-6652699
2009/05/06,0,2837000,-4528000,-1691000
2009/05/07,0,5695000,-9278000,-3583000
2009/05/08,0,12229000,-7889000,4340000
2009/05/11,0,7165000,-12515346,-5350346
2009/05/12,0,4311000,-6604000,-2293000
2009/05/13,0,2755000,-7108000,-4353000
2009/05/14,0,995000,-4775000,-3780000
2009/05/15,0,2737000,-13178000,-10441000
2009/05/18,0,2675000,-9807000,-7132000
2009/05/19,0,5332000,-7372000,-2040000
2009/05/20,0,11078000,-405000,10673000
2009/05/21,0,2921024,-2360880,560144
2009/05/22,0,3801000,-2288000,1513000
2009/05/25,0,5863000,-4916280,946720
2009/05/26,0,6903000,-1512000,5391000
2009/05/27,0,7502280,-8623576,-1121296
2009/05/28,0,0,0,0
2009/05/29,0,0,0,0
2009/06/01,0,3904000,-1859722,2044278
2009/06/02,0,5659000,-2654814,3004186
2009/06/03,0,3201000,-1116000,2085000
2009/06/04,0,4830000,-5520561,-690561
2009/06/05,0,2098815,-5171707,-3072892
2009/06/08,0,1879000,-2094000,-215000
2009/06/09,0,2177000,-1231000,946000
2009/06/10,0,7573000,-2096050,5476950
2009/06/11,0,12792000,-1442000,11350000
2009/06/12,0,2184000,-7514179,-5330179
2009/06/15,0,774000,-2187159,-1413159
2009/06/16,0,2110000,-1664760,445240
2009/06/17,0,2029000,-1493485,535515
2009/06/18,0,2876000,-1725994,1150006
2009/06/19,0,2658302,-4145000,-1486698
2009/06/22,0,5040000,-2085000,2955000
2009/06/23,0,2484600,-3377000,-892400
2009/06/24,0,3851000,-3936360,-85360
2009/06/25,0,3587000,-1681000,1906000
2009/06/26,0,2305000,-4373325,-2068325
2009/06/29,0,2519000,-4029080,-1510080
2009/06/30,0,4520000,-563098,3956902
2009/07/01,0,2508000,-1257000,1251000
2009/07/02,0,1874000,-3548000,-1674000
2009/07/03,0,1499000,-754276,744724
2009/07/06,0,663000,-941000,-278000
2009/07/07,0,1469000,-314470,1154530
2009/07/08,0,2248000,-1788000,460000
2009/07/09,0,5000000,-1105000,3895000
2009/07/10,0,670000,-1086553,-416553
2009/07/13,0,623000,-2782000,-2159000
2009/07/14,0,2988000,-1371950,1616050
2009/07/15,0,4411000,-2669000,1742000
2009/07/16,0,1182000,-1597000,-415000
2009/07/17,0,2227926,-1462164,765762
2009/07/20,0,7353000,-3329000,4024000
2009/07/21,0,1270000,-1076756,193244
2009/07/22,0,4281000,-406000,3875000
2009/07/23,0,4131000,-3310750,820250
2009/07/24,0,8263000,-2767200,5495800
2009/07/27,0,2545000,-1757203,787797
2009/07/28,0,5998000,-6591760,-593760
2009/07/29,0,6368000,-1483062,4884938
2009/07/30,0,16886000,-1409000,15477000
2009/07/31,0,10260000,-9392000,868000
2009/08/03,0,7663000,-5073821,2589179
2009/08/04,0,1146000,-5938010,-4792010
2009/08/05,0,2491000,-3366000,-875000
2009/08/06,0,3125000,-9273788,-6148788
2009/08/07,0,0,0,0
2009/08/10,0,2317000,-3423747,-1106747
2009/08/11,0,3146000,-10370832,-7224832
2009/08/12,0,2213550,-7528175,-5314625
2009/08/13,0,2868000,-4519000,-1651000
2009/08/14,0,5917000,-7114321,-1197321
2009/08/17,0,2810000,-4643345,-1833345
2009/08/18,0,1355000,-2285590,-930590
2009/08/19,0,3825000,-6235000,-2410000
2009/08/20,0,4795000,-1813288,2981712
2009/08/21,0,6117000,-2373990,3743010
2009/08/24,0,9225000,-6539437,2685563
2009/08/25,0,3716000,-1735235,1980765
2009/08/26,0,5352000,-2067000,3285000
2009/08/27,0,7702000,-4159000,3543000
2009/08/28,0,10004000,-1455000,8549000
2009/08/31,0,8971729,-6027289,2944440
2009/09/01,0,10255010,-942653,9312357
2009/09/02,0,9186491,-4009000,5177491
2009/09/03,0,5177000,-1778000,3399000
2009/09/04,0,12375000,-1296491,11078509
2009/09/07,0,1713000,-3265435,-1552435
2009/09/08,0,7290000,-4664000,2626000
2009/09/09,0,3523000,-467000,3056000
2009/09/10,0,8430868,-1264290,7166578
2009/09/11,0,5640610,-5077000,563610
2009/09/14,0,1421000,-2681075,-1260075
2009/09/15,0,3659000,-3622000,37000
2009/09/16,0,4871000,-3042000,1829000
2009/09/17,0,5194000,-144520,5049480
2009/09/18,0,8398000,-1160020,7237980
2009/09/21,0,3334000,-1098610,2235390
2009/09/22,0,3280000,-1306000,1974000
2009/09/23,0,8192000,-13144000,-4952000
2009/09/24,0,2644000,-1721000,923000
2009/09/25,0,7459000,-6296920,1162080
2009/09/28,0,1302000,-1120000,182000
2009/09/29,0,8252856,-5497000,2755856
2009/09/30,0,5899000,-5439000,460000
2009/10/01,0,5417000,-3842000,1575000
2009/10/02,0,4288000,-3110750,1177250
2009/10/05,0,7155437,-8536310,-1380873
2009/10/06,0,8605279,-3701656,4903623
2009/10/07,0,6251300,-701844,5549456
2009/10/08,0,2462000,-1057401,1404599
2009/10/09,0,4038000,-2162390,1875610
2009/10/12,0,5843000,-1132146,4710854
2009/10/13,0,5955980,-3005766,2950214
2009/10/14,0,17919000,-3195775,14723225
2009/10/15,0,9209048,-7972663,1236385
2009/10/16,0,1660000,-2374425,-714425
2009/10/19,0,2606000,-2105032,500968
2009/10/20,0,3551240,-4877848,-1326608
2009/10/21,0,6316000,-4166380,2149620
2009/10/22,0,5627000,-5485885,141115
2009/10/23,0,7550000,-9291290,-1741290
2009/10/26,0,4487000,-2216000,2271000
2009/10/27,0,3641000,-1559000,2082000
2009/10/28,0,11327000,-4559975,6767025
2009/10/29,0,3196000,-2866557,329443
2009/10/30,0,5070000,-4425295,644705
2009/11/02,0,2349000,-1702000,647000
2009/11/03,0,6790000,-2980423,3809577
2009/11/04,0,4888085,-3509333,1378752
2009/11/05,0,4309517,-2559458,1750059
2009/11/06,0,4714000,-2775122,1938878
2009/11/09,0,2035000,-836360,1198640
2009/11/10,0,2360000,-213067,2146933
2009/11/11,0,3887000,-1091965,2795035
2009/11/12,0,5025392,-3046000,1979392
2009/11/13,0,3699000,-2270460,1428540
2009/11/16,0,3110000,-3194000,-84000
2009/11/17,0,5015998,-732328,4283670
2009/11/18,0,3869000,-5579348,-1710348
2009/11/19,0,3060224,-3308019,-247795
2009/11/20,0,2517000,-3243000,-726000
2009/11/23,0,3598000,-3701050,-103050
2009/11/24,0,5550000,-3089000,2461000
2009/11/25,0,8556433,-6733205,1823228
2009/11/26,0,940000,-702575,237425
2009/11/27,0,762000,-4700000,-3938000
2009/11/30,0,1820910,-2322702,-501792
2009/12/01,0,3574900,-3975715,-400815
2009/12/02,0,2752000,-4565245,-1813245
2009/12/03,0,3867935,-686650,3181285
2009/12/04,0,4810264,-2858000,1952264
2009/12/07,0,3309601,-1720564,1589037
2009/12/08,0,2499000,-1564442,934558
2009/12/09,0,1204000,-2731667,-1527667
2009/12/10,0,3070910,-6649180,-3578270
2009/12/11,0,3809000,-2667000,1142000
2009/12/14,0,2185000,-2606625,-421625
2009/12/15,0,3130000,-1566000,1564000
2009/12/16,0,1652000,-1299115,352885
2009/12/17,0,2638710,-1761629,877081
2009/12/18,0,1117000,-1537000,-420000
2009/12/21,0,1928000,-1298000,630000
2009/12/22,0,1694000,-2605000,-911000
2009/12/23,0,1220000,-1701585,-481585
2009/12/24,0,1980000,-2064902,-84902
2009/12/25,0,588000,-1742000,-1154000
2009/12/28,0,1721000,-2093000,-372000
2009/12/29,0,1147000,-1539336,-392336
2009/12/30,0,1706000,-5267320,-3561320
2009/12/31,0,2839000,-1236000,1603000
2010/01/01,0,0,0,0
2010/01/04,0,1908000,-781000,1127000
2010/01/05,0,2873000,-1606000,1267000
2010/01/06,0,1947000,-5094130,-3147130
2010/01/07,0,3230000,-2074299,1155701
2010/01/08,0,3806925,-2436633,1370292
2010/01/11,0,2759000,-786020,1972980
2010/01/12,0,1350000,-1104118,245882
2010/01/13,0,281000,-2053521,-1772521
2010/01/14,0,1490669,-386475,1104194
2010/01/15,0,1632000,-2603000,-971000
2010/01/18,0,1894270,-932270,962000
2010/01/19,0,743000,-2408370,-1665370
2010/01/20,0,2998000,-6714000,-3716000
2010/01/21,0,1147000,-1647591,-500591
2010/01/22,0,7107572,-8475000,-1367428
2010/01/25,0,740270,-5675000,-4934730
2010/01/26,0,2631000,-12743950,-10112950
2010/01/27,0,1368000,-5330970,-3962970
2010/01/28,0,1157000,-7015580,-5858580
2010/01/29,0,1676000,-7678925,-6002925
2010/02/01,0,3241343,-4694010,-1452667
2010/02/02,0,4835000,-2628771,2206229
2010/02/03,0,2217310,-1156747,1060563
2010/02/04,0,4886100,-3852265,1033835
2010/02/05,0,538000,-3272820,-2734820
2010/02/08,0,577000,-4404790,-3827790
2010/02/09,0,2874900,-1764676,1110224
2010/02/10,0,2264120,-1926000,338120
2010/02/11,0,0,0,0
2010/02/12,0,0,0,0
2010/02/15,0,0,0,0
2010/02/16,0,0,0,0
2010/02/17,0,0,0,0
2010/02/18,0,0,0,0
2010/02/19,0,0,0,0
2010/02/22,0,2281000,-1733819,547181
2010/02/23,0,1400000,-1265586,134414
2010/02/24,0,1598000,-2630000,-1032000
2010/02/25,0,3517305,-5414000,-1896695
2010/02/26,0,2447272,-3558000,-1110728
2010/03/01,0,3084000,-1548000,1536000
2010/03/02,0,1569000,-3064000,-1495000
2010/03/03,0,3218000,-2946000,272000
2010/03/04,0,1523000,-5399970,-3876970
2010/03/05,0,4448000,-5564000,-1116000
2010/03/08,0,8830000,-4271000,4559000
2010/03/09,0,1921020,-2171000,-249980
2010/03/10,0,1257447,-1267046,-9599
2010/03/11,0,1330000,-1355800,-25800
2010/03/12,0,1645000,-2823000,-1178000
2010/03/15,0,459000,-2502000,-2043000
2010/03/16,0,1120000,-3465000,-2345000
2010/03/17,0,5757000,-9315535,-3558535
2010/03/18,0,3316000,-7281740,-3965740
2010/03/19,0,2442000,-16252756,-13810756
2010/03/22,0,1206000,-8089093,-6883093
2010/03/23,0,960000,-3017630,-2057630
2010/03/24,0,2619120,-920055,1699065
2010/03/25,0,7633491,-4055430,3578061
2010/03/26,0,6117000,-1917000,4200000
2010/03/29,0,1835000,-1131000,704000
2010/03/30,0,1931000,-1395000,536000
2010/03/31,0,6208000,-6978027,-770027
2010/04/01,0,3464000,-7808620,-4344620
2010/04/02,0,1484000,-1747000,-263000
2010/04/05,0,0,0,0
2010/04/06,0,6831000,-117000,6714000
2010/04/07,0,6865840,-2803000,4062840
2010/04/08,0,2530000,-744000,1786000
2010/04/09,0,1716000,-1894630,-178630
2010/04/12,0,911830,-2244000,-1332170
2010/04/13,0,3647000,-4814020,-1167020
2010/04/14,0,3327000,-2976810,350190
2010/04/15,0,4427000,-2885765,1541235
2010/04/16,0,826740,-4978000,-4151260
2010/04/19,0,2237000,-4232000,-1995000
2010/04/20,0,3248000,-2625000,623000
2010/04/21,0,4200000,-5646000,-1446000
2010/04/22,0,2013000,-5297520,-3284520
2010/04/23,0,1775000,-3506090,-1731090
2010/04/26,0,5731000,-2240115,3490885
2010/04/27,0,2165421,-2697421,-532000
2010/04/28,0,1091000,-1885250,-794250
2010/04/29,0,1008000,-1751818,-743818
2010/04/30,0,4786104,-1810290,2975814
2010/05/03,0,513000,-1599750,-1086750
2010/05/04,0,1606000,-3547000,-1941000
2010/05/05,0,2795075,-5651548,-2856473
2010/05/06,0,1331422,-5348000,-4016578
2010/05/07,0,2547636,-5144175,-2596539
2010/05/10,0,754590,-1723310,-968720
2010/05/11,0,1235000,-4472917,-3237917
2010/05/12,0,1231058,-3263650,-2032592
2010/05/13,0,4233000,-3954000,279000
2010/05/14,0,1895000,-3997995,-2102995
2010/05/17,0,1063000,-6843280,-5780280
2010/05/18,0,1370000,-2891970,-1521970
2010/05/19,0,1288001,-4168235,-2880234
2010/05/20,0,1849000,-6186000,-4337000
2010/05/21,0,1456000,-4222140,-2766140
2010/05/24,0,1342000,-874725,467275
2010/05/25,0,1887000,-2740093,-853093
2010/05/26,0,2607790,-4337400,-1729610
2010/05/27,0,1429736,-2361720,-931984
2010/05/28,0,2107000,-4158000,-2051000
2010/05/31,0,2707000,-1319000,1388000
2010/06/01,0,1281000,-2253000,-972000
2010/06/02,0,1516000,-2163000,-647000
2010/06/03,0,3165000,-5520170,-2355170
2010/06/04,0,1220000,-1671455,-451455
2010/06/07,0,466000,-3676847,-3210847
2010/06/08,0,3177000,-7275835,-4098835
2010/06/09,0,10208000,-3755105,6452895
2010/06/10,0,2300000,-1304000,996000
2010/06/11,0,2831334,-220000,2611334
2010/06/14,0,3305334,-1016000,2289334
2010/06/15,0,5389529,-825810,4563719
2010/06/16,0,0,0,0
2010/06/17,0,5146443,-2976510,2169933
2010/06/18,0,4333702,-3391287,942415
2010/06/21,0,4932676,-3011415,1921261
2010/06/22,0,2403169,-1961000,442169
2010/06/23,0,3189492,-2080562,1108930
2010/06/24,0,1240000,-1409458,-169458
2010/06/25,0,1562506,-1633400,-70894
2010/06/28,0,2542000,-2968000,-426000
2010/06/29,0,5026000,-5738427,-712427
2010/06/30,0,3034000,-5554000,-2520000
2010/07/01,0,3918000,-5567191,-1649191
2010/07/02,0,964000,-1896090,-932090
2010/07/05,0,5095440,-11780000,-6684560
2010/07/06,0,3602000,-2970595,631405
2010/07/07,0,3604284,-4620000,-1015716
2010/07/08,0,4317000,-1527501,2789499
2010/07/09,0,1905000,-3931572,-2026572
2010/07/12,0,3296255,-3852768,-556513
2010/07/13,0,1585000,-2139263,-554263
2010/07/14,0,4767776,-5438446,-670670
2010/07/15,0,1427000,-357000,1070000
2010/07/16,0,1072946,-649000,423946
2010/07/19,0,1921000,-511000,1410000
2010/07/20,0,4057991,-1502000,2555991
2010/07/21,0,3857000,-3552030,304970
2010/07/22,0,2409000,-2529170,-120170
2010/07/23,0,5068000,-1874000,3194000
2010/07/26,0,1810190,-637557,1172633
2010/07/27,0,2363702,-814000,1549702
2010/07/28,0,2532010,-2544000,-11990
2010/07/29,0,4744000,-1235114,3508886
2010/07/30,0,2736774,-905000,1831774
2010/08/02,0,4368000,-176000,4192000
2010/08/03,0,2848000,-328000,2520000
2010/08/04,0,4262000,-3739916,522084
2010/08/05,0,2346735,-1561596,785139
2010/08/06,0,3455245,-1522235,1933010
2010/08/09,0,1239000,-558000,681000
2010/08/10,0,807000,-905407,-98407
2010/08/11,0,4468000,-2451402,2016598
2010/08/12,0,773000,-3419000,-2646000
2010/08/13,0,5959883,-4928296,1031587
2010/08/16,0,1366000,-2541687,-1175687
2010/08/17,0,2265000,-456420,1808580
2010/08/18,0,4656000,-4494214,161786
2010/08/19,0,2821000,-3005000,-184000
2010/08/20,0,1692000,-2034430,-342430
2010/08/23,0,1825000,-397000,1428000
2010/08/24,0,4130395,-5477822,-1347427
2010/08/25,0,1935041,-5614460,-3679419
2010/08/26,0,4290875,-6098000,-1807125
2010/08/27,0,4281000,-4774178,-493178
2010/08/30,0,1469668,-1874000,-404332
2010/08/31,0,3969039,-4894913,-925874
2010/09/01,0,6671000,-7977001,-1306001
2010/09/02,0,2023608,-2956000,-932392
2010/09/03,0,1899668,-4264970,-2365302
2010/09/06,0,2836228,-5931649,-3095421
2010/09/07,0,1802968,-2850700,-1047732
2010/09/08,0,2013090,-2775931,-762841
2010/09/09,0,2220277,-1409000,811277
2010/09/10,0,1028740,-549000,479740
2010/09/13,0,3667000,-375000,3292000
2010/09/14,0,2530000,-955000,1575000
2010/09/15,0,1937962,-2320000,-382038
2010/09/16,0,986000,-325240,660760
2010/09/17,0,4292001,-2435000,1857001
2010/09/20,0,816000,-314000,502000
2010/09/21,0,744000,-979609,-235609
2010/09/22,0,0,0,0
2010/09/23,0,2947333,-223668,2723665
2010/09/24,0,2298498,-1036000,1262498
2010/09/27,0,1124730,-754000,370730
2010/09/28,0,1523500,-1350000,173500
2010/09/29,0,3277000,-2552930,724070
2010/09/30,0,1505000,-2341817,-836817
2010/10/01,0,1138167,-621632,516535
2010/10/04,0,2014850,-809430,1205420
2010/10/05,0,1176003,-1016879,159124
2010/10/06,0,2610683,-1940825,669858
2010/10/07,0,2647401,-5766661,-3119260
2010/10/08,0,2078150,-1875428,202722
2010/10/11,0,1066950,-1382572,-315622
2010/10/12,0,1601220,-2657000,-1055780
2010/10/13,0,1428690,-2017900,-589210
2010/10/14,0,3824900,-2459000,1365900
2010/10/15,0,1817590,-1155250,662340
2010/10/18,0,1168000,-1248000,-80000
2010/10/19,0,1790000,-3343839,-1553839
2010/10/20,0,1601000,-1634624,-33624
2010/10/21,0,1456000,-1793350,-337350
2010/10/22,0,1536400,-1091000,445400
2010/10/25,0,2609591,-148848,2460743
2010/10/26,0,1850993,-761170,1089823
2010/10/27,0,2086190,-401113,1685077
2010/10/28,0,3929311,-1659379,2269932
2010/10/29,0,1402000,-462000,940000
2010/11/01,0,2442000,-650000,1792000
2010/11/02,0,979000,-414113,564887
2010/11/03,0,1467000,-289000,1178000
2010/11/04,0,1088000,-1042503,45497
2010/11/05,0,2922000,-4271498,-1349498
2010/11/08,0,1493000,-2095102,-602102
2010/11/09,0,1112000,-709819,402181
2010/11/10,0,2122020,-1703125,418895
2010/11/11,0,1732000,-1139024,592976
2010/11/12,0,2550000,-1494000,1056000
2010/11/15,0,1211191,-532800,678391
2010/11/16,0,1708000,-1451596,256404
2010/11/17,0,1687000,-1458483,228517
2010/11/18,0,921000,-1201254,-280254
2010/11/19,0,1073510,-1206258,-132748
2010/11/22,0,1842620,-284318,1558302
2010/11/23,0,1206450,-1956179,-749729
2010/11/24,0,3140000,-3489316,-349316
2010/11/25,0,2046000,-2892000,-846000
2010/11/26,0,1851000,-4645877,-2794877
2010/11/29,0,1309578,-1349116,-39538
2010/11/30,0,1861420,-2265436,-404016
2010/12/01,0,3735309,-3658079,77230
2010/12/02,0,3045823,-755050,2290773
2010/12/03,0,600000,-886129,-286129
2010/12/06,0,273000,-649750,-376750
2010/12/07,0,858150,-1586000,-727850
2010/12/08,0,1939000,-2716000,-777000
2010/12/09,0,3058000,-3287289,-229289
2010/12/10,0,1275595,-2521888,-1246293
2010/12/13,0,922000,-1598000,-676000
2010/12/14,0,3649439,-5165722,-1516283
2010/12/15,0,2192000,-3798000,-1606000
2010/12/16,0,2663889,-5990303,-3326414
2010/12/17,0,1683000,-3006437,-1323437
2010/12/20,0,982160,-3012000,-2029840
2010/12/21,0,1164000,-700400,463600
2010/12/22,0,924000,-950510,-26510
2010/12/23,0,441030,-685000,-243970
2010/12/24,0,481000,-348000,133000
2010/12/27,0,1085000,-375000,710000
2010/12/28,0,1401000,-758000,643000
2010/12/29,0,1297210,-769300,527910
2010/12/30,0,2765000,-2152207,612793
2010/12/31,0,1071000,-927260,143740
2011/01/03,0,1062001,-927150,134851
2011/01/04,0,1612000,-1491000,121000
2011/01/05,0,1639000,-2556669,-917669
2011/01/06,0,1786000,-593000,1193000
2011/01/07,0,1081000,-2644000,-1563000
2011/01/10,0,2989000,-3024038,-35038
2011/01/11,0,2208000,-1717109,490891
2011/01/12,0,531000,-857821,-326821
2011/01/13,0,852298,-1521451,-669153
2011/01/14,0,1520000,-2592000,-1072000
2011/01/17,0,1242379,-4562000,-3319621
2011/01/18,0,3193000,-3892330,-699330
2011/01/19,0,2254000,-2861357,-607357
2011/01/20,0,1343000,-1559000,-216000
2011/01/21,0,1783149,-3550000,-1766851
2011/01/24,0,765000,-2035000,-1270000
2011/01/25,0,1274000,-5567000,-4293000
2011/01/26,0,711000,-3402146,-2691146
2011/01/27,0,2258000,-2522620,-264620
2011/01/28,0,3076900,-7639569,-4562669
2011/01/31,0,0,0,0
2011/02/01,0,0,0,0
2011/02/02,0,0,0,0
2011/02/03,0,0,0,0
2011/02/04,0,0,0,0
2011/02/07,0,0,0,0
2011/02/08,0,2090100,-3412000,-1321900
2011/02/09,0,2545776,-9048009,-6502233
2011/02/10,0,4746000,-9808844,-5062844
2011/02/11,0,2204000,-12500218,-10296218
2011/02/14,0,1438000,-6388346,-4950346
2011/02/15,0,2499000,-6144268,-3645268
2011/02/16,0,1002000,-4320569,-3318569
2011/02/17,0,1518369,-4912457,-3394088
2011/02/18,0,1333367,-2723616,-1390249
2011/02/21,0,1337000,-2032000,-695000
2011/02/22,0,1505000,-4179919,-2674919
2011/02/23,0,1953661,-2182200,-228539
2011/02/24,0,1470365,-1703000,-232635
2011/02/25,0,2586000,-3472126,-886126
2011/02/28,0,0,0,0
2011/03/01,0,1673000,-1189000,484000
2011/03/02,0,1389365,-3749394,-2360029
2011/03/03,0,2361000,-494666,1866334
2011/03/04,0,2016009,-584000,1432009
2011/03/07,0,620000,-483000,137000
2011/03/08,0,1593000,-840000,753000
2011/03/09,0,581000,-735919,-154919
2011/03/10,0,188000,-416597,-228597
2011/03/11,0,326000,-1294660,-968660
2011/03/14,0,877000,-2022470,-1145470
2011/03/15,0,1349000,-3559390,-2210390
2011/03/16,0,1292000,-888534,403466
2011/03/17,0,675000,-804210,-129210
2011/03/18,0,2585000,-8818596,-6233596
2011/03/21,0,948000,-3986000,-3038000
2011/03/22,0,1005344,-3343197,-2337853
2011/03/23,0,1648000,-1716000,-68000
2011/03/24,0,1152000,-2398670,-1246670
2011/03/25,0,2574000,-1315000,1259000
2011/03/28,0,1664000,-1049000,615000
2011/03/29,0,2033000,-3779226,-1746226
2011/03/30,0,2748000,-4371099,-1623099
2011/03/31,0,2338056,-3264957,-926901
2011/04/01,0,2458171,-1546000,912171
2011/04/04,0,0,0,0
2011/04/05,0,0,0,0
2011/04/06,0,5837149,-4503150,1333999
2011/04/07,0,3407281,-3814713,-407432
2011/04/08,0,3108747,-1770000,1338747
2011/04/11,0,3148224,-3837908,-689684
2011/04/12,0,974768,-1774000,-799232
2011/04/13,0,1247000,-738000,509000
2011/04/14,0,1880911,-893964,986947
2011/04/15,0,204000,-1334364,-1130364
2011/04/18,0,388000,-1125462,-737462
2011/04/19,0,582514,-1823000,-1240486
2011/04/20,0,1776233,-3916000,-2139767
2011/04/21,0,2495554,-3305000,-809446
2011/04/22,0,1122000,-526000,596000
2011/04/25,0,366000,-300000,66000
2011/04/26,0,1212124,-428000,784124
2011/04/27,0,1710600,-2847847,-1137247
2011/04/28,0,1056196,-1161300,-105104
2011/04/29,0,1113171,-1587775,-474604
2011/05/02,0,0,0,0
2011/05/03,0,2499276,-1464000,1035276
2011/05/04,0,2263170,-4695000,-2431830
2011/05/05,0,566000,-3672480,-3106480
2011/05/06,0,261226,-2368000,-2106774
2011/05/09,0,2512400,-1720000,792400
2011/05/10,0,300000,-791669,-491669
2011/05/11,0,1513000,-3067065,-1554065
2011/05/12,0,801000,-1935000,-1134000
2011/05/13,0,2164000,-2141730,22270
2011/05/16,0,1052000,-1137000,-85000
2011/05/17,0,473000,-1123980,-650980
2011/05/18,0,969000,-776000,193000
2011/05/19,0,1545150,-1512722,32428
2011/05/20,0,755000,-2313000,-1558000
2011/05/23,0,1192000,-2711188,-1519188
2011/05/24,0,851000,-745866,105134
2011/05/25,0,1180514,-3047209,-1866695
2011/05/26,0,1268248,-985387,282861
2011/05/27,0,1419000,-2329000,-910000
2011/05/30,0,1050000,-2134095,-1084095
2011/05/31,0,3296000,-5517746,-2221746
2011/06/01,0,1941000,-951010,989990
2011/06/02,0,1526000,-405405,1120595
2011/06/03,0,629000,-246000,383000
2011/06/06,0,0,0,0
2011/06/07,0,784000,-1862887,-1078887
2011/06/08,0,1610000,-2921098,-1311098
2011/06/09,0,709000,-1738189,-1029189
2011/06/10,0,1626701,-5042173,-3415472
2011/06/13,0,2069000,-1234139,834861
2011/06/14,0,1625000,-1218000,407000
2011/06/15,0,3839000,-4356501,-517501
2011/06/16,0,1620445,-2630000,-1009555
2011/06/17,0,523569,-1306251,-782682
2011/06/20,0,968000,-533863,434137
2011/06/21,0,1905408,-519462,1385946
2011/06/22,0,3377000,-2344000,1033000
2011/06/23,0,2541684,-1293151,1248533
2011/06/24,0,1946000,-1125564,820436
2011/06/27,0,1622000,-1383215,238785
2011/06/28,0,1596000,-880677,715323
2011/06/29,0,3335000,-822000,2513000
2011/06/30,0,3077000,-1393000,1684000
2011/07/01,0,3217207,-1373877,1843330
2011/07/04,0,1562175,-1073453,488722
2011/07/05,0,1044176,-500000,544176
2011/07/06,0,673199,-434000,239199
2011/07/07,0,1071902,-882000,189902
2011/07/08,0,1575735,-579386,996349
2011/07/11,0,921279,-732000,189279
2011/07/12,0,1186955,-1733150,-546195
2011/07/13,0,1251887,-921000,330887
2011/07/14,0,370632,-848959,-478327
2011/07/15,0,1168691,-1431464,-262773
2011/07/18,0,415802,-1612960,-1197158
2011/07/19,0,206000,-1413219,-1207219
2011/07/20,0,1432567,-946000,486567
2011/07/21,0,1556148,-3040919,-1484771
2011/07/22,0,1607633,-1384886,222747
2011/07/25,0,360522,-487000,-126478
2011/07/26,0,1099744,-616000,483744
2011/07/27,0,1764251,-1733000,31251
2011/07/28,0,1724426,-1621004,103422
2011/07/29,0,3095553,-1611406,1484147
2011/08/01,0,4185690,-2757000,1428690
2011/08/02,0,1523981,-1945759,-421778
2011/08/03,0,1584879,-1695000,-110121
2011/08/04,0,1128876,-2364340,-1235464
2011/08/05,0,2108121,-6936000,-4827879
2011/08/08,0,854300,-4504620,-3650320
2011/08/09,0,2632000,-9228118,-6596118
2011/08/10,0,2505078,-8252000,-5746922
2011/08/11,0,2641000,-1717807,923193
2011/08/12,0,1138000,-5787821,-4649821
2011/08/15,0,1121157,-440711,680446
2011/08/16,0,2734050,-2392670,341380
2011/08/17,0,2402226,-1294000,1108226
2011/08/18,0,1031578,-2715000,-1683422
2011/08/19,0,1196350,-1350115,-153765
2011/08/22,0,1621980,-1113073,508907
2011/08/23,0,1634000,-682698,951302
2011/08/24,0,4016060,-2394000,1622060
2011/08/25,0,3379018,-2152248,1226770
2011/08/26,0,4164817,-1246153,2918664
2011/08/29,0,2169000,-535607,1633393
2011/08/30,0,1652017,-2365000,-712983
2011/08/31,0,3819604,-2683000,1136604
2011/09/01,0,4581390,-2468379,2113011
2011/09/02,0,1638198,-1797320,-159122
2011/09/05,0,1682000,-2866591,-1184591
2011/09/06,0,1026066,-1988431,-962365
2011/09/07,0,1305714,-1165649,140065
2011/09/08,0,1686452,-1520000,166452
2011/09/09,0,3507000,-2825065,681935
2011/09/12,0,0,0,0
2011/09/13,0,370995,-2509000,-2138005
2011/09/14,0,2281482,-3791189,-1509707
2011/09/15,0,2717000,-2619366,97634
2011/09/16,0,3267000,-4225222,-958222
2011/09/19,0,744433,-687000,57433
2011/09/20,0,1428828,-1879020,-450192
2011/09/21,0,902064,-843000,59064
2011/09/22,0,1502866,-4351000,-2848134
2011/09/23,0,2924755,-5929604,-3004849
2011/09/26,0,1910176,-3264065,-1353889
2011/09/27,0,2563522,-4572695,-2009173
2011/09/28,0,2032765,-2827000,-794235
2011/09/29,0,1551348,-6305930,-4754582
2011/09/30,0,1412000,-4683263,-3271263
2011/10/03,0,970915,-3542000,-2571085
2011/10/04,0,3549000,-2978344,570656
2011/10/05,0,3286000,-2691000,595000
2011/10/06,0,2715000,-2557000,158000
2011/10/07,0,1537000,-2747000,-1210000
2011/10/10,0,0,0,0
2011/10/11,0,2137000,-2679500,-542500
2011/10/12,0,1667000,-1782406,-115406
2011/10/13,0,1365856,-2684522,-1318666
2011/10/14,0,1549802,-2345000,-795198
2011/10/17,0,1708860,-1303002,405858
2011/10/18,0,1526507,-2090915,-564408
2011/10/19,0,1320445,-1178937,141508
2011/10/20,0,1711087,-1512000,199087
2011/10/21,0,1859691,-1099000,760691
2011/10/24,0,4632457,-2201000,2431457
2011/10/25,0,1494248,-2923870,-1429622
2011/10/26,0,1985000,-2201000,-216000
2011/10/27,0,2311200,-2950000,-638800
2011/10/28,0,3270000,-3462883,-192883
2011/10/31,0,1671214,-2399214,-728000
2011/11/01,0,1974000,-4085700,-2111700
2011/11/02,0,2623000,-4388815,-1765815
2011/11/03,0,1980000,-5441000,-3461000
2011/11/04,0,2577000,-8768000,-6191000
2011/11/07,0,2236000,-5688000,-3452000
2011/11/08,0,920822,-3601000,-2680178
2011/11/09,0,3317857,-7533328,-4215471
2011/11/10,0,7798964,-7483000,315964
2011/11/11,0,2255000,-5346532,-3091532
2011/11/14,0,2025000,-2424000,-399000
2011/11/15,0,1633000,-1834596,-201596
2011/11/16,0,7326000,-3461000,3865000
2011/11/17,0,5341429,-3542000,1799429
2011/11/18,0,3648543,-3692292,-43749
2011/11/21,0,1235552,-1364000,-128448
2011/11/22,0,1560000,-650000,910000
2011/11/23,0,1683000,-5056040,-3373040
2011/11/24,0,2117000,-2893000,-776000
2011/11/25,0,1151000,-2348000,-1197000
2011/11/28,0,1167256,-2147935,-980679
2011/11/29,0,1441000,-2841396,-1400396
2011/11/30,0,4872573,-2876000,1996573
2011/12/01,0,4161000,-3743882,417118
2011/12/02,0,2436000,-2932305,-496305
2011/12/05,0,1356000,-599525,756475
2011/12/06,0,1174000,-788953,385047
2011/12/07,0,4300000,-1983332,2316668
2011/12/08,0,1630000,-2047000,-417000
2011/12/09,0,1599273,-2138120,-538847
2011/12/12,0,816000,-788924,27076
2011/12/13,0,1432000,-571911,860089
2011/12/14,0,2178000,-769520,1408480
2011/12/15,0,2647000,-3526000,-879000
2011/12/16,0,1639000,-577179,1061821
2011/12/19,0,2065000,-1279000,786000
2011/12/20,0,1542000,-1883100,-341100
2011/12/21,0,1528000,-1160900,367100
2011/12/22,0,1680000,-1438976,241024
2011/12/23,0,1965000,-522000,1443000
2011/12/26,0,676000,-359000,317000
2011/12/27,0,1479000,-140000,1339000
2011/12/28,0,1319367,-217367,1102000
2011/12/29,0,1758211,-1567000,191211
2011/12/30,0,1219066,-431000,788066
2012/01/02,0,335000,-445000,-110000
2012/01/03,0,1367317,-299000,1068317
2012/01/04,0,2569000,-794700,1774300
2012/01/05,0,5457000,-1390000,4067000
2012/01/06,0,2611679,-831000,1780679
2012/01/09,0,2155000,-815000,1340000
2012/01/10,0,6211075,-1896544,4314531
2012/01/11,0,5742000,-2146675,3595325
2012/01/12,0,5149000,-1036000,4113000
2012/01/13,0,3557000,-838000,2719000
2012/01/16,0,2036000,-2291000,-255000
2012/01/17,0,2645000,-1389662,1255338
2012/01/18,0,6558000,-2624175,3933825
2012/01/19,0,0,0,0
2012/01/20,0,0,0,0
2012/01/23,0,0,0,0
2012/01/24,0,0,0,0
2012/01/25,0,0,0,0
2012/01/26,0,0,0,0
2012/01/27,0,0,0,0
2012/01/30,0,10344054,-3002462,7341592
2012/01/31,0,8733312,-3775786,4957526
2012/02/01,0,8158000,-3954600,4203400
2012/02/02,0,7847000,-1512000,6335000
2012/02/03,0,6442000,-806000,5636000
2012/02/06,0,2769000,-1889564,879436
2012/02/07,0,6388000,-2014000,4374000
2012/02/08,0,4941000,-2081291,2859709
2012/02/09,0,6865000,-2899747,3965253
2012/02/10,0,5382900,-3237390,2145510
2012/02/13,0,2851000,-1333850,1517150
2012/02/14,0,1814274,-1432700,381574
2012/02/15,0,4413000,-1208972,3204028
2012/02/16,0,3513000,-2007000,1506000
2012/02/17,0,1803000,-3312000,-1509000
2012/02/20,0,541000,-762000,-221000
2012/02/21,0,913000,-523000,390000
2012/02/22,0,4379000,-445000,3934000
2012/02/23,0,2629234,-3160828,-531594
2012/02/24,0,4972000,-3176000,1796000
2012/02/27,0,0,0,0
2012/02/28,0,0,0,0
2012/02/29,0,9810061,-2689000,7121061
2012/03/01,0,1634841,-828000,806841
2012/03/02,0,2027797,-1798997,228800
2012/03/05,0,1246000,-1395000,-149000
2012/03/06,0,5236000,-3276000,1960000
2012/03/07,0,4812000,-3022000,1790000
2012/03/08,0,5854000,-3793193,2060807
2012/03/09,0,991000,-2298000,-1307000
2012/03/12,0,1932000,-4406170,-2474170
2012/03/13,0,3886000,-2651911,1234089
2012/03/14,0,3517000,-1459073,2057927
2012/03/15,0,2442000,-3698000,-1256000
2012/03/16,0,2278000,-2050450,227550
2012/03/19,0,3783000,-2788000,995000
2012/03/20,0,3316000,-2608040,707960
2012/03/21,0,3432445,-4623991,-1191546
2012/03/22,0,1065000,-951000,114000
2012/03/23,0,934000,-961000,-27000
2012/03/26,0,1515715,-7454200,-5938485
2012/03/27,0,2014000,-1477331,536669
2012/03/28,0,2189000,-2704419,-515419
2012/03/29,0,2476000,-6480298,-4004298
2012/03/30,0,4653570,-6216458,-1562888
2012/04/02,0,2494000,-1123500,1370500
2012/04/03,0,5334037,-4673598,660439
2012/04/04,0,0,0,0
2012/04/05,0,830000,-2253118,-1423118
2012/04/06,0,505000,-3386079,-2881079
2012/04/09,0,1090000,-2500000,-1410000
2012/04/10,0,726000,-3135000,-2409000
2012/04/11,0,1196000,-3946759,-2750759
2012/04/12,0,894000,-3178087,-2284087
2012/04/13,0,1138510,-5336526,-4198016
2012/04/16,0,887000,-3173497,-2286497
2012/04/17,0,499000,-4602686,-4103686
2012/04/18,0,348000,-1033212,-685212
2012/04/19,0,710000,-1189170,-479170
2012/04/20,0,1770000,-5999252,-4229252
2012/04/23,0,2179362,-1573000,606362
2012/04/24,0,2504000,-1446490,1057510
2012/04/25,0,2589000,-1495000,1094000
2012/04/26,0,356000,-1832000,-1476000
2012/04/27,0,910452,-1432000,-521548
2012/04/30,0,2356512,-758572,1597940
2012/05/01,0,0,0,0
2012/05/02,0,3329000,-1376156,1952844
2012/05/03,0,1302457,-670234,632223
2012/05/04,0,2915000,-1308000,1607000
2012/05/07,0,1935110,-3500110,-1565000
2012/05/08,0,2447000,-1153640,1293360
2012/05/09,0,1448000,-2357000,-909000
2012/05/10,0,2811491,-1521502,1289989
2012/05/11,0,2021175,-2798060,-776885
2012/05/14,0,1376000,-730000,646000
2012/05/15,0,1145000,-1232000,-87000
2012/05/16,0,2813786,-3316124,-502338
2012/05/17,0,4011000,-1231000,2780000
2012/05/18,0,3796000,-2375000,1421000
2012/05/21,0,2871000,-621000,2250000
2012/05/22,0,1252000,-2440933,-1188933
2012/05/23,0,2629105,-1596000,1033105
2012/05/24,0,4500000,-2191000,2309000
2012/05/25,0,3020000,-2057470,962530
2012/05/28,0,2360363,-2238363,122000
2012/05/29,0,2954000,-955000,1999000
2012/05/30,0,10194000,-5537452,4656548
2012/05/31,0,11193774,-6887414,4306360
2012/06/01,0,2161000,-4277896,-2116896
2012/06/04,0,1687851,-1095397,592454
2012/06/05,0,713000,-1024740,-311740
2012/06/06,0,932000,-923400,8600
2012/06/07,0,1761027,-1331000,430027
2012/06/08,0,729626,-1089728,-360102
2012/06/11,0,2497208,-1561000,936208
2012/06/12,0,1731000,-2156000,-425000
2012/06/13,0,1522467,-1473611,48856
2012/06/14,0,1596686,-1284741,311945
2012/06/15,0,4206000,-3290924,915076
2012/06/18,0,3466245,-750802,2715443
2012/06/19,0,2674533,-534000,2140533
2012/06/20,0,5358895,-2666500,2692395
2012/06/21,0,1765673,-1388387,377286
2012/06/22,0,1342028,-1527000,-184972
2012/06/25,0,699000,-1853944,-1154944
2012/06/26,0,1057000,-1259000,-202000
2012/06/27,0,909000,-815280,93720
2012/06/28,0,1062000,-3342995,-2280995
2012/06/29,0,2779000,-667214,2111786
2012/07/02,0,2719000,-2113327,605673
2012/07/03,0,4886786,-415235,4471551
2012/07/04,0,2941965,-1678219,1263746
2012/07/05,0,1384000,-129000,1255000
2012/07/06,0,2645000,-272000,2373000
2012/07/09,0,967000,-481000,486000
2012/07/10,0,2584080,-1432142,1151938
2012/07/11,0,1807000,-676000,1131000
2012/07/12,0,1532000,-1725990,-193990
2012/07/13,0,1158949,-941888,217061
2012/07/16,0,696000,-167000,529000
2012/07/17,0,1332000,-810960,521040
2012/07/18,0,945000,-1636786,-691786
2012/07/19,0,2223000,-1252786,970214
2012/07/20,0,2163000,-1845572,317428
2012/07/23,0,764000,-2518000,-1754000
2012/07/24,0,2527000,-1068786,1458214
2012/07/25,0,577000,-3603566,-3026566
2012/07/26,0,972000,-2607043,-1635043
2012/07/27,0,2284000,-1002000,1282000
2012/07/30,0,1168360,-692000,476360
2012/07/31,0,4032000,-2860568,1171432
2012/08/01,0,4782000,-908000,3874000
2012/08/02,0,0,0,0
2012/08/03,0,2858337,-2161786,696551
2012/08/06,0,3363000,-1899000,1464000
2012/08/07,0,2179000,-1217000,962000
2012/08/08,0,4183113,-999006,3184107
2012/08/09,0,4156000,-599000,3557000
2012/08/10,0,1456010,-168000,1288010
2012/08/13,0,1877000,-515000,1362000
2012/08/14,0,2889683,-1355583,1534100
2012/08/15,0,1398552,-984000,414552
2012/08/16,0,1781000,-1643000,138000
2012/08/17,0,553000,-1385667,-832667
2012/08/20,0,502000,-576000,-74000
2012/08/21,0,5530225,-417066,5113159
2012/08/22,0,1261253,-377000,884253
2012/08/23,0,2208194,-725395,1482799
2012/08/24,0,713000,-1531993,-818993
2012/08/27,0,1190000,-758000,432000
2012/08/28,0,1103439,-830000,273439
2012/08/29,0,1948000,-1291000,657000
2012/08/30,0,3456000,-2838000,618000
2012/08/31,0,1567330,-604667,962663
2012/09/03,0,4670000,-5274000,-604000
2012/09/04,0,1395000,-1046195,348805
2012/09/05,0,1858000,-2582791,-724791
2012/09/06,0,730000,-783130,-53130
2012/09/07,0,1664884,-46816,1618068
2012/09/10,0,1527837,-567470,960367
2012/09/11,0,931000,-567000,364000
2012/09/12,0,1778000,-750000,1028000
2012/09/13,0,2291000,-958822,1332178
2012/09/14,0,3746000,-1049382,2696618
2012/09/17,0,2695000,-894615,1800385
2012/09/18,0,1644000,-2470648,-826648
2012/09/19,0,3548000,-1246025,2301975
2012/09/20,0,1718000,-899619,818381
2012/09/21,0,4595076,-2458000,2137076
2012/09/24,0,3139000,-919092,2219908
2012/09/25,0,3952000,-1720875,2231125
2012/09/26,0,2887000,-718000,2169000
2012/09/27,0,2609000,-1963970,645030
2012/09/28,0,5895300,-3187306,2707994
2012/10/01,0,2317000,-631050,1685950
2012/10/02,0,3081000,-599240,2481760
2012/10/03,0,1584000,-407955,1176045
2012/10/04,0,1776000,-2904365,-1128365
2012/10/05,0,1593000,-1417000,176000
2012/10/08,0,1041780,-1156000,-114220
2012/10/09,0,3725000,-1762000,1963000
2012/10/10,0,0,0,0
2012/10/11,0,1627105,-1097540,529565
2012/10/12,0,2313020,-1494000,819020
2012/10/15,0,1106000,-1281025,-175025
2012/10/16,0,1724000,-1583682,140318
2012/10/17,0,2232000,-1039703,1192297
2012/10/18,0,978000,-1379809,-401809
2012/10/19,0,1705000,-1058800,646200
2012/10/22,0,1076000,-1457752,-381752
2012/10/23,0,1988681,-937607,1051074
2012/10/24,0,3829000,-3532165,296835
2012/10/25,0,985000,-952000,33000
2012/10/26,0,1224000,-1121424,102576
2012/10/29,0,1043100,-1101000,-57900
2012/10/30,0,1138000,-1474015,-336015
2012/10/31,0,1413000,-1413170,-170
2012/11/01,0,1166000,-3114469,-1948469
2012/11/02,0,1184000,-725000,459000
2012/11/05,0,2511000,-1208000,1303000
2012/11/06,0,2067000,-1067641,999359
2012/11/07,0,1265000,-421895,843105
2012/11/08,0,1919000,-1905632,13368
2012/11/09,0,647000,-1902257,-1255257
2012/11/12,0,238000,-643345,-405345
2012/11/13,0,2473000,-5247215,-2774215
2012/11/14,0,3456000,-1810636,1645364
2012/11/15,0,2427000,-2425752,1248
2012/11/16,0,2647336,-2817630,-170294
2012/11/19,0,1966000,-1265644,700356
2012/11/20,0,913000,-2055475,-1142475
2012/11/21,0,1448000,-3951480,-2503480
2012/11/22,0,1416000,-1042113,373887
2012/11/23,0,4617000,-285000,4332000
2012/11/26,0,1453000,-796417,656583
2012/11/27,0,2599000,-1511836,1087164
2012/11/28,0,1497900,-2060000,-562100
2012/11/29,0,4216000,-2162235,2053765
2012/11/30,0,12176000,-8259443,3916557
2012/12/03,0,2368000,-903440,1464560
2012/12/04,0,3761530,-1721645,2039885
2012/12/05,0,5440000,-2824020,2615980
2012/12/06,0,3054000,-2784139,269861
2012/12/07,0,1805000,-1303100,501900
2012/12/10,0,3327000,-1255000,2072000
2012/12/11,0,2224758,-373000,1851758
2012/12/12,0,5503000,-3419000,2084000
2012/12/13,0,3292765,-3123533,169232
2012/12/14,0,2607127,-681000,1926127
2012/12/17,0,2141000,-1207656,933344
2012/12/18,0,1773715,-563482,1210233
2012/12/19,0,2237000,-1604844,632156
2012/12/20,0,1804990,-2230000,-425010
2012/12/21,0,1644000,-2326793,-682793
2012/12/24,0,1273000,-168000,1105000
2012/12/25,0,886000,-440000,446000
2012/12/26,0,539000,-390034,148966
2012/12/27,0,1446425,-1279000,167425
2012/12/28,0,1594000,-1046000,548000
2012/12/31,0,0,0,0
2013/01/01,0,0,0,0
2013/01/02,0,3405482,-605000,2800482
2013/01/03,0,2096000,-724000,1372000
2013/01/04,0,1710000,-1594000,116000
2013/01/07,0,809000,-1414546,-605546
2013/01/08,0,1690000,-861529,828471
2013/01/09,0,557000,-1192000,-635000
2013/01/10,0,4548000,-6960105,-2412105
2013/01/11,0,3309000,-2178962,1130038
2013/01/14,0,2320000,-868549,1451451
2013/01/15,0,3961300,-1533000,2428300
2013/01/16,0,1458000,-2087994,-629994
2013/01/17,0,1868600,-1479436,389164
2013/01/18,0,2456000,-1674933,781067
2013/01/21,0,2370000,-587055,1782945
2013/01/22,0,1452000,-890261,561739
2013/01/23,0,2254000,-1982913,271087
2013/01/24,0,4597000,-1864366,2732634
2013/01/25,0,1146849,-1767000,-620151
2013/01/28,0,1492000,-660285,831715
2013/01/29,0,1267300,-582625,684675
2013/01/30,0,1765000,-690600,1074400
2013/01/31,0,8758109,-6106812,2651297
2013/02/01,0,4200000,-1272781,2927219
2013/02/04,0,2427000,-1192408,1234592
2013/02/05,0,3720000,-2364516,1355484
2013/02/06,0,2783561,-2918150,-134589
2013/02/07,0,0,0,0
2013/02/08,0,0,0,0
2013/02/11,0,0,0,0
2013/02/12,0,0,0,0
2013/02/13,0,0,0,0
2013/02/14,0,0,0,0
2013/02/15,0,0,0,0
2013/02/18,0,4479629,-2921274,1558355
2013/02/19,0,2304764,-715000,1589764
2013/02/20,0,5423514,-976113,4447401
2013/02/21,0,6314598,-2313324,4001274
2013/02/22,0,3689000,-3310000,379000
2013/02/25,0,1728845,-1698753,30092
2013/02/26,0,3921659,-2653106,1268553
2013/02/27,0,6754372,-1675237,5079135
2013/02/28,0,0,0,0
2013/03/01,0,5956000,-6249070,-293070
2013/03/04,0,3099000,-3571444,-472444
2013/03/05,0,2449000,-1163278,1285722
2013/03/06,0,5449816,-588000,4861816
2013/03/07,0,2376000,-3462964,-1086964
2013/03/08,0,2682900,-1362000,1320900
2013/03/11,0,2248000,-1823000,425000
2013/03/12,0,2673000,-1552696,1120304
2013/03/13,0,2245000,-2773273,-528273
2013/03/14,0,6832000,-5239343,1592657
2013/03/15,0,5861336,-4384116,1477220
2013/03/18,0,5864000,-2454600,3409400
2013/03/19,0,5043000,-1643735,3399265
2013/03/20,0,5172000,-3846780,1325220
2013/03/21,0,5958160,-3398520,2559640
2013/03/22,0,5385400,-3532849,1852551
2013/03/25,0,4260000,-2498000,1762000
2013/03/26,0,6477000,-5607600,869400
2013/03/27,0,6737000,-4969735,1767265
2013/03/28,0,3951000,-3375033,575967
2013/03/29,0,1500000,-1158000,342000
2013/04/01,0,1325599,-1678000,-352401
2013/04/02,0,6360584,-1222000,5138584
2013/04/03,0,4703000,-1427539,3275461
2013/04/04,0,0,0,0
2013/04/05,0,0,0,0
2013/04/08,0,4650000,-5072389,-422389
2013/04/09,0,3012000,-2385090,626910
2013/04/10,0,4014000,-1848910,2165090
2013/04/11,0,2015048,-2042470,-27422
2013/04/12,0,1979000,-1730597,248403
2013/04/15,0,3156741,-2503500,653241
2013/04/16,0,3526311,-2469000,1057311
2013/04/17,0,2666000,-2100251,565749
2013/04/18,0,1997000,-3059474,-1062474
2013/04/19,0,3843000,-3182488,660512
2013/04/22,0,3487000,-2095000,1392000
2013/04/23,0,816000,-1803000,-987000
2013/04/24,0,3180500,-3015000,165500
2013/04/25,0,2516427,-3039035,-522608
2013/04/26,0,1827000,-1506000,321000
2013/04/29,0,1576000,-2558155,-982155
2013/04/30,0,3579000,-2327000,1252000
2013/05/01,0,0,0,0
2013/05/02,0,1331000,-4173847,-2842847
2013/05/03,0,4348000,-1870612,2477388
2013/05/06,0,2919000,-479958,2439042
2013/05/07,0,2150000,-3258840,-1108840
2013/05/08,0,3967845,-2400922,1566923
2013/05/09,0,2935211,-1532000,1403211
2013/05/10,0,1365000,-1455531,-90531
2013/05/13,0,3413490,-1289014,2124476
2013/05/14,0,4465000,-8390420,-3925420
2013/05/15,0,4918000,-4141870,776130
2013/05/16,0,4868000,-3102823,1765177
2013/05/17,0,3834504,-1083000,2751504
2013/05/20,0,2943878,-2855000,88878
2013/05/21,0,1724000,-2085003,-361003
2013/05/22,0,2097000,-1496000,601000
2013/05/23,0,780000,-3933444,-3153444
2013/05/24,0,2477617,-3404000,-926383
2013/05/27,0,943604,-2562000,-1618396
2013/05/28,0,1135000,-2282088,-1147088
2013/05/29,0,1910000,-2690000,-780000
2013/05/30,0,3032000,-4400490,-1368490
2013/05/31,0,4776691,-5160500,-383809
2013/06/03,0,7159000,-3472000,3687000
2013/06/04,0,8297000,-5588022,2708978
2013/06/05,0,5821000,-3227055,2593945
2013/06/06,0,5230909,-2761733,2469176
2013/06/07,0,8132850,-3992100,4140750
2013/06/10,0,7468000,-3735756,3732244
2013/06/11,0,5541606,-3153010,2388596
2013/06/12,0,0,0,0
2013/06/13,0,6252320,-4256080,1996240
2013/06/14,0,2651000,-3567478,-916478
2013/06/17,0,1810344,-1691000,119344
2013/06/18,0,3137240,-3243012,-105772
2013/06/19,0,1253519,-1592430,-338911
2013/06/20,0,2586000,-3645758,-1059758
2013/06/21,0,3673000,-4123120,-450120
2013/06/24,0,1668000,-3118952,-1450952
2013/06/25,0,3907000,-2660418,1246582
2013/06/26,0,2105000,-4129127,-2024127
2013/06/27,0,7865870,-2356000,5509870
2013/06/28,0,5928813,-3283150,2645663
2013/07/01,0,2566000,-2108000,458000
2013/07/02,0,1470112,-4928618,-3458506
2013/07/03,0,4574000,-2442300,2131700
2013/07/04,0,1285000,-781000,504000
2013/07/05,0,1474000,-725000,749000
2013/07/08,0,1683000,-2387389,-704389
2013/07/09,0,3009000,-3246153,-237153
2013/07/10,0,5778000,-6204587,-426587
2013/07/11,0,4950921,-3173346,1777575
2013/07/12,0,3423000,-2093000,1330000
2013/07/15,0,3739357,-4458219,-718862
2013/07/16,0,3697000,-4021000,-324000
2013/07/17,0,4847000,-1928235,2918765
2013/07/18,0,4421000,-2484000,1937000
2013/07/19,0,3927346,-3003331,924015
2013/07/22,0,2101926,-2106000,-4074
2013/07/23,0,3989584,-5222000,-1232416
2013/07/24,0,2516570,-2925254,-408684
2013/07/25,0,3063000,-3719561,-656561
2013/07/26,0,1456000,-4095000,-2639000
2013/07/29,0,2048600,-2659163,-610563
2013/07/30,0,2020000,-1747000,273000
2013/07/31,0,4929000,-5624000,-695000
2013/08/01,0,907000,-817000,90000
2013/08/02,0,2225040,-2634295,-409255
2013/08/05,0,1735107,-1619000,116107
2013/08/06,0,1950000,-2669095,-719095
2013/08/07,0,1916000,-2419000,-503000
2013/08/08,0,3487561,-5048000,-1560439
2013/08/09,0,1515400,-2537919,-1022519
2013/08/12,0,2197000,-1048000,1149000
2013/08/13,0,3638000,-1355428,2282572
2013/08/14,0,2519427,-2603000,-83573
2013/08/15,0,1893200,-2206736,-313536
2013/08/16,0,2527000,-2501869,25131
2013/08/19,0,1101537,-1426000,-324463
2013/08/20,0,2826332,-2381682,444650
2013/08/21,0,0,0,0
2013/08/22,0,2243217,-3704100,-1460883
2013/08/23,0,1203670,-2362155,-1158485
2013/08/26,0,388000,-324895,63105
2013/08/27,0,1052000,-1005000,47000
2013/08/28,0,1464000,-966000,498000
2013/08/29,0,2207285,-1494661,712624
2013/08/30,0,3647854,-1859437,1788417
2013/09/02,0,1732000,-1514000,218000
2013/09/03,0,1442199,-2168272,-726073
2013/09/04,0,2265300,-1606388,658912
2013/09/05,0,4170016,-376000,3794016
2013/09/06,0,2117972,-817000,1300972
2013/09/09,0,3699000,-661000,3038000
2013/09/10,0,4341000,-2603143,1737857
2013/09/11,0,3775800,-1459162,2316638
2013/09/12,0,5086888,-2488791,2598097
2013/09/13,0,2691000,-1141300,1549700
2013/09/16,0,2163000,-1616000,547000
2013/09/17,0,2164000,-1887607,276393
2013/09/18,0,2328570,-1664390,664180
2013/09/19,0,0,0,0
2013/09/20,0,0,0,0
2013/09/23,0,5729357,-3933784,1795573
2013/09/24,0,2721000,-3718901,-997901
2013/09/25,0,4717890,-5729631,-1011741
2013/09/26,0,1130000,-2305314,-1175314
2013/09/27,0,3251050,-3728274,-477224
2013/09/30,0,3620661,-3656000,-35339
2013/10/01,0,168000,-2433480,-2265480
2013/10/02,0,2186926,-1861614,325312
2013/10/03,0,3673965,-763290,2910675
2013/10/04,0,2260945,-1008335,1252610
2013/10/07,0,2058218,-1271337,786881
2013/10/08,0,1248000,-3677634,-2429634
2013/10/09,0,1993000,-1990975,2025
2013/10/10,0,0,0,0
2013/10/11,0,3683000,-2357089,1325911
2013/10/14,0,1594000,-1373311,220689
2013/10/15,0,2053000,-1478932,574068
2013/10/16,0,1654000,-1593460,60540
2013/10/17,0,2191000,-2367895,-176895
2013/10/18,0,2271000,-1979808,291192
2013/10/21,0,1620000,-1042932,577068
2013/10/22,0,1940578,-1522246,418332
2013/10/23,0,2399116,-1714393,684723
2013/10/24,0,2097000,-2769399,-672399
2013/10/25,0,1938000,-2738866,-800866
2013/10/28,0,2537190,-2673636,-136446
2013/10/29,0,2817000,-2773832,43168
2013/10/30,0,3988025,-1582022,2406003
2013/10/31,0,3359560,-2599776,759784
2013/11/01,0,2492000,-1326869,1165131
2013/11/04,0,1797000,-1445748,351252
2013/11/05,0,2011000,-1800734,210266
2013/11/06,0,2366000,-1513133,852867
2013/11/07,0,1029444,-1237000,-207556
2013/11/08,0,3677000,-1391000,2286000
2013/11/11,0,1711000,-4891273,-3180273
2013/11/12,0,3391855,-1314509,2077346
2013/11/13,0,1230421,-6811343,-5580922
2013/11/14,0,2088545,-4100164,-2011619
2013/11/15,0,2137000,-6309671,-4172671
2013/11/18,0,1305000,-3483528,-2178528
2013/11/19,0,1476352,-4760672,-3284320
2013/11/20,0,2211000,-6173868,-3962868
2013/11/21,0,1573717,-4002129,-2428412
2013/11/22,0,1650020,-1825196,-175176
2013/11/25,0,1105200,-2547503,-1442303
2013/11/26,0,2611257,-3497178,-885921
2013/11/27,0,516218,-993000,-476782
2013/11/28,0,1492000,-990759,501241
2013/11/29,0,908000,-904000,4000
2013/12/02,0,1190218,-1014319,175899
2013/12/03,0,1802979,-2123855,-320876
2013/12/04,0,2134000,-3895000,-1761000
2013/12/05,0,2225827,-2934261,-708434
2013/12/06,0,1298000,-2316077,-1018077
2013/12/09,0,3216000,-1338673,1877327
2013/12/10,0,2217000,-3069408,-852408
2013/12/11,0,2267000,-3000000,-733000
2013/12/12,0,1098496,-4472737,-3374241
2013/12/13,0,3474500,-6068723,-2594223
2013/12/16,0,3093500,-4814802,-1721302
2013/12/17,0,3749000,-2552230,1196770
2013/12/18,0,2678000,-2021090,656910
2013/12/19,0,1863000,-2577873,-714873
2013/12/20,0,1379000,-3634957,-2255957
2013/12/23,0,1568414,-2006987,-438573
2013/12/24,0,566000,-884430,-318430
2013/12/25,0,207000,-624000,-417000
2013/12/26,0,160700,-313000,-152300
2013/12/27,0,1240000,-688000,552000
2013/12/30,0,1275000,-842210,432790
2013/12/31,0,713001,-700000,13001
2014/01/02,0,259959,-296541,-36582
2014/01/03,0,525000,-2416028,-1891028
2014/01/06,0,2062000,-1815579,246421
2014/01/07,0,1337000,-2301467,-964467
2014/01/08,0,1458000,-1366054,91946
2014/01/09,0,1713000,-6708012,-4995012
2014/01/10,0,4925000,-5073000,-148000
2014/01/13,0,2033000,-4542201,-2509201
2014/01/14,0,1397000,-3559000,-2162000
2014/01/15,0,1442000,-6024557,-4582557
2014/01/16,0,3276000,-7194931,-3918931
2014/01/17,0,2019218,-4988888,-2969670
2014/01/20,0,487000,-5619092,-5132092
2014/01/21,0,1147000,-2454770,-1307770
2014/01/22,0,1864000,-1995248,-131248
2014/01/23,0,882000,-3832000,-2950000
2014/01/24,0,1933000,-1802000,131000
2014/01/27,0,1846000,-5582154,-3736154
2014/02/05,0,4041163,-15423407,-11382244
2014/02/06,0,2994000,-7446725,-4452725
2014/02/07,0,1991000,-3436825,-1445825
2014/02/10,0,3891000,-2536363,1354637
2014/02/11,0,1286006,-5394243,-4108237
2014/02/12,0,2134000,-2079032,54968
2014/02/13,0,2123000,-3563080,-1440080
2014/02/14,0,3763650,-2381220,1382430
2014/02/17,0,2255000,-984572,1270428
2014/02/18,0,2594170,-1310610,1283560
2014/02/19,0,1644000,-3105315,-1461315
2014/02/20,0,2011214,-2890951,-879737
2014/02/21,0,2674000,-2077115,596885
2014/02/24,0,1205144,-3773644,-2568500
2014/02/25,0,1859039,-3711608,-1852569
2014/02/26,0,2809000,-4727786,-1918786
2014/02/27,0,2293057,-2574602,-281545
2014/03/03,0,2696116,-8047695,-5351579
2014/03/04,0,380000,-2978600,-2598600
2014/03/05,0,1481000,-3603204,-2122204
2014/03/06,0,1215000,-2274010,-1059010
2014/03/07,0,1321000,-3220223,-1899223
2014/03/10,0,1634000,-2637052,-1003052
2014/03/11,0,1370000,-2932827,-1562827
2014/03/12,0,899000,-2702262,-1803262
2014/03/13,0,1846000,-1637358,208642
2014/03/14,0,2267000,-4352322,-2085322
2014/03/17,0,2773000,-2537056,235944
2014/03/18,0,2762666,-2611912,150754
2014/03/19,0,4342000,-1908000,2434000
2014/03/20,0,3398000,-4809900,-1411900
2014/03/21,0,2156000,-3775779,-1619779
2014/03/24,0,2122149,-1504984,617165
2014/03/25,0,3484000,-3198802,285198
2014/03/26,0,1720000,-2228700,-508700
2014/03/27,0,6392000,-4196717,2195283
2014/03/28,0,3310000,-1907075,1402925
2014/03/31,0,4410894,-5553119,-1142225
2014/04/01,0,4275500,-6323228,-2047728
2014/04/02,0,2827000,-3493000,-666000
2014/04/03,0,2891000,-3852797,-961797
2014/04/07,0,6668000,-4022336,2645664
2014/04/08,0,3889052,-1754000,2135052
2014/04/09,0,2670000,-963140,1706860
2014/04/10,0,4459140,-5885703,-1426563
2014/04/11,0,2115321,-3629788,-1514467
2014/04/14,0,1872510,-1518131,354379
2014/04/15,0,1206000,-2429362,-1223362
2014/04/16,0,2000000,-1508000,492000
2014/04/17,0,1352000,-997000,355000
2014/04/18,0,807000,-205229,601771
2014/04/21,0,3500000,-11000,3489000
2014/04/22,0,2104000,-618049,1485951
2014/04/23,0,2185719,-1863719,322000
2014/04/24,0,811000,-1487000,-676000
2014/04/25,0,1221815,-2744645,-1522830
2014/04/28,0,2605000,-2038000,567000
2014/04/29,0,713000,-1787024,-1074024
2014/04/30,0,4562000,-6529994,-1967994
2014/05/02,0,1712000,-1010514,701486
2014/05/05,0,832341,-594290,238051
2014/05/06,0,595000,-552000,43000
2014/05/07,0,1434000,-1397568,36432
2014/05/08,0,1488000,-1450124,37876
2014/05/09,0,1384000,-1641308,-257308
2014/05/12,0,2036052,-1333532,702520
2014/05/13,0,3138000,-1639000,1499000
2014/05/14,0,5880000,-6233697,-353697
2014/05/15,0,3018000,-3045125,-27125
2014/05/16,0,3313315,-719749,2593566
2014/05/19,0,3163695,-769517,2394178
2014/05/20,0,2802420,-2807507,-5087
2014/05/21,0,1964000,-1115653,848347
2014/05/22,0,3514000,-1004000,2510000
2014/05/23,0,2377000,-1814336,562664
2014/05/26,0,803000,-501000,302000
2014/05/27,0,526000,-429000,97000
2014/05/28,0,2753000,-1072179,1680821
2014/05/29,0,1514000,-504780,1009220
2014/05/30,0,3213000,-4620471,-1407471
2014/06/03,0,4215000,-2579568,1635432
2014/06/04,0,1067000,-1520000,-453000
2014/06/05,0,2183000,-1177360,1005640
2014/06/06,0,286000,-341000,-55000
2014/06/09,0,742000,-377000,365000
2014/06/10,0,2536805,-345562,2191243
2014/06/11,0,1129000,-1574630,-445630
2014/06/12,0,1925000,-1440000,485000
2014/06/13,0,2654000,-3637482,-983482
2014/06/16,0,1112472,-1872650,-760178
2014/06/17,0,3225000,-956016,2268984
2014/06/18,0,2659000,-854000,1805000
2014/06/19,0,1595507,-1273905,321602
2014/06/20,0,4166000,-1891716,2274284
2014/06/23,0,1343000,-3365708,-2022708
2014/06/24,0,1096000,-3927325,-2831325
2014/06/25,0,2798000,-3479303,-681303
2014/06/26,0,2230795,-3574952,-1344157
2014/06/27,0,2350000,-1301000,1049000
2014/06/30,0,2626500,-1491868,1134632
2014/07/01,0,4019000,-1292154,2726846
2014/07/02,0,3920356,-469100,3451256
2014/07/03,0,2841170,-1972000,869170
2014/07/04,0,3736201,-1121000,2615201
2014/07/07,0,2219448,-1389764,829684
2014/07/08,0,3774000,-1441606,2332394
2014/07/09,0,2776830,-413194,2363636
2014/07/10,0,5982260,-3227659,2754601
2014/07/11,0,3709717,-1277000,2432717
2014/07/14,0,2592000,-1191455,1400545
2014/07/15,0,3416531,-1746040,1670491
2014/07/16,0,2909000,-925000,1984000
2014/07/17,0,4368252,-2824722,1543530
2014/07/18,0,3476000,-718778,2757222
2014/07/21,0,2592451,-1468438,1124013
2014/07/22,0,2259000,-235000,2024000
2014/07/23,0,0,0,0
2014/07/24,0,4280899,-1022000,3258899
2014/07/25,0,1990000,-676000,1314000
2014/07/28,0,2424000,-1004000,1420000
2014/07/29,0,4124000,-1627000,2497000
2014/07/30,0,4232000,-1527059,2704941
2014/07/31,0,2506000,-1840712,665288
2014/08/01,0,2538365,-3555060,-1016695
2014/08/04,0,3773000,-3771000,2000
2014/08/05,0,3220410,-3457211,-236801
2014/08/06,0,3019540,-753360,2266180
2014/08/07,0,3102930,-2974187,128743
2014/08/08,0,1762102,-1719464,42638
2014/08/11,0,1379577,-1444567,-64990
2014/08/12,0,2756000,-1684974,1071026
2014/08/13,0,3850000,-1809603,2040397
2014/08/14,0,2606000,-899952,1706048
2014/08/15,0,1511000,-1821670,-310670
2014/08/18,0,1887000,-1218314,668686
2014/08/19,0,3888670,-1095000,2793670
2014/08/20,0,1604995,-1989101,-384106
2014/08/21,0,1256000,-1545000,-289000
2014/08/22,0,4944389,-1749102,3195287
2014/08/25,0,1187000,-2016600,-829600
2014/08/26,0,1061189,-1517432,-456243
2014/08/27,0,2865000,-1810000,1055000
2014/08/28,0,717675,-1940612,-1222937
2014/08/29,0,2823000,-2878060,-55060
2014/09/01,0,2161000,-518000,1643000
2014/09/02,0,1188000,-2156709,-968709
2014/09/03,0,2495399,-621000,1874399
2014/09/04,0,762071,-485611,276460
2014/09/05,0,1065000,-2612000,-1547000
2014/09/09,0,1436727,-872348,564379
2014/09/10,0,1213237,-2207000,-993763
2014/09/11,0,1854000,-892637,961363
2014/09/12,0,1403235,-1018001,385234
2014/09/15,0,2208000,-2841380,-633380
2014/09/16,0,2759056,-1417001,1342055
2014/09/17,0,1940010,-1473275,466735
2014/09/18,0,2430466,-2987113,-556647
2014/09/19,0,3082201,-1714138,1368063
2014/09/22,0,1790572,-4052666,-2262094
2014/09/23,0,728000,-1537361,-809361
2014/09/24,0,1300052,-927000,373052
2014/09/25,0,1137000,-2813225,-1676225
2014/09/26,0,1009818,-1518252,-508434
2014/09/29,0,3326000,-5925300,-2599300
2014/09/30,0,2595000,-3588294,-993294
2014/10/01,0,2183000,-3945796,-1762796
2014/10/02,0,1529980,-3469093,-1939113
2014/10/03,0,1802088,-1761242,40846
2014/10/06,0,3043852,-4696369,-1652517
2014/10/07,0,2834475,-3995317,-1160842
2014/10/08,0,5057424,-4639682,417742
2014/10/09,0,1877610,-2726624,-849014
2014/10/13,0,1600000,-5687967,-4087967
2014/10/14,0,1293000,-2588059,-1295059
2014/10/15,0,5857000,-9526478,-3669478
2014/10/16,0,2389881,-3367802,-977921
2014/10/17,0,3899178,-4429677,-530499
2014/10/20,0,2016784,-1245372,771412
2014/10/21,0,590000,-1763000,-1173000
2014/10/22,0,1466757,-1656490,-189733
2014/10/23,0,1054148,-3670301,-2616153
2014/10/24,0,2319000,-2978364,-659364
2014/10/27,0,1712000,-2212257,-500257
2014/10/28,0,1826000,-3805051,-1979051
2014/10/29,0,2550263,-2906480,-356217
2014/10/30,0,1269000,-4921014,-3652014
2014/10/31,0,3763000,-2200000,1563000
2014/11/03,0,1006000,-1516170,-510170
2014/11/04,0,3073227,-1923629,1149598
2014/11/05,0,1340000,-2090352,-750352
2014/11/06,0,905500,-568780,336720
2014/11/07,0,74000,-798425,-724425
2014/11/10,0,1602125,-1018725,583400
2014/11/11,0,694000,-1946322,-1252322
2014/11/12,0,1562000,-11420264,-9858264
2014/11/13,0,3623007,-7183311,-3560304
2014/11/14,0,3880000,-4776344,-896344
2014/11/17,0,3555001,-6236932,-2681931
2014/11/18,0,2302239,-4911410,-2609171
2014/11/19,0,4214203,-8385188,-4170985
2014/11/20,0,4169896,-5382826,-1212930
2014/11/21,0,2703970,-4337000,-1633030
2014/11/24,0,2646370,-3286181,-639811
2014/11/25,0,3060639,-5489753,-2429114
2014/11/26,0,1533000,-3106000,-1573000
2014/11/27,0,3118000,-5363108,-2245108
2014/11/28,0,2852000,-5366000,-2514000
2014/12/01,0,2309762,-5044555,-2734793
2014/12/02,0,2674728,-8178000,-5503272
2014/12/03,0,3290529,-6277676,-2987147
2014/12/04,0,3117981,-3659423,-541442
2014/12/05,0,3453000,-3926000,-473000
2014/12/08,0,1111000,-2685221,-1574221
2014/12/09,0,1349000,-2123710,-774710
2014/12/10,0,2318842,-5631345,-3312503
2014/12/11,0,1834000,-3843164,-2009164
2014/12/12,0,6418732,-7223786,-805054
2014/12/15,0,2782000,-4750243,-1968243
2014/12/16,0,2497168,-3072739,-575571
2014/12/17,0,3268608,-10468259,-7199651
2014/12/18,0,3491057,-5594816,-2103759
2014/12/19,0,6278425,-3339705,2938720
2014/12/22,0,3139000,-3080000,59000
2014/12/23,0,4044000,-7052085,-3008085
2014/12/24,0,2309000,-4954000,-2645000
2014/12/25,0,837000,-1970000,-1133000
2014/12/26,0,1232000,-1580793,-348793
2014/12/29,0,3209567,-2850567,359000
2014/12/30,0,2476571,-1670647,805924
2014/12/31,0,2560000,-1018389,1541611
2015/01/01,0,0,0,0
2015/01/02,0,0,0,0
2015/01/05,0,2213011,-2782352,-569341
2015/01/06,0,854060,-3614061,-2760001
2015/01/07,0,2254597,-4601918,-2347321
2015/01/08,0,4227000,-6677695,-2450695
2015/01/09,0,1539000,-5004416,-3465416
2015/01/12,0,1462205,-4568000,-3105795
2015/01/13,0,7387998,-7252162,135836
2015/01/14,0,3656000,-9275317,-5619317
2015/01/15,0,7958000,-7230564,727436
2015/01/16,0,3513000,-4252475,-739475
2015/01/19,0,2468000,-2160075,307925
2015/01/20,0,1688000,-3419334,-1731334
2015/01/21,0,2370685,-4948276,-2577591
2015/01/22,0,3591000,-4404723,-813723
2015/01/23,0,4559000,-3940207,618793
2015/01/26,0,2929000,-2149492,779508
2015/01/27,0,2679000,-2691000,-12000
2015/01/28,0,3173000,-1545722,1627278
2015/01/29,0,3468000,-4164914,-696914
2015/01/30,0,6223000,-5615598,607402
2015/02/02,0,3983441,-2272024,1711417
2015/02/03,0,1286000,-1263117,22883
2015/02/04,0,5023964,-11576556,-6552592
2015/02/05,0,2504000,-4670607,-2166607
2015/02/06,0,3025000,-4069297,-1044297
2015/02/09,0,1932776,-3087000,-1154224
2015/02/10,0,2693000,-2165416,527584
2015/02/11,0,2050088,-1603645,446443
2015/02/12,0,2705000,-4008137,-1303137
2015/02/13,0,2614000,-2114040,499960
2015/02/16,0,0,0,0
2015/02/17,0,0,0,0
2015/02/18,0,0,0,0
2015/02/19,0,0,0,0
2015/02/20,0,0,0,0
2015/02/23,0,0,0,0
2015/02/24,0,5140000,-3037291,2102709
2015/02/25,0,3732974,-1824324,1908650
2015/02/26,0,5238000,-1941789,3296211
2015/02/27,0,0,0,0
2015/03/02,0,2315000,-2681895,-366895
2015/03/03,0,3834424,-1482095,2352329
2015/03/04,0,3836000,-1703000,2133000
2015/03/05,0,798000,-3906651,-3108651
2015/03/06,0,2124000,-4921285,-2797285
2015/03/09,0,1310000,-5145282,-3835282
2015/03/10,0,3382104,-1370885,2011219
2015/03/11,0,2843152,-3533888,-690736
2015/03/12,0,7122000,-1130000,5992000
2015/03/13,0,8072716,-3776000,4296716
2015/03/16,0,1474000,-1651324,-177324
2015/03/17,0,1892000,-1415011,476989
2015/03/18,0,2861000,-3666479,-805479
2015/03/19,0,4340000,-3041632,1298368
2015/03/20,0,7011000,-7400000,-389000
2015/03/23,0,988000,-3685634,-2697634
2015/03/24,0,2735000,-4279746,-1544746
2015/03/25,0,1577000,-7320000,-5743000
2015/03/26,0,3340488,-3448810,-108322
2015/03/27,0,4135000,-2157375,1977625
2015/03/30,0,3441321,-2127006,1314315
2015/03/31,0,3792000,-3213000,579000
2015/04/01,0,2516089,-1551000,965089
2015/04/02,0,3156732,-1047000,2109732
2015/04/03,0,0,0,0
2015/04/06,0,0,0,0
2015/04/07,0,1666000,-673966,992034
2015/04/08,0,1784000,-5535445,-3751445
2015/04/09,0,2777000,-2556540,220460
2015/04/10,0,2297000,-4511949,-2214949
2015/04/13,0,1781000,-3952000,-2171000
2015/04/14,0,5935000,-11635008,-5700008
2015/04/15,0,4176000,-5263612,-1087612
2015/04/16,0,5262000,-5103180,158820
2015/04/17,0,3633424,-3074494,558930
2015/04/20,0,1403706,-5787785,-4384079
2015/04/21,0,1163000,-2237370,-1074370
2015/04/22,0,3994535,-3333475,661060
2015/04/23,0,4080000,-2370401,1709599
2015/04/24,0,6830268,-3135095,3695173
2015/04/27,0,3674000,-1189337,2484663
2015/04/28,0,4081000,-4678910,-597910
2015/04/29,0,2888478,-1640535,1247943
2015/04/30,0,3355034,-7034813,-3679779
2015/05/01,0,0,0,0
2015/05/04,0,1106000,-556000,550000
2015/05/05,0,811000,-297000,514000
2015/05/06,0,951688,-1293615,-341927
2015/05/07,0,648000,-2200035,-1552035
2015/05/08,0,1760080,-1217149,542931
2015/05/11,0,1627000,-1544588,82412
2015/05/12,0,2587000,-3045000,-458000
2015/05/13,0,3804000,-1024617,2779383
2015/05/14,0,9870700,-4759000,5111700
2015/05/15,0,1343000,-2355957,-1012957
2015/05/18,0,1511000,-1617914,-106914
2015/05/19,0,4484300,-479000,4005300
2015/05/20,0,1680000,-1497000,183000
2015/05/21,0,742000,-2899245,-2157245
2015/05/22,0,1923000,-1888597,34403
2015/05/25,0,800000,-734000,66000
2015/05/26,0,576000,-541080,34920
2015/05/27,0,1657805,-1928140,-270335
2015/05/28,0,2528000,-2572196,-44196
2015/05/29,0,2871306,-2657741,213565
2015/06/01,0,975000,-2852167,-1877167
2015/06/02,0,1505112,-1929473,-424361
2015/06/03,0,2012000,-1780000,232000
2015/06/04,0,1111857,-2850685,-1738828
2015/06/05,0,1250589,-3404639,-2154050
2015/06/08,0,1092000,-3725640,-2633640
2015/06/09,0,1764000,-2629091,-865091
2015/06/10,0,1227777,-3688008,-2460231
2015/06/11,0,2745000,-6549000,-3804000
2015/06/12,0,1282000,-2830340,-1548340
2015/06/15,0,2360000,-3236103,-876103
2015/06/16,0,2160000,-3831623,-1671623
2015/06/17,0,2512000,-4273651,-1761651
2015/06/18,0,3438181,-3481402,-43221
2015/06/19,0,0,0,0
2015/06/22,0,1577168,-3934100,-2356932
2015/06/23,0,2444000,-2802000,-358000
2015/06/24,0,1171285,-1586786,-415501
2015/06/25,0,2682564,-4513803,-1831239
2015/06/26,0,1254000,-915000,339000
2015/06/29,0,215000,-3310601,-3095601
2015/06/30,0,3035000,-2527011,507989
2015/07/01,0,1489000,-3303389,-1814389
2015/07/02,0,1307114,-2372000,-1064886
2015/07/03,0,452000,-1655000,-1203000
2015/07/06,0,1275000,-1336000,-61000
2015/07/07,0,2603000,-2365766,237234
2015/07/08,0,3770006,-5411149,-1641143
2015/07/09,0,1578000,-4263706,-2685706
2015/07/10,0,0,0,0
2015/07/13,0,1831000,-4454410,-2623410
2015/07/14,0,2141000,-2103678,37322
2015/07/15,0,3228050,-1346867,1881183
2015/07/16,0,1613000,-1243000,370000
2015/07/17,0,1494000,-1560227,-66227
2015/07/20,0,1421168,-1461850,-40682
2015/07/21,0,4572000,-2413000,2159000
2015/07/22,0,3010060,-3778368,-768308
2015/07/23,0,2136000,-1833000,303000
2015/07/24,0,771140,-2018940,-1247800
2015/07/27,0,1914000,-2076677,-162677
2015/07/28,0,1574000,-3995000,-2421000
2015/07/29,0,1620000,-2388228,-768228
2015/07/30,0,2263000,-2012375,250625
2015/07/31,0,4218187,-4814872,-596685
2015/08/03,0,2162559,-2694000,-531441
2015/08/04,0,2178000,-1956641,221359
2015/08/05,0,2161085,-1215000,946085
2015/08/06,0,3176000,-5729824,-2553824
2015/08/07,0,2632000,-5718328,-3086328
2015/08/10,0,2610000,-1972000,638000
2015/08/11,0,3101207,-3912000,-810793
2015/08/12,0,2841000,-2415000,426000
2015/08/13,0,2467000,-4347613,-1880613
2015/08/14,0,1931871,-3095000,-1163129
2015/08/17,0,2587271,-3557522,-970251
2015/08/18,0,2735000,-3461255,-726255
2015/08/19,0,2591255,-5484621,-2893366
2015/08/20,0,2795000,-5058000,-2263000
2015/08/21,0,3703000,-3685000,18000
2015/08/24,0,3619000,-3713000,-94000
2015/08/25,0,3446000,-5179575,-1733575
2015/08/26,0,3637000,-6164048,-2527048
2015/08/27,0,4194000,-6894000,-2700000
2015/08/28,0,2863000,-3945815,-1082815
2015/08/31,0,2897144,-4992000,-2094856
2015/09/01,0,3896000,-5423210,-1527210
2015/09/02,0,3166000,-3671425,-505425
2015/09/03,0,7957000,-7813120,143880
2015/09/04,0,1717471,-2223717,-506246
2015/09/07,0,711000,-1643000,-932000
2015/09/08,0,1327000,-2638503,-1311503
2015/09/09,0,5026559,-3935035,1091524
2015/09/10,0,3490994,-1075000,2415994
2015/09/11,0,2397000,-1591015,805985
2015/09/14,0,1912000,-1258288,653712
2015/09/15,0,1766921,-1058133,708788
2015/09/16,0,3079000,-2180423,898577
2015/09/17,0,5702000,-4385578,1316422
2015/09/18,0,3566000,-2567759,998241
2015/09/21,0,2089000,-2763389,-674389
2015/09/22,0,1467885,-1425876,42009
2015/09/23,0,1107000,-1928504,-821504
2015/09/24,0,1182100,-2481828,-1299728
2015/09/25,0,1133000,-1753000,-620000
2015/09/28,0,0,0,0
2015/09/29,0,0,0,0
2015/09/30,0,4021000,-5705896,-1684896
2015/10/01,0,2531933,-2585899,-53966
2015/10/02,0,1286000,-1811000,-525000
2015/10/05,0,832000,-2039459,-1207459
2015/10/06,0,4051825,-2419575,1632250
2015/10/07,0,2530543,-2051615,478928
2015/10/08,0,1450390,-1003015,447375
2015/10/09,0,0,0,0
2015/10/12,0,3010000,-867132,2142868
2015/10/13,0,3984656,-1317316,2667340
2015/10/14,0,1540685,-1129000,411685
2015/10/15,0,2491000,-810307,1680693
2015/10/16,0,2266000,-1181363,1084637
2015/10/19,0,1804180,-182033,1622147
2015/10/20,0,1936000,-951241,984759
2015/10/21,0,1512000,-1000000,512000
2015/10/22,0,1935000,-149499,1785501
2015/10/23,0,3935001,-352000,3583001
2015/10/26,0,2959000,-612000,2347000
2015/10/27,0,2366000,-1149074,1216926
2015/10/28,0,2305000,-1148887,1156113
2015/10/29,0,2531466,-1751129,780337
2015/10/30,0,1748355,-2124554,-376199
2015/11/02,0,2134215,-514000,1620215
2015/11/03,0,3663000,-395827,3267173
2015/11/04,0,3599000,-884117,2714883
2015/11/05,0,737000,-917985,-180985
2015/11/06,0,1243000,-3291865,-2048865
2015/11/09,0,1893000,-1398000,495000
2015/11/10,0,2327000,-2395797,-68797
2015/11/11,0,2035000,-2467001,-432001
2015/11/12,0,2021105,-1940867,80238
2015/11/13,0,3517356,-2313309,1204047
2015/11/16,0,3599000,-2979670,619330
2015/11/17,0,3070000,-617529,2452471
2015/11/18,0,4260000,-2114696,2145304
2015/11/19,0,3288000,-1985001,1302999
2015/11/20,0,3497000,-967000,2530000
2015/11/23,0,5809875,-1342000,4467875
2015/11/24,0,2217000,-1955522,261478
2015/11/25,0,1844000,-1368000,476000
2015/11/26,0,2376000,-609000,1767000
2015/11/27,0,1303000,-882000,421000
2015/11/30,0,7317000,-10923394,-3606394
2015/12/01,0,4051000,-3371424,679576
2015/12/02,0,1695000,-3099035,-1404035
2015/12/03,0,3149801,-2044574,1105227
2015/12/04,0,1370695,-1713162,-342467
2015/12/07,0,2059000,-984162,1074838
2015/12/08,0,1024506,-2854982,-1830476
2015/12/09,0,1615000,-1882807,-267807
2015/12/10,0,2017000,-3078403,-1061403
2015/12/11,0,3273117,-3211315,61802
2015/12/14,0,1310000,-1427367,-117367
2015/12/15,0,1516183,-1969510,-453327
2015/12/16,0,2197000,-1368000,829000
2015/12/17,0,2123000,-2485000,-362000
2015/12/18,0,2897757,-2273462,624295
2015/12/21,0,1272000,-2517480,-1245480
2015/12/22,0,1906598,-1147024,759574
2015/12/23,0,1058000,-1362000,-304000
2015/12/24,0,834000,-609000,225000
2015/12/25,0,334000,-206000,128000
2015/12/28,0,1200000,-610000,590000
2015/12/29,0,435000,-839280,-404280
2015/12/30,0,787405,-1571582,-784177
2015/12/31,0,1002008,-725000,277008
2016/01/01,0,0,0,0
2016/01/04,0,1228160,-4418000,-3189840
2016/01/05,0,3472729,-1975000,1497729
2016/01/06,0,4590484,-4894000,-303516
2016/01/07,0,6155712,-4939022,1216690
2016/01/08,0,4352000,-6922336,-2570336
2016/01/11,0,3399170,-7701905,-4302735
2016/01/12,0,3190000,-2907000,283000
2016/01/13,0,3881802,-3018002,863800
2016/01/14,0,2145156,-2631000,-485844
2016/01/15,0,2654168,-3790008,-1135840
2016/01/18,0,2610000,-2200000,410000
2016/01/19,0,1923097,-1637918,285179
2016/01/20,0,3832510,-2901000,931510
2016/01/21,0,2318872,-2813001,-494129
2016/01/22,0,1454000,-1367000,87000
2016/01/25,0,3312720,-2334000,978720
2016/01/26,0,986000,-3548000,-2562000
2016/01/27,0,2853000,-2849501,3499
2016/01/28,0,8094750,-2859761,5234989
2016/01/29,0,6135312,-4749490,1385822
2016/02/01,0,4850000,-1985000,2865000
2016/02/02,0,7686566,-2280141,5406425
2016/02/03,0,3728630,-3947396,-218766
2016/02/04,0,0,0,0
2016/02/05,0,0,0,0
2016/02/08,0,0,0,0
2016/02/09,0,0,0,0
2016/02/10,0,0,0,0
2016/02/11,0,0,0,0
2016/02/12,0,0,0,0
2016/02/15,0,4931156,-5271651,-340495
2016/02/16,0,6110000,-1924900,4185100
2016/02/17,0,5640312,-2077168,3563144
2016/02/18,0,2799120,-2629628,169492
2016/02/19,0,2570510,-1253088,1317422
2016/02/22,0,2266000,-2173852,92148
2016/02/23,0,2380448,-2140000,240448
2016/02/24,0,2040989,-1543789,497200
2016/02/25,0,2141955,-1430000,711955
2016/02/26,0,6055000,-2085956,3969044
2016/02/29,0,0,0,0
2016/03/01,0,2946405,-4641828,-1695423
2016/03/02,0,2023085,-4099562,-2076477
2016/03/03,0,5783788,-3705000,2078788
2016/03/04,0,3943000,-4994184,-1051184
2016/03/07,0,4283000,-3309020,973980
2016/03/08,0,3384697,-2146815,1237882
2016/03/09,0,3696000,-3089911,606089
2016/03/10,0,2072000,-1890050,181950
2016/03/11,0,3192000,-2461000,731000
2016/03/14,0,2371000,-2053000,318000
2016/03/15,0,4874000,-2450000,2424000
2016/03/16,0,4286000,-1413850,2872150
2016/03/17,0,4225000,-1411000,2814000
2016/03/18,0,10652872,-9166915,1485957
2016/03/21,0,4114000,-1892010,2221990
2016/03/22,0,3881082,-3609428,271654
2016/03/23,0,3867000,-1350000,2517000
2016/03/24,0,3229000,-1021000,2208000
2016/03/25,0,406000,-774000,-368000
2016/03/28,0,1159000,-318220,840780
2016/03/29,0,2794000,-510600,2283400
2016/03/30,0,7306000,-630681,6675319
2016/03/31,0,8281000,-8229865,51135
2016/04/01,0,2829000,-2110290,718710
2016/04/04,0,0,0,0
2016/04/05,0,0,0,0
2016/04/06,0,11898000,-3572715,8325285
2016/04/07,0,3340922,-3072012,268910
2016/04/08,0,3800000,-2303090,1496910
2016/04/11,0,2567000,-1258315,1308685
2016/04/12,0,3303605,-835000,2468605
2016/04/13,0,4315867,-669468,3646399
2016/04/14,0,3793000,-497089,3295911
2016/04/15,0,2933341,-1876000,1057341
2016/04/18,0,3294000,-228000,3066000
2016/04/19,0,4077000,-1709010,2367990
2016/04/20,0,3806940,-3042000,764940
2016/04/21,0,1589000,-2054400,-465400
2016/04/22,0,3315000,-350000,2965000
2016/04/25,0,2154000,-1476320,677680
2016/04/26,0,2229245,-1872005,357240
2016/04/27,0,2624000,-3619237,-995237
2016/04/28,0,4609256,-3085483,1523773
2016/04/29,0,5951174,-5286080,665094
2016/05/02,0,0,0,0
2016/05/03,0,2870000,-5088800,-2218800
2016/05/04,0,5935000,-3750490,2184510
2016/05/05,0,2265000,-4088632,-1823632
2016/05/06,0,961000,-3032000,-2071000
2016/05/09,0,1579000,-2279000,-700000
2016/05/10,0,3271000,-3000000,271000
2016/05/11,0,2989800,-4434000,-1444200
2016/05/12,0,1911836,-2879845,-968009
2016/05/13,0,5404000,-5005493,398507
2016/05/16,0,2925000,-2466000,459000
2016/05/17,0,4020000,-2498036,1521964
2016/05/18,0,9849585,-1813177,8036408
2016/05/19,0,5770000,-3275505,2494495
2016/05/20,0,6515005,-3076703,3438302
2016/05/23,0,3734850,-2274000,1460850
2016/05/24,0,10489168,-2073000,8416168
2016/05/25,0,4423490,-3507038,916452
2016/05/26,0,5341239,-3124000,2217239
2016/05/27,0,5820395,-3968224,1852171
2016/05/30,0,6625000,-4098000,2527000
2016/05/31,0,13818847,-11882478,1936369
2016/06/01,0,7838785,-4131100,3707685
2016/06/02,0,6611000,-2580750,4030250
2016/06/03,0,3130848,-1886000,1244848
2016/06/06,0,5413000,-3430212,1982788
2016/06/07,0,15136000,-2407327,12728673
2016/06/08,0,12106000,-5798000,6308000
2016/06/09,0,0,0,0
2016/06/10,0,0,0,0
2016/06/13,0,9604000,-6582732,3021268
2016/06/14,0,6206934,-1750000,4456934
2016/06/15,0,8848000,-2767746,6080254
2016/06/16,0,4464000,-3460517,1003483
2016/06/17,0,10646000,-4866413,5779587
2016/06/20,0,3723000,-1355000,2368000
2016/06/21,0,9594828,-2936057,6658771
2016/06/22,0,6802192,-5946000,856192
2016/06/23,0,4773516,-2590135,2183381
2016/06/24,0,6274819,-3673693,2601126
2016/06/27,0,2902000,-1012000,1890000
2016/06/28,0,5516000,-3833261,1682739
2016/06/29,0,2973300,-1481389,1491911
2016/06/30,0,5441000,-4906094,534906
2016/07/01,0,8746000,-5472504,3273496
2016/07/04,0,6575145,-3259000,3316145
2016/07/05,0,3217000,-2069000,1148000
2016/07/06,0,2257026,-2795060,-538034
2016/07/07,0,4707000,-791701,3915299
2016/07/08,0,0,0,0
2016/07/11,0,7274000,-3673520,3600480
2016/07/12,0,8782790,-4629394,4153396
2016/07/13,0,9457366,-3779860,5677506
2016/07/14,0,7334000,-4088000,3246000
2016/07/15,0,5900882,-2553960,3346922
2016/07/18,0,8435000,-4007460,4427540
2016/07/19,0,6751000,-3560700,3190300
2016/07/20,0,5586000,-2224000,3362000
2016/07/21,0,8538416,-3052264,5486152
2016/07/22,0,5659003,-4884012,774991
2016/07/25,0,3041000,-1481186,1559814
2016/07/26,0,10077000,-2316000,7761000
2016/07/27,0,1620000,-3025241,-1405241
2016/07/28,0,3088000,-3810000,-722000
2016/07/29,0,5247704,-2945090,2302614
2016/08/01,0,6484712,-1313000,5171712
2016/08/02,0,1528849,-1384451,144398
2016/08/03,0,2420589,-1422000,998589
2016/08/04,0,3196733,-1210326,1986407
2016/08/05,0,2802310,-1159000,1643310
2016/08/08,0,2339758,-789562,1550196
2016/08/09,0,6431000,-1611000,4820000
2016/08/10,0,4171000,-2684586,1486414
2016/08/11,0,5791140,-2612479,3178661
2016/08/12,0,4413814,-6719886,-2306072
2016/08/15,0,2419000,-946650,1472350
2016/08/16,0,2974836,-2005000,969836
2016/08/17,0,3420692,-744000,2676692
2016/08/18,0,2856000,-1038000,1818000
2016/08/19,0,3040606,-3075000,-34394
2016/08/22,0,2258200,-2725125,-466925
2016/08/23,0,2291510,-3507454,-1215944
2016/08/24,0,3278120,-2570000,708120
2016/08/25,0,5827200,-3665894,2161306
2016/08/26,0,1671015,-1610353,60662
2016/08/29,0,2816200,-2685484,130716
2016/08/30,0,3713799,-2052000,1661799
2016/08/31,0,5926585,-5055513,871072
2016/09/01,0,3271814,-2855395,416419
2016/09/02,0,2379852,-2436575,-56723
2016/09/05,0,1946070,-1641000,305070
2016/09/06,0,3125845,-803531,2322314
2016/09/07,0,3829000,-841000,2988000
2016/09/08,0,2491000,-895590,1595410
2016/09/09,0,1323770,-1379769,-55999
2016/09/12,0,1266424,-4009773,-2743349
2016/09/13,0,2868484,-2521200,347284
2016/09/14,0,3478040,-4771366,-1293326
2016/09/15,0,0,0,0
2016/09/16,0,0,0,0
2016/09/19,0,4605326,-1211973,3393353
2016/09/20,0,3147693,-1164930,1982763
2016/09/21,0,2144311,-645814,1498497
2016/09/22,0,1502995,-824548,678447
2016/09/23,0,3065000,-1316247,1748753
2016/09/26,0,1024110,-400475,623635
2016/09/27,0,0,0,0
2016/09/28,0,0,0,0
2016/09/29,0,6280411,-2853294,3427117
2016/09/30,0,3021020,-5810919,-2789899
2016/10/03,0,2065991,-2125965,-59974
2016/10/04,0,2573445,-1642575,930870
2016/10/05,0,1832779,-1423272,409507
2016/10/06,0,1159523,-1479053,-319530
2016/10/07,0,3667968,-1989000,1678968
2016/10/10,0,0,0,0
2016/10/11,0,2458385,-1237574,1220811
2016/10/12,0,2050856,-2098193,-47337
2016/10/13,0,2386203,-2571214,-185011
2016/10/14,0,770000,-1298000,-528000
2016/10/17,0,1531000,-1644560,-113560
2016/10/18,0,3584344,-1224735,2359609
2016/10/19,0,2502172,-863774,1638398
2016/10/20,0,1092000,-875353,216647
2016/10/21,0,1829000,-1479000,350000
2016/10/24,0,917000,-479489,437511
2016/10/25,0,4092736,-1064000,3028736
2016/10/26,0,1672000,-2280279,-608279
2016/10/27,0,2232587,-2048090,184497
2016/10/28,0,1241234,-1499938,-258704
2016/10/31,0,2064222,-1749000,315222
2016/11/01,0,1941475,-2063377,-121902
2016/11/02,0,839780,-1501943,-662163
2016/11/03,0,804000,-1293762,-489762
2016/11/04,0,667000,-1059000,-392000
2016/11/07,0,904000,-2315814,-1411814
2016/11/08,0,2271339,-1331261,940078
2016/11/09,0,1880511,-4531993,-2651482
2016/11/10,0,3799000,-2284000,1515000
2016/11/11,0,895487,-6315126,-5419639
2016/11/14,0,10784764,-3821462,6963302
2016/11/15,0,9093335,-7092974,2000361
2016/11/16,0,8008000,-7393339,614661
2016/11/17,0,6048000,-4594139,1453861
2016/11/18,0,9114458,-3020000,6094458
2016/11/21,0,6625000,-5051782,1573218
2016/11/22,0,7810000,-3087723,4722277
2016/11/23,0,3033878,-2734105,299773
2016/11/24,0,5191822,-1589138,3602684
2016/11/25,0,803000,-2375813,-1572813
2016/11/28,0,5781000,-2975237,2805763
2016/11/29,0,5302000,-2551334,2750666
2016/11/30,0,13824350,-7453399,6370951
2016/12/01,0,2849429,-2387624,461805
2016/12/02,0,2337000,-2613767,-276767
2016/12/05,0,2268000,-2047341,220659
2016/12/06,0,6387962,-2175211,4212751
2016/12/07,0,3035000,-1916872,1118128
2016/12/08,0,5430000,-1316218,4113782
2016/12/09,0,2661446,-1054422,1607024
2016/12/12,0,3402009,-2092149,1309860
2016/12/13,0,4220639,-1904201,2316438
2016/12/14,0,2757930,-954000,1803930
2016/12/15,0,5309000,-1532594,3776406
2016/12/16,0,4688000,-5073555,-385555
2016/12/19,0,1499775,-1477724,22051
2016/12/20,0,4096232,-2664173,1432059
2016/12/21,0,2056000,-2509330,-453330
2016/12/22,0,2864456,-2443000,421456
2016/12/23,0,3391000,-4556798,-1165798
2016/12/26,0,293000,-286000,7000
2016/12/27,0,331000,-352000,-21000
2016/12/28,0,2175000,-610133,1564867
2016/12/29,0,2408223,-2329426,78797
2016/12/30,0,2141000,-435109,1705891
2017/01/02,0,0,0,0
2017/01/03,0,1553000,-2250000,-697000
2017/01/04,0,3758000,-1537729,2220271
2017/01/05,0,2696720,-2727507,-30787
2017/01/06,0,2742000,-1419721,1322279
2017/01/09,0,1369200,-493347,875853
2017/01/10,0,2542000,-2237124,304876
2017/01/11,0,4185720,-1344475,2841245
2017/01/12,0,2869480,-2331453,538027
2017/01/13,0,4442340,-1321000,3121340
2017/01/16,0,659000,-1127783,-468783
2017/01/17,0,2061898,-462868,1599030
2017/01/18,0,8805393,-7639634,1165759
2017/01/19,0,2745553,-2461975,283578
2017/01/20,0,2173169,-1706245,466924
2017/01/23,0,2801739,-714047,2087692
2017/01/24,0,2414185,-3935565,-1521380
2017/01/25,0,0,0,0
2017/01/26,0,0,0,0
2017/01/27,0,0,0,0
2017/01/30,0,0,0,0
2017/01/31,0,0,0,0
2017/02/01,0,0,0,0
2017/02/02,0,13938999,-9408540,4530459
2017/02/03,0,6816599,-4252945,2563654
2017/02/06,0,2240284,-1619558,620726
2017/02/07,0,5209250,-1016037,4193213
2017/02/08,0,5836972,-3963293,1873679
2017/02/09,0,5908429,-2817301,3091128
2017/02/10,0,2090864,-3368137,-1277273
2017/02/13,0,1465560,-943660,521900
2017/02/14,0,3061000,-2418463,642537
2017/02/15,0,4871000,-3686733,1184267
2017/02/16,0,2364000,-1321999,1042001
2017/02/17,0,1567000,-1975353,-408353
2017/02/20,0,1828000,-856553,971447
2017/02/21,0,1880000,-636294,1243706
2017/02/22,0,1614000,-715965,898035
2017/02/23,0,3731000,-1749504,1981496
2017/02/24,0,2393100,-3704404,-1311304
2017/02/27,0,0,0,0
2017/02/28,0,0,0,0
2017/03/01,0,4621500,-3236423,1385077
2017/03/02,0,1719000,-4189708,-2470708
2017/03/03,0,1574003,-1600426,-26423
2017/03/06,0,1606399,-1544627,61772
2017/03/07,0,981650,-1567811,-586161
2017/03/08,0,1750000,-1570528,179472
2017/03/09,0,2840000,-3750747,-910747
2017/03/10,0,2660387,-2286813,373574
2017/03/13,0,3032640,-1375939,1656701
2017/03/14,0,5253860,-2763734,2490126
2017/03/15,0,2030000,-1268696,761304
2017/03/16,0,6843000,-3390787,3452213
2017/03/17,0,6499852,-4201408,2298444
2017/03/20,0,3659000,-3411198,247802
2017/03/21,0,3005986,-2217837,788149
2017/03/22,0,6830674,-2930461,3900213
2017/03/23,0,5713664,-5559523,154141
2017/03/24,0,2256510,-1932310,324200
2017/03/27,0,2103533,-1241814,861719
2017/03/28,0,2114000,-2037382,76618
2017/03/29,0,1462958,-1126615,336343
2017/03/30,0,3096000,-2956174,139826
2017/03/31,0,4506000,-4014462,491538
2017/04/03,0,0,0,0
2017/04/04,0,0,0,0
2017/04/05,0,6871421,-6006250,865171
2017/04/06,0,1426394,-1469932,-43538
2017/04/07,0,2979049,-1676893,1302156
2017/04/10,0,656582,-994189,-337607
2017/04/11,0,2093858,-2492541,-398683
2017/04/12,0,2016735,-1863040,153695
2017/04/13,0,834000,-543154,290846
2017/04/14,0,488000,-400000,88000
2017/04/17,0,449185,-328000,121185
2017/04/18,0,374000,-827229,-453229
2017/04/19,0,2632000,-2372422,259578
2017/04/20,0,1892857,-1823984,68873
2017/04/21,0,1654489,-1564994,89495
2017/04/24,0,1504446,-811000,693446
2017/04/25,0,2316938,-2485048,-168110
2017/04/26,0,4583509,-3301382,1282127
2017/04/27,0,1217016,-1603096,-386080
2017/04/28,0,2732497,-2797043,-64546
2017/05/01,0,0,0,0
2017/05/02,0,4289300,-8021280,-3731980
2017/05/03,0,1106000,-1733000,-627000
2017/05/04,0,1806099,-2332000,-525901
2017/05/05,0,977920,-3535000,-2557080
2017/05/08,0,2106989,-4683494,-2576505
2017/05/09,0,2680696,-4049833,-1369137
2017/05/10,0,3877757,-7325120,-3447363
2017/05/11,0,3882350,-7064600,-3182250
2017/05/12,0,2795124,-2396455,398669
2017/05/15,0,2332020,-2217085,114935
2017/05/16,0,2706000,-5573913,-2867913
2017/05/17,0,1875813,-2053718,-177905
2017/05/18,0,2283765,-5084836,-2801071
2017/05/19,0,1329325,-3031691,-1702366
2017/05/22,0,2705023,-3217028,-512005
2017/05/23,0,1213319,-4717636,-3504317
2017/05/24,0,1820983,-7987162,-6166179
2017/05/25,0,2654177,-2685264,-31087
2017/05/26,0,0,0,0
2017/05/29,0,0,0,0
2017/05/30,0,0,0,0
2017/05/31,0,15703221,-15896824,-193603
2017/06/01,0,2437882,-3358187,-920305
2017/06/02,0,2334000,-2325783,8217
2017/06/05,0,863444,-2023818,-1160374
2017/06/06,0,3854956,-4761053,-906097
2017/06/07,0,5815000,-7029225,-1214225
2017/06/08,0,1484000,-2565948,-1081948
2017/06/09,0,2312000,-4118358,-1806358
2017/06/12,0,684586,-3597423,-2912837
2017/06/13,0,830000,-3688726,-2858726
2017/06/14,0,1458000,-5588346,-4130346
2017/06/15,0,961000,-2462130,-1501130
2017/06/16,0,1457505,-4118167,-2660662
2017/06/19,0,1167560,-2914974,-1747414
2017/06/20,0,1128000,-2404242,-1276242
2017/06/21,0,2905000,-5283616,-2378616
2017/06/22,0,2257545,-3335607,-1078062
2017/06/23,0,1258779,-4225780,-2967001
2017/06/26,0,2212000,-1216500,995500
2017/06/27,0,1496067,-4420120,-2924053
2017/06/28,0,1567000,-4401307,-2834307
2017/06/29,0,972000,-1452626,-480626
2017/06/30,0,2142000,-4098295,-1956295
2017/07/03,0,1243655,-987000,256655
2017/07/04,0,812000,-2378901,-1566901
2017/07/05,0,1125000,-1812461,-687461
2017/07/06,0,2245000,-5927300,-3682300
2017/07/07,0,1864411,-3205941,-1341530
2017/07/10,0,1287049,-2064652,-777603
2017/07/11,0,3202209,-2937214,264995
2017/07/12,0,2432000,-2920490,-488490
2017/07/13,0,3161603,-3072287,89316
2017/07/14,0,4063334,-3946196,117138
2017/07/17,0,5391000,-1692000,3699000
2017/07/18,0,2869163,-2380329,488834
2017/07/19,0,5926000,-3921677,2004323
2017/07/20,0,4919322,-3450241,1469081
2017/07/21,0,3142956,-2676067,466889
2017/07/24,0,3557311,-3901581,-344270
2017/07/25,0,2909000,-6021850,-3112850
2017/07/26,0,2386000,-4884589,-2498589
2017/07/27,0,3436000,-3719537,-283537
2017/07/28,0,1845000,-3801548,-1956548
2017/07/31,0,7967538,-18480469,-10512931
2017/08/01,0,3414000,-10106185,-6692185
2017/08/02,0,4092973,-8803004,-4710031
2017/08/03,0,5366117,-8070846,-2704729
2017/08/04,0,6816238,-9416316,-2600078
2017/08/07,0,3195511,-6710991,-3515480
2017/08/08,0,6508000,-12984327,-6476327
2017/08/09,0,6935340,-10047769,-3112429
2017/08/10,0,12863120,-13227636,-364516
2017/08/11,0,9339034,-11774700,-2435666
2017/08/14,0,5862494,-7378406,-1515912
2017/08/15,0,6223000,-9348851,-3125851
2017/08/16,0,6671000,-3401760,3269240
2017/08/17,0,2738421,-3245982,-507561
2017/08/18,0,3310000,-3382738,-72738
