Date,Open,Buy,Sell,Total
2007/01/02,0,2400000,-722000,1678000
2007/01/03,0,2198000,-50523,2147477
2007/01/04,0,0,-368472,-368472
2007/01/05,0,240000,0,240000
2007/01/08,0,0,0,0
2007/01/09,0,1000000,0,1000000
2007/01/10,0,500000,0,500000
2007/01/11,0,39000,-1450000,-1411000
2007/01/12,0,313000,-176000,137000
2007/01/15,0,0,0,0
2007/01/16,0,24000,0,24000
2007/01/17,0,81000,-1800000,-1719000
2007/01/18,0,12000,-1826000,-1814000
2007/01/19,0,0,-1053000,-1053000
2007/01/22,0,460000,-13000,447000
2007/01/23,0,0,-475000,-475000
2007/01/24,0,1386000,-47000,1339000
2007/01/25,0,1308000,-300000,1008000
2007/01/26,0,217000,-36000,181000
2007/01/29,0,0,-8000,-8000
2007/01/30,0,4280000,0,4280000
2007/01/31,0,0,-624,-624
2007/02/01,0,13000,0,13000
2007/02/02,0,1809000,0,1809000
2007/02/05,0,2803000,-11000,2792000
2007/02/06,0,452000,-1299000,-847000
2007/02/07,0,0,-100000,-100000
2007/02/08,0,22000,0,22000
2007/02/09,0,2774000,-532000,2242000
2007/02/12,0,1000,-64000,-63000
2007/02/13,0,0,-130000,-130000
2007/02/14,0,0,-14000,-14000
2007/02/15,0,0,0,0
2007/02/16,0,0,0,0
2007/02/19,0,0,0,0
2007/02/20,0,0,0,0
2007/02/21,0,0,0,0
2007/02/22,0,0,0,0
2007/02/23,0,0,0,0
2007/02/26,0,0,-100000,-100000
2007/02/27,0,4006000,0,4006000
2007/02/28,0,0,0,0
2007/03/01,0,1037000,0,1037000
2007/03/02,0,510000,-1000,509000
2007/03/05,0,0,-51000,-51000
2007/03/06,0,337000,0,337000
2007/03/07,0,100000,0,100000
2007/03/08,0,100000,0,100000
2007/03/09,0,0,0,0
2007/03/12,0,51000,-13000,38000
2007/03/13,0,0,-2000,-2000
2007/03/14,0,200000,-12000,188000
2007/03/15,0,85000,-76000,9000
2007/03/16,0,0,-20000,-20000
2007/03/19,0,1612000,0,1612000
2007/03/20,0,300000,-54000,246000
2007/03/21,0,1500000,-84000,1416000
2007/03/22,0,2000000,-42000,1958000
2007/03/23,0,0,-119000,-119000
2007/03/26,0,68000,0,68000
2007/03/27,0,54000,0,54000
2007/03/28,0,51000,0,51000
2007/03/29,0,0,-937000,-937000
2007/03/30,0,0,-9273000,-9273000
2007/04/02,0,0,0,0
2007/04/03,0,0,-285000,-285000
2007/04/04,0,0,-9000,-9000
2007/04/05,0,0,0,0
2007/04/06,0,0,0,0
2007/04/09,0,0,-625000,-625000
2007/04/10,0,2000000,-800000,1200000
2007/04/11,0,13000,-340000,-327000
2007/04/12,0,0,-116000,-116000
2007/04/13,0,0,-591000,-591000
2007/04/16,0,0,0,0
2007/04/17,0,33000,0,33000
2007/04/18,0,0,-42000,-42000
2007/04/19,0,24000,0,24000
2007/04/20,0,0,-212000,-212000
2007/04/23,0,29000,0,29000
2007/04/24,0,83000,-200000,-117000
2007/04/25,0,0,0,0
2007/04/26,0,0,0,0
2007/04/27,0,0,0,0
2007/04/30,0,0,0,0
2007/05/01,0,0,0,0
2007/05/02,0,90000,0,90000
2007/05/03,0,194000,0,194000
2007/05/04,0,51000,0,51000
2007/05/07,0,248000,0,248000
2007/05/08,0,0,-22000,-22000
2007/05/09,0,0,0,0
2007/05/10,0,60000,-58000,2000
2007/05/11,0,0,-45000,-45000
2007/05/14,0,0,-137000,-137000
2007/05/15,0,145000,-5000,140000
2007/05/16,0,0,-23000,-23000
2007/05/17,0,0,-21000,-21000
2007/05/18,0,100000,-31000,69000
2007/05/21,0,0,-80000,-80000
2007/05/22,0,59000,0,59000
2007/05/23,0,0,-1612000,-1612000
2007/05/24,0,0,0,0
2007/05/25,0,11000,0,11000
2007/05/28,0,0,-1000,-1000
2007/05/29,0,0,0,0
2007/05/30,0,60000,0,60000
2007/05/31,0,0,0,0
2007/06/01,0,0,0,0
2007/06/04,0,3567000,0,3567000
2007/06/05,0,100000,-781000,-681000
2007/06/06,0,15000,0,15000
2007/06/07,0,0,0,0
2007/06/08,0,0,0,0
2007/06/11,0,0,-167000,-167000
2007/06/12,0,1000,-508000,-507000
2007/06/13,0,0,-3000,-3000
2007/06/14,0,0,-681000,-681000
2007/06/15,0,55000,-3163000,-3108000
2007/06/18,0,0,0,0
2007/06/19,0,0,0,0
2007/06/20,0,0,-404000,-404000
2007/06/21,0,0,-5000,-5000
2007/06/22,0,120000,-100000,20000
2007/06/25,0,0,-2554000,-2554000
2007/06/26,0,100000,-138000,-38000
2007/06/27,0,0,0,0
2007/06/28,0,0,0,0
2007/06/29,0,11000,-500000,-489000
2007/07/02,0,0,-70000,-70000
2007/07/03,0,0,0,0
2007/07/04,0,10000,-57000,-47000
2007/07/05,0,890000,-396000,494000
2007/07/06,0,1435000,0,1435000
2007/07/09,0,1839000,-40000,1799000
2007/07/10,0,0,-2908000,-2908000
2007/07/11,0,26000,-100000,-74000
2007/07/12,0,0,-2000,-2000
2007/07/13,0,0,0,0
2007/07/16,0,0,-40000,-40000
2007/07/17,0,76000,-29000,47000
2007/07/18,0,61000,-80000,-19000
2007/07/19,0,24000,0,24000
2007/07/20,0,28000,-1013000,-985000
2007/07/23,0,2000,-150000,-148000
2007/07/24,0,5000,-18000,-13000
2007/07/25,0,11000,-55000,-44000
2007/07/26,0,79000,-1497000,-1418000
2007/07/27,0,11000,-202000,-191000
2007/07/30,0,18000,-50000,-32000
2007/07/31,0,0,-1040000,-1040000
2007/08/01,0,15000,-861000,-846000
2007/08/02,0,2017000,-53000,1964000
2007/08/03,0,3000,-10000,-7000
2007/08/06,0,105000,-5000,100000
2007/08/07,0,6000,0,6000
2007/08/08,0,206000,-30000,176000
2007/08/09,0,0,0,0
2007/08/10,0,0,-367000,-367000
2007/08/13,0,0,-75000,-75000
2007/08/14,0,16000,0,16000
2007/08/15,0,50000,0,50000
2007/08/16,0,7964000,-48000,7916000
2007/08/17,0,78000,-24000,54000
2007/08/20,0,7075000,0,7075000
2007/08/21,0,1000000,0,1000000
2007/08/22,0,212000,-13000,199000
2007/08/23,0,24000,0,24000
2007/08/24,0,0,-30000,-30000
2007/08/27,0,27000,-58000,-31000
2007/08/28,0,270000,-6904000,-6634000
2007/08/29,0,0,-506000,-506000
2007/08/30,0,0,0,0
2007/08/31,0,0,-102000,-102000
2007/09/03,0,175000,-2033000,-1858000
2007/09/04,0,485000,-24000,461000
2007/09/05,0,0,0,0
2007/09/06,0,0,-63000,-63000
2007/09/07,0,9000,-93260,-84260
2007/09/10,0,0,-1000,-1000
2007/09/11,0,0,0,0
2007/09/12,0,6000,0,6000
2007/09/13,0,0,0,0
2007/09/14,0,0,-15000,-15000
2007/09/17,0,150000,0,150000
2007/09/18,0,0,0,0
2007/09/19,0,171000,-4367620,-4196620
2007/09/20,0,0,0,0
2007/09/21,0,0,0,0
2007/09/24,0,0,0,0
2007/09/25,0,0,0,0
2007/09/26,0,0,0,0
2007/09/27,0,0,0,0
2007/09/28,0,0,0,0
2007/10/01,0,0,0,0
2007/10/02,0,0,0,0
2007/10/03,0,0,0,0
2007/10/04,0,0,0,0
2007/10/05,0,0,0,0
2007/10/08,0,0,0,0
2007/10/09,0,923000,-3144000,-2221000
2007/10/10,0,0,0,0
2007/10/11,0,150000,-4133583,-3983583
2007/10/12,0,42000,-879332,-837332
2007/10/15,0,151000,-4880165,-4729165
2007/10/16,0,134000,-69574,64426
2007/10/17,0,132000,0,132000
2007/10/18,0,0,-50000,-50000
2007/10/19,0,150000,-107000,43000
2007/10/22,0,102000,-10000,92000
2007/10/23,0,1204000,-4000,1200000
2007/10/24,0,0,-199629,-199629
2007/10/25,0,200000,0,200000
2007/10/26,0,0,0,0
2007/10/29,0,9000,0,9000
2007/10/30,0,10000,0,10000
2007/10/31,0,68000,0,68000
2007/11/01,0,44000,-177832,-133832
2007/11/02,0,15000,0,15000
2007/11/05,0,14000,-594,13406
2007/11/06,0,0,-486180,-486180
2007/11/07,0,2000,-100000,-98000
2007/11/08,0,15000,0,15000
2007/11/09,0,15000,0,15000
2007/11/12,0,222000,0,222000
2007/11/13,0,13000,0,13000
2007/11/14,0,0,-2332,-2332
2007/11/15,0,2000,0,2000
2007/11/16,0,0,-300000,-300000
2007/11/19,0,100000,-503000,-403000
2007/11/20,0,9431000,-3000,9428000
2007/11/21,0,0,0,0
2007/11/22,0,2000,0,2000
2007/11/23,0,2800000,0,2800000
2007/11/26,0,1796000,-1600000,196000
2007/11/27,0,0,0,0
2007/11/28,0,801000,0,801000
2007/11/29,0,1000,0,1000
2007/11/30,0,2393000,0,2393000
2007/12/03,0,211000,0,211000
2007/12/04,0,0,-800000,-800000
2007/12/05,0,0,0,0
2007/12/06,0,0,0,0
2007/12/07,0,0,0,0
2007/12/10,0,0,0,0
2007/12/11,0,0,-50000,-50000
2007/12/12,0,0,0,0
2007/12/13,0,39000,-58000,-19000
2007/12/14,0,5000,-20000,-15000
2007/12/17,0,1500000,-70000,1430000
2007/12/18,0,447000,-1000,446000
2007/12/19,0,429000,0,429000
2007/12/20,0,300000,0,300000
2007/12/21,0,83000,-4000,79000
2007/12/24,0,348000,-355000,-7000
2007/12/25,0,0,-1000,-1000
2007/12/26,0,0,-528000,-528000
2007/12/27,0,1000,-377000,-376000
2007/12/28,0,0,-1501000,-1501000
2007/12/31,0,332000,0,332000
2008/01/01,0,0,0,0
2008/01/02,0,0,-7539000,-7539000
2008/01/03,0,7000,0,7000
2008/01/04,0,0,-1000,-1000
2008/01/07,0,1000,-28000,-27000
2008/01/08,0,1000,-101000,-100000
2008/01/09,0,0,0,0
2008/01/10,0,2000,-93000,-91000
2008/01/11,0,10234000,0,10234000
2008/01/14,0,1297000,-202000,1095000
2008/01/15,0,1261000,-85000,1176000
2008/01/16,0,1000,-5000,-4000
2008/01/17,0,1384000,-44000,1340000
2008/01/18,0,113000,0,113000
2008/01/21,0,10000,0,10000
2008/01/22,0,0,0,0
2008/01/23,0,11000,-30000,-19000
2008/01/24,0,24000,0,24000
2008/01/25,0,12000,-81000,-69000
2008/01/28,0,0,-6152000,-6152000
2008/01/29,0,38000,0,38000
2008/01/30,0,23000,0,23000
2008/01/31,0,0,-4741000,-4741000
2008/02/01,0,1000,-1837000,-1836000
2008/02/04,0,0,0,0
2008/02/05,0,0,0,0
2008/02/06,0,0,0,0
2008/02/07,0,0,0,0
2008/02/08,0,0,0,0
2008/02/11,0,0,0,0
2008/02/12,0,0,-61000,-61000
2008/02/13,0,1000,-152000,-151000
2008/02/14,0,7000,-100000,-93000
2008/02/15,0,0,0,0
2008/02/18,0,195000,0,195000
2008/02/19,0,947000,-297038,649962
2008/02/20,0,0,-24000,-24000
2008/02/21,0,0,0,0
2008/02/22,0,0,-2558,-2558
2008/02/25,0,113000,-3794000,-3681000
2008/02/26,0,1000,-8000,-7000
2008/02/27,0,0,-53000,-53000
2008/02/28,0,0,0,0
2008/02/29,0,0,-11000,-11000
2008/03/03,0,0,0,0
2008/03/04,0,1000,-4000,-3000
2008/03/05,0,1000,-25000,-24000
2008/03/06,0,0,-64000,-64000
2008/03/07,0,0,0,0
2008/03/10,0,2000,-5000,-3000
2008/03/11,0,24000,0,24000
2008/03/12,0,59000,0,59000
2008/03/13,0,0,0,0
2008/03/14,0,26000,-804000,-778000
2008/03/17,0,2000,-5000,-3000
2008/03/18,0,1000,-52000,-51000
2008/03/19,0,56000,0,56000
2008/03/20,0,1000,0,1000
2008/03/21,0,16000,0,16000
2008/03/24,0,4000,-3419000,-3415000
2008/03/25,0,15000,-61000,-46000
2008/03/26,0,2002000,0,2002000
2008/03/27,0,3000,-41000,-38000
2008/03/28,0,3000,0,3000
2008/03/31,0,2000,-17000,-15000
2008/04/01,0,1000,-2000,-1000
2008/04/02,0,1520000,0,1520000
2008/04/03,0,5000,0,5000
2008/04/04,0,0,0,0
2008/04/07,0,7000,-16110,-9110
2008/04/08,0,9000,0,9000
2008/04/09,0,10000,0,10000
2008/04/10,0,6000,0,6000
2008/04/11,0,0,-7000,-7000
2008/04/14,0,23000,-6000,17000
2008/04/15,0,3000,0,3000
2008/04/16,0,420000,-31000,389000
2008/04/17,0,4000,-10000,-6000
2008/04/18,0,6000,-245000,-239000
2008/04/21,0,18000,0,18000
2008/04/22,0,12000,-3000,9000
2008/04/23,0,14000,0,14000
2008/04/24,0,21000,0,21000
2008/04/25,0,9000,0,9000
2008/04/28,0,135000,0,135000
2008/04/29,0,15000,0,15000
2008/04/30,0,107000,-470000,-363000
2008/05/01,0,0,0,0
2008/05/02,0,94000,0,94000
2008/05/05,0,40000,-20000,20000
2008/05/06,0,74000,0,74000
2008/05/07,0,101000,0,101000
2008/05/08,0,20000,-19000,1000
2008/05/09,0,37000,0,37000
2008/05/12,0,34000,-81000,-47000
2008/05/13,0,83000,-51000,32000
2008/05/14,0,134000,0,134000
2008/05/15,0,27000,0,27000
2008/05/16,0,0,0,0
2008/05/19,0,60000,-38000,22000
2008/05/20,0,0,-34000,-34000
2008/05/21,0,0,-23000,-23000
2008/05/22,0,30000,0,30000
2008/05/23,0,20000,-11000,9000
2008/05/26,0,112000,0,112000
2008/05/27,0,40000,-61000,-21000
2008/05/28,0,34000,0,34000
2008/05/29,0,76000,0,76000
2008/05/30,0,369000,0,369000
2008/06/02,0,302000,0,302000
2008/06/03,0,600000,-1000,599000
2008/06/04,0,117000,0,117000
2008/06/05,0,7000,-300000,-293000
2008/06/06,0,234000,0,234000
2008/06/09,0,234000,0,234000
2008/06/10,0,258000,-55000,203000
2008/06/11,0,77000,0,77000
2008/06/12,0,68000,-278866,-210866
2008/06/13,0,40000,-83000,-43000
2008/06/16,0,0,-14000,-14000
2008/06/17,0,67000,-2000,65000
2008/06/18,0,0,0,0
2008/06/19,0,0,-34000,-34000
2008/06/20,0,195000,-4000,191000
2008/06/23,0,397000,0,397000
2008/06/24,0,16000,0,16000
2008/06/25,0,907000,-10000,897000
2008/06/26,0,0,0,0
2008/06/27,0,44000,0,44000
2008/06/30,0,56000,0,56000
2008/07/01,0,72000,0,72000
2008/07/02,0,0,-12000,-12000
2008/07/03,0,66000,0,66000
2008/07/04,0,57000,0,57000
2008/07/07,0,72000,0,72000
2008/07/08,0,0,-598000,-598000
2008/07/09,0,6000,-24000,-18000
2008/07/10,0,0,-224000,-224000
2008/07/11,0,536000,-350000,186000
2008/07/14,0,6000,0,6000
2008/07/15,0,267000,-288000,-21000
2008/07/16,0,78000,-4000,74000
2008/07/17,0,31000,0,31000
2008/07/18,0,1000,-116000,-115000
2008/07/21,0,12000,-79000,-67000
2008/07/22,0,12000,-120000,-108000
2008/07/23,0,12000,-177531,-165531
2008/07/24,0,3000,-88000,-85000
2008/07/25,0,0,0,0
2008/07/28,0,0,0,0
2008/07/29,0,21000,-58000,-37000
2008/07/30,0,19000,-49000,-30000
2008/07/31,0,27000,0,27000
2008/08/01,0,15000,0,15000
2008/08/04,0,27000,0,27000
2008/08/05,0,0,-106012,-106012
2008/08/06,0,20000,-110000,-90000
2008/08/07,0,0,0,0
2008/08/08,0,220000,-1200000,-980000
2008/08/11,0,2002000,0,2002000
2008/08/12,0,0,-55000,-55000
2008/08/13,0,0,0,0
2008/08/14,0,16000,-26000,-10000
2008/08/15,0,3000,0,3000
2008/08/18,0,6000,-62000,-56000
2008/08/19,0,27000,-96000,-69000
2008/08/20,0,20000,-48000,-28000
2008/08/21,0,31000,-51000,-20000
2008/08/22,0,10000,0,10000
2008/08/25,0,7000,0,7000
2008/08/26,0,9000,-78000,-69000
2008/08/27,0,255000,0,255000
2008/08/28,0,3000000,-2636000,364000
2008/08/29,0,24000,-76000,-52000
2008/09/01,0,11000,0,11000
2008/09/02,0,45000,0,45000
2008/09/03,0,129000,0,129000
2008/09/04,0,85000,0,85000
2008/09/05,0,44000,0,44000
2008/09/08,0,110000,0,110000
2008/09/09,0,73000,0,73000
2008/09/10,0,52000,0,52000
2008/09/11,0,0,0,0
2008/09/12,0,14000,-5000000,-4986000
2008/09/15,0,0,-48000,-48000
2008/09/16,0,418000,-22000,396000
2008/09/17,0,396000,-236000,160000
2008/09/18,0,23000,-27000,-4000
2008/09/19,0,48000,-83000,-35000
2008/09/22,0,1655000,-28000,1627000
2008/09/23,0,881000,-289250,591750
2008/09/24,0,3000000,-23000,2977000
2008/09/25,0,4377000,-208620,4168380
2008/09/26,0,15000,0,15000
2008/09/29,0,0,0,0
2008/09/30,0,2607000,0,2607000
2008/10/01,0,212000,-41000,171000
2008/10/02,0,380000,-40203,339797
2008/10/03,0,34000,-71000,-37000
2008/10/06,0,49000,-85000,-36000
2008/10/07,0,8759000,-56000,8703000
2008/10/08,0,2000000,-77000,1923000
2008/10/09,0,4032000,-24000,4008000
2008/10/10,0,0,0,0
2008/10/13,0,8000,-600000,-592000
2008/10/14,0,0,0,0
2008/10/15,0,1571000,0,1571000
2008/10/16,0,57000,-77805,-20805
2008/10/17,0,200000,-160000,40000
2008/10/20,0,0,-76000,-76000
2008/10/21,0,560000,-491000,69000
2008/10/22,0,0,-4484000,-4484000
2008/10/23,0,415000,-230000,185000
2008/10/24,0,0,-141000,-141000
2008/10/27,0,200000,-524000,-324000
2008/10/28,0,1900000,-1185000,715000
2008/10/29,0,0,-25000,-25000
2008/10/30,0,3342000,-33610,3308390
2008/10/31,0,1900000,-10000,1890000
2008/11/03,0,4000,0,4000
2008/11/04,0,11000,-1014000,-1003000
2008/11/05,0,27000,-208000,-181000
2008/11/06,0,0,-9000,-9000
2008/11/07,0,220000,0,220000
2008/11/10,0,39000,0,39000
2008/11/11,0,17000,-1030,15970
2008/11/12,0,199000,-545000,-346000
2008/11/13,0,35000,-127000,-92000
2008/11/14,0,0,-11000,-11000
2008/11/17,0,1975000,-151000,1824000
2008/11/18,0,158000,-1500000,-1342000
2008/11/19,0,174000,0,174000
2008/11/20,0,16000,-300000,-284000
2008/11/21,0,48000,0,48000
2008/11/24,0,42000,-1000,41000
2008/11/25,0,0,-3334,-3334
2008/11/26,0,182000,0,182000
2008/11/27,0,127000,0,127000
2008/11/28,0,0,-43000,-43000
2008/12/01,0,2061000,-152666,1908334
2008/12/02,0,0,-2340000,-2340000
2008/12/03,0,232000,-1501280,-1269280
2008/12/04,0,38000,0,38000
2008/12/05,0,0,-3000,-3000
2008/12/08,0,89000,0,89000
2008/12/09,0,185000,0,185000
2008/12/10,0,0,-75000,-75000
2008/12/11,0,202000,-1320000,-1118000
2008/12/12,0,0,-120000,-120000
2008/12/15,0,0,-11000,-11000
2008/12/16,0,0,-800000,-800000
2008/12/17,0,1809000,-55000,1754000
2008/12/18,0,1599000,-19000,1580000
2008/12/19,0,164000,-2088000,-1924000
2008/12/22,0,40000,-300000,-260000
2008/12/23,0,7000,0,7000
2008/12/24,0,0,0,0
2008/12/25,0,8000,0,8000
2008/12/26,0,5000,0,5000
2008/12/29,0,0,0,0
2008/12/30,0,0,0,0
2008/12/31,0,0,-54000,-54000
2009/01/01,0,0,0,0
2009/01/02,0,0,0,0
2009/01/05,0,0,-12000,-12000
2009/01/06,0,0,0,0
2009/01/07,0,506000,0,506000
2009/01/08,0,329000,0,329000
2009/01/09,0,29000,-261000,-232000
2009/01/12,0,28000,-302000,-274000
2009/01/13,0,10000,0,10000
2009/01/14,0,0,-1230000,-1230000
2009/01/15,0,23000,-152000,-129000
2009/01/16,0,38000,0,38000
2009/01/19,0,5000,-101000,-96000
2009/01/20,0,0,-1000,-1000
2009/01/21,0,0,-8000,-8000
2009/01/22,0,0,0,0
2009/01/23,0,0,0,0
2009/01/26,0,0,0,0
2009/01/27,0,0,0,0
2009/01/28,0,0,0,0
2009/01/29,0,0,0,0
2009/01/30,0,0,0,0
2009/02/02,0,0,0,0
2009/02/03,0,78000,-3848000,-3770000
2009/02/04,0,0,-22000,-22000
2009/02/05,0,0,-3700000,-3700000
2009/02/06,0,19000,0,19000
2009/02/09,0,0,-22000,-22000
2009/02/10,0,19000,0,19000
2009/02/11,0,0,-31000,-31000
2009/02/12,0,0,-125000,-125000
2009/02/13,0,0,-19000,-19000
2009/02/16,0,7119000,0,7119000
2009/02/17,0,7000,0,7000
2009/02/18,0,46000,-29000,17000
2009/02/19,0,1000000,0,1000000
2009/02/20,0,0,-5021000,-5021000
2009/02/23,0,0,0,0
2009/02/24,0,70000,-3000000,-2930000
2009/02/25,0,0,-480000,-480000
2009/02/26,0,5000,-42000,-37000
2009/02/27,0,10000,-374000,-364000
2009/03/02,0,221000,0,221000
2009/03/03,0,0,0,0
2009/03/04,0,12082000,-8000,12074000
2009/03/05,0,15150000,0,15150000
2009/03/06,0,20751000,-25000,20726000
2009/03/09,0,9126000,-49000,9077000
2009/03/10,0,11836000,-1012000,10824000
2009/03/11,0,28384000,-30000,28354000
2009/03/12,0,16963000,-2923000,14040000
2009/03/13,0,4269000,-19000,4250000
2009/03/16,0,5021000,-5865000,-844000
2009/03/17,0,0,-8966000,-8966000
2009/03/18,0,1100000,-880000,220000
2009/03/19,0,3500000,-2000,3498000
2009/03/20,0,0,-11118000,-11118000
2009/03/23,0,2302000,-12794000,-10492000
2009/03/24,0,474000,-10000,464000
2009/03/25,0,11470000,-1000000,10470000
2009/03/26,0,4337000,-3000000,1337000
2009/03/27,0,300000,-9991000,-9691000
2009/03/30,0,5490000,-9685485,-4195485
2009/03/31,0,3509000,-8458000,-4949000
2009/04/01,0,2515000,0,2515000
2009/04/02,0,12900000,-5606000,7294000
2009/04/03,0,5502000,-3504000,1998000
2009/04/06,0,450000,-1702000,-1252000
2009/04/07,0,4000,-7318000,-7314000
2009/04/08,0,0,-2764000,-2764000
2009/04/09,0,500000,-2302000,-1802000
2009/04/10,0,2394000,-2787000,-393000
2009/04/13,0,4820000,-10914000,-6094000
2009/04/14,0,8473000,-1391000,7082000
2009/04/15,0,897000,-3203000,-2306000
2009/04/16,0,1510000,-1008000,502000
2009/04/17,0,400000,-3805000,-3405000
2009/04/20,0,400000,-6050000,-5650000
2009/04/21,0,4000,0,4000
2009/04/22,0,1575000,-728000,847000
2009/04/23,0,1530000,-2502000,-972000
2009/04/24,0,232000,-3808000,-3576000
2009/04/27,0,1000,-3521000,-3520000
2009/04/28,0,1000,-3789000,-3788000
2009/04/29,0,2089000,0,2089000
2009/04/30,0,776000,-142000,634000
2009/05/01,0,0,0,0
2009/05/04,0,4197000,-10000,4187000
2009/05/05,0,30494000,-413000,30081000
2009/05/06,0,10368000,-845000,9523000
2009/05/07,0,7512000,-6627000,885000
2009/05/08,0,3634000,-6903000,-3269000
2009/05/11,0,19002000,-18000,18984000
2009/05/12,0,2000000,-2262000,-262000
2009/05/13,0,984000,-2934000,-1950000
2009/05/14,0,595000,-5570000,-4975000
2009/05/15,0,5593000,-2580000,3013000
2009/05/18,0,400000,-291000,109000
2009/05/19,0,7104000,-125000,6979000
2009/05/20,0,13000,-3336000,-3323000
2009/05/21,0,0,-11963000,-11963000
2009/05/22,0,0,-11490000,-11490000
2009/05/25,0,257000,-11030000,-10773000
2009/05/26,0,899000,-10746000,-9847000
2009/05/27,0,2786000,-2442000,344000
2009/05/28,0,0,0,0
2009/05/29,0,0,0,0
2009/06/01,0,740000,-5813000,-5073000
2009/06/02,0,4513000,-856000,3657000
2009/06/03,0,200000,-2025000,-1825000
2009/06/04,0,353000,-6995000,-6642000
2009/06/05,0,0,-1000000,-1000000
2009/06/08,0,1381000,-2100000,-719000
2009/06/09,0,13000,-1664000,-1651000
2009/06/10,0,8000,-2641000,-2633000
2009/06/11,0,41000,-4284000,-4243000
2009/06/12,0,0,-4899000,-4899000
2009/06/15,0,35000,-3769000,-3734000
2009/06/16,0,53000,-5797000,-5744000
2009/06/17,0,53000,-1500000,-1447000
2009/06/18,0,34000,-1300000,-1266000
2009/06/19,0,200000,-4776000,-4576000
2009/06/22,0,32000,-2228000,-2196000
2009/06/23,0,75000,-7236000,-7161000
2009/06/24,0,810000,-20000,790000
2009/06/25,0,3675000,0,3675000
2009/06/26,0,0,-153000,-153000
2009/06/29,0,28000,0,28000
2009/06/30,0,0,-1200000,-1200000
2009/07/01,0,1295000,0,1295000
2009/07/02,0,0,-3000,-3000
2009/07/03,0,250000,-60000,190000
2009/07/06,0,0,-7000,-7000
2009/07/07,0,15000,0,15000
2009/07/08,0,0,-9000,-9000
2009/07/09,0,9686000,0,9686000
2009/07/10,0,150000,-20000,130000
2009/07/13,0,3000,-27000,-24000
2009/07/14,0,0,-119000,-119000
2009/07/15,0,0,0,0
2009/07/16,0,2806000,-17000,2789000
2009/07/17,0,5000,0,5000
2009/07/20,0,0,-370000,-370000
2009/07/21,0,500000,-58000,442000
2009/07/22,0,0,-62000,-62000
2009/07/23,0,0,-524000,-524000
2009/07/24,0,0,-69000,-69000
2009/07/27,0,500000,-609000,-109000
2009/07/28,0,2290000,-16000,2274000
2009/07/29,0,7000000,-52000,6948000
2009/07/30,0,0,-30000,-30000
2009/07/31,0,3155000,-2175000,980000
2009/08/03,0,300000,-1000000,-700000
2009/08/04,0,7000000,-2739000,4261000
2009/08/05,0,0,-8381000,-8381000
2009/08/06,0,0,-616000,-616000
2009/08/07,0,0,0,0
2009/08/10,0,44000,-107000,-63000
2009/08/11,0,17000,0,17000
2009/08/12,0,0,0,0
2009/08/13,0,2894000,-2017000,877000
2009/08/14,0,11279000,-4425000,6854000
2009/08/17,0,7869000,-134000,7735000
2009/08/18,0,1915000,0,1915000
2009/08/19,0,10168000,0,10168000
2009/08/20,0,3246000,-10000,3236000
2009/08/21,0,100000,-659000,-559000
2009/08/24,0,0,0,0
2009/08/25,0,5000000,-500000,4500000
2009/08/26,0,500000,0,500000
2009/08/27,0,87000,-19565,67435
2009/08/28,0,0,-14000000,-14000000
2009/08/31,0,70000,0,70000
2009/09/01,0,0,-600000,-600000
2009/09/02,0,18803000,0,18803000
2009/09/03,0,12576000,-20000,12556000
2009/09/04,0,5334000,-23000,5311000
2009/09/07,0,2143000,-19000,2124000
2009/09/08,0,10584000,-1900000,8684000
2009/09/09,0,7023000,0,7023000
2009/09/10,0,3148000,-1464996,1683004
2009/09/11,0,3212000,-806000,2406000
2009/09/14,0,3140000,-201000,2939000
2009/09/15,0,1310000,0,1310000
2009/09/16,0,2922000,0,2922000
2009/09/17,0,3404000,0,3404000
2009/09/18,0,0,-636000,-636000
2009/09/21,0,0,-7921000,-7921000
2009/09/22,0,1500000,-592000,908000
2009/09/23,0,55000,-8000,47000
2009/09/24,0,600000,0,600000
2009/09/25,0,8000,-4914000,-4906000
2009/09/28,0,53000,-1469000,-1416000
2009/09/29,0,8523000,-15000,8508000
2009/09/30,0,1611000,-16000,1595000
2009/10/01,0,3175000,0,3175000
2009/10/02,0,145000,-300000,-155000
2009/10/05,0,1686000,-578000,1108000
2009/10/06,0,0,0,0
2009/10/07,0,200000,-1000000,-800000
2009/10/08,0,0,0,0
2009/10/09,0,1109000,0,1109000
2009/10/12,0,6093000,-2474000,3619000
2009/10/13,0,1102000,0,1102000
2009/10/14,0,480000,-98000,382000
2009/10/15,0,11731000,-658000,11073000
2009/10/16,0,7540000,0,7540000
2009/10/19,0,7589000,-14000,7575000
2009/10/20,0,8116000,0,8116000
2009/10/21,0,597000,-982000,-385000
2009/10/22,0,2000000,0,2000000
2009/10/23,0,4105000,-237000,3868000
2009/10/26,0,150000,0,150000
2009/10/27,0,205000,-19000,186000
2009/10/28,0,1150000,-5276000,-4126000
2009/10/29,0,1119000,-15000,1104000
2009/10/30,0,1387000,-48000,1339000
2009/11/02,0,5897000,-15000,5882000
2009/11/03,0,314000,-1996000,-1682000
2009/11/04,0,515000,0,515000
2009/11/05,0,17000,0,17000
2009/11/06,0,1882000,0,1882000
2009/11/09,0,1466000,0,1466000
2009/11/10,0,608000,-15000,593000
2009/11/11,0,9092000,-14000,9078000
2009/11/12,0,9355000,-5000,9350000
2009/11/13,0,1115000,-40000,1075000
2009/11/16,0,319000,-1000,318000
2009/11/17,0,1121000,-4000,1117000
2009/11/18,0,401000,-31000,370000
2009/11/19,0,0,-311000,-311000
2009/11/20,0,0,-4644000,-4644000
2009/11/23,0,0,-8172000,-8172000
2009/11/24,0,0,-9313000,-9313000
2009/11/25,0,850000,-5340000,-4490000
2009/11/26,0,0,-104000,-104000
2009/11/27,0,0,-10638000,-10638000
2009/11/30,0,0,-463000,-463000
2009/12/01,0,400000,-150000,250000
2009/12/02,0,0,-1600000,-1600000
2009/12/03,0,0,-6923000,-6923000
2009/12/04,0,150000,-1300000,-1150000
2009/12/07,0,1000000,-7570000,-6570000
2009/12/08,0,0,-7666000,-7666000
2009/12/09,0,0,-6575000,-6575000
2009/12/10,0,0,-1461000,-1461000
2009/12/11,0,14000,-9302000,-9288000
2009/12/14,0,84000,-5029000,-4945000
2009/12/15,0,0,-5215000,-5215000
2009/12/16,0,0,-2829000,-2829000
2009/12/17,0,0,-2825000,-2825000
2009/12/18,0,17000,-9617000,-9600000
2009/12/21,0,9000,-5092000,-5083000
2009/12/22,0,0,-5353569,-5353569
2009/12/23,0,3000,-1860000,-1857000
2009/12/24,0,708000,-600000,108000
2009/12/25,0,0,-4070431,-4070431
2009/12/28,0,332000,-3000000,-2668000
2009/12/29,0,465000,-4292000,-3827000
2009/12/30,0,329000,-3300000,-2971000
2009/12/31,0,0,-3003000,-3003000
2010/01/01,0,0,0,0
2010/01/04,0,35000,-1872000,-1837000
2010/01/05,0,0,-3626000,-3626000
2010/01/06,0,0,-4000000,-4000000
2010/01/07,0,4930000,-4415000,515000
2010/01/08,0,400000,-1296000,-896000
2010/01/11,0,5480000,-424000,5056000
2010/01/12,0,570000,-906000,-336000
2010/01/13,0,0,-655000,-655000
2010/01/14,0,100000,-776000,-676000
2010/01/15,0,0,-288004,-288004
2010/01/18,0,0,-4432000,-4432000
2010/01/19,0,120000,-590000,-470000
2010/01/20,0,4881000,-529000,4352000
2010/01/21,0,2978000,-9000,2969000
2010/01/22,0,120000,0,120000
2010/01/25,0,880000,-277000,603000
2010/01/26,0,518000,-505000,13000
2010/01/27,0,608000,0,608000
2010/01/28,0,1230000,-2000,1228000
2010/01/29,0,134000,-199000,-65000
2010/02/01,0,39000,-2624000,-2585000
2010/02/02,0,0,-902000,-902000
2010/02/03,0,4842000,-553000,4289000
2010/02/04,0,2588000,-1021000,1567000
2010/02/05,0,819000,-700000,119000
2010/02/08,0,2122000,-25000,2097000
2010/02/09,0,453000,0,453000
2010/02/10,0,906000,-1014000,-108000
2010/02/11,0,0,0,0
2010/02/12,0,0,0,0
2010/02/15,0,0,0,0
2010/02/16,0,0,0,0
2010/02/17,0,0,0,0
2010/02/18,0,0,0,0
2010/02/19,0,0,0,0
2010/02/22,0,312000,0,312000
2010/02/23,0,825000,0,825000
2010/02/24,0,9000,-870000,-861000
2010/02/25,0,807000,-600000,207000
2010/02/26,0,24000,-500000,-476000
2010/03/01,0,919000,-1635000,-716000
2010/03/02,0,500000,-3745000,-3245000
2010/03/03,0,0,-850000,-850000
2010/03/04,0,0,-469000,-469000
2010/03/05,0,4000,-1012000,-1008000
2010/03/08,0,0,-7438000,-7438000
2010/03/09,0,952000,-3856000,-2904000
2010/03/10,0,0,-3026000,-3026000
2010/03/11,0,3000,0,3000
2010/03/12,0,261000,-20000,241000
2010/03/15,0,0,-12000,-12000
2010/03/16,0,0,-8000,-8000
2010/03/17,0,35000,-438000,-403000
2010/03/18,0,12000,-2109000,-2097000
2010/03/19,0,0,-23000,-23000
2010/03/22,0,0,-599000,-599000
2010/03/23,0,1789000,-27000,1762000
2010/03/24,0,0,-7000,-7000
2010/03/25,0,0,-23000,-23000
2010/03/26,0,0,-4000,-4000
2010/03/29,0,488000,-815000,-327000
2010/03/30,0,8000,-220000,-212000
2010/03/31,0,0,-24000,-24000
2010/04/01,0,0,-3000,-3000
2010/04/02,0,4000,-37000,-33000
2010/04/05,0,0,0,0
2010/04/06,0,600000,-17000,583000
2010/04/07,0,5491000,-10000,5481000
2010/04/08,0,6262000,-19000,6243000
2010/04/09,0,2256000,-583000,1673000
2010/04/12,0,0,-12000,-12000
2010/04/13,0,0,-23000,-23000
2010/04/14,0,360000,-3100000,-2740000
2010/04/15,0,0,-2663000,-2663000
2010/04/16,0,0,-3403000,-3403000
2010/04/19,0,0,-8250956,-8250956
2010/04/20,0,13000,-4780000,-4767000
2010/04/21,0,5000,-1500000,-1495000
2010/04/22,0,0,-1429000,-1429000
2010/04/23,0,0,-2200000,-2200000
2010/04/26,0,0,-2650000,-2650000
2010/04/27,0,4178000,-15000,4163000
2010/04/28,0,6000,-1535000,-1529000
2010/04/29,0,0,-3256000,-3256000
2010/04/30,0,0,-42000,-42000
2010/05/03,0,0,-5000,-5000
2010/05/04,0,0,0,0
2010/05/05,0,15000,-2331000,-2316000
2010/05/06,0,0,-2608000,-2608000
2010/05/07,0,80000,-605000,-525000
2010/05/10,0,71000,-65000,6000
2010/05/11,0,1062000,-2255000,-1193000
2010/05/12,0,996000,-1562000,-566000
2010/05/13,0,14000,-2594000,-2580000
2010/05/14,0,48000,-2739000,-2691000
2010/05/17,0,6000,-2911000,-2905000
2010/05/18,0,10000,0,10000
2010/05/19,0,0,-2341000,-2341000
2010/05/20,0,31000,-1051000,-1020000
2010/05/21,0,332000,0,332000
2010/05/24,0,0,-13000,-13000
2010/05/25,0,13000,0,13000
2010/05/26,0,1536000,-2213000,-677000
2010/05/27,0,47000,-2000000,-1953000
2010/05/28,0,624000,-1211000,-587000
2010/05/31,0,0,-1714000,-1714000
2010/06/01,0,807000,0,807000
2010/06/02,0,0,0,0
2010/06/03,0,0,-21000,-21000
2010/06/04,0,0,-388000,-388000
2010/06/07,0,0,-7028000,-7028000
2010/06/08,0,34000,-1202000,-1168000
2010/06/09,0,6000,-518000,-512000
2010/06/10,0,40000,-1482045,-1442045
2010/06/11,0,0,0,0
2010/06/14,0,23000,-21000,2000
2010/06/15,0,0,-39000,-39000
2010/06/16,0,0,0,0
2010/06/17,0,0,-4000,-4000
2010/06/18,0,517000,-251000,266000
2010/06/21,0,0,0,0
2010/06/22,0,0,-20000,-20000
2010/06/23,0,0,-1265000,-1265000
2010/06/24,0,1000,-2389000,-2388000
2010/06/25,0,357000,-323000,34000
2010/06/28,0,270000,0,270000
2010/06/29,0,24000,-648,23352
2010/06/30,0,2339000,-407000,1932000
2010/07/01,0,0,0,0
2010/07/02,0,15000,-4200000,-4185000
2010/07/05,0,0,-5000,-5000
2010/07/06,0,49000,-188000,-139000
2010/07/07,0,0,0,0
2010/07/08,0,0,-501000,-501000
2010/07/09,0,0,0,0
2010/07/12,0,115000,0,115000
2010/07/13,0,0,-19000,-19000
2010/07/14,0,0,-2993000,-2993000
2010/07/15,0,37000,0,37000
2010/07/16,0,12537000,-8000,12529000
2010/07/19,0,783000,0,783000
2010/07/20,0,25000,0,25000
2010/07/21,0,13000,-164000,-151000
2010/07/22,0,0,0,0
2010/07/23,0,17000,-921000,-904000
2010/07/26,0,1000,-94000,-93000
2010/07/27,0,130000,-15000,115000
2010/07/28,0,11000,-1000000,-989000
2010/07/29,0,3000000,0,3000000
2010/07/30,0,3032000,-1640000,1392000
2010/08/02,0,131000,0,131000
2010/08/03,0,23000,-14000,9000
2010/08/04,0,2000,-62000,-60000
2010/08/05,0,5101000,-1356000,3745000
2010/08/06,0,0,-538000,-538000
2010/08/09,0,468000,-5000,463000
2010/08/10,0,193000,-450000,-257000
2010/08/11,0,202000,-6000,196000
2010/08/12,0,0,-66000,-66000
2010/08/13,0,0,-299000,-299000
2010/08/16,0,0,-2413000,-2413000
2010/08/17,0,9000,-35000,-26000
2010/08/18,0,0,-21000,-21000
2010/08/19,0,650000,-9000,641000
2010/08/20,0,350000,-26000,324000
2010/08/23,0,0,-1679000,-1679000
2010/08/24,0,0,-1826000,-1826000
2010/08/25,0,83000,-22000,61000
2010/08/26,0,254000,-13000,241000
2010/08/27,0,11000,0,11000
2010/08/30,0,291000,-27675,263325
2010/08/31,0,759000,0,759000
2010/09/01,0,0,-3197000,-3197000
2010/09/02,0,17000,-500000,-483000
2010/09/03,0,9000,0,9000
2010/09/06,0,0,0,0
2010/09/07,0,83000,0,83000
2010/09/08,0,0,0,0
2010/09/09,0,0,0,0
2010/09/10,0,73000,0,73000
2010/09/13,0,0,0,0
2010/09/14,0,171000,-22000,149000
2010/09/15,0,0,-31000,-31000
2010/09/16,0,0,-49000,-49000
2010/09/17,0,5000,-39000,-34000
2010/09/20,0,0,-1457000,-1457000
2010/09/21,0,0,-24000,-24000
2010/09/22,0,0,0,0
2010/09/23,0,0,-41000,-41000
2010/09/24,0,0,-27000,-27000
2010/09/27,0,0,-24000,-24000
2010/09/28,0,106000,0,106000
2010/09/29,0,0,-175000,-175000
2010/09/30,0,0,-233000,-233000
2010/10/01,0,0,-1440000,-1440000
2010/10/04,0,0,-14000,-14000
2010/10/05,0,0,0,0
2010/10/06,0,0,-479000,-479000
2010/10/07,0,0,0,0
2010/10/08,0,0,-251000,-251000
2010/10/11,0,0,0,0
2010/10/12,0,0,-17000,-17000
2010/10/13,0,0,-100000,-100000
2010/10/14,0,51000,-39000,12000
2010/10/15,0,0,-7000,-7000
2010/10/18,0,0,-72000,-72000
2010/10/19,0,43000,-7000,36000
2010/10/20,0,0,-7000,-7000
2010/10/21,0,0,0,0
2010/10/22,0,0,-19000,-19000
2010/10/25,0,0,0,0
2010/10/26,0,29000,0,29000
2010/10/27,0,51000,-587000,-536000
2010/10/28,0,20517000,0,20517000
2010/10/29,0,8219000,-3000,8216000
2010/11/01,0,850000,-104000,746000
2010/11/02,0,4459000,0,4459000
2010/11/03,0,2771000,0,2771000
2010/11/04,0,11570000,0,11570000
2010/11/05,0,12243000,0,12243000
2010/11/08,0,6850000,-81000,6769000
2010/11/09,0,891000,-400000,491000
2010/11/10,0,346000,-19000,327000
2010/11/11,0,26000,-400000,-374000
2010/11/12,0,550000,-611000,-61000
2010/11/15,0,0,-6000,-6000
2010/11/16,0,980000,-27000,953000
2010/11/17,0,180000,0,180000
2010/11/18,0,100000,0,100000
2010/11/19,0,62000,-750000,-688000
2010/11/22,0,200000,-700000,-500000
2010/11/23,0,900000,0,900000
2010/11/24,0,0,-800000,-800000
2010/11/25,0,2900000,-69000,2831000
2010/11/26,0,1562000,-10000,1552000
2010/11/29,0,0,-1504000,-1504000
2010/11/30,0,1900000,-1533000,367000
2010/12/01,0,1100000,-988000,112000
2010/12/02,0,3996000,-695000,3301000
2010/12/03,0,7221000,-31000,7190000
2010/12/06,0,0,-439000,-439000
2010/12/07,0,388000,-5564000,-5176000
2010/12/08,0,20000,-3721000,-3701000
2010/12/09,0,15000,-553000,-538000
2010/12/10,0,200000,-587000,-387000
2010/12/13,0,0,-3674000,-3674000
2010/12/14,0,3000,-769000,-766000
2010/12/15,0,0,0,0
2010/12/16,0,0,-723000,-723000
2010/12/17,0,3213000,-1175000,2038000
2010/12/20,0,0,-1029000,-1029000
2010/12/21,0,7000,-1408000,-1401000
2010/12/22,0,369000,0,369000
2010/12/23,0,0,-3599000,-3599000
2010/12/24,0,750000,0,750000
2010/12/27,0,0,-13000,-13000
2010/12/28,0,312000,-200000,112000
2010/12/29,0,0,-700000,-700000
2010/12/30,0,0,-2969000,-2969000
2010/12/31,0,0,-65000,-65000
2011/01/03,0,0,0,0
2011/01/04,0,0,-600000,-600000
2011/01/05,0,388000,-2788000,-2400000
2011/01/06,0,0,0,0
2011/01/07,0,4832000,-5985000,-1153000
2011/01/10,0,0,-784000,-784000
2011/01/11,0,4300000,-500000,3800000
2011/01/12,0,11282000,-1000000,10282000
2011/01/13,0,4600000,-1261000,3339000
2011/01/14,0,3707000,0,3707000
2011/01/17,0,929000,0,929000
2011/01/18,0,3288000,-82000,3206000
2011/01/19,0,18463000,-61000,18402000
2011/01/20,0,4219000,-378000,3841000
2011/01/21,0,1617000,-185000,1432000
2011/01/24,0,0,0,0
2011/01/25,0,50000,0,50000
2011/01/26,0,7850000,-3000,7847000
2011/01/27,0,1324000,-9000,1315000
2011/01/28,0,5263000,-34000,5229000
2011/01/31,0,0,0,0
2011/02/01,0,0,0,0
2011/02/02,0,0,0,0
2011/02/03,0,0,0,0
2011/02/04,0,0,0,0
2011/02/07,0,0,0,0
2011/02/08,0,0,-286000,-286000
2011/02/09,0,0,-5850000,-5850000
2011/02/10,0,600000,-8045000,-7445000
2011/02/11,0,355000,-1868000,-1513000
2011/02/14,0,1168000,0,1168000
2011/02/15,0,32000,-913000,-881000
2011/02/16,0,1215000,-300000,915000
2011/02/17,0,0,-86000,-86000
2011/02/18,0,581000,0,581000
2011/02/21,0,739000,-157000,582000
2011/02/22,0,0,-550000,-550000
2011/02/23,0,0,-5622000,-5622000
2011/02/24,0,17000,-1100000,-1083000
2011/02/25,0,11000,-3057000,-3046000
2011/02/28,0,0,0,0
2011/03/01,0,1352000,-200000,1152000
2011/03/02,0,171000,-422000,-251000
2011/03/03,0,0,-2282000,-2282000
2011/03/04,0,0,0,0
2011/03/07,0,0,-2796000,-2796000
2011/03/08,0,0,-700000,-700000
2011/03/09,0,0,-496000,-496000
2011/03/10,0,0,-8957000,-8957000
2011/03/11,0,472000,-3989000,-3517000
2011/03/14,0,21000,-3327000,-3306000
2011/03/15,0,12000,-1611000,-1599000
2011/03/16,0,0,-2458000,-2458000
2011/03/17,0,165000,-1173000,-1008000
2011/03/18,0,0,-243000,-243000
2011/03/21,0,0,-78000,-78000
2011/03/22,0,162000,-1209000,-1047000
2011/03/23,0,300000,-5000000,-4700000
2011/03/24,0,26000,0,26000
2011/03/25,0,168000,0,168000
2011/03/28,0,450000,0,450000
2011/03/29,0,0,0,0
2011/03/30,0,473000,0,473000
2011/03/31,0,6000,-220000,-214000
2011/04/01,0,1900000,-60000,1840000
2011/04/04,0,0,0,0
2011/04/05,0,0,0,0
2011/04/06,0,620000,-508000,112000
2011/04/07,0,0,-224000,-224000
2011/04/08,0,0,-9220000,-9220000
2011/04/11,0,5000,-7876000,-7871000
2011/04/12,0,0,-54000,-54000
2011/04/13,0,0,-2340000,-2340000
2011/04/14,0,0,-39000,-39000
2011/04/15,0,0,-8719000,-8719000
2011/04/18,0,0,-1002000,-1002000
2011/04/19,0,20000,-1425000,-1405000
2011/04/20,0,1604000,-400000,1204000
2011/04/21,0,1300000,0,1300000
2011/04/22,0,113000,0,113000
2011/04/25,0,0,-335000,-335000
2011/04/26,0,0,-20000,-20000
2011/04/27,0,983000,-15755,967245
2011/04/28,0,0,-263000,-263000
2011/04/29,0,0,-900000,-900000
2011/05/02,0,0,0,0
2011/05/03,0,173000,0,173000
2011/05/04,0,173000,0,173000
2011/05/05,0,173000,0,173000
2011/05/06,0,137000,-160000,-23000
2011/05/09,0,4000,-1500000,-1496000
2011/05/10,0,0,-4057000,-4057000
2011/05/11,0,0,0,0
2011/05/12,0,51000,-1361000,-1310000
2011/05/13,0,4000,-626000,-622000
2011/05/16,0,18000,0,18000
2011/05/17,0,0,-2685000,-2685000
2011/05/18,0,0,0,0
2011/05/19,0,8000,-1000,7000
2011/05/20,0,0,-2361000,-2361000
2011/05/23,0,14000,-6000,8000
2011/05/24,0,0,-9608000,-9608000
2011/05/25,0,0,0,0
2011/05/26,0,7000,0,7000
2011/05/27,0,0,0,0
2011/05/30,0,9000,0,9000
2011/05/31,0,879000,-8000,871000
2011/06/01,0,0,-4608000,-4608000
2011/06/02,0,0,-1600000,-1600000
2011/06/03,0,0,0,0
2011/06/06,0,0,0,0
2011/06/07,0,0,0,0
2011/06/08,0,13000,-37000,-24000
2011/06/09,0,0,0,0
2011/06/10,0,0,0,0
2011/06/13,0,0,0,0
2011/06/14,0,30000,-2500000,-2470000
2011/06/15,0,2024000,-56000,1968000
2011/06/16,0,0,-7663000,-7663000
2011/06/17,0,63000,-3078000,-3015000
2011/06/20,0,29000,0,29000
2011/06/21,0,39000,-2000,37000
2011/06/22,0,3240000,0,3240000
2011/06/23,0,20000,-28000,-8000
2011/06/24,0,20000,0,20000
2011/06/27,0,10000,-4012000,-4002000
2011/06/28,0,212000,-1601000,-1389000
2011/06/29,0,583000,0,583000
2011/06/30,0,1738000,-1400000,338000
2011/07/01,0,5000,-8000,-3000
2011/07/04,0,0,-4000,-4000
2011/07/05,0,0,-14000,-14000
2011/07/06,0,0,-50000,-50000
2011/07/07,0,0,0,0
2011/07/08,0,0,-16000,-16000
2011/07/11,0,0,-161000,-161000
2011/07/12,0,17000,-20000,-3000
2011/07/13,0,40000,0,40000
2011/07/14,0,78000,0,78000
2011/07/15,0,44000,-13000,31000
2011/07/18,0,14000,0,14000
2011/07/19,0,28000,0,28000
2011/07/20,0,1031000,0,1031000
2011/07/21,0,1061000,0,1061000
2011/07/22,0,1950000,-41000,1909000
2011/07/25,0,157000,-24000,133000
2011/07/26,0,268000,-300000,-32000
2011/07/27,0,49000,-37000,12000
2011/07/28,0,0,-45000,-45000
2011/07/29,0,0,0,0
2011/08/01,0,27000,0,27000
2011/08/02,0,0,-391000,-391000
2011/08/03,0,139000,-400000,-261000
2011/08/04,0,179000,0,179000
2011/08/05,0,191000,0,191000
2011/08/08,0,516000,-879000,-363000
2011/08/09,0,422000,-3250000,-2828000
2011/08/10,0,315000,-769000,-454000
2011/08/11,0,164000,-2371000,-2207000
2011/08/12,0,11000,-64000,-53000
2011/08/15,0,22000,0,22000
2011/08/16,0,0,-653000,-653000
2011/08/17,0,34000,-13000,21000
2011/08/18,0,369000,0,369000
2011/08/19,0,25000,0,25000
2011/08/22,0,231000,0,231000
2011/08/23,0,19000,0,19000
2011/08/24,0,0,0,0
2011/08/25,0,0,0,0
2011/08/26,0,170000,0,170000
2011/08/29,0,35000,0,35000
2011/08/30,0,327000,0,327000
2011/08/31,0,4000,-18000,-14000
2011/09/01,0,3000,-309000,-306000
2011/09/02,0,222000,-30000,192000
2011/09/05,0,0,-47000,-47000
2011/09/06,0,0,0,0
2011/09/07,0,1582000,0,1582000
2011/09/08,0,5000,-47000,-42000
2011/09/09,0,85000,0,85000
2011/09/12,0,0,0,0
2011/09/13,0,126000,-14087,111913
2011/09/14,0,29000,-32000,-3000
2011/09/15,0,551000,-97000,454000
2011/09/16,0,3274000,-1969000,1305000
2011/09/19,0,158000,0,158000
2011/09/20,0,17000,0,17000
2011/09/21,0,617010,-112000,505010
2011/09/22,0,0,-26000,-26000
2011/09/23,0,321000,-1756000,-1435000
2011/09/26,0,80000,0,80000
2011/09/27,0,31000,0,31000
2011/09/28,0,0,-17000,-17000
2011/09/29,0,102000,0,102000
2011/09/30,0,483000,-203000,280000
2011/10/03,0,2107000,-6000,2101000
2011/10/04,0,846000,0,846000
2011/10/05,0,574000,0,574000
2011/10/06,0,6127000,-10000,6117000
2011/10/07,0,11000,0,11000
2011/10/10,0,0,0,0
2011/10/11,0,0,-30000,-30000
2011/10/12,0,5000,0,5000
2011/10/13,0,346000,0,346000
2011/10/14,0,98000,-300000,-202000
2011/10/17,0,3226000,-13307,3212693
2011/10/18,0,10000,-39778,-29778
2011/10/19,0,166000,0,166000
2011/10/20,0,0,0,0
2011/10/21,0,200000,0,200000
2011/10/24,0,26000,-5000,21000
2011/10/25,0,3172000,-240000,2932000
2011/10/26,0,609000,0,609000
2011/10/27,0,18000,-2460000,-2442000
2011/10/28,0,28000,0,28000
2011/10/31,0,0,-27000,-27000
2011/11/01,0,0,-2318000,-2318000
2011/11/02,0,49000,0,49000
2011/11/03,0,11000,0,11000
2011/11/04,0,0,-170000,-170000
2011/11/07,0,0,0,0
2011/11/08,0,47000,0,47000
2011/11/09,0,0,0,0
2011/11/10,0,8000,0,8000
2011/11/11,0,0,-7000,-7000
2011/11/14,0,2840000,-32073,2807927
2011/11/15,0,1990000,-5000,1985000
2011/11/16,0,2802000,0,2802000
2011/11/17,0,0,-339000,-339000
2011/11/18,0,10000,0,10000
2011/11/21,0,32000,0,32000
2011/11/22,0,1706000,-29000,1677000
2011/11/23,0,715000,0,715000
2011/11/24,0,37000,0,37000
2011/11/25,0,4545000,0,4545000
2011/11/28,0,3230000,0,3230000
2011/11/29,0,1017000,0,1017000
2011/11/30,0,708000,-10000,698000
2011/12/01,0,2532000,-86000,2446000
2011/12/02,0,151000,0,151000
2011/12/05,0,478000,-20000,458000
2011/12/06,0,473000,0,473000
2011/12/07,0,1578000,0,1578000
2011/12/08,0,1708000,-49000,1659000
2011/12/09,0,2731000,-20389,2710611
2011/12/12,0,0,-700000,-700000
2011/12/13,0,600000,0,600000
2011/12/14,0,971000,-2076000,-1105000
2011/12/15,0,20000,-1428000,-1408000
2011/12/16,0,9000,-55000,-46000
2011/12/19,0,96000,-200000,-104000
2011/12/20,0,308000,-56000,252000
2011/12/21,0,1662000,-54000,1608000
2011/12/22,0,23000,0,23000
2011/12/23,0,0,-22000,-22000
2011/12/26,0,461000,0,461000
2011/12/27,0,40000,-76000,-36000
2011/12/28,0,1275000,-85000,1190000
2011/12/29,0,0,-1000000,-1000000
2011/12/30,0,2333000,-32000,2301000
2012/01/02,0,44000,0,44000
2012/01/03,0,515000,-66000,449000
2012/01/04,0,200000,0,200000
2012/01/05,0,316,-104000,-103684
2012/01/06,0,1000000,-86000,914000
2012/01/09,0,0,-612000,-612000
2012/01/10,0,0,-8000,-8000
2012/01/11,0,1678000,-23000,1655000
2012/01/12,0,2647000,-47000,2600000
2012/01/13,0,1997000,-2221000,-224000
2012/01/16,0,0,-2720000,-2720000
2012/01/17,0,9771000,-250000,9521000
2012/01/18,0,4782000,-48000,4734000
2012/01/19,0,0,0,0
2012/01/20,0,0,0,0
2012/01/23,0,0,0,0
2012/01/24,0,0,0,0
2012/01/25,0,0,0,0
2012/01/26,0,0,0,0
2012/01/27,0,0,0,0
2012/01/30,0,5480000,-225000,5255000
2012/01/31,0,3552000,-228000,3324000
2012/02/01,0,200000,-33000,167000
2012/02/02,0,640000,-3909000,-3269000
2012/02/03,0,500000,-533000,-33000
2012/02/06,0,0,-3489000,-3489000
2012/02/07,0,1000,0,1000
2012/02/08,0,0,-1157000,-1157000
2012/02/09,0,0,-7596810,-7596810
2012/02/10,0,0,-7131000,-7131000
2012/02/13,0,0,-144000,-144000
2012/02/14,0,0,-2370000,-2370000
2012/02/15,0,0,-3968000,-3968000
2012/02/16,0,530000,-3855000,-3325000
2012/02/17,0,455000,-2900000,-2445000
2012/02/20,0,0,-3865000,-3865000
2012/02/21,0,400000,-3196000,-2796000
2012/02/22,0,0,-525000,-525000
2012/02/23,0,400000,-15000,385000
2012/02/24,0,200000,-616000,-416000
2012/02/27,0,0,0,0
2012/02/28,0,0,0,0
2012/02/29,0,700000,-16000,684000
2012/03/01,0,2725000,-28000,2697000
2012/03/02,0,0,-1032000,-1032000
2012/03/05,0,1775000,-13000,1762000
2012/03/06,0,1000000,-6000,994000
2012/03/07,0,1000000,-2257000,-1257000
2012/03/08,0,0,-1196247,-1196247
2012/03/09,0,0,-1783000,-1783000
2012/03/12,0,0,-2697000,-2697000
2012/03/13,0,0,-42000,-42000
2012/03/14,0,2690000,-111000,2579000
2012/03/15,0,2964000,-246000,2718000
2012/03/16,0,152000,-3119000,-2967000
2012/03/19,0,0,-319000,-319000
2012/03/20,0,450000,-40000,410000
2012/03/21,0,0,0,0
2012/03/22,0,755000,0,755000
2012/03/23,0,0,-270000,-270000
2012/03/26,0,1500000,-1371000,129000
2012/03/27,0,0,-1500000,-1500000
2012/03/28,0,0,-800000,-800000
2012/03/29,0,1289000,-500000,789000
2012/03/30,0,1062000,-19000,1043000
2012/04/02,0,1323000,-3000,1320000
2012/04/03,0,0,0,0
2012/04/04,0,0,0,0
2012/04/05,0,348175,-1082000,-733825
2012/04/06,0,98000,-1910000,-1812000
2012/04/09,0,0,-27000,-27000
2012/04/10,0,0,0,0
2012/04/11,0,0,0,0
2012/04/12,0,208000,-2000,206000
2012/04/13,0,38000,0,38000
2012/04/16,0,23000,0,23000
2012/04/17,0,0,-91000,-91000
2012/04/18,0,0,-90000,-90000
2012/04/19,0,0,-39000,-39000
2012/04/20,0,46000,0,46000
2012/04/23,0,1571000,0,1571000
2012/04/24,0,665000,0,665000
2012/04/25,0,0,0,0
2012/04/26,0,2172000,0,2172000
2012/04/27,0,8360000,0,8360000
2012/04/30,0,2084000,0,2084000
2012/05/01,0,0,0,0
2012/05/02,0,5707000,0,5707000
2012/05/03,0,0,-9450,-9450
2012/05/04,0,717000,-85000,632000
2012/05/07,0,0,-13000,-13000
2012/05/08,0,0,0,0
2012/05/09,0,0,0,0
2012/05/10,0,0,-532000,-532000
2012/05/11,0,46000,0,46000
2012/05/14,0,0,0,0
2012/05/15,0,87000,0,87000
2012/05/16,0,1676000,-704000,972000
2012/05/17,0,1488000,-3335000,-1847000
2012/05/18,0,55000,-106000,-51000
2012/05/21,0,0,0,0
2012/05/22,0,0,-2220000,-2220000
2012/05/23,0,0,-1025000,-1025000
2012/05/24,0,0,-170000,-170000
2012/05/25,0,26000,-212000,-186000
2012/05/28,0,1000,0,1000
2012/05/29,0,20000,-32000,-12000
2012/05/30,0,16831,0,16831
2012/05/31,0,0,-39000,-39000
2012/06/01,0,61000,-1000,60000
2012/06/04,0,54000,0,54000
2012/06/05,0,83000,-1077000,-994000
2012/06/06,0,0,-1660000,-1660000
2012/06/07,0,41000,-1427000,-1386000
2012/06/08,0,374000,-1834000,-1460000
2012/06/11,0,388000,0,388000
2012/06/12,0,356000,0,356000
2012/06/13,0,1364000,-75000,1289000
2012/06/14,0,55000,-510000,-455000
2012/06/15,0,0,-1393000,-1393000
2012/06/18,0,0,0,0
2012/06/19,0,0,-66000,-66000
2012/06/20,0,153000,0,153000
2012/06/21,0,144000,0,144000
2012/06/22,0,0,-1145000,-1145000
2012/06/25,0,0,0,0
2012/06/26,0,0,-176865,-176865
2012/06/27,0,0,-1583000,-1583000
2012/06/28,0,0,-50000,-50000
2012/06/29,0,0,0,0
2012/07/02,0,565000,-31000,534000
2012/07/03,0,288000,0,288000
2012/07/04,0,0,-149000,-149000
2012/07/05,0,17000,-1106000,-1089000
2012/07/06,0,0,-207000,-207000
2012/07/09,0,0,-45000,-45000
2012/07/10,0,704000,0,704000
2012/07/11,0,5000,-140000,-135000
2012/07/12,0,0,-4137000,-4137000
2012/07/13,0,0,-2000,-2000
2012/07/16,0,0,-2645000,-2645000
2012/07/17,0,107000,0,107000
2012/07/18,0,0,0,0
2012/07/19,0,4000,-1501000,-1497000
2012/07/20,0,0,-3114000,-3114000
2012/07/23,0,0,-4026000,-4026000
2012/07/24,0,2000,0,2000
2012/07/25,0,0,-1175000,-1175000
2012/07/26,0,99000,0,99000
2012/07/27,0,83000,0,83000
2012/07/30,0,0,0,0
2012/07/31,0,0,0,0
2012/08/01,0,8000,0,8000
2012/08/02,0,0,0,0
2012/08/03,0,0,-500000,-500000
2012/08/06,0,29000,-19000,10000
2012/08/07,0,810000,-386000,424000
2012/08/08,0,210000,-80000,130000
2012/08/09,0,295000,-51000,244000
2012/08/10,0,22000,-23000,-1000
2012/08/13,0,0,-21000,-21000
2012/08/14,0,0,-8000,-8000
2012/08/15,0,16732,-3320000,-3303268
2012/08/16,0,0,-643000,-643000
2012/08/17,0,33720,-716000,-682280
2012/08/20,0,0,-30000,-30000
2012/08/21,0,0,-302000,-302000
2012/08/22,0,0,-506000,-506000
2012/08/23,0,2696000,-112000,2584000
2012/08/24,0,202000,0,202000
2012/08/27,0,8000,-17000,-9000
2012/08/28,0,202000,-1000,201000
2012/08/29,0,0,-396000,-396000
2012/08/30,0,0,-1240000,-1240000
2012/08/31,0,27000,-70000,-43000
2012/09/03,0,0,-10000,-10000
2012/09/04,0,0,0,0
2012/09/05,0,6000,-649000,-643000
2012/09/06,0,18000,0,18000
2012/09/07,0,747000,-5000,742000
2012/09/10,0,440000,0,440000
2012/09/11,0,0,-84000,-84000
2012/09/12,0,912000,0,912000
2012/09/13,0,255000,0,255000
2012/09/14,0,1087000,0,1087000
2012/09/17,0,3740000,0,3740000
2012/09/18,0,5270000,-1087000,4183000
2012/09/19,0,0,-30000,-30000
2012/09/20,0,0,-562000,-562000
2012/09/21,0,1272000,-112000,1160000
2012/09/24,0,9000,-42000,-33000
2012/09/25,0,3258000,-1300000,1958000
2012/09/26,0,2242000,-65000,2177000
2012/09/27,0,2384000,-653000,1731000
2012/09/28,0,10000,-469000,-459000
2012/10/01,0,1131000,0,1131000
2012/10/02,0,13000,0,13000
2012/10/03,0,0,0,0
2012/10/04,0,0,-1825000,-1825000
2012/10/05,0,0,-1020000,-1020000
2012/10/08,0,0,-271000,-271000
2012/10/09,0,0,0,0
2012/10/10,0,0,0,0
2012/10/11,0,0,-71000,-71000
2012/10/12,0,0,-1324000,-1324000
2012/10/15,0,2500000,0,2500000
2012/10/16,0,0,0,0
2012/10/17,0,15000,0,15000
2012/10/18,0,0,-47000,-47000
2012/10/19,0,0,0,0
2012/10/22,0,0,0,0
2012/10/23,0,71000,-3662000,-3591000
2012/10/24,0,0,0,0
2012/10/25,0,0,-20000,-20000
2012/10/26,0,0,-4000,-4000
2012/10/29,0,0,-3826,-3826
2012/10/30,0,0,0,0
2012/10/31,0,0,-20000,-20000
2012/11/01,0,0,0,0
2012/11/02,0,18000,-12000,6000
2012/11/05,0,0,-141000,-141000
2012/11/06,0,0,0,0
2012/11/07,0,0,0,0
2012/11/08,0,0,0,0
2012/11/09,0,2000,-406000,-404000
2012/11/12,0,0,-3000,-3000
2012/11/13,0,11000,0,11000
2012/11/14,0,0,0,0
2012/11/15,0,0,-31000,-31000
2012/11/16,0,0,0,0
2012/11/19,0,0,0,0
2012/11/20,0,0,-251000,-251000
2012/11/21,0,0,0,0
2012/11/22,0,0,-1034000,-1034000
2012/11/23,0,57000,0,57000
2012/11/26,0,0,0,0
2012/11/27,0,0,-51000,-51000
2012/11/28,0,0,-85000,-85000
2012/11/29,0,500000,0,500000
2012/11/30,0,0,-15000,-15000
2012/12/03,0,0,0,0
2012/12/04,0,3000000,-7000,2993000
2012/12/05,0,0,-5000,-5000
2012/12/06,0,2143000,0,2143000
2012/12/07,0,3340000,0,3340000
2012/12/10,0,0,-99000,-99000
2012/12/11,0,0,0,0
2012/12/12,0,0,0,0
2012/12/13,0,0,-761000,-761000
2012/12/14,0,303000,-238000,65000
2012/12/17,0,321000,-303000,18000
2012/12/18,0,0,-56000,-56000
2012/12/19,0,0,0,0
2012/12/20,0,0,-8493000,-8493000
2012/12/21,0,0,-244000,-244000
2012/12/24,0,0,0,0
2012/12/25,0,0,0,0
2012/12/26,0,0,0,0
2012/12/27,0,0,0,0
2012/12/28,0,152000,-1674000,-1522000
2012/12/31,0,0,0,0
2013/01/01,0,0,0,0
2013/01/02,0,0,0,0
2013/01/03,0,1118000,-18000,1100000
2013/01/04,0,1806000,-39000,1767000
2013/01/07,0,0,-274000,-274000
2013/01/08,0,793000,0,793000
2013/01/09,0,220000,-54000,166000
2013/01/10,0,0,0,0
2013/01/11,0,1000,-25000,-24000
2013/01/14,0,0,0,0
2013/01/15,0,0,-516000,-516000
2013/01/16,0,0,-60000,-60000
2013/01/17,0,0,-57513,-57513
2013/01/18,0,0,-39000,-39000
2013/01/21,0,0,-292000,-292000
2013/01/22,0,0,-26000,-26000
2013/01/23,0,0,-14000,-14000
2013/01/24,0,9000,-44000,-35000
2013/01/25,0,0,-4206000,-4206000
2013/01/28,0,0,0,0
2013/01/29,0,0,-1000,-1000
2013/01/30,0,0,0,0
2013/01/31,0,11000,-17000,-6000
2013/02/01,0,0,-857000,-857000
2013/02/04,0,0,-182000,-182000
2013/02/05,0,0,-1818000,-1818000
2013/02/06,0,7000,-108000,-101000
2013/02/07,0,0,0,0
2013/02/08,0,0,0,0
2013/02/11,0,0,0,0
2013/02/12,0,0,0,0
2013/02/13,0,0,0,0
2013/02/14,0,0,0,0
2013/02/15,0,0,0,0
2013/02/18,0,0,-1188000,-1188000
2013/02/19,0,0,-763000,-763000
2013/02/20,0,0,0,0
2013/02/21,0,0,-20000,-20000
2013/02/22,0,0,-3225000,-3225000
2013/02/25,0,0,-1500000,-1500000
2013/02/26,0,0,-8000,-8000
2013/02/27,0,0,0,0
2013/02/28,0,0,0,0
2013/03/01,0,0,-142000,-142000
2013/03/04,0,0,-300000,-300000
2013/03/05,0,3163000,0,3163000
2013/03/06,0,0,0,0
2013/03/07,0,2047000,0,2047000
2013/03/08,0,0,-3026000,-3026000
2013/03/11,0,0,-10000,-10000
2013/03/12,0,0,-20000,-20000
2013/03/13,0,0,-13000,-13000
2013/03/14,0,1060000,-30000,1030000
2013/03/15,0,3945000,-305000,3640000
2013/03/18,0,133000,-241000,-108000
2013/03/19,0,200000,-76000,124000
2013/03/20,0,0,-4000,-4000
2013/03/21,0,2000,0,2000
2013/03/22,0,0,-16000,-16000
2013/03/25,0,0,0,0
2013/03/26,0,0,0,0
2013/03/27,0,0,-155000,-155000
2013/03/28,0,0,0,0
2013/03/29,0,0,0,0
2013/04/01,0,0,-8000,-8000
2013/04/02,0,0,-31000,-31000
2013/04/03,0,0,0,0
2013/04/04,0,0,0,0
2013/04/05,0,0,0,0
2013/04/08,0,0,-18000,-18000
2013/04/09,0,0,-20000,-20000
2013/04/10,0,0,0,0
2013/04/11,0,19000,0,19000
2013/04/12,0,3098000,-4000,3094000
2013/04/15,0,0,-9000,-9000
2013/04/16,0,0,0,0
2013/04/17,0,0,-347000,-347000
2013/04/18,0,8000,0,8000
2013/04/19,0,34474,0,34474
2013/04/22,0,0,-775000,-775000
2013/04/23,0,1596000,-25000,1571000
2013/04/24,0,2371000,-5000,2366000
2013/04/25,0,888000,-22000,866000
2013/04/26,0,0,-15000,-15000
2013/04/29,0,352000,-28000,324000
2013/04/30,0,864000,0,864000
2013/05/01,0,0,0,0
2013/05/02,0,350000,-560000,-210000
2013/05/03,0,0,-32000,-32000
2013/05/06,0,0,-15000,-15000
2013/05/07,0,665000,0,665000
2013/05/08,0,2806000,0,2806000
2013/05/09,0,1926000,-4614000,-2688000
2013/05/10,0,3334000,-10540000,-7206000
2013/05/13,0,2539000,-3378000,-839000
2013/05/14,0,2473000,-4378000,-1905000
2013/05/15,0,859000,-2850000,-1991000
2013/05/16,0,7475000,0,7475000
2013/05/17,0,1062000,0,1062000
2013/05/20,0,2341000,-17000,2324000
2013/05/21,0,3269000,-16000,3253000
2013/05/22,0,2948000,-46000,2902000
2013/05/23,0,2887000,-7000,2880000
2013/05/24,0,435000,-72000,363000
2013/05/27,0,5350000,-19000,5331000
2013/05/28,0,4257000,0,4257000
2013/05/29,0,5518000,0,5518000
2013/05/30,0,210000,0,210000
2013/05/31,0,1208000,0,1208000
2013/06/03,0,1617000,0,1617000
2013/06/04,0,2091000,0,2091000
2013/06/05,0,3115000,0,3115000
2013/06/06,0,2840000,0,2840000
2013/06/07,0,3036000,0,3036000
2013/06/10,0,0,0,0
2013/06/11,0,3559000,0,3559000
2013/06/12,0,0,0,0
2013/06/13,0,220000,-52000,168000
2013/06/14,0,1531000,0,1531000
2013/06/17,0,1380000,0,1380000
2013/06/18,0,1580000,-92000,1488000
2013/06/19,0,314000,0,314000
2013/06/20,0,150000,0,150000
2013/06/21,0,32000,-490000,-458000
2013/06/24,0,6214000,-154000,6060000
2013/06/25,0,1659000,0,1659000
2013/06/26,0,3616000,-1032000,2584000
2013/06/27,0,8868000,-10000,8858000
2013/06/28,0,9776000,-900000,8876000
2013/07/01,0,10552000,-19000,10533000
2013/07/02,0,4476000,-94000,4382000
2013/07/03,0,4969000,0,4969000
2013/07/04,0,5976000,-3000,5973000
2013/07/05,0,5426000,0,5426000
2013/07/08,0,9029000,0,9029000
2013/07/09,0,2054000,0,2054000
2013/07/10,0,0,0,0
2013/07/11,0,470000,-9325,460675
2013/07/12,0,0,-13880000,-13880000
2013/07/15,0,567000,-435000,132000
2013/07/16,0,0,-1784000,-1784000
2013/07/17,0,302000,-3400000,-3098000
2013/07/18,0,314000,-2053000,-1739000
2013/07/19,0,1076000,-13122000,-12046000
2013/07/22,0,0,-2450000,-2450000
2013/07/23,0,2377000,-295000,2082000
2013/07/24,0,7000,-445000,-438000
2013/07/25,0,4000,-175000,-171000
2013/07/26,0,1802000,0,1802000
2013/07/29,0,412000,-2693000,-2281000
2013/07/30,0,2476000,-3348000,-872000
2013/07/31,0,38000,-966000,-928000
2013/08/01,0,0,-987000,-987000
2013/08/02,0,0,-2289000,-2289000
2013/08/05,0,0,-27000,-27000
2013/08/06,0,0,-1729000,-1729000
2013/08/07,0,0,-4206000,-4206000
2013/08/08,0,205000,-10123000,-9918000
2013/08/09,0,0,-912000,-912000
2013/08/12,0,0,-288000,-288000
2013/08/13,0,0,-7305000,-7305000
2013/08/14,0,19000,-3640000,-3621000
2013/08/15,0,163000,-3440000,-3277000
2013/08/16,0,12000,-4497000,-4485000
2013/08/19,0,21000,-933000,-912000
2013/08/20,0,2000,-562000,-560000
2013/08/21,0,0,0,0
2013/08/22,0,22000,-1650000,-1628000
2013/08/23,0,39000,0,39000
2013/08/26,0,61000,-270000,-209000
2013/08/27,0,0,-1724000,-1724000
2013/08/28,0,42000,-1600000,-1558000
2013/08/29,0,0,-2037000,-2037000
2013/08/30,0,0,-535000,-535000
2013/09/02,0,0,-500000,-500000
2013/09/03,0,0,-2662036,-2662036
2013/09/04,0,0,0,0
2013/09/05,0,0,-1802000,-1802000
2013/09/06,0,22000,0,22000
2013/09/09,0,463000,-6286000,-5823000
2013/09/10,0,3000,-4141000,-4138000
2013/09/11,0,63000,0,63000
2013/09/12,0,0,-203000,-203000
2013/09/13,0,0,-908000,-908000
2013/09/16,0,10000,-1216000,-1206000
2013/09/17,0,0,-1341000,-1341000
2013/09/18,0,320000,-2181000,-1861000
2013/09/19,0,0,0,0
2013/09/20,0,0,0,0
2013/09/23,0,0,-808000,-808000
2013/09/24,0,3400000,-233000,3167000
2013/09/25,0,3359000,0,3359000
2013/09/26,0,7000,0,7000
2013/09/27,0,10500000,-390000,10110000
2013/09/30,0,10000,-452000,-442000
2013/10/01,0,121000,-400000,-279000
2013/10/02,0,0,-12000,-12000
2013/10/03,0,221000,-173000,48000
2013/10/04,0,353000,-887000,-534000
2013/10/07,0,201000,-21000,180000
2013/10/08,0,200000,0,200000
2013/10/09,0,0,0,0
2013/10/10,0,0,0,0
2013/10/11,0,0,-376000,-376000
2013/10/14,0,2000000,0,2000000
2013/10/15,0,0,-500000,-500000
2013/10/16,0,0,0,0
2013/10/17,0,3000,0,3000
2013/10/18,0,0,0,0
2013/10/21,0,0,0,0
2013/10/22,0,300000,-27000,273000
2013/10/23,0,1000000,-21000,979000
2013/10/24,0,1000,-1000000,-999000
2013/10/25,0,0,0,0
2013/10/28,0,0,-97000,-97000
2013/10/29,0,0,-4000,-4000
2013/10/30,0,0,0,0
2013/10/31,0,23000,-600000,-577000
2013/11/01,0,1000,-103000,-102000
2013/11/04,0,0,-3604000,-3604000
2013/11/05,0,0,-805000,-805000
2013/11/06,0,0,-3381000,-3381000
2013/11/07,0,0,0,0
2013/11/08,0,0,0,0
2013/11/11,0,0,0,0
2013/11/12,0,1000,0,1000
2013/11/13,0,0,-70000,-70000
2013/11/14,0,0,-400000,-400000
2013/11/15,0,0,-736000,-736000
2013/11/18,0,0,-2050000,-2050000
2013/11/19,0,0,-2500000,-2500000
2013/11/20,0,0,-2100000,-2100000
2013/11/21,0,0,-5000,-5000
2013/11/22,0,1000,-350000,-349000
2013/11/25,0,9661,-1485000,-1475339
2013/11/26,0,0,-352000,-352000
2013/11/27,0,0,-600000,-600000
2013/11/28,0,0,0,0
2013/11/29,0,0,0,0
2013/12/02,0,0,-850000,-850000
2013/12/03,0,0,-1800000,-1800000
2013/12/04,0,0,-1419000,-1419000
2013/12/05,0,0,-750000,-750000
2013/12/06,0,0,-3900000,-3900000
2013/12/09,0,1576000,-1000000,576000
2013/12/10,0,904000,-40000,864000
2013/12/11,0,0,-500000,-500000
2013/12/12,0,0,0,0
2013/12/13,0,509000,0,509000
2013/12/16,0,0,-120000,-120000
2013/12/17,0,0,-93000,-93000
2013/12/18,0,0,-497000,-497000
2013/12/19,0,0,0,0
2013/12/20,0,7493000,-11000,7482000
2013/12/23,0,300000,0,300000
2013/12/24,0,888000,-535000,353000
2013/12/25,0,0,-8332000,-8332000
2013/12/26,0,211000,-3002000,-2791000
2013/12/27,0,22000,0,22000
2013/12/30,0,2196000,-55000,2141000
2013/12/31,0,0,-5010000,-5010000
2014/01/02,0,0,-67000,-67000
2014/01/03,0,0,0,0
2014/01/06,0,1282000,-27000,1255000
2014/01/07,0,1935000,-31000,1904000
2014/01/08,0,0,-1000,-1000
2014/01/09,0,6700000,0,6700000
2014/01/10,0,30000,0,30000
2014/01/13,0,3200000,-479000,2721000
2014/01/14,0,9000,0,9000
2014/01/15,0,5000000,-416000,4584000
2014/01/16,0,0,-2055000,-2055000
2014/01/17,0,0,-6602000,-6602000
2014/01/20,0,1700000,-629000,1071000
2014/01/21,0,0,-762000,-762000
2014/01/22,0,0,-23000,-23000
2014/01/23,0,0,-211000,-211000
2014/01/24,0,0,-10000,-10000
2014/01/27,0,215000,-1695000,-1480000
2014/02/05,0,0,-460000,-460000
2014/02/06,0,0,0,0
2014/02/07,0,0,0,0
2014/02/10,0,14000,-193000,-179000
2014/02/11,0,0,-4000,-4000
2014/02/12,0,0,0,0
2014/02/13,0,2000,-36000,-34000
2014/02/14,0,512,0,512
2014/02/17,0,0,0,0
2014/02/18,0,0,-1000,-1000
2014/02/19,0,242000,0,242000
2014/02/20,0,115000,0,115000
2014/02/21,0,0,-14000,-14000
2014/02/24,0,0,0,0
2014/02/25,0,0,0,0
2014/02/26,0,0,-264000,-264000
2014/02/27,0,2000,-195000,-193000
2014/03/03,0,0,-168000,-168000
2014/03/04,0,0,0,0
2014/03/05,0,5094000,0,5094000
2014/03/06,0,0,-4000,-4000
2014/03/07,0,0,-785000,-785000
2014/03/10,0,0,-2827000,-2827000
2014/03/11,0,0,-914000,-914000
2014/03/12,0,0,-1083000,-1083000
2014/03/13,0,159000,-51000,108000
2014/03/14,0,0,-705000,-705000
2014/03/17,0,0,-5000,-5000
2014/03/18,0,0,0,0
2014/03/19,0,0,-580000,-580000
2014/03/20,0,2000000,-847000,1153000
2014/03/21,0,0,-6598000,-6598000
2014/03/24,0,0,-669059,-669059
2014/03/25,0,500000,-239000,261000
2014/03/26,0,20000,0,20000
2014/03/27,0,0,-361000,-361000
2014/03/28,0,0,-8000,-8000
2014/03/31,0,0,0,0
2014/04/01,0,0,-114000,-114000
2014/04/02,0,0,0,0
2014/04/03,0,0,-196000,-196000
2014/04/07,0,0,-541000,-541000
2014/04/08,0,0,-781000,-781000
2014/04/09,0,0,-449000,-449000
2014/04/10,0,38554,0,38554
2014/04/11,0,1000000,-890000,110000
2014/04/14,0,0,-359000,-359000
2014/04/15,0,0,-1890000,-1890000
2014/04/16,0,500000,-2000,498000
2014/04/17,0,0,-4000,-4000
2014/04/18,0,0,-4000,-4000
2014/04/21,0,16000,-4000,12000
2014/04/22,0,0,-7889000,-7889000
2014/04/23,0,0,-1925000,-1925000
2014/04/24,0,0,0,0
2014/04/25,0,0,0,0
2014/04/28,0,0,0,0
2014/04/29,0,0,-1000,-1000
2014/04/30,0,36000,0,36000
2014/05/02,0,0,-1855000,-1855000
2014/05/05,0,0,-1574000,-1574000
2014/05/06,0,0,-1542000,-1542000
2014/05/07,0,0,-1758000,-1758000
2014/05/08,0,21000,0,21000
2014/05/09,0,3292000,-5000,3287000
2014/05/12,0,827000,-1103000,-276000
2014/05/13,0,0,-3000,-3000
2014/05/14,0,575000,0,575000
2014/05/15,0,107000,0,107000
2014/05/16,0,0,-32000,-32000
2014/05/19,0,0,-7000,-7000
2014/05/20,0,0,0,0
2014/05/21,0,0,-1000,-1000
2014/05/22,0,0,0,0
2014/05/23,0,0,-629000,-629000
2014/05/26,0,0,-584000,-584000
2014/05/27,0,0,-1585000,-1585000
2014/05/28,0,1819000,0,1819000
2014/05/29,0,1251000,-560000,691000
2014/05/30,0,0,-12000,-12000
2014/06/03,0,27000,0,27000
2014/06/04,0,0,0,0
2014/06/05,0,0,0,0
2014/06/06,0,16000,-1524000,-1508000
2014/06/09,0,0,-44000,-44000
2014/06/10,0,866000,-8000,858000
2014/06/11,0,1863000,0,1863000
2014/06/12,0,64000,-40000,24000
2014/06/13,0,9460000,-5000,9455000
2014/06/16,0,1122000,-43000,1079000
2014/06/17,0,3129000,0,3129000
2014/06/18,0,906000,0,906000
2014/06/19,0,670000,0,670000
2014/06/20,0,252000,-2245000,-1993000
2014/06/23,0,100000,0,100000
2014/06/24,0,0,-106000,-106000
2014/06/25,0,4257000,-17000,4240000
2014/06/26,0,7805000,0,7805000
2014/06/27,0,100000,0,100000
2014/06/30,0,400000,-99000,301000
2014/07/01,0,5835000,0,5835000
2014/07/02,0,10318000,-581942,9736058
2014/07/03,0,5513000,-737000,4776000
2014/07/04,0,6017000,0,6017000
2014/07/07,0,1243000,0,1243000
2014/07/08,0,582000,-11000,571000
2014/07/09,0,0,-150000,-150000
2014/07/10,0,860000,0,860000
2014/07/11,0,348000,-2499000,-2151000
2014/07/14,0,4789000,-145000,4644000
2014/07/15,0,1600000,-106000,1494000
2014/07/16,0,385000,0,385000
2014/07/17,0,1082000,-2041000,-959000
2014/07/18,0,900000,-18000,882000
2014/07/21,0,1364000,-10000,1354000
2014/07/22,0,62000,-114000,-52000
2014/07/23,0,0,0,0
2014/07/24,0,47000,-519000,-472000
2014/07/25,0,20000,0,20000
2014/07/28,0,0,-2984000,-2984000
2014/07/29,0,19000,-5600000,-5581000
2014/07/30,0,138000,-5096000,-4958000
2014/07/31,0,165000,-10013000,-9848000
2014/08/01,0,92000,-9373000,-9281000
2014/08/04,0,0,-1002000,-1002000
2014/08/05,0,0,-4449000,-4449000
2014/08/06,0,31000,-350000,-319000
2014/08/07,0,188000,-150000,38000
2014/08/08,0,164000,-3550000,-3386000
2014/08/11,0,2760000,0,2760000
2014/08/12,0,50000,-3345000,-3295000
2014/08/13,0,25000,-200000,-175000
2014/08/14,0,71000,-300000,-229000
2014/08/15,0,31000,-638000,-607000
2014/08/18,0,6000,0,6000
2014/08/19,0,23000,-875000,-852000
2014/08/20,0,14000,0,14000
2014/08/21,0,93000,0,93000
2014/08/22,0,0,0,0
2014/08/25,0,1000,0,1000
2014/08/26,0,5000,-1025000,-1020000
2014/08/27,0,944000,0,944000
2014/08/28,0,130000,0,130000
2014/08/29,0,35000,0,35000
2014/09/01,0,0,0,0
2014/09/02,0,0,-250000,-250000
2014/09/03,0,64000,-1000000,-936000
2014/09/04,0,1101000,0,1101000
2014/09/05,0,59000,-500000,-441000
2014/09/09,0,0,-1000000,-1000000
2014/09/10,0,0,-785000,-785000
2014/09/11,0,105000,-2074000,-1969000
2014/09/12,0,87000,-1000000,-913000
2014/09/15,0,27000,0,27000
2014/09/16,0,46000,-4509000,-4463000
2014/09/17,0,40000,0,40000
2014/09/18,0,0,0,0
2014/09/19,0,0,-45000,-45000
2014/09/22,0,75933,-600000,-524067
2014/09/23,0,9000,-217000,-208000
2014/09/24,0,13000,-150000,-137000
2014/09/25,0,0,0,0
2014/09/26,0,0,0,0
2014/09/29,0,0,0,0
2014/09/30,0,112000,0,112000
2014/10/01,0,0,0,0
2014/10/02,0,5000,-195000,-190000
2014/10/03,0,0,-160000,-160000
2014/10/06,0,487000,0,487000
2014/10/07,0,23000,0,23000
2014/10/08,0,7000,0,7000
2014/10/09,0,0,-4000,-4000
2014/10/13,0,0,-717000,-717000
2014/10/14,0,0,-326000,-326000
2014/10/15,0,17000,-1400000,-1383000
2014/10/16,0,101000,-4104000,-4003000
2014/10/17,0,12000,0,12000
2014/10/20,0,2369000,0,2369000
2014/10/21,0,23000,0,23000
2014/10/22,0,2263000,0,2263000
2014/10/23,0,34000,0,34000
2014/10/24,0,0,0,0
2014/10/27,0,701000,-4000,697000
2014/10/28,0,70000,-1000000,-930000
2014/10/29,0,11000,0,11000
2014/10/30,0,836000,-1420000,-584000
2014/10/31,0,0,-13000,-13000
2014/11/03,0,2380000,-12000,2368000
2014/11/04,0,0,-5280000,-5280000
2014/11/05,0,421000,-1000000,-579000
2014/11/06,0,126000,-1420000,-1294000
2014/11/07,0,271000,-54000,217000
2014/11/10,0,3000000,0,3000000
2014/11/11,0,94000,0,94000
2014/11/12,0,44000,0,44000
2014/11/13,0,266000,-1000000,-734000
2014/11/14,0,0,-2163000,-2163000
2014/11/17,0,0,-105000,-105000
2014/11/18,0,1000,0,1000
2014/11/19,0,46000,0,46000
2014/11/20,0,4484000,0,4484000
2014/11/21,0,9422000,0,9422000
2014/11/24,0,300000,0,300000
2014/11/25,0,32000,-2000,30000
2014/11/26,0,255000,-5000,250000
2014/11/27,0,0,-6000,-6000
2014/11/28,0,0,0,0
2014/12/01,0,0,0,0
2014/12/02,0,0,-2000000,-2000000
2014/12/03,0,266000,-54000,212000
2014/12/04,0,864000,0,864000
2014/12/05,0,300000,-560000,-260000
2014/12/08,0,0,-48000,-48000
2014/12/09,0,738000,0,738000
2014/12/10,0,580000,-30000,550000
2014/12/11,0,5505,-1700000,-1694495
2014/12/12,0,27000,0,27000
2014/12/15,0,1002000,0,1002000
2014/12/16,0,1700000,-14000,1686000
2014/12/17,0,0,0,0
2014/12/18,0,0,0,0
2014/12/19,0,8866000,-4000,8862000
2014/12/22,0,2400000,0,2400000
2014/12/23,0,2863000,0,2863000
2014/12/24,0,1384000,0,1384000
2014/12/25,0,0,0,0
2014/12/26,0,766000,0,766000
2014/12/29,0,0,-21000,-21000
2014/12/30,0,0,-579000,-579000
2014/12/31,0,0,-2000,-2000
2015/01/01,0,0,0,0
2015/01/02,0,0,0,0
2015/01/05,0,2972000,0,2972000
2015/01/06,0,2002000,-750000,1252000
2015/01/07,0,369000,-27000,342000
2015/01/08,0,544000,0,544000
2015/01/09,0,10856000,0,10856000
2015/01/12,0,7898000,0,7898000
2015/01/13,0,4196000,-1130000,3066000
2015/01/14,0,1199000,-10000,1189000
2015/01/15,0,353000,-442000,-89000
2015/01/16,0,0,-8868000,-8868000
2015/01/19,0,178000,-1000,177000
2015/01/20,0,492000,0,492000
2015/01/21,0,0,-18000,-18000
2015/01/22,0,4287000,-1186000,3101000
2015/01/23,0,5838000,-3110000,2728000
2015/01/26,0,600000,0,600000
2015/01/27,0,0,0,0
2015/01/28,0,20000,-679000,-659000
2015/01/29,0,3385000,-780000,2605000
2015/01/30,0,669000,-529000,140000
2015/02/02,0,2409000,-3253000,-844000
2015/02/03,0,320000,0,320000
2015/02/04,0,1478000,0,1478000
2015/02/05,0,0,-44000,-44000
2015/02/06,0,1545000,-8000,1537000
2015/02/09,0,0,-256000,-256000
2015/02/10,0,0,-398000,-398000
2015/02/11,0,300000,-1278000,-978000
2015/02/12,0,3369000,-11000,3358000
2015/02/13,0,4000,-195000,-191000
2015/02/16,0,0,0,0
2015/02/17,0,0,0,0
2015/02/18,0,0,0,0
2015/02/19,0,0,0,0
2015/02/20,0,0,0,0
2015/02/23,0,0,0,0
2015/02/24,0,0,0,0
2015/02/25,0,0,-71000,-71000
2015/02/26,0,2850000,-14000,2836000
2015/02/27,0,0,0,0
2015/03/02,0,145000,0,145000
2015/03/03,0,0,-1242000,-1242000
2015/03/04,0,0,-1370000,-1370000
2015/03/05,0,0,-2964000,-2964000
2015/03/06,0,55000,-1484000,-1429000
2015/03/09,0,600000,-900000,-300000
2015/03/10,0,0,-250000,-250000
2015/03/11,0,30000,0,30000
2015/03/12,0,0,-544443,-544443
2015/03/13,0,0,-975000,-975000
2015/03/16,0,81000,-4600000,-4519000
2015/03/17,0,0,-1000000,-1000000
2015/03/18,0,0,-4633000,-4633000
2015/03/19,0,0,-3451000,-3451000
2015/03/20,0,5000,-2866000,-2861000
2015/03/23,0,0,-3649000,-3649000
2015/03/24,0,0,-181000,-181000
2015/03/25,0,0,-3757000,-3757000
2015/03/26,0,0,-2088000,-2088000
2015/03/27,0,0,-1600000,-1600000
2015/03/30,0,0,0,0
2015/03/31,0,0,-42000,-42000
2015/04/01,0,100000,0,100000
2015/04/02,0,50000,-146000,-96000
2015/04/03,0,0,0,0
2015/04/06,0,0,0,0
2015/04/07,0,0,0,0
2015/04/08,0,0,-177000,-177000
2015/04/09,0,0,-1500000,-1500000
2015/04/10,0,0,0,0
2015/04/13,0,0,-208000,-208000
2015/04/14,0,0,-2779000,-2779000
2015/04/15,0,49000,-14876000,-14827000
2015/04/16,0,0,-310000,-310000
2015/04/17,0,0,-4410000,-4410000
2015/04/20,0,0,-3012000,-3012000
2015/04/21,0,0,-370000,-370000
2015/04/22,0,0,0,0
2015/04/23,0,1797000,-5000000,-3203000
2015/04/24,0,0,-5000,-5000
2015/04/27,0,509000,0,509000
2015/04/28,0,0,-96000,-96000
2015/04/29,0,1612000,-21000,1591000
2015/04/30,0,0,-4000,-4000
2015/05/01,0,0,0,0
2015/05/04,0,0,0,0
2015/05/05,0,0,-3809000,-3809000
2015/05/06,0,0,-160000,-160000
2015/05/07,0,0,0,0
2015/05/08,0,0,0,0
2015/05/11,0,5000,0,5000
2015/05/12,0,0,0,0
2015/05/13,0,0,-1200000,-1200000
2015/05/14,0,8000,0,8000
2015/05/15,0,0,-2033000,-2033000
2015/05/18,0,0,-980000,-980000
2015/05/19,0,0,-23000,-23000
2015/05/20,0,14000,-80000,-66000
2015/05/21,0,0,0,0
2015/05/22,0,0,0,0
2015/05/25,0,0,0,0
2015/05/26,0,0,0,0
2015/05/27,0,0,-70000,-70000
2015/05/28,0,282000,0,282000
2015/05/29,0,0,-82000,-82000
2015/06/01,0,0,0,0
2015/06/02,0,0,0,0
2015/06/03,0,0,0,0
2015/06/04,0,0,-3749,-3749
2015/06/05,0,0,-18000,-18000
2015/06/08,0,0,0,0
2015/06/09,0,0,0,0
2015/06/10,0,13000,-29000,-16000
2015/06/11,0,0,0,0
2015/06/12,0,0,-18000,-18000
2015/06/15,0,0,-75000,-75000
2015/06/16,0,0,0,0
2015/06/17,0,0,0,0
2015/06/18,0,1166000,-19000,1147000
2015/06/19,0,0,0,0
2015/06/22,0,689000,-49000,640000
2015/06/23,0,2181000,0,2181000
2015/06/24,0,366000,-108000,258000
2015/06/25,0,0,-14000,-14000
2015/06/26,0,366000,-6000,360000
2015/06/29,0,0,-3000,-3000
2015/06/30,0,1009000,0,1009000
2015/07/01,0,0,0,0
2015/07/02,0,0,0,0
2015/07/03,0,0,0,0
2015/07/06,0,0,0,0
2015/07/07,0,0,0,0
2015/07/08,0,0,-984000,-984000
2015/07/09,0,757000,-1133000,-376000
2015/07/10,0,0,0,0
2015/07/13,0,0,-3000,-3000
2015/07/14,0,0,0,0
2015/07/15,0,882000,0,882000
2015/07/16,0,0,0,0
2015/07/17,0,104000,0,104000
2015/07/20,0,0,0,0
2015/07/21,0,7000,0,7000
2015/07/22,0,0,-1266000,-1266000
2015/07/23,0,102000,0,102000
2015/07/24,0,250000,-2006000,-1756000
2015/07/27,0,0,0,0
2015/07/28,0,205000,-297000,-92000
2015/07/29,0,82000,0,82000
2015/07/30,0,633000,0,633000
2015/07/31,0,13000,0,13000
2015/08/03,0,284000,-750000,-466000
2015/08/04,0,169000,-470000,-301000
2015/08/05,0,960000,0,960000
2015/08/06,0,161000,0,161000
2015/08/07,0,218000,0,218000
2015/08/10,0,204000,0,204000
2015/08/11,0,15000,0,15000
2015/08/12,0,260000,0,260000
2015/08/13,0,1653000,-508000,1145000
2015/08/14,0,0,0,0
2015/08/17,0,10000,0,10000
2015/08/18,0,2000,-750000,-748000
2015/08/19,0,6000,0,6000
2015/08/20,0,7000,-1050000,-1043000
2015/08/21,0,0,-2000000,-2000000
2015/08/24,0,1625000,0,1625000
2015/08/25,0,7058,0,7058
2015/08/26,0,196000,0,196000
2015/08/27,0,1000,0,1000
2015/08/28,0,3000,0,3000
2015/08/31,0,2000,-105000,-103000
2015/09/01,0,142000,-163000,-21000
2015/09/02,0,288000,0,288000
2015/09/03,0,128000,0,128000
2015/09/04,0,605000,-1630000,-1025000
2015/09/07,0,99000,-1800000,-1701000
2015/09/08,0,43000,0,43000
2015/09/09,0,134000,0,134000
2015/09/10,0,0,0,0
2015/09/11,0,45000,0,45000
2015/09/14,0,20000,0,20000
2015/09/15,0,23000,0,23000
2015/09/16,0,0,0,0
2015/09/17,0,0,0,0
2015/09/18,0,4000,-1668000,-1664000
2015/09/21,0,79000,-1200000,-1121000
2015/09/22,0,3908,-8000,-4092
2015/09/23,0,0,-1573000,-1573000
2015/09/24,0,0,0,0
2015/09/25,0,1000,0,1000
2015/09/28,0,0,0,0
2015/09/29,0,0,0,0
2015/09/30,0,0,0,0
2015/10/01,0,27000,-80000,-53000
2015/10/02,0,127000,0,127000
2015/10/05,0,7000,0,7000
2015/10/06,0,7000,0,7000
2015/10/07,0,14000,-1561000,-1547000
2015/10/08,0,0,0,0
2015/10/09,0,0,0,0
2015/10/12,0,0,0,0
2015/10/13,0,0,0,0
2015/10/14,0,0,-1235000,-1235000
2015/10/15,0,9865000,0,9865000
2015/10/16,0,28000,0,28000
2015/10/19,0,1150000,0,1150000
2015/10/20,0,600000,0,600000
2015/10/21,0,0,0,0
2015/10/22,0,0,0,0
2015/10/23,0,0,-181000,-181000
2015/10/26,0,1456000,0,1456000
2015/10/27,0,0,0,0
2015/10/28,0,0,0,0
2015/10/29,0,211000,-4000,207000
2015/10/30,0,1000000,-1000,999000
2015/11/02,0,0,-1697000,-1697000
2015/11/03,0,25000,-300000,-275000
2015/11/04,0,151000,-2115000,-1964000
2015/11/05,0,2000,-400000,-398000
2015/11/06,0,0,0,0
2015/11/09,0,88000,0,88000
2015/11/10,0,0,0,0
2015/11/11,0,0,0,0
2015/11/12,0,0,0,0
2015/11/13,0,0,-1000,-1000
2015/11/16,0,0,0,0
2015/11/17,0,5659000,0,5659000
2015/11/18,0,10348000,0,10348000
2015/11/19,0,5085000,-156000,4929000
2015/11/20,0,3583000,-500000,3083000
2015/11/23,0,5000000,-7000,4993000
2015/11/24,0,0,0,0
2015/11/25,0,0,0,0
2015/11/26,0,1800000,0,1800000
2015/11/27,0,0,-1609000,-1609000
2015/11/30,0,3263000,0,3263000
2015/12/01,0,1100000,-1000,1099000
2015/12/02,0,943000,0,943000
2015/12/03,0,1533000,-93000,1440000
2015/12/04,0,7000000,0,7000000
2015/12/07,0,2000000,0,2000000
2015/12/08,0,1650000,0,1650000
2015/12/09,0,1000,0,1000
2015/12/10,0,0,0,0
2015/12/11,0,2910000,0,2910000
2015/12/14,0,663000,-5083,657917
2015/12/15,0,0,0,0
2015/12/16,0,1432000,0,1432000
2015/12/17,0,2188000,0,2188000
2015/12/18,0,898000,-52000,846000
2015/12/21,0,3300000,0,3300000
2015/12/22,0,2315000,-8000,2307000
2015/12/23,0,6500000,0,6500000
2015/12/24,0,504000,0,504000
2015/12/25,0,200000,0,200000
2015/12/28,0,200000,-207000,-7000
2015/12/29,0,0,-258000,-258000
2015/12/30,0,0,0,0
2015/12/31,0,3000000,0,3000000
2016/01/01,0,0,0,0
2016/01/04,0,0,-153000,-153000
2016/01/05,0,1000000,-24000,976000
2016/01/06,0,1000,-300000,-299000
2016/01/07,0,0,-360000,-360000
2016/01/08,0,0,0,0
2016/01/11,0,0,0,0
2016/01/12,0,0,-4000,-4000
2016/01/13,0,0,-4000,-4000
2016/01/14,0,0,0,0
2016/01/15,0,0,-62000,-62000
2016/01/18,0,0,0,0
2016/01/19,0,0,-19000,-19000
2016/01/20,0,0,-63000,-63000
2016/01/21,0,0,0,0
2016/01/22,0,0,0,0
2016/01/25,0,0,-841000,-841000
2016/01/26,0,1800000,-700000,1100000
2016/01/27,0,887000,0,887000
2016/01/28,0,1728000,0,1728000
2016/01/29,0,866000,0,866000
2016/02/01,0,0,-2757000,-2757000
2016/02/02,0,0,-5993000,-5993000
2016/02/03,0,635000,0,635000
2016/02/04,0,0,0,0
2016/02/05,0,0,0,0
2016/02/08,0,0,0,0
2016/02/09,0,0,0,0
2016/02/10,0,0,0,0
2016/02/11,0,0,0,0
2016/02/12,0,0,0,0
2016/02/15,0,0,-689,-689
2016/02/16,0,378000,0,378000
2016/02/17,0,83000,0,83000
2016/02/18,0,750000,0,750000
2016/02/19,0,365000,-973000,-608000
2016/02/22,0,0,0,0
2016/02/23,0,0,0,0
2016/02/24,0,270000,0,270000
2016/02/25,0,630000,0,630000
2016/02/26,0,172000,-6075000,-5903000
2016/02/29,0,0,0,0
2016/03/01,0,262000,0,262000
2016/03/02,0,133000,-6000,127000
2016/03/03,0,0,0,0
2016/03/04,0,0,-400000,-400000
2016/03/07,0,0,0,0
2016/03/08,0,59000,-588000,-529000
2016/03/09,0,196000,-65000,131000
2016/03/10,0,0,-1632000,-1632000
2016/03/11,0,0,0,0
2016/03/14,0,0,0,0
2016/03/15,0,0,0,0
2016/03/16,0,0,-431000,-431000
2016/03/17,0,0,0,0
2016/03/18,0,108000,-3000,105000
2016/03/21,0,0,-113000,-113000
2016/03/22,0,0,-431000,-431000
2016/03/23,0,0,0,0
2016/03/24,0,0,0,0
2016/03/25,0,0,-191000,-191000
2016/03/28,0,0,-2100000,-2100000
2016/03/29,0,0,-1478000,-1478000
2016/03/30,0,0,-4124000,-4124000
2016/03/31,0,0,-320000,-320000
2016/04/01,0,0,-358000,-358000
2016/04/04,0,0,0,0
2016/04/05,0,0,0,0
2016/04/06,0,0,0,0
2016/04/07,0,0,-1617000,-1617000
2016/04/08,0,0,-10307000,-10307000
2016/04/11,0,0,-3513000,-3513000
2016/04/12,0,3000,-125000,-122000
2016/04/13,0,0,-231000,-231000
2016/04/14,0,0,0,0
2016/04/15,0,731000,-932000,-201000
2016/04/18,0,0,0,0
2016/04/19,0,0,-69000,-69000
2016/04/20,0,272000,0,272000
2016/04/21,0,0,0,0
2016/04/22,0,0,0,0
2016/04/25,0,0,-2000,-2000
2016/04/26,0,0,0,0
2016/04/27,0,0,0,0
2016/04/28,0,0,-9116000,-9116000
2016/04/29,0,0,-3108000,-3108000
2016/05/02,0,0,0,0
2016/05/03,0,0,-1289000,-1289000
2016/05/04,0,0,-846000,-846000
2016/05/05,0,0,-2470000,-2470000
2016/05/06,0,0,0,0
2016/05/09,0,0,0,0
2016/05/10,0,3388,-402000,-398612
2016/05/11,0,0,-490000,-490000
2016/05/12,0,0,0,0
2016/05/13,0,0,0,0
2016/05/16,0,0,0,0
2016/05/17,0,0,0,0
2016/05/18,0,0,-1702000,-1702000
2016/05/19,0,0,0,0
2016/05/20,0,0,0,0
2016/05/23,0,0,0,0
2016/05/24,0,0,0,0
2016/05/25,0,0,0,0
2016/05/26,0,0,0,0
2016/05/27,0,0,0,0
2016/05/30,0,0,0,0
2016/05/31,0,0,-5000,-5000
2016/06/01,0,0,0,0
2016/06/02,0,0,0,0
2016/06/03,0,0,-1000,-1000
2016/06/06,0,0,0,0
2016/06/07,0,0,0,0
2016/06/08,0,0,0,0
2016/06/09,0,0,0,0
2016/06/10,0,0,0,0
2016/06/13,0,0,-59000,-59000
2016/06/14,0,0,0,0
2016/06/15,0,0,0,0
2016/06/16,0,0,-47000,-47000
2016/06/17,0,0,-148000,-148000
2016/06/20,0,0,-24000,-24000
2016/06/21,0,0,0,0
2016/06/22,0,0,0,0
2016/06/23,0,0,0,0
2016/06/24,0,35000,-58000,-23000
2016/06/27,0,33000,0,33000
2016/06/28,0,4000,0,4000
2016/06/29,0,0,0,0
2016/06/30,0,0,0,0
2016/07/01,0,0,-111000,-111000
2016/07/04,0,0,0,0
2016/07/05,0,0,-101000,-101000
2016/07/06,0,0,-106000,-106000
2016/07/07,0,0,0,0
2016/07/08,0,0,0,0
2016/07/11,0,0,0,0
2016/07/12,0,0,0,0
2016/07/13,0,0,0,0
2016/07/14,0,0,-2000,-2000
2016/07/15,0,0,0,0
2016/07/18,0,0,0,0
2016/07/19,0,22000,-4000,18000
2016/07/20,0,104000,-18000,86000
2016/07/21,0,5000,-25000,-20000
2016/07/22,0,186000,-23000,163000
2016/07/25,0,492000,0,492000
2016/07/26,0,163000,0,163000
2016/07/27,0,0,-5000,-5000
2016/07/28,0,0,-2587000,-2587000
2016/07/29,0,2000,-750942,-748942
2016/08/01,0,0,0,0
2016/08/02,0,0,-13000,-13000
2016/08/03,0,35000,-11000,24000
2016/08/04,0,67000,-2000,65000
2016/08/05,0,0,-6000,-6000
2016/08/08,0,3000,-9000,-6000
2016/08/09,0,1000,-2000,-1000
2016/08/10,0,0,0,0
2016/08/11,0,0,-3000,-3000
2016/08/12,0,3000,-8000,-5000
2016/08/15,0,0,0,0
2016/08/16,0,533000,-12000,521000
2016/08/17,0,6000,0,6000
2016/08/18,0,0,-5000,-5000
2016/08/19,0,0,-350000,-350000
2016/08/22,0,0,0,0
2016/08/23,0,0,-3000,-3000
2016/08/24,0,0,-9000,-9000
2016/08/25,0,39000,-4000,35000
2016/08/26,0,5000,0,5000
2016/08/29,0,0,-2000,-2000
2016/08/30,0,82000,-4000,78000
2016/08/31,0,1000,0,1000
2016/09/01,0,251000,0,251000
2016/09/02,0,0,0,0
2016/09/05,0,0,-8000,-8000
2016/09/06,0,0,0,0
2016/09/07,0,26000,0,26000
2016/09/08,0,0,-16000,-16000
2016/09/09,0,3000,0,3000
2016/09/12,0,0,0,0
2016/09/13,0,1000,0,1000
2016/09/14,0,157000,-3000,154000
2016/09/15,0,0,0,0
2016/09/16,0,0,0,0
2016/09/19,0,0,0,0
2016/09/20,0,0,0,0
2016/09/21,0,0,0,0
2016/09/22,0,374000,0,374000
2016/09/23,0,0,0,0
2016/09/26,0,0,0,0
2016/09/27,0,0,0,0
2016/09/28,0,0,0,0
2016/09/29,0,0,0,0
2016/09/30,0,158788,0,158788
2016/10/03,0,385000,0,385000
2016/10/04,0,0,0,0
2016/10/05,0,0,0,0
2016/10/06,0,192000,0,192000
2016/10/07,0,0,0,0
2016/10/10,0,0,0,0
2016/10/11,0,4000,0,4000
2016/10/12,0,0,0,0
2016/10/13,0,3000,0,3000
2016/10/14,0,0,0,0
2016/10/17,0,84000,0,84000
2016/10/18,0,0,0,0
2016/10/19,0,0,0,0
2016/10/20,0,168000,0,168000
2016/10/21,0,116000,0,116000
2016/10/24,0,0,0,0
2016/10/25,0,0,0,0
2016/10/26,0,0,0,0
2016/10/27,0,0,0,0
2016/10/28,0,0,0,0
2016/10/31,0,0,0,0
2016/11/01,0,0,-4000,-4000
2016/11/02,0,0,-889,-889
2016/11/03,0,0,-2000,-2000
2016/11/04,0,2000,0,2000
2016/11/07,0,0,0,0
2016/11/08,0,0,0,0
2016/11/09,0,0,0,0
2016/11/10,0,0,0,0
2016/11/11,0,0,-94000,-94000
2016/11/14,0,0,0,0
2016/11/15,0,0,0,0
2016/11/16,0,0,0,0
2016/11/17,0,0,0,0
2016/11/18,0,0,0,0
2016/11/21,0,0,0,0
2016/11/22,0,0,0,0
2016/11/23,0,0,0,0
2016/11/24,0,0,0,0
2016/11/25,0,0,0,0
2016/11/28,0,0,0,0
2016/11/29,0,5000,-130000,-125000
2016/11/30,0,0,-4000,-4000
2016/12/01,0,0,0,0
2016/12/02,0,0,0,0
2016/12/05,0,0,0,0
2016/12/06,0,0,0,0
2016/12/07,0,0,0,0
2016/12/08,0,0,0,0
2016/12/09,0,0,0,0
2016/12/12,0,0,0,0
2016/12/13,0,0,0,0
2016/12/14,0,0,0,0
2016/12/15,0,0,0,0
2016/12/16,0,0,-4000,-4000
2016/12/19,0,0,0,0
2016/12/20,0,0,0,0
2016/12/21,0,0,0,0
2016/12/22,0,0,0,0
2016/12/23,0,0,0,0
2016/12/26,0,0,0,0
2016/12/27,0,0,0,0
2016/12/28,0,0,0,0
2016/12/29,0,0,0,0
2016/12/30,0,0,0,0
2017/01/02,0,0,0,0
2017/01/03,0,0,0,0
2017/01/04,0,0,0,0
2017/01/05,0,17000,0,17000
2017/01/06,0,16000,0,16000
2017/01/09,0,0,0,0
2017/01/10,0,0,0,0
2017/01/11,0,0,0,0
2017/01/12,0,0,0,0
2017/01/13,0,0,0,0
2017/01/16,0,0,0,0
2017/01/17,0,0,0,0
2017/01/18,0,0,0,0
2017/01/19,0,0,0,0
2017/01/20,0,0,0,0
2017/01/23,0,2000,0,2000
2017/01/24,0,15000,0,15000
2017/01/25,0,0,0,0
2017/01/26,0,0,0,0
2017/01/27,0,0,0,0
2017/01/30,0,0,0,0
2017/01/31,0,0,0,0
2017/02/01,0,0,0,0
2017/02/02,0,0,0,0
2017/02/03,0,74000,0,74000
2017/02/06,0,0,0,0
2017/02/07,0,0,-316000,-316000
2017/02/08,0,1000,-1000,0
2017/02/09,0,5000,0,5000
2017/02/10,0,0,0,0
2017/02/13,0,0,-990000,-990000
2017/02/14,0,5000,0,5000
2017/02/15,0,0,0,0
2017/02/16,0,0,0,0
2017/02/17,0,5000,0,5000
2017/02/20,0,0,0,0
2017/02/21,0,0,0,0
2017/02/22,0,0,0,0
2017/02/23,0,3000,0,3000
2017/02/24,0,0,0,0
2017/02/27,0,0,0,0
2017/02/28,0,0,0,0
2017/03/01,0,500000,0,500000
2017/03/02,0,0,0,0
2017/03/03,0,8000,-23000,-15000
2017/03/06,0,0,0,0
2017/03/07,0,960000,0,960000
2017/03/08,0,0,0,0
2017/03/09,0,0,0,0
2017/03/10,0,0,0,0
2017/03/13,0,0,0,0
2017/03/14,0,0,-51000,-51000
2017/03/15,0,0,0,0
2017/03/16,0,0,0,0
2017/03/17,0,24000,0,24000
2017/03/20,0,0,-299000,-299000
2017/03/21,0,0,-289000,-289000
2017/03/22,0,0,0,0
2017/03/23,0,0,0,0
2017/03/24,0,4000,-216000,-212000
2017/03/27,0,13000,0,13000
2017/03/28,0,0,0,0
2017/03/29,0,0,0,0
2017/03/30,0,0,0,0
2017/03/31,0,0,0,0
2017/04/03,0,0,0,0
2017/04/04,0,0,0,0
2017/04/05,0,0,0,0
2017/04/06,0,0,-750000,-750000
2017/04/07,0,7000,0,7000
2017/04/10,0,6000,-617000,-611000
2017/04/11,0,0,0,0
2017/04/12,0,0,0,0
2017/04/13,0,0,-2000,-2000
2017/04/14,0,0,-10000,-10000
2017/04/17,0,0,0,0
2017/04/18,0,5000,0,5000
2017/04/19,0,0,0,0
2017/04/20,0,5000,0,5000
2017/04/21,0,0,0,0
2017/04/24,0,0,0,0
2017/04/25,0,289,0,289
2017/04/26,0,5000,0,5000
2017/04/27,0,4000,0,4000
2017/04/28,0,0,-25000,-25000
2017/05/01,0,0,0,0
2017/05/02,0,0,-17000,-17000
2017/05/03,0,0,0,0
2017/05/04,0,0,-2000,-2000
2017/05/05,0,0,0,0
2017/05/08,0,0,0,0
2017/05/09,0,0,0,0
2017/05/10,0,0,0,0
2017/05/11,0,0,0,0
2017/05/12,0,0,0,0
2017/05/15,0,495000,0,495000
2017/05/16,0,1456000,-7000,1449000
2017/05/17,0,0,0,0
2017/05/18,0,0,-14000,-14000
2017/05/19,0,0,0,0
2017/05/22,0,0,-5000,-5000
2017/05/23,0,0,0,0
2017/05/24,0,0,0,0
2017/05/25,0,0,-10000,-10000
2017/05/26,0,0,-70000,-70000
2017/05/29,0,0,0,0
2017/05/30,0,0,0,0
2017/05/31,0,0,-1000,-1000
2017/06/01,0,0,0,0
2017/06/02,0,0,-47000,-47000
2017/06/05,0,269000,-22000,247000
2017/06/06,0,401000,0,401000
2017/06/07,0,0,-18000,-18000
2017/06/08,0,0,-8000,-8000
2017/06/09,0,0,-18000,-18000
2017/06/12,0,0,0,0
2017/06/13,0,0,0,0
2017/06/14,0,0,-6000,-6000
2017/06/15,0,0,0,0
2017/06/16,0,0,-156000,-156000
2017/06/19,0,17000,-30000,-13000
2017/06/20,0,1000,-35000,-34000
2017/06/21,0,0,0,0
2017/06/22,0,0,0,0
2017/06/23,0,0,-13000,-13000
2017/06/26,0,519000,-18000,501000
2017/06/27,0,100000,-19000,81000
2017/06/28,0,9166000,0,9166000
2017/06/29,0,2178000,-6000,2172000
2017/06/30,0,10000,0,10000
2017/07/03,0,0,-44000,-44000
2017/07/04,0,0,-13000,-13000
2017/07/05,0,0,0,0
2017/07/06,0,0,-240000,-240000
2017/07/07,0,202000,-10000000,-9798000
2017/07/10,0,0,-282000,-282000
2017/07/11,0,0,0,0
2017/07/12,0,0,-24000,-24000
2017/07/13,0,201000,-24000,177000
2017/07/14,0,750000,-174000,576000
2017/07/17,0,374,-5000,-4626
2017/07/18,0,1041000,0,1041000
2017/07/19,0,500000,-365000,135000
2017/07/20,0,269000,-2400000,-2131000
2017/07/21,0,0,-90000,-90000
2017/07/24,0,0,0,0
2017/07/25,0,5000,-420000,-415000
2017/07/26,0,2000,-4767000,-4765000
2017/07/27,0,0,-19634000,-19634000
2017/07/28,0,2000,-159000,-157000
2017/07/31,0,22000,0,22000
2017/08/01,0,14000,-37000,-23000
2017/08/02,0,17000,-21000,-4000
2017/08/03,0,24000,0,24000
2017/08/04,0,31000,0,31000
2017/08/07,0,24000,0,24000
2017/08/08,0,34000,-13000,21000
2017/08/09,0,44000,0,44000
2017/08/10,0,2000,0,2000
2017/08/11,0,0,-7000,-7000
2017/08/14,0,0,-5000,-5000
2017/08/15,0,283000,-4000,279000
2017/08/16,0,1004000,-502000,502000
2017/08/17,0,1000,0,1000
2017/08/18,0,0,0,0
