Date,Open,Buy,Sell,Total
2007/01/02,0,18693000,-5176000,13517000
2007/01/03,0,29846350,-18129160,11717190
2007/01/04,0,21219100,-24926000,-3706900
2007/01/05,0,29544000,-28876064,667936
2007/01/08,0,38072004,-30727160,7344844
2007/01/09,0,23102000,-27557206,-4455206
2007/01/10,0,18202380,-49379697,-31177317
2007/01/11,0,29812600,-36781000,-6968400
2007/01/12,0,53829000,-18882879,34946121
2007/01/15,0,31167190,-10554000,20613190
2007/01/16,0,9643000,-4471510,5171490
2007/01/17,0,19538300,-20959388,-1421088
2007/01/18,0,15407200,-24544817,-9137617
2007/01/19,0,7080000,-24688400,-17608400
2007/01/22,0,17617300,-23517981,-5900681
2007/01/23,0,8286000,-8437000,-151000
2007/01/24,0,19868000,-6393820,13474180
2007/01/25,0,173556911,-103759044,69797867
2007/01/26,0,40019000,-42444300,-2425300
2007/01/29,0,28805000,-12715214,16089786
2007/01/30,0,31521000,-27474309,4046691
2007/01/31,0,15585000,-20018139,-4433139
2007/02/01,0,9270000,-9410945,-140945
2007/02/02,0,28947600,-26330022,2617578
2007/02/05,0,23814000,-29038280,-5224280
2007/02/06,0,24248000,-31269537,-7021537
2007/02/07,0,18018000,-25638070,-7620070
2007/02/08,0,29547000,-30322555,-775555
2007/02/09,0,27271000,-6169000,21102000
2007/02/12,0,19000000,-23774786,-4774786
2007/02/13,0,7252550,-42175930,-34923380
2007/02/14,0,39447000,-65884129,-26437129
2007/02/15,0,0,0,0
2007/02/16,0,0,0,0
2007/02/19,0,0,0,0
2007/02/20,0,0,0,0
2007/02/21,0,0,0,0
2007/02/22,0,0,0,0
2007/02/23,0,0,0,0
2007/02/26,0,70748000,-48679020,22068980
2007/02/27,0,44940100,-30824196,14115904
2007/02/28,0,0,0,0
2007/03/01,0,24120900,-83583939,-59463039
2007/03/02,0,22465000,-50609000,-28144000
2007/03/05,0,15628000,-59571061,-43943061
2007/03/06,0,29089941,-40631031,-11541090
2007/03/07,0,29737000,-48857003,-19120003
2007/03/08,0,15905000,-41120468,-25215468
2007/03/09,0,17182000,-18558102,-1376102
2007/03/12,0,7202000,-2345957,4856043
2007/03/13,0,27631000,-7537626,20093374
2007/03/14,0,7131000,-25031360,-17900360
2007/03/15,0,7780000,-8453000,-673000
2007/03/16,0,19186000,-28945120,-9759120
2007/03/19,0,1833000,-16835851,-15002851
2007/03/20,0,9869000,-28612807,-18743807
2007/03/21,0,9984000,-13995930,-4011930
2007/03/22,0,59047000,-33845280,25201720
2007/03/23,0,23826000,-19172000,4654000
2007/03/26,0,7399000,-12769351,-5370351
2007/03/27,0,29856000,-24765804,5090196
2007/03/28,0,24247770,-32932000,-8684230
2007/03/29,0,44506000,-57428000,-12922000
2007/03/30,0,16972147,-29987135,-13014988
2007/04/02,0,16764000,-30910715,-14146715
2007/04/03,0,17338000,-19976000,-2638000
2007/04/04,0,21924000,-15259650,6664350
2007/04/05,0,0,0,0
2007/04/06,0,0,0,0
2007/04/09,0,21916000,-13994658,7921342
2007/04/10,0,30903730,-33444847,-2541117
2007/04/11,0,42994000,-24499901,18494099
2007/04/12,0,7381000,-29189838,-21808838
2007/04/13,0,10028000,-24152602,-14124602
2007/04/16,0,22019000,-31770326,-9751326
2007/04/17,0,17049000,-13155587,3893413
2007/04/18,0,11798294,-2409593,9388701
2007/04/19,0,16047000,-22845761,-6798761
2007/04/20,0,3697697,-5108000,-1410303
2007/04/23,0,16215100,-6340000,9875100
2007/04/24,0,11022000,-14218832,-3196832
2007/04/25,0,12509120,-17748810,-5239690
2007/04/26,0,12169000,-14391000,-2222000
2007/04/27,0,25750167,-23046341,2703826
2007/04/30,0,13679000,-11285636,2393364
2007/05/01,0,0,0,0
2007/05/02,0,22380000,-8096000,14284000
2007/05/03,0,39891000,-10495409,29395591
2007/05/04,0,45423000,-12073264,33349736
2007/05/07,0,37378000,-18154200,19223800
2007/05/08,0,23517000,-2617000,20900000
2007/05/09,0,12975000,-10814330,2160670
2007/05/10,0,23052000,-8574000,14478000
2007/05/11,0,11053000,-19351288,-8298288
2007/05/14,0,29824000,-14524577,15299423
2007/05/15,0,14484396,-19164967,-4680571
2007/05/16,0,7351000,-15684012,-8333012
2007/05/17,0,24930000,-40591135,-15661135
2007/05/18,0,176098659,-195556376,-19457717
2007/05/21,0,132385000,-135806792,-3421792
2007/05/22,0,26741000,-35820436,-9079436
2007/05/23,0,55945000,-36622039,19322961
2007/05/24,0,25699000,-19429889,6269111
2007/05/25,0,44671800,-55330417,-10658617
2007/05/28,0,9202000,-5019007,4182993
2007/05/29,0,5166000,-5429986,-263986
2007/05/30,0,16264000,-26818000,-10554000
2007/05/31,0,19112800,-42768636,-23655836
2007/06/01,0,9952000,-4940923,5011077
2007/06/04,0,29476000,-7533000,21943000
2007/06/05,0,30488000,-11654378,18833622
2007/06/06,0,42592500,-9032342,33560158
2007/06/07,0,27744069,-16481500,11262569
2007/06/08,0,11594000,-24879800,-13285800
2007/06/11,0,32323000,-16065000,16258000
2007/06/12,0,23195000,-7362000,15833000
2007/06/13,0,15364000,-18211424,-2847424
2007/06/14,0,58205000,-31229887,26975113
2007/06/15,0,32183000,-18154812,14028188
2007/06/18,0,0,0,0
2007/06/19,0,0,0,0
2007/06/20,0,148519000,-101363587,47155413
2007/06/21,0,58148000,-54755818,3392182
2007/06/22,0,19912000,-23949046,-4037046
2007/06/25,0,30546000,-16376751,14169249
2007/06/26,0,11519000,-27539141,-16020141
2007/06/27,0,20249000,-18829000,1420000
2007/06/28,0,40086531,-21257531,18829000
2007/06/29,0,16644000,-25465530,-8821530
2007/07/02,0,12296808,-10459994,1836814
2007/07/03,0,22123000,-11367427,10755573
2007/07/04,0,13957974,-14077911,-119937
2007/07/05,0,21177000,-10814741,10362259
2007/07/06,0,57595000,-18338890,39256110
2007/07/09,0,59858000,-12118251,47739749
2007/07/10,0,67682000,-13795000,53887000
2007/07/11,0,12264700,-24063000,-11798300
2007/07/12,0,12880700,-13945000,-1064300
2007/07/13,0,33556000,-14373483,19182517
2007/07/16,0,24379000,-26584752,-2205752
2007/07/17,0,20513600,-21604000,-1090400
2007/07/18,0,26864000,-42139554,-15275554
2007/07/19,0,19671000,-12742208,6928792
2007/07/20,0,22240000,-19935467,2304533
2007/07/23,0,11496000,-22471550,-10975550
2007/07/24,0,19090000,-10726267,8363733
2007/07/25,0,43851300,-64812900,-20961600
2007/07/26,0,23521000,-32258000,-8737000
2007/07/27,0,15997000,-118874360,-102877360
2007/07/30,0,27550000,-66246153,-38696153
2007/07/31,0,13211000,-57814949,-44603949
2007/08/01,0,26578800,-89951722,-63372922
2007/08/02,0,48663000,-41497000,7166000
2007/08/03,0,58013000,-51687769,6325231
2007/08/06,0,10778000,-43053483,-32275483
2007/08/07,0,32364200,-39621076,-7256876
2007/08/08,0,29684000,-13404000,16280000
2007/08/09,0,50047700,-19033000,31014700
2007/08/10,0,29382000,-64742000,-35360000
2007/08/13,0,24477000,-17441000,7036000
2007/08/14,0,11657000,-19379720,-7722720
2007/08/15,0,15795600,-43511790,-27716190
2007/08/16,0,32686000,-66637883,-33951883
2007/08/17,0,26831000,-53095873,-26264873
2007/08/20,0,27632800,-23229000,4403800
2007/08/21,0,27752000,-18254000,9498000
2007/08/22,0,14529000,-11095020,3433980
2007/08/23,0,47306000,-16399000,30907000
2007/08/24,0,23833800,-17630000,6203800
2007/08/27,0,20955558,-13739943,7215615
2007/08/28,0,16208100,-10038000,6170100
2007/08/29,0,17499500,-33554608,-16055108
2007/08/30,0,33417000,-13431000,19986000
2007/08/31,0,44814100,-16101000,28713100
2007/09/03,0,13570600,-5730386,7840214
2007/09/04,0,17874000,-13062294,4811706
2007/09/05,0,17356300,-9135000,8221300
2007/09/06,0,35383000,-32725000,2658000
2007/09/07,0,21691000,-12417000,9274000
2007/09/10,0,16910000,-26079000,-9169000
2007/09/11,0,22034000,-17663000,4371000
2007/09/12,0,44322000,-35244781,9077219
2007/09/13,0,17162000,-11649998,5512002
2007/09/14,0,51146000,-4609000,46537000
2007/09/17,0,38198825,-30690457,7508368
2007/09/18,0,0,0,0
2007/09/19,0,128650000,-87555642,41094358
2007/09/20,0,0,0,0
2007/09/21,0,0,0,0
2007/09/24,0,0,0,0
2007/09/25,0,0,0,0
2007/09/26,0,0,0,0
2007/09/27,0,0,0,0
2007/09/28,0,0,0,0
2007/10/01,0,0,0,0
2007/10/02,0,0,0,0
2007/10/03,0,0,0,0
2007/10/04,0,0,0,0
2007/10/05,0,0,0,0
2007/10/08,0,0,0,0
2007/10/09,0,58474470,-89195923,-30721453
2007/10/10,0,0,0,0
2007/10/11,0,42150638,-45720723,-3570085
2007/10/12,0,21153000,-56074536,-34921536
2007/10/15,0,18814000,-40866195,-22052195
2007/10/16,0,9969000,-14026524,-4057524
2007/10/17,0,16437950,-15649212,788738
2007/10/18,0,23562001,-17296868,6265133
2007/10/19,0,9524212,-11178272,-1654060
2007/10/22,0,12860900,-36597554,-23736654
2007/10/23,0,9507000,-14995166,-5488166
2007/10/24,0,13702900,-11413000,2289900
2007/10/25,0,9384308,-5460308,3924000
2007/10/26,0,27597400,-13525280,14072120
2007/10/29,0,29498000,-31630883,-2132883
2007/10/30,0,28385000,-17335163,11049837
2007/10/31,0,16552000,-16842993,-290993
2007/11/01,0,23034000,-31450377,-8416377
2007/11/02,0,24209000,-37140106,-12931106
2007/11/05,0,17136791,-31412391,-14275600
2007/11/06,0,15580900,-18380304,-2799404
2007/11/07,0,29931300,-31472473,-1541173
2007/11/08,0,36548606,-31072800,5475806
2007/11/09,0,26162303,-24699324,1462979
2007/11/12,0,38331000,-43621538,-5290538
2007/11/13,0,33101000,-34471675,-1370675
2007/11/14,0,54450000,-43311980,11138020
2007/11/15,0,36849000,-31894735,4954265
2007/11/16,0,26967000,-17351000,9616000
2007/11/19,0,69219000,-45581612,23637388
2007/11/20,0,49942733,-46141988,3800745
2007/11/21,0,49199900,-37215077,11984823
2007/11/22,0,17226000,-16918000,308000
2007/11/23,0,9664000,-6574688,3089312
2007/11/26,0,32975000,-23047468,9927532
2007/11/27,0,16314000,-36398158,-20084158
2007/11/28,0,12347000,-18016228,-5669228
2007/11/29,0,28350000,-21735478,6614522
2007/11/30,0,30054800,-25231723,4823077
2007/12/03,0,16055582,-11552000,4503582
2007/12/04,0,11303000,-6574000,4729000
2007/12/05,0,19607000,-33799268,-14192268
2007/12/06,0,36333548,-13462100,22871448
2007/12/07,0,32971814,-19588643,13383171
2007/12/10,0,15432000,-11404700,4027300
2007/12/11,0,18317000,-5769000,12548000
2007/12/12,0,20593000,-25557800,-4964800
2007/12/13,0,25445239,-26675282,-1230043
2007/12/14,0,39556000,-28584027,10971973
2007/12/17,0,36871000,-10814669,26056331
2007/12/18,0,40031000,-28649226,11381774
2007/12/19,0,32951220,-26788780,6162440
2007/12/20,0,22440000,-4696245,17743755
2007/12/21,0,22162000,-5490536,16671464
2007/12/24,0,31529000,-6025741,25503259
2007/12/25,0,731000,-517000,214000
2007/12/26,0,11990000,-1508649,10481351
2007/12/27,0,27323000,-9603016,17719984
2007/12/28,0,40654698,-14696195,25958503
2007/12/31,0,11817000,-1870000,9947000
2008/01/01,0,0,0,0
2008/01/02,0,28384000,-22730550,5653450
2008/01/03,0,21878500,-23375000,-1496500
2008/01/04,0,10226050,-21740900,-11514850
2008/01/07,0,4536000,-24616722,-20080722
2008/01/08,0,6770000,-29871000,-23101000
2008/01/09,0,11641000,-21279391,-9638391
2008/01/10,0,15197500,-23206342,-8008842
2008/01/11,0,16686588,-9291181,7395407
2008/01/14,0,40047900,-20968246,19079654
2008/01/15,0,29040700,-13298664,15742036
2008/01/16,0,13793438,-18684583,-4891145
2008/01/17,0,11019000,-12698311,-1679311
2008/01/18,0,18591725,-36618299,-18026574
2008/01/21,0,6141600,-15319952,-9178352
2008/01/22,0,19087000,-31299879,-12212879
2008/01/23,0,36680600,-41793437,-5112837
2008/01/24,0,21778937,-16208912,5570025
2008/01/25,0,29440000,-31298376,-1858376
2008/01/28,0,23357800,-29314700,-5956900
2008/01/29,0,26007700,-6779474,19228226
2008/01/30,0,20388604,-13549191,6839413
2008/01/31,0,34546300,-42467770,-7921470
2008/02/01,0,15099000,-5931041,9167959
2008/02/04,0,0,0,0
2008/02/05,0,0,0,0
2008/02/06,0,0,0,0
2008/02/07,0,0,0,0
2008/02/08,0,0,0,0
2008/02/11,0,0,0,0
2008/02/12,0,19480000,-24675090,-5195090
2008/02/13,0,21728500,-11613898,10114602
2008/02/14,0,50378000,-25209883,25168117
2008/02/15,0,14274000,-11338825,2935175
2008/02/18,0,14383000,-7862801,6520199
2008/02/19,0,16085000,-6030371,10054629
2008/02/20,0,12142500,-17636118,-5493618
2008/02/21,0,13103000,-3135412,9967588
2008/02/22,0,3835000,-5625000,-1790000
2008/02/25,0,14688000,-9947909,4740091
2008/02/26,0,13838000,-2880472,10957528
2008/02/27,0,38479000,-17633000,20846000
2008/02/28,0,0,0,0
2008/02/29,0,21549000,-12850648,8698352
2008/03/03,0,7882000,-19921797,-12039797
2008/03/04,0,19179100,-18038018,1141082
2008/03/05,0,9473878,-20675211,-11201333
2008/03/06,0,31824000,-10911000,20913000
2008/03/07,0,9962000,-10458331,-496331
2008/03/10,0,13653862,-30947441,-17293579
2008/03/11,0,14053200,-26322000,-12268800
2008/03/12,0,17847373,-6117742,11729631
2008/03/13,0,9259000,-13045000,-3786000
2008/03/14,0,14008000,-13171000,837000
2008/03/17,0,13705000,-33560430,-19855430
2008/03/18,0,23793890,-20467890,3326000
2008/03/19,0,30020000,-7156976,22863024
2008/03/20,0,12231890,-10085694,2146196
2008/03/21,0,45448200,-5818085,39630115
2008/03/24,0,45977300,-6831000,39146300
2008/03/25,0,32297000,-8970927,23326073
2008/03/26,0,24773000,-4893335,19879665
2008/03/27,0,16627916,-10786759,5841157
2008/03/28,0,22218118,-16744818,5473300
2008/03/31,0,8367932,-14417540,-6049608
2008/04/01,0,13259227,-7065000,6194227
2008/04/02,0,28408000,-8766686,19641314
2008/04/03,0,54185714,-56750000,-2564286
2008/04/04,0,0,0,0
2008/04/07,0,12498000,-12337649,160351
2008/04/08,0,14223000,-31367526,-17144526
2008/04/09,0,11938000,-28642787,-16704787
2008/04/10,0,15888000,-11619448,4268552
2008/04/11,0,6780000,-10688137,-3908137
2008/04/14,0,6834000,-15058950,-8224950
2008/04/15,0,2846000,-12127000,-9281000
2008/04/16,0,24934000,-10528000,14406000
2008/04/17,0,52901000,-14318000,38583000
2008/04/18,0,10658570,-20602000,-9943430
2008/04/21,0,20993000,-15686209,5306791
2008/04/22,0,7669000,-13786000,-6117000
2008/04/23,0,7543000,-5991064,1551936
2008/04/24,0,2475000,-7719714,-5244714
2008/04/25,0,10271000,-3610698,6660302
2008/04/28,0,24146000,-3278000,20868000
2008/04/29,0,10956000,-20213555,-9257555
2008/04/30,0,6315000,-18950732,-12635732
2008/05/01,0,0,0,0
2008/05/02,0,34291000,-14032000,20259000
2008/05/05,0,12935000,-16902000,-3967000
2008/05/06,0,6179335,-3399210,2780125
2008/05/07,0,7663000,-5397000,2266000
2008/05/08,0,2470000,-12413001,-9943001
2008/05/09,0,11213100,-9026000,2187100
2008/05/12,0,23794100,-11299268,12494832
2008/05/13,0,13670000,-1632000,12038000
2008/05/14,0,7134000,-4842654,2291346
2008/05/15,0,22380000,-4738459,17641541
2008/05/16,0,55488000,-39830827,15657173
2008/05/19,0,49450000,-14851000,34599000
2008/05/20,0,20325000,-15320700,5004300
2008/05/21,0,6358000,-20388018,-14030018
2008/05/22,0,9379517,-16916359,-7536842
2008/05/23,0,6721000,-15096000,-8375000
2008/05/26,0,7313000,-13821000,-6508000
2008/05/27,0,6551000,-7238000,-687000
2008/05/28,0,8105900,-12433697,-4327797
2008/05/29,0,13425400,-15437572,-2012172
2008/05/30,0,26113401,-34773519,-8660118
2008/06/02,0,15038600,-3473005,11565595
2008/06/03,0,7750000,-20188385,-12438385
2008/06/04,0,9049000,-20570000,-11521000
2008/06/05,0,15712400,-22385000,-6672600
2008/06/06,0,10920000,-4685761,6234239
2008/06/09,0,6088000,-14587300,-8499300
2008/06/10,0,3144000,-30398635,-27254635
2008/06/11,0,5287000,-13594036,-8307036
2008/06/12,0,2083200,-27096000,-25012800
2008/06/13,0,7265000,-23798000,-16533000
2008/06/16,0,5124000,-12015000,-6891000
2008/06/17,0,5098000,-11315269,-6217269
2008/06/18,0,2417000,-9804000,-7387000
2008/06/19,0,16259000,-46637009,-30378009
2008/06/20,0,5888561,-6739000,-850439
2008/06/23,0,6299000,-6641000,-342000
2008/06/24,0,4796000,-7335030,-2539030
2008/06/25,0,21452694,-16681308,4771386
2008/06/26,0,9378000,-14748000,-5370000
2008/06/27,0,17399000,-25755623,-8356623
2008/06/30,0,14521000,-23109000,-8588000
2008/07/01,0,13367000,-7471433,5895567
2008/07/02,0,13623000,-20051057,-6428057
2008/07/03,0,7941000,-18834000,-10893000
2008/07/04,0,3289000,-14797000,-11508000
2008/07/07,0,8613000,-12956668,-4343668
2008/07/08,0,7512000,-27225000,-19713000
2008/07/09,0,16365000,-10034000,6331000
2008/07/10,0,11407000,-8048276,3358724
2008/07/11,0,18994909,-22597000,-3602091
2008/07/14,0,11338000,-10838000,500000
2008/07/15,0,12786000,-14776593,-1990593
2008/07/16,0,20514000,-13065609,7448391
2008/07/17,0,17742000,-21603386,-3861386
2008/07/18,0,17507000,-13356000,4151000
2008/07/21,0,18702000,-17550000,1152000
2008/07/22,0,5256000,-12165000,-6909000
2008/07/23,0,12548820,-27880102,-15331282
2008/07/24,0,17004000,-14668000,2336000
2008/07/25,0,7455000,-37191000,-29736000
2008/07/28,0,0,0,0
2008/07/29,0,8426332,-48597000,-40170668
2008/07/30,0,15600000,-10652000,4948000
2008/07/31,0,16058000,-12899000,3159000
2008/08/01,0,6470000,-11055000,-4585000
2008/08/04,0,7550000,-19516698,-11966698
2008/08/05,0,24962000,-35249000,-10287000
2008/08/06,0,30589000,-24178937,6410063
2008/08/07,0,25047000,-12313320,12733680
2008/08/08,0,24763000,-40576161,-15813161
2008/08/11,0,6373000,-26467000,-20094000
2008/08/12,0,9038621,-12661000,-3622379
2008/08/13,0,6840025,-9897000,-3056975
2008/08/14,0,21551000,-30081098,-8530098
2008/08/15,0,13941000,-20422000,-6481000
2008/08/18,0,9700000,-19262000,-9562000
2008/08/19,0,10576000,-24309742,-13733742
2008/08/20,0,20704000,-15801009,4902991
2008/08/21,0,7508800,-14737105,-7228305
2008/08/22,0,16836800,-16771600,65200
2008/08/25,0,17088000,-11936022,5151978
2008/08/26,0,9271000,-7672000,1599000
2008/08/27,0,25230000,-8730000,16500000
2008/08/28,0,49851000,-30195000,19656000
2008/08/29,0,16859000,-14976065,1882935
2008/09/01,0,12992000,-20687000,-7695000
2008/09/02,0,6043000,-9140000,-3097000
2008/09/03,0,9337000,-3362000,5975000
2008/09/04,0,6942000,-16431000,-9489000
2008/09/05,0,4583000,-22651000,-18068000
2008/09/08,0,18788000,-6472577,12315423
2008/09/09,0,3415000,-8623000,-5208000
2008/09/10,0,7593000,-29618000,-22025000
2008/09/11,0,4544000,-19183670,-14639670
2008/09/12,0,20492750,-16361299,4131451
2008/09/15,0,23143000,-15771000,7372000
2008/09/16,0,27449910,-34733654,-7283744
2008/09/17,0,18911000,-29500357,-10589357
2008/09/18,0,16229533,-51867400,-35637867
2008/09/19,0,40185000,-30039162,10145838
2008/09/22,0,33874000,-29191135,4682865
2008/09/23,0,22489000,-23765276,-1276276
2008/09/24,0,49724113,-38979941,10744172
2008/09/25,0,24472240,-13757695,10714545
2008/09/26,0,43532880,-32909880,10623000
2008/09/29,0,0,0,0
2008/09/30,0,13054000,-6463582,6590418
2008/10/01,0,9076000,-25872636,-16796636
2008/10/02,0,4773000,-10691897,-5918897
2008/10/03,0,13890000,-9934826,3955174
2008/10/06,0,40717000,-32711420,8005580
2008/10/07,0,28082000,-15742742,12339258
2008/10/08,0,6838000,-16594371,-9756371
2008/10/09,0,20016000,-10954422,9061578
2008/10/10,0,0,0,0
2008/10/13,0,12839000,-15642685,-2803685
2008/10/14,0,5040000,-4269196,770804
2008/10/15,0,30397000,-22266185,8130815
2008/10/16,0,9134470,-5972000,3162470
2008/10/17,0,29391000,-47605213,-18214213
2008/10/20,0,27234000,-37123462,-9889462
2008/10/21,0,17431545,-28555880,-11124335
2008/10/22,0,17019650,-17375056,-355406
2008/10/23,0,19767005,-17331634,2435371
2008/10/24,0,19963003,-19707587,255416
2008/10/27,0,12694000,-29460000,-16766000
2008/10/28,0,18073606,-22388874,-4315268
2008/10/29,0,15276000,-15992853,-716853
2008/10/30,0,70137000,-33332142,36804858
2008/10/31,0,93025000,-67106934,25918066
2008/11/03,0,62925400,-45412199,17513201
2008/11/04,0,26307500,-29485376,-3177876
2008/11/05,0,21801000,-25996000,-4195000
2008/11/06,0,13599000,-22256000,-8657000
2008/11/07,0,24423000,-63414263,-38991263
2008/11/10,0,19980000,-4330000,15650000
2008/11/11,0,24879000,-8661301,16217699
2008/11/12,0,16136400,-21484414,-5348014
2008/11/13,0,15229915,-18536347,-3306432
2008/11/14,0,14190000,-5060305,9129695
2008/11/17,0,12570000,-18231816,-5661816
2008/11/18,0,21086400,-24704500,-3618100
2008/11/19,0,6015000,-14146532,-8131532
2008/11/20,0,5495500,-17293683,-11798183
2008/11/21,0,10023000,-10766592,-743592
2008/11/24,0,9478000,-13099739,-3621739
2008/11/25,0,31650000,-6495986,25154014
2008/11/26,0,24495390,-13668731,10826659
2008/11/27,0,11197000,-8694300,2502700
2008/11/28,0,24567000,-10284685,14282315
2008/12/01,0,22954635,-25519469,-2564834
2008/12/02,0,4060000,-18194432,-14134432
2008/12/03,0,8939000,-34527418,-25588418
2008/12/04,0,9817000,-23689000,-13872000
2008/12/05,0,12078000,-20506982,-8428982
2008/12/08,0,39510000,-31105843,8404157
2008/12/09,0,21279500,-23774197,-2494697
2008/12/10,0,35519000,-38509000,-2990000
2008/12/11,0,41235000,-49536000,-8301000
2008/12/12,0,16536750,-21175803,-4639053
2008/12/15,0,24253000,-5244000,19009000
2008/12/16,0,12511000,-8173553,4337447
2008/12/17,0,43458000,-15086990,28371010
2008/12/18,0,12031000,-18429000,-6398000
2008/12/19,0,19426000,-15132991,4293009
2008/12/22,0,18146000,-25908101,-7762101
2008/12/23,0,3060000,-10162642,-7102642
2008/12/24,0,14306675,-17441007,-3134332
2008/12/25,0,382000,-2397000,-2015000
2008/12/26,0,3300000,-2034000,1266000
2008/12/29,0,5912000,-3071000,2841000
2008/12/30,0,24818000,-982141,23835859
2008/12/31,0,11650000,-7350129,4299871
2009/01/01,0,0,0,0
2009/01/02,0,0,0,0
2009/01/05,0,34189000,-8786600,25402400
2009/01/06,0,13584532,-4165111,9419421
2009/01/07,0,26897597,-20573196,6324401
2009/01/08,0,7512000,-26614138,-19102138
2009/01/09,0,16809000,-27013575,-10204575
2009/01/12,0,20255828,-33735914,-13480086
2009/01/13,0,9358840,-9347426,11414
2009/01/14,0,28062032,-31599874,-3537842
2009/01/15,0,12416000,-34298000,-21882000
2009/01/16,0,8169000,-13932000,-5763000
2009/01/19,0,4537000,-2613930,1923070
2009/01/20,0,19234000,-23463993,-4229993
2009/01/21,0,25731884,-16878290,8853594
2009/01/22,0,0,0,0
2009/01/23,0,0,0,0
2009/01/26,0,0,0,0
2009/01/27,0,0,0,0
2009/01/28,0,0,0,0
2009/01/29,0,0,0,0
2009/01/30,0,0,0,0
2009/02/02,0,30795000,-33568756,-2773756
2009/02/03,0,9429000,-30253140,-20824140
2009/02/04,0,12607000,-26788000,-14181000
2009/02/05,0,12907000,-10366525,2540475
2009/02/06,0,14587000,-8098023,6488977
2009/02/09,0,14545000,-4638000,9907000
2009/02/10,0,16625000,-18006998,-1381998
2009/02/11,0,20114000,-40445976,-20331976
2009/02/12,0,31807000,-34718000,-2911000
2009/02/13,0,23405000,-51638700,-28233700
2009/02/16,0,1803000,-9505887,-7702887
2009/02/17,0,8401000,-10325854,-1924854
2009/02/18,0,27873000,-25177386,2695614
2009/02/19,0,21262000,-34368275,-13106275
2009/02/20,0,11783091,-37192042,-25408951
2009/02/23,0,12235000,-6766000,5469000
2009/02/24,0,3835000,-22979319,-19144319
2009/02/25,0,32169000,-23184100,8984900
2009/02/26,0,13427500,-4160336,9267164
2009/02/27,0,10736999,-8121000,2615999
2009/03/02,0,10856000,-18786176,-7930176
2009/03/03,0,7093000,-5564000,1529000
2009/03/04,0,10106519,-45187000,-35080481
2009/03/05,0,20654000,-30754000,-10100000
2009/03/06,0,16902000,-85007837,-68105837
2009/03/09,0,31178000,-22783600,8394400
2009/03/10,0,40276000,-41580172,-1304172
2009/03/11,0,11328966,-12194031,-865065
2009/03/12,0,36739000,-40311800,-3572800
2009/03/13,0,40046400,-11648269,28398131
2009/03/16,0,11886000,-20615365,-8729365
2009/03/17,0,17820000,-21848753,-4028753
2009/03/18,0,19034000,-9281000,9753000
2009/03/19,0,10101000,-20134684,-10033684
2009/03/20,0,22568000,-32539600,-9971600
2009/03/23,0,31067000,-8323274,22743726
2009/03/24,0,11499000,-10207103,1291897
2009/03/25,0,50958000,-20933070,30024930
2009/03/26,0,33990750,-25751250,8239500
2009/03/27,0,15728500,-16988696,-1260196
2009/03/30,0,11750000,-12661029,-911029
2009/03/31,0,32120000,-47648557,-15528557
2009/04/01,0,41149000,-72595000,-31446000
2009/04/02,0,51838267,-63358267,-11520000
2009/04/03,0,35584051,-41764058,-6180007
2009/04/06,0,17388000,-41637017,-24249017
2009/04/07,0,38326000,-56137656,-17811656
2009/04/08,0,45815000,-62217300,-16402300
2009/04/09,0,47985000,-85313442,-37328442
2009/04/10,0,38304000,-1395458,36908542
2009/04/13,0,19495000,-6295000,13200000
2009/04/14,0,31647554,-31214000,433554
2009/04/15,0,30307000,-31113089,-806089
2009/04/16,0,30318000,-13451985,16866015
2009/04/17,0,75620175,-23813176,51806999
2009/04/20,0,31667000,-20380497,11286503
2009/04/21,0,22072000,-34045452,-11973452
2009/04/22,0,88079000,-35218314,52860686
2009/04/23,0,23607231,-41834693,-18227462
2009/04/24,0,21107000,-35950013,-14843013
2009/04/27,0,25197069,-20771796,4425273
2009/04/28,0,23398000,-28548632,-5150632
2009/04/29,0,64441000,-38410959,26030041
2009/04/30,0,27232000,-30847550,-3615550
2009/05/01,0,0,0,0
2009/05/04,0,20741790,-34756355,-14014565
2009/05/05,0,195123403,-62786500,132336903
2009/05/06,0,51054000,-97109300,-46055300
2009/05/07,0,56410000,-88611984,-32201984
2009/05/08,0,42484000,-70033000,-27549000
2009/05/11,0,19205000,-98697797,-79492797
2009/05/12,0,25820000,-43897514,-18077514
2009/05/13,0,23356000,-61837000,-38481000
2009/05/14,0,18232000,-53698910,-35466910
2009/05/15,0,21582000,-61991000,-40409000
2009/05/18,0,15862287,-38956000,-23093713
2009/05/19,0,34165000,-73327500,-39162500
2009/05/20,0,33596000,-26738000,6858000
2009/05/21,0,31387000,-63753000,-32366000
2009/05/22,0,9766000,-47624069,-37858069
2009/05/25,0,7855000,-27917892,-20062892
2009/05/26,0,18233449,-27661331,-9427882
2009/05/27,0,54792542,-65157488,-10364946
2009/05/28,0,0,0,0
2009/05/29,0,0,0,0
2009/06/01,0,51655000,-52173356,-518356
2009/06/02,0,36589000,-57385027,-20796027
2009/06/03,0,30944988,-16015000,14929988
2009/06/04,0,18169000,-42881000,-24712000
2009/06/05,0,10251603,-19980600,-9728997
2009/06/08,0,8305000,-38844000,-30539000
2009/06/09,0,17989302,-30910466,-12921164
2009/06/10,0,10060000,-34953027,-24893027
2009/06/11,0,10316000,-71437000,-61121000
2009/06/12,0,18675000,-65417285,-46742285
2009/06/15,0,25201127,-32328000,-7126873
2009/06/16,0,26556000,-40036280,-13480280
2009/06/17,0,12016000,-19838500,-7822500
2009/06/18,0,11560000,-38566825,-27006825
2009/06/19,0,11089183,-24249261,-13160078
2009/06/22,0,43530000,-84611148,-41081148
2009/06/23,0,16926800,-36255000,-19328200
2009/06/24,0,35697425,-38328640,-2631215
2009/06/25,0,14957000,-24535240,-9578240
2009/06/26,0,27397000,-17982000,9415000
2009/06/29,0,32225100,-20081097,12144003
2009/06/30,0,18771000,-5864776,12906224
2009/07/01,0,20203000,-12182667,8020333
2009/07/02,0,17121210,-19541000,-2419790
2009/07/03,0,10815229,-16845393,-6030164
2009/07/06,0,5651000,-17028185,-11377185
2009/07/07,0,29941000,-6408403,23532597
2009/07/08,0,25947000,-17757867,8189133
2009/07/09,0,12456000,-22910104,-10454104
2009/07/10,0,17723000,-29093302,-11370302
2009/07/13,0,40185000,-21517000,18668000
2009/07/14,0,26040000,-10807235,15232765
2009/07/15,0,63506000,-9325001,54180999
2009/07/16,0,57801000,-16553700,41247300
2009/07/17,0,12076000,-3339139,8736861
2009/07/20,0,66717000,-6523333,60193667
2009/07/21,0,33570000,-16419060,17150940
2009/07/22,0,26031700,-13184000,12847700
2009/07/23,0,18721000,-9422859,9298141
2009/07/24,0,51207000,-6347270,44859730
2009/07/27,0,116347000,-10370587,105976413
2009/07/28,0,64926000,-22311000,42615000
2009/07/29,0,82266730,-8599580,73667150
2009/07/30,0,52272000,-29992200,22279800
2009/07/31,0,171832700,-70603909,101228791
2009/08/03,0,48357000,-12045289,36311711
2009/08/04,0,36385000,-31141000,5244000
2009/08/05,0,39863000,-14738787,25124213
2009/08/06,0,32403000,-15191000,17212000
2009/08/07,0,0,0,0
2009/08/10,0,19856000,-11507299,8348701
2009/08/11,0,28829000,-12530000,16299000
2009/08/12,0,26774000,-28894165,-2120165
2009/08/13,0,33758000,-21302000,12456000
2009/08/14,0,11647000,-7172020,4474980
2009/08/17,0,17169000,-14074000,3095000
2009/08/18,0,9335000,-32029000,-22694000
2009/08/19,0,5885000,-11400433,-5515433
2009/08/20,0,20500784,-30445444,-9944660
2009/08/21,0,26095000,-40933240,-14838240
2009/08/24,0,21763000,-8720000,13043000
2009/08/25,0,27735983,-8903064,18832919
2009/08/26,0,30885000,-14556000,16329000
2009/08/27,0,9033500,-10251784,-1218284
2009/08/28,0,28031000,-5137189,22893811
2009/08/31,0,30802958,-18155384,12647574
2009/09/01,0,20964996,-1302861,19662135
2009/09/02,0,32460100,-25196000,7264100
2009/09/03,0,72414000,-23742500,48671500
2009/09/04,0,102018000,-25827722,76190278
2009/09/07,0,87312000,-44648350,42663650
2009/09/08,0,107124000,-49565000,57559000
2009/09/09,0,45252000,-38805978,6446022
2009/09/10,0,44765000,-38775894,5989106
2009/09/11,0,64200000,-34647509,29552491
2009/09/14,0,6155000,-21318000,-15163000
2009/09/15,0,16161807,-11869000,4292807
2009/09/16,0,33660000,-25385000,8275000
2009/09/17,0,68543900,-74375000,-5831100
2009/09/18,0,22906000,-25606485,-2700485
2009/09/21,0,12186000,-13380000,-1194000
2009/09/22,0,81856000,-67146000,14710000
2009/09/23,0,27869825,-40545959,-12676134
2009/09/24,0,21600000,-30253000,-8653000
2009/09/25,0,30236000,-22825833,7410167
2009/09/28,0,19657000,-6891000,12766000
2009/09/29,0,49176122,-56574105,-7397983
2009/09/30,0,27260100,-8178900,19081200
2009/10/01,0,57357100,-41897870,15459230
2009/10/02,0,33774100,-25693038,8081062
2009/10/05,0,33688239,-26483620,7204619
2009/10/06,0,27513000,-8252000,19261000
2009/10/07,0,20465848,-10533388,9932460
2009/10/08,0,41378000,-58608595,-17230595
2009/10/09,0,19726000,-46268000,-26542000
2009/10/12,0,10557000,-41580383,-31023383
2009/10/13,0,15777850,-38563744,-22785894
2009/10/14,0,25505000,-34023000,-8518000
2009/10/15,0,52353000,-44102000,8251000
2009/10/16,0,15127000,-12268000,2859000
2009/10/19,0,22632000,-32780348,-10148348
2009/10/20,0,27605000,-19384000,8221000
2009/10/21,0,28684000,-37513920,-8829920
2009/10/22,0,26021000,-41921000,-15900000
2009/10/23,0,11739000,-9443000,2296000
2009/10/26,0,14655000,-5252000,9403000
2009/10/27,0,6920000,-17463250,-10543250
2009/10/28,0,10035000,-23473500,-13438500
2009/10/29,0,24363000,-44025300,-19662300
2009/10/30,0,29652000,-28410603,1241397
2009/11/02,0,8333000,-25985000,-17652000
2009/11/03,0,2005500,-16091000,-14085500
2009/11/04,0,3397532,-27948884,-24551352
2009/11/05,0,2603491,-22981000,-20377509
2009/11/06,0,19608000,-37552001,-17944001
2009/11/09,0,12226000,-23172000,-10946000
2009/11/10,0,19799000,-34124713,-14325713
2009/11/11,0,41552000,-9677000,31875000
2009/11/12,0,16065042,-5470253,10594789
2009/11/13,0,23963000,-20571619,3391381
2009/11/16,0,12968500,-7361000,5607500
2009/11/17,0,36867193,-3368000,33499193
2009/11/18,0,19011158,-15801092,3210066
2009/11/19,0,9900430,-17039000,-7138570
2009/11/20,0,40953000,-95893000,-54940000
2009/11/23,0,12161000,-37064646,-24903646
2009/11/24,0,20642500,-30859000,-10216500
2009/11/25,0,25724331,-12097000,13627331
2009/11/26,0,11255000,-3654834,7600166
2009/11/27,0,28226000,-31336000,-3110000
2009/11/30,0,16434805,-15420214,1014591
2009/12/01,0,21057000,-17820030,3236970
2009/12/02,0,19958000,-10024002,9933998
2009/12/03,0,22421000,-6480313,15940687
2009/12/04,0,16889000,-14085500,2803500
2009/12/07,0,37249000,-11399000,25850000
2009/12/08,0,17634000,-3553934,14080066
2009/12/09,0,22737000,-15608920,7128080
2009/12/10,0,23884000,-24867270,-983270
2009/12/11,0,15713000,-8480016,7232984
2009/12/14,0,19301000,-14011225,5289775
2009/12/15,0,19629500,-10342000,9287500
2009/12/16,0,15827000,-10784000,5043000
2009/12/17,0,21349280,-40123020,-18773740
2009/12/18,0,28630000,-33614214,-4984214
2009/12/21,0,62149300,-26687000,35462300
2009/12/22,0,52955000,-2610363,50344637
2009/12/23,0,35729000,-2325782,33403218
2009/12/24,0,20731000,-1964000,18767000
2009/12/25,0,9998000,-746000,9252000
2009/12/28,0,26639000,-522218,26116782
2009/12/29,0,16692000,-2229341,14462659
2009/12/30,0,46733000,-24431700,22301300
2009/12/31,0,19637000,-2899000,16738000
2010/01/01,0,0,0,0
2010/01/04,0,10492000,-5458000,5034000
2010/01/05,0,49474000,-9829025,39644975
2010/01/06,0,57641000,-12955868,44685132
2010/01/07,0,22326000,-17415486,4910514
2010/01/08,0,23743230,-12809196,10934034
2010/01/11,0,26664000,-16213000,10451000
2010/01/12,0,7007000,-15207380,-8200380
2010/01/13,0,7885000,-14239162,-6354162
2010/01/14,0,15040000,-12457862,2582138
2010/01/15,0,14928000,-11855486,3072514
2010/01/18,0,11201002,-8090002,3111000
2010/01/19,0,9522000,-14539380,-5017380
2010/01/20,0,38669000,-17286000,21383000
2010/01/21,0,14886000,-7809000,7077000
2010/01/22,0,22026000,-29274000,-7248000
2010/01/25,0,16944580,-31443000,-14498420
2010/01/26,0,14089000,-40963707,-26874707
2010/01/27,0,10113000,-29435895,-19322895
2010/01/28,0,13004000,-55382000,-42378000
2010/01/29,0,30553000,-35704620,-5151620
2010/02/01,0,8515795,-37277210,-28761415
2010/02/02,0,28884000,-18080440,10803560
2010/02/03,0,26486000,-30884160,-4398160
2010/02/04,0,52323200,-67725000,-15401800
2010/02/05,0,15991000,-81015730,-65024730
2010/02/08,0,15228000,-22207636,-6979636
2010/02/09,0,18884000,-25693240,-6809240
2010/02/10,0,29285000,-52456890,-23171890
2010/02/11,0,0,0,0
2010/02/12,0,0,0,0
2010/02/15,0,0,0,0
2010/02/16,0,0,0,0
2010/02/17,0,0,0,0
2010/02/18,0,0,0,0
2010/02/19,0,0,0,0
2010/02/22,0,26936000,-34184514,-7248514
2010/02/23,0,25788000,-40113500,-14325500
2010/02/24,0,31520900,-49709500,-18188600
2010/02/25,0,25365000,-77070000,-51705000
2010/02/26,0,21130000,-51581038,-30451038
2010/03/01,0,25712000,-23436700,2275300
2010/03/02,0,10504000,-32552000,-22048000
2010/03/03,0,18857000,-13225392,5631608
2010/03/04,0,15014000,-15319000,-305000
2010/03/05,0,26998184,-15259700,11738484
2010/03/08,0,20430500,-14978718,5451782
2010/03/09,0,28190890,-12397930,15792960
2010/03/10,0,31677000,-14799067,16877933
2010/03/11,0,19060000,-11349000,7711000
2010/03/12,0,11987000,-8480000,3507000
2010/03/15,0,11383000,-25292900,-13909900
2010/03/16,0,9331002,-20158000,-10826998
2010/03/17,0,31733000,-19278800,12454200
2010/03/18,0,27659000,-13996268,13662732
2010/03/19,0,28986000,-15184000,13802000
2010/03/22,0,15726000,-25006422,-9280422
2010/03/23,0,17804000,-16148000,1656000
2010/03/24,0,18190000,-7690000,10500000
2010/03/25,0,11734000,-7901000,3833000
2010/03/26,0,17564000,-9265286,8298714
2010/03/29,0,22839000,-27533920,-4694920
2010/03/30,0,15974000,-11084000,4890000
2010/03/31,0,31978000,-26604717,5373283
2010/04/01,0,35575000,-24690030,10884970
2010/04/02,0,9074000,-10275000,-1201000
2010/04/05,0,0,0,0
2010/04/06,0,25775000,-12718094,13056906
2010/04/07,0,12676500,-5503000,7173500
2010/04/08,0,16909000,-11114364,5794636
2010/04/09,0,8371000,-12599760,-4228760
2010/04/12,0,6846440,-7204599,-358159
2010/04/13,0,13458000,-28839000,-15381000
2010/04/14,0,8347632,-14737680,-6390048
2010/04/15,0,28378001,-31965000,-3586999
2010/04/16,0,17072640,-9767997,7304643
2010/04/19,0,20890500,-19963000,927500
2010/04/20,0,13804819,-7387808,6417011
2010/04/21,0,21170000,-23585000,-2415000
2010/04/22,0,13486000,-16938810,-3452810
2010/04/23,0,11339000,-9844000,1495000
2010/04/26,0,47317000,-15748000,31569000
2010/04/27,0,18255519,-31671519,-13416000
2010/04/28,0,21113000,-28958144,-7845144
2010/04/29,0,4921000,-27157060,-22236060
2010/04/30,0,23443071,-22828000,615071
2010/05/03,0,4209000,-13017000,-8808000
2010/05/04,0,14588000,-29042416,-14454416
2010/05/05,0,31257000,-90810330,-59553330
2010/05/06,0,24729000,-31321000,-6592000
2010/05/07,0,14243000,-20409431,-6166431
2010/05/10,0,13667000,-30031309,-16364309
2010/05/11,0,47134510,-51962000,-4827490
2010/05/12,0,17622000,-22765951,-5143951
2010/05/13,0,29257000,-9298000,19959000
2010/05/14,0,12656000,-12065000,591000
2010/05/17,0,16126000,-16460410,-334410
2010/05/18,0,11860000,-20106000,-8246000
2010/05/19,0,7157004,-37523500,-30366496
2010/05/20,0,21200000,-58124000,-36924000
2010/05/21,0,20327000,-11915220,8411780
2010/05/24,0,18937000,-31427000,-12490000
2010/05/25,0,12305000,-17376199,-5071199
2010/05/26,0,18851920,-18240000,611920
2010/05/27,0,16223876,-15945110,278766
2010/05/28,0,31181000,-15172000,16009000
2010/05/31,0,38500000,-9137000,29363000
2010/06/01,0,19683000,-19968000,-285000
2010/06/02,0,35717000,-38284000,-2567000
2010/06/03,0,32387000,-18661000,13726000
2010/06/04,0,22746000,-28943000,-6197000
2010/06/07,0,28259340,-29593468,-1334128
2010/06/08,0,26151000,-54611000,-28460000
2010/06/09,0,46514000,-69079700,-22565700
2010/06/10,0,11924000,-16446757,-4522757
2010/06/11,0,16747000,-4453400,12293600
2010/06/14,0,15277000,-4078000,11199000
2010/06/15,0,20365000,-10724650,9640350
2010/06/16,0,0,0,0
2010/06/17,0,35377505,-59121636,-23744131
2010/06/18,0,21199000,-23420500,-2221500
2010/06/21,0,49142000,-43232868,5909132
2010/06/22,0,6638500,-17176000,-10537500
2010/06/23,0,5292000,-1134271,4157729
2010/06/24,0,5759000,-23646900,-17887900
2010/06/25,0,5488461,-19661790,-14173329
2010/06/28,0,7353000,-13117000,-5764000
2010/06/29,0,10935000,-13024000,-2089000
2010/06/30,0,18340000,-27794945,-9454945
2010/07/01,0,19612177,-37316717,-17704540
2010/07/02,0,9058500,-23675291,-14616791
2010/07/05,0,13636000,-9210973,4425027
2010/07/06,0,13793000,-13245000,548000
2010/07/07,0,15821332,-18820000,-2998668
2010/07/08,0,7929000,-17315003,-9386003
2010/07/09,0,10786595,-11339000,-552405
2010/07/12,0,13550000,-11485192,2064808
2010/07/13,0,15173000,-8463000,6710000
2010/07/14,0,43854800,-6204285,37650515
2010/07/15,0,14676000,-13064000,1612000
2010/07/16,0,17979211,-21424313,-3445102
2010/07/19,0,10240000,-10372000,-132000
2010/07/20,0,10643370,-4188500,6454870
2010/07/21,0,13545000,-2594000,10951000
2010/07/22,0,12165580,-12314000,-148420
2010/07/23,0,20417880,-31947000,-11529120
2010/07/26,0,22833280,-13967753,8865527
2010/07/27,0,25831884,-24648000,1183884
2010/07/28,0,15771000,-32264000,-16493000
2010/07/29,0,10608000,-19091353,-8483353
2010/07/30,0,6013642,-33704700,-27691058
2010/08/02,0,20944000,-24902240,-3958240
2010/08/03,0,7604000,-16142000,-8538000
2010/08/04,0,2666000,-43135204,-40469204
2010/08/05,0,12218000,-56520887,-44302887
2010/08/06,0,9906000,-16226002,-6320002
2010/08/09,0,13663000,-14345586,-682586
2010/08/10,0,4958000,-18057000,-13099000
2010/08/11,0,3910000,-12365697,-8455697
2010/08/12,0,5922369,-31107003,-25184634
2010/08/13,0,5844053,-34281000,-28436947
2010/08/16,0,2333000,-23221000,-20888000
2010/08/17,0,4437000,-27264493,-22827493
2010/08/18,0,6356000,-25474000,-19118000
2010/08/19,0,11586000,-29841899,-18255899
2010/08/20,0,3519000,-11774653,-8255653
2010/08/23,0,7506000,-19998686,-12492686
2010/08/24,0,2573000,-24918849,-22345849
2010/08/25,0,21882000,-63555000,-41673000
2010/08/26,0,27457000,-53326568,-25869568
2010/08/27,0,10748000,-39110512,-28362512
2010/08/30,0,8891205,-11827000,-2935795
2010/08/31,0,15450000,-17595561,-2145561
2010/09/01,0,14607000,-11347000,3260000
2010/09/02,0,11076781,-16575000,-5498219
2010/09/03,0,12468000,-16290450,-3822450
2010/09/06,0,14774580,-11975000,2799580
2010/09/07,0,10981000,-23409270,-12428270
2010/09/08,0,18349610,-12422867,5926743
2010/09/09,0,23879000,-19760000,4119000
2010/09/10,0,27289530,-18920000,8369530
2010/09/13,0,35458000,-21174000,14284000
2010/09/14,0,21745000,-36976416,-15231416
2010/09/15,0,19561877,-36509869,-16947992
2010/09/16,0,12123000,-11021819,1101181
2010/09/17,0,26379000,-28175000,-1796000
2010/09/20,0,13156000,-14637000,-1481000
2010/09/21,0,6206000,-6869174,-663174
2010/09/22,0,0,0,0
2010/09/23,0,18798940,-8639000,10159940
2010/09/24,0,33873720,-38269000,-4395280
2010/09/27,0,9723640,-9319000,404640
2010/09/28,0,21197070,-17121600,4075470
2010/09/29,0,17982000,-21298000,-3316000
2010/09/30,0,10708000,-12274000,-1566000
2010/10/01,0,9393779,-7020000,2373779
2010/10/04,0,21928110,-13683000,8245110
2010/10/05,0,14180340,-13569676,610664
2010/10/06,0,25697271,-16499000,9198271
2010/10/07,0,25374880,-16260000,9114880
2010/10/08,0,14702210,-8439000,6263210
2010/10/11,0,11889970,-10066000,1823970
2010/10/12,0,20762640,-35264486,-14501846
2010/10/13,0,22244370,-34489000,-12244630
2010/10/14,0,22286290,-13732000,8554290
2010/10/15,0,12348850,-5041373,7307477
2010/10/18,0,10623000,-21218000,-10595000
2010/10/19,0,15544000,-25360494,-9816494
2010/10/20,0,25257000,-16297000,8960000
2010/10/21,0,12356000,-20694000,-8338000
2010/10/22,0,14043825,-18139258,-4095433
2010/10/25,0,45662000,-34101000,11561000
2010/10/26,0,17805000,-24933521,-7128521
2010/10/27,0,15491410,-17628000,-2136590
2010/10/28,0,84306083,-276210000,-191903917
2010/10/29,0,74663000,-143672000,-69009000
2010/11/01,0,30285000,-53320000,-23035000
2010/11/02,0,9112000,-23624100,-14512100
2010/11/03,0,34350000,-32489000,1861000
2010/11/04,0,46187000,-62977000,-16790000
2010/11/05,0,112242000,-64417538,47824462
2010/11/08,0,11011000,-3802000,7209000
2010/11/09,0,17906000,-5775328,12130672
2010/11/10,0,16434000,-6888880,9545120
2010/11/11,0,9707000,-13997320,-4290320
2010/11/12,0,11291000,-16119000,-4828000
2010/11/15,0,24407173,-3422000,20985173
2010/11/16,0,19738000,-12606000,7132000
2010/11/17,0,19184000,-9899000,9285000
2010/11/18,0,2945000,-21038470,-18093470
2010/11/19,0,5297430,-11826000,-6528570
2010/11/22,0,22186440,-2882000,19304440
2010/11/23,0,6057090,-22466059,-16408969
2010/11/24,0,5301000,-16014000,-10713000
2010/11/25,0,22336000,-4374000,17962000
2010/11/26,0,9859000,-4501000,5358000
2010/11/29,0,33794000,-19894275,13899725
2010/11/30,0,41468424,-27889028,13579396
2010/12/01,0,30936000,-14589419,16346581
2010/12/02,0,43561000,-15259555,28301445
2010/12/03,0,13374000,-12937000,437000
2010/12/06,0,15517000,-5459135,10057865
2010/12/07,0,13961320,-5211977,8749343
2010/12/08,0,11307000,-8184000,3123000
2010/12/09,0,45342000,-11275869,34066131
2010/12/10,0,13147069,-4350756,8796313
2010/12/13,0,10784000,-1235800,9548200
2010/12/14,0,26728000,-6147000,20581000
2010/12/15,0,20507000,-8391000,12116000
2010/12/16,0,32441000,-23769058,8671942
2010/12/17,0,31160000,-13683000,17477000
2010/12/20,0,30828210,-12388000,18440210
2010/12/21,0,2498000,-8418044,-5920044
2010/12/22,0,5414214,-10469370,-5055156
2010/12/23,0,4553000,-2278000,2275000
2010/12/24,0,3375000,-4189195,-814195
2010/12/27,0,5237000,-94000,5143000
2010/12/28,0,5522000,-1124000,4398000
2010/12/29,0,5632660,-11074000,-5441340
2010/12/30,0,11476000,-10919000,557000
2010/12/31,0,8006000,-1536280,6469720
2011/01/03,0,5033000,-2063000,2970000
2011/01/04,0,3401500,-1528000,1873500
2011/01/05,0,8500000,-9768000,-1268000
2011/01/06,0,12647000,-9085000,3562000
2011/01/07,0,22376000,-6517190,15858810
2011/01/10,0,14920000,-9908779,5011221
2011/01/11,0,44862000,-6335032,38526968
2011/01/12,0,14966000,-30450687,-15484687
2011/01/13,0,31463545,-19196400,12267145
2011/01/14,0,19611000,-11232000,8379000
2011/01/17,0,56524704,-34359000,22165704
2011/01/18,0,46262000,-23637400,22624600
2011/01/19,0,32684000,-33643576,-959576
2011/01/20,0,16441573,-18052425,-1610852
2011/01/21,0,20441000,-26714000,-6273000
2011/01/24,0,5769000,-12527000,-6758000
2011/01/25,0,21869000,-15420000,6449000
2011/01/26,0,8332000,-12989683,-4657683
2011/01/27,0,53569000,-44179050,9389950
2011/01/28,0,27427790,-17264000,10163790
2011/01/31,0,0,0,0
2011/02/01,0,0,0,0
2011/02/02,0,0,0,0
2011/02/03,0,0,0,0
2011/02/04,0,0,0,0
2011/02/07,0,0,0,0
2011/02/08,0,39295000,-58938000,-19643000
2011/02/09,0,17907359,-40991767,-23084408
2011/02/10,0,10760000,-16379996,-5619996
2011/02/11,0,13461000,-17873177,-4412177
2011/02/14,0,13214000,-24137410,-10923410
2011/02/15,0,9978000,-23044883,-13066883
2011/02/16,0,3064000,-19607811,-16543811
2011/02/17,0,8441000,-16779780,-8338780
2011/02/18,0,21290000,-13951000,7339000
2011/02/21,0,6646000,-7403500,-757500
2011/02/22,0,12579515,-25230500,-12650985
2011/02/23,0,21902000,-17017310,4884690
2011/02/24,0,12057279,-23763000,-11705721
2011/02/25,0,10723000,-44404394,-33681394
2011/02/28,0,0,0,0
2011/03/01,0,21321416,-25707000,-4385584
2011/03/02,0,5058279,-20536842,-15478563
2011/03/03,0,16067000,-11568843,4498157
2011/03/04,0,16881168,-17533885,-652717
2011/03/07,0,3973000,-3181000,792000
2011/03/08,0,12235000,-30766000,-18531000
2011/03/09,0,15991177,-60467328,-44476151
2011/03/10,0,5610000,-42455867,-36845867
2011/03/11,0,5809000,-16113718,-10304718
2011/03/14,0,20698000,-15452549,5245451
2011/03/15,0,31990000,-14772340,17217660
2011/03/16,0,18188000,-51993301,-33805301
2011/03/17,0,14880000,-24387260,-9507260
2011/03/18,0,9993000,-25934920,-15941920
2011/03/21,0,6570000,-8102000,-1532000
2011/03/22,0,5472905,-14143000,-8670095
2011/03/23,0,12020000,-2233000,9787000
2011/03/24,0,9559000,-5547000,4012000
2011/03/25,0,11585000,-7766000,3819000
2011/03/28,0,18169000,-10929000,7240000
2011/03/29,0,17414000,-9813514,7600486
2011/03/30,0,13326000,-14669000,-1343000
2011/03/31,0,21899694,-8893504,13006190
2011/04/01,0,13679754,-12070000,1609754
2011/04/04,0,0,0,0
2011/04/05,0,0,0,0
2011/04/06,0,29778638,-42458247,-12679609
2011/04/07,0,18619000,-11582537,7036463
2011/04/08,0,34251946,-2952000,31299946
2011/04/11,0,20775509,-10042000,10733509
2011/04/12,0,10297638,-8068000,2229638
2011/04/13,0,19311000,-16012512,3298488
2011/04/14,0,9557000,-20851000,-11294000
2011/04/15,0,13079000,-22339767,-9260767
2011/04/18,0,16417000,-16272768,144232
2011/04/19,0,16553192,-13106158,3447034
2011/04/20,0,20380034,-15703609,4676425
2011/04/21,0,13668000,-2951328,10716672
2011/04/22,0,6336000,-3093000,3243000
2011/04/25,0,3058000,-1580000,1478000
2011/04/26,0,20606635,-5863000,14743635
2011/04/27,0,10367000,-2659222,7707778
2011/04/28,0,11937862,-11737090,200772
2011/04/29,0,9100176,-33322534,-24222358
2011/05/02,0,0,0,0
2011/05/03,0,9723617,-15184000,-5460383
2011/05/04,0,17481287,-17440000,41287
2011/05/05,0,6369000,-6550000,-181000
2011/05/06,0,10267845,-12239000,-1971155
2011/05/09,0,15963000,-5574257,10388743
2011/05/10,0,7640000,-5271882,2368118
2011/05/11,0,7872000,-8499000,-627000
2011/05/12,0,18165000,-20051859,-1886859
2011/05/13,0,11945000,-13199000,-1254000
2011/05/16,0,21682000,-18656589,3025411
2011/05/17,0,18759000,-24442000,-5683000
2011/05/18,0,17429000,-59095000,-41666000
2011/05/19,0,24553000,-21329000,3224000
2011/05/20,0,19573000,-22784061,-3211061
2011/05/23,0,10579000,-24966826,-14387826
2011/05/24,0,13921000,-21721523,-7800523
2011/05/25,0,12075190,-18163000,-6087810
2011/05/26,0,10039000,-18153664,-8114664
2011/05/27,0,2684000,-27142000,-24458000
2011/05/30,0,16724000,-17133000,-409000
2011/05/31,0,23436000,-25978672,-2542672
2011/06/01,0,17778400,-15207660,2570740
2011/06/02,0,18690000,-15772765,2917235
2011/06/03,0,6050900,-8766950,-2716050
2011/06/06,0,0,0,0
2011/06/07,0,12126000,-20264260,-8138260
2011/06/08,0,12196000,-7901000,4295000
2011/06/09,0,7308000,-3864000,3444000
2011/06/10,0,9424586,-4350000,5074586
2011/06/13,0,7904000,-26287357,-18383357
2011/06/14,0,41182000,-49678544,-8496544
2011/06/15,0,25682000,-20460665,5221335
2011/06/16,0,4937000,-33671258,-28734258
2011/06/17,0,8091000,-14493699,-6402699
2011/06/20,0,4100000,-7924432,-3824432
2011/06/21,0,14699560,-13304000,1395560
2011/06/22,0,15566000,-20553000,-4987000
2011/06/23,0,5729129,-10925408,-5196279
2011/06/24,0,8208000,-17951235,-9743235
2011/06/27,0,11400000,-10258567,1141433
2011/06/28,0,19762000,-13887071,5874929
2011/06/29,0,34488650,-18538000,15950650
2011/06/30,0,20510000,-22435500,-1925500
2011/07/01,0,27649344,-22431000,5218344
2011/07/04,0,25304109,-20491341,4812768
2011/07/05,0,32487064,-29361374,3125690
2011/07/06,0,16350690,-13739000,2611690
2011/07/07,0,30619929,-26114429,4505500
2011/07/08,0,15552198,-14385000,1167198
2011/07/11,0,8313589,-14048000,-5734411
2011/07/12,0,17359359,-26888625,-9529266
2011/07/13,0,6284531,-10954000,-4669469
2011/07/14,0,8125815,-25145300,-17019485
2011/07/15,0,3796881,-10577000,-6780119
2011/07/18,0,1542020,-4938000,-3395980
2011/07/19,0,3501075,-13017330,-9516255
2011/07/20,0,12097275,-10091000,2006275
2011/07/21,0,26803901,-34485000,-7681099
2011/07/22,0,22944465,-9710000,13234465
2011/07/25,0,4998146,-3899000,1099146
2011/07/26,0,10339921,-11141298,-801377
2011/07/27,0,5784900,-13474000,-7689100
2011/07/28,0,7604228,-3585001,4019227
2011/07/29,0,11847638,-8736634,3111004
2011/08/01,0,11438161,-4814000,6624161
2011/08/02,0,6112492,-13417000,-7304508
2011/08/03,0,10065579,-10936000,-870421
2011/08/04,0,19506335,-14402700,5103635
2011/08/05,0,17212043,-28366097,-11154054
2011/08/08,0,40715936,-34691968,6023968
2011/08/09,0,38691000,-24620389,14070611
2011/08/10,0,22391000,-56956103,-34565103
2011/08/11,0,25304000,-41783337,-16479337
2011/08/12,0,40290000,-45305777,-5015777
2011/08/15,0,16918211,-5332000,11586211
2011/08/16,0,22906000,-15274394,7631606
2011/08/17,0,28280520,-34431000,-6150480
2011/08/18,0,27134184,-22728000,4406184
2011/08/19,0,16695838,-9185000,7510838
2011/08/22,0,9347070,-6367000,2980070
2011/08/23,0,8215000,-7466645,748355
2011/08/24,0,11303608,-28458725,-17155117
2011/08/25,0,18577796,-14980739,3597057
2011/08/26,0,12014348,-14192234,-2177886
2011/08/29,0,21303000,-18504569,2798431
2011/08/30,0,33577244,-36318598,-2741354
2011/08/31,0,15987009,-12106000,3881009
2011/09/01,0,41151573,-21583173,19568400
2011/09/02,0,10886976,-26282853,-15395877
2011/09/05,0,3698000,-29626545,-25928545
2011/09/06,0,4741919,-16987953,-12246034
2011/09/07,0,11131665,-8912000,2219665
2011/09/08,0,17535895,-23734250,-6198355
2011/09/09,0,11342000,-7904000,3438000
2011/09/12,0,0,0,0
2011/09/13,0,8250079,-13855000,-5604921
2011/09/14,0,8928352,-21287346,-12358994
2011/09/15,0,17726624,-15020535,2706089
2011/09/16,0,47286000,-11953681,35332319
2011/09/19,0,4019248,-2204000,1815248
2011/09/20,0,12087433,-6035000,6052433
2011/09/21,0,6263104,-3339992,2923112
2011/09/22,0,7481872,-18690156,-11208284
2011/09/23,0,34811930,-42171352,-7359422
2011/09/26,0,21308993,-10051000,11257993
2011/09/27,0,41609382,-7191000,34418382
2011/09/28,0,30391117,-23040697,7350420
2011/09/29,0,14609587,-5808000,8801587
2011/09/30,0,18179000,-20436000,-2257000
2011/10/03,0,10013320,-17352904,-7339584
2011/10/04,0,20833000,-5534000,15299000
2011/10/05,0,11107000,-5260000,5847000
2011/10/06,0,22677000,-4473000,18204000
2011/10/07,0,15989000,-958000,15031000
2011/10/10,0,0,0,0
2011/10/11,0,28350000,-16465000,11885000
2011/10/12,0,10349287,-1895103,8454184
2011/10/13,0,16429509,-5009000,11420509
2011/10/14,0,6617745,-1960000,4657745
2011/10/17,0,12462114,-2215060,10247054
2011/10/18,0,5366829,-7431850,-2065021
2011/10/19,0,8506310,-1451000,7055310
2011/10/20,0,15951395,-4555200,11396195
2011/10/21,0,6837908,-3863000,2974908
2011/10/24,0,18925906,-6493000,12432906
2011/10/25,0,15869508,-10574400,5295108
2011/10/26,0,21845000,-4693850,17151150
2011/10/27,0,52717000,-15285000,37432000
2011/10/28,0,43921000,-7038049,36882951
2011/10/31,0,29779000,-15645000,14134000
2011/11/01,0,17660000,-9460225,8199775
2011/11/02,0,9729000,-18596200,-8867200
2011/11/03,0,14026000,-11638000,2388000
2011/11/04,0,15236535,-3195000,12041535
2011/11/07,0,3229000,-1882000,1347000
2011/11/08,0,6904435,-3667000,3237435
2011/11/09,0,10503000,-2419000,8084000
2011/11/10,0,14272000,-22497000,-8225000
2011/11/11,0,7439000,-5672900,1766100
2011/11/14,0,18213000,-3459000,14754000
2011/11/15,0,4302000,-2435000,1867000
2011/11/16,0,11438000,-5587000,5851000
2011/11/17,0,5716000,-5296027,419973
2011/11/18,0,11849000,-10390415,1458585
2011/11/21,0,8419000,-8301000,118000
2011/11/22,0,19422000,-11272400,8149600
2011/11/23,0,16919000,-26424944,-9505944
2011/11/24,0,9337000,-10984000,-1647000
2011/11/25,0,21867000,-19286000,2581000
2011/11/28,0,11355064,-9498000,1857064
2011/11/29,0,41911000,-30392000,11519000
2011/11/30,0,43366960,-16610000,26756960
2011/12/01,0,28366424,-16157000,12209424
2011/12/02,0,9857900,-2402000,7455900
2011/12/05,0,16235743,-15558743,677000
2011/12/06,0,9798606,-8729000,1069606
2011/12/07,0,20912000,-18495000,2417000
2011/12/08,0,13260000,-16386000,-3126000
2011/12/09,0,5811999,-13901000,-8089001
2011/12/12,0,4967000,-5077000,-110000
2011/12/13,0,8363000,-16702000,-8339000
2011/12/14,0,8325424,-14058371,-5732947
2011/12/15,0,17393606,-23630000,-6236394
2011/12/16,0,12035000,-7524000,4511000
2011/12/19,0,18735000,-14382568,4352432
2011/12/20,0,16423000,-28666000,-12243000
2011/12/21,0,14511000,-8841197,5669803
2011/12/22,0,3434000,-5801000,-2367000
2011/12/23,0,10867000,-1731000,9136000
2011/12/26,0,2387000,-1873000,514000
2011/12/27,0,6002001,-1157000,4845001
2011/12/28,0,8515000,-449000,8066000
2011/12/29,0,7322000,-2845000,4477000
2011/12/30,0,7401000,-2419835,4981165
2012/01/02,0,1762000,-1355000,407000
2012/01/03,0,6699000,-1705000,4994000
2012/01/04,0,21023000,-6070000,14953000
2012/01/05,0,16569212,-8060000,8509212
2012/01/06,0,11558500,-14454000,-2895500
2012/01/09,0,7014000,-8797000,-1783000
2012/01/10,0,43328000,-11446000,31882000
2012/01/11,0,46856000,-12332000,34524000
2012/01/12,0,56202000,-11173647,45028353
2012/01/13,0,32697000,-9589000,23108000
2012/01/16,0,13249000,-14376000,-1127000
2012/01/17,0,20183990,-9895000,10288990
2012/01/18,0,40594000,-12976235,27617765
2012/01/19,0,0,0,0
2012/01/20,0,0,0,0
2012/01/23,0,0,0,0
2012/01/24,0,0,0,0
2012/01/25,0,0,0,0
2012/01/26,0,0,0,0
2012/01/27,0,0,0,0
2012/01/30,0,120336357,-25393135,94943222
2012/01/31,0,60529132,-16965000,43564132
2012/02/01,0,64764334,-21239100,43525234
2012/02/02,0,27324509,-9206058,18118451
2012/02/03,0,25375000,-5814819,19560181
2012/02/06,0,22958000,-14296793,8661207
2012/02/07,0,30346000,-13756100,16589900
2012/02/08,0,18535000,-16558690,1976310
2012/02/09,0,38968563,-43190562,-4221999
2012/02/10,0,37661000,-24094300,13566700
2012/02/13,0,20598000,-25466729,-4868729
2012/02/14,0,20973146,-21440800,-467654
2012/02/15,0,40227200,-18359110,21868090
2012/02/16,0,21132996,-10290900,10842096
2012/02/17,0,34517000,-18413000,16104000
2012/02/20,0,14674000,-10375000,4299000
2012/02/21,0,28534000,-18873445,9660555
2012/02/22,0,32532000,-24195000,8337000
2012/02/23,0,22209000,-21199000,1010000
2012/02/24,0,25664000,-14859000,10805000
2012/02/27,0,0,0,0
2012/02/28,0,0,0,0
2012/02/29,0,71976622,-40850000,31126622
2012/03/01,0,32902268,-10478299,22423969
2012/03/02,0,8943837,-11537000,-2593163
2012/03/05,0,14506000,-11319932,3186068
2012/03/06,0,26771710,-23652899,3118811
2012/03/07,0,18836000,-32467000,-13631000
2012/03/08,0,8426000,-15252900,-6826900
2012/03/09,0,16698000,-17416000,-718000
2012/03/12,0,9809000,-5895000,3914000
2012/03/13,0,35692850,-12498520,23194330
2012/03/14,0,21629142,-15883325,5745817
2012/03/15,0,34054000,-10627000,23427000
2012/03/16,0,12763000,-13757526,-994526
2012/03/19,0,9469000,-13473592,-4004592
2012/03/20,0,12947000,-3847000,9100000
2012/03/21,0,13446000,-9773000,3673000
2012/03/22,0,31045000,-10953000,20092000
2012/03/23,0,4760700,-8400706,-3640006
2012/03/26,0,21442000,-30913944,-9471944
2012/03/27,0,12957000,-4062000,8895000
2012/03/28,0,9738000,-5805777,3932223
2012/03/29,0,21321000,-23349955,-2028955
2012/03/30,0,36868725,-49743500,-12874775
2012/04/02,0,13448000,-17900000,-4452000
2012/04/03,0,28440286,-19539429,8900857
2012/04/04,0,0,0,0
2012/04/05,0,13637000,-19859000,-6222000
2012/04/06,0,19367324,-36400909,-17033585
2012/04/09,0,17595000,-24390000,-6795000
2012/04/10,0,33568400,-27954000,5614400
2012/04/11,0,23161000,-19528429,3632571
2012/04/12,0,11833000,-17491065,-5658065
2012/04/13,0,18483508,-15641824,2841684
2012/04/16,0,5704219,-7645000,-1940781
2012/04/17,0,17397000,-16740000,657000
2012/04/18,0,13984000,-12275000,1709000
2012/04/19,0,21598000,-5376000,16222000
2012/04/20,0,29071000,-15907758,13163242
2012/04/23,0,36837398,-12084914,24752484
2012/04/24,0,22809000,-20343290,2465710
2012/04/25,0,28358693,-23273000,5085693
2012/04/26,0,39931000,-28358000,11573000
2012/04/27,0,53952000,-20403851,33548149
2012/04/30,0,43279281,-30163111,13116170
2012/05/01,0,0,0,0
2012/05/02,0,46911000,-28499762,18411238
2012/05/03,0,17841000,-9697000,8144000
2012/05/04,0,17882380,-22376000,-4493620
2012/05/07,0,44917900,-72209300,-27291400
2012/05/08,0,27327000,-19546500,7780500
2012/05/09,0,12366000,-31775000,-19409000
2012/05/10,0,10710410,-9237351,1473059
2012/05/11,0,11764170,-14524000,-2759830
2012/05/14,0,9811000,-8786000,1025000
2012/05/15,0,19609000,-32173000,-12564000
2012/05/16,0,17510000,-41907991,-24397991
2012/05/17,0,19077232,-27163706,-8086474
2012/05/18,0,21258000,-48614000,-27356000
2012/05/21,0,8742000,-18732000,-9990000
2012/05/22,0,15160000,-19901000,-4741000
2012/05/23,0,27807000,-49054000,-21247000
2012/05/24,0,34694000,-55517766,-20823766
2012/05/25,0,20592676,-24705696,-4113020
2012/05/28,0,14684000,-21671000,-6987000
2012/05/29,0,41431000,-40298000,1133000
2012/05/30,0,29737000,-23091378,6645622
2012/05/31,0,23077010,-30455631,-7378621
2012/06/01,0,8095000,-28439155,-20344155
2012/06/04,0,33185531,-52309254,-19123723
2012/06/05,0,14308000,-39408000,-25100000
2012/06/06,0,16401000,-35555000,-19154000
2012/06/07,0,10362371,-21402000,-11039629
2012/06/08,0,7732175,-7047000,685175
2012/06/11,0,10626393,-22341000,-11714607
2012/06/12,0,20329000,-9928000,10401000
2012/06/13,0,15607748,-13470948,2136800
2012/06/14,0,12134106,-13499216,-1365110
2012/06/15,0,59477655,-59057569,420086
2012/06/18,0,18744895,-23565515,-4820620
2012/06/19,0,5563319,-548000,5015319
2012/06/20,0,27711835,-8791968,18919867
2012/06/21,0,15953385,-8726000,7227385
2012/06/22,0,2084470,-17651720,-15567250
2012/06/25,0,806247,-11361000,-10554753
2012/06/26,0,9378000,-14963000,-5585000
2012/06/27,0,6996000,-12386000,-5390000
2012/06/28,0,11857000,-17700290,-5843290
2012/06/29,0,43613000,-22997000,20616000
2012/07/02,0,27665000,-27499000,166000
2012/07/03,0,32762000,-35097000,-2335000
2012/07/04,0,9277755,-25228000,-15950245
2012/07/05,0,13100000,-19738000,-6638000
2012/07/06,0,15650000,-19387280,-3737280
2012/07/09,0,20630870,-25114650,-4483780
2012/07/10,0,17281000,-19555000,-2274000
2012/07/11,0,5318000,-7999656,-2681656
2012/07/12,0,13087491,-14903000,-1815509
2012/07/13,0,8417492,-16020986,-7603494
2012/07/16,0,13913830,-11053700,2860130
2012/07/17,0,23207500,-13133000,10074500
2012/07/18,0,12896000,-17739000,-4843000
2012/07/19,0,21743000,-7912000,13831000
2012/07/20,0,25611000,-14561782,11049218
2012/07/23,0,15525882,-18078000,-2552118
2012/07/24,0,9377000,-12368000,-2991000
2012/07/25,0,5291000,-22417302,-17126302
2012/07/26,0,9515199,-11192436,-1677237
2012/07/27,0,14220199,-10400850,3819349
2012/07/30,0,9714498,-3495000,6219498
2012/07/31,0,27063000,-16042639,11020361
2012/08/01,0,10622000,-9942505,679495
2012/08/02,0,0,0,0
2012/08/03,0,19098284,-17812500,1285784
2012/08/06,0,28364000,-4046000,24318000
2012/08/07,0,16525000,-9897250,6627750
2012/08/08,0,13880629,-6084465,7796164
2012/08/09,0,21746330,-16301000,5445330
2012/08/10,0,11152000,-14142025,-2990025
2012/08/13,0,9529000,-9600029,-71029
2012/08/14,0,17571964,-16163000,1408964
2012/08/15,0,15321000,-15766000,-445000
2012/08/16,0,7813000,-12812000,-4999000
2012/08/17,0,35979000,-26099000,9880000
2012/08/20,0,12288000,-38401000,-26113000
2012/08/21,0,15673137,-31013587,-15340450
2012/08/22,0,18632202,-29968000,-11335798
2012/08/23,0,15407065,-11344036,4063029
2012/08/24,0,9270136,-6811820,2458316
2012/08/27,0,4569000,-12350000,-7781000
2012/08/28,0,7971514,-7134000,837514
2012/08/29,0,16391000,-12812000,3579000
2012/08/30,0,18947000,-18332252,614748
2012/08/31,0,9108544,-9645353,-536809
2012/09/03,0,6039000,-20870000,-14831000
2012/09/04,0,4428000,-6169000,-1741000
2012/09/05,0,23235000,-50828600,-27593600
2012/09/06,0,3746000,-14483000,-10737000
2012/09/07,0,13875000,-14744929,-869929
2012/09/10,0,13507407,-11469000,2038407
2012/09/11,0,8744000,-6245000,2499000
2012/09/12,0,6595000,-14295900,-7700900
2012/09/13,0,7339000,-8583032,-1244032
2012/09/14,0,32551000,-39493000,-6942000
2012/09/17,0,9155000,-16643500,-7488500
2012/09/18,0,4539000,-11951000,-7412000
2012/09/19,0,12934000,-6352000,6582000
2012/09/20,0,9405000,-10884997,-1479997
2012/09/21,0,16919452,-14199000,2720452
2012/09/24,0,8296910,-12663000,-4366090
2012/09/25,0,15401000,-11418000,3983000
2012/09/26,0,13300000,-15682700,-2382700
2012/09/27,0,19309000,-21612319,-2303319
2012/09/28,0,23359800,-14789244,8570556
2012/10/01,0,9527000,-13751000,-4224000
2012/10/02,0,13079000,-8035062,5043938
2012/10/03,0,2870000,-5780818,-2910818
2012/10/04,0,3425000,-16676000,-13251000
2012/10/05,0,3839000,-11305250,-7466250
2012/10/08,0,7918800,-9417000,-1498200
2012/10/09,0,16092260,-10986000,5106260
2012/10/10,0,0,0,0
2012/10/11,0,3353000,-8006000,-4653000
2012/10/12,0,13352000,-18075000,-4723000
2012/10/15,0,8453804,-26980000,-18526196
2012/10/16,0,8051000,-22425000,-14374000
2012/10/17,0,5217000,-12617043,-7400043
2012/10/18,0,8353000,-13290000,-4937000
2012/10/19,0,10052000,-21484900,-11432900
2012/10/22,0,8009000,-13880907,-5871907
2012/10/23,0,4527300,-10371259,-5843959
2012/10/24,0,6034000,-6652657,-618657
2012/10/25,0,8384103,-4521000,3863103
2012/10/26,0,7053000,-8867000,-1814000
2012/10/29,0,6149300,-4808000,1341300
2012/10/30,0,6406000,-11204000,-4798000
2012/10/31,0,6131000,-10890000,-4759000
2012/11/01,0,12005000,-30811000,-18806000
2012/11/02,0,6116000,-19654000,-13538000
2012/11/05,0,9154000,-9567415,-413415
2012/11/06,0,17946000,-27759000,-9813000
2012/11/07,0,22496000,-36922443,-14426443
2012/11/08,0,19636000,-23702333,-4066333
2012/11/09,0,11666000,-15831000,-4165000
2012/11/12,0,7902000,-15395000,-7493000
2012/11/13,0,13577000,-22102000,-8525000
2012/11/14,0,16750000,-19629000,-2879000
2012/11/15,0,10135000,-10922000,-787000
2012/11/16,0,7035000,-10858000,-3823000
2012/11/19,0,4303000,-8779000,-4476000
2012/11/20,0,4283000,-13201246,-8918246
2012/11/21,0,18428000,-40077000,-21649000
2012/11/22,0,8584000,-27326915,-18742915
2012/11/23,0,25405000,-68994000,-43589000
2012/11/26,0,11983000,-7715500,4267500
2012/11/27,0,16895000,-14416000,2479000
2012/11/28,0,22837300,-24464645,-1627345
2012/11/29,0,18993000,-32989000,-13996000
2012/11/30,0,50495000,-64018514,-13523514
2012/12/03,0,10386000,-12207712,-1821712
2012/12/04,0,9092000,-26754000,-17662000
2012/12/05,0,15264000,-28789000,-13525000
2012/12/06,0,30060000,-17029698,13030302
2012/12/07,0,21595000,-19550000,2045000
2012/12/10,0,12389000,-10575000,1814000
2012/12/11,0,19118705,-14250000,4868705
2012/12/12,0,16165309,-10277000,5888309
2012/12/13,0,24297328,-30675765,-6378437
2012/12/14,0,40375679,-23445382,16930297
2012/12/17,0,25087000,-20717000,4370000
2012/12/18,0,12982000,-19403000,-6421000
2012/12/19,0,27818000,-23068000,4750000
2012/12/20,0,10940000,-28387035,-17447035
2012/12/21,0,10414000,-17724826,-7310826
2012/12/24,0,2383000,-5875794,-3492794
2012/12/25,0,4400000,-332000,4068000
2012/12/26,0,3319000,-6961000,-3642000
2012/12/27,0,7167900,-9544000,-2376100
2012/12/28,0,20330000,-13103262,7226738
2012/12/31,0,0,0,0
2013/01/01,0,0,0,0
2013/01/02,0,10987000,-4282000,6705000
2013/01/03,0,15331000,-26255000,-10924000
2013/01/04,0,16645000,-23857003,-7212003
2013/01/07,0,9476000,-21626100,-12150100
2013/01/08,0,14980000,-12923000,2057000
2013/01/09,0,12032000,-16056000,-4024000
2013/01/10,0,19461000,-16011320,3449680
2013/01/11,0,5965000,-3905000,2060000
2013/01/14,0,8282767,-15391000,-7108233
2013/01/15,0,15485000,-12142000,3343000
2013/01/16,0,8941256,-13126000,-4184744
2013/01/17,0,11570000,-8255000,3315000
2013/01/18,0,27211400,-24200200,3011200
2013/01/21,0,3720000,-11153000,-7433000
2013/01/22,0,5232000,-5031249,200751
2013/01/23,0,9736000,-19335458,-9599458
2013/01/24,0,13736600,-16021000,-2284400
2013/01/25,0,5715258,-13746000,-8030742
2013/01/28,0,8813000,-4213750,4599250
2013/01/29,0,22752616,-8212776,14539840
2013/01/30,0,18220303,-15445074,2775229
2013/01/31,0,16626000,-17217391,-591391
2013/02/01,0,15809000,-5195000,10614000
2013/02/04,0,11585000,-3506000,8079000
2013/02/05,0,2968000,-16809000,-13841000
2013/02/06,0,4212269,-10041000,-5828731
2013/02/07,0,0,0,0
2013/02/08,0,0,0,0
2013/02/11,0,0,0,0
2013/02/12,0,0,0,0
2013/02/13,0,0,0,0
2013/02/14,0,0,0,0
2013/02/15,0,0,0,0
2013/02/18,0,15581227,-46269000,-30687773
2013/02/19,0,9426829,-15924000,-6497171
2013/02/20,0,16808952,-22304000,-5495048
2013/02/21,0,6238000,-18705000,-12467000
2013/02/22,0,16252000,-16061000,191000
2013/02/25,0,10348341,-9005774,1342567
2013/02/26,0,12751165,-17079000,-4327835
2013/02/27,0,12309543,-16218421,-3908878
2013/02/28,0,0,0,0
2013/03/01,0,9613432,-17866000,-8252568
2013/03/04,0,10969000,-28749000,-17780000
2013/03/05,0,19898000,-20517000,-619000
2013/03/06,0,14493000,-13984000,509000
2013/03/07,0,10532000,-13526000,-2994000
2013/03/08,0,11339232,-14685000,-3345768
2013/03/11,0,8441000,-11246788,-2805788
2013/03/12,0,5401000,-16844580,-11443580
2013/03/13,0,12159000,-20920000,-8761000
2013/03/14,0,25546432,-34407713,-8861281
2013/03/15,0,11204480,-24834000,-13629520
2013/03/18,0,5661000,-23107000,-17446000
2013/03/19,0,3371000,-25306900,-21935900
2013/03/20,0,3074000,-21650738,-18576738
2013/03/21,0,5233000,-14441000,-9208000
2013/03/22,0,5952000,-12671054,-6719054
2013/03/25,0,1743000,-10850953,-9107953
2013/03/26,0,15291000,-15742000,-451000
2013/03/27,0,7234000,-10097000,-2863000
2013/03/28,0,4844000,-10104000,-5260000
2013/03/29,0,3605000,-3011000,594000
2013/04/01,0,2037526,-739000,1298526
2013/04/02,0,11032156,-6425000,4607156
2013/04/03,0,8352000,-5966390,2385610
2013/04/04,0,0,0,0
2013/04/05,0,0,0,0
2013/04/08,0,5185744,-20368432,-15182688
2013/04/09,0,3862000,-14508161,-10646161
2013/04/10,0,6773000,-29360000,-22587000
2013/04/11,0,6530274,-16672485,-10142211
2013/04/12,0,4645000,-15464000,-10819000
2013/04/15,0,11399363,-7963001,3436362
2013/04/16,0,20558676,-6454400,14104276
2013/04/17,0,18023000,-18733000,-710000
2013/04/18,0,12181000,-15243251,-3062251
2013/04/19,0,8607000,-13227669,-4620669
2013/04/22,0,2265000,-3280000,-1015000
2013/04/23,0,2751000,-1889000,862000
2013/04/24,0,9707000,-4489186,5217814
2013/04/25,0,11432135,-8861000,2571135
2013/04/26,0,7129000,-11006000,-3877000
2013/04/29,0,9802000,-22070000,-12268000
2013/04/30,0,17133000,-23696645,-6563645
2013/05/01,0,0,0,0
2013/05/02,0,7449000,-11241117,-3792117
2013/05/03,0,11588000,-914000,10674000
2013/05/06,0,6311000,-13225625,-6914625
2013/05/07,0,11402540,-12446513,-1043973
2013/05/08,0,31871071,-13037656,18833415
2013/05/09,0,18987869,-15117550,3870319
2013/05/10,0,118313010,-8410000,109903010
2013/05/13,0,155070000,-22375000,132695000
2013/05/14,0,44782000,-20165212,24616788
2013/05/15,0,30753000,-22073749,8679251
2013/05/16,0,36547000,-7687000,28860000
2013/05/17,0,16086000,-5699294,10386706
2013/05/20,0,34851000,-3526000,31325000
2013/05/21,0,44869000,-16999043,27869957
2013/05/22,0,61021200,-26619000,34402200
2013/05/23,0,22519000,-23560000,-1041000
2013/05/24,0,19704867,-7346000,12358867
2013/05/27,0,11601145,-25296163,-13695018
2013/05/28,0,12199000,-11308328,890672
2013/05/29,0,5076000,-10271641,-5195641
2013/05/30,0,12862000,-21048000,-8186000
2013/05/31,0,16761904,-22824894,-6062990
2013/06/03,0,18557000,-12033000,6524000
2013/06/04,0,66817000,-20989039,45827961
2013/06/05,0,10958000,-21069171,-10111171
2013/06/06,0,13255889,-31691384,-18435495
2013/06/07,0,3243000,-9890261,-6647261
2013/06/10,0,30028000,-18144000,11884000
2013/06/11,0,8427887,-20131904,-11704017
2013/06/12,0,0,0,0
2013/06/13,0,32848000,-40104008,-7256008
2013/06/14,0,16944000,-23564000,-6620000
2013/06/17,0,10261906,-9282000,979906
2013/06/18,0,21592285,-17851503,3740782
2013/06/19,0,8034695,-16726140,-8691445
2013/06/20,0,11369000,-22039703,-10670703
2013/06/21,0,30520000,-79174194,-48654194
2013/06/24,0,27761000,-33089740,-5328740
2013/06/25,0,32368260,-17437029,14931231
2013/06/26,0,58871000,-17733375,41137625
2013/06/27,0,59623000,-45453233,14169767
2013/06/28,0,45241001,-41293277,3947724
2013/07/01,0,26269000,-28204370,-1935370
2013/07/02,0,17585800,-30413642,-12827842
2013/07/03,0,8890000,-28110000,-19220000
2013/07/04,0,12400000,-24063580,-11663580
2013/07/05,0,21058000,-16531000,4527000
2013/07/08,0,10626000,-14483673,-3857673
2013/07/09,0,13530000,-17988696,-4458696
2013/07/10,0,14066000,-15642147,-1576147
2013/07/11,0,27372400,-39772540,-12400140
2013/07/12,0,24221000,-19124000,5097000
2013/07/15,0,14765049,-25871174,-11106125
2013/07/16,0,22414000,-39999000,-17585000
2013/07/17,0,27786000,-80614765,-52828765
2013/07/18,0,39055000,-52301000,-13246000
2013/07/19,0,35620066,-50607263,-14987197
2013/07/22,0,23101342,-29640000,-6538658
2013/07/23,0,36381015,-7594000,28787015
2013/07/24,0,15306960,-8198000,7108960
2013/07/25,0,23436184,-5102000,18334184
2013/07/26,0,34251000,-11248000,23003000
2013/07/29,0,16533000,-25053000,-8520000
2013/07/30,0,14269592,-11282000,2987592
2013/07/31,0,16512367,-8706000,7806367
2013/08/01,0,11392000,-8718000,2674000
2013/08/02,0,17879000,-21272854,-3393854
2013/08/05,0,15609128,-4337832,11271296
2013/08/06,0,23201000,-38008015,-14807015
2013/08/07,0,24950000,-47507000,-22557000
2013/08/08,0,26123857,-55023000,-28899143
2013/08/09,0,13253000,-36893000,-23640000
2013/08/12,0,14383000,-18867000,-4484000
2013/08/13,0,20218000,-9951510,10266490
2013/08/14,0,6645516,-23358000,-16712484
2013/08/15,0,21155000,-42385621,-21230621
2013/08/16,0,11154731,-32035006,-20880275
2013/08/19,0,8258000,-14946320,-6688320
2013/08/20,0,8029332,-14250533,-6221201
2013/08/21,0,0,0,0
2013/08/22,0,7611332,-39525776,-31914444
2013/08/23,0,27245000,-25581327,1663673
2013/08/26,0,18196444,-20425000,-2228556
2013/08/27,0,28041000,-18099000,9942000
2013/08/28,0,5013000,-10811000,-5798000
2013/08/29,0,14041970,-17454468,-3412498
2013/08/30,0,21204000,-16131132,5072868
2013/09/02,0,8514000,-11744000,-3230000
2013/09/03,0,6188000,-13546262,-7358262
2013/09/04,0,13149000,-5036825,8112175
2013/09/05,0,12087804,-4322000,7765804
2013/09/06,0,10192000,-4953000,5239000
2013/09/09,0,16466000,-8627500,7838500
2013/09/10,0,38680000,-10386000,28294000
2013/09/11,0,20209592,-16106590,4103002
2013/09/12,0,16559000,-15628000,931000
2013/09/13,0,14494000,-20919000,-6425000
2013/09/16,0,21350000,-16845647,4504353
2013/09/17,0,6399296,-14118000,-7718704
2013/09/18,0,13581458,-9767000,3814458
2013/09/19,0,0,0,0
2013/09/20,0,0,0,0
2013/09/23,0,44294730,-16897665,27397065
2013/09/24,0,34339080,-28117099,6221981
2013/09/25,0,27154000,-36323000,-9169000
2013/09/26,0,8507000,-23539000,-15032000
2013/09/27,0,12590000,-16847248,-4257248
2013/09/30,0,10470232,-21563917,-11093685
2013/10/01,0,5375246,-12243461,-6868215
2013/10/02,0,11928800,-14751107,-2822307
2013/10/03,0,31509791,-8896000,22613791
2013/10/04,0,12824296,-8079000,4745296
2013/10/07,0,7499455,-7264000,235455
2013/10/08,0,22101000,-17452000,4649000
2013/10/09,0,17513875,-15505000,2008875
2013/10/10,0,0,0,0
2013/10/11,0,8709390,-43400005,-34690615
2013/10/14,0,13785000,-15387888,-1602888
2013/10/15,0,10736000,-18263000,-7527000
2013/10/16,0,5937000,-7076228,-1139228
2013/10/17,0,16196201,-9562500,6633701
2013/10/18,0,27602949,-12257302,15345647
2013/10/21,0,3934000,-6100000,-2166000
2013/10/22,0,4037633,-16341330,-12303697
2013/10/23,0,4976028,-10271000,-5294972
2013/10/24,0,5456455,-13590000,-8133545
2013/10/25,0,11361000,-28511100,-17150100
2013/10/28,0,7740000,-18804000,-11064000
2013/10/29,0,7140455,-21048000,-13907545
2013/10/30,0,37296000,-3929128,33366872
2013/10/31,0,12956000,-83514966,-70558966
2013/11/01,0,6071000,-18990620,-12919620
2013/11/04,0,15017000,-27993500,-12976500
2013/11/05,0,1592746,-10052132,-8459386
2013/11/06,0,3210500,-11358500,-8148000
2013/11/07,0,7300000,-11364000,-4064000
2013/11/08,0,2554000,-3476000,-922000
2013/11/11,0,1641000,-12123000,-10482000
2013/11/12,0,6095000,-22552000,-16457000
2013/11/13,0,7788515,-31407000,-23618485
2013/11/14,0,3746746,-25665000,-21918254
2013/11/15,0,1712000,-11399981,-9687981
2013/11/18,0,3458535,-5202539,-1744004
2013/11/19,0,3860643,-17948643,-14088000
2013/11/20,0,6050489,-11305883,-5255394
2013/11/21,0,5600000,-12852000,-7252000
2013/11/22,0,6401609,-5027000,1374609
2013/11/25,0,2504771,-7108000,-4603229
2013/11/26,0,9232343,-8874324,358019
2013/11/27,0,5399455,-7748000,-2348545
2013/11/28,0,24097000,-2399140,21697860
2013/11/29,0,11062000,-11832000,-770000
2013/12/02,0,11905455,-9317197,2588258
2013/12/03,0,10375267,-13000090,-2624823
2013/12/04,0,7965000,-12628136,-4663136
2013/12/05,0,5322218,-7713767,-2391549
2013/12/06,0,9795609,-11098875,-1303266
2013/12/09,0,9652015,-6923075,2728940
2013/12/10,0,9941000,-3837000,6104000
2013/12/11,0,10270000,-4172000,6098000
2013/12/12,0,3784000,-5010761,-1226761
2013/12/13,0,8367000,-4930730,3436270
2013/12/16,0,382001,-10708800,-10326799
2013/12/17,0,6710895,-9707690,-2996795
2013/12/18,0,5264905,-13615000,-8350095
2013/12/19,0,3304000,-9048000,-5744000
2013/12/20,0,15705365,-13254329,2451036
2013/12/23,0,23747812,-8211000,15536812
2013/12/24,0,1554000,-1533000,21000
2013/12/25,0,1722000,-564000,1158000
2013/12/26,0,1548000,-156000,1392000
2013/12/27,0,9180000,-8618000,562000
2013/12/30,0,6976000,-4799000,2177000
2013/12/31,0,6623000,-4027000,2596000
2014/01/02,0,5288000,-17442000,-12154000
2014/01/03,0,6785155,-15767548,-8982393
2014/01/06,0,44807000,-30569753,14237247
2014/01/07,0,26463000,-14467218,11995782
2014/01/08,0,48723000,-12503000,36220000
2014/01/09,0,18749000,-5815000,12934000
2014/01/10,0,3083000,-10096115,-7013115
2014/01/13,0,4782670,-8709000,-3926330
2014/01/14,0,10791218,-2987893,7803325
2014/01/15,0,19732960,-19611333,121627
2014/01/16,0,21677000,-2316955,19360045
2014/01/17,0,4117455,-8033000,-3915545
2014/01/20,0,3971000,-6771648,-2800648
2014/01/21,0,2975000,-4336680,-1361680
2014/01/22,0,8386170,-4923000,3463170
2014/01/23,0,27113218,-11328000,15785218
2014/01/24,0,23192560,-14312067,8880493
2014/01/27,0,26741000,-51625727,-24884727
2014/02/05,0,19704000,-65669036,-45965036
2014/02/06,0,16559000,-23871000,-7312000
2014/02/07,0,13978000,-28579225,-14601225
2014/02/10,0,4272000,-7484727,-3212727
2014/02/11,0,1731643,-11020200,-9288557
2014/02/12,0,8274000,-12880675,-4606675
2014/02/13,0,4777000,-1065857,3711143
2014/02/14,0,13778000,-6652352,7125648
2014/02/17,0,1935000,-1104000,831000
2014/02/18,0,9465000,-15079847,-5614847
2014/02/19,0,7209001,-2496000,4713001
2014/02/20,0,6848926,-3563790,3285136
2014/02/21,0,8132000,-1899000,6233000
2014/02/24,0,3774000,-5480470,-1706470
2014/02/25,0,10936773,-6842899,4093874
2014/02/26,0,15561000,-10275000,5286000
2014/02/27,0,13589000,-13443608,145392
2014/03/03,0,32003000,-22731000,9272000
2014/03/04,0,7560820,-14752082,-7191262
2014/03/05,0,12688000,-6758168,5929832
2014/03/06,0,30259000,-7920979,22338021
2014/03/07,0,19534000,-12686000,6848000
2014/03/10,0,13458000,-13750785,-292785
2014/03/11,0,21483450,-16177528,5305922
2014/03/12,0,37681725,-5887000,31794725
2014/03/13,0,41663000,-20069494,21593506
2014/03/14,0,18797000,-14713000,4084000
2014/03/17,0,19830000,-14516000,5314000
2014/03/18,0,29950000,-6679000,23271000
2014/03/19,0,8382000,-11787000,-3405000
2014/03/20,0,5951000,-24141000,-18190000
2014/03/21,0,11120000,-21681000,-10561000
2014/03/24,0,6714865,-4838000,1876865
2014/03/25,0,8386000,-6241770,2144230
2014/03/26,0,27871000,-6926832,20944168
2014/03/27,0,14822000,-13600000,1222000
2014/03/28,0,13689000,-7061000,6628000
2014/03/31,0,12023941,-19449000,-7425059
2014/04/01,0,11926000,-8580952,3345048
2014/04/02,0,20327000,-16223500,4103500
2014/04/03,0,23517000,-8047000,15470000
2014/04/07,0,18720000,-23078000,-4358000
2014/04/08,0,14681800,-8773000,5908800
2014/04/09,0,22550000,-14639747,7910253
2014/04/10,0,32128600,-10241333,21887267
2014/04/11,0,11658000,-11303000,355000
2014/04/14,0,7630000,-5129000,2501000
2014/04/15,0,9375000,-9424617,-49617
2014/04/16,0,10840138,-19123000,-8282862
2014/04/17,0,10585910,-12852600,-2266690
2014/04/18,0,7386000,-461000,6925000
2014/04/21,0,4778255,-1115000,3663255
2014/04/22,0,15011550,-8487000,6524550
2014/04/23,0,35997000,-14730000,21267000
2014/04/24,0,20267000,-9206500,11060500
2014/04/25,0,14236000,-18490000,-4254000
2014/04/28,0,12072000,-12065000,7000
2014/04/29,0,19852865,-15832000,4020865
2014/04/30,0,17537040,-20480000,-2942960
2014/05/02,0,63203940,-25416822,37787118
2014/05/05,0,20843000,-27113705,-6270705
2014/05/06,0,28055000,-22915676,5139324
2014/05/07,0,27555000,-23286000,4269000
2014/05/08,0,54788000,-6038000,48750000
2014/05/09,0,8513670,-7123215,1390455
2014/05/12,0,18041800,-16911315,1130485
2014/05/13,0,11990000,-4818018,7171982
2014/05/14,0,34561000,-8567000,25994000
2014/05/15,0,1503000,-3609000,-2106000
2014/05/16,0,10916000,-9222894,1693106
2014/05/19,0,14912709,-2673664,12239045
2014/05/20,0,16066000,-11495462,4570538
2014/05/21,0,5931850,-8624000,-2692150
2014/05/22,0,11975000,-5721000,6254000
2014/05/23,0,9085000,-11055000,-1970000
2014/05/26,0,7049000,-8680690,-1631690
2014/05/27,0,19299000,-13194000,6105000
2014/05/28,0,34108270,-16758000,17350270
2014/05/29,0,23118000,-48128280,-25010280
2014/05/30,0,32950910,-25539268,7411642
2014/06/03,0,36011000,-9631590,26379410
2014/06/04,0,37130000,-16936000,20194000
2014/06/05,0,39268000,-27210170,12057830
2014/06/06,0,38217000,-5426500,32790500
2014/06/09,0,4366200,-7066000,-2699800
2014/06/10,0,12778012,-13690000,-911988
2014/06/11,0,22202880,-6965000,15237880
2014/06/12,0,33688000,-18063000,15625000
2014/06/13,0,37965880,-17674590,20291290
2014/06/16,0,20348000,-25087000,-4739000
2014/06/17,0,25798000,-27138678,-1340678
2014/06/18,0,42433000,-46004000,-3571000
2014/06/19,0,34965868,-14911631,20054237
2014/06/20,0,11309000,-13993872,-2684872
2014/06/23,0,16214850,-4078001,12136849
2014/06/24,0,8047880,-1121605,6926275
2014/06/25,0,6073000,-2596795,3476205
2014/06/26,0,14452558,-13205214,1247344
2014/06/27,0,5335366,-28650442,-23315076
2014/06/30,0,17956000,-37688251,-19732251
2014/07/01,0,34416000,-28466000,5950000
2014/07/02,0,26807037,-20321668,6485369
2014/07/03,0,21157000,-15224000,5933000
2014/07/04,0,22974000,-35599100,-12625100
2014/07/07,0,14343198,-30078000,-15734802
2014/07/08,0,22996000,-10637000,12359000
2014/07/09,0,21152549,-14695000,6457549
2014/07/10,0,15581542,-26977485,-11395943
2014/07/11,0,19260812,-11944514,7316298
2014/07/14,0,9010000,-10926000,-1916000
2014/07/15,0,8258101,-8249238,8863
2014/07/16,0,6510255,-5760646,749609
2014/07/17,0,15729564,-17835000,-2105436
2014/07/18,0,19647259,-14300922,5346337
2014/07/21,0,15633741,-15583000,50741
2014/07/22,0,18910000,-13030600,5879400
2014/07/23,0,0,0,0
2014/07/24,0,14131413,-17960000,-3828587
2014/07/25,0,7940000,-13939500,-5999500
2014/07/28,0,8656000,-43293000,-34637000
2014/07/29,0,18788000,-15943351,2844649
2014/07/30,0,15177000,-16812950,-1635950
2014/07/31,0,36228000,-65000877,-28772877
2014/08/01,0,23268255,-90282600,-67014345
2014/08/04,0,33081373,-75624000,-42542627
2014/08/05,0,17135670,-69274444,-52138774
2014/08/06,0,27280404,-22651100,4629304
2014/08/07,0,13339335,-20273580,-6934245
2014/08/08,0,10554000,-45993232,-35439232
2014/08/11,0,11347000,-21068000,-9721000
2014/08/12,0,4023530,-14559637,-10536107
2014/08/13,0,10025000,-7854697,2170303
2014/08/14,0,11703000,-19021500,-7318500
2014/08/15,0,3621000,-12078865,-8457865
2014/08/18,0,3640100,-8385000,-4744900
2014/08/19,0,9031047,-6357000,2674047
2014/08/20,0,8116476,-10412000,-2295524
2014/08/21,0,4455000,-11352000,-6897000
2014/08/22,0,21486441,-19883000,1603441
2014/08/25,0,2177600,-6676000,-4498400
2014/08/26,0,4945162,-10664915,-5719753
2014/08/27,0,12026000,-24604500,-12578500
2014/08/28,0,10159571,-19207000,-9047429
2014/08/29,0,10898000,-16117000,-5219000
2014/09/01,0,10041000,-5853000,4188000
2014/09/02,0,6529800,-8077000,-1547200
2014/09/03,0,16661840,-11741526,4920314
2014/09/04,0,4866592,-6453000,-1586408
2014/09/05,0,5315000,-15577000,-10262000
2014/09/09,0,9153881,-2898000,6255881
2014/09/10,0,4004541,-11232000,-7227459
2014/09/11,0,3809000,-5481000,-1672000
2014/09/12,0,5067290,-8310538,-3243248
2014/09/15,0,7195000,-11778000,-4583000
2014/09/16,0,4268231,-10796000,-6527769
2014/09/17,0,12262000,-15838700,-3576700
2014/09/18,0,4186140,-6675235,-2489095
2014/09/19,0,16100643,-12921000,3179643
2014/09/22,0,11545000,-19583060,-8038060
2014/09/23,0,10366000,-12014000,-1648000
2014/09/24,0,9912220,-8825000,1087220
2014/09/25,0,15477000,-17009773,-1532773
2014/09/26,0,8942728,-10240324,-1297596
2014/09/29,0,16703000,-26005038,-9302038
2014/09/30,0,28255000,-27661054,593946
2014/10/01,0,14207000,-17277050,-3070050
2014/10/02,0,15168000,-13654000,1514000
2014/10/03,0,19103518,-13953000,5150518
2014/10/06,0,15688960,-12324000,3364960
2014/10/07,0,3339000,-12787789,-9448789
2014/10/08,0,9279000,-8079350,1199650
2014/10/09,0,8548000,-15580429,-7032429
2014/10/13,0,7989000,-17648000,-9659000
2014/10/14,0,10194000,-9884000,310000
2014/10/15,0,15443000,-21331000,-5888000
2014/10/16,0,14658000,-15050673,-392673
2014/10/17,0,19601000,-39837598,-20236598
2014/10/20,0,16959138,-16413037,546101
2014/10/21,0,4030000,-4776000,-746000
2014/10/22,0,9499164,-9677054,-177890
2014/10/23,0,11837518,-8991000,2846518
2014/10/24,0,7821000,-6128000,1693000
2014/10/27,0,8433000,-2705000,5728000
2014/10/28,0,10900000,-4896000,6004000
2014/10/29,0,9452555,-1342000,8110555
2014/10/30,0,70404000,-4025000,66379000
2014/10/31,0,32201000,-7780000,24421000
2014/11/03,0,24379935,-3580000,20799935
2014/11/04,0,20879260,-3589760,17289500
2014/11/05,0,20613800,-9870000,10743800
2014/11/06,0,16520240,-7692000,8828240
2014/11/07,0,5228000,-5033000,195000
2014/11/10,0,21756498,-10974200,10782298
2014/11/11,0,11190000,-6513000,4677000
2014/11/12,0,11174624,-7761400,3413224
2014/11/13,0,6565000,-6737000,-172000
2014/11/14,0,16529000,-7651500,8877500
2014/11/17,0,4002000,-13587344,-9585344
2014/11/18,0,8721135,-8785000,-63865
2014/11/19,0,21437777,-15531077,5906700
2014/11/20,0,42115000,-7823936,34291064
2014/11/21,0,16316000,-14232328,2083672
2014/11/24,0,15749000,-4576000,11173000
2014/11/25,0,15741437,-6490148,9251289
2014/11/26,0,9986000,-9845000,141000
2014/11/27,0,15388000,-7827000,7561000
2014/11/28,0,13211000,-14257054,-1046054
2014/12/01,0,18983415,-12129064,6854351
2014/12/02,0,18077000,-9066000,9011000
2014/12/03,0,9390624,-5041624,4349000
2014/12/04,0,50792356,-15591400,35200956
2014/12/05,0,28723000,-12703000,16020000
2014/12/08,0,34012600,-24857000,9155600
2014/12/09,0,21010000,-10943971,10066029
2014/12/10,0,12958533,-12156033,802500
2014/12/11,0,17739277,-10671281,7067996
2014/12/12,0,10248585,-6691360,3557225
2014/12/15,0,21712000,-11233680,10478320
2014/12/16,0,28307000,-51380827,-23073827
2014/12/17,0,20973817,-46606879,-25633062
2014/12/18,0,19163000,-20114000,-951000
2014/12/19,0,41288699,-16070000,25218699
2014/12/22,0,19291000,-15587680,3703320
2014/12/23,0,23726400,-3448000,20278400
2014/12/24,0,14422000,-9841500,4580500
2014/12/25,0,3475000,-1324000,2151000
2014/12/26,0,3112000,-2056000,1056000
2014/12/29,0,16100163,-13217039,2883124
2014/12/30,0,10100022,-8191022,1909000
2014/12/31,0,17553300,-9870504,7682796
2015/01/01,0,0,0,0
2015/01/02,0,0,0,0
2015/01/05,0,20852006,-17550006,3302000
2015/01/06,0,5503380,-21876860,-16373480
2015/01/07,0,10798358,-11313358,-515000
2015/01/08,0,8153181,-10739623,-2586442
2015/01/09,0,29842000,-8066426,21775574
2015/01/12,0,38618000,-24017000,14601000
2015/01/13,0,9469961,-42139000,-32669039
2015/01/14,0,15512000,-22884000,-7372000
2015/01/15,0,11017000,-22613888,-11596888
2015/01/16,0,14555208,-29514358,-14959150
2015/01/19,0,36384000,-3263000,33121000
2015/01/20,0,11634208,-6274573,5359635
2015/01/21,0,17841000,-5349000,12492000
2015/01/22,0,17675000,-3078416,14596584
2015/01/23,0,22140000,-11266465,10873535
2015/01/26,0,7894000,-21248292,-13354292
2015/01/27,0,14217000,-14939284,-722284
2015/01/28,0,19450635,-29734000,-10283365
2015/01/29,0,42218000,-16831888,25386112
2015/01/30,0,57730000,-21706333,36023667
2015/02/02,0,39524834,-12170028,27354806
2015/02/03,0,52574000,-27708785,24865215
2015/02/04,0,45602594,-44791000,811594
2015/02/05,0,36004000,-14720665,21283335
2015/02/06,0,20250000,-10826489,9423511
2015/02/09,0,17505000,-12254000,5251000
2015/02/10,0,10539000,-13956000,-3417000
2015/02/11,0,36763000,-9078000,27685000
2015/02/12,0,12962600,-12111294,851306
2015/02/13,0,16991865,-8806000,8185865
2015/02/16,0,0,0,0
2015/02/17,0,0,0,0
2015/02/18,0,0,0,0
2015/02/19,0,0,0,0
2015/02/20,0,0,0,0
2015/02/23,0,0,0,0
2015/02/24,0,34781000,-21045934,13735066
2015/02/25,0,35299000,-16372000,18927000
2015/02/26,0,25527000,-17846491,7680509
2015/02/27,0,0,0,0
2015/03/02,0,26000000,-31858919,-5858919
2015/03/03,0,28769675,-22411380,6358295
2015/03/04,0,27242000,-14083226,13158774
2015/03/05,0,20242000,-25272416,-5030416
2015/03/06,0,30981083,-28454000,2527083
2015/03/09,0,24823000,-31488416,-6665416
2015/03/10,0,21851808,-19687939,2163869
2015/03/11,0,16176000,-20602416,-4426416
2015/03/12,0,12463500,-6817000,5646500
2015/03/13,0,4717516,-7561660,-2844144
2015/03/16,0,5251000,-9230089,-3979089
2015/03/17,0,10604000,-4168000,6436000
2015/03/18,0,22265000,-12842469,9422531
2015/03/19,0,14781212,-10054176,4727036
2015/03/20,0,13595000,-17573000,-3978000
2015/03/23,0,13764000,-4998000,8766000
2015/03/24,0,9166872,-8212646,954226
2015/03/25,0,13060000,-13570000,-510000
2015/03/26,0,19515000,-27182000,-7667000
2015/03/27,0,18103000,-17200500,902500
2015/03/30,0,10733000,-12364000,-1631000
2015/03/31,0,18612000,-16173000,2439000
2015/04/01,0,6335471,-15431000,-9095529
2015/04/02,0,14520455,-8003280,6517175
2015/04/03,0,0,0,0
2015/04/06,0,0,0,0
2015/04/07,0,23063181,-16889000,6174181
2015/04/08,0,13298700,-24340680,-11041980
2015/04/09,0,10458000,-31689416,-21231416
2015/04/10,0,18993000,-21785322,-2792322
2015/04/13,0,11585302,-33986359,-22401057
2015/04/14,0,5635000,-23681117,-18046117
2015/04/15,0,7567000,-41455000,-33888000
2015/04/16,0,20745000,-18802000,1943000
2015/04/17,0,20318475,-38903000,-18584525
2015/04/20,0,18208000,-26853000,-8645000
2015/04/21,0,22669000,-13695100,8973900
2015/04/22,0,16697000,-20966912,-4269912
2015/04/23,0,46486000,-20690920,25795080
2015/04/24,0,32673000,-14709980,17963020
2015/04/27,0,39217000,-5812000,33405000
2015/04/28,0,19999000,-11651000,8348000
2015/04/29,0,23198000,-14613000,8585000
2015/04/30,0,34935134,-19438320,15496814
2015/05/01,0,0,0,0
2015/05/04,0,19144100,-40086876,-20942776
2015/05/05,0,7137000,-8425000,-1288000
2015/05/06,0,11050000,-13870000,-2820000
2015/05/07,0,8777000,-44428865,-35651865
2015/05/08,0,13020872,-37599421,-24578549
2015/05/11,0,21947382,-34804500,-12857118
2015/05/12,0,56091000,-111515000,-55424000
2015/05/13,0,33514653,-30207000,3307653
2015/05/14,0,20888000,-27921609,-7033609
2015/05/15,0,11825432,-17573952,-5748520
2015/05/18,0,6412000,-14473000,-8061000
2015/05/19,0,14738297,-18679714,-3941417
2015/05/20,0,14352000,-15171300,-819300
2015/05/21,0,16074900,-19505604,-3430704
2015/05/22,0,17956320,-10849224,7107096
2015/05/25,0,1891000,-8853000,-6962000
2015/05/26,0,9400000,-5967000,3433000
2015/05/27,0,13093000,-10360879,2732121
2015/05/28,0,13186000,-17792525,-4606525
2015/05/29,0,25902029,-34814681,-8912652
2015/06/01,0,21604000,-19374450,2229550
2015/06/02,0,21962070,-28884593,-6922523
2015/06/03,0,16066000,-10650787,5415213
2015/06/04,0,21385000,-31989687,-10604687
2015/06/05,0,17685664,-27964560,-10278896
2015/06/08,0,17584000,-40202854,-22618854
2015/06/09,0,22664300,-26325439,-3661139
2015/06/10,0,26639982,-26508000,131982
2015/06/11,0,12549000,-23813088,-11264088
2015/06/12,0,15655000,-18857262,-3202262
2015/06/15,0,26990000,-23519000,3471000
2015/06/16,0,8478000,-20829000,-12351000
2015/06/17,0,13787000,-19692732,-5905732
2015/06/18,0,10841183,-23020748,-12179565
2015/06/19,0,0,0,0
2015/06/22,0,13518649,-25195685,-11677036
2015/06/23,0,10450000,-12016759,-1566759
2015/06/24,0,13311535,-8932007,4379528
2015/06/25,0,24760263,-15254110,9506153
2015/06/26,0,18457000,-29408637,-10951637
2015/06/29,0,22914000,-20900000,2014000
2015/06/30,0,24308264,-28517102,-4208838
2015/07/01,0,18589000,-12398362,6190638
2015/07/02,0,24753794,-33470000,-8716206
2015/07/03,0,11521000,-10615600,905400
2015/07/06,0,17052000,-26146000,-9094000
2015/07/07,0,11157000,-31120594,-19963594
2015/07/08,0,21846000,-48942000,-27096000
2015/07/09,0,15374000,-21735641,-6361641
2015/07/10,0,0,0,0
2015/07/13,0,41689334,-40618035,1071299
2015/07/14,0,20493000,-19951000,542000
2015/07/15,0,29232000,-38703278,-9471278
2015/07/16,0,13963000,-17536000,-3573000
2015/07/17,0,19400000,-47901363,-28501363
2015/07/20,0,28646661,-16875898,11770763
2015/07/21,0,19042000,-24021122,-4979122
2015/07/22,0,32644000,-50976749,-18332749
2015/07/23,0,18879419,-22025000,-3145581
2015/07/24,0,10162455,-14669000,-4506545
2015/07/27,0,8545000,-13414898,-4869898
2015/07/28,0,10774200,-51096784,-40322584
2015/07/29,0,11752000,-24446467,-12694467
2015/07/30,0,27417000,-22785000,4632000
2015/07/31,0,17299318,-31204000,-13904682
2015/08/03,0,31877047,-38659000,-6781953
2015/08/04,0,23323000,-36190952,-12867952
2015/08/05,0,15394294,-24245778,-8851484
2015/08/06,0,19576000,-18012696,1563304
2015/08/07,0,16943000,-24839391,-7896391
2015/08/10,0,14047000,-23992000,-9945000
2015/08/11,0,16929000,-17316295,-387295
2015/08/12,0,20749000,-17335000,3414000
2015/08/13,0,8804000,-23742268,-14938268
2015/08/14,0,6454000,-12688000,-6234000
2015/08/17,0,1789455,-11441000,-9651545
2015/08/18,0,7599000,-13243949,-5644949
2015/08/19,0,16906961,-41240026,-24333065
2015/08/20,0,8014000,-13663000,-5649000
2015/08/21,0,17283281,-36264574,-18981293
2015/08/24,0,22927000,-20082515,2844485
2015/08/25,0,20905073,-21475600,-570527
2015/08/26,0,11584723,-25944592,-14359869
2015/08/27,0,5307600,-16661000,-11353400
2015/08/28,0,15297996,-10048419,5249577
2015/08/31,0,22239799,-31827649,-9587850
2015/09/01,0,12739000,-20760652,-8021652
2015/09/02,0,8345000,-11044047,-2699047
2015/09/03,0,31037000,-14103000,16934000
2015/09/04,0,3613475,-15149896,-11536421
2015/09/07,0,4833000,-13579160,-8746160
2015/09/08,0,3964000,-7706000,-3742000
2015/09/09,0,28858062,-16236000,12622062
2015/09/10,0,11976181,-13347000,-1370819
2015/09/11,0,6868000,-7864000,-996000
2015/09/14,0,11990000,-11924876,65124
2015/09/15,0,13647400,-10209000,3438400
2015/09/16,0,7590000,-16412502,-8822502
2015/09/17,0,31720200,-9003900,22716300
2015/09/18,0,15482872,-11304391,4178481
2015/09/21,0,4434000,-17067632,-12633632
2015/09/22,0,17445000,-10610913,6834087
2015/09/23,0,5501000,-21759702,-16258702
2015/09/24,0,12799000,-14139000,-1340000
2015/09/25,0,9983000,-15906390,-5923390
2015/09/28,0,0,0,0
2015/09/29,0,0,0,0
2015/09/30,0,37114160,-36939043,175117
2015/10/01,0,15690215,-12517000,3173215
2015/10/02,0,10377000,-8712000,1665000
2015/10/05,0,11011000,-4173400,6837600
2015/10/06,0,11734000,-2923000,8811000
2015/10/07,0,20137272,-7616778,12520494
2015/10/08,0,11464525,-6919000,4545525
2015/10/09,0,0,0,0
2015/10/12,0,35330808,-20795000,14535808
2015/10/13,0,18028455,-3900802,14127653
2015/10/14,0,67746000,-20854000,46892000
2015/10/15,0,38089000,-25176000,12913000
2015/10/16,0,29346000,-25799000,3547000
2015/10/19,0,23780000,-10146000,13634000
2015/10/20,0,21355800,-19967000,1388800
2015/10/21,0,12690000,-11930000,760000
2015/10/22,0,13655000,-6441000,7214000
2015/10/23,0,29120580,-11802000,17318580
2015/10/26,0,14807000,-6336000,8471000
2015/10/27,0,7616000,-4789000,2827000
2015/10/28,0,6183000,-20998734,-14815734
2015/10/29,0,27178000,-19859515,7318485
2015/10/30,0,14844000,-13218177,1625823
2015/11/02,0,15623000,-13141000,2482000
2015/11/03,0,22226000,-10334369,11891631
2015/11/04,0,27545000,-19128165,8416835
2015/11/05,0,16197000,-9335632,6861368
2015/11/06,0,14594000,-21342288,-6748288
2015/11/09,0,10599362,-12998748,-2399386
2015/11/10,0,13958000,-23478000,-9520000
2015/11/11,0,12977386,-15608000,-2630614
2015/11/12,0,7632000,-12927000,-5295000
2015/11/13,0,12074563,-16076788,-4002225
2015/11/16,0,18660000,-18391000,269000
2015/11/17,0,34037000,-12008000,22029000
2015/11/18,0,7037974,-14039000,-7001026
2015/11/19,0,9235000,-18747000,-9512000
2015/11/20,0,27002000,-22462000,4540000
2015/11/23,0,10801000,-15804000,-5003000
2015/11/24,0,8244000,-18241834,-9997834
2015/11/25,0,9496422,-7638422,1858000
2015/11/26,0,13426000,-7817880,5608120
2015/11/27,0,3612000,-5774282,-2162282
2015/11/30,0,38638298,-53002328,-14364030
2015/12/01,0,13513000,-7625412,5887588
2015/12/02,0,6711000,-18753331,-12042331
2015/12/03,0,8741000,-12799380,-4058380
2015/12/04,0,1892000,-14340488,-12448488
2015/12/07,0,12412000,-17406142,-4994142
2015/12/08,0,7850000,-17587234,-9737234
2015/12/09,0,12030000,-31369000,-19339000
2015/12/10,0,26295000,-32945527,-6650527
2015/12/11,0,24798996,-22641434,2157562
2015/12/14,0,13853000,-11218577,2634423
2015/12/15,0,5577648,-10772922,-5195274
2015/12/16,0,14571000,-9324494,5246506
2015/12/17,0,22685561,-12274000,10411561
2015/12/18,0,25447032,-29579048,-4132016
2015/12/21,0,29242000,-24022000,5220000
2015/12/22,0,8663225,-6268297,2394928
2015/12/23,0,7832000,-5167000,2665000
2015/12/24,0,4113161,-3547565,565596
2015/12/25,0,2188000,-709000,1479000
2015/12/28,0,4342000,-3093000,1249000
2015/12/29,0,2890000,-6664738,-3774738
2015/12/30,0,2762364,-5612486,-2850122
2015/12/31,0,3744664,-6743000,-2998336
2016/01/01,0,0,0,0
2016/01/04,0,12738280,-26027000,-13288720
2016/01/05,0,10818156,-27017000,-16198844
2016/01/06,0,8204868,-10253000,-2048132
2016/01/07,0,22732682,-32881665,-10148983
2016/01/08,0,6721000,-25821127,-19100127
2016/01/11,0,5304972,-23811000,-18506028
2016/01/12,0,9930000,-14158117,-4228117
2016/01/13,0,11615000,-19580242,-7965242
2016/01/14,0,17512455,-19316000,-1803545
2016/01/15,0,15659000,-16135644,-476644
2016/01/18,0,10213872,-13970000,-3756128
2016/01/19,0,5912927,-6279134,-366207
2016/01/20,0,13690916,-11285000,2405916
2016/01/21,0,8143809,-8266000,-122191
2016/01/22,0,7915000,-6176000,1739000
2016/01/25,0,8398000,-3695000,4703000
2016/01/26,0,32048000,-18680000,13368000
2016/01/27,0,10631000,-7639694,2991306
2016/01/28,0,84153000,-30739223,53413777
2016/01/29,0,58692494,-29807000,28885494
2016/02/01,0,32084000,-13959000,18125000
2016/02/02,0,46975525,-14659386,32316139
2016/02/03,0,13324000,-10699443,2624557
2016/02/04,0,0,0,0
2016/02/05,0,0,0,0
2016/02/08,0,0,0,0
2016/02/09,0,0,0,0
2016/02/10,0,0,0,0
2016/02/11,0,0,0,0
2016/02/12,0,0,0,0
2016/02/15,0,38226455,-26969987,11256468
2016/02/16,0,11936000,-10370500,1565500
2016/02/17,0,21372910,-14095000,7277910
2016/02/18,0,37650706,-23953677,13697029
2016/02/19,0,14381356,-14068910,312446
2016/02/22,0,14038000,-12285000,1753000
2016/02/23,0,19598651,-15943000,3655651
2016/02/24,0,17153000,-16309600,843400
2016/02/25,0,13335392,-13443000,-107608
2016/02/26,0,30515325,-21000000,9515325
2016/02/29,0,0,0,0
2016/03/01,0,19536787,-15133230,4403557
2016/03/02,0,9773235,-15348000,-5574765
2016/03/03,0,24162848,-4111000,20051848
2016/03/04,0,23491290,-8053000,15438290
2016/03/07,0,18945010,-12138000,6807010
2016/03/08,0,26026313,-26496882,-470569
2016/03/09,0,14988916,-10705000,4283916
2016/03/10,0,23278000,-15344000,7934000
2016/03/11,0,23132000,-12257000,10875000
2016/03/14,0,23113000,-12695000,10418000
2016/03/15,0,22567000,-16005000,6562000
2016/03/16,0,10000000,-7057000,2943000
2016/03/17,0,22468000,-7176401,15291599
2016/03/18,0,30326083,-29200454,1125629
2016/03/21,0,9149000,-4521000,4628000
2016/03/22,0,15980802,-13811500,2169302
2016/03/23,0,10282000,-8576817,1705183
2016/03/24,0,15764000,-10131000,5633000
2016/03/25,0,2303000,-1905000,398000
2016/03/28,0,9924000,-1724000,8200000
2016/03/29,0,5460000,-7116500,-1656500
2016/03/30,0,34155400,-9854000,24301400
2016/03/31,0,39175224,-30240000,8935224
2016/04/01,0,17134488,-19491517,-2357029
2016/04/04,0,0,0,0
2016/04/05,0,0,0,0
2016/04/06,0,16029108,-29910018,-13880910
2016/04/07,0,22272950,-32443251,-10170301
2016/04/08,0,31811000,-11214000,20597000
2016/04/11,0,12702000,-12332960,369040
2016/04/12,0,17812000,-7870464,9941536
2016/04/13,0,17870000,-22532000,-4662000
2016/04/14,0,23605000,-23579407,25593
2016/04/15,0,25043947,-21601504,3442443
2016/04/18,0,16833000,-24304000,-7471000
2016/04/19,0,5096000,-17653000,-12557000
2016/04/20,0,12308828,-19392000,-7083172
2016/04/21,0,9888531,-16059173,-6170642
2016/04/22,0,16255000,-14538600,1716400
2016/04/25,0,4455000,-4927996,-472996
2016/04/26,0,14330936,-21987430,-7656494
2016/04/27,0,7920000,-25858760,-17938760
2016/04/28,0,28305469,-61228049,-32922580
2016/04/29,0,23475000,-20281000,3194000
2016/05/02,0,0,0,0
2016/05/03,0,12368000,-29886000,-17518000
2016/05/04,0,18532000,-43767217,-25235217
2016/05/05,0,12442000,-36956000,-24514000
2016/05/06,0,17128000,-32706580,-15578580
2016/05/09,0,8149000,-16382000,-8233000
2016/05/10,0,6889000,-17933000,-11044000
2016/05/11,0,7127037,-31726000,-24598963
2016/05/12,0,16675104,-21031000,-4355896
2016/05/13,0,5279000,-32401600,-27122600
2016/05/16,0,9512000,-13765000,-4253000
2016/05/17,0,16877000,-27485547,-10608547
2016/05/18,0,6691039,-20292000,-13600961
2016/05/19,0,6137000,-27750863,-21613863
2016/05/20,0,5778847,-22745958,-16967111
2016/05/23,0,8721940,-16586000,-7864060
2016/05/24,0,3124000,-17932000,-14808000
2016/05/25,0,15645000,-26742000,-11097000
2016/05/26,0,11521000,-14738000,-3217000
2016/05/27,0,6977000,-8799000,-1822000
2016/05/30,0,9223000,-9874522,-651522
2016/05/31,0,29033000,-30304451,-1271451
2016/06/01,0,12210000,-12743708,-533708
2016/06/02,0,8940000,-13251600,-4311600
2016/06/03,0,8267000,-5282000,2985000
2016/06/06,0,6239000,-12872000,-6633000
2016/06/07,0,12295000,-13541000,-1246000
2016/06/08,0,20421000,-17619600,2801400
2016/06/09,0,0,0,0
2016/06/10,0,0,0,0
2016/06/13,0,13940000,-21849431,-7909431
2016/06/14,0,14940529,-9487000,5453529
2016/06/15,0,16064000,-3066946,12997054
2016/06/16,0,7990000,-14410000,-6420000
2016/06/17,0,25616506,-19923946,5692560
2016/06/20,0,19551000,-7674912,11876088
2016/06/21,0,18155000,-13164139,4990861
2016/06/22,0,9805758,-5720000,4085758
2016/06/23,0,14420006,-11175216,3244790
2016/06/24,0,8925670,-40544909,-31619239
2016/06/27,0,15400837,-8374000,7026837
2016/06/28,0,5995000,-25742064,-19747064
2016/06/29,0,9438400,-1744000,7694400
2016/06/30,0,10370000,-6473600,3896400
2016/07/01,0,11080000,-8192000,2888000
2016/07/04,0,5569000,-3153000,2416000
2016/07/05,0,5147000,-5029000,118000
2016/07/06,0,7275000,-22488000,-15213000
2016/07/07,0,31258000,-40196816,-8938816
2016/07/08,0,0,0,0
2016/07/11,0,35108049,-41809000,-6700951
2016/07/12,0,21701000,-20234475,1466525
2016/07/13,0,20991000,-18453673,2537327
2016/07/14,0,13468000,-4660000,8808000
2016/07/15,0,15356091,-11467000,3889091
2016/07/18,0,14961750,-8711000,6250750
2016/07/19,0,18979000,-16540000,2439000
2016/07/20,0,15566000,-12902000,2664000
2016/07/21,0,16613591,-7027454,9586137
2016/07/22,0,10909000,-19162415,-8253415
2016/07/25,0,8916000,-7770000,1146000
2016/07/26,0,17638000,-5481000,12157000
2016/07/27,0,16201000,-15807000,394000
2016/07/28,0,18593000,-69959200,-51366200
2016/07/29,0,17943092,-30203000,-12259908
2016/08/01,0,16320488,-16407000,-86512
2016/08/02,0,4719994,-10151000,-5431006
2016/08/03,0,5627866,-18136400,-12508534
2016/08/04,0,5737000,-6503000,-766000
2016/08/05,0,11426436,-9915000,1511436
2016/08/08,0,6185003,-16127180,-9942177
2016/08/09,0,8324000,-11537000,-3213000
2016/08/10,0,9179000,-8284000,895000
2016/08/11,0,8693000,-8516144,176856
2016/08/12,0,8688000,-2283000,6405000
2016/08/15,0,7829000,-11674339,-3845339
2016/08/16,0,11262000,-25766400,-14504400
2016/08/17,0,9481137,-8881000,600137
2016/08/18,0,6981000,-9315000,-2334000
2016/08/19,0,3841709,-15778345,-11936636
2016/08/22,0,6927000,-15247599,-8320599
2016/08/23,0,8414000,-13607878,-5193878
2016/08/24,0,6032000,-7940599,-1908599
2016/08/25,0,38535000,-23013599,15521401
2016/08/26,0,14295444,-16616975,-2321531
2016/08/29,0,12785000,-17507599,-4722599
2016/08/30,0,10887001,-8398599,2488402
2016/08/31,0,19109920,-23268697,-4158777
2016/09/01,0,14624000,-16545199,-1921199
2016/09/02,0,13930690,-7482490,6448200
2016/09/05,0,7341000,-2127000,5214000
2016/09/06,0,12138007,-5505000,6633007
2016/09/07,0,10180000,-9965000,215000
2016/09/08,0,6650000,-9052399,-2402399
2016/09/09,0,5209000,-11132000,-5923000
2016/09/12,0,13392630,-20460872,-7068242
2016/09/13,0,9244832,-15663000,-6418168
2016/09/14,0,11247186,-20134902,-8887716
2016/09/15,0,0,0,0
2016/09/16,0,0,0,0
2016/09/19,0,12958416,-26190989,-13232573
2016/09/20,0,15303437,-12740423,2563014
2016/09/21,0,27306000,-5098000,22208000
2016/09/22,0,13133005,-11024000,2109005
2016/09/23,0,11308000,-10837847,470153
2016/09/26,0,6970436,-6978000,-7564
2016/09/27,0,0,0,0
2016/09/28,0,0,0,0
2016/09/29,0,22042004,-14360637,7681367
2016/09/30,0,9390000,-18516370,-9126370
2016/10/03,0,4950125,-4893000,57125
2016/10/04,0,6510233,-7916225,-1405992
2016/10/05,0,5958931,-6380000,-421069
2016/10/06,0,3220026,-6917960,-3697934
2016/10/07,0,2838009,-5658000,-2819991
2016/10/10,0,0,0,0
2016/10/11,0,26576812,-14297095,12279717
2016/10/12,0,10553000,-5433167,5119833
2016/10/13,0,15597000,-15472000,125000
2016/10/14,0,23140412,-9585000,13555412
2016/10/17,0,2845048,-10016400,-7171352
2016/10/18,0,8782310,-6291000,2491310
2016/10/19,0,11481144,-3184000,8297144
2016/10/20,0,3739000,-4331711,-592711
2016/10/21,0,7324000,-3913000,3411000
2016/10/24,0,4149000,-7239000,-3090000
2016/10/25,0,9592000,-6315000,3277000
2016/10/26,0,3033311,-15956480,-12923169
2016/10/27,0,2838400,-15909000,-13070600
2016/10/28,0,25847000,-4942000,20905000
2016/10/31,0,19765200,-12964049,6801151
2016/11/01,0,10467000,-3709750,6757250
2016/11/02,0,10266200,-4195970,6070230
2016/11/03,0,7481000,-6365528,1115472
2016/11/04,0,3936000,-4641000,-705000
2016/11/07,0,5445000,-5182872,262128
2016/11/08,0,6356200,-1817000,4539200
2016/11/09,0,16297000,-15970000,327000
2016/11/10,0,13393000,-15575000,-2182000
2016/11/11,0,21263000,-29830751,-8567751
2016/11/14,0,9144000,-18478465,-9334465
2016/11/15,0,5358000,-13430000,-8072000
2016/11/16,0,10356000,-13895395,-3539395
2016/11/17,0,11973782,-12281000,-307218
2016/11/18,0,7085000,-19629000,-12544000
2016/11/21,0,5089000,-4438394,650606
2016/11/22,0,8780000,-11001854,-2221854
2016/11/23,0,4501000,-2741984,1759016
2016/11/24,0,1341000,-4187183,-2846183
2016/11/25,0,942000,-1794805,-852805
2016/11/28,0,3986000,-7888000,-3902000
2016/11/29,0,8456000,-10695540,-2239540
2016/11/30,0,59038000,-76388792,-17350792
2016/12/01,0,13608200,-15060883,-1452683
2016/12/02,0,10382000,-10773000,-391000
2016/12/05,0,5027000,-14276785,-9249785
2016/12/06,0,15583000,-7407000,8176000
2016/12/07,0,6209000,-5699000,510000
2016/12/08,0,13552000,-14935000,-1383000
2016/12/09,0,9483200,-10211668,-728468
2016/12/12,0,5932011,-5285011,647000
2016/12/13,0,16344308,-19972376,-3628068
2016/12/14,0,8123960,-19499000,-11375040
2016/12/15,0,9678000,-7472000,2206000
2016/12/16,0,9949317,-7942000,2007317
2016/12/19,0,2778000,-4189000,-1411000
2016/12/20,0,12005480,-9811889,2193591
2016/12/21,0,12111870,-11956750,155120
2016/12/22,0,11683320,-9193951,2489369
2016/12/23,0,13936000,-10249000,3687000
2016/12/26,0,3493000,-1944000,1549000
2016/12/27,0,2250000,-1119000,1131000
2016/12/28,0,4612797,-4182000,430797
2016/12/29,0,5848814,-7206661,-1357847
2016/12/30,0,7991000,-4168000,3823000
2017/01/02,0,0,0,0
2017/01/03,0,5729000,-5682000,47000
2017/01/04,0,6371000,-6058395,312605
2017/01/05,0,10184743,-10287559,-102816
2017/01/06,0,15572000,-8003394,7568606
2017/01/09,0,9013000,-12470000,-3457000
2017/01/10,0,7110000,-9194358,-2084358
2017/01/11,0,4919800,-5072000,-152200
2017/01/12,0,15690595,-3063000,12627595
2017/01/13,0,12061491,-8616000,3445491
2017/01/16,0,943000,-4640000,-3697000
2017/01/17,0,3436334,-2109000,1327334
2017/01/18,0,7150200,-8821666,-1671466
2017/01/19,0,5606000,-10139900,-4533900
2017/01/20,0,4529400,-8702671,-4173271
2017/01/23,0,10327098,-18581941,-8254843
2017/01/24,0,5023931,-36462430,-31438499
2017/01/25,0,0,0,0
2017/01/26,0,0,0,0
2017/01/27,0,0,0,0
2017/01/30,0,0,0,0
2017/01/31,0,0,0,0
2017/02/01,0,0,0,0
2017/02/02,0,17240784,-40795368,-23554584
2017/02/03,0,9860806,-23958679,-14097873
2017/02/06,0,5516000,-13774984,-8258984
2017/02/07,0,13131776,-14954427,-1822651
2017/02/08,0,11903220,-16475000,-4571780
2017/02/09,0,8799625,-12453000,-3653375
2017/02/10,0,14762404,-13595183,1167221
2017/02/13,0,5681394,-5750000,-68606
2017/02/14,0,7740806,-9199495,-1458689
2017/02/15,0,19252000,-5934000,13318000
2017/02/16,0,13868000,-8719000,5149000
2017/02/17,0,4324000,-4238197,85803
2017/02/20,0,2777000,-1599000,1178000
2017/02/21,0,4037000,-3567000,470000
2017/02/22,0,4821151,-22199049,-17377898
2017/02/23,0,11022000,-4157000,6865000
2017/02/24,0,49830000,-48397000,1433000
2017/02/27,0,0,0,0
2017/02/28,0,0,0,0
2017/03/01,0,28950000,-26110743,2839257
2017/03/02,0,16959001,-9946600,7012401
2017/03/03,0,15638039,-23822651,-8184612
2017/03/06,0,6967990,-16003108,-9035118
2017/03/07,0,8412825,-23922708,-15509883
2017/03/08,0,7208000,-13013772,-5805772
2017/03/09,0,13863000,-27172754,-13309754
2017/03/10,0,5018893,-8403000,-3384107
2017/03/13,0,3773600,-1822000,1951600
2017/03/14,0,9033400,-5508600,3524800
2017/03/15,0,8164000,-3928800,4235200
2017/03/16,0,19509700,-12397700,7112000
2017/03/17,0,24483806,-16872498,7611308
2017/03/20,0,5412602,-3407000,2005602
2017/03/21,0,10702800,-5511900,5190900
2017/03/22,0,10388883,-15976262,-5587379
2017/03/23,0,14833001,-7288747,7544254
2017/03/24,0,9065952,-10463000,-1397048
2017/03/27,0,14083000,-4166695,9916305
2017/03/28,0,20018806,-32152115,-12133309
2017/03/29,0,7688201,-15021000,-7332799
2017/03/30,0,9296000,-7582373,1713627
2017/03/31,0,21017000,-21810068,-793068
2017/04/03,0,0,0,0
2017/04/04,0,0,0,0
2017/04/05,0,17014316,-28153724,-11139408
2017/04/06,0,7066505,-9635000,-2568495
2017/04/07,0,4970000,-11636000,-6666000
2017/04/10,0,3821000,-4403710,-582710
2017/04/11,0,6491000,-6095000,396000
2017/04/12,0,4307630,-14768000,-10460370
2017/04/13,0,10754000,-5205000,5549000
2017/04/14,0,1565000,-8310000,-6745000
2017/04/17,0,5995245,-2440000,3555245
2017/04/18,0,9389000,-12080000,-2691000
2017/04/19,0,4589008,-11390600,-6801592
2017/04/20,0,3099876,-13333660,-10233784
2017/04/21,0,4587441,-15746547,-11159106
2017/04/24,0,3391322,-9235000,-5843678
2017/04/25,0,8617532,-12221810,-3604278
2017/04/26,0,14473043,-11210000,3263043
2017/04/27,0,20884894,-9379000,11505894
2017/04/28,0,20924000,-19824148,1099852
2017/05/01,0,0,0,0
2017/05/02,0,14667000,-9444000,5223000
2017/05/03,0,17941000,-13969000,3972000
2017/05/04,0,12298237,-4463000,7835237
2017/05/05,0,12578800,-6911000,5667800
2017/05/08,0,17956491,-5137000,12819491
2017/05/09,0,7423552,-4090000,3333552
2017/05/10,0,21935345,-6182000,15753345
2017/05/11,0,14537292,-8609000,5928292
2017/05/12,0,17393000,-9769000,7624000
2017/05/15,0,6306800,-7085000,-778200
2017/05/16,0,9081000,-8286449,794551
2017/05/17,0,20302000,-13716800,6585200
2017/05/18,0,12300800,-2955066,9345734
2017/05/19,0,12440842,-3941678,8499164
2017/05/22,0,7473000,-3069114,4403886
2017/05/23,0,8963000,-10302221,-1339221
2017/05/24,0,15332000,-4889000,10443000
2017/05/25,0,8564000,-3861362,4702638
2017/05/26,0,0,0,0
2017/05/29,0,0,0,0
2017/05/30,0,0,0,0
2017/05/31,0,20524200,-15436605,5087595
2017/06/01,0,9224053,-5233189,3990864
2017/06/02,0,5508000,-5296000,212000
2017/06/05,0,9752000,-12087000,-2335000
2017/06/06,0,8310836,-2764000,5546836
2017/06/07,0,9315000,-5043440,4271560
2017/06/08,0,7820000,-7995744,-175744
2017/06/09,0,7969200,-10530032,-2560832
2017/06/12,0,7378768,-10482000,-3103232
2017/06/13,0,9780000,-8288000,1492000
2017/06/14,0,8715000,-9845800,-1130800
2017/06/15,0,10837000,-4431000,6406000
2017/06/16,0,16453537,-13041626,3411911
2017/06/19,0,3874400,-4821000,-946600
2017/06/20,0,6801536,-1396500,5405036
2017/06/21,0,13183000,-10538000,2645000
2017/06/22,0,6958485,-3124000,3834485
2017/06/23,0,83107000,-17584283,65522717
2017/06/26,0,75265500,-38495596,36769904
2017/06/27,0,47357233,-19909785,27447448
2017/06/28,0,269210000,-64643547,204566453
2017/06/29,0,212844140,-105296000,107548140
2017/06/30,0,120061086,-105209500,14851586
2017/07/03,0,61064068,-71615583,-10551515
2017/07/04,0,47590500,-22615000,24975500
2017/07/05,0,37721000,-36748936,972064
2017/07/06,0,45028000,-11163000,33865000
2017/07/07,0,51814570,-20699764,31114806
2017/07/10,0,56888940,-18534381,38354559
2017/07/11,0,55713275,-7124000,48589275
2017/07/12,0,55998000,-19311984,36686016
2017/07/13,0,111593498,-64011571,47581927
2017/07/14,0,40070121,-28135000,11935121
2017/07/17,0,12747000,-9746000,3001000
2017/07/18,0,17084000,-16220000,864000
2017/07/19,0,48820450,-17703000,31117450
2017/07/20,0,70647834,-33300866,37346968
2017/07/21,0,31473578,-19680197,11793381
2017/07/24,0,34809329,-26674359,8134970
2017/07/25,0,27113500,-13611400,13502100
2017/07/26,0,114762533,-65326533,49436000
2017/07/27,0,137753000,-112630829,25122171
2017/07/28,0,40784000,-69178200,-28394200
2017/07/31,0,43628424,-47210628,-3582204
2017/08/01,0,21814733,-25812000,-3997267
2017/08/02,0,13900000,-27274000,-13374000
2017/08/03,0,26781380,-29328462,-2547082
2017/08/04,0,54551828,-59894089,-5342261
2017/08/07,0,37721938,-22429000,15292938
2017/08/08,0,29743000,-16131613,13611387
2017/08/09,0,21807600,-23159045,-1351445
2017/08/10,0,71900800,-54708000,17192800
2017/08/11,0,60385000,-40781431,19603569
2017/08/14,0,35985854,-16101000,19884854
2017/08/15,0,38617000,-31344000,7273000
2017/08/16,0,30994000,-22939000,8055000
2017/08/17,0,16557000,-4808000,11749000
2017/08/18,0,12692000,-9389931,3302069
