Date,Open,Buy,Sell,Total
2007/04/23,0,104000,-423000,-319000
2007/04/24,0,93000,-73000,20000
2007/04/25,0,139000,-431000,-292000
2007/04/26,0,365000,-153000,212000
2007/04/27,0,36000,-217000,-181000
2007/04/30,0,70000,-366000,-296000
2007/05/01,0,0,0,0
2007/05/02,0,100000,-311000,-211000
2007/05/03,0,190000,-527000,-337000
2007/05/04,0,354000,-200505,153495
2007/05/07,0,49000,-647000,-598000
2007/05/08,0,26000,-395000,-369000
2007/05/09,0,110000,-126000,-16000
2007/05/10,0,70000,-178000,-108000
2007/05/11,0,266000,-867000,-601000
2007/05/14,0,104000,-417000,-313000
2007/05/15,0,367000,-65000,302000
2007/05/16,0,1034000,-366000,668000
2007/05/17,0,404000,-223000,181000
2007/05/18,0,443000,-439000,4000
2007/05/21,0,901000,-143000,758000
2007/05/22,0,706000,-216000,490000
2007/05/23,0,9684000,-1427000,8257000
2007/05/24,0,458000,-3228000,-2770000
2007/05/25,0,923000,-301000,622000
2007/05/28,0,97000,-83000,14000
2007/05/29,0,360000,-156000,204000
2007/05/30,0,1103000,-454000,649000
2007/05/31,0,3104000,-170000,2934000
2007/06/01,0,50000,-177000,-127000
2007/06/04,0,155000,-988472,-833472
2007/06/05,0,321000,-569000,-248000
2007/06/06,0,1836000,-816000,1020000
2007/06/07,0,160000,-1073000,-913000
2007/06/08,0,326000,-819000,-493000
2007/06/11,0,618000,-494000,124000
2007/06/12,0,1000000,-2668000,-1668000
2007/06/13,0,102000,-172000,-70000
2007/06/14,0,704000,-967000,-263000
2007/06/15,0,1210000,-62000,1148000
2007/06/18,0,0,0,0
2007/06/19,0,0,0,0
2007/06/20,0,1765000,-877000,888000
2007/06/21,0,1628000,-1373000,255000
2007/06/22,0,415000,-1207578,-792578
2007/06/25,0,253000,-1524000,-1271000
2007/06/26,0,5058000,-567000,4491000
2007/06/27,0,248000,-39000,209000
2007/06/28,0,537000,-1826000,-1289000
2007/06/29,0,1370000,-713000,657000
2007/07/02,0,210000,-853000,-643000
2007/07/03,0,1657000,-380000,1277000
2007/07/04,0,942000,-120000,822000
2007/07/05,0,1870000,-506000,1364000
2007/07/06,0,9684000,-1971000,7713000
2007/07/09,0,3795000,-6306000,-2511000
2007/07/10,0,1430000,-7103000,-5673000
2007/07/11,0,1159000,-1933576,-774576
2007/07/12,0,627000,-1221000,-594000
2007/07/13,0,379000,-1879501,-1500501
2007/07/16,0,354000,-751758,-397758
2007/07/17,0,478000,-796000,-318000
2007/07/18,0,498000,-989000,-491000
2007/07/19,0,249000,-1602430,-1353430
2007/07/20,0,973000,-2721000,-1748000
2007/07/23,0,503000,-3672000,-3169000
2007/07/24,0,1150000,-1566000,-416000
2007/07/25,0,1543000,-226000,1317000
2007/07/26,0,984000,-1653000,-669000
2007/07/27,0,421000,-2081472,-1660472
2007/07/30,0,951000,-1118000,-167000
2007/07/31,0,480000,-6529472,-6049472
2007/08/01,0,441000,-4020000,-3579000
2007/08/02,0,1051000,-1516770,-465770
2007/08/03,0,599000,-1286000,-687000
2007/08/06,0,540000,-173000,367000
2007/08/07,0,922000,-1412000,-490000
2007/08/08,0,290000,-1183000,-893000
2007/08/09,0,1356000,-1393196,-37196
2007/08/10,0,155000,-888000,-733000
2007/08/13,0,62000,-541000,-479000
2007/08/14,0,70000,-1594000,-1524000
2007/08/15,0,686000,-556000,130000
2007/08/16,0,1240000,-1215000,25000
2007/08/17,0,1328000,-472000,856000
2007/08/20,0,1985000,-1001528,983472
2007/08/21,0,437000,-362000,75000
2007/08/22,0,50000,-640000,-590000
2007/08/23,0,806000,-2043000,-1237000
2007/08/24,0,408000,-1368000,-960000
2007/08/27,0,296000,-1158000,-862000
2007/08/28,0,360000,-192000,168000
2007/08/29,0,1253000,-703000,550000
2007/08/30,0,818000,-981000,-163000
2007/08/31,0,73000,-106000,-33000
2007/09/03,0,249000,-656000,-407000
2007/09/04,0,321000,-165000,156000
2007/09/05,0,2418000,-351000,2067000
2007/09/06,0,1615000,-207000,1408000
2007/09/07,0,752000,-907000,-155000
2007/09/10,0,1604000,-350000,1254000
2007/09/11,0,535000,-164000,371000
2007/09/12,0,1958000,-309395,1648605
2007/09/13,0,803000,-223000,580000
2007/09/14,0,923000,-871000,52000
2007/09/17,0,1488000,-4663000,-3175000
2007/09/18,0,0,0,0
2007/09/19,0,8700000,-7746000,954000
2007/09/20,0,0,0,0
2007/09/21,0,0,0,0
2007/09/24,0,0,0,0
2007/09/25,0,0,0,0
2007/09/26,0,0,0,0
2007/09/27,0,0,0,0
2007/09/28,0,0,0,0
2007/10/01,0,0,0,0
2007/10/02,0,0,0,0
2007/10/03,0,0,0,0
2007/10/04,0,0,0,0
2007/10/05,0,0,0,0
2007/10/08,0,0,0,0
2007/10/09,0,1982501,-2923971,-941470
2007/10/10,0,0,0,0
2007/10/11,0,522000,-2271000,-1749000
2007/10/12,0,462000,-3101000,-2639000
2007/10/15,0,803000,-426000,377000
2007/10/16,0,462000,-640899,-178899
2007/10/17,0,173000,-542000,-369000
2007/10/18,0,281000,-1216048,-935048
2007/10/19,0,0,-44000,-44000
2007/10/22,0,281000,-1546000,-1265000
2007/10/23,0,222000,-331000,-109000
2007/10/24,0,381000,-195000,186000
2007/10/25,0,327000,-180000,147000
2007/10/26,0,891000,-370000,521000
2007/10/29,0,987000,-2177000,-1190000
2007/10/30,0,507000,-612000,-105000
2007/10/31,0,329000,-307000,22000
2007/11/01,0,396000,-709000,-313000
2007/11/02,0,715000,-1835000,-1120000
2007/11/05,0,371000,-391000,-20000
2007/11/06,0,148000,-355000,-207000
2007/11/07,0,372000,-405000,-33000
2007/11/08,0,444000,-252000,192000
2007/11/09,0,485000,-444000,41000
2007/11/12,0,251000,-373000,-122000
2007/11/13,0,601000,-101000,500000
2007/11/14,0,446000,-72000,374000
2007/11/15,0,27000,-1480000,-1453000
2007/11/16,0,82000,-12000,70000
2007/11/19,0,2869000,-1557000,1312000
2007/11/20,0,1637000,-1600000,37000
2007/11/21,0,804000,-521000,283000
2007/11/22,0,1274000,-265000,1009000
2007/11/23,0,723000,-222000,501000
2007/11/26,0,194000,-2030000,-1836000
2007/11/27,0,369000,-662000,-293000
2007/11/28,0,100000,-100000,0
2007/11/29,0,432000,-173820,258180
2007/11/30,0,102000,-50000,52000
2007/12/03,0,12000,-259000,-247000
2007/12/04,0,54000,-59000,-5000
2007/12/05,0,132000,-107000,25000
2007/12/06,0,2015000,-8000,2007000
2007/12/07,0,1737000,-404000,1333000
2007/12/10,0,86000,-112000,-26000
2007/12/11,0,441000,-272000,169000
2007/12/12,0,583000,-232000,351000
2007/12/13,0,338000,-1152000,-814000
2007/12/14,0,1003000,-725000,278000
2007/12/17,0,759000,-171733,587267
2007/12/18,0,1266000,-28336,1237664
2007/12/19,0,141000,-512000,-371000
2007/12/20,0,3000,-431000,-428000
2007/12/21,0,336000,-71000,265000
2007/12/24,0,533000,-441000,92000
2007/12/25,0,104000,-154000,-50000
2007/12/26,0,359000,-229000,130000
2007/12/27,0,465000,-30000,435000
2007/12/28,0,598000,-284000,314000
2007/12/31,0,271000,-83000,188000
2008/01/01,0,0,0,0
2008/01/02,0,12000,-695000,-683000
2008/01/03,0,224000,-203458,20542
2008/01/04,0,384000,-122000,262000
2008/01/07,0,371000,-3947000,-3576000
2008/01/08,0,310000,-357000,-47000
2008/01/09,0,144000,-1681000,-1537000
2008/01/10,0,430000,-70000,360000
2008/01/11,0,723000,-273000,450000
2008/01/14,0,2109000,-381000,1728000
2008/01/15,0,2223000,-55000,2168000
2008/01/16,0,633000,-1870000,-1237000
2008/01/17,0,563000,-199000,364000
2008/01/18,0,290000,-216000,74000
2008/01/21,0,69000,-139000,-70000
2008/01/22,0,33000,-417000,-384000
2008/01/23,0,723000,-2290000,-1567000
2008/01/24,0,267000,-188000,79000
2008/01/25,0,562000,-78000,484000
2008/01/28,0,168000,-887282,-719282
2008/01/29,0,171000,-92000,79000
2008/01/30,0,231000,-235000,-4000
2008/01/31,0,256000,-122000,134000
2008/02/01,0,121000,-6000,115000
2008/02/04,0,0,0,0
2008/02/05,0,0,0,0
2008/02/06,0,0,0,0
2008/02/07,0,0,0,0
2008/02/08,0,0,0,0
2008/02/11,0,0,0,0
2008/02/12,0,111000,-5385,105615
2008/02/13,0,35000,-162000,-127000
2008/02/14,0,183000,-168000,15000
2008/02/15,0,662000,-129404,532596
2008/02/18,0,86000,-292000,-206000
2008/02/19,0,235000,-108000,127000
2008/02/20,0,104000,-141000,-37000
2008/02/21,0,478000,-70000,408000
2008/02/22,0,404000,-77000,327000
2008/02/25,0,264000,-194480,69520
2008/02/26,0,25000,-845488,-820488
2008/02/27,0,58000,-1358996,-1300996
2008/02/28,0,0,0,0
2008/02/29,0,480000,-252000,228000
2008/03/03,0,399000,-54253,344747
2008/03/04,0,105000,-280000,-175000
2008/03/05,0,174000,-28000,146000
2008/03/06,0,238000,-47488,190512
2008/03/07,0,377000,-88000,289000
2008/03/10,0,404000,-751000,-347000
2008/03/11,0,493000,-140000,353000
2008/03/12,0,682000,-188668,493332
2008/03/13,0,432000,-229000,203000
2008/03/14,0,355000,-182000,173000
2008/03/17,0,1266000,-295000,971000
2008/03/18,0,800000,-74463,725537
2008/03/19,0,412000,-75000,337000
2008/03/20,0,1956000,-53000,1903000
2008/03/21,0,648000,-86000,562000
2008/03/24,0,1668000,-99000,1569000
2008/03/25,0,454000,-455000,-1000
2008/03/26,0,209000,-116000,93000
2008/03/27,0,202000,-182000,20000
2008/03/28,0,1222000,-139554,1082446
2008/03/31,0,519000,-1421000,-902000
2008/04/01,0,417000,-186000,231000
2008/04/02,0,3001000,-18000,2983000
2008/04/03,0,213000,-37000,176000
2008/04/04,0,0,0,0
2008/04/07,0,324000,-5000,319000
2008/04/08,0,69000,-582000,-513000
2008/04/09,0,179000,-366000,-187000
2008/04/10,0,77000,-394000,-317000
2008/04/11,0,86000,-816000,-730000
2008/04/14,0,217000,-151019,65981
2008/04/15,0,31000,-89000,-58000
2008/04/16,0,1053000,-125000,928000
2008/04/17,0,364000,-873000,-509000
2008/04/18,0,318000,-55000,263000
2008/04/21,0,298000,-25000,273000
2008/04/22,0,125000,-158000,-33000
2008/04/23,0,1006000,-57000,949000
2008/04/24,0,229000,-201000,28000
2008/04/25,0,217000,-8000,209000
2008/04/28,0,398000,-91000,307000
2008/04/29,0,159000,-83000,76000
2008/04/30,0,395000,-282000,113000
2008/05/01,0,0,0,0
2008/05/02,0,742000,-81000,661000
2008/05/05,0,189000,-531000,-342000
2008/05/06,0,417000,-190000,227000
2008/05/07,0,213000,-116000,97000
2008/05/08,0,67000,-214000,-147000
2008/05/09,0,196000,-680000,-484000
2008/05/12,0,1254000,-21101,1232899
2008/05/13,0,377000,-328000,49000
2008/05/14,0,377000,-129000,248000
2008/05/15,0,524000,-53000,471000
2008/05/16,0,12210000,-434000,11776000
2008/05/19,0,559000,-111000,448000
2008/05/20,0,2345000,-1541000,804000
2008/05/21,0,883000,-589000,294000
2008/05/22,0,110000,-765000,-655000
2008/05/23,0,115000,-584000,-469000
2008/05/26,0,614000,-597000,17000
2008/05/27,0,98000,-77000,21000
2008/05/28,0,41000,-344000,-303000
2008/05/29,0,255000,-2025000,-1770000
2008/05/30,0,287000,-3261000,-2974000
2008/06/02,0,79000,-1042547,-963547
2008/06/03,0,226000,-910000,-684000
2008/06/04,0,140000,-14271,125729
2008/06/05,0,865000,-159000,706000
2008/06/06,0,127000,-306000,-179000
2008/06/09,0,61000,-387000,-326000
2008/06/10,0,123000,-3922000,-3799000
2008/06/11,0,168000,-2126000,-1958000
2008/06/12,0,258000,-2725000,-2467000
2008/06/13,0,93000,-27000,66000
2008/06/16,0,156000,-7004000,-6848000
2008/06/17,0,118000,-32000,86000
2008/06/18,0,299000,-41000,258000
2008/06/19,0,281000,-305000,-24000
2008/06/20,0,462000,-151000,311000
2008/06/23,0,773000,-64000,709000
2008/06/24,0,316000,-66000,250000
2008/06/25,0,1133000,-31000,1102000
2008/06/26,0,364000,-102000,262000
2008/06/27,0,456000,-565000,-109000
2008/06/30,0,868000,-168000,700000
2008/07/01,0,272000,-9000,263000
2008/07/02,0,1282000,-26000,1256000
2008/07/03,0,420000,-188000,232000
2008/07/04,0,378000,-246000,132000
2008/07/07,0,30000,-144000,-114000
2008/07/08,0,744000,-363000,381000
2008/07/09,0,1240000,-136000,1104000
2008/07/10,0,659000,-193000,466000
2008/07/11,0,483000,-404000,79000
2008/07/14,0,146000,-388000,-242000
2008/07/15,0,381000,-275000,106000
2008/07/16,0,316000,-129000,187000
2008/07/17,0,227000,-267000,-40000
2008/07/18,0,406000,-157655,248345
2008/07/21,0,448000,-123000,325000
2008/07/22,0,784000,-37000,747000
2008/07/23,0,2242000,0,2242000
2008/07/24,0,423000,-18000,405000
2008/07/25,0,778000,-25000,753000
2008/07/28,0,0,0,0
2008/07/29,0,798000,-495000,303000
2008/07/30,0,352000,-896000,-544000
2008/07/31,0,579000,-25000,554000
2008/08/01,0,375000,-92000,283000
2008/08/04,0,825000,-168000,657000
2008/08/05,0,770000,-258000,512000
2008/08/06,0,2041000,-82000,1959000
2008/08/07,0,1014000,-643000,371000
2008/08/08,0,1713000,-864000,849000
2008/08/11,0,189000,-996000,-807000
2008/08/12,0,32000,-902000,-870000
2008/08/13,0,743000,-938000,-195000
2008/08/14,0,555000,-555000,0
2008/08/15,0,263000,-434000,-171000
2008/08/18,0,91000,-225000,-134000
2008/08/19,0,47000,-271000,-224000
2008/08/20,0,194000,-154000,40000
2008/08/21,0,261000,-418000,-157000
2008/08/22,0,164000,-565000,-401000
2008/08/25,0,151000,-1000,150000
2008/08/26,0,90000,0,90000
2008/08/27,0,330000,-100000,230000
2008/08/28,0,395000,-1592000,-1197000
2008/08/29,0,357000,0,357000
2008/09/01,0,687000,-166000,521000
2008/09/02,0,432000,-116000,316000
2008/09/03,0,1220000,-173000,1047000
2008/09/04,0,296000,-1236000,-940000
2008/09/05,0,1234000,-600000,634000
2008/09/08,0,598000,-146000,452000
2008/09/09,0,777000,-1300000,-523000
2008/09/10,0,760000,-102000,658000
2008/09/11,0,1953000,-234000,1719000
2008/09/12,0,1724000,-674000,1050000
2008/09/15,0,212000,-659000,-447000
2008/09/16,0,550650,-302000,248650
2008/09/17,0,611000,-2172000,-1561000
2008/09/18,0,609000,-431000,178000
2008/09/19,0,292000,-151000,141000
2008/09/22,0,559000,-291000,268000
2008/09/23,0,89000,-244000,-155000
2008/09/24,0,1059000,-250260,808740
2008/09/25,0,332000,-310000,22000
2008/09/26,0,265000,-1265000,-1000000
2008/09/29,0,0,0,0
2008/09/30,0,31000,-193000,-162000
2008/10/01,0,614000,-652000,-38000
2008/10/02,0,543000,-251000,292000
2008/10/03,0,1166000,-233000,933000
2008/10/06,0,316000,-655102,-339102
2008/10/07,0,1060000,-183000,877000
2008/10/08,0,513000,-1590000,-1077000
2008/10/09,0,3277000,-178000,3099000
2008/10/10,0,0,0,0
2008/10/13,0,849000,-407000,442000
2008/10/14,0,33000,0,33000
2008/10/15,0,1440000,-972000,468000
2008/10/16,0,0,-50000,-50000
2008/10/17,0,238000,-411000,-173000
2008/10/20,0,648000,-305230,342770
2008/10/21,0,1012000,-651500,360500
2008/10/22,0,128000,-332800,-204800
2008/10/23,0,0,-119705,-119705
2008/10/24,0,0,-40000,-40000
2008/10/27,0,128000,-693000,-565000
2008/10/28,0,850000,-635000,215000
2008/10/29,0,3000,0,3000
2008/10/30,0,1564000,-49000,1515000
2008/10/31,0,1621000,-318000,1303000
2008/11/03,0,1715000,-1451000,264000
2008/11/04,0,859000,-1094000,-235000
2008/11/05,0,659000,-782000,-123000
2008/11/06,0,640000,-391000,249000
2008/11/07,0,1532327,-1030000,502327
2008/11/10,0,378000,-600000,-222000
2008/11/11,0,796000,-557000,239000
2008/11/12,0,898000,-317000,581000
2008/11/13,0,623000,-1310000,-687000
2008/11/14,0,127000,0,127000
2008/11/17,0,532000,-44107,487893
2008/11/18,0,731000,-385000,346000
2008/11/19,0,465000,-159964,305036
2008/11/20,0,724000,-278000,446000
2008/11/21,0,1281000,-456000,825000
2008/11/24,0,831000,-212000,619000
2008/11/25,0,1112000,-64000,1048000
2008/11/26,0,231000,-124000,107000
2008/11/27,0,573000,-215000,358000
2008/11/28,0,1234000,-118647,1115353
2008/12/01,0,345000,-277000,68000
2008/12/02,0,25000,-133000,-108000
2008/12/03,0,174000,-594000,-420000
2008/12/04,0,492000,-527000,-35000
2008/12/05,0,323000,-150000,173000
2008/12/08,0,1430000,-30000,1400000
2008/12/09,0,871000,-293000,578000
2008/12/10,0,1431000,-536000,895000
2008/12/11,0,4210000,-829000,3381000
2008/12/12,0,151000,-2347000,-2196000
2008/12/15,0,800000,-412000,388000
2008/12/16,0,171000,-386000,-215000
2008/12/17,0,1779000,-1080000,699000
2008/12/18,0,784000,-564000,220000
2008/12/19,0,422000,-235000,187000
2008/12/22,0,452000,-1212000,-760000
2008/12/23,0,156000,-786000,-630000
2008/12/24,0,237000,-855000,-618000
2008/12/25,0,109000,-214000,-105000
2008/12/26,0,135000,-1007000,-872000
2008/12/29,0,182000,-815000,-633000
2008/12/30,0,444000,-571926,-127926
2008/12/31,0,107000,-385000,-278000
2009/01/01,0,0,0,0
2009/01/02,0,0,0,0
2009/01/05,0,2666000,-102000,2564000
2009/01/06,0,642000,-80000,562000
2009/01/07,0,1470000,-2212000,-742000
2009/01/08,0,397000,-1559000,-1162000
2009/01/09,0,452000,-320000,132000
2009/01/12,0,369000,-34000,335000
2009/01/13,0,133000,-31000,102000
2009/01/14,0,177000,-57665,119335
2009/01/15,0,298000,-399000,-101000
2009/01/16,0,545000,-81000,464000
2009/01/19,0,95000,-238309,-143309
2009/01/20,0,826000,-138000,688000
2009/01/21,0,841000,-327000,514000
2009/01/22,0,0,0,0
2009/01/23,0,0,0,0
2009/01/26,0,0,0,0
2009/01/27,0,0,0,0
2009/01/28,0,0,0,0
2009/01/29,0,0,0,0
2009/01/30,0,0,0,0
2009/02/02,0,4000,-202573,-198573
2009/02/03,0,411000,-452000,-41000
2009/02/04,0,504000,-180000,324000
2009/02/05,0,327000,-120000,207000
2009/02/06,0,1362000,-234000,1128000
2009/02/09,0,179000,-1663000,-1484000
2009/02/10,0,88000,-652000,-564000
2009/02/11,0,2149000,-595279,1553721
2009/02/12,0,236000,-2805000,-2569000
2009/02/13,0,1354000,-200075,1153925
2009/02/16,0,397000,-462000,-65000
2009/02/17,0,182000,-1077000,-895000
2009/02/18,0,301000,-656000,-355000
2009/02/19,0,875000,-700495,174505
2009/02/20,0,494000,-565145,-71145
2009/02/23,0,503000,-470000,33000
2009/02/24,0,435000,-330000,105000
2009/02/25,0,653000,-345000,308000
2009/02/26,0,1621000,-659000,962000
2009/02/27,0,1038000,-126000,912000
2009/03/02,0,826000,-1442000,-616000
2009/03/03,0,490000,-231000,259000
2009/03/04,0,3327000,-641000,2686000
2009/03/05,0,1561000,-2512153,-951153
2009/03/06,0,3931000,-455000,3476000
2009/03/09,0,2293000,-4281000,-1988000
2009/03/10,0,5064000,-788000,4276000
2009/03/11,0,2078000,-4764000,-2686000
2009/03/12,0,2644000,-803000,1841000
2009/03/13,0,2168000,-1772000,396000
2009/03/16,0,1012000,-2329000,-1317000
2009/03/17,0,2351000,-977000,1374000
2009/03/18,0,1166000,-359000,807000
2009/03/19,0,953000,-1899000,-946000
2009/03/20,0,1032000,-1427000,-395000
2009/03/23,0,1388000,-1649000,-261000
2009/03/24,0,367000,-71000,296000
2009/03/25,0,6103000,-1406000,4697000
2009/03/26,0,2792000,-2853332,-61332
2009/03/27,0,555000,-4284000,-3729000
2009/03/30,0,1495000,-3651000,-2156000
2009/03/31,0,3441000,-788000,2653000
2009/04/01,0,3209000,-1722000,1487000
2009/04/02,0,2504000,-2692000,-188000
2009/04/03,0,530000,-2296000,-1766000
2009/04/06,0,1720000,-1399000,321000
2009/04/07,0,2174000,-1679000,495000
2009/04/08,0,660000,-3346000,-2686000
2009/04/09,0,2875000,-2765000,110000
2009/04/10,0,2956000,-4663000,-1707000
2009/04/13,0,4918000,-2866000,2052000
2009/04/14,0,4088000,-1999633,2088367
2009/04/15,0,3823000,-3733000,90000
2009/04/16,0,5017000,-3632000,1385000
2009/04/17,0,5485000,-11375000,-5890000
2009/04/20,0,6126000,-1216000,4910000
2009/04/21,0,1883000,-907000,976000
2009/04/22,0,1990000,-5147000,-3157000
2009/04/23,0,2590000,-1725000,865000
2009/04/24,0,2431000,-3746071,-1315071
2009/04/27,0,2259000,-1906000,353000
2009/04/28,0,5848000,-4196000,1652000
2009/04/29,0,2881000,-4850000,-1969000
2009/04/30,0,249000,0,249000
2009/05/01,0,0,0,0
2009/05/04,0,857000,0,857000
2009/05/05,0,10356000,-9093000,1263000
2009/05/06,0,7741000,-3637766,4103234
2009/05/07,0,4973000,-6019000,-1046000
2009/05/08,0,7645000,-1109837,6535163
2009/05/11,0,1998000,-2626000,-628000
2009/05/12,0,1869000,-3357000,-1488000
2009/05/13,0,5674000,-2188000,3486000
2009/05/14,0,851000,-1955000,-1104000
2009/05/15,0,4872000,-2746000,2126000
2009/05/18,0,1788000,-3425000,-1637000
2009/05/19,0,3661000,-6205000,-2544000
2009/05/20,0,1825000,-2417519,-592519
2009/05/21,0,2718000,-1812000,906000
2009/05/22,0,2659000,-1109000,1550000
2009/05/25,0,1007000,-1512000,-505000
2009/05/26,0,1640000,-1510000,130000
2009/05/27,0,3685000,-3387000,298000
2009/05/28,0,0,0,0
2009/05/29,0,0,0,0
2009/06/01,0,873000,-2985000,-2112000
2009/06/02,0,4485000,-2900000,1585000
2009/06/03,0,1804000,-2538000,-734000
2009/06/04,0,1706000,-3925000,-2219000
2009/06/05,0,1495000,-1816000,-321000
2009/06/08,0,1272000,-3647000,-2375000
2009/06/09,0,2644000,-4421000,-1777000
2009/06/10,0,1887000,-1153064,733936
2009/06/11,0,4355000,-4075000,280000
2009/06/12,0,2237000,-4375845,-2138845
2009/06/15,0,5581000,-5257000,324000
2009/06/16,0,2513000,-7955446,-5442446
2009/06/17,0,2230000,-1675000,555000
2009/06/18,0,2099000,-1617000,482000
2009/06/19,0,2298000,-4555000,-2257000
2009/06/22,0,4949000,-1230000,3719000
2009/06/23,0,1637000,-1005000,632000
2009/06/24,0,8903000,-1934000,6969000
2009/06/25,0,4671000,-2028000,2643000
2009/06/26,0,1134000,-4795000,-3661000
2009/06/29,0,2877000,-3871000,-994000
2009/06/30,0,1756000,-2059000,-303000
2009/07/01,0,3836000,-1406000,2430000
2009/07/02,0,2672000,-2025000,647000
2009/07/03,0,1956000,-423000,1533000
2009/07/06,0,669000,-4201000,-3532000
2009/07/07,0,2638427,-624000,2014427
2009/07/08,0,3957000,-2463000,1494000
2009/07/09,0,4082000,-3990000,92000
2009/07/10,0,2575000,-2036000,539000
2009/07/13,0,680000,-6315000,-5635000
2009/07/14,0,2009000,-1315000,694000
2009/07/15,0,5437000,-2413000,3024000
2009/07/16,0,730000,-2193000,-1463000
2009/07/17,0,416000,-1292000,-876000
2009/07/20,0,3086000,-10892839,-7806839
2009/07/21,0,2386000,-1558000,828000
2009/07/22,0,1340000,-1415621,-75621
2009/07/23,0,2704000,-1902000,802000
2009/07/24,0,767000,-3967000,-3200000
2009/07/27,0,4313000,-4393000,-80000
2009/07/28,0,1289000,-3017000,-1728000
2009/07/29,0,2114000,-1048000,1066000
2009/07/30,0,618000,-4369000,-3751000
2009/07/31,0,2241000,-1188000,1053000
2009/08/03,0,801358,-2778000,-1976642
2009/08/04,0,450000,-3189000,-2739000
2009/08/05,0,713000,-2454121,-1741121
2009/08/06,0,1005000,-1042000,-37000
2009/08/07,0,0,0,0
2009/08/10,0,860000,-390000,470000
2009/08/11,0,244000,-572000,-328000
2009/08/12,0,655000,-283000,372000
2009/08/13,0,1916000,-690000,1226000
2009/08/14,0,1163000,-824000,339000
2009/08/17,0,276000,-1262000,-986000
2009/08/18,0,1283000,-2848000,-1565000
2009/08/19,0,607000,-465000,142000
2009/08/20,0,701000,-1816000,-1115000
2009/08/21,0,209000,-1698000,-1489000
2009/08/24,0,2103000,-1040000,1063000
2009/08/25,0,1133000,-597000,536000
2009/08/26,0,2443000,-552496,1890504
2009/08/27,0,134000,-312000,-178000
2009/08/28,0,267000,-1423000,-1156000
2009/08/31,0,288000,-199000,89000
2009/09/01,0,8996000,-120000,8876000
2009/09/02,0,2192000,-3258000,-1066000
2009/09/03,0,2228000,-6510000,-4282000
2009/09/04,0,3624000,-1532000,2092000
2009/09/07,0,1235000,-1748000,-513000
2009/09/08,0,617000,-1789000,-1172000
2009/09/09,0,1000000,-2101000,-1101000
2009/09/10,0,1361000,-1678000,-317000
2009/09/11,0,1023000,-1059000,-36000
2009/09/14,0,33000,-1098000,-1065000
2009/09/15,0,807000,-253000,554000
2009/09/16,0,1439000,-1808000,-369000
2009/09/17,0,559000,-805000,-246000
2009/09/18,0,483000,-2177000,-1694000
2009/09/21,0,14000,-1908000,-1894000
2009/09/22,0,170000,-1246000,-1076000
2009/09/23,0,1249000,-2247407,-998407
2009/09/24,0,407000,-513206,-106206
2009/09/25,0,528000,-1125000,-597000
2009/09/28,0,73000,-4265001,-4192001
2009/09/29,0,3097000,-296000,2801000
2009/09/30,0,711000,-3714000,-3003000
2009/10/01,0,3100000,-955000,2145000
2009/10/02,0,0,-4048000,-4048000
2009/10/05,0,100000,-374000,-274000
2009/10/06,0,201000,-427000,-226000
2009/10/07,0,129000,-17000,112000
2009/10/08,0,56000,-313000,-257000
2009/10/09,0,984000,-314000,670000
2009/10/12,0,542000,-365000,177000
2009/10/13,0,1282000,-210000,1072000
2009/10/14,0,15075000,-326000,14749000
2009/10/15,0,10625000,-4556000,6069000
2009/10/16,0,2590000,-924000,1666000
2009/10/19,0,3638000,-583000,3055000
2009/10/20,0,1484000,-13704000,-12220000
2009/10/21,0,6475000,-210896,6264104
2009/10/22,0,2207000,-2609000,-402000
2009/10/23,0,1016000,-284000,732000
2009/10/26,0,288000,-198000,90000
2009/10/27,0,570000,-98000,472000
2009/10/28,0,584000,-7004000,-6420000
2009/10/29,0,2240000,-4544000,-2304000
2009/10/30,0,3107000,-8504000,-5397000
2009/11/02,0,1244000,-1666000,-422000
2009/11/03,0,494000,-770000,-276000
2009/11/04,0,1980000,-321000,1659000
2009/11/05,0,480000,-286000,194000
2009/11/06,0,1160000,-1084000,76000
2009/11/09,0,580000,-134000,446000
2009/11/10,0,1112000,-56000,1056000
2009/11/11,0,4631000,-1246000,3385000
2009/11/12,0,735000,-4269000,-3534000
2009/11/13,0,2341000,-680000,1661000
2009/11/16,0,731000,-903000,-172000
2009/11/17,0,868000,-2847000,-1979000
2009/11/18,0,1102000,-886000,216000
2009/11/19,0,2032000,-361000,1671000
2009/11/20,0,2121000,-817000,1304000
2009/11/23,0,669000,-163000,506000
2009/11/24,0,482000,-231000,251000
2009/11/25,0,331000,-492000,-161000
2009/11/26,0,422000,-1413000,-991000
2009/11/27,0,812000,-1657000,-845000
2009/11/30,0,485000,-429958,55042
2009/12/01,0,624000,-540000,84000
2009/12/02,0,1552000,-1638000,-86000
2009/12/03,0,331000,-405000,-74000
2009/12/04,0,351000,-26000,325000
2009/12/07,0,1292000,-812000,480000
2009/12/08,0,457000,-851000,-394000
2009/12/09,0,649000,-1991000,-1342000
2009/12/10,0,909000,-1059000,-150000
2009/12/11,0,487000,-220000,267000
2009/12/14,0,248000,-506000,-258000
2009/12/15,0,114000,-273000,-159000
2009/12/16,0,346000,-705000,-359000
2009/12/17,0,634000,-465000,169000
2009/12/18,0,377000,-117000,260000
2009/12/21,0,625000,-1087000,-462000
2009/12/22,0,2442000,-1772445,669555
2009/12/23,0,1678000,-963000,715000
2009/12/24,0,738000,-856000,-118000
2009/12/25,0,228000,-1034000,-806000
2009/12/28,0,1296000,-564000,732000
2009/12/29,0,4496000,-1752000,2744000
2009/12/30,0,4555000,-356000,4199000
2009/12/31,0,466000,-1944000,-1478000
2010/01/01,0,0,0,0
2010/01/04,0,178000,-1866000,-1688000
2010/01/05,0,320000,-1366000,-1046000
2010/01/06,0,5061000,-3630000,1431000
2010/01/07,0,2972000,-7931000,-4959000
2010/01/08,0,1788000,-538000,1250000
2010/01/11,0,1958000,-849000,1109000
2010/01/12,0,1404000,-4070000,-2666000
2010/01/13,0,1366000,-3891000,-2525000
2010/01/14,0,1946000,-560098,1385902
2010/01/15,0,1596000,-2484000,-888000
2010/01/18,0,1861000,-1821000,40000
2010/01/19,0,3102920,-3678000,-575080
2010/01/20,0,1674000,-3081000,-1407000
2010/01/21,0,850000,-1863000,-1013000
2010/01/22,0,1359000,-1354000,5000
2010/01/25,0,722000,-1611000,-889000
2010/01/26,0,1667000,-4017000,-2350000
2010/01/27,0,793000,-405000,388000
2010/01/28,0,5585000,-543000,5042000
2010/01/29,0,2232000,-3273000,-1041000
2010/02/01,0,1413000,-897000,516000
2010/02/02,0,430000,-3315000,-2885000
2010/02/03,0,2669000,-1404000,1265000
2010/02/04,0,798000,-1990000,-1192000
2010/02/05,0,1658000,-1175000,483000
2010/02/08,0,1751000,-401003,1349997
2010/02/09,0,2774000,-565000,2209000
2010/02/10,0,3554000,-1114768,2439232
2010/02/11,0,0,0,0
2010/02/12,0,0,0,0
2010/02/15,0,0,0,0
2010/02/16,0,0,0,0
2010/02/17,0,0,0,0
2010/02/18,0,0,0,0
2010/02/19,0,0,0,0
2010/02/22,0,1686000,-1435000,251000
2010/02/23,0,2307000,-1867000,440000
2010/02/24,0,1261000,-3103000,-1842000
2010/02/25,0,653000,-3478000,-2825000
2010/02/26,0,756000,-284000,472000
2010/03/01,0,1135000,-414000,721000
2010/03/02,0,997000,-926000,71000
2010/03/03,0,423000,-440000,-17000
2010/03/04,0,55000,-1692000,-1637000
2010/03/05,0,1631000,-698000,933000
2010/03/08,0,948000,-515000,433000
2010/03/09,0,867000,-896000,-29000
2010/03/10,0,885000,-375000,510000
2010/03/11,0,197000,-1271000,-1074000
2010/03/12,0,348000,-78000,270000
2010/03/15,0,157000,-1177000,-1020000
2010/03/16,0,748000,-443000,305000
2010/03/17,0,2404000,-229000,2175000
2010/03/18,0,2338000,-432000,1906000
2010/03/19,0,937000,-575000,362000
2010/03/22,0,340000,-868000,-528000
2010/03/23,0,713000,-771000,-58000
2010/03/24,0,609000,-1451367,-842367
2010/03/25,0,2249000,-702000,1547000
2010/03/26,0,1489000,-979000,510000
2010/03/29,0,1313000,-456000,857000
2010/03/30,0,254000,-368000,-114000
2010/03/31,0,310000,-434000,-124000
2010/04/01,0,1255000,-512000,743000
2010/04/02,0,500000,-369000,131000
2010/04/05,0,0,0,0
2010/04/06,0,2394000,-1014000,1380000
2010/04/07,0,1647000,-1125000,522000
2010/04/08,0,2035000,-2144000,-109000
2010/04/09,0,372000,-272000,100000
2010/04/12,0,336000,-764000,-428000
2010/04/13,0,719000,-2222425,-1503425
2010/04/14,0,717000,-2832000,-2115000
2010/04/15,0,633000,-819000,-186000
2010/04/16,0,364000,-633000,-269000
2010/04/19,0,480000,-2054000,-1574000
2010/04/20,0,557000,-1928000,-1371000
2010/04/21,0,402000,-887000,-485000
2010/04/22,0,408000,-434000,-26000
2010/04/23,0,343000,-3106000,-2763000
2010/04/26,0,1052000,-474000,578000
2010/04/27,0,1273500,-174000,1099500
2010/04/28,0,542500,-397000,145500
2010/04/29,0,395000,-969000,-574000
2010/04/30,0,370000,-1178000,-808000
2010/05/03,0,432000,-1140000,-708000
2010/05/04,0,663000,-367000,296000
2010/05/05,0,849000,-1398000,-549000
2010/05/06,0,365000,-2196000,-1831000
2010/05/07,0,683000,-536000,147000
2010/05/10,0,1160000,-719000,441000
2010/05/11,0,1611000,-1925000,-314000
2010/05/12,0,1026000,-1082000,-56000
2010/05/13,0,1242000,-481000,761000
2010/05/14,0,1588000,-611000,977000
2010/05/17,0,149000,-3014358,-2865358
2010/05/18,0,974000,-510000,464000
2010/05/19,0,1291000,-1145000,146000
2010/05/20,0,509000,-815000,-306000
2010/05/21,0,642000,-983000,-341000
2010/05/24,0,431000,-342000,89000
2010/05/25,0,1200000,-1371000,-171000
2010/05/26,0,734000,-188000,546000
2010/05/27,0,327000,-1118000,-791000
2010/05/28,0,728000,-1157000,-429000
2010/05/31,0,1203000,-537000,666000
2010/06/01,0,1197000,-1680000,-483000
2010/06/02,0,642000,-1317000,-675000
2010/06/03,0,1006000,-343000,663000
2010/06/04,0,121000,-568000,-447000
2010/06/07,0,266000,-681000,-415000
2010/06/08,0,839000,-389000,450000
2010/06/09,0,159400,-1272000,-1112600
2010/06/10,0,106200,-266000,-159800
2010/06/11,0,868400,-527000,341400
2010/06/14,0,484000,-373000,111000
2010/06/15,0,1620000,-579000,1041000
2010/06/16,0,0,0,0
2010/06/17,0,4833000,-503000,4330000
2010/06/18,0,1456000,-446000,1010000
2010/06/21,0,1176000,-263000,913000
2010/06/22,0,6009000,-1031000,4978000
2010/06/23,0,592000,-594000,-2000
2010/06/24,0,870000,-768676,101324
2010/06/25,0,992000,-1414000,-422000
2010/06/28,0,232000,-697000,-465000
2010/06/29,0,736000,-363000,373000
2010/06/30,0,1782000,-1953000,-171000
2010/07/01,0,1611000,-6390000,-4779000
2010/07/02,0,1315000,-963000,352000
2010/07/05,0,1431000,-1252206,178794
2010/07/06,0,5201000,-767000,4434000
2010/07/07,0,5154000,-682000,4472000
2010/07/08,0,1715000,-5907000,-4192000
2010/07/09,0,1733000,-3047000,-1314000
2010/07/12,0,228000,-1002000,-774000
2010/07/13,0,602000,-692000,-90000
2010/07/14,0,2303700,-771000,1532700
2010/07/15,0,751000,-722000,29000
2010/07/16,0,695000,-1593000,-898000
2010/07/19,0,615000,-461000,154000
2010/07/20,0,147000,-479000,-332000
2010/07/21,0,945000,-936000,9000
2010/07/22,0,1194000,-860000,334000
2010/07/23,0,1206000,-224000,982000
2010/07/26,0,578000,-264000,314000
2010/07/27,0,1466000,-1883000,-417000
2010/07/28,0,810000,-347000,463000
2010/07/29,0,62000,-1127000,-1065000
2010/07/30,0,281000,-444000,-163000
2010/08/02,0,2387000,-413650,1973350
2010/08/03,0,346000,-1237000,-891000
2010/08/04,0,865000,-429000,436000
2010/08/05,0,1095000,-2049000,-954000
2010/08/06,0,417000,-515000,-98000
2010/08/09,0,388000,-342050,45950
2010/08/10,0,508000,-840000,-332000
2010/08/11,0,513000,-550000,-37000
2010/08/12,0,447000,-401000,46000
2010/08/13,0,1515000,-650000,865000
2010/08/16,0,2263000,-1277000,986000
2010/08/17,0,657000,-1518000,-861000
2010/08/18,0,1062000,-1704000,-642000
2010/08/19,0,299000,-312000,-13000
2010/08/20,0,365000,-773000,-408000
2010/08/23,0,303000,-523000,-220000
2010/08/24,0,31000,-759000,-728000
2010/08/25,0,721000,-2218000,-1497000
2010/08/26,0,732000,-840000,-108000
2010/08/27,0,1091000,-438000,653000
2010/08/30,0,86000,-1422000,-1336000
2010/08/31,0,611000,-2621000,-2010000
2010/09/01,0,852000,-1021000,-169000
2010/09/02,0,1611000,-2059000,-448000
2010/09/03,0,1766000,-444000,1322000
2010/09/06,0,664000,-861000,-197000
2010/09/07,0,1323000,-1608000,-285000
2010/09/08,0,794446,-1294000,-499554
2010/09/09,0,1241000,-674000,567000
2010/09/10,0,2325000,-957000,1368000
2010/09/13,0,2180000,-2000,2178000
2010/09/14,0,5039000,-1925000,3114000
2010/09/15,0,1965000,-2325000,-360000
2010/09/16,0,1356000,-1062000,294000
2010/09/17,0,2354000,-809000,1545000
2010/09/20,0,306000,-1034000,-728000
2010/09/21,0,669000,-29000,640000
2010/09/22,0,0,0,0
2010/09/23,0,661000,-725000,-64000
2010/09/24,0,506000,-1058000,-552000
2010/09/27,0,323000,-726000,-403000
2010/09/28,0,191000,-376000,-185000
2010/09/29,0,598000,-615000,-17000
2010/09/30,0,410000,-245000,165000
2010/10/01,0,277000,-82000,195000
2010/10/04,0,723000,-238000,485000
2010/10/05,0,813000,-1221000,-408000
2010/10/06,0,1217000,-403000,814000
2010/10/07,0,151000,-40521,110479
2010/10/08,0,1191500,-186000,1005500
2010/10/11,0,231000,-632000,-401000
2010/10/12,0,210000,-3336000,-3126000
2010/10/13,0,240000,-518000,-278000
2010/10/14,0,1493000,-204000,1289000
2010/10/15,0,452500,-2283000,-1830500
2010/10/18,0,156000,-1538000,-1382000
2010/10/19,0,176000,-634000,-458000
2010/10/20,0,333000,-415000,-82000
2010/10/21,0,676000,-439000,237000
2010/10/22,0,770000,-308000,462000
2010/10/25,0,5442000,-145000,5297000
2010/10/26,0,2281000,-156000,2125000
2010/10/27,0,1367000,-1852000,-485000
2010/10/28,0,14811000,-3832000,10979000
2010/10/29,0,5818000,-1766000,4052000
2010/11/01,0,3908000,-1343000,2565000
2010/11/02,0,1999000,-877000,1122000
2010/11/03,0,1286000,-2174000,-888000
2010/11/04,0,4829000,-528000,4301000
2010/11/05,0,4917000,-2314000,2603000
2010/11/08,0,3092000,-2343000,749000
2010/11/09,0,1194317,-1327000,-132683
2010/11/10,0,474000,-2397000,-1923000
2010/11/11,0,1142000,-1798000,-656000
2010/11/12,0,1899000,-3911000,-2012000
2010/11/15,0,620000,-2298000,-1678000
2010/11/16,0,1431000,-1666000,-235000
2010/11/17,0,328000,-2107000,-1779000
2010/11/18,0,1567000,-434000,1133000
2010/11/19,0,919000,-1220000,-301000
2010/11/22,0,3312000,-2178000,1134000
2010/11/23,0,2143000,-1885000,258000
2010/11/24,0,2029000,-1849000,180000
2010/11/25,0,2270000,-2077000,193000
2010/11/26,0,731000,-1574000,-843000
2010/11/29,0,1281000,-2341000,-1060000
2010/11/30,0,1495000,-1032000,463000
2010/12/01,0,2299000,-2222000,77000
2010/12/02,0,9960000,-3433000,6527000
2010/12/03,0,6625000,-5387000,1238000
2010/12/06,0,2635000,-2432000,203000
2010/12/07,0,3784000,-1208000,2576000
2010/12/08,0,1447000,-2044000,-597000
2010/12/09,0,5764000,-3985000,1779000
2010/12/10,0,1589000,-4156000,-2567000
2010/12/13,0,1705000,-948000,757000
2010/12/14,0,945000,-3928573,-2983573
2010/12/15,0,2246000,-1651000,595000
2010/12/16,0,4421000,-3003000,1418000
2010/12/17,0,10141000,-8286000,1855000
2010/12/20,0,530000,-6017000,-5487000
2010/12/21,0,1498000,-625000,873000
2010/12/22,0,1929000,-2395000,-466000
2010/12/23,0,956000,-2525000,-1569000
2010/12/24,0,1159000,-3040000,-1881000
2010/12/27,0,1410000,-1168000,242000
2010/12/28,0,684000,-2357000,-1673000
2010/12/29,0,841000,-955892,-114892
2010/12/30,0,1472000,-1829000,-357000
2010/12/31,0,4576000,-1766000,2810000
2011/01/03,0,1160000,-2534000,-1374000
2011/01/04,0,1071000,-604000,467000
2011/01/05,0,2368000,-9343000,-6975000
2011/01/06,0,1965000,-1824000,141000
2011/01/07,0,7742000,-2594000,5148000
2011/01/10,0,2819000,-2260000,559000
2011/01/11,0,7662000,-3598000,4064000
2011/01/12,0,4948000,-874000,4074000
2011/01/13,0,1345000,-3902000,-2557000
2011/01/14,0,1845000,-232000,1613000
2011/01/17,0,4165000,-2371242,1793758
2011/01/18,0,4316000,-5631000,-1315000
2011/01/19,0,3807000,-4731000,-924000
2011/01/20,0,560000,-4976000,-4416000
2011/01/21,0,532000,-3765000,-3233000
2011/01/24,0,412000,-2039000,-1627000
2011/01/25,0,743000,-1363000,-620000
2011/01/26,0,5957000,-1284000,4673000
2011/01/27,0,5652000,-9431000,-3779000
2011/01/28,0,1255000,-6007000,-4752000
2011/01/31,0,0,0,0
2011/02/01,0,0,0,0
2011/02/02,0,0,0,0
2011/02/03,0,0,0,0
2011/02/04,0,0,0,0
2011/02/07,0,0,0,0
2011/02/08,0,4084000,-1775000,2309000
2011/02/09,0,3287000,-4026000,-739000
2011/02/10,0,1176000,-3955000,-2779000
2011/02/11,0,3726000,-4223000,-497000
2011/02/14,0,2185000,-1355000,830000
2011/02/15,0,1409000,-1900000,-491000
2011/02/16,0,1004000,-2054000,-1050000
2011/02/17,0,1157000,-1355000,-198000
2011/02/18,0,1097000,-1746000,-649000
2011/02/21,0,352000,-1033000,-681000
2011/02/22,0,2245000,-7285000,-5040000
2011/02/23,0,3835000,-4414000,-579000
2011/02/24,0,3236000,-1385000,1851000
2011/02/25,0,5301000,-1050000,4251000
2011/02/28,0,0,0,0
2011/03/01,0,3446000,-632000,2814000
2011/03/02,0,865000,-1035000,-170000
2011/03/03,0,3860000,-1793000,2067000
2011/03/04,0,2417000,-2639000,-222000
2011/03/07,0,898000,-1220890,-322890
2011/03/08,0,1847000,-571000,1276000
2011/03/09,0,4866000,-3108000,1758000
2011/03/10,0,1732000,-3793000,-2061000
2011/03/11,0,1058000,-559000,499000
2011/03/14,0,1138000,-3213000,-2075000
2011/03/15,0,5235000,-4817000,418000
2011/03/16,0,3262000,-816090,2445910
2011/03/17,0,2603000,-3077000,-474000
2011/03/18,0,650000,-1928000,-1278000
2011/03/21,0,1487000,-1427000,60000
2011/03/22,0,419000,-1523000,-1104000
2011/03/23,0,1068000,-537000,531000
2011/03/24,0,1492000,-1273000,219000
2011/03/25,0,4386000,-1443000,2943000
2011/03/28,0,1550000,-2650000,-1100000
2011/03/29,0,532000,-510000,22000
2011/03/30,0,542000,-174000,368000
2011/03/31,0,901000,-2050000,-1149000
2011/04/01,0,1027000,-661000,366000
2011/04/04,0,0,0,0
2011/04/05,0,0,0,0
2011/04/06,0,7366000,-612000,6754000
2011/04/07,0,998000,-5180000,-4182000
2011/04/08,0,1016000,-752000,264000
2011/04/11,0,795000,-1602000,-807000
2011/04/12,0,1805000,-3062000,-1257000
2011/04/13,0,954000,-5921000,-4967000
2011/04/14,0,560000,-971852,-411852
2011/04/15,0,485000,-1953000,-1468000
2011/04/18,0,321000,-3802802,-3481802
2011/04/19,0,345000,-1066000,-721000
2011/04/20,0,412000,-655000,-243000
2011/04/21,0,1935000,-205000,1730000
2011/04/22,0,100000,-830000,-730000
2011/04/25,0,51000,-562000,-511000
2011/04/26,0,355000,-1005000,-650000
2011/04/27,0,665000,-946000,-281000
2011/04/28,0,794000,-1867000,-1073000
2011/04/29,0,693000,-4687000,-3994000
2011/05/02,0,0,0,0
2011/05/03,0,1383000,-716567,666433
2011/05/04,0,863000,-1090000,-227000
2011/05/05,0,892000,-233000,659000
2011/05/06,0,616000,-857000,-241000
2011/05/09,0,746000,-466000,280000
2011/05/10,0,293000,-120000,173000
2011/05/11,0,192000,-385576,-193576
2011/05/12,0,397000,-275000,122000
2011/05/13,0,392000,-471000,-79000
2011/05/16,0,545000,-459000,86000
2011/05/17,0,268000,-200000,68000
2011/05/18,0,795000,-1748000,-953000
2011/05/19,0,623000,-527608,95392
2011/05/20,0,573000,-278000,295000
2011/05/23,0,676000,-612000,64000
2011/05/24,0,1202000,-612000,590000
2011/05/25,0,62000,-475000,-413000
2011/05/26,0,244000,-86000,158000
2011/05/27,0,870000,-215000,655000
2011/05/30,0,4221000,-623000,3598000
2011/05/31,0,3085000,-242000,2843000
2011/06/01,0,6632000,-185000,6447000
2011/06/02,0,1521000,-839000,682000
2011/06/03,0,504000,-349000,155000
2011/06/06,0,0,0,0
2011/06/07,0,972000,-891000,81000
2011/06/08,0,2081000,-500000,1581000
2011/06/09,0,1288000,-968000,320000
2011/06/10,0,567000,-920000,-353000
2011/06/13,0,1563000,-910000,653000
2011/06/14,0,478000,-8447000,-7969000
2011/06/15,0,857000,-102000,755000
2011/06/16,0,2728000,-471000,2257000
2011/06/17,0,998000,-841000,157000
2011/06/20,0,1292000,-410000,882000
2011/06/21,0,1475000,-355000,1120000
2011/06/22,0,0,-652000,-652000
2011/06/23,0,1331000,-197000,1134000
2011/06/24,0,767000,-431000,336000
2011/06/27,0,534000,-530000,4000
2011/06/28,0,126000,-195000,-69000
2011/06/29,0,1847000,-546000,1301000
2011/06/30,0,1705000,-316000,1389000
2011/07/01,0,681000,-268000,413000
2011/07/04,0,775000,-1355000,-580000
2011/07/05,0,1428000,-700000,728000
2011/07/06,0,772000,-685000,87000
2011/07/07,0,1106000,-1800000,-694000
2011/07/08,0,258000,-1509000,-1251000
2011/07/11,0,1179000,-375000,804000
2011/07/12,0,1114000,-694000,420000
2011/07/13,0,1965000,-148000,1817000
2011/07/14,0,2124000,-241000,1883000
2011/07/15,0,1047000,-275000,772000
2011/07/18,0,1001000,-299470,701530
2011/07/19,0,1497000,-1088000,409000
2011/07/20,0,4444000,-1413000,3031000
2011/07/21,0,44783000,-854000,43929000
2011/07/22,0,248000,-23374000,-23126000
2011/07/25,0,99000,-1650000,-1551000
2011/07/26,0,158000,-11386000,-11228000
2011/07/27,0,404000,-2083000,-1679000
2011/07/28,0,483000,-3111000,-2628000
2011/07/29,0,267000,-435000,-168000
2011/08/01,0,890000,-783000,107000
2011/08/02,0,552000,-518000,34000
2011/08/03,0,1976000,-1483000,493000
2011/08/04,0,5425000,-1338622,4086378
2011/08/05,0,4431000,-745000,3686000
2011/08/08,0,4828000,-1460000,3368000
2011/08/09,0,4456000,-455000,4001000
2011/08/10,0,2543000,-1565000,978000
2011/08/11,0,1157000,-665000,492000
2011/08/12,0,2224000,-1879000,345000
2011/08/15,0,1089000,-454000,635000
2011/08/16,0,115000,-233000,-118000
2011/08/17,0,288000,-1548000,-1260000
2011/08/18,0,619000,-1194000,-575000
2011/08/19,0,1484000,-570000,914000
2011/08/22,0,2290000,-87000,2203000
2011/08/23,0,1637000,-198000,1439000
2011/08/24,0,866000,-793000,73000
2011/08/25,0,503000,-116000,387000
2011/08/26,0,696000,-119000,577000
2011/08/29,0,574000,-96000,478000
2011/08/30,0,590000,-505000,85000
2011/08/31,0,262000,-537000,-275000
2011/09/01,0,3478000,-1705000,1773000
2011/09/02,0,357000,-1749000,-1392000
2011/09/05,0,934000,-2323000,-1389000
2011/09/06,0,742000,-393000,349000
2011/09/07,0,1681000,-654000,1027000
2011/09/08,0,895000,-1138000,-243000
2011/09/09,0,817000,-873000,-56000
2011/09/12,0,0,0,0
2011/09/13,0,518000,-697000,-179000
2011/09/14,0,2565000,-522000,2043000
2011/09/15,0,1926000,-395000,1531000
2011/09/16,0,1756000,-182000,1574000
2011/09/19,0,304000,-1014000,-710000
2011/09/20,0,846000,-406000,440000
2011/09/21,0,519000,-335000,184000
2011/09/22,0,343000,-478000,-135000
2011/09/23,0,2700000,-870000,1830000
2011/09/26,0,2419000,-409000,2010000
2011/09/27,0,1729000,-206000,1523000
2011/09/28,0,349000,-932000,-583000
2011/09/29,0,179000,-331000,-152000
2011/09/30,0,258000,-429000,-171000
2011/10/03,0,195000,-446000,-251000
2011/10/04,0,1224000,-251000,973000
2011/10/05,0,772000,-95251,676749
2011/10/06,0,1247420,-90000,1157420
2011/10/07,0,291600,-144000,147600
2011/10/10,0,0,0,0
2011/10/11,0,1428000,-518000,910000
2011/10/12,0,592000,-686000,-94000
2011/10/13,0,425000,-1502000,-1077000
2011/10/14,0,63000,-293000,-230000
2011/10/17,0,878000,-309000,569000
2011/10/18,0,341334,-1024393,-683059
2011/10/19,0,846000,-336000,510000
2011/10/20,0,865000,-327000,538000
2011/10/21,0,1564000,-353000,1211000
2011/10/24,0,3689000,-732000,2957000
2011/10/25,0,740000,-776000,-36000
2011/10/26,0,2081000,-240000,1841000
2011/10/27,0,2731000,-1249000,1482000
2011/10/28,0,2314000,-2318000,-4000
2011/10/31,0,2327000,-1773534,553466
2011/11/01,0,1415000,-782000,633000
2011/11/02,0,1144000,-1466000,-322000
2011/11/03,0,807000,-1783000,-976000
2011/11/04,0,2087000,-1205000,882000
2011/11/07,0,328000,-673000,-345000
2011/11/08,0,378000,-980000,-602000
2011/11/09,0,440000,-680000,-240000
2011/11/10,0,2000000,-1544000,456000
2011/11/11,0,834000,-935000,-101000
2011/11/14,0,1642000,-426000,1216000
2011/11/15,0,409000,-661000,-252000
2011/11/16,0,185000,-398000,-213000
2011/11/17,0,331000,-338000,-7000
2011/11/18,0,1269000,-1130917,138083
2011/11/21,0,2210000,-825000,1385000
2011/11/22,0,2123000,-611000,1512000
2011/11/23,0,1387000,-1066000,321000
2011/11/24,0,1019000,-449000,570000
2011/11/25,0,2584000,-1362000,1222000
2011/11/28,0,847000,-1168020,-321020
2011/11/29,0,1281000,-383000,898000
2011/11/30,0,204000,-941000,-737000
2011/12/01,0,1829000,-162000,1667000
2011/12/02,0,30000,-242000,-212000
2011/12/05,0,49000,-357000,-308000
2011/12/06,0,18000,-539000,-521000
2011/12/07,0,29000,-311000,-282000
2011/12/08,0,43000,-801000,-758000
2011/12/09,0,101000,-648000,-547000
2011/12/12,0,41000,-130000,-89000
2011/12/13,0,206000,-533000,-327000
2011/12/14,0,211000,-274000,-63000
2011/12/15,0,376000,-672000,-296000
2011/12/16,0,1172000,-248000,924000
2011/12/19,0,1067000,-323000,744000
2011/12/20,0,509000,-746000,-237000
2011/12/21,0,1926000,-111000,1815000
2011/12/22,0,481000,-443000,38000
2011/12/23,0,517000,-55000,462000
2011/12/26,0,495000,-343000,152000
2011/12/27,0,585000,-548000,37000
2011/12/28,0,538000,-48000,490000
2011/12/29,0,887000,-32000,855000
2011/12/30,0,177000,-220000,-43000
2012/01/02,0,221000,-304000,-83000
2012/01/03,0,910000,-162000,748000
2012/01/04,0,541000,-164000,377000
2012/01/05,0,716000,-78000,638000
2012/01/06,0,233000,-186000,47000
2012/01/09,0,357000,-599000,-242000
2012/01/10,0,1668000,-284390,1383610
2012/01/11,0,288000,-965000,-677000
2012/01/12,0,1539000,-724000,815000
2012/01/13,0,1263400,-1769000,-505600
2012/01/16,0,406000,-1143000,-737000
2012/01/17,0,655000,-1263400,-608400
2012/01/18,0,114000,-506000,-392000
2012/01/19,0,0,0,0
2012/01/20,0,0,0,0
2012/01/23,0,0,0,0
2012/01/24,0,0,0,0
2012/01/25,0,0,0,0
2012/01/26,0,0,0,0
2012/01/27,0,0,0,0
2012/01/30,0,933000,-3166000,-2233000
2012/01/31,0,424000,-945000,-521000
2012/02/01,0,507000,-1539000,-1032000
2012/02/02,0,712000,-1173000,-461000
2012/02/03,0,151000,-1500000,-1349000
2012/02/06,0,112000,-651000,-539000
2012/02/07,0,102000,-297000,-195000
2012/02/08,0,2740000,-306000,2434000
2012/02/09,0,716000,-1540000,-824000
2012/02/10,0,28000,-1765000,-1737000
2012/02/13,0,195000,-45000,150000
2012/02/14,0,1033000,-1731000,-698000
2012/02/15,0,3930000,-921000,3009000
2012/02/16,0,1256000,-1301000,-45000
2012/02/17,0,336000,-2709000,-2373000
2012/02/20,0,261000,-1910000,-1649000
2012/02/21,0,176000,-2645000,-2469000
2012/02/22,0,193000,-83000,110000
2012/02/23,0,535000,-780000,-245000
2012/02/24,0,10000,-1288000,-1278000
2012/02/27,0,0,0,0
2012/02/28,0,0,0,0
2012/02/29,0,3775102,-1165635,2609467
2012/03/01,0,218000,-355000,-137000
2012/03/02,0,376000,-2167000,-1791000
2012/03/05,0,28000,-3173000,-3145000
2012/03/06,0,163000,-1280000,-1117000
2012/03/07,0,380000,-2123000,-1743000
2012/03/08,0,1299000,-592000,707000
2012/03/09,0,28000,-2944000,-2916000
2012/03/12,0,11000,-450142,-439142
2012/03/13,0,873000,-367000,506000
2012/03/14,0,752000,-405000,347000
2012/03/15,0,101000,-535000,-434000
2012/03/16,0,711000,-1153000,-442000
2012/03/19,0,170000,-2445000,-2275000
2012/03/20,0,5000,-1235000,-1230000
2012/03/21,0,154000,-319000,-165000
2012/03/22,0,1083000,-188000,895000
2012/03/23,0,106000,-183000,-77000
2012/03/26,0,110000,-1276000,-1166000
2012/03/27,0,0,-407000,-407000
2012/03/28,0,117000,-673000,-556000
2012/03/29,0,196000,-365221,-169221
2012/03/30,0,187000,-192000,-5000
2012/04/02,0,206000,-392000,-186000
2012/04/03,0,44000,-384000,-340000
2012/04/04,0,0,0,0
2012/04/05,0,481000,-103000,378000
2012/04/06,0,132000,-62000,70000
2012/04/09,0,338000,-231000,107000
2012/04/10,0,130000,-249000,-119000
2012/04/11,0,1914000,-116000,1798000
2012/04/12,0,5000,-1557000,-1552000
2012/04/13,0,193000,-210000,-17000
2012/04/16,0,50000,-70000,-20000
2012/04/17,0,132000,-68000,64000
2012/04/18,0,378000,-145000,233000
2012/04/19,0,307000,-5000,302000
2012/04/20,0,152000,-219000,-67000
2012/04/23,0,840000,-11000,829000
2012/04/24,0,309000,-28000,281000
2012/04/25,0,3197000,-18000,3179000
2012/04/26,0,669000,-173000,496000
2012/04/27,0,1954000,-899000,1055000
2012/04/30,0,365000,-695000,-330000
2012/05/01,0,0,0,0
2012/05/02,0,648000,-2000,646000
2012/05/03,0,336000,-82000,254000
2012/05/04,0,302000,-482000,-180000
2012/05/07,0,1287000,-402000,885000
2012/05/08,0,18000,-3714116,-3696116
2012/05/09,0,630000,-611478,18522
2012/05/10,0,361000,-464000,-103000
2012/05/11,0,623000,-404000,219000
2012/05/14,0,541000,-327000,214000
2012/05/15,0,1742000,-43000,1699000
2012/05/16,0,2016000,-218000,1798000
2012/05/17,0,258000,-180000,78000
2012/05/18,0,1009000,-635000,374000
2012/05/21,0,1161000,-65000,1096000
2012/05/22,0,152000,-33000,119000
2012/05/23,0,799000,-233000,566000
2012/05/24,0,1542000,-298000,1244000
2012/05/25,0,203000,-35000,168000
2012/05/28,0,337000,-12000,325000
2012/05/29,0,1022000,-676000,346000
2012/05/30,0,160000,-611000,-451000
2012/05/31,0,241000,-220000,21000
2012/06/01,0,698000,-307000,391000
2012/06/04,0,1853000,-776000,1077000
2012/06/05,0,1313000,-175000,1138000
2012/06/06,0,223000,-137000,86000
2012/06/07,0,197000,-120000,77000
2012/06/08,0,467000,-664000,-197000
2012/06/11,0,234000,-20000,214000
2012/06/12,0,60000,-444000,-384000
2012/06/13,0,81000,-237000,-156000
2012/06/14,0,121000,-6000,115000
2012/06/15,0,413000,-17000,396000
2012/06/18,0,358000,-130000,228000
2012/06/19,0,210000,-186000,24000
2012/06/20,0,221000,-442000,-221000
2012/06/21,0,229000,-437000,-208000
2012/06/22,0,287000,-282000,5000
2012/06/25,0,39000,-452000,-413000
2012/06/26,0,68000,-296000,-228000
2012/06/27,0,328000,-221000,107000
2012/06/28,0,654000,-111000,543000
2012/06/29,0,2036000,-249000,1787000
2012/07/02,0,1304000,-865000,439000
2012/07/03,0,2214000,-516000,1698000
2012/07/04,0,7220000,-325000,6895000
2012/07/05,0,10238000,-406000,9832000
2012/07/06,0,7633000,-6135000,1498000
2012/07/09,0,553000,-10757000,-10204000
2012/07/10,0,1919000,-3000000,-1081000
2012/07/11,0,345000,-62000,283000
2012/07/12,0,635000,-580000,55000
2012/07/13,0,798000,-638000,160000
2012/07/16,0,439000,-654796,-215796
2012/07/17,0,1631000,-1515000,116000
2012/07/18,0,214000,-1832000,-1618000
2012/07/19,0,931000,-408000,523000
2012/07/20,0,176000,-736000,-560000
2012/07/23,0,740000,-401000,339000
2012/07/24,0,1377000,-132000,1245000
2012/07/25,0,687000,-70000,617000
2012/07/26,0,165000,-380000,-215000
2012/07/27,0,249000,-400000,-151000
2012/07/30,0,1114000,-201000,913000
2012/07/31,0,707000,-525000,182000
2012/08/01,0,376000,-677000,-301000
2012/08/02,0,0,0,0
2012/08/03,0,99000,-373000,-274000
2012/08/06,0,592000,-1695000,-1103000
2012/08/07,0,349000,-300000,49000
2012/08/08,0,2316000,-441000,1875000
2012/08/09,0,3035000,-1519000,1516000
2012/08/10,0,1912000,-303000,1609000
2012/08/13,0,365000,-131000,234000
2012/08/14,0,800000,-818000,-18000
2012/08/15,0,535000,-339000,196000
2012/08/16,0,746000,-380000,366000
2012/08/17,0,616000,-368000,248000
2012/08/20,0,1155000,-297000,858000
2012/08/21,0,564000,-208000,356000
2012/08/22,0,972000,-544000,428000
2012/08/23,0,1124000,-583000,541000
2012/08/24,0,154000,-1936000,-1782000
2012/08/27,0,900000,-759000,141000
2012/08/28,0,73000,-882000,-809000
2012/08/29,0,165000,-293000,-128000
2012/08/30,0,650000,-919000,-269000
2012/08/31,0,228000,-363000,-135000
2012/09/03,0,283000,-266274,16726
2012/09/04,0,90000,-846000,-756000
2012/09/05,0,1017000,-788000,229000
2012/09/06,0,490000,-639000,-149000
2012/09/07,0,526000,-651000,-125000
2012/09/10,0,622000,-1108000,-486000
2012/09/11,0,244000,-644000,-400000
2012/09/12,0,914000,-102000,812000
2012/09/13,0,240000,-142000,98000
2012/09/14,0,2457000,-850000,1607000
2012/09/17,0,640000,-1906000,-1266000
2012/09/18,0,485000,-368000,117000
2012/09/19,0,219000,-477000,-258000
2012/09/20,0,175000,-416000,-241000
2012/09/21,0,59000,-452000,-393000
2012/09/24,0,67000,-573000,-506000
2012/09/25,0,154000,-328000,-174000
2012/09/26,0,212000,-214000,-2000
2012/09/27,0,155000,-299000,-144000
2012/09/28,0,131000,-431000,-300000
2012/10/01,0,151000,-553000,-402000
2012/10/02,0,104000,-342000,-238000
2012/10/03,0,4275000,-359000,3916000
2012/10/04,0,1212000,-1819000,-607000
2012/10/05,0,233000,-589000,-356000
2012/10/08,0,252000,-1186000,-934000
2012/10/09,0,266000,-654000,-388000
2012/10/10,0,0,0,0
2012/10/11,0,1135000,-233000,902000
2012/10/12,0,203000,-415000,-212000
2012/10/15,0,1112000,-646000,466000
2012/10/16,0,280000,-337000,-57000
2012/10/17,0,422000,-501000,-79000
2012/10/18,0,519000,-5501000,-4982000
2012/10/19,0,580000,-453000,127000
2012/10/22,0,220000,-374000,-154000
2012/10/23,0,4000,-421000,-417000
2012/10/24,0,1129000,-258000,871000
2012/10/25,0,410000,-430000,-20000
2012/10/26,0,519000,-203000,316000
2012/10/29,0,664000,-89000,575000
2012/10/30,0,414000,-3000,411000
2012/10/31,0,593000,-469000,124000
2012/11/01,0,1402000,-460000,942000
2012/11/02,0,322000,-38000,284000
2012/11/05,0,351000,-35000,316000
2012/11/06,0,303000,-17000,286000
2012/11/07,0,755000,-326000,429000
2012/11/08,0,29000,-352000,-323000
2012/11/09,0,282000,-181000,101000
2012/11/12,0,12000,-88000,-76000
2012/11/13,0,141000,-230000,-89000
2012/11/14,0,105000,-40000,65000
2012/11/15,0,307000,-146000,161000
2012/11/16,0,54000,-66000,-12000
2012/11/19,0,147000,-33000,114000
2012/11/20,0,37000,-240000,-203000
2012/11/21,0,458000,-337000,121000
2012/11/22,0,606000,-36000,570000
2012/11/23,0,9437000,-197000,9240000
2012/11/26,0,2894000,-2930000,-36000
2012/11/27,0,1389000,-3834000,-2445000
2012/11/28,0,2636000,-3579000,-943000
2012/11/29,0,1222000,-908000,314000
2012/11/30,0,3162000,-698000,2464000
2012/12/03,0,1370000,-670000,700000
2012/12/04,0,1411000,-232000,1179000
2012/12/05,0,11921000,-2349000,9572000
2012/12/06,0,5811000,-5341000,470000
2012/12/07,0,2299000,-7881000,-5582000
2012/12/10,0,8715000,-969000,7746000
2012/12/11,0,5138000,-3294000,1844000
2012/12/12,0,4406000,-1895000,2511000
2012/12/13,0,5834000,-1307000,4527000
2012/12/14,0,2815000,-7953000,-5138000
2012/12/17,0,580000,-1966000,-1386000
2012/12/18,0,3327000,-1795000,1532000
2012/12/19,0,1007000,-4884000,-3877000
2012/12/20,0,7923000,-3920065,4002935
2012/12/21,0,3625000,-9949000,-6324000
2012/12/24,0,1555000,-2188000,-633000
2012/12/25,0,1551000,-2467000,-916000
2012/12/26,0,3084000,-2440000,644000
2012/12/27,0,1922004,-2106000,-183996
2012/12/28,0,1899000,-3024000,-1125000
2012/12/31,0,0,0,0
2013/01/01,0,0,0,0
2013/01/02,0,1262000,-1561000,-299000
2013/01/03,0,15764000,-3050733,12713267
2013/01/04,0,5154000,-4145553,1008447
2013/01/07,0,1182000,-3340000,-2158000
2013/01/08,0,3289000,-5003000,-1714000
2013/01/09,0,2142000,-2809000,-667000
2013/01/10,0,916000,-2452000,-1536000
2013/01/11,0,856000,-2185000,-1329000
2013/01/14,0,1474000,-1051000,423000
2013/01/15,0,258000,-3510000,-3252000
2013/01/16,0,920000,-2732000,-1812000
2013/01/17,0,323000,-2309000,-1986000
2013/01/18,0,957000,-850000,107000
2013/01/21,0,717000,-373000,344000
2013/01/22,0,348000,-582000,-234000
2013/01/23,0,623000,-1242816,-619816
2013/01/24,0,960000,-1201000,-241000
2013/01/25,0,1124000,-1724000,-600000
2013/01/28,0,543000,-444000,99000
2013/01/29,0,622000,-1249000,-627000
2013/01/30,0,716000,-1337000,-621000
2013/01/31,0,1049000,-843000,206000
2013/02/01,0,338000,-1589000,-1251000
2013/02/04,0,618000,-1033000,-415000
2013/02/05,0,824000,-1833000,-1009000
2013/02/06,0,752000,-2708000,-1956000
2013/02/07,0,0,0,0
2013/02/08,0,0,0,0
2013/02/11,0,0,0,0
2013/02/12,0,0,0,0
2013/02/13,0,0,0,0
2013/02/14,0,0,0,0
2013/02/15,0,0,0,0
2013/02/18,0,839000,-2413000,-1574000
2013/02/19,0,1580724,-864000,716724
2013/02/20,0,697000,-2448000,-1751000
2013/02/21,0,135000,-1003000,-868000
2013/02/22,0,493276,-688000,-194724
2013/02/25,0,375000,-1012000,-637000
2013/02/26,0,141000,-1132000,-991000
2013/02/27,0,489000,-411000,78000
2013/02/28,0,0,0,0
2013/03/01,0,224000,-536000,-312000
2013/03/04,0,533000,-980000,-447000
2013/03/05,0,467000,-2856000,-2389000
2013/03/06,0,236000,-358000,-122000
2013/03/07,0,20000,-491000,-471000
2013/03/08,0,771000,-406000,365000
2013/03/11,0,314000,-767000,-453000
2013/03/12,0,1300000,-729000,571000
2013/03/13,0,1950000,-1515000,435000
2013/03/14,0,5846000,-3622000,2224000
2013/03/15,0,1173000,-2209000,-1036000
2013/03/18,0,345000,-1697000,-1352000
2013/03/19,0,1349000,-226882,1122118
2013/03/20,0,1226000,-1527000,-301000
2013/03/21,0,262000,-1056000,-794000
2013/03/22,0,12000,-472000,-460000
2013/03/25,0,2351000,-266000,2085000
2013/03/26,0,639000,-855000,-216000
2013/03/27,0,510000,-343000,167000
2013/03/28,0,1341000,-1297000,44000
2013/03/29,0,448000,-950000,-502000
2013/04/01,0,86000,-1185000,-1099000
2013/04/02,0,550000,-934000,-384000
2013/04/03,0,3626000,-1236000,2390000
2013/04/04,0,0,0,0
2013/04/05,0,0,0,0
2013/04/08,0,1913000,-1346000,567000
2013/04/09,0,707000,-1061000,-354000
2013/04/10,0,2263000,-749000,1514000
2013/04/11,0,515000,-2345000,-1830000
2013/04/12,0,1687000,-1398000,289000
2013/04/15,0,363000,-595000,-232000
2013/04/16,0,588000,-260000,328000
2013/04/17,0,868000,-947000,-79000
2013/04/18,0,831000,-287000,544000
2013/04/19,0,2080000,-2309000,-229000
2013/04/22,0,670000,-1097000,-427000
2013/04/23,0,1643000,-446000,1197000
2013/04/24,0,411000,-256000,155000
2013/04/25,0,858000,-494000,364000
2013/04/26,0,235000,-793000,-558000
2013/04/29,0,2469000,-112000,2357000
2013/04/30,0,1406000,-415000,991000
2013/05/01,0,0,0,0
2013/05/02,0,517000,-1248000,-731000
2013/05/03,0,5031000,-1142000,3889000
2013/05/06,0,9949000,-2626000,7323000
2013/05/07,0,4679000,-4528000,151000
2013/05/08,0,17742000,-2837000,14905000
2013/05/09,0,6150000,-16935000,-10785000
2013/05/10,0,14843000,-7873000,6970000
2013/05/13,0,8268000,-12929000,-4661000
2013/05/14,0,1219000,-4150000,-2931000
2013/05/15,0,4425000,-2467000,1958000
2013/05/16,0,16896000,-4878000,12018000
2013/05/17,0,1658000,-13066000,-11408000
2013/05/20,0,2534000,-3517000,-983000
2013/05/21,0,11315000,-4121000,7194000
2013/05/22,0,3353000,-9714000,-6361000
2013/05/23,0,3321000,-12400000,-9079000
2013/05/24,0,1537000,-3548000,-2011000
2013/05/27,0,12406100,-3759000,8647100
2013/05/28,0,1732000,-4287000,-2555000
2013/05/29,0,3556000,-2587000,969000
2013/05/30,0,3927000,-2625778,1301222
2013/05/31,0,1642000,-1511000,131000
2013/06/03,0,2509000,-911000,1598000
2013/06/04,0,5225122,-3246000,1979122
2013/06/05,0,1826000,-1237000,589000
2013/06/06,0,6798000,-1433000,5365000
2013/06/07,0,2104000,-3256000,-1152000
2013/06/10,0,8162000,-2400000,5762000
2013/06/11,0,1668000,-3234000,-1566000
2013/06/12,0,0,0,0
2013/06/13,0,1471000,-6857000,-5386000
2013/06/14,0,1015000,-4803000,-3788000
2013/06/17,0,908000,-1313000,-405000
2013/06/18,0,4184000,-1080000,3104000
2013/06/19,0,2932000,-2238000,694000
2013/06/20,0,1861057,-5386000,-3524943
2013/06/21,0,6833000,-8321000,-1488000
2013/06/24,0,7404000,-3213000,4191000
2013/06/25,0,3964000,-8619000,-4655000
2013/06/26,0,6184000,-3492000,2692000
2013/06/27,0,8156000,-8058000,98000
2013/06/28,0,4172900,-3444000,728900
2013/07/01,0,6839000,-4092000,2747000
2013/07/02,0,4813878,-4182000,631878
2013/07/03,0,8947000,-3335000,5612000
2013/07/04,0,14072000,-3222000,10850000
2013/07/05,0,31999000,-2296000,29703000
2013/07/08,0,5909000,-21707000,-15798000
2013/07/09,0,5045000,-11333000,-6288000
2013/07/10,0,6293000,-4619000,1674000
2013/07/11,0,8151000,-2733000,5418000
2013/07/12,0,3233000,-5825000,-2592000
2013/07/15,0,2928000,-5043000,-2115000
2013/07/16,0,1592000,-5569000,-3977000
2013/07/17,0,5583000,-7378000,-1795000
2013/07/18,0,2243000,-2621000,-378000
2013/07/19,0,5751000,-22556000,-16805000
2013/07/22,0,2928000,-2949000,-21000
2013/07/23,0,7968000,-11129000,-3161000
2013/07/24,0,3472000,-2245000,1227000
2013/07/25,0,2681000,-2675000,6000
2013/07/26,0,1483000,-6500000,-5017000
2013/07/29,0,1632001,-2851000,-1218999
2013/07/30,0,2064000,-1424000,640000
2013/07/31,0,1167000,-1372000,-205000
2013/08/01,0,742057,-2201000,-1458943
2013/08/02,0,782000,-2113000,-1331000
2013/08/05,0,1332000,-1082000,250000
2013/08/06,0,1548000,-2181000,-633000
2013/08/07,0,2522000,-3460058,-938058
2013/08/08,0,2605000,-9037000,-6432000
2013/08/09,0,5251000,-1626000,3625000
2013/08/12,0,1071000,-4372166,-3301166
2013/08/13,0,1068000,-1487000,-419000
2013/08/14,0,377000,-1931000,-1554000
2013/08/15,0,1837000,-3760000,-1923000
2013/08/16,0,5016000,-1573000,3443000
2013/08/19,0,1875000,-721000,1154000
2013/08/20,0,1757000,-1390000,367000
2013/08/21,0,0,0,0
2013/08/22,0,8079000,-7801000,278000
2013/08/23,0,3452000,-6745000,-3293000
2013/08/26,0,2473000,-893000,1580000
2013/08/27,0,332000,-3230000,-2898000
2013/08/28,0,1943000,-1353000,590000
2013/08/29,0,1578000,-646000,932000
2013/08/30,0,1155075,-2015000,-859925
2013/09/02,0,1191000,-602000,589000
2013/09/03,0,899000,-895000,4000
2013/09/04,0,642000,-1499000,-857000
2013/09/05,0,693000,-816000,-123000
2013/09/06,0,370000,-1239000,-869000
2013/09/09,0,257000,-1156000,-899000
2013/09/10,0,7078000,-1361000,5717000
2013/09/11,0,2489000,-4576000,-2087000
2013/09/12,0,1581000,-1005000,576000
2013/09/13,0,631000,-2891000,-2260000
2013/09/16,0,658000,-587000,71000
2013/09/17,0,435000,-666000,-231000
2013/09/18,0,131000,-1566000,-1435000
2013/09/19,0,0,0,0
2013/09/20,0,0,0,0
2013/09/23,0,9555000,-2354000,7201000
2013/09/24,0,9302000,-5702000,3600000
2013/09/25,0,794000,-4191000,-3397000
2013/09/26,0,3539000,-4702000,-1163000
2013/09/27,0,1421000,-2348000,-927000
2013/09/30,0,1046000,-2428000,-1382000
2013/10/01,0,734000,-584000,150000
2013/10/02,0,424000,-1525000,-1101000
2013/10/03,0,14618000,-467000,14151000
2013/10/04,0,1003000,-6461000,-5458000
2013/10/07,0,311000,-1217000,-906000
2013/10/08,0,3366000,-757000,2609000
2013/10/09,0,667000,-2362000,-1695000
2013/10/10,0,0,0,0
2013/10/11,0,1853031,-1291000,562031
2013/10/14,0,861000,-6781000,-5920000
2013/10/15,0,9532000,-1321000,8211000
2013/10/16,0,478000,-2695000,-2217000
2013/10/17,0,701000,-974000,-273000
2013/10/18,0,3047000,-2604000,443000
2013/10/21,0,1565000,-2624000,-1059000
2013/10/22,0,942224,-220000,722224
2013/10/23,0,853000,-1753000,-900000
2013/10/24,0,2727000,-2723000,4000
2013/10/25,0,1143000,-7747000,-6604000
2013/10/28,0,1581000,-468000,1113000
2013/10/29,0,1066000,-331000,735000
2013/10/30,0,9325000,-1593000,7732000
2013/10/31,0,2250000,-10935000,-8685000
2013/11/01,0,825000,-1758000,-933000
2013/11/04,0,1243000,-1919012,-676012
2013/11/05,0,1257000,-2060000,-803000
2013/11/06,0,238000,-1026000,-788000
2013/11/07,0,203000,-982000,-779000
2013/11/08,0,844000,-982000,-138000
2013/11/11,0,2135000,-3012000,-877000
2013/11/12,0,852000,-2614000,-1762000
2013/11/13,0,1047000,-1004000,43000
2013/11/14,0,1112000,-222000,890000
2013/11/15,0,1646000,-93000,1553000
2013/11/18,0,806000,-525000,281000
2013/11/19,0,576000,-138000,438000
2013/11/20,0,636000,-573000,63000
2013/11/21,0,858000,-1891000,-1033000
2013/11/22,0,98000,-298000,-200000
2013/11/25,0,829000,-494000,335000
2013/11/26,0,1120000,-376000,744000
2013/11/27,0,1067000,-738000,329000
2013/11/28,0,6256000,-759000,5497000
2013/11/29,0,943000,-4164000,-3221000
2013/12/02,0,609000,-541000,68000
2013/12/03,0,202000,-810000,-608000
2013/12/04,0,516000,-902000,-386000
2013/12/05,0,157000,-775000,-618000
2013/12/06,0,238000,-548000,-310000
2013/12/09,0,1134000,-540000,594000
2013/12/10,0,341000,-210000,131000
2013/12/11,0,49000,-931000,-882000
2013/12/12,0,105000,-1028000,-923000
2013/12/13,0,251000,-730000,-479000
2013/12/16,0,450000,-473000,-23000
2013/12/17,0,50000,-1179000,-1129000
2013/12/18,0,67000,-677000,-610000
2013/12/19,0,416000,-1047000,-631000
2013/12/20,0,2613000,-1131000,1482000
2013/12/23,0,2110000,-1109000,1001000
2013/12/24,0,133000,-680108,-547108
2013/12/25,0,1044000,-156000,888000
2013/12/26,0,306000,-40000,266000
2013/12/27,0,3364000,-91000,3273000
2013/12/30,0,263000,-766000,-503000
2013/12/31,0,321000,-1344000,-1023000
2014/01/02,0,3577000,-184000,3393000
2014/01/03,0,42000,-521000,-479000
2014/01/06,0,4877000,-2936000,1941000
2014/01/07,0,2648000,-2036000,612000
2014/01/08,0,10112000,-1959000,8153000
2014/01/09,0,1932000,-7335000,-5403000
2014/01/10,0,1483000,-1195000,288000
2014/01/13,0,759000,-1424000,-665000
2014/01/14,0,489000,-635000,-146000
2014/01/15,0,12243000,-1795000,10448000
2014/01/16,0,5030000,-1339000,3691000
2014/01/17,0,2071000,-1637000,434000
2014/01/20,0,482000,-963000,-481000
2014/01/21,0,748000,-212890,535110
2014/01/22,0,944000,-2334000,-1390000
2014/01/23,0,6966000,-2415000,4551000
2014/01/24,0,2518000,-10833000,-8315000
2014/01/27,0,1235000,-10536000,-9301000
2014/02/05,0,426000,-2492000,-2066000
2014/02/06,0,431000,-766000,-335000
2014/02/07,0,363000,-651000,-288000
2014/02/10,0,62000,-953000,-891000
2014/02/11,0,69000,-274000,-205000
2014/02/12,0,575000,-788000,-213000
2014/02/13,0,38000,-301000,-263000
2014/02/14,0,1410000,-536000,874000
2014/02/17,0,188000,-236000,-48000
2014/02/18,0,1158000,-453000,705000
2014/02/19,0,336000,-495000,-159000
2014/02/20,0,120000,-964000,-844000
2014/02/21,0,646980,-94000,552980
2014/02/24,0,251000,-99000,152000
2014/02/25,0,683000,-664000,19000
2014/02/26,0,6795000,-1103000,5692000
2014/02/27,0,393000,-1560000,-1167000
2014/03/03,0,4939000,-2868000,2071000
2014/03/04,0,1368983,-2777000,-1408017
2014/03/05,0,1267000,-1672000,-405000
2014/03/06,0,4525000,-1252000,3273000
2014/03/07,0,1381000,-3204000,-1823000
2014/03/10,0,4253000,-1735000,2518000
2014/03/11,0,4292000,-3141000,1151000
2014/03/12,0,1561000,-8243000,-6682000
2014/03/13,0,11441000,-5775000,5666000
2014/03/14,0,2231000,-5308000,-3077000
2014/03/17,0,1132000,-2430000,-1298000
2014/03/18,0,2394000,-3330000,-936000
2014/03/19,0,3373000,-5630910,-2257910
2014/03/20,0,1406000,-2492000,-1086000
2014/03/21,0,2522000,-464000,2058000
2014/03/24,0,944000,-684334,259666
2014/03/25,0,1009000,-1227000,-218000
2014/03/26,0,1800000,-3959000,-2159000
2014/03/27,0,3406000,-1649000,1757000
2014/03/28,0,5839000,-1859000,3980000
2014/03/31,0,2541000,-834000,1707000
2014/04/01,0,2875000,-1124000,1751000
2014/04/02,0,2452000,-1227000,1225000
2014/04/03,0,2323000,-1236000,1087000
2014/04/07,0,1218000,-2343000,-1125000
2014/04/08,0,3401000,-636000,2765000
2014/04/09,0,753000,-1333000,-580000
2014/04/10,0,4729000,-3582000,1147000
2014/04/11,0,819000,-1967000,-1148000
2014/04/14,0,63000,-1731000,-1668000
2014/04/15,0,2524000,-498000,2026000
2014/04/16,0,1700000,-1078000,622000
2014/04/17,0,595000,-830000,-235000
2014/04/18,0,507000,-699000,-192000
2014/04/21,0,1286081,-72000,1214081
2014/04/22,0,1177000,-1320000,-143000
2014/04/23,0,9415000,-3623000,5792000
2014/04/24,0,963000,-3129000,-2166000
2014/04/25,0,942000,-9204755,-8262755
2014/04/28,0,1555000,-2459000,-904000
2014/04/29,0,5599000,-1703000,3896000
2014/04/30,0,922000,-3848000,-2926000
2014/05/02,0,623000,-10477000,-9854000
2014/05/05,0,804000,-1024000,-220000
2014/05/06,0,1994000,-1097000,897000
2014/05/07,0,328000,-2434750,-2106750
2014/05/08,0,11666000,-2490000,9176000
2014/05/09,0,1046000,-8973000,-7927000
2014/05/12,0,1147000,-2973000,-1826000
2014/05/13,0,528000,-1624000,-1096000
2014/05/14,0,1583000,-1172000,411000
2014/05/15,0,207000,-340000,-133000
2014/05/16,0,948000,-831000,117000
2014/05/19,0,42000,-242000,-200000
2014/05/20,0,601000,-1135000,-534000
2014/05/21,0,491000,-808000,-317000
2014/05/22,0,2519000,-1346000,1173000
2014/05/23,0,682000,-1268000,-586000
2014/05/26,0,2606000,-766000,1840000
2014/05/27,0,8841973,-2310000,6531973
2014/05/28,0,12699000,-5575000,7124000
2014/05/29,0,5364000,-17883495,-12519495
2014/05/30,0,10046000,-1381000,8665000
2014/06/03,0,395000,-9281000,-8886000
2014/06/04,0,1632000,-2436000,-804000
2014/06/05,0,3085000,-2912000,173000
2014/06/06,0,1033000,-2285000,-1252000
2014/06/09,0,1567000,-345000,1222000
2014/06/10,0,1659000,-3927000,-2268000
2014/06/11,0,607000,-450000,157000
2014/06/12,0,21660000,-2824000,18836000
2014/06/13,0,2248000,-15443000,-13195000
2014/06/16,0,1904000,-2038000,-134000
2014/06/17,0,4820000,-3021000,1799000
2014/06/18,0,2164000,-3025000,-861000
2014/06/19,0,4809000,-1267000,3542000
2014/06/20,0,840000,-2679000,-1839000
2014/06/23,0,1248000,-1511000,-263000
2014/06/24,0,567000,-30000,537000
2014/06/25,0,1416000,-30000,1386000
2014/06/26,0,14267000,-2858000,11409000
2014/06/27,0,1014000,-4283000,-3269000
2014/06/30,0,4239000,-1312000,2927000
2014/07/01,0,12019000,-2385705,9633295
2014/07/02,0,21995000,-11630000,10365000
2014/07/03,0,8670000,-11319000,-2649000
2014/07/04,0,24040840,-6219000,17821840
2014/07/07,0,2703225,-13647000,-10943775
2014/07/08,0,4196000,-3026000,1170000
2014/07/09,0,2697000,-5963000,-3266000
2014/07/10,0,2694000,-2344000,350000
2014/07/11,0,1875000,-6685000,-4810000
2014/07/14,0,11870000,-4234000,7636000
2014/07/15,0,1774000,-3340000,-1566000
2014/07/16,0,479000,-3215000,-2736000
2014/07/17,0,1950000,-15165000,-13215000
2014/07/18,0,746000,-1985000,-1239000
2014/07/21,0,5636000,-4078000,1558000
2014/07/22,0,1181000,-2089000,-908000
2014/07/23,0,0,0,0
2014/07/24,0,727000,-1053000,-326000
2014/07/25,0,877000,-3602000,-2725000
2014/07/28,0,921000,-1256000,-335000
2014/07/29,0,1729000,-5617000,-3888000
2014/07/30,0,3584000,-591000,2993000
2014/07/31,0,2146000,-10524000,-8378000
2014/08/01,0,3791000,-1144000,2647000
2014/08/04,0,6160000,-808000,5352000
2014/08/05,0,2404000,-2590799,-186799
2014/08/06,0,1798000,-3757000,-1959000
2014/08/07,0,2459000,-2029000,430000
2014/08/08,0,1557000,-5407000,-3850000
2014/08/11,0,2054000,-189000,1865000
2014/08/12,0,621000,-944000,-323000
2014/08/13,0,721000,-188000,533000
2014/08/14,0,5153000,-292000,4861000
2014/08/15,0,862000,-189000,673000
2014/08/18,0,165000,-729000,-564000
2014/08/19,0,152000,-1465000,-1313000
2014/08/20,0,1700000,-1060000,640000
2014/08/21,0,1344000,-207000,1137000
2014/08/22,0,9574000,-1616000,7958000
2014/08/25,0,2119000,-2921000,-802000
2014/08/26,0,3721000,-875000,2846000
2014/08/27,0,6903000,-1467622,5435378
2014/08/28,0,2839000,-2611000,228000
2014/08/29,0,4100000,-2716000,1384000
2014/09/01,0,613000,-4556000,-3943000
2014/09/02,0,2326000,-8140000,-5814000
2014/09/03,0,1400000,-2353000,-953000
2014/09/04,0,354000,-1533000,-1179000
2014/09/05,0,41000,-3190000,-3149000
2014/09/09,0,168000,-1363000,-1195000
2014/09/10,0,255000,-1105000,-850000
2014/09/11,0,22000,-354000,-332000
2014/09/12,0,16000,-8789000,-8773000
2014/09/15,0,177000,-4663000,-4486000
2014/09/16,0,337000,-5527000,-5190000
2014/09/17,0,6131000,-2205000,3926000
2014/09/18,0,88000,-72000,16000
2014/09/19,0,1800000,-820000,980000
2014/09/22,0,45000,-2290713,-2245713
2014/09/23,0,616000,-1687000,-1071000
2014/09/24,0,454000,-686000,-232000
2014/09/25,0,770000,-3433000,-2663000
2014/09/26,0,788000,-777000,11000
2014/09/29,0,120000,0,120000
2014/09/30,0,536000,-5266000,-4730000
2014/10/01,0,1387000,-546000,841000
2014/10/02,0,603000,-722776,-119776
2014/10/03,0,3546000,-917000,2629000
2014/10/06,0,330000,-1779000,-1449000
2014/10/07,0,483000,-1346000,-863000
2014/10/08,0,7151000,-1465000,5686000
2014/10/09,0,1502000,-3406000,-1904000
2014/10/13,0,157000,-8253000,-8096000
2014/10/14,0,4234000,-392000,3842000
2014/10/15,0,432000,-2310000,-1878000
2014/10/16,0,566000,-1691000,-1125000
2014/10/17,0,15000,-1920000,-1905000
2014/10/20,0,1000000,-240000,760000
2014/10/21,0,1000,-30000,-29000
2014/10/22,0,973000,-224000,749000
2014/10/23,0,20000,-1980993,-1960993
2014/10/24,0,191000,-1967000,-1776000
2014/10/27,0,563000,-782000,-219000
2014/10/28,0,1486000,-931000,555000
2014/10/29,0,4416000,-241000,4175000
2014/10/30,0,10625000,-3761000,6864000
2014/10/31,0,2919000,-2225000,694000
2014/11/03,0,1081000,-2525000,-1444000
2014/11/04,0,776000,-997000,-221000
2014/11/05,0,691349,-900000,-208651
2014/11/06,0,2457000,-5461834,-3004834
2014/11/07,0,1050000,-1318000,-268000
2014/11/10,0,19949000,-3358000,16591000
2014/11/11,0,181000,-10592000,-10411000
2014/11/12,0,415000,-1623000,-1208000
2014/11/13,0,543000,-657000,-114000
2014/11/14,0,2490000,-889000,1601000
2014/11/17,0,951000,-3985000,-3034000
2014/11/18,0,1852000,-4288000,-2436000
2014/11/19,0,4134000,-917000,3217000
2014/11/20,0,25116000,-2037000,23079000
2014/11/21,0,441000,-16301000,-15860000
2014/11/24,0,1195000,-1029000,166000
2014/11/25,0,579000,-869000,-290000
2014/11/26,0,343000,-981000,-638000
2014/11/27,0,11489000,-745000,10744000
2014/11/28,0,490000,-8595000,-8105000
2014/12/01,0,1993000,-4426000,-2433000
2014/12/02,0,881000,-2250000,-1369000
2014/12/03,0,2910000,-1040494,1869506
2014/12/04,0,25730000,-7528000,18202000
2014/12/05,0,400000,-18432000,-18032000
2014/12/08,0,2039000,-2381125,-342125
2014/12/09,0,807000,-3811000,-3004000
2014/12/10,0,755000,-6019000,-5264000
2014/12/11,0,1379000,-1408000,-29000
2014/12/12,0,792000,-1709000,-917000
2014/12/15,0,13069000,-1784000,11285000
2014/12/16,0,415000,-8023000,-7608000
2014/12/17,0,774000,-3112000,-2338000
2014/12/18,0,4435000,-1463000,2972000
2014/12/19,0,2449000,-6495000,-4046000
2014/12/22,0,3403000,-1809000,1594000
2014/12/23,0,13942000,-2754000,11188000
2014/12/24,0,3380000,-6986000,-3606000
2014/12/25,0,270000,-3123000,-2853000
2014/12/26,0,6575000,-597000,5978000
2014/12/29,0,9848000,-4578000,5270000
2014/12/30,0,1872000,-12073000,-10201000
2014/12/31,0,728000,-6417000,-5689000
2015/01/01,0,0,0,0
2015/01/02,0,0,0,0
2015/01/05,0,21844000,-2278000,19566000
2015/01/06,0,2312000,-6401000,-4089000
2015/01/07,0,3197000,-2403000,794000
2015/01/08,0,4182000,-2656000,1526000
2015/01/09,0,4212000,-3300000,912000
2015/01/12,0,33203000,-5922000,27281000
2015/01/13,0,3640000,-11252000,-7612000
2015/01/14,0,2887000,-7317000,-4430000
2015/01/15,0,3033000,-3226000,-193000
2015/01/16,0,9409000,-5374018,4034982
2015/01/19,0,6332000,-6783000,-451000
2015/01/20,0,3723000,-3232000,491000
2015/01/21,0,1880000,-6357000,-4477000
2015/01/22,0,9360000,-3176000,6184000
2015/01/23,0,3218000,-8157000,-4939000
2015/01/26,0,7867000,-1247000,6620000
2015/01/27,0,4939000,-531000,4408000
2015/01/28,0,16000000,-1650000,14350000
2015/01/29,0,5171000,-14738000,-9567000
2015/01/30,0,1766000,-7930000,-6164000
2015/02/02,0,1137000,-2088000,-951000
2015/02/03,0,4545000,-2341000,2204000
2015/02/04,0,3794000,-2732014,1061986
2015/02/05,0,652000,-4261014,-3609014
2015/02/06,0,729000,-2614000,-1885000
2015/02/09,0,949000,-2262000,-1313000
2015/02/10,0,563000,-5012000,-4449000
2015/02/11,0,1709000,-3534000,-1825000
2015/02/12,0,442992,-1740000,-1297008
2015/02/13,0,1641590,-2632000,-990410
2015/02/16,0,0,0,0
2015/02/17,0,0,0,0
2015/02/18,0,0,0,0
2015/02/19,0,0,0,0
2015/02/20,0,0,0,0
2015/02/23,0,0,0,0
2015/02/24,0,3582000,-3530000,52000
2015/02/25,0,4445000,-2084009,2360991
2015/02/26,0,2519000,-3064000,-545000
2015/02/27,0,0,0,0
2015/03/02,0,1279000,-1965000,-686000
2015/03/03,0,864000,-1142000,-278000
2015/03/04,0,2616000,-4369278,-1753278
2015/03/05,0,5563000,-4035009,1527991
2015/03/06,0,1114000,-3104000,-1990000
2015/03/09,0,1875000,-1436606,438394
2015/03/10,0,1887000,-5522085,-3635085
2015/03/11,0,10519000,-2062000,8457000
2015/03/12,0,1425000,-13690000,-12265000
2015/03/13,0,1436000,-2350000,-914000
2015/03/16,0,598000,-2133000,-1535000
2015/03/17,0,1380000,-2100009,-720009
2015/03/18,0,1035000,-5162000,-4127000
2015/03/19,0,3076000,-1161000,1915000
2015/03/20,0,1318000,-1373000,-55000
2015/03/23,0,755000,-355000,400000
2015/03/24,0,225000,-73000,152000
2015/03/25,0,37000,-1105000,-1068000
2015/03/26,0,2581000,-5946000,-3365000
2015/03/27,0,619000,-9174000,-8555000
2015/03/30,0,4180000,-1049000,3131000
2015/03/31,0,335000,-6129000,-5794000
2015/04/01,0,458000,-503000,-45000
2015/04/02,0,255000,-669000,-414000
2015/04/03,0,0,0,0
2015/04/06,0,0,0,0
2015/04/07,0,1306000,-151000,1155000
2015/04/08,0,260000,-2047000,-1787000
2015/04/09,0,1038000,-663000,375000
2015/04/10,0,673000,-1375000,-702000
2015/04/13,0,4550000,-1834000,2716000
2015/04/14,0,713000,-4974000,-4261000
2015/04/15,0,4560000,-6893000,-2333000
2015/04/16,0,2360000,-2334000,26000
2015/04/17,0,1561000,-1013000,548000
2015/04/20,0,1650000,-3082000,-1432000
2015/04/21,0,1406000,-937000,469000
2015/04/22,0,802000,-27000,775000
2015/04/23,0,1879000,-375000,1504000
2015/04/24,0,18555000,-1202000,17353000
2015/04/27,0,1826000,-2058000,-232000
2015/04/28,0,765000,-1075000,-310000
2015/04/29,0,869000,-2211000,-1342000
2015/04/30,0,825000,-13988000,-13163000
2015/05/01,0,0,0,0
2015/05/04,0,745000,-702000,43000
2015/05/05,0,806000,-508000,298000
2015/05/06,0,4200000,-112000,4088000
2015/05/07,0,800000,-7913000,-7113000
2015/05/08,0,627000,-2656000,-2029000
2015/05/11,0,3358000,-1444000,1914000
2015/05/12,0,3925000,-1655000,2270000
2015/05/13,0,1922389,-1806000,116389
2015/05/14,0,587000,-679000,-92000
2015/05/15,0,416000,-711000,-295000
2015/05/18,0,511000,-983000,-472000
2015/05/19,0,8715000,-780000,7935000
2015/05/20,0,1500000,-3177000,-1677000
2015/05/21,0,1583000,-1862000,-279000
2015/05/22,0,280000,-3656000,-3376000
2015/05/25,0,156000,-253000,-97000
2015/05/26,0,210000,-372000,-162000
2015/05/27,0,379000,-601000,-222000
2015/05/28,0,5159000,-65000,5094000
2015/05/29,0,1255000,-410000,845000
2015/06/01,0,1535000,-2380000,-845000
2015/06/02,0,9677000,-2081000,7596000
2015/06/03,0,3647000,-3042000,605000
2015/06/04,0,1926000,-11543000,-9617000
2015/06/05,0,348000,-1732000,-1384000
2015/06/08,0,466000,-905000,-439000
2015/06/09,0,2254000,-1863000,391000
2015/06/10,0,1436000,-874000,562000
2015/06/11,0,585735,-3131000,-2545265
2015/06/12,0,464000,-409000,55000
2015/06/15,0,140000,-647000,-507000
2015/06/16,0,183000,-477000,-294000
2015/06/17,0,363000,-499000,-136000
2015/06/18,0,131000,-1294000,-1163000
2015/06/19,0,0,0,0
2015/06/22,0,4004000,-257000,3747000
2015/06/23,0,2382000,-3650000,-1268000
2015/06/24,0,556000,-113000,443000
2015/06/25,0,4742000,-958000,3784000
2015/06/26,0,326000,-755000,-429000
2015/06/29,0,187000,-5444000,-5257000
2015/06/30,0,143000,-2413000,-2270000
2015/07/01,0,452000,-1314000,-862000
2015/07/02,0,1508000,-1233000,275000
2015/07/03,0,210000,-215000,-5000
2015/07/06,0,2347000,-1347000,1000000
2015/07/07,0,950000,-476000,474000
2015/07/08,0,266000,-1774000,-1508000
2015/07/09,0,1898000,-2477000,-579000
2015/07/10,0,0,0,0
2015/07/13,0,7265000,-624000,6641000
2015/07/14,0,596000,-4443000,-3847000
2015/07/15,0,408000,-4707000,-4299000
2015/07/16,0,328000,-319000,9000
2015/07/17,0,396000,-1601000,-1205000
2015/07/20,0,247000,-1324000,-1077000
2015/07/21,0,2091000,-215000,1876000
2015/07/22,0,2819000,-1877000,942000
2015/07/23,0,1801000,-5148000,-3347000
2015/07/24,0,1246000,-475000,771000
2015/07/27,0,509000,-2409000,-1900000
2015/07/28,0,1378000,-958000,420000
2015/07/29,0,317000,-247000,70000
2015/07/30,0,791000,-2173000,-1382000
2015/07/31,0,1646000,-1665000,-19000
2015/08/03,0,120000,-2045000,-1925000
2015/08/04,0,3995000,-1695000,2300000
2015/08/05,0,1378000,-510000,868000
2015/08/06,0,283000,-356000,-73000
2015/08/07,0,333000,-885000,-552000
2015/08/10,0,481000,-333000,148000
2015/08/11,0,164000,-1162000,-998000
2015/08/12,0,2377000,-139000,2238000
2015/08/13,0,758000,-1173000,-415000
2015/08/14,0,344000,-495000,-151000
2015/08/17,0,160000,-359000,-199000
2015/08/18,0,158000,-1764000,-1606000
2015/08/19,0,1836000,-3093000,-1257000
2015/08/20,0,493000,-913000,-420000
2015/08/21,0,1070000,-2727000,-1657000
2015/08/24,0,2916000,-1927616,988384
2015/08/25,0,2169000,-2194000,-25000
2015/08/26,0,530000,-1842000,-1312000
2015/08/27,0,144000,-410000,-266000
2015/08/28,0,537000,-1034000,-497000
2015/08/31,0,346000,-1142000,-796000
2015/09/01,0,22000,-1572767,-1550767
2015/09/02,0,278000,-153000,125000
2015/09/03,0,3648000,-1442000,2206000
2015/09/04,0,496000,-2543000,-2047000
2015/09/07,0,202000,-708000,-506000
2015/09/08,0,375000,-166000,209000
2015/09/09,0,2616000,-658000,1958000
2015/09/10,0,149000,-1240000,-1091000
2015/09/11,0,243000,-700000,-457000
2015/09/14,0,91000,-137000,-46000
2015/09/15,0,394000,-276000,118000
2015/09/16,0,1291000,-1090000,201000
2015/09/17,0,304000,-186000,118000
2015/09/18,0,288000,-78000,210000
2015/09/21,0,329000,-354000,-25000
2015/09/22,0,1010000,-527000,483000
2015/09/23,0,324000,-1455000,-1131000
2015/09/24,0,561000,-260000,301000
2015/09/25,0,2686000,-154000,2532000
2015/09/28,0,0,0,0
2015/09/29,0,0,0,0
2015/09/30,0,825000,-1865000,-1040000
2015/10/01,0,2722000,-777000,1945000
2015/10/02,0,178000,-2073000,-1895000
2015/10/05,0,1551000,-505000,1046000
2015/10/06,0,596000,-1403000,-807000
2015/10/07,0,419000,-545000,-126000
2015/10/08,0,174000,-132000,42000
2015/10/09,0,0,0,0
2015/10/12,0,419000,-588000,-169000
2015/10/13,0,1080000,-640000,440000
2015/10/14,0,9153000,-850000,8303000
2015/10/15,0,4454000,-5384000,-930000
2015/10/16,0,338000,-4386000,-4048000
2015/10/19,0,917000,-2026000,-1109000
2015/10/20,0,503000,-242000,261000
2015/10/21,0,812000,-1297000,-485000
2015/10/22,0,336000,-590000,-254000
2015/10/23,0,1072000,-2171000,-1099000
2015/10/26,0,1441978,-477000,964978
2015/10/27,0,383034,-876000,-492966
2015/10/28,0,1313000,-1371000,-58000
2015/10/29,0,1092000,-1649000,-557000
2015/10/30,0,208000,-158000,50000
2015/11/02,0,432000,-815000,-383000
2015/11/03,0,506998,-1596000,-1089002
2015/11/04,0,3031000,-426000,2605000
2015/11/05,0,2028000,-668000,1360000
2015/11/06,0,160000,-1595000,-1435000
2015/11/09,0,97000,-892000,-795000
2015/11/10,0,96000,-347000,-251000
2015/11/11,0,212000,-718000,-506000
2015/11/12,0,172000,-290000,-118000
2015/11/13,0,662000,-319000,343000
2015/11/16,0,655000,-1816000,-1161000
2015/11/17,0,4662000,-1100000,3562000
2015/11/18,0,79000,-3996000,-3917000
2015/11/19,0,5899000,-922000,4977000
2015/11/20,0,384000,-4067000,-3683000
2015/11/23,0,771452,-313000,458452
2015/11/24,0,875000,-349000,526000
2015/11/25,0,683000,-129000,554000
2015/11/26,0,828000,-898000,-70000
2015/11/27,0,450000,-64000,386000
2015/11/30,0,126000,-700000,-574000
2015/12/01,0,2143000,-232000,1911000
2015/12/02,0,793000,-761000,32000
2015/12/03,0,1401000,-515000,886000
2015/12/04,0,142000,-1289000,-1147000
2015/12/07,0,554000,-1008000,-454000
2015/12/08,0,176000,-76000,100000
2015/12/09,0,444000,-904000,-460000
2015/12/10,0,496000,-1922000,-1426000
2015/12/11,0,634000,-1184000,-550000
2015/12/14,0,113000,-973000,-860000
2015/12/15,0,799000,-271000,528000
2015/12/16,0,539000,-1831000,-1292000
2015/12/17,0,1177000,-812000,365000
2015/12/18,0,545000,-973000,-428000
2015/12/21,0,10424000,-1029000,9395000
2015/12/22,0,302000,-4000000,-3698000
2015/12/23,0,901000,-1711000,-810000
2015/12/24,0,319000,-1280000,-961000
2015/12/25,0,414000,-1079000,-665000
2015/12/28,0,281000,-456000,-175000
2015/12/29,0,756000,-772000,-16000
2015/12/30,0,396000,-377000,19000
2015/12/31,0,156000,-81000,75000
2016/01/01,0,0,0,0
2016/01/04,0,34000,-2373000,-2339000
2016/01/05,0,2351000,-1303000,1048000
2016/01/06,0,422000,-3071000,-2649000
2016/01/07,0,850000,-944000,-94000
2016/01/08,0,1198000,-909000,289000
2016/01/11,0,76000,-1072000,-996000
2016/01/12,0,40000,-487000,-447000
2016/01/13,0,104000,-168000,-64000
2016/01/14,0,187000,-597000,-410000
2016/01/15,0,261000,-976000,-715000
2016/01/18,0,739000,-73000,666000
2016/01/19,0,120000,-82000,38000
2016/01/20,0,0,-2451000,-2451000
2016/01/21,0,39000,-537000,-498000
2016/01/22,0,269000,-116000,153000
2016/01/25,0,1846000,-94000,1752000
2016/01/26,0,848000,-2041000,-1193000
2016/01/27,0,213000,-518000,-305000
2016/01/28,0,7088000,-753000,6335000
2016/01/29,0,316000,-6236000,-5920000
2016/02/01,0,72000,-276000,-204000
2016/02/02,0,1441000,-619000,822000
2016/02/03,0,161000,-1787000,-1626000
2016/02/04,0,0,0,0
2016/02/05,0,0,0,0
2016/02/08,0,0,0,0
2016/02/09,0,0,0,0
2016/02/10,0,0,0,0
2016/02/11,0,0,0,0
2016/02/12,0,0,0,0
2016/02/15,0,6263000,-150000,6113000
2016/02/16,0,592000,-2818000,-2226000
2016/02/17,0,2307000,-2179000,128000
2016/02/18,0,545000,-1947000,-1402000
2016/02/19,0,133000,-919000,-786000
2016/02/22,0,539000,-568000,-29000
2016/02/23,0,946000,-111000,835000
2016/02/24,0,19000,-479000,-460000
2016/02/25,0,335000,-183000,152000
2016/02/26,0,1495000,-912000,583000
2016/02/29,0,0,0,0
2016/03/01,0,541000,-1149000,-608000
2016/03/02,0,2373000,-300000,2073000
2016/03/03,0,567000,-271000,296000
2016/03/04,0,108000,-421000,-313000
2016/03/07,0,217000,-1368000,-1151000
2016/03/08,0,25000,-1198000,-1173000
2016/03/09,0,288000,-658000,-370000
2016/03/10,0,4949000,-168000,4781000
2016/03/11,0,460000,-2709591,-2249591
2016/03/14,0,203000,-1633000,-1430000
2016/03/15,0,197000,-122000,75000
2016/03/16,0,696000,-543000,153000
2016/03/17,0,57000,-453000,-396000
2016/03/18,0,66000,-55000,11000
2016/03/21,0,67000,-35000,32000
2016/03/22,0,164000,-283000,-119000
2016/03/23,0,193000,-183000,10000
2016/03/24,0,1244000,-69000,1175000
2016/03/25,0,207000,-885000,-678000
2016/03/28,0,188000,-85000,103000
2016/03/29,0,265000,-284000,-19000
2016/03/30,0,1579000,-641000,938000
2016/03/31,0,12000,-1050000,-1038000
2016/04/01,0,49000,-96000,-47000
2016/04/04,0,0,0,0
2016/04/05,0,0,0,0
2016/04/06,0,487000,-44000,443000
2016/04/07,0,627000,-499000,128000
2016/04/08,0,628000,-763000,-135000
2016/04/11,0,154000,-354000,-200000
2016/04/12,0,1063000,-631000,432000
2016/04/13,0,31000,-989000,-958000
2016/04/14,0,348000,-21000,327000
2016/04/15,0,239000,-278000,-39000
2016/04/18,0,2501000,-420000,2081000
2016/04/19,0,507000,-1717000,-1210000
2016/04/20,0,108000,-775000,-667000
2016/04/21,0,274000,-309000,-35000
2016/04/22,0,335000,-321000,14000
2016/04/25,0,470000,-1376000,-906000
2016/04/26,0,312000,-282000,30000
2016/04/27,0,411000,-389000,22000
2016/04/28,0,137000,-3177462,-3040462
2016/04/29,0,737000,-335000,402000
2016/05/02,0,0,0,0
2016/05/03,0,191000,-589000,-398000
2016/05/04,0,1754000,-459000,1295000
2016/05/05,0,2021000,-281000,1740000
2016/05/06,0,522000,-462000,60000
2016/05/09,0,104000,-304000,-200000
2016/05/10,0,1201000,-160000,1041000
2016/05/11,0,301000,-366000,-65000
2016/05/12,0,304000,-911000,-607000
2016/05/13,0,1400000,-218000,1182000
2016/05/16,0,216000,-283000,-67000
2016/05/17,0,285000,-375000,-90000
2016/05/18,0,150000,-227000,-77000
2016/05/19,0,321000,-140000,181000
2016/05/20,0,108000,-633000,-525000
2016/05/23,0,810000,-543000,267000
2016/05/24,0,1603000,-309000,1294000
2016/05/25,0,4604000,-1327000,3277000
2016/05/26,0,1956000,-2143000,-187000
2016/05/27,0,420000,-370000,50000
2016/05/30,0,590000,-1901000,-1311000
2016/05/31,0,482000,-398000,84000
2016/06/01,0,454000,-2021000,-1567000
2016/06/02,0,553000,-1713000,-1160000
2016/06/03,0,520000,-1156000,-636000
2016/06/06,0,17000,-150000,-133000
2016/06/07,0,211000,-16000,195000
2016/06/08,0,109000,-145000,-36000
2016/06/09,0,0,0,0
2016/06/10,0,0,0,0
2016/06/13,0,179000,-1100000,-921000
2016/06/14,0,294000,-355000,-61000
2016/06/15,0,959000,-1358000,-399000
2016/06/16,0,842000,-1859000,-1017000
2016/06/17,0,398000,-421000,-23000
2016/06/20,0,562000,-940000,-378000
2016/06/21,0,1064000,-184000,880000
2016/06/22,0,454000,-331000,123000
2016/06/23,0,1072000,-371000,701000
2016/06/24,0,1181000,-1393000,-212000
2016/06/27,0,1837000,-1422000,415000
2016/06/28,0,849000,-1327000,-478000
2016/06/29,0,467000,-1047000,-580000
2016/06/30,0,331000,-211000,120000
2016/07/01,0,501000,-407000,94000
2016/07/04,0,1406000,-162000,1244000
2016/07/05,0,819000,-295000,524000
2016/07/06,0,4065000,-151000,3914000
2016/07/07,0,3777000,-91000,3686000
2016/07/08,0,0,0,0
2016/07/11,0,20453480,-302000,20151480
2016/07/12,0,154000,-19906000,-19752000
2016/07/13,0,89000,-3906000,-3817000
2016/07/14,0,291000,-653000,-362000
2016/07/15,0,137000,-2242000,-2105000
2016/07/18,0,348000,-1103000,-755000
2016/07/19,0,201000,-150000,51000
2016/07/20,0,532000,-1761000,-1229000
2016/07/21,0,598000,-1354000,-756000
2016/07/22,0,62000,-615000,-553000
2016/07/25,0,267000,-967000,-700000
2016/07/26,0,90000,-877000,-787000
2016/07/27,0,2488000,-1230000,1258000
2016/07/28,0,2516000,-1823000,693000
2016/07/29,0,274000,-2394000,-2120000
2016/08/01,0,908000,-211000,697000
2016/08/02,0,171000,-314000,-143000
2016/08/03,0,2239000,-718000,1521000
2016/08/04,0,159000,-375000,-216000
2016/08/05,0,454000,-196000,258000
2016/08/08,0,18000,-235000,-217000
2016/08/09,0,120000,-159000,-39000
2016/08/10,0,166000,-1907000,-1741000
2016/08/11,0,43000,-509000,-466000
2016/08/12,0,0,-453000,-453000
2016/08/15,0,66000,-297000,-231000
2016/08/16,0,313000,-78000,235000
2016/08/17,0,251000,-403000,-152000
2016/08/18,0,440000,-306000,134000
2016/08/19,0,542000,-570000,-28000
2016/08/22,0,129000,-387000,-258000
2016/08/23,0,180000,-34000,146000
2016/08/24,0,122000,-225000,-103000
2016/08/25,0,4578000,-158000,4420000
2016/08/26,0,113000,-1075000,-962000
2016/08/29,0,345000,-1922000,-1577000
2016/08/30,0,363000,-373000,-10000
2016/08/31,0,207000,-332000,-125000
2016/09/01,0,490000,-120000,370000
2016/09/02,0,241000,-316480,-75480
2016/09/05,0,665000,-492000,173000
2016/09/06,0,202000,-240000,-38000
2016/09/07,0,3015000,-238000,2777000
2016/09/08,0,108000,-1257000,-1149000
2016/09/09,0,360000,-71000,289000
2016/09/12,0,850000,-60000,790000
2016/09/13,0,155000,-594000,-439000
2016/09/14,0,102000,-680000,-578000
2016/09/15,0,0,0,0
2016/09/16,0,0,0,0
2016/09/19,0,2446000,-225000,2221000
2016/09/20,0,90000,-2077000,-1987000
2016/09/21,0,464000,-1591000,-1127000
2016/09/22,0,163000,-756000,-593000
2016/09/23,0,59000,-280000,-221000
2016/09/26,0,4000,-109000,-105000
2016/09/27,0,0,0,0
2016/09/28,0,0,0,0
2016/09/29,0,1430000,0,1430000
2016/09/30,0,329000,-1277000,-948000
2016/10/03,0,483000,-5000,478000
2016/10/04,0,50000,-10000,40000
2016/10/05,0,63000,-178000,-115000
2016/10/06,0,135000,-53000,82000
2016/10/07,0,0,-462000,-462000
2016/10/10,0,0,0,0
2016/10/11,0,1004000,-20000,984000
2016/10/12,0,222000,-270000,-48000
2016/10/13,0,211000,-271000,-60000
2016/10/14,0,440000,-602000,-162000
2016/10/17,0,407000,-346000,61000
2016/10/18,0,110000,-226000,-116000
2016/10/19,0,138674,-305000,-166326
2016/10/20,0,40000,-236000,-196000
2016/10/21,0,374000,-421000,-47000
2016/10/24,0,157000,-20000,137000
2016/10/25,0,1123000,-66000,1057000
2016/10/26,0,991000,-325000,666000
2016/10/27,0,1473000,-592000,881000
2016/10/28,0,329000,-1603000,-1274000
2016/10/31,0,3452000,-629000,2823000
2016/11/01,0,210000,-480000,-270000
2016/11/02,0,158000,-847000,-689000
2016/11/03,0,89000,-18000,71000
2016/11/04,0,142000,-22000,120000
2016/11/07,0,188000,-89000,99000
2016/11/08,0,2000,-32000,-30000
2016/11/09,0,348000,-497000,-149000
2016/11/10,0,551000,-507000,44000
2016/11/11,0,803000,-518000,285000
2016/11/14,0,189000,-384000,-195000
2016/11/15,0,41000,-107000,-66000
2016/11/16,0,242000,-293000,-51000
2016/11/17,0,106000,-799000,-693000
2016/11/18,0,107000,-93000,14000
2016/11/21,0,736000,-832000,-96000
2016/11/22,0,144000,-79000,65000
2016/11/23,0,54000,-65000,-11000
2016/11/24,0,4000,-277000,-273000
2016/11/25,0,3000,-50000,-47000
2016/11/28,0,97000,-98862,-1862
2016/11/29,0,74000,-243000,-169000
2016/11/30,0,155000,0,155000
2016/12/01,0,400000,-172000,228000
2016/12/02,0,10000,-482000,-472000
2016/12/05,0,200000,-227000,-27000
2016/12/06,0,648000,-413000,235000
2016/12/07,0,45000,-82000,-37000
2016/12/08,0,166000,-269000,-103000
2016/12/09,0,207000,-228000,-21000
2016/12/12,0,160000,-433000,-273000
2016/12/13,0,261000,-17000,244000
2016/12/14,0,229000,-200000,29000
2016/12/15,0,969000,-226000,743000
2016/12/16,0,92000,-45000,47000
2016/12/19,0,224000,-2000,222000
2016/12/20,0,249000,-73000,176000
2016/12/21,0,447000,-18000,429000
2016/12/22,0,1000,-63000,-62000
2016/12/23,0,91000,-26000,65000
2016/12/26,0,60000,-35000,25000
2016/12/27,0,230000,-50000,180000
2016/12/28,0,60000,-101000,-41000
2016/12/29,0,815000,-171000,644000
2016/12/30,0,12000,-444000,-432000
2017/01/02,0,0,0,0
2017/01/03,0,500000,-29000,471000
2017/01/04,0,4020,-45000,-40980
2017/01/05,0,915000,-238000,677000
2017/01/06,0,1817000,-293000,1524000
2017/01/09,0,332000,-70000,262000
2017/01/10,0,25306,-333000,-307694
2017/01/11,0,1000,-18000,-17000
2017/01/12,0,0,-30000,-30000
2017/01/13,0,215000,-96000,119000
2017/01/16,0,48000,0,48000
2017/01/17,0,91000,-728027,-637027
2017/01/18,0,111000,-396000,-285000
2017/01/19,0,1030000,-544000,486000
2017/01/20,0,1000,-70000,-69000
2017/01/23,0,618000,-86000,532000
2017/01/24,0,503000,-625000,-122000
2017/01/25,0,0,0,0
2017/01/26,0,0,0,0
2017/01/27,0,0,0,0
2017/01/30,0,0,0,0
2017/01/31,0,0,0,0
2017/02/01,0,0,0,0
2017/02/02,0,484000,-187000,297000
2017/02/03,0,315000,-302000,13000
2017/02/06,0,246000,-129000,117000
2017/02/07,0,228000,-315000,-87000
2017/02/08,0,119000,-150000,-31000
2017/02/09,0,41000,-43000,-2000
2017/02/10,0,274000,-288000,-14000
2017/02/13,0,657000,-500000,157000
2017/02/14,0,65000,-51000,14000
2017/02/15,0,371000,-395000,-24000
2017/02/16,0,1398000,-837000,561000
2017/02/17,0,235000,-745000,-510000
2017/02/20,0,0,-168000,-168000
2017/02/21,0,21000,-115000,-94000
2017/02/22,0,1459000,-229000,1230000
2017/02/23,0,135000,-304000,-169000
2017/02/24,0,23193000,-2541000,20652000
2017/02/27,0,0,0,0
2017/02/28,0,0,0,0
2017/03/01,0,2635000,-11474000,-8839000
2017/03/02,0,233993,-1824000,-1590007
2017/03/03,0,1078000,-634000,444000
2017/03/06,0,384000,-1009000,-625000
2017/03/07,0,13622000,-1231000,12391000
2017/03/08,0,495000,-2781000,-2286000
2017/03/09,0,111000,-3361000,-3250000
2017/03/10,0,403000,-398000,5000
2017/03/13,0,308000,-440000,-132000
2017/03/14,0,344000,-354000,-10000
2017/03/15,0,1193000,-286000,907000
2017/03/16,0,3710000,-1741000,1969000
2017/03/17,0,546000,-848000,-302000
2017/03/20,0,273000,-1779000,-1506000
2017/03/21,0,362000,-234000,128000
2017/03/22,0,373000,-490000,-117000
2017/03/23,0,2764000,-2361000,403000
2017/03/24,0,269000,-1430000,-1161000
2017/03/27,0,1287000,-1414000,-127000
2017/03/28,0,528000,-1349000,-821000
2017/03/29,0,330523,-532000,-201477
2017/03/30,0,530000,-437000,93000
2017/03/31,0,12000,-415000,-403000
2017/04/03,0,0,0,0
2017/04/04,0,0,0,0
2017/04/05,0,1120000,-146000,974000
2017/04/06,0,362000,-916000,-554000
2017/04/07,0,30000,-620000,-590000
2017/04/10,0,505000,-59000,446000
2017/04/11,0,144000,-1069000,-925000
2017/04/12,0,26000,-461000,-435000
2017/04/13,0,390000,-991000,-601000
2017/04/14,0,172000,-782000,-610000
2017/04/17,0,58000,-184000,-126000
2017/04/18,0,3463000,-359000,3104000
2017/04/19,0,219000,-4191000,-3972000
2017/04/20,0,33000,-218000,-185000
2017/04/21,0,113000,-586000,-473000
2017/04/24,0,123000,-2001000,-1878000
2017/04/25,0,231000,-177000,54000
2017/04/26,0,1339000,-300000,1039000
2017/04/27,0,741000,-910000,-169000
2017/04/28,0,1847000,-818000,1029000
2017/05/01,0,0,0,0
2017/05/02,0,413000,-5000,408000
2017/05/03,0,2290000,-151000,2139000
2017/05/04,0,277000,-1024000,-747000
2017/05/05,0,376000,-622000,-246000
2017/05/08,0,400000,-357000,43000
2017/05/09,0,70000,-258533,-188533
2017/05/10,0,799000,-348000,451000
2017/05/11,0,125000,-383000,-258000
2017/05/12,0,357000,-161000,196000
2017/05/15,0,31000,-373000,-342000
2017/05/16,0,407000,-108000,299000
2017/05/17,0,125000,-1360000,-1235000
2017/05/18,0,209000,-264000,-55000
2017/05/19,0,303000,-102000,201000
2017/05/22,0,527000,-122000,405000
2017/05/23,0,1734000,-239000,1495000
2017/05/24,0,452000,-488000,-36000
2017/05/25,0,965000,-337000,628000
2017/05/26,0,210000,-969000,-759000
2017/05/29,0,0,0,0
2017/05/30,0,0,0,0
2017/05/31,0,423000,-737000,-314000
2017/06/01,0,94000,-149000,-55000
2017/06/02,0,210000,-325000,-115000
2017/06/05,0,286000,-16000,270000
2017/06/06,0,28000,-5976,22024
2017/06/07,0,18000,-73000,-55000
2017/06/08,0,199000,-221000,-22000
2017/06/09,0,71000,-190000,-119000
2017/06/12,0,59000,-330000,-271000
2017/06/13,0,362000,-690000,-328000
2017/06/14,0,209000,-1297000,-1088000
2017/06/15,0,250000,-2090000,-1840000
2017/06/16,0,400000,-53000,347000
2017/06/19,0,173000,-5000,168000
2017/06/20,0,343000,-31000,312000
2017/06/21,0,7229000,-909000,6320000
2017/06/22,0,139000,-1247000,-1108000
2017/06/23,0,13103000,-2105000,10998000
2017/06/26,0,4777000,-4517000,260000
2017/06/27,0,1721000,-8295000,-6574000
2017/06/28,0,10739000,-6716000,4023000
2017/06/29,0,3466000,-16487000,-13021000
2017/06/30,0,3981000,-492000,3489000
2017/07/03,0,3488000,-2599000,889000
2017/07/04,0,1585000,-827000,758000
2017/07/05,0,2375000,-675000,1700000
2017/07/06,0,2077000,-2922000,-845000
2017/07/07,0,6180000,-352000,5828000
2017/07/10,0,13074000,-348000,12726000
2017/07/11,0,1333000,-12612000,-11279000
2017/07/12,0,600000,-4965000,-4365000
2017/07/13,0,12190000,-2042000,10148000
2017/07/14,0,488000,-7843000,-7355000
2017/07/17,0,205000,-3263000,-3058000
2017/07/18,0,165000,-358000,-193000
2017/07/19,0,7282978,-808000,6474978
2017/07/20,0,3637000,-5210000,-1573000
2017/07/21,0,839000,-2187000,-1348000
2017/07/24,0,94000,-798000,-704000
2017/07/25,0,1043000,-1250000,-207000
2017/07/26,0,10845000,-2903000,7942000
2017/07/27,0,1086417,-13151000,-12064583
2017/07/28,0,287000,-1810000,-1523000
2017/07/31,0,1013000,-462000,551000
2017/08/01,0,487000,-1032000,-545000
2017/08/02,0,1485000,-277000,1208000
2017/08/03,0,262000,-1771000,-1509000
2017/08/04,0,4396000,-1173000,3223000
2017/08/07,0,881000,-2495000,-1614000
2017/08/08,0,1018000,-3912000,-2894000
2017/08/09,0,494000,-1733000,-1239000
2017/08/10,0,6129000,-2315000,3814000
2017/08/11,0,919000,-4467000,-3548000
2017/08/14,0,1179000,-3040000,-1861000
2017/08/15,0,401000,-785000,-384000
2017/08/16,0,483000,-2038000,-1555000
2017/08/17,0,1085000,-531000,554000
2017/08/18,0,115000,-963000,-848000
