Date,Open,Buy,Sell,Total
2007/01/02,0,56000,0,56000
2007/01/03,0,445000,-938000,-493000
2007/01/04,0,50000,-50000,0
2007/01/05,0,0,-60000,-60000
2007/01/08,0,699000,-793000,-94000
2007/01/09,0,384000,-580000,-196000
2007/01/10,0,359000,-976000,-617000
2007/01/11,0,0,-171000,-171000
2007/01/12,0,140000,-96850,43150
2007/01/15,0,250000,-360000,-110000
2007/01/16,0,194000,-205000,-11000
2007/01/17,0,125000,-70000,55000
2007/01/18,0,52000,-50000,2000
2007/01/19,0,0,-219000,-219000
2007/01/22,0,24000,-933000,-909000
2007/01/23,0,79000,-345000,-266000
2007/01/24,0,12000,-100850,-88850
2007/01/25,0,82000,-130000,-48000
2007/01/26,0,1000,0,1000
2007/01/29,0,0,-93000,-93000
2007/01/30,0,432000,-40000,392000
2007/01/31,0,186000,-45000,141000
2007/02/01,0,155000,-2000,153000
2007/02/02,0,189000,-58000,131000
2007/02/05,0,51000,-324107,-273107
2007/02/06,0,242000,-92000,150000
2007/02/07,0,0,0,0
2007/02/08,0,3000,-107000,-104000
2007/02/09,0,78000,-364500,-286500
2007/02/12,0,61000,0,61000
2007/02/13,0,0,-118000,-118000
2007/02/14,0,0,-25000,-25000
2007/02/15,0,0,0,0
2007/02/16,0,0,0,0
2007/02/19,0,0,0,0
2007/02/20,0,0,0,0
2007/02/21,0,0,0,0
2007/02/22,0,0,0,0
2007/02/23,0,0,0,0
2007/02/26,0,0,0,0
2007/02/27,0,220000,-400000,-180000
2007/02/28,0,0,0,0
2007/03/01,0,4000,-730000,-726000
2007/03/02,0,0,-487500,-487500
2007/03/05,0,0,-425000,-425000
2007/03/06,0,36000,-238000,-202000
2007/03/07,0,0,-365000,-365000
2007/03/08,0,280000,-965000,-685000
2007/03/09,0,0,-190000,-190000
2007/03/12,0,176000,-1130,174870
2007/03/13,0,200000,-3000,197000
2007/03/14,0,8000,-368000,-360000
2007/03/15,0,0,-544000,-544000
2007/03/16,0,0,-551000,-551000
2007/03/19,0,670000,-38000,632000
2007/03/20,0,485000,-188000,297000
2007/03/21,0,0,-93000,-93000
2007/03/22,0,0,-379000,-379000
2007/03/23,0,0,-133000,-133000
2007/03/26,0,150000,-110000,40000
2007/03/27,0,0,-484000,-484000
2007/03/28,0,5000,0,5000
2007/03/29,0,0,-195000,-195000
2007/03/30,0,231000,-3000,228000
2007/04/02,0,0,0,0
2007/04/03,0,4000,0,4000
2007/04/04,0,0,-359000,-359000
2007/04/05,0,0,0,0
2007/04/06,0,0,0,0
2007/04/09,0,0,-267000,-267000
2007/04/10,0,0,-2000,-2000
2007/04/11,0,2000,0,2000
2007/04/12,0,0,0,0
2007/04/13,0,0,-20000,-20000
2007/04/16,0,0,-42000,-42000
2007/04/17,0,7000,-20000,-13000
2007/04/18,0,0,0,0
2007/04/19,0,0,0,0
2007/04/20,0,40000,-28000,12000
2007/04/23,0,2000,-89000,-87000
2007/04/24,0,0,-325000,-325000
2007/04/25,0,0,-96450,-96450
2007/04/26,0,0,-82000,-82000
2007/04/27,0,0,-39000,-39000
2007/04/30,0,0,0,0
2007/05/01,0,0,0,0
2007/05/02,0,129000,0,129000
2007/05/03,0,50000,-10000,40000
2007/05/04,0,712000,0,712000
2007/05/07,0,0,-50000,-50000
2007/05/08,0,0,-1153000,-1153000
2007/05/09,0,0,-284000,-284000
2007/05/10,0,270000,-79000,191000
2007/05/11,0,90000,-40000,50000
2007/05/14,0,95000,-43000,52000
2007/05/15,0,15000,-630000,-615000
2007/05/16,0,0,-57000,-57000
2007/05/17,0,46000,-2000,44000
2007/05/18,0,0,-103000,-103000
2007/05/21,0,0,-9000,-9000
2007/05/22,0,153000,0,153000
2007/05/23,0,30000,-440000,-410000
2007/05/24,0,0,-196000,-196000
2007/05/25,0,0,-100000,-100000
2007/05/28,0,0,0,0
2007/05/29,0,0,0,0
2007/05/30,0,0,-131000,-131000
2007/05/31,0,120000,-100000,20000
2007/06/01,0,0,0,0
2007/06/04,0,4000,-70000,-66000
2007/06/05,0,0,-28000,-28000
2007/06/06,0,0,-80000,-80000
2007/06/07,0,0,0,0
2007/06/08,0,20000,0,20000
2007/06/11,0,0,-367000,-367000
2007/06/12,0,363000,-118000,245000
2007/06/13,0,378000,0,378000
2007/06/14,0,653000,-50000,603000
2007/06/15,0,305000,-12000,293000
2007/06/18,0,0,0,0
2007/06/19,0,0,0,0
2007/06/20,0,0,-150000,-150000
2007/06/21,0,0,-117600,-117600
2007/06/22,0,121000,-260000,-139000
2007/06/25,0,50000,-251000,-201000
2007/06/26,0,100000,-36000,64000
2007/06/27,0,0,0,0
2007/06/28,0,799000,0,799000
2007/06/29,0,0,-70000,-70000
2007/07/02,0,0,0,0
2007/07/03,0,280000,-100216,179784
2007/07/04,0,20000,0,20000
2007/07/05,0,799000,-36000,763000
2007/07/06,0,832000,-100000,732000
2007/07/09,0,651000,-19000,632000
2007/07/10,0,250000,0,250000
2007/07/11,0,20000,-73000,-53000
2007/07/12,0,926000,-107000,819000
2007/07/13,0,25000,-48000,-23000
2007/07/16,0,0,-73000,-73000
2007/07/17,0,0,-477900,-477900
2007/07/18,0,86000,-113000,-27000
2007/07/19,0,2000,-88600,-86600
2007/07/20,0,160000,0,160000
2007/07/23,0,0,0,0
2007/07/24,0,3000,-264000,-261000
2007/07/25,0,5000,0,5000
2007/07/26,0,8000,-128000,-120000
2007/07/27,0,852000,0,852000
2007/07/30,0,202000,-249000,-47000
2007/07/31,0,360000,-139000,221000
2007/08/01,0,70000,-26000,44000
2007/08/02,0,72000,-67000,5000
2007/08/03,0,344000,-26000,318000
2007/08/06,0,86000,0,86000
2007/08/07,0,128000,0,128000
2007/08/08,0,99000,0,99000
2007/08/09,0,85000,0,85000
2007/08/10,0,339000,-91000,248000
2007/08/13,0,0,0,0
2007/08/14,0,6000,-13000,-7000
2007/08/15,0,5000,0,5000
2007/08/16,0,23000,-14742,8258
2007/08/17,0,503000,-3000,500000
2007/08/20,0,1300000,-53500,1246500
2007/08/21,0,238000,-30000,208000
2007/08/22,0,780000,-120000,660000
2007/08/23,0,724000,-10000,714000
2007/08/24,0,0,-227000,-227000
2007/08/27,0,3000,-5000,-2000
2007/08/28,0,30000,-404000,-374000
2007/08/29,0,123000,-56000,67000
2007/08/30,0,500000,0,500000
2007/08/31,0,0,-8000,-8000
2007/09/03,0,13000,-4000,9000
2007/09/04,0,58000,-31000,27000
2007/09/05,0,0,-40250,-40250
2007/09/06,0,229000,0,229000
2007/09/07,0,1000,-471310,-470310
2007/09/10,0,0,-1000,-1000
2007/09/11,0,118000,-69500,48500
2007/09/12,0,1000,0,1000
2007/09/13,0,350000,0,350000
2007/09/14,0,3000,0,3000
2007/09/17,0,371000,0,371000
2007/09/18,0,0,0,0
2007/09/19,0,74000,0,74000
2007/09/20,0,163000,0,163000
2007/09/21,0,30000,0,30000
2007/09/24,0,0,0,0
2007/09/25,0,0,0,0
2007/09/26,0,2000,-223250,-221250
2007/09/27,0,2000,0,2000
2007/09/28,0,34000,-4000,30000
2007/10/01,0,0,-305000,-305000
2007/10/02,0,10000,-405000,-395000
2007/10/03,0,0,-1000,-1000
2007/10/04,0,0,0,0
2007/10/05,0,150000,-401000,-251000
2007/10/08,0,15000,-156000,-141000
2007/10/09,0,60000,-1963000,-1903000
2007/10/10,0,0,0,0
2007/10/11,0,0,0,0
2007/10/12,0,0,-140000,-140000
2007/10/15,0,2000,-228000,-226000
2007/10/16,0,2000,-200965,-198965
2007/10/17,0,0,-217000,-217000
2007/10/18,0,0,-268000,-268000
2007/10/19,0,0,-3346000,-3346000
2007/10/22,0,0,-350000,-350000
2007/10/23,0,5000,-6000,-1000
2007/10/24,0,20000,0,20000
2007/10/25,0,2000,-1000,1000
2007/10/26,0,48000,-52000,-4000
2007/10/29,0,101000,0,101000
2007/10/30,0,40000,-92000,-52000
2007/10/31,0,13000,0,13000
2007/11/01,0,60000,-40000,20000
2007/11/02,0,13000,0,13000
2007/11/05,0,0,0,0
2007/11/06,0,1000,-10500,-9500
2007/11/07,0,0,0,0
2007/11/08,0,112000,0,112000
2007/11/09,0,3000,-37000,-34000
2007/11/12,0,2000,-51000,-49000
2007/11/13,0,22000,-92000,-70000
2007/11/14,0,1000,-6750,-5750
2007/11/15,0,0,-370750,-370750
2007/11/16,0,15000,-100350,-85350
2007/11/19,0,1000,-11000,-10000
2007/11/20,0,2000,-930000,-928000
2007/11/21,0,53000,-30000,23000
2007/11/22,0,2000,-7000,-5000
2007/11/23,0,6000,-329000,-323000
2007/11/26,0,31000,0,31000
2007/11/27,0,1000,0,1000
2007/11/28,0,0,-205000,-205000
2007/11/29,0,2000,-30000,-28000
2007/11/30,0,3000,0,3000
2007/12/03,0,3000,-10000,-7000
2007/12/04,0,55000,-144000,-89000
2007/12/05,0,15000,0,15000
2007/12/06,0,0,-320000,-320000
2007/12/07,0,0,-443,-443
2007/12/10,0,0,0,0
2007/12/11,0,0,-115000,-115000
2007/12/12,0,24000,0,24000
2007/12/13,0,33000,-10000,23000
2007/12/14,0,13000,-29250,-16250
2007/12/17,0,338000,-1000,337000
2007/12/18,0,30000,-1000,29000
2007/12/19,0,529000,-1000,528000
2007/12/20,0,1000,-200000,-199000
2007/12/21,0,496000,-500,495500
2007/12/24,0,501000,0,501000
2007/12/25,0,0,-1000,-1000
2007/12/26,0,0,-82000,-82000
2007/12/27,0,1000,-68000,-67000
2007/12/28,0,0,-1000,-1000
2007/12/31,0,0,0,0
2008/01/01,0,0,0,0
2008/01/02,0,0,-545500,-545500
2008/01/03,0,10000,0,10000
2008/01/04,0,40000,-228000,-188000
2008/01/07,0,132000,-2100000,-1968000
2008/01/08,0,2000,-76000,-74000
2008/01/09,0,20000,-2150,17850
2008/01/10,0,41000,-39000,2000
2008/01/11,0,1000,-119000,-118000
2008/01/14,0,0,-58000,-58000
2008/01/15,0,1000,-294000,-293000
2008/01/16,0,201000,-91000,110000
2008/01/17,0,166000,-86000,80000
2008/01/18,0,88000,-144000,-56000
2008/01/21,0,56000,0,56000
2008/01/22,0,50000,0,50000
2008/01/23,0,2000,-1892600,-1890600
2008/01/24,0,9000,-52000,-43000
2008/01/25,0,1382000,-202000,1180000
2008/01/28,0,0,0,0
2008/01/29,0,209000,0,209000
2008/01/30,0,84000,0,84000
2008/01/31,0,0,0,0
2008/02/01,0,222000,0,222000
2008/02/04,0,0,0,0
2008/02/05,0,0,0,0
2008/02/06,0,0,0,0
2008/02/07,0,0,0,0
2008/02/08,0,0,0,0
2008/02/11,0,0,0,0
2008/02/12,0,0,-24450,-24450
2008/02/13,0,132000,-2000,130000
2008/02/14,0,0,-15000,-15000
2008/02/15,0,0,-6000,-6000
2008/02/18,0,244000,-4000,240000
2008/02/19,0,603000,0,603000
2008/02/20,0,8000,-4000,4000
2008/02/21,0,260000,0,260000
2008/02/22,0,0,-1000,-1000
2008/02/25,0,487000,-1000,486000
2008/02/26,0,1001000,0,1001000
2008/02/27,0,745000,-2000,743000
2008/02/28,0,0,0,0
2008/02/29,0,200000,-3000,197000
2008/03/03,0,0,-241000,-241000
2008/03/04,0,2000,-260000,-258000
2008/03/05,0,74000,-58000,16000
2008/03/06,0,71000,-604000,-533000
2008/03/07,0,1000,-250000,-249000
2008/03/10,0,3000,-1100000,-1097000
2008/03/11,0,8000,-136000,-128000
2008/03/12,0,15000,0,15000
2008/03/13,0,0,-21937,-21937
2008/03/14,0,5000,-155000,-150000
2008/03/17,0,3000,-155000,-152000
2008/03/18,0,2000,-203000,-201000
2008/03/19,0,7000,-208000,-201000
2008/03/20,0,2000,-600000,-598000
2008/03/21,0,5000,-534000,-529000
2008/03/24,0,5000,0,5000
2008/03/25,0,4000,-10000,-6000
2008/03/26,0,342000,0,342000
2008/03/27,0,4000,-606000,-602000
2008/03/28,0,4000,0,4000
2008/03/31,0,20000,-3000,17000
2008/04/01,0,191000,-717000,-526000
2008/04/02,0,80000,-840000,-760000
2008/04/03,0,0,0,0
2008/04/04,0,0,0,0
2008/04/07,0,0,-125000,-125000
2008/04/08,0,1000,0,1000
2008/04/09,0,0,0,0
2008/04/10,0,1171000,0,1171000
2008/04/11,0,230000,0,230000
2008/04/14,0,36000,0,36000
2008/04/15,0,733000,0,733000
2008/04/16,0,0,-4000,-4000
2008/04/17,0,0,0,0
2008/04/18,0,124000,-37000,87000
2008/04/21,0,0,0,0
2008/04/22,0,15000,-451000,-436000
2008/04/23,0,0,-670000,-670000
2008/04/24,0,1000,-250,750
2008/04/25,0,15000,0,15000
2008/04/28,0,17000,-34000,-17000
2008/04/29,0,1000,-59000,-58000
2008/04/30,0,6000,-20000,-14000
2008/05/01,0,0,0,0
2008/05/02,0,13000,-200000,-187000
2008/05/05,0,100000,-33000,67000
2008/05/06,0,8000,-50000,-42000
2008/05/07,0,12000,-702000,-690000
2008/05/08,0,11000,-1955000,-1944000
2008/05/09,0,2000,-222000,-220000
2008/05/12,0,6000,-17000,-11000
2008/05/13,0,77000,-267000,-190000
2008/05/14,0,1649000,0,1649000
2008/05/15,0,1181000,0,1181000
2008/05/16,0,0,-309000,-309000
2008/05/19,0,35000,-192000,-157000
2008/05/20,0,2000,-3000,-1000
2008/05/21,0,0,-363950,-363950
2008/05/22,0,1000,-100000,-99000
2008/05/23,0,3000,0,3000
2008/05/26,0,418000,0,418000
2008/05/27,0,7000,-1000,6000
2008/05/28,0,3000,0,3000
2008/05/29,0,18000,0,18000
2008/05/30,0,13000,-3000,10000
2008/06/02,0,1000,-33000,-32000
2008/06/03,0,1000,0,1000
2008/06/04,0,0,0,0
2008/06/05,0,0,-400000,-400000
2008/06/06,0,1000,0,1000
2008/06/09,0,0,0,0
2008/06/10,0,2000,0,2000
2008/06/11,0,227000,-10000,217000
2008/06/12,0,46000,-226000,-180000
2008/06/13,0,1000,0,1000
2008/06/16,0,60000,-2000,58000
2008/06/17,0,950000,-22000,928000
2008/06/18,0,881000,0,881000
2008/06/19,0,965000,-20000,945000
2008/06/20,0,261000,-1000,260000
2008/06/23,0,371000,-35000,336000
2008/06/24,0,29000,0,29000
2008/06/25,0,406000,-5000,401000
2008/06/26,0,684000,0,684000
2008/06/27,0,30000,0,30000
2008/06/30,0,1128000,-50000,1078000
2008/07/01,0,31000,0,31000
2008/07/02,0,0,-359000,-359000
2008/07/03,0,530000,-2088000,-1558000
2008/07/04,0,2000,0,2000
2008/07/07,0,8000,0,8000
2008/07/08,0,40000,0,40000
2008/07/09,0,232000,-1000,231000
2008/07/10,0,25000,-32000,-7000
2008/07/11,0,420000,0,420000
2008/07/14,0,131000,-40000,91000
2008/07/15,0,11000,0,11000
2008/07/16,0,8000,-202000,-194000
2008/07/17,0,1357000,-180000,1177000
2008/07/18,0,3207000,-9000,3198000
2008/07/21,0,0,0,0
2008/07/22,0,20000,-206000,-186000
2008/07/23,0,80000,-91000,-11000
2008/07/24,0,1000,-95000,-94000
2008/07/25,0,0,0,0
2008/07/28,0,0,0,0
2008/07/29,0,132000,0,132000
2008/07/30,0,0,-8000,-8000
2008/07/31,0,438000,0,438000
2008/08/01,0,72000,0,72000
2008/08/04,0,250000,0,250000
2008/08/05,0,310000,-4000,306000
2008/08/06,0,449000,0,449000
2008/08/07,0,297000,-150000,147000
2008/08/08,0,237000,-44000,193000
2008/08/11,0,239000,0,239000
2008/08/12,0,7000,-1000,6000
2008/08/13,0,107000,-176000,-69000
2008/08/14,0,38000,-97000,-59000
2008/08/15,0,371000,-12600,358400
2008/08/18,0,1000,-40000,-39000
2008/08/19,0,88000,-116000,-28000
2008/08/20,0,173000,-7000,166000
2008/08/21,0,465000,-8000,457000
2008/08/22,0,71000,-89000,-18000
2008/08/25,0,369000,0,369000
2008/08/26,0,127000,-23000,104000
2008/08/27,0,123000,-600,122400
2008/08/28,0,0,-100000,-100000
2008/08/29,0,131000,-103697,27303
2008/09/01,0,101000,0,101000
2008/09/02,0,574000,-90880,483120
2008/09/03,0,429000,-1000,428000
2008/09/04,0,420000,0,420000
2008/09/05,0,1157000,0,1157000
2008/09/08,0,453000,0,453000
2008/09/09,0,362000,0,362000
2008/09/10,0,551000,0,551000
2008/09/11,0,108000,0,108000
2008/09/12,0,512000,-1000,511000
2008/09/15,0,16000,0,16000
2008/09/16,0,703000,-70000,633000
2008/09/17,0,918000,-20000,898000
2008/09/18,0,191000,0,191000
2008/09/19,0,825000,-163460,661540
2008/09/22,0,115000,-12000,103000
2008/09/23,0,354000,0,354000
2008/09/24,0,347000,-34000,313000
2008/09/25,0,1545000,-12000,1533000
2008/09/26,0,1803000,-142360,1660640
2008/09/29,0,0,0,0
2008/09/30,0,802000,-80000,722000
2008/10/01,0,734000,-79000,655000
2008/10/02,0,248000,-56313,191687
2008/10/03,0,421000,-70000,351000
2008/10/06,0,100000,-798000,-698000
2008/10/07,0,638000,-116000,522000
2008/10/08,0,764000,-303000,461000
2008/10/09,0,776000,-410000,366000
2008/10/10,0,0,0,0
2008/10/13,0,765000,-70000,695000
2008/10/14,0,1576000,-161000,1415000
2008/10/15,0,576000,-100000,476000
2008/10/16,0,23000,-73880,-50880
2008/10/17,0,500000,-892000,-392000
2008/10/20,0,800000,-276000,524000
2008/10/21,0,67000,-50000,17000
2008/10/22,0,178000,-594600,-416600
2008/10/23,0,36000,-796000,-760000
2008/10/24,0,205000,-532000,-327000
2008/10/27,0,168000,-1090000,-922000
2008/10/28,0,504000,-118075,385925
2008/10/29,0,238000,-63000,175000
2008/10/30,0,246000,-2256,243744
2008/10/31,0,695000,-100000,595000
2008/11/03,0,56000,-24000,32000
2008/11/04,0,12000,-2000,10000
2008/11/05,0,165000,-588000,-423000
2008/11/06,0,23000,-37000,-14000
2008/11/07,0,4000,-1685000,-1681000
2008/11/10,0,7000,-1870000,-1863000
2008/11/11,0,93000,-3463880,-3370880
2008/11/12,0,793000,-122000,671000
2008/11/13,0,607000,-8000,599000
2008/11/14,0,741000,-5000,736000
2008/11/17,0,23000,-64000,-41000
2008/11/18,0,352000,-108000,244000
2008/11/19,0,404000,0,404000
2008/11/20,0,227000,-545000,-318000
2008/11/21,0,157000,-84000,73000
2008/11/24,0,187000,0,187000
2008/11/25,0,705000,0,705000
2008/11/26,0,1229000,0,1229000
2008/11/27,0,887000,-100000,787000
2008/11/28,0,216000,-1183000,-967000
2008/12/01,0,84000,-775000,-691000
2008/12/02,0,350000,-320000,30000
2008/12/03,0,426000,-1796000,-1370000
2008/12/04,0,4000,-225000,-221000
2008/12/05,0,145000,0,145000
2008/12/08,0,146000,0,146000
2008/12/09,0,2923000,0,2923000
2008/12/10,0,697000,-193000,504000
2008/12/11,0,6000,-28000,-22000
2008/12/12,0,448000,-3000,445000
2008/12/15,0,55000,-81000,-26000
2008/12/16,0,30000,-351000,-321000
2008/12/17,0,143000,0,143000
2008/12/18,0,1000,-7000,-6000
2008/12/19,0,129000,-158000,-29000
2008/12/22,0,0,-1657000,-1657000
2008/12/23,0,0,-30000,-30000
2008/12/24,0,33000,-192000,-159000
2008/12/25,0,60000,0,60000
2008/12/26,0,105000,-546000,-441000
2008/12/29,0,145000,-75000,70000
2008/12/30,0,0,-130000,-130000
2008/12/31,0,0,-66000,-66000
2009/01/01,0,0,0,0
2009/01/02,0,0,0,0
2009/01/05,0,138000,-700000,-562000
2009/01/06,0,1078000,-70000,1008000
2009/01/07,0,93000,-17000,76000
2009/01/08,0,26000,-61000,-35000
2009/01/09,0,1000,-264000,-263000
2009/01/12,0,1000,-670000,-669000
2009/01/13,0,21000,0,21000
2009/01/14,0,160000,-6000,154000
2009/01/15,0,203000,-39000,164000
2009/01/16,0,3000,-65000,-62000
2009/01/19,0,1000,-394601,-393601
2009/01/20,0,5000,-3129000,-3124000
2009/01/21,0,5000,-3304000,-3299000
2009/01/22,0,0,0,0
2009/01/23,0,0,0,0
2009/01/26,0,0,0,0
2009/01/27,0,0,0,0
2009/01/28,0,0,0,0
2009/01/29,0,0,0,0
2009/01/30,0,0,0,0
2009/02/02,0,0,-1254820,-1254820
2009/02/03,0,316000,-1642000,-1326000
2009/02/04,0,582000,-1149320,-567320
2009/02/05,0,447000,-1514000,-1067000
2009/02/06,0,103000,-653763,-550763
2009/02/09,0,0,-841000,-841000
2009/02/10,0,403000,-105918,297082
2009/02/11,0,150000,-607408,-457408
2009/02/12,0,0,-370800,-370800
2009/02/13,0,625000,-152000,473000
2009/02/16,0,0,-80000,-80000
2009/02/17,0,58000,-210000,-152000
2009/02/18,0,29000,-93000,-64000
2009/02/19,0,250000,-420,249580
2009/02/20,0,18000,-3000,15000
2009/02/23,0,294000,-171000,123000
2009/02/24,0,11000,-75000,-64000
2009/02/25,0,50000,-200000,-150000
2009/02/26,0,1000,-3000,-2000
2009/02/27,0,0,0,0
2009/03/02,0,35000,-1176000,-1141000
2009/03/03,0,0,-120000,-120000
2009/03/04,0,0,-251000,-251000
2009/03/05,0,0,-895000,-895000
2009/03/06,0,276000,-32000,244000
2009/03/09,0,394000,-19000,375000
2009/03/10,0,311000,-211000,100000
2009/03/11,0,0,-321000,-321000
2009/03/12,0,0,-57000,-57000
2009/03/13,0,131000,-186000,-55000
2009/03/16,0,50000,-208000,-158000
2009/03/17,0,10000,-573000,-563000
2009/03/18,0,398000,-241000,157000
2009/03/19,0,0,-2000,-2000
2009/03/20,0,0,-214000,-214000
2009/03/23,0,62000,-8000,54000
2009/03/24,0,100000,-1000,99000
2009/03/25,0,0,0,0
2009/03/26,0,657000,-500000,157000
2009/03/27,0,10000,-463000,-453000
2009/03/30,0,250000,0,250000
2009/03/31,0,250000,-189000,61000
2009/04/01,0,307000,0,307000
2009/04/02,0,51000,-694000,-643000
2009/04/03,0,205000,-769360,-564360
2009/04/06,0,100000,-470000,-370000
2009/04/07,0,46000,-492000,-446000
2009/04/08,0,250000,-617080,-367080
2009/04/09,0,0,-3209940,-3209940
2009/04/10,0,0,-609340,-609340
2009/04/13,0,1604000,-1000,1603000
2009/04/14,0,3159000,0,3159000
2009/04/15,0,1771000,-105000,1666000
2009/04/16,0,100000,-21000,79000
2009/04/17,0,0,-216000,-216000
2009/04/20,0,1174000,0,1174000
2009/04/21,0,45000,0,45000
2009/04/22,0,1000000,-5000,995000
2009/04/23,0,101000,-1001000,-900000
2009/04/24,0,1903000,-5000,1898000
2009/04/27,0,1400000,0,1400000
2009/04/28,0,1085000,0,1085000
2009/04/29,0,1072000,0,1072000
2009/04/30,0,2248000,-24000,2224000
2009/05/01,0,0,0,0
2009/05/04,0,403000,-2000,401000
2009/05/05,0,74000,-276000,-202000
2009/05/06,0,1100000,-377000,723000
2009/05/07,0,0,-2696000,-2696000
2009/05/08,0,0,-4221000,-4221000
2009/05/11,0,101000,-114000,-13000
2009/05/12,0,50000,-165000,-115000
2009/05/13,0,0,-248460,-248460
2009/05/14,0,0,0,0
2009/05/15,0,1000,-1027000,-1026000
2009/05/18,0,18000,-839000,-821000
2009/05/19,0,2000000,-225000,1775000
2009/05/20,0,0,-116000,-116000
2009/05/21,0,0,0,0
2009/05/22,0,0,-171020,-171020
2009/05/25,0,10000,-10000,0
2009/05/26,0,124000,-170000,-46000
2009/05/27,0,111000,-1575000,-1464000
2009/05/28,0,0,0,0
2009/05/29,0,0,0,0
2009/06/01,0,89000,-87000,2000
2009/06/02,0,0,-1085000,-1085000
2009/06/03,0,0,-118000,-118000
2009/06/04,0,0,-6000,-6000
2009/06/05,0,0,-787000,-787000
2009/06/08,0,5000,-1263000,-1258000
2009/06/09,0,2000,-775000,-773000
2009/06/10,0,2000,-212000,-210000
2009/06/11,0,706000,0,706000
2009/06/12,0,300000,-6000,294000
2009/06/15,0,4000,0,4000
2009/06/16,0,509000,-142000,367000
2009/06/17,0,245000,-1000,244000
2009/06/18,0,908000,-82000,826000
2009/06/19,0,23000,-306,22694
2009/06/22,0,5000,-175000,-170000
2009/06/23,0,500000,-11000,489000
2009/06/24,0,252000,-103000,149000
2009/06/25,0,0,-575000,-575000
2009/06/26,0,0,0,0
2009/06/29,0,4000,-684000,-680000
2009/06/30,0,0,0,0
2009/07/01,0,26000,-500000,-474000
2009/07/02,0,0,-1000,-1000
2009/07/03,0,0,-9000,-9000
2009/07/06,0,0,-22000,-22000
2009/07/07,0,3000,0,3000
2009/07/08,0,0,-4000,-4000
2009/07/09,0,0,-540,-540
2009/07/10,0,0,-3000,-3000
2009/07/13,0,6000,-142000,-136000
2009/07/14,0,0,-12000,-12000
2009/07/15,0,0,-5000,-5000
2009/07/16,0,0,-18160,-18160
2009/07/17,0,0,-1000,-1000
2009/07/20,0,0,-69000,-69000
2009/07/21,0,0,-65000,-65000
2009/07/22,0,1000,-1000,0
2009/07/23,0,0,-3000,-3000
2009/07/24,0,0,-3000,-3000
2009/07/27,0,0,0,0
2009/07/28,0,1000000,0,1000000
2009/07/29,0,1000000,-24000,976000
2009/07/30,0,1000000,-4000,996000
2009/07/31,0,0,0,0
2009/08/03,0,1027000,0,1027000
2009/08/04,0,1000000,-6000,994000
2009/08/05,0,0,-50000,-50000
2009/08/06,0,0,0,0
2009/08/07,0,0,0,0
2009/08/10,0,6000,-13000,-7000
2009/08/11,0,3000,0,3000
2009/08/12,0,0,0,0
2009/08/13,0,0,-1000,-1000
2009/08/14,0,1171000,-1000,1170000
2009/08/17,0,26000,-21480,4520
2009/08/18,0,1203000,-1000,1202000
2009/08/19,0,3000,0,3000
2009/08/20,0,52000,0,52000
2009/08/21,0,224000,-1078000,-854000
2009/08/24,0,153000,-156000,-3000
2009/08/25,0,0,0,0
2009/08/26,0,0,0,0
2009/08/27,0,5000,-3442,1558
2009/08/28,0,1913000,0,1913000
2009/08/31,0,510000,0,510000
2009/09/01,0,1268000,0,1268000
2009/09/02,0,731000,0,731000
2009/09/03,0,1000,-4000,-3000
2009/09/04,0,126000,-4000,122000
2009/09/07,0,0,-3000,-3000
2009/09/08,0,0,0,0
2009/09/09,0,50000,0,50000
2009/09/10,0,345000,-11000,334000
2009/09/11,0,0,-1000000,-1000000
2009/09/14,0,285000,-1176000,-891000
2009/09/15,0,26000,-415600,-389600
2009/09/16,0,269000,0,269000
2009/09/17,0,106000,-481000,-375000
2009/09/18,0,78000,-983000,-905000
2009/09/21,0,0,-1000,-1000
2009/09/22,0,0,0,0
2009/09/23,0,12000,-1000,11000
2009/09/24,0,30000,0,30000
2009/09/25,0,0,0,0
2009/09/28,0,4000,-500000,-496000
2009/09/29,0,17000,-418000,-401000
2009/09/30,0,382000,0,382000
2009/10/01,0,0,0,0
2009/10/02,0,4000,-528000,-524000
2009/10/05,0,0,-150000,-150000
2009/10/06,0,0,-30000,-30000
2009/10/07,0,0,0,0
2009/10/08,0,0,0,0
2009/10/09,0,2000,0,2000
2009/10/12,0,0,0,0
2009/10/13,0,4000,0,4000
2009/10/14,0,0,-72000,-72000
2009/10/15,0,0,-30400,-30400
2009/10/16,0,0,-1000,-1000
2009/10/19,0,5000,-50000,-45000
2009/10/20,0,13000,-500000,-487000
2009/10/21,0,2012000,-304000,1708000
2009/10/22,0,1550000,-127000,1423000
2009/10/23,0,310000,0,310000
2009/10/26,0,300000,-24000,276000
2009/10/27,0,3000,-367,2633
2009/10/28,0,944000,-62000,882000
2009/10/29,0,1000,0,1000
2009/10/30,0,800000,0,800000
2009/11/02,0,3000,0,3000
2009/11/03,0,929000,0,929000
2009/11/04,0,169000,-776000,-607000
2009/11/05,0,26000,-45000,-19000
2009/11/06,0,35000,-85000,-50000
2009/11/09,0,16000,-1000000,-984000
2009/11/10,0,404000,-1003220,-599220
2009/11/11,0,0,0,0
2009/11/12,0,0,-1001000,-1001000
2009/11/13,0,19000,-8000,11000
2009/11/16,0,68000,0,68000
2009/11/17,0,0,-170000,-170000
2009/11/18,0,0,-1005000,-1005000
2009/11/19,0,0,-84000,-84000
2009/11/20,0,4000,-1200000,-1196000
2009/11/23,0,0,-1290000,-1290000
2009/11/24,0,0,-640000,-640000
2009/11/25,0,0,-172000,-172000
2009/11/26,0,0,0,0
2009/11/27,0,0,-80000,-80000
2009/11/30,0,7000,-149000,-142000
2009/12/01,0,0,-996000,-996000
2009/12/02,0,0,-144000,-144000
2009/12/03,0,0,-230000,-230000
2009/12/04,0,0,-640000,-640000
2009/12/07,0,0,-13000,-13000
2009/12/08,0,0,-572000,-572000
2009/12/09,0,0,-159140,-159140
2009/12/10,0,0,-5000,-5000
2009/12/11,0,3000,-248000,-245000
2009/12/14,0,0,-190000,-190000
2009/12/15,0,0,0,0
2009/12/16,0,0,-5000,-5000
2009/12/17,0,0,0,0
2009/12/18,0,0,-11000,-11000
2009/12/21,0,238000,0,238000
2009/12/22,0,30000,-3000,27000
2009/12/23,0,25000,-83000,-58000
2009/12/24,0,0,-139000,-139000
2009/12/25,0,0,-25000,-25000
2009/12/28,0,0,-67000,-67000
2009/12/29,0,0,-70000,-70000
2009/12/30,0,0,-68380,-68380
2009/12/31,0,57000,-102000,-45000
2010/01/01,0,0,0,0
2010/01/04,0,60000,-200000,-140000
2010/01/05,0,0,-8000,-8000
2010/01/06,0,0,-300000,-300000
2010/01/07,0,8000,-402000,-394000
2010/01/08,0,0,-1000,-1000
2010/01/11,0,62000,-406000,-344000
2010/01/12,0,0,-2000,-2000
2010/01/13,0,0,0,0
2010/01/14,0,0,0,0
2010/01/15,0,62000,-102000,-40000
2010/01/18,0,0,-212000,-212000
2010/01/19,0,0,-266000,-266000
2010/01/20,0,0,-1000,-1000
2010/01/21,0,0,0,0
2010/01/22,0,0,0,0
2010/01/25,0,0,-28000,-28000
2010/01/26,0,0,0,0
2010/01/27,0,4000,0,4000
2010/01/28,0,66000,0,66000
2010/01/29,0,2000,0,2000
2010/02/01,0,2000,0,2000
2010/02/02,0,0,0,0
2010/02/03,0,0,-270000,-270000
2010/02/04,0,86000,0,86000
2010/02/05,0,161000,0,161000
2010/02/08,0,39000,0,39000
2010/02/09,0,2000,0,2000
2010/02/10,0,15000,0,15000
2010/02/11,0,0,0,0
2010/02/12,0,0,0,0
2010/02/15,0,0,0,0
2010/02/16,0,0,0,0
2010/02/17,0,0,0,0
2010/02/18,0,0,0,0
2010/02/19,0,0,0,0
2010/02/22,0,201000,0,201000
2010/02/23,0,31000,0,31000
2010/02/24,0,32000,-250000,-218000
2010/02/25,0,2000,0,2000
2010/02/26,0,1000,-2000,-1000
2010/03/01,0,450000,0,450000
2010/03/02,0,0,0,0
2010/03/03,0,374000,-40000,334000
2010/03/04,0,375000,-1000,374000
2010/03/05,0,432000,-20000,412000
2010/03/08,0,10000,-976000,-966000
2010/03/09,0,0,0,0
2010/03/10,0,100000,-1000,99000
2010/03/11,0,0,-50000,-50000
2010/03/12,0,645000,-50000,595000
2010/03/15,0,0,0,0
2010/03/16,0,0,-120000,-120000
2010/03/17,0,21000,-72000,-51000
2010/03/18,0,490000,-1000,489000
2010/03/19,0,352000,-50000,302000
2010/03/22,0,0,-1000,-1000
2010/03/23,0,233000,-51000,182000
2010/03/24,0,50000,0,50000
2010/03/25,0,100000,-1000,99000
2010/03/26,0,0,0,0
2010/03/29,0,1000,-300000,-299000
2010/03/30,0,91000,-134000,-43000
2010/03/31,0,16000,-299000,-283000
2010/04/01,0,0,-546000,-546000
2010/04/02,0,0,-69000,-69000
2010/04/05,0,0,0,0
2010/04/06,0,43000,-311747,-268747
2010/04/07,0,0,0,0
2010/04/08,0,0,0,0
2010/04/09,0,0,-1000,-1000
2010/04/12,0,0,-14000,-14000
2010/04/13,0,101000,-1000,100000
2010/04/14,0,285000,-145000,140000
2010/04/15,0,1168000,-86000,1082000
2010/04/16,0,1000000,-2000,998000
2010/04/19,0,1700000,-303,1699697
2010/04/20,0,521000,-5000,516000
2010/04/21,0,1950000,0,1950000
2010/04/22,0,129000,0,129000
2010/04/23,0,10000,-613009,-603009
2010/04/26,0,256000,-25000,231000
2010/04/27,0,127000,-1000,126000
2010/04/28,0,222000,0,222000
2010/04/29,0,20000,0,20000
2010/04/30,0,0,-6684,-6684
2010/05/03,0,500000,-10000,490000
2010/05/04,0,63000,0,63000
2010/05/05,0,50000,-5000,45000
2010/05/06,0,30000,-713000,-683000
2010/05/07,0,1000,-360,640
2010/05/10,0,212000,-771962,-559962
2010/05/11,0,263000,0,263000
2010/05/12,0,613000,-5000,608000
2010/05/13,0,1000,-200000,-199000
2010/05/14,0,1000,-344000,-343000
2010/05/17,0,135000,-15000,120000
2010/05/18,0,53000,-120000,-67000
2010/05/19,0,399000,-147000,252000
2010/05/20,0,437000,-159000,278000
2010/05/21,0,398000,-335000,63000
2010/05/24,0,250000,-3000,247000
2010/05/25,0,232000,-100000,132000
2010/05/26,0,487000,-2000,485000
2010/05/27,0,82000,0,82000
2010/05/28,0,0,-8000,-8000
2010/05/31,0,600000,-258000,342000
2010/06/01,0,150000,0,150000
2010/06/02,0,29000,0,29000
2010/06/03,0,0,-36000,-36000
2010/06/04,0,0,0,0
2010/06/07,0,10000,0,10000
2010/06/08,0,2000,-159000,-157000
2010/06/09,0,0,0,0
2010/06/10,0,201000,-1000,200000
2010/06/11,0,0,-165501,-165501
2010/06/14,0,1000,0,1000
2010/06/15,0,0,-149196,-149196
2010/06/16,0,0,0,0
2010/06/17,0,156000,-41000,115000
2010/06/18,0,478000,-30000,448000
2010/06/21,0,0,0,0
2010/06/22,0,0,-1000,-1000
2010/06/23,0,0,-78000,-78000
2010/06/24,0,35000,-102000,-67000
2010/06/25,0,26000,0,26000
2010/06/28,0,50000,0,50000
2010/06/29,0,1000,0,1000
2010/06/30,0,0,0,0
2010/07/01,0,0,0,0
2010/07/02,0,67000,0,67000
2010/07/05,0,0,-100000,-100000
2010/07/06,0,7000,-238000,-231000
2010/07/07,0,300000,-10000,290000
2010/07/08,0,0,0,0
2010/07/09,0,0,-709000,-709000
2010/07/12,0,536000,-143000,393000
2010/07/13,0,0,-902000,-902000
2010/07/14,0,536000,0,536000
2010/07/15,0,11000,0,11000
2010/07/16,0,200000,-1209000,-1009000
2010/07/19,0,535000,-402000,133000
2010/07/20,0,200000,-300018,-100018
2010/07/21,0,3000,-369876,-366876
2010/07/22,0,58000,-650000,-592000
2010/07/23,0,0,-94000,-94000
2010/07/26,0,130000,-39000,91000
2010/07/27,0,219000,-500000,-281000
2010/07/28,0,0,-400000,-400000
2010/07/29,0,125000,-10000,115000
2010/07/30,0,50000,-15000,35000
2010/08/02,0,110000,-14000,96000
2010/08/03,0,773000,0,773000
2010/08/04,0,0,-230000,-230000
2010/08/05,0,0,-213000,-213000
2010/08/06,0,0,-331000,-331000
2010/08/09,0,487000,-100000,387000
2010/08/10,0,54000,0,54000
2010/08/11,0,62000,-121000,-59000
2010/08/12,0,0,-131000,-131000
2010/08/13,0,87000,-1322000,-1235000
2010/08/16,0,0,-82000,-82000
2010/08/17,0,0,-1670620,-1670620
2010/08/18,0,412000,-323000,89000
2010/08/19,0,481000,-1000,480000
2010/08/20,0,23000,-4000,19000
2010/08/23,0,192000,0,192000
2010/08/24,0,0,-1000,-1000
2010/08/25,0,12000,-1000,11000
2010/08/26,0,550000,-1000,549000
2010/08/27,0,17000,-240000,-223000
2010/08/30,0,269000,-4952,264048
2010/08/31,0,414000,0,414000
2010/09/01,0,1056000,-15000,1041000
2010/09/02,0,386000,0,386000
2010/09/03,0,0,0,0
2010/09/06,0,0,0,0
2010/09/07,0,5000,-358312,-353312
2010/09/08,0,200000,-15000,185000
2010/09/09,0,0,-164000,-164000
2010/09/10,0,6000,0,6000
2010/09/13,0,100000,0,100000
2010/09/14,0,60000,-813000,-753000
2010/09/15,0,34000,-700000,-666000
2010/09/16,0,0,-203142,-203142
2010/09/17,0,106000,-2000,104000
2010/09/20,0,0,-1000,-1000
2010/09/21,0,0,-1000,-1000
2010/09/22,0,0,0,0
2010/09/23,0,20000,-546000,-526000
2010/09/24,0,0,-2000,-2000
2010/09/27,0,0,-315000,-315000
2010/09/28,0,1000,-341000,-340000
2010/09/29,0,12000,0,12000
2010/09/30,0,13000,-4520,8480
2010/10/01,0,0,-48000,-48000
2010/10/04,0,0,0,0
2010/10/05,0,0,0,0
2010/10/06,0,57000,-201000,-144000
2010/10/07,0,0,-678000,-678000
2010/10/08,0,0,-142000,-142000
2010/10/11,0,0,-405000,-405000
2010/10/12,0,0,-690000,-690000
2010/10/13,0,62000,-293000,-231000
2010/10/14,0,23000,-368000,-345000
2010/10/15,0,0,0,0
2010/10/18,0,2000,-13000,-11000
2010/10/19,0,4000,-12000,-8000
2010/10/20,0,0,-13000,-13000
2010/10/21,0,0,0,0
2010/10/22,0,0,-321000,-321000
2010/10/25,0,150000,0,150000
2010/10/26,0,20000,-190000,-170000
2010/10/27,0,95000,-1140000,-1045000
2010/10/28,0,0,-800000,-800000
2010/10/29,0,0,-150000,-150000
2010/11/01,0,0,-250000,-250000
2010/11/02,0,0,0,0
2010/11/03,0,253000,0,253000
2010/11/04,0,57000,0,57000
2010/11/05,0,0,0,0
2010/11/08,0,38000,-2000,36000
2010/11/09,0,4000,0,4000
2010/11/10,0,0,-1000,-1000
2010/11/11,0,2000,0,2000
2010/11/12,0,53000,-101000,-48000
2010/11/15,0,0,0,0
2010/11/16,0,31000,-3000,28000
2010/11/17,0,15000,0,15000
2010/11/18,0,0,-158000,-158000
2010/11/19,0,4000,0,4000
2010/11/22,0,0,0,0
2010/11/23,0,30000,-41000,-11000
2010/11/24,0,0,0,0
2010/11/25,0,0,-463000,-463000
2010/11/26,0,0,-1000,-1000
2010/11/29,0,0,0,0
2010/11/30,0,102000,-131000,-29000
2010/12/01,0,0,-30000,-30000
2010/12/02,0,1000,-26000,-25000
2010/12/03,0,640000,-3000,637000
2010/12/06,0,0,-61000,-61000
2010/12/07,0,0,0,0
2010/12/08,0,0,-3000,-3000
2010/12/09,0,80000,-2000,78000
2010/12/10,0,0,-115000,-115000
2010/12/13,0,203000,-149000,54000
2010/12/14,0,15000,-339000,-324000
2010/12/15,0,72000,-472000,-400000
2010/12/16,0,96000,-30000,66000
2010/12/17,0,0,-120000,-120000
2010/12/20,0,0,-2000,-2000
2010/12/21,0,0,0,0
2010/12/22,0,2000,-5000,-3000
2010/12/23,0,154000,0,154000
2010/12/24,0,10000,-51000,-41000
2010/12/27,0,0,-1000,-1000
2010/12/28,0,0,-13000,-13000
2010/12/29,0,26000,0,26000
2010/12/30,0,0,0,0
2010/12/31,0,0,0,0
2011/01/03,0,0,0,0
2011/01/04,0,0,-180000,-180000
2011/01/05,0,7000,-100000,-93000
2011/01/06,0,0,0,0
2011/01/07,0,0,0,0
2011/01/10,0,33000,-142000,-109000
2011/01/11,0,0,-105000,-105000
2011/01/12,0,0,-642000,-642000
2011/01/13,0,12000,-46149,-34149
2011/01/14,0,2000,-60000,-58000
2011/01/17,0,0,-149000,-149000
2011/01/18,0,0,-115000,-115000
2011/01/19,0,0,-21000,-21000
2011/01/20,0,0,-2000,-2000
2011/01/21,0,0,-22000,-22000
2011/01/24,0,0,-42000,-42000
2011/01/25,0,255000,-42000,213000
2011/01/26,0,0,0,0
2011/01/27,0,0,-86000,-86000
2011/01/28,0,0,-31000,-31000
2011/01/31,0,0,0,0
2011/02/01,0,0,0,0
2011/02/02,0,0,0,0
2011/02/03,0,0,0,0
2011/02/04,0,0,0,0
2011/02/07,0,0,0,0
2011/02/08,0,0,-966000,-966000
2011/02/09,0,0,-866000,-866000
2011/02/10,0,165000,-762401,-597401
2011/02/11,0,71000,-215000,-144000
2011/02/14,0,183000,0,183000
2011/02/15,0,3000,-431000,-428000
2011/02/16,0,0,-193228,-193228
2011/02/17,0,0,-144000,-144000
2011/02/18,0,162000,-58000,104000
2011/02/21,0,0,-85457,-85457
2011/02/22,0,0,0,0
2011/02/23,0,26000,0,26000
2011/02/24,0,1000,0,1000
2011/02/25,0,2000,-8000,-6000
2011/02/28,0,0,0,0
2011/03/01,0,0,0,0
2011/03/02,0,81000,0,81000
2011/03/03,0,0,0,0
2011/03/04,0,0,-239000,-239000
2011/03/07,0,0,0,0
2011/03/08,0,0,-55000,-55000
2011/03/09,0,48000,0,48000
2011/03/10,0,0,-102000,-102000
2011/03/11,0,99000,0,99000
2011/03/14,0,40000,0,40000
2011/03/15,0,261000,0,261000
2011/03/16,0,0,0,0
2011/03/17,0,0,-4000,-4000
2011/03/18,0,1000,-3000,-2000
2011/03/21,0,0,-92000,-92000
2011/03/22,0,72000,-46000,26000
2011/03/23,0,0,0,0
2011/03/24,0,4000,-140000,-136000
2011/03/25,0,0,0,0
2011/03/28,0,0,0,0
2011/03/29,0,0,-495000,-495000
2011/03/30,0,0,-24000,-24000
2011/03/31,0,0,-326000,-326000
2011/04/01,0,0,0,0
2011/04/04,0,0,0,0
2011/04/05,0,0,0,0
2011/04/06,0,256000,0,256000
2011/04/07,0,0,-88000,-88000
2011/04/08,0,0,-300000,-300000
2011/04/11,0,0,-150000,-150000
2011/04/12,0,0,-11000,-11000
2011/04/13,0,0,-95000,-95000
2011/04/14,0,8000,-398000,-390000
2011/04/15,0,0,-809,-809
2011/04/18,0,118000,-200000,-82000
2011/04/19,0,3000,-135000,-132000
2011/04/20,0,0,-100000,-100000
2011/04/21,0,0,-279000,-279000
2011/04/22,0,6000,-135000,-129000
2011/04/25,0,307000,-2000,305000
2011/04/26,0,0,-2000,-2000
2011/04/27,0,194000,-531,193469
2011/04/28,0,0,-68000,-68000
2011/04/29,0,51000,-196000,-145000
2011/05/02,0,0,0,0
2011/05/03,0,24000,0,24000
2011/05/04,0,24000,-227000,-203000
2011/05/05,0,24000,-22000,2000
2011/05/06,0,23000,0,23000
2011/05/09,0,1000,0,1000
2011/05/10,0,0,-40000,-40000
2011/05/11,0,0,-399000,-399000
2011/05/12,0,21000,-723000,-702000
2011/05/13,0,16000,-80000,-64000
2011/05/16,0,3000,0,3000
2011/05/17,0,0,-204000,-204000
2011/05/18,0,0,0,0
2011/05/19,0,0,-511000,-511000
2011/05/20,0,121000,0,121000
2011/05/23,0,0,-63000,-63000
2011/05/24,0,0,-86823,-86823
2011/05/25,0,0,-300000,-300000
2011/05/26,0,61000,0,61000
2011/05/27,0,0,0,0
2011/05/30,0,1000,-104520,-103520
2011/05/31,0,44000,0,44000
2011/06/01,0,0,0,0
2011/06/02,0,200000,0,200000
2011/06/03,0,100000,0,100000
2011/06/06,0,0,0,0
2011/06/07,0,0,-316000,-316000
2011/06/08,0,331000,-191000,140000
2011/06/09,0,320000,-127000,193000
2011/06/10,0,0,-295000,-295000
2011/06/13,0,0,0,0
2011/06/14,0,411000,0,411000
2011/06/15,0,6000,-79000,-73000
2011/06/16,0,36000,0,36000
2011/06/17,0,6000,-171000,-165000
2011/06/20,0,123000,-820465,-697465
2011/06/21,0,34000,-4000,30000
2011/06/22,0,3000,-37000,-34000
2011/06/23,0,378000,-90000,288000
2011/06/24,0,2000,0,2000
2011/06/27,0,275000,0,275000
2011/06/28,0,176000,-19000,157000
2011/06/29,0,411000,0,411000
2011/06/30,0,2000,0,2000
2011/07/01,0,21000,0,21000
2011/07/04,0,0,0,0
2011/07/05,0,0,-454822,-454822
2011/07/06,0,0,-9000,-9000
2011/07/07,0,0,-91000,-91000
2011/07/08,0,0,-2000,-2000
2011/07/11,0,0,0,0
2011/07/12,0,260000,-18000,242000
2011/07/13,0,720000,0,720000
2011/07/14,0,8000,0,8000
2011/07/15,0,164000,-2000,162000
2011/07/18,0,205000,0,205000
2011/07/19,0,53000,0,53000
2011/07/20,0,48000,0,48000
2011/07/21,0,578000,0,578000
2011/07/22,0,230000,-5000,225000
2011/07/25,0,250000,-39000,211000
2011/07/26,0,0,0,0
2011/07/27,0,22000,0,22000
2011/07/28,0,0,-4000,-4000
2011/07/29,0,0,0,0
2011/08/01,0,2000,0,2000
2011/08/02,0,5000,-1000,4000
2011/08/03,0,9000,-4000,5000
2011/08/04,0,118000,-100000,18000
2011/08/05,0,22000,-350000,-328000
2011/08/08,0,126000,-100000,26000
2011/08/09,0,119000,-17000,102000
2011/08/10,0,39000,-17000,22000
2011/08/11,0,58000,-17000,41000
2011/08/12,0,2000,-9000,-7000
2011/08/15,0,519000,-70000,449000
2011/08/16,0,68000,-36000,32000
2011/08/17,0,172000,-2000,170000
2011/08/18,0,69000,-34213,34787
2011/08/19,0,83000,-49000,34000
2011/08/22,0,169000,-200000,-31000
2011/08/23,0,23000,-580000,-557000
2011/08/24,0,0,-558000,-558000
2011/08/25,0,162000,0,162000
2011/08/26,0,473000,0,473000
2011/08/29,0,1132000,0,1132000
2011/08/30,0,888000,0,888000
2011/08/31,0,187000,0,187000
2011/09/01,0,443000,-2000,441000
2011/09/02,0,33000,-4000,29000
2011/09/05,0,297000,-106000,191000
2011/09/06,0,10000,0,10000
2011/09/07,0,7000,0,7000
2011/09/08,0,78000,-93000,-15000
2011/09/09,0,13000,0,13000
2011/09/12,0,0,0,0
2011/09/13,0,399000,-2313,396687
2011/09/14,0,5000,0,5000
2011/09/15,0,0,-34000,-34000
2011/09/16,0,3029000,0,3029000
2011/09/19,0,1501000,0,1501000
2011/09/20,0,245000,0,245000
2011/09/21,0,3018,-74000,-70982
2011/09/22,0,0,-54000,-54000
2011/09/23,0,3000,-129000,-126000
2011/09/26,0,11000,-31000,-20000
2011/09/27,0,4000,-18000,-14000
2011/09/28,0,0,-2000,-2000
2011/09/29,0,14000,0,14000
2011/09/30,0,98000,-705000,-607000
2011/10/03,0,200000,0,200000
2011/10/04,0,84000,0,84000
2011/10/05,0,15000,-912000,-897000
2011/10/06,0,518000,0,518000
2011/10/07,0,38000,-200000,-162000
2011/10/10,0,0,0,0
2011/10/11,0,535000,-320000,215000
2011/10/12,0,260000,-80000,180000
2011/10/13,0,345000,0,345000
2011/10/14,0,44000,-460000,-416000
2011/10/17,0,25000,-272668,-247668
2011/10/18,0,10003,-562000,-551997
2011/10/19,0,150000,0,150000
2011/10/20,0,250000,0,250000
2011/10/21,0,100000,0,100000
2011/10/24,0,74000,0,74000
2011/10/25,0,160000,0,160000
2011/10/26,0,21000,0,21000
2011/10/27,0,233000,-379000,-146000
2011/10/28,0,212000,0,212000
2011/10/31,0,49000,-3000,46000
2011/11/01,0,20000,-199000,-179000
2011/11/02,0,7000,-67000,-60000
2011/11/03,0,41000,0,41000
2011/11/04,0,55000,-30000,25000
2011/11/07,0,157000,-26000,131000
2011/11/08,0,124000,0,124000
2011/11/09,0,40000,0,40000
2011/11/10,0,21000,-399000,-378000
2011/11/11,0,50000,-1000,49000
2011/11/14,0,221035,0,221035
2011/11/15,0,30000,-1000,29000
2011/11/16,0,0,0,0
2011/11/17,0,51000,0,51000
2011/11/18,0,87000,0,87000
2011/11/21,0,6000,0,6000
2011/11/22,0,2000,-135000,-133000
2011/11/23,0,49000,0,49000
2011/11/24,0,505000,0,505000
2011/11/25,0,383000,-582000,-199000
2011/11/28,0,110000,-72000,38000
2011/11/29,0,3000,0,3000
2011/11/30,0,3000,-801000,-798000
2011/12/01,0,0,-16000,-16000
2011/12/02,0,0,-250000,-250000
2011/12/05,0,46000,-3000,43000
2011/12/06,0,0,0,0
2011/12/07,0,2000,0,2000
2011/12/08,0,2000,-220000,-218000
2011/12/09,0,0,-9020,-9020
2011/12/12,0,0,-50000,-50000
2011/12/13,0,6000,-58000,-52000
2011/12/14,0,0,-31000,-31000
2011/12/15,0,0,-30000,-30000
2011/12/16,0,1000,-10000,-9000
2011/12/19,0,16000,-97000,-81000
2011/12/20,0,3000,-23000,-20000
2011/12/21,0,710000,-10000,700000
2011/12/22,0,364000,-38000,326000
2011/12/23,0,530000,-79000,451000
2011/12/26,0,100000,0,100000
2011/12/27,0,5000,-29000,-24000
2011/12/28,0,340000,-2000,338000
2011/12/29,0,0,-65000,-65000
2011/12/30,0,0,-41000,-41000
2012/01/02,0,20000,0,20000
2012/01/03,0,110000,-8000,102000
2012/01/04,0,100000,-22000,78000
2012/01/05,0,150000,-13311,136689
2012/01/06,0,185000,-39000,146000
2012/01/09,0,130000,-78000,52000
2012/01/10,0,150000,-1000,149000
2012/01/11,0,153000,-3000,150000
2012/01/12,0,101000,-6000,95000
2012/01/13,0,238000,-177000,61000
2012/01/16,0,600000,-103000,497000
2012/01/17,0,0,-359000,-359000
2012/01/18,0,80000,-348000,-268000
2012/01/19,0,0,0,0
2012/01/20,0,0,0,0
2012/01/23,0,0,0,0
2012/01/24,0,0,0,0
2012/01/25,0,0,0,0
2012/01/26,0,0,0,0
2012/01/27,0,0,0,0
2012/01/30,0,276000,-14000,262000
2012/01/31,0,0,-85000,-85000
2012/02/01,0,0,-632500,-632500
2012/02/02,0,450000,-234000,216000
2012/02/03,0,145000,-254000,-109000
2012/02/06,0,0,-875000,-875000
2012/02/07,0,80000,-17000,63000
2012/02/08,0,0,-42000,-42000
2012/02/09,0,48841,-228000,-179159
2012/02/10,0,99000,-210000,-111000
2012/02/13,0,0,-87000,-87000
2012/02/14,0,0,-332000,-332000
2012/02/15,0,0,-256000,-256000
2012/02/16,0,0,0,0
2012/02/17,0,9000,-100000,-91000
2012/02/20,0,300000,-3000,297000
2012/02/21,0,0,0,0
2012/02/22,0,300000,0,300000
2012/02/23,0,300000,-2000,298000
2012/02/24,0,0,-9000,-9000
2012/02/27,0,0,0,0
2012/02/28,0,0,0,0
2012/02/29,0,0,-317000,-317000
2012/03/01,0,0,-52000,-52000
2012/03/02,0,0,-4000,-4000
2012/03/05,0,320000,-1000,319000
2012/03/06,0,0,-1000,-1000
2012/03/07,0,2000,-17000,-15000
2012/03/08,0,217000,-9117,207883
2012/03/09,0,150000,0,150000
2012/03/12,0,487000,-1000,486000
2012/03/13,0,155000,-8000,147000
2012/03/14,0,370000,-22000,348000
2012/03/15,0,0,-45000,-45000
2012/03/16,0,17000,-96000,-79000
2012/03/19,0,156100,-1217000,-1060900
2012/03/20,0,10000,-9000,1000
2012/03/21,0,440000,0,440000
2012/03/22,0,220000,0,220000
2012/03/23,0,0,-48000,-48000
2012/03/26,0,0,-480000,-480000
2012/03/27,0,5000,0,5000
2012/03/28,0,20000,-62000,-42000
2012/03/29,0,0,0,0
2012/03/30,0,32000,-2000,30000
2012/04/02,0,80000,-1000,79000
2012/04/03,0,0,0,0
2012/04/04,0,0,0,0
2012/04/05,0,1000,-3437,-2437
2012/04/06,0,7000,-100000,-93000
2012/04/09,0,4000,-105000,-101000
2012/04/10,0,0,0,0
2012/04/11,0,0,0,0
2012/04/12,0,80000,0,80000
2012/04/13,0,182000,0,182000
2012/04/16,0,326000,-670000,-344000
2012/04/17,0,372000,-350000,22000
2012/04/18,0,126000,-109000,17000
2012/04/19,0,691000,-1000,690000
2012/04/20,0,744000,-20000,724000
2012/04/23,0,1000,0,1000
2012/04/24,0,476000,0,476000
2012/04/25,0,714000,-480000,234000
2012/04/26,0,351000,-1000000,-649000
2012/04/27,0,100000,0,100000
2012/04/30,0,93000,-448000,-355000
2012/05/01,0,0,0,0
2012/05/02,0,1379000,0,1379000
2012/05/03,0,521000,-411,520589
2012/05/04,0,840000,-5000,835000
2012/05/07,0,1200000,0,1200000
2012/05/08,0,223000,0,223000
2012/05/09,0,0,0,0
2012/05/10,0,40000,-394000,-354000
2012/05/11,0,326000,0,326000
2012/05/14,0,748000,0,748000
2012/05/15,0,912000,0,912000
2012/05/16,0,205000,-290000,-85000
2012/05/17,0,53000,-164000,-111000
2012/05/18,0,10000,-155000,-145000
2012/05/21,0,295000,0,295000
2012/05/22,0,40000,0,40000
2012/05/23,0,85000,-180000,-95000
2012/05/24,0,0,-165000,-165000
2012/05/25,0,3000,-8000,-5000
2012/05/28,0,0,0,0
2012/05/29,0,322000,0,322000
2012/05/30,0,25645,-270000,-244355
2012/05/31,0,170000,-72000,98000
2012/06/01,0,11000,0,11000
2012/06/04,0,5000,-410000,-405000
2012/06/05,0,11000,0,11000
2012/06/06,0,49000,-56000,-7000
2012/06/07,0,8000,-233000,-225000
2012/06/08,0,206000,0,206000
2012/06/11,0,99000,0,99000
2012/06/12,0,141000,0,141000
2012/06/13,0,97000,0,97000
2012/06/14,0,133000,0,133000
2012/06/15,0,341000,-122000,219000
2012/06/18,0,9000,0,9000
2012/06/19,0,232000,-269000,-37000
2012/06/20,0,29000,-421000,-392000
2012/06/21,0,0,-500,-500
2012/06/22,0,5000,-52000,-47000
2012/06/25,0,149000,-300000,-151000
2012/06/26,0,3723,-639000,-635277
2012/06/27,0,270000,-53000,217000
2012/06/28,0,182000,-384000,-202000
2012/06/29,0,180000,0,180000
2012/07/02,0,142000,-5000,137000
2012/07/03,0,152000,-66000,86000
2012/07/04,0,110000,0,110000
2012/07/05,0,108000,-40000,68000
2012/07/06,0,10000,-30000,-20000
2012/07/09,0,189000,0,189000
2012/07/10,0,410000,0,410000
2012/07/11,0,850000,-22000,828000
2012/07/12,0,80000,-450000,-370000
2012/07/13,0,253000,-62000,191000
2012/07/16,0,20000,-1000,19000
2012/07/17,0,11000,-10000,1000
2012/07/18,0,60000,0,60000
2012/07/19,0,1000,0,1000
2012/07/20,0,62000,0,62000
2012/07/23,0,0,-17000,-17000
2012/07/24,0,1000,-261000,-260000
2012/07/25,0,0,0,0
2012/07/26,0,506000,-21000,485000
2012/07/27,0,22000,-22000,0
2012/07/30,0,0,-127000,-127000
2012/07/31,0,0,-200000,-200000
2012/08/01,0,1000,-530000,-529000
2012/08/02,0,0,0,0
2012/08/03,0,56000,0,56000
2012/08/06,0,13500,0,13500
2012/08/07,0,3000,-61000,-58000
2012/08/08,0,1000,-40000,-39000
2012/08/09,0,41000,-476000,-435000
2012/08/10,0,1500,-5000,-3500
2012/08/13,0,0,-127000,-127000
2012/08/14,0,0,-526000,-526000
2012/08/15,0,7000,-22000,-15000
2012/08/16,0,69000,-42000,27000
2012/08/17,0,79,-918000,-917921
2012/08/20,0,1397500,-36000,1361500
2012/08/21,0,360000,-93000,267000
2012/08/22,0,500000,-91000,409000
2012/08/23,0,3000,-192000,-189000
2012/08/24,0,4000,-118000,-114000
2012/08/27,0,2000,-48000,-46000
2012/08/28,0,335000,-2000,333000
2012/08/29,0,22000,-64000,-42000
2012/08/30,0,12000,-2000,10000
2012/08/31,0,607500,-455000,152500
2012/09/03,0,0,-3000,-3000
2012/09/04,0,60000,0,60000
2012/09/05,0,1000,-2000,-1000
2012/09/06,0,94000,-146000,-52000
2012/09/07,0,513000,-3000,510000
2012/09/10,0,0,-273000,-273000
2012/09/11,0,0,-794000,-794000
2012/09/12,0,2000,-695000,-693000
2012/09/13,0,51000,-150000,-99000
2012/09/14,0,0,0,0
2012/09/17,0,12000,-100000,-88000
2012/09/18,0,11000,-70000,-59000
2012/09/19,0,49000,-1325000,-1276000
2012/09/20,0,60000,-12000,48000
2012/09/21,0,500,-39000,-38500
2012/09/24,0,60000,-53000,7000
2012/09/25,0,0,0,0
2012/09/26,0,0,-34000,-34000
2012/09/27,0,1000,-72397,-71397
2012/09/28,0,62000,0,62000
2012/10/01,0,2000,0,2000
2012/10/02,0,0,-85000,-85000
2012/10/03,0,0,-45000,-45000
2012/10/04,0,0,0,0
2012/10/05,0,0,-1000,-1000
2012/10/08,0,0,-38000,-38000
2012/10/09,0,0,-100000,-100000
2012/10/10,0,0,0,0
2012/10/11,0,3000,-47000,-44000
2012/10/12,0,33000,-336000,-303000
2012/10/15,0,0,-430000,-430000
2012/10/16,0,19000,0,19000
2012/10/17,0,13000,-240000,-227000
2012/10/18,0,53000,-335000,-282000
2012/10/19,0,0,-177000,-177000
2012/10/22,0,0,-25000,-25000
2012/10/23,0,12000,-110000,-98000
2012/10/24,0,0,-94000,-94000
2012/10/25,0,80000,-27000,53000
2012/10/26,0,82000,0,82000
2012/10/29,0,0,-5641,-5641
2012/10/30,0,9000,0,9000
2012/10/31,0,337000,-188000,149000
2012/11/01,0,0,-170000,-170000
2012/11/02,0,51000,-905000,-854000
2012/11/05,0,0,0,0
2012/11/06,0,0,-55000,-55000
2012/11/07,0,0,-908000,-908000
2012/11/08,0,350000,-3000,347000
2012/11/09,0,0,-500,-500
2012/11/12,0,20000,0,20000
2012/11/13,0,1000,0,1000
2012/11/14,0,0,0,0
2012/11/15,0,40000,-9000,31000
2012/11/16,0,11000,-20000,-9000
2012/11/19,0,46000,0,46000
2012/11/20,0,101000,-63000,38000
2012/11/21,0,75000,0,75000
2012/11/22,0,1279000,0,1279000
2012/11/23,0,954000,0,954000
2012/11/26,0,127000,0,127000
2012/11/27,0,212000,-8000,204000
2012/11/28,0,214000,-27000,187000
2012/11/29,0,0,-40000,-40000
2012/11/30,0,0,-2000,-2000
2012/12/03,0,150000,-10000,140000
2012/12/04,0,21000,-1000,20000
2012/12/05,0,13000,-46000,-33000
2012/12/06,0,0,-149000,-149000
2012/12/07,0,0,0,0
2012/12/10,0,8000,-136000,-128000
2012/12/11,0,0,0,0
2012/12/12,0,0,-82000,-82000
2012/12/13,0,42000,-203100,-161100
2012/12/14,0,16000,-20000,-4000
2012/12/17,0,512000,-36000,476000
2012/12/18,0,0,0,0
2012/12/19,0,100000,-15000,85000
2012/12/20,0,0,-77000,-77000
2012/12/21,0,376500,-26000,350500
2012/12/24,0,0,-234000,-234000
2012/12/25,0,0,0,0
2012/12/26,0,0,0,0
2012/12/27,0,0,-156000,-156000
2012/12/28,0,0,-34000,-34000
2012/12/31,0,0,0,0
2013/01/01,0,0,0,0
2013/01/02,0,99000,0,99000
2013/01/03,0,0,-204000,-204000
2013/01/04,0,0,-219000,-219000
2013/01/07,0,46000,-22000,24000
2013/01/08,0,0,-94000,-94000
2013/01/09,0,0,-341000,-341000
2013/01/10,0,21000,-178000,-157000
2013/01/11,0,0,-450000,-450000
2013/01/14,0,0,-284000,-284000
2013/01/15,0,0,-54639,-54639
2013/01/16,0,0,-77000,-77000
2013/01/17,0,38478,-109000,-70522
2013/01/18,0,0,-30000,-30000
2013/01/21,0,0,-115000,-115000
2013/01/22,0,0,-60000,-60000
2013/01/23,0,0,-95000,-95000
2013/01/24,0,106000,-7000,99000
2013/01/25,0,0,-51000,-51000
2013/01/28,0,105000,0,105000
2013/01/29,0,0,-1000,-1000
2013/01/30,0,0,-188000,-188000
2013/01/31,0,10000,-2000,8000
2013/02/01,0,0,0,0
2013/02/04,0,0,-7000,-7000
2013/02/05,0,0,-109000,-109000
2013/02/06,0,1000,-349000,-348000
2013/02/07,0,0,0,0
2013/02/08,0,0,0,0
2013/02/11,0,0,0,0
2013/02/12,0,0,0,0
2013/02/13,0,0,0,0
2013/02/14,0,0,0,0
2013/02/15,0,0,0,0
2013/02/18,0,0,-66000,-66000
2013/02/19,0,0,-3000,-3000
2013/02/20,0,40000,0,40000
2013/02/21,0,0,-4000,-4000
2013/02/22,0,0,-34000,-34000
2013/02/25,0,16000,0,16000
2013/02/26,0,0,-206000,-206000
2013/02/27,0,0,-190000,-190000
2013/02/28,0,0,0,0
2013/03/01,0,0,-146000,-146000
2013/03/04,0,0,0,0
2013/03/05,0,126000,0,126000
2013/03/06,0,32000,-150000,-118000
2013/03/07,0,0,0,0
2013/03/08,0,0,-10000,-10000
2013/03/11,0,0,-74000,-74000
2013/03/12,0,0,-106000,-106000
2013/03/13,0,0,-3000,-3000
2013/03/14,0,725000,-548000,177000
2013/03/15,0,53000,-1459000,-1406000
2013/03/18,0,23000,-5000,18000
2013/03/19,0,493000,-923000,-430000
2013/03/20,0,250000,-2000,248000
2013/03/21,0,162000,-40000,122000
2013/03/22,0,0,-3000,-3000
2013/03/25,0,215000,-65000,150000
2013/03/26,0,0,-313000,-313000
2013/03/27,0,10000,-43000,-33000
2013/03/28,0,0,-60000,-60000
2013/03/29,0,210000,-9000,201000
2013/04/01,0,31000,-62000,-31000
2013/04/02,0,0,-7000,-7000
2013/04/03,0,86000,0,86000
2013/04/04,0,0,0,0
2013/04/05,0,0,0,0
2013/04/08,0,30000,-30000,0
2013/04/09,0,0,-2000,-2000
2013/04/10,0,13000,0,13000
2013/04/11,0,88000,0,88000
2013/04/12,0,0,-1000,-1000
2013/04/15,0,210000,-2000,208000
2013/04/16,0,61000,-83000,-22000
2013/04/17,0,143000,-21000,122000
2013/04/18,0,45000,-132000,-87000
2013/04/19,0,4802,-200000,-195198
2013/04/22,0,0,-20000,-20000
2013/04/23,0,0,-6000,-6000
2013/04/24,0,108000,-1000,107000
2013/04/25,0,225000,-21000,204000
2013/04/26,0,899000,-34000,865000
2013/04/29,0,158000,-9000,149000
2013/04/30,0,125000,-67000,58000
2013/05/01,0,0,0,0
2013/05/02,0,199000,0,199000
2013/05/03,0,338000,-79000,259000
2013/05/06,0,464000,-4000,460000
2013/05/07,0,150000,-71000,79000
2013/05/08,0,50000,0,50000
2013/05/09,0,0,-63000,-63000
2013/05/10,0,18000,-112000,-94000
2013/05/13,0,0,-122000,-122000
2013/05/14,0,0,-1000,-1000
2013/05/15,0,8000,-62000,-54000
2013/05/16,0,10000,-55000,-45000
2013/05/17,0,0,-42000,-42000
2013/05/20,0,446000,-125000,321000
2013/05/21,0,7000,-123000,-116000
2013/05/22,0,0,-16000,-16000
2013/05/23,0,0,-66000,-66000
2013/05/24,0,0,-92000,-92000
2013/05/27,0,0,-29000,-29000
2013/05/28,0,0,-59000,-59000
2013/05/29,0,0,-65000,-65000
2013/05/30,0,32000,-38000,-6000
2013/05/31,0,158000,-18000,140000
2013/06/03,0,0,-221000,-221000
2013/06/04,0,0,-19000,-19000
2013/06/05,0,105000,0,105000
2013/06/06,0,80000,-82000,-2000
2013/06/07,0,180000,-1000,179000
2013/06/10,0,0,0,0
2013/06/11,0,52000,0,52000
2013/06/12,0,0,0,0
2013/06/13,0,77000,-16000,61000
2013/06/14,0,140000,-91000,49000
2013/06/17,0,90000,-240000,-150000
2013/06/18,0,85000,-22000,63000
2013/06/19,0,607000,-1000,606000
2013/06/20,0,38000,-58000,-20000
2013/06/21,0,168000,-32000,136000
2013/06/24,0,475000,0,475000
2013/06/25,0,58000,0,58000
2013/06/26,0,50000,-5000,45000
2013/06/27,0,770000,0,770000
2013/06/28,0,343000,0,343000
2013/07/01,0,99000,-3000,96000
2013/07/02,0,540000,-18000,522000
2013/07/03,0,20000,-21000,-1000
2013/07/04,0,60000,-1000,59000
2013/07/05,0,131000,0,131000
2013/07/08,0,0,0,0
2013/07/09,0,50000,0,50000
2013/07/10,0,468000,0,468000
2013/07/11,0,289651,0,289651
2013/07/12,0,880000,-6000,874000
2013/07/15,0,0,-45000,-45000
2013/07/16,0,130000,-60000,70000
2013/07/17,0,22000,0,22000
2013/07/18,0,51000,-27000,24000
2013/07/19,0,2000,-39000,-37000
2013/07/22,0,0,0,0
2013/07/23,0,71000,0,71000
2013/07/24,0,191000,0,191000
2013/07/25,0,150000,0,150000
2013/07/26,0,70000,-312000,-242000
2013/07/29,0,300000,-1324000,-1024000
2013/07/30,0,592000,-383000,209000
2013/07/31,0,454000,0,454000
2013/08/01,0,114000,0,114000
2013/08/02,0,0,-177000,-177000
2013/08/05,0,72000,0,72000
2013/08/06,0,80000,0,80000
2013/08/07,0,108000,-300000,-192000
2013/08/08,0,0,-50000,-50000
2013/08/09,0,50000,-300000,-250000
2013/08/12,0,159000,-229000,-70000
2013/08/13,0,487000,0,487000
2013/08/14,0,288000,0,288000
2013/08/15,0,700000,-33000,667000
2013/08/16,0,16000,-205000,-189000
2013/08/19,0,152000,-50000,102000
2013/08/20,0,43000,-135000,-92000
2013/08/21,0,0,0,0
2013/08/22,0,870000,-683000,187000
2013/08/23,0,952000,-40000,912000
2013/08/26,0,250000,0,250000
2013/08/27,0,62000,0,62000
2013/08/28,0,4000,0,4000
2013/08/29,0,48000,-140000,-92000
2013/08/30,0,48000,0,48000
2013/09/02,0,117000,-132000,-15000
2013/09/03,0,0,-551834,-551834
2013/09/04,0,18000,-300000,-282000
2013/09/05,0,20000,-2000,18000
2013/09/06,0,20000,-62000,-42000
2013/09/09,0,0,-139000,-139000
2013/09/10,0,0,-2000,-2000
2013/09/11,0,10000,-50000,-40000
2013/09/12,0,0,-20000,-20000
2013/09/13,0,0,-120000,-120000
2013/09/16,0,31000,-12000,19000
2013/09/17,0,0,-107000,-107000
2013/09/18,0,4000,-500000,-496000
2013/09/19,0,0,0,0
2013/09/20,0,0,0,0
2013/09/23,0,875000,0,875000
2013/09/24,0,194000,0,194000
2013/09/25,0,100000,0,100000
2013/09/26,0,14000,-200000,-186000
2013/09/27,0,73000,0,73000
2013/09/30,0,363000,-1000,362000
2013/10/01,0,140000,0,140000
2013/10/02,0,0,-1000,-1000
2013/10/03,0,151000,-309000,-158000
2013/10/04,0,23000,0,23000
2013/10/07,0,304000,-3000,301000
2013/10/08,0,65000,0,65000
2013/10/09,0,35000,0,35000
2013/10/10,0,0,0,0
2013/10/11,0,32000,-90000,-58000
2013/10/14,0,0,-5000,-5000
2013/10/15,0,30000,-25000,5000
2013/10/16,0,0,0,0
2013/10/17,0,49000,0,49000
2013/10/18,0,50000,-32000,18000
2013/10/21,0,0,0,0
2013/10/22,0,10000,-201000,-191000
2013/10/23,0,100000,-4000,96000
2013/10/24,0,0,-17759,-17759
2013/10/25,0,370000,-10000,360000
2013/10/28,0,922000,-16000,906000
2013/10/29,0,80000,-11000,69000
2013/10/30,0,209000,-495000,-286000
2013/10/31,0,125000,0,125000
2013/11/01,0,0,-7000,-7000
2013/11/04,0,0,-22000,-22000
2013/11/05,0,0,-45000,-45000
2013/11/06,0,0,-13000,-13000
2013/11/07,0,369000,-1000,368000
2013/11/08,0,411000,-50000,361000
2013/11/11,0,149000,0,149000
2013/11/12,0,214000,0,214000
2013/11/13,0,81000,0,81000
2013/11/14,0,100000,-50000,50000
2013/11/15,0,102000,-14000,88000
2013/11/18,0,181000,-10000,171000
2013/11/19,0,112000,0,112000
2013/11/20,0,27000,0,27000
2013/11/21,0,99000,-2000,97000
2013/11/22,0,111000,0,111000
2013/11/25,0,132000,-116044,15956
2013/11/26,0,0,-34000,-34000
2013/11/27,0,313000,-191000,122000
2013/11/28,0,66000,-11000,55000
2013/11/29,0,20000,-45000,-25000
2013/12/02,0,145000,0,145000
2013/12/03,0,58000,0,58000
2013/12/04,0,6000,0,6000
2013/12/05,0,62000,-115000,-53000
2013/12/06,0,118000,-25000,93000
2013/12/09,0,60000,-343000,-283000
2013/12/10,0,70000,-261000,-191000
2013/12/11,0,20000,-1000,19000
2013/12/12,0,0,-287000,-287000
2013/12/13,0,7000,-31000,-24000
2013/12/16,0,0,-26000,-26000
2013/12/17,0,437000,-66000,371000
2013/12/18,0,121000,-511000,-390000
2013/12/19,0,182000,0,182000
2013/12/20,0,466000,-75000,391000
2013/12/23,0,386000,-8000,378000
2013/12/24,0,105000,-34000,71000
2013/12/25,0,25000,-7000,18000
2013/12/26,0,0,-215000,-215000
2013/12/27,0,7000,0,7000
2013/12/30,0,9000,-7000,2000
2013/12/31,0,134000,-17000,117000
2014/01/02,0,179000,-3000,176000
2014/01/03,0,0,-136000,-136000
2014/01/06,0,7000,-252000,-245000
2014/01/07,0,20000,0,20000
2014/01/08,0,91000,-80000,11000
2014/01/09,0,0,-460000,-460000
2014/01/10,0,13000,0,13000
2014/01/13,0,10000,-17000,-7000
2014/01/14,0,1000,0,1000
2014/01/15,0,10000,-70000,-60000
2014/01/16,0,89000,0,89000
2014/01/17,0,0,-26000,-26000
2014/01/20,0,0,-1000,-1000
2014/01/21,0,0,-4000,-4000
2014/01/22,0,40000,-25000,15000
2014/01/23,0,0,-115000,-115000
2014/01/24,0,109000,-16000,93000
2014/01/27,0,214000,-57000,157000
2014/02/05,0,126000,0,126000
2014/02/06,0,357000,-432000,-75000
2014/02/07,0,94000,-606000,-512000
2014/02/10,0,236000,-300000,-64000
2014/02/11,0,151000,-36000,115000
2014/02/12,0,138000,-60000,78000
2014/02/13,0,0,-402,-402
2014/02/14,0,0,-162000,-162000
2014/02/17,0,51000,-113000,-62000
2014/02/18,0,0,-190000,-190000
2014/02/19,0,130000,0,130000
2014/02/20,0,200000,-6000,194000
2014/02/21,0,255000,-296000,-41000
2014/02/24,0,0,-258000,-258000
2014/02/25,0,0,-503000,-503000
2014/02/26,0,0,-300000,-300000
2014/02/27,0,0,-127000,-127000
2014/03/03,0,0,-183000,-183000
2014/03/04,0,30000,-63000,-33000
2014/03/05,0,0,-250000,-250000
2014/03/06,0,100000,-24000,76000
2014/03/07,0,0,-22000,-22000
2014/03/10,0,25000,-59000,-34000
2014/03/11,0,10000,-12000,-2000
2014/03/12,0,79000,-15000,64000
2014/03/13,0,603000,-15000,588000
2014/03/14,0,30000,-44000,-14000
2014/03/17,0,223000,-1000,222000
2014/03/18,0,0,-2000,-2000
2014/03/19,0,137000,0,137000
2014/03/20,0,50000,0,50000
2014/03/21,0,72000,-40000,32000
2014/03/24,0,28000,0,28000
2014/03/25,0,0,-102000,-102000
2014/03/26,0,0,-95000,-95000
2014/03/27,0,0,-193000,-193000
2014/03/28,0,0,-72000,-72000
2014/03/31,0,0,-110000,-110000
2014/04/01,0,0,-19000,-19000
2014/04/02,0,26000,-11000,15000
2014/04/03,0,0,-38000,-38000
2014/04/07,0,0,-149000,-149000
2014/04/08,0,0,-97000,-97000
2014/04/09,0,0,-17000,-17000
2014/04/10,0,4233,-167000,-162767
2014/04/11,0,500000,-148000,352000
2014/04/14,0,9000,-400000,-391000
2014/04/15,0,155000,-3000,152000
2014/04/16,0,0,-1000,-1000
2014/04/17,0,0,-4000,-4000
2014/04/18,0,12000,-66000,-54000
2014/04/21,0,30000,-9000,21000
2014/04/22,0,0,-51000,-51000
2014/04/23,0,70000,-545000,-475000
2014/04/24,0,0,-8000,-8000
2014/04/25,0,30000,-13000,17000
2014/04/28,0,0,0,0
2014/04/29,0,235000,0,235000
2014/04/30,0,222000,-5000,217000
2014/05/02,0,83000,0,83000
2014/05/05,0,0,-276000,-276000
2014/05/06,0,0,-15000,-15000
2014/05/07,0,99000,-16000,83000
2014/05/08,0,107000,-4000,103000
2014/05/09,0,0,-85000,-85000
2014/05/12,0,198000,-4000,194000
2014/05/13,0,1000,-225000,-224000
2014/05/14,0,0,0,0
2014/05/15,0,42000,0,42000
2014/05/16,0,64000,-19000,45000
2014/05/19,0,0,-1000,-1000
2014/05/20,0,87000,0,87000
2014/05/21,0,0,0,0
2014/05/22,0,100000,-2000,98000
2014/05/23,0,68000,-286000,-218000
2014/05/26,0,161000,-2000,159000
2014/05/27,0,0,-19000,-19000
2014/05/28,0,0,-1000,-1000
2014/05/29,0,15000,-10000,5000
2014/05/30,0,23000,-11000,12000
2014/06/03,0,12000,-11000,1000
2014/06/04,0,0,-27000,-27000
2014/06/05,0,0,-99000,-99000
2014/06/06,0,1000,-67000,-66000
2014/06/09,0,62000,-22000,40000
2014/06/10,0,27000,-32000,-5000
2014/06/11,0,17000,-11000,6000
2014/06/12,0,1000,-94000,-93000
2014/06/13,0,0,-57000,-57000
2014/06/16,0,59000,-51000,8000
2014/06/17,0,0,-143000,-143000
2014/06/18,0,61000,-45000,16000
2014/06/19,0,185000,-5000,180000
2014/06/20,0,137000,-258450,-121450
2014/06/23,0,220000,-30000,190000
2014/06/24,0,164000,-53000,111000
2014/06/25,0,35000,-2000,33000
2014/06/26,0,63000,-13000,50000
2014/06/27,0,14000,-14000,0
2014/06/30,0,15000,-31000,-16000
2014/07/01,0,51000,-113000,-62000
2014/07/02,0,69000,-227461,-158461
2014/07/03,0,119000,-82000,37000
2014/07/04,0,65000,-129000,-64000
2014/07/07,0,98000,-6000,92000
2014/07/08,0,13000,-13000,0
2014/07/09,0,14000,-13000,1000
2014/07/10,0,64000,-6000,58000
2014/07/11,0,10000,-95000,-85000
2014/07/14,0,36000,-5000,31000
2014/07/15,0,1000,-17000,-16000
2014/07/16,0,156000,-4000,152000
2014/07/17,0,13000,-14000,-1000
2014/07/18,0,2000,-200000,-198000
2014/07/21,0,15000,0,15000
2014/07/22,0,9000,-19000,-10000
2014/07/23,0,0,0,0
2014/07/24,0,4000,-1000,3000
2014/07/25,0,3000,0,3000
2014/07/28,0,135000,-155000,-20000
2014/07/29,0,260000,0,260000
2014/07/30,0,405000,-22000,383000
2014/07/31,0,23000,0,23000
2014/08/01,0,14000,-631000,-617000
2014/08/04,0,93000,-1000,92000
2014/08/05,0,339000,-108000,231000
2014/08/06,0,6000,0,6000
2014/08/07,0,398000,0,398000
2014/08/08,0,163000,0,163000
2014/08/11,0,9000,0,9000
2014/08/12,0,148000,-42000,106000
2014/08/13,0,12000,0,12000
2014/08/14,0,8000,0,8000
2014/08/15,0,4000,-7000,-3000
2014/08/18,0,1000,-13000,-12000
2014/08/19,0,73000,-23000,50000
2014/08/20,0,31000,0,31000
2014/08/21,0,128000,0,128000
2014/08/22,0,93000,0,93000
2014/08/25,0,0,-9000,-9000
2014/08/26,0,1500,-35000,-33500
2014/08/27,0,209000,0,209000
2014/08/28,0,81000,0,81000
2014/08/29,0,169000,0,169000
2014/09/01,0,308000,0,308000
2014/09/02,0,369000,0,369000
2014/09/03,0,371000,0,371000
2014/09/04,0,695000,0,695000
2014/09/05,0,157000,-150000,7000
2014/09/09,0,90000,0,90000
2014/09/10,0,197000,0,197000
2014/09/11,0,114000,-310000,-196000
2014/09/12,0,235000,0,235000
2014/09/15,0,172000,0,172000
2014/09/16,0,198000,-55000,143000
2014/09/17,0,156000,0,156000
2014/09/18,0,0,-174000,-174000
2014/09/19,0,202600,-44000,158600
2014/09/22,0,137413,-169000,-31587
2014/09/23,0,269000,-14000,255000
2014/09/24,0,214000,0,214000
2014/09/25,0,30000,-323000,-293000
2014/09/26,0,403000,0,403000
2014/09/29,0,168000,-2000,166000
2014/09/30,0,160000,-133000,27000
2014/10/01,0,40000,0,40000
2014/10/02,0,243000,-39000,204000
2014/10/03,0,86000,-376000,-290000
2014/10/06,0,23000,-292000,-269000
2014/10/07,0,1000,-46000,-45000
2014/10/08,0,2000,-233000,-231000
2014/10/09,0,210000,-99000,111000
2014/10/13,0,108000,0,108000
2014/10/14,0,281500,0,281500
2014/10/15,0,50000,-48000,2000
2014/10/16,0,100000,-5000,95000
2014/10/17,0,348000,-82000,266000
2014/10/20,0,0,0,0
2014/10/21,0,5000,-27000,-22000
2014/10/22,0,0,0,0
2014/10/23,0,8000,0,8000
2014/10/24,0,11000,0,11000
2014/10/27,0,21000,-51000,-30000
2014/10/28,0,18000,-29000,-11000
2014/10/29,0,90000,-9000,81000
2014/10/30,0,124000,-1060000,-936000
2014/10/31,0,0,-293019,-293019
2014/11/03,0,2000,-313000,-311000
2014/11/04,0,0,-324000,-324000
2014/11/05,0,104000,-977000,-873000
2014/11/06,0,70000,-262000,-192000
2014/11/07,0,0,-898000,-898000
2014/11/10,0,73000,-106000,-33000
2014/11/11,0,32000,-203000,-171000
2014/11/12,0,7000,-96000,-89000
2014/11/13,0,10000,0,10000
2014/11/14,0,10000,-159000,-149000
2014/11/17,0,10000,-131000,-121000
2014/11/18,0,68000,-6000,62000
2014/11/19,0,113000,-389000,-276000
2014/11/20,0,16000,-427000,-411000
2014/11/21,0,316000,-82000,234000
2014/11/24,0,504000,-54000,450000
2014/11/25,0,33000,-100000,-67000
2014/11/26,0,131000,-472000,-341000
2014/11/27,0,170000,-36000,134000
2014/11/28,0,159000,-64000,95000
2014/12/01,0,0,-85000,-85000
2014/12/02,0,50000,-113000,-63000
2014/12/03,0,188000,-108241,79759
2014/12/04,0,62000,0,62000
2014/12/05,0,11000,-22000,-11000
2014/12/08,0,25000,-138000,-113000
2014/12/09,0,174000,-136000,38000
2014/12/10,0,107000,-110000,-3000
2014/12/11,0,25000,-5241,19759
2014/12/12,0,29000,-3000,26000
2014/12/15,0,10000,-248000,-238000
2014/12/16,0,103000,-62000,41000
2014/12/17,0,3000,0,3000
2014/12/18,0,41000,-5000,36000
2014/12/19,0,166000,0,166000
2014/12/22,0,21000,0,21000
2014/12/23,0,2000,0,2000
2014/12/24,0,18000,-38000,-20000
2014/12/25,0,196000,-1316000,-1120000
2014/12/26,0,0,-340000,-340000
2014/12/29,0,5000,-38000,-33000
2014/12/30,0,19000,-20000,-1000
2014/12/31,0,0,-12000,-12000
2015/01/01,0,0,0,0
2015/01/02,0,0,0,0
2015/01/05,0,30000,-61000,-31000
2015/01/06,0,0,-493000,-493000
2015/01/07,0,0,-176000,-176000
2015/01/08,0,0,-185000,-185000
2015/01/09,0,16000,-87000,-71000
2015/01/12,0,0,-49000,-49000
2015/01/13,0,0,-715000,-715000
2015/01/14,0,0,-134000,-134000
2015/01/15,0,287000,-138000,149000
2015/01/16,0,0,-324000,-324000
2015/01/19,0,0,-314000,-314000
2015/01/20,0,0,-197000,-197000
2015/01/21,0,0,-65000,-65000
2015/01/22,0,8000,-16000,-8000
2015/01/23,0,575000,-21000,554000
2015/01/26,0,514000,-96000,418000
2015/01/27,0,0,-165000,-165000
2015/01/28,0,0,-61000,-61000
2015/01/29,0,0,-338000,-338000
2015/01/30,0,24000,-74000,-50000
2015/02/02,0,14000,-74000,-60000
2015/02/03,0,30000,-54000,-24000
2015/02/04,0,70000,0,70000
2015/02/05,0,20000,-20000,0
2015/02/06,0,0,-30000,-30000
2015/02/09,0,0,-75000,-75000
2015/02/10,0,0,-3000,-3000
2015/02/11,0,0,0,0
2015/02/12,0,15000,0,15000
2015/02/13,0,16000,-228000,-212000
2015/02/16,0,0,0,0
2015/02/17,0,0,0,0
2015/02/18,0,0,0,0
2015/02/19,0,0,0,0
2015/02/20,0,0,0,0
2015/02/23,0,0,0,0
2015/02/24,0,207000,-67000,140000
2015/02/25,0,0,-20000,-20000
2015/02/26,0,80000,-330000,-250000
2015/02/27,0,0,0,0
2015/03/02,0,9000,-375000,-366000
2015/03/03,0,40000,-727000,-687000
2015/03/04,0,16000,-30000,-14000
2015/03/05,0,123000,-201000,-78000
2015/03/06,0,92000,-6000,86000
2015/03/09,0,39000,-13000,26000
2015/03/10,0,0,-10000,-10000
2015/03/11,0,0,-60000,-60000
2015/03/12,0,0,-340156,-340156
2015/03/13,0,0,-71000,-71000
2015/03/16,0,0,-3000,-3000
2015/03/17,0,5000,-2000,3000
2015/03/18,0,0,0,0
2015/03/19,0,15000,-1000,14000
2015/03/20,0,1000,-29000,-28000
2015/03/23,0,0,-20000,-20000
2015/03/24,0,0,-14000,-14000
2015/03/25,0,0,-18000,-18000
2015/03/26,0,0,-57000,-57000
2015/03/27,0,0,-58000,-58000
2015/03/30,0,17000,0,17000
2015/03/31,0,10000,-4000,6000
2015/04/01,0,0,0,0
2015/04/02,0,0,-255000,-255000
2015/04/03,0,0,0,0
2015/04/06,0,0,0,0
2015/04/07,0,0,-224000,-224000
2015/04/08,0,5000,-428000,-423000
2015/04/09,0,0,-199000,-199000
2015/04/10,0,0,-333000,-333000
2015/04/13,0,0,-28000,-28000
2015/04/14,0,0,-66000,-66000
2015/04/15,0,3000,-52000,-49000
2015/04/16,0,0,-28000,-28000
2015/04/17,0,0,-8000,-8000
2015/04/20,0,0,-19000,-19000
2015/04/21,0,0,-42000,-42000
2015/04/22,0,0,-79000,-79000
2015/04/23,0,2000,-207000,-205000
2015/04/24,0,4000,-136000,-132000
2015/04/27,0,56000,-162000,-106000
2015/04/28,0,165000,-154000,11000
2015/04/29,0,40000,-291000,-251000
2015/04/30,0,522000,-362000,160000
2015/05/01,0,0,0,0
2015/05/04,0,0,-2000,-2000
2015/05/05,0,0,-197000,-197000
2015/05/06,0,0,-234000,-234000
2015/05/07,0,0,-157000,-157000
2015/05/08,0,0,0,0
2015/05/11,0,1000,-123000,-122000
2015/05/12,0,50000,-69000,-19000
2015/05/13,0,10000,0,10000
2015/05/14,0,13000,-876000,-863000
2015/05/15,0,0,-197000,-197000
2015/05/18,0,10000,-183000,-173000
2015/05/19,0,26000,-278000,-252000
2015/05/20,0,0,-252000,-252000
2015/05/21,0,15000,-303000,-288000
2015/05/22,0,11000,-153000,-142000
2015/05/25,0,0,-136000,-136000
2015/05/26,0,0,-50000,-50000
2015/05/27,0,0,0,0
2015/05/28,0,40000,-16000,24000
2015/05/29,0,18000,-3000,15000
2015/06/01,0,0,-13000,-13000
2015/06/02,0,0,0,0
2015/06/03,0,90000,-100000,-10000
2015/06/04,0,0,-101059,-101059
2015/06/05,0,5000,-2000,3000
2015/06/08,0,0,-102000,-102000
2015/06/09,0,3000,-150000,-147000
2015/06/10,0,0,-400000,-400000
2015/06/11,0,20000,-85000,-65000
2015/06/12,0,0,-320000,-320000
2015/06/15,0,26000,-265000,-239000
2015/06/16,0,65000,0,65000
2015/06/17,0,0,0,0
2015/06/18,0,40000,-2000,38000
2015/06/19,0,0,0,0
2015/06/22,0,20000,-8000,12000
2015/06/23,0,21000,-25000,-4000
2015/06/24,0,0,-17000,-17000
2015/06/25,0,25000,-101000,-76000
2015/06/26,0,0,0,0
2015/06/29,0,0,-49000,-49000
2015/06/30,0,237000,0,237000
2015/07/01,0,0,-3000,-3000
2015/07/02,0,30000,-78000,-48000
2015/07/03,0,0,-8000,-8000
2015/07/06,0,21000,-62000,-41000
2015/07/07,0,0,0,0
2015/07/08,0,0,0,0
2015/07/09,0,0,-39000,-39000
2015/07/10,0,0,0,0
2015/07/13,0,0,-25000,-25000
2015/07/14,0,0,-418000,-418000
2015/07/15,0,338000,0,338000
2015/07/16,0,30000,0,30000
2015/07/17,0,0,0,0
2015/07/20,0,0,-362000,-362000
2015/07/21,0,0,0,0
2015/07/22,0,0,0,0
2015/07/23,0,105000,0,105000
2015/07/24,0,60000,0,60000
2015/07/27,0,19000,-47000,-28000
2015/07/28,0,35000,0,35000
2015/07/29,0,69000,0,69000
2015/07/30,0,43000,-88000,-45000
2015/07/31,0,21000,-140000,-119000
2015/08/03,0,51000,-57000,-6000
2015/08/04,0,29000,0,29000
2015/08/05,0,22000,-54000,-32000
2015/08/06,0,102000,-37000,65000
2015/08/07,0,67000,-25000,42000
2015/08/10,0,25000,-23000,2000
2015/08/11,0,91000,-64000,27000
2015/08/12,0,82000,-45000,37000
2015/08/13,0,7000,-2000,5000
2015/08/14,0,203000,-32000,171000
2015/08/17,0,8000,0,8000
2015/08/18,0,15000,-24000,-9000
2015/08/19,0,0,-31000,-31000
2015/08/20,0,146000,0,146000
2015/08/21,0,59000,-1000,58000
2015/08/24,0,52000,-40000,12000
2015/08/25,0,188626,-67000,121626
2015/08/26,0,82000,-39000,43000
2015/08/27,0,0,-22000,-22000
2015/08/28,0,0,0,0
2015/08/31,0,5000,-19000,-14000
2015/09/01,0,76000,-25000,51000
2015/09/02,0,135000,-171000,-36000
2015/09/03,0,259000,-3000,256000
2015/09/04,0,104000,-1000,103000
2015/09/07,0,232000,0,232000
2015/09/08,0,200000,0,200000
2015/09/09,0,307000,-10000,297000
2015/09/10,0,225000,-62000,163000
2015/09/11,0,37000,-387000,-350000
2015/09/14,0,137000,-13000,124000
2015/09/15,0,501000,-20000,481000
2015/09/16,0,376000,-110000,266000
2015/09/17,0,67000,0,67000
2015/09/18,0,45000,-149000,-104000
2015/09/21,0,489000,-75000,414000
2015/09/22,0,84691,-1000,83691
2015/09/23,0,234000,0,234000
2015/09/24,0,21000,0,21000
2015/09/25,0,113000,0,113000
2015/09/28,0,0,0,0
2015/09/29,0,0,0,0
2015/09/30,0,0,-30000,-30000
2015/10/01,0,3000,-13000,-10000
2015/10/02,0,34000,0,34000
2015/10/05,0,4000,0,4000
2015/10/06,0,10000,0,10000
2015/10/07,0,14000,0,14000
2015/10/08,0,247000,0,247000
2015/10/09,0,0,0,0
2015/10/12,0,532000,0,532000
2015/10/13,0,199000,0,199000
2015/10/14,0,194000,0,194000
2015/10/15,0,0,-28000,-28000
2015/10/16,0,173000,0,173000
2015/10/19,0,8000,0,8000
2015/10/20,0,161000,-23000,138000
2015/10/21,0,50000,0,50000
2015/10/22,0,18000,-25000,-7000
2015/10/23,0,0,-60000,-60000
2015/10/26,0,615000,-2000,613000
2015/10/27,0,548000,-8000,540000
2015/10/28,0,686000,0,686000
2015/10/29,0,326000,-15000,311000
2015/10/30,0,159000,0,159000
2015/11/02,0,84000,0,84000
2015/11/03,0,103000,0,103000
2015/11/04,0,623000,0,623000
2015/11/05,0,1000,-24000,-23000
2015/11/06,0,0,0,0
2015/11/09,0,36000,-14000,22000
2015/11/10,0,392000,0,392000
2015/11/11,0,53000,0,53000
2015/11/12,0,76000,0,76000
2015/11/13,0,6000,0,6000
2015/11/16,0,26000,0,26000
2015/11/17,0,0,0,0
2015/11/18,0,3000,0,3000
2015/11/19,0,0,-775000,-775000
2015/11/20,0,9000,-2000,7000
2015/11/23,0,25000,-198000,-173000
2015/11/24,0,33000,0,33000
2015/11/25,0,50000,0,50000
2015/11/26,0,0,-99000,-99000
2015/11/27,0,0,-54000,-54000
2015/11/30,0,145000,-239000,-94000
2015/12/01,0,2000,0,2000
2015/12/02,0,151000,0,151000
2015/12/03,0,131000,-36000,95000
2015/12/04,0,0,-280000,-280000
2015/12/07,0,0,-43000,-43000
2015/12/08,0,0,0,0
2015/12/09,0,0,-3000,-3000
2015/12/10,0,100000,-22000,78000
2015/12/11,0,0,0,0
2015/12/14,0,803,-15000,-14197
2015/12/15,0,0,-330000,-330000
2015/12/16,0,0,0,0
2015/12/17,0,0,-10000,-10000
2015/12/18,0,0,-9000,-9000
2015/12/21,0,0,-170000,-170000
2015/12/22,0,1000,-164000,-163000
2015/12/23,0,0,-26000,-26000
2015/12/24,0,0,-1000,-1000
2015/12/25,0,0,-100000,-100000
2015/12/28,0,10000,-50000,-40000
2015/12/29,0,4000,-229000,-225000
2015/12/30,0,0,-36000,-36000
2015/12/31,0,700000,-91000,609000
2016/01/01,0,0,0,0
2016/01/04,0,95000,-651000,-556000
2016/01/05,0,0,-860000,-860000
2016/01/06,0,0,-64721,-64721
2016/01/07,0,0,-189000,-189000
2016/01/08,0,0,-265465,-265465
2016/01/11,0,0,-235363,-235363
2016/01/12,0,0,-177478,-177478
2016/01/13,0,44000,0,44000
2016/01/14,0,43000,-805246,-762246
2016/01/15,0,0,-1172000,-1172000
2016/01/18,0,0,-427332,-427332
2016/01/19,0,365000,-274000,91000
2016/01/20,0,0,-421913,-421913
2016/01/21,0,394000,-342232,51768
2016/01/22,0,0,-106000,-106000
2016/01/25,0,48000,-30000,18000
2016/01/26,0,22000,-115251,-93251
2016/01/27,0,14000,-505938,-491938
2016/01/28,0,0,-10000,-10000
2016/01/29,0,3000,0,3000
2016/02/01,0,0,-171000,-171000
2016/02/02,0,0,-165174,-165174
2016/02/03,0,0,-195000,-195000
2016/02/04,0,0,0,0
2016/02/05,0,0,0,0
2016/02/08,0,0,0,0
2016/02/09,0,0,0,0
2016/02/10,0,0,0,0
2016/02/11,0,0,0,0
2016/02/12,0,0,0,0
2016/02/15,0,2000,-4250,-2250
2016/02/16,0,6000,0,6000
2016/02/17,0,8000,-45000,-37000
2016/02/18,0,0,-152000,-152000
2016/02/19,0,3000,0,3000
2016/02/22,0,3000,0,3000
2016/02/23,0,0,-295257,-295257
2016/02/24,0,0,-658963,-658963
2016/02/25,0,0,-286346,-286346
2016/02/26,0,48000,-76568,-28568
2016/02/29,0,0,0,0
2016/03/01,0,0,-196,-196
2016/03/02,0,0,-577,-577
2016/03/03,0,0,-10000,-10000
2016/03/04,0,0,0,0
2016/03/07,0,0,-97000,-97000
2016/03/08,0,0,0,0
2016/03/09,0,0,-72000,-72000
2016/03/10,0,125000,-1000,124000
2016/03/11,0,160000,0,160000
2016/03/14,0,16000,0,16000
2016/03/15,0,0,-1000,-1000
2016/03/16,0,0,0,0
2016/03/17,0,0,-29000,-29000
2016/03/18,0,299000,0,299000
2016/03/21,0,0,-5000,-5000
2016/03/22,0,0,-280000,-280000
2016/03/23,0,0,0,0
2016/03/24,0,7000,0,7000
2016/03/25,0,0,-25000,-25000
2016/03/28,0,3000,-100000,-97000
2016/03/29,0,0,0,0
2016/03/30,0,0,0,0
2016/03/31,0,16000,0,16000
2016/04/01,0,0,0,0
2016/04/04,0,0,0,0
2016/04/05,0,0,0,0
2016/04/06,0,0,0,0
2016/04/07,0,0,-65000,-65000
2016/04/08,0,0,0,0
2016/04/11,0,0,0,0
2016/04/12,0,28957,0,28957
2016/04/13,0,30000,-19000,11000
2016/04/14,0,30000,-7000,23000
2016/04/15,0,0,-31000,-31000
2016/04/18,0,2062000,0,2062000
2016/04/19,0,455000,-3000,452000
2016/04/20,0,0,-1000,-1000
2016/04/21,0,49000,0,49000
2016/04/22,0,750000,0,750000
2016/04/25,0,923000,0,923000
2016/04/26,0,442000,0,442000
2016/04/27,0,7000,0,7000
2016/04/28,0,90000,-8000,82000
2016/04/29,0,98000,-62000,36000
2016/05/02,0,0,0,0
2016/05/03,0,136000,0,136000
2016/05/04,0,0,-74000,-74000
2016/05/05,0,75000,-77000,-2000
2016/05/06,0,0,0,0
2016/05/09,0,50000,0,50000
2016/05/10,0,160,0,160
2016/05/11,0,0,0,0
2016/05/12,0,0,0,0
2016/05/13,0,8000,-10000,-2000
2016/05/16,0,0,0,0
2016/05/17,0,0,0,0
2016/05/18,0,0,-526000,-526000
2016/05/19,0,0,-7000,-7000
2016/05/20,0,0,-156100,-156100
2016/05/23,0,7000,-54000,-47000
2016/05/24,0,0,-3000,-3000
2016/05/25,0,40000,0,40000
2016/05/26,0,15000,-2000,13000
2016/05/27,0,0,0,0
2016/05/30,0,1000,0,1000
2016/05/31,0,35000,-1000,34000
2016/06/01,0,0,0,0
2016/06/02,0,4000,0,4000
2016/06/03,0,1000,0,1000
2016/06/06,0,2000,-21000,-19000
2016/06/07,0,0,-50000,-50000
2016/06/08,0,425000,0,425000
2016/06/09,0,0,0,0
2016/06/10,0,0,0,0
2016/06/13,0,121000,-98000,23000
2016/06/14,0,100000,0,100000
2016/06/15,0,560000,0,560000
2016/06/16,0,200000,-15000,185000
2016/06/17,0,101000,-65000,36000
2016/06/20,0,204000,-4000,200000
2016/06/21,0,288000,-194000,94000
2016/06/22,0,362000,0,362000
2016/06/23,0,350000,0,350000
2016/06/24,0,20000,-1000,19000
2016/06/27,0,625000,-16000,609000
2016/06/28,0,387000,0,387000
2016/06/29,0,307000,0,307000
2016/06/30,0,250000,-193000,57000
2016/07/01,0,205000,0,205000
2016/07/04,0,661000,-20000,641000
2016/07/05,0,94000,-19000,75000
2016/07/06,0,175000,-19000,156000
2016/07/07,0,128000,-6000,122000
2016/07/08,0,0,0,0
2016/07/11,0,71000,-100000,-29000
2016/07/12,0,485000,-90000,395000
2016/07/13,0,0,-105000,-105000
2016/07/14,0,27000,-114000,-87000
2016/07/15,0,380000,0,380000
2016/07/18,0,2000,-27000,-25000
2016/07/19,0,56000,-1000,55000
2016/07/20,0,75000,-63000,12000
2016/07/21,0,35000,-16000,19000
2016/07/22,0,32000,-47000,-15000
2016/07/25,0,90000,-138000,-48000
2016/07/26,0,29000,-39000,-10000
2016/07/27,0,200000,-2000,198000
2016/07/28,0,5000,-22000,-17000
2016/07/29,0,15176,-284000,-268824
2016/08/01,0,319000,-60000,259000
2016/08/02,0,566000,-17000,549000
2016/08/03,0,264000,-18000,246000
2016/08/04,0,93000,-3000,90000
2016/08/05,0,0,-45000,-45000
2016/08/08,0,1000,-6000,-5000
2016/08/09,0,0,0,0
2016/08/10,0,0,0,0
2016/08/11,0,99000,-1000,98000
2016/08/12,0,250000,-625000,-375000
2016/08/15,0,0,-36000,-36000
2016/08/16,0,70000,-11000,59000
2016/08/17,0,0,-252000,-252000
2016/08/18,0,0,-11000,-11000
2016/08/19,0,7000,-558000,-551000
2016/08/22,0,0,-355000,-355000
2016/08/23,0,0,-1000,-1000
2016/08/24,0,0,-34000,-34000
2016/08/25,0,29000,-265000,-236000
2016/08/26,0,141000,-301000,-160000
2016/08/29,0,0,-572000,-572000
2016/08/30,0,15000,-476000,-461000
2016/08/31,0,0,-135000,-135000
2016/09/01,0,45000,-340000,-295000
2016/09/02,0,27000,-100000,-73000
2016/09/05,0,0,-28000,-28000
2016/09/06,0,0,0,0
2016/09/07,0,11000,-20000,-9000
2016/09/08,0,62000,-2000,60000
2016/09/09,0,1000,-115000,-114000
2016/09/12,0,0,-539000,-539000
2016/09/13,0,96000,-198000,-102000
2016/09/14,0,48000,-116000,-68000
2016/09/15,0,0,0,0
2016/09/16,0,0,0,0
2016/09/19,0,0,-829000,-829000
2016/09/20,0,15000,-644000,-629000
2016/09/21,0,0,-393000,-393000
2016/09/22,0,0,0,0
2016/09/23,0,6000,-26997,-20997
2016/09/26,0,0,0,0
2016/09/27,0,0,0,0
2016/09/28,0,0,0,0
2016/09/29,0,5000,0,5000
2016/09/30,0,73890,0,73890
2016/10/03,0,10000,-34000,-24000
2016/10/04,0,14000,-30000,-16000
2016/10/05,0,0,-50000,-50000
2016/10/06,0,4000,-28000,-24000
2016/10/07,0,1000,-34000,-33000
2016/10/10,0,0,0,0
2016/10/11,0,0,-16000,-16000
2016/10/12,0,16000,-3000,13000
2016/10/13,0,1000,-500000,-499000
2016/10/14,0,2000,0,2000
2016/10/17,0,0,-508452,-508452
2016/10/18,0,40000,0,40000
2016/10/19,0,8000,-137000,-129000
2016/10/20,0,2000,0,2000
2016/10/21,0,10000,-50000,-40000
2016/10/24,0,0,-15000,-15000
2016/10/25,0,14000,0,14000
2016/10/26,0,0,0,0
2016/10/27,0,14000,0,14000
2016/10/28,0,267000,-2000,265000
2016/10/31,0,10000,-1000,9000
2016/11/01,0,10000,-1000,9000
2016/11/02,0,0,-31154,-31154
2016/11/03,0,112000,0,112000
2016/11/04,0,0,0,0
2016/11/07,0,30000,-5000,25000
2016/11/08,0,0,0,0
2016/11/09,0,47000,0,47000
2016/11/10,0,225000,-19000,206000
2016/11/11,0,190000,-187004,2996
2016/11/14,0,0,-63000,-63000
2016/11/15,0,15000,-15000,0
2016/11/16,0,0,-38,-38
2016/11/17,0,5000,0,5000
2016/11/18,0,5000,0,5000
2016/11/21,0,0,0,0
2016/11/22,0,41000,0,41000
2016/11/23,0,191000,-95000,96000
2016/11/24,0,219000,0,219000
2016/11/25,0,22000,-50000,-28000
2016/11/28,0,0,0,0
2016/11/29,0,500000,-24000,476000
2016/11/30,0,11000,-29000,-18000
2016/12/01,0,15000,-327000,-312000
2016/12/02,0,200000,-500000,-300000
2016/12/05,0,210000,-566000,-356000
2016/12/06,0,0,-59000,-59000
2016/12/07,0,8000,-8000,0
2016/12/08,0,57000,0,57000
2016/12/09,0,4000,0,4000
2016/12/12,0,10000,-34000,-24000
2016/12/13,0,0,0,0
2016/12/14,0,58000,0,58000
2016/12/15,0,392000,0,392000
2016/12/16,0,200000,-9000,191000
2016/12/19,0,123000,-13000,110000
2016/12/20,0,105000,0,105000
2016/12/21,0,0,-14000,-14000
2016/12/22,0,0,-164000,-164000
2016/12/23,0,0,-9000,-9000
2016/12/26,0,28000,0,28000
2016/12/27,0,0,-42000,-42000
2016/12/28,0,0,-81000,-81000
2016/12/29,0,2000,-96000,-94000
2016/12/30,0,10000,0,10000
2017/01/02,0,0,0,0
2017/01/03,0,0,-210000,-210000
2017/01/04,0,0,-16000,-16000
2017/01/05,0,133000,-40000,93000
2017/01/06,0,194000,-5000,189000
2017/01/09,0,50000,0,50000
2017/01/10,0,80000,0,80000
2017/01/11,0,407000,-16000,391000
2017/01/12,0,510000,0,510000
2017/01/13,0,982000,-48000,934000
2017/01/16,0,382000,0,382000
2017/01/17,0,0,0,0
2017/01/18,0,104000,0,104000
2017/01/19,0,164000,-17000,147000
2017/01/20,0,153000,0,153000
2017/01/23,0,213226,0,213226
2017/01/24,0,73000,0,73000
2017/01/25,0,0,0,0
2017/01/26,0,0,0,0
2017/01/27,0,0,0,0
2017/01/30,0,0,0,0
2017/01/31,0,0,0,0
2017/02/01,0,0,0,0
2017/02/02,0,217000,-7000,210000
2017/02/03,0,139000,0,139000
2017/02/06,0,245000,-10000,235000
2017/02/07,0,65000,-87000,-22000
2017/02/08,0,74000,-10000,64000
2017/02/09,0,12000,-38000,-26000
2017/02/10,0,47000,-147000,-100000
2017/02/13,0,215000,-15000,200000
2017/02/14,0,0,0,0
2017/02/15,0,9000,0,9000
2017/02/16,0,0,-526000,-526000
2017/02/17,0,0,-100251,-100251
2017/02/20,0,100000,0,100000
2017/02/21,0,15000,0,15000
2017/02/22,0,0,-76000,-76000
2017/02/23,0,7000,-54000,-47000
2017/02/24,0,0,0,0
2017/02/27,0,0,0,0
2017/02/28,0,0,0,0
2017/03/01,0,0,-100000,-100000
2017/03/02,0,0,-106000,-106000
2017/03/03,0,35000,-39000,-4000
2017/03/06,0,0,-3000,-3000
2017/03/07,0,155000,-530000,-375000
2017/03/08,0,15000,-4000,11000
2017/03/09,0,0,-327000,-327000
2017/03/10,0,65000,0,65000
2017/03/13,0,172000,0,172000
2017/03/14,0,134000,-503000,-369000
2017/03/15,0,3000,-15000,-12000
2017/03/16,0,0,0,0
2017/03/17,0,3000,-61000,-58000
2017/03/20,0,0,-111000,-111000
2017/03/21,0,0,-24000,-24000
2017/03/22,0,1000,-86000,-85000
2017/03/23,0,0,-43000,-43000
2017/03/24,0,0,-29327,-29327
2017/03/27,0,3000,-1000,2000
2017/03/28,0,0,-73000,-73000
2017/03/29,0,102798,0,102798
2017/03/30,0,3694,-6000,-2306
2017/03/31,0,7903,0,7903
2017/04/03,0,0,0,0
2017/04/04,0,0,0,0
2017/04/05,0,2634,0,2634
2017/04/06,0,0,-125000,-125000
2017/04/07,0,137000,-45045,91955
2017/04/10,0,100000,-33000,67000
2017/04/11,0,68000,-60000,8000
2017/04/12,0,20000,-15000,5000
2017/04/13,0,18000,0,18000
2017/04/14,0,10000,-6000,4000
2017/04/17,0,20000,0,20000
2017/04/18,0,179000,0,179000
2017/04/19,0,122633,-50000,72633
2017/04/20,0,0,-5000,-5000
2017/04/21,0,97000,0,97000
2017/04/24,0,50000,0,50000
2017/04/25,0,47000,-63,46937
2017/04/26,0,194000,-7000,187000
2017/04/27,0,78000,-17000,61000
2017/04/28,0,502000,-14000,488000
2017/05/01,0,0,0,0
2017/05/02,0,229000,-6000,223000
2017/05/03,0,200000,0,200000
2017/05/04,0,244233,-5000,239233
2017/05/05,0,326823,0,326823
2017/05/08,0,2000,-90000,-88000
2017/05/09,0,33000,-32000,1000
2017/05/10,0,4000,-26000,-22000
2017/05/11,0,4000,-3000,1000
2017/05/12,0,14000,-1000,13000
2017/05/15,0,131000,0,131000
2017/05/16,0,303000,0,303000
2017/05/17,0,0,-279045,-279045
2017/05/18,0,0,-5000,-5000
2017/05/19,0,22000,0,22000
2017/05/22,0,24000,-3000,21000
2017/05/23,0,64000,-32000,32000
2017/05/24,0,0,0,0
2017/05/25,0,83000,-3000,80000
2017/05/26,0,124000,-92000,32000
2017/05/29,0,0,0,0
2017/05/30,0,0,0,0
2017/05/31,0,0,-5000,-5000
2017/06/01,0,10000,0,10000
2017/06/02,0,0,-10000,-10000
2017/06/05,0,0,-240203,-240203
2017/06/06,0,0,-288000,-288000
2017/06/07,0,0,-641201,-641201
2017/06/08,0,0,-7000,-7000
2017/06/09,0,0,-182000,-182000
2017/06/12,0,0,-480000,-480000
2017/06/13,0,2000,0,2000
2017/06/14,0,11000,-11000,0
2017/06/15,0,30000,0,30000
2017/06/16,0,38000,-38000,0
2017/06/19,0,4000,-205000,-201000
2017/06/20,0,7000,-300950,-293950
2017/06/21,0,0,-68000,-68000
2017/06/22,0,0,-28417,-28417
2017/06/23,0,6000,-27000,-21000
2017/06/26,0,0,-78000,-78000
2017/06/27,0,0,-61000,-61000
2017/06/28,0,18000,-452927,-434927
2017/06/29,0,34000,-594000,-560000
2017/06/30,0,99000,-295630,-196630
2017/07/03,0,0,-73000,-73000
2017/07/04,0,6000,-29000,-23000
2017/07/05,0,0,-305000,-305000
2017/07/06,0,0,0,0
2017/07/07,0,0,-80000,-80000
2017/07/10,0,1000,-199000,-198000
2017/07/11,0,0,-459000,-459000
2017/07/12,0,0,-7988,-7988
2017/07/13,0,70000,-39000,31000
2017/07/14,0,286000,-5000,281000
2017/07/17,0,60099,-2000,58099
2017/07/18,0,81000,-4000,77000
2017/07/19,0,73000,-244000,-171000
2017/07/20,0,49000,-166000,-117000
2017/07/21,0,0,-61000,-61000
2017/07/24,0,50000,-863000,-813000
2017/07/25,0,1000,-135000,-134000
2017/07/26,0,12000,-157000,-145000
2017/07/27,0,20000,-300000,-280000
2017/07/28,0,98000,-140000,-42000
2017/07/31,0,4000,-17000,-13000
2017/08/01,0,2000,-352000,-350000
2017/08/02,0,4000,-482000,-478000
2017/08/03,0,3000,0,3000
2017/08/04,0,6000,-13000,-7000
2017/08/07,0,4000,0,4000
2017/08/08,0,7000,-103000,-96000
2017/08/09,0,8000,0,8000
2017/08/10,0,1000,0,1000
2017/08/11,0,2000,-77000,-75000
2017/08/14,0,0,-103915,-103915
2017/08/15,0,4000,-227000,-223000
2017/08/16,0,4000,-80000,-76000
2017/08/17,0,0,-212000,-212000
2017/08/18,0,14000,-251000,-237000
