Date,Open,Buy,Sell,Total
2007/01/02,0,2139000,-1434150,704850
2007/01/03,0,1792000,-2681000,-889000
2007/01/04,0,1727000,-1305000,422000
2007/01/05,0,2362000,-1091000,1271000
2007/01/08,0,3111000,-1733083,1377917
2007/01/09,0,1771000,-1229950,541050
2007/01/10,0,3194600,-2922300,272300
2007/01/11,0,1881500,-1185000,696500
2007/01/12,0,10725000,-4352000,6373000
2007/01/15,0,4738000,-2872185,1865815
2007/01/16,0,5192000,-4820000,372000
2007/01/17,0,3046000,-5423000,-2377000
2007/01/18,0,2340000,-2331500,8500
2007/01/19,0,1453000,-500000,953000
2007/01/22,0,1939000,-2054000,-115000
2007/01/23,0,2451000,-2136550,314450
2007/01/24,0,4455000,-1258000,3197000
2007/01/25,0,1393000,-1058000,335000
2007/01/26,0,1059000,-1511826,-452826
2007/01/29,0,301000,-3379000,-3078000
2007/01/30,0,1407000,-1066149,340851
2007/01/31,0,1699000,-2755000,-1056000
2007/02/01,0,849000,-1656500,-807500
2007/02/02,0,2196000,-8102700,-5906700
2007/02/05,0,1484000,-3531000,-2047000
2007/02/06,0,1816000,-2854350,-1038350
2007/02/07,0,3954000,-4851182,-897182
2007/02/08,0,623172,-2887000,-2263828
2007/02/09,0,1038000,-1260250,-222250
2007/02/12,0,190000,-1532000,-1342000
2007/02/13,0,645000,-2073780,-1428780
2007/02/14,0,2386000,-4042318,-1656318
2007/02/15,0,0,0,0
2007/02/16,0,0,0,0
2007/02/19,0,0,0,0
2007/02/20,0,0,0,0
2007/02/21,0,0,0,0
2007/02/22,0,0,0,0
2007/02/23,0,0,0,0
2007/02/26,0,12064000,-12302000,-238000
2007/02/27,0,3157000,-1395993,1761007
2007/02/28,0,0,0,0
2007/03/01,0,3055146,-6712386,-3657240
2007/03/02,0,796000,-4825693,-4029693
2007/03/05,0,4432000,-4997000,-565000
2007/03/06,0,3356000,-4335495,-979495
2007/03/07,0,3820204,-6392689,-2572485
2007/03/08,0,2085000,-4213685,-2128685
2007/03/09,0,1596000,-2149500,-553500
2007/03/12,0,2253000,-5216789,-2963789
2007/03/13,0,3437000,-5200336,-1763336
2007/03/14,0,2124000,-4799742,-2675742
2007/03/15,0,1549000,-1275000,274000
2007/03/16,0,2935000,-2460200,474800
2007/03/19,0,3533000,-3990637,-457637
2007/03/20,0,6524400,-3046306,3478094
2007/03/21,0,9803000,-7530000,2273000
2007/03/22,0,6145000,-3222382,2922618
2007/03/23,0,2657000,-1595500,1061500
2007/03/26,0,1738000,-1728450,9550
2007/03/27,0,3761000,-1564000,2197000
2007/03/28,0,1830000,-1400000,430000
2007/03/29,0,2621000,-1969523,651477
2007/03/30,0,1589000,-769179,819821
2007/04/02,0,2516000,-2092109,423891
2007/04/03,0,8585000,-10693917,-2108917
2007/04/04,0,3616000,-4345304,-729304
2007/04/05,0,0,0,0
2007/04/06,0,0,0,0
2007/04/09,0,1281000,-1183000,98000
2007/04/10,0,1495100,-3094600,-1599500
2007/04/11,0,1121000,-1974100,-853100
2007/04/12,0,3658000,-2987438,670562
2007/04/13,0,1791000,-1463000,328000
2007/04/16,0,1834000,-2858450,-1024450
2007/04/17,0,1514000,-2367825,-853825
2007/04/18,0,2194000,-2373271,-179271
2007/04/19,0,441000,-2426000,-1985000
2007/04/20,0,379000,-2670000,-2291000
2007/04/23,0,1721000,-1934000,-213000
2007/04/24,0,567000,-3122000,-2555000
2007/04/25,0,386000,-4559000,-4173000
2007/04/26,0,4292000,-6910000,-2618000
2007/04/27,0,270000,-3730000,-3460000
2007/04/30,0,294000,-3467800,-3173800
2007/05/01,0,0,0,0
2007/05/02,0,3919000,-3133000,786000
2007/05/03,0,18495000,-8700000,9795000
2007/05/04,0,15103000,-6853000,8250000
2007/05/07,0,4307000,-1929000,2378000
2007/05/08,0,2614000,-2201000,413000
2007/05/09,0,2865000,-2200000,665000
2007/05/10,0,4627000,-4434200,192800
2007/05/11,0,2632000,-3470673,-838673
2007/05/14,0,1689000,-1093000,596000
2007/05/15,0,1891998,-1038479,853519
2007/05/16,0,2081000,-1371000,710000
2007/05/17,0,3853000,-3290312,562688
2007/05/18,0,4086000,-2659000,1427000
2007/05/21,0,2587000,-933000,1654000
2007/05/22,0,5973000,-3337000,2636000
2007/05/23,0,4003250,-3792880,210370
2007/05/24,0,3468000,-5043000,-1575000
2007/05/25,0,2491000,-3963000,-1472000
2007/05/28,0,4952000,-4206200,745800
2007/05/29,0,1248000,-3072000,-1824000
2007/05/30,0,3033500,-8513885,-5480385
2007/05/31,0,5775000,-4273800,1501200
2007/06/01,0,14774000,-2225000,12549000
2007/06/04,0,5165000,-1339000,3826000
2007/06/05,0,1799000,-2527060,-728060
2007/06/06,0,6869000,-4262050,2606950
2007/06/07,0,2195000,-513000,1682000
2007/06/08,0,2669000,-982000,1687000
2007/06/11,0,1172000,-2433000,-1261000
2007/06/12,0,3675000,-1767000,1908000
2007/06/13,0,1753000,-1691000,62000
2007/06/14,0,7050000,-2553000,4497000
2007/06/15,0,8668000,-1870000,6798000
2007/06/18,0,0,0,0
2007/06/19,0,0,0,0
2007/06/20,0,17132000,-9610000,7522000
2007/06/21,0,12628000,-4854000,7774000
2007/06/22,0,3073000,-7091100,-4018100
2007/06/25,0,2739750,-944000,1795750
2007/06/26,0,3929000,-2832000,1097000
2007/06/27,0,1892000,-2807500,-915500
2007/06/28,0,2071000,-854550,1216450
2007/06/29,0,5523000,-4067718,1455282
2007/07/02,0,1832000,-1466000,366000
2007/07/03,0,2007000,-2143000,-136000
2007/07/04,0,3808000,-3092400,715600
2007/07/05,0,6004000,-8039350,-2035350
2007/07/06,0,2659000,-4173500,-1514500
2007/07/09,0,2843000,-5837067,-2994067
2007/07/10,0,1436000,-5108000,-3672000
2007/07/11,0,3580000,-7198300,-3618300
2007/07/12,0,5330000,-5088000,242000
2007/07/13,0,4415000,-10351000,-5936000
2007/07/16,0,753000,-8765000,-8012000
2007/07/17,0,6135000,-9552200,-3417200
2007/07/18,0,3504000,-1478489,2025511
2007/07/19,0,4194500,-4344000,-149500
2007/07/20,0,3342000,-2988000,354000
2007/07/23,0,7645000,-4587400,3057600
2007/07/24,0,5130500,-1561000,3569500
2007/07/25,0,2197500,-1678000,519500
2007/07/26,0,2276000,-1652000,624000
2007/07/27,0,1928000,-7042740,-5114740
2007/07/30,0,4295500,-6764850,-2469350
2007/07/31,0,8808000,-10023000,-1215000
2007/08/01,0,6039000,-6650900,-611900
2007/08/02,0,3580000,-952600,2627400
2007/08/03,0,1100000,-1728000,-628000
2007/08/06,0,2182000,-1673000,509000
2007/08/07,0,4582000,-5297000,-715000
2007/08/08,0,1758000,-1441000,317000
2007/08/09,0,4370000,-2427000,1943000
2007/08/10,0,1378000,-2594128,-1216128
2007/08/13,0,1798000,-1192150,605850
2007/08/14,0,4435000,-1897000,2538000
2007/08/15,0,589000,-2741000,-2152000
2007/08/16,0,3919000,-5211236,-1292236
2007/08/17,0,1242000,-4660883,-3418883
2007/08/20,0,1166000,-4057100,-2891100
2007/08/21,0,3010000,-2390561,619439
2007/08/22,0,2179000,-443010,1735990
2007/08/23,0,3249000,-3474650,-225650
2007/08/24,0,1329500,-3399500,-2070000
2007/08/27,0,957000,-1461000,-504000
2007/08/28,0,2968000,-3368050,-400050
2007/08/29,0,1186800,-3164100,-1977300
2007/08/30,0,5383000,-2920500,2462500
2007/08/31,0,6993000,-1955412,5037588
2007/09/03,0,5190000,-800000,4390000
2007/09/04,0,7982000,-1322350,6659650
2007/09/05,0,2182500,-1272500,910000
2007/09/06,0,4372000,-2185896,2186104
2007/09/07,0,3176000,-1170828,2005172
2007/09/10,0,5126000,-5234500,-108500
2007/09/11,0,1775000,-663300,1111700
2007/09/12,0,3100500,-1295400,1805100
2007/09/13,0,1993000,-1282000,711000
2007/09/14,0,2335000,-328450,2006550
2007/09/17,0,1303000,-1042492,260508
2007/09/18,0,0,0,0
2007/09/19,0,7698250,-1440592,6257658
2007/09/20,0,6396000,-3210011,3185989
2007/09/21,0,2306000,-685000,1621000
2007/09/24,0,0,0,0
2007/09/25,0,0,0,0
2007/09/26,0,2852475,-1173150,1679325
2007/09/27,0,4718000,-2554743,2163257
2007/09/28,0,2351000,-1454000,897000
2007/10/01,0,5395000,-5356000,39000
2007/10/02,0,5770000,-2179000,3591000
2007/10/03,0,4304496,-1122340,3182156
2007/10/04,0,6036000,-1854000,4182000
2007/10/05,0,1934625,-2188850,-254225
2007/10/08,0,2026000,-642000,1384000
2007/10/09,0,3175000,-652300,2522700
2007/10/10,0,0,0,0
2007/10/11,0,4117275,-1703175,2414100
2007/10/12,0,5163000,-3757176,1405824
2007/10/15,0,3567000,-3186613,380387
2007/10/16,0,3546000,-1978310,1567690
2007/10/17,0,511337,-1721119,-1209782
2007/10/18,0,1662000,-1306157,355843
2007/10/19,0,5579000,-1902500,3676500
2007/10/22,0,3914000,-3122000,792000
2007/10/23,0,5383000,-2036000,3347000
2007/10/24,0,4379000,-2071912,2307088
2007/10/25,0,9177758,-8486087,691671
2007/10/26,0,2328500,-2130427,198073
2007/10/29,0,3471225,-3446000,25225
2007/10/30,0,6314000,-6370730,-56730
2007/10/31,0,4319000,-2650750,1668250
2007/11/01,0,3444200,-2831000,613200
2007/11/02,0,4320000,-3905000,415000
2007/11/05,0,2269150,-2789150,-520000
2007/11/06,0,1260000,-1009350,250650
2007/11/07,0,2900000,-2523000,377000
2007/11/08,0,1719000,-2166600,-447600
2007/11/09,0,3927000,-3521000,406000
2007/11/12,0,641000,-3614720,-2973720
2007/11/13,0,3588220,-4217000,-628780
2007/11/14,0,2630000,-2877030,-247030
2007/11/15,0,3344000,-2473883,870117
2007/11/16,0,3546000,-3080800,465200
2007/11/19,0,1986000,-2794500,-808500
2007/11/20,0,3810000,-6721597,-2911597
2007/11/21,0,5804230,-7630566,-1826336
2007/11/22,0,4678280,-3346633,1331647
2007/11/23,0,2473000,-1811000,662000
2007/11/26,0,3116000,-2306000,810000
2007/11/27,0,2411000,-4918600,-2507600
2007/11/28,0,3012500,-7897750,-4885250
2007/11/29,0,6147885,-3455034,2692851
2007/11/30,0,7985000,-5434164,2550836
2007/12/03,0,1514000,-1992209,-478209
2007/12/04,0,4307093,-7760176,-3453083
2007/12/05,0,2490000,-4127859,-1637859
2007/12/06,0,4242150,-5511009,-1268859
2007/12/07,0,4364258,-1233845,3130413
2007/12/10,0,5784000,-4172635,1611365
2007/12/11,0,3807000,-1861000,1946000
2007/12/12,0,5245000,-10022422,-4777422
2007/12/13,0,5081000,-4428950,652050
2007/12/14,0,2912000,-5508482,-2596482
2007/12/17,0,6985000,-10187375,-3202375
2007/12/18,0,9445000,-8540889,904111
2007/12/19,0,3221000,-1968000,1253000
2007/12/20,0,2453950,-2359300,94650
2007/12/21,0,2221000,-2594000,-373000
2007/12/24,0,1655000,-2014950,-359950
2007/12/25,0,223000,-15000,208000
2007/12/26,0,1585000,-247000,1338000
2007/12/27,0,1675000,-890300,784700
2007/12/28,0,1091000,-1254100,-163100
2007/12/31,0,761000,-41000,720000
2008/01/01,0,0,0,0
2008/01/02,0,1943000,-2393100,-450100
2008/01/03,0,1875000,-3661900,-1786900
2008/01/04,0,1273000,-7278150,-6005150
2008/01/07,0,3518000,-9054117,-5536117
2008/01/08,0,3291000,-5325966,-2034966
2008/01/09,0,3855000,-11027000,-7172000
2008/01/10,0,5527000,-12834721,-7307721
2008/01/11,0,1341000,-7546100,-6205100
2008/01/14,0,7619000,-8823510,-1204510
2008/01/15,0,2399000,-5488057,-3089057
2008/01/16,0,2332000,-4657715,-2325715
2008/01/17,0,3230000,-11080100,-7850100
2008/01/18,0,2666429,-3246837,-580408
2008/01/21,0,2680135,-8267340,-5587205
2008/01/22,0,8561000,-5450200,3110800
2008/01/23,0,14584000,-9544811,5039189
2008/01/24,0,6956000,-7435800,-479800
2008/01/25,0,1962000,-3509000,-1547000
2008/01/28,0,1697000,-6145650,-4448650
2008/01/29,0,1545000,-5780620,-4235620
2008/01/30,0,6515599,-3994300,2521299
2008/01/31,0,4579000,-4623750,-44750
2008/02/01,0,2121000,-3688264,-1567264
2008/02/04,0,0,0,0
2008/02/05,0,0,0,0
2008/02/06,0,0,0,0
2008/02/07,0,0,0,0
2008/02/08,0,0,0,0
2008/02/11,0,0,0,0
2008/02/12,0,6320000,-6012600,307400
2008/02/13,0,1918000,-1532100,385900
2008/02/14,0,4772000,-3318842,1453158
2008/02/15,0,1504000,-3972000,-2468000
2008/02/18,0,2152000,-1934000,218000
2008/02/19,0,4387390,-4799000,-411610
2008/02/20,0,6044500,-8181000,-2136500
2008/02/21,0,6410000,-5230782,1179218
2008/02/22,0,1424000,-3092000,-1668000
2008/02/25,0,7935000,-7232000,703000
2008/02/26,0,4727000,-646000,4081000
2008/02/27,0,9045000,-3232050,5812950
2008/02/28,0,0,0,0
2008/02/29,0,3334298,-5320000,-1985702
2008/03/03,0,1168000,-2983000,-1815000
2008/03/04,0,2313000,-2898074,-585074
2008/03/05,0,4576000,-2057000,2519000
2008/03/06,0,5810000,-1253400,4556600
2008/03/07,0,2369000,-4091000,-1722000
2008/03/10,0,1309000,-5434000,-4125000
2008/03/11,0,1813000,-3980000,-2167000
2008/03/12,0,9148216,-4324960,4823256
2008/03/13,0,493000,-7363750,-6870750
2008/03/14,0,606000,-9168405,-8562405
2008/03/17,0,1711000,-9730121,-8019121
2008/03/18,0,494000,-4543000,-4049000
2008/03/19,0,3007000,-5254000,-2247000
2008/03/20,0,1550000,-4202000,-2652000
2008/03/21,0,2735000,-186000,2549000
2008/03/24,0,7092000,-4719000,2373000
2008/03/25,0,4068000,-4014000,54000
2008/03/26,0,4348000,-2738211,1609789
2008/03/27,0,1873773,-1107250,766523
2008/03/28,0,5057773,-3269000,1788773
2008/03/31,0,8187823,-4411861,3775962
2008/04/01,0,2495264,-1423773,1071491
2008/04/02,0,3676000,-2481000,1195000
2008/04/03,0,2975000,-3316000,-341000
2008/04/04,0,0,0,0
2008/04/07,0,4557000,-7156624,-2599624
2008/04/08,0,6527000,-7996000,-1469000
2008/04/09,0,1277000,-1506665,-229665
2008/04/10,0,2949000,-2737000,212000
2008/04/11,0,3751000,-1445637,2305363
2008/04/14,0,5582000,-4862000,720000
2008/04/15,0,2078000,-2619000,-541000
2008/04/16,0,3516000,-2848150,667850
2008/04/17,0,2405000,-3735000,-1330000
2008/04/18,0,3128000,-2388605,739395
2008/04/21,0,3654500,-2970960,683540
2008/04/22,0,650000,-2310000,-1660000
2008/04/23,0,4715000,-3013327,1701673
2008/04/24,0,2629000,-2374484,254516
2008/04/25,0,3748000,-3552867,195133
2008/04/28,0,3971000,-4717000,-746000
2008/04/29,0,5677000,-9978000,-4301000
2008/04/30,0,2688000,-5585651,-2897651
2008/05/01,0,0,0,0
2008/05/02,0,5892500,-4736005,1156495
2008/05/05,0,4104000,-2660000,1444000
2008/05/06,0,1397000,-548300,848700
2008/05/07,0,1472667,-3744000,-2271333
2008/05/08,0,1958500,-3135306,-1176806
2008/05/09,0,834000,-2553000,-1719000
2008/05/12,0,2584000,-3736681,-1152681
2008/05/13,0,4050000,-333000,3717000
2008/05/14,0,2142000,-2193600,-51600
2008/05/15,0,3658000,-1931963,1726037
2008/05/16,0,2897000,-10073911,-7176911
2008/05/19,0,682000,-2250000,-1568000
2008/05/20,0,1459000,-9638700,-8179700
2008/05/21,0,1493000,-5574607,-4081607
2008/05/22,0,1110000,-4301350,-3191350
2008/05/23,0,3072000,-4202150,-1130150
2008/05/26,0,1664000,-2714600,-1050600
2008/05/27,0,1578000,-2509497,-931497
2008/05/28,0,3126000,-4647000,-1521000
2008/05/29,0,2998000,-2341000,657000
2008/05/30,0,1602000,-5391321,-3789321
2008/06/02,0,666000,-1031000,-365000
2008/06/03,0,1700000,-2674467,-974467
2008/06/04,0,229000,-636000,-407000
2008/06/05,0,4293000,-3600000,693000
2008/06/06,0,1780000,-1141000,639000
2008/06/09,0,337002,-1664000,-1326998
2008/06/10,0,1049447,-3611934,-2562487
2008/06/11,0,1473000,-1943000,-470000
2008/06/12,0,2384000,-3766200,-1382200
2008/06/13,0,704000,-1479000,-775000
2008/06/16,0,1845000,-1592000,253000
2008/06/17,0,5091333,-1884547,3206786
2008/06/18,0,3626000,-2109835,1516165
2008/06/19,0,955000,-3770000,-2815000
2008/06/20,0,939825,-2848000,-1908175
2008/06/23,0,1728000,-1484000,244000
2008/06/24,0,2291200,-1922400,368800
2008/06/25,0,5434000,-5589367,-155367
2008/06/26,0,1949000,-3656278,-1707278
2008/06/27,0,4142000,-5003600,-861600
2008/06/30,0,4152000,-4086000,66000
2008/07/01,0,3546000,-3606000,-60000
2008/07/02,0,2744000,-2672000,72000
2008/07/03,0,3140000,-3553433,-413433
2008/07/04,0,4158000,-2065000,2093000
2008/07/07,0,1727000,-681000,1046000
2008/07/08,0,3948000,-3374000,574000
2008/07/09,0,1957000,-3101077,-1144077
2008/07/10,0,4462000,-2064000,2398000
2008/07/11,0,3247000,-1728351,1518649
2008/07/14,0,5460000,-4621200,838800
2008/07/15,0,2048000,-4721000,-2673000
2008/07/16,0,1276000,-2538250,-1262250
2008/07/17,0,2124000,-3982877,-1858877
2008/07/18,0,2652000,-3638000,-986000
2008/07/21,0,1713000,-1457000,256000
2008/07/22,0,817000,-2717000,-1900000
2008/07/23,0,4481000,-5412040,-931040
2008/07/24,0,4244300,-4280000,-35700
2008/07/25,0,2262000,-2968000,-706000
2008/07/28,0,0,0,0
2008/07/29,0,1439000,-7301000,-5862000
2008/07/30,0,2900000,-2154000,746000
2008/07/31,0,4287000,-4122484,164516
2008/08/01,0,1577000,-1622000,-45000
2008/08/04,0,2806000,-952000,1854000
2008/08/05,0,3105000,-2687000,418000
2008/08/06,0,5635000,-3717350,1917650
2008/08/07,0,7904416,-7739000,165416
2008/08/08,0,6555000,-3661150,2893850
2008/08/11,0,5215000,-789000,4426000
2008/08/12,0,2545000,-3594000,-1049000
2008/08/13,0,2904000,-2244000,660000
2008/08/14,0,1153000,-2922000,-1769000
2008/08/15,0,568000,-3297061,-2729061
2008/08/18,0,1911000,-3212467,-1301467
2008/08/19,0,2100000,-5686885,-3586885
2008/08/20,0,865000,-3241166,-2376166
2008/08/21,0,581000,-2505860,-1924860
2008/08/22,0,3430000,-1064461,2365539
2008/08/25,0,1004000,-1027944,-23944
2008/08/26,0,1303000,-2175000,-872000
2008/08/27,0,4848060,-1468192,3379868
2008/08/28,0,6569000,-2312000,4257000
2008/08/29,0,1420000,-2124985,-704985
2008/09/01,0,1601000,-5776191,-4175191
2008/09/02,0,867000,-2925000,-2058000
2008/09/03,0,1500000,-1965000,-465000
2008/09/04,0,2622000,-3854600,-1232600
2008/09/05,0,7324000,-8435630,-1111630
2008/09/08,0,10452000,-15607743,-5155743
2008/09/09,0,3867000,-2426016,1440984
2008/09/10,0,5090000,-4742869,347131
2008/09/11,0,3605000,-3531000,74000
2008/09/12,0,4031000,-1515000,2516000
2008/09/15,0,1783000,-3086000,-1303000
2008/09/16,0,4503825,-2969980,1533845
2008/09/17,0,2668660,-4150972,-1482312
2008/09/18,0,7441860,-11106503,-3664643
2008/09/19,0,3949187,-3253077,696110
2008/09/22,0,2212400,-1674128,538272
2008/09/23,0,1650000,-3479387,-1829387
2008/09/24,0,3114150,-2484370,629780
2008/09/25,0,4948000,-454795,4493205
2008/09/26,0,1345300,-3628000,-2282700
2008/09/29,0,0,0,0
2008/09/30,0,3154000,-1616200,1537800
2008/10/01,0,1722000,-2320100,-598100
2008/10/02,0,2142000,-1922200,219800
2008/10/03,0,3918740,-1624240,2294500
2008/10/06,0,2059000,-5654320,-3595320
2008/10/07,0,2026000,-5046560,-3020560
2008/10/08,0,5992000,-8064560,-2072560
2008/10/09,0,7040000,-6773100,266900
2008/10/10,0,0,0,0
2008/10/13,0,2991000,-2287450,703550
2008/10/14,0,4436607,-2789750,1646857
2008/10/15,0,3057000,-3688820,-631820
2008/10/16,0,4394560,-5455000,-1060440
2008/10/17,0,1940000,-3590895,-1650895
2008/10/20,0,1343000,-1267100,75900
2008/10/21,0,6135160,-6459354,-324194
2008/10/22,0,5984000,-3096210,2887790
2008/10/23,0,4037000,-702076,3334924
2008/10/24,0,2902000,-3386000,-484000
2008/10/27,0,3438000,-3199000,239000
2008/10/28,0,3267000,-2233410,1033590
2008/10/29,0,3327640,-4605500,-1277860
2008/10/30,0,3342000,-792079,2549921
2008/10/31,0,2348000,-1789000,559000
2008/11/03,0,2541000,-2164000,377000
2008/11/04,0,2511000,-616425,1894575
2008/11/05,0,3003000,-2339917,663083
2008/11/06,0,1447000,-3737393,-2290393
2008/11/07,0,2096000,-5023700,-2927700
2008/11/10,0,3604000,-5711480,-2107480
2008/11/11,0,5649000,-1311232,4337768
2008/11/12,0,3605000,-4030000,-425000
2008/11/13,0,2477000,-3928523,-1451523
2008/11/14,0,4813000,-4073620,739380
2008/11/17,0,2519000,-1382000,1137000
2008/11/18,0,1851000,-1216000,635000
2008/11/19,0,1392000,-2201000,-809000
2008/11/20,0,5154800,-2291641,2863159
2008/11/21,0,4799400,-2579000,2220400
2008/11/24,0,2684000,-2658564,25436
2008/11/25,0,3155000,-3388233,-233233
2008/11/26,0,1545000,-2180544,-635544
2008/11/27,0,4090000,-3123000,967000
2008/11/28,0,1862000,-1394724,467276
2008/12/01,0,1896904,-1252220,644684
2008/12/02,0,3126000,-7382780,-4256780
2008/12/03,0,2098000,-4083849,-1985849
2008/12/04,0,2452000,-4413000,-1961000
2008/12/05,0,1571000,-2620475,-1049475
2008/12/08,0,4216420,-3653220,563200
2008/12/09,0,3230000,-4033500,-803500
2008/12/10,0,2902000,-241617,2660383
2008/12/11,0,4822000,-1657540,3164460
2008/12/12,0,2070000,-2809176,-739176
2008/12/15,0,2254000,-577178,1676822
2008/12/16,0,1435000,-1070000,365000
2008/12/17,0,2245000,-1418080,826920
2008/12/18,0,2451251,-1423664,1027587
2008/12/19,0,2375000,-1523000,852000
2008/12/22,0,2071000,-1906000,165000
2008/12/23,0,1405000,-1395080,9920
2008/12/24,0,1217000,-817000,400000
2008/12/25,0,146000,-357000,-211000
2008/12/26,0,785000,-221000,564000
2008/12/29,0,669000,-825000,-156000
2008/12/30,0,2058000,-437245,1620755
2008/12/31,0,543000,-577000,-34000
2009/01/01,0,0,0,0
2009/01/02,0,0,0,0
2009/01/05,0,5227000,-1371000,3856000
2009/01/06,0,2778000,-2227016,550984
2009/01/07,0,3878000,-1262197,2615803
2009/01/08,0,5581000,-4906307,674693
2009/01/09,0,1160000,-2407200,-1247200
2009/01/12,0,2325092,-2509000,-183908
2009/01/13,0,2208407,-1468000,740407
2009/01/14,0,783000,-2516560,-1733560
2009/01/15,0,474000,-5006140,-4532140
2009/01/16,0,222000,-3996300,-3774300
2009/01/19,0,595000,-3547190,-2952190
2009/01/20,0,2552000,-5431372,-2879372
2009/01/21,0,2977620,-9783665,-6806045
2009/01/22,0,0,0,0
2009/01/23,0,0,0,0
2009/01/26,0,0,0,0
2009/01/27,0,0,0,0
2009/01/28,0,0,0,0
2009/01/29,0,0,0,0
2009/01/30,0,0,0,0
2009/02/02,0,2797000,-8080518,-5283518
2009/02/03,0,2371000,-5941983,-3570983
2009/02/04,0,4291000,-1594000,2697000
2009/02/05,0,6903000,-4953080,1949920
2009/02/06,0,2893370,-7082860,-4189490
2009/02/09,0,7305000,-7845504,-540504
2009/02/10,0,1061000,-1123002,-62002
2009/02/11,0,1144000,-1436000,-292000
2009/02/12,0,4525000,-4349908,175092
2009/02/13,0,3967000,-463101,3503899
2009/02/16,0,1608100,-4480000,-2871900
2009/02/17,0,1396549,-2787785,-1391236
2009/02/18,0,3841000,-1671000,2170000
2009/02/19,0,1672000,-3730105,-2058105
2009/02/20,0,777870,-3824738,-3046868
2009/02/23,0,1225000,-2089553,-864553
2009/02/24,0,258001,-2408595,-2150594
2009/02/25,0,3520000,-2237147,1282853
2009/02/26,0,2674500,-486610,2187890
2009/02/27,0,2646058,-3057007,-410949
2009/03/02,0,1684000,-4591903,-2907903
2009/03/03,0,1020000,-1152220,-132220
2009/03/04,0,1620793,-2824440,-1203647
2009/03/05,0,6533000,-3684910,2848090
2009/03/06,0,1534000,-2436446,-902446
2009/03/09,0,948000,-4023158,-3075158
2009/03/10,0,1721000,-4566000,-2845000
2009/03/11,0,4063879,-4407000,-343121
2009/03/12,0,2257000,-5671762,-3414762
2009/03/13,0,3630000,-6820510,-3190510
2009/03/16,0,1581000,-4244059,-2663059
2009/03/17,0,2520000,-8980430,-6460430
2009/03/18,0,2536000,-1499000,1037000
2009/03/19,0,2773000,-1410000,1363000
2009/03/20,0,1625000,-1756611,-131611
2009/03/23,0,5325000,-447000,4878000
2009/03/24,0,6288000,-934660,5353340
2009/03/25,0,3679000,-2756261,922739
2009/03/26,0,2072000,-1549760,522240
2009/03/27,0,9555200,-975020,8580180
2009/03/30,0,2481000,-1313000,1168000
2009/03/31,0,4407260,-1980510,2426750
2009/04/01,0,4551900,-2638350,1913550
2009/04/02,0,2314000,-692040,1621960
2009/04/03,0,2911000,-1975886,935114
2009/04/06,0,3956000,-1344962,2611038
2009/04/07,0,699000,-2356000,-1657000
2009/04/08,0,3094000,-9374383,-6280383
2009/04/09,0,3014000,-3102319,-88319
2009/04/10,0,2496000,-130000,2366000
2009/04/13,0,1700000,-589000,1111000
2009/04/14,0,2944000,-4989368,-2045368
2009/04/15,0,1287000,-2774797,-1487797
2009/04/16,0,1923000,-1888389,34611
2009/04/17,0,1427383,-3055751,-1628368
2009/04/20,0,1860000,-1481021,378979
2009/04/21,0,1427000,-2055000,-628000
2009/04/22,0,741000,-1236164,-495164
2009/04/23,0,3571000,-1405100,2165900
2009/04/24,0,7534000,-1549000,5985000
2009/04/27,0,5149411,-1853980,3295431
2009/04/28,0,11431000,-7458060,3972940
2009/04/29,0,11429000,-9211000,2218000
2009/04/30,0,8503000,-2882000,5621000
2009/05/01,0,0,0,0
2009/05/04,0,5689000,-181980,5507020
2009/05/05,0,10685404,-1101000,9584404
2009/05/06,0,8129750,-9733000,-1603250
2009/05/07,0,9358000,-7392000,1966000
2009/05/08,0,7650322,-5736580,1913742
2009/05/11,0,3862000,-2760318,1101682
2009/05/12,0,2867000,-778020,2088980
2009/05/13,0,5706837,-5425040,281797
2009/05/14,0,3632000,-4791000,-1159000
2009/05/15,0,5890000,-9394800,-3504800
2009/05/18,0,2257000,-3505460,-1248460
2009/05/19,0,4441000,-4522845,-81845
2009/05/20,0,1893000,-2075320,-182320
2009/05/21,0,1796897,-3555000,-1758103
2009/05/22,0,2111000,-3827131,-1716131
2009/05/25,0,4502263,-6342891,-1840628
2009/05/26,0,2717000,-2174000,543000
2009/05/27,0,5535810,-6979802,-1443992
2009/05/28,0,0,0,0
2009/05/29,0,0,0,0
2009/06/01,0,5455000,-3869070,1585930
2009/06/02,0,3768734,-2751234,1017500
2009/06/03,0,5138000,-703718,4434282
2009/06/04,0,1696206,-1997860,-301654
2009/06/05,0,1336990,-254000,1082990
2009/06/08,0,1944490,-1354000,590490
2009/06/09,0,4570000,-5903915,-1333915
2009/06/10,0,2758060,-1839136,918924
2009/06/11,0,2313142,-4326000,-2012858
2009/06/12,0,1797000,-3094100,-1297100
2009/06/15,0,3824000,-1679200,2144800
2009/06/16,0,3145310,-2576310,569000
2009/06/17,0,2133795,-2345940,-212145
2009/06/18,0,3441000,-3979484,-538484
2009/06/19,0,2348822,-4392000,-2043178
2009/06/22,0,2695000,-4291000,-1596000
2009/06/23,0,5684500,-6050782,-366282
2009/06/24,0,9583400,-3844939,5738461
2009/06/25,0,2579000,-3066000,-487000
2009/06/26,0,2947915,-2942000,5915
2009/06/29,0,4924000,-2065000,2859000
2009/06/30,0,3844000,-761311,3082689
2009/07/01,0,5554000,-986000,4568000
2009/07/02,0,4215000,-553000,3662000
2009/07/03,0,2928826,-616460,2312366
2009/07/06,0,491000,-963180,-472180
2009/07/07,0,2668000,-2495130,172870
2009/07/08,0,977000,-2107348,-1130348
2009/07/09,0,9461992,-9927000,-465008
2009/07/10,0,4954000,-4844176,109824
2009/07/13,0,2868000,-1927000,941000
2009/07/14,0,1245000,-2828575,-1583575
2009/07/15,0,1453756,-4648000,-3194244
2009/07/16,0,5000800,-5491520,-490720
2009/07/17,0,2627859,-1454973,1172886
2009/07/20,0,2205000,-1339454,865546
2009/07/21,0,2046000,-2250444,-204444
2009/07/22,0,2027660,-1094052,933608
2009/07/23,0,3070426,-2455100,615326
2009/07/24,0,5108000,-1389300,3718700
2009/07/27,0,4184000,-1033294,3150706
2009/07/28,0,7431000,-1275208,6155792
2009/07/29,0,3518000,-864235,2653765
2009/07/30,0,2095000,-1812076,282924
2009/07/31,0,4390000,-1621110,2768890
2009/08/03,0,8071195,-3796000,4275195
2009/08/04,0,5595175,-1749300,3845875
2009/08/05,0,7205350,-1973000,5232350
2009/08/06,0,9413000,-2058000,7355000
2009/08/07,0,0,0,0
2009/08/10,0,3654300,-1985380,1668920
2009/08/11,0,1470000,-446160,1023840
2009/08/12,0,606000,-644000,-38000
2009/08/13,0,1659000,-2179000,-520000
2009/08/14,0,1136040,-1494680,-358640
2009/08/17,0,362220,-1184632,-822412
2009/08/18,0,195000,-1064692,-869692
2009/08/19,0,748378,-1866803,-1118425
2009/08/20,0,2918210,-2326963,591247
2009/08/21,0,4208000,-6173213,-1965213
2009/08/24,0,2897217,-2373174,524043
2009/08/25,0,1741000,-1309095,431905
2009/08/26,0,2230000,-2077036,152964
2009/08/27,0,450640,-1194467,-743827
2009/08/28,0,4622000,-5084960,-462960
2009/08/31,0,1438000,-2484475,-1046475
2009/09/01,0,3200128,-1480697,1719431
2009/09/02,0,1494000,-1349080,144920
2009/09/03,0,4611220,-1607497,3003723
2009/09/04,0,3537475,-2795000,742475
2009/09/07,0,1953480,-574080,1379400
2009/09/08,0,3382440,-774000,2608440
2009/09/09,0,2843329,-1718660,1124669
2009/09/10,0,7299687,-459610,6840077
2009/09/11,0,3506180,-1451000,2055180
2009/09/14,0,1772000,-3760475,-1988475
2009/09/15,0,1781078,-2415720,-634642
2009/09/16,0,1750880,-441700,1309180
2009/09/17,0,2063400,-428530,1634870
2009/09/18,0,2754000,-717000,2037000
2009/09/21,0,193200,-743000,-549800
2009/09/22,0,161000,-164981,-3981
2009/09/23,0,2134614,-728600,1406014
2009/09/24,0,851000,-2045000,-1194000
2009/09/25,0,286000,-1195760,-909760
2009/09/28,0,1855700,-3515595,-1659895
2009/09/29,0,3746620,-1119000,2627620
2009/09/30,0,3359000,-1340000,2019000
2009/10/01,0,1078000,-358040,719960
2009/10/02,0,1976000,-1290926,685074
2009/10/05,0,1890581,-1355581,535000
2009/10/06,0,4431000,-2938327,1492673
2009/10/07,0,4288602,-934444,3354158
2009/10/08,0,3841660,-1689190,2152470
2009/10/09,0,1874000,-987660,886340
2009/10/12,0,2120000,-2403201,-283201
2009/10/13,0,6452400,-4371396,2081004
2009/10/14,0,7142201,-5526804,1615397
2009/10/15,0,3346060,-2991000,355060
2009/10/16,0,1648600,-3754500,-2105900
2009/10/19,0,1809000,-1545054,263946
2009/10/20,0,1769346,-1337000,432346
2009/10/21,0,3899625,-1704000,2195625
2009/10/22,0,1623000,-2833440,-1210440
2009/10/23,0,2664000,-1194280,1469720
2009/10/26,0,3175500,-480200,2695300
2009/10/27,0,2141000,-2008000,133000
2009/10/28,0,492000,-2065572,-1573572
2009/10/29,0,2652000,-3506106,-854106
2009/10/30,0,2240960,-2264900,-23940
2009/11/02,0,2982000,-1257010,1724990
2009/11/03,0,3763910,-4277000,-513090
2009/11/04,0,1635381,-5154064,-3518683
2009/11/05,0,404900,-4773000,-4368100
2009/11/06,0,2965536,-5557084,-2591548
2009/11/09,0,1492167,-4917176,-3425009
2009/11/10,0,2339000,-4155473,-1816473
2009/11/11,0,1298830,-1562624,-263794
2009/11/12,0,2405368,-2497751,-92383
2009/11/13,0,2448790,-2127424,321366
2009/11/16,0,3350000,-2520000,830000
2009/11/17,0,2729847,-3517780,-787933
2009/11/18,0,2364312,-3207900,-843588
2009/11/19,0,1350445,-7691491,-6341046
2009/11/20,0,1824000,-6533598,-4709598
2009/11/23,0,1601000,-1723000,-122000
2009/11/24,0,1322000,-2168600,-846600
2009/11/25,0,2406013,-5409500,-3003487
2009/11/26,0,6428000,-5423340,1004660
2009/11/27,0,893000,-5275000,-4382000
2009/11/30,0,2624474,-2824222,-199748
2009/12/01,0,3460400,-4744044,-1283644
2009/12/02,0,3273000,-10638780,-7365780
2009/12/03,0,1265000,-6805658,-5540658
2009/12/04,0,5416056,-3772098,1643958
2009/12/07,0,2157000,-595140,1561860
2009/12/08,0,937000,-433000,504000
2009/12/09,0,7791000,-2226574,5564426
2009/12/10,0,5742000,-3316301,2425699
2009/12/11,0,4096000,-1171000,2925000
2009/12/14,0,1958200,-995300,962900
2009/12/15,0,3361000,-1272903,2088097
2009/12/16,0,1959000,-1072525,886475
2009/12/17,0,6506870,-1223000,5283870
2009/12/18,0,2513000,-1496171,1016829
2009/12/21,0,8967656,-1142000,7825656
2009/12/22,0,7157000,-601373,6555627
2009/12/23,0,2315000,-1647002,667998
2009/12/24,0,2302000,-2257000,45000
2009/12/25,0,550000,-1785000,-1235000
2009/12/28,0,1777000,-3188633,-1411633
2009/12/29,0,1434000,-2013723,-579723
2009/12/30,0,4579000,-4380994,198006
2009/12/31,0,1389000,-4070140,-2681140
2010/01/01,0,0,0,0
2010/01/04,0,4264000,-793000,3471000
2010/01/05,0,890300,-1378966,-488666
2010/01/06,0,2164000,-2137801,26199
2010/01/07,0,3249000,-2603466,645534
2010/01/08,0,2637320,-1229000,1408320
2010/01/11,0,2172000,-344000,1828000
2010/01/12,0,1776100,-1785269,-9169
2010/01/13,0,1370500,-2263729,-893229
2010/01/14,0,3223830,-657780,2566050
2010/01/15,0,1519000,-1388000,131000
2010/01/18,0,147000,-478290,-331290
2010/01/19,0,4166000,-2743870,1422130
2010/01/20,0,8067000,-2636000,5431000
2010/01/21,0,1841000,-655320,1185680
2010/01/22,0,3666000,-3772040,-106040
2010/01/25,0,2219460,-3745460,-1526000
2010/01/26,0,5720000,-6198320,-478320
2010/01/27,0,5610000,-5566280,43720
2010/01/28,0,8345670,-4563000,3782670
2010/01/29,0,5536000,-5454520,81480
2010/02/01,0,3476908,-3436870,40038
2010/02/02,0,2498000,-2192360,305640
2010/02/03,0,2694820,-1578070,1116750
2010/02/04,0,5140000,-3340000,1800000
2010/02/05,0,4175000,-7157985,-2982985
2010/02/08,0,5992000,-4824612,1167388
2010/02/09,0,2143319,-2204269,-60950
2010/02/10,0,3646000,-1568173,2077827
2010/02/11,0,0,0,0
2010/02/12,0,0,0,0
2010/02/15,0,0,0,0
2010/02/16,0,0,0,0
2010/02/17,0,0,0,0
2010/02/18,0,0,0,0
2010/02/19,0,0,0,0
2010/02/22,0,6326000,-6829270,-503270
2010/02/23,0,1971000,-3858504,-1887504
2010/02/24,0,3633235,-4233054,-599819
2010/02/25,0,4295000,-3207606,1087394
2010/02/26,0,1496799,-1572179,-75380
2010/03/01,0,3655000,-2472000,1183000
2010/03/02,0,6055100,-2758308,3296792
2010/03/03,0,2876000,-2237700,638300
2010/03/04,0,8186388,-2546000,5640388
2010/03/05,0,2730000,-1218000,1512000
2010/03/08,0,3512161,-2546500,965661
2010/03/09,0,4401924,-2436624,1965300
2010/03/10,0,1401000,-287535,1113465
2010/03/11,0,3123000,-653000,2470000
2010/03/12,0,4281000,-226206,4054794
2010/03/15,0,3070910,-1909757,1161153
2010/03/16,0,2264000,-509971,1754029
2010/03/17,0,5335511,-362840,4972671
2010/03/18,0,11027640,-2591171,8436469
2010/03/19,0,11016383,-489844,10526539
2010/03/22,0,3493000,-1884959,1608041
2010/03/23,0,7755000,-961250,6793750
2010/03/24,0,6602000,-5607510,994490
2010/03/25,0,3472493,-3862109,-389616
2010/03/26,0,4701000,-3475000,1226000
2010/03/29,0,4772800,-3503000,1269800
2010/03/30,0,3294770,-2381000,913770
2010/03/31,0,5463160,-6219023,-755863
2010/04/01,0,10476469,-7192549,3283920
2010/04/02,0,2007225,-2409000,-401775
2010/04/05,0,0,0,0
2010/04/06,0,2449399,-2852400,-403001
2010/04/07,0,1897200,-1890490,6710
2010/04/08,0,7658000,-7788000,-130000
2010/04/09,0,4822078,-2471310,2350768
2010/04/12,0,4269320,-2651120,1618200
2010/04/13,0,5755000,-3601000,2154000
2010/04/14,0,2287000,-2396461,-109461
2010/04/15,0,6324000,-3866893,2457107
2010/04/16,0,3174470,-2141000,1033470
2010/04/19,0,2250000,-3638651,-1388651
2010/04/20,0,1864000,-958000,906000
2010/04/21,0,1053420,-2725500,-1672080
2010/04/22,0,845000,-1956960,-1111960
2010/04/23,0,3734636,-952000,2782636
2010/04/26,0,3198500,-279000,2919500
2010/04/27,0,4145230,-1372230,2773000
2010/04/28,0,4505000,-2328060,2176940
2010/04/29,0,2629000,-1040000,1589000
2010/04/30,0,6981416,-3952016,3029400
2010/05/03,0,2467050,-2939364,-472314
2010/05/04,0,1375810,-3941491,-2565681
2010/05/05,0,2197347,-6385409,-4188062
2010/05/06,0,3739344,-5625000,-1885656
2010/05/07,0,3771913,-3431120,340793
2010/05/10,0,3103110,-6368247,-3265137
2010/05/11,0,10890000,-9863696,1026304
2010/05/12,0,2188945,-3047911,-858966
2010/05/13,0,2620000,-1955380,664620
2010/05/14,0,2780000,-2522000,258000
2010/05/17,0,3460980,-3199000,261980
2010/05/18,0,2604000,-2335121,268879
2010/05/19,0,3851001,-4443237,-592236
2010/05/20,0,2138000,-1348000,790000
2010/05/21,0,2461000,-2663650,-202650
2010/05/24,0,1243000,-957550,285450
2010/05/25,0,5447000,-4088403,1358597
2010/05/26,0,4005160,-3439000,566160
2010/05/27,0,2743328,-2652130,91198
2010/05/28,0,3395000,-3793890,-398890
2010/05/31,0,3504000,-4340641,-836641
2010/06/01,0,2987300,-3330000,-342700
2010/06/02,0,3815052,-5695000,-1879948
2010/06/03,0,6370000,-4489735,1880265
2010/06/04,0,4131000,-4419642,-288642
2010/06/07,0,3497000,-5748711,-2251711
2010/06/08,0,1189000,-9484751,-8295751
2010/06/09,0,3512000,-3877000,-365000
2010/06/10,0,711000,-889000,-178000
2010/06/11,0,4493145,-2410500,2082645
2010/06/14,0,5476249,-3844473,1631776
2010/06/15,0,7954290,-3666648,4287642
2010/06/16,0,0,0,0
2010/06/17,0,7787552,-3512656,4274896
2010/06/18,0,7228053,-2359587,4868466
2010/06/21,0,4202945,-1243902,2959043
2010/06/22,0,5219144,-708657,4510487
2010/06/23,0,2825113,-528818,2296295
2010/06/24,0,1711003,-815640,895363
2010/06/25,0,2977935,-2504992,472943
2010/06/28,0,2301345,-1668000,633345
2010/06/29,0,3806000,-1978478,1827522
2010/06/30,0,3548000,-4232782,-684782
2010/07/01,0,4310810,-3335010,975800
2010/07/02,0,3800050,-1705880,2094170
2010/07/05,0,5811911,-2500429,3311482
2010/07/06,0,5951717,-1973863,3977854
2010/07/07,0,4207577,-1850388,2357189
2010/07/08,0,4220990,-751000,3469990
2010/07/09,0,7585000,-1228262,6356738
2010/07/12,0,6324858,-7612848,-1287990
2010/07/13,0,9182000,-5740885,3441115
2010/07/14,0,6048374,-5190312,858062
2010/07/15,0,5398082,-2954000,2444082
2010/07/16,0,5121990,-4153636,968354
2010/07/19,0,4262000,-3920000,342000
2010/07/20,0,4216325,-1516000,2700325
2010/07/21,0,1922000,-2078219,-156219
2010/07/22,0,2915516,-8989029,-6073513
2010/07/23,0,4336000,-4174920,161080
2010/07/26,0,1955920,-944669,1011251
2010/07/27,0,3832801,-615585,3217216
2010/07/28,0,4030000,-2310000,1720000
2010/07/29,0,4371000,-7130760,-2759760
2010/07/30,0,1905086,-2408400,-503314
2010/08/02,0,3766000,-2233490,1532510
2010/08/03,0,2892000,-3084265,-192265
2010/08/04,0,2109000,-3161970,-1052970
2010/08/05,0,3240336,-2482666,757670
2010/08/06,0,3078330,-5469000,-2390670
2010/08/09,0,1085000,-1334000,-249000
2010/08/10,0,3880000,-3215440,664560
2010/08/11,0,3320657,-2288000,1032657
2010/08/12,0,2355000,-2153034,201966
2010/08/13,0,3621262,-5014499,-1393237
2010/08/16,0,1487200,-2644766,-1157566
2010/08/17,0,2044000,-429420,1614580
2010/08/18,0,3758000,-2080000,1678000
2010/08/19,0,7466000,-1541000,5925000
2010/08/20,0,1978000,-523540,1454460
2010/08/23,0,2777000,-1529146,1247854
2010/08/24,0,3414754,-2492640,922114
2010/08/25,0,1501575,-3326280,-1824705
2010/08/26,0,3560000,-2624452,935548
2010/08/27,0,7911000,-2520920,5390080
2010/08/30,0,7350954,-4316400,3034554
2010/08/31,0,6687994,-2327953,4360041
2010/09/01,0,6142000,-5388000,754000
2010/09/02,0,5925000,-3525093,2399907
2010/09/03,0,3424000,-1753000,1671000
2010/09/06,0,905000,-622820,282180
2010/09/07,0,2889699,-1105384,1784315
2010/09/08,0,5325700,-2000385,3325315
2010/09/09,0,2313000,-2823000,-510000
2010/09/10,0,2186260,-1714495,471765
2010/09/13,0,5708000,-1634500,4073500
2010/09/14,0,2135000,-301800,1833200
2010/09/15,0,4667108,-1868000,2799108
2010/09/16,0,2496500,-204000,2292500
2010/09/17,0,3306000,-1063500,2242500
2010/09/20,0,1720000,-748800,971200
2010/09/21,0,2280000,-653000,1627000
2010/09/22,0,0,0,0
2010/09/23,0,4264000,-1119388,3144612
2010/09/24,0,3144655,-2352000,792655
2010/09/27,0,2790630,-2363000,427630
2010/09/28,0,4031890,-1095749,2936141
2010/09/29,0,4244000,-3859000,385000
2010/09/30,0,4812050,-3355509,1456541
2010/10/01,0,3665199,-2555000,1110199
2010/10/04,0,2122105,-625000,1497105
2010/10/05,0,2673810,-2124513,549297
2010/10/06,0,2684525,-2654820,29705
2010/10/07,0,6232460,-5471694,760766
2010/10/08,0,1545310,-930585,614725
2010/10/11,0,2321690,-523273,1798417
2010/10/12,0,4718800,-3872202,846598
2010/10/13,0,4208590,-4225000,-16410
2010/10/14,0,2907410,-1328323,1579087
2010/10/15,0,3766380,-2587286,1179094
2010/10/18,0,1144000,-1218000,-74000
2010/10/19,0,4507220,-6891485,-2384265
2010/10/20,0,2524000,-3733281,-1209281
2010/10/21,0,5918000,-5961000,-43000
2010/10/22,0,2880545,-4814200,-1933655
2010/10/25,0,2717000,-561700,2155300
2010/10/26,0,2109000,-2915275,-806275
2010/10/27,0,1132030,-1187994,-55964
2010/10/28,0,3171666,-1104309,2067357
2010/10/29,0,2891000,-2898000,-7000
2010/11/01,0,2540430,-1667000,873430
2010/11/02,0,1155000,-1001000,154000
2010/11/03,0,5651000,-2573345,3077655
2010/11/04,0,2223000,-2080504,142496
2010/11/05,0,7259700,-7449057,-189357
2010/11/08,0,2340000,-2730345,-390345
2010/11/09,0,2937000,-3845080,-908080
2010/11/10,0,4834000,-3708860,1125140
2010/11/11,0,3840000,-3115263,724737
2010/11/12,0,4736000,-4054162,681838
2010/11/15,0,1333608,-1065000,268608
2010/11/16,0,4066000,-3682958,383042
2010/11/17,0,1454000,-1866000,-412000
2010/11/18,0,1512168,-1376510,135658
2010/11/19,0,1984930,-1852000,132930
2010/11/22,0,3167380,-651000,2516380
2010/11/23,0,3300330,-4954000,-1653670
2010/11/24,0,1433300,-2706661,-1273361
2010/11/25,0,3022000,-2548256,473744
2010/11/26,0,5715000,-3922936,1792064
2010/11/29,0,2688000,-1472617,1215383
2010/11/30,0,4915271,-3670750,1244521
2010/12/01,0,3415335,-1297020,2118315
2010/12/02,0,2441703,-1377766,1063937
2010/12/03,0,1403000,-2166600,-763600
2010/12/06,0,1059065,-1912000,-852935
2010/12/07,0,1773380,-1264200,509180
2010/12/08,0,1858994,-554242,1304752
2010/12/09,0,5552000,-4743000,809000
2010/12/10,0,685000,-1584000,-899000
2010/12/13,0,1243000,-2911000,-1668000
2010/12/14,0,738000,-1190120,-452120
2010/12/15,0,1974000,-2112000,-138000
2010/12/16,0,1508000,-1735531,-227531
2010/12/17,0,992000,-2836838,-1844838
2010/12/20,0,1147090,-2343700,-1196610
2010/12/21,0,3145000,-3597210,-452210
2010/12/22,0,1889000,-2238484,-349484
2010/12/23,0,4454000,-3191000,1263000
2010/12/24,0,900985,-230000,670985
2010/12/27,0,874000,-235000,639000
2010/12/28,0,1832000,-610000,1222000
2010/12/29,0,2087980,-182200,1905780
2010/12/30,0,3277000,-1482000,1795000
2010/12/31,0,1373000,-308380,1064620
2011/01/03,0,2247000,-955000,1292000
2011/01/04,0,2506000,-5662600,-3156600
2011/01/05,0,2277865,-6306475,-4028610
2011/01/06,0,2375000,-2565000,-190000
2011/01/07,0,4145000,-2944709,1200291
2011/01/10,0,1789660,-1421000,368660
2011/01/11,0,3830000,-4160643,-330643
2011/01/12,0,2283272,-2354085,-70813
2011/01/13,0,2205019,-2143000,62019
2011/01/14,0,1020270,-572030,448240
2011/01/17,0,2771135,-1517000,1254135
2011/01/18,0,2575970,-1237270,1338700
2011/01/19,0,3679125,-790115,2889010
2011/01/20,0,2618236,-2635200,-16964
2011/01/21,0,2253730,-3800500,-1546770
2011/01/24,0,1270000,-3714460,-2444460
2011/01/25,0,1722124,-2223834,-501710
2011/01/26,0,799029,-1731517,-932488
2011/01/27,0,435000,-624900,-189900
2011/01/28,0,1942400,-3971040,-2028640
2011/01/31,0,0,0,0
2011/02/01,0,0,0,0
2011/02/02,0,0,0,0
2011/02/03,0,0,0,0
2011/02/04,0,0,0,0
2011/02/07,0,0,0,0
2011/02/08,0,3720000,-9723500,-6003500
2011/02/09,0,6915471,-12452245,-5536774
2011/02/10,0,9548645,-13588221,-4039576
2011/02/11,0,1647900,-8050639,-6402739
2011/02/14,0,851800,-5903980,-5052180
2011/02/15,0,4008265,-2646073,1362192
2011/02/16,0,3336000,-5235108,-1899108
2011/02/17,0,3525595,-4968474,-1442879
2011/02/18,0,1728127,-1205320,522807
2011/02/21,0,1803612,-1108000,695612
2011/02/22,0,5975506,-5604250,371256
2011/02/23,0,3686599,-3402850,283749
2011/02/24,0,4642437,-6631937,-1989500
2011/02/25,0,4579250,-6879732,-2300482
2011/02/28,0,0,0,0
2011/03/01,0,3268870,-2406500,862370
2011/03/02,0,2413492,-2716508,-303016
2011/03/03,0,4060480,-2077700,1982780
2011/03/04,0,5388620,-2041000,3347620
2011/03/07,0,2463000,-1130010,1332990
2011/03/08,0,6851000,-2751820,4099180
2011/03/09,0,8001865,-8237796,-235931
2011/03/10,0,2785000,-4936731,-2151731
2011/03/11,0,500000,-4631115,-4131115
2011/03/14,0,1110000,-3844863,-2734863
2011/03/15,0,1512000,-4776700,-3264700
2011/03/16,0,1813910,-4800769,-2986859
2011/03/17,0,573050,-4989670,-4416620
2011/03/18,0,1023000,-6799837,-5776837
2011/03/21,0,779660,-2505000,-1725340
2011/03/22,0,307103,-3337000,-3029897
2011/03/23,0,1129000,-2175630,-1046630
2011/03/24,0,974000,-1634000,-660000
2011/03/25,0,1727520,-1668518,59002
2011/03/28,0,703000,-5379000,-4676000
2011/03/29,0,3513495,-5749500,-2236005
2011/03/30,0,2656000,-8477568,-5821568
2011/03/31,0,2268475,-8163132,-5894657
2011/04/01,0,2521834,-2762091,-240257
2011/04/04,0,0,0,0
2011/04/05,0,0,0,0
2011/04/06,0,10268000,-4656212,5611788
2011/04/07,0,8165700,-1672020,6493680
2011/04/08,0,9791810,-984000,8807810
2011/04/11,0,5785715,-4249337,1536378
2011/04/12,0,1401896,-5041545,-3639649
2011/04/13,0,2431000,-1406011,1024989
2011/04/14,0,1950000,-2164000,-214000
2011/04/15,0,2247000,-1965000,282000
2011/04/18,0,2656544,-2737714,-81170
2011/04/19,0,3064000,-3646001,-582001
2011/04/20,0,6953947,-1744000,5209947
2011/04/21,0,9523752,-4192717,5331035
2011/04/22,0,4401972,-290100,4111872
2011/04/25,0,2163000,-826000,1337000
2011/04/26,0,5432830,-2955000,2477830
2011/04/27,0,4671000,-2463992,2207008
2011/04/28,0,4569938,-2495000,2074938
2011/04/29,0,5418238,-7450842,-2032604
2011/05/02,0,0,0,0
2011/05/03,0,1063407,-2929445,-1866038
2011/05/04,0,3347000,-2846208,500792
2011/05/05,0,2218009,-2609148,-391139
2011/05/06,0,914052,-1572000,-657948
2011/05/09,0,3904710,-729310,3175400
2011/05/10,0,900000,-582429,317571
2011/05/11,0,3836000,-10893000,-7057000
2011/05/12,0,5116000,-9241955,-4125955
2011/05/13,0,3164000,-2315102,848898
2011/05/16,0,1351070,-3486500,-2135430
2011/05/17,0,2297000,-4410000,-2113000
2011/05/18,0,2181000,-4120787,-1939787
2011/05/19,0,1348000,-5613685,-4265685
2011/05/20,0,1069000,-1813992,-744992
2011/05/23,0,4365000,-8410268,-4045268
2011/05/24,0,4343000,-4523190,-180190
2011/05/25,0,783000,-4709000,-3926000
2011/05/26,0,2251000,-3463424,-1212424
2011/05/27,0,1965000,-3128000,-1163000
2011/05/30,0,1265000,-1326000,-61000
2011/05/31,0,1814000,-1754372,59628
2011/06/01,0,2609060,-3901735,-1292675
2011/06/02,0,2264000,-2899315,-635315
2011/06/03,0,5163000,-7089855,-1926855
2011/06/06,0,0,0,0
2011/06/07,0,3963009,-5021740,-1058731
2011/06/08,0,1757000,-9391009,-7634009
2011/06/09,0,2389000,-9639335,-7250335
2011/06/10,0,822117,-2939700,-2117583
2011/06/13,0,1277000,-4099146,-2822146
2011/06/14,0,1555000,-3483031,-1928031
2011/06/15,0,4569000,-7087089,-2518089
2011/06/16,0,3099593,-4148000,-1048407
2011/06/17,0,1374475,-2046000,-671525
2011/06/20,0,2255000,-1745963,509037
2011/06/21,0,4511000,-4873598,-362598
2011/06/22,0,4268000,-7688735,-3420735
2011/06/23,0,8442115,-14297608,-5855493
2011/06/24,0,3539000,-9587149,-6048149
2011/06/27,0,2211000,-1367595,843405
2011/06/28,0,5810500,-5843566,-33066
2011/06/29,0,3977000,-5582836,-1605836
2011/06/30,0,4198000,-3997102,200898
2011/07/01,0,3775349,-3821420,-46071
2011/07/04,0,1102332,-1920736,-818404
2011/07/05,0,3073072,-3272000,-198928
2011/07/06,0,2199306,-593000,1606306
2011/07/07,0,2573044,-1529000,1044044
2011/07/08,0,1380068,-639375,740693
2011/07/11,0,652343,-860420,-208077
2011/07/12,0,480457,-612000,-131543
2011/07/13,0,4756615,-5374551,-617936
2011/07/14,0,2408845,-4108287,-1699442
2011/07/15,0,1424833,-4020509,-2595676
2011/07/18,0,1040665,-929509,111156
2011/07/19,0,743000,-2425000,-1682000
2011/07/20,0,2427930,-3495090,-1067160
2011/07/21,0,1793364,-2046000,-252636
2011/07/22,0,1706347,-1636000,70347
2011/07/25,0,1724007,-2170600,-446593
2011/07/26,0,2336023,-2079000,257023
2011/07/27,0,1078690,-1999559,-920869
2011/07/28,0,3113514,-1552000,1561514
2011/07/29,0,1327882,-903536,424346
2011/08/01,0,4145852,-3218370,927482
2011/08/02,0,945414,-613000,332414
2011/08/03,0,2173035,-2790000,-616965
2011/08/04,0,2088036,-3935960,-1847924
2011/08/05,0,4615660,-7881000,-3265340
2011/08/08,0,3584840,-7208630,-3623790
2011/08/09,0,3654000,-8513389,-4859389
2011/08/10,0,2819000,-9349410,-6530410
2011/08/11,0,3259000,-8201320,-4942320
2011/08/12,0,1493000,-7318015,-5825015
2011/08/15,0,2213210,-2036000,177210
2011/08/16,0,3442000,-7339917,-3897917
2011/08/17,0,3721957,-7232925,-3510968
2011/08/18,0,2237307,-7782791,-5545484
2011/08/19,0,10241349,-13206700,-2965351
2011/08/22,0,7909143,-8963155,-1054012
2011/08/23,0,6388000,-4749576,1638424
2011/08/24,0,4555111,-5510000,-954889
2011/08/25,0,2018682,-2269852,-251170
2011/08/26,0,5826191,-4146009,1680182
2011/08/29,0,5755000,-4541606,1213394
2011/08/30,0,4868791,-3112000,1756791
2011/08/31,0,3838916,-2711188,1127728
2011/09/01,0,5476181,-2804246,2671935
2011/09/02,0,3269632,-2137758,1131874
2011/09/05,0,2421000,-2747641,-326641
2011/09/06,0,6143145,-6035675,107470
2011/09/07,0,2400956,-2714500,-313544
2011/09/08,0,3211326,-4230000,-1018674
2011/09/09,0,9673210,-10606001,-932791
2011/09/12,0,0,0,0
2011/09/13,0,9882262,-12872540,-2990278
2011/09/14,0,3785826,-6593609,-2807783
2011/09/15,0,4149000,-7862551,-3713551
2011/09/16,0,9942000,-12368405,-2426405
2011/09/19,0,4907043,-6329000,-1421957
2011/09/20,0,3528150,-4599495,-1071345
2011/09/21,0,5107280,-6195977,-1088697
2011/09/22,0,4709468,-4413218,296250
2011/09/23,0,5259030,-4889200,369830
2011/09/26,0,2469079,-2576000,-106921
2011/09/27,0,4102898,-5701088,-1598190
2011/09/28,0,8172807,-11720302,-3547495
2011/09/29,0,4249912,-13471500,-9221588
2011/09/30,0,5905000,-8687000,-2782000
2011/10/03,0,4331064,-4113762,217302
2011/10/04,0,4753000,-6370591,-1617591
2011/10/05,0,6210000,-12441600,-6231600
2011/10/06,0,10624001,-14228062,-3604061
2011/10/07,0,3539000,-6248500,-2709500
2011/10/10,0,0,0,0
2011/10/11,0,10496000,-15186305,-4690305
2011/10/12,0,1112000,-5429460,-4317460
2011/10/13,0,3331183,-2298000,1033183
2011/10/14,0,927400,-2609588,-1682188
2011/10/17,0,3987462,-3531978,455484
2011/10/18,0,1353371,-4142001,-2788630
2011/10/19,0,1975538,-314000,1661538
2011/10/20,0,646941,-895000,-248059
2011/10/21,0,562590,-2093172,-1530582
2011/10/24,0,8171327,-5629000,2542327
2011/10/25,0,4579069,-3850000,729069
2011/10/26,0,3824000,-2053091,1770909
2011/10/27,0,3775000,-2640000,1135000
2011/10/28,0,7854000,-6822383,1031617
2011/10/31,0,1732000,-8873492,-7141492
2011/11/01,0,1853500,-4851100,-2997600
2011/11/02,0,2080350,-3756000,-1675650
2011/11/03,0,2522000,-2567000,-45000
2011/11/04,0,4753000,-8490000,-3737000
2011/11/07,0,4762500,-4804000,-41500
2011/11/08,0,7851000,-6471231,1379769
2011/11/09,0,3472143,-4873000,-1400857
2011/11/10,0,1440143,-3772507,-2332364
2011/11/11,0,1105000,-981000,124000
2011/11/14,0,1116000,-1299000,-183000
2011/11/15,0,2390000,-3370000,-980000
2011/11/16,0,1918000,-5559547,-3641547
2011/11/17,0,925571,-2104150,-1178579
2011/11/18,0,2925000,-3371200,-446200
2011/11/21,0,2068000,-2203000,-135000
2011/11/22,0,1611000,-3269000,-1658000
2011/11/23,0,2748000,-5852000,-3104000
2011/11/24,0,2973000,-3756000,-783000
2011/11/25,0,11537000,-9414000,2123000
2011/11/28,0,2733272,-5633060,-2899788
2011/11/29,0,1894800,-3116000,-1221200
2011/11/30,0,5512218,-12418500,-6906282
2011/12/01,0,6582000,-11708877,-5126877
2011/12/02,0,6092000,-15300000,-9208000
2011/12/05,0,2873000,-4701000,-1828000
2011/12/06,0,2457000,-2464000,-7000
2011/12/07,0,2483000,-2704829,-221829
2011/12/08,0,2555000,-1963000,592000
2011/12/09,0,1825920,-1736551,89369
2011/12/12,0,760000,-2183000,-1423000
2011/12/13,0,1635645,-896000,739645
2011/12/14,0,3386000,-2573033,812967
2011/12/15,0,2955100,-4005456,-1050356
2011/12/16,0,2166000,-1835000,331000
2011/12/19,0,3353000,-1158000,2195000
2011/12/20,0,3097400,-2003959,1093441
2011/12/21,0,8106000,-9611895,-1505895
2011/12/22,0,898000,-2120986,-1222986
2011/12/23,0,2729160,-1705000,1024160
2011/12/26,0,396000,-135000,261000
2011/12/27,0,957000,-3049000,-2092000
2011/12/28,0,1603000,-2276000,-673000
2011/12/29,0,2298000,-2235189,62811
2011/12/30,0,1131586,-935328,196258
2012/01/02,0,1470800,-548000,922800
2012/01/03,0,2443000,-3810000,-1367000
2012/01/04,0,977000,-3604642,-2627642
2012/01/05,0,967000,-4236866,-3269866
2012/01/06,0,2589357,-2668757,-79400
2012/01/09,0,1161000,-725135,435865
2012/01/10,0,2991000,-505000,2486000
2012/01/11,0,943000,-696000,247000
2012/01/12,0,2085000,-467000,1618000
2012/01/13,0,3474179,-572055,2902124
2012/01/16,0,1922000,-1076179,845821
2012/01/17,0,1748000,-176000,1572000
2012/01/18,0,2441000,-1006000,1435000
2012/01/19,0,0,0,0
2012/01/20,0,0,0,0
2012/01/23,0,0,0,0
2012/01/24,0,0,0,0
2012/01/25,0,0,0,0
2012/01/26,0,0,0,0
2012/01/27,0,0,0,0
2012/01/30,0,6410438,-10220961,-3810523
2012/01/31,0,4475781,-9470000,-4994219
2012/02/01,0,3250100,-5186923,-1936823
2012/02/02,0,5054000,-2554000,2500000
2012/02/03,0,3171000,-3042000,129000
2012/02/06,0,4055384,-1146000,2909384
2012/02/07,0,1110000,-180000,930000
2012/02/08,0,3463000,-1851700,1611300
2012/02/09,0,1424000,-694010,729990
2012/02/10,0,1793000,-4267000,-2474000
2012/02/13,0,1615000,-3055000,-1440000
2012/02/14,0,2164577,-5135951,-2971374
2012/02/15,0,2353000,-5230000,-2877000
2012/02/16,0,1180000,-489000,691000
2012/02/17,0,3755000,-751000,3004000
2012/02/20,0,435000,-815000,-380000
2012/02/21,0,1254000,-2845800,-1591800
2012/02/22,0,3319000,-4301000,-982000
2012/02/23,0,8072113,-7643000,429113
2012/02/24,0,9934000,-9267000,667000
2012/02/27,0,0,0,0
2012/02/28,0,0,0,0
2012/02/29,0,5884637,-4624245,1260392
2012/03/01,0,1848953,-4121000,-2272047
2012/03/02,0,1414324,-3406827,-1992503
2012/03/05,0,5001000,-6208000,-1207000
2012/03/06,0,9226138,-8381138,845000
2012/03/07,0,5458000,-2936500,2521500
2012/03/08,0,7376000,-6093000,1283000
2012/03/09,0,8777510,-5645000,3132510
2012/03/12,0,8456000,-8135540,320460
2012/03/13,0,4273000,-3124000,1149000
2012/03/14,0,10847516,-8743949,2103567
2012/03/15,0,3332000,-2776740,555260
2012/03/16,0,5853000,-5574000,279000
2012/03/19,0,10064985,-5599000,4465985
2012/03/20,0,6454845,-3633000,2821845
2012/03/21,0,16135420,-6967420,9168000
2012/03/22,0,8326500,-5729000,2597500
2012/03/23,0,5400000,-4341000,1059000
2012/03/26,0,6101928,-7874000,-1772072
2012/03/27,0,6526000,-2589422,3936578
2012/03/28,0,4481826,-2770690,1711136
2012/03/29,0,4333485,-2162536,2170949
2012/03/30,0,2301611,-4310866,-2009255
2012/04/02,0,2396000,-3421860,-1025860
2012/04/03,0,3377311,-1836992,1540319
2012/04/04,0,0,0,0
2012/04/05,0,7600045,-4805392,2794653
2012/04/06,0,715000,-3433457,-2718457
2012/04/09,0,1198000,-939000,259000
2012/04/10,0,3032000,-1702015,1329985
2012/04/11,0,2324000,-2635258,-311258
2012/04/12,0,2294000,-3442000,-1148000
2012/04/13,0,7721996,-5875308,1846688
2012/04/16,0,6306000,-5447000,859000
2012/04/17,0,3192860,-2359866,832994
2012/04/18,0,2999000,-2362000,637000
2012/04/19,0,5898000,-3450000,2448000
2012/04/20,0,6833000,-3040048,3792952
2012/04/23,0,5698920,-3972000,1726920
2012/04/24,0,4629000,-3159531,1469469
2012/04/25,0,3136000,-1506000,1630000
2012/04/26,0,3029000,-4384000,-1355000
2012/04/27,0,6457668,-12241000,-5783332
2012/04/30,0,3741000,-5255998,-1514998
2012/05/01,0,0,0,0
2012/05/02,0,15490000,-11168958,4321042
2012/05/03,0,10694595,-2897083,7797512
2012/05/04,0,5826000,-4509640,1316360
2012/05/07,0,2446000,-3530000,-1084000
2012/05/08,0,3573000,-1907000,1666000
2012/05/09,0,3055000,-2932500,122500
2012/05/10,0,2992905,-2414529,578376
2012/05/11,0,3913694,-2283000,1630694
2012/05/14,0,3865000,-1279000,2586000
2012/05/15,0,5105000,-2838640,2266360
2012/05/16,0,4673571,-5004166,-330595
2012/05/17,0,4933760,-6501672,-1567912
2012/05/18,0,3080000,-4689462,-1609462
2012/05/21,0,5529000,-3653565,1875435
2012/05/22,0,4320000,-4030000,290000
2012/05/23,0,2225179,-4109000,-1883821
2012/05/24,0,3535000,-8824000,-5289000
2012/05/25,0,3018000,-5970800,-2952800
2012/05/28,0,1830134,-4802134,-2972000
2012/05/29,0,1271000,-4916465,-3645465
2012/05/30,0,4750000,-6228055,-1478055
2012/05/31,0,7143254,-8952681,-1809427
2012/06/01,0,1693000,-2706372,-1013372
2012/06/04,0,3794512,-8848000,-5053488
2012/06/05,0,3485000,-4649000,-1164000
2012/06/06,0,6834000,-11363000,-4529000
2012/06/07,0,9907499,-3248000,6659499
2012/06/08,0,4763107,-5245000,-481893
2012/06/11,0,6759290,-4137000,2622290
2012/06/12,0,5289000,-4284000,1005000
2012/06/13,0,11013563,-3540000,7473563
2012/06/14,0,7167450,-8843130,-1675680
2012/06/15,0,4920000,-2741564,2178436
2012/06/18,0,2633864,-1135000,1498864
2012/06/19,0,5938761,-5923860,14901
2012/06/20,0,3334622,-3298000,36622
2012/06/21,0,5793902,-3355823,2438079
2012/06/22,0,2651368,-7162240,-4510872
2012/06/25,0,3508000,-4711800,-1203800
2012/06/26,0,9443000,-6967040,2475960
2012/06/27,0,7105550,-3475000,3630550
2012/06/28,0,5164000,-3398829,1765171
2012/06/29,0,8059000,-4950000,3109000
2012/07/02,0,5804000,-7456000,-1652000
2012/07/03,0,4008571,-4207060,-198489
2012/07/04,0,7610830,-7693000,-82170
2012/07/05,0,9981000,-3725000,6256000
2012/07/06,0,4877000,-771000,4106000
2012/07/09,0,4569000,-1989000,2580000
2012/07/10,0,4254000,-1146430,3107570
2012/07/11,0,3723000,-1343000,2380000
2012/07/12,0,7013634,-5779000,1234634
2012/07/13,0,8077726,-4133726,3944000
2012/07/16,0,2978000,-2090500,887500
2012/07/17,0,4602000,-1978100,2623900
2012/07/18,0,4159550,-2563326,1596224
2012/07/19,0,5759000,-1961571,3797429
2012/07/20,0,11635000,-2270964,9364036
2012/07/23,0,9210000,-4752000,4458000
2012/07/24,0,5897000,-3992571,1904429
2012/07/25,0,4364000,-3808545,555455
2012/07/26,0,4340000,-4232358,107642
2012/07/27,0,9024000,-3558591,5465409
2012/07/30,0,2907459,-1160000,1747459
2012/07/31,0,5740000,-875950,4864050
2012/08/01,0,3439000,-2389000,1050000
2012/08/02,0,0,0,0
2012/08/03,0,4537028,-3740571,796457
2012/08/06,0,5215000,-3319730,1895270
2012/08/07,0,3626000,-2452000,1174000
2012/08/08,0,3506541,-1282618,2223923
2012/08/09,0,4657000,-697000,3960000
2012/08/10,0,4948000,-743000,4205000
2012/08/13,0,4788000,-2829000,1959000
2012/08/14,0,7038056,-4671180,2366876
2012/08/15,0,2044377,-1007000,1037377
2012/08/16,0,1158000,-612844,545156
2012/08/17,0,2815000,-2639200,175800
2012/08/20,0,3637000,-1249000,2388000
2012/08/21,0,4640802,-4548515,92287
2012/08/22,0,4764083,-1043000,3721083
2012/08/23,0,3305272,-1652306,1652966
2012/08/24,0,3070000,-1357248,1712752
2012/08/27,0,1348000,-653000,695000
2012/08/28,0,1405104,-632000,773104
2012/08/29,0,4569500,-2735221,1834279
2012/08/30,0,2757000,-3482186,-725186
2012/08/31,0,2937800,-3358690,-420890
2012/09/03,0,2937410,-2037700,899710
2012/09/04,0,1838000,-552000,1286000
2012/09/05,0,3168000,-3137000,31000
2012/09/06,0,6494000,-1583000,4911000
2012/09/07,0,7922000,-1316561,6605439
2012/09/10,0,6016068,-2422000,3594068
2012/09/11,0,4721000,-2220500,2500500
2012/09/12,0,4083000,-2156000,1927000
2012/09/13,0,1509300,-461000,1048300
2012/09/14,0,2671000,-620000,2051000
2012/09/17,0,3152000,-2125000,1027000
2012/09/18,0,3410000,-1574000,1836000
2012/09/19,0,5693000,-948000,4745000
2012/09/20,0,2823000,-3420831,-597831
2012/09/21,0,4045612,-2209000,1836612
2012/09/24,0,4006238,-3868000,138238
2012/09/25,0,3046000,-2325000,721000
2012/09/26,0,6469000,-5267000,1202000
2012/09/27,0,5311000,-6074296,-763296
2012/09/28,0,4089000,-4292236,-203236
2012/10/01,0,4134000,-4061000,73000
2012/10/02,0,4866000,-4094000,772000
2012/10/03,0,1940000,-1048000,892000
2012/10/04,0,1243000,-860000,383000
2012/10/05,0,1305000,-1210000,95000
2012/10/08,0,1973100,-2061200,-88100
2012/10/09,0,3881000,-3769244,111756
2012/10/10,0,0,0,0
2012/10/11,0,1610837,-3759000,-2148163
2012/10/12,0,5926000,-11101412,-5175412
2012/10/15,0,4013000,-3246000,767000
2012/10/16,0,5395000,-4317000,1078000
2012/10/17,0,5310800,-3797807,1512993
2012/10/18,0,1619000,-2186000,-567000
2012/10/19,0,2321550,-5295000,-2973450
2012/10/22,0,2985000,-5196417,-2211417
2012/10/23,0,1292800,-1596475,-303675
2012/10/24,0,1627000,-6394674,-4767674
2012/10/25,0,3375000,-5386216,-2011216
2012/10/26,0,2553000,-3588000,-1035000
2012/10/29,0,3737700,-2966565,771135
2012/10/30,0,5586000,-5168000,418000
2012/10/31,0,3805000,-5398000,-1593000
2012/11/01,0,4517690,-5676000,-1158310
2012/11/02,0,3785000,-1800000,1985000
2012/11/05,0,3420000,-2148000,1272000
2012/11/06,0,4409000,-1539000,2870000
2012/11/07,0,3873000,-1870000,2003000
2012/11/08,0,2014000,-2350300,-336300
2012/11/09,0,692000,-1637000,-945000
2012/11/12,0,1613000,-1100000,513000
2012/11/13,0,1075000,-1873000,-798000
2012/11/14,0,1166000,-1570000,-404000
2012/11/15,0,1973000,-2324000,-351000
2012/11/16,0,4738000,-8187000,-3449000
2012/11/19,0,4776000,-7869625,-3093625
2012/11/20,0,3386185,-2615617,770568
2012/11/21,0,1992000,-2665000,-673000
2012/11/22,0,3875000,-4793000,-918000
2012/11/23,0,2843000,-3200000,-357000
2012/11/26,0,2510000,-1652000,858000
2012/11/27,0,2544000,-1511020,1032980
2012/11/28,0,3372400,-6891000,-3518600
2012/11/29,0,4490000,-2929890,1560110
2012/11/30,0,5276000,-7131222,-1855222
2012/12/03,0,3253200,-2268420,984780
2012/12/04,0,2252000,-507000,1745000
2012/12/05,0,1947000,-1252000,695000
2012/12/06,0,2264000,-4103138,-1839138
2012/12/07,0,1574000,-3261000,-1687000
2012/12/10,0,1814000,-2170531,-356531
2012/12/11,0,2401847,-3744000,-1342153
2012/12/12,0,2199000,-3861000,-1662000
2012/12/13,0,2921675,-3843000,-921325
2012/12/14,0,3619646,-4931000,-1311354
2012/12/17,0,4851000,-4306907,544093
2012/12/18,0,1638000,-1994000,-356000
2012/12/19,0,1859000,-2445000,-586000
2012/12/20,0,3477000,-7318000,-3841000
2012/12/21,0,2095376,-2780842,-685466
2012/12/24,0,462000,-485000,-23000
2012/12/25,0,639000,-63000,576000
2012/12/26,0,644000,-758671,-114671
2012/12/27,0,1048586,-2082000,-1033414
2012/12/28,0,2571000,-1953500,617500
2012/12/31,0,0,0,0
2013/01/01,0,0,0,0
2013/01/02,0,2727344,-4128000,-1400656
2013/01/03,0,1645000,-5189000,-3544000
2013/01/04,0,1524000,-2847000,-1323000
2013/01/07,0,1822000,-2333900,-511900
2013/01/08,0,2816000,-3609000,-793000
2013/01/09,0,2383000,-2527000,-144000
2013/01/10,0,2378000,-4414075,-2036075
2013/01/11,0,1003000,-1530408,-527408
2013/01/14,0,2956000,-3865140,-909140
2013/01/15,0,3386200,-2397244,988956
2013/01/16,0,3375000,-2866000,509000
2013/01/17,0,4179700,-1260000,2919700
2013/01/18,0,2981000,-1741000,1240000
2013/01/21,0,439000,-746906,-307906
2013/01/22,0,1691000,-801068,889932
2013/01/23,0,1887000,-1272752,614248
2013/01/24,0,1539000,-1441391,97609
2013/01/25,0,2567198,-2788770,-221572
2013/01/28,0,1982000,-1979750,2250
2013/01/29,0,2490500,-2136577,353923
2013/01/30,0,3055000,-2918700,136300
2013/01/31,0,4611000,-3817436,793564
2013/02/01,0,4578000,-4553143,24857
2013/02/04,0,3322000,-3954000,-632000
2013/02/05,0,4140000,-3784000,356000
2013/02/06,0,5922244,-2198000,3724244
2013/02/07,0,0,0,0
2013/02/08,0,0,0,0
2013/02/11,0,0,0,0
2013/02/12,0,0,0,0
2013/02/13,0,0,0,0
2013/02/14,0,0,0,0
2013/02/15,0,0,0,0
2013/02/18,0,4456856,-3099400,1357456
2013/02/19,0,1607605,-574800,1032805
2013/02/20,0,4622126,-1384692,3237434
2013/02/21,0,5707027,-1732000,3975027
2013/02/22,0,4262000,-3504578,757422
2013/02/25,0,2333000,-2670595,-337595
2013/02/26,0,2223000,-2091236,131764
2013/02/27,0,2805000,-3018182,-213182
2013/02/28,0,0,0,0
2013/03/01,0,2015000,-2731167,-716167
2013/03/04,0,2177000,-3138000,-961000
2013/03/05,0,4194000,-2744000,1450000
2013/03/06,0,2468500,-2041000,427500
2013/03/07,0,1080647,-2719954,-1639307
2013/03/08,0,2757400,-2185775,571625
2013/03/11,0,1658000,-1133746,524254
2013/03/12,0,544000,-1021712,-477712
2013/03/13,0,5073000,-1312000,3761000
2013/03/14,0,13460760,-4342791,9117969
2013/03/15,0,9101266,-5960740,3140526
2013/03/18,0,4121000,-2112743,2008257
2013/03/19,0,9273000,-2736081,6536919
2013/03/20,0,5846000,-4796692,1049308
2013/03/21,0,3410000,-3771000,-361000
2013/03/22,0,8006393,-3353459,4652934
2013/03/25,0,2849000,-1067467,1781533
2013/03/26,0,3223913,-1425723,1798190
2013/03/27,0,4333000,-2279032,2053968
2013/03/28,0,8156138,-2704200,5451938
2013/03/29,0,9256000,-2475000,6781000
2013/04/01,0,6767399,-1389000,5378399
2013/04/02,0,5030373,-1353000,3677373
2013/04/03,0,3698000,-1821000,1877000
2013/04/04,0,0,0,0
2013/04/05,0,0,0,0
2013/04/08,0,4702000,-4198000,504000
2013/04/09,0,4101167,-3337416,763751
2013/04/10,0,2952000,-2506460,445540
2013/04/11,0,3314896,-2223000,1091896
2013/04/12,0,2853000,-1512715,1340285
2013/04/15,0,3429637,-1795000,1634637
2013/04/16,0,4441770,-3331002,1110768
2013/04/17,0,1736000,-2490900,-754900
2013/04/18,0,1995000,-1852106,142894
2013/04/19,0,1583000,-1348400,234600
2013/04/22,0,2720000,-1520500,1199500
2013/04/23,0,1818300,-2462000,-643700
2013/04/24,0,2002300,-1378151,624149
2013/04/25,0,5115022,-1852100,3262922
2013/04/26,0,4273000,-1787000,2486000
2013/04/29,0,2439000,-2859000,-420000
2013/04/30,0,4015162,-2941300,1073862
2013/05/01,0,0,0,0
2013/05/02,0,9313714,-3588200,5725514
2013/05/03,0,6293000,-6154000,139000
2013/05/06,0,2126000,-681645,1444355
2013/05/07,0,3544000,-2835699,708301
2013/05/08,0,5602920,-1991839,3611081
2013/05/09,0,2574552,-2279264,295288
2013/05/10,0,3198000,-2984000,214000
2013/05/13,0,1566000,-707000,859000
2013/05/14,0,2391100,-1485850,905250
2013/05/15,0,3118000,-2068503,1049497
2013/05/16,0,4748000,-2094000,2654000
2013/05/17,0,2749000,-1131204,1617796
2013/05/20,0,1898000,-890000,1008000
2013/05/21,0,1919000,-1224690,694310
2013/05/22,0,3417000,-1783000,1634000
2013/05/23,0,3639000,-3403000,236000
2013/05/24,0,3404210,-2339000,1065210
2013/05/27,0,2233501,-913000,1320501
2013/05/28,0,5388000,-5891113,-503113
2013/05/29,0,3686000,-2714000,972000
2013/05/30,0,5185000,-5262872,-77872
2013/05/31,0,6218137,-5584892,633245
2013/06/03,0,5089000,-5483000,-394000
2013/06/04,0,2381000,-2315000,66000
2013/06/05,0,2364000,-3166074,-802074
2013/06/06,0,1952069,-3535800,-1583731
2013/06/07,0,7608000,-7313375,294625
2013/06/10,0,3162000,-3274000,-112000
2013/06/11,0,4134263,-5211000,-1076737
2013/06/12,0,0,0,0
2013/06/13,0,2549000,-5470800,-2921800
2013/06/14,0,3468000,-6662000,-3194000
2013/06/17,0,2302000,-4643013,-2341013
2013/06/18,0,6087750,-4569026,1518724
2013/06/19,0,2400000,-3680713,-1280713
2013/06/20,0,938000,-3702132,-2764132
2013/06/21,0,11790000,-12275180,-485180
2013/06/24,0,3716000,-4527054,-811054
2013/06/25,0,2904000,-3621184,-717184
2013/06/26,0,3563635,-4555230,-991595
2013/06/27,0,6193000,-6690000,-497000
2013/06/28,0,9923000,-9220905,702095
2013/07/01,0,3209000,-3136000,73000
2013/07/02,0,4660152,-5060083,-399931
2013/07/03,0,2780609,-3180600,-399991
2013/07/04,0,2530357,-2207060,323297
2013/07/05,0,4913000,-2119600,2793400
2013/07/08,0,3901000,-2144726,1756274
2013/07/09,0,4818800,-970350,3848450
2013/07/10,0,4898000,-3675000,1223000
2013/07/11,0,4892736,-4602000,290736
2013/07/12,0,4346000,-4044000,302000
2013/07/15,0,2998000,-2335000,663000
2013/07/16,0,5938000,-4668000,1270000
2013/07/17,0,2763000,-2140000,623000
2013/07/18,0,3332000,-2906000,426000
2013/07/19,0,3628725,-2293238,1335487
2013/07/22,0,3650330,-2446000,1204330
2013/07/23,0,4287000,-4071227,215773
2013/07/24,0,1932000,-1919000,13000
2013/07/25,0,1693000,-2783508,-1090508
2013/07/26,0,5299725,-4737840,561885
2013/07/29,0,2381748,-5699139,-3317391
2013/07/30,0,5001000,-3224000,1777000
2013/07/31,0,4127691,-2448200,1679491
2013/08/01,0,2428653,-2308000,120653
2013/08/02,0,799881,-1485000,-685119
2013/08/05,0,1205119,-2005000,-799881
2013/08/06,0,3036700,-4133000,-1096300
2013/08/07,0,1661000,-2808000,-1147000
2013/08/08,0,1008112,-3525000,-2516888
2013/08/09,0,1441000,-2136400,-695400
2013/08/12,0,744000,-1907900,-1163900
2013/08/13,0,1479500,-1128000,351500
2013/08/14,0,1097412,-2543000,-1445588
2013/08/15,0,2978000,-5801109,-2823109
2013/08/16,0,2624518,-4587000,-1962482
2013/08/19,0,2732000,-5706400,-2974400
2013/08/20,0,3359619,-6373619,-3014000
2013/08/21,0,0,0,0
2013/08/22,0,5412138,-10650185,-5238047
2013/08/23,0,3390000,-4341000,-951000
2013/08/26,0,649000,-1272820,-623820
2013/08/27,0,6015000,-5762000,253000
2013/08/28,0,4499000,-4206286,292714
2013/08/29,0,6453237,-2307936,4145301
2013/08/30,0,3641250,-5528997,-1887747
2013/09/02,0,1514000,-2402000,-888000
2013/09/03,0,2500000,-1083000,1417000
2013/09/04,0,3012000,-668100,2343900
2013/09/05,0,4415257,-1807730,2607527
2013/09/06,0,2646000,-3006885,-360885
2013/09/09,0,3356000,-1432000,1924000
2013/09/10,0,2173000,-2299850,-126850
2013/09/11,0,2640300,-2543766,96534
2013/09/12,0,2073510,-794000,1279510
2013/09/13,0,2585000,-1641000,944000
2013/09/16,0,2197000,-3370550,-1173550
2013/09/17,0,3591000,-4449897,-858897
2013/09/18,0,1922583,-2196000,-273417
2013/09/19,0,0,0,0
2013/09/20,0,0,0,0
2013/09/23,0,5699700,-3919300,1780400
2013/09/24,0,4024000,-2341914,1682086
2013/09/25,0,2116000,-2394000,-278000
2013/09/26,0,4462000,-2337650,2124350
2013/09/27,0,3440000,-2820817,619183
2013/09/30,0,3844000,-3395961,448039
2013/10/01,0,1538000,-1459638,78362
2013/10/02,0,1948200,-1265650,682550
2013/10/03,0,6581471,-1468000,5113471
2013/10/04,0,2276150,-1896000,380150
2013/10/07,0,2101073,-2036000,65073
2013/10/08,0,3238000,-3463000,-225000
2013/10/09,0,1177275,-932000,245275
2013/10/10,0,0,0,0
2013/10/11,0,2474000,-1852000,622000
2013/10/14,0,1245700,-657617,588083
2013/10/15,0,2523000,-2230000,293000
2013/10/16,0,1928000,-849700,1078300
2013/10/17,0,1328000,-1469000,-141000
2013/10/18,0,1925151,-1585000,340151
2013/10/21,0,1466000,-1657500,-191500
2013/10/22,0,3316000,-4628971,-1312971
2013/10/23,0,1629006,-2490732,-861726
2013/10/24,0,3999000,-4568000,-569000
2013/10/25,0,4328000,-3784300,543700
2013/10/28,0,3031000,-1129000,1902000
2013/10/29,0,3521500,-2742651,778849
2013/10/30,0,3225000,-5343000,-2118000
2013/10/31,0,3079000,-4056661,-977661
2013/11/01,0,1052311,-1928000,-875689
2013/11/04,0,919000,-1155000,-236000
2013/11/05,0,1470000,-2302535,-832535
2013/11/06,0,1820000,-1939000,-119000
2013/11/07,0,2664000,-2181000,483000
2013/11/08,0,3480000,-2202550,1277450
2013/11/11,0,1849000,-2980000,-1131000
2013/11/12,0,3311000,-2083000,1228000
2013/11/13,0,1085925,-2043000,-957075
2013/11/14,0,1237539,-2649000,-1411461
2013/11/15,0,1504075,-2904052,-1399977
2013/11/18,0,3687450,-2509954,1177496
2013/11/19,0,2612977,-1895252,717725
2013/11/20,0,1258300,-1912486,-654186
2013/11/21,0,3337363,-3888651,-551288
2013/11/22,0,4980331,-2394000,2586331
2013/11/25,0,1549000,-1436500,112500
2013/11/26,0,3425054,-1940290,1484764
2013/11/27,0,2094073,-1294606,799467
2013/11/28,0,1689000,-1432610,256390
2013/11/29,0,2852000,-2895000,-43000
2013/12/02,0,2014073,-730000,1284073
2013/12/03,0,1395386,-1828055,-432669
2013/12/04,0,732000,-1663800,-931800
2013/12/05,0,2384000,-7354164,-4970164
2013/12/06,0,2530000,-3437249,-907249
2013/12/09,0,2570000,-2027928,542072
2013/12/10,0,3489500,-2448000,1041500
2013/12/11,0,1890000,-2621274,-731274
2013/12/12,0,2271678,-1047249,1224429
2013/12/13,0,1395000,-1215249,179751
2013/12/16,0,1274000,-2520538,-1246538
2013/12/17,0,4416000,-2467315,1948685
2013/12/18,0,5305000,-3334593,1970407
2013/12/19,0,3022520,-658280,2364240
2013/12/20,0,3634258,-2345119,1289139
2013/12/23,0,1054000,-1131716,-77716
2013/12/24,0,670000,-275000,395000
2013/12/25,0,243000,-115000,128000
2013/12/26,0,604000,-991000,-387000
2013/12/27,0,1518000,-1038000,480000
2013/12/30,0,1582000,-2140009,-558009
2013/12/31,0,1529000,-1158739,370261
2014/01/02,0,780147,-478723,301424
2014/01/03,0,390000,-954720,-564720
2014/01/06,0,574951,-993260,-418309
2014/01/07,0,2203000,-2100911,102089
2014/01/08,0,1203000,-1818636,-615636
2014/01/09,0,1218000,-1512745,-294745
2014/01/10,0,631000,-2522679,-1891679
2014/01/13,0,962000,-621244,340756
2014/01/14,0,1295000,-1689564,-394564
2014/01/15,0,1311000,-1736053,-425053
2014/01/16,0,1747000,-770218,976782
2014/01/17,0,785073,-1763879,-978806
2014/01/20,0,1639000,-897000,742000
2014/01/21,0,1383000,-1310218,72782
2014/01/22,0,2441000,-2957000,-516000
2014/01/23,0,1861000,-3596000,-1735000
2014/01/24,0,1824000,-2172759,-348759
2014/01/27,0,3070000,-5932494,-2862494
2014/02/05,0,10740360,-18497997,-7757637
2014/02/06,0,27159936,-32421371,-5261435
2014/02/07,0,6651000,-10179000,-3528000
2014/02/10,0,1613000,-8978820,-7365820
2014/02/11,0,6697342,-9192077,-2494735
2014/02/12,0,4797900,-3094562,1703338
2014/02/13,0,2097463,-1888000,209463
2014/02/14,0,3439500,-2536096,903404
2014/02/17,0,1163000,-1632000,-469000
2014/02/18,0,2164700,-641130,1523570
2014/02/19,0,1832000,-2194000,-362000
2014/02/20,0,3990475,-5589483,-1599008
2014/02/21,0,4109000,-4690000,-581000
2014/02/24,0,2750400,-3711140,-960740
2014/02/25,0,3473350,-3620222,-146872
2014/02/26,0,4899000,-3679409,1219591
2014/02/27,0,6342317,-3603093,2739224
2014/03/03,0,6420000,-5056000,1364000
2014/03/04,0,2410000,-4152330,-1742330
2014/03/05,0,10976000,-9739435,1236565
2014/03/06,0,4719000,-4750000,-31000
2014/03/07,0,2929000,-2609000,320000
2014/03/10,0,1826000,-864946,961054
2014/03/11,0,2009000,-2249980,-240980
2014/03/12,0,3346000,-1967301,1378699
2014/03/13,0,10312000,-3577651,6734349
2014/03/14,0,5249000,-5202000,47000
2014/03/17,0,3545500,-3036913,508587
2014/03/18,0,5015000,-3125860,1889140
2014/03/19,0,6966300,-5466000,1500300
2014/03/20,0,8707000,-8946000,-239000
2014/03/21,0,5655000,-5826000,-171000
2014/03/24,0,5920283,-1180937,4739346
2014/03/25,0,3317000,-2911680,405320
2014/03/26,0,4416000,-2869600,1546400
2014/03/27,0,3552000,-2713000,839000
2014/03/28,0,2046441,-2089000,-42559
2014/03/31,0,5640167,-1896000,3744167
2014/04/01,0,3222000,-2218316,1003684
2014/04/02,0,4647000,-1166056,3480944
2014/04/03,0,2949800,-2882040,67760
2014/04/07,0,5876780,-8522000,-2645220
2014/04/08,0,7806946,-7977492,-170546
2014/04/09,0,1771000,-3111000,-1340000
2014/04/10,0,2582600,-3243000,-660400
2014/04/11,0,999000,-4198200,-3199200
2014/04/14,0,957000,-695450,261550
2014/04/15,0,2226000,-3584310,-1358310
2014/04/16,0,1707000,-3199000,-1492000
2014/04/17,0,1467550,-2474200,-1006650
2014/04/18,0,501000,-1119020,-618020
2014/04/21,0,774000,-1209600,-435600
2014/04/22,0,1981000,-2931275,-950275
2014/04/23,0,697000,-4357337,-3660337
2014/04/24,0,2231000,-2672000,-441000
2014/04/25,0,1735010,-1955500,-220490
2014/04/28,0,5860000,-4234000,1626000
2014/04/29,0,2665000,-4481000,-1816000
2014/04/30,0,3679465,-5591000,-1911535
2014/05/02,0,3221000,-2687000,534000
2014/05/05,0,1436270,-1350150,86120
2014/05/06,0,1189000,-455000,734000
2014/05/07,0,1362000,-2790000,-1428000
2014/05/08,0,1150000,-2131000,-981000
2014/05/09,0,1374000,-3842248,-2468248
2014/05/12,0,2122946,-4543400,-2420454
2014/05/13,0,3198000,-4414000,-1216000
2014/05/14,0,2751000,-1605767,1145233
2014/05/15,0,3697000,-2538750,1158250
2014/05/16,0,2117000,-1006000,1111000
2014/05/19,0,2370000,-2265648,104352
2014/05/20,0,2003000,-1833792,169208
2014/05/21,0,841000,-921000,-80000
2014/05/22,0,2747000,-960500,1786500
2014/05/23,0,1796000,-1976208,-180208
2014/05/26,0,2164000,-401000,1763000
2014/05/27,0,330000,-697000,-367000
2014/05/28,0,2823000,-3232823,-409823
2014/05/29,0,4234226,-2872232,1361994
2014/05/30,0,5776000,-4747871,1028129
2014/06/03,0,3626000,-2674810,951190
2014/06/04,0,1633000,-3070536,-1437536
2014/06/05,0,1028000,-3093330,-2065330
2014/06/06,0,1918600,-3400701,-1482101
2014/06/09,0,1470000,-1430800,39200
2014/06/10,0,1636716,-1849440,-212724
2014/06/11,0,2257000,-2710474,-453474
2014/06/12,0,2250000,-2004000,246000
2014/06/13,0,2059357,-2519900,-460543
2014/06/16,0,641000,-1789167,-1148167
2014/06/17,0,1637000,-2442000,-805000
2014/06/18,0,6974000,-1251000,5723000
2014/06/19,0,6881803,-1687000,5194803
2014/06/20,0,4489500,-2057000,2432500
2014/06/23,0,5086000,-2255188,2830812
2014/06/24,0,3235000,-1566525,1668475
2014/06/25,0,2103000,-1107350,995650
2014/06/26,0,2692875,-2261000,431875
2014/06/27,0,3222310,-2887000,335310
2014/06/30,0,3327000,-2533000,794000
2014/07/01,0,1813000,-2662400,-849400
2014/07/02,0,4706123,-7764618,-3058495
2014/07/03,0,2187000,-6365000,-4178000
2014/07/04,0,1873000,-3941000,-2068000
2014/07/07,0,1518803,-3733000,-2214197
2014/07/08,0,1584800,-3688533,-2103733
2014/07/09,0,1139430,-1348533,-209103
2014/07/10,0,2982256,-3666000,-683744
2014/07/11,0,1631540,-1296000,335540
2014/07/14,0,2611000,-3253700,-642700
2014/07/15,0,2114502,-1818000,296502
2014/07/16,0,2095072,-929000,1166072
2014/07/17,0,2802179,-1227000,1575179
2014/07/18,0,1631000,-1708000,-77000
2014/07/21,0,1267000,-1244540,22460
2014/07/22,0,1849000,-1138600,710400
2014/07/23,0,0,0,0
2014/07/24,0,3908641,-3171000,737641
2014/07/25,0,814000,-1234000,-420000
2014/07/28,0,4266446,-4277500,-11054
2014/07/29,0,5302000,-3492810,1809190
2014/07/30,0,2513000,-2550500,-37500
2014/07/31,0,5275000,-4224637,1050363
2014/08/01,0,3606000,-4362000,-756000
2014/08/04,0,11786056,-11377000,409056
2014/08/05,0,3353410,-4225664,-872254
2014/08/06,0,3312000,-4367000,-1055000
2014/08/07,0,4101986,-3581775,520211
2014/08/08,0,2229318,-2628032,-398714
2014/08/11,0,1382000,-2938871,-1556871
2014/08/12,0,667000,-1797888,-1130888
2014/08/13,0,2283000,-2015500,267500
2014/08/14,0,1731000,-1751000,-20000
2014/08/15,0,1421000,-1555980,-134980
2014/08/18,0,1942000,-1463000,479000
2014/08/19,0,2134415,-1886000,248415
2014/08/20,0,3865503,-5724830,-1859327
2014/08/21,0,1772000,-1367040,404960
2014/08/22,0,4424090,-5670000,-1245910
2014/08/25,0,1629085,-1107100,521985
2014/08/26,0,2412560,-2276980,135580
2014/08/27,0,5049000,-5932000,-883000
2014/08/28,0,2334540,-2615898,-281358
2014/08/29,0,3738000,-4593135,-855135
2014/09/01,0,3121000,-2234000,887000
2014/09/02,0,2399000,-1246000,1153000
2014/09/03,0,3901259,-1663526,2237733
2014/09/04,0,2090307,-4330000,-2239693
2014/09/05,0,6787000,-8646000,-1859000
2014/09/09,0,3192341,-3308426,-116085
2014/09/10,0,2516181,-3794900,-1278719
2014/09/11,0,2038000,-5911000,-3873000
2014/09/12,0,2155641,-5364840,-3209199
2014/09/15,0,2951000,-2464000,487000
2014/09/16,0,1164421,-2949331,-1784910
2014/09/17,0,1355000,-3873000,-2518000
2014/09/18,0,1881646,-4405300,-2523654
2014/09/19,0,2219000,-8151043,-5932043
2014/09/22,0,2089988,-6213235,-4123247
2014/09/23,0,2676000,-3671000,-995000
2014/09/24,0,2038336,-4185500,-2147164
2014/09/25,0,1579000,-2627280,-1048280
2014/09/26,0,2602206,-5134386,-2532180
2014/09/29,0,5272000,-8768000,-3496000
2014/09/30,0,6237000,-7807900,-1570900
2014/10/01,0,3750000,-3755000,-5000
2014/10/02,0,2421000,-3395000,-974000
2014/10/03,0,948861,-2839000,-1890139
2014/10/06,0,4077999,-3136000,941999
2014/10/07,0,6830800,-3763843,3066957
2014/10/08,0,1797000,-4003960,-2206960
2014/10/09,0,2299115,-6125000,-3825885
2014/10/13,0,5266000,-8875300,-3609300
2014/10/14,0,4448000,-4060500,387500
2014/10/15,0,6384885,-6677014,-292129
2014/10/16,0,6227000,-7296351,-1069351
2014/10/17,0,5243000,-6131000,-888000
2014/10/20,0,3784044,-5159365,-1375321
2014/10/21,0,3141050,-3262000,-120950
2014/10/22,0,2601769,-3142830,-541061
2014/10/23,0,2672769,-2532000,140769
2014/10/24,0,4080000,-4125890,-45890
2014/10/27,0,5131000,-5984000,-853000
2014/10/28,0,4314095,-6877000,-2562905
2014/10/29,0,4930807,-4470000,460807
2014/10/30,0,7722595,-12584151,-4861556
2014/10/31,0,7333587,-7294400,39187
2014/11/03,0,6717937,-9043000,-2325063
2014/11/04,0,3574000,-5821702,-2247702
2014/11/05,0,4106000,-6255000,-2149000
2014/11/06,0,4027490,-6648000,-2620510
2014/11/07,0,2582000,-2103000,479000
2014/11/10,0,3284000,-4333400,-1049400
2014/11/11,0,2071000,-2195000,-124000
2014/11/12,0,2317090,-3631400,-1314310
2014/11/13,0,2063001,-3138001,-1075000
2014/11/14,0,3786000,-6189000,-2403000
2014/11/17,0,3865001,-5980601,-2115600
2014/11/18,0,3480073,-5589000,-2108927
2014/11/19,0,4904109,-7485052,-2580943
2014/11/20,0,2400340,-5375635,-2975295
2014/11/21,0,2698269,-1965200,733069
2014/11/24,0,4919000,-3092295,1826705
2014/11/25,0,5230690,-6928663,-1697973
2014/11/26,0,2027000,-1813000,214000
2014/11/27,0,5348000,-3612000,1736000
2014/11/28,0,2317000,-2623544,-306544
2014/12/01,0,4026550,-4681181,-654631
2014/12/02,0,2773326,-3937000,-1163674
2014/12/03,0,1902860,-1925425,-22565
2014/12/04,0,1855400,-2311000,-455600
2014/12/05,0,2357000,-1845700,511300
2014/12/08,0,1582578,-813500,769078
2014/12/09,0,2468653,-3138500,-669847
2014/12/10,0,3469800,-2519611,950189
2014/12/11,0,1814472,-2514049,-699577
2014/12/12,0,962073,-2821150,-1859077
2014/12/15,0,1671462,-2175000,-503538
2014/12/16,0,3454066,-1490024,1964042
2014/12/17,0,4435058,-6513422,-2078364
2014/12/18,0,4031000,-2686918,1344082
2014/12/19,0,2284161,-1311000,973161
2014/12/22,0,2035353,-1119000,916353
2014/12/23,0,1327362,-1537200,-209838
2014/12/24,0,1282000,-785000,497000
2014/12/25,0,228000,-574000,-346000
2014/12/26,0,708000,-433000,275000
2014/12/29,0,1624023,-345023,1279000
2014/12/30,0,697003,-557532,139471
2014/12/31,0,1112000,-829000,283000
2015/01/01,0,0,0,0
2015/01/02,0,0,0,0
2015/01/05,0,977001,-1301468,-324467
2015/01/06,0,776000,-3966936,-3190936
2015/01/07,0,2052336,-3667488,-1615152
2015/01/08,0,984266,-2128820,-1144554
2015/01/09,0,3055208,-1824926,1230282
2015/01/12,0,1179000,-2318300,-1139300
2015/01/13,0,4095424,-7396260,-3300836
2015/01/14,0,6618000,-2941500,3676500
2015/01/15,0,2086000,-1579840,506160
2015/01/16,0,1450000,-2662783,-1212783
2015/01/19,0,3388000,-1679445,1708555
2015/01/20,0,2159000,-1287868,871132
2015/01/21,0,3940000,-3044045,895955
2015/01/22,0,3567000,-1961550,1605450
2015/01/23,0,7231000,-2461286,4769714
2015/01/26,0,5873000,-2480494,3392506
2015/01/27,0,9914000,-2686584,7227416
2015/01/28,0,4660000,-2276078,2383922
2015/01/29,0,4391000,-2670507,1720493
2015/01/30,0,4106000,-2128487,1977513
2015/02/02,0,3157024,-965000,2192024
2015/02/03,0,2624000,-1835490,788510
2015/02/04,0,8166812,-3705505,4461307
2015/02/05,0,1047000,-1444162,-397162
2015/02/06,0,2454000,-1135000,1319000
2015/02/09,0,1200728,-761311,439417
2015/02/10,0,1523000,-1827000,-304000
2015/02/11,0,3635220,-1441000,2194220
2015/02/12,0,5120866,-1723996,3396870
2015/02/13,0,4222000,-1358084,2863916
2015/02/16,0,0,0,0
2015/02/17,0,0,0,0
2015/02/18,0,0,0,0
2015/02/19,0,0,0,0
2015/02/20,0,0,0,0
2015/02/23,0,0,0,0
2015/02/24,0,5246000,-4269001,976999
2015/02/25,0,3743776,-1742343,2001433
2015/02/26,0,4657000,-3128715,1528285
2015/02/27,0,0,0,0
2015/03/02,0,7199747,-3806317,3393430
2015/03/03,0,4256181,-997000,3259181
2015/03/04,0,3775000,-735000,3040000
2015/03/05,0,2795277,-808000,1987277
2015/03/06,0,3720000,-1822101,1897899
2015/03/09,0,2769240,-2008659,760581
2015/03/10,0,2626493,-1876020,750473
2015/03/11,0,2734000,-2957000,-223000
2015/03/12,0,3340000,-2780335,559665
2015/03/13,0,2813000,-1287332,1525668
2015/03/16,0,1484000,-1444240,39760
2015/03/17,0,3987000,-6828824,-2841824
2015/03/18,0,6269000,-4860152,1408848
2015/03/19,0,4043135,-3633000,410135
2015/03/20,0,2292750,-3522440,-1229690
2015/03/23,0,1215000,-1018741,196259
2015/03/24,0,5028998,-4166747,862251
2015/03/25,0,3305716,-3467000,-161284
2015/03/26,0,5271891,-6324000,-1052109
2015/03/27,0,4387970,-5831325,-1443355
2015/03/30,0,2554677,-2783000,-228323
2015/03/31,0,1813348,-1991720,-178372
2015/04/01,0,3478674,-3838000,-359326
2015/04/02,0,5598073,-4796300,801773
2015/04/03,0,0,0,0
2015/04/06,0,0,0,0
2015/04/07,0,4839107,-2530360,2308747
2015/04/08,0,2588664,-1770000,818664
2015/04/09,0,3232500,-2417000,815500
2015/04/10,0,3422000,-3016444,405556
2015/04/13,0,4604000,-5506783,-902783
2015/04/14,0,4206822,-3354207,852615
2015/04/15,0,3132000,-4553072,-1421072
2015/04/16,0,2465665,-1177000,1288665
2015/04/17,0,2406742,-2642262,-235520
2015/04/20,0,4743000,-5257334,-514334
2015/04/21,0,1258000,-1343880,-85880
2015/04/22,0,3643148,-3234325,408823
2015/04/23,0,5415000,-5361864,53136
2015/04/24,0,7146000,-4951719,2194281
2015/04/27,0,3642830,-1454133,2188697
2015/04/28,0,2114000,-2870000,-756000
2015/04/29,0,2945000,-1951000,994000
2015/04/30,0,2722326,-7069155,-4346829
2015/05/01,0,0,0,0
2015/05/04,0,6300044,-4776386,1523658
2015/05/05,0,2857000,-5449156,-2592156
2015/05/06,0,1818000,-2620000,-802000
2015/05/07,0,648200,-3273680,-2625480
2015/05/08,0,711629,-3661000,-2949371
2015/05/11,0,1844659,-5380500,-3535841
2015/05/12,0,3522000,-4266287,-744287
2015/05/13,0,2774000,-9356000,-6582000
2015/05/14,0,6297550,-8945200,-2647650
2015/05/15,0,4111000,-4100238,10762
2015/05/18,0,2484901,-4424000,-1939099
2015/05/19,0,2318398,-5021850,-2703452
2015/05/20,0,1621000,-2827000,-1206000
2015/05/21,0,2325000,-5262000,-2937000
2015/05/22,0,3171000,-4164226,-993226
2015/05/25,0,1351000,-1720000,-369000
2015/05/26,0,2261000,-1246000,1015000
2015/05/27,0,2213000,-2214023,-1023
2015/05/28,0,5800923,-5981742,-180819
2015/05/29,0,5049059,-5690768,-641709
2015/06/01,0,1560095,-3092000,-1531905
2015/06/02,0,1154230,-2645000,-1490770
2015/06/03,0,3343000,-5304503,-1961503
2015/06/04,0,1573000,-4651093,-3078093
2015/06/05,0,2014000,-2432500,-418500
2015/06/08,0,833000,-2042038,-1209038
2015/06/09,0,2803000,-3168643,-365643
2015/06/10,0,3772000,-5659000,-1887000
2015/06/11,0,9249000,-13291000,-4042000
2015/06/12,0,4973500,-5483703,-510203
2015/06/15,0,4266000,-2648000,1618000
2015/06/16,0,3324966,-2857000,467966
2015/06/17,0,4931000,-4803856,127144
2015/06/18,0,3250265,-4315778,-1065513
2015/06/19,0,0,0,0
2015/06/22,0,3578573,-2262777,1315796
2015/06/23,0,2709929,-4801414,-2091485
2015/06/24,0,2957128,-2283028,674100
2015/06/25,0,8095893,-7024244,1071649
2015/06/26,0,1413122,-2082000,-668878
2015/06/29,0,3173400,-5082850,-1909450
2015/06/30,0,4266000,-4205741,60259
2015/07/01,0,2957000,-3469901,-512901
2015/07/02,0,5525326,-5571000,-45674
2015/07/03,0,1400000,-2234265,-834265
2015/07/06,0,4261000,-3709000,552000
2015/07/07,0,4844996,-4327924,517072
2015/07/08,0,4532100,-3880115,651985
2015/07/09,0,5268000,-5077000,191000
2015/07/10,0,0,0,0
2015/07/13,0,8339000,-9309222,-970222
2015/07/14,0,3822565,-3561699,260866
2015/07/15,0,3083000,-2816601,266399
2015/07/16,0,4262300,-2620000,1642300
2015/07/17,0,1739700,-1637721,101979
2015/07/20,0,4613483,-3407449,1206034
2015/07/21,0,1934240,-1845000,89240
2015/07/22,0,1859000,-1462770,396230
2015/07/23,0,2552030,-2700000,-147970
2015/07/24,0,2692073,-1499036,1193037
2015/07/27,0,3263970,-2787824,476146
2015/07/28,0,3727334,-3471094,256240
2015/07/29,0,5032130,-5546474,-514344
2015/07/30,0,5749095,-5547022,202073
2015/07/31,0,3972467,-5196676,-1224209
2015/08/03,0,4176648,-5673000,-1496352
2015/08/04,0,7245000,-5978492,1266508
2015/08/05,0,2301554,-1735185,566369
2015/08/06,0,1836000,-1896915,-60915
2015/08/07,0,1071319,-1481446,-410127
2015/08/10,0,884000,-1234500,-350500
2015/08/11,0,2639116,-2566000,73116
2015/08/12,0,1053000,-1755000,-702000
2015/08/13,0,2251000,-2078618,172382
2015/08/14,0,2223000,-1511512,711488
2015/08/17,0,1812748,-2265432,-452684
2015/08/18,0,1009891,-1781157,-771266
2015/08/19,0,1959483,-3291000,-1331517
2015/08/20,0,752512,-3395613,-2643101
2015/08/21,0,2350528,-4464850,-2114322
2015/08/24,0,7347749,-7410611,-62862
2015/08/25,0,3413079,-3699728,-286649
2015/08/26,0,1903000,-5027455,-3124455
2015/08/27,0,3109900,-4010000,-900100
2015/08/28,0,4583638,-3293795,1289843
2015/08/31,0,5496172,-3950934,1545238
2015/09/01,0,2687946,-3967776,-1279830
2015/09/02,0,4013000,-2653153,1359847
2015/09/03,0,6940000,-6421000,519000
2015/09/04,0,4429582,-3714167,715415
2015/09/07,0,3041000,-2465990,575010
2015/09/08,0,1103000,-1802678,-699678
2015/09/09,0,7743902,-2186200,5557702
2015/09/10,0,3259489,-750000,2509489
2015/09/11,0,2877710,-1199835,1677875
2015/09/14,0,1929000,-1439000,490000
2015/09/15,0,2753200,-6198765,-3445565
2015/09/16,0,4720666,-5645622,-924956
2015/09/17,0,5645000,-4608449,1036551
2015/09/18,0,4350948,-5803899,-1452951
2015/09/21,0,2608000,-3877800,-1269800
2015/09/22,0,2407344,-2204016,203328
2015/09/23,0,823000,-3493425,-2670425
2015/09/24,0,1995000,-3920402,-1925402
2015/09/25,0,1229000,-2372000,-1143000
2015/09/28,0,0,0,0
2015/09/29,0,0,0,0
2015/09/30,0,4763210,-5594590,-831380
2015/10/01,0,6372721,-6392181,-19460
2015/10/02,0,2117276,-3699270,-1581994
2015/10/05,0,2061000,-2001825,59175
2015/10/06,0,2486000,-1599476,886524
2015/10/07,0,3834963,-2970000,864963
2015/10/08,0,4499600,-3486446,1013154
2015/10/09,0,0,0,0
2015/10/12,0,3225000,-3613300,-388300
2015/10/13,0,3372344,-3265610,106734
2015/10/14,0,3767000,-3698304,68696
2015/10/15,0,2910000,-4508844,-1598844
2015/10/16,0,6505000,-5953167,551833
2015/10/19,0,2813000,-2635000,178000
2015/10/20,0,1648000,-1837401,-189401
2015/10/21,0,4703000,-4251329,451671
2015/10/22,0,2169000,-2280998,-111998
2015/10/23,0,6331418,-4492000,1839418
2015/10/26,0,2782000,-2970074,-188074
2015/10/27,0,6489000,-6472220,16780
2015/10/28,0,4232078,-4781634,-549556
2015/10/29,0,4141000,-4814338,-673338
2015/10/30,0,5119000,-4575712,543288
2015/11/02,0,5306268,-5860000,-553732
2015/11/03,0,4004000,-5830052,-1826052
2015/11/04,0,5721000,-7952264,-2231264
2015/11/05,0,2971000,-2441000,530000
2015/11/06,0,4054000,-3064501,989499
2015/11/09,0,3867240,-3415000,452240
2015/11/10,0,4454000,-5818569,-1364569
2015/11/11,0,1727579,-5164595,-3437016
2015/11/12,0,3093000,-5075550,-1982550
2015/11/13,0,1782000,-1769310,12690
2015/11/16,0,3769000,-3941512,-172512
2015/11/17,0,4008000,-4446351,-438351
2015/11/18,0,3797020,-6559000,-2761980
2015/11/19,0,3126000,-2343356,782644
2015/11/20,0,1844000,-2835192,-991192
2015/11/23,0,1001176,-728000,273176
2015/11/24,0,3213000,-2693468,519532
2015/11/25,0,995014,-1300014,-305000
2015/11/26,0,3737000,-2737846,999154
2015/11/27,0,1058000,-2123131,-1065131
2015/11/30,0,5243993,-8219094,-2975101
2015/12/01,0,3736945,-5170921,-1433976
2015/12/02,0,2142975,-1917904,225071
2015/12/03,0,2573093,-2862815,-289722
2015/12/04,0,1414000,-2368628,-954628
2015/12/07,0,3392000,-2670775,721225
2015/12/08,0,1273791,-4380688,-3106897
2015/12/09,0,428000,-2401107,-1973107
2015/12/10,0,2107000,-3692923,-1585923
2015/12/11,0,1796817,-3314488,-1517671
2015/12/14,0,1094798,-1270922,-176124
2015/12/15,0,1321000,-2284800,-963800
2015/12/16,0,2725000,-2225250,499750
2015/12/17,0,3564442,-3406956,157486
2015/12/18,0,3476248,-3369077,107171
2015/12/21,0,2459000,-2478089,-19089
2015/12/22,0,2479126,-1369712,1109414
2015/12/23,0,803763,-1450912,-647149
2015/12/24,0,1137057,-483489,653568
2015/12/25,0,463000,-519000,-56000
2015/12/28,0,1065000,-1185000,-120000
2015/12/29,0,1072000,-2195477,-1123477
2015/12/30,0,1126497,-933111,193386
2015/12/31,0,1388732,-1889000,-500268
2016/01/01,0,0,0,0
2016/01/04,0,2797040,-5103465,-2306425
2016/01/05,0,3531569,-4566364,-1034795
2016/01/06,0,2303745,-2849939,-546194
2016/01/07,0,1748923,-3900211,-2151288
2016/01/08,0,1713363,-3022807,-1309444
2016/01/11,0,1660637,-2728063,-1067426
2016/01/12,0,1455000,-1922467,-467467
2016/01/13,0,1097881,-2398681,-1300800
2016/01/14,0,863932,-5651405,-4787473
2016/01/15,0,1985637,-4406344,-2420707
2016/01/18,0,2473123,-5698606,-3225483
2016/01/19,0,4004115,-8011043,-4006928
2016/01/20,0,6448561,-8594680,-2146119
2016/01/21,0,5334764,-7350570,-2015806
2016/01/22,0,7378000,-4648732,2729268
2016/01/25,0,4302461,-2212000,2090461
2016/01/26,0,3911673,-4620615,-708942
2016/01/27,0,1995000,-1801939,193061
2016/01/28,0,3166000,-3755137,-589137
2016/01/29,0,4484222,-3668232,815990
2016/02/01,0,4230621,-4668567,-437946
2016/02/02,0,1850646,-2669282,-818636
2016/02/03,0,1844076,-3167713,-1323637
2016/02/04,0,0,0,0
2016/02/05,0,0,0,0
2016/02/08,0,0,0,0
2016/02/09,0,0,0,0
2016/02/10,0,0,0,0
2016/02/11,0,0,0,0
2016/02/12,0,0,0,0
2016/02/15,0,4226635,-4359492,-132857
2016/02/16,0,5227279,-3433778,1793501
2016/02/17,0,2667229,-4074891,-1407662
2016/02/18,0,2185000,-3022261,-837261
2016/02/19,0,2359966,-1852502,507464
2016/02/22,0,978000,-1159318,-181318
2016/02/23,0,1817389,-2918979,-1101590
2016/02/24,0,2235192,-3426135,-1190943
2016/02/25,0,3555156,-7680622,-4125466
2016/02/26,0,6928785,-6161239,767546
2016/02/29,0,0,0,0
2016/03/01,0,3135476,-4955967,-1820491
2016/03/02,0,1339275,-1985068,-645793
2016/03/03,0,5354227,-2805000,2549227
2016/03/04,0,2126048,-2751050,-625002
2016/03/07,0,2238051,-2239000,-949
2016/03/08,0,2362288,-1798112,564176
2016/03/09,0,1579463,-2128000,-548537
2016/03/10,0,2006000,-1589725,416275
2016/03/11,0,2591218,-3958317,-1367099
2016/03/14,0,3226000,-7050653,-3824653
2016/03/15,0,1827058,-2833553,-1006495
2016/03/16,0,2857579,-2656727,200852
2016/03/17,0,3318678,-3824303,-505625
2016/03/18,0,5770716,-4568922,1201794
2016/03/21,0,2706201,-2122316,583885
2016/03/22,0,2213542,-1871105,342437
2016/03/23,0,1732995,-1952000,-219005
2016/03/24,0,2038735,-3055331,-1016596
2016/03/25,0,649000,-1873000,-1224000
2016/03/28,0,2165000,-2186881,-21881
2016/03/29,0,2431000,-3042105,-611105
2016/03/30,0,3274000,-2086869,1187131
2016/03/31,0,3617000,-3285159,331841
2016/04/01,0,2094531,-2775394,-680863
2016/04/04,0,0,0,0
2016/04/05,0,0,0,0
2016/04/06,0,5665427,-4659939,1005488
2016/04/07,0,1916662,-2623645,-706983
2016/04/08,0,2328000,-2494175,-166175
2016/04/11,0,2190349,-2368100,-177751
2016/04/12,0,2240000,-2082275,157725
2016/04/13,0,4937000,-3921010,1015990
2016/04/14,0,4010000,-2535168,1474832
2016/04/15,0,6779961,-1832969,4946992
2016/04/18,0,5591399,-4800307,791092
2016/04/19,0,5229999,-5140194,89805
2016/04/20,0,5211518,-3293000,1918518
2016/04/21,0,4737292,-2155316,2581976
2016/04/22,0,1475398,-1187800,287598
2016/04/25,0,1499803,-1545616,-45813
2016/04/26,0,2603544,-1860363,743181
2016/04/27,0,4796000,-3252000,1544000
2016/04/28,0,3650536,-4189329,-538793
2016/04/29,0,4753066,-4180831,572235
2016/05/02,0,0,0,0
2016/05/03,0,2776687,-3295874,-519187
2016/05/04,0,3703000,-5431502,-1728502
2016/05/05,0,2082428,-3835975,-1753547
2016/05/06,0,1529000,-3629000,-2100000
2016/05/09,0,1270000,-1975307,-705307
2016/05/10,0,1626000,-3026716,-1400716
2016/05/11,0,2232913,-4749684,-2516771
2016/05/12,0,1801518,-4832149,-3030631
2016/05/13,0,2052000,-2889975,-837975
2016/05/16,0,1929000,-1857439,71561
2016/05/17,0,1366000,-1757889,-391889
2016/05/18,0,2730388,-2863000,-132612
2016/05/19,0,1454596,-2720287,-1265691
2016/05/20,0,1169680,-1847483,-677803
2016/05/23,0,3285150,-3692717,-407567
2016/05/24,0,519421,-702000,-182579
2016/05/25,0,1554000,-1729000,-175000
2016/05/26,0,1284000,-1004000,280000
2016/05/27,0,2356000,-2250113,105887
2016/05/30,0,2307340,-2020958,286382
2016/05/31,0,4674079,-4211566,462513
2016/06/01,0,1964000,-2593008,-629008
2016/06/02,0,2305000,-3086806,-781806
2016/06/03,0,3501000,-390754,3110246
2016/06/06,0,2532076,-935260,1596816
2016/06/07,0,5399538,-1045420,4354118
2016/06/08,0,4151000,-2115225,2035775
2016/06/09,0,0,0,0
2016/06/10,0,0,0,0
2016/06/13,0,3985000,-5004503,-1019503
2016/06/14,0,2896952,-1017000,1879952
2016/06/15,0,1859955,-3673173,-1813218
2016/06/16,0,4713000,-5766341,-1053341
2016/06/17,0,3419224,-1793182,1626042
2016/06/20,0,2067928,-2359000,-291072
2016/06/21,0,2494000,-326308,2167692
2016/06/22,0,1835732,-1061371,774361
2016/06/23,0,1231202,-884702,346500
2016/06/24,0,3828603,-6143609,-2315006
2016/06/27,0,2382300,-2114000,268300
2016/06/28,0,1815000,-2659472,-844472
2016/06/29,0,3648000,-2925062,722938
2016/06/30,0,3359000,-4288735,-929735
2016/07/01,0,2919000,-1351052,1567948
2016/07/04,0,1891530,-921000,970530
2016/07/05,0,582991,-1059296,-476305
2016/07/06,0,2119875,-2908275,-788400
2016/07/07,0,6927000,-1766337,5160663
2016/07/08,0,0,0,0
2016/07/11,0,5467000,-1588392,3878608
2016/07/12,0,3669600,-2334546,1335054
2016/07/13,0,4284784,-952000,3332784
2016/07/14,0,6927000,-2792628,4134372
2016/07/15,0,5173202,-2302764,2870438
2016/07/18,0,4923000,-1634006,3288994
2016/07/19,0,5049000,-1615400,3433600
2016/07/20,0,9346002,-1882716,7463286
2016/07/21,0,6404858,-2584489,3820369
2016/07/22,0,3087000,-994215,2092785
2016/07/25,0,3514102,-1844000,1670102
2016/07/26,0,3704357,-1773000,1931357
2016/07/27,0,4574000,-4202141,371859
2016/07/28,0,3964152,-3164000,800152
2016/07/29,0,4420043,-2847424,1572619
2016/08/01,0,5606152,-2817000,2789152
2016/08/02,0,4023000,-859165,3163835
2016/08/03,0,1309975,-1440000,-130025
2016/08/04,0,1337250,-475000,862250
2016/08/05,0,3277111,-275581,3001530
2016/08/08,0,3886309,-2092000,1794309
2016/08/09,0,2415000,-1105000,1310000
2016/08/10,0,2186000,-1491010,694990
2016/08/11,0,2248242,-1316415,931827
2016/08/12,0,3482500,-463000,3019500
2016/08/15,0,4081963,-1837408,2244555
2016/08/16,0,2783000,-2055951,727049
2016/08/17,0,3100864,-1216310,1884554
2016/08/18,0,2984326,-1618563,1365763
2016/08/19,0,4530989,-4267000,263989
2016/08/22,0,3338000,-2002000,1336000
2016/08/23,0,3395764,-2211646,1184118
2016/08/24,0,1718353,-1119000,599353
2016/08/25,0,5207315,-4401105,806210
2016/08/26,0,1840973,-1501079,339894
2016/08/29,0,1541000,-1844500,-303500
2016/08/30,0,2341664,-2479000,-137336
2016/08/31,0,2707451,-4111800,-1404349
2016/09/01,0,2534432,-2221443,312989
2016/09/02,0,2369468,-990000,1379468
2016/09/05,0,2586000,-780000,1806000
2016/09/06,0,3259569,-1159315,2100254
2016/09/07,0,2166000,-1435711,730289
2016/09/08,0,1928000,-2036000,-108000
2016/09/09,0,1974000,-1366000,608000
2016/09/12,0,3002214,-4106388,-1104174
2016/09/13,0,3737000,-2625621,1111379
2016/09/14,0,3812306,-7338151,-3525845
2016/09/15,0,0,0,0
2016/09/16,0,0,0,0
2016/09/19,0,6294000,-3204877,3089123
2016/09/20,0,3848327,-2264257,1584070
2016/09/21,0,3507000,-3512869,-5869
2016/09/22,0,2336835,-3981200,-1644365
2016/09/23,0,2302494,-1561217,741277
2016/09/26,0,2755008,-1634119,1120889
2016/09/27,0,0,0,0
2016/09/28,0,0,0,0
2016/09/29,0,7501899,-4430711,3071188
2016/09/30,0,2864468,-2829756,34712
2016/10/03,0,2051155,-1750000,301155
2016/10/04,0,1617000,-875163,741837
2016/10/05,0,2125000,-1587000,538000
2016/10/06,0,2850745,-2112680,738065
2016/10/07,0,6061480,-6158367,-96887
2016/10/10,0,0,0,0
2016/10/11,0,2782305,-2431717,350588
2016/10/12,0,2328000,-2567927,-239927
2016/10/13,0,8897500,-8451635,445865
2016/10/14,0,1616482,-936440,680042
2016/10/17,0,2295544,-1713308,582236
2016/10/18,0,2014864,-1551000,463864
2016/10/19,0,2981992,-1251000,1730992
2016/10/20,0,3532000,-2678114,853886
2016/10/21,0,4554300,-3995115,559185
2016/10/24,0,1452000,-1067739,384261
2016/10/25,0,1447717,-878000,569717
2016/10/26,0,1291000,-1115015,175985
2016/10/27,0,2119162,-2455000,-335838
2016/10/28,0,1947000,-2700000,-753000
2016/10/31,0,2302696,-2861041,-558345
2016/11/01,0,1195301,-1554000,-358699
2016/11/02,0,1147711,-1478486,-330775
2016/11/03,0,1755000,-2672068,-917068
2016/11/04,0,894681,-1480000,-585319
2016/11/07,0,1198000,-1161424,36576
2016/11/08,0,1141081,-1081000,60081
2016/11/09,0,2053000,-3752112,-1699112
2016/11/10,0,2138000,-3062611,-924611
2016/11/11,0,2374950,-6826242,-4451292
2016/11/14,0,3265000,-5318086,-2053086
2016/11/15,0,2542000,-3524205,-982205
2016/11/16,0,2253297,-4161521,-1908224
2016/11/17,0,2171686,-3301000,-1129314
2016/11/18,0,1138000,-2989000,-1851000
2016/11/21,0,882000,-2525073,-1643073
2016/11/22,0,1890000,-3517017,-1627017
2016/11/23,0,3290252,-2768750,521502
2016/11/24,0,2088000,-3740987,-1652987
2016/11/25,0,1021000,-2039609,-1018609
2016/11/28,0,1305000,-1521000,-216000
2016/11/29,0,1608000,-2742802,-1134802
2016/11/30,0,6270607,-6392461,-121854
2016/12/01,0,3054259,-3835411,-781152
2016/12/02,0,3114000,-5793600,-2679600
2016/12/05,0,1764000,-2804859,-1040859
2016/12/06,0,1882000,-2965117,-1083117
2016/12/07,0,2037600,-2623224,-585624
2016/12/08,0,3303000,-3485079,-182079
2016/12/09,0,3386336,-2788900,597436
2016/12/12,0,1224856,-1233561,-8705
2016/12/13,0,2303030,-2760061,-457031
2016/12/14,0,1830100,-1870000,-39900
2016/12/15,0,1481147,-2907702,-1426555
2016/12/16,0,2657070,-4997719,-2340649
2016/12/19,0,2341000,-2395000,-54000
2016/12/20,0,1352302,-1282531,69771
2016/12/21,0,1938000,-1671031,266969
2016/12/22,0,676528,-2698000,-2021472
2016/12/23,0,726000,-1834049,-1108049
2016/12/26,0,32000,-282000,-250000
2016/12/27,0,361000,-744588,-383588
2016/12/28,0,1116000,-986059,129941
2016/12/29,0,892876,-1145917,-253041
2016/12/30,0,1836485,-904553,931932
2017/01/02,0,0,0,0
2017/01/03,0,906000,-1613000,-707000
2017/01/04,0,1491598,-2692279,-1200681
2017/01/05,0,3159133,-4117352,-958219
2017/01/06,0,2005000,-981000,1024000
2017/01/09,0,1316000,-1080109,235891
2017/01/10,0,585000,-1155080,-570080
2017/01/11,0,2402735,-1288000,1114735
2017/01/12,0,5718000,-5382961,335039
2017/01/13,0,5483193,-5382157,101036
2017/01/16,0,2152000,-2248965,-96965
2017/01/17,0,958926,-879000,79926
2017/01/18,0,1408000,-2029417,-621417
2017/01/19,0,3996000,-3547869,448131
2017/01/20,0,4179162,-2694565,1484597
2017/01/23,0,6307000,-3452320,2854680
2017/01/24,0,6075480,-3897525,2177955
2017/01/25,0,0,0,0
2017/01/26,0,0,0,0
2017/01/27,0,0,0,0
2017/01/30,0,0,0,0
2017/01/31,0,0,0,0
2017/02/01,0,0,0,0
2017/02/02,0,9406160,-7540618,1865542
2017/02/03,0,2587000,-1877414,709586
2017/02/06,0,3429000,-2279492,1149508
2017/02/07,0,3137528,-3827886,-690358
2017/02/08,0,2582888,-2751423,-168535
2017/02/09,0,2292583,-1955503,337080
2017/02/10,0,2111100,-3609285,-1498185
2017/02/13,0,1517296,-2139000,-621704
2017/02/14,0,2024000,-1995544,28456
2017/02/15,0,2622591,-1868064,754527
2017/02/16,0,2853000,-2308000,545000
2017/02/17,0,1102440,-1894000,-791560
2017/02/20,0,908800,-1253000,-344200
2017/02/21,0,969380,-2157000,-1187620
2017/02/22,0,743000,-1182217,-439217
2017/02/23,0,1313000,-1350525,-37525
2017/02/24,0,1516326,-2032187,-515861
2017/02/27,0,0,0,0
2017/02/28,0,0,0,0
2017/03/01,0,2143035,-3350466,-1207431
2017/03/02,0,3114929,-3157802,-42873
2017/03/03,0,1263000,-2566059,-1303059
2017/03/06,0,956674,-1165619,-208945
2017/03/07,0,1901635,-2138834,-237199
2017/03/08,0,971608,-1705611,-734003
2017/03/09,0,1962652,-3645852,-1683200
2017/03/10,0,1637381,-7969879,-6332498
2017/03/13,0,2804318,-7451086,-4646768
2017/03/14,0,7304607,-7645150,-340543
2017/03/15,0,2123000,-2943659,-820659
2017/03/16,0,3801000,-3226091,574909
2017/03/17,0,3660921,-2814523,846398
2017/03/20,0,1384000,-1769813,-385813
2017/03/21,0,3256474,-3095793,160681
2017/03/22,0,2446000,-4710749,-2264749
2017/03/23,0,1589201,-1409380,179821
2017/03/24,0,3543754,-4202276,-658522
2017/03/27,0,1951488,-2293503,-342015
2017/03/28,0,2207000,-2266301,-59301
2017/03/29,0,1753232,-2840688,-1087456
2017/03/30,0,3690000,-4039193,-349193
2017/03/31,0,3035166,-3837000,-801834
2017/04/03,0,0,0,0
2017/04/04,0,0,0,0
2017/04/05,0,4147702,-10359012,-6211310
2017/04/06,0,2830565,-6188000,-3357435
2017/04/07,0,1522739,-4127000,-2604261
2017/04/10,0,2003000,-1986577,16423
2017/04/11,0,2002000,-2836410,-834410
2017/04/12,0,3920798,-3182473,738325
2017/04/13,0,2370000,-2248000,122000
2017/04/14,0,377000,-448793,-71793
2017/04/17,0,744000,-479770,264230
2017/04/18,0,569000,-761555,-192555
2017/04/19,0,2326073,-2540714,-214641
2017/04/20,0,2912463,-2705000,207463
2017/04/21,0,1590000,-1186869,403131
2017/04/24,0,2418835,-1503420,915415
2017/04/25,0,3102393,-935145,2167248
2017/04/26,0,3976000,-1144000,2832000
2017/04/27,0,2494023,-1663000,831023
2017/04/28,0,4382720,-4317311,65409
2017/05/01,0,0,0,0
2017/05/02,0,3090000,-2905040,184960
2017/05/03,0,1255000,-2093287,-838287
2017/05/04,0,1020000,-847982,172018
2017/05/05,0,2398051,-2128000,270051
2017/05/08,0,1541493,-2744163,-1202670
2017/05/09,0,2342549,-3028100,-685551
2017/05/10,0,1714694,-1757324,-42630
2017/05/11,0,1986283,-1653561,332722
2017/05/12,0,1274486,-1078115,196371
2017/05/15,0,1169399,-1545000,-375601
2017/05/16,0,2563000,-2331565,231435
2017/05/17,0,1690000,-2273784,-583784
2017/05/18,0,2062214,-2220291,-158077
2017/05/19,0,1229291,-1397773,-168482
2017/05/22,0,1614781,-1129804,484977
2017/05/23,0,1187740,-1291000,-103260
2017/05/24,0,2023740,-2816000,-792260
2017/05/25,0,2224300,-2632846,-408546
2017/05/26,0,0,0,0
2017/05/29,0,0,0,0
2017/05/30,0,0,0,0
2017/05/31,0,3489888,-4051523,-561635
2017/06/01,0,1869936,-1497094,372842
2017/06/02,0,2252000,-1599319,652681
2017/06/05,0,2693598,-1550358,1143240
2017/06/06,0,3257108,-3634432,-377324
2017/06/07,0,5121682,-2225519,2896163
2017/06/08,0,1253690,-1527000,-273310
2017/06/09,0,2491000,-3655841,-1164841
2017/06/12,0,1742198,-2222916,-480718
2017/06/13,0,2406000,-3121689,-715689
2017/06/14,0,1287000,-2392879,-1105879
2017/06/15,0,3330000,-3259000,71000
2017/06/16,0,2139212,-2725051,-585839
2017/06/19,0,1570422,-1914340,-343918
2017/06/20,0,2791000,-2365000,426000
2017/06/21,0,3184319,-1962826,1221493
2017/06/22,0,3866912,-759000,3107912
2017/06/23,0,1957000,-1035500,921500
2017/06/26,0,3053000,-1508979,1544021
2017/06/27,0,2930719,-2519000,411719
2017/06/28,0,2503093,-1948000,555093
2017/06/29,0,1837185,-1401000,436185
2017/06/30,0,2494721,-4172129,-1677408
2017/07/03,0,1716201,-2380392,-664191
2017/07/04,0,1405000,-2024003,-619003
2017/07/05,0,1322000,-1107274,214726
2017/07/06,0,1925700,-3745170,-1819470
2017/07/07,0,868205,-1790633,-922428
2017/07/10,0,1615387,-2199504,-584117
2017/07/11,0,1373602,-1026341,347261
2017/07/12,0,1380158,-2045262,-665104
2017/07/13,0,3325326,-3751796,-426470
2017/07/14,0,1257760,-1301299,-43539
2017/07/17,0,1241055,-1980000,-738945
2017/07/18,0,1504592,-2821000,-1316408
2017/07/19,0,1861000,-1498253,362747
2017/07/20,0,965898,-1541231,-575333
2017/07/21,0,2013675,-2667000,-653325
2017/07/24,0,2314145,-3517455,-1203310
2017/07/25,0,2283000,-3446162,-1163162
2017/07/26,0,1229506,-2531751,-1302245
2017/07/27,0,3490500,-4028562,-538062
2017/07/28,0,1154000,-2534434,-1380434
2017/07/31,0,2000500,-4091707,-2091207
2017/08/01,0,11171300,-13529830,-2358530
2017/08/02,0,4272806,-4822558,-549752
2017/08/03,0,830453,-2008304,-1177851
2017/08/04,0,2136865,-1974512,162353
2017/08/07,0,1450099,-1510572,-60473
2017/08/08,0,2380000,-2002648,377352
2017/08/09,0,1796444,-1928000,-131556
2017/08/10,0,1883844,-1715000,168844
2017/08/11,0,1404000,-2319814,-915814
2017/08/14,0,1602500,-1385388,217112
2017/08/15,0,1745000,-1790000,-45000
2017/08/16,0,2606000,-2062819,543181
2017/08/17,0,1128000,-631000,497000
2017/08/18,0,1862500,-1472000,390500
