Date,Open,Buy,Sell,Total
2007/04/23,0,2000,-30000,-28000
2007/04/24,0,1000,-6000,-5000
2007/04/25,0,1000,-36000,-35000
2007/04/26,0,35000,-15000,20000
2007/04/27,0,0,-27000,-27000
2007/04/30,0,0,-9000,-9000
2007/05/01,0,0,0,0
2007/05/02,0,25000,-45000,-20000
2007/05/03,0,256000,-223900,32100
2007/05/04,0,460000,-13000,447000
2007/05/07,0,68000,-15000,53000
2007/05/08,0,76000,-77000,-1000
2007/05/09,0,35000,-49000,-14000
2007/05/10,0,65000,-79000,-14000
2007/05/11,0,0,-99000,-99000
2007/05/14,0,20000,-16000,4000
2007/05/15,0,9000,-36000,-27000
2007/05/16,0,4000,-51000,-47000
2007/05/17,0,0,-10000,-10000
2007/05/18,0,0,-19000,-19000
2007/05/21,0,63000,-2000,61000
2007/05/22,0,108000,-134000,-26000
2007/05/23,0,70000,-12000,58000
2007/05/24,0,251000,-73000,178000
2007/05/25,0,26000,-63000,-37000
2007/05/28,0,0,-57000,-57000
2007/05/29,0,20000,-46000,-26000
2007/05/30,0,173000,-300000,-127000
2007/05/31,0,100000,-111000,-11000
2007/06/01,0,70000,-45250,24750
2007/06/04,0,7000,-35250,-28250
2007/06/05,0,0,-45000,-45000
2007/06/06,0,63000,-50000,13000
2007/06/07,0,0,-126000,-126000
2007/06/08,0,10000,-24000,-14000
2007/06/11,0,0,-25000,-25000
2007/06/12,0,17000,-22000,-5000
2007/06/13,0,10000,-7000,3000
2007/06/14,0,104000,-93000,11000
2007/06/15,0,187000,-89000,98000
2007/06/18,0,0,0,0
2007/06/19,0,0,0,0
2007/06/20,0,421000,-80000,341000
2007/06/21,0,241000,-41000,200000
2007/06/22,0,67000,-25000,42000
2007/06/25,0,711000,-5000,706000
2007/06/26,0,0,-281000,-281000
2007/06/27,0,604000,-281000,323000
2007/06/28,0,18000,-74000,-56000
2007/06/29,0,45000,-69000,-24000
2007/07/02,0,299000,-75000,224000
2007/07/03,0,19000,-52000,-33000
2007/07/04,0,147000,-4000,143000
2007/07/05,0,263000,-395000,-132000
2007/07/06,0,20000,-80750,-60750
2007/07/09,0,223000,-48000,175000
2007/07/10,0,422000,-316000,106000
2007/07/11,0,660000,-418744,241256
2007/07/12,0,176000,-52000,124000
2007/07/13,0,2428000,-7736,2420264
2007/07/16,0,112000,-792000,-680000
2007/07/17,0,97000,-439000,-342000
2007/07/18,0,41000,-277000,-236000
2007/07/19,0,106000,-307408,-201408
2007/07/20,0,408000,-302680,105320
2007/07/23,0,263000,-1428000,-1165000
2007/07/24,0,23000,-1321000,-1298000
2007/07/25,0,160000,-46000,114000
2007/07/26,0,42000,-146000,-104000
2007/07/27,0,120000,-147000,-27000
2007/07/30,0,128000,-346000,-218000
2007/07/31,0,303000,-444000,-141000
2007/08/01,0,236000,-121000,115000
2007/08/02,0,79000,-511785,-432785
2007/08/03,0,51000,-239000,-188000
2007/08/06,0,23000,-25000,-2000
2007/08/07,0,10000,-76000,-66000
2007/08/08,0,30000,-102000,-72000
2007/08/09,0,130000,-181948,-51948
2007/08/10,0,0,-82000,-82000
2007/08/13,0,75000,-73000,2000
2007/08/14,0,72000,-180000,-108000
2007/08/15,0,65000,-186000,-121000
2007/08/16,0,200000,-352000,-152000
2007/08/17,0,98000,-332050,-234050
2007/08/20,0,87000,-24000,63000
2007/08/21,0,94000,-85000,9000
2007/08/22,0,48000,-37038,10962
2007/08/23,0,90000,-200000,-110000
2007/08/24,0,110000,-101000,9000
2007/08/27,0,30000,-120500,-90500
2007/08/28,0,25000,-81287,-56287
2007/08/29,0,9000,-30000,-21000
2007/08/30,0,39000,-37000,2000
2007/08/31,0,70000,-18000,52000
2007/09/03,0,60000,-112000,-52000
2007/09/04,0,94000,-97000,-3000
2007/09/05,0,10000,-44000,-34000
2007/09/06,0,10000,-38000,-28000
2007/09/07,0,101000,-68000,33000
2007/09/10,0,37000,-203000,-166000
2007/09/11,0,50000,-90000,-40000
2007/09/12,0,62000,-59000,3000
2007/09/13,0,40000,-75000,-35000
2007/09/14,0,9000,-88000,-79000
2007/09/17,0,12000,-42000,-30000
2007/09/18,0,0,0,0
2007/09/19,0,16000,-61000,-45000
2007/09/20,0,40000,-53650,-13650
2007/09/21,0,21000,-41150,-20150
2007/09/24,0,0,0,0
2007/09/25,0,0,0,0
2007/09/26,0,2000,-1000,1000
2007/09/27,0,63000,-124000,-61000
2007/09/28,0,4000,-189000,-185000
2007/10/01,0,13500,-92000,-78500
2007/10/02,0,285000,-560000,-275000
2007/10/03,0,402000,-270000,132000
2007/10/04,0,86000,-310500,-224500
2007/10/05,0,121000,-43000,78000
2007/10/08,0,0,-132000,-132000
2007/10/09,0,3000,-84000,-81000
2007/10/10,0,0,0,0
2007/10/11,0,1000,-37000,-36000
2007/10/12,0,10000,-49000,-39000
2007/10/15,0,11000,-36000,-25000
2007/10/16,0,16000,-21000,-5000
2007/10/17,0,5000,-261000,-256000
2007/10/18,0,16000,-24700,-8700
2007/10/19,0,0,-38000,-38000
2007/10/22,0,29000,-81000,-52000
2007/10/23,0,25000,-28000,-3000
2007/10/24,0,28000,-59000,-31000
2007/10/25,0,24000,-10000,14000
2007/10/26,0,41000,-14000,27000
2007/10/29,0,9000,-4000,5000
2007/10/30,0,57000,-40000,17000
2007/10/31,0,48000,-19000,29000
2007/11/01,0,56000,-15750,40250
2007/11/02,0,76000,-78000,-2000
2007/11/05,0,31000,-35000,-4000
2007/11/06,0,18000,-40000,-22000
2007/11/07,0,5000,-18000,-13000
2007/11/08,0,57000,-97000,-40000
2007/11/09,0,74000,-34000,40000
2007/11/12,0,30000,-72000,-42000
2007/11/13,0,180000,-91000,89000
2007/11/14,0,23000,-75000,-52000
2007/11/15,0,8000,0,8000
2007/11/16,0,23000,-3000,20000
2007/11/19,0,18000,-15000,3000
2007/11/20,0,189000,-84000,105000
2007/11/21,0,7000,-123000,-116000
2007/11/22,0,27000,-15000,12000
2007/11/23,0,14000,-15000,-1000
2007/11/26,0,85000,0,85000
2007/11/27,0,147000,-84000,63000
2007/11/28,0,165000,-109000,56000
2007/11/29,0,74000,-21000,53000
2007/11/30,0,90000,-149000,-59000
2007/12/03,0,96000,-173000,-77000
2007/12/04,0,182000,-85000,97000
2007/12/05,0,0,-111000,-111000
2007/12/06,0,62000,-8000,54000
2007/12/07,0,76000,-92000,-16000
2007/12/10,0,28000,-84000,-56000
2007/12/11,0,37000,-38000,-1000
2007/12/12,0,241000,-13000,228000
2007/12/13,0,13000,-202000,-189000
2007/12/14,0,244000,-66000,178000
2007/12/17,0,72000,-133000,-61000
2007/12/18,0,176000,-111700,64300
2007/12/19,0,38000,-102600,-64600
2007/12/20,0,100000,-55000,45000
2007/12/21,0,41000,-12000,29000
2007/12/24,0,14000,-7000,7000
2007/12/25,0,82000,-17000,65000
2007/12/26,0,39000,-97000,-58000
2007/12/27,0,95400,-28000,67400
2007/12/28,0,50000,-79000,-29000
2007/12/31,0,145000,-2000,143000
2008/01/01,0,0,0,0
2008/01/02,0,10000,-70000,-60000
2008/01/03,0,40000,-83097,-43097
2008/01/04,0,209000,-106000,103000
2008/01/07,0,175000,-148000,27000
2008/01/08,0,2000,-213000,-211000
2008/01/09,0,84000,-25000,59000
2008/01/10,0,218000,-64000,154000
2008/01/11,0,59000,-30000,29000
2008/01/14,0,86000,-90000,-4000
2008/01/15,0,496000,-19000,477000
2008/01/16,0,109000,-84000,25000
2008/01/17,0,577000,-165000,412000
2008/01/18,0,115000,-28000,87000
2008/01/21,0,0,-10000,-10000
2008/01/22,0,214000,-296000,-82000
2008/01/23,0,211000,-140000,71000
2008/01/24,0,78000,-242000,-164000
2008/01/25,0,177000,-130000,47000
2008/01/28,0,133000,-211000,-78000
2008/01/29,0,64000,-150000,-86000
2008/01/30,0,42000,-70000,-28000
2008/01/31,0,59000,-28950,30050
2008/02/01,0,58000,-5000,53000
2008/02/04,0,0,0,0
2008/02/05,0,0,0,0
2008/02/06,0,0,0,0
2008/02/07,0,0,0,0
2008/02/08,0,0,0,0
2008/02/11,0,0,0,0
2008/02/12,0,19000,-4000,15000
2008/02/13,0,7000,-19000,-12000
2008/02/14,0,132000,-26000,106000
2008/02/15,0,107000,-70000,37000
2008/02/18,0,68000,-20000,48000
2008/02/19,0,137000,-17000,120000
2008/02/20,0,247000,-124000,123000
2008/02/21,0,101000,-478000,-377000
2008/02/22,0,348000,-73000,275000
2008/02/25,0,42000,-137354,-95354
2008/02/26,0,130000,-138910,-8910
2008/02/27,0,11000,-253452,-242452
2008/02/28,0,0,0,0
2008/02/29,0,55000,-456000,-401000
2008/03/03,0,406000,-25955,380045
2008/03/04,0,6000,-433000,-427000
2008/03/05,0,32000,-165000,-133000
2008/03/06,0,34000,-19917,14083
2008/03/07,0,51000,-6000,45000
2008/03/10,0,111000,-38000,73000
2008/03/11,0,105000,-20000,85000
2008/03/12,0,211000,-248004,-37004
2008/03/13,0,67000,-158000,-91000
2008/03/14,0,59000,-36000,23000
2008/03/17,0,273000,-9000,264000
2008/03/18,0,397000,-7000,390000
2008/03/19,0,320000,-120351,199649
2008/03/20,0,272000,-10000,262000
2008/03/21,0,140000,-161000,-21000
2008/03/24,0,206000,-113000,93000
2008/03/25,0,245000,-241000,4000
2008/03/26,0,107000,-98000,9000
2008/03/27,0,57000,-16000,41000
2008/03/28,0,137000,-42000,95000
2008/03/31,0,188000,-73895,114105
2008/04/01,0,46000,-99000,-53000
2008/04/02,0,167000,-26000,141000
2008/04/03,0,35000,-3000,32000
2008/04/04,0,0,0,0
2008/04/07,0,43000,0,43000
2008/04/08,0,260000,-79000,181000
2008/04/09,0,100000,-41000,59000
2008/04/10,0,380000,-100000,280000
2008/04/11,0,165000,-459000,-294000
2008/04/14,0,81000,-40182,40818
2008/04/15,0,362000,-57000,305000
2008/04/16,0,106000,-374000,-268000
2008/04/17,0,285000,-60000,225000
2008/04/18,0,208000,-152000,56000
2008/04/21,0,516000,-10000,506000
2008/04/22,0,42000,-32000,10000
2008/04/23,0,160000,-871000,-711000
2008/04/24,0,41000,-123000,-82000
2008/04/25,0,29000,-207000,-178000
2008/04/28,0,143000,-226000,-83000
2008/04/29,0,25000,-219000,-194000
2008/04/30,0,60000,-319000,-259000
2008/05/01,0,0,0,0
2008/05/02,0,107000,-30000,77000
2008/05/05,0,49000,-7000,42000
2008/05/06,0,53000,-3000,50000
2008/05/07,0,91000,-18000,73000
2008/05/08,0,28000,-123000,-95000
2008/05/09,0,86000,-98000,-12000
2008/05/12,0,177024,-21000,156024
2008/05/13,0,75010,-121000,-45990
2008/05/14,0,53000,-37000,16000
2008/05/15,0,67000,-11000,56000
2008/05/16,0,151000,-29000,122000
2008/05/19,0,7000,-32000,-25000
2008/05/20,0,40000,-184000,-144000
2008/05/21,0,5000,-51000,-46000
2008/05/22,0,21000,-60000,-39000
2008/05/23,0,17000,-71000,-54000
2008/05/26,0,64000,-20000,44000
2008/05/27,0,14000,-211000,-197000
2008/05/28,0,5000,-21000,-16000
2008/05/29,0,12000,-5000,7000
2008/05/30,0,39000,-18000,21000
2008/06/02,0,3000,-18187,-15187
2008/06/03,0,16000,-49000,-33000
2008/06/04,0,21000,-4000,17000
2008/06/05,0,160000,-11000,149000
2008/06/06,0,224000,-52000,172000
2008/06/09,0,10000,-34000,-24000
2008/06/10,0,19000,-61000,-42000
2008/06/11,0,30000,-8000,22000
2008/06/12,0,32000,-36000,-4000
2008/06/13,0,15000,-6000,9000
2008/06/16,0,49000,-1000,48000
2008/06/17,0,359000,-10000,349000
2008/06/18,0,143000,-7000,136000
2008/06/19,0,116000,-50000,66000
2008/06/20,0,170000,-50000,120000
2008/06/23,0,65000,-3000,62000
2008/06/24,0,95000,-7000,88000
2008/06/25,0,230000,0,230000
2008/06/26,0,66000,-193000,-127000
2008/06/27,0,121000,-123000,-2000
2008/06/30,0,134000,-165000,-31000
2008/07/01,0,52000,-13000,39000
2008/07/02,0,270000,-5000,265000
2008/07/03,0,86000,-7000,79000
2008/07/04,0,55000,-127000,-72000
2008/07/07,0,5000,-11000,-6000
2008/07/08,0,172000,-47000,125000
2008/07/09,0,261000,-14000,247000
2008/07/10,0,100000,-22000,78000
2008/07/11,0,210000,-53000,157000
2008/07/14,0,245000,-58336,186664
2008/07/15,0,230000,-353000,-123000
2008/07/16,0,78000,-111000,-33000
2008/07/17,0,60000,-210000,-150000
2008/07/18,0,84000,-99000,-15000
2008/07/21,0,94000,0,94000
2008/07/22,0,171000,0,171000
2008/07/23,0,249000,-22000,227000
2008/07/24,0,106000,0,106000
2008/07/25,0,118000,-58000,60000
2008/07/28,0,0,0,0
2008/07/29,0,196000,-3000,193000
2008/07/30,0,226000,-77000,149000
2008/07/31,0,158000,-5000,153000
2008/08/01,0,94000,-6000,88000
2008/08/04,0,223000,-14000,209000
2008/08/05,0,211000,-3000,208000
2008/08/06,0,253000,-58000,195000
2008/08/07,0,285000,-145000,140000
2008/08/08,0,295000,-276000,19000
2008/08/11,0,92000,-500000,-408000
2008/08/12,0,99000,-88000,11000
2008/08/13,0,139000,-86000,53000
2008/08/14,0,156000,-40000,116000
2008/08/15,0,29000,-57000,-28000
2008/08/18,0,85000,-15020,69980
2008/08/19,0,61000,-45940,15060
2008/08/20,0,412000,-214000,198000
2008/08/21,0,113000,-75000,38000
2008/08/22,0,209000,-488000,-279000
2008/08/25,0,139000,-5000,134000
2008/08/26,0,125000,0,125000
2008/08/27,0,100000,-6020,93980
2008/08/28,0,47000,-82000,-35000
2008/08/29,0,135000,0,135000
2008/09/01,0,156000,-144000,12000
2008/09/02,0,82000,-258200,-176200
2008/09/03,0,176000,-33000,143000
2008/09/04,0,54000,-295000,-241000
2008/09/05,0,99000,-70000,29000
2008/09/08,0,316000,-24000,292000
2008/09/09,0,118000,-294000,-176000
2008/09/10,0,97000,-13000,84000
2008/09/11,0,154000,-166000,-12000
2008/09/12,0,243000,-5000,238000
2008/09/15,0,77000,-64000,13000
2008/09/16,0,78000,-18000,60000
2008/09/17,0,172000,-23741,148259
2008/09/18,0,250000,-47000,203000
2008/09/19,0,143000,-67300,75700
2008/09/22,0,102000,-72000,30000
2008/09/23,0,87000,-45000,42000
2008/09/24,0,220000,-12000,208000
2008/09/25,0,156000,-133000,23000
2008/09/26,0,23000,-445000,-422000
2008/09/29,0,0,0,0
2008/09/30,0,37000,-1312340,-1275340
2008/10/01,0,46000,-111000,-65000
2008/10/02,0,83000,-60000,23000
2008/10/03,0,268000,-58000,210000
2008/10/06,0,101000,-105860,-4860
2008/10/07,0,93000,-249000,-156000
2008/10/08,0,183000,-190000,-7000
2008/10/09,0,128000,-20241,107759
2008/10/10,0,0,0,0
2008/10/13,0,176000,-203160,-27160
2008/10/14,0,99000,-59000,40000
2008/10/15,0,59000,-157249,-98249
2008/10/16,0,22000,-87545,-65545
2008/10/17,0,30000,-16823,13177
2008/10/20,0,105000,-8446,96554
2008/10/21,0,121000,-59000,62000
2008/10/22,0,85000,-15686,69314
2008/10/23,0,4000,-26686,-22686
2008/10/24,0,3000,-8889,-5889
2008/10/27,0,68000,-55874,12126
2008/10/28,0,142000,-43594,98406
2008/10/29,0,158000,-7000,151000
2008/10/30,0,110000,-7000,103000
2008/10/31,0,84000,-40400,43600
2008/11/03,0,38000,-45000,-7000
2008/11/04,0,84000,-55000,29000
2008/11/05,0,18000,-157000,-139000
2008/11/06,0,49000,-2000,47000
2008/11/07,0,215000,-29000,186000
2008/11/10,0,75000,-178000,-103000
2008/11/11,0,35179,-22000,13179
2008/11/12,0,169000,-9000,160000
2008/11/13,0,67000,-121000,-54000
2008/11/14,0,34000,-25000,9000
2008/11/17,0,16000,-24764,-8764
2008/11/18,0,117000,-43792,73208
2008/11/19,0,88000,-2000,86000
2008/11/20,0,152000,-70000,82000
2008/11/21,0,383000,-57000,326000
2008/11/24,0,112000,-2000,110000
2008/11/25,0,204000,-108000,96000
2008/11/26,0,15000,-200000,-185000
2008/11/27,0,70000,-97000,-27000
2008/11/28,0,164000,0,164000
2008/12/01,0,33000,-13250,19750
2008/12/02,0,3000,-71000,-68000
2008/12/03,0,38000,-19060,18940
2008/12/04,0,53000,-5000,48000
2008/12/05,0,22000,-3000,19000
2008/12/08,0,128000,-8100,119900
2008/12/09,0,331000,-16000,315000
2008/12/10,0,38000,-31000,7000
2008/12/11,0,61000,-5000,56000
2008/12/12,0,4000,-253000,-249000
2008/12/15,0,82000,-99000,-17000
2008/12/16,0,54000,-70000,-16000
2008/12/17,0,45000,-195000,-150000
2008/12/18,0,640000,-7000,633000
2008/12/19,0,21000,-599000,-578000
2008/12/22,0,32000,-129428,-97428
2008/12/23,0,4000,-86000,-82000
2008/12/24,0,12000,-51000,-39000
2008/12/25,0,7000,-2000,5000
2008/12/26,0,17000,0,17000
2008/12/29,0,29000,-2000,27000
2008/12/30,0,23000,-883,22117
2008/12/31,0,18000,-38695,-20695
2009/01/01,0,0,0,0
2009/01/02,0,0,0,0
2009/01/05,0,88000,-26000,62000
2009/01/06,0,54000,-85000,-31000
2009/01/07,0,132000,-168000,-36000
2009/01/08,0,70000,-46000,24000
2009/01/09,0,99000,-28000,71000
2009/01/12,0,98000,-12000,86000
2009/01/13,0,14000,-6000,8000
2009/01/14,0,65000,-3000,62000
2009/01/15,0,129000,-88000,41000
2009/01/16,0,53000,-186000,-133000
2009/01/19,0,17000,-32000,-15000
2009/01/20,0,126083,-6000,120083
2009/01/21,0,164000,-2000,162000
2009/01/22,0,0,0,0
2009/01/23,0,0,0,0
2009/01/26,0,0,0,0
2009/01/27,0,0,0,0
2009/01/28,0,0,0,0
2009/01/29,0,0,0,0
2009/01/30,0,0,0,0
2009/02/02,0,13000,-26839,-13839
2009/02/03,0,346000,-65000,281000
2009/02/04,0,108000,-95000,13000
2009/02/05,0,53000,-16000,37000
2009/02/06,0,131000,-178000,-47000
2009/02/09,0,135000,-246000,-111000
2009/02/10,0,183000,-166000,17000
2009/02/11,0,196023,-355000,-158977
2009/02/12,0,120000,-229000,-109000
2009/02/13,0,291000,-106000,185000
2009/02/16,0,92000,-27000,65000
2009/02/17,0,92000,-210000,-118000
2009/02/18,0,35000,-306000,-271000
2009/02/19,0,227000,-118000,109000
2009/02/20,0,269000,-81781,187219
2009/02/23,0,177000,-88000,89000
2009/02/24,0,165000,-232000,-67000
2009/02/25,0,193000,-71000,122000
2009/02/26,0,303000,-133000,170000
2009/02/27,0,289000,-43000,246000
2009/03/02,0,271000,-207000,64000
2009/03/03,0,76000,-194000,-118000
2009/03/04,0,206000,-70000,136000
2009/03/05,0,311000,-235000,76000
2009/03/06,0,164000,-147000,17000
2009/03/09,0,130000,-129000,1000
2009/03/10,0,50000,-54000,-4000
2009/03/11,0,177000,-271000,-94000
2009/03/12,0,355000,-19000,336000
2009/03/13,0,184000,-704000,-520000
2009/03/16,0,385000,-131000,254000
2009/03/17,0,748000,-203000,545000
2009/03/18,0,713000,-970000,-257000
2009/03/19,0,613000,-336487,276513
2009/03/20,0,387000,-109000,278000
2009/03/23,0,422000,-225000,197000
2009/03/24,0,277000,-2031487,-1754487
2009/03/25,0,85000,-28000,57000
2009/03/26,0,42000,-42000,0
2009/03/27,0,107000,-524000,-417000
2009/03/30,0,22000,-275000,-253000
2009/03/31,0,104000,-99000,5000
2009/04/01,0,96000,-117000,-21000
2009/04/02,0,346000,-207000,139000
2009/04/03,0,59000,-266000,-207000
2009/04/06,0,29000,-64438,-35438
2009/04/07,0,72000,-189000,-117000
2009/04/08,0,319000,-272000,47000
2009/04/09,0,62000,-65000,-3000
2009/04/10,0,103000,-426485,-323485
2009/04/13,0,430000,-368000,62000
2009/04/14,0,98000,-284000,-186000
2009/04/15,0,229000,-275000,-46000
2009/04/16,0,116000,-616000,-500000
2009/04/17,0,280000,-276484,3516
2009/04/20,0,211000,-131000,80000
2009/04/21,0,118000,-105000,13000
2009/04/22,0,167000,-186000,-19000
2009/04/23,0,244000,-101000,143000
2009/04/24,0,202000,-393000,-191000
2009/04/27,0,235000,-255000,-20000
2009/04/28,0,132000,-144484,-12484
2009/04/29,0,150000,-86000,64000
2009/04/30,0,72000,-94000,-22000
2009/05/01,0,0,0,0
2009/05/04,0,33000,-112000,-79000
2009/05/05,0,193000,-248000,-55000
2009/05/06,0,208000,-64942,143058
2009/05/07,0,225000,-229000,-4000
2009/05/08,0,153000,-44000,109000
2009/05/11,0,19000,-124792,-105792
2009/05/12,0,97000,-38000,59000
2009/05/13,0,132000,-68000,64000
2009/05/14,0,113000,-185000,-72000
2009/05/15,0,100000,-205000,-105000
2009/05/18,0,4000,-193000,-189000
2009/05/19,0,354000,-117000,237000
2009/05/20,0,23000,-247000,-224000
2009/05/21,0,108000,-108000,0
2009/05/22,0,39000,-106000,-67000
2009/05/25,0,76000,-215663,-139663
2009/05/26,0,107000,-102000,5000
2009/05/27,0,204000,-64000,140000
2009/05/28,0,0,0,0
2009/05/29,0,0,0,0
2009/06/01,0,95000,-273819,-178819
2009/06/02,0,38000,-128000,-90000
2009/06/03,0,64000,-106000,-42000
2009/06/04,0,90000,-190000,-100000
2009/06/05,0,58000,-64000,-6000
2009/06/08,0,30000,-105000,-75000
2009/06/09,0,418000,-253000,165000
2009/06/10,0,86000,-68000,18000
2009/06/11,0,76000,-101000,-25000
2009/06/12,0,42000,-294000,-252000
2009/06/15,0,137000,-86000,51000
2009/06/16,0,28000,-24228,3772
2009/06/17,0,49000,-9000,40000
2009/06/18,0,125000,-52000,73000
2009/06/19,0,63000,-31000,32000
2009/06/22,0,88000,-56000,32000
2009/06/23,0,67000,-18000,49000
2009/06/24,0,361000,-109000,252000
2009/06/25,0,45000,-122000,-77000
2009/06/26,0,142000,-91000,51000
2009/06/29,0,32000,-160000,-128000
2009/06/30,0,99000,-31000,68000
2009/07/01,0,336000,-88000,248000
2009/07/02,0,291000,-49000,242000
2009/07/03,0,144000,-25000,119000
2009/07/06,0,22000,-23000,-1000
2009/07/07,0,197000,-34000,163000
2009/07/08,0,36000,-34000,2000
2009/07/09,0,262000,-44000,218000
2009/07/10,0,48000,-41000,7000
2009/07/13,0,176000,-154000,22000
2009/07/14,0,407000,-213000,194000
2009/07/15,0,290000,-297000,-7000
2009/07/16,0,36181,-65000,-28819
2009/07/17,0,71000,-81000,-10000
2009/07/20,0,25000,-107000,-82000
2009/07/21,0,25000,-130000,-105000
2009/07/22,0,160000,-45000,115000
2009/07/23,0,39000,-54000,-15000
2009/07/24,0,28550,-150000,-121450
2009/07/27,0,39000,-38000,1000
2009/07/28,0,22000,-34000,-12000
2009/07/29,0,169000,-18000,151000
2009/07/30,0,10000,-218000,-208000
2009/07/31,0,21000,-221150,-200150
2009/08/03,0,204,-222000,-221796
2009/08/04,0,62000,-215000,-153000
2009/08/05,0,5000,-90000,-85000
2009/08/06,0,29000,-6000,23000
2009/08/07,0,0,0,0
2009/08/10,0,41000,-43000,-2000
2009/08/11,0,52000,-68000,-16000
2009/08/12,0,281000,-61000,220000
2009/08/13,0,953000,-38000,915000
2009/08/14,0,1326000,-43000,1283000
2009/08/17,0,635000,-98000,537000
2009/08/18,0,909000,-331000,578000
2009/08/19,0,112000,-453400,-341400
2009/08/20,0,314000,-246400,67600
2009/08/21,0,86000,-1753000,-1667000
2009/08/24,0,51000,-384000,-333000
2009/08/25,0,139000,-357000,-218000
2009/08/26,0,139000,-226000,-87000
2009/08/27,0,0,-227000,-227000
2009/08/28,0,433000,-189848,243152
2009/08/31,0,135000,-172000,-37000
2009/09/01,0,504000,-125592,378408
2009/09/02,0,196000,-311000,-115000
2009/09/03,0,380000,-217000,163000
2009/09/04,0,46000,-187000,-141000
2009/09/07,0,172000,-271000,-99000
2009/09/08,0,214000,-65000,149000
2009/09/09,0,79000,-38000,41000
2009/09/10,0,150000,-343000,-193000
2009/09/11,0,6000,-73000,-67000
2009/09/14,0,18000,-251000,-233000
2009/09/15,0,84000,-10200,73800
2009/09/16,0,120000,-38360,81640
2009/09/17,0,100000,-233000,-133000
2009/09/18,0,14000,-175000,-161000
2009/09/21,0,3000,-276000,-273000
2009/09/22,0,0,-62600,-62600
2009/09/23,0,69000,-506397,-437397
2009/09/24,0,16000,-378000,-362000
2009/09/25,0,119000,-3000,116000
2009/09/28,0,34000,-41251,-7251
2009/09/29,0,36000,-149000,-113000
2009/09/30,0,28000,-168000,-140000
2009/10/01,0,5000,-86000,-81000
2009/10/02,0,8000,-75000,-67000
2009/10/05,0,0,-58000,-58000
2009/10/06,0,74000,-94000,-20000
2009/10/07,0,0,-33000,-33000
2009/10/08,0,30000,-86000,-56000
2009/10/09,0,1000,-59000,-58000
2009/10/12,0,43000,-40000,3000
2009/10/13,0,49000,-49000,0
2009/10/14,0,38000,0,38000
2009/10/15,0,6000,-26000,-20000
2009/10/16,0,5000,-24000,-19000
2009/10/19,0,28000,-45000,-17000
2009/10/20,0,152000,-46506,105494
2009/10/21,0,278000,-128006,149994
2009/10/22,0,23000,-185000,-162000
2009/10/23,0,129000,-39000,90000
2009/10/26,0,28000,-56000,-28000
2009/10/27,0,47000,-47000,0
2009/10/28,0,5000,-53000,-48000
2009/10/29,0,121000,-43000,78000
2009/10/30,0,83000,-71000,12000
2009/11/02,0,57000,-48000,9000
2009/11/03,0,8000,-77000,-69000
2009/11/04,0,83000,0,83000
2009/11/05,0,32000,-27000,5000
2009/11/06,0,57000,-158000,-101000
2009/11/09,0,64000,0,64000
2009/11/10,0,79000,-52000,27000
2009/11/11,0,159000,-22000,137000
2009/11/12,0,65000,-10000,55000
2009/11/13,0,73000,-90000,-17000
2009/11/16,0,4000,-18000,-14000
2009/11/17,0,17000,-162000,-145000
2009/11/18,0,13000,-50000,-37000
2009/11/19,0,41000,-9000,32000
2009/11/20,0,23000,-34000,-11000
2009/11/23,0,11000,-1000,10000
2009/11/24,0,9000,-4000,5000
2009/11/25,0,46000,-5000,41000
2009/11/26,0,66000,-47000,19000
2009/11/27,0,186000,-82000,104000
2009/11/30,0,280000,-12060,267940
2009/12/01,0,85000,-106000,-21000
2009/12/02,0,162000,-21000,141000
2009/12/03,0,157000,-8000,149000
2009/12/04,0,55000,-67000,-12000
2009/12/07,0,271000,-64000,207000
2009/12/08,0,85000,-128000,-43000
2009/12/09,0,395000,-259000,136000
2009/12/10,0,262000,-344000,-82000
2009/12/11,0,99000,-123000,-24000
2009/12/14,0,40000,-244000,-204000
2009/12/15,0,29000,-34000,-5000
2009/12/16,0,62000,-180000,-118000
2009/12/17,0,55000,-48000,7000
2009/12/18,0,98000,-84000,14000
2009/12/21,0,282000,-105000,177000
2009/12/22,0,207000,-148296,58704
2009/12/23,0,23000,-100000,-77000
2009/12/24,0,26000,-49000,-23000
2009/12/25,0,21000,-8000,13000
2009/12/28,0,111000,-24000,87000
2009/12/29,0,59000,-37000,22000
2009/12/30,0,63000,-524000,-461000
2009/12/31,0,646000,-100000,546000
2010/01/01,0,0,0,0
2010/01/04,0,31000,-671000,-640000
2010/01/05,0,33000,-228100,-195100
2010/01/06,0,139000,-550000,-411000
2010/01/07,0,121000,-65500,55500
2010/01/08,0,102000,-654600,-552600
2010/01/11,0,110000,-51000,59000
2010/01/12,0,34000,-3000,31000
2010/01/13,0,96000,-216000,-120000
2010/01/14,0,30000,-19038,10962
2010/01/15,0,16000,-36000,-20000
2010/01/18,0,16000,-21000,-5000
2010/01/19,0,23760,-48000,-24240
2010/01/20,0,4000,-151000,-147000
2010/01/21,0,2000,-44000,-42000
2010/01/22,0,58000,-197000,-139000
2010/01/25,0,5000,-84000,-79000
2010/01/26,0,29000,-175000,-146000
2010/01/27,0,94000,-86000,8000
2010/01/28,0,138000,-34000,104000
2010/01/29,0,128000,-62000,66000
2010/02/01,0,129000,-106000,23000
2010/02/02,0,47000,-104000,-57000
2010/02/03,0,177000,-30000,147000
2010/02/04,0,30000,-98000,-68000
2010/02/05,0,91000,-55000,36000
2010/02/08,0,327000,-80787,246213
2010/02/09,0,175000,-61000,114000
2010/02/10,0,88000,-49982,38018
2010/02/11,0,0,0,0
2010/02/12,0,0,0,0
2010/02/15,0,0,0,0
2010/02/16,0,0,0,0
2010/02/17,0,0,0,0
2010/02/18,0,0,0,0
2010/02/19,0,0,0,0
2010/02/22,0,160000,-68000,92000
2010/02/23,0,63000,-56000,7000
2010/02/24,0,27000,-127000,-100000
2010/02/25,0,95000,-118000,-23000
2010/02/26,0,35000,-32000,3000
2010/03/01,0,61000,-26000,35000
2010/03/02,0,19000,-36000,-17000
2010/03/03,0,95000,-16000,79000
2010/03/04,0,11000,-182000,-171000
2010/03/05,0,99000,-35000,64000
2010/03/08,0,113000,-54000,59000
2010/03/09,0,51000,-24000,27000
2010/03/10,0,8000,-10000,-2000
2010/03/11,0,51000,-251000,-200000
2010/03/12,0,52000,-28000,24000
2010/03/15,0,5000,-115000,-110000
2010/03/16,0,49000,-57000,-8000
2010/03/17,0,615000,-16000,599000
2010/03/18,0,532000,-148000,384000
2010/03/19,0,76000,-108000,-32000
2010/03/22,0,53000,-85000,-32000
2010/03/23,0,223000,-189000,34000
2010/03/24,0,325000,-121510,203490
2010/03/25,0,767000,-58000,709000
2010/03/26,0,159000,-223000,-64000
2010/03/29,0,80000,-226000,-146000
2010/03/30,0,61000,-40000,21000
2010/03/31,0,3000,-63000,-60000
2010/04/01,0,187000,-36000,151000
2010/04/02,0,96000,-10000,86000
2010/04/05,0,0,0,0
2010/04/06,0,346000,-74000,272000
2010/04/07,0,190000,-22000,168000
2010/04/08,0,205000,-321000,-116000
2010/04/09,0,82000,-308067,-226067
2010/04/12,0,85000,-96000,-11000
2010/04/13,0,350000,-299000,51000
2010/04/14,0,173000,-80000,93000
2010/04/15,0,196000,-459000,-263000
2010/04/16,0,190000,-221000,-31000
2010/04/19,0,171000,-270000,-99000
2010/04/20,0,118000,-453000,-335000
2010/04/21,0,21000,-45000,-24000
2010/04/22,0,238000,-97000,141000
2010/04/23,0,208000,-229000,-21000
2010/04/26,0,466000,-163000,303000
2010/04/27,0,168000,-194448,-26448
2010/04/28,0,56000,-337000,-281000
2010/04/29,0,3000,-141367,-138367
2010/04/30,0,8000,-77000,-69000
2010/05/03,0,23000,-42322,-19322
2010/05/04,0,182000,-28000,154000
2010/05/05,0,186000,-165000,21000
2010/05/06,0,150000,-300000,-150000
2010/05/07,0,107000,-362000,-255000
2010/05/10,0,97000,-104000,-7000
2010/05/11,0,151000,-262000,-111000
2010/05/12,0,26000,-213000,-187000
2010/05/13,0,119000,-1000,118000
2010/05/14,0,162000,-27000,135000
2010/05/17,0,25000,-207000,-182000
2010/05/18,0,145000,-13000,132000
2010/05/19,0,355100,-53000,302100
2010/05/20,0,16000,-351000,-335000
2010/05/21,0,70200,-55000,15200
2010/05/24,0,9000,-63000,-54000
2010/05/25,0,111000,-64000,47000
2010/05/26,0,109260,-18000,91260
2010/05/27,0,220000,-227200,-7200
2010/05/28,0,11000,-118000,-107000
2010/05/31,0,148000,-15000,133000
2010/06/01,0,33000,-151000,-118000
2010/06/02,0,89000,-63000,26000
2010/06/03,0,71000,-265000,-194000
2010/06/04,0,35000,-15000,20000
2010/06/07,0,56000,-42000,14000
2010/06/08,0,77000,-108000,-31000
2010/06/09,0,47000,-213000,-166000
2010/06/10,0,9000,-41000,-32000
2010/06/11,0,47000,-7000,40000
2010/06/14,0,72000,-24000,48000
2010/06/15,0,317000,-210000,107000
2010/06/16,0,0,0,0
2010/06/17,0,487000,-207000,280000
2010/06/18,0,72000,-148000,-76000
2010/06/21,0,33000,-50000,-17000
2010/06/22,0,89000,-117000,-28000
2010/06/23,0,22000,-31000,-9000
2010/06/24,0,10000,-58000,-48000
2010/06/25,0,82000,-18000,64000
2010/06/28,0,6000,-4000,2000
2010/06/29,0,50000,-40000,10000
2010/06/30,0,37000,-16548,20452
2010/07/01,0,168000,-12000,156000
2010/07/02,0,66000,-84000,-18000
2010/07/05,0,174000,-11000,163000
2010/07/06,0,116000,-112000,4000
2010/07/07,0,172000,-32000,140000
2010/07/08,0,36000,-41804,-5804
2010/07/09,0,70000,-53000,17000
2010/07/12,0,222000,-196000,26000
2010/07/13,0,771000,-198000,573000
2010/07/14,0,28000,-318000,-290000
2010/07/15,0,50000,-162000,-112000
2010/07/16,0,92000,-127000,-35000
2010/07/19,0,45000,-45000,0
2010/07/20,0,173000,-226000,-53000
2010/07/21,0,132000,-113000,19000
2010/07/22,0,114000,-104000,10000
2010/07/23,0,49000,-47000,2000
2010/07/26,0,35000,-113000,-78000
2010/07/27,0,103000,-90000,13000
2010/07/28,0,42000,-28000,14000
2010/07/29,0,243000,-27000,216000
2010/07/30,0,18000,-203000,-185000
2010/08/02,0,91000,-56000,35000
2010/08/03,0,59000,-48000,11000
2010/08/04,0,45000,-112000,-67000
2010/08/05,0,35000,-263000,-228000
2010/08/06,0,200000,-105000,95000
2010/08/09,0,39000,-174000,-135000
2010/08/10,0,19000,-94000,-75000
2010/08/11,0,137000,-153000,-16000
2010/08/12,0,124000,-82000,42000
2010/08/13,0,319000,-90000,229000
2010/08/16,0,224000,-53000,171000
2010/08/17,0,252000,-152000,100000
2010/08/18,0,105000,-603000,-498000
2010/08/19,0,125000,-109000,16000
2010/08/20,0,87000,-140000,-53000
2010/08/23,0,549000,-76000,473000
2010/08/24,0,75000,-171000,-96000
2010/08/25,0,119000,-415000,-296000
2010/08/26,0,78000,-437000,-359000
2010/08/27,0,90000,-231000,-141000
2010/08/30,0,166000,-94000,72000
2010/08/31,0,157000,-123000,34000
2010/09/01,0,162000,-112000,50000
2010/09/02,0,128000,-113000,15000
2010/09/03,0,202000,-157000,45000
2010/09/06,0,184000,-53000,131000
2010/09/07,0,314376,-60000,254376
2010/09/08,0,310000,-277000,33000
2010/09/09,0,149000,-57560,91440
2010/09/10,0,79000,-34800,44200
2010/09/13,0,171250,-135000,36250
2010/09/14,0,91000,-61250,29750
2010/09/15,0,146000,-110000,36000
2010/09/16,0,120000,-148000,-28000
2010/09/17,0,84000,-68000,16000
2010/09/20,0,21000,-90000,-69000
2010/09/21,0,60000,-174000,-114000
2010/09/22,0,0,0,0
2010/09/23,0,78000,-66000,12000
2010/09/24,0,40000,-25000,15000
2010/09/27,0,109000,-24000,85000
2010/09/28,0,88320,-157000,-68680
2010/09/29,0,328000,-39168,288832
2010/09/30,0,71000,-119032,-48032
2010/10/01,0,24130,-128000,-103870
2010/10/04,0,55000,-80000,-25000
2010/10/05,0,70000,-52000,18000
2010/10/06,0,280000,-63040,216960
2010/10/07,0,48000,-42392,5608
2010/10/08,0,87000,-121000,-34000
2010/10/11,0,4000,-253130,-249130
2010/10/12,0,29320,-74000,-44680
2010/10/13,0,38000,-268400,-230400
2010/10/14,0,46000,-204180,-158180
2010/10/15,0,95000,-49540,45460
2010/10/18,0,48000,-195000,-147000
2010/10/19,0,70000,-238000,-168000
2010/10/20,0,159000,-50000,109000
2010/10/21,0,35000,-69000,-34000
2010/10/22,0,5000,-49000,-44000
2010/10/25,0,186000,-66000,120000
2010/10/26,0,106000,-31000,75000
2010/10/27,0,38000,-27000,11000
2010/10/28,0,52000,-114000,-62000
2010/10/29,0,43000,-27000,16000
2010/11/01,0,243000,-75142,167858
2010/11/02,0,137000,-15000,122000
2010/11/03,0,45000,-94000,-49000
2010/11/04,0,19000,-3000,16000
2010/11/05,0,40000,-67000,-27000
2010/11/08,0,34000,-18000,16000
2010/11/09,0,14181,-26000,-11819
2010/11/10,0,49000,-28000,21000
2010/11/11,0,56000,-6000,50000
2010/11/12,0,3000,-61280,-58280
2010/11/15,0,6000,-39000,-33000
2010/11/16,0,123000,-32000,91000
2010/11/17,0,23000,-23000,0
2010/11/18,0,25000,-15379,9621
2010/11/19,0,6000,-16000,-10000
2010/11/22,0,46400,-19000,27400
2010/11/23,0,94000,-22000,72000
2010/11/24,0,102000,-14000,88000
2010/11/25,0,28000,-57000,-29000
2010/11/26,0,79000,-121000,-42000
2010/11/29,0,106000,-30000,76000
2010/11/30,0,134000,-347000,-213000
2010/12/01,0,146000,-47000,99000
2010/12/02,0,35000,-21000,14000
2010/12/03,0,122000,-138000,-16000
2010/12/06,0,40000,-36000,4000
2010/12/07,0,30000,-39000,-9000
2010/12/08,0,4000,-75000,-71000
2010/12/09,0,74000,-24000,50000
2010/12/10,0,27000,-1000,26000
2010/12/13,0,47000,-60000,-13000
2010/12/14,0,95000,-107945,-12945
2010/12/15,0,281000,-69000,212000
2010/12/16,0,177000,-122000,55000
2010/12/17,0,93000,-193000,-100000
2010/12/20,0,37000,-54000,-17000
2010/12/21,0,14000,-19000,-5000
2010/12/22,0,20000,-12000,8000
2010/12/23,0,148000,-67000,81000
2010/12/24,0,29000,-159000,-130000
2010/12/27,0,43000,-88000,-45000
2010/12/28,0,28000,-94000,-66000
2010/12/29,0,29000,-90578,-61578
2010/12/30,0,74000,-57000,17000
2010/12/31,0,55000,-91000,-36000
2011/01/03,0,31000,-132000,-101000
2011/01/04,0,148000,-221000,-73000
2011/01/05,0,88000,-190000,-102000
2011/01/06,0,51000,-14000,37000
2011/01/07,0,28000,-121000,-93000
2011/01/10,0,22000,-220000,-198000
2011/01/11,0,139000,-81000,58000
2011/01/12,0,34000,-8000,26000
2011/01/13,0,3000,-185000,-182000
2011/01/14,0,0,-20000,-20000
2011/01/17,0,10000,-86842,-76842
2011/01/18,0,7000,-48000,-41000
2011/01/19,0,10000,-195000,-185000
2011/01/20,0,16000,-14000,2000
2011/01/21,0,107000,-68000,39000
2011/01/24,0,139000,-126000,13000
2011/01/25,0,129000,-50000,79000
2011/01/26,0,42000,-49000,-7000
2011/01/27,0,10000,-124000,-114000
2011/01/28,0,27000,-132000,-105000
2011/01/31,0,0,0,0
2011/02/01,0,0,0,0
2011/02/02,0,0,0,0
2011/02/03,0,0,0,0
2011/02/04,0,0,0,0
2011/02/07,0,0,0,0
2011/02/08,0,105000,-351000,-246000
2011/02/09,0,56000,-24000,32000
2011/02/10,0,74000,-82000,-8000
2011/02/11,0,30000,-117000,-87000
2011/02/14,0,77000,-116000,-39000
2011/02/15,0,48000,-153000,-105000
2011/02/16,0,20000,-46000,-26000
2011/02/17,0,10000,-99000,-89000
2011/02/18,0,2000,-91000,-89000
2011/02/21,0,35000,-60000,-25000
2011/02/22,0,165000,-45000,120000
2011/02/23,0,211000,-23000,188000
2011/02/24,0,309000,-41000,268000
2011/02/25,0,337000,-2000,335000
2011/02/28,0,0,0,0
2011/03/01,0,69000,-56000,13000
2011/03/02,0,66000,-78000,-12000
2011/03/03,0,239200,-6000,233200
2011/03/04,0,106230,-49000,57230
2011/03/07,0,61000,-46986,14014
2011/03/08,0,64000,-45000,19000
2011/03/09,0,33000,-124000,-91000
2011/03/10,0,14000,-27000,-13000
2011/03/11,0,153000,-92000,61000
2011/03/14,0,187000,-94000,93000
2011/03/15,0,469000,-34000,435000
2011/03/16,0,235000,-12000,223000
2011/03/17,0,270000,-52000,218000
2011/03/18,0,102000,-46000,56000
2011/03/21,0,104000,-187000,-83000
2011/03/22,0,4000,-74000,-70000
2011/03/23,0,15000,-21000,-6000
2011/03/24,0,35000,-110000,-75000
2011/03/25,0,118000,-30000,88000
2011/03/28,0,60000,-21830,38170
2011/03/29,0,18000,-10000,8000
2011/03/30,0,10000,-7000,3000
2011/03/31,0,33000,-47000,-14000
2011/04/01,0,63000,-14000,49000
2011/04/04,0,0,0,0
2011/04/05,0,0,0,0
2011/04/06,0,172000,-5000,167000
2011/04/07,0,141000,-2000,139000
2011/04/08,0,97000,-42000,55000
2011/04/11,0,10000,-94000,-84000
2011/04/12,0,247000,-40000,207000
2011/04/13,0,96000,-39000,57000
2011/04/14,0,37000,-12742,24258
2011/04/15,0,2000,-13000,-11000
2011/04/18,0,3000,-42169,-39169
2011/04/19,0,1000,-89000,-88000
2011/04/20,0,36000,-14000,22000
2011/04/21,0,25000,-23000,2000
2011/04/22,0,4000,-2000,2000
2011/04/25,0,3000,-11000,-8000
2011/04/26,0,4000,-21000,-17000
2011/04/27,0,0,-65000,-65000
2011/04/28,0,8000,-413000,-405000
2011/04/29,0,31000,-189000,-158000
2011/05/02,0,0,0,0
2011/05/03,0,52000,-61905,-9905
2011/05/04,0,65000,-4000,61000
2011/05/05,0,118400,-4000,114400
2011/05/06,0,83000,-3000,80000
2011/05/09,0,73000,-56000,17000
2011/05/10,0,51000,-10000,41000
2011/05/11,0,83000,-59000,24000
2011/05/12,0,185800,-25000,160800
2011/05/13,0,52000,-61000,-9000
2011/05/16,0,53000,-67000,-14000
2011/05/17,0,61000,-16000,45000
2011/05/18,0,161000,-7000,154000
2011/05/19,0,270000,-50956,219044
2011/05/20,0,129000,-8000,121000
2011/05/23,0,279000,-65000,214000
2011/05/24,0,202000,-14000,188000
2011/05/25,0,133000,-16000,117000
2011/05/26,0,19000,-291000,-272000
2011/05/27,0,130000,-24000,106000
2011/05/30,0,59000,-9000,50000
2011/05/31,0,276000,-2000,274000
2011/06/01,0,61000,-91000,-30000
2011/06/02,0,99000,-37000,62000
2011/06/03,0,629000,-39600,589400
2011/06/06,0,0,0,0
2011/06/07,0,96000,-33000,63000
2011/06/08,0,229000,-36000,193000
2011/06/09,0,299000,-129000,170000
2011/06/10,0,158000,-143000,15000
2011/06/13,0,222000,-66400,155600
2011/06/14,0,75000,-51000,24000
2011/06/15,0,262000,-11000,251000
2011/06/16,0,112000,-33000,79000
2011/06/17,0,117200,-220000,-102800
2011/06/20,0,176000,-197000,-21000
2011/06/21,0,238700,-59000,179700
2011/06/22,0,426000,-108680,317320
2011/06/23,0,1205350,-97000,1108350
2011/06/24,0,201000,-167000,34000
2011/06/27,0,63200,-153000,-89800
2011/06/28,0,28000,-80000,-52000
2011/06/29,0,261000,-252000,9000
2011/06/30,0,158400,-134000,24400
2011/07/01,0,55180,-443000,-387820
2011/07/04,0,3000,-206000,-203000
2011/07/05,0,27000,-138250,-111250
2011/07/06,0,25400,-153000,-127600
2011/07/07,0,184500,-36000,148500
2011/07/08,0,23000,-84000,-61000
2011/07/11,0,82400,-661000,-578600
2011/07/12,0,125360,-400000,-274640
2011/07/13,0,358000,-201000,157000
2011/07/14,0,304000,-14370,289630
2011/07/15,0,483000,-27090,455910
2011/07/18,0,161200,-270790,-109590
2011/07/19,0,44000,-202000,-158000
2011/07/20,0,160000,-95000,65000
2011/07/21,0,537000,-163000,374000
2011/07/22,0,555000,-28000,527000
2011/07/25,0,654000,-64000,590000
2011/07/26,0,48000,-454000,-406000
2011/07/27,0,118000,-260802,-142802
2011/07/28,0,0,-326000,-326000
2011/07/29,0,37000,-53200,-16200
2011/08/01,0,101000,-126250,-25250
2011/08/02,0,19000,-12620,6380
2011/08/03,0,349600,-27000,322600
2011/08/04,0,332000,-10000,322000
2011/08/05,0,1117000,-148000,969000
2011/08/08,0,512000,-95550,416450
2011/08/09,0,581000,-493090,87910
2011/08/10,0,146000,-40000,106000
2011/08/11,0,263000,-27000,236000
2011/08/12,0,32000,-403000,-371000
2011/08/15,0,47000,-152000,-105000
2011/08/16,0,80000,-57000,23000
2011/08/17,0,76000,-11000,65000
2011/08/18,0,118000,-33000,85000
2011/08/19,0,173000,-94090,78910
2011/08/22,0,280000,-3000,277000
2011/08/23,0,190000,-16000,174000
2011/08/24,0,151000,-50000,101000
2011/08/25,0,78000,-144000,-66000
2011/08/26,0,119000,-10000,109000
2011/08/29,0,131000,-35000,96000
2011/08/30,0,9000,-70000,-61000
2011/08/31,0,26000,-76000,-50000
2011/09/01,0,12000,-245000,-233000
2011/09/02,0,2000,-127000,-125000
2011/09/05,0,18000,-131000,-113000
2011/09/06,0,76000,-65000,11000
2011/09/07,0,100000,-10000,90000
2011/09/08,0,81000,-105000,-24000
2011/09/09,0,90000,-28000,62000
2011/09/12,0,0,0,0
2011/09/13,0,53000,-77000,-24000
2011/09/14,0,331000,-76000,255000
2011/09/15,0,298000,-8000,290000
2011/09/16,0,310500,-29000,281500
2011/09/19,0,257000,-116000,141000
2011/09/20,0,179000,-98000,81000
2011/09/21,0,68000,-47000,21000
2011/09/22,0,41000,-37000,4000
2011/09/23,0,627000,-60000,567000
2011/09/26,0,448000,-58000,390000
2011/09/27,0,66000,-9000,57000
2011/09/28,0,22000,-370000,-348000
2011/09/29,0,141000,-90000,51000
2011/09/30,0,43000,-103000,-60000
2011/10/03,0,41000,-9000,32000
2011/10/04,0,220000,-23000,197000
2011/10/05,0,154000,-60000,94000
2011/10/06,0,182000,-7067,174933
2011/10/07,0,33000,-264000,-231000
2011/10/10,0,0,0,0
2011/10/11,0,253000,-17000,236000
2011/10/12,0,294000,-39000,255000
2011/10/13,0,41000,-309000,-268000
2011/10/14,0,74000,-75000,-1000
2011/10/17,0,41000,-19000,22000
2011/10/18,0,121000,-50000,71000
2011/10/19,0,81000,-115000,-34000
2011/10/20,0,65000,-50000,15000
2011/10/21,0,178422,-12000,166422
2011/10/24,0,254000,-78000,176000
2011/10/25,0,126000,-45000,81000
2011/10/26,0,186000,-86000,100000
2011/10/27,0,111000,-114000,-3000
2011/10/28,0,71000,-32000,39000
2011/10/31,0,131000,-21724,109276
2011/11/01,0,133000,-51000,82000
2011/11/02,0,110000,-44000,66000
2011/11/03,0,97000,-26000,71000
2011/11/04,0,341000,-64000,277000
2011/11/07,0,477000,-22000,455000
2011/11/08,0,205000,-73000,132000
2011/11/09,0,68000,-52500,15500
2011/11/10,0,200000,-232000,-32000
2011/11/11,0,25000,-41000,-16000
2011/11/14,0,90000,-10000,80000
2011/11/15,0,22000,-28000,-6000
2011/11/16,0,62000,-84000,-22000
2011/11/17,0,39000,-258000,-219000
2011/11/18,0,323000,-45146,277854
2011/11/21,0,381000,-90000,291000
2011/11/22,0,337000,-246000,91000
2011/11/23,0,229000,-550000,-321000
2011/11/24,0,178000,-65000,113000
2011/11/25,0,225000,-82000,143000
2011/11/28,0,92000,-45000,47000
2011/11/29,0,116000,-27000,89000
2011/11/30,0,72000,-252000,-180000
2011/12/01,0,237000,-15000,222000
2011/12/02,0,151000,-8000,143000
2011/12/05,0,81000,-57000,24000
2011/12/06,0,20000,-57000,-37000
2011/12/07,0,81000,-81000,0
2011/12/08,0,0,-85000,-85000
2011/12/09,0,43000,-35000,8000
2011/12/12,0,5000,-43000,-38000
2011/12/13,0,22000,-39000,-17000
2011/12/14,0,108000,-60000,48000
2011/12/15,0,44000,-60000,-16000
2011/12/16,0,138000,-14000,124000
2011/12/19,0,123000,-40000,83000
2011/12/20,0,279000,-13000,266000
2011/12/21,0,1138000,-109000,1029000
2011/12/22,0,177000,-93000,84000
2011/12/23,0,67000,-772000,-705000
2011/12/26,0,20000,-41000,-21000
2011/12/27,0,262000,-181000,81000
2011/12/28,0,321000,-50000,271000
2011/12/29,0,195000,-229000,-34000
2011/12/30,0,257000,-277000,-20000
2012/01/02,0,169000,-200000,-31000
2012/01/03,0,75000,-131000,-56000
2012/01/04,0,169000,-122000,47000
2012/01/05,0,96000,-90376,5624
2012/01/06,0,251000,-29000,222000
2012/01/09,0,244000,-7000,237000
2012/01/10,0,488000,-61000,427000
2012/01/11,0,34000,-134000,-100000
2012/01/12,0,130000,-242000,-112000
2012/01/13,0,30000,-102000,-72000
2012/01/16,0,93000,-220000,-127000
2012/01/17,0,124000,-152000,-28000
2012/01/18,0,257000,-70000,187000
2012/01/19,0,0,0,0
2012/01/20,0,0,0,0
2012/01/23,0,0,0,0
2012/01/24,0,0,0,0
2012/01/25,0,0,0,0
2012/01/26,0,0,0,0
2012/01/27,0,0,0,0
2012/01/30,0,246000,-239000,7000
2012/01/31,0,153000,-162000,-9000
2012/02/01,0,32000,-226000,-194000
2012/02/02,0,123000,-369000,-246000
2012/02/03,0,5000,-378000,-373000
2012/02/06,0,6000,-134000,-128000
2012/02/07,0,87000,-155000,-68000
2012/02/08,0,872000,-430000,442000
2012/02/09,0,169000,-477000,-308000
2012/02/10,0,184000,-469000,-285000
2012/02/13,0,11000,-591000,-580000
2012/02/14,0,81000,-413000,-332000
2012/02/15,0,156000,-81000,75000
2012/02/16,0,99000,-207500,-108500
2012/02/17,0,27000,-110000,-83000
2012/02/20,0,31000,-396000,-365000
2012/02/21,0,10000,-173000,-163000
2012/02/22,0,4000,-32000,-28000
2012/02/23,0,775000,-233000,542000
2012/02/24,0,57000,-328000,-271000
2012/02/27,0,0,0,0
2012/02/28,0,0,0,0
2012/02/29,0,147018,-27000,120018
2012/03/01,0,39000,-232000,-193000
2012/03/02,0,92000,-82000,10000
2012/03/05,0,19000,-337000,-318000
2012/03/06,0,26000,-104000,-78000
2012/03/07,0,57000,-178000,-121000
2012/03/08,0,65000,-160000,-95000
2012/03/09,0,428000,-151000,277000
2012/03/12,0,82000,-793245,-711245
2012/03/13,0,106000,-132000,-26000
2012/03/14,0,525000,-143000,382000
2012/03/15,0,33000,-246000,-213000
2012/03/16,0,76000,-236000,-160000
2012/03/19,0,97000,-527000,-430000
2012/03/20,0,21000,-162000,-141000
2012/03/21,0,210000,-96000,114000
2012/03/22,0,67000,-75000,-8000
2012/03/23,0,41000,-16000,25000
2012/03/26,0,83000,-282000,-199000
2012/03/27,0,66500,-172000,-105500
2012/03/28,0,5000,-159000,-154000
2012/03/29,0,28000,-181545,-153545
2012/03/30,0,108000,-16000,92000
2012/04/02,0,37000,-140000,-103000
2012/04/03,0,23000,-49000,-26000
2012/04/04,0,0,0,0
2012/04/05,0,139000,-40000,99000
2012/04/06,0,113000,-39000,74000
2012/04/09,0,65000,-37000,28000
2012/04/10,0,6000,-65000,-59000
2012/04/11,0,83000,-34000,49000
2012/04/12,0,36000,-89000,-53000
2012/04/13,0,111000,-158000,-47000
2012/04/16,0,37000,-80000,-43000
2012/04/17,0,63000,-122000,-59000
2012/04/18,0,70000,-68000,2000
2012/04/19,0,230000,-29000,201000
2012/04/20,0,63000,-167000,-104000
2012/04/23,0,193000,-67000,126000
2012/04/24,0,349000,-14000,335000
2012/04/25,0,113000,-147000,-34000
2012/04/26,0,150000,-47000,103000
2012/04/27,0,156000,-217000,-61000
2012/04/30,0,130000,-76000,54000
2012/05/01,0,0,0,0
2012/05/02,0,308000,-23000,285000
2012/05/03,0,208000,-54000,154000
2012/05/04,0,120000,-86000,34000
2012/05/07,0,124000,-40000,84000
2012/05/08,0,170000,-32389,137611
2012/05/09,0,161200,-31823,129377
2012/05/10,0,128000,-51000,77000
2012/05/11,0,180000,-36000,144000
2012/05/14,0,169000,-62000,107000
2012/05/15,0,346000,-20000,326000
2012/05/16,0,350000,-103000,247000
2012/05/17,0,124000,-84000,40000
2012/05/18,0,267000,-96000,171000
2012/05/21,0,240000,-97000,143000
2012/05/22,0,57000,-77000,-20000
2012/05/23,0,163000,-38000,125000
2012/05/24,0,383000,-239000,144000
2012/05/25,0,89000,-66000,23000
2012/05/28,0,71000,-28000,43000
2012/05/29,0,175000,-138000,37000
2012/05/30,0,26000,-75000,-49000
2012/05/31,0,76000,-27000,49000
2012/06/01,0,91000,-52000,39000
2012/06/04,0,452000,-83000,369000
2012/06/05,0,65000,-4000,61000
2012/06/06,0,365000,-8000,357000
2012/06/07,0,139000,-53000,86000
2012/06/08,0,60000,-40000,20000
2012/06/11,0,61000,-341000,-280000
2012/06/12,0,23000,-91000,-68000
2012/06/13,0,30000,-130000,-100000
2012/06/14,0,69000,-15000,54000
2012/06/15,0,60000,-13000,47000
2012/06/18,0,69000,-38000,31000
2012/06/19,0,106000,-50000,56000
2012/06/20,0,71000,-72000,-1000
2012/06/21,0,49000,-79000,-30000
2012/06/22,0,168000,-47000,121000
2012/06/25,0,21000,-75000,-54000
2012/06/26,0,19000,-56000,-37000
2012/06/27,0,103000,-117000,-14000
2012/06/28,0,92000,-30000,62000
2012/06/29,0,293000,-31000,262000
2012/07/02,0,49000,-129000,-80000
2012/07/03,0,142000,-23000,119000
2012/07/04,0,29000,-59000,-30000
2012/07/05,0,327000,-77000,250000
2012/07/06,0,48000,-163000,-115000
2012/07/09,0,51000,-98000,-47000
2012/07/10,0,78000,-192000,-114000
2012/07/11,0,69000,-71000,-2000
2012/07/12,0,28000,-75000,-47000
2012/07/13,0,194000,-57000,137000
2012/07/16,0,272000,-20356,251644
2012/07/17,0,800000,-6000,794000
2012/07/18,0,1052000,-171000,881000
2012/07/19,0,65000,-1335000,-1270000
2012/07/20,0,215000,-136000,79000
2012/07/23,0,51000,-117000,-66000
2012/07/24,0,217000,-768200,-551200
2012/07/25,0,105000,-20000,85000
2012/07/26,0,56000,-112000,-56000
2012/07/27,0,203000,-43000,160000
2012/07/30,0,16000,-93000,-77000
2012/07/31,0,115000,-166000,-51000
2012/08/01,0,129000,-35000,94000
2012/08/02,0,0,0,0
2012/08/03,0,8000,-39000,-31000
2012/08/06,0,50000,-347000,-297000
2012/08/07,0,20000,-327000,-307000
2012/08/08,0,31000,-274000,-243000
2012/08/09,0,53000,-315000,-262000
2012/08/10,0,416000,-115000,301000
2012/08/13,0,110000,-201000,-91000
2012/08/14,0,211000,-330000,-119000
2012/08/15,0,164000,-367000,-203000
2012/08/16,0,157000,-43000,114000
2012/08/17,0,199000,-45000,154000
2012/08/20,0,116000,-253000,-137000
2012/08/21,0,194000,-81000,113000
2012/08/22,0,64000,-86000,-22000
2012/08/23,0,243000,-43000,200000
2012/08/24,0,130000,-259000,-129000
2012/08/27,0,128000,-162000,-34000
2012/08/28,0,67000,-304000,-237000
2012/08/29,0,407000,-99000,308000
2012/08/30,0,83000,-297000,-214000
2012/08/31,0,95000,-211000,-116000
2012/09/03,0,34000,-214000,-180000
2012/09/04,0,39000,-196000,-157000
2012/09/05,0,59000,-92000,-33000
2012/09/06,0,73000,-190000,-117000
2012/09/07,0,259000,-170000,89000
2012/09/10,0,79000,-143000,-64000
2012/09/11,0,55000,-205000,-150000
2012/09/12,0,52000,-28000,24000
2012/09/13,0,37000,-28000,9000
2012/09/14,0,47000,-57000,-10000
2012/09/17,0,18000,-216000,-198000
2012/09/18,0,88000,-36000,52000
2012/09/19,0,118000,-91000,27000
2012/09/20,0,34000,-57000,-23000
2012/09/21,0,25000,-5000,20000
2012/09/24,0,146000,-171000,-25000
2012/09/25,0,43000,-22000,21000
2012/09/26,0,223000,-58000,165000
2012/09/27,0,36000,-74000,-38000
2012/09/28,0,87000,-25000,62000
2012/10/01,0,48000,-17000,31000
2012/10/02,0,83000,-21000,62000
2012/10/03,0,28000,-133000,-105000
2012/10/04,0,15000,-72000,-57000
2012/10/05,0,73000,-115000,-42000
2012/10/08,0,71000,-257000,-186000
2012/10/09,0,173000,-320000,-147000
2012/10/10,0,0,0,0
2012/10/11,0,190000,-44832,145168
2012/10/12,0,286000,-123000,163000
2012/10/15,0,128000,-284000,-156000
2012/10/16,0,36000,-312000,-276000
2012/10/17,0,42000,-148000,-106000
2012/10/18,0,220000,-39000,181000
2012/10/19,0,99000,-57000,42000
2012/10/22,0,101000,-39000,62000
2012/10/23,0,29000,-47000,-18000
2012/10/24,0,316000,-69000,247000
2012/10/25,0,43000,-107000,-64000
2012/10/26,0,76000,-143000,-67000
2012/10/29,0,118000,-26000,92000
2012/10/30,0,178000,-133000,45000
2012/10/31,0,128000,-147000,-19000
2012/11/01,0,132000,-22000,110000
2012/11/02,0,58000,-197000,-139000
2012/11/05,0,78000,-33000,45000
2012/11/06,0,69000,-32000,37000
2012/11/07,0,102000,-87000,15000
2012/11/08,0,20000,-43000,-23000
2012/11/09,0,62000,-12000,50000
2012/11/12,0,6000,-21000,-15000
2012/11/13,0,4000,-61000,-57000
2012/11/14,0,56000,-4000,52000
2012/11/15,0,68000,-15000,53000
2012/11/16,0,34000,-47000,-13000
2012/11/19,0,57000,-53000,4000
2012/11/20,0,34000,-39000,-5000
2012/11/21,0,108000,-53000,55000
2012/11/22,0,111000,-78000,33000
2012/11/23,0,81000,-34000,47000
2012/11/26,0,30000,-20000,10000
2012/11/27,0,23000,-19000,4000
2012/11/28,0,109000,-9000,100000
2012/11/29,0,190000,-121000,69000
2012/11/30,0,154000,-190000,-36000
2012/12/03,0,72000,-85000,-13000
2012/12/04,0,24000,-62000,-38000
2012/12/05,0,101000,-36000,65000
2012/12/06,0,51000,-101000,-50000
2012/12/07,0,16000,-39000,-23000
2012/12/10,0,15000,-50000,-35000
2012/12/11,0,21000,-21000,0
2012/12/12,0,40000,-15000,25000
2012/12/13,0,51000,-40000,11000
2012/12/14,0,64000,-34000,30000
2012/12/17,0,54000,-99000,-45000
2012/12/18,0,156000,-39000,117000
2012/12/19,0,88105,-137000,-48895
2012/12/20,0,64000,-89000,-25000
2012/12/21,0,74000,-68000,6000
2012/12/24,0,12000,-2000,10000
2012/12/25,0,26000,-28000,-2000
2012/12/26,0,18000,-16000,2000
2012/12/27,0,11000,-161000,-150000
2012/12/28,0,5000,-32000,-27000
2012/12/31,0,0,0,0
2013/01/01,0,0,0,0
2013/01/02,0,91000,-18000,73000
2013/01/03,0,71000,-70000,1000
2013/01/04,0,20000,-29000,-9000
2013/01/07,0,22000,-52000,-30000
2013/01/08,0,11000,-10000,1000
2013/01/09,0,27000,-32000,-5000
2013/01/10,0,32000,-7000,25000
2013/01/11,0,27000,-13000,14000
2013/01/14,0,16000,-57000,-41000
2013/01/15,0,2000,-66000,-64000
2013/01/16,0,7000,-54000,-47000
2013/01/17,0,7000,-73000,-66000
2013/01/18,0,47000,-6000,41000
2013/01/21,0,43000,-15000,28000
2013/01/22,0,25000,-41000,-16000
2013/01/23,0,51000,-14000,37000
2013/01/24,0,21000,-79000,-58000
2013/01/25,0,1000,-31000,-30000
2013/01/28,0,0,-34000,-34000
2013/01/29,0,12000,-18000,-6000
2013/01/30,0,23000,-106000,-83000
2013/01/31,0,20000,-46000,-26000
2013/02/01,0,6000,-87000,-81000
2013/02/04,0,27000,-42000,-15000
2013/02/05,0,9000,-77000,-68000
2013/02/06,0,99000,-309000,-210000
2013/02/07,0,0,0,0
2013/02/08,0,0,0,0
2013/02/11,0,0,0,0
2013/02/12,0,0,0,0
2013/02/13,0,0,0,0
2013/02/14,0,0,0,0
2013/02/15,0,0,0,0
2013/02/18,0,351000,-206000,145000
2013/02/19,0,85000,-109000,-24000
2013/02/20,0,257000,-423000,-166000
2013/02/21,0,12000,-664000,-652000
2013/02/22,0,26000,-510000,-484000
2013/02/25,0,123000,-198000,-75000
2013/02/26,0,24000,-78000,-54000
2013/02/27,0,54000,-57000,-3000
2013/02/28,0,0,0,0
2013/03/01,0,207000,-40000,167000
2013/03/04,0,6000,-32397,-26397
2013/03/05,0,42000,-224000,-182000
2013/03/06,0,187000,-130000,57000
2013/03/07,0,11000,-62000,-51000
2013/03/08,0,19000,-42000,-23000
2013/03/11,0,33000,-90000,-57000
2013/03/12,0,759000,-18000,741000
2013/03/13,0,8000,-152000,-144000
2013/03/14,0,147000,-1847000,-1700000
2013/03/15,0,69000,-271000,-202000
2013/03/18,0,436000,-72000,364000
2013/03/19,0,106000,-277000,-171000
2013/03/20,0,139000,-280000,-141000
2013/03/21,0,96000,-8000,88000
2013/03/22,0,208000,-18000,190000
2013/03/25,0,12000,-54000,-42000
2013/03/26,0,36000,-133000,-97000
2013/03/27,0,50000,-34000,16000
2013/03/28,0,76000,-166000,-90000
2013/03/29,0,148000,-27000,121000
2013/04/01,0,175000,-106000,69000
2013/04/02,0,5000,-189000,-184000
2013/04/03,0,89000,-75000,14000
2013/04/04,0,0,0,0
2013/04/05,0,0,0,0
2013/04/08,0,12000,-12000,0
2013/04/09,0,11000,-149000,-138000
2013/04/10,0,2000,-58000,-56000
2013/04/11,0,38000,-43000,-5000
2013/04/12,0,3000,-49000,-46000
2013/04/15,0,180000,-9000,171000
2013/04/16,0,76000,-59000,17000
2013/04/17,0,52000,-39000,13000
2013/04/18,0,9000,-81000,-72000
2013/04/19,0,27000,-74000,-47000
2013/04/22,0,2000,-98000,-96000
2013/04/23,0,14000,-1000,13000
2013/04/24,0,3000,-2000,1000
2013/04/25,0,313000,-37000,276000
2013/04/26,0,23000,-196000,-173000
2013/04/29,0,65000,-22000,43000
2013/04/30,0,52000,-129000,-77000
2013/05/01,0,0,0,0
2013/05/02,0,129000,-128000,1000
2013/05/03,0,101000,-87000,14000
2013/05/06,0,50000,-39000,11000
2013/05/07,0,125000,-64000,61000
2013/05/08,0,122000,-207000,-85000
2013/05/09,0,43000,-79000,-36000
2013/05/10,0,130000,-101000,29000
2013/05/13,0,14000,-53000,-39000
2013/05/14,0,20000,-75000,-55000
2013/05/15,0,55000,-21000,34000
2013/05/16,0,43000,-95000,-52000
2013/05/17,0,29000,-55000,-26000
2013/05/20,0,101000,-50000,51000
2013/05/21,0,0,-49000,-49000
2013/05/22,0,7000,-16000,-9000
2013/05/23,0,101000,-120000,-19000
2013/05/24,0,29000,-92000,-63000
2013/05/27,0,1000,-3000,-2000
2013/05/28,0,89000,-20000,69000
2013/05/29,0,51000,-69000,-18000
2013/05/30,0,18000,-122000,-104000
2013/05/31,0,42000,-116000,-74000
2013/06/03,0,67000,-60957,6043
2013/06/04,0,45000,-51000,-6000
2013/06/05,0,50000,-39000,11000
2013/06/06,0,102000,-7000,95000
2013/06/07,0,1000,-257000,-256000
2013/06/10,0,80000,-80000,0
2013/06/11,0,28000,-2000,26000
2013/06/12,0,0,0,0
2013/06/13,0,199000,0,199000
2013/06/14,0,151000,-110000,41000
2013/06/17,0,36000,-6000,30000
2013/06/18,0,13000,-77000,-64000
2013/06/19,0,134000,-14000,120000
2013/06/20,0,27000,-21000,6000
2013/06/21,0,88000,-65000,23000
2013/06/24,0,5000,-64000,-59000
2013/06/25,0,162000,-16000,146000
2013/06/26,0,35000,-53000,-18000
2013/06/27,0,198000,-58000,140000
2013/06/28,0,6000,-256000,-250000
2013/07/01,0,112000,-191000,-79000
2013/07/02,0,37000,-139000,-102000
2013/07/03,0,15000,-17000,-2000
2013/07/04,0,516000,-1000,515000
2013/07/05,0,374000,-151000,223000
2013/07/08,0,6000,-730000,-724000
2013/07/09,0,28000,-33000,-5000
2013/07/10,0,39000,-115000,-76000
2013/07/11,0,39000,-67000,-28000
2013/07/12,0,19000,-55000,-36000
2013/07/15,0,23000,-15000,8000
2013/07/16,0,77000,-35000,42000
2013/07/17,0,108000,-109000,-1000
2013/07/18,0,7000,-5000,2000
2013/07/19,0,97000,-22000,75000
2013/07/22,0,10000,-17000,-7000
2013/07/23,0,17000,-7000,10000
2013/07/24,0,22000,-14000,8000
2013/07/25,0,134000,-21000,113000
2013/07/26,0,56000,-177000,-121000
2013/07/29,0,340000,-130000,210000
2013/07/30,0,109000,-225000,-116000
2013/07/31,0,90000,-34000,56000
2013/08/01,0,12000,-145000,-133000
2013/08/02,0,80000,-26000,54000
2013/08/05,0,17000,-92000,-75000
2013/08/06,0,131000,-64000,67000
2013/08/07,0,108000,-82000,26000
2013/08/08,0,168000,-56000,112000
2013/08/09,0,91000,-62000,29000
2013/08/12,0,87000,-12000,75000
2013/08/13,0,6000,-21000,-15000
2013/08/14,0,5000,-33000,-28000
2013/08/15,0,100000,-84000,16000
2013/08/16,0,149000,-153000,-4000
2013/08/19,0,58000,-116000,-58000
2013/08/20,0,278000,-272000,6000
2013/08/21,0,0,0,0
2013/08/22,0,316000,-62000,254000
2013/08/23,0,290000,-105000,185000
2013/08/26,0,21000,-149000,-128000
2013/08/27,0,57000,-112000,-55000
2013/08/28,0,422000,-176000,246000
2013/08/29,0,138000,-666000,-528000
2013/08/30,0,86000,-88000,-2000
2013/09/02,0,3000,-41000,-38000
2013/09/03,0,53000,-63000,-10000
2013/09/04,0,13000,-67000,-54000
2013/09/05,0,59000,-19000,40000
2013/09/06,0,28000,-9000,19000
2013/09/09,0,27000,-32000,-5000
2013/09/10,0,134000,-54000,80000
2013/09/11,0,36000,-27000,9000
2013/09/12,0,66000,-33000,33000
2013/09/13,0,73000,-111000,-38000
2013/09/16,0,21000,-51000,-30000
2013/09/17,0,36258,-54000,-17742
2013/09/18,0,245000,-74000,171000
2013/09/19,0,0,0,0
2013/09/20,0,0,0,0
2013/09/23,0,145000,-21000,124000
2013/09/24,0,64000,-132000,-68000
2013/09/25,0,34000,-20000,14000
2013/09/26,0,41000,-312000,-271000
2013/09/27,0,29000,-46000,-17000
2013/09/30,0,290000,-56000,234000
2013/10/01,0,95000,-18000,77000
2013/10/02,0,55000,-93000,-38000
2013/10/03,0,158000,-62000,96000
2013/10/04,0,93000,-72000,21000
2013/10/07,0,63000,-93000,-30000
2013/10/08,0,100000,-33000,67000
2013/10/09,0,35000,-59000,-24000
2013/10/10,0,0,0,0
2013/10/11,0,237000,-135000,102000
2013/10/14,0,11000,-92000,-81000
2013/10/15,0,67000,-49000,18000
2013/10/16,0,137258,-120000,17258
2013/10/17,0,21000,-73000,-52000
2013/10/18,0,64000,-3000,61000
2013/10/21,0,19000,-52000,-33000
2013/10/22,0,36000,-26000,10000
2013/10/23,0,6000,-140000,-134000
2013/10/24,0,70000,-6000,64000
2013/10/25,0,212000,-86000,126000
2013/10/28,0,460000,-106000,354000
2013/10/29,0,206000,-296516,-90516
2013/10/30,0,148000,-75000,73000
2013/10/31,0,32000,-44000,-12000
2013/11/01,0,23000,-87000,-64000
2013/11/04,0,33000,-33996,-996
2013/11/05,0,65000,-29000,36000
2013/11/06,0,37000,-18000,19000
2013/11/07,0,131000,-7000,124000
2013/11/08,0,102000,-67000,35000
2013/11/11,0,62000,-185000,-123000
2013/11/12,0,45000,-130000,-85000
2013/11/13,0,23000,-50000,-27000
2013/11/14,0,28000,-211000,-183000
2013/11/15,0,185000,-8000,177000
2013/11/18,0,479000,-34000,445000
2013/11/19,0,111000,-214000,-103000
2013/11/20,0,189000,-74000,115000
2013/11/21,0,46000,-56000,-10000
2013/11/22,0,123000,-62000,61000
2013/11/25,0,80000,-111000,-31000
2013/11/26,0,59000,-20000,39000
2013/11/27,0,200000,-131000,69000
2013/11/28,0,100000,-313000,-213000
2013/11/29,0,128000,-22000,106000
2013/12/02,0,30000,-108000,-78000
2013/12/03,0,14000,-46000,-32000
2013/12/04,0,37000,-7000,30000
2013/12/05,0,344000,-65000,279000
2013/12/06,0,32000,-146000,-114000
2013/12/09,0,32000,-80000,-48000
2013/12/10,0,152000,-46000,106000
2013/12/11,0,63000,-279222,-216222
2013/12/12,0,74000,-116000,-42000
2013/12/13,0,85000,-116000,-31000
2013/12/16,0,55000,-92000,-37000
2013/12/17,0,78000,-93000,-15000
2013/12/18,0,80000,-185000,-105000
2013/12/19,0,79000,-195000,-116000
2013/12/20,0,193000,-94000,99000
2013/12/23,0,15000,-30000,-15000
2013/12/24,0,99000,-184000,-85000
2013/12/25,0,28000,-22000,6000
2013/12/26,0,25000,-32000,-7000
2013/12/27,0,22000,-9000,13000
2013/12/30,0,84000,-18000,66000
2013/12/31,0,514000,-45000,469000
2014/01/02,0,40000,-89000,-49000
2014/01/03,0,13000,-102000,-89000
2014/01/06,0,32000,-3000,29000
2014/01/07,0,48000,-12000,36000
2014/01/08,0,83000,-79000,4000
2014/01/09,0,28000,-97000,-69000
2014/01/10,0,50000,-99000,-49000
2014/01/13,0,113000,-127000,-14000
2014/01/14,0,31000,-85000,-54000
2014/01/15,0,135000,-74000,61000
2014/01/16,0,37000,-98000,-61000
2014/01/17,0,11000,-116000,-105000
2014/01/20,0,70000,-31727,38273
2014/01/21,0,35000,-75000,-40000
2014/01/22,0,246000,-1000,245000
2014/01/23,0,103000,-259000,-156000
2014/01/24,0,20000,-96000,-76000
2014/01/27,0,56000,-154000,-98000
2014/02/05,0,153000,-89000,64000
2014/02/06,0,136000,-167000,-31000
2014/02/07,0,182000,-31000,151000
2014/02/10,0,282000,-141000,141000
2014/02/11,0,288000,-21000,267000
2014/02/12,0,312000,-392000,-80000
2014/02/13,0,34000,-243000,-209000
2014/02/14,0,87000,-89000,-2000
2014/02/17,0,65000,-10000,55000
2014/02/18,0,67000,-84000,-17000
2014/02/19,0,59000,-62000,-3000
2014/02/20,0,66000,-114000,-48000
2014/02/21,0,27000,-60000,-33000
2014/02/24,0,103000,-35000,68000
2014/02/25,0,11000,-52000,-41000
2014/02/26,0,16000,-13000,3000
2014/02/27,0,3000,-198000,-195000
2014/03/03,0,13000,-150000,-137000
2014/03/04,0,100000,-35000,65000
2014/03/05,0,119000,-198000,-79000
2014/03/06,0,155000,-172000,-17000
2014/03/07,0,35000,-119000,-84000
2014/03/10,0,28000,-7000,21000
2014/03/11,0,228000,-144000,84000
2014/03/12,0,302000,-231000,71000
2014/03/13,0,166000,-732000,-566000
2014/03/14,0,215000,-188000,27000
2014/03/17,0,46000,-126000,-80000
2014/03/18,0,271000,-22000,249000
2014/03/19,0,151000,-53164,97836
2014/03/20,0,74000,-57000,17000
2014/03/21,0,87000,-51000,36000
2014/03/24,0,120000,-59000,61000
2014/03/25,0,106000,-55000,51000
2014/03/26,0,13000,-115000,-102000
2014/03/27,0,45000,-40000,5000
2014/03/28,0,3000,-32000,-29000
2014/03/31,0,226000,-113000,113000
2014/04/01,0,10000,-132000,-122000
2014/04/02,0,6000,-258000,-252000
2014/04/03,0,20000,-40000,-20000
2014/04/07,0,329000,-8000,321000
2014/04/08,0,17000,-148000,-131000
2014/04/09,0,15000,-37000,-22000
2014/04/10,0,2000,-69000,-67000
2014/04/11,0,13000,-41000,-28000
2014/04/14,0,7000,-31000,-24000
2014/04/15,0,53000,-24000,29000
2014/04/16,0,91000,-181000,-90000
2014/04/17,0,122000,-24000,98000
2014/04/18,0,18000,-120000,-102000
2014/04/21,0,60000,-22000,38000
2014/04/22,0,13000,-55000,-42000
2014/04/23,0,28000,-114000,-86000
2014/04/24,0,2000,-247000,-245000
2014/04/25,0,11000,-180035,-169035
2014/04/28,0,66000,-76000,-10000
2014/04/29,0,92000,-104000,-12000
2014/04/30,0,48000,-90000,-42000
2014/05/02,0,93000,-245000,-152000
2014/05/05,0,1000,-231000,-230000
2014/05/06,0,3000,-165000,-162000
2014/05/07,0,31000,-153351,-122351
2014/05/08,0,24000,-16000,8000
2014/05/09,0,56000,-62000,-6000
2014/05/12,0,127000,-51000,76000
2014/05/13,0,77000,-43000,34000
2014/05/14,0,51000,-112000,-61000
2014/05/15,0,20000,-81000,-61000
2014/05/16,0,10000,-113000,-103000
2014/05/19,0,2000,-12000,-10000
2014/05/20,0,4000,-30000,-26000
2014/05/21,0,384000,-448000,-64000
2014/05/22,0,65000,-96000,-31000
2014/05/23,0,236000,-25000,211000
2014/05/26,0,334000,-84000,250000
2014/05/27,0,14000,-190000,-176000
2014/05/28,0,19000,-53000,-34000
2014/05/29,0,8000,-149000,-141000
2014/05/30,0,35000,-105000,-70000
2014/06/03,0,33000,-62000,-29000
2014/06/04,0,85000,-36000,49000
2014/06/05,0,137000,-79000,58000
2014/06/06,0,36000,-32000,4000
2014/06/09,0,295000,-52000,243000
2014/06/10,0,50000,-159654,-109654
2014/06/11,0,75000,-37000,38000
2014/06/12,0,30000,-3000,27000
2014/06/13,0,30000,-125000,-95000
2014/06/16,0,104000,-11000,93000
2014/06/17,0,83000,-32000,51000
2014/06/18,0,861000,-278000,583000
2014/06/19,0,33000,-418000,-385000
2014/06/20,0,22000,-178000,-156000
2014/06/23,0,5000,-34000,-29000
2014/06/24,0,67000,-159000,-92000
2014/06/25,0,21000,-41000,-20000
2014/06/26,0,67000,-38000,29000
2014/06/27,0,27000,-43000,-16000
2014/06/30,0,187000,-23000,164000
2014/07/01,0,670000,-48000,622000
2014/07/02,0,794000,-58000,736000
2014/07/03,0,237000,-654000,-417000
2014/07/04,0,39000,-257000,-218000
2014/07/07,0,26000,-524000,-498000
2014/07/08,0,20000,-101000,-81000
2014/07/09,0,4000,-76000,-72000
2014/07/10,0,155000,-67000,88000
2014/07/11,0,90000,-74000,16000
2014/07/14,0,44000,-55000,-11000
2014/07/15,0,14000,-47000,-33000
2014/07/16,0,1000,-204000,-203000
2014/07/17,0,4000,-150000,-146000
2014/07/18,0,9000,-11000,-2000
2014/07/21,0,66000,-25000,41000
2014/07/22,0,5000,-62000,-57000
2014/07/23,0,0,0,0
2014/07/24,0,3000,-22000,-19000
2014/07/25,0,26000,-30000,-4000
2014/07/28,0,93000,-25000,68000
2014/07/29,0,106000,-17000,89000
2014/07/30,0,1000,-32000,-31000
2014/07/31,0,2000,-25000,-23000
2014/08/01,0,71000,-53000,18000
2014/08/04,0,101000,-30000,71000
2014/08/05,0,41000,-86000,-45000
2014/08/06,0,12000,-15000,-3000
2014/08/07,0,168000,-87000,81000
2014/08/08,0,20000,-186000,-166000
2014/08/11,0,39000,-7000,32000
2014/08/12,0,19000,-14000,5000
2014/08/13,0,30000,-23000,7000
2014/08/14,0,15000,-68000,-53000
2014/08/15,0,67000,-12000,55000
2014/08/18,0,23000,-11000,12000
2014/08/19,0,42000,-4000,38000
2014/08/20,0,72000,-39000,33000
2014/08/21,0,6000,-51000,-45000
2014/08/22,0,155000,0,155000
2014/08/25,0,15000,-37000,-22000
2014/08/26,0,119000,0,119000
2014/08/27,0,118000,-16000,102000
2014/08/28,0,70000,-29000,41000
2014/08/29,0,33000,-138000,-105000
2014/09/01,0,292000,-169000,123000
2014/09/02,0,89000,-242000,-153000
2014/09/03,0,304000,-223000,81000
2014/09/04,0,205000,-239000,-34000
2014/09/05,0,125000,-201000,-76000
2014/09/09,0,80000,-142000,-62000
2014/09/10,0,92000,-68000,24000
2014/09/11,0,203000,-87000,116000
2014/09/12,0,377000,-268000,109000
2014/09/15,0,177000,-215000,-38000
2014/09/16,0,19000,-102000,-83000
2014/09/17,0,226000,-72000,154000
2014/09/18,0,286000,-93000,193000
2014/09/19,0,447000,-448197,-1197
2014/09/22,0,84000,-114000,-30000
2014/09/23,0,200000,-206000,-6000
2014/09/24,0,111000,-53000,58000
2014/09/25,0,36000,-84000,-48000
2014/09/26,0,126000,-102000,24000
2014/09/29,0,414000,-119000,295000
2014/09/30,0,364000,-202000,162000
2014/10/01,0,90000,-330000,-240000
2014/10/02,0,27000,-95000,-68000
2014/10/03,0,218000,-72000,146000
2014/10/06,0,45000,-147000,-102000
2014/10/07,0,104000,-631000,-527000
2014/10/08,0,74000,-84000,-10000
2014/10/09,0,96000,-50000,46000
2014/10/13,0,133000,-81000,52000
2014/10/14,0,91000,-102000,-11000
2014/10/15,0,110000,-253000,-143000
2014/10/16,0,305000,-161000,144000
2014/10/17,0,87000,-203000,-116000
2014/10/20,0,81000,-169000,-88000
2014/10/21,0,236000,-214000,22000
2014/10/22,0,191000,-113000,78000
2014/10/23,0,119000,-32100,86900
2014/10/24,0,68000,-121000,-53000
2014/10/27,0,38000,-470000,-432000
2014/10/28,0,227000,-53000,174000
2014/10/29,0,529000,-118000,411000
2014/10/30,0,220000,-662000,-442000
2014/10/31,0,470000,-318000,152000
2014/11/03,0,308000,-323000,-15000
2014/11/04,0,227000,-414000,-187000
2014/11/05,0,552000,-325000,227000
2014/11/06,0,301000,-108539,192461
2014/11/07,0,226000,-140000,86000
2014/11/10,0,149000,-50000,99000
2014/11/11,0,94000,-131000,-37000
2014/11/12,0,110000,-234000,-124000
2014/11/13,0,77000,-184000,-107000
2014/11/14,0,49000,-299000,-250000
2014/11/17,0,427000,-79000,348000
2014/11/18,0,197000,-304000,-107000
2014/11/19,0,616000,-108000,508000
2014/11/20,0,314000,-207000,107000
2014/11/21,0,474000,-172000,302000
2014/11/24,0,416000,-479000,-63000
2014/11/25,0,456000,-203000,253000
2014/11/26,0,87000,-225000,-138000
2014/11/27,0,612000,-263000,349000
2014/11/28,0,33000,-421000,-388000
2014/12/01,0,134000,-51000,83000
2014/12/02,0,24000,-273000,-249000
2014/12/03,0,145000,-196000,-51000
2014/12/04,0,14000,-101464,-87464
2014/12/05,0,42000,-71000,-29000
2014/12/08,0,7000,-50000,-43000
2014/12/09,0,55000,-77000,-22000
2014/12/10,0,324000,-166000,158000
2014/12/11,0,189000,-383000,-194000
2014/12/12,0,17000,-227000,-210000
2014/12/15,0,31000,-102000,-71000
2014/12/16,0,213000,-148000,65000
2014/12/17,0,47000,-223000,-176000
2014/12/18,0,84000,-70000,14000
2014/12/19,0,47000,-115000,-68000
2014/12/22,0,15000,-35000,-20000
2014/12/23,0,33000,-72000,-39000
2014/12/24,0,41000,-27000,14000
2014/12/25,0,155000,-25000,130000
2014/12/26,0,24000,-15000,9000
2014/12/29,0,46000,-39000,7000
2014/12/30,0,2000,-110000,-108000
2014/12/31,0,27000,-18000,9000
2015/01/01,0,0,0,0
2015/01/02,0,0,0,0
2015/01/05,0,40000,-17000,23000
2015/01/06,0,27000,-46000,-19000
2015/01/07,0,85000,-36000,49000
2015/01/08,0,84000,-21910,62090
2015/01/09,0,17000,-74000,-57000
2015/01/12,0,36000,-114000,-78000
2015/01/13,0,107000,-36000,71000
2015/01/14,0,322000,-151000,171000
2015/01/15,0,15000,-302000,-287000
2015/01/16,0,19000,-100187,-81187
2015/01/19,0,65000,-32000,33000
2015/01/20,0,7000,-31000,-24000
2015/01/21,0,98000,-94000,4000
2015/01/22,0,143000,-18000,125000
2015/01/23,0,1363000,-120000,1243000
2015/01/26,0,72000,-475000,-403000
2015/01/27,0,156000,-290000,-134000
2015/01/28,0,55000,-116000,-61000
2015/01/29,0,170000,-567000,-397000
2015/01/30,0,97000,-116000,-19000
2015/02/02,0,144000,-53000,91000
2015/02/03,0,158000,-120000,38000
2015/02/04,0,328000,-169141,158859
2015/02/05,0,249000,-178141,70859
2015/02/06,0,60000,-79000,-19000
2015/02/09,0,19000,-40000,-21000
2015/02/10,0,54000,-38000,16000
2015/02/11,0,280000,-81000,199000
2015/02/12,0,6000,-145000,-139000
2015/02/13,0,29000,-100000,-71000
2015/02/16,0,0,0,0
2015/02/17,0,0,0,0
2015/02/18,0,0,0,0
2015/02/19,0,0,0,0
2015/02/20,0,0,0,0
2015/02/23,0,0,0,0
2015/02/24,0,146000,-498000,-352000
2015/02/25,0,31000,-75094,-44094
2015/02/26,0,202000,-68000,134000
2015/02/27,0,0,0,0
2015/03/02,0,27000,-128000,-101000
2015/03/03,0,3000,-97891,-94891
2015/03/04,0,76000,-28000,48000
2015/03/05,0,25000,-88094,-63094
2015/03/06,0,79000,-66000,13000
2015/03/09,0,11000,-56849,-45849
2015/03/10,0,27000,-21000,6000
2015/03/11,0,48000,-9000,39000
2015/03/12,0,107000,-88000,19000
2015/03/13,0,64000,-67000,-3000
2015/03/16,0,95000,-4000,91000
2015/03/17,0,148000,-205094,-57094
2015/03/18,0,137000,-89000,48000
2015/03/19,0,119000,-63000,56000
2015/03/20,0,90000,-13000,77000
2015/03/23,0,45000,-124000,-79000
2015/03/24,0,5000,-126000,-121000
2015/03/25,0,17000,-133000,-116000
2015/03/26,0,46000,-23000,23000
2015/03/27,0,17000,-61000,-44000
2015/03/30,0,136000,-18000,118000
2015/03/31,0,29000,-94000,-65000
2015/04/01,0,36000,-14000,22000
2015/04/02,0,61000,-31000,30000
2015/04/03,0,0,0,0
2015/04/06,0,0,0,0
2015/04/07,0,33000,-3000,30000
2015/04/08,0,422000,-48000,374000
2015/04/09,0,88000,-136000,-48000
2015/04/10,0,23000,-37000,-14000
2015/04/13,0,92000,-1000,91000
2015/04/14,0,12000,-39000,-27000
2015/04/15,0,55000,-516000,-461000
2015/04/16,0,21000,-80000,-59000
2015/04/17,0,4000,-12000,-8000
2015/04/20,0,17000,-9000,8000
2015/04/21,0,16000,-43000,-27000
2015/04/22,0,134000,-16000,118000
2015/04/23,0,63000,-27000,36000
2015/04/24,0,221000,-92000,129000
2015/04/27,0,273000,-38000,235000
2015/04/28,0,126000,-61000,65000
2015/04/29,0,166000,-126000,40000
2015/04/30,0,104000,-84000,20000
2015/05/01,0,0,0,0
2015/05/04,0,101000,-51000,50000
2015/05/05,0,63000,-167000,-104000
2015/05/06,0,55000,-39000,16000
2015/05/07,0,56000,-62000,-6000
2015/05/08,0,40000,-4000,36000
2015/05/11,0,110000,-342000,-232000
2015/05/12,0,200000,-53000,147000
2015/05/13,0,371000,-238000,133000
2015/05/14,0,118000,-55000,63000
2015/05/15,0,200000,-186000,14000
2015/05/18,0,208000,-214000,-6000
2015/05/19,0,125000,-198000,-73000
2015/05/20,0,130000,-153000,-23000
2015/05/21,0,223000,-76000,147000
2015/05/22,0,79000,-298000,-219000
2015/05/25,0,138000,-27000,111000
2015/05/26,0,165000,-86000,79000
2015/05/27,0,198000,-24000,174000
2015/05/28,0,283000,-112000,171000
2015/05/29,0,106000,-100000,6000
2015/06/01,0,44000,-163000,-119000
2015/06/02,0,161000,-69000,92000
2015/06/03,0,134000,-184000,-50000
2015/06/04,0,84000,-344000,-260000
2015/06/05,0,105000,-72000,33000
2015/06/08,0,152000,-17000,135000
2015/06/09,0,227000,-176000,51000
2015/06/10,0,207000,-821000,-614000
2015/06/11,0,287000,-94000,193000
2015/06/12,0,196000,-164000,32000
2015/06/15,0,150000,-125000,25000
2015/06/16,0,37000,-136000,-99000
2015/06/17,0,44000,-106000,-62000
2015/06/18,0,220000,-35000,185000
2015/06/19,0,0,0,0
2015/06/22,0,491000,-312000,179000
2015/06/23,0,210000,-162000,48000
2015/06/24,0,382000,-385000,-3000
2015/06/25,0,433000,-64000,369000
2015/06/26,0,240000,-165000,75000
2015/06/29,0,446000,-119000,327000
2015/06/30,0,39471,-394000,-354529
2015/07/01,0,7000,-73000,-66000
2015/07/02,0,4000,-74000,-70000
2015/07/03,0,114000,-38000,76000
2015/07/06,0,23000,-67000,-44000
2015/07/07,0,67000,-6000,61000
2015/07/08,0,25000,-230000,-205000
2015/07/09,0,77000,-91000,-14000
2015/07/10,0,0,0,0
2015/07/13,0,199000,-63000,136000
2015/07/14,0,42000,-104000,-62000
2015/07/15,0,112000,-177000,-65000
2015/07/16,0,72000,-226000,-154000
2015/07/17,0,152000,-35000,117000
2015/07/20,0,141000,-206000,-65000
2015/07/21,0,29000,-70000,-41000
2015/07/22,0,52000,-21000,31000
2015/07/23,0,102000,-31000,71000
2015/07/24,0,25000,-117000,-92000
2015/07/27,0,187000,-222000,-35000
2015/07/28,0,486000,-166000,320000
2015/07/29,0,214000,-319000,-105000
2015/07/30,0,205000,-270000,-65000
2015/07/31,0,90000,-286000,-196000
2015/08/03,0,52000,-182000,-130000
2015/08/04,0,391000,-732000,-341000
2015/08/05,0,276000,-173000,103000
2015/08/06,0,340000,-86000,254000
2015/08/07,0,81000,-66000,15000
2015/08/10,0,96000,-62000,34000
2015/08/11,0,284000,-236000,48000
2015/08/12,0,149000,-41000,108000
2015/08/13,0,637000,-63000,574000
2015/08/14,0,152000,-98000,54000
2015/08/17,0,41000,-100000,-59000
2015/08/18,0,58000,-203000,-145000
2015/08/19,0,165000,-194000,-29000
2015/08/20,0,82000,-46000,36000
2015/08/21,0,69000,-157000,-88000
2015/08/24,0,105000,-969000,-864000
2015/08/25,0,171000,-54000,117000
2015/08/26,0,30000,-80000,-50000
2015/08/27,0,51000,-66000,-15000
2015/08/28,0,20000,-160000,-140000
2015/08/31,0,62000,-151000,-89000
2015/09/01,0,17000,-277071,-260071
2015/09/02,0,197000,-22000,175000
2015/09/03,0,59000,-142000,-83000
2015/09/04,0,22000,-134000,-112000
2015/09/07,0,301000,-64000,237000
2015/09/08,0,134000,-167000,-33000
2015/09/09,0,299000,-232000,67000
2015/09/10,0,33000,-323000,-290000
2015/09/11,0,42000,-34000,8000
2015/09/14,0,15000,-123000,-108000
2015/09/15,0,320000,-67000,253000
2015/09/16,0,370000,-44000,326000
2015/09/17,0,86000,-138000,-52000
2015/09/18,0,29000,-19000,10000
2015/09/21,0,25000,-82000,-57000
2015/09/22,0,160000,-44000,116000
2015/09/23,0,9000,-88000,-79000
2015/09/24,0,49000,-39000,10000
2015/09/25,0,59000,-75000,-16000
2015/09/28,0,0,0,0
2015/09/29,0,0,0,0
2015/09/30,0,185000,-25000,160000
2015/10/01,0,57000,-158000,-101000
2015/10/02,0,33000,-71000,-38000
2015/10/05,0,19000,-39000,-20000
2015/10/06,0,7000,-11000,-4000
2015/10/07,0,38000,-9000,29000
2015/10/08,0,104000,-31000,73000
2015/10/09,0,0,0,0
2015/10/12,0,49000,-77000,-28000
2015/10/13,0,45000,-76000,-31000
2015/10/14,0,55000,-37000,18000
2015/10/15,0,109000,-57000,52000
2015/10/16,0,80000,-58000,22000
2015/10/19,0,39000,-39000,0
2015/10/20,0,11000,-14000,-3000
2015/10/21,0,42000,-141000,-99000
2015/10/22,0,157000,-5000,152000
2015/10/23,0,246000,-140000,106000
2015/10/26,0,140000,-114000,26000
2015/10/27,0,135000,-30000,105000
2015/10/28,0,422000,-133000,289000
2015/10/29,0,116000,-351000,-235000
2015/10/30,0,60000,-80000,-20000
2015/11/02,0,39000,-26000,13000
2015/11/03,0,77000,-123000,-46000
2015/11/04,0,210000,-33000,177000
2015/11/05,0,17000,-109000,-92000
2015/11/06,0,17000,-124000,-107000
2015/11/09,0,153000,-99000,54000
2015/11/10,0,49000,-131000,-82000
2015/11/11,0,5000,-71000,-66000
2015/11/12,0,88000,-56640,31360
2015/11/13,0,109000,-69334,39666
2015/11/16,0,145000,-19000,126000
2015/11/17,0,65000,-105000,-40000
2015/11/18,0,40000,-158000,-118000
2015/11/19,0,54000,-11000,43000
2015/11/20,0,21000,-113000,-92000
2015/11/23,0,0,-33000,-33000
2015/11/24,0,40000,-40000,0
2015/11/25,0,18000,-11000,7000
2015/11/26,0,94000,-8000,86000
2015/11/27,0,8000,-66000,-58000
2015/11/30,0,41000,-30000,11000
2015/12/01,0,18000,-47000,-29000
2015/12/02,0,173000,-25000,148000
2015/12/03,0,37000,-31000,6000
2015/12/04,0,0,-61000,-61000
2015/12/07,0,8000,-17000,-9000
2015/12/08,0,13000,-45000,-32000
2015/12/09,0,30000,-2000,28000
2015/12/10,0,58000,-6000,52000
2015/12/11,0,68000,-87000,-19000
2015/12/14,0,5000,-72000,-67000
2015/12/15,0,76000,-57000,19000
2015/12/16,0,49000,-100000,-51000
2015/12/17,0,6000,-121000,-115000
2015/12/18,0,177000,-13000,164000
2015/12/21,0,13000,-89000,-76000
2015/12/22,0,45000,-37000,8000
2015/12/23,0,1000,-46000,-45000
2015/12/24,0,22000,-9000,13000
2015/12/25,0,3000,-26000,-23000
2015/12/28,0,9000,-407000,-398000
2015/12/29,0,42000,-89000,-47000
2015/12/30,0,63000,-3000,60000
2015/12/31,0,4000,-57000,-53000
2016/01/01,0,0,0,0
2016/01/04,0,37000,-188000,-151000
2016/01/05,0,634000,-39000,595000
2016/01/06,0,148000,-124000,24000
2016/01/07,0,375000,-83000,292000
2016/01/08,0,145000,-76000,69000
2016/01/11,0,76000,-267000,-191000
2016/01/12,0,180000,-164130,15870
2016/01/13,0,138000,-151000,-13000
2016/01/14,0,220000,-18000,202000
2016/01/15,0,24000,-185000,-161000
2016/01/18,0,187000,-123000,64000
2016/01/19,0,184000,-139000,45000
2016/01/20,0,100000,-249000,-149000
2016/01/21,0,417000,-259000,158000
2016/01/22,0,273000,-96000,177000
2016/01/25,0,73000,-170000,-97000
2016/01/26,0,28000,-58000,-30000
2016/01/27,0,29000,-13000,16000
2016/01/28,0,55000,-15000,40000
2016/01/29,0,106000,-173000,-67000
2016/02/01,0,35000,-56000,-21000
2016/02/02,0,70000,-18000,52000
2016/02/03,0,148000,-55000,93000
2016/02/04,0,0,0,0
2016/02/05,0,0,0,0
2016/02/08,0,0,0,0
2016/02/09,0,0,0,0
2016/02/10,0,0,0,0
2016/02/11,0,0,0,0
2016/02/12,0,0,0,0
2016/02/15,0,102000,-5000,97000
2016/02/16,0,285000,-36000,249000
2016/02/17,0,174000,-391000,-217000
2016/02/18,0,193000,-15000,178000
2016/02/19,0,56000,-67000,-11000
2016/02/22,0,18000,-23000,-5000
2016/02/23,0,27000,-91000,-64000
2016/02/24,0,63000,-80000,-17000
2016/02/25,0,102000,-74000,28000
2016/02/26,0,145000,-35000,110000
2016/02/29,0,0,0,0
2016/03/01,0,137000,-59000,78000
2016/03/02,0,189000,-17000,172000
2016/03/03,0,62000,-142000,-80000
2016/03/04,0,101000,-97000,4000
2016/03/07,0,107000,-128000,-21000
2016/03/08,0,6000,-102000,-96000
2016/03/09,0,95000,-40000,55000
2016/03/10,0,94000,-13000,81000
2016/03/11,0,119000,-174059,-55059
2016/03/14,0,244000,-94000,150000
2016/03/15,0,32000,-236130,-204130
2016/03/16,0,128000,-193000,-65000
2016/03/17,0,18000,-113000,-95000
2016/03/18,0,739,-183000,-182261
2016/03/21,0,200000,-268000,-68000
2016/03/22,0,5000,-175000,-170000
2016/03/23,0,25000,-8000,17000
2016/03/24,0,6000,-37000,-31000
2016/03/25,0,64000,-17000,47000
2016/03/28,0,45000,-25000,20000
2016/03/29,0,24000,-96000,-72000
2016/03/30,0,276000,-16000,260000
2016/03/31,0,17000,-106000,-89000
2016/04/01,0,16000,-35787,-19787
2016/04/04,0,0,0,0
2016/04/05,0,0,0,0
2016/04/06,0,10000,-26000,-16000
2016/04/07,0,2000,-63000,-61000
2016/04/08,0,43000,-2000,41000
2016/04/11,0,34000,-2000,32000
2016/04/12,0,2000,-111000,-109000
2016/04/13,0,55000,-8000,47000
2016/04/14,0,127000,-36000,91000
2016/04/15,0,342000,-52000,290000
2016/04/18,0,372000,-112000,260000
2016/04/19,0,209000,-347244,-138244
2016/04/20,0,126000,-288000,-162000
2016/04/21,0,89000,-38000,51000
2016/04/22,0,47000,-113000,-66000
2016/04/25,0,11000,-29000,-18000
2016/04/26,0,15000,-29000,-14000
2016/04/27,0,157000,-401000,-244000
2016/04/28,0,17000,-176000,-159000
2016/04/29,0,37000,-70000,-33000
2016/05/02,0,0,0,0
2016/05/03,0,54000,-42000,12000
2016/05/04,0,50000,-46000,4000
2016/05/05,0,40000,-30000,10000
2016/05/06,0,14000,-79000,-65000
2016/05/09,0,27000,-27000,0
2016/05/10,0,220000,-24000,196000
2016/05/11,0,38000,-73000,-35000
2016/05/12,0,19000,-223000,-204000
2016/05/13,0,5000,-49000,-44000
2016/05/16,0,16000,-39000,-23000
2016/05/17,0,11000,-58000,-47000
2016/05/18,0,2000,-136000,-134000
2016/05/19,0,3000,-209000,-206000
2016/05/20,0,59000,-7000,52000
2016/05/23,0,155000,-83000,72000
2016/05/24,0,47000,-58000,-11000
2016/05/25,0,239000,-28000,211000
2016/05/26,0,30000,-114000,-84000
2016/05/27,0,23000,-34000,-11000
2016/05/30,0,289000,-45000,244000
2016/05/31,0,266000,-115000,151000
2016/06/01,0,90000,-73000,17000
2016/06/02,0,108000,-85000,23000
2016/06/03,0,93000,-98000,-5000
2016/06/06,0,42000,-30000,12000
2016/06/07,0,122000,-27000,95000
2016/06/08,0,337000,-160000,177000
2016/06/09,0,0,0,0
2016/06/10,0,0,0,0
2016/06/13,0,88000,-72000,16000
2016/06/14,0,42000,-21000,21000
2016/06/15,0,290000,-133000,157000
2016/06/16,0,26000,-59000,-33000
2016/06/17,0,127000,-25000,102000
2016/06/20,0,67000,-6000,61000
2016/06/21,0,45000,-13000,32000
2016/06/22,0,29000,-13000,16000
2016/06/23,0,32000,-29000,3000
2016/06/24,0,16000,-235000,-219000
2016/06/27,0,24000,-12000,12000
2016/06/28,0,138000,-59000,79000
2016/06/29,0,123000,-28000,95000
2016/06/30,0,202000,-91000,111000
2016/07/01,0,400000,-30000,370000
2016/07/04,0,539000,-73000,466000
2016/07/05,0,306000,-40000,266000
2016/07/06,0,705000,-83000,622000
2016/07/07,0,75000,-1355000,-1280000
2016/07/08,0,0,0,0
2016/07/11,0,55000,-537000,-482000
2016/07/12,0,8000,-101000,-93000
2016/07/13,0,58000,-111000,-53000
2016/07/14,0,102000,-104000,-2000
2016/07/15,0,156000,-205000,-49000
2016/07/18,0,135000,-162000,-27000
2016/07/19,0,98000,-199000,-101000
2016/07/20,0,68000,-514000,-446000
2016/07/21,0,108000,-95000,13000
2016/07/22,0,25000,-30000,-5000
2016/07/25,0,5000,-177000,-172000
2016/07/26,0,45000,-51000,-6000
2016/07/27,0,62000,-81000,-19000
2016/07/28,0,46000,-28000,18000
2016/07/29,0,122000,-86000,36000
2016/08/01,0,2000,-144000,-142000
2016/08/02,0,82000,-150000,-68000
2016/08/03,0,65000,-47000,18000
2016/08/04,0,177000,-35000,142000
2016/08/05,0,24000,-26000,-2000
2016/08/08,0,63000,-128000,-65000
2016/08/09,0,10000,-130288,-120288
2016/08/10,0,54000,-73000,-19000
2016/08/11,0,40000,-120000,-80000
2016/08/12,0,2000,-40000,-38000
2016/08/15,0,22000,-143000,-121000
2016/08/16,0,6000,-22000,-16000
2016/08/17,0,180000,-478000,-298000
2016/08/18,0,2000,-57000,-55000
2016/08/19,0,18000,-112000,-94000
2016/08/22,0,44000,-20000,24000
2016/08/23,0,15000,-23000,-8000
2016/08/24,0,5000,-41000,-36000
2016/08/25,0,28000,-6000,22000
2016/08/26,0,2000,-18000,-16000
2016/08/29,0,31000,-81000,-50000
2016/08/30,0,84000,-50000,34000
2016/08/31,0,12000,-161000,-149000
2016/09/01,0,190000,-49000,141000
2016/09/02,0,33000,-110000,-77000
2016/09/05,0,82000,-165000,-83000
2016/09/06,0,70000,-325000,-255000
2016/09/07,0,15000,-30000,-15000
2016/09/08,0,44000,-66000,-22000
2016/09/09,0,12000,-47000,-35000
2016/09/12,0,47000,-68000,-21000
2016/09/13,0,124000,-89000,35000
2016/09/14,0,17000,-86000,-69000
2016/09/15,0,0,0,0
2016/09/16,0,0,0,0
2016/09/19,0,140000,-243000,-103000
2016/09/20,0,49000,-268000,-219000
2016/09/21,0,29000,-103000,-74000
2016/09/22,0,30000,-68000,-38000
2016/09/23,0,30000,-153000,-123000
2016/09/26,0,48000,-56000,-8000
2016/09/27,0,0,0,0
2016/09/28,0,0,0,0
2016/09/29,0,97000,-117000,-20000
2016/09/30,0,6000,-92000,-86000
2016/10/03,0,46000,-47000,-1000
2016/10/04,0,2000,-4000,-2000
2016/10/05,0,1000,-51000,-50000
2016/10/06,0,0,-45000,-45000
2016/10/07,0,0,-1000,-1000
2016/10/10,0,0,0,0
2016/10/11,0,1000,-47000,-46000
2016/10/12,0,35000,-1000,34000
2016/10/13,0,4000,-28000,-24000
2016/10/14,0,14000,-7000,7000
2016/10/17,0,39000,-23000,16000
2016/10/18,0,132000,-73000,59000
2016/10/19,0,251000,-139000,112000
2016/10/20,0,27000,-120000,-93000
2016/10/21,0,30000,-69000,-39000
2016/10/24,0,12000,0,12000
2016/10/25,0,81000,-3000,78000
2016/10/26,0,8000,-9000,-1000
2016/10/27,0,34000,-8000,26000
2016/10/28,0,37000,-139000,-102000
2016/10/31,0,29000,-41000,-12000
2016/11/01,0,7000,-22000,-15000
2016/11/02,0,27000,-33000,-6000
2016/11/03,0,14000,-95000,-81000
2016/11/04,0,0,-39000,-39000
2016/11/07,0,90000,-13000,77000
2016/11/08,0,0,-76000,-76000
2016/11/09,0,6000,-265000,-259000
2016/11/10,0,39000,-4000,35000
2016/11/11,0,10000,-119000,-109000
2016/11/14,0,31000,-25000,6000
2016/11/15,0,24000,-6000,18000
2016/11/16,0,288000,-70000,218000
2016/11/17,0,17000,-166000,-149000
2016/11/18,0,64000,-18000,46000
2016/11/21,0,23000,-2000,21000
2016/11/22,0,146000,-59000,87000
2016/11/23,0,101000,-74000,27000
2016/11/24,0,52000,-51000,1000
2016/11/25,0,1000,-7000,-6000
2016/11/28,0,49000,-11282,37718
2016/11/29,0,35000,-34000,1000
2016/11/30,0,30000,-34000,-4000
2016/12/01,0,3000,-31000,-28000
2016/12/02,0,25000,-39000,-14000
2016/12/05,0,0,-34052,-34052
2016/12/06,0,63000,0,63000
2016/12/07,0,16000,-9000,7000
2016/12/08,0,165000,-35000,130000
2016/12/09,0,11000,-44000,-33000
2016/12/12,0,22000,-9000,13000
2016/12/13,0,21000,-1000,20000
2016/12/14,0,23000,0,23000
2016/12/15,0,26000,-36000,-10000
2016/12/16,0,19000,-39000,-20000
2016/12/19,0,50000,-24000,26000
2016/12/20,0,38000,-34000,4000
2016/12/21,0,163000,-60000,103000
2016/12/22,0,0,0,0
2016/12/23,0,5000,-6000,-1000
2016/12/26,0,1000,-15000,-14000
2016/12/27,0,60000,-37000,23000
2016/12/28,0,7000,-3000,4000
2016/12/29,0,2000,-5000,-3000
2016/12/30,0,1000,-7000,-6000
2017/01/02,0,0,0,0
2017/01/03,0,4000,0,4000
2017/01/04,0,6000,-31000,-25000
2017/01/05,0,149000,-21000,128000
2017/01/06,0,1000,-28000,-27000
2017/01/09,0,1000,-17000,-16000
2017/01/10,0,4000,-2000,2000
2017/01/11,0,16000,-58000,-42000
2017/01/12,0,257000,-134000,123000
2017/01/13,0,132000,-147000,-15000
2017/01/16,0,6000,-146000,-140000
2017/01/17,0,46000,-28000,18000
2017/01/18,0,15000,-112000,-97000
2017/01/19,0,44000,-21000,23000
2017/01/20,0,187000,-86000,101000
2017/01/23,0,20000,-301000,-281000
2017/01/24,0,120000,-73000,47000
2017/01/25,0,0,0,0
2017/01/26,0,0,0,0
2017/01/27,0,0,0,0
2017/01/30,0,0,0,0
2017/01/31,0,0,0,0
2017/02/01,0,0,0,0
2017/02/02,0,140000,-572000,-432000
2017/02/03,0,4000,-132000,-128000
2017/02/06,0,64000,-124000,-60000
2017/02/07,0,4000,-6000,-2000
2017/02/08,0,76000,-40000,36000
2017/02/09,0,74000,-44000,30000
2017/02/10,0,198000,-6000,192000
2017/02/13,0,25000,-112000,-87000
2017/02/14,0,52000,-202000,-150000
2017/02/15,0,11000,-163000,-152000
2017/02/16,0,2000,-25000,-23000
2017/02/17,0,17000,-16000,1000
2017/02/20,0,0,-33000,-33000
2017/02/21,0,8266,-14000,-5734
2017/02/22,0,2000,-2000,0
2017/02/23,0,19000,-2000,17000
2017/02/24,0,2000,-3000,-1000
2017/02/27,0,0,0,0
2017/02/28,0,0,0,0
2017/03/01,0,1000,-22523,-21523
2017/03/02,0,10000,-17000,-7000
2017/03/03,0,9000,-14000,-5000
2017/03/06,0,11000,-6315,4685
2017/03/07,0,9000,-3000,6000
2017/03/08,0,5000,-5000,0
2017/03/09,0,6000,-7000,-1000
2017/03/10,0,28000,-16000,12000
2017/03/13,0,61000,-2000,59000
2017/03/14,0,27000,-32000,-5000
2017/03/15,0,28000,-81000,-53000
2017/03/16,0,94000,-25000,69000
2017/03/17,0,0,-25000,-25000
2017/03/20,0,1000,0,1000
2017/03/21,0,18000,-17000,1000
2017/03/22,0,17000,-1000,16000
2017/03/23,0,0,-5000,-5000
2017/03/24,0,0,-11000,-11000
2017/03/27,0,1000,0,1000
2017/03/28,0,44000,-3000,41000
2017/03/29,0,126000,0,126000
2017/03/30,0,0,-6000,-6000
2017/03/31,0,2000,-4000,-2000
2017/04/03,0,0,0,0
2017/04/04,0,0,0,0
2017/04/05,0,150000,-12000,138000
2017/04/06,0,1026000,-22000,1004000
2017/04/07,0,1054000,-6000,1048000
2017/04/10,0,13000,-4000,9000
2017/04/11,0,42000,-22000,20000
2017/04/12,0,116000,0,116000
2017/04/13,0,173000,-26000,147000
2017/04/14,0,39000,-11000,28000
2017/04/17,0,31000,-14000,17000
2017/04/18,0,60000,-5000,55000
2017/04/19,0,14000,-49000,-35000
2017/04/20,0,49000,-20000,29000
2017/04/21,0,18000,-5000,13000
2017/04/24,0,152000,-4000,148000
2017/04/25,0,487000,-95000,392000
2017/04/26,0,213000,-1039000,-826000
2017/04/27,0,11000,-97000,-86000
2017/04/28,0,391000,-78000,313000
2017/05/01,0,0,0,0
2017/05/02,0,228000,-411000,-183000
2017/05/03,0,141000,-240000,-99000
2017/05/04,0,27000,-3000,24000
2017/05/05,0,68000,-100000,-32000
2017/05/08,0,93000,-97000,-4000
2017/05/09,0,76000,-60270,15730
2017/05/10,0,20000,-126000,-106000
2017/05/11,0,4000,-30000,-26000
2017/05/12,0,255000,-34000,221000
2017/05/15,0,58000,-10000,48000
2017/05/16,0,8000,-55000,-47000
2017/05/17,0,31000,-52000,-21000
2017/05/18,0,10000,-65382,-55382
2017/05/19,0,122000,-16000,106000
2017/05/22,0,0,-22534,-22534
2017/05/23,0,10000,-26000,-16000
2017/05/24,0,3000,-263000,-260000
2017/05/25,0,123000,-8000,115000
2017/05/26,0,6000,-29000,-23000
2017/05/29,0,0,0,0
2017/05/30,0,0,0,0
2017/05/31,0,32000,-3000,29000
2017/06/01,0,12000,-35000,-23000
2017/06/02,0,60000,-5000,55000
2017/06/05,0,38000,-19000,19000
2017/06/06,0,345000,-288514,56486
2017/06/07,0,93000,-234000,-141000
2017/06/08,0,125000,-26000,99000
2017/06/09,0,44000,-26000,18000
2017/06/12,0,100000,-77000,23000
2017/06/13,0,13000,-4000,9000
2017/06/14,0,21000,-23000,-2000
2017/06/15,0,2000,-418000,-416000
2017/06/16,0,14000,-15000,-1000
2017/06/19,0,105000,-2000,103000
2017/06/20,0,144000,-10000,134000
2017/06/21,0,187000,-22000,165000
2017/06/22,0,233000,-10000,223000
2017/06/23,0,94000,-35000,59000
2017/06/26,0,200000,-14000,186000
2017/06/27,0,222000,-218000,4000
2017/06/28,0,399000,-153000,246000
2017/06/29,0,154000,-66000,88000
2017/06/30,0,909000,-60000,849000
2017/07/03,0,0,-412000,-412000
2017/07/04,0,11000,-119000,-108000
2017/07/05,0,236000,-44000,192000
2017/07/06,0,1000,-62000,-61000
2017/07/07,0,32000,-73000,-41000
2017/07/10,0,7000,-4000,3000
2017/07/11,0,31000,-21000,10000
2017/07/12,0,5000,-87000,-82000
2017/07/13,0,28000,-63000,-35000
2017/07/14,0,5000,-24629,-19629
2017/07/17,0,38000,-57000,-19000
2017/07/18,0,20000,-24000,-4000
2017/07/19,0,72000,-1302000,-1230000
2017/07/20,0,1000,-14000,-13000
2017/07/21,0,16000,-8000,8000
2017/07/24,0,7000,-58000,-51000
2017/07/25,0,0,0,0
2017/07/26,0,0,-183000,-183000
2017/07/27,0,2000,-9000,-7000
2017/07/28,0,20000,-14000,6000
2017/07/31,0,21000,-14000,7000
2017/08/01,0,0,-19000,-19000
2017/08/02,0,0,-122000,-122000
2017/08/03,0,3000,-52000,-49000
2017/08/04,0,0,-101000,-101000
2017/08/07,0,0,-13000,-13000
2017/08/08,0,0,-90000,-90000
2017/08/09,0,1000,-126000,-125000
2017/08/10,0,192000,-79000,113000
2017/08/11,0,4000,-130000,-126000
2017/08/14,0,13000,-698000,-685000
2017/08/15,0,0,-69000,-69000
2017/08/16,0,5000,-213000,-208000
2017/08/17,0,20000,-48000,-28000
2017/08/18,0,10000,-7000,3000
