Date,Open,Buy,Sell,Total
2007/04/23,0,10000,-486000,-476000
2007/04/24,0,15000,-13962,1038
2007/04/25,0,19000,-679000,-660000
2007/04/26,0,22000,-1230196,-1208196
2007/04/27,0,170000,-207000,-37000
2007/04/30,0,2000,-519000,-517000
2007/05/01,0,0,0,0
2007/05/02,0,154000,-65397,88603
2007/05/03,0,7000,-40000,-33000
2007/05/04,0,355000,-370340,-15340
2007/05/07,0,693000,-1214000,-521000
2007/05/08,0,1777000,-83000,1694000
2007/05/09,0,72000,-1211000,-1139000
2007/05/10,0,1009000,-10000,999000
2007/05/11,0,11000,-120000,-109000
2007/05/14,0,110000,-1346000,-1236000
2007/05/15,0,281000,-154000,127000
2007/05/16,0,0,-16000,-16000
2007/05/17,0,320000,-23000,297000
2007/05/18,0,300000,-15000,285000
2007/05/21,0,728000,-3000,725000
2007/05/22,0,0,-1780000,-1780000
2007/05/23,0,2059000,-332000,1727000
2007/05/24,0,113000,-35000,78000
2007/05/25,0,81000,-1055000,-974000
2007/05/28,0,17000,-155000,-138000
2007/05/29,0,6000,-55000,-49000
2007/05/30,0,645000,-317000,328000
2007/05/31,0,1815000,0,1815000
2007/06/01,0,23000,-47000,-24000
2007/06/04,0,1061000,-56492,1004508
2007/06/05,0,1981000,-97000,1884000
2007/06/06,0,309000,-588000,-279000
2007/06/07,0,40000,-514000,-474000
2007/06/08,0,1037000,-105000,932000
2007/06/11,0,2178000,-313000,1865000
2007/06/12,0,58000,-815000,-757000
2007/06/13,0,100000,-448000,-348000
2007/06/14,0,412000,-802000,-390000
2007/06/15,0,59000,-528000,-469000
2007/06/18,0,0,0,0
2007/06/19,0,0,0,0
2007/06/20,0,360000,-1421000,-1061000
2007/06/21,0,601000,-86000,515000
2007/06/22,0,57000,-461000,-404000
2007/06/25,0,74000,-752000,-678000
2007/06/26,0,58000,-601000,-543000
2007/06/27,0,86000,-1718000,-1632000
2007/06/28,0,156000,-1929000,-1773000
2007/06/29,0,29000,-252000,-223000
2007/07/02,0,0,-175000,-175000
2007/07/03,0,4000,-98000,-94000
2007/07/04,0,69000,-30000,39000
2007/07/05,0,279000,-36000,243000
2007/07/06,0,321000,-178000,143000
2007/07/09,0,157000,-120000,37000
2007/07/10,0,122000,-118000,4000
2007/07/11,0,102000,-69500,32500
2007/07/12,0,360000,-796000,-436000
2007/07/13,0,42000,-1416482,-1374482
2007/07/16,0,69000,-730706,-661706
2007/07/17,0,889000,-539000,350000
2007/07/18,0,61000,-519000,-458000
2007/07/19,0,183000,-261466,-78466
2007/07/20,0,382000,-195600,186400
2007/07/23,0,15000,-722000,-707000
2007/07/24,0,220000,-365000,-145000
2007/07/25,0,639000,-99000,540000
2007/07/26,0,273000,-235000,38000
2007/07/27,0,1619000,-487000,1132000
2007/07/30,0,165000,-671000,-506000
2007/07/31,0,667000,-627000,40000
2007/08/01,0,38000,-484000,-446000
2007/08/02,0,266000,-936722,-670722
2007/08/03,0,2781000,-948000,1833000
2007/08/06,0,883000,-89000,794000
2007/08/07,0,286000,-700000,-414000
2007/08/08,0,937000,-1089000,-152000
2007/08/09,0,75000,-500356,-425356
2007/08/10,0,491000,-777000,-286000
2007/08/13,0,15000,-475000,-460000
2007/08/14,0,1803000,-400000,1403000
2007/08/15,0,230000,-661000,-431000
2007/08/16,0,560000,-696000,-136000
2007/08/17,0,4282000,-1402000,2880000
2007/08/20,0,81000,-211000,-130000
2007/08/21,0,587000,-4831000,-4244000
2007/08/22,0,175000,-688000,-513000
2007/08/23,0,405000,-3442000,-3037000
2007/08/24,0,573000,-277000,296000
2007/08/27,0,106000,-352000,-246000
2007/08/28,0,99000,-41000,58000
2007/08/29,0,23000,-273000,-250000
2007/08/30,0,78000,-98000,-20000
2007/08/31,0,205000,-161000,44000
2007/09/03,0,50000,-215000,-165000
2007/09/04,0,83000,-175000,-92000
2007/09/05,0,290000,-164000,126000
2007/09/06,0,140000,-23000,117000
2007/09/07,0,198000,-277000,-79000
2007/09/10,0,450000,-143000,307000
2007/09/11,0,32000,-129000,-97000
2007/09/12,0,13000,-122000,-109000
2007/09/13,0,90000,-151000,-61000
2007/09/14,0,183000,-26000,157000
2007/09/17,0,188000,-365000,-177000
2007/09/18,0,0,0,0
2007/09/19,0,306000,-662000,-356000
2007/09/20,0,90000,-508000,-418000
2007/09/21,0,605000,-470000,135000
2007/09/24,0,0,0,0
2007/09/25,0,0,0,0
2007/09/26,0,1284000,-402000,882000
2007/09/27,0,1083000,-33000,1050000
2007/09/28,0,43000,-220000,-177000
2007/10/01,0,336000,-251000,85000
2007/10/02,0,1403000,-113000,1290000
2007/10/03,0,1134000,-1353000,-219000
2007/10/04,0,818000,-225000,593000
2007/10/05,0,1162000,-942000,220000
2007/10/08,0,65000,-398000,-333000
2007/10/09,0,53621,-504830,-451209
2007/10/10,0,0,0,0
2007/10/11,0,374000,-104000,270000
2007/10/12,0,489000,-1281000,-792000
2007/10/15,0,34000,-181231,-147231
2007/10/16,0,353000,-783579,-430579
2007/10/17,0,17000,-157000,-140000
2007/10/18,0,1005000,-300000,705000
2007/10/19,0,7104000,-357000,6747000
2007/10/22,0,1036000,-2487156,-1451156
2007/10/23,0,397000,-424000,-27000
2007/10/24,0,143000,-842000,-699000
2007/10/25,0,207000,-582000,-375000
2007/10/26,0,516000,-31000,485000
2007/10/29,0,234000,-2415254,-2181254
2007/10/30,0,420000,-395000,25000
2007/10/31,0,312000,-862000,-550000
2007/11/01,0,695000,-1470000,-775000
2007/11/02,0,381000,-3285000,-2904000
2007/11/05,0,313000,-374000,-61000
2007/11/06,0,159000,-379000,-220000
2007/11/07,0,10000,-530876,-520876
2007/11/08,0,377000,-540000,-163000
2007/11/09,0,155000,-339000,-184000
2007/11/12,0,309000,-1303000,-994000
2007/11/13,0,574000,-172000,402000
2007/11/14,0,2126000,-383000,1743000
2007/11/15,0,133000,-325000,-192000
2007/11/16,0,1430000,-907000,523000
2007/11/19,0,34000,-407000,-373000
2007/11/20,0,441000,-285000,156000
2007/11/21,0,421000,-143000,278000
2007/11/22,0,91000,-2395000,-2304000
2007/11/23,0,43000,-150000,-107000
2007/11/26,0,454000,-43000,411000
2007/11/27,0,328000,-117000,211000
2007/11/28,0,95000,-325000,-230000
2007/11/29,0,138000,-414000,-276000
2007/11/30,0,570000,-119000,451000
2007/12/03,0,78000,-276000,-198000
2007/12/04,0,34000,-21000,13000
2007/12/05,0,583000,-10000,573000
2007/12/06,0,222000,-23000,199000
2007/12/07,0,103000,-5000,98000
2007/12/10,0,55000,-876000,-821000
2007/12/11,0,110000,-361000,-251000
2007/12/12,0,162000,-95000,67000
2007/12/13,0,40000,-695000,-655000
2007/12/14,0,279000,-98000,181000
2007/12/17,0,121000,-176000,-55000
2007/12/18,0,645000,-32000,613000
2007/12/19,0,337000,-539000,-202000
2007/12/20,0,3000,-152000,-149000
2007/12/21,0,207000,-39000,168000
2007/12/24,0,46000,-218000,-172000
2007/12/25,0,62000,-62000,0
2007/12/26,0,96000,-118000,-22000
2007/12/27,0,278000,-580000,-302000
2007/12/28,0,983000,-216000,767000
2007/12/31,0,497000,-160000,337000
2008/01/01,0,0,0,0
2008/01/02,0,125000,-476000,-351000
2008/01/03,0,94000,-298054,-204054
2008/01/04,0,686000,-23000,663000
2008/01/07,0,266000,-497000,-231000
2008/01/08,0,482000,-359000,123000
2008/01/09,0,103000,-62000,41000
2008/01/10,0,334000,-37000,297000
2008/01/11,0,317000,-13000,304000
2008/01/14,0,144000,-237000,-93000
2008/01/15,0,229000,-174000,55000
2008/01/16,0,168000,-55000,113000
2008/01/17,0,192000,-88000,104000
2008/01/18,0,122000,-576000,-454000
2008/01/21,0,5000,-66000,-61000
2008/01/22,0,17000,-152000,-135000
2008/01/23,0,441000,-56000,385000
2008/01/24,0,156000,-109000,47000
2008/01/25,0,362000,-430000,-68000
2008/01/28,0,54000,-1596000,-1542000
2008/01/29,0,74000,-169000,-95000
2008/01/30,0,318000,-46000,272000
2008/01/31,0,120000,-92000,28000
2008/02/01,0,175000,-221698,-46698
2008/02/04,0,0,0,0
2008/02/05,0,0,0,0
2008/02/06,0,0,0,0
2008/02/07,0,0,0,0
2008/02/08,0,0,0,0
2008/02/11,0,0,0,0
2008/02/12,0,345000,-367000,-22000
2008/02/13,0,72000,-65000,7000
2008/02/14,0,98000,-64000,34000
2008/02/15,0,536000,-160862,375138
2008/02/18,0,1323000,-388000,935000
2008/02/19,0,229000,-279000,-50000
2008/02/20,0,356000,-91000,265000
2008/02/21,0,806000,-27000,779000
2008/02/22,0,231000,-752000,-521000
2008/02/25,0,805000,-135160,669840
2008/02/26,0,1407000,-1799496,-392496
2008/02/27,0,862000,-2110664,-1248664
2008/02/28,0,0,0,0
2008/02/29,0,814000,-754000,60000
2008/03/03,0,152000,-2751,149249
2008/03/04,0,82000,-452100,-370100
2008/03/05,0,259000,-1311000,-1052000
2008/03/06,0,274000,-27496,246504
2008/03/07,0,161000,-87000,74000
2008/03/10,0,181000,-94000,87000
2008/03/11,0,241000,-115000,126000
2008/03/12,0,283000,-274869,8131
2008/03/13,0,262000,-546903,-284903
2008/03/14,0,190000,-123000,67000
2008/03/17,0,520000,-23000,497000
2008/03/18,0,312000,-22000,290000
2008/03/19,0,236000,-44000,192000
2008/03/20,0,664000,-121000,543000
2008/03/21,0,252000,-202000,50000
2008/03/24,0,362000,-62000,300000
2008/03/25,0,280000,-71000,209000
2008/03/26,0,56000,-830000,-774000
2008/03/27,0,579000,-40544,538456
2008/03/28,0,541000,-44000,497000
2008/03/31,0,368000,-345000,23000
2008/04/01,0,996000,-293575,702425
2008/04/02,0,1342000,-43000,1299000
2008/04/03,0,122000,-12000,110000
2008/04/04,0,0,0,0
2008/04/07,0,162000,-80000,82000
2008/04/08,0,0,-466000,-466000
2008/04/09,0,43000,-124000,-81000
2008/04/10,0,634000,-163000,471000
2008/04/11,0,5000,-1129087,-1124087
2008/04/14,0,7000,-44050,-37050
2008/04/15,0,8000,-31000,-23000
2008/04/16,0,626000,-63000,563000
2008/04/17,0,1092000,-563000,529000
2008/04/18,0,194000,-861000,-667000
2008/04/21,0,95000,-8000,87000
2008/04/22,0,213000,-722000,-509000
2008/04/23,0,259000,-92000,167000
2008/04/24,0,104000,-76000,28000
2008/04/25,0,64000,-2000,62000
2008/04/28,0,130000,-6000,124000
2008/04/29,0,298000,-63000,235000
2008/04/30,0,182000,-102000,80000
2008/05/01,0,0,0,0
2008/05/02,0,1360000,-192000,1168000
2008/05/05,0,104000,-320000,-216000
2008/05/06,0,139000,-307000,-168000
2008/05/07,0,415000,-64000,351000
2008/05/08,0,191000,-190000,1000
2008/05/09,0,237000,-205000,32000
2008/05/12,0,504000,-55416,448584
2008/05/13,0,192018,-282000,-89982
2008/05/14,0,165000,-504000,-339000
2008/05/15,0,747000,-277000,470000
2008/05/16,0,1887000,-233000,1654000
2008/05/19,0,26000,-54000,-28000
2008/05/20,0,122000,-484000,-362000
2008/05/21,0,120000,-347000,-227000
2008/05/22,0,47000,-771000,-724000
2008/05/23,0,662000,-265000,397000
2008/05/26,0,277000,-290000,-13000
2008/05/27,0,39000,-77000,-38000
2008/05/28,0,119000,-20000,99000
2008/05/29,0,26000,-112000,-86000
2008/05/30,0,114000,-203000,-89000
2008/06/02,0,12000,-2489,9511
2008/06/03,0,84000,-294000,-210000
2008/06/04,0,111000,-605000,-494000
2008/06/05,0,1101000,-46000,1055000
2008/06/06,0,307000,-383000,-76000
2008/06/09,0,17000,-391000,-374000
2008/06/10,0,47000,-721000,-674000
2008/06/11,0,415000,-467000,-52000
2008/06/12,0,74000,-877000,-803000
2008/06/13,0,38000,-687000,-649000
2008/06/16,0,88000,-53000,35000
2008/06/17,0,114000,-52000,62000
2008/06/18,0,198000,-19000,179000
2008/06/19,0,162000,-61000,101000
2008/06/20,0,198000,-178000,20000
2008/06/23,0,146000,-9000,137000
2008/06/24,0,221000,-476000,-255000
2008/06/25,0,2721000,-5000,2716000
2008/06/26,0,1372000,-42000,1330000
2008/06/27,0,284000,-1758000,-1474000
2008/06/30,0,346000,-35000,311000
2008/07/01,0,164000,-344000,-180000
2008/07/02,0,707000,-60000,647000
2008/07/03,0,351000,-219000,132000
2008/07/04,0,256000,-979000,-723000
2008/07/07,0,12000,-24000,-12000
2008/07/08,0,294000,-210000,84000
2008/07/09,0,883000,-389000,494000
2008/07/10,0,282000,-65000,217000
2008/07/11,0,434000,-129000,305000
2008/07/14,0,831000,-261000,570000
2008/07/15,0,128000,-78000,50000
2008/07/16,0,113000,-135000,-22000
2008/07/17,0,523000,-161000,362000
2008/07/18,0,165000,-461865,-296865
2008/07/21,0,1384000,0,1384000
2008/07/22,0,736000,-20000,716000
2008/07/23,0,1147000,-401000,746000
2008/07/24,0,284000,-121000,163000
2008/07/25,0,180000,-292000,-112000
2008/07/28,0,0,0,0
2008/07/29,0,517000,-319000,198000
2008/07/30,0,465000,-572000,-107000
2008/07/31,0,592000,-308000,284000
2008/08/01,0,315000,-219000,96000
2008/08/04,0,353000,-21000,332000
2008/08/05,0,731000,-1269000,-538000
2008/08/06,0,910000,-410000,500000
2008/08/07,0,657000,-1040000,-383000
2008/08/08,0,4394000,-361000,4033000
2008/08/11,0,1498000,-482000,1016000
2008/08/12,0,5396000,-1156000,4240000
2008/08/13,0,759000,-7402000,-6643000
2008/08/14,0,546000,-145000,401000
2008/08/15,0,871000,-164000,707000
2008/08/18,0,152000,-168000,-16000
2008/08/19,0,114000,-547000,-433000
2008/08/20,0,17000,-2070000,-2053000
2008/08/21,0,315000,-184000,131000
2008/08/22,0,24000,-2363000,-2339000
2008/08/25,0,47000,-405000,-358000
2008/08/26,0,778000,-305000,473000
2008/08/27,0,442000,-5000,437000
2008/08/28,0,97000,-949000,-852000
2008/08/29,0,115000,-210000,-95000
2008/09/01,0,270000,-1324000,-1054000
2008/09/02,0,708000,-665000,43000
2008/09/03,0,601000,-793000,-192000
2008/09/04,0,130000,-1049000,-919000
2008/09/05,0,652000,-180000,472000
2008/09/08,0,110000,-497000,-387000
2008/09/09,0,742000,-401000,341000
2008/09/10,0,811000,-212000,599000
2008/09/11,0,566000,-468000,98000
2008/09/12,0,490000,-118000,372000
2008/09/15,0,168000,-310000,-142000
2008/09/16,0,190000,-8000,182000
2008/09/17,0,147000,-556000,-409000
2008/09/18,0,307000,-147000,160000
2008/09/19,0,0,-162608,-162608
2008/09/22,0,63000,-125363,-62363
2008/09/23,0,36000,-355000,-319000
2008/09/24,0,245000,-28000,217000
2008/09/25,0,133000,-56331,76669
2008/09/26,0,103000,-424929,-321929
2008/09/29,0,0,0,0
2008/09/30,0,3000,-15000,-12000
2008/10/01,0,227000,-343000,-116000
2008/10/02,0,291000,-12000,279000
2008/10/03,0,653000,-526000,127000
2008/10/06,0,91000,-123341,-32341
2008/10/07,0,520000,-71000,449000
2008/10/08,0,462000,-343000,119000
2008/10/09,0,403000,-31330,371670
2008/10/10,0,0,0,0
2008/10/13,0,192000,0,192000
2008/10/14,0,260000,-142000,118000
2008/10/15,0,218000,-165000,53000
2008/10/16,0,0,0,0
2008/10/17,0,453000,-326000,127000
2008/10/20,0,79000,-1700,77300
2008/10/21,0,244000,-28000,216000
2008/10/22,0,9000,-3206,5794
2008/10/23,0,0,-1234,-1234
2008/10/24,0,0,-15000,-15000
2008/10/27,0,11000,-235000,-224000
2008/10/28,0,621000,-47000,574000
2008/10/29,0,407000,-1046428,-639428
2008/10/30,0,222000,-11000,211000
2008/10/31,0,401000,-225000,176000
2008/11/03,0,924000,-209000,715000
2008/11/04,0,40000,-1365188,-1325188
2008/11/05,0,57000,-426000,-369000
2008/11/06,0,131000,-25000,106000
2008/11/07,0,268248,-166000,102248
2008/11/10,0,200000,-39000,161000
2008/11/11,0,71000,-42000,29000
2008/11/12,0,94000,-19669,74331
2008/11/13,0,163000,-158000,5000
2008/11/14,0,329000,-9000,320000
2008/11/17,0,83000,-173211,-90211
2008/11/18,0,185000,-78000,107000
2008/11/19,0,282000,-1892,280108
2008/11/20,0,345000,-197000,148000
2008/11/21,0,380000,-5000,375000
2008/11/24,0,252000,0,252000
2008/11/25,0,471000,-15057,455943
2008/11/26,0,38000,-124000,-86000
2008/11/27,0,367000,-125000,242000
2008/11/28,0,289000,-9000,280000
2008/12/01,0,74000,-10000,64000
2008/12/02,0,0,-126000,-126000
2008/12/03,0,115000,-93000,22000
2008/12/04,0,248000,-302000,-54000
2008/12/05,0,192000,-108057,83943
2008/12/08,0,866000,-15000,851000
2008/12/09,0,815000,-19000,796000
2008/12/10,0,636000,-66000,570000
2008/12/11,0,1022000,-14000,1008000
2008/12/12,0,855000,-1062000,-207000
2008/12/15,0,853000,-286000,567000
2008/12/16,0,99000,-560000,-461000
2008/12/17,0,373000,-1053000,-680000
2008/12/18,0,34000,-382000,-348000
2008/12/19,0,229000,-288000,-59000
2008/12/22,0,86000,-486000,-400000
2008/12/23,0,24000,-1016000,-992000
2008/12/24,0,64000,-345000,-281000
2008/12/25,0,23000,-106000,-83000
2008/12/26,0,65000,-157000,-92000
2008/12/29,0,72000,-50000,22000
2008/12/30,0,443000,-100857,342143
2008/12/31,0,356000,-85571,270429
2009/01/01,0,0,0,0
2009/01/02,0,0,0,0
2009/01/05,0,1163000,-9000,1154000
2009/01/06,0,581000,-587000,-6000
2009/01/07,0,1053000,-295000,758000
2009/01/08,0,398000,-434000,-36000
2009/01/09,0,230000,-1207000,-977000
2009/01/12,0,336000,-70000,266000
2009/01/13,0,524000,-150990,373010
2009/01/14,0,78000,-411000,-333000
2009/01/15,0,96000,-119000,-23000
2009/01/16,0,138000,-1096000,-958000
2009/01/19,0,77000,-379128,-302128
2009/01/20,0,327000,-15000,312000
2009/01/21,0,342000,-128000,214000
2009/01/22,0,0,0,0
2009/01/23,0,0,0,0
2009/01/26,0,0,0,0
2009/01/27,0,0,0,0
2009/01/28,0,0,0,0
2009/01/29,0,0,0,0
2009/01/30,0,0,0,0
2009/02/02,0,788000,-119594,668406
2009/02/03,0,598000,-179000,419000
2009/02/04,0,2176000,0,2176000
2009/02/05,0,95000,-136000,-41000
2009/02/06,0,40000,-41000,-1000
2009/02/09,0,150000,-293000,-143000
2009/02/10,0,321000,-229000,92000
2009/02/11,0,3435000,-400118,3034882
2009/02/12,0,0,-3548913,-3548913
2009/02/13,0,1642000,-65000,1577000
2009/02/16,0,160000,-1719000,-1559000
2009/02/17,0,549000,-3921000,-3372000
2009/02/18,0,246000,-168000,78000
2009/02/19,0,811000,-258000,553000
2009/02/20,0,1825000,-132000,1693000
2009/02/23,0,1109000,-801000,308000
2009/02/24,0,1021000,-137000,884000
2009/02/25,0,1411000,-2395000,-984000
2009/02/26,0,493000,-229000,264000
2009/02/27,0,577000,-5000,572000
2009/03/02,0,245000,-462000,-217000
2009/03/03,0,198000,-314000,-116000
2009/03/04,0,1248000,-725000,523000
2009/03/05,0,1997000,-2223000,-226000
2009/03/06,0,879000,-2607295,-1728295
2009/03/09,0,2000000,-874000,1126000
2009/03/10,0,1285000,-192000,1093000
2009/03/11,0,484000,-843000,-359000
2009/03/12,0,3963000,-1813000,2150000
2009/03/13,0,1047000,-4044000,-2997000
2009/03/16,0,524000,-485000,39000
2009/03/17,0,2643000,-473000,2170000
2009/03/18,0,329000,-313000,16000
2009/03/19,0,2205000,-910300,1294700
2009/03/20,0,630000,-1182713,-552713
2009/03/23,0,1180000,-2156000,-976000
2009/03/24,0,323000,-1027000,-704000
2009/03/25,0,778000,-271293,506707
2009/03/26,0,552000,-919000,-367000
2009/03/27,0,299000,-3807000,-3508000
2009/03/30,0,43000,-764000,-721000
2009/03/31,0,216000,-582000,-366000
2009/04/01,0,260000,-294000,-34000
2009/04/02,0,324000,-122201,201799
2009/04/03,0,255000,-465000,-210000
2009/04/06,0,2258000,-136301,2121699
2009/04/07,0,497000,-326000,171000
2009/04/08,0,849000,-955000,-106000
2009/04/09,0,754000,-545000,209000
2009/04/10,0,864000,-1283295,-419295
2009/04/13,0,206000,-1317000,-1111000
2009/04/14,0,2300000,-692000,1608000
2009/04/15,0,1013000,-1959000,-946000
2009/04/16,0,1152000,-2459000,-1307000
2009/04/17,0,2817000,-2132292,684708
2009/04/20,0,674000,-1536000,-862000
2009/04/21,0,642000,-825000,-183000
2009/04/22,0,1512000,-1128000,384000
2009/04/23,0,1965000,-1059000,906000
2009/04/24,0,1939000,-2304000,-365000
2009/04/27,0,1187000,-856694,330306
2009/04/28,0,437000,-1224291,-787291
2009/04/29,0,1366000,-514000,852000
2009/04/30,0,93000,-938000,-845000
2009/05/01,0,0,0,0
2009/05/04,0,777000,-377000,400000
2009/05/05,0,946000,-1970000,-1024000
2009/05/06,0,3067000,-1110570,1956430
2009/05/07,0,1235000,-802000,433000
2009/05/08,0,894000,-679000,215000
2009/05/11,0,262000,-948753,-686753
2009/05/12,0,522000,-751000,-229000
2009/05/13,0,482000,-1619000,-1137000
2009/05/14,0,262000,-996000,-734000
2009/05/15,0,799000,-361000,438000
2009/05/18,0,323000,-1662000,-1339000
2009/05/19,0,868000,-364231,503769
2009/05/20,0,1049000,-1166000,-117000
2009/05/21,0,104000,-649000,-545000
2009/05/22,0,267000,-269000,-2000
2009/05/25,0,64000,-258864,-194864
2009/05/26,0,421000,-399000,22000
2009/05/27,0,1097000,-411000,686000
2009/05/28,0,0,0,0
2009/05/29,0,0,0,0
2009/06/01,0,930000,-779000,151000
2009/06/02,0,983000,-1036000,-53000
2009/06/03,0,1423000,-1355304,67696
2009/06/04,0,505000,-1360000,-855000
2009/06/05,0,174000,-572000,-398000
2009/06/08,0,204000,-818000,-614000
2009/06/09,0,1231000,-683000,548000
2009/06/10,0,677000,-575005,101995
2009/06/11,0,258000,-1051000,-793000
2009/06/12,0,938000,-871434,66566
2009/06/15,0,341000,-666000,-325000
2009/06/16,0,158000,-889517,-731517
2009/06/17,0,509000,-60000,449000
2009/06/18,0,487000,-175000,312000
2009/06/19,0,280000,-547000,-267000
2009/06/22,0,851000,-129000,722000
2009/06/23,0,100000,-356000,-256000
2009/06/24,0,1628000,-563000,1065000
2009/06/25,0,138000,-689000,-551000
2009/06/26,0,50000,-751000,-701000
2009/06/29,0,384000,-288000,96000
2009/06/30,0,666000,-401000,265000
2009/07/01,0,639000,-507000,132000
2009/07/02,0,159000,-180000,-21000
2009/07/03,0,79000,-47000,32000
2009/07/06,0,323000,-215000,108000
2009/07/07,0,512942,-448000,64942
2009/07/08,0,56000,-193000,-137000
2009/07/09,0,802000,-54000,748000
2009/07/10,0,451000,-483000,-32000
2009/07/13,0,131000,-640000,-509000
2009/07/14,0,77000,-160000,-83000
2009/07/15,0,2773000,-308225,2464775
2009/07/16,0,83000,-619000,-536000
2009/07/17,0,975000,-65000,910000
2009/07/20,0,93000,-149000,-56000
2009/07/21,0,104000,-272000,-168000
2009/07/22,0,190000,-529000,-339000
2009/07/23,0,316000,-106000,210000
2009/07/24,0,1286000,-260000,1026000
2009/07/27,0,1604000,-1575000,29000
2009/07/28,0,1080000,-1087000,-7000
2009/07/29,0,1271000,-432000,839000
2009/07/30,0,983000,-456000,527000
2009/07/31,0,3196000,-2220000,976000
2009/08/03,0,691246,-2851000,-2159754
2009/08/04,0,325000,-1659000,-1334000
2009/08/05,0,452000,-879000,-427000
2009/08/06,0,363000,-568000,-205000
2009/08/07,0,0,0,0
2009/08/10,0,176000,-461000,-285000
2009/08/11,0,857000,-258000,599000
2009/08/12,0,882000,-373000,509000
2009/08/13,0,782000,-259000,523000
2009/08/14,0,2767000,-169000,2598000
2009/08/17,0,367000,-576000,-209000
2009/08/18,0,814000,-1537000,-723000
2009/08/19,0,2424000,-1474000,950000
2009/08/20,0,1103000,-2580000,-1477000
2009/08/21,0,2974000,-1759000,1215000
2009/08/24,0,944000,-338000,606000
2009/08/25,0,1151000,-951000,200000
2009/08/26,0,183000,-699000,-516000
2009/08/27,0,722000,-192000,530000
2009/08/28,0,702000,-2235000,-1533000
2009/08/31,0,196000,-628452,-432452
2009/09/01,0,1026000,-673000,353000
2009/09/02,0,67000,-417000,-350000
2009/09/03,0,1796000,-1746000,50000
2009/09/04,0,748000,-1102000,-354000
2009/09/07,0,259000,-404000,-145000
2009/09/08,0,1125000,-1835000,-710000
2009/09/09,0,422000,-752000,-330000
2009/09/10,0,1021000,-887000,134000
2009/09/11,0,840000,-400000,440000
2009/09/14,0,402000,-818000,-416000
2009/09/15,0,647000,-231000,416000
2009/09/16,0,481000,-445000,36000
2009/09/17,0,1905000,-2250000,-345000
2009/09/18,0,243000,-1031000,-788000
2009/09/21,0,644000,-991000,-347000
2009/09/22,0,106000,-162000,-56000
2009/09/23,0,74000,-1058032,-984032
2009/09/24,0,50000,-732000,-682000
2009/09/25,0,924000,-478000,446000
2009/09/28,0,2902000,-460477,2441523
2009/09/29,0,884000,-32000,852000
2009/09/30,0,982000,-441000,541000
2009/10/01,0,366000,-342000,24000
2009/10/02,0,156000,-904000,-748000
2009/10/05,0,150000,-362000,-212000
2009/10/06,0,794000,-420000,374000
2009/10/07,0,90000,-476000,-386000
2009/10/08,0,62000,-107000,-45000
2009/10/09,0,216000,-742000,-526000
2009/10/12,0,19000,-194000,-175000
2009/10/13,0,1264000,-314000,950000
2009/10/14,0,742000,-398000,344000
2009/10/15,0,2642000,-3014000,-372000
2009/10/16,0,408000,-4655000,-4247000
2009/10/19,0,549000,-304000,245000
2009/10/20,0,411000,-985000,-574000
2009/10/21,0,185000,-1691204,-1506204
2009/10/22,0,1189000,-810000,379000
2009/10/23,0,358000,-2000,356000
2009/10/26,0,194000,-363000,-169000
2009/10/27,0,103000,-43000,60000
2009/10/28,0,28000,-430000,-402000
2009/10/29,0,1512000,-545000,967000
2009/10/30,0,86000,-956000,-870000
2009/11/02,0,287000,-489000,-202000
2009/11/03,0,58000,-586000,-528000
2009/11/04,0,500000,-199000,301000
2009/11/05,0,226000,-57000,169000
2009/11/06,0,203000,-271000,-68000
2009/11/09,0,173000,-95000,78000
2009/11/10,0,78000,-64000,14000
2009/11/11,0,749000,-99000,650000
2009/11/12,0,55000,-270000,-215000
2009/11/13,0,447000,-85000,362000
2009/11/16,0,77000,-135000,-58000
2009/11/17,0,54000,-150000,-96000
2009/11/18,0,1106000,-258000,848000
2009/11/19,0,726000,-89000,637000
2009/11/20,0,1839000,-486000,1353000
2009/11/23,0,804000,-49000,755000
2009/11/24,0,23000,-720000,-697000
2009/11/25,0,311000,-566000,-255000
2009/11/26,0,162000,-119000,43000
2009/11/27,0,531000,-264000,267000
2009/11/30,0,490000,-130984,359016
2009/12/01,0,2362000,-228000,2134000
2009/12/02,0,1781000,-1146000,635000
2009/12/03,0,567000,-137000,430000
2009/12/04,0,206000,-2437000,-2231000
2009/12/07,0,2711000,-172000,2539000
2009/12/08,0,271000,-596000,-325000
2009/12/09,0,39000,-760000,-721000
2009/12/10,0,288000,-974000,-686000
2009/12/11,0,1509000,-163000,1346000
2009/12/14,0,502000,-176000,326000
2009/12/15,0,207000,-62000,145000
2009/12/16,0,86000,-553000,-467000
2009/12/17,0,412000,-1187000,-775000
2009/12/18,0,36000,-214000,-178000
2009/12/21,0,461000,-196000,265000
2009/12/22,0,1614000,-444589,1169411
2009/12/23,0,980000,-324000,656000
2009/12/24,0,206000,-605000,-399000
2009/12/25,0,35000,-281000,-246000
2009/12/28,0,49000,-163000,-114000
2009/12/29,0,647000,-150000,497000
2009/12/30,0,909000,-354000,555000
2009/12/31,0,429000,-232000,197000
2010/01/01,0,0,0,0
2010/01/04,0,980000,-1558000,-578000
2010/01/05,0,2158000,-1725000,433000
2010/01/06,0,5709000,-205000,5504000
2010/01/07,0,2968000,-2249000,719000
2010/01/08,0,475000,-1741000,-1266000
2010/01/11,0,1275000,-278000,997000
2010/01/12,0,291000,-167000,124000
2010/01/13,0,935000,-196000,739000
2010/01/14,0,485000,-1003956,-518956
2010/01/15,0,1443000,-101000,1342000
2010/01/18,0,577000,-103000,474000
2010/01/19,0,888960,-392000,496960
2010/01/20,0,975000,-1274000,-299000
2010/01/21,0,2216000,-934000,1282000
2010/01/22,0,4119000,-1965000,2154000
2010/01/25,0,1129000,-442000,687000
2010/01/26,0,1324000,-7737000,-6413000
2010/01/27,0,760000,-3708000,-2948000
2010/01/28,0,6920000,-1395000,5525000
2010/01/29,0,1402000,-1204000,198000
2010/02/01,0,825000,-2583000,-1758000
2010/02/02,0,2323000,-7781000,-5458000
2010/02/03,0,791000,-1487000,-696000
2010/02/04,0,2114000,-2697000,-583000
2010/02/05,0,716000,-3660000,-2944000
2010/02/08,0,1554000,-1333001,220999
2010/02/09,0,2858000,-3632000,-774000
2010/02/10,0,2589000,-2208194,380806
2010/02/11,0,0,0,0
2010/02/12,0,0,0,0
2010/02/15,0,0,0,0
2010/02/16,0,0,0,0
2010/02/17,0,0,0,0
2010/02/18,0,0,0,0
2010/02/19,0,0,0,0
2010/02/22,0,1411000,-992000,419000
2010/02/23,0,108000,-1420000,-1312000
2010/02/24,0,210000,-433000,-223000
2010/02/25,0,118000,-1710000,-1592000
2010/02/26,0,607000,-557000,50000
2010/03/01,0,1208000,-3933000,-2725000
2010/03/02,0,577000,-208000,369000
2010/03/03,0,342000,-247000,95000
2010/03/04,0,214000,-742000,-528000
2010/03/05,0,246000,-308000,-62000
2010/03/08,0,813000,-692000,121000
2010/03/09,0,926000,-835000,91000
2010/03/10,0,135000,-326000,-191000
2010/03/11,0,1270000,-251000,1019000
2010/03/12,0,1241000,-291000,950000
2010/03/15,0,610000,-789000,-179000
2010/03/16,0,535000,-812000,-277000
2010/03/17,0,4114000,-1059000,3055000
2010/03/18,0,4512000,-1668000,2844000
2010/03/19,0,609000,-1581000,-972000
2010/03/22,0,891000,-885000,6000
2010/03/23,0,1170000,-1142000,28000
2010/03/24,0,1368000,-1413371,-45371
2010/03/25,0,2598000,-563000,2035000
2010/03/26,0,636000,-328000,308000
2010/03/29,0,1501000,-507000,994000
2010/03/30,0,1277000,-721000,556000
2010/03/31,0,1436000,-1702000,-266000
2010/04/01,0,3455000,-933036,2521964
2010/04/02,0,563000,-486000,77000
2010/04/05,0,0,0,0
2010/04/06,0,2564000,-1226000,1338000
2010/04/07,0,482000,-937000,-455000
2010/04/08,0,846000,-4929000,-4083000
2010/04/09,0,861000,-1752000,-891000
2010/04/12,0,1486000,-1122000,364000
2010/04/13,0,1192000,-4098454,-2906454
2010/04/14,0,1723000,-573000,1150000
2010/04/15,0,396000,-1212000,-816000
2010/04/16,0,1408000,-1607000,-199000
2010/04/19,0,389000,-2085000,-1696000
2010/04/20,0,520000,-2405000,-1885000
2010/04/21,0,107000,-760000,-653000
2010/04/22,0,285000,-327000,-42000
2010/04/23,0,116000,-1068000,-952000
2010/04/26,0,974000,-97000,877000
2010/04/27,0,336000,-215000,121000
2010/04/28,0,185000,-507000,-322000
2010/04/29,0,1120000,-689000,431000
2010/04/30,0,1079000,-1714000,-635000
2010/05/03,0,473000,-1310000,-837000
2010/05/04,0,986000,-434000,552000
2010/05/05,0,3453000,-252000,3201000
2010/05/06,0,1240000,-1260000,-20000
2010/05/07,0,971000,-1787000,-816000
2010/05/10,0,312000,-882000,-570000
2010/05/11,0,642000,-1064000,-422000
2010/05/12,0,685396,-376000,309396
2010/05/13,0,2262000,-3187000,-925000
2010/05/14,0,730000,-144000,586000
2010/05/17,0,221000,-1178000,-957000
2010/05/18,0,912000,-298000,614000
2010/05/19,0,1744000,-602000,1142000
2010/05/20,0,1595740,-661000,934740
2010/05/21,0,790000,-6961000,-6171000
2010/05/24,0,977000,-974000,3000
2010/05/25,0,803000,-1932000,-1129000
2010/05/26,0,1233000,-252000,981000
2010/05/27,0,1624260,-1405000,219260
2010/05/28,0,917000,-524000,393000
2010/05/31,0,161000,-484000,-323000
2010/06/01,0,94000,-747000,-653000
2010/06/02,0,319000,-830000,-511000
2010/06/03,0,620000,-661000,-41000
2010/06/04,0,298000,-224000,74000
2010/06/07,0,214000,-562000,-348000
2010/06/08,0,613000,-313000,300000
2010/06/09,0,326000,-1150000,-824000
2010/06/10,0,889000,-188000,701000
2010/06/11,0,374000,-396000,-22000
2010/06/14,0,839000,-630000,209000
2010/06/15,0,1674000,-643000,1031000
2010/06/16,0,0,0,0
2010/06/17,0,1518000,-1314000,204000
2010/06/18,0,308000,-483000,-175000
2010/06/21,0,591000,-303000,288000
2010/06/22,0,218000,-267000,-49000
2010/06/23,0,292000,-379000,-87000
2010/06/24,0,565000,-277000,288000
2010/06/25,0,347000,-305000,42000
2010/06/28,0,412000,-275000,137000
2010/06/29,0,321000,-188000,133000
2010/06/30,0,441000,-833000,-392000
2010/07/01,0,627000,-389000,238000
2010/07/02,0,299000,-413000,-114000
2010/07/05,0,275000,-128000,147000
2010/07/06,0,319000,-375000,-56000
2010/07/07,0,247000,-322000,-75000
2010/07/08,0,525000,-355330,169670
2010/07/09,0,1116000,-386000,730000
2010/07/12,0,141000,-253000,-112000
2010/07/13,0,124000,-222000,-98000
2010/07/14,0,564000,-204000,360000
2010/07/15,0,402000,-352000,50000
2010/07/16,0,448000,-408000,40000
2010/07/19,0,61000,-94000,-33000
2010/07/20,0,86000,-67000,19000
2010/07/21,0,25000,-130950,-105950
2010/07/22,0,380000,-44000,336000
2010/07/23,0,569000,-98000,471000
2010/07/26,0,4249000,-69000,4180000
2010/07/27,0,650000,-4923000,-4273000
2010/07/28,0,247000,-2432000,-2185000
2010/07/29,0,81000,-841000,-760000
2010/07/30,0,128000,-182000,-54000
2010/08/02,0,332000,-549000,-217000
2010/08/03,0,181000,-379000,-198000
2010/08/04,0,70000,-211000,-141000
2010/08/05,0,217000,-680000,-463000
2010/08/06,0,292000,-132000,160000
2010/08/09,0,57000,-137000,-80000
2010/08/10,0,203000,-321000,-118000
2010/08/11,0,198000,-305000,-107000
2010/08/12,0,538000,-429000,109000
2010/08/13,0,913000,-139000,774000
2010/08/16,0,2106000,-274000,1832000
2010/08/17,0,1271000,-265000,1006000
2010/08/18,0,552000,-906000,-354000
2010/08/19,0,1825000,-309000,1516000
2010/08/20,0,99000,-874000,-775000
2010/08/23,0,1127000,-594000,533000
2010/08/24,0,289000,-846000,-557000
2010/08/25,0,252000,-755000,-503000
2010/08/26,0,508000,-700000,-192000
2010/08/27,0,216000,-487000,-271000
2010/08/30,0,220000,-3333000,-3113000
2010/08/31,0,196000,-787000,-591000
2010/09/01,0,396000,-161000,235000
2010/09/02,0,728000,-341000,387000
2010/09/03,0,1432000,-403000,1029000
2010/09/06,0,704000,-816259,-112259
2010/09/07,0,514000,-445000,69000
2010/09/08,0,859000,-539000,320000
2010/09/09,0,904521,-295981,608540
2010/09/10,0,1712000,-322296,1389704
2010/09/13,0,2291650,-133000,2158650
2010/09/14,0,4289350,-732000,3557350
2010/09/15,0,2692048,-1470904,1221144
2010/09/16,0,639000,-824000,-185000
2010/09/17,0,1588000,-548000,1040000
2010/09/20,0,857000,-691000,166000
2010/09/21,0,4563000,-775000,3788000
2010/09/22,0,0,0,0
2010/09/23,0,4117608,-2211000,1906608
2010/09/24,0,345000,-838000,-493000
2010/09/27,0,422000,-625000,-203000
2010/09/28,0,150000,-600000,-450000
2010/09/29,0,2072000,-5387000,-3315000
2010/09/30,0,1476000,-1312000,164000
2010/10/01,0,693000,-1686000,-993000
2010/10/04,0,367000,-707000,-340000
2010/10/05,0,526000,-967000,-441000
2010/10/06,0,242067,-1214000,-971933
2010/10/07,0,313000,-210361,102639
2010/10/08,0,673000,-2080060,-1407060
2010/10/11,0,589000,-925000,-336000
2010/10/12,0,351000,-643000,-292000
2010/10/13,0,1069000,-1139000,-70000
2010/10/14,0,422000,-1951000,-1529000
2010/10/15,0,2254000,-1356799,897201
2010/10/18,0,219000,-1342000,-1123000
2010/10/19,0,119000,-842000,-723000
2010/10/20,0,415000,-121000,294000
2010/10/21,0,169000,-414000,-245000
2010/10/22,0,18000,-240000,-222000
2010/10/25,0,1543000,-288000,1255000
2010/10/26,0,2424000,-442000,1982000
2010/10/27,0,1136000,-568000,568000
2010/10/28,0,2467000,-656000,1811000
2010/10/29,0,1254000,-1464090,-210090
2010/11/01,0,4986000,-2508000,2478000
2010/11/02,0,5983110,-1868000,4115110
2010/11/03,0,623000,-2489000,-1866000
2010/11/04,0,261000,-415000,-154000
2010/11/05,0,955000,-1411694,-456694
2010/11/08,0,1653000,-1669000,-16000
2010/11/09,0,712458,-911794,-199336
2010/11/10,0,275000,-3121000,-2846000
2010/11/11,0,1102000,-2132000,-1030000
2010/11/12,0,438000,-916000,-478000
2010/11/15,0,270000,-808239,-538239
2010/11/16,0,793000,-519000,274000
2010/11/17,0,251000,-305000,-54000
2010/11/18,0,266000,-160000,106000
2010/11/19,0,583000,-320000,263000
2010/11/22,0,2022000,-959000,1063000
2010/11/23,0,449000,-1579000,-1130000
2010/11/24,0,514000,-112000,402000
2010/11/25,0,1198000,-2193000,-995000
2010/11/26,0,554000,-460000,94000
2010/11/29,0,606000,-1279000,-673000
2010/11/30,0,1466000,-1974799,-508799
2010/12/01,0,1049000,-1238015,-189015
2010/12/02,0,289000,-844000,-555000
2010/12/03,0,1257000,-928000,329000
2010/12/06,0,803000,-611000,192000
2010/12/07,0,1243000,-1496000,-253000
2010/12/08,0,485000,-627600,-142600
2010/12/09,0,994000,-1336000,-342000
2010/12/10,0,251000,-348000,-97000
2010/12/13,0,529000,-343000,186000
2010/12/14,0,243000,-772857,-529857
2010/12/15,0,201000,-1352000,-1151000
2010/12/16,0,1490000,-935000,555000
2010/12/17,0,1933000,-1210000,723000
2010/12/20,0,1317000,-476000,841000
2010/12/21,0,544000,-977000,-433000
2010/12/22,0,949000,-267000,682000
2010/12/23,0,438000,-496000,-58000
2010/12/24,0,987000,-265000,722000
2010/12/27,0,551000,-681000,-130000
2010/12/28,0,612000,-579000,33000
2010/12/29,0,687000,-1079839,-392839
2010/12/30,0,237000,-850000,-613000
2010/12/31,0,785000,-1791000,-1006000
2011/01/03,0,788000,-739000,49000
2011/01/04,0,159000,-874000,-715000
2011/01/05,0,906000,-486000,420000
2011/01/06,0,514000,-418000,96000
2011/01/07,0,1203000,-1690000,-487000
2011/01/10,0,830000,-473000,357000
2011/01/11,0,2008000,-2202000,-194000
2011/01/12,0,477000,-2420000,-1943000
2011/01/13,0,889000,-1216000,-327000
2011/01/14,0,324000,-798000,-474000
2011/01/17,0,593000,-668334,-75334
2011/01/18,0,1773000,-511000,1262000
2011/01/19,0,1799000,-2649000,-850000
2011/01/20,0,702000,-1846100,-1144100
2011/01/21,0,912000,-286000,626000
2011/01/24,0,578000,-896000,-318000
2011/01/25,0,407000,-420000,-13000
2011/01/26,0,539000,-303000,236000
2011/01/27,0,1191000,-1328000,-137000
2011/01/28,0,1533000,-482000,1051000
2011/01/31,0,0,0,0
2011/02/01,0,0,0,0
2011/02/02,0,0,0,0
2011/02/03,0,0,0,0
2011/02/04,0,0,0,0
2011/02/07,0,0,0,0
2011/02/08,0,1721000,-253000,1468000
2011/02/09,0,430000,-254000,176000
2011/02/10,0,1374000,-1582000,-208000
2011/02/11,0,2206000,-1748000,458000
2011/02/14,0,823000,-2023000,-1200000
2011/02/15,0,1293000,-1709000,-416000
2011/02/16,0,442000,-1076000,-634000
2011/02/17,0,1166000,-1066000,100000
2011/02/18,0,1029000,-995380,33620
2011/02/21,0,986000,-566000,420000
2011/02/22,0,955000,-789000,166000
2011/02/23,0,1400000,-1005000,395000
2011/02/24,0,1363000,-299050,1063950
2011/02/25,0,4154000,-823000,3331000
2011/02/28,0,0,0,0
2011/03/01,0,1177000,-1107000,70000
2011/03/02,0,658000,-1757220,-1099220
2011/03/03,0,2241000,-1762000,479000
2011/03/04,0,2713000,-1169000,1544000
2011/03/07,0,737000,-1534962,-797962
2011/03/08,0,233000,-1916000,-1683000
2011/03/09,0,1244000,-1081000,163000
2011/03/10,0,873000,-1447000,-574000
2011/03/11,0,1372000,-788000,584000
2011/03/14,0,762000,-1397000,-635000
2011/03/15,0,1491000,-2029000,-538000
2011/03/16,0,1235000,-993250,241750
2011/03/17,0,323000,-1635000,-1312000
2011/03/18,0,386000,-721000,-335000
2011/03/21,0,856000,-941000,-85000
2011/03/22,0,1295000,-840999,454001
2011/03/23,0,1443000,-840000,603000
2011/03/24,0,234000,-745000,-511000
2011/03/25,0,494000,-608000,-114000
2011/03/28,0,884000,-399000,485000
2011/03/29,0,2000000,-958000,1042000
2011/03/30,0,1133000,-384000,749000
2011/03/31,0,128000,-905000,-777000
2011/04/01,0,156000,-277000,-121000
2011/04/04,0,0,0,0
2011/04/05,0,0,0,0
2011/04/06,0,1586000,-195000,1391000
2011/04/07,0,1131000,-461000,670000
2011/04/08,0,277000,-1080000,-803000
2011/04/11,0,154000,-958000,-804000
2011/04/12,0,1010000,-890000,120000
2011/04/13,0,685000,-383000,302000
2011/04/14,0,307000,-153607,153393
2011/04/15,0,554000,-1590000,-1036000
2011/04/18,0,285000,-725165,-440165
2011/04/19,0,428000,-430000,-2000
2011/04/20,0,1485000,-430000,1055000
2011/04/21,0,640000,-899000,-259000
2011/04/22,0,1712000,-174000,1538000
2011/04/25,0,752000,-420000,332000
2011/04/26,0,225000,-1031000,-806000
2011/04/27,0,540000,-5203000,-4663000
2011/04/28,0,1042000,-1945000,-903000
2011/04/29,0,672000,-1729000,-1057000
2011/05/02,0,0,0,0
2011/05/03,0,612000,-593071,18929
2011/05/04,0,1086000,-156000,930000
2011/05/05,0,695000,-535000,160000
2011/05/06,0,749000,-308000,441000
2011/05/09,0,621000,-408000,213000
2011/05/10,0,272000,-283000,-11000
2011/05/11,0,176000,-143264,32736
2011/05/12,0,503000,-620000,-117000
2011/05/13,0,402000,-185000,217000
2011/05/16,0,804000,-411000,393000
2011/05/17,0,61000,-191000,-130000
2011/05/18,0,558000,-311000,247000
2011/05/19,0,420000,-292820,127180
2011/05/20,0,392000,-301000,91000
2011/05/23,0,265000,-234000,31000
2011/05/24,0,628000,-216000,412000
2011/05/25,0,35000,-283000,-248000
2011/05/26,0,140000,-104000,36000
2011/05/27,0,1268000,-335000,933000
2011/05/30,0,1458000,-377000,1081000
2011/05/31,0,1327000,-914000,413000
2011/06/01,0,432000,-517000,-85000
2011/06/02,0,437000,-47000,390000
2011/06/03,0,528000,-508000,20000
2011/06/06,0,0,0,0
2011/06/07,0,825000,-264000,561000
2011/06/08,0,185000,-604000,-419000
2011/06/09,0,661000,-33000,628000
2011/06/10,0,474000,-1101000,-627000
2011/06/13,0,528000,-402000,126000
2011/06/14,0,438000,-547000,-109000
2011/06/15,0,1939000,-306000,1633000
2011/06/16,0,703000,-941000,-238000
2011/06/17,0,306000,-340000,-34000
2011/06/20,0,600000,-1025000,-425000
2011/06/21,0,850000,-179000,671000
2011/06/22,0,227000,-728000,-501000
2011/06/23,0,505000,-419000,86000
2011/06/24,0,842000,-295000,547000
2011/06/27,0,416000,-618000,-202000
2011/06/28,0,90000,-476000,-386000
2011/06/29,0,1736000,-383000,1353000
2011/06/30,0,1084000,-226000,858000
2011/07/01,0,1782000,-547000,1235000
2011/07/04,0,112000,-1395000,-1283000
2011/07/05,0,144000,-1029000,-885000
2011/07/06,0,542000,-418000,124000
2011/07/07,0,1031000,-138000,893000
2011/07/08,0,442000,-1160000,-718000
2011/07/11,0,305000,-404000,-99000
2011/07/12,0,1038000,-1015000,23000
2011/07/13,0,1759000,-66000,1693000
2011/07/14,0,698000,-1376000,-678000
2011/07/15,0,1854000,-97000,1757000
2011/07/18,0,707000,-499470,207530
2011/07/19,0,1620000,-1945000,-325000
2011/07/20,0,1265000,-1104000,161000
2011/07/21,0,1019000,-523000,496000
2011/07/22,0,412000,-1535000,-1123000
2011/07/25,0,94000,-476000,-382000
2011/07/26,0,479000,-256000,223000
2011/07/27,0,295000,-216000,79000
2011/07/28,0,651000,-690258,-39258
2011/07/29,0,723000,-414000,309000
2011/08/01,0,644000,-224000,420000
2011/08/02,0,460000,-221000,239000
2011/08/03,0,1140000,-660000,480000
2011/08/04,0,1537000,-517000,1020000
2011/08/05,0,1843000,-1066000,777000
2011/08/08,0,1887000,-986000,901000
2011/08/09,0,2991000,-858000,2133000
2011/08/10,0,2282000,-743000,1539000
2011/08/11,0,2449000,-402000,2047000
2011/08/12,0,1817000,-3115000,-1298000
2011/08/15,0,648000,-1641000,-993000
2011/08/16,0,685000,-949000,-264000
2011/08/17,0,663000,-534000,129000
2011/08/18,0,1028000,-1757000,-729000
2011/08/19,0,1347000,-2038000,-691000
2011/08/22,0,1359000,-171000,1188000
2011/08/23,0,2245000,-82000,2163000
2011/08/24,0,1200000,-621000,579000
2011/08/25,0,664000,-1393000,-729000
2011/08/26,0,1142000,-1014000,128000
2011/08/29,0,1061008,-1162000,-100992
2011/08/30,0,2762000,-1848000,914000
2011/08/31,0,3945000,-1298000,2647000
2011/09/01,0,1309000,-1177000,132000
2011/09/02,0,539000,-1359000,-820000
2011/09/05,0,527000,-677000,-150000
2011/09/06,0,1334000,-1150000,184000
2011/09/07,0,2602000,-1257000,1345000
2011/09/08,0,980000,-1073000,-93000
2011/09/09,0,427000,-1525000,-1098000
2011/09/12,0,0,0,0
2011/09/13,0,345000,-1341000,-996000
2011/09/14,0,1354000,-1070000,284000
2011/09/15,0,1454000,-1513000,-59000
2011/09/16,0,3203000,-2102609,1100391
2011/09/19,0,2136118,-2199000,-62882
2011/09/20,0,1642000,-2285493,-643493
2011/09/21,0,4133000,-598330,3534670
2011/09/22,0,740000,-1081587,-341587
2011/09/23,0,2227000,-1939000,288000
2011/09/26,0,2473000,-1357000,1116000
2011/09/27,0,1045000,-1583000,-538000
2011/09/28,0,356000,-1035000,-679000
2011/09/29,0,997000,-782000,215000
2011/09/30,0,1314000,-784052,529948
2011/10/03,0,1334000,-343000,991000
2011/10/04,0,2055000,-466000,1589000
2011/10/05,0,1399000,-988000,411000
2011/10/06,0,627000,-1167908,-540908
2011/10/07,0,432000,-1122000,-690000
2011/10/10,0,0,0,0
2011/10/11,0,402000,-977000,-575000
2011/10/12,0,1818000,-518932,1299068
2011/10/13,0,2771000,-2032000,739000
2011/10/14,0,971000,-1237000,-266000
2011/10/17,0,405000,-961000,-556000
2011/10/18,0,1442000,-379005,1062995
2011/10/19,0,365000,-613000,-248000
2011/10/20,0,632000,-227000,405000
2011/10/21,0,1430000,-175000,1255000
2011/10/24,0,446000,-1457000,-1011000
2011/10/25,0,1071000,-1096000,-25000
2011/10/26,0,782000,-1213358,-431358
2011/10/27,0,1020000,-283000,737000
2011/10/28,0,2461000,-970285,1490715
2011/10/31,0,1130000,-147613,982387
2011/11/01,0,530000,-530834,-834
2011/11/02,0,1374000,-505000,869000
2011/11/03,0,477000,-694000,-217000
2011/11/04,0,7118000,-1432512,5685488
2011/11/07,0,980000,-1767000,-787000
2011/11/08,0,727000,-1547000,-820000
2011/11/09,0,1423000,-1375136,47864
2011/11/10,0,1303000,-1289000,14000
2011/11/11,0,369000,-1642000,-1273000
2011/11/14,0,693000,-932000,-239000
2011/11/15,0,147000,-391000,-244000
2011/11/16,0,542000,-259000,283000
2011/11/17,0,359000,-192928,166072
2011/11/18,0,1233000,-491000,742000
2011/11/21,0,1172000,-965000,207000
2011/11/22,0,1143225,-417000,726225
2011/11/23,0,845000,-484000,361000
2011/11/24,0,798000,-5272000,-4474000
2011/11/25,0,612000,-784000,-172000
2011/11/28,0,324000,-926000,-602000
2011/11/29,0,547000,-309000,238000
2011/11/30,0,326000,-476000,-150000
2011/12/01,0,2575000,-604000,1971000
2011/12/02,0,665000,-484000,181000
2011/12/05,0,391000,-476000,-85000
2011/12/06,0,862000,-250082,611918
2011/12/07,0,265000,-205000,60000
2011/12/08,0,218000,-402000,-184000
2011/12/09,0,109000,-731000,-622000
2011/12/12,0,405000,-91000,314000
2011/12/13,0,114000,-502000,-388000
2011/12/14,0,733000,-1956000,-1223000
2011/12/15,0,1376000,-1130000,246000
2011/12/16,0,1128000,-727000,401000
2011/12/19,0,726000,-389000,337000
2011/12/20,0,392000,-453000,-61000
2011/12/21,0,842000,-893000,-51000
2011/12/22,0,682000,-384000,298000
2011/12/23,0,1547000,-873000,674000
2011/12/26,0,1048000,-356000,692000
2011/12/27,0,746171,-601000,145171
2011/12/28,0,1049000,-279000,770000
2011/12/29,0,559000,-231000,328000
2011/12/30,0,77000,-1572000,-1495000
2012/01/02,0,753000,-678000,75000
2012/01/03,0,506000,-1017000,-511000
2012/01/04,0,877000,-1274000,-397000
2012/01/05,0,542000,-546000,-4000
2012/01/06,0,65000,-166000,-101000
2012/01/09,0,115000,-309000,-194000
2012/01/10,0,3251000,-346000,2905000
2012/01/11,0,235000,-521000,-286000
2012/01/12,0,783000,-515000,268000
2012/01/13,0,1082000,-595000,487000
2012/01/16,0,1115000,-884229,230771
2012/01/17,0,376000,-694417,-318417
2012/01/18,0,698000,-352000,346000
2012/01/19,0,0,0,0
2012/01/20,0,0,0,0
2012/01/23,0,0,0,0
2012/01/24,0,0,0,0
2012/01/25,0,0,0,0
2012/01/26,0,0,0,0
2012/01/27,0,0,0,0
2012/01/30,0,508000,-932000,-424000
2012/01/31,0,1094000,-3024000,-1930000
2012/02/01,0,4303000,-499000,3804000
2012/02/02,0,7274000,-929000,6345000
2012/02/03,0,2817000,-2399000,418000
2012/02/06,0,268000,-775000,-507000
2012/02/07,0,343000,-1395000,-1052000
2012/02/08,0,196000,-5534000,-5338000
2012/02/09,0,454000,-1294000,-840000
2012/02/10,0,315000,-2684000,-2369000
2012/02/13,0,887000,-147000,740000
2012/02/14,0,474000,-1106000,-632000
2012/02/15,0,2679000,-750000,1929000
2012/02/16,0,655000,-1245000,-590000
2012/02/17,0,805000,-778000,27000
2012/02/20,0,493000,-2221000,-1728000
2012/02/21,0,310000,-892000,-582000
2012/02/22,0,469000,-924000,-455000
2012/02/23,0,282000,-780000,-498000
2012/02/24,0,727000,-1248000,-521000
2012/02/27,0,0,0,0
2012/02/28,0,0,0,0
2012/02/29,0,1112052,-1388000,-275948
2012/03/01,0,728000,-542000,186000
2012/03/02,0,1464000,-465000,999000
2012/03/05,0,334000,-1930000,-1596000
2012/03/06,0,562000,-593000,-31000
2012/03/07,0,333000,-502000,-169000
2012/03/08,0,234000,-742000,-508000
2012/03/09,0,116000,-706000,-590000
2012/03/12,0,118000,-445273,-327273
2012/03/13,0,486000,-319000,167000
2012/03/14,0,1956000,-777000,1179000
2012/03/15,0,102000,-1242000,-1140000
2012/03/16,0,146000,-746000,-600000
2012/03/19,0,145000,-1210000,-1065000
2012/03/20,0,381000,-576000,-195000
2012/03/21,0,1289000,-430000,859000
2012/03/22,0,1098000,-285000,813000
2012/03/23,0,638000,-162000,476000
2012/03/26,0,963000,-467000,496000
2012/03/27,0,1418000,-756000,662000
2012/03/28,0,179000,-991000,-812000
2012/03/29,0,1734000,-634432,1099568
2012/03/30,0,667000,-1567000,-900000
2012/04/02,0,1059000,-3954000,-2895000
2012/04/03,0,850000,-2261000,-1411000
2012/04/04,0,0,0,0
2012/04/05,0,952036,-930000,22036
2012/04/06,0,400000,-333000,67000
2012/04/09,0,541000,-384000,157000
2012/04/10,0,472000,-578000,-106000
2012/04/11,0,845000,-61000,784000
2012/04/12,0,375000,-319000,56000
2012/04/13,0,550000,-352000,198000
2012/04/16,0,427000,-175000,252000
2012/04/17,0,775000,-196000,579000
2012/04/18,0,1260000,-544000,716000
2012/04/19,0,389000,-518000,-129000
2012/04/20,0,617000,-1133000,-516000
2012/04/23,0,515000,-513000,2000
2012/04/24,0,585000,-1405000,-820000
2012/04/25,0,437000,-191000,246000
2012/04/26,0,163015,-362000,-198985
2012/04/27,0,1204000,-1168000,36000
2012/04/30,0,688000,-876000,-188000
2012/05/01,0,0,0,0
2012/05/02,0,786000,-283000,503000
2012/05/03,0,243000,-498000,-255000
2012/05/04,0,1108000,-439000,669000
2012/05/07,0,594000,-447000,147000
2012/05/08,0,375000,-527184,-152184
2012/05/09,0,433000,-186772,246228
2012/05/10,0,333000,-79000,254000
2012/05/11,0,365000,-361000,4000
2012/05/14,0,420000,-280000,140000
2012/05/15,0,1007000,-154000,853000
2012/05/16,0,1203000,-608000,595000
2012/05/17,0,410000,-519000,-109000
2012/05/18,0,530000,-575000,-45000
2012/05/21,0,775000,-64000,711000
2012/05/22,0,522000,-270000,252000
2012/05/23,0,415000,-435000,-20000
2012/05/24,0,743000,-222000,521000
2012/05/25,0,539000,-176000,363000
2012/05/28,0,301000,-281000,20000
2012/05/29,0,1563000,-293000,1270000
2012/05/30,0,568000,-194000,374000
2012/05/31,0,461000,-1564000,-1103000
2012/06/01,0,240000,-259000,-19000
2012/06/04,0,961000,-341000,620000
2012/06/05,0,463000,-1536000,-1073000
2012/06/06,0,233000,-76000,157000
2012/06/07,0,267000,-384000,-117000
2012/06/08,0,37000,-203000,-166000
2012/06/11,0,1500000,-2056000,-556000
2012/06/12,0,1960000,-351000,1609000
2012/06/13,0,197000,-126000,71000
2012/06/14,0,238000,-974000,-736000
2012/06/15,0,138000,-465000,-327000
2012/06/18,0,113000,-316000,-203000
2012/06/19,0,48000,-330000,-282000
2012/06/20,0,604000,-773000,-169000
2012/06/21,0,50000,-165000,-115000
2012/06/22,0,976000,-622000,354000
2012/06/25,0,566000,-186000,380000
2012/06/26,0,368000,-1192000,-824000
2012/06/27,0,576000,-559000,17000
2012/06/28,0,1268000,-151000,1117000
2012/06/29,0,1329000,-212000,1117000
2012/07/02,0,1814000,-943000,871000
2012/07/03,0,648000,-1168000,-520000
2012/07/04,0,113000,-538000,-425000
2012/07/05,0,260000,-350000,-90000
2012/07/06,0,259000,-56000,203000
2012/07/09,0,66000,-133000,-67000
2012/07/10,0,534000,-500000,34000
2012/07/11,0,1108000,-703000,405000
2012/07/12,0,636000,-1672000,-1036000
2012/07/13,0,1161000,-367579,793421
2012/07/16,0,188000,-43290,144710
2012/07/17,0,316000,-280000,36000
2012/07/18,0,403000,-765000,-362000
2012/07/19,0,1023000,-54000,969000
2012/07/20,0,314000,-626000,-312000
2012/07/23,0,725000,-978000,-253000
2012/07/24,0,2254000,-531000,1723000
2012/07/25,0,294000,-890000,-596000
2012/07/26,0,554000,-344000,210000
2012/07/27,0,514000,-934000,-420000
2012/07/30,0,2448000,-421000,2027000
2012/07/31,0,469000,-454000,15000
2012/08/01,0,349000,-435000,-86000
2012/08/02,0,0,0,0
2012/08/03,0,622000,-50000,572000
2012/08/06,0,642000,-615000,27000
2012/08/07,0,257000,-456000,-199000
2012/08/08,0,1408000,-1227000,181000
2012/08/09,0,941000,-1003000,-62000
2012/08/10,0,1193000,-564000,629000
2012/08/13,0,496000,-150000,346000
2012/08/14,0,711000,-457000,254000
2012/08/15,0,1618500,-424000,1194500
2012/08/16,0,9003000,-1079000,7924000
2012/08/17,0,13603000,-4292000,9311000
2012/08/20,0,582094,-18579000,-17996906
2012/08/21,0,179000,-1674000,-1495000
2012/08/22,0,250000,-689000,-439000
2012/08/23,0,253000,-438000,-185000
2012/08/24,0,274000,-332000,-58000
2012/08/27,0,222024,-573000,-350976
2012/08/28,0,334000,-1392484,-1058484
2012/08/29,0,341000,-285000,56000
2012/08/30,0,44000,-533000,-489000
2012/08/31,0,151000,-174164,-23164
2012/09/03,0,667000,-361000,306000
2012/09/04,0,265000,-775000,-510000
2012/09/05,0,1238000,-502000,736000
2012/09/06,0,570000,-1718000,-1148000
2012/09/07,0,842000,-486000,356000
2012/09/10,0,88000,-636000,-548000
2012/09/11,0,135000,-250000,-115000
2012/09/12,0,682000,-218000,464000
2012/09/13,0,572000,-600000,-28000
2012/09/14,0,3001000,-550000,2451000
2012/09/17,0,1982000,-1734000,248000
2012/09/18,0,900000,-770000,130000
2012/09/19,0,2507000,-885000,1622000
2012/09/20,0,6000,-336000,-330000
2012/09/21,0,214000,-136000,78000
2012/09/24,0,437000,-1561000,-1124000
2012/09/25,0,535000,-2150000,-1615000
2012/09/26,0,157000,-978000,-821000
2012/09/27,0,336000,-584000,-248000
2012/09/28,0,529000,-2695518,-2166518
2012/10/01,0,390000,-1008964,-618964
2012/10/02,0,159000,-272000,-113000
2012/10/03,0,95036,-284726,-189690
2012/10/04,0,311000,-147000,164000
2012/10/05,0,242000,-127000,115000
2012/10/08,0,206130,-1060000,-853870
2012/10/09,0,403000,-1199001,-796001
2012/10/10,0,0,0,0
2012/10/11,0,967000,-430573,536427
2012/10/12,0,303000,-466000,-163000
2012/10/15,0,764000,-1523104,-759104
2012/10/16,0,294000,-384898,-90898
2012/10/17,0,527000,-352272,174728
2012/10/18,0,274000,-231000,43000
2012/10/19,0,352000,-262000,90000
2012/10/22,0,73000,-746000,-673000
2012/10/23,0,450000,-242000,208000
2012/10/24,0,462000,-372000,90000
2012/10/25,0,405000,-839440,-434440
2012/10/26,0,1767000,-1145000,622000
2012/10/29,0,2411000,-1670000,741000
2012/10/30,0,2739000,-1714789,1024211
2012/10/31,0,1422000,-1508000,-86000
2012/11/01,0,2103000,-804000,1299000
2012/11/02,0,1826000,-1924567,-98567
2012/11/05,0,1211000,-883000,328000
2012/11/06,0,3230000,-615000,2615000
2012/11/07,0,1610000,-598292,1011708
2012/11/08,0,663000,-554000,109000
2012/11/09,0,1730000,-918000,812000
2012/11/12,0,2520000,-915000,1605000
2012/11/13,0,3975000,-1403000,2572000
2012/11/14,0,696000,-1808000,-1112000
2012/11/15,0,1487000,-215000,1272000
2012/11/16,0,300000,-347000,-47000
2012/11/19,0,2197000,-466000,1731000
2012/11/20,0,1592000,-3380000,-1788000
2012/11/21,0,924000,-362000,562000
2012/11/22,0,817000,-365000,452000
2012/11/23,0,3270000,-1502000,1768000
2012/11/26,0,892000,-2921000,-2029000
2012/11/27,0,550000,-535000,15000
2012/11/28,0,808000,-1302679,-494679
2012/11/29,0,314000,-564000,-250000
2012/11/30,0,1194000,-3458000,-2264000
2012/12/03,0,584000,-955765,-371765
2012/12/04,0,1070000,-184000,886000
2012/12/05,0,2155000,-2957000,-802000
2012/12/06,0,445000,-2976000,-2531000
2012/12/07,0,129000,-1161000,-1032000
2012/12/10,0,1338000,-970000,368000
2012/12/11,0,1077000,-3398000,-2321000
2012/12/12,0,375000,-695000,-320000
2012/12/13,0,503000,-212000,291000
2012/12/14,0,60000,-147000,-87000
2012/12/17,0,63000,-259000,-196000
2012/12/18,0,241000,-212000,29000
2012/12/19,0,143000,-437000,-294000
2012/12/20,0,138000,-1038000,-900000
2012/12/21,0,391000,-186000,205000
2012/12/24,0,264000,-742000,-478000
2012/12/25,0,276000,-557000,-281000
2012/12/26,0,55000,-210000,-155000
2012/12/27,0,213004,-237000,-23996
2012/12/28,0,889000,-648000,241000
2012/12/31,0,0,0,0
2013/01/01,0,0,0,0
2013/01/02,0,5319000,-736000,4583000
2013/01/03,0,417000,-4207000,-3790000
2013/01/04,0,1899000,-277000,1622000
2013/01/07,0,914000,-260000,654000
2013/01/08,0,2617000,-1325000,1292000
2013/01/09,0,2071000,-1949000,122000
2013/01/10,0,810000,-1880000,-1070000
2013/01/11,0,274000,-1073000,-799000
2013/01/14,0,1379000,-210000,1169000
2013/01/15,0,561000,-1601000,-1040000
2013/01/16,0,1454000,-562000,892000
2013/01/17,0,479000,-1594000,-1115000
2013/01/18,0,1067000,-511000,556000
2013/01/21,0,382000,-1088672,-706672
2013/01/22,0,888000,-1476000,-588000
2013/01/23,0,359000,-650000,-291000
2013/01/24,0,1784000,-555000,1229000
2013/01/25,0,969000,-1301000,-332000
2013/01/28,0,826000,-554000,272000
2013/01/29,0,2246000,-886000,1360000
2013/01/30,0,585000,-1068000,-483000
2013/01/31,0,1812000,-1086000,726000
2013/02/01,0,883000,-402000,481000
2013/02/04,0,307000,-1251706,-944706
2013/02/05,0,331000,-728051,-397051
2013/02/06,0,441000,-1913000,-1472000
2013/02/07,0,0,0,0
2013/02/08,0,0,0,0
2013/02/11,0,0,0,0
2013/02/12,0,0,0,0
2013/02/13,0,0,0,0
2013/02/14,0,0,0,0
2013/02/15,0,0,0,0
2013/02/18,0,1029000,-1221000,-192000
2013/02/19,0,557000,-614000,-57000
2013/02/20,0,6822000,-2387000,4435000
2013/02/21,0,997000,-4334000,-3337000
2013/02/22,0,1748000,-875588,872412
2013/02/25,0,1307000,-2360000,-1053000
2013/02/26,0,248000,-1143991,-895991
2013/02/27,0,444000,-804000,-360000
2013/02/28,0,0,0,0
2013/03/01,0,835000,-687000,148000
2013/03/04,0,2067000,-417000,1650000
2013/03/05,0,2754000,-1324000,1430000
2013/03/06,0,2830000,-1574000,1256000
2013/03/07,0,190000,-1691000,-1501000
2013/03/08,0,914000,-1532000,-618000
2013/03/11,0,333000,-1307000,-974000
2013/03/12,0,286000,-854000,-568000
2013/03/13,0,2766000,-791000,1975000
2013/03/14,0,1135000,-928000,207000
2013/03/15,0,1419000,-1390000,29000
2013/03/18,0,1613000,-418000,1195000
2013/03/19,0,298000,-550000,-252000
2013/03/20,0,897000,-4631000,-3734000
2013/03/21,0,2196000,-205000,1991000
2013/03/22,0,1661000,-84000,1577000
2013/03/25,0,1688000,-1767000,-79000
2013/03/26,0,540000,-644000,-104000
2013/03/27,0,817000,-632000,185000
2013/03/28,0,167000,-3388000,-3221000
2013/03/29,0,179805,-2831000,-2651195
2013/04/01,0,231198,-214000,17198
2013/04/02,0,440000,-388000,52000
2013/04/03,0,14000,-584000,-570000
2013/04/04,0,0,0,0
2013/04/05,0,0,0,0
2013/04/08,0,275000,-832000,-557000
2013/04/09,0,185000,-1028000,-843000
2013/04/10,0,483000,-1386000,-903000
2013/04/11,0,3330000,-884000,2446000
2013/04/12,0,253000,-2982000,-2729000
2013/04/15,0,3174000,-2014000,1160000
2013/04/16,0,1910000,-3561000,-1651000
2013/04/17,0,586000,-2347000,-1761000
2013/04/18,0,466000,-829000,-363000
2013/04/19,0,5369000,-798000,4571000
2013/04/22,0,914000,-1479000,-565000
2013/04/23,0,1744000,-1674000,70000
2013/04/24,0,1507000,-2172000,-665000
2013/04/25,0,736000,-755000,-19000
2013/04/26,0,3203000,-563000,2640000
2013/04/29,0,322000,-3187000,-2865000
2013/04/30,0,161000,-800000,-639000
2013/05/01,0,0,0,0
2013/05/02,0,336000,-553000,-217000
2013/05/03,0,218000,-1501000,-1283000
2013/05/06,0,676000,-359000,317000
2013/05/07,0,249000,-768000,-519000
2013/05/08,0,884000,-580000,304000
2013/05/09,0,337000,-183000,154000
2013/05/10,0,110000,-232000,-122000
2013/05/13,0,269000,-829000,-560000
2013/05/14,0,236000,-577000,-341000
2013/05/15,0,544000,-962000,-418000
2013/05/16,0,385000,-565000,-180000
2013/05/17,0,4540000,-526000,4014000
2013/05/20,0,2160000,-185000,1975000
2013/05/21,0,243000,-266000,-23000
2013/05/22,0,501000,-250000,251000
2013/05/23,0,91000,-931000,-840000
2013/05/24,0,137000,-371000,-234000
2013/05/27,0,148000,-128000,20000
2013/05/28,0,136000,-282000,-146000
2013/05/29,0,247000,-204000,43000
2013/05/30,0,400000,-548000,-148000
2013/05/31,0,136000,-462000,-326000
2013/06/03,0,156000,-303000,-147000
2013/06/04,0,238000,-6319000,-6081000
2013/06/05,0,163000,-233000,-70000
2013/06/06,0,230000,-1693000,-1463000
2013/06/07,0,334000,-911000,-577000
2013/06/10,0,261000,-534000,-273000
2013/06/11,0,247000,-439000,-192000
2013/06/12,0,0,0,0
2013/06/13,0,275000,-561000,-286000
2013/06/14,0,90000,-233000,-143000
2013/06/17,0,121000,-117000,4000
2013/06/18,0,258000,-238000,20000
2013/06/19,0,202000,-213000,-11000
2013/06/20,0,142000,-288000,-146000
2013/06/21,0,104000,-463802,-359802
2013/06/24,0,129000,-118000,11000
2013/06/25,0,521000,-162000,359000
2013/06/26,0,233000,-125000,108000
2013/06/27,0,993000,-394000,599000
2013/06/28,0,350000,-304000,46000
2013/07/01,0,910000,-508000,402000
2013/07/02,0,1233000,-408000,825000
2013/07/03,0,344000,-1893000,-1549000
2013/07/04,0,425000,-379000,46000
2013/07/05,0,666000,-409000,257000
2013/07/08,0,299000,-122000,177000
2013/07/09,0,312000,-170000,142000
2013/07/10,0,488000,-428000,60000
2013/07/11,0,196000,-406000,-210000
2013/07/12,0,315000,-81000,234000
2013/07/15,0,789000,-219000,570000
2013/07/16,0,710000,-182000,528000
2013/07/17,0,308000,-423000,-115000
2013/07/18,0,268000,-424000,-156000
2013/07/19,0,1079000,-2151000,-1072000
2013/07/22,0,181000,-607000,-426000
2013/07/23,0,487000,-313000,174000
2013/07/24,0,815980,-95000,720980
2013/07/25,0,1455000,-141000,1314000
2013/07/26,0,5809000,-230000,5579000
2013/07/29,0,2871000,-118000,2753000
2013/07/30,0,1094000,-9821000,-8727000
2013/07/31,0,605000,-237000,368000
2013/08/01,0,316000,-253000,63000
2013/08/02,0,1384000,-572000,812000
2013/08/05,0,187000,-146000,41000
2013/08/06,0,12000,-628000,-616000
2013/08/07,0,35000,-288000,-253000
2013/08/08,0,171000,-565000,-394000
2013/08/09,0,285000,-312000,-27000
2013/08/12,0,243000,-55000,188000
2013/08/13,0,714000,-53000,661000
2013/08/14,0,49000,-258000,-209000
2013/08/15,0,93000,-1692000,-1599000
2013/08/16,0,467000,-390000,77000
2013/08/19,0,572000,-366000,206000
2013/08/20,0,120000,-1408000,-1288000
2013/08/21,0,0,0,0
2013/08/22,0,223000,-180000,43000
2013/08/23,0,785000,-326000,459000
2013/08/26,0,46000,-145000,-99000
2013/08/27,0,969000,-768000,201000
2013/08/28,0,2229000,-759000,1470000
2013/08/29,0,2772000,-378000,2394000
2013/08/30,0,3565000,-1650000,1915000
2013/09/02,0,5098000,-1490000,3608000
2013/09/03,0,1080000,-2643000,-1563000
2013/09/04,0,479000,-788000,-309000
2013/09/05,0,4258000,-1416000,2842000
2013/09/06,0,290000,-5158000,-4868000
2013/09/09,0,970000,-952000,18000
2013/09/10,0,2204000,-2065000,139000
2013/09/11,0,1673000,-1471000,202000
2013/09/12,0,1384000,-639000,745000
2013/09/13,0,1266000,-666000,600000
2013/09/16,0,1506000,-1430000,76000
2013/09/17,0,685000,-1119000,-434000
2013/09/18,0,1216000,-1001542,214458
2013/09/19,0,0,0,0
2013/09/20,0,0,0,0
2013/09/23,0,1955000,-3356000,-1401000
2013/09/24,0,4440000,-2701000,1739000
2013/09/25,0,1185000,-2297000,-1112000
2013/09/26,0,659000,-3788000,-3129000
2013/09/27,0,1130000,-1576000,-446000
2013/09/30,0,3283000,-4400000,-1117000
2013/10/01,0,1581000,-1907000,-326000
2013/10/02,0,13998000,-1901000,12097000
2013/10/03,0,3199966,-4069000,-869034
2013/10/04,0,1371000,-2148000,-777000
2013/10/07,0,1175000,-1814000,-639000
2013/10/08,0,1864000,-2288000,-424000
2013/10/09,0,391000,-4306000,-3915000
2013/10/10,0,0,0,0
2013/10/11,0,3682000,-3620000,62000
2013/10/14,0,1324000,-2628000,-1304000
2013/10/15,0,1187000,-1057000,130000
2013/10/16,0,325000,-592000,-267000
2013/10/17,0,832000,-1365632,-533632
2013/10/18,0,832000,-1975000,-1143000
2013/10/21,0,717000,-616000,101000
2013/10/22,0,1798000,-1570000,228000
2013/10/23,0,1000000,-1206000,-206000
2013/10/24,0,662304,-1107000,-444696
2013/10/25,0,2730696,-1440000,1290696
2013/10/28,0,872000,-1169000,-297000
2013/10/29,0,1969000,-707000,1262000
2013/10/30,0,1949000,-608000,1341000
2013/10/31,0,2416000,-1697000,719000
2013/11/01,0,2719000,-4260000,-1541000
2013/11/04,0,1728000,-2138918,-410918
2013/11/05,0,742000,-1962000,-1220000
2013/11/06,0,1625000,-2279000,-654000
2013/11/07,0,769000,-1027000,-258000
2013/11/08,0,1003000,-3874000,-2871000
2013/11/11,0,1100000,-1094000,6000
2013/11/12,0,640000,-1189000,-549000
2013/11/13,0,3000000,-1701000,1299000
2013/11/14,0,607000,-478000,129000
2013/11/15,0,12026000,-2845000,9181000
2013/11/18,0,1992000,-9119000,-7127000
2013/11/19,0,3294000,-1696000,1598000
2013/11/20,0,2877000,-1301000,1576000
2013/11/21,0,1977000,-2997000,-1020000
2013/11/22,0,1543000,-1796000,-253000
2013/11/25,0,3160000,-853000,2307000
2013/11/26,0,2984000,-1035000,1949000
2013/11/27,0,1361000,-1396000,-35000
2013/11/28,0,1285000,-1697000,-412000
2013/11/29,0,1122000,-548000,574000
2013/12/02,0,1928000,-1234000,694000
2013/12/03,0,967000,-1532000,-565000
2013/12/04,0,1672000,-402000,1270000
2013/12/05,0,860000,-2691000,-1831000
2013/12/06,0,1224000,-1669000,-445000
2013/12/09,0,2387000,-1667000,720000
2013/12/10,0,3912000,-5222000,-1310000
2013/12/11,0,1482000,-3962000,-2480000
2013/12/12,0,1597000,-4909000,-3312000
2013/12/13,0,2551000,-3115000,-564000
2013/12/16,0,2513000,-3890000,-1377000
2013/12/17,0,4973000,-1822000,3151000
2013/12/18,0,1879000,-3353000,-1474000
2013/12/19,0,2143000,-3200000,-1057000
2013/12/20,0,2467000,-1961000,506000
2013/12/23,0,7797000,-1275000,6522000
2013/12/24,0,757000,-585000,172000
2013/12/25,0,1941000,-1205000,736000
2013/12/26,0,2118000,-1103000,1015000
2013/12/27,0,1963000,-3106000,-1143000
2013/12/30,0,272000,-887000,-615000
2013/12/31,0,1279000,-879000,400000
2014/01/02,0,987000,-857000,130000
2014/01/03,0,1121000,-504000,617000
2014/01/06,0,855000,-1992000,-1137000
2014/01/07,0,379000,-1293000,-914000
2014/01/08,0,3137000,-2882000,255000
2014/01/09,0,906000,-1982000,-1076000
2014/01/10,0,808000,-810000,-2000
2014/01/13,0,372000,-385000,-13000
2014/01/14,0,167000,-1045000,-878000
2014/01/15,0,8560000,-3385000,5175000
2014/01/16,0,2371000,-4097000,-1726000
2014/01/17,0,1292000,-4996000,-3704000
2014/01/20,0,612000,-869000,-257000
2014/01/21,0,227000,-776293,-549293
2014/01/22,0,1839000,-579000,1260000
2014/01/23,0,659000,-1289000,-630000
2014/01/24,0,1310000,-1704000,-394000
2014/01/27,0,598000,-1158000,-560000
2014/02/05,0,1208000,-1615000,-407000
2014/02/06,0,1146000,-1074000,72000
2014/02/07,0,2712000,-2190084,521916
2014/02/10,0,6469000,-4227000,2242000
2014/02/11,0,410000,-3084000,-2674000
2014/02/12,0,603000,-2733000,-2130000
2014/02/13,0,667000,-737000,-70000
2014/02/14,0,538000,-1739000,-1201000
2014/02/17,0,90000,-513000,-423000
2014/02/18,0,2371000,-805000,1566000
2014/02/19,0,236000,-1404000,-1168000
2014/02/20,0,560000,-580000,-20000
2014/02/21,0,284000,-749000,-465000
2014/02/24,0,153000,-518000,-365000
2014/02/25,0,511000,-541356,-30356
2014/02/26,0,1527000,-519000,1008000
2014/02/27,0,777000,-1063000,-286000
2014/03/03,0,376000,-1127000,-751000
2014/03/04,0,464000,-197000,267000
2014/03/05,0,563000,-1471000,-908000
2014/03/06,0,720000,-412000,308000
2014/03/07,0,5141000,-1728000,3413000
2014/03/10,0,1646000,-4447000,-2801000
2014/03/11,0,1031000,-387000,644000
2014/03/12,0,649000,-3158000,-2509000
2014/03/13,0,951000,-1044000,-93000
2014/03/14,0,783000,-727000,56000
2014/03/17,0,881000,-2292000,-1411000
2014/03/18,0,1786000,-71000,1715000
2014/03/19,0,3389000,-1082628,2306372
2014/03/20,0,1451000,-1179000,272000
2014/03/21,0,1036000,-440000,596000
2014/03/24,0,362000,-218000,144000
2014/03/25,0,3279000,-3477000,-198000
2014/03/26,0,259000,-1779000,-1520000
2014/03/27,0,1151000,-1647000,-496000
2014/03/28,0,475000,-3307000,-2832000
2014/03/31,0,2475000,-1206000,1269000
2014/04/01,0,736000,-2880000,-2144000
2014/04/02,0,1503000,-4189000,-2686000
2014/04/03,0,730000,-482000,248000
2014/04/07,0,267000,-1336000,-1069000
2014/04/08,0,355000,-261000,94000
2014/04/09,0,276000,-455000,-179000
2014/04/10,0,894000,-349000,545000
2014/04/11,0,273000,-1223000,-950000
2014/04/14,0,701000,-140000,561000
2014/04/15,0,281000,-274000,7000
2014/04/16,0,550000,-664999,-114999
2014/04/17,0,67000,-401000,-334000
2014/04/18,0,339000,-562000,-223000
2014/04/21,0,164000,-655000,-491000
2014/04/22,0,125000,-242000,-117000
2014/04/23,0,3923000,-824000,3099000
2014/04/24,0,436000,-2690000,-2254000
2014/04/25,0,5566000,-891000,4675000
2014/04/28,0,377000,-2914000,-2537000
2014/04/29,0,312000,-2817000,-2505000
2014/04/30,0,354000,-1993000,-1639000
2014/05/02,0,192000,-787000,-595000
2014/05/05,0,241000,-669000,-428000
2014/05/06,0,32000,-607000,-575000
2014/05/07,0,158000,-509958,-351958
2014/05/08,0,135000,-378000,-243000
2014/05/09,0,30000,-233000,-203000
2014/05/12,0,71000,-96000,-25000
2014/05/13,0,289000,-260000,29000
2014/05/14,0,100000,-169000,-69000
2014/05/15,0,49000,-162000,-113000
2014/05/16,0,63000,-128000,-65000
2014/05/19,0,246000,-234000,12000
2014/05/20,0,4012000,-455000,3557000
2014/05/21,0,686202,-2601000,-1914798
2014/05/22,0,2591000,-918000,1673000
2014/05/23,0,675000,-2351000,-1676000
2014/05/26,0,85000,-419000,-334000
2014/05/27,0,820000,-309000,511000
2014/05/28,0,257000,-836000,-579000
2014/05/29,0,195000,-156000,39000
2014/05/30,0,319000,-541000,-222000
2014/06/03,0,360000,-90000,270000
2014/06/04,0,425000,-177000,248000
2014/06/05,0,2093000,-213000,1880000
2014/06/06,0,473000,-997000,-524000
2014/06/09,0,190000,-503000,-313000
2014/06/10,0,242000,-816000,-574000
2014/06/11,0,55000,-294000,-239000
2014/06/12,0,0,-104000,-104000
2014/06/13,0,47000,-53000,-6000
2014/06/16,0,229000,-281000,-52000
2014/06/17,0,492000,-23000,469000
2014/06/18,0,3876000,-328000,3548000
2014/06/19,0,320000,-2748000,-2428000
2014/06/20,0,433000,-236000,197000
2014/06/23,0,90000,-548000,-458000
2014/06/24,0,426000,-163000,263000
2014/06/25,0,1162000,-18000,1144000
2014/06/26,0,1540000,-315000,1225000
2014/06/27,0,162000,-876000,-714000
2014/06/30,0,100000,-278000,-178000
2014/07/01,0,3065000,-355000,2710000
2014/07/02,0,2158000,-3633000,-1475000
2014/07/03,0,627000,-321000,306000
2014/07/04,0,488000,-562000,-74000
2014/07/07,0,440000,-215000,225000
2014/07/08,0,715000,-57000,658000
2014/07/09,0,1424000,-360000,1064000
2014/07/10,0,574000,-871000,-297000
2014/07/11,0,461000,-1152000,-691000
2014/07/14,0,248000,-463000,-215000
2014/07/15,0,445000,-415000,30000
2014/07/16,0,224000,-501000,-277000
2014/07/17,0,264000,-748000,-484000
2014/07/18,0,333000,-317000,16000
2014/07/21,0,123000,-276000,-153000
2014/07/22,0,1527000,-967000,560000
2014/07/23,0,0,0,0
2014/07/24,0,4997000,-493000,4504000
2014/07/25,0,635000,-1415000,-780000
2014/07/28,0,819000,-1410000,-591000
2014/07/29,0,765000,-979000,-214000
2014/07/30,0,734000,-1317000,-583000
2014/07/31,0,244000,-1139000,-895000
2014/08/01,0,869000,-805000,64000
2014/08/04,0,3525000,-1076000,2449000
2014/08/05,0,161000,-1711000,-1550000
2014/08/06,0,481000,-1084000,-603000
2014/08/07,0,1844000,-763000,1081000
2014/08/08,0,65000,-1355000,-1290000
2014/08/11,0,5153000,-207000,4946000
2014/08/12,0,2489000,-99000,2390000
2014/08/13,0,436000,-7158000,-6722000
2014/08/14,0,2202000,-1471000,731000
2014/08/15,0,854000,-1799000,-945000
2014/08/18,0,757000,-566000,191000
2014/08/19,0,1272000,-593000,679000
2014/08/20,0,230000,-541000,-311000
2014/08/21,0,307000,-970000,-663000
2014/08/22,0,725000,-93000,632000
2014/08/25,0,961000,-828000,133000
2014/08/26,0,60000,-695000,-635000
2014/08/27,0,1299000,-769000,530000
2014/08/28,0,846000,-1776000,-930000
2014/08/29,0,2613000,-599000,2014000
2014/09/01,0,710000,-1567000,-857000
2014/09/02,0,1665000,-580000,1085000
2014/09/03,0,990000,-1207000,-217000
2014/09/04,0,1683000,-1102000,581000
2014/09/05,0,658000,-2664000,-2006000
2014/09/09,0,1773000,-1037000,736000
2014/09/10,0,1243000,-365000,878000
2014/09/11,0,322000,-391000,-69000
2014/09/12,0,827000,-545000,282000
2014/09/15,0,528000,-650000,-122000
2014/09/16,0,408000,-849000,-441000
2014/09/17,0,1802000,-1758000,44000
2014/09/18,0,1341000,-563000,778000
2014/09/19,0,556000,-1000000,-444000
2014/09/22,0,1060000,-1225000,-165000
2014/09/23,0,1093000,-916667,176333
2014/09/24,0,403000,-972000,-569000
2014/09/25,0,301000,-808000,-507000
2014/09/26,0,864000,-646000,218000
2014/09/29,0,506000,-1174000,-668000
2014/09/30,0,1036000,-1518000,-482000
2014/10/01,0,1185000,-996000,189000
2014/10/02,0,2007000,-371000,1636000
2014/10/03,0,2573000,-2336000,237000
2014/10/06,0,1149000,-957000,192000
2014/10/07,0,686000,-1292000,-606000
2014/10/08,0,707000,-1049000,-342000
2014/10/09,0,1689000,-747000,942000
2014/10/13,0,435000,-4486000,-4051000
2014/10/14,0,323000,-427000,-104000
2014/10/15,0,452000,-894000,-442000
2014/10/16,0,1077000,-1018000,59000
2014/10/17,0,943000,-643000,300000
2014/10/20,0,779000,-478000,301000
2014/10/21,0,1528000,-2009000,-481000
2014/10/22,0,985000,-587000,398000
2014/10/23,0,212000,-1139025,-927025
2014/10/24,0,738000,-417000,321000
2014/10/27,0,291000,-191000,100000
2014/10/28,0,541000,-1376000,-835000
2014/10/29,0,514000,-48000,466000
2014/10/30,0,1944000,-156000,1788000
2014/10/31,0,1958000,-1368000,590000
2014/11/03,0,288000,-1329000,-1041000
2014/11/04,0,339000,-1041000,-702000
2014/11/05,0,747000,-661000,86000
2014/11/06,0,797000,-1195422,-398422
2014/11/07,0,1209000,-595000,614000
2014/11/10,0,805000,-1534000,-729000
2014/11/11,0,3873000,-905000,2968000
2014/11/12,0,145000,-1143000,-998000
2014/11/13,0,220000,-987000,-767000
2014/11/14,0,115000,-612000,-497000
2014/11/17,0,247000,-1178000,-931000
2014/11/18,0,899000,-473000,426000
2014/11/19,0,2071000,-932000,1139000
2014/11/20,0,441000,-1328000,-887000
2014/11/21,0,1164000,-244000,920000
2014/11/24,0,471000,-883000,-412000
2014/11/25,0,322000,-422000,-100000
2014/11/26,0,319000,-433000,-114000
2014/11/27,0,599000,-456000,143000
2014/11/28,0,495000,-1040000,-545000
2014/12/01,0,154000,-804000,-650000
2014/12/02,0,596000,-737000,-141000
2014/12/03,0,407000,-423525,-16525
2014/12/04,0,1262000,-583000,679000
2014/12/05,0,1024000,-1179000,-155000
2014/12/08,0,4174000,-1878000,2296000
2014/12/09,0,183000,-2718000,-2535000
2014/12/10,0,958000,-1954000,-996000
2014/12/11,0,947000,-423000,524000
2014/12/12,0,437000,-1657000,-1220000
2014/12/15,0,614000,-177000,437000
2014/12/16,0,236000,-575000,-339000
2014/12/17,0,1089000,-645000,444000
2014/12/18,0,3489000,-1274000,2215000
2014/12/19,0,287000,-3515000,-3228000
2014/12/22,0,1456000,-555000,901000
2014/12/23,0,149000,-1477000,-1328000
2014/12/24,0,426000,-174000,252000
2014/12/25,0,1070000,-155000,915000
2014/12/26,0,302000,-227000,75000
2014/12/29,0,1432000,-156000,1276000
2014/12/30,0,268000,-1332000,-1064000
2014/12/31,0,399000,-646000,-247000
2015/01/01,0,0,0,0
2015/01/02,0,0,0,0
2015/01/05,0,185000,-436000,-251000
2015/01/06,0,401000,-192000,209000
2015/01/07,0,548000,-119000,429000
2015/01/08,0,1014991,-72000,942991
2015/01/09,0,350000,-906000,-556000
2015/01/12,0,516000,-243000,273000
2015/01/13,0,444000,-647000,-203000
2015/01/14,0,100000,-545000,-445000
2015/01/15,0,55000,-611000,-556000
2015/01/16,0,1091000,-496008,594992
2015/01/19,0,639000,-561000,78000
2015/01/20,0,425000,-606000,-181000
2015/01/21,0,4283000,-777000,3506000
2015/01/22,0,343000,-3980000,-3637000
2015/01/23,0,1433000,-457000,976000
2015/01/26,0,176000,-1244000,-1068000
2015/01/27,0,683000,-450000,233000
2015/01/28,0,582000,-60000,522000
2015/01/29,0,507000,-989000,-482000
2015/01/30,0,2622009,-653000,1969009
2015/02/02,0,4736000,-1499000,3237000
2015/02/03,0,71000,-4279000,-4208000
2015/02/04,0,558000,-972000,-414000
2015/02/05,0,186000,-679008,-493008
2015/02/06,0,276000,-917000,-641000
2015/02/09,0,214000,-1640000,-1426000
2015/02/10,0,1743000,-575000,1168000
2015/02/11,0,719000,-1593000,-874000
2015/02/12,0,1020000,-893000,127000
2015/02/13,0,1177000,-1383000,-206000
2015/02/16,0,0,0,0
2015/02/17,0,0,0,0
2015/02/18,0,0,0,0
2015/02/19,0,0,0,0
2015/02/20,0,0,0,0
2015/02/23,0,0,0,0
2015/02/24,0,1572000,-292000,1280000
2015/02/25,0,4429000,-755000,3674000
2015/02/26,0,1193000,-1047661,145339
2015/02/27,0,0,0,0
2015/03/02,0,1164000,-3167000,-2003000
2015/03/03,0,1059000,-684000,375000
2015/03/04,0,2145000,-1140000,1005000
2015/03/05,0,632000,-852000,-220000
2015/03/06,0,396000,-1141000,-745000
2015/03/09,0,1485000,-1141690,343310
2015/03/10,0,4908000,-1732000,3176000
2015/03/11,0,6460000,-3681000,2779000
2015/03/12,0,1037000,-2397301,-1360301
2015/03/13,0,2858000,-803000,2055000
2015/03/16,0,429000,-2077000,-1648000
2015/03/17,0,920000,-1656016,-736016
2015/03/18,0,1458000,-1013000,445000
2015/03/19,0,3393000,-3488000,-95000
2015/03/20,0,239000,-4006000,-3767000
2015/03/23,0,362000,-696000,-334000
2015/03/24,0,237000,-1120000,-883000
2015/03/25,0,591000,-968000,-377000
2015/03/26,0,1267000,-1262000,5000
2015/03/27,0,3012000,-1191000,1821000
2015/03/30,0,2437000,-1540000,897000
2015/03/31,0,1237000,-1202000,35000
2015/04/01,0,502000,-988000,-486000
2015/04/02,0,4254000,-2115000,2139000
2015/04/03,0,0,0,0
2015/04/06,0,0,0,0
2015/04/07,0,1003000,-1600000,-597000
2015/04/08,0,285000,-1553000,-1268000
2015/04/09,0,1931000,-2313000,-382000
2015/04/10,0,629000,-2238000,-1609000
2015/04/13,0,1000000,-1490000,-490000
2015/04/14,0,161000,-385000,-224000
2015/04/15,0,1264000,-1026000,238000
2015/04/16,0,1464000,-1025000,439000
2015/04/17,0,1025000,-1294000,-269000
2015/04/20,0,629000,-838000,-209000
2015/04/21,0,4311000,-996000,3315000
2015/04/22,0,3729000,-4334000,-605000
2015/04/23,0,2766000,-1056000,1710000
2015/04/24,0,4311000,-4013000,298000
2015/04/27,0,3301000,-745000,2556000
2015/04/28,0,584000,-2154673,-1570673
2015/04/29,0,861000,-648000,213000
2015/04/30,0,2565000,-4017000,-1452000
2015/05/01,0,0,0,0
2015/05/04,0,1242000,-1053000,189000
2015/05/05,0,414000,-606000,-192000
2015/05/06,0,463000,-1057000,-594000
2015/05/07,0,1930000,-1346000,584000
2015/05/08,0,428000,-2954000,-2526000
2015/05/11,0,1461000,-1147000,314000
2015/05/12,0,275000,-495000,-220000
2015/05/13,0,398000,-105000,293000
2015/05/14,0,79000,-425000,-346000
2015/05/15,0,539000,-784000,-245000
2015/05/18,0,167000,-1465000,-1298000
2015/05/19,0,1231000,-165000,1066000
2015/05/20,0,854000,-1125000,-271000
2015/05/21,0,839000,-801000,38000
2015/05/22,0,503000,-459000,44000
2015/05/25,0,129000,-752000,-623000
2015/05/26,0,110000,-861000,-751000
2015/05/27,0,1373000,-1007000,366000
2015/05/28,0,5527000,-1202000,4325000
2015/05/29,0,1283000,-1563000,-280000
2015/06/01,0,333000,-1758000,-1425000
2015/06/02,0,249000,-1791000,-1542000
2015/06/03,0,546000,-1110000,-564000
2015/06/04,0,959000,-2012000,-1053000
2015/06/05,0,625000,-1289000,-664000
2015/06/08,0,268000,-844000,-576000
2015/06/09,0,284000,-771000,-487000
2015/06/10,0,4825000,-1556000,3269000
2015/06/11,0,890000,-2336000,-1446000
2015/06/12,0,2356000,-174000,2182000
2015/06/15,0,228000,-1671000,-1443000
2015/06/16,0,98000,-1963000,-1865000
2015/06/17,0,1580000,-325000,1255000
2015/06/18,0,832000,-3082000,-2250000
2015/06/19,0,0,0,0
2015/06/22,0,3217000,-708000,2509000
2015/06/23,0,861000,-3433000,-2572000
2015/06/24,0,468000,-697000,-229000
2015/06/25,0,781000,-158000,623000
2015/06/26,0,1981000,-954000,1027000
2015/06/29,0,430000,-3497000,-3067000
2015/06/30,0,1514000,-447000,1067000
2015/07/01,0,1406000,-807000,599000
2015/07/02,0,1139000,-485000,654000
2015/07/03,0,542000,-966000,-424000
2015/07/06,0,103000,-356000,-253000
2015/07/07,0,333000,-281000,52000
2015/07/08,0,595000,-1943000,-1348000
2015/07/09,0,929000,-753000,176000
2015/07/10,0,0,0,0
2015/07/13,0,872000,-1483000,-611000
2015/07/14,0,803000,-503000,300000
2015/07/15,0,211000,-1415000,-1204000
2015/07/16,0,1442000,-313000,1129000
2015/07/17,0,785000,-2435000,-1650000
2015/07/20,0,302000,-1409000,-1107000
2015/07/21,0,1694000,-631000,1063000
2015/07/22,0,1358000,-928000,430000
2015/07/23,0,3206000,-2046000,1160000
2015/07/24,0,2209000,-1732000,477000
2015/07/27,0,976000,-1979000,-1003000
2015/07/28,0,1451000,-1472000,-21000
2015/07/29,0,572000,-881000,-309000
2015/07/30,0,1066000,-828000,238000
2015/07/31,0,499000,-1506000,-1007000
2015/08/03,0,653000,-1126000,-473000
2015/08/04,0,1941000,-1264000,677000
2015/08/05,0,5459000,-683000,4776000
2015/08/06,0,1449000,-1181000,268000
2015/08/07,0,2672000,-447000,2225000
2015/08/10,0,770000,-4737000,-3967000
2015/08/11,0,474000,-2330000,-1856000
2015/08/12,0,1558000,-1028000,530000
2015/08/13,0,1990000,-928000,1062000
2015/08/14,0,131000,-2089000,-1958000
2015/08/17,0,559000,-1170000,-611000
2015/08/18,0,238000,-371000,-133000
2015/08/19,0,670000,-1322000,-652000
2015/08/20,0,860000,-856000,4000
2015/08/21,0,443000,-1071000,-628000
2015/08/24,0,3445000,-1904000,1541000
2015/08/25,0,661000,-373000,288000
2015/08/26,0,1355000,-693000,662000
2015/08/27,0,560000,-575000,-15000
2015/08/28,0,786000,-1105000,-319000
2015/08/31,0,939000,-1470000,-531000
2015/09/01,0,794000,-863098,-69098
2015/09/02,0,480000,-817000,-337000
2015/09/03,0,318000,-654000,-336000
2015/09/04,0,138000,-591000,-453000
2015/09/07,0,439000,-50000,389000
2015/09/08,0,364000,-270000,94000
2015/09/09,0,1487000,-526000,961000
2015/09/10,0,1795000,-1140000,655000
2015/09/11,0,476000,-1746000,-1270000
2015/09/14,0,410000,-439000,-29000
2015/09/15,0,746000,-305000,441000
2015/09/16,0,759000,-367000,392000
2015/09/17,0,1394000,-513000,881000
2015/09/18,0,221000,-1196000,-975000
2015/09/21,0,312000,-964000,-652000
2015/09/22,0,224000,-282000,-58000
2015/09/23,0,401000,-337000,64000
2015/09/24,0,490000,-395000,95000
2015/09/25,0,548000,-264000,284000
2015/09/28,0,0,0,0
2015/09/29,0,0,0,0
2015/09/30,0,541000,-376000,165000
2015/10/01,0,672000,-233000,439000
2015/10/02,0,520000,-719000,-199000
2015/10/05,0,370000,-463000,-93000
2015/10/06,0,963000,-337000,626000
2015/10/07,0,1097000,-335000,762000
2015/10/08,0,392000,-455000,-63000
2015/10/09,0,0,0,0
2015/10/12,0,316000,-578000,-262000
2015/10/13,0,294000,-681000,-387000
2015/10/14,0,721000,-209000,512000
2015/10/15,0,6143000,-1280000,4863000
2015/10/16,0,448000,-5961000,-5513000
2015/10/19,0,260000,-557000,-297000
2015/10/20,0,856000,-248000,608000
2015/10/21,0,650000,-210000,440000
2015/10/22,0,466000,-221000,245000
2015/10/23,0,355000,-516000,-161000
2015/10/26,0,587000,-312000,275000
2015/10/27,0,260000,-368000,-108000
2015/10/28,0,186000,-299000,-113000
2015/10/29,0,957000,-516000,441000
2015/10/30,0,3320000,-703000,2617000
2015/11/02,0,299000,-1734000,-1435000
2015/11/03,0,198000,-1240000,-1042000
2015/11/04,0,1238000,-326000,912000
2015/11/05,0,353000,-659000,-306000
2015/11/06,0,140000,-666000,-526000
2015/11/09,0,298000,-471000,-173000
2015/11/10,0,169000,-182000,-13000
2015/11/11,0,374000,-960000,-586000
2015/11/12,0,711000,-235000,476000
2015/11/13,0,376000,-357000,19000
2015/11/16,0,599000,-169000,430000
2015/11/17,0,584000,-214000,370000
2015/11/18,0,896000,-175000,721000
2015/11/19,0,94000,-918000,-824000
2015/11/20,0,404000,-224000,180000
2015/11/23,0,1051000,-165000,886000
2015/11/24,0,491000,-181000,310000
2015/11/25,0,181000,-342000,-161000
2015/11/26,0,678000,-202000,476000
2015/11/27,0,437000,-348000,89000
2015/11/30,0,396000,-348000,48000
2015/12/01,0,915000,-1498000,-583000
2015/12/02,0,180000,-1255000,-1075000
2015/12/03,0,21000,-371000,-350000
2015/12/04,0,129000,-190000,-61000
2015/12/07,0,169000,-279000,-110000
2015/12/08,0,573000,-210000,363000
2015/12/09,0,202000,-133000,69000
2015/12/10,0,433000,-230000,203000
2015/12/11,0,191000,-87000,104000
2015/12/14,0,1243000,-210000,1033000
2015/12/15,0,2049000,-672000,1377000
2015/12/16,0,1242000,-2104000,-862000
2015/12/17,0,180000,-1648000,-1468000
2015/12/18,0,82000,-358000,-276000
2015/12/21,0,2087000,-696000,1391000
2015/12/22,0,79000,-648000,-569000
2015/12/23,0,1392000,-1204000,188000
2015/12/24,0,748000,-1339000,-591000
2015/12/25,0,396000,-506000,-110000
2015/12/28,0,603000,-340000,263000
2015/12/29,0,210000,-230000,-20000
2015/12/30,0,225000,-85000,140000
2015/12/31,0,266000,-480000,-214000
2016/01/01,0,0,0,0
2016/01/04,0,371000,-256000,115000
2016/01/05,0,329000,-606508,-277508
2016/01/06,0,281000,-411000,-130000
2016/01/07,0,837000,-539000,298000
2016/01/08,0,624000,-355000,269000
2016/01/11,0,736000,-490000,246000
2016/01/12,0,58000,-1240000,-1182000
2016/01/13,0,501000,-152000,349000
2016/01/14,0,135000,-203000,-68000
2016/01/15,0,336000,-427000,-91000
2016/01/18,0,502000,-184000,318000
2016/01/19,0,980000,-258000,722000
2016/01/20,0,475000,-2096000,-1621000
2016/01/21,0,1023000,-870000,153000
2016/01/22,0,1194000,-92000,1102000
2016/01/25,0,1002000,-200000,802000
2016/01/26,0,1937000,-282000,1655000
2016/01/27,0,1029000,-526000,503000
2016/01/28,0,2814000,-177000,2637000
2016/01/29,0,2497000,-257000,2240000
2016/02/01,0,491000,-181000,310000
2016/02/02,0,547000,-197000,350000
2016/02/03,0,750000,-94000,656000
2016/02/04,0,0,0,0
2016/02/05,0,0,0,0
2016/02/08,0,0,0,0
2016/02/09,0,0,0,0
2016/02/10,0,0,0,0
2016/02/11,0,0,0,0
2016/02/12,0,0,0,0
2016/02/15,0,369000,-64000,305000
2016/02/16,0,672000,-40000,632000
2016/02/17,0,4347000,-469000,3878000
2016/02/18,0,335000,-2155000,-1820000
2016/02/19,0,246000,-394000,-148000
2016/02/22,0,145000,-154000,-9000
2016/02/23,0,112000,-892000,-780000
2016/02/24,0,30000,-653000,-623000
2016/02/25,0,179000,-524000,-345000
2016/02/26,0,720000,-233000,487000
2016/02/29,0,0,0,0
2016/03/01,0,346000,-45000,301000
2016/03/02,0,958000,-155000,803000
2016/03/03,0,593000,-732000,-139000
2016/03/04,0,23000,-513000,-490000
2016/03/07,0,26000,-121000,-95000
2016/03/08,0,31000,-309000,-278000
2016/03/09,0,69000,-427000,-358000
2016/03/10,0,183000,-513000,-330000
2016/03/11,0,879000,-303000,576000
2016/03/14,0,48000,-345000,-297000
2016/03/15,0,62000,-929000,-867000
2016/03/16,0,814000,-712767,101233
2016/03/17,0,227000,-182000,45000
2016/03/18,0,85000,-183000,-98000
2016/03/21,0,6000,-35000,-29000
2016/03/22,0,29000,-162000,-133000
2016/03/23,0,76000,-245000,-169000
2016/03/24,0,83000,-25000,58000
2016/03/25,0,65000,-20000,45000
2016/03/28,0,72000,0,72000
2016/03/29,0,395000,-47000,348000
2016/03/30,0,342000,-56000,286000
2016/03/31,0,1530000,-41000,1489000
2016/04/01,0,37000,-512000,-475000
2016/04/04,0,0,0,0
2016/04/05,0,0,0,0
2016/04/06,0,176000,-93000,83000
2016/04/07,0,155000,-314000,-159000
2016/04/08,0,203000,-33000,170000
2016/04/11,0,347000,-540000,-193000
2016/04/12,0,36000,-287000,-251000
2016/04/13,0,45000,-70000,-25000
2016/04/14,0,192000,-40000,152000
2016/04/15,0,204000,-127000,77000
2016/04/18,0,47000,-573000,-526000
2016/04/19,0,472000,-37000,435000
2016/04/20,0,76000,-1295000,-1219000
2016/04/21,0,228000,-125000,103000
2016/04/22,0,471000,-1197000,-726000
2016/04/25,0,1752000,-1661000,91000
2016/04/26,0,451000,-116000,335000
2016/04/27,0,367000,-232000,135000
2016/04/28,0,317000,-528000,-211000
2016/04/29,0,938000,-1254000,-316000
2016/05/02,0,0,0,0
2016/05/03,0,487000,-862000,-375000
2016/05/04,0,1036000,-633000,403000
2016/05/05,0,1658000,-676000,982000
2016/05/06,0,765000,-149000,616000
2016/05/09,0,87000,-365000,-278000
2016/05/10,0,532000,-715000,-183000
2016/05/11,0,384000,-131000,253000
2016/05/12,0,633000,-695000,-62000
2016/05/13,0,396000,-223000,173000
2016/05/16,0,2892000,-1095000,1797000
2016/05/17,0,943000,-903000,40000
2016/05/18,0,328000,-807000,-479000
2016/05/19,0,348000,-601000,-253000
2016/05/20,0,871000,-852000,19000
2016/05/23,0,4299000,-1638000,2661000
2016/05/24,0,3503000,-3000000,503000
2016/05/25,0,696000,-2300000,-1604000
2016/05/26,0,0,0,0
2016/05/27,0,2037000,0,2037000
2016/05/30,0,5484000,-12591000,-7107000
2016/05/31,0,71000,-2597000,-2526000
2016/06/01,0,1035000,-40000,995000
2016/06/02,0,1638000,-1020000,618000
2016/06/03,0,847000,-129000,718000
2016/06/06,0,88000,-203000,-115000
2016/06/07,0,608000,-662000,-54000
2016/06/08,0,101000,-623000,-522000
2016/06/09,0,0,0,0
2016/06/10,0,0,0,0
2016/06/13,0,159000,-1848000,-1689000
2016/06/14,0,588000,-897000,-309000
2016/06/15,0,291000,-138000,153000
2016/06/16,0,57000,-864000,-807000
2016/06/17,0,650000,-232000,418000
2016/06/20,0,612000,-211000,401000
2016/06/21,0,662000,-541000,121000
2016/06/22,0,303000,-437000,-134000
2016/06/23,0,6000,-372000,-366000
2016/06/24,0,38000,-972000,-934000
2016/06/27,0,287000,-140000,147000
2016/06/28,0,629000,-119000,510000
2016/06/29,0,580000,-269000,311000
2016/06/30,0,2116000,-256000,1860000
2016/07/01,0,157000,-1202000,-1045000
2016/07/04,0,16000,-332000,-316000
2016/07/05,0,18000,-768000,-750000
2016/07/06,0,147000,-548000,-401000
2016/07/07,0,117000,-79000,38000
2016/07/08,0,0,0,0
2016/07/11,0,93000,-62000,31000
2016/07/12,0,11000,-428000,-417000
2016/07/13,0,108000,-183000,-75000
2016/07/14,0,82000,-237000,-155000
2016/07/15,0,15000,-35000,-20000
2016/07/18,0,77000,0,77000
2016/07/19,0,134000,-111000,23000
2016/07/20,0,404000,-336000,68000
2016/07/21,0,1751000,-453000,1298000
2016/07/22,0,221000,-1094000,-873000
2016/07/25,0,199000,-800000,-601000
2016/07/26,0,219000,-142000,77000
2016/07/27,0,207000,-192000,15000
2016/07/28,0,222000,-289000,-67000
2016/07/29,0,198000,-437000,-239000
2016/08/01,0,1421000,-405000,1016000
2016/08/02,0,1986000,-1456000,530000
2016/08/03,0,902000,-887000,15000
2016/08/04,0,860000,-662000,198000
2016/08/05,0,1132000,-126000,1006000
2016/08/08,0,143000,-597000,-454000
2016/08/09,0,369000,-335000,34000
2016/08/10,0,422000,-185000,237000
2016/08/11,0,1981000,-380000,1601000
2016/08/12,0,3885000,-576000,3309000
2016/08/15,0,79000,-3152000,-3073000
2016/08/16,0,29000,-1722000,-1693000
2016/08/17,0,5000,-2452000,-2447000
2016/08/18,0,616000,-276000,340000
2016/08/19,0,0,-1065000,-1065000
2016/08/22,0,34000,-1388000,-1354000
2016/08/23,0,1493000,-110000,1383000
2016/08/24,0,76000,-1194000,-1118000
2016/08/25,0,1089000,-559000,530000
2016/08/26,0,93000,-686000,-593000
2016/08/29,0,1008000,-664000,344000
2016/08/30,0,32000,-337000,-305000
2016/08/31,0,47000,-915000,-868000
2016/09/01,0,145000,-561000,-416000
2016/09/02,0,159000,-180000,-21000
2016/09/05,0,609000,-379000,230000
2016/09/06,0,169000,-181000,-12000
2016/09/07,0,474000,-158000,316000
2016/09/08,0,264000,-472000,-208000
2016/09/09,0,135000,-517000,-382000
2016/09/12,0,723000,-255000,468000
2016/09/13,0,612000,-662000,-50000
2016/09/14,0,164000,-272000,-108000
2016/09/15,0,0,0,0
2016/09/16,0,0,0,0
2016/09/19,0,741000,-123000,618000
2016/09/20,0,127000,-290000,-163000
2016/09/21,0,68000,-629000,-561000
2016/09/22,0,23000,-92000,-69000
2016/09/23,0,33000,-753000,-720000
2016/09/26,0,30000,-326000,-296000
2016/09/27,0,0,0,0
2016/09/28,0,0,0,0
2016/09/29,0,113000,-111000,2000
2016/09/30,0,4000,-104000,-100000
2016/10/03,0,453000,-82000,371000
2016/10/04,0,11000,-65000,-54000
2016/10/05,0,33000,-431000,-398000
2016/10/06,0,402000,-33000,369000
2016/10/07,0,31000,-285000,-254000
2016/10/10,0,0,0,0
2016/10/11,0,543000,-276000,267000
2016/10/12,0,168000,-162000,6000
2016/10/13,0,555000,-154000,401000
2016/10/14,0,59000,-106000,-47000
2016/10/17,0,45000,-32000,13000
2016/10/18,0,323000,-137000,186000
2016/10/19,0,143000,-291000,-148000
2016/10/20,0,96000,-372000,-276000
2016/10/21,0,373000,-525000,-152000
2016/10/24,0,64000,-15000,49000
2016/10/25,0,29000,-97000,-68000
2016/10/26,0,71000,-17000,54000
2016/10/27,0,66000,-178000,-112000
2016/10/28,0,440000,-630000,-190000
2016/10/31,0,265000,-47000,218000
2016/11/01,0,15000,-6000,9000
2016/11/02,0,286000,-156000,130000
2016/11/03,0,91000,-15000,76000
2016/11/04,0,120000,-31000,89000
2016/11/07,0,415000,-13000,402000
2016/11/08,0,3000,-55000,-52000
2016/11/09,0,141000,-430000,-289000
2016/11/10,0,259000,-92000,167000
2016/11/11,0,363000,-278000,85000
2016/11/14,0,195000,-144000,51000
2016/11/15,0,119000,-25000,94000
2016/11/16,0,214000,-168000,46000
2016/11/17,0,81000,-494000,-413000
2016/11/18,0,79000,-70000,9000
2016/11/21,0,305000,-8000,297000
2016/11/22,0,371000,-94000,277000
2016/11/23,0,28000,-485000,-457000
2016/11/24,0,3000,-60000,-57000
2016/11/25,0,8000,-18000,-10000
2016/11/28,0,75000,-25176,49824
2016/11/29,0,10000,0,10000
2016/11/30,0,4000,-7000,-3000
2016/12/01,0,19000,-36000,-17000
2016/12/02,0,4000,-83000,-79000
2016/12/05,0,22000,-116000,-94000
2016/12/06,0,98000,-24000,74000
2016/12/07,0,102000,-15000,87000
2016/12/08,0,353000,-23000,330000
2016/12/09,0,890000,-1000,889000
2016/12/12,0,418000,-47000,371000
2016/12/13,0,729000,-90000,639000
2016/12/14,0,54000,-53000,1000
2016/12/15,0,57000,-69000,-12000
2016/12/16,0,421000,-78000,343000
2016/12/19,0,273000,-49000,224000
2016/12/20,0,637000,-93000,544000
2016/12/21,0,854000,-60000,794000
2016/12/22,0,358000,0,358000
2016/12/23,0,766000,-208000,558000
2016/12/26,0,0,-80000,-80000
2016/12/27,0,0,-24000,-24000
2016/12/28,0,92000,-344000,-252000
2016/12/29,0,140000,-15000,125000
2016/12/30,0,3000,-43000,-40000
2017/01/02,0,0,0,0
2017/01/03,0,81000,-73000,8000
2017/01/04,0,223000,-46000,177000
2017/01/05,0,523000,-197000,326000
2017/01/06,0,783000,-959000,-176000
2017/01/09,0,0,-1366000,-1366000
2017/01/10,0,250000,-212000,38000
2017/01/11,0,305000,-187000,118000
2017/01/12,0,131000,-259000,-128000
2017/01/13,0,50000,-327000,-277000
2017/01/16,0,0,-104000,-104000
2017/01/17,0,0,-112241,-112241
2017/01/18,0,16000,-261000,-245000
2017/01/19,0,92000,-197000,-105000
2017/01/20,0,98000,-1120000,-1022000
2017/01/23,0,139000,-59000,80000
2017/01/24,0,61000,-50000,11000
2017/01/25,0,0,0,0
2017/01/26,0,0,0,0
2017/01/27,0,0,0,0
2017/01/30,0,0,0,0
2017/01/31,0,0,0,0
2017/02/01,0,0,0,0
2017/02/02,0,2933000,-72000,2861000
2017/02/03,0,1194000,-1065000,129000
2017/02/06,0,24000,-754000,-730000
2017/02/07,0,30000,-28000,2000
2017/02/08,0,398000,-346135,51865
2017/02/09,0,79000,-249000,-170000
2017/02/10,0,164000,-251000,-87000
2017/02/13,0,20000,-45000,-25000
2017/02/14,0,0,-173000,-173000
2017/02/15,0,904000,-1060000,-156000
2017/02/16,0,31000,-1220000,-1189000
2017/02/17,0,0,-576000,-576000
2017/02/20,0,33000,-21000,12000
2017/02/21,0,112000,-1116000,-1004000
2017/02/22,0,255000,-229000,26000
2017/02/23,0,64000,-236000,-172000
2017/02/24,0,11000,-1000,10000
2017/02/27,0,0,0,0
2017/02/28,0,0,0,0
2017/03/01,0,50000,-260000,-210000
2017/03/02,0,50000,-38000,12000
2017/03/03,0,93000,-179000,-86000
2017/03/06,0,61000,-157000,-96000
2017/03/07,0,622000,-87000,535000
2017/03/08,0,14000,-149000,-135000
2017/03/09,0,2000,-207000,-205000
2017/03/10,0,114000,-31000,83000
2017/03/13,0,522000,-170000,352000
2017/03/14,0,107000,-465000,-358000
2017/03/15,0,183000,-417000,-234000
2017/03/16,0,1696000,-342327,1353673
2017/03/17,0,292000,-377000,-85000
2017/03/20,0,5000,-471000,-466000
2017/03/21,0,72497,-862000,-789503
2017/03/22,0,183000,-31000,152000
2017/03/23,0,201000,-164000,37000
2017/03/24,0,522000,-321000,201000
2017/03/27,0,15000,-138000,-123000
2017/03/28,0,121000,-137000,-16000
2017/03/29,0,261000,-398000,-137000
2017/03/30,0,17000,-1174000,-1157000
2017/03/31,0,1172000,-426861,745139
2017/04/03,0,0,0,0
2017/04/04,0,0,0,0
2017/04/05,0,240000,-621498,-381498
2017/04/06,0,86000,-234000,-148000
2017/04/07,0,16000,-23685,-7685
2017/04/10,0,69000,-143000,-74000
2017/04/11,0,63000,-97000,-34000
2017/04/12,0,0,-79000,-79000
2017/04/13,0,180000,-144000,36000
2017/04/14,0,2000,-282000,-280000
2017/04/17,0,17000,-61000,-44000
2017/04/18,0,98000,-125000,-27000
2017/04/19,0,53000,-398000,-345000
2017/04/20,0,41000,-88000,-47000
2017/04/21,0,52000,-194000,-142000
2017/04/24,0,27000,-59000,-32000
2017/04/25,0,81000,-182140,-101140
2017/04/26,0,16000,-539510,-523510
2017/04/27,0,50000,-512000,-462000
2017/04/28,0,2124000,-939000,1185000
2017/05/01,0,0,0,0
2017/05/02,0,51000,-29000,22000
2017/05/03,0,15000,-85000,-70000
2017/05/04,0,128000,-47000,81000
2017/05/05,0,44000,-126123,-82123
2017/05/08,0,135000,-30000,105000
2017/05/09,0,170000,-1575014,-1405014
2017/05/10,0,364000,-265000,99000
2017/05/11,0,300000,-117000,183000
2017/05/12,0,205000,-239000,-34000
2017/05/15,0,243000,-302000,-59000
2017/05/16,0,196000,-280000,-84000
2017/05/17,0,1444000,-333000,1111000
2017/05/18,0,142000,-526000,-384000
2017/05/19,0,125000,-431000,-306000
2017/05/22,0,190000,-152000,38000
2017/05/23,0,480000,-559000,-79000
2017/05/24,0,281000,-343000,-62000
2017/05/25,0,359000,-136000,223000
2017/05/26,0,286000,-541000,-255000
2017/05/29,0,0,0,0
2017/05/30,0,0,0,0
2017/05/31,0,354000,-225000,129000
2017/06/01,0,230000,-157000,73000
2017/06/02,0,154000,-131000,23000
2017/06/05,0,3294000,-486000,2808000
2017/06/06,0,130000,-792692,-662692
2017/06/07,0,471000,-2348000,-1877000
2017/06/08,0,55000,-429000,-374000
2017/06/09,0,107000,-280000,-173000
2017/06/12,0,1059000,-230000,829000
2017/06/13,0,390000,-479000,-89000
2017/06/14,0,281000,-431000,-150000
2017/06/15,0,165000,-53000,112000
2017/06/16,0,204000,-44000,160000
2017/06/19,0,108000,-102000,6000
2017/06/20,0,30000,-155000,-125000
2017/06/21,0,472000,-53000,419000
2017/06/22,0,212000,-190000,22000
2017/06/23,0,646000,-457000,189000
2017/06/26,0,483000,-243000,240000
2017/06/27,0,693000,-381000,312000
2017/06/28,0,438000,-136499,301501
2017/06/29,0,988000,-507000,481000
2017/06/30,0,52000,-390000,-338000
2017/07/03,0,383000,-558000,-175000
2017/07/04,0,193000,-560000,-367000
2017/07/05,0,698000,-136000,562000
2017/07/06,0,184000,-130000,54000
2017/07/07,0,43000,-395000,-352000
2017/07/10,0,177000,-24000,153000
2017/07/11,0,603000,-184000,419000
2017/07/12,0,157000,-275000,-118000
2017/07/13,0,278000,-362000,-84000
2017/07/14,0,289000,-333000,-44000
2017/07/17,0,116000,-342000,-226000
2017/07/18,0,241000,0,241000
2017/07/19,0,279000,-482000,-203000
2017/07/20,0,1016000,-181000,835000
2017/07/21,0,51000,-141000,-90000
2017/07/24,0,305000,-79000,226000
2017/07/25,0,75000,-256000,-181000
2017/07/26,0,226000,-380000,-154000
2017/07/27,0,1973000,-181000,1792000
2017/07/28,0,1330000,-702000,628000
2017/07/31,0,807000,-420000,387000
2017/08/01,0,793000,-280000,513000
2017/08/02,0,421000,-168000,253000
2017/08/03,0,358000,-36000,322000
2017/08/04,0,356000,-126000,230000
2017/08/07,0,978000,-238000,740000
2017/08/08,0,4937000,-60000,4877000
2017/08/09,0,23000,-3144000,-3121000
2017/08/10,0,74000,-1334000,-1260000
2017/08/11,0,35000,-263000,-228000
2017/08/14,0,359000,-755000,-396000
2017/08/15,0,196000,-152000,44000
2017/08/16,0,90000,-815000,-725000
2017/08/17,0,168000,-19000,149000
2017/08/18,0,69000,-82000,-13000
