Date,Open,Buy,Sell,Total
2007/01/02,0,5602000,-1312000,4290000
2007/01/03,0,8201000,-3080000,5121000
2007/01/04,0,11981000,-23106062,-11125062
2007/01/05,0,6637000,-11560240,-4923240
2007/01/08,0,24437000,-17104624,7332376
2007/01/09,0,24101000,-14455000,9646000
2007/01/10,0,25348000,-24883397,464603
2007/01/11,0,25168000,-13846355,11321645
2007/01/12,0,21883000,-25185300,-3302300
2007/01/15,0,21894000,-13289998,8604002
2007/01/16,0,17910000,-8987000,8923000
2007/01/17,0,10825000,-7868000,2957000
2007/01/18,0,8287000,-3649000,4638000
2007/01/19,0,27497000,-24431000,3066000
2007/01/22,0,8134000,-7422834,711166
2007/01/23,0,9471000,-6742000,2729000
2007/01/24,0,8867000,-4309000,4558000
2007/01/25,0,12439000,-7272000,5167000
2007/01/26,0,13796000,-11899000,1897000
2007/01/29,0,18562000,-11497000,7065000
2007/01/30,0,9132000,-7240712,1891288
2007/01/31,0,18924000,-14347300,4576700
2007/02/01,0,7455000,-2589589,4865411
2007/02/02,0,4819000,-3785000,1034000
2007/02/05,0,9751000,-5803027,3947973
2007/02/06,0,18978001,-26219000,-7240999
2007/02/07,0,24599000,-16788000,7811000
2007/02/08,0,11566000,-17157982,-5591982
2007/02/09,0,13780000,-12420063,1359937
2007/02/12,0,23303000,-25663753,-2360753
2007/02/13,0,5753000,-8309210,-2556210
2007/02/14,0,16292000,-20308568,-4016568
2007/02/15,0,0,0,0
2007/02/16,0,0,0,0
2007/02/19,0,0,0,0
2007/02/20,0,0,0,0
2007/02/21,0,0,0,0
2007/02/22,0,0,0,0
2007/02/23,0,0,0,0
2007/02/26,0,24256000,-32394000,-8138000
2007/02/27,0,26513000,-30459137,-3946137
2007/02/28,0,0,0,0
2007/03/01,0,20105000,-21877000,-1772000
2007/03/02,0,36734000,-29636000,7098000
2007/03/05,0,48077000,-42689088,5387912
2007/03/06,0,13256000,-20348000,-7092000
2007/03/07,0,13510000,-11730831,1779169
2007/03/08,0,10232072,-11844000,-1611928
2007/03/09,0,7767000,-4812000,2955000
2007/03/12,0,6783000,-5468000,1315000
2007/03/13,0,10410000,-4394000,6016000
2007/03/14,0,7507000,-9558000,-2051000
2007/03/15,0,1395000,-7497000,-6102000
2007/03/16,0,5485000,-33527221,-28042221
2007/03/19,0,1929000,-3286833,-1357833
2007/03/20,0,20332000,-27340836,-7008836
2007/03/21,0,2270300,-6266000,-3995700
2007/03/22,0,9440000,-12320000,-2880000
2007/03/23,0,4112000,-3948269,163731
2007/03/26,0,11398000,-15694500,-4296500
2007/03/27,0,18185000,-18672765,-487765
2007/03/28,0,22364000,-18943487,3420513
2007/03/29,0,17608000,-17394000,214000
2007/03/30,0,21327000,-22641000,-1314000
2007/04/02,0,15588000,-18285000,-2697000
2007/04/03,0,16661500,-14141000,2520500
2007/04/04,0,24997000,-16546900,8450100
2007/04/05,0,0,0,0
2007/04/06,0,0,0,0
2007/04/09,0,9477000,-3885000,5592000
2007/04/10,0,5521000,-5120000,401000
2007/04/11,0,8719000,-5703395,3015605
2007/04/12,0,12974000,-10377000,2597000
2007/04/13,0,12551000,-16687000,-4136000
2007/04/16,0,17137000,-11482000,5655000
2007/04/17,0,7876000,-4013174,3862826
2007/04/18,0,104049300,-171824500,-67775200
2007/04/19,0,24789000,-29163600,-4374600
2007/04/20,0,17895000,-14916000,2979000
2007/04/23,0,31100000,-18914557,12185443
2007/04/24,0,25550000,-18101000,7449000
2007/04/25,0,11088000,-10893000,195000
2007/04/26,0,32739000,-39187000,-6448000
2007/04/27,0,24801000,-33651000,-8850000
2007/04/30,0,19506000,-16963333,2542667
2007/05/01,0,0,0,0
2007/05/02,0,5093000,-1494000,3599000
2007/05/03,0,16447000,-12021509,4425491
2007/05/04,0,5068000,-3829000,1239000
2007/05/07,0,27674000,-46049000,-18375000
2007/05/08,0,15666000,-12452000,3214000
2007/05/09,0,11227000,-7422000,3805000
2007/05/10,0,29569000,-19191500,10377500
2007/05/11,0,23485000,-10560712,12924288
2007/05/14,0,13294000,-8660000,4634000
2007/05/15,0,8795000,-9684000,-889000
2007/05/16,0,14589000,-10871000,3718000
2007/05/17,0,13278000,-7995000,5283000
2007/05/18,0,6868000,-8910000,-2042000
2007/05/21,0,18950000,-20263303,-1313303
2007/05/22,0,17846000,-13678520,4167480
2007/05/23,0,19501000,-10096000,9405000
2007/05/24,0,7655000,-4983499,2671501
2007/05/25,0,8955000,-3328000,5627000
2007/05/28,0,7088000,-5555000,1533000
2007/05/29,0,5447000,-5223000,224000
2007/05/30,0,14575000,-15163000,-588000
2007/05/31,0,7157000,-6098096,1058904
2007/06/01,0,13599000,-6569000,7030000
2007/06/04,0,19094000,-8078000,11016000
2007/06/05,0,15972000,-20138000,-4166000
2007/06/06,0,27246600,-25089000,2157600
2007/06/07,0,11059000,-12525000,-1466000
2007/06/08,0,27056000,-26152000,904000
2007/06/11,0,30013000,-24454529,5558471
2007/06/12,0,29441000,-16984000,12457000
2007/06/13,0,7437000,-5033000,2404000
2007/06/14,0,20184000,-10870176,9313824
2007/06/15,0,33243000,-23003203,10239797
2007/06/18,0,0,0,0
2007/06/19,0,0,0,0
2007/06/20,0,37956000,-22023000,15933000
2007/06/21,0,48637000,-31719909,16917091
2007/06/22,0,30520000,-27882000,2638000
2007/06/25,0,34705000,-23668000,11037000
2007/06/26,0,34704162,-24307000,10397162
2007/06/27,0,27093000,-19425000,7668000
2007/06/28,0,29764000,-27902000,1862000
2007/06/29,0,22074000,-20733333,1340667
2007/07/02,0,9628000,-6823000,2805000
2007/07/03,0,15597000,-13720220,1876780
2007/07/04,0,14636000,-8994400,5641600
2007/07/05,0,41106000,-35324000,5782000
2007/07/06,0,20543000,-14657000,5886000
2007/07/09,0,15396000,-8336000,7060000
2007/07/10,0,27065000,-25314891,1750109
2007/07/11,0,14297800,-6281800,8016000
2007/07/12,0,12503000,-3535952,8967048
2007/07/13,0,12994000,-822000,12172000
2007/07/16,0,12509000,-6259457,6249543
2007/07/17,0,13236200,-8659000,4577200
2007/07/18,0,27554000,-24040000,3514000
2007/07/19,0,18415000,-10445600,7969400
2007/07/20,0,9752100,-7730000,2022100
2007/07/23,0,7773000,-11796000,-4023000
2007/07/24,0,16558100,-17529200,-971100
2007/07/25,0,20401000,-28839400,-8438400
2007/07/26,0,12298000,-11078990,1219010
2007/07/27,0,12231000,-27319504,-15088504
2007/07/30,0,14052000,-28528500,-14476500
2007/07/31,0,16714000,-16233000,481000
2007/08/01,0,8505000,-13355700,-4850700
2007/08/02,0,5775000,-8200000,-2425000
2007/08/03,0,22145500,-17599000,4546500
2007/08/06,0,18040000,-18517100,-477100
2007/08/07,0,7939000,-14542509,-6603509
2007/08/08,0,5953000,-12946529,-6993529
2007/08/09,0,5881000,-12945000,-7064000
2007/08/10,0,10245000,-27554900,-17309900
2007/08/13,0,7706000,-11536500,-3830500
2007/08/14,0,19663000,-23389000,-3726000
2007/08/15,0,9451000,-12625000,-3174000
2007/08/16,0,12059000,-30811000,-18752000
2007/08/17,0,23568000,-29027000,-5459000
2007/08/20,0,8067000,-12172412,-4105412
2007/08/21,0,21120000,-26199000,-5079000
2007/08/22,0,6365000,-13927273,-7562273
2007/08/23,0,16542000,-18503982,-1961982
2007/08/24,0,14492345,-16710000,-2217655
2007/08/27,0,7419000,-8370000,-951000
2007/08/28,0,12970000,-22982075,-10012075
2007/08/29,0,15852386,-18790000,-2937614
2007/08/30,0,5999000,-4691000,1308000
2007/08/31,0,13362000,-16964215,-3602215
2007/09/03,0,7048000,-5794000,1254000
2007/09/04,0,15987000,-16878000,-891000
2007/09/05,0,24357000,-17534000,6823000
2007/09/06,0,12768000,-7738000,5030000
2007/09/07,0,11004000,-15001000,-3997000
2007/09/10,0,9485000,-7754000,1731000
2007/09/11,0,6593000,-9446000,-2853000
2007/09/12,0,8934000,-13864000,-4930000
2007/09/13,0,9221000,-13943001,-4722001
2007/09/14,0,11119000,-20981000,-9862000
2007/09/17,0,11165000,-21284000,-10119000
2007/09/18,0,0,0,0
2007/09/19,0,28298135,-43691440,-15393305
2007/09/20,0,41718000,-53197000,-11479000
2007/09/21,0,53196000,-41910298,11285702
2007/09/24,0,0,0,0
2007/09/25,0,0,0,0
2007/09/26,0,40769000,-44816332,-4047332
2007/09/27,0,39611000,-22945540,16665460
2007/09/28,0,21537000,-18436011,3100989
2007/10/01,0,6369000,-18039958,-11670958
2007/10/02,0,17797000,-18053000,-256000
2007/10/03,0,32892000,-31889841,1002159
2007/10/04,0,11033000,-13433005,-2400005
2007/10/05,0,10859000,-19032079,-8173079
2007/10/08,0,9115000,-10757000,-1642000
2007/10/09,0,15483261,-16115882,-632621
2007/10/10,0,0,0,0
2007/10/11,0,11828451,-41751026,-29922575
2007/10/12,0,11232691,-26003005,-14770314
2007/10/15,0,8465000,-8632339,-167339
2007/10/16,0,8054191,-6451000,1603191
2007/10/17,0,12759000,-7285801,5473199
2007/10/18,0,34914500,-17337515,17576985
2007/10/19,0,34463261,-22410142,12053119
2007/10/22,0,27129000,-23406648,3722352
2007/10/23,0,15166000,-18968347,-3802347
2007/10/24,0,33052000,-25010696,8041304
2007/10/25,0,10145778,-7992472,2153306
2007/10/26,0,11313000,-12835170,-1522170
2007/10/29,0,14659000,-6601000,8058000
2007/10/30,0,38797000,-19559699,19237301
2007/10/31,0,28150000,-21298162,6851838
2007/11/01,0,13014000,-6047637,6966363
2007/11/02,0,28131000,-22035403,6095597
2007/11/05,0,12208440,-17537857,-5329417
2007/11/06,0,11840489,-11674885,165604
2007/11/07,0,14666000,-10956054,3709946
2007/11/08,0,13698000,-12058684,1639316
2007/11/09,0,13290000,-14949291,-1659291
2007/11/12,0,17894000,-29684294,-11790294
2007/11/13,0,17277000,-14129190,3147810
2007/11/14,0,23800000,-23878027,-78027
2007/11/15,0,12697000,-11763415,933585
2007/11/16,0,9443000,-13541502,-4098502
2007/11/19,0,12733000,-12995452,-262452
2007/11/20,0,14572000,-14427864,144136
2007/11/21,0,19010000,-25341513,-6331513
2007/11/22,0,9988000,-8737936,1250064
2007/11/23,0,3876000,-7201000,-3325000
2007/11/26,0,5973000,-5978024,-5024
2007/11/27,0,5611000,-6320000,-709000
2007/11/28,0,7188000,-15130695,-7942695
2007/11/29,0,8327000,-10517420,-2190420
2007/11/30,0,17408013,-20904908,-3496895
2007/12/03,0,4869564,-10981433,-6111869
2007/12/04,0,2891000,-7076618,-4185618
2007/12/05,0,4110337,-18326000,-14215663
2007/12/06,0,12414000,-10608257,1805743
2007/12/07,0,4136451,-4288139,-151688
2007/12/10,0,4624000,-5996810,-1372810
2007/12/11,0,5743000,-6655815,-912815
2007/12/12,0,10627000,-15592635,-4965635
2007/12/13,0,23115000,-19983900,3131100
2007/12/14,0,10949000,-11458316,-509316
2007/12/17,0,10444000,-8916883,1527117
2007/12/18,0,8580000,-15056941,-6476941
2007/12/19,0,7189000,-12273308,-5084308
2007/12/20,0,2793000,-2927000,-134000
2007/12/21,0,6102000,-6930210,-828210
2007/12/24,0,5395000,-2607000,2788000
2007/12/25,0,1310000,-232000,1078000
2007/12/26,0,1941000,-194000,1747000
2007/12/27,0,5420000,-9223069,-3803069
2007/12/28,0,8222000,-3939653,4282347
2007/12/31,0,2202000,-2759424,-557424
2008/01/01,0,0,0,0
2008/01/02,0,4271956,-5626258,-1354302
2008/01/03,0,2980000,-6183000,-3203000
2008/01/04,0,6602000,-10530388,-3928388
2008/01/07,0,14355000,-28984143,-14629143
2008/01/08,0,8060000,-9507354,-1447354
2008/01/09,0,9354000,-27681275,-18327275
2008/01/10,0,6662000,-15103740,-8441740
2008/01/11,0,1883594,-10805554,-8921960
2008/01/14,0,14173000,-18211015,-4038015
2008/01/15,0,14540124,-15542028,-1001904
2008/01/16,0,13116232,-20384952,-7268720
2008/01/17,0,7647000,-13196004,-5549004
2008/01/18,0,15377176,-15636000,-258824
2008/01/21,0,2859000,-7479772,-4620772
2008/01/22,0,16307000,-11814000,4493000
2008/01/23,0,25263000,-26536972,-1273972
2008/01/24,0,20696400,-11911917,8784483
2008/01/25,0,8661000,-11117000,-2456000
2008/01/28,0,15825000,-10229000,5596000
2008/01/29,0,6539000,-9060591,-2521591
2008/01/30,0,24990618,-24815000,175618
2008/01/31,0,33385000,-27145359,6239641
2008/02/01,0,11230000,-26825218,-15595218
2008/02/04,0,0,0,0
2008/02/05,0,0,0,0
2008/02/06,0,0,0,0
2008/02/07,0,0,0,0
2008/02/08,0,0,0,0
2008/02/11,0,0,0,0
2008/02/12,0,11788000,-14003612,-2215612
2008/02/13,0,6946000,-6839000,107000
2008/02/14,0,14109000,-14216033,-107033
2008/02/15,0,2711000,-4423000,-1712000
2008/02/18,0,1714000,-7303924,-5589924
2008/02/19,0,4328000,-1750000,2578000
2008/02/20,0,7308000,-5528035,1779965
2008/02/21,0,9127126,-15875590,-6748464
2008/02/22,0,6078000,-5953000,125000
2008/02/25,0,3881000,-5279640,-1398640
2008/02/26,0,9721000,-23689477,-13968477
2008/02/27,0,13605000,-19000968,-5395968
2008/02/28,0,0,0,0
2008/02/29,0,6206969,-12135040,-5928071
2008/03/03,0,4360000,-6788642,-2428642
2008/03/04,0,6342000,-3135000,3207000
2008/03/05,0,3930000,-2353200,1576800
2008/03/06,0,9260000,-5631000,3629000
2008/03/07,0,14509000,-14039000,470000
2008/03/10,0,13010181,-17139889,-4129708
2008/03/11,0,9220000,-13411936,-4191936
2008/03/12,0,4342000,-7150308,-2808308
2008/03/13,0,9866000,-18548000,-8682000
2008/03/14,0,5928000,-8818000,-2890000
2008/03/17,0,2177000,-17743871,-15566871
2008/03/18,0,1501000,-3720000,-2219000
2008/03/19,0,8379000,-10326391,-1947391
2008/03/20,0,7617000,-3050601,4566399
2008/03/21,0,11438000,-9945000,1493000
2008/03/24,0,27174000,-8590000,18584000
2008/03/25,0,21386000,-7573916,13812084
2008/03/26,0,28356000,-11530767,16825233
2008/03/27,0,4256203,-5382586,-1126383
2008/03/28,0,10182203,-6999678,3182525
2008/03/31,0,9529197,-7855729,1673468
2008/04/01,0,9780688,-10700460,-919772
2008/04/02,0,28356000,-18855360,9500640
2008/04/03,0,14010000,-8728655,5281345
2008/04/04,0,0,0,0
2008/04/07,0,14318000,-11224000,3094000
2008/04/08,0,18373000,-27378122,-9005122
2008/04/09,0,13455000,-5891029,7563971
2008/04/10,0,24455000,-18636298,5818702
2008/04/11,0,22520000,-9010212,13509788
2008/04/14,0,10895000,-8570000,2325000
2008/04/15,0,11881000,-12253000,-372000
2008/04/16,0,11103000,-7296397,3806603
2008/04/17,0,26237000,-13887249,12349751
2008/04/18,0,19839000,-14237884,5601116
2008/04/21,0,11753000,-9469884,2283116
2008/04/22,0,16555400,-42880000,-26324600
2008/04/23,0,7356000,-20396751,-13040751
2008/04/24,0,12174000,-8188987,3985013
2008/04/25,0,8290000,-10675311,-2385311
2008/04/28,0,9866000,-4288000,5578000
2008/04/29,0,9199000,-14426000,-5227000
2008/04/30,0,8620000,-5550140,3069860
2008/05/01,0,0,0,0
2008/05/02,0,14805000,-4744101,10060899
2008/05/05,0,12170000,-9612500,2557500
2008/05/06,0,8528500,-3657017,4871483
2008/05/07,0,17253486,-6015000,11238486
2008/05/08,0,5055000,-8212321,-3157321
2008/05/09,0,6596000,-8299000,-1703000
2008/05/12,0,2250000,-1796579,453421
2008/05/13,0,9460000,-3868000,5592000
2008/05/14,0,4374245,-9027050,-4652805
2008/05/15,0,9703000,-4815195,4887805
2008/05/16,0,7688000,-5570000,2118000
2008/05/19,0,4788000,-1722000,3066000
2008/05/20,0,12924000,-7703000,5221000
2008/05/21,0,10905000,-15306174,-4401174
2008/05/22,0,6870000,-5313717,1556283
2008/05/23,0,4522000,-5950253,-1428253
2008/05/26,0,8605000,-13667000,-5062000
2008/05/27,0,2366000,-8485884,-6119884
2008/05/28,0,3574000,-11429000,-7855000
2008/05/29,0,10468000,-10466000,2000
2008/05/30,0,32663857,-30017245,2646612
2008/06/02,0,3241000,-5733000,-2492000
2008/06/03,0,5445000,-13244587,-7799587
2008/06/04,0,11090000,-14255664,-3165664
2008/06/05,0,10988000,-10190000,798000
2008/06/06,0,2543000,-5663621,-3120621
2008/06/09,0,3136000,-5855001,-2719001
2008/06/10,0,4173000,-7180000,-3007000
2008/06/11,0,6491000,-10271075,-3780075
2008/06/12,0,14734000,-18294583,-3560583
2008/06/13,0,7210000,-10127430,-2917430
2008/06/16,0,4780000,-3205000,1575000
2008/06/17,0,3024014,-6794074,-3770060
2008/06/18,0,2914000,-11129465,-8215465
2008/06/19,0,3351007,-10404000,-7052993
2008/06/20,0,9852428,-20927021,-11074593
2008/06/23,0,13112000,-21980753,-8868753
2008/06/24,0,11364000,-19707000,-8343000
2008/06/25,0,8953000,-14284045,-5331045
2008/06/26,0,7524000,-10756000,-3232000
2008/06/27,0,13131000,-19206000,-6075000
2008/06/30,0,9973000,-14900000,-4927000
2008/07/01,0,12795000,-14186000,-1391000
2008/07/02,0,6468000,-18741000,-12273000
2008/07/03,0,15674500,-23611000,-7936500
2008/07/04,0,15136000,-14000000,1136000
2008/07/07,0,9895000,-12154135,-2259135
2008/07/08,0,5027000,-16534000,-11507000
2008/07/09,0,9828000,-11551784,-1723784
2008/07/10,0,14757689,-14285689,472000
2008/07/11,0,1809000,-5569000,-3760000
2008/07/14,0,2456000,-6535852,-4079852
2008/07/15,0,7590000,-11425000,-3835000
2008/07/16,0,2479000,-6183704,-3704704
2008/07/17,0,12681000,-25647064,-12966064
2008/07/18,0,5847000,-11560855,-5713855
2008/07/21,0,9562000,-12061000,-2499000
2008/07/22,0,9345410,-18513250,-9167840
2008/07/23,0,13851000,-19662819,-5811819
2008/07/24,0,12065000,-10340491,1724509
2008/07/25,0,1266000,-5589000,-4323000
2008/07/28,0,0,0,0
2008/07/29,0,8628000,-9087000,-459000
2008/07/30,0,5188000,-7420000,-2232000
2008/07/31,0,4949000,-5027764,-78764
2008/08/01,0,5551000,-6049206,-498206
2008/08/04,0,6206000,-9838000,-3632000
2008/08/05,0,17107171,-21728000,-4620829
2008/08/06,0,17116000,-18382966,-1266966
2008/08/07,0,11877000,-20576863,-8699863
2008/08/08,0,12333000,-26319759,-13986759
2008/08/11,0,2233000,-10653545,-8420545
2008/08/12,0,9563000,-14666000,-5103000
2008/08/13,0,4469164,-12337000,-7867836
2008/08/14,0,3100000,-12589000,-9489000
2008/08/15,0,3838000,-8642000,-4804000
2008/08/18,0,12492000,-8153557,4338443
2008/08/19,0,7523000,-8704000,-1181000
2008/08/20,0,7299557,-7456000,-156443
2008/08/21,0,1604697,-7633401,-6028704
2008/08/22,0,8156000,-5636000,2520000
2008/08/25,0,8293000,-5558112,2734888
2008/08/26,0,9271000,-14725000,-5454000
2008/08/27,0,5012000,-11901000,-6889000
2008/08/28,0,5814000,-16263733,-10449733
2008/08/29,0,4014000,-13139475,-9125475
2008/09/01,0,35742000,-26137000,9605000
2008/09/02,0,26856000,-22770000,4086000
2008/09/03,0,10869000,-9872627,996373
2008/09/04,0,22630000,-19029694,3600306
2008/09/05,0,19934375,-21144000,-1209625
2008/09/08,0,11309000,-8249000,3060000
2008/09/09,0,19287592,-11517000,7770592
2008/09/10,0,17813687,-15966000,1847687
2008/09/11,0,12720987,-22502000,-9781013
2008/09/12,0,10717334,-16362439,-5645105
2008/09/15,0,5673000,-18012861,-12339861
2008/09/16,0,12293063,-8056964,4236099
2008/09/17,0,14659990,-8081000,6578990
2008/09/18,0,18737000,-14384995,4352005
2008/09/19,0,8548000,-3371000,5177000
2008/09/22,0,17891000,-7347314,10543686
2008/09/23,0,6076720,-16889564,-10812844
2008/09/24,0,6091841,-10212068,-4120227
2008/09/25,0,4717667,-7270543,-2552876
2008/09/26,0,7761694,-6103233,1658461
2008/09/29,0,0,0,0
2008/09/30,0,14730000,-17771025,-3041025
2008/10/01,0,10164475,-10631297,-466822
2008/10/02,0,7530500,-10173807,-2643307
2008/10/03,0,13066110,-18731745,-5665635
2008/10/06,0,11644000,-22768379,-11124379
2008/10/07,0,3996000,-9306345,-5310345
2008/10/08,0,21442000,-24239993,-2797993
2008/10/09,0,9145233,-10688029,-1542796
2008/10/10,0,0,0,0
2008/10/13,0,5937000,-7463995,-1526995
2008/10/14,0,2665000,-9563224,-6898224
2008/10/15,0,9598787,-11844788,-2246001
2008/10/16,0,3895000,-4390727,-495727
2008/10/17,0,8307000,-24930070,-16623070
2008/10/20,0,4522000,-3933801,588199
2008/10/21,0,8630000,-11581555,-2951555
2008/10/22,0,6507001,-11097613,-4590612
2008/10/23,0,1248617,-937000,311617
2008/10/24,0,2282000,-1774331,507669
2008/10/27,0,11889000,-8550857,3338143
2008/10/28,0,12746801,-14861675,-2114874
2008/10/29,0,15435605,-6878803,8556802
2008/10/30,0,8665000,-2777000,5888000
2008/10/31,0,4573000,-11119447,-6546447
2008/11/03,0,11564000,-30852170,-19288170
2008/11/04,0,8710144,-17461218,-8751074
2008/11/05,0,16084000,-12098486,3985514
2008/11/06,0,17304000,-20577671,-3273671
2008/11/07,0,14845000,-20446096,-5601096
2008/11/10,0,16186000,-35789239,-19603239
2008/11/11,0,13125000,-19430141,-6305141
2008/11/12,0,12149000,-13988943,-1839943
2008/11/13,0,13190000,-12793012,396988
2008/11/14,0,9462000,-12121894,-2659894
2008/11/17,0,8535000,-6656651,1878349
2008/11/18,0,10107000,-23874738,-13767738
2008/11/19,0,9651000,-12629533,-2978533
2008/11/20,0,5795000,-9450844,-3655844
2008/11/21,0,4422000,-7585648,-3163648
2008/11/24,0,5609000,-16435000,-10826000
2008/11/25,0,8342000,-8418235,-76235
2008/11/26,0,10943000,-6650932,4292068
2008/11/27,0,9843000,-7926417,1916583
2008/11/28,0,7205000,-16493273,-9288273
2008/12/01,0,10967000,-21058000,-10091000
2008/12/02,0,6403000,-11007000,-4604000
2008/12/03,0,2658000,-53796770,-51138770
2008/12/04,0,8166000,-53781611,-45615611
2008/12/05,0,3727000,-21293048,-17566048
2008/12/08,0,10378000,-9300286,1077714
2008/12/09,0,11365000,-5395000,5970000
2008/12/10,0,15823000,-18809397,-2986397
2008/12/11,0,21400000,-12508020,8891980
2008/12/12,0,13873000,-10492695,3380305
2008/12/15,0,12387039,-16363721,-3976682
2008/12/16,0,2807000,-1418339,1388661
2008/12/17,0,33730000,-9174564,24555436
2008/12/18,0,18803000,-4089769,14713231
2008/12/19,0,16985000,-9991000,6994000
2008/12/22,0,9870000,-16239000,-6369000
2008/12/23,0,8201000,-5162000,3039000
2008/12/24,0,1560498,-4474000,-2913502
2008/12/25,0,1250000,-1812000,-562000
2008/12/26,0,934000,-1507000,-573000
2008/12/29,0,450000,-1121000,-671000
2008/12/30,0,3976000,-1360000,2616000
2008/12/31,0,6262000,-2818121,3443879
2009/01/01,0,0,0,0
2009/01/02,0,0,0,0
2009/01/05,0,2122000,-2031201,90799
2009/01/06,0,11976000,-1997768,9978232
2009/01/07,0,27976000,-13417892,14558108
2009/01/08,0,16346000,-26718000,-10372000
2009/01/09,0,16365000,-20889000,-4524000
2009/01/12,0,8509598,-7654000,855598
2009/01/13,0,5902609,-8168613,-2266004
2009/01/14,0,12606000,-5398339,7207661
2009/01/15,0,1413000,-18463502,-17050502
2009/01/16,0,1290000,-8138000,-6848000
2009/01/19,0,818000,-5892030,-5074030
2009/01/20,0,2986000,-11313000,-8327000
2009/01/21,0,3292700,-9533434,-6240734
2009/01/22,0,0,0,0
2009/01/23,0,0,0,0
2009/01/26,0,0,0,0
2009/01/27,0,0,0,0
2009/01/28,0,0,0,0
2009/01/29,0,0,0,0
2009/01/30,0,0,0,0
2009/02/02,0,10703000,-19368824,-8665824
2009/02/03,0,4233000,-6061450,-1828450
2009/02/04,0,1363000,-10210766,-8847766
2009/02/05,0,11998000,-20429000,-8431000
2009/02/06,0,25722000,-35474547,-9752547
2009/02/09,0,6480000,-4278680,2201320
2009/02/10,0,2389000,-8464062,-6075062
2009/02/11,0,10734667,-15604667,-4870000
2009/02/12,0,12607000,-14930094,-2323094
2009/02/13,0,9047000,-4431141,4615859
2009/02/16,0,5468000,-9625000,-4157000
2009/02/17,0,3502000,-5394679,-1892679
2009/02/18,0,4822000,-11916000,-7094000
2009/02/19,0,11708000,-3355870,8352130
2009/02/20,0,1499481,-8387177,-6887696
2009/02/23,0,6275000,-1714000,4561000
2009/02/24,0,2745000,-16279910,-13534910
2009/02/25,0,6163050,-17173811,-11010761
2009/02/26,0,7308000,-12665990,-5357990
2009/02/27,0,8175000,-23973521,-15798521
2009/03/02,0,9791316,-15618000,-5826684
2009/03/03,0,5326000,-8242057,-2916057
2009/03/04,0,16172000,-15494000,678000
2009/03/05,0,64273000,-35461000,28812000
2009/03/06,0,58750000,-34226000,24524000
2009/03/09,0,29961000,-28060023,1900977
2009/03/10,0,25073000,-13653644,11419356
2009/03/11,0,7209809,-8368341,-1158532
2009/03/12,0,21925000,-20584144,1340856
2009/03/13,0,35862000,-13981827,21880173
2009/03/16,0,8122900,-2521000,5601900
2009/03/17,0,22114000,-4415243,17698757
2009/03/18,0,9899000,-3342679,6556321
2009/03/19,0,5629000,-2967000,2662000
2009/03/20,0,15548000,-8014000,7534000
2009/03/23,0,8048000,-6173000,1875000
2009/03/24,0,19566932,-4125000,15441932
2009/03/25,0,17217000,-14754270,2462730
2009/03/26,0,15568000,-3420000,12148000
2009/03/27,0,9409000,-8663886,745114
2009/03/30,0,12644000,-21208349,-8564349
2009/03/31,0,10563627,-17695276,-7131649
2009/04/01,0,12360000,-19855000,-7495000
2009/04/02,0,7771000,-16723000,-8952000
2009/04/03,0,12819000,-8786668,4032332
2009/04/06,0,4288000,-12920000,-8632000
2009/04/07,0,4502000,-15526000,-11024000
2009/04/08,0,8372000,-26193000,-17821000
2009/04/09,0,16597000,-27686656,-11089656
2009/04/10,0,14563000,-9905000,4658000
2009/04/13,0,6780000,-7577070,-797070
2009/04/14,0,9413000,-10437000,-1024000
2009/04/15,0,40413000,-23698970,16714030
2009/04/16,0,6670000,-17357846,-10687846
2009/04/17,0,29160000,-21930011,7229989
2009/04/20,0,15967000,-7278646,8688354
2009/04/21,0,11016000,-19307070,-8291070
2009/04/22,0,11984000,-7077286,4906714
2009/04/23,0,11466000,-5828000,5638000
2009/04/24,0,14667000,-7644355,7022645
2009/04/27,0,21579636,-26272641,-4693005
2009/04/28,0,20919000,-13485000,7434000
2009/04/29,0,9657000,-1084000,8573000
2009/04/30,0,50461000,-7657500,42803500
2009/05/01,0,0,0,0
2009/05/04,0,35800000,-2712577,33087423
2009/05/05,0,92884725,-19644296,73240429
2009/05/06,0,23522000,-13925721,9596279
2009/05/07,0,24625000,-15249000,9376000
2009/05/08,0,20922000,-29382526,-8460526
2009/05/11,0,11393462,-11969700,-576238
2009/05/12,0,18677336,-7382629,11294707
2009/05/13,0,4997000,-19082735,-14085735
2009/05/14,0,10288000,-34137736,-23849736
2009/05/15,0,8330000,-12603592,-4273592
2009/05/18,0,12920000,-9824000,3096000
2009/05/19,0,22375000,-8352555,14022445
2009/05/20,0,42783000,-25206997,17576003
2009/05/21,0,6563695,-7254000,-690305
2009/05/22,0,18750000,-23597000,-4847000
2009/05/25,0,7572000,-11079844,-3507844
2009/05/26,0,12394000,-8008000,4386000
2009/05/27,0,17912994,-30759430,-12846436
2009/05/28,0,0,0,0
2009/05/29,0,0,0,0
2009/06/01,0,6195000,-11764000,-5569000
2009/06/02,0,13946000,-12839000,1107000
2009/06/03,0,18173000,-6773000,11400000
2009/06/04,0,8068000,-9918000,-1850000
2009/06/05,0,3421488,-9401000,-5979512
2009/06/08,0,2376000,-26049400,-23673400
2009/06/09,0,16514000,-19541000,-3027000
2009/06/10,0,12027000,-6061503,5965497
2009/06/11,0,7628000,-22464184,-14836184
2009/06/12,0,7566000,-15291800,-7725800
2009/06/15,0,8037000,-6591000,1446000
2009/06/16,0,15595000,-13992433,1602567
2009/06/17,0,5961000,-11160000,-5199000
2009/06/18,0,12499000,-14582000,-2083000
2009/06/19,0,8986000,-15149000,-6163000
2009/06/22,0,12039000,-35335664,-23296664
2009/06/23,0,5077650,-19240000,-14162350
2009/06/24,0,11958000,-6858907,5099093
2009/06/25,0,11187000,-3982000,7205000
2009/06/26,0,6881000,-3487000,3394000
2009/06/29,0,12359000,-15654672,-3295672
2009/06/30,0,20031000,-9060439,10970561
2009/07/01,0,9783100,-7386300,2396800
2009/07/02,0,6702000,-3101000,3601000
2009/07/03,0,6819377,-5956300,863077
2009/07/06,0,11524000,-11507000,17000
2009/07/07,0,28585000,-11878260,16706740
2009/07/08,0,16786000,-16077507,708493
2009/07/09,0,16414000,-13870000,2544000
2009/07/10,0,25032000,-2100055,22931945
2009/07/13,0,18939000,-8321682,10617318
2009/07/14,0,4035000,-6433710,-2398710
2009/07/15,0,17994000,-7819000,10175000
2009/07/16,0,11798000,-3209000,8589000
2009/07/17,0,6400000,-966802,5433198
2009/07/20,0,9962000,-3568985,6393015
2009/07/21,0,10002000,-3126720,6875280
2009/07/22,0,8902000,-4663000,4239000
2009/07/23,0,10767920,-3625445,7142475
2009/07/24,0,10885000,-5592810,5292190
2009/07/27,0,12664000,-221459,12442541
2009/07/28,0,7923000,-3016000,4907000
2009/07/29,0,6919000,-2905939,4013061
2009/07/30,0,17403000,-17794000,-391000
2009/07/31,0,23434000,-13494000,9940000
2009/08/03,0,10519000,-8260000,2259000
2009/08/04,0,4537000,-9906057,-5369057
2009/08/05,0,22635000,-8420000,14215000
2009/08/06,0,22171000,-9564834,12606166
2009/08/07,0,0,0,0
2009/08/10,0,4767000,-6431278,-1664278
2009/08/11,0,19033000,-6490500,12542500
2009/08/12,0,5865000,-13483001,-7618001
2009/08/13,0,4699000,-5393000,-694000
2009/08/14,0,9939000,-18099000,-8160000
2009/08/17,0,1810000,-10771000,-8961000
2009/08/18,0,7649000,-3843000,3806000
2009/08/19,0,24210300,-12133986,12076314
2009/08/20,0,6613000,-4756139,1856861
2009/08/21,0,37535000,-13858600,23676400
2009/08/24,0,15003000,-24742843,-9739843
2009/08/25,0,4413000,-20173000,-15760000
2009/08/26,0,9336000,-19684457,-10348457
2009/08/27,0,2147000,-3336517,-1189517
2009/08/28,0,11513000,-5417000,6096000
2009/08/31,0,13583000,-16321177,-2738177
2009/09/01,0,3807802,-3726306,81496
2009/09/02,0,6022863,-5416000,606863
2009/09/03,0,23005000,-6600000,16405000
2009/09/04,0,8490000,-19181863,-10691863
2009/09/07,0,5295000,-2641000,2654000
2009/09/08,0,10483000,-3645000,6838000
2009/09/09,0,14607000,-6455000,8152000
2009/09/10,0,19036597,-2956518,16080079
2009/09/11,0,6038000,-4031000,2007000
2009/09/14,0,3423000,-6539000,-3116000
2009/09/15,0,6085170,-2067000,4018170
2009/09/16,0,10907000,-6726000,4181000
2009/09/17,0,13050000,-1958000,11092000
2009/09/18,0,3202000,-7097000,-3895000
2009/09/21,0,2860000,-15399000,-12539000
2009/09/22,0,1418000,-11953500,-10535500
2009/09/23,0,3430000,-2594000,836000
2009/09/24,0,1976000,-6432000,-4456000
2009/09/25,0,3564000,-18902760,-15338760
2009/09/28,0,2329000,-12515000,-10186000
2009/09/29,0,11427071,-13083000,-1655929
2009/09/30,0,23587000,-8488000,15099000
2009/10/01,0,14719000,-16086000,-1367000
2009/10/02,0,6820000,-15394947,-8574947
2009/10/05,0,3707374,-8430304,-4722930
2009/10/06,0,11417000,-2706000,8711000
2009/10/07,0,17267000,-14492860,2774140
2009/10/08,0,9299000,-4830287,4468713
2009/10/09,0,5274000,-4338000,936000
2009/10/12,0,11859000,-5449000,6410000
2009/10/13,0,3661120,-11564000,-7902880
2009/10/14,0,12637000,-2472000,10165000
2009/10/15,0,32851000,-3694000,29157000
2009/10/16,0,25925000,-11625500,14299500
2009/10/19,0,17893000,-3575489,14317511
2009/10/20,0,6766234,-6060690,705544
2009/10/21,0,6281000,-3968000,2313000
2009/10/22,0,1922000,-4414000,-2492000
2009/10/23,0,1740000,-6989000,-5249000
2009/10/26,0,3440000,-9223289,-5783289
2009/10/27,0,2384000,-4027000,-1643000
2009/10/28,0,3590000,-6251000,-2661000
2009/10/29,0,1536000,-13639000,-12103000
2009/10/30,0,2427000,-6627009,-4200009
2009/11/02,0,3283000,-9242336,-5959336
2009/11/03,0,1358000,-9304735,-7946735
2009/11/04,0,1986259,-7945824,-5959565
2009/11/05,0,850697,-3914000,-3063303
2009/11/06,0,2791000,-1361000,1430000
2009/11/09,0,3610000,-1191575,2418425
2009/11/10,0,3876000,-5034784,-1158784
2009/11/11,0,10608000,-4965000,5643000
2009/11/12,0,7742971,-3742000,4000971
2009/11/13,0,7796000,-6060269,1735731
2009/11/16,0,4699000,-1166000,3533000
2009/11/17,0,8167984,-3436463,4731521
2009/11/18,0,11955705,-12703120,-747415
2009/11/19,0,10191028,-6072000,4119028
2009/11/20,0,3785000,-35240000,-31455000
2009/11/23,0,5907500,-13365000,-7457500
2009/11/24,0,4604000,-7259449,-2655449
2009/11/25,0,5657005,-4154000,1503005
2009/11/26,0,4316000,-5324000,-1008000
2009/11/27,0,789000,-22528302,-21739302
2009/11/30,0,15099000,-52131868,-37032868
2009/12/01,0,18205000,-45499081,-27294081
2009/12/02,0,7595000,-15083000,-7488000
2009/12/03,0,4522000,-8254425,-3732425
2009/12/04,0,32460000,-15639690,16820310
2009/12/07,0,27049000,-3888000,23161000
2009/12/08,0,36487000,-39524000,-3037000
2009/12/09,0,15134000,-14293950,840050
2009/12/10,0,16171000,-15349580,821420
2009/12/11,0,15465000,-17531000,-2066000
2009/12/14,0,10051000,-12373183,-2322183
2009/12/15,0,18477000,-15101019,3375981
2009/12/16,0,16027100,-11631000,4396100
2009/12/17,0,35235330,-17759000,17476330
2009/12/18,0,28159000,-19603191,8555809
2009/12/21,0,13510000,-8516000,4994000
2009/12/22,0,21412000,-8645000,12767000
2009/12/23,0,22925000,-5695292,17229708
2009/12/24,0,6490500,-301000,6189500
2009/12/25,0,1447000,-1007000,440000
2009/12/28,0,5755000,-52000,5703000
2009/12/29,0,7193000,-4718563,2474437
2009/12/30,0,8971000,-7662919,1308081
2009/12/31,0,4229000,-1309000,2920000
2010/01/01,0,0,0,0
2010/01/04,0,7510600,-1239000,6271600
2010/01/05,0,20716000,-3534000,17182000
2010/01/06,0,8020000,-6411694,1608306
2010/01/07,0,32249000,-8415106,23833894
2010/01/08,0,20058353,-8902000,11156353
2010/01/11,0,9850000,-12865000,-3015000
2010/01/12,0,8348000,-5017676,3330324
2010/01/13,0,6474000,-9506244,-3032244
2010/01/14,0,16657000,-13713990,2943010
2010/01/15,0,3429000,-8993057,-5564057
2010/01/18,0,7181000,-10382238,-3201238
2010/01/19,0,13515000,-14571120,-1056120
2010/01/20,0,17019000,-27607000,-10588000
2010/01/21,0,6223000,-12812700,-6589700
2010/01/22,0,6986000,-33783000,-26797000
2010/01/25,0,3246130,-13525400,-10279270
2010/01/26,0,10840000,-22653471,-11813471
2010/01/27,0,9517000,-14375290,-4858290
2010/01/28,0,13184993,-20609453,-7424460
2010/01/29,0,4953000,-22942594,-17989594
2010/02/01,0,9994522,-27347720,-17353198
2010/02/02,0,35465000,-47971292,-12506292
2010/02/03,0,30963000,-9766845,21196155
2010/02/04,0,24036500,-14935000,9101500
2010/02/05,0,29901000,-25519380,4381620
2010/02/08,0,11073136,-14428641,-3355505
2010/02/09,0,18807820,-25326020,-6518200
2010/02/10,0,15710060,-10745438,4964622
2010/02/11,0,0,0,0
2010/02/12,0,0,0,0
2010/02/15,0,0,0,0
2010/02/16,0,0,0,0
2010/02/17,0,0,0,0
2010/02/18,0,0,0,0
2010/02/19,0,0,0,0
2010/02/22,0,13288900,-3671126,9617774
2010/02/23,0,8119000,-4685441,3433559
2010/02/24,0,9516000,-15240000,-5724000
2010/02/25,0,9271000,-13362780,-4091780
2010/02/26,0,11530518,-23713430,-12182912
2010/03/01,0,25807500,-8725500,17082000
2010/03/02,0,5763000,-6912000,-1149000
2010/03/03,0,8420000,-13350000,-4930000
2010/03/04,0,6113472,-10694552,-4581080
2010/03/05,0,7856000,-12992000,-5136000
2010/03/08,0,14529000,-9032770,5496230
2010/03/09,0,16167485,-9930616,6236869
2010/03/10,0,11983665,-3400100,8583565
2010/03/11,0,10431000,-8322142,2108858
2010/03/12,0,10907000,-3739000,7168000
2010/03/15,0,4326000,-2866746,1459254
2010/03/16,0,5198501,-1049100,4149401
2010/03/17,0,15266000,-5584000,9682000
2010/03/18,0,15472000,-2742400,12729600
2010/03/19,0,8376000,-6388000,1988000
2010/03/22,0,5083000,-6510153,-1427153
2010/03/23,0,10428000,-1846000,8582000
2010/03/24,0,15838000,-3556000,12282000
2010/03/25,0,22024560,-21367060,657500
2010/03/26,0,11559000,-9263942,2295058
2010/03/29,0,6285000,-4284000,2001000
2010/03/30,0,16251000,-4577200,11673800
2010/03/31,0,34242000,-7705089,26536911
2010/04/01,0,30178592,-10094254,20084338
2010/04/02,0,14111900,-3230674,10881226
2010/04/05,0,0,0,0
2010/04/06,0,16628000,-3352000,13276000
2010/04/07,0,16984930,-3911000,13073930
2010/04/08,0,14096000,-8081598,6014402
2010/04/09,0,26141000,-5028232,21112768
2010/04/12,0,17759070,-8028980,9730090
2010/04/13,0,54851000,-32001005,22849995
2010/04/14,0,15081000,-5192240,9888760
2010/04/15,0,17251900,-6644756,10607144
2010/04/16,0,16736320,-5630442,11105878
2010/04/19,0,21770200,-10040808,11729392
2010/04/20,0,10538000,-6464600,4073400
2010/04/21,0,14580000,-8632400,5947600
2010/04/22,0,18469400,-7654180,10815220
2010/04/23,0,16796000,-7270228,9525772
2010/04/26,0,19881000,-4824100,15056900
2010/04/27,0,5339008,-5727308,-388300
2010/04/28,0,6210000,-9098358,-2888358
2010/04/29,0,10954000,-12862368,-1908368
2010/04/30,0,13420510,-5841752,7578758
2010/05/03,0,10793649,-11048000,-254351
2010/05/04,0,11912473,-11760000,152473
2010/05/05,0,13809313,-44107510,-30298197
2010/05/06,0,11222010,-18797472,-7575462
2010/05/07,0,10324939,-15743800,-5418861
2010/05/10,0,7319360,-7918040,-598680
2010/05/11,0,14839000,-14673302,165698
2010/05/12,0,7498748,-8450306,-951558
2010/05/13,0,16143000,-12027000,4116000
2010/05/14,0,9385000,-12257000,-2872000
2010/05/17,0,3487000,-14905118,-11418118
2010/05/18,0,5607000,-16535500,-10928500
2010/05/19,0,8103002,-32299040,-24196038
2010/05/20,0,3729000,-31276000,-27547000
2010/05/21,0,5756000,-12199910,-6443910
2010/05/24,0,10834000,-3951693,6882307
2010/05/25,0,1190000,-12496285,-11306285
2010/05/26,0,6938270,-14064220,-7125950
2010/05/27,0,13126000,-31171201,-18045201
2010/05/28,0,10876000,-19524000,-8648000
2010/05/31,0,7475000,-8692000,-1217000
2010/06/01,0,6349500,-11268000,-4918500
2010/06/02,0,10667000,-12237464,-1570464
2010/06/03,0,9753000,-5340000,4413000
2010/06/04,0,6623000,-7523740,-900740
2010/06/07,0,3472219,-14138501,-10666282
2010/06/08,0,14112000,-23801000,-9689000
2010/06/09,0,12320000,-26741701,-14421701
2010/06/10,0,3094000,-6834000,-3740000
2010/06/11,0,8892540,-11476199,-2583659
2010/06/14,0,10465000,-6357365,4107635
2010/06/15,0,4355075,-6948629,-2593554
2010/06/16,0,0,0,0
2010/06/17,0,10399990,-1686689,8713301
2010/06/18,0,6225000,-7635000,-1410000
2010/06/21,0,12302000,-6378307,5923693
2010/06/22,0,1512300,-5028000,-3515700
2010/06/23,0,2278000,-976789,1301211
2010/06/24,0,7138445,-3196140,3942305
2010/06/25,0,3082479,-7077200,-3994721
2010/06/28,0,7985833,-6639620,1346213
2010/06/29,0,3681000,-13659300,-9978300
2010/06/30,0,6460000,-17953706,-11493706
2010/07/01,0,3854000,-31946701,-28092701
2010/07/02,0,9786000,-14816800,-5030800
2010/07/05,0,8246000,-14071000,-5825000
2010/07/06,0,8133000,-4767000,3366000
2010/07/07,0,8765976,-11421000,-2655024
2010/07/08,0,4846000,-9376785,-4530785
2010/07/09,0,2429762,-4067149,-1637387
2010/07/12,0,4536996,-4078578,458418
2010/07/13,0,2533000,-2474805,58195
2010/07/14,0,16645698,-1542000,15103698
2010/07/15,0,20786000,-20279000,507000
2010/07/16,0,2447999,-12881597,-10433598
2010/07/19,0,3015559,-8789220,-5773661
2010/07/20,0,4796380,-3241000,1555380
2010/07/21,0,5539000,-5144000,395000
2010/07/22,0,3071475,-5428000,-2356525
2010/07/23,0,11597000,-3764186,7832814
2010/07/26,0,6945730,-6419682,526048
2010/07/27,0,6195443,-3869161,2326282
2010/07/28,0,6812000,-4712000,2100000
2010/07/29,0,5776769,-6078128,-301359
2010/07/30,0,2545644,-7827000,-5281356
2010/08/02,0,10972000,-13238000,-2266000
2010/08/03,0,7356000,-5475000,1881000
2010/08/04,0,7274000,-6781000,493000
2010/08/05,0,4780000,-4532824,247176
2010/08/06,0,5527380,-5776000,-248620
2010/08/09,0,2803000,-5529568,-2726568
2010/08/10,0,8226002,-5311000,2915002
2010/08/11,0,1550000,-12138583,-10588583
2010/08/12,0,15794297,-55111152,-39316855
2010/08/13,0,18529601,-62563398,-44033797
2010/08/16,0,1854000,-28855866,-27001866
2010/08/17,0,4106000,-20630236,-16524236
2010/08/18,0,10271971,-21255971,-10984000
2010/08/19,0,6233000,-10698445,-4465445
2010/08/20,0,6859000,-1384889,5474111
2010/08/23,0,11287000,-5739316,5547684
2010/08/24,0,3127688,-7934597,-4806909
2010/08/25,0,6496285,-21688695,-15192410
2010/08/26,0,15923472,-32057525,-16134053
2010/08/27,0,4885000,-6932097,-2047097
2010/08/30,0,4201411,-15519876,-11318465
2010/08/31,0,9536467,-19539798,-10003331
2010/09/01,0,5389491,-26207913,-20818422
2010/09/02,0,17348000,-16502003,845997
2010/09/03,0,7825875,-12465474,-4639599
2010/09/06,0,13406580,-13488891,-82311
2010/09/07,0,6200129,-6965963,-765834
2010/09/08,0,14649290,-15806199,-1156909
2010/09/09,0,9393211,-31312157,-21918946
2010/09/10,0,3861830,-7021210,-3159380
2010/09/13,0,16358496,-16323579,34917
2010/09/14,0,18998000,-13464141,5533859
2010/09/15,0,7443201,-14327804,-6884603
2010/09/16,0,13440000,-3572262,9867738
2010/09/17,0,23138047,-8547598,14590449
2010/09/20,0,5428000,-954000,4474000
2010/09/21,0,13598000,-5186775,8411225
2010/09/22,0,0,0,0
2010/09/23,0,22155445,-7165652,14989793
2010/09/24,0,15441280,-11622918,3818362
2010/09/27,0,15988373,-10430048,5558325
2010/09/28,0,16273240,-2459000,13814240
2010/09/29,0,43143165,-7486704,35656461
2010/09/30,0,18824000,-18773349,50651
2010/10/01,0,8993405,-865000,8128405
2010/10/04,0,5272020,-404000,4868020
2010/10/05,0,11548006,-5710850,5837156
2010/10/06,0,10428415,-4770265,5658150
2010/10/07,0,5753400,-4715478,1037922
2010/10/08,0,4018030,-15100304,-11082274
2010/10/11,0,5029500,-5102003,-72503
2010/10/12,0,5683534,-10392000,-4708466
2010/10/13,0,29535850,-25486479,4049371
2010/10/14,0,9377680,-10976989,-1599309
2010/10/15,0,7158670,-11500341,-4341671
2010/10/18,0,13635000,-7367000,6268000
2010/10/19,0,8815000,-8997618,-182618
2010/10/20,0,5134000,-10650000,-5516000
2010/10/21,0,9336762,-7059001,2277761
2010/10/22,0,2796385,-5961130,-3164745
2010/10/25,0,32282000,-5144000,27138000
2010/10/26,0,8717682,-7368872,1348810
2010/10/27,0,17616710,-7861955,9754755
2010/10/28,0,49289506,-9432000,39857506
2010/10/29,0,16630661,-16331483,299178
2010/11/01,0,18508000,-1018000,17490000
2010/11/02,0,20935000,-11777373,9157627
2010/11/03,0,11544000,-9861000,1683000
2010/11/04,0,11498000,-5537421,5960579
2010/11/05,0,13604000,-2342101,11261899
2010/11/08,0,10867000,-6175000,4692000
2010/11/09,0,18661000,-7173000,11488000
2010/11/10,0,25035000,-6330400,18704600
2010/11/11,0,14240000,-9003282,5236718
2010/11/12,0,12597000,-11962870,634130
2010/11/15,0,11862000,-8334016,3527984
2010/11/16,0,12978000,-12327777,650223
2010/11/17,0,12066000,-14144000,-2078000
2010/11/18,0,17160097,-17721304,-561207
2010/11/19,0,5760560,-7888828,-2128268
2010/11/22,0,17302520,-11920392,5382128
2010/11/23,0,25663470,-16737200,8926270
2010/11/24,0,14277000,-14911000,-634000
2010/11/25,0,40552000,-8372000,32180000
2010/11/26,0,5707000,-4258000,1449000
2010/11/29,0,11895000,-10703188,1191812
2010/11/30,0,38413787,-33148914,5264873
2010/12/01,0,27114000,-18297202,8816798
2010/12/02,0,15886000,-9018900,6867100
2010/12/03,0,13518000,-14092000,-574000
2010/12/06,0,7711000,-5763007,1947993
2010/12/07,0,10878834,-8573395,2305439
2010/12/08,0,5753000,-3486000,2267000
2010/12/09,0,28531419,-12523512,16007907
2010/12/10,0,15665818,-4924687,10741131
2010/12/13,0,14032000,-4310118,9721882
2010/12/14,0,9366000,-5067000,4299000
2010/12/15,0,27191000,-5079493,22111507
2010/12/16,0,39860000,-15096067,24763933
2010/12/17,0,21459000,-11267953,10191047
2010/12/20,0,11525290,-25054093,-13528803
2010/12/21,0,11387000,-1429200,9957800
2010/12/22,0,11341000,-9797285,1543715
2010/12/23,0,6481000,-5744950,736050
2010/12/24,0,7776000,-1994000,5782000
2010/12/27,0,7434000,-4092000,3342000
2010/12/28,0,3862001,-4595889,-733888
2010/12/29,0,6506260,-4652000,1854260
2010/12/30,0,10357801,-5721190,4636611
2010/12/31,0,12694000,-6259210,6434790
2011/01/03,0,5781100,-5832203,-51103
2011/01/04,0,11385000,-5578000,5807000
2011/01/05,0,4288141,-10851176,-6563035
2011/01/06,0,6459000,-7749000,-1290000
2011/01/07,0,10804000,-10493000,311000
2011/01/10,0,4512000,-2568475,1943525
2011/01/11,0,26017000,-8204299,17812701
2011/01/12,0,23014000,-4344392,18669608
2011/01/13,0,12420244,-7558000,4862244
2011/01/14,0,12512000,-3353000,9159000
2011/01/17,0,13446667,-4231000,9215667
2011/01/18,0,23352000,-11654476,11697524
2011/01/19,0,21708000,-13340000,8368000
2011/01/20,0,15726000,-9873000,5853000
2011/01/21,0,19188564,-20083207,-894643
2011/01/24,0,5264000,-2999000,2265000
2011/01/25,0,13079000,-10144693,2934307
2011/01/26,0,14861000,-8209283,6651717
2011/01/27,0,37210490,-26109056,11101434
2011/01/28,0,23491530,-25437166,-1945636
2011/01/31,0,0,0,0
2011/02/01,0,0,0,0
2011/02/02,0,0,0,0
2011/02/03,0,0,0,0
2011/02/04,0,0,0,0
2011/02/07,0,0,0,0
2011/02/08,0,18013000,-26398701,-8385701
2011/02/09,0,28659755,-27456297,1203458
2011/02/10,0,30084000,-36274210,-6190210
2011/02/11,0,27053000,-29467877,-2414877
2011/02/14,0,27236600,-23859740,3376860
2011/02/15,0,24220000,-31028563,-6808563
2011/02/16,0,30590000,-30534153,55847
2011/02/17,0,9234000,-9830780,-596780
2011/02/18,0,19909000,-17717694,2191306
2011/02/21,0,13161000,-9590000,3571000
2011/02/22,0,9643000,-11438748,-1795748
2011/02/23,0,17940000,-9717410,8222590
2011/02/24,0,17872090,-19686741,-1814651
2011/02/25,0,17227000,-19629936,-2402936
2011/02/28,0,0,0,0
2011/03/01,0,15235000,-9050300,6184700
2011/03/02,0,19726124,-23798295,-4072171
2011/03/03,0,39060000,-50577767,-11517767
2011/03/04,0,32303369,-53663481,-21360112
2011/03/07,0,7468000,-9074000,-1606000
2011/03/08,0,19701000,-19446600,254400
2011/03/09,0,19895875,-31747467,-11851592
2011/03/10,0,43740000,-32117230,11622770
2011/03/11,0,17189000,-41138913,-23949913
2011/03/14,0,13853000,-18070490,-4217490
2011/03/15,0,22466000,-20644690,1821310
2011/03/16,0,14149000,-14969000,-820000
2011/03/17,0,25688500,-28199910,-2511410
2011/03/18,0,13698000,-6057080,7640920
2011/03/21,0,19673000,-19265275,407725
2011/03/22,0,20493000,-22328000,-1835000
2011/03/23,0,6480000,-8332000,-1852000
2011/03/24,0,21849000,-15375640,6473360
2011/03/25,0,15963500,-9540100,6423400
2011/03/28,0,13713410,-9233315,4480095
2011/03/29,0,12367000,-9769889,2597111
2011/03/30,0,12285000,-15783751,-3498751
2011/03/31,0,17493476,-20473329,-2979853
2011/04/01,0,7739717,-5344305,2395412
2011/04/04,0,0,0,0
2011/04/05,0,0,0,0
2011/04/06,0,19498159,-24179988,-4681829
2011/04/07,0,9300389,-11877389,-2577000
2011/04/08,0,11033001,-10844004,188997
2011/04/11,0,17016642,-12128000,4888642
2011/04/12,0,2738090,-8815760,-6077670
2011/04/13,0,4651000,-17547243,-12896243
2011/04/14,0,10787000,-16385936,-5598936
2011/04/15,0,11227002,-35886037,-24659035
2011/04/18,0,12840000,-7292535,5547465
2011/04/19,0,12379966,-9704000,2675966
2011/04/20,0,13480402,-15405938,-1925536
2011/04/21,0,21476420,-4780676,16695744
2011/04/22,0,17829000,-3150000,14679000
2011/04/25,0,5631000,-2511000,3120000
2011/04/26,0,21374459,-6085866,15288593
2011/04/27,0,26929745,-18608983,8320762
2011/04/28,0,32126369,-9273070,22853299
2011/04/29,0,23986987,-5441503,18545484
2011/05/02,0,0,0,0
2011/05/03,0,16538677,-8248000,8290677
2011/05/04,0,13113000,-9797000,3316000
2011/05/05,0,11776000,-6165000,5611000
2011/05/06,0,16729062,-15378859,1350203
2011/05/09,0,24026100,-11312049,12714051
2011/05/10,0,6836200,-5279451,1556749
2011/05/11,0,17695800,-7805000,9890800
2011/05/12,0,35950100,-22455100,13495000
2011/05/13,0,4950000,-4236949,713051
2011/05/16,0,3402000,-5885966,-2483966
2011/05/17,0,8787500,-6883000,1904500
2011/05/18,0,20297000,-7037487,13259513
2011/05/19,0,9198000,-14404232,-5206232
2011/05/20,0,7202700,-8819500,-1616800
2011/05/23,0,5502000,-13570000,-8068000
2011/05/24,0,8154000,-12646130,-4492130
2011/05/25,0,2390966,-11612500,-9221534
2011/05/26,0,3596350,-12865324,-9268974
2011/05/27,0,11383000,-15878637,-4495637
2011/05/30,0,17283000,-12778000,4505000
2011/05/31,0,36271000,-41186623,-4915623
2011/06/01,0,16127700,-10921114,5206586
2011/06/02,0,9106600,-6526000,2580600
2011/06/03,0,8535000,-5134018,3400982
2011/06/06,0,0,0,0
2011/06/07,0,4343000,-12748198,-8405198
2011/06/08,0,6495000,-7076568,-581568
2011/06/09,0,5282000,-5089554,192446
2011/06/10,0,8388260,-11854889,-3466629
2011/06/13,0,4084000,-14983585,-10899585
2011/06/14,0,3332000,-10266192,-6934192
2011/06/15,0,11981000,-15602189,-3621189
2011/06/16,0,3122377,-13016969,-9894592
2011/06/17,0,2652000,-6683537,-4031537
2011/06/20,0,2959000,-6801307,-3842307
2011/06/21,0,8278904,-10684000,-2405096
2011/06/22,0,9871000,-8370000,1501000
2011/06/23,0,9083335,-15338813,-6255478
2011/06/24,0,10166000,-25951240,-15785240
2011/06/27,0,18064000,-35753064,-17689064
2011/06/28,0,12124866,-11774400,350466
2011/06/29,0,14285500,-43435055,-29149555
2011/06/30,0,18969500,-30936382,-11966882
2011/07/01,0,10623480,-23010000,-12386520
2011/07/04,0,18372338,-18433669,-61331
2011/07/05,0,15828292,-13257000,2571292
2011/07/06,0,23367019,-22093960,1273059
2011/07/07,0,9456626,-4401000,5055626
2011/07/08,0,18096041,-14156969,3939072
2011/07/11,0,15721195,-16888000,-1166805
2011/07/12,0,10400863,-24655146,-14254283
2011/07/13,0,9375883,-34085213,-24709330
2011/07/14,0,10220449,-2754000,7466449
2011/07/15,0,7995804,-16312188,-8316384
2011/07/18,0,6896945,-21843503,-14946558
2011/07/19,0,11442600,-25323999,-13881399
2011/07/20,0,15639739,-12666000,2973739
2011/07/21,0,30990529,-33666158,-2675629
2011/07/22,0,11155521,-8156000,2999521
2011/07/25,0,11406743,-4091798,7314945
2011/07/26,0,12701726,-4792000,7909726
2011/07/27,0,3606632,-5751000,-2144368
2011/07/28,0,3404766,-7409007,-4004241
2011/07/29,0,3600420,-5077766,-1477346
2011/08/01,0,10232084,-4283385,5948699
2011/08/02,0,9728127,-12208300,-2480173
2011/08/03,0,7217870,-22564600,-15346730
2011/08/04,0,14252449,-30544100,-16291651
2011/08/05,0,14649393,-42465461,-27816068
2011/08/08,0,10127515,-27442932,-17315417
2011/08/09,0,17191452,-27754000,-10562548
2011/08/10,0,8823000,-22326822,-13503822
2011/08/11,0,9899000,-8796000,1103000
2011/08/12,0,3929500,-24571569,-20642069
2011/08/15,0,10213651,-1952000,8261651
2011/08/16,0,5543000,-11509822,-5966822
2011/08/17,0,2189495,-30091000,-27901505
2011/08/18,0,7585157,-19400000,-11814843
2011/08/19,0,4834299,-15727000,-10892701
2011/08/22,0,5129717,-11526000,-6396283
2011/08/23,0,6723000,-16340944,-9617944
2011/08/24,0,6760394,-18219000,-11458606
2011/08/25,0,12443807,-11495331,948476
2011/08/26,0,16798179,-17589569,-791390
2011/08/29,0,15867765,-14484225,1383540
2011/08/30,0,6239655,-16149611,-9909956
2011/08/31,0,8565921,-24728267,-16162346
2011/09/01,0,13291354,-15930667,-2639313
2011/09/02,0,11550633,-12288320,-737687
2011/09/05,0,3549000,-13484957,-9935957
2011/09/06,0,9628416,-32213410,-22584994
2011/09/07,0,9139188,-7688001,1451187
2011/09/08,0,10487328,-19762070,-9274742
2011/09/09,0,14940261,-13897533,1042728
2011/09/12,0,0,0,0
2011/09/13,0,12752427,-6495000,6257427
2011/09/14,0,16473067,-15629540,843527
2011/09/15,0,13909586,-3374465,10535121
2011/09/16,0,50339319,-13711148,36628171
2011/09/19,0,25233311,-14164629,11068682
2011/09/20,0,13771356,-29933815,-16162459
2011/09/21,0,9524860,-18824733,-9299873
2011/09/22,0,15409825,-17527606,-2117781
2011/09/23,0,9178531,-29000866,-19822335
2011/09/26,0,10033438,-28608557,-18575119
2011/09/27,0,13793512,-19197081,-5403569
2011/09/28,0,17209189,-9140470,8068719
2011/09/29,0,9561023,-27501162,-17940139
2011/09/30,0,7578000,-17216861,-9638861
2011/10/03,0,2458638,-18348001,-15889363
2011/10/04,0,7377000,-21625349,-14248349
2011/10/05,0,2414000,-11395886,-8981886
2011/10/06,0,12282000,-7632912,4649088
2011/10/07,0,15553000,-7995324,7557676
2011/10/10,0,0,0,0
2011/10/11,0,24348759,-17130579,7218180
2011/10/12,0,13543792,-6795132,6748660
2011/10/13,0,13777617,-53695584,-39917967
2011/10/14,0,18519347,-20169073,-1649726
2011/10/17,0,13272276,-4920907,8351369
2011/10/18,0,15299758,-13743511,1556247
2011/10/19,0,5701990,-4248996,1452994
2011/10/20,0,9446036,-6886764,2559272
2011/10/21,0,16603154,-18731874,-2128720
2011/10/24,0,16450331,-1939000,14511331
2011/10/25,0,15133469,-4309000,10824469
2011/10/26,0,8827000,-2676593,6150407
2011/10/27,0,3865000,-4178752,-313752
2011/10/28,0,11546001,-1244083,10301918
2011/10/31,0,6371858,-5609195,762663
2011/11/01,0,7049000,-5362678,1686322
2011/11/02,0,3518000,-12609099,-9091099
2011/11/03,0,22183718,-19337126,2846592
2011/11/04,0,14326000,-5269217,9056783
2011/11/07,0,3482500,-8560704,-5078204
2011/11/08,0,10475534,-22257275,-11781741
2011/11/09,0,4585143,-9199252,-4614109
2011/11/10,0,2046643,-5524985,-3478342
2011/11/11,0,3049000,-5365273,-2316273
2011/11/14,0,3631500,-6110138,-2478638
2011/11/15,0,4941000,-4588263,352737
2011/11/16,0,8504000,-6422739,2081261
2011/11/17,0,7775605,-3692262,4083343
2011/11/18,0,3177000,-8216934,-5039934
2011/11/21,0,6974000,-10226271,-3252271
2011/11/22,0,14116021,-12019280,2096741
2011/11/23,0,9832460,-10021977,-189517
2011/11/24,0,10318000,-2559376,7758624
2011/11/25,0,5643000,-6265858,-622858
2011/11/28,0,4577180,-1860149,2717031
2011/11/29,0,10191965,-11037908,-845943
2011/11/30,0,13564117,-15941668,-2377551
2011/12/01,0,19997528,-7873805,12123723
2011/12/02,0,11543000,-6021000,5522000
2011/12/05,0,13484410,-956000,12528410
2011/12/06,0,15563682,-9172676,6391006
2011/12/07,0,15609060,-8119519,7489541
2011/12/08,0,8094000,-6390000,1704000
2011/12/09,0,5424821,-8905504,-3480683
2011/12/12,0,6630000,-8469598,-1839598
2011/12/13,0,7876312,-7829948,46364
2011/12/14,0,5696528,-14137016,-8440488
2011/12/15,0,11835088,-19852380,-8017292
2011/12/16,0,8349794,-6194537,2155257
2011/12/19,0,4482300,-3661913,820387
2011/12/20,0,9895000,-9397426,497574
2011/12/21,0,4839038,-3805643,1033395
2011/12/22,0,5081705,-3833160,1248545
2011/12/23,0,8665100,-2609945,6055155
2011/12/26,0,3198886,-385000,2813886
2011/12/27,0,2443000,-143000,2300000
2011/12/28,0,6006000,-5833000,173000
2011/12/29,0,9471629,-5645728,3825901
2011/12/30,0,6584456,-3338000,3246456
2012/01/02,0,1222000,-2860000,-1638000
2012/01/03,0,2029660,-5849015,-3819355
2012/01/04,0,4149000,-2205296,1943704
2012/01/05,0,8790764,-4184940,4605824
2012/01/06,0,5226357,-3560612,1665745
2012/01/09,0,11480500,-9626082,1854418
2012/01/10,0,15730897,-3532815,12198082
2012/01/11,0,8879000,-3529000,5350000
2012/01/12,0,21208000,-1800000,19408000
2012/01/13,0,16035696,-3804000,12231696
2012/01/16,0,2650000,-4666345,-2016345
2012/01/17,0,9395000,-9237904,157096
2012/01/18,0,12002004,-4178000,7824004
2012/01/19,0,0,0,0
2012/01/20,0,0,0,0
2012/01/23,0,0,0,0
2012/01/24,0,0,0,0
2012/01/25,0,0,0,0
2012/01/26,0,0,0,0
2012/01/27,0,0,0,0
2012/01/30,0,43009051,-13970787,29038264
2012/01/31,0,72214929,-11977145,60237784
2012/02/01,0,18231630,-16796000,1435630
2012/02/02,0,15150849,-92542680,-77391831
2012/02/03,0,11147000,-56272911,-45125911
2012/02/06,0,14092000,-12145370,1946630
2012/02/07,0,30199000,-6590912,23608088
2012/02/08,0,18189100,-9316277,8872823
2012/02/09,0,17404943,-14364974,3039969
2012/02/10,0,11831000,-10179730,1651270
2012/02/13,0,10634000,-13435000,-2801000
2012/02/14,0,8785455,-6413203,2372252
2012/02/15,0,22730000,-9862921,12867079
2012/02/16,0,13301188,-6098564,7202624
2012/02/17,0,14401000,-7142001,7258999
2012/02/20,0,16357000,-1191000,15166000
2012/02/21,0,4261000,-8755684,-4494684
2012/02/22,0,14421000,-9204793,5216207
2012/02/23,0,8877308,-13542296,-4664988
2012/02/24,0,15760000,-19443000,-3683000
2012/02/27,0,0,0,0
2012/02/28,0,0,0,0
2012/02/29,0,24441505,-29901709,-5460204
2012/03/01,0,8614947,-18799868,-10184921
2012/03/02,0,8653748,-16537700,-7883952
2012/03/05,0,16319000,-23563000,-7244000
2012/03/06,0,6882698,-6401059,481639
2012/03/07,0,11249000,-9537415,1711585
2012/03/08,0,12223000,-9483644,2739356
2012/03/09,0,10019565,-9736494,283071
2012/03/12,0,5980000,-4173744,1806256
2012/03/13,0,15929698,-12595673,3334025
2012/03/14,0,25280533,-18142708,7137825
2012/03/15,0,14515000,-5982173,8532827
2012/03/16,0,5568000,-5151412,416588
2012/03/19,0,12142000,-13209071,-1067071
2012/03/20,0,1560000,-4758509,-3198509
2012/03/21,0,6106088,-5256088,850000
2012/03/22,0,4771000,-4410191,360809
2012/03/23,0,6793396,-2637000,4156396
2012/03/26,0,8380428,-8342000,38428
2012/03/27,0,18378000,-3789938,14588062
2012/03/28,0,15505000,-2773677,12731323
2012/03/29,0,13765000,-8401022,5363978
2012/03/30,0,9576715,-4416263,5160452
2012/04/02,0,10469124,-9414232,1054892
2012/04/03,0,23954783,-7561694,16393089
2012/04/04,0,0,0,0
2012/04/05,0,6794000,-17288000,-10494000
2012/04/06,0,2506000,-10847750,-8341750
2012/04/09,0,1162000,-4034000,-2872000
2012/04/10,0,3041792,-5224000,-2182208
2012/04/11,0,2468000,-7192640,-4724640
2012/04/12,0,2795000,-6685721,-3890721
2012/04/13,0,10529475,-4402422,6127053
2012/04/16,0,804000,-1990000,-1186000
2012/04/17,0,2679000,-5692000,-3013000
2012/04/18,0,5158000,-2948328,2209672
2012/04/19,0,4937000,-3452895,1484105
2012/04/20,0,3584000,-6137751,-2553751
2012/04/23,0,4290961,-3807689,483272
2012/04/24,0,2920000,-14654529,-11734529
2012/04/25,0,5345000,-9681804,-4336804
2012/04/26,0,3976000,-8911000,-4935000
2012/04/27,0,36178000,-24649887,11528113
2012/04/30,0,11227000,-4006107,7220893
2012/05/01,0,0,0,0
2012/05/02,0,11691000,-7899922,3791078
2012/05/03,0,14821000,-16545308,-1724308
2012/05/04,0,9652400,-15262000,-5609600
2012/05/07,0,10862000,-26130810,-15268810
2012/05/08,0,16310000,-17404162,-1094162
2012/05/09,0,9737000,-9093000,644000
2012/05/10,0,8468907,-8949165,-480258
2012/05/11,0,4043831,-6431000,-2387169
2012/05/14,0,1875000,-4426760,-2551760
2012/05/15,0,3189576,-6319770,-3130194
2012/05/16,0,14265571,-20937920,-6672349
2012/05/17,0,18092000,-27385516,-9293516
2012/05/18,0,5387766,-9241466,-3853700
2012/05/21,0,6678000,-7745292,-1067292
2012/05/22,0,9343000,-4386299,4956701
2012/05/23,0,6980571,-7128000,-147429
2012/05/24,0,12957000,-18956897,-5999897
2012/05/25,0,9221000,-11372765,-2151765
2012/05/28,0,10725359,-9449359,1276000
2012/05/29,0,13007000,-19619000,-6612000
2012/05/30,0,15491000,-16494015,-1003015
2012/05/31,0,42014215,-38965066,3049149
2012/06/01,0,8330000,-7652774,677226
2012/06/04,0,10282790,-7076000,3206790
2012/06/05,0,2983000,-9739513,-6756513
2012/06/06,0,5963000,-17842365,-11879365
2012/06/07,0,5226592,-15410000,-10183408
2012/06/08,0,5083171,-7006055,-1922884
2012/06/11,0,10624401,-20242090,-9617689
2012/06/12,0,5160000,-15048000,-9888000
2012/06/13,0,4478150,-12740030,-8261880
2012/06/14,0,10127122,-6426493,3700629
2012/06/15,0,7291000,-6489227,801773
2012/06/18,0,6323650,-4347000,1976650
2012/06/19,0,7378374,-5213699,2164675
2012/06/20,0,9255264,-9616000,-360736
2012/06/21,0,3830122,-12786000,-8955878
2012/06/22,0,2576993,-9543000,-6966007
2012/06/25,0,3509000,-14589363,-11080363
2012/06/26,0,6588000,-12275000,-5687000
2012/06/27,0,7733000,-31942548,-24209548
2012/06/28,0,11164000,-33986976,-22822976
2012/06/29,0,11550877,-20332688,-8781811
2012/07/02,0,1547000,-12321000,-10774000
2012/07/03,0,5296571,-8246608,-2950037
2012/07/04,0,5280580,-993593,4286987
2012/07/05,0,6754000,-7138863,-384863
2012/07/06,0,5409000,-5058000,351000
2012/07/09,0,6093000,-11019000,-4926000
2012/07/10,0,4542000,-50162601,-45620601
2012/07/11,0,5857000,-22855837,-16998837
2012/07/12,0,18429000,-20060608,-1631608
2012/07/13,0,4770117,-23580945,-18810828
2012/07/16,0,6987000,-11890123,-4903123
2012/07/17,0,10274200,-15600000,-5325800
2012/07/18,0,4298000,-9673571,-5375571
2012/07/19,0,6285000,-12408001,-6123001
2012/07/20,0,2594000,-6031201,-3437201
2012/07/23,0,4800000,-25281000,-20481000
2012/07/24,0,11059000,-37641498,-26582498
2012/07/25,0,4191000,-13036239,-8845239
2012/07/26,0,8172189,-16212061,-8039872
2012/07/27,0,8085745,-20053623,-11967878
2012/07/30,0,3324245,-11976910,-8652665
2012/07/31,0,13178000,-14311127,-1133127
2012/08/01,0,4295000,-6606000,-2311000
2012/08/02,0,0,0,0
2012/08/03,0,8900334,-12120576,-3220242
2012/08/06,0,12550000,-3806723,8743277
2012/08/07,0,9332000,-4535000,4797000
2012/08/08,0,35961549,-8538101,27423448
2012/08/09,0,15875255,-5383000,10492255
2012/08/10,0,6805000,-4278000,2527000
2012/08/13,0,2962000,-1732000,1230000
2012/08/14,0,10666184,-5179500,5486684
2012/08/15,0,4069377,-1368000,2701377
2012/08/16,0,6561000,-5132681,1428319
2012/08/17,0,11209000,-7433503,3775497
2012/08/20,0,1804000,-6068811,-4264811
2012/08/21,0,5356078,-9479341,-4123263
2012/08/22,0,5020632,-14122964,-9102332
2012/08/23,0,3207752,-6029000,-2821248
2012/08/24,0,979196,-1952740,-973544
2012/08/27,0,3295000,-6439000,-3144000
2012/08/28,0,1571687,-5124920,-3553233
2012/08/29,0,2603000,-13077870,-10474870
2012/08/30,0,6527000,-10780000,-4253000
2012/08/31,0,2118708,-3950727,-1832019
2012/09/03,0,2364000,-8478000,-6114000
2012/09/04,0,6536000,-2171705,4364295
2012/09/05,0,1229012,-18754988,-17525976
2012/09/06,0,7525000,-5462371,2062629
2012/09/07,0,3339687,-5440077,-2100390
2012/09/10,0,10064159,-3433000,6631159
2012/09/11,0,6297000,-5942000,355000
2012/09/12,0,6271000,-13586222,-7315222
2012/09/13,0,3231000,-11753428,-8522428
2012/09/14,0,20337000,-11679433,8657567
2012/09/17,0,6974575,-8118978,-1144403
2012/09/18,0,4473000,-13224000,-8751000
2012/09/19,0,9328203,-4092000,5236203
2012/09/20,0,8795150,-3953864,4841286
2012/09/21,0,8563056,-3377203,5185853
2012/09/24,0,4202655,-7937357,-3734702
2012/09/25,0,13824765,-14059053,-234288
2012/09/26,0,6282000,-7910848,-1628848
2012/09/27,0,6211000,-9103007,-2892007
2012/09/28,0,5176398,-14383541,-9207143
2012/10/01,0,1705000,-4618826,-2913826
2012/10/02,0,5526000,-1601572,3924428
2012/10/03,0,6670221,-2791332,3878889
2012/10/04,0,2633000,-7855789,-5222789
2012/10/05,0,6615000,-9772206,-3157206
2012/10/08,0,12703000,-7222312,5480688
2012/10/09,0,20125000,-8297598,11827402
2012/10/10,0,0,0,0
2012/10/11,0,7919755,-13707196,-5787441
2012/10/12,0,1765000,-10034379,-8269379
2012/10/15,0,7658000,-14900005,-7242005
2012/10/16,0,7676000,-7740402,-64402
2012/10/17,0,3472000,-6505100,-3033100
2012/10/18,0,3951148,-1709858,2241290
2012/10/19,0,8666675,-13717244,-5050569
2012/10/22,0,5277000,-9891120,-4614120
2012/10/23,0,8176000,-7833708,342292
2012/10/24,0,2571500,-4350581,-1779081
2012/10/25,0,4271000,-8300839,-4029839
2012/10/26,0,16512004,-18213392,-1701388
2012/10/29,0,18238700,-6694351,11544349
2012/10/30,0,35567000,-19974000,15593000
2012/10/31,0,21089000,-11274637,9814363
2012/11/01,0,9327000,-17540483,-8213483
2012/11/02,0,12329000,-4219000,8110000
2012/11/05,0,5772829,-7434902,-1662073
2012/11/06,0,5926000,-5578208,347792
2012/11/07,0,5260000,-2450101,2809899
2012/11/08,0,8445000,-10623328,-2178328
2012/11/09,0,15252966,-7914227,7338739
2012/11/12,0,9187000,-2385712,6801288
2012/11/13,0,3439000,-7044780,-3605780
2012/11/14,0,5535000,-1416589,4118411
2012/11/15,0,5579000,-6210169,-631169
2012/11/16,0,5302000,-6075000,-773000
2012/11/19,0,5688000,-1990526,3697474
2012/11/20,0,13053000,-2330000,10723000
2012/11/21,0,8604000,-7869000,735000
2012/11/22,0,6743000,-2840000,3903000
2012/11/23,0,17422000,-5954541,11467459
2012/11/26,0,12249000,-7254184,4994816
2012/11/27,0,12210000,-6722344,5487656
2012/11/28,0,7996546,-12031399,-4034853
2012/11/29,0,20361000,-9832730,10528270
2012/11/30,0,25810250,-6750963,19059287
2012/12/03,0,11474606,-3336430,8138176
2012/12/04,0,11630000,-10385088,1244912
2012/12/05,0,16918475,-795989,16122486
2012/12/06,0,9009000,-3193913,5815087
2012/12/07,0,10811061,-4168622,6642439
2012/12/10,0,7167000,-3564000,3603000
2012/12/11,0,16594677,-12219888,4374789
2012/12/12,0,17703200,-5171278,12531922
2012/12/13,0,13412515,-2809484,10603031
2012/12/14,0,12413915,-5511000,6902915
2012/12/17,0,13138750,-8487271,4651479
2012/12/18,0,8835000,-6726069,2108931
2012/12/19,0,7933000,-6532489,1400511
2012/12/20,0,7618000,-8727985,-1109985
2012/12/21,0,10568000,-12872895,-2304895
2012/12/24,0,8190500,-6630000,1560500
2012/12/25,0,2423000,-201000,2222000
2012/12/26,0,3541000,-2521393,1019607
2012/12/27,0,9943563,-7656000,2287563
2012/12/28,0,15892000,-1298376,14593624
2012/12/31,0,0,0,0
2013/01/01,0,0,0,0
2013/01/02,0,17374000,-6226000,11148000
2013/01/03,0,14296000,-5073000,9223000
2013/01/04,0,13115000,-9546427,3568573
2013/01/07,0,10689000,-13459500,-2770500
2013/01/08,0,15084000,-24415705,-9331705
2013/01/09,0,9346000,-19299430,-9953430
2013/01/10,0,22808646,-14897827,7910819
2013/01/11,0,9721000,-7065779,2655221
2013/01/14,0,2685000,-4024000,-1339000
2013/01/15,0,4448000,-4704000,-256000
2013/01/16,0,4111248,-5079205,-967957
2013/01/17,0,2812900,-7800965,-4988065
2013/01/18,0,5409000,-8544792,-3135792
2013/01/21,0,2870000,-11211383,-8341383
2013/01/22,0,5186301,-9473044,-4286743
2013/01/23,0,3923000,-7488483,-3565483
2013/01/24,0,4309000,-5661000,-1352000
2013/01/25,0,3600355,-9462028,-5861673
2013/01/28,0,7807000,-8158390,-351390
2013/01/29,0,9096600,-7651000,1445600
2013/01/30,0,6346475,-9351980,-3005505
2013/01/31,0,8952360,-26791666,-17839306
2013/02/01,0,5656000,-11843366,-6187366
2013/02/04,0,7275452,-17030351,-9754899
2013/02/05,0,2739377,-13901012,-11161635
2013/02/06,0,2970000,-9118050,-6148050
2013/02/07,0,0,0,0
2013/02/08,0,0,0,0
2013/02/11,0,0,0,0
2013/02/12,0,0,0,0
2013/02/13,0,0,0,0
2013/02/14,0,0,0,0
2013/02/15,0,0,0,0
2013/02/18,0,4230000,-15725631,-11495631
2013/02/19,0,4786500,-5144842,-358342
2013/02/20,0,17764869,-7219448,10545421
2013/02/21,0,11156000,-6197142,4958858
2013/02/22,0,4277000,-6528000,-2251000
2013/02/25,0,2891000,-12061949,-9170949
2013/02/26,0,2302000,-7550213,-5248213
2013/02/27,0,14162000,-6976996,7185004
2013/02/28,0,0,0,0
2013/03/01,0,11772000,-8399152,3372848
2013/03/04,0,10473000,-8137000,2336000
2013/03/05,0,9476859,-10083156,-606297
2013/03/06,0,7781000,-3282711,4498289
2013/03/07,0,1524000,-3687537,-2163537
2013/03/08,0,14806100,-13608333,1197767
2013/03/11,0,2960000,-4558000,-1598000
2013/03/12,0,7080000,-16152915,-9072915
2013/03/13,0,3600000,-7919859,-4319859
2013/03/14,0,9439500,-8868177,571323
2013/03/15,0,8090308,-10023886,-1933578
2013/03/18,0,1331000,-9419900,-8088900
2013/03/19,0,1023000,-5039000,-4016000
2013/03/20,0,2247000,-11968190,-9721190
2013/03/21,0,2845667,-10458000,-7612333
2013/03/22,0,2447000,-12279174,-9832174
2013/03/25,0,4174000,-8402000,-4228000
2013/03/26,0,5068000,-10783620,-5715620
2013/03/27,0,4240000,-6242000,-2002000
2013/03/28,0,4362510,-3572879,789631
2013/03/29,0,5200940,-253000,4947940
2013/04/01,0,822701,-1737000,-914299
2013/04/02,0,3741751,-905474,2836277
2013/04/03,0,2597700,-2293744,303956
2013/04/04,0,0,0,0
2013/04/05,0,0,0,0
2013/04/08,0,5514952,-6959821,-1444869
2013/04/09,0,1425000,-8947575,-7522575
2013/04/10,0,5420895,-6210895,-790000
2013/04/11,0,1680734,-4531650,-2850916
2013/04/12,0,3760000,-3390876,369124
2013/04/15,0,3075717,-6458000,-3382283
2013/04/16,0,5417670,-9124808,-3707138
2013/04/17,0,14214000,-9291150,4922850
2013/04/18,0,3411000,-7870295,-4459295
2013/04/19,0,6620000,-8775460,-2155460
2013/04/22,0,11735000,-5078900,6656100
2013/04/23,0,7299000,-8956272,-1657272
2013/04/24,0,11669000,-2518242,9150758
2013/04/25,0,7105247,-2917065,4188182
2013/04/26,0,4665000,-2155500,2509500
2013/04/29,0,11176000,-14072162,-2896162
2013/04/30,0,12510000,-6929923,5580077
2013/05/01,0,0,0,0
2013/05/02,0,10738760,-2859294,7879466
2013/05/03,0,14907330,-5435000,9472330
2013/05/06,0,5145000,-2319345,2825655
2013/05/07,0,8570000,-3838913,4731087
2013/05/08,0,9056011,-3531600,5524411
2013/05/09,0,7576405,-2393844,5182561
2013/05/10,0,3427000,-4587000,-1160000
2013/05/13,0,3545000,-2958449,586551
2013/05/14,0,5786301,-6474321,-688020
2013/05/15,0,10156000,-3147767,7008233
2013/05/16,0,8535000,-4743387,3791613
2013/05/17,0,6605182,-1476000,5129182
2013/05/20,0,7708022,-7782000,-73978
2013/05/21,0,7645000,-3458826,4186174
2013/05/22,0,10829000,-4617000,6212000
2013/05/23,0,12583000,-7275000,5308000
2013/05/24,0,10902314,-7080000,3822314
2013/05/27,0,3076365,-4714000,-1637635
2013/05/28,0,7538000,-5359000,2179000
2013/05/29,0,4917000,-2386000,2531000
2013/05/30,0,6836000,-7913000,-1077000
2013/05/31,0,9772975,-8478373,1294602
2013/06/03,0,7223000,-6497000,726000
2013/06/04,0,6760000,-8457000,-1697000
2013/06/05,0,6789000,-7196591,-407591
2013/06/06,0,8077063,-14978742,-6901679
2013/06/07,0,10114268,-7670924,2443344
2013/06/10,0,10406000,-5139000,5267000
2013/06/11,0,9143248,-4266000,4877248
2013/06/12,0,0,0,0
2013/06/13,0,3223000,-9373334,-6150334
2013/06/14,0,4866000,-5792196,-926196
2013/06/17,0,5208000,-2255697,2952303
2013/06/18,0,6144290,-5410874,733416
2013/06/19,0,4665000,-5612653,-947653
2013/06/20,0,3260000,-5635761,-2375761
2013/06/21,0,3668000,-7435344,-3767344
2013/06/24,0,4641000,-8456560,-3815560
2013/06/25,0,2912000,-5317938,-2405938
2013/06/26,0,8108000,-10050125,-1942125
2013/06/27,0,60441447,-53873447,6568000
2013/06/28,0,14371164,-17255000,-2883836
2013/07/01,0,11405000,-14577000,-3172000
2013/07/02,0,5144172,-12883613,-7739441
2013/07/03,0,36176000,-33031147,3144853
2013/07/04,0,2420000,-2560842,-140842
2013/07/05,0,5163000,-3920000,1243000
2013/07/08,0,7058000,-9433375,-2375375
2013/07/09,0,10165000,-3277000,6888000
2013/07/10,0,12941000,-3799000,9142000
2013/07/11,0,10791520,-1129000,9662520
2013/07/12,0,8125000,-5207000,2918000
2013/07/15,0,7646605,-2974001,4672604
2013/07/16,0,14325000,-7804964,6520036
2013/07/17,0,12238000,-5593000,6645000
2013/07/18,0,6743940,-3241000,3502940
2013/07/19,0,11134592,-15312000,-4177408
2013/07/22,0,14016488,-2918188,11098300
2013/07/23,0,9053905,-9031000,22905
2013/07/24,0,3266572,-3382000,-115428
2013/07/25,0,5748000,-11748000,-6000000
2013/07/26,0,7790000,-10364218,-2574218
2013/07/29,0,5201100,-7177100,-1976000
2013/07/30,0,10567000,-5224000,5343000
2013/07/31,0,12242000,-6651000,5591000
2013/08/01,0,7187000,-6468000,719000
2013/08/02,0,9623000,-5682000,3941000
2013/08/05,0,10683753,-4225941,6457812
2013/08/06,0,7448000,-7801000,-353000
2013/08/07,0,3854000,-5081676,-1227676
2013/08/08,0,5454112,-9124439,-3670327
2013/08/09,0,4395700,-6243682,-1847982
2013/08/12,0,2725000,-1288172,1436828
2013/08/13,0,8729400,-3492482,5236918
2013/08/14,0,5408057,-4598000,810057
2013/08/15,0,7807000,-8354699,-547699
2013/08/16,0,5839345,-6423060,-583715
2013/08/19,0,2035392,-4161470,-2126078
2013/08/20,0,4944163,-4868001,76162
2013/08/21,0,0,0,0
2013/08/22,0,10253329,-12038135,-1784806
2013/08/23,0,9785000,-18235895,-8450895
2013/08/26,0,5615000,-7038400,-1423400
2013/08/27,0,14830000,-10799000,4031000
2013/08/28,0,10816000,-4775761,6040239
2013/08/29,0,19679506,-9888000,9791506
2013/08/30,0,25874000,-15417209,10456791
2013/09/02,0,12290000,-4508000,7782000
2013/09/03,0,7952000,-6386000,1566000
2013/09/04,0,7674000,-5850939,1823061
2013/09/05,0,19107199,-3621000,15486199
2013/09/06,0,18425000,-3254000,15171000
2013/09/09,0,10382000,-3180000,7202000
2013/09/10,0,23455000,-8551000,14904000
2013/09/11,0,21507000,-12939554,8567446
2013/09/12,0,13299545,-2651000,10648545
2013/09/13,0,8885000,-5434564,3450436
2013/09/16,0,19007000,-6100335,12906665
2013/09/17,0,12818000,-4309051,8508949
2013/09/18,0,10412055,-9925023,487032
2013/09/19,0,0,0,0
2013/09/20,0,0,0,0
2013/09/23,0,20996295,-15709550,5286745
2013/09/24,0,30331190,-12228035,18103155
2013/09/25,0,28449640,-11597407,16852233
2013/09/26,0,18539000,-6674755,11864245
2013/09/27,0,21792000,-9008536,12783464
2013/09/30,0,33500000,-12699059,20800941
2013/10/01,0,8823000,-7576094,1246906
2013/10/02,0,35634780,-25555078,10079702
2013/10/03,0,50768125,-12842000,37926125
2013/10/04,0,31619000,-10834390,20784610
2013/10/07,0,6792491,-4957000,1835491
2013/10/08,0,14059000,-5777549,8281451
2013/10/09,0,21492000,-5608000,15884000
2013/10/10,0,0,0,0
2013/10/11,0,35609499,-14930000,20679499
2013/10/14,0,8629000,-3309425,5319575
2013/10/15,0,15955000,-9275636,6679364
2013/10/16,0,5039000,-2905148,2133852
2013/10/17,0,17985743,-12606000,5379743
2013/10/18,0,14868682,-8841174,6027508
2013/10/21,0,6923000,-5858494,1064506
2013/10/22,0,8580000,-7355154,1224846
2013/10/23,0,8884332,-4330499,4553833
2013/10/24,0,9296065,-4172000,5124065
2013/10/25,0,14499249,-6840597,7658652
2013/10/28,0,7760000,-8683000,-923000
2013/10/29,0,8138065,-5805512,2332553
2013/10/30,0,8710000,-3855000,4855000
2013/10/31,0,11828000,-22328040,-10500040
2013/11/01,0,13480000,-11704092,1775908
2013/11/04,0,13507000,-8191000,5316000
2013/11/05,0,9061678,-4620475,4441203
2013/11/06,0,20430000,-5136000,15294000
2013/11/07,0,12382917,-9634000,2748917
2013/11/08,0,21208000,-7914156,13293844
2013/11/11,0,15052000,-8149000,6903000
2013/11/12,0,18974001,-8425000,10549001
2013/11/13,0,26692356,-14148000,12544356
2013/11/14,0,20887678,-16088210,4799468
2013/11/15,0,34324000,-16071584,18252416
2013/11/18,0,47891000,-22880500,25010500
2013/11/19,0,18036310,-19048345,-1012035
2013/11/20,0,10469608,-10580340,-110732
2013/11/21,0,22618010,-21941000,677010
2013/11/22,0,11250779,-10774000,476779
2013/11/25,0,20367151,-20943200,-576049
2013/11/26,0,18948339,-18556521,391818
2013/11/27,0,12688491,-2100000,10588491
2013/11/28,0,11658000,-1217980,10440020
2013/11/29,0,3319205,-3534100,-214895
2013/12/02,0,5651491,-3502000,2149491
2013/12/03,0,6716765,-3467137,3249628
2013/12/04,0,2665000,-4529000,-1864000
2013/12/05,0,8101558,-3537000,4564558
2013/12/06,0,6483271,-5350324,1132947
2013/12/09,0,13554965,-3864676,9690289
2013/12/10,0,29832000,-11482000,18350000
2013/12/11,0,34289000,-8446899,25842101
2013/12/12,0,61736050,-24704897,37031153
2013/12/13,0,55181000,-33214826,21966174
2013/12/16,0,45344001,-20749000,24595001
2013/12/17,0,78853000,-18554308,60298692
2013/12/18,0,45009002,-13934000,31075002
2013/12/19,0,39615667,-11998667,27617000
2013/12/20,0,19871500,-6813868,13057632
2013/12/23,0,18611372,-10091311,8520061
2013/12/24,0,2104000,-8523291,-6419291
2013/12/25,0,3809000,-2276000,1533000
2013/12/26,0,966000,-778772,187228
2013/12/27,0,7562000,-1825000,5737000
2013/12/30,0,7274000,-2511029,4762971
2013/12/31,0,6051001,-4749000,1302001
2014/01/02,0,9181000,-5678000,3503000
2014/01/03,0,10101465,-10766080,-664615
2014/01/06,0,8673584,-11771291,-3097707
2014/01/07,0,10118000,-10444850,-326850
2014/01/08,0,23749000,-3825794,19923206
2014/01/09,0,13202000,-7521474,5680526
2014/01/10,0,12258000,-6441000,5817000
2014/01/13,0,13619339,-10602000,3017339
2014/01/14,0,12078558,-4843000,7235558
2014/01/15,0,26485943,-8398365,18087578
2014/01/16,0,24842000,-14789708,10052292
2014/01/17,0,9322491,-4476000,4846491
2014/01/20,0,9400000,-4721000,4679000
2014/01/21,0,7550000,-5265786,2284214
2014/01/22,0,8830000,-5707000,3123000
2014/01/23,0,4321558,-6008700,-1687142
2014/01/24,0,5460000,-8917990,-3457990
2014/01/27,0,13560879,-18752907,-5192028
2014/02/05,0,19841000,-33728190,-13887190
2014/02/06,0,7371000,-21835648,-14464648
2014/02/07,0,17034000,-13171000,3863000
2014/02/10,0,19327000,-10271042,9055958
2014/02/11,0,26630000,-9444012,17185988
2014/02/12,0,18906000,-8094468,10811532
2014/02/13,0,17330000,-7898325,9431675
2014/02/14,0,18318000,-5181784,13136216
2014/02/17,0,9353000,-2222000,7131000
2014/02/18,0,16338000,-5003159,11334841
2014/02/19,0,13397001,-7624000,5773001
2014/02/20,0,19016991,-18908334,108657
2014/02/21,0,22839000,-8509501,14329499
2014/02/24,0,13967000,-6641760,7325240
2014/02/25,0,12565481,-7717500,4847981
2014/02/26,0,16562000,-9051800,7510200
2014/02/27,0,13157164,-8821000,4336164
2014/03/03,0,10993000,-9658500,1334500
2014/03/04,0,10490528,-6059000,4431528
2014/03/05,0,5377000,-6843000,-1466000
2014/03/06,0,12238000,-7908428,4329572
2014/03/07,0,48167000,-20696000,27471000
2014/03/10,0,12849000,-26039092,-13190092
2014/03/11,0,15572800,-14787908,784892
2014/03/12,0,7136900,-10848606,-3711706
2014/03/13,0,30859000,-18519886,12339114
2014/03/14,0,16960000,-14030000,2930000
2014/03/17,0,8986121,-12213000,-3226879
2014/03/18,0,6480276,-10564394,-4084118
2014/03/19,0,11086000,-9454426,1631574
2014/03/20,0,3713000,-13267860,-9554860
2014/03/21,0,16097000,-21818778,-5721778
2014/03/24,0,10353893,-12211894,-1858001
2014/03/25,0,17159000,-22793100,-5634100
2014/03/26,0,19248815,-15698692,3550123
2014/03/27,0,36419000,-15926498,20492502
2014/03/28,0,29545000,-18385056,11159944
2014/03/31,0,18761699,-6187951,12573748
2014/04/01,0,25789000,-19407691,6381309
2014/04/02,0,21894500,-25240000,-3345500
2014/04/03,0,8407800,-13924700,-5516900
2014/04/07,0,12015000,-8664000,3351000
2014/04/08,0,13585092,-13066000,519092
2014/04/09,0,14820000,-16149414,-1329414
2014/04/10,0,19285019,-14556922,4728097
2014/04/11,0,10017000,-13498562,-3481562
2014/04/14,0,7506000,-7409098,96902
2014/04/15,0,9377000,-12545000,-3168000
2014/04/16,0,9736001,-6176973,3559028
2014/04/17,0,11653479,-11045500,607979
2014/04/18,0,1982000,-2985000,-1003000
2014/04/21,0,2256000,-506000,1750000
2014/04/22,0,3380000,-4518000,-1138000
2014/04/23,0,23669000,-18985128,4683872
2014/04/24,0,12712000,-6905260,5806740
2014/04/25,0,24011000,-15524026,8486974
2014/04/28,0,38026000,-26508000,11518000
2014/04/29,0,22727958,-21710000,1017958
2014/04/30,0,34040776,-12058749,21982027
2014/05/02,0,24039500,-12782271,11257229
2014/05/05,0,9994458,-13223900,-3229442
2014/05/06,0,13543000,-6463000,7080000
2014/05/07,0,17085000,-14767559,2317441
2014/05/08,0,13866000,-9153863,4712137
2014/05/09,0,9779423,-5338000,4441423
2014/05/12,0,8934092,-4699404,4234688
2014/05/13,0,12357000,-10244000,2113000
2014/05/14,0,10852500,-6315544,4536956
2014/05/15,0,7862000,-3613000,4249000
2014/05/16,0,10843000,-6137714,4705286
2014/05/19,0,7684000,-6585054,1098946
2014/05/20,0,21560000,-10132185,11427815
2014/05/21,0,14296465,-10475235,3821230
2014/05/22,0,16107000,-8217791,7889209
2014/05/23,0,9790000,-14187920,-4397920
2014/05/26,0,7915855,-6478569,1437286
2014/05/27,0,8228000,-12284000,-4056000
2014/05/28,0,27410972,-26042003,1368969
2014/05/29,0,19439000,-29063408,-9624408
2014/05/30,0,15175479,-17163194,-1987715
2014/06/03,0,14982000,-19723284,-4741284
2014/06/04,0,8486000,-15885057,-7399057
2014/06/05,0,18999000,-20625853,-1626853
2014/06/06,0,6784000,-9365680,-2581680
2014/06/09,0,9420900,-4986150,4434750
2014/06/10,0,12422490,-4035800,8386690
2014/06/11,0,10473972,-11014527,-540555
2014/06/12,0,7581000,-7302000,279000
2014/06/13,0,8501972,-6068210,2433762
2014/06/16,0,12024158,-11260028,764130
2014/06/17,0,10448000,-9592433,855567
2014/06/18,0,27374000,-11001000,16373000
2014/06/19,0,16722219,-8177000,8545219
2014/06/20,0,6731000,-8031139,-1300139
2014/06/23,0,6916465,-6723883,192582
2014/06/24,0,10207472,-9181346,1026126
2014/06/25,0,8727000,-12666795,-3939795
2014/06/26,0,18480696,-12693334,5787362
2014/06/27,0,14291380,-7982000,6309380
2014/06/30,0,8802000,-6996818,1805182
2014/07/01,0,19006000,-9590025,9415975
2014/07/02,0,21223565,-17120661,4102904
2014/07/03,0,13860000,-15624000,-1764000
2014/07/04,0,9080000,-19521000,-10441000
2014/07/07,0,6592375,-15186000,-8593625
2014/07/08,0,11212913,-12609000,-1396087
2014/07/09,0,13373100,-24171400,-10798300
2014/07/10,0,22617720,-18606351,4011369
2014/07/11,0,11597495,-13465000,-1867505
2014/07/14,0,16746000,-11397000,5349000
2014/07/15,0,19157558,-21156747,-1999189
2014/07/16,0,26688615,-17182500,9506115
2014/07/17,0,16958158,-14890000,2068158
2014/07/18,0,9411000,-17777000,-8366000
2014/07/21,0,15968000,-17437832,-1469832
2014/07/22,0,10343000,-4940000,5403000
2014/07/23,0,0,0,0
2014/07/24,0,20203470,-56991883,-36788413
2014/07/25,0,25118000,-52092344,-26974344
2014/07/28,0,25377844,-40706000,-15328156
2014/07/29,0,14807000,-21117000,-6310000
2014/07/30,0,24176000,-21518000,2658000
2014/07/31,0,10569000,-20437000,-9868000
2014/08/01,0,18608240,-17767000,841240
2014/08/04,0,14169193,-17896250,-3727057
2014/08/05,0,14892050,-19394613,-4502563
2014/08/06,0,7831792,-8958000,-1126208
2014/08/07,0,18172293,-16361573,1810720
2014/08/08,0,10485677,-16020064,-5534387
2014/08/11,0,3090000,-10963092,-7873092
2014/08/12,0,3282655,-9024258,-5741603
2014/08/13,0,7388000,-5381000,2007000
2014/08/14,0,16881639,-13238000,3643639
2014/08/15,0,19410000,-15674000,3736000
2014/08/18,0,16216000,-13297000,2919000
2014/08/19,0,14398740,-22143175,-7744435
2014/08/20,0,15809208,-8180000,7629208
2014/08/21,0,9442000,-17527000,-8085000
2014/08/22,0,18190602,-13891418,4299184
2014/08/25,0,10005000,-5489600,4515400
2014/08/26,0,4272391,-6268066,-1995675
2014/08/27,0,8746000,-12216385,-3470385
2014/08/28,0,7102020,-7952838,-850818
2014/08/29,0,9768000,-16100000,-6332000
2014/09/01,0,11968800,-9777600,2191200
2014/09/02,0,7232000,-12144000,-4912000
2014/09/03,0,9375129,-12431803,-3056674
2014/09/04,0,7813413,-20506000,-12692587
2014/09/05,0,11000000,-23540000,-12540000
2014/09/09,0,11499847,-11023000,476847
2014/09/10,0,7231932,-8601000,-1369068
2014/09/11,0,4417000,-5794000,-1377000
2014/09/12,0,3884772,-6847400,-2962628
2014/09/15,0,6522000,-6031872,490128
2014/09/16,0,6471926,-10964000,-4492074
2014/09/17,0,7834203,-8983000,-1148797
2014/09/18,0,4662009,-5900374,-1238365
2014/09/19,0,3402409,-4536000,-1133591
2014/09/22,0,4883506,-8046950,-3163444
2014/09/23,0,4628000,-7598000,-2970000
2014/09/24,0,7691390,-14105000,-6413610
2014/09/25,0,6966000,-10537607,-3571607
2014/09/26,0,15656600,-14534825,1121775
2014/09/29,0,7264000,-12637000,-5373000
2014/09/30,0,13475500,-21914060,-8438560
2014/10/01,0,6907300,-8549791,-1642491
2014/10/02,0,8886000,-18912999,-10026999
2014/10/03,0,28024783,-10590200,17434583
2014/10/06,0,14852495,-19059000,-4206505
2014/10/07,0,25311000,-18099967,7211033
2014/10/08,0,12437700,-16160000,-3722300
2014/10/09,0,12902400,-17869772,-4967372
2014/10/13,0,27915690,-40458500,-12542810
2014/10/14,0,11463703,-15616703,-4153000
2014/10/15,0,13396000,-24222681,-10826681
2014/10/16,0,9078000,-17960823,-8882823
2014/10/17,0,13808108,-24162000,-10353892
2014/10/20,0,11301000,-13105477,-1804477
2014/10/21,0,8914000,-14286500,-5372500
2014/10/22,0,15170659,-12070476,3100183
2014/10/23,0,7355659,-11491000,-4135341
2014/10/24,0,7333000,-9819235,-2486235
2014/10/27,0,11113445,-9829167,1284278
2014/10/28,0,12486000,-11903511,582489
2014/10/29,0,20132976,-20638216,-505240
2014/10/30,0,7094668,-8984790,-1890122
2014/10/31,0,38643000,-36254100,2388900
2014/11/03,0,20032000,-17780000,2252000
2014/11/04,0,29509000,-20724800,8784200
2014/11/05,0,20161000,-19234000,927000
2014/11/06,0,44886800,-47226000,-2339200
2014/11/07,0,27964560,-34458327,-6493767
2014/11/10,0,31568500,-40878000,-9309500
2014/11/11,0,42739000,-35049000,7690000
2014/11/12,0,10910722,-11099000,-188278
2014/11/13,0,11854385,-4863000,6991385
2014/11/14,0,10756000,-9381200,1374800
2014/11/17,0,10548000,-8476000,2072000
2014/11/18,0,6444791,-7422000,-977209
2014/11/19,0,25723476,-13370202,12353274
2014/11/20,0,12755000,-8011000,4744000
2014/11/21,0,15776100,-18158000,-2381900
2014/11/24,0,10204210,-8273994,1930216
2014/11/25,0,12199000,-13875682,-1676682
2014/11/26,0,8251004,-11916804,-3665800
2014/11/27,0,9409500,-16588900,-7179400
2014/11/28,0,6998000,-10153992,-3155992
2014/12/01,0,7175000,-14859971,-7684971
2014/12/02,0,7312000,-15793789,-8481789
2014/12/03,0,8860111,-12032000,-3171889
2014/12/04,0,15253000,-10309000,4944000
2014/12/05,0,10624000,-10343800,280200
2014/12/08,0,16091000,-8242413,7848587
2014/12/09,0,15346000,-12692882,2653118
2014/12/10,0,14177083,-26082083,-11905000
2014/12/11,0,10239877,-17059659,-6819782
2014/12/12,0,17314491,-9354000,7960491
2014/12/15,0,10234000,-6929000,3305000
2014/12/16,0,11545452,-8596542,2948910
2014/12/17,0,10610000,-16165884,-5555884
2014/12/18,0,35948000,-14858138,21089862
2014/12/19,0,33217992,-10106068,23111924
2014/12/22,0,17944000,-7780000,10164000
2014/12/23,0,13970000,-18398000,-4428000
2014/12/24,0,13628000,-16861390,-3233390
2014/12/25,0,1502000,-3184000,-1682000
2014/12/26,0,2385000,-4434000,-2049000
2014/12/29,0,11214000,-4861000,6353000
2014/12/30,0,8288116,-3837000,4451116
2014/12/31,0,4039985,-3138000,901985
2015/01/01,0,0,0,0
2015/01/02,0,0,0,0
2015/01/05,0,7406000,-11387000,-3981000
2015/01/06,0,11706000,-21045355,-9339355
2015/01/07,0,7268000,-14913000,-7645000
2015/01/08,0,16400355,-18031997,-1631642
2015/01/09,0,13291000,-13519023,-228023
2015/01/12,0,19109000,-5304000,13805000
2015/01/13,0,17474000,-3560800,13913200
2015/01/14,0,13240000,-10786000,2454000
2015/01/15,0,12431000,-10771000,1660000
2015/01/16,0,13781000,-18776886,-4995886
2015/01/19,0,15749000,-5971000,9778000
2015/01/20,0,6998000,-4044700,2953300
2015/01/21,0,20749000,-5779029,14969971
2015/01/22,0,15690000,-7138180,8551820
2015/01/23,0,20338000,-5378263,14959737
2015/01/26,0,11839000,-3517290,8321710
2015/01/27,0,16671788,-9125000,7546788
2015/01/28,0,12114000,-4811190,7302810
2015/01/29,0,16087000,-6368000,9719000
2015/01/30,0,32935000,-12645000,20290000
2015/02/02,0,27785047,-8926295,18858752
2015/02/03,0,22041000,-5306000,16735000
2015/02/04,0,14466388,-5969894,8496494
2015/02/05,0,19141000,-5811192,13329808
2015/02/06,0,23985000,-8997000,14988000
2015/02/09,0,17917900,-8928000,8989900
2015/02/10,0,24016000,-10450795,13565205
2015/02/11,0,22580037,-7665158,14914879
2015/02/12,0,20841000,-9461000,11380000
2015/02/13,0,20285000,-8977740,11307260
2015/02/16,0,0,0,0
2015/02/17,0,0,0,0
2015/02/18,0,0,0,0
2015/02/19,0,0,0,0
2015/02/20,0,0,0,0
2015/02/23,0,0,0,0
2015/02/24,0,14821000,-22425448,-7604448
2015/02/25,0,23161000,-17992131,5168869
2015/02/26,0,13900000,-17274305,-3374305
2015/02/27,0,0,0,0
2015/03/02,0,20213187,-20575059,-361872
2015/03/03,0,9294202,-17141000,-7846798
2015/03/04,0,8548000,-12127788,-3579788
2015/03/05,0,7651000,-12936000,-5285000
2015/03/06,0,9322000,-7287196,2034804
2015/03/09,0,14736000,-12556000,2180000
2015/03/10,0,37127725,-35816333,1311392
2015/03/11,0,17527000,-49959000,-32432000
2015/03/12,0,31001000,-23250198,7750802
2015/03/13,0,15961527,-27873900,-11912373
2015/03/16,0,12418000,-12026954,391046
2015/03/17,0,20506000,-13120000,7386000
2015/03/18,0,15148000,-14065466,1082534
2015/03/19,0,16639028,-13415788,3223240
2015/03/20,0,12699000,-10031000,2668000
2015/03/23,0,7022500,-9890600,-2868100
2015/03/24,0,8775370,-9940849,-1165479
2015/03/25,0,4851000,-9803815,-4952815
2015/03/26,0,16113000,-44068066,-27955066
2015/03/27,0,14200000,-66978141,-52778141
2015/03/30,0,19975665,-17945495,2030170
2015/03/31,0,8089985,-15395000,-7305015
2015/04/01,0,9742424,-24667340,-14924916
2015/04/02,0,15051201,-33243400,-18192199
2015/04/03,0,0,0,0
2015/04/06,0,0,0,0
2015/04/07,0,2743000,-16797000,-14054000
2015/04/08,0,14650882,-23371000,-8720118
2015/04/09,0,11586000,-19122000,-7536000
2015/04/10,0,10597729,-14609000,-4011271
2015/04/13,0,18327448,-26064584,-7737136
2015/04/14,0,4216000,-14902111,-10686111
2015/04/15,0,9081000,-19153264,-10072264
2015/04/16,0,15703000,-17509070,-1806070
2015/04/17,0,8973139,-20285852,-11312713
2015/04/20,0,6805000,-25255000,-18450000
2015/04/21,0,19085647,-20319000,-1233353
2015/04/22,0,27098000,-19917000,7181000
2015/04/23,0,17749000,-24342208,-6593208
2015/04/24,0,31518892,-10123060,21395832
2015/04/27,0,22291000,-22955740,-664740
2015/04/28,0,11302000,-16693310,-5391310
2015/04/29,0,14025000,-9569800,4455200
2015/04/30,0,11340508,-9826370,1514138
2015/05/01,0,0,0,0
2015/05/04,0,13624163,-26290105,-12665942
2015/05/05,0,5127000,-10094000,-4967000
2015/05/06,0,7309790,-25074000,-17764210
2015/05/07,0,10928000,-15351000,-4423000
2015/05/08,0,9339212,-9871209,-531997
2015/05/11,0,15090231,-14474000,616231
2015/05/12,0,10330150,-12626000,-2295850
2015/05/13,0,7210000,-21569883,-14359883
2015/05/14,0,6161818,-10349670,-4187852
2015/05/15,0,6266000,-8244052,-1978052
2015/05/18,0,8009051,-6522364,1486687
2015/05/19,0,7606212,-14858412,-7252200
2015/05/20,0,5931000,-18611600,-12680600
2015/05/21,0,3455900,-18074136,-14618236
2015/05/22,0,8016000,-14611887,-6595887
2015/05/25,0,2075000,-4551000,-2476000
2015/05/26,0,6518000,-9122000,-2604000
2015/05/27,0,13220369,-22446831,-9226462
2015/05/28,0,17787000,-15461702,2325298
2015/05/29,0,13683346,-22014139,-8330793
2015/06/01,0,8519400,-11697120,-3177720
2015/06/02,0,5018932,-10111962,-5093030
2015/06/03,0,8766000,-23426869,-14660869
2015/06/04,0,13698072,-26612265,-12914193
2015/06/05,0,6954210,-10477340,-3523130
2015/06/08,0,7117000,-8487144,-1370144
2015/06/09,0,7395000,-15044967,-7649967
2015/06/10,0,19774250,-50936000,-31161750
2015/06/11,0,18614000,-34360477,-15746477
2015/06/12,0,14146880,-30432285,-16285405
2015/06/15,0,13076000,-16155000,-3079000
2015/06/16,0,12514000,-17640374,-5126374
2015/06/17,0,17320000,-19678930,-2358930
2015/06/18,0,16821184,-14854821,1966363
2015/06/19,0,0,0,0
2015/06/22,0,21316112,-20951918,364194
2015/06/23,0,16660225,-19145180,-2484955
2015/06/24,0,6912490,-10097201,-3184711
2015/06/25,0,15783279,-19995000,-4211721
2015/06/26,0,12166000,-14587273,-2421273
2015/06/29,0,7200000,-14899580,-7699580
2015/06/30,0,6483200,-13724683,-7241483
2015/07/01,0,5782000,-9776018,-3994018
2015/07/02,0,5887030,-14668500,-8781470
2015/07/03,0,6190000,-8818675,-2628675
2015/07/06,0,6205638,-8432000,-2226362
2015/07/07,0,11760000,-11205410,554590
2015/07/08,0,12115000,-22053948,-9938948
2015/07/09,0,9142000,-22572947,-13430947
2015/07/10,0,0,0,0
2015/07/13,0,28398000,-26948310,1449690
2015/07/14,0,16866000,-16121915,744085
2015/07/15,0,17059000,-12256450,4802550
2015/07/16,0,10609000,-13971360,-3362360
2015/07/17,0,12423000,-9118800,3304200
2015/07/20,0,16768524,-13304764,3463760
2015/07/21,0,8410000,-7807940,602060
2015/07/22,0,14588000,-17188395,-2600395
2015/07/23,0,24686000,-33208820,-8522820
2015/07/24,0,26082991,-32815000,-6732009
2015/07/27,0,30856000,-20294964,10561036
2015/07/28,0,18701698,-23947366,-5245668
2015/07/29,0,20824010,-26756785,-5932775
2015/07/30,0,34599000,-26645000,7954000
2015/07/31,0,35391741,-31172000,4219741
2015/08/03,0,17871002,-19276600,-1405598
2015/08/04,0,29049000,-33413152,-4364152
2015/08/05,0,33631646,-41693729,-8062083
2015/08/06,0,19536000,-18384815,1151185
2015/08/07,0,16172000,-18079025,-1907025
2015/08/10,0,9795346,-14046736,-4251390
2015/08/11,0,26215496,-23289964,2925532
2015/08/12,0,19387159,-19086806,300353
2015/08/13,0,21468000,-22441799,-973799
2015/08/14,0,12939311,-11438052,1501259
2015/08/17,0,17534659,-25140250,-7605591
2015/08/18,0,19306000,-18927451,378549
2015/08/19,0,25448527,-23291000,2157527
2015/08/20,0,19651000,-17254215,2396785
2015/08/21,0,29888000,-21097500,8790500
2015/08/24,0,60147000,-55246693,4900307
2015/08/25,0,20177432,-21117480,-940048
2015/08/26,0,22111000,-44919003,-22808003
2015/08/27,0,23168000,-21846000,1322000
2015/08/28,0,41844000,-22545668,19298332
2015/08/31,0,21633039,-44825232,-23192193
2015/09/01,0,16231700,-26820930,-10589230
2015/09/02,0,13824000,-8182667,5641333
2015/09/03,0,7445000,-6561026,883974
2015/09/04,0,11753301,-4241447,7511854
2015/09/07,0,6783000,-9239691,-2456691
2015/09/08,0,9172000,-4310220,4861780
2015/09/09,0,30010000,-13846663,16163337
2015/09/10,0,36939302,-22271333,14667969
2015/09/11,0,36884000,-23637000,13247000
2015/09/14,0,29110000,-18695600,10414400
2015/09/15,0,15742500,-10199000,5543500
2015/09/16,0,15241000,-9885884,5355116
2015/09/17,0,27511000,-11763630,15747370
2015/09/18,0,12102212,-9324433,2777779
2015/09/21,0,20410000,-27362720,-6952720
2015/09/22,0,5459400,-4684355,775045
2015/09/23,0,9934000,-16521297,-6587297
2015/09/24,0,6417000,-8988154,-2571154
2015/09/25,0,12287000,-13548203,-1261203
2015/09/28,0,0,0,0
2015/09/29,0,0,0,0
2015/09/30,0,18035056,-17627643,407413
2015/10/01,0,10154379,-10559509,-405130
2015/10/02,0,7761000,-13865062,-6104062
2015/10/05,0,13841993,-15000000,-1158007
2015/10/06,0,10402000,-16452000,-6050000
2015/10/07,0,13140399,-14272200,-1131801
2015/10/08,0,11637000,-14133000,-2496000
2015/10/09,0,0,0,0
2015/10/12,0,15768426,-14742631,1025795
2015/10/13,0,11958491,-20134700,-8176209
2015/10/14,0,7622100,-8310386,-688286
2015/10/15,0,31809000,-24070000,7739000
2015/10/16,0,51789061,-24725000,27064061
2015/10/19,0,8860939,-6103099,2757840
2015/10/20,0,9524000,-6974000,2550000
2015/10/21,0,9646000,-7540000,2106000
2015/10/22,0,7527000,-4123976,3403024
2015/10/23,0,8907244,-2119000,6788244
2015/10/26,0,10241000,-7435000,2806000
2015/10/27,0,5593000,-12349512,-6756512
2015/10/28,0,6354680,-5904310,450370
2015/10/29,0,4676000,-9860675,-5184675
2015/10/30,0,17376000,-17273397,102603
2015/11/02,0,11437000,-12846000,-1409000
2015/11/03,0,10353000,-5558982,4794018
2015/11/04,0,17710000,-13158473,4551527
2015/11/05,0,12093364,-4940426,7152938
2015/11/06,0,5262000,-11569240,-6307240
2015/11/09,0,7526058,-5883488,1642570
2015/11/10,0,11832000,-12191717,-359717
2015/11/11,0,8248812,-13842111,-5593299
2015/11/12,0,3535000,-5728000,-2193000
2015/11/13,0,4901000,-9343847,-4442847
2015/11/16,0,4304000,-7128000,-2824000
2015/11/17,0,13999000,-12907729,1091271
2015/11/18,0,8885107,-13554000,-4668893
2015/11/19,0,7906000,-7536199,369801
2015/11/20,0,4409000,-7054000,-2645000
2015/11/23,0,4574000,-5573000,-999000
2015/11/24,0,9929000,-10823029,-894029
2015/11/25,0,11973090,-11185332,787758
2015/11/26,0,8483000,-5389934,3093066
2015/11/27,0,4207000,-9162000,-4955000
2015/11/30,0,32955838,-33552144,-596306
2015/12/01,0,21138305,-11929222,9209083
2015/12/02,0,11455000,-11631570,-176570
2015/12/03,0,5511672,-6379067,-867395
2015/12/04,0,5246000,-6786947,-1540947
2015/12/07,0,6858000,-5574421,1283579
2015/12/08,0,4230000,-9765268,-5535268
2015/12/09,0,6864000,-10204000,-3340000
2015/12/10,0,7223270,-8736912,-1513642
2015/12/11,0,8208798,-9726760,-1517962
2015/12/14,0,17029594,-30433305,-13403711
2015/12/15,0,16207000,-24740273,-8533273
2015/12/16,0,33625000,-28446507,5178493
2015/12/17,0,21900000,-18946645,2953355
2015/12/18,0,13013867,-11522185,1491682
2015/12/21,0,18411000,-14954452,3456548
2015/12/22,0,5897006,-8235180,-2338174
2015/12/23,0,22175000,-12069196,10105804
2015/12/24,0,4847000,-6046000,-1199000
2015/12/25,0,3992000,-1953500,2038500
2015/12/28,0,4117000,-3616000,501000
2015/12/29,0,4597000,-3364000,1233000
2015/12/30,0,6515708,-4855656,1660052
2015/12/31,0,8826737,-3448370,5378367
2016/01/01,0,0,0,0
2016/01/04,0,7491360,-11292000,-3800640
2016/01/05,0,8263601,-9411723,-1148122
2016/01/06,0,9362045,-9767169,-405124
2016/01/07,0,11242599,-12827668,-1585069
2016/01/08,0,16241000,-24979855,-8738855
2016/01/11,0,12807618,-16791000,-3983382
2016/01/12,0,8354500,-9570000,-1215500
2016/01/13,0,7693250,-9281310,-1588060
2016/01/14,0,5246491,-5411000,-164509
2016/01/15,0,7953000,-13295747,-5342747
2016/01/18,0,13747212,-13607778,139434
2016/01/19,0,7838000,-11847989,-4009989
2016/01/20,0,15410054,-15191000,219054
2016/01/21,0,10778572,-7292500,3486072
2016/01/22,0,6091000,-9815000,-3724000
2016/01/25,0,8509000,-6632000,1877000
2016/01/26,0,7884000,-11584000,-3700000
2016/01/27,0,8566000,-4188817,4377183
2016/01/28,0,10532000,-9053200,1478800
2016/01/29,0,14644741,-10348000,4296741
2016/02/01,0,10387944,-14070617,-3682673
2016/02/02,0,13634796,-14722555,-1087759
2016/02/03,0,6088000,-11841430,-5753430
2016/02/04,0,0,0,0
2016/02/05,0,0,0,0
2016/02/08,0,0,0,0
2016/02/09,0,0,0,0
2016/02/10,0,0,0,0
2016/02/11,0,0,0,0
2016/02/12,0,0,0,0
2016/02/15,0,22875491,-26124095,-3248604
2016/02/16,0,12011000,-14270485,-2259485
2016/02/17,0,36817982,-14931000,21886982
2016/02/18,0,14892634,-11060146,3832488
2016/02/19,0,9818054,-6914154,2903900
2016/02/22,0,4802000,-9689164,-4887164
2016/02/23,0,12398012,-6010765,6387247
2016/02/24,0,6899000,-5367710,1531290
2016/02/25,0,10038447,-4999000,5039447
2016/02/26,0,14833960,-8753639,6080321
2016/02/29,0,0,0,0
2016/03/01,0,11619703,-15176979,-3557276
2016/03/02,0,12774957,-10696165,2078792
2016/03/03,0,12593653,-10396414,2197239
2016/03/04,0,5382153,-5718308,-336155
2016/03/07,0,8314357,-6663000,1651357
2016/03/08,0,8101154,-7836137,265017
2016/03/09,0,6097722,-9448100,-3350378
2016/03/10,0,10570000,-9900000,670000
2016/03/11,0,12131000,-12293700,-162700
2016/03/14,0,7962000,-7859332,102668
2016/03/15,0,9099000,-13576597,-4477597
2016/03/16,0,11454000,-17232000,-5778000
2016/03/17,0,11320000,-6273722,5046278
2016/03/18,0,17870000,-13729112,4140888
2016/03/21,0,12283000,-10689774,1593226
2016/03/22,0,12260980,-12927989,-667009
2016/03/23,0,19168000,-13417167,5750833
2016/03/24,0,16971135,-17091000,-119865
2016/03/25,0,4196000,-2512485,1683515
2016/03/28,0,4449000,-3957000,492000
2016/03/29,0,7342000,-4783321,2558679
2016/03/30,0,24771000,-19637283,5133717
2016/03/31,0,16852000,-14649673,2202327
2016/04/01,0,6809400,-12688099,-5878699
2016/04/04,0,0,0,0
2016/04/05,0,0,0,0
2016/04/06,0,10491823,-15911369,-5419546
2016/04/07,0,10731628,-14036045,-3304417
2016/04/08,0,9795000,-13106800,-3311800
2016/04/11,0,8492000,-5156819,3335181
2016/04/12,0,5412000,-9617969,-4205969
2016/04/13,0,12345000,-10069470,2275530
2016/04/14,0,12439000,-16705000,-4266000
2016/04/15,0,11336550,-14261606,-2925056
2016/04/18,0,13572000,-17596295,-4024295
2016/04/19,0,28073000,-19122493,8950507
2016/04/20,0,14349264,-17504235,-3154971
2016/04/21,0,9425608,-5642341,3783267
2016/04/22,0,21932000,-31763530,-9831530
2016/04/25,0,12634000,-18550629,-5916629
2016/04/26,0,10481210,-8736529,1744681
2016/04/27,0,5710688,-15530027,-9819339
2016/04/28,0,13145392,-24996000,-11850608
2016/04/29,0,30816783,-53490417,-22673634
2016/05/02,0,0,0,0
2016/05/03,0,35911000,-32975269,2935731
2016/05/04,0,23854000,-36897297,-13043297
2016/05/05,0,18793000,-44207646,-25414646
2016/05/06,0,15260000,-26184431,-10924431
2016/05/09,0,7933000,-13898000,-5965000
2016/05/10,0,11569000,-11308447,260553
2016/05/11,0,6539000,-14974000,-8435000
2016/05/12,0,7798000,-13947000,-6149000
2016/05/13,0,16023000,-30543042,-14520042
2016/05/16,0,17707000,-28494513,-10787513
2016/05/17,0,8901000,-16610095,-7709095
2016/05/18,0,13635189,-15150550,-1515361
2016/05/19,0,11913000,-19953013,-8040013
2016/05/20,0,10194248,-22093332,-11899084
2016/05/23,0,29994405,-31223009,-1228604
2016/05/24,0,34819000,-31200300,3618700
2016/05/25,0,17692000,-22756000,-5064000
2016/05/26,0,0,0,0
2016/05/27,0,11262000,-6668025,4593975
2016/05/30,0,84114900,-15667174,68447726
2016/05/31,0,37918937,-24470323,13448614
2016/06/01,0,12057100,-11584995,472105
2016/06/02,0,14417200,-11514000,2903200
2016/06/03,0,10640000,-5899130,4740870
2016/06/06,0,6722000,-4386937,2335063
2016/06/07,0,12901600,-6245000,6656600
2016/06/08,0,15661000,-10433000,5228000
2016/06/09,0,0,0,0
2016/06/10,0,0,0,0
2016/06/13,0,16214000,-14911588,1302412
2016/06/14,0,8619764,-7641000,978764
2016/06/15,0,9023638,-7991510,1032128
2016/06/16,0,9758000,-10408150,-650150
2016/06/17,0,12444546,-10599722,1844824
2016/06/20,0,8911000,-5776711,3134289
2016/06/21,0,7542650,-9087415,-1544765
2016/06/22,0,10291434,-10921000,-629566
2016/06/23,0,6423002,-5788000,635002
2016/06/24,0,10374917,-15795331,-5420414
2016/06/27,0,3238000,-4324000,-1086000
2016/06/28,0,3170000,-7201000,-4031000
2016/06/29,0,6570000,-9392000,-2822000
2016/06/30,0,14924000,-19055038,-4131038
2016/07/01,0,12571000,-12398991,172009
2016/07/04,0,3356000,-5512000,-2156000
2016/07/05,0,6772000,-5761000,1011000
2016/07/06,0,8230000,-23293056,-15063056
2016/07/07,0,6165000,-9614193,-3449193
2016/07/08,0,0,0,0
2016/07/11,0,9737550,-12547000,-2809450
2016/07/12,0,7288000,-7366412,-78412
2016/07/13,0,15423000,-16612104,-1189104
2016/07/14,0,5678200,-4725000,953200
2016/07/15,0,6243008,-5735000,508008
2016/07/18,0,7278150,-6586600,691550
2016/07/19,0,11853000,-7669350,4183650
2016/07/20,0,9176000,-6970043,2205957
2016/07/21,0,20621122,-13222109,7399013
2016/07/22,0,12782054,-17531197,-4749143
2016/07/25,0,9925000,-10888250,-963250
2016/07/26,0,9360000,-8614550,745450
2016/07/27,0,8426000,-10145000,-1719000
2016/07/28,0,16496000,-13144000,3352000
2016/07/29,0,15127000,-11422000,3705000
2016/08/01,0,15912240,-13100000,2812240
2016/08/02,0,32772742,-12138000,20634742
2016/08/03,0,15210744,-22608000,-7397256
2016/08/04,0,21173000,-16758000,4415000
2016/08/05,0,6611711,-9459000,-2847289
2016/08/08,0,5750233,-7927000,-2176767
2016/08/09,0,7948000,-7304000,644000
2016/08/10,0,7745000,-6783036,961964
2016/08/11,0,7230000,-8671044,-1441044
2016/08/12,0,11989000,-12952400,-963400
2016/08/15,0,4705000,-5878900,-1173900
2016/08/16,0,12780000,-10796131,1983869
2016/08/17,0,10861601,-10489000,372601
2016/08/18,0,10475000,-11041000,-566000
2016/08/19,0,9091255,-7068000,2023255
2016/08/22,0,11494000,-7457000,4037000
2016/08/23,0,24021000,-22373600,1647400
2016/08/24,0,18593700,-13071000,5522700
2016/08/25,0,27914000,-15527000,12387000
2016/08/26,0,17589579,-5658764,11930815
2016/08/29,0,11011000,-14807000,-3796000
2016/08/30,0,9403667,-5713000,3690667
2016/08/31,0,9722568,-9204000,518568
2016/09/01,0,6977000,-7803000,-826000
2016/09/02,0,6381668,-5790000,591668
2016/09/05,0,9702000,-5387000,4315000
2016/09/06,0,7294669,-2422000,4872669
2016/09/07,0,8094000,-5856000,2238000
2016/09/08,0,5942000,-4608000,1334000
2016/09/09,0,3518000,-5924115,-2406115
2016/09/12,0,7231911,-11546167,-4314256
2016/09/13,0,17760000,-23673000,-5913000
2016/09/14,0,23645418,-28609155,-4963737
2016/09/15,0,0,0,0
2016/09/16,0,0,0,0
2016/09/19,0,8869000,-10625000,-1756000
2016/09/20,0,3299484,-4917096,-1617612
2016/09/21,0,5186000,-3459040,1726960
2016/09/22,0,6406335,-2078000,4328335
2016/09/23,0,7217000,-4426105,2790895
2016/09/26,0,4483881,-6012000,-1528119
2016/09/27,0,0,0,0
2016/09/28,0,0,0,0
2016/09/29,0,10006668,-9073106,933562
2016/09/30,0,10445664,-12531638,-2085974
2016/10/03,0,7315000,-4847000,2468000
2016/10/04,0,7889616,-4920795,2968821
2016/10/05,0,6613041,-3869186,2743855
2016/10/06,0,5950072,-4113000,1837072
2016/10/07,0,5794003,-6023000,-228997
2016/10/10,0,0,0,0
2016/10/11,0,10732000,-6244000,4488000
2016/10/12,0,11457816,-10014640,1443176
2016/10/13,0,12764500,-12262000,502500
2016/10/14,0,3198181,-1961000,1237181
2016/10/17,0,5274532,-4411602,862930
2016/10/18,0,7127482,-4088000,3039482
2016/10/19,0,4466891,-5639050,-1172159
2016/10/20,0,1881000,-5538386,-3657386
2016/10/21,0,5639502,-8817207,-3177705
2016/10/24,0,3558000,-9676524,-6118524
2016/10/25,0,4680332,-5156000,-475668
2016/10/26,0,6930069,-10328491,-3398422
2016/10/27,0,4613898,-8681000,-4067102
2016/10/28,0,4452000,-6390000,-1938000
2016/10/31,0,6422758,-10176245,-3753487
2016/11/01,0,5596000,-4641806,954194
2016/11/02,0,3969301,-4859033,-889732
2016/11/03,0,9398999,-13611357,-4212358
2016/11/04,0,5508000,-3521000,1987000
2016/11/07,0,7985000,-7656167,328833
2016/11/08,0,2678971,-2737000,-58029
2016/11/09,0,10307000,-14748000,-4441000
2016/11/10,0,3609000,-5743200,-2134200
2016/11/11,0,16900000,-26738811,-9838811
2016/11/14,0,7827000,-12610107,-4783107
2016/11/15,0,5901000,-9342000,-3441000
2016/11/16,0,9292000,-13429524,-4137524
2016/11/17,0,7693598,-6586000,1107598
2016/11/18,0,3496000,-6803881,-3307881
2016/11/21,0,4375000,-5344084,-969084
2016/11/22,0,6262000,-7214235,-952235
2016/11/23,0,3992453,-5276860,-1284407
2016/11/24,0,1749000,-2988000,-1239000
2016/11/25,0,1992000,-3211871,-1219871
2016/11/28,0,5605224,-3251000,2354224
2016/11/29,0,4643000,-7508324,-2865324
2016/11/30,0,15837539,-16896375,-1058836
2016/12/01,0,4129557,-6728608,-2599051
2016/12/02,0,8662000,-11127086,-2465086
2016/12/05,0,8283000,-13462762,-5179762
2016/12/06,0,11803000,-10473000,1330000
2016/12/07,0,7494000,-7525137,-31137
2016/12/08,0,8291000,-11780875,-3489875
2016/12/09,0,4532391,-9139062,-4606671
2016/12/12,0,7202000,-10224093,-3022093
2016/12/13,0,3927621,-12302397,-8374776
2016/12/14,0,3708270,-6876000,-3167730
2016/12/15,0,6414000,-8882000,-2468000
2016/12/16,0,12670602,-19159500,-6488898
2016/12/19,0,4384430,-6099000,-1714570
2016/12/20,0,5076611,-15792778,-10716167
2016/12/21,0,7917000,-10657170,-2740170
2016/12/22,0,4961292,-10609000,-5647708
2016/12/23,0,7909000,-10521000,-2612000
2016/12/26,0,254000,-2198000,-1944000
2016/12/27,0,1550000,-2063000,-513000
2016/12/28,0,5351547,-4831000,520547
2016/12/29,0,7129172,-8862327,-1733155
2016/12/30,0,6357000,-5057589,1299411
2017/01/02,0,0,0,0
2017/01/03,0,6197000,-6550000,-353000
2017/01/04,0,7935000,-8261917,-326917
2017/01/05,0,10420662,-7160000,3260662
2017/01/06,0,8146000,-7121000,1025000
2017/01/09,0,6242500,-3341000,2901500
2017/01/10,0,4768000,-6810320,-2042320
2017/01/11,0,3844852,-5605000,-1760148
2017/01/12,0,12227232,-3448000,8779232
2017/01/13,0,9664494,-6484391,3180103
2017/01/16,0,5823000,-5358000,465000
2017/01/17,0,5365471,-4155000,1210471
2017/01/18,0,7505000,-6715153,789847
2017/01/19,0,9382000,-12289103,-2907103
2017/01/20,0,6691142,-13502773,-6811631
2017/01/23,0,9053839,-7765641,1288198
2017/01/24,0,9940004,-5513049,4426955
2017/01/25,0,0,0,0
2017/01/26,0,0,0,0
2017/01/27,0,0,0,0
2017/01/30,0,0,0,0
2017/01/31,0,0,0,0
2017/02/01,0,0,0,0
2017/02/02,0,36880839,-21054185,15826654
2017/02/03,0,36613196,-14454618,22158578
2017/02/06,0,15009504,-8693245,6316259
2017/02/07,0,14967759,-13110932,1856827
2017/02/08,0,15587587,-12315959,3271628
2017/02/09,0,17374000,-7105445,10268555
2017/02/10,0,15464000,-16994124,-1530124
2017/02/13,0,5724596,-6383083,-658487
2017/02/14,0,10808196,-6236229,4571967
2017/02/15,0,20389000,-8101655,12287345
2017/02/16,0,14332000,-8516000,5816000
2017/02/17,0,7155000,-4232000,2923000
2017/02/20,0,3251000,-4025000,-774000
2017/02/21,0,16376000,-6098000,10278000
2017/02/22,0,10027514,-7206000,2821514
2017/02/23,0,9875000,-8403500,1471500
2017/02/24,0,5270568,-6118591,-848023
2017/02/27,0,0,0,0
2017/02/28,0,0,0,0
2017/03/01,0,6227175,-9104090,-2876915
2017/03/02,0,8525720,-7160044,1365676
2017/03/03,0,11623076,-8164690,3458386
2017/03/06,0,6345072,-3504548,2840524
2017/03/07,0,10203245,-7873315,2329930
2017/03/08,0,3643000,-4111840,-468840
2017/03/09,0,4362000,-10339282,-5977282
2017/03/10,0,2300344,-4386000,-2085656
2017/03/13,0,9216739,-6045000,3171739
2017/03/14,0,12122437,-9995243,2127194
2017/03/15,0,3874227,-5100369,-1226142
2017/03/16,0,13077100,-10519100,2558000
2017/03/17,0,22082123,-16736823,5345300
2017/03/20,0,9861634,-4510229,5351405
2017/03/21,0,12638586,-7984000,4654586
2017/03/22,0,8372719,-8194039,178680
2017/03/23,0,5714001,-7558862,-1844861
2017/03/24,0,8083916,-4228339,3855577
2017/03/27,0,8701000,-8817381,-116381
2017/03/28,0,10300592,-6380000,3920592
2017/03/29,0,6010656,-8692000,-2681344
2017/03/30,0,12751000,-11619627,1131373
2017/03/31,0,31147293,-31090700,56593
2017/04/03,0,0,0,0
2017/04/04,0,0,0,0
2017/04/05,0,19444983,-8667154,10777829
2017/04/06,0,4578601,-7321331,-2742730
2017/04/07,0,7980288,-9649496,-1669208
2017/04/10,0,12866301,-10547643,2318658
2017/04/11,0,5930000,-6553528,-623528
2017/04/12,0,5446247,-6530000,-1083753
2017/04/13,0,3418000,-5440000,-2022000
2017/04/14,0,2835000,-3660000,-825000
2017/04/17,0,1903700,-1287164,616536
2017/04/18,0,4564632,-5417804,-853172
2017/04/19,0,8957711,-10774117,-1816406
2017/04/20,0,6125296,-6283121,-157825
2017/04/21,0,7341014,-5387836,1953178
2017/04/24,0,6016262,-5305408,710854
2017/04/25,0,9003725,-4481214,4522511
2017/04/26,0,7368910,-5644880,1724030
2017/04/27,0,5098190,-4289565,808625
2017/04/28,0,9816650,-11525061,-1708411
2017/05/01,0,0,0,0
2017/05/02,0,6941000,-7225259,-284259
2017/05/03,0,3057000,-9415449,-6358449
2017/05/04,0,4843000,-7244003,-2401003
2017/05/05,0,4556539,-9247389,-4690850
2017/05/08,0,4001097,-8175403,-4174306
2017/05/09,0,6259589,-7930242,-1670653
2017/05/10,0,4730166,-6899881,-2169715
2017/05/11,0,8057861,-5363000,2694861
2017/05/12,0,1649604,-4657231,-3007627
2017/05/15,0,5090411,-10165871,-5075460
2017/05/16,0,4970000,-7031000,-2061000
2017/05/17,0,13493306,-10043386,3449920
2017/05/18,0,4705466,-6423874,-1718408
2017/05/19,0,11632824,-12143457,-510633
2017/05/22,0,4505291,-4217016,288275
2017/05/23,0,6091781,-4284760,1807021
2017/05/24,0,8413464,-7773467,639997
2017/05/25,0,4712000,-4812634,-100634
2017/05/26,0,0,0,0
2017/05/29,0,0,0,0
2017/05/30,0,0,0,0
2017/05/31,0,19304186,-20980109,-1675923
2017/06/01,0,6914305,-5570497,1343808
2017/06/02,0,7377845,-7227737,150108
2017/06/05,0,8992128,-7243000,1749128
2017/06/06,0,5587845,-8105000,-2517155
2017/06/07,0,19327000,-15831521,3495479
2017/06/08,0,5195781,-4717804,477977
2017/06/09,0,9987660,-9292127,695533
2017/06/12,0,7794858,-15807000,-8012142
2017/06/13,0,6305000,-11770500,-5465500
2017/06/14,0,9841000,-9955947,-114947
2017/06/15,0,8766000,-10774000,-2008000
2017/06/16,0,14017386,-15820170,-1802784
2017/06/19,0,6365758,-5524057,841701
2017/06/20,0,7722000,-9902026,-2180026
2017/06/21,0,11586579,-14667165,-3080586
2017/06/22,0,16006698,-15278000,728698
2017/06/23,0,15801000,-15362249,438751
2017/06/26,0,13692000,-9698000,3994000
2017/06/27,0,11203314,-14210791,-3007477
2017/06/28,0,9353428,-13382834,-4029406
2017/06/29,0,14274115,-11950000,2324115
2017/06/30,0,12362000,-9766000,2596000
2017/07/03,0,9395684,-9714711,-319027
2017/07/04,0,7131000,-9632166,-2501166
2017/07/05,0,5117737,-8222234,-3104497
2017/07/06,0,8099000,-9232000,-1133000
2017/07/07,0,7053415,-10928174,-3874759
2017/07/10,0,5246404,-8309807,-3063403
2017/07/11,0,6249652,-8149000,-1899348
2017/07/12,0,7753000,-8241929,-488929
2017/07/13,0,10063738,-9539465,524273
2017/07/14,0,9112000,-6475052,2636948
2017/07/17,0,8274000,-4481669,3792331
2017/07/18,0,3130904,-2732000,398904
2017/07/19,0,11760000,-5933000,5827000
2017/07/20,0,9244962,-8247777,997185
2017/07/21,0,10441622,-14425000,-3983378
2017/07/24,0,10745975,-9982794,763181
2017/07/25,0,7752300,-8376723,-624423
2017/07/26,0,7705061,-8497415,-792354
2017/07/27,0,17188000,-8593000,8595000
2017/07/28,0,10505000,-11784126,-1279126
2017/07/31,0,20488026,-21719645,-1231619
2017/08/01,0,13978000,-11960000,2018000
2017/08/02,0,18682679,-17568091,1114588
2017/08/03,0,12276844,-10422102,1854742
2017/08/04,0,3065447,-4251435,-1185988
2017/08/07,0,12828041,-11747827,1080214
2017/08/08,0,11752000,-14452000,-2700000
2017/08/09,0,9497330,-12102821,-2605491
2017/08/10,0,8188516,-10757000,-2568484
2017/08/11,0,6507000,-14124983,-7617983
2017/08/14,0,10700707,-20455455,-9754748
2017/08/15,0,13441930,-13408901,33029
2017/08/16,0,14106000,-18648000,-4542000
2017/08/17,0,8478601,-13750417,-5271816
2017/08/18,0,7778000,-9116000,-1338000
