Date,Open,Buy,Sell,Total
2007/01/02,0,0,-394000,-394000
2007/01/03,0,0,-783000,-783000
2007/01/04,0,0,-587673,-587673
2007/01/05,0,0,-1126000,-1126000
2007/01/08,0,0,-433602,-433602
2007/01/09,0,0,0,0
2007/01/10,0,0,-26000,-26000
2007/01/11,0,9000,0,9000
2007/01/12,0,5618000,-26000,5592000
2007/01/15,0,0,-1900000,-1900000
2007/01/16,0,6000,0,6000
2007/01/17,0,19000,0,19000
2007/01/18,0,0,-6000,-6000
2007/01/19,0,0,-1582000,-1582000
2007/01/22,0,56000,-4000,52000
2007/01/23,0,0,-638000,-638000
2007/01/24,0,30000,-220000,-190000
2007/01/25,0,30000,-1000,29000
2007/01/26,0,0,-1000,-1000
2007/01/29,0,0,-2000,-2000
2007/01/30,0,100000,0,100000
2007/01/31,0,0,0,0
2007/02/01,0,120000,-50000,70000
2007/02/02,0,153000,-200000,-47000
2007/02/05,0,60000,-2000,58000
2007/02/06,0,361000,0,361000
2007/02/07,0,0,-88000,-88000
2007/02/08,0,6000,-2000000,-1994000
2007/02/09,0,184000,-84000,100000
2007/02/12,0,0,-377000,-377000
2007/02/13,0,0,0,0
2007/02/14,0,0,-50000,-50000
2007/02/15,0,0,0,0
2007/02/16,0,0,0,0
2007/02/19,0,0,0,0
2007/02/20,0,0,0,0
2007/02/21,0,0,0,0
2007/02/22,0,0,0,0
2007/02/23,0,0,0,0
2007/02/26,0,250000,0,250000
2007/02/27,0,642000,-800000,-158000
2007/02/28,0,0,0,0
2007/03/01,0,2108000,-100000,2008000
2007/03/02,0,2770000,-1431000,1339000
2007/03/05,0,1830000,-300000,1530000
2007/03/06,0,3985000,-18000,3967000
2007/03/07,0,1712000,-18000,1694000
2007/03/08,0,250000,-500000,-250000
2007/03/09,0,100000,-151000,-51000
2007/03/12,0,12000,-352000,-340000
2007/03/13,0,0,-1503000,-1503000
2007/03/14,0,660000,-1974000,-1314000
2007/03/15,0,524000,-90000,434000
2007/03/16,0,5546000,-500000,5046000
2007/03/19,0,651000,-392000,259000
2007/03/20,0,0,-13000,-13000
2007/03/21,0,691000,-20000,671000
2007/03/22,0,10000,-10000,0
2007/03/23,0,0,-728000,-728000
2007/03/26,0,501000,-299000,202000
2007/03/27,0,1000,-117000,-116000
2007/03/28,0,0,-2055000,-2055000
2007/03/29,0,150000,-363000,-213000
2007/03/30,0,3700000,-339000,3361000
2007/04/02,0,600000,-2594000,-1994000
2007/04/03,0,264000,-3008000,-2744000
2007/04/04,0,551000,-1065000,-514000
2007/04/05,0,0,0,0
2007/04/06,0,0,0,0
2007/04/09,0,0,-2000,-2000
2007/04/10,0,1000000,-154000,846000
2007/04/11,0,903000,-82000,821000
2007/04/12,0,2050000,-3000,2047000
2007/04/13,0,4746000,-391000,4355000
2007/04/16,0,100000,-23000,77000
2007/04/17,0,335000,-393000,-58000
2007/04/18,0,17710000,0,17710000
2007/04/19,0,4366000,-30000,4336000
2007/04/20,0,700000,-3884000,-3184000
2007/04/23,0,662000,0,662000
2007/04/24,0,124000,-1330000,-1206000
2007/04/25,0,200000,0,200000
2007/04/26,0,280000,-5967000,-5687000
2007/04/27,0,0,-6187000,-6187000
2007/04/30,0,100000,-5899000,-5799000
2007/05/01,0,0,0,0
2007/05/02,0,187000,0,187000
2007/05/03,0,422000,-2620000,-2198000
2007/05/04,0,500000,-1176000,-676000
2007/05/07,0,1105000,-1787000,-682000
2007/05/08,0,0,-1705000,-1705000
2007/05/09,0,300000,-500000,-200000
2007/05/10,0,400000,-1214000,-814000
2007/05/11,0,600000,-611000,-11000
2007/05/14,0,0,-563000,-563000
2007/05/15,0,35000,-653000,-618000
2007/05/16,0,0,-159000,-159000
2007/05/17,0,0,-5000,-5000
2007/05/18,0,700000,-407000,293000
2007/05/21,0,500000,-3252000,-2752000
2007/05/22,0,9000,-3524000,-3515000
2007/05/23,0,0,-1508000,-1508000
2007/05/24,0,0,0,0
2007/05/25,0,1000,-240000,-239000
2007/05/28,0,0,0,0
2007/05/29,0,0,-25000,-25000
2007/05/30,0,0,-1550000,-1550000
2007/05/31,0,0,-748000,-748000
2007/06/01,0,0,-1350000,-1350000
2007/06/04,0,329000,0,329000
2007/06/05,0,0,-20000,-20000
2007/06/06,0,641000,-7000,634000
2007/06/07,0,600000,-303000,297000
2007/06/08,0,2666000,0,2666000
2007/06/11,0,606000,-190000,416000
2007/06/12,0,301000,-260000,41000
2007/06/13,0,0,-481000,-481000
2007/06/14,0,0,-492000,-492000
2007/06/15,0,753000,-529000,224000
2007/06/18,0,0,0,0
2007/06/19,0,0,0,0
2007/06/20,0,0,-1000,-1000
2007/06/21,0,0,-1823000,-1823000
2007/06/22,0,30000,-1150000,-1120000
2007/06/25,0,3863000,-3634000,229000
2007/06/26,0,100000,-1630000,-1530000
2007/06/27,0,0,-180000,-180000
2007/06/28,0,0,-500000,-500000
2007/06/29,0,2000,-654000,-652000
2007/07/02,0,0,-150000,-150000
2007/07/03,0,120000,0,120000
2007/07/04,0,2000,-620000,-618000
2007/07/05,0,738000,-90000,648000
2007/07/06,0,1102000,-210000,892000
2007/07/09,0,506000,-276000,230000
2007/07/10,0,301000,-1100000,-799000
2007/07/11,0,238000,-690000,-452000
2007/07/12,0,118000,-32000,86000
2007/07/13,0,0,-310000,-310000
2007/07/16,0,0,0,0
2007/07/17,0,0,-9000,-9000
2007/07/18,0,14000,-1014000,-1000000
2007/07/19,0,5000,0,5000
2007/07/20,0,7000,-4000,3000
2007/07/23,0,0,-560000,-560000
2007/07/24,0,96000,-572000,-476000
2007/07/25,0,141000,-1174000,-1033000
2007/07/26,0,19000,-3727000,-3708000
2007/07/27,0,2000,-20000,-18000
2007/07/30,0,5000,-1535000,-1530000
2007/07/31,0,0,-233000,-233000
2007/08/01,0,3000,-1109000,-1106000
2007/08/02,0,206000,-505000,-299000
2007/08/03,0,501000,-2000,499000
2007/08/06,0,51000,0,51000
2007/08/07,0,1000,0,1000
2007/08/08,0,589000,-259049,329951
2007/08/09,0,44000,0,44000
2007/08/10,0,72000,-272000,-200000
2007/08/13,0,0,-63000,-63000
2007/08/14,0,112000,0,112000
2007/08/15,0,112000,0,112000
2007/08/16,0,265000,-99000,166000
2007/08/17,0,530000,-20000,510000
2007/08/20,0,0,-868000,-868000
2007/08/21,0,214000,0,214000
2007/08/22,0,56000,-3000,53000
2007/08/23,0,6000,0,6000
2007/08/24,0,0,-8000,-8000
2007/08/27,0,6000,-4000,2000
2007/08/28,0,0,-894000,-894000
2007/08/29,0,0,-36000,-36000
2007/08/30,0,2000,0,2000
2007/08/31,0,0,-24000,-24000
2007/09/03,0,39000,-16000,23000
2007/09/04,0,54000,-62000,-8000
2007/09/05,0,126000,-50000,76000
2007/09/06,0,0,0,0
2007/09/07,0,5000,-32000,-27000
2007/09/10,0,0,-4000,-4000
2007/09/11,0,0,0,0
2007/09/12,0,3000,-130000,-127000
2007/09/13,0,2000000,0,2000000
2007/09/14,0,13000,-144000,-131000
2007/09/17,0,3000,0,3000
2007/09/18,0,0,0,0
2007/09/19,0,506000,-407000,99000
2007/09/20,0,14000,0,14000
2007/09/21,0,17000,-613000,-596000
2007/09/24,0,0,0,0
2007/09/25,0,0,0,0
2007/09/26,0,546000,-11000,535000
2007/09/27,0,71000,0,71000
2007/09/28,0,500000,-10000,490000
2007/10/01,0,0,-14000,-14000
2007/10/02,0,40000,-13000,27000
2007/10/03,0,0,-2000,-2000
2007/10/04,0,165000,0,165000
2007/10/05,0,0,-3000,-3000
2007/10/08,0,574000,-15000,559000
2007/10/09,0,140000,0,140000
2007/10/10,0,0,0,0
2007/10/11,0,633000,-209024,423976
2007/10/12,0,820000,-73966,746034
2007/10/15,0,7000,-10000,-3000
2007/10/16,0,6000,-105000,-99000
2007/10/17,0,300000,-2000,298000
2007/10/18,0,1872000,-30000,1842000
2007/10/19,0,775000,-89983,685017
2007/10/22,0,1000,0,1000
2007/10/23,0,859000,-7000,852000
2007/10/24,0,218000,-400000,-182000
2007/10/25,0,6000,-500000,-494000
2007/10/26,0,647000,0,647000
2007/10/29,0,1000,0,1000
2007/10/30,0,8000,-5000,3000
2007/10/31,0,180000,-200000,-20000
2007/11/01,0,329000,-169552,159448
2007/11/02,0,101000,-1339000,-1238000
2007/11/05,0,2000,-340000,-338000
2007/11/06,0,41000,-30000,11000
2007/11/07,0,1000,-900000,-899000
2007/11/08,0,6000,0,6000
2007/11/09,0,6000,0,6000
2007/11/12,0,7000,0,7000
2007/11/13,0,8000,-267000,-259000
2007/11/14,0,807000,-55769,751231
2007/11/15,0,1000,-34438,-33438
2007/11/16,0,13000,-100000,-87000
2007/11/19,0,3000,-202000,-199000
2007/11/20,0,705000,-1000,704000
2007/11/21,0,1318000,-40000,1278000
2007/11/22,0,5000,-2000000,-1995000
2007/11/23,0,15000,0,15000
2007/11/26,0,10000,0,10000
2007/11/27,0,2000,-334000,-332000
2007/11/28,0,2001000,0,2001000
2007/11/29,0,4000,0,4000
2007/11/30,0,8000,0,8000
2007/12/03,0,710000,-50000,660000
2007/12/04,0,413000,-530000,-117000
2007/12/05,0,41000,0,41000
2007/12/06,0,637000,-500000,137000
2007/12/07,0,0,-177,-177
2007/12/10,0,0,0,0
2007/12/11,0,1000,-20000,-19000
2007/12/12,0,0,0,0
2007/12/13,0,13000,-360000,-347000
2007/12/14,0,18000,-8000,10000
2007/12/17,0,0,-436000,-436000
2007/12/18,0,178000,-31000,147000
2007/12/19,0,2000,-300000,-298000
2007/12/20,0,1000,-355,645
2007/12/21,0,2000,-122000,-120000
2007/12/24,0,3000,-36000,-33000
2007/12/25,0,2000000,-1462000,538000
2007/12/26,0,0,-101966,-101966
2007/12/27,0,1585000,0,1585000
2007/12/28,0,0,-2000,-2000
2007/12/31,0,204000,-73000,131000
2008/01/01,0,0,0,0
2008/01/02,0,0,-218000,-218000
2008/01/03,0,1600000,-5213,1594787
2008/01/04,0,0,-2190504,-2190504
2008/01/07,0,3000,-1442000,-1439000
2008/01/08,0,656000,-73000,583000
2008/01/09,0,0,-537000,-537000
2008/01/10,0,1103000,-409437,693563
2008/01/11,0,1000,-33000,-32000
2008/01/14,0,1000,0,1000
2008/01/15,0,2000,-23000,-21000
2008/01/16,0,2000,-493000,-491000
2008/01/17,0,44000,-19000,25000
2008/01/18,0,50000,-22000,28000
2008/01/21,0,117000,0,117000
2008/01/22,0,0,-869000,-869000
2008/01/23,0,4000,0,4000
2008/01/24,0,24000,-150000,-126000
2008/01/25,0,7000,0,7000
2008/01/28,0,1000,-145000,-144000
2008/01/29,0,123000,0,123000
2008/01/30,0,31000,0,31000
2008/01/31,0,0,-50000,-50000
2008/02/01,0,494000,-634000,-140000
2008/02/04,0,0,0,0
2008/02/05,0,0,0,0
2008/02/06,0,0,0,0
2008/02/07,0,0,0,0
2008/02/08,0,0,0,0
2008/02/11,0,0,0,0
2008/02/12,0,0,-29000,-29000
2008/02/13,0,129000,-1321000,-1192000
2008/02/14,0,173000,-4057020,-3884020
2008/02/15,0,1000,0,1000
2008/02/18,0,169000,0,169000
2008/02/19,0,96000,-26000,70000
2008/02/20,0,0,-11000,-11000
2008/02/21,0,1000,-1000,0
2008/02/22,0,0,0,0
2008/02/25,0,3000,-3000,0
2008/02/26,0,2202000,-16000,2186000
2008/02/27,0,9840000,-79000,9761000
2008/02/28,0,0,0,0
2008/02/29,0,282000,-1000,281000
2008/03/03,0,28000,0,28000
2008/03/04,0,33000,-1000,32000
2008/03/05,0,1003000,-8000,995000
2008/03/06,0,1220000,-6000,1214000
2008/03/07,0,172000,-1300000,-1128000
2008/03/10,0,7000,-667000,-660000
2008/03/11,0,20000,-300000,-280000
2008/03/12,0,37000,0,37000
2008/03/13,0,0,-1001000,-1001000
2008/03/14,0,13000,0,13000
2008/03/17,0,6000,-471000,-465000
2008/03/18,0,70000,-5000,65000
2008/03/19,0,17000,-19000,-2000
2008/03/20,0,336000,0,336000
2008/03/21,0,12000,-508000,-496000
2008/03/24,0,2012000,-300000,1712000
2008/03/25,0,2090000,-30000,2060000
2008/03/26,0,218000,0,218000
2008/03/27,0,9000,-10000,-1000
2008/03/28,0,10000,-216000,-206000
2008/03/31,0,7000,-7000,0
2008/04/01,0,654000,-1000,653000
2008/04/02,0,11156000,0,11156000
2008/04/03,0,2435000,0,2435000
2008/04/04,0,0,0,0
2008/04/07,0,537000,-156000,381000
2008/04/08,0,383000,-108000,275000
2008/04/09,0,4000,-10300000,-10296000
2008/04/10,0,653000,-100000,553000
2008/04/11,0,899000,0,899000
2008/04/14,0,10000,-1003000,-993000
2008/04/15,0,2000,0,2000
2008/04/16,0,250000,-16000,234000
2008/04/17,0,2992000,-183000,2809000
2008/04/18,0,306000,-103000,203000
2008/04/21,0,58000,0,58000
2008/04/22,0,13000,-550000,-537000
2008/04/23,0,6000,-500000,-494000
2008/04/24,0,2710000,-1900000,810000
2008/04/25,0,4000,0,4000
2008/04/28,0,57000,0,57000
2008/04/29,0,9782000,-500000,9282000
2008/04/30,0,803000,-35000,768000
2008/05/01,0,0,0,0
2008/05/02,0,889000,0,889000
2008/05/05,0,218000,-8000,210000
2008/05/06,0,73000,-500000,-427000
2008/05/07,0,8572000,0,8572000
2008/05/08,0,2510000,-9000,2501000
2008/05/09,0,66000,0,66000
2008/05/12,0,554000,-5000,549000
2008/05/13,0,5199000,-21000,5178000
2008/05/14,0,580000,0,580000
2008/05/15,0,869000,0,869000
2008/05/16,0,2698000,0,2698000
2008/05/19,0,850000,-355000,495000
2008/05/20,0,4746000,-16000,4730000
2008/05/21,0,2200000,-9000,2191000
2008/05/22,0,15000,-124000,-109000
2008/05/23,0,208000,-4000,204000
2008/05/26,0,1189000,-200000,989000
2008/05/27,0,1240000,-114000,1126000
2008/05/28,0,6314000,0,6314000
2008/05/29,0,2312000,0,2312000
2008/05/30,0,252000,0,252000
2008/06/02,0,2683000,0,2683000
2008/06/03,0,150000,0,150000
2008/06/04,0,6144000,0,6144000
2008/06/05,0,5263000,0,5263000
2008/06/06,0,3907000,0,3907000
2008/06/09,0,4000,0,4000
2008/06/10,0,6000,-47000,-41000
2008/06/11,0,2034000,0,2034000
2008/06/12,0,2370000,0,2370000
2008/06/13,0,749000,0,749000
2008/06/16,0,353000,-26000,327000
2008/06/17,0,217000,0,217000
2008/06/18,0,1380000,0,1380000
2008/06/19,0,0,-7000,-7000
2008/06/20,0,1080000,-2000,1078000
2008/06/23,0,2129000,-700000,1429000
2008/06/24,0,2427000,-2654000,-227000
2008/06/25,0,1355000,-8000,1347000
2008/06/26,0,600000,0,600000
2008/06/27,0,504000,-400000,104000
2008/06/30,0,1446000,-250000,1196000
2008/07/01,0,532000,-250000,282000
2008/07/02,0,4056000,-156000,3900000
2008/07/03,0,2431000,0,2431000
2008/07/04,0,566000,-202000,364000
2008/07/07,0,2782000,0,2782000
2008/07/08,0,4130000,-1200000,2930000
2008/07/09,0,1350000,-11000,1339000
2008/07/10,0,50000,-533000,-483000
2008/07/11,0,5066000,0,5066000
2008/07/14,0,1002000,0,1002000
2008/07/15,0,647000,-1433000,-786000
2008/07/16,0,3501000,-1000,3500000
2008/07/17,0,10830000,0,10830000
2008/07/18,0,2119000,-619000,1500000
2008/07/21,0,253000,0,253000
2008/07/22,0,1123000,-123000,1000000
2008/07/23,0,601000,-502042,98958
2008/07/24,0,302000,-21000,281000
2008/07/25,0,1498000,-771000,727000
2008/07/28,0,0,0,0
2008/07/29,0,10000,-625000,-615000
2008/07/30,0,8000,-420000,-412000
2008/07/31,0,1013000,0,1013000
2008/08/01,0,507000,0,507000
2008/08/04,0,3000,-4000,-1000
2008/08/05,0,268000,0,268000
2008/08/06,0,610000,-4950830,-4340830
2008/08/07,0,7344000,-206000,7138000
2008/08/08,0,5522000,-158000,5364000
2008/08/11,0,509000,0,509000
2008/08/12,0,140000,-2952000,-2812000
2008/08/13,0,1350000,-5675000,-4325000
2008/08/14,0,1677000,-476000,1201000
2008/08/15,0,12000,-3722000,-3710000
2008/08/18,0,1266000,-10833000,-9567000
2008/08/19,0,975000,-3041000,-2066000
2008/08/20,0,938000,-20000,918000
2008/08/21,0,14000,-171000,-157000
2008/08/22,0,205000,-602000,-397000
2008/08/25,0,3000,-152000,-149000
2008/08/26,0,5093000,-1333000,3760000
2008/08/27,0,2300000,-200000,2100000
2008/08/28,0,1400000,-3203000,-1803000
2008/08/29,0,1307000,-3704000,-2397000
2008/09/01,0,856000,-16498000,-15642000
2008/09/02,0,22000,-6499000,-6477000
2008/09/03,0,1214000,-1750000,-536000
2008/09/04,0,36000,-336000,-300000
2008/09/05,0,1280000,-200000,1080000
2008/09/08,0,298000,0,298000
2008/09/09,0,785000,0,785000
2008/09/10,0,585000,-100000,485000
2008/09/11,0,0,-1100000,-1100000
2008/09/12,0,1000,-2000000,-1999000
2008/09/15,0,1094000,-434000,660000
2008/09/16,0,327000,-6834000,-6507000
2008/09/17,0,969000,-6090000,-5121000
2008/09/18,0,1028000,-7818000,-6790000
2008/09/19,0,600000,-993000,-393000
2008/09/22,0,507000,-3859723,-3352723
2008/09/23,0,300000,-1098232,-798232
2008/09/24,0,0,-69464,-69464
2008/09/25,0,6000,-262039,-256039
2008/09/26,0,8000,-45000,-37000
2008/09/29,0,0,0,0
2008/09/30,0,0,-3516947,-3516947
2008/10/01,0,1000,-424268,-423268
2008/10/02,0,440000,-772179,-332179
2008/10/03,0,127000,-33000,94000
2008/10/06,0,120000,-1032000,-912000
2008/10/07,0,0,-1270537,-1270537
2008/10/08,0,48000,-3320540,-3272540
2008/10/09,0,14000,-1470698,-1456698
2008/10/10,0,0,0,0
2008/10/13,0,0,0,0
2008/10/14,0,800000,-61503,738497
2008/10/15,0,16000,-2035872,-2019872
2008/10/16,0,5000,-685000,-680000
2008/10/17,0,818000,-1579664,-761664
2008/10/20,0,1280000,-1883386,-603386
2008/10/21,0,1416000,-2907931,-1491931
2008/10/22,0,380000,-1438000,-1058000
2008/10/23,0,15000,0,15000
2008/10/24,0,0,-383285,-383285
2008/10/27,0,0,-585000,-585000
2008/10/28,0,2009000,-1315323,693677
2008/10/29,0,1250000,-9165009,-7915009
2008/10/30,0,5803000,-4156943,1646057
2008/10/31,0,6246000,-1654339,4591661
2008/11/03,0,5008000,-4813000,195000
2008/11/04,0,157000,-4786751,-4629751
2008/11/05,0,2552000,-5932000,-3380000
2008/11/06,0,49000,-4936415,-4887415
2008/11/07,0,0,-7567673,-7567673
2008/11/10,0,10000,-800517,-790517
2008/11/11,0,1000,-3450616,-3449616
2008/11/12,0,1000,-1880615,-1879615
2008/11/13,0,2557000,-28000,2529000
2008/11/14,0,765000,-308185,456815
2008/11/17,0,1000,-84000,-83000
2008/11/18,0,2153000,0,2153000
2008/11/19,0,749000,0,749000
2008/11/20,0,216000,-143000,73000
2008/11/21,0,784000,-191000,593000
2008/11/24,0,63000,0,63000
2008/11/25,0,731000,0,731000
2008/11/26,0,56000,0,56000
2008/11/27,0,126000,-4858085,-4732085
2008/11/28,0,0,-417000,-417000
2008/12/01,0,186000,0,186000
2008/12/02,0,0,-1802207,-1802207
2008/12/03,0,470000,-732000,-262000
2008/12/04,0,1309000,-8075000,-6766000
2008/12/05,0,300000,0,300000
2008/12/08,0,148000,-137000,11000
2008/12/09,0,4017000,-300000,3717000
2008/12/10,0,9497000,0,9497000
2008/12/11,0,14710000,-2001787,12708213
2008/12/12,0,11309000,0,11309000
2008/12/15,0,10920000,-1700000,9220000
2008/12/16,0,0,-36000,-36000
2008/12/17,0,3000,-3500000,-3497000
2008/12/18,0,3000,-20000,-17000
2008/12/19,0,1679000,-3810000,-2131000
2008/12/22,0,6078000,-49000,6029000
2008/12/23,0,0,0,0
2008/12/24,0,404000,-620000,-216000
2008/12/25,0,1201000,0,1201000
2008/12/26,0,2000,0,2000
2008/12/29,0,0,-649,-649
2008/12/30,0,0,0,0
2008/12/31,0,0,-24000,-24000
2009/01/01,0,0,0,0
2009/01/02,0,0,0,0
2009/01/05,0,175000,0,175000
2009/01/06,0,677000,-10000,667000
2009/01/07,0,4037000,0,4037000
2009/01/08,0,5393000,-3220000,2173000
2009/01/09,0,304000,-4812000,-4508000
2009/01/12,0,1502000,-3510000,-2008000
2009/01/13,0,1343000,0,1343000
2009/01/14,0,0,-14000,-14000
2009/01/15,0,609000,-95000,514000
2009/01/16,0,1000,-48000,-47000
2009/01/19,0,1548000,-493000,1055000
2009/01/20,0,0,-171000,-171000
2009/01/21,0,0,-1001000,-1001000
2009/01/22,0,0,0,0
2009/01/23,0,0,0,0
2009/01/26,0,0,0,0
2009/01/27,0,0,0,0
2009/01/28,0,0,0,0
2009/01/29,0,0,0,0
2009/01/30,0,0,0,0
2009/02/02,0,3800000,-815,3799185
2009/02/03,0,3655000,-1043000,2612000
2009/02/04,0,88000,0,88000
2009/02/05,0,2081000,0,2081000
2009/02/06,0,1238000,-2050000,-812000
2009/02/09,0,50000,-404000,-354000
2009/02/10,0,422000,-223000,199000
2009/02/11,0,520000,-2802000,-2282000
2009/02/12,0,1167000,-602000,565000
2009/02/13,0,1500000,-508000,992000
2009/02/16,0,1583000,-713000,870000
2009/02/17,0,0,-4035000,-4035000
2009/02/18,0,113000,-3850417,-3737417
2009/02/19,0,0,0,0
2009/02/20,0,44000,-2017000,-1973000
2009/02/23,0,0,-103000,-103000
2009/02/24,0,0,-3214000,-3214000
2009/02/25,0,0,-6300126,-6300126
2009/02/26,0,0,-2363000,-2363000
2009/02/27,0,261000,-4500000,-4239000
2009/03/02,0,90000,-1798125,-1708125
2009/03/03,0,2577000,0,2577000
2009/03/04,0,1800000,-2000,1798000
2009/03/05,0,3112000,-7842401,-4730401
2009/03/06,0,7594000,-35000,7559000
2009/03/09,0,8426000,-650000,7776000
2009/03/10,0,1300000,-131000,1169000
2009/03/11,0,341000,-442000,-101000
2009/03/12,0,0,-223000,-223000
2009/03/13,0,4628000,-82000,4546000
2009/03/16,0,1815000,-4644000,-2829000
2009/03/17,0,241000,-15967000,-15726000
2009/03/18,0,2750000,-7882000,-5132000
2009/03/19,0,2200000,-837000,1363000
2009/03/20,0,0,-5351000,-5351000
2009/03/23,0,3324000,-163000,3161000
2009/03/24,0,3408000,-7000,3401000
2009/03/25,0,2500000,-850000,1650000
2009/03/26,0,3228000,-2150000,1078000
2009/03/27,0,83000,-7175478,-7092478
2009/03/30,0,70000,-300000,-230000
2009/03/31,0,1200000,-912000,288000
2009/04/01,0,173000,-351000,-178000
2009/04/02,0,3589000,-1538000,2051000
2009/04/03,0,4483000,-2613000,1870000
2009/04/06,0,575000,-358000,217000
2009/04/07,0,1000,-1010929,-1009929
2009/04/08,0,0,0,0
2009/04/09,0,530000,-661000,-131000
2009/04/10,0,385000,-510000,-125000
2009/04/13,0,0,-15433396,-15433396
2009/04/14,0,0,-12486000,-12486000
2009/04/15,0,0,-2000000,-2000000
2009/04/16,0,0,-6817000,-6817000
2009/04/17,0,0,-4152000,-4152000
2009/04/20,0,8000,-825000,-817000
2009/04/21,0,1000,-1500000,-1499000
2009/04/22,0,4406000,0,4406000
2009/04/23,0,1312000,-14000,1298000
2009/04/24,0,4053000,-1000,4052000
2009/04/27,0,301000,0,301000
2009/04/28,0,0,-41000,-41000
2009/04/29,0,0,-469000,-469000
2009/04/30,0,200000,-1749000,-1549000
2009/05/01,0,0,0,0
2009/05/04,0,2028000,-4000,2024000
2009/05/05,0,4134000,-46000,4088000
2009/05/06,0,585000,-367000,218000
2009/05/07,0,0,-5000,-5000
2009/05/08,0,550000,-6308000,-5758000
2009/05/11,0,3497000,-3437000,60000
2009/05/12,0,0,-212000,-212000
2009/05/13,0,58000,-502000,-444000
2009/05/14,0,50000,-214000,-164000
2009/05/15,0,253000,-4672000,-4419000
2009/05/18,0,130000,-10000,120000
2009/05/19,0,0,-11000,-11000
2009/05/20,0,1147000,0,1147000
2009/05/21,0,704000,-50000,654000
2009/05/22,0,0,-2887000,-2887000
2009/05/25,0,40000,-1964000,-1924000
2009/05/26,0,285000,-3014000,-2729000
2009/05/27,0,2004000,-32000,1972000
2009/05/28,0,0,0,0
2009/05/29,0,0,0,0
2009/06/01,0,2336000,-6000,2330000
2009/06/02,0,3441000,-32000,3409000
2009/06/03,0,3973000,-225000,3748000
2009/06/04,0,4709000,-904000,3805000
2009/06/05,0,0,-68000,-68000
2009/06/08,0,36000,-2386000,-2350000
2009/06/09,0,5000,-281000,-276000
2009/06/10,0,458000,-692000,-234000
2009/06/11,0,167000,0,167000
2009/06/12,0,0,0,0
2009/06/15,0,13000,0,13000
2009/06/16,0,4406000,-95000,4311000
2009/06/17,0,774000,-37000,737000
2009/06/18,0,970000,-4500000,-3530000
2009/06/19,0,1000,-585000,-584000
2009/06/22,0,13000,0,13000
2009/06/23,0,350000,-30000,320000
2009/06/24,0,1252000,-8000,1244000
2009/06/25,0,2000,-5000,-3000
2009/06/26,0,2713000,-151000,2562000
2009/06/29,0,2743000,0,2743000
2009/06/30,0,3984000,-140000,3844000
2009/07/01,0,7255000,-650000,6605000
2009/07/02,0,330000,-1000,329000
2009/07/03,0,358000,-2018000,-1660000
2009/07/06,0,2575000,-523000,2052000
2009/07/07,0,5687000,0,5687000
2009/07/08,0,1192000,-1753000,-561000
2009/07/09,0,750000,0,750000
2009/07/10,0,750000,-1906000,-1156000
2009/07/13,0,0,-671000,-671000
2009/07/14,0,0,-30000,-30000
2009/07/15,0,1125000,-20000,1105000
2009/07/16,0,5880000,-67000,5813000
2009/07/17,0,2000,-886000,-884000
2009/07/20,0,0,0,0
2009/07/21,0,215000,-550000,-335000
2009/07/22,0,0,-681000,-681000
2009/07/23,0,1000000,-1358000,-358000
2009/07/24,0,882000,-8000,874000
2009/07/27,0,0,0,0
2009/07/28,0,480000,0,480000
2009/07/29,0,461000,-350000,111000
2009/07/30,0,4026000,-3019000,1007000
2009/07/31,0,4990000,-173000,4817000
2009/08/03,0,1900000,-2234000,-334000
2009/08/04,0,5023000,-2004000,3019000
2009/08/05,0,1820000,-173000,1647000
2009/08/06,0,1850000,-1278000,572000
2009/08/07,0,0,0,0
2009/08/10,0,1145000,-36000,1109000
2009/08/11,0,157000,-1000000,-843000
2009/08/12,0,2819000,-148000,2671000
2009/08/13,0,0,-9000,-9000
2009/08/14,0,6976000,-179000,6797000
2009/08/17,0,380000,-186000,194000
2009/08/18,0,8000,-161000,-153000
2009/08/19,0,3897000,-2000000,1897000
2009/08/20,0,11751000,0,11751000
2009/08/21,0,11278000,-603000,10675000
2009/08/24,0,2357000,-65000,2292000
2009/08/25,0,6300000,-2461000,3839000
2009/08/26,0,100000,-500000,-400000
2009/08/27,0,112000,-509297,-397297
2009/08/28,0,0,0,0
2009/08/31,0,128000,-300000,-172000
2009/09/01,0,0,-200000,-200000
2009/09/02,0,150000,0,150000
2009/09/03,0,0,-8000,-8000
2009/09/04,0,4290000,-10000,4280000
2009/09/07,0,0,-2197996,-2197996
2009/09/08,0,379000,-328000,51000
2009/09/09,0,634000,-376000,258000
2009/09/10,0,4029000,0,4029000
2009/09/11,0,750000,-454004,295996
2009/09/14,0,3000,-234000,-231000
2009/09/15,0,1400000,-1000000,400000
2009/09/16,0,3041000,-1450000,1591000
2009/09/17,0,500000,0,500000
2009/09/18,0,3725000,-2303000,1422000
2009/09/21,0,1453000,-204000,1249000
2009/09/22,0,0,-623000,-623000
2009/09/23,0,917000,-3000,914000
2009/09/24,0,1850000,0,1850000
2009/09/25,0,692000,-1000000,-308000
2009/09/28,0,570000,-500000,70000
2009/09/29,0,10000,0,10000
2009/09/30,0,3000000,0,3000000
2009/10/01,0,6750000,-500000,6250000
2009/10/02,0,523000,-190000,333000
2009/10/05,0,0,-350000,-350000
2009/10/06,0,0,-100000,-100000
2009/10/07,0,0,0,0
2009/10/08,0,0,-2188000,-2188000
2009/10/09,0,3000,-3061000,-3058000
2009/10/12,0,1122000,-1420000,-298000
2009/10/13,0,1154000,-1950000,-796000
2009/10/14,0,1130000,-1708000,-578000
2009/10/15,0,2000000,-200000,1800000
2009/10/16,0,6789000,0,6789000
2009/10/19,0,1091000,0,1091000
2009/10/20,0,5067000,0,5067000
2009/10/21,0,10000,-9000,1000
2009/10/22,0,0,-940000,-940000
2009/10/23,0,250000,-1816000,-1566000
2009/10/26,0,100000,-470000,-370000
2009/10/27,0,6000,0,6000
2009/10/28,0,0,-3759000,-3759000
2009/10/29,0,103000,-1377000,-1274000
2009/10/30,0,1145000,0,1145000
2009/11/02,0,4098000,0,4098000
2009/11/03,0,8342000,-900000,7442000
2009/11/04,0,6000,-1935000,-1929000
2009/11/05,0,7000,-1136000,-1129000
2009/11/06,0,1560000,-393000,1167000
2009/11/09,0,86000,0,86000
2009/11/10,0,3000,-7000,-4000
2009/11/11,0,632000,0,632000
2009/11/12,0,1368000,-53000,1315000
2009/11/13,0,1327000,-16000,1311000
2009/11/16,0,1683000,-1000,1682000
2009/11/17,0,1508000,-300000,1208000
2009/11/18,0,330000,-5850000,-5520000
2009/11/19,0,145000,-5649000,-5504000
2009/11/20,0,13000,-3875000,-3862000
2009/11/23,0,700000,-181000,519000
2009/11/24,0,0,-1048000,-1048000
2009/11/25,0,0,-30000,-30000
2009/11/26,0,1755000,-3172000,-1417000
2009/11/27,0,0,-2404000,-2404000
2009/11/30,0,0,-3422000,-3422000
2009/12/01,0,0,-14374000,-14374000
2009/12/02,0,440000,-4167000,-3727000
2009/12/03,0,243000,-2335000,-2092000
2009/12/04,0,0,-3209000,-3209000
2009/12/07,0,0,-6063000,-6063000
2009/12/08,0,622000,-20187,601813
2009/12/09,0,0,-791000,-791000
2009/12/10,0,0,-1354000,-1354000
2009/12/11,0,1533000,0,1533000
2009/12/14,0,0,-13000,-13000
2009/12/15,0,0,-3431000,-3431000
2009/12/16,0,183000,-1313000,-1130000
2009/12/17,0,0,0,0
2009/12/18,0,507000,-201000,306000
2009/12/21,0,330000,0,330000
2009/12/22,0,145000,-5000,140000
2009/12/23,0,0,-1450000,-1450000
2009/12/24,0,754000,-37000,717000
2009/12/25,0,0,-10000,-10000
2009/12/28,0,0,-451000,-451000
2009/12/29,0,0,-607000,-607000
2009/12/30,0,0,-40000,-40000
2009/12/31,0,0,-1193000,-1193000
2010/01/01,0,0,0,0
2010/01/04,0,9000,0,9000
2010/01/05,0,0,-10000,-10000
2010/01/06,0,0,-616000,-616000
2010/01/07,0,1584000,-4000,1580000
2010/01/08,0,420000,-415000,5000
2010/01/11,0,1433000,-630000,803000
2010/01/12,0,400000,-8000,392000
2010/01/13,0,0,-40000,-40000
2010/01/14,0,0,-2924000,-2924000
2010/01/15,0,0,-1547000,-1547000
2010/01/18,0,0,-1269000,-1269000
2010/01/19,0,3000,-2426000,-2423000
2010/01/20,0,1765000,-1061000,704000
2010/01/21,0,1745000,-113000,1632000
2010/01/22,0,546000,-47000,499000
2010/01/25,0,2052000,-536000,1516000
2010/01/26,0,0,-630000,-630000
2010/01/27,0,593000,-846000,-253000
2010/01/28,0,786000,-278000,508000
2010/01/29,0,442000,0,442000
2010/02/01,0,211000,-477000,-266000
2010/02/02,0,3897000,-496000,3401000
2010/02/03,0,1273000,-358000,915000
2010/02/04,0,5423000,-402000,5021000
2010/02/05,0,127000,-1531000,-1404000
2010/02/08,0,2292000,-182000,2110000
2010/02/09,0,2106000,-832320,1273680
2010/02/10,0,6459000,-615024,5843976
2010/02/11,0,0,0,0
2010/02/12,0,0,0,0
2010/02/15,0,0,0,0
2010/02/16,0,0,0,0
2010/02/17,0,0,0,0
2010/02/18,0,0,0,0
2010/02/19,0,0,0,0
2010/02/22,0,4428000,-221000,4207000
2010/02/23,0,179000,-729000,-550000
2010/02/24,0,172000,-1549000,-1377000
2010/02/25,0,151000,-1823000,-1672000
2010/02/26,0,522000,-1453000,-931000
2010/03/01,0,426000,-322000,104000
2010/03/02,0,600000,-1126000,-526000
2010/03/03,0,0,-496000,-496000
2010/03/04,0,1788000,-1616000,172000
2010/03/05,0,317000,-708760,-391760
2010/03/08,0,7646000,-873000,6773000
2010/03/09,0,2149000,-1673000,476000
2010/03/10,0,975000,-7000,968000
2010/03/11,0,2707000,0,2707000
2010/03/12,0,519000,-36000,483000
2010/03/15,0,200000,-380000,-180000
2010/03/16,0,200000,-360000,-160000
2010/03/17,0,484000,-1965000,-1481000
2010/03/18,0,470000,-339000,131000
2010/03/19,0,2012000,-1591000,421000
2010/03/22,0,1093000,-507000,586000
2010/03/23,0,2042000,-310000,1732000
2010/03/24,0,326000,-504000,-178000
2010/03/25,0,0,-7448,-7448
2010/03/26,0,2112000,-80000,2032000
2010/03/29,0,8000,-1472000,-1464000
2010/03/30,0,0,-4977000,-4977000
2010/03/31,0,1554000,-2458000,-904000
2010/04/01,0,6331000,-1345000,4986000
2010/04/02,0,2667000,-7000,2660000
2010/04/05,0,0,0,0
2010/04/06,0,359000,-1045000,-686000
2010/04/07,0,1628000,-2770000,-1142000
2010/04/08,0,564000,-3492000,-2928000
2010/04/09,0,2050000,-2424000,-374000
2010/04/12,0,828000,-1004000,-176000
2010/04/13,0,130000,-1046000,-916000
2010/04/14,0,0,-1615000,-1615000
2010/04/15,0,580000,-406000,174000
2010/04/16,0,0,-2243000,-2243000
2010/04/19,0,0,-6423669,-6423669
2010/04/20,0,204000,-5640000,-5436000
2010/04/21,0,639000,-30000,609000
2010/04/22,0,50000,-60000,-10000
2010/04/23,0,100000,-300000,-200000
2010/04/26,0,0,-1652000,-1652000
2010/04/27,0,3097000,-94000,3003000
2010/04/28,0,0,-169000,-169000
2010/04/29,0,80000,-600000,-520000
2010/04/30,0,0,-17000,-17000
2010/05/03,0,0,-2690000,-2690000
2010/05/04,0,0,-100000,-100000
2010/05/05,0,1318000,-693000,625000
2010/05/06,0,483000,-775000,-292000
2010/05/07,0,1855000,-1000,1854000
2010/05/10,0,1012000,0,1012000
2010/05/11,0,8000,-100000,-92000
2010/05/12,0,500000,-4495000,-3995000
2010/05/13,0,756000,-5146000,-4390000
2010/05/14,0,337000,-4965000,-4628000
2010/05/17,0,1000,-2596000,-2595000
2010/05/18,0,154000,-2437000,-2283000
2010/05/19,0,1000000,-1773000,-773000
2010/05/20,0,1039000,-1167045,-128045
2010/05/21,0,198000,-1112000,-914000
2010/05/24,0,875000,-195833,679167
2010/05/25,0,437000,-48000,389000
2010/05/26,0,710000,-1000,709000
2010/05/27,0,2998000,-200000,2798000
2010/05/28,0,1915000,-4000,1911000
2010/05/31,0,115000,-1735000,-1620000
2010/06/01,0,95000,-200000,-105000
2010/06/02,0,0,-738000,-738000
2010/06/03,0,300000,-1209000,-909000
2010/06/04,0,486000,-1200000,-714000
2010/06/07,0,0,0,0
2010/06/08,0,240000,-3079000,-2839000
2010/06/09,0,0,-1254000,-1254000
2010/06/10,0,102000,-1650000,-1548000
2010/06/11,0,0,-975,-975
2010/06/14,0,6000,-2000,4000
2010/06/15,0,360000,-1587000,-1227000
2010/06/16,0,0,0,0
2010/06/17,0,2300000,-3000,2297000
2010/06/18,0,7000,-18000,-11000
2010/06/21,0,150000,-200000,-50000
2010/06/22,0,500000,-2789000,-2289000
2010/06/23,0,0,-292000,-292000
2010/06/24,0,38000,-425000,-387000
2010/06/25,0,0,-63000,-63000
2010/06/28,0,114000,0,114000
2010/06/29,0,482000,-693000,-211000
2010/06/30,0,446000,-3346000,-2900000
2010/07/01,0,0,-2067000,-2067000
2010/07/02,0,106000,-1761000,-1655000
2010/07/05,0,0,-1855000,-1855000
2010/07/06,0,18000,-418000,-400000
2010/07/07,0,0,-1578000,-1578000
2010/07/08,0,0,-1169000,-1169000
2010/07/09,0,0,0,0
2010/07/12,0,0,-751000,-751000
2010/07/13,0,0,-153964,-153964
2010/07/14,0,0,0,0
2010/07/15,0,3040000,-200000,2840000
2010/07/16,0,300000,-1369000,-1069000
2010/07/19,0,0,-1888000,-1888000
2010/07/20,0,0,-4054000,-4054000
2010/07/21,0,264000,-4051000,-3787000
2010/07/22,0,0,-4457000,-4457000
2010/07/23,0,5000,-3500000,-3495000
2010/07/26,0,1000,-264000,-263000
2010/07/27,0,256000,-1465000,-1209000
2010/07/28,0,0,0,0
2010/07/29,0,0,-1700000,-1700000
2010/07/30,0,3000,-1216000,-1213000
2010/08/02,0,28000,-2765000,-2737000
2010/08/03,0,2008000,-6519000,-4511000
2010/08/04,0,0,-219000,-219000
2010/08/05,0,0,-2016000,-2016000
2010/08/06,0,0,-5034000,-5034000
2010/08/09,0,33000,-3719000,-3686000
2010/08/10,0,67000,-900000,-833000
2010/08/11,0,71000,-968000,-897000
2010/08/12,0,0,-19000,-19000
2010/08/13,0,93000,-9000,84000
2010/08/16,0,0,-4000,-4000
2010/08/17,0,3000,-1413000,-1410000
2010/08/18,0,0,-10000,-10000
2010/08/19,0,0,-2303000,-2303000
2010/08/20,0,0,-15000,-15000
2010/08/23,0,0,-900000,-900000
2010/08/24,0,0,-916000,-916000
2010/08/25,0,33000,-408000,-375000
2010/08/26,0,47000,-1621000,-1574000
2010/08/27,0,4000,-400000,-396000
2010/08/30,0,14000,-2199000,-2185000
2010/08/31,0,112000,-1200000,-1088000
2010/09/01,0,0,-300000,-300000
2010/09/02,0,21000,-536000,-515000
2010/09/03,0,3000,-252377,-249377
2010/09/06,0,0,-3362654,-3362654
2010/09/07,0,43000,-1068780,-1025780
2010/09/08,0,0,-200000,-200000
2010/09/09,0,0,-2131000,-2131000
2010/09/10,0,45000,-1898,43102
2010/09/13,0,0,-969275,-969275
2010/09/14,0,3000000,-9000,2991000
2010/09/15,0,2000000,-424000,1576000
2010/09/16,0,2235000,-15000,2220000
2010/09/17,0,681000,-9000,672000
2010/09/20,0,200000,-804000,-604000
2010/09/21,0,1392000,-7000,1385000
2010/09/22,0,0,0,0
2010/09/23,0,3000000,-910000,2090000
2010/09/24,0,0,-49000,-49000
2010/09/27,0,0,-458000,-458000
2010/09/28,0,94000,0,94000
2010/09/29,0,915000,-500000,415000
2010/09/30,0,2210000,-77942,2132058
2010/10/01,0,0,-194770,-194770
2010/10/04,0,341000,-985,340015
2010/10/05,0,2714000,-530830,2183170
2010/10/06,0,1678000,-3000,1675000
2010/10/07,0,1450000,0,1450000
2010/10/08,0,285000,-144000,141000
2010/10/11,0,102000,0,102000
2010/10/12,0,114000,-245879,-131879
2010/10/13,0,0,-124000,-124000
2010/10/14,0,9000,-165000,-156000
2010/10/15,0,0,-2000,-2000
2010/10/18,0,740000,-718960,21040
2010/10/19,0,611000,-866,610134
2010/10/20,0,255000,-75000,180000
2010/10/21,0,1292000,-327405,964595
2010/10/22,0,1134000,-30000,1104000
2010/10/25,0,3565000,0,3565000
2010/10/26,0,2471000,0,2471000
2010/10/27,0,116000,0,116000
2010/10/28,0,4096000,0,4096000
2010/10/29,0,4120000,-2000,4118000
2010/11/01,0,6252000,0,6252000
2010/11/02,0,10175000,0,10175000
2010/11/03,0,5646000,-100000,5546000
2010/11/04,0,2672000,0,2672000
2010/11/05,0,641000,0,641000
2010/11/08,0,1340000,-4000,1336000
2010/11/09,0,1261000,-888000,373000
2010/11/10,0,496000,-6000,490000
2010/11/11,0,388000,0,388000
2010/11/12,0,112000,-1208000,-1096000
2010/11/15,0,430000,-501000,-71000
2010/11/16,0,477000,-17000,460000
2010/11/17,0,738000,-500000,238000
2010/11/18,0,0,-532000,-532000
2010/11/19,0,1144000,-170000,974000
2010/11/22,0,604000,0,604000
2010/11/23,0,2230000,0,2230000
2010/11/24,0,950000,0,950000
2010/11/25,0,2247000,-24000,2223000
2010/11/26,0,1493000,-59942,1433058
2010/11/29,0,900000,-241961,658039
2010/11/30,0,350000,-52000,298000
2010/12/01,0,1389000,-940000,449000
2010/12/02,0,0,-1281000,-1281000
2010/12/03,0,300000,-1930850,-1630850
2010/12/06,0,443000,-1857000,-1414000
2010/12/07,0,500000,-4196004,-3696004
2010/12/08,0,850000,-928000,-78000
2010/12/09,0,1423000,-300000,1123000
2010/12/10,0,420000,-11000,409000
2010/12/13,0,230000,-4000,226000
2010/12/14,0,4200000,-374948,3825052
2010/12/15,0,1000000,-250000,750000
2010/12/16,0,2894000,-134000,2760000
2010/12/17,0,958000,-721000,237000
2010/12/20,0,181000,-749000,-568000
2010/12/21,0,661000,-1159000,-498000
2010/12/22,0,155000,-2709000,-2554000
2010/12/23,0,437000,-1749000,-1312000
2010/12/24,0,0,-1923224,-1923224
2010/12/27,0,0,-92000,-92000
2010/12/28,0,0,-171000,-171000
2010/12/29,0,0,-2982000,-2982000
2010/12/30,0,0,0,0
2010/12/31,0,1614000,-130000,1484000
2011/01/03,0,555000,-1802000,-1247000
2011/01/04,0,1402000,-890000,512000
2011/01/05,0,477000,-30000,447000
2011/01/06,0,0,-869000,-869000
2011/01/07,0,1890000,-944000,946000
2011/01/10,0,0,-7000,-7000
2011/01/11,0,3838000,0,3838000
2011/01/12,0,3005000,-1150000,1855000
2011/01/13,0,1356000,-73000,1283000
2011/01/14,0,1238000,-1000000,238000
2011/01/17,0,2093000,-88000,2005000
2011/01/18,0,3119000,-794000,2325000
2011/01/19,0,3951000,-18000,3933000
2011/01/20,0,2130000,-83000,2047000
2011/01/21,0,447262,-479000,-31738
2011/01/24,0,210000,-159000,51000
2011/01/25,0,1559000,-15000,1544000
2011/01/26,0,0,-207000,-207000
2011/01/27,0,755000,-35000,720000
2011/01/28,0,130000,-455000,-325000
2011/01/31,0,0,0,0
2011/02/01,0,0,0,0
2011/02/02,0,0,0,0
2011/02/03,0,0,0,0
2011/02/04,0,0,0,0
2011/02/07,0,0,0,0
2011/02/08,0,173000,0,173000
2011/02/09,0,0,-7000,-7000
2011/02/10,0,0,-215682,-215682
2011/02/11,0,243000,-350000,-107000
2011/02/14,0,240000,-100000,140000
2011/02/15,0,1840000,-610000,1230000
2011/02/16,0,232000,-638000,-406000
2011/02/17,0,298000,-940000,-642000
2011/02/18,0,277000,0,277000
2011/02/21,0,0,-218000,-218000
2011/02/22,0,1195000,-1329000,-134000
2011/02/23,0,141000,-2246000,-2105000
2011/02/24,0,6000,-2705000,-2699000
2011/02/25,0,334000,-6174000,-5840000
2011/02/28,0,0,0,0
2011/03/01,0,280000,-3520000,-3240000
2011/03/02,0,0,-1500000,-1500000
2011/03/03,0,273000,-2286000,-2013000
2011/03/04,0,4898000,-1959636,2938364
2011/03/07,0,364000,-720000,-356000
2011/03/08,0,1028000,-2417000,-1389000
2011/03/09,0,154000,-1560000,-1406000
2011/03/10,0,315000,-7957759,-7642759
2011/03/11,0,267000,-4293000,-4026000
2011/03/14,0,7000,-20000,-13000
2011/03/15,0,304000,0,304000
2011/03/16,0,0,-2465000,-2465000
2011/03/17,0,119000,-5392000,-5273000
2011/03/18,0,0,-846000,-846000
2011/03/21,0,1028000,-247978,780022
2011/03/22,0,0,-580000,-580000
2011/03/23,0,0,-3874000,-3874000
2011/03/24,0,10000,-600000,-590000
2011/03/25,0,0,0,0
2011/03/28,0,0,-50000,-50000
2011/03/29,0,0,-1121000,-1121000
2011/03/30,0,10000,-1250000,-1240000
2011/03/31,0,0,-399000,-399000
2011/04/01,0,0,-1476000,-1476000
2011/04/04,0,0,0,0
2011/04/05,0,0,0,0
2011/04/06,0,0,0,0
2011/04/07,0,0,-1442000,-1442000
2011/04/08,0,0,-1978000,-1978000
2011/04/11,0,0,-3109000,-3109000
2011/04/12,0,0,-1983170,-1983170
2011/04/13,0,0,-2545000,-2545000
2011/04/14,0,22000,-231000,-209000
2011/04/15,0,0,-1330713,-1330713
2011/04/18,0,21000,-2925000,-2904000
2011/04/19,0,18000,-918,17082
2011/04/20,0,0,-944000,-944000
2011/04/21,0,812000,-1760000,-948000
2011/04/22,0,364000,0,364000
2011/04/25,0,0,-5000,-5000
2011/04/26,0,0,-7000,-7000
2011/04/27,0,684000,-320,683680
2011/04/28,0,724000,-1000,723000
2011/04/29,0,100000,0,100000
2011/05/02,0,0,0,0
2011/05/03,0,530000,-2583000,-2053000
2011/05/04,0,60000,-857000,-797000
2011/05/05,0,1141000,0,1141000
2011/05/06,0,396000,0,396000
2011/05/09,0,1411000,-295000,1116000
2011/05/10,0,0,0,0
2011/05/11,0,0,-100000,-100000
2011/05/12,0,3000,-183000,-180000
2011/05/13,0,220000,-3000,217000
2011/05/16,0,202000,-40000,162000
2011/05/17,0,0,-200000,-200000
2011/05/18,0,200000,-180000,20000
2011/05/19,0,1088000,-361000,727000
2011/05/20,0,1318000,-2000,1316000
2011/05/23,0,91000,-82000,9000
2011/05/24,0,0,-1329000,-1329000
2011/05/25,0,68000,0,68000
2011/05/26,0,80000,-271000,-191000
2011/05/27,0,1058000,0,1058000
2011/05/30,0,5373000,0,5373000
2011/05/31,0,5345000,-160000,5185000
2011/06/01,0,3497000,0,3497000
2011/06/02,0,1222000,0,1222000
2011/06/03,0,3576000,0,3576000
2011/06/06,0,0,0,0
2011/06/07,0,1448000,0,1448000
2011/06/08,0,1206000,0,1206000
2011/06/09,0,0,0,0
2011/06/10,0,541000,-497000,44000
2011/06/13,0,3246000,0,3246000
2011/06/14,0,689000,0,689000
2011/06/15,0,1404000,-563000,841000
2011/06/16,0,0,-565000,-565000
2011/06/17,0,1048000,-447000,601000
2011/06/20,0,108000,-242000,-134000
2011/06/21,0,807000,0,807000
2011/06/22,0,852000,0,852000
2011/06/23,0,24000,-500000,-476000
2011/06/24,0,6000,-283000,-277000
2011/06/27,0,105000,-1869000,-1764000
2011/06/28,0,66000,-502000,-436000
2011/06/29,0,543000,-1544000,-1001000
2011/06/30,0,6000,-200000,-194000
2011/07/01,0,1901000,-3000,1898000
2011/07/04,0,1587000,-67000,1520000
2011/07/05,0,470000,-1987000,-1517000
2011/07/06,0,850000,-3784000,-2934000
2011/07/07,0,0,-2252000,-2252000
2011/07/08,0,500000,-1228000,-728000
2011/07/11,0,0,-349000,-349000
2011/07/12,0,4000,-1280000,-1276000
2011/07/13,0,1011000,-2586000,-1575000
2011/07/14,0,232000,-451000,-219000
2011/07/15,0,12000,-154000,-142000
2011/07/18,0,887000,0,887000
2011/07/19,0,318000,-1877000,-1559000
2011/07/20,0,37000,-1257000,-1220000
2011/07/21,0,221000,0,221000
2011/07/22,0,325000,-822000,-497000
2011/07/25,0,0,-22000,-22000
2011/07/26,0,910000,0,910000
2011/07/27,0,4103000,-26000,4077000
2011/07/28,0,2000000,-11000,1989000
2011/07/29,0,2000000,-1307000,693000
2011/08/01,0,7000,0,7000
2011/08/02,0,0,-3000,-3000
2011/08/03,0,171000,-707000,-536000
2011/08/04,0,1263000,-2801000,-1538000
2011/08/05,0,583000,-2228000,-1645000
2011/08/08,0,2035000,-772000,1263000
2011/08/09,0,839000,0,839000
2011/08/10,0,1658000,-345000,1313000
2011/08/11,0,169000,-231000,-62000
2011/08/12,0,1060000,-24000,1036000
2011/08/15,0,199000,0,199000
2011/08/16,0,609000,-1784000,-1175000
2011/08/17,0,18000,-2313000,-2295000
2011/08/18,0,142000,-3663000,-3521000
2011/08/19,0,113000,-425000,-312000
2011/08/22,0,88000,0,88000
2011/08/23,0,7000,-55000,-48000
2011/08/24,0,593000,0,593000
2011/08/25,0,315000,0,315000
2011/08/26,0,2357000,0,2357000
2011/08/29,0,5013000,0,5013000
2011/08/30,0,8603000,0,8603000
2011/08/31,0,5949000,-1000000,4949000
2011/09/01,0,268000,-4000,264000
2011/09/02,0,142000,-3011000,-2869000
2011/09/05,0,574000,-19000,555000
2011/09/06,0,1940000,0,1940000
2011/09/07,0,1297000,0,1297000
2011/09/08,0,4847000,-1500000,3347000
2011/09/09,0,4825000,-2000,4823000
2011/09/12,0,0,0,0
2011/09/13,0,2697000,-6731,2690269
2011/09/14,0,5122000,-16000,5106000
2011/09/15,0,6861000,-1537000,5324000
2011/09/16,0,12390000,-1878000,10512000
2011/09/19,0,8947000,-3062039,5884961
2011/09/20,0,3201000,-1006319,2194681
2011/09/21,0,2148186,-1431000,717186
2011/09/22,0,3015000,-1010386,2004614
2011/09/23,0,3561000,0,3561000
2011/09/26,0,2896000,0,2896000
2011/09/27,0,6876000,0,6876000
2011/09/28,0,1172000,-7000,1165000
2011/09/29,0,1009000,0,1009000
2011/09/30,0,274000,-2961979,-2687979
2011/10/03,0,3135000,-2284000,851000
2011/10/04,0,1007000,-2796746,-1789746
2011/10/05,0,970000,0,970000
2011/10/06,0,1092000,0,1092000
2011/10/07,0,652000,-35000,617000
2011/10/10,0,0,0,0
2011/10/11,0,1096000,0,1096000
2011/10/12,0,0,-11193000,-11193000
2011/10/13,0,314000,-22052396,-21738396
2011/10/14,0,327000,-4492000,-4165000
2011/10/17,0,360000,-108244,251756
2011/10/18,0,5000,-9518,-4518
2011/10/19,0,80000,-1182000,-1102000
2011/10/20,0,60000,-148000,-88000
2011/10/21,0,0,-464000,-464000
2011/10/24,0,11000,-2000,9000
2011/10/25,0,447000,0,447000
2011/10/26,0,901000,0,901000
2011/10/27,0,7000,0,7000
2011/10/28,0,280000,-35000,245000
2011/10/31,0,2317000,-12000,2305000
2011/11/01,0,819000,-10000,809000
2011/11/02,0,1388000,0,1388000
2011/11/03,0,75000,0,75000
2011/11/04,0,3529000,-83000,3446000
2011/11/07,0,1265000,0,1265000
2011/11/08,0,3480000,0,3480000
2011/11/09,0,1212000,-320000,892000
2011/11/10,0,1877000,0,1877000
2011/11/11,0,6820000,-3000,6817000
2011/11/14,0,5830137,-170000,5660137
2011/11/15,0,3381000,-2000,3379000
2011/11/16,0,500000,-540000,-40000
2011/11/17,0,719000,-34000,685000
2011/11/18,0,708000,0,708000
2011/11/21,0,1154000,0,1154000
2011/11/22,0,3695000,-14000,3681000
2011/11/23,0,2016000,0,2016000
2011/11/24,0,875000,0,875000
2011/11/25,0,936000,0,936000
2011/11/28,0,1565000,0,1565000
2011/11/29,0,1287000,-500000,787000
2011/11/30,0,79000,-754000,-675000
2011/12/01,0,1460000,-42000,1418000
2011/12/02,0,340000,-33000,307000
2011/12/05,0,1320000,-135000,1185000
2011/12/06,0,1041000,-746000,295000
2011/12/07,0,1546000,-250000,1296000
2011/12/08,0,2498000,0,2498000
2011/12/09,0,5051000,-19642,5031358
2011/12/12,0,355000,0,355000
2011/12/13,0,80000,-1462000,-1382000
2011/12/14,0,382000,0,382000
2011/12/15,0,2097000,-7949000,-5852000
2011/12/16,0,4000,-2204000,-2200000
2011/12/19,0,81000,-2217000,-2136000
2011/12/20,0,366000,-1035000,-669000
2011/12/21,0,2142000,-1300000,842000
2011/12/22,0,12000,-1044560,-1032560
2011/12/23,0,84000,-2161000,-2077000
2011/12/26,0,0,-400000,-400000
2011/12/27,0,20000,-2142000,-2122000
2011/12/28,0,500000,-6606500,-6106500
2011/12/29,0,127000,-1002000,-875000
2011/12/30,0,160000,-2104000,-1944000
2012/01/02,0,22000,-2778000,-2756000
2012/01/03,0,0,-2694856,-2694856
2012/01/04,0,0,-1060703,-1060703
2012/01/05,0,13417,-218000,-204583
2012/01/06,0,0,-229000,-229000
2012/01/09,0,0,-245000,-245000
2012/01/10,0,1871000,-658000,1213000
2012/01/11,0,0,-1872000,-1872000
2012/01/12,0,2000000,-637000,1363000
2012/01/13,0,200000,-3292000,-3092000
2012/01/16,0,0,-583000,-583000
2012/01/17,0,395000,-430000,-35000
2012/01/18,0,67000,-2241000,-2174000
2012/01/19,0,0,0,0
2012/01/20,0,0,0,0
2012/01/23,0,0,0,0
2012/01/24,0,0,0,0
2012/01/25,0,0,0,0
2012/01/26,0,0,0,0
2012/01/27,0,0,0,0
2012/01/30,0,1820000,-2156000,-336000
2012/01/31,0,91000,-7208000,-7117000
2012/02/01,0,455000,-4479000,-4024000
2012/02/02,0,2000000,-8256959,-6256959
2012/02/03,0,940000,-22430896,-21490896
2012/02/06,0,0,-1759234,-1759234
2012/02/07,0,0,0,0
2012/02/08,0,578000,-2717562,-2139562
2012/02/09,0,0,-6824300,-6824300
2012/02/10,0,0,-2821000,-2821000
2012/02/13,0,0,-2998979,-2998979
2012/02/14,0,0,-803897,-803897
2012/02/15,0,0,-327000,-327000
2012/02/16,0,82000,-63000,19000
2012/02/17,0,22000,-18000,4000
2012/02/20,0,820000,-8000,812000
2012/02/21,0,0,0,0
2012/02/22,0,0,-2242000,-2242000
2012/02/23,0,800000,-607000,193000
2012/02/24,0,0,-628000,-628000
2012/02/27,0,0,0,0
2012/02/28,0,0,0,0
2012/02/29,0,0,-1336000,-1336000
2012/03/01,0,0,-2041000,-2041000
2012/03/02,0,0,-972477,-972477
2012/03/05,0,895000,-556000,339000
2012/03/06,0,0,-858938,-858938
2012/03/07,0,0,0,0
2012/03/08,0,0,-16482,-16482
2012/03/09,0,0,-1000,-1000
2012/03/12,0,1614000,-5000,1609000
2012/03/13,0,1710000,-1682000,28000
2012/03/14,0,3467000,-37000,3430000
2012/03/15,0,716000,-100000,616000
2012/03/16,0,0,-265000,-265000
2012/03/19,0,0,-1000,-1000
2012/03/20,0,0,-55000,-55000
2012/03/21,0,380000,-400000,-20000
2012/03/22,0,1820000,0,1820000
2012/03/23,0,200000,-1137000,-937000
2012/03/26,0,500000,-120000,380000
2012/03/27,0,2455000,0,2455000
2012/03/28,0,3106000,0,3106000
2012/03/29,0,2289000,0,2289000
2012/03/30,0,1224000,-8000,1216000
2012/04/02,0,4656000,-2000,4654000
2012/04/03,0,2202000,0,2202000
2012/04/04,0,0,0,0
2012/04/05,0,2881000,-46784,2834216
2012/04/06,0,2163000,-2000,2161000
2012/04/09,0,1149000,-11000,1138000
2012/04/10,0,1162000,-59000,1103000
2012/04/11,0,50000,0,50000
2012/04/12,0,100000,-1000,99000
2012/04/13,0,564000,-2565550,-2001550
2012/04/16,0,921000,0,921000
2012/04/17,0,0,0,0
2012/04/18,0,100000,0,100000
2012/04/19,0,399000,-115000,284000
2012/04/20,0,3962000,0,3962000
2012/04/23,0,2654000,0,2654000
2012/04/24,0,3170000,0,3170000
2012/04/25,0,732000,0,732000
2012/04/26,0,0,-82000,-82000
2012/04/27,0,4512000,0,4512000
2012/04/30,0,2489000,0,2489000
2012/05/01,0,0,0,0
2012/05/02,0,947000,0,947000
2012/05/03,0,1500000,-6850,1493150
2012/05/04,0,596000,-306532,289468
2012/05/07,0,987000,0,987000
2012/05/08,0,140000,0,140000
2012/05/09,0,515000,-200000,315000
2012/05/10,0,0,0,0
2012/05/11,0,20000,0,20000
2012/05/14,0,0,0,0
2012/05/15,0,40000,0,40000
2012/05/16,0,20000,-250000,-230000
2012/05/17,0,0,-2800000,-2800000
2012/05/18,0,25000,-760000,-735000
2012/05/21,0,0,-3092000,-3092000
2012/05/22,0,0,-1588000,-1588000
2012/05/23,0,0,-822000,-822000
2012/05/24,0,0,-1210000,-1210000
2012/05/25,0,326000,0,326000
2012/05/28,0,0,-1000,-1000
2012/05/29,0,836000,0,836000
2012/05/30,0,71,-3774000,-3773929
2012/05/31,0,140000,-28000,112000
2012/06/01,0,20000,-1053000,-1033000
2012/06/04,0,18000,-2532000,-2514000
2012/06/05,0,18000,-1120000,-1102000
2012/06/06,0,0,-1317000,-1317000
2012/06/07,0,0,-3094000,-3094000
2012/06/08,0,85000,-993000,-908000
2012/06/11,0,522000,-11398744,-10876744
2012/06/12,0,65000,-133000,-68000
2012/06/13,0,1042000,-515,1041485
2012/06/14,0,46000,-207040,-161040
2012/06/15,0,250000,-4845000,-4595000
2012/06/18,0,100000,-600000,-500000
2012/06/19,0,0,-1172000,-1172000
2012/06/20,0,0,-3504262,-3504262
2012/06/21,0,0,-20000,-20000
2012/06/22,0,0,-3000068,-3000068
2012/06/25,0,0,-3282000,-3282000
2012/06/26,0,9890,-1338000,-1328110
2012/06/27,0,0,-190000,-190000
2012/06/28,0,0,-2077000,-2077000
2012/06/29,0,383000,0,383000
2012/07/02,0,649000,-599000,50000
2012/07/03,0,885000,0,885000
2012/07/04,0,55000,-823000,-768000
2012/07/05,0,167000,-1180000,-1013000
2012/07/06,0,110000,-1435000,-1325000
2012/07/09,0,0,-502000,-502000
2012/07/10,0,2000,-1523979,-1521979
2012/07/11,0,3000,-382000,-379000
2012/07/12,0,59000,-384000,-325000
2012/07/13,0,60000,-40000,20000
2012/07/16,0,323000,-2000,321000
2012/07/17,0,602000,-1953000,-1351000
2012/07/18,0,3120000,-329000,2791000
2012/07/19,0,143000,0,143000
2012/07/20,0,0,0,0
2012/07/23,0,62000,-1004000,-942000
2012/07/24,0,259000,-2315738,-2056738
2012/07/25,0,110000,-630000,-520000
2012/07/26,0,314000,-266000,48000
2012/07/27,0,100000,0,100000
2012/07/30,0,428000,0,428000
2012/07/31,0,939000,-2000000,-1061000
2012/08/01,0,103000,0,103000
2012/08/02,0,0,0,0
2012/08/03,0,0,0,0
2012/08/06,0,14000,-114000,-100000
2012/08/07,0,4000,-78000,-74000
2012/08/08,0,4000,-17000,-13000
2012/08/09,0,574000,-87000,487000
2012/08/10,0,905000,-262000,643000
2012/08/13,0,0,-1445989,-1445989
2012/08/14,0,0,-802000,-802000
2012/08/15,0,140000,-875000,-735000
2012/08/16,0,2000,-326000,-324000
2012/08/17,0,249939,-205000,44939
2012/08/20,0,0,-38000,-38000
2012/08/21,0,200000,-151000,49000
2012/08/22,0,40000,-2000,38000
2012/08/23,0,5000,-1684000,-1679000
2012/08/24,0,1000,-964000,-963000
2012/08/27,0,4000,-302000,-298000
2012/08/28,0,1000,-1000,0
2012/08/29,0,862000,-202000,660000
2012/08/30,0,125000,-1000,124000
2012/08/31,0,26000,-31000,-5000
2012/09/03,0,3993000,-2000,3991000
2012/09/04,0,209000,0,209000
2012/09/05,0,123000,-4000,119000
2012/09/06,0,71000,-800000,-729000
2012/09/07,0,163000,-1000,162000
2012/09/10,0,0,0,0
2012/09/11,0,0,0,0
2012/09/12,0,6000,0,6000
2012/09/13,0,5000,-3200000,-3195000
2012/09/14,0,460000,-3260000,-2800000
2012/09/17,0,1180000,0,1180000
2012/09/18,0,27000,-38000,-11000
2012/09/19,0,133000,-20000,113000
2012/09/20,0,0,-46000,-46000
2012/09/21,0,1000,-65000,-64000
2012/09/24,0,53000,-27000,26000
2012/09/25,0,0,-1440000,-1440000
2012/09/26,0,0,-34000,-34000
2012/09/27,0,63000,0,63000
2012/09/28,0,1000,-1788000,-1787000
2012/10/01,0,4000,-1283000,-1279000
2012/10/02,0,0,-420575,-420575
2012/10/03,0,300000,0,300000
2012/10/04,0,300000,0,300000
2012/10/05,0,300000,-669241,-369241
2012/10/08,0,0,0,0
2012/10/09,0,300000,0,300000
2012/10/10,0,0,0,0
2012/10/11,0,300000,0,300000
2012/10/12,0,200000,-5000,195000
2012/10/15,0,368000,-66000,302000
2012/10/16,0,315000,0,315000
2012/10/17,0,7000,-437000,-430000
2012/10/18,0,0,-284778,-284778
2012/10/19,0,0,-416705,-416705
2012/10/22,0,46000,-140000,-94000
2012/10/23,0,41000,-781000,-740000
2012/10/24,0,0,0,0
2012/10/25,0,0,0,0
2012/10/26,0,309000,-72000,237000
2012/10/29,0,0,-977022,-977022
2012/10/30,0,883000,-104474,778526
2012/10/31,0,656000,-13000,643000
2012/11/01,0,528000,0,528000
2012/11/02,0,38000,-28000,10000
2012/11/05,0,1534000,0,1534000
2012/11/06,0,1680000,-50000,1630000
2012/11/07,0,0,0,0
2012/11/08,0,469000,0,469000
2012/11/09,0,1780000,-50000,1730000
2012/11/12,0,331000,-50000,281000
2012/11/13,0,306000,0,306000
2012/11/14,0,839000,0,839000
2012/11/15,0,510000,-39000,471000
2012/11/16,0,21000,0,21000
2012/11/19,0,752000,0,752000
2012/11/20,0,2038000,-49000,1989000
2012/11/21,0,638000,0,638000
2012/11/22,0,5970000,0,5970000
2012/11/23,0,5436000,-48000,5388000
2012/11/26,0,3376000,0,3376000
2012/11/27,0,650000,-37000,613000
2012/11/28,0,365000,-175113,189887
2012/11/29,0,200000,0,200000
2012/11/30,0,2290000,-138000,2152000
2012/12/03,0,1210000,0,1210000
2012/12/04,0,95000,-4000,91000
2012/12/05,0,447000,-3000,444000
2012/12/06,0,2699000,0,2699000
2012/12/07,0,1077000,0,1077000
2012/12/10,0,1125000,-369000,756000
2012/12/11,0,3160000,0,3160000
2012/12/12,0,803000,0,803000
2012/12/13,0,220000,-5000,215000
2012/12/14,0,937000,-85000,852000
2012/12/17,0,1614000,-31000,1583000
2012/12/18,0,148000,-330000,-182000
2012/12/19,0,280000,0,280000
2012/12/20,0,278000,-4000,274000
2012/12/21,0,220000,-126000,94000
2012/12/24,0,200000,-400000,-200000
2012/12/25,0,62000,0,62000
2012/12/26,0,0,-580000,-580000
2012/12/27,0,799000,-545000,254000
2012/12/28,0,3555000,-3000,3552000
2012/12/31,0,0,0,0
2013/01/01,0,0,0,0
2013/01/02,0,4554000,-117000,4437000
2013/01/03,0,4539000,-419000,4120000
2013/01/04,0,510000,-21000,489000
2013/01/07,0,130000,-684000,-554000
2013/01/08,0,1208000,-222000,986000
2013/01/09,0,240000,-1633793,-1393793
2013/01/10,0,1678000,0,1678000
2013/01/11,0,211000,-788905,-577905
2013/01/14,0,275000,-1784000,-1509000
2013/01/15,0,183000,-2177000,-1994000
2013/01/16,0,300000,-27000,273000
2013/01/17,0,1228000,-34260,1193740
2013/01/18,0,3630000,-236000,3394000
2013/01/21,0,1193000,-896000,297000
2013/01/22,0,1042000,-360000,682000
2013/01/23,0,397000,-1036000,-639000
2013/01/24,0,85000,-124000,-39000
2013/01/25,0,0,-514000,-514000
2013/01/28,0,510000,0,510000
2013/01/29,0,1877000,-171000,1706000
2013/01/30,0,434000,-1430000,-996000
2013/01/31,0,1937000,-2821000,-884000
2013/02/01,0,47000,-1204000,-1157000
2013/02/04,0,1051000,-2081000,-1030000
2013/02/05,0,0,-2622610,-2622610
2013/02/06,0,536000,-323000,213000
2013/02/07,0,0,0,0
2013/02/08,0,0,0,0
2013/02/11,0,0,0,0
2013/02/12,0,0,0,0
2013/02/13,0,0,0,0
2013/02/14,0,0,0,0
2013/02/15,0,0,0,0
2013/02/18,0,200000,-3083000,-2883000
2013/02/19,0,200000,-4322000,-4122000
2013/02/20,0,2869000,-2226000,643000
2013/02/21,0,310000,-731000,-421000
2013/02/22,0,1094000,-73000,1021000
2013/02/25,0,411000,0,411000
2013/02/26,0,0,-569000,-569000
2013/02/27,0,0,-50000,-50000
2013/02/28,0,0,0,0
2013/03/01,0,1346000,-230000,1116000
2013/03/04,0,1326000,-38000,1288000
2013/03/05,0,1008000,-500000,508000
2013/03/06,0,3993000,-650000,3343000
2013/03/07,0,1160000,-20000,1140000
2013/03/08,0,1301000,-84000,1217000
2013/03/11,0,350000,-682391,-332391
2013/03/12,0,0,-70000,-70000
2013/03/13,0,0,-754000,-754000
2013/03/14,0,0,-1230000,-1230000
2013/03/15,0,200000,-7871000,-7671000
2013/03/18,0,75000,-10000,65000
2013/03/19,0,510000,0,510000
2013/03/20,0,70000,-2000,68000
2013/03/21,0,216000,-235000,-19000
2013/03/22,0,150000,-231000,-81000
2013/03/25,0,82000,-753000,-671000
2013/03/26,0,90000,-693000,-603000
2013/03/27,0,0,-1640000,-1640000
2013/03/28,0,2400000,-97000,2303000
2013/03/29,0,7000,-225000,-218000
2013/04/01,0,0,-607000,-607000
2013/04/02,0,0,-196000,-196000
2013/04/03,0,150000,0,150000
2013/04/04,0,0,0,0
2013/04/05,0,0,0,0
2013/04/08,0,1004000,-484000,520000
2013/04/09,0,1751000,-110000,1641000
2013/04/10,0,1493000,-161000,1332000
2013/04/11,0,100000,0,100000
2013/04/12,0,1000000,-186000,814000
2013/04/15,0,2997000,-285000,2712000
2013/04/16,0,5724000,-299000,5425000
2013/04/17,0,2309000,-48000,2261000
2013/04/18,0,2119000,-1000,2118000
2013/04/19,0,14458186,0,14458186
2013/04/22,0,5108000,-172000,4936000
2013/04/23,0,2900000,-1847000,1053000
2013/04/24,0,3155000,-5212000,-2057000
2013/04/25,0,2070000,-547000,1523000
2013/04/26,0,735000,-5689000,-4954000
2013/04/29,0,1314000,-2462000,-1148000
2013/04/30,0,1067000,0,1067000
2013/05/01,0,0,0,0
2013/05/02,0,200000,-3991000,-3791000
2013/05/03,0,917000,-530000,387000
2013/05/06,0,140000,-467000,-327000
2013/05/07,0,0,-942000,-942000
2013/05/08,0,0,-2460000,-2460000
2013/05/09,0,0,-861000,-861000
2013/05/10,0,0,-281000,-281000
2013/05/13,0,0,-1213000,-1213000
2013/05/14,0,0,-2385000,-2385000
2013/05/15,0,0,-830000,-830000
2013/05/16,0,0,-2807000,-2807000
2013/05/17,0,0,-345000,-345000
2013/05/20,0,300000,-722000,-422000
2013/05/21,0,300000,-633000,-333000
2013/05/22,0,0,-357000,-357000
2013/05/23,0,0,-1207000,-1207000
2013/05/24,0,0,-1621000,-1621000
2013/05/27,0,0,-145000,-145000
2013/05/28,0,556000,-1184000,-628000
2013/05/29,0,0,-873000,-873000
2013/05/30,0,736000,-1093000,-357000
2013/05/31,0,294000,-676622,-382622
2013/06/03,0,0,-1618000,-1618000
2013/06/04,0,0,-900000,-900000
2013/06/05,0,0,-898000,-898000
2013/06/06,0,100000,-6582000,-6482000
2013/06/07,0,100000,-2351000,-2251000
2013/06/10,0,100000,-4664000,-4564000
2013/06/11,0,531000,0,531000
2013/06/12,0,0,0,0
2013/06/13,0,144000,-2338000,-2194000
2013/06/14,0,0,-929000,-929000
2013/06/17,0,311000,0,311000
2013/06/18,0,0,-138000,-138000
2013/06/19,0,100000,-153000,-53000
2013/06/20,0,0,-938000,-938000
2013/06/21,0,203000,-3597000,-3394000
2013/06/24,0,29000,0,29000
2013/06/25,0,0,0,0
2013/06/26,0,0,-49000,-49000
2013/06/27,0,1000,-4540000,-4539000
2013/06/28,0,1000,-1494000,-1493000
2013/07/01,0,0,-571000,-571000
2013/07/02,0,288000,-76000,212000
2013/07/03,0,654000,-2185000,-1531000
2013/07/04,0,0,-1511000,-1511000
2013/07/05,0,0,-832348,-832348
2013/07/08,0,200000,-2200000,-2000000
2013/07/09,0,142000,-2970000,-2828000
2013/07/10,0,150000,0,150000
2013/07/11,0,0,-122392,-122392
2013/07/12,0,500000,-602000,-102000
2013/07/15,0,0,-1110000,-1110000
2013/07/16,0,0,-1514000,-1514000
2013/07/17,0,0,-3589000,-3589000
2013/07/18,0,0,-988000,-988000
2013/07/19,0,1000,-298000,-297000
2013/07/22,0,0,-613,-613
2013/07/23,0,1000,-925000,-924000
2013/07/24,0,4000,-400000,-396000
2013/07/25,0,2000,-979000,-977000
2013/07/26,0,0,0,0
2013/07/29,0,0,0,0
2013/07/30,0,0,-12000,-12000
2013/07/31,0,3000,-569000,-566000
2013/08/01,0,0,0,0
2013/08/02,0,0,0,0
2013/08/05,0,0,0,0
2013/08/06,0,0,-498000,-498000
2013/08/07,0,0,0,0
2013/08/08,0,0,0,0
2013/08/09,0,0,0,0
2013/08/12,0,0,0,0
2013/08/13,0,0,0,0
2013/08/14,0,46000,0,46000
2013/08/15,0,339000,-70015,268985
2013/08/16,0,37000,-3000,34000
2013/08/19,0,11000,0,11000
2013/08/20,0,1000,0,1000
2013/08/21,0,0,0,0
2013/08/22,0,11000,-636000,-625000
2013/08/23,0,819000,0,819000
2013/08/26,0,30000,0,30000
2013/08/27,0,0,0,0
2013/08/28,0,637000,0,637000
2013/08/29,0,143000,-220000,-77000
2013/08/30,0,28000,-3000,25000
2013/09/02,0,2400000,0,2400000
2013/09/03,0,1387689,-97000,1290689
2013/09/04,0,1181000,0,1181000
2013/09/05,0,2086000,-153000,1933000
2013/09/06,0,46000,0,46000
2013/09/09,0,500000,-763000,-263000
2013/09/10,0,71000,-200000,-129000
2013/09/11,0,433000,0,433000
2013/09/12,0,61000,-450000,-389000
2013/09/13,0,473000,-158000,315000
2013/09/16,0,1028000,-400000,628000
2013/09/17,0,1954000,0,1954000
2013/09/18,0,1084000,-508000,576000
2013/09/19,0,0,0,0
2013/09/20,0,0,0,0
2013/09/23,0,3659000,-1059,3657941
2013/09/24,0,2395000,-1334393,1060607
2013/09/25,0,1519000,0,1519000
2013/09/26,0,810000,-282000,528000
2013/09/27,0,1445000,-38000,1407000
2013/09/30,0,1734000,-3000,1731000
2013/10/01,0,2576000,0,2576000
2013/10/02,0,1934000,-12000,1922000
2013/10/03,0,656000,-234882,421118
2013/10/04,0,96000,-730000,-634000
2013/10/07,0,1689000,0,1689000
2013/10/08,0,371000,-300000,71000
2013/10/09,0,1526000,-757000,769000
2013/10/10,0,0,0,0
2013/10/11,0,3339000,0,3339000
2013/10/14,0,1959000,-250000,1709000
2013/10/15,0,760000,0,760000
2013/10/16,0,1281000,0,1281000
2013/10/17,0,254000,0,254000
2013/10/18,0,1235000,0,1235000
2013/10/21,0,1123000,0,1123000
2013/10/22,0,500000,-25000,475000
2013/10/23,0,0,-8000,-8000
2013/10/24,0,189000,-365000,-176000
2013/10/25,0,435000,-250000,185000
2013/10/28,0,366000,-345000,21000
2013/10/29,0,1102000,-1000,1101000
2013/10/30,0,1320000,0,1320000
2013/10/31,0,3262000,0,3262000
2013/11/01,0,468000,-2266887,-1798887
2013/11/04,0,517000,-890000,-373000
2013/11/05,0,448000,-1175000,-727000
2013/11/06,0,247000,-323000,-76000
2013/11/07,0,146000,0,146000
2013/11/08,0,1962000,0,1962000
2013/11/11,0,0,-1000,-1000
2013/11/12,0,254000,0,254000
2013/11/13,0,50000,0,50000
2013/11/14,0,963000,0,963000
2013/11/15,0,1315000,-3000,1312000
2013/11/18,0,1767000,-57110,1709890
2013/11/19,0,1231000,0,1231000
2013/11/20,0,757000,-70000,687000
2013/11/21,0,611000,-782000,-171000
2013/11/22,0,865000,0,865000
2013/11/25,0,460000,-17067,442933
2013/11/26,0,0,-41000,-41000
2013/11/27,0,959000,0,959000
2013/11/28,0,666000,0,666000
2013/11/29,0,319000,-40000,279000
2013/12/02,0,246000,-2000,244000
2013/12/03,0,70000,-204000,-134000
2013/12/04,0,0,-2000,-2000
2013/12/05,0,100000,-231000,-131000
2013/12/06,0,0,0,0
2013/12/09,0,160000,-589000,-429000
2013/12/10,0,3600000,-6443000,-2843000
2013/12/11,0,496000,-6132000,-5636000
2013/12/12,0,513000,-9135988,-8622988
2013/12/13,0,2255000,-4366000,-2111000
2013/12/16,0,1000000,-5104000,-4104000
2013/12/17,0,155000,-6625000,-6470000
2013/12/18,0,254000,-555000,-301000
2013/12/19,0,33000,-3110000,-3077000
2013/12/20,0,87000,-135000,-48000
2013/12/23,0,85000,-161000,-76000
2013/12/24,0,588000,-70000,518000
2013/12/25,0,0,-1340000,-1340000
2013/12/26,0,737000,-550000,187000
2013/12/27,0,15000,-1000000,-985000
2013/12/30,0,4000,0,4000
2013/12/31,0,0,-1508000,-1508000
2014/01/02,0,105000,-2011000,-1906000
2014/01/03,0,185000,-4897000,-4712000
2014/01/06,0,714000,-898726,-184726
2014/01/07,0,0,0,0
2014/01/08,0,2000,-3214000,-3212000
2014/01/09,0,900000,-827000,73000
2014/01/10,0,3000,0,3000
2014/01/13,0,428000,-25000,403000
2014/01/14,0,385000,-2000,383000
2014/01/15,0,3979000,-203000,3776000
2014/01/16,0,1332000,0,1332000
2014/01/17,0,1618000,-1572736,45264
2014/01/20,0,182000,-800000,-618000
2014/01/21,0,1382000,-7000,1375000
2014/01/22,0,1637000,-7000,1630000
2014/01/23,0,47000,0,47000
2014/01/24,0,730000,0,730000
2014/01/27,0,300000,-4000,296000
2014/02/05,0,800000,-700000,100000
2014/02/06,0,1571000,0,1571000
2014/02/07,0,2420000,-400000,2020000
2014/02/10,0,2501000,-57000,2444000
2014/02/11,0,2471000,-3000,2468000
2014/02/12,0,731000,0,731000
2014/02/13,0,0,-7885,-7885
2014/02/14,0,300000,-114000,186000
2014/02/17,0,626000,0,626000
2014/02/18,0,1951000,0,1951000
2014/02/19,0,3008000,-8000,3000000
2014/02/20,0,400000,-14000,386000
2014/02/21,0,129000,0,129000
2014/02/24,0,450000,0,450000
2014/02/25,0,0,-3000,-3000
2014/02/26,0,0,-400000,-400000
2014/02/27,0,7000,-500000,-493000
2014/03/03,0,1033000,-6000,1027000
2014/03/04,0,400000,-200000,200000
2014/03/05,0,2350000,-727976,1622024
2014/03/06,0,700000,-10000,690000
2014/03/07,0,3364000,-158000,3206000
2014/03/10,0,3663000,-15000,3648000
2014/03/11,0,0,-190000,-190000
2014/03/12,0,1000000,-27000,973000
2014/03/13,0,1819000,-73000,1746000
2014/03/14,0,480000,-121000,359000
2014/03/17,0,510000,-3000,507000
2014/03/18,0,0,-10000,-10000
2014/03/19,0,390000,-55000,335000
2014/03/20,0,1954000,0,1954000
2014/03/21,0,346000,-4000,342000
2014/03/24,0,300000,0,300000
2014/03/25,0,90000,0,90000
2014/03/26,0,0,0,0
2014/03/27,0,287000,0,287000
2014/03/28,0,1000000,-30000,970000
2014/03/31,0,2177000,0,2177000
2014/04/01,0,400000,-63000,337000
2014/04/02,0,200000,0,200000
2014/04/03,0,19000,0,19000
2014/04/07,0,0,-73000,-73000
2014/04/08,0,10000,-12000,-2000
2014/04/09,0,200000,-76000,124000
2014/04/10,0,744966,-1072000,-327034
2014/04/11,0,0,-600000,-600000
2014/04/14,0,20000,-1000000,-980000
2014/04/15,0,2699000,0,2699000
2014/04/16,0,433000,-502000,-69000
2014/04/17,0,2050000,-503000,1547000
2014/04/18,0,1350000,-1058000,292000
2014/04/21,0,2000000,-61000,1939000
2014/04/22,0,1500000,-5000,1495000
2014/04/23,0,534000,0,534000
2014/04/24,0,360000,0,360000
2014/04/25,0,170000,0,170000
2014/04/28,0,482000,-2214000,-1732000
2014/04/29,0,380000,-332000,48000
2014/04/30,0,15000,-831000,-816000
2014/05/02,0,0,-60000,-60000
2014/05/05,0,0,-436000,-436000
2014/05/06,0,160000,-1773000,-1613000
2014/05/07,0,0,-40000,-40000
2014/05/08,0,14000,-38000,-24000
2014/05/09,0,588000,-413000,175000
2014/05/12,0,0,-611000,-611000
2014/05/13,0,620000,-1000,619000
2014/05/14,0,0,0,0
2014/05/15,0,574000,-378000,196000
2014/05/16,0,618000,0,618000
2014/05/19,0,0,-16000,-16000
2014/05/20,0,1308000,-758000,550000
2014/05/21,0,191000,-1000,190000
2014/05/22,0,220000,0,220000
2014/05/23,0,141000,0,141000
2014/05/26,0,25000,-26000,-1000
2014/05/27,0,1060000,-47000,1013000
2014/05/28,0,3604000,-406000,3198000
2014/05/29,0,910000,0,910000
2014/05/30,0,1200000,-1805000,-605000
2014/06/03,0,164000,-322000,-158000
2014/06/04,0,267000,-231000,36000
2014/06/05,0,309000,-80000,229000
2014/06/06,0,292000,-1703000,-1411000
2014/06/09,0,472000,-2000,470000
2014/06/10,0,270000,-21000,249000
2014/06/11,0,0,-389000,-389000
2014/06/12,0,211000,-21000,190000
2014/06/13,0,0,-24000,-24000
2014/06/16,0,0,-709000,-709000
2014/06/17,0,53000,-808000,-755000
2014/06/18,0,0,-39000,-39000
2014/06/19,0,1529000,-111000,1418000
2014/06/20,0,333500,-227000,106500
2014/06/23,0,0,-1055000,-1055000
2014/06/24,0,32000,-112000,-80000
2014/06/25,0,203000,-2052000,-1849000
2014/06/26,0,813000,-2499000,-1686000
2014/06/27,0,219000,0,219000
2014/06/30,0,1333000,-238000,1095000
2014/07/01,0,1053000,-221000,832000
2014/07/02,0,1727851,-70000,1657851
2014/07/03,0,353000,-39000,314000
2014/07/04,0,258000,-465655,-207655
2014/07/07,0,233000,-25000,208000
2014/07/08,0,64000,-196000,-132000
2014/07/09,0,61000,0,61000
2014/07/10,0,654000,-257000,397000
2014/07/11,0,0,-600000,-600000
2014/07/14,0,0,-91000,-91000
2014/07/15,0,1189000,-214000,975000
2014/07/16,0,364000,-593000,-229000
2014/07/17,0,403000,-12000,391000
2014/07/18,0,366000,-1330000,-964000
2014/07/21,0,367000,0,367000
2014/07/22,0,177000,0,177000
2014/07/23,0,0,0,0
2014/07/24,0,1478000,-240000,1238000
2014/07/25,0,3409000,-4094000,-685000
2014/07/28,0,600000,-4934000,-4334000
2014/07/29,0,10000,-3624000,-3614000
2014/07/30,0,415000,-1170000,-755000
2014/07/31,0,856000,-3475000,-2619000
2014/08/01,0,446000,-500000,-54000
2014/08/04,0,141000,-585000,-444000
2014/08/05,0,321000,-172000,149000
2014/08/06,0,675000,0,675000
2014/08/07,0,81000,-266000,-185000
2014/08/08,0,335000,0,335000
2014/08/11,0,534000,-800000,-266000
2014/08/12,0,754000,-1259000,-505000
2014/08/13,0,320000,0,320000
2014/08/14,0,4126000,0,4126000
2014/08/15,0,687000,0,687000
2014/08/18,0,394000,0,394000
2014/08/19,0,1628000,0,1628000
2014/08/20,0,732000,0,732000
2014/08/21,0,2510000,0,2510000
2014/08/22,0,686000,0,686000
2014/08/25,0,373000,-26000,347000
2014/08/26,0,251000,-50000,201000
2014/08/27,0,1102000,0,1102000
2014/08/28,0,862000,-100000,762000
2014/08/29,0,63000,-1868000,-1805000
2014/09/01,0,180000,0,180000
2014/09/02,0,367000,-407000,-40000
2014/09/03,0,28000,0,28000
2014/09/04,0,768000,0,768000
2014/09/05,0,31000,0,31000
2014/09/09,0,140000,-1018000,-878000
2014/09/10,0,0,-392000,-392000
2014/09/11,0,48000,0,48000
2014/09/12,0,43000,-200000,-157000
2014/09/15,0,0,-61000,-61000
2014/09/16,0,0,-63000,-63000
2014/09/17,0,2297000,0,2297000
2014/09/18,0,168000,-590000,-422000
2014/09/19,0,158000,-218000,-60000
2014/09/22,0,86019,-835000,-748981
2014/09/23,0,0,0,0
2014/09/24,0,113000,-2542000,-2429000
2014/09/25,0,1450000,0,1450000
2014/09/26,0,0,0,0
2014/09/29,0,0,0,0
2014/09/30,0,1014000,0,1014000
2014/10/01,0,836000,-100000,736000
2014/10/02,0,642000,-100000,542000
2014/10/03,0,1824000,-530000,1294000
2014/10/06,0,2664000,0,2664000
2014/10/07,0,131000,-159000,-28000
2014/10/08,0,1904000,0,1904000
2014/10/09,0,995000,-503000,492000
2014/10/13,0,98000,0,98000
2014/10/14,0,11000,-66000,-55000
2014/10/15,0,200000,-731000,-531000
2014/10/16,0,100000,-103000,-3000
2014/10/17,0,485000,-925000,-440000
2014/10/20,0,15000,-277000,-262000
2014/10/21,0,21000,-641000,-620000
2014/10/22,0,576000,0,576000
2014/10/23,0,34000,0,34000
2014/10/24,0,0,-600000,-600000
2014/10/27,0,0,-2000,-2000
2014/10/28,0,611000,0,611000
2014/10/29,0,74000,0,74000
2014/10/30,0,338000,0,338000
2014/10/31,0,1620000,0,1620000
2014/11/03,0,27000,-5000,22000
2014/11/04,0,155000,-7000,148000
2014/11/05,0,143000,0,143000
2014/11/06,0,100000,-535000,-435000
2014/11/07,0,0,-391000,-391000
2014/11/10,0,128000,-1000000,-872000
2014/11/11,0,48000,0,48000
2014/11/12,0,43000,-2210000,-2167000
2014/11/13,0,0,0,0
2014/11/14,0,128000,0,128000
2014/11/17,0,100000,-53000,47000
2014/11/18,0,8000,0,8000
2014/11/19,0,100000,0,100000
2014/11/20,0,9000,-1742000,-1733000
2014/11/21,0,138000,-582000,-444000
2014/11/24,0,130000,0,130000
2014/11/25,0,73000,-495000,-422000
2014/11/26,0,66000,-2387000,-2321000
2014/11/27,0,23000,-754000,-731000
2014/11/28,0,0,-450000,-450000
2014/12/01,0,125000,-228000,-103000
2014/12/02,0,0,-3691470,-3691470
2014/12/03,0,6000,-1557032,-1551032
2014/12/04,0,30000,-40000,-10000
2014/12/05,0,268000,-102000,166000
2014/12/08,0,0,-486000,-486000
2014/12/09,0,30000,-432000,-402000
2014/12/10,0,0,-3178000,-3178000
2014/12/11,0,1000,-1002254,-1001254
2014/12/12,0,60000,-1052000,-992000
2014/12/15,0,0,-2006000,-2006000
2014/12/16,0,110000,-2274000,-2164000
2014/12/17,0,0,-4050000,-4050000
2014/12/18,0,0,0,0
2014/12/19,0,154000,-2000,152000
2014/12/22,0,53000,0,53000
2014/12/23,0,305000,-221000,84000
2014/12/24,0,44000,-1195000,-1151000
2014/12/25,0,48000,0,48000
2014/12/26,0,0,-449000,-449000
2014/12/29,0,40000,-638000,-598000
2014/12/30,0,977000,-142000,835000
2014/12/31,0,0,-547000,-547000
2015/01/01,0,0,0,0
2015/01/02,0,0,0,0
2015/01/05,0,0,-1757000,-1757000
2015/01/06,0,0,-2745000,-2745000
2015/01/07,0,49000,-189000,-140000
2015/01/08,0,60000,-443000,-383000
2015/01/09,0,0,-2899000,-2899000
2015/01/12,0,101000,0,101000
2015/01/13,0,0,-1699000,-1699000
2015/01/14,0,230000,0,230000
2015/01/15,0,60000,-30000,30000
2015/01/16,0,55000,-35000,20000
2015/01/19,0,0,-391000,-391000
2015/01/20,0,0,-1128000,-1128000
2015/01/21,0,47000,-58000,-11000
2015/01/22,0,1485000,-92000,1393000
2015/01/23,0,0,-69000,-69000
2015/01/26,0,66000,0,66000
2015/01/27,0,228000,0,228000
2015/01/28,0,0,0,0
2015/01/29,0,0,-2000,-2000
2015/01/30,0,174000,-34000,140000
2015/02/02,0,168000,-50000,118000
2015/02/03,0,1394000,0,1394000
2015/02/04,0,1351000,0,1351000
2015/02/05,0,0,-55000,-55000
2015/02/06,0,30000,0,30000
2015/02/09,0,282000,-2004000,-1722000
2015/02/10,0,417000,-1495000,-1078000
2015/02/11,0,315000,-14000,301000
2015/02/12,0,218000,0,218000
2015/02/13,0,2413000,-95000,2318000
2015/02/16,0,0,0,0
2015/02/17,0,0,0,0
2015/02/18,0,0,0,0
2015/02/19,0,0,0,0
2015/02/20,0,0,0,0
2015/02/23,0,0,0,0
2015/02/24,0,3419000,0,3419000
2015/02/25,0,640000,-80000,560000
2015/02/26,0,1685000,-433000,1252000
2015/02/27,0,0,0,0
2015/03/02,0,1758000,0,1758000
2015/03/03,0,747000,-599000,148000
2015/03/04,0,1800000,-192000,1608000
2015/03/05,0,405000,-1604000,-1199000
2015/03/06,0,127000,-130000,-3000
2015/03/09,0,999000,-40000,959000
2015/03/10,0,2832000,-32000,2800000
2015/03/11,0,1961000,-157000,1804000
2015/03/12,0,1070000,-48413,1021587
2015/03/13,0,67000,0,67000
2015/03/16,0,638000,-175000,463000
2015/03/17,0,172000,-661000,-489000
2015/03/18,0,644000,0,644000
2015/03/19,0,701000,-218000,483000
2015/03/20,0,921000,-54000,867000
2015/03/23,0,360000,-650000,-290000
2015/03/24,0,0,-221000,-221000
2015/03/25,0,886000,-177000,709000
2015/03/26,0,281000,-1018000,-737000
2015/03/27,0,625000,-378000,247000
2015/03/30,0,183000,-10000,173000
2015/03/31,0,350000,-663000,-313000
2015/04/01,0,0,-1600000,-1600000
2015/04/02,0,0,-33000,-33000
2015/04/03,0,0,0,0
2015/04/06,0,0,0,0
2015/04/07,0,0,-361000,-361000
2015/04/08,0,0,-147000,-147000
2015/04/09,0,5778000,0,5778000
2015/04/10,0,0,-5000,-5000
2015/04/13,0,3749000,-273000,3476000
2015/04/14,0,253000,-63000,190000
2015/04/15,0,10000,-88000,-78000
2015/04/16,0,1589000,-18000,1571000
2015/04/17,0,34000,-1695000,-1661000
2015/04/20,0,4000,-391000,-387000
2015/04/21,0,100000,-544000,-444000
2015/04/22,0,469000,0,469000
2015/04/23,0,675000,0,675000
2015/04/24,0,1352000,-20000,1332000
2015/04/27,0,4068000,-1114000,2954000
2015/04/28,0,7000,-56000,-49000
2015/04/29,0,1317000,-1202000,115000
2015/04/30,0,0,-3000,-3000
2015/05/01,0,0,0,0
2015/05/04,0,505000,-720000,-215000
2015/05/05,0,63000,-1529000,-1466000
2015/05/06,0,985000,-560000,425000
2015/05/07,0,159000,-50000,109000
2015/05/08,0,2075000,-2238000,-163000
2015/05/11,0,369000,-60000,309000
2015/05/12,0,1201000,-140000,1061000
2015/05/13,0,1204000,0,1204000
2015/05/14,0,158000,0,158000
2015/05/15,0,12000,-44000,-32000
2015/05/18,0,903000,-294000,609000
2015/05/19,0,1214000,0,1214000
2015/05/20,0,269000,-120000,149000
2015/05/21,0,101000,-6000,95000
2015/05/22,0,352000,-1680000,-1328000
2015/05/25,0,188000,-52000,136000
2015/05/26,0,78000,0,78000
2015/05/27,0,130000,-155000,-25000
2015/05/28,0,159000,-200000,-41000
2015/05/29,0,39000,-94000,-55000
2015/06/01,0,0,-401000,-401000
2015/06/02,0,9000,-196000,-187000
2015/06/03,0,100000,-708000,-608000
2015/06/04,0,1053,-1692000,-1690947
2015/06/05,0,17000,-212000,-195000
2015/06/08,0,264000,-300000,-36000
2015/06/09,0,1062000,-549000,513000
2015/06/10,0,453000,-346000,107000
2015/06/11,0,1220000,-898000,322000
2015/06/12,0,815000,-1199000,-384000
2015/06/15,0,861000,-22000,839000
2015/06/16,0,159000,-414000,-255000
2015/06/17,0,193000,-146000,47000
2015/06/18,0,244000,-9000,235000
2015/06/19,0,0,0,0
2015/06/22,0,150000,-29000,121000
2015/06/23,0,616000,0,616000
2015/06/24,0,246000,-53000,193000
2015/06/25,0,481000,-7000,474000
2015/06/26,0,570000,-220000,350000
2015/06/29,0,253000,-436000,-183000
2015/06/30,0,198000,-253000,-55000
2015/07/01,0,1200000,-748000,452000
2015/07/02,0,13000,-50000,-37000
2015/07/03,0,360000,-73000,287000
2015/07/06,0,52000,0,52000
2015/07/07,0,0,-231000,-231000
2015/07/08,0,710000,-2263000,-1553000
2015/07/09,0,0,-225000,-225000
2015/07/10,0,0,0,0
2015/07/13,0,166000,-2000,164000
2015/07/14,0,0,-133000,-133000
2015/07/15,0,36000,0,36000
2015/07/16,0,0,0,0
2015/07/17,0,57000,-374000,-317000
2015/07/20,0,69000,-759000,-690000
2015/07/21,0,407000,-60000,347000
2015/07/22,0,0,-176000,-176000
2015/07/23,0,153000,-857000,-704000
2015/07/24,0,154000,-1834000,-1680000
2015/07/27,0,61000,-3644000,-3583000
2015/07/28,0,207000,-626000,-419000
2015/07/29,0,805000,-168000,637000
2015/07/30,0,126000,-2780000,-2654000
2015/07/31,0,1208000,-8550000,-7342000
2015/08/03,0,459000,0,459000
2015/08/04,0,87000,-2000000,-1913000
2015/08/05,0,67000,-1941000,-1874000
2015/08/06,0,391000,-222000,169000
2015/08/07,0,233000,-30000,203000
2015/08/10,0,3987000,-1850000,2137000
2015/08/11,0,8000,-598000,-590000
2015/08/12,0,133000,-107000,26000
2015/08/13,0,17000,-30000,-13000
2015/08/14,0,481000,-231000,250000
2015/08/17,0,1605000,-110000,1495000
2015/08/18,0,228000,-473000,-245000
2015/08/19,0,3000,-1099000,-1096000
2015/08/20,0,4000,-640000,-636000
2015/08/21,0,0,-3707000,-3707000
2015/08/24,0,641000,-446000,195000
2015/08/25,0,399597,0,399597
2015/08/26,0,361000,-1686000,-1325000
2015/08/27,0,91000,-533000,-442000
2015/08/28,0,176000,-756000,-580000
2015/08/31,0,155000,-1290000,-1135000
2015/09/01,0,74000,-887000,-813000
2015/09/02,0,296000,-797000,-501000
2015/09/03,0,180000,-1051000,-871000
2015/09/04,0,453000,-277000,176000
2015/09/07,0,47000,-500000,-453000
2015/09/08,0,143000,-90000,53000
2015/09/09,0,3457000,-284000,3173000
2015/09/10,0,350000,-30000,320000
2015/09/11,0,1720000,-70000,1650000
2015/09/14,0,982000,-22000,960000
2015/09/15,0,11000,-168000,-157000
2015/09/16,0,0,-154000,-154000
2015/09/17,0,430000,-101000,329000
2015/09/18,0,427000,-447000,-20000
2015/09/21,0,17000,-88000,-71000
2015/09/22,0,3476,-4000,-524
2015/09/23,0,0,0,0
2015/09/24,0,0,0,0
2015/09/25,0,1000,0,1000
2015/09/28,0,0,0,0
2015/09/29,0,0,0,0
2015/09/30,0,0,0,0
2015/10/01,0,1858000,-591000,1267000
2015/10/02,0,1884000,-145000,1739000
2015/10/05,0,20000,0,20000
2015/10/06,0,130000,0,130000
2015/10/07,0,8000,-1000000,-992000
2015/10/08,0,0,-437000,-437000
2015/10/09,0,0,0,0
2015/10/12,0,0,0,0
2015/10/13,0,0,-151000,-151000
2015/10/14,0,305000,0,305000
2015/10/15,0,3846000,-26000,3820000
2015/10/16,0,2299000,0,2299000
2015/10/19,0,1062000,0,1062000
2015/10/20,0,1207000,-231000,976000
2015/10/21,0,0,0,0
2015/10/22,0,186000,0,186000
2015/10/23,0,120000,-94000,26000
2015/10/26,0,1835000,-17000,1818000
2015/10/27,0,60000,0,60000
2015/10/28,0,0,0,0
2015/10/29,0,200000,-2000,198000
2015/10/30,0,117000,-769000,-652000
2015/11/02,0,373000,-476000,-103000
2015/11/03,0,354000,-571000,-217000
2015/11/04,0,923000,-943000,-20000
2015/11/05,0,0,0,0
2015/11/06,0,30000,0,30000
2015/11/09,0,43000,-30000,13000
2015/11/10,0,0,0,0
2015/11/11,0,289000,-682000,-393000
2015/11/12,0,234000,0,234000
2015/11/13,0,150000,-1000,149000
2015/11/16,0,100000,-44000,56000
2015/11/17,0,1514000,0,1514000
2015/11/18,0,256000,0,256000
2015/11/19,0,0,-920000,-920000
2015/11/20,0,78000,-5000,73000
2015/11/23,0,303000,-1539000,-1236000
2015/11/24,0,150000,-1320000,-1170000
2015/11/25,0,150000,-2660000,-2510000
2015/11/26,0,250000,-500000,-250000
2015/11/27,0,200000,-1221000,-1021000
2015/11/30,0,152000,-336000,-184000
2015/12/01,0,85000,0,85000
2015/12/02,0,165000,-209000,-44000
2015/12/03,0,17000,-49000,-32000
2015/12/04,0,0,0,0
2015/12/07,0,601000,0,601000
2015/12/08,0,0,0,0
2015/12/09,0,0,0,0
2015/12/10,0,0,-340000,-340000
2015/12/11,0,123000,0,123000
2015/12/14,0,452000,-267760,184240
2015/12/15,0,2484000,-211000,2273000
2015/12/16,0,245000,0,245000
2015/12/17,0,70000,0,70000
2015/12/18,0,1065000,0,1065000
2015/12/21,0,351000,-375000,-24000
2015/12/22,0,250000,-10000,240000
2015/12/23,0,2281000,0,2281000
2015/12/24,0,1526000,0,1526000
2015/12/25,0,111000,0,111000
2015/12/28,0,760000,0,760000
2015/12/29,0,299000,-208000,91000
2015/12/30,0,166000,-2034000,-1868000
2015/12/31,0,1622000,-999000,623000
2016/01/01,0,0,0,0
2016/01/04,0,1587000,-1602000,-15000
2016/01/05,0,136000,-1934000,-1798000
2016/01/06,0,144000,-36000,108000
2016/01/07,0,0,-703000,-703000
2016/01/08,0,234000,-870000,-636000
2016/01/11,0,72000,0,72000
2016/01/12,0,0,-901000,-901000
2016/01/13,0,451000,-74000,377000
2016/01/14,0,0,-641000,-641000
2016/01/15,0,336000,-535000,-199000
2016/01/18,0,16000,-632000,-616000
2016/01/19,0,155000,-3683000,-3528000
2016/01/20,0,0,-3097000,-3097000
2016/01/21,0,0,-393000,-393000
2016/01/22,0,0,-15000,-15000
2016/01/25,0,565000,-192000,373000
2016/01/26,0,0,-47000,-47000
2016/01/27,0,0,-127000,-127000
2016/01/28,0,0,-2121000,-2121000
2016/01/29,0,79000,-125000,-46000
2016/02/01,0,0,-669000,-669000
2016/02/02,0,0,-300000,-300000
2016/02/03,0,771000,-763000,8000
2016/02/04,0,0,0,0
2016/02/05,0,0,0,0
2016/02/08,0,0,0,0
2016/02/09,0,0,0,0
2016/02/10,0,0,0,0
2016/02/11,0,0,0,0
2016/02/12,0,0,0,0
2016/02/15,0,124000,-57065,66935
2016/02/16,0,756000,0,756000
2016/02/17,0,870000,0,870000
2016/02/18,0,975000,0,975000
2016/02/19,0,719000,-241000,478000
2016/02/22,0,299000,0,299000
2016/02/23,0,0,-226000,-226000
2016/02/24,0,34000,-334000,-300000
2016/02/25,0,468000,-200000,268000
2016/02/26,0,0,0,0
2016/02/29,0,0,0,0
2016/03/01,0,74000,-40000,34000
2016/03/02,0,5000,-5000,0
2016/03/03,0,0,0,0
2016/03/04,0,0,-20000,-20000
2016/03/07,0,0,-1044000,-1044000
2016/03/08,0,3000,0,3000
2016/03/09,0,0,-733000,-733000
2016/03/10,0,0,-1487000,-1487000
2016/03/11,0,0,-538000,-538000
2016/03/14,0,0,-80000,-80000
2016/03/15,0,1000,-2071000,-2070000
2016/03/16,0,0,-721000,-721000
2016/03/17,0,0,-296000,-296000
2016/03/18,0,56000,-1000,55000
2016/03/21,0,0,-149000,-149000
2016/03/22,0,0,-1042000,-1042000
2016/03/23,0,0,0,0
2016/03/24,0,0,-120000,-120000
2016/03/25,0,0,-156000,-156000
2016/03/28,0,0,0,0
2016/03/29,0,0,-11000,-11000
2016/03/30,0,0,0,0
2016/03/31,0,0,0,0
2016/04/01,0,0,-141000,-141000
2016/04/04,0,0,0,0
2016/04/05,0,0,0,0
2016/04/06,0,0,-694000,-694000
2016/04/07,0,0,-1592000,-1592000
2016/04/08,0,0,-167000,-167000
2016/04/11,0,0,-557000,-557000
2016/04/12,0,1000,-345000,-344000
2016/04/13,0,0,-222000,-222000
2016/04/14,0,0,-166000,-166000
2016/04/15,0,0,-857000,-857000
2016/04/18,0,0,-1223000,-1223000
2016/04/19,0,0,-1706000,-1706000
2016/04/20,0,0,-536000,-536000
2016/04/21,0,0,-6318000,-6318000
2016/04/22,0,0,-377000,-377000
2016/04/25,0,1000,-7878000,-7877000
2016/04/26,0,0,-384000,-384000
2016/04/27,0,0,-1145000,-1145000
2016/04/28,0,0,-738000,-738000
2016/04/29,0,91000,-926000,-835000
2016/05/02,0,0,0,0
2016/05/03,0,0,-300000,-300000
2016/05/04,0,0,-855000,-855000
2016/05/05,0,1000000,-2427000,-1427000
2016/05/06,0,148000,-514000,-366000
2016/05/09,0,0,-1180000,-1180000
2016/05/10,0,136725,0,136725
2016/05/11,0,0,-182000,-182000
2016/05/12,0,82000,-820000,-738000
2016/05/13,0,0,-931000,-931000
2016/05/16,0,1935000,0,1935000
2016/05/17,0,560000,0,560000
2016/05/18,0,280000,-300000,-20000
2016/05/19,0,60000,0,60000
2016/05/20,0,450000,-668000,-218000
2016/05/23,0,4359000,0,4359000
2016/05/24,0,4392000,0,4392000
2016/05/25,0,4252000,0,4252000
2016/05/26,0,0,0,0
2016/05/27,0,1561000,0,1561000
2016/05/30,0,549000,0,549000
2016/05/31,0,206000,-3000,203000
2016/06/01,0,273000,0,273000
2016/06/02,0,4186000,0,4186000
2016/06/03,0,1499000,-60000,1439000
2016/06/06,0,310000,-2000,308000
2016/06/07,0,298000,0,298000
2016/06/08,0,450000,0,450000
2016/06/09,0,0,0,0
2016/06/10,0,0,0,0
2016/06/13,0,0,0,0
2016/06/14,0,0,-1150000,-1150000
2016/06/15,0,0,-1000,-1000
2016/06/16,0,136000,-24000,112000
2016/06/17,0,295000,-71000,224000
2016/06/20,0,76000,-28000,48000
2016/06/21,0,0,-266000,-266000
2016/06/22,0,284000,-1886000,-1602000
2016/06/23,0,0,-20000,-20000
2016/06/24,0,1827000,0,1827000
2016/06/27,0,1650000,0,1650000
2016/06/28,0,53000,-1265000,-1212000
2016/06/29,0,862000,-500000,362000
2016/06/30,0,0,-612000,-612000
2016/07/01,0,192000,-428000,-236000
2016/07/04,0,279000,0,279000
2016/07/05,0,427000,-53000,374000
2016/07/06,0,0,-582000,-582000
2016/07/07,0,0,-42000,-42000
2016/07/08,0,0,0,0
2016/07/11,0,267000,0,267000
2016/07/12,0,85000,-577000,-492000
2016/07/13,0,463000,0,463000
2016/07/14,0,213000,-3241000,-3028000
2016/07/15,0,110000,-230000,-120000
2016/07/18,0,50000,-98000,-48000
2016/07/19,0,272000,-9000,263000
2016/07/20,0,55000,-13000,42000
2016/07/21,0,92000,-485000,-393000
2016/07/22,0,127000,-18000,109000
2016/07/25,0,257000,-816000,-559000
2016/07/26,0,85000,0,85000
2016/07/27,0,5000,-268000,-263000
2016/07/28,0,344000,-2455000,-2111000
2016/07/29,0,970,-1106000,-1105030
2016/08/01,0,133000,-390000,-257000
2016/08/02,0,365000,-1561000,-1196000
2016/08/03,0,997000,-125000,872000
2016/08/04,0,35000,-424000,-389000
2016/08/05,0,0,-144000,-144000
2016/08/08,0,1000,-141000,-140000
2016/08/09,0,0,-57000,-57000
2016/08/10,0,100000,0,100000
2016/08/11,0,0,-76000,-76000
2016/08/12,0,0,-413000,-413000
2016/08/15,0,87000,-587000,-500000
2016/08/16,0,900000,-238000,662000
2016/08/17,0,0,0,0
2016/08/18,0,271000,-526000,-255000
2016/08/19,0,0,-1018000,-1018000
2016/08/22,0,0,-1132000,-1132000
2016/08/23,0,0,-612000,-612000
2016/08/24,0,48000,-487000,-439000
2016/08/25,0,138000,0,138000
2016/08/26,0,3000,-350000,-347000
2016/08/29,0,0,-111000,-111000
2016/08/30,0,197000,0,197000
2016/08/31,0,1000,-350000,-349000
2016/09/01,0,131000,-1366000,-1235000
2016/09/02,0,7000,-418000,-411000
2016/09/05,0,129000,-539000,-410000
2016/09/06,0,0,-400490,-400490
2016/09/07,0,14000,-900000,-886000
2016/09/08,0,0,-450000,-450000
2016/09/09,0,2000,-980000,-978000
2016/09/12,0,0,-1239000,-1239000
2016/09/13,0,1000,0,1000
2016/09/14,0,82000,-2000,80000
2016/09/15,0,0,0,0
2016/09/16,0,0,0,0
2016/09/19,0,0,-445000,-445000
2016/09/20,0,0,-772000,-772000
2016/09/21,0,0,-450000,-450000
2016/09/22,0,0,0,0
2016/09/23,0,0,-19000,-19000
2016/09/26,0,0,-323000,-323000
2016/09/27,0,0,0,0
2016/09/28,0,0,0,0
2016/09/29,0,82000,-154000,-72000
2016/09/30,0,81443,-70000,11443
2016/10/03,0,100000,-550000,-450000
2016/10/04,0,53000,-2118000,-2065000
2016/10/05,0,0,-172000,-172000
2016/10/06,0,0,0,0
2016/10/07,0,0,0,0
2016/10/10,0,0,0,0
2016/10/11,0,501000,-250000,251000
2016/10/12,0,500000,0,500000
2016/10/13,0,2000,-36000,-34000
2016/10/14,0,55000,-285000,-230000
2016/10/17,0,0,-1200000,-1200000
2016/10/18,0,0,0,0
2016/10/19,0,0,0,0
2016/10/20,0,10000,-150000,-140000
2016/10/21,0,1000,-239000,-238000
2016/10/24,0,265000,-300000,-35000
2016/10/25,0,0,0,0
2016/10/26,0,70000,-196000,-126000
2016/10/27,0,132000,-197000,-65000
2016/10/28,0,0,-965000,-965000
2016/10/31,0,155000,-456400,-301400
2016/11/01,0,0,-420000,-420000
2016/11/02,0,15234,-587000,-571766
2016/11/03,0,60000,0,60000
2016/11/04,0,21000,-1653000,-1632000
2016/11/07,0,0,-400000,-400000
2016/11/08,0,0,-600000,-600000
2016/11/09,0,20000,0,20000
2016/11/10,0,0,-947000,-947000
2016/11/11,0,0,-3447000,-3447000
2016/11/14,0,0,-1196000,-1196000
2016/11/15,0,27000,-737000,-710000
2016/11/16,0,0,0,0
2016/11/17,0,80000,0,80000
2016/11/18,0,49000,0,49000
2016/11/21,0,380000,0,380000
2016/11/22,0,50000,0,50000
2016/11/23,0,0,-1257000,-1257000
2016/11/24,0,0,-170000,-170000
2016/11/25,0,173000,-80000,93000
2016/11/28,0,0,0,0
2016/11/29,0,28000,-298000,-270000
2016/11/30,0,1000,-99000,-98000
2016/12/01,0,0,-300000,-300000
2016/12/02,0,0,0,0
2016/12/05,0,0,-544000,-544000
2016/12/06,0,0,-349000,-349000
2016/12/07,0,0,0,0
2016/12/08,0,0,0,0
2016/12/09,0,0,0,0
2016/12/12,0,50000,0,50000
2016/12/13,0,0,-1076000,-1076000
2016/12/14,0,85000,0,85000
2016/12/15,0,0,0,0
2016/12/16,0,0,-206000,-206000
2016/12/19,0,0,-214000,-214000
2016/12/20,0,0,-150600,-150600
2016/12/21,0,0,-213000,-213000
2016/12/22,0,0,-153000,-153000
2016/12/23,0,0,0,0
2016/12/26,0,0,-1000000,-1000000
2016/12/27,0,20000,-500000,-480000
2016/12/28,0,0,-1500000,-1500000
2016/12/29,0,0,-800000,-800000
2016/12/30,0,1000,-1200000,-1199000
2017/01/02,0,0,0,0
2017/01/03,0,0,0,0
2017/01/04,0,0,0,0
2017/01/05,0,7000,0,7000
2017/01/06,0,0,-6000,-6000
2017/01/09,0,0,-91000,-91000
2017/01/10,0,0,0,0
2017/01/11,0,0,0,0
2017/01/12,0,0,-241000,-241000
2017/01/13,0,0,0,0
2017/01/16,0,0,-363000,-363000
2017/01/17,0,0,0,0
2017/01/18,0,45000,0,45000
2017/01/19,0,401,0,401
2017/01/20,0,0,-300000,-300000
2017/01/23,0,1273,-3171000,-3169727
2017/01/24,0,0,0,0
2017/01/25,0,0,0,0
2017/01/26,0,0,0,0
2017/01/27,0,0,0,0
2017/01/30,0,0,0,0
2017/01/31,0,0,0,0
2017/02/01,0,0,0,0
2017/02/02,0,3267000,0,3267000
2017/02/03,0,38000,0,38000
2017/02/06,0,3468000,-18000,3450000
2017/02/07,0,0,-165000,-165000
2017/02/08,0,14600,-115000,-100400
2017/02/09,0,714000,-55000,659000
2017/02/10,0,1000000,0,1000000
2017/02/13,0,0,0,0
2017/02/14,0,1000,0,1000
2017/02/15,0,18000,-73000,-55000
2017/02/16,0,0,0,0
2017/02/17,0,0,-450000,-450000
2017/02/20,0,0,-750000,-750000
2017/02/21,0,0,0,0
2017/02/22,0,0,-279000,-279000
2017/02/23,0,0,0,0
2017/02/24,0,3000,0,3000
2017/02/27,0,0,0,0
2017/02/28,0,0,0,0
2017/03/01,0,0,0,0
2017/03/02,0,0,-33000,-33000
2017/03/03,0,1000,-13000,-12000
2017/03/06,0,0,0,0
2017/03/07,0,383000,0,383000
2017/03/08,0,0,0,0
2017/03/09,0,0,0,0
2017/03/10,0,0,0,0
2017/03/13,0,0,0,0
2017/03/14,0,0,-27000,-27000
2017/03/15,0,0,-6000,-6000
2017/03/16,0,0,-3549,-3549
2017/03/17,0,9000,-11000,-2000
2017/03/20,0,13000,0,13000
2017/03/21,0,21000,0,21000
2017/03/22,0,0,-42000,-42000
2017/03/23,0,0,0,0
2017/03/24,0,60000,-300000,-240000
2017/03/27,0,12000,-14000,-2000
2017/03/28,0,0,0,0
2017/03/29,0,366490,0,366490
2017/03/30,0,41732,0,41732
2017/03/31,0,55101,-37480,17621
2017/04/03,0,0,0,0
2017/04/04,0,0,0,0
2017/04/05,0,8366,0,8366
2017/04/06,0,0,-357141,-357141
2017/04/07,0,0,0,0
2017/04/10,0,88000,-370,87630
2017/04/11,0,0,0,0
2017/04/12,0,0,-57000,-57000
2017/04/13,0,0,-435000,-435000
2017/04/14,0,100000,-16000,84000
2017/04/17,0,18000,0,18000
2017/04/18,0,1000,0,1000
2017/04/19,0,18364,-112000,-93636
2017/04/20,0,20000,0,20000
2017/04/21,0,0,0,0
2017/04/24,0,0,0,0
2017/04/25,0,1034,0,1034
2017/04/26,0,0,0,0
2017/04/27,0,0,0,0
2017/04/28,0,0,-13000,-13000
2017/05/01,0,0,0,0
2017/05/02,0,0,-204934,-204934
2017/05/03,0,1071890,0,1071890
2017/05/04,0,49392,-2000,47392
2017/05/05,0,0,-5917,-5917
2017/05/08,0,0,-238000,-238000
2017/05/09,0,0,-1000,-1000
2017/05/10,0,0,-51000,-51000
2017/05/11,0,937000,0,937000
2017/05/12,0,0,0,0
2017/05/15,0,325000,-10338,314662
2017/05/16,0,953000,-30000,923000
2017/05/17,0,0,0,0
2017/05/18,0,0,-109000,-109000
2017/05/19,0,50000,-126871,-76871
2017/05/22,0,0,-1856718,-1856718
2017/05/23,0,0,0,0
2017/05/24,0,0,0,0
2017/05/25,0,0,-7000,-7000
2017/05/26,0,0,-45000,-45000
2017/05/29,0,0,0,0
2017/05/30,0,0,0,0
2017/05/31,0,80000,-1336000,-1256000
2017/06/01,0,0,-436000,-436000
2017/06/02,0,0,-223000,-223000
2017/06/05,0,0,-26000,-26000
2017/06/06,0,0,-30000,-30000
2017/06/07,0,0,-1739000,-1739000
2017/06/08,0,0,-1000,-1000
2017/06/09,0,500000,-12000,488000
2017/06/12,0,0,0,0
2017/06/13,0,0,-292000,-292000
2017/06/14,0,0,-2328000,-2328000
2017/06/15,0,0,0,0
2017/06/16,0,246000,-2000,244000
2017/06/19,0,9000,-19000,-10000
2017/06/20,0,4000,-33396,-29396
2017/06/21,0,0,-579000,-579000
2017/06/22,0,0,0,0
2017/06/23,0,0,-3089933,-3089933
2017/06/26,0,0,-95246,-95246
2017/06/27,0,3000,-108000,-105000
2017/06/28,0,0,-9324,-9324
2017/06/29,0,805000,-4000,801000
2017/06/30,0,113000,0,113000
2017/07/03,0,0,-424000,-424000
2017/07/04,0,0,-8000,-8000
2017/07/05,0,0,0,0
2017/07/06,0,0,0,0
2017/07/07,0,0,0,0
2017/07/10,0,0,-8000,-8000
2017/07/11,0,0,0,0
2017/07/12,0,0,-25518,-25518
2017/07/13,0,1000,-15000,-14000
2017/07/14,0,0,-16000,-16000
2017/07/17,0,406,0,406
2017/07/18,0,26000,0,26000
2017/07/19,0,387000,-1047000,-660000
2017/07/20,0,10000,0,10000
2017/07/21,0,0,0,0
2017/07/24,0,0,0,0
2017/07/25,0,4000,0,4000
2017/07/26,0,0,-69000,-69000
2017/07/27,0,0,0,0
2017/07/28,0,1000,0,1000
2017/07/31,0,12000,0,12000
2017/08/01,0,8000,-317000,-309000
2017/08/02,0,9000,-2044000,-2035000
2017/08/03,0,13000,-471000,-458000
2017/08/04,0,34000,-35000,-1000
2017/08/07,0,13000,-1662649,-1649649
2017/08/08,0,19000,-222904,-203904
2017/08/09,0,25000,0,25000
2017/08/10,0,1000,-549000,-548000
2017/08/11,0,0,0,0
2017/08/14,0,0,-301000,-301000
2017/08/15,0,11000,-2000,9000
2017/08/16,0,15000,-696706,-681706
2017/08/17,0,0,0,0
2017/08/18,0,49000,-235120,-186120
