Date,Open,Buy,Sell,Total
2007/01/02,0,5284183,-743575,4540608
2007/01/03,0,8797000,-2316200,6480800
2007/01/04,0,5990601,-1997200,3993401
2007/01/05,0,3642000,-6186000,-2544000
2007/01/08,0,2534000,-5762847,-3228847
2007/01/09,0,2731000,-1317591,1413409
2007/01/10,0,8181000,-7146213,1034787
2007/01/11,0,11033915,-5585000,5448915
2007/01/12,0,8622000,-4647000,3975000
2007/01/15,0,21216410,-7634344,13582066
2007/01/16,0,10081000,-6481285,3599715
2007/01/17,0,7619895,-7476931,142964
2007/01/18,0,8041500,-3732740,4308760
2007/01/19,0,3498000,-3467839,30161
2007/01/22,0,4471000,-5609332,-1138332
2007/01/23,0,3025000,-2082745,942255
2007/01/24,0,4148000,-2649000,1499000
2007/01/25,0,6927000,-2884149,4042851
2007/01/26,0,2410000,-6002950,-3592950
2007/01/29,0,2802000,-10839982,-8037982
2007/01/30,0,4543000,-5248325,-705325
2007/01/31,0,3353000,-14861279,-11508279
2007/02/01,0,3736000,-11788599,-8052599
2007/02/02,0,7195295,-7234324,-39029
2007/02/05,0,7285000,-6974286,310714
2007/02/06,0,3163000,-2333600,829400
2007/02/07,0,6417200,-2934469,3482731
2007/02/08,0,3498301,-4309833,-811532
2007/02/09,0,5545000,-5833000,-288000
2007/02/12,0,6447000,-7723071,-1276071
2007/02/13,0,3402200,-15630865,-12228665
2007/02/14,0,17133000,-17118406,14594
2007/02/15,0,0,0,0
2007/02/16,0,0,0,0
2007/02/19,0,0,0,0
2007/02/20,0,0,0,0
2007/02/21,0,0,0,0
2007/02/22,0,0,0,0
2007/02/23,0,0,0,0
2007/02/26,0,15807430,-13093792,2713638
2007/02/27,0,5995651,-4507505,1488146
2007/02/28,0,0,0,0
2007/03/01,0,7712830,-32705100,-24992270
2007/03/02,0,6176000,-15023305,-8847305
2007/03/05,0,6709700,-18558480,-11848780
2007/03/06,0,8062900,-11491600,-3428700
2007/03/07,0,16501619,-15602513,899106
2007/03/08,0,4601276,-3412801,1188475
2007/03/09,0,2246210,-5370800,-3124590
2007/03/12,0,11721000,-6186000,5535000
2007/03/13,0,10826740,-6694571,4132169
2007/03/14,0,5570000,-8322251,-2752251
2007/03/15,0,4533000,-3064000,1469000
2007/03/16,0,2704000,-5184350,-2480350
2007/03/19,0,2471000,-2204000,267000
2007/03/20,0,3421911,-3062000,359911
2007/03/21,0,3454000,-3939703,-485703
2007/03/22,0,11636000,-4883633,6752367
2007/03/23,0,10429000,-5133271,5295729
2007/03/26,0,4618000,-4945612,-327612
2007/03/27,0,6839750,-7043600,-203850
2007/03/28,0,4487000,-7134336,-2647336
2007/03/29,0,6729130,-6931600,-202470
2007/03/30,0,4004000,-2115181,1888819
2007/04/02,0,2333700,-2137470,196230
2007/04/03,0,4026500,-4115285,-88785
2007/04/04,0,17852000,-5377981,12474019
2007/04/05,0,0,0,0
2007/04/06,0,0,0,0
2007/04/09,0,9490518,-3333800,6156718
2007/04/10,0,7096000,-4196800,2899200
2007/04/11,0,8580000,-5653544,2926456
2007/04/12,0,10643000,-7694000,2949000
2007/04/13,0,13371108,-9256939,4114169
2007/04/16,0,7500000,-5814200,1685800
2007/04/17,0,8600368,-6830595,1769773
2007/04/18,0,5575000,-5136500,438500
2007/04/19,0,7283471,-9294000,-2010529
2007/04/20,0,4951632,-7381958,-2430326
2007/04/23,0,11967000,-6450200,5516800
2007/04/24,0,6257000,-4702238,1554762
2007/04/25,0,4395000,-5168000,-773000
2007/04/26,0,9606291,-6412897,3193394
2007/04/27,0,4521825,-5625656,-1103831
2007/04/30,0,4419000,-6548918,-2129918
2007/05/01,0,0,0,0
2007/05/02,0,16939000,-6330600,10608400
2007/05/03,0,19992000,-3458375,16533625
2007/05/04,0,8070000,-2510447,5559553
2007/05/07,0,7643500,-2416905,5226595
2007/05/08,0,6277000,-2553360,3723640
2007/05/09,0,6968000,-4084078,2883922
2007/05/10,0,5349800,-4203258,1146542
2007/05/11,0,3456000,-4468973,-1012973
2007/05/14,0,4092000,-5577530,-1485530
2007/05/15,0,1870000,-3209201,-1339201
2007/05/16,0,5806700,-7152500,-1345800
2007/05/17,0,5043500,-6905400,-1861900
2007/05/18,0,3791000,-7008200,-3217200
2007/05/21,0,4081000,-4251874,-170874
2007/05/22,0,3478000,-2157200,1320800
2007/05/23,0,4196000,-2644682,1551318
2007/05/24,0,4689500,-3088000,1601500
2007/05/25,0,3507000,-6418044,-2911044
2007/05/28,0,1886000,-3694814,-1808814
2007/05/29,0,1958000,-2908700,-950700
2007/05/30,0,7412690,-10151944,-2739254
2007/05/31,0,5472745,-6902918,-1430173
2007/06/01,0,6704600,-5897338,807262
2007/06/04,0,7268000,-5088600,2179400
2007/06/05,0,12632000,-2873704,9758296
2007/06/06,0,15486600,-8478039,7008561
2007/06/07,0,7696000,-5520000,2176000
2007/06/08,0,10379412,-12745114,-2365702
2007/06/11,0,5877000,-5714000,163000
2007/06/12,0,10537300,-4337000,6200300
2007/06/13,0,6060000,-4606804,1453196
2007/06/14,0,13547200,-5033375,8513825
2007/06/15,0,9474000,-6946791,2527209
2007/06/18,0,0,0,0
2007/06/19,0,0,0,0
2007/06/20,0,18207200,-7948356,10258844
2007/06/21,0,17349619,-7077985,10271634
2007/06/22,0,4841000,-11923664,-7082664
2007/06/25,0,5671364,-2480051,3191313
2007/06/26,0,5082863,-8373472,-3290609
2007/06/27,0,3162400,-5355132,-2192732
2007/06/28,0,6604703,-5227410,1377293
2007/06/29,0,5588800,-8995090,-3406290
2007/07/02,0,4286219,-4540410,-254191
2007/07/03,0,4158000,-2500000,1658000
2007/07/04,0,5073000,-1073223,3999777
2007/07/05,0,4605297,-1662946,2942351
2007/07/06,0,2942000,-1828700,1113300
2007/07/09,0,5900750,-4290791,1609959
2007/07/10,0,5967000,-4606287,1360713
2007/07/11,0,3948600,-4779200,-830600
2007/07/12,0,5630000,-6199568,-569568
2007/07/13,0,9100000,-4565000,4535000
2007/07/16,0,3447039,-8542100,-5095061
2007/07/17,0,6222200,-8360962,-2138762
2007/07/18,0,3792100,-8344278,-4552178
2007/07/19,0,6595700,-12426096,-5830396
2007/07/20,0,14471800,-8504487,5967313
2007/07/23,0,4901000,-6077198,-1176198
2007/07/24,0,8612000,-2678600,5933400
2007/07/25,0,4382300,-7601868,-3219568
2007/07/26,0,5876405,-8724215,-2847810
2007/07/27,0,6465000,-28655099,-22190099
2007/07/30,0,6367481,-13257516,-6890035
2007/07/31,0,7375170,-10041158,-2665988
2007/08/01,0,3257000,-21896860,-18639860
2007/08/02,0,6745000,-5111091,1633909
2007/08/03,0,7438882,-3497682,3941200
2007/08/06,0,3692000,-5158176,-1466176
2007/08/07,0,5643000,-7051600,-1408600
2007/08/08,0,4567000,-3289400,1277600
2007/08/09,0,7152000,-3938000,3214000
2007/08/10,0,3491200,-11907649,-8416449
2007/08/13,0,3689000,-4378098,-689098
2007/08/14,0,5297010,-3735100,1561910
2007/08/15,0,2096000,-10295629,-8199629
2007/08/16,0,6069500,-23972754,-17903254
2007/08/17,0,9398300,-21171000,-11772700
2007/08/20,0,5701000,-3226755,2474245
2007/08/21,0,9986002,-5160288,4825714
2007/08/22,0,6627985,-11901002,-5273017
2007/08/23,0,16018000,-14130500,1887500
2007/08/24,0,10331000,-13607951,-3276951
2007/08/27,0,6435000,-9340602,-2905602
2007/08/28,0,13920020,-10036004,3884016
2007/08/29,0,13008800,-13284279,-275479
2007/08/30,0,10059000,-7777000,2282000
2007/08/31,0,16572400,-23701600,-7129200
2007/09/03,0,7330000,-11226800,-3896800
2007/09/04,0,7140000,-10436000,-3296000
2007/09/05,0,5438964,-9797600,-4358636
2007/09/06,0,7036000,-11754500,-4718500
2007/09/07,0,4652000,-3999900,652100
2007/09/10,0,5208000,-8426400,-3218400
2007/09/11,0,5113000,-5174319,-61319
2007/09/12,0,3402000,-6921222,-3519222
2007/09/13,0,2563610,-7105400,-4541790
2007/09/14,0,6111000,-10729132,-4618132
2007/09/17,0,2130181,-10855657,-8725476
2007/09/18,0,0,0,0
2007/09/19,0,16585000,-9978117,6606883
2007/09/20,0,11358000,-5222733,6135267
2007/09/21,0,5529000,-6479906,-950906
2007/09/24,0,0,0,0
2007/09/25,0,0,0,0
2007/09/26,0,9436500,-14470600,-5034100
2007/09/27,0,15995000,-9581670,6413330
2007/09/28,0,12873000,-3772200,9100800
2007/10/01,0,3942500,-6570445,-2627945
2007/10/02,0,15311000,-4537060,10773940
2007/10/03,0,18848666,-10007239,8841427
2007/10/04,0,6929000,-5058743,1870257
2007/10/05,0,5821000,-7924041,-2103041
2007/10/08,0,5459500,-3078000,2381500
2007/10/09,0,6056315,-6165000,-108685
2007/10/10,0,0,0,0
2007/10/11,0,10593000,-13099170,-2506170
2007/10/12,0,7169768,-7702562,-532794
2007/10/15,0,4753000,-6019505,-1266505
2007/10/16,0,3278500,-3487485,-208985
2007/10/17,0,4790200,-8344200,-3554000
2007/10/18,0,9359000,-9636968,-277968
2007/10/19,0,5227000,-6044882,-817882
2007/10/22,0,6925000,-17669608,-10744608
2007/10/23,0,8601000,-7553019,1047981
2007/10/24,0,13083262,-12321992,761270
2007/10/25,0,16146484,-12681020,3465464
2007/10/26,0,8488997,-8551577,-62580
2007/10/29,0,10672002,-5503657,5168345
2007/10/30,0,7845070,-3958284,3886786
2007/10/31,0,8125160,-18713888,-10588728
2007/11/01,0,7380100,-23532803,-16152703
2007/11/02,0,6830100,-32952179,-26122079
2007/11/05,0,18035943,-13158524,4877419
2007/11/06,0,4694000,-8302379,-3608379
2007/11/07,0,8903334,-11812664,-2909330
2007/11/08,0,6107000,-16177100,-10070100
2007/11/09,0,10050000,-16246207,-6196207
2007/11/12,0,8825000,-22102414,-13277414
2007/11/13,0,11645000,-24499378,-12854378
2007/11/14,0,22220920,-25122711,-2901791
2007/11/15,0,9611500,-11033780,-1422280
2007/11/16,0,12430311,-27485352,-15055041
2007/11/19,0,7981372,-18275544,-10294172
2007/11/20,0,14408100,-21641618,-7233518
2007/11/21,0,17101000,-16029522,1071478
2007/11/22,0,8313000,-7448899,864101
2007/11/23,0,3883000,-6929542,-3046542
2007/11/26,0,14656000,-12694546,1961454
2007/11/27,0,7262713,-13181760,-5919047
2007/11/28,0,14205000,-8877126,5327874
2007/11/29,0,12079591,-5553577,6526014
2007/11/30,0,10965564,-8277290,2688274
2007/12/03,0,5329898,-15612146,-10282248
2007/12/04,0,3167574,-3088755,78819
2007/12/05,0,12264000,-8442174,3821826
2007/12/06,0,11426000,-9369340,2056660
2007/12/07,0,12560805,-13599081,-1038276
2007/12/10,0,3816000,-7506587,-3690587
2007/12/11,0,7865100,-11676757,-3811657
2007/12/12,0,17730000,-24007573,-6277573
2007/12/13,0,21175250,-44018487,-22843237
2007/12/14,0,16047000,-24612708,-8565708
2007/12/17,0,13305000,-17568800,-4263800
2007/12/18,0,12461564,-8582827,3878737
2007/12/19,0,20188000,-15337999,4850001
2007/12/20,0,13057299,-6377600,6679699
2007/12/21,0,20456000,-4532700,15923300
2007/12/24,0,11689000,-3556200,8132800
2007/12/25,0,1613000,-1383000,230000
2007/12/26,0,5334000,-1777000,3557000
2007/12/27,0,7353500,-3119600,4233900
2007/12/28,0,4381000,-2962598,1418402
2007/12/31,0,4904027,-1841280,3062747
2008/01/01,0,0,0,0
2008/01/02,0,1643330,-7249970,-5606640
2008/01/03,0,9506891,-19461045,-9954154
2008/01/04,0,6853100,-16789086,-9935986
2008/01/07,0,16804000,-47870550,-31066550
2008/01/08,0,20635000,-25421342,-4786342
2008/01/09,0,10236400,-11756927,-1520527
2008/01/10,0,18964000,-26369990,-7405990
2008/01/11,0,5883532,-10444267,-4560735
2008/01/14,0,22988000,-14707130,8280870
2008/01/15,0,19566000,-18003645,1562355
2008/01/16,0,21684242,-43315636,-21631394
2008/01/17,0,11300000,-13063312,-1763312
2008/01/18,0,6889905,-18035028,-11145123
2008/01/21,0,8617441,-16337926,-7720485
2008/01/22,0,7754010,-21177890,-13423880
2008/01/23,0,18787000,-13616136,5170864
2008/01/24,0,16074069,-23949797,-7875728
2008/01/25,0,12832142,-12141274,690868
2008/01/28,0,4502918,-6584134,-2081216
2008/01/29,0,5468000,-3376679,2091321
2008/01/30,0,8977229,-8266400,710829
2008/01/31,0,18263000,-3378346,14884654
2008/02/01,0,10188000,-4743077,5444923
2008/02/04,0,0,0,0
2008/02/05,0,0,0,0
2008/02/06,0,0,0,0
2008/02/07,0,0,0,0
2008/02/08,0,0,0,0
2008/02/11,0,0,0,0
2008/02/12,0,21123000,-20968014,154986
2008/02/13,0,10901000,-10602561,298439
2008/02/14,0,35597000,-24809460,10787540
2008/02/15,0,10361000,-7195022,3165978
2008/02/18,0,8305000,-4478637,3826363
2008/02/19,0,5349000,-4273600,1075400
2008/02/20,0,14103600,-7302489,6801111
2008/02/21,0,10563086,-4963758,5599328
2008/02/22,0,12078506,-5740120,6338386
2008/02/25,0,16436000,-5451600,10984400
2008/02/26,0,8881500,-3482000,5399500
2008/02/27,0,16615128,-8277000,8338128
2008/02/28,0,0,0,0
2008/02/29,0,11405153,-13772773,-2367620
2008/03/03,0,6147976,-12815799,-6667823
2008/03/04,0,9166000,-10393251,-1227251
2008/03/05,0,6578460,-9548120,-2969660
2008/03/06,0,15995000,-5563405,10431595
2008/03/07,0,7094000,-6105171,988829
2008/03/10,0,5559000,-19117630,-13558630
2008/03/11,0,4502000,-15944425,-11442425
2008/03/12,0,8664147,-11184149,-2520002
2008/03/13,0,4162000,-10016865,-5854865
2008/03/14,0,4292000,-7938808,-3646808
2008/03/17,0,3750000,-21361240,-17611240
2008/03/18,0,2473000,-10969507,-8496507
2008/03/19,0,5869000,-6969710,-1100710
2008/03/20,0,6657000,-9887437,-3230437
2008/03/21,0,8822000,-11316800,-2494800
2008/03/24,0,22387900,-4675280,17712620
2008/03/25,0,18363400,-10777780,7585620
2008/03/26,0,10566000,-6342843,4223157
2008/03/27,0,4518093,-28200402,-23682309
2008/03/28,0,11351693,-18812311,-7460618
2008/03/31,0,9326875,-21638516,-12311641
2008/04/01,0,7471223,-12584785,-5113562
2008/04/02,0,13084520,-22304951,-9220431
2008/04/03,0,13332000,-9165501,4166499
2008/04/04,0,0,0,0
2008/04/07,0,12857000,-9998260,2858740
2008/04/08,0,10280000,-6918000,3362000
2008/04/09,0,7722010,-9188100,-1466090
2008/04/10,0,10775700,-5784122,4991578
2008/04/11,0,17170000,-5202174,11967826
2008/04/14,0,6740000,-5541300,1198700
2008/04/15,0,2488000,-4167992,-1679992
2008/04/16,0,8614776,-4054284,4560492
2008/04/17,0,36806900,-5440000,31366900
2008/04/18,0,5928319,-11281439,-5353120
2008/04/21,0,17963000,-12947786,5015214
2008/04/22,0,4238440,-6636262,-2397822
2008/04/23,0,6665020,-27532448,-20867428
2008/04/24,0,4845000,-33299349,-28454349
2008/04/25,0,3540010,-19293603,-15753593
2008/04/28,0,10045800,-12461358,-2415558
2008/04/29,0,3554000,-9802158,-6248158
2008/04/30,0,8293000,-9725000,-1432000
2008/05/01,0,0,0,0
2008/05/02,0,12665891,-57457923,-44792032
2008/05/05,0,13553600,-58068237,-44514637
2008/05/06,0,9445820,-34143985,-24698165
2008/05/07,0,15569870,-26098750,-10528880
2008/05/08,0,5050000,-18867347,-13817347
2008/05/09,0,15158000,-24337800,-9179800
2008/05/12,0,14229000,-21979684,-7750684
2008/05/13,0,30014000,-30044000,-30000
2008/05/14,0,56863387,-29246388,27616999
2008/05/15,0,55895424,-26603512,29291912
2008/05/16,0,35892868,-11716483,24176385
2008/05/19,0,25693000,-12151800,13541200
2008/05/20,0,10968300,-9445450,1522850
2008/05/21,0,8431894,-15770174,-7338280
2008/05/22,0,12138400,-14276020,-2137620
2008/05/23,0,13673900,-6745000,6928900
2008/05/26,0,7734300,-6996040,738260
2008/05/27,0,3077000,-3815552,-738552
2008/05/28,0,6611000,-13124880,-6513880
2008/05/29,0,7537000,-8383584,-846584
2008/05/30,0,22034247,-19995572,2038675
2008/06/02,0,17061337,-4412400,12648937
2008/06/03,0,7599125,-5734339,1864786
2008/06/04,0,21997588,-10291259,11706329
2008/06/05,0,13252640,-5009991,8242649
2008/06/06,0,12818000,-3196447,9621553
2008/06/09,0,5803270,-15102200,-9298930
2008/06/10,0,13595620,-18958841,-5363221
2008/06/11,0,10772000,-9928362,843638
2008/06/12,0,3292000,-9639000,-6347000
2008/06/13,0,4345000,-6682700,-2337700
2008/06/16,0,9822000,-5018312,4803688
2008/06/17,0,5532650,-7452360,-1919710
2008/06/18,0,3229020,-9331300,-6102280
2008/06/19,0,6275700,-11513370,-5237670
2008/06/20,0,10781768,-16165100,-5383332
2008/06/23,0,10025000,-23467713,-13442713
2008/06/24,0,5819000,-15930544,-10111544
2008/06/25,0,10608000,-18771600,-8163600
2008/06/26,0,10786617,-13401000,-2614383
2008/06/27,0,10908000,-25530000,-14622000
2008/06/30,0,7912000,-11834368,-3922368
2008/07/01,0,6895000,-5557868,1337132
2008/07/02,0,5929000,-13866931,-7937931
2008/07/03,0,14954000,-14977177,-23177
2008/07/04,0,6177000,-9219000,-3042000
2008/07/07,0,12591000,-15307600,-2716600
2008/07/08,0,9664668,-13968644,-4303976
2008/07/09,0,13788288,-23825235,-10036947
2008/07/10,0,13122754,-25273782,-12151028
2008/07/11,0,17327000,-33115380,-15788380
2008/07/14,0,9340179,-16773489,-7433310
2008/07/15,0,8253000,-10051717,-1798717
2008/07/16,0,5436500,-6118218,-681718
2008/07/17,0,12088000,-9474184,2613816
2008/07/18,0,9827000,-7618054,2208946
2008/07/21,0,13667000,-8658595,5008405
2008/07/22,0,13100000,-17210700,-4110700
2008/07/23,0,9099000,-6115020,2983980
2008/07/24,0,8456000,-7074509,1381491
2008/07/25,0,4867000,-2942000,1925000
2008/07/28,0,0,0,0
2008/07/29,0,3370758,-14231198,-10860440
2008/07/30,0,9608781,-3179400,6429381
2008/07/31,0,10003000,-6055020,3947980
2008/08/01,0,5138000,-2570565,2567435
2008/08/04,0,5923538,-7456973,-1533435
2008/08/05,0,10440000,-10177735,262265
2008/08/06,0,15248680,-14253422,995258
2008/08/07,0,13251000,-6255360,6995640
2008/08/08,0,15489073,-7004520,8484553
2008/08/11,0,35918000,-11326200,24591800
2008/08/12,0,28183500,-12022134,16161366
2008/08/13,0,29938000,-17904620,12033380
2008/08/14,0,12982000,-7902529,5079471
2008/08/15,0,14499000,-13964005,534995
2008/08/18,0,9603020,-18398557,-8795537
2008/08/19,0,7312000,-17895900,-10583900
2008/08/20,0,9703325,-11674800,-1971475
2008/08/21,0,7598419,-7624465,-26046
2008/08/22,0,6003180,-8113086,-2109906
2008/08/25,0,6427000,-3213240,3213760
2008/08/26,0,7587200,-5679000,1908200
2008/08/27,0,14929000,-13968805,960195
2008/08/28,0,12112000,-26806059,-14694059
2008/08/29,0,9131240,-22965124,-13833884
2008/09/01,0,7419200,-30733090,-23313890
2008/09/02,0,17398000,-48673851,-31275851
2008/09/03,0,8736000,-13307990,-4571990
2008/09/04,0,13002300,-15935682,-2933382
2008/09/05,0,7675000,-12501055,-4826055
2008/09/08,0,13229000,-4809529,8419471
2008/09/09,0,18638000,-18261882,376118
2008/09/10,0,13156478,-21343985,-8187507
2008/09/11,0,12598000,-17465282,-4867282
2008/09/12,0,20830600,-19487322,1343278
2008/09/15,0,11758008,-17553680,-5795672
2008/09/16,0,8027490,-17871814,-9844324
2008/09/17,0,22345341,-28687994,-6342653
2008/09/18,0,22230200,-30059779,-7829579
2008/09/19,0,25511840,-16469643,9042197
2008/09/22,0,25519200,-19518450,6000750
2008/09/23,0,13604717,-8598828,5005889
2008/09/24,0,10594899,-15259927,-4665028
2008/09/25,0,9627104,-19296144,-9669040
2008/09/26,0,22082627,-36650515,-14567888
2008/09/29,0,0,0,0
2008/09/30,0,20177000,-40247786,-20070786
2008/10/01,0,9047014,-16404565,-7357551
2008/10/02,0,8636500,-22519437,-13882937
2008/10/03,0,16537950,-37981550,-21443600
2008/10/06,0,4436000,-15789639,-11353639
2008/10/07,0,7573700,-14270510,-6696810
2008/10/08,0,9204000,-19011531,-9807531
2008/10/09,0,16793242,-12189058,4604184
2008/10/10,0,0,0,0
2008/10/13,0,17424110,-21923155,-4499045
2008/10/14,0,6899000,-15293914,-8394914
2008/10/15,0,13025000,-16162821,-3137821
2008/10/16,0,6584000,-7210000,-626000
2008/10/17,0,8350000,-23350168,-15000168
2008/10/20,0,4446000,-16854286,-12408286
2008/10/21,0,8822600,-21497578,-12674978
2008/10/22,0,6463000,-17866243,-11403243
2008/10/23,0,2260550,-3574920,-1314370
2008/10/24,0,6457421,-9692465,-3235044
2008/10/27,0,1871250,-7053173,-5181923
2008/10/28,0,9962000,-38149575,-28187575
2008/10/29,0,18113100,-13603222,4509878
2008/10/30,0,12884000,-9406300,3477700
2008/10/31,0,12575000,-11066600,1508400
2008/11/03,0,17294550,-34642872,-17348322
2008/11/04,0,10781200,-34859442,-24078242
2008/11/05,0,16523500,-27617100,-11093600
2008/11/06,0,7949650,-23619520,-15669870
2008/11/07,0,5466500,-13109450,-7642950
2008/11/10,0,8389000,-30469794,-22080794
2008/11/11,0,9783000,-20628411,-10845411
2008/11/12,0,4409500,-13179416,-8769916
2008/11/13,0,4997320,-27450590,-22453270
2008/11/14,0,10292200,-33754922,-23462722
2008/11/17,0,13793350,-14720299,-926949
2008/11/18,0,8605160,-18503499,-9898339
2008/11/19,0,6404000,-26021978,-19617978
2008/11/20,0,7714200,-19338601,-11624401
2008/11/21,0,10956700,-9652142,1304558
2008/11/24,0,8972350,-9984066,-1011716
2008/11/25,0,11519000,-15905376,-4386376
2008/11/26,0,10155600,-4807350,5348250
2008/11/27,0,13695000,-8498330,5196670
2008/11/28,0,22588100,-2901252,19686848
2008/12/01,0,18589100,-8413315,10175785
2008/12/02,0,7730600,-12096514,-4365914
2008/12/03,0,6597000,-13236900,-6639900
2008/12/04,0,5343000,-5203663,139337
2008/12/05,0,7843000,-3583172,4259828
2008/12/08,0,12306000,-3912485,8393515
2008/12/09,0,24351600,-7348492,17003108
2008/12/10,0,22378000,-4670325,17707675
2008/12/11,0,23004970,-4078044,18926926
2008/12/12,0,14598835,-10315682,4283153
2008/12/15,0,16216000,-6654152,9561848
2008/12/16,0,10877810,-4403979,6473831
2008/12/17,0,16566000,-9522350,7043650
2008/12/18,0,12000000,-8083920,3916080
2008/12/19,0,8908751,-9030747,-121996
2008/12/22,0,8531000,-13223946,-4692946
2008/12/23,0,5919800,-12786010,-6866210
2008/12/24,0,3512000,-7662124,-4150124
2008/12/25,0,577000,-1337000,-760000
2008/12/26,0,2081000,-2938350,-857350
2008/12/29,0,2027066,-3310100,-1283034
2008/12/30,0,6800050,-3781000,3019050
2008/12/31,0,6484800,-4571678,1913122
2009/01/01,0,0,0,0
2009/01/02,0,0,0,0
2009/01/05,0,6199000,-1949121,4249879
2009/01/06,0,29473000,-9236059,20236941
2009/01/07,0,28914700,-14206311,14708389
2009/01/08,0,7904500,-22051423,-14146923
2009/01/09,0,8875000,-34098390,-25223390
2009/01/12,0,6178835,-10421730,-4242895
2009/01/13,0,7488273,-3777656,3710617
2009/01/14,0,12642000,-14904182,-2262182
2009/01/15,0,10098000,-28234650,-18136650
2009/01/16,0,1555455,-7907900,-6352445
2009/01/19,0,3654000,-4537577,-883577
2009/01/20,0,6007500,-21605009,-15597509
2009/01/21,0,3997000,-26722011,-22725011
2009/01/22,0,0,0,0
2009/01/23,0,0,0,0
2009/01/26,0,0,0,0
2009/01/27,0,0,0,0
2009/01/28,0,0,0,0
2009/01/29,0,0,0,0
2009/01/30,0,0,0,0
2009/02/02,0,13063217,-22253131,-9189914
2009/02/03,0,5204050,-24496950,-19292900
2009/02/04,0,7193892,-11531890,-4337998
2009/02/05,0,10854750,-9008942,1845808
2009/02/06,0,21300000,-4568400,16731600
2009/02/09,0,26672000,-7616444,19055556
2009/02/10,0,8841006,-7803795,1037211
2009/02/11,0,5381000,-17298726,-11917726
2009/02/12,0,9932000,-12473869,-2541869
2009/02/13,0,6590600,-5974150,616450
2009/02/16,0,28026770,-10547188,17479582
2009/02/17,0,11885100,-10257946,1627154
2009/02/18,0,19976000,-15055056,4920944
2009/02/19,0,20711616,-8913386,11798230
2009/02/20,0,11700746,-13329580,-1628834
2009/02/23,0,15741730,-12623604,3118126
2009/02/24,0,13587600,-8632879,4954721
2009/02/25,0,23931990,-8655140,15276850
2009/02/26,0,21984000,-5486466,16497534
2009/02/27,0,19775209,-7683865,12091344
2009/03/02,0,10563185,-15478163,-4914978
2009/03/03,0,8186000,-5788208,2397792
2009/03/04,0,30393061,-10866742,19526319
2009/03/05,0,46851000,-11047000,35804000
2009/03/06,0,34448500,-7984770,26463730
2009/03/09,0,9132000,-30872000,-21740000
2009/03/10,0,13772000,-64437482,-50665482
2009/03/11,0,13115972,-11691379,1424593
2009/03/12,0,10252000,-12274228,-2022228
2009/03/13,0,28040000,-13630860,14409140
2009/03/16,0,18345000,-13514869,4830131
2009/03/17,0,20372000,-25552217,-5180217
2009/03/18,0,25207792,-15671591,9536201
2009/03/19,0,7066000,-10274125,-3208125
2009/03/20,0,13436770,-10114170,3322600
2009/03/23,0,11968300,-2698910,9269390
2009/03/24,0,12122900,-5349557,6773343
2009/03/25,0,23052000,-7249742,15802258
2009/03/26,0,19229950,-5190789,14039161
2009/03/27,0,14565900,-12407833,2158067
2009/03/30,0,9521000,-5471103,4049897
2009/03/31,0,11414500,-6083487,5331013
2009/04/01,0,11923972,-18180545,-6256573
2009/04/02,0,16431700,-5716000,10715700
2009/04/03,0,23367200,-7744728,15622472
2009/04/06,0,24083000,-7596250,16486750
2009/04/07,0,13905000,-8262092,5642908
2009/04/08,0,21494400,-20798065,696335
2009/04/09,0,19910285,-14195368,5714917
2009/04/10,0,14369700,-8966311,5403389
2009/04/13,0,12269000,-4252640,8016360
2009/04/14,0,36142000,-24640457,11501543
2009/04/15,0,11762000,-33560669,-21798669
2009/04/16,0,16041000,-15089510,951490
2009/04/17,0,35814734,-9133484,26681250
2009/04/20,0,19864240,-9635027,10229213
2009/04/21,0,9187230,-20394140,-11206910
2009/04/22,0,8404000,-5401451,3002549
2009/04/23,0,9519100,-8254297,1264803
2009/04/24,0,11138000,-9808450,1329550
2009/04/27,0,10315335,-5129424,5185911
2009/04/28,0,15994775,-6263828,9730947
2009/04/29,0,22556100,-9190625,13365475
2009/04/30,0,27737000,-3565040,24171960
2009/05/01,0,0,0,0
2009/05/04,0,7312356,-4269548,3042808
2009/05/05,0,15898000,-8190850,7707150
2009/05/06,0,70443517,-34225496,36218021
2009/05/07,0,27989320,-23479130,4510190
2009/05/08,0,11936200,-12725750,-789550
2009/05/11,0,12228720,-13912200,-1683480
2009/05/12,0,11578734,-25406650,-13827916
2009/05/13,0,17236353,-38169770,-20933417
2009/05/14,0,8177238,-25598025,-17420787
2009/05/15,0,19921000,-15728373,4192627
2009/05/18,0,17617806,-13718085,3899721
2009/05/19,0,14788356,-7639380,7148976
2009/05/20,0,17613720,-8475940,9137780
2009/05/21,0,11259965,-20888860,-9628895
2009/05/22,0,10243100,-12807615,-2564515
2009/05/25,0,10594547,-16672976,-6078429
2009/05/26,0,12691400,-8343418,4347982
2009/05/27,0,29027000,-11280942,17746058
2009/05/28,0,0,0,0
2009/05/29,0,0,0,0
2009/06/01,0,73049390,-40738639,32310751
2009/06/02,0,37724100,-25873793,11850307
2009/06/03,0,11775000,-22439737,-10664737
2009/06/04,0,8530000,-52547548,-44017548
2009/06/05,0,7493128,-17788533,-10295405
2009/06/08,0,8572000,-15478000,-6906000
2009/06/09,0,15904000,-33829942,-17925942
2009/06/10,0,8001000,-14089464,-6088464
2009/06/11,0,13180230,-24023154,-10842924
2009/06/12,0,6949177,-16609812,-9660635
2009/06/15,0,11502000,-22361274,-10859274
2009/06/16,0,17839000,-18954627,-1115627
2009/06/17,0,10337220,-6996104,3341116
2009/06/18,0,8677000,-16704000,-8027000
2009/06/19,0,7505434,-8775648,-1270214
2009/06/22,0,12915800,-7645000,5270800
2009/06/23,0,7987700,-18406871,-10419171
2009/06/24,0,20692780,-15257672,5435108
2009/06/25,0,13488000,-6515328,6972672
2009/06/26,0,7539000,-6659572,879428
2009/06/29,0,9354400,-12299700,-2945300
2009/06/30,0,10002000,-7646771,2355229
2009/07/01,0,12381088,-4279860,8101228
2009/07/02,0,8463899,-4483560,3980339
2009/07/03,0,5064830,-15416390,-10351560
2009/07/06,0,4623300,-9787050,-5163750
2009/07/07,0,11879769,-17734629,-5854860
2009/07/08,0,5416550,-10397105,-4980555
2009/07/09,0,13162400,-6296726,6865674
2009/07/10,0,6852720,-8432324,-1579604
2009/07/13,0,15835400,-24651488,-8816088
2009/07/14,0,10582000,-5717400,4864600
2009/07/15,0,27519859,-7519404,20000455
2009/07/16,0,17187950,-5633260,11554690
2009/07/17,0,9678482,-7640951,2037531
2009/07/20,0,8878000,-3054991,5823009
2009/07/21,0,11573000,-7887158,3685842
2009/07/22,0,16094000,-3741874,12352126
2009/07/23,0,9864100,-3435886,6428214
2009/07/24,0,11312900,-17463019,-6150119
2009/07/27,0,9261250,-13292274,-4031024
2009/07/28,0,16531000,-8335405,8195595
2009/07/29,0,11351085,-2537470,8813615
2009/07/30,0,17151000,-8796229,8354771
2009/07/31,0,22312396,-8782765,13529631
2009/08/03,0,23301271,-6973668,16327603
2009/08/04,0,9657500,-8039062,1618438
2009/08/05,0,9820653,-10655066,-834413
2009/08/06,0,6296917,-10737580,-4440663
2009/08/07,0,0,0,0
2009/08/10,0,9877088,-11814303,-1937215
2009/08/11,0,8595141,-14479520,-5884379
2009/08/12,0,8821900,-17247001,-8425101
2009/08/13,0,13681250,-7663765,6017485
2009/08/14,0,7166788,-6488649,678139
2009/08/17,0,2818000,-14978563,-12160563
2009/08/18,0,3561000,-5381500,-1820500
2009/08/19,0,11626000,-5859105,5766895
2009/08/20,0,13167981,-3356554,9811427
2009/08/21,0,8839900,-12614018,-3774118
2009/08/24,0,22224000,-3234112,18989888
2009/08/25,0,15059300,-4455896,10603404
2009/08/26,0,9888837,-4605867,5282970
2009/08/27,0,18624000,-6237000,12387000
2009/08/28,0,16738000,-5802782,10935218
2009/08/31,0,12469005,-11666252,802753
2009/09/01,0,46586000,-5119097,41466903
2009/09/02,0,45894368,-16369284,29525084
2009/09/03,0,15908354,-9853471,6054883
2009/09/04,0,27395100,-11887314,15507786
2009/09/07,0,10739000,-5115000,5624000
2009/09/08,0,37488000,-4231500,33256500
2009/09/09,0,24029591,-9791300,14238291
2009/09/10,0,27775011,-4522438,23252573
2009/09/11,0,15406469,-8995082,6411387
2009/09/14,0,11003500,-6009597,4993903
2009/09/15,0,11960393,-4294835,7665558
2009/09/16,0,20075889,-7560523,12515366
2009/09/17,0,21814200,-3949034,17865166
2009/09/18,0,10673000,-7896008,2776992
2009/09/21,0,4854000,-11295347,-6441347
2009/09/22,0,7918800,-18589621,-10670821
2009/09/23,0,9786327,-5413273,4373054
2009/09/24,0,7531000,-6739695,791305
2009/09/25,0,6474133,-7873126,-1398993
2009/09/28,0,5520000,-4030200,1489800
2009/09/29,0,17878338,-2400885,15477453
2009/09/30,0,19074441,-3844291,15230150
2009/10/01,0,20853800,-4884000,15969800
2009/10/02,0,8579600,-14099085,-5519485
2009/10/05,0,8951103,-18341513,-9390410
2009/10/06,0,19623903,-8450322,11173581
2009/10/07,0,14188822,-10470381,3718441
2009/10/08,0,9107700,-11980762,-2873062
2009/10/09,0,10824100,-20345692,-9521592
2009/10/12,0,8733293,-11278000,-2544707
2009/10/13,0,11086830,-12990745,-1903915
2009/10/14,0,25900000,-14043757,11856243
2009/10/15,0,40114000,-9032539,31081461
2009/10/16,0,12522000,-8413160,4108840
2009/10/19,0,19438000,-7254922,12183078
2009/10/20,0,15544426,-5267000,10277426
2009/10/21,0,11109069,-8772364,2336705
2009/10/22,0,18625881,-9015682,9610199
2009/10/23,0,19850008,-12142351,7707657
2009/10/26,0,16747700,-3900600,12847100
2009/10/27,0,11165700,-8362950,2802750
2009/10/28,0,7688543,-12105527,-4416984
2009/10/29,0,7945000,-29710272,-21765272
2009/10/30,0,7882550,-10176855,-2294305
2009/11/02,0,9206550,-11125831,-1919281
2009/11/03,0,4806000,-11303558,-6497558
2009/11/04,0,6872052,-8467653,-1595601
2009/11/05,0,10661772,-5992000,4669772
2009/11/06,0,10481100,-4161000,6320100
2009/11/09,0,6893252,-3491100,3402152
2009/11/10,0,9963387,-8790897,1172490
2009/11/11,0,9659797,-18995698,-9335901
2009/11/12,0,13363430,-23549627,-10186197
2009/11/13,0,8565200,-7427858,1137342
2009/11/16,0,19955000,-6591720,13363280
2009/11/17,0,22407276,-4323980,18083296
2009/11/18,0,16370703,-9849616,6521087
2009/11/19,0,8983563,-11788017,-2804454
2009/11/20,0,4081000,-10929118,-6848118
2009/11/23,0,10888000,-3589924,7298076
2009/11/24,0,10327394,-3146082,7181312
2009/11/25,0,13232344,-10088050,3144294
2009/11/26,0,15014000,-5836500,9177500
2009/11/27,0,7667188,-16054409,-8387221
2009/11/30,0,8587292,-9812629,-1225337
2009/12/01,0,10188500,-6782745,3405755
2009/12/02,0,12818100,-6007711,6810389
2009/12/03,0,11205350,-3885953,7319397
2009/12/04,0,8929210,-5935412,2993798
2009/12/07,0,11517556,-9199307,2318249
2009/12/08,0,8097000,-3851240,4245760
2009/12/09,0,11335471,-7821554,3513917
2009/12/10,0,7428608,-14074100,-6645492
2009/12/11,0,9546000,-5949903,3596097
2009/12/14,0,7338960,-5432011,1906949
2009/12/15,0,8127095,-5997083,2130012
2009/12/16,0,13991500,-11008154,2983346
2009/12/17,0,13718930,-7205700,6513230
2009/12/18,0,9117000,-9304522,-187522
2009/12/21,0,6848000,-7559342,-711342
2009/12/22,0,15333200,-5111820,10221380
2009/12/23,0,23190060,-3098737,20091323
2009/12/24,0,29301000,-2022897,27278103
2009/12/25,0,3289000,-308500,2980500
2009/12/28,0,10106000,-2331659,7774341
2009/12/29,0,7846300,-2722142,5124158
2009/12/30,0,12985480,-9301092,3684388
2009/12/31,0,6788000,-2591197,4196803
2010/01/01,0,0,0,0
2010/01/04,0,10038900,-8035600,2003300
2010/01/05,0,18703000,-12726138,5976862
2010/01/06,0,15266030,-19740887,-4474857
2010/01/07,0,14457898,-14518734,-60836
2010/01/08,0,14644350,-8590798,6053552
2010/01/11,0,9969000,-15114410,-5145410
2010/01/12,0,13346660,-25453334,-12106674
2010/01/13,0,6613100,-20476491,-13863391
2010/01/14,0,15101000,-5637202,9463798
2010/01/15,0,19124000,-4524958,14599042
2010/01/18,0,8722000,-4004747,4717253
2010/01/19,0,5850000,-7432590,-1582590
2010/01/20,0,13539000,-20337387,-6798387
2010/01/21,0,10796000,-17538276,-6742276
2010/01/22,0,4843000,-50331417,-45488417
2010/01/25,0,10427070,-20545044,-10117974
2010/01/26,0,9081000,-21684000,-12603000
2010/01/27,0,6718307,-24706181,-17987874
2010/01/28,0,12468909,-18078350,-5609441
2010/01/29,0,11278500,-26909340,-15630840
2010/02/01,0,6384464,-14900872,-8516408
2010/02/02,0,12219100,-15026230,-2807130
2010/02/03,0,9658580,-8325596,1332984
2010/02/04,0,5239250,-10723619,-5484369
2010/02/05,0,3567000,-14116220,-10549220
2010/02/08,0,7066248,-16539915,-9473667
2010/02/09,0,4147740,-25621623,-21473883
2010/02/10,0,3491800,-17998905,-14507105
2010/02/11,0,0,0,0
2010/02/12,0,0,0,0
2010/02/15,0,0,0,0
2010/02/16,0,0,0,0
2010/02/17,0,0,0,0
2010/02/18,0,0,0,0
2010/02/19,0,0,0,0
2010/02/22,0,14759310,-21419570,-6660260
2010/02/23,0,9369205,-16900252,-7531047
2010/02/24,0,6759000,-12983517,-6224517
2010/02/25,0,8691000,-32035232,-23344232
2010/02/26,0,7776427,-12900554,-5124127
2010/03/01,0,15115200,-10172895,4942305
2010/03/02,0,21206749,-9842540,11364209
2010/03/03,0,8769000,-4044551,4724449
2010/03/04,0,14421000,-9988210,4432790
2010/03/05,0,10765453,-5785500,4979953
2010/03/08,0,20052251,-4425145,15627106
2010/03/09,0,17795028,-6475657,11319371
2010/03/10,0,11145520,-2967569,8177951
2010/03/11,0,14351990,-3155750,11196240
2010/03/12,0,9105574,-11196731,-2091157
2010/03/15,0,5324000,-7241200,-1917200
2010/03/16,0,10478001,-5341502,5136499
2010/03/17,0,24206970,-7214647,16992323
2010/03/18,0,14507493,-5229402,9278091
2010/03/19,0,7513729,-5110031,2403698
2010/03/22,0,2345500,-5444222,-3098722
2010/03/23,0,7168500,-3557030,3611470
2010/03/24,0,11150500,-9569750,1580750
2010/03/25,0,9018085,-23233749,-14215664
2010/03/26,0,10532750,-19336152,-8803402
2010/03/29,0,13889500,-3437467,10452033
2010/03/30,0,15270346,-5898824,9371522
2010/03/31,0,6934139,-3760661,3173478
2010/04/01,0,15454000,-8080268,7373732
2010/04/02,0,6686536,-4895870,1790666
2010/04/05,0,0,0,0
2010/04/06,0,21259000,-4296384,16962616
2010/04/07,0,13102070,-4831078,8270992
2010/04/08,0,18406400,-9533000,8873400
2010/04/09,0,9930886,-9019342,911544
2010/04/12,0,15098680,-14028555,1070125
2010/04/13,0,13198000,-13643108,-445108
2010/04/14,0,7158412,-6446445,711967
2010/04/15,0,12577000,-11115788,1461212
2010/04/16,0,4018390,-11898000,-7879610
2010/04/19,0,13211230,-18642250,-5431020
2010/04/20,0,5995765,-7940324,-1944559
2010/04/21,0,12970290,-9859825,3110465
2010/04/22,0,21063616,-10735942,10327674
2010/04/23,0,23817800,-9132366,14685434
2010/04/26,0,26106718,-3643177,22463541
2010/04/27,0,26550700,-3858262,22692438
2010/04/28,0,40901377,-13456144,27445233
2010/04/29,0,30984000,-13415000,17569000
2010/04/30,0,32080182,-15565908,16514274
2010/05/03,0,7141000,-10845422,-3704422
2010/05/04,0,9633000,-8351650,1281350
2010/05/05,0,5196880,-24793216,-19596336
2010/05/06,0,12762133,-17212643,-4450510
2010/05/07,0,7605241,-19406802,-11801561
2010/05/10,0,6896190,-18369213,-11473023
2010/05/11,0,11382000,-16909442,-5527442
2010/05/12,0,7540947,-6321726,1219221
2010/05/13,0,6565143,-1839900,4725243
2010/05/14,0,8497183,-5669000,2828183
2010/05/17,0,9544600,-12158000,-2613400
2010/05/18,0,5543716,-4734451,809265
2010/05/19,0,4506004,-21016110,-16510106
2010/05/20,0,4541000,-20639318,-16098318
2010/05/21,0,6056772,-16560255,-10503483
2010/05/24,0,5365000,-8706560,-3341560
2010/05/25,0,5827000,-18597355,-12770355
2010/05/26,0,15558920,-16370358,-811438
2010/05/27,0,9416300,-20671920,-11255620
2010/05/28,0,9043000,-32395190,-23352190
2010/05/31,0,17868979,-49549128,-31680149
2010/06/01,0,12972000,-34524000,-21552000
2010/06/02,0,12264230,-46518134,-34253904
2010/06/03,0,25240270,-24074070,1166200
2010/06/04,0,17576000,-17116625,459375
2010/06/07,0,28928000,-52788751,-23860751
2010/06/08,0,23618283,-96388588,-72770305
2010/06/09,0,28166260,-37209959,-9043699
2010/06/10,0,14764033,-12593257,2170776
2010/06/11,0,13971111,-18006232,-4035121
2010/06/14,0,21325317,-6982844,14342473
2010/06/15,0,18808569,-10465627,8342942
2010/06/16,0,0,0,0
2010/06/17,0,23133110,-12788457,10344653
2010/06/18,0,12528992,-4083102,8445890
2010/06/21,0,20762879,-3626251,17136628
2010/06/22,0,10022576,-15150536,-5127960
2010/06/23,0,7993379,-10699371,-2705992
2010/06/24,0,4416938,-3919266,497672
2010/06/25,0,4089566,-11792000,-7702434
2010/06/28,0,7289004,-6639723,649281
2010/06/29,0,11822016,-12311450,-489434
2010/06/30,0,9067537,-44298870,-35231333
2010/07/01,0,13662200,-20821897,-7159697
2010/07/02,0,5545000,-20045640,-14500640
2010/07/05,0,5218963,-7715945,-2496982
2010/07/06,0,8767000,-9121870,-354870
2010/07/07,0,5804463,-5039242,765221
2010/07/08,0,17606000,-8659112,8946888
2010/07/09,0,12994984,-10046618,2948366
2010/07/12,0,20494408,-17637408,2857000
2010/07/13,0,9660251,-11446454,-1786203
2010/07/14,0,31461886,-16586900,14874986
2010/07/15,0,22391924,-12024191,10367733
2010/07/16,0,3925521,-1909000,2016521
2010/07/19,0,8897100,-12326431,-3429331
2010/07/20,0,9650996,-10593844,-942848
2010/07/21,0,8715000,-10907341,-2192341
2010/07/22,0,7258260,-7204259,54001
2010/07/23,0,41213948,-13588823,27625125
2010/07/26,0,39321310,-6178467,33142843
2010/07/27,0,25786608,-7414966,18371642
2010/07/28,0,15637000,-4002487,11634513
2010/07/29,0,13684688,-2994739,10689949
2010/07/30,0,5394455,-4319412,1075043
2010/08/02,0,19486000,-5202850,14283150
2010/08/03,0,20178400,-3256242,16922158
2010/08/04,0,7441100,-7609548,-168448
2010/08/05,0,6391000,-3553000,2838000
2010/08/06,0,9274330,-2808391,6465939
2010/08/09,0,8913000,-1541000,7372000
2010/08/10,0,9950000,-3651500,6298500
2010/08/11,0,7245100,-5986339,1258761
2010/08/12,0,8218284,-9257316,-1039032
2010/08/13,0,8448038,-14093778,-5645740
2010/08/16,0,7331000,-7738800,-407800
2010/08/17,0,4999100,-6778850,-1779750
2010/08/18,0,4715000,-9280000,-4565000
2010/08/19,0,15760200,-15971200,-211000
2010/08/20,0,7947390,-6744830,1202560
2010/08/23,0,7266000,-17969950,-10703950
2010/08/24,0,8527597,-10210699,-1683102
2010/08/25,0,7571885,-40254479,-32682594
2010/08/26,0,21969585,-22700967,-731382
2010/08/27,0,14776000,-14712340,63660
2010/08/30,0,10144746,-7429000,2715746
2010/08/31,0,19556848,-61371601,-41814753
2010/09/01,0,13934549,-101006673,-87072124
2010/09/02,0,14350000,-18726737,-4376737
2010/09/03,0,10662000,-22050762,-11388762
2010/09/06,0,7540229,-15745242,-8205013
2010/09/07,0,7184033,-14152400,-6968367
2010/09/08,0,4625891,-18054466,-13428575
2010/09/09,0,7227700,-20379368,-13151668
2010/09/10,0,5925790,-9648200,-3722410
2010/09/13,0,19401863,-11918300,7483563
2010/09/14,0,13094500,-12156950,937550
2010/09/15,0,11482000,-10456285,1025715
2010/09/16,0,8456000,-3430000,5026000
2010/09/17,0,11308000,-10818624,489376
2010/09/20,0,6356000,-3173250,3182750
2010/09/21,0,10489997,-3960710,6529287
2010/09/22,0,0,0,0
2010/09/23,0,15776791,-3356817,12419974
2010/09/24,0,13987849,-4210500,9777349
2010/09/27,0,10641890,-6073430,4568460
2010/09/28,0,7515240,-2083466,5431774
2010/09/29,0,15258800,-10614416,4644384
2010/09/30,0,8178650,-9970540,-1791890
2010/10/01,0,16888372,-25170000,-8281628
2010/10/04,0,16978600,-7132999,9845601
2010/10/05,0,10831037,-10925300,-94263
2010/10/06,0,13825168,-2501000,11324168
2010/10/07,0,13802090,-7710067,6092023
2010/10/08,0,10551360,-11423514,-872154
2010/10/11,0,8568030,-8314246,253784
2010/10/12,0,9523598,-29179431,-19655833
2010/10/13,0,16216564,-15900987,315577
2010/10/14,0,13939310,-8556640,5382670
2010/10/15,0,11899740,-7657370,4242370
2010/10/18,0,4566567,-15789497,-11222930
2010/10/19,0,8391848,-14297452,-5905604
2010/10/20,0,15184180,-22138619,-6954439
2010/10/21,0,11136379,-12614195,-1477816
2010/10/22,0,10003110,-8104321,1898789
2010/10/25,0,26698462,-6132339,20566123
2010/10/26,0,11011000,-2496414,8514586
2010/10/27,0,5418830,-7514331,-2095501
2010/10/28,0,17213250,-11718750,5494500
2010/10/29,0,3562733,-5453516,-1890783
2010/11/01,0,12999000,-5582721,7416279
2010/11/02,0,7449000,-4560097,2888903
2010/11/03,0,6582770,-7847229,-1264459
2010/11/04,0,13590877,-8158165,5432712
2010/11/05,0,14208000,-9258165,4949835
2010/11/08,0,4565157,-6286141,-1720984
2010/11/09,0,6903100,-12201125,-5298025
2010/11/10,0,6861000,-7961313,-1100313
2010/11/11,0,5634000,-16762793,-11128793
2010/11/12,0,6908966,-24113492,-17204526
2010/11/15,0,6278041,-23016842,-16738801
2010/11/16,0,5270000,-15561550,-10291550
2010/11/17,0,4615387,-14138000,-9522613
2010/11/18,0,7050488,-7406364,-355876
2010/11/19,0,11063860,-9983872,1079988
2010/11/22,0,16502550,-9215711,7286839
2010/11/23,0,8563390,-11260284,-2696894
2010/11/24,0,7129280,-13713496,-6584216
2010/11/25,0,4732648,-20641253,-15908605
2010/11/26,0,4796000,-20668782,-15872782
2010/11/29,0,9699707,-27805172,-18105465
2010/11/30,0,13201763,-32153834,-18952071
2010/12/01,0,14900797,-17981720,-3080923
2010/12/02,0,11735038,-18520113,-6785075
2010/12/03,0,18271000,-15691846,2579154
2010/12/06,0,13608121,-8764070,4844051
2010/12/07,0,8365600,-10958071,-2592471
2010/12/08,0,10625024,-7522486,3102538
2010/12/09,0,15528921,-7507145,8021776
2010/12/10,0,15358080,-10191186,5166894
2010/12/13,0,13704049,-3357129,10346920
2010/12/14,0,21550921,-8941732,12609189
2010/12/15,0,16260000,-9235486,7024514
2010/12/16,0,14766856,-6608216,8158640
2010/12/17,0,7824000,-4422220,3401780
2010/12/20,0,5210990,-3977020,1233970
2010/12/21,0,6587780,-2604251,3983529
2010/12/22,0,6747000,-3588785,3158215
2010/12/23,0,11919707,-3873320,8046387
2010/12/24,0,4071880,-1236985,2834895
2010/12/27,0,4045000,-615000,3430000
2010/12/28,0,5565960,-1561240,4004720
2010/12/29,0,5882920,-3250163,2632757
2010/12/30,0,9661000,-7286108,2374892
2010/12/31,0,6450000,-2761431,3688569
2011/01/03,0,9665000,-3119000,6546000
2011/01/04,0,7434758,-5513901,1920857
2011/01/05,0,9140902,-14131591,-4990689
2011/01/06,0,6773140,-12776100,-6002960
2011/01/07,0,6669610,-7354950,-685340
2011/01/10,0,5188000,-5335194,-147194
2011/01/11,0,17403448,-10263443,7140005
2011/01/12,0,8663200,-3992415,4670785
2011/01/13,0,19193811,-11243217,7950594
2011/01/14,0,8096000,-3444821,4651179
2011/01/17,0,3476649,-5590000,-2113351
2011/01/18,0,6575000,-7159020,-584020
2011/01/19,0,9086000,-3064547,6021453
2011/01/20,0,20827573,-3539851,17287722
2011/01/21,0,5970000,-9863220,-3893220
2011/01/24,0,3554900,-3405361,149539
2011/01/25,0,16109316,-7738228,8371088
2011/01/26,0,37861000,-5966163,31894837
2011/01/27,0,72890748,-11196587,61694161
2011/01/28,0,44566310,-12690700,31875610
2011/01/31,0,0,0,0
2011/02/01,0,0,0,0
2011/02/02,0,0,0,0
2011/02/03,0,0,0,0
2011/02/04,0,0,0,0
2011/02/07,0,0,0,0
2011/02/08,0,49891631,-25899817,23991814
2011/02/09,0,29819119,-31142318,-1323199
2011/02/10,0,21710000,-16799764,4910236
2011/02/11,0,8000000,-19317110,-11317110
2011/02/14,0,13323000,-18491010,-5168010
2011/02/15,0,4110800,-14028904,-9918104
2011/02/16,0,4238252,-14874405,-10636153
2011/02/17,0,13885000,-16635049,-2750049
2011/02/18,0,11807200,-9404971,2402229
2011/02/21,0,5535000,-16743701,-11208701
2011/02/22,0,6445515,-23670754,-17225239
2011/02/23,0,11591026,-22993517,-11402491
2011/02/24,0,11607701,-19626840,-8019139
2011/02/25,0,12182080,-26125668,-13943588
2011/02/28,0,0,0,0
2011/03/01,0,20537000,-18737070,1799930
2011/03/02,0,11792387,-14975609,-3183222
2011/03/03,0,9752640,-7775139,1977501
2011/03/04,0,32279578,-4321524,27958054
2011/03/07,0,13724711,-6414100,7310611
2011/03/08,0,9712036,-10055913,-343877
2011/03/09,0,7550709,-2965274,4585435
2011/03/10,0,11491404,-15175668,-3684264
2011/03/11,0,9516476,-11780079,-2263603
2011/03/14,0,7323860,-3551048,3772812
2011/03/15,0,10964840,-15611494,-4646654
2011/03/16,0,13321803,-57030521,-43708718
2011/03/17,0,11405000,-52548440,-41143440
2011/03/18,0,6749015,-47179756,-40430741
2011/03/21,0,7988900,-11374303,-3385403
2011/03/22,0,10439375,-14864000,-4424625
2011/03/23,0,6347400,-14592445,-8245045
2011/03/24,0,7180572,-9117683,-1937111
2011/03/25,0,15989930,-7626286,8363644
2011/03/28,0,12761000,-6960240,5800760
2011/03/29,0,9459750,-6324876,3134874
2011/03/30,0,22076000,-23264459,-1188459
2011/03/31,0,16826014,-18399540,-1573526
2011/04/01,0,14423607,-7362239,7061368
2011/04/04,0,0,0,0
2011/04/05,0,0,0,0
2011/04/06,0,35686953,-8969051,26717902
2011/04/07,0,13800382,-5375693,8424689
2011/04/08,0,11353394,-9271147,2082247
2011/04/11,0,22690410,-17344719,5345691
2011/04/12,0,9066446,-12159720,-3093274
2011/04/13,0,4457000,-7251439,-2794439
2011/04/14,0,18381426,-10604550,7776876
2011/04/15,0,6752000,-17857984,-11105984
2011/04/18,0,12433312,-18494438,-6061126
2011/04/19,0,4883000,-13576978,-8693978
2011/04/20,0,18365455,-4218026,14147429
2011/04/21,0,20668392,-6242150,14426242
2011/04/22,0,11711730,-129000,11582730
2011/04/25,0,3563000,-3642000,-79000
2011/04/26,0,8314421,-6546880,1767541
2011/04/27,0,13813000,-8512724,5300276
2011/04/28,0,27788201,-10090222,17697979
2011/04/29,0,6661284,-6401288,259996
2011/05/02,0,0,0,0
2011/05/03,0,14514964,-19695567,-5180603
2011/05/04,0,6037098,-11088480,-5051382
2011/05/05,0,5929278,-4820690,1108588
2011/05/06,0,15236417,-9539474,5696943
2011/05/09,0,13404000,-6143658,7260342
2011/05/10,0,8132570,-794504,7338066
2011/05/11,0,15072000,-3288000,11784000
2011/05/12,0,12526380,-12107097,419283
2011/05/13,0,11379000,-9586197,1792803
2011/05/16,0,8812000,-14792223,-5980223
2011/05/17,0,4146700,-19754880,-15608180
2011/05/18,0,5677000,-5800783,-123783
2011/05/19,0,9477999,-12785720,-3307721
2011/05/20,0,5745999,-13635034,-7889035
2011/05/23,0,11836000,-28966082,-17130082
2011/05/24,0,8567000,-6271923,2295077
2011/05/25,0,4213100,-13360968,-9147868
2011/05/26,0,4672080,-8211422,-3539342
2011/05/27,0,5843200,-11511621,-5668421
2011/05/30,0,8431000,-18027485,-9596485
2011/05/31,0,31288520,-40174462,-8885942
2011/06/01,0,15105700,-11227314,3878386
2011/06/02,0,13244600,-29744844,-16500244
2011/06/03,0,6999926,-16194635,-9194709
2011/06/06,0,0,0,0
2011/06/07,0,9502506,-12940726,-3438220
2011/06/08,0,8455600,-9430144,-974544
2011/06/09,0,14486322,-16741430,-2255108
2011/06/10,0,7799156,-18126401,-10327245
2011/06/13,0,7352000,-14764460,-7412460
2011/06/14,0,12510000,-11159309,1350691
2011/06/15,0,18839000,-35252813,-16413813
2011/06/16,0,12784033,-20424258,-7640225
2011/06/17,0,7256000,-8785591,-1529591
2011/06/20,0,7202000,-9052546,-1850546
2011/06/21,0,8459787,-3532623,4927164
2011/06/22,0,7763150,-13774567,-6011417
2011/06/23,0,9776422,-18271158,-8494736
2011/06/24,0,6879800,-16116379,-9236579
2011/06/27,0,13807656,-21683811,-7876155
2011/06/28,0,9581000,-18148788,-8567788
2011/06/29,0,14898000,-10354494,4543506
2011/06/30,0,10782853,-7305450,3477403
2011/07/01,0,5500027,-9977620,-4477593
2011/07/04,0,4931480,-11084498,-6153018
2011/07/05,0,4761536,-7758390,-2996854
2011/07/06,0,8912987,-9493392,-580405
2011/07/07,0,7947519,-5803591,2143928
2011/07/08,0,8479977,-7125190,1354787
2011/07/11,0,12748896,-28311731,-15562835
2011/07/12,0,9074640,-13649082,-4574442
2011/07/13,0,7144904,-40155307,-33010403
2011/07/14,0,22245170,-32141586,-9896416
2011/07/15,0,15493324,-20232740,-4739416
2011/07/18,0,5142690,-21991744,-16849054
2011/07/19,0,7346000,-15888014,-8542014
2011/07/20,0,21033917,-23009300,-1975383
2011/07/21,0,12543135,-13913100,-1369965
2011/07/22,0,13430122,-13004385,425737
2011/07/25,0,6047772,-8199850,-2152078
2011/07/26,0,12589654,-16694411,-4104757
2011/07/27,0,8312221,-11057980,-2745759
2011/07/28,0,13392600,-26583307,-13190707
2011/07/29,0,9819115,-24033785,-14214670
2011/08/01,0,13339536,-18534076,-5194540
2011/08/02,0,3603329,-10342960,-6739631
2011/08/03,0,6688861,-44800920,-38112059
2011/08/04,0,6998322,-27193280,-20194958
2011/08/05,0,14320371,-29295805,-14975434
2011/08/08,0,15718437,-33749826,-18031389
2011/08/09,0,17154450,-55813956,-38659506
2011/08/10,0,11205550,-40186207,-28980657
2011/08/11,0,9707400,-11513720,-1806320
2011/08/12,0,7723200,-23738755,-16015555
2011/08/15,0,7093061,-3644912,3448149
2011/08/16,0,5014000,-10895870,-5881870
2011/08/17,0,5949289,-22244190,-16294901
2011/08/18,0,24307834,-39054323,-14746489
2011/08/19,0,10836741,-63508817,-52672076
2011/08/22,0,18411554,-40525528,-22113974
2011/08/23,0,20012260,-74257938,-54245678
2011/08/24,0,10610414,-52977532,-42367118
2011/08/25,0,12084955,-29841153,-17756198
2011/08/26,0,11303393,-18679321,-7375928
2011/08/29,0,7993000,-13240789,-5247789
2011/08/30,0,11449000,-6485900,4963100
2011/08/31,0,46357500,-24774518,21582982
2011/09/01,0,43002936,-18804537,24198399
2011/09/02,0,18102994,-19826595,-1723601
2011/09/05,0,3784299,-27510000,-23725701
2011/09/06,0,4241565,-16797535,-12555970
2011/09/07,0,10210600,-18185898,-7975298
2011/09/08,0,9051626,-45635553,-36583927
2011/09/09,0,12955000,-25837129,-12882129
2011/09/12,0,0,0,0
2011/09/13,0,9227063,-27985843,-18758780
2011/09/14,0,8620934,-45733600,-37112666
2011/09/15,0,11678000,-14760395,-3082395
2011/09/16,0,15567000,-10691805,4875195
2011/09/19,0,7049917,-3183598,3866319
2011/09/20,0,15099719,-19752166,-4652447
2011/09/21,0,19288310,-22248926,-2960616
2011/09/22,0,14588130,-20290319,-5702189
2011/09/23,0,10437640,-22635504,-12197864
2011/09/26,0,12643380,-8493244,4150136
2011/09/27,0,13809012,-17275371,-3466359
2011/09/28,0,12652633,-18600954,-5948321
2011/09/29,0,11423881,-5979901,5443980
2011/09/30,0,9207782,-17498245,-8290463
2011/10/03,0,3700597,-14817184,-11116587
2011/10/04,0,10580516,-8186701,2393815
2011/10/05,0,5291000,-4743091,547909
2011/10/06,0,26676688,-9192245,17484443
2011/10/07,0,9778000,-3567160,6210840
2011/10/10,0,0,0,0
2011/10/11,0,24740320,-6203263,18537057
2011/10/12,0,8872440,-3041495,5830945
2011/10/13,0,11313427,-5919950,5393477
2011/10/14,0,6048562,-1376641,4671921
2011/10/17,0,24981620,-1676714,23304906
2011/10/18,0,17602552,-15318066,2284486
2011/10/19,0,11675988,-6349298,5326690
2011/10/20,0,10492127,-28267413,-17775286
2011/10/21,0,8483223,-7862507,620716
2011/10/24,0,30366939,-5724791,24642148
2011/10/25,0,44508488,-6862711,37645777
2011/10/26,0,22259145,-15152100,7107045
2011/10/27,0,27624100,-11787853,15836247
2011/10/28,0,33912000,-5060549,28851451
2011/10/31,0,31819272,-10354452,21464820
2011/11/01,0,56435600,-7560300,48875300
2011/11/02,0,30082100,-17887020,12195080
2011/11/03,0,35261300,-18601041,16660259
2011/11/04,0,15306609,-16156920,-850311
2011/11/07,0,9822340,-8161395,1660945
2011/11/08,0,5680602,-5654017,26585
2011/11/09,0,13510615,-12629567,881048
2011/11/10,0,12287428,-34336761,-22049333
2011/11/11,0,15571000,-9382212,6188788
2011/11/14,0,18864166,-8906000,9958166
2011/11/15,0,6872000,-12057217,-5185217
2011/11/16,0,10841000,-7831000,3010000
2011/11/17,0,5336146,-13720019,-8383873
2011/11/18,0,4840400,-11650837,-6810437
2011/11/21,0,5236497,-9521627,-4285130
2011/11/22,0,6157300,-15574943,-9417643
2011/11/23,0,11724086,-14114400,-2390314
2011/11/24,0,5973388,-7938563,-1965175
2011/11/25,0,10066300,-12632000,-2565700
2011/11/28,0,9175502,-15727036,-6551534
2011/11/29,0,18283000,-9193980,9089020
2011/11/30,0,28961282,-14018651,14942631
2011/12/01,0,24604165,-7620665,16983500
2011/12/02,0,8907250,-6688996,2218254
2011/12/05,0,11634000,-6691480,4942520
2011/12/06,0,10236913,-8571054,1665859
2011/12/07,0,13254000,-6916391,6337609
2011/12/08,0,13422000,-5868600,7553400
2011/12/09,0,7418608,-11226217,-3807609
2011/12/12,0,8449000,-2735000,5714000
2011/12/13,0,11772000,-10025597,1746403
2011/12/14,0,9516300,-6266501,3249799
2011/12/15,0,7565300,-18605427,-11040127
2011/12/16,0,8492000,-5788632,2703368
2011/12/19,0,6962000,-11506213,-4544213
2011/12/20,0,9989723,-17076735,-7087012
2011/12/21,0,16301000,-12111000,4190000
2011/12/22,0,6486504,-9816534,-3330030
2011/12/23,0,11245209,-4430911,6814298
2011/12/26,0,2185500,-447000,1738500
2011/12/27,0,4473000,-577000,3896000
2011/12/28,0,7236000,-937000,6299000
2011/12/29,0,8840000,-3651148,5188852
2011/12/30,0,7393000,-6140999,1252001
2012/01/02,0,3886220,-4637000,-750780
2012/01/03,0,10772000,-1518236,9253764
2012/01/04,0,9157000,-5160783,3996217
2012/01/05,0,8777000,-4670954,4106046
2012/01/06,0,13123678,-7567000,5556678
2012/01/09,0,9893000,-2585953,7307047
2012/01/10,0,43624243,-4595220,39029023
2012/01/11,0,21963000,-13141767,8821233
2012/01/12,0,19983000,-3565850,16417150
2012/01/13,0,21004740,-25562000,-4557260
2012/01/16,0,8854350,-15911497,-7057147
2012/01/17,0,51231492,-18932000,32299492
2012/01/18,0,45492700,-23440500,22052200
2012/01/19,0,0,0,0
2012/01/20,0,0,0,0
2012/01/23,0,0,0,0
2012/01/24,0,0,0,0
2012/01/25,0,0,0,0
2012/01/26,0,0,0,0
2012/01/27,0,0,0,0
2012/01/30,0,70960657,-13616347,57344310
2012/01/31,0,60648937,-37893147,22755790
2012/02/01,0,27794482,-11350448,16444034
2012/02/02,0,25235100,-9375796,15859304
2012/02/03,0,33940000,-10259562,23680438
2012/02/06,0,19846006,-15956925,3889081
2012/02/07,0,34913474,-7769467,27144007
2012/02/08,0,36185000,-11583180,24601820
2012/02/09,0,44988512,-22764825,22223687
2012/02/10,0,23884977,-27549918,-3664941
2012/02/13,0,17733275,-18247788,-514513
2012/02/14,0,12257574,-10223840,2033734
2012/02/15,0,17564360,-6517648,11046712
2012/02/16,0,12829000,-11970159,858841
2012/02/17,0,29134081,-18717678,10416403
2012/02/20,0,8543000,-19883760,-11340760
2012/02/21,0,14605136,-27076940,-12471804
2012/02/22,0,21843100,-29460672,-7617572
2012/02/23,0,14795675,-13710246,1085429
2012/02/24,0,29133867,-20478545,8655322
2012/02/27,0,0,0,0
2012/02/28,0,0,0,0
2012/02/29,0,45893406,-24996156,20897250
2012/03/01,0,21770813,-6058977,15711836
2012/03/02,0,11603306,-3275041,8328265
2012/03/05,0,6891775,-4870000,2021775
2012/03/06,0,13163388,-8769500,4393888
2012/03/07,0,5518011,-9252109,-3734098
2012/03/08,0,18780000,-7531612,11248388
2012/03/09,0,18205035,-8805043,9399992
2012/03/12,0,11795743,-10208105,1587638
2012/03/13,0,27394586,-5143700,22250886
2012/03/14,0,23870552,-4452369,19418183
2012/03/15,0,9650044,-7409040,2241004
2012/03/16,0,32775425,-11571693,21203732
2012/03/19,0,10343372,-6984830,3358542
2012/03/20,0,13142600,-10320380,2822220
2012/03/21,0,18243009,-12738396,5504613
2012/03/22,0,36874856,-17583798,19291058
2012/03/23,0,23752000,-10179566,13572434
2012/03/26,0,23742713,-21585700,2157013
2012/03/27,0,26944362,-9944583,16999779
2012/03/28,0,55008900,-27915098,27093802
2012/03/29,0,85588500,-30782576,54805924
2012/03/30,0,36636212,-30392688,6243524
2012/04/02,0,17649890,-19016051,-1366161
2012/04/03,0,34063777,-14814371,19249406
2012/04/04,0,0,0,0
2012/04/05,0,32944892,-16598198,16346694
2012/04/06,0,6322468,-13939251,-7616783
2012/04/09,0,10351000,-6778000,3573000
2012/04/10,0,6149520,-6391734,-242214
2012/04/11,0,24194400,-16516265,7678135
2012/04/12,0,14297108,-16744660,-2447552
2012/04/13,0,22707665,-12630163,10077502
2012/04/16,0,15423011,-8888012,6534999
2012/04/17,0,33115225,-22648341,10466884
2012/04/18,0,12409800,-13491346,-1081546
2012/04/19,0,19394009,-19462009,-68000
2012/04/20,0,28645100,-26409202,2235898
2012/04/23,0,21529233,-25703598,-4174365
2012/04/24,0,25873210,-13082420,12790790
2012/04/25,0,32759381,-17478364,15281017
2012/04/26,0,23424000,-14416100,9007900
2012/04/27,0,20158123,-37594396,-17436273
2012/04/30,0,9229673,-20029000,-10799327
2012/05/01,0,0,0,0
2012/05/02,0,66793750,-209843442,-143049692
2012/05/03,0,16586810,-39940805,-23353995
2012/05/04,0,9024499,-19780718,-10756219
2012/05/07,0,11931000,-31528423,-19597423
2012/05/08,0,9873000,-15122122,-5249122
2012/05/09,0,10272000,-20120000,-9848000
2012/05/10,0,7196616,-7772593,-575977
2012/05/11,0,8697741,-16662151,-7964410
2012/05/14,0,14067000,-13089400,977600
2012/05/15,0,15330057,-24762922,-9432865
2012/05/16,0,16973474,-26090453,-9116979
2012/05/17,0,18739388,-15800000,2939388
2012/05/18,0,9314050,-19932054,-10618004
2012/05/21,0,6778000,-14437106,-7659106
2012/05/22,0,23063000,-12636077,10426923
2012/05/23,0,15435786,-13344196,2091590
2012/05/24,0,8336750,-15865503,-7528753
2012/05/25,0,8382529,-16058854,-7676325
2012/05/28,0,8986345,-8603084,383261
2012/05/29,0,13394000,-15763916,-2369916
2012/05/30,0,25779450,-29780283,-4000833
2012/05/31,0,15498345,-27013436,-11515091
2012/06/01,0,9729000,-17035608,-7306608
2012/06/04,0,9572313,-12880013,-3307700
2012/06/05,0,7757000,-13823687,-6066687
2012/06/06,0,8236191,-13460323,-5224132
2012/06/07,0,10318945,-11588686,-1269741
2012/06/08,0,3643589,-19338545,-15694956
2012/06/11,0,11008565,-10045032,963533
2012/06/12,0,7491000,-17812000,-10321000
2012/06/13,0,5254393,-13912456,-8658063
2012/06/14,0,5078719,-9120309,-4041590
2012/06/15,0,11780100,-7981754,3798346
2012/06/18,0,10850696,-5645665,5205031
2012/06/19,0,12273241,-10380976,1892265
2012/06/20,0,13755006,-14955614,-1200608
2012/06/21,0,9551741,-13734068,-4182327
2012/06/22,0,10096399,-10622768,-526369
2012/06/25,0,12502121,-13665410,-1163289
2012/06/26,0,15376000,-13114338,2261662
2012/06/27,0,8984000,-10561757,-1577757
2012/06/28,0,15188298,-7924059,7264239
2012/06/29,0,17785102,-7779054,10006048
2012/07/02,0,4182000,-11475908,-7293908
2012/07/03,0,15338286,-9810885,5527401
2012/07/04,0,18216400,-7653984,10562416
2012/07/05,0,3739000,-4162532,-423532
2012/07/06,0,10596000,-6001191,4594809
2012/07/09,0,11342000,-5034300,6307700
2012/07/10,0,16635660,-15058530,1577130
2012/07/11,0,6928000,-10272551,-3344551
2012/07/12,0,10679000,-26608500,-15929500
2012/07/13,0,7580372,-16261929,-8681557
2012/07/16,0,4928816,-4809511,119305
2012/07/17,0,9162100,-7324039,1838061
2012/07/18,0,8412000,-19803551,-11391551
2012/07/19,0,9345520,-10070821,-725301
2012/07/20,0,10498100,-6103726,4394374
2012/07/23,0,5791542,-16747230,-10955688
2012/07/24,0,5644000,-13902207,-8258207
2012/07/25,0,12328100,-43679400,-31351300
2012/07/26,0,16485106,-41742488,-25257382
2012/07/27,0,13863206,-15898139,-2034933
2012/07/30,0,16951003,-18449217,-1498214
2012/07/31,0,17620328,-12077447,5542881
2012/08/01,0,15033866,-19964421,-4930555
2012/08/02,0,0,0,0
2012/08/03,0,12097400,-37899170,-25801770
2012/08/06,0,26260000,-6545217,19714783
2012/08/07,0,22776206,-7606398,15169808
2012/08/08,0,12384269,-7863866,4520403
2012/08/09,0,30609820,-2167000,28442820
2012/08/10,0,13705000,-12492257,1212743
2012/08/13,0,9443000,-7270000,2173000
2012/08/14,0,14202188,-15318859,-1116671
2012/08/15,0,11011000,-13352572,-2341572
2012/08/16,0,8002000,-6327587,1674413
2012/08/17,0,7118000,-12274973,-5156973
2012/08/20,0,8694171,-6428901,2265270
2012/08/21,0,18425972,-15784056,2641916
2012/08/22,0,6626456,-5809791,816665
2012/08/23,0,12433862,-6955000,5478862
2012/08/24,0,7518433,-13006257,-5487824
2012/08/27,0,11844010,-11680200,163810
2012/08/28,0,8012716,-17128454,-9115738
2012/08/29,0,7900000,-19471360,-11571360
2012/08/30,0,14588000,-36544829,-21956829
2012/08/31,0,10692119,-12239209,-1547090
2012/09/03,0,44678000,-17833201,26844799
2012/09/04,0,13539000,-12996621,542379
2012/09/05,0,12342700,-18334600,-5991900
2012/09/06,0,14118677,-16904340,-2785663
2012/09/07,0,14413200,-8151495,6261705
2012/09/10,0,10953329,-10665641,287688
2012/09/11,0,11896600,-5172000,6724600
2012/09/12,0,25342300,-8725000,16617300
2012/09/13,0,24443300,-7108647,17334653
2012/09/14,0,35319000,-12812510,22506490
2012/09/17,0,19406000,-11536941,7869059
2012/09/18,0,10858000,-14555877,-3697877
2012/09/19,0,14930900,-7413955,7516945
2012/09/20,0,13824800,-6755115,7069685
2012/09/21,0,21373178,-10499450,10873728
2012/09/24,0,11277100,-15701687,-4424587
2012/09/25,0,17488600,-32133016,-14644416
2012/09/26,0,14474000,-47108637,-32634637
2012/09/27,0,15258673,-30369340,-15110667
2012/09/28,0,18262300,-15960266,2302034
2012/10/01,0,7749600,-6135782,1613818
2012/10/02,0,11047490,-11575546,-528056
2012/10/03,0,10476000,-11089324,-613324
2012/10/04,0,7056885,-7891878,-834993
2012/10/05,0,8866326,-19703701,-10837375
2012/10/08,0,6597014,-11331169,-4734155
2012/10/09,0,16976600,-20667441,-3690841
2012/10/10,0,0,0,0
2012/10/11,0,15277100,-50225099,-34947999
2012/10/12,0,9632213,-20339437,-10707224
2012/10/15,0,6360852,-8256141,-1895289
2012/10/16,0,11204300,-13465909,-2261609
2012/10/17,0,7886356,-17291574,-9405218
2012/10/18,0,7681200,-11973888,-4292688
2012/10/19,0,54315799,-76983889,-22668090
2012/10/22,0,7552000,-21437395,-13885395
2012/10/23,0,6267820,-17493811,-11225991
2012/10/24,0,7240868,-17660142,-10419274
2012/10/25,0,15078110,-16503054,-1424944
2012/10/26,0,12108100,-19896506,-7788406
2012/10/29,0,11427758,-21290539,-9862781
2012/10/30,0,24839200,-23564830,1274370
2012/10/31,0,47855000,-15853971,32001029
2012/11/01,0,21993600,-22392543,-398943
2012/11/02,0,13809060,-9192572,4616488
2012/11/05,0,11880000,-11879110,890
2012/11/06,0,18663600,-10629000,8034600
2012/11/07,0,22534300,-10040790,12493510
2012/11/08,0,30895816,-17590249,13305567
2012/11/09,0,14607000,-14251000,356000
2012/11/12,0,20902000,-9257697,11644303
2012/11/13,0,8604600,-11917644,-3313044
2012/11/14,0,31998520,-15693040,16305480
2012/11/15,0,16716517,-11019993,5696524
2012/11/16,0,21300243,-16531738,4768505
2012/11/19,0,9960173,-6553791,3406382
2012/11/20,0,14088303,-9264200,4824103
2012/11/21,0,12933900,-17191853,-4257953
2012/11/22,0,10115000,-6508449,3606551
2012/11/23,0,28860000,-6794174,22065826
2012/11/26,0,22863000,-5070402,17792598
2012/11/27,0,20684000,-7947665,12736335
2012/11/28,0,27169500,-23055695,4113805
2012/11/29,0,29331030,-30588710,-1257680
2012/11/30,0,32019400,-17505873,14513527
2012/12/03,0,22779987,-8472125,14307862
2012/12/04,0,25029677,-11185240,13844437
2012/12/05,0,19557000,-12838967,6718033
2012/12/06,0,18893500,-12483769,6409731
2012/12/07,0,13104000,-25244554,-12140554
2012/12/10,0,14433956,-11645069,2788887
2012/12/11,0,44204557,-16198577,28005980
2012/12/12,0,35060039,-18701177,16358862
2012/12/13,0,22618310,-18932781,3685529
2012/12/14,0,28752030,-82305671,-53553641
2012/12/17,0,40457000,-122278536,-81821536
2012/12/18,0,33389000,-37082287,-3693287
2012/12/19,0,24073300,-21165463,2907837
2012/12/20,0,29152000,-34538384,-5386384
2012/12/21,0,13916000,-35603164,-21687164
2012/12/24,0,5625000,-6394213,-769213
2012/12/25,0,4149000,-2781000,1368000
2012/12/26,0,4081000,-2891000,1190000
2012/12/27,0,7621646,-6732000,889646
2012/12/28,0,7863759,-8302520,-438761
2012/12/31,0,0,0,0
2013/01/01,0,0,0,0
2013/01/02,0,15494200,-17662652,-2168452
2013/01/03,0,13747000,-11427032,2319968
2013/01/04,0,19285000,-27094965,-7809965
2013/01/07,0,9392600,-26995257,-17602657
2013/01/08,0,11968365,-24035386,-12067021
2013/01/09,0,13372913,-8064713,5308200
2013/01/10,0,26075000,-21810930,4264070
2013/01/11,0,12342051,-8662151,3679900
2013/01/14,0,18503022,-28876478,-10373456
2013/01/15,0,12850800,-64388189,-51537389
2013/01/16,0,19751656,-48044842,-28293186
2013/01/17,0,14877085,-12797662,2079423
2013/01/18,0,22073000,-11515947,10557053
2013/01/21,0,6435000,-11607047,-5172047
2013/01/22,0,16373200,-14206677,2166523
2013/01/23,0,17414000,-13291571,4122429
2013/01/24,0,9375000,-63625200,-54250200
2013/01/25,0,8927352,-20991281,-12063929
2013/01/28,0,6946800,-4987590,1959210
2013/01/29,0,16850674,-7768700,9081974
2013/01/30,0,12449819,-6103400,6346419
2013/01/31,0,12171954,-11286127,885827
2013/02/01,0,9237000,-5387385,3849615
2013/02/04,0,10824019,-16607741,-5783722
2013/02/05,0,7588440,-9502826,-1914386
2013/02/06,0,9724000,-8861251,862749
2013/02/07,0,0,0,0
2013/02/08,0,0,0,0
2013/02/11,0,0,0,0
2013/02/12,0,0,0,0
2013/02/13,0,0,0,0
2013/02/14,0,0,0,0
2013/02/15,0,0,0,0
2013/02/18,0,10676268,-21310854,-10634586
2013/02/19,0,10513112,-6054425,4458687
2013/02/20,0,13024455,-8086914,4937541
2013/02/21,0,12972826,-16354612,-3381786
2013/02/22,0,7232270,-11420333,-4188063
2013/02/25,0,5538000,-9833550,-4295550
2013/02/26,0,6899000,-21388259,-14489259
2013/02/27,0,17061000,-19037474,-1976474
2013/02/28,0,0,0,0
2013/03/01,0,15121000,-22444625,-7323625
2013/03/04,0,13456100,-15815479,-2359379
2013/03/05,0,12164040,-25610376,-13446336
2013/03/06,0,14992100,-23220308,-8228208
2013/03/07,0,6700100,-10527517,-3827417
2013/03/08,0,12131700,-16442251,-4310551
2013/03/11,0,7504000,-7542900,-38900
2013/03/12,0,3188000,-7554696,-4366696
2013/03/13,0,4859000,-16693634,-11834634
2013/03/14,0,4739000,-8112839,-3373839
2013/03/15,0,20946392,-12934955,8011437
2013/03/18,0,10753000,-11395664,-642664
2013/03/19,0,18494900,-14146751,4348149
2013/03/20,0,12320000,-14982361,-2662361
2013/03/21,0,13799470,-9956181,3843289
2013/03/22,0,15141010,-10478887,4662123
2013/03/25,0,8267573,-9618349,-1350776
2013/03/26,0,17501427,-12625615,4875812
2013/03/27,0,13987700,-13151240,836460
2013/03/28,0,11196000,-14804158,-3608158
2013/03/29,0,4486210,-4511569,-25359
2013/04/01,0,3388789,-2831543,557246
2013/04/02,0,8567906,-4031550,4536356
2013/04/03,0,5726000,-8890229,-3164229
2013/04/04,0,0,0,0
2013/04/05,0,0,0,0
2013/04/08,0,12279190,-25305334,-13026144
2013/04/09,0,5983000,-15258521,-9275521
2013/04/10,0,7896769,-15826449,-7929680
2013/04/11,0,2660161,-18985795,-16325634
2013/04/12,0,7092000,-48265298,-41173298
2013/04/15,0,15451753,-44592228,-29140475
2013/04/16,0,15191694,-47790036,-32598342
2013/04/17,0,14984130,-19580568,-4596438
2013/04/18,0,4815000,-34148212,-29333212
2013/04/19,0,13842100,-26445414,-12603314
2013/04/22,0,4464100,-10739217,-6275117
2013/04/23,0,6273000,-25869571,-19596571
2013/04/24,0,7688800,-11678320,-3989520
2013/04/25,0,8031338,-4444800,3586538
2013/04/26,0,12376800,-52930869,-40554069
2013/04/29,0,8490000,-35235205,-26745205
2013/04/30,0,13860841,-33859939,-19999098
2013/05/01,0,0,0,0
2013/05/02,0,10005000,-21290177,-11285177
2013/05/03,0,12207000,-16943558,-4736558
2013/05/06,0,5395000,-8288336,-2893336
2013/05/07,0,14083280,-20620679,-6537399
2013/05/08,0,36259987,-17286794,18973193
2013/05/09,0,36169281,-15651962,20517319
2013/05/10,0,20788000,-27518050,-6730050
2013/05/13,0,9816000,-27607239,-17791239
2013/05/14,0,11473892,-10696939,776953
2013/05/15,0,20399000,-54276147,-33877147
2013/05/16,0,17249000,-44354015,-27105015
2013/05/17,0,5803260,-52973845,-47170585
2013/05/20,0,7912926,-29732224,-21819298
2013/05/21,0,5389000,-21334681,-15945681
2013/05/22,0,13521220,-10747608,2773612
2013/05/23,0,6416980,-34752180,-28335200
2013/05/24,0,8192036,-25015625,-16823589
2013/05/27,0,4163665,-9002650,-4838985
2013/05/28,0,4309000,-11216677,-6907677
2013/05/29,0,10484000,-17182125,-6698125
2013/05/30,0,2661000,-21303851,-18642851
2013/05/31,0,15976700,-43594616,-27617916
2013/06/03,0,7107000,-17904560,-10797560
2013/06/04,0,6084000,-12470000,-6386000
2013/06/05,0,4934433,-19227584,-14293151
2013/06/06,0,7109620,-29810546,-22700926
2013/06/07,0,6541530,-19307740,-12766210
2013/06/10,0,11169050,-16281157,-5112107
2013/06/11,0,7593995,-24736000,-17142005
2013/06/12,0,0,0,0
2013/06/13,0,13369000,-35537764,-22168764
2013/06/14,0,16142000,-25863293,-9721293
2013/06/17,0,11222688,-41517638,-30294950
2013/06/18,0,10216095,-20227735,-10011640
2013/06/19,0,6286256,-15148206,-8861950
2013/06/20,0,4350000,-19067800,-14717800
2013/06/21,0,5183368,-25986716,-20803348
2013/06/24,0,4773000,-17221170,-12448170
2013/06/25,0,13668080,-14230251,-562171
2013/06/26,0,13037830,-14201690,-1163860
2013/06/27,0,17314300,-21004292,-3689992
2013/06/28,0,25365823,-15999124,9366699
2013/07/01,0,13569240,-7642819,5926421
2013/07/02,0,10524538,-4002340,6522198
2013/07/03,0,8540670,-11299298,-2758628
2013/07/04,0,8641000,-7851965,789035
2013/07/05,0,11863000,-1545488,10317512
2013/07/08,0,6888000,-7175000,-287000
2013/07/09,0,21657200,-8057169,13600031
2013/07/10,0,14121000,-2958800,11162200
2013/07/11,0,45350992,-1740000,43610992
2013/07/12,0,15879000,-2913000,12966000
2013/07/15,0,15600141,-2713243,12886898
2013/07/16,0,16076000,-3074500,13001500
2013/07/17,0,16746106,-6139232,10606874
2013/07/18,0,18058200,-3205897,14852303
2013/07/19,0,17634342,-6221882,11412460
2013/07/22,0,15701992,-10997000,4704992
2013/07/23,0,15106000,-8067493,7038507
2013/07/24,0,18023800,-3337900,14685900
2013/07/25,0,14494000,-3943954,10550046
2013/07/26,0,8117000,-3287666,4829334
2013/07/29,0,4709000,-2142083,2566917
2013/07/30,0,11539500,-3265000,8274500
2013/07/31,0,7773271,-6247370,1525901
2013/08/01,0,6562000,-6299800,262200
2013/08/02,0,4492998,-4040055,452943
2013/08/05,0,9655191,-4073414,5581777
2013/08/06,0,6934000,-8718000,-1784000
2013/08/07,0,12002000,-11033669,968331
2013/08/08,0,5069270,-12791636,-7722366
2013/08/09,0,7659393,-16908554,-9249161
2013/08/12,0,8121000,-3448130,4672870
2013/08/13,0,31601969,-13392340,18209629
2013/08/14,0,14480829,-11790448,2690381
2013/08/15,0,11022400,-9530124,1492276
2013/08/16,0,9243035,-3915472,5327563
2013/08/19,0,13746420,-8211672,5534748
2013/08/20,0,18833311,-7454658,11378653
2013/08/21,0,0,0,0
2013/08/22,0,22309123,-20179364,2129759
2013/08/23,0,17216000,-5497178,11718822
2013/08/26,0,13860000,-4074988,9785012
2013/08/27,0,19044160,-8489911,10554249
2013/08/28,0,5227000,-9740693,-4513693
2013/08/29,0,9766676,-7988365,1778311
2013/08/30,0,16332255,-6022595,10309660
2013/09/02,0,12434000,-2609314,9824686
2013/09/03,0,10749849,-3151236,7598613
2013/09/04,0,11831000,-4530720,7300280
2013/09/05,0,13851817,-6159500,7692317
2013/09/06,0,11767331,-6622141,5145190
2013/09/09,0,15200540,-10230865,4969675
2013/09/10,0,17002000,-10033386,6968614
2013/09/11,0,17332900,-25169538,-7836638
2013/09/12,0,13265700,-30800657,-17534957
2013/09/13,0,6632300,-5981463,650837
2013/09/16,0,15541000,-9915718,5625282
2013/09/17,0,13103000,-9077638,4025362
2013/09/18,0,8701431,-12383673,-3682242
2013/09/19,0,0,0,0
2013/09/20,0,0,0,0
2013/09/23,0,17298323,-14590217,2708106
2013/09/24,0,11085000,-6824328,4260672
2013/09/25,0,12808000,-8466300,4341700
2013/09/26,0,8132474,-9141000,-1008526
2013/09/27,0,13900700,-8061247,5839453
2013/09/30,0,11555482,-17278008,-5722526
2013/10/01,0,3043000,-4812193,-1769193
2013/10/02,0,4624165,-13532900,-8908735
2013/10/03,0,18912152,-10572989,8339163
2013/10/04,0,7174000,-7587566,-413566
2013/10/07,0,7471000,-11871000,-4400000
2013/10/08,0,9598000,-12535933,-2937933
2013/10/09,0,8011945,-5579660,2432285
2013/10/10,0,0,0,0
2013/10/11,0,12514106,-18725243,-6211137
2013/10/14,0,7645200,-19723494,-12078294
2013/10/15,0,7940000,-23768929,-15828929
2013/10/16,0,5298600,-12892900,-7594300
2013/10/17,0,7697474,-22564223,-14866749
2013/10/18,0,9370645,-5547088,3823557
2013/10/21,0,5235000,-6421000,-1186000
2013/10/22,0,10731552,-5037139,5694413
2013/10/23,0,7413637,-2597809,4815828
2013/10/24,0,3275270,-3380537,-105267
2013/10/25,0,10538600,-13982934,-3444334
2013/10/28,0,8126679,-3323963,4802716
2013/10/29,0,9584270,-32503223,-22918953
2013/10/30,0,10278500,-2478256,7800244
2013/10/31,0,11339000,-16243259,-4904259
2013/11/01,0,7723143,-10147475,-2424332
2013/11/04,0,7619000,-18597834,-10978834
2013/11/05,0,9253108,-8743947,509161
2013/11/06,0,10753147,-4154081,6599066
2013/11/07,0,5997000,-6567224,-570224
2013/11/08,0,6559000,-9125813,-2566813
2013/11/11,0,9515000,-14925171,-5410171
2013/11/12,0,9904500,-7603087,2301413
2013/11/13,0,14641406,-13676110,965296
2013/11/14,0,18086324,-10479958,7606366
2013/11/15,0,10741000,-5405249,5335751
2013/11/18,0,15181182,-7399594,7781588
2013/11/19,0,14483230,-11023874,3459356
2013/11/20,0,13053000,-8109942,4943058
2013/11/21,0,26638805,-19287446,7351359
2013/11/22,0,10614950,-20801650,-10186700
2013/11/25,0,16394920,-9815039,6579881
2013/11/26,0,19841212,-14483537,5357675
2013/11/27,0,8791196,-8657200,133996
2013/11/28,0,11234000,-1865615,9368385
2013/11/29,0,25162808,-8752674,16410134
2013/12/02,0,13894234,-6523000,7371234
2013/12/03,0,13319483,-8233286,5086197
2013/12/04,0,19080000,-5945462,13134538
2013/12/05,0,19529121,-15538972,3990149
2013/12/06,0,14205150,-22900218,-8695068
2013/12/09,0,25649929,-2291431,23358498
2013/12/10,0,20180300,-11042428,9137872
2013/12/11,0,19480800,-29028341,-9547541
2013/12/12,0,20493774,-12881337,7612437
2013/12/13,0,15505000,-14860891,644109
2013/12/16,0,9405000,-10313695,-908695
2013/12/17,0,13933168,-3757155,10176013
2013/12/18,0,22094500,-11540904,10553596
2013/12/19,0,9679900,-1725800,7954100
2013/12/20,0,12695280,-9030688,3664592
2013/12/23,0,7275815,-6457713,818102
2013/12/24,0,2580200,-1573100,1007100
2013/12/25,0,1588000,-1682000,-94000
2013/12/26,0,3385000,-109000,3276000
2013/12/27,0,11588000,-1592436,9995564
2013/12/30,0,10436000,-1685882,8750118
2013/12/31,0,11955001,-1960668,9994333
2014/01/02,0,13441091,-4732000,8709091
2014/01/03,0,24635250,-10238588,14396662
2014/01/06,0,7391200,-7549627,-158427
2014/01/07,0,10348000,-12043950,-1695950
2014/01/08,0,16765705,-7107600,9658105
2014/01/09,0,33411800,-5107065,28304735
2014/01/10,0,25163000,-8514921,16648079
2014/01/13,0,27815000,-4259084,23555916
2014/01/14,0,34652892,-5275278,29377614
2014/01/15,0,54612890,-8758753,45854137
2014/01/16,0,43283000,-3339997,39943003
2014/01/17,0,31631160,-3585282,28045878
2014/01/20,0,38270738,-3448981,34821757
2014/01/21,0,24134900,-7344804,16790096
2014/01/22,0,21460600,-8759418,12701182
2014/01/23,0,22739154,-13305827,9433327
2014/01/24,0,37704259,-9153703,28550556
2014/01/27,0,38973000,-27344775,11628225
2014/02/05,0,42849900,-78625704,-35775804
2014/02/06,0,26371180,-26702258,-331078
2014/02/07,0,14755000,-22250120,-7495120
2014/02/10,0,20951000,-19888779,1062221
2014/02/11,0,17070431,-17072942,-2511
2014/02/12,0,22249000,-14027216,8221784
2014/02/13,0,24277669,-8043581,16234088
2014/02/14,0,32427000,-5169781,27257219
2014/02/17,0,8208000,-4657010,3550990
2014/02/18,0,7549146,-3076790,4472356
2014/02/19,0,21986830,-3743922,18242908
2014/02/20,0,8735764,-8387312,348452
2014/02/21,0,18722450,-7577396,11145054
2014/02/24,0,6577000,-12530283,-5953283
2014/02/25,0,9741479,-9704450,37029
2014/02/26,0,17055000,-6264016,10790984
2014/02/27,0,17029594,-8487250,8542344
2014/03/03,0,16575400,-24464390,-7888990
2014/03/04,0,6382568,-6136840,245728
2014/03/05,0,5012000,-7219261,-2207261
2014/03/06,0,22690680,-2205648,20485032
2014/03/07,0,20910096,-3466374,17443722
2014/03/10,0,13884000,-5897198,7986802
2014/03/11,0,12758480,-12822528,-64048
2014/03/12,0,14713110,-6846939,7866171
2014/03/13,0,37366600,-10154211,27212389
2014/03/14,0,13019000,-9024560,3994440
2014/03/17,0,20081601,-3668066,16413535
2014/03/18,0,11372200,-17452124,-6079924
2014/03/19,0,12723000,-13119619,-396619
2014/03/20,0,17174200,-18905600,-1731400
2014/03/21,0,16040100,-9802068,6238032
2014/03/24,0,23324415,-2661000,20663415
2014/03/25,0,8408000,-7376580,1031420
2014/03/26,0,15044000,-12288191,2755809
2014/03/27,0,13817348,-8998800,4818548
2014/03/28,0,15817312,-8869800,6947512
2014/03/31,0,17473624,-14912557,2561067
2014/04/01,0,18751000,-10801129,7949871
2014/04/02,0,16380554,-12912356,3468198
2014/04/03,0,13010000,-4173299,8836701
2014/04/07,0,15266560,-13514635,1751925
2014/04/08,0,7789382,-5954050,1835332
2014/04/09,0,8692000,-3225000,5467000
2014/04/10,0,14210888,-6680870,7530018
2014/04/11,0,8478896,-12318760,-3839864
2014/04/14,0,27967000,-5377000,22590000
2014/04/15,0,20405270,-3823643,16581627
2014/04/16,0,23223000,-5674000,17549000
2014/04/17,0,16224790,-4245213,11979577
2014/04/18,0,4586300,-835108,3751192
2014/04/21,0,1995000,-1503000,492000
2014/04/22,0,5833000,-5593236,239764
2014/04/23,0,17775900,-4873191,12902709
2014/04/24,0,14580000,-10631774,3948226
2014/04/25,0,22688212,-9285545,13402667
2014/04/28,0,7503422,-4983000,2520422
2014/04/29,0,10678660,-4061000,6617660
2014/04/30,0,10140760,-14921657,-4780897
2014/05/02,0,27235280,-3114189,24121091
2014/05/05,0,9975926,-3350000,6625926
2014/05/06,0,7221100,-2149000,5072100
2014/05/07,0,13539100,-10105000,3434100
2014/05/08,0,12292000,-4124237,8167763
2014/05/09,0,13736230,-4618192,9118038
2014/05/12,0,10744912,-17380362,-6635450
2014/05/13,0,8454000,-2839822,5614178
2014/05/14,0,14400000,-6078889,8321111
2014/05/15,0,12437000,-12542000,-105000
2014/05/16,0,8600019,-6578710,2021309
2014/05/19,0,16313000,-3442738,12870262
2014/05/20,0,27609200,-7916414,19692786
2014/05/21,0,8264650,-4080071,4184579
2014/05/22,0,10533000,-6854595,3678405
2014/05/23,0,24464100,-8352411,16111689
2014/05/26,0,3886000,-4829750,-943750
2014/05/27,0,8680000,-4455310,4224690
2014/05/28,0,17832401,-8569891,9262510
2014/05/29,0,16199325,-5624318,10575007
2014/05/30,0,19640890,-21041768,-1400878
2014/06/03,0,9994000,-8553463,1440537
2014/06/04,0,6181000,-5033659,1147341
2014/06/05,0,6807349,-4948550,1858799
2014/06/06,0,7535900,-4990764,2545136
2014/06/09,0,6885000,-2602810,4282190
2014/06/10,0,9668270,-1711300,7956970
2014/06/11,0,6815169,-2664126,4151043
2014/06/12,0,6086349,-5838000,248349
2014/06/13,0,5417070,-4679151,737919
2014/06/16,0,7196780,-7047502,149278
2014/06/17,0,12129946,-7689749,4440197
2014/06/18,0,18695400,-6961400,11734000
2014/06/19,0,11073045,-8050484,3022561
2014/06/20,0,9174000,-4012985,5161015
2014/06/23,0,29155650,-6913376,22242274
2014/06/24,0,18768520,-6442101,12326419
2014/06/25,0,7673331,-8108813,-435482
2014/06/26,0,18230340,-7639502,10590838
2014/06/27,0,17408120,-8115418,9292702
2014/06/30,0,22439965,-8565015,13874950
2014/07/01,0,16154100,-3019672,13134428
2014/07/02,0,19011740,-5860717,13151023
2014/07/03,0,13697100,-7323600,6373500
2014/07/04,0,5130484,-9289561,-4159077
2014/07/07,0,5471926,-7652874,-2180948
2014/07/08,0,7452717,-6733406,719311
2014/07/09,0,10033770,-6827716,3206054
2014/07/10,0,20385004,-7198546,13186458
2014/07/11,0,8735638,-13332507,-4596869
2014/07/14,0,16410200,-30197203,-13787003
2014/07/15,0,17530565,-20107303,-2576738
2014/07/16,0,13030825,-15756787,-2725962
2014/07/17,0,20935996,-14755963,6180033
2014/07/18,0,10478921,-9103260,1375661
2014/07/21,0,15903279,-6218316,9684963
2014/07/22,0,13938100,-10167360,3770740
2014/07/23,0,0,0,0
2014/07/24,0,21792975,-18862754,2930221
2014/07/25,0,7452000,-11588535,-4136535
2014/07/28,0,15138800,-19336800,-4198000
2014/07/29,0,22313000,-18534600,3778400
2014/07/30,0,15662100,-17111280,-1449180
2014/07/31,0,11144986,-14134639,-2989653
2014/08/01,0,9374029,-11672328,-2298299
2014/08/04,0,11730345,-6644340,5086005
2014/08/05,0,11322520,-20657663,-9335143
2014/08/06,0,8730000,-6454025,2275975
2014/08/07,0,7173502,-6288355,885147
2014/08/08,0,6648228,-9982972,-3334744
2014/08/11,0,5157000,-8844131,-3687131
2014/08/12,0,5209365,-11889984,-6680619
2014/08/13,0,14754900,-8134466,6620434
2014/08/14,0,10607000,-5743125,4863875
2014/08/15,0,7329134,-20217920,-12888786
2014/08/18,0,6603150,-9115172,-2512022
2014/08/19,0,6721255,-7976015,-1254760
2014/08/20,0,11929421,-11394333,535088
2014/08/21,0,5977000,-4836486,1140514
2014/08/22,0,15146328,-3241360,11904968
2014/08/25,0,4022000,-3065422,956578
2014/08/26,0,6375836,-10200667,-3824831
2014/08/27,0,12749942,-6835338,5914604
2014/08/28,0,11683265,-9105309,2577956
2014/08/29,0,10806800,-10526871,279929
2014/09/01,0,5758120,-13014000,-7255880
2014/09/02,0,2368700,-5720489,-3351789
2014/09/03,0,11027247,-15070781,-4043534
2014/09/04,0,9168755,-18615400,-9446645
2014/09/05,0,14527552,-12058744,2468808
2014/09/09,0,15155444,-7179938,7975506
2014/09/10,0,5556000,-19932000,-14376000
2014/09/11,0,6346000,-6575357,-229357
2014/09/12,0,7470033,-9320308,-1850275
2014/09/15,0,8861848,-5194080,3667768
2014/09/16,0,1749366,-8389000,-6639634
2014/09/17,0,10414000,-11167308,-753308
2014/09/18,0,11632417,-6873229,4759188
2014/09/19,0,9079000,-19337887,-10258887
2014/09/22,0,3720191,-12490159,-8769968
2014/09/23,0,7989000,-8457600,-468600
2014/09/24,0,5448736,-7521304,-2072568
2014/09/25,0,9691400,-16506491,-6815091
2014/09/26,0,13192492,-30791578,-17599086
2014/09/29,0,15257000,-28204669,-12947669
2014/09/30,0,18540762,-22663488,-4122726
2014/10/01,0,12092100,-11529500,562600
2014/10/02,0,7589000,-14597015,-7008015
2014/10/03,0,9590811,-7625575,1965236
2014/10/06,0,9474442,-17246790,-7772348
2014/10/07,0,14968484,-13904135,1064349
2014/10/08,0,10836164,-13650332,-2814168
2014/10/09,0,14793864,-14681411,112453
2014/10/13,0,10979776,-19901632,-8921856
2014/10/14,0,10894480,-18481190,-7586710
2014/10/15,0,41040760,-47712864,-6672104
2014/10/16,0,16666030,-18414210,-1748180
2014/10/17,0,10615000,-32935940,-22320940
2014/10/20,0,12284433,-8417504,3866929
2014/10/21,0,13747000,-13479300,267700
2014/10/22,0,11335236,-12466976,-1131740
2014/10/23,0,17617066,-5967543,11649523
2014/10/24,0,3417000,-10491671,-7074671
2014/10/27,0,14330000,-7008899,7321101
2014/10/28,0,22153000,-13367600,8785400
2014/10/29,0,12741298,-14890000,-2148702
2014/10/30,0,9476476,-6864500,2611976
2014/10/31,0,16092769,-16787215,-694446
2014/11/03,0,17944140,-6649000,11295140
2014/11/04,0,10171596,-2666793,7504803
2014/11/05,0,9853640,-2765358,7088282
2014/11/06,0,5378270,-10842138,-5463868
2014/11/07,0,5028000,-8186467,-3158467
2014/11/10,0,16193600,-6882318,9311282
2014/11/11,0,9468000,-2386622,7081378
2014/11/12,0,8639739,-14764160,-6124421
2014/11/13,0,9186004,-5690504,3495500
2014/11/14,0,8292855,-13924185,-5631330
2014/11/17,0,4650001,-18855548,-14205547
2014/11/18,0,8893495,-7399743,1493752
2014/11/19,0,21275092,-16719779,4555313
2014/11/20,0,11066000,-11586643,-520643
2014/11/21,0,7179800,-10760162,-3580362
2014/11/24,0,4444000,-6525926,-2081926
2014/11/25,0,15475091,-13160178,2314913
2014/11/26,0,2985223,-4797600,-1812377
2014/11/27,0,5599106,-4275274,1323832
2014/11/28,0,8928300,-5734716,3193584
2014/12/01,0,5078356,-11319670,-6241314
2014/12/02,0,8467000,-25155246,-16688246
2014/12/03,0,8628000,-14430943,-5802943
2014/12/04,0,7272863,-5846568,1426295
2014/12/05,0,6810051,-29273779,-22463728
2014/12/08,0,4306508,-29167564,-24861056
2014/12/09,0,15186639,-44291784,-29105145
2014/12/10,0,8890630,-36709826,-27819196
2014/12/11,0,15643137,-33634993,-17991856
2014/12/12,0,9245650,-24854626,-15608976
2014/12/15,0,10319346,-24181915,-13862569
2014/12/16,0,9394540,-53499487,-44104947
2014/12/17,0,16483562,-64300548,-47816986
2014/12/18,0,7448680,-25265880,-17817200
2014/12/19,0,11886000,-11652203,233797
2014/12/22,0,7635040,-8663182,-1028142
2014/12/23,0,3823000,-5304240,-1481240
2014/12/24,0,6242000,-2777000,3465000
2014/12/25,0,1707000,-982000,725000
2014/12/26,0,3327000,-1402371,1924629
2014/12/29,0,11104676,-12323459,-1218783
2014/12/30,0,10316370,-9481247,835123
2014/12/31,0,5166160,-6458187,-1292027
2015/01/01,0,0,0,0
2015/01/02,0,0,0,0
2015/01/05,0,4584005,-15867734,-11283729
2015/01/06,0,8756209,-43699998,-34943789
2015/01/07,0,9351253,-18131012,-8779759
2015/01/08,0,11424605,-7197012,4227593
2015/01/09,0,3609535,-5917878,-2308343
2015/01/12,0,4328745,-8095432,-3766687
2015/01/13,0,11879900,-11440947,438953
2015/01/14,0,7549580,-11928209,-4378629
2015/01/15,0,7022000,-19633138,-12611138
2015/01/16,0,6454029,-23280411,-16826382
2015/01/19,0,7615000,-7405676,209324
2015/01/20,0,7458029,-5130820,2327209
2015/01/21,0,16293851,-15646043,647808
2015/01/22,0,11746368,-10407066,1339302
2015/01/23,0,14994612,-9546248,5448364
2015/01/26,0,23414700,-10757725,12656975
2015/01/27,0,10666569,-7391886,3274683
2015/01/28,0,9228600,-9672603,-444003
2015/01/29,0,9320000,-13182048,-3862048
2015/01/30,0,11008000,-13954536,-2946536
2015/02/02,0,11639000,-17684076,-6045076
2015/02/03,0,5810000,-7201521,-1391521
2015/02/04,0,19882286,-19919828,-37542
2015/02/05,0,11892000,-11559210,332790
2015/02/06,0,10454000,-7429639,3024361
2015/02/09,0,8898381,-9702965,-804584
2015/02/10,0,5905000,-22720356,-16815356
2015/02/11,0,8384860,-23403152,-15018292
2015/02/12,0,7357358,-23411388,-16054030
2015/02/13,0,10890000,-7308851,3581149
2015/02/16,0,0,0,0
2015/02/17,0,0,0,0
2015/02/18,0,0,0,0
2015/02/19,0,0,0,0
2015/02/20,0,0,0,0
2015/02/23,0,0,0,0
2015/02/24,0,22957500,-43440150,-20482650
2015/02/25,0,14228055,-12207521,2020534
2015/02/26,0,23553410,-15765679,7787731
2015/02/27,0,0,0,0
2015/03/02,0,17615006,-15626160,1988846
2015/03/03,0,7046740,-9678107,-2631367
2015/03/04,0,20082680,-8148936,11933744
2015/03/05,0,13076000,-16064755,-2988755
2015/03/06,0,11374000,-10281793,1092207
2015/03/09,0,7033068,-12386418,-5353350
2015/03/10,0,3201180,-12553829,-9352649
2015/03/11,0,6855080,-14247520,-7392440
2015/03/12,0,11268000,-29359115,-18091115
2015/03/13,0,13903000,-15112122,-1209122
2015/03/16,0,11403050,-25483226,-14080176
2015/03/17,0,11070934,-18710976,-7640042
2015/03/18,0,17273427,-26100155,-8826728
2015/03/19,0,30542360,-21413495,9128865
2015/03/20,0,42738000,-15864952,26873048
2015/03/23,0,24135600,-7786369,16349231
2015/03/24,0,19507922,-8859513,10648409
2015/03/25,0,20228719,-7185693,13043026
2015/03/26,0,22005556,-17061688,4943868
2015/03/27,0,9325200,-15446317,-6121117
2015/03/30,0,11899450,-11771849,127601
2015/03/31,0,18773260,-39083563,-20310303
2015/04/01,0,17640012,-14210056,3429956
2015/04/02,0,27747830,-4026315,23721515
2015/04/03,0,0,0,0
2015/04/06,0,0,0,0
2015/04/07,0,15177032,-3820946,11356086
2015/04/08,0,20343000,-14984756,5358244
2015/04/09,0,12446000,-15916004,-3470004
2015/04/10,0,23519369,-17436647,6082722
2015/04/13,0,7521000,-4442318,3078682
2015/04/14,0,13090000,-2758698,10331302
2015/04/15,0,7775000,-27040819,-19265819
2015/04/16,0,18623000,-3311080,15311920
2015/04/17,0,13357805,-12711455,646350
2015/04/20,0,16475000,-8647965,7827035
2015/04/21,0,12166000,-12580340,-414340
2015/04/22,0,14806052,-18722036,-3915984
2015/04/23,0,22862911,-8868081,13994830
2015/04/24,0,49207801,-8140393,41067408
2015/04/27,0,16727000,-4654580,12072420
2015/04/28,0,17999000,-12633399,5365601
2015/04/29,0,13140000,-9264100,3875900
2015/04/30,0,18960000,-20067618,-1107618
2015/05/01,0,0,0,0
2015/05/04,0,16424920,-8552794,7872126
2015/05/05,0,13736032,-5566618,8169414
2015/05/06,0,12586100,-5016457,7569643
2015/05/07,0,12003803,-12865437,-861634
2015/05/08,0,12309880,-9252846,3057034
2015/05/11,0,12505500,-7396688,5108812
2015/05/12,0,6615179,-7115558,-500379
2015/05/13,0,19514018,-3295106,16218912
2015/05/14,0,9201300,-12519271,-3317971
2015/05/15,0,5607420,-5564124,43296
2015/05/18,0,78266932,-6489615,71777317
2015/05/19,0,61577056,-4121296,57455760
2015/05/20,0,15877000,-9344267,6532733
2015/05/21,0,15533000,-14335157,1197843
2015/05/22,0,12528800,-2667185,9861615
2015/05/25,0,6692000,-4099120,2592880
2015/05/26,0,12248000,-3490080,8757920
2015/05/27,0,17721384,-10494615,7226769
2015/05/28,0,31435165,-14218331,17216834
2015/05/29,0,66717470,-46920993,19796477
2015/06/01,0,10859900,-21076015,-10216115
2015/06/02,0,21431383,-10755458,10675925
2015/06/03,0,9709000,-8907864,801136
2015/06/04,0,20912000,-23219066,-2307066
2015/06/05,0,10583300,-20884253,-10300953
2015/06/08,0,12093731,-15433008,-3339277
2015/06/09,0,10153100,-9856089,297011
2015/06/10,0,24287100,-10687000,13600100
2015/06/11,0,26180000,-25763481,416519
2015/06/12,0,6307100,-6345006,-37906
2015/06/15,0,6080426,-10249015,-4168589
2015/06/16,0,17298000,-12492902,4805098
2015/06/17,0,14737357,-19547547,-4810190
2015/06/18,0,16264341,-16864550,-600209
2015/06/19,0,0,0,0
2015/06/22,0,25845678,-8242006,17603672
2015/06/23,0,18527000,-11905775,6621225
2015/06/24,0,15866322,-3958356,11907966
2015/06/25,0,37676365,-6379408,31296957
2015/06/26,0,16218173,-6266192,9951981
2015/06/29,0,13199000,-14619255,-1420255
2015/06/30,0,13602740,-16275003,-2672263
2015/07/01,0,12944380,-8234789,4709591
2015/07/02,0,14357492,-9230611,5126881
2015/07/03,0,3553500,-6106705,-2553205
2015/07/06,0,9130031,-13098990,-3968959
2015/07/07,0,13712500,-3604120,10108380
2015/07/08,0,18698548,-24363739,-5665191
2015/07/09,0,11495100,-21047252,-9552152
2015/07/10,0,0,0,0
2015/07/13,0,18016000,-12356081,5659919
2015/07/14,0,16245000,-20841025,-4596025
2015/07/15,0,14341114,-7778352,6562762
2015/07/16,0,11130462,-6476491,4653971
2015/07/17,0,11420380,-9757937,1662443
2015/07/20,0,7693693,-5108596,2585097
2015/07/21,0,8327100,-5715000,2612100
2015/07/22,0,13220644,-17884193,-4663549
2015/07/23,0,16947979,-50986897,-34038918
2015/07/24,0,7580980,-22483330,-14902350
2015/07/27,0,7891540,-9473520,-1581980
2015/07/28,0,10268376,-19369554,-9101178
2015/07/29,0,22027000,-15868114,6158886
2015/07/30,0,7278788,-17424602,-10145814
2015/07/31,0,15202839,-18329914,-3127075
2015/08/03,0,9729372,-21783000,-12053628
2015/08/04,0,13182000,-14163174,-981174
2015/08/05,0,8432350,-23070317,-14637967
2015/08/06,0,7098050,-15819700,-8721650
2015/08/07,0,10873000,-13243123,-2370123
2015/08/10,0,7932000,-14738576,-6806576
2015/08/11,0,11813000,-25791224,-13978224
2015/08/12,0,7011000,-27824200,-20813200
2015/08/13,0,5968203,-17361813,-11393610
2015/08/14,0,15464000,-19203701,-3739701
2015/08/17,0,10453723,-11966556,-1512833
2015/08/18,0,11367000,-7912200,3454800
2015/08/19,0,15334693,-13384480,1950213
2015/08/20,0,11988270,-20318776,-8330506
2015/08/21,0,25843000,-17983826,7859174
2015/08/24,0,31551000,-33370564,-1819564
2015/08/25,0,26697000,-21597949,5099051
2015/08/26,0,20162000,-44717227,-24555227
2015/08/27,0,30239317,-50994258,-20754941
2015/08/28,0,27215100,-14787076,12428024
2015/08/31,0,31648582,-26503098,5145484
2015/09/01,0,20452283,-19201032,1251251
2015/09/02,0,27814000,-14696454,13117546
2015/09/03,0,28799200,-13018464,15780736
2015/09/04,0,9907268,-14057444,-4150176
2015/09/07,0,5022200,-8592588,-3570388
2015/09/08,0,3746040,-7508388,-3762348
2015/09/09,0,23872578,-7544041,16328537
2015/09/10,0,11336041,-12588522,-1252481
2015/09/11,0,9197300,-12362778,-3165478
2015/09/14,0,7997550,-5644728,2352822
2015/09/15,0,8762954,-12559439,-3796485
2015/09/16,0,14972000,-13030517,1941483
2015/09/17,0,20972050,-17731053,3240997
2015/09/18,0,26049493,-27291998,-1242505
2015/09/21,0,9491000,-20128000,-10637000
2015/09/22,0,15923999,-8829526,7094473
2015/09/23,0,14756000,-20557466,-5801466
2015/09/24,0,8774003,-13310727,-4536724
2015/09/25,0,13291900,-10214583,3077317
2015/09/28,0,0,0,0
2015/09/29,0,0,0,0
2015/09/30,0,38276790,-30605400,7671390
2015/10/01,0,17850000,-12455348,5394652
2015/10/02,0,16282150,-11220972,5061178
2015/10/05,0,13881514,-10785538,3095976
2015/10/06,0,17391000,-10123830,7267170
2015/10/07,0,20070666,-11639833,8430833
2015/10/08,0,14333620,-8726300,5607320
2015/10/09,0,0,0,0
2015/10/12,0,32611550,-10078978,22532572
2015/10/13,0,17785687,-15267617,2518070
2015/10/14,0,10083000,-12994922,-2911922
2015/10/15,0,32882172,-12998434,19883738
2015/10/16,0,20255200,-5412047,14843153
2015/10/19,0,18820850,-14119883,4700967
2015/10/20,0,16057302,-13852000,2205302
2015/10/21,0,8809000,-8896900,-87900
2015/10/22,0,12595011,-14218950,-1623939
2015/10/23,0,22777647,-7862317,14915330
2015/10/26,0,25805000,-6425000,19380000
2015/10/27,0,27004560,-17815381,9189179
2015/10/28,0,10327340,-11315598,-988258
2015/10/29,0,12897755,-21336238,-8438483
2015/10/30,0,16181668,-16475578,-293910
2015/11/02,0,12873920,-7611600,5262320
2015/11/03,0,18540842,-8860910,9679932
2015/11/04,0,27582701,-6043043,21539658
2015/11/05,0,9499840,-9339522,160318
2015/11/06,0,6936638,-28238438,-21301800
2015/11/09,0,4256620,-12524159,-8267539
2015/11/10,0,4671969,-28159582,-23487613
2015/11/11,0,6153818,-27256046,-21102228
2015/11/12,0,3940728,-13686856,-9746128
2015/11/13,0,9439348,-19359882,-9920534
2015/11/16,0,7194495,-28321797,-21127302
2015/11/17,0,22397817,-11840691,10557126
2015/11/18,0,19003301,-13491022,5512279
2015/11/19,0,11963500,-6442773,5520727
2015/11/20,0,22161000,-6387174,15773826
2015/11/23,0,11634703,-9911998,1722705
2015/11/24,0,12343269,-12264749,78520
2015/11/25,0,8562872,-7576022,986850
2015/11/26,0,15862951,-4295072,11567879
2015/11/27,0,8678640,-7425149,1253491
2015/11/30,0,52898047,-55270062,-2372015
2015/12/01,0,34409097,-13944237,20464860
2015/12/02,0,15683233,-10144614,5538619
2015/12/03,0,7765258,-9481339,-1716081
2015/12/04,0,9817941,-15477219,-5659278
2015/12/07,0,15888035,-6723112,9164923
2015/12/08,0,13164000,-19588761,-6424761
2015/12/09,0,8869000,-14114814,-5245814
2015/12/10,0,10194750,-22106744,-11911994
2015/12/11,0,22498420,-26222557,-3724137
2015/12/14,0,12527000,-28386216,-15859216
2015/12/15,0,12598372,-21944920,-9346548
2015/12/16,0,12247174,-13223864,-976690
2015/12/17,0,13729000,-11555128,2173872
2015/12/18,0,21023495,-21681680,-658185
2015/12/21,0,7068980,-10841861,-3772881
2015/12/22,0,6465385,-12851446,-6386061
2015/12/23,0,13623974,-5974556,7649418
2015/12/24,0,8054000,-4243000,3811000
2015/12/25,0,2477850,-4084675,-1606825
2015/12/28,0,7184000,-8390000,-1206000
2015/12/29,0,7071000,-12624472,-5553472
2015/12/30,0,5358008,-6955072,-1597064
2015/12/31,0,4001084,-7438884,-3437800
2016/01/01,0,0,0,0
2016/01/04,0,6707600,-25837387,-19129787
2016/01/05,0,11772198,-21727138,-9954940
2016/01/06,0,15524917,-23507171,-7982254
2016/01/07,0,10630697,-21079917,-10449220
2016/01/08,0,9531000,-18576965,-9045965
2016/01/11,0,13521512,-34140090,-20618578
2016/01/12,0,16224360,-13698450,2525910
2016/01/13,0,13270187,-13812426,-542239
2016/01/14,0,6386567,-11586422,-5199855
2016/01/15,0,8262672,-24743358,-16480686
2016/01/18,0,11223325,-15519000,-4295675
2016/01/19,0,9095602,-13539892,-4444290
2016/01/20,0,14968685,-26773951,-11805266
2016/01/21,0,19867103,-19147294,719809
2016/01/22,0,23400100,-14222195,9177905
2016/01/25,0,16066228,-14652719,1413509
2016/01/26,0,10749575,-11806684,-1057109
2016/01/27,0,12547956,-10553535,1994421
2016/01/28,0,18282140,-19663595,-1381455
2016/01/29,0,31149101,-21219565,9929536
2016/02/01,0,22695430,-12977190,9718240
2016/02/02,0,11149877,-11654068,-504191
2016/02/03,0,14291000,-27406691,-13115691
2016/02/04,0,0,0,0
2016/02/05,0,0,0,0
2016/02/08,0,0,0,0
2016/02/09,0,0,0,0
2016/02/10,0,0,0,0
2016/02/11,0,0,0,0
2016/02/12,0,0,0,0
2016/02/15,0,31333680,-51482434,-20148754
2016/02/16,0,19478242,-17787304,1690938
2016/02/17,0,20290686,-22523415,-2232729
2016/02/18,0,30395000,-23734034,6660966
2016/02/19,0,13973530,-19902747,-5929217
2016/02/22,0,10379000,-11459129,-1080129
2016/02/23,0,5624048,-7226872,-1602824
2016/02/24,0,8553928,-12996324,-4442396
2016/02/25,0,15597504,-17402347,-1804843
2016/02/26,0,23711530,-17000304,6711226
2016/02/29,0,0,0,0
2016/03/01,0,19957298,-24332839,-4375541
2016/03/02,0,24079255,-12361702,11717553
2016/03/03,0,33232910,-18011526,15221384
2016/03/04,0,31865000,-16831997,15033003
2016/03/07,0,16802000,-15295456,1506544
2016/03/08,0,17202763,-12150899,5051864
2016/03/09,0,13967793,-10246566,3721227
2016/03/10,0,13541513,-6980935,6560578
2016/03/11,0,15309000,-9780566,5528434
2016/03/14,0,16666000,-4193000,12473000
2016/03/15,0,16905225,-15534800,1370425
2016/03/16,0,13593001,-5879353,7713648
2016/03/17,0,17135182,-9117605,8017577
2016/03/18,0,52135422,-30589832,21545590
2016/03/21,0,19388592,-4333292,15055300
2016/03/22,0,18175343,-11177408,6997935
2016/03/23,0,16942956,-10842747,6100209
2016/03/24,0,16327000,-6345280,9981720
2016/03/25,0,5225300,-2385387,2839913
2016/03/28,0,12121000,-2749886,9371114
2016/03/29,0,11165494,-7528601,3636893
2016/03/30,0,0,0,0
2016/03/31,0,44970929,-32992091,11978838
2016/04/01,0,11328154,-22530416,-11202262
2016/04/04,0,0,0,0
2016/04/05,0,0,0,0
2016/04/06,0,22732542,-27283463,-4550921
2016/04/07,0,15061929,-14943701,118228
2016/04/08,0,14247200,-8777765,5469435
2016/04/11,0,6280000,-5580960,699040
2016/04/12,0,10364019,-4391000,5973019
2016/04/13,0,24020650,-10586809,13433841
2016/04/14,0,12198000,-17904394,-5706394
2016/04/15,0,15106718,-9794337,5312381
2016/04/18,0,11977131,-7704979,4272152
2016/04/19,0,7000967,-12925325,-5924358
2016/04/20,0,13438570,-30761134,-17322564
2016/04/21,0,14659044,-6337142,8321902
2016/04/22,0,13997920,-4639481,9358439
2016/04/25,0,8113280,-9716040,-1602760
2016/04/26,0,12715117,-11014894,1700223
2016/04/27,0,14439310,-18342514,-3903204
2016/04/28,0,16640292,-19953229,-3312937
2016/04/29,0,13834000,-28505963,-14671963
2016/05/02,0,0,0,0
2016/05/03,0,7045100,-25177833,-18132733
2016/05/04,0,11673409,-23444631,-11771222
2016/05/05,0,9799778,-18624878,-8825100
2016/05/06,0,13187285,-33107664,-19920379
2016/05/09,0,8892750,-26519723,-17626973
2016/05/10,0,17028450,-15748557,1279893
2016/05/11,0,7563592,-21328857,-13765265
2016/05/12,0,6037799,-19931282,-13893483
2016/05/13,0,7149800,-47446285,-40296485
2016/05/16,0,7112080,-20521303,-13409223
2016/05/17,0,8485200,-23606058,-15120858
2016/05/18,0,12562742,-22691692,-10128950
2016/05/19,0,8555000,-19834238,-11279238
2016/05/20,0,10357225,-17559000,-7201775
2016/05/23,0,30076710,-16940057,13136653
2016/05/24,0,12222489,-17101428,-4878939
2016/05/25,0,17694115,-19313860,-1619745
2016/05/26,0,5486000,-10338835,-4852835
2016/05/27,0,10683000,-11634514,-951514
2016/05/30,0,17627970,-5218386,12409584
2016/05/31,0,56509535,-53749586,2759949
2016/06/01,0,16979992,-11220566,5759426
2016/06/02,0,16436934,-19579567,-3142633
2016/06/03,0,11895159,-4551440,7343719
2016/06/06,0,9785050,-9576576,208474
2016/06/07,0,18192000,-9901769,8290231
2016/06/08,0,24114734,-16931197,7183537
2016/06/09,0,0,0,0
2016/06/10,0,0,0,0
2016/06/13,0,15851199,-32301704,-16450505
2016/06/14,0,16663676,-14143992,2519684
2016/06/15,0,14215255,-9222108,4993147
2016/06/16,0,10256002,-22579804,-12323802
2016/06/17,0,23789873,-24024760,-234887
2016/06/20,0,16885771,-9496228,7389543
2016/06/21,0,15419757,-14845331,574426
2016/06/22,0,13908724,-6779058,7129666
2016/06/23,0,18465198,-8386635,10078563
2016/06/24,0,15414649,-29548519,-14133870
2016/06/27,0,5915035,-4825848,1089187
2016/06/28,0,14550000,-13558781,991219
2016/06/29,0,11057000,-6063848,4993152
2016/06/30,0,17826700,-13096492,4730208
2016/07/01,0,13320955,-4069279,9251676
2016/07/04,0,10369309,-3479000,6890309
2016/07/05,0,8933000,-10543863,-1610863
2016/07/06,0,5279045,-19118000,-13838955
2016/07/07,0,6422064,-4850850,1571214
2016/07/08,0,0,0,0
2016/07/11,0,21556996,-21914481,-357485
2016/07/12,0,19048350,-11134652,7913698
2016/07/13,0,16737456,-15602725,1134731
2016/07/14,0,12867984,-8043016,4824968
2016/07/15,0,18073769,-6508603,11565166
2016/07/18,0,21428551,-3838743,17589808
2016/07/19,0,18830300,-5608140,13222160
2016/07/20,0,15320000,-9539170,5780830
2016/07/21,0,20765960,-8424992,12340968
2016/07/22,0,21978600,-11593063,10385537
2016/07/25,0,13184100,-11680576,1503524
2016/07/26,0,19270000,-6871320,12398680
2016/07/27,0,22895000,-4051443,18843557
2016/07/28,0,15009000,-8032000,6977000
2016/07/29,0,7822823,-16109375,-8286552
2016/08/01,0,26435276,-6710896,19724380
2016/08/02,0,5777167,-5855393,-78226
2016/08/03,0,9469813,-16274575,-6804762
2016/08/04,0,9592000,-4672891,4919109
2016/08/05,0,12832606,-6236957,6595649
2016/08/08,0,23947413,-6082754,17864659
2016/08/09,0,15618787,-7036532,8582255
2016/08/10,0,11739300,-7848454,3890846
2016/08/11,0,17944000,-12522065,5421935
2016/08/12,0,18214550,-75875873,-57661323
2016/08/15,0,9042000,-19515679,-10473679
2016/08/16,0,11283737,-22446176,-11162439
2016/08/17,0,17551237,-49041710,-31490473
2016/08/18,0,10648000,-30815320,-20167320
2016/08/19,0,10966463,-23145648,-12179185
2016/08/22,0,6395100,-15119097,-8723997
2016/08/23,0,8773100,-24115050,-15341950
2016/08/24,0,9910086,-20592004,-10681918
2016/08/25,0,19251100,-20838591,-1587491
2016/08/26,0,6871255,-15257855,-8386600
2016/08/29,0,12123271,-17278203,-5154932
2016/08/30,0,8236253,-15349688,-7113435
2016/08/31,0,16932735,-32101870,-15169135
2016/09/01,0,8876954,-29267260,-20390306
2016/09/02,0,14852140,-31549978,-16697838
2016/09/05,0,12088125,-9724500,2363625
2016/09/06,0,20111204,-11318360,8792844
2016/09/07,0,17416353,-26647597,-9231244
2016/09/08,0,12505500,-35932526,-23427026
2016/09/09,0,3555340,-22102966,-18547626
2016/09/12,0,2871891,-22955246,-20083355
2016/09/13,0,12646006,-24626140,-11980134
2016/09/14,0,19751100,-32348328,-12597228
2016/09/15,0,0,0,0
2016/09/16,0,0,0,0
2016/09/19,0,40620798,-18041292,22579506
2016/09/20,0,24896745,-12415947,12480798
2016/09/21,0,11146000,-9307157,1838843
2016/09/22,0,10820360,-12639601,-1819241
2016/09/23,0,17505861,-21317803,-3811942
2016/09/26,0,15450780,-21917541,-6466761
2016/09/27,0,0,0,0
2016/09/28,0,0,0,0
2016/09/29,0,34963703,-27405910,7557793
2016/09/30,0,12132480,-24878409,-12745929
2016/10/03,0,13676742,-13440000,236742
2016/10/04,0,11788054,-10516006,1272048
2016/10/05,0,7245000,-3585824,3659176
2016/10/06,0,10316379,-3812075,6504304
2016/10/07,0,6165518,-2385072,3780446
2016/10/10,0,0,0,0
2016/10/11,0,24829657,-10788000,14041657
2016/10/12,0,15863427,-11766689,4096738
2016/10/13,0,15603750,-14611250,992500
2016/10/14,0,9332249,-3131430,6200819
2016/10/17,0,17194979,-9041701,8153278
2016/10/18,0,23468984,-7974742,15494242
2016/10/19,0,21367710,-8102450,13265260
2016/10/20,0,16246100,-1768441,14477659
2016/10/21,0,28985000,-26198023,2786977
2016/10/24,0,12114000,-11065823,1048177
2016/10/25,0,19600000,-10387750,9212250
2016/10/26,0,19136000,-10692884,8443116
2016/10/27,0,19515523,-13998516,5517007
2016/10/28,0,14961143,-10408192,4552951
2016/10/31,0,15227550,-10188929,5038621
2016/11/01,0,11776999,-11382651,394348
2016/11/02,0,13696871,-23462785,-9765914
2016/11/03,0,15045650,-20872946,-5827296
2016/11/04,0,8965000,-15623401,-6658401
2016/11/07,0,10712419,-13615846,-2903427
2016/11/08,0,9174541,-6193000,2981541
2016/11/09,0,12682300,-22915925,-10233625
2016/11/10,0,16253300,-23164000,-6910700
2016/11/11,0,14381000,-43991733,-29610733
2016/11/14,0,13483200,-27536242,-14053042
2016/11/15,0,15075808,-24033157,-8957349
2016/11/16,0,14471412,-30337540,-15866128
2016/11/17,0,19868798,-12135838,7732960
2016/11/18,0,14936231,-19657731,-4721500
2016/11/21,0,7229467,-7336861,-107394
2016/11/22,0,17565125,-7198296,10366829
2016/11/23,0,12174125,-5934345,6239780
2016/11/24,0,5739531,-9373894,-3634363
2016/11/25,0,3833900,-7709071,-3875171
2016/11/28,0,10280000,-5103312,5176688
2016/11/29,0,28458400,-10186814,18271586
2016/11/30,0,36477915,-35648550,829365
2016/12/01,0,17381085,-7877747,9503338
2016/12/02,0,15012356,-15834314,-821958
2016/12/05,0,9678000,-7809124,1868876
2016/12/06,0,25646895,-7080700,18566195
2016/12/07,0,24634000,-4035709,20598291
2016/12/08,0,48834200,-5421631,43412569
2016/12/09,0,33164501,-6257671,26906830
2016/12/12,0,12507840,-7253584,5254256
2016/12/13,0,28617406,-5757808,22859598
2016/12/14,0,13468820,-9433672,4035148
2016/12/15,0,12032959,-13119847,-1086888
2016/12/16,0,25635796,-21484849,4150947
2016/12/19,0,6358186,-6613056,-254870
2016/12/20,0,15594371,-4656163,10938208
2016/12/21,0,20943171,-14339685,6603486
2016/12/22,0,12631292,-13596404,-965112
2016/12/23,0,10586690,-9661125,925565
2016/12/26,0,3491000,-1908930,1582070
2016/12/27,0,2519555,-2628000,-108445
2016/12/28,0,8091000,-6071702,2019298
2016/12/29,0,8260422,-11270032,-3009610
2016/12/30,0,10051124,-3939314,6111810
2017/01/02,0,0,0,0
2017/01/03,0,4700000,-5625400,-925400
2017/01/04,0,13123177,-7247013,5876164
2017/01/05,0,11536368,-17058382,-5522014
2017/01/06,0,12986300,-11764027,1222273
2017/01/09,0,6742064,-6847000,-104936
2017/01/10,0,9289000,-3750486,5538514
2017/01/11,0,18687289,-7295300,11391989
2017/01/12,0,21820328,-5315623,16504705
2017/01/13,0,16789376,-12188298,4601078
2017/01/16,0,4224000,-7440383,-3216383
2017/01/17,0,6856042,-7605043,-749001
2017/01/18,0,11367648,-10050663,1316985
2017/01/19,0,11938250,-14703794,-2765544
2017/01/20,0,11936917,-9061330,2875587
2017/01/23,0,20390868,-12215017,8175851
2017/01/24,0,13724685,-12457464,1267221
2017/01/25,0,0,0,0
2017/01/26,0,0,0,0
2017/01/27,0,0,0,0
2017/01/30,0,0,0,0
2017/01/31,0,0,0,0
2017/02/01,0,0,0,0
2017/02/02,0,52888594,-47726166,5162428
2017/02/03,0,23635836,-36876514,-13240678
2017/02/06,0,29984249,-10299984,19684265
2017/02/07,0,35167293,-7061970,28105323
2017/02/08,0,52388469,-24753064,27635405
2017/02/09,0,53479143,-11667210,41811933
2017/02/10,0,48842819,-23523148,25319671
2017/02/13,0,29488224,-8819656,20668568
2017/02/14,0,50524669,-16469670,34054999
2017/02/15,0,49658727,-13422213,36236514
2017/02/16,0,28530600,-9375894,19154706
2017/02/17,0,14532000,-8555644,5976356
2017/02/20,0,18945000,-4408579,14536421
2017/02/21,0,19972278,-8753847,11218431
2017/02/22,0,15889118,-7141585,8747533
2017/02/23,0,17116377,-13425254,3691123
2017/02/24,0,15854832,-15216982,637850
2017/02/27,0,0,0,0
2017/02/28,0,0,0,0
2017/03/01,0,20605478,-16008941,4596537
2017/03/02,0,19438121,-12865551,6572570
2017/03/03,0,14453544,-11339033,3114511
2017/03/06,0,7407773,-3362959,4044814
2017/03/07,0,8190240,-5223481,2966759
2017/03/08,0,22462624,-9315570,13147054
2017/03/09,0,6240386,-24092632,-17852246
2017/03/10,0,9184138,-15043224,-5859086
2017/03/13,0,8356567,-6385489,1971078
2017/03/14,0,13562805,-6580697,6982108
2017/03/15,0,11445192,-4799990,6645202
2017/03/16,0,18642709,-6428348,12214361
2017/03/17,0,38947714,-11764319,27183395
2017/03/20,0,7432945,-4967046,2465899
2017/03/21,0,17206587,-8140667,9065920
2017/03/22,0,12035218,-10579496,1455722
2017/03/23,0,10020702,-9275339,745363
2017/03/24,0,8230014,-12192789,-3962775
2017/03/27,0,22165981,-18252812,3913169
2017/03/28,0,20283990,-8311327,11972663
2017/03/29,0,14136093,-9268522,4867571
2017/03/30,0,10699000,-8574854,2124146
2017/03/31,0,16383892,-15297668,1086224
2017/04/03,0,0,0,0
2017/04/04,0,0,0,0
2017/04/05,0,96650364,-22378486,74271878
2017/04/06,0,33624666,-20492694,13131972
2017/04/07,0,29512535,-26088445,3424090
2017/04/10,0,19982487,-11853262,8129225
2017/04/11,0,29353879,-10666085,18687794
2017/04/12,0,30642598,-11159576,19483022
2017/04/13,0,26049117,-12196252,13852865
2017/04/14,0,1924000,-9603980,-7679980
2017/04/17,0,10997130,-3991000,7006130
2017/04/18,0,4983535,-6685341,-1701806
2017/04/19,0,14412702,-17870081,-3457379
2017/04/20,0,14575065,-9680943,4894122
2017/04/21,0,7146859,-5026175,2120684
2017/04/24,0,8981038,-3272000,5709038
2017/04/25,0,23473298,-3587133,19886165
2017/04/26,0,28818100,-10536502,18281598
2017/04/27,0,19058304,-10239856,8818448
2017/04/28,0,17534949,-15130584,2404365
2017/05/01,0,0,0,0
2017/05/02,0,104689942,-93272985,11416957
2017/05/03,0,13026162,-4360505,8665657
2017/05/04,0,7589273,-7828700,-239427
2017/05/05,0,6461137,-9195900,-2734763
2017/05/08,0,10490396,-7664544,2825852
2017/05/09,0,21031188,-10085703,10945485
2017/05/10,0,19934970,-9872968,10062002
2017/05/11,0,14132151,-11293979,2838172
2017/05/12,0,13742804,-16399751,-2656947
2017/05/15,0,14515711,-6177952,8337759
2017/05/16,0,21516933,-21687631,-170698
2017/05/17,0,13690063,-12753180,936883
2017/05/18,0,10825670,-19526673,-8701003
2017/05/19,0,4085860,-5929165,-1843305
2017/05/22,0,9462236,-8361173,1101063
2017/05/23,0,18315700,-7946074,10369626
2017/05/24,0,10562609,-9173274,1389335
2017/05/25,0,12989497,-5464557,7524940
2017/05/26,0,0,0,0
2017/05/29,0,0,0,0
2017/05/30,0,0,0,0
2017/05/31,0,16372380,-29126078,-12753698
2017/06/01,0,14227659,-5802272,8425387
2017/06/02,0,25638917,-11094706,14544211
2017/06/05,0,13050466,-6739416,6311050
2017/06/06,0,8220317,-11857498,-3637181
2017/06/07,0,13227000,-15156393,-1929393
2017/06/08,0,5014000,-6151882,-1137882
2017/06/09,0,11975000,-20923234,-8948234
2017/06/12,0,12513448,-26476485,-13963037
2017/06/13,0,11399000,-21203179,-9804179
2017/06/14,0,20163000,-11590898,8572102
2017/06/15,0,14506000,-9898999,4607001
2017/06/16,0,20392117,-15284570,5107547
2017/06/19,0,27921110,-10678769,17242341
2017/06/20,0,16793854,-11314398,5479456
2017/06/21,0,16540277,-29234750,-12694473
2017/06/22,0,13224511,-19720168,-6495657
2017/06/23,0,9711080,-9056938,654142
2017/06/26,0,20598050,-15281475,5316575
2017/06/27,0,20080293,-28685122,-8604829
2017/06/28,0,16781035,-40714007,-23932972
2017/06/29,0,11374654,-15319187,-3944533
2017/06/30,0,18236100,-33049561,-14813461
2017/07/03,0,10261596,-14320488,-4058892
2017/07/04,0,12746969,-16613148,-3866179
2017/07/05,0,12894000,-18143071,-5249071
2017/07/06,0,11751350,-14388255,-2636905
2017/07/07,0,6986645,-16352909,-9366264
2017/07/10,0,13454774,-12691273,763501
2017/07/11,0,18810561,-10327548,8483013
2017/07/12,0,19555073,-16778041,2777032
2017/07/13,0,16540631,-16525005,15626
2017/07/14,0,10739051,-11159196,-420145
2017/07/17,0,10378000,-11385916,-1007916
2017/07/18,0,14774040,-7462165,7311875
2017/07/19,0,13521052,-8508614,5012438
2017/07/20,0,8671705,-13737522,-5065817
2017/07/21,0,4745487,-13316342,-8570855
2017/07/24,0,13581422,-7133318,6448104
2017/07/25,0,16544000,-11571796,4972204
2017/07/26,0,10142000,-12116497,-1974497
2017/07/27,0,12779070,-9934272,2844798
2017/07/28,0,7354000,-10313581,-2959581
2017/07/31,0,14738458,-14390789,347669
2017/08/01,0,8914852,-16447060,-7532208
2017/08/02,0,12328110,-9799316,2528794
2017/08/03,0,15334000,-11689546,3644454
2017/08/04,0,10138338,-8206065,1932273
2017/08/07,0,7152835,-8636522,-1483687
2017/08/08,0,8116349,-8987314,-870965
2017/08/09,0,7676800,-25581893,-17905093
2017/08/10,0,8745220,-16065620,-7320400
2017/08/11,0,12005854,-21900481,-9894627
2017/08/14,0,9770493,-18775165,-9004672
2017/08/15,0,10145457,-6723068,3422389
2017/08/16,0,7406946,-21818571,-14411625
2017/08/17,0,8924657,-9879771,-955114
2017/08/18,0,13576500,-18941397,-5364897
