Date,Open,Buy,Sell,Total
2007/01/02,0,155000,-378000,-223000
2007/01/03,0,270000,-267000,3000
2007/01/04,0,15000,-158000,-143000
2007/01/05,0,163000,-245984,-82984
2007/01/08,0,0,-20600,-20600
2007/01/09,0,100000,-13000,87000
2007/01/10,0,1068000,-62200,1005800
2007/01/11,0,128000,-413000,-285000
2007/01/12,0,100000,-188881,-88881
2007/01/15,0,712000,-207000,505000
2007/01/16,0,459000,-120000,339000
2007/01/17,0,288000,-7000,281000
2007/01/18,0,62000,-141000,-79000
2007/01/19,0,93000,-891000,-798000
2007/01/22,0,118000,-392079,-274079
2007/01/23,0,40000,-256000,-216000
2007/01/24,0,132000,-434000,-302000
2007/01/25,0,37000,-579243,-542243
2007/01/26,0,0,-142000,-142000
2007/01/29,0,106000,-312000,-206000
2007/01/30,0,170000,-385000,-215000
2007/01/31,0,141000,-20000,121000
2007/02/01,0,149000,-272000,-123000
2007/02/02,0,34000,-276643,-242643
2007/02/05,0,129000,-215400,-86400
2007/02/06,0,196000,-328000,-132000
2007/02/07,0,28000,-116000,-88000
2007/02/08,0,25000,-319000,-294000
2007/02/09,0,161200,-1002000,-840800
2007/02/12,0,500000,-1198000,-698000
2007/02/13,0,9000,-157000,-148000
2007/02/14,0,157000,-317000,-160000
2007/02/15,0,0,0,0
2007/02/16,0,0,0,0
2007/02/19,0,0,0,0
2007/02/20,0,0,0,0
2007/02/21,0,0,0,0
2007/02/22,0,0,0,0
2007/02/23,0,0,0,0
2007/02/26,0,379000,-58400,320600
2007/02/27,0,205000,-172000,33000
2007/02/28,0,0,0,0
2007/03/01,0,115000,-832000,-717000
2007/03/02,0,380000,-823000,-443000
2007/03/05,0,50000,-880000,-830000
2007/03/06,0,361000,-33855,327145
2007/03/07,0,467000,-7000,460000
2007/03/08,0,185000,-98368,86632
2007/03/09,0,329000,-94000,235000
2007/03/12,0,162000,-50687,111313
2007/03/13,0,104000,-125000,-21000
2007/03/14,0,97000,-70000,27000
2007/03/15,0,140000,-186000,-46000
2007/03/16,0,0,-484000,-484000
2007/03/19,0,67000,-260415,-193415
2007/03/20,0,126000,-181000,-55000
2007/03/21,0,0,-310000,-310000
2007/03/22,0,186000,-530402,-344402
2007/03/23,0,444000,-224600,219400
2007/03/26,0,16000,-244000,-228000
2007/03/27,0,318000,-238638,79362
2007/03/28,0,13000,-487000,-474000
2007/03/29,0,0,-271000,-271000
2007/03/30,0,0,-273000,-273000
2007/04/02,0,0,-162000,-162000
2007/04/03,0,26000,-320000,-294000
2007/04/04,0,221000,-922000,-701000
2007/04/05,0,0,0,0
2007/04/06,0,0,0,0
2007/04/09,0,97000,-2000,95000
2007/04/10,0,0,-119000,-119000
2007/04/11,0,4000,-142000,-138000
2007/04/12,0,104000,-27000,77000
2007/04/13,0,0,-83000,-83000
2007/04/16,0,0,-52000,-52000
2007/04/17,0,6000,-162000,-156000
2007/04/18,0,0,-793,-793
2007/04/19,0,10000,-207000,-197000
2007/04/20,0,6000,-451000,-445000
2007/04/23,0,10000,-737000,-727000
2007/04/24,0,40000,-430000,-390000
2007/04/25,0,0,-35200,-35200
2007/04/26,0,3000,-192200,-189200
2007/04/27,0,0,-94000,-94000
2007/04/30,0,40000,0,40000
2007/05/01,0,0,0,0
2007/05/02,0,781000,0,781000
2007/05/03,0,1462000,-30000,1432000
2007/05/04,0,102000,-57000,45000
2007/05/07,0,92000,0,92000
2007/05/08,0,100000,-121000,-21000
2007/05/09,0,193000,-251000,-58000
2007/05/10,0,11000,-161600,-150600
2007/05/11,0,11000,-69000,-58000
2007/05/14,0,610000,-57000,553000
2007/05/15,0,316000,-132000,184000
2007/05/16,0,63000,-51000,12000
2007/05/17,0,412000,-63000,349000
2007/05/18,0,110000,-76000,34000
2007/05/21,0,896000,-26000,870000
2007/05/22,0,697000,-70000,627000
2007/05/23,0,338000,-118000,220000
2007/05/24,0,266000,-58000,208000
2007/05/25,0,278000,-118000,160000
2007/05/28,0,70000,0,70000
2007/05/29,0,280000,-31000,249000
2007/05/30,0,115000,-200000,-85000
2007/05/31,0,10000,-137000,-127000
2007/06/01,0,110000,-55000,55000
2007/06/04,0,111000,-118000,-7000
2007/06/05,0,0,-29000,-29000
2007/06/06,0,900000,-105000,795000
2007/06/07,0,372000,-45000,327000
2007/06/08,0,62000,-50000,12000
2007/06/11,0,121000,-25000,96000
2007/06/12,0,97000,-10000,87000
2007/06/13,0,337000,-81000,256000
2007/06/14,0,245000,-170000,75000
2007/06/15,0,493000,-43000,450000
2007/06/18,0,0,0,0
2007/06/19,0,0,0,0
2007/06/20,0,0,-972000,-972000
2007/06/21,0,30000,-402000,-372000
2007/06/22,0,70000,-479200,-409200
2007/06/25,0,84000,-1289000,-1205000
2007/06/26,0,10000,-485000,-475000
2007/06/27,0,30000,-9000,21000
2007/06/28,0,0,-239000,-239000
2007/06/29,0,512000,-244000,268000
2007/07/02,0,960000,-40000,920000
2007/07/03,0,220000,-19000,201000
2007/07/04,0,79000,-296000,-217000
2007/07/05,0,915000,-424000,491000
2007/07/06,0,916000,-361000,555000
2007/07/09,0,854000,-361000,493000
2007/07/10,0,6000,-437000,-431000
2007/07/11,0,9000,-1021600,-1012600
2007/07/12,0,0,-632800,-632800
2007/07/13,0,236000,-339000,-103000
2007/07/16,0,0,-356000,-356000
2007/07/17,0,301000,-693000,-392000
2007/07/18,0,15000,-899000,-884000
2007/07/19,0,16000,-336000,-320000
2007/07/20,0,261000,-455000,-194000
2007/07/23,0,1000,-274000,-273000
2007/07/24,0,1000,-5000,-4000
2007/07/25,0,8000,-2249980,-2241980
2007/07/26,0,28000,-214000,-186000
2007/07/27,0,239000,-218991,20009
2007/07/30,0,134000,-78000,56000
2007/07/31,0,60000,-74000,-14000
2007/08/01,0,60000,-503402,-443402
2007/08/02,0,85000,-12000,73000
2007/08/03,0,3108000,-303000,2805000
2007/08/06,0,1013000,0,1013000
2007/08/07,0,581000,-8000,573000
2007/08/08,0,101000,-51000,50000
2007/08/09,0,1854000,-10000,1844000
2007/08/10,0,12000,-67000,-55000
2007/08/13,0,333000,-72000,261000
2007/08/14,0,1061000,-31000,1030000
2007/08/15,0,157000,0,157000
2007/08/16,0,1002000,-112000,890000
2007/08/17,0,4950000,-78000,4872000
2007/08/20,0,1578000,0,1578000
2007/08/21,0,1385000,-24000,1361000
2007/08/22,0,1325000,-17000,1308000
2007/08/23,0,1066000,-27000,1039000
2007/08/24,0,787000,-22000,765000
2007/08/27,0,371000,-735000,-364000
2007/08/28,0,610000,-517000,93000
2007/08/29,0,612000,-856000,-244000
2007/08/30,0,216000,-232000,-16000
2007/08/31,0,20000,-4772000,-4752000
2007/09/03,0,207000,-1514000,-1307000
2007/09/04,0,81000,-588000,-507000
2007/09/05,0,0,-1080000,-1080000
2007/09/06,0,424000,-2688000,-2264000
2007/09/07,0,294000,-516000,-222000
2007/09/10,0,0,-344692,-344692
2007/09/11,0,9000,-308000,-299000
2007/09/12,0,352000,0,352000
2007/09/13,0,0,-1460000,-1460000
2007/09/14,0,47000,-990000,-943000
2007/09/17,0,8000,-1358000,-1350000
2007/09/18,0,0,0,0
2007/09/19,0,9000,-115000,-106000
2007/09/20,0,98000,-30000,68000
2007/09/21,0,93000,-18000,75000
2007/09/24,0,0,0,0
2007/09/25,0,0,0,0
2007/09/26,0,88000,-77000,11000
2007/09/27,0,1145000,-47000,1098000
2007/09/28,0,126000,-39000,87000
2007/10/01,0,60000,-238000,-178000
2007/10/02,0,142000,-21000,121000
2007/10/03,0,350000,-123000,227000
2007/10/04,0,985000,-91000,894000
2007/10/05,0,26000,-65000,-39000
2007/10/08,0,186000,-157000,29000
2007/10/09,0,51000,-77000,-26000
2007/10/10,0,0,0,0
2007/10/11,0,60000,0,60000
2007/10/12,0,258000,0,258000
2007/10/15,0,72000,-361000,-289000
2007/10/16,0,85000,-335000,-250000
2007/10/17,0,148000,-48000,100000
2007/10/18,0,120000,-1963000,-1843000
2007/10/19,0,10000,-5245138,-5235138
2007/10/22,0,41000,-289600,-248600
2007/10/23,0,606000,-252400,353600
2007/10/24,0,423000,-100000,323000
2007/10/25,0,533000,-1000,532000
2007/10/26,0,175000,-286200,-111200
2007/10/29,0,169000,-330200,-161200
2007/10/30,0,296000,-5000,291000
2007/10/31,0,197000,-1190000,-993000
2007/11/01,0,186000,-683000,-497000
2007/11/02,0,316000,-1493160,-1177160
2007/11/05,0,933000,-26000,907000
2007/11/06,0,41000,-270000,-229000
2007/11/07,0,103000,-625600,-522600
2007/11/08,0,7000,-961600,-954600
2007/11/09,0,170000,-974000,-804000
2007/11/12,0,260000,-390400,-130400
2007/11/13,0,414000,-1229272,-815272
2007/11/14,0,474000,-20000,454000
2007/11/15,0,0,-243000,-243000
2007/11/16,0,184000,-115000,69000
2007/11/19,0,568000,-737000,-169000
2007/11/20,0,404000,-439480,-35480
2007/11/21,0,323000,-41000,282000
2007/11/22,0,5000,-44000,-39000
2007/11/23,0,215000,-95000,120000
2007/11/26,0,565000,-50000,515000
2007/11/27,0,25000,-322000,-297000
2007/11/28,0,51000,-20000,31000
2007/11/29,0,197000,0,197000
2007/11/30,0,338000,-50000,288000
2007/12/03,0,241000,-61000,180000
2007/12/04,0,0,-153000,-153000
2007/12/05,0,206000,-100000,106000
2007/12/06,0,1022000,-49000,973000
2007/12/07,0,537000,0,537000
2007/12/10,0,76000,-117000,-41000
2007/12/11,0,1343000,-153200,1189800
2007/12/12,0,0,-279000,-279000
2007/12/13,0,92000,-273000,-181000
2007/12/14,0,253000,-249000,4000
2007/12/17,0,200000,-26000,174000
2007/12/18,0,837000,-200000,637000
2007/12/19,0,3791400,-452160,3339240
2007/12/20,0,516000,-166800,349200
2007/12/21,0,334000,-143000,191000
2007/12/24,0,458000,-23000,435000
2007/12/25,0,189000,-6000,183000
2007/12/26,0,40000,-398000,-358000
2007/12/27,0,248000,-324800,-76800
2007/12/28,0,10000,-31000,-21000
2007/12/31,0,0,-85000,-85000
2008/01/01,0,0,0,0
2008/01/02,0,0,-129740,-129740
2008/01/03,0,339000,-3192000,-2853000
2008/01/04,0,1327000,-1312600,14400
2008/01/07,0,63000,-4608120,-4545120
2008/01/08,0,28000,-782000,-754000
2008/01/09,0,350000,-509000,-159000
2008/01/10,0,862000,-238401,623599
2008/01/11,0,74000,-325000,-251000
2008/01/14,0,941000,-801000,140000
2008/01/15,0,667000,-250000,417000
2008/01/16,0,14000,-1193000,-1179000
2008/01/17,0,194000,-140000,54000
2008/01/18,0,213000,-68000,145000
2008/01/21,0,76000,-40000,36000
2008/01/22,0,100000,-847400,-747400
2008/01/23,0,136000,-1229800,-1093800
2008/01/24,0,43000,-115844,-72844
2008/01/25,0,42000,-130000,-88000
2008/01/28,0,22000,-66280,-44280
2008/01/29,0,25000,0,25000
2008/01/30,0,29000,-407000,-378000
2008/01/31,0,95000,-698400,-603400
2008/02/01,0,1059000,0,1059000
2008/02/04,0,0,0,0
2008/02/05,0,0,0,0
2008/02/06,0,0,0,0
2008/02/07,0,0,0,0
2008/02/08,0,0,0,0
2008/02/11,0,0,0,0
2008/02/12,0,200000,-45000,155000
2008/02/13,0,4000,-117000,-113000
2008/02/14,0,50000,-10000,40000
2008/02/15,0,24000,-160000,-136000
2008/02/18,0,95000,-71000,24000
2008/02/19,0,130000,-48000,82000
2008/02/20,0,141488,-22000,119488
2008/02/21,0,477000,-15000,462000
2008/02/22,0,1040000,-114000,926000
2008/02/25,0,1515000,-5200,1509800
2008/02/26,0,312000,-8000,304000
2008/02/27,0,148000,-115000,33000
2008/02/28,0,0,0,0
2008/02/29,0,222000,-872000,-650000
2008/03/03,0,1000,-654000,-653000
2008/03/04,0,20000,-327000,-307000
2008/03/05,0,14000,-581000,-567000
2008/03/06,0,81000,-49000,32000
2008/03/07,0,287000,-21000,266000
2008/03/10,0,9000,-762000,-753000
2008/03/11,0,27000,-317000,-290000
2008/03/12,0,376000,-90000,286000
2008/03/13,0,44000,-76000,-32000
2008/03/14,0,24000,-306000,-282000
2008/03/17,0,37000,-829000,-792000
2008/03/18,0,7000,-271000,-264000
2008/03/19,0,30000,-236000,-206000
2008/03/20,0,76000,0,76000
2008/03/21,0,616000,-50000,566000
2008/03/24,0,1182000,-82000,1100000
2008/03/25,0,441000,-43000,398000
2008/03/26,0,169000,-132000,37000
2008/03/27,0,25000,-596000,-571000
2008/03/28,0,28000,-35000,-7000
2008/03/31,0,16000,-138000,-122000
2008/04/01,0,5000,-382000,-377000
2008/04/02,0,170000,-168000,2000
2008/04/03,0,97000,0,97000
2008/04/04,0,0,0,0
2008/04/07,0,757000,-63000,694000
2008/04/08,0,1391000,-66000,1325000
2008/04/09,0,200000,-180000,20000
2008/04/10,0,376000,0,376000
2008/04/11,0,1563000,-185000,1378000
2008/04/14,0,151000,-8000,143000
2008/04/15,0,187000,-317000,-130000
2008/04/16,0,1087000,-192000,895000
2008/04/17,0,728000,-69000,659000
2008/04/18,0,159000,-150000,9000
2008/04/21,0,1205000,0,1205000
2008/04/22,0,345000,-427000,-82000
2008/04/23,0,978000,-369000,609000
2008/04/24,0,608000,-1197320,-589320
2008/04/25,0,87000,-200000,-113000
2008/04/28,0,167000,-339000,-172000
2008/04/29,0,376000,-1255200,-879200
2008/04/30,0,259000,-300000,-41000
2008/05/01,0,0,0,0
2008/05/02,0,517000,-578000,-61000
2008/05/05,0,296000,-802000,-506000
2008/05/06,0,1602000,-250000,1352000
2008/05/07,0,1048000,0,1048000
2008/05/08,0,917000,-18000,899000
2008/05/09,0,16000,0,16000
2008/05/12,0,571000,-82000,489000
2008/05/13,0,1979000,-173000,1806000
2008/05/14,0,3519000,0,3519000
2008/05/15,0,1530000,0,1530000
2008/05/16,0,1204000,-31000,1173000
2008/05/19,0,827000,-56000,771000
2008/05/20,0,322000,-317000,5000
2008/05/21,0,855000,-638000,217000
2008/05/22,0,1084000,0,1084000
2008/05/23,0,937000,-24000,913000
2008/05/26,0,53000,0,53000
2008/05/27,0,38000,-31000,7000
2008/05/28,0,590000,-1100000,-510000
2008/05/29,0,567000,-51000,516000
2008/05/30,0,1512000,-2156000,-644000
2008/06/02,0,4037000,-20000,4017000
2008/06/03,0,1205000,-441000,764000
2008/06/04,0,1076000,-140000,936000
2008/06/05,0,553000,-36000,517000
2008/06/06,0,488000,0,488000
2008/06/09,0,79000,-1300000,-1221000
2008/06/10,0,1338000,-100000,1238000
2008/06/11,0,526000,-115000,411000
2008/06/12,0,1310000,-191000,1119000
2008/06/13,0,954000,-87000,867000
2008/06/16,0,159000,-73000,86000
2008/06/17,0,118000,-291000,-173000
2008/06/18,0,370000,-540000,-170000
2008/06/19,0,150000,-313000,-163000
2008/06/20,0,479000,-23000,456000
2008/06/23,0,172000,-186000,-14000
2008/06/24,0,202000,-387000,-185000
2008/06/25,0,156000,-822000,-666000
2008/06/26,0,19000,-95000,-76000
2008/06/27,0,63000,-570000,-507000
2008/06/30,0,1920000,-218000,1702000
2008/07/01,0,245000,-539000,-294000
2008/07/02,0,1182000,-5000,1177000
2008/07/03,0,77000,-145000,-68000
2008/07/04,0,566000,-13000,553000
2008/07/07,0,33000,-153000,-120000
2008/07/08,0,27000,0,27000
2008/07/09,0,916000,-1054000,-138000
2008/07/10,0,1588000,-2912000,-1324000
2008/07/11,0,4128000,-40000,4088000
2008/07/14,0,1409000,-169000,1240000
2008/07/15,0,742000,-230000,512000
2008/07/16,0,530000,-2320,527680
2008/07/17,0,1628000,-2000,1626000
2008/07/18,0,2542000,-137000,2405000
2008/07/21,0,1135000,-103000,1032000
2008/07/22,0,312000,-196000,116000
2008/07/23,0,683000,-76951,606049
2008/07/24,0,1467000,-141000,1326000
2008/07/25,0,294000,-340000,-46000
2008/07/28,0,0,0,0
2008/07/29,0,282000,-37000,245000
2008/07/30,0,577000,-20000,557000
2008/07/31,0,617000,0,617000
2008/08/01,0,148000,-33000,115000
2008/08/04,0,1007000,-72000,935000
2008/08/05,0,575000,-1213000,-638000
2008/08/06,0,1214000,0,1214000
2008/08/07,0,1911000,-7000,1904000
2008/08/08,0,288000,-534000,-246000
2008/08/11,0,2529000,-622000,1907000
2008/08/12,0,697000,-415000,282000
2008/08/13,0,622000,-577000,45000
2008/08/14,0,35000,-191000,-156000
2008/08/15,0,391000,-1400000,-1009000
2008/08/18,0,778000,-999000,-221000
2008/08/19,0,1158000,-636000,522000
2008/08/20,0,2258000,-22000,2236000
2008/08/21,0,1481000,-238000,1243000
2008/08/22,0,48000,-150000,-102000
2008/08/25,0,801000,-608000,193000
2008/08/26,0,745000,-163000,582000
2008/08/27,0,719000,-200000,519000
2008/08/28,0,976000,-3324000,-2348000
2008/08/29,0,421000,-477000,-56000
2008/09/01,0,18000,-909000,-891000
2008/09/02,0,520000,-1746000,-1226000
2008/09/03,0,2935000,-1017000,1918000
2008/09/04,0,1023000,-13000,1010000
2008/09/05,0,1616000,0,1616000
2008/09/08,0,158000,-61000,97000
2008/09/09,0,314000,-369000,-55000
2008/09/10,0,725000,-230000,495000
2008/09/11,0,233000,-820000,-587000
2008/09/12,0,495000,-20000,475000
2008/09/15,0,1001000,-70000,931000
2008/09/16,0,713000,-20000,693000
2008/09/17,0,2157000,-930000,1227000
2008/09/18,0,1239000,-840000,399000
2008/09/19,0,968000,-135000,833000
2008/09/22,0,1029000,-48000,981000
2008/09/23,0,614000,-22000,592000
2008/09/24,0,90000,-1006000,-916000
2008/09/25,0,482000,-282000,200000
2008/09/26,0,297000,-264000,33000
2008/09/29,0,0,0,0
2008/09/30,0,69000,-1024000,-955000
2008/10/01,0,120000,-293000,-173000
2008/10/02,0,388000,-5221800,-4833800
2008/10/03,0,199000,-3366000,-3167000
2008/10/06,0,83000,-1783000,-1700000
2008/10/07,0,541000,-1526000,-985000
2008/10/08,0,316000,-1876000,-1560000
2008/10/09,0,1169000,-275000,894000
2008/10/10,0,0,0,0
2008/10/13,0,81000,-794000,-713000
2008/10/14,0,2994000,-202000,2792000
2008/10/15,0,396000,-2644000,-2248000
2008/10/16,0,30000,-300000,-270000
2008/10/17,0,25000,-927000,-902000
2008/10/20,0,78000,-864000,-786000
2008/10/21,0,95000,-3076000,-2981000
2008/10/22,0,370000,-4253000,-3883000
2008/10/23,0,25000,-77000,-52000
2008/10/24,0,312000,-179000,133000
2008/10/27,0,10000,-966000,-956000
2008/10/28,0,112000,-5451000,-5339000
2008/10/29,0,5712000,-1078680,4633320
2008/10/30,0,499000,-328000,171000
2008/10/31,0,1686000,-541000,1145000
2008/11/03,0,844000,-381000,463000
2008/11/04,0,760000,-571000,189000
2008/11/05,0,399000,-2025000,-1626000
2008/11/06,0,12000,-2586000,-2574000
2008/11/07,0,310000,-4187000,-3877000
2008/11/10,0,393000,-2179000,-1786000
2008/11/11,0,831000,-1024000,-193000
2008/11/12,0,238000,-146000,92000
2008/11/13,0,11000,-925000,-914000
2008/11/14,0,303000,-451300,-148300
2008/11/17,0,209000,-4751352,-4542352
2008/11/18,0,1109000,-1653000,-544000
2008/11/19,0,1716000,-3498850,-1782850
2008/11/20,0,4153000,-4818200,-665200
2008/11/21,0,5278000,-1160800,4117200
2008/11/24,0,1828000,-180000,1648000
2008/11/25,0,1773000,-330773,1442227
2008/11/26,0,618000,-450000,168000
2008/11/27,0,1449000,-300000,1149000
2008/11/28,0,3280000,-518000,2762000
2008/12/01,0,2375000,-3498777,-1123777
2008/12/02,0,315000,-368500,-53500
2008/12/03,0,105000,-2684250,-2579250
2008/12/04,0,1394000,-515000,879000
2008/12/05,0,1345000,-1000,1344000
2008/12/08,0,680000,-309500,370500
2008/12/09,0,6981000,-300000,6681000
2008/12/10,0,1811000,-14000,1797000
2008/12/11,0,1186000,-180000,1006000
2008/12/12,0,1117000,-2327750,-1210750
2008/12/15,0,274000,-4304000,-4030000
2008/12/16,0,564000,-351400,212600
2008/12/17,0,374000,-240000,134000
2008/12/18,0,1035000,-545400,489600
2008/12/19,0,3301000,-977000,2324000
2008/12/22,0,873000,-6395470,-5522470
2008/12/23,0,460000,-933600,-473600
2008/12/24,0,2149000,-265000,1884000
2008/12/25,0,138000,-461000,-323000
2008/12/26,0,3000,-1084000,-1081000
2008/12/29,0,181000,-330000,-149000
2008/12/30,0,871000,-525500,345500
2008/12/31,0,992000,-507000,485000
2009/01/01,0,0,0,0
2009/01/02,0,0,0,0
2009/01/05,0,530000,-159000,371000
2009/01/06,0,1604000,-374900,1229100
2009/01/07,0,4250000,-200120,4049880
2009/01/08,0,295000,0,295000
2009/01/09,0,12000,-1376400,-1364400
2009/01/12,0,70000,-1476500,-1406500
2009/01/13,0,813000,-487600,325400
2009/01/14,0,1804000,-281000,1523000
2009/01/15,0,98000,-2191950,-2093950
2009/01/16,0,1118000,-34000,1084000
2009/01/19,0,233000,-1688870,-1455870
2009/01/20,0,87000,-1000,86000
2009/01/21,0,17000,-2309350,-2292350
2009/01/22,0,0,0,0
2009/01/23,0,0,0,0
2009/01/26,0,0,0,0
2009/01/27,0,0,0,0
2009/01/28,0,0,0,0
2009/01/29,0,0,0,0
2009/01/30,0,0,0,0
2009/02/02,0,270000,-60000,210000
2009/02/03,0,1458000,-35000,1423000
2009/02/04,0,191000,-1389000,-1198000
2009/02/05,0,21000,-3717500,-3696500
2009/02/06,0,410000,-1136000,-726000
2009/02/09,0,10000,-23000,-13000
2009/02/10,0,234000,-464500,-230500
2009/02/11,0,82000,-1561028,-1479028
2009/02/12,0,675000,-124000,551000
2009/02/13,0,130000,-961000,-831000
2009/02/16,0,453000,-173000,280000
2009/02/17,0,697000,0,697000
2009/02/18,0,765000,-376000,389000
2009/02/19,0,3148000,0,3148000
2009/02/20,0,1498000,-415000,1083000
2009/02/23,0,3440000,0,3440000
2009/02/24,0,1033000,0,1033000
2009/02/25,0,4902000,0,4902000
2009/02/26,0,2587000,-27000,2560000
2009/02/27,0,2538000,0,2538000
2009/03/02,0,4177000,-4000,4173000
2009/03/03,0,625000,-80000,545000
2009/03/04,0,1241000,-203000,1038000
2009/03/05,0,2704000,-100000,2604000
2009/03/06,0,98000,-325000,-227000
2009/03/09,0,19000,-5418000,-5399000
2009/03/10,0,707000,-7643300,-6936300
2009/03/11,0,552000,-3666000,-3114000
2009/03/12,0,457000,-458000,-1000
2009/03/13,0,728000,-972000,-244000
2009/03/16,0,1435000,-710500,724500
2009/03/17,0,597000,-829000,-232000
2009/03/18,0,610000,-231000,379000
2009/03/19,0,100000,-693000,-593000
2009/03/20,0,839000,-1895000,-1056000
2009/03/23,0,20000,-797750,-777750
2009/03/24,0,3015000,-815000,2200000
2009/03/25,0,450000,-68000,382000
2009/03/26,0,787000,-407000,380000
2009/03/27,0,635000,-100000,535000
2009/03/30,0,166000,-1149450,-983450
2009/03/31,0,130000,-582050,-452050
2009/04/01,0,548000,-3265000,-2717000
2009/04/02,0,7000,-3815000,-3808000
2009/04/03,0,0,-3181000,-3181000
2009/04/06,0,0,-142000,-142000
2009/04/07,0,12000,-650000,-638000
2009/04/08,0,0,-436000,-436000
2009/04/09,0,150000,-302000,-152000
2009/04/10,0,964000,-1091788,-127788
2009/04/13,0,2396000,-518000,1878000
2009/04/14,0,2856000,-158000,2698000
2009/04/15,0,1715000,-543000,1172000
2009/04/16,0,101000,-145000,-44000
2009/04/17,0,1859000,-281000,1578000
2009/04/20,0,1427000,-1550000,-123000
2009/04/21,0,1981000,-155000,1826000
2009/04/22,0,6000,-802000,-796000
2009/04/23,0,3000,-1647676,-1644676
2009/04/24,0,306000,-196000,110000
2009/04/27,0,82000,-3028000,-2946000
2009/04/28,0,204000,-2022000,-1818000
2009/04/29,0,202000,-569000,-367000
2009/04/30,0,1635000,-59000,1576000
2009/05/01,0,0,0,0
2009/05/04,0,360000,-14000,346000
2009/05/05,0,272000,-9000,263000
2009/05/06,0,1231000,-790100,440900
2009/05/07,0,537000,-178000,359000
2009/05/08,0,1003000,-1360000,-357000
2009/05/11,0,44000,-246000,-202000
2009/05/12,0,1757000,-3370000,-1613000
2009/05/13,0,425000,-2693000,-2268000
2009/05/14,0,410000,-988000,-578000
2009/05/15,0,426000,-1164000,-738000
2009/05/18,0,393000,-902000,-509000
2009/05/19,0,2505000,-246000,2259000
2009/05/20,0,299000,-100000,199000
2009/05/21,0,42000,-97968,-55968
2009/05/22,0,1460000,-1446000,14000
2009/05/25,0,474000,-763000,-289000
2009/05/26,0,777000,-773000,4000
2009/05/27,0,1934000,-73000,1861000
2009/05/28,0,0,0,0
2009/05/29,0,0,0,0
2009/06/01,0,828000,-891000,-63000
2009/06/02,0,233000,-959000,-726000
2009/06/03,0,142000,-1457000,-1315000
2009/06/04,0,0,-1708000,-1708000
2009/06/05,0,0,-3730000,-3730000
2009/06/08,0,22000,-1854000,-1832000
2009/06/09,0,238000,-1103000,-865000
2009/06/10,0,23000,-242000,-219000
2009/06/11,0,441000,-325000,116000
2009/06/12,0,0,-458000,-458000
2009/06/15,0,153000,-279000,-126000
2009/06/16,0,325000,-205000,120000
2009/06/17,0,95000,-155000,-60000
2009/06/18,0,58000,-203000,-145000
2009/06/19,0,160000,-499500,-339500
2009/06/22,0,1412000,-445000,967000
2009/06/23,0,429000,-339000,90000
2009/06/24,0,7000,-1763000,-1756000
2009/06/25,0,240000,-572000,-332000
2009/06/26,0,143000,-68000,75000
2009/06/29,0,22000,0,22000
2009/06/30,0,0,-65000,-65000
2009/07/01,0,70000,-130000,-60000
2009/07/02,0,1034000,-111000,923000
2009/07/03,0,159000,-1579000,-1420000
2009/07/06,0,909000,-979000,-70000
2009/07/07,0,30000,-282000,-252000
2009/07/08,0,0,-232000,-232000
2009/07/09,0,400000,-100000,300000
2009/07/10,0,94000,-571000,-477000
2009/07/13,0,502000,-53000,449000
2009/07/14,0,3190000,-95000,3095000
2009/07/15,0,2739000,0,2739000
2009/07/16,0,1032000,-412000,620000
2009/07/17,0,1165000,-35000,1130000
2009/07/20,0,1077000,-571000,506000
2009/07/21,0,2200000,-2361000,-161000
2009/07/22,0,300000,-748000,-448000
2009/07/23,0,385000,-445000,-60000
2009/07/24,0,269000,-1431800,-1162800
2009/07/27,0,100000,-835650,-735650
2009/07/28,0,100000,-686525,-586525
2009/07/29,0,412000,-806500,-394500
2009/07/30,0,0,-1217600,-1217600
2009/07/31,0,101000,-1096000,-995000
2009/08/03,0,1000000,-391200,608800
2009/08/04,0,345000,-685225,-340225
2009/08/05,0,252000,-161000,91000
2009/08/06,0,0,-2294000,-2294000
2009/08/07,0,0,0,0
2009/08/10,0,64000,-294000,-230000
2009/08/11,0,191000,-1560250,-1369250
2009/08/12,0,35000,-537730,-502730
2009/08/13,0,609000,-164000,445000
2009/08/14,0,22000,-484000,-462000
2009/08/17,0,60000,-1029100,-969100
2009/08/18,0,12000,-589000,-577000
2009/08/19,0,72000,-333315,-261315
2009/08/20,0,18000,-553000,-535000
2009/08/21,0,1528000,-243000,1285000
2009/08/24,0,74000,-1000000,-926000
2009/08/25,0,23000,-41000,-18000
2009/08/26,0,0,-75000,-75000
2009/08/27,0,2758000,-69110,2688890
2009/08/28,0,8000,0,8000
2009/08/31,0,263000,-43000,220000
2009/09/01,0,2488000,-182190,2305810
2009/09/02,0,2462000,0,2462000
2009/09/03,0,468000,-113000,355000
2009/09/04,0,185000,-15000,170000
2009/09/07,0,622000,-13000,609000
2009/09/08,0,1343000,-74000,1269000
2009/09/09,0,1149000,-252000,897000
2009/09/10,0,855000,0,855000
2009/09/11,0,70000,-505450,-435450
2009/09/14,0,114000,-146000,-32000
2009/09/15,0,857000,0,857000
2009/09/16,0,121000,0,121000
2009/09/17,0,407000,0,407000
2009/09/18,0,96000,-495000,-399000
2009/09/21,0,0,-589000,-589000
2009/09/22,0,283000,-1036000,-753000
2009/09/23,0,177000,-9000,168000
2009/09/24,0,157000,-275000,-118000
2009/09/25,0,85000,-465000,-380000
2009/09/28,0,67000,0,67000
2009/09/29,0,462000,-225000,237000
2009/09/30,0,248000,0,248000
2009/10/01,0,0,-685000,-685000
2009/10/02,0,84000,-2288450,-2204450
2009/10/05,0,0,-1721500,-1721500
2009/10/06,0,0,-1432000,-1432000
2009/10/07,0,0,-169000,-169000
2009/10/08,0,19000,-61000,-42000
2009/10/09,0,77000,-666000,-589000
2009/10/12,0,155000,-980500,-825500
2009/10/13,0,13000,-128000,-115000
2009/10/14,0,10000,-262500,-252500
2009/10/15,0,153000,-353000,-200000
2009/10/16,0,73000,-8000,65000
2009/10/19,0,170000,-139000,31000
2009/10/20,0,1376000,-367000,1009000
2009/10/21,0,360000,-465000,-105000
2009/10/22,0,59000,-450000,-391000
2009/10/23,0,978000,-66000,912000
2009/10/26,0,79000,0,79000
2009/10/27,0,706000,-297000,409000
2009/10/28,0,430000,-17000,413000
2009/10/29,0,55000,-198000,-143000
2009/10/30,0,380000,0,380000
2009/11/02,0,60000,-7000,53000
2009/11/03,0,59000,-281000,-222000
2009/11/04,0,36000,-140000,-104000
2009/11/05,0,13000,-174000,-161000
2009/11/06,0,13000,-1000,12000
2009/11/09,0,20000,-68000,-48000
2009/11/10,0,5000,-410450,-405450
2009/11/11,0,0,-1901700,-1901700
2009/11/12,0,0,-2145500,-2145500
2009/11/13,0,75000,-26000,49000
2009/11/16,0,628000,-1950,626050
2009/11/17,0,60000,0,60000
2009/11/18,0,60000,-683250,-623250
2009/11/19,0,30000,-114750,-84750
2009/11/20,0,0,-313000,-313000
2009/11/23,0,0,-207000,-207000
2009/11/24,0,270000,-60000,210000
2009/11/25,0,15000,-75000,-60000
2009/11/26,0,0,-106000,-106000
2009/11/27,0,32000,-35000,-3000
2009/11/30,0,13000,-9000,4000
2009/12/01,0,0,-440000,-440000
2009/12/02,0,40000,-719500,-679500
2009/12/03,0,0,-874000,-874000
2009/12/04,0,0,-542000,-542000
2009/12/07,0,0,-72000,-72000
2009/12/08,0,0,-516000,-516000
2009/12/09,0,50000,-152000,-102000
2009/12/10,0,50000,-1554000,-1504000
2009/12/11,0,10000,-986000,-976000
2009/12/14,0,5000,-854000,-849000
2009/12/15,0,0,-725100,-725100
2009/12/16,0,0,-329000,-329000
2009/12/17,0,122000,-17000,105000
2009/12/18,0,0,-1114000,-1114000
2009/12/21,0,6000,-866500,-860500
2009/12/22,0,114000,-297000,-183000
2009/12/23,0,324000,-298000,26000
2009/12/24,0,1946000,-500000,1446000
2009/12/25,0,0,-16000,-16000
2009/12/28,0,102000,-158000,-56000
2009/12/29,0,38000,-80575,-42575
2009/12/30,0,123000,-353000,-230000
2009/12/31,0,4000,-252000,-248000
2010/01/01,0,0,0,0
2010/01/04,0,123000,-3000,120000
2010/01/05,0,261000,-157000,104000
2010/01/06,0,1010000,-218000,792000
2010/01/07,0,217000,-86000,131000
2010/01/08,0,180000,-96000,84000
2010/01/11,0,100000,-279000,-179000
2010/01/12,0,0,-83000,-83000
2010/01/13,0,0,-536000,-536000
2010/01/14,0,0,-219000,-219000
2010/01/15,0,0,-363000,-363000
2010/01/18,0,39000,-119000,-80000
2010/01/19,0,19000,-424000,-405000
2010/01/20,0,20000,-63000,-43000
2010/01/21,0,110000,-59000,51000
2010/01/22,0,60000,0,60000
2010/01/25,0,18000,-324000,-306000
2010/01/26,0,35000,-333000,-298000
2010/01/27,0,39000,-100000,-61000
2010/01/28,0,1512000,-123000,1389000
2010/01/29,0,382000,0,382000
2010/02/01,0,71000,-31000,40000
2010/02/02,0,408000,-73000,335000
2010/02/03,0,453000,-126000,327000
2010/02/04,0,10000,-282000,-272000
2010/02/05,0,70000,-177000,-107000
2010/02/08,0,360000,0,360000
2010/02/09,0,728000,-5000,723000
2010/02/10,0,343000,0,343000
2010/02/11,0,0,0,0
2010/02/12,0,0,0,0
2010/02/15,0,0,0,0
2010/02/16,0,0,0,0
2010/02/17,0,0,0,0
2010/02/18,0,0,0,0
2010/02/19,0,0,0,0
2010/02/22,0,12000,0,12000
2010/02/23,0,35000,-808763,-773763
2010/02/24,0,47000,-71000,-24000
2010/02/25,0,389000,-421000,-32000
2010/02/26,0,1835000,-538900,1296100
2010/03/01,0,208000,-100000,108000
2010/03/02,0,406000,-130000,276000
2010/03/03,0,369000,-1281000,-912000
2010/03/04,0,482000,-30000,452000
2010/03/05,0,0,-241000,-241000
2010/03/08,0,211000,-400000,-189000
2010/03/09,0,317000,0,317000
2010/03/10,0,163000,-11000,152000
2010/03/11,0,201000,-709000,-508000
2010/03/12,0,388000,-35000,353000
2010/03/15,0,0,-210242,-210242
2010/03/16,0,476000,-10000,466000
2010/03/17,0,215000,-891150,-676150
2010/03/18,0,377000,-852000,-475000
2010/03/19,0,568000,-460000,108000
2010/03/22,0,34000,-360000,-326000
2010/03/23,0,4000,-276000,-272000
2010/03/24,0,0,-842023,-842023
2010/03/25,0,0,-664000,-664000
2010/03/26,0,0,-893000,-893000
2010/03/29,0,11000,-822000,-811000
2010/03/30,0,0,-295000,-295000
2010/03/31,0,0,-11000,-11000
2010/04/01,0,241000,-169000,72000
2010/04/02,0,100000,-17000,83000
2010/04/05,0,0,0,0
2010/04/06,0,192000,-7900,184100
2010/04/07,0,213000,-30000,183000
2010/04/08,0,0,0,0
2010/04/09,0,159000,-33000,126000
2010/04/12,0,169000,-271000,-102000
2010/04/13,0,80000,-206000,-126000
2010/04/14,0,45000,-399000,-354000
2010/04/15,0,31000,-64000,-33000
2010/04/16,0,2000,-132000,-130000
2010/04/19,0,0,-63985,-63985
2010/04/20,0,5000,-698000,-693000
2010/04/21,0,0,-6000,-6000
2010/04/22,0,880000,0,880000
2010/04/23,0,715000,0,715000
2010/04/26,0,1150000,0,1150000
2010/04/27,0,1177000,-56000,1121000
2010/04/28,0,635000,-168000,467000
2010/04/29,0,394000,-204000,190000
2010/04/30,0,0,-115370,-115370
2010/05/03,0,460000,-60000,400000
2010/05/04,0,100000,-35000,65000
2010/05/05,0,645000,-71000,574000
2010/05/06,0,0,-119000,-119000
2010/05/07,0,766000,-2000,764000
2010/05/10,0,618000,-105000,513000
2010/05/11,0,255000,-101000,154000
2010/05/12,0,49000,0,49000
2010/05/13,0,5000,0,5000
2010/05/14,0,121000,0,121000
2010/05/17,0,0,-313000,-313000
2010/05/18,0,57000,-185000,-128000
2010/05/19,0,59000,-186000,-127000
2010/05/20,0,12000,-77000,-65000
2010/05/21,0,169000,-168000,1000
2010/05/24,0,15000,-33000,-18000
2010/05/25,0,5000,-100000,-95000
2010/05/26,0,215000,-806000,-591000
2010/05/27,0,126000,-882000,-756000
2010/05/28,0,420000,-1116200,-696200
2010/05/31,0,50000,-1465000,-1415000
2010/06/01,0,106000,-1063000,-957000
2010/06/02,0,155000,-232687,-77687
2010/06/03,0,380000,-203750,176250
2010/06/04,0,322000,-59000,263000
2010/06/07,0,0,-4683132,-4683132
2010/06/08,0,820000,-2630750,-1810750
2010/06/09,0,1897000,-1801000,96000
2010/06/10,0,276000,-2000,274000
2010/06/11,0,1380000,-355,1379645
2010/06/14,0,9000,-411000,-402000
2010/06/15,0,0,-507075,-507075
2010/06/16,0,0,0,0
2010/06/17,0,32000,-150000,-118000
2010/06/18,0,0,-230000,-230000
2010/06/21,0,0,-658700,-658700
2010/06/22,0,0,-859000,-859000
2010/06/23,0,0,-683000,-683000
2010/06/24,0,74000,-390000,-316000
2010/06/25,0,0,-421000,-421000
2010/06/28,0,238000,0,238000
2010/06/29,0,247000,-196000,51000
2010/06/30,0,0,-822000,-822000
2010/07/01,0,0,-1633000,-1633000
2010/07/02,0,11000,-2534320,-2523320
2010/07/05,0,607000,-443000,164000
2010/07/06,0,35000,-1917525,-1882525
2010/07/07,0,0,-637000,-637000
2010/07/08,0,219000,-35000,184000
2010/07/09,0,326000,-200500,125500
2010/07/12,0,60000,-583000,-523000
2010/07/13,0,101000,-230000,-129000
2010/07/14,0,0,-1331050,-1331050
2010/07/15,0,0,-28000,-28000
2010/07/16,0,0,-2580000,-2580000
2010/07/19,0,3000,-284550,-281550
2010/07/20,0,23000,-20000,3000
2010/07/21,0,139000,-309000,-170000
2010/07/22,0,35000,-259000,-224000
2010/07/23,0,1057000,0,1057000
2010/07/26,0,125000,-230919,-105919
2010/07/27,0,82000,-468000,-386000
2010/07/28,0,0,-76000,-76000
2010/07/29,0,100000,-406000,-306000
2010/07/30,0,0,-140000,-140000
2010/08/02,0,287000,-94000,193000
2010/08/03,0,766000,-135000,631000
2010/08/04,0,417000,-125000,292000
2010/08/05,0,162000,-292000,-130000
2010/08/06,0,0,-14000,-14000
2010/08/09,0,87000,0,87000
2010/08/10,0,124000,-400000,-276000
2010/08/11,0,149000,-452000,-303000
2010/08/12,0,662000,-159000,503000
2010/08/13,0,26000,-493000,-467000
2010/08/16,0,5000,-468000,-463000
2010/08/17,0,6000,-435800,-429800
2010/08/18,0,0,-12000,-12000
2010/08/19,0,2000,-214000,-212000
2010/08/20,0,75000,-60000,15000
2010/08/23,0,85000,0,85000
2010/08/24,0,20000,-312031,-292031
2010/08/25,0,742000,-110000,632000
2010/08/26,0,661000,-376003,284997
2010/08/27,0,5000,-1150000,-1145000
2010/08/30,0,16000,-105495,-89495
2010/08/31,0,0,-3315000,-3315000
2010/09/01,0,1206000,-2723000,-1517000
2010/09/02,0,8000,-295000,-287000
2010/09/03,0,124000,-56000,68000
2010/09/06,0,0,-2068000,-2068000
2010/09/07,0,384000,-626000,-242000
2010/09/08,0,70000,-332000,-262000
2010/09/09,0,0,-294000,-294000
2010/09/10,0,87000,-1046000,-959000
2010/09/13,0,0,-1000000,-1000000
2010/09/14,0,726000,-301000,425000
2010/09/15,0,134000,-53000,81000
2010/09/16,0,0,-137750,-137750
2010/09/17,0,108000,-288000,-180000
2010/09/20,0,0,-485850,-485850
2010/09/21,0,335000,-116000,219000
2010/09/22,0,0,0,0
2010/09/23,0,555000,-8000,547000
2010/09/24,0,20000,-44000,-24000
2010/09/27,0,60000,-22000,38000
2010/09/28,0,35000,-100000,-65000
2010/09/29,0,524000,0,524000
2010/09/30,0,34000,-28000,6000
2010/10/01,0,0,-195459,-195459
2010/10/04,0,290000,-20000,270000
2010/10/05,0,0,-50000,-50000
2010/10/06,0,0,-376632,-376632
2010/10/07,0,0,-150000,-150000
2010/10/08,0,0,-7000,-7000
2010/10/11,0,0,0,0
2010/10/12,0,0,-272000,-272000
2010/10/13,0,196000,-75000,121000
2010/10/14,0,15000,-27000,-12000
2010/10/15,0,79000,0,79000
2010/10/18,0,387000,-130294,256706
2010/10/19,0,23000,-214560,-191560
2010/10/20,0,0,-59000,-59000
2010/10/21,0,105000,-785235,-680235
2010/10/22,0,2000,-534000,-532000
2010/10/25,0,537000,-317760,219240
2010/10/26,0,69000,-11622,57378
2010/10/27,0,61000,-136754,-75754
2010/10/28,0,0,-146290,-146290
2010/10/29,0,0,-17000,-17000
2010/11/01,0,32000,0,32000
2010/11/02,0,4000,-87000,-83000
2010/11/03,0,0,-35580,-35580
2010/11/04,0,0,-210000,-210000
2010/11/05,0,340000,-142000,198000
2010/11/08,0,0,-467000,-467000
2010/11/09,0,22000,-432000,-410000
2010/11/10,0,0,-47240,-47240
2010/11/11,0,13000,-73000,-60000
2010/11/12,0,0,-345000,-345000
2010/11/15,0,0,-250700,-250700
2010/11/16,0,0,-128000,-128000
2010/11/17,0,100000,0,100000
2010/11/18,0,9000,-31200,-22200
2010/11/19,0,168000,0,168000
2010/11/22,0,100000,-119000,-19000
2010/11/23,0,0,-496000,-496000
2010/11/24,0,0,0,0
2010/11/25,0,0,-378352,-378352
2010/11/26,0,0,-320000,-320000
2010/11/29,0,0,-298000,-298000
2010/11/30,0,100000,-112400,-12400
2010/12/01,0,0,-292300,-292300
2010/12/02,0,140000,-70000,70000
2010/12/03,0,0,-27000,-27000
2010/12/06,0,0,-47000,-47000
2010/12/07,0,78000,-44000,34000
2010/12/08,0,0,-629000,-629000
2010/12/09,0,0,-98000,-98000
2010/12/10,0,0,-100000,-100000
2010/12/13,0,100000,-493000,-393000
2010/12/14,0,142000,-239000,-97000
2010/12/15,0,1215000,0,1215000
2010/12/16,0,47000,-12000,35000
2010/12/17,0,220000,-19000,201000
2010/12/20,0,0,-17000,-17000
2010/12/21,0,4000,-227000,-223000
2010/12/22,0,35000,-28000,7000
2010/12/23,0,100000,0,100000
2010/12/24,0,1830000,-100000,1730000
2010/12/27,0,220000,-7000,213000
2010/12/28,0,50000,-126000,-76000
2010/12/29,0,1843000,0,1843000
2010/12/30,0,30000,-33800,-3800
2010/12/31,0,0,-400000,-400000
2011/01/03,0,0,-338000,-338000
2011/01/04,0,160000,-827000,-667000
2011/01/05,0,49000,-182000,-133000
2011/01/06,0,206000,-20000,186000
2011/01/07,0,254000,-500000,-246000
2011/01/10,0,18000,-811000,-793000
2011/01/11,0,76000,-686,75314
2011/01/12,0,428000,-180125,247875
2011/01/13,0,508000,-10000,498000
2011/01/14,0,570000,-7000,563000
2011/01/17,0,102000,-20000,82000
2011/01/18,0,7000,-228000,-221000
2011/01/19,0,230000,-398854,-168854
2011/01/20,0,80000,-28000,52000
2011/01/21,0,314000,-147680,166320
2011/01/24,0,0,0,0
2011/01/25,0,34000,0,34000
2011/01/26,0,0,-2000,-2000
2011/01/27,0,1497000,-117000,1380000
2011/01/28,0,905000,-118000,787000
2011/01/31,0,0,0,0
2011/02/01,0,0,0,0
2011/02/02,0,0,0,0
2011/02/03,0,0,0,0
2011/02/04,0,0,0,0
2011/02/07,0,0,0,0
2011/02/08,0,428000,-51000,377000
2011/02/09,0,451000,-272000,179000
2011/02/10,0,1102000,-818352,283648
2011/02/11,0,357000,-20000,337000
2011/02/14,0,16000,0,16000
2011/02/15,0,453000,-170000,283000
2011/02/16,0,119000,-300000,-181000
2011/02/17,0,30000,0,30000
2011/02/18,0,4000,-22000,-18000
2011/02/21,0,0,-286548,-286548
2011/02/22,0,230000,-995000,-765000
2011/02/23,0,53000,-2217840,-2164840
2011/02/24,0,10000,-173644,-163644
2011/02/25,0,187000,-27000,160000
2011/02/28,0,0,0,0
2011/03/01,0,443000,-129000,314000
2011/03/02,0,6000,-120000,-114000
2011/03/03,0,50000,-741320,-691320
2011/03/04,0,290000,0,290000
2011/03/07,0,134000,-103000,31000
2011/03/08,0,200000,0,200000
2011/03/09,0,25000,-47000,-22000
2011/03/10,0,18000,-50000,-32000
2011/03/11,0,22000,0,22000
2011/03/14,0,12000,-70000,-58000
2011/03/15,0,9000,-350785,-341785
2011/03/16,0,72000,-1556000,-1484000
2011/03/17,0,85000,-652000,-567000
2011/03/18,0,3000,-1649000,-1646000
2011/03/21,0,70000,-439000,-369000
2011/03/22,0,0,-1016779,-1016779
2011/03/23,0,100000,-179000,-79000
2011/03/24,0,17000,-386000,-369000
2011/03/25,0,0,0,0
2011/03/28,0,0,0,0
2011/03/29,0,7000,0,7000
2011/03/30,0,50000,-76000,-26000
2011/03/31,0,6000,-719800,-713800
2011/04/01,0,0,-171000,-171000
2011/04/04,0,0,0,0
2011/04/05,0,0,0,0
2011/04/06,0,0,-108200,-108200
2011/04/07,0,100000,-230000,-130000
2011/04/08,0,0,-723000,-723000
2011/04/11,0,0,-99000,-99000
2011/04/12,0,122000,-438000,-316000
2011/04/13,0,0,0,0
2011/04/14,0,445000,0,445000
2011/04/15,0,428000,-300000,128000
2011/04/18,0,19000,-11000,8000
2011/04/19,0,150000,-367300,-217300
2011/04/20,0,0,0,0
2011/04/21,0,75000,0,75000
2011/04/22,0,87000,-8400,78600
2011/04/25,0,76000,-9172,66828
2011/04/26,0,0,-10000,-10000
2011/04/27,0,847000,-156,846844
2011/04/28,0,19000,-230696,-211696
2011/04/29,0,20000,-230000,-210000
2011/05/02,0,0,0,0
2011/05/03,0,155000,-456000,-301000
2011/05/04,0,115000,-707000,-592000
2011/05/05,0,115000,-584000,-469000
2011/05/06,0,118000,-667000,-549000
2011/05/09,0,3000,-175000,-172000
2011/05/10,0,2144000,-47000,2097000
2011/05/11,0,533000,-70000,463000
2011/05/12,0,18000,-80000,-62000
2011/05/13,0,0,-35000,-35000
2011/05/16,0,7000,0,7000
2011/05/17,0,8000,-584000,-576000
2011/05/18,0,0,-269000,-269000
2011/05/19,0,61000,-236000,-175000
2011/05/20,0,298000,-585000,-287000
2011/05/23,0,20000,-1585000,-1565000
2011/05/24,0,21000,-393000,-372000
2011/05/25,0,20000,-561000,-541000
2011/05/26,0,7000,-110000,-103000
2011/05/27,0,34000,-15000,19000
2011/05/30,0,17000,0,17000
2011/05/31,0,13000,-472000,-459000
2011/06/01,0,22000,-149000,-127000
2011/06/02,0,9000,0,9000
2011/06/03,0,0,0,0
2011/06/06,0,0,0,0
2011/06/07,0,0,-50000,-50000
2011/06/08,0,19000,0,19000
2011/06/09,0,0,-256000,-256000
2011/06/10,0,0,0,0
2011/06/13,0,0,0,0
2011/06/14,0,15000,0,15000
2011/06/15,0,0,-58000,-58000
2011/06/16,0,4000,-312000,-308000
2011/06/17,0,31000,-352000,-321000
2011/06/20,0,14000,0,14000
2011/06/21,0,19000,-45760,-26760
2011/06/22,0,12000,0,12000
2011/06/23,0,10000,-100000,-90000
2011/06/24,0,10000,0,10000
2011/06/27,0,1006000,-9000,997000
2011/06/28,0,618000,-76000,542000
2011/06/29,0,183000,0,183000
2011/06/30,0,54000,0,54000
2011/07/01,0,2000,-304000,-302000
2011/07/04,0,523000,0,523000
2011/07/05,0,0,-40000,-40000
2011/07/06,0,0,-37000,-37000
2011/07/07,0,0,-25000,-25000
2011/07/08,0,0,-7000,-7000
2011/07/11,0,500000,-106000,394000
2011/07/12,0,8000,-24000,-16000
2011/07/13,0,566000,-230000,336000
2011/07/14,0,47000,-4000,43000
2011/07/15,0,32000,-9000,23000
2011/07/18,0,42000,-19424,22576
2011/07/19,0,13000,0,13000
2011/07/20,0,489000,-15000,474000
2011/07/21,0,238000,-11644,226356
2011/07/22,0,101000,-20000,81000
2011/07/25,0,0,-43000,-43000
2011/07/26,0,0,0,0
2011/07/27,0,15000,-17000,-2000
2011/07/28,0,45000,-612000,-567000
2011/07/29,0,0,0,0
2011/08/01,0,355000,-64000,291000
2011/08/02,0,320000,-36000,284000
2011/08/03,0,317000,-541000,-224000
2011/08/04,0,328000,0,328000
2011/08/05,0,123000,0,123000
2011/08/08,0,59000,-178000,-119000
2011/08/09,0,147000,-200000,-53000
2011/08/10,0,599000,0,599000
2011/08/11,0,123000,0,123000
2011/08/12,0,1508000,-45000,1463000
2011/08/15,0,18000,-107000,-89000
2011/08/16,0,910000,-10000,900000
2011/08/17,0,27000,-55000,-28000
2011/08/18,0,286000,-200000,86000
2011/08/19,0,334000,-297000,37000
2011/08/22,0,344000,-400000,-56000
2011/08/23,0,110000,-87400,22600
2011/08/24,0,19000,-1270000,-1251000
2011/08/25,0,19000,-976000,-957000
2011/08/26,0,124000,-1922000,-1798000
2011/08/29,0,23000,-168000,-145000
2011/08/30,0,1041000,0,1041000
2011/08/31,0,7931000,-15000,7916000
2011/09/01,0,4242000,-245560,3996440
2011/09/02,0,2909000,-19000,2890000
2011/09/05,0,2682000,-73000,2609000
2011/09/06,0,900000,-103824,796176
2011/09/07,0,1319000,0,1319000
2011/09/08,0,2019000,-83571,1935429
2011/09/09,0,1817000,0,1817000
2011/09/12,0,0,0,0
2011/09/13,0,1128000,-11445,1116555
2011/09/14,0,224000,0,224000
2011/09/15,0,1412000,0,1412000
2011/09/16,0,2746000,-1607000,1139000
2011/09/19,0,38000,-93,37907
2011/09/20,0,2117000,0,2117000
2011/09/21,0,793000,-92278,700722
2011/09/22,0,425000,-26000,399000
2011/09/23,0,618000,0,618000
2011/09/26,0,186000,-200000,-14000
2011/09/27,0,1002000,0,1002000
2011/09/28,0,333000,-137176,195824
2011/09/29,0,462000,0,462000
2011/09/30,0,781000,-338000,443000
2011/10/03,0,1697000,-249000,1448000
2011/10/04,0,582000,-2332000,-1750000
2011/10/05,0,722000,-21000,701000
2011/10/06,0,1013000,0,1013000
2011/10/07,0,3318000,0,3318000
2011/10/10,0,0,0,0
2011/10/11,0,1495000,-21000,1474000
2011/10/12,0,40000,-48000,-8000
2011/10/13,0,598000,-3266000,-2668000
2011/10/14,0,38000,-3000,35000
2011/10/17,0,2460000,-31766,2428234
2011/10/18,0,1188000,-38285,1149715
2011/10/19,0,4602000,-530000,4072000
2011/10/20,0,4970000,-20000,4950000
2011/10/21,0,1376000,0,1376000
2011/10/24,0,2610000,-3000,2607000
2011/10/25,0,9678000,-262000,9416000
2011/10/26,0,8084000,-105000,7979000
2011/10/27,0,3010000,-100000,2910000
2011/10/28,0,2100000,-80000,2020000
2011/10/31,0,1614000,-260000,1354000
2011/11/01,0,5453000,-330800,5122200
2011/11/02,0,2108000,-340000,1768000
2011/11/03,0,675000,-100000,575000
2011/11/04,0,552000,-371000,181000
2011/11/07,0,78000,-393000,-315000
2011/11/08,0,874000,-1788000,-914000
2011/11/09,0,40000,-211000,-171000
2011/11/10,0,1887000,-634000,1253000
2011/11/11,0,1924000,-605000,1319000
2011/11/14,0,1201000,-2906168,-1705168
2011/11/15,0,540000,-130000,410000
2011/11/16,0,100000,-1125000,-1025000
2011/11/17,0,496000,-1000,495000
2011/11/18,0,23000,-1755000,-1732000
2011/11/21,0,275000,-740000,-465000
2011/11/22,0,1518000,-1152000,366000
2011/11/23,0,302000,-273000,29000
2011/11/24,0,1235000,-4161000,-2926000
2011/11/25,0,1126000,0,1126000
2011/11/28,0,978000,0,978000
2011/11/29,0,854000,0,854000
2011/11/30,0,575000,-155000,420000
2011/12/01,0,1713000,-271000,1442000
2011/12/02,0,426000,0,426000
2011/12/05,0,489000,-60000,429000
2011/12/06,0,818000,-67000,751000
2011/12/07,0,310000,0,310000
2011/12/08,0,146000,-65000,81000
2011/12/09,0,632000,-79666,552334
2011/12/12,0,649000,-240000,409000
2011/12/13,0,791000,-60000,731000
2011/12/14,0,397000,-12000,385000
2011/12/15,0,540000,-77000,463000
2011/12/16,0,98000,-381000,-283000
2011/12/19,0,439000,-906000,-467000
2011/12/20,0,52000,-1154000,-1102000
2011/12/21,0,481000,-876000,-395000
2011/12/22,0,117000,-491000,-374000
2011/12/23,0,1224000,-17000,1207000
2011/12/26,0,291000,-954000,-663000
2011/12/27,0,453000,-124000,329000
2011/12/28,0,1725000,-225000,1500000
2011/12/29,0,1269000,-136000,1133000
2011/12/30,0,2013000,-207000,1806000
2012/01/02,0,401000,-897000,-496000
2012/01/03,0,651000,-600000,51000
2012/01/04,0,353000,-452000,-99000
2012/01/05,0,980000,-70377,909623
2012/01/06,0,1942500,-345000,1597500
2012/01/09,0,3214000,-8000,3206000
2012/01/10,0,1577000,-6000,1571000
2012/01/11,0,2463000,-380000,2083000
2012/01/12,0,270000,-934000,-664000
2012/01/13,0,165000,-932000,-767000
2012/01/16,0,30000,-254000,-224000
2012/01/17,0,160000,-502000,-342000
2012/01/18,0,1061000,-743000,318000
2012/01/19,0,0,0,0
2012/01/20,0,0,0,0
2012/01/23,0,0,0,0
2012/01/24,0,0,0,0
2012/01/25,0,0,0,0
2012/01/26,0,0,0,0
2012/01/27,0,0,0,0
2012/01/30,0,889000,-557000,332000
2012/01/31,0,1597000,-218000,1379000
2012/02/01,0,434000,-401000,33000
2012/02/02,0,3351000,-76000,3275000
2012/02/03,0,1954000,-2469000,-515000
2012/02/06,0,27000,-3359000,-3332000
2012/02/07,0,476000,-142000,334000
2012/02/08,0,3279000,-591000,2688000
2012/02/09,0,678193,-976000,-297807
2012/02/10,0,1114000,-270000,844000
2012/02/13,0,777000,-42000,735000
2012/02/14,0,984000,-441000,543000
2012/02/15,0,370000,-1468000,-1098000
2012/02/16,0,1663000,-100000,1563000
2012/02/17,0,291000,0,291000
2012/02/20,0,1838000,-304000,1534000
2012/02/21,0,1800000,-2806000,-1006000
2012/02/22,0,1240000,-1664000,-424000
2012/02/23,0,2665000,-12000,2653000
2012/02/24,0,1005000,-85000,920000
2012/02/27,0,0,0,0
2012/02/28,0,0,0,0
2012/02/29,0,585000,-165000,420000
2012/03/01,0,873000,-9000,864000
2012/03/02,0,15000,-95000,-80000
2012/03/05,0,1611000,-447000,1164000
2012/03/06,0,0,-307000,-307000
2012/03/07,0,250000,0,250000
2012/03/08,0,291000,-25648,265352
2012/03/09,0,270000,-214000,56000
2012/03/12,0,779000,-21000,758000
2012/03/13,0,118000,-31000,87000
2012/03/14,0,1094000,-7000,1087000
2012/03/15,0,1366000,-337000,1029000
2012/03/16,0,2105000,-428000,1677000
2012/03/19,0,508500,-70000,438500
2012/03/20,0,380000,-14000,366000
2012/03/21,0,336000,0,336000
2012/03/22,0,893000,-92000,801000
2012/03/23,0,1115000,-129000,986000
2012/03/26,0,2310000,-62000,2248000
2012/03/27,0,559000,-34000,525000
2012/03/28,0,4077000,-525000,3552000
2012/03/29,0,644000,-210000,434000
2012/03/30,0,398000,-253000,145000
2012/04/02,0,1039000,-85000,954000
2012/04/03,0,396000,0,396000
2012/04/04,0,0,0,0
2012/04/05,0,590000,-5918,584082
2012/04/06,0,236000,-1200000,-964000
2012/04/09,0,560000,-282000,278000
2012/04/10,0,180000,-1000000,-820000
2012/04/11,0,1924000,-31000,1893000
2012/04/12,0,1458000,-581000,877000
2012/04/13,0,482000,-30000,452000
2012/04/16,0,160000,-30000,130000
2012/04/17,0,115000,-1732000,-1617000
2012/04/18,0,70000,-749000,-679000
2012/04/19,0,52000,-1128000,-1076000
2012/04/20,0,280000,-2400000,-2120000
2012/04/23,0,238000,-1722000,-1484000
2012/04/24,0,667000,-134000,533000
2012/04/25,0,166000,-1057000,-891000
2012/04/26,0,241000,-585000,-344000
2012/04/27,0,398000,-4736000,-4338000
2012/04/30,0,0,-969000,-969000
2012/05/01,0,0,0,0
2012/05/02,0,297000,-13276000,-12979000
2012/05/03,0,426683,-1497000,-1070317
2012/05/04,0,49000,-2737000,-2688000
2012/05/07,0,1000,-1314000,-1313000
2012/05/08,0,101000,-382000,-281000
2012/05/09,0,0,-5108000,-5108000
2012/05/10,0,188000,-1809000,-1621000
2012/05/11,0,38000,-701000,-663000
2012/05/14,0,30000,-932000,-902000
2012/05/15,0,71000,-4501000,-4430000
2012/05/16,0,87000,-2197000,-2110000
2012/05/17,0,19000,-3020000,-3001000
2012/05/18,0,244000,-592000,-348000
2012/05/21,0,172000,-238000,-66000
2012/05/22,0,144000,-497000,-353000
2012/05/23,0,2621000,-96000,2525000
2012/05/24,0,1676000,-556000,1120000
2012/05/25,0,869000,-74000,795000
2012/05/28,0,488000,0,488000
2012/05/29,0,2514000,-15000,2499000
2012/05/30,0,458058,-350000,108058
2012/05/31,0,550000,-212000,338000
2012/06/01,0,1433000,-328000,1105000
2012/06/04,0,664000,-449000,215000
2012/06/05,0,243000,-130000,113000
2012/06/06,0,140000,-1120000,-980000
2012/06/07,0,1153000,-15000,1138000
2012/06/08,0,358000,-272000,86000
2012/06/11,0,316000,0,316000
2012/06/12,0,316000,0,316000
2012/06/13,0,236000,-44000,192000
2012/06/14,0,105000,-300000,-195000
2012/06/15,0,874000,-554000,320000
2012/06/18,0,1444000,0,1444000
2012/06/19,0,0,-360000,-360000
2012/06/20,0,370000,0,370000
2012/06/21,0,165000,-200500,-35500
2012/06/22,0,199000,-150000,49000
2012/06/25,0,55000,-473000,-418000
2012/06/26,0,40000,-566338,-526338
2012/06/27,0,266000,0,266000
2012/06/28,0,375000,-36000,339000
2012/06/29,0,1221000,-30000,1191000
2012/07/02,0,2031000,-22000,2009000
2012/07/03,0,1543000,0,1543000
2012/07/04,0,3189000,0,3189000
2012/07/05,0,2781000,-51000,2730000
2012/07/06,0,798000,-62000,736000
2012/07/09,0,344000,-160000,184000
2012/07/10,0,31000,-50000,-19000
2012/07/11,0,341000,-516000,-175000
2012/07/12,0,63000,-1212000,-1149000
2012/07/13,0,600000,-608000,-8000
2012/07/16,0,992000,-387000,605000
2012/07/17,0,537000,-450000,87000
2012/07/18,0,1641000,-200000,1441000
2012/07/19,0,483000,-25000,458000
2012/07/20,0,811000,0,811000
2012/07/23,0,480000,-1365000,-885000
2012/07/24,0,361000,-1396000,-1035000
2012/07/25,0,211000,-2315000,-2104000
2012/07/26,0,398000,-2628000,-2230000
2012/07/27,0,395000,-85000,310000
2012/07/30,0,618000,-32000,586000
2012/07/31,0,25000,-114000,-89000
2012/08/01,0,994000,-210000,784000
2012/08/02,0,0,0,0
2012/08/03,0,308000,-2155000,-1847000
2012/08/06,0,5587000,-778000,4809000
2012/08/07,0,179000,-1793948,-1614948
2012/08/08,0,1208000,-886000,322000
2012/08/09,0,1417000,-1234000,183000
2012/08/10,0,1884000,-1733000,151000
2012/08/13,0,2592000,-572000,2020000
2012/08/14,0,976000,-100000,876000
2012/08/15,0,611000,-198000,413000
2012/08/16,0,517000,-47000,470000
2012/08/17,0,304286,-275000,29286
2012/08/20,0,74500,-292000,-217500
2012/08/21,0,1288000,-219000,1069000
2012/08/22,0,676000,-1164000,-488000
2012/08/23,0,906500,-860000,46500
2012/08/24,0,501000,-835000,-334000
2012/08/27,0,1493000,-1279000,214000
2012/08/28,0,925000,-1503000,-578000
2012/08/29,0,47000,-699000,-652000
2012/08/30,0,1437000,-258000,1179000
2012/08/31,0,1589000,-2244000,-655000
2012/09/03,0,5483000,-600000,4883000
2012/09/04,0,1070000,-703000,367000
2012/09/05,0,915000,-259000,656000
2012/09/06,0,439000,-98000,341000
2012/09/07,0,729000,-1139000,-410000
2012/09/10,0,50000,-355000,-305000
2012/09/11,0,1002000,-240000,762000
2012/09/12,0,2025000,-24000,2001000
2012/09/13,0,172500,-326000,-153500
2012/09/14,0,1703000,-476000,1227000
2012/09/17,0,43000,-264000,-221000
2012/09/18,0,386000,-458000,-72000
2012/09/19,0,154000,-721000,-567000
2012/09/20,0,95000,-500000,-405000
2012/09/21,0,1086000,-1203000,-117000
2012/09/24,0,6000,-209000,-203000
2012/09/25,0,200000,-1324000,-1124000
2012/09/26,0,470000,-1385000,-915000
2012/09/27,0,78000,-479800,-401800
2012/09/28,0,1543000,-91000,1452000
2012/10/01,0,57500,-201000,-143500
2012/10/02,0,1020000,-116000,904000
2012/10/03,0,1491000,-152500,1338500
2012/10/04,0,846000,-193000,653000
2012/10/05,0,941000,-107000,834000
2012/10/08,0,15000,-674000,-659000
2012/10/09,0,181000,-728000,-547000
2012/10/10,0,0,0,0
2012/10/11,0,307000,-421900,-114900
2012/10/12,0,654000,-331000,323000
2012/10/15,0,1058000,-30000,1028000
2012/10/16,0,944000,-159000,785000
2012/10/17,0,1167000,-15000,1152000
2012/10/18,0,291000,0,291000
2012/10/19,0,215000,-777000,-562000
2012/10/22,0,241000,-1031434,-790434
2012/10/23,0,652000,-56000,596000
2012/10/24,0,448000,-263000,185000
2012/10/25,0,1097000,-41500,1055500
2012/10/26,0,2483000,0,2483000
2012/10/29,0,1439754,-8800,1430954
2012/10/30,0,5583000,-700,5582300
2012/10/31,0,3746000,-282000,3464000
2012/11/01,0,545000,-626800,-81800
2012/11/02,0,167000,-52000,115000
2012/11/05,0,489000,0,489000
2012/11/06,0,158000,-145500,12500
2012/11/07,0,417000,0,417000
2012/11/08,0,482000,-130000,352000
2012/11/09,0,392000,-2000,390000
2012/11/12,0,50000,-842000,-792000
2012/11/13,0,272000,-538900,-266900
2012/11/14,0,665000,-546000,119000
2012/11/15,0,438000,0,438000
2012/11/16,0,166000,-174000,-8000
2012/11/19,0,414000,-259900,154100
2012/11/20,0,307000,-894000,-587000
2012/11/21,0,336000,-12000,324000
2012/11/22,0,175000,-2532000,-2357000
2012/11/23,0,837000,-474000,363000
2012/11/26,0,511500,0,511500
2012/11/27,0,198000,-26000,172000
2012/11/28,0,2228000,-65900,2162100
2012/11/29,0,628000,-301000,327000
2012/11/30,0,317000,-292000,25000
2012/12/03,0,293000,-359000,-66000
2012/12/04,0,302000,-186000,116000
2012/12/05,0,705000,-109000,596000
2012/12/06,0,234000,-1697630,-1463630
2012/12/07,0,837000,-500000,337000
2012/12/10,0,630000,-381000,249000
2012/12/11,0,275000,-2265000,-1990000
2012/12/12,0,252000,-932400,-680400
2012/12/13,0,0,-616000,-616000
2012/12/14,0,2000,-4882300,-4880300
2012/12/17,0,0,-5669000,-5669000
2012/12/18,0,354000,-416000,-62000
2012/12/19,0,0,-3222000,-3222000
2012/12/20,0,0,-1180000,-1180000
2012/12/21,0,56000,-3921000,-3865000
2012/12/24,0,341000,-282000,59000
2012/12/25,0,0,-2917900,-2917900
2012/12/26,0,0,-869000,-869000
2012/12/27,0,415000,-699000,-284000
2012/12/28,0,115000,-212700,-97700
2012/12/31,0,0,0,0
2013/01/01,0,0,0,0
2013/01/02,0,0,-1668000,-1668000
2013/01/03,0,0,-4709400,-4709400
2013/01/04,0,3000,-1961800,-1958800
2013/01/07,0,17000,-4463500,-4446500
2013/01/08,0,0,-6228400,-6228400
2013/01/09,0,0,-1732200,-1732200
2013/01/10,0,100000,-1338000,-1238000
2013/01/11,0,101000,-1560700,-1459700
2013/01/14,0,0,-1578000,-1578000
2013/01/15,0,0,-3519522,-3519522
2013/01/16,0,135000,-412000,-277000
2013/01/17,0,111566,-674000,-562434
2013/01/18,0,246000,-2328000,-2082000
2013/01/21,0,146000,-89000,57000
2013/01/22,0,482000,-368000,114000
2013/01/23,0,20000,-772000,-752000
2013/01/24,0,22000,-2222500,-2200500
2013/01/25,0,548000,-322000,226000
2013/01/28,0,0,-510000,-510000
2013/01/29,0,489000,-127000,362000
2013/01/30,0,0,-17000,-17000
2013/01/31,0,40000,-180600,-140600
2013/02/01,0,0,-1433000,-1433000
2013/02/04,0,0,-1607800,-1607800
2013/02/05,0,0,-2113000,-2113000
2013/02/06,0,36000,-368000,-332000
2013/02/07,0,0,0,0
2013/02/08,0,0,0,0
2013/02/11,0,0,0,0
2013/02/12,0,0,0,0
2013/02/13,0,0,0,0
2013/02/14,0,0,0,0
2013/02/15,0,0,0,0
2013/02/18,0,0,-2261200,-2261200
2013/02/19,0,0,-904400,-904400
2013/02/20,0,110000,-331500,-221500
2013/02/21,0,120000,-1771000,-1651000
2013/02/22,0,95000,-4579000,-4484000
2013/02/25,0,0,-281000,-281000
2013/02/26,0,216000,-564000,-348000
2013/02/27,0,0,-857300,-857300
2013/02/28,0,0,0,0
2013/03/01,0,0,-2200100,-2200100
2013/03/04,0,0,-3024900,-3024900
2013/03/05,0,0,-3319900,-3319900
2013/03/06,0,0,-10412000,-10412000
2013/03/07,0,0,-3710000,-3710000
2013/03/08,0,3000,-702100,-699100
2013/03/11,0,0,-1591500,-1591500
2013/03/12,0,0,-3000200,-3000200
2013/03/13,0,0,-468000,-468000
2013/03/14,0,0,-463500,-463500
2013/03/15,0,437000,-3369000,-2932000
2013/03/18,0,604000,-41300,562700
2013/03/19,0,656000,0,656000
2013/03/20,0,801000,-6000,795000
2013/03/21,0,270000,0,270000
2013/03/22,0,1338000,-16700,1321300
2013/03/25,0,667000,0,667000
2013/03/26,0,92000,-1067000,-975000
2013/03/27,0,458000,-1804000,-1346000
2013/03/28,0,0,-1740000,-1740000
2013/03/29,0,302000,-160000,142000
2013/04/01,0,48000,-323000,-275000
2013/04/02,0,113000,-324000,-211000
2013/04/03,0,500000,-6000,494000
2013/04/04,0,0,0,0
2013/04/05,0,0,0,0
2013/04/08,0,0,-119000,-119000
2013/04/09,0,0,-103000,-103000
2013/04/10,0,0,-1500000,-1500000
2013/04/11,0,1270000,-1898488,-628488
2013/04/12,0,0,-2877000,-2877000
2013/04/15,0,10000,-3622000,-3612000
2013/04/16,0,0,-1237800,-1237800
2013/04/17,0,806000,-1016000,-210000
2013/04/18,0,246000,-837000,-591000
2013/04/19,0,29422,-1412000,-1382578
2013/04/22,0,0,-422000,-422000
2013/04/23,0,300000,-2008694,-1708694
2013/04/24,0,730000,-493000,237000
2013/04/25,0,143000,-473000,-330000
2013/04/26,0,0,-850400,-850400
2013/04/29,0,358000,-72000,286000
2013/04/30,0,0,-3775000,-3775000
2013/05/01,0,0,0,0
2013/05/02,0,0,-112000,-112000
2013/05/03,0,150000,-88200,61800
2013/05/06,0,0,-98000,-98000
2013/05/07,0,0,-102000,-102000
2013/05/08,0,324000,-24000,300000
2013/05/09,0,2882000,-9000,2873000
2013/05/10,0,1618000,-293000,1325000
2013/05/13,0,571000,-72000,499000
2013/05/14,0,114000,-201000,-87000
2013/05/15,0,70000,-452500,-382500
2013/05/16,0,0,-202000,-202000
2013/05/17,0,139000,-246000,-107000
2013/05/20,0,0,-916000,-916000
2013/05/21,0,0,-124000,-124000
2013/05/22,0,80000,-435000,-355000
2013/05/23,0,0,-259000,-259000
2013/05/24,0,12000,-258000,-246000
2013/05/27,0,0,-6000,-6000
2013/05/28,0,13000,-55600,-42600
2013/05/29,0,25000,0,25000
2013/05/30,0,40000,-102000,-62000
2013/05/31,0,3000,-150000,-147000
2013/06/03,0,200000,-252000,-52000
2013/06/04,0,0,-240000,-240000
2013/06/05,0,0,-263000,-263000
2013/06/06,0,20000,-601000,-581000
2013/06/07,0,0,-1252000,-1252000
2013/06/10,0,0,-888000,-888000
2013/06/11,0,0,-2063000,-2063000
2013/06/12,0,0,0,0
2013/06/13,0,60000,-1494000,-1434000
2013/06/14,0,0,-357000,-357000
2013/06/17,0,0,-590000,-590000
2013/06/18,0,0,-354000,-354000
2013/06/19,0,0,-784000,-784000
2013/06/20,0,0,-750000,-750000
2013/06/21,0,203000,-1959800,-1756800
2013/06/24,0,217000,-133762,83238
2013/06/25,0,130000,0,130000
2013/06/26,0,200000,-414900,-214900
2013/06/27,0,920000,-5000,915000
2013/06/28,0,6000,-526000,-520000
2013/07/01,0,91000,-515000,-424000
2013/07/02,0,350000,-812000,-462000
2013/07/03,0,20000,-199000,-179000
2013/07/04,0,598000,-50100,547900
2013/07/05,0,71000,-272000,-201000
2013/07/08,0,0,0,0
2013/07/09,0,20000,0,20000
2013/07/10,0,150000,0,150000
2013/07/11,0,1513000,-14762,1498238
2013/07/12,0,1508000,-88000,1420000
2013/07/15,0,438000,-500000,-62000
2013/07/16,0,258000,0,258000
2013/07/17,0,20000,0,20000
2013/07/18,0,150000,-60000,90000
2013/07/19,0,1356000,-308000,1048000
2013/07/22,0,100000,0,100000
2013/07/23,0,1005000,-500,1004500
2013/07/24,0,489000,-154000,335000
2013/07/25,0,184000,0,184000
2013/07/26,0,300000,0,300000
2013/07/29,0,245000,-800,244200
2013/07/30,0,2000,-22000,-20000
2013/07/31,0,570000,-56000,514000
2013/08/01,0,575000,-80000,495000
2013/08/02,0,127000,-98000,29000
2013/08/05,0,30000,-235000,-205000
2013/08/06,0,0,-18000,-18000
2013/08/07,0,0,0,0
2013/08/08,0,300000,0,300000
2013/08/09,0,0,-222000,-222000
2013/08/12,0,450000,-300000,150000
2013/08/13,0,2465000,-270000,2195000
2013/08/14,0,702000,-29000,673000
2013/08/15,0,407000,-20000,387000
2013/08/16,0,171000,-3000,168000
2013/08/19,0,125000,0,125000
2013/08/20,0,577000,0,577000
2013/08/21,0,0,0,0
2013/08/22,0,949000,-63000,886000
2013/08/23,0,1034000,-25000,1009000
2013/08/26,0,201000,0,201000
2013/08/27,0,436000,0,436000
2013/08/28,0,210000,-611000,-401000
2013/08/29,0,0,-48000,-48000
2013/08/30,0,127000,-27000,100000
2013/09/02,0,212000,-198000,14000
2013/09/03,0,262893,-194000,68893
2013/09/04,0,0,-40000,-40000
2013/09/05,0,0,-148000,-148000
2013/09/06,0,37000,-280000,-243000
2013/09/09,0,747000,-406000,341000
2013/09/10,0,180000,-277000,-97000
2013/09/11,0,79000,-1016000,-937000
2013/09/12,0,249000,-486000,-237000
2013/09/13,0,36000,-1351000,-1315000
2013/09/16,0,184000,0,184000
2013/09/17,0,45000,-930000,-885000
2013/09/18,0,186000,-1262000,-1076000
2013/09/19,0,0,0,0
2013/09/20,0,0,0,0
2013/09/23,0,15000,0,15000
2013/09/24,0,117500,-230000,-112500
2013/09/25,0,55000,-58000,-3000
2013/09/26,0,6000,-10000,-4000
2013/09/27,0,0,-38000,-38000
2013/09/30,0,9000,-5000,4000
2013/10/01,0,4000,-1759000,-1755000
2013/10/02,0,0,-313000,-313000
2013/10/03,0,19000,-686000,-667000
2013/10/04,0,3000,-190000,-187000
2013/10/07,0,1000,-86000,-85000
2013/10/08,0,50000,-72000,-22000
2013/10/09,0,45000,-36000,9000
2013/10/10,0,0,0,0
2013/10/11,0,519000,-101000,418000
2013/10/14,0,0,-3109000,-3109000
2013/10/15,0,0,-1061533,-1061533
2013/10/16,0,0,-2322000,-2322000
2013/10/17,0,83000,-883529,-800529
2013/10/18,0,0,-177000,-177000
2013/10/21,0,0,-177000,-177000
2013/10/22,0,0,-160000,-160000
2013/10/23,0,190000,-311000,-121000
2013/10/24,0,200000,-100000,100000
2013/10/25,0,145000,-26000,119000
2013/10/28,0,0,-327000,-327000
2013/10/29,0,300000,-892500,-592500
2013/10/30,0,0,-199600,-199600
2013/10/31,0,0,-469533,-469533
2013/11/01,0,0,-119600,-119600
2013/11/04,0,0,-111000,-111000
2013/11/05,0,0,-202600,-202600
2013/11/06,0,1712000,0,1712000
2013/11/07,0,0,-74708,-74708
2013/11/08,0,0,0,0
2013/11/11,0,352000,0,352000
2013/11/12,0,419000,0,419000
2013/11/13,0,102000,0,102000
2013/11/14,0,840000,0,840000
2013/11/15,0,38000,0,38000
2013/11/18,0,173000,-78720,94280
2013/11/19,0,100000,0,100000
2013/11/20,0,50000,-18000,32000
2013/11/21,0,0,-463400,-463400
2013/11/22,0,52000,-190200,-138200
2013/11/25,0,794156,0,794156
2013/11/26,0,26000,-102000,-76000
2013/11/27,0,150000,0,150000
2013/11/28,0,335000,-478700,-143700
2013/11/29,0,1662000,-303000,1359000
2013/12/02,0,1521000,-500000,1021000
2013/12/03,0,278000,-117000,161000
2013/12/04,0,140000,-48000,92000
2013/12/05,0,3208000,0,3208000
2013/12/06,0,738000,-90000,648000
2013/12/09,0,648000,-28000,620000
2013/12/10,0,0,-11000,-11000
2013/12/11,0,737000,-100000,637000
2013/12/12,0,0,-16000,-16000
2013/12/13,0,58000,-35000,23000
2013/12/16,0,727000,0,727000
2013/12/17,0,0,-1002600,-1002600
2013/12/18,0,277000,-250000,27000
2013/12/19,0,1233000,0,1233000
2013/12/20,0,651000,-170000,481000
2013/12/23,0,277000,-305000,-28000
2013/12/24,0,521000,-107000,414000
2013/12/25,0,0,-39000,-39000
2013/12/26,0,52000,-650000,-598000
2013/12/27,0,385000,0,385000
2013/12/30,0,76000,-4000,72000
2013/12/31,0,62000,-18000,44000
2014/01/02,0,96000,-596000,-500000
2014/01/03,0,0,-97370,-97370
2014/01/06,0,323000,-10000,313000
2014/01/07,0,0,-27000,-27000
2014/01/08,0,311000,-214000,97000
2014/01/09,0,68000,-161000,-93000
2014/01/10,0,2521000,-33000,2488000
2014/01/13,0,1995000,0,1995000
2014/01/14,0,1087000,-53000,1034000
2014/01/15,0,1276000,-388000,888000
2014/01/16,0,780000,-50000,730000
2014/01/17,0,392000,-7000,385000
2014/01/20,0,117000,-52000,65000
2014/01/21,0,1667000,-63000,1604000
2014/01/22,0,385000,-22000,363000
2014/01/23,0,729000,-509000,220000
2014/01/24,0,638000,-54000,584000
2014/01/27,0,764000,-55000,709000
2014/02/05,0,82000,-175000,-93000
2014/02/06,0,25000,-416000,-391000
2014/02/07,0,0,-183000,-183000
2014/02/10,0,56000,-555000,-499000
2014/02/11,0,27000,-1013000,-986000
2014/02/12,0,0,-438000,-438000
2014/02/13,0,4000,-266704,-262704
2014/02/14,0,20000,-90400,-70400
2014/02/17,0,100000,-280000,-180000
2014/02/18,0,0,-96000,-96000
2014/02/19,0,0,-58000,-58000
2014/02/20,0,1000,-62000,-61000
2014/02/21,0,0,-244000,-244000
2014/02/24,0,342000,-104000,238000
2014/02/25,0,0,-2681000,-2681000
2014/02/26,0,50000,-1009000,-959000
2014/02/27,0,5000,-567300,-562300
2014/03/03,0,1299000,-1282000,17000
2014/03/04,0,100000,-45000,55000
2014/03/05,0,143000,-204000,-61000
2014/03/06,0,946000,-169000,777000
2014/03/07,0,200000,-33000,167000
2014/03/10,0,40000,-37000,3000
2014/03/11,0,80000,-328000,-248000
2014/03/12,0,0,-83000,-83000
2014/03/13,0,175000,-106000,69000
2014/03/14,0,43000,-296000,-253000
2014/03/17,0,361000,-5000,356000
2014/03/18,0,53000,-129000,-76000
2014/03/19,0,0,0,0
2014/03/20,0,460000,0,460000
2014/03/21,0,0,-2000,-2000
2014/03/24,0,270000,-36000,234000
2014/03/25,0,1085000,0,1085000
2014/03/26,0,317000,0,317000
2014/03/27,0,509000,0,509000
2014/03/28,0,394000,-9000,385000
2014/03/31,0,875000,-1987000,-1112000
2014/04/01,0,49000,-115000,-66000
2014/04/02,0,9000,-2442000,-2433000
2014/04/03,0,0,-231000,-231000
2014/04/07,0,0,-108000,-108000
2014/04/08,0,178000,-202000,-24000
2014/04/09,0,172000,0,172000
2014/04/10,0,316804,-475000,-158196
2014/04/11,0,0,0,0
2014/04/14,0,0,0,0
2014/04/15,0,414000,-2000,412000
2014/04/16,0,540000,-3000,537000
2014/04/17,0,1164000,-25000,1139000
2014/04/18,0,907000,-45000,862000
2014/04/21,0,621000,-58000,563000
2014/04/22,0,1209000,-52000,1157000
2014/04/23,0,120000,-5000,115000
2014/04/24,0,168000,-720000,-552000
2014/04/25,0,108000,-316000,-208000
2014/04/28,0,200000,0,200000
2014/04/29,0,602000,-2000,600000
2014/04/30,0,5000,-38000,-33000
2014/05/02,0,154000,-464000,-310000
2014/05/05,0,240000,-20000,220000
2014/05/06,0,375000,0,375000
2014/05/07,0,52000,-293000,-241000
2014/05/08,0,380000,-240000,140000
2014/05/09,0,140000,-257000,-117000
2014/05/12,0,97000,-530000,-433000
2014/05/13,0,0,-786000,-786000
2014/05/14,0,0,-1218000,-1218000
2014/05/15,0,982000,-712000,270000
2014/05/16,0,8000,-262000,-254000
2014/05/19,0,220000,-18000,202000
2014/05/20,0,220000,-7000,213000
2014/05/21,0,137000,-1000,136000
2014/05/22,0,2406000,0,2406000
2014/05/23,0,1201000,-43000,1158000
2014/05/26,0,515000,-147000,368000
2014/05/27,0,175000,-112000,63000
2014/05/28,0,436000,-37000,399000
2014/05/29,0,0,-204000,-204000
2014/05/30,0,739000,-18000,721000
2014/06/03,0,0,-4000,-4000
2014/06/04,0,321000,-50000,271000
2014/06/05,0,78000,0,78000
2014/06/06,0,500000,-7000,493000
2014/06/09,0,0,-9000,-9000
2014/06/10,0,884000,-154000,730000
2014/06/11,0,1068000,-148000,920000
2014/06/12,0,520000,-74000,446000
2014/06/13,0,40000,-502000,-462000
2014/06/16,0,228000,-95000,133000
2014/06/17,0,28000,-40000,-12000
2014/06/18,0,102000,-2000,100000
2014/06/19,0,120000,-59000,61000
2014/06/20,0,812000,-710000,102000
2014/06/23,0,2419000,-2000,2417000
2014/06/24,0,2455000,-114000,2341000
2014/06/25,0,1640000,-16000,1624000
2014/06/26,0,792000,0,792000
2014/06/27,0,634000,-104000,530000
2014/06/30,0,998000,-55000,943000
2014/07/01,0,1098000,-363000,735000
2014/07/02,0,2846000,-79231,2766769
2014/07/03,0,1238000,-17000,1221000
2014/07/04,0,678000,-30000,648000
2014/07/07,0,389000,-2000,387000
2014/07/08,0,795000,-7000,788000
2014/07/09,0,357000,0,357000
2014/07/10,0,310000,-259000,51000
2014/07/11,0,1955000,-50000,1905000
2014/07/14,0,1161000,-294000,867000
2014/07/15,0,1438000,-101000,1337000
2014/07/16,0,506000,-569000,-63000
2014/07/17,0,136000,-24000,112000
2014/07/18,0,1134000,-31000,1103000
2014/07/21,0,423000,-20000,403000
2014/07/22,0,897000,-81000,816000
2014/07/23,0,0,0,0
2014/07/24,0,140000,-100000,40000
2014/07/25,0,1715000,-72000,1643000
2014/07/28,0,130000,-202000,-72000
2014/07/29,0,178000,-426000,-248000
2014/07/30,0,147000,-140000,7000
2014/07/31,0,190000,-60000,130000
2014/08/01,0,449000,-753000,-304000
2014/08/04,0,258000,-58000,200000
2014/08/05,0,8000,0,8000
2014/08/06,0,99000,-313000,-214000
2014/08/07,0,159000,-99000,60000
2014/08/08,0,1414000,0,1414000
2014/08/11,0,2626000,-37000,2589000
2014/08/12,0,791000,-90000,701000
2014/08/13,0,128600,-382000,-253400
2014/08/14,0,402000,-565000,-163000
2014/08/15,0,718000,-103000,615000
2014/08/18,0,187000,-58000,129000
2014/08/19,0,941000,0,941000
2014/08/20,0,315000,-11000,304000
2014/08/21,0,13000,-7000,6000
2014/08/22,0,520000,0,520000
2014/08/25,0,1062000,0,1062000
2014/08/26,0,118000,0,118000
2014/08/27,0,325000,0,325000
2014/08/28,0,1065000,-35000,1030000
2014/08/29,0,594000,-143000,451000
2014/09/01,0,200000,-231000,-31000
2014/09/02,0,100000,-391000,-291000
2014/09/03,0,67000,-361000,-294000
2014/09/04,0,1244000,-998000,246000
2014/09/05,0,176000,-526000,-350000
2014/09/09,0,317000,-93000,224000
2014/09/10,0,0,-966000,-966000
2014/09/11,0,1000000,-820000,180000
2014/09/12,0,141000,-263000,-122000
2014/09/15,0,548000,-233000,315000
2014/09/16,0,102000,-260000,-158000
2014/09/17,0,753000,-60000,693000
2014/09/18,0,232000,-33000,199000
2014/09/19,0,771000,-515000,256000
2014/09/22,0,231035,-503000,-271965
2014/09/23,0,668000,-500000,168000
2014/09/24,0,1004000,-130000,874000
2014/09/25,0,1376000,-32000,1344000
2014/09/26,0,10000,-780000,-770000
2014/09/29,0,91000,-806000,-715000
2014/09/30,0,215000,-899024,-684024
2014/10/01,0,153000,-121000,32000
2014/10/02,0,5000,-6000,-1000
2014/10/03,0,276000,-10000,266000
2014/10/06,0,213000,-2000,211000
2014/10/07,0,17000,-906000,-889000
2014/10/08,0,18000,-19000,-1000
2014/10/09,0,0,-250000,-250000
2014/10/13,0,130000,0,130000
2014/10/14,0,548000,0,548000
2014/10/15,0,22000,-2613800,-2591800
2014/10/16,0,31000,-884000,-853000
2014/10/17,0,25000,-253000,-228000
2014/10/20,0,649600,-22000,627600
2014/10/21,0,684000,-30000,654000
2014/10/22,0,679000,0,679000
2014/10/23,0,293000,-250000,43000
2014/10/24,0,32000,0,32000
2014/10/27,0,0,-4000,-4000
2014/10/28,0,514000,0,514000
2014/10/29,0,641000,-246000,395000
2014/10/30,0,584000,-550000,34000
2014/10/31,0,0,-55000,-55000
2014/11/03,0,697000,-8000,689000
2014/11/04,0,140000,-180000,-40000
2014/11/05,0,0,-43000,-43000
2014/11/06,0,35000,-60000,-25000
2014/11/07,0,0,-132000,-132000
2014/11/10,0,0,-6000,-6000
2014/11/11,0,119000,0,119000
2014/11/12,0,46000,-485000,-439000
2014/11/13,0,50000,-594000,-544000
2014/11/14,0,0,-1945000,-1945000
2014/11/17,0,0,-683000,-683000
2014/11/18,0,21000,-250000,-229000
2014/11/19,0,133000,-123600,9400
2014/11/20,0,58000,-768000,-710000
2014/11/21,0,50000,-3488400,-3438400
2014/11/24,0,0,-709800,-709800
2014/11/25,0,80000,-251000,-171000
2014/11/26,0,902000,-140177,761823
2014/11/27,0,0,-50000,-50000
2014/11/28,0,0,-66000,-66000
2014/12/01,0,0,-1317000,-1317000
2014/12/02,0,176000,-5181800,-5005800
2014/12/03,0,0,-3452000,-3452000
2014/12/04,0,0,-765432,-765432
2014/12/05,0,42000,-5533960,-5491960
2014/12/08,0,0,-2297739,-2297739
2014/12/09,0,0,-7292539,-7292539
2014/12/10,0,0,-1141640,-1141640
2014/12/11,0,200000,-1137193,-937193
2014/12/12,0,49000,-983680,-934680
2014/12/15,0,0,-2479600,-2479600
2014/12/16,0,18000,-2087200,-2069200
2014/12/17,0,77000,-1783240,-1706240
2014/12/18,0,0,-211000,-211000
2014/12/19,0,320000,-724440,-404440
2014/12/22,0,0,-251240,-251240
2014/12/23,0,50000,-179000,-129000
2014/12/24,0,0,-810920,-810920
2014/12/25,0,0,-91000,-91000
2014/12/26,0,0,-677560,-677560
2014/12/29,0,0,-1238560,-1238560
2014/12/30,0,0,-294524,-294524
2014/12/31,0,0,-911720,-911720
2015/01/01,0,0,0,0
2015/01/02,0,0,0,0
2015/01/05,0,0,-986000,-986000
2015/01/06,0,0,-1078560,-1078560
2015/01/07,0,0,-852000,-852000
2015/01/08,0,0,-845080,-845080
2015/01/09,0,0,-119400,-119400
2015/01/12,0,200000,-249160,-49160
2015/01/13,0,0,-634000,-634000
2015/01/14,0,0,-4000,-4000
2015/01/15,0,0,-45000,-45000
2015/01/16,0,31000,-116680,-85680
2015/01/19,0,0,-7000,-7000
2015/01/20,0,130000,-559800,-429800
2015/01/21,0,0,-291000,-291000
2015/01/22,0,0,-592040,-592040
2015/01/23,0,714000,-738000,-24000
2015/01/26,0,1813000,-165120,1647880
2015/01/27,0,591000,-257000,334000
2015/01/28,0,1132000,-62000,1070000
2015/01/29,0,267000,-133470,133530
2015/01/30,0,0,-484000,-484000
2015/02/02,0,50000,-123000,-73000
2015/02/03,0,314000,-54000,260000
2015/02/04,0,200000,-64720,135280
2015/02/05,0,1003000,-82760,920240
2015/02/06,0,45000,0,45000
2015/02/09,0,108000,-317800,-209800
2015/02/10,0,0,-198000,-198000
2015/02/11,0,0,-922870,-922870
2015/02/12,0,0,-874520,-874520
2015/02/13,0,0,-78000,-78000
2015/02/16,0,0,0,0
2015/02/17,0,0,0,0
2015/02/18,0,0,0,0
2015/02/19,0,0,0,0
2015/02/20,0,0,0,0
2015/02/23,0,0,0,0
2015/02/24,0,29000,0,29000
2015/02/25,0,0,-566000,-566000
2015/02/26,0,135000,-284000,-149000
2015/02/27,0,0,0,0
2015/03/02,0,11000,0,11000
2015/03/03,0,195000,-160000,35000
2015/03/04,0,5000,-139000,-134000
2015/03/05,0,1175000,-19000,1156000
2015/03/06,0,543000,-234000,309000
2015/03/09,0,0,-14000,-14000
2015/03/10,0,0,-99000,-99000
2015/03/11,0,0,-97000,-97000
2015/03/12,0,28000,-185924,-157924
2015/03/13,0,156000,0,156000
2015/03/16,0,31000,-30000,1000
2015/03/17,0,101000,-6000,95000
2015/03/18,0,1337000,0,1337000
2015/03/19,0,2097000,-24000,2073000
2015/03/20,0,1610000,-105000,1505000
2015/03/23,0,1591000,-7000,1584000
2015/03/24,0,532000,-32000,500000
2015/03/25,0,565000,-5000,560000
2015/03/26,0,1384000,0,1384000
2015/03/27,0,746000,-229000,517000
2015/03/30,0,376000,-60000,316000
2015/03/31,0,572000,-1755000,-1183000
2015/04/01,0,108000,-560000,-452000
2015/04/02,0,499000,-195000,304000
2015/04/03,0,0,0,0
2015/04/06,0,0,0,0
2015/04/07,0,324000,-820000,-496000
2015/04/08,0,36000,-143000,-107000
2015/04/09,0,0,-807000,-807000
2015/04/10,0,27000,-199000,-172000
2015/04/13,0,30000,-785000,-755000
2015/04/14,0,0,-531000,-531000
2015/04/15,0,42000,-1334000,-1292000
2015/04/16,0,17000,-713000,-696000
2015/04/17,0,0,-634000,-634000
2015/04/20,0,0,-360000,-360000
2015/04/21,0,14000,-283000,-269000
2015/04/22,0,697000,-103000,594000
2015/04/23,0,0,-1373000,-1373000
2015/04/24,0,533000,-493000,40000
2015/04/27,0,1633000,-350000,1283000
2015/04/28,0,10000,-28000,-18000
2015/04/29,0,0,-1445560,-1445560
2015/04/30,0,100000,-305360,-205360
2015/05/01,0,0,0,0
2015/05/04,0,300000,-56000,244000
2015/05/05,0,27000,-414000,-387000
2015/05/06,0,0,-1233000,-1233000
2015/05/07,0,0,-339000,-339000
2015/05/08,0,89000,-376000,-287000
2015/05/11,0,107000,-550000,-443000
2015/05/12,0,44000,-599000,-555000
2015/05/13,0,300000,-500000,-200000
2015/05/14,0,639000,-656,638344
2015/05/15,0,40000,-254000,-214000
2015/05/18,0,2309000,0,2309000
2015/05/19,0,1025000,-169000,856000
2015/05/20,0,301000,0,301000
2015/05/21,0,226000,-8000,218000
2015/05/22,0,119000,-105000,14000
2015/05/25,0,545000,0,545000
2015/05/26,0,577000,-27000,550000
2015/05/27,0,362000,-48000,314000
2015/05/28,0,1253000,-46000,1207000
2015/05/29,0,500000,-23000,477000
2015/06/01,0,188000,-120000,68000
2015/06/02,0,196000,-50000,146000
2015/06/03,0,29000,0,29000
2015/06/04,0,25000,-573,24427
2015/06/05,0,2000,-18000,-16000
2015/06/08,0,0,0,0
2015/06/09,0,0,-223000,-223000
2015/06/10,0,256000,-26200,229800
2015/06/11,0,159000,-70000,89000
2015/06/12,0,24000,-22000,2000
2015/06/15,0,117000,0,117000
2015/06/16,0,13000,-39000,-26000
2015/06/17,0,200000,-86000,114000
2015/06/18,0,100000,-77000,23000
2015/06/19,0,0,0,0
2015/06/22,0,651000,-54000,597000
2015/06/23,0,1211000,-82000,1129000
2015/06/24,0,321000,-108000,213000
2015/06/25,0,739000,-15000,724000
2015/06/26,0,426000,-192000,234000
2015/06/29,0,59000,-4000,55000
2015/06/30,0,145000,-258000,-113000
2015/07/01,0,200000,-166000,34000
2015/07/02,0,410000,0,410000
2015/07/03,0,0,-66000,-66000
2015/07/06,0,0,-233000,-233000
2015/07/07,0,38000,-102000,-64000
2015/07/08,0,24000,-340000,-316000
2015/07/09,0,21000,-464000,-443000
2015/07/10,0,0,0,0
2015/07/13,0,150000,-84000,66000
2015/07/14,0,100000,-246000,-146000
2015/07/15,0,71000,-182000,-111000
2015/07/16,0,0,-60000,-60000
2015/07/17,0,561000,-70020,490980
2015/07/20,0,1297000,-151000,1146000
2015/07/21,0,690000,0,690000
2015/07/22,0,453000,-110000,343000
2015/07/23,0,129000,-306000,-177000
2015/07/24,0,276000,-345000,-69000
2015/07/27,0,9000,0,9000
2015/07/28,0,244000,0,244000
2015/07/29,0,136000,-1028000,-892000
2015/07/30,0,180000,-122000,58000
2015/07/31,0,14000,-706000,-692000
2015/08/03,0,305000,-461000,-156000
2015/08/04,0,180000,-367000,-187000
2015/08/05,0,208000,-60000,148000
2015/08/06,0,395000,-211000,184000
2015/08/07,0,232000,-129000,103000
2015/08/10,0,52000,-143000,-91000
2015/08/11,0,728000,0,728000
2015/08/12,0,280000,-785000,-505000
2015/08/13,0,37000,-610000,-573000
2015/08/14,0,615000,-78000,537000
2015/08/17,0,148000,0,148000
2015/08/18,0,1000,-67000,-66000
2015/08/19,0,42000,-1000000,-958000
2015/08/20,0,7000,-161000,-154000
2015/08/21,0,20000,-173000,-153000
2015/08/24,0,100000,-195000,-95000
2015/08/25,0,544190,-184000,360190
2015/08/26,0,611000,0,611000
2015/08/27,0,87000,-63000,24000
2015/08/28,0,1218000,0,1218000
2015/08/31,0,105000,-139000,-34000
2015/09/01,0,195000,-275000,-80000
2015/09/02,0,666000,-857284,-191284
2015/09/03,0,879000,0,879000
2015/09/04,0,288000,-691000,-403000
2015/09/07,0,113000,-66000,47000
2015/09/08,0,49000,-223000,-174000
2015/09/09,0,345000,-19000,326000
2015/09/10,0,159000,-20000,139000
2015/09/11,0,143000,-127000,16000
2015/09/14,0,24000,0,24000
2015/09/15,0,79000,-14000,65000
2015/09/16,0,55000,-77000,-22000
2015/09/17,0,62000,-13000,49000
2015/09/18,0,3563000,-73000,3490000
2015/09/21,0,97000,-732000,-635000
2015/09/22,0,32182,-145264,-113082
2015/09/23,0,0,-196000,-196000
2015/09/24,0,0,-15000,-15000
2015/09/25,0,1000,-21000,-20000
2015/09/28,0,0,0,0
2015/09/29,0,0,0,0
2015/09/30,0,0,0,0
2015/10/01,0,31000,-403000,-372000
2015/10/02,0,131000,-505000,-374000
2015/10/05,0,28000,-251000,-223000
2015/10/06,0,34000,-162000,-128000
2015/10/07,0,96000,-108000,-12000
2015/10/08,0,200000,-639000,-439000
2015/10/09,0,0,0,0
2015/10/12,0,153000,-306000,-153000
2015/10/13,0,0,-437000,-437000
2015/10/14,0,128000,-611000,-483000
2015/10/15,0,0,-10000,-10000
2015/10/16,0,32000,-116000,-84000
2015/10/19,0,35000,-10000,25000
2015/10/20,0,0,-177000,-177000
2015/10/21,0,0,-120000,-120000
2015/10/22,0,53000,-160000,-107000
2015/10/23,0,80000,-362000,-282000
2015/10/26,0,727000,-77000,650000
2015/10/27,0,150000,-81000,69000
2015/10/28,0,27000,-301642,-274642
2015/10/29,0,80000,-111000,-31000
2015/10/30,0,463000,-90000,373000
2015/11/02,0,0,-281601,-281601
2015/11/03,0,300000,-1107000,-807000
2015/11/04,0,155000,-149500,5500
2015/11/05,0,1000,-67924,-66924
2015/11/06,0,0,-127000,-127000
2015/11/09,0,100000,-1271350,-1171350
2015/11/10,0,0,-44000,-44000
2015/11/11,0,3000,-776000,-773000
2015/11/12,0,0,-209000,-209000
2015/11/13,0,0,-654900,-654900
2015/11/16,0,0,-296030,-296030
2015/11/17,0,131000,-865546,-734546
2015/11/18,0,4000,-296850,-292850
2015/11/19,0,100000,-120000,-20000
2015/11/20,0,0,-1279000,-1279000
2015/11/23,0,0,-45450,-45450
2015/11/24,0,0,-121550,-121550
2015/11/25,0,605000,-500000,105000
2015/11/26,0,0,0,0
2015/11/27,0,0,-583350,-583350
2015/11/30,0,25000,-714000,-689000
2015/12/01,0,9000,-1000,8000
2015/12/02,0,0,-1479000,-1479000
2015/12/03,0,6000,-1028000,-1022000
2015/12/04,0,0,-180900,-180900
2015/12/07,0,0,-141000,-141000
2015/12/08,0,0,-371250,-371250
2015/12/09,0,1000,-45000,-44000
2015/12/10,0,0,-37000,-37000
2015/12/11,0,0,0,0
2015/12/14,0,0,-788042,-788042
2015/12/15,0,0,-1020000,-1020000
2015/12/16,0,0,-1805247,-1805247
2015/12/17,0,0,-176370,-176370
2015/12/18,0,0,-337500,-337500
2015/12/21,0,0,-837200,-837200
2015/12/22,0,3000,-213000,-210000
2015/12/23,0,0,-509000,-509000
2015/12/24,0,0,0,0
2015/12/25,0,0,-300000,-300000
2015/12/28,0,62000,-28000,34000
2015/12/29,0,11000,-332000,-321000
2015/12/30,0,0,-1805500,-1805500
2015/12/31,0,0,-638000,-638000
2016/01/01,0,0,0,0
2016/01/04,0,926000,-1239400,-313400
2016/01/05,0,1113000,-665124,447876
2016/01/06,0,0,-136950,-136950
2016/01/07,0,0,-545000,-545000
2016/01/08,0,0,-1259000,-1259000
2016/01/11,0,20000,-995850,-975850
2016/01/12,0,0,-1640400,-1640400
2016/01/13,0,0,-556000,-556000
2016/01/14,0,0,-246300,-246300
2016/01/15,0,0,-1397000,-1397000
2016/01/18,0,0,-679000,-679000
2016/01/19,0,0,-609000,-609000
2016/01/20,0,0,-888500,-888500
2016/01/21,0,0,0,0
2016/01/22,0,0,-1093,-1093
2016/01/25,0,18000,-115000,-97000
2016/01/26,0,0,-158000,-158000
2016/01/27,0,0,0,0
2016/01/28,0,757000,0,757000
2016/01/29,0,106000,-753748,-647748
2016/02/01,0,470000,-28400,441600
2016/02/02,0,29000,0,29000
2016/02/03,0,40000,0,40000
2016/02/04,0,0,0,0
2016/02/05,0,0,0,0
2016/02/08,0,0,0,0
2016/02/09,0,0,0,0
2016/02/10,0,0,0,0
2016/02/11,0,0,0,0
2016/02/12,0,0,0,0
2016/02/15,0,5000,-1516721,-1511721
2016/02/16,0,0,-357000,-357000
2016/02/17,0,5000,-200300,-195300
2016/02/18,0,0,0,0
2016/02/19,0,12000,-60000,-48000
2016/02/22,0,0,0,0
2016/02/23,0,0,-13400,-13400
2016/02/24,0,10000,0,10000
2016/02/25,0,282000,-120000,162000
2016/02/26,0,10000,-1300458,-1290458
2016/02/29,0,0,0,0
2016/03/01,0,35000,0,35000
2016/03/02,0,0,-260750,-260750
2016/03/03,0,0,0,0
2016/03/04,0,0,-25000,-25000
2016/03/07,0,0,-351000,-351000
2016/03/08,0,0,-114000,-114000
2016/03/09,0,588000,-149000,439000
2016/03/10,0,287000,-7000,280000
2016/03/11,0,0,-15000,-15000
2016/03/14,0,0,0,0
2016/03/15,0,207000,-2000,205000
2016/03/16,0,450000,-5000,445000
2016/03/17,0,0,0,0
2016/03/18,0,0,-1794000,-1794000
2016/03/21,0,35000,0,35000
2016/03/22,0,98000,0,98000
2016/03/23,0,0,-133400,-133400
2016/03/24,0,0,-300000,-300000
2016/03/25,0,0,-132000,-132000
2016/03/28,0,0,0,0
2016/03/29,0,0,-2000,-2000
2016/03/30,0,0,0,0
2016/03/31,0,0,-320000,-320000
2016/04/01,0,0,-142000,-142000
2016/04/04,0,0,0,0
2016/04/05,0,0,0,0
2016/04/06,0,0,-35000,-35000
2016/04/07,0,95000,-523000,-428000
2016/04/08,0,30000,-35000,-5000
2016/04/11,0,0,-31000,-31000
2016/04/12,0,11000,-17000,-6000
2016/04/13,0,1970000,-159000,1811000
2016/04/14,0,0,-15000,-15000
2016/04/15,0,0,-122000,-122000
2016/04/18,0,0,-10000,-10000
2016/04/19,0,0,-66000,-66000
2016/04/20,0,0,-1000,-1000
2016/04/21,0,0,-8000,-8000
2016/04/22,0,70000,0,70000
2016/04/25,0,0,-2000,-2000
2016/04/26,0,0,-163000,-163000
2016/04/27,0,0,-147000,-147000
2016/04/28,0,0,-76000,-76000
2016/04/29,0,0,-107500,-107500
2016/05/02,0,0,0,0
2016/05/03,0,0,-3000,-3000
2016/05/04,0,0,-370000,-370000
2016/05/05,0,0,-243000,-243000
2016/05/06,0,0,-399000,-399000
2016/05/09,0,0,-2463038,-2463038
2016/05/10,0,13413,0,13413
2016/05/11,0,0,-85000,-85000
2016/05/12,0,0,-185000,-185000
2016/05/13,0,0,-36000,-36000
2016/05/16,0,0,0,0
2016/05/17,0,0,-63000,-63000
2016/05/18,0,0,-547000,-547000
2016/05/19,0,0,-125900,-125900
2016/05/20,0,11000,0,11000
2016/05/23,0,0,-22000,-22000
2016/05/24,0,0,0,0
2016/05/25,0,1030000,-10000,1020000
2016/05/26,0,96000,-9000,87000
2016/05/27,0,108000,-10000,98000
2016/05/30,0,0,0,0
2016/05/31,0,0,-20000,-20000
2016/06/01,0,55000,0,55000
2016/06/02,0,0,-141000,-141000
2016/06/03,0,0,-52000,-52000
2016/06/06,0,0,-21000,-21000
2016/06/07,0,30000,-14000,16000
2016/06/08,0,0,0,0
2016/06/09,0,0,0,0
2016/06/10,0,0,0,0
2016/06/13,0,0,-483574,-483574
2016/06/14,0,0,-249350,-249350
2016/06/15,0,0,-838750,-838750
2016/06/16,0,0,-58000,-58000
2016/06/17,0,3000,-160000,-157000
2016/06/20,0,0,-42000,-42000
2016/06/21,0,0,-45000,-45000
2016/06/22,0,0,-28000,-28000
2016/06/23,0,0,-100050,-100050
2016/06/24,0,0,-54000,-54000
2016/06/27,0,6000,-26000,-20000
2016/06/28,0,4000,0,4000
2016/06/29,0,0,0,0
2016/06/30,0,0,-31000,-31000
2016/07/01,0,0,0,0
2016/07/04,0,0,-128000,-128000
2016/07/05,0,0,-115000,-115000
2016/07/06,0,0,-213000,-213000
2016/07/07,0,25000,0,25000
2016/07/08,0,0,0,0
2016/07/11,0,0,-14000,-14000
2016/07/12,0,80000,0,80000
2016/07/13,0,440000,0,440000
2016/07/14,0,270000,-3000,267000
2016/07/15,0,0,-122000,-122000
2016/07/18,0,350000,0,350000
2016/07/19,0,90000,-7000,83000
2016/07/20,0,158000,-36000,122000
2016/07/21,0,65000,-43000,22000
2016/07/22,0,254000,-86000,168000
2016/07/25,0,561000,0,561000
2016/07/26,0,190000,0,190000
2016/07/27,0,4000,-46000,-42000
2016/07/28,0,45000,0,45000
2016/07/29,0,99725,-277500,-177775
2016/08/01,0,461000,-65000,396000
2016/08/02,0,0,-14000,-14000
2016/08/03,0,43000,-52000,-9000
2016/08/04,0,76000,-107000,-31000
2016/08/05,0,0,-185000,-185000
2016/08/08,0,3000,-246000,-243000
2016/08/09,0,823000,-103000,720000
2016/08/10,0,2000,-100000,-98000
2016/08/11,0,6000,-106000,-100000
2016/08/12,0,1000,-1165000,-1164000
2016/08/15,0,0,-652000,-652000
2016/08/16,0,0,-686000,-686000
2016/08/17,0,7000,-391000,-384000
2016/08/18,0,23000,-9000,14000
2016/08/19,0,184000,-492000,-308000
2016/08/22,0,0,-10000,-10000
2016/08/23,0,0,-322000,-322000
2016/08/24,0,115000,-19000,96000
2016/08/25,0,17000,-175918,-158918
2016/08/26,0,4000,-15000,-11000
2016/08/29,0,0,-3000,-3000
2016/08/30,0,267000,0,267000
2016/08/31,0,54000,-50,53950
2016/09/01,0,282000,0,282000
2016/09/02,0,69000,-94000,-25000
2016/09/05,0,3000,-43000,-40000
2016/09/06,0,520000,-62000,458000
2016/09/07,0,33000,0,33000
2016/09/08,0,0,0,0
2016/09/09,0,1000,-48000,-47000
2016/09/12,0,0,0,0
2016/09/13,0,87000,-31000,56000
2016/09/14,0,892000,-1000,891000
2016/09/15,0,0,0,0
2016/09/16,0,0,0,0
2016/09/19,0,553000,0,553000
2016/09/20,0,1231000,0,1231000
2016/09/21,0,170000,0,170000
2016/09/22,0,175000,-2000,173000
2016/09/23,0,222000,-37830,184170
2016/09/26,0,764000,0,764000
2016/09/27,0,0,0,0
2016/09/28,0,0,0,0
2016/09/29,0,106000,0,106000
2016/09/30,0,195034,-925000,-729966
2016/10/03,0,163000,0,163000
2016/10/04,0,0,-160000,-160000
2016/10/05,0,231000,0,231000
2016/10/06,0,204000,0,204000
2016/10/07,0,384000,0,384000
2016/10/10,0,0,0,0
2016/10/11,0,1398000,-50000,1348000
2016/10/12,0,1050000,0,1050000
2016/10/13,0,1362000,0,1362000
2016/10/14,0,473000,-60000,413000
2016/10/17,0,755000,-130000,625000
2016/10/18,0,818000,0,818000
2016/10/19,0,2909000,0,2909000
2016/10/20,0,1745000,-20000,1725000
2016/10/21,0,2694000,-46000,2648000
2016/10/24,0,285000,0,285000
2016/10/25,0,834000,-25000,809000
2016/10/26,0,602000,-30000,572000
2016/10/27,0,594000,-18000,576000
2016/10/28,0,577000,-17000,560000
2016/10/31,0,223000,0,223000
2016/11/01,0,307000,-15000,292000
2016/11/02,0,181000,-10714,170286
2016/11/03,0,142000,-58000,84000
2016/11/04,0,425000,0,425000
2016/11/07,0,720000,-52000,668000
2016/11/08,0,526000,0,526000
2016/11/09,0,28000,-30000,-2000
2016/11/10,0,112000,-834000,-722000
2016/11/11,0,147000,-510000,-363000
2016/11/14,0,162000,-317000,-155000
2016/11/15,0,130000,-100000,30000
2016/11/16,0,20000,-124200,-104200
2016/11/17,0,76000,-25000,51000
2016/11/18,0,600000,-168000,432000
2016/11/21,0,70000,0,70000
2016/11/22,0,633000,-111183,521817
2016/11/23,0,78000,0,78000
2016/11/24,0,191000,-99365,91635
2016/11/25,0,172000,0,172000
2016/11/28,0,140000,0,140000
2016/11/29,0,136000,-163000,-27000
2016/11/30,0,287000,-13000,274000
2016/12/01,0,6000,-7000,-1000
2016/12/02,0,0,0,0
2016/12/05,0,246000,0,246000
2016/12/06,0,10000,-21000,-11000
2016/12/07,0,1667000,-80000,1587000
2016/12/08,0,603000,-280000,323000
2016/12/09,0,694000,0,694000
2016/12/12,0,160000,-220,159780
2016/12/13,0,196000,0,196000
2016/12/14,0,524000,0,524000
2016/12/15,0,232000,-200000,32000
2016/12/16,0,60000,-30000,30000
2016/12/19,0,324000,0,324000
2016/12/20,0,1510000,-5800,1504200
2016/12/21,0,285000,-27000,258000
2016/12/22,0,1006000,0,1006000
2016/12/23,0,45000,0,45000
2016/12/26,0,190000,0,190000
2016/12/27,0,429000,0,429000
2016/12/28,0,659000,0,659000
2016/12/29,0,510000,0,510000
2016/12/30,0,136000,0,136000
2017/01/02,0,0,0,0
2017/01/03,0,120000,0,120000
2017/01/04,0,239000,0,239000
2017/01/05,0,225000,0,225000
2017/01/06,0,457000,-3000,454000
2017/01/09,0,46000,-900000,-854000
2017/01/10,0,163000,0,163000
2017/01/11,0,183000,-49000,134000
2017/01/12,0,82000,-543000,-461000
2017/01/13,0,138000,0,138000
2017/01/16,0,200000,0,200000
2017/01/17,0,75000,0,75000
2017/01/18,0,100000,-127000,-27000
2017/01/19,0,500000,-1000,499000
2017/01/20,0,261000,0,261000
2017/01/23,0,104139,0,104139
2017/01/24,0,52000,-254000,-202000
2017/01/25,0,0,0,0
2017/01/26,0,0,0,0
2017/01/27,0,0,0,0
2017/01/30,0,0,0,0
2017/01/31,0,0,0,0
2017/02/01,0,0,0,0
2017/02/02,0,384000,-531000,-147000
2017/02/03,0,309000,-644000,-335000
2017/02/06,0,2686000,-30000,2656000
2017/02/07,0,1447000,-719000,728000
2017/02/08,0,3279000,0,3279000
2017/02/09,0,1370000,0,1370000
2017/02/10,0,1734000,0,1734000
2017/02/13,0,1162000,-39000,1123000
2017/02/14,0,606000,0,606000
2017/02/15,0,460000,-25000,435000
2017/02/16,0,355000,0,355000
2017/02/17,0,325000,-228000,97000
2017/02/20,0,6000,-554000,-548000
2017/02/21,0,489000,-44000,445000
2017/02/22,0,187000,-141000,46000
2017/02/23,0,128000,-1731000,-1603000
2017/02/24,0,44000,-270000,-226000
2017/02/27,0,0,0,0
2017/02/28,0,0,0,0
2017/03/01,0,359000,-3000,356000
2017/03/02,0,115000,-95000,20000
2017/03/03,0,54000,-776000,-722000
2017/03/06,0,383000,0,383000
2017/03/07,0,1273000,-75000,1198000
2017/03/08,0,0,-12000,-12000
2017/03/09,0,412000,-237000,175000
2017/03/10,0,0,-2000,-2000
2017/03/13,0,0,-654000,-654000
2017/03/14,0,32000,-63000,-31000
2017/03/15,0,446000,-190000,256000
2017/03/16,0,0,0,0
2017/03/17,0,110000,-301000,-191000
2017/03/20,0,40000,-141000,-101000
2017/03/21,0,50000,-22000,28000
2017/03/22,0,33000,-562000,-529000
2017/03/23,0,0,-93000,-93000
2017/03/24,0,5000,-145000,-140000
2017/03/27,0,132000,-197000,-65000
2017/03/28,0,104000,-400000,-296000
2017/03/29,0,80000,-94000,-14000
2017/03/30,0,15000,-20000,-5000
2017/03/31,0,435000,-186000,249000
2017/04/03,0,0,0,0
2017/04/04,0,0,0,0
2017/04/05,0,1074000,-84000,990000
2017/04/06,0,441000,-428000,13000
2017/04/07,0,341000,-185000,156000
2017/04/10,0,245000,-93000,152000
2017/04/11,0,303000,0,303000
2017/04/12,0,695000,-130000,565000
2017/04/13,0,992000,-200000,792000
2017/04/14,0,584000,-597674,-13674
2017/04/17,0,247000,0,247000
2017/04/18,0,281000,0,281000
2017/04/19,0,17000,0,17000
2017/04/20,0,128000,-17501,110499
2017/04/21,0,432000,-89046,342954
2017/04/24,0,79000,-39000,40000
2017/04/25,0,147000,-54475,92525
2017/04/26,0,75000,-69000,6000
2017/04/27,0,19000,0,19000
2017/04/28,0,388000,-114000,274000
2017/05/01,0,0,0,0
2017/05/02,0,402000,0,402000
2017/05/03,0,935000,-30000,905000
2017/05/04,0,2365000,-58000,2307000
2017/05/05,0,55000,-32000,23000
2017/05/08,0,14000,-14000,0
2017/05/09,0,1379000,-73000,1306000
2017/05/10,0,162000,-101000,61000
2017/05/11,0,178000,-109000,69000
2017/05/12,0,327000,-100000,227000
2017/05/15,0,680000,-90000,590000
2017/05/16,0,2252000,-38000,2214000
2017/05/17,0,130000,-13000,117000
2017/05/18,0,10000,-402000,-392000
2017/05/19,0,80000,-541000,-461000
2017/05/22,0,395000,-113000,282000
2017/05/23,0,119000,-13000,106000
2017/05/24,0,0,-63000,-63000
2017/05/25,0,0,-16000,-16000
2017/05/26,0,832000,-582000,250000
2017/05/29,0,0,0,0
2017/05/30,0,0,0,0
2017/05/31,0,0,-35000,-35000
2017/06/01,0,0,-239000,-239000
2017/06/02,0,19000,-113000,-94000
2017/06/05,0,208000,-220000,-12000
2017/06/06,0,158000,-656000,-498000
2017/06/07,0,232000,-205000,27000
2017/06/08,0,0,-14000,-14000
2017/06/09,0,650000,-43000,607000
2017/06/12,0,114000,-203000,-89000
2017/06/13,0,0,-480415,-480415
2017/06/14,0,317000,-213796,103204
2017/06/15,0,69000,-1300000,-1231000
2017/06/16,0,143000,-234000,-91000
2017/06/19,0,1105000,-140000,965000
2017/06/20,0,2627000,-98000,2529000
2017/06/21,0,2039000,-267000,1772000
2017/06/22,0,236000,-118000,118000
2017/06/23,0,802000,-80000,722000
2017/06/26,0,1712000,-116000,1596000
2017/06/27,0,49000,-329800,-280800
2017/06/28,0,137000,-743000,-606000
2017/06/29,0,112000,-318000,-206000
2017/06/30,0,303000,-14000,289000
2017/07/03,0,465000,-716000,-251000
2017/07/04,0,514000,-854000,-340000
2017/07/05,0,773000,-554000,219000
2017/07/06,0,619000,-764000,-145000
2017/07/07,0,59000,-1006000,-947000
2017/07/10,0,308000,-292000,16000
2017/07/11,0,962000,-292000,670000
2017/07/12,0,746000,-109000,637000
2017/07/13,0,251000,-47000,204000
2017/07/14,0,95000,-62000,33000
2017/07/17,0,153635,-642000,-488365
2017/07/18,0,56000,-384000,-328000
2017/07/19,0,7000,-207000,-200000
2017/07/20,0,121000,-406000,-285000
2017/07/21,0,86000,-541000,-455000
2017/07/24,0,100000,-500000,-400000
2017/07/25,0,87000,-178000,-91000
2017/07/26,0,2000,-315000,-313000
2017/07/27,0,70000,-148000,-78000
2017/07/28,0,55000,-163000,-108000
2017/07/31,0,367000,-115000,252000
2017/08/01,0,164000,-42000,122000
2017/08/02,0,763000,-393000,370000
2017/08/03,0,359000,-493000,-134000
2017/08/04,0,133000,-288000,-155000
2017/08/07,0,89000,-595000,-506000
2017/08/08,0,438000,-78000,360000
2017/08/09,0,140000,-115000,25000
2017/08/10,0,3000,-320000,-317000
2017/08/11,0,46000,-402000,-356000
2017/08/14,0,29000,-154000,-125000
2017/08/15,0,453000,-283000,170000
2017/08/16,0,1369000,-158000,1211000
2017/08/17,0,112000,-70000,42000
2017/08/18,0,27000,-246000,-219000
