Date,Open,Buy,Sell,Total
2007/04/23,0,98000,-206000,-108000
2007/04/24,0,100000,-93000,7000
2007/04/25,0,31000,-209000,-178000
2007/04/26,0,33000,-123000,-90000
2007/04/27,0,1000,-110000,-109000
2007/04/30,0,37000,-105200,-68200
2007/05/01,0,0,0,0
2007/05/02,0,1016000,-168000,848000
2007/05/03,0,393000,-501000,-108000
2007/05/04,0,194000,-3300,190700
2007/05/07,0,595000,-50000,545000
2007/05/08,0,11000,-199000,-188000
2007/05/09,0,0,-169000,-169000
2007/05/10,0,57000,-84000,-27000
2007/05/11,0,103000,-262000,-159000
2007/05/14,0,80000,-186000,-106000
2007/05/15,0,110000,-187000,-77000
2007/05/16,0,233000,-218000,15000
2007/05/17,0,12000,-152000,-140000
2007/05/18,0,12000,-34000,-22000
2007/05/21,0,679000,-405000,274000
2007/05/22,0,444000,-264000,180000
2007/05/23,0,538000,-166000,372000
2007/05/24,0,38000,-269000,-231000
2007/05/25,0,221000,-97000,124000
2007/05/28,0,25000,-283000,-258000
2007/05/29,0,47000,-59000,-12000
2007/05/30,0,245000,-183000,62000
2007/05/31,0,1584000,-101720,1482280
2007/06/01,0,277000,-360000,-83000
2007/06/04,0,56000,-180464,-124464
2007/06/05,0,526000,-777000,-251000
2007/06/06,0,296000,-474000,-178000
2007/06/07,0,396000,-192000,204000
2007/06/08,0,164000,-226000,-62000
2007/06/11,0,6000,-424000,-418000
2007/06/12,0,463000,-867000,-404000
2007/06/13,0,622000,-159000,463000
2007/06/14,0,364000,-557000,-193000
2007/06/15,0,125000,-380000,-255000
2007/06/18,0,0,0,0
2007/06/19,0,0,0,0
2007/06/20,0,240000,-912000,-672000
2007/06/21,0,625000,-371000,254000
2007/06/22,0,322000,-181000,141000
2007/06/25,0,220000,-90000,130000
2007/06/26,0,447000,-258000,189000
2007/06/27,0,149000,-19000,130000
2007/06/28,0,119000,-217000,-98000
2007/06/29,0,187000,-1183000,-996000
2007/07/02,0,134000,-285000,-151000
2007/07/03,0,171000,-334000,-163000
2007/07/04,0,211000,-573000,-362000
2007/07/05,0,40000,-61000,-21000
2007/07/06,0,36000,-272000,-236000
2007/07/09,0,179000,-135000,44000
2007/07/10,0,67000,-84000,-17000
2007/07/11,0,191000,-165224,25776
2007/07/12,0,97000,-180000,-83000
2007/07/13,0,95000,-404204,-309204
2007/07/16,0,14000,-529856,-515856
2007/07/17,0,241000,-385000,-144000
2007/07/18,0,103000,-353000,-250000
2007/07/19,0,119000,-313782,-194782
2007/07/20,0,218000,-377000,-159000
2007/07/23,0,106000,-555000,-449000
2007/07/24,0,320000,-468000,-148000
2007/07/25,0,129000,-22000,107000
2007/07/26,0,172000,-458000,-286000
2007/07/27,0,502000,-688000,-186000
2007/07/30,0,593000,-371360,221640
2007/07/31,0,380000,-720000,-340000
2007/08/01,0,940000,-413000,527000
2007/08/02,0,817000,-295684,521316
2007/08/03,0,748000,-1314000,-566000
2007/08/06,0,187000,-237000,-50000
2007/08/07,0,370000,-505000,-135000
2007/08/08,0,202000,-378000,-176000
2007/08/09,0,273000,-983716,-710716
2007/08/10,0,212000,-372000,-160000
2007/08/13,0,121000,-225000,-104000
2007/08/14,0,177000,-810000,-633000
2007/08/15,0,288000,-988000,-700000
2007/08/16,0,1094000,-792000,302000
2007/08/17,0,1012000,-251000,761000
2007/08/20,0,146000,-104000,42000
2007/08/21,0,1268000,-1064000,204000
2007/08/22,0,740000,-281000,459000
2007/08/23,0,421000,-743000,-322000
2007/08/24,0,763000,-667000,96000
2007/08/27,0,504000,-1246000,-742000
2007/08/28,0,683000,-577000,106000
2007/08/29,0,247000,-325000,-78000
2007/08/30,0,69000,-506000,-437000
2007/08/31,0,742000,-424000,318000
2007/09/03,0,251000,-791000,-540000
2007/09/04,0,496000,-381000,115000
2007/09/05,0,50000,-245000,-195000
2007/09/06,0,206000,-545000,-339000
2007/09/07,0,312000,-282000,30000
2007/09/10,0,591000,-321000,270000
2007/09/11,0,485000,-411000,74000
2007/09/12,0,456000,-501000,-45000
2007/09/13,0,224000,-490000,-266000
2007/09/14,0,229000,-130000,99000
2007/09/17,0,229000,-270000,-41000
2007/09/18,0,0,0,0
2007/09/19,0,183000,-410000,-227000
2007/09/20,0,669000,-323000,346000
2007/09/21,0,209000,-158000,51000
2007/09/24,0,0,0,0
2007/09/25,0,0,0,0
2007/09/26,0,491000,0,491000
2007/09/27,0,985000,-427000,558000
2007/09/28,0,114000,-673000,-559000
2007/10/01,0,177000,-562000,-385000
2007/10/02,0,476000,-348000,128000
2007/10/03,0,762000,-778000,-16000
2007/10/04,0,482000,-1474000,-992000
2007/10/05,0,311000,-530000,-219000
2007/10/08,0,309000,-262000,47000
2007/10/09,0,349000,-300000,49000
2007/10/10,0,0,0,0
2007/10/11,0,278000,-177000,101000
2007/10/12,0,112000,-758000,-646000
2007/10/15,0,161000,-484000,-323000
2007/10/16,0,163000,-127000,36000
2007/10/17,0,168000,-314000,-146000
2007/10/18,0,507000,-97600,409400
2007/10/19,0,255000,-332000,-77000
2007/10/22,0,456000,-932000,-476000
2007/10/23,0,308000,-286000,22000
2007/10/24,0,724000,-541000,183000
2007/10/25,0,672000,-400000,272000
2007/10/26,0,308000,-82000,226000
2007/10/29,0,1383000,-365000,1018000
2007/10/30,0,700000,-449000,251000
2007/10/31,0,661400,-513000,148400
2007/11/01,0,564000,-1437000,-873000
2007/11/02,0,625000,-1388000,-763000
2007/11/05,0,268000,-175000,93000
2007/11/06,0,171000,-482000,-311000
2007/11/07,0,45000,-140000,-95000
2007/11/08,0,447000,-689000,-242000
2007/11/09,0,234000,-382000,-148000
2007/11/12,0,440000,-626000,-186000
2007/11/13,0,1349000,-199000,1150000
2007/11/14,0,669000,-502000,167000
2007/11/15,0,90000,-45000,45000
2007/11/16,0,1089000,-631000,458000
2007/11/19,0,275000,-627800,-352800
2007/11/20,0,733000,-312000,421000
2007/11/21,0,212000,-677000,-465000
2007/11/22,0,380000,-190000,190000
2007/11/23,0,550000,-517000,33000
2007/11/26,0,615000,-266000,349000
2007/11/27,0,623000,-271000,352000
2007/11/28,0,684000,-967000,-283000
2007/11/29,0,286000,-719000,-433000
2007/11/30,0,122000,-301000,-179000
2007/12/03,0,472000,-247000,225000
2007/12/04,0,178000,-480000,-302000
2007/12/05,0,238000,-462000,-224000
2007/12/06,0,422000,-391000,31000
2007/12/07,0,44000,-298000,-254000
2007/12/10,0,62000,-99000,-37000
2007/12/11,0,152000,-548000,-396000
2007/12/12,0,413000,-135000,278000
2007/12/13,0,508000,-582000,-74000
2007/12/14,0,821000,-915000,-94000
2007/12/17,0,268000,-597000,-329000
2007/12/18,0,1004000,-726000,278000
2007/12/19,0,828000,-446600,381400
2007/12/20,0,105000,-766000,-661000
2007/12/21,0,172000,-256000,-84000
2007/12/24,0,206000,-64000,142000
2007/12/25,0,158000,-127000,31000
2007/12/26,0,472000,-208000,264000
2007/12/27,0,968000,-44000,924000
2007/12/28,0,720000,-336000,384000
2007/12/31,0,188000,-29000,159000
2008/01/01,0,0,0,0
2008/01/02,0,86000,-462000,-376000
2008/01/03,0,485824,-139000,346824
2008/01/04,0,493000,-152000,341000
2008/01/07,0,509000,-1052000,-543000
2008/01/08,0,83000,-711000,-628000
2008/01/09,0,772000,-138000,634000
2008/01/10,0,872000,-319000,553000
2008/01/11,0,483000,-39000,444000
2008/01/14,0,352000,-294000,58000
2008/01/15,0,942000,-553000,389000
2008/01/16,0,462000,-583000,-121000
2008/01/17,0,393000,-945000,-552000
2008/01/18,0,357000,-110000,247000
2008/01/21,0,72000,-133000,-61000
2008/01/22,0,71000,-334000,-263000
2008/01/23,0,393000,-572000,-179000
2008/01/24,0,224000,-199000,25000
2008/01/25,0,701000,-287000,414000
2008/01/28,0,260000,-523000,-263000
2008/01/29,0,351000,-237000,114000
2008/01/30,0,245000,-74000,171000
2008/01/31,0,361000,-234200,126800
2008/02/01,0,345000,-161000,184000
2008/02/04,0,0,0,0
2008/02/05,0,0,0,0
2008/02/06,0,0,0,0
2008/02/07,0,0,0,0
2008/02/08,0,0,0,0
2008/02/11,0,0,0,0
2008/02/12,0,94000,-1169000,-1075000
2008/02/13,0,89000,-444000,-355000
2008/02/14,0,445000,-203000,242000
2008/02/15,0,398000,-61826,336174
2008/02/18,0,80000,-133000,-53000
2008/02/19,0,133000,-132000,1000
2008/02/20,0,84000,-357000,-273000
2008/02/21,0,517000,-97000,420000
2008/02/22,0,777000,-219000,558000
2008/02/25,0,1004000,-198190,805810
2008/02/26,0,76000,-701000,-625000
2008/02/27,0,44000,-1234880,-1190880
2008/02/28,0,0,0,0
2008/02/29,0,104000,-450000,-346000
2008/03/03,0,348000,-131663,216337
2008/03/04,0,196000,-282000,-86000
2008/03/05,0,242000,-44000,198000
2008/03/06,0,434000,-158314,275686
2008/03/07,0,300000,-56000,244000
2008/03/10,0,302000,-722000,-420000
2008/03/11,0,817000,-170000,647000
2008/03/12,0,706000,-443453,262547
2008/03/13,0,492000,-223000,269000
2008/03/14,0,355000,-348000,7000
2008/03/17,0,1089000,-477000,612000
2008/03/18,0,1326000,-248097,1077903
2008/03/19,0,500400,-414000,86400
2008/03/20,0,1568000,-136000,1432000
2008/03/21,0,703000,-519000,184000
2008/03/24,0,1623000,-819000,804000
2008/03/25,0,560000,-532000,28000
2008/03/26,0,250000,-444000,-194000
2008/03/27,0,1002000,-1101000,-99000
2008/03/28,0,1176000,-672816,503184
2008/03/31,0,947000,-671308,275692
2008/04/01,0,353000,-372000,-19000
2008/04/02,0,1256000,-423000,833000
2008/04/03,0,433000,-641000,-208000
2008/04/04,0,0,0,0
2008/04/07,0,1612000,-263000,1349000
2008/04/08,0,1143000,-710000,433000
2008/04/09,0,671000,-800000,-129000
2008/04/10,0,634000,-933000,-299000
2008/04/11,0,1592000,-1244000,348000
2008/04/14,0,202000,-371410,-169410
2008/04/15,0,339000,-230000,109000
2008/04/16,0,121000,-321000,-200000
2008/04/17,0,570000,-779000,-209000
2008/04/18,0,848000,-259000,589000
2008/04/21,0,665000,-208000,457000
2008/04/22,0,637000,-166000,471000
2008/04/23,0,1491000,-1317000,174000
2008/04/24,0,730000,-1516000,-786000
2008/04/25,0,757000,-130000,627000
2008/04/28,0,468000,-379000,89000
2008/04/29,0,633000,-302000,331000
2008/04/30,0,338000,-236000,102000
2008/05/01,0,0,0,0
2008/05/02,0,976000,-614000,362000
2008/05/05,0,1348000,-1339000,9000
2008/05/06,0,716000,-101000,615000
2008/05/07,0,1156000,-272000,884000
2008/05/08,0,218000,-72000,146000
2008/05/09,0,1175000,-291000,884000
2008/05/12,0,886000,-122210,763790
2008/05/13,0,1399000,-230000,1169000
2008/05/14,0,1039018,-1245000,-205982
2008/05/15,0,1300000,-1661000,-361000
2008/05/16,0,698000,-870000,-172000
2008/05/19,0,271000,-1027000,-756000
2008/05/20,0,491000,-1655000,-1164000
2008/05/21,0,313000,-761000,-448000
2008/05/22,0,502000,-530000,-28000
2008/05/23,0,203000,-1409000,-1206000
2008/05/26,0,462000,-772000,-310000
2008/05/27,0,48000,-150000,-102000
2008/05/28,0,162000,-280000,-118000
2008/05/29,0,245000,-220000,25000
2008/05/30,0,692000,-198000,494000
2008/06/02,0,865000,-563493,301507
2008/06/03,0,445000,-437000,8000
2008/06/04,0,309000,-616000,-307000
2008/06/05,0,1010000,-180000,830000
2008/06/06,0,765000,-369000,396000
2008/06/09,0,286000,-1601000,-1315000
2008/06/10,0,163000,-836000,-673000
2008/06/11,0,437000,-335000,102000
2008/06/12,0,743000,-321000,422000
2008/06/13,0,92000,-299000,-207000
2008/06/16,0,251000,-544000,-293000
2008/06/17,0,273000,-255000,18000
2008/06/18,0,521000,-364000,157000
2008/06/19,0,323000,-351000,-28000
2008/06/20,0,585000,-446000,139000
2008/06/23,0,462000,-775000,-313000
2008/06/24,0,309000,-775000,-466000
2008/06/25,0,794000,-770000,24000
2008/06/26,0,814000,-142000,672000
2008/06/27,0,496000,-1596000,-1100000
2008/06/30,0,809000,-676000,133000
2008/07/01,0,530000,-118000,412000
2008/07/02,0,1194000,-66000,1128000
2008/07/03,0,1137000,-425000,712000
2008/07/04,0,415000,-296000,119000
2008/07/07,0,110000,-48000,62000
2008/07/08,0,636000,-664000,-28000
2008/07/09,0,1064000,-466000,598000
2008/07/10,0,762000,-845000,-83000
2008/07/11,0,677000,-161000,516000
2008/07/14,0,1081000,-251000,830000
2008/07/15,0,525000,-844000,-319000
2008/07/16,0,715000,-430000,285000
2008/07/17,0,1801000,-400000,1401000
2008/07/18,0,521000,-1057135,-536135
2008/07/21,0,1954000,-289000,1665000
2008/07/22,0,1626000,-1038000,588000
2008/07/23,0,1163000,-943000,220000
2008/07/24,0,401000,-1061000,-660000
2008/07/25,0,305000,-221000,84000
2008/07/28,0,0,0,0
2008/07/29,0,887000,-421000,466000
2008/07/30,0,279000,-456000,-177000
2008/07/31,0,292000,-1113000,-821000
2008/08/01,0,767000,-182000,585000
2008/08/04,0,910000,-154000,756000
2008/08/05,0,692000,-189000,503000
2008/08/06,0,1049000,-1020000,29000
2008/08/07,0,1077000,-503000,574000
2008/08/08,0,1420000,-299000,1121000
2008/08/11,0,574000,-920000,-346000
2008/08/12,0,774000,-1080000,-306000
2008/08/13,0,230000,-410000,-180000
2008/08/14,0,905000,-262000,643000
2008/08/15,0,225000,-1123000,-898000
2008/08/18,0,871000,-1121000,-250000
2008/08/19,0,983000,-752000,231000
2008/08/20,0,338000,-435000,-97000
2008/08/21,0,197000,-351000,-154000
2008/08/22,0,142000,-1306000,-1164000
2008/08/25,0,267000,-121000,146000
2008/08/26,0,322000,-126000,196000
2008/08/27,0,1668000,-89000,1579000
2008/08/28,0,2063000,-788000,1275000
2008/08/29,0,781000,-548000,233000
2008/09/01,0,1069000,-685000,384000
2008/09/02,0,1127000,-1747000,-620000
2008/09/03,0,1022000,-1645000,-623000
2008/09/04,0,487000,-1124000,-637000
2008/09/05,0,751000,-467000,284000
2008/09/08,0,370000,-69000,301000
2008/09/09,0,1073000,-694004,378996
2008/09/10,0,933000,-112000,821000
2008/09/11,0,1002000,-574600,427400
2008/09/12,0,1178000,-144000,1034000
2008/09/15,0,1912000,-527000,1385000
2008/09/16,0,611000,-1027000,-416000
2008/09/17,0,881000,-588854,292146
2008/09/18,0,938000,-1244000,-306000
2008/09/19,0,607000,-323000,284000
2008/09/22,0,621000,-1212000,-591000
2008/09/23,0,567000,-1112000,-545000
2008/09/24,0,425000,-295000,130000
2008/09/25,0,669000,-437261,231739
2008/09/26,0,399000,-1586000,-1187000
2008/09/29,0,0,0,0
2008/09/30,0,109000,-1649000,-1540000
2008/10/01,0,438000,-616800,-178800
2008/10/02,0,518000,-317674,200326
2008/10/03,0,1111000,-1349048,-238048
2008/10/06,0,269000,-511880,-242880
2008/10/07,0,696000,-639545,56455
2008/10/08,0,547000,-1466000,-919000
2008/10/09,0,869000,-517652,351348
2008/10/10,0,0,0,0
2008/10/13,0,797000,-430000,367000
2008/10/14,0,848000,-195000,653000
2008/10/15,0,339000,-822500,-483500
2008/10/16,0,4000,-81419,-77419
2008/10/17,0,843000,-715000,128000
2008/10/20,0,730000,-72945,657055
2008/10/21,0,995000,-364000,631000
2008/10/22,0,218000,-86000,132000
2008/10/23,0,94000,-34014,59986
2008/10/24,0,101000,-10586,90414
2008/10/27,0,422000,-12000,410000
2008/10/28,0,1125000,-599081,525919
2008/10/29,0,1009000,-463000,546000
2008/10/30,0,683000,-361000,322000
2008/10/31,0,1401000,-786000,615000
2008/11/03,0,1203000,-781000,422000
2008/11/04,0,854000,-797000,57000
2008/11/05,0,754000,-538000,216000
2008/11/06,0,310000,-214000,96000
2008/11/07,0,544000,-984000,-440000
2008/11/10,0,490000,-298000,192000
2008/11/11,0,344181,-766000,-421819
2008/11/12,0,137000,-179000,-42000
2008/11/13,0,606000,-1134000,-528000
2008/11/14,0,525000,-610018,-85018
2008/11/17,0,65250,-242867,-177617
2008/11/18,0,344750,-346000,-1250
2008/11/19,0,501000,-1493511,-992511
2008/11/20,0,1208000,-430550,777450
2008/11/21,0,1301000,-493250,807750
2008/11/24,0,968000,-46912,921088
2008/11/25,0,853000,-400800,452200
2008/11/26,0,190550,-387150,-196600
2008/11/27,0,819000,-567000,252000
2008/11/28,0,1418000,-538949,879051
2008/12/01,0,781000,-119982,661018
2008/12/02,0,54000,-677000,-623000
2008/12/03,0,152000,-1531000,-1379000
2008/12/04,0,556000,-89000,467000
2008/12/05,0,223000,-609418,-386418
2008/12/08,0,376000,-143000,233000
2008/12/09,0,2056000,-206000,1850000
2008/12/10,0,1837600,-806000,1031600
2008/12/11,0,1000000,-732000,268000
2008/12/12,0,828000,-1567000,-739000
2008/12/15,0,626000,-425000,201000
2008/12/16,0,218000,-650000,-432000
2008/12/17,0,624000,-990000,-366000
2008/12/18,0,604000,-533250,70750
2008/12/19,0,645400,-550000,95400
2008/12/22,0,324000,-762200,-438200
2008/12/23,0,280000,-1386000,-1106000
2008/12/24,0,98000,-352000,-254000
2008/12/25,0,44000,-75000,-31000
2008/12/26,0,91000,-52000,39000
2008/12/29,0,229000,-121000,108000
2008/12/30,0,198000,-193258,4742
2008/12/31,0,135000,-434821,-299821
2009/01/01,0,0,0,0
2009/01/02,0,0,0,0
2009/01/05,0,17000,-126000,-109000
2009/01/06,0,1665000,-521000,1144000
2009/01/07,0,1415000,-882000,533000
2009/01/08,0,1237000,-769350,467650
2009/01/09,0,489000,-1143000,-654000
2009/01/12,0,197000,-244000,-47000
2009/01/13,0,671000,-15000,656000
2009/01/14,0,286000,-273000,13000
2009/01/15,0,372000,-755000,-383000
2009/01/16,0,264000,-34000,230000
2009/01/19,0,179000,-54000,125000
2009/01/20,0,900026,-86000,814026
2009/01/21,0,1113000,-90000,1023000
2009/01/22,0,0,0,0
2009/01/23,0,0,0,0
2009/01/26,0,0,0,0
2009/01/27,0,0,0,0
2009/01/28,0,0,0,0
2009/01/29,0,0,0,0
2009/01/30,0,0,0,0
2009/02/02,0,254000,-125563,128437
2009/02/03,0,1758000,-472000,1286000
2009/02/04,0,562000,-725000,-163000
2009/02/05,0,569000,-88000,481000
2009/02/06,0,738000,-744000,-6000
2009/02/09,0,1880000,-1051000,829000
2009/02/10,0,365000,-1105000,-740000
2009/02/11,0,613000,-537077,75923
2009/02/12,0,471000,-2439000,-1968000
2009/02/13,0,495000,-374000,121000
2009/02/16,0,1727000,-1177000,550000
2009/02/17,0,413000,-1046600,-633600
2009/02/18,0,797000,-961000,-164000
2009/02/19,0,1488000,-1485000,3000
2009/02/20,0,557000,-1193633,-636633
2009/02/23,0,980000,-521000,459000
2009/02/24,0,891000,-950000,-59000
2009/02/25,0,2380000,-998000,1382000
2009/02/26,0,1029000,-1550000,-521000
2009/02/27,0,799000,-637000,162000
2009/03/02,0,1096000,-684150,411850
2009/03/03,0,840000,-1142000,-302000
2009/03/04,0,2105000,-1172000,933000
2009/03/05,0,1654000,-1931000,-277000
2009/03/06,0,903000,-1524000,-621000
2009/03/09,0,1609000,-384000,1225000
2009/03/10,0,1675000,-885000,790000
2009/03/11,0,1679000,-2589000,-910000
2009/03/12,0,151000,-1461000,-1310000
2009/03/13,0,994000,-632000,362000
2009/03/16,0,553000,-915000,-362000
2009/03/17,0,1204000,-809000,395000
2009/03/18,0,1189000,-781000,408000
2009/03/19,0,630000,-722000,-92000
2009/03/20,0,630000,-722000,-92000
2009/03/23,0,738000,-310000,428000
2009/03/24,0,706000,-405039,300961
2009/03/25,0,1065000,-596000,469000
2009/03/26,0,1128000,-911000,217000
2009/03/27,0,364000,-2186000,-1822000
2009/03/30,0,294000,-1957000,-1663000
2009/03/31,0,396000,-432000,-36000
2009/04/01,0,436000,-536000,-100000
2009/04/02,0,573000,-492080,80920
2009/04/03,0,319000,-795000,-476000
2009/04/06,0,422000,-363520,58480
2009/04/07,0,801000,-515000,286000
2009/04/08,0,331000,-1576000,-1245000
2009/04/09,0,891000,-335000,556000
2009/04/10,0,568000,-1849516,-1281516
2009/04/13,0,1906000,-1931000,-25000
2009/04/14,0,1027000,-1328000,-301000
2009/04/15,0,585000,-1909000,-1324000
2009/04/16,0,529000,-1741000,-1212000
2009/04/17,0,770000,-1698000,-928000
2009/04/20,0,1207000,-913000,294000
2009/04/21,0,1119000,-409000,710000
2009/04/22,0,457000,-914000,-457000
2009/04/23,0,310000,-969000,-659000
2009/04/24,0,795000,-734000,61000
2009/04/27,0,1076000,-1839000,-763000
2009/04/28,0,420000,-476024,-56024
2009/04/29,0,531000,-172000,359000
2009/04/30,0,42000,-66000,-24000
2009/05/01,0,0,0,0
2009/05/04,0,0,-5000,-5000
2009/05/05,0,127000,-73000,54000
2009/05/06,0,2986000,-797750,2188250
2009/05/07,0,1090000,-1395000,-305000
2009/05/08,0,781000,-228612,552388
2009/05/11,0,394000,-599006,-205006
2009/05/12,0,565000,-1037000,-472000
2009/05/13,0,545000,-1071000,-526000
2009/05/14,0,798000,-811000,-13000
2009/05/15,0,666000,-598000,68000
2009/05/18,0,481000,-1319000,-838000
2009/05/19,0,405000,-965000,-560000
2009/05/20,0,1253000,-608000,645000
2009/05/21,0,216000,-1565000,-1349000
2009/05/22,0,684000,-759754,-75754
2009/05/25,0,1182000,-774000,408000
2009/05/26,0,2289000,-514000,1775000
2009/05/27,0,4445000,-597614,3847386
2009/05/28,0,0,0,0
2009/05/29,0,0,0,0
2009/06/01,0,2435000,-2437000,-2000
2009/06/02,0,383000,-6948470,-6565470
2009/06/03,0,350000,-488600,-138600
2009/06/04,0,661000,-1908000,-1247000
2009/06/05,0,260000,-329000,-69000
2009/06/08,0,193000,-725000,-532000
2009/06/09,0,1843000,-368000,1475000
2009/06/10,0,1088000,-705080,382920
2009/06/11,0,1181000,-1038000,143000
2009/06/12,0,368000,-2215000,-1847000
2009/06/15,0,1002000,-524000,478000
2009/06/16,0,682000,-659000,23000
2009/06/17,0,387000,-704000,-317000
2009/06/18,0,988000,-570000,418000
2009/06/19,0,674000,-238000,436000
2009/06/22,0,914000,-616000,298000
2009/06/23,0,283000,-242000,41000
2009/06/24,0,2021000,-819000,1202000
2009/06/25,0,615000,-1149000,-534000
2009/06/26,0,178000,-411000,-233000
2009/06/29,0,401000,-582000,-181000
2009/06/30,0,546000,-457000,89000
2009/07/01,0,1308000,-485000,823000
2009/07/02,0,412000,-594000,-182000
2009/07/03,0,359000,-200000,159000
2009/07/06,0,258000,-330000,-72000
2009/07/07,0,1474000,-105000,1369000
2009/07/08,0,440000,-668000,-228000
2009/07/09,0,1778000,-420000,1358000
2009/07/10,0,1717000,-931000,786000
2009/07/13,0,1606000,-2091000,-485000
2009/07/14,0,837000,-356000,481000
2009/07/15,0,1283415,-852000,431415
2009/07/16,0,852000,-1214000,-362000
2009/07/17,0,701000,-523000,178000
2009/07/20,0,550000,-794000,-244000
2009/07/21,0,988000,-3103000,-2115000
2009/07/22,0,427000,-473000,-46000
2009/07/23,0,899000,-360450,538550
2009/07/24,0,601000,-1173440,-572440
2009/07/27,0,414001,-747500,-333499
2009/07/28,0,1319580,-413400,906180
2009/07/29,0,647500,-1064000,-416500
2009/07/30,0,385000,-1292000,-907000
2009/07/31,0,52000,-1134000,-1082000
2009/08/03,0,106533,-1196900,-1090367
2009/08/04,0,316000,-864300,-548300
2009/08/05,0,209000,-310000,-101000
2009/08/06,0,400000,-256000,144000
2009/08/07,0,0,0,0
2009/08/10,0,129000,-332300,-203300
2009/08/11,0,482000,-372000,110000
2009/08/12,0,203000,-724500,-521500
2009/08/13,0,707000,-215000,492000
2009/08/14,0,449000,-153000,296000
2009/08/17,0,325000,-753000,-428000
2009/08/18,0,1174000,-236000,938000
2009/08/19,0,379000,-644500,-265500
2009/08/20,0,603000,-273000,330000
2009/08/21,0,203000,-520000,-317000
2009/08/24,0,221197,-650000,-428803
2009/08/25,0,199000,-291000,-92000
2009/08/26,0,251000,-333000,-82000
2009/08/27,0,80000,-267000,-187000
2009/08/28,0,494000,-170000,324000
2009/08/31,0,513000,-192000,321000
2009/09/01,0,2229000,-699000,1530000
2009/09/02,0,1369000,-1223000,146000
2009/09/03,0,1557000,-673000,884000
2009/09/04,0,562000,-1545000,-983000
2009/09/07,0,650000,-949500,-299500
2009/09/08,0,1408000,-614000,794000
2009/09/09,0,377000,-2287000,-1910000
2009/09/10,0,1104000,-1070000,34000
2009/09/11,0,426000,-767000,-341000
2009/09/14,0,248000,-1053000,-805000
2009/09/15,0,555000,-289100,265900
2009/09/16,0,444000,-567100,-123100
2009/09/17,0,199000,-720050,-521050
2009/09/18,0,34000,-461000,-427000
2009/09/21,0,681000,-1051000,-370000
2009/09/22,0,408000,-432000,-24000
2009/09/23,0,708000,-1124051,-416051
2009/09/24,0,272000,-401000,-129000
2009/09/25,0,200000,-327000,-127000
2009/09/28,0,132000,-138419,-6419
2009/09/29,0,248000,-377225,-129225
2009/09/30,0,588000,-372000,216000
2009/10/01,0,291000,-720000,-429000
2009/10/02,0,240000,-446000,-206000
2009/10/05,0,637000,-356000,281000
2009/10/06,0,595000,-1176375,-581375
2009/10/07,0,924000,-323000,601000
2009/10/08,0,136000,-489000,-353000
2009/10/09,0,999000,-611000,388000
2009/10/12,0,601000,-940000,-339000
2009/10/13,0,469122,-788000,-318878
2009/10/14,0,1870000,-340000,1530000
2009/10/15,0,863000,-1857000,-994000
2009/10/16,0,236000,-411000,-175000
2009/10/19,0,1474000,-407000,1067000
2009/10/20,0,985000,-728000,257000
2009/10/21,0,433000,-545495,-112495
2009/10/22,0,461000,-1375000,-914000
2009/10/23,0,1288500,-493000,795500
2009/10/26,0,474000,-937000,-463000
2009/10/27,0,221000,-364000,-143000
2009/10/28,0,735000,-549000,186000
2009/10/29,0,1303000,-1259000,44000
2009/10/30,0,117000,-782000,-665000
2009/11/02,0,310000,-807000,-497000
2009/11/03,0,185000,-544400,-359400
2009/11/04,0,781000,-236000,545000
2009/11/05,0,668000,-236000,432000
2009/11/06,0,414000,-375000,39000
2009/11/09,0,320000,-129100,190900
2009/11/10,0,554000,-54000,500000
2009/11/11,0,1242000,-292000,950000
2009/11/12,0,438000,-667000,-229000
2009/11/13,0,384000,-843000,-459000
2009/11/16,0,1272000,-234000,1038000
2009/11/17,0,521000,-1127000,-606000
2009/11/18,0,341000,-467000,-126000
2009/11/19,0,164000,-133550,30450
2009/11/20,0,287000,-346000,-59000
2009/11/23,0,94000,-839000,-745000
2009/11/24,0,86000,-302000,-216000
2009/11/25,0,219000,-43000,176000
2009/11/26,0,56000,-517000,-461000
2009/11/27,0,322000,-855000,-533000
2009/11/30,0,209000,-208111,889
2009/12/01,0,261000,-124000,137000
2009/12/02,0,601000,-241000,360000
2009/12/03,0,299000,-191000,108000
2009/12/04,0,221000,-61000,160000
2009/12/07,0,669000,-59000,610000
2009/12/08,0,471000,-690000,-219000
2009/12/09,0,452000,-206800,245200
2009/12/10,0,484000,-720000,-236000
2009/12/11,0,258000,-607000,-349000
2009/12/14,0,163000,-317000,-154000
2009/12/15,0,28000,-83000,-55000
2009/12/16,0,133000,-696000,-563000
2009/12/17,0,73000,-360000,-287000
2009/12/18,0,332000,-462000,-130000
2009/12/21,0,114000,-498000,-384000
2009/12/22,0,407000,-1209750,-802750
2009/12/23,0,602000,-537000,65000
2009/12/24,0,151000,-386000,-235000
2009/12/25,0,318000,-157000,161000
2009/12/28,0,264000,-271000,-7000
2009/12/29,0,294000,-328000,-34000
2009/12/30,0,382000,-643000,-261000
2009/12/31,0,422000,-513000,-91000
2010/01/01,0,0,0,0
2010/01/04,0,300000,-1111000,-811000
2010/01/05,0,435000,-1194000,-759000
2010/01/06,0,213000,-322000,-109000
2010/01/07,0,299000,-326000,-27000
2010/01/08,0,522000,-312000,210000
2010/01/11,0,363000,-227000,136000
2010/01/12,0,431000,-60000,371000
2010/01/13,0,661000,-315000,346000
2010/01/14,0,365000,-487606,-122606
2010/01/15,0,671000,-378000,293000
2010/01/18,0,209000,-140000,69000
2010/01/19,0,435740,-331000,104740
2010/01/20,0,293000,-941000,-648000
2010/01/21,0,298000,-284000,14000
2010/01/22,0,1824000,-1216000,608000
2010/01/25,0,440000,-1045000,-605000
2010/01/26,0,523000,-1780000,-1257000
2010/01/27,0,687000,-478000,209000
2010/01/28,0,706000,-696000,10000
2010/01/29,0,827000,-465000,362000
2010/02/01,0,756000,-684000,72000
2010/02/02,0,1223000,-680000,543000
2010/02/03,0,1294000,-184000,1110000
2010/02/04,0,289000,-165000,124000
2010/02/05,0,484000,-677000,-193000
2010/02/08,0,1100000,-103389,996611
2010/02/09,0,1812000,-557000,1255000
2010/02/10,0,654000,-338720,315280
2010/02/11,0,0,0,0
2010/02/12,0,0,0,0
2010/02/15,0,0,0,0
2010/02/16,0,0,0,0
2010/02/17,0,0,0,0
2010/02/18,0,0,0,0
2010/02/19,0,0,0,0
2010/02/22,0,1338000,-622000,716000
2010/02/23,0,294000,-730000,-436000
2010/02/24,0,301000,-614000,-313000
2010/02/25,0,350000,-1243000,-893000
2010/02/26,0,560000,-1472000,-912000
2010/03/01,0,552000,-417000,135000
2010/03/02,0,475000,-820000,-345000
2010/03/03,0,178000,-158000,20000
2010/03/04,0,360000,-1075000,-715000
2010/03/05,0,416000,-628000,-212000
2010/03/08,0,906000,-517000,389000
2010/03/09,0,175000,-229000,-54000
2010/03/10,0,131000,-608000,-477000
2010/03/11,0,417000,-402000,15000
2010/03/12,0,406000,-241000,165000
2010/03/15,0,401000,-609000,-208000
2010/03/16,0,755000,-785000,-30000
2010/03/17,0,1646000,-448000,1198000
2010/03/18,0,950000,-150000,800000
2010/03/19,0,374000,-287000,87000
2010/03/22,0,246000,-326000,-80000
2010/03/23,0,266000,-653000,-387000
2010/03/24,0,389000,-489526,-100526
2010/03/25,0,1742000,-672000,1070000
2010/03/26,0,1007000,-275000,732000
2010/03/29,0,473000,-353000,120000
2010/03/30,0,150000,-282000,-132000
2010/03/31,0,152000,-174000,-22000
2010/04/01,0,1645000,-191000,1454000
2010/04/02,0,455000,-105000,350000
2010/04/05,0,0,0,0
2010/04/06,0,1079000,-1008000,71000
2010/04/07,0,198000,-399000,-201000
2010/04/08,0,714000,-1396000,-682000
2010/04/09,0,240000,-435171,-195171
2010/04/12,0,277000,-309000,-32000
2010/04/13,0,104000,-289000,-185000
2010/04/14,0,140000,-139000,1000
2010/04/15,0,192000,-184000,8000
2010/04/16,0,290000,-416000,-126000
2010/04/19,0,494000,-825000,-331000
2010/04/20,0,443000,-1381000,-938000
2010/04/21,0,448000,-317000,131000
2010/04/22,0,1264000,-439000,825000
2010/04/23,0,1886000,-754000,1132000
2010/04/26,0,1898000,-615152,1282848
2010/04/27,0,978000,-1640000,-662000
2010/04/28,0,1127000,-1111000,16000
2010/04/29,0,656000,-791000,-135000
2010/04/30,0,528000,-3334000,-2806000
2010/05/03,0,681000,-441000,240000
2010/05/04,0,589000,-1152000,-563000
2010/05/05,0,515000,-611000,-96000
2010/05/06,0,472000,-1260000,-788000
2010/05/07,0,644000,-661000,-17000
2010/05/10,0,548000,-407000,141000
2010/05/11,0,550000,-1767000,-1217000
2010/05/12,0,421000,-641000,-220000
2010/05/13,0,890000,-411000,479000
2010/05/14,0,948000,-256000,692000
2010/05/17,0,346000,-1072000,-726000
2010/05/18,0,643000,-514000,129000
2010/05/19,0,1555000,-1006000,549000
2010/05/20,0,434000,-1099000,-665000
2010/05/21,0,461000,-1242000,-781000
2010/05/24,0,211000,-544000,-333000
2010/05/25,0,1004000,-1515000,-511000
2010/05/26,0,905000,-466000,439000
2010/05/27,0,1057000,-453000,604000
2010/05/28,0,655000,-837000,-182000
2010/05/31,0,1286000,-540000,746000
2010/06/01,0,978000,-546000,432000
2010/06/02,0,1127000,-888000,239000
2010/06/03,0,931000,-454000,477000
2010/06/04,0,269000,-484000,-215000
2010/06/07,0,658000,-1035000,-377000
2010/06/08,0,2516000,-588000,1928000
2010/06/09,0,436000,-1489000,-1053000
2010/06/10,0,1487000,-419000,1068000
2010/06/11,0,601000,-1875000,-1274000
2010/06/14,0,355000,-243000,112000
2010/06/15,0,1259000,-851000,408000
2010/06/16,0,0,0,0
2010/06/17,0,2148000,-898000,1250000
2010/06/18,0,537000,-593000,-56000
2010/06/21,0,913000,-981000,-68000
2010/06/22,0,526000,-234000,292000
2010/06/23,0,381000,-484000,-103000
2010/06/24,0,315000,-396000,-81000
2010/06/25,0,628000,-668000,-40000
2010/06/28,0,245000,-205000,40000
2010/06/29,0,802000,-813000,-11000
2010/06/30,0,838000,-777000,61000
2010/07/01,0,714000,-691000,23000
2010/07/02,0,458000,-335000,123000
2010/07/05,0,833000,-338000,495000
2010/07/06,0,915000,-218000,697000
2010/07/07,0,260000,-335000,-75000
2010/07/08,0,1074000,-161809,912191
2010/07/09,0,420000,-222000,198000
2010/07/12,0,364000,-627000,-263000
2010/07/13,0,706000,-454000,252000
2010/07/14,0,685000,-745000,-60000
2010/07/15,0,418000,-685000,-267000
2010/07/16,0,478000,-292000,186000
2010/07/19,0,223000,-392000,-169000
2010/07/20,0,362000,-494000,-132000
2010/07/21,0,302000,-708000,-406000
2010/07/22,0,229000,-311000,-82000
2010/07/23,0,1778000,-659000,1119000
2010/07/26,0,734000,-998000,-264000
2010/07/27,0,182000,-522000,-340000
2010/07/28,0,200000,-240000,-40000
2010/07/29,0,157000,-591000,-434000
2010/07/30,0,176000,-879000,-703000
2010/08/02,0,804000,-668000,136000
2010/08/03,0,183000,-404000,-221000
2010/08/04,0,131000,-338000,-207000
2010/08/05,0,273000,-485000,-212000
2010/08/06,0,528000,-133000,395000
2010/08/09,0,142000,-243000,-101000
2010/08/10,0,200000,-514000,-314000
2010/08/11,0,360000,-618000,-258000
2010/08/12,0,901000,-309000,592000
2010/08/13,0,475000,-412000,63000
2010/08/16,0,739000,-240000,499000
2010/08/17,0,477000,-157000,320000
2010/08/18,0,1133000,-961000,172000
2010/08/19,0,1759000,-547000,1212000
2010/08/20,0,522000,-539000,-17000
2010/08/23,0,3036000,-337000,2699000
2010/08/24,0,4798000,-502000,4296000
2010/08/25,0,152000,-5879000,-5727000
2010/08/26,0,617000,-1970000,-1353000
2010/08/27,0,413000,-1154000,-741000
2010/08/30,0,515000,-1124000,-609000
2010/08/31,0,723000,-1246000,-523000
2010/09/01,0,2475000,-363300,2111700
2010/09/02,0,473160,-1656000,-1182840
2010/09/03,0,458000,-590000,-132000
2010/09/06,0,1683840,-1073000,610840
2010/09/07,0,987382,-438000,549382
2010/09/08,0,1187000,-536000,651000
2010/09/09,0,999000,-603000,396000
2010/09/10,0,563000,-336000,227000
2010/09/13,0,2055000,-676000,1379000
2010/09/14,0,496000,-1233000,-737000
2010/09/15,0,530000,-1270000,-740000
2010/09/16,0,650000,-903000,-253000
2010/09/17,0,897300,-720000,177300
2010/09/20,0,357000,-168000,189000
2010/09/21,0,576000,-552000,24000
2010/09/22,0,0,0,0
2010/09/23,0,817000,-1111000,-294000
2010/09/24,0,630000,-887000,-257000
2010/09/27,0,212000,-611000,-399000
2010/09/28,0,491000,-458000,33000
2010/09/29,0,561000,-392000,169000
2010/09/30,0,497000,-180000,317000
2010/10/01,0,480000,-268000,212000
2010/10/04,0,475000,-987000,-512000
2010/10/05,0,768000,-275000,493000
2010/10/06,0,471000,-322000,149000
2010/10/07,0,603000,-147383,455617
2010/10/08,0,1639000,-634000,1005000
2010/10/11,0,509000,-570000,-61000
2010/10/12,0,460000,-1551000,-1091000
2010/10/13,0,145000,-376000,-231000
2010/10/14,0,610000,-332000,278000
2010/10/15,0,596000,-434000,162000
2010/10/18,0,713400,-332560,380840
2010/10/19,0,629000,-698960,-69960
2010/10/20,0,1269000,-815836,453164
2010/10/21,0,249000,-703000,-454000
2010/10/22,0,627000,-548400,78600
2010/10/25,0,3130000,-563000,2567000
2010/10/26,0,729000,-753000,-24000
2010/10/27,0,415000,-858000,-443000
2010/10/28,0,1480000,-886520,593480
2010/10/29,0,714000,-551000,163000
2010/11/01,0,1525000,-1579080,-54080
2010/11/02,0,539000,-207000,332000
2010/11/03,0,346000,-1497000,-1151000
2010/11/04,0,510000,-762600,-252600
2010/11/05,0,363000,-903000,-540000
2010/11/08,0,477000,-558000,-81000
2010/11/09,0,291968,-141000,150968
2010/11/10,0,481000,-480000,1000
2010/11/11,0,916000,-253000,663000
2010/11/12,0,376000,-868200,-492200
2010/11/15,0,135000,-723000,-588000
2010/11/16,0,710000,-96000,614000
2010/11/17,0,385000,-431000,-46000
2010/11/18,0,168000,-492000,-324000
2010/11/19,0,802000,-521000,281000
2010/11/22,0,197000,-207000,-10000
2010/11/23,0,286000,-449000,-163000
2010/11/24,0,463000,-305280,157720
2010/11/25,0,188000,-204000,-16000
2010/11/26,0,179000,-339000,-160000
2010/11/29,0,666000,-568400,97600
2010/11/30,0,314000,-617000,-303000
2010/12/01,0,768000,-348000,420000
2010/12/02,0,625000,-167000,458000
2010/12/03,0,640000,-801000,-161000
2010/12/06,0,706000,-453000,253000
2010/12/07,0,286000,-284000,2000
2010/12/08,0,182000,-314000,-132000
2010/12/09,0,433000,-464000,-31000
2010/12/10,0,488000,-64000,424000
2010/12/13,0,158000,-784000,-626000
2010/12/14,0,1093000,-1215693,-122693
2010/12/15,0,324000,-966000,-642000
2010/12/16,0,147000,-679000,-532000
2010/12/17,0,265000,-1328000,-1063000
2010/12/20,0,174000,-592840,-418840
2010/12/21,0,246000,-290000,-44000
2010/12/22,0,208000,-258000,-50000
2010/12/23,0,748000,-679000,69000
2010/12/24,0,333000,-468000,-135000
2010/12/27,0,113000,-332000,-219000
2010/12/28,0,231000,-545000,-314000
2010/12/29,0,58000,-781108,-723108
2010/12/30,0,520000,-476560,43440
2010/12/31,0,463000,-107000,356000
2011/01/03,0,344000,-161000,183000
2011/01/04,0,1152000,-209000,943000
2011/01/05,0,649000,-1410000,-761000
2011/01/06,0,461000,-433000,28000
2011/01/07,0,152000,-1410000,-1258000
2011/01/10,0,172000,-1589000,-1417000
2011/01/11,0,812000,-756000,56000
2011/01/12,0,303000,-195000,108000
2011/01/13,0,115000,-1335000,-1220000
2011/01/14,0,44000,-379000,-335000
2011/01/17,0,137000,-362238,-225238
2011/01/18,0,122000,-183000,-61000
2011/01/19,0,620000,-1428840,-808840
2011/01/20,0,373000,-292000,81000
2011/01/21,0,157000,-375000,-218000
2011/01/24,0,85000,-731000,-646000
2011/01/25,0,143000,-367000,-224000
2011/01/26,0,1572000,-578000,994000
2011/01/27,0,1377000,-2150000,-773000
2011/01/28,0,74000,-1565000,-1491000
2011/01/31,0,0,0,0
2011/02/01,0,0,0,0
2011/02/02,0,0,0,0
2011/02/03,0,0,0,0
2011/02/04,0,0,0,0
2011/02/07,0,0,0,0
2011/02/08,0,475000,-605000,-130000
2011/02/09,0,314000,-633000,-319000
2011/02/10,0,834000,-545000,289000
2011/02/11,0,663000,-1103000,-440000
2011/02/14,0,223000,-145000,78000
2011/02/15,0,503000,-760000,-257000
2011/02/16,0,203000,-335000,-132000
2011/02/17,0,229000,-761000,-532000
2011/02/18,0,126000,-309840,-183840
2011/02/21,0,263000,-760000,-497000
2011/02/22,0,883000,-1336000,-453000
2011/02/23,0,1218000,-596000,622000
2011/02/24,0,1495000,-159000,1336000
2011/02/25,0,1857000,-301000,1556000
2011/02/28,0,0,0,0
2011/03/01,0,985000,-224000,761000
2011/03/02,0,552000,-377000,175000
2011/03/03,0,1360000,-135000,1225000
2011/03/04,0,1075000,-377000,698000
2011/03/07,0,177000,-160920,16080
2011/03/08,0,371000,-492000,-121000
2011/03/09,0,123000,-474000,-351000
2011/03/10,0,179000,-285000,-106000
2011/03/11,0,548000,-360000,188000
2011/03/14,0,931000,-1015000,-84000
2011/03/15,0,2264000,-827000,1437000
2011/03/16,0,1964000,-330000,1634000
2011/03/17,0,642000,-828000,-186000
2011/03/18,0,750000,-360074,389926
2011/03/21,0,411000,-849000,-438000
2011/03/22,0,313000,-466480,-153480
2011/03/23,0,187000,-258000,-71000
2011/03/24,0,303000,-298000,5000
2011/03/25,0,601000,-596000,5000
2011/03/28,0,230000,-171000,59000
2011/03/29,0,222000,-26000,196000
2011/03/30,0,385000,-230000,155000
2011/03/31,0,198000,-772000,-574000
2011/04/01,0,407000,-334000,73000
2011/04/04,0,0,0,0
2011/04/05,0,0,0,0
2011/04/06,0,663000,-412000,251000
2011/04/07,0,713000,-167000,546000
2011/04/08,0,501000,-298000,203000
2011/04/11,0,136000,-435000,-299000
2011/04/12,0,1080000,-183000,897000
2011/04/13,0,629000,-121000,508000
2011/04/14,0,411000,-426497,-15497
2011/04/15,0,651000,-481000,170000
2011/04/18,0,276000,-432735,-156735
2011/04/19,0,184000,-290000,-106000
2011/04/20,0,435000,-413400,21600
2011/04/21,0,463000,-397000,66000
2011/04/22,0,79000,-224000,-145000
2011/04/25,0,127000,-166000,-39000
2011/04/26,0,69000,-218000,-149000
2011/04/27,0,124000,-507000,-383000
2011/04/28,0,39000,-941000,-902000
2011/04/29,0,150000,-1398000,-1248000
2011/05/02,0,0,0,0
2011/05/03,0,637000,-154126,482874
2011/05/04,0,339000,-37000,302000
2011/05/05,0,1255000,-166000,1089000
2011/05/06,0,589000,-369000,220000
2011/05/09,0,370000,-621000,-251000
2011/05/10,0,99000,-228000,-129000
2011/05/11,0,188000,-101212,86788
2011/05/12,0,194000,-132000,62000
2011/05/13,0,170000,-161000,9000
2011/05/16,0,359000,-331000,28000
2011/05/17,0,299000,-387000,-88000
2011/05/18,0,603000,-318000,285000
2011/05/19,0,621000,-290188,330812
2011/05/20,0,336000,-177000,159000
2011/05/23,0,706000,-1222000,-516000
2011/05/24,0,1076000,-132000,944000
2011/05/25,0,437000,-48000,389000
2011/05/26,0,356000,-74000,282000
2011/05/27,0,809000,-175000,634000
2011/05/30,0,513000,-146000,367000
2011/05/31,0,1033000,-34000,999000
2011/06/01,0,432000,-99000,333000
2011/06/02,0,646000,-313000,333000
2011/06/03,0,368000,-171000,197000
2011/06/06,0,0,0,0
2011/06/07,0,191000,-95000,96000
2011/06/08,0,325000,-322000,3000
2011/06/09,0,617000,-383000,234000
2011/06/10,0,244000,-373000,-129000
2011/06/13,0,471000,-275250,195750
2011/06/14,0,287750,-96000,191750
2011/06/15,0,690000,-279000,411000
2011/06/16,0,699000,-614200,84800
2011/06/17,0,779000,-195000,584000
2011/06/20,0,980000,-168300,811700
2011/06/21,0,1228000,-37000,1191000
2011/06/22,0,299000,-407000,-108000
2011/06/23,0,899000,-159400,739600
2011/06/24,0,533000,-191000,342000
2011/06/27,0,147000,-448000,-301000
2011/06/28,0,132000,-48000,84000
2011/06/29,0,1414000,-268000,1146000
2011/06/30,0,447000,-219000,228000
2011/07/01,0,107000,-66000,41000
2011/07/04,0,221000,-551000,-330000
2011/07/05,0,518000,-462000,56000
2011/07/06,0,528000,-202000,326000
2011/07/07,0,974000,-242000,732000
2011/07/08,0,202000,-387000,-185000
2011/07/11,0,856000,-213000,643000
2011/07/12,0,808000,-731000,77000
2011/07/13,0,2328000,-641000,1687000
2011/07/14,0,1633000,-570000,1063000
2011/07/15,0,1542000,-129000,1413000
2011/07/18,0,1731000,-380860,1350140
2011/07/19,0,474000,-119000,355000
2011/07/20,0,1233000,-881320,351680
2011/07/21,0,676000,-194000,482000
2011/07/22,0,326000,-749600,-423600
2011/07/25,0,422000,-452000,-30000
2011/07/26,0,1200000,-240231,959769
2011/07/27,0,941000,-72961,868039
2011/07/28,0,4550000,-379000,4171000
2011/07/29,0,164000,-5482000,-5318000
2011/08/01,0,727000,-1751000,-1024000
2011/08/02,0,260000,-331004,-71004
2011/08/03,0,2683000,-501000,2182000
2011/08/04,0,1783000,-709000,1074000
2011/08/05,0,3028000,-1826000,1202000
2011/08/08,0,3429400,-1054000,2375400
2011/08/09,0,5671000,-832000,4839000
2011/08/10,0,433000,-1048000,-615000
2011/08/11,0,1546000,-1211000,335000
2011/08/12,0,336000,-2295000,-1959000
2011/08/15,0,611000,-239000,372000
2011/08/16,0,144000,-444000,-300000
2011/08/17,0,1377000,-485000,892000
2011/08/18,0,628000,-1280000,-652000
2011/08/19,0,1318000,-1319000,-1000
2011/08/22,0,3007000,-729000,2278000
2011/08/23,0,2257000,-1257446,999554
2011/08/24,0,957000,-599000,358000
2011/08/25,0,428000,-1512400,-1084400
2011/08/26,0,1529000,-1083000,446000
2011/08/29,0,791000,-540000,251000
2011/08/30,0,1559000,-542000,1017000
2011/08/31,0,3028000,-2237000,791000
2011/09/01,0,1674000,-3482000,-1808000
2011/09/02,0,1071000,-988000,83000
2011/09/05,0,581000,-1232000,-651000
2011/09/06,0,924000,-879000,45000
2011/09/07,0,969000,-314044,654956
2011/09/08,0,1057000,-1343000,-286000
2011/09/09,0,1478000,-943000,535000
2011/09/12,0,0,0,0
2011/09/13,0,371000,-1599000,-1228000
2011/09/14,0,2072400,-854000,1218400
2011/09/15,0,2276200,-649000,1627200
2011/09/16,0,1135000,-237000,898000
2011/09/19,0,316000,-194000,122000
2011/09/20,0,2179000,-595000,1584000
2011/09/21,0,1905000,-369000,1536000
2011/09/22,0,337000,-1105000,-768000
2011/09/23,0,2551000,-1643000,908000
2011/09/26,0,1903000,-812000,1091000
2011/09/27,0,641000,-1379000,-738000
2011/09/28,0,835000,-503000,332000
2011/09/29,0,863000,-642000,221000
2011/09/30,0,665000,-1021200,-356200
2011/10/03,0,208000,-1224000,-1016000
2011/10/04,0,1242000,-694000,548000
2011/10/05,0,579000,-320514,258486
2011/10/06,0,1646000,-624700,1021300
2011/10/07,0,1109000,-739000,370000
2011/10/10,0,0,0,0
2011/10/11,0,967000,-275000,692000
2011/10/12,0,1129000,-146000,983000
2011/10/13,0,1013000,-879000,134000
2011/10/14,0,443000,-383000,60000
2011/10/17,0,3870000,-503000,3367000
2011/10/18,0,1200000,-629442,570558
2011/10/19,0,1563000,-1836000,-273000
2011/10/20,0,1718000,-1628899,89101
2011/10/21,0,947800,-333000,614800
2011/10/24,0,2032000,-551000,1481000
2011/10/25,0,2605000,-1040000,1565000
2011/10/26,0,2233000,-1655000,578000
2011/10/27,0,1095000,-1132000,-37000
2011/10/28,0,740000,-2476000,-1736000
2011/10/31,0,1198000,-1206878,-8878
2011/11/01,0,2555000,-1391056,1163944
2011/11/02,0,1698000,-980000,718000
2011/11/03,0,1308000,-1616000,-308000
2011/11/04,0,1357000,-277000,1080000
2011/11/07,0,1095000,-568000,527000
2011/11/08,0,1145000,-366000,779000
2011/11/09,0,370000,-608000,-238000
2011/11/10,0,2650000,-1645000,1005000
2011/11/11,0,1867000,-953000,914000
2011/11/14,0,824000,-482000,342000
2011/11/15,0,495000,-370000,125000
2011/11/16,0,739000,-561000,178000
2011/11/17,0,789000,-120000,669000
2011/11/18,0,1145000,-953000,192000
2011/11/21,0,1977000,-1869000,108000
2011/11/22,0,1659000,-375308,1283692
2011/11/23,0,1309000,-1726000,-417000
2011/11/24,0,1382000,-909000,473000
2011/11/25,0,1460000,-687000,773000
2011/11/28,0,1720000,-303000,1417000
2011/11/29,0,597000,-666000,-69000
2011/11/30,0,154000,-661000,-507000
2011/12/01,0,1703000,-1075000,628000
2011/12/02,0,415000,-556000,-141000
2011/12/05,0,288000,-137000,151000
2011/12/06,0,359000,-723000,-364000
2011/12/07,0,269700,-226300,43400
2011/12/08,0,280000,-411000,-131000
2011/12/09,0,368000,-742000,-374000
2011/12/12,0,879000,-615000,264000
2011/12/13,0,358000,-712000,-354000
2011/12/14,0,51000,-191000,-140000
2011/12/15,0,412000,-1319000,-907000
2011/12/16,0,1088000,-571000,517000
2011/12/19,0,799000,-456000,343000
2011/12/20,0,795000,-205000,590000
2011/12/21,0,1949000,-625000,1324000
2011/12/22,0,508000,-282000,226000
2011/12/23,0,866000,-585000,281000
2011/12/26,0,245000,-159000,86000
2011/12/27,0,609000,-565000,44000
2011/12/28,0,468000,-355000,113000
2011/12/29,0,670000,-241000,429000
2011/12/30,0,375000,-1274000,-899000
2012/01/02,0,357000,-525000,-168000
2012/01/03,0,360000,-312000,48000
2012/01/04,0,868000,-598000,270000
2012/01/05,0,670000,-237000,433000
2012/01/06,0,575000,-798000,-223000
2012/01/09,0,273000,-524000,-251000
2012/01/10,0,2570000,-740000,1830000
2012/01/11,0,877000,-1674000,-797000
2012/01/12,0,191000,-507000,-316000
2012/01/13,0,863000,-892000,-29000
2012/01/16,0,479000,-1741000,-1262000
2012/01/17,0,510000,-1225000,-715000
2012/01/18,0,531000,-1503000,-972000
2012/01/19,0,0,0,0
2012/01/20,0,0,0,0
2012/01/23,0,0,0,0
2012/01/24,0,0,0,0
2012/01/25,0,0,0,0
2012/01/26,0,0,0,0
2012/01/27,0,0,0,0
2012/01/30,0,886591,-1248000,-361409
2012/01/31,0,1900000,-1004000,896000
2012/02/01,0,614000,-925000,-311000
2012/02/02,0,552000,-974000,-422000
2012/02/03,0,523000,-1418000,-895000
2012/02/06,0,684000,-953982,-269982
2012/02/07,0,687000,-861000,-174000
2012/02/08,0,2883009,-572000,2311009
2012/02/09,0,1551000,-2509000,-958000
2012/02/10,0,643000,-1497000,-854000
2012/02/13,0,697000,-467000,230000
2012/02/14,0,362000,-2178000,-1816000
2012/02/15,0,726000,-741000,-15000
2012/02/16,0,282000,-1413000,-1131000
2012/02/17,0,345000,-768000,-423000
2012/02/20,0,1201000,-1772000,-571000
2012/02/21,0,1644000,-1174000,470000
2012/02/22,0,1733000,-374000,1359000
2012/02/23,0,530000,-1848000,-1318000
2012/02/24,0,436000,-1417000,-981000
2012/02/27,0,0,0,0
2012/02/28,0,0,0,0
2012/02/29,0,953084,-1157000,-203916
2012/03/01,0,277000,-396000,-119000
2012/03/02,0,320000,-341000,-21000
2012/03/05,0,339000,-1719000,-1380000
2012/03/06,0,532000,-1114000,-582000
2012/03/07,0,274000,-709000,-435000
2012/03/08,0,197000,-889000,-692000
2012/03/09,0,110000,-941000,-831000
2012/03/12,0,956000,-364599,591401
2012/03/13,0,557000,-968000,-411000
2012/03/14,0,1799000,-1418000,381000
2012/03/15,0,318000,-749000,-431000
2012/03/16,0,798000,-1164000,-366000
2012/03/19,0,674000,-2031000,-1357000
2012/03/20,0,370000,-1224000,-854000
2012/03/21,0,512000,-1418000,-906000
2012/03/22,0,433000,-1036000,-603000
2012/03/23,0,1279000,-917000,362000
2012/03/26,0,1202000,-1359000,-157000
2012/03/27,0,528000,-1547800,-1019800
2012/03/28,0,1452000,-4024000,-2572000
2012/03/29,0,523000,-2289724,-1766724
2012/03/30,0,1213000,-937000,276000
2012/04/02,0,611000,-652000,-41000
2012/04/03,0,1233000,-586000,647000
2012/04/04,0,0,0,0
2012/04/05,0,1119084,-976000,143084
2012/04/06,0,412000,-134000,278000
2012/04/09,0,1383000,-297000,1086000
2012/04/10,0,388000,-864000,-476000
2012/04/11,0,830000,-983000,-153000
2012/04/12,0,167000,-650000,-483000
2012/04/13,0,671000,-635000,36000
2012/04/16,0,417000,-393000,24000
2012/04/17,0,2656000,-938000,1718000
2012/04/18,0,1467000,-603000,864000
2012/04/19,0,1123000,-1371000,-248000
2012/04/20,0,595000,-536000,59000
2012/04/23,0,1498000,-809000,689000
2012/04/24,0,696000,-1633000,-937000
2012/04/25,0,811000,-1782000,-971000
2012/04/26,0,197029,-1153000,-955971
2012/04/27,0,1306000,-1656002,-350002
2012/04/30,0,268000,-69482,198518
2012/05/01,0,0,0,0
2012/05/02,0,6418000,-2129000,4289000
2012/05/03,0,674000,-818000,-144000
2012/05/04,0,1598027,-1019000,579027
2012/05/07,0,1224000,-103000,1121000
2012/05/08,0,385000,-760265,-375265
2012/05/09,0,656000,-1611000,-955000
2012/05/10,0,619000,-510000,109000
2012/05/11,0,763000,-1670000,-907000
2012/05/14,0,728000,-289000,439000
2012/05/15,0,1870000,-1116000,754000
2012/05/16,0,1572000,-1641000,-69000
2012/05/17,0,542000,-1505000,-963000
2012/05/18,0,900000,-371000,529000
2012/05/21,0,919000,-131000,788000
2012/05/22,0,888000,-853000,35000
2012/05/23,0,894000,-548000,346000
2012/05/24,0,1547000,-314000,1233000
2012/05/25,0,662000,-504000,158000
2012/05/28,0,390000,-576000,-186000
2012/05/29,0,1358000,-978000,380000
2012/05/30,0,849000,-638000,211000
2012/05/31,0,1109000,-364000,745000
2012/06/01,0,712000,-564000,148000
2012/06/04,0,1850000,-1275000,575000
2012/06/05,0,505000,-662000,-157000
2012/06/06,0,358000,-201000,157000
2012/06/07,0,1695000,-242000,1453000
2012/06/08,0,750000,-474000,276000
2012/06/11,0,896000,-238000,658000
2012/06/12,0,315000,-319000,-4000
2012/06/13,0,176000,-232000,-56000
2012/06/14,0,225000,-117977,107023
2012/06/15,0,1346000,-382000,964000
2012/06/18,0,750000,-857000,-107000
2012/06/19,0,519000,-182000,337000
2012/06/20,0,491000,-490000,1000
2012/06/21,0,398000,-414000,-16000
2012/06/22,0,184000,-462000,-278000
2012/06/25,0,392000,-531000,-139000
2012/06/26,0,374000,-965000,-591000
2012/06/27,0,548000,-157000,391000
2012/06/28,0,926000,-314000,612000
2012/06/29,0,2026000,-159000,1867000
2012/07/02,0,760000,-774000,-14000
2012/07/03,0,904000,-1341000,-437000
2012/07/04,0,234000,-384000,-150000
2012/07/05,0,306000,-642000,-336000
2012/07/06,0,364000,-1073000,-709000
2012/07/09,0,218000,-182000,36000
2012/07/10,0,599000,-1516000,-917000
2012/07/11,0,314000,-171000,143000
2012/07/12,0,585000,-276000,309000
2012/07/13,0,659033,-218000,441033
2012/07/16,0,127000,-484710,-357710
2012/07/17,0,501000,-222000,279000
2012/07/18,0,188000,-1087000,-899000
2012/07/19,0,219000,-544000,-325000
2012/07/20,0,317000,-387000,-70000
2012/07/23,0,531000,-472000,59000
2012/07/24,0,1144000,-341000,803000
2012/07/25,0,870000,-785000,85000
2012/07/26,0,1083000,-714000,369000
2012/07/27,0,846000,-1034000,-188000
2012/07/30,0,206000,-571119,-365119
2012/07/31,0,840000,-549000,291000
2012/08/01,0,616000,-363000,253000
2012/08/02,0,0,0,0
2012/08/03,0,484000,-1067000,-583000
2012/08/06,0,1697000,-960000,737000
2012/08/07,0,499000,-961000,-462000
2012/08/08,0,1223000,-495000,728000
2012/08/09,0,5362000,-1225000,4137000
2012/08/10,0,1577000,-3581000,-2004000
2012/08/13,0,452000,-1249000,-797000
2012/08/14,0,1120300,-367000,753300
2012/08/15,0,1053000,-1509000,-456000
2012/08/16,0,643000,-208000,435000
2012/08/17,0,600000,-323000,277000
2012/08/20,0,282000,-276000,6000
2012/08/21,0,4078000,-388000,3690000
2012/08/22,0,699000,-722000,-23000
2012/08/23,0,723000,-2705000,-1982000
2012/08/24,0,932000,-878000,54000
2012/08/27,0,901000,-1183000,-282000
2012/08/28,0,1203000,-2352000,-1149000
2012/08/29,0,991000,-357000,634000
2012/08/30,0,2028000,-1297000,731000
2012/08/31,0,940000,-1148000,-208000
2012/09/03,0,5883000,-2633000,3250000
2012/09/04,0,2601000,-2365000,236000
2012/09/05,0,2284000,-576000,1708000
2012/09/06,0,1054000,-1760000,-706000
2012/09/07,0,669000,-1948000,-1279000
2012/09/10,0,759000,-584000,175000
2012/09/11,0,2693000,-3885000,-1192000
2012/09/12,0,2592000,-1336000,1256000
2012/09/13,0,538000,-2076000,-1538000
2012/09/14,0,3299000,-1530000,1769000
2012/09/17,0,692000,-2956000,-2264000
2012/09/18,0,2054000,-325000,1729000
2012/09/19,0,2604000,-1588000,1016000
2012/09/20,0,322000,-2623000,-2301000
2012/09/21,0,725000,-2334000,-1609000
2012/09/24,0,1104000,-2158000,-1054000
2012/09/25,0,1635000,-1353000,282000
2012/09/26,0,2252000,-1728000,524000
2012/09/27,0,1336000,-370000,966000
2012/09/28,0,932000,-1936000,-1004000
2012/10/01,0,365000,-813000,-448000
2012/10/02,0,997000,-375800,621200
2012/10/03,0,498000,-627200,-129200
2012/10/04,0,879000,-866500,12500
2012/10/05,0,1194000,-744660,449340
2012/10/08,0,404000,-2032600,-1628600
2012/10/09,0,1193000,-425400,767600
2012/10/10,0,0,0,0
2012/10/11,0,1727000,-1046300,680700
2012/10/12,0,546000,-755000,-209000
2012/10/15,0,1219000,-568100,650900
2012/10/16,0,407000,-766000,-359000
2012/10/17,0,1300000,-687000,613000
2012/10/18,0,1094000,-1009000,85000
2012/10/19,0,917000,-1247000,-330000
2012/10/22,0,798000,-1224000,-426000
2012/10/23,0,854000,-1030219,-176219
2012/10/24,0,2409000,-1307000,1102000
2012/10/25,0,1059000,-1677200,-618200
2012/10/26,0,1621000,-1332000,289000
2012/10/29,0,1219000,-839000,380000
2012/10/30,0,6203078,-1525000,4678078
2012/10/31,0,1302000,-6352000,-5050000
2012/11/01,0,3335000,-1048000,2287000
2012/11/02,0,423000,-1172200,-749200
2012/11/05,0,1601000,-718000,883000
2012/11/06,0,2518000,-711000,1807000
2012/11/07,0,2519000,-1005000,1514000
2012/11/08,0,2403000,-4271000,-1868000
2012/11/09,0,3011000,-1494000,1517000
2012/11/12,0,917000,-2843000,-1926000
2012/11/13,0,990000,-1963000,-973000
2012/11/14,0,1810000,-2340000,-530000
2012/11/15,0,1228000,-897700,330300
2012/11/16,0,471000,-1529000,-1058000
2012/11/19,0,220000,-1121000,-901000
2012/11/20,0,804000,-336000,468000
2012/11/21,0,2128000,-688000,1440000
2012/11/22,0,783000,-584000,199000
2012/11/23,0,3287000,-2576000,711000
2012/11/26,0,986000,-2890000,-1904000
2012/11/27,0,1018000,-1395000,-377000
2012/11/28,0,2163000,-1141425,1021575
2012/11/29,0,1793000,-1881000,-88000
2012/11/30,0,729000,-2828000,-2099000
2012/12/03,0,3160000,-1511600,1648400
2012/12/04,0,2147000,-760000,1387000
2012/12/05,0,991000,-1716000,-725000
2012/12/06,0,1392000,-1548000,-156000
2012/12/07,0,3694000,-835000,2859000
2012/12/10,0,3264000,-1394000,1870000
2012/12/11,0,1495000,-4839500,-3344500
2012/12/12,0,877000,-2029000,-1152000
2012/12/13,0,251000,-879000,-628000
2012/12/14,0,2563000,-2430000,133000
2012/12/17,0,3038000,-1607000,1431000
2012/12/18,0,761000,-1408700,-647700
2012/12/19,0,173000,-2299500,-2126500
2012/12/20,0,138000,-982000,-844000
2012/12/21,0,843000,-943000,-100000
2012/12/24,0,510000,-465000,45000
2012/12/25,0,769000,-441000,328000
2012/12/26,0,321000,-213000,108000
2012/12/27,0,477004,-1757000,-1279996
2012/12/28,0,974000,-604000,370000
2012/12/31,0,0,0,0
2013/01/01,0,0,0,0
2013/01/02,0,1296000,-575000,721000
2013/01/03,0,1436000,-702000,734000
2013/01/04,0,1150000,-991000,159000
2013/01/07,0,666000,-1183000,-517000
2013/01/08,0,727000,-274000,453000
2013/01/09,0,1000000,-880000,120000
2013/01/10,0,933000,-504000,429000
2013/01/11,0,1039000,-1176000,-137000
2013/01/14,0,862000,-1342000,-480000
2013/01/15,0,1192000,-1883000,-691000
2013/01/16,0,1641000,-1137000,504000
2013/01/17,0,272000,-1662000,-1390000
2013/01/18,0,761000,-730000,31000
2013/01/21,0,409000,-677000,-268000
2013/01/22,0,924000,-745000,179000
2013/01/23,0,542000,-435000,107000
2013/01/24,0,1266000,-2668000,-1402000
2013/01/25,0,1134000,-526000,608000
2013/01/28,0,282000,-706000,-424000
2013/01/29,0,1163000,-579100,583900
2013/01/30,0,441000,-1044000,-603000
2013/01/31,0,738000,-360000,378000
2013/02/01,0,177000,-542000,-365000
2013/02/04,0,175000,-1008000,-833000
2013/02/05,0,194000,-2264000,-2070000
2013/02/06,0,843000,-2012000,-1169000
2013/02/07,0,0,0,0
2013/02/08,0,0,0,0
2013/02/11,0,0,0,0
2013/02/12,0,0,0,0
2013/02/13,0,0,0,0
2013/02/14,0,0,0,0
2013/02/15,0,0,0,0
2013/02/18,0,569000,-1677000,-1108000
2013/02/19,0,431000,-1253740,-822740
2013/02/20,0,1250000,-1629000,-379000
2013/02/21,0,210000,-1619000,-1409000
2013/02/22,0,362000,-343000,19000
2013/02/25,0,72000,-589000,-517000
2013/02/26,0,176000,-886000,-710000
2013/02/27,0,147000,-338000,-191000
2013/02/28,0,0,0,0
2013/03/01,0,929000,-643000,286000
2013/03/04,0,544000,-613000,-69000
2013/03/05,0,917000,-1822000,-905000
2013/03/06,0,1734000,-393000,1341000
2013/03/07,0,1080000,-600000,480000
2013/03/08,0,463000,-301000,162000
2013/03/11,0,549000,-869000,-320000
2013/03/12,0,1407000,-507000,900000
2013/03/13,0,644000,-1481001,-837001
2013/03/14,0,1748000,-972000,776000
2013/03/15,0,924000,-1749000,-825000
2013/03/18,0,1832000,-884000,948000
2013/03/19,0,3380000,-1319000,2061000
2013/03/20,0,1933000,-2229200,-296200
2013/03/21,0,293000,-1482000,-1189000
2013/03/22,0,1283000,-1569000,-286000
2013/03/25,0,613000,-1778000,-1165000
2013/03/26,0,1114000,-1080990,33010
2013/03/27,0,1772000,-1190000,582000
2013/03/28,0,485000,-1152010,-667010
2013/03/29,0,523000,-202000,321000
2013/04/01,0,220000,-676000,-456000
2013/04/02,0,185000,-282000,-97000
2013/04/03,0,152000,-445000,-293000
2013/04/04,0,0,0,0
2013/04/05,0,0,0,0
2013/04/08,0,956000,-885000,71000
2013/04/09,0,203000,-572000,-369000
2013/04/10,0,414000,-129000,285000
2013/04/11,0,973000,-631000,342000
2013/04/12,0,742000,-1864077,-1122077
2013/04/15,0,1531000,-999000,532000
2013/04/16,0,2544000,-349000,2195000
2013/04/17,0,694000,-1225000,-531000
2013/04/18,0,964000,-850000,114000
2013/04/19,0,1605000,-631000,974000
2013/04/22,0,437000,-713000,-276000
2013/04/23,0,2167000,-452000,1715000
2013/04/24,0,2326000,-517000,1809000
2013/04/25,0,179000,-1703000,-1524000
2013/04/26,0,908000,-964000,-56000
2013/04/29,0,509000,-369000,140000
2013/04/30,0,2182000,-132000,2050000
2013/05/01,0,0,0,0
2013/05/02,0,2328000,-1618000,710000
2013/05/03,0,1901000,-850000,1051000
2013/05/06,0,744000,-666000,78000
2013/05/07,0,1079000,-304000,775000
2013/05/08,0,4806000,-900000,3906000
2013/05/09,0,4897000,-2068000,2829000
2013/05/10,0,1909000,-940000,969000
2013/05/13,0,1621000,-804000,817000
2013/05/14,0,809000,-1051000,-242000
2013/05/15,0,2270000,-3459000,-1189000
2013/05/16,0,3549000,-694000,2855000
2013/05/17,0,2938000,-969000,1969000
2013/05/20,0,1044000,-490000,554000
2013/05/21,0,1224000,-555000,669000
2013/05/22,0,1359000,-847000,512000
2013/05/23,0,1286000,-1814000,-528000
2013/05/24,0,595000,-1969000,-1374000
2013/05/27,0,940000,-273000,667000
2013/05/28,0,269000,-475000,-206000
2013/05/29,0,2788000,-1066000,1722000
2013/05/30,0,1235000,-1400995,-165995
2013/05/31,0,772000,-1102000,-330000
2013/06/03,0,893000,-552000,341000
2013/06/04,0,407000,-861000,-454000
2013/06/05,0,397000,-1040000,-643000
2013/06/06,0,571000,-4057000,-3486000
2013/06/07,0,92000,-1932000,-1840000
2013/06/10,0,981000,-347000,634000
2013/06/11,0,772000,-1958000,-1186000
2013/06/12,0,0,0,0
2013/06/13,0,162000,-3624000,-3462000
2013/06/14,0,818000,-3059000,-2241000
2013/06/17,0,518000,-887000,-369000
2013/06/18,0,541000,-337000,204000
2013/06/19,0,700000,-1338000,-638000
2013/06/20,0,184000,-1209000,-1025000
2013/06/21,0,1097000,-1342000,-245000
2013/06/24,0,700000,-395000,305000
2013/06/25,0,2201000,-980000,1221000
2013/06/26,0,4550000,-1232000,3318000
2013/06/27,0,1051000,-3046000,-1995000
2013/06/28,0,1067000,-600000,467000
2013/07/01,0,622000,-995000,-373000
2013/07/02,0,414000,-866000,-452000
2013/07/03,0,234000,-614000,-380000
2013/07/04,0,341000,-705000,-364000
2013/07/05,0,3150000,-363000,2787000
2013/07/08,0,506000,-938000,-432000
2013/07/09,0,1023000,-433000,590000
2013/07/10,0,3836000,-1004000,2832000
2013/07/11,0,5215000,-1334000,3881000
2013/07/12,0,713000,-619000,94000
2013/07/15,0,943053,-293000,650053
2013/07/16,0,345000,-177000,168000
2013/07/17,0,782000,-3377000,-2595000
2013/07/18,0,1004000,-389000,615000
2013/07/19,0,707000,-1432000,-725000
2013/07/22,0,904000,-713000,191000
2013/07/23,0,1447000,-701000,746000
2013/07/24,0,2420000,-298000,2122000
2013/07/25,0,805000,-553000,252000
2013/07/26,0,463000,-2160000,-1697000
2013/07/29,0,215000,-1068000,-853000
2013/07/30,0,844000,-388000,456000
2013/07/31,0,262000,-955000,-693000
2013/08/01,0,225000,-3705000,-3480000
2013/08/02,0,1303000,-1691000,-388000
2013/08/05,0,4858000,-373000,4485000
2013/08/06,0,392000,-1563000,-1171000
2013/08/07,0,30000,-1495000,-1465000
2013/08/08,0,380000,-1153000,-773000
2013/08/09,0,580000,-1171000,-591000
2013/08/12,0,1924000,-508000,1416000
2013/08/13,0,2409000,-288000,2121000
2013/08/14,0,761000,-1043000,-282000
2013/08/15,0,403000,-621000,-218000
2013/08/16,0,1158000,-363000,795000
2013/08/19,0,711000,-663000,48000
2013/08/20,0,2966000,-814000,2152000
2013/08/21,0,0,0,0
2013/08/22,0,2417000,-1479000,938000
2013/08/23,0,553000,-2163000,-1610000
2013/08/26,0,784000,-414000,370000
2013/08/27,0,108000,-3256000,-3148000
2013/08/28,0,414000,-696000,-282000
2013/08/29,0,417000,-177000,240000
2013/08/30,0,1878000,-424000,1454000
2013/09/02,0,1260000,-357000,903000
2013/09/03,0,1238000,-1029000,209000
2013/09/04,0,2128000,-1128000,1000000
2013/09/05,0,6109000,-676000,5433000
2013/09/06,0,18550000,-618904,17931096
2013/09/09,0,1218000,-22908000,-21690000
2013/09/10,0,1060000,-6819000,-5759000
2013/09/11,0,3001000,-6340000,-3339000
2013/09/12,0,2362000,-2239000,123000
2013/09/13,0,250000,-856000,-606000
2013/09/16,0,725000,-1136000,-411000
2013/09/17,0,250000,-884000,-634000
2013/09/18,0,471000,-3313000,-2842000
2013/09/19,0,0,0,0
2013/09/20,0,0,0,0
2013/09/23,0,423000,-965000,-542000
2013/09/24,0,1255000,-761000,494000
2013/09/25,0,571000,-533000,38000
2013/09/26,0,349000,-1672000,-1323000
2013/09/27,0,291000,-1218000,-927000
2013/09/30,0,579000,-744000,-165000
2013/10/01,0,207000,-261000,-54000
2013/10/02,0,955000,-310000,645000
2013/10/03,0,1572000,-635000,937000
2013/10/04,0,691000,-373000,318000
2013/10/07,0,706000,-333000,373000
2013/10/08,0,790000,-397000,393000
2013/10/09,0,428000,-902000,-474000
2013/10/10,0,0,0,0
2013/10/11,0,1069000,-371000,698000
2013/10/14,0,550000,-2261000,-1711000
2013/10/15,0,1308000,-750000,558000
2013/10/16,0,664000,-1090000,-426000
2013/10/17,0,1544000,-842000,702000
2013/10/18,0,836000,-1265000,-429000
2013/10/21,0,531000,-422000,109000
2013/10/22,0,1385000,-1696000,-311000
2013/10/23,0,144000,-880712,-736712
2013/10/24,0,739000,-278000,461000
2013/10/25,0,664000,-926000,-262000
2013/10/28,0,763000,-996000,-233000
2013/10/29,0,3097000,-1221900,1875100
2013/10/30,0,971000,-906000,65000
2013/10/31,0,1972000,-765000,1207000
2013/11/01,0,39000,-2247000,-2208000
2013/11/04,0,1155000,-575000,580000
2013/11/05,0,930000,-797000,133000
2013/11/06,0,1358000,-935100,422900
2013/11/07,0,1188000,-186000,1002000
2013/11/08,0,2010000,-671000,1339000
2013/11/11,0,3206000,-871969,2334031
2013/11/12,0,1664000,-2187000,-523000
2013/11/13,0,1346000,-1101000,245000
2013/11/14,0,2535000,-3087800,-552800
2013/11/15,0,815000,-1616000,-801000
2013/11/18,0,1022000,-1089500,-67500
2013/11/19,0,1889000,-704000,1185000
2013/11/20,0,3061100,-1863000,1198100
2013/11/21,0,720000,-663000,57000
2013/11/22,0,1782000,-800000,982000
2013/11/25,0,1803000,-799000,1004000
2013/11/26,0,356000,-712000,-356000
2013/11/27,0,613000,-579000,34000
2013/11/28,0,1636000,-480000,1156000
2013/11/29,0,14813000,-726000,14087000
2013/12/02,0,680000,-4631000,-3951000
2013/12/03,0,826000,-1124000,-298000
2013/12/04,0,3141000,-1088000,2053000
2013/12/05,0,784000,-3315000,-2531000
2013/12/06,0,3867000,-1392000,2475000
2013/12/09,0,3453000,-2203000,1250000
2013/12/10,0,2152950,-1894000,258950
2013/12/11,0,2558000,-4784000,-2226000
2013/12/12,0,1188000,-2515100,-1327100
2013/12/13,0,1551000,-1074000,477000
2013/12/16,0,450000,-1862000,-1412000
2013/12/17,0,129000,-2204000,-2075000
2013/12/18,0,966000,-3451000,-2485000
2013/12/19,0,652000,-807000,-155000
2013/12/20,0,1141000,-581100,559900
2013/12/23,0,827000,-419000,408000
2013/12/24,0,424000,-528000,-104000
2013/12/25,0,621000,-339000,282000
2013/12/26,0,1962000,-162000,1800000
2013/12/27,0,3899000,-1455000,2444000
2013/12/30,0,619000,-1401000,-782000
2013/12/31,0,523000,-1128000,-605000
2014/01/02,0,903000,-1025000,-122000
2014/01/03,0,596000,-2557000,-1961000
2014/01/06,0,563000,-996000,-433000
2014/01/07,0,391990,-735000,-343010
2014/01/08,0,367000,-256000,111000
2014/01/09,0,6182000,-1692000,4490000
2014/01/10,0,720000,-5418000,-4698000
2014/01/13,0,493000,-2762000,-2269000
2014/01/14,0,1352000,-975000,377000
2014/01/15,0,2421000,-1887000,534000
2014/01/16,0,2081000,-3991000,-1910000
2014/01/17,0,133000,-3308000,-3175000
2014/01/20,0,3723000,-808008,2914992
2014/01/21,0,513000,-2855000,-2342000
2014/01/22,0,768000,-449000,319000
2014/01/23,0,332002,-624000,-291998
2014/01/24,0,2217000,-590000,1627000
2014/01/27,0,1098000,-3148000,-2050000
2014/02/05,0,781000,-4705501,-3924501
2014/02/06,0,773000,-1192500,-419500
2014/02/07,0,545000,-938000,-393000
2014/02/10,0,222000,-417000,-195000
2014/02/11,0,757000,-461000,296000
2014/02/12,0,4312000,-642000,3670000
2014/02/13,0,1925000,-3569000,-1644000
2014/02/14,0,1895000,-2359900,-464900
2014/02/17,0,405000,-1153000,-748000
2014/02/18,0,242000,-638200,-396200
2014/02/19,0,23000,-1394000,-1371000
2014/02/20,0,461000,-456000,5000
2014/02/21,0,1131970,-96000,1035970
2014/02/24,0,992000,-103000,889000
2014/02/25,0,1484000,-509000,975000
2014/02/26,0,448000,-1569000,-1121000
2014/02/27,0,1132000,-973000,159000
2014/03/03,0,491000,-2487000,-1996000
2014/03/04,0,333000,-533000,-200000
2014/03/05,0,315000,-512000,-197000
2014/03/06,0,1757000,-874000,883000
2014/03/07,0,2403000,-2864000,-461000
2014/03/10,0,1371000,-880000,491000
2014/03/11,0,761000,-741000,20000
2014/03/12,0,651000,-1042000,-391000
2014/03/13,0,8250000,-1027000,7223000
2014/03/14,0,1267000,-4865000,-3598000
2014/03/17,0,416000,-3043000,-2627000
2014/03/18,0,443000,-2286000,-1843000
2014/03/19,0,1052000,-1326444,-274444
2014/03/20,0,1168000,-1014000,154000
2014/03/21,0,523000,-486000,37000
2014/03/24,0,1190000,-759000,431000
2014/03/25,0,1131000,-876000,255000
2014/03/26,0,1585000,-415000,1170000
2014/03/27,0,365000,-541000,-176000
2014/03/28,0,805993,-1165000,-359007
2014/03/31,0,534000,-524000,10000
2014/04/01,0,136000,-449000,-313000
2014/04/02,0,541000,-255000,286000
2014/04/03,0,363000,-577000,-214000
2014/04/07,0,314990,-464000,-149010
2014/04/08,0,946000,-402000,544000
2014/04/09,0,246000,-742000,-496000
2014/04/10,0,443990,-563000,-119010
2014/04/11,0,1151000,-251000,900000
2014/04/14,0,835000,-1637000,-802000
2014/04/15,0,4733000,-2196400,2536600
2014/04/16,0,2393000,-5169240,-2776240
2014/04/17,0,535000,-3167000,-2632000
2014/04/18,0,1223000,-252000,971000
2014/04/21,0,646975,-262000,384975
2014/04/22,0,232000,-290000,-58000
2014/04/23,0,1930980,-455000,1475980
2014/04/24,0,134000,-877000,-743000
2014/04/25,0,1377000,-2018055,-641055
2014/04/28,0,1077000,-1240000,-163000
2014/04/29,0,667000,-1681000,-1014000
2014/04/30,0,1204000,-817000,387000
2014/05/02,0,3366000,-1125000,2241000
2014/05/05,0,517000,-2735000,-2218000
2014/05/06,0,1697000,-768000,929000
2014/05/07,0,393000,-1766086,-1373086
2014/05/08,0,365000,-2514000,-2149000
2014/05/09,0,617000,-2303000,-1686000
2014/05/12,0,2224000,-823000,1401000
2014/05/13,0,624988,-1562000,-937012
2014/05/14,0,964281,-895000,69281
2014/05/15,0,887000,-790000,97000
2014/05/16,0,420000,-932000,-512000
2014/05/19,0,425000,-937000,-512000
2014/05/20,0,3884000,-2240000,1644000
2014/05/21,0,1261000,-2445000,-1184000
2014/05/22,0,2289000,-792000,1497000
2014/05/23,0,140000,-4607000,-4467000
2014/05/26,0,975000,-1160000,-185000
2014/05/27,0,1568987,-468000,1100987
2014/05/28,0,259000,-919000,-660000
2014/05/29,0,555000,-1795000,-1240000
2014/05/30,0,1088000,-804000,284000
2014/06/03,0,1088000,-486000,602000
2014/06/04,0,315000,-820000,-505000
2014/06/05,0,710000,-996000,-286000
2014/06/06,0,709000,-804000,-95000
2014/06/09,0,811000,-99000,712000
2014/06/10,0,2138000,-852000,1286000
2014/06/11,0,542000,-1333000,-791000
2014/06/12,0,531000,-215000,316000
2014/06/13,0,658000,-146000,512000
2014/06/16,0,2966000,-2849000,117000
2014/06/17,0,7115000,-1238000,5877000
2014/06/18,0,1749000,-6249000,-4500000
2014/06/19,0,256000,-1139840,-883840
2014/06/20,0,1094000,-756000,338000
2014/06/23,0,8808000,-1855000,6953000
2014/06/24,0,1629970,-4513000,-2883030
2014/06/25,0,1337000,-703000,634000
2014/06/26,0,1105975,-2289000,-1183025
2014/06/27,0,645000,-2882000,-2237000
2014/06/30,0,2790960,-1283000,1507960
2014/07/01,0,1946000,-858000,1088000
2014/07/02,0,1820000,-2415000,-595000
2014/07/03,0,408000,-1733000,-1325000
2014/07/04,0,789798,-246000,543798
2014/07/07,0,2340000,-676000,1664000
2014/07/08,0,333000,-788000,-455000
2014/07/09,0,497000,-868000,-371000
2014/07/10,0,2450000,-677000,1773000
2014/07/11,0,3679000,-3557000,122000
2014/07/14,0,994000,-1693000,-699000
2014/07/15,0,1238960,-1602000,-363040
2014/07/16,0,2674000,-823000,1851000
2014/07/17,0,1094980,-1238000,-143020
2014/07/18,0,1524000,-333000,1191000
2014/07/21,0,2046000,-682000,1364000
2014/07/22,0,1434000,-1301000,133000
2014/07/23,0,0,0,0
2014/07/24,0,1209000,-482000,727000
2014/07/25,0,810000,-1743000,-933000
2014/07/28,0,1645000,-1212000,433000
2014/07/29,0,1427990,-885000,542990
2014/07/30,0,2877000,-1196000,1681000
2014/07/31,0,1906000,-2446000,-540000
2014/08/01,0,1813000,-1280000,533000
2014/08/04,0,1771000,-735000,1036000
2014/08/05,0,1376000,-3382970,-2006970
2014/08/06,0,2172000,-812000,1360000
2014/08/07,0,1097000,-668000,429000
2014/08/08,0,816000,-1760000,-944000
2014/08/11,0,3479000,-1713000,1766000
2014/08/12,0,1363000,-1155000,208000
2014/08/13,0,1173000,-1206000,-33000
2014/08/14,0,3018000,-1970000,1048000
2014/08/15,0,970000,-455000,515000
2014/08/18,0,244000,-710000,-466000
2014/08/19,0,1211000,-716000,495000
2014/08/20,0,1752000,-3978000,-2226000
2014/08/21,0,1413000,-1208000,205000
2014/08/22,0,2588000,-698000,1890000
2014/08/25,0,3704000,-260000,3444000
2014/08/26,0,7719960,-547000,7172960
2014/08/27,0,20517420,-287268,20230152
2014/08/28,0,1328400,-28865000,-27536600
2014/08/29,0,608000,-7651000,-7043000
2014/09/01,0,635000,-576000,59000
2014/09/02,0,121000,-2547000,-2426000
2014/09/03,0,1668000,-859000,809000
2014/09/04,0,808000,-1783000,-975000
2014/09/05,0,1905000,-2289000,-384000
2014/09/09,0,986000,-1856000,-870000
2014/09/10,0,904000,-1260000,-356000
2014/09/11,0,180000,-435000,-255000
2014/09/12,0,712000,-2699000,-1987000
2014/09/15,0,1530000,-576000,954000
2014/09/16,0,1356000,-1123000,233000
2014/09/17,0,2800995,-1720000,1080995
2014/09/18,0,1222000,-427000,795000
2014/09/19,0,2757600,-1207677,1549923
2014/09/22,0,1241000,-1917000,-676000
2014/09/23,0,614000,-142000,472000
2014/09/24,0,1142000,-455000,687000
2014/09/25,0,3011000,-1510000,1501000
2014/09/26,0,2636000,-2466000,170000
2014/09/29,0,2014000,-1303000,711000
2014/09/30,0,1655000,-5357000,-3702000
2014/10/01,0,2385000,-834000,1551000
2014/10/02,0,817000,-225000,592000
2014/10/03,0,1399000,-806000,593000
2014/10/06,0,861000,-693000,168000
2014/10/07,0,547000,-3407000,-2860000
2014/10/08,0,896000,-375000,521000
2014/10/09,0,1329000,-1276000,53000
2014/10/13,0,601600,-2132000,-1530400
2014/10/14,0,780000,-972000,-192000
2014/10/15,0,3113000,-4505000,-1392000
2014/10/16,0,2686000,-2627000,59000
2014/10/17,0,1426000,-4696000,-3270000
2014/10/20,0,3453000,-766000,2687000
2014/10/21,0,1297000,-2411000,-1114000
2014/10/22,0,2459000,-1394000,1065000
2014/10/23,0,178000,-1627953,-1449953
2014/10/24,0,1076000,-1570000,-494000
2014/10/27,0,805000,-460000,345000
2014/10/28,0,2358000,-410000,1948000
2014/10/29,0,1916000,-893000,1023000
2014/10/30,0,601000,-368000,233000
2014/10/31,0,2092000,-536000,1556000
2014/11/03,0,3206699,-1207000,1999699
2014/11/04,0,772000,-1745000,-973000
2014/11/05,0,677000,-672000,5000
2014/11/06,0,2843000,-1492486,1350514
2014/11/07,0,1790000,-528000,1262000
2014/11/10,0,5091000,-933000,4158000
2014/11/11,0,378000,-2198000,-1820000
2014/11/12,0,1335000,-1534000,-199000
2014/11/13,0,1603123,-1691000,-87877
2014/11/14,0,857000,-1438000,-581000
2014/11/17,0,824000,-2063296,-1239296
2014/11/18,0,697680,-532520,165160
2014/11/19,0,1076200,-1875458,-799258
2014/11/20,0,1195000,-632000,563000
2014/11/21,0,2095000,-2190401,-95401
2014/11/24,0,427000,-544200,-117200
2014/11/25,0,314000,-620000,-306000
2014/11/26,0,5789000,-553480,5235520
2014/11/27,0,1519000,-1714440,-195440
2014/11/28,0,500000,-1047000,-547000
2014/12/01,0,2132000,-2214200,-82200
2014/12/02,0,595000,-4080000,-3485000
2014/12/03,0,3131000,-176030,2954970
2014/12/04,0,1493000,-1288000,205000
2014/12/05,0,862000,-1240400,-378400
2014/12/08,0,386000,-1839400,-1453400
2014/12/09,0,719000,-1976000,-1257000
2014/12/10,0,751000,-2521240,-1770240
2014/12/11,0,1588000,-1243394,344606
2014/12/12,0,640000,-3334000,-2694000
2014/12/15,0,237000,-2843000,-2606000
2014/12/16,0,2182000,-869000,1313000
2014/12/17,0,1911000,-2935000,-1024000
2014/12/18,0,2618000,-2024000,594000
2014/12/19,0,3829000,-1666000,2163000
2014/12/22,0,7349000,-992000,6357000
2014/12/23,0,877000,-631000,246000
2014/12/24,0,847000,-771000,76000
2014/12/25,0,640000,-1020000,-380000
2014/12/26,0,323000,-490000,-167000
2014/12/29,0,329000,-1837000,-1508000
2014/12/30,0,824000,-925000,-101000
2014/12/31,0,1018000,-1541000,-523000
2015/01/01,0,0,0,0
2015/01/02,0,0,0,0
2015/01/05,0,177000,-803160,-626160
2015/01/06,0,132000,-3038000,-2906000
2015/01/07,0,1380000,-858600,521400
2015/01/08,0,5028972,-1224019,3804953
2015/01/09,0,713000,-3212000,-2499000
2015/01/12,0,151000,-1435000,-1284000
2015/01/13,0,881000,-1368000,-487000
2015/01/14,0,152000,-1191000,-1039000
2015/01/15,0,262000,-2103000,-1841000
2015/01/16,0,29000,-2360017,-2331017
2015/01/19,0,317000,-2107000,-1790000
2015/01/20,0,1847000,-245000,1602000
2015/01/21,0,194000,-406010,-212010
2015/01/22,0,338989,-284000,54989
2015/01/23,0,11371000,-381000,10990000
2015/01/26,0,3505000,-3264000,241000
2015/01/27,0,765000,-3110000,-2345000
2015/01/28,0,567000,-1200000,-633000
2015/01/29,0,431000,-3264000,-2833000
2015/01/30,0,889000,-749000,140000
2015/02/02,0,257000,-1476000,-1219000
2015/02/03,0,3052000,-487000,2565000
2015/02/04,0,1118000,-398011,719989
2015/02/05,0,226000,-1548010,-1322010
2015/02/06,0,305000,-1006000,-701000
2015/02/09,0,231000,-343000,-112000
2015/02/10,0,455000,-3079000,-2624000
2015/02/11,0,245000,-932000,-687000
2015/02/12,0,5626000,-487000,5139000
2015/02/13,0,1188000,-5610000,-4422000
2015/02/16,0,0,0,0
2015/02/17,0,0,0,0
2015/02/18,0,0,0,0
2015/02/19,0,0,0,0
2015/02/20,0,0,0,0
2015/02/23,0,0,0,0
2015/02/24,0,3211000,-551000,2660000
2015/02/25,0,477000,-1215007,-738007
2015/02/26,0,3261000,-533000,2728000
2015/02/27,0,0,0,0
2015/03/02,0,358000,-705000,-347000
2015/03/03,0,578000,-917000,-339000
2015/03/04,0,8546000,-811000,7735000
2015/03/05,0,3385000,-4659562,-1274562
2015/03/06,0,1724000,-3962000,-2238000
2015/03/09,0,491000,-2369756,-1878756
2015/03/10,0,566000,-1795000,-1229000
2015/03/11,0,1596000,-2657000,-1061000
2015/03/12,0,1228000,-924044,303956
2015/03/13,0,3079000,-849000,2230000
2015/03/16,0,769000,-1182000,-413000
2015/03/17,0,3138000,-2691007,446993
2015/03/18,0,2014000,-1755600,258400
2015/03/19,0,24457000,-2217000,22240000
2015/03/20,0,7809000,-14448000,-6639000
2015/03/23,0,4134000,-5577000,-1443000
2015/03/24,0,1449000,-4505000,-3056000
2015/03/25,0,2476448,-2574000,-97552
2015/03/26,0,2764000,-1473000,1291000
2015/03/27,0,4077000,-3563000,514000
2015/03/30,0,6685905,-1604000,5081905
2015/03/31,0,2146000,-13967785,-11821785
2015/04/01,0,2620000,-1865440,754560
2015/04/02,0,2282000,-3826000,-1544000
2015/04/03,0,0,0,0
2015/04/06,0,0,0,0
2015/04/07,0,715000,-1436000,-721000
2015/04/08,0,845000,-964000,-119000
2015/04/09,0,1758000,-1455000,303000
2015/04/10,0,2099340,-946000,1153340
2015/04/13,0,1490000,-703000,787000
2015/04/14,0,2704000,-1604000,1100000
2015/04/15,0,1444000,-586000,858000
2015/04/16,0,1334000,-2488000,-1154000
2015/04/17,0,1331000,-2410000,-1079000
2015/04/20,0,1440000,-2110960,-670960
2015/04/21,0,1462000,-863000,599000
2015/04/22,0,2019000,-815000,1204000
2015/04/23,0,8176000,-1209000,6967000
2015/04/24,0,3567000,-3748000,-181000
2015/04/27,0,5511000,-877000,4634000
2015/04/28,0,2826000,-1612000,1214000
2015/04/29,0,1825000,-5873000,-4048000
2015/04/30,0,1727000,-1239000,488000
2015/05/01,0,0,0,0
2015/05/04,0,1377000,-1635000,-258000
2015/05/05,0,981000,-1804000,-823000
2015/05/06,0,2737000,-1470000,1267000
2015/05/07,0,950000,-3199000,-2249000
2015/05/08,0,1372000,-3808000,-2436000
2015/05/11,0,2027000,-2526000,-499000
2015/05/12,0,1308000,-755000,553000
2015/05/13,0,4409000,-690000,3719000
2015/05/14,0,1300000,-3068000,-1768000
2015/05/15,0,1622000,-2904000,-1282000
2015/05/18,0,8966000,-2606000,6360000
2015/05/19,0,4026000,-10174000,-6148000
2015/05/20,0,1823000,-2384000,-561000
2015/05/21,0,3473000,-1303000,2170000
2015/05/22,0,1677739,-2128000,-450261
2015/05/25,0,2784966,-334000,2450966
2015/05/26,0,892000,-1283000,-391000
2015/05/27,0,607000,-1170000,-563000
2015/05/28,0,4343000,-465000,3878000
2015/05/29,0,1436000,-2088000,-652000
2015/06/01,0,741000,-2292000,-1551000
2015/06/02,0,1007478,-3132000,-2124522
2015/06/03,0,1940000,-2495000,-555000
2015/06/04,0,1547000,-4841000,-3294000
2015/06/05,0,1720000,-3054000,-1334000
2015/06/08,0,545986,-1914000,-1368014
2015/06/09,0,767000,-2968000,-2201000
2015/06/10,0,1915000,-2712000,-797000
2015/06/11,0,2171000,-1605000,566000
2015/06/12,0,2623000,-2699000,-76000
2015/06/15,0,1534000,-2805000,-1271000
2015/06/16,0,1465000,-1824000,-359000
2015/06/17,0,2554000,-2412120,141880
2015/06/18,0,2399000,-2472000,-73000
2015/06/19,0,0,0,0
2015/06/22,0,2454000,-1549000,905000
2015/06/23,0,707000,-1671000,-964000
2015/06/24,0,2035000,-592000,1443000
2015/06/25,0,6566000,-3810000,2756000
2015/06/26,0,2700000,-4047000,-1347000
2015/06/29,0,222000,-2225000,-2003000
2015/06/30,0,513000,-200000,313000
2015/07/01,0,1999016,-734000,1265016
2015/07/02,0,616000,-1029000,-413000
2015/07/03,0,663000,-331000,332000
2015/07/06,0,190000,-587000,-397000
2015/07/07,0,181000,-1534000,-1353000
2015/07/08,0,247000,-4571000,-4324000
2015/07/09,0,2269000,-2408000,-139000
2015/07/10,0,0,0,0
2015/07/13,0,851000,-1308000,-457000
2015/07/14,0,1241000,-1319000,-78000
2015/07/15,0,1081000,-1566000,-485000
2015/07/16,0,1077000,-1628000,-551000
2015/07/17,0,693000,-385000,308000
2015/07/20,0,1070000,-993000,77000
2015/07/21,0,1298000,-297000,1001000
2015/07/22,0,1191000,-1308000,-117000
2015/07/23,0,1920000,-4524640,-2604640
2015/07/24,0,1926000,-2766000,-840000
2015/07/27,0,1191000,-1913000,-722000
2015/07/28,0,2344000,-615000,1729000
2015/07/29,0,1848000,-4603000,-2755000
2015/07/30,0,2227000,-1259000,968000
2015/07/31,0,1468000,-2389000,-921000
2015/08/03,0,1110000,-3915000,-2805000
2015/08/04,0,3092000,-2671000,421000
2015/08/05,0,2807000,-895000,1912000
2015/08/06,0,973000,-2342000,-1369000
2015/08/07,0,1739000,-1118000,621000
2015/08/10,0,631000,-839000,-208000
2015/08/11,0,1545000,-2370000,-825000
2015/08/12,0,2206000,-3013000,-807000
2015/08/13,0,2785000,-1143000,1642000
2015/08/14,0,1922000,-2302000,-380000
2015/08/17,0,395000,-365000,30000
2015/08/18,0,436000,-1553000,-1117000
2015/08/19,0,927000,-2283000,-1356000
2015/08/20,0,1335000,-1135000,200000
2015/08/21,0,566000,-2820000,-2254000
2015/08/24,0,3746000,-8118000,-4372000
2015/08/25,0,3393000,-2461000,932000
2015/08/26,0,2062000,-2013000,49000
2015/08/27,0,3072000,-2381000,691000
2015/08/28,0,6941000,-3446000,3495000
2015/08/31,0,7273000,-2668000,4605000
2015/09/01,0,9699000,-2162696,7536304
2015/09/02,0,25362000,-837166,24524834
2015/09/03,0,926000,-36621000,-35695000
2015/09/04,0,1623000,-9119997,-7496997
2015/09/07,0,821000,-978000,-157000
2015/09/08,0,978000,-1194000,-216000
2015/09/09,0,2624000,-1000000,1624000
2015/09/10,0,947000,-1081000,-134000
2015/09/11,0,751000,-1510000,-759000
2015/09/14,0,187000,-1088000,-901000
2015/09/15,0,899000,-580000,319000
2015/09/16,0,778000,-3462000,-2684000
2015/09/17,0,904000,-762000,142000
2015/09/18,0,292000,-1460000,-1168000
2015/09/21,0,632000,-1650000,-1018000
2015/09/22,0,61000,-604000,-543000
2015/09/23,0,851000,-1570754,-719754
2015/09/24,0,1053000,-986000,67000
2015/09/25,0,1197000,-689000,508000
2015/09/28,0,0,0,0
2015/09/29,0,0,0,0
2015/09/30,0,859000,-930000,-71000
2015/10/01,0,1595000,-905000,690000
2015/10/02,0,643000,-896000,-253000
2015/10/05,0,920000,-644000,276000
2015/10/06,0,1004500,-1042000,-37500
2015/10/07,0,804000,-550000,254000
2015/10/08,0,978000,-910000,68000
2015/10/09,0,0,0,0
2015/10/12,0,1435000,-973000,462000
2015/10/13,0,676000,-284259,391741
2015/10/14,0,858000,-1014000,-156000
2015/10/15,0,1572000,-2885000,-1313000
2015/10/16,0,439000,-1938000,-1499000
2015/10/19,0,186000,-733000,-547000
2015/10/20,0,286000,-229000,57000
2015/10/21,0,1865000,-851000,1014000
2015/10/22,0,581000,-520000,61000
2015/10/23,0,395000,-1476000,-1081000
2015/10/26,0,1379000,-1005000,374000
2015/10/27,0,1153000,-1533000,-380000
2015/10/28,0,1216000,-264000,952000
2015/10/29,0,1292000,-402000,890000
2015/10/30,0,875000,-444000,431000
2015/11/02,0,309585,-647000,-337415
2015/11/03,0,1046050,-826500,219550
2015/11/04,0,2587000,-1168378,1418622
2015/11/05,0,1420001,-541000,879001
2015/11/06,0,2976000,-809950,2166050
2015/11/09,0,533000,-1040000,-507000
2015/11/10,0,857000,-470100,386900
2015/11/11,0,970000,-1980500,-1010500
2015/11/12,0,685000,-428401,256599
2015/11/13,0,959000,-451000,508000
2015/11/16,0,760000,-322000,438000
2015/11/17,0,2159000,-1197300,961700
2015/11/18,0,310000,-2187867,-1877867
2015/11/19,0,265000,-1049000,-784000
2015/11/20,0,226000,-743000,-517000
2015/11/23,0,279000,-2075000,-1796000
2015/11/24,0,255000,-386000,-131000
2015/11/25,0,439000,-226000,213000
2015/11/26,0,484001,-409000,75001
2015/11/27,0,798000,-178000,620000
2015/11/30,0,1030000,-1066500,-36500
2015/12/01,0,292000,-694700,-402700
2015/12/02,0,638000,-458000,180000
2015/12/03,0,467000,-118000,349000
2015/12/04,0,952000,-337000,615000
2015/12/07,0,488000,-673000,-185000
2015/12/08,0,1032000,-190000,842000
2015/12/09,0,1302000,-139350,1162650
2015/12/10,0,307000,-695000,-388000
2015/12/11,0,877000,-997500,-120500
2015/12/14,0,1035000,-1856000,-821000
2015/12/15,0,230000,-1711796,-1481796
2015/12/16,0,419000,-570000,-151000
2015/12/17,0,1138000,-277000,861000
2015/12/18,0,500000,-118000,382000
2015/12/21,0,2871000,-115000,2756000
2015/12/22,0,452000,-1306600,-854600
2015/12/23,0,170000,-1244000,-1074000
2015/12/24,0,278000,-571000,-293000
2015/12/25,0,553000,-122750,430250
2015/12/28,0,300000,-141000,159000
2015/12/29,0,133000,-223000,-90000
2015/12/30,0,49000,-278000,-229000
2015/12/31,0,145000,-273000,-128000
2016/01/01,0,0,0,0
2016/01/04,0,152000,-1250985,-1098985
2016/01/05,0,554000,-194000,360000
2016/01/06,0,391000,-1419000,-1028000
2016/01/07,0,1082000,-340000,742000
2016/01/08,0,917000,-240000,677000
2016/01/11,0,638000,-1531000,-893000
2016/01/12,0,131000,-1358000,-1227000
2016/01/13,0,433000,-621000,-188000
2016/01/14,0,321000,-718000,-397000
2016/01/15,0,423000,-2036000,-1613000
2016/01/18,0,655000,-365000,290000
2016/01/19,0,531000,-200000,331000
2016/01/20,0,195000,-2444700,-2249700
2016/01/21,0,108000,-2086000,-1978000
2016/01/22,0,1064998,-2487000,-1422002
2016/01/25,0,850000,-954000,-104000
2016/01/26,0,52000,-886000,-834000
2016/01/27,0,58000,-253000,-195000
2016/01/28,0,527000,-867001,-340001
2016/01/29,0,3020000,-530000,2490000
2016/02/01,0,372000,-848000,-476000
2016/02/02,0,241000,-612000,-371000
2016/02/03,0,848000,-1683000,-835000
2016/02/04,0,0,0,0
2016/02/05,0,0,0,0
2016/02/08,0,0,0,0
2016/02/09,0,0,0,0
2016/02/10,0,0,0,0
2016/02/11,0,0,0,0
2016/02/12,0,0,0,0
2016/02/15,0,1945000,-417000,1528000
2016/02/16,0,1077000,-723000,354000
2016/02/17,0,1572000,-745000,827000
2016/02/18,0,224000,-784000,-560000
2016/02/19,0,453000,-161000,292000
2016/02/22,0,464000,-152000,312000
2016/02/23,0,67000,-379000,-312000
2016/02/24,0,508000,-482000,26000
2016/02/25,0,4729000,-1067000,3662000
2016/02/26,0,370000,-3301000,-2931000
2016/02/29,0,0,0,0
2016/03/01,0,576000,-599000,-23000
2016/03/02,0,672000,-358000,314000
2016/03/03,0,513000,-987000,-474000
2016/03/04,0,5494000,-1342000,4152000
2016/03/07,0,327000,-2673996,-2346996
2016/03/08,0,2507000,-1265000,1242000
2016/03/09,0,256000,-510000,-254000
2016/03/10,0,387000,-1117000,-730000
2016/03/11,0,533000,-359102,173898
2016/03/14,0,308000,-398000,-90000
2016/03/15,0,409000,-724000,-315000
2016/03/16,0,2847000,-389000,2458000
2016/03/17,0,313000,-1948000,-1635000
2016/03/18,0,2421000,-1113000,1308000
2016/03/21,0,331000,-1913000,-1582000
2016/03/22,0,425000,-1103000,-678000
2016/03/23,0,761000,-371000,390000
2016/03/24,0,1418000,-261000,1157000
2016/03/25,0,263000,-491000,-228000
2016/03/28,0,818000,-341000,477000
2016/03/29,0,422000,-1440000,-1018000
2016/03/30,0,0,0,0
2016/03/31,0,2052000,-1339000,713000
2016/04/01,0,882000,-534000,348000
2016/04/04,0,0,0,0
2016/04/05,0,0,0,0
2016/04/06,0,242000,-1486867,-1244867
2016/04/07,0,545000,-1507000,-962000
2016/04/08,0,457000,-1017000,-560000
2016/04/11,0,230000,-855000,-625000
2016/04/12,0,313000,-691000,-378000
2016/04/13,0,1275000,-332000,943000
2016/04/14,0,966000,-767000,199000
2016/04/15,0,426000,-1027000,-601000
2016/04/18,0,110000,-532000,-422000
2016/04/19,0,897000,-662000,235000
2016/04/20,0,1863000,-1988000,-125000
2016/04/21,0,515000,-1002000,-487000
2016/04/22,0,49000,-1140000,-1091000
2016/04/25,0,521000,-127000,394000
2016/04/26,0,343000,-317000,26000
2016/04/27,0,543000,-611545,-68545
2016/04/28,0,568000,-1251660,-683660
2016/04/29,0,822000,-311000,511000
2016/05/02,0,0,0,0
2016/05/03,0,792000,-1326000,-534000
2016/05/04,0,1698000,-486000,1212000
2016/05/05,0,1027000,-864000,163000
2016/05/06,0,1089000,-2477000,-1388000
2016/05/09,0,972000,-1119500,-147500
2016/05/10,0,735000,-1181000,-446000
2016/05/11,0,798000,-431000,367000
2016/05/12,0,1230000,-767000,463000
2016/05/13,0,1389000,-2053000,-664000
2016/05/16,0,973000,-839000,134000
2016/05/17,0,1984000,-182589,1801411
2016/05/18,0,776000,-1276000,-500000
2016/05/19,0,958000,-1436000,-478000
2016/05/20,0,631000,-1225000,-594000
2016/05/23,0,3919000,-734000,3185000
2016/05/24,0,499000,-1991000,-1492000
2016/05/25,0,2678000,-1735000,943000
2016/05/26,0,543000,-999000,-456000
2016/05/27,0,540000,-1228000,-688000
2016/05/30,0,473000,-913000,-440000
2016/05/31,0,303000,-942000,-639000
2016/06/01,0,1690000,-263000,1427000
2016/06/02,0,328000,-709000,-381000
2016/06/03,0,1307000,-397000,910000
2016/06/06,0,2672000,-973000,1699000
2016/06/07,0,958000,-711000,247000
2016/06/08,0,630000,-923000,-293000
2016/06/09,0,0,0,0
2016/06/10,0,0,0,0
2016/06/13,0,866000,-1560000,-694000
2016/06/14,0,984000,-990000,-6000
2016/06/15,0,878000,-814000,64000
2016/06/16,0,753000,-1142000,-389000
2016/06/17,0,1713000,-786000,927000
2016/06/20,0,1267000,-304000,963000
2016/06/21,0,692000,-377000,315000
2016/06/22,0,633000,-737000,-104000
2016/06/23,0,490000,-1994000,-1504000
2016/06/24,0,2874000,-3093000,-219000
2016/06/27,0,1004000,-278000,726000
2016/06/28,0,1307000,-655000,652000
2016/06/29,0,420000,-955000,-535000
2016/06/30,0,390000,-865000,-475000
2016/07/01,0,1163000,-195000,968000
2016/07/04,0,2973000,-855000,2118000
2016/07/05,0,178000,-853000,-675000
2016/07/06,0,961000,-557998,403002
2016/07/07,0,229000,-690000,-461000
2016/07/08,0,0,0,0
2016/07/11,0,757000,-41000,716000
2016/07/12,0,494000,-299000,195000
2016/07/13,0,200000,-766000,-566000
2016/07/14,0,29000,-224000,-195000
2016/07/15,0,1705000,-210000,1495000
2016/07/18,0,1830000,-899000,931000
2016/07/19,0,3700000,-996000,2704000
2016/07/20,0,3371000,-432000,2939000
2016/07/21,0,3215000,-827000,2388000
2016/07/22,0,54000,-3041000,-2987000
2016/07/25,0,872000,-1477000,-605000
2016/07/26,0,801000,-559000,242000
2016/07/27,0,3060000,-667000,2393000
2016/07/28,0,247000,-811000,-564000
2016/07/29,0,716000,-220000,496000
2016/08/01,0,469000,-778000,-309000
2016/08/02,0,639000,-152000,487000
2016/08/03,0,798000,-527000,271000
2016/08/04,0,617000,-760000,-143000
2016/08/05,0,797000,-308000,489000
2016/08/08,0,4284000,-769000,3515000
2016/08/09,0,595000,-3554000,-2959000
2016/08/10,0,871000,-1088000,-217000
2016/08/11,0,540000,-1758000,-1218000
2016/08/12,0,7875000,-1036000,6839000
2016/08/15,0,1488000,-1827000,-339000
2016/08/16,0,1238000,-1113000,125000
2016/08/17,0,2671000,-1507000,1164000
2016/08/18,0,4250000,-495000,3755000
2016/08/19,0,1511000,-2843000,-1332000
2016/08/22,0,2007000,-1096000,911000
2016/08/23,0,3467000,-1084000,2383000
2016/08/24,0,5703000,-1630000,4073000
2016/08/25,0,6148000,-2667000,3481000
2016/08/26,0,9433000,-1123000,8310000
2016/08/29,0,18889000,-1472000,17417000
2016/08/30,0,13531000,-1487000,12044000
2016/08/31,0,9230000,-778000,8452000
2016/09/01,0,22131000,-848195,21282805
2016/09/02,0,380000,-67455000,-67075000
2016/09/05,0,268000,-10080157,-9812157
2016/09/06,0,785000,-3277332,-2492332
2016/09/07,0,2234000,-1553000,681000
2016/09/08,0,2122000,-1667000,455000
2016/09/09,0,827000,-2011000,-1184000
2016/09/12,0,2189000,-1755000,434000
2016/09/13,0,1623000,-2153000,-530000
2016/09/14,0,1969000,-1768000,201000
2016/09/15,0,0,0,0
2016/09/16,0,0,0,0
2016/09/19,0,5043000,-2014000,3029000
2016/09/20,0,726000,-2333000,-1607000
2016/09/21,0,1637000,-2006000,-369000
2016/09/22,0,1489000,-1864000,-375000
2016/09/23,0,1514000,-680000,834000
2016/09/26,0,199000,-588362,-389362
2016/09/27,0,0,0,0
2016/09/28,0,0,0,0
2016/09/29,0,3107000,-1300988,1806012
2016/09/30,0,1940000,-1773000,167000
2016/10/03,0,483000,-942000,-459000
2016/10/04,0,802000,-332000,470000
2016/10/05,0,143000,-1788000,-1645000
2016/10/06,0,323000,-1385000,-1062000
2016/10/07,0,16000,-443433,-427433
2016/10/10,0,0,0,0
2016/10/11,0,2447000,-944000,1503000
2016/10/12,0,482000,-1170000,-688000
2016/10/13,0,747000,-1274000,-527000
2016/10/14,0,1042000,-882000,160000
2016/10/17,0,1028000,-826000,202000
2016/10/18,0,1290000,-1138000,152000
2016/10/19,0,490000,-2626000,-2136000
2016/10/20,0,1125000,-926200,198800
2016/10/21,0,2429000,-942000,1487000
2016/10/24,0,1725000,-960000,765000
2016/10/25,0,3856259,-1183000,2673259
2016/10/26,0,326000,-1415000,-1089000
2016/10/27,0,1726000,-731000,995000
2016/10/28,0,1105000,-1031000,74000
2016/10/31,0,2251000,-1121000,1130000
2016/11/01,0,876000,-813000,63000
2016/11/02,0,1902000,-1916750,-14750
2016/11/03,0,814000,-1804903,-990903
2016/11/04,0,1093000,-759000,334000
2016/11/07,0,4572000,-308000,4264000
2016/11/08,0,441000,-3631000,-3190000
2016/11/09,0,483000,-6860250,-6377250
2016/11/10,0,2470000,-4727000,-2257000
2016/11/11,0,463000,-2909005,-2446005
2016/11/14,0,1813000,-965000,848000
2016/11/15,0,1847000,-1252000,595000
2016/11/16,0,981000,-732000,249000
2016/11/17,0,1629000,-1692000,-63000
2016/11/18,0,2295000,-906000,1389000
2016/11/21,0,320000,-140000,180000
2016/11/22,0,1520000,-803400,716600
2016/11/23,0,1435500,-778000,657500
2016/11/24,0,819000,-699800,119200
2016/11/25,0,282000,-875900,-593900
2016/11/28,0,339000,-295976,43024
2016/11/29,0,3797000,-1503000,2294000
2016/11/30,0,896000,-2883000,-1987000
2016/12/01,0,667000,-893000,-226000
2016/12/02,0,384000,-3748000,-3364000
2016/12/05,0,596000,-1575000,-979000
2016/12/06,0,1089000,-2522000,-1433000
2016/12/07,0,1711000,-1849000,-138000
2016/12/08,0,5864000,-1921000,3943000
2016/12/09,0,969000,-2370000,-1401000
2016/12/12,0,953000,-2452000,-1499000
2016/12/13,0,1115000,-1034000,81000
2016/12/14,0,1037000,-765000,272000
2016/12/15,0,2617000,-637000,1980000
2016/12/16,0,608000,-1134000,-526000
2016/12/19,0,2191000,-1542000,649000
2016/12/20,0,1552000,-1252000,300000
2016/12/21,0,2522000,-3187000,-665000
2016/12/22,0,1103000,-756000,347000
2016/12/23,0,1184000,-460000,724000
2016/12/26,0,674000,-1182000,-508000
2016/12/27,0,765000,-367000,398000
2016/12/28,0,1233499,-362000,871499
2016/12/29,0,1133000,-927000,206000
2016/12/30,0,1119000,-2155000,-1036000
2017/01/02,0,0,0,0
2017/01/03,0,557000,-265000,292000
2017/01/04,0,134000,-692000,-558000
2017/01/05,0,1316000,-315000,1001000
2017/01/06,0,619000,-1521000,-902000
2017/01/09,0,718000,-268000,450000
2017/01/10,0,208995,-705000,-496005
2017/01/11,0,103000,-662000,-559000
2017/01/12,0,56000,-1699000,-1643000
2017/01/13,0,34000,-463000,-429000
2017/01/16,0,814000,-503000,311000
2017/01/17,0,193000,-678000,-485000
2017/01/18,0,228000,-1633000,-1405000
2017/01/19,0,770000,-4252000,-3482000
2017/01/20,0,63000,-4013000,-3950000
2017/01/23,0,598000,-234000,364000
2017/01/24,0,213000,-854000,-641000
2017/01/25,0,0,0,0
2017/01/26,0,0,0,0
2017/01/27,0,0,0,0
2017/01/30,0,0,0,0
2017/01/31,0,0,0,0
2017/02/01,0,0,0,0
2017/02/02,0,2665885,-2320000,345885
2017/02/03,0,6214000,-332000,5882000
2017/02/06,0,1822000,-3692000,-1870000
2017/02/07,0,2084000,-4080000,-1996000
2017/02/08,0,5165000,-1940000,3225000
2017/02/09,0,5031000,-3679000,1352000
2017/02/10,0,1739000,-4525000,-2786000
2017/02/13,0,2054000,-2453000,-399000
2017/02/14,0,1214000,-4684000,-3470000
2017/02/15,0,2374000,-1502000,872000
2017/02/16,0,1490000,-3007000,-1517000
2017/02/17,0,1283000,-1406000,-123000
2017/02/20,0,427000,-1360000,-933000
2017/02/21,0,1766001,-1478800,287201
2017/02/22,0,1463997,-466000,997997
2017/02/23,0,2962000,-584000,2378000
2017/02/24,0,1008000,-1180000,-172000
2017/02/27,0,0,0,0
2017/02/28,0,0,0,0
2017/03/01,0,633000,-1495000,-862000
2017/03/02,0,1774000,-1454000,320000
2017/03/03,0,1072000,-1412000,-340000
2017/03/06,0,1667000,-725000,942000
2017/03/07,0,2146000,-1782000,364000
2017/03/08,0,2087000,-1947000,140000
2017/03/09,0,1458000,-1088000,370000
2017/03/10,0,1855000,-2467000,-612000
2017/03/13,0,516000,-1078000,-562000
2017/03/14,0,1772000,-977000,795000
2017/03/15,0,1455000,-1556000,-101000
2017/03/16,0,5367000,-1352000,4015000
2017/03/17,0,846000,-2162000,-1316000
2017/03/20,0,654000,-822000,-168000
2017/03/21,0,2431000,-1273000,1158000
2017/03/22,0,849000,-2103000,-1254000
2017/03/23,0,838000,-1051000,-213000
2017/03/24,0,1520000,-1910000,-390000
2017/03/27,0,484000,-1615500,-1131500
2017/03/28,0,921997,-2120000,-1198003
2017/03/29,0,1273000,-1081000,192000
2017/03/30,0,243615,-512000,-268385
2017/03/31,0,1180000,-469000,711000
2017/04/03,0,0,0,0
2017/04/04,0,0,0,0
2017/04/05,0,9627000,-2413000,7214000
2017/04/06,0,3242000,-4645000,-1403000
2017/04/07,0,2855000,-2026000,829000
2017/04/10,0,3156000,-916000,2240000
2017/04/11,0,992000,-3165380,-2173380
2017/04/12,0,750000,-2061000,-1311000
2017/04/13,0,4018000,-1075000,2943000
2017/04/14,0,1655000,-1742000,-87000
2017/04/17,0,1402000,-2112000,-710000
2017/04/18,0,840000,-1492000,-652000
2017/04/19,0,730000,-1329000,-599000
2017/04/20,0,1008000,-1092000,-84000
2017/04/21,0,479000,-614000,-135000
2017/04/24,0,324000,-983000,-659000
2017/04/25,0,1592000,-1079000,513000
2017/04/26,0,370000,-1333000,-963000
2017/04/27,0,352000,-804000,-452000
2017/04/28,0,4537000,-846000,3691000
2017/05/01,0,0,0,0
2017/05/02,0,3308000,-2724000,584000
2017/05/03,0,1246000,-1275000,-29000
2017/05/04,0,188000,-335000,-147000
2017/05/05,0,139000,-537000,-398000
2017/05/08,0,197000,-798000,-601000
2017/05/09,0,1303000,-4760186,-3457186
2017/05/10,0,1138000,-975000,163000
2017/05/11,0,1270998,-194000,1076998
2017/05/12,0,1979000,-187000,1792000
2017/05/15,0,935000,-258000,677000
2017/05/16,0,1158000,-822000,336000
2017/05/17,0,722000,-1101000,-379000
2017/05/18,0,875000,-1723000,-848000
2017/05/19,0,34000,-665000,-631000
2017/05/22,0,310000,-12000,298000
2017/05/23,0,2373000,-557000,1816000
2017/05/24,0,156000,-419000,-263000
2017/05/25,0,641000,-844000,-203000
2017/05/26,0,337000,-625000,-288000
2017/05/29,0,0,0,0
2017/05/30,0,0,0,0
2017/05/31,0,154000,-835000,-681000
2017/06/01,0,746000,-610000,136000
2017/06/02,0,361000,-512000,-151000
2017/06/05,0,1502000,-337000,1165000
2017/06/06,0,20000,-461357,-441357
2017/06/07,0,260000,-684000,-424000
2017/06/08,0,111000,-784000,-673000
2017/06/09,0,517000,-1307000,-790000
2017/06/12,0,1719000,-1521000,198000
2017/06/13,0,1773000,-800000,973000
2017/06/14,0,102000,-2915000,-2813000
2017/06/15,0,122000,-495000,-373000
2017/06/16,0,3339000,-658000,2681000
2017/06/19,0,5521000,-1107000,4414000
2017/06/20,0,1954000,-1982000,-28000
2017/06/21,0,3457000,-1536000,1921000
2017/06/22,0,2733000,-745000,1988000
2017/06/23,0,465000,-1342000,-877000
2017/06/26,0,9098000,-5372000,3726000
2017/06/27,0,5059000,-2048000,3011000
2017/06/28,0,2218000,-3785000,-1567000
2017/06/29,0,2367000,-1620000,747000
2017/06/30,0,2491000,-546000,1945000
2017/07/03,0,4084011,-286800,3797211
2017/07/04,0,1964000,-1407000,557000
2017/07/05,0,5800000,-973000,4827000
2017/07/06,0,2145000,-928000,1217000
2017/07/07,0,1598000,-435000,1163000
2017/07/10,0,4886000,-649000,4237000
2017/07/11,0,9311000,-825000,8486000
2017/07/12,0,13004000,-865000,12139000
2017/07/13,0,625000,-19799000,-19174000
2017/07/14,0,345000,-5103000,-4758000
2017/07/17,0,184000,-4367000,-4183000
2017/07/18,0,532997,-2134000,-1601003
2017/07/19,0,504000,-2712000,-2208000
2017/07/20,0,1739000,-1778000,-39000
2017/07/21,0,1458000,-1957000,-499000
2017/07/24,0,1139000,-511000,628000
2017/07/25,0,1945000,-1575000,370000
2017/07/26,0,696000,-2521000,-1825000
2017/07/27,0,2178000,-463000,1715000
2017/07/28,0,263000,-1710000,-1447000
2017/07/31,0,402000,-78000,324000
2017/08/01,0,1229000,-96000,1133000
2017/08/02,0,1843000,-1017000,826000
2017/08/03,0,139000,-1411000,-1272000
2017/08/04,0,462000,-413000,49000
2017/08/07,0,2974000,-359000,2615000
2017/08/08,0,426000,-3292000,-2866000
2017/08/09,0,2010000,-1041000,969000
2017/08/10,0,1757000,-1620000,137000
2017/08/11,0,2408000,-1391000,1017000
2017/08/14,0,1230000,-1347000,-117000
2017/08/15,0,922000,-3793000,-2871000
2017/08/16,0,700000,-624900,75100
2017/08/17,0,1241000,-142000,1099000
2017/08/18,0,809000,-949000,-140000
