Date,Open,Buy,Sell,Total
2007/04/23,0,534000,-66000,468000
2007/04/24,0,318000,-18680,299320
2007/04/25,0,40000,-85000,-45000
2007/04/26,0,12000,-34000,-22000
2007/04/27,0,100000,-82000,18000
2007/04/30,0,0,-461000,-461000
2007/05/01,0,0,0,0
2007/05/02,0,20000,-72000,-52000
2007/05/03,0,0,-96000,-96000
2007/05/04,0,244000,-445,243555
2007/05/07,0,350000,-29000,321000
2007/05/08,0,264000,-99000,165000
2007/05/09,0,0,-335000,-335000
2007/05/10,0,0,-11609,-11609
2007/05/11,0,0,-146000,-146000
2007/05/14,0,0,-295000,-295000
2007/05/15,0,24000,-20000,4000
2007/05/16,0,0,-17000,-17000
2007/05/17,0,5000,-26000,-21000
2007/05/18,0,0,-17000,-17000
2007/05/21,0,92000,-4000,88000
2007/05/22,0,6000,-19000,-13000
2007/05/23,0,62000,-39000,23000
2007/05/24,0,36000,-28000,8000
2007/05/25,0,64000,-22000,42000
2007/05/28,0,53000,-17000,36000
2007/05/29,0,0,-27000,-27000
2007/05/30,0,61000,-120000,-59000
2007/05/31,0,82000,-10000,72000
2007/06/01,0,92000,-23000,69000
2007/06/04,0,124000,-67572,56428
2007/06/05,0,107000,-97000,10000
2007/06/06,0,89000,-125000,-36000
2007/06/07,0,32000,-17000,15000
2007/06/08,0,109000,-60000,49000
2007/06/11,0,176000,-61000,115000
2007/06/12,0,78000,-77000,1000
2007/06/13,0,300000,-129000,171000
2007/06/14,0,0,-394000,-394000
2007/06/15,0,100000,-74000,26000
2007/06/18,0,0,0,0
2007/06/19,0,0,0,0
2007/06/20,0,136000,-61000,75000
2007/06/21,0,261000,-93000,168000
2007/06/22,0,43000,-136000,-93000
2007/06/25,0,20000,-34000,-14000
2007/06/26,0,35000,-113000,-78000
2007/06/27,0,39000,-3000,36000
2007/06/28,0,45000,-256000,-211000
2007/06/29,0,80000,-174000,-94000
2007/07/02,0,0,-165000,-165000
2007/07/03,0,20000,-92000,-72000
2007/07/04,0,162000,-22000,140000
2007/07/05,0,0,-37000,-37000
2007/07/06,0,14000,-209000,-195000
2007/07/09,0,250000,-87000,163000
2007/07/10,0,116000,-92000,24000
2007/07/11,0,64000,-65896,-1896
2007/07/12,0,24000,-139000,-115000
2007/07/13,0,97000,-16881,80119
2007/07/16,0,7000,-118779,-111779
2007/07/17,0,58000,-236000,-178000
2007/07/18,0,189000,-171000,18000
2007/07/19,0,62000,-112866,-50866
2007/07/20,0,178000,-197492,-19492
2007/07/23,0,3000,-347000,-344000
2007/07/24,0,133000,-390000,-257000
2007/07/25,0,3000,-7000,-4000
2007/07/26,0,47000,-212000,-165000
2007/07/27,0,21000,-494000,-473000
2007/07/30,0,71000,-303000,-232000
2007/07/31,0,66000,-327000,-261000
2007/08/01,0,73000,-241000,-168000
2007/08/02,0,169000,-107646,61354
2007/08/03,0,169000,-351000,-182000
2007/08/06,0,10000,-103000,-93000
2007/08/07,0,4000,-99000,-95000
2007/08/08,0,37000,-355000,-318000
2007/08/09,0,580000,-255620,324380
2007/08/10,0,44000,-393000,-349000
2007/08/13,0,56000,-377000,-321000
2007/08/14,0,40000,-417000,-377000
2007/08/15,0,262000,-12000,250000
2007/08/16,0,210000,-104000,106000
2007/08/17,0,342000,-363000,-21000
2007/08/20,0,278000,-131000,147000
2007/08/21,0,817000,-138000,679000
2007/08/22,0,139000,-196000,-57000
2007/08/23,0,238000,-541000,-303000
2007/08/24,0,150000,-183000,-33000
2007/08/27,0,626000,-448000,178000
2007/08/28,0,1089000,-416000,673000
2007/08/29,0,161000,-101000,60000
2007/08/30,0,552000,-251000,301000
2007/08/31,0,40000,-477000,-437000
2007/09/03,0,177000,-110000,67000
2007/09/04,0,22000,-215000,-193000
2007/09/05,0,78000,-82000,-4000
2007/09/06,0,720000,-22000,698000
2007/09/07,0,94000,-45000,49000
2007/09/10,0,255000,-51000,204000
2007/09/11,0,221000,-58000,163000
2007/09/12,0,20000,-45000,-25000
2007/09/13,0,0,-191000,-191000
2007/09/14,0,212000,-96000,116000
2007/09/17,0,17000,-156000,-139000
2007/09/18,0,0,0,0
2007/09/19,0,44000,-2563000,-2519000
2007/09/20,0,75000,-86000,-11000
2007/09/21,0,48000,-178000,-130000
2007/09/24,0,0,0,0
2007/09/25,0,0,0,0
2007/09/26,0,221000,0,221000
2007/09/27,0,5000,-204000,-199000
2007/09/28,0,334000,-296000,38000
2007/10/01,0,0,-209000,-209000
2007/10/02,0,835000,-141000,694000
2007/10/03,0,441000,-224000,217000
2007/10/04,0,30000,-272750,-242750
2007/10/05,0,0,-110500,-110500
2007/10/08,0,330000,-296000,34000
2007/10/09,0,6000,-146000,-140000
2007/10/10,0,0,0,0
2007/10/11,0,33000,0,33000
2007/10/12,0,83000,-92000,-9000
2007/10/15,0,63000,-20000,43000
2007/10/16,0,35000,-20000,15000
2007/10/17,0,113000,-27000,86000
2007/10/18,0,100000,-131000,-31000
2007/10/19,0,105000,-56000,49000
2007/10/22,0,321000,-1559000,-1238000
2007/10/23,0,233000,-29000,204000
2007/10/24,0,214000,-75000,139000
2007/10/25,0,81000,-22000,59000
2007/10/26,0,759000,-32000,727000
2007/10/29,0,986000,-510000,476000
2007/10/30,0,230000,-599000,-369000
2007/10/31,0,936000,-109000,827000
2007/11/01,0,412000,-289000,123000
2007/11/02,0,605000,-780000,-175000
2007/11/05,0,256000,-351000,-95000
2007/11/06,0,634000,-732000,-98000
2007/11/07,0,37000,-323000,-286000
2007/11/08,0,105000,-557000,-452000
2007/11/09,0,136000,-705000,-569000
2007/11/12,0,187000,-339000,-152000
2007/11/13,0,304000,-61000,243000
2007/11/14,0,475000,-262000,213000
2007/11/15,0,913000,-102000,811000
2007/11/16,0,247000,-175000,72000
2007/11/19,0,266000,-356000,-90000
2007/11/20,0,137000,-157000,-20000
2007/11/21,0,57000,-611000,-554000
2007/11/22,0,66000,-50000,16000
2007/11/23,0,52000,-691000,-639000
2007/11/26,0,354000,-204000,150000
2007/11/27,0,257000,-148000,109000
2007/11/28,0,63000,-405000,-342000
2007/11/29,0,196000,-26000,170000
2007/11/30,0,87000,-368000,-281000
2007/12/03,0,166000,-67000,99000
2007/12/04,0,836000,-56000,780000
2007/12/05,0,21000,-35000,-14000
2007/12/06,0,73000,-210000,-137000
2007/12/07,0,0,-10000,-10000
2007/12/10,0,636000,-60000,576000
2007/12/11,0,460000,-1323000,-863000
2007/12/12,0,188000,-256000,-68000
2007/12/13,0,177000,-236000,-59000
2007/12/14,0,403000,-366000,37000
2007/12/17,0,141000,-268000,-127000
2007/12/18,0,490430,-259000,231430
2007/12/19,0,252000,-165000,87000
2007/12/20,0,2000,-295000,-293000
2007/12/21,0,182000,-99000,83000
2007/12/24,0,133000,-583000,-450000
2007/12/25,0,39000,-79000,-40000
2007/12/26,0,25000,-70000,-45000
2007/12/27,0,174000,-116000,58000
2007/12/28,0,139000,-155000,-16000
2007/12/31,0,41000,-4000,37000
2008/01/01,0,0,0,0
2008/01/02,0,0,-98000,-98000
2008/01/03,0,86000,-91000,-5000
2008/01/04,0,155000,-91000,64000
2008/01/07,0,167000,-355000,-188000
2008/01/08,0,47000,-47000,0
2008/01/09,0,99000,-46000,53000
2008/01/10,0,329000,-40000,289000
2008/01/11,0,380000,-26000,354000
2008/01/14,0,133000,-447000,-314000
2008/01/15,0,735000,-78000,657000
2008/01/16,0,142000,-32000,110000
2008/01/17,0,739000,-73000,666000
2008/01/18,0,111000,-94000,17000
2008/01/21,0,1000,-36000,-35000
2008/01/22,0,83000,-61000,22000
2008/01/23,0,94000,-93000,1000
2008/01/24,0,543000,-175000,368000
2008/01/25,0,141000,-79000,62000
2008/01/28,0,45000,-204000,-159000
2008/01/29,0,109000,-36000,73000
2008/01/30,0,492000,-50000,442000
2008/01/31,0,80000,-67000,13000
2008/02/01,0,184000,-2000,182000
2008/02/04,0,0,0,0
2008/02/05,0,0,0,0
2008/02/06,0,0,0,0
2008/02/07,0,0,0,0
2008/02/08,0,0,0,0
2008/02/11,0,0,0,0
2008/02/12,0,42000,-40000,2000
2008/02/13,0,23000,-38000,-15000
2008/02/14,0,636000,-63000,573000
2008/02/15,0,109000,-112446,-3446
2008/02/18,0,68000,-39000,29000
2008/02/19,0,31000,-44000,-13000
2008/02/20,0,221000,-93000,128000
2008/02/21,0,342000,-43000,299000
2008/02/22,0,328000,-231000,97000
2008/02/25,0,79000,-32120,46880
2008/02/26,0,106000,-333872,-227872
2008/02/27,0,39000,-621248,-582248
2008/02/28,0,0,0,0
2008/02/29,0,14000,-63000,-49000
2008/03/03,0,136000,-573439,-437439
2008/03/04,0,33000,-1223000,-1190000
2008/03/05,0,108000,-657000,-549000
2008/03/06,0,283000,-458872,-175872
2008/03/07,0,129000,-241000,-112000
2008/03/10,0,162000,-142000,20000
2008/03/11,0,191000,-16000,175000
2008/03/12,0,231000,-20980,210020
2008/03/13,0,191000,-66000,125000
2008/03/14,0,260000,-57000,203000
2008/03/17,0,482000,-211000,271000
2008/03/18,0,297000,-116156,180844
2008/03/19,0,138000,-62000,76000
2008/03/20,0,623000,-15000,608000
2008/03/21,0,137000,-23000,114000
2008/03/24,0,275000,-17000,258000
2008/03/25,0,134000,-89000,45000
2008/03/26,0,46000,-154000,-108000
2008/03/27,0,65000,-22000,43000
2008/03/28,0,315000,-57688,257312
2008/03/31,0,208000,-241000,-33000
2008/04/01,0,81000,-49042,31958
2008/04/02,0,311000,-2000,309000
2008/04/03,0,294000,-9000,285000
2008/04/04,0,0,0,0
2008/04/07,0,206000,-157000,49000
2008/04/08,0,59000,-202000,-143000
2008/04/09,0,380000,-89000,291000
2008/04/10,0,286000,-142000,144000
2008/04/11,0,387000,-312000,75000
2008/04/14,0,12000,-53362,-41362
2008/04/15,0,89000,-31000,58000
2008/04/16,0,87000,-50000,37000
2008/04/17,0,120000,-684000,-564000
2008/04/18,0,1398000,-59000,1339000
2008/04/21,0,112000,-142000,-30000
2008/04/22,0,34000,-154000,-120000
2008/04/23,0,355000,-50000,305000
2008/04/24,0,153000,-57000,96000
2008/04/25,0,85000,-127000,-42000
2008/04/28,0,225000,-15000,210000
2008/04/29,0,370000,-44000,326000
2008/04/30,0,162000,-667000,-505000
2008/05/01,0,0,0,0
2008/05/02,0,1093000,-86000,1007000
2008/05/05,0,601000,-474000,127000
2008/05/06,0,1080000,-9000,1071000
2008/05/07,0,932000,-88000,844000
2008/05/08,0,90000,-120000,-30000
2008/05/09,0,220000,-269000,-49000
2008/05/12,0,386000,-120413,265587
2008/05/13,0,479012,-87000,392012
2008/05/14,0,473000,-50000,423000
2008/05/15,0,193000,-283000,-90000
2008/05/16,0,293000,-24000,269000
2008/05/19,0,18000,-208000,-190000
2008/05/20,0,206000,-1389000,-1183000
2008/05/21,0,457000,-64000,393000
2008/05/22,0,133000,-154000,-21000
2008/05/23,0,301000,-102000,199000
2008/05/26,0,196000,-555000,-359000
2008/05/27,0,49000,-414000,-365000
2008/05/28,0,364000,-394000,-30000
2008/05/29,0,46000,-41000,5000
2008/05/30,0,109000,-212000,-103000
2008/06/02,0,125000,-25521,99479
2008/06/03,0,252000,-314000,-62000
2008/06/04,0,66000,-21000,45000
2008/06/05,0,330000,-17000,313000
2008/06/06,0,229000,-209000,20000
2008/06/09,0,293000,-23360,269640
2008/06/10,0,597000,-47000,550000
2008/06/11,0,100000,-19000,81000
2008/06/12,0,135000,-638000,-503000
2008/06/13,0,891000,-31000,860000
2008/06/16,0,345000,-22000,323000
2008/06/17,0,419000,-65000,354000
2008/06/18,0,489000,-108000,381000
2008/06/19,0,134000,-95000,39000
2008/06/20,0,168000,-199000,-31000
2008/06/23,0,286000,-146000,140000
2008/06/24,0,420000,-28000,392000
2008/06/25,0,524000,-469000,55000
2008/06/26,0,129000,-353000,-224000
2008/06/27,0,280000,-690000,-410000
2008/06/30,0,301000,-400000,-99000
2008/07/01,0,129000,-100000,29000
2008/07/02,0,626000,-4000,622000
2008/07/03,0,326000,-645000,-319000
2008/07/04,0,159000,-331000,-172000
2008/07/07,0,7000,-329000,-322000
2008/07/08,0,447000,-94000,353000
2008/07/09,0,416000,-52000,364000
2008/07/10,0,258000,-170000,88000
2008/07/11,0,139000,-61000,78000
2008/07/14,0,28000,-119000,-91000
2008/07/15,0,446000,-40000,406000
2008/07/16,0,278000,-74000,204000
2008/07/17,0,229000,-71000,158000
2008/07/18,0,295000,-555975,-260975
2008/07/21,0,314000,-335000,-21000
2008/07/22,0,1045000,-27000,1018000
2008/07/23,0,729000,-288000,441000
2008/07/24,0,270000,-151000,119000
2008/07/25,0,623000,-6000,617000
2008/07/28,0,0,0,0
2008/07/29,0,276000,-222000,54000
2008/07/30,0,110000,-221000,-111000
2008/07/31,0,176000,-426000,-250000
2008/08/01,0,124000,-10000,114000
2008/08/04,0,262000,-53000,209000
2008/08/05,0,349000,-14000,335000
2008/08/06,0,812000,-13000,799000
2008/08/07,0,157000,-182000,-25000
2008/08/08,0,317000,-251000,66000
2008/08/11,0,1137000,-428000,709000
2008/08/12,0,51000,-464000,-413000
2008/08/13,0,114000,-197000,-83000
2008/08/14,0,28000,-99000,-71000
2008/08/15,0,93000,-108000,-15000
2008/08/18,0,45000,-314000,-269000
2008/08/19,0,23000,-81000,-58000
2008/08/20,0,15000,-44000,-29000
2008/08/21,0,466000,-194000,272000
2008/08/22,0,458000,-148000,310000
2008/08/25,0,70000,-572000,-502000
2008/08/26,0,29000,-281000,-252000
2008/08/27,0,101000,-304000,-203000
2008/08/28,0,92000,-67000,25000
2008/08/29,0,407000,-107000,300000
2008/09/01,0,239000,-261000,-22000
2008/09/02,0,135000,-409000,-274000
2008/09/03,0,333000,-525460,-192460
2008/09/04,0,74000,-245000,-171000
2008/09/05,0,248000,-1094000,-846000
2008/09/08,0,158000,-5000,153000
2008/09/09,0,1114000,-118000,996000
2008/09/10,0,279000,-31000,248000
2008/09/11,0,414000,-192000,222000
2008/09/12,0,318000,-882000,-564000
2008/09/15,0,585000,-300000,285000
2008/09/16,0,161000,-21000,140000
2008/09/17,0,211000,-36000,175000
2008/09/18,0,472000,-166000,306000
2008/09/19,0,241000,-80000,161000
2008/09/22,0,60000,-736000,-676000
2008/09/23,0,28000,-191000,-163000
2008/09/24,0,192000,-39000,153000
2008/09/25,0,32000,-95000,-63000
2008/09/26,0,13000,-319000,-306000
2008/09/29,0,0,0,0
2008/09/30,0,98000,-167000,-69000
2008/10/01,0,211000,-147000,64000
2008/10/02,0,595000,-102000,493000
2008/10/03,0,360000,-2980000,-2620000
2008/10/06,0,1002000,-159360,842640
2008/10/07,0,702000,-15000,687000
2008/10/08,0,413000,-456000,-43000
2008/10/09,0,307000,0,307000
2008/10/10,0,0,0,0
2008/10/13,0,334000,-22000,312000
2008/10/14,0,176000,-40000,136000
2008/10/15,0,105000,-474000,-369000
2008/10/16,0,0,-63050,-63050
2008/10/17,0,178000,-48000,130000
2008/10/20,0,82000,-43002,38998
2008/10/21,0,284000,-31900,252100
2008/10/22,0,112000,-311905,-199905
2008/10/23,0,0,-1154,-1154
2008/10/24,0,100000,-50000,50000
2008/10/27,0,297000,-233000,64000
2008/10/28,0,186000,-139000,47000
2008/10/29,0,333000,-453000,-120000
2008/10/30,0,127000,-326000,-199000
2008/10/31,0,258000,-27000,231000
2008/11/03,0,271000,-70000,201000
2008/11/04,0,256000,-21000,235000
2008/11/05,0,178000,-408000,-230000
2008/11/06,0,103000,0,103000
2008/11/07,0,480117,-6000,474117
2008/11/10,0,74000,-124000,-50000
2008/11/11,0,140000,-130000,10000
2008/11/12,0,296000,-15000,281000
2008/11/13,0,178000,-2000,176000
2008/11/14,0,96000,-127000,-31000
2008/11/17,0,13000,-535668,-522668
2008/11/18,0,270000,-432000,-162000
2008/11/19,0,164000,-7044,156956
2008/11/20,0,241000,0,241000
2008/11/21,0,559000,-146000,413000
2008/11/24,0,241000,-3000,238000
2008/11/25,0,418000,-44000,374000
2008/11/26,0,12000,-3000,9000
2008/11/27,0,645000,-91000,554000
2008/11/28,0,431000,0,431000
2008/12/01,0,401000,-205480,195520
2008/12/02,0,0,-300000,-300000
2008/12/03,0,19000,-113000,-94000
2008/12/04,0,1123000,-192215,930785
2008/12/05,0,53000,-404000,-351000
2008/12/08,0,541000,-415000,126000
2008/12/09,0,345000,-400000,-55000
2008/12/10,0,120000,-557000,-437000
2008/12/11,0,122000,-63000,59000
2008/12/12,0,52000,-272000,-220000
2008/12/15,0,172000,-652000,-480000
2008/12/16,0,0,-500000,-500000
2008/12/17,0,44000,-289000,-245000
2008/12/18,0,4000,-28000,-24000
2008/12/19,0,64000,-47000,17000
2008/12/22,0,85000,-67000,18000
2008/12/23,0,76000,-88000,-12000
2008/12/24,0,97000,-73000,24000
2008/12/25,0,33000,-9000,24000
2008/12/26,0,74000,-1000,73000
2008/12/29,0,73000,-11000,62000
2008/12/30,0,39000,-34813,4187
2008/12/31,0,54000,-121722,-67722
2009/01/01,0,0,0,0
2009/01/02,0,0,0,0
2009/01/05,0,269000,-37000,232000
2009/01/06,0,106000,-50000,56000
2009/01/07,0,619000,-101000,518000
2009/01/08,0,296000,-78000,218000
2009/01/09,0,169000,-289000,-120000
2009/01/12,0,118000,-6000,112000
2009/01/13,0,440000,0,440000
2009/01/14,0,390000,-14000,376000
2009/01/15,0,400000,-26000,374000
2009/01/16,0,141000,-1565000,-1424000
2009/01/19,0,34000,-60000,-26000
2009/01/20,0,544000,-16274,527726
2009/01/21,0,1044000,-103000,941000
2009/01/22,0,0,0,0
2009/01/23,0,0,0,0
2009/01/26,0,0,0,0
2009/01/27,0,0,0,0
2009/01/28,0,0,0,0
2009/01/29,0,0,0,0
2009/01/30,0,0,0,0
2009/02/02,0,939000,-114714,824286
2009/02/03,0,67000,-447000,-380000
2009/02/04,0,478000,-291000,187000
2009/02/05,0,127000,-44000,83000
2009/02/06,0,39000,-41000,-2000
2009/02/09,0,430000,-252000,178000
2009/02/10,0,540000,-427000,113000
2009/02/11,0,231000,-466686,-235686
2009/02/12,0,211000,-347859,-136859
2009/02/13,0,533000,-546000,-13000
2009/02/16,0,85000,-847000,-762000
2009/02/17,0,127000,-596000,-469000
2009/02/18,0,522000,-529000,-7000
2009/02/19,0,766000,-181000,585000
2009/02/20,0,155000,-380000,-225000
2009/02/23,0,246000,-461000,-215000
2009/02/24,0,356000,-82000,274000
2009/02/25,0,233000,-57250,175750
2009/02/26,0,770000,-54000,716000
2009/02/27,0,174000,-238000,-64000
2009/03/02,0,1698000,-324000,1374000
2009/03/03,0,555000,-413000,142000
2009/03/04,0,725000,-313000,412000
2009/03/05,0,998000,-995000,3000
2009/03/06,0,225000,-1801000,-1576000
2009/03/09,0,271000,-214000,57000
2009/03/10,0,433000,-585000,-152000
2009/03/11,0,172000,-699000,-527000
2009/03/12,0,980000,-250000,730000
2009/03/13,0,669000,-1007832,-338832
2009/03/16,0,41000,-322000,-281000
2009/03/17,0,822000,-388000,434000
2009/03/18,0,500000,-254000,246000
2009/03/19,0,1807000,-364000,1443000
2009/03/20,0,1206000,-239000,967000
2009/03/23,0,1564000,-203000,1361000
2009/03/24,0,1266000,-321000,945000
2009/03/25,0,1701000,-784000,917000
2009/03/26,0,1207000,-139060,1067940
2009/03/27,0,265000,-3270000,-3005000
2009/03/30,0,721000,-671000,50000
2009/03/31,0,195000,-184000,11000
2009/04/01,0,604000,-1106000,-502000
2009/04/02,0,197000,-366833,-169833
2009/04/03,0,12000,-603000,-591000
2009/04/06,0,221000,-83143,137857
2009/04/07,0,43000,-732000,-689000
2009/04/08,0,37000,-655000,-618000
2009/04/09,0,623000,-31000,592000
2009/04/10,0,400000,-945136,-545136
2009/04/13,0,178000,-3236000,-3058000
2009/04/14,0,228000,-421000,-193000
2009/04/15,0,616000,-1064000,-448000
2009/04/16,0,354000,-843000,-489000
2009/04/17,0,287000,-620134,-333134
2009/04/20,0,684000,-345000,339000
2009/04/21,0,236000,-82000,154000
2009/04/22,0,189000,-391000,-202000
2009/04/23,0,61000,-472000,-411000
2009/04/24,0,336000,-314000,22000
2009/04/27,0,236000,-326000,-90000
2009/04/28,0,318000,-304139,13861
2009/04/29,0,937000,-218000,719000
2009/04/30,0,472000,-44000,428000
2009/05/01,0,0,0,0
2009/05/04,0,1480000,-292000,1188000
2009/05/05,0,690000,-1007000,-317000
2009/05/06,0,1358000,-292551,1065449
2009/05/07,0,877000,-1127000,-250000
2009/05/08,0,192000,-497000,-305000
2009/05/11,0,233000,-672000,-439000
2009/05/12,0,246000,-472000,-226000
2009/05/13,0,522000,-746000,-224000
2009/05/14,0,1158000,-543000,615000
2009/05/15,0,1735000,-603000,1132000
2009/05/18,0,12000,-177000,-165000
2009/05/19,0,703000,-197000,506000
2009/05/20,0,67000,-2437000,-2370000
2009/05/21,0,62000,-512000,-450000
2009/05/22,0,8000,-313768,-305768
2009/05/25,0,121000,-542000,-421000
2009/05/26,0,338000,-422146,-84146
2009/05/27,0,838000,-297000,541000
2009/05/28,0,0,0,0
2009/05/29,0,0,0,0
2009/06/01,0,222000,-1344000,-1122000
2009/06/02,0,63000,-864000,-801000
2009/06/03,0,574000,-494000,80000
2009/06/04,0,191000,-726504,-535504
2009/06/05,0,132000,-542000,-410000
2009/06/08,0,357000,-408000,-51000
2009/06/09,0,646000,-265000,381000
2009/06/10,0,313000,-35466,277534
2009/06/11,0,209000,-477000,-268000
2009/06/12,0,251000,-703015,-452015
2009/06/15,0,392000,-268000,124000
2009/06/16,0,117000,-62379,54621
2009/06/17,0,369000,-149000,220000
2009/06/18,0,320000,-370000,-50000
2009/06/19,0,196000,-587000,-391000
2009/06/22,0,266000,-203000,63000
2009/06/23,0,85000,-44000,41000
2009/06/24,0,680000,-372000,308000
2009/06/25,0,57000,-237000,-180000
2009/06/26,0,71000,-46000,25000
2009/06/29,0,13000,-63000,-50000
2009/06/30,0,249000,-43000,206000
2009/07/01,0,1371000,-110000,1261000
2009/07/02,0,406000,-547000,-141000
2009/07/03,0,73000,-625000,-552000
2009/07/06,0,245000,-145000,100000
2009/07/07,0,520810,-49000,471810
2009/07/08,0,69000,-662000,-593000
2009/07/09,0,680000,-210000,470000
2009/07/10,0,387000,-378000,9000
2009/07/13,0,276000,-472000,-196000
2009/07/14,0,190000,-32000,158000
2009/07/15,0,741000,-283000,458000
2009/07/16,0,476000,-520000,-44000
2009/07/17,0,542000,-640000,-98000
2009/07/20,0,486000,-254000,232000
2009/07/21,0,505000,-670000,-165000
2009/07/22,0,283000,-308000,-25000
2009/07/23,0,434000,-170000,264000
2009/07/24,0,2658000,-574000,2084000
2009/07/27,0,440000,-310000,130000
2009/07/28,0,370000,-994000,-624000
2009/07/29,0,398000,-533000,-135000
2009/07/30,0,44000,-885000,-841000
2009/07/31,0,102000,-412000,-310000
2009/08/03,0,181024,-509000,-327976
2009/08/04,0,437000,-719000,-282000
2009/08/05,0,482000,-372000,110000
2009/08/06,0,409000,-133000,276000
2009/08/07,0,0,0,0
2009/08/10,0,251000,-237000,14000
2009/08/11,0,528000,-140000,388000
2009/08/12,0,420000,-364000,56000
2009/08/13,0,419000,-152000,267000
2009/08/14,0,333000,-247000,86000
2009/08/17,0,1012000,-135000,877000
2009/08/18,0,697000,-583000,114000
2009/08/19,0,205000,-1308000,-1103000
2009/08/20,0,186000,-391000,-205000
2009/08/21,0,431000,-368000,63000
2009/08/24,0,246005,-127514,118491
2009/08/25,0,635000,-51000,584000
2009/08/26,0,563000,-89621,473379
2009/08/27,0,18000,-382000,-364000
2009/08/28,0,165000,-83000,82000
2009/08/31,0,98000,-556000,-458000
2009/09/01,0,513000,-78000,435000
2009/09/02,0,804000,-157000,647000
2009/09/03,0,1317000,-1003000,314000
2009/09/04,0,197000,-916000,-719000
2009/09/07,0,363400,-1879000,-1515600
2009/09/08,0,808000,-931000,-123000
2009/09/09,0,769000,-359000,410000
2009/09/10,0,781000,-2000000,-1219000
2009/09/11,0,233000,-381000,-148000
2009/09/14,0,446000,-739000,-293000
2009/09/15,0,672000,-87000,585000
2009/09/16,0,950000,-253000,697000
2009/09/17,0,394000,-616000,-222000
2009/09/18,0,247940,-520146,-272206
2009/09/21,0,139000,-697000,-558000
2009/09/22,0,97000,-174000,-77000
2009/09/23,0,188000,-1056964,-868964
2009/09/24,0,164000,-115000,49000
2009/09/25,0,1094000,-24000,1070000
2009/09/28,0,226000,-378998,-152998
2009/09/29,0,867000,-116000,751000
2009/09/30,0,2797000,-402000,2395000
2009/10/01,0,490000,-2371000,-1881000
2009/10/02,0,1139000,-1215000,-76000
2009/10/05,0,521000,-2746000,-2225000
2009/10/06,0,222300,-1146000,-923700
2009/10/07,0,470000,-868000,-398000
2009/10/08,0,88000,-965000,-877000
2009/10/09,0,138000,-372000,-234000
2009/10/12,0,191000,-418000,-227000
2009/10/13,0,232000,-51780,180220
2009/10/14,0,330000,-249145,80855
2009/10/15,0,82000,-228229,-146229
2009/10/16,0,1528000,-270750,1257250
2009/10/19,0,1041000,-14200,1026800
2009/10/20,0,283000,-120000,163000
2009/10/21,0,180000,-259827,-79827
2009/10/22,0,324000,-531650,-207650
2009/10/23,0,497000,-819060,-322060
2009/10/26,0,122000,-214000,-92000
2009/10/27,0,214000,-38000,176000
2009/10/28,0,262000,-117000,145000
2009/10/29,0,536000,-269000,267000
2009/10/30,0,1016000,-1737000,-721000
2009/11/02,0,1571000,-1018000,553000
2009/11/03,0,731000,-157000,574000
2009/11/04,0,1027000,-31770,995230
2009/11/05,0,264000,-795000,-531000
2009/11/06,0,347000,-995000,-648000
2009/11/09,0,220000,-206000,14000
2009/11/10,0,262000,-1151000,-889000
2009/11/11,0,802000,-209000,593000
2009/11/12,0,287000,-642000,-355000
2009/11/13,0,372000,-367000,5000
2009/11/16,0,291000,-308000,-17000
2009/11/17,0,134000,-672165,-538165
2009/11/18,0,41000,-696105,-655105
2009/11/19,0,161000,-281000,-120000
2009/11/20,0,110000,-106000,4000
2009/11/23,0,35000,-75000,-40000
2009/11/24,0,54000,-26000,28000
2009/11/25,0,712000,-54000,658000
2009/11/26,0,138000,-275000,-137000
2009/11/27,0,387000,-376000,11000
2009/11/30,0,380000,-249601,130399
2009/12/01,0,175000,-126000,49000
2009/12/02,0,398000,-340000,58000
2009/12/03,0,181000,-346000,-165000
2009/12/04,0,124000,-69000,55000
2009/12/07,0,361000,-158000,203000
2009/12/08,0,162000,-482000,-320000
2009/12/09,0,82000,-349000,-267000
2009/12/10,0,55000,-583000,-528000
2009/12/11,0,1195000,-36000,1159000
2009/12/14,0,653000,-87000,566000
2009/12/15,0,539000,-753000,-214000
2009/12/16,0,304000,-423000,-119000
2009/12/17,0,337000,-92000,245000
2009/12/18,0,121000,-271000,-150000
2009/12/21,0,308000,-220000,88000
2009/12/22,0,39000,-117002,-78002
2009/12/23,0,104000,-720000,-616000
2009/12/24,0,301000,-74000,227000
2009/12/25,0,93000,-5000,88000
2009/12/28,0,179000,-454000,-275000
2009/12/29,0,385000,-80000,305000
2009/12/30,0,268000,-234000,34000
2009/12/31,0,278000,-466000,-188000
2010/01/01,0,0,0,0
2010/01/04,0,517000,-624000,-107000
2010/01/05,0,266000,-699000,-433000
2010/01/06,0,1396000,-651000,745000
2010/01/07,0,2754000,-1251000,1503000
2010/01/08,0,500000,-505000,-5000
2010/01/11,0,802000,-195000,607000
2010/01/12,0,475000,-223000,252000
2010/01/13,0,564000,-706000,-142000
2010/01/14,0,1119000,-339218,779782
2010/01/15,0,309000,-389000,-80000
2010/01/18,0,462000,-236000,226000
2010/01/19,0,60345,-666000,-605655
2010/01/20,0,663000,-1013000,-350000
2010/01/21,0,2982000,-1168000,1814000
2010/01/22,0,334000,-440000,-106000
2010/01/25,0,1146000,-373000,773000
2010/01/26,0,149000,-1500000,-1351000
2010/01/27,0,279000,-69000,210000
2010/01/28,0,1174000,-387000,787000
2010/01/29,0,455000,-344000,111000
2010/02/01,0,432000,-578000,-146000
2010/02/02,0,113000,-1182003,-1069003
2010/02/03,0,1635000,-2274000,-639000
2010/02/04,0,1268000,-49000,1219000
2010/02/05,0,548000,-1506000,-958000
2010/02/08,0,1185000,-535716,649284
2010/02/09,0,1207000,-325000,882000
2010/02/10,0,452000,-2276890,-1824890
2010/02/11,0,0,0,0
2010/02/12,0,0,0,0
2010/02/15,0,0,0,0
2010/02/16,0,0,0,0
2010/02/17,0,0,0,0
2010/02/18,0,0,0,0
2010/02/19,0,0,0,0
2010/02/22,0,989000,-333000,656000
2010/02/23,0,478000,-475000,3000
2010/02/24,0,264000,-794000,-530000
2010/02/25,0,1339000,-544000,795000
2010/02/26,0,96000,-249000,-153000
2010/03/01,0,722000,-148000,574000
2010/03/02,0,1741000,-2031553,-290553
2010/03/03,0,731000,-167000,564000
2010/03/04,0,591000,-543000,48000
2010/03/05,0,1040000,-850000,190000
2010/03/08,0,1081000,-368000,713000
2010/03/09,0,601000,-442000,159000
2010/03/10,0,680000,-308000,372000
2010/03/11,0,752000,-2153000,-1401000
2010/03/12,0,889000,-995000,-106000
2010/03/15,0,817000,-721000,96000
2010/03/16,0,815000,-347000,468000
2010/03/17,0,1987000,-721000,1266000
2010/03/18,0,537000,-2679000,-2142000
2010/03/19,0,719000,-208000,511000
2010/03/22,0,1018000,-2303000,-1285000
2010/03/23,0,1000000,-1119000,-119000
2010/03/24,0,962000,-459207,502793
2010/03/25,0,1825000,-472000,1353000
2010/03/26,0,1603000,-789000,814000
2010/03/29,0,685000,-853000,-168000
2010/03/30,0,430000,-588000,-158000
2010/03/31,0,395000,-342000,53000
2010/04/01,0,856000,-577320,278680
2010/04/02,0,540000,-174000,366000
2010/04/05,0,0,0,0
2010/04/06,0,1263000,-303000,960000
2010/04/07,0,629000,-503000,126000
2010/04/08,0,605000,-407000,198000
2010/04/09,0,404000,-517000,-113000
2010/04/12,0,445000,-196000,249000
2010/04/13,0,758000,-1360000,-602000
2010/04/14,0,635000,-163000,472000
2010/04/15,0,458000,-138000,320000
2010/04/16,0,456000,-585000,-129000
2010/04/19,0,271000,-2631000,-2360000
2010/04/20,0,1402000,-729000,673000
2010/04/21,0,6806000,-1499000,5307000
2010/04/22,0,1333000,-3583000,-2250000
2010/04/23,0,103000,-681000,-578000
2010/04/26,0,578000,-301000,277000
2010/04/27,0,718000,-616000,102000
2010/04/28,0,760000,-1001000,-241000
2010/04/29,0,1023000,-6759000,-5736000
2010/04/30,0,189000,-452000,-263000
2010/05/03,0,1353000,-414000,939000
2010/05/04,0,648000,-801000,-153000
2010/05/05,0,438000,-526000,-88000
2010/05/06,0,1871000,-1303000,568000
2010/05/07,0,1922000,-1226000,696000
2010/05/10,0,473000,-604611,-131611
2010/05/11,0,453000,-2384000,-1931000
2010/05/12,0,199000,-496000,-297000
2010/05/13,0,497000,-313000,184000
2010/05/14,0,556000,-415000,141000
2010/05/17,0,259000,-1497000,-1238000
2010/05/18,0,1636000,-1397000,239000
2010/05/19,0,840000,-189000,651000
2010/05/20,0,106000,-724000,-618000
2010/05/21,0,351000,-679000,-328000
2010/05/24,0,143000,-309000,-166000
2010/05/25,0,831000,-805000,26000
2010/05/26,0,512000,-156000,356000
2010/05/27,0,521000,-242000,279000
2010/05/28,0,1249000,-677000,572000
2010/05/31,0,469000,-792000,-323000
2010/06/01,0,288000,-573000,-285000
2010/06/02,0,198000,-1688000,-1490000
2010/06/03,0,351650,-128000,223650
2010/06/04,0,69000,-346000,-277000
2010/06/07,0,105000,-1148000,-1043000
2010/06/08,0,387000,-283000,104000
2010/06/09,0,138000,-640000,-502000
2010/06/10,0,373000,-118000,255000
2010/06/11,0,550000,-594000,-44000
2010/06/14,0,621000,-34000,587000
2010/06/15,0,784000,-9000,775000
2010/06/16,0,0,0,0
2010/06/17,0,1266000,-286000,980000
2010/06/18,0,277000,-653650,-376650
2010/06/21,0,1031000,-138000,893000
2010/06/22,0,254000,-148000,106000
2010/06/23,0,401000,-343000,58000
2010/06/24,0,191000,-319618,-128618
2010/06/25,0,255000,-443000,-188000
2010/06/28,0,67000,-257000,-190000
2010/06/29,0,222000,-289000,-67000
2010/06/30,0,155000,-256000,-101000
2010/07/01,0,394000,-451000,-57000
2010/07/02,0,455000,-372000,83000
2010/07/05,0,596700,-85000,511700
2010/07/06,0,293000,-79700,213300
2010/07/07,0,611000,-317000,294000
2010/07/08,0,517000,-332239,184761
2010/07/09,0,280000,-420000,-140000
2010/07/12,0,534000,-733000,-199000
2010/07/13,0,171000,-355000,-184000
2010/07/14,0,1124000,-233000,891000
2010/07/15,0,73000,-379000,-306000
2010/07/16,0,104000,-501000,-397000
2010/07/19,0,94000,-222000,-128000
2010/07/20,0,174000,-586000,-412000
2010/07/21,0,100000,-193000,-93000
2010/07/22,0,121000,-163000,-42000
2010/07/23,0,329000,-86000,243000
2010/07/26,0,541000,-193000,348000
2010/07/27,0,479000,-212000,267000
2010/07/28,0,227000,-204000,23000
2010/07/29,0,287000,-62000,225000
2010/07/30,0,84000,-379000,-295000
2010/08/02,0,903000,-292000,611000
2010/08/03,0,473000,-264000,209000
2010/08/04,0,440000,-429000,11000
2010/08/05,0,139000,-554000,-415000
2010/08/06,0,309000,-365000,-56000
2010/08/09,0,593000,-83000,510000
2010/08/10,0,1588000,-394000,1194000
2010/08/11,0,260000,-592000,-332000
2010/08/12,0,430000,-422000,8000
2010/08/13,0,994000,-1180000,-186000
2010/08/16,0,398000,-302000,96000
2010/08/17,0,645000,-1129000,-484000
2010/08/18,0,784000,-1771000,-987000
2010/08/19,0,728000,-390000,338000
2010/08/20,0,349000,-796000,-447000
2010/08/23,0,410000,-534000,-124000
2010/08/24,0,257428,-653000,-395572
2010/08/25,0,447000,-1063000,-616000
2010/08/26,0,272000,-372000,-100000
2010/08/27,0,304000,-329000,-25000
2010/08/30,0,366400,-252000,114400
2010/08/31,0,331000,-912000,-581000
2010/09/01,0,711800,-193000,518800
2010/09/02,0,266000,-1242000,-976000
2010/09/03,0,1005000,-245000,760000
2010/09/06,0,1479000,-459102,1019898
2010/09/07,0,439000,-541200,-102200
2010/09/08,0,366000,-843000,-477000
2010/09/09,0,743000,-744000,-1000
2010/09/10,0,895000,-146000,749000
2010/09/13,0,524000,-506000,18000
2010/09/14,0,63000,-600000,-537000
2010/09/15,0,623000,-563000,60000
2010/09/16,0,569712,-553000,16712
2010/09/17,0,651000,-87000,564000
2010/09/20,0,80000,-117000,-37000
2010/09/21,0,342000,-890000,-548000
2010/09/22,0,0,0,0
2010/09/23,0,435144,-118000,317144
2010/09/24,0,185000,-317000,-132000
2010/09/27,0,395000,-280000,115000
2010/09/28,0,586000,-232307,353693
2010/09/29,0,1000000,-311002,688998
2010/09/30,0,417000,-370000,47000
2010/10/01,0,494000,-540865,-46865
2010/10/04,0,590000,-218000,372000
2010/10/05,0,1144000,-395000,749000
2010/10/06,0,314000,-772000,-458000
2010/10/07,0,584000,-88811,495189
2010/10/08,0,530000,-205000,325000
2010/10/11,0,301000,-224000,77000
2010/10/12,0,121000,-362000,-241000
2010/10/13,0,304000,-175000,129000
2010/10/14,0,710000,-290000,420000
2010/10/15,0,180000,-284000,-104000
2010/10/18,0,161000,-292000,-131000
2010/10/19,0,361000,-568000,-207000
2010/10/20,0,1660000,-1724000,-64000
2010/10/21,0,215000,-785000,-570000
2010/10/22,0,179000,-458754,-279754
2010/10/25,0,999000,-151000,848000
2010/10/26,0,366000,-595001,-229001
2010/10/27,0,161000,-289000,-128000
2010/10/28,0,1378000,-706000,672000
2010/10/29,0,432000,-718511,-286511
2010/11/01,0,651000,-647000,4000
2010/11/02,0,726000,-733254,-7254
2010/11/03,0,286000,-347000,-61000
2010/11/04,0,367000,-493000,-126000
2010/11/05,0,741000,-971868,-230868
2010/11/08,0,133000,-583000,-450000
2010/11/09,0,424440,-774000,-349560
2010/11/10,0,485000,-94000,391000
2010/11/11,0,754000,-282000,472000
2010/11/12,0,65000,-654000,-589000
2010/11/15,0,104000,-175000,-71000
2010/11/16,0,463000,-1078000,-615000
2010/11/17,0,102000,-68000,34000
2010/11/18,0,37000,-277000,-240000
2010/11/19,0,694000,-164299,529701
2010/11/22,0,553000,-448000,105000
2010/11/23,0,204050,-320000,-115950
2010/11/24,0,381000,-305050,75950
2010/11/25,0,128000,-93000,35000
2010/11/26,0,510000,-416966,93034
2010/11/29,0,354000,-444000,-90000
2010/11/30,0,539000,-189000,350000
2010/12/01,0,478000,-228000,250000
2010/12/02,0,1252000,-823000,429000
2010/12/03,0,413000,-692031,-279031
2010/12/06,0,90001,-841000,-750999
2010/12/07,0,57000,-450000,-393000
2010/12/08,0,415000,-471000,-56000
2010/12/09,0,450000,-448000,2000
2010/12/10,0,288000,-207000,81000
2010/12/13,0,119000,-438000,-319000
2010/12/14,0,106000,-600868,-494868
2010/12/15,0,86000,-408000,-322000
2010/12/16,0,306000,-746000,-440000
2010/12/17,0,174000,-501000,-327000
2010/12/20,0,60000,-401000,-341000
2010/12/21,0,65000,-107000,-42000
2010/12/22,0,89000,-25000,64000
2010/12/23,0,118000,-157000,-39000
2010/12/24,0,125000,-261000,-136000
2010/12/27,0,128000,-160000,-32000
2010/12/28,0,59000,-239000,-180000
2010/12/29,0,141000,-210276,-69276
2010/12/30,0,52000,-178000,-126000
2010/12/31,0,52000,-60000,-8000
2011/01/03,0,38000,-100401,-62401
2011/01/04,0,178000,-93000,85000
2011/01/05,0,115000,-523000,-408000
2011/01/06,0,212000,-322000,-110000
2011/01/07,0,30000,-403000,-373000
2011/01/10,0,1000,-41000,-40000
2011/01/11,0,452000,-75000,377000
2011/01/12,0,14000,-59000,-45000
2011/01/13,0,2000,-484000,-482000
2011/01/14,0,50000,-58000,-8000
2011/01/17,0,0,-125866,-125866
2011/01/18,0,5000,-72000,-67000
2011/01/19,0,52000,-578434,-526434
2011/01/20,0,55000,-47000,8000
2011/01/21,0,11000,-133000,-122000
2011/01/24,0,36000,-221000,-185000
2011/01/25,0,46000,-61000,-15000
2011/01/26,0,172000,-113000,59000
2011/01/27,0,1003000,-298000,705000
2011/01/28,0,183000,-233000,-50000
2011/01/31,0,0,0,0
2011/02/01,0,0,0,0
2011/02/02,0,0,0,0
2011/02/03,0,0,0,0
2011/02/04,0,0,0,0
2011/02/07,0,0,0,0
2011/02/08,0,183000,-353000,-170000
2011/02/09,0,1113000,-216000,897000
2011/02/10,0,237000,-1025000,-788000
2011/02/11,0,101000,-534000,-433000
2011/02/14,0,182000,-78000,104000
2011/02/15,0,315000,-373000,-58000
2011/02/16,0,481000,-240000,241000
2011/02/17,0,311000,-290000,21000
2011/02/18,0,19000,-317537,-298537
2011/02/21,0,18000,-143607,-125607
2011/02/22,0,291000,-818000,-527000
2011/02/23,0,504000,-119000,385000
2011/02/24,0,749000,-30000,719000
2011/02/25,0,875000,-77000,798000
2011/02/28,0,0,0,0
2011/03/01,0,327000,-37000,290000
2011/03/02,0,192000,-94802,97198
2011/03/03,0,819000,-9000,810000
2011/03/04,0,28000,-255000,-227000
2011/03/07,0,74000,-116360,-42360
2011/03/08,0,188000,-156000,32000
2011/03/09,0,18000,-71000,-53000
2011/03/10,0,121000,-89000,32000
2011/03/11,0,285000,-368000,-83000
2011/03/14,0,409000,-174953,234047
2011/03/15,0,1066000,-197000,869000
2011/03/16,0,611000,-42000,569000
2011/03/17,0,188000,-67000,121000
2011/03/18,0,40000,-477000,-437000
2011/03/21,0,39000,-210000,-171000
2011/03/22,0,57000,-146434,-89434
2011/03/23,0,79000,-49000,30000
2011/03/24,0,38000,0,38000
2011/03/25,0,286000,-78000,208000
2011/03/28,0,315000,-78000,237000
2011/03/29,0,275000,-162000,113000
2011/03/30,0,45000,-32000,13000
2011/03/31,0,132000,-71000,61000
2011/04/01,0,274000,-62000,212000
2011/04/04,0,0,0,0
2011/04/05,0,0,0,0
2011/04/06,0,382000,-92000,290000
2011/04/07,0,602000,-37000,565000
2011/04/08,0,616000,-57000,559000
2011/04/11,0,109000,-215000,-106000
2011/04/12,0,443000,-122000,321000
2011/04/13,0,310000,-83000,227000
2011/04/14,0,445000,-217001,227999
2011/04/15,0,170000,-279000,-109000
2011/04/18,0,139000,-227949,-88949
2011/04/19,0,108000,-114000,-6000
2011/04/20,0,115000,-44000,71000
2011/04/21,0,136000,-11000,125000
2011/04/22,0,141000,-111000,30000
2011/04/25,0,6000,-151000,-145000
2011/04/26,0,252000,-117000,135000
2011/04/27,0,441000,-558000,-117000
2011/04/28,0,75000,-438000,-363000
2011/04/29,0,165000,-638000,-473000
2011/05/02,0,0,0,0
2011/05/03,0,163000,-129440,33560
2011/05/04,0,152000,-116000,36000
2011/05/05,0,351000,-21000,330000
2011/05/06,0,201000,-44000,157000
2011/05/09,0,142000,-57000,85000
2011/05/10,0,52000,-3000,49000
2011/05/11,0,22000,-74608,-52608
2011/05/12,0,33000,-16000,17000
2011/05/13,0,12000,-52000,-40000
2011/05/16,0,146000,-8000,138000
2011/05/17,0,118000,0,118000
2011/05/18,0,210000,-14000,196000
2011/05/19,0,524000,-243928,280072
2011/05/20,0,259000,-115000,144000
2011/05/23,0,167000,-117000,50000
2011/05/24,0,535000,-66000,469000
2011/05/25,0,144000,-67000,77000
2011/05/26,0,62000,-276000,-214000
2011/05/27,0,914000,-188000,726000
2011/05/30,0,300000,-122000,178000
2011/05/31,0,664000,-38098,625902
2011/06/01,0,85000,-24000,61000
2011/06/02,0,176000,-227000,-51000
2011/06/03,0,139000,-163000,-24000
2011/06/06,0,0,0,0
2011/06/07,0,61000,-73000,-12000
2011/06/08,0,7000,-137000,-130000
2011/06/09,0,179000,-138000,41000
2011/06/10,0,2000,-155000,-153000
2011/06/13,0,197000,-139000,58000
2011/06/14,0,277000,-24000,253000
2011/06/15,0,195000,-164000,31000
2011/06/16,0,253000,-161000,92000
2011/06/17,0,571000,-613000,-42000
2011/06/20,0,508000,-174000,334000
2011/06/21,0,536000,-133000,403000
2011/06/22,0,54000,-531000,-477000
2011/06/23,0,527000,-55000,472000
2011/06/24,0,349000,-45000,304000
2011/06/27,0,37000,-306000,-269000
2011/06/28,0,80000,-3000,77000
2011/06/29,0,664000,-115000,549000
2011/06/30,0,299000,-125520,173480
2011/07/01,0,8000,-27000,-19000
2011/07/04,0,9000,-301000,-292000
2011/07/05,0,150,-246000,-245850
2011/07/06,0,46000,-41000,5000
2011/07/07,0,416000,-15000,401000
2011/07/08,0,101000,-350000,-249000
2011/07/11,0,186000,-92000,94000
2011/07/12,0,305000,-182000,123000
2011/07/13,0,684000,-293000,391000
2011/07/14,0,622000,0,622000
2011/07/15,0,317000,-88000,229000
2011/07/18,0,344000,-6480,337520
2011/07/19,0,18000,-98000,-80000
2011/07/20,0,683170,-115000,568170
2011/07/21,0,966000,-81000,885000
2011/07/22,0,41000,-233000,-192000
2011/07/25,0,293000,-189300,103700
2011/07/26,0,321000,-146343,174657
2011/07/27,0,141000,-67000,74000
2011/07/28,0,158000,-1426622,-1268622
2011/07/29,0,106000,-232000,-126000
2011/08/01,0,573000,-25000,548000
2011/08/02,0,911000,-38000,873000
2011/08/03,0,2889000,-238000,2651000
2011/08/04,0,687500,-2293000,-1605500
2011/08/05,0,1214000,-765000,449000
2011/08/08,0,1084000,-423000,661000
2011/08/09,0,1601000,-66000,1535000
2011/08/10,0,154000,-250000,-96000
2011/08/11,0,472000,-48000,424000
2011/08/12,0,96000,-797000,-701000
2011/08/15,0,281000,-120000,161000
2011/08/16,0,130000,-170000,-40000
2011/08/17,0,317000,-296000,21000
2011/08/18,0,393000,-195000,198000
2011/08/19,0,474000,-52000,422000
2011/08/22,0,911000,-149000,762000
2011/08/23,0,694000,-139000,555000
2011/08/24,0,410000,-110000,300000
2011/08/25,0,182000,-537000,-355000
2011/08/26,0,275000,-72000,203000
2011/08/29,0,320000,-101000,219000
2011/08/30,0,242000,-364000,-122000
2011/08/31,0,175000,-230000,-55000
2011/09/01,0,96000,-663000,-567000
2011/09/02,0,163000,-182000,-19000
2011/09/05,0,116000,-223000,-107000
2011/09/06,0,385000,-67000,318000
2011/09/07,0,249000,-169000,80000
2011/09/08,0,125000,-383000,-258000
2011/09/09,0,267000,-288000,-21000
2011/09/12,0,0,0,0
2011/09/13,0,166000,-253000,-87000
2011/09/14,0,860000,-224690,635310
2011/09/15,0,658000,-124000,534000
2011/09/16,0,468000,-102000,366000
2011/09/19,0,184000,-84000,100000
2011/09/20,0,311000,-189000,122000
2011/09/21,0,244000,-107000,137000
2011/09/22,0,290000,-199000,91000
2011/09/23,0,1420000,-562000,858000
2011/09/26,0,1195000,-641000,554000
2011/09/27,0,393000,-428000,-35000
2011/09/28,0,236000,-617000,-381000
2011/09/29,0,723000,-333000,390000
2011/09/30,0,73000,-187000,-114000
2011/10/03,0,808000,-410000,398000
2011/10/04,0,494000,-726000,-232000
2011/10/05,0,239000,-73000,166000
2011/10/06,0,319000,-145335,173665
2011/10/07,0,29000,-30000,-1000
2011/10/10,0,0,0,0
2011/10/11,0,326000,-183000,143000
2011/10/12,0,118000,-153000,-35000
2011/10/13,0,10000,-81000,-71000
2011/10/14,0,276000,-372000,-96000
2011/10/17,0,447000,-86000,361000
2011/10/18,0,195000,-124129,70871
2011/10/19,0,227000,-47000,180000
2011/10/20,0,197000,-166000,31000
2011/10/21,0,450000,-7971,442029
2011/10/24,0,638000,-79000,559000
2011/10/25,0,402000,-27000,375000
2011/10/26,0,563000,-68000,495000
2011/10/27,0,237000,-204000,33000
2011/10/28,0,38000,-418000,-380000
2011/10/31,0,309000,-14607,294393
2011/11/01,0,577000,-99000,478000
2011/11/02,0,477000,-37000,440000
2011/11/03,0,443000,-177000,266000
2011/11/04,0,144000,-215000,-71000
2011/11/07,0,421000,-12000,409000
2011/11/08,0,149000,-54000,95000
2011/11/09,0,4000,-1000,3000
2011/11/10,0,362000,-96000,266000
2011/11/11,0,45000,-36000,9000
2011/11/14,0,52000,-17000,35000
2011/11/15,0,181000,-18000,163000
2011/11/16,0,510000,-108000,402000
2011/11/17,0,1099000,-223000,876000
2011/11/18,0,483000,-606000,-123000
2011/11/21,0,802000,-522000,280000
2011/11/22,0,857000,-675000,182000
2011/11/23,0,619000,-408000,211000
2011/11/24,0,437000,-1292000,-855000
2011/11/25,0,227000,-121000,106000
2011/11/28,0,199000,-63000,136000
2011/11/29,0,415000,-110000,305000
2011/11/30,0,88000,-279000,-191000
2011/12/01,0,318000,-42000,276000
2011/12/02,0,38000,-53000,-15000
2011/12/05,0,15000,-161000,-146000
2011/12/06,0,117000,-164000,-47000
2011/12/07,0,9000,-86000,-77000
2011/12/08,0,12000,-170000,-158000
2011/12/09,0,367000,-85000,282000
2011/12/12,0,25000,-32000,-7000
2011/12/13,0,204000,-3000,201000
2011/12/14,0,16000,-2000,14000
2011/12/15,0,93000,-26000,67000
2011/12/16,0,232000,-30000,202000
2011/12/19,0,262000,-417000,-155000
2011/12/20,0,156000,-91000,65000
2011/12/21,0,186000,-86000,100000
2011/12/22,0,224000,-89000,135000
2011/12/23,0,25000,-120000,-95000
2011/12/26,0,98000,-113000,-15000
2011/12/27,0,232000,-172000,60000
2011/12/28,0,227000,-167000,60000
2011/12/29,0,276000,-1000,275000
2011/12/30,0,220000,-107000,113000
2012/01/02,0,174000,-13000,161000
2012/01/03,0,212000,-287000,-75000
2012/01/04,0,147000,-74000,73000
2012/01/05,0,361000,-109000,252000
2012/01/06,0,48000,-132000,-84000
2012/01/09,0,73000,-92000,-19000
2012/01/10,0,147000,-143000,4000
2012/01/11,0,367000,-163000,204000
2012/01/12,0,90000,-353000,-263000
2012/01/13,0,61000,-131000,-70000
2012/01/16,0,219000,-87000,132000
2012/01/17,0,73000,-140000,-67000
2012/01/18,0,20000,-158000,-138000
2012/01/19,0,0,0,0
2012/01/20,0,0,0,0
2012/01/23,0,0,0,0
2012/01/24,0,0,0,0
2012/01/25,0,0,0,0
2012/01/26,0,0,0,0
2012/01/27,0,0,0,0
2012/01/30,0,31000,-54000,-23000
2012/01/31,0,26000,-176000,-150000
2012/02/01,0,52000,-305000,-253000
2012/02/02,0,371000,-302000,69000
2012/02/03,0,452000,-461000,-9000
2012/02/06,0,31000,-184000,-153000
2012/02/07,0,361000,-298000,63000
2012/02/08,0,35000,-222000,-187000
2012/02/09,0,62000,-466000,-404000
2012/02/10,0,27000,-442000,-415000
2012/02/13,0,47000,-20000,27000
2012/02/14,0,10000,-613000,-603000
2012/02/15,0,9000,-258000,-249000
2012/02/16,0,423000,-467000,-44000
2012/02/17,0,209000,-189000,20000
2012/02/20,0,236000,-506000,-270000
2012/02/21,0,295000,-395000,-100000
2012/02/22,0,67000,-61000,6000
2012/02/23,0,92000,-300554,-208554
2012/02/24,0,144000,-397000,-253000
2012/02/27,0,0,0,0
2012/02/28,0,0,0,0
2012/02/29,0,453034,-114000,339034
2012/03/01,0,65000,-228000,-163000
2012/03/02,0,739000,-62337,676663
2012/03/05,0,389000,-693000,-304000
2012/03/06,0,59000,-237000,-178000
2012/03/07,0,134000,-466000,-332000
2012/03/08,0,380000,-384000,-4000
2012/03/09,0,33000,-705000,-672000
2012/03/12,0,0,-581861,-581861
2012/03/13,0,82000,-102000,-20000
2012/03/14,0,203000,-100000,103000
2012/03/15,0,133000,-167000,-34000
2012/03/16,0,368000,-330000,38000
2012/03/19,0,284000,-713000,-429000
2012/03/20,0,9000,-454000,-445000
2012/03/21,0,63000,-189000,-126000
2012/03/22,0,259000,-32000,227000
2012/03/23,0,307000,-131000,176000
2012/03/26,0,27000,-287000,-260000
2012/03/27,0,8000,-103000,-95000
2012/03/28,0,192000,-260000,-68000
2012/03/29,0,103000,-173797,-70797
2012/03/30,0,257000,-18000,239000
2012/04/02,0,24000,-123000,-99000
2012/04/03,0,22000,-90000,-68000
2012/04/04,0,0,0,0
2012/04/05,0,179000,-8000,171000
2012/04/06,0,111000,-31000,80000
2012/04/09,0,121000,-69000,52000
2012/04/10,0,10000,-99000,-89000
2012/04/11,0,21000,-47000,-26000
2012/04/12,0,149000,-76000,73000
2012/04/13,0,9000,-157000,-148000
2012/04/16,0,165000,-32000,133000
2012/04/17,0,406000,-99150,306850
2012/04/18,0,174000,-386000,-212000
2012/04/19,0,118000,-181000,-63000
2012/04/20,0,201000,-53000,148000
2012/04/23,0,298000,-474000,-176000
2012/04/24,0,163000,-720251,-557251
2012/04/25,0,191000,-224000,-33000
2012/04/26,0,67000,-255000,-188000
2012/04/27,0,77000,-496841,-419841
2012/04/30,0,196000,-60000,136000
2012/05/01,0,0,0,0
2012/05/02,0,554000,-139000,415000
2012/05/03,0,144000,-155000,-11000
2012/05/04,0,482000,-137000,345000
2012/05/07,0,183000,-319000,-136000
2012/05/08,0,236000,-61327,174673
2012/05/09,0,226000,-158000,68000
2012/05/10,0,140000,-166000,-26000
2012/05/11,0,375000,-154000,221000
2012/05/14,0,187000,-369000,-182000
2012/05/15,0,593000,-82000,511000
2012/05/16,0,631000,-106000,525000
2012/05/17,0,150000,-202000,-52000
2012/05/18,0,388000,-89000,299000
2012/05/21,0,366000,-35000,331000
2012/05/22,0,39000,-44000,-5000
2012/05/23,0,274000,-115000,159000
2012/05/24,0,422000,-65000,357000
2012/05/25,0,104000,-100000,4000
2012/05/28,0,118000,-11000,107000
2012/05/29,0,134000,-102000,32000
2012/05/30,0,525000,-149000,376000
2012/05/31,0,251000,-81000,170000
2012/06/01,0,189000,-178000,11000
2012/06/04,0,747000,-808000,-61000
2012/06/05,0,195000,-723000,-528000
2012/06/06,0,94000,-154000,-60000
2012/06/07,0,31000,-76000,-45000
2012/06/08,0,5000,-42000,-37000
2012/06/11,0,213000,-21000,192000
2012/06/12,0,33000,-186000,-153000
2012/06/13,0,180000,-88000,92000
2012/06/14,0,266000,-5000,261000
2012/06/15,0,74000,-44000,30000
2012/06/18,0,171000,-24000,147000
2012/06/19,0,94000,-40000,54000
2012/06/20,0,124000,-168000,-44000
2012/06/21,0,18000,-155000,-137000
2012/06/22,0,1000,-51000,-50000
2012/06/25,0,43000,-210000,-167000
2012/06/26,0,6000,-99000,-93000
2012/06/27,0,95000,-151000,-56000
2012/06/28,0,324000,-48000,276000
2012/06/29,0,428000,-6000,422000
2012/07/02,0,14000,-226000,-212000
2012/07/03,0,612000,0,612000
2012/07/04,0,7000,-175000,-168000
2012/07/05,0,26000,-44000,-18000
2012/07/06,0,124000,-425000,-301000
2012/07/09,0,232000,-21000,211000
2012/07/10,0,92000,-47000,45000
2012/07/11,0,80000,-39000,41000
2012/07/12,0,59000,-50000,9000
2012/07/13,0,225000,0,225000
2012/07/16,0,0,-2676,-2676
2012/07/17,0,80000,-21000,59000
2012/07/18,0,48000,-437000,-389000
2012/07/19,0,101000,-84000,17000
2012/07/20,0,54000,-52000,2000
2012/07/23,0,164000,-86000,78000
2012/07/24,0,377000,-67000,310000
2012/07/25,0,182000,-39000,143000
2012/07/26,0,107000,0,107000
2012/07/27,0,14000,-10000,4000
2012/07/30,0,44000,-15000,29000
2012/07/31,0,44000,-33000,11000
2012/08/01,0,30000,-90000,-60000
2012/08/02,0,0,0,0
2012/08/03,0,136000,-68000,68000
2012/08/06,0,91000,-74000,17000
2012/08/07,0,35000,-7000,28000
2012/08/08,0,172000,-4000,168000
2012/08/09,0,99000,-165000,-66000
2012/08/10,0,245000,-34000,211000
2012/08/13,0,79000,-74000,5000
2012/08/14,0,89000,-43000,46000
2012/08/15,0,13000,-274000,-261000
2012/08/16,0,68000,-22000,46000
2012/08/17,0,584000,-59000,525000
2012/08/20,0,4000,-49000,-45000
2012/08/21,0,470000,-8000,462000
2012/08/22,0,255000,-54000,201000
2012/08/23,0,23000,-74000,-51000
2012/08/24,0,20000,-121000,-101000
2012/08/27,0,8000,-182000,-174000
2012/08/28,0,24000,-268860,-244860
2012/08/29,0,11000,-2000,9000
2012/08/30,0,161000,-429000,-268000
2012/08/31,0,27000,-143676,-116676
2012/09/03,0,688000,-75000,613000
2012/09/04,0,4000,-316000,-312000
2012/09/05,0,162000,-105000,57000
2012/09/06,0,62000,-108000,-46000
2012/09/07,0,13000,-74000,-61000
2012/09/10,0,9000,-137000,-128000
2012/09/11,0,17000,-89000,-72000
2012/09/12,0,70000,-19000,51000
2012/09/13,0,13000,-21000,-8000
2012/09/14,0,72000,-585000,-513000
2012/09/17,0,38000,-403000,-365000
2012/09/18,0,255000,0,255000
2012/09/19,0,76000,-199000,-123000
2012/09/20,0,12000,-245000,-233000
2012/09/21,0,76000,-1000,75000
2012/09/24,0,153000,-195000,-42000
2012/09/25,0,94000,0,94000
2012/09/26,0,152000,-49000,103000
2012/09/27,0,81000,-124000,-43000
2012/09/28,0,32000,0,32000
2012/10/01,0,65000,-65000,0
2012/10/02,0,17000,-1000,16000
2012/10/03,0,332000,-142000,190000
2012/10/04,0,86000,-1143000,-1057000
2012/10/05,0,74000,-74000,0
2012/10/08,0,52000,-323000,-271000
2012/10/09,0,175000,-25000,150000
2012/10/10,0,0,0,0
2012/10/11,0,731000,-204000,527000
2012/10/12,0,325000,-140000,185000
2012/10/15,0,380000,-258000,122000
2012/10/16,0,313000,-85000,228000
2012/10/17,0,399000,-162000,237000
2012/10/18,0,465000,-166000,299000
2012/10/19,0,339000,-130000,209000
2012/10/22,0,24000,-115000,-91000
2012/10/23,0,53000,-145000,-92000
2012/10/24,0,566000,-111000,455000
2012/10/25,0,211000,-160000,51000
2012/10/26,0,540000,-381000,159000
2012/10/29,0,640000,-278000,362000
2012/10/30,0,508000,-220000,288000
2012/10/31,0,97000,-339000,-242000
2012/11/01,0,1249000,-77000,1172000
2012/11/02,0,482000,-725000,-243000
2012/11/05,0,255000,-562000,-307000
2012/11/06,0,494000,-11000,483000
2012/11/07,0,363000,-136000,227000
2012/11/08,0,172000,-266000,-94000
2012/11/09,0,1531000,-186000,1345000
2012/11/12,0,123000,-506000,-383000
2012/11/13,0,438000,-363000,75000
2012/11/14,0,128000,-116000,12000
2012/11/15,0,388000,-324000,64000
2012/11/16,0,249000,-599000,-350000
2012/11/19,0,71000,-182000,-111000
2012/11/20,0,325000,-245000,80000
2012/11/21,0,251000,-383000,-132000
2012/11/22,0,358000,-214000,144000
2012/11/23,0,595000,-295000,300000
2012/11/26,0,388000,-222000,166000
2012/11/27,0,467000,-182000,285000
2012/11/28,0,422000,-53000,369000
2012/11/29,0,284000,-152000,132000
2012/11/30,0,2991000,-779000,2212000
2012/12/03,0,1972000,-3195000,-1223000
2012/12/04,0,489000,-1446000,-957000
2012/12/05,0,997000,-325000,672000
2012/12/06,0,322000,-337000,-15000
2012/12/07,0,623000,-719000,-96000
2012/12/10,0,293000,-407000,-114000
2012/12/11,0,1757000,-458000,1299000
2012/12/12,0,1043000,-318000,725000
2012/12/13,0,750000,-2326000,-1576000
2012/12/14,0,175000,-273000,-98000
2012/12/17,0,406000,-276000,130000
2012/12/18,0,510000,-205000,305000
2012/12/19,0,461000,-855000,-394000
2012/12/20,0,93000,-397337,-304337
2012/12/21,0,191000,-294000,-103000
2012/12/24,0,151000,-218000,-67000
2012/12/25,0,153000,-471000,-318000
2012/12/26,0,246000,-78000,168000
2012/12/27,0,304002,-442000,-137998
2012/12/28,0,164000,-471000,-307000
2012/12/31,0,0,0,0
2013/01/01,0,0,0,0
2013/01/02,0,62000,-231000,-169000
2013/01/03,0,111000,-378000,-267000
2013/01/04,0,131000,-204018,-73018
2013/01/07,0,125000,-179000,-54000
2013/01/08,0,43000,-280000,-237000
2013/01/09,0,76000,-101000,-25000
2013/01/10,0,3906000,-305000,3601000
2013/01/11,0,207000,-2603000,-2396000
2013/01/14,0,698000,-686000,12000
2013/01/15,0,1866000,-924000,942000
2013/01/16,0,591000,-1590000,-999000
2013/01/17,0,837000,-913000,-76000
2013/01/18,0,1135000,-1067000,68000
2013/01/21,0,1396000,-772000,624000
2013/01/22,0,689000,-1736000,-1047000
2013/01/23,0,403000,-422000,-19000
2013/01/24,0,703000,-586000,117000
2013/01/25,0,322000,-613000,-291000
2013/01/28,0,328000,-440000,-112000
2013/01/29,0,1486000,-359000,1127000
2013/01/30,0,940000,-1437000,-497000
2013/01/31,0,469000,-189000,280000
2013/02/01,0,114000,-303000,-189000
2013/02/04,0,153000,-507000,-354000
2013/02/05,0,343000,-618000,-275000
2013/02/06,0,232000,-793000,-561000
2013/02/07,0,0,0,0
2013/02/08,0,0,0,0
2013/02/11,0,0,0,0
2013/02/12,0,0,0,0
2013/02/13,0,0,0,0
2013/02/14,0,0,0,0
2013/02/15,0,0,0,0
2013/02/18,0,194000,-724000,-530000
2013/02/19,0,173000,-277000,-104000
2013/02/20,0,197000,-795000,-598000
2013/02/21,0,256000,-398000,-142000
2013/02/22,0,630000,-284000,346000
2013/02/25,0,675000,-540000,135000
2013/02/26,0,294000,-206000,88000
2013/02/27,0,319000,-463384,-144384
2013/02/28,0,0,0,0
2013/03/01,0,64000,-360000,-296000
2013/03/04,0,36000,-200000,-164000
2013/03/05,0,223000,-426000,-203000
2013/03/06,0,92000,-238000,-146000
2013/03/07,0,186000,-104000,82000
2013/03/08,0,235000,-147000,88000
2013/03/11,0,69000,-287000,-218000
2013/03/12,0,1821000,-170000,1651000
2013/03/13,0,370000,-1228001,-858001
2013/03/14,0,320000,-796000,-476000
2013/03/15,0,144000,-702000,-558000
2013/03/18,0,160000,-245000,-85000
2013/03/19,0,187000,-181000,6000
2013/03/20,0,204000,-844000,-640000
2013/03/21,0,70000,-354000,-284000
2013/03/22,0,189000,-108000,81000
2013/03/25,0,125747,-459000,-333253
2013/03/26,0,594000,-610000,-16000
2013/03/27,0,374000,-41000,333000
2013/03/28,0,218000,-158000,60000
2013/03/29,0,194000,-66000,128000
2013/04/01,0,117000,-68000,49000
2013/04/02,0,145253,-73000,72253
2013/04/03,0,190000,-60000,130000
2013/04/04,0,0,0,0
2013/04/05,0,0,0,0
2013/04/08,0,378000,-641000,-263000
2013/04/09,0,158000,-131000,27000
2013/04/10,0,38000,-127000,-89000
2013/04/11,0,155000,-220000,-65000
2013/04/12,0,86000,-839000,-753000
2013/04/15,0,83000,-763000,-680000
2013/04/16,0,329000,-342000,-13000
2013/04/17,0,2224000,-351000,1873000
2013/04/18,0,524000,-80000,444000
2013/04/19,0,216000,-162000,54000
2013/04/22,0,236000,-62000,174000
2013/04/23,0,200000,-291000,-91000
2013/04/24,0,291000,-1008000,-717000
2013/04/25,0,70000,-1455000,-1385000
2013/04/26,0,372000,-266000,106000
2013/04/29,0,175000,-256000,-81000
2013/04/30,0,94000,-213000,-119000
2013/05/01,0,0,0,0
2013/05/02,0,246000,-245000,1000
2013/05/03,0,171000,-249000,-78000
2013/05/06,0,371000,-76000,295000
2013/05/07,0,113000,-304000,-191000
2013/05/08,0,462000,-243000,219000
2013/05/09,0,150000,-612000,-462000
2013/05/10,0,360000,-279000,81000
2013/05/13,0,429000,-176000,253000
2013/05/14,0,253000,-964000,-711000
2013/05/15,0,315000,-690000,-375000
2013/05/16,0,928000,-163000,765000
2013/05/17,0,164000,-317000,-153000
2013/05/20,0,59000,-185000,-126000
2013/05/21,0,387000,-239998,147002
2013/05/22,0,279000,-330000,-51000
2013/05/23,0,1855000,-373000,1482000
2013/05/24,0,226000,-543000,-317000
2013/05/27,0,121000,-294000,-173000
2013/05/28,0,1460000,-545000,915000
2013/05/29,0,432000,-1093000,-661000
2013/05/30,0,842000,-665051,176949
2013/05/31,0,324000,-895000,-571000
2013/06/03,0,212000,-187000,25000
2013/06/04,0,167000,-516000,-349000
2013/06/05,0,62000,-71000,-9000
2013/06/06,0,248000,-288000,-40000
2013/06/07,0,196000,-580000,-384000
2013/06/10,0,387000,-139000,248000
2013/06/11,0,38000,-208000,-170000
2013/06/12,0,0,0,0
2013/06/13,0,190000,-377000,-187000
2013/06/14,0,232000,-1303000,-1071000
2013/06/17,0,84000,-66000,18000
2013/06/18,0,178000,-310000,-132000
2013/06/19,0,329000,-195000,134000
2013/06/20,0,179000,-106000,73000
2013/06/21,0,429000,-283000,146000
2013/06/24,0,229000,-227000,2000
2013/06/25,0,514000,-42000,472000
2013/06/26,0,204000,-290000,-86000
2013/06/27,0,271000,-119000,152000
2013/06/28,0,92000,-113000,-21000
2013/07/01,0,1946000,-606002,1339998
2013/07/02,0,1161000,-1778000,-617000
2013/07/03,0,4231000,-1659000,2572000
2013/07/04,0,959000,-1095000,-136000
2013/07/05,0,811000,-2303000,-1492000
2013/07/08,0,3172000,-953000,2219000
2013/07/09,0,253000,-1531000,-1278000
2013/07/10,0,384000,-806000,-422000
2013/07/11,0,231000,-828000,-597000
2013/07/12,0,1480000,-533000,947000
2013/07/15,0,180000,-1223000,-1043000
2013/07/16,0,99000,-700000,-601000
2013/07/17,0,494000,-651000,-157000
2013/07/18,0,106000,-358000,-252000
2013/07/19,0,304000,-378000,-74000
2013/07/22,0,273000,-193000,80000
2013/07/23,0,2733000,-199000,2534000
2013/07/24,0,1829000,-1631000,198000
2013/07/25,0,206000,-1843000,-1637000
2013/07/26,0,148000,-700000,-552000
2013/07/29,0,526000,-695000,-169000
2013/07/30,0,550000,-108000,442000
2013/07/31,0,9333000,-475000,8858000
2013/08/01,0,821000,-3741000,-2920000
2013/08/02,0,680000,-1264000,-584000
2013/08/05,0,1160000,-602000,558000
2013/08/06,0,1310000,-1545000,-235000
2013/08/07,0,2363000,-440000,1923000
2013/08/08,0,1001000,-4001000,-3000000
2013/08/09,0,604000,-1617994,-1013994
2013/08/12,0,617000,-2907000,-2290000
2013/08/13,0,577000,-580000,-3000
2013/08/14,0,3955000,-305000,3650000
2013/08/15,0,372000,-2359872,-1987872
2013/08/16,0,323000,-1927096,-1604096
2013/08/19,0,154000,-371000,-217000
2013/08/20,0,569000,-1602000,-1033000
2013/08/21,0,0,0,0
2013/08/22,0,1300000,-803000,497000
2013/08/23,0,169000,-1473000,-1304000
2013/08/26,0,3623000,-1206000,2417000
2013/08/27,0,416000,-3762000,-3346000
2013/08/28,0,348000,-852000,-504000
2013/08/29,0,506000,-268000,238000
2013/08/30,0,3018000,-827000,2191000
2013/09/02,0,316000,-2598000,-2282000
2013/09/03,0,389000,-1719000,-1330000
2013/09/04,0,627000,-810000,-183000
2013/09/05,0,4464000,-1088000,3376000
2013/09/06,0,956000,-3463000,-2507000
2013/09/09,0,2178000,-1628000,550000
2013/09/10,0,376000,-2734000,-2358000
2013/09/11,0,1198999,-141000,1057999
2013/09/12,0,198000,-629000,-431000
2013/09/13,0,702000,-580000,122000
2013/09/16,0,502000,-481000,21000
2013/09/17,0,223000,-661000,-438000
2013/09/18,0,966000,-340000,626000
2013/09/19,0,0,0,0
2013/09/20,0,0,0,0
2013/09/23,0,192000,-820000,-628000
2013/09/24,0,809000,-450000,359000
2013/09/25,0,315000,-408000,-93000
2013/09/26,0,5144000,-610000,4534000
2013/09/27,0,2645000,-401000,2244000
2013/09/30,0,1670000,-283000,1387000
2013/10/01,0,7035000,-1729000,5306000
2013/10/02,0,4650000,-5305000,-655000
2013/10/03,0,3559000,-3087000,472000
2013/10/04,0,1505000,-879000,626000
2013/10/07,0,904000,-1186000,-282000
2013/10/08,0,183000,-1089000,-906000
2013/10/09,0,2207000,-1399000,808000
2013/10/10,0,0,0,0
2013/10/11,0,468000,-1306000,-838000
2013/10/14,0,1108000,-936000,172000
2013/10/15,0,1032000,-107000,925000
2013/10/16,0,194000,-735000,-541000
2013/10/17,0,221000,-122000,99000
2013/10/18,0,198000,-75000,123000
2013/10/21,0,315000,-332000,-17000
2013/10/22,0,2714000,-155000,2559000
2013/10/23,0,190000,-908000,-718000
2013/10/24,0,514000,-999000,-485000
2013/10/25,0,952000,-490000,462000
2013/10/28,0,360000,-706000,-346000
2013/10/29,0,276000,-1046000,-770000
2013/10/30,0,374000,-477000,-103000
2013/10/31,0,221000,-752000,-531000
2013/11/01,0,1459000,-1203000,256000
2013/11/04,0,945963,-587131,358832
2013/11/05,0,170000,-377000,-207000
2013/11/06,0,917000,-198000,719000
2013/11/07,0,436000,-1589000,-1153000
2013/11/08,0,732000,-332000,400000
2013/11/11,0,861000,-778000,83000
2013/11/12,0,1964000,-202000,1762000
2013/11/13,0,798000,-292000,506000
2013/11/14,0,1875000,-223000,1652000
2013/11/15,0,1188000,-441000,747000
2013/11/18,0,465000,-442000,23000
2013/11/19,0,3656594,-248000,3408594
2013/11/20,0,661000,-899000,-238000
2013/11/21,0,724000,-716000,8000
2013/11/22,0,357000,-277000,80000
2013/11/25,0,623000,-709000,-86000
2013/11/26,0,617000,-1224000,-607000
2013/11/27,0,143000,-230000,-87000
2013/11/28,0,77000,-206000,-129000
2013/11/29,0,383000,-201000,182000
2013/12/02,0,171000,-93000,78000
2013/12/03,0,252000,-87000,165000
2013/12/04,0,541000,-108000,433000
2013/12/05,0,20000,-555000,-535000
2013/12/06,0,117000,-195000,-78000
2013/12/09,0,54000,-841000,-787000
2013/12/10,0,730000,-74000,656000
2013/12/11,0,49000,-1471000,-1422000
2013/12/12,0,68000,-318000,-250000
2013/12/13,0,711000,-3501000,-2790000
2013/12/16,0,1227000,-223000,1004000
2013/12/17,0,293000,-272000,21000
2013/12/18,0,273000,-308000,-35000
2013/12/19,0,218000,-544000,-326000
2013/12/20,0,308000,-183000,125000
2013/12/23,0,10000,-115000,-105000
2013/12/24,0,9000,-94000,-85000
2013/12/25,0,24000,-274000,-250000
2013/12/26,0,52000,-151000,-99000
2013/12/27,0,619000,-173000,446000
2013/12/30,0,394000,-173000,221000
2013/12/31,0,485000,-230000,255000
2014/01/02,0,281000,-111000,170000
2014/01/03,0,250000,-227000,23000
2014/01/06,0,711000,-174000,537000
2014/01/07,0,521406,-289000,232406
2014/01/08,0,670000,-129000,541000
2014/01/09,0,1308000,-294000,1014000
2014/01/10,0,229000,-1314000,-1085000
2014/01/13,0,754000,-187000,567000
2014/01/14,0,63000,-26000,37000
2014/01/15,0,4245000,-1645000,2600000
2014/01/16,0,1096000,-3247000,-2151000
2014/01/17,0,1654000,-1446000,208000
2014/01/20,0,644000,-1366596,-722596
2014/01/21,0,308000,-1218000,-910000
2014/01/22,0,52000,-473000,-421000
2014/01/23,0,325000,-424000,-99000
2014/01/24,0,62000,-206000,-144000
2014/01/27,0,687000,-559000,128000
2014/02/05,0,542000,-1031000,-489000
2014/02/06,0,1046000,-221000,825000
2014/02/07,0,1420000,-298000,1122000
2014/02/10,0,548000,-75000,473000
2014/02/11,0,1767000,-617000,1150000
2014/02/12,0,1607000,-838000,769000
2014/02/13,0,817000,-349000,468000
2014/02/14,0,4935000,-178000,4757000
2014/02/17,0,2416000,-1956000,460000
2014/02/18,0,1041000,-342000,699000
2014/02/19,0,3385000,-1508000,1877000
2014/02/20,0,1758000,-1544993,213007
2014/02/21,0,353000,-740000,-387000
2014/02/24,0,361000,-3872000,-3511000
2014/02/25,0,1239000,-187107,1051893
2014/02/26,0,528000,-944000,-416000
2014/02/27,0,262997,-636000,-373003
2014/03/03,0,257000,-402524,-145524
2014/03/04,0,503000,-527000,-24000
2014/03/05,0,517000,-104000,413000
2014/03/06,0,886000,-730000,156000
2014/03/07,0,2123000,-168000,1955000
2014/03/10,0,67000,-592000,-525000
2014/03/11,0,140000,-154000,-14000
2014/03/12,0,578000,-2050000,-1472000
2014/03/13,0,1502000,-469000,1033000
2014/03/14,0,224000,-160000,64000
2014/03/17,0,50000,-294000,-244000
2014/03/18,0,239000,-335000,-96000
2014/03/19,0,2627000,-281056,2345944
2014/03/20,0,234000,-1279000,-1045000
2014/03/21,0,86000,-763000,-677000
2014/03/24,0,188000,-380000,-192000
2014/03/25,0,77000,-222000,-145000
2014/03/26,0,125000,-303000,-178000
2014/03/27,0,400000,-499000,-99000
2014/03/28,0,6863000,-631000,6232000
2014/03/31,0,944000,-3893000,-2949000
2014/04/01,0,242000,-1621000,-1379000
2014/04/02,0,3311000,-3243000,68000
2014/04/03,0,115000,-3393000,-3278000
2014/04/07,0,562000,-1280308,-718308
2014/04/08,0,505000,-557000,-52000
2014/04/09,0,382000,-352000,30000
2014/04/10,0,155000,-2323000,-2168000
2014/04/11,0,140000,-542000,-402000
2014/04/14,0,0,-285000,-285000
2014/04/15,0,120000,-220000,-100000
2014/04/16,0,249000,-561000,-312000
2014/04/17,0,824000,-261000,563000
2014/04/18,0,1196000,-3316000,-2120000
2014/04/21,0,101000,-179000,-78000
2014/04/22,0,161000,-251000,-90000
2014/04/23,0,2548000,-562000,1986000
2014/04/24,0,371000,-2402000,-2031000
2014/04/25,0,250000,-843803,-593803
2014/04/28,0,431000,-260000,171000
2014/04/29,0,138000,-607000,-469000
2014/04/30,0,308000,-1547000,-1239000
2014/05/02,0,32000,-44000,-12000
2014/05/05,0,47000,-128000,-81000
2014/05/06,0,110000,-552000,-442000
2014/05/07,0,140000,-308977,-168977
2014/05/08,0,3381000,-329000,3052000
2014/05/09,0,945000,-3322000,-2377000
2014/05/12,0,4681000,-616000,4065000
2014/05/13,0,571000,-8603000,-8032000
2014/05/14,0,5243000,-10475000,-5232000
2014/05/15,0,673000,-831000,-158000
2014/05/16,0,457000,-1187000,-730000
2014/05/19,0,55000,-394000,-339000
2014/05/20,0,167000,-2096000,-1929000
2014/05/21,0,363000,-246000,117000
2014/05/22,0,180000,-302000,-122000
2014/05/23,0,7388000,-269000,7119000
2014/05/26,0,243000,-2005000,-1762000
2014/05/27,0,4823000,-402000,4421000
2014/05/28,0,568000,-5343000,-4775000
2014/05/29,0,7502579,-3773000,3729579
2014/05/30,0,450000,-4491000,-4041000
2014/06/03,0,170000,-1891000,-1721000
2014/06/04,0,117000,-219000,-102000
2014/06/05,0,460000,-164000,296000
2014/06/06,0,305000,-185000,120000
2014/06/09,0,1766000,-197000,1569000
2014/06/10,0,1872000,-3538000,-1666000
2014/06/11,0,112000,-1443000,-1331000
2014/06/12,0,199000,-239996,-40996
2014/06/13,0,475000,-185000,290000
2014/06/16,0,80000,-398000,-318000
2014/06/17,0,30000,-505000,-475000
2014/06/18,0,741000,-992000,-251000
2014/06/19,0,1491000,-331955,1159045
2014/06/20,0,173000,-1160000,-987000
2014/06/23,0,244000,-630000,-386000
2014/06/24,0,64000,-229000,-165000
2014/06/25,0,100000,-190000,-90000
2014/06/26,0,41000,-83000,-42000
2014/06/27,0,43000,-430000,-387000
2014/06/30,0,883000,-411000,472000
2014/07/01,0,273000,-407000,-134000
2014/07/02,0,21000,-1010000,-989000
2014/07/03,0,713000,-89000,624000
2014/07/04,0,2340000,-582000,1758000
2014/07/07,0,31000,-1238000,-1207000
2014/07/08,0,2546000,-1382000,1164000
2014/07/09,0,222000,-575000,-353000
2014/07/10,0,198000,-3306000,-3108000
2014/07/11,0,131000,-751000,-620000
2014/07/14,0,3212000,-368000,2844000
2014/07/15,0,711000,-2449000,-1738000
2014/07/16,0,4098000,-1344000,2754000
2014/07/17,0,431000,-3456000,-3025000
2014/07/18,0,1018000,-494000,524000
2014/07/21,0,1384000,-1180000,204000
2014/07/22,0,793000,-590000,203000
2014/07/23,0,0,0,0
2014/07/24,0,300000,-216000,84000
2014/07/25,0,137000,-326000,-189000
2014/07/28,0,1175000,-406000,769000
2014/07/29,0,133000,-1327000,-1194000
2014/07/30,0,14000,-508000,-494000
2014/07/31,0,10000,-523000,-513000
2014/08/01,0,131000,-89000,42000
2014/08/04,0,1264000,-358000,906000
2014/08/05,0,514000,-1005000,-491000
2014/08/06,0,1056000,-697000,359000
2014/08/07,0,1045000,-1492000,-447000
2014/08/08,0,223000,-875000,-652000
2014/08/11,0,272000,-616000,-344000
2014/08/12,0,733000,-251000,482000
2014/08/13,0,840000,-43000,797000
2014/08/14,0,1160000,-486000,674000
2014/08/15,0,233000,-393000,-160000
2014/08/18,0,191000,-82000,109000
2014/08/19,0,924000,-423000,501000
2014/08/20,0,176000,-812000,-636000
2014/08/21,0,200000,-750000,-550000
2014/08/22,0,861000,-185000,676000
2014/08/25,0,272000,-238000,34000
2014/08/26,0,290000,-330000,-40000
2014/08/27,0,703000,0,703000
2014/08/28,0,182000,-98000,84000
2014/08/29,0,405000,-213000,192000
2014/09/01,0,285000,-100000,185000
2014/09/02,0,52000,-147000,-95000
2014/09/03,0,104000,-233000,-129000
2014/09/04,0,164000,-430000,-266000
2014/09/05,0,299000,-1566000,-1267000
2014/09/09,0,643000,-761000,-118000
2014/09/10,0,487000,-1285000,-798000
2014/09/11,0,41000,-183000,-142000
2014/09/12,0,386000,-2414000,-2028000
2014/09/15,0,846000,-166000,680000
2014/09/16,0,362000,-166000,196000
2014/09/17,0,282000,-443000,-161000
2014/09/18,0,340000,-199000,141000
2014/09/19,0,403000,-719000,-316000
2014/09/22,0,387000,-708000,-321000
2014/09/23,0,899000,-194440,704560
2014/09/24,0,332000,-43000,289000
2014/09/25,0,259000,-325000,-66000
2014/09/26,0,372000,-89000,283000
2014/09/29,0,161000,-578000,-417000
2014/09/30,0,793000,-286000,507000
2014/10/01,0,372000,-242000,130000
2014/10/02,0,1072000,-402000,670000
2014/10/03,0,627000,-348000,279000
2014/10/06,0,379000,-586000,-207000
2014/10/07,0,519000,-536000,-17000
2014/10/08,0,256000,-643000,-387000
2014/10/09,0,498000,-2038000,-1540000
2014/10/13,0,850000,-726000,124000
2014/10/14,0,298000,-252000,46000
2014/10/15,0,1468000,-1009000,459000
2014/10/16,0,1647000,-392000,1255000
2014/10/17,0,609000,-764000,-155000
2014/10/20,0,324000,-464000,-140000
2014/10/21,0,245000,-432000,-187000
2014/10/22,0,475000,-245000,230000
2014/10/23,0,364000,-148039,215961
2014/10/24,0,228000,-441000,-213000
2014/10/27,0,492000,-529000,-37000
2014/10/28,0,614000,-755673,-141673
2014/10/29,0,4687000,-1089000,3598000
2014/10/30,0,1316000,-3205000,-1889000
2014/10/31,0,297000,-949000,-652000
2014/11/03,0,370000,-196000,174000
2014/11/04,0,109000,-273000,-164000
2014/11/05,0,1424000,-227000,1197000
2014/11/06,0,803000,-949040,-146040
2014/11/07,0,305000,-256000,49000
2014/11/10,0,373000,-138000,235000
2014/11/11,0,300000,-278000,22000
2014/11/12,0,503000,-37000,466000
2014/11/13,0,484000,-668000,-184000
2014/11/14,0,361000,-989000,-628000
2014/11/17,0,897000,-477000,420000
2014/11/18,0,798000,-128000,670000
2014/11/19,0,433000,-495000,-62000
2014/11/20,0,1194000,-370000,824000
2014/11/21,0,514000,-156000,358000
2014/11/24,0,826000,-389000,437000
2014/11/25,0,787000,-142000,645000
2014/11/26,0,3349000,-505000,2844000
2014/11/27,0,1170000,-1268000,-98000
2014/11/28,0,837000,-243000,594000
2014/12/01,0,527000,-262000,265000
2014/12/02,0,2846000,-1601610,1244390
2014/12/03,0,432000,-867000,-435000
2014/12/04,0,2526000,-454000,2072000
2014/12/05,0,392000,-488000,-96000
2014/12/08,0,178000,-4243000,-4065000
2014/12/09,0,273000,-288000,-15000
2014/12/10,0,389000,-171000,218000
2014/12/11,0,310000,-64000,246000
2014/12/12,0,329000,-387000,-58000
2014/12/15,0,217000,-1231000,-1014000
2014/12/16,0,101000,-1069000,-968000
2014/12/17,0,151000,-586000,-435000
2014/12/18,0,397000,-362000,35000
2014/12/19,0,2055000,-300000,1755000
2014/12/22,0,4205000,-570363,3634637
2014/12/23,0,1041000,-3175000,-2134000
2014/12/24,0,1977000,-2215000,-238000
2014/12/25,0,264000,-784000,-520000
2014/12/26,0,284000,-168000,116000
2014/12/29,0,3610000,-1293000,2317000
2014/12/30,0,783000,-2059000,-1276000
2014/12/31,0,401000,-3054000,-2653000
2015/01/01,0,0,0,0
2015/01/02,0,0,0,0
2015/01/05,0,798000,-316000,482000
2015/01/06,0,518000,-2014000,-1496000
2015/01/07,0,176000,-546000,-370000
2015/01/08,0,1889000,-123000,1766000
2015/01/09,0,546000,-2289000,-1743000
2015/01/12,0,816000,-530000,286000
2015/01/13,0,45000,-1060000,-1015000
2015/01/14,0,6213000,-239000,5974000
2015/01/15,0,1664000,-2574000,-910000
2015/01/16,0,995000,-2081026,-1086026
2015/01/19,0,1464000,-823000,641000
2015/01/20,0,1904000,-762000,1142000
2015/01/21,0,248000,-1721000,-1473000
2015/01/22,0,2042000,-686000,1356000
2015/01/23,0,303000,-1210000,-907000
2015/01/26,0,194000,-1843411,-1649411
2015/01/27,0,4233000,-797000,3436000
2015/01/28,0,895000,-1494000,-599000
2015/01/29,0,186000,-946000,-760000
2015/01/30,0,451000,-396000,55000
2015/02/02,0,95000,-1577000,-1482000
2015/02/03,0,549000,-391000,158000
2015/02/04,0,349000,-648021,-299021
2015/02/05,0,572000,-346020,225980
2015/02/06,0,209000,-1398000,-1189000
2015/02/09,0,112000,-629000,-517000
2015/02/10,0,391000,-1297000,-906000
2015/02/11,0,309000,-87000,222000
2015/02/12,0,59000,-507000,-448000
2015/02/13,0,460000,-580000,-120000
2015/02/16,0,0,0,0
2015/02/17,0,0,0,0
2015/02/18,0,0,0,0
2015/02/19,0,0,0,0
2015/02/20,0,0,0,0
2015/02/23,0,0,0,0
2015/02/24,0,340000,-2237000,-1897000
2015/02/25,0,901000,-379013,521987
2015/02/26,0,4457000,-1235000,3222000
2015/02/27,0,0,0,0
2015/03/02,0,4441000,-2535000,1906000
2015/03/03,0,3447000,-3447000,0
2015/03/04,0,484000,-3424000,-2940000
2015/03/05,0,827000,-676242,150758
2015/03/06,0,847000,-1880000,-1033000
2015/03/09,0,53000,-471665,-418665
2015/03/10,0,319000,-449000,-130000
2015/03/11,0,1746000,-289000,1457000
2015/03/12,0,64000,-808000,-744000
2015/03/13,0,240000,-313000,-73000
2015/03/16,0,196000,-622000,-426000
2015/03/17,0,1053000,-194014,858986
2015/03/18,0,3765000,-358000,3407000
2015/03/19,0,128000,-3561000,-3433000
2015/03/20,0,353000,-966000,-613000
2015/03/23,0,352000,-639000,-287000
2015/03/24,0,442000,-288000,154000
2015/03/25,0,192000,-1428000,-1236000
2015/03/26,0,698000,-711000,-13000
2015/03/27,0,283000,-176000,107000
2015/03/30,0,148000,-299000,-151000
2015/03/31,0,352000,-207000,145000
2015/04/01,0,116000,-210000,-94000
2015/04/02,0,204000,-489008,-285008
2015/04/03,0,0,0,0
2015/04/06,0,0,0,0
2015/04/07,0,2006000,-185000,1821000
2015/04/08,0,506000,-1242000,-736000
2015/04/09,0,170000,-879000,-709000
2015/04/10,0,191000,-476000,-285000
2015/04/13,0,140000,-547000,-407000
2015/04/14,0,518000,-179000,339000
2015/04/15,0,115000,-1063000,-948000
2015/04/16,0,7434000,-793000,6641000
2015/04/17,0,790000,-3237000,-2447000
2015/04/20,0,404000,-1963000,-1559000
2015/04/21,0,238000,-781000,-543000
2015/04/22,0,188000,-1687000,-1499000
2015/04/23,0,478000,-732000,-254000
2015/04/24,0,341000,-1013000,-672000
2015/04/27,0,302000,-415000,-113000
2015/04/28,0,254000,-361000,-107000
2015/04/29,0,403000,-278000,125000
2015/04/30,0,3613000,-153000,3460000
2015/05/01,0,0,0,0
2015/05/04,0,28000,-1273000,-1245000
2015/05/05,0,210000,-1512000,-1302000
2015/05/06,0,71000,-155000,-84000
2015/05/07,0,12000,-90000,-78000
2015/05/08,0,97000,-64000,33000
2015/05/11,0,105000,-1305000,-1200000
2015/05/12,0,600000,-716000,-116000
2015/05/13,0,1578000,-70000,1508000
2015/05/14,0,222000,-551000,-329000
2015/05/15,0,127000,-525000,-398000
2015/05/18,0,125000,-424000,-299000
2015/05/19,0,34000,-299000,-265000
2015/05/20,0,71000,-601000,-530000
2015/05/21,0,168000,-313000,-145000
2015/05/22,0,30000,-134000,-104000
2015/05/25,0,220000,-56000,164000
2015/05/26,0,14000,-114000,-100000
2015/05/27,0,100000,-48000,52000
2015/05/28,0,59000,-125000,-66000
2015/05/29,0,185000,-82000,103000
2015/06/01,0,22000,-99000,-77000
2015/06/02,0,766000,-534000,232000
2015/06/03,0,19000,-652000,-633000
2015/06/04,0,327000,-672000,-345000
2015/06/05,0,253000,-3267000,-3014000
2015/06/08,0,704000,-34000,670000
2015/06/09,0,357000,-411000,-54000
2015/06/10,0,1033000,-57000,976000
2015/06/11,0,432000,-284000,148000
2015/06/12,0,298000,-210000,88000
2015/06/15,0,111000,-31000,80000
2015/06/16,0,83000,-240000,-157000
2015/06/17,0,170000,-330000,-160000
2015/06/18,0,161000,-300000,-139000
2015/06/19,0,0,0,0
2015/06/22,0,97000,-98000,-1000
2015/06/23,0,72000,-86000,-14000
2015/06/24,0,36000,-146000,-110000
2015/06/25,0,1043000,-61667,981333
2015/06/26,0,79000,-1244000,-1165000
2015/06/29,0,165000,-436000,-271000
2015/06/30,0,25000,-401000,-376000
2015/07/01,0,279000,-29000,250000
2015/07/02,0,709000,-216000,493000
2015/07/03,0,67000,-283000,-216000
2015/07/06,0,91000,-43000,48000
2015/07/07,0,149000,-111000,38000
2015/07/08,0,308000,-987000,-679000
2015/07/09,0,1067000,-359000,708000
2015/07/10,0,0,0,0
2015/07/13,0,460000,-158000,302000
2015/07/14,0,43000,-592000,-549000
2015/07/15,0,659000,-319000,340000
2015/07/16,0,671000,-340000,331000
2015/07/17,0,549000,-738000,-189000
2015/07/20,0,276000,-659000,-383000
2015/07/21,0,254000,-72000,182000
2015/07/22,0,340000,-407000,-67000
2015/07/23,0,301000,-132000,169000
2015/07/24,0,189000,-243000,-54000
2015/07/27,0,569000,-182000,387000
2015/07/28,0,856000,-53000,803000
2015/07/29,0,221000,-123000,98000
2015/07/30,0,973000,-403000,570000
2015/07/31,0,166000,-707000,-541000
2015/08/03,0,165000,-759000,-594000
2015/08/04,0,383000,-191000,192000
2015/08/05,0,1130000,-115000,1015000
2015/08/06,0,706000,-1117000,-411000
2015/08/07,0,872000,-184000,688000
2015/08/10,0,264000,-167000,97000
2015/08/11,0,107000,-1308000,-1201000
2015/08/12,0,728000,-48000,680000
2015/08/13,0,291000,-45000,246000
2015/08/14,0,209000,-288000,-79000
2015/08/17,0,298000,-67000,231000
2015/08/18,0,245000,-417000,-172000
2015/08/19,0,468000,-583000,-115000
2015/08/20,0,114000,-195000,-81000
2015/08/21,0,574000,-403000,171000
2015/08/24,0,831000,-141000,690000
2015/08/25,0,1001000,-293000,708000
2015/08/26,0,124000,-178000,-54000
2015/08/27,0,375000,-740000,-365000
2015/08/28,0,218000,-130000,88000
2015/08/31,0,176000,-582000,-406000
2015/09/01,0,307000,-244000,63000
2015/09/02,0,250000,-129000,121000
2015/09/03,0,323000,-247000,76000
2015/09/04,0,69000,-688000,-619000
2015/09/07,0,330000,-73000,257000
2015/09/08,0,12000,-394000,-382000
2015/09/09,0,415000,-66000,349000
2015/09/10,0,709000,-296000,413000
2015/09/11,0,57000,-491000,-434000
2015/09/14,0,87000,-39000,48000
2015/09/15,0,165000,-65000,100000
2015/09/16,0,108000,-195000,-87000
2015/09/17,0,445000,-346000,99000
2015/09/18,0,355000,-163000,192000
2015/09/21,0,98000,-274000,-176000
2015/09/22,0,302000,-54000,248000
2015/09/23,0,228000,-425000,-197000
2015/09/24,0,179000,-390000,-211000
2015/09/25,0,205000,-51000,154000
2015/09/28,0,0,0,0
2015/09/29,0,0,0,0
2015/09/30,0,454000,-107000,347000
2015/10/01,0,283000,-226000,57000
2015/10/02,0,47000,-106000,-59000
2015/10/05,0,94000,-94000,0
2015/10/06,0,3663000,-346000,3317000
2015/10/07,0,1238000,-1309000,-71000
2015/10/08,0,808000,-1663000,-855000
2015/10/09,0,0,0,0
2015/10/12,0,471000,-312000,159000
2015/10/13,0,283000,-395000,-112000
2015/10/14,0,126000,-650000,-524000
2015/10/15,0,229000,-99000,130000
2015/10/16,0,56000,-591000,-535000
2015/10/19,0,18000,-228000,-210000
2015/10/20,0,24000,-124000,-100000
2015/10/21,0,428000,-210000,218000
2015/10/22,0,64000,-322000,-258000
2015/10/23,0,47000,-215000,-168000
2015/10/26,0,155000,-20000,135000
2015/10/27,0,125000,-80000,45000
2015/10/28,0,70000,-50000,20000
2015/10/29,0,99000,-286000,-187000
2015/10/30,0,304000,-166000,138000
2015/11/02,0,119000,-380000,-261000
2015/11/03,0,926000,-174000,752000
2015/11/04,0,234000,-930000,-696000
2015/11/05,0,170000,-309000,-139000
2015/11/06,0,421000,-304000,117000
2015/11/09,0,58000,-113000,-55000
2015/11/10,0,261000,-36000,225000
2015/11/11,0,1151000,-283000,868000
2015/11/12,0,1271000,-771000,500000
2015/11/13,0,475000,-1534000,-1059000
2015/11/16,0,274000,-205000,69000
2015/11/17,0,431000,-192000,239000
2015/11/18,0,61000,-88000,-27000
2015/11/19,0,271000,-100000,171000
2015/11/20,0,203000,-6000,197000
2015/11/23,0,125000,-116000,9000
2015/11/24,0,304000,-136000,168000
2015/11/25,0,56000,-181000,-125000
2015/11/26,0,288000,-19000,269000
2015/11/27,0,60000,-233000,-173000
2015/11/30,0,84000,-668000,-584000
2015/12/01,0,742000,-240000,502000
2015/12/02,0,138000,-151000,-13000
2015/12/03,0,118000,-50000,68000
2015/12/04,0,163000,-437000,-274000
2015/12/07,0,1001000,-206000,795000
2015/12/08,0,196000,-790000,-594000
2015/12/09,0,305000,-124000,181000
2015/12/10,0,263000,-570000,-307000
2015/12/11,0,117000,-274000,-157000
2015/12/14,0,116000,-202000,-86000
2015/12/15,0,1040000,-63000,977000
2015/12/16,0,37000,-753000,-716000
2015/12/17,0,617000,-109000,508000
2015/12/18,0,930000,-470000,460000
2015/12/21,0,142000,-647000,-505000
2015/12/22,0,54000,-205000,-151000
2015/12/23,0,557000,-189000,368000
2015/12/24,0,84000,-604000,-520000
2015/12/25,0,0,-385000,-385000
2015/12/28,0,44000,-125000,-81000
2015/12/29,0,130000,-349000,-219000
2015/12/30,0,41000,-407000,-366000
2015/12/31,0,94000,-64000,30000
2016/01/01,0,0,0,0
2016/01/04,0,218000,-233000,-15000
2016/01/05,0,109000,-153000,-44000
2016/01/06,0,329000,-145000,184000
2016/01/07,0,362000,-212000,150000
2016/01/08,0,449000,-201000,248000
2016/01/11,0,1794000,-201000,1593000
2016/01/12,0,124000,-1324000,-1200000
2016/01/13,0,152000,-509000,-357000
2016/01/14,0,315000,-136000,179000
2016/01/15,0,303000,-158000,145000
2016/01/18,0,306000,-66000,240000
2016/01/19,0,81000,-141000,-60000
2016/01/20,0,422000,-466000,-44000
2016/01/21,0,206000,-142000,64000
2016/01/22,0,234000,-92000,142000
2016/01/25,0,494000,-78000,416000
2016/01/26,0,36000,-496000,-460000
2016/01/27,0,605000,-77000,528000
2016/01/28,0,1558000,-619000,939000
2016/01/29,0,452000,-1035000,-583000
2016/02/01,0,270000,-247000,23000
2016/02/02,0,42000,-320000,-278000
2016/02/03,0,430000,-293000,137000
2016/02/04,0,0,0,0
2016/02/05,0,0,0,0
2016/02/08,0,0,0,0
2016/02/09,0,0,0,0
2016/02/10,0,0,0,0
2016/02/11,0,0,0,0
2016/02/12,0,0,0,0
2016/02/15,0,707000,-516000,191000
2016/02/16,0,340000,-231000,109000
2016/02/17,0,1354000,-474000,880000
2016/02/18,0,13000,-754000,-741000
2016/02/19,0,32000,-469000,-437000
2016/02/22,0,1308000,-375000,933000
2016/02/23,0,817000,-594000,223000
2016/02/24,0,33000,-688000,-655000
2016/02/25,0,15000,-922000,-907000
2016/02/26,0,54000,-213000,-159000
2016/02/29,0,0,0,0
2016/03/01,0,808000,-214000,594000
2016/03/02,0,232000,-443000,-211000
2016/03/03,0,477000,-126000,351000
2016/03/04,0,23000,-426000,-403000
2016/03/07,0,364000,-654000,-290000
2016/03/08,0,60000,-639000,-579000
2016/03/09,0,104000,-249000,-145000
2016/03/10,0,730000,-115000,615000
2016/03/11,0,287000,-409000,-122000
2016/03/14,0,683000,-297000,386000
2016/03/15,0,38000,-748000,-710000
2016/03/16,0,182000,-646000,-464000
2016/03/17,0,68000,-253000,-185000
2016/03/18,0,1496000,-308000,1188000
2016/03/21,0,1284000,-844000,440000
2016/03/22,0,163000,-1303000,-1140000
2016/03/23,0,121000,-343000,-222000
2016/03/24,0,190000,-174000,16000
2016/03/25,0,255000,-144000,111000
2016/03/28,0,559000,-30000,529000
2016/03/29,0,271000,-715000,-444000
2016/03/30,0,874000,-136000,738000
2016/03/31,0,7000,-1012000,-1005000
2016/04/01,0,80000,-115000,-35000
2016/04/04,0,0,0,0
2016/04/05,0,0,0,0
2016/04/06,0,278000,-91000,187000
2016/04/07,0,114000,-253000,-139000
2016/04/08,0,36000,-51000,-15000
2016/04/11,0,565000,-72000,493000
2016/04/12,0,477000,-452000,25000
2016/04/13,0,175000,-654000,-479000
2016/04/14,0,25000,-392000,-367000
2016/04/15,0,461000,-20000,441000
2016/04/18,0,152000,-225000,-73000
2016/04/19,0,117000,-213000,-96000
2016/04/20,0,253000,-419000,-166000
2016/04/21,0,114000,-130000,-16000
2016/04/22,0,86000,-84000,2000
2016/04/25,0,150000,-42000,108000
2016/04/26,0,126000,-301000,-175000
2016/04/27,0,375000,-96000,279000
2016/04/28,0,101000,-332000,-231000
2016/04/29,0,250000,-107000,143000
2016/05/02,0,0,0,0
2016/05/03,0,209000,-76000,133000
2016/05/04,0,525000,-247000,278000
2016/05/05,0,584000,-41000,543000
2016/05/06,0,410000,-105000,305000
2016/05/09,0,182000,-4000,178000
2016/05/10,0,346000,0,346000
2016/05/11,0,311000,-138000,173000
2016/05/12,0,321000,-143000,178000
2016/05/13,0,534000,-212000,322000
2016/05/16,0,126000,-32000,94000
2016/05/17,0,287000,-19000,268000
2016/05/18,0,147000,-280000,-133000
2016/05/19,0,174000,-85000,89000
2016/05/20,0,675000,-81000,594000
2016/05/23,0,1005000,-215000,790000
2016/05/24,0,284000,-227000,57000
2016/05/25,0,684000,-429000,255000
2016/05/26,0,29000,-124000,-95000
2016/05/27,0,3000,-90000,-87000
2016/05/30,0,285000,-976000,-691000
2016/05/31,0,242000,-357000,-115000
2016/06/01,0,320000,-315000,5000
2016/06/02,0,243000,-589000,-346000
2016/06/03,0,36000,-210000,-174000
2016/06/06,0,17000,-113000,-96000
2016/06/07,0,1179000,-405000,774000
2016/06/08,0,61000,-272000,-211000
2016/06/09,0,0,0,0
2016/06/10,0,0,0,0
2016/06/13,0,62000,-235000,-173000
2016/06/14,0,1079000,-147000,932000
2016/06/15,0,77000,-603000,-526000
2016/06/16,0,124000,-339000,-215000
2016/06/17,0,294000,-199000,95000
2016/06/20,0,205000,-296989,-91989
2016/06/21,0,100000,-206000,-106000
2016/06/22,0,211000,-164000,47000
2016/06/23,0,62000,-87000,-25000
2016/06/24,0,237000,-549000,-312000
2016/06/27,0,172000,-1000,171000
2016/06/28,0,186000,-302000,-116000
2016/06/29,0,329000,-246000,83000
2016/06/30,0,16000,-272000,-256000
2016/07/01,0,37000,-234000,-197000
2016/07/04,0,41000,-260000,-219000
2016/07/05,0,108000,-71000,37000
2016/07/06,0,36000,-237000,-201000
2016/07/07,0,86000,-106000,-20000
2016/07/08,0,0,0,0
2016/07/11,0,1053000,-331000,722000
2016/07/12,0,381000,-501000,-120000
2016/07/13,0,74000,-690000,-616000
2016/07/14,0,282000,-209000,73000
2016/07/15,0,821000,-315000,506000
2016/07/18,0,731000,-949000,-218000
2016/07/19,0,74000,-597000,-523000
2016/07/20,0,159000,-276000,-117000
2016/07/21,0,1584000,-291000,1293000
2016/07/22,0,1865000,-364000,1501000
2016/07/25,0,3487000,-648000,2839000
2016/07/26,0,62000,-3383000,-3321000
2016/07/27,0,65000,-1600000,-1535000
2016/07/28,0,251000,-701000,-450000
2016/07/29,0,52000,-481000,-429000
2016/08/01,0,61000,-328000,-267000
2016/08/02,0,88000,-545000,-457000
2016/08/03,0,22000,-585000,-563000
2016/08/04,0,77000,-354000,-277000
2016/08/05,0,41000,-213000,-172000
2016/08/08,0,17000,-756000,-739000
2016/08/09,0,68000,-244000,-176000
2016/08/10,0,50000,-357000,-307000
2016/08/11,0,38000,-617000,-579000
2016/08/12,0,63000,-184000,-121000
2016/08/15,0,166000,-338000,-172000
2016/08/16,0,16000,-708000,-692000
2016/08/17,0,89000,-763000,-674000
2016/08/18,0,81000,-147000,-66000
2016/08/19,0,29000,-390000,-361000
2016/08/22,0,15000,-771000,-756000
2016/08/23,0,66000,-91000,-25000
2016/08/24,0,23000,-42000,-19000
2016/08/25,0,40000,-136000,-96000
2016/08/26,0,18000,-40000,-22000
2016/08/29,0,85000,-175000,-90000
2016/08/30,0,100000,-119000,-19000
2016/08/31,0,61000,-307000,-246000
2016/09/01,0,58000,-83000,-25000
2016/09/02,0,89000,-261000,-172000
2016/09/05,0,209000,-60000,149000
2016/09/06,0,251000,-210000,41000
2016/09/07,0,33000,-179000,-146000
2016/09/08,0,113000,-106000,7000
2016/09/09,0,0,-18000,-18000
2016/09/12,0,14000,-120000,-106000
2016/09/13,0,211000,-182000,29000
2016/09/14,0,84000,-14000,70000
2016/09/15,0,0,0,0
2016/09/16,0,0,0,0
2016/09/19,0,114000,-92000,22000
2016/09/20,0,94000,-19000,75000
2016/09/21,0,0,-54000,-54000
2016/09/22,0,311000,-70000,241000
2016/09/23,0,172000,-278000,-106000
2016/09/26,0,10000,-90000,-80000
2016/09/27,0,0,0,0
2016/09/28,0,0,0,0
2016/09/29,0,464000,-87000,377000
2016/09/30,0,79000,-240000,-161000
2016/10/03,0,107000,-90000,17000
2016/10/04,0,117000,-67000,50000
2016/10/05,0,811000,-138000,673000
2016/10/06,0,108000,-1036000,-928000
2016/10/07,0,186000,-129000,57000
2016/10/10,0,0,0,0
2016/10/11,0,288000,-270000,18000
2016/10/12,0,645000,-2000,643000
2016/10/13,0,176000,-143000,33000
2016/10/14,0,255000,-6000,249000
2016/10/17,0,109000,-43000,66000
2016/10/18,0,131000,-254000,-123000
2016/10/19,0,158000,-120000,38000
2016/10/20,0,109000,-17000,92000
2016/10/21,0,120000,-65000,55000
2016/10/24,0,66000,-31000,35000
2016/10/25,0,93000,-20000,73000
2016/10/26,0,343000,0,343000
2016/10/27,0,64000,0,64000
2016/10/28,0,24000,0,24000
2016/10/31,0,107000,-6000,101000
2016/11/01,0,55000,-48000,7000
2016/11/02,0,150000,0,150000
2016/11/03,0,102000,0,102000
2016/11/04,0,83000,-31000,52000
2016/11/07,0,82000,-1000,81000
2016/11/08,0,0,0,0
2016/11/09,0,632000,-129000,503000
2016/11/10,0,263000,-76000,187000
2016/11/11,0,552000,-91000,461000
2016/11/14,0,376000,-55000,321000
2016/11/15,0,120000,-32000,88000
2016/11/16,0,1043000,-43000,1000000
2016/11/17,0,618000,-338000,280000
2016/11/18,0,41000,-34000,7000
2016/11/21,0,0,-30000,-30000
2016/11/22,0,126000,-122000,4000
2016/11/23,0,177000,-514000,-337000
2016/11/24,0,28000,-41000,-13000
2016/11/25,0,136000,0,136000
2016/11/28,0,242000,-11516,230484
2016/11/29,0,42000,0,42000
2016/11/30,0,38000,-1000,37000
2016/12/01,0,159000,-29000,130000
2016/12/02,0,64000,-38000,26000
2016/12/05,0,99000,-47000,52000
2016/12/06,0,166000,-8000,158000
2016/12/07,0,52000,-118000,-66000
2016/12/08,0,28000,-51000,-23000
2016/12/09,0,47000,-391000,-344000
2016/12/12,0,139000,-549000,-410000
2016/12/13,0,957000,-6000,951000
2016/12/14,0,0,-281000,-281000
2016/12/15,0,67000,0,67000
2016/12/16,0,67000,-113000,-46000
2016/12/19,0,133000,-509000,-376000
2016/12/20,0,179000,0,179000
2016/12/21,0,428000,-139000,289000
2016/12/22,0,113000,-45000,68000
2016/12/23,0,182000,-11000,171000
2016/12/26,0,83000,0,83000
2016/12/27,0,51000,-3000,48000
2016/12/28,0,20000,0,20000
2016/12/29,0,48000,-46000,2000
2016/12/30,0,23000,0,23000
2017/01/02,0,0,0,0
2017/01/03,0,46000,-28000,18000
2017/01/04,0,48000,-27000,21000
2017/01/05,0,187000,-80000,107000
2017/01/06,0,40000,-145000,-105000
2017/01/09,0,0,-52000,-52000
2017/01/10,0,0,-51000,-51000
2017/01/11,0,0,-183000,-183000
2017/01/12,0,32000,-83000,-51000
2017/01/13,0,58000,-32000,26000
2017/01/16,0,122000,-161000,-39000
2017/01/17,0,0,-176000,-176000
2017/01/18,0,46000,-85000,-39000
2017/01/19,0,8000,-38000,-30000
2017/01/20,0,0,0,0
2017/01/23,0,0,-5000,-5000
2017/01/24,0,0,-21000,-21000
2017/01/25,0,0,0,0
2017/01/26,0,0,0,0
2017/01/27,0,0,0,0
2017/01/30,0,0,0,0
2017/01/31,0,0,0,0
2017/02/01,0,0,0,0
2017/02/02,0,45000,-263000,-218000
2017/02/03,0,0,-474000,-474000
2017/02/06,0,80000,-133000,-53000
2017/02/07,0,2000,-1000,1000
2017/02/08,0,0,-106000,-106000
2017/02/09,0,40000,-126000,-86000
2017/02/10,0,230000,-68000,162000
2017/02/13,0,51000,-44000,7000
2017/02/14,0,0,-258000,-258000
2017/02/15,0,226000,-98000,128000
2017/02/16,0,839000,-537000,302000
2017/02/17,0,276000,-178000,98000
2017/02/20,0,170000,-16000,154000
2017/02/21,0,155000,-53000,102000
2017/02/22,0,32000,-42000,-10000
2017/02/23,0,53000,-61000,-8000
2017/02/24,0,0,-91047,-91047
2017/02/27,0,0,0,0
2017/02/28,0,0,0,0
2017/03/01,0,39000,-72000,-33000
2017/03/02,0,42000,-14000,28000
2017/03/03,0,166000,-215000,-49000
2017/03/06,0,26000,-51000,-25000
2017/03/07,0,17000,0,17000
2017/03/08,0,0,-3000,-3000
2017/03/09,0,40000,-83000,-43000
2017/03/10,0,23000,-26000,-3000
2017/03/13,0,0,-121000,-121000
2017/03/14,0,238000,-85000,153000
2017/03/15,0,160000,-66000,94000
2017/03/16,0,119000,-102000,17000
2017/03/17,0,1719000,0,1719000
2017/03/20,0,52000,-458000,-406000
2017/03/21,0,84000,-283000,-199000
2017/03/22,0,10000,-1089000,-1079000
2017/03/23,0,4000,-46000,-42000
2017/03/24,0,150000,-983000,-833000
2017/03/27,0,14000,-4000,10000
2017/03/28,0,126000,-17000,109000
2017/03/29,0,165000,-175000,-10000
2017/03/30,0,509000,-305000,204000
2017/03/31,0,92000,-79000,13000
2017/04/03,0,0,0,0
2017/04/04,0,0,0,0
2017/04/05,0,302000,0,302000
2017/04/06,0,1000,-725000,-724000
2017/04/07,0,0,-78000,-78000
2017/04/10,0,1447000,-2000,1445000
2017/04/11,0,1069000,-885000,184000
2017/04/12,0,134000,-285000,-151000
2017/04/13,0,26000,-165000,-139000
2017/04/14,0,206000,-208000,-2000
2017/04/17,0,270000,-671000,-401000
2017/04/18,0,67000,-131000,-64000
2017/04/19,0,254000,-85000,169000
2017/04/20,0,163000,-113000,50000
2017/04/21,0,798000,0,798000
2017/04/24,0,131000,-166000,-35000
2017/04/25,0,21000,-25000,-4000
2017/04/26,0,0,-58000,-58000
2017/04/27,0,18000,-11000,7000
2017/04/28,0,0,-123000,-123000
2017/05/01,0,0,0,0
2017/05/02,0,249000,-653000,-404000
2017/05/03,0,8000,-262000,-254000
2017/05/04,0,6000,-92000,-86000
2017/05/05,0,3000,-115000,-112000
2017/05/08,0,9000,-41000,-32000
2017/05/09,0,38000,-41944,-3944
2017/05/10,0,20000,-27000,-7000
2017/05/11,0,45000,-23000,22000
2017/05/12,0,12000,-38000,-26000
2017/05/15,0,144000,-41000,103000
2017/05/16,0,28000,-241000,-213000
2017/05/17,0,152000,-52000,100000
2017/05/18,0,613000,-4000,609000
2017/05/19,0,96000,-433000,-337000
2017/05/22,0,7000,-106000,-99000
2017/05/23,0,0,-13000,-13000
2017/05/24,0,81000,-4000,77000
2017/05/25,0,4000,-45000,-41000
2017/05/26,0,160000,-43000,117000
2017/05/29,0,0,0,0
2017/05/30,0,0,0,0
2017/05/31,0,161000,-135000,26000
2017/06/01,0,176000,-18000,158000
2017/06/02,0,4000,-37000,-33000
2017/06/05,0,0,-97000,-97000
2017/06/06,0,0,-105534,-105534
2017/06/07,0,11000,-63000,-52000
2017/06/08,0,0,-43000,-43000
2017/06/09,0,101000,-87000,14000
2017/06/12,0,351000,-204000,147000
2017/06/13,0,21000,-240000,-219000
2017/06/14,0,8000,-256000,-248000
2017/06/15,0,181000,-65000,116000
2017/06/16,0,1000,-62000,-61000
2017/06/19,0,112000,-222000,-110000
2017/06/20,0,48000,-179000,-131000
2017/06/21,0,275000,-309000,-34000
2017/06/22,0,241000,-324000,-83000
2017/06/23,0,102000,-252000,-150000
2017/06/26,0,160000,-169000,-9000
2017/06/27,0,237000,-52000,185000
2017/06/28,0,104000,-105000,-1000
2017/06/29,0,0,-35000,-35000
2017/06/30,0,52000,-16000,36000
2017/07/03,0,0,-70000,-70000
2017/07/04,0,14000,-115000,-101000
2017/07/05,0,296000,-42000,254000
2017/07/06,0,15000,-20000,-5000
2017/07/07,0,0,-15000,-15000
2017/07/10,0,303000,-9000,294000
2017/07/11,0,1125000,-101000,1024000
2017/07/12,0,1049000,-839000,210000
2017/07/13,0,38000,-1171000,-1133000
2017/07/14,0,8000,-47000,-39000
2017/07/17,0,263000,-52000,211000
2017/07/18,0,444000,-258000,186000
2017/07/19,0,269000,-251000,18000
2017/07/20,0,22000,-124000,-102000
2017/07/21,0,55000,-159000,-104000
2017/07/24,0,122000,-41000,81000
2017/07/25,0,430000,-99000,331000
2017/07/26,0,4058000,-205000,3853000
2017/07/27,0,198000,-2976000,-2778000
2017/07/28,0,146000,-622000,-476000
2017/07/31,0,25000,-284000,-259000
2017/08/01,0,50000,-56000,-6000
2017/08/02,0,978000,-45000,933000
2017/08/03,0,12000,-94000,-82000
2017/08/04,0,25000,-33000,-8000
2017/08/07,0,47000,-162000,-115000
2017/08/08,0,291000,-115000,176000
2017/08/09,0,256000,-493000,-237000
2017/08/10,0,254000,-278000,-24000
2017/08/11,0,369000,-1209000,-840000
2017/08/14,0,169000,-169000,0
2017/08/15,0,217000,-226000,-9000
2017/08/16,0,419000,-119000,300000
2017/08/17,0,66000,-128000,-62000
2017/08/18,0,563000,-147000,416000
