Date,Open,Buy,Sell,Total
2007/01/02,0,2835000,-31152,2803848
2007/01/03,0,2805000,-1672000,1133000
2007/01/04,0,287000,-222000,65000
2007/01/05,0,2822000,-16154000,-13332000
2007/01/08,0,63000,-4303275,-4240275
2007/01/09,0,6655000,-14752339,-8097339
2007/01/10,0,4225000,-7563000,-3338000
2007/01/11,0,4284000,-8443000,-4159000
2007/01/12,0,3872000,-6528940,-2656940
2007/01/15,0,4390000,-3652721,737279
2007/01/16,0,3661000,-1937000,1724000
2007/01/17,0,3754000,-3283172,470828
2007/01/18,0,4943000,-5032199,-89199
2007/01/19,0,6209000,-7504000,-1295000
2007/01/22,0,8349000,-5555172,2793828
2007/01/23,0,2558000,-1098000,1460000
2007/01/24,0,18374000,-843575,17530425
2007/01/25,0,7691000,-3145000,4546000
2007/01/26,0,1882000,-4337748,-2455748
2007/01/29,0,6287000,-7592231,-1305231
2007/01/30,0,3246000,-2344670,901330
2007/01/31,0,10846000,-4148961,6697039
2007/02/01,0,3786000,-2237250,1548750
2007/02/02,0,2942000,-162000,2780000
2007/02/05,0,2616000,-2744736,-128736
2007/02/06,0,2409000,-769000,1640000
2007/02/07,0,3192000,-1266000,1926000
2007/02/08,0,4128465,-3361074,767391
2007/02/09,0,4574000,-1206909,3367091
2007/02/12,0,1776000,-2108001,-332001
2007/02/13,0,490700,-6327310,-5836610
2007/02/14,0,8941000,-10130459,-1189459
2007/02/15,0,0,0,0
2007/02/16,0,0,0,0
2007/02/19,0,0,0,0
2007/02/20,0,0,0,0
2007/02/21,0,0,0,0
2007/02/22,0,0,0,0
2007/02/23,0,0,0,0
2007/02/26,0,16459000,-24206808,-7747808
2007/02/27,0,7457000,-10698783,-3241783
2007/02/28,0,0,0,0
2007/03/01,0,441000,-14216529,-13775529
2007/03/02,0,582000,-8848500,-8266500
2007/03/05,0,8560000,-10280000,-1720000
2007/03/06,0,4966000,-5526000,-560000
2007/03/07,0,6382260,-9302370,-2920110
2007/03/08,0,3343000,-4915071,-1572071
2007/03/09,0,2611410,-3344680,-733270
2007/03/12,0,549000,-1504565,-955565
2007/03/13,0,5074000,-7435000,-2361000
2007/03/14,0,5543000,-9988637,-4445637
2007/03/15,0,1989000,-3612000,-1623000
2007/03/16,0,1806000,-5538500,-3732500
2007/03/19,0,1059000,-8576822,-7517822
2007/03/20,0,3408000,-12265738,-8857738
2007/03/21,0,776000,-7984000,-7208000
2007/03/22,0,8730000,-5637000,3093000
2007/03/23,0,5625000,-2473320,3151680
2007/03/26,0,2478000,-1394000,1084000
2007/03/27,0,4615000,-3217000,1398000
2007/03/28,0,4854000,-3862000,992000
2007/03/29,0,4559000,-3479000,1080000
2007/03/30,0,3407000,-9992191,-6585191
2007/04/02,0,2815000,-7467000,-4652000
2007/04/03,0,6054000,-9092434,-3038434
2007/04/04,0,5685000,-3806000,1879000
2007/04/05,0,0,0,0
2007/04/06,0,0,0,0
2007/04/09,0,2949000,-3136000,-187000
2007/04/10,0,2559000,-5273000,-2714000
2007/04/11,0,5247000,-5373213,-126213
2007/04/12,0,3606000,-4102000,-496000
2007/04/13,0,864000,-1910000,-1046000
2007/04/16,0,1692000,-1706855,-14855
2007/04/17,0,3704000,-1638275,2065725
2007/04/18,0,2507000,-1178000,1329000
2007/04/19,0,4936000,-5574000,-638000
2007/04/20,0,30901791,-27584000,3317791
2007/04/23,0,19426000,-13227000,6199000
2007/04/24,0,30514000,-11232005,19281995
2007/04/25,0,24131000,-9253658,14877342
2007/04/26,0,14833000,-11347000,3486000
2007/04/27,0,8409186,-8710014,-300828
2007/04/30,0,9457000,-5657410,3799590
2007/05/01,0,0,0,0
2007/05/02,0,7527000,-9923000,-2396000
2007/05/03,0,8040000,-5286000,2754000
2007/05/04,0,5959000,-5555000,404000
2007/05/07,0,8459000,-12356000,-3897000
2007/05/08,0,3532000,-6333000,-2801000
2007/05/09,0,4314000,-7035200,-2721200
2007/05/10,0,7640213,-9228000,-1587787
2007/05/11,0,836000,-5191365,-4355365
2007/05/14,0,17158000,-18546769,-1388769
2007/05/15,0,2319000,-3313000,-994000
2007/05/16,0,7668000,-9373950,-1705950
2007/05/17,0,6440615,-4147770,2292845
2007/05/18,0,6788333,-7752000,-963667
2007/05/21,0,9389000,-7092000,2297000
2007/05/22,0,13848000,-11745000,2103000
2007/05/23,0,11566000,-9581000,1985000
2007/05/24,0,7611200,-5222777,2388423
2007/05/25,0,6864000,-4898911,1965089
2007/05/28,0,7364000,-1753000,5611000
2007/05/29,0,4002000,-591055,3410945
2007/05/30,0,6715000,-3434667,3280333
2007/05/31,0,16529000,-17680258,-1151258
2007/06/01,0,20663000,-12998001,7664999
2007/06/04,0,18896000,-7952727,10943273
2007/06/05,0,8495000,-5250000,3245000
2007/06/06,0,12153000,-8772101,3380899
2007/06/07,0,16406000,-7742134,8663866
2007/06/08,0,5210000,-5014000,196000
2007/06/11,0,14884000,-7243000,7641000
2007/06/12,0,9315000,-3589579,5725421
2007/06/13,0,24935000,-8339186,16595814
2007/06/14,0,19902000,-5946159,13955841
2007/06/15,0,22619000,-5146834,17472166
2007/06/18,0,0,0,0
2007/06/19,0,0,0,0
2007/06/20,0,44888000,-29162415,15725585
2007/06/21,0,12550500,-5380700,7169800
2007/06/22,0,11173000,-6920876,4252124
2007/06/25,0,9331000,-5039000,4292000
2007/06/26,0,11508000,-3692000,7816000
2007/06/27,0,17005000,-12370000,4635000
2007/06/28,0,7197000,-8699500,-1502500
2007/06/29,0,10634000,-6913887,3720113
2007/07/02,0,6569000,-2178029,4390971
2007/07/03,0,7197934,-3739000,3458934
2007/07/04,0,3941067,-8831000,-4889933
2007/07/05,0,11882000,-8903000,2979000
2007/07/06,0,5946000,-9086000,-3140000
2007/07/09,0,14207000,-12981820,1225180
2007/07/10,0,4183207,-2094267,2088940
2007/07/11,0,2220833,-4849604,-2628771
2007/07/12,0,8476000,-10638500,-2162500
2007/07/13,0,5490000,-3249000,2241000
2007/07/16,0,11951000,-11438000,513000
2007/07/17,0,10705000,-7847000,2858000
2007/07/18,0,14403000,-7607240,6795760
2007/07/19,0,12652000,-16305651,-3653651
2007/07/20,0,9937000,-6081000,3856000
2007/07/23,0,3873000,-5918000,-2045000
2007/07/24,0,15570000,-10590185,4979815
2007/07/25,0,1856900,-3742000,-1885100
2007/07/26,0,6512000,-3928000,2584000
2007/07/27,0,12726200,-14915000,-2188800
2007/07/30,0,8291000,-9938000,-1647000
2007/07/31,0,7743000,-8236000,-493000
2007/08/01,0,5063000,-16410000,-11347000
2007/08/02,0,9855000,-5580795,4274205
2007/08/03,0,6847000,-4290840,2556160
2007/08/06,0,5008000,-9894000,-4886000
2007/08/07,0,3047000,-3057890,-10890
2007/08/08,0,8073000,-8966090,-893090
2007/08/09,0,6375000,-7635000,-1260000
2007/08/10,0,4816500,-8016194,-3199694
2007/08/13,0,1619000,-3200314,-1581314
2007/08/14,0,4597071,-2653000,1944071
2007/08/15,0,6108605,-11279000,-5170395
2007/08/16,0,7609000,-20565280,-12956280
2007/08/17,0,7893000,-9722769,-1829769
2007/08/20,0,5795000,-3964000,1831000
2007/08/21,0,6132300,-4715000,1417300
2007/08/22,0,5704083,-3449412,2254671
2007/08/23,0,7264000,-4094000,3170000
2007/08/24,0,8124000,-4672000,3452000
2007/08/27,0,11480000,-2801000,8679000
2007/08/28,0,13180000,-3671000,9509000
2007/08/29,0,15134703,-14803000,331703
2007/08/30,0,4448000,-4145560,302440
2007/08/31,0,9178000,-7351000,1827000
2007/09/03,0,2203000,-7866000,-5663000
2007/09/04,0,3233000,-6802000,-3569000
2007/09/05,0,10008000,-8023000,1985000
2007/09/06,0,16762000,-14354000,2408000
2007/09/07,0,11942000,-5956069,5985931
2007/09/10,0,11305000,-5674001,5630999
2007/09/11,0,4806000,-2220565,2585435
2007/09/12,0,7747500,-3624016,4123484
2007/09/13,0,5720000,-2839940,2880060
2007/09/14,0,9363000,-6365000,2998000
2007/09/17,0,5329167,-6861000,-1531833
2007/09/18,0,0,0,0
2007/09/19,0,9600000,-11943450,-2343450
2007/09/20,0,10053000,-6057000,3996000
2007/09/21,0,7366000,-4424062,2941938
2007/09/24,0,0,0,0
2007/09/25,0,0,0,0
2007/09/26,0,10425000,-6287122,4137878
2007/09/27,0,8231000,-2967000,5264000
2007/09/28,0,5576000,-6785000,-1209000
2007/10/01,0,2476000,-1680000,796000
2007/10/02,0,6131988,-1784000,4347988
2007/10/03,0,12019000,-9088475,2930525
2007/10/04,0,7454000,-3947165,3506835
2007/10/05,0,9380000,-8485675,894325
2007/10/08,0,3715000,-2806711,908289
2007/10/09,0,3003000,-1558155,1444845
2007/10/10,0,0,0,0
2007/10/11,0,13397000,-13086250,310750
2007/10/12,0,6984000,-8984126,-2000126
2007/10/15,0,5450000,-5078185,371815
2007/10/16,0,3660200,-5308000,-1647800
2007/10/17,0,7421000,-11246117,-3825117
2007/10/18,0,7366000,-13216792,-5850792
2007/10/19,0,6759000,-10689932,-3930932
2007/10/22,0,2745685,-12531559,-9785874
2007/10/23,0,4885000,-7139750,-2254750
2007/10/24,0,2573704,-3676041,-1102337
2007/10/25,0,3815069,-842000,2973069
2007/10/26,0,14073023,-4649000,9424023
2007/10/29,0,15171000,-7399037,7771963
2007/10/30,0,25745000,-10665034,15079966
2007/10/31,0,28024000,-25553675,2470325
2007/11/01,0,4280000,-8803070,-4523070
2007/11/02,0,11729000,-13704111,-1975111
2007/11/05,0,3587000,-6923565,-3336565
2007/11/06,0,13626494,-12748794,877700
2007/11/07,0,15937836,-15101000,836836
2007/11/08,0,18269000,-11649000,6620000
2007/11/09,0,13498000,-20110230,-6612230
2007/11/12,0,14138000,-13791342,346658
2007/11/13,0,7273300,-6755356,517944
2007/11/14,0,11087000,-13875610,-2788610
2007/11/15,0,7271000,-4186000,3085000
2007/11/16,0,6293609,-8890000,-2596391
2007/11/19,0,7801618,-9242500,-1440882
2007/11/20,0,15470500,-15061390,409110
2007/11/21,0,8309970,-11728924,-3418954
2007/11/22,0,6505000,-4582735,1922265
2007/11/23,0,5504000,-6943000,-1439000
2007/11/26,0,11345062,-6897000,4448062
2007/11/27,0,6379000,-10243000,-3864000
2007/11/28,0,9421000,-14728000,-5307000
2007/11/29,0,13120386,-10730024,2390362
2007/11/30,0,20515000,-26057274,-5542274
2007/12/03,0,10866290,-6827058,4039232
2007/12/04,0,14828533,-13394000,1434533
2007/12/05,0,6480502,-6550000,-69498
2007/12/06,0,11856135,-11021912,834223
2007/12/07,0,11373890,-5323325,6050565
2007/12/10,0,7969000,-5105185,2863815
2007/12/11,0,12953000,-17110973,-4157973
2007/12/12,0,10057000,-20111000,-10054000
2007/12/13,0,14176000,-6927775,7248225
2007/12/14,0,14351000,-9313110,5037890
2007/12/17,0,11135000,-3507000,7628000
2007/12/18,0,9451000,-3809776,5641224
2007/12/19,0,7806000,-6574611,1231389
2007/12/20,0,1283150,-3404755,-2121605
2007/12/21,0,3421000,-6886000,-3465000
2007/12/24,0,1538500,-2972000,-1433500
2007/12/25,0,166000,-370000,-204000
2007/12/26,0,674000,-123595,550405
2007/12/27,0,3142000,-2548000,594000
2007/12/28,0,10896000,-7256000,3640000
2007/12/31,0,3384000,-3528000,-144000
2008/01/01,0,0,0,0
2008/01/02,0,1242000,-6458594,-5216594
2008/01/03,0,6103700,-7325225,-1221525
2008/01/04,0,5942000,-17526604,-11584604
2008/01/07,0,10197000,-18409268,-8212268
2008/01/08,0,11832000,-8189109,3642891
2008/01/09,0,11420000,-17649474,-6229474
2008/01/10,0,6299000,-7748795,-1449795
2008/01/11,0,6928000,-7008785,-80785
2008/01/14,0,16609000,-20440183,-3831183
2008/01/15,0,7328000,-32613881,-25285881
2008/01/16,0,5612000,-9735840,-4123840
2008/01/17,0,4979000,-8356858,-3377858
2008/01/18,0,4354206,-7090528,-2736322
2008/01/21,0,3294000,-6927555,-3633555
2008/01/22,0,6333000,-8237000,-1904000
2008/01/23,0,15052000,-17918770,-2866770
2008/01/24,0,8007000,-20050853,-12043853
2008/01/25,0,13476000,-12141626,1334374
2008/01/28,0,5497000,-8547902,-3050902
2008/01/29,0,7108000,-11769200,-4661200
2008/01/30,0,11979106,-18052905,-6073799
2008/01/31,0,7892000,-6352037,1539963
2008/02/01,0,7076800,-5025255,2051545
2008/02/04,0,0,0,0
2008/02/05,0,0,0,0
2008/02/06,0,0,0,0
2008/02/07,0,0,0,0
2008/02/08,0,0,0,0
2008/02/11,0,0,0,0
2008/02/12,0,9240900,-11718212,-2477312
2008/02/13,0,6832000,-4954685,1877315
2008/02/14,0,20293000,-20933000,-640000
2008/02/15,0,1524000,-10186000,-8662000
2008/02/18,0,6769695,-11848000,-5078305
2008/02/19,0,5999000,-14654292,-8655292
2008/02/20,0,17370000,-18965000,-1595000
2008/02/21,0,13706990,-23329868,-9622878
2008/02/22,0,10455140,-28402340,-17947200
2008/02/25,0,5786000,-17785000,-11999000
2008/02/26,0,18763500,-22338000,-3574500
2008/02/27,0,23482000,-22929552,552448
2008/02/28,0,0,0,0
2008/02/29,0,12657822,-9911626,2746196
2008/03/03,0,11477280,-11725244,-247964
2008/03/04,0,12587860,-6068000,6519860
2008/03/05,0,8522000,-4702000,3820000
2008/03/06,0,8936000,-8516819,419181
2008/03/07,0,4385000,-8290300,-3905300
2008/03/10,0,6050000,-12908000,-6858000
2008/03/11,0,5069000,-10663000,-5594000
2008/03/12,0,5860930,-4833650,1027280
2008/03/13,0,2253000,-10615000,-8362000
2008/03/14,0,7377000,-9918000,-2541000
2008/03/17,0,4712000,-9075000,-4363000
2008/03/18,0,6405000,-6189693,215307
2008/03/19,0,9263030,-3684545,5578485
2008/03/20,0,4292860,-7606579,-3313719
2008/03/21,0,6476125,-2151000,4325125
2008/03/24,0,14127000,-2069000,12058000
2008/03/25,0,11238500,-7254852,3983648
2008/03/26,0,5656000,-4038200,1617800
2008/03/27,0,1425515,-1939000,-513485
2008/03/28,0,7375955,-5574000,1801955
2008/03/31,0,1923870,-2444224,-520354
2008/04/01,0,5484968,-3654000,1830968
2008/04/02,0,15290000,-3824200,11465800
2008/04/03,0,5145000,-11132135,-5987135
2008/04/04,0,0,0,0
2008/04/07,0,4101000,-6901005,-2800005
2008/04/08,0,5741000,-8754378,-3013378
2008/04/09,0,4501000,-6286000,-1785000
2008/04/10,0,3309000,-7274035,-3965035
2008/04/11,0,4099000,-4314336,-215336
2008/04/14,0,8242000,-7285000,957000
2008/04/15,0,1393000,-870000,523000
2008/04/16,0,6424000,-4376140,2047860
2008/04/17,0,14628000,-11436000,3192000
2008/04/18,0,6898480,-11170017,-4271537
2008/04/21,0,9077000,-475000,8602000
2008/04/22,0,7215000,-7807000,-592000
2008/04/23,0,7777000,-7369179,407821
2008/04/24,0,4129000,-5365000,-1236000
2008/04/25,0,3909000,-2736561,1172439
2008/04/28,0,7853000,-5155000,2698000
2008/04/29,0,1064000,-4417973,-3353973
2008/04/30,0,7636000,-3086000,4550000
2008/05/01,0,0,0,0
2008/05/02,0,3496700,-5592000,-2095300
2008/05/05,0,3877000,-7409000,-3532000
2008/05/06,0,7032000,-6236084,795916
2008/05/07,0,14248000,-5674000,8574000
2008/05/08,0,8535000,-13900000,-5365000
2008/05/09,0,4863000,-3270000,1593000
2008/05/12,0,4877000,-1552755,3324245
2008/05/13,0,14776000,-9888923,4887077
2008/05/14,0,14257635,-15025125,-767490
2008/05/15,0,18685000,-10243705,8441295
2008/05/16,0,7516000,-2610625,4905375
2008/05/19,0,15178405,-18374000,-3195595
2008/05/20,0,14886000,-20124196,-5238196
2008/05/21,0,5214000,-7884286,-2670286
2008/05/22,0,8718600,-6018751,2699849
2008/05/23,0,7254000,-11581000,-4327000
2008/05/26,0,8627000,-2622000,6005000
2008/05/27,0,3496000,-2641000,855000
2008/05/28,0,5123000,-6831000,-1708000
2008/05/29,0,21444000,-19226019,2217981
2008/05/30,0,28312727,-31511276,-3198549
2008/06/02,0,6740000,-12242000,-5502000
2008/06/03,0,5256000,-18142759,-12886759
2008/06/04,0,4972835,-12830415,-7857580
2008/06/05,0,4859375,-3590432,1268943
2008/06/06,0,3974000,-2887859,1086141
2008/06/09,0,2651000,-2742000,-91000
2008/06/10,0,4527000,-8650810,-4123810
2008/06/11,0,3908000,-4069500,-161500
2008/06/12,0,4667300,-8049000,-3381700
2008/06/13,0,2747000,-4574150,-1827150
2008/06/16,0,9890000,-7456000,2434000
2008/06/17,0,6888625,-3969150,2919475
2008/06/18,0,2638000,-4302000,-1664000
2008/06/19,0,8331000,-14977000,-6646000
2008/06/20,0,1627807,-3786000,-2158193
2008/06/23,0,4279500,-8017400,-3737900
2008/06/24,0,2535000,-6796000,-4261000
2008/06/25,0,7874000,-3722943,4151057
2008/06/26,0,8120000,-7173491,946509
2008/06/27,0,5166000,-4854000,312000
2008/06/30,0,6209700,-9502892,-3293192
2008/07/01,0,5151000,-2806815,2344185
2008/07/02,0,6361300,-6682730,-321430
2008/07/03,0,5486000,-4686100,799900
2008/07/04,0,10799000,-10028167,770833
2008/07/07,0,6757300,-8572000,-1814700
2008/07/08,0,8283000,-8914000,-631000
2008/07/09,0,15371000,-4853000,10518000
2008/07/10,0,7170000,-2453000,4717000
2008/07/11,0,15489000,-2871000,12618000
2008/07/14,0,3978000,-4152000,-174000
2008/07/15,0,3331600,-3178000,153600
2008/07/16,0,3176560,-3508541,-331981
2008/07/17,0,6471000,-5588488,882512
2008/07/18,0,2444000,-4961000,-2517000
2008/07/21,0,6742000,-4624911,2117089
2008/07/22,0,2895500,-4881000,-1985500
2008/07/23,0,8285000,-7543943,741057
2008/07/24,0,3966000,-7265000,-3299000
2008/07/25,0,2185000,-4342000,-2157000
2008/07/28,0,0,0,0
2008/07/29,0,9344000,-4714000,4630000
2008/07/30,0,7676000,-1949000,5727000
2008/07/31,0,2600000,-1800000,800000
2008/08/01,0,3498000,-1658000,1840000
2008/08/04,0,3501100,-3063000,438100
2008/08/05,0,8280000,-7511745,768255
2008/08/06,0,7645000,-1669000,5976000
2008/08/07,0,1352000,-3788998,-2436998
2008/08/08,0,4494000,-4108700,385300
2008/08/11,0,1463000,-4947000,-3484000
2008/08/12,0,2052000,-7324615,-5272615
2008/08/13,0,3060000,-2942000,118000
2008/08/14,0,4439000,-1838000,2601000
2008/08/15,0,1468000,-4098000,-2630000
2008/08/18,0,1918000,-4385000,-2467000
2008/08/19,0,1764000,-2352000,-588000
2008/08/20,0,4831615,-2805000,2026615
2008/08/21,0,4906000,-6047000,-1141000
2008/08/22,0,3074000,-5715000,-2641000
2008/08/25,0,6188000,-5216780,971220
2008/08/26,0,845000,-6718746,-5873746
2008/08/27,0,11339000,-5208000,6131000
2008/08/28,0,6223000,-7240625,-1017625
2008/08/29,0,3657000,-8381782,-4724782
2008/09/01,0,3708000,-12329000,-8621000
2008/09/02,0,935000,-1127986,-192986
2008/09/03,0,3827000,-1307000,2520000
2008/09/04,0,2678000,-5050500,-2372500
2008/09/05,0,2907000,-3762479,-855479
2008/09/08,0,3239000,-4101000,-862000
2008/09/09,0,4133000,-2451000,1682000
2008/09/10,0,8801000,-13352980,-4551980
2008/09/11,0,5399000,-11362126,-5963126
2008/09/12,0,3025000,-2695291,329709
2008/09/15,0,5987000,-8593000,-2606000
2008/09/16,0,8099000,-14746000,-6647000
2008/09/17,0,8711180,-10470381,-1759201
2008/09/18,0,7228050,-8913412,-1685362
2008/09/19,0,7203035,-9114000,-1910965
2008/09/22,0,14687000,-8180775,6506225
2008/09/23,0,8556945,-4547859,4009086
2008/09/24,0,3731087,-7692709,-3961622
2008/09/25,0,2386785,-2130660,256125
2008/09/26,0,4072000,-5196000,-1124000
2008/09/29,0,0,0,0
2008/09/30,0,9143750,-16379450,-7235700
2008/10/01,0,4447000,-6912000,-2465000
2008/10/02,0,4075585,-2930000,1145585
2008/10/03,0,5669000,-2725305,2943695
2008/10/06,0,3138000,-6063000,-2925000
2008/10/07,0,4041000,-3828000,213000
2008/10/08,0,2766000,-6496544,-3730544
2008/10/09,0,6959000,-5924000,1035000
2008/10/10,0,0,0,0
2008/10/13,0,8439651,-6105060,2334591
2008/10/14,0,4632000,-3351957,1280043
2008/10/15,0,4955245,-6453027,-1497782
2008/10/16,0,361330,-358890,2440
2008/10/17,0,2116000,-11070615,-8954615
2008/10/20,0,3987000,-4340002,-353002
2008/10/21,0,2576000,-10600495,-8024495
2008/10/22,0,3186001,-8240350,-5054349
2008/10/23,0,2077000,-4506730,-2429730
2008/10/24,0,2783503,-3512183,-728680
2008/10/27,0,3124931,-4714782,-1589851
2008/10/28,0,2892151,-9665415,-6773264
2008/10/29,0,2363000,-6417430,-4054430
2008/10/30,0,4466000,-5369414,-903414
2008/10/31,0,4027000,-5016377,-989377
2008/11/03,0,8432000,-8325680,106320
2008/11/04,0,12421000,-5196196,7224804
2008/11/05,0,14256000,-7939890,6316110
2008/11/06,0,1901000,-8929435,-7028435
2008/11/07,0,2457000,-11619235,-9162235
2008/11/10,0,3933000,-7938195,-4005195
2008/11/11,0,2514000,-9702213,-7188213
2008/11/12,0,1996000,-5745591,-3749591
2008/11/13,0,1493000,-3774566,-2281566
2008/11/14,0,4488841,-18269445,-13780604
2008/11/17,0,2441000,-5577000,-3136000
2008/11/18,0,10550000,-15453000,-4903000
2008/11/19,0,8906345,-20365595,-11459250
2008/11/20,0,6195000,-11773000,-5578000
2008/11/21,0,8167000,-10051280,-1884280
2008/11/24,0,4428000,-4854501,-426501
2008/11/25,0,10993000,-12012640,-1019640
2008/11/26,0,7605000,-13159495,-5554495
2008/11/27,0,5368000,-3024692,2343308
2008/11/28,0,5538876,-2945357,2593519
2008/12/01,0,10990125,-5600651,5389474
2008/12/02,0,8350000,-6445000,1905000
2008/12/03,0,13323655,-5431000,7892655
2008/12/04,0,6654000,-5977255,676745
2008/12/05,0,8027880,-6284061,1743819
2008/12/08,0,10030000,-3208645,6821355
2008/12/09,0,10676000,-2978909,7697091
2008/12/10,0,14583000,-2377617,12205383
2008/12/11,0,14171972,-3255612,10916360
2008/12/12,0,3813000,-3017000,796000
2008/12/15,0,4414558,-4573283,-158725
2008/12/16,0,2957000,-6722765,-3765765
2008/12/17,0,13389000,-17456324,-4067324
2008/12/18,0,6259160,-9612435,-3353275
2008/12/19,0,4546000,-13468249,-8922249
2008/12/22,0,7027300,-10920002,-3892702
2008/12/23,0,12630732,-21412374,-8781642
2008/12/24,0,8184000,-14846465,-6662465
2008/12/25,0,340000,-951000,-611000
2008/12/26,0,1337000,-2886000,-1549000
2008/12/29,0,1627000,-1900200,-273200
2008/12/30,0,4297000,-1903630,2393370
2008/12/31,0,2867000,-6072000,-3205000
2009/01/01,0,0,0,0
2009/01/02,0,0,0,0
2009/01/05,0,10742940,-13851028,-3108088
2009/01/06,0,5141092,-2144000,2997092
2009/01/07,0,4764276,-4638000,126276
2009/01/08,0,1275000,-7732866,-6457866
2009/01/09,0,3610000,-10964400,-7354400
2009/01/12,0,1940114,-11590000,-9649886
2009/01/13,0,1133325,-6789000,-5655675
2009/01/14,0,14752806,-23884106,-9131300
2009/01/15,0,6074309,-10903244,-4828935
2009/01/16,0,13178585,-6959370,6219215
2009/01/19,0,2556000,-6276830,-3720830
2009/01/20,0,3490000,-7104000,-3614000
2009/01/21,0,7438100,-3531803,3906297
2009/01/22,0,0,0,0
2009/01/23,0,0,0,0
2009/01/26,0,0,0,0
2009/01/27,0,0,0,0
2009/01/28,0,0,0,0
2009/01/29,0,0,0,0
2009/01/30,0,0,0,0
2009/02/02,0,10656701,-21259609,-10602908
2009/02/03,0,10185000,-17804136,-7619136
2009/02/04,0,20225374,-8889493,11335881
2009/02/05,0,6055000,-4196785,1858215
2009/02/06,0,9032920,-2619880,6413040
2009/02/09,0,3729825,-5603287,-1873462
2009/02/10,0,3441985,-5941500,-2499515
2009/02/11,0,2311660,-1232660,1079000
2009/02/12,0,1925000,-4738001,-2813001
2009/02/13,0,6169000,-3512607,2656393
2009/02/16,0,2278000,-2527000,-249000
2009/02/17,0,4230000,-2773488,1456512
2009/02/18,0,7410000,-5378000,2032000
2009/02/19,0,4218000,-15929037,-11711037
2009/02/20,0,2556000,-13193679,-10637679
2009/02/23,0,9579000,-2842695,6736305
2009/02/24,0,1290000,-5249015,-3959015
2009/02/25,0,5712000,-5205595,506405
2009/02/26,0,6639076,-4366658,2272418
2009/02/27,0,10227467,-5746742,4480725
2009/03/02,0,3105621,-10150473,-7044852
2009/03/03,0,2422000,-3198375,-776375
2009/03/04,0,15968000,-16056336,-88336
2009/03/05,0,11208000,-8718618,2489382
2009/03/06,0,8444000,-5531642,2912358
2009/03/09,0,4774000,-9039703,-4265703
2009/03/10,0,16006000,-14266218,1739782
2009/03/11,0,15275708,-9093290,6182418
2009/03/12,0,4950000,-19821355,-14871355
2009/03/13,0,12144000,-6786000,5358000
2009/03/16,0,4937250,-7461000,-2523750
2009/03/17,0,9855522,-8932722,922800
2009/03/18,0,24439000,-9905100,14533900
2009/03/19,0,9402000,-5577000,3825000
2009/03/20,0,5388900,-12928365,-7539465
2009/03/23,0,11915000,-3171000,8744000
2009/03/24,0,16567000,-3897215,12669785
2009/03/25,0,34163000,-30416670,3746330
2009/03/26,0,10697000,-28023300,-17326300
2009/03/27,0,2231000,-1769000,462000
2009/03/30,0,4940000,-4386000,554000
2009/03/31,0,9851500,-4888086,4963414
2009/04/01,0,8682000,-13168414,-4486414
2009/04/02,0,13716800,-5495619,8221181
2009/04/03,0,7267000,-17097001,-9830001
2009/04/06,0,20157000,-15009385,5147615
2009/04/07,0,6327000,-9560017,-3233017
2009/04/08,0,12651680,-9661000,2990680
2009/04/09,0,11635442,-5804879,5830563
2009/04/10,0,3608000,-2548000,1060000
2009/04/13,0,2820000,-4864000,-2044000
2009/04/14,0,14544445,-6836650,7707795
2009/04/15,0,9160000,-7813178,1346822
2009/04/16,0,21923000,-15899947,6023053
2009/04/17,0,17869745,-8983000,8886745
2009/04/20,0,8222000,-8449085,-227085
2009/04/21,0,7661695,-3989000,3672695
2009/04/22,0,453000,-6590256,-6137256
2009/04/23,0,5602500,-3508975,2093525
2009/04/24,0,3328000,-17953756,-14625756
2009/04/27,0,9276573,-4764746,4511827
2009/04/28,0,9442000,-7473185,1968815
2009/04/29,0,9611516,-5432000,4179516
2009/04/30,0,15119990,-4199801,10920189
2009/05/01,0,0,0,0
2009/05/04,0,16927765,-13447410,3480355
2009/05/05,0,24541000,-7151610,17389390
2009/05/06,0,20302000,-8879500,11422500
2009/05/07,0,15189000,-11614000,3575000
2009/05/08,0,13047530,-7470551,5576979
2009/05/11,0,4947000,-10354615,-5407615
2009/05/12,0,5917000,-5979303,-62303
2009/05/13,0,9724000,-2116035,7607965
2009/05/14,0,3338000,-9242741,-5904741
2009/05/15,0,5965000,-6025000,-60000
2009/05/18,0,2944000,-3973000,-1029000
2009/05/19,0,6444000,-1705967,4738033
2009/05/20,0,7131200,-3640200,3491000
2009/05/21,0,11813760,-8622000,3191760
2009/05/22,0,2051000,-8465780,-6414780
2009/05/25,0,1052000,-5318346,-4266346
2009/05/26,0,5223000,-12420000,-7197000
2009/05/27,0,12858216,-18359714,-5501498
2009/05/28,0,0,0,0
2009/05/29,0,0,0,0
2009/06/01,0,11179000,-10618000,561000
2009/06/02,0,15792325,-14228387,1563938
2009/06/03,0,8117000,-12463932,-4346932
2009/06/04,0,5218000,-7105000,-1887000
2009/06/05,0,7171402,-10023000,-2851598
2009/06/08,0,3826000,-11899015,-8073015
2009/06/09,0,7383750,-7573883,-190133
2009/06/10,0,8441000,-17070915,-8629915
2009/06/11,0,11995000,-17974536,-5979536
2009/06/12,0,14377000,-27867115,-13490115
2009/06/15,0,10163000,-6917948,3245052
2009/06/16,0,3238000,-5581470,-2343470
2009/06/17,0,11838000,-12103625,-265625
2009/06/18,0,8280000,-13187305,-4907305
2009/06/19,0,13496000,-4699170,8796830
2009/06/22,0,12963465,-7587649,5375816
2009/06/23,0,6691100,-6132000,559100
2009/06/24,0,14739618,-6725070,8014548
2009/06/25,0,3594000,-7072748,-3478748
2009/06/26,0,5363000,-1787000,3576000
2009/06/29,0,6105250,-13243667,-7138417
2009/06/30,0,9567000,-3295820,6271180
2009/07/01,0,10149000,-5457210,4691790
2009/07/02,0,8692000,-2867475,5824525
2009/07/03,0,2483000,-5376988,-2893988
2009/07/06,0,3602000,-3277100,324900
2009/07/07,0,10893313,-6294543,4598770
2009/07/08,0,8223000,-3212110,5010890
2009/07/09,0,13808600,-1601800,12206800
2009/07/10,0,2193000,-5139002,-2946002
2009/07/13,0,1818000,-6776000,-4958000
2009/07/14,0,5062200,-8752345,-3690145
2009/07/15,0,3425000,-5389000,-1964000
2009/07/16,0,23011000,-7233000,15778000
2009/07/17,0,8758000,-17895124,-9137124
2009/07/20,0,6337000,-5311391,1025609
2009/07/21,0,18814000,-2309000,16505000
2009/07/22,0,9568000,-5307848,4260152
2009/07/23,0,14333000,-4137049,10195951
2009/07/24,0,17548000,-5577000,11971000
2009/07/27,0,10689040,-5028145,5660895
2009/07/28,0,12669000,-907000,11762000
2009/07/29,0,6808398,-3377210,3431188
2009/07/30,0,5302000,-4539018,762982
2009/07/31,0,10105000,-9324775,780225
2009/08/03,0,2752000,-6497000,-3745000
2009/08/04,0,1827000,-6159237,-4332237
2009/08/05,0,7627000,-9266113,-1639113
2009/08/06,0,6366700,-5427887,938813
2009/08/07,0,0,0,0
2009/08/10,0,9524000,-8807445,716555
2009/08/11,0,2404676,-10262675,-7857999
2009/08/12,0,4608000,-4449800,158200
2009/08/13,0,5748150,-5619000,129150
2009/08/14,0,3222000,-12078518,-8856518
2009/08/17,0,14427000,-13483000,944000
2009/08/18,0,14599000,-10876000,3723000
2009/08/19,0,3068000,-1430161,1637839
2009/08/20,0,13357586,-11805982,1551604
2009/08/21,0,7386000,-10600875,-3214875
2009/08/24,0,6181000,-5185507,995493
2009/08/25,0,11519000,-15921592,-4402592
2009/08/26,0,16722010,-4001000,12721010
2009/08/27,0,13192000,-3747000,9445000
2009/08/28,0,14758200,-3689115,11069085
2009/08/31,0,13709820,-5539152,8170668
2009/09/01,0,5704190,-4126106,1578084
2009/09/02,0,2602195,-3254000,-651805
2009/09/03,0,22545400,-11916000,10629400
2009/09/04,0,42496000,-15465000,27031000
2009/09/07,0,12807000,-14268000,-1461000
2009/09/08,0,13339000,-5699000,7640000
2009/09/09,0,19085000,-13135435,5949565
2009/09/10,0,17812000,-14021774,3790226
2009/09/11,0,6917000,-4178354,2738646
2009/09/14,0,3947000,-2892000,1055000
2009/09/15,0,5678717,-3260000,2418717
2009/09/16,0,6811023,-3983900,2827123
2009/09/17,0,9335000,-3756268,5578732
2009/09/18,0,17527000,-10495000,7032000
2009/09/21,0,5765000,-8804715,-3039715
2009/09/22,0,3861000,-2280000,1581000
2009/09/23,0,2164000,-8931906,-6767906
2009/09/24,0,2405000,-9564000,-7159000
2009/09/25,0,7048143,-11452410,-4404267
2009/09/28,0,2675000,-7786000,-5111000
2009/09/29,0,15107555,-13550626,1556929
2009/09/30,0,31420700,-33693906,-2273206
2009/10/01,0,4628000,-20652330,-16024330
2009/10/02,0,24165000,-25409185,-1244185
2009/10/05,0,36449699,-29764164,6685535
2009/10/06,0,38623813,-15314720,23309093
2009/10/07,0,11985862,-5831965,6153897
2009/10/08,0,8617619,-7933962,683657
2009/10/09,0,7220770,-7177000,43770
2009/10/12,0,6026930,-6566215,-539285
2009/10/13,0,7166740,-6719176,447564
2009/10/14,0,9576000,-7898437,1677563
2009/10/15,0,14214715,-4144605,10070110
2009/10/16,0,26533000,-6040018,20492982
2009/10/19,0,9115000,-7726110,1388890
2009/10/20,0,5508624,-5505269,3355
2009/10/21,0,4463000,-7665336,-3202336
2009/10/22,0,5644000,-12940033,-7296033
2009/10/23,0,8871994,-14110485,-5238491
2009/10/26,0,5104000,-4618815,485185
2009/10/27,0,8468297,-10697310,-2229013
2009/10/28,0,8316000,-18914037,-10598037
2009/10/29,0,10359000,-11151882,-792882
2009/10/30,0,27864855,-14537763,13327092
2009/11/02,0,2412000,-8834504,-6422504
2009/11/03,0,1346000,-7748120,-6402120
2009/11/04,0,4402345,-7627855,-3225510
2009/11/05,0,4458170,-9517180,-5059010
2009/11/06,0,8706000,-3471577,5234423
2009/11/09,0,8532550,-5891000,2641550
2009/11/10,0,13593550,-6237600,7355950
2009/11/11,0,25486600,-4893050,20593550
2009/11/12,0,11775086,-3420002,8355084
2009/11/13,0,5186600,-6070032,-883432
2009/11/16,0,14496850,-2447386,12049464
2009/11/17,0,17553065,-3251000,14302065
2009/11/18,0,11548430,-9776445,1771985
2009/11/19,0,5731669,-5084610,647059
2009/11/20,0,5078180,-8819377,-3741197
2009/11/23,0,2806180,-4683385,-1877205
2009/11/24,0,1654273,-2880197,-1225924
2009/11/25,0,13117549,-9393141,3724408
2009/11/26,0,17052000,-3297895,13754105
2009/11/27,0,13165000,-11530330,1634670
2009/11/30,0,2631283,-4973926,-2342643
2009/12/01,0,4040000,-3887024,152976
2009/12/02,0,3899634,-2334197,1565437
2009/12/03,0,7581330,-4001785,3579545
2009/12/04,0,6685883,-5928561,757322
2009/12/07,0,7394417,-7639000,-244583
2009/12/08,0,8528104,-5030800,3497304
2009/12/09,0,8116779,-3420564,4696215
2009/12/10,0,6266000,-8095931,-1829931
2009/12/11,0,15400000,-6265606,9134394
2009/12/14,0,4973000,-7363970,-2390970
2009/12/15,0,33451000,-20145490,13305510
2009/12/16,0,8394000,-13692470,-5298470
2009/12/17,0,7262070,-11308152,-4046082
2009/12/18,0,2531000,-5540318,-3009318
2009/12/21,0,4775000,-3606770,1168230
2009/12/22,0,4535000,-2231000,2304000
2009/12/23,0,6113000,-2609586,3503414
2009/12/24,0,6279000,-3417900,2861100
2009/12/25,0,1362000,-103000,1259000
2009/12/28,0,4201000,-6302120,-2101120
2009/12/29,0,2303000,-4029095,-1726095
2009/12/30,0,5493000,-3598410,1894590
2009/12/31,0,6342000,-919000,5423000
2010/01/01,0,0,0,0
2010/01/04,0,2827000,-2483762,343238
2010/01/05,0,6732000,-8068945,-1336945
2010/01/06,0,10982200,-14647000,-3664800
2010/01/07,0,8410045,-17794912,-9384867
2010/01/08,0,5471420,-9097475,-3626055
2010/01/11,0,5527200,-3826160,1701040
2010/01/12,0,4725229,-8576228,-3850999
2010/01/13,0,7870001,-4332025,3537976
2010/01/14,0,21360000,-10258920,11101080
2010/01/15,0,13407000,-12188137,1218863
2010/01/18,0,7471000,-6341750,1129250
2010/01/19,0,9675254,-4855022,4820232
2010/01/20,0,13180250,-19166412,-5986162
2010/01/21,0,23985000,-36532656,-12547656
2010/01/22,0,10202000,-19196900,-8994900
2010/01/25,0,19615730,-20117200,-501470
2010/01/26,0,13723495,-23289844,-9566349
2010/01/27,0,11969000,-12452213,-483213
2010/01/28,0,18319812,-23128217,-4808405
2010/01/29,0,13919035,-16142863,-2223828
2010/02/01,0,16907788,-13423148,3484640
2010/02/02,0,31434000,-30565088,868912
2010/02/03,0,13972130,-5829477,8142653
2010/02/04,0,14279100,-9907447,4371653
2010/02/05,0,16906100,-32348380,-15442280
2010/02/08,0,15556400,-23323095,-7766695
2010/02/09,0,35234561,-25339046,9895515
2010/02/10,0,16014000,-8927892,7086108
2010/02/11,0,0,0,0
2010/02/12,0,0,0,0
2010/02/15,0,0,0,0
2010/02/16,0,0,0,0
2010/02/17,0,0,0,0
2010/02/18,0,0,0,0
2010/02/19,0,0,0,0
2010/02/22,0,26010100,-18211222,7798878
2010/02/23,0,24989532,-28320332,-3330800
2010/02/24,0,14434700,-16987285,-2552585
2010/02/25,0,21615830,-13199750,8416080
2010/02/26,0,9136055,-5604800,3531255
2010/03/01,0,15677000,-12633246,3043754
2010/03/02,0,21435000,-11702900,9732100
2010/03/03,0,11796000,-16753927,-4957927
2010/03/04,0,16629675,-13860782,2768893
2010/03/05,0,12626000,-4417310,8208690
2010/03/08,0,22309000,-27275960,-4966960
2010/03/09,0,8982790,-11110549,-2127759
2010/03/10,0,5409339,-19661078,-14251739
2010/03/11,0,8561000,-41429878,-32868878
2010/03/12,0,6969000,-41233174,-34264174
2010/03/15,0,7211799,-12053679,-4841880
2010/03/16,0,4369001,-19276476,-14907475
2010/03/17,0,19593167,-26985135,-7391968
2010/03/18,0,19957100,-12643730,7313370
2010/03/19,0,5202000,-15213015,-10011015
2010/03/22,0,3616167,-24991540,-21375373
2010/03/23,0,9418000,-23391300,-13973300
2010/03/24,0,19325930,-26555642,-7229712
2010/03/25,0,15945590,-52322431,-36376841
2010/03/26,0,27579000,-35709094,-8130094
2010/03/29,0,25402000,-25776640,-374640
2010/03/30,0,15402000,-17626247,-2224247
2010/03/31,0,11391400,-16261134,-4869734
2010/04/01,0,18154000,-22992040,-4838040
2010/04/02,0,9476000,-12335500,-2859500
2010/04/05,0,0,0,0
2010/04/06,0,14526000,-13070539,1455461
2010/04/07,0,5404620,-7747933,-2343313
2010/04/08,0,11750000,-12023915,-273915
2010/04/09,0,11274000,-24628830,-13354830
2010/04/12,0,6486030,-24313010,-17826980
2010/04/13,0,26900000,-28540903,-1640903
2010/04/14,0,15435998,-27432681,-11996683
2010/04/15,0,9071100,-20463553,-11392453
2010/04/16,0,55406120,-57179700,-1773580
2010/04/19,0,20387000,-15278358,5108642
2010/04/20,0,19567195,-29037450,-9470255
2010/04/21,0,37841000,-21593620,16247380
2010/04/22,0,67186511,-27409066,39777445
2010/04/23,0,42193200,-26505933,15687267
2010/04/26,0,31551000,-8252490,23298510
2010/04/27,0,26277299,-13871260,12406039
2010/04/28,0,16811682,-16055816,755866
2010/04/29,0,26660361,-12919371,13740990
2010/04/30,0,19590999,-5028221,14562778
2010/05/03,0,15824705,-14736856,1087849
2010/05/04,0,32279000,-7758952,24520048
2010/05/05,0,16643875,-17831070,-1187195
2010/05/06,0,19879397,-31838365,-11958968
2010/05/07,0,26146160,-34981516,-8835356
2010/05/10,0,14195020,-20477598,-6282578
2010/05/11,0,38722000,-33130572,5591428
2010/05/12,0,12006689,-14830365,-2823676
2010/05/13,0,30256580,-25181423,5075157
2010/05/14,0,13520855,-11919870,1600985
2010/05/17,0,15583092,-17522000,-1938908
2010/05/18,0,20720000,-22661747,-1941747
2010/05/19,0,8334002,-9259185,-925183
2010/05/20,0,9912000,-5877800,4034200
2010/05/21,0,7546000,-14465720,-6919720
2010/05/24,0,8985000,-13486346,-4501346
2010/05/25,0,17356644,-20446609,-3089965
2010/05/26,0,15375000,-25090938,-9715938
2010/05/27,0,11355446,-8995630,2359816
2010/05/28,0,20306000,-10059561,10246439
2010/05/31,0,9532000,-6040000,3492000
2010/06/01,0,3400000,-8516000,-5116000
2010/06/02,0,22085790,-23621357,-1535567
2010/06/03,0,14377000,-10319661,4057339
2010/06/04,0,11390000,-9493550,1896450
2010/06/07,0,7450427,-10565654,-3115227
2010/06/08,0,12517000,-9198879,3318121
2010/06/09,0,7410000,-9399368,-1989368
2010/06/10,0,6677000,-6291700,385300
2010/06/11,0,7632453,-14263570,-6631117
2010/06/14,0,4957753,-3418244,1539509
2010/06/15,0,7504127,-4880039,2624088
2010/06/16,0,0,0,0
2010/06/17,0,11330912,-10078337,1252575
2010/06/18,0,11342034,-7990539,3351495
2010/06/21,0,19235504,-5132798,14102706
2010/06/22,0,9328782,-2336103,6992679
2010/06/23,0,2333758,-8299829,-5966071
2010/06/24,0,3899000,-2738068,1160932
2010/06/25,0,2682912,-7966763,-5283851
2010/06/28,0,3993750,-5437195,-1443445
2010/06/29,0,6574557,-8105457,-1530900
2010/06/30,0,7536000,-7236454,299546
2010/07/01,0,3530402,-14260822,-10730420
2010/07/02,0,2436000,-6670770,-4234770
2010/07/05,0,5267079,-4882001,385078
2010/07/06,0,4331000,-7895989,-3564989
2010/07/07,0,11304419,-6205100,5099319
2010/07/08,0,9804000,-10134699,-330699
2010/07/09,0,7859000,-4427492,3431508
2010/07/12,0,7997635,-6117112,1880523
2010/07/13,0,1641000,-6150873,-4509873
2010/07/14,0,11268695,-2001731,9266964
2010/07/15,0,3878265,-2665083,1213182
2010/07/16,0,3957371,-2678930,1278441
2010/07/19,0,4609000,-3991000,618000
2010/07/20,0,3954542,-2287000,1667542
2010/07/21,0,3372000,-4437000,-1065000
2010/07/22,0,10409000,-14346222,-3937222
2010/07/23,0,13692115,-12995115,697000
2010/07/26,0,8583070,-4769565,3813505
2010/07/27,0,15188145,-10072546,5115599
2010/07/28,0,3897400,-1918000,1979400
2010/07/29,0,11013000,-4414435,6598565
2010/07/30,0,4357815,-6475517,-2117702
2010/08/02,0,9912000,-4025263,5886737
2010/08/03,0,4757000,-9129151,-4372151
2010/08/04,0,3839000,-9794000,-5955000
2010/08/05,0,4505000,-15114000,-10609000
2010/08/06,0,5886000,-17173717,-11287717
2010/08/09,0,2552000,-7100122,-4548122
2010/08/10,0,14121000,-19483000,-5362000
2010/08/11,0,11019000,-20298258,-9279258
2010/08/12,0,8118000,-16897364,-8779364
2010/08/13,0,15349547,-9846238,5503309
2010/08/16,0,3193000,-6827110,-3634110
2010/08/17,0,2865000,-4343510,-1478510
2010/08/18,0,19249230,-10076000,9173230
2010/08/19,0,6801514,-12613857,-5812343
2010/08/20,0,985000,-8571660,-7586660
2010/08/23,0,3718000,-2116000,1602000
2010/08/24,0,2887080,-6874156,-3987076
2010/08/25,0,6970000,-20097560,-13127560
2010/08/26,0,2440000,-7670342,-5230342
2010/08/27,0,2571500,-5646861,-3075361
2010/08/30,0,2994090,-2890000,104090
2010/08/31,0,18649000,-16836836,1812164
2010/09/01,0,11700000,-18750811,-7050811
2010/09/02,0,6009685,-6781345,-771660
2010/09/03,0,7177000,-5742947,1434053
2010/09/06,0,8136100,-3129000,5007100
2010/09/07,0,6542339,-12025475,-5483136
2010/09/08,0,5558250,-12796639,-7238389
2010/09/09,0,9380973,-5913102,3467871
2010/09/10,0,3444560,-6163155,-2718595
2010/09/13,0,14235917,-5400735,8835182
2010/09/14,0,10896982,-5054000,5842982
2010/09/15,0,16671296,-1815055,14856241
2010/09/16,0,4467000,-1707000,2760000
2010/09/17,0,8491676,-6463227,2028449
2010/09/20,0,1760000,-1863700,-103700
2010/09/21,0,10209190,-6185749,4023441
2010/09/22,0,0,0,0
2010/09/23,0,8831534,-5351845,3479689
2010/09/24,0,7127790,-13795390,-6667600
2010/09/27,0,4162680,-26164006,-22001326
2010/09/28,0,5202900,-10392695,-5189795
2010/09/29,0,8902000,-9955815,-1053815
2010/09/30,0,3747000,-3975618,-228618
2010/10/01,0,8599584,-410457,8189127
2010/10/04,0,4417230,-1899828,2517402
2010/10/05,0,4699906,-18643733,-13943827
2010/10/06,0,10079303,-22681895,-12602592
2010/10/07,0,4161190,-18532158,-14370968
2010/10/08,0,9855420,-15650485,-5795065
2010/10/11,0,15642140,-16394611,-752471
2010/10/12,0,14731379,-19610434,-4879055
2010/10/13,0,11614580,-5243517,6371063
2010/10/14,0,10528230,-6714089,3814141
2010/10/15,0,5449430,-206789,5242641
2010/10/18,0,12696432,-9891665,2804767
2010/10/19,0,18028000,-13797262,4230738
2010/10/20,0,22341373,-15365000,6976373
2010/10/21,0,4949620,-6904000,-1954380
2010/10/22,0,5017134,-4530000,487134
2010/10/25,0,10594000,-4403044,6190956
2010/10/26,0,13644763,-6567891,7076872
2010/10/27,0,11469610,-5268804,6200806
2010/10/28,0,26703577,-9161598,17541979
2010/10/29,0,15631000,-6863081,8767919
2010/11/01,0,11536302,-2401768,9134534
2010/11/02,0,10768750,-10324267,444483
2010/11/03,0,15785000,-11870876,3914124
2010/11/04,0,4891142,-5363212,-472070
2010/11/05,0,8145355,-7116416,1028939
2010/11/08,0,8656307,-3955439,4700868
2010/11/09,0,8409500,-7372985,1036515
2010/11/10,0,11518195,-15682340,-4164145
2010/11/11,0,11716000,-16529558,-4813558
2010/11/12,0,4809000,-4599326,209674
2010/11/15,0,3113140,-3410099,-296959
2010/11/16,0,7589543,-4907271,2682272
2010/11/17,0,1802430,-5303337,-3500907
2010/11/18,0,2665000,-2759711,-94711
2010/11/19,0,664180,-4199004,-3534824
2010/11/22,0,2733860,-407578,2326282
2010/11/23,0,3244080,-4158238,-914158
2010/11/24,0,2136870,-2700477,-563607
2010/11/25,0,738811,-2101000,-1362189
2010/11/26,0,3507000,-5976885,-2469885
2010/11/29,0,1543000,-10285376,-8742376
2010/11/30,0,3879336,-14846096,-10966760
2010/12/01,0,6669013,-5182216,1486797
2010/12/02,0,6590718,-6382080,208638
2010/12/03,0,3188000,-1175000,2013000
2010/12/06,0,5774000,-3748000,2026000
2010/12/07,0,4685900,-2521000,2164900
2010/12/08,0,11265700,-1913000,9352700
2010/12/09,0,4136961,-7841747,-3704786
2010/12/10,0,1808589,-6045223,-4236634
2010/12/13,0,5768000,-7457001,-1689001
2010/12/14,0,7708025,-5728477,1979548
2010/12/15,0,4573500,-5224546,-651046
2010/12/16,0,8549800,-8285964,263836
2010/12/17,0,3010840,-5736734,-2725894
2010/12/20,0,2917464,-2185584,731880
2010/12/21,0,1583660,-868144,715516
2010/12/22,0,3832513,-948510,2884003
2010/12/23,0,3706056,-1191000,2515056
2010/12/24,0,1919000,-100000,1819000
2010/12/27,0,1633000,-308000,1325000
2010/12/28,0,3235880,-1757676,1478204
2010/12/29,0,2039980,-913000,1126980
2010/12/30,0,3774000,-6109558,-2335558
2010/12/31,0,2177000,-2125257,51743
2011/01/03,0,1799522,-473000,1326522
2011/01/04,0,3184000,-5709703,-2525703
2011/01/05,0,5579284,-13157877,-7578593
2011/01/06,0,6072216,-19439687,-13367471
2011/01/07,0,4038000,-21076485,-17038485
2011/01/10,0,5230000,-9705607,-4475607
2011/01/11,0,8825000,-4180000,4645000
2011/01/12,0,5773684,-2678065,3095619
2011/01/13,0,4137372,-3323905,813467
2011/01/14,0,5637000,-3185688,2451312
2011/01/17,0,2615333,-2718000,-102667
2011/01/18,0,4930720,-5588860,-658140
2011/01/19,0,3058000,-3877000,-819000
2011/01/20,0,3669631,-2511726,1157905
2011/01/21,0,1960098,-3583401,-1623303
2011/01/24,0,3249000,-1734639,1514361
2011/01/25,0,1633000,-3243860,-1610860
2011/01/26,0,2068000,-4155090,-2087090
2011/01/27,0,6710000,-2885840,3824160
2011/01/28,0,9021430,-7726006,1295424
2011/01/31,0,0,0,0
2011/02/01,0,0,0,0
2011/02/02,0,0,0,0
2011/02/03,0,0,0,0
2011/02/04,0,0,0,0
2011/02/07,0,0,0,0
2011/02/08,0,8425105,-17353208,-8928103
2011/02/09,0,21470274,-21899181,-428907
2011/02/10,0,10487000,-18200149,-7713149
2011/02/11,0,11378800,-19083557,-7704757
2011/02/14,0,4063000,-6141796,-2078796
2011/02/15,0,6123000,-3912896,2210104
2011/02/16,0,3127750,-3067673,60077
2011/02/17,0,5794000,-7485017,-1691017
2011/02/18,0,7793000,-9450058,-1657058
2011/02/21,0,5768000,-6275000,-507000
2011/02/22,0,12122000,-19410781,-7288781
2011/02/23,0,10833086,-20166107,-9333021
2011/02/24,0,20090849,-36295902,-16205053
2011/02/25,0,12528000,-21697056,-9169056
2011/02/28,0,0,0,0
2011/03/01,0,7834000,-12680030,-4846030
2011/03/02,0,11802849,-21762886,-9960037
2011/03/03,0,6743000,-11956234,-5213234
2011/03/04,0,3690018,-9453553,-5763535
2011/03/07,0,1806000,-11417341,-9611341
2011/03/08,0,13144000,-2500690,10643310
2011/03/09,0,1191836,-3483187,-2291351
2011/03/10,0,5761000,-8434580,-2673580
2011/03/11,0,3967000,-28624291,-24657291
2011/03/14,0,3756000,-3340000,416000
2011/03/15,0,3727000,-3714524,12476
2011/03/16,0,5938250,-7728900,-1790650
2011/03/17,0,5241000,-4093002,1147998
2011/03/18,0,6681000,-8049112,-1368112
2011/03/21,0,1121000,-2665874,-1544874
2011/03/22,0,1913597,-3796359,-1882762
2011/03/23,0,3494000,-5484892,-1990892
2011/03/24,0,1387000,-3857395,-2470395
2011/03/25,0,4214000,-3870000,344000
2011/03/28,0,3941000,-18396528,-14455528
2011/03/29,0,11078000,-27084683,-16006683
2011/03/30,0,13189551,-28436289,-15246738
2011/03/31,0,12566581,-39780999,-27214418
2011/04/01,0,6992923,-30856216,-23863293
2011/04/04,0,0,0,0
2011/04/05,0,0,0,0
2011/04/06,0,18071859,-35481281,-17409422
2011/04/07,0,6509224,-28000275,-21491051
2011/04/08,0,16019347,-12876202,3143145
2011/04/11,0,9048739,-3092887,5955852
2011/04/12,0,5917136,-3306000,2611136
2011/04/13,0,3974000,-2109996,1864004
2011/04/14,0,6480000,-3857471,2622529
2011/04/15,0,5740000,-2373000,3367000
2011/04/18,0,4560000,-1006640,3553360
2011/04/19,0,4311588,-3576000,735588
2011/04/20,0,9993774,-13754837,-3761063
2011/04/21,0,7963634,-4373000,3590634
2011/04/22,0,2316000,-1264104,1051896
2011/04/25,0,965000,-1026919,-61919
2011/04/26,0,3569341,-4282847,-713506
2011/04/27,0,9911102,-7377272,2533830
2011/04/28,0,13275853,-2859013,10416840
2011/04/29,0,7434555,-3230713,4203842
2011/05/02,0,0,0,0
2011/05/03,0,7137733,-2382630,4755103
2011/05/04,0,6398000,-4826145,1571855
2011/05/05,0,3547000,-4107091,-560091
2011/05/06,0,5323393,-2254404,3068989
2011/05/09,0,11597000,-4695000,6902000
2011/05/10,0,4829000,-3354012,1474988
2011/05/11,0,8685000,-4568246,4116754
2011/05/12,0,6906200,-4660200,2246000
2011/05/13,0,7186000,-3627000,3559000
2011/05/16,0,3678000,-2856000,822000
2011/05/17,0,3375000,-5293000,-1918000
2011/05/18,0,11254000,-5579000,5675000
2011/05/19,0,8701855,-5478843,3223012
2011/05/20,0,6449000,-3454732,2994268
2011/05/23,0,4313000,-3835000,478000
2011/05/24,0,10206000,-7764618,2441382
2011/05/25,0,8612888,-13829440,-5216552
2011/05/26,0,3415744,-1915034,1500710
2011/05/27,0,3732000,-543500,3188500
2011/05/30,0,5916000,-3598000,2318000
2011/05/31,0,8366000,-5869987,2496013
2011/06/01,0,5937500,-2437472,3500028
2011/06/02,0,9520000,-5702000,3818000
2011/06/03,0,4109000,-2457842,1651158
2011/06/06,0,0,0,0
2011/06/07,0,4759000,-2721595,2037405
2011/06/08,0,8016000,-4590417,3425583
2011/06/09,0,5974000,-4095786,1878214
2011/06/10,0,2227482,-2400473,-172991
2011/06/13,0,4042000,-3019355,1022645
2011/06/14,0,3366000,-1281000,2085000
2011/06/15,0,13902000,-4916000,8986000
2011/06/16,0,4356556,-5410688,-1054132
2011/06/17,0,8985068,-7186168,1798900
2011/06/20,0,6927291,-4227375,2699916
2011/06/21,0,6257256,-7025043,-767787
2011/06/22,0,6319000,-4782701,1536299
2011/06/23,0,4318494,-3908438,410056
2011/06/24,0,5593000,-3060259,2532741
2011/06/27,0,5182000,-1761967,3420033
2011/06/28,0,3237000,-3386319,-149319
2011/06/29,0,8371000,-6028088,2342912
2011/06/30,0,7327000,-3648343,3678657
2011/07/01,0,5529225,-3960005,1569220
2011/07/04,0,972109,-1349617,-377508
2011/07/05,0,2028752,-1729000,299752
2011/07/06,0,1417360,-920000,497360
2011/07/07,0,2931371,-2807012,124359
2011/07/08,0,6401708,-5524979,876729
2011/07/11,0,3427083,-1576000,1851083
2011/07/12,0,1928101,-2439022,-510921
2011/07/13,0,2333483,-4455000,-2121517
2011/07/14,0,1327590,-2471453,-1143863
2011/07/15,0,2914620,-2818020,96600
2011/07/18,0,788673,-2740576,-1951903
2011/07/19,0,2290000,-1540700,749300
2011/07/20,0,13322100,-3377821,9944279
2011/07/21,0,9151597,-3523386,5628211
2011/07/22,0,7233190,-3257000,3976190
2011/07/25,0,3445248,-654708,2790540
2011/07/26,0,2885570,-3244326,-358756
2011/07/27,0,5428351,-304000,5124351
2011/07/28,0,3023246,-1716004,1307242
2011/07/29,0,5454243,-1321047,4133196
2011/08/01,0,12840405,-3438000,9402405
2011/08/02,0,10893189,-4563000,6330189
2011/08/03,0,3602134,-2966500,635634
2011/08/04,0,3666526,-2864500,802026
2011/08/05,0,7830316,-6585375,1244941
2011/08/08,0,6819851,-18529759,-11709908
2011/08/09,0,6714129,-19479388,-12765259
2011/08/10,0,12662000,-11887480,774520
2011/08/11,0,12553000,-10626000,1927000
2011/08/12,0,6113000,-9980463,-3867463
2011/08/15,0,4399540,-3970000,429540
2011/08/16,0,4052000,-7105000,-3053000
2011/08/17,0,10779541,-16269449,-5489908
2011/08/18,0,5796686,-13578000,-7781314
2011/08/19,0,3219390,-7606000,-4386610
2011/08/22,0,6513674,-3710372,2803302
2011/08/23,0,5900000,-3082410,2817590
2011/08/24,0,3803253,-11336283,-7533030
2011/08/25,0,5586280,-9652399,-4066119
2011/08/26,0,4560007,-4108936,451071
2011/08/29,0,5816000,-1564772,4251228
2011/08/30,0,8228206,-3922950,4305256
2011/08/31,0,11120609,-3532848,7587761
2011/09/01,0,9936539,-8686558,1249981
2011/09/02,0,6132241,-6536583,-404342
2011/09/05,0,2497000,-6700657,-4203657
2011/09/06,0,2949310,-5573673,-2624363
2011/09/07,0,1954000,-2267556,-313556
2011/09/08,0,3419163,-3417000,2163
2011/09/09,0,5124000,-3523571,1600429
2011/09/12,0,0,0,0
2011/09/13,0,4331378,-4035445,295933
2011/09/14,0,4084819,-4285680,-200861
2011/09/15,0,7103000,-4934625,2168375
2011/09/16,0,9304000,-6117843,3186157
2011/09/19,0,2728210,-1341000,1387210
2011/09/20,0,7570848,-4285000,3285848
2011/09/21,0,6880653,-2494973,4385680
2011/09/22,0,6339142,-7207839,-868697
2011/09/23,0,12776217,-12650270,125947
2011/09/26,0,7503818,-11057000,-3553182
2011/09/27,0,13378698,-9559000,3819698
2011/09/28,0,6382800,-8590209,-2207409
2011/09/29,0,6238168,-20944000,-14705832
2011/09/30,0,6471000,-11491000,-5020000
2011/10/03,0,2995464,-12745674,-9750210
2011/10/04,0,5186000,-10814000,-5628000
2011/10/05,0,8453000,-8990927,-537927
2011/10/06,0,6604000,-5482000,1122000
2011/10/07,0,8083000,-8847000,-764000
2011/10/10,0,0,0,0
2011/10/11,0,17396000,-15664722,1731278
2011/10/12,0,5328000,-6723715,-1395715
2011/10/13,0,2673552,-3554000,-880448
2011/10/14,0,11044393,-11171594,-127201
2011/10/17,0,4129474,-9982829,-5853355
2011/10/18,0,5326087,-7567133,-2241046
2011/10/19,0,3474969,-6239803,-2764834
2011/10/20,0,4000680,-11392980,-7392300
2011/10/21,0,2055416,-7098000,-5042584
2011/10/24,0,6479172,-7453000,-973828
2011/10/25,0,6346971,-10135500,-3788529
2011/10/26,0,5043000,-8269000,-3226000
2011/10/27,0,8633560,-5148372,3485188
2011/10/28,0,13333000,-3673688,9659312
2011/10/31,0,5239000,-1153000,4086000
2011/11/01,0,4609000,-2084000,2525000
2011/11/02,0,2820000,-1754000,1066000
2011/11/03,0,5445000,-3875257,1569743
2011/11/04,0,3708000,-821000,2887000
2011/11/07,0,5177000,-4664000,513000
2011/11/08,0,5090603,-3454460,1636143
2011/11/09,0,3963286,-3216000,747286
2011/11/10,0,4451286,-6457000,-2005714
2011/11/11,0,4034000,-3885640,148360
2011/11/14,0,6178000,-4818000,1360000
2011/11/15,0,8765000,-4893326,3871674
2011/11/16,0,8431000,-5374235,3056765
2011/11/17,0,14283143,-2944202,11338941
2011/11/18,0,6087000,-10501864,-4414864
2011/11/21,0,10720277,-9895000,825277
2011/11/22,0,6023000,-7949000,-1926000
2011/11/23,0,4551000,-10095000,-5544000
2011/11/24,0,9320000,-13534000,-4214000
2011/11/25,0,3866000,-7242000,-3376000
2011/11/28,0,5097152,-6027700,-930548
2011/11/29,0,3153000,-9246390,-6093390
2011/11/30,0,16954150,-12763001,4191149
2011/12/01,0,11832000,-3959578,7872422
2011/12/02,0,3738000,-3958800,-220800
2011/12/05,0,3985000,-6564000,-2579000
2011/12/06,0,12520000,-5550309,6969691
2011/12/07,0,5031000,-1735368,3295632
2011/12/08,0,5275000,-2791200,2483800
2011/12/09,0,5251453,-6635170,-1383717
2011/12/12,0,2103000,-510205,1592795
2011/12/13,0,2967000,-2358684,608316
2011/12/14,0,4329000,-3609480,719520
2011/12/15,0,4011000,-3912000,99000
2011/12/16,0,2628000,-2265877,362123
2011/12/19,0,2170000,-2457000,-287000
2011/12/20,0,2473000,-2549900,-76900
2011/12/21,0,8504000,-2182399,6321601
2011/12/22,0,6189000,-2619991,3569009
2011/12/23,0,4177000,-530688,3646312
2011/12/26,0,396000,-126000,270000
2011/12/27,0,1796000,-282000,1514000
2011/12/28,0,1839000,-319000,1520000
2011/12/29,0,3387000,-1508500,1878500
2011/12/30,0,1943380,-3317000,-1373620
2012/01/02,0,1046000,-800000,246000
2012/01/03,0,2234196,-464000,1770196
2012/01/04,0,1855000,-1353001,501999
2012/01/05,0,1855000,-2192913,-337913
2012/01/06,0,5850714,-2950000,2900714
2012/01/09,0,4254000,-2275295,1978705
2012/01/10,0,10610000,-5842000,4768000
2012/01/11,0,5557000,-5935225,-378225
2012/01/12,0,6484000,-3868450,2615550
2012/01/13,0,4852000,-689000,4163000
2012/01/16,0,1700000,-2248000,-548000
2012/01/17,0,2912000,-456000,2456000
2012/01/18,0,4694000,-5215000,-521000
2012/01/19,0,0,0,0
2012/01/20,0,0,0,0
2012/01/23,0,0,0,0
2012/01/24,0,0,0,0
2012/01/25,0,0,0,0
2012/01/26,0,0,0,0
2012/01/27,0,0,0,0
2012/01/30,0,13514167,-13129575,384592
2012/01/31,0,10249229,-7068022,3181207
2012/02/01,0,4833000,-3315512,1517488
2012/02/02,0,17466000,-4537573,12928427
2012/02/03,0,5316000,-2066098,3249902
2012/02/06,0,5721981,-4695156,1026825
2012/02/07,0,9951000,-1036773,8914227
2012/02/08,0,7640100,-1323000,6317100
2012/02/09,0,9560000,-2172522,7387478
2012/02/10,0,8067000,-454001,7612999
2012/02/13,0,5668000,-793000,4875000
2012/02/14,0,8435345,-1762247,6673098
2012/02/15,0,6147700,-933000,5214700
2012/02/16,0,7142000,-1499700,5642300
2012/02/17,0,5573000,-2190000,3383000
2012/02/20,0,2204000,-219000,1985000
2012/02/21,0,3495000,-738247,2756753
2012/02/22,0,8800600,-1324000,7476600
2012/02/23,0,4565979,-4447000,118979
2012/02/24,0,5334000,-3842000,1492000
2012/02/27,0,0,0,0
2012/02/28,0,0,0,0
2012/02/29,0,11100003,-5561460,5538543
2012/03/01,0,4603340,-5133000,-529660
2012/03/02,0,4104530,-3515939,588591
2012/03/05,0,2586000,-3882000,-1296000
2012/03/06,0,5724000,-4643873,1080127
2012/03/07,0,7645000,-9967000,-2322000
2012/03/08,0,15784000,-11549649,4234351
2012/03/09,0,7450000,-2543122,4906878
2012/03/12,0,10899000,-4487000,6412000
2012/03/13,0,12667000,-4257525,8409475
2012/03/14,0,8970657,-849732,8120925
2012/03/15,0,8066000,-1805409,6260591
2012/03/16,0,9859000,-5569808,4289192
2012/03/19,0,1506000,-2716000,-1210000
2012/03/20,0,2211000,-1291000,920000
2012/03/21,0,4229796,-6062796,-1833000
2012/03/22,0,6013000,-5375963,637037
2012/03/23,0,3355000,-7048388,-3693388
2012/03/26,0,3883857,-6491100,-2607243
2012/03/27,0,3384000,-1175000,2209000
2012/03/28,0,5675500,-8406068,-2730568
2012/03/29,0,7436400,-9101008,-1664608
2012/03/30,0,6583175,-10560642,-3977467
2012/04/02,0,11235000,-10736000,499000
2012/04/03,0,11940428,-12606341,-665913
2012/04/04,0,0,0,0
2012/04/05,0,3347000,-5174157,-1827157
2012/04/06,0,2366624,-6582159,-4215535
2012/04/09,0,1570000,-1979059,-409059
2012/04/10,0,2395000,-1911000,484000
2012/04/11,0,8832000,-7248510,1583490
2012/04/12,0,12693700,-12626019,67681
2012/04/13,0,6939596,-6328135,611461
2012/04/16,0,1708000,-2900000,-1192000
2012/04/17,0,1286000,-7420000,-6134000
2012/04/18,0,6408000,-5280595,1127405
2012/04/19,0,2806000,-1396862,1409138
2012/04/20,0,4076000,-4777668,-701668
2012/04/23,0,6914495,-3359000,3555495
2012/04/24,0,6069000,-4130333,1938667
2012/04/25,0,3968000,-3383600,584400
2012/04/26,0,2284000,-7305000,-5021000
2012/04/27,0,4150551,-4285000,-134449
2012/04/30,0,6377729,-5135302,1242427
2012/05/01,0,0,0,0
2012/05/02,0,18164000,-3682000,14482000
2012/05/03,0,7399000,-3441000,3958000
2012/05/04,0,5491000,-4753927,737073
2012/05/07,0,5438000,-9919000,-4481000
2012/05/08,0,3721000,-6204000,-2483000
2012/05/09,0,2477000,-9960873,-7483873
2012/05/10,0,3253852,-5486834,-2232982
2012/05/11,0,3918884,-9836000,-5917116
2012/05/14,0,2494000,-3403000,-909000
2012/05/15,0,1325000,-4395660,-3070660
2012/05/16,0,2979143,-9902000,-6922857
2012/05/17,0,5869000,-3875000,1994000
2012/05/18,0,3439000,-7347000,-3908000
2012/05/21,0,1697000,-3588000,-1891000
2012/05/22,0,1393000,-7502475,-6109475
2012/05/23,0,1515280,-8730530,-7215250
2012/05/24,0,3120000,-3604045,-484045
2012/05/25,0,2095000,-2413375,-318375
2012/05/28,0,3898924,-5803924,-1905000
2012/05/29,0,2527000,-3283521,-756521
2012/05/30,0,12199000,-12831062,-632062
2012/05/31,0,7721933,-11493949,-3772016
2012/06/01,0,3429000,-8545998,-5116998
2012/06/04,0,5436697,-7549000,-2112303
2012/06/05,0,3644527,-6690000,-3045473
2012/06/06,0,8497486,-11028486,-2531000
2012/06/07,0,8248613,-7414439,834174
2012/06/08,0,3333767,-3872650,-538883
2012/06/11,0,8543057,-13207000,-4663943
2012/06/12,0,7326000,-8733000,-1407000
2012/06/13,0,8071382,-15694537,-7623155
2012/06/14,0,9622417,-15966917,-6344500
2012/06/15,0,17445000,-15953470,1491530
2012/06/18,0,9420753,-9494000,-73247
2012/06/19,0,3832021,-3591000,241021
2012/06/20,0,9746843,-8013993,1732850
2012/06/21,0,8455696,-9524549,-1068853
2012/06/22,0,1558935,-4532055,-2973120
2012/06/25,0,2828000,-8193809,-5365809
2012/06/26,0,4289000,-9700334,-5411334
2012/06/27,0,9368486,-10359386,-990900
2012/06/28,0,5200000,-4869000,331000
2012/06/29,0,7576000,-7988000,-412000
2012/07/02,0,2073000,-5064000,-2991000
2012/07/03,0,2992816,-3835784,-842968
2012/07/04,0,2125738,-1890000,235738
2012/07/05,0,1438000,-1918000,-480000
2012/07/06,0,3050000,-1903000,1147000
2012/07/09,0,4420000,-4132000,288000
2012/07/10,0,4799224,-4570363,228861
2012/07/11,0,2473000,-9085000,-6612000
2012/07/12,0,3195389,-5055558,-1860169
2012/07/13,0,2112683,-1294791,817892
2012/07/16,0,1249000,-2137100,-888100
2012/07/17,0,2221600,-2936578,-714978
2012/07/18,0,3275000,-9023495,-5748495
2012/07/19,0,10714000,-6970816,3743184
2012/07/20,0,6792000,-9506103,-2714103
2012/07/23,0,3072000,-5890000,-2818000
2012/07/24,0,6084000,-3227816,2856184
2012/07/25,0,1170000,-4303431,-3133431
2012/07/26,0,2015283,-3862804,-1847521
2012/07/27,0,4757000,-2608000,2149000
2012/07/30,0,4590370,-1633000,2957370
2012/07/31,0,10800000,-8284546,2515454
2012/08/01,0,3122000,-4313098,-1191098
2012/08/02,0,0,0,0
2012/08/03,0,3607445,-7507816,-3900371
2012/08/06,0,4376000,-2960394,1415606
2012/08/07,0,5147000,-4382000,765000
2012/08/08,0,7528572,-4796382,2732190
2012/08/09,0,14399000,-2552000,11847000
2012/08/10,0,7952000,-3347000,4605000
2012/08/13,0,3936000,-2060000,1876000
2012/08/14,0,6754556,-2413000,4341556
2012/08/15,0,4717701,-1765000,2952701
2012/08/16,0,5831000,-3866000,1965000
2012/08/17,0,7193000,-15164000,-7971000
2012/08/20,0,5618000,-4886840,731160
2012/08/21,0,7320157,-3535739,3784418
2012/08/22,0,2095777,-7542000,-5446223
2012/08/23,0,3385198,-7768694,-4383496
2012/08/24,0,4205000,-5505274,-1300274
2012/08/27,0,3623000,-1587000,2036000
2012/08/28,0,2866877,-2015000,851877
2012/08/29,0,3034000,-4290000,-1256000
2012/08/30,0,11084000,-20935000,-9851000
2012/08/31,0,5787790,-3660000,2127790
2012/09/03,0,7345000,-20558000,-13213000
2012/09/04,0,2881000,-6452328,-3571328
2012/09/05,0,4081400,-7785582,-3704182
2012/09/06,0,821000,-3308000,-2487000
2012/09/07,0,1125994,-533000,592994
2012/09/10,0,1207681,-793000,414681
2012/09/11,0,2110000,-2916000,-806000
2012/09/12,0,2596000,-4797194,-2201194
2012/09/13,0,4978000,-3322000,1656000
2012/09/14,0,7873000,-4173000,3700000
2012/09/17,0,3790000,-2884000,906000
2012/09/18,0,3084000,-3061006,22994
2012/09/19,0,9411000,-2945000,6466000
2012/09/20,0,5773000,-2926434,2846566
2012/09/21,0,9554000,-7454838,2099162
2012/09/24,0,4969000,-2957000,2012000
2012/09/25,0,7252000,-4917434,2334566
2012/09/26,0,3331000,-4612000,-1281000
2012/09/27,0,10516700,-6745494,3771206
2012/09/28,0,7624000,-5277850,2346150
2012/10/01,0,4443000,-12439865,-7996865
2012/10/02,0,3253031,-5335219,-2082188
2012/10/03,0,2373000,-16720000,-14347000
2012/10/04,0,4034000,-17032000,-12998000
2012/10/05,0,5186000,-7437000,-2251000
2012/10/08,0,5271800,-11895000,-6623200
2012/10/09,0,11151000,-14374500,-3223500
2012/10/10,0,0,0,0
2012/10/11,0,7517000,-45411000,-37894000
2012/10/12,0,5950000,-15485303,-9535303
2012/10/15,0,3040000,-3918000,-878000
2012/10/16,0,4986000,-14784625,-9798625
2012/10/17,0,8144000,-14377961,-6233961
2012/10/18,0,6096000,-6700000,-604000
2012/10/19,0,8457000,-10235000,-1778000
2012/10/22,0,3792000,-6139154,-2347154
2012/10/23,0,6948250,-7503071,-554821
2012/10/24,0,4515000,-2462180,2052820
2012/10/25,0,6476499,-3760499,2716000
2012/10/26,0,4910000,-9892000,-4982000
2012/10/29,0,5847400,-7526865,-1679465
2012/10/30,0,9874000,-5242001,4631999
2012/10/31,0,5667000,-5386000,281000
2012/11/01,0,6261000,-23088000,-16827000
2012/11/02,0,22406429,-12203000,10203429
2012/11/05,0,10931273,-5241544,5689729
2012/11/06,0,6914000,-9716301,-2802301
2012/11/07,0,7467188,-12185303,-4718115
2012/11/08,0,6331100,-7891000,-1559900
2012/11/09,0,3666000,-10789000,-7123000
2012/11/12,0,2455000,-8949324,-6494324
2012/11/13,0,2905000,-10826964,-7921964
2012/11/14,0,5581000,-6927101,-1346101
2012/11/15,0,5924000,-6831000,-907000
2012/11/16,0,3240306,-7393000,-4152694
2012/11/19,0,2517000,-2446915,70085
2012/11/20,0,1901000,-2543000,-642000
2012/11/21,0,2655000,-2963000,-308000
2012/11/22,0,1455000,-2333000,-878000
2012/11/23,0,6854000,-2817000,4037000
2012/11/26,0,2989000,-3857651,-868651
2012/11/27,0,6541000,-2848000,3693000
2012/11/28,0,3203900,-3264499,-60599
2012/11/29,0,7206000,-2677940,4528060
2012/11/30,0,9027000,-5933447,3093553
2012/12/03,0,15674900,-4540241,11134659
2012/12/04,0,15295580,-13665000,1630580
2012/12/05,0,5969000,-4977368,991632
2012/12/06,0,11882000,-6500318,5381682
2012/12/07,0,14579000,-8449000,6130000
2012/12/10,0,4309000,-2506859,1802141
2012/12/11,0,10229066,-11597000,-1367934
2012/12/12,0,7658000,-7543100,114900
2012/12/13,0,10113594,-9940000,173594
2012/12/14,0,6613168,-4297000,2316168
2012/12/17,0,4194000,-6563000,-2369000
2012/12/18,0,8893000,-7650455,1242545
2012/12/19,0,6344000,-6702200,-358200
2012/12/20,0,3919300,-4884001,-964701
2012/12/21,0,3651000,-2451088,1199912
2012/12/24,0,3630000,-874001,2755999
2012/12/25,0,1552000,-628000,924000
2012/12/26,0,1050000,-469339,580661
2012/12/27,0,2650698,-1150000,1500698
2012/12/28,0,3671997,-974000,2697997
2012/12/31,0,0,0,0
2013/01/01,0,0,0,0
2013/01/02,0,3985000,-632000,3353000
2013/01/03,0,2957000,-2203000,754000
2013/01/04,0,4445000,-4312019,132981
2013/01/07,0,4272000,-5721194,-1449194
2013/01/08,0,4574000,-5760500,-1186500
2013/01/09,0,5444730,-3476000,1968730
2013/01/10,0,9904000,-5507000,4397000
2013/01/11,0,5559000,-2482000,3077000
2013/01/14,0,8665811,-3385000,5280811
2013/01/15,0,9992200,-5368729,4623471
2013/01/16,0,7439232,-2627000,4812232
2013/01/17,0,7955200,-1502000,6453200
2013/01/18,0,8562000,-5642000,2920000
2013/01/21,0,6412000,-14077920,-7665920
2013/01/22,0,16300000,-11013140,5286860
2013/01/23,0,5324000,-5575526,-251526
2013/01/24,0,8531000,-7429000,1102000
2013/01/25,0,7105101,-8709000,-1603899
2013/01/28,0,10059000,-4722936,5336064
2013/01/29,0,12023400,-1099007,10924393
2013/01/30,0,18800968,-11426000,7374968
2013/01/31,0,8020000,-9658300,-1638300
2013/02/01,0,6921000,-5202000,1719000
2013/02/04,0,8274000,-4509000,3765000
2013/02/05,0,4484000,-6790000,-2306000
2013/02/06,0,5232206,-6741789,-1509583
2013/02/07,0,0,0,0
2013/02/08,0,0,0,0
2013/02/11,0,0,0,0
2013/02/12,0,0,0,0
2013/02/13,0,0,0,0
2013/02/14,0,0,0,0
2013/02/15,0,0,0,0
2013/02/18,0,7508844,-11924000,-4415156
2013/02/19,0,4978144,-7366000,-2387856
2013/02/20,0,7994618,-4727000,3267618
2013/02/21,0,13284000,-10735260,2548740
2013/02/22,0,16590000,-13263000,3327000
2013/02/25,0,13587961,-16891761,-3303800
2013/02/26,0,4622876,-6358000,-1735124
2013/02/27,0,5230816,-4088353,1142463
2013/02/28,0,0,0,0
2013/03/01,0,13641000,-10564000,3077000
2013/03/04,0,8571000,-10724091,-2153091
2013/03/05,0,1300000,-6471000,-5171000
2013/03/06,0,3900000,-3073000,827000
2013/03/07,0,4191000,-7165917,-2974917
2013/03/08,0,7414000,-3750000,3664000
2013/03/11,0,5354000,-2472000,2882000
2013/03/12,0,5939000,-9613736,-3674736
2013/03/13,0,3838000,-5427382,-1589382
2013/03/14,0,6172000,-12954892,-6782892
2013/03/15,0,5134566,-5462000,-327434
2013/03/18,0,2432000,-4317100,-1885100
2013/03/19,0,2977000,-4669901,-1692901
2013/03/20,0,8581000,-6342331,2238669
2013/03/21,0,8673000,-2800623,5872377
2013/03/22,0,2012579,-4240288,-2227709
2013/03/25,0,308000,-2422000,-2114000
2013/03/26,0,6729879,-2361000,4368879
2013/03/27,0,5173000,-2500962,2672038
2013/03/28,0,4025272,-2358000,1667272
2013/03/29,0,2512000,-1032000,1480000
2013/04/01,0,3415245,-383000,3032245
2013/04/02,0,1635011,-6309000,-4673989
2013/04/03,0,3920000,-3493301,426699
2013/04/04,0,0,0,0
2013/04/05,0,0,0,0
2013/04/08,0,4426936,-12309417,-7882481
2013/04/09,0,2343876,-4466407,-2122531
2013/04/10,0,3516000,-9363500,-5847500
2013/04/11,0,1841097,-4979300,-3138203
2013/04/12,0,1656000,-8196000,-6540000
2013/04/15,0,3538197,-8619000,-5080803
2013/04/16,0,3464746,-5165000,-1700254
2013/04/17,0,2685000,-17274000,-14589000
2013/04/18,0,2981001,-11581000,-8599999
2013/04/19,0,2947000,-17011043,-14064043
2013/04/22,0,2989000,-12174732,-9185732
2013/04/23,0,6415000,-15503360,-9088360
2013/04/24,0,5826000,-6446000,-620000
2013/04/25,0,7574607,-7608585,-33978
2013/04/26,0,18241000,-16415841,1825159
2013/04/29,0,5317000,-13147157,-7830157
2013/04/30,0,17846000,-14647000,3199000
2013/05/01,0,0,0,0
2013/05/02,0,2940991,-10050789,-7109798
2013/05/03,0,1011000,-9581000,-8570000
2013/05/06,0,2905343,-12276250,-9370907
2013/05/07,0,4299489,-8613000,-4313511
2013/05/08,0,7326837,-7385176,-58339
2013/05/09,0,5024547,-8329042,-3304495
2013/05/10,0,2349000,-21848242,-19499242
2013/05/13,0,1999375,-5527950,-3528575
2013/05/14,0,4101000,-19554943,-15453943
2013/05/15,0,3409000,-25930210,-22521210
2013/05/16,0,3974500,-46783175,-42808675
2013/05/17,0,3381166,-10734000,-7352834
2013/05/20,0,1226648,-2119086,-892438
2013/05/21,0,2451000,-5588501,-3137501
2013/05/22,0,3169000,-8493375,-5324375
2013/05/23,0,3760585,-13232771,-9472186
2013/05/24,0,4172295,-9262683,-5090388
2013/05/27,0,4619844,-6019856,-1400012
2013/05/28,0,3286000,-6325000,-3039000
2013/05/29,0,2875000,-7976766,-5101766
2013/05/30,0,1581000,-8685000,-7104000
2013/05/31,0,6594997,-16132871,-9537874
2013/06/03,0,1436000,-4255000,-2819000
2013/06/04,0,2023000,-4263000,-2240000
2013/06/05,0,1031000,-4344001,-3313001
2013/06/06,0,1358898,-11744024,-10385126
2013/06/07,0,2487000,-11075962,-8588962
2013/06/10,0,1999000,-3318781,-1319781
2013/06/11,0,1486214,-6427000,-4940786
2013/06/12,0,0,0,0
2013/06/13,0,3230000,-11306000,-8076000
2013/06/14,0,2804000,-7671340,-4867340
2013/06/17,0,1066237,-5976000,-4909763
2013/06/18,0,1999355,-8634575,-6635220
2013/06/19,0,1633294,-4633000,-2999706
2013/06/20,0,2171500,-6518964,-4347464
2013/06/21,0,11396000,-34252095,-22856095
2013/06/24,0,4829000,-8263384,-3434384
2013/06/25,0,2828000,-5724906,-2896906
2013/06/26,0,5868000,-14097093,-8229093
2013/06/27,0,5302000,-8193900,-2891900
2013/06/28,0,8024000,-6213617,1810383
2013/07/01,0,6450000,-4713000,1737000
2013/07/02,0,19571289,-6271147,13300142
2013/07/03,0,61159000,-8862700,52296300
2013/07/04,0,7854000,-15511000,-7657000
2013/07/05,0,8213000,-3563824,4649176
2013/07/08,0,6738000,-3731000,3007000
2013/07/09,0,4184000,-1402038,2781962
2013/07/10,0,4579000,-7530197,-2951197
2013/07/11,0,8676092,-3632000,5044092
2013/07/12,0,15583000,-978000,14605000
2013/07/15,0,4859000,-7282000,-2423000
2013/07/16,0,7183000,-2146000,5037000
2013/07/17,0,9327000,-2751000,6576000
2013/07/18,0,6619307,-2545000,4074307
2013/07/19,0,8678350,-2395465,6282885
2013/07/22,0,6313995,-681000,5632995
2013/07/23,0,19117000,-2250000,16867000
2013/07/24,0,10348000,-5807224,4540776
2013/07/25,0,6993000,-7566000,-573000
2013/07/26,0,3575000,-2834772,740228
2013/07/29,0,7607000,-4212000,3395000
2013/07/30,0,7524000,-3493000,4031000
2013/07/31,0,14871000,-12515000,2356000
2013/08/01,0,6656000,-4056892,2599108
2013/08/02,0,6493000,-2670000,3823000
2013/08/05,0,6283289,-2711000,3572289
2013/08/06,0,9275000,-8227000,1048000
2013/08/07,0,15948000,-17373480,-1425480
2013/08/08,0,14043914,-10151000,3892914
2013/08/09,0,5614000,-9764000,-4150000
2013/08/12,0,4402000,-2557000,1845000
2013/08/13,0,11919000,-20913200,-8994200
2013/08/14,0,10866578,-3575549,7291029
2013/08/15,0,7607000,-5318521,2288479
2013/08/16,0,3711000,-2898788,812212
2013/08/19,0,3580006,-3893000,-312994
2013/08/20,0,11884173,-3103173,8781000
2013/08/21,0,0,0,0
2013/08/22,0,7891173,-9131526,-1240353
2013/08/23,0,8151000,-3820530,4330470
2013/08/26,0,16965701,-3052000,13913701
2013/08/27,0,10888000,-6151000,4737000
2013/08/28,0,11504000,-2989000,8515000
2013/08/29,0,7564579,-1988000,5576579
2013/08/30,0,10157000,-3475724,6681276
2013/09/02,0,2609000,-1738000,871000
2013/09/03,0,5833000,-2052986,3780014
2013/09/04,0,13546000,-1191000,12355000
2013/09/05,0,21824860,-709000,21115860
2013/09/06,0,12761000,-7951000,4810000
2013/09/09,0,18449224,-1173000,17276224
2013/09/10,0,20457500,-8859319,11598181
2013/09/11,0,14292000,-1703728,12588272
2013/09/12,0,10473000,-2709000,7764000
2013/09/13,0,5683000,-1783000,3900000
2013/09/16,0,16013000,-10920000,5093000
2013/09/17,0,14047000,-6502065,7544935
2013/09/18,0,17027520,-7427072,9600448
2013/09/19,0,0,0,0
2013/09/20,0,0,0,0
2013/09/23,0,10895344,-15087000,-4191656
2013/09/24,0,9927000,-14023044,-4096044
2013/09/25,0,14474000,-10043000,4431000
2013/09/26,0,7813000,-6988000,825000
2013/09/27,0,13715000,-7898356,5816644
2013/09/30,0,13796558,-10244372,3552186
2013/10/01,0,24198000,-14587966,9610034
2013/10/02,0,40707800,-5573078,35134722
2013/10/03,0,35167692,-38837000,-3669308
2013/10/04,0,13970000,-20874000,-6904000
2013/10/07,0,10198418,-6055000,4143418
2013/10/08,0,7665265,-8607000,-941735
2013/10/09,0,24707000,-12504711,12202289
2013/10/10,0,0,0,0
2013/10/11,0,12607642,-15525642,-2918000
2013/10/14,0,5397000,-10687506,-5290506
2013/10/15,0,11473000,-9561037,1911963
2013/10/16,0,4629000,-5730000,-1101000
2013/10/17,0,6260000,-4447000,1813000
2013/10/18,0,5033408,-6666000,-1632592
2013/10/21,0,5303000,-6382000,-1079000
2013/10/22,0,5994000,-12925000,-6931000
2013/10/23,0,7566034,-6803204,762830
2013/10/24,0,7758000,-9535640,-1777640
2013/10/25,0,13459000,-12119422,1339578
2013/10/28,0,9262000,-9265000,-3000
2013/10/29,0,9650000,-9364000,286000
2013/10/30,0,6784000,-5087000,1697000
2013/10/31,0,13400000,-16247193,-2847193
2013/11/01,0,5125000,-22841000,-17716000
2013/11/04,0,13758050,-12728440,1029610
2013/11/05,0,5906650,-2362155,3544495
2013/11/06,0,12566950,-7843200,4723750
2013/11/07,0,12860000,-14783359,-1923359
2013/11/08,0,9498000,-3563000,5935000
2013/11/11,0,10441150,-16900552,-6459402
2013/11/12,0,13514000,-5969000,7545000
2013/11/13,0,5747837,-9345000,-3597163
2013/11/14,0,16279000,-6356000,9923000
2013/11/15,0,11888000,-4212000,7676000
2013/11/18,0,9652000,-6423000,3229000
2013/11/19,0,15046846,-4345624,10701222
2013/11/20,0,5000000,-4994570,5430
2013/11/21,0,7929000,-7166492,762508
2013/11/22,0,9491000,-6523000,2968000
2013/11/25,0,6987000,-4799000,2188000
2013/11/26,0,12472095,-10111928,2360167
2013/11/27,0,10084418,-8032000,2052418
2013/11/28,0,2865000,-1494000,1371000
2013/11/29,0,4387000,-4306000,81000
2013/12/02,0,4172418,-4364000,-191582
2013/12/03,0,6326390,-4264822,2061568
2013/12/04,0,6547000,-5319261,1227739
2013/12/05,0,3941000,-3327000,614000
2013/12/06,0,3570000,-2102000,1468000
2013/12/09,0,4077000,-3627213,449787
2013/12/10,0,6142000,-4401000,1741000
2013/12/11,0,7090900,-3461060,3629840
2013/12/12,0,3948280,-3018405,929875
2013/12/13,0,7963800,-19293000,-11329200
2013/12/16,0,12549000,-9624410,2924590
2013/12/17,0,9524000,-7869105,1654895
2013/12/18,0,16096000,-11389969,4706031
2013/12/19,0,4585000,-3725000,860000
2013/12/20,0,7178500,-6230306,948194
2013/12/23,0,4193000,-2180394,2012606
2013/12/24,0,1252000,-823000,429000
2013/12/25,0,1071000,-593000,478000
2013/12/26,0,778000,-112019,665981
2013/12/27,0,5887000,-3540000,2347000
2013/12/30,0,6351000,-6137131,213869
2013/12/31,0,4502001,-3398000,1104001
2014/01/02,0,3084700,-2912000,172700
2014/01/03,0,4745000,-7456000,-2711000
2014/01/06,0,4145822,-5496798,-1350976
2014/01/07,0,4620000,-5562000,-942000
2014/01/08,0,13942000,-13770000,172000
2014/01/09,0,12912000,-12294050,617950
2014/01/10,0,6036000,-8296000,-2260000
2014/01/13,0,5325000,-6330700,-1005700
2014/01/14,0,1104000,-1266000,-162000
2014/01/15,0,13249000,-11051420,2197580
2014/01/16,0,14146000,-6510379,7635621
2014/01/17,0,2986418,-17398270,-14411852
2014/01/20,0,6563839,-6308000,255839
2014/01/21,0,9653000,-1856585,7796415
2014/01/22,0,4042900,-2054000,1988900
2014/01/23,0,2763000,-3570599,-807599
2014/01/24,0,4990000,-3646000,1344000
2014/01/27,0,2978000,-10563307,-7585307
2014/02/05,0,6723400,-20776325,-14052925
2014/02/06,0,8591000,-18595000,-10004000
2014/02/07,0,6345301,-8572544,-2227243
2014/02/10,0,5297200,-6811314,-1514114
2014/02/11,0,5213488,-11723180,-6509692
2014/02/12,0,4143800,-15323481,-11179681
2014/02/13,0,5845200,-17634122,-11788922
2014/02/14,0,11981200,-23487000,-11505800
2014/02/17,0,4598000,-8857000,-4259000
2014/02/18,0,7047850,-8769000,-1721150
2014/02/19,0,18140051,-23653000,-5512949
2014/02/20,0,7121000,-20974309,-13853309
2014/02/21,0,11239600,-10638000,601600
2014/02/24,0,2608000,-6801000,-4193000
2014/02/25,0,3620515,-16130219,-12509704
2014/02/26,0,6344000,-11235943,-4891943
2014/02/27,0,4757711,-4783211,-25500
2014/03/03,0,15088000,-15000741,87259
2014/03/04,0,1322624,-10091000,-8768376
2014/03/05,0,10100000,-13557000,-3457000
2014/03/06,0,15293600,-18211684,-2918084
2014/03/07,0,16133000,-16655261,-522261
2014/03/10,0,6699800,-10314289,-3614489
2014/03/11,0,7111000,-6656899,454101
2014/03/12,0,5592000,-22346967,-16754967
2014/03/13,0,6804000,-10752177,-3948177
2014/03/14,0,3814000,-5035340,-1221340
2014/03/17,0,1467000,-2369957,-902957
2014/03/18,0,6838000,-4478000,2360000
2014/03/19,0,3057000,-1912000,1145000
2014/03/20,0,4459000,-8375000,-3916000
2014/03/21,0,4932000,-10862378,-5930378
2014/03/24,0,4296000,-5644000,-1348000
2014/03/25,0,5863000,-4533460,1329540
2014/03/26,0,3661100,-2574000,1087100
2014/03/27,0,8794000,-4487000,4307000
2014/03/28,0,31531000,-10129000,21402000
2014/03/31,0,22942969,-23309000,-366031
2014/04/01,0,9621000,-4666119,4954881
2014/04/02,0,9889140,-7258000,2631140
2014/04/03,0,3453000,-3104000,349000
2014/04/07,0,6295000,-3923030,2371970
2014/04/08,0,2995564,-3018005,-22441
2014/04/09,0,2622000,-3862000,-1240000
2014/04/10,0,9696490,-2537995,7158495
2014/04/11,0,6033000,-4548000,1485000
2014/04/14,0,4020000,-1872000,2148000
2014/04/15,0,5052000,-2227656,2824344
2014/04/16,0,2676000,-2199455,476545
2014/04/17,0,1629000,-4553000,-2924000
2014/04/18,0,2599000,-7360000,-4761000
2014/04/21,0,3262000,-1650000,1612000
2014/04/22,0,5233000,-1017000,4216000
2014/04/23,0,7646400,-6124000,1522400
2014/04/24,0,7561000,-2284239,5276761
2014/04/25,0,5158000,-5490000,-332000
2014/04/28,0,3252000,-9463000,-6211000
2014/04/29,0,3302000,-4995000,-1693000
2014/04/30,0,19027000,-18667800,359200
2014/05/02,0,3457000,-2274000,1183000
2014/05/05,0,2194000,-1682495,511505
2014/05/06,0,1477000,-2606005,-1129005
2014/05/07,0,3642000,-7896000,-4254000
2014/05/08,0,12799000,-11950000,849000
2014/05/09,0,13777000,-17360447,-3583447
2014/05/12,0,21676289,-15066878,6609411
2014/05/13,0,22934000,-9198000,13736000
2014/05/14,0,40571000,-17690400,22880600
2014/05/15,0,13433000,-6123265,7309735
2014/05/16,0,10303000,-3909972,6393028
2014/05/19,0,8889000,-1825088,7063912
2014/05/20,0,14277000,-2122868,12154132
2014/05/21,0,2589000,-2939000,-350000
2014/05/22,0,4177000,-1185000,2992000
2014/05/23,0,5553000,-5607146,-54146
2014/05/26,0,3950000,-2310000,1640000
2014/05/27,0,7508000,-4661000,2847000
2014/05/28,0,10596000,-4331000,6265000
2014/05/29,0,15171000,-7614317,7556683
2014/05/30,0,13247000,-12162062,1084938
2014/06/03,0,6035000,-4951000,1084000
2014/06/04,0,9807649,-12514649,-2707000
2014/06/05,0,4571000,-8773014,-4202014
2014/06/06,0,4612703,-5866000,-1253297
2014/06/09,0,8804000,-5619000,3185000
2014/06/10,0,18179748,-12381900,5797848
2014/06/11,0,12098000,-10975000,1123000
2014/06/12,0,3705000,-7580000,-3875000
2014/06/13,0,6904000,-7836688,-932688
2014/06/16,0,3596161,-5131000,-1534839
2014/06/17,0,3672000,-2500100,1171900
2014/06/18,0,5801000,-7423000,-1622000
2014/06/19,0,10123067,-9915000,208067
2014/06/20,0,9229000,-11500735,-2271735
2014/06/23,0,4923000,-3564205,1358795
2014/06/24,0,8060000,-7086411,973589
2014/06/25,0,4342000,-7311743,-2969743
2014/06/26,0,6081089,-7235000,-1153911
2014/06/27,0,7169000,-9306403,-2137403
2014/06/30,0,9293000,-6901155,2391845
2014/07/01,0,7521000,-7023000,498000
2014/07/02,0,4129708,-3457796,671912
2014/07/03,0,6502000,-3593000,2909000
2014/07/04,0,5715000,-3857000,1858000
2014/07/07,0,4724000,-6109000,-1385000
2014/07/08,0,8269000,-5018390,3250610
2014/07/09,0,4007930,-11459000,-7451070
2014/07/10,0,11533000,-11785000,-252000
2014/07/11,0,8266508,-11126000,-2859492
2014/07/14,0,13706000,-12528202,1177798
2014/07/15,0,17747114,-7418000,10329114
2014/07/16,0,25360000,-8893000,16467000
2014/07/17,0,19613911,-19419000,194911
2014/07/18,0,13283747,-6428000,6855747
2014/07/21,0,15076253,-10542000,4534253
2014/07/22,0,18628000,-13057000,5571000
2014/07/23,0,0,0,0
2014/07/24,0,7474839,-10706421,-3231582
2014/07/25,0,6443000,-8919000,-2476000
2014/07/28,0,11226000,-5357000,5869000
2014/07/29,0,8188000,-8874801,-686801
2014/07/30,0,6585000,-5906000,679000
2014/07/31,0,3879000,-5597000,-1718000
2014/08/01,0,5553000,-12238518,-6685518
2014/08/04,0,16213000,-7965000,8248000
2014/08/05,0,4292000,-11892624,-7600624
2014/08/06,0,6843000,-6305344,537656
2014/08/07,0,3257541,-7113725,-3856184
2014/08/08,0,2274000,-6835533,-4561533
2014/08/11,0,3074000,-4035000,-961000
2014/08/12,0,3189000,-4923850,-1734850
2014/08/13,0,5325000,-4227000,1098000
2014/08/14,0,6384000,-8754129,-2370129
2014/08/15,0,2515000,-4033935,-1518935
2014/08/18,0,1298000,-1550000,-252000
2014/08/19,0,4116897,-930000,3186897
2014/08/20,0,6440156,-5989682,450474
2014/08/21,0,5633000,-2795000,2838000
2014/08/22,0,12524204,-9084000,3440204
2014/08/25,0,5233200,-3264000,1969200
2014/08/26,0,4478457,-3426000,1052457
2014/08/27,0,9915000,-12714000,-2799000
2014/08/28,0,7215726,-9413169,-2197443
2014/08/29,0,13770500,-12418000,1352500
2014/09/01,0,6484000,-2677000,3807000
2014/09/02,0,2665000,-3965051,-1300051
2014/09/03,0,4764733,-1823000,2941733
2014/09/04,0,3199447,-3946000,-746553
2014/09/05,0,2985000,-5636000,-2651000
2014/09/09,0,5970240,-8043502,-2073262
2014/09/10,0,7972566,-9698000,-1725434
2014/09/11,0,15463000,-14760470,702530
2014/09/12,0,5905506,-17230000,-11324494
2014/09/15,0,5010000,-6116147,-1106147
2014/09/16,0,5168000,-3343326,1824674
2014/09/17,0,4084000,-4076000,8000
2014/09/18,0,1725985,-4735796,-3009811
2014/09/19,0,5285000,-10737900,-5452900
2014/09/22,0,2244000,-14883000,-12639000
2014/09/23,0,2949000,-11857000,-8908000
2014/09/24,0,1924473,-4933670,-3009197
2014/09/25,0,3219000,-11198320,-7979320
2014/09/26,0,2172000,-5849962,-3677962
2014/09/29,0,3986000,-17284000,-13298000
2014/09/30,0,5534000,-10789231,-5255231
2014/10/01,0,2550000,-10302264,-7752264
2014/10/02,0,3380000,-10066000,-6686000
2014/10/03,0,3647289,-7814000,-4166711
2014/10/06,0,4191496,-8815000,-4623504
2014/10/07,0,6581000,-10389514,-3808514
2014/10/08,0,7392196,-10071196,-2679000
2014/10/09,0,7289000,-19447000,-12158000
2014/10/13,0,16269000,-25039358,-8770358
2014/10/14,0,7204000,-5956174,1247826
2014/10/15,0,12208502,-22691000,-10482498
2014/10/16,0,6576250,-10512750,-3936500
2014/10/17,0,13376000,-24538000,-11162000
2014/10/20,0,4270000,-3424800,845200
2014/10/21,0,2283000,-9634000,-7351000
2014/10/22,0,2379289,-3979000,-1599711
2014/10/23,0,3094289,-4015000,-920711
2014/10/24,0,2015000,-5833489,-3818489
2014/10/27,0,12143000,-10148000,1995000
2014/10/28,0,9913000,-7828000,2085000
2014/10/29,0,17388868,-17491000,-102132
2014/10/30,0,11305396,-3651000,7654396
2014/10/31,0,10275000,-10096000,179000
2014/11/03,0,2111000,-3498960,-1387960
2014/11/04,0,2722000,-6376000,-3654000
2014/11/05,0,2673000,-7749000,-5076000
2014/11/06,0,5301900,-8128000,-2826100
2014/11/07,0,1051914,-12068000,-11016086
2014/11/10,0,7998000,-9538000,-1540000
2014/11/11,0,1625000,-7248000,-5623000
2014/11/12,0,3028000,-7389000,-4361000
2014/11/13,0,3195000,-3773000,-578000
2014/11/14,0,4022000,-28335000,-24313000
2014/11/17,0,3158000,-29413763,-26255763
2014/11/18,0,5128418,-4450000,678418
2014/11/19,0,12612200,-17290000,-4677800
2014/11/20,0,2851000,-16816469,-13965469
2014/11/21,0,2985000,-8540000,-5555000
2014/11/24,0,5697000,-7571000,-1874000
2014/11/25,0,7769000,-15371731,-7602731
2014/11/26,0,10464000,-22395000,-11931000
2014/11/27,0,2115000,-5852000,-3737000
2014/11/28,0,2456000,-7196821,-4740821
2014/12/01,0,4040000,-5246809,-1206809
2014/12/02,0,7437000,-14862157,-7425157
2014/12/03,0,6015595,-13235000,-7219405
2014/12/04,0,12680000,-5781000,6899000
2014/12/05,0,5288000,-8298000,-3010000
2014/12/08,0,6943000,-7537000,-594000
2014/12/09,0,3553000,-1303000,2250000
2014/12/10,0,4095000,-6085396,-1990396
2014/12/11,0,5484000,-3313328,2170672
2014/12/12,0,4042418,-6241001,-2198583
2014/12/15,0,5441000,-6572533,-1131533
2014/12/16,0,10377000,-7656023,2720977
2014/12/17,0,7949000,-9594158,-1645158
2014/12/18,0,5485374,-4968924,516450
2014/12/19,0,26165579,-4899680,21265899
2014/12/22,0,7878000,-3076000,4802000
2014/12/23,0,12339000,-6432000,5907000
2014/12/24,0,6455000,-6996000,-541000
2014/12/25,0,2842000,-465292,2376708
2014/12/26,0,2307000,-567000,1740000
2014/12/29,0,5406000,-2532182,2873818
2014/12/30,0,2515000,-4593000,-2078000
2014/12/31,0,3451000,-2810355,640645
2015/01/01,0,0,0,0
2015/01/02,0,0,0,0
2015/01/05,0,2648000,-3034000,-386000
2015/01/06,0,5746000,-12110000,-6364000
2015/01/07,0,2753000,-5572687,-2819687
2015/01/08,0,9269125,-1755020,7514105
2015/01/09,0,14410000,-7279748,7130252
2015/01/12,0,10820000,-8047000,2773000
2015/01/13,0,10643000,-7966451,2676549
2015/01/14,0,16066000,-10218000,5848000
2015/01/15,0,12072000,-14671900,-2599900
2015/01/16,0,7347000,-10677054,-3330054
2015/01/19,0,2096000,-3843000,-1747000
2015/01/20,0,2599000,-1428267,1170733
2015/01/21,0,3758000,-2779000,979000
2015/01/22,0,4555000,-4248000,307000
2015/01/23,0,6956000,-3734157,3221843
2015/01/26,0,5220000,-1036000,4184000
2015/01/27,0,12958000,-2681000,10277000
2015/01/28,0,3277000,-7248000,-3971000
2015/01/29,0,3217000,-3488000,-271000
2015/01/30,0,3722000,-6038000,-2316000
2015/02/02,0,3319000,-1994000,1325000
2015/02/03,0,3798000,-3468535,329465
2015/02/04,0,3225860,-2860000,365860
2015/02/05,0,3480000,-3199930,280070
2015/02/06,0,2080000,-1982941,97059
2015/02/09,0,3606000,-993000,2613000
2015/02/10,0,5034575,-2453000,2581575
2015/02/11,0,4232903,-5223591,-990688
2015/02/12,0,3757000,-4191000,-434000
2015/02/13,0,6655000,-909000,5746000
2015/02/16,0,0,0,0
2015/02/17,0,0,0,0
2015/02/18,0,0,0,0
2015/02/19,0,0,0,0
2015/02/20,0,0,0,0
2015/02/23,0,0,0,0
2015/02/24,0,11527000,-7517394,4009606
2015/02/25,0,10558000,-973467,9584533
2015/02/26,0,18399000,-6012351,12386649
2015/02/27,0,0,0,0
2015/03/02,0,28968000,-6673868,22294132
2015/03/03,0,23680934,-2061000,21619934
2015/03/04,0,17437000,-1617000,15820000
2015/03/05,0,11315000,-4132000,7183000
2015/03/06,0,17205000,-6225000,10980000
2015/03/09,0,12154000,-8435791,3718209
2015/03/10,0,20440075,-3837000,16603075
2015/03/11,0,16158000,-6858700,9299300
2015/03/12,0,12694000,-5923000,6771000
2015/03/13,0,14156000,-10890056,3265944
2015/03/16,0,10738000,-7647614,3090386
2015/03/17,0,7453000,-5410000,2043000
2015/03/18,0,27096000,-17617046,9478954
2015/03/19,0,17172000,-9016872,8155128
2015/03/20,0,17007000,-17094000,-87000
2015/03/23,0,14355648,-11477000,2878648
2015/03/24,0,11773541,-11575000,198541
2015/03/25,0,21397000,-22203700,-806700
2015/03/26,0,24815120,-29468000,-4652880
2015/03/27,0,9765000,-13033700,-3268700
2015/03/30,0,13247000,-11051325,2195675
2015/03/31,0,20125000,-17839000,2286000
2015/04/01,0,4963000,-6316000,-1353000
2015/04/02,0,14197418,-16721000,-2523582
2015/04/03,0,0,0,0
2015/04/06,0,0,0,0
2015/04/07,0,12984000,-4634000,8350000
2015/04/08,0,9154752,-5667000,3487752
2015/04/09,0,11678000,-3498000,8180000
2015/04/10,0,15429000,-5683000,9746000
2015/04/13,0,12857588,-3737000,9120588
2015/04/14,0,18225000,-16152000,2073000
2015/04/15,0,12666000,-9392000,3274000
2015/04/16,0,22796900,-3186000,19610900
2015/04/17,0,12167163,-6133389,6033774
2015/04/20,0,12570000,-4930568,7639432
2015/04/21,0,10202611,-4046000,6156611
2015/04/22,0,29258000,-10313874,18944126
2015/04/23,0,12354000,-8492236,3861764
2015/04/24,0,15383442,-7450581,7932861
2015/04/27,0,15494000,-4979000,10515000
2015/04/28,0,11942000,-3457353,8484647
2015/04/29,0,12802000,-9606000,3196000
2015/04/30,0,18645000,-9805000,8840000
2015/05/01,0,0,0,0
2015/05/04,0,7803000,-2813000,4990000
2015/05/05,0,10332000,-1671000,8661000
2015/05/06,0,3231000,-2656000,575000
2015/05/07,0,7023561,-4672869,2350692
2015/05/08,0,7765706,-1921172,5844534
2015/05/11,0,7781000,-4338000,3443000
2015/05/12,0,10160000,-14243700,-4083700
2015/05/13,0,12000000,-8977000,3023000
2015/05/14,0,8931900,-11445790,-2513890
2015/05/15,0,5774365,-5611266,163099
2015/05/18,0,4268000,-6352000,-2084000
2015/05/19,0,7546806,-2292188,5254618
2015/05/20,0,3255000,-6051000,-2796000
2015/05/21,0,4531000,-7381000,-2850000
2015/05/22,0,5529000,-8018832,-2489832
2015/05/25,0,3715000,-4670000,-955000
2015/05/26,0,5690000,-4577420,1112580
2015/05/27,0,4653000,-3401005,1251995
2015/05/28,0,8684175,-7245274,1438901
2015/05/29,0,9210846,-9049588,161258
2015/06/01,0,4601000,-4503340,97660
2015/06/02,0,8913155,-5127000,3786155
2015/06/03,0,4127000,-5153362,-1026362
2015/06/04,0,12665500,-12686212,-20712
2015/06/05,0,6715000,-7535580,-820580
2015/06/08,0,2851000,-7461064,-4610064
2015/06/09,0,4808000,-7239265,-2431265
2015/06/10,0,4247592,-10631000,-6383408
2015/06/11,0,4619000,-7982039,-3363039
2015/06/12,0,5437400,-6675609,-1238209
2015/06/15,0,4846000,-5694000,-848000
2015/06/16,0,5900000,-6183000,-283000
2015/06/17,0,10481986,-10789419,-307433
2015/06/18,0,9106000,-9608466,-502466
2015/06/19,0,0,0,0
2015/06/22,0,6199861,-4881894,1317967
2015/06/23,0,5942000,-8911139,-2969139
2015/06/24,0,2923470,-6146221,-3222751
2015/06/25,0,8156271,-8384607,-228336
2015/06/26,0,4603000,-5256263,-653263
2015/06/29,0,3821000,-3496534,324466
2015/06/30,0,16806491,-17764436,-957945
2015/07/01,0,6427000,-8138826,-1711826
2015/07/02,0,7171582,-8102243,-930661
2015/07/03,0,4304000,-4621000,-317000
2015/07/06,0,4486000,-3997000,489000
2015/07/07,0,9549000,-12634686,-3085686
2015/07/08,0,8837906,-23025000,-14187094
2015/07/09,0,4479000,-12712473,-8233473
2015/07/10,0,0,0,0
2015/07/13,0,11229534,-12929902,-1700368
2015/07/14,0,7219000,-8797000,-1578000
2015/07/15,0,12657000,-19900565,-7243565
2015/07/16,0,8192000,-3761550,4430450
2015/07/17,0,11972000,-7140846,4831154
2015/07/20,0,8948864,-8166232,782632
2015/07/21,0,8325000,-7887810,437190
2015/07/22,0,4959000,-15847188,-10888188
2015/07/23,0,5060806,-8467000,-3406194
2015/07/24,0,5963418,-6866000,-902582
2015/07/27,0,4137000,-5476106,-1339106
2015/07/28,0,7593100,-11404072,-3810972
2015/07/29,0,3970000,-13771990,-9801990
2015/07/30,0,10820615,-8536000,2284615
2015/07/31,0,9555197,-8003440,1551757
2015/08/03,0,8044775,-4299000,3745775
2015/08/04,0,7035000,-11006500,-3971500
2015/08/05,0,11637000,-17137491,-5500491
2015/08/06,0,6513000,-22544150,-16031150
2015/08/07,0,14499000,-23450000,-8951000
2015/08/10,0,1797000,-4950000,-3153000
2015/08/11,0,8095000,-9392106,-1297106
2015/08/12,0,9387000,-11576000,-2189000
2015/08/13,0,4941000,-6294467,-1353467
2015/08/14,0,2576900,-4521000,-1944100
2015/08/17,0,3828036,-5654385,-1826349
2015/08/18,0,4869000,-13198553,-8329553
2015/08/19,0,13585921,-15052969,-1467048
2015/08/20,0,6548000,-13344809,-6796809
2015/08/21,0,4280000,-12533000,-8253000
2015/08/24,0,5567000,-11233609,-5666609
2015/08/25,0,11248000,-12525240,-1277240
2015/08/26,0,6878000,-9409860,-2531860
2015/08/27,0,16656000,-9890000,6766000
2015/08/28,0,7143000,-5409831,1733169
2015/08/31,0,14174305,-11100028,3074277
2015/09/01,0,4653000,-15267450,-10614450
2015/09/02,0,5859000,-7845154,-1986154
2015/09/03,0,9013000,-4505000,4508000
2015/09/04,0,2795934,-6035552,-3239618
2015/09/07,0,2683000,-4857800,-2174800
2015/09/08,0,2524000,-5466000,-2942000
2015/09/09,0,10479146,-11016000,-536854
2015/09/10,0,10715991,-10767726,-51735
2015/09/11,0,1992000,-6356000,-4364000
2015/09/14,0,5040000,-9102065,-4062065
2015/09/15,0,3964000,-7811000,-3847000
2015/09/16,0,5179000,-6305818,-1126818
2015/09/17,0,6875000,-9243159,-2368159
2015/09/18,0,8714824,-5809191,2905633
2015/09/21,0,4754000,-6467545,-1713545
2015/09/22,0,3940231,-1148433,2791798
2015/09/23,0,6602000,-6674678,-72678
2015/09/24,0,1663000,-5006000,-3343000
2015/09/25,0,2506000,-2833120,-327120
2015/09/28,0,0,0,0
2015/09/29,0,0,0,0
2015/09/30,0,11846600,-12628240,-781640
2015/10/01,0,6992000,-4970938,2021062
2015/10/02,0,2089000,-1817000,272000
2015/10/05,0,1848000,-2653000,-805000
2015/10/06,0,8089000,-1381000,6708000
2015/10/07,0,5817961,-5634000,183961
2015/10/08,0,3678000,-4451000,-773000
2015/10/09,0,0,0,0
2015/10/12,0,8088080,-5623906,2464174
2015/10/13,0,4795418,-5896340,-1100922
2015/10/14,0,5124000,-2042000,3082000
2015/10/15,0,5663000,-4376000,1287000
2015/10/16,0,8159000,-8687651,-528651
2015/10/19,0,3207000,-2078893,1128107
2015/10/20,0,3642000,-2840000,802000
2015/10/21,0,7204000,-6584000,620000
2015/10/22,0,3314000,-2852000,462000
2015/10/23,0,5581400,-447000,5134400
2015/10/26,0,6530957,-4467332,2063625
2015/10/27,0,3256000,-4840850,-1584850
2015/10/28,0,1784994,-5829050,-4044056
2015/10/29,0,2392000,-3248328,-856328
2015/10/30,0,9654000,-6622000,3032000
2015/11/02,0,7114000,-3892000,3222000
2015/11/03,0,6581000,-1565311,5015689
2015/11/04,0,8643000,-4330547,4312453
2015/11/05,0,6694000,-2756656,3937344
2015/11/06,0,2154000,-8476573,-6322573
2015/11/09,0,2715358,-4928942,-2213584
2015/11/10,0,9236000,-9895000,-659000
2015/11/11,0,5707009,-9106000,-3398991
2015/11/12,0,2842000,-4455600,-1613600
2015/11/13,0,5024776,-10882113,-5857337
2015/11/16,0,1976000,-6936977,-4960977
2015/11/17,0,1539000,-8234825,-6695825
2015/11/18,0,1129500,-5894000,-4764500
2015/11/19,0,2661000,-6363000,-3702000
2015/11/20,0,3277000,-3714000,-437000
2015/11/23,0,1915000,-3300000,-1385000
2015/11/24,0,2781000,-3781447,-1000447
2015/11/25,0,855000,-4117000,-3262000
2015/11/26,0,3647000,-1775000,1872000
2015/11/27,0,4014000,-2198000,1816000
2015/11/30,0,12843765,-23090719,-10246954
2015/12/01,0,5565636,-8945672,-3380036
2015/12/02,0,2780458,-10490832,-7710374
2015/12/03,0,4582000,-11470118,-6888118
2015/12/04,0,6867000,-11233899,-4366899
2015/12/07,0,5734288,-5830899,-96611
2015/12/08,0,2303000,-10867230,-8564230
2015/12/09,0,2896000,-5287068,-2391068
2015/12/10,0,4612000,-9346293,-4734293
2015/12/11,0,4252315,-14647877,-10395562
2015/12/14,0,525000,-8638614,-8113614
2015/12/15,0,2957193,-6181842,-3224649
2015/12/16,0,4944000,-5050000,-106000
2015/12/17,0,3234500,-6241000,-3006500
2015/12/18,0,7299871,-7530000,-230129
2015/12/21,0,5278000,-8282000,-3004000
2015/12/22,0,3362125,-4584419,-1222294
2015/12/23,0,5105000,-1005000,4100000
2015/12/24,0,1742000,-1884000,-142000
2015/12/25,0,1232000,-210000,1022000
2015/12/28,0,3513000,-967000,2546000
2015/12/29,0,1936000,-2103748,-167748
2015/12/30,0,4419030,-3046064,1372966
2015/12/31,0,2355000,-1331000,1024000
2016/01/01,0,0,0,0
2016/01/04,0,2809140,-8991000,-6181860
2016/01/05,0,3154152,-6505000,-3350848
2016/01/06,0,4364683,-8780000,-4415317
2016/01/07,0,3058786,-10594441,-7535655
2016/01/08,0,8297000,-11577654,-3280654
2016/01/11,0,12115614,-7512000,4603614
2016/01/12,0,4408000,-4117000,291000
2016/01/13,0,5784832,-4287281,1497551
2016/01/14,0,6126418,-3306000,2820418
2016/01/15,0,4689000,-7348838,-2659838
2016/01/18,0,7651872,-5839000,1812872
2016/01/19,0,3893098,-3130967,762131
2016/01/20,0,7380842,-11883000,-4502158
2016/01/21,0,6003535,-5584000,419535
2016/01/22,0,5641000,-2924000,2717000
2016/01/25,0,6401900,-2311000,4090900
2016/01/26,0,5788000,-4551000,1237000
2016/01/27,0,5386000,-2126907,3259093
2016/01/28,0,9061000,-4635591,4425409
2016/01/29,0,14555686,-5830000,8725686
2016/02/01,0,5991000,-5179000,812000
2016/02/02,0,9417688,-2502172,6915516
2016/02/03,0,7484000,-10872462,-3388462
2016/02/04,0,0,0,0
2016/02/05,0,0,0,0
2016/02/08,0,0,0,0
2016/02/09,0,0,0,0
2016/02/10,0,0,0,0
2016/02/11,0,0,0,0
2016/02/12,0,0,0,0
2016/02/15,0,15294418,-12273972,3020446
2016/02/16,0,10073290,-7265000,2808290
2016/02/17,0,10294836,-4828000,5466836
2016/02/18,0,36869000,-35282000,1587000
2016/02/19,0,5659842,-4565777,1094065
2016/02/22,0,5363500,-3006700,2356800
2016/02/23,0,5009723,-5003500,6223
2016/02/24,0,5271000,-6884564,-1613564
2016/02/25,0,5605520,-3142975,2462545
2016/02/26,0,9917000,-5886067,4030933
2016/02/29,0,0,0,0
2016/03/01,0,15086365,-9520650,5565715
2016/03/02,0,6422842,-7049000,-626158
2016/03/03,0,11816586,-3851500,7965086
2016/03/04,0,6482000,-6602000,-120000
2016/03/07,0,3936000,-5881000,-1945000
2016/03/08,0,7832755,-2877078,4955677
2016/03/09,0,6943000,-2827000,4116000
2016/03/10,0,6284000,-2202000,4082000
2016/03/11,0,11546000,-2159000,9387000
2016/03/14,0,4645000,-5163000,-518000
2016/03/15,0,4895000,-5170578,-275578
2016/03/16,0,6284000,-3356000,2928000
2016/03/17,0,7243000,-3156000,4087000
2016/03/18,0,14795000,-12626113,2168887
2016/03/21,0,12012000,-4028300,7983700
2016/03/22,0,9528745,-7838553,1690192
2016/03/23,0,5346000,-5780000,-434000
2016/03/24,0,7657000,-8572467,-915467
2016/03/25,0,914000,-8763000,-7849000
2016/03/28,0,3640000,-8796000,-5156000
2016/03/29,0,6297000,-10732340,-4435340
2016/03/30,0,8356300,-9774000,-1417700
2016/03/31,0,12917942,-15005000,-2087058
2016/04/01,0,3743701,-6606845,-2863144
2016/04/04,0,0,0,0
2016/04/05,0,0,0,0
2016/04/06,0,10040589,-14585463,-4544874
2016/04/07,0,5814000,-6822000,-1008000
2016/04/08,0,3354000,-6907000,-3553000
2016/04/11,0,4788000,-2058220,2729780
2016/04/12,0,8617286,-3298690,5318596
2016/04/13,0,10506353,-5524000,4982353
2016/04/14,0,5952000,-4508333,1443667
2016/04/15,0,11708934,-3539000,8169934
2016/04/18,0,2451000,-3801000,-1350000
2016/04/19,0,2524000,-4712000,-2188000
2016/04/20,0,2774467,-4121000,-1346533
2016/04/21,0,2109000,-1280000,829000
2016/04/22,0,1987000,-5095000,-3108000
2016/04/25,0,3543000,-2113486,1429514
2016/04/26,0,3390856,-3932000,-541144
2016/04/27,0,5594000,-8265863,-2671863
2016/04/28,0,7675521,-8964000,-1288479
2016/04/29,0,3916000,-8176808,-4260808
2016/05/02,0,0,0,0
2016/05/03,0,10425000,-13324106,-2899106
2016/05/04,0,6720000,-14435322,-7715322
2016/05/05,0,4171000,-11763000,-7592000
2016/05/06,0,1351000,-11533127,-10182127
2016/05/09,0,3227000,-4835000,-1608000
2016/05/10,0,3341000,-6254000,-2913000
2016/05/11,0,8385115,-10431000,-2045885
2016/05/12,0,9068145,-8028000,1040145
2016/05/13,0,5308000,-15028000,-9720000
2016/05/16,0,2688000,-7092000,-4404000
2016/05/17,0,4929000,-7205610,-2276610
2016/05/18,0,5612764,-6245000,-632236
2016/05/19,0,3500000,-7520000,-4020000
2016/05/20,0,4491387,-3414921,1076466
2016/05/23,0,8931530,-5117000,3814530
2016/05/24,0,6931932,-10143457,-3211525
2016/05/25,0,7830000,-4622000,3208000
2016/05/26,0,4218000,-4188000,30000
2016/05/27,0,8653924,-8501000,152924
2016/05/30,0,7078000,-3623000,3455000
2016/05/31,0,17751000,-14672448,3078552
2016/06/01,0,9247000,-4942387,4304613
2016/06/02,0,6192000,-3435700,2756300
2016/06/03,0,5791117,-3946576,1844541
2016/06/06,0,5266001,-4452000,814001
2016/06/07,0,8989000,-8167000,822000
2016/06/08,0,12578000,-9307000,3271000
2016/06/09,0,0,0,0
2016/06/10,0,0,0,0
2016/06/13,0,10568000,-9903000,665000
2016/06/14,0,11404257,-3082000,8322257
2016/06/15,0,9189000,-4365681,4823319
2016/06/16,0,6382000,-5809000,573000
2016/06/17,0,7689000,-18478509,-10789509
2016/06/20,0,6476000,-8286021,-1810021
2016/06/21,0,7489000,-7346027,142973
2016/06/22,0,7911022,-4953000,2958022
2016/06/23,0,4027000,-3752235,274765
2016/06/24,0,15479594,-13192558,2287036
2016/06/27,0,5886806,-9194000,-3307194
2016/06/28,0,17312000,-12249275,5062725
2016/06/29,0,13329300,-5712196,7617104
2016/06/30,0,10625000,-5590025,5034975
2016/07/01,0,8167000,-3204000,4963000
2016/07/04,0,7714000,-4430000,3284000
2016/07/05,0,3454000,-890124,2563876
2016/07/06,0,7137452,-5865000,1272452
2016/07/07,0,14509807,-1589304,12920503
2016/07/08,0,0,0,0
2016/07/11,0,17879000,-6439000,11440000
2016/07/12,0,12341000,-5377240,6963760
2016/07/13,0,19275000,-7651730,11623270
2016/07/14,0,8320000,-6634000,1686000
2016/07/15,0,11618968,-8696000,2922968
2016/07/18,0,8296000,-8776000,-480000
2016/07/19,0,10715448,-7445700,3269748
2016/07/20,0,11449000,-8929000,2520000
2016/07/21,0,13090894,-3838837,9252057
2016/07/22,0,4786000,-18192349,-13406349
2016/07/25,0,5116000,-8972000,-3856000
2016/07/26,0,8623000,-4638000,3985000
2016/07/27,0,7434000,-3891000,3543000
2016/07/28,0,11067000,-4710500,6356500
2016/07/29,0,5825098,-4187000,1638098
2016/08/01,0,12022592,-2126000,9896592
2016/08/02,0,7593977,-4599700,2994277
2016/08/03,0,8359008,-2615000,5744008
2016/08/04,0,7283000,-2691000,4592000
2016/08/05,0,5285000,-7468000,-2183000
2016/08/08,0,5803000,-1187000,4616000
2016/08/09,0,6460000,-523000,5937000
2016/08/10,0,5586000,-2754893,2831107
2016/08/11,0,5778000,-5072000,706000
2016/08/12,0,6328000,-6248000,80000
2016/08/15,0,4235000,-1655000,2580000
2016/08/16,0,9282000,-5865000,3417000
2016/08/17,0,4799202,-2823000,1976202
2016/08/18,0,5174200,-7228200,-2054000
2016/08/19,0,6825228,-7898390,-1073162
2016/08/22,0,3815000,-8585169,-4770169
2016/08/23,0,3071000,-5447800,-2376800
2016/08/24,0,2223000,-3951800,-1728800
2016/08/25,0,6633000,-4598800,2034200
2016/08/26,0,3209384,-2584175,625209
2016/08/29,0,3216140,-5028800,-1812660
2016/08/30,0,2331000,-7204717,-4873717
2016/08/31,0,5987215,-14279800,-8292585
2016/09/01,0,4743000,-9039040,-4296040
2016/09/02,0,12353380,-11168215,1185165
2016/09/05,0,8573250,-7909000,664250
2016/09/06,0,7815000,-10312000,-2497000
2016/09/07,0,5258000,-9651000,-4393000
2016/09/08,0,4210000,-9326984,-5116984
2016/09/09,0,3132000,-5611000,-2479000
2016/09/12,0,10876551,-20078872,-9202321
2016/09/13,0,7769624,-13751000,-5981376
2016/09/14,0,9459502,-11947895,-2488393
2016/09/15,0,0,0,0
2016/09/16,0,0,0,0
2016/09/19,0,13962009,-10458000,3504009
2016/09/20,0,6204201,-4852764,1351437
2016/09/21,0,8097000,-8598000,-501000
2016/09/22,0,4150000,-3732000,418000
2016/09/23,0,8206000,-7481000,725000
2016/09/26,0,2882222,-3103000,-220778
2016/09/27,0,0,0,0
2016/09/28,0,0,0,0
2016/09/29,0,10513000,-8211963,2301037
2016/09/30,0,10575996,-7547425,3028571
2016/10/03,0,6066108,-2230000,3836108
2016/10/04,0,10430069,-5283272,5146797
2016/10/05,0,3590590,-6056134,-2465544
2016/10/06,0,7923000,-17467185,-9544185
2016/10/07,0,5474000,-11131000,-5657000
2016/10/10,0,0,0,0
2016/10/11,0,5311074,-5382000,-70926
2016/10/12,0,9783391,-9212256,571135
2016/10/13,0,4972500,-6959000,-1986500
2016/10/14,0,1384000,-2256000,-872000
2016/10/17,0,5418000,-4486600,931400
2016/10/18,0,6409336,-7617000,-1207664
2016/10/19,0,6524680,-4234000,2290680
2016/10/20,0,2299000,-3811508,-1512508
2016/10/21,0,3240000,-6703000,-3463000
2016/10/24,0,2163001,-3067000,-903999
2016/10/25,0,2018641,-1861000,157641
2016/10/26,0,1185000,-1995000,-810000
2016/10/27,0,2024600,-4571000,-2546400
2016/10/28,0,2053000,-3071000,-1018000
2016/10/31,0,4240800,-6434000,-2193200
2016/11/01,0,1937000,-4988000,-3051000
2016/11/02,0,1278800,-2844924,-1566124
2016/11/03,0,2630000,-5946000,-3316000
2016/11/04,0,2956000,-4104000,-1148000
2016/11/07,0,3127000,-3099872,27128
2016/11/08,0,3674800,-4503000,-828200
2016/11/09,0,6059000,-9947000,-3888000
2016/11/10,0,7533000,-6332800,1200200
2016/11/11,0,5072000,-8516383,-3444383
2016/11/14,0,2017000,-6622000,-4605000
2016/11/15,0,8868000,-9162000,-294000
2016/11/16,0,11898000,-9284828,2613172
2016/11/17,0,4840347,-5813262,-972915
2016/11/18,0,6276325,-9398325,-3122000
2016/11/21,0,2703000,-4366909,-1663909
2016/11/22,0,4769000,-6388686,-1619686
2016/11/23,0,6864000,-5193643,1670357
2016/11/24,0,3967100,-6084000,-2116900
2016/11/25,0,3825000,-1378739,2446261
2016/11/28,0,5876000,-4097000,1779000
2016/11/29,0,2601000,-5322624,-2721624
2016/11/30,0,11100085,-6691830,4408255
2016/12/01,0,4906619,-5242000,-335381
2016/12/02,0,8411000,-8205000,206000
2016/12/05,0,8181000,-9267296,-1086296
2016/12/06,0,9311754,-8276000,1035754
2016/12/07,0,8824200,-11269000,-2444800
2016/12/08,0,10333000,-9163790,1169210
2016/12/09,0,9173360,-7891353,1282007
2016/12/12,0,3728283,-2005000,1723283
2016/12/13,0,8008946,-6462756,1546190
2016/12/14,0,6128020,-6663000,-534980
2016/12/15,0,5848961,-5403000,445961
2016/12/16,0,8654885,-10657279,-2002394
2016/12/19,0,4408000,-3150000,1258000
2016/12/20,0,3206415,-4045733,-839318
2016/12/21,0,5177828,-4269273,908555
2016/12/22,0,4146396,-4915000,-768604
2016/12/23,0,2115000,-4335485,-2220485
2016/12/26,0,931000,-722000,209000
2016/12/27,0,967000,-577000,390000
2016/12/28,0,3829000,-2748621,1080379
2016/12/29,0,5347394,-4805000,542394
2016/12/30,0,5131175,-2458404,2672771
2017/01/02,0,0,0,0
2017/01/03,0,1757760,-717000,1040760
2017/01/04,0,4656000,-4254000,402000
2017/01/05,0,6082215,-6156823,-74608
2017/01/06,0,7362000,-6125000,1237000
2017/01/09,0,4770000,-5286000,-516000
2017/01/10,0,3755077,-3635000,120077
2017/01/11,0,4729890,-7120000,-2390110
2017/01/12,0,9403440,-9791588,-388148
2017/01/13,0,8053935,-7027000,1026935
2017/01/16,0,5486000,-5375822,110178
2017/01/17,0,4285280,-6013458,-1728178
2017/01/18,0,7895364,-7604340,291024
2017/01/19,0,6099612,-6579068,-479456
2017/01/20,0,4379870,-7514512,-3134642
2017/01/23,0,4798000,-5101739,-303739
2017/01/24,0,5674072,-6159668,-485596
2017/01/25,0,0,0,0
2017/01/26,0,0,0,0
2017/01/27,0,0,0,0
2017/01/30,0,0,0,0
2017/01/31,0,0,0,0
2017/02/01,0,0,0,0
2017/02/02,0,10391528,-21401881,-11010353
2017/02/03,0,6099000,-12019362,-5920362
2017/02/06,0,7054263,-6945034,109229
2017/02/07,0,6285825,-6995729,-709904
2017/02/08,0,7212220,-8631711,-1419491
2017/02/09,0,9980854,-6233191,3747663
2017/02/10,0,10988822,-8216550,2772272
2017/02/13,0,8909970,-7430994,1478976
2017/02/14,0,8887160,-5072842,3814318
2017/02/15,0,8030000,-4561000,3469000
2017/02/16,0,8422160,-5910656,2511504
2017/02/17,0,3813000,-4527312,-714312
2017/02/20,0,4888000,-3255000,1633000
2017/02/21,0,8031000,-5514000,2517000
2017/02/22,0,5898206,-4293726,1604480
2017/02/23,0,8237000,-6504000,1733000
2017/02/24,0,12014779,-12587512,-572733
2017/02/27,0,0,0,0
2017/02/28,0,0,0,0
2017/03/01,0,8244375,-11646216,-3401841
2017/03/02,0,17755718,-13443830,4311888
2017/03/03,0,12358720,-5602693,6756027
2017/03/06,0,6237178,-7797711,-1560533
2017/03/07,0,6363505,-6278746,84759
2017/03/08,0,7377000,-7870845,-493845
2017/03/09,0,9412705,-19983000,-10570295
2017/03/10,0,7157900,-7045113,112787
2017/03/13,0,6897930,-2722000,4175930
2017/03/14,0,12779405,-7293355,5486050
2017/03/15,0,5273000,-3086465,2186535
2017/03/16,0,7499538,-2440000,5059538
2017/03/17,0,9861980,-3336083,6525897
2017/03/20,0,5971000,-5808000,163000
2017/03/21,0,9880715,-13509000,-3628285
2017/03/22,0,7595676,-5119482,2476194
2017/03/23,0,5340463,-6983391,-1642928
2017/03/24,0,7068948,-5558476,1510472
2017/03/27,0,6613500,-3006500,3607000
2017/03/28,0,8117960,-4786951,3331009
2017/03/29,0,7632960,-7148127,484833
2017/03/30,0,9812000,-13974756,-4162756
2017/03/31,0,10574000,-8148596,2425404
2017/04/03,0,0,0,0
2017/04/04,0,0,0,0
2017/04/05,0,14667624,-7250000,7417624
2017/04/06,0,11102000,-8736000,2366000
2017/04/07,0,7598000,-10530000,-2932000
2017/04/10,0,17415000,-4439000,12976000
2017/04/11,0,16386955,-8936300,7450655
2017/04/12,0,5230000,-8411388,-3181388
2017/04/13,0,6807000,-4612986,2194014
2017/04/14,0,1005500,-950000,55500
2017/04/17,0,2567000,-2352000,215000
2017/04/18,0,12236000,-9062425,3173575
2017/04/19,0,5913000,-4349780,1563220
2017/04/20,0,10642192,-5307570,5334622
2017/04/21,0,5352850,-3443001,1909849
2017/04/24,0,2938000,-782000,2156000
2017/04/25,0,8453809,-4998877,3454932
2017/04/26,0,8746000,-5990000,2756000
2017/04/27,0,3408000,-4612896,-1204896
2017/04/28,0,6405500,-8180049,-1774549
2017/05/01,0,0,0,0
2017/05/02,0,8165870,-1794000,6371870
2017/05/03,0,4913000,-1986300,2926700
2017/05/04,0,4224713,-1394900,2829813
2017/05/05,0,3295790,-2892000,403790
2017/05/08,0,7550950,-5583000,1967950
2017/05/09,0,5498085,-3770800,1727285
2017/05/10,0,6829690,-5088000,1741690
2017/05/11,0,12229670,-17522666,-5292996
2017/05/12,0,7974000,-6947000,1027000
2017/05/15,0,8016365,-2896074,5120291
2017/05/16,0,11341000,-8550411,2790589
2017/05/17,0,7757424,-3851624,3905800
2017/05/18,0,12753590,-6008000,6745590
2017/05/19,0,2979479,-2795000,184479
2017/05/22,0,1602325,-3050822,-1448497
2017/05/23,0,6103400,-2245109,3858291
2017/05/24,0,1930000,-7278000,-5348000
2017/05/25,0,5086000,-5220391,-134391
2017/05/26,0,0,0,0
2017/05/29,0,0,0,0
2017/05/30,0,0,0,0
2017/05/31,0,12462000,-15263682,-2801682
2017/06/01,0,8441000,-3429934,5011066
2017/06/02,0,3158740,-2748000,410740
2017/06/05,0,3028000,-3188000,-160000
2017/06/06,0,4566384,-4322000,244384
2017/06/07,0,6966320,-8050000,-1083680
2017/06/08,0,5116540,-8420745,-3304205
2017/06/09,0,6868000,-7827563,-959563
2017/06/12,0,4071766,-3779704,292062
2017/06/13,0,2316000,-3164419,-848419
2017/06/14,0,6064000,-4958472,1105528
2017/06/15,0,8238000,-5317086,2920914
2017/06/16,0,4967000,-4131180,835820
2017/06/19,0,4818970,-4970177,-151207
2017/06/20,0,8179926,-10684498,-2504572
2017/06/21,0,9983000,-12474107,-2491107
2017/06/22,0,11596018,-13692119,-2096101
2017/06/23,0,13179052,-14536441,-1357389
2017/06/26,0,11440000,-10695198,744802
2017/06/27,0,11214000,-9875000,1339000
2017/06/28,0,8699906,-9601000,-901094
2017/06/29,0,5421761,-7012000,-1590239
2017/06/30,0,7744000,-7598000,146000
2017/07/03,0,5476000,-4562415,913585
2017/07/04,0,6250000,-6038000,212000
2017/07/05,0,5551000,-3469226,2081774
2017/07/06,0,3880500,-3711202,169298
2017/07/07,0,2271755,-2704560,-432805
2017/07/10,0,10937647,-4016417,6921230
2017/07/11,0,12187157,-2715789,9471368
2017/07/12,0,10949000,-11247258,-298258
2017/07/13,0,10148273,-8663682,1484591
2017/07/14,0,2708103,-2456000,252103
2017/07/17,0,2064000,-3744000,-1680000
2017/07/18,0,2340467,-6111669,-3771202
2017/07/19,0,6356207,-7957610,-1601403
2017/07/20,0,1854351,-5518102,-3663751
2017/07/21,0,1776220,-2537763,-761543
2017/07/24,0,1893837,-3226000,-1332163
2017/07/25,0,1390000,-1796481,-406481
2017/07/26,0,969000,-3644509,-2675509
2017/07/27,0,12511000,-2111517,10399483
2017/07/28,0,2791302,-2335985,455317
2017/07/31,0,7690000,-5941439,1748561
2017/08/01,0,4748000,-2244000,2504000
2017/08/02,0,6114500,-1907000,4207500
2017/08/03,0,4169262,-4077140,92122
2017/08/04,0,3835000,-1574000,2261000
2017/08/07,0,6560217,-6544281,15936
2017/08/08,0,7185100,-7591903,-406803
2017/08/09,0,7341768,-4098000,3243768
2017/08/10,0,8649923,-8867500,-217577
2017/08/11,0,17384000,-9075000,8309000
2017/08/14,0,7022000,-7628920,-606920
2017/08/15,0,9708000,-10122000,-414000
2017/08/16,0,5864000,-8184000,-2320000
2017/08/17,0,5204000,-7259000,-2055000
2017/08/18,0,9212000,-4345000,4867000
