Date,Open,Buy,Sell,Total
2007/01/02,0,1016000,-979000,37000
2007/01/03,0,2505000,-4734000,-2229000
2007/01/04,0,6460200,-4574902,1885298
2007/01/05,0,5088000,-5561947,-473947
2007/01/08,0,2481000,-5890773,-3409773
2007/01/09,0,4249000,-4219801,29199
2007/01/10,0,1022000,-3613000,-2591000
2007/01/11,0,2960000,-1568000,1392000
2007/01/12,0,8636000,-8935000,-299000
2007/01/15,0,5239000,-2756865,2482135
2007/01/16,0,2007000,-2051000,-44000
2007/01/17,0,4669000,-8003445,-3334445
2007/01/18,0,5767000,-7545000,-1778000
2007/01/19,0,8533000,-8716000,-183000
2007/01/22,0,6304000,-6028749,275251
2007/01/23,0,7474043,-7868001,-393958
2007/01/24,0,22288000,-16784993,5503007
2007/01/25,0,22005000,-9576689,12428311
2007/01/26,0,11796000,-4913000,6883000
2007/01/29,0,7335000,-2286232,5048768
2007/01/30,0,10074000,-4172192,5901808
2007/01/31,0,13786000,-8187324,5598676
2007/02/01,0,16652000,-8530000,8122000
2007/02/02,0,14796000,-10074106,4721894
2007/02/05,0,9970000,-6256261,3713739
2007/02/06,0,11228000,-11963655,-735655
2007/02/07,0,5246200,-2455000,2791200
2007/02/08,0,4012000,-5599890,-1587890
2007/02/09,0,7784000,-5342288,2441712
2007/02/12,0,5917000,-6745787,-828787
2007/02/13,0,9286745,-9161645,125100
2007/02/14,0,9633000,-8689401,943599
2007/02/15,0,0,0,0
2007/02/16,0,0,0,0
2007/02/19,0,0,0,0
2007/02/20,0,0,0,0
2007/02/21,0,0,0,0
2007/02/22,0,0,0,0
2007/02/23,0,0,0,0
2007/02/26,0,21001000,-15325064,5675936
2007/02/27,0,7577000,-3293101,4283899
2007/02/28,0,0,0,0
2007/03/01,0,15801000,-12298956,3502044
2007/03/02,0,10905000,-5632977,5272023
2007/03/05,0,22531000,-15047733,7483267
2007/03/06,0,14614000,-12150922,2463078
2007/03/07,0,19547000,-18829501,717499
2007/03/08,0,16653000,-15645500,1007500
2007/03/09,0,16219000,-15535432,683568
2007/03/12,0,7372000,-3944067,3427933
2007/03/13,0,8433000,-5889662,2543338
2007/03/14,0,15068000,-13679365,1388635
2007/03/15,0,8216000,-5801000,2415000
2007/03/16,0,9464500,-6418950,3045550
2007/03/19,0,2973000,-2706861,266139
2007/03/20,0,6713000,-3651027,3061973
2007/03/21,0,5230000,-2194900,3035100
2007/03/22,0,10344000,-5606791,4737209
2007/03/23,0,9653000,-3236000,6417000
2007/03/26,0,4643000,-3295000,1348000
2007/03/27,0,7257000,-4681959,2575041
2007/03/28,0,3391000,-3860928,-469928
2007/03/29,0,12588011,-13801000,-1212989
2007/03/30,0,2316000,-3179853,-863853
2007/04/02,0,3148000,-1648033,1499967
2007/04/03,0,5512800,-2188000,3324800
2007/04/04,0,8422000,-3754000,4668000
2007/04/05,0,0,0,0
2007/04/06,0,0,0,0
2007/04/09,0,10802000,-3849000,6953000
2007/04/10,0,12290000,-7990000,4300000
2007/04/11,0,6773000,-3067000,3706000
2007/04/12,0,5960000,-5540000,420000
2007/04/13,0,7862000,-5714701,2147299
2007/04/16,0,7759000,-4858000,2901000
2007/04/17,0,6805000,-2268442,4536558
2007/04/18,0,6371600,-9834000,-3462400
2007/04/19,0,24895800,-34497397,-9601597
2007/04/20,0,8843000,-7357000,1486000
2007/04/23,0,5002000,-3485906,1516094
2007/04/24,0,2746000,-8426000,-5680000
2007/04/25,0,2491000,-5595000,-3104000
2007/04/26,0,7045746,-6625000,420746
2007/04/27,0,4064000,-2773100,1290900
2007/04/30,0,4014000,-4634748,-620748
2007/05/01,0,0,0,0
2007/05/02,0,13085000,-8787000,4298000
2007/05/03,0,6952000,-5288000,1664000
2007/05/04,0,6850000,-1702000,5148000
2007/05/07,0,23886000,-13242000,10644000
2007/05/08,0,6596000,-8320795,-1724795
2007/05/09,0,2615000,-2872000,-257000
2007/05/10,0,8112000,-9051000,-939000
2007/05/11,0,9099000,-13417942,-4318942
2007/05/14,0,4145000,-5055000,-910000
2007/05/15,0,3302000,-7129441,-3827441
2007/05/16,0,4282000,-9306000,-5024000
2007/05/17,0,3107000,-10711389,-7604389
2007/05/18,0,2021000,-8678000,-6657000
2007/05/21,0,3490000,-6208000,-2718000
2007/05/22,0,8422000,-7835192,586808
2007/05/23,0,8066000,-5701000,2365000
2007/05/24,0,6045000,-1095500,4949500
2007/05/25,0,8188000,-7482000,706000
2007/05/28,0,4423000,-1636000,2787000
2007/05/29,0,9979000,-5878000,4101000
2007/05/30,0,7477000,-4928000,2549000
2007/05/31,0,5143000,-3557749,1585251
2007/06/01,0,6213000,-5199000,1014000
2007/06/04,0,4596000,-2175081,2420919
2007/06/05,0,5502000,-4287000,1215000
2007/06/06,0,2232900,-1580000,652900
2007/06/07,0,7545000,-4253000,3292000
2007/06/08,0,9400000,-10704763,-1304763
2007/06/11,0,6364000,-5882000,482000
2007/06/12,0,8109000,-5903000,2206000
2007/06/13,0,6144000,-6344000,-200000
2007/06/14,0,4229333,-3299000,930333
2007/06/15,0,7601334,-3803000,3798334
2007/06/18,0,0,0,0
2007/06/19,0,0,0,0
2007/06/20,0,14760333,-10557906,4202427
2007/06/21,0,11836000,-8820000,3016000
2007/06/22,0,5090000,-6357000,-1267000
2007/06/25,0,6647000,-10553350,-3906350
2007/06/26,0,6845907,-11871359,-5025452
2007/06/27,0,8929000,-11151797,-2222797
2007/06/28,0,12282000,-11881000,401000
2007/06/29,0,4972000,-6979748,-2007748
2007/07/02,0,3588000,-6029000,-2441000
2007/07/03,0,3612000,-7214747,-3602747
2007/07/04,0,1847000,-1900000,-53000
2007/07/05,0,9768000,-7845086,1922914
2007/07/06,0,3581000,-4601000,-1020000
2007/07/09,0,10565000,-4231647,6333353
2007/07/10,0,5877000,-6553000,-676000
2007/07/11,0,3717200,-9554000,-5836800
2007/07/12,0,9049100,-7550000,1499100
2007/07/13,0,5986000,-5864234,121766
2007/07/16,0,7799000,-10225581,-2426581
2007/07/17,0,10382600,-14695000,-4312400
2007/07/18,0,7017510,-4358439,2659071
2007/07/19,0,2509000,-3782000,-1273000
2007/07/20,0,6928000,-7812000,-884000
2007/07/23,0,3619043,-12660000,-9040957
2007/07/24,0,9870219,-11999219,-2129000
2007/07/25,0,3697000,-9424700,-5727700
2007/07/26,0,6000275,-12345915,-6345640
2007/07/27,0,5414000,-20962330,-15548330
2007/07/30,0,4902000,-11436350,-6534350
2007/07/31,0,4572000,-11662000,-7090000
2007/08/01,0,3207000,-11794000,-8587000
2007/08/02,0,6395000,-5695000,700000
2007/08/03,0,13168000,-3858617,9309383
2007/08/06,0,9708406,-5628200,4080206
2007/08/07,0,1885000,-6707000,-4822000
2007/08/08,0,3633000,-3697000,-64000
2007/08/09,0,5131000,-2265434,2865566
2007/08/10,0,5248000,-7068865,-1820865
2007/08/13,0,2467000,-2067000,400000
2007/08/14,0,5420130,-5690000,-269870
2007/08/15,0,5738000,-11220000,-5482000
2007/08/16,0,9548000,-21843188,-12295188
2007/08/17,0,3554000,-17690000,-14136000
2007/08/20,0,13708000,-21485000,-7777000
2007/08/21,0,3647115,-1261000,2386115
2007/08/22,0,8290302,-5946802,2343500
2007/08/23,0,10512901,-3269000,7243901
2007/08/24,0,8162000,-8159828,2172
2007/08/27,0,6135448,-553000,5582448
2007/08/28,0,15431766,-6765000,8666766
2007/08/29,0,10221543,-5980000,4241543
2007/08/30,0,6171000,-1536874,4634126
2007/08/31,0,9625200,-3911690,5713510
2007/09/03,0,8493828,-6527018,1966810
2007/09/04,0,11878000,-9285154,2592846
2007/09/05,0,9624000,-3752564,5871436
2007/09/06,0,4060000,-1835519,2224481
2007/09/07,0,7744810,-2723009,5021801
2007/09/10,0,5886000,-4845570,1040430
2007/09/11,0,3427000,-2839718,587282
2007/09/12,0,3750000,-1649000,2101000
2007/09/13,0,4122000,-5992000,-1870000
2007/09/14,0,7290000,-371000,6919000
2007/09/17,0,2855585,-4117778,-1262193
2007/09/18,0,0,0,0
2007/09/19,0,18645000,-4701636,13943364
2007/09/20,0,14685000,-2209000,12476000
2007/09/21,0,7169000,-7583706,-414706
2007/09/24,0,0,0,0
2007/09/25,0,0,0,0
2007/09/26,0,11016000,-4947787,6068213
2007/09/27,0,10888000,-2333674,8554326
2007/09/28,0,7531000,-3085748,4445252
2007/10/01,0,6666000,-10120417,-3454417
2007/10/02,0,14600314,-9889123,4711191
2007/10/03,0,12898466,-14719158,-1820692
2007/10/04,0,7036000,-9566321,-2530321
2007/10/05,0,3382710,-5431900,-2049190
2007/10/08,0,7765000,-8346342,-581342
2007/10/09,0,6714000,-3152242,3561758
2007/10/10,0,0,0,0
2007/10/11,0,13729000,-14307996,-578996
2007/10/12,0,11029000,-13607000,-2578000
2007/10/15,0,5069000,-4729565,339435
2007/10/16,0,5732088,-3905933,1826155
2007/10/17,0,5978000,-4888000,1090000
2007/10/18,0,9927000,-5688067,4238933
2007/10/19,0,4435000,-3160912,1274088
2007/10/22,0,4303000,-9518891,-5215891
2007/10/23,0,5107000,-5753818,-646818
2007/10/24,0,6702755,-6898494,-195739
2007/10/25,0,6052203,-13256937,-7204734
2007/10/26,0,2885015,-4022689,-1137674
2007/10/29,0,7457000,-7626918,-169918
2007/10/30,0,3628000,-8185469,-4557469
2007/10/31,0,8909000,-10538180,-1629180
2007/11/01,0,7034000,-16510100,-9476100
2007/11/02,0,2785000,-25443854,-22658854
2007/11/05,0,3074000,-18531749,-15457749
2007/11/06,0,6351937,-7993129,-1641192
2007/11/07,0,4283896,-9232343,-4948447
2007/11/08,0,8345000,-10356857,-2011857
2007/11/09,0,6048218,-14316365,-8268147
2007/11/12,0,2522000,-10904149,-8382149
2007/11/13,0,9310000,-25805037,-16495037
2007/11/14,0,16480000,-22780638,-6300638
2007/11/15,0,4678370,-4604294,74076
2007/11/16,0,6211119,-9944463,-3733344
2007/11/19,0,6306535,-7473781,-1167246
2007/11/20,0,10129000,-11093778,-964778
2007/11/21,0,1716000,-15398303,-13682303
2007/11/22,0,8886000,-17634960,-8748960
2007/11/23,0,829000,-10164834,-9335834
2007/11/26,0,4576000,-9263922,-4687922
2007/11/27,0,11457000,-20226727,-8769727
2007/11/28,0,10346000,-14529916,-4183916
2007/11/29,0,10819033,-8747720,2071313
2007/11/30,0,9242092,-7025000,2217092
2007/12/03,0,3783707,-2429170,1354537
2007/12/04,0,7013827,-7547157,-533330
2007/12/05,0,6232000,-6100491,131509
2007/12/06,0,12616000,-6338495,6277505
2007/12/07,0,21840000,-25669241,-3829241
2007/12/10,0,5727000,-5317279,409721
2007/12/11,0,3890000,-2969359,920641
2007/12/12,0,22382000,-27264146,-4882146
2007/12/13,0,18897000,-27987040,-9090040
2007/12/14,0,8838000,-11889519,-3051519
2007/12/17,0,3026000,-7382372,-4356372
2007/12/18,0,26641000,-28930258,-2289258
2007/12/19,0,23456000,-26731386,-3275386
2007/12/20,0,11533000,-4368000,7165000
2007/12/21,0,3200000,-4226000,-1026000
2007/12/24,0,1155000,-4365300,-3210300
2007/12/25,0,49000,-239621,-190621
2007/12/26,0,515000,-287000,228000
2007/12/27,0,4454000,-836000,3618000
2007/12/28,0,2795000,-3422897,-627897
2007/12/31,0,474000,-734000,-260000
2008/01/01,0,0,0,0
2008/01/02,0,767000,-5159624,-4392624
2008/01/03,0,4991300,-7229309,-2238009
2008/01/04,0,6543000,-9771650,-3228650
2008/01/07,0,17699000,-13948081,3750919
2008/01/08,0,13097000,-19469692,-6372692
2008/01/09,0,12172001,-23148968,-10976967
2008/01/10,0,20926000,-27166448,-6240448
2008/01/11,0,25270752,-27705334,-2434582
2008/01/14,0,14859000,-18667741,-3808741
2008/01/15,0,20100000,-28466766,-8366766
2008/01/16,0,21561725,-34478364,-12916639
2008/01/17,0,20054962,-23659555,-3604593
2008/01/18,0,21726834,-25338689,-3611855
2008/01/21,0,7807647,-18435000,-10627353
2008/01/22,0,3126000,-11835231,-8709231
2008/01/23,0,9208000,-12555288,-3347288
2008/01/24,0,13554000,-11184651,2369349
2008/01/25,0,12684000,-10364000,2320000
2008/01/28,0,10903000,-19742000,-8839000
2008/01/29,0,11065000,-7773526,3291474
2008/01/30,0,12536804,-12685828,-149024
2008/01/31,0,31465000,-9058402,22406598
2008/02/01,0,6286000,-4070154,2215846
2008/02/04,0,0,0,0
2008/02/05,0,0,0,0
2008/02/06,0,0,0,0
2008/02/07,0,0,0,0
2008/02/08,0,0,0,0
2008/02/11,0,0,0,0
2008/02/12,0,7410000,-7585619,-175619
2008/02/13,0,5942000,-7291000,-1349000
2008/02/14,0,9267000,-5824187,3442813
2008/02/15,0,12608000,-7440061,5167939
2008/02/18,0,6702000,-4655661,2046339
2008/02/19,0,3181200,-3273077,-91877
2008/02/20,0,4399000,-6919893,-2520893
2008/02/21,0,12478203,-2914951,9563252
2008/02/22,0,3029000,-7177000,-4148000
2008/02/25,0,9247000,-3996227,5250773
2008/02/26,0,5679000,-5424000,255000
2008/02/27,0,12161000,-11225500,935500
2008/02/28,0,0,0,0
2008/02/29,0,7588471,-17469118,-9880647
2008/03/03,0,2139000,-6807000,-4668000
2008/03/04,0,4242000,-15657851,-11415851
2008/03/05,0,2339000,-1860000,479000
2008/03/06,0,7429000,-12684677,-5255677
2008/03/07,0,3396200,-51199960,-47803760
2008/03/10,0,7582000,-10072559,-2490559
2008/03/11,0,6416000,-10107000,-3691000
2008/03/12,0,10313890,-2204060,8109830
2008/03/13,0,5630000,-7853000,-2223000
2008/03/14,0,5856000,-5073890,782110
2008/03/17,0,643000,-8531000,-7888000
2008/03/18,0,1566000,-13649261,-12083261
2008/03/19,0,8548710,-2606493,5942217
2008/03/20,0,8958000,-11742705,-2784705
2008/03/21,0,14895000,-865000,14030000
2008/03/24,0,33242000,-3226900,30015100
2008/03/25,0,12693000,-4927760,7765240
2008/03/26,0,4140000,-3473944,666056
2008/03/27,0,5047255,-10440049,-5392794
2008/03/28,0,7257255,-11815850,-4558595
2008/03/31,0,5519747,-9186076,-3666329
2008/04/01,0,13848407,-4788000,9060407
2008/04/02,0,15659000,-8462000,7197000
2008/04/03,0,21012000,-5167200,15844800
2008/04/04,0,0,0,0
2008/04/07,0,14172000,-9629246,4542754
2008/04/08,0,9884000,-6204000,3680000
2008/04/09,0,8707000,-7593000,1114000
2008/04/10,0,8719000,-4565613,4153387
2008/04/11,0,4979000,-5007126,-28126
2008/04/14,0,11036000,-18648694,-7612694
2008/04/15,0,2790000,-15169254,-12379254
2008/04/16,0,10992000,-10846500,145500
2008/04/17,0,35845000,-5281978,30563022
2008/04/18,0,15937000,-15144324,792676
2008/04/21,0,10692000,-23269953,-12577953
2008/04/22,0,7694000,-34191395,-26497395
2008/04/23,0,1576000,-16626519,-15050519
2008/04/24,0,1912000,-4725000,-2813000
2008/04/25,0,2608000,-3660754,-1052754
2008/04/28,0,4121000,-1455868,2665132
2008/04/29,0,3951000,-11961678,-8010678
2008/04/30,0,1767860,-10381560,-8613700
2008/05/01,0,0,0,0
2008/05/02,0,20417000,-25587123,-5170123
2008/05/05,0,11114000,-21926013,-10812013
2008/05/06,0,7295500,-17974990,-10679490
2008/05/07,0,6232767,-8504156,-2271389
2008/05/08,0,3037000,-5702150,-2665150
2008/05/09,0,7438000,-3689000,3749000
2008/05/12,0,3696000,-1331000,2365000
2008/05/13,0,8416000,-3763000,4653000
2008/05/14,0,4014879,-4870425,-855546
2008/05/15,0,12401000,-1131897,11269103
2008/05/16,0,8183000,-1582274,6600726
2008/05/19,0,1853000,-1486000,367000
2008/05/20,0,2867000,-8578097,-5711097
2008/05/21,0,4255000,-4062902,192098
2008/05/22,0,926000,-5174921,-4248921
2008/05/23,0,4176000,-3422000,754000
2008/05/26,0,8662000,-17327000,-8665000
2008/05/27,0,4183000,-3262583,920417
2008/05/28,0,4703000,-5725815,-1022815
2008/05/29,0,7327000,-3628167,3698833
2008/05/30,0,7609178,-9071037,-1461859
2008/06/02,0,2050000,-2269314,-219314
2008/06/03,0,1786000,-7279333,-5493333
2008/06/04,0,4253000,-5717297,-1464297
2008/06/05,0,4455000,-4146968,308032
2008/06/06,0,6445000,-5960873,484127
2008/06/09,0,762000,-2452000,-1690000
2008/06/10,0,1598000,-7441441,-5843441
2008/06/11,0,2048000,-2404701,-356701
2008/06/12,0,2654000,-7403850,-4749850
2008/06/13,0,1856000,-5848272,-3992272
2008/06/16,0,5937000,-6884303,-947303
2008/06/17,0,6603233,-10066158,-3462925
2008/06/18,0,4108000,-12287488,-8179488
2008/06/19,0,5108000,-11159188,-6051188
2008/06/20,0,4377964,-12429356,-8051392
2008/06/23,0,2737000,-2675234,61766
2008/06/24,0,6032100,-5855000,177100
2008/06/25,0,4304000,-6708831,-2404831
2008/06/26,0,2960500,-4693028,-1732528
2008/06/27,0,7105000,-10686152,-3581152
2008/06/30,0,4092100,-2322000,1770100
2008/07/01,0,2292500,-4847100,-2554600
2008/07/02,0,3456000,-6202610,-2746610
2008/07/03,0,3520000,-15608500,-12088500
2008/07/04,0,1016000,-10275000,-9259000
2008/07/07,0,3231000,-956000,2275000
2008/07/08,0,3320000,-8032000,-4712000
2008/07/09,0,7787000,-6991404,795596
2008/07/10,0,7536000,-4603025,2932975
2008/07/11,0,9011695,-5189000,3822695
2008/07/14,0,4810000,-5167931,-357931
2008/07/15,0,795000,-5172000,-4377000
2008/07/16,0,5269300,-4203000,1066300
2008/07/17,0,10007000,-8463233,1543767
2008/07/18,0,5073000,-6399000,-1326000
2008/07/21,0,11062000,-2276755,8785245
2008/07/22,0,3557000,-9884502,-6327502
2008/07/23,0,11836019,-19309002,-7472983
2008/07/24,0,6307100,-15363758,-9056658
2008/07/25,0,2965000,-7944000,-4979000
2008/07/28,0,0,0,0
2008/07/29,0,10210000,-11116000,-906000
2008/07/30,0,9317000,-7384690,1932310
2008/07/31,0,3298000,-3872726,-574726
2008/08/01,0,11412000,-11880462,-468462
2008/08/04,0,3548000,-5285428,-1737428
2008/08/05,0,6375000,-14119000,-7744000
2008/08/06,0,10253000,-5892000,4361000
2008/08/07,0,14745000,-8031000,6714000
2008/08/08,0,18130000,-14601000,3529000
2008/08/11,0,7685000,-2164000,5521000
2008/08/12,0,8317398,-11817665,-3500267
2008/08/13,0,3383000,-5472000,-2089000
2008/08/14,0,1479000,-3375000,-1896000
2008/08/15,0,8992000,-9966000,-974000
2008/08/18,0,11314000,-7984000,3330000
2008/08/19,0,3578000,-7944415,-4366415
2008/08/20,0,4353000,-5977369,-1624369
2008/08/21,0,2463000,-4430000,-1967000
2008/08/22,0,5601000,-2071000,3530000
2008/08/25,0,5051000,-1240032,3810968
2008/08/26,0,2721000,-1563000,1158000
2008/08/27,0,12036092,-8135110,3900982
2008/08/28,0,8529000,-8706540,-177540
2008/08/29,0,17468000,-11435073,6032927
2008/09/01,0,8895000,-6815871,2079129
2008/09/02,0,5181000,-5046307,134693
2008/09/03,0,3971000,-3997400,-26400
2008/09/04,0,5915233,-10662350,-4747117
2008/09/05,0,8819960,-10190000,-1370040
2008/09/08,0,3705000,-3167702,537298
2008/09/09,0,3590000,-4803057,-1213057
2008/09/10,0,7808000,-7062200,745800
2008/09/11,0,8762000,-7073171,1688829
2008/09/12,0,6524000,-12060158,-5536158
2008/09/15,0,1528000,-3409455,-1881455
2008/09/16,0,5035938,-3001603,2034335
2008/09/17,0,7507000,-6206646,1300354
2008/09/18,0,6696000,-6186751,509249
2008/09/19,0,5486000,-1875270,3610730
2008/09/22,0,22877440,-8042000,14835440
2008/09/23,0,18668820,-16695218,1973602
2008/09/24,0,5200000,-9145197,-3945197
2008/09/25,0,6525000,-6405810,119190
2008/09/26,0,16606033,-11284000,5322033
2008/09/29,0,0,0,0
2008/09/30,0,8114480,-16915042,-8800562
2008/10/01,0,3220000,-7148190,-3928190
2008/10/02,0,1899000,-8813000,-6914000
2008/10/03,0,11337000,-10361000,976000
2008/10/06,0,2899907,-11474910,-8575003
2008/10/07,0,4810293,-3517000,1293293
2008/10/08,0,1379000,-7628257,-6249257
2008/10/09,0,5207000,-7853604,-2646604
2008/10/10,0,0,0,0
2008/10/13,0,1789000,-3774470,-1985470
2008/10/14,0,4102000,-4789452,-687452
2008/10/15,0,11342000,-10373000,969000
2008/10/16,0,1575000,-2420815,-845815
2008/10/17,0,2229000,-10862261,-8633261
2008/10/20,0,3600000,-3939501,-339501
2008/10/21,0,3537000,-7520016,-3983016
2008/10/22,0,3837000,-5706000,-1869000
2008/10/23,0,3824763,-2921000,903763
2008/10/24,0,1822000,-2532934,-710934
2008/10/27,0,2755000,-3969684,-1214684
2008/10/28,0,4922000,-4019615,902385
2008/10/29,0,18318712,-11068962,7249750
2008/10/30,0,7563100,-4569267,2993833
2008/10/31,0,8000000,-8823000,-823000
2008/11/03,0,13956000,-7759878,6196122
2008/11/04,0,8898540,-15806226,-6907686
2008/11/05,0,10427000,-8645800,1781200
2008/11/06,0,1382000,-3719720,-2337720
2008/11/07,0,3029635,-7636673,-4607038
2008/11/10,0,6539000,-1914365,4624635
2008/11/11,0,4137000,-2504648,1632352
2008/11/12,0,3775000,-5508000,-1733000
2008/11/13,0,6290000,-8220428,-1930428
2008/11/14,0,7796000,-14240485,-6444485
2008/11/17,0,2116000,-4652000,-2536000
2008/11/18,0,1080000,-7517180,-6437180
2008/11/19,0,4832000,-9265155,-4433155
2008/11/20,0,5663000,-10466004,-4803004
2008/11/21,0,4442000,-15990773,-11548773
2008/11/24,0,4462000,-5163000,-701000
2008/11/25,0,15901000,-3379493,12521507
2008/11/26,0,5141000,-4233212,907788
2008/11/27,0,8329000,-3986980,4342020
2008/11/28,0,5662000,-2704308,2957692
2008/12/01,0,4894190,-3867190,1027000
2008/12/02,0,5437000,-9594000,-4157000
2008/12/03,0,3297610,-10717711,-7420101
2008/12/04,0,8883000,-22111457,-13228457
2008/12/05,0,4041000,-4444029,-403029
2008/12/08,0,11751590,-10399501,1352089
2008/12/09,0,5576590,-9979828,-4403238
2008/12/10,0,7858000,-4429240,3428760
2008/12/11,0,13335768,-12399738,936030
2008/12/12,0,17547205,-9772780,7774425
2008/12/15,0,7984000,-2067500,5916500
2008/12/16,0,17506000,-7364000,10142000
2008/12/17,0,15040000,-3103089,11936911
2008/12/18,0,12646900,-4850000,7796900
2008/12/19,0,13306000,-4466000,8840000
2008/12/22,0,15653000,-9395435,6257565
2008/12/23,0,2966000,-6341000,-3375000
2008/12/24,0,4957000,-5964552,-1007552
2008/12/25,0,82000,-953000,-871000
2008/12/26,0,516000,-1832000,-1316000
2008/12/29,0,1470000,-2151000,-681000
2008/12/30,0,6953000,-4251000,2702000
2008/12/31,0,966000,-3225060,-2259060
2009/01/01,0,0,0,0
2009/01/02,0,0,0,0
2009/01/05,0,7778000,-2005000,5773000
2009/01/06,0,23534000,-5240530,18293470
2009/01/07,0,5773003,-5488657,284346
2009/01/08,0,4856000,-6786020,-1930020
2009/01/09,0,14513000,-16533000,-2020000
2009/01/12,0,19661155,-16582000,3079155
2009/01/13,0,6181235,-3927000,2254235
2009/01/14,0,2237000,-10399767,-8162767
2009/01/15,0,4224000,-7764000,-3540000
2009/01/16,0,5516000,-20998910,-15482910
2009/01/19,0,1925000,-2678451,-753451
2009/01/20,0,8312000,-12117106,-3805106
2009/01/21,0,8503459,-10310665,-1807206
2009/01/22,0,0,0,0
2009/01/23,0,0,0,0
2009/01/26,0,0,0,0
2009/01/27,0,0,0,0
2009/01/28,0,0,0,0
2009/01/29,0,0,0,0
2009/01/30,0,0,0,0
2009/02/02,0,7610800,-9093317,-1482517
2009/02/03,0,6275000,-9290290,-3015290
2009/02/04,0,17616000,-12196725,5419275
2009/02/05,0,12672000,-3496000,9176000
2009/02/06,0,8875000,-6475000,2400000
2009/02/09,0,15632000,-4968006,10663994
2009/02/10,0,3384000,-8199023,-4815023
2009/02/11,0,17475000,-13272267,4202733
2009/02/12,0,16945000,-15786000,1159000
2009/02/13,0,10798520,-12393000,-1594480
2009/02/16,0,8432402,-7969526,462876
2009/02/17,0,8251000,-9872006,-1621006
2009/02/18,0,7564000,-7382870,181130
2009/02/19,0,5751000,-15380753,-9629753
2009/02/20,0,1466902,-5513902,-4047000
2009/02/23,0,10937000,-4665549,6271451
2009/02/24,0,486000,-5489770,-5003770
2009/02/25,0,8520000,-5056050,3463950
2009/02/26,0,6913000,-3746342,3166658
2009/02/27,0,4667160,-1919000,2748160
2009/03/02,0,6505000,-10421423,-3916423
2009/03/03,0,6742000,-6658000,84000
2009/03/04,0,8798000,-10546000,-1748000
2009/03/05,0,10472000,-10144000,328000
2009/03/06,0,12669000,-6939900,5729100
2009/03/09,0,9021000,-6968000,2053000
2009/03/10,0,14867000,-11240318,3626682
2009/03/11,0,10956495,-7634600,3321895
2009/03/12,0,10807000,-6412000,4395000
2009/03/13,0,11963000,-4866199,7096801
2009/03/16,0,7061000,-9763367,-2702367
2009/03/17,0,7501000,-7409546,91454
2009/03/18,0,7854000,-4570017,3283983
2009/03/19,0,10121000,-4853000,5268000
2009/03/20,0,5191000,-8027777,-2836777
2009/03/23,0,13052000,-21799000,-8747000
2009/03/24,0,14951842,-12548000,2403842
2009/03/25,0,13721000,-14975163,-1254163
2009/03/26,0,15661000,-3395000,12266000
2009/03/27,0,12792000,-15205987,-2413987
2009/03/30,0,5640000,-8364000,-2724000
2009/03/31,0,11660000,-6243046,5416954
2009/04/01,0,9296000,-7118000,2178000
2009/04/02,0,22603000,-3301000,19302000
2009/04/03,0,19602000,-8219000,11383000
2009/04/06,0,14784000,-9812000,4972000
2009/04/07,0,12418000,-11658354,759646
2009/04/08,0,20992000,-16412949,4579051
2009/04/09,0,13687000,-5576603,8110397
2009/04/10,0,7604000,-3953000,3651000
2009/04/13,0,8731000,-4434000,4297000
2009/04/14,0,15740761,-14417760,1323001
2009/04/15,0,11088000,-33017249,-21929249
2009/04/16,0,4806000,-21512100,-16706100
2009/04/17,0,17191113,-14712000,2479113
2009/04/20,0,5207000,-3443000,1764000
2009/04/21,0,6667000,-11069400,-4402400
2009/04/22,0,6506074,-4822734,1683340
2009/04/23,0,14446000,-2674000,11772000
2009/04/24,0,13860000,-9890000,3970000
2009/04/27,0,11937109,-7015382,4921727
2009/04/28,0,9601191,-5974461,3626730
2009/04/29,0,9990000,-1461139,8528861
2009/04/30,0,13781000,-352909,13428091
2009/05/01,0,0,0,0
2009/05/04,0,12980000,-2572110,10407890
2009/05/05,0,10807750,-4042000,6765750
2009/05/06,0,6349000,-6448000,-99000
2009/05/07,0,7144000,-7694372,-550372
2009/05/08,0,13911406,-25009397,-11097991
2009/05/11,0,7159000,-21783540,-14624540
2009/05/12,0,5306000,-17339000,-12033000
2009/05/13,0,4099212,-16626061,-12526849
2009/05/14,0,5909092,-6994082,-1084990
2009/05/15,0,3285000,-4426000,-1141000
2009/05/18,0,6054000,-10682020,-4628020
2009/05/19,0,13012000,-21173000,-8161000
2009/05/20,0,10152740,-8856850,1295890
2009/05/21,0,4258007,-6403000,-2144993
2009/05/22,0,2810000,-10968858,-8158858
2009/05/25,0,883000,-4766415,-3883415
2009/05/26,0,2696000,-3248089,-552089
2009/05/27,0,12917415,-8557405,4360010
2009/05/28,0,0,0,0
2009/05/29,0,0,0,0
2009/06/01,0,13475000,-12168531,1306469
2009/06/02,0,10440000,-9551000,889000
2009/06/03,0,22991000,-4896000,18095000
2009/06/04,0,29508000,-17037000,12471000
2009/06/05,0,2129946,-5375500,-3245554
2009/06/08,0,1056000,-3774000,-2718000
2009/06/09,0,4315000,-11360000,-7045000
2009/06/10,0,6404000,-1835193,4568807
2009/06/11,0,3971000,-6970000,-2999000
2009/06/12,0,8137000,-8157000,-20000
2009/06/15,0,10039720,-22571000,-12531280
2009/06/16,0,7783000,-12509320,-4726320
2009/06/17,0,3634000,-5200110,-1566110
2009/06/18,0,6113000,-11291980,-5178980
2009/06/19,0,5276004,-6450476,-1174472
2009/06/22,0,10870971,-6525238,4345733
2009/06/23,0,8255900,-13817737,-5561837
2009/06/24,0,6912000,-7318154,-406154
2009/06/25,0,3876000,-2678000,1198000
2009/06/26,0,3636000,-11096026,-7460026
2009/06/29,0,5445000,-10610139,-5165139
2009/06/30,0,4512000,-9729833,-5217833
2009/07/01,0,3604000,-5455000,-1851000
2009/07/02,0,6538000,-2483000,4055000
2009/07/03,0,4774342,-2438000,2336342
2009/07/06,0,2106800,-1702090,404710
2009/07/07,0,5581301,-4647001,934300
2009/07/08,0,2585000,-6540143,-3955143
2009/07/09,0,5455000,-3425400,2029600
2009/07/10,0,8271000,-6783587,1487413
2009/07/13,0,7388000,-9669000,-2281000
2009/07/14,0,4926000,-7505770,-2579770
2009/07/15,0,8519000,-4972800,3546200
2009/07/16,0,10606000,-5538305,5067695
2009/07/17,0,9908723,-510488,9398235
2009/07/20,0,10813000,-1304643,9508357
2009/07/21,0,10853000,-3483060,7369940
2009/07/22,0,8719000,-8728713,-9713
2009/07/23,0,5907000,-11054690,-5147690
2009/07/24,0,4661000,-7771730,-3110730
2009/07/27,0,5815000,-9370756,-3555756
2009/07/28,0,5859000,-10700000,-4841000
2009/07/29,0,10295000,-7802495,2492505
2009/07/30,0,13756000,-11201000,2555000
2009/07/31,0,9244000,-6353067,2890933
2009/08/03,0,6184000,-9974000,-3790000
2009/08/04,0,4647000,-6762010,-2115010
2009/08/05,0,6460000,-11107237,-4647237
2009/08/06,0,4012900,-9681000,-5668100
2009/08/07,0,0,0,0
2009/08/10,0,2412354,-4164610,-1752256
2009/08/11,0,3338563,-3539000,-200437
2009/08/12,0,3579000,-11207000,-7628000
2009/08/13,0,7264000,-3472000,3792000
2009/08/14,0,2661000,-4124000,-1463000
2009/08/17,0,6089000,-9626300,-3537300
2009/08/18,0,6550000,-5372100,1177900
2009/08/19,0,476000,-4051899,-3575899
2009/08/20,0,6368000,-8136710,-1768710
2009/08/21,0,6952000,-8969490,-2017490
2009/08/24,0,6232000,-9094000,-2862000
2009/08/25,0,3452144,-6736742,-3284598
2009/08/26,0,4317000,-7048029,-2731029
2009/08/27,0,2683000,-1956000,727000
2009/08/28,0,7404000,-4666000,2738000
2009/08/31,0,7074000,-7365036,-291036
2009/09/01,0,5034521,-7215643,-2181122
2009/09/02,0,10027000,-9151000,876000
2009/09/03,0,12336000,-7133000,5203000
2009/09/04,0,10038000,-7737000,2301000
2009/09/07,0,7180000,-9981000,-2801000
2009/09/08,0,17530000,-12192000,5338000
2009/09/09,0,15113000,-10742800,4370200
2009/09/10,0,17187144,-7060500,10126644
2009/09/11,0,2961537,-7476050,-4514513
2009/09/14,0,2825000,-3245000,-420000
2009/09/15,0,3175268,-9307000,-6131732
2009/09/16,0,13201000,-4747000,8454000
2009/09/17,0,9443000,-9018000,425000
2009/09/18,0,4706000,-1130000,3576000
2009/09/21,0,3408000,-3305000,103000
2009/09/22,0,6656000,-696000,5960000
2009/09/23,0,8961000,-2243000,6718000
2009/09/24,0,2828000,-2811000,17000
2009/09/25,0,7428132,-10505980,-3077848
2009/09/28,0,3158000,-4748540,-1590540
2009/09/29,0,7432430,-6577000,855430
2009/09/30,0,4985000,-3829695,1155305
2009/10/01,0,6464000,-1390900,5073100
2009/10/02,0,9276500,-10559174,-1282674
2009/10/05,0,4816046,-13689472,-8873426
2009/10/06,0,3160000,-3704000,-544000
2009/10/07,0,4844000,-1547840,3296160
2009/10/08,0,11555000,-8298882,3256118
2009/10/09,0,6219000,-3391000,2828000
2009/10/12,0,3204558,-1311621,1892937
2009/10/13,0,5535460,-6333000,-797540
2009/10/14,0,17916000,-5727842,12188158
2009/10/15,0,11470000,-4312001,7157999
2009/10/16,0,13464000,-3248325,10215675
2009/10/19,0,8475000,-5515046,2959954
2009/10/20,0,2947000,-5527000,-2580000
2009/10/21,0,3646000,-3438610,207390
2009/10/22,0,5713000,-4935000,778000
2009/10/23,0,6035000,-4088851,1946149
2009/10/26,0,3393000,-1577000,1816000
2009/10/27,0,4233000,-5546000,-1313000
2009/10/28,0,6011000,-11834000,-5823000
2009/10/29,0,1413000,-14455773,-13042773
2009/10/30,0,3814000,-3098000,716000
2009/11/02,0,2096000,-7758000,-5662000
2009/11/03,0,730000,-7326895,-6596895
2009/11/04,0,1019000,-4667932,-3648932
2009/11/05,0,421624,-1522000,-1100376
2009/11/06,0,2420150,-1105000,1315150
2009/11/09,0,2166000,-489289,1676711
2009/11/10,0,6626000,-2625692,4000308
2009/11/11,0,12349000,-7135000,5214000
2009/11/12,0,6461270,-3450000,3011270
2009/11/13,0,4132000,-1387833,2744167
2009/11/16,0,11087000,-2890680,8196320
2009/11/17,0,5049473,-3420000,1629473
2009/11/18,0,4713000,-5736152,-1023152
2009/11/19,0,2540755,-10431998,-7891243
2009/11/20,0,1798000,-19146068,-17348068
2009/11/23,0,2064000,-12153000,-10089000
2009/11/24,0,2460150,-9747000,-7286850
2009/11/25,0,9484875,-22753000,-13268125
2009/11/26,0,2077000,-13873466,-11796466
2009/11/27,0,830000,-16138000,-15308000
2009/11/30,0,2483082,-8682737,-6199655
2009/12/01,0,2300000,-11504210,-9204210
2009/12/02,0,3491000,-5248150,-1757150
2009/12/03,0,8791000,-6913610,1877390
2009/12/04,0,5404000,-7144846,-1740846
2009/12/07,0,4643100,-8205000,-3561900
2009/12/08,0,2328000,-10650399,-8322399
2009/12/09,0,835000,-23910641,-23075641
2009/12/10,0,4862000,-37127600,-32265600
2009/12/11,0,6200000,-18124000,-11924000
2009/12/14,0,4551000,-19906470,-15355470
2009/12/15,0,5194000,-25237214,-20043214
2009/12/16,0,2785000,-45326012,-42541012
2009/12/17,0,6185550,-34215465,-28029915
2009/12/18,0,3059000,-24661650,-21602650
2009/12/21,0,11054000,-6186932,4867068
2009/12/22,0,2958000,-3554605,-596605
2009/12/23,0,2817000,-2182040,634960
2009/12/24,0,3316000,-1319112,1996888
2009/12/25,0,758000,-122000,636000
2009/12/28,0,1881000,-2659000,-778000
2009/12/29,0,1073000,-4624000,-3551000
2009/12/30,0,7441000,-6092054,1348946
2009/12/31,0,1045000,-1136000,-91000
2010/01/01,0,0,0,0
2010/01/04,0,2238000,-1425000,813000
2010/01/05,0,8990000,-4042035,4947965
2010/01/06,0,13684750,-11071344,2613406
2010/01/07,0,60049200,-6124739,53924461
2010/01/08,0,20820360,-9211177,11609183
2010/01/11,0,26117000,-12606000,13511000
2010/01/12,0,14800000,-14301695,498305
2010/01/13,0,14456000,-11051635,3404365
2010/01/14,0,12917000,-2642590,10274410
2010/01/15,0,5232000,-2171000,3061000
2010/01/18,0,2449150,-860000,1589150
2010/01/19,0,9158000,-2549470,6608530
2010/01/20,0,11419000,-4113000,7306000
2010/01/21,0,5425000,-1695140,3729860
2010/01/22,0,7569000,-5276200,2292800
2010/01/25,0,3330280,-5739177,-2408897
2010/01/26,0,8352000,-6058000,2294000
2010/01/27,0,4893000,-2689730,2203270
2010/01/28,0,5542035,-7495437,-1953402
2010/01/29,0,8405865,-12190310,-3784445
2010/02/01,0,14302132,-17788080,-3485948
2010/02/02,0,4322000,-6776830,-2454830
2010/02/03,0,8221530,-8177450,44080
2010/02/04,0,1615000,-15508000,-13893000
2010/02/05,0,3830000,-13760750,-9930750
2010/02/08,0,11734405,-6101875,5632530
2010/02/09,0,5564000,-6754427,-1190427
2010/02/10,0,11797000,-6870505,4926495
2010/02/11,0,0,0,0
2010/02/12,0,0,0,0
2010/02/15,0,0,0,0
2010/02/16,0,0,0,0
2010/02/17,0,0,0,0
2010/02/18,0,0,0,0
2010/02/19,0,0,0,0
2010/02/22,0,6922000,-9632111,-2710111
2010/02/23,0,2901184,-10107329,-7206145
2010/02/24,0,8718000,-10086000,-1368000
2010/02/25,0,5777267,-19905000,-14127733
2010/02/26,0,2945000,-10812858,-7867858
2010/03/01,0,9209000,-14464895,-5255895
2010/03/02,0,1028000,-7109000,-6081000
2010/03/03,0,980000,-8710361,-7730361
2010/03/04,0,10057564,-13809645,-3752081
2010/03/05,0,3852300,-10224000,-6371700
2010/03/08,0,9540000,-3109870,6430130
2010/03/09,0,2248890,-2071000,177890
2010/03/10,0,2486200,-3372460,-886260
2010/03/11,0,1626000,-4132411,-2506411
2010/03/12,0,2042800,-5026249,-2983449
2010/03/15,0,2039000,-6459200,-4420200
2010/03/16,0,2157000,-3261339,-1104339
2010/03/17,0,10955000,-10378000,577000
2010/03/18,0,17356000,-7231098,10124902
2010/03/19,0,6407000,-10495659,-4088659
2010/03/22,0,1398000,-4523429,-3125429
2010/03/23,0,2058000,-2165932,-107932
2010/03/24,0,10169000,-7453000,2716000
2010/03/25,0,1527000,-9588000,-8061000
2010/03/26,0,4075000,-17696000,-13621000
2010/03/29,0,4761000,-2499000,2262000
2010/03/30,0,6203196,-7424000,-1220804
2010/03/31,0,6143000,-10512646,-4369646
2010/04/01,0,14699000,-9715519,4983481
2010/04/02,0,6788000,-196000,6592000
2010/04/05,0,0,0,0
2010/04/06,0,14455000,-2024000,12431000
2010/04/07,0,11890490,-9223629,2666861
2010/04/08,0,4135000,-4654215,-519215
2010/04/09,0,11330000,-6551790,4778210
2010/04/12,0,11248830,-8960707,2288123
2010/04/13,0,8788000,-8465602,322398
2010/04/14,0,25349000,-11050410,14298590
2010/04/15,0,34759000,-8173212,26585788
2010/04/16,0,5249920,-4062286,1187634
2010/04/19,0,13636000,-4238000,9398000
2010/04/20,0,6750131,-5734628,1015503
2010/04/21,0,9856000,-2046390,7809610
2010/04/22,0,7367000,-5141300,2225700
2010/04/23,0,12717000,-9411000,3306000
2010/04/26,0,18552000,-8314000,10238000
2010/04/27,0,8275911,-16041911,-7766000
2010/04/28,0,1886339,-9668840,-7782501
2010/04/29,0,17885000,-23854000,-5969000
2010/04/30,0,10239923,-6896530,3343393
2010/05/03,0,2198000,-4440564,-2242564
2010/05/04,0,2583000,-9454800,-6871800
2010/05/05,0,3368000,-14394174,-11026174
2010/05/06,0,10863000,-8522000,2341000
2010/05/07,0,5795000,-6651932,-856932
2010/05/10,0,6584500,-10830759,-4246259
2010/05/11,0,11035000,-8117000,2918000
2010/05/12,0,46000,-2828005,-2782005
2010/05/13,0,6565000,-2272000,4293000
2010/05/14,0,3830000,-3859000,-29000
2010/05/17,0,1350000,-6473000,-5123000
2010/05/18,0,1603000,-3568000,-1965000
2010/05/19,0,2482002,-4232000,-1749998
2010/05/20,0,620000,-8310000,-7690000
2010/05/21,0,1374000,-10247370,-8873370
2010/05/24,0,1467000,-6927000,-5460000
2010/05/25,0,6488000,-7500240,-1012240
2010/05/26,0,11749360,-15482000,-3732640
2010/05/27,0,3414579,-10290574,-6875995
2010/05/28,0,6584000,-16669000,-10085000
2010/05/31,0,6603000,-606000,5997000
2010/06/01,0,2284000,-4885732,-2601732
2010/06/02,0,3023000,-9149000,-6126000
2010/06/03,0,7465063,-2453000,5012063
2010/06/04,0,2935000,-1571000,1364000
2010/06/07,0,8043000,-6790875,1252125
2010/06/08,0,1138000,-1243000,-105000
2010/06/09,0,2904000,-10812315,-7908315
2010/06/10,0,4861000,-5110000,-249000
2010/06/11,0,8968015,-6599482,2368533
2010/06/14,0,4400015,-1613000,2787015
2010/06/15,0,6483009,-4033015,2449994
2010/06/16,0,0,0,0
2010/06/17,0,12931876,-5137802,7794074
2010/06/18,0,6870463,-2438684,4431779
2010/06/21,0,12103440,-6139399,5964041
2010/06/22,0,5994110,-5440997,553113
2010/06/23,0,3511827,-4561902,-1050075
2010/06/24,0,2016000,-2372130,-356130
2010/06/25,0,1727116,-13431000,-11703884
2010/06/28,0,2538000,-5158000,-2620000
2010/06/29,0,4853000,-7156000,-2303000
2010/06/30,0,5109483,-15574193,-10464710
2010/07/01,0,2047000,-4148472,-2101472
2010/07/02,0,1896000,-6196267,-4300267
2010/07/05,0,4660642,-7919657,-3259015
2010/07/06,0,5994000,-12023730,-6029730
2010/07/07,0,3514853,-7862350,-4347497
2010/07/08,0,7496000,-906391,6589609
2010/07/09,0,11771000,-5748939,6022061
2010/07/12,0,7964145,-16776496,-8812351
2010/07/13,0,2156408,-17761858,-15605450
2010/07/14,0,6650462,-9507000,-2856538
2010/07/15,0,2205000,-15364000,-13159000
2010/07/16,0,1399176,-3648000,-2248824
2010/07/19,0,2080000,-14975500,-12895500
2010/07/20,0,2598026,-16957000,-14358974
2010/07/21,0,2028000,-5817000,-3789000
2010/07/22,0,638790,-9135000,-8496210
2010/07/23,0,5013000,-8448635,-3435635
2010/07/26,0,2966190,-5220897,-2254707
2010/07/27,0,7876217,-10927121,-3050904
2010/07/28,0,7510000,-12702121,-5192121
2010/07/29,0,5568000,-36444871,-30876871
2010/07/30,0,4602286,-24103919,-19501633
2010/08/02,0,10913000,-3331000,7582000
2010/08/03,0,7215000,-3451000,3764000
2010/08/04,0,4924000,-1040277,3883723
2010/08/05,0,2843000,-2825171,17829
2010/08/06,0,3761000,-2049000,1712000
2010/08/09,0,3759000,-5086000,-1327000
2010/08/10,0,921000,-5646000,-4725000
2010/08/11,0,815000,-1642828,-827828
2010/08/12,0,900601,-6436327,-5535726
2010/08/13,0,1354050,-14268553,-12914503
2010/08/16,0,285000,-6439496,-6154496
2010/08/17,0,2284000,-5340000,-3056000
2010/08/18,0,4230000,-2646000,1584000
2010/08/19,0,1529000,-2482000,-953000
2010/08/20,0,3002000,-3582000,-580000
2010/08/23,0,2289000,-831000,1458000
2010/08/24,0,1488000,-2598000,-1110000
2010/08/25,0,2774000,-13897000,-11123000
2010/08/26,0,4728000,-8394000,-3666000
2010/08/27,0,2587000,-6441156,-3854156
2010/08/30,0,2486895,-2416000,70895
2010/08/31,0,6295000,-7431889,-1136889
2010/09/01,0,2625000,-4528000,-1903000
2010/09/02,0,2346000,-4760607,-2414607
2010/09/03,0,8412000,-3992162,4419838
2010/09/06,0,7869000,-2576000,5293000
2010/09/07,0,2873582,-1000900,1872682
2010/09/08,0,3571447,-4537972,-966525
2010/09/09,0,3806000,-3955000,-149000
2010/09/10,0,2302410,-2422000,-119590
2010/09/13,0,6662000,-3244000,3418000
2010/09/14,0,3906000,-2998000,908000
2010/09/15,0,10541538,-2553000,7988538
2010/09/16,0,7114000,-3218000,3896000
2010/09/17,0,4912000,-261000,4651000
2010/09/20,0,2783000,-1459000,1324000
2010/09/21,0,4951000,-1189000,3762000
2010/09/22,0,0,0,0
2010/09/23,0,4923000,-5793833,-870833
2010/09/24,0,7791440,-13318000,-5526560
2010/09/27,0,5304630,-2239900,3064730
2010/09/28,0,6803800,-9293000,-2489200
2010/09/29,0,25206000,-7935230,17270770
2010/09/30,0,16091330,-4266000,11825330
2010/10/01,0,8518463,-3205000,5313463
2010/10/04,0,11326800,-3471000,7855800
2010/10/05,0,9390868,-7374110,2016758
2010/10/06,0,15410289,-5251000,10159289
2010/10/07,0,5674280,-1179000,4495280
2010/10/08,0,6247750,-3462000,2785750
2010/10/11,0,12110319,-2804397,9305922
2010/10/12,0,9603230,-3757525,5845705
2010/10/13,0,7345570,-6102150,1243420
2010/10/14,0,11222080,-6785000,4437080
2010/10/15,0,7348880,-2789000,4559880
2010/10/18,0,10886000,-11033000,-147000
2010/10/19,0,8072000,-4553110,3518890
2010/10/20,0,5305300,-5309000,-3700
2010/10/21,0,4221000,-4598000,-377000
2010/10/22,0,4772000,-5535000,-763000
2010/10/25,0,5290000,-4724947,565053
2010/10/26,0,9177000,-8517286,659714
2010/10/27,0,2848290,-12154000,-9305710
2010/10/28,0,15283174,-12919000,2364174
2010/10/29,0,9420000,-3070190,6349810
2010/11/01,0,10030000,-3162000,6868000
2010/11/02,0,2773000,-3196350,-423350
2010/11/03,0,5647000,-1451000,4196000
2010/11/04,0,3216000,-4427711,-1211711
2010/11/05,0,4790000,-6273736,-1483736
2010/11/08,0,3928000,-750810,3177190
2010/11/09,0,6258000,-1344486,4913514
2010/11/10,0,1351000,-3036540,-1685540
2010/11/11,0,2477000,-6821715,-4344715
2010/11/12,0,1809000,-4193000,-2384000
2010/11/15,0,855311,-1928100,-1072789
2010/11/16,0,3083000,-3080000,3000
2010/11/17,0,3497500,-7724000,-4226500
2010/11/18,0,3208000,-3918110,-710110
2010/11/19,0,2662100,-4983000,-2320900
2010/11/22,0,2339060,-2656000,-316940
2010/11/23,0,1095080,-2441000,-1345920
2010/11/24,0,639000,-798000,-159000
2010/11/25,0,2675000,-800000,1875000
2010/11/26,0,1177000,-737286,439714
2010/11/29,0,1500000,-3317732,-1817732
2010/11/30,0,7052764,-4499355,2553409
2010/12/01,0,3155000,-2742000,413000
2010/12/02,0,5564000,-5559918,4082
2010/12/03,0,6416000,-2577750,3838250
2010/12/06,0,3669000,-1491000,2178000
2010/12/07,0,6226910,-2614000,3612910
2010/12/08,0,27727000,-6017000,21710000
2010/12/09,0,38644000,-10449000,28195000
2010/12/10,0,29243000,-2353000,26890000
2010/12/13,0,10799000,-2120000,8679000
2010/12/14,0,7063800,-2165000,4898800
2010/12/15,0,7326800,-1823000,5503800
2010/12/16,0,6212000,-648350,5563650
2010/12/17,0,9561000,-3075160,6485840
2010/12/20,0,4198810,-4275000,-76190
2010/12/21,0,2562000,-1718590,843410
2010/12/22,0,2546000,-2441740,104260
2010/12/23,0,1006000,-1298000,-292000
2010/12/24,0,2142000,-1079000,1063000
2010/12/27,0,1376000,-687000,689000
2010/12/28,0,1662000,-914000,748000
2010/12/29,0,2891180,-2895000,-3820
2010/12/30,0,3170000,-1803771,1366229
2010/12/31,0,2960000,-942140,2017860
2011/01/03,0,1929000,-1000000,929000
2011/01/04,0,424300,-561000,-136700
2011/01/05,0,1870919,-2923600,-1052681
2011/01/06,0,3877000,-3743000,134000
2011/01/07,0,7004000,-13550630,-6546630
2011/01/10,0,3241000,-7939600,-4698600
2011/01/11,0,14086000,-6381830,7704170
2011/01/12,0,9858000,-9633188,224812
2011/01/13,0,20447210,-5972880,14474330
2011/01/14,0,11659000,-6552000,5107000
2011/01/17,0,4064434,-5364000,-1299566
2011/01/18,0,17250000,-11178040,6071960
2011/01/19,0,26024000,-2893000,23131000
2011/01/20,0,18071894,-9482000,8589894
2011/01/21,0,12350000,-8966000,3384000
2011/01/24,0,7068000,-5600750,1467250
2011/01/25,0,6553000,-3863000,2690000
2011/01/26,0,7908000,-3281028,4626972
2011/01/27,0,42644000,-7000119,35643881
2011/01/28,0,23294220,-4262000,19032220
2011/01/31,0,0,0,0
2011/02/01,0,0,0,0
2011/02/02,0,0,0,0
2011/02/03,0,0,0,0
2011/02/04,0,0,0,0
2011/02/07,0,0,0,0
2011/02/08,0,14369202,-6919707,7449495
2011/02/09,0,16758004,-9021533,7736471
2011/02/10,0,12808000,-8426400,4381600
2011/02/11,0,8209000,-11897000,-3688000
2011/02/14,0,7099000,-6480090,618910
2011/02/15,0,21406000,-11570058,9835942
2011/02/16,0,14515000,-11199500,3315500
2011/02/17,0,14373000,-10126130,4246870
2011/02/18,0,11034000,-9968078,1065922
2011/02/21,0,5051000,-5152922,-101922
2011/02/22,0,8696179,-7991000,705179
2011/02/23,0,14210315,-3878700,10331615
2011/02/24,0,12667396,-8532000,4135396
2011/02/25,0,8110000,-3787188,4322812
2011/02/28,0,0,0,0
2011/03/01,0,7607000,-6208137,1398863
2011/03/02,0,2750815,-5141000,-2390185
2011/03/03,0,8471000,-4806000,3665000
2011/03/04,0,5019236,-5474000,-454764
2011/03/07,0,4928000,-9229800,-4301800
2011/03/08,0,4177800,-4796000,-618200
2011/03/09,0,4978000,-6296765,-1318765
2011/03/10,0,9373000,-15319170,-5946170
2011/03/11,0,4187000,-8201551,-4014551
2011/03/14,0,6672000,-7002596,-330596
2011/03/15,0,15000000,-10495760,4504240
2011/03/16,0,11090300,-8971960,2118340
2011/03/17,0,4818000,-7375060,-2557060
2011/03/18,0,8949000,-9079938,-130938
2011/03/21,0,3213000,-2204000,1009000
2011/03/22,0,2630343,-4199000,-1568657
2011/03/23,0,6852000,-7032000,-180000
2011/03/24,0,8770000,-1744000,7026000
2011/03/25,0,4212000,-2832210,1379790
2011/03/28,0,9921000,-8196330,1724670
2011/03/29,0,13653000,-8992162,4660838
2011/03/30,0,8156000,-5843500,2312500
2011/03/31,0,9613752,-6503716,3110036
2011/04/01,0,3857682,-7135929,-3278247
2011/04/04,0,0,0,0
2011/04/05,0,0,0,0
2011/04/06,0,8144091,-3919000,4225091
2011/04/07,0,3844000,-8086000,-4242000
2011/04/08,0,6051665,-9272000,-3220335
2011/04/11,0,11367030,-11521819,-154789
2011/04/12,0,17120046,-20274380,-3154334
2011/04/13,0,14695000,-15831246,-1136246
2011/04/14,0,12189000,-12305000,-116000
2011/04/15,0,8170000,-12363000,-4193000
2011/04/18,0,9981000,-13108978,-3127978
2011/04/19,0,8753514,-14008781,-5255267
2011/04/20,0,3599505,-4276000,-676495
2011/04/21,0,12656000,-8455966,4200034
2011/04/22,0,1290000,-420000,870000
2011/04/25,0,1136000,-2227000,-1091000
2011/04/26,0,6639285,-8579000,-1939715
2011/04/27,0,5251713,-7719000,-2467287
2011/04/28,0,6187000,-2070400,4116600
2011/04/29,0,12421735,-9585413,2836322
2011/05/02,0,0,0,0
2011/05/03,0,3079265,-1447000,1632265
2011/05/04,0,3048849,-4510000,-1461151
2011/05/05,0,8478000,-3679000,4799000
2011/05/06,0,5610192,-5926000,-315808
2011/05/09,0,5377000,-5412000,-35000
2011/05/10,0,2083000,-1814000,269000
2011/05/11,0,4669500,-1962000,2707500
2011/05/12,0,3028000,-4494000,-1466000
2011/05/13,0,1613000,-4496700,-2883700
2011/05/16,0,2352000,-2972000,-620000
2011/05/17,0,190000,-2756000,-2566000
2011/05/18,0,2383000,-3538000,-1155000
2011/05/19,0,2075000,-2765732,-690732
2011/05/20,0,1519000,-2824000,-1305000
2011/05/23,0,3620000,-5552424,-1932424
2011/05/24,0,995000,-4850042,-3855042
2011/05/25,0,3154514,-6721000,-3566486
2011/05/26,0,3639609,-2745007,894602
2011/05/27,0,4167000,-7092880,-2925880
2011/05/30,0,4056000,-4485000,-429000
2011/05/31,0,4964268,-7063000,-2098732
2011/06/01,0,3125900,-4631468,-1505568
2011/06/02,0,3404000,-6907274,-3503274
2011/06/03,0,4212630,-10098000,-5885370
2011/06/06,0,0,0,0
2011/06/07,0,3341000,-5193314,-1852314
2011/06/08,0,5542000,-4937600,604400
2011/06/09,0,3007000,-3319655,-312655
2011/06/10,0,4484777,-3312000,1172777
2011/06/13,0,637000,-3355536,-2718536
2011/06/14,0,3898000,-11223438,-7325438
2011/06/15,0,6494000,-7065321,-571321
2011/06/16,0,2745265,-6828000,-4082735
2011/06/17,0,3121000,-6058337,-2937337
2011/06/20,0,847000,-1052134,-205134
2011/06/21,0,3889356,-3907000,-17644
2011/06/22,0,1981000,-2941000,-960000
2011/06/23,0,2507965,-823355,1684610
2011/06/24,0,2800000,-3119131,-319131
2011/06/27,0,10778000,-7862822,2915178
2011/06/28,0,3310000,-8230643,-4920643
2011/06/29,0,6031000,-5544000,487000
2011/06/30,0,6537000,-12944970,-6407970
2011/07/01,0,3977991,-5964000,-1986009
2011/07/04,0,3022346,-1078101,1944245
2011/07/05,0,8155876,-10268000,-2112124
2011/07/06,0,7106147,-6385580,720567
2011/07/07,0,5909914,-4492000,1417914
2011/07/08,0,6090451,-13096900,-7006449
2011/07/11,0,2516307,-10227000,-7710693
2011/07/12,0,10412017,-8088000,2324017
2011/07/13,0,3875023,-7202226,-3327203
2011/07/14,0,8409690,-7641000,768690
2011/07/15,0,1791504,-5806000,-4014496
2011/07/18,0,14116476,-17527000,-3410524
2011/07/19,0,5844000,-23323400,-17479400
2011/07/20,0,12375735,-20498619,-8122884
2011/07/21,0,2418338,-11076680,-8658342
2011/07/22,0,3501520,-8985000,-5483480
2011/07/25,0,6855177,-7136000,-280823
2011/07/26,0,2948387,-8705000,-5756613
2011/07/27,0,3419021,-3871000,-451979
2011/07/28,0,2030204,-3846000,-1815796
2011/07/29,0,8669243,-9864000,-1194757
2011/08/01,0,5791774,-6285000,-493226
2011/08/02,0,1888842,-7698200,-5809358
2011/08/03,0,2088316,-3161300,-1072984
2011/08/04,0,7479531,-6276000,1203531
2011/08/05,0,2257427,-11736642,-9479215
2011/08/08,0,6639628,-7372000,-732372
2011/08/09,0,15567000,-28726455,-13159455
2011/08/10,0,4754000,-18360811,-13606811
2011/08/11,0,13424000,-10605360,2818640
2011/08/12,0,13210000,-22073398,-8863398
2011/08/15,0,4713436,-5386000,-672564
2011/08/16,0,2371000,-5814000,-3443000
2011/08/17,0,5579070,-17924000,-12344930
2011/08/18,0,2758610,-9754000,-6995390
2011/08/19,0,3018540,-4030000,-1011460
2011/08/22,0,4149713,-5611849,-1462136
2011/08/23,0,5460000,-7829183,-2369183
2011/08/24,0,5339393,-9858000,-4518607
2011/08/25,0,3588974,-2567315,1021659
2011/08/26,0,3361030,-1903000,1458030
2011/08/29,0,2568000,-1771078,796922
2011/08/30,0,4823581,-3145000,1678581
2011/08/31,0,9636800,-8896000,740800
2011/09/01,0,7840130,-1214595,6625535
2011/09/02,0,2610907,-1899000,711907
2011/09/05,0,4337000,-6512044,-2175044
2011/09/06,0,5517759,-4408701,1109058
2011/09/07,0,5866715,-2321001,3545714
2011/09/08,0,4822788,-5885000,-1062212
2011/09/09,0,3661000,-2981000,680000
2011/09/12,0,0,0,0
2011/09/13,0,5974102,-6270000,-295898
2011/09/14,0,6222798,-6896733,-673935
2011/09/15,0,7997370,-2235870,5761500
2011/09/16,0,20120000,-5863705,14256295
2011/09/19,0,7265109,-3010000,4255109
2011/09/20,0,7225992,-4638000,2587992
2011/09/21,0,4261411,-1853000,2408411
2011/09/22,0,6724566,-4930199,1794367
2011/09/23,0,5432727,-9877000,-4444273
2011/09/26,0,9491079,-4136000,5355079
2011/09/27,0,11209781,-9588000,1621781
2011/09/28,0,14004320,-10467040,3537280
2011/09/29,0,10603069,-3340000,7263069
2011/09/30,0,21296000,-8390445,12905555
2011/10/03,0,7160918,-8710958,-1550040
2011/10/04,0,8955000,-7748000,1207000
2011/10/05,0,6464000,-5435000,1029000
2011/10/06,0,6955000,-1351000,5604000
2011/10/07,0,3734000,-1657500,2076500
2011/10/10,0,0,0,0
2011/10/11,0,5997000,-9863100,-3866100
2011/10/12,0,3975000,-3542426,432574
2011/10/13,0,12465775,-4507851,7957924
2011/10/14,0,9575205,-2991000,6584205
2011/10/17,0,10691623,-3215000,7476623
2011/10/18,0,1218638,-2277800,-1059162
2011/10/19,0,2170972,-740000,1430972
2011/10/20,0,1820319,-1930200,-109881
2011/10/21,0,3857265,-3303700,553565
2011/10/24,0,6598794,-2233102,4365692
2011/10/25,0,1927351,-1240000,687351
2011/10/26,0,5637000,-648000,4989000
2011/10/27,0,5829710,-9896000,-4066290
2011/10/28,0,15225230,-11828326,3396904
2011/10/31,0,7275000,-3859000,3416000
2011/11/01,0,5550000,-3234000,2316000
2011/11/02,0,6480000,-6215000,265000
2011/11/03,0,3074000,-5221070,-2147070
2011/11/04,0,5870000,-2391300,3478700
2011/11/07,0,814000,-4745000,-3931000
2011/11/08,0,1497287,-740000,757287
2011/11/09,0,1413572,-3851400,-2437828
2011/11/10,0,1315572,-6377000,-5061428
2011/11/11,0,2394000,-5207400,-2813400
2011/11/14,0,2982000,-2665000,317000
2011/11/15,0,2018000,-4508000,-2490000
2011/11/16,0,1323000,-2472000,-1149000
2011/11/17,0,2648286,-2534335,113951
2011/11/18,0,3301000,-7264215,-3963215
2011/11/21,0,4093000,-6705500,-2612500
2011/11/22,0,1501000,-3654500,-2153500
2011/11/23,0,2110000,-6799028,-4689028
2011/11/24,0,3549000,-8107080,-4558080
2011/11/25,0,5521000,-3618600,1902400
2011/11/28,0,6312076,-6390000,-77924
2011/11/29,0,6092000,-6376000,-284000
2011/11/30,0,10340000,-8285500,2054500
2011/12/01,0,8062000,-6160000,1902000
2011/12/02,0,2637000,-2555500,81500
2011/12/05,0,1228000,-651000,577000
2011/12/06,0,1313000,-5712000,-4399000
2011/12/07,0,6296000,-8697713,-2401713
2011/12/08,0,3204000,-9735000,-6531000
2011/12/09,0,1604727,-5741000,-4136273
2011/12/12,0,726000,-3079000,-2353000
2011/12/13,0,1102000,-3507000,-2405000
2011/12/14,0,5748000,-5336090,411910
2011/12/15,0,9631000,-10960000,-1329000
2011/12/16,0,3133000,-4199000,-1066000
2011/12/19,0,5650000,-6141000,-491000
2011/12/20,0,2865000,-3773300,-908300
2011/12/21,0,6647000,-5280000,1367000
2011/12/22,0,1759000,-10319000,-8560000
2011/12/23,0,2623000,-6232000,-3609000
2011/12/26,0,516000,-2918000,-2402000
2011/12/27,0,1338000,-1370000,-32000
2011/12/28,0,1506000,-2859000,-1353000
2011/12/29,0,2414000,-5403000,-2989000
2011/12/30,0,1712213,-4926000,-3213787
2012/01/02,0,907000,-2282000,-1375000
2012/01/03,0,1664000,-4676000,-3012000
2012/01/04,0,2188000,-5838000,-3650000
2012/01/05,0,4789000,-6720404,-1931404
2012/01/06,0,3151429,-2458500,692929
2012/01/09,0,5317000,-4228000,1089000
2012/01/10,0,5584000,-2420000,3164000
2012/01/11,0,2307500,-2339000,-31500
2012/01/12,0,3959000,-2733000,1226000
2012/01/13,0,7194000,-2265100,4928900
2012/01/16,0,2939000,-5111300,-2172300
2012/01/17,0,10262000,-4357173,5904827
2012/01/18,0,3655000,-5249000,-1594000
2012/01/19,0,0,0,0
2012/01/20,0,0,0,0
2012/01/23,0,0,0,0
2012/01/24,0,0,0,0
2012/01/25,0,0,0,0
2012/01/26,0,0,0,0
2012/01/27,0,0,0,0
2012/01/30,0,13408000,-2244000,11164000
2012/01/31,0,19898808,-6778000,13120808
2012/02/01,0,14373000,-4679000,9694000
2012/02/02,0,10596000,-8687000,1909000
2012/02/03,0,5760000,-7250000,-1490000
2012/02/06,0,3845000,-6451000,-2606000
2012/02/07,0,5818000,-5703771,114229
2012/02/08,0,3822000,-4181500,-359500
2012/02/09,0,2711000,-2115233,595767
2012/02/10,0,4736000,-751000,3985000
2012/02/13,0,3773000,-1516000,2257000
2012/02/14,0,1263990,-4488700,-3224710
2012/02/15,0,2852000,-3444000,-592000
2012/02/16,0,3136000,-5766000,-2630000
2012/02/17,0,4712000,-3071000,1641000
2012/02/20,0,1497000,-910000,587000
2012/02/21,0,2551000,-3638000,-1087000
2012/02/22,0,4503000,-2407000,2096000
2012/02/23,0,1580000,-2227000,-647000
2012/02/24,0,1552000,-3558000,-2006000
2012/02/27,0,0,0,0
2012/02/28,0,0,0,0
2012/02/29,0,7821377,-3512000,4309377
2012/03/01,0,2787544,-2176500,611044
2012/03/02,0,2540222,-1325000,1215222
2012/03/05,0,1102000,-3073000,-1971000
2012/03/06,0,2760000,-7273800,-4513800
2012/03/07,0,1353000,-4674000,-3321000
2012/03/08,0,4149000,-3000250,1148750
2012/03/09,0,604000,-1606000,-1002000
2012/03/12,0,1612000,-1479000,133000
2012/03/13,0,3641000,-2258000,1383000
2012/03/14,0,3481267,-1317224,2164043
2012/03/15,0,3521000,-2458000,1063000
2012/03/16,0,2526000,-1928000,598000
2012/03/19,0,1754000,-1249000,505000
2012/03/20,0,2515000,-1456000,1059000
2012/03/21,0,1943000,-5255000,-3312000
2012/03/22,0,3277000,-907000,2370000
2012/03/23,0,890000,-527000,363000
2012/03/26,0,1383715,-3841000,-2457285
2012/03/27,0,5198000,-1265132,3932868
2012/03/28,0,2735000,-2414000,321000
2012/03/29,0,3309000,-2574594,734406
2012/03/30,0,5186263,-7573000,-2386737
2012/04/02,0,3089000,-6440100,-3351100
2012/04/03,0,12200286,-2119321,10080965
2012/04/04,0,0,0,0
2012/04/05,0,4161000,-7582000,-3421000
2012/04/06,0,1280000,-5950145,-4670145
2012/04/09,0,1195000,-2183000,-988000
2012/04/10,0,901000,-1459000,-558000
2012/04/11,0,2210000,-1993665,216335
2012/04/12,0,1840000,-3443224,-1603224
2012/04/13,0,1807833,-5863500,-4055667
2012/04/16,0,2523000,-3237508,-714508
2012/04/17,0,3946000,-5522000,-1576000
2012/04/18,0,2723000,-2291013,431987
2012/04/19,0,3033000,-2163000,870000
2012/04/20,0,2182000,-1558814,623186
2012/04/23,0,3798958,-4632543,-833585
2012/04/24,0,2441000,-3581262,-1140262
2012/04/25,0,7023000,-3408820,3614180
2012/04/26,0,7645587,-12553000,-4907413
2012/04/27,0,8664398,-7989000,675398
2012/04/30,0,3539000,-3059958,479042
2012/05/01,0,0,0,0
2012/05/02,0,10187000,-6905000,3282000
2012/05/03,0,1780000,-7756000,-5976000
2012/05/04,0,2594000,-4408000,-1814000
2012/05/07,0,3008000,-7405000,-4397000
2012/05/08,0,3179000,-5135000,-1956000
2012/05/09,0,1322000,-7462000,-6140000
2012/05/10,0,2592034,-3983909,-1391875
2012/05/11,0,2046282,-5305000,-3258718
2012/05/14,0,535000,-1476000,-941000
2012/05/15,0,5374000,-8263000,-2889000
2012/05/16,0,2318286,-6986000,-4667714
2012/05/17,0,5666000,-7966000,-2300000
2012/05/18,0,2377000,-5472000,-3095000
2012/05/21,0,748549,-2947000,-2198451
2012/05/22,0,1469000,-3541000,-2072000
2012/05/23,0,1062286,-3437000,-2374714
2012/05/24,0,3200000,-5526002,-2326002
2012/05/25,0,3671000,-4147000,-476000
2012/05/28,0,2730000,-3366000,-636000
2012/05/29,0,8160000,-8343000,-183000
2012/05/30,0,9995000,-9086808,908192
2012/05/31,0,12856889,-12019790,837099
2012/06/01,0,1551000,-4463407,-2912407
2012/06/04,0,4639056,-3050000,1589056
2012/06/05,0,1821000,-2787000,-966000
2012/06/06,0,3964000,-4422000,-458000
2012/06/07,0,6714344,-8775000,-2060656
2012/06/08,0,6351549,-6919484,-567935
2012/06/11,0,6184128,-2614000,3570128
2012/06/12,0,3118000,-5266000,-2148000
2012/06/13,0,3962631,-3018000,944631
2012/06/14,0,3668007,-2254924,1413083
2012/06/15,0,6171000,-7404179,-1233179
2012/06/18,0,3107028,-1599000,1508028
2012/06/19,0,1484462,-3300000,-1815538
2012/06/20,0,6587700,-5523900,1063800
2012/06/21,0,1804852,-2663000,-858148
2012/06/22,0,1553053,-5127000,-3573947
2012/06/25,0,324000,-2297000,-1973000
2012/06/26,0,2252000,-1989000,263000
2012/06/27,0,650000,-1230000,-580000
2012/06/28,0,2621000,-3756000,-1135000
2012/06/29,0,4635160,-3997000,638160
2012/07/02,0,1405000,-3352000,-1947000
2012/07/03,0,3877886,-4199000,-321114
2012/07/04,0,2666131,-954900,1711231
2012/07/05,0,2518000,-1626500,891500
2012/07/06,0,2356000,-1133900,1222100
2012/07/09,0,1864000,-7033000,-5169000
2012/07/10,0,2120000,-6590000,-4470000
2012/07/11,0,2851000,-5890500,-3039500
2012/07/12,0,4141000,-5063173,-922173
2012/07/13,0,3574497,-3101725,472772
2012/07/16,0,1523000,-2612000,-1089000
2012/07/17,0,2561000,-1377000,1184000
2012/07/18,0,2796840,-5259726,-2462886
2012/07/19,0,2370000,-2231886,138114
2012/07/20,0,1509000,-1969772,-460772
2012/07/23,0,5137000,-5889000,-752000
2012/07/24,0,3559000,-6492886,-2933886
2012/07/25,0,1546000,-4735500,-3189500
2012/07/26,0,3368000,-2957519,410481
2012/07/27,0,3515000,-5558000,-2043000
2012/07/30,0,14160000,-3369000,10791000
2012/07/31,0,16258000,-3898929,12359071
2012/08/01,0,5594000,-3835000,1759000
2012/08/02,0,0,0,0
2012/08/03,0,5298792,-533886,4764906
2012/08/06,0,4388000,-634000,3754000
2012/08/07,0,7292500,-2039000,5253500
2012/08/08,0,8409032,-3539000,4870032
2012/08/09,0,7409000,-1551000,5858000
2012/08/10,0,10779000,-2174000,8605000
2012/08/13,0,2732000,-1883785,848215
2012/08/14,0,7341324,-1687000,5654324
2012/08/15,0,5387000,-3379000,2008000
2012/08/16,0,6659500,-663214,5996286
2012/08/17,0,6531000,-5009896,1521104
2012/08/20,0,3663500,-804868,2858632
2012/08/21,0,10347093,-3453030,6894063
2012/08/22,0,3368665,-2824000,544665
2012/08/23,0,2517792,-2183000,334792
2012/08/24,0,1921000,-647700,1273300
2012/08/27,0,2945000,-1272000,1673000
2012/08/28,0,9288457,-1031000,8257457
2012/08/29,0,6302000,-2694000,3608000
2012/08/30,0,7421000,-4117000,3304000
2012/08/31,0,3655652,-1430990,2224662
2012/09/03,0,1652000,-1306000,346000
2012/09/04,0,1321000,-866000,455000
2012/09/05,0,2839000,-3465000,-626000
2012/09/06,0,1286000,-1222100,63900
2012/09/07,0,3327570,-447000,2880570
2012/09/10,0,1707399,-586000,1121399
2012/09/11,0,1992000,-1244000,748000
2012/09/12,0,5709000,-4967000,742000
2012/09/13,0,3310000,-2257000,1053000
2012/09/14,0,7658500,-3079000,4579500
2012/09/17,0,2216000,-1823000,393000
2012/09/18,0,3619000,-1634000,1985000
2012/09/19,0,6074000,-416000,5658000
2012/09/20,0,1146000,-666838,479162
2012/09/21,0,3237000,-4165000,-928000
2012/09/24,0,2265000,-1067000,1198000
2012/09/25,0,2530960,-1186000,1344960
2012/09/26,0,2103000,-2163500,-60500
2012/09/27,0,2842039,-3545198,-703159
2012/09/28,0,5747600,-3783125,1964475
2012/10/01,0,2216000,-2100000,116000
2012/10/02,0,2364000,-2010000,354000
2012/10/03,0,2556000,-1403000,1153000
2012/10/04,0,3061000,-2067000,994000
2012/10/05,0,3816000,-1312000,2504000
2012/10/08,0,3955600,-1965000,1990600
2012/10/09,0,4099000,-4687000,-588000
2012/10/10,0,0,0,0
2012/10/11,0,7549500,-4253000,3296500
2012/10/12,0,2275000,-2682000,-407000
2012/10/15,0,3376000,-2223000,1153000
2012/10/16,0,8239000,-4312015,3926985
2012/10/17,0,6727015,-5555185,1171830
2012/10/18,0,2923000,-5643000,-2720000
2012/10/19,0,2509000,-4793000,-2284000
2012/10/22,0,2613000,-2869902,-256902
2012/10/23,0,830700,-2261426,-1430726
2012/10/24,0,653000,-2839976,-2186976
2012/10/25,0,1432000,-1700000,-268000
2012/10/26,0,4388000,-3428000,960000
2012/10/29,0,2561500,-4335000,-1773500
2012/10/30,0,2463000,-6113000,-3650000
2012/10/31,0,5857040,-12002000,-6144960
2012/11/01,0,4630000,-11536000,-6906000
2012/11/02,0,5339000,-3062000,2277000
2012/11/05,0,3710000,-3465000,245000
2012/11/06,0,1389000,-3777000,-2388000
2012/11/07,0,4346000,-4331000,15000
2012/11/08,0,2115000,-7633000,-5518000
2012/11/09,0,1507000,-5264000,-3757000
2012/11/12,0,1455000,-3588000,-2133000
2012/11/13,0,8435000,-19273000,-10838000
2012/11/14,0,4329000,-2854722,1474278
2012/11/15,0,2881000,-3474000,-593000
2012/11/16,0,2436000,-4497000,-2061000
2012/11/19,0,2393000,-2603000,-210000
2012/11/20,0,2780125,-3414000,-633875
2012/11/21,0,2843000,-5665000,-2822000
2012/11/22,0,2464000,-2306000,158000
2012/11/23,0,7997000,-3573000,4424000
2012/11/26,0,4756000,-2924000,1832000
2012/11/27,0,5785000,-5343000,442000
2012/11/28,0,5211200,-8162520,-2951320
2012/11/29,0,10716000,-3306000,7410000
2012/11/30,0,8172000,-4964836,3207164
2012/12/03,0,3160000,-821000,2339000
2012/12/04,0,2272107,-1717000,555107
2012/12/05,0,5890000,-1506000,4384000
2012/12/06,0,4393000,-1090200,3302800
2012/12/07,0,5799000,-2810000,2989000
2012/12/10,0,8135000,-1370000,6765000
2012/12/11,0,8465577,-6997500,1468077
2012/12/12,0,7422000,-5688385,1733615
2012/12/13,0,4901049,-4592500,308549
2012/12/14,0,3668389,-2149000,1519389
2012/12/17,0,3814375,-2323000,1491375
2012/12/18,0,3381000,-1221500,2159500
2012/12/19,0,3339000,-636000,2703000
2012/12/20,0,1078000,-2932000,-1854000
2012/12/21,0,1966000,-2442398,-476398
2012/12/24,0,521000,-1482000,-961000
2012/12/25,0,894000,-441000,453000
2012/12/26,0,746000,-808000,-62000
2012/12/27,0,1479743,-1968000,-488257
2012/12/28,0,3381000,-1863000,1518000
2012/12/31,0,0,0,0
2013/01/01,0,0,0,0
2013/01/02,0,3010000,-1464000,1546000
2013/01/03,0,2557289,-2512000,45289
2013/01/04,0,3827000,-2050000,1777000
2013/01/07,0,2930000,-2829000,101000
2013/01/08,0,4226500,-3863000,363500
2013/01/09,0,943000,-5500000,-4557000
2013/01/10,0,7314000,-5775000,1539000
2013/01/11,0,2552000,-3140000,-588000
2013/01/14,0,3495078,-3546039,-50961
2013/01/15,0,3400000,-3527000,-127000
2013/01/16,0,2616000,-3616000,-1000000
2013/01/17,0,717600,-4086000,-3368400
2013/01/18,0,2767900,-4379500,-1611600
2013/01/21,0,2439000,-3430000,-991000
2013/01/22,0,2149000,-2816779,-667779
2013/01/23,0,435000,-3978678,-3543678
2013/01/24,0,3985000,-5226000,-1241000
2013/01/25,0,3503747,-8286000,-4782253
2013/01/28,0,3634000,-4150000,-516000
2013/01/29,0,4948500,-6261000,-1312500
2013/01/30,0,4882903,-3775000,1107903
2013/01/31,0,4160000,-7343000,-3183000
2013/02/01,0,6424000,-4778000,1646000
2013/02/04,0,5675000,-8165000,-2490000
2013/02/05,0,4159000,-9368000,-5209000
2013/02/06,0,2911678,-14113900,-11202222
2013/02/07,0,0,0,0
2013/02/08,0,0,0,0
2013/02/11,0,0,0,0
2013/02/12,0,0,0,0
2013/02/13,0,0,0,0
2013/02/14,0,0,0,0
2013/02/15,0,0,0,0
2013/02/18,0,3545000,-7573095,-4028095
2013/02/19,0,2067000,-4230190,-2163190
2013/02/20,0,3414226,-5206388,-1792162
2013/02/21,0,4915000,-4448000,467000
2013/02/22,0,2317000,-7559000,-5242000
2013/02/25,0,1882503,-2590018,-707515
2013/02/26,0,5234000,-10358000,-5124000
2013/02/27,0,7046341,-6937961,108380
2013/02/28,0,0,0,0
2013/03/01,0,8481500,-9653000,-1171500
2013/03/04,0,4195600,-4043000,152600
2013/03/05,0,2676000,-4373314,-1697314
2013/03/06,0,8804000,-2334000,6470000
2013/03/07,0,1788000,-2200695,-412695
2013/03/08,0,8112600,-1098000,7014600
2013/03/11,0,3859000,-5038000,-1179000
2013/03/12,0,2061500,-3491858,-1430358
2013/03/13,0,8563000,-5992000,2571000
2013/03/14,0,8055000,-6225409,1829591
2013/03/15,0,13376140,-11525000,1851140
2013/03/18,0,13891000,-11416400,2474600
2013/03/19,0,8343000,-9332000,-989000
2013/03/20,0,2274000,-6462878,-4188878
2013/03/21,0,2242000,-2181000,61000
2013/03/22,0,2205740,-1638600,567140
2013/03/25,0,5445000,-6676000,-1231000
2013/03/26,0,1616000,-1236000,380000
2013/03/27,0,4335000,-2916000,1419000
2013/03/28,0,1415350,-3340615,-1925265
2013/03/29,0,1959000,-1947000,12000
2013/04/01,0,519292,-774000,-254708
2013/04/02,0,1868321,-992000,876321
2013/04/03,0,1341000,-1882630,-541630
2013/04/04,0,0,0,0
2013/04/05,0,0,0,0
2013/04/08,0,3635808,-4440000,-804192
2013/04/09,0,1284000,-3101480,-1817480
2013/04/10,0,4824000,-7551000,-2727000
2013/04/11,0,3630383,-10223000,-6592617
2013/04/12,0,2083420,-5064000,-2980580
2013/04/15,0,5220457,-10006000,-4785543
2013/04/16,0,4847178,-9154700,-4307522
2013/04/17,0,11105000,-23936000,-12831000
2013/04/18,0,2001490,-11000000,-8998510
2013/04/19,0,36739830,-22364987,14374843
2013/04/22,0,19604000,-3685306,15918694
2013/04/23,0,11734000,-5581000,6153000
2013/04/24,0,16881000,-12059000,4822000
2013/04/25,0,7119125,-4336000,2783125
2013/04/26,0,8599790,-3726000,4873790
2013/04/29,0,8609710,-6374000,2235710
2013/04/30,0,11379500,-14158000,-2778500
2013/05/01,0,0,0,0
2013/05/02,0,16682475,-23238497,-6556022
2013/05/03,0,14239000,-15960000,-1721000
2013/05/06,0,10987000,-11930937,-943937
2013/05/07,0,2927029,-4344620,-1417591
2013/05/08,0,4306365,-3541230,765135
2013/05/09,0,5259458,-7482958,-2223500
2013/05/10,0,3221000,-6427000,-3206000
2013/05/13,0,2491000,-4488000,-1997000
2013/05/14,0,1509000,-4109034,-2600034
2013/05/15,0,2334000,-5760000,-3426000
2013/05/16,0,2372000,-10312000,-7940000
2013/05/17,0,1704000,-4614000,-2910000
2013/05/20,0,7101000,-3673536,3427464
2013/05/21,0,10977500,-9347664,1629836
2013/05/22,0,5266500,-5460000,-193500
2013/05/23,0,2723000,-6197000,-3474000
2013/05/24,0,2357504,-6545000,-4187496
2013/05/27,0,1566121,-1960000,-393879
2013/05/28,0,2661000,-3486000,-825000
2013/05/29,0,2308000,-2362000,-54000
2013/05/30,0,4777000,-6924000,-2147000
2013/05/31,0,4185000,-8183798,-3998798
2013/06/03,0,1767000,-3900000,-2133000
2013/06/04,0,2866000,-5049220,-2183220
2013/06/05,0,1717000,-2638232,-921232
2013/06/06,0,5182218,-8793977,-3611759
2013/06/07,0,7040000,-5784271,1255729
2013/06/10,0,7367000,-6370835,996165
2013/06/11,0,6284087,-8355960,-2071873
2013/06/12,0,0,0,0
2013/06/13,0,12046000,-11632500,413500
2013/06/14,0,5833000,-6395000,-562000
2013/06/17,0,6046200,-5764000,282200
2013/06/18,0,12238992,-8426031,3812961
2013/06/19,0,12652320,-5694120,6958200
2013/06/20,0,4909000,-3514336,1394664
2013/06/21,0,2469000,-2263500,205500
2013/06/24,0,10265000,-5420412,4844588
2013/06/25,0,16278000,-15080045,1197955
2013/06/26,0,23614571,-14141703,9472868
2013/06/27,0,17303429,-8488000,8815429
2013/06/28,0,13543000,-8647360,4895640
2013/07/01,0,11744000,-6363369,5380631
2013/07/02,0,7503032,-6774062,728970
2013/07/03,0,9937000,-9861000,76000
2013/07/04,0,6996000,-8086000,-1090000
2013/07/05,0,5399000,-4195000,1204000
2013/07/08,0,8430000,-8456000,-26000
2013/07/09,0,12076500,-7335000,4741500
2013/07/10,0,4857000,-6062000,-1205000
2013/07/11,0,9116595,-4860240,4256355
2013/07/12,0,3721000,-11156000,-7435000
2013/07/15,0,2574000,-17858000,-15284000
2013/07/16,0,8673190,-6037000,2636190
2013/07/17,0,5300000,-13059000,-7759000
2013/07/18,0,4803416,-9304000,-4500584
2013/07/19,0,4452880,-6060000,-1607120
2013/07/22,0,5335060,-4526000,809060
2013/07/23,0,4773150,-4941105,-167955
2013/07/24,0,3026000,-4769000,-1743000
2013/07/25,0,3411000,-6789000,-3378000
2013/07/26,0,3695000,-3201000,494000
2013/07/29,0,4371000,-9365000,-4994000
2013/07/30,0,4515000,-3899000,616000
2013/07/31,0,3207000,-3604000,-397000
2013/08/01,0,5943000,-6298000,-355000
2013/08/02,0,3984000,-5524744,-1540744
2013/08/05,0,1766532,-5007000,-3240468
2013/08/06,0,1130000,-3318000,-2188000
2013/08/07,0,2754000,-4625000,-1871000
2013/08/08,0,3628472,-5668000,-2039528
2013/08/09,0,5371000,-8123000,-2752000
2013/08/12,0,2038000,-4446000,-2408000
2013/08/13,0,3479000,-5440000,-1961000
2013/08/14,0,2631322,-10284875,-7653553
2013/08/15,0,2687000,-4321060,-1634060
2013/08/16,0,2364000,-2000249,363751
2013/08/19,0,3673000,-4439000,-766000
2013/08/20,0,1647238,-3497238,-1850000
2013/08/21,0,0,0,0
2013/08/22,0,1985238,-9504084,-7518846
2013/08/23,0,1748000,-3377000,-1629000
2013/08/26,0,1950000,-2445000,-495000
2013/08/27,0,2938000,-3119000,-181000
2013/08/28,0,2472000,-2863000,-391000
2013/08/29,0,2887063,-3290000,-402937
2013/08/30,0,3576000,-2260042,1315958
2013/09/02,0,3484000,-2054000,1430000
2013/09/03,0,1508000,-963000,545000
2013/09/04,0,2646000,-2558000,88000
2013/09/05,0,3314886,-3337000,-22114
2013/09/06,0,6542930,-1993000,4549930
2013/09/09,0,5354580,-1135000,4219580
2013/09/10,0,6417000,-1250000,5167000
2013/09/11,0,8297000,-2862472,5434528
2013/09/12,0,2565000,-2649000,-84000
2013/09/13,0,2203000,-1591000,612000
2013/09/16,0,5434000,-751000,4683000
2013/09/17,0,2811000,-2203000,608000
2013/09/18,0,3711151,-2716000,995151
2013/09/19,0,0,0,0
2013/09/20,0,0,0,0
2013/09/23,0,9834000,-4619500,5214500
2013/09/24,0,3253000,-3015679,237321
2013/09/25,0,3271000,-2030500,1240500
2013/09/26,0,2271000,-2316000,-45000
2013/09/27,0,2796000,-2011672,784328
2013/09/30,0,4544000,-4677164,-133164
2013/10/01,0,1678000,-1339773,338227
2013/10/02,0,5014400,-1983991,3030409
2013/10/03,0,9398649,-2220000,7178649
2013/10/04,0,4730600,-1386000,3344600
2013/10/07,0,3132218,-1565500,1566718
2013/10/08,0,3893000,-2632261,1260739
2013/10/09,0,2403000,-1895000,508000
2013/10/10,0,0,0,0
2013/10/11,0,3345000,-3197000,148000
2013/10/14,0,3048000,-209841,2838159
2013/10/15,0,2802000,-1197000,1605000
2013/10/16,0,1686000,-1421100,264900
2013/10/17,0,2457000,-1697000,760000
2013/10/18,0,1659000,-454970,1204030
2013/10/21,0,2626000,-1524000,1102000
2013/10/22,0,5955000,-2532000,3423000
2013/10/23,0,3469128,-2683000,786128
2013/10/24,0,1897000,-1413000,484000
2013/10/25,0,2293133,-1077000,1216133
2013/10/28,0,1470000,-1490000,-20000
2013/10/29,0,1691000,-970298,720702
2013/10/30,0,5796000,-1672000,4124000
2013/10/31,0,5518000,-5201000,317000
2013/11/01,0,4287000,-2017000,2270000
2013/11/04,0,2951000,-3017000,-66000
2013/11/05,0,2540000,-3049638,-509638
2013/11/06,0,3717900,-1440400,2277500
2013/11/07,0,1303000,-1837000,-534000
2013/11/08,0,2735000,-1264000,1471000
2013/11/11,0,1177000,-1228000,-51000
2013/11/12,0,6602000,-2891000,3711000
2013/11/13,0,1571188,-3057000,-1485812
2013/11/14,0,2626000,-6335000,-3709000
2013/11/15,0,1523000,-5151792,-3628792
2013/11/18,0,2612150,-3628000,-1015850
2013/11/19,0,2761039,-2173889,587150
2013/11/20,0,2815000,-3670779,-855779
2013/11/21,0,2034000,-3847000,-1813000
2013/11/22,0,1928000,-1338000,590000
2013/11/25,0,562000,-969000,-407000
2013/11/26,0,2984246,-3165895,-181649
2013/11/27,0,2048218,-998000,1050218
2013/11/28,0,2657000,-1330190,1326810
2013/11/29,0,2140000,-1245000,895000
2013/12/02,0,2107218,-511000,1596218
2013/12/03,0,2109318,-1840512,268806
2013/12/04,0,1718000,-1393000,325000
2013/12/05,0,1206000,-1245000,-39000
2013/12/06,0,2455000,-1926486,528514
2013/12/09,0,2426000,-2535957,-109957
2013/12/10,0,3143000,-1376000,1767000
2013/12/11,0,4352000,-3683000,669000
2013/12/12,0,1314000,-7599067,-6285067
2013/12/13,0,2262000,-2059000,203000
2013/12/16,0,7905000,-8176532,-271532
2013/12/17,0,5611000,-5611000,0
2013/12/18,0,3925000,-4209000,-284000
2013/12/19,0,2584000,-2539000,45000
2013/12/20,0,2756000,-4268354,-1512354
2013/12/23,0,989000,-2035500,-1046500
2013/12/24,0,2083000,-1239000,844000
2013/12/25,0,1121000,-500000,621000
2013/12/26,0,323000,-600000,-277000
2013/12/27,0,2097000,-857000,1240000
2013/12/30,0,4697000,-2083000,2614000
2013/12/31,0,2336000,-1621000,715000
2014/01/02,0,1080000,-1026000,54000
2014/01/03,0,3615000,-1970000,1645000
2014/01/06,0,2145000,-2487947,-342947
2014/01/07,0,2924000,-2954000,-30000
2014/01/08,0,2577000,-2615000,-38000
2014/01/09,0,1537000,-5248000,-3711000
2014/01/10,0,3089000,-2177000,912000
2014/01/13,0,4408609,-3663000,745609
2014/01/14,0,1004000,-4107000,-3103000
2014/01/15,0,1669896,-2989500,-1319604
2014/01/16,0,4330000,-3612663,717337
2014/01/17,0,582868,-4537500,-3954632
2014/01/20,0,623000,-2229000,-1606000
2014/01/21,0,2467000,-1336342,1130658
2014/01/22,0,4488000,-5728000,-1240000
2014/01/23,0,2063000,-12176000,-10113000
2014/01/24,0,4525000,-5490000,-965000
2014/01/27,0,4142000,-13053752,-8911752
2014/02/05,0,9246000,-19133274,-9887274
2014/02/06,0,10921888,-8346000,2575888
2014/02/07,0,3782000,-3024000,758000
2014/02/10,0,4393000,-3305202,1087798
2014/02/11,0,3011043,-1548018,1463025
2014/02/12,0,3081000,-2534400,546600
2014/02/13,0,7180000,-3405500,3774500
2014/02/14,0,3919000,-1879600,2039400
2014/02/17,0,2527000,-1920000,607000
2014/02/18,0,2679000,-1007850,1671150
2014/02/19,0,6672000,-2730279,3941721
2014/02/20,0,2903091,-2547490,355601
2014/02/21,0,4669000,-2169000,2500000
2014/02/24,0,4960000,-6020000,-1060000
2014/02/25,0,7985808,-7981000,4808
2014/02/26,0,7563000,-6522000,1041000
2014/02/27,0,8285000,-7347227,937773
2014/03/03,0,8231000,-8967000,-736000
2014/03/04,0,6188000,-4139000,2049000
2014/03/05,0,6701000,-3516000,3185000
2014/03/06,0,9048000,-5180000,3868000
2014/03/07,0,9825000,-4727000,5098000
2014/03/10,0,9887000,-3147408,6739592
2014/03/11,0,6816000,-7696889,-880889
2014/03/12,0,9368445,-7532040,1836405
2014/03/13,0,13550000,-7991451,5558549
2014/03/14,0,4673000,-8329000,-3656000
2014/03/17,0,4584000,-1782000,2802000
2014/03/18,0,2641000,-7553000,-4912000
2014/03/19,0,4806820,-5419000,-612180
2014/03/20,0,3979000,-3223000,756000
2014/03/21,0,9357000,-8004000,1353000
2014/03/24,0,4984293,-4763584,220709
2014/03/25,0,13919000,-5520400,8398600
2014/03/26,0,8579000,-1888933,6690067
2014/03/27,0,3132000,-3394000,-262000
2014/03/28,0,4616000,-1265000,3351000
2014/03/31,0,5132487,-1403000,3729487
2014/04/01,0,2823500,-4534362,-1710862
2014/04/02,0,18753000,-11915750,6837250
2014/04/03,0,11623000,-7901000,3722000
2014/04/07,0,9991250,-5094000,4897250
2014/04/08,0,6774408,-2475000,4299408
2014/04/09,0,5414000,-3997000,1417000
2014/04/10,0,4806130,-1322000,3484130
2014/04/11,0,2511000,-5591000,-3080000
2014/04/14,0,2002000,-2421000,-419000
2014/04/15,0,1874000,-1894000,-20000
2014/04/16,0,3923000,-4963000,-1040000
2014/04/17,0,407943,-2070000,-1662057
2014/04/18,0,1948000,-841000,1107000
2014/04/21,0,1069000,-1590000,-521000
2014/04/22,0,1298000,-1974000,-676000
2014/04/23,0,3310000,-2020621,1289379
2014/04/24,0,3463000,-4443000,-980000
2014/04/25,0,3751500,-2882000,869500
2014/04/28,0,5706000,-3957000,1749000
2014/04/29,0,4340886,-2017000,2323886
2014/04/30,0,6389592,-4425000,1964592
2014/05/02,0,9326000,-2231000,7095000
2014/05/05,0,4934012,-2857000,2077012
2014/05/06,0,5220000,-921888,4298112
2014/05/07,0,5394000,-2426000,2968000
2014/05/08,0,5843000,-786346,5056654
2014/05/09,0,6526791,-806000,5720791
2014/05/12,0,1778408,-3762546,-1984138
2014/05/13,0,5045000,-5094000,-49000
2014/05/14,0,6929500,-3338000,3591500
2014/05/15,0,4718000,-3780000,938000
2014/05/16,0,5757210,-8241012,-2483802
2014/05/19,0,8328000,-11039120,-2711120
2014/05/20,0,7745000,-5165058,2579942
2014/05/21,0,4327905,-2452353,1875552
2014/05/22,0,4866000,-1814000,3052000
2014/05/23,0,3853000,-2112757,1740243
2014/05/26,0,3839000,-1716500,2122500
2014/05/27,0,3977000,-1728000,2249000
2014/05/28,0,5615924,-2625000,2990924
2014/05/29,0,4793000,-3212010,1580990
2014/05/30,0,11924943,-9275258,2649685
2014/06/03,0,6402000,-4084683,2317317
2014/06/04,0,3825000,-4546000,-721000
2014/06/05,0,9999000,-5105441,4893559
2014/06/06,0,7771000,-6018000,1753000
2014/06/09,0,6583000,-7905000,-1322000
2014/06/10,0,7656899,-5075500,2581399
2014/06/11,0,5116924,-3631157,1485767
2014/06/12,0,7039000,-5280000,1759000
2014/06/13,0,7921424,-5833116,2088308
2014/06/16,0,6050000,-4488301,1561699
2014/06/17,0,4056000,-5525000,-1469000
2014/06/18,0,8849000,-8633000,216000
2014/06/19,0,6492113,-7822000,-1329887
2014/06/20,0,3401000,-6207345,-2806345
2014/06/23,0,5295905,-2548271,2747634
2014/06/24,0,2838924,-1242444,1596480
2014/06/25,0,7645000,-3585362,4059638
2014/06/26,0,4773197,-3756890,1016307
2014/06/27,0,2724000,-6538000,-3814000
2014/06/30,0,8573830,-4326197,4247633
2014/07/01,0,4998000,-7603000,-2605000
2014/07/02,0,3724464,-5169000,-1444536
2014/07/03,0,2569000,-3145000,-576000
2014/07/04,0,2326000,-9801033,-7475033
2014/07/07,0,3128870,-6045135,-2916265
2014/07/08,0,4522000,-7530000,-3008000
2014/07/09,0,3401880,-2428000,973880
2014/07/10,0,285694672,-318088193,-32393521
2014/07/11,0,16269802,-31472764,-15202962
2014/07/14,0,14328000,-19180159,-4852159
2014/07/15,0,13198750,-16068000,-2869250
2014/07/16,0,9716855,-5531000,4185855
2014/07/17,0,14353288,-16815000,-2461712
2014/07/18,0,12246000,-18621000,-6375000
2014/07/21,0,8405000,-12804395,-4399395
2014/07/22,0,4410000,-4959710,-549710
2014/07/23,0,0,0,0
2014/07/24,0,11966483,-14010310,-2043827
2014/07/25,0,10481000,-15602128,-5121128
2014/07/28,0,7622212,-4508000,3114212
2014/07/29,0,10881000,-8615000,2266000
2014/07/30,0,9496000,-12004500,-2508500
2014/07/31,0,14151000,-29804000,-15653000
2014/08/01,0,19353855,-33223300,-13869445
2014/08/04,0,25199000,-30821000,-5622000
2014/08/05,0,16071000,-25905160,-9834160
2014/08/06,0,14605884,-16831000,-2225116
2014/08/07,0,7843771,-9525286,-1681515
2014/08/08,0,32126505,-27989344,4137161
2014/08/11,0,15452000,-15868921,-416921
2014/08/12,0,5515029,-8288491,-2773462
2014/08/13,0,5550000,-4905000,645000
2014/08/14,0,9757000,-8148000,1609000
2014/08/15,0,3684000,-3408000,276000
2014/08/18,0,6166000,-4905000,1261000
2014/08/19,0,9940658,-9062000,878658
2014/08/20,0,8157994,-10282000,-2124006
2014/08/21,0,11352000,-8410000,2942000
2014/08/22,0,17571453,-13090272,4481181
2014/08/25,0,4022000,-4997000,-975000
2014/08/26,0,5307324,-4728287,579037
2014/08/27,0,4636000,-4430000,206000
2014/08/28,0,4089664,-6043557,-1953893
2014/08/29,0,3850000,-4255000,-405000
2014/09/01,0,6402000,-2260000,4142000
2014/09/02,0,5312000,-4531753,780247
2014/09/03,0,9486513,-4094949,5391564
2014/09/04,0,9159660,-3523000,5636660
2014/09/05,0,1884000,-6373000,-4489000
2014/09/09,0,6208804,-1310000,4898804
2014/09/10,0,2320668,-4507000,-2186332
2014/09/11,0,3730000,-2019949,1710051
2014/09/12,0,3122745,-2879800,242945
2014/09/15,0,5608000,-3460690,2147310
2014/09/16,0,2375487,-2700000,-324513
2014/09/17,0,9184000,-4644000,4540000
2014/09/18,0,6037291,-5448616,588675
2014/09/19,0,13019081,-9554000,3465081
2014/09/22,0,6691377,-7456501,-765124
2014/09/23,0,9844000,-3772600,6071400
2014/09/24,0,5702784,-6049000,-346216
2014/09/25,0,9274600,-11015651,-1741051
2014/09/26,0,6893017,-7779865,-886848
2014/09/29,0,3438000,-6330000,-2892000
2014/09/30,0,5259000,-7266168,-2007168
2014/10/01,0,2839000,-7616961,-4777961
2014/10/02,0,3608000,-8492238,-4884238
2014/10/03,0,2352732,-2428967,-76235
2014/10/06,0,4304215,-6327000,-2022785
2014/10/07,0,5386000,-4513000,873000
2014/10/08,0,5554000,-12161000,-6607000
2014/10/09,0,3595000,-5843453,-2248453
2014/10/13,0,6088000,-11761000,-5673000
2014/10/14,0,4771000,-3216000,1555000
2014/10/15,0,4782000,-7160000,-2378000
2014/10/16,0,1622000,-8532868,-6910868
2014/10/17,0,7296000,-9406048,-2110048
2014/10/20,0,6387122,-9390259,-3003137
2014/10/21,0,1430000,-4257000,-2827000
2014/10/22,0,4879829,-4222238,657591
2014/10/23,0,5570732,-3468000,2102732
2014/10/24,0,5623000,-5306000,317000
2014/10/27,0,11373000,-5321000,6052000
2014/10/28,0,6948400,-12611761,-5663361
2014/10/29,0,8888196,-20984500,-12096304
2014/10/30,0,15869000,-6379000,9490000
2014/10/31,0,6985000,-5471500,1513500
2014/11/03,0,7286000,-5980000,1306000
2014/11/04,0,5741320,-4189000,1552320
2014/11/05,0,16110100,-13965000,2145100
2014/11/06,0,6908200,-3142000,3766200
2014/11/07,0,4943782,-3125000,1818782
2014/11/10,0,8196198,-5245488,2950710
2014/11/11,0,8260500,-4288000,3972500
2014/11/12,0,4131280,-5146000,-1014720
2014/11/13,0,8439049,-3801049,4638000
2014/11/14,0,4181000,-4419000,-238000
2014/11/17,0,3480000,-2184000,1296000
2014/11/18,0,4895736,-2233871,2661865
2014/11/19,0,12060498,-6415026,5645472
2014/11/20,0,13728000,-7839000,5889000
2014/11/21,0,9067200,-4772000,4295200
2014/11/24,0,3658000,-5759000,-2101000
2014/11/25,0,5229500,-6557212,-1327712
2014/11/26,0,3484000,-4899000,-1415000
2014/11/27,0,6498000,-6971000,-473000
2014/11/28,0,3660000,-4181437,-521437
2014/12/01,0,4893402,-8965697,-4072295
2014/12/02,0,4984730,-5698000,-713270
2014/12/03,0,6182368,-4606000,1576368
2014/12/04,0,6370000,-8969000,-2599000
2014/12/05,0,5947500,-4328000,1619500
2014/12/08,0,5316000,-4970051,345949
2014/12/09,0,7306495,-4430000,2876495
2014/12/10,0,5035345,-6446345,-1411000
2014/12/11,0,7037000,-4323713,2713287
2014/12/12,0,3856126,-3169710,686416
2014/12/15,0,8516000,-4277610,4238390
2014/12/16,0,3720000,-4244345,-524345
2014/12/17,0,5683635,-8417902,-2734267
2014/12/18,0,7136000,-6586000,550000
2014/12/19,0,6243431,-5883375,360056
2014/12/22,0,6021000,-5086610,934390
2014/12/23,0,5809000,-4478000,1331000
2014/12/24,0,4005000,-3935000,70000
2014/12/25,0,803000,-241000,562000
2014/12/26,0,1497000,-523000,974000
2014/12/29,0,5809000,-3191000,2618000
2014/12/30,0,3735789,-4461000,-725211
2014/12/31,0,2366000,-2219369,146631
2015/01/01,0,0,0,0
2015/01/02,0,0,0,0
2015/01/05,0,7036000,-7150000,-114000
2015/01/06,0,8220000,-8154610,65390
2015/01/07,0,4405805,-5459805,-1054000
2015/01/08,0,6933550,-4477850,2455700
2015/01/09,0,6562000,-6976081,-414081
2015/01/12,0,6421500,-3829224,2592276
2015/01/13,0,7537062,-5799000,1738062
2015/01/14,0,11565500,-10814000,751500
2015/01/15,0,4847000,-4903376,-56376
2015/01/16,0,7357766,-7408938,-51172
2015/01/19,0,7600000,-3743000,3857000
2015/01/20,0,5229766,-2289000,2940766
2015/01/21,0,12336500,-4826000,7510500
2015/01/22,0,13977500,-11580532,2396968
2015/01/23,0,14164000,-4489498,9674502
2015/01/26,0,10261000,-4737863,5523137
2015/01/27,0,4707000,-2510500,2196500
2015/01/28,0,5367000,-1792000,3575000
2015/01/29,0,11508000,-6687376,4820624
2015/01/30,0,25515500,-10556000,14959500
2015/02/02,0,15921035,-8936057,6984978
2015/02/03,0,15544500,-2951480,12593020
2015/02/04,0,12904356,-3213531,9690825
2015/02/05,0,14419500,-5203000,9216500
2015/02/06,0,12679000,-5976000,6703000
2015/02/09,0,10393176,-15154000,-4760824
2015/02/10,0,14213000,-15586400,-1373400
2015/02/11,0,10353000,-6214000,4139000
2015/02/12,0,7200000,-6091680,1108320
2015/02/13,0,8002000,-2751510,5250490
2015/02/16,0,0,0,0
2015/02/17,0,0,0,0
2015/02/18,0,0,0,0
2015/02/19,0,0,0,0
2015/02/20,0,0,0,0
2015/02/23,0,0,0,0
2015/02/24,0,13243000,-12703910,539090
2015/02/25,0,20457000,-7404651,13052349
2015/02/26,0,13786000,-7236668,6549332
2015/02/27,0,0,0,0
2015/03/02,0,8346000,-3896929,4449071
2015/03/03,0,6690956,-2968000,3722956
2015/03/04,0,7163000,-2221000,4942000
2015/03/05,0,4882000,-2177532,2704468
2015/03/06,0,5257000,-2104000,3153000
2015/03/09,0,4096000,-3141532,954468
2015/03/10,0,9325828,-4657500,4668328
2015/03/11,0,8121000,-5650532,2470468
2015/03/12,0,5265000,-3571699,1693301
2015/03/13,0,6729172,-3608620,3120552
2015/03/16,0,5551000,-6871481,-1320481
2015/03/17,0,8603000,-9804047,-1201047
2015/03/18,0,7161000,-5163591,1997409
2015/03/19,0,9870000,-5411403,4458597
2015/03/20,0,2577000,-10543250,-7966250
2015/03/23,0,5773000,-6841000,-1068000
2015/03/24,0,10937182,-19254869,-8317687
2015/03/25,0,9806000,-7506000,2300000
2015/03/26,0,6516000,-14421185,-7905185
2015/03/27,0,8842000,-15742100,-6900100
2015/03/30,0,8013000,-7469265,543735
2015/03/31,0,4550000,-13006000,-8456000
2015/04/01,0,7341538,-21898000,-14556462
2015/04/02,0,9136836,-10632610,-1495774
2015/04/03,0,0,0,0
2015/04/06,0,0,0,0
2015/04/07,0,1480000,-8099000,-6619000
2015/04/08,0,4148000,-10606914,-6458914
2015/04/09,0,7685000,-10867532,-3182532
2015/04/10,0,3081000,-9432459,-6351459
2015/04/13,0,3629979,-5270000,-1640021
2015/04/14,0,4059000,-7421000,-3362000
2015/04/15,0,4614000,-16465500,-11851500
2015/04/16,0,7327000,-8405000,-1078000
2015/04/17,0,3508956,-9628000,-6119044
2015/04/20,0,2853000,-8487600,-5634600
2015/04/21,0,8868000,-11486000,-2618000
2015/04/22,0,5614000,-11833000,-6219000
2015/04/23,0,11545000,-7687073,3857927
2015/04/24,0,18868000,-11508619,7359381
2015/04/27,0,7579772,-5522000,2057772
2015/04/28,0,3665000,-6335000,-2670000
2015/04/29,0,4682000,-4706431,-24431
2015/04/30,0,9396848,-9587698,-190850
2015/05/01,0,0,0,0
2015/05/04,0,9716000,-2192949,7523051
2015/05/05,0,5423300,-4274000,1149300
2015/05/06,0,5973056,-6308495,-335439
2015/05/07,0,14700525,-8438000,6262525
2015/05/08,0,8621694,-5088220,3533474
2015/05/11,0,6215397,-1930009,4285388
2015/05/12,0,6443500,-1715000,4728500
2015/05/13,0,3501000,-1065583,2435417
2015/05/14,0,4399000,-3072960,1326040
2015/05/15,0,5185000,-2186440,2998560
2015/05/18,0,3139000,-1988000,1151000
2015/05/19,0,7490182,-3153000,4337182
2015/05/20,0,5754000,-5594000,160000
2015/05/21,0,6713800,-6990926,-277126
2015/05/22,0,4183000,-3035968,1147032
2015/05/25,0,3643000,-2918010,724990
2015/05/26,0,5029000,-2721000,2308000
2015/05/27,0,2672000,-1920411,751589
2015/05/28,0,6704000,-4875956,1828044
2015/05/29,0,3976745,-6146784,-2170039
2015/06/01,0,5328000,-7159000,-1831000
2015/06/02,0,5025844,-7552955,-2527111
2015/06/03,0,6822000,-10181970,-3359970
2015/06/04,0,11656500,-8756559,2899941
2015/06/05,0,4366381,-7261920,-2895539
2015/06/08,0,6646000,-5945386,700614
2015/06/09,0,5292000,-7276105,-1984105
2015/06/10,0,11498187,-8667000,2831187
2015/06/11,0,5275000,-7651002,-2376002
2015/06/12,0,4875475,-4967002,-91527
2015/06/15,0,5833000,-5775463,57537
2015/06/16,0,5562000,-7244000,-1682000
2015/06/17,0,6323000,-7461297,-1138297
2015/06/18,0,7740000,-9881000,-2141000
2015/06/19,0,0,0,0
2015/06/22,0,13882651,-9843526,4039125
2015/06/23,0,11280875,-7547592,3733283
2015/06/24,0,5442115,-6088518,-646403
2015/06/25,0,5679653,-5934556,-254903
2015/06/26,0,3275000,-5140650,-1865650
2015/06/29,0,4589504,-4645842,-56338
2015/06/30,0,6803000,-7738367,-935367
2015/07/01,0,4251000,-5715909,-1464909
2015/07/02,0,4266440,-7502709,-3236269
2015/07/03,0,3350000,-7903000,-4553000
2015/07/06,0,3430000,-2588949,841051
2015/07/07,0,4269000,-6468550,-2199550
2015/07/08,0,2591000,-9516539,-6925539
2015/07/09,0,5259000,-12948482,-7689482
2015/07/10,0,0,0,0
2015/07/13,0,6239204,-13366060,-7126856
2015/07/14,0,8582845,-9592302,-1009457
2015/07/15,0,8947000,-12726493,-3779493
2015/07/16,0,10830000,-9879760,950240
2015/07/17,0,13087000,-9807586,3279414
2015/07/20,0,16208654,-5183839,11024815
2015/07/21,0,7685000,-4150700,3534300
2015/07/22,0,14041190,-10660147,3381043
2015/07/23,0,5992344,-10321000,-4328656
2015/07/24,0,8212836,-11566000,-3353164
2015/07/27,0,11839000,-5841820,5997180
2015/07/28,0,4450000,-12050538,-7600538
2015/07/29,0,7614000,-9465190,-1851190
2015/07/30,0,17676000,-14235010,3440990
2015/07/31,0,17238825,-19280041,-2041216
2015/08/03,0,8319962,-10288566,-1968604
2015/08/04,0,12679000,-18852215,-6173215
2015/08/05,0,2428000,-6425094,-3997094
2015/08/06,0,10693000,-12355430,-1662430
2015/08/07,0,11531000,-14455000,-2924000
2015/08/10,0,8428000,-4949000,3479000
2015/08/11,0,7699000,-7316820,382180
2015/08/12,0,6705000,-7164343,-459343
2015/08/13,0,14736000,-13895737,840263
2015/08/14,0,10137400,-7684000,2453400
2015/08/17,0,6490836,-9995000,-3504164
2015/08/18,0,4140000,-11069910,-6929910
2015/08/19,0,5854654,-7162000,-1307346
2015/08/20,0,9183000,-11773000,-2590000
2015/08/21,0,6750000,-6506000,244000
2015/08/24,0,343000,-2589959,-2246959
2015/08/25,0,37519000,-31561460,5957540
2015/08/26,0,33267000,-39958356,-6691356
2015/08/27,0,26078000,-28218000,-2140000
2015/08/28,0,10481000,-19396885,-8915885
2015/08/31,0,26430910,-59232921,-32802011
2015/09/01,0,12700500,-22612290,-9911790
2015/09/02,0,16528000,-24042501,-7514501
2015/09/03,0,14118000,-17356000,-3238000
2015/09/04,0,13057485,-9689105,3368380
2015/09/07,0,2595000,-6441000,-3846000
2015/09/08,0,4270000,-9963370,-5693370
2015/09/09,0,12417994,-16489000,-4071006
2015/09/10,0,7965987,-14677000,-6711013
2015/09/11,0,2849000,-10819488,-7970488
2015/09/14,0,6100000,-11909024,-5809024
2015/09/15,0,16946000,-18735000,-1789000
2015/09/16,0,23268000,-25153490,-1885490
2015/09/17,0,16161000,-32175000,-16014000
2015/09/18,0,15536429,-15836717,-300288
2015/09/21,0,4509500,-23239748,-18730248
2015/09/22,0,3345000,-8797424,-5452424
2015/09/23,0,12907400,-15030475,-2123075
2015/09/24,0,5204917,-15455824,-10250907
2015/09/25,0,13499000,-9321434,4177566
2015/09/28,0,0,0,0
2015/09/29,0,0,0,0
2015/09/30,0,20021000,-11231123,8789877
2015/10/01,0,15055099,-12482692,2572407
2015/10/02,0,23803527,-29867434,-6063907
2015/10/05,0,5601408,-6796561,-1195153
2015/10/06,0,12780894,-11071164,1709730
2015/10/07,0,9195149,-13309758,-4114609
2015/10/08,0,7651404,-4407046,3244358
2015/10/09,0,0,0,0
2015/10/12,0,12561117,-9285346,3275771
2015/10/13,0,4141957,-5796536,-1654579
2015/10/14,0,8684000,-5749642,2934358
2015/10/15,0,15517000,-4018793,11498207
2015/10/16,0,20832681,-9519665,11313016
2015/10/19,0,8757531,-7144573,1612958
2015/10/20,0,9283400,-6785641,2497759
2015/10/21,0,3609958,-1871787,1738171
2015/10/22,0,4219000,-2226363,1992637
2015/10/23,0,12074348,-6194279,5880069
2015/10/26,0,6229000,-1861000,4368000
2015/10/27,0,2479000,-1792892,686108
2015/10/28,0,5733000,-4537283,1195717
2015/10/29,0,2851013,-3133322,-282309
2015/10/30,0,6987000,-4320102,2666898
2015/11/02,0,4161191,-2762518,1398673
2015/11/03,0,6966000,-7448510,-482510
2015/11/04,0,14441000,-7090210,7350790
2015/11/05,0,3535000,-4048892,-513892
2015/11/06,0,9750402,-7596285,2154117
2015/11/09,0,13354909,-6665631,6689278
2015/11/10,0,2984977,-4045000,-1060023
2015/11/11,0,4523000,-3990000,533000
2015/11/12,0,4914161,-3078000,1836161
2015/11/13,0,5105000,-5099779,5221
2015/11/16,0,2068000,-3882052,-1814052
2015/11/17,0,6395957,-4719326,1676631
2015/11/18,0,5146618,-3734177,1412441
2015/11/19,0,3998000,-3095379,902621
2015/11/20,0,1393000,-2065500,-672500
2015/11/23,0,3438000,-2903180,534820
2015/11/24,0,7232000,-5870356,1361644
2015/11/25,0,4976460,-3232974,1743486
2015/11/26,0,8959000,-4546293,4412707
2015/11/27,0,2356000,-3546000,-1190000
2015/11/30,0,15531968,-17288938,-1756970
2015/12/01,0,6650366,-3697655,2952711
2015/12/02,0,4565000,-4478619,86381
2015/12/03,0,4738892,-4073639,665253
2015/12/04,0,3423000,-3083109,339891
2015/12/07,0,5196000,-1633741,3562259
2015/12/08,0,5249000,-5325091,-76091
2015/12/09,0,3189000,-4821000,-1632000
2015/12/10,0,8093000,-7292500,800500
2015/12/11,0,4952323,-7200543,-2248220
2015/12/14,0,7408219,-19161983,-11753764
2015/12/15,0,20271000,-23611308,-3340308
2015/12/16,0,19420000,-23922000,-4502000
2015/12/17,0,10976000,-4798000,6178000
2015/12/18,0,7335151,-8602496,-1267345
2015/12/21,0,4228000,-4166000,62000
2015/12/22,0,6189898,-7457956,-1268058
2015/12/23,0,12265000,-20322000,-8057000
2015/12/24,0,3537591,-5576000,-2038409
2015/12/25,0,153000,-245000,-92000
2015/12/28,0,2120000,-4962000,-2842000
2015/12/29,0,1603000,-5993872,-4390872
2015/12/30,0,2354000,-3340752,-986752
2015/12/31,0,1149002,-1774000,-624998
2016/01/01,0,0,0,0
2016/01/04,0,791760,-6728000,-5936240
2016/01/05,0,3356507,-6774976,-3418469
2016/01/06,0,1948086,-7671634,-5723548
2016/01/07,0,5043974,-18819716,-13775742
2016/01/08,0,2595020,-9243405,-6648385
2016/01/11,0,5206437,-8871000,-3664563
2016/01/12,0,4658338,-5783000,-1124662
2016/01/13,0,3615000,-3596355,18645
2016/01/14,0,4189715,-8237000,-4047285
2016/01/15,0,6188000,-14583966,-8395966
2016/01/18,0,1519182,-4418051,-2898869
2016/01/19,0,1217214,-3570209,-2352995
2016/01/20,0,5033308,-5695000,-661692
2016/01/21,0,762000,-4932000,-4170000
2016/01/22,0,4101000,-6692284,-2591284
2016/01/25,0,7487000,-10935000,-3448000
2016/01/26,0,13663000,-9751000,3912000
2016/01/27,0,7688000,-8283316,-595316
2016/01/28,0,10215000,-14118797,-3903797
2016/01/29,0,14054170,-15551606,-1497436
2016/02/01,0,5459680,-3917000,1542680
2016/02/02,0,5871021,-5789786,81235
2016/02/03,0,6592000,-6017148,574852
2016/02/04,0,0,0,0
2016/02/05,0,0,0,0
2016/02/08,0,0,0,0
2016/02/09,0,0,0,0
2016/02/10,0,0,0,0
2016/02/11,0,0,0,0
2016/02/12,0,0,0,0
2016/02/15,0,2903085,-5549112,-2646027
2016/02/16,0,1833000,-2882000,-1049000
2016/02/17,0,3646170,-4223626,-577456
2016/02/18,0,3245000,-2007977,1237023
2016/02/19,0,8230308,-2558719,5671589
2016/02/22,0,1875000,-2748659,-873659
2016/02/23,0,3858910,-4825973,-967063
2016/02/24,0,7369000,-8880732,-1511732
2016/02/25,0,4614661,-1824000,2790661
2016/02/26,0,5799000,-5565546,233454
2016/02/29,0,0,0,0
2016/03/01,0,3067100,-10141969,-7074869
2016/03/02,0,1718439,-4203000,-2484561
2016/03/03,0,3398642,-3488000,-89358
2016/03/04,0,2767057,-3629000,-861943
2016/03/07,0,2685060,-1109000,1576060
2016/03/08,0,3260236,-674764,2585472
2016/03/09,0,3851455,-6900000,-3048545
2016/03/10,0,3725000,-4943108,-1218108
2016/03/11,0,9034000,-4173000,4861000
2016/03/14,0,1820000,-4366000,-2546000
2016/03/15,0,3620000,-2084000,1536000
2016/03/16,0,5401000,-2737000,2664000
2016/03/17,0,3023000,-2598000,425000
2016/03/18,0,6472000,-6671483,-199483
2016/03/21,0,3654000,-4857400,-1203400
2016/03/22,0,3537909,-5634725,-2096816
2016/03/23,0,6259000,-4491110,1767890
2016/03/24,0,8201000,-20910000,-12709000
2016/03/25,0,26351000,-80557164,-54206164
2016/03/28,0,13877000,-32422188,-18545188
2016/03/29,0,13164500,-13853500,-689000
2016/03/30,0,13617600,-10684932,2932668
2016/03/31,0,7289251,-4885200,2404051
2016/04/01,0,2527011,-12125755,-9598744
2016/04/04,0,0,0,0
2016/04/05,0,0,0,0
2016/04/06,0,4921091,-4495237,425854
2016/04/07,0,1754552,-3462000,-1707448
2016/04/08,0,1773000,-3470000,-1697000
2016/04/11,0,1492000,-1775060,-283060
2016/04/12,0,1947000,-1426367,520633
2016/04/13,0,4281223,-2007000,2274223
2016/04/14,0,3182000,-2103000,1079000
2016/04/15,0,1213529,-2034000,-820471
2016/04/18,0,1573000,-3003219,-1430219
2016/04/19,0,1529000,-8608639,-7079639
2016/04/20,0,2276704,-3566669,-1289965
2016/04/21,0,456000,-1497000,-1041000
2016/04/22,0,619000,-2503000,-1884000
2016/04/25,0,1968000,-2668510,-700510
2016/04/26,0,1298881,-3013600,-1714719
2016/04/27,0,2111000,-3641000,-1530000
2016/04/28,0,3027642,-6305495,-3277853
2016/04/29,0,5457000,-17501000,-12044000
2016/05/02,0,0,0,0
2016/05/03,0,4647000,-11404410,-6757410
2016/05/04,0,5866000,-18005162,-12139162
2016/05/05,0,4074000,-7826892,-3752892
2016/05/06,0,8520000,-15451000,-6931000
2016/05/09,0,4698000,-9174000,-4476000
2016/05/10,0,785000,-7125472,-6340472
2016/05/11,0,2811600,-9897712,-7086112
2016/05/12,0,2177000,-7693000,-5516000
2016/05/13,0,5568000,-12225000,-6657000
2016/05/16,0,14142000,-15492129,-1350129
2016/05/17,0,8830000,-9969690,-1139690
2016/05/18,0,7230443,-6532000,698443
2016/05/19,0,2471000,-5618000,-3147000
2016/05/20,0,2241092,-6463161,-4222069
2016/05/23,0,1699590,-7769000,-6069410
2016/05/24,0,8676000,-7185908,1490092
2016/05/25,0,8829980,-7601000,1228980
2016/05/26,0,0,0,0
2016/05/27,0,22397000,-34227723,-11830723
2016/05/30,0,5483200,-8651276,-3168076
2016/05/31,0,6127371,-6335059,-207688
2016/06/01,0,4127429,-4698980,-571551
2016/06/02,0,2632600,-4657336,-2024736
2016/06/03,0,3577000,-3239000,338000
2016/06/06,0,1031000,-5061234,-4030234
2016/06/07,0,2117000,-2927000,-810000
2016/06/08,0,3519000,-2496903,1022097
2016/06/09,0,0,0,0
2016/06/10,0,0,0,0
2016/06/13,0,2556000,-11416992,-8860992
2016/06/14,0,1554952,-1819000,-264048
2016/06/15,0,2800000,-4189115,-1389115
2016/06/16,0,2926000,-7640000,-4714000
2016/06/17,0,2833992,-6571961,-3737969
2016/06/20,0,3366000,-5648000,-2282000
2016/06/21,0,5220000,-9733495,-4513495
2016/06/22,0,2550078,-9874468,-7324390
2016/06/23,0,2520221,-3110000,-589779
2016/06/24,0,2439654,-6159732,-3720078
2016/06/27,0,752000,-2988000,-2236000
2016/06/28,0,1054000,-4742000,-3688000
2016/06/29,0,1950600,-3538000,-1587400
2016/06/30,0,5479000,-7219860,-1740860
2016/07/01,0,1759000,-2370292,-611292
2016/07/04,0,1649000,-909000,740000
2016/07/05,0,411000,-833000,-422000
2016/07/06,0,2429000,-3749000,-1320000
2016/07/07,0,672000,-2005913,-1333913
2016/07/08,0,0,0,0
2016/07/11,0,2075000,-1734928,340072
2016/07/12,0,2135000,-1001519,1133481
2016/07/13,0,3939000,-1764681,2174319
2016/07/14,0,2105000,-1485000,620000
2016/07/15,0,2102837,-1503000,599837
2016/07/18,0,3869000,-2699000,1170000
2016/07/19,0,4016000,-2963049,1052951
2016/07/20,0,2675000,-1673000,1002000
2016/07/21,0,4520188,-2531824,1988364
2016/07/22,0,2374000,-3022000,-648000
2016/07/25,0,1541000,-914399,626601
2016/07/26,0,2085000,-1591961,493039
2016/07/27,0,1537000,-781000,756000
2016/07/28,0,2707000,-1710200,996800
2016/07/29,0,1997000,-3130333,-1133333
2016/08/01,0,3247008,-2105085,1141923
2016/08/02,0,2391688,-1680425,711263
2016/08/03,0,3566000,-2178000,1388000
2016/08/04,0,2686000,-3018000,-332000
2016/08/05,0,5267315,-4510000,757315
2016/08/08,0,798111,-1535971,-737860
2016/08/09,0,1094000,-1460000,-366000
2016/08/10,0,1056000,-951000,105000
2016/08/11,0,1052000,-694000,358000
2016/08/12,0,1466000,-868000,598000
2016/08/15,0,1572000,-597000,975000
2016/08/16,0,2221000,-1401000,820000
2016/08/17,0,1795415,-1015000,780415
2016/08/18,0,976000,-464000,512000
2016/08/19,0,2802222,-2467891,334331
2016/08/22,0,1785000,-2029000,-244000
2016/08/23,0,2582000,-2565270,16730
2016/08/24,0,1282000,-1636000,-354000
2016/08/25,0,4540000,-5275000,-735000
2016/08/26,0,2759598,-3725952,-966354
2016/08/29,0,1018000,-2287000,-1269000
2016/08/30,0,2011037,-3112756,-1101719
2016/08/31,0,4658265,-5864000,-1205735
2016/09/01,0,2345905,-5801216,-3455311
2016/09/02,0,1329478,-2604844,-1275366
2016/09/05,0,1157000,-1080000,77000
2016/09/06,0,2612259,-3708000,-1095741
2016/09/07,0,2208000,-2420000,-212000
2016/09/08,0,973000,-1199203,-226203
2016/09/09,0,2212084,-4084084,-1872000
2016/09/12,0,1676000,-3634182,-1958182
2016/09/13,0,2210000,-3842000,-1632000
2016/09/14,0,2144769,-3649037,-1504268
2016/09/15,0,0,0,0
2016/09/16,0,0,0,0
2016/09/19,0,1073000,-1768000,-695000
2016/09/20,0,689162,-2484000,-1794838
2016/09/21,0,3210244,-3297244,-87000
2016/09/22,0,617185,-2028000,-1410815
2016/09/23,0,1292839,-1220000,72839
2016/09/26,0,1398000,-977000,421000
2016/09/27,0,0,0,0
2016/09/28,0,0,0,0
2016/09/29,0,4217314,-3681666,535648
2016/09/30,0,959148,-3396192,-2437044
2016/10/03,0,1377478,-1525475,-147997
2016/10/04,0,946000,-1018773,-72773
2016/10/05,0,525470,-1955000,-1429530
2016/10/06,0,384736,-2024450,-1639714
2016/10/07,0,465333,-996000,-530667
2016/10/10,0,0,0,0
2016/10/11,0,1123000,-1178566,-55566
2016/10/12,0,350000,-709409,-359409
2016/10/13,0,2562089,-2351000,211089
2016/10/14,0,374000,-1053000,-679000
2016/10/17,0,313000,-899824,-586824
2016/10/18,0,1060170,-755000,305170
2016/10/19,0,785085,-760000,25085
2016/10/20,0,560000,-827210,-267210
2016/10/21,0,1214000,-2745000,-1531000
2016/10/24,0,507000,-768000,-261000
2016/10/25,0,526000,-1242000,-716000
2016/10/26,0,776000,-1424810,-648810
2016/10/27,0,442790,-1559000,-1116210
2016/10/28,0,997000,-1668000,-671000
2016/10/31,0,1469529,-1730000,-260471
2016/11/01,0,358000,-572000,-214000
2016/11/02,0,849912,-2096657,-1246745
2016/11/03,0,704000,-1885536,-1181536
2016/11/04,0,431000,-981000,-550000
2016/11/07,0,506000,-893182,-387182
2016/11/08,0,537952,-852000,-314048
2016/11/09,0,1122000,-2559000,-1437000
2016/11/10,0,2211000,-1968200,242800
2016/11/11,0,1894000,-5166149,-3272149
2016/11/14,0,1752000,-5897336,-4145336
2016/11/15,0,1887000,-4030000,-2143000
2016/11/16,0,2379800,-5092573,-2712773
2016/11/17,0,1838000,-3746000,-1908000
2016/11/18,0,1722000,-5716000,-3994000
2016/11/21,0,6910000,-4752206,2157794
2016/11/22,0,7100700,-5919475,1181225
2016/11/23,0,3112000,-2256168,855832
2016/11/24,0,2223000,-1045274,1177726
2016/11/25,0,3556000,-1322623,2233377
2016/11/28,0,2486000,-1950000,536000
2016/11/29,0,2463000,-2928548,-465548
2016/11/30,0,33798202,-33558262,239940
2016/12/01,0,846606,-2819732,-1973126
2016/12/02,0,1142000,-3436398,-2294398
2016/12/05,0,570000,-1974803,-1404803
2016/12/06,0,1665059,-1395000,270059
2016/12/07,0,1147000,-874160,272840
2016/12/08,0,2046350,-1319000,727350
2016/12/09,0,1197408,-1241451,-44043
2016/12/12,0,1036000,-1247000,-211000
2016/12/13,0,1072384,-2148000,-1075616
2016/12/14,0,724790,-1344535,-619745
2016/12/15,0,962000,-676000,286000
2016/12/16,0,2092891,-3464000,-1371109
2016/12/19,0,583000,-1146000,-563000
2016/12/20,0,869032,-1704919,-835887
2016/12/21,0,750000,-2362750,-1612750
2016/12/22,0,540652,-1300000,-759348
2016/12/23,0,853000,-2855809,-2002809
2016/12/26,0,397000,-782000,-385000
2016/12/27,0,328000,-163000,165000
2016/12/28,0,918000,-500000,418000
2016/12/29,0,1115204,-1753875,-638671
2016/12/30,0,2241600,-1046605,1194995
2017/01/02,0,0,0,0
2017/01/03,0,783000,-828000,-45000
2017/01/04,0,763000,-993214,-230214
2017/01/05,0,1557877,-1518623,39254
2017/01/06,0,899140,-1077416,-178276
2017/01/09,0,856000,-1148000,-292000
2017/01/10,0,984000,-1667000,-683000
2017/01/11,0,971742,-896624,75118
2017/01/12,0,2561000,-1344000,1217000
2017/01/13,0,1575449,-1739916,-164467
2017/01/16,0,453000,-893000,-440000
2017/01/17,0,492815,-470000,22815
2017/01/18,0,559362,-827053,-267691
2017/01/19,0,1062000,-1392332,-330332
2017/01/20,0,930518,-1267000,-336482
2017/01/23,0,2179000,-1254698,924302
2017/01/24,0,1597648,-1597815,-167
2017/01/25,0,0,0,0
2017/01/26,0,0,0,0
2017/01/27,0,0,0,0
2017/01/30,0,0,0,0
2017/01/31,0,0,0,0
2017/02/01,0,0,0,0
2017/02/02,0,3561030,-5833197,-2272167
2017/02/03,0,1902000,-2581003,-679003
2017/02/06,0,1858000,-1741927,116073
2017/02/07,0,1137409,-1696403,-558994
2017/02/08,0,2927005,-4659349,-1732344
2017/02/09,0,835000,-882526,-47526
2017/02/10,0,4597000,-2997854,1599146
2017/02/13,0,1333566,-309810,1023756
2017/02/14,0,1392000,-817938,574062
2017/02/15,0,2389000,-1478000,911000
2017/02/16,0,1297000,-753000,544000
2017/02/17,0,976000,-1229000,-253000
2017/02/20,0,103000,-181000,-78000
2017/02/21,0,1490000,-1724000,-234000
2017/02/22,0,655167,-621000,34167
2017/02/23,0,1211000,-576629,634371
2017/02/24,0,5184405,-5709631,-525226
2017/02/27,0,0,0,0
2017/02/28,0,0,0,0
2017/03/01,0,1875525,-2845634,-970109
2017/03/02,0,638000,-1553874,-915874
2017/03/03,0,1012168,-1133190,-121022
2017/03/06,0,600836,-823308,-222472
2017/03/07,0,331905,-817429,-485524
2017/03/08,0,851000,-1468827,-617827
2017/03/09,0,2603000,-3247923,-644923
2017/03/10,0,505540,-1288914,-783374
2017/03/13,0,629654,-891532,-261878
2017/03/14,0,1017871,-1100569,-82698
2017/03/15,0,557000,-604827,-47827
2017/03/16,0,1882000,-1076000,806000
2017/03/17,0,5355492,-5813343,-457851
2017/03/20,0,689000,-795000,-106000
2017/03/21,0,2575122,-1138000,1437122
2017/03/22,0,1982200,-1852793,129407
2017/03/23,0,937220,-1162551,-225331
2017/03/24,0,2136550,-1161993,974557
2017/03/27,0,1462000,-1933000,-471000
2017/03/28,0,3886000,-3150000,736000
2017/03/29,0,828289,-928000,-99711
2017/03/30,0,945000,-1220797,-275797
2017/03/31,0,648000,-2296000,-1648000
2017/04/03,0,0,0,0
2017/04/04,0,0,0,0
2017/04/05,0,2485938,-3609000,-1123062
2017/04/06,0,638100,-2131000,-1492900
2017/04/07,0,1171000,-2082000,-911000
2017/04/10,0,684000,-733000,-49000
2017/04/11,0,761149,-1291690,-530541
2017/04/12,0,1008000,-1206000,-198000
2017/04/13,0,1706000,-1753000,-47000
2017/04/14,0,467000,-297000,170000
2017/04/17,0,567000,-187000,380000
2017/04/18,0,438000,-463915,-25915
2017/04/19,0,2411000,-2807607,-396607
2017/04/20,0,1406000,-1515000,-109000
2017/04/21,0,681000,-1523006,-842006
2017/04/24,0,428770,-342000,86770
2017/04/25,0,2010188,-1086000,924188
2017/04/26,0,2048000,-1282000,766000
2017/04/27,0,1457000,-1390000,67000
2017/04/28,0,3445000,-2507449,937551
2017/05/01,0,0,0,0
2017/05/02,0,1570600,-1379985,190615
2017/05/03,0,1021000,-650000,371000
2017/05/04,0,458000,-515900,-57900
2017/05/05,0,496962,-525000,-28038
2017/05/08,0,1945962,-1316152,629810
2017/05/09,0,3413993,-3696807,-282814
2017/05/10,0,3871182,-3110000,761182
2017/05/11,0,5231549,-4413000,818549
2017/05/12,0,1409000,-490000,919000
2017/05/15,0,871337,-405271,466066
2017/05/16,0,2034580,-2351000,-316420
2017/05/17,0,4931117,-1464984,3466133
2017/05/18,0,4726439,-2049000,2677439
2017/05/19,0,1671455,-1363141,308314
2017/05/22,0,4351192,-661331,3689861
2017/05/23,0,4516189,-1895000,2621189
2017/05/24,0,4265000,-2623000,1642000
2017/05/25,0,3895186,-1274348,2620838
2017/05/26,0,0,0,0
2017/05/29,0,0,0,0
2017/05/30,0,0,0,0
2017/05/31,0,28927388,-27674254,1253134
2017/06/01,0,3223260,-3678884,-455624
2017/06/02,0,1583000,-1670000,-87000
2017/06/05,0,1182902,-1122800,60102
2017/06/06,0,1087484,-731000,356484
2017/06/07,0,6412000,-4765000,1647000
2017/06/08,0,5457000,-1252000,4205000
2017/06/09,0,2206000,-1845341,360659
2017/06/12,0,2621806,-2205502,416304
2017/06/13,0,1303000,-1467000,-164000
2017/06/14,0,2318000,-1664971,653029
2017/06/15,0,1557000,-735000,822000
2017/06/16,0,4134559,-1269411,2865148
2017/06/19,0,2378566,-1276000,1102566
2017/06/20,0,1979000,-573000,1406000
2017/06/21,0,2225000,-1331000,894000
2017/06/22,0,2090868,-574000,1516868
2017/06/23,0,2738000,-3127877,-389877
2017/06/26,0,2887859,-4119000,-1231141
2017/06/27,0,3201000,-1992000,1209000
2017/06/28,0,2350000,-2498000,-148000
2017/06/29,0,2012000,-5215000,-3203000
2017/06/30,0,3771000,-5978740,-2207740
2017/07/03,0,1541000,-3140784,-1599784
2017/07/04,0,946000,-1658357,-712357
2017/07/05,0,1879000,-2402872,-523872
2017/07/06,0,1008000,-1857000,-849000
2017/07/07,0,861290,-1589855,-728565
2017/07/10,0,942637,-2310425,-1367788
2017/07/11,0,1447032,-2766786,-1319754
2017/07/12,0,1037000,-2025141,-988141
2017/07/13,0,1086000,-2142000,-1056000
2017/07/14,0,708047,-439000,269047
2017/07/17,0,1018000,-654000,364000
2017/07/18,0,589890,-1587000,-997110
2017/07/19,0,680000,-1882000,-1202000
2017/07/20,0,849803,-429000,420803
2017/07/21,0,196368,-249785,-53417
2017/07/24,0,599796,-634978,-35182
2017/07/25,0,1080000,-1115786,-35786
2017/07/26,0,2312000,-1343337,968663
2017/07/27,0,2334000,-1987000,347000
2017/07/28,0,830000,-1061883,-231883
2017/07/31,0,2500000,-2660751,-160751
2017/08/01,0,1371000,-1564000,-193000
2017/08/02,0,2411275,-2418000,-6725
2017/08/03,0,2382093,-1528264,853829
2017/08/04,0,401000,-365024,35976
2017/08/07,0,381903,-424111,-42208
2017/08/08,0,946000,-1286000,-340000
2017/08/09,0,446349,-516000,-69651
2017/08/10,0,1275132,-1112000,163132
2017/08/11,0,483000,-915000,-432000
2017/08/14,0,628000,-1528529,-900529
2017/08/15,0,237000,-471000,-234000
2017/08/16,0,841000,-1331000,-490000
2017/08/17,0,210472,-343000,-132528
2017/08/18,0,550000,-715000,-165000
