Date,Open,Buy,Sell,Total
2007/04/23,0,54000,-122000,-68000
2007/04/24,0,12000,-10000,2000
2007/04/25,0,152000,-73854,78146
2007/04/26,0,124000,-295100,-171100
2007/04/27,0,38000,-73000,-35000
2007/04/30,0,188000,-14000,174000
2007/05/01,0,0,0,0
2007/05/02,0,139000,-108000,31000
2007/05/03,0,414000,-148000,266000
2007/05/04,0,450000,-46370,403630
2007/05/07,0,151000,-142000,9000
2007/05/08,0,172000,-346000,-174000
2007/05/09,0,35000,-78000,-43000
2007/05/10,0,59000,-11000,48000
2007/05/11,0,20000,-176000,-156000
2007/05/14,0,30000,-38000,-8000
2007/05/15,0,245000,-78000,167000
2007/05/16,0,72000,-154000,-82000
2007/05/17,0,143000,-32000,111000
2007/05/18,0,212000,-38000,174000
2007/05/21,0,234000,-132000,102000
2007/05/22,0,1458000,-264000,1194000
2007/05/23,0,608000,-234000,374000
2007/05/24,0,17000,-25000,-8000
2007/05/25,0,59000,-392000,-333000
2007/05/28,0,18000,-630000,-612000
2007/05/29,0,35000,-31000,4000
2007/05/30,0,79000,-26000,53000
2007/05/31,0,66000,-1000,65000
2007/06/01,0,29000,-18040,10960
2007/06/04,0,10000,-377576,-367576
2007/06/05,0,0,-490932,-490932
2007/06/06,0,415000,-119000,296000
2007/06/07,0,60000,-32000,28000
2007/06/08,0,19000,-52000,-33000
2007/06/11,0,50000,-211000,-161000
2007/06/12,0,0,-104000,-104000
2007/06/13,0,0,-814000,-814000
2007/06/14,0,312000,-67000,245000
2007/06/15,0,135000,-106000,29000
2007/06/18,0,0,0,0
2007/06/19,0,0,0,0
2007/06/20,0,218000,-395000,-177000
2007/06/21,0,331000,-196000,135000
2007/06/22,0,138000,-139729,-1729
2007/06/25,0,213000,-149000,64000
2007/06/26,0,290000,-619000,-329000
2007/06/27,0,77000,-2000,75000
2007/06/28,0,42000,-4000,38000
2007/06/29,0,39000,-156000,-117000
2007/07/02,0,11000,-185000,-174000
2007/07/03,0,136000,-122000,14000
2007/07/04,0,96000,-524000,-428000
2007/07/05,0,90000,-362000,-272000
2007/07/06,0,42000,-145000,-103000
2007/07/09,0,70000,-67000,3000
2007/07/10,0,17000,-41000,-24000
2007/07/11,0,75000,-138372,-63372
2007/07/12,0,79000,-97000,-18000
2007/07/13,0,71000,-30361,40639
2007/07/16,0,7000,-112919,-105919
2007/07/17,0,67000,-219000,-152000
2007/07/18,0,10000,-139000,-129000
2007/07/19,0,40000,-147350,-107350
2007/07/20,0,18000,-215000,-197000
2007/07/23,0,11000,-347000,-336000
2007/07/24,0,11000,-257000,-246000
2007/07/25,0,918000,-13000,905000
2007/07/26,0,1476000,-152000,1324000
2007/07/27,0,31000,-1214372,-1183372
2007/07/30,0,297000,-266000,31000
2007/07/31,0,47000,-325372,-278372
2007/08/01,0,252000,-205000,47000
2007/08/02,0,205000,-38032,166968
2007/08/03,0,186000,-568000,-382000
2007/08/06,0,222000,-621000,-399000
2007/08/07,0,203000,-282000,-79000
2007/08/08,0,322000,-277000,45000
2007/08/09,0,281422,-288096,-6674
2007/08/10,0,1000,-613000,-612000
2007/08/13,0,16000,-205000,-189000
2007/08/14,0,18000,-437000,-419000
2007/08/15,0,62000,-423000,-361000
2007/08/16,0,1162000,-235000,927000
2007/08/17,0,947000,-262000,685000
2007/08/20,0,216000,-59628,156372
2007/08/21,0,10000,-142000,-132000
2007/08/22,0,83000,-304000,-221000
2007/08/23,0,147000,-454000,-307000
2007/08/24,0,18000,-227000,-209000
2007/08/27,0,216000,-160000,56000
2007/08/28,0,195000,-320000,-125000
2007/08/29,0,319000,-51000,268000
2007/08/30,0,367000,-167701,199299
2007/08/31,0,201000,-466000,-265000
2007/09/03,0,64000,-274959,-210959
2007/09/04,0,16000,-124837,-108837
2007/09/05,0,330000,-78000,252000
2007/09/06,0,63000,-71000,-8000
2007/09/07,0,134000,-48000,86000
2007/09/10,0,19055,-83000,-63945
2007/09/11,0,100000,-151000,-51000
2007/09/12,0,134000,-112000,22000
2007/09/13,0,210000,-964000,-754000
2007/09/14,0,241000,-114000,127000
2007/09/17,0,119000,-23973,95027
2007/09/18,0,0,0,0
2007/09/19,0,168000,-134000,34000
2007/09/20,0,51000,-333000,-282000
2007/09/21,0,313000,-115000,198000
2007/09/24,0,0,0,0
2007/09/25,0,0,0,0
2007/09/26,0,31000,-35000,-4000
2007/09/27,0,33000,-229000,-196000
2007/09/28,0,64000,-289000,-225000
2007/10/01,0,66000,-163000,-97000
2007/10/02,0,58000,-86000,-28000
2007/10/03,0,168000,-390000,-222000
2007/10/04,0,11000,-185000,-174000
2007/10/05,0,36000,-77000,-41000
2007/10/08,0,25000,-223000,-198000
2007/10/09,0,27000,-648023,-621023
2007/10/10,0,0,0,0
2007/10/11,0,7000,-10000,-3000
2007/10/12,0,57000,-161000,-104000
2007/10/15,0,53000,-44000,9000
2007/10/16,0,165000,-79000,86000
2007/10/17,0,17000,-123000,-106000
2007/10/18,0,1212000,0,1212000
2007/10/19,0,62000,-107000,-45000
2007/10/22,0,117000,-228000,-111000
2007/10/23,0,34000,-122000,-88000
2007/10/24,0,76000,-102000,-26000
2007/10/25,0,461000,-313000,148000
2007/10/26,0,82000,-440000,-358000
2007/10/29,0,235000,-178098,56902
2007/10/30,0,109000,-193000,-84000
2007/10/31,0,122000,-104000,18000
2007/11/01,0,141000,-801000,-660000
2007/11/02,0,706000,-190000,516000
2007/11/05,0,184000,-114000,70000
2007/11/06,0,267000,-135000,132000
2007/11/07,0,336000,-77789,258211
2007/11/08,0,112000,-918000,-806000
2007/11/09,0,179000,-91000,88000
2007/11/12,0,123000,-139000,-16000
2007/11/13,0,1224000,-216000,1008000
2007/11/14,0,378000,-96736,281264
2007/11/15,0,57000,-24000,33000
2007/11/16,0,452000,-100000,352000
2007/11/19,0,43000,-215000,-172000
2007/11/20,0,180000,-127000,53000
2007/11/21,0,56000,-150007,-94007
2007/11/22,0,64000,-156098,-92098
2007/11/23,0,38000,-182000,-144000
2007/11/26,0,142000,-48000,94000
2007/11/27,0,146000,-351000,-205000
2007/11/28,0,39000,-455000,-416000
2007/11/29,0,154000,-73000,81000
2007/11/30,0,276000,-710000,-434000
2007/12/03,0,16000,-157000,-141000
2007/12/04,0,85000,-9000,76000
2007/12/05,0,226000,-22000,204000
2007/12/06,0,58000,-452000,-394000
2007/12/07,0,444000,-102000,342000
2007/12/10,0,84000,-87000,-3000
2007/12/11,0,836000,-391000,445000
2007/12/12,0,256000,-133000,123000
2007/12/13,0,51000,-1031000,-980000
2007/12/14,0,483000,-36000,447000
2007/12/17,0,258000,-152000,106000
2007/12/18,0,532000,-12000,520000
2007/12/19,0,913000,-454000,459000
2007/12/20,0,191000,-329000,-138000
2007/12/21,0,32000,-363000,-331000
2007/12/24,0,12000,0,12000
2007/12/25,0,43000,-24000,19000
2007/12/26,0,26000,-53000,-27000
2007/12/27,0,266207,-4000,262207
2007/12/28,0,258000,-98000,160000
2007/12/31,0,39000,-6000,33000
2008/01/01,0,0,0,0
2008/01/02,0,141000,-44000,97000
2008/01/03,0,121000,-9000,112000
2008/01/04,0,108000,-403000,-295000
2008/01/07,0,183000,-952000,-769000
2008/01/08,0,18000,-28000,-10000
2008/01/09,0,988000,-9000,979000
2008/01/10,0,99000,-709000,-610000
2008/01/11,0,468000,-300000,168000
2008/01/14,0,144000,-346000,-202000
2008/01/15,0,1664000,-83000,1581000
2008/01/16,0,206000,-605000,-399000
2008/01/17,0,446000,-129000,317000
2008/01/18,0,531000,-394000,137000
2008/01/21,0,196000,-168315,27685
2008/01/22,0,119000,-7000,112000
2008/01/23,0,1183000,-974000,209000
2008/01/24,0,669000,-342000,327000
2008/01/25,0,572000,-219000,353000
2008/01/28,0,592000,-278000,314000
2008/01/29,0,135000,-772000,-637000
2008/01/30,0,161000,-652000,-491000
2008/01/31,0,107000,-728000,-621000
2008/02/01,0,168000,-114000,54000
2008/02/04,0,0,0,0
2008/02/05,0,0,0,0
2008/02/06,0,0,0,0
2008/02/07,0,0,0,0
2008/02/08,0,0,0,0
2008/02/11,0,0,0,0
2008/02/12,0,271000,-153000,118000
2008/02/13,0,20000,-232000,-212000
2008/02/14,0,122000,-421000,-299000
2008/02/15,0,644000,-71624,572376
2008/02/18,0,88000,-298000,-210000
2008/02/19,0,228000,-40000,188000
2008/02/20,0,246000,-279000,-33000
2008/02/21,0,330000,-150000,180000
2008/02/22,0,359000,-127000,232000
2008/02/25,0,395000,-197360,197640
2008/02/26,0,1613000,-269616,1343384
2008/02/27,0,3456000,-396744,3059256
2008/02/28,0,0,0,0
2008/02/29,0,532000,-966000,-434000
2008/03/03,0,251000,-929311,-678311
2008/03/04,0,459000,-77000,382000
2008/03/05,0,110000,-134000,-24000
2008/03/06,0,678000,-23616,654384
2008/03/07,0,637000,-1100000,-463000
2008/03/10,0,329000,-1690000,-1361000
2008/03/11,0,359000,-702000,-343000
2008/03/12,0,428000,-250608,177392
2008/03/13,0,185000,-373000,-188000
2008/03/14,0,327000,-120000,207000
2008/03/17,0,550000,-319000,231000
2008/03/18,0,357000,-291000,66000
2008/03/19,0,1130000,-560000,570000
2008/03/20,0,808000,-208000,600000
2008/03/21,0,737000,-579000,158000
2008/03/24,0,239000,-1945000,-1706000
2008/03/25,0,103000,-186000,-83000
2008/03/26,0,32000,-41000,-9000
2008/03/27,0,59000,-48000,11000
2008/03/28,0,870000,-38664,831336
2008/03/31,0,433000,-340804,92196
2008/04/01,0,480000,-250000,230000
2008/04/02,0,713000,-3000,710000
2008/04/03,0,83000,-1078000,-995000
2008/04/04,0,0,0,0
2008/04/07,0,196000,-1483000,-1287000
2008/04/08,0,48000,-380000,-332000
2008/04/09,0,65000,-540000,-475000
2008/04/10,0,184000,-158000,26000
2008/04/11,0,421000,-334000,87000
2008/04/14,0,360000,-81708,278292
2008/04/15,0,203000,-60000,143000
2008/04/16,0,544000,-39000,505000
2008/04/17,0,880000,-807000,73000
2008/04/18,0,992000,-323000,669000
2008/04/21,0,770000,-320000,450000
2008/04/22,0,465000,-508000,-43000
2008/04/23,0,455000,-35000,420000
2008/04/24,0,171000,-49000,122000
2008/04/25,0,51000,-207000,-156000
2008/04/28,0,119000,-73000,46000
2008/04/29,0,48000,-327000,-279000
2008/04/30,0,217000,-9000,208000
2008/05/01,0,0,0,0
2008/05/02,0,978000,-213000,765000
2008/05/05,0,1112000,-503000,609000
2008/05/06,0,703000,-51000,652000
2008/05/07,0,285000,-22000,263000
2008/05/08,0,43000,-221000,-178000
2008/05/09,0,46000,-317000,-271000
2008/05/12,0,782000,-32330,749670
2008/05/13,0,1010006,-389000,621006
2008/05/14,0,1041000,-240000,801000
2008/05/15,0,167000,-344000,-177000
2008/05/16,0,1083000,-604000,479000
2008/05/19,0,66000,-91000,-25000
2008/05/20,0,284000,-387000,-103000
2008/05/21,0,132000,-66000,66000
2008/05/22,0,45000,-107000,-62000
2008/05/23,0,45000,-402000,-357000
2008/05/26,0,178000,-420000,-242000
2008/05/27,0,37000,-1323000,-1286000
2008/05/28,0,22000,-506000,-484000
2008/05/29,0,33000,-188000,-155000
2008/05/30,0,125000,-252000,-127000
2008/06/02,0,63000,-2569,60431
2008/06/03,0,30000,-64000,-34000
2008/06/04,0,50000,-4000,46000
2008/06/05,0,364000,-78000,286000
2008/06/06,0,20000,-50000,-30000
2008/06/09,0,25000,-215000,-190000
2008/06/10,0,62000,-463000,-401000
2008/06/11,0,50000,-211000,-161000
2008/06/12,0,63000,-30000,33000
2008/06/13,0,37000,-10000,27000
2008/06/16,0,49000,-7000,42000
2008/06/17,0,228000,-6000,222000
2008/06/18,0,299000,-7000,292000
2008/06/19,0,399000,-28000,371000
2008/06/20,0,681000,-340000,341000
2008/06/23,0,106000,-3000,103000
2008/06/24,0,95000,-51000,44000
2008/06/25,0,795000,-47000,748000
2008/06/26,0,161000,-21000,140000
2008/06/27,0,724000,-157000,567000
2008/06/30,0,245000,-109000,136000
2008/07/01,0,194000,-138000,56000
2008/07/02,0,381000,-10000,371000
2008/07/03,0,506000,-3109000,-2603000
2008/07/04,0,183000,-274000,-91000
2008/07/07,0,49000,-4000,45000
2008/07/08,0,260000,-111000,149000
2008/07/09,0,362000,-13000,349000
2008/07/10,0,234000,-41000,193000
2008/07/11,0,308000,-86000,222000
2008/07/14,0,24000,-178000,-154000
2008/07/15,0,92000,-193000,-101000
2008/07/16,0,165000,-121000,44000
2008/07/17,0,78000,-137000,-59000
2008/07/18,0,616000,-558685,57315
2008/07/21,0,235000,-54000,181000
2008/07/22,0,785000,-2000,783000
2008/07/23,0,2201000,-9000,2192000
2008/07/24,0,379000,-1692000,-1313000
2008/07/25,0,362000,-494000,-132000
2008/07/28,0,0,0,0
2008/07/29,0,311000,-672000,-361000
2008/07/30,0,280000,-5000,275000
2008/07/31,0,144000,-192000,-48000
2008/08/01,0,337000,-76000,261000
2008/08/04,0,159000,-4000,155000
2008/08/05,0,251000,-321000,-70000
2008/08/06,0,1498000,-60000,1438000
2008/08/07,0,450000,-222000,228000
2008/08/08,0,1105000,-753000,352000
2008/08/11,0,23000,-522000,-499000
2008/08/12,0,9000,-641000,-632000
2008/08/13,0,35000,-170000,-135000
2008/08/14,0,491000,-72000,419000
2008/08/15,0,662000,-260000,402000
2008/08/18,0,222000,-32000,190000
2008/08/19,0,398000,-14000,384000
2008/08/20,0,147000,-29000,118000
2008/08/21,0,16000,-676000,-660000
2008/08/22,0,7000,-348000,-341000
2008/08/25,0,69000,-3000,66000
2008/08/26,0,27000,-1135000,-1108000
2008/08/27,0,246000,-144000,102000
2008/08/28,0,1080000,-85000,995000
2008/08/29,0,143000,-78000,65000
2008/09/01,0,190100,-2483000,-2292900
2008/09/02,0,220700,-174190,46510
2008/09/03,0,328500,-469655,-141155
2008/09/04,0,82000,-651000,-569000
2008/09/05,0,170000,-119820,50180
2008/09/08,0,33000,-8000,25000
2008/09/09,0,269000,-58000,211000
2008/09/10,0,217000,-9000,208000
2008/09/11,0,202000,-33000,169000
2008/09/12,0,686000,-116380,569620
2008/09/15,0,92000,-167000,-75000
2008/09/16,0,227000,-78000,149000
2008/09/17,0,121000,-216000,-95000
2008/09/18,0,333000,-137000,196000
2008/09/19,0,45000,-467000,-422000
2008/09/22,0,146000,-129000,17000
2008/09/23,0,581000,-90000,491000
2008/09/24,0,724000,-247000,477000
2008/09/25,0,547000,-42000,505000
2008/09/26,0,79000,-1059000,-980000
2008/09/29,0,0,0,0
2008/09/30,0,81000,-179000,-98000
2008/10/01,0,509500,-229000,280500
2008/10/02,0,274000,-136693,137307
2008/10/03,0,363000,-26000,337000
2008/10/06,0,255000,-936531,-681531
2008/10/07,0,210000,-160408,49592
2008/10/08,0,189000,-701000,-512000
2008/10/09,0,253000,-122000,131000
2008/10/10,0,0,0,0
2008/10/13,0,287000,0,287000
2008/10/14,0,38000,-64000,-26000
2008/10/15,0,383000,-215000,168000
2008/10/16,0,0,0,0
2008/10/17,0,124000,-174000,-50000
2008/10/20,0,54000,-6597,47403
2008/10/21,0,268000,-99000,169000
2008/10/22,0,38000,-40030,-2030
2008/10/23,0,0,-704,-704
2008/10/24,0,0,-15837,-15837
2008/10/27,0,93000,-102000,-9000
2008/10/28,0,546000,-53000,493000
2008/10/29,0,591000,-168000,423000
2008/10/30,0,249000,-292000,-43000
2008/10/31,0,33000,-242000,-209000
2008/11/03,0,191000,-372000,-181000
2008/11/04,0,114000,-334000,-220000
2008/11/05,0,35000,-198000,-163000
2008/11/06,0,85000,-20000,65000
2008/11/07,0,367000,-129390,237610
2008/11/10,0,72000,-61000,11000
2008/11/11,0,109000,-189000,-80000
2008/11/12,0,93000,-91000,2000
2008/11/13,0,141000,-38000,103000
2008/11/14,0,118000,-35000,83000
2008/11/17,0,65000,-63586,1414
2008/11/18,0,224000,-99000,125000
2008/11/19,0,225000,-58858,166142
2008/11/20,0,194000,0,194000
2008/11/21,0,929000,-146000,783000
2008/11/24,0,223000,-255000,-32000
2008/11/25,0,334000,-225000,109000
2008/11/26,0,93000,-290000,-197000
2008/11/27,0,154000,-140000,14000
2008/11/28,0,356000,-11000,345000
2008/12/01,0,86000,-36000,50000
2008/12/02,0,15000,-92000,-77000
2008/12/03,0,42000,-25000,17000
2008/12/04,0,147000,-216000,-69000
2008/12/05,0,68000,-10000,58000
2008/12/08,0,666000,-24000,642000
2008/12/09,0,292000,-313000,-21000
2008/12/10,0,1153000,-25000,1128000
2008/12/11,0,346000,-531000,-185000
2008/12/12,0,20000,-1086000,-1066000
2008/12/15,0,153000,-93000,60000
2008/12/16,0,201000,-176000,25000
2008/12/17,0,186000,-597000,-411000
2008/12/18,0,129000,-189000,-60000
2008/12/19,0,787000,-111000,676000
2008/12/22,0,80000,-629000,-549000
2008/12/23,0,7000,-197000,-190000
2008/12/24,0,218000,-317000,-99000
2008/12/25,0,24000,-117000,-93000
2008/12/26,0,57000,-13000,44000
2008/12/29,0,140000,-26000,114000
2008/12/30,0,279000,-21347,257653
2008/12/31,0,16000,-143566,-127566
2009/01/01,0,0,0,0
2009/01/02,0,0,0,0
2009/01/05,0,200000,-113000,87000
2009/01/06,0,413000,-143000,270000
2009/01/07,0,316000,-242000,74000
2009/01/08,0,81000,-463000,-382000
2009/01/09,0,394000,-67500,326500
2009/01/12,0,320000,-84000,236000
2009/01/13,0,321000,-196000,125000
2009/01/14,0,287000,-226000,61000
2009/01/15,0,113000,-255000,-142000
2009/01/16,0,218000,-68000,150000
2009/01/19,0,218180,-106000,112180
2009/01/20,0,326000,-740000,-414000
2009/01/21,0,348000,-167000,181000
2009/01/22,0,0,0,0
2009/01/23,0,0,0,0
2009/01/26,0,0,0,0
2009/01/27,0,0,0,0
2009/01/28,0,0,0,0
2009/01/29,0,0,0,0
2009/01/30,0,0,0,0
2009/02/02,0,653000,-55029,597971
2009/02/03,0,860000,-328000,532000
2009/02/04,0,893000,-782000,111000
2009/02/05,0,300000,-482000,-182000
2009/02/06,0,379000,-116000,263000
2009/02/09,0,410000,-731000,-321000
2009/02/10,0,337000,-274000,63000
2009/02/11,0,758053,-598000,160053
2009/02/12,0,127000,-1388287,-1261287
2009/02/13,0,484000,-615000,-131000
2009/02/16,0,239000,-422000,-183000
2009/02/17,0,129000,-291000,-162000
2009/02/18,0,435000,-593000,-158000
2009/02/19,0,485000,-572000,-87000
2009/02/20,0,167000,-256000,-89000
2009/02/23,0,424000,-188000,236000
2009/02/24,0,683000,-129000,554000
2009/02/25,0,557000,-566000,-9000
2009/02/26,0,782000,-411000,371000
2009/02/27,0,298000,-112000,186000
2009/03/02,0,373000,-671000,-298000
2009/03/03,0,139000,-131000,8000
2009/03/04,0,1635000,-455000,1180000
2009/03/05,0,559000,-1119000,-560000
2009/03/06,0,846000,-346000,500000
2009/03/09,0,451000,-784000,-333000
2009/03/10,0,359000,-742000,-383000
2009/03/11,0,183000,-526000,-343000
2009/03/12,0,63000,-466000,-403000
2009/03/13,0,977000,-161584,815416
2009/03/16,0,127000,-239000,-112000
2009/03/17,0,1842000,-173000,1669000
2009/03/18,0,434000,-33000,401000
2009/03/19,0,922000,-204000,718000
2009/03/20,0,714000,-380000,334000
2009/03/23,0,839000,-588000,251000
2009/03/24,0,200000,-2271000,-2071000
2009/03/25,0,875000,-51013,823987
2009/03/26,0,1126000,-795000,331000
2009/03/27,0,294000,-1841000,-1547000
2009/03/30,0,312000,-687000,-375000
2009/03/31,0,441000,-650000,-209000
2009/04/01,0,359000,-687000,-328000
2009/04/02,0,688000,-621038,66962
2009/04/03,0,96000,-623000,-527000
2009/04/06,0,187000,-731675,-544675
2009/04/07,0,183000,-149000,34000
2009/04/08,0,61000,-654000,-593000
2009/04/09,0,427000,-161000,266000
2009/04/10,0,111000,-1658000,-1547000
2009/04/13,0,70000,-963000,-893000
2009/04/14,0,283000,-328696,-45696
2009/04/15,0,391000,-292000,99000
2009/04/16,0,567000,-850000,-283000
2009/04/17,0,1097000,-380000,717000
2009/04/20,0,671000,-641000,30000
2009/04/21,0,483000,-89000,394000
2009/04/22,0,712000,-633000,79000
2009/04/23,0,175000,-979000,-804000
2009/04/24,0,222000,-828431,-606431
2009/04/27,0,293000,-309000,-16000
2009/04/28,0,529000,-550343,-21343
2009/04/29,0,877000,-114000,763000
2009/04/30,0,7000,-335000,-328000
2009/05/01,0,0,0,0
2009/05/04,0,1604000,-405000,1199000
2009/05/05,0,1923000,-628000,1295000
2009/05/06,0,381000,-547243,-166243
2009/05/07,0,342000,-1668000,-1326000
2009/05/08,0,507000,-131409,375591
2009/05/11,0,350000,-372000,-22000
2009/05/12,0,474000,-206000,268000
2009/05/13,0,313000,-623000,-310000
2009/05/14,0,238000,-723000,-485000
2009/05/15,0,681000,-311000,370000
2009/05/18,0,360000,-492000,-132000
2009/05/19,0,621000,-324134,296866
2009/05/20,0,204000,-941000,-737000
2009/05/21,0,73000,-558000,-485000
2009/05/22,0,328000,-581000,-253000
2009/05/25,0,194000,-384677,-190677
2009/05/26,0,108000,-552000,-444000
2009/05/27,0,988000,-254000,734000
2009/05/28,0,0,0,0
2009/05/29,0,0,0,0
2009/06/01,0,268000,-662504,-394504
2009/06/02,0,667000,-525000,142000
2009/06/03,0,634000,-534000,100000
2009/06/04,0,614000,-600000,14000
2009/06/05,0,267000,-670000,-403000
2009/06/08,0,172000,-584000,-412000
2009/06/09,0,695000,-421000,274000
2009/06/10,0,490000,-219932,270068
2009/06/11,0,357000,-339000,18000
2009/06/12,0,103000,-942000,-839000
2009/06/15,0,328000,-219000,109000
2009/06/16,0,187000,-35099,151901
2009/06/17,0,119000,-169000,-50000
2009/06/18,0,178000,-144000,34000
2009/06/19,0,424000,-101000,323000
2009/06/22,0,597000,-195000,402000
2009/06/23,0,147000,-237000,-90000
2009/06/24,0,643000,-185000,458000
2009/06/25,0,232000,-128000,104000
2009/06/26,0,80000,-161000,-81000
2009/06/29,0,158000,-287000,-129000
2009/06/30,0,403000,-222000,181000
2009/07/01,0,602000,-247000,355000
2009/07/02,0,277000,-290000,-13000
2009/07/03,0,1753000,-101000,1652000
2009/07/06,0,275000,-335000,-60000
2009/07/07,0,663105,-734000,-70895
2009/07/08,0,573000,-423000,150000
2009/07/09,0,953000,-160000,793000
2009/07/10,0,976000,-279000,697000
2009/07/13,0,83000,-1873000,-1790000
2009/07/14,0,526000,-367000,159000
2009/07/15,0,745000,-983000,-238000
2009/07/16,0,44000,-624000,-580000
2009/07/17,0,499000,-166000,333000
2009/07/20,0,138000,-342000,-204000
2009/07/21,0,49000,-242000,-193000
2009/07/22,0,82000,-530000,-448000
2009/07/23,0,313000,-90000,223000
2009/07/24,0,93000,-465000,-372000
2009/07/27,0,364000,-138000,226000
2009/07/28,0,773000,-220000,553000
2009/07/29,0,456000,-642000,-186000
2009/07/30,0,175000,-1296000,-1121000
2009/07/31,0,96000,-524000,-428000
2009/08/03,0,17726,-362000,-344274
2009/08/04,0,1000,-449000,-448000
2009/08/05,0,160000,-46000,114000
2009/08/06,0,98000,-69000,29000
2009/08/07,0,0,0,0
2009/08/10,0,74000,-92000,-18000
2009/08/11,0,109000,-68724,40276
2009/08/12,0,150000,-102000,48000
2009/08/13,0,397000,-56000,341000
2009/08/14,0,78000,-116000,-38000
2009/08/17,0,107000,-129000,-22000
2009/08/18,0,480000,-125000,355000
2009/08/19,0,171000,-77000,94000
2009/08/20,0,45000,-487000,-442000
2009/08/21,0,140000,-133000,7000
2009/08/24,0,196000,-132907,63093
2009/08/25,0,10000,-39000,-29000
2009/08/26,0,75000,-310000,-235000
2009/08/27,0,5000,-39194,-34194
2009/08/28,0,161000,-121000,40000
2009/08/31,0,58000,-127000,-69000
2009/09/01,0,459000,-26000,433000
2009/09/02,0,59000,-431000,-372000
2009/09/03,0,570000,-259000,311000
2009/09/04,0,98000,-600000,-502000
2009/09/07,0,208000,-281000,-73000
2009/09/08,0,424000,-211000,213000
2009/09/09,0,304000,-212000,92000
2009/09/10,0,357000,-414000,-57000
2009/09/11,0,245000,-113000,132000
2009/09/14,0,616000,-365000,251000
2009/09/15,0,762000,-19000,743000
2009/09/16,0,141000,-255000,-114000
2009/09/17,0,150000,-266000,-116000
2009/09/18,0,11000,-733000,-722000
2009/09/21,0,120000,-552000,-432000
2009/09/22,0,78000,-162000,-84000
2009/09/23,0,259000,-530104,-271104
2009/09/24,0,28000,-89000,-61000
2009/09/25,0,126000,-99000,27000
2009/09/28,0,114000,-105334,8666
2009/09/29,0,89000,-35000,54000
2009/09/30,0,27000,-187000,-160000
2009/10/01,0,12000,-187000,-175000
2009/10/02,0,287000,-130000,157000
2009/10/05,0,188000,-266000,-78000
2009/10/06,0,218000,-628000,-410000
2009/10/07,0,66000,-137000,-71000
2009/10/08,0,31000,-188000,-157000
2009/10/09,0,5000,-83000,-78000
2009/10/12,0,187000,-180000,7000
2009/10/13,0,517000,-62000,455000
2009/10/14,0,783000,-884000,-101000
2009/10/15,0,327000,-502000,-175000
2009/10/16,0,23000,-78000,-55000
2009/10/19,0,864000,-5000,859000
2009/10/20,0,508000,-178000,330000
2009/10/21,0,80000,-113466,-33466
2009/10/22,0,101000,-636000,-535000
2009/10/23,0,128000,-8000,120000
2009/10/26,0,81000,-15000,66000
2009/10/27,0,187000,-10000,177000
2009/10/28,0,436000,-1317000,-881000
2009/10/29,0,690000,-237000,453000
2009/10/30,0,102000,-356000,-254000
2009/11/02,0,638000,-145000,493000
2009/11/03,0,186000,-90000,96000
2009/11/04,0,478000,-72000,406000
2009/11/05,0,257000,-79000,178000
2009/11/06,0,321000,-188000,133000
2009/11/09,0,117000,-181000,-64000
2009/11/10,0,289000,-682000,-393000
2009/11/11,0,485000,-236000,249000
2009/11/12,0,216000,-818000,-602000
2009/11/13,0,133000,-178000,-45000
2009/11/16,0,30000,-200000,-170000
2009/11/17,0,97000,-80000,17000
2009/11/18,0,65000,-173000,-108000
2009/11/19,0,263000,-41000,222000
2009/11/20,0,125000,-180000,-55000
2009/11/23,0,26000,-8000,18000
2009/11/24,0,439000,-55000,384000
2009/11/25,0,247000,-1000,246000
2009/11/26,0,150000,-38000,112000
2009/11/27,0,28000,-316000,-288000
2009/11/30,0,134000,-67125,66875
2009/12/01,0,191000,-74000,117000
2009/12/02,0,665000,-186000,479000
2009/12/03,0,210000,-110000,100000
2009/12/04,0,145000,-534000,-389000
2009/12/07,0,493000,-176000,317000
2009/12/08,0,102000,-202000,-100000
2009/12/09,0,162000,-179000,-17000
2009/12/10,0,284000,-327000,-43000
2009/12/11,0,965000,-324000,641000
2009/12/14,0,206000,-209000,-3000
2009/12/15,0,183000,-178000,5000
2009/12/16,0,245000,-301000,-56000
2009/12/17,0,1404000,-45000,1359000
2009/12/18,0,1389000,-201000,1188000
2009/12/21,0,1426000,-2292000,-866000
2009/12/22,0,454000,-899960,-445960
2009/12/23,0,146000,-546000,-400000
2009/12/24,0,65000,-808000,-743000
2009/12/25,0,144000,-65000,79000
2009/12/28,0,472000,-988000,-516000
2009/12/29,0,123000,-174000,-51000
2009/12/30,0,213000,-129000,84000
2009/12/31,0,123000,-173000,-50000
2010/01/01,0,0,0,0
2010/01/04,0,112000,-643000,-531000
2010/01/05,0,97000,-702000,-605000
2010/01/06,0,3216000,-276000,2940000
2010/01/07,0,1636000,-740000,896000
2010/01/08,0,437000,-555000,-118000
2010/01/11,0,186000,-92000,94000
2010/01/12,0,434000,-1274000,-840000
2010/01/13,0,482000,-1963000,-1481000
2010/01/14,0,468000,-417668,50332
2010/01/15,0,128000,-299000,-171000
2010/01/18,0,294000,-47000,247000
2010/01/19,0,447960,-361000,86960
2010/01/20,0,68000,-777000,-709000
2010/01/21,0,205000,-137000,68000
2010/01/22,0,414000,-457000,-43000
2010/01/25,0,217000,-213000,4000
2010/01/26,0,53000,-903000,-850000
2010/01/27,0,198000,-122000,76000
2010/01/28,0,2731000,-51000,2680000
2010/01/29,0,435000,-1223000,-788000
2010/02/01,0,394000,-2738000,-2344000
2010/02/02,0,132000,-397000,-265000
2010/02/03,0,781000,-173000,608000
2010/02/04,0,225000,-482000,-257000
2010/02/05,0,1889000,-1116027,772973
2010/02/08,0,548000,-102001,445999
2010/02/09,0,365000,-259710,105290
2010/02/10,0,235000,-496086,-261086
2010/02/11,0,0,0,0
2010/02/12,0,0,0,0
2010/02/15,0,0,0,0
2010/02/16,0,0,0,0
2010/02/17,0,0,0,0
2010/02/18,0,0,0,0
2010/02/19,0,0,0,0
2010/02/22,0,493000,-902000,-409000
2010/02/23,0,63000,-250000,-187000
2010/02/24,0,38000,-239000,-201000
2010/02/25,0,94000,-172000,-78000
2010/02/26,0,135000,-122000,13000
2010/03/01,0,1799580,-63000,1736580
2010/03/02,0,383000,-83081,299919
2010/03/03,0,131000,-34000,97000
2010/03/04,0,1301000,-585000,716000
2010/03/05,0,128000,-218000,-90000
2010/03/08,0,878000,-127000,751000
2010/03/09,0,577000,-83000,494000
2010/03/10,0,96000,-92000,4000
2010/03/11,0,53000,-48000,5000
2010/03/12,0,181000,-38000,143000
2010/03/15,0,32000,-784000,-752000
2010/03/16,0,693000,-383000,310000
2010/03/17,0,1926000,-174000,1752000
2010/03/18,0,979000,-587000,392000
2010/03/19,0,262000,-1075000,-813000
2010/03/22,0,45000,-255000,-210000
2010/03/23,0,95000,-130000,-35000
2010/03/24,0,171000,-109531,61469
2010/03/25,0,486000,-328000,158000
2010/03/26,0,966000,-112000,854000
2010/03/29,0,273000,-430000,-157000
2010/03/30,0,100000,-100000,0
2010/03/31,0,438000,-303000,135000
2010/04/01,0,1572000,-185000,1387000
2010/04/02,0,258000,-272000,-14000
2010/04/05,0,0,0,0
2010/04/06,0,397000,-1995000,-1598000
2010/04/07,0,263000,-1114000,-851000
2010/04/08,0,230000,-1991000,-1761000
2010/04/09,0,208000,-59000,149000
2010/04/12,0,242000,-115000,127000
2010/04/13,0,149000,-296000,-147000
2010/04/14,0,177000,-200000,-23000
2010/04/15,0,645000,-329000,316000
2010/04/16,0,118000,-311000,-193000
2010/04/19,0,89000,-1237000,-1148000
2010/04/20,0,359000,-395000,-36000
2010/04/21,0,77000,-100000,-23000
2010/04/22,0,89000,-260000,-171000
2010/04/23,0,46000,-408000,-362000
2010/04/26,0,255000,-64000,191000
2010/04/27,0,241000,-58000,183000
2010/04/28,0,126000,-264000,-138000
2010/04/29,0,128000,-686000,-558000
2010/04/30,0,124000,-296000,-172000
2010/05/03,0,196000,-202000,-6000
2010/05/04,0,78000,-59000,19000
2010/05/05,0,40000,-473000,-433000
2010/05/06,0,79000,-411000,-332000
2010/05/07,0,355000,-135000,220000
2010/05/10,0,139000,-414107,-275107
2010/05/11,0,44000,-557000,-513000
2010/05/12,0,124000,-151000,-27000
2010/05/13,0,214000,-53000,161000
2010/05/14,0,584000,-22000,562000
2010/05/17,0,77000,-367000,-290000
2010/05/18,0,299000,-8000,291000
2010/05/19,0,321000,-331000,-10000
2010/05/20,0,27000,-263000,-236000
2010/05/21,0,86000,-129000,-43000
2010/05/24,0,36000,-301000,-265000
2010/05/25,0,414000,-171000,243000
2010/05/26,0,219000,-63000,156000
2010/05/27,0,48000,-68000,-20000
2010/05/28,0,85000,-137000,-52000
2010/05/31,0,103000,-68000,35000
2010/06/01,0,23000,-181000,-158000
2010/06/02,0,102000,-40000,62000
2010/06/03,0,75000,-37000,38000
2010/06/04,0,32000,-18000,14000
2010/06/07,0,74000,-87000,-13000
2010/06/08,0,111000,-107000,4000
2010/06/09,0,41000,-264000,-223000
2010/06/10,0,168000,-31000,137000
2010/06/11,0,543000,-198000,345000
2010/06/14,0,122000,-12000,110000
2010/06/15,0,520000,-276000,244000
2010/06/16,0,0,0,0
2010/06/17,0,958000,-354000,604000
2010/06/18,0,49000,-377000,-328000
2010/06/21,0,172000,-35000,137000
2010/06/22,0,189000,-78000,111000
2010/06/23,0,32000,-101000,-69000
2010/06/24,0,23000,-45114,-22114
2010/06/25,0,117000,-59000,58000
2010/06/28,0,6000,-20000,-14000
2010/06/29,0,61000,-65000,-4000
2010/06/30,0,79000,-68000,11000
2010/07/01,0,208000,-27000,181000
2010/07/02,0,111000,-73000,38000
2010/07/05,0,99000,-8000,91000
2010/07/06,0,65000,-5000,60000
2010/07/07,0,25000,-30000,-5000
2010/07/08,0,432000,-52215,379785
2010/07/09,0,831000,-159000,672000
2010/07/12,0,60000,-424000,-364000
2010/07/13,0,52000,-37727,14273
2010/07/14,0,107000,-736000,-629000
2010/07/15,0,95000,-69000,26000
2010/07/16,0,58000,-118000,-60000
2010/07/19,0,100000,-44000,56000
2010/07/20,0,167000,-23000,144000
2010/07/21,0,196000,-76000,120000
2010/07/22,0,47000,-122000,-75000
2010/07/23,0,102000,-163000,-61000
2010/07/26,0,129000,-122090,6910
2010/07/27,0,96000,-157000,-61000
2010/07/28,0,172000,-200000,-28000
2010/07/29,0,311000,-313000,-2000
2010/07/30,0,346000,-260000,86000
2010/08/02,0,354000,-255000,99000
2010/08/03,0,96000,-232000,-136000
2010/08/04,0,96000,-126000,-30000
2010/08/05,0,134000,-180000,-46000
2010/08/06,0,61000,-113000,-52000
2010/08/09,0,106000,-113000,-7000
2010/08/10,0,206000,-307000,-101000
2010/08/11,0,146000,-218000,-72000
2010/08/12,0,110000,-195000,-85000
2010/08/13,0,581000,-170000,411000
2010/08/16,0,229000,-113000,116000
2010/08/17,0,211000,-262000,-51000
2010/08/18,0,93000,-335000,-242000
2010/08/19,0,191000,-89000,102000
2010/08/20,0,115000,-136000,-21000
2010/08/23,0,106000,-168000,-62000
2010/08/24,0,140000,-162000,-22000
2010/08/25,0,3000,-541000,-538000
2010/08/26,0,137000,-142000,-5000
2010/08/27,0,94000,-83000,11000
2010/08/30,0,25099,-95000,-69901
2010/08/31,0,62000,-328000,-266000
2010/09/01,0,42000,-32000,10000
2010/09/02,0,57000,-214000,-157000
2010/09/03,0,531000,-133000,398000
2010/09/06,0,148000,-207000,-59000
2010/09/07,0,12000,-203000,-191000
2010/09/08,0,143000,-118000,25000
2010/09/09,0,101000,-69000,32000
2010/09/10,0,213000,-97000,116000
2010/09/13,0,283000,-244000,39000
2010/09/14,0,49000,-162000,-113000
2010/09/15,0,236000,-290000,-54000
2010/09/16,0,42000,-161000,-119000
2010/09/17,0,515000,-43000,472000
2010/09/20,0,22000,-70000,-48000
2010/09/21,0,17000,-128000,-111000
2010/09/22,0,0,0,0
2010/09/23,0,71000,-589000,-518000
2010/09/24,0,158000,-103000,55000
2010/09/27,0,42000,-85000,-43000
2010/09/28,0,100000,-78000,22000
2010/09/29,0,495000,-293000,202000
2010/09/30,0,566000,-159000,407000
2010/10/01,0,238000,-141000,97000
2010/10/04,0,171000,-409000,-238000
2010/10/05,0,211000,-88000,123000
2010/10/06,0,182000,-167000,15000
2010/10/07,0,29000,-148967,-119967
2010/10/08,0,143000,-60000,83000
2010/10/11,0,50000,-89000,-39000
2010/10/12,0,77000,-223000,-146000
2010/10/13,0,118000,-131000,-13000
2010/10/14,0,353000,-113000,240000
2010/10/15,0,170000,-127000,43000
2010/10/18,0,178000,-244000,-66000
2010/10/19,0,166000,-141000,25000
2010/10/20,0,260000,-49000,211000
2010/10/21,0,27000,-211000,-184000
2010/10/22,0,122000,-117000,5000
2010/10/25,0,1114000,-160000,954000
2010/10/26,0,1375000,-299000,1076000
2010/10/27,0,473000,-449000,24000
2010/10/28,0,1225000,-576000,649000
2010/10/29,0,452000,-1134000,-682000
2010/11/01,0,1273000,-206000,1067000
2010/11/02,0,663000,-756000,-93000
2010/11/03,0,153000,-705000,-552000
2010/11/04,0,270000,-188000,82000
2010/11/05,0,240000,-685000,-445000
2010/11/08,0,188000,-174000,14000
2010/11/09,0,216316,-233000,-16684
2010/11/10,0,129000,-91000,38000
2010/11/11,0,178000,-277000,-99000
2010/11/12,0,51000,-454209,-403209
2010/11/15,0,225000,-212000,13000
2010/11/16,0,389000,-95000,294000
2010/11/17,0,509000,-100000,409000
2010/11/18,0,140000,-49000,91000
2010/11/19,0,119000,-194000,-75000
2010/11/22,0,251000,-79000,172000
2010/11/23,0,46000,-145000,-99000
2010/11/24,0,328000,-37000,291000
2010/11/25,0,244000,-113000,131000
2010/11/26,0,134000,-292000,-158000
2010/11/29,0,190000,-136000,54000
2010/11/30,0,585000,-304000,281000
2010/12/01,0,347000,-291000,56000
2010/12/02,0,1993000,-546000,1447000
2010/12/03,0,819000,-993000,-174000
2010/12/06,0,153000,-1375000,-1222000
2010/12/07,0,701000,-236000,465000
2010/12/08,0,1045000,-960000,85000
2010/12/09,0,1227000,-957000,270000
2010/12/10,0,292000,-1174000,-882000
2010/12/13,0,606000,-266000,340000
2010/12/14,0,406000,-500901,-94901
2010/12/15,0,369000,-522000,-153000
2010/12/16,0,142000,-529000,-387000
2010/12/17,0,393000,-537000,-144000
2010/12/20,0,152000,-551000,-399000
2010/12/21,0,65000,-303000,-238000
2010/12/22,0,69000,-467000,-398000
2010/12/23,0,263000,-384000,-121000
2010/12/24,0,150000,-775000,-625000
2010/12/27,0,92000,-299000,-207000
2010/12/28,0,71000,-162000,-91000
2010/12/29,0,254000,-158295,95705
2010/12/30,0,125000,-93000,32000
2010/12/31,0,293000,-63000,230000
2011/01/03,0,65000,-191000,-126000
2011/01/04,0,35000,-137000,-102000
2011/01/05,0,202000,-221000,-19000
2011/01/06,0,141000,-147000,-6000
2011/01/07,0,668000,-360000,308000
2011/01/10,0,184000,-480000,-296000
2011/01/11,0,2207000,-219000,1988000
2011/01/12,0,329000,-61000,268000
2011/01/13,0,409000,-511000,-102000
2011/01/14,0,18000,-272000,-254000
2011/01/17,0,411000,-133414,277586
2011/01/18,0,931000,-1369000,-438000
2011/01/19,0,749000,-1071000,-322000
2011/01/20,0,815000,-878000,-63000
2011/01/21,0,714000,-409000,305000
2011/01/24,0,163000,-741000,-578000
2011/01/25,0,465000,-1176000,-711000
2011/01/26,0,164000,-269000,-105000
2011/01/27,0,1319000,-602000,717000
2011/01/28,0,213000,-619000,-406000
2011/01/31,0,0,0,0
2011/02/01,0,0,0,0
2011/02/02,0,0,0,0
2011/02/03,0,0,0,0
2011/02/04,0,0,0,0
2011/02/07,0,0,0,0
2011/02/08,0,83000,-441000,-358000
2011/02/09,0,111000,-105000,6000
2011/02/10,0,193000,-319000,-126000
2011/02/11,0,189000,-604000,-415000
2011/02/14,0,754000,-493000,261000
2011/02/15,0,726000,-327000,399000
2011/02/16,0,706000,-435000,271000
2011/02/17,0,411550,-1184000,-772450
2011/02/18,0,473000,-413300,59700
2011/02/21,0,248000,-229000,19000
2011/02/22,0,483000,-126000,357000
2011/02/23,0,516000,-386000,130000
2011/02/24,0,539000,-270000,269000
2011/02/25,0,1282000,-262000,1020000
2011/02/28,0,0,0,0
2011/03/01,0,277000,-1224000,-947000
2011/03/02,0,162000,-497000,-335000
2011/03/03,0,825000,-228000,597000
2011/03/04,0,724000,-229000,495000
2011/03/07,0,201000,-955000,-754000
2011/03/08,0,217000,-216000,1000
2011/03/09,0,131000,-271975,-140975
2011/03/10,0,239000,-395000,-156000
2011/03/11,0,318000,-188000,130000
2011/03/14,0,343000,-384000,-41000
2011/03/15,0,885000,-346000,539000
2011/03/16,0,766000,-144000,622000
2011/03/17,0,135000,-398000,-263000
2011/03/18,0,136000,-110000,26000
2011/03/21,0,88000,-205000,-117000
2011/03/22,0,59000,-119000,-60000
2011/03/23,0,285000,-241000,44000
2011/03/24,0,229000,-118000,111000
2011/03/25,0,305000,-163000,142000
2011/03/28,0,164000,-155000,9000
2011/03/29,0,152000,-135000,17000
2011/03/30,0,99000,-257000,-158000
2011/03/31,0,164000,-104000,60000
2011/04/01,0,451000,-18000,433000
2011/04/04,0,0,0,0
2011/04/05,0,0,0,0
2011/04/06,0,433000,-396000,37000
2011/04/07,0,486000,-179000,307000
2011/04/08,0,259000,-242000,17000
2011/04/11,0,51000,-260000,-209000
2011/04/12,0,598000,-272250,325750
2011/04/13,0,257000,-236000,21000
2011/04/14,0,102000,-82806,19194
2011/04/15,0,49000,-157000,-108000
2011/04/18,0,76000,-91903,-15903
2011/04/19,0,163000,-164000,-1000
2011/04/20,0,286000,-121000,165000
2011/04/21,0,350000,-147000,203000
2011/04/22,0,103000,-155000,-52000
2011/04/25,0,76000,-285000,-209000
2011/04/26,0,62000,-93000,-31000
2011/04/27,0,247000,-182000,65000
2011/04/28,0,481000,-182000,299000
2011/04/29,0,1792000,-804000,988000
2011/05/02,0,0,0,0
2011/05/03,0,390000,-459879,-69879
2011/05/04,0,312000,-164000,148000
2011/05/05,0,505000,-353000,152000
2011/05/06,0,277000,-479000,-202000
2011/05/09,0,184000,-51000,133000
2011/05/10,0,49000,-75000,-26000
2011/05/11,0,89000,-192984,-103984
2011/05/12,0,30000,-75000,-45000
2011/05/13,0,337000,-625000,-288000
2011/05/16,0,97000,-104000,-7000
2011/05/17,0,45000,-51000,-6000
2011/05/18,0,142000,-24000,118000
2011/05/19,0,289000,-116340,172660
2011/05/20,0,109000,-39000,70000
2011/05/23,0,265000,-49000,216000
2011/05/24,0,336000,-313000,23000
2011/05/25,0,46000,-149000,-103000
2011/05/26,0,34000,-19000,15000
2011/05/27,0,349000,-152000,197000
2011/05/30,0,240000,-194000,46000
2011/05/31,0,648000,-40000,608000
2011/06/01,0,214000,-331000,-117000
2011/06/02,0,307000,-223000,84000
2011/06/03,0,1495000,-350000,1145000
2011/06/06,0,0,0,0
2011/06/07,0,1366000,-198000,1168000
2011/06/08,0,10000,-336000,-326000
2011/06/09,0,170000,-247000,-77000
2011/06/10,0,119000,-371000,-252000
2011/06/13,0,218000,-134200,83800
2011/06/14,0,248000,-46000,202000
2011/06/15,0,150000,-274000,-124000
2011/06/16,0,599000,-106653,492347
2011/06/17,0,214000,-31000,183000
2011/06/20,0,275000,-133000,142000
2011/06/21,0,437000,-2000,435000
2011/06/22,0,130000,-272000,-142000
2011/06/23,0,223000,-39000,184000
2011/06/24,0,144000,-140000,4000
2011/06/27,0,125000,-134000,-9000
2011/06/28,0,224000,-53000,171000
2011/06/29,0,566000,-141000,425000
2011/06/30,0,418300,-255500,162800
2011/07/01,0,85000,-211000,-126000
2011/07/04,0,38000,-313400,-275400
2011/07/05,0,131000,-205000,-74000
2011/07/06,0,174000,-91000,83000
2011/07/07,0,311000,-79000,232000
2011/07/08,0,227000,-2544000,-2317000
2011/07/11,0,216000,-89100,126900
2011/07/12,0,445000,-113100,331900
2011/07/13,0,554000,-26030,527970
2011/07/14,0,454000,-12000,442000
2011/07/15,0,562000,-6000,556000
2011/07/18,0,356000,-296635,59365
2011/07/19,0,136000,-131000,5000
2011/07/20,0,269000,-187000,82000
2011/07/21,0,197000,-8000,189000
2011/07/22,0,322000,-50000,272000
2011/07/25,0,94000,-117000,-23000
2011/07/26,0,352000,-89244,262756
2011/07/27,0,390000,-38000,352000
2011/07/28,0,7000,-569000,-562000
2011/07/29,0,34000,-133000,-99000
2011/08/01,0,263000,-5000,258000
2011/08/02,0,101000,-183000,-82000
2011/08/03,0,419000,-358000,61000
2011/08/04,0,535000,-66021,468979
2011/08/05,0,1068000,-468000,600000
2011/08/08,0,744000,-858000,-114000
2011/08/09,0,1464000,-430000,1034000
2011/08/10,0,539000,-169300,369700
2011/08/11,0,531000,-260000,271000
2011/08/12,0,458000,-1069000,-611000
2011/08/15,0,63000,-54000,9000
2011/08/16,0,73000,-170017,-97017
2011/08/17,0,239000,-261000,-22000
2011/08/18,0,378000,-344000,34000
2011/08/19,0,328000,-350000,-22000
2011/08/22,0,593000,-172000,421000
2011/08/23,0,395000,-116000,279000
2011/08/24,0,207000,-209000,-2000
2011/08/25,0,121000,-291000,-170000
2011/08/26,0,121000,-4000,117000
2011/08/29,0,159000,-34000,125000
2011/08/30,0,159000,-200000,-41000
2011/08/31,0,6000,-125000,-119000
2011/09/01,0,27000,-456000,-429000
2011/09/02,0,6000,-110000,-104000
2011/09/05,0,31000,-166000,-135000
2011/09/06,0,166000,-91000,75000
2011/09/07,0,282000,-58000,224000
2011/09/08,0,181000,-281000,-100000
2011/09/09,0,448000,-71000,377000
2011/09/12,0,0,0,0
2011/09/13,0,129000,-80000,49000
2011/09/14,0,665000,-97000,568000
2011/09/15,0,428000,-39000,389000
2011/09/16,0,530000,-162000,368000
2011/09/19,0,353000,-196000,157000
2011/09/20,0,429000,-149000,280000
2011/09/21,0,88000,-106000,-18000
2011/09/22,0,78000,-95000,-17000
2011/09/23,0,673000,-219000,454000
2011/09/26,0,552000,-702000,-150000
2011/09/27,0,870000,-4000,866000
2011/09/28,0,108000,-278000,-170000
2011/09/29,0,167000,-142000,25000
2011/09/30,0,146000,-158000,-12000
2011/10/03,0,73000,-326000,-253000
2011/10/04,0,429000,-191000,238000
2011/10/05,0,279000,-164000,115000
2011/10/06,0,427000,-77618,349382
2011/10/07,0,18000,-127100,-109100
2011/10/10,0,0,0,0
2011/10/11,0,5000,-108000,-103000
2011/10/12,0,63000,-157000,-94000
2011/10/13,0,297000,-215000,82000
2011/10/14,0,47000,-385000,-338000
2011/10/17,0,145000,-305000,-160000
2011/10/18,0,42000,-101000,-59000
2011/10/19,0,242000,-361000,-119000
2011/10/20,0,198000,-113000,85000
2011/10/21,0,359000,-32169,326831
2011/10/24,0,304000,-49000,255000
2011/10/25,0,120000,-26000,94000
2011/10/26,0,353000,-49000,304000
2011/10/27,0,482000,-184000,298000
2011/10/28,0,132000,-250000,-118000
2011/10/31,0,16000,-29184,-13184
2011/11/01,0,275000,-83000,192000
2011/11/02,0,108000,-153000,-45000
2011/11/03,0,105000,-188000,-83000
2011/11/04,0,531000,-2000,529000
2011/11/07,0,4000,-191000,-187000
2011/11/08,0,24000,-14000,10000
2011/11/09,0,43000,-58000,-15000
2011/11/10,0,267000,-181000,86000
2011/11/11,0,495000,-13000,482000
2011/11/14,0,194000,-124000,70000
2011/11/15,0,150000,-92000,58000
2011/11/16,0,114000,-79000,35000
2011/11/17,0,38000,-49000,-11000
2011/11/18,0,401000,-65980,335020
2011/11/21,0,534000,-38000,496000
2011/11/22,0,500000,-38000,462000
2011/11/23,0,294000,-269000,25000
2011/11/24,0,210000,-19000,191000
2011/11/25,0,154000,-11000,143000
2011/11/28,0,223000,-48000,175000
2011/11/29,0,200000,-149000,51000
2011/11/30,0,26000,-93000,-67000
2011/12/01,0,424000,-57000,367000
2011/12/02,0,119000,-75000,44000
2011/12/05,0,16000,-67000,-51000
2011/12/06,0,55000,-117000,-62000
2011/12/07,0,77000,-155000,-78000
2011/12/08,0,29000,-218000,-189000
2011/12/09,0,78000,-27000,51000
2011/12/12,0,77000,-18000,59000
2011/12/13,0,12000,-58000,-46000
2011/12/14,0,18000,-49000,-31000
2011/12/15,0,92000,-221000,-129000
2011/12/16,0,194000,-65000,129000
2011/12/19,0,238000,-48000,190000
2011/12/20,0,154000,-27000,127000
2011/12/21,0,287000,-95000,192000
2011/12/22,0,167000,-122000,45000
2011/12/23,0,184000,-69000,115000
2011/12/26,0,41000,-157000,-116000
2011/12/27,0,182000,-32000,150000
2011/12/28,0,197000,-156000,41000
2011/12/29,0,332000,-105000,227000
2011/12/30,0,56000,-86000,-30000
2012/01/02,0,79000,-82000,-3000
2012/01/03,0,77000,-47000,30000
2012/01/04,0,63000,-46000,17000
2012/01/05,0,126000,-16904,109096
2012/01/06,0,40000,-19000,21000
2012/01/09,0,229000,-114000,115000
2012/01/10,0,112000,-44000,68000
2012/01/11,0,11000,-15000,-4000
2012/01/12,0,63000,-104000,-41000
2012/01/13,0,45000,-62000,-17000
2012/01/16,0,95000,-188000,-93000
2012/01/17,0,174000,-76000,98000
2012/01/18,0,60000,-189000,-129000
2012/01/19,0,0,0,0
2012/01/20,0,0,0,0
2012/01/23,0,0,0,0
2012/01/24,0,0,0,0
2012/01/25,0,0,0,0
2012/01/26,0,0,0,0
2012/01/27,0,0,0,0
2012/01/30,0,61000,-69000,-8000
2012/01/31,0,125000,-270000,-145000
2012/02/01,0,34000,-286000,-252000
2012/02/02,0,324000,-313000,11000
2012/02/03,0,368000,-375000,-7000
2012/02/06,0,161000,-229000,-68000
2012/02/07,0,42000,-149000,-107000
2012/02/08,0,812000,-189000,623000
2012/02/09,0,159000,-523000,-364000
2012/02/10,0,9000,-576000,-567000
2012/02/13,0,133000,-106000,27000
2012/02/14,0,125000,-731000,-606000
2012/02/15,0,436000,-245000,191000
2012/02/16,0,171000,-1333000,-1162000
2012/02/17,0,145000,-409000,-264000
2012/02/20,0,28000,-444000,-416000
2012/02/21,0,66000,-515000,-449000
2012/02/22,0,106000,-212000,-106000
2012/02/23,0,48000,-246000,-198000
2012/02/24,0,18000,-293000,-275000
2012/02/27,0,0,0,0
2012/02/28,0,0,0,0
2012/02/29,0,219024,-17000,202024
2012/03/01,0,84000,-112000,-28000
2012/03/02,0,69000,-319000,-250000
2012/03/05,0,47000,-726000,-679000
2012/03/06,0,58000,-147000,-89000
2012/03/07,0,32000,-218000,-186000
2012/03/08,0,22000,-230000,-208000
2012/03/09,0,109400,-140000,-30600
2012/03/12,0,253000,-254164,-1164
2012/03/13,0,89000,-348000,-259000
2012/03/14,0,296000,-41000,255000
2012/03/15,0,74000,-70000,4000
2012/03/16,0,0,-255000,-255000
2012/03/19,0,11000,-554000,-543000
2012/03/20,0,80000,-187000,-107000
2012/03/21,0,330000,-223000,107000
2012/03/22,0,96000,-217000,-121000
2012/03/23,0,16000,-14000,2000
2012/03/26,0,84000,-217000,-133000
2012/03/27,0,123000,-197000,-74000
2012/03/28,0,116000,-269000,-153000
2012/03/29,0,97000,-246678,-149678
2012/03/30,0,468000,-27000,441000
2012/04/02,0,581000,-332000,249000
2012/04/03,0,388000,-567000,-179000
2012/04/04,0,0,0,0
2012/04/05,0,673000,-183000,490000
2012/04/06,0,116000,-165000,-49000
2012/04/09,0,204000,-219000,-15000
2012/04/10,0,164000,-121000,43000
2012/04/11,0,113000,-49000,64000
2012/04/12,0,51000,-333000,-282000
2012/04/13,0,238000,-74220,163780
2012/04/16,0,53000,-98000,-45000
2012/04/17,0,126000,-169000,-43000
2012/04/18,0,172000,-42000,130000
2012/04/19,0,360000,-81000,279000
2012/04/20,0,199000,-38000,161000
2012/04/23,0,374000,-331000,43000
2012/04/24,0,29000,-137000,-108000
2012/04/25,0,209000,-317000,-108000
2012/04/26,0,313009,-279000,34009
2012/04/27,0,391000,-653517,-262517
2012/04/30,0,247000,-181000,66000
2012/05/01,0,0,0,0
2012/05/02,0,872000,-112000,760000
2012/05/03,0,112000,-37000,75000
2012/05/04,0,83000,-89000,-6000
2012/05/07,0,181000,-462000,-281000
2012/05/08,0,82000,-66983,15017
2012/05/09,0,369000,-283000,86000
2012/05/10,0,148000,-151000,-3000
2012/05/11,0,211000,-404000,-193000
2012/05/14,0,441000,-188000,253000
2012/05/15,0,741000,-156000,585000
2012/05/16,0,673000,-584000,89000
2012/05/17,0,320000,-110000,210000
2012/05/18,0,605000,-223000,382000
2012/05/21,0,359000,-450000,-91000
2012/05/22,0,1584000,-102000,1482000
2012/05/23,0,293000,-55000,238000
2012/05/24,0,373000,-51000,322000
2012/05/25,0,172000,-91000,81000
2012/05/28,0,186000,-84000,102000
2012/05/29,0,206000,-348000,-142000
2012/05/30,0,330000,-223000,107000
2012/05/31,0,94000,-383000,-289000
2012/06/01,0,282000,-64000,218000
2012/06/04,0,540000,-187000,353000
2012/06/05,0,166000,-271000,-105000
2012/06/06,0,75000,-66000,9000
2012/06/07,0,138000,-86000,52000
2012/06/08,0,209000,-176000,33000
2012/06/11,0,276000,-134000,142000
2012/06/12,0,143000,-365000,-222000
2012/06/13,0,34000,-131000,-97000
2012/06/14,0,106000,-89000,17000
2012/06/15,0,185000,-12000,173000
2012/06/18,0,66000,-497000,-431000
2012/06/19,0,177000,-142000,35000
2012/06/20,0,183000,-601000,-418000
2012/06/21,0,26000,-64000,-38000
2012/06/22,0,457000,-47000,410000
2012/06/25,0,4000,-195000,-191000
2012/06/26,0,87000,-231000,-144000
2012/06/27,0,154000,-319000,-165000
2012/06/28,0,171000,-216000,-45000
2012/06/29,0,315000,-143000,172000
2012/07/02,0,335000,-400000,-65000
2012/07/03,0,406000,-368000,38000
2012/07/04,0,96000,-99000,-3000
2012/07/05,0,72000,-173000,-101000
2012/07/06,0,134000,-45000,89000
2012/07/09,0,162000,-53000,109000
2012/07/10,0,220000,-69000,151000
2012/07/11,0,702000,-65000,637000
2012/07/12,0,1208000,-326000,882000
2012/07/13,0,3354000,-85000,3269000
2012/07/16,0,147000,-3876312,-3729312
2012/07/17,0,248000,-331000,-83000
2012/07/18,0,94000,-571000,-477000
2012/07/19,0,73000,-150000,-77000
2012/07/20,0,71000,-51000,20000
2012/07/23,0,175000,-104000,71000
2012/07/24,0,390000,-140000,250000
2012/07/25,0,252000,-153000,99000
2012/07/26,0,35000,-107000,-72000
2012/07/27,0,97000,-110000,-13000
2012/07/30,0,332000,-358000,-26000
2012/07/31,0,401000,-492000,-91000
2012/08/01,0,403000,-264000,139000
2012/08/02,0,0,0,0
2012/08/03,0,156000,-591000,-435000
2012/08/06,0,473000,-296000,177000
2012/08/07,0,105000,-323000,-218000
2012/08/08,0,538000,-166000,372000
2012/08/09,0,485000,-87000,398000
2012/08/10,0,262000,-57000,205000
2012/08/13,0,257000,-99000,158000
2012/08/14,0,246000,-157000,89000
2012/08/15,0,451000,-243000,208000
2012/08/16,0,237000,-82000,155000
2012/08/17,0,175000,-49000,126000
2012/08/20,0,420000,-139000,281000
2012/08/21,0,1100000,-272000,828000
2012/08/22,0,214000,-246000,-32000
2012/08/23,0,79000,-86000,-7000
2012/08/24,0,47000,-306000,-259000
2012/08/27,0,51000,-260000,-209000
2012/08/28,0,407000,-357000,50000
2012/08/29,0,70000,-567000,-497000
2012/08/30,0,54000,-254000,-200000
2012/08/31,0,48000,-181000,-133000
2012/09/03,0,606000,-86000,520000
2012/09/04,0,403000,-310000,93000
2012/09/05,0,127000,-401000,-274000
2012/09/06,0,283000,-183000,100000
2012/09/07,0,71000,-352000,-281000
2012/09/10,0,124000,-635000,-511000
2012/09/11,0,144000,-181000,-37000
2012/09/12,0,104000,-82000,22000
2012/09/13,0,497000,-64000,433000
2012/09/14,0,166000,-438000,-272000
2012/09/17,0,403000,-335000,68000
2012/09/18,0,683000,-270000,413000
2012/09/19,0,301000,-586000,-285000
2012/09/20,0,56000,-52000,4000
2012/09/21,0,82000,-541000,-459000
2012/09/24,0,25000,-181000,-156000
2012/09/25,0,303000,-57000,246000
2012/09/26,0,132000,-150000,-18000
2012/09/27,0,150000,-123000,27000
2012/09/28,0,193000,-138000,55000
2012/10/01,0,6000,-166000,-160000
2012/10/02,0,40000,-27000,13000
2012/10/03,0,72000,-74000,-2000
2012/10/04,0,72000,-93000,-21000
2012/10/05,0,74000,-192000,-118000
2012/10/08,0,82000,-895000,-813000
2012/10/09,0,688000,-151738,536262
2012/10/10,0,0,0,0
2012/10/11,0,247000,-608000,-361000
2012/10/12,0,206000,-127000,79000
2012/10/15,0,327000,-172000,155000
2012/10/16,0,170000,-182000,-12000
2012/10/17,0,153000,-240000,-87000
2012/10/18,0,314000,-95000,219000
2012/10/19,0,330000,-249000,81000
2012/10/22,0,302000,-108000,194000
2012/10/23,0,83000,-191000,-108000
2012/10/24,0,403000,-53000,350000
2012/10/25,0,125000,-105000,20000
2012/10/26,0,242000,-167000,75000
2012/10/29,0,334000,-43000,291000
2012/10/30,0,816000,-97000,719000
2012/10/31,0,296000,-542000,-246000
2012/11/01,0,249000,-295000,-46000
2012/11/02,0,323000,-241000,82000
2012/11/05,0,164000,-31000,133000
2012/11/06,0,198000,-21000,177000
2012/11/07,0,83000,-87000,-4000
2012/11/08,0,96000,-35000,61000
2012/11/09,0,154000,-64000,90000
2012/11/12,0,44000,-78000,-34000
2012/11/13,0,592000,-442000,150000
2012/11/14,0,318000,-470000,-152000
2012/11/15,0,163000,-327000,-164000
2012/11/16,0,56000,-63000,-7000
2012/11/19,0,73000,-23000,50000
2012/11/20,0,101000,-30000,71000
2012/11/21,0,303000,-116000,187000
2012/11/22,0,146000,-91000,55000
2012/11/23,0,243000,-145000,98000
2012/11/26,0,112000,-171000,-59000
2012/11/27,0,292000,-49000,243000
2012/11/28,0,285000,-88000,197000
2012/11/29,0,85000,-495000,-410000
2012/11/30,0,49000,-80000,-31000
2012/12/03,0,156000,-67000,89000
2012/12/04,0,704000,-20000,684000
2012/12/05,0,178000,-680000,-502000
2012/12/06,0,155000,-330000,-175000
2012/12/07,0,180000,-126000,54000
2012/12/10,0,497000,-192000,305000
2012/12/11,0,77000,-404000,-327000
2012/12/12,0,89000,-191000,-102000
2012/12/13,0,222000,-19000,203000
2012/12/14,0,77000,-51000,26000
2012/12/17,0,63000,-106000,-43000
2012/12/18,0,38000,-19000,19000
2012/12/19,0,7000,-242000,-235000
2012/12/20,0,28000,-182089,-154089
2012/12/21,0,142000,-135000,7000
2012/12/24,0,162000,-16000,146000
2012/12/25,0,77000,-186000,-109000
2012/12/26,0,19000,-18000,1000
2012/12/27,0,38002,-113000,-74998
2012/12/28,0,112000,-74000,38000
2012/12/31,0,0,0,0
2013/01/01,0,0,0,0
2013/01/02,0,93000,-18000,75000
2013/01/03,0,40000,-191000,-151000
2013/01/04,0,0,-84686,-84686
2013/01/07,0,21000,-6000,15000
2013/01/08,0,113300,-36256,77044
2013/01/09,0,125000,-36000,89000
2013/01/10,0,47000,-36000,11000
2013/01/11,0,9000,-85000,-76000
2013/01/14,0,9000,-51000,-42000
2013/01/15,0,12000,-54300,-42300
2013/01/16,0,34000,-117000,-83000
2013/01/17,0,73000,-129000,-56000
2013/01/18,0,119000,-14000,105000
2013/01/21,0,32000,-61000,-29000
2013/01/22,0,7000,-78000,-71000
2013/01/23,0,177000,-92000,85000
2013/01/24,0,51000,-279000,-228000
2013/01/25,0,144000,-160000,-16000
2013/01/28,0,86000,-130000,-44000
2013/01/29,0,824000,-70000,754000
2013/01/30,0,25000,-250000,-225000
2013/01/31,0,23000,-242000,-219000
2013/02/01,0,233000,-96000,137000
2013/02/04,0,49000,-174000,-125000
2013/02/05,0,98000,-252000,-154000
2013/02/06,0,119000,-602000,-483000
2013/02/07,0,0,0,0
2013/02/08,0,0,0,0
2013/02/11,0,0,0,0
2013/02/12,0,0,0,0
2013/02/13,0,0,0,0
2013/02/14,0,0,0,0
2013/02/15,0,0,0,0
2013/02/18,0,22000,-387000,-365000
2013/02/19,0,94000,-142000,-48000
2013/02/20,0,147000,-275000,-128000
2013/02/21,0,11000,-210000,-199000
2013/02/22,0,240000,-77000,163000
2013/02/25,0,64000,-143000,-79000
2013/02/26,0,29000,-125950,-96950
2013/02/27,0,78000,-55000,23000
2013/02/28,0,0,0,0
2013/03/01,0,91000,-90000,1000
2013/03/04,0,480000,-171000,309000
2013/03/05,0,459000,-265000,194000
2013/03/06,0,1897000,-585000,1312000
2013/03/07,0,281000,-901000,-620000
2013/03/08,0,116000,-830000,-714000
2013/03/11,0,983000,-188000,795000
2013/03/12,0,236000,-567000,-331000
2013/03/13,0,145000,-284001,-139001
2013/03/14,0,88000,-446000,-358000
2013/03/15,0,78000,-542000,-464000
2013/03/18,0,54000,-499000,-445000
2013/03/19,0,188000,-48000,140000
2013/03/20,0,587000,-898000,-311000
2013/03/21,0,109000,-248000,-139000
2013/03/22,0,134000,-459000,-325000
2013/03/25,0,1110000,-58090,1051910
2013/03/26,0,89000,-442000,-353000
2013/03/27,0,115000,-765000,-650000
2013/03/28,0,53000,-270000,-217000
2013/03/29,0,144000,-38000,106000
2013/04/01,0,138000,-5000,133000
2013/04/02,0,32000,-110000,-78000
2013/04/03,0,39000,-87000,-48000
2013/04/04,0,0,0,0
2013/04/05,0,0,0,0
2013/04/08,0,515000,-196000,319000
2013/04/09,0,365000,-120000,245000
2013/04/10,0,84000,-22000,62000
2013/04/11,0,300000,-61000,239000
2013/04/12,0,51000,-109000,-58000
2013/04/15,0,279000,-255000,24000
2013/04/16,0,172000,-34000,138000
2013/04/17,0,309000,-383000,-74000
2013/04/18,0,661000,-147000,514000
2013/04/19,0,1695000,-346000,1349000
2013/04/22,0,1013000,-734000,279000
2013/04/23,0,316000,-1267000,-951000
2013/04/24,0,638000,-1644000,-1006000
2013/04/25,0,156000,-673000,-517000
2013/04/26,0,1442000,-767000,675000
2013/04/29,0,407000,-925000,-518000
2013/04/30,0,1100000,-429000,671000
2013/05/01,0,0,0,0
2013/05/02,0,433000,-829000,-396000
2013/05/03,0,649000,-490000,159000
2013/05/06,0,1056000,-358000,698000
2013/05/07,0,388000,-394000,-6000
2013/05/08,0,331000,-123000,208000
2013/05/09,0,2282000,-306000,1976000
2013/05/10,0,101000,-1722000,-1621000
2013/05/13,0,231000,-430000,-199000
2013/05/14,0,296000,-219000,77000
2013/05/15,0,68000,-544000,-476000
2013/05/16,0,625000,-215000,410000
2013/05/17,0,260000,-426000,-166000
2013/05/20,0,56000,-201000,-145000
2013/05/21,0,530000,-92000,438000
2013/05/22,0,2257000,-273000,1984000
2013/05/23,0,449000,-1171000,-722000
2013/05/24,0,356000,-2082000,-1726000
2013/05/27,0,101000,-739000,-638000
2013/05/28,0,1251000,-53000,1198000
2013/05/29,0,324000,-484000,-160000
2013/05/30,0,130000,-1142000,-1012000
2013/05/31,0,200000,-337000,-137000
2013/06/03,0,108000,-236000,-128000
2013/06/04,0,123000,-252000,-129000
2013/06/05,0,108000,-193000,-85000
2013/06/06,0,233000,-321000,-88000
2013/06/07,0,639000,-783000,-144000
2013/06/10,0,352000,-718000,-366000
2013/06/11,0,1117000,-75000,1042000
2013/06/12,0,0,0,0
2013/06/13,0,114000,-1067000,-953000
2013/06/14,0,186000,-91000,95000
2013/06/17,0,436000,-192000,244000
2013/06/18,0,842000,-208000,634000
2013/06/19,0,228000,-935000,-707000
2013/06/20,0,334000,-115000,219000
2013/06/21,0,280000,-225000,55000
2013/06/24,0,801000,-181000,620000
2013/06/25,0,408000,-542000,-134000
2013/06/26,0,561000,-363000,198000
2013/06/27,0,1206000,-355000,851000
2013/06/28,0,88000,-1570000,-1482000
2013/07/01,0,3223000,-483000,2740000
2013/07/02,0,188000,-1140000,-952000
2013/07/03,0,832000,-472000,360000
2013/07/04,0,500000,-292000,208000
2013/07/05,0,445000,-327000,118000
2013/07/08,0,194000,-644000,-450000
2013/07/09,0,224000,-606000,-382000
2013/07/10,0,348000,-710000,-362000
2013/07/11,0,1513000,-303000,1210000
2013/07/12,0,4336000,-225000,4111000
2013/07/15,0,646000,-4243000,-3597000
2013/07/16,0,62000,-2387000,-2325000
2013/07/17,0,516000,-367000,149000
2013/07/18,0,522000,-479000,43000
2013/07/19,0,399000,-561000,-162000
2013/07/22,0,98000,-98000,0
2013/07/23,0,309000,-260000,49000
2013/07/24,0,180000,-211000,-31000
2013/07/25,0,245000,-248000,-3000
2013/07/26,0,114000,-175311,-61311
2013/07/29,0,1921000,-129000,1792000
2013/07/30,0,2365000,-475000,1890000
2013/07/31,0,475000,-1062000,-587000
2013/08/01,0,526000,-1293000,-767000
2013/08/02,0,471000,-520000,-49000
2013/08/05,0,98000,-655000,-557000
2013/08/06,0,134000,-1586000,-1452000
2013/08/07,0,138000,-527000,-389000
2013/08/08,0,213000,-319000,-106000
2013/08/09,0,188000,-206000,-18000
2013/08/12,0,248000,-289000,-41000
2013/08/13,0,210000,-250000,-40000
2013/08/14,0,217000,-237000,-20000
2013/08/15,0,162000,-128000,34000
2013/08/16,0,204000,-209000,-5000
2013/08/19,0,229000,-64000,165000
2013/08/20,0,361000,-37000,324000
2013/08/21,0,0,0,0
2013/08/22,0,226000,-281000,-55000
2013/08/23,0,95000,-35000,60000
2013/08/26,0,15000,-4000,11000
2013/08/27,0,48000,-82000,-34000
2013/08/28,0,166000,-57000,109000
2013/08/29,0,193000,-31000,162000
2013/08/30,0,96000,-93000,3000
2013/09/02,0,91000,-8000,83000
2013/09/03,0,89000,-298000,-209000
2013/09/04,0,631000,-29000,602000
2013/09/05,0,111000,-605000,-494000
2013/09/06,0,238000,-150000,88000
2013/09/09,0,18000,-235000,-217000
2013/09/10,0,175000,-393000,-218000
2013/09/11,0,166000,-489000,-323000
2013/09/12,0,104000,-198000,-94000
2013/09/13,0,25000,-59000,-34000
2013/09/16,0,178000,-177000,1000
2013/09/17,0,66000,-157000,-91000
2013/09/18,0,258000,-144000,114000
2013/09/19,0,0,0,0
2013/09/20,0,0,0,0
2013/09/23,0,227000,-177000,50000
2013/09/24,0,126000,-259000,-133000
2013/09/25,0,11000,-116000,-105000
2013/09/26,0,85000,-268000,-183000
2013/09/27,0,168000,-103000,65000
2013/09/30,0,254000,-101000,153000
2013/10/01,0,95000,-153000,-58000
2013/10/02,0,196000,-72000,124000
2013/10/03,0,427000,-273000,154000
2013/10/04,0,681000,-153000,528000
2013/10/07,0,94000,-343000,-249000
2013/10/08,0,180000,-110000,70000
2013/10/09,0,188000,-86000,102000
2013/10/10,0,0,0,0
2013/10/11,0,93000,-109000,-16000
2013/10/14,0,152000,-586000,-434000
2013/10/15,0,148000,-138000,10000
2013/10/16,0,168000,-89000,79000
2013/10/17,0,97000,-95000,2000
2013/10/18,0,90000,-175000,-85000
2013/10/21,0,50000,-55000,-5000
2013/10/22,0,543000,-196000,347000
2013/10/23,0,136000,-486000,-350000
2013/10/24,0,261000,-96000,165000
2013/10/25,0,137000,-253000,-116000
2013/10/28,0,97000,-90000,7000
2013/10/29,0,91000,-238000,-147000
2013/10/30,0,726000,-150000,576000
2013/10/31,0,467000,-345000,122000
2013/11/01,0,227000,-432000,-205000
2013/11/04,0,154000,-245368,-91368
2013/11/05,0,204000,-107000,97000
2013/11/06,0,55323,-253000,-197677
2013/11/07,0,106000,-72000,34000
2013/11/08,0,174000,-125000,49000
2013/11/11,0,129000,-32000,97000
2013/11/12,0,176000,-10000,166000
2013/11/13,0,197000,-156000,41000
2013/11/14,0,130000,-217424,-87424
2013/11/15,0,155000,-41000,114000
2013/11/18,0,112000,-102000,10000
2013/11/19,0,194000,-76000,118000
2013/11/20,0,137000,-202000,-65000
2013/11/21,0,195000,-64000,131000
2013/11/22,0,92000,-74000,18000
2013/11/25,0,118000,-43000,75000
2013/11/26,0,88000,-23000,65000
2013/11/27,0,218000,-115000,103000
2013/11/28,0,234000,-151000,83000
2013/11/29,0,21000,-81000,-60000
2013/12/02,0,45000,-104000,-59000
2013/12/03,0,83000,-56000,27000
2013/12/04,0,50000,-10000,40000
2013/12/05,0,53000,-17000,36000
2013/12/06,0,47000,-137000,-90000
2013/12/09,0,104000,-157000,-53000
2013/12/10,0,42000,-53000,-11000
2013/12/11,0,1159000,-103000,1056000
2013/12/12,0,1066000,-604000,462000
2013/12/13,0,320000,-609000,-289000
2013/12/16,0,1126000,-758000,368000
2013/12/17,0,216000,-318000,-102000
2013/12/18,0,366000,-275000,91000
2013/12/19,0,123000,-215000,-92000
2013/12/20,0,154000,-49000,105000
2013/12/23,0,112000,-175000,-63000
2013/12/24,0,73000,-113000,-40000
2013/12/25,0,879000,-94000,785000
2013/12/26,0,82000,-315000,-233000
2013/12/27,0,646000,-146000,500000
2013/12/30,0,498000,-231000,267000
2013/12/31,0,52000,-139000,-87000
2014/01/02,0,119000,-199000,-80000
2014/01/03,0,702000,-156000,546000
2014/01/06,0,312000,-178000,134000
2014/01/07,0,556000,-146000,410000
2014/01/08,0,847000,-35000,812000
2014/01/09,0,2416000,-569000,1847000
2014/01/10,0,484000,-537000,-53000
2014/01/13,0,989000,-1465000,-476000
2014/01/14,0,1824000,-170000,1654000
2014/01/15,0,2204000,-406000,1798000
2014/01/16,0,403000,-1170000,-767000
2014/01/17,0,569000,-1460000,-891000
2014/01/20,0,658000,-793565,-135565
2014/01/21,0,346000,-174000,172000
2014/01/22,0,322000,-343000,-21000
2014/01/23,0,1434000,-154000,1280000
2014/01/24,0,887000,-222000,665000
2014/01/27,0,2743000,-170000,2573000
2014/02/05,0,691000,-1942000,-1251000
2014/02/06,0,363000,-3506000,-3143000
2014/02/07,0,129000,-995000,-866000
2014/02/10,0,184000,-744000,-560000
2014/02/11,0,782000,-1113000,-331000
2014/02/12,0,77000,-593000,-516000
2014/02/13,0,67000,-1582000,-1515000
2014/02/14,0,108000,-518000,-410000
2014/02/17,0,498000,-562000,-64000
2014/02/18,0,181000,-169000,12000
2014/02/19,0,1159000,-467000,692000
2014/02/20,0,383000,-370000,13000
2014/02/21,0,108000,-606000,-498000
2014/02/24,0,222000,-500000,-278000
2014/02/25,0,54000,-1125000,-1071000
2014/02/26,0,104000,-1155000,-1051000
2014/02/27,0,36000,-849000,-813000
2014/03/03,0,109000,-552000,-443000
2014/03/04,0,86000,-197000,-111000
2014/03/05,0,9000,-154000,-145000
2014/03/06,0,1536000,-328000,1208000
2014/03/07,0,2000000,-1047000,953000
2014/03/10,0,84000,-618000,-534000
2014/03/11,0,1097000,-384000,713000
2014/03/12,0,1497000,-857000,640000
2014/03/13,0,4195000,-2287000,1908000
2014/03/14,0,2315000,-1060000,1255000
2014/03/17,0,1534000,-722000,812000
2014/03/18,0,772000,-787000,-15000
2014/03/19,0,496000,-1304490,-808490
2014/03/20,0,871000,-609000,262000
2014/03/21,0,3961000,-825000,3136000
2014/03/24,0,1024000,-963000,61000
2014/03/25,0,854000,-981000,-127000
2014/03/26,0,1573000,-504000,1069000
2014/03/27,0,900000,-1841000,-941000
2014/03/28,0,575000,-932000,-357000
2014/03/31,0,384000,-147000,237000
2014/04/01,0,1175000,-988000,187000
2014/04/02,0,4143000,-1749000,2394000
2014/04/03,0,484000,-1121000,-637000
2014/04/07,0,574000,-514000,60000
2014/04/08,0,1688000,-670000,1018000
2014/04/09,0,741000,-499000,242000
2014/04/10,0,1406000,-1465000,-59000
2014/04/11,0,1511000,-2171000,-660000
2014/04/14,0,257000,-1255000,-998000
2014/04/15,0,823000,-209000,614000
2014/04/16,0,440000,-475000,-35000
2014/04/17,0,305000,-150000,155000
2014/04/18,0,1185000,-943000,242000
2014/04/21,0,331000,-332000,-1000
2014/04/22,0,277000,-24000,253000
2014/04/23,0,179000,-732000,-553000
2014/04/24,0,399000,-699000,-300000
2014/04/25,0,195000,-937000,-742000
2014/04/28,0,392000,-364000,28000
2014/04/29,0,1400000,-216000,1184000
2014/04/30,0,887000,-396000,491000
2014/05/02,0,693000,-1156000,-463000
2014/05/05,0,604000,-821000,-217000
2014/05/06,0,950000,-670000,280000
2014/05/07,0,560000,-527323,32677
2014/05/08,0,83000,-171000,-88000
2014/05/09,0,685000,-546000,139000
2014/05/12,0,404000,-208000,196000
2014/05/13,0,277000,-112000,165000
2014/05/14,0,159000,-220000,-61000
2014/05/15,0,318000,-56000,262000
2014/05/16,0,276000,-366000,-90000
2014/05/19,0,593000,-206000,387000
2014/05/20,0,713000,-213000,500000
2014/05/21,0,218000,-70000,148000
2014/05/22,0,1867000,-760000,1107000
2014/05/23,0,513000,-567000,-54000
2014/05/26,0,143000,-291000,-148000
2014/05/27,0,915000,-365000,550000
2014/05/28,0,846000,-383000,463000
2014/05/29,0,1956000,-316000,1640000
2014/05/30,0,896000,-174000,722000
2014/06/03,0,593000,-692000,-99000
2014/06/04,0,2012000,-212000,1800000
2014/06/05,0,2241000,-923000,1318000
2014/06/06,0,2221000,-459000,1762000
2014/06/09,0,768000,-1290000,-522000
2014/06/10,0,1728000,-610000,1118000
2014/06/11,0,879000,-997000,-118000
2014/06/12,0,808000,-233000,575000
2014/06/13,0,302000,-941000,-639000
2014/06/16,0,356000,-447000,-91000
2014/06/17,0,481000,-1404000,-923000
2014/06/18,0,1308000,-823000,485000
2014/06/19,0,4795000,-540000,4255000
2014/06/20,0,1175000,-1288000,-113000
2014/06/23,0,974000,-1634000,-660000
2014/06/24,0,442000,-854000,-412000
2014/06/25,0,3560000,-1182000,2378000
2014/06/26,0,2060579,-2918000,-857421
2014/06/27,0,686421,-918000,-231579
2014/06/30,0,493000,-1592000,-1099000
2014/07/01,0,1829000,-761000,1068000
2014/07/02,0,2393000,-2751000,-358000
2014/07/03,0,1260000,-592000,668000
2014/07/04,0,1192000,-923000,269000
2014/07/07,0,5200000,-1497000,3703000
2014/07/08,0,1344000,-1275000,69000
2014/07/09,0,1071000,-1136000,-65000
2014/07/10,0,9312000,-4988000,4324000
2014/07/11,0,3614000,-3962000,-348000
2014/07/14,0,1256000,-789000,467000
2014/07/15,0,1629000,-1519000,110000
2014/07/16,0,1236000,-9031000,-7795000
2014/07/17,0,1373000,-7203000,-5830000
2014/07/18,0,2747000,-630000,2117000
2014/07/21,0,2080000,-1662000,418000
2014/07/22,0,555000,-764000,-209000
2014/07/23,0,0,0,0
2014/07/24,0,1072000,-4742000,-3670000
2014/07/25,0,608000,-5455000,-4847000
2014/07/28,0,851000,-2892000,-2041000
2014/07/29,0,2451000,-2129000,322000
2014/07/30,0,2072000,-3329000,-1257000
2014/07/31,0,1870000,-6767000,-4897000
2014/08/01,0,2116000,-849000,1267000
2014/08/04,0,1991000,-2033000,-42000
2014/08/05,0,241000,-1895000,-1654000
2014/08/06,0,870000,-1180000,-310000
2014/08/07,0,896000,-862000,34000
2014/08/08,0,2289000,-1098000,1191000
2014/08/11,0,604000,-1242000,-638000
2014/08/12,0,492000,-792000,-300000
2014/08/13,0,581000,-703000,-122000
2014/08/14,0,2072000,-2236000,-164000
2014/08/15,0,280000,-1120000,-840000
2014/08/18,0,1510000,-1462000,48000
2014/08/19,0,1280000,-1900938,-620938
2014/08/20,0,524000,-1314000,-790000
2014/08/21,0,1664000,-903000,761000
2014/08/22,0,3787000,-1587000,2200000
2014/08/25,0,1077000,-861000,216000
2014/08/26,0,541000,-1144000,-603000
2014/08/27,0,664000,-1040000,-376000
2014/08/28,0,1204000,-3420000,-2216000
2014/08/29,0,577000,-643000,-66000
2014/09/01,0,1251000,-328000,923000
2014/09/02,0,1260000,-2098000,-838000
2014/09/03,0,1165000,-1669000,-504000
2014/09/04,0,1023000,-1272000,-249000
2014/09/05,0,1055000,-1871000,-816000
2014/09/09,0,1085000,-1800000,-715000
2014/09/10,0,2172000,-1888000,284000
2014/09/11,0,97000,-1668000,-1571000
2014/09/12,0,718000,-1734000,-1016000
2014/09/15,0,1083000,-1254000,-171000
2014/09/16,0,921000,-1388000,-467000
2014/09/17,0,1112000,-618000,494000
2014/09/18,0,601000,-1129000,-528000
2014/09/19,0,1770000,-906000,864000
2014/09/22,0,187000,-1304000,-1117000
2014/09/23,0,801643,-317000,484643
2014/09/24,0,587000,-362394,224606
2014/09/25,0,1029000,-1372000,-343000
2014/09/26,0,755000,-791000,-36000
2014/09/29,0,220000,-290000,-70000
2014/09/30,0,888000,-652000,236000
2014/10/01,0,109000,-308000,-199000
2014/10/02,0,281000,-258000,23000
2014/10/03,0,422000,-355000,67000
2014/10/06,0,151000,-177000,-26000
2014/10/07,0,266000,-371000,-105000
2014/10/08,0,226000,-473000,-247000
2014/10/09,0,293000,-448000,-155000
2014/10/13,0,389000,-791000,-402000
2014/10/14,0,267000,-280000,-13000
2014/10/15,0,211000,-783000,-572000
2014/10/16,0,335000,-84000,251000
2014/10/17,0,175000,-293000,-118000
2014/10/20,0,62000,-134000,-72000
2014/10/21,0,248000,-75000,173000
2014/10/22,0,1431000,-75000,1356000
2014/10/23,0,155000,-111433,43567
2014/10/24,0,299000,-100000,199000
2014/10/27,0,1016000,-841000,175000
2014/10/28,0,279000,-621000,-342000
2014/10/29,0,368000,-216000,152000
2014/10/30,0,261000,-510000,-249000
2014/10/31,0,671000,-73000,598000
2014/11/03,0,657000,-259000,398000
2014/11/04,0,227103,-85000,142103
2014/11/05,0,98000,-127000,-29000
2014/11/06,0,232000,-117012,114988
2014/11/07,0,789000,-75000,714000
2014/11/10,0,168000,-368000,-200000
2014/11/11,0,959000,-1176000,-217000
2014/11/12,0,387000,-541000,-154000
2014/11/13,0,495000,-134000,361000
2014/11/14,0,465000,-341000,124000
2014/11/17,0,79000,-620000,-541000
2014/11/18,0,101000,-223000,-122000
2014/11/19,0,618000,-305000,313000
2014/11/20,0,857000,-852000,5000
2014/11/21,0,564000,-639000,-75000
2014/11/24,0,617000,-1151000,-534000
2014/11/25,0,153000,-140000,13000
2014/11/26,0,467000,-82000,385000
2014/11/27,0,60000,-406000,-346000
2014/11/28,0,85000,-93000,-8000
2014/12/01,0,104000,-75000,29000
2014/12/02,0,51000,-400000,-349000
2014/12/03,0,71000,-285000,-214000
2014/12/04,0,50000,-195000,-145000
2014/12/05,0,29000,-75000,-46000
2014/12/08,0,1029000,-304000,725000
2014/12/09,0,188000,-610643,-422643
2014/12/10,0,334000,-299000,35000
2014/12/11,0,116000,-438000,-322000
2014/12/12,0,40000,-412000,-372000
2014/12/15,0,77000,-128000,-51000
2014/12/16,0,161000,-141000,20000
2014/12/17,0,190000,-736000,-546000
2014/12/18,0,1200000,-474000,726000
2014/12/19,0,528000,-1042000,-514000
2014/12/22,0,239000,-61000,178000
2014/12/23,0,124000,-79000,45000
2014/12/24,0,8000,-148000,-140000
2014/12/25,0,61000,-41000,20000
2014/12/26,0,103000,-29000,74000
2014/12/29,0,631000,-48000,583000
2014/12/30,0,487000,-377000,110000
2014/12/31,0,72000,-146000,-74000
2015/01/01,0,0,0,0
2015/01/02,0,0,0,0
2015/01/05,0,44000,-77000,-33000
2015/01/06,0,62000,-114000,-52000
2015/01/07,0,57000,-70000,-13000
2015/01/08,0,143000,-69000,74000
2015/01/09,0,50000,-116000,-66000
2015/01/12,0,18000,-45000,-27000
2015/01/13,0,39000,-206000,-167000
2015/01/14,0,151000,-160000,-9000
2015/01/15,0,74000,-20000,54000
2015/01/16,0,26000,-96000,-70000
2015/01/19,0,44000,-88000,-44000
2015/01/20,0,85000,-124000,-39000
2015/01/21,0,2264000,-55000,2209000
2015/01/22,0,1065000,-829000,236000
2015/01/23,0,395000,-553000,-158000
2015/01/26,0,631000,-62000,569000
2015/01/27,0,246000,-663000,-417000
2015/01/28,0,957000,-533000,424000
2015/01/29,0,537000,-1630000,-1093000
2015/01/30,0,533000,-252000,281000
2015/02/02,0,55000,-1016000,-961000
2015/02/03,0,306000,-370000,-64000
2015/02/04,0,173000,-703039,-530039
2015/02/05,0,57000,-243000,-186000
2015/02/06,0,205000,-512000,-307000
2015/02/09,0,189000,-196000,-7000
2015/02/10,0,415000,-105000,310000
2015/02/11,0,60000,-332000,-272000
2015/02/12,0,270000,-143000,127000
2015/02/13,0,397000,-1072000,-675000
2015/02/16,0,0,0,0
2015/02/17,0,0,0,0
2015/02/18,0,0,0,0
2015/02/19,0,0,0,0
2015/02/20,0,0,0,0
2015/02/23,0,0,0,0
2015/02/24,0,613000,-157000,456000
2015/02/25,0,387000,-838038,-451038
2015/02/26,0,818000,-186000,632000
2015/02/27,0,0,0,0
2015/03/02,0,150000,-319000,-169000
2015/03/03,0,234000,-145000,89000
2015/03/04,0,107000,-256000,-149000
2015/03/05,0,132000,-301725,-169725
2015/03/06,0,95000,-148000,-53000
2015/03/09,0,117000,-67404,49596
2015/03/10,0,574000,-449000,125000
2015/03/11,0,504000,-356000,148000
2015/03/12,0,332000,-23000,309000
2015/03/13,0,22000,-275000,-253000
2015/03/16,0,52000,-187000,-135000
2015/03/17,0,58000,-222076,-164076
2015/03/18,0,141000,-175000,-34000
2015/03/19,0,70000,-165000,-95000
2015/03/20,0,69000,-82000,-13000
2015/03/23,0,78000,-109000,-31000
2015/03/24,0,263000,-199000,64000
2015/03/25,0,158000,-105000,53000
2015/03/26,0,138000,-58242,79758
2015/03/27,0,171000,-204000,-33000
2015/03/30,0,417000,-95000,322000
2015/03/31,0,308000,-58000,250000
2015/04/01,0,129000,-370000,-241000
2015/04/02,0,497000,-154000,343000
2015/04/03,0,0,0,0
2015/04/06,0,0,0,0
2015/04/07,0,73000,-129000,-56000
2015/04/08,0,29000,-316000,-287000
2015/04/09,0,528000,-24000,504000
2015/04/10,0,43000,-169000,-126000
2015/04/13,0,179000,-12000,167000
2015/04/14,0,102000,-203000,-101000
2015/04/15,0,432000,-202000,230000
2015/04/16,0,321000,-171000,150000
2015/04/17,0,209000,-216000,-7000
2015/04/20,0,205000,-105000,100000
2015/04/21,0,872000,-154000,718000
2015/04/22,0,284000,-376000,-92000
2015/04/23,0,865000,-602000,263000
2015/04/24,0,180000,-603000,-423000
2015/04/27,0,341000,-303000,38000
2015/04/28,0,761000,-54000,707000
2015/04/29,0,470000,-162000,308000
2015/04/30,0,331000,-329000,2000
2015/05/01,0,0,0,0
2015/05/04,0,30000,-105000,-75000
2015/05/05,0,357000,-348000,9000
2015/05/06,0,230000,-444000,-214000
2015/05/07,0,548000,-796000,-248000
2015/05/08,0,893000,-359000,534000
2015/05/11,0,528000,-42000,486000
2015/05/12,0,157000,-78000,79000
2015/05/13,0,637000,-36000,601000
2015/05/14,0,103000,-365000,-262000
2015/05/15,0,253000,-333000,-80000
2015/05/18,0,772000,-40000,732000
2015/05/19,0,1061000,-493000,568000
2015/05/20,0,221000,-591000,-370000
2015/05/21,0,168000,-504587,-336587
2015/05/22,0,121000,-294000,-173000
2015/05/25,0,128000,-25000,103000
2015/05/26,0,162000,-110000,52000
2015/05/27,0,175000,-100000,75000
2015/05/28,0,319000,-200000,119000
2015/05/29,0,26000,-69000,-43000
2015/06/01,0,122000,-1060000,-938000
2015/06/02,0,366000,-133000,233000
2015/06/03,0,489000,-662000,-173000
2015/06/04,0,336000,-458000,-122000
2015/06/05,0,627000,-474000,153000
2015/06/08,0,411000,-60000,351000
2015/06/09,0,219000,-194000,25000
2015/06/10,0,155000,-989000,-834000
2015/06/11,0,600000,-100000,500000
2015/06/12,0,219000,-172000,47000
2015/06/15,0,290000,-217000,73000
2015/06/16,0,236000,-116000,120000
2015/06/17,0,156000,-214000,-58000
2015/06/18,0,53000,-89000,-36000
2015/06/19,0,0,0,0
2015/06/22,0,1093000,-1290000,-197000
2015/06/23,0,122000,-967000,-845000
2015/06/24,0,80000,-477000,-397000
2015/06/25,0,203000,-91000,112000
2015/06/26,0,24000,-17000,7000
2015/06/29,0,98000,-814000,-716000
2015/06/30,0,313000,-83000,230000
2015/07/01,0,442000,-70000,372000
2015/07/02,0,45000,-183000,-138000
2015/07/03,0,136000,-162000,-26000
2015/07/06,0,106000,-254000,-148000
2015/07/07,0,181000,-34000,147000
2015/07/08,0,133000,-620000,-487000
2015/07/09,0,757000,-54000,703000
2015/07/10,0,0,0,0
2015/07/13,0,285000,-405000,-120000
2015/07/14,0,510000,-380000,130000
2015/07/15,0,487000,-427000,60000
2015/07/16,0,160000,-611000,-451000
2015/07/17,0,2002000,-856000,1146000
2015/07/20,0,860000,-532000,328000
2015/07/21,0,2060000,-53000,2007000
2015/07/22,0,1021000,-378000,643000
2015/07/23,0,281000,-2375000,-2094000
2015/07/24,0,325000,-154000,171000
2015/07/27,0,400000,-1567000,-1167000
2015/07/28,0,800000,-182000,618000
2015/07/29,0,399000,-288000,111000
2015/07/30,0,2133000,-1260000,873000
2015/07/31,0,460000,-700000,-240000
2015/08/03,0,500000,-403000,97000
2015/08/04,0,684000,-271000,413000
2015/08/05,0,563000,-56000,507000
2015/08/06,0,227000,-284000,-57000
2015/08/07,0,321000,-121000,200000
2015/08/10,0,208000,-208000,0
2015/08/11,0,182000,-404000,-222000
2015/08/12,0,329000,-206000,123000
2015/08/13,0,45000,-280000,-235000
2015/08/14,0,49000,-2267000,-2218000
2015/08/17,0,216000,-900000,-684000
2015/08/18,0,261000,-521000,-260000
2015/08/19,0,293000,-315000,-22000
2015/08/20,0,1499000,-289000,1210000
2015/08/21,0,121000,-613458,-492458
2015/08/24,0,57000,-33000,24000
2015/08/25,0,4051000,-510000,3541000
2015/08/26,0,2202000,-880000,1322000
2015/08/27,0,1417000,-933000,484000
2015/08/28,0,632000,-639000,-7000
2015/08/31,0,2422000,-985000,1437000
2015/09/01,0,3064000,-592729,2471271
2015/09/02,0,1512000,-565000,947000
2015/09/03,0,727000,-891000,-164000
2015/09/04,0,791000,-487000,304000
2015/09/07,0,391000,-669000,-278000
2015/09/08,0,1742000,-569000,1173000
2015/09/09,0,1050000,-558000,492000
2015/09/10,0,983000,-681000,302000
2015/09/11,0,743000,-346000,397000
2015/09/14,0,2128000,-460000,1668000
2015/09/15,0,438000,-1100000,-662000
2015/09/16,0,576000,-1162000,-586000
2015/09/17,0,2266000,-853000,1413000
2015/09/18,0,610000,-3564000,-2954000
2015/09/21,0,907000,-563000,344000
2015/09/22,0,109000,-206000,-97000
2015/09/23,0,2715000,-1270519,1444481
2015/09/24,0,762000,-191446,570554
2015/09/25,0,751000,-142000,609000
2015/09/28,0,0,0,0
2015/09/29,0,0,0,0
2015/09/30,0,389000,-423499,-34499
2015/10/01,0,140000,-201000,-61000
2015/10/02,0,259000,-303000,-44000
2015/10/05,0,147000,-15000,132000
2015/10/06,0,100000,-35000,65000
2015/10/07,0,233000,-277000,-44000
2015/10/08,0,254000,-319000,-65000
2015/10/09,0,0,0,0
2015/10/12,0,339000,-310000,29000
2015/10/13,0,238000,-224000,14000
2015/10/14,0,21000,-71000,-50000
2015/10/15,0,1431000,-172528,1258472
2015/10/16,0,392000,-1008000,-616000
2015/10/19,0,169000,-280000,-111000
2015/10/20,0,94000,-224000,-130000
2015/10/21,0,137000,-2000,135000
2015/10/22,0,253000,-1200000,-947000
2015/10/23,0,275000,-276000,-1000
2015/10/26,0,252000,-286000,-34000
2015/10/27,0,39000,-363610,-324610
2015/10/28,0,24000,-434000,-410000
2015/10/29,0,101000,-298000,-197000
2015/10/30,0,44000,-479000,-435000
2015/11/02,0,87000,-101000,-14000
2015/11/03,0,374000,-310000,64000
2015/11/04,0,485000,-560000,-75000
2015/11/05,0,105000,-308000,-203000
2015/11/06,0,303000,-355000,-52000
2015/11/09,0,183000,-237000,-54000
2015/11/10,0,125000,-117000,8000
2015/11/11,0,149515,-521074,-371559
2015/11/12,0,100000,-187000,-87000
2015/11/13,0,116000,-82000,34000
2015/11/16,0,220000,-232000,-12000
2015/11/17,0,172000,-131000,41000
2015/11/18,0,115000,-117000,-2000
2015/11/19,0,265000,-91000,174000
2015/11/20,0,88000,-66000,22000
2015/11/23,0,6000,-27000,-21000
2015/11/24,0,103000,-57000,46000
2015/11/25,0,16000,-49000,-33000
2015/11/26,0,477000,-238000,239000
2015/11/27,0,301000,-331000,-30000
2015/11/30,0,255000,-271000,-16000
2015/12/01,0,75000,-86000,-11000
2015/12/02,0,266000,-194000,72000
2015/12/03,0,168000,-56000,112000
2015/12/04,0,35000,-144000,-109000
2015/12/07,0,261000,-90000,171000
2015/12/08,0,52000,-189000,-137000
2015/12/09,0,107000,-17000,90000
2015/12/10,0,170000,-243000,-73000
2015/12/11,0,170000,-267000,-97000
2015/12/14,0,938000,-715000,223000
2015/12/15,0,1666000,-106000,1560000
2015/12/16,0,2060000,-314000,1746000
2015/12/17,0,333000,-447000,-114000
2015/12/18,0,410000,-133000,277000
2015/12/21,0,360000,-370000,-10000
2015/12/22,0,220000,-282000,-62000
2015/12/23,0,2922000,-1121000,1801000
2015/12/24,0,947000,-76000,871000
2015/12/25,0,719000,-13000,706000
2015/12/28,0,940000,-184000,756000
2015/12/29,0,1581000,-197000,1384000
2015/12/30,0,600000,-169000,431000
2015/12/31,0,514000,-10000,504000
2016/01/01,0,0,0,0
2016/01/04,0,1146000,-298000,848000
2016/01/05,0,430000,-212000,218000
2016/01/06,0,744000,-235000,509000
2016/01/07,0,870000,-88000,782000
2016/01/08,0,905000,-76000,829000
2016/01/11,0,272000,-62000,210000
2016/01/12,0,126000,-254000,-128000
2016/01/13,0,502000,-135000,367000
2016/01/14,0,375000,-36000,339000
2016/01/15,0,1290000,-364000,926000
2016/01/18,0,1255000,-4000,1251000
2016/01/19,0,1253000,-721000,532000
2016/01/20,0,1388000,-488000,900000
2016/01/21,0,2589000,-65000,2524000
2016/01/22,0,506000,-1021000,-515000
2016/01/25,0,302000,-39000,263000
2016/01/26,0,146000,-756000,-610000
2016/01/27,0,71000,-249000,-178000
2016/01/28,0,93000,-2498000,-2405000
2016/01/29,0,12000,-759000,-747000
2016/02/01,0,145000,-1426000,-1281000
2016/02/02,0,184000,-694000,-510000
2016/02/03,0,5000,-529000,-524000
2016/02/04,0,0,0,0
2016/02/05,0,0,0,0
2016/02/08,0,0,0,0
2016/02/09,0,0,0,0
2016/02/10,0,0,0,0
2016/02/11,0,0,0,0
2016/02/12,0,0,0,0
2016/02/15,0,115000,-222000,-107000
2016/02/16,0,138000,-28000,110000
2016/02/17,0,925000,-80000,845000
2016/02/18,0,0,-212000,-212000
2016/02/19,0,73000,-256000,-183000
2016/02/22,0,54000,-431000,-377000
2016/02/23,0,10000,-198000,-188000
2016/02/24,0,1451000,-2108000,-657000
2016/02/25,0,333000,-3126000,-2793000
2016/02/26,0,312000,-1933000,-1621000
2016/02/29,0,0,0,0
2016/03/01,0,87000,-99000,-12000
2016/03/02,0,32000,-776000,-744000
2016/03/03,0,47000,-639000,-592000
2016/03/04,0,41000,-281000,-240000
2016/03/07,0,34000,-592000,-558000
2016/03/08,0,27000,-1604000,-1577000
2016/03/09,0,492000,-1102000,-610000
2016/03/10,0,411000,-931000,-520000
2016/03/11,0,77000,-1992000,-1915000
2016/03/14,0,685000,-449000,236000
2016/03/15,0,95000,-558000,-463000
2016/03/16,0,228000,-121000,107000
2016/03/17,0,718000,-22000,696000
2016/03/18,0,1260000,-14000,1246000
2016/03/21,0,1377000,-148000,1229000
2016/03/22,0,1386000,-401000,985000
2016/03/23,0,565000,-4165000,-3600000
2016/03/24,0,320000,-91000,229000
2016/03/25,0,577000,-2475000,-1898000
2016/03/28,0,658000,-796000,-138000
2016/03/29,0,1950000,-1775804,174196
2016/03/30,0,290000,-304000,-14000
2016/03/31,0,33000,-53000,-20000
2016/04/01,0,97000,-164000,-67000
2016/04/04,0,0,0,0
2016/04/05,0,0,0,0
2016/04/06,0,58000,-58000,0
2016/04/07,0,93000,-41000,52000
2016/04/08,0,93000,-52000,41000
2016/04/11,0,60000,-19000,41000
2016/04/12,0,68520,-65000,3520
2016/04/13,0,158000,-46000,112000
2016/04/14,0,13000,-30000,-17000
2016/04/15,0,34000,-66000,-32000
2016/04/18,0,34000,-33000,1000
2016/04/19,0,133000,-56000,77000
2016/04/20,0,498000,-263000,235000
2016/04/21,0,64000,-100000,-36000
2016/04/22,0,50000,-278435,-228435
2016/04/25,0,80000,-88000,-8000
2016/04/26,0,9000,-93000,-84000
2016/04/27,0,49000,-32000,17000
2016/04/28,0,81000,-156000,-75000
2016/04/29,0,103000,-171000,-68000
2016/05/02,0,0,0,0
2016/05/03,0,281000,-229000,52000
2016/05/04,0,200000,-227000,-27000
2016/05/05,0,288000,-122000,166000
2016/05/06,0,242000,-64000,178000
2016/05/09,0,96000,-173000,-77000
2016/05/10,0,311000,-87000,224000
2016/05/11,0,62000,-109000,-47000
2016/05/12,0,114000,-169000,-55000
2016/05/13,0,225000,-147000,78000
2016/05/16,0,551000,-478000,73000
2016/05/17,0,439000,-304000,135000
2016/05/18,0,89000,-503000,-414000
2016/05/19,0,125000,-143000,-18000
2016/05/20,0,386000,-243000,143000
2016/05/23,0,2402000,-373000,2029000
2016/05/24,0,1209000,-496000,713000
2016/05/25,0,377000,-200000,177000
2016/05/26,0,0,0,0
2016/05/27,0,10115000,-4842000,5273000
2016/05/30,0,160000,-910000,-750000
2016/05/31,0,21000,-102000,-81000
2016/06/01,0,0,-48000,-48000
2016/06/02,0,30000,-554000,-524000
2016/06/03,0,25000,-1029000,-1004000
2016/06/06,0,42000,-131000,-89000
2016/06/07,0,349000,-110000,239000
2016/06/08,0,412000,-46000,366000
2016/06/09,0,0,0,0
2016/06/10,0,0,0,0
2016/06/13,0,848000,-62000,786000
2016/06/14,0,39000,-120000,-81000
2016/06/15,0,308000,-93000,215000
2016/06/16,0,298000,-65000,233000
2016/06/17,0,391000,-41000,350000
2016/06/20,0,269000,-263000,6000
2016/06/21,0,1204000,-63000,1141000
2016/06/22,0,1067000,-35000,1032000
2016/06/23,0,16000,-1599000,-1583000
2016/06/24,0,94000,-686000,-592000
2016/06/27,0,52000,-212000,-160000
2016/06/28,0,4000,-35000,-31000
2016/06/29,0,122000,-35000,87000
2016/06/30,0,55000,-99000,-44000
2016/07/01,0,5000,-427000,-422000
2016/07/04,0,0,-140000,-140000
2016/07/05,0,1000,-217000,-216000
2016/07/06,0,0,-389000,-389000
2016/07/07,0,0,-452000,-452000
2016/07/08,0,0,0,0
2016/07/11,0,16000,-153000,-137000
2016/07/12,0,0,-508000,-508000
2016/07/13,0,0,-424000,-424000
2016/07/14,0,0,-74000,-74000
2016/07/15,0,0,-89000,-89000
2016/07/18,0,0,-246000,-246000
2016/07/19,0,25000,-76000,-51000
2016/07/20,0,23000,-759000,-736000
2016/07/21,0,69000,-584000,-515000
2016/07/22,0,4000,-59000,-55000
2016/07/25,0,14000,-364000,-350000
2016/07/26,0,0,-108000,-108000
2016/07/27,0,5000,-84000,-79000
2016/07/28,0,9000,-66000,-57000
2016/07/29,0,0,-16000,-16000
2016/08/01,0,10000,-200000,-190000
2016/08/02,0,9000,-232000,-223000
2016/08/03,0,0,-201000,-201000
2016/08/04,0,5000,-109000,-104000
2016/08/05,0,0,-219000,-219000
2016/08/08,0,15000,-56000,-41000
2016/08/09,0,3000,-42000,-39000
2016/08/10,0,0,-24000,-24000
2016/08/11,0,1000,-159000,-158000
2016/08/12,0,2000,-9000,-7000
2016/08/15,0,24000,-494000,-470000
2016/08/16,0,0,-105000,-105000
2016/08/17,0,2000,-763000,-761000
2016/08/18,0,0,-75000,-75000
2016/08/19,0,0,-49000,-49000
2016/08/22,0,0,-82000,-82000
2016/08/23,0,20000,-10000,10000
2016/08/24,0,34000,-13000,21000
2016/08/25,0,81000,-65000,16000
2016/08/26,0,10000,-74000,-64000
2016/08/29,0,2000,-48000,-46000
2016/08/30,0,0,-337000,-337000
2016/08/31,0,104000,-367000,-263000
2016/09/01,0,97000,-334000,-237000
2016/09/02,0,2000,-27000,-25000
2016/09/05,0,25000,-31000,-6000
2016/09/06,0,16000,-49000,-33000
2016/09/07,0,21000,-41000,-20000
2016/09/08,0,0,-38000,-38000
2016/09/09,0,15000,-21000,-6000
2016/09/12,0,4000,-52000,-48000
2016/09/13,0,66000,-19000,47000
2016/09/14,0,6000,-88000,-82000
2016/09/15,0,0,0,0
2016/09/16,0,0,0,0
2016/09/19,0,38000,-38000,0
2016/09/20,0,1000,-22000,-21000
2016/09/21,0,0,-85000,-85000
2016/09/22,0,47000,-63000,-16000
2016/09/23,0,27000,-35000,-8000
2016/09/26,0,3000,-50000,-47000
2016/09/27,0,0,0,0
2016/09/28,0,0,0,0
2016/09/29,0,0,-26000,-26000
2016/09/30,0,17000,-11000,6000
2016/10/03,0,6000,-46000,-40000
2016/10/04,0,23000,-45000,-22000
2016/10/05,0,26000,-11000,15000
2016/10/06,0,18000,-12000,6000
2016/10/07,0,50000,-10000,40000
2016/10/10,0,0,0,0
2016/10/11,0,80000,-3000,77000
2016/10/12,0,64000,0,64000
2016/10/13,0,71000,-26000,45000
2016/10/14,0,80000,0,80000
2016/10/17,0,28000,-16000,12000
2016/10/18,0,37000,-3000,34000
2016/10/19,0,65000,-47000,18000
2016/10/20,0,56000,-36000,20000
2016/10/21,0,38000,-38000,0
2016/10/24,0,26000,0,26000
2016/10/25,0,42000,-3000,39000
2016/10/26,0,142000,0,142000
2016/10/27,0,25000,0,25000
2016/10/28,0,11000,-3000,8000
2016/10/31,0,53000,-5000,48000
2016/11/01,0,21000,0,21000
2016/11/02,0,95000,-4000,91000
2016/11/03,0,86000,0,86000
2016/11/04,0,87000,0,87000
2016/11/07,0,73000,-3000,70000
2016/11/08,0,12000,0,12000
2016/11/09,0,373000,-111000,262000
2016/11/10,0,34000,0,34000
2016/11/11,0,263000,0,263000
2016/11/14,0,171000,-28000,143000
2016/11/15,0,41000,-7000,34000
2016/11/16,0,505000,-31000,474000
2016/11/17,0,386000,-238000,148000
2016/11/18,0,117000,-3000,114000
2016/11/21,0,230000,-6000,224000
2016/11/22,0,401000,-4000,397000
2016/11/23,0,30000,0,30000
2016/11/24,0,34000,-20000,14000
2016/11/25,0,51000,-31460,19540
2016/11/28,0,300000,-5914,294086
2016/11/29,0,23000,-22503,497
2016/11/30,0,49000,-6000,43000
2016/12/01,0,6000,-11000,-5000
2016/12/02,0,74000,-15000,59000
2016/12/05,0,26000,-18000,8000
2016/12/06,0,164000,-10000,154000
2016/12/07,0,1000,-5000,-4000
2016/12/08,0,38000,-15000,23000
2016/12/09,0,1000,-10000,-9000
2016/12/12,0,29000,0,29000
2016/12/13,0,38000,0,38000
2016/12/14,0,0,0,0
2016/12/15,0,9000,0,9000
2016/12/16,0,16000,-5000,11000
2016/12/19,0,71000,-2000,69000
2016/12/20,0,83000,0,83000
2016/12/21,0,175000,0,175000
2016/12/22,0,151000,0,151000
2016/12/23,0,118000,-59000,59000
2016/12/26,0,33000,0,33000
2016/12/27,0,40000,0,40000
2016/12/28,0,42000,-8000,34000
2016/12/29,0,10000,0,10000
2016/12/30,0,1000,-15000,-14000
2017/01/02,0,0,0,0
2017/01/03,0,0,-59000,-59000
2017/01/04,0,0,-31000,-31000
2017/01/05,0,0,-36000,-36000
2017/01/06,0,0,-17000,-17000
2017/01/09,0,0,-3000,-3000
2017/01/10,0,0,-22000,-22000
2017/01/11,0,0,-33000,-33000
2017/01/12,0,0,-215000,-215000
2017/01/13,0,12000,-8000,4000
2017/01/16,0,23000,0,23000
2017/01/17,0,0,-2000,-2000
2017/01/18,0,91000,-267000,-176000
2017/01/19,0,8000,-16000,-8000
2017/01/20,0,0,-41000,-41000
2017/01/23,0,40000,-6000,34000
2017/01/24,0,0,-8000,-8000
2017/01/25,0,0,0,0
2017/01/26,0,0,0,0
2017/01/27,0,0,0,0
2017/01/30,0,0,0,0
2017/01/31,0,0,0,0
2017/02/01,0,0,0,0
2017/02/02,0,20000,-5000,15000
2017/02/03,0,98000,-17000,81000
2017/02/06,0,14000,-43000,-29000
2017/02/07,0,2000,-3000,-1000
2017/02/08,0,30000,-40000,-10000
2017/02/09,0,0,-6000,-6000
2017/02/10,0,29000,-52000,-23000
2017/02/13,0,0,-17000,-17000
2017/02/14,0,0,-43000,-43000
2017/02/15,0,2000,-103000,-101000
2017/02/16,0,1000,-164000,-163000
2017/02/17,0,0,-55000,-55000
2017/02/20,0,0,-24000,-24000
2017/02/21,0,6000,0,6000
2017/02/22,0,4000,-17000,-13000
2017/02/23,0,16000,-25000,-9000
2017/02/24,0,71000,0,71000
2017/02/27,0,0,0,0
2017/02/28,0,0,0,0
2017/03/01,0,1000,-13000,-12000
2017/03/02,0,18000,0,18000
2017/03/03,0,0,-12000,-12000
2017/03/06,0,60000,-1000,59000
2017/03/07,0,201000,0,201000
2017/03/08,0,0,-5000,-5000
2017/03/09,0,5000,-10000,-5000
2017/03/10,0,15000,0,15000
2017/03/13,0,12000,0,12000
2017/03/14,0,0,-136000,-136000
2017/03/15,0,18000,-113000,-95000
2017/03/16,0,20000,-25000,-5000
2017/03/17,0,31000,0,31000
2017/03/20,0,10000,-35000,-25000
2017/03/21,0,35000,-114000,-79000
2017/03/22,0,17000,0,17000
2017/03/23,0,50000,-5000,45000
2017/03/24,0,3000,-6000,-3000
2017/03/27,0,210000,0,210000
2017/03/28,0,70000,0,70000
2017/03/29,0,101000,0,101000
2017/03/30,0,2000,0,2000
2017/03/31,0,20000,-348000,-328000
2017/04/03,0,0,0,0
2017/04/04,0,0,0,0
2017/04/05,0,29000,-97000,-68000
2017/04/06,0,1000,0,1000
2017/04/07,0,0,-14000,-14000
2017/04/10,0,0,0,0
2017/04/11,0,25000,0,25000
2017/04/12,0,35000,-1000,34000
2017/04/13,0,10000,0,10000
2017/04/14,0,78000,0,78000
2017/04/17,0,114000,-5000,109000
2017/04/18,0,17000,-4000,13000
2017/04/19,0,64000,-36000,28000
2017/04/20,0,59000,-151000,-92000
2017/04/21,0,41000,-2000,39000
2017/04/24,0,8000,-4000,4000
2017/04/25,0,33000,0,33000
2017/04/26,0,0,0,0
2017/04/27,0,40000,0,40000
2017/04/28,0,0,-12000,-12000
2017/05/01,0,0,0,0
2017/05/02,0,0,-42000,-42000
2017/05/03,0,0,-30000,-30000
2017/05/04,0,0,-25000,-25000
2017/05/05,0,0,-35000,-35000
2017/05/08,0,7000,-28000,-21000
2017/05/09,0,0,-16586,-16586
2017/05/10,0,3000,-40000,-37000
2017/05/11,0,0,-4000,-4000
2017/05/12,0,2000,-10000,-8000
2017/05/15,0,0,0,0
2017/05/16,0,3000,-39000,-36000
2017/05/17,0,190000,-5000,185000
2017/05/18,0,28000,-3000,25000
2017/05/19,0,95000,-17000,78000
2017/05/22,0,20000,-118000,-98000
2017/05/23,0,39000,-1000,38000
2017/05/24,0,31000,-195000,-164000
2017/05/25,0,3000,-162000,-159000
2017/05/26,0,7000,-66000,-59000
2017/05/29,0,0,0,0
2017/05/30,0,0,0,0
2017/05/31,0,58000,-40000,18000
2017/06/01,0,0,-13000,-13000
2017/06/02,0,90000,0,90000
2017/06/05,0,22000,-44000,-22000
2017/06/06,0,0,-42893,-42893
2017/06/07,0,1000,-130000,-129000
2017/06/08,0,0,-16000,-16000
2017/06/09,0,0,-40000,-40000
2017/06/12,0,2000,-77000,-75000
2017/06/13,0,106000,-28000,78000
2017/06/14,0,37000,-27000,10000
2017/06/15,0,0,-23000,-23000
2017/06/16,0,7000,-19000,-12000
2017/06/19,0,129000,-64000,65000
2017/06/20,0,36000,-23000,13000
2017/06/21,0,152000,-313000,-161000
2017/06/22,0,48000,-14000,34000
2017/06/23,0,92000,-27000,65000
2017/06/26,0,165000,-27000,138000
2017/06/27,0,81000,-160000,-79000
2017/06/28,0,64000,-113000,-49000
2017/06/29,0,334000,-270000,64000
2017/06/30,0,205000,-374000,-169000
2017/07/03,0,70000,-14000,56000
2017/07/04,0,22000,-139000,-117000
2017/07/05,0,175000,-17000,158000
2017/07/06,0,0,-21000,-21000
2017/07/07,0,2000,-50000,-48000
2017/07/10,0,2000,-11000,-9000
2017/07/11,0,100000,0,100000
2017/07/12,0,3000,-90000,-87000
2017/07/13,0,0,-38000,-38000
2017/07/14,0,0,-21000,-21000
2017/07/17,0,0,-30000,-30000
2017/07/18,0,0,-7000,-7000
2017/07/19,0,13000,-48000,-35000
2017/07/20,0,69000,-1000,68000
2017/07/21,0,48000,0,48000
2017/07/24,0,8000,-11000,-3000
2017/07/25,0,42000,-224000,-182000
2017/07/26,0,0,-310000,-310000
2017/07/27,0,28000,-7000,21000
2017/07/28,0,110000,-1000,109000
2017/07/31,0,13000,0,13000
2017/08/01,0,561000,-10000,551000
2017/08/02,0,0,-556000,-556000
2017/08/03,0,4000,-24000,-20000
2017/08/04,0,0,-4000,-4000
2017/08/07,0,0,0,0
2017/08/08,0,0,-14000,-14000
2017/08/09,0,7000,-108000,-101000
2017/08/10,0,83000,-46000,37000
2017/08/11,0,43000,0,43000
2017/08/14,0,53000,0,53000
2017/08/15,0,15000,-17000,-2000
2017/08/16,0,50000,-22000,28000
2017/08/17,0,110000,-24000,86000
2017/08/18,0,29000,0,29000
