Date,Open,Buy,Sell,Total
2007/01/02,0,1336000,-1490000,-154000
2007/01/03,0,100000,-238,99762
2007/01/04,0,65000,-1131043,-1066043
2007/01/05,0,0,0,0
2007/01/08,0,0,-1104000,-1104000
2007/01/09,0,710000,-30000,680000
2007/01/10,0,16000,-39640,-23640
2007/01/11,0,0,-99000,-99000
2007/01/12,0,2909000,-675941,2233059
2007/01/15,0,1820000,-800000,1020000
2007/01/16,0,1018000,-3971413,-2953413
2007/01/17,0,62000,0,62000
2007/01/18,0,0,-405000,-405000
2007/01/19,0,0,-205000,-205000
2007/01/22,0,735000,-72000,663000
2007/01/23,0,0,-396000,-396000
2007/01/24,0,274000,0,274000
2007/01/25,0,818000,0,818000
2007/01/26,0,74000,0,74000
2007/01/29,0,19000,-332000,-313000
2007/01/30,0,106000,0,106000
2007/01/31,0,13000,-2200000,-2187000
2007/02/01,0,375000,-300000,75000
2007/02/02,0,377000,0,377000
2007/02/05,0,440000,-302000,138000
2007/02/06,0,201000,-45000,156000
2007/02/07,0,48000,-300000,-252000
2007/02/08,0,532000,0,532000
2007/02/09,0,164000,-1426000,-1262000
2007/02/12,0,6000,-13000,-7000
2007/02/13,0,6000,-150000,-144000
2007/02/14,0,40000,-410000,-370000
2007/02/15,0,0,0,0
2007/02/16,0,0,0,0
2007/02/19,0,0,0,0
2007/02/20,0,0,0,0
2007/02/21,0,0,0,0
2007/02/22,0,0,0,0
2007/02/23,0,0,0,0
2007/02/26,0,510000,-1548000,-1038000
2007/02/27,0,63000,-1782000,-1719000
2007/02/28,0,0,0,0
2007/03/01,0,14000,0,14000
2007/03/02,0,7000,0,7000
2007/03/05,0,7000,-280000,-273000
2007/03/06,0,914000,-30000,884000
2007/03/07,0,168000,-107000,61000
2007/03/08,0,300000,-80000,220000
2007/03/09,0,385000,0,385000
2007/03/12,0,9000,-325000,-316000
2007/03/13,0,0,-131000,-131000
2007/03/14,0,0,-543000,-543000
2007/03/15,0,0,-228000,-228000
2007/03/16,0,0,-435000,-435000
2007/03/19,0,1000,0,1000
2007/03/20,0,141000,-10000,131000
2007/03/21,0,0,-190000,-190000
2007/03/22,0,0,-158000,-158000
2007/03/23,0,150000,-121000,29000
2007/03/26,0,0,-4000,-4000
2007/03/27,0,0,-101000,-101000
2007/03/28,0,415000,-583000,-168000
2007/03/29,0,0,-2000,-2000
2007/03/30,0,0,-1465000,-1465000
2007/04/02,0,0,-2368865,-2368865
2007/04/03,0,28000,-1784000,-1756000
2007/04/04,0,0,-2614000,-2614000
2007/04/05,0,0,0,0
2007/04/06,0,0,0,0
2007/04/09,0,0,-184000,-184000
2007/04/10,0,48000,-1789000,-1741000
2007/04/11,0,3000,-201006,-198006
2007/04/12,0,0,-67000,-67000
2007/04/13,0,0,-757000,-757000
2007/04/16,0,108000,-115000,-7000
2007/04/17,0,47000,-525000,-478000
2007/04/18,0,0,-541000,-541000
2007/04/19,0,0,-2151000,-2151000
2007/04/20,0,640000,-1060632,-420632
2007/04/23,0,102000,-300000,-198000
2007/04/24,0,0,-293000,-293000
2007/04/25,0,0,-50000,-50000
2007/04/26,0,826000,-193000,633000
2007/04/27,0,60000,0,60000
2007/04/30,0,0,-85101,-85101
2007/05/01,0,0,0,0
2007/05/02,0,120000,0,120000
2007/05/03,0,60000,0,60000
2007/05/04,0,80000,0,80000
2007/05/07,0,0,-100000,-100000
2007/05/08,0,0,-2103,-2103
2007/05/09,0,0,-415000,-415000
2007/05/10,0,0,-544000,-544000
2007/05/11,0,0,-737000,-737000
2007/05/14,0,11000,-61000,-50000
2007/05/15,0,126000,-16000,110000
2007/05/16,0,110000,-29000,81000
2007/05/17,0,0,-75000,-75000
2007/05/18,0,600000,-153000,447000
2007/05/21,0,210000,-14000,196000
2007/05/22,0,48000,-400000,-352000
2007/05/23,0,135000,-122000,13000
2007/05/24,0,0,-964000,-964000
2007/05/25,0,1000,0,1000
2007/05/28,0,0,0,0
2007/05/29,0,0,0,0
2007/05/30,0,591000,0,591000
2007/05/31,0,0,-660000,-660000
2007/06/01,0,0,0,0
2007/06/04,0,3000,-277000,-274000
2007/06/05,0,0,-857000,-857000
2007/06/06,0,403000,-263000,140000
2007/06/07,0,200000,-400000,-200000
2007/06/08,0,200000,-40000,160000
2007/06/11,0,55000,-215000,-160000
2007/06/12,0,3000,-306000,-303000
2007/06/13,0,0,-40000,-40000
2007/06/14,0,0,-219000,-219000
2007/06/15,0,475000,0,475000
2007/06/18,0,0,0,0
2007/06/19,0,0,0,0
2007/06/20,0,0,-1000,-1000
2007/06/21,0,0,-4000,-4000
2007/06/22,0,0,0,0
2007/06/25,0,327000,-493000,-166000
2007/06/26,0,50000,-60000,-10000
2007/06/27,0,50000,-505000,-455000
2007/06/28,0,0,-150000,-150000
2007/06/29,0,31000,0,31000
2007/07/02,0,0,0,0
2007/07/03,0,80000,-300000,-220000
2007/07/04,0,61000,-195000,-134000
2007/07/05,0,690000,-400000,290000
2007/07/06,0,337000,0,337000
2007/07/09,0,241000,-360000,-119000
2007/07/10,0,1000,0,1000
2007/07/11,0,5000,-80000,-75000
2007/07/12,0,0,-122000,-122000
2007/07/13,0,0,-100000,-100000
2007/07/16,0,80000,-970000,-890000
2007/07/17,0,60000,-330000,-270000
2007/07/18,0,8000,-736000,-728000
2007/07/19,0,4000,-550000,-546000
2007/07/20,0,8000,-86159,-78159
2007/07/23,0,0,0,0
2007/07/24,0,1000,-302000,-301000
2007/07/25,0,1000,-350000,-349000
2007/07/26,0,15000,-15000,0
2007/07/27,0,5000,-415000,-410000
2007/07/30,0,504000,-327000,177000
2007/07/31,0,3850000,-3000,3847000
2007/08/01,0,821000,-132000,689000
2007/08/02,0,3000,-2000,1000
2007/08/03,0,5367000,-7000,5360000
2007/08/06,0,417000,0,417000
2007/08/07,0,161000,0,161000
2007/08/08,0,487000,-2920000,-2433000
2007/08/09,0,186000,-540000,-354000
2007/08/10,0,10000,-820000,-810000
2007/08/13,0,0,-2000,-2000
2007/08/14,0,395000,-25000,370000
2007/08/15,0,69000,-16000,53000
2007/08/16,0,2438000,-532000,1906000
2007/08/17,0,1851000,-682000,1169000
2007/08/20,0,1880000,-107851,1772149
2007/08/21,0,451000,-1965000,-1514000
2007/08/22,0,44000,-2000,42000
2007/08/23,0,604000,-1342000,-738000
2007/08/24,0,0,-732000,-732000
2007/08/27,0,4000,-2014000,-2010000
2007/08/28,0,0,-500000,-500000
2007/08/29,0,0,-429000,-429000
2007/08/30,0,3115000,0,3115000
2007/08/31,0,0,-413000,-413000
2007/09/03,0,16000,-1668000,-1652000
2007/09/04,0,40000,-638000,-598000
2007/09/05,0,0,-50986,-50986
2007/09/06,0,0,-6451,-6451
2007/09/07,0,2000,-3023296,-3021296
2007/09/10,0,0,-514000,-514000
2007/09/11,0,0,-546681,-546681
2007/09/12,0,2000,0,2000
2007/09/13,0,0,-270000,-270000
2007/09/14,0,0,-7891,-7891
2007/09/17,0,0,-416000,-416000
2007/09/18,0,0,0,0
2007/09/19,0,112000,-607000,-495000
2007/09/20,0,606000,0,606000
2007/09/21,0,105000,0,105000
2007/09/24,0,0,0,0
2007/09/25,0,0,0,0
2007/09/26,0,162000,-7000,155000
2007/09/27,0,168000,0,168000
2007/09/28,0,0,-1007674,-1007674
2007/10/01,0,35000,-116000,-81000
2007/10/02,0,92000,-30000,62000
2007/10/03,0,17000,-51000,-34000
2007/10/04,0,615000,0,615000
2007/10/05,0,0,-348000,-348000
2007/10/08,0,80000,-84000,-4000
2007/10/09,0,6000,-15016,-9016
2007/10/10,0,0,0,0
2007/10/11,0,32000,0,32000
2007/10/12,0,0,0,0
2007/10/15,0,53000,-3000,50000
2007/10/16,0,3000,0,3000
2007/10/17,0,0,-20000,-20000
2007/10/18,0,144000,-250000,-106000
2007/10/19,0,0,-1773000,-1773000
2007/10/22,0,1000,-750000,-749000
2007/10/23,0,3000,-496734,-493734
2007/10/24,0,0,-1288088,-1288088
2007/10/25,0,3000,-250000,-247000
2007/10/26,0,85000,0,85000
2007/10/29,0,171000,0,171000
2007/10/30,0,2000,0,2000
2007/10/31,0,22000,-117631,-95631
2007/11/01,0,212000,-406578,-194578
2007/11/02,0,873000,0,873000
2007/11/05,0,3761000,-5000,3756000
2007/11/06,0,24000,0,24000
2007/11/07,0,626000,0,626000
2007/11/08,0,104000,0,104000
2007/11/09,0,604000,-25000,579000
2007/11/12,0,394000,-135000,259000
2007/11/13,0,161000,-2000,159000
2007/11/14,0,5337000,-4000,5333000
2007/11/15,0,78000,-73000,5000
2007/11/16,0,630000,0,630000
2007/11/19,0,1098000,-22000,1076000
2007/11/20,0,2413000,-1000,2412000
2007/11/21,0,669000,-1000,668000
2007/11/22,0,3128000,0,3128000
2007/11/23,0,5948000,-105000,5843000
2007/11/26,0,3388000,0,3388000
2007/11/27,0,2082000,0,2082000
2007/11/28,0,880000,0,880000
2007/11/29,0,744000,0,744000
2007/11/30,0,2176000,-25000,2151000
2007/12/03,0,1488000,0,1488000
2007/12/04,0,1944000,0,1944000
2007/12/05,0,424000,-1085000,-661000
2007/12/06,0,980000,0,980000
2007/12/07,0,850000,-5000,845000
2007/12/10,0,207000,0,207000
2007/12/11,0,540000,-51000,489000
2007/12/12,0,797000,0,797000
2007/12/13,0,1077000,-500000,577000
2007/12/14,0,191000,-485000,-294000
2007/12/17,0,0,-1000,-1000
2007/12/18,0,1625000,-200138,1424862
2007/12/19,0,4071000,-2000,4069000
2007/12/20,0,630000,-35000,595000
2007/12/21,0,1150000,-1000,1149000
2007/12/24,0,1256000,-21000,1235000
2007/12/25,0,3560000,-801000,2759000
2007/12/26,0,122000,-106000,16000
2007/12/27,0,1651000,-54000,1597000
2007/12/28,0,0,-2549000,-2549000
2007/12/31,0,200000,-100000,100000
2008/01/01,0,0,0,0
2008/01/02,0,20000,-737000,-717000
2008/01/03,0,3000,-421000,-418000
2008/01/04,0,0,-776000,-776000
2008/01/07,0,1000,-6834000,-6833000
2008/01/08,0,4000,-4436950,-4432950
2008/01/09,0,889000,-4817063,-3928063
2008/01/10,0,1229000,-120000,1109000
2008/01/11,0,671000,-155000,516000
2008/01/14,0,1000,0,1000
2008/01/15,0,1000,-180135,-179135
2008/01/16,0,0,-700000,-700000
2008/01/17,0,26000,-630000,-604000
2008/01/18,0,1498000,-52000,1446000
2008/01/21,0,2311000,-111183,2199817
2008/01/22,0,0,0,0
2008/01/23,0,310000,0,310000
2008/01/24,0,1647000,-41000,1606000
2008/01/25,0,2056000,-886905,1169095
2008/01/28,0,6369000,0,6369000
2008/01/29,0,2379000,0,2379000
2008/01/30,0,3487000,-564000,2923000
2008/01/31,0,2351000,-700000,1651000
2008/02/01,0,719000,-2320000,-1601000
2008/02/04,0,0,0,0
2008/02/05,0,0,0,0
2008/02/06,0,0,0,0
2008/02/07,0,0,0,0
2008/02/08,0,0,0,0
2008/02/11,0,0,0,0
2008/02/12,0,48000,-3232000,-3184000
2008/02/13,0,1087000,-475000,612000
2008/02/14,0,1201000,0,1201000
2008/02/15,0,455000,-300000,155000
2008/02/18,0,128000,-495000,-367000
2008/02/19,0,192000,-128000,64000
2008/02/20,0,300000,-911000,-611000
2008/02/21,0,0,-1424000,-1424000
2008/02/22,0,0,-406000,-406000
2008/02/25,0,102000,-1126000,-1024000
2008/02/26,0,326000,-25000,301000
2008/02/27,0,643000,-94000,549000
2008/02/28,0,0,0,0
2008/02/29,0,0,-1854000,-1854000
2008/03/03,0,49000,-873000,-824000
2008/03/04,0,128000,-482742,-354742
2008/03/05,0,1000,-851000,-850000
2008/03/06,0,528000,-1431000,-903000
2008/03/07,0,200000,-4398000,-4198000
2008/03/10,0,1004000,-4936000,-3932000
2008/03/11,0,946000,-649154,296846
2008/03/12,0,751000,-51000,700000
2008/03/13,0,50000,0,50000
2008/03/14,0,259000,0,259000
2008/03/17,0,353000,-2000,351000
2008/03/18,0,853000,-790000,63000
2008/03/19,0,2869000,-250000,2619000
2008/03/20,0,885000,0,885000
2008/03/21,0,4007000,-326000,3681000
2008/03/24,0,7000,-5743000,-5736000
2008/03/25,0,784000,-518000,266000
2008/03/26,0,124000,-528000,-404000
2008/03/27,0,5000,-710000,-705000
2008/03/28,0,6000,-1000000,-994000
2008/03/31,0,4000,-2954000,-2950000
2008/04/01,0,1082000,-2558000,-1476000
2008/04/02,0,1472000,0,1472000
2008/04/03,0,401000,-4420000,-4019000
2008/04/04,0,0,0,0
2008/04/07,0,202000,-1314000,-1112000
2008/04/08,0,2000,-3422000,-3420000
2008/04/09,0,3000,-3538000,-3535000
2008/04/10,0,336000,-1403000,-1067000
2008/04/11,0,181000,-2000,179000
2008/04/14,0,316000,-252000,64000
2008/04/15,0,51000,-500000,-449000
2008/04/16,0,868000,-7000,861000
2008/04/17,0,140000,-3000,137000
2008/04/18,0,587000,-335000,252000
2008/04/21,0,56000,-200000,-144000
2008/04/22,0,123000,-340000,-217000
2008/04/23,0,4000,-1112000,-1108000
2008/04/24,0,5000,-1813000,-1808000
2008/04/25,0,2000,-559000,-557000
2008/04/28,0,37000,0,37000
2008/04/29,0,4000,-150000,-146000
2008/04/30,0,900000,-11000,889000
2008/05/01,0,0,0,0
2008/05/02,0,383000,-1825585,-1442585
2008/05/05,0,10000,-1005000,-995000
2008/05/06,0,440000,-565000,-125000
2008/05/07,0,308000,-1916000,-1608000
2008/05/08,0,265000,-77000,188000
2008/05/09,0,72000,-38000,34000
2008/05/12,0,959000,-30000,929000
2008/05/13,0,3408000,-23000,3385000
2008/05/14,0,1579000,0,1579000
2008/05/15,0,3648000,0,3648000
2008/05/16,0,2720000,0,2720000
2008/05/19,0,0,-8000,-8000
2008/05/20,0,2600000,-509000,2091000
2008/05/21,0,0,-47000,-47000
2008/05/22,0,8000,-50000,-42000
2008/05/23,0,6000,-54000,-48000
2008/05/26,0,100000,-86000,14000
2008/05/27,0,727000,0,727000
2008/05/28,0,9000,0,9000
2008/05/29,0,18000,0,18000
2008/05/30,0,835000,0,835000
2008/06/02,0,10000,0,10000
2008/06/03,0,0,-80065,-80065
2008/06/04,0,204000,0,204000
2008/06/05,0,2000,0,2000
2008/06/06,0,2000,0,2000
2008/06/09,0,3000,-400000,-397000
2008/06/10,0,27000,0,27000
2008/06/11,0,1129000,0,1129000
2008/06/12,0,609000,0,609000
2008/06/13,0,108000,0,108000
2008/06/16,0,10000,-864000,-854000
2008/06/17,0,89000,-179000,-90000
2008/06/18,0,0,-122000,-122000
2008/06/19,0,0,-9000,-9000
2008/06/20,0,61000,-1000,60000
2008/06/23,0,18000,0,18000
2008/06/24,0,805000,-380000,425000
2008/06/25,0,832000,-1072000,-240000
2008/06/26,0,0,0,0
2008/06/27,0,2000,0,2000
2008/06/30,0,14000,0,14000
2008/07/01,0,407000,0,407000
2008/07/02,0,0,-3000,-3000
2008/07/03,0,276000,-90000,186000
2008/07/04,0,18000,-135000,-117000
2008/07/07,0,18000,-70000,-52000
2008/07/08,0,64000,-200000,-136000
2008/07/09,0,0,-7000,-7000
2008/07/10,0,600000,-72000,528000
2008/07/11,0,13000,0,13000
2008/07/14,0,2000,0,2000
2008/07/15,0,252000,-16000,236000
2008/07/16,0,2580000,-1000,2579000
2008/07/17,0,3215000,-80000,3135000
2008/07/18,0,3985000,-141000,3844000
2008/07/21,0,1523000,0,1523000
2008/07/22,0,571000,-1000,570000
2008/07/23,0,583000,-26000,557000
2008/07/24,0,191000,-930000,-739000
2008/07/25,0,100000,-1081000,-981000
2008/07/28,0,0,0,0
2008/07/29,0,6000,-51000,-45000
2008/07/30,0,5000,-202000,-197000
2008/07/31,0,9000,0,9000
2008/08/01,0,1447000,0,1447000
2008/08/04,0,7000,0,7000
2008/08/05,0,1992000,0,1992000
2008/08/06,0,161000,-350000,-189000
2008/08/07,0,5383000,-1711872,3671128
2008/08/08,0,3786000,-459000,3327000
2008/08/11,0,2456000,0,2456000
2008/08/12,0,457000,-1803000,-1346000
2008/08/13,0,758000,-399000,359000
2008/08/14,0,767000,-8000,759000
2008/08/15,0,1691000,-410000,1281000
2008/08/18,0,117000,-164000,-47000
2008/08/19,0,553000,-25000,528000
2008/08/20,0,53000,-236000,-183000
2008/08/21,0,238000,-112000,126000
2008/08/22,0,152000,0,152000
2008/08/25,0,227000,-40000,187000
2008/08/26,0,235000,-73000,162000
2008/08/27,0,297000,-255000,42000
2008/08/28,0,170000,-100000,70000
2008/08/29,0,320000,-9000,311000
2008/09/01,0,622000,-2877000,-2255000
2008/09/02,0,1491000,-197893,1293107
2008/09/03,0,1114000,-3195000,-2081000
2008/09/04,0,1673000,-2458340,-785340
2008/09/05,0,552000,0,552000
2008/09/08,0,729000,-250500,478500
2008/09/09,0,1172000,0,1172000
2008/09/10,0,453000,-1150240,-697240
2008/09/11,0,677000,-100000,577000
2008/09/12,0,137000,-570000,-433000
2008/09/15,0,15000,-741000,-726000
2008/09/16,0,1404000,-2553000,-1149000
2008/09/17,0,2146000,-453691,1692309
2008/09/18,0,6000,0,6000
2008/09/19,0,168000,-25030,142970
2008/09/22,0,320000,-170500,149500
2008/09/23,0,1091000,-1327000,-236000
2008/09/24,0,23000,-1142000,-1119000
2008/09/25,0,356000,-16000,340000
2008/09/26,0,914000,-300000,614000
2008/09/29,0,0,0,0
2008/09/30,0,293000,0,293000
2008/10/01,0,493000,-2216800,-1723800
2008/10/02,0,1272000,-461418,810582
2008/10/03,0,801000,-117000,684000
2008/10/06,0,148000,-17000,131000
2008/10/07,0,100000,-1171000,-1071000
2008/10/08,0,5000,-645000,-640000
2008/10/09,0,112000,-626600,-514600
2008/10/10,0,0,0,0
2008/10/13,0,613000,-200000,413000
2008/10/14,0,100000,0,100000
2008/10/15,0,80000,-260000,-180000
2008/10/16,0,7000,-50880,-43880
2008/10/17,0,497000,-264000,233000
2008/10/20,0,0,-117000,-117000
2008/10/21,0,79000,-1463000,-1384000
2008/10/22,0,0,-537000,-537000
2008/10/23,0,11000,-218000,-207000
2008/10/24,0,146000,-445500,-299500
2008/10/27,0,378000,-1865000,-1487000
2008/10/28,0,205000,-250000,-45000
2008/10/29,0,100000,-161890,-61890
2008/10/30,0,7304000,-191000,7113000
2008/10/31,0,4947000,-151500,4795500
2008/11/03,0,421000,-3121000,-2700000
2008/11/04,0,118000,-2662500,-2544500
2008/11/05,0,75000,-4309000,-4234000
2008/11/06,0,5000,-2448000,-2443000
2008/11/07,0,90000,-2996200,-2906200
2008/11/10,0,8000,0,8000
2008/11/11,0,139000,-175900,-36900
2008/11/12,0,1000,-255000,-254000
2008/11/13,0,5000,-2991800,-2986800
2008/11/14,0,1021000,0,1021000
2008/11/17,0,221000,-147000,74000
2008/11/18,0,743000,0,743000
2008/11/19,0,21000,-300000,-279000
2008/11/20,0,3000,-242538,-239538
2008/11/21,0,164000,-481000,-317000
2008/11/24,0,17000,-392990,-375990
2008/11/25,0,354000,-3789419,-3435419
2008/11/26,0,172000,-1200000,-1028000
2008/11/27,0,4292000,0,4292000
2008/11/28,0,396000,-13000,383000
2008/12/01,0,4000,-313581,-309581
2008/12/02,0,0,-503000,-503000
2008/12/03,0,490000,-1537500,-1047500
2008/12/04,0,3669000,-4139000,-470000
2008/12/05,0,622000,-600000,22000
2008/12/08,0,13000,-37000,-24000
2008/12/09,0,2020000,-948000,1072000
2008/12/10,0,5051000,-6000,5045000
2008/12/11,0,4140000,-375000,3765000
2008/12/12,0,1500000,-804000,696000
2008/12/15,0,50000,0,50000
2008/12/16,0,7342000,-1394500,5947500
2008/12/17,0,1717000,-102000,1615000
2008/12/18,0,901000,-1156567,-255567
2008/12/19,0,58000,-1458000,-1400000
2008/12/22,0,2185000,-9814000,-7629000
2008/12/23,0,45000,-2394000,-2349000
2008/12/24,0,48000,-1441930,-1393930
2008/12/25,0,0,-556000,-556000
2008/12/26,0,731000,-34000,697000
2008/12/29,0,2526000,-245000,2281000
2008/12/30,0,1413000,-400000,1013000
2008/12/31,0,600000,-83000,517000
2009/01/01,0,0,0,0
2009/01/02,0,0,0,0
2009/01/05,0,925000,-1520000,-595000
2009/01/06,0,473000,-2525000,-2052000
2009/01/07,0,1345000,0,1345000
2009/01/08,0,156000,-285000,-129000
2009/01/09,0,371000,-1578000,-1207000
2009/01/12,0,201000,-73000,128000
2009/01/13,0,450000,0,450000
2009/01/14,0,950000,-309000,641000
2009/01/15,0,160000,-206000,-46000
2009/01/16,0,282000,-77000,205000
2009/01/19,0,1160000,-532000,628000
2009/01/20,0,219000,-16000,203000
2009/01/21,0,15000,-1000000,-985000
2009/01/22,0,0,0,0
2009/01/23,0,0,0,0
2009/01/26,0,0,0,0
2009/01/27,0,0,0,0
2009/01/28,0,0,0,0
2009/01/29,0,0,0,0
2009/01/30,0,0,0,0
2009/02/02,0,750000,-87000,663000
2009/02/03,0,900000,-80000,820000
2009/02/04,0,805000,-391360,413640
2009/02/05,0,2703000,-638000,2065000
2009/02/06,0,454000,-95000,359000
2009/02/09,0,1908000,-397700,1510300
2009/02/10,0,1861000,-379000,1482000
2009/02/11,0,3162000,-301000,2861000
2009/02/12,0,1680000,-1192000,488000
2009/02/13,0,1499000,-105000,1394000
2009/02/16,0,1399000,-750000,649000
2009/02/17,0,17000,-915000,-898000
2009/02/18,0,2057000,-8000,2049000
2009/02/19,0,2389000,-2053000,336000
2009/02/20,0,610000,-662000,-52000
2009/02/23,0,1404000,-92000,1312000
2009/02/24,0,775000,-2116000,-1341000
2009/02/25,0,660000,-105000,555000
2009/02/26,0,1000,-208000,-207000
2009/02/27,0,0,-1000,-1000
2009/03/02,0,1954000,0,1954000
2009/03/03,0,1997000,0,1997000
2009/03/04,0,4972000,-2000,4970000
2009/03/05,0,1044000,-1836000,-792000
2009/03/06,0,1418000,-1187000,231000
2009/03/09,0,224000,-343000,-119000
2009/03/10,0,107000,-1321000,-1214000
2009/03/11,0,218000,-432000,-214000
2009/03/12,0,574000,-104000,470000
2009/03/13,0,17000,-11000,6000
2009/03/16,0,1175000,-1524000,-349000
2009/03/17,0,0,-3344000,-3344000
2009/03/18,0,0,-3534040,-3534040
2009/03/19,0,0,-1671000,-1671000
2009/03/20,0,200000,-531000,-331000
2009/03/23,0,450000,-508000,-58000
2009/03/24,0,350000,-16000,334000
2009/03/25,0,623000,-498000,125000
2009/03/26,0,0,-1100000,-1100000
2009/03/27,0,0,-837000,-837000
2009/03/30,0,0,-2165000,-2165000
2009/03/31,0,111000,-4160000,-4049000
2009/04/01,0,0,-3215000,-3215000
2009/04/02,0,200000,-1690000,-1490000
2009/04/03,0,50000,-1648000,-1598000
2009/04/06,0,0,-829000,-829000
2009/04/07,0,606000,-1570000,-964000
2009/04/08,0,0,-1394000,-1394000
2009/04/09,0,108000,-167000,-59000
2009/04/10,0,0,0,0
2009/04/13,0,0,-1342000,-1342000
2009/04/14,0,0,-5903000,-5903000
2009/04/15,0,280000,-1902000,-1622000
2009/04/16,0,0,-6332000,-6332000
2009/04/17,0,263000,-194000,69000
2009/04/20,0,1772000,-258000,1514000
2009/04/21,0,806000,-250000,556000
2009/04/22,0,1803000,-2003000,-200000
2009/04/23,0,2000,-3000,-1000
2009/04/24,0,4532000,-54000,4478000
2009/04/27,0,2000,-150000,-148000
2009/04/28,0,665000,-30000,635000
2009/04/29,0,500000,-20000,480000
2009/04/30,0,200000,-207000,-7000
2009/05/01,0,0,0,0
2009/05/04,0,9000,-2000,7000
2009/05/05,0,1705000,0,1705000
2009/05/06,0,500000,-1014000,-514000
2009/05/07,0,509000,-1068000,-559000
2009/05/08,0,0,-898000,-898000
2009/05/11,0,14000,-1435000,-1421000
2009/05/12,0,800000,-140500,659500
2009/05/13,0,905000,-25000,880000
2009/05/14,0,0,-1400000,-1400000
2009/05/15,0,2022000,-2985000,-963000
2009/05/18,0,9000,0,9000
2009/05/19,0,3773000,-779000,2994000
2009/05/20,0,2078000,-1104000,974000
2009/05/21,0,5000,-500000,-495000
2009/05/22,0,504000,-166000,338000
2009/05/25,0,7000,-700000,-693000
2009/05/26,0,3962000,-326000,3636000
2009/05/27,0,3258000,-64000,3194000
2009/05/28,0,0,0,0
2009/05/29,0,0,0,0
2009/06/01,0,218000,-20000,198000
2009/06/02,0,0,-1754000,-1754000
2009/06/03,0,1480000,-850000,630000
2009/06/04,0,4243000,-1700000,2543000
2009/06/05,0,900000,-1000,899000
2009/06/08,0,20000,-800000,-780000
2009/06/09,0,3000,-2164000,-2161000
2009/06/10,0,0,-1821000,-1821000
2009/06/11,0,3449000,-69000,3380000
2009/06/12,0,372000,-3447000,-3075000
2009/06/15,0,5000,-1352000,-1347000
2009/06/16,0,513000,0,513000
2009/06/17,0,13000,-173000,-160000
2009/06/18,0,468000,0,468000
2009/06/19,0,45000,0,45000
2009/06/22,0,2788000,0,2788000
2009/06/23,0,501000,-174450,326550
2009/06/24,0,538000,-1748000,-1210000
2009/06/25,0,1000,-1254643,-1253643
2009/06/26,0,364000,0,364000
2009/06/29,0,26000,-547878,-521878
2009/06/30,0,250000,-346200,-96200
2009/07/01,0,83000,-3825000,-3742000
2009/07/02,0,800000,-1000,799000
2009/07/03,0,0,-1015000,-1015000
2009/07/06,0,397000,-3531000,-3134000
2009/07/07,0,61000,-1160650,-1099650
2009/07/08,0,0,-2000,-2000
2009/07/09,0,128000,-500960,-372960
2009/07/10,0,610000,-5000,605000
2009/07/13,0,27000,-606000,-579000
2009/07/14,0,0,-135000,-135000
2009/07/15,0,441000,-850000,-409000
2009/07/16,0,60000,-658000,-598000
2009/07/17,0,1472000,-925000,547000
2009/07/20,0,0,-1369000,-1369000
2009/07/21,0,2475000,-1049000,1426000
2009/07/22,0,0,-377000,-377000
2009/07/23,0,140000,-189000,-49000
2009/07/24,0,0,-579829,-579829
2009/07/27,0,0,-357000,-357000
2009/07/28,0,1140000,-5000,1135000
2009/07/29,0,451000,-20000,431000
2009/07/30,0,2000000,-528000,1472000
2009/07/31,0,1307000,-196000,1111000
2009/08/03,0,1148000,0,1148000
2009/08/04,0,1519000,-310000,1209000
2009/08/05,0,800000,0,800000
2009/08/06,0,55000,-606000,-551000
2009/08/07,0,0,0,0
2009/08/10,0,961000,-30000,931000
2009/08/11,0,520000,0,520000
2009/08/12,0,511000,-19000,492000
2009/08/13,0,0,-61000,-61000
2009/08/14,0,2004000,-1498000,506000
2009/08/17,0,500000,-2357000,-1857000
2009/08/18,0,1004000,-5000,999000
2009/08/19,0,720000,0,720000
2009/08/20,0,1764000,-4000,1760000
2009/08/21,0,2657000,-6000,2651000
2009/08/24,0,414000,-300000,114000
2009/08/25,0,110000,-150000,-40000
2009/08/26,0,40000,0,40000
2009/08/27,0,42000,-4590,37410
2009/08/28,0,0,0,0
2009/08/31,0,56000,0,56000
2009/09/01,0,66000,-397000,-331000
2009/09/02,0,130000,0,130000
2009/09/03,0,2788000,-354000,2434000
2009/09/04,0,1793000,-116000,1677000
2009/09/07,0,250000,-20000,230000
2009/09/08,0,242000,0,242000
2009/09/09,0,2266000,0,2266000
2009/09/10,0,1684000,0,1684000
2009/09/11,0,951000,0,951000
2009/09/14,0,2000,-148000,-146000
2009/09/15,0,3000,-84000,-81000
2009/09/16,0,2270000,-286000,1984000
2009/09/17,0,1000000,-442000,558000
2009/09/18,0,0,-690000,-690000
2009/09/21,0,0,-3239710,-3239710
2009/09/22,0,272000,-200000,72000
2009/09/23,0,180000,-202000,-22000
2009/09/24,0,0,0,0
2009/09/25,0,0,0,0
2009/09/28,0,5000,-1107000,-1102000
2009/09/29,0,6000,-1200000,-1194000
2009/09/30,0,531000,-5000,526000
2009/10/01,0,0,0,0
2009/10/02,0,40000,-20000,20000
2009/10/05,0,0,0,0
2009/10/06,0,0,-670000,-670000
2009/10/07,0,0,-600000,-600000
2009/10/08,0,0,-497000,-497000
2009/10/09,0,2000,-783480,-781480
2009/10/12,0,0,0,0
2009/10/13,0,7000,0,7000
2009/10/14,0,0,-675000,-675000
2009/10/15,0,2085000,-790000,1295000
2009/10/16,0,76000,-500000,-424000
2009/10/19,0,155000,0,155000
2009/10/20,0,47000,0,47000
2009/10/21,0,37000,-5000,32000
2009/10/22,0,36000,-747000,-711000
2009/10/23,0,0,-1188000,-1188000
2009/10/26,0,60000,-568000,-508000
2009/10/27,0,78000,-7000,71000
2009/10/28,0,0,-702000,-702000
2009/10/29,0,2000,-1002000,-1000000
2009/10/30,0,1100000,-1000,1099000
2009/11/02,0,2154000,-1995000,159000
2009/11/03,0,199000,-455000,-256000
2009/11/04,0,64000,0,64000
2009/11/05,0,4000,-2633000,-2629000
2009/11/06,0,1000,0,1000
2009/11/09,0,254000,0,254000
2009/11/10,0,26000,-4000,22000
2009/11/11,0,26000,0,26000
2009/11/12,0,24000,-87000,-63000
2009/11/13,0,28000,-10000,18000
2009/11/16,0,101000,-110000,-9000
2009/11/17,0,0,-201000,-201000
2009/11/18,0,0,-499000,-499000
2009/11/19,0,439000,-368000,71000
2009/11/20,0,0,-769000,-769000
2009/11/23,0,0,-61000,-61000
2009/11/24,0,1400000,-2115000,-715000
2009/11/25,0,588000,-550000,38000
2009/11/26,0,0,-9758000,-9758000
2009/11/27,0,0,0,0
2009/11/30,0,0,-2023000,-2023000
2009/12/01,0,0,-35000,-35000
2009/12/02,0,0,-742000,-742000
2009/12/03,0,0,-1748000,-1748000
2009/12/04,0,0,-29000,-29000
2009/12/07,0,115000,-2050960,-1935960
2009/12/08,0,135000,-398750,-263750
2009/12/09,0,0,-484000,-484000
2009/12/10,0,1000000,-8000,992000
2009/12/11,0,3000,0,3000
2009/12/14,0,1501000,-304000,1197000
2009/12/15,0,1400000,-588000,812000
2009/12/16,0,250000,-7000,243000
2009/12/17,0,1185000,0,1185000
2009/12/18,0,3018000,-188000,2830000
2009/12/21,0,6546000,0,6546000
2009/12/22,0,1724000,-5000,1719000
2009/12/23,0,1297000,-676000,621000
2009/12/24,0,872000,0,872000
2009/12/25,0,520000,-6000,514000
2009/12/28,0,875000,-41000,834000
2009/12/29,0,70000,-63000,7000
2009/12/30,0,100000,-45000,55000
2009/12/31,0,0,-581380,-581380
2010/01/01,0,0,0,0
2010/01/04,0,261000,-1500000,-1239000
2010/01/05,0,159000,-44000,115000
2010/01/06,0,57000,-604000,-547000
2010/01/07,0,401000,-252000,149000
2010/01/08,0,280000,-6000,274000
2010/01/11,0,40000,-1252000,-1212000
2010/01/12,0,0,-1464000,-1464000
2010/01/13,0,0,-2286000,-2286000
2010/01/14,0,0,-1904000,-1904000
2010/01/15,0,1087000,-1547000,-460000
2010/01/18,0,0,-2216000,-2216000
2010/01/19,0,10000,-1568000,-1558000
2010/01/20,0,0,-6000,-6000
2010/01/21,0,0,-4000,-4000
2010/01/22,0,0,-772000,-772000
2010/01/25,0,0,-1505000,-1505000
2010/01/26,0,0,-1000,-1000
2010/01/27,0,13000,0,13000
2010/01/28,0,3000,0,3000
2010/01/29,0,5000,0,5000
2010/02/01,0,5000,-1291000,-1286000
2010/02/02,0,0,-19000,-19000
2010/02/03,0,2000,-1000,1000
2010/02/04,0,273000,-2718000,-2445000
2010/02/05,0,17000,-1887000,-1870000
2010/02/08,0,229000,-2000,227000
2010/02/09,0,5000,-864000,-859000
2010/02/10,0,0,0,0
2010/02/11,0,0,0,0
2010/02/12,0,0,0,0
2010/02/15,0,0,0,0
2010/02/16,0,0,0,0
2010/02/17,0,0,0,0
2010/02/18,0,0,0,0
2010/02/19,0,0,0,0
2010/02/22,0,24000,0,24000
2010/02/23,0,211000,0,211000
2010/02/24,0,122000,-300000,-178000
2010/02/25,0,101000,0,101000
2010/02/26,0,3000,-500000,-497000
2010/03/01,0,3000,-280000,-277000
2010/03/02,0,0,-354000,-354000
2010/03/03,0,55000,0,55000
2010/03/04,0,1801000,-3000,1798000
2010/03/05,0,1684000,-37000,1647000
2010/03/08,0,0,-1200000,-1200000
2010/03/09,0,2000,0,2000
2010/03/10,0,0,-63000,-63000
2010/03/11,0,1000,0,1000
2010/03/12,0,0,-294000,-294000
2010/03/15,0,0,-4000,-4000
2010/03/16,0,0,-1383000,-1383000
2010/03/17,0,3000,-378850,-375850
2010/03/18,0,312000,-216000,96000
2010/03/19,0,1000000,-92680,907320
2010/03/22,0,554000,-1000,553000
2010/03/23,0,911000,-318000,593000
2010/03/24,0,0,-103000,-103000
2010/03/25,0,0,-314714,-314714
2010/03/26,0,65000,-278000,-213000
2010/03/29,0,2000,-1774000,-1772000
2010/03/30,0,2000,0,2000
2010/03/31,0,0,-1000,-1000
2010/04/01,0,0,-1397000,-1397000
2010/04/02,0,797000,-2000,795000
2010/04/05,0,0,0,0
2010/04/06,0,0,-1000,-1000
2010/04/07,0,0,-4000,-4000
2010/04/08,0,0,-27000,-27000
2010/04/09,0,1000000,-1000,999000
2010/04/12,0,122000,-1000,121000
2010/04/13,0,349000,-2363000,-2014000
2010/04/14,0,102000,-539000,-437000
2010/04/15,0,265000,-303000,-38000
2010/04/16,0,0,-797000,-797000
2010/04/19,0,0,-3330627,-3330627
2010/04/20,0,350000,-4955000,-4605000
2010/04/21,0,42000,0,42000
2010/04/22,0,40000,0,40000
2010/04/23,0,0,0,0
2010/04/26,0,0,-130000,-130000
2010/04/27,0,2000,0,2000
2010/04/28,0,2000,-390000,-388000
2010/04/29,0,0,-240000,-240000
2010/04/30,0,0,-124000,-124000
2010/05/03,0,0,-445000,-445000
2010/05/04,0,0,-200000,-200000
2010/05/05,0,0,-7000,-7000
2010/05/06,0,1402000,-68000,1334000
2010/05/07,0,2666000,0,2666000
2010/05/10,0,688000,-38000,650000
2010/05/11,0,4000,-38000,-34000
2010/05/12,0,2000,-150000,-148000
2010/05/13,0,754000,0,754000
2010/05/14,0,0,-213000,-213000
2010/05/17,0,2000,-250000,-248000
2010/05/18,0,3000,-778000,-775000
2010/05/19,0,0,-100000,-100000
2010/05/20,0,1000,-1288000,-1287000
2010/05/21,0,0,0,0
2010/05/24,0,0,-303000,-303000
2010/05/25,0,0,-2217000,-2217000
2010/05/26,0,149000,0,149000
2010/05/27,0,4000,-1069000,-1065000
2010/05/28,0,0,-22000,-22000
2010/05/31,0,0,-950000,-950000
2010/06/01,0,0,-16000,-16000
2010/06/02,0,30000,0,30000
2010/06/03,0,0,-51000,-51000
2010/06/04,0,0,0,0
2010/06/07,0,0,-107000,-107000
2010/06/08,0,2000,-1000,1000
2010/06/09,0,2000,-1020000,-1018000
2010/06/10,0,2000,-1000,1000
2010/06/11,0,0,-910,-910
2010/06/14,0,0,-2000,-2000
2010/06/15,0,32000,-738000,-706000
2010/06/16,0,0,0,0
2010/06/17,0,0,-151000,-151000
2010/06/18,0,6000,-17000,-11000
2010/06/21,0,0,0,0
2010/06/22,0,0,-1000,-1000
2010/06/23,0,0,-1000,-1000
2010/06/24,0,43000,-3000,40000
2010/06/25,0,29000,-153000,-124000
2010/06/28,0,86000,0,86000
2010/06/29,0,2000,0,2000
2010/06/30,0,200000,0,200000
2010/07/01,0,0,0,0
2010/07/02,0,5000,-200000,-195000
2010/07/05,0,1027000,0,1027000
2010/07/06,0,108000,-1000000,-892000
2010/07/07,0,0,-68000,-68000
2010/07/08,0,456000,-1000000,-544000
2010/07/09,0,0,0,0
2010/07/12,0,0,0,0
2010/07/13,0,0,-2000,-2000
2010/07/14,0,0,0,0
2010/07/15,0,0,-7000,-7000
2010/07/16,0,543000,-910000,-367000
2010/07/19,0,116000,-65000,51000
2010/07/20,0,0,0,0
2010/07/21,0,7000,-1000,6000
2010/07/22,0,0,0,0
2010/07/23,0,4000,0,4000
2010/07/26,0,0,0,0
2010/07/27,0,32000,0,32000
2010/07/28,0,472000,0,472000
2010/07/29,0,0,0,0
2010/07/30,0,0,-2024000,-2024000
2010/08/02,0,16000,-22000,-6000
2010/08/03,0,6000,-1554000,-1548000
2010/08/04,0,1000,-10000,-9000
2010/08/05,0,100000,-3000,97000
2010/08/06,0,0,-2000,-2000
2010/08/09,0,21000,0,21000
2010/08/10,0,45000,0,45000
2010/08/11,0,118000,0,118000
2010/08/12,0,0,-4000,-4000
2010/08/13,0,36000,-6000,30000
2010/08/16,0,157000,-674000,-517000
2010/08/17,0,0,-9000,-9000
2010/08/18,0,4000,0,4000
2010/08/19,0,20000,-1000,19000
2010/08/20,0,0,-599000,-599000
2010/08/23,0,10000,0,10000
2010/08/24,0,0,-1000,-1000
2010/08/25,0,20000,-2000,18000
2010/08/26,0,1000,-1000,0
2010/08/27,0,1000,0,1000
2010/08/30,0,6000,-3000,3000
2010/08/31,0,62000,0,62000
2010/09/01,0,0,0,0
2010/09/02,0,1000,0,1000
2010/09/03,0,0,0,0
2010/09/06,0,0,0,0
2010/09/07,0,28000,0,28000
2010/09/08,0,0,0,0
2010/09/09,0,0,0,0
2010/09/10,0,10000,0,10000
2010/09/13,0,0,0,0
2010/09/14,0,0,-1000,-1000
2010/09/15,0,21000,0,21000
2010/09/16,0,0,-4000,-4000
2010/09/17,0,1000,-5000,-4000
2010/09/20,0,0,-1000,-1000
2010/09/21,0,100000,-681330,-581330
2010/09/22,0,0,0,0
2010/09/23,0,0,-2000,-2000
2010/09/24,0,0,-2000,-2000
2010/09/27,0,0,-1000,-1000
2010/09/28,0,53000,-24000,29000
2010/09/29,0,0,-24000,-24000
2010/09/30,0,70000,-29000,41000
2010/10/01,0,0,0,0
2010/10/04,0,1000000,0,1000000
2010/10/05,0,0,0,0
2010/10/06,0,0,-1000,-1000
2010/10/07,0,0,0,0
2010/10/08,0,0,0,0
2010/10/11,0,0,0,0
2010/10/12,0,20000,-1000,19000
2010/10/13,0,47000,0,47000
2010/10/14,0,2503000,-6000,2497000
2010/10/15,0,2436000,-1000,2435000
2010/10/18,0,2031000,-2000,2029000
2010/10/19,0,42000,0,42000
2010/10/20,0,2000000,-60000,1940000
2010/10/21,0,0,-221000,-221000
2010/10/22,0,0,-16000,-16000
2010/10/25,0,0,0,0
2010/10/26,0,2000000,0,2000000
2010/10/27,0,2489000,0,2489000
2010/10/28,0,3370000,0,3370000
2010/10/29,0,4970000,0,4970000
2010/11/01,0,2850000,0,2850000
2010/11/02,0,800000,0,800000
2010/11/03,0,1500000,0,1500000
2010/11/04,0,150000,0,150000
2010/11/05,0,0,-40000,-40000
2010/11/08,0,0,-862000,-862000
2010/11/09,0,4000,0,4000
2010/11/10,0,0,-2000,-2000
2010/11/11,0,3000,0,3000
2010/11/12,0,0,-2000,-2000
2010/11/15,0,0,-22000,-22000
2010/11/16,0,555000,-5000,550000
2010/11/17,0,2500000,0,2500000
2010/11/18,0,500000,0,500000
2010/11/19,0,4000,0,4000
2010/11/22,0,0,0,0
2010/11/23,0,0,-300000,-300000
2010/11/24,0,0,-250000,-250000
2010/11/25,0,175000,-165000,10000
2010/11/26,0,0,-2000,-2000
2010/11/29,0,0,-1000,-1000
2010/11/30,0,0,-105000,-105000
2010/12/01,0,0,-4000,-4000
2010/12/02,0,2294000,-137000,2157000
2010/12/03,0,571000,-6000,565000
2010/12/06,0,159000,-9000,150000
2010/12/07,0,9000,0,9000
2010/12/08,0,176000,-3000,173000
2010/12/09,0,1725000,-216000,1509000
2010/12/10,0,1743000,0,1743000
2010/12/13,0,97000,-101000,-4000
2010/12/14,0,0,-5000,-5000
2010/12/15,0,187000,0,187000
2010/12/16,0,247000,-3000,244000
2010/12/17,0,405000,-306000,99000
2010/12/20,0,0,-53000,-53000
2010/12/21,0,1000,0,1000
2010/12/22,0,2000,-50000,-48000
2010/12/23,0,90000,0,90000
2010/12/24,0,0,-1317000,-1317000
2010/12/27,0,0,-1000,-1000
2010/12/28,0,0,-141000,-141000
2010/12/29,0,0,-1600000,-1600000
2010/12/30,0,0,0,0
2010/12/31,0,0,-739000,-739000
2011/01/03,0,0,0,0
2011/01/04,0,0,-300000,-300000
2011/01/05,0,9000,0,9000
2011/01/06,0,0,-228000,-228000
2011/01/07,0,0,-150000,-150000
2011/01/10,0,0,-51000,-51000
2011/01/11,0,1049000,0,1049000
2011/01/12,0,246000,-198000,48000
2011/01/13,0,1206000,0,1206000
2011/01/14,0,14000,-4000,10000
2011/01/17,0,0,0,0
2011/01/18,0,5133000,0,5133000
2011/01/19,0,3279000,-6000,3273000
2011/01/20,0,200000,-2000,198000
2011/01/21,0,2145000,-2000,2143000
2011/01/24,0,906000,0,906000
2011/01/25,0,652000,0,652000
2011/01/26,0,0,-500000,-500000
2011/01/27,0,723000,-3560000,-2837000
2011/01/28,0,894000,-4000,890000
2011/01/31,0,0,0,0
2011/02/01,0,0,0,0
2011/02/02,0,0,0,0
2011/02/03,0,0,0,0
2011/02/04,0,0,0,0
2011/02/07,0,0,0,0
2011/02/08,0,50000,0,50000
2011/02/09,0,0,-800000,-800000
2011/02/10,0,450000,-1021000,-571000
2011/02/11,0,5000,0,5000
2011/02/14,0,162000,-91000,71000
2011/02/15,0,3000,0,3000
2011/02/16,0,2069000,-225000,1844000
2011/02/17,0,623000,-164000,459000
2011/02/18,0,1035000,0,1035000
2011/02/21,0,241000,-2000,239000
2011/02/22,0,0,-2381000,-2381000
2011/02/23,0,28000,-1651000,-1623000
2011/02/24,0,332000,-130000,202000
2011/02/25,0,77000,-146000,-69000
2011/02/28,0,0,0,0
2011/03/01,0,234000,-400000,-166000
2011/03/02,0,1000,0,1000
2011/03/03,0,661000,-1250000,-589000
2011/03/04,0,580000,0,580000
2011/03/07,0,42000,-2500000,-2458000
2011/03/08,0,0,-4560000,-4560000
2011/03/09,0,28000,-2933000,-2905000
2011/03/10,0,0,-4332000,-4332000
2011/03/11,0,1000,-372000,-371000
2011/03/14,0,2000,0,2000
2011/03/15,0,2000,0,2000
2011/03/16,0,0,-291000,-291000
2011/03/17,0,21000,-162000,-141000
2011/03/18,0,0,-1014000,-1014000
2011/03/21,0,0,-1000000,-1000000
2011/03/22,0,0,-413000,-413000
2011/03/23,0,0,-3182000,-3182000
2011/03/24,0,6000,-3271000,-3265000
2011/03/25,0,0,-2000000,-2000000
2011/03/28,0,0,-1061000,-1061000
2011/03/29,0,0,-2734000,-2734000
2011/03/30,0,0,-580000,-580000
2011/03/31,0,0,-1030000,-1030000
2011/04/01,0,0,-47000,-47000
2011/04/04,0,0,0,0
2011/04/05,0,0,0,0
2011/04/06,0,0,-1676000,-1676000
2011/04/07,0,0,-1236000,-1236000
2011/04/08,0,0,-727000,-727000
2011/04/11,0,0,-735000,-735000
2011/04/12,0,0,-334000,-334000
2011/04/13,0,0,0,0
2011/04/14,0,0,-11000,-11000
2011/04/15,0,0,-101000,-101000
2011/04/18,0,401000,0,401000
2011/04/19,0,3000,0,3000
2011/04/20,0,0,0,0
2011/04/21,0,0,0,0
2011/04/22,0,34000,0,34000
2011/04/25,0,0,-725000,-725000
2011/04/26,0,0,-2000,-2000
2011/04/27,0,473000,-303063,169937
2011/04/28,0,2220000,-41000,2179000
2011/04/29,0,1939000,0,1939000
2011/05/02,0,0,0,0
2011/05/03,0,1926000,0,1926000
2011/05/04,0,1658000,-100000,1558000
2011/05/05,0,573000,0,573000
2011/05/06,0,839000,0,839000
2011/05/09,0,126000,-660000,-534000
2011/05/10,0,700000,0,700000
2011/05/11,0,2000000,0,2000000
2011/05/12,0,631000,-1000,630000
2011/05/13,0,731000,0,731000
2011/05/16,0,1500000,0,1500000
2011/05/17,0,1450000,0,1450000
2011/05/18,0,340000,0,340000
2011/05/19,0,571000,0,571000
2011/05/20,0,0,0,0
2011/05/23,0,150000,-1000,149000
2011/05/24,0,0,0,0
2011/05/25,0,0,-1586000,-1586000
2011/05/26,0,200000,-1853000,-1653000
2011/05/27,0,820000,0,820000
2011/05/30,0,227000,-832000,-605000
2011/05/31,0,220000,-3000,217000
2011/06/01,0,0,0,0
2011/06/02,0,0,0,0
2011/06/03,0,200000,-800000,-600000
2011/06/06,0,0,0,0
2011/06/07,0,200000,0,200000
2011/06/08,0,369000,0,369000
2011/06/09,0,150000,0,150000
2011/06/10,0,100000,0,100000
2011/06/13,0,100000,0,100000
2011/06/14,0,53000,0,53000
2011/06/15,0,154000,-800000,-646000
2011/06/16,0,106000,-600000,-494000
2011/06/17,0,137000,-489000,-352000
2011/06/20,0,8000,0,8000
2011/06/21,0,7000,0,7000
2011/06/22,0,1307000,0,1307000
2011/06/23,0,84000,0,84000
2011/06/24,0,2000,-397000,-395000
2011/06/27,0,2000,-502000,-500000
2011/06/28,0,44000,-364000,-320000
2011/06/29,0,93000,-930000,-837000
2011/06/30,0,238000,0,238000
2011/07/01,0,0,-1402000,-1402000
2011/07/04,0,0,-706000,-706000
2011/07/05,0,0,-1302000,-1302000
2011/07/06,0,60000,-1909000,-1849000
2011/07/07,0,165000,0,165000
2011/07/08,0,0,-329000,-329000
2011/07/11,0,0,0,0
2011/07/12,0,27000,-277000,-250000
2011/07/13,0,4000,0,4000
2011/07/14,0,4000,-150000,-146000
2011/07/15,0,5000,-33000,-28000
2011/07/18,0,1000,0,1000
2011/07/19,0,163000,-42000,121000
2011/07/20,0,158000,-326000,-168000
2011/07/21,0,6000,0,6000
2011/07/22,0,0,-5000,-5000
2011/07/25,0,300000,-12000,288000
2011/07/26,0,200000,-169000,31000
2011/07/27,0,100000,-51000,49000
2011/07/28,0,0,-215000,-215000
2011/07/29,0,0,0,0
2011/08/01,0,4000,0,4000
2011/08/02,0,0,-1000,-1000
2011/08/03,0,9000,-761000,-752000
2011/08/04,0,20000,-190000,-170000
2011/08/05,0,196000,-426000,-230000
2011/08/08,0,13000,-4894000,-4881000
2011/08/09,0,293000,-2040000,-1747000
2011/08/10,0,537000,-1000,536000
2011/08/11,0,84000,-2080000,-1996000
2011/08/12,0,2000,-13000,-11000
2011/08/15,0,5000,0,5000
2011/08/16,0,166000,-3000,163000
2011/08/17,0,175000,-2000,173000
2011/08/18,0,258000,-130000,128000
2011/08/19,0,25000,0,25000
2011/08/22,0,55000,-576000,-521000
2011/08/23,0,3000,0,3000
2011/08/24,0,0,0,0
2011/08/25,0,0,0,0
2011/08/26,0,165000,0,165000
2011/08/29,0,106000,0,106000
2011/08/30,0,70000,0,70000
2011/08/31,0,1000,-5000,-4000
2011/09/01,0,1000,-2000,-1000
2011/09/02,0,53000,-5000,48000
2011/09/05,0,0,-8000,-8000
2011/09/06,0,0,0,0
2011/09/07,0,9000,0,9000
2011/09/08,0,1000,-109000,-108000
2011/09/09,0,20000,0,20000
2011/09/12,0,0,0,0
2011/09/13,0,31000,-95057,-64057
2011/09/14,0,105000,-8000,97000
2011/09/15,0,57000,-233000,-176000
2011/09/16,0,794000,-931000,-137000
2011/09/19,0,221000,-3000,218000
2011/09/20,0,97000,0,97000
2011/09/21,0,5323,-27000,-21677
2011/09/22,0,57000,-458000,-401000
2011/09/23,0,3000,-275000,-272000
2011/09/26,0,11000,-89000,-78000
2011/09/27,0,1008000,-1010000,-2000
2011/09/28,0,2630000,-102000,2528000
2011/09/29,0,979000,-83000,896000
2011/09/30,0,116000,-285000,-169000
2011/10/03,0,1736000,-276000,1460000
2011/10/04,0,842000,0,842000
2011/10/05,0,147000,0,147000
2011/10/06,0,30000,0,30000
2011/10/07,0,1000,0,1000
2011/10/10,0,0,0,0
2011/10/11,0,0,0,0
2011/10/12,0,1000,0,1000
2011/10/13,0,7000,0,7000
2011/10/14,0,1970000,0,1970000
2011/10/17,0,996000,-3041,992959
2011/10/18,0,162000,-10899,151101
2011/10/19,0,0,0,0
2011/10/20,0,0,0,0
2011/10/21,0,0,0,0
2011/10/24,0,4000,0,4000
2011/10/25,0,134000,-76000,58000
2011/10/26,0,2000,0,2000
2011/10/27,0,2000,-5454000,-5452000
2011/10/28,0,4000,-470000,-466000
2011/10/31,0,0,-4000,-4000
2011/11/01,0,0,-3000,-3000
2011/11/02,0,12000,-760000,-748000
2011/11/03,0,2000,0,2000
2011/11/04,0,0,-41000,-41000
2011/11/07,0,0,-387000,-387000
2011/11/08,0,4000,-729000,-725000
2011/11/09,0,0,0,0
2011/11/10,0,1000,0,1000
2011/11/11,0,0,-1833000,-1833000
2011/11/14,0,21308,0,21308
2011/11/15,0,1091000,-14000,1077000
2011/11/16,0,332000,0,332000
2011/11/17,0,118000,0,118000
2011/11/18,0,2000,0,2000
2011/11/21,0,396000,-400000,-4000
2011/11/22,0,763000,-7000,756000
2011/11/23,0,11000,0,11000
2011/11/24,0,8000,0,8000
2011/11/25,0,16000,-5000,11000
2011/11/28,0,115000,0,115000
2011/11/29,0,4000,0,4000
2011/11/30,0,4000,-1000,3000
2011/12/01,0,350000,-20000,330000
2011/12/02,0,120000,-400000,-280000
2011/12/05,0,7000,-4000,3000
2011/12/06,0,0,0,0
2011/12/07,0,2000,0,2000
2011/12/08,0,4000,0,4000
2011/12/09,0,0,-8491,-8491
2011/12/12,0,50000,0,50000
2011/12/13,0,280000,0,280000
2011/12/14,0,100000,-19000,81000
2011/12/15,0,334000,-17000,317000
2011/12/16,0,2000,-13000,-11000
2011/12/19,0,18000,0,18000
2011/12/20,0,4000,0,4000
2011/12/21,0,0,0,0
2011/12/22,0,4000,0,4000
2011/12/23,0,40000,-4000,36000
2011/12/26,0,20000,0,20000
2011/12/27,0,1007000,-29000,978000
2011/12/28,0,0,-3000,-3000
2011/12/29,0,0,0,0
2011/12/30,0,0,-6000,-6000
2012/01/02,0,8000,0,8000
2012/01/03,0,1725000,-12000,1713000
2012/01/04,0,1636000,0,1636000
2012/01/05,0,788000,-24156,763844
2012/01/06,0,1073000,-2000,1071000
2012/01/09,0,1312000,0,1312000
2012/01/10,0,774000,-184000,590000
2012/01/11,0,1377000,-4000,1373000
2012/01/12,0,1748000,-64000,1684000
2012/01/13,0,354000,-1550000,-1196000
2012/01/16,0,1530000,-504000,1026000
2012/01/17,0,1461000,-13000,1448000
2012/01/18,0,894000,-39000,855000
2012/01/19,0,0,0,0
2012/01/20,0,0,0,0
2012/01/23,0,0,0,0
2012/01/24,0,0,0,0
2012/01/25,0,0,0,0
2012/01/26,0,0,0,0
2012/01/27,0,0,0,0
2012/01/30,0,100000,-2000,98000
2012/01/31,0,145000,-98000,47000
2012/02/01,0,850000,-839000,11000
2012/02/02,0,432000,-1355000,-923000
2012/02/03,0,0,-356000,-356000
2012/02/06,0,0,-1535000,-1535000
2012/02/07,0,0,0,0
2012/02/08,0,1510000,-3000,1507000
2012/02/09,0,1500000,-177329,1322671
2012/02/10,0,1000000,-5000,995000
2012/02/13,0,200000,0,200000
2012/02/14,0,1435000,-67000,1368000
2012/02/15,0,742000,-8000,734000
2012/02/16,0,1000,-8000,-7000
2012/02/17,0,588000,-800000,-212000
2012/02/20,0,0,-3000,-3000
2012/02/21,0,0,-200000,-200000
2012/02/22,0,0,-595000,-595000
2012/02/23,0,0,-269000,-269000
2012/02/24,0,0,-12000,-12000
2012/02/27,0,0,0,0
2012/02/28,0,0,0,0
2012/02/29,0,0,-2000,-2000
2012/03/01,0,0,-16000,-16000
2012/03/02,0,0,-2017000,-2017000
2012/03/05,0,0,-972000,-972000
2012/03/06,0,0,-651000,-651000
2012/03/07,0,0,-300000,-300000
2012/03/08,0,15869,-149000,-133131
2012/03/09,0,2093000,-1000000,1093000
2012/03/12,0,2220000,-2000,2218000
2012/03/13,0,0,0,0
2012/03/14,0,161000,-3000,158000
2012/03/15,0,3153000,-26000,3127000
2012/03/16,0,0,-236000,-236000
2012/03/19,0,956000,-349000,607000
2012/03/20,0,1048000,-5000,1043000
2012/03/21,0,998000,0,998000
2012/03/22,0,0,0,0
2012/03/23,0,100000,-61000,39000
2012/03/26,0,595000,-3000,592000
2012/03/27,0,622000,0,622000
2012/03/28,0,1555000,0,1555000
2012/03/29,0,2688000,0,2688000
2012/03/30,0,1537000,-6000,1531000
2012/04/02,0,1471000,-1000,1470000
2012/04/03,0,1735000,-1199000,536000
2012/04/04,0,0,0,0
2012/04/05,0,4469000,-102307,4366693
2012/04/06,0,4298000,0,4298000
2012/04/09,0,1001000,-65000,936000
2012/04/10,0,2311000,0,2311000
2012/04/11,0,218000,0,218000
2012/04/12,0,488000,0,488000
2012/04/13,0,6012000,0,6012000
2012/04/16,0,1470000,-50000,1420000
2012/04/17,0,1599000,0,1599000
2012/04/18,0,2719000,-115000,2604000
2012/04/19,0,1222000,-1344000,-122000
2012/04/20,0,60000,-1478000,-1418000
2012/04/23,0,102000,-560000,-458000
2012/04/24,0,1637000,-1115000,522000
2012/04/25,0,177000,-1905000,-1728000
2012/04/26,0,165000,-2265000,-2100000
2012/04/27,0,918000,-335000,583000
2012/04/30,0,0,0,0
2012/05/01,0,0,0,0
2012/05/02,0,199000,-268000,-69000
2012/05/03,0,1178000,-1494,1176506
2012/05/04,0,8000,-1228000,-1220000
2012/05/07,0,143000,-885000,-742000
2012/05/08,0,240000,-695000,-455000
2012/05/09,0,305000,-180000,125000
2012/05/10,0,0,0,0
2012/05/11,0,11000,-91000,-80000
2012/05/14,0,345000,0,345000
2012/05/15,0,27000,-220000,-193000
2012/05/16,0,9000,-708000,-699000
2012/05/17,0,1000000,-2456000,-1456000
2012/05/18,0,14000,-300000,-286000
2012/05/21,0,0,-189000,-189000
2012/05/22,0,0,-622000,-622000
2012/05/23,0,3000000,0,3000000
2012/05/24,0,0,-176000,-176000
2012/05/25,0,3000,-856000,-853000
2012/05/28,0,80000,-75000,5000
2012/05/29,0,2117000,-68000,2049000
2012/05/30,0,41651,-753000,-711349
2012/05/31,0,56000,-8000,48000
2012/06/01,0,154000,-70000,84000
2012/06/04,0,15000,0,15000
2012/06/05,0,497000,-550000,-53000
2012/06/06,0,200000,-748000,-548000
2012/06/07,0,200000,-1450000,-1250000
2012/06/08,0,77000,-216000,-139000
2012/06/11,0,124000,0,124000
2012/06/12,0,73000,0,73000
2012/06/13,0,39000,-90000,-51000
2012/06/14,0,18000,-998000,-980000
2012/06/15,0,0,-333000,-333000
2012/06/18,0,0,0,0
2012/06/19,0,15000,-9000,6000
2012/06/20,0,2000000,0,2000000
2012/06/21,0,10000,0,10000
2012/06/22,0,0,0,0
2012/06/25,0,1547000,0,1547000
2012/06/26,0,0,-58187,-58187
2012/06/27,0,0,0,0
2012/06/28,0,1000000,-11000,989000
2012/06/29,0,0,0,0
2012/07/02,0,2641000,-7000,2634000
2012/07/03,0,1462000,0,1462000
2012/07/04,0,1145000,-400000,745000
2012/07/05,0,4000,-474000,-470000
2012/07/06,0,0,-1086000,-1086000
2012/07/09,0,365000,-34000,331000
2012/07/10,0,401000,-533000,-132000
2012/07/11,0,2000,-1342000,-1340000
2012/07/12,0,280000,-700000,-420000
2012/07/13,0,1050000,-1086000,-36000
2012/07/16,0,0,-501000,-501000
2012/07/17,0,158000,0,158000
2012/07/18,0,0,-2181000,-2181000
2012/07/19,0,286000,0,286000
2012/07/20,0,0,0,0
2012/07/23,0,0,-1016000,-1016000
2012/07/24,0,1000,-600000,-599000
2012/07/25,0,0,-700000,-700000
2012/07/26,0,23000,-67000,-44000
2012/07/27,0,0,0,0
2012/07/30,0,1070000,0,1070000
2012/07/31,0,1042000,0,1042000
2012/08/01,0,704000,-800000,-96000
2012/08/02,0,0,0,0
2012/08/03,0,0,0,0
2012/08/06,0,208000,-4000,204000
2012/08/07,0,203000,-324000,-121000
2012/08/08,0,775000,-321000,454000
2012/08/09,0,187000,-848000,-661000
2012/08/10,0,134000,-4000,130000
2012/08/13,0,150000,-18000,132000
2012/08/14,0,0,-555000,-555000
2012/08/15,0,13000,-16000,-3000
2012/08/16,0,0,-288000,-288000
2012/08/17,0,301941,-105000,196941
2012/08/20,0,3205000,-24000,3181000
2012/08/21,0,3431000,-93000,3338000
2012/08/22,0,1951000,-3000,1948000
2012/08/23,0,2000,-28000,-26000
2012/08/24,0,1000,0,1000
2012/08/27,0,394000,-1068000,-674000
2012/08/28,0,223000,0,223000
2012/08/29,0,0,-263000,-263000
2012/08/30,0,380000,0,380000
2012/08/31,0,1102000,-14000,1088000
2012/09/03,0,335000,-2000,333000
2012/09/04,0,0,0,0
2012/09/05,0,1000,-2000,-1000
2012/09/06,0,5000,0,5000
2012/09/07,0,44000,-2000,42000
2012/09/10,0,0,0,0
2012/09/11,0,0,-20000,-20000
2012/09/12,0,8000,0,8000
2012/09/13,0,2000,-907000,-905000
2012/09/14,0,0,-5000,-5000
2012/09/17,0,2000,-345000,-343000
2012/09/18,0,0,-1523000,-1523000
2012/09/19,0,197000,-55000,142000
2012/09/20,0,0,-747000,-747000
2012/09/21,0,1000,-1304000,-1303000
2012/09/24,0,2000,-449000,-447000
2012/09/25,0,0,-1234000,-1234000
2012/09/26,0,0,-11000,-11000
2012/09/27,0,2000,0,2000
2012/09/28,0,131000,-1000,130000
2012/10/01,0,2000,0,2000
2012/10/02,0,0,0,0
2012/10/03,0,0,-201000,-201000
2012/10/04,0,0,-853000,-853000
2012/10/05,0,192000,-531000,-339000
2012/10/08,0,0,0,0
2012/10/09,0,0,-1280000,-1280000
2012/10/10,0,0,0,0
2012/10/11,0,0,-330000,-330000
2012/10/12,0,0,-2000,-2000
2012/10/15,0,0,-1109000,-1109000
2012/10/16,0,0,-863000,-863000
2012/10/17,0,197000,0,197000
2012/10/18,0,39000,-223000,-184000
2012/10/19,0,0,-917000,-917000
2012/10/22,0,0,-1958000,-1958000
2012/10/23,0,14000,-484000,-470000
2012/10/24,0,60000,-48000,12000
2012/10/25,0,0,-2846000,-2846000
2012/10/26,0,209000,-49000,160000
2012/10/29,0,0,-18372,-18372
2012/10/30,0,100000,0,100000
2012/10/31,0,140000,-292000,-152000
2012/11/01,0,0,-2660000,-2660000
2012/11/02,0,111000,-1129000,-1018000
2012/11/05,0,0,0,0
2012/11/06,0,0,-40000,-40000
2012/11/07,0,750000,0,750000
2012/11/08,0,0,0,0
2012/11/09,0,0,0,0
2012/11/12,0,414000,-1000,413000
2012/11/13,0,416000,0,416000
2012/11/14,0,479000,0,479000
2012/11/15,0,664000,-5000,659000
2012/11/16,0,649000,0,649000
2012/11/19,0,0,0,0
2012/11/20,0,800000,0,800000
2012/11/21,0,179000,0,179000
2012/11/22,0,41000,0,41000
2012/11/23,0,500000,0,500000
2012/11/26,0,762000,0,762000
2012/11/27,0,80000,-17000,63000
2012/11/28,0,45000,-596000,-551000
2012/11/29,0,0,-150000,-150000
2012/11/30,0,340000,-4000,336000
2012/12/03,0,0,0,0
2012/12/04,0,400000,-2000,398000
2012/12/05,0,400000,-808000,-408000
2012/12/06,0,0,-388000,-388000
2012/12/07,0,0,-397000,-397000
2012/12/10,0,250000,-21000,229000
2012/12/11,0,123000,0,123000
2012/12/12,0,0,0,0
2012/12/13,0,0,-1000,-1000
2012/12/14,0,0,-971000,-971000
2012/12/17,0,0,-491000,-491000
2012/12/18,0,0,-650000,-650000
2012/12/19,0,0,0,0
2012/12/20,0,307000,-575000,-268000
2012/12/21,0,0,-451000,-451000
2012/12/24,0,200000,0,200000
2012/12/25,0,447000,-595000,-148000
2012/12/26,0,0,0,0
2012/12/27,0,469000,-1206000,-737000
2012/12/28,0,0,-830000,-830000
2012/12/31,0,0,0,0
2013/01/01,0,0,0,0
2013/01/02,0,0,-693000,-693000
2013/01/03,0,723000,-3000,720000
2013/01/04,0,0,-653000,-653000
2013/01/07,0,0,-751000,-751000
2013/01/08,0,83000,-982000,-899000
2013/01/09,0,0,-687000,-687000
2013/01/10,0,139000,-765000,-626000
2013/01/11,0,51000,-324000,-273000
2013/01/14,0,150000,0,150000
2013/01/15,0,34000,-1000,33000
2013/01/16,0,150000,-9000,141000
2013/01/17,0,430931,-7000,423931
2013/01/18,0,57000,-169000,-112000
2013/01/21,0,22000,-184000,-162000
2013/01/22,0,833000,-6000,827000
2013/01/23,0,0,-3000,-3000
2013/01/24,0,66000,-7000,59000
2013/01/25,0,0,-6000,-6000
2013/01/28,0,0,-800000,-800000
2013/01/29,0,805000,-750000,55000
2013/01/30,0,575000,0,575000
2013/01/31,0,97000,-322000,-225000
2013/02/01,0,805000,0,805000
2013/02/04,0,82000,-1670000,-1588000
2013/02/05,0,83000,-73000,10000
2013/02/06,0,136000,-2785000,-2649000
2013/02/07,0,0,0,0
2013/02/08,0,0,0,0
2013/02/11,0,0,0,0
2013/02/12,0,0,0,0
2013/02/13,0,0,0,0
2013/02/14,0,0,0,0
2013/02/15,0,0,0,0
2013/02/18,0,34000,-83000,-49000
2013/02/19,0,0,-3000,-3000
2013/02/20,0,80000,0,80000
2013/02/21,0,0,-3000,-3000
2013/02/22,0,0,-1060000,-1060000
2013/02/25,0,0,0,0
2013/02/26,0,0,-312000,-312000
2013/02/27,0,0,-1000,-1000
2013/02/28,0,0,0,0
2013/03/01,0,315000,-400000,-85000
2013/03/04,0,1598000,0,1598000
2013/03/05,0,801000,0,801000
2013/03/06,0,1358000,0,1358000
2013/03/07,0,0,0,0
2013/03/08,0,329000,-62000,267000
2013/03/11,0,0,-3000,-3000
2013/03/12,0,0,-646000,-646000
2013/03/13,0,0,-143000,-143000
2013/03/14,0,0,-569000,-569000
2013/03/15,0,2199000,-635000,1564000
2013/03/18,0,46000,-4000,42000
2013/03/19,0,0,-34000,-34000
2013/03/20,0,0,-201000,-201000
2013/03/21,0,47000,-205000,-158000
2013/03/22,0,27000,-4000,23000
2013/03/25,0,0,0,0
2013/03/26,0,26000,0,26000
2013/03/27,0,47000,-25000,22000
2013/03/28,0,0,-1000,-1000
2013/03/29,0,56000,0,56000
2013/04/01,0,0,-2000,-2000
2013/04/02,0,0,-90000,-90000
2013/04/03,0,0,-150000,-150000
2013/04/04,0,0,0,0
2013/04/05,0,0,0,0
2013/04/08,0,0,-1609000,-1609000
2013/04/09,0,0,-854000,-854000
2013/04/10,0,30000,-670000,-640000
2013/04/11,0,0,0,0
2013/04/12,0,1000,0,1000
2013/04/15,0,30000,-3000,27000
2013/04/16,0,100000,0,100000
2013/04/17,0,81000,-1259000,-1178000
2013/04/18,0,21000,-2977000,-2956000
2013/04/19,0,771116,-7200000,-6428884
2013/04/22,0,1632000,-8003000,-6371000
2013/04/23,0,800000,-246000,554000
2013/04/24,0,100000,-3442000,-3342000
2013/04/25,0,0,-3053000,-3053000
2013/04/26,0,3246000,-746000,2500000
2013/04/29,0,100000,-929000,-829000
2013/04/30,0,1680000,-250000,1430000
2013/05/01,0,0,0,0
2013/05/02,0,1472000,-57000,1415000
2013/05/03,0,0,-2536000,-2536000
2013/05/06,0,321000,-36000,285000
2013/05/07,0,395000,-40000,355000
2013/05/08,0,334000,-34000,300000
2013/05/09,0,297000,-476000,-179000
2013/05/10,0,5000,-86000,-81000
2013/05/13,0,77000,-113000,-36000
2013/05/14,0,71000,-16000,55000
2013/05/15,0,10000,-19000,-9000
2013/05/16,0,922000,0,922000
2013/05/17,0,660000,-1413000,-753000
2013/05/20,0,96000,-404000,-308000
2013/05/21,0,668000,-120000,548000
2013/05/22,0,0,-361000,-361000
2013/05/23,0,326000,-2000,324000
2013/05/24,0,495000,-12000,483000
2013/05/27,0,0,-2000,-2000
2013/05/28,0,0,0,0
2013/05/29,0,272000,0,272000
2013/05/30,0,2000,0,2000
2013/05/31,0,252000,0,252000
2013/06/03,0,0,0,0
2013/06/04,0,0,0,0
2013/06/05,0,536000,0,536000
2013/06/06,0,80000,-386000,-306000
2013/06/07,0,1000,-44000,-43000
2013/06/10,0,0,0,0
2013/06/11,0,681000,-79000,602000
2013/06/12,0,0,0,0
2013/06/13,0,0,-79000,-79000
2013/06/14,0,0,0,0
2013/06/17,0,275000,-1000,274000
2013/06/18,0,168000,-10000,158000
2013/06/19,0,603000,-1709000,-1106000
2013/06/20,0,445000,0,445000
2013/06/21,0,11000,-50000,-39000
2013/06/24,0,76000,0,76000
2013/06/25,0,40000,0,40000
2013/06/26,0,521000,0,521000
2013/06/27,0,32000,-7000,25000
2013/06/28,0,201000,0,201000
2013/07/01,0,0,-5000,-5000
2013/07/02,0,405000,0,405000
2013/07/03,0,0,-72000,-72000
2013/07/04,0,120000,-62000,58000
2013/07/05,0,0,-155000,-155000
2013/07/08,0,0,0,0
2013/07/09,0,0,0,0
2013/07/10,0,0,0,0
2013/07/11,0,5011,0,5011
2013/07/12,0,0,-728000,-728000
2013/07/15,0,0,0,0
2013/07/16,0,128000,-391000,-263000
2013/07/17,0,0,-194000,-194000
2013/07/18,0,2000,-743000,-741000
2013/07/19,0,0,-29000,-29000
2013/07/22,0,0,-106000,-106000
2013/07/23,0,1000,0,1000
2013/07/24,0,1000,0,1000
2013/07/25,0,2000,-128000,-126000
2013/07/26,0,0,0,0
2013/07/29,0,0,0,0
2013/07/30,0,59000,0,59000
2013/07/31,0,701000,-302000,399000
2013/08/01,0,0,-28000,-28000
2013/08/02,0,350000,0,350000
2013/08/05,0,0,-318000,-318000
2013/08/06,0,78000,-1735000,-1657000
2013/08/07,0,0,-102000,-102000
2013/08/08,0,0,-216000,-216000
2013/08/09,0,0,0,0
2013/08/12,0,0,-1636000,-1636000
2013/08/13,0,42000,-1282000,-1240000
2013/08/14,0,6000,-420000,-414000
2013/08/15,0,6000,-1074000,-1068000
2013/08/16,0,20000,0,20000
2013/08/19,0,5000,-451000,-446000
2013/08/20,0,0,-1414000,-1414000
2013/08/21,0,0,0,0
2013/08/22,0,35000,0,35000
2013/08/23,0,9000,0,9000
2013/08/26,0,15000,-773000,-758000
2013/08/27,0,0,0,0
2013/08/28,0,10000,0,10000
2013/08/29,0,0,0,0
2013/08/30,0,7000,-4000,3000
2013/09/02,0,342000,0,342000
2013/09/03,0,0,-320,-320
2013/09/04,0,0,0,0
2013/09/05,0,0,0,0
2013/09/06,0,6000,-150000,-144000
2013/09/09,0,0,-1000,-1000
2013/09/10,0,0,0,0
2013/09/11,0,15000,0,15000
2013/09/12,0,73000,0,73000
2013/09/13,0,70000,-1000,69000
2013/09/16,0,3000,0,3000
2013/09/17,0,0,0,0
2013/09/18,0,5000,-937000,-932000
2013/09/19,0,0,0,0
2013/09/20,0,0,0,0
2013/09/23,0,0,-5000,-5000
2013/09/24,0,0,0,0
2013/09/25,0,0,0,0
2013/09/26,0,2000,0,2000
2013/09/27,0,0,0,0
2013/09/30,0,2000,-1000,1000
2013/10/01,0,1000,0,1000
2013/10/02,0,0,-1000,-1000
2013/10/03,0,5000,0,5000
2013/10/04,0,1000,0,1000
2013/10/07,0,0,-2000,-2000
2013/10/08,0,0,0,0
2013/10/09,0,0,0,0
2013/10/10,0,0,0,0
2013/10/11,0,0,-155000,-155000
2013/10/14,0,0,-167000,-167000
2013/10/15,0,0,0,0
2013/10/16,0,350000,0,350000
2013/10/17,0,351000,0,351000
2013/10/18,0,0,0,0
2013/10/21,0,350000,0,350000
2013/10/22,0,0,-6000,-6000
2013/10/23,0,350000,-1000,349000
2013/10/24,0,0,0,0
2013/10/25,0,0,-1000,-1000
2013/10/28,0,0,-24000,-24000
2013/10/29,0,0,-1000,-1000
2013/10/30,0,0,0,0
2013/10/31,0,900000,-2000,898000
2013/11/01,0,0,-24000,-24000
2013/11/04,0,0,-100000,-100000
2013/11/05,0,42000,-1451000,-1409000
2013/11/06,0,0,-330000,-330000
2013/11/07,0,250000,0,250000
2013/11/08,0,0,-26000,-26000
2013/11/11,0,0,-1000,-1000
2013/11/12,0,0,-274000,-274000
2013/11/13,0,55000,-2000,53000
2013/11/14,0,0,-169000,-169000
2013/11/15,0,0,-677000,-677000
2013/11/18,0,169000,-79000,90000
2013/11/19,0,0,0,0
2013/11/20,0,0,0,0
2013/11/21,0,0,0,0
2013/11/22,0,1000,-700000,-699000
2013/11/25,0,0,-488,-488
2013/11/26,0,0,-1000,-1000
2013/11/27,0,300000,0,300000
2013/11/28,0,0,0,0
2013/11/29,0,0,0,0
2013/12/02,0,0,0,0
2013/12/03,0,0,0,0
2013/12/04,0,0,-2000,-2000
2013/12/05,0,0,0,0
2013/12/06,0,0,-300000,-300000
2013/12/09,0,0,-51000,-51000
2013/12/10,0,0,-6000,-6000
2013/12/11,0,900000,0,900000
2013/12/12,0,1728000,0,1728000
2013/12/13,0,0,0,0
2013/12/16,0,550000,0,550000
2013/12/17,0,0,-4000,-4000
2013/12/18,0,0,-162000,-162000
2013/12/19,0,279000,-278000,1000
2013/12/20,0,161000,-476000,-315000
2013/12/23,0,0,-233000,-233000
2013/12/24,0,0,-907000,-907000
2013/12/25,0,0,-8000,-8000
2013/12/26,0,0,-903000,-903000
2013/12/27,0,8000,-900000,-892000
2013/12/30,0,0,-6000,-6000
2013/12/31,0,0,-231000,-231000
2014/01/02,0,460000,-715000,-255000
2014/01/03,0,50000,-1000,49000
2014/01/06,0,0,-305000,-305000
2014/01/07,0,0,-1000,-1000
2014/01/08,0,100000,-159000,-59000
2014/01/09,0,2203000,0,2203000
2014/01/10,0,2072000,0,2072000
2014/01/13,0,3225000,0,3225000
2014/01/14,0,3135000,-1000,3134000
2014/01/15,0,1708000,-101000,1607000
2014/01/16,0,1027000,0,1027000
2014/01/17,0,1578000,-58000,1520000
2014/01/20,0,632000,-2000,630000
2014/01/21,0,1025000,-3000,1022000
2014/01/22,0,0,-5000,-5000
2014/01/23,0,250000,0,250000
2014/01/24,0,230000,-2000,228000
2014/01/27,0,40000,-2000,38000
2014/02/05,0,0,-730000,-730000
2014/02/06,0,0,0,0
2014/02/07,0,120000,0,120000
2014/02/10,0,2000,0,2000
2014/02/11,0,648000,-1000,647000
2014/02/12,0,270000,0,270000
2014/02/13,0,230000,-3000,227000
2014/02/14,0,0,-807,-807
2014/02/17,0,1356000,0,1356000
2014/02/18,0,700000,0,700000
2014/02/19,0,10000,0,10000
2014/02/20,0,253000,0,253000
2014/02/21,0,8000,-2000,6000
2014/02/24,0,0,-16000,-16000
2014/02/25,0,0,0,0
2014/02/26,0,0,0,0
2014/02/27,0,0,-2000,-2000
2014/03/03,0,18000,-2000,16000
2014/03/04,0,0,-2501000,-2501000
2014/03/05,0,0,-50000,-50000
2014/03/06,0,43000,-2000,41000
2014/03/07,0,0,-2000,-2000
2014/03/10,0,0,-3000,-3000
2014/03/11,0,100000,-478000,-378000
2014/03/12,0,1908000,-2000,1906000
2014/03/13,0,390000,-280000,110000
2014/03/14,0,80000,-6000,74000
2014/03/17,0,50000,-1000,49000
2014/03/18,0,5301000,0,5301000
2014/03/19,0,150000,0,150000
2014/03/20,0,150000,-60000,90000
2014/03/21,0,180000,-297000,-117000
2014/03/24,0,438000,0,438000
2014/03/25,0,220000,-539000,-319000
2014/03/26,0,872000,0,872000
2014/03/27,0,150000,0,150000
2014/03/28,0,985000,-2000,983000
2014/03/31,0,0,-2499000,-2499000
2014/04/01,0,0,-890000,-890000
2014/04/02,0,56000,0,56000
2014/04/03,0,80000,-42000,38000
2014/04/07,0,0,-419000,-419000
2014/04/08,0,0,-130000,-130000
2014/04/09,0,0,-226000,-226000
2014/04/10,0,0,-1090108,-1090108
2014/04/11,0,0,-183000,-183000
2014/04/14,0,0,-182000,-182000
2014/04/15,0,502000,-20000,482000
2014/04/16,0,500000,-626000,-126000
2014/04/17,0,169000,-201000,-32000
2014/04/18,0,1114000,-1551000,-437000
2014/04/21,0,2600000,-273000,2327000
2014/04/22,0,0,-263000,-263000
2014/04/23,0,0,-302000,-302000
2014/04/24,0,0,-213000,-213000
2014/04/25,0,20000,-50000,-30000
2014/04/28,0,0,-85000,-85000
2014/04/29,0,834000,-110000,724000
2014/04/30,0,1132000,-194000,938000
2014/05/02,0,305000,0,305000
2014/05/05,0,107000,-11000,96000
2014/05/06,0,0,-28000,-28000
2014/05/07,0,0,-98000,-98000
2014/05/08,0,2000,-20000,-18000
2014/05/09,0,233000,-1000,232000
2014/05/12,0,0,-5000,-5000
2014/05/13,0,279000,-137000,142000
2014/05/14,0,185000,-18000,167000
2014/05/15,0,188000,0,188000
2014/05/16,0,29000,-48000,-19000
2014/05/19,0,0,-24000,-24000
2014/05/20,0,0,0,0
2014/05/21,0,0,-180000,-180000
2014/05/22,0,0,0,0
2014/05/23,0,331000,0,331000
2014/05/26,0,8000,-431000,-423000
2014/05/27,0,7000,-57000,-50000
2014/05/28,0,0,0,0
2014/05/29,0,0,-704000,-704000
2014/05/30,0,0,-24000,-24000
2014/06/03,0,0,0,0
2014/06/04,0,0,0,0
2014/06/05,0,235000,-68000,167000
2014/06/06,0,110000,-5000,105000
2014/06/09,0,217000,-3000,214000
2014/06/10,0,152000,-3000,149000
2014/06/11,0,605000,-1866000,-1261000
2014/06/12,0,34000,-131000,-97000
2014/06/13,0,50000,-1933000,-1883000
2014/06/16,0,0,-12000,-12000
2014/06/17,0,59000,-399000,-340000
2014/06/18,0,10000,-178000,-168000
2014/06/19,0,250000,-58000,192000
2014/06/20,0,24000,-1480000,-1456000
2014/06/23,0,25000,-1030000,-1005000
2014/06/24,0,0,-166000,-166000
2014/06/25,0,0,-4000,-4000
2014/06/26,0,38000,0,38000
2014/06/27,0,0,0,0
2014/06/30,0,7000,-3000,4000
2014/07/01,0,0,0,0
2014/07/02,0,1252,-32000,-30748
2014/07/03,0,400000,-403000,-3000
2014/07/04,0,1193000,-15000,1178000
2014/07/07,0,357000,-25000,332000
2014/07/08,0,196000,-61000,135000
2014/07/09,0,0,0,0
2014/07/10,0,894000,-2131000,-1237000
2014/07/11,0,135000,-180000,-45000
2014/07/14,0,0,-1505000,-1505000
2014/07/15,0,225000,-395000,-170000
2014/07/16,0,0,-839000,-839000
2014/07/17,0,20000,-581000,-561000
2014/07/18,0,0,-112000,-112000
2014/07/21,0,0,-30000,-30000
2014/07/22,0,15000,-20000,-5000
2014/07/23,0,0,0,0
2014/07/24,0,266000,-200000,66000
2014/07/25,0,2785000,-1448000,1337000
2014/07/28,0,0,-91000,-91000
2014/07/29,0,4000,-228000,-224000
2014/07/30,0,28000,-55000,-27000
2014/07/31,0,37000,-700000,-663000
2014/08/01,0,192000,-264000,-72000
2014/08/04,0,0,-102000,-102000
2014/08/05,0,211000,0,211000
2014/08/06,0,20000,0,20000
2014/08/07,0,76000,-199000,-123000
2014/08/08,0,739000,0,739000
2014/08/11,0,14000,0,14000
2014/08/12,0,12000,-535000,-523000
2014/08/13,0,505000,-438000,67000
2014/08/14,0,555000,0,555000
2014/08/15,0,31000,0,31000
2014/08/18,0,0,0,0
2014/08/19,0,445000,-1000,444000
2014/08/20,0,3000,0,3000
2014/08/21,0,692000,0,692000
2014/08/22,0,0,0,0
2014/08/25,0,180000,-280000,-100000
2014/08/26,0,1000,0,1000
2014/08/27,0,1000,0,1000
2014/08/28,0,608000,-890000,-282000
2014/08/29,0,1000,-90000,-89000
2014/09/01,0,0,-709000,-709000
2014/09/02,0,590000,0,590000
2014/09/03,0,13000,0,13000
2014/09/04,0,272000,-2100000,-1828000
2014/09/05,0,14000,-60000,-46000
2014/09/09,0,100000,-2991000,-2891000
2014/09/10,0,0,-2549000,-2549000
2014/09/11,0,24000,-42000,-18000
2014/09/12,0,20000,-58000,-38000
2014/09/15,0,4000,-40000,-36000
2014/09/16,0,103000,-16000,87000
2014/09/17,0,87000,-14000,73000
2014/09/18,0,199000,0,199000
2014/09/19,0,76000,-348000,-272000
2014/09/22,0,98123,-251000,-152877
2014/09/23,0,0,-2000,-2000
2014/09/24,0,571000,-966000,-395000
2014/09/25,0,1100000,-1384000,-284000
2014/09/26,0,0,-600000,-600000
2014/09/29,0,105000,0,105000
2014/09/30,0,479000,0,479000
2014/10/01,0,0,0,0
2014/10/02,0,202000,-18000,184000
2014/10/03,0,0,0,0
2014/10/06,0,1220000,0,1220000
2014/10/07,0,23000,0,23000
2014/10/08,0,81000,-500000,-419000
2014/10/09,0,100000,-1000,99000
2014/10/13,0,40000,0,40000
2014/10/14,0,819000,-39000,780000
2014/10/15,0,0,0,0
2014/10/16,0,850000,-17000,833000
2014/10/17,0,300000,0,300000
2014/10/20,0,315000,0,315000
2014/10/21,0,107000,0,107000
2014/10/22,0,122000,-336000,-214000
2014/10/23,0,527000,0,527000
2014/10/24,0,1193000,0,1193000
2014/10/27,0,1335000,-1000,1334000
2014/10/28,0,710000,0,710000
2014/10/29,0,102000,0,102000
2014/10/30,0,183000,0,183000
2014/10/31,0,702000,0,702000
2014/11/03,0,972000,-2000,970000
2014/11/04,0,0,0,0
2014/11/05,0,700000,0,700000
2014/11/06,0,700000,-8000,692000
2014/11/07,0,0,-13000,-13000
2014/11/10,0,725000,-105000,620000
2014/11/11,0,23000,0,23000
2014/11/12,0,512000,0,512000
2014/11/13,0,54000,-900000,-846000
2014/11/14,0,377000,-56000,321000
2014/11/17,0,0,-26000,-26000
2014/11/18,0,0,-2000,-2000
2014/11/19,0,100000,-45000,55000
2014/11/20,0,1462000,0,1462000
2014/11/21,0,2500000,0,2500000
2014/11/24,0,0,-564000,-564000
2014/11/25,0,1000,-1000,0
2014/11/26,0,0,-292000,-292000
2014/11/27,0,1000,-318000,-317000
2014/11/28,0,139000,0,139000
2014/12/01,0,0,0,0
2014/12/02,0,0,-1009000,-1009000
2014/12/03,0,349000,-2000,347000
2014/12/04,0,600000,0,600000
2014/12/05,0,42000,-14000,28000
2014/12/08,0,853000,0,853000
2014/12/09,0,0,0,0
2014/12/10,0,0,0,0
2014/12/11,0,0,-1709,-1709
2014/12/12,0,0,0,0
2014/12/15,0,0,-289000,-289000
2014/12/16,0,0,-13000,-13000
2014/12/17,0,100000,-57000,43000
2014/12/18,0,245000,0,245000
2014/12/19,0,387000,-1000,386000
2014/12/22,0,1365000,0,1365000
2014/12/23,0,20000,-182000,-162000
2014/12/24,0,42000,0,42000
2014/12/25,0,760000,-151000,609000
2014/12/26,0,719000,0,719000
2014/12/29,0,1030000,-81000,949000
2014/12/30,0,12000,0,12000
2014/12/31,0,1000,-355000,-354000
2015/01/01,0,0,0,0
2015/01/02,0,0,0,0
2015/01/05,0,85000,0,85000
2015/01/06,0,325000,0,325000
2015/01/07,0,30000,-122000,-92000
2015/01/08,0,0,-38000,-38000
2015/01/09,0,12000,-602000,-590000
2015/01/12,0,0,0,0
2015/01/13,0,0,0,0
2015/01/14,0,0,0,0
2015/01/15,0,0,0,0
2015/01/16,0,169000,0,169000
2015/01/19,0,0,-1000,-1000
2015/01/20,0,0,-83000,-83000
2015/01/21,0,583000,0,583000
2015/01/22,0,1997000,-106000,1891000
2015/01/23,0,601000,-72000,529000
2015/01/26,0,26000,-46000,-20000
2015/01/27,0,843000,-97000,746000
2015/01/28,0,178000,-97000,81000
2015/01/29,0,763000,-750000,13000
2015/01/30,0,45000,-1584000,-1539000
2015/02/02,0,0,0,0
2015/02/03,0,0,-65000,-65000
2015/02/04,0,0,0,0
2015/02/05,0,302000,-403000,-101000
2015/02/06,0,38000,-2000,36000
2015/02/09,0,11000,-222000,-211000
2015/02/10,0,100000,-220000,-120000
2015/02/11,0,100000,0,100000
2015/02/12,0,0,-1999000,-1999000
2015/02/13,0,123000,-5000,118000
2015/02/16,0,0,0,0
2015/02/17,0,0,0,0
2015/02/18,0,0,0,0
2015/02/19,0,0,0,0
2015/02/20,0,0,0,0
2015/02/23,0,0,0,0
2015/02/24,0,0,-20000,-20000
2015/02/25,0,80000,-21000,59000
2015/02/26,0,13000,-772000,-759000
2015/02/27,0,0,0,0
2015/03/02,0,232000,-1400000,-1168000
2015/03/03,0,0,-1000,-1000
2015/03/04,0,125000,-39000,86000
2015/03/05,0,0,-2000,-2000
2015/03/06,0,13000,0,13000
2015/03/09,0,0,-2000,-2000
2015/03/10,0,685000,0,685000
2015/03/11,0,100000,0,100000
2015/03/12,0,10000,-21034,-11034
2015/03/13,0,1126000,-20000,1106000
2015/03/16,0,1379000,-460000,919000
2015/03/17,0,0,-70000,-70000
2015/03/18,0,0,0,0
2015/03/19,0,179000,-55000,124000
2015/03/20,0,0,-549000,-549000
2015/03/23,0,605000,-88000,517000
2015/03/24,0,148000,-781000,-633000
2015/03/25,0,0,-102000,-102000
2015/03/26,0,0,-100000,-100000
2015/03/27,0,0,-298000,-298000
2015/03/30,0,0,0,0
2015/03/31,0,0,-391000,-391000
2015/04/01,0,588000,-1209000,-621000
2015/04/02,0,400000,-277000,123000
2015/04/03,0,0,0,0
2015/04/06,0,0,0,0
2015/04/07,0,600000,-2474000,-1874000
2015/04/08,0,800000,-362000,438000
2015/04/09,0,537000,-859000,-322000
2015/04/10,0,0,-639000,-639000
2015/04/13,0,0,-97000,-97000
2015/04/14,0,0,0,0
2015/04/15,0,31000,-838000,-807000
2015/04/16,0,0,-88000,-88000
2015/04/17,0,0,-1995000,-1995000
2015/04/20,0,4000,-1014000,-1010000
2015/04/21,0,268000,0,268000
2015/04/22,0,74000,0,74000
2015/04/23,0,55000,0,55000
2015/04/24,0,146000,-3416000,-3270000
2015/04/27,0,20000,-519000,-499000
2015/04/28,0,40000,-534000,-494000
2015/04/29,0,0,-43000,-43000
2015/04/30,0,10000,-536000,-526000
2015/05/01,0,0,0,0
2015/05/04,0,30000,-1000,29000
2015/05/05,0,3078000,-13000,3065000
2015/05/06,0,0,-20000,-20000
2015/05/07,0,10000,-1295000,-1285000
2015/05/08,0,0,-443000,-443000
2015/05/11,0,1000,-972000,-971000
2015/05/12,0,0,0,0
2015/05/13,0,10000,0,10000
2015/05/14,0,152000,0,152000
2015/05/15,0,0,-23000,-23000
2015/05/18,0,447000,-391000,56000
2015/05/19,0,0,0,0
2015/05/20,0,0,0,0
2015/05/21,0,38000,-4000,34000
2015/05/22,0,38000,-267000,-229000
2015/05/25,0,0,-153000,-153000
2015/05/26,0,0,0,0
2015/05/27,0,232000,0,232000
2015/05/28,0,20000,-4000,16000
2015/05/29,0,20000,-25000,-5000
2015/06/01,0,0,-2570000,-2570000
2015/06/02,0,0,-757000,-757000
2015/06/03,0,31000,-586000,-555000
2015/06/04,0,2665,-68000,-65335
2015/06/05,0,34000,-297000,-263000
2015/06/08,0,0,-343000,-343000
2015/06/09,0,0,0,0
2015/06/10,0,3000,-366000,-363000
2015/06/11,0,0,0,0
2015/06/12,0,0,-55000,-55000
2015/06/15,0,0,0,0
2015/06/16,0,0,-80000,-80000
2015/06/17,0,0,-102000,-102000
2015/06/18,0,276000,-57000,219000
2015/06/19,0,0,0,0
2015/06/22,0,905000,-1000,904000
2015/06/23,0,2928000,-6000,2922000
2015/06/24,0,510000,-26000,484000
2015/06/25,0,130000,-3000,127000
2015/06/26,0,58000,0,58000
2015/06/29,0,0,-1000,-1000
2015/06/30,0,1076000,-800000,276000
2015/07/01,0,32000,0,32000
2015/07/02,0,5000,0,5000
2015/07/03,0,0,-653000,-653000
2015/07/06,0,0,-530000,-530000
2015/07/07,0,0,-50000,-50000
2015/07/08,0,0,-50000,-50000
2015/07/09,0,2000,-106000,-104000
2015/07/10,0,0,0,0
2015/07/13,0,0,-38000,-38000
2015/07/14,0,0,-508000,-508000
2015/07/15,0,556000,0,556000
2015/07/16,0,0,-80000,-80000
2015/07/17,0,48000,-174000,-126000
2015/07/20,0,0,-174000,-174000
2015/07/21,0,0,-1338000,-1338000
2015/07/22,0,54000,0,54000
2015/07/23,0,268000,0,268000
2015/07/24,0,82000,-81000,1000
2015/07/27,0,278000,-2330000,-2052000
2015/07/28,0,305000,0,305000
2015/07/29,0,461000,0,461000
2015/07/30,0,1340000,-1543000,-203000
2015/07/31,0,560000,0,560000
2015/08/03,0,442000,-1268000,-826000
2015/08/04,0,338000,-1000000,-662000
2015/08/05,0,136000,-113000,23000
2015/08/06,0,151000,-1195000,-1044000
2015/08/07,0,72000,0,72000
2015/08/10,0,15000,-111000,-96000
2015/08/11,0,4000,-310000,-306000
2015/08/12,0,352000,-338000,14000
2015/08/13,0,218000,0,218000
2015/08/14,0,332000,-154000,178000
2015/08/17,0,3000,0,3000
2015/08/18,0,0,-117000,-117000
2015/08/19,0,1000,-1044000,-1043000
2015/08/20,0,2000,0,2000
2015/08/21,0,0,-2000,-2000
2015/08/24,0,0,0,0
2015/08/25,0,805000,-340230,464770
2015/08/26,0,76000,-141000,-65000
2015/08/27,0,0,0,0
2015/08/28,0,0,0,0
2015/08/31,0,191000,-649000,-458000
2015/09/01,0,108000,-119000,-11000
2015/09/02,0,71000,0,71000
2015/09/03,0,282000,-853000,-571000
2015/09/04,0,2000,-301000,-299000
2015/09/07,0,22000,0,22000
2015/09/08,0,10000,0,10000
2015/09/09,0,299000,-23000,276000
2015/09/10,0,215000,0,215000
2015/09/11,0,10000,-279000,-269000
2015/09/14,0,5000,-45000,-40000
2015/09/15,0,6000,-439000,-433000
2015/09/16,0,0,-1124000,-1124000
2015/09/17,0,0,-143000,-143000
2015/09/18,0,41000,-215000,-174000
2015/09/21,0,34000,0,34000
2015/09/22,0,1765,-314000,-312235
2015/09/23,0,0,-63000,-63000
2015/09/24,0,0,-320805,-320805
2015/09/25,0,0,0,0
2015/09/28,0,0,0,0
2015/09/29,0,0,0,0
2015/09/30,0,0,0,0
2015/10/01,0,6000,-20000,-14000
2015/10/02,0,30000,-310381,-280381
2015/10/05,0,1002000,0,1002000
2015/10/06,0,0,0,0
2015/10/07,0,196000,0,196000
2015/10/08,0,192000,0,192000
2015/10/09,0,0,0,0
2015/10/12,0,235000,0,235000
2015/10/13,0,193000,0,193000
2015/10/14,0,0,0,0
2015/10/15,0,197000,-91000,106000
2015/10/16,0,5000,0,5000
2015/10/19,0,223000,0,223000
2015/10/20,0,0,0,0
2015/10/21,0,241000,0,241000
2015/10/22,0,193000,-92000,101000
2015/10/23,0,0,-335000,-335000
2015/10/26,0,868000,0,868000
2015/10/27,0,0,0,0
2015/10/28,0,97000,0,97000
2015/10/29,0,0,-53000,-53000
2015/10/30,0,96000,0,96000
2015/11/02,0,192000,0,192000
2015/11/03,0,5000,0,5000
2015/11/04,0,37000,-1000,36000
2015/11/05,0,0,-107000,-107000
2015/11/06,0,0,0,0
2015/11/09,0,162000,-5748000,-5586000
2015/11/10,0,0,0,0
2015/11/11,0,95000,0,95000
2015/11/12,0,0,0,0
2015/11/13,0,170000,0,170000
2015/11/16,0,640000,0,640000
2015/11/17,0,0,0,0
2015/11/18,0,32000,0,32000
2015/11/19,0,237000,-133000,104000
2015/11/20,0,30000,-3000,27000
2015/11/23,0,0,-3000,-3000
2015/11/24,0,25000,-88000,-63000
2015/11/25,0,0,0,0
2015/11/26,0,10000,-57000,-47000
2015/11/27,0,308000,0,308000
2015/11/30,0,1000,0,1000
2015/12/01,0,0,-1000,-1000
2015/12/02,0,433000,-118000,315000
2015/12/03,0,190000,-17000,173000
2015/12/04,0,100000,0,100000
2015/12/07,0,29000,0,29000
2015/12/08,0,1305000,0,1305000
2015/12/09,0,1000,0,1000
2015/12/10,0,292000,-79000,213000
2015/12/11,0,483000,0,483000
2015/12/14,0,815000,-405230,409770
2015/12/15,0,77000,-1513000,-1436000
2015/12/16,0,139000,-465000,-326000
2015/12/17,0,75000,-446000,-371000
2015/12/18,0,274000,-10000,264000
2015/12/21,0,2158000,0,2158000
2015/12/22,0,82000,-6000,76000
2015/12/23,0,420000,-312000,108000
2015/12/24,0,225000,0,225000
2015/12/25,0,260000,0,260000
2015/12/28,0,215000,-134000,81000
2015/12/29,0,270000,-375000,-105000
2015/12/30,0,0,-155000,-155000
2015/12/31,0,0,-46000,-46000
2016/01/01,0,0,0,0
2016/01/04,0,0,0,0
2016/01/05,0,30000,-3000,27000
2016/01/06,0,83000,0,83000
2016/01/07,0,700000,-36000,664000
2016/01/08,0,700000,0,700000
2016/01/11,0,800000,0,800000
2016/01/12,0,2195000,-2000,2193000
2016/01/13,0,49000,-2000,47000
2016/01/14,0,810000,0,810000
2016/01/15,0,0,-18000,-18000
2016/01/18,0,0,0,0
2016/01/19,0,0,-374000,-374000
2016/01/20,0,0,-18000,-18000
2016/01/21,0,1500000,-382000,1118000
2016/01/22,0,1560000,0,1560000
2016/01/25,0,1500000,-1000,1499000
2016/01/26,0,90000,0,90000
2016/01/27,0,59000,0,59000
2016/01/28,0,0,-65000,-65000
2016/01/29,0,61000,-33000,28000
2016/02/01,0,0,0,0
2016/02/02,0,0,0,0
2016/02/03,0,9000,0,9000
2016/02/04,0,0,0,0
2016/02/05,0,0,0,0
2016/02/08,0,0,0,0
2016/02/09,0,0,0,0
2016/02/10,0,0,0,0
2016/02/11,0,0,0,0
2016/02/12,0,0,0,0
2016/02/15,0,9339,0,9339
2016/02/16,0,0,0,0
2016/02/17,0,0,-95000,-95000
2016/02/18,0,1000000,-54000,946000
2016/02/19,0,0,-454000,-454000
2016/02/22,0,0,-1020000,-1020000
2016/02/23,0,0,0,0
2016/02/24,0,0,-616000,-616000
2016/02/25,0,738000,0,738000
2016/02/26,0,0,-561361,-561361
2016/02/29,0,0,0,0
2016/03/01,0,0,-120000,-120000
2016/03/02,0,0,-61000,-61000
2016/03/03,0,0,-8000,-8000
2016/03/04,0,0,-32000,-32000
2016/03/07,0,0,0,0
2016/03/08,0,1163000,-2569000,-1406000
2016/03/09,0,0,-12000,-12000
2016/03/10,0,0,-3591000,-3591000
2016/03/11,0,90000,-843000,-753000
2016/03/14,0,0,0,0
2016/03/15,0,0,-238000,-238000
2016/03/16,0,0,-246000,-246000
2016/03/17,0,0,0,0
2016/03/18,0,125000,-50000,75000
2016/03/21,0,138000,0,138000
2016/03/22,0,0,0,0
2016/03/23,0,0,-180000,-180000
2016/03/24,0,0,-497805,-497805
2016/03/25,0,600000,-203000,397000
2016/03/28,0,77000,-549000,-472000
2016/03/29,0,0,-209000,-209000
2016/03/30,0,242000,-200000,42000
2016/03/31,0,0,-517073,-517073
2016/04/01,0,0,0,0
2016/04/04,0,0,0,0
2016/04/05,0,0,0,0
2016/04/06,0,18000,0,18000
2016/04/07,0,0,-60000,-60000
2016/04/08,0,64000,0,64000
2016/04/11,0,209000,0,209000
2016/04/12,0,2000,0,2000
2016/04/13,0,0,-64000,-64000
2016/04/14,0,0,0,0
2016/04/15,0,122000,-109000,13000
2016/04/18,0,0,-105000,-105000
2016/04/19,0,0,-398576,-398576
2016/04/20,0,1000,0,1000
2016/04/21,0,0,0,0
2016/04/22,0,0,0,0
2016/04/25,0,0,0,0
2016/04/26,0,0,0,0
2016/04/27,0,0,0,0
2016/04/28,0,0,0,0
2016/04/29,0,0,-300000,-300000
2016/05/02,0,0,0,0
2016/05/03,0,0,-8000,-8000
2016/05/04,0,0,-49506,-49506
2016/05/05,0,0,-93000,-93000
2016/05/06,0,0,0,0
2016/05/09,0,0,-300000,-300000
2016/05/10,0,1223,-90667,-89444
2016/05/11,0,0,0,0
2016/05/12,0,0,0,0
2016/05/13,0,0,0,0
2016/05/16,0,210000,0,210000
2016/05/17,0,0,0,0
2016/05/18,0,0,0,0
2016/05/19,0,0,0,0
2016/05/20,0,0,-28000,-28000
2016/05/23,0,1250000,0,1250000
2016/05/24,0,400000,0,400000
2016/05/25,0,150000,0,150000
2016/05/26,0,0,0,0
2016/05/27,0,4530000,-1250000,3280000
2016/05/30,0,60000,-200000,-140000
2016/05/31,0,0,-1000,-1000
2016/06/01,0,0,-200000,-200000
2016/06/02,0,277000,0,277000
2016/06/03,0,0,0,0
2016/06/06,0,0,-123000,-123000
2016/06/07,0,0,-445000,-445000
2016/06/08,0,0,-18000,-18000
2016/06/09,0,0,0,0
2016/06/10,0,0,0,0
2016/06/13,0,0,0,0
2016/06/14,0,500000,0,500000
2016/06/15,0,100000,0,100000
2016/06/16,0,161000,-9000,152000
2016/06/17,0,88000,-25000,63000
2016/06/20,0,0,-4000,-4000
2016/06/21,0,108000,0,108000
2016/06/22,0,1277000,0,1277000
2016/06/23,0,0,0,0
2016/06/24,0,0,-2332000,-2332000
2016/06/27,0,0,-12000,-12000
2016/06/28,0,1000,0,1000
2016/06/29,0,150000,-101000,49000
2016/06/30,0,300000,-83343,216657
2016/07/01,0,450000,-160000,290000
2016/07/04,0,0,0,0
2016/07/05,0,0,-18000,-18000
2016/07/06,0,0,-20000,-20000
2016/07/07,0,0,0,0
2016/07/08,0,0,0,0
2016/07/11,0,0,0,0
2016/07/12,0,0,-809000,-809000
2016/07/13,0,0,-515000,-515000
2016/07/14,0,0,-320000,-320000
2016/07/15,0,0,-300000,-300000
2016/07/18,0,0,0,0
2016/07/19,0,17000,-1000,16000
2016/07/20,0,45000,-5000,40000
2016/07/21,0,1000,-7000,-6000
2016/07/22,0,35000,-6000,29000
2016/07/25,0,221000,-260000,-39000
2016/07/26,0,34000,0,34000
2016/07/27,0,0,-921000,-921000
2016/07/28,0,0,-515000,-515000
2016/07/29,0,1000,-905803,-904803
2016/08/01,0,0,-105000,-105000
2016/08/02,0,0,-701000,-701000
2016/08/03,0,6000,-3000,3000
2016/08/04,0,13000,-19000,-6000
2016/08/05,0,0,-1000,-1000
2016/08/08,0,19000,-3000,16000
2016/08/09,0,7000,-250000,-243000
2016/08/10,0,0,-83000,-83000
2016/08/11,0,0,-1000,-1000
2016/08/12,0,15000,-581000,-566000
2016/08/15,0,13000,-154000,-141000
2016/08/16,0,8000,-3000,5000
2016/08/17,0,4000,0,4000
2016/08/18,0,0,-1000,-1000
2016/08/19,0,0,-116000,-116000
2016/08/22,0,12000,0,12000
2016/08/23,0,6000,0,6000
2016/08/24,0,0,-831000,-831000
2016/08/25,0,11000,-1000,10000
2016/08/26,0,1000,0,1000
2016/08/29,0,6000,-1000,5000
2016/08/30,0,25000,-636000,-611000
2016/08/31,0,0,-342000,-342000
2016/09/01,0,46000,-333000,-287000
2016/09/02,0,3000,0,3000
2016/09/05,0,107000,0,107000
2016/09/06,0,0,0,0
2016/09/07,0,204000,0,204000
2016/09/08,0,84000,-3000,81000
2016/09/09,0,103000,-92000,11000
2016/09/12,0,0,0,0
2016/09/13,0,1000,0,1000
2016/09/14,0,990000,0,990000
2016/09/15,0,0,0,0
2016/09/16,0,0,0,0
2016/09/19,0,0,0,0
2016/09/20,0,0,-237000,-237000
2016/09/21,0,0,0,0
2016/09/22,0,156000,0,156000
2016/09/23,0,0,-37000,-37000
2016/09/26,0,0,0,0
2016/09/27,0,0,0,0
2016/09/28,0,0,0,0
2016/09/29,0,0,0,0
2016/09/30,0,28288,0,28288
2016/10/03,0,0,0,0
2016/10/04,0,0,0,0
2016/10/05,0,0,0,0
2016/10/06,0,1000000,0,1000000
2016/10/07,0,0,-138000,-138000
2016/10/10,0,0,0,0
2016/10/11,0,0,0,0
2016/10/12,0,0,0,0
2016/10/13,0,0,0,0
2016/10/14,0,42000,0,42000
2016/10/17,0,0,0,0
2016/10/18,0,0,0,0
2016/10/19,0,0,-33000,-33000
2016/10/20,0,0,-34000,-34000
2016/10/21,0,0,-17000,-17000
2016/10/24,0,118000,0,118000
2016/10/25,0,0,-38000,-38000
2016/10/26,0,0,0,0
2016/10/27,0,26000,0,26000
2016/10/28,0,0,0,0
2016/10/31,0,0,0,0
2016/11/01,0,0,0,0
2016/11/02,0,444000,-46,443954
2016/11/03,0,1041000,-127000,914000
2016/11/04,0,161250,0,161250
2016/11/07,0,0,0,0
2016/11/08,0,278000,0,278000
2016/11/09,0,0,-213000,-213000
2016/11/10,0,449000,0,449000
2016/11/11,0,681000,0,681000
2016/11/14,0,330000,-143000,187000
2016/11/15,0,795000,-27000,768000
2016/11/16,0,312000,-12000,300000
2016/11/17,0,20000,-97000,-77000
2016/11/18,0,704000,0,704000
2016/11/21,0,150000,0,150000
2016/11/22,0,44000,-14000,30000
2016/11/23,0,4000,0,4000
2016/11/24,0,0,0,0
2016/11/25,0,0,0,0
2016/11/28,0,0,0,0
2016/11/29,0,197000,-24234,172766
2016/11/30,0,152000,0,152000
2016/12/01,0,0,0,0
2016/12/02,0,0,0,0
2016/12/05,0,0,0,0
2016/12/06,0,46000,0,46000
2016/12/07,0,0,0,0
2016/12/08,0,42000,0,42000
2016/12/09,0,0,0,0
2016/12/12,0,0,0,0
2016/12/13,0,0,-50000,-50000
2016/12/14,0,73000,-58000,15000
2016/12/15,0,0,0,0
2016/12/16,0,0,-1000,-1000
2016/12/19,0,0,0,0
2016/12/20,0,0,0,0
2016/12/21,0,0,0,0
2016/12/22,0,0,-42000,-42000
2016/12/23,0,0,0,0
2016/12/26,0,0,0,0
2016/12/27,0,0,0,0
2016/12/28,0,0,0,0
2016/12/29,0,0,-25000,-25000
2016/12/30,0,0,0,0
2017/01/02,0,0,0,0
2017/01/03,0,0,0,0
2017/01/04,0,0,0,0
2017/01/05,0,42000,0,42000
2017/01/06,0,28000,0,28000
2017/01/09,0,0,0,0
2017/01/10,0,0,0,0
2017/01/11,0,0,-41000,-41000
2017/01/12,0,137000,-241000,-104000
2017/01/13,0,0,0,0
2017/01/16,0,0,0,0
2017/01/17,0,0,0,0
2017/01/18,0,0,0,0
2017/01/19,0,0,-67000,-67000
2017/01/20,0,0,-120000,-120000
2017/01/23,0,608,0,608
2017/01/24,0,0,0,0
2017/01/25,0,0,0,0
2017/01/26,0,0,0,0
2017/01/27,0,0,0,0
2017/01/30,0,0,0,0
2017/01/31,0,0,0,0
2017/02/01,0,0,0,0
2017/02/02,0,0,-118000,-118000
2017/02/03,0,16000,0,16000
2017/02/06,0,0,0,0
2017/02/07,0,0,-58000,-58000
2017/02/08,0,0,0,0
2017/02/09,0,0,0,0
2017/02/10,0,0,0,0
2017/02/13,0,0,0,0
2017/02/14,0,0,0,0
2017/02/15,0,42000,-210000,-168000
2017/02/16,0,0,0,0
2017/02/17,0,0,0,0
2017/02/20,0,0,0,0
2017/02/21,0,0,0,0
2017/02/22,0,0,0,0
2017/02/23,0,0,0,0
2017/02/24,0,0,0,0
2017/02/27,0,0,0,0
2017/02/28,0,0,0,0
2017/03/01,0,0,0,0
2017/03/02,0,0,0,0
2017/03/03,0,0,-4000,-4000
2017/03/06,0,0,-1058000,-1058000
2017/03/07,0,131000,0,131000
2017/03/08,0,0,0,0
2017/03/09,0,0,-1233000,-1233000
2017/03/10,0,0,0,0
2017/03/13,0,0,0,0
2017/03/14,0,0,-9000,-9000
2017/03/15,0,0,0,0
2017/03/16,0,0,0,0
2017/03/17,0,77500,0,77500
2017/03/20,0,135000,-1000,134000
2017/03/21,0,2000,0,2000
2017/03/22,0,0,0,0
2017/03/23,0,0,0,0
2017/03/24,0,0,0,0
2017/03/27,0,2000,0,2000
2017/03/28,0,0,0,0
2017/03/29,0,123330,0,123330
2017/03/30,0,4432,0,4432
2017/03/31,0,9482,0,9482
2017/04/03,0,0,0,0
2017/04/04,0,0,0,0
2017/04/05,0,3160,0,3160
2017/04/06,0,0,0,0
2017/04/07,0,0,0,0
2017/04/10,0,0,0,0
2017/04/11,0,0,0,0
2017/04/12,0,0,0,0
2017/04/13,0,0,0,0
2017/04/14,0,0,-6000,-6000
2017/04/17,0,0,0,0
2017/04/18,0,0,0,0
2017/04/19,0,3159,0,3159
2017/04/20,0,0,0,0
2017/04/21,0,0,0,0
2017/04/24,0,0,0,0
2017/04/25,0,0,-23,-23
2017/04/26,0,0,0,0
2017/04/27,0,0,-150000,-150000
2017/04/28,0,0,-154000,-154000
2017/05/01,0,0,0,0
2017/05/02,0,0,-3000,-3000
2017/05/03,0,0,0,0
2017/05/04,0,19709,-1000,18709
2017/05/05,0,0,-3744,-3744
2017/05/08,0,0,0,0
2017/05/09,0,0,0,0
2017/05/10,0,0,-1338000,-1338000
2017/05/11,0,0,-962000,-962000
2017/05/12,0,0,0,0
2017/05/15,0,122000,-100000,22000
2017/05/16,0,360000,0,360000
2017/05/17,0,0,0,0
2017/05/18,0,0,-4000,-4000
2017/05/19,0,15000,0,15000
2017/05/22,0,0,0,0
2017/05/23,0,0,0,0
2017/05/24,0,0,0,0
2017/05/25,0,0,-2000,-2000
2017/05/26,0,0,-18000,-18000
2017/05/29,0,0,0,0
2017/05/30,0,0,0,0
2017/05/31,0,0,-5000,-5000
2017/06/01,0,0,0,0
2017/06/02,0,0,-11000,-11000
2017/06/05,0,0,-15000,-15000
2017/06/06,0,0,-278000,-278000
2017/06/07,0,0,-4000,-4000
2017/06/08,0,0,-263000,-263000
2017/06/09,0,0,-4000,-4000
2017/06/12,0,0,0,0
2017/06/13,0,0,-62000,-62000
2017/06/14,0,0,0,0
2017/06/15,0,0,-349000,-349000
2017/06/16,0,15000,-827000,-812000
2017/06/19,0,59000,-8000,51000
2017/06/20,0,0,-12539,-12539
2017/06/21,0,4000,0,4000
2017/06/22,0,0,0,0
2017/06/23,0,409000,-3000,406000
2017/06/26,0,0,-4000,-4000
2017/06/27,0,0,-2589000,-2589000
2017/06/28,0,0,-465512,-465512
2017/06/29,0,0,-2000,-2000
2017/06/30,0,4000,0,4000
2017/07/03,0,0,-8000,-8000
2017/07/04,0,0,-3000,-3000
2017/07/05,0,0,0,0
2017/07/06,0,0,-205437,-205437
2017/07/07,0,0,0,0
2017/07/10,0,0,-3000,-3000
2017/07/11,0,0,0,0
2017/07/12,0,0,-9585,-9585
2017/07/13,0,0,-6000,-6000
2017/07/14,0,0,-6000,-6000
2017/07/17,0,291,0,291
2017/07/18,0,11000,0,11000
2017/07/19,0,0,0,0
2017/07/20,0,3000,0,3000
2017/07/21,0,0,0,0
2017/07/24,0,0,0,0
2017/07/25,0,1000,0,1000
2017/07/26,0,1000,-3000,-2000
2017/07/27,0,0,0,0
2017/07/28,0,0,0,0
2017/07/31,0,4000,0,4000
2017/08/01,0,3000,-6000,-3000
2017/08/02,0,3000,-5000,-2000
2017/08/03,0,5000,-73000,-68000
2017/08/04,0,7000,0,7000
2017/08/07,0,12000,0,12000
2017/08/08,0,6000,-3000,3000
2017/08/09,0,22000,0,22000
2017/08/10,0,8000,0,8000
2017/08/11,0,0,0,0
2017/08/14,0,0,0,0
2017/08/15,0,4000,-1000,3000
2017/08/16,0,17000,0,17000
2017/08/17,0,0,0,0
2017/08/18,0,20000,0,20000
