Date,Open,Buy,Sell,Total
2007/04/23,0,29000,-484000,-455000
2007/04/24,0,55000,-123000,-68000
2007/04/25,0,0,-50000,-50000
2007/04/26,0,0,-87000,-87000
2007/04/27,0,125000,-108000,17000
2007/04/30,0,50000,-224971,-174971
2007/05/01,0,0,0,0
2007/05/02,0,50000,-124000,-74000
2007/05/03,0,38000,-207000,-169000
2007/05/04,0,1000,0,1000
2007/05/07,0,0,-163000,-163000
2007/05/08,0,285000,-4116,280884
2007/05/09,0,0,-6000,-6000
2007/05/10,0,0,-1000,-1000
2007/05/11,0,1000,-10000,-9000
2007/05/14,0,1505000,-150000,1355000
2007/05/15,0,75000,-375000,-300000
2007/05/16,0,0,-100000,-100000
2007/05/17,0,325000,-3000,322000
2007/05/18,0,4000,-945000,-941000
2007/05/21,0,1000,-15000,-14000
2007/05/22,0,899000,-330000,569000
2007/05/23,0,0,-50000,-50000
2007/05/24,0,0,-37000,-37000
2007/05/25,0,0,-165000,-165000
2007/05/28,0,0,-1326000,-1326000
2007/05/29,0,0,-125000,-125000
2007/05/30,0,176000,-40000,136000
2007/05/31,0,403000,-30000,373000
2007/06/01,0,605000,-25000,580000
2007/06/04,0,1435000,-100000,1335000
2007/06/05,0,1955000,-50000,1905000
2007/06/06,0,183000,-350000,-167000
2007/06/07,0,650000,0,650000
2007/06/08,0,0,0,0
2007/06/11,0,0,-150000,-150000
2007/06/12,0,1000,-29000,-28000
2007/06/13,0,0,-1000,-1000
2007/06/14,0,9000,-150000,-141000
2007/06/15,0,1130000,0,1130000
2007/06/18,0,0,0,0
2007/06/19,0,0,0,0
2007/06/20,0,1214000,-1112000,102000
2007/06/21,0,88000,-4000,84000
2007/06/22,0,170000,0,170000
2007/06/25,0,504000,-50000,454000
2007/06/26,0,915000,-868000,47000
2007/06/27,0,97000,-500000,-403000
2007/06/28,0,76000,0,76000
2007/06/29,0,40000,-10000,30000
2007/07/02,0,713000,-276000,437000
2007/07/03,0,97000,-1333000,-1236000
2007/07/04,0,517000,-10000,507000
2007/07/05,0,95000,-44000,51000
2007/07/06,0,112000,-1785000,-1673000
2007/07/09,0,643000,-1048000,-405000
2007/07/10,0,81000,-440000,-359000
2007/07/11,0,141000,-123148,17852
2007/07/12,0,290000,-160000,130000
2007/07/13,0,1388000,-59138,1328862
2007/07/16,0,126000,-89000,37000
2007/07/17,0,472000,-374000,98000
2007/07/18,0,144000,-378000,-234000
2007/07/19,0,279000,-253130,25870
2007/07/20,0,508000,-693316,-185316
2007/07/23,0,195000,-271000,-76000
2007/07/24,0,224000,-577000,-353000
2007/07/25,0,103000,-76000,27000
2007/07/26,0,110000,-420000,-310000
2007/07/27,0,596000,-446000,150000
2007/07/30,0,128000,-30000,98000
2007/07/31,0,668000,-18000,650000
2007/08/01,0,1296000,-338000,958000
2007/08/02,0,188000,-865027,-677027
2007/08/03,0,109000,-43000,66000
2007/08/06,0,50000,-280000,-230000
2007/08/07,0,165000,-431000,-266000
2007/08/08,0,182000,-10000,172000
2007/08/09,0,290000,-78000,212000
2007/08/10,0,15000,-315000,-300000
2007/08/13,0,283000,-214000,69000
2007/08/14,0,312000,-110000,202000
2007/08/15,0,1000,-198000,-197000
2007/08/16,0,13000,-2416000,-2403000
2007/08/17,0,1257000,-1690000,-433000
2007/08/20,0,514000,-100000,414000
2007/08/21,0,329000,-336000,-7000
2007/08/22,0,31000,-95000,-64000
2007/08/23,0,583000,-520000,63000
2007/08/24,0,107000,-174000,-67000
2007/08/27,0,1278000,-183000,1095000
2007/08/28,0,100000,-404000,-304000
2007/08/29,0,292000,-1023000,-731000
2007/08/30,0,577000,-330000,247000
2007/08/31,0,235000,0,235000
2007/09/03,0,287000,-975000,-688000
2007/09/04,0,966000,-24000,942000
2007/09/05,0,565000,-426000,139000
2007/09/06,0,108000,-162000,-54000
2007/09/07,0,804000,-172000,632000
2007/09/10,0,100000,-91000,9000
2007/09/11,0,175000,-6000,169000
2007/09/12,0,170000,-55000,115000
2007/09/13,0,52000,-76000,-24000
2007/09/14,0,571000,-119000,452000
2007/09/17,0,11000,-238000,-227000
2007/09/18,0,0,0,0
2007/09/19,0,7000,-131000,-124000
2007/09/20,0,182000,-105000,77000
2007/09/21,0,275000,0,275000
2007/09/24,0,0,0,0
2007/09/25,0,0,0,0
2007/09/26,0,1394000,-58000,1336000
2007/09/27,0,611000,-143000,468000
2007/09/28,0,1384000,-37000,1347000
2007/10/01,0,0,-44000,-44000
2007/10/02,0,68000,-549000,-481000
2007/10/03,0,117000,-153000,-36000
2007/10/04,0,37000,-328000,-291000
2007/10/05,0,0,-130000,-130000
2007/10/08,0,1415000,-18000,1397000
2007/10/09,0,42000,-313000,-271000
2007/10/10,0,0,0,0
2007/10/11,0,67000,-303143,-236143
2007/10/12,0,0,-351000,-351000
2007/10/15,0,10000,-595000,-585000
2007/10/16,0,44000,-190000,-146000
2007/10/17,0,92000,-561000,-469000
2007/10/18,0,35000,-192000,-157000
2007/10/19,0,90000,-388000,-298000
2007/10/22,0,224000,-948000,-724000
2007/10/23,0,1000,-632000,-631000
2007/10/24,0,67000,-533000,-466000
2007/10/25,0,1029000,-1319000,-290000
2007/10/26,0,6000,-515000,-509000
2007/10/29,0,30000,-1181000,-1151000
2007/10/30,0,108000,-33000,75000
2007/10/31,0,175000,-15000,160000
2007/11/01,0,179000,-660000,-481000
2007/11/02,0,307000,-748000,-441000
2007/11/05,0,106000,-40000,66000
2007/11/06,0,29000,0,29000
2007/11/07,0,207000,-157000,50000
2007/11/08,0,30000,-380000,-350000
2007/11/09,0,151000,-702000,-551000
2007/11/12,0,23000,-390000,-367000
2007/11/13,0,51000,-13000,38000
2007/11/14,0,701000,-58000,643000
2007/11/15,0,50000,-46000,4000
2007/11/16,0,0,-58000,-58000
2007/11/19,0,0,-7000,-7000
2007/11/20,0,15000,-235000,-220000
2007/11/21,0,7000,-122000,-115000
2007/11/22,0,31000,-259000,-228000
2007/11/23,0,6000,-1000,5000
2007/11/26,0,62000,0,62000
2007/11/27,0,63000,-34000,29000
2007/11/28,0,7000,-61000,-54000
2007/11/29,0,11000,-173000,-162000
2007/11/30,0,510000,-179000,331000
2007/12/03,0,126000,-2000,124000
2007/12/04,0,275000,-274000,1000
2007/12/05,0,581000,-9000,572000
2007/12/06,0,150000,-82000,68000
2007/12/07,0,189000,-5000,184000
2007/12/10,0,141000,-125000,16000
2007/12/11,0,2651000,-32000,2619000
2007/12/12,0,65000,-489000,-424000
2007/12/13,0,2000,-170000,-168000
2007/12/14,0,88000,-303000,-215000
2007/12/17,0,27000,-81000,-54000
2007/12/18,0,151000,-167000,-16000
2007/12/19,0,6000,-347000,-341000
2007/12/20,0,4000,-636000,-632000
2007/12/21,0,9000,-131000,-122000
2007/12/24,0,1000,-13000,-12000
2007/12/25,0,39000,-7000,32000
2007/12/26,0,36000,-14000,22000
2007/12/27,0,219000,-60000,159000
2007/12/28,0,115000,-340000,-225000
2007/12/31,0,762000,-105000,657000
2008/01/01,0,0,0,0
2008/01/02,0,213000,-134000,79000
2008/01/03,0,565000,-83000,482000
2008/01/04,0,875000,-171000,704000
2008/01/07,0,388000,-602000,-214000
2008/01/08,0,243000,-481000,-238000
2008/01/09,0,670000,-679000,-9000
2008/01/10,0,290000,-52000,238000
2008/01/11,0,724000,-144000,580000
2008/01/14,0,113000,-300000,-187000
2008/01/15,0,236000,-176000,60000
2008/01/16,0,0,-611000,-611000
2008/01/17,0,158000,-285000,-127000
2008/01/18,0,95000,-238000,-143000
2008/01/21,0,12000,-134000,-122000
2008/01/22,0,20000,-270000,-250000
2008/01/23,0,814000,-1092000,-278000
2008/01/24,0,555000,-635000,-80000
2008/01/25,0,972000,0,972000
2008/01/28,0,6000,-305000,-299000
2008/01/29,0,257000,-265000,-8000
2008/01/30,0,87000,-121000,-34000
2008/01/31,0,226000,-960000,-734000
2008/02/01,0,32000,-125000,-93000
2008/02/04,0,0,0,0
2008/02/05,0,0,0,0
2008/02/06,0,0,0,0
2008/02/07,0,0,0,0
2008/02/08,0,0,0,0
2008/02/11,0,0,0,0
2008/02/12,0,23000,-827000,-804000
2008/02/13,0,17000,-615000,-598000
2008/02/14,0,533000,-117000,416000
2008/02/15,0,37000,-79000,-42000
2008/02/18,0,120000,-222000,-102000
2008/02/19,0,1081000,-62000,1019000
2008/02/20,0,410000,-406000,4000
2008/02/21,0,1426000,-808000,618000
2008/02/22,0,590000,-1069000,-479000
2008/02/25,0,122000,-292092,-170092
2008/02/26,0,52000,-69130,-17130
2008/02/27,0,528000,-200046,327954
2008/02/28,0,0,0,0
2008/02/29,0,34000,-101000,-67000
2008/03/03,0,25000,-70568,-45568
2008/03/04,0,411000,-64000,347000
2008/03/05,0,53000,-56000,-3000
2008/03/06,0,173000,-37137,135863
2008/03/07,0,27000,-13000,14000
2008/03/10,0,47000,-65000,-18000
2008/03/11,0,19000,-93000,-74000
2008/03/12,0,530000,-13714,516286
2008/03/13,0,250000,-73000,177000
2008/03/14,0,605000,-24000,581000
2008/03/17,0,60000,-98000,-38000
2008/03/18,0,62000,-1562,60438
2008/03/19,0,229000,-9000,220000
2008/03/20,0,448000,-20000,428000
2008/03/21,0,1709000,-16000,1693000
2008/03/24,0,2089000,-174000,1915000
2008/03/25,0,367000,-28000,339000
2008/03/26,0,384000,-61000,323000
2008/03/27,0,55000,-51000,4000
2008/03/28,0,38000,-68000,-30000
2008/03/31,0,542028,-281000,261028
2008/04/01,0,2600000,-74000,2526000
2008/04/02,0,35000,-379000,-344000
2008/04/03,0,15000,-417000,-402000
2008/04/04,0,0,0,0
2008/04/07,0,11000,-335000,-324000
2008/04/08,0,60000,-269000,-209000
2008/04/09,0,8000,-94000,-86000
2008/04/10,0,18000,-78000,-60000
2008/04/11,0,27000,-160000,-133000
2008/04/14,0,25000,-389686,-364686
2008/04/15,0,15000,-65182,-50182
2008/04/16,0,62000,-70000,-8000
2008/04/17,0,98000,-24000,74000
2008/04/18,0,62000,-52000,10000
2008/04/21,0,95000,-2000,93000
2008/04/22,0,70000,-808000,-738000
2008/04/23,0,97000,-709000,-612000
2008/04/24,0,77000,-200000,-123000
2008/04/25,0,27000,-399000,-372000
2008/04/28,0,68000,-670000,-602000
2008/04/29,0,115000,-943000,-828000
2008/04/30,0,89000,-326000,-237000
2008/05/01,0,0,0,0
2008/05/02,0,101000,-13000,88000
2008/05/05,0,63000,-42000,21000
2008/05/06,0,563000,-18000,545000
2008/05/07,0,246000,-53000,193000
2008/05/08,0,47000,-200000,-153000
2008/05/09,0,39000,-143000,-104000
2008/05/12,0,159000,-2665,156335
2008/05/13,0,714006,-63000,651006
2008/05/14,0,83000,-232000,-149000
2008/05/15,0,149000,-16000,133000
2008/05/16,0,213000,-6000,207000
2008/05/19,0,30000,-4000,26000
2008/05/20,0,90000,-310000,-220000
2008/05/21,0,43000,-342000,-299000
2008/05/22,0,35000,-214000,-179000
2008/05/23,0,98000,-1278000,-1180000
2008/05/26,0,32000,-554000,-522000
2008/05/27,0,80000,-217000,-137000
2008/05/28,0,75000,-903000,-828000
2008/05/29,0,92000,-600000,-508000
2008/05/30,0,85000,-638000,-553000
2008/06/02,0,50000,-93271,-43271
2008/06/03,0,50000,-181000,-131000
2008/06/04,0,186000,-185000,1000
2008/06/05,0,260000,-389000,-129000
2008/06/06,0,651000,-41000,610000
2008/06/09,0,56000,-233000,-177000
2008/06/10,0,100000,-407000,-307000
2008/06/11,0,98000,-189000,-91000
2008/06/12,0,557000,-1573000,-1016000
2008/06/13,0,209000,-130000,79000
2008/06/16,0,213000,-266000,-53000
2008/06/17,0,63000,-95000,-32000
2008/06/18,0,4000,-6000,-2000
2008/06/19,0,45000,-366000,-321000
2008/06/20,0,87000,-583000,-496000
2008/06/23,0,168000,-281000,-113000
2008/06/24,0,81000,-30000,51000
2008/06/25,0,324000,-30000,294000
2008/06/26,0,4000,-59000,-55000
2008/06/27,0,157000,-882000,-725000
2008/06/30,0,196000,-21000,175000
2008/07/01,0,110000,-10000,100000
2008/07/02,0,361000,-31000,330000
2008/07/03,0,149000,-87000,62000
2008/07/04,0,0,-59000,-59000
2008/07/07,0,2000,-173000,-171000
2008/07/08,0,90000,-1090000,-1000000
2008/07/09,0,338000,-56000,282000
2008/07/10,0,194000,-84000,110000
2008/07/11,0,53000,-195000,-142000
2008/07/14,0,58000,-175000,-117000
2008/07/15,0,22000,-255000,-233000
2008/07/16,0,0,-464000,-464000
2008/07/17,0,219000,-61000,158000
2008/07/18,0,20000,-207710,-187710
2008/07/21,0,1047000,0,1047000
2008/07/22,0,184000,-260000,-76000
2008/07/23,0,362000,-545000,-183000
2008/07/24,0,25000,-25000,0
2008/07/25,0,1000,-259000,-258000
2008/07/28,0,0,0,0
2008/07/29,0,0,-489000,-489000
2008/07/30,0,39000,-254000,-215000
2008/07/31,0,39000,-173000,-134000
2008/08/01,0,162000,-281000,-119000
2008/08/04,0,98000,-97000,1000
2008/08/05,0,78000,-151000,-73000
2008/08/06,0,69000,-86000,-17000
2008/08/07,0,89000,-75000,14000
2008/08/08,0,210000,-33000,177000
2008/08/11,0,1074000,-69000,1005000
2008/08/12,0,117000,-166000,-49000
2008/08/13,0,316000,-210000,106000
2008/08/14,0,439000,-32000,407000
2008/08/15,0,32000,-338000,-306000
2008/08/18,0,14000,-352000,-338000
2008/08/19,0,7000,-1189000,-1182000
2008/08/20,0,30000,-109000,-79000
2008/08/21,0,54000,-56000,-2000
2008/08/22,0,6000,-56000,-50000
2008/08/25,0,29000,-9000,20000
2008/08/26,0,21000,0,21000
2008/08/27,0,36000,-35000,1000
2008/08/28,0,30000,-56000,-26000
2008/08/29,0,112000,-21000,91000
2008/09/01,0,58000,-10000,48000
2008/09/02,0,25000,-14000,11000
2008/09/03,0,240000,-128000,112000
2008/09/04,0,1000,-197000,-196000
2008/09/05,0,0,-265000,-265000
2008/09/08,0,14000,-193000,-179000
2008/09/09,0,21000,-82000,-61000
2008/09/10,0,10000,-111000,-101000
2008/09/11,0,55000,-16000,39000
2008/09/12,0,27000,-2000,25000
2008/09/15,0,16000,-241000,-225000
2008/09/16,0,141000,-243000,-102000
2008/09/17,0,24000,-314000,-290000
2008/09/18,0,0,-24000,-24000
2008/09/19,0,179000,-196000,-17000
2008/09/22,0,155000,0,155000
2008/09/23,0,75000,-40000,35000
2008/09/24,0,306000,-68000,238000
2008/09/25,0,128000,-100000,28000
2008/09/26,0,25000,-459000,-434000
2008/09/29,0,0,0,0
2008/09/30,0,0,-234000,-234000
2008/10/01,0,210000,-8000,202000
2008/10/02,0,146000,-106000,40000
2008/10/03,0,30000,-6000,24000
2008/10/06,0,0,-50000,-50000
2008/10/07,0,66000,-68000,-2000
2008/10/08,0,40000,-184000,-144000
2008/10/09,0,26000,-62000,-36000
2008/10/10,0,0,0,0
2008/10/13,0,0,-27000,-27000
2008/10/14,0,13000,0,13000
2008/10/15,0,43000,-939,42061
2008/10/16,0,1000,0,1000
2008/10/17,0,44000,-112000,-68000
2008/10/20,0,11000,-99929,-88929
2008/10/21,0,103000,-44000,59000
2008/10/22,0,14000,-2376,11624
2008/10/23,0,0,0,0
2008/10/24,0,0,-23000,-23000
2008/10/27,0,0,0,0
2008/10/28,0,0,0,0
2008/10/29,0,61000,-233000,-172000
2008/10/30,0,6000,-38000,-32000
2008/10/31,0,0,-8000,-8000
2008/11/03,0,119000,-63000,56000
2008/11/04,0,17000,-27000,-10000
2008/11/05,0,58000,-3000,55000
2008/11/06,0,3000,-18000,-15000
2008/11/07,0,0,-78000,-78000
2008/11/10,0,47000,-46000,1000
2008/11/11,0,12000,-32000,-20000
2008/11/12,0,11000,-13000,-2000
2008/11/13,0,14000,-17108,-3108
2008/11/14,0,1000,-19000,-18000
2008/11/17,0,7000,-53000,-46000
2008/11/18,0,55000,-29000,26000
2008/11/19,0,29000,-66676,-37676
2008/11/20,0,55000,-37000,18000
2008/11/21,0,34000,-55000,-21000
2008/11/24,0,0,0,0
2008/11/25,0,25000,-7000,18000
2008/11/26,0,0,0,0
2008/11/27,0,0,0,0
2008/11/28,0,500000,0,500000
2008/12/01,0,192000,-10000,182000
2008/12/02,0,0,-20000,-20000
2008/12/03,0,65000,-153000,-88000
2008/12/04,0,700000,-33000,667000
2008/12/05,0,40000,-522000,-482000
2008/12/08,0,242000,0,242000
2008/12/09,0,172000,-16000,156000
2008/12/10,0,281000,-22399,258601
2008/12/11,0,243000,-21000,222000
2008/12/12,0,122000,-142000,-20000
2008/12/15,0,7000,-211000,-204000
2008/12/16,0,395000,-19000,376000
2008/12/17,0,150000,-393000,-243000
2008/12/18,0,103000,-2000,101000
2008/12/19,0,4000,-1000000,-996000
2008/12/22,0,1000,-7000,-6000
2008/12/23,0,1000,-15000,-14000
2008/12/24,0,15000,-13000,2000
2008/12/25,0,8000,-7000,1000
2008/12/26,0,3000,-4000,-1000
2008/12/29,0,13000,-2000,11000
2008/12/30,0,0,-5143,-5143
2008/12/31,0,76000,-4000,72000
2009/01/01,0,0,0,0
2009/01/02,0,0,0,0
2009/01/05,0,1082000,-3000,1079000
2009/01/06,0,119000,-10000,109000
2009/01/07,0,770000,-42000,728000
2009/01/08,0,159000,-26000,133000
2009/01/09,0,0,-6000,-6000
2009/01/12,0,7000,-98000,-91000
2009/01/13,0,128000,-100000,28000
2009/01/14,0,124000,-352000,-228000
2009/01/15,0,1000,-161000,-160000
2009/01/16,0,103000,-180000,-77000
2009/01/19,0,96000,-150000,-54000
2009/01/20,0,95000,-537000,-442000
2009/01/21,0,186000,-334000,-148000
2009/01/22,0,0,0,0
2009/01/23,0,0,0,0
2009/01/26,0,0,0,0
2009/01/27,0,0,0,0
2009/01/28,0,0,0,0
2009/01/29,0,0,0,0
2009/01/30,0,0,0,0
2009/02/02,0,37000,-19000,18000
2009/02/03,0,161000,-20000,141000
2009/02/04,0,504000,-6000,498000
2009/02/05,0,311000,-5000,306000
2009/02/06,0,261000,0,261000
2009/02/09,0,73000,-46000,27000
2009/02/10,0,6000,-42000,-36000
2009/02/11,0,210000,-9000,201000
2009/02/12,0,50000,-21000,29000
2009/02/13,0,83000,-21000,62000
2009/02/16,0,988000,-50000,938000
2009/02/17,0,628000,-403000,225000
2009/02/18,0,200000,-457000,-257000
2009/02/19,0,657000,-49000,608000
2009/02/20,0,1269000,-206000,1063000
2009/02/23,0,742000,-392000,350000
2009/02/24,0,9000,-120000,-111000
2009/02/25,0,464000,-204000,260000
2009/02/26,0,2785000,-131000,2654000
2009/02/27,0,8210000,-650000,7560000
2009/03/02,0,624000,-34000,590000
2009/03/03,0,104000,-458000,-354000
2009/03/04,0,311000,-148000,163000
2009/03/05,0,214000,-4651000,-4437000
2009/03/06,0,107000,-2418000,-2311000
2009/03/09,0,32000,-3935000,-3903000
2009/03/10,0,475000,-1459000,-984000
2009/03/11,0,907000,-169000,738000
2009/03/12,0,38000,-35000,3000
2009/03/13,0,0,-179000,-179000
2009/03/16,0,201000,-38000,163000
2009/03/17,0,125000,-701000,-576000
2009/03/18,0,434000,-24000,410000
2009/03/19,0,40000,-181000,-141000
2009/03/20,0,60000,-21000,39000
2009/03/23,0,13000,-65000,-52000
2009/03/24,0,32000,-252000,-220000
2009/03/25,0,711000,-116000,595000
2009/03/26,0,1021000,-459000,562000
2009/03/27,0,50000,-114000,-64000
2009/03/30,0,82000,-642000,-560000
2009/03/31,0,233000,-240000,-7000
2009/04/01,0,25000,-687000,-662000
2009/04/02,0,167000,-242000,-75000
2009/04/03,0,14000,-64000,-50000
2009/04/06,0,6000,-184236,-178236
2009/04/07,0,5000,-388000,-383000
2009/04/08,0,226000,-1058000,-832000
2009/04/09,0,23000,-259000,-236000
2009/04/10,0,43000,-325000,-282000
2009/04/13,0,33000,-307000,-274000
2009/04/14,0,15000,-34000,-19000
2009/04/15,0,37000,-451000,-414000
2009/04/16,0,89000,-343000,-254000
2009/04/17,0,129000,-507000,-378000
2009/04/20,0,147000,-64000,83000
2009/04/21,0,43000,-325000,-282000
2009/04/22,0,241000,-248000,-7000
2009/04/23,0,314000,-66000,248000
2009/04/24,0,428000,-178000,250000
2009/04/27,0,80000,-223000,-143000
2009/04/28,0,124000,-161662,-37662
2009/04/29,0,49000,-85000,-36000
2009/04/30,0,94000,-61000,33000
2009/05/01,0,0,0,0
2009/05/04,0,544000,-95000,449000
2009/05/05,0,267000,-124000,143000
2009/05/06,0,115000,-30000,85000
2009/05/07,0,389000,-412000,-23000
2009/05/08,0,213000,-100000,113000
2009/05/11,0,6000,-971000,-965000
2009/05/12,0,341000,-497000,-156000
2009/05/13,0,40000,-147000,-107000
2009/05/14,0,125000,-123000,2000
2009/05/15,0,161000,-7000,154000
2009/05/18,0,107000,-26000,81000
2009/05/19,0,333000,-95000,238000
2009/05/20,0,82000,-185000,-103000
2009/05/21,0,1639000,-36000,1603000
2009/05/22,0,781000,-1008000,-227000
2009/05/25,0,65000,-1088000,-1023000
2009/05/26,0,83000,-324000,-241000
2009/05/27,0,30000,-121000,-91000
2009/05/28,0,0,0,0
2009/05/29,0,0,0,0
2009/06/01,0,379000,-89000,290000
2009/06/02,0,143000,-60000,83000
2009/06/03,0,78000,-51000,27000
2009/06/04,0,130000,-130000,0
2009/06/05,0,104000,-77000,27000
2009/06/08,0,108000,-86000,22000
2009/06/09,0,239000,-116000,123000
2009/06/10,0,104000,-29000,75000
2009/06/11,0,169000,-49000,120000
2009/06/12,0,348535,-19000,329535
2009/06/15,0,62000,-260000,-198000
2009/06/16,0,247000,-51000,196000
2009/06/17,0,219000,-81000,138000
2009/06/18,0,65000,-5000,60000
2009/06/19,0,179000,-28000,151000
2009/06/22,0,99000,-36000,63000
2009/06/23,0,169000,-247000,-78000
2009/06/24,0,214000,-335000,-121000
2009/06/25,0,490000,-411000,79000
2009/06/26,0,116000,-180000,-64000
2009/06/29,0,84000,-205000,-121000
2009/06/30,0,78000,-50000,28000
2009/07/01,0,137000,-166000,-29000
2009/07/02,0,596000,-112000,484000
2009/07/03,0,125000,-92000,33000
2009/07/06,0,714000,-86000,628000
2009/07/07,0,321000,-212000,109000
2009/07/08,0,62000,-130000,-68000
2009/07/09,0,240000,-20000,220000
2009/07/10,0,357000,-122000,235000
2009/07/13,0,1170000,-290000,880000
2009/07/14,0,49000,-1159000,-1110000
2009/07/15,0,293000,-8000,285000
2009/07/16,0,285000,-58000,227000
2009/07/17,0,273000,-55000,218000
2009/07/20,0,220000,-62000,158000
2009/07/21,0,45000,-55000,-10000
2009/07/22,0,283000,-95000,188000
2009/07/23,0,276000,-119000,157000
2009/07/24,0,70000,-175000,-105000
2009/07/27,0,68000,-130000,-62000
2009/07/28,0,770000,-141000,629000
2009/07/29,0,235000,-281000,-46000
2009/07/30,0,915000,-124000,791000
2009/07/31,0,1026000,-97000,929000
2009/08/03,0,1482000,-284058,1197942
2009/08/04,0,1854000,-951000,903000
2009/08/05,0,279000,-881000,-602000
2009/08/06,0,265000,-712000,-447000
2009/08/07,0,0,0,0
2009/08/10,0,607000,-164000,443000
2009/08/11,0,120000,-641000,-521000
2009/08/12,0,532000,-204000,328000
2009/08/13,0,591000,-1157000,-566000
2009/08/14,0,797000,-95000,702000
2009/08/17,0,472000,-516000,-44000
2009/08/18,0,85000,-1784000,-1699000
2009/08/19,0,254000,-90000,164000
2009/08/20,0,204000,-595000,-391000
2009/08/21,0,352000,-221000,131000
2009/08/24,0,233000,0,233000
2009/08/25,0,271000,-33000,238000
2009/08/26,0,1019000,-400000,619000
2009/08/27,0,439000,-554000,-115000
2009/08/28,0,739000,-45000,694000
2009/08/31,0,859000,-360000,499000
2009/09/01,0,695000,-109000,586000
2009/09/02,0,1379000,-1332000,47000
2009/09/03,0,841000,-88000,753000
2009/09/04,0,211000,-1856000,-1645000
2009/09/07,0,130000,-211000,-81000
2009/09/08,0,295000,-204000,91000
2009/09/09,0,68000,-868000,-800000
2009/09/10,0,72000,-367000,-295000
2009/09/11,0,229000,-162000,67000
2009/09/14,0,224000,-61000,163000
2009/09/15,0,1407000,-135000,1272000
2009/09/16,0,515000,-521000,-6000
2009/09/17,0,247000,-432000,-185000
2009/09/18,0,417000,-376000,41000
2009/09/21,0,11000,-259000,-248000
2009/09/22,0,865000,-85000,780000
2009/09/23,0,80000,-679000,-599000
2009/09/24,0,77000,-254000,-177000
2009/09/25,0,224000,-712000,-488000
2009/09/28,0,2000,-308000,-306000
2009/09/29,0,41000,-30000,11000
2009/09/30,0,73000,-85000,-12000
2009/10/01,0,150000,-63000,87000
2009/10/02,0,280000,-259000,21000
2009/10/05,0,80000,-115000,-35000
2009/10/06,0,181000,-148000,33000
2009/10/07,0,265000,-639000,-374000
2009/10/08,0,64000,-789000,-725000
2009/10/09,0,51000,-1638000,-1587000
2009/10/12,0,27000,-71000,-44000
2009/10/13,0,33000,-82000,-49000
2009/10/14,0,220000,-4000,216000
2009/10/15,0,0,-199000,-199000
2009/10/16,0,455000,-118000,337000
2009/10/19,0,84000,-122000,-38000
2009/10/20,0,0,-556000,-556000
2009/10/21,0,1798000,-127000,1671000
2009/10/22,0,575000,-961000,-386000
2009/10/23,0,457000,-1499000,-1042000
2009/10/26,0,173000,-391000,-218000
2009/10/27,0,78000,-484000,-406000
2009/10/28,0,75000,-628000,-553000
2009/10/29,0,141000,-804000,-663000
2009/10/30,0,90000,-550000,-460000
2009/11/02,0,41000,-294000,-253000
2009/11/03,0,30000,-85000,-55000
2009/11/04,0,369000,-8000,361000
2009/11/05,0,154000,-230000,-76000
2009/11/06,0,45000,-42000,3000
2009/11/09,0,4000,-105000,-101000
2009/11/10,0,60000,-65000,-5000
2009/11/11,0,34000,-147000,-113000
2009/11/12,0,61000,-47000,14000
2009/11/13,0,197000,-114000,83000
2009/11/16,0,299000,-18000,281000
2009/11/17,0,75000,-347000,-272000
2009/11/18,0,94000,-50000,44000
2009/11/19,0,262000,-55000,207000
2009/11/20,0,119000,-131000,-12000
2009/11/23,0,126000,-105000,21000
2009/11/24,0,707000,-268000,439000
2009/11/25,0,328000,-115000,213000
2009/11/26,0,58000,-51000,7000
2009/11/27,0,158000,-257000,-99000
2009/11/30,0,218000,-109000,109000
2009/12/01,0,204000,-91000,113000
2009/12/02,0,149000,-164000,-15000
2009/12/03,0,196000,-250000,-54000
2009/12/04,0,116000,-471000,-355000
2009/12/07,0,193000,-27000,166000
2009/12/08,0,170000,-59000,111000
2009/12/09,0,172000,-196000,-24000
2009/12/10,0,170000,-192000,-22000
2009/12/11,0,205000,-137000,68000
2009/12/14,0,1007000,-171000,836000
2009/12/15,0,53000,-431000,-378000
2009/12/16,0,337000,-226000,111000
2009/12/17,0,115000,-110000,5000
2009/12/18,0,844000,-1523000,-679000
2009/12/21,0,1403000,-382000,1021000
2009/12/22,0,262000,-708000,-446000
2009/12/23,0,1439000,-139000,1300000
2009/12/24,0,744000,-872000,-128000
2009/12/25,0,1842000,-680000,1162000
2009/12/28,0,1402000,-873000,529000
2009/12/29,0,118000,-812000,-694000
2009/12/30,0,134000,-1200000,-1066000
2009/12/31,0,299000,-823000,-524000
2010/01/01,0,0,0,0
2010/01/04,0,423000,-631000,-208000
2010/01/05,0,419000,-718000,-299000
2010/01/06,0,312000,-575000,-263000
2010/01/07,0,663000,-266000,397000
2010/01/08,0,359000,-727000,-368000
2010/01/11,0,2706000,-653000,2053000
2010/01/12,0,832000,-1646000,-814000
2010/01/13,0,487000,-544000,-57000
2010/01/14,0,227000,-1874000,-1647000
2010/01/15,0,700000,-679000,21000
2010/01/18,0,1087000,-180000,907000
2010/01/19,0,337000,-470000,-133000
2010/01/20,0,562000,-701000,-139000
2010/01/21,0,481000,-342000,139000
2010/01/22,0,379000,-641000,-262000
2010/01/25,0,794000,-1521000,-727000
2010/01/26,0,1316000,-433000,883000
2010/01/27,0,130000,-681000,-551000
2010/01/28,0,519000,-873000,-354000
2010/01/29,0,632000,-623000,9000
2010/02/01,0,860000,-1252000,-392000
2010/02/02,0,940000,-808000,132000
2010/02/03,0,960000,-430000,530000
2010/02/04,0,26000,-411000,-385000
2010/02/05,0,1129000,-863000,266000
2010/02/08,0,678000,-794000,-116000
2010/02/09,0,896000,-2160000,-1264000
2010/02/10,0,1180000,-260535,919465
2010/02/11,0,0,0,0
2010/02/12,0,0,0,0
2010/02/15,0,0,0,0
2010/02/16,0,0,0,0
2010/02/17,0,0,0,0
2010/02/18,0,0,0,0
2010/02/19,0,0,0,0
2010/02/22,0,835000,-519000,316000
2010/02/23,0,278000,-309000,-31000
2010/02/24,0,1019000,-238000,781000
2010/02/25,0,711000,-211000,500000
2010/02/26,0,1326000,-428000,898000
2010/03/01,0,638000,-393000,245000
2010/03/02,0,547000,-890000,-343000
2010/03/03,0,529000,-60000,469000
2010/03/04,0,1846000,-222000,1624000
2010/03/05,0,1256000,-532000,724000
2010/03/08,0,3984000,-1037000,2947000
2010/03/09,0,278000,-1714000,-1436000
2010/03/10,0,164000,-401000,-237000
2010/03/11,0,2546000,-857000,1689000
2010/03/12,0,1384000,-1236000,148000
2010/03/15,0,486000,-374000,112000
2010/03/16,0,834000,-536000,298000
2010/03/17,0,1475000,-1536000,-61000
2010/03/18,0,1167000,-160000,1007000
2010/03/19,0,292000,-151000,141000
2010/03/22,0,1614000,-1082000,532000
2010/03/23,0,1438000,-1453000,-15000
2010/03/24,0,1594000,-688000,906000
2010/03/25,0,1090000,-578000,512000
2010/03/26,0,910000,-979000,-69000
2010/03/29,0,1674000,-605000,1069000
2010/03/30,0,1370000,-115000,1255000
2010/03/31,0,1377000,-831000,546000
2010/04/01,0,1043000,-898000,145000
2010/04/02,0,1926000,-152000,1774000
2010/04/05,0,0,0,0
2010/04/06,0,1211000,-441000,770000
2010/04/07,0,872000,-5211000,-4339000
2010/04/08,0,2171000,-419000,1752000
2010/04/09,0,806000,-1707000,-901000
2010/04/12,0,1269000,-882000,387000
2010/04/13,0,3596000,-517000,3079000
2010/04/14,0,1896000,-200000,1696000
2010/04/15,0,5813000,-1847000,3966000
2010/04/16,0,2910000,-3384000,-474000
2010/04/19,0,3686000,-3732000,-46000
2010/04/20,0,1347000,-4270000,-2923000
2010/04/21,0,2786000,-4388000,-1602000
2010/04/22,0,1640000,-1337000,303000
2010/04/23,0,1716000,-1614000,102000
2010/04/26,0,1345000,-731000,614000
2010/04/27,0,2312000,-1205000,1107000
2010/04/28,0,1688000,-1046000,642000
2010/04/29,0,1793000,-2106000,-313000
2010/04/30,0,1729000,-3562000,-1833000
2010/05/03,0,1375000,-1614000,-239000
2010/05/04,0,2656000,-1722000,934000
2010/05/05,0,2242000,-1919000,323000
2010/05/06,0,2867000,-1619000,1248000
2010/05/07,0,3171000,-3230000,-59000
2010/05/10,0,2339000,-5240000,-2901000
2010/05/11,0,2686000,-2287445,398555
2010/05/12,0,2669000,-3181000,-512000
2010/05/13,0,1731000,-1212000,519000
2010/05/14,0,2162000,-1819000,343000
2010/05/17,0,1015000,-843000,172000
2010/05/18,0,881000,-2925000,-2044000
2010/05/19,0,1609000,-907000,702000
2010/05/20,0,1246000,-791000,455000
2010/05/21,0,2293000,-3214000,-921000
2010/05/24,0,589000,-2667000,-2078000
2010/05/25,0,1496000,-1993000,-497000
2010/05/26,0,1657000,-1574000,83000
2010/05/27,0,2989025,-1450000,1539025
2010/05/28,0,556000,-1090000,-534000
2010/05/31,0,537000,-549000,-12000
2010/06/01,0,476020,-543000,-66980
2010/06/02,0,1276500,-973000,303500
2010/06/03,0,465500,-1260000,-794500
2010/06/04,0,820000,-353000,467000
2010/06/07,0,1302000,-249000,1053000
2010/06/08,0,1384000,-1388000,-4000
2010/06/09,0,1538000,-1355000,183000
2010/06/10,0,1181000,-563000,618000
2010/06/11,0,3255000,-2049000,1206000
2010/06/14,0,1377000,-894000,483000
2010/06/15,0,1855000,-216000,1639000
2010/06/16,0,0,0,0
2010/06/17,0,2559000,-1766000,793000
2010/06/18,0,1428600,-2503000,-1074400
2010/06/21,0,433000,-822000,-389000
2010/06/22,0,720000,-319000,401000
2010/06/23,0,754000,-1091000,-337000
2010/06/24,0,983000,-665147,317853
2010/06/25,0,1153700,-1221000,-67300
2010/06/28,0,1223000,-678000,545000
2010/06/29,0,980000,-657400,322600
2010/06/30,0,1473000,-226000,1247000
2010/07/01,0,2733600,-1223000,1510600
2010/07/02,0,386000,-1699600,-1313600
2010/07/05,0,743000,-3828000,-3085000
2010/07/06,0,3071000,-4808000,-1737000
2010/07/07,0,756000,-2114000,-1358000
2010/07/08,0,597000,-2130300,-1533300
2010/07/09,0,312000,-355000,-43000
2010/07/12,0,1334000,-1466000,-132000
2010/07/13,0,1864000,-385000,1479000
2010/07/14,0,1173000,-1525000,-352000
2010/07/15,0,1177000,-578000,599000
2010/07/16,0,1206000,-808000,398000
2010/07/19,0,573000,-396000,177000
2010/07/20,0,997000,-622000,375000
2010/07/21,0,3493000,-5680000,-2187000
2010/07/22,0,3916000,-1356000,2560000
2010/07/23,0,3144000,-3911258,-767258
2010/07/26,0,4212000,-1621000,2591000
2010/07/27,0,2049000,-1865000,184000
2010/07/28,0,1640000,-4432000,-2792000
2010/07/29,0,2411000,-1223000,1188000
2010/07/30,0,2560000,-875000,1685000
2010/08/02,0,1699000,-379000,1320000
2010/08/03,0,3567000,-1265000,2302000
2010/08/04,0,2314000,-543000,1771000
2010/08/05,0,2623000,-2535000,88000
2010/08/06,0,1504000,-2242000,-738000
2010/08/09,0,878000,-766000,112000
2010/08/10,0,667000,-941000,-274000
2010/08/11,0,884000,-1266000,-382000
2010/08/12,0,2411000,-366000,2045000
2010/08/13,0,2691000,-1352000,1339000
2010/08/16,0,2575000,-662000,1913000
2010/08/17,0,694000,-622000,72000
2010/08/18,0,6811000,-4055000,2756000
2010/08/19,0,792000,-3390000,-2598000
2010/08/20,0,2154000,-2727415,-573415
2010/08/23,0,1069000,-941000,128000
2010/08/24,0,960000,-3528000,-2568000
2010/08/25,0,507000,-2102000,-1595000
2010/08/26,0,767000,-1380000,-613000
2010/08/27,0,470000,-837000,-367000
2010/08/30,0,965000,-1613000,-648000
2010/08/31,0,913000,-1760000,-847000
2010/09/01,0,1016000,-1064000,-48000
2010/09/02,0,531000,-1144000,-613000
2010/09/03,0,1203000,-585000,618000
2010/09/06,0,176000,-478000,-302000
2010/09/07,0,1948000,-2332000,-384000
2010/09/08,0,798000,-701000,97000
2010/09/09,0,836000,-1941000,-1105000
2010/09/10,0,996000,-640000,356000
2010/09/13,0,529000,-567000,-38000
2010/09/14,0,706000,-735000,-29000
2010/09/15,0,927000,-2222000,-1295000
2010/09/16,0,483000,-1164000,-681000
2010/09/17,0,477000,-565000,-88000
2010/09/20,0,165000,-525000,-360000
2010/09/21,0,1341000,-847000,494000
2010/09/22,0,0,0,0
2010/09/23,0,988000,-1315000,-327000
2010/09/24,0,296000,-1460000,-1164000
2010/09/27,0,1103000,-477000,626000
2010/09/28,0,114000,-565045,-451045
2010/09/29,0,7312000,-764000,6548000
2010/09/30,0,769000,-1228000,-459000
2010/10/01,0,708000,-3084000,-2376000
2010/10/04,0,869000,-1480000,-611000
2010/10/05,0,610000,-1987000,-1377000
2010/10/06,0,776000,-934000,-158000
2010/10/07,0,144000,-1446393,-1302393
2010/10/08,0,1025000,-638000,387000
2010/10/11,0,111000,-2761000,-2650000
2010/10/12,0,287000,-3378000,-3091000
2010/10/13,0,284000,-521000,-237000
2010/10/14,0,293000,-714000,-421000
2010/10/15,0,559000,-987000,-428000
2010/10/18,0,782000,-923000,-141000
2010/10/19,0,155000,-625000,-470000
2010/10/20,0,2538000,-1020000,1518000
2010/10/21,0,887000,-2795000,-1908000
2010/10/22,0,664000,-464000,200000
2010/10/25,0,3246000,-322000,2924000
2010/10/26,0,358000,-340000,18000
2010/10/27,0,54000,-664000,-610000
2010/10/28,0,613000,-247000,366000
2010/10/29,0,2810000,-186000,2624000
2010/11/01,0,3174000,-1143000,2031000
2010/11/02,0,446000,-597000,-151000
2010/11/03,0,211000,-794000,-583000
2010/11/04,0,324000,-540000,-216000
2010/11/05,0,237000,-132000,105000
2010/11/08,0,510000,-833000,-323000
2010/11/09,0,6000,-387000,-381000
2010/11/10,0,237000,-149000,88000
2010/11/11,0,1617000,-73000,1544000
2010/11/12,0,487000,-281000,206000
2010/11/15,0,466000,-665000,-199000
2010/11/16,0,458000,-293000,165000
2010/11/17,0,911000,-2090000,-1179000
2010/11/18,0,217000,-1078000,-861000
2010/11/19,0,992000,-418000,574000
2010/11/22,0,784000,-209000,575000
2010/11/23,0,999000,-1256000,-257000
2010/11/24,0,759000,-1568000,-809000
2010/11/25,0,1973000,-980000,993000
2010/11/26,0,1105000,-841000,264000
2010/11/29,0,184000,-1318000,-1134000
2010/11/30,0,1769000,-574000,1195000
2010/12/01,0,278000,-1251000,-973000
2010/12/02,0,3195000,-414000,2781000
2010/12/03,0,3682000,-2006000,1676000
2010/12/06,0,1166000,-2688000,-1522000
2010/12/07,0,794000,-1269000,-475000
2010/12/08,0,40000,-868000,-828000
2010/12/09,0,897000,-179000,718000
2010/12/10,0,5983000,-422000,5561000
2010/12/13,0,5140000,-3150000,1990000
2010/12/14,0,1491000,-2455000,-964000
2010/12/15,0,1055000,-1988000,-933000
2010/12/16,0,1300000,-1037000,263000
2010/12/17,0,1182000,-1903000,-721000
2010/12/20,0,288000,-2451000,-2163000
2010/12/21,0,931000,-1046000,-115000
2010/12/22,0,1341000,-2053000,-712000
2010/12/23,0,3815000,-2261000,1554000
2010/12/24,0,2109000,-1701000,408000
2010/12/27,0,2357000,-2677000,-320000
2010/12/28,0,5263000,-2223000,3040000
2010/12/29,0,1585000,-8379000,-6794000
2010/12/30,0,579000,-3695000,-3116000
2010/12/31,0,1334000,-2871000,-1537000
2011/01/03,0,345000,-1231000,-886000
2011/01/04,0,1396000,-1092000,304000
2011/01/05,0,529000,-2088000,-1559000
2011/01/06,0,312000,-742000,-430000
2011/01/07,0,277000,-702000,-425000
2011/01/10,0,378000,-655000,-277000
2011/01/11,0,1155000,-460000,695000
2011/01/12,0,352000,-251000,101000
2011/01/13,0,276000,-1348000,-1072000
2011/01/14,0,1671000,-154000,1517000
2011/01/17,0,3061000,-265000,2796000
2011/01/18,0,6438000,-943000,5495000
2011/01/19,0,1444000,-3143000,-1699000
2011/01/20,0,5456000,-2313000,3143000
2011/01/21,0,1434000,-2255000,-821000
2011/01/24,0,1815000,-1558000,257000
2011/01/25,0,4573000,-1789000,2784000
2011/01/26,0,2293000,-1791000,502000
2011/01/27,0,1707000,-3208000,-1501000
2011/01/28,0,1915000,-1106000,809000
2011/01/31,0,0,0,0
2011/02/01,0,0,0,0
2011/02/02,0,0,0,0
2011/02/03,0,0,0,0
2011/02/04,0,0,0,0
2011/02/07,0,0,0,0
2011/02/08,0,912000,-1099000,-187000
2011/02/09,0,1180000,-1064000,116000
2011/02/10,0,1640000,-1577000,63000
2011/02/11,0,2669000,-3482000,-813000
2011/02/14,0,3242000,-1650000,1592000
2011/02/15,0,3554000,-1483000,2071000
2011/02/16,0,3575000,-3848000,-273000
2011/02/17,0,1397000,-9696000,-8299000
2011/02/18,0,3611000,-2137000,1474000
2011/02/21,0,1072000,-848000,224000
2011/02/22,0,724000,-2013000,-1289000
2011/02/23,0,1161000,-1105000,56000
2011/02/24,0,851000,-951000,-100000
2011/02/25,0,620000,-358000,262000
2011/02/28,0,0,0,0
2011/03/01,0,1724000,-136000,1588000
2011/03/02,0,1019000,-1321000,-302000
2011/03/03,0,2081000,-224000,1857000
2011/03/04,0,1078500,-1330000,-251500
2011/03/07,0,310000,-748000,-438000
2011/03/08,0,340000,-824000,-484000
2011/03/09,0,492000,-1305000,-813000
2011/03/10,0,303000,-2096000,-1793000
2011/03/11,0,474000,-538000,-64000
2011/03/14,0,3380000,-643000,2737000
2011/03/15,0,1257000,-4087000,-2830000
2011/03/16,0,1198500,-675000,523500
2011/03/17,0,293000,-836000,-543000
2011/03/18,0,1317000,-727000,590000
2011/03/21,0,598000,-501000,97000
2011/03/22,0,892000,-997000,-105000
2011/03/23,0,529000,-824000,-295000
2011/03/24,0,524000,-464000,60000
2011/03/25,0,309000,-475000,-166000
2011/03/28,0,316000,-1253000,-937000
2011/03/29,0,659000,-605000,54000
2011/03/30,0,506000,-382000,124000
2011/03/31,0,400000,-291000,109000
2011/04/01,0,218000,-674000,-456000
2011/04/04,0,0,0,0
2011/04/05,0,0,0,0
2011/04/06,0,0,0,0
2011/04/07,0,8434000,-2906000,5528000
2011/04/08,0,73000,-10478000,-10405000
2011/04/11,0,95000,-620000,-525000
2011/04/12,0,91000,-3584000,-3493000
2011/04/13,0,136000,-1385000,-1249000
2011/04/14,0,75000,-783230,-708230
2011/04/15,0,46000,-266000,-220000
2011/04/18,0,23000,-363000,-340000
2011/04/19,0,4000,-338000,-334000
2011/04/20,0,0,-1056000,-1056000
2011/04/21,0,14000,-213000,-199000
2011/04/22,0,1000,-79000,-78000
2011/04/25,0,125000,-231000,-106000
2011/04/26,0,1000,-158000,-157000
2011/04/27,0,210000,-2000,208000
2011/04/28,0,16000,-217000,-201000
2011/04/29,0,0,-186000,-186000
2011/05/02,0,0,0,0
2011/05/03,0,36000,-101000,-65000
2011/05/04,0,2000,-26000,-24000
2011/05/05,0,67000,-30000,37000
2011/05/06,0,6000,-135000,-129000
2011/05/09,0,4000,-200000,-196000
2011/05/10,0,11000,-20000,-9000
2011/05/11,0,0,-128000,-128000
2011/05/12,0,0,-101000,-101000
2011/05/13,0,0,-20000,-20000
2011/05/16,0,0,-176000,-176000
2011/05/17,0,0,-50000,-50000
2011/05/18,0,0,-3000,-3000
2011/05/19,0,0,-199000,-199000
2011/05/20,0,0,-32000,-32000
2011/05/23,0,41000,-10000,31000
2011/05/24,0,0,-311000,-311000
2011/05/25,0,280,-19000,-18720
2011/05/26,0,0,-192000,-192000
2011/05/27,0,0,-4000,-4000
2011/05/30,0,0,-4000,-4000
2011/05/31,0,0,-25000,-25000
2011/06/01,0,0,0,0
2011/06/02,0,0,0,0
2011/06/03,0,6000,0,6000
2011/06/06,0,0,0,0
2011/06/07,0,90000,0,90000
2011/06/08,0,0,0,0
2011/06/09,0,10000,0,10000
2011/06/10,0,0,-110000,-110000
2011/06/13,0,10000,-280,9720
2011/06/14,0,340000,-99000,241000
2011/06/15,0,308000,-126000,182000
2011/06/16,0,18800,-226000,-207200
2011/06/17,0,354000,-283800,70200
2011/06/20,0,139000,-119000,20000
2011/06/21,0,146000,-87000,59000
2011/06/22,0,199000,-172000,27000
2011/06/23,0,276000,-40000,236000
2011/06/24,0,75000,-113000,-38000
2011/06/27,0,1254000,-21000,1233000
2011/06/28,0,895000,-11000,884000
2011/06/29,0,639000,-423000,216000
2011/06/30,0,697000,-304000,393000
2011/07/01,0,360000,-128000,232000
2011/07/04,0,81000,-106000,-25000
2011/07/05,0,543000,-120093,422907
2011/07/06,0,62000,-131000,-69000
2011/07/07,0,95000,-504000,-409000
2011/07/08,0,3000,-28000,-25000
2011/07/11,0,1000,-520000,-519000
2011/07/12,0,448000,-747000,-299000
2011/07/13,0,80000,-17000,63000
2011/07/14,0,1115000,-778000,337000
2011/07/15,0,752000,-616000,136000
2011/07/18,0,5000,0,5000
2011/07/19,0,46000,-611000,-565000
2011/07/20,0,20000,-255000,-235000
2011/07/21,0,370000,-13000,357000
2011/07/22,0,164000,-3000,161000
2011/07/25,0,398000,-18000,380000
2011/07/26,0,66000,-377000,-311000
2011/07/27,0,29000,-57000,-28000
2011/07/28,0,27000,-160000,-133000
2011/07/29,0,53000,-1125000,-1072000
2011/08/01,0,455000,-20000,435000
2011/08/02,0,517000,-10000,507000
2011/08/03,0,9000,-1893000,-1884000
2011/08/04,0,13000,-12000,1000
2011/08/05,0,1031000,-145000,886000
2011/08/08,0,1051000,-42000,1009000
2011/08/09,0,349000,-202000,147000
2011/08/10,0,20000,-540000,-520000
2011/08/11,0,483000,-21000,462000
2011/08/12,0,32000,-231000,-199000
2011/08/15,0,310000,0,310000
2011/08/16,0,115000,-8000,107000
2011/08/17,0,25000,-40000,-15000
2011/08/18,0,453000,-30000,423000
2011/08/19,0,866000,-12000,854000
2011/08/22,0,161000,-32000,129000
2011/08/23,0,10000,0,10000
2011/08/24,0,53000,-50000,3000
2011/08/25,0,425000,0,425000
2011/08/26,0,4000,0,4000
2011/08/29,0,0,0,0
2011/08/30,0,2000,0,2000
2011/08/31,0,0,-106000,-106000
2011/09/01,0,520000,-496000,24000
2011/09/02,0,202000,0,202000
2011/09/05,0,485000,0,485000
2011/09/06,0,245000,-8000,237000
2011/09/07,0,0,0,0
2011/09/08,0,0,0,0
2011/09/09,0,0,0,0
2011/09/12,0,0,0,0
2011/09/13,0,279000,-139000,140000
2011/09/14,0,0,-426000,-426000
2011/09/15,0,40000,-257078,-217078
2011/09/16,0,261000,-1637000,-1376000
2011/09/19,0,100000,0,100000
2011/09/20,0,0,-90000,-90000
2011/09/21,0,30000,-588,29412
2011/09/22,0,184000,0,184000
2011/09/23,0,789000,0,789000
2011/09/26,0,633000,0,633000
2011/09/27,0,0,-557000,-557000
2011/09/28,0,127000,0,127000
2011/09/29,0,40000,0,40000
2011/09/30,0,0,-5596,-5596
2011/10/03,0,682000,0,682000
2011/10/04,0,182000,-41000,141000
2011/10/05,0,182000,0,182000
2011/10/06,0,11000,-2118000,-2107000
2011/10/07,0,11000,-250000,-239000
2011/10/10,0,0,0,0
2011/10/11,0,0,-240000,-240000
2011/10/12,0,0,0,0
2011/10/13,0,130,-10000,-9870
2011/10/14,0,0,-1000,-1000
2011/10/17,0,0,-73000,-73000
2011/10/18,0,0,0,0
2011/10/19,0,254000,-31000,223000
2011/10/20,0,354000,-90000,264000
2011/10/21,0,304053,0,304053
2011/10/24,0,355000,0,355000
2011/10/25,0,406000,0,406000
2011/10/26,0,185000,0,185000
2011/10/27,0,0,0,0
2011/10/28,0,0,0,0
2011/10/31,0,0,-132,-132
2011/11/01,0,2000,0,2000
2011/11/02,0,0,0,0
2011/11/03,0,0,-2000,-2000
2011/11/04,0,0,0,0
2011/11/07,0,0,0,0
2011/11/08,0,46000,0,46000
2011/11/09,0,0,0,0
2011/11/10,0,139000,0,139000
2011/11/11,0,0,0,0
2011/11/14,0,5000,0,5000
2011/11/15,0,11000,0,11000
2011/11/16,0,0,-5000,-5000
2011/11/17,0,11000,-3000,8000
2011/11/18,0,46000,-10609,35391
2011/11/21,0,148000,-2000,146000
2011/11/22,0,12000,0,12000
2011/11/23,0,92000,-2000,90000
2011/11/24,0,47000,0,47000
2011/11/25,0,46000,-2000,44000
2011/11/28,0,10000,-1000,9000
2011/11/29,0,0,-9000,-9000
2011/11/30,0,393000,-2000,391000
2011/12/01,0,162000,-253709,-91709
2011/12/02,0,2000,-3000,-1000
2011/12/05,0,1000,-37000,-36000
2011/12/06,0,0,-190000,-190000
2011/12/07,0,23000,-4000,19000
2011/12/08,0,26000,-46000,-20000
2011/12/09,0,2000,-23000,-21000
2011/12/12,0,121000,0,121000
2011/12/13,0,85000,-2000,83000
2011/12/14,0,0,-2000,-2000
2011/12/15,0,300000,-1000,299000
2011/12/16,0,53000,-2000,51000
2011/12/19,0,293000,-146000,147000
2011/12/20,0,46000,-26000,20000
2011/12/21,0,3000,-323000,-320000
2011/12/22,0,29000,0,29000
2011/12/23,0,4000,-3000,1000
2011/12/26,0,0,0,0
2011/12/27,0,0,-29000,-29000
2011/12/28,0,45000,0,45000
2011/12/29,0,9000,0,9000
2011/12/30,0,12000,-20000,-8000
2012/01/02,0,0,-30000,-30000
2012/01/03,0,11000,-12000,-1000
2012/01/04,0,34000,-46000,-12000
2012/01/05,0,2000,0,2000
2012/01/06,0,115000,-66000,49000
2012/01/09,0,0,-46000,-46000
2012/01/10,0,125000,-46000,79000
2012/01/11,0,0,0,0
2012/01/12,0,13000,0,13000
2012/01/13,0,0,-57000,-57000
2012/01/16,0,0,-85000,-85000
2012/01/17,0,14000,-60000,-46000
2012/01/18,0,198000,-132000,66000
2012/01/19,0,0,0,0
2012/01/20,0,0,0,0
2012/01/23,0,0,0,0
2012/01/24,0,0,0,0
2012/01/25,0,0,0,0
2012/01/26,0,0,0,0
2012/01/27,0,0,0,0
2012/01/30,0,190000,-30000,160000
2012/01/31,0,1377000,-65000,1312000
2012/02/01,0,404000,-567000,-163000
2012/02/02,0,281000,-447257,-166257
2012/02/03,0,707000,-424000,283000
2012/02/06,0,357000,-74000,283000
2012/02/07,0,240000,-100000,140000
2012/02/08,0,1903000,-301000,1602000
2012/02/09,0,2220000,-510000,1710000
2012/02/10,0,222000,-829000,-607000
2012/02/13,0,224000,-90013,133987
2012/02/14,0,144000,-629000,-485000
2012/02/15,0,731000,-109000,622000
2012/02/16,0,564000,-727000,-163000
2012/02/17,0,495000,-309000,186000
2012/02/20,0,106000,0,106000
2012/02/21,0,85000,-212000,-127000
2012/02/22,0,44000,-622000,-578000
2012/02/23,0,82000,-283000,-201000
2012/02/24,0,42000,-1027000,-985000
2012/02/27,0,0,0,0
2012/02/28,0,0,0,0
2012/02/29,0,176000,-41000,135000
2012/03/01,0,1452000,-369000,1083000
2012/03/02,0,300000,-784000,-484000
2012/03/05,0,200000,-416000,-216000
2012/03/06,0,94000,-115000,-21000
2012/03/07,0,99000,-25000,74000
2012/03/08,0,40000,-112000,-72000
2012/03/09,0,20000,-94000,-74000
2012/03/12,0,140000,-152000,-12000
2012/03/13,0,89000,-65000,24000
2012/03/14,0,67000,-85000,-18000
2012/03/15,0,0,-94000,-94000
2012/03/16,0,127000,-957000,-830000
2012/03/19,0,380000,-126000,254000
2012/03/20,0,181000,-633000,-452000
2012/03/21,0,55000,-55000,0
2012/03/22,0,28000,-282000,-254000
2012/03/23,0,77000,0,77000
2012/03/26,0,40000,-130000,-90000
2012/03/27,0,320000,-5000,315000
2012/03/28,0,0,-12000,-12000
2012/03/29,0,100000,-84265,15735
2012/03/30,0,50000,-84000,-34000
2012/04/02,0,0,-127000,-127000
2012/04/03,0,50000,-80000,-30000
2012/04/04,0,0,0,0
2012/04/05,0,0,-76000,-76000
2012/04/06,0,10000,-97000,-87000
2012/04/09,0,0,-9000,-9000
2012/04/10,0,123000,-224000,-101000
2012/04/11,0,24000,-46000,-22000
2012/04/12,0,12000,-16000,-4000
2012/04/13,0,1000,-61000,-60000
2012/04/16,0,1000,-88000,-87000
2012/04/17,0,45000,-27000,18000
2012/04/18,0,8000,-38000,-30000
2012/04/19,0,3000,-22000,-19000
2012/04/20,0,12000,-35000,-23000
2012/04/23,0,0,-485000,-485000
2012/04/24,0,0,-12000,-12000
2012/04/25,0,9000,-43000,-34000
2012/04/26,0,31000,-8000,23000
2012/04/27,0,0,-5000,-5000
2012/04/30,0,0,-3000,-3000
2012/05/01,0,0,0,0
2012/05/02,0,10000,0,10000
2012/05/03,0,23000,-85000,-62000
2012/05/04,0,0,-20000,-20000
2012/05/07,0,7000,-1000,6000
2012/05/08,0,0,-1355,-1355
2012/05/09,0,0,-500,-500
2012/05/10,0,0,-12000,-12000
2012/05/11,0,0,-8000,-8000
2012/05/14,0,0,-14000,-14000
2012/05/15,0,0,-14000,-14000
2012/05/16,0,0,-21000,-21000
2012/05/17,0,0,-20000,-20000
2012/05/18,0,7000,-84000,-77000
2012/05/21,0,0,0,0
2012/05/22,0,2000,-19000,-17000
2012/05/23,0,0,-34000,-34000
2012/05/24,0,8000,-3000,5000
2012/05/25,0,0,-18000,-18000
2012/05/28,0,33000,0,33000
2012/05/29,0,171000,-8000,163000
2012/05/30,0,0,-2000,-2000
2012/05/31,0,18000,-163000,-145000
2012/06/01,0,0,-31000,-31000
2012/06/04,0,200000,-21000,179000
2012/06/05,0,129000,-67000,62000
2012/06/06,0,1000,-17000,-16000
2012/06/07,0,682000,-154000,528000
2012/06/08,0,5000,-243220,-238220
2012/06/11,0,82000,-140831,-58831
2012/06/12,0,10000,-90000,-80000
2012/06/13,0,20000,-40000,-20000
2012/06/14,0,80000,-25000,55000
2012/06/15,0,50000,-101000,-51000
2012/06/18,0,73000,-39000,34000
2012/06/19,0,102000,-5000,97000
2012/06/20,0,134000,-4000,130000
2012/06/21,0,69000,-97000,-28000
2012/06/22,0,77000,-43000,34000
2012/06/25,0,47000,-26000,21000
2012/06/26,0,19000,-3000,16000
2012/06/27,0,8000,-65000,-57000
2012/06/28,0,0,-24000,-24000
2012/06/29,0,140000,-38000,102000
2012/07/02,0,2000,-16000,-14000
2012/07/03,0,81000,-42000,39000
2012/07/04,0,48000,-18000,30000
2012/07/05,0,103000,-104000,-1000
2012/07/06,0,126000,-19000,107000
2012/07/09,0,19000,-12000,7000
2012/07/10,0,91000,-98000,-7000
2012/07/11,0,27000,-49000,-22000
2012/07/12,0,177000,-70000,107000
2012/07/13,0,41000,-11000,30000
2012/07/16,0,279000,-90000,189000
2012/07/17,0,0,-87000,-87000
2012/07/18,0,2000,-89000,-87000
2012/07/19,0,7000,-2000,5000
2012/07/20,0,70000,-33000,37000
2012/07/23,0,23000,-189000,-166000
2012/07/24,0,9000,-96000,-87000
2012/07/25,0,20000,-420000,-400000
2012/07/26,0,0,-185000,-185000
2012/07/27,0,2000,-30000,-28000
2012/07/30,0,4000,-39000,-35000
2012/07/31,0,23000,-4000,19000
2012/08/01,0,2000,-69000,-67000
2012/08/02,0,0,0,0
2012/08/03,0,2000,-54000,-52000
2012/08/06,0,16000,-34000,-18000
2012/08/07,0,0,-10000,-10000
2012/08/08,0,83000,-4000,79000
2012/08/09,0,38000,-6000,32000
2012/08/10,0,4000,-41000,-37000
2012/08/13,0,1000,-1000,0
2012/08/14,0,9000,-15000,-6000
2012/08/15,0,134000,-7000,127000
2012/08/16,0,62000,-14000,48000
2012/08/17,0,14000,-10000,4000
2012/08/20,0,2000,-25000,-23000
2012/08/21,0,17000,-12000,5000
2012/08/22,0,0,-11000,-11000
2012/08/23,0,3000,-3000,0
2012/08/24,0,24000,-1000,23000
2012/08/27,0,0,-1000,-1000
2012/08/28,0,2000,-66000,-64000
2012/08/29,0,8000,-3000,5000
2012/08/30,0,2000,-8000,-6000
2012/08/31,0,0,-20000,-20000
2012/09/03,0,2000,-6000,-4000
2012/09/04,0,21000,-1000,20000
2012/09/05,0,27000,-6000,21000
2012/09/06,0,139000,-34000,105000
2012/09/07,0,5000,-92000,-87000
2012/09/10,0,0,0,0
2012/09/11,0,0,-1000,-1000
2012/09/12,0,56000,-11000,45000
2012/09/13,0,91000,-1000,90000
2012/09/14,0,262000,-91000,171000
2012/09/17,0,56000,-57000,-1000
2012/09/18,0,382000,-70000,312000
2012/09/19,0,16000,-98000,-82000
2012/09/20,0,33000,0,33000
2012/09/21,0,38000,-1000,37000
2012/09/24,0,169000,-24000,145000
2012/09/25,0,0,-75000,-75000
2012/09/26,0,46000,-113000,-67000
2012/09/27,0,0,-21000,-21000
2012/09/28,0,0,0,0
2012/10/01,0,5000,-5000,0
2012/10/02,0,36000,0,36000
2012/10/03,0,64000,-20000,44000
2012/10/04,0,59000,-1000,58000
2012/10/05,0,37000,0,37000
2012/10/08,0,17000,-1000,16000
2012/10/09,0,0,-69000,-69000
2012/10/10,0,0,0,0
2012/10/11,0,0,-12000,-12000
2012/10/12,0,16000,-176000,-160000
2012/10/15,0,0,-10000,-10000
2012/10/16,0,0,-1000,-1000
2012/10/17,0,0,-11000,-11000
2012/10/18,0,9000,0,9000
2012/10/19,0,0,-14000,-14000
2012/10/22,0,0,-3000,-3000
2012/10/23,0,0,-10000,-10000
2012/10/24,0,0,0,0
2012/10/25,0,0,-9000,-9000
2012/10/26,0,17000,-322000,-305000
2012/10/29,0,0,-52000,-52000
2012/10/30,0,69000,-32000,37000
2012/10/31,0,0,-38000,-38000
2012/11/01,0,62000,0,62000
2012/11/02,0,26000,0,26000
2012/11/05,0,20000,0,20000
2012/11/06,0,4000,0,4000
2012/11/07,0,0,0,0
2012/11/08,0,17000,0,17000
2012/11/09,0,20000,0,20000
2012/11/12,0,0,-8000,-8000
2012/11/13,0,15000,-22000,-7000
2012/11/14,0,51000,-13000,38000
2012/11/15,0,53000,-28000,25000
2012/11/16,0,0,-45000,-45000
2012/11/19,0,3000,-26000,-23000
2012/11/20,0,0,0,0
2012/11/21,0,0,-78000,-78000
2012/11/22,0,0,0,0
2012/11/23,0,0,0,0
2012/11/26,0,359000,0,359000
2012/11/27,0,37000,0,37000
2012/11/28,0,7000,0,7000
2012/11/29,0,12000,-341000,-329000
2012/11/30,0,14000,0,14000
2012/12/03,0,54000,-6000,48000
2012/12/04,0,6000,-30000,-24000
2012/12/05,0,71000,0,71000
2012/12/06,0,32000,-1000,31000
2012/12/07,0,2000,-10000,-8000
2012/12/10,0,0,-10000,-10000
2012/12/11,0,8000,0,8000
2012/12/12,0,19000,-2000,17000
2012/12/13,0,140000,-39000,101000
2012/12/14,0,0,-13000,-13000
2012/12/17,0,0,-51000,-51000
2012/12/18,0,3000,-10000,-7000
2012/12/19,0,0,-3000,-3000
2012/12/20,0,0,-56000,-56000
2012/12/21,0,50000,-23000,27000
2012/12/24,0,0,-60000,-60000
2012/12/25,0,14000,-13000,1000
2012/12/26,0,0,-117000,-117000
2012/12/27,0,0,0,0
2012/12/28,0,30000,-4000,26000
2012/12/31,0,0,0,0
2013/01/01,0,0,0,0
2013/01/02,0,0,0,0
2013/01/03,0,0,0,0
2013/01/04,0,0,-17000,-17000
2013/01/07,0,0,-9000,-9000
2013/01/08,0,0,-34000,-34000
2013/01/09,0,0,-50000,-50000
2013/01/10,0,61000,0,61000
2013/01/11,0,8000,-26000,-18000
2013/01/14,0,4000,-9000,-5000
2013/01/15,0,0,-21000,-21000
2013/01/16,0,0,-20000,-20000
2013/01/17,0,0,-15000,-15000
2013/01/18,0,0,-1000,-1000
2013/01/21,0,0,-7000,-7000
2013/01/22,0,13000,-8000,5000
2013/01/23,0,4000,-6000,-2000
2013/01/24,0,0,-9000,-9000
2013/01/25,0,0,-95000,-95000
2013/01/28,0,0,-6000,-6000
2013/01/29,0,72000,-10000,62000
2013/01/30,0,4000,0,4000
2013/01/31,0,0,0,0
2013/02/01,0,17000,-20000,-3000
2013/02/04,0,73000,-19000,54000
2013/02/05,0,0,0,0
2013/02/06,0,145000,-116000,29000
2013/02/07,0,0,0,0
2013/02/08,0,0,0,0
2013/02/11,0,0,0,0
2013/02/12,0,0,0,0
2013/02/13,0,0,0,0
2013/02/14,0,0,0,0
2013/02/15,0,0,0,0
2013/02/18,0,34000,0,34000
2013/02/19,0,61000,-23000,38000
2013/02/20,0,0,0,0
2013/02/21,0,0,0,0
2013/02/22,0,3000,0,3000
2013/02/25,0,0,-55000,-55000
2013/02/26,0,0,-40000,-40000
2013/02/27,0,0,0,0
2013/02/28,0,0,0,0
2013/03/01,0,2000,-9000,-7000
2013/03/04,0,7000,-176000,-169000
2013/03/05,0,0,0,0
2013/03/06,0,0,0,0
2013/03/07,0,40000,-7000,33000
2013/03/08,0,10000,0,10000
2013/03/11,0,32000,0,32000
2013/03/12,0,15000,-30000,-15000
2013/03/13,0,0,-55000,-55000
2013/03/14,0,0,-50000,-50000
2013/03/15,0,49000,-35000,14000
2013/03/18,0,0,-28000,-28000
2013/03/19,0,1000,-10000,-9000
2013/03/20,0,50000,-47000,3000
2013/03/21,0,232000,-15000,217000
2013/03/22,0,19000,-27000,-8000
2013/03/25,0,108000,-45000,63000
2013/03/26,0,23000,-82000,-59000
2013/03/27,0,0,-64000,-64000
2013/03/28,0,54000,-80000,-26000
2013/03/29,0,104000,0,104000
2013/04/01,0,6000,-114000,-108000
2013/04/02,0,0,-16000,-16000
2013/04/03,0,0,-1000,-1000
2013/04/04,0,0,0,0
2013/04/05,0,0,0,0
2013/04/08,0,45000,-41000,4000
2013/04/09,0,27000,-120000,-93000
2013/04/10,0,0,-71000,-71000
2013/04/11,0,131000,0,131000
2013/04/12,0,20000,-156000,-136000
2013/04/15,0,31000,-14000,17000
2013/04/16,0,0,-16000,-16000
2013/04/17,0,0,-35000,-35000
2013/04/18,0,3000,-26000,-23000
2013/04/19,0,58000,-12000,46000
2013/04/22,0,0,-64000,-64000
2013/04/23,0,131000,-14000,117000
2013/04/24,0,156000,-68000,88000
2013/04/25,0,253000,-168000,85000
2013/04/26,0,19000,-80000,-61000
2013/04/29,0,4000,-92000,-88000
2013/04/30,0,116000,-85000,31000
2013/05/01,0,0,0,0
2013/05/02,0,16000,-180000,-164000
2013/05/03,0,4000,0,4000
2013/05/06,0,56000,0,56000
2013/05/07,0,1159000,-46000,1113000
2013/05/08,0,353000,-387000,-34000
2013/05/09,0,12000,-230000,-218000
2013/05/10,0,54000,-165000,-111000
2013/05/13,0,2000,-134000,-132000
2013/05/14,0,6000,-90000,-84000
2013/05/15,0,142000,0,142000
2013/05/16,0,534000,-63000,471000
2013/05/17,0,272000,-61000,211000
2013/05/20,0,19000,-89000,-70000
2013/05/21,0,193000,-198000,-5000
2013/05/22,0,10000,-194000,-184000
2013/05/23,0,33000,-78000,-45000
2013/05/24,0,14000,-52000,-38000
2013/05/27,0,253000,-30000,223000
2013/05/28,0,6000,-154000,-148000
2013/05/29,0,53000,-49000,4000
2013/05/30,0,17000,-10000,7000
2013/05/31,0,10000,-4000,6000
2013/06/03,0,1660000,-115000,1545000
2013/06/04,0,20000,-1214000,-1194000
2013/06/05,0,10000,-116000,-106000
2013/06/06,0,0,-189000,-189000
2013/06/07,0,0,-134000,-134000
2013/06/10,0,9000,-7000,2000
2013/06/11,0,0,-19000,-19000
2013/06/12,0,0,0,0
2013/06/13,0,10000,-197000,-187000
2013/06/14,0,8000,-226000,-218000
2013/06/17,0,150000,-10000,140000
2013/06/18,0,140000,-129000,11000
2013/06/19,0,3000,-311000,-308000
2013/06/20,0,0,-114000,-114000
2013/06/21,0,21000,-3000,18000
2013/06/24,0,1000,0,1000
2013/06/25,0,40000,0,40000
2013/06/26,0,1000,0,1000
2013/06/27,0,39000,-3000,36000
2013/06/28,0,30000,-29000,1000
2013/07/01,0,42000,-25000,17000
2013/07/02,0,1000,-1000,0
2013/07/03,0,1000,-2000,-1000
2013/07/04,0,65000,-1000,64000
2013/07/05,0,31000,-111000,-80000
2013/07/08,0,2000,-44000,-42000
2013/07/09,0,0,-44000,-44000
2013/07/10,0,21000,-32000,-11000
2013/07/11,0,40000,0,40000
2013/07/12,0,19000,-3000,16000
2013/07/15,0,1000,-137000,-136000
2013/07/16,0,50000,0,50000
2013/07/17,0,1000,-58000,-57000
2013/07/18,0,2000,0,2000
2013/07/19,0,51000,-126000,-75000
2013/07/22,0,0,-5000,-5000
2013/07/23,0,66000,-60000,6000
2013/07/24,0,0,-10000,-10000
2013/07/25,0,4000,0,4000
2013/07/26,0,6000,0,6000
2013/07/29,0,1000,0,1000
2013/07/30,0,11000,0,11000
2013/07/31,0,10000,0,10000
2013/08/01,0,0,0,0
2013/08/02,0,5000,0,5000
2013/08/05,0,35000,0,35000
2013/08/06,0,0,-37000,-37000
2013/08/07,0,0,-36000,-36000
2013/08/08,0,0,-66000,-66000
2013/08/09,0,0,-6000,-6000
2013/08/12,0,0,0,0
2013/08/13,0,25000,-4000,21000
2013/08/14,0,19000,-43000,-24000
2013/08/15,0,13000,-30000,-17000
2013/08/16,0,23000,-59000,-36000
2013/08/19,0,67000,-26000,41000
2013/08/20,0,0,-11000,-11000
2013/08/21,0,0,0,0
2013/08/22,0,0,-26000,-26000
2013/08/23,0,126000,-20000,106000
2013/08/26,0,13000,-477,12523
2013/08/27,0,20000,-10000,10000
2013/08/28,0,8000,-4000,4000
2013/08/29,0,3000,0,3000
2013/08/30,0,0,0,0
2013/09/02,0,30000,-1402,28598
2013/09/03,0,155000,0,155000
2013/09/04,0,218000,0,218000
2013/09/05,0,0,0,0
2013/09/06,0,0,0,0
2013/09/09,0,0,0,0
2013/09/10,0,0,0,0
2013/09/11,0,0,0,0
2013/09/12,0,0,0,0
2013/09/13,0,0,0,0
2013/09/16,0,0,0,0
2013/09/17,0,0,0,0
2013/09/18,0,87000,-27000,60000
2013/09/19,0,0,0,0
2013/09/20,0,0,0,0
2013/09/23,0,0,-11000,-11000
2013/09/24,0,320000,-12000,308000
2013/09/25,0,0,-7000,-7000
2013/09/26,0,12000,-167000,-155000
2013/09/27,0,0,0,0
2013/09/30,0,8000,-16000,-8000
2013/10/01,0,0,0,0
2013/10/02,0,0,-24000,-24000
2013/10/03,0,0,-77000,-77000
2013/10/04,0,0,-84000,-84000
2013/10/07,0,0,0,0
2013/10/08,0,0,0,0
2013/10/09,0,0,-30000,-30000
2013/10/10,0,0,0,0
2013/10/11,0,0,-149000,-149000
2013/10/14,0,0,0,0
2013/10/15,0,0,-141500,-141500
2013/10/16,0,2000,0,2000
2013/10/17,0,0,-40000,-40000
2013/10/18,0,0,0,0
2013/10/21,0,0,-28000,-28000
2013/10/22,0,0,-3000,-3000
2013/10/23,0,0,0,0
2013/10/24,0,0,-20000,-20000
2013/10/25,0,0,0,0
2013/10/28,0,0,0,0
2013/10/29,0,0,0,0
2013/10/30,0,0,0,0
2013/10/31,0,0,-29600,-29600
2013/11/01,0,0,0,0
2013/11/04,0,0,0,0
2013/11/05,0,0,-55000,-55000
2013/11/06,0,0,0,0
2013/11/07,0,0,0,0
2013/11/08,0,14000,0,14000
2013/11/11,0,3000,0,3000
2013/11/12,0,8000,0,8000
2013/11/13,0,0,-6000,-6000
2013/11/14,0,0,0,0
2013/11/15,0,0,0,0
2013/11/18,0,0,0,0
2013/11/19,0,0,-26000,-26000
2013/11/20,0,0,0,0
2013/11/21,0,0,-9000,-9000
2013/11/22,0,0,0,0
2013/11/25,0,0,0,0
2013/11/26,0,0,0,0
2013/11/27,0,0,0,0
2013/11/28,0,22000,0,22000
2013/11/29,0,2000,0,2000
2013/12/02,0,0,0,0
2013/12/03,0,0,-4000,-4000
2013/12/04,0,0,0,0
2013/12/05,0,0,0,0
2013/12/06,0,0,0,0
2013/12/09,0,4000,0,4000
2013/12/10,0,0,0,0
2013/12/11,0,3000,0,3000
2013/12/12,0,0,0,0
2013/12/13,0,15000,0,15000
2013/12/16,0,0,0,0
2013/12/17,0,0,-3000,-3000
2013/12/18,0,0,-27000,-27000
2013/12/19,0,0,0,0
2013/12/20,0,0,0,0
2013/12/23,0,0,-643,-643
2013/12/24,0,0,0,0
2013/12/25,0,0,0,0
2013/12/26,0,0,0,0
2013/12/27,0,0,0,0
2013/12/30,0,32000,0,32000
2013/12/31,0,15000,0,15000
2014/01/02,0,0,-20000,-20000
2014/01/03,0,0,-100000,-100000
2014/01/06,0,41000,-175000,-134000
2014/01/07,0,16000,-50000,-34000
2014/01/08,0,2000,-114000,-112000
2014/01/09,0,0,-250000,-250000
2014/01/10,0,50000,-76000,-26000
2014/01/13,0,26000,-125500,-99500
2014/01/14,0,2000,0,2000
2014/01/15,0,14000,-144000,-130000
2014/01/16,0,28000,0,28000
2014/01/17,0,10000,0,10000
2014/01/20,0,2000,0,2000
2014/01/21,0,44000,0,44000
2014/01/22,0,10000,0,10000
2014/01/23,0,0,-42000,-42000
2014/01/24,0,0,0,0
2014/01/27,0,1000,-47000,-46000
2014/02/05,0,0,-11000,-11000
2014/02/06,0,4000,-188600,-184600
2014/02/07,0,576000,-15000,561000
2014/02/10,0,10000,-22000,-12000
2014/02/11,0,500000,0,500000
2014/02/12,0,110000,-154000,-44000
2014/02/13,0,4000,-432000,-428000
2014/02/14,0,3000,0,3000
2014/02/17,0,72000,0,72000
2014/02/18,0,7000,-24000,-17000
2014/02/19,0,56000,-316000,-260000
2014/02/20,0,0,-212000,-212000
2014/02/21,0,147000,0,147000
2014/02/24,0,30000,-14000,16000
2014/02/25,0,44000,0,44000
2014/02/26,0,30000,-1000,29000
2014/02/27,0,0,-39000,-39000
2014/03/03,0,0,-17000,-17000
2014/03/04,0,4000,-60000,-56000
2014/03/05,0,0,-177000,-177000
2014/03/06,0,0,-3000,-3000
2014/03/07,0,20000,-3000,17000
2014/03/10,0,2000,-14000,-12000
2014/03/11,0,15000,-6000,9000
2014/03/12,0,24000,-4000,20000
2014/03/13,0,100000,0,100000
2014/03/14,0,5000,0,5000
2014/03/17,0,29000,0,29000
2014/03/18,0,2000,-10000,-8000
2014/03/19,0,162000,-129000,33000
2014/03/20,0,0,0,0
2014/03/21,0,0,-6000,-6000
2014/03/24,0,15000,0,15000
2014/03/25,0,0,-20900,-20900
2014/03/26,0,0,-62000,-62000
2014/03/27,0,59000,0,59000
2014/03/28,0,1000,-6000,-5000
2014/03/31,0,0,-4000,-4000
2014/04/01,0,0,-15000,-15000
2014/04/02,0,0,-10000,-10000
2014/04/03,0,0,0,0
2014/04/07,0,0,-2000,-2000
2014/04/08,0,51000,0,51000
2014/04/09,0,29000,-2000,27000
2014/04/10,0,31000,-121000,-90000
2014/04/11,0,0,-24000,-24000
2014/04/14,0,4000,-100000,-96000
2014/04/15,0,10000,-12000,-2000
2014/04/16,0,7000,-130000,-123000
2014/04/17,0,10000,-17000,-7000
2014/04/18,0,0,-5000,-5000
2014/04/21,0,7000,0,7000
2014/04/22,0,0,-11000,-11000
2014/04/23,0,4173000,-7000,4166000
2014/04/24,0,57000,-2065000,-2008000
2014/04/25,0,67000,-812960,-745960
2014/04/28,0,11000,-378000,-367000
2014/04/29,0,89000,-21000,68000
2014/04/30,0,0,-348000,-348000
2014/05/02,0,2957000,-87000,2870000
2014/05/05,0,17000,-1568000,-1551000
2014/05/06,0,297000,-793000,-496000
2014/05/07,0,871000,-564101,306899
2014/05/08,0,594000,-819000,-225000
2014/05/09,0,832000,-617000,215000
2014/05/12,0,696000,-856000,-160000
2014/05/13,0,336000,-586000,-250000
2014/05/14,0,715000,-218000,497000
2014/05/15,0,43000,-317000,-274000
2014/05/16,0,71000,-80000,-9000
2014/05/19,0,1257000,-22000,1235000
2014/05/20,0,109000,-996000,-887000
2014/05/21,0,419000,-130000,289000
2014/05/22,0,640000,-112000,528000
2014/05/23,0,893000,-609000,284000
2014/05/26,0,121000,-311000,-190000
2014/05/27,0,824000,-143000,681000
2014/05/28,0,541000,-199000,342000
2014/05/29,0,2259000,-169000,2090000
2014/05/30,0,227000,-549000,-322000
2014/06/03,0,2323000,-911000,1412000
2014/06/04,0,1996000,-828000,1168000
2014/06/05,0,649000,-1277000,-628000
2014/06/06,0,389000,-2053000,-1664000
2014/06/09,0,856000,-213000,643000
2014/06/10,0,429000,-1852000,-1423000
2014/06/11,0,233000,-505000,-272000
2014/06/12,0,220000,0,220000
2014/06/13,0,1661000,-923000,738000
2014/06/16,0,382000,-515000,-133000
2014/06/17,0,583000,-885000,-302000
2014/06/18,0,2240000,-726000,1514000
2014/06/19,0,1150000,-1419000,-269000
2014/06/20,0,85000,-587000,-502000
2014/06/23,0,316000,-714000,-398000
2014/06/24,0,987000,-175000,812000
2014/06/25,0,340000,-392000,-52000
2014/06/26,0,813000,-390000,423000
2014/06/27,0,82000,-507000,-425000
2014/06/30,0,110000,-270000,-160000
2014/07/01,0,56000,-622000,-566000
2014/07/02,0,162000,-639000,-477000
2014/07/03,0,2185000,-477000,1708000
2014/07/04,0,163000,-1163000,-1000000
2014/07/07,0,20000,-354000,-334000
2014/07/08,0,95000,-116000,-21000
2014/07/09,0,52000,-395000,-343000
2014/07/10,0,297000,-334000,-37000
2014/07/11,0,31000,-261000,-230000
2014/07/14,0,174000,-156000,18000
2014/07/15,0,210000,-273000,-63000
2014/07/16,0,1517000,-717000,800000
2014/07/17,0,149000,-1038000,-889000
2014/07/18,0,482000,-380000,102000
2014/07/21,0,799000,-152000,647000
2014/07/22,0,279000,-113000,166000
2014/07/23,0,0,0,0
2014/07/24,0,77000,-229000,-152000
2014/07/25,0,224000,-136000,88000
2014/07/28,0,70000,-345000,-275000
2014/07/29,0,95000,-162000,-67000
2014/07/30,0,384000,-67000,317000
2014/07/31,0,33000,-235000,-202000
2014/08/01,0,13000,-316000,-303000
2014/08/04,0,1017000,-75000,942000
2014/08/05,0,11000,-972000,-961000
2014/08/06,0,103000,-402000,-299000
2014/08/07,0,189000,-157000,32000
2014/08/08,0,23000,-258000,-235000
2014/08/11,0,504000,-21000,483000
2014/08/12,0,86000,-207000,-121000
2014/08/13,0,3376000,-599000,2777000
2014/08/14,0,4656000,-2897000,1759000
2014/08/15,0,1080000,-1800000,-720000
2014/08/18,0,199000,-1266000,-1067000
2014/08/19,0,1925000,-537000,1388000
2014/08/20,0,974000,-1480000,-506000
2014/08/21,0,173000,-706000,-533000
2014/08/22,0,623000,-546000,77000
2014/08/25,0,171000,-327000,-156000
2014/08/26,0,104000,-196000,-92000
2014/08/27,0,2871000,-776000,2095000
2014/08/28,0,347000,-1800000,-1453000
2014/08/29,0,271000,-358000,-87000
2014/09/01,0,33000,-542000,-509000
2014/09/02,0,1442000,-556000,886000
2014/09/03,0,1081000,-1012000,69000
2014/09/04,0,422000,-762000,-340000
2014/09/05,0,450000,-666000,-216000
2014/09/09,0,2000,-198000,-196000
2014/09/10,0,125000,-474000,-349000
2014/09/11,0,218000,-396000,-178000
2014/09/12,0,387000,-1985000,-1598000
2014/09/15,0,473000,-1542000,-1069000
2014/09/16,0,936000,-713000,223000
2014/09/17,0,377000,-535000,-158000
2014/09/18,0,122000,-242000,-120000
2014/09/19,0,258000,-293000,-35000
2014/09/22,0,79000,-425000,-346000
2014/09/23,0,217000,-201708,15292
2014/09/24,0,117000,-90000,27000
2014/09/25,0,183000,-607629,-424629
2014/09/26,0,2528000,-142000,2386000
2014/09/29,0,0,0,0
2014/09/30,0,0,0,0
2014/10/01,0,0,0,0
2014/10/02,0,0,0,0
2014/10/03,0,0,0,0
2014/10/06,0,0,0,0
2014/10/07,0,0,0,0
2014/10/08,0,0,0,0
2014/10/09,0,263000,-316000,-53000
2014/10/13,0,19067,-509000,-489933
2014/10/14,0,96000,-30000,66000
2014/10/15,0,39000,-336000,-297000
2014/10/16,0,44410,-253000,-208590
2014/10/17,0,24000,-89000,-65000
2014/10/20,0,138000,-1000,137000
2014/10/21,0,75000,-2000,73000
2014/10/22,0,124000,-251663,-127663
2014/10/23,0,160000,-57077,102923
2014/10/24,0,80000,-213000,-133000
2014/10/27,0,89000,-100000,-11000
2014/10/28,0,136000,-9000,127000
2014/10/29,0,257000,-53000,204000
2014/10/30,0,125000,-55000,70000
2014/10/31,0,410000,-499000,-89000
2014/11/03,0,156000,-350000,-194000
2014/11/04,0,3000,-269000,-266000
2014/11/05,0,52000,-41308,10692
2014/11/06,0,12000,-169000,-157000
2014/11/07,0,2000,-15000,-13000
2014/11/10,0,48000,-31000,17000
2014/11/11,0,53000,-16000,37000
2014/11/12,0,41000,-64000,-23000
2014/11/13,0,33000,-24000,9000
2014/11/14,0,28000,-62000,-34000
2014/11/17,0,20000,-37000,-17000
2014/11/18,0,5000,-131000,-126000
2014/11/19,0,20000,-26000,-6000
2014/11/20,0,174000,-13000,161000
2014/11/21,0,119000,-107000,12000
2014/11/24,0,679000,-77000,602000
2014/11/25,0,62000,-165000,-103000
2014/11/26,0,428000,-155000,273000
2014/11/27,0,214000,-319000,-105000
2014/11/28,0,429000,-468000,-39000
2014/12/01,0,417000,-244000,173000
2014/12/02,0,15000,-353000,-338000
2014/12/03,0,91000,-94000,-3000
2014/12/04,0,22000,-60000,-38000
2014/12/05,0,113000,-32000,81000
2014/12/08,0,57000,-40000,17000
2014/12/09,0,10000,-4000,6000
2014/12/10,0,45000,-130056,-85056
2014/12/11,0,20000,-136000,-116000
2014/12/12,0,36000,-63000,-27000
2014/12/15,0,21000,-83000,-62000
2014/12/16,0,99000,-182000,-83000
2014/12/17,0,55000,-73000,-18000
2014/12/18,0,59000,-16000,43000
2014/12/19,0,23000,-101000,-78000
2014/12/22,0,6000,-20000,-14000
2014/12/23,0,5000,-10000,-5000
2014/12/24,0,110000,-82918,27082
2014/12/25,0,13000,-60000,-47000
2014/12/26,0,32000,-25000,7000
2014/12/29,0,202000,-29000,173000
2014/12/30,0,388000,-102000,286000
2014/12/31,0,269000,-48000,221000
2015/01/01,0,0,0,0
2015/01/02,0,0,0,0
2015/01/05,0,13000,-95000,-82000
2015/01/06,0,63000,-58000,5000
2015/01/07,0,61000,-48000,13000
2015/01/08,0,7000,-491000,-484000
2015/01/09,0,16000,-235000,-219000
2015/01/12,0,4000,-1000,3000
2015/01/13,0,17000,-80000,-63000
2015/01/14,0,8000,-8000,0
2015/01/15,0,123000,-85000,38000
2015/01/16,0,58000,-162000,-104000
2015/01/19,0,50000,-135000,-85000
2015/01/20,0,47000,-10000,37000
2015/01/21,0,110000,-89000,21000
2015/01/22,0,5000,-31000,-26000
2015/01/23,0,80000,-13000,67000
2015/01/26,0,529000,-110000,419000
2015/01/27,0,543000,-277000,266000
2015/01/28,0,174000,-218000,-44000
2015/01/29,0,288000,-125000,163000
2015/01/30,0,84000,-161000,-77000
2015/02/02,0,479000,-377000,102000
2015/02/03,0,127000,-246000,-119000
2015/02/04,0,131000,-131000,0
2015/02/05,0,43000,-87000,-44000
2015/02/06,0,38000,-165000,-127000
2015/02/09,0,43000,-54000,-11000
2015/02/10,0,65000,-181000,-116000
2015/02/11,0,92000,-68000,24000
2015/02/12,0,151000,-97000,54000
2015/02/13,0,105000,-163000,-58000
2015/02/16,0,0,0,0
2015/02/17,0,0,0,0
2015/02/18,0,0,0,0
2015/02/19,0,0,0,0
2015/02/20,0,0,0,0
2015/02/23,0,0,0,0
2015/02/24,0,145000,-180000,-35000
2015/02/25,0,126000,-74000,52000
2015/02/26,0,39000,-90000,-51000
2015/02/27,0,0,0,0
2015/03/02,0,896000,-86000,810000
2015/03/03,0,215000,-290000,-75000
2015/03/04,0,322000,-120000,202000
2015/03/05,0,282000,-318000,-36000
2015/03/06,0,188000,-411000,-223000
2015/03/09,0,99000,-118000,-19000
2015/03/10,0,56000,-228000,-172000
2015/03/11,0,148000,-67000,81000
2015/03/12,0,34000,-45303,-11303
2015/03/13,0,157000,-34000,123000
2015/03/16,0,108000,-161000,-53000
2015/03/17,0,143000,-694000,-551000
2015/03/18,0,219000,-368000,-149000
2015/03/19,0,321000,-165000,156000
2015/03/20,0,379000,-91000,288000
2015/03/23,0,210000,-122000,88000
2015/03/24,0,353000,-226000,127000
2015/03/25,0,564000,-198000,366000
2015/03/26,0,154000,-92000,62000
2015/03/27,0,378000,-262000,116000
2015/03/30,0,101000,-106000,-5000
2015/03/31,0,271000,-166000,105000
2015/04/01,0,306000,-533000,-227000
2015/04/02,0,80000,-597000,-517000
2015/04/03,0,0,0,0
2015/04/06,0,0,0,0
2015/04/07,0,266000,-285000,-19000
2015/04/08,0,167000,-200000,-33000
2015/04/09,0,95000,-147000,-52000
2015/04/10,0,339000,-45000,294000
2015/04/13,0,215000,-123000,92000
2015/04/14,0,55000,-34000,21000
2015/04/15,0,148000,-134000,14000
2015/04/16,0,814000,-284000,530000
2015/04/17,0,957000,-503000,454000
2015/04/20,0,253000,-1122000,-869000
2015/04/21,0,144000,-441000,-297000
2015/04/22,0,167000,-82000,85000
2015/04/23,0,248000,-282000,-34000
2015/04/24,0,192000,-516000,-324000
2015/04/27,0,168000,-130000,38000
2015/04/28,0,53000,-280000,-227000
2015/04/29,0,99000,-158000,-59000
2015/04/30,0,67000,-78000,-11000
2015/05/01,0,0,0,0
2015/05/04,0,50000,-109000,-59000
2015/05/05,0,32000,-138000,-106000
2015/05/06,0,95000,-61000,34000
2015/05/07,0,558000,-77000,481000
2015/05/08,0,70000,-567000,-497000
2015/05/11,0,53000,-91000,-38000
2015/05/12,0,52000,-89000,-37000
2015/05/13,0,33000,-13000,20000
2015/05/14,0,12000,-45000,-33000
2015/05/15,0,42000,-66000,-24000
2015/05/18,0,16000,-44000,-28000
2015/05/19,0,97000,-33000,64000
2015/05/20,0,79000,-202000,-123000
2015/05/21,0,72000,-107000,-35000
2015/05/22,0,135000,-172000,-37000
2015/05/25,0,71000,-98000,-27000
2015/05/26,0,109000,-106000,3000
2015/05/27,0,89000,-129000,-40000
2015/05/28,0,71000,-94000,-23000
2015/05/29,0,127000,-164000,-37000
2015/06/01,0,26000,-43000,-17000
2015/06/02,0,17000,-53000,-36000
2015/06/03,0,6000,-10000,-4000
2015/06/04,0,8000,-62000,-54000
2015/06/05,0,0,-12000,-12000
2015/06/08,0,45000,-64000,-19000
2015/06/09,0,61000,-24000,37000
2015/06/10,0,29000,-72000,-43000
2015/06/11,0,103000,-25000,78000
2015/06/12,0,173000,-39000,134000
2015/06/15,0,113000,-55000,58000
2015/06/16,0,69000,-4000,65000
2015/06/17,0,45000,-49000,-4000
2015/06/18,0,115000,-41000,74000
2015/06/19,0,0,0,0
2015/06/22,0,687000,-146000,541000
2015/06/23,0,113000,-239000,-126000
2015/06/24,0,257000,-104000,153000
2015/06/25,0,51000,-110000,-59000
2015/06/26,0,233000,-195000,38000
2015/06/29,0,325000,-204000,121000
2015/06/30,0,89000,-247000,-158000
2015/07/01,0,41000,-147000,-106000
2015/07/02,0,8000,-55000,-47000
2015/07/03,0,54000,-84000,-30000
2015/07/06,0,9000,-20000,-11000
2015/07/07,0,11000,-4000,7000
2015/07/08,0,6000,-17000,-11000
2015/07/09,0,18000,-49000,-31000
2015/07/10,0,0,0,0
2015/07/13,0,0,-29000,-29000
2015/07/14,0,13000,-26000,-13000
2015/07/15,0,77000,-123000,-46000
2015/07/16,0,26000,-45000,-19000
2015/07/17,0,1000,-16000,-15000
2015/07/20,0,52000,-49000,3000
2015/07/21,0,5000,-71000,-66000
2015/07/22,0,15000,-112000,-97000
2015/07/23,0,22000,-17000,5000
2015/07/24,0,17000,-15000,2000
2015/07/27,0,83000,-45000,38000
2015/07/28,0,93000,-81000,12000
2015/07/29,0,13000,-111000,-98000
2015/07/30,0,103000,-90000,13000
2015/07/31,0,27000,-27000,0
2015/08/03,0,51000,-143000,-92000
2015/08/04,0,133000,-68000,65000
2015/08/05,0,173000,-10000,163000
2015/08/06,0,14000,-74000,-60000
2015/08/07,0,74000,-4000,70000
2015/08/10,0,445000,-94000,351000
2015/08/11,0,72000,-268000,-196000
2015/08/12,0,134000,-107000,27000
2015/08/13,0,503000,-285000,218000
2015/08/14,0,65000,-231000,-166000
2015/08/17,0,72000,-34000,38000
2015/08/18,0,55000,-23000,32000
2015/08/19,0,147000,-250000,-103000
2015/08/20,0,137000,-93000,44000
2015/08/21,0,152000,-227000,-75000
2015/08/24,0,235000,-444000,-209000
2015/08/25,0,263000,-126000,137000
2015/08/26,0,92000,-19000,73000
2015/08/27,0,125000,-78000,47000
2015/08/28,0,162000,-96000,66000
2015/08/31,0,88000,-68000,20000
2015/09/01,0,78000,-176000,-98000
2015/09/02,0,46000,-17000,29000
2015/09/03,0,473000,-388000,85000
2015/09/04,0,225000,-161000,64000
2015/09/07,0,15000,-53000,-38000
2015/09/08,0,133000,-23000,110000
2015/09/09,0,48000,-152000,-104000
2015/09/10,0,20000,-24000,-4000
2015/09/11,0,96000,-45000,51000
2015/09/14,0,51000,-28000,23000
2015/09/15,0,265000,-292000,-27000
2015/09/16,0,210000,-248000,-38000
2015/09/17,0,272000,-205000,67000
2015/09/18,0,817000,-597000,220000
2015/09/21,0,88000,-303000,-215000
2015/09/22,0,18000,-54000,-36000
2015/09/23,0,207000,-115000,92000
2015/09/24,0,114000,-113000,1000
2015/09/25,0,46000,-94000,-48000
2015/09/28,0,0,0,0
2015/09/29,0,0,0,0
2015/09/30,0,56000,-49000,7000
2015/10/01,0,180000,-223000,-43000
2015/10/02,0,333000,-216000,117000
2015/10/05,0,106000,-366000,-260000
2015/10/06,0,90000,-59000,31000
2015/10/07,0,138000,-102000,36000
2015/10/08,0,33000,-181000,-148000
2015/10/09,0,0,0,0
2015/10/12,0,45000,-27000,18000
2015/10/13,0,280000,-65000,215000
2015/10/14,0,97000,-245000,-148000
2015/10/15,0,7000,-61000,-54000
2015/10/16,0,21000,-122000,-101000
2015/10/19,0,15000,-7000,8000
2015/10/20,0,50000,-14000,36000
2015/10/21,0,5000,-15000,-10000
2015/10/22,0,0,-24000,-24000
2015/10/23,0,104000,-26899,77101
2015/10/26,0,38000,-2000,36000
2015/10/27,0,12000,-82000,-70000
2015/10/28,0,41000,0,41000
2015/10/29,0,92000,-12000,80000
2015/10/30,0,33000,-29000,4000
2015/11/02,0,103000,-20000,83000
2015/11/03,0,37000,-62000,-25000
2015/11/04,0,37000,-17000,20000
2015/11/05,0,132000,-218000,-86000
2015/11/06,0,20000,-101000,-81000
2015/11/09,0,18000,-10000,8000
2015/11/10,0,23000,-87000,-64000
2015/11/11,0,181000,-28000,153000
2015/11/12,0,56000,-29000,27000
2015/11/13,0,58000,-27000,31000
2015/11/16,0,37000,-27000,10000
2015/11/17,0,30000,-26000,4000
2015/11/18,0,14000,-19000,-5000
2015/11/19,0,19000,-10000,9000
2015/11/20,0,0,-22000,-22000
2015/11/23,0,2000,-1000,1000
2015/11/24,0,3000,-3000,0
2015/11/25,0,5000,-11000,-6000
2015/11/26,0,0,-6000,-6000
2015/11/27,0,1000,-1000,0
2015/11/30,0,8000,0,8000
2015/12/01,0,62000,-3000,59000
2015/12/02,0,0,-20000,-20000
2015/12/03,0,4000,-14000,-10000
2015/12/04,0,1000,-40000,-39000
2015/12/07,0,0,-8000,-8000
2015/12/08,0,0,0,0
2015/12/09,0,0,-12000,-12000
2015/12/10,0,5000,-56000,-51000
2015/12/11,0,4000,-33000,-29000
2015/12/14,0,25000,-1000,24000
2015/12/15,0,8000,0,8000
2015/12/16,0,2000,-90000,-88000
2015/12/17,0,5000,-27000,-22000
2015/12/18,0,30000,-37000,-7000
2015/12/21,0,320000,-50000,270000
2015/12/22,0,12000,-162000,-150000
2015/12/23,0,12000,-59000,-47000
2015/12/24,0,6000,-21000,-15000
2015/12/25,0,16000,-6000,10000
2015/12/28,0,375000,-12000,363000
2015/12/29,0,210000,-78000,132000
2015/12/30,0,185000,-81000,104000
2015/12/31,0,272000,-338000,-66000
2016/01/01,0,0,0,0
2016/01/04,0,207000,-4000,203000
2016/01/05,0,152000,0,152000
2016/01/06,0,114000,-12172,101828
2016/01/07,0,122000,-3823,118177
2016/01/08,0,215000,-277,214723
2016/01/11,0,81000,0,81000
2016/01/12,0,45000,-29000,16000
2016/01/13,0,87000,-1000,86000
2016/01/14,0,164000,-5000,159000
2016/01/15,0,292000,-5000,287000
2016/01/18,0,173000,-6000,167000
2016/01/19,0,25000,-45000,-20000
2016/01/20,0,166000,-43000,123000
2016/01/21,0,130000,-234000,-104000
2016/01/22,0,66000,-32000,34000
2016/01/25,0,16000,-25000,-9000
2016/01/26,0,19000,-4000,15000
2016/01/27,0,38000,-27000,11000
2016/01/28,0,21000,-20000,1000
2016/01/29,0,5000,-1000,4000
2016/02/01,0,102000,-15000,87000
2016/02/02,0,90000,-98000,-8000
2016/02/03,0,306000,-470000,-164000
2016/02/04,0,0,0,0
2016/02/05,0,0,0,0
2016/02/08,0,0,0,0
2016/02/09,0,0,0,0
2016/02/10,0,0,0,0
2016/02/11,0,0,0,0
2016/02/12,0,0,0,0
2016/02/15,0,293000,-183698,109302
2016/02/16,0,302000,-347000,-45000
2016/02/17,0,545000,-309000,236000
2016/02/18,0,276000,-202000,74000
2016/02/19,0,150000,-229000,-79000
2016/02/22,0,22000,-68000,-46000
2016/02/23,0,5000,-32000,-27000
2016/02/24,0,8000,-115000,-107000
2016/02/25,0,0,-58000,-58000
2016/02/26,0,0,-42000,-42000
2016/02/29,0,0,0,0
2016/03/01,0,0,-71000,-71000
2016/03/02,0,5000,-88000,-83000
2016/03/03,0,0,-112000,-112000
2016/03/04,0,7000,-9000,-2000
2016/03/07,0,168000,-56000,112000
2016/03/08,0,83000,-41000,42000
2016/03/09,0,144000,-13000,131000
2016/03/10,0,91000,-101000,-10000
2016/03/11,0,77000,-30000,47000
2016/03/14,0,82000,-379000,-297000
2016/03/15,0,60000,-475000,-415000
2016/03/16,0,31000,-156000,-125000
2016/03/17,0,23000,-23000,0
2016/03/18,0,0,-7000,-7000
2016/03/21,0,0,0,0
2016/03/22,0,0,-45000,-45000
2016/03/23,0,1000,-284,716
2016/03/24,0,0,-116674,-116674
2016/03/25,0,8000,-49000,-41000
2016/03/28,0,271000,0,271000
2016/03/29,0,436000,-8000,428000
2016/03/30,0,5000,-8000,-3000
2016/03/31,0,19000,-53080,-34080
2016/04/01,0,29000,-54000,-25000
2016/04/04,0,0,0,0
2016/04/05,0,0,0,0
2016/04/06,0,147000,-77000,70000
2016/04/07,0,187000,-134000,53000
2016/04/08,0,107000,-6000,101000
2016/04/11,0,89000,-24000,65000
2016/04/12,0,99000,-46000,53000
2016/04/13,0,0,-75000,-75000
2016/04/14,0,0,-83000,-83000
2016/04/15,0,91000,-8000,83000
2016/04/18,0,0,-448000,-448000
2016/04/19,0,32000,-589000,-557000
2016/04/20,0,59000,-231000,-172000
2016/04/21,0,35000,-122000,-87000
2016/04/22,0,78000,-258000,-180000
2016/04/25,0,2000,0,2000
2016/04/26,0,1000,-1000,0
2016/04/27,0,7000,0,7000
2016/04/28,0,21000,-6000,15000
2016/04/29,0,70000,-27000,43000
2016/05/02,0,0,0,0
2016/05/03,0,69000,0,69000
2016/05/04,0,179000,-909,178091
2016/05/05,0,132000,-228000,-96000
2016/05/06,0,146000,0,146000
2016/05/09,0,59000,0,59000
2016/05/10,0,121000,-4000,117000
2016/05/11,0,66000,-8000,58000
2016/05/12,0,42000,-3000,39000
2016/05/13,0,190000,-12000,178000
2016/05/16,0,30000,-2000,28000
2016/05/17,0,21000,0,21000
2016/05/18,0,27000,-1000,26000
2016/05/19,0,34000,-1000,33000
2016/05/20,0,14000,-1000,13000
2016/05/23,0,7000,-8000,-1000
2016/05/24,0,7000,-7000,0
2016/05/25,0,7000,-7000,0
2016/05/26,0,22000,-24000,-2000
2016/05/27,0,2000,-19000,-17000
2016/05/30,0,2000,-26000,-24000
2016/05/31,0,1000,-16000,-15000
2016/06/01,0,0,-31000,-31000
2016/06/02,0,0,-72000,-72000
2016/06/03,0,20000,-42000,-22000
2016/06/06,0,15000,-55000,-40000
2016/06/07,0,44000,-74000,-30000
2016/06/08,0,32000,-88000,-56000
2016/06/09,0,0,0,0
2016/06/10,0,0,0,0
2016/06/13,0,2000,-42000,-40000
2016/06/14,0,8000,-21000,-13000
2016/06/15,0,208000,-30000,178000
2016/06/16,0,115000,-7000,108000
2016/06/17,0,7000,-20000,-13000
2016/06/20,0,205000,-41000,164000
2016/06/21,0,53000,-51000,2000
2016/06/22,0,0,-18000,-18000
2016/06/23,0,0,-32000,-32000
2016/06/24,0,0,-59000,-59000
2016/06/27,0,0,-1000,-1000
2016/06/28,0,0,-18000,-18000
2016/06/29,0,102000,-23000,79000
2016/06/30,0,20000,-61000,-41000
2016/07/01,0,5000,-55000,-50000
2016/07/04,0,0,-92000,-92000
2016/07/05,0,0,-19000,-19000
2016/07/06,0,8000,-39000,-31000
2016/07/07,0,0,-13000,-13000
2016/07/08,0,0,0,0
2016/07/11,0,41000,-121000,-80000
2016/07/12,0,5000,-55000,-50000
2016/07/13,0,2000,-110000,-108000
2016/07/14,0,0,-31000,-31000
2016/07/15,0,1000,-98000,-97000
2016/07/18,0,31000,-274000,-243000
2016/07/19,0,33000,-73000,-40000
2016/07/20,0,8000,-69000,-61000
2016/07/21,0,53000,-65000,-12000
2016/07/22,0,10000,-50000,-40000
2016/07/25,0,22000,-48000,-26000
2016/07/26,0,2000,-79000,-77000
2016/07/27,0,25000,-43000,-18000
2016/07/28,0,0,-30000,-30000
2016/07/29,0,24000,-18001,5999
2016/08/01,0,58000,-60000,-2000
2016/08/02,0,226000,-131197,94803
2016/08/03,0,0,0,0
2016/08/04,0,0,0,0
2016/08/05,0,0,0,0
2016/08/08,0,0,0,0
2016/08/09,0,0,0,0
2016/08/10,0,0,0,0
2016/08/11,0,0,0,0
2016/08/12,0,0,0,0
2016/08/15,0,8000,-525635,-517635
2016/08/16,0,0,-119000,-119000
2016/08/17,0,6000,-30000,-24000
2016/08/18,0,5000,-35000,-30000
2016/08/19,0,1000,-55000,-54000
2016/08/22,0,0,0,0
2016/08/23,0,0,-10000,-10000
2016/08/24,0,0,-7000,-7000
2016/08/25,0,0,-18000,-18000
2016/08/26,0,10000,-8000,2000
2016/08/29,0,5000,-6000,-1000
2016/08/30,0,2000,-22000,-20000
2016/08/31,0,4000,-14000,-10000
2016/09/01,0,0,0,0
2016/09/02,0,1000,-1000,0
2016/09/05,0,5000,-6000,-1000
2016/09/06,0,5000,-17000,-12000
2016/09/07,0,0,-24000,-24000
2016/09/08,0,15000,-28000,-13000
2016/09/09,0,6000,0,6000
2016/09/12,0,1000,-6000,-5000
2016/09/13,0,59000,0,59000
2016/09/14,0,6000,-9000,-3000
2016/09/15,0,0,0,0
2016/09/16,0,0,0,0
2016/09/19,0,0,-2957,-2957
2016/09/20,0,0,-6000,-6000
2016/09/21,0,0,-8000,-8000
2016/09/22,0,7000,0,7000
2016/09/23,0,0,-3000,-3000
2016/09/26,0,0,0,0
2016/09/27,0,0,0,0
2016/09/28,0,0,0,0
2016/09/29,0,0,-846,-846
2016/09/30,0,955,0,955
2016/10/03,0,0,0,0
2016/10/04,0,1000,0,1000
2016/10/05,0,0,0,0
2016/10/06,0,5000,-5000,0
2016/10/07,0,5000,0,5000
2016/10/10,0,0,0,0
2016/10/11,0,10000,-5000,5000
2016/10/12,0,2000,0,2000
2016/10/13,0,0,-1000,-1000
2016/10/14,0,0,-7000,-7000
2016/10/17,0,0,0,0
2016/10/18,0,0,0,0
2016/10/19,0,0,-3000,-3000
2016/10/20,0,0,-2000,-2000
2016/10/21,0,0,-16034,-16034
2016/10/24,0,10000,0,10000
2016/10/25,0,0,0,0
2016/10/26,0,0,0,0
2016/10/27,0,3000,-21000,-18000
2016/10/28,0,7000,-78000,-71000
2016/10/31,0,1000,-47000,-46000
2016/11/01,0,2000,-50000,-48000
2016/11/02,0,20000,0,20000
2016/11/03,0,8000,0,8000
2016/11/04,0,0,0,0
2016/11/07,0,5000,0,5000
2016/11/08,0,0,0,0
2016/11/09,0,1000,-28000,-27000
2016/11/10,0,1000,0,1000
2016/11/11,0,1000,0,1000
2016/11/14,0,3000,-1000,2000
2016/11/15,0,3000,0,3000
2016/11/16,0,0,-7000,-7000
2016/11/17,0,0,-24000,-24000
2016/11/18,0,0,0,0
2016/11/21,0,0,0,0
2016/11/22,0,2000,0,2000
2016/11/23,0,14000,0,14000
2016/11/24,0,0,0,0
2016/11/25,0,0,-851,-851
2016/11/28,0,3000,-805,2195
2016/11/29,0,0,0,0
2016/11/30,0,0,0,0
2016/12/01,0,0,-1000,-1000
2016/12/02,0,0,-3000,-3000
2016/12/05,0,0,-4000,-4000
2016/12/06,0,2000,0,2000
2016/12/07,0,1000,0,1000
2016/12/08,0,3000,0,3000
2016/12/09,0,0,0,0
2016/12/12,0,11000,0,11000
2016/12/13,0,0,0,0
2016/12/14,0,0,0,0
2016/12/15,0,1000,0,1000
2016/12/16,0,4000,0,4000
2016/12/19,0,8000,0,8000
2016/12/20,0,8000,0,8000
2016/12/21,0,19000,-3000,16000
2016/12/22,0,0,-4000,-4000
2016/12/23,0,1000,0,1000
2016/12/26,0,0,-7000,-7000
2016/12/27,0,1000,0,1000
2016/12/28,0,0,0,0
2016/12/29,0,0,0,0
2016/12/30,0,0,0,0
2017/01/02,0,0,0,0
2017/01/03,0,0,0,0
2017/01/04,0,0,-1000,-1000
2017/01/05,0,0,-2000,-2000
2017/01/06,0,0,0,0
2017/01/09,0,0,-1000,-1000
2017/01/10,0,0,0,0
2017/01/11,0,200000,0,200000
2017/01/12,0,206000,-34000,172000
2017/01/13,0,234000,0,234000
2017/01/16,0,0,0,0
2017/01/17,0,20000,-5000,15000
2017/01/18,0,3000,-7000,-4000
2017/01/19,0,12000,-69000,-57000
2017/01/20,0,271000,-173036,97964
2017/01/23,0,27000,-60000,-33000
2017/01/24,0,314000,-53000,261000
2017/01/25,0,0,0,0
2017/01/26,0,0,0,0
2017/01/27,0,0,0,0
2017/01/30,0,0,0,0
2017/01/31,0,0,0,0
2017/02/01,0,0,0,0
2017/02/02,0,236000,-159000,77000
2017/02/03,0,60000,-27000,33000
2017/02/06,0,62000,-74000,-12000
2017/02/07,0,169000,-176000,-7000
2017/02/08,0,42000,-93000,-51000
2017/02/09,0,125000,-29000,96000
2017/02/10,0,50000,0,50000
2017/02/13,0,170000,0,170000
2017/02/14,0,15000,-85000,-70000
2017/02/15,0,2000,-191000,-189000
2017/02/16,0,65000,-17000,48000
2017/02/17,0,6000,-46000,-40000
2017/02/20,0,50000,-26000,24000
2017/02/21,0,48000,-345000,-297000
2017/02/22,0,13000,-20000,-7000
2017/02/23,0,7000,-302000,-295000
2017/02/24,0,92000,-353000,-261000
2017/02/27,0,0,0,0
2017/02/28,0,0,0,0
2017/03/01,0,358000,-214000,144000
2017/03/02,0,300000,-115000,185000
2017/03/03,0,197000,-38000,159000
2017/03/06,0,298000,-205000,93000
2017/03/07,0,83000,-32000,51000
2017/03/08,0,39000,-79000,-40000
2017/03/09,0,52000,-5000,47000
2017/03/10,0,149000,0,149000
2017/03/13,0,568000,-11000,557000
2017/03/14,0,13000,-1000,12000
2017/03/15,0,181000,-30000,151000
2017/03/16,0,104000,-30000,74000
2017/03/17,0,41000,-29000,12000
2017/03/20,0,128000,0,128000
2017/03/21,0,83000,-91000,-8000
2017/03/22,0,68000,-77000,-9000
2017/03/23,0,50000,-52241,-2241
2017/03/24,0,81000,-531508,-450508
2017/03/27,0,25000,-372000,-347000
2017/03/28,0,51000,-360000,-309000
2017/03/29,0,110000,-219000,-109000
2017/03/30,0,50000,-150000,-100000
2017/03/31,0,17000,-101000,-84000
2017/04/03,0,0,0,0
2017/04/04,0,0,0,0
2017/04/05,0,148000,-127000,21000
2017/04/06,0,19000,-78000,-59000
2017/04/07,0,30000,-194000,-164000
2017/04/10,0,47000,-118000,-71000
2017/04/11,0,31000,0,31000
2017/04/12,0,164000,-172000,-8000
2017/04/13,0,497000,-356000,141000
2017/04/14,0,210000,-272000,-62000
2017/04/17,0,68000,-65000,3000
2017/04/18,0,157000,-76000,81000
2017/04/19,0,321000,-50000,271000
2017/04/20,0,279000,-220000,59000
2017/04/21,0,377000,-485000,-108000
2017/04/24,0,219000,-315000,-96000
2017/04/25,0,340000,-253000,87000
2017/04/26,0,225000,-241000,-16000
2017/04/27,0,406000,-152000,254000
2017/04/28,0,143000,-294000,-151000
2017/05/01,0,0,0,0
2017/05/02,0,36000,-293000,-257000
2017/05/03,0,128000,-98000,30000
2017/05/04,0,47000,-85000,-38000
2017/05/05,0,39000,-141000,-102000
2017/05/08,0,50000,-100000,-50000
2017/05/09,0,111000,-123000,-12000
2017/05/10,0,133000,-65000,68000
2017/05/11,0,14000,-173000,-159000
2017/05/12,0,80000,-17000,63000
2017/05/15,0,268000,-46000,222000
2017/05/16,0,70000,-199000,-129000
2017/05/17,0,65000,-116000,-51000
2017/05/18,0,72000,-117000,-45000
2017/05/19,0,106000,-45000,61000
2017/05/22,0,94000,-74000,20000
2017/05/23,0,66000,-31000,35000
2017/05/24,0,347000,-177000,170000
2017/05/25,0,253000,-197000,56000
2017/05/26,0,128000,-37000,91000
2017/05/29,0,0,0,0
2017/05/30,0,0,0,0
2017/05/31,0,39000,-7000,32000
2017/06/01,0,22000,-81000,-59000
2017/06/02,0,115000,-83000,32000
2017/06/05,0,235000,-31000,204000
2017/06/06,0,347000,-240000,107000
2017/06/07,0,96000,-312000,-216000
2017/06/08,0,844000,-129000,715000
2017/06/09,0,342000,-366000,-24000
2017/06/12,0,26000,-421000,-395000
2017/06/13,0,81000,-102000,-21000
2017/06/14,0,94000,-315000,-221000
2017/06/15,0,206000,-78000,128000
2017/06/16,0,241000,-56000,185000
2017/06/19,0,177000,-74000,103000
2017/06/20,0,652000,-185000,467000
2017/06/21,0,833000,-430000,403000
2017/06/22,0,186000,-1032000,-846000
2017/06/23,0,87000,-251000,-164000
2017/06/26,0,279000,-37000,242000
2017/06/27,0,515000,-167000,348000
2017/06/28,0,64000,-368000,-304000
2017/06/29,0,41000,-263000,-222000
2017/06/30,0,68000,-234000,-166000
2017/07/03,0,58000,-136000,-78000
2017/07/04,0,46000,-47000,-1000
2017/07/05,0,222000,-185000,37000
2017/07/06,0,92000,-104000,-12000
2017/07/07,0,146000,-98000,48000
2017/07/10,0,34000,-32000,2000
2017/07/11,0,77000,-2000,75000
2017/07/12,0,37000,-188000,-151000
2017/07/13,0,129000,-40000,89000
2017/07/14,0,191000,-131000,60000
2017/07/17,0,152000,-269000,-117000
2017/07/18,0,44000,-67000,-23000
2017/07/19,0,411000,-133000,278000
2017/07/20,0,135000,-345000,-210000
2017/07/21,0,49000,-202000,-153000
2017/07/24,0,106000,-180000,-74000
2017/07/25,0,288000,-307000,-19000
2017/07/26,0,91000,-341000,-250000
2017/07/27,0,24000,-106000,-82000
2017/07/28,0,28000,-36000,-8000
2017/07/31,0,60000,-16000,44000
2017/08/01,0,45000,-68000,-23000
2017/08/02,0,260000,-46000,214000
2017/08/03,0,38000,-302000,-264000
2017/08/04,0,14000,-244385,-230385
2017/08/07,0,0,0,0
2017/08/08,0,0,0,0
2017/08/09,0,0,0,0
2017/08/10,0,0,0,0
2017/08/11,0,0,0,0
2017/08/14,0,0,0,0
2017/08/15,0,0,0,0
2017/08/16,0,0,0,0
2017/08/17,0,0,0,0
2017/08/18,0,45000,-74469,-29469
