Date,Open,Buy,Sell,Total
2007/01/02,0,0,-1502000,-1502000
2007/01/03,0,1000000,-6976000,-5976000
2007/01/04,0,100000,-2659000,-2559000
2007/01/05,0,0,-5542000,-5542000
2007/01/08,0,0,-2550000,-2550000
2007/01/09,0,448000,-2400000,-1952000
2007/01/10,0,1602000,0,1602000
2007/01/11,0,5000,-766000,-761000
2007/01/12,0,1639000,-1908000,-269000
2007/01/15,0,400000,0,400000
2007/01/16,0,3000,0,3000
2007/01/17,0,2000,0,2000
2007/01/18,0,0,0,0
2007/01/19,0,0,-512000,-512000
2007/01/22,0,32000,-1478000,-1446000
2007/01/23,0,50000,-1000000,-950000
2007/01/24,0,16000,-1100000,-1084000
2007/01/25,0,16000,-550000,-534000
2007/01/26,0,0,-1850000,-1850000
2007/01/29,0,0,-1000,-1000
2007/01/30,0,51000,0,51000
2007/01/31,0,0,0,0
2007/02/01,0,0,0,0
2007/02/02,0,1000,0,1000
2007/02/05,0,33000,0,33000
2007/02/06,0,42000,0,42000
2007/02/07,0,0,-6953000,-6953000
2007/02/08,0,3000,-1827000,-1824000
2007/02/09,0,0,0,0
2007/02/12,0,0,0,0
2007/02/13,0,600000,0,600000
2007/02/14,0,0,0,0
2007/02/15,0,0,0,0
2007/02/16,0,0,0,0
2007/02/19,0,0,0,0
2007/02/20,0,0,0,0
2007/02/21,0,0,0,0
2007/02/22,0,0,0,0
2007/02/23,0,0,0,0
2007/02/26,0,0,0,0
2007/02/27,0,0,0,0
2007/02/28,0,0,0,0
2007/03/01,0,300000,0,300000
2007/03/02,0,0,0,0
2007/03/05,0,0,-10000,-10000
2007/03/06,0,0,-50000,-50000
2007/03/07,0,0,0,0
2007/03/08,0,0,-853000,-853000
2007/03/09,0,0,-1298000,-1298000
2007/03/12,0,0,-301000,-301000
2007/03/13,0,0,0,0
2007/03/14,0,0,-6500000,-6500000
2007/03/15,0,0,-2730000,-2730000
2007/03/16,0,0,-1000,-1000
2007/03/19,0,0,0,0
2007/03/20,0,0,-521000,-521000
2007/03/21,0,0,-1000,-1000
2007/03/22,0,0,0,0
2007/03/23,0,0,0,0
2007/03/26,0,3000,0,3000
2007/03/27,0,0,0,0
2007/03/28,0,0,-247000,-247000
2007/03/29,0,0,-271000,-271000
2007/03/30,0,0,-463000,-463000
2007/04/02,0,0,-317000,-317000
2007/04/03,0,0,-133000,-133000
2007/04/04,0,1000,-9120000,-9119000
2007/04/05,0,0,0,0
2007/04/06,0,0,0,0
2007/04/09,0,0,-3000,-3000
2007/04/10,0,200000,-2000,198000
2007/04/11,0,1000,0,1000
2007/04/12,0,0,-11000,-11000
2007/04/13,0,0,-2000,-2000
2007/04/16,0,0,0,0
2007/04/17,0,0,0,0
2007/04/18,0,0,0,0
2007/04/19,0,402000,0,402000
2007/04/20,0,15000,0,15000
2007/04/23,0,4000,0,4000
2007/04/24,0,11000,0,11000
2007/04/25,0,0,-400000,-400000
2007/04/26,0,0,0,0
2007/04/27,0,0,0,0
2007/04/30,0,0,0,0
2007/05/01,0,0,0,0
2007/05/02,0,0,0,0
2007/05/03,0,0,0,0
2007/05/04,0,0,0,0
2007/05/07,0,0,-200000,-200000
2007/05/08,0,400000,0,400000
2007/05/09,0,0,0,0
2007/05/10,0,0,-7000,-7000
2007/05/11,0,0,-1000,-1000
2007/05/14,0,1000000,0,1000000
2007/05/15,0,18000,0,18000
2007/05/16,0,0,-3000,-3000
2007/05/17,0,0,-283000,-283000
2007/05/18,0,0,0,0
2007/05/21,0,0,0,0
2007/05/22,0,2000,0,2000
2007/05/23,0,0,-1000,-1000
2007/05/24,0,0,0,0
2007/05/25,0,3000,0,3000
2007/05/28,0,1000000,0,1000000
2007/05/29,0,503000,0,503000
2007/05/30,0,0,0,0
2007/05/31,0,0,0,0
2007/06/01,0,1400000,0,1400000
2007/06/04,0,5001000,0,5001000
2007/06/05,0,5591000,0,5591000
2007/06/06,0,5002000,-1766000,3236000
2007/06/07,0,0,-1534000,-1534000
2007/06/08,0,5000000,-1000000,4000000
2007/06/11,0,5000000,0,5000000
2007/06/12,0,0,0,0
2007/06/13,0,0,0,0
2007/06/14,0,0,-2000,-2000
2007/06/15,0,2000000,-353000,1647000
2007/06/18,0,0,0,0
2007/06/19,0,0,0,0
2007/06/20,0,0,0,0
2007/06/21,0,0,-200000,-200000
2007/06/22,0,0,0,0
2007/06/25,0,12000,-4050000,-4038000
2007/06/26,0,0,0,0
2007/06/27,0,0,0,0
2007/06/28,0,0,0,0
2007/06/29,0,0,-1000,-1000
2007/07/02,0,0,0,0
2007/07/03,0,0,0,0
2007/07/04,0,625000,0,625000
2007/07/05,0,117000,-280000,-163000
2007/07/06,0,207000,-591000,-384000
2007/07/09,0,203000,-6000,197000
2007/07/10,0,3000,0,3000
2007/07/11,0,0,0,0
2007/07/12,0,0,-625000,-625000
2007/07/13,0,0,0,0
2007/07/16,0,0,0,0
2007/07/17,0,4300000,-7000,4293000
2007/07/18,0,2307000,0,2307000
2007/07/19,0,503000,0,503000
2007/07/20,0,3000,0,3000
2007/07/23,0,0,0,0
2007/07/24,0,1000,-2000,-1000
2007/07/25,0,3000,0,3000
2007/07/26,0,2000000,-12000,1988000
2007/07/27,0,4501000,-500000,4001000
2007/07/30,0,2000,0,2000
2007/07/31,0,0,-3000,-3000
2007/08/01,0,2000,-10000,-8000
2007/08/02,0,1000,-1000,0
2007/08/03,0,0,-1000,-1000
2007/08/06,0,1000,0,1000
2007/08/07,0,3000,0,3000
2007/08/08,0,3000,0,3000
2007/08/09,0,0,0,0
2007/08/10,0,0,-1717000,-1717000
2007/08/13,0,0,-200000,-200000
2007/08/14,0,0,0,0
2007/08/15,0,2000,0,2000
2007/08/16,0,1000,-28000,-27000
2007/08/17,0,5000,-3000,2000
2007/08/20,0,0,-10000,-10000
2007/08/21,0,5000,-1057000,-1052000
2007/08/22,0,6000,-1000,5000
2007/08/23,0,3000,-1500000,-1497000
2007/08/24,0,0,-4000,-4000
2007/08/27,0,13000,-1000000,-987000
2007/08/28,0,3300000,0,3300000
2007/08/29,0,0,-530000,-530000
2007/08/30,0,0,0,0
2007/08/31,0,10000,-13000,-3000
2007/09/03,0,100000,0,100000
2007/09/04,0,8000,-2000,6000
2007/09/05,0,0,0,0
2007/09/06,0,0,0,0
2007/09/07,0,2000000,0,2000000
2007/09/10,0,8000,-2000,6000
2007/09/11,0,0,0,0
2007/09/12,0,0,0,0
2007/09/13,0,0,0,0
2007/09/14,0,3000,0,3000
2007/09/17,0,0,0,0
2007/09/18,0,0,0,0
2007/09/19,0,0,0,0
2007/09/20,0,0,0,0
2007/09/21,0,0,-14000,-14000
2007/09/24,0,0,0,0
2007/09/25,0,0,0,0
2007/09/26,0,3000,-1701000,-1698000
2007/09/27,0,2000,0,2000
2007/09/28,0,0,0,0
2007/10/01,0,0,-901000,-901000
2007/10/02,0,0,-900000,-900000
2007/10/03,0,0,0,0
2007/10/04,0,0,0,0
2007/10/05,0,0,-2000,-2000
2007/10/08,0,0,-6000,-6000
2007/10/09,0,0,0,0
2007/10/10,0,0,0,0
2007/10/11,0,0,-400000,-400000
2007/10/12,0,0,0,0
2007/10/15,0,2000,-16000,-14000
2007/10/16,0,4000,0,4000
2007/10/17,0,0,0,0
2007/10/18,0,0,0,0
2007/10/19,0,0,-49000,-49000
2007/10/22,0,1000,0,1000
2007/10/23,0,0,0,0
2007/10/24,0,0,0,0
2007/10/25,0,3000,0,3000
2007/10/26,0,0,0,0
2007/10/29,0,3000,0,3000
2007/10/30,0,1000,-10000,-9000
2007/10/31,0,618000,-20000,598000
2007/11/01,0,0,0,0
2007/11/02,0,11000,0,11000
2007/11/05,0,32000,-30000,2000
2007/11/06,0,124000,0,124000
2007/11/07,0,1000,0,1000
2007/11/08,0,3000,0,3000
2007/11/09,0,2000,0,2000
2007/11/12,0,3000,0,3000
2007/11/13,0,3000,-124000,-121000
2007/11/14,0,0,-2000,-2000
2007/11/15,0,0,0,0
2007/11/16,0,0,0,0
2007/11/19,0,0,-90000,-90000
2007/11/20,0,0,0,0
2007/11/21,0,0,-14000,-14000
2007/11/22,0,0,0,0
2007/11/23,0,0,0,0
2007/11/26,0,0,0,0
2007/11/27,0,25000,0,25000
2007/11/28,0,0,0,0
2007/11/29,0,0,0,0
2007/11/30,0,0,0,0
2007/12/03,0,0,0,0
2007/12/04,0,0,0,0
2007/12/05,0,0,0,0
2007/12/06,0,0,0,0
2007/12/07,0,0,0,0
2007/12/10,0,0,0,0
2007/12/11,0,0,0,0
2007/12/12,0,0,0,0
2007/12/13,0,2000,0,2000
2007/12/14,0,0,-3000,-3000
2007/12/17,0,0,0,0
2007/12/18,0,0,-124000,-124000
2007/12/19,0,0,0,0
2007/12/20,0,0,0,0
2007/12/21,0,18000,0,18000
2007/12/24,0,250000,0,250000
2007/12/25,0,0,0,0
2007/12/26,0,0,0,0
2007/12/27,0,39000,0,39000
2007/12/28,0,0,0,0
2007/12/31,0,0,0,0
2008/01/01,0,0,0,0
2008/01/02,0,0,0,0
2008/01/03,0,0,0,0
2008/01/04,0,0,0,0
2008/01/07,0,0,-743000,-743000
2008/01/08,0,0,-6000,-6000
2008/01/09,0,0,0,0
2008/01/10,0,35000,-250000,-215000
2008/01/11,0,0,-10000,-10000
2008/01/14,0,0,0,0
2008/01/15,0,0,-3000,-3000
2008/01/16,0,0,0,0
2008/01/17,0,19000,-323000,-304000
2008/01/18,0,16000,0,16000
2008/01/21,0,0,0,0
2008/01/22,0,0,0,0
2008/01/23,0,0,0,0
2008/01/24,0,0,0,0
2008/01/25,0,0,0,0
2008/01/28,0,0,0,0
2008/01/29,0,0,0,0
2008/01/30,0,0,0,0
2008/01/31,0,0,0,0
2008/02/01,0,0,0,0
2008/02/04,0,0,0,0
2008/02/05,0,0,0,0
2008/02/06,0,0,0,0
2008/02/07,0,0,0,0
2008/02/08,0,0,0,0
2008/02/11,0,0,0,0
2008/02/12,0,0,0,0
2008/02/13,0,0,-110000,-110000
2008/02/14,0,0,0,0
2008/02/15,0,0,0,0
2008/02/18,0,76000,0,76000
2008/02/19,0,175000,0,175000
2008/02/20,0,0,0,0
2008/02/21,0,2000000,0,2000000
2008/02/22,0,8500000,0,8500000
2008/02/25,0,0,0,0
2008/02/26,0,0,0,0
2008/02/27,0,77000,0,77000
2008/02/28,0,0,0,0
2008/02/29,0,0,-1000,-1000
2008/03/03,0,0,-2000,-2000
2008/03/04,0,0,0,0
2008/03/05,0,0,0,0
2008/03/06,0,0,-4160000,-4160000
2008/03/07,0,0,-1000,-1000
2008/03/10,0,0,-7000000,-7000000
2008/03/11,0,0,-6116000,-6116000
2008/03/12,0,0,-4018000,-4018000
2008/03/13,0,0,0,0
2008/03/14,0,0,-3764000,-3764000
2008/03/17,0,0,-6000000,-6000000
2008/03/18,0,0,-5054000,-5054000
2008/03/19,0,53000,-5000000,-4947000
2008/03/20,0,0,-4000000,-4000000
2008/03/21,0,1000,0,1000
2008/03/24,0,0,0,0
2008/03/25,0,0,-6000,-6000
2008/03/26,0,0,0,0
2008/03/27,0,0,-7000,-7000
2008/03/28,0,0,0,0
2008/03/31,0,0,-3000,-3000
2008/04/01,0,0,-1000,-1000
2008/04/02,0,147000,0,147000
2008/04/03,0,1000,0,1000
2008/04/04,0,0,0,0
2008/04/07,0,1000,0,1000
2008/04/08,0,2000,0,2000
2008/04/09,0,1000,0,1000
2008/04/10,0,1000,0,1000
2008/04/11,0,0,0,0
2008/04/14,0,4000,-1000,3000
2008/04/15,0,0,0,0
2008/04/16,0,0,-4000,-4000
2008/04/17,0,256000,0,256000
2008/04/18,0,0,-12000,-12000
2008/04/21,0,2000,0,2000
2008/04/22,0,2000,0,2000
2008/04/23,0,2000,0,2000
2008/04/24,0,3000,0,3000
2008/04/25,0,2000,0,2000
2008/04/28,0,11000,-138000,-127000
2008/04/29,0,3000,0,3000
2008/04/30,0,11000,-1000,10000
2008/05/01,0,0,0,0
2008/05/02,0,3000,0,3000
2008/05/05,0,1000,0,1000
2008/05/06,0,4000,0,4000
2008/05/07,0,22000,-5000,17000
2008/05/08,0,29000,0,29000
2008/05/09,0,3000,0,3000
2008/05/12,0,5000,-16000,-11000
2008/05/13,0,20000,-9000,11000
2008/05/14,0,27000,0,27000
2008/05/15,0,21000,0,21000
2008/05/16,0,0,0,0
2008/05/19,0,26000,-39000,-13000
2008/05/20,0,0,-3000,-3000
2008/05/21,0,0,0,0
2008/05/22,0,4000,0,4000
2008/05/23,0,0,-1000,-1000
2008/05/26,0,16000,0,16000
2008/05/27,0,0,-9000,-9000
2008/05/28,0,5000,0,5000
2008/05/29,0,3000,0,3000
2008/05/30,0,2000,-4000,-2000
2008/06/02,0,6000,0,6000
2008/06/03,0,34000,0,34000
2008/06/04,0,3000,0,3000
2008/06/05,0,1000,0,1000
2008/06/06,0,489000,0,489000
2008/06/09,0,492000,0,492000
2008/06/10,0,523000,0,523000
2008/06/11,0,3000,0,3000
2008/06/12,0,76000,0,76000
2008/06/13,0,6000,0,6000
2008/06/16,0,0,-34000,-34000
2008/06/17,0,198000,0,198000
2008/06/18,0,0,0,0
2008/06/19,0,0,-2000,-2000
2008/06/20,0,0,-105000,-105000
2008/06/23,0,10000,0,10000
2008/06/24,0,2000,0,2000
2008/06/25,0,0,-2000,-2000
2008/06/26,0,0,0,0
2008/06/27,0,79000,0,79000
2008/06/30,0,9000,0,9000
2008/07/01,0,76000,0,76000
2008/07/02,0,0,-2000,-2000
2008/07/03,0,75000,0,75000
2008/07/04,0,9000,-1000,8000
2008/07/07,0,12000,0,12000
2008/07/08,0,0,0,0
2008/07/09,0,0,-4000,-4000
2008/07/10,0,0,-57000,-57000
2008/07/11,0,2000,-13000,-11000
2008/07/14,0,1000,0,1000
2008/07/15,0,2000,-90000,-88000
2008/07/16,0,2000,0,2000
2008/07/17,0,4000,0,4000
2008/07/18,0,0,-24000,-24000
2008/07/21,0,1000,0,1000
2008/07/22,0,15000,0,15000
2008/07/23,0,3000,0,3000
2008/07/24,0,2000,-66000,-64000
2008/07/25,0,0,-20000,-20000
2008/07/28,0,0,0,0
2008/07/29,0,5000,-98000,-93000
2008/07/30,0,3000,0,3000
2008/07/31,0,2000,0,2000
2008/08/01,0,4000,0,4000
2008/08/04,0,2000,0,2000
2008/08/05,0,0,0,0
2008/08/06,0,3000,0,3000
2008/08/07,0,0,0,0
2008/08/08,0,1000,0,1000
2008/08/11,0,0,0,0
2008/08/12,0,0,-7000,-7000
2008/08/13,0,0,0,0
2008/08/14,0,100000,-117000,-17000
2008/08/15,0,1369000,0,1369000
2008/08/18,0,39000,0,39000
2008/08/19,0,95000,-5000,90000
2008/08/20,0,3000,0,3000
2008/08/21,0,5000,0,5000
2008/08/22,0,1000,0,1000
2008/08/25,0,1000,0,1000
2008/08/26,0,2000,-2000,0
2008/08/27,0,0,0,0
2008/08/28,0,0,0,0
2008/08/29,0,57000,-2000,55000
2008/09/01,0,0,-3000,-3000
2008/09/02,0,4000,0,4000
2008/09/03,0,34000,-57000,-23000
2008/09/04,0,12000,0,12000
2008/09/05,0,7000,0,7000
2008/09/08,0,0,0,0
2008/09/09,0,27000,0,27000
2008/09/10,0,8000,0,8000
2008/09/11,0,0,0,0
2008/09/12,0,0,0,0
2008/09/15,0,0,-74000,-74000
2008/09/16,0,0,0,0
2008/09/17,0,0,-798000,-798000
2008/09/18,0,0,0,0
2008/09/19,0,0,-12000,-12000
2008/09/22,0,0,0,0
2008/09/23,0,21000,-1306000,-1285000
2008/09/24,0,0,-3000,-3000
2008/09/25,0,500000,-1000,499000
2008/09/26,0,2000,0,2000
2008/09/29,0,0,0,0
2008/09/30,0,1000,0,1000
2008/10/01,0,502000,0,502000
2008/10/02,0,1000,0,1000
2008/10/03,0,0,0,0
2008/10/06,0,10000,-1000,9000
2008/10/07,0,0,-2000,-2000
2008/10/08,0,500000,-2000,498000
2008/10/09,0,31000,-4000,27000
2008/10/10,0,0,0,0
2008/10/13,0,0,0,0
2008/10/14,0,0,0,0
2008/10/15,0,6000,0,6000
2008/10/16,0,9000,0,9000
2008/10/17,0,0,-10000,-10000
2008/10/20,0,0,0,0
2008/10/21,0,0,0,0
2008/10/22,0,0,0,0
2008/10/23,0,0,0,0
2008/10/24,0,0,0,0
2008/10/27,0,0,0,0
2008/10/28,0,0,0,0
2008/10/29,0,0,-1547000,-1547000
2008/10/30,0,0,-6000,-6000
2008/10/31,0,0,0,0
2008/11/03,0,0,0,0
2008/11/04,0,0,0,0
2008/11/05,0,4000,0,4000
2008/11/06,0,0,-3000,-3000
2008/11/07,0,0,0,0
2008/11/10,0,4000,0,4000
2008/11/11,0,3000,0,3000
2008/11/12,0,1000,0,1000
2008/11/13,0,0,0,0
2008/11/14,0,1000,0,1000
2008/11/17,0,23000,0,23000
2008/11/18,0,0,0,0
2008/11/19,0,0,-17000,-17000
2008/11/20,0,1000,0,1000
2008/11/21,0,0,-175000,-175000
2008/11/24,0,7000,0,7000
2008/11/25,0,2000,-144271,-142271
2008/11/26,0,2000,-16000,-14000
2008/11/27,0,0,0,0
2008/11/28,0,0,0,0
2008/12/01,0,36000,0,36000
2008/12/02,0,0,0,0
2008/12/03,0,0,-441000,-441000
2008/12/04,0,438000,0,438000
2008/12/05,0,0,0,0
2008/12/08,0,14000,0,14000
2008/12/09,0,0,0,0
2008/12/10,0,14000,0,14000
2008/12/11,0,0,0,0
2008/12/12,0,0,0,0
2008/12/15,0,0,0,0
2008/12/16,0,0,0,0
2008/12/17,0,0,0,0
2008/12/18,0,0,0,0
2008/12/19,0,0,-107000,-107000
2008/12/22,0,0,0,0
2008/12/23,0,0,0,0
2008/12/24,0,0,0,0
2008/12/25,0,0,0,0
2008/12/26,0,0,-9000,-9000
2008/12/29,0,0,0,0
2008/12/30,0,0,0,0
2008/12/31,0,0,0,0
2009/01/01,0,0,0,0
2009/01/02,0,0,0,0
2009/01/05,0,0,0,0
2009/01/06,0,0,0,0
2009/01/07,0,1000,0,1000
2009/01/08,0,0,0,0
2009/01/09,0,0,0,0
2009/01/12,0,0,0,0
2009/01/13,0,0,-438000,-438000
2009/01/14,0,0,0,0
2009/01/15,0,0,0,0
2009/01/16,0,0,0,0
2009/01/19,0,0,-1236220,-1236220
2009/01/20,0,0,-165243,-165243
2009/01/21,0,0,0,0
2009/01/22,0,0,0,0
2009/01/23,0,0,0,0
2009/01/26,0,0,0,0
2009/01/27,0,0,0,0
2009/01/28,0,0,0,0
2009/01/29,0,0,0,0
2009/01/30,0,0,0,0
2009/02/02,0,0,0,0
2009/02/03,0,0,0,0
2009/02/04,0,0,0,0
2009/02/05,0,0,0,0
2009/02/06,0,0,0,0
2009/02/09,0,0,0,0
2009/02/10,0,0,0,0
2009/02/11,0,0,0,0
2009/02/12,0,0,-8000,-8000
2009/02/13,0,0,0,0
2009/02/16,0,2967000,0,2967000
2009/02/17,0,4531000,0,4531000
2009/02/18,0,8365000,0,8365000
2009/02/19,0,4140000,0,4140000
2009/02/20,0,1020000,-3000,1017000
2009/02/23,0,800000,0,800000
2009/02/24,0,1000000,0,1000000
2009/02/25,0,0,0,0
2009/02/26,0,0,0,0
2009/02/27,0,0,0,0
2009/03/02,0,36000,0,36000
2009/03/03,0,0,0,0
2009/03/04,0,0,0,0
2009/03/05,0,2042000,0,2042000
2009/03/06,0,0,0,0
2009/03/09,0,0,0,0
2009/03/10,0,2129000,0,2129000
2009/03/11,0,1000000,0,1000000
2009/03/12,0,0,0,0
2009/03/13,0,11000,0,11000
2009/03/16,0,0,-745000,-745000
2009/03/17,0,0,-5201000,-5201000
2009/03/18,0,0,-2077000,-2077000
2009/03/19,0,0,-500000,-500000
2009/03/20,0,0,-5076000,-5076000
2009/03/23,0,0,-6655000,-6655000
2009/03/24,0,0,-232000,-232000
2009/03/25,0,0,0,0
2009/03/26,0,0,-431000,-431000
2009/03/27,0,278000,0,278000
2009/03/30,0,0,0,0
2009/03/31,0,0,0,0
2009/04/01,0,0,-462000,-462000
2009/04/02,0,1000,0,1000
2009/04/03,0,0,0,0
2009/04/06,0,0,0,0
2009/04/07,0,0,-389000,-389000
2009/04/08,0,0,0,0
2009/04/09,0,0,0,0
2009/04/10,0,0,0,0
2009/04/13,0,0,-1747000,-1747000
2009/04/14,0,0,-700000,-700000
2009/04/15,0,0,0,0
2009/04/16,0,0,0,0
2009/04/17,0,0,0,0
2009/04/20,0,0,0,0
2009/04/21,0,0,0,0
2009/04/22,0,0,0,0
2009/04/23,0,1000,0,1000
2009/04/24,0,0,0,0
2009/04/27,0,2745000,0,2745000
2009/04/28,0,0,0,0
2009/04/29,0,0,0,0
2009/04/30,0,2389000,-24000,2365000
2009/05/01,0,0,0,0
2009/05/04,0,0,-2000,-2000
2009/05/05,0,0,0,0
2009/05/06,0,0,-1218000,-1218000
2009/05/07,0,0,-1152000,-1152000
2009/05/08,0,0,0,0
2009/05/11,0,0,0,0
2009/05/12,0,0,0,0
2009/05/13,0,0,0,0
2009/05/14,0,0,-1666000,-1666000
2009/05/15,0,0,-124000,-124000
2009/05/18,0,0,0,0
2009/05/19,0,0,0,0
2009/05/20,0,0,0,0
2009/05/21,0,0,0,0
2009/05/22,0,0,0,0
2009/05/25,0,0,-12000,-12000
2009/05/26,0,165000,0,165000
2009/05/27,0,143000,0,143000
2009/05/28,0,0,0,0
2009/05/29,0,0,0,0
2009/06/01,0,108000,0,108000
2009/06/02,0,0,0,0
2009/06/03,0,490000,0,490000
2009/06/04,0,20000,0,20000
2009/06/05,0,0,0,0
2009/06/08,0,20000,0,20000
2009/06/09,0,26000,0,26000
2009/06/10,0,10000,0,10000
2009/06/11,0,14000,0,14000
2009/06/12,0,0,0,0
2009/06/15,0,3000,0,3000
2009/06/16,0,8000,-2567000,-2559000
2009/06/17,0,6000,0,6000
2009/06/18,0,6000,0,6000
2009/06/19,0,0,0,0
2009/06/22,0,6000,0,6000
2009/06/23,0,0,-2579000,-2579000
2009/06/24,0,2000,-3000,-1000
2009/06/25,0,1000,0,1000
2009/06/26,0,0,0,0
2009/06/29,0,0,0,0
2009/06/30,0,0,0,0
2009/07/01,0,5000,0,5000
2009/07/02,0,0,0,0
2009/07/03,0,1200000,-10000,1190000
2009/07/06,0,800000,-35000,765000
2009/07/07,0,3000,0,3000
2009/07/08,0,0,-2000,-2000
2009/07/09,0,0,0,0
2009/07/10,0,0,-3000,-3000
2009/07/13,0,0,-5000,-5000
2009/07/14,0,0,-13000,-13000
2009/07/15,0,0,0,0
2009/07/16,0,0,-3000,-3000
2009/07/17,0,0,0,0
2009/07/20,0,0,0,0
2009/07/21,0,0,-5000,-5000
2009/07/22,0,0,-5000,-5000
2009/07/23,0,0,-4000,-4000
2009/07/24,0,0,-3000,-3000
2009/07/27,0,0,-2000000,-2000000
2009/07/28,0,0,-22000,-22000
2009/07/29,0,0,0,0
2009/07/30,0,0,-4000,-4000
2009/07/31,0,0,0,0
2009/08/03,0,0,0,0
2009/08/04,0,0,-13000,-13000
2009/08/05,0,0,0,0
2009/08/06,0,0,0,0
2009/08/07,0,0,0,0
2009/08/10,0,6000,0,6000
2009/08/11,0,4000,0,4000
2009/08/12,0,0,0,0
2009/08/13,0,0,0,0
2009/08/14,0,0,-3000,-3000
2009/08/17,0,1393000,-2000,1391000
2009/08/18,0,4000,0,4000
2009/08/19,0,1000,0,1000
2009/08/20,0,2000,0,2000
2009/08/21,0,23000,-3000,20000
2009/08/24,0,3000,0,3000
2009/08/25,0,0,-23000,-23000
2009/08/26,0,0,0,0
2009/08/27,0,6000,-30000,-24000
2009/08/28,0,0,0,0
2009/08/31,0,0,0,0
2009/09/01,0,0,0,0
2009/09/02,0,0,0,0
2009/09/03,0,0,-4000,-4000
2009/09/04,0,0,-4000,-4000
2009/09/07,0,0,-4000,-4000
2009/09/08,0,0,0,0
2009/09/09,0,28000,-2000,26000
2009/09/10,0,426000,0,426000
2009/09/11,0,0,0,0
2009/09/14,0,1000,-34000,-33000
2009/09/15,0,0,0,0
2009/09/16,0,0,0,0
2009/09/17,0,0,0,0
2009/09/18,0,0,-2000,-2000
2009/09/21,0,0,-53000,-53000
2009/09/22,0,0,0,0
2009/09/23,0,0,-1000,-1000
2009/09/24,0,0,0,0
2009/09/25,0,0,0,0
2009/09/28,0,0,0,0
2009/09/29,0,4000,-26000,-22000
2009/09/30,0,0,0,0
2009/10/01,0,0,0,0
2009/10/02,0,0,0,0
2009/10/05,0,0,-26000,-26000
2009/10/06,0,0,0,0
2009/10/07,0,0,0,0
2009/10/08,0,0,0,0
2009/10/09,0,1000,0,1000
2009/10/12,0,0,0,0
2009/10/13,0,4000,0,4000
2009/10/14,0,0,-5000,-5000
2009/10/15,0,364000,0,364000
2009/10/16,0,0,0,0
2009/10/19,0,5000,-24000,-19000
2009/10/20,0,0,0,0
2009/10/21,0,0,-4000,-4000
2009/10/22,0,0,0,0
2009/10/23,0,0,0,0
2009/10/26,0,0,0,0
2009/10/27,0,3000,0,3000
2009/10/28,0,0,-1000,-1000
2009/10/29,0,1000,0,1000
2009/10/30,0,0,0,0
2009/11/02,0,3000,-25000,-22000
2009/11/03,0,3000,0,3000
2009/11/04,0,2000,0,2000
2009/11/05,0,3000,0,3000
2009/11/06,0,1000,0,1000
2009/11/09,0,3000,0,3000
2009/11/10,0,2000,-128000,-126000
2009/11/11,0,0,-25000,-25000
2009/11/12,0,3000,0,3000
2009/11/13,0,19000,-8000,11000
2009/11/16,0,9000,0,9000
2009/11/17,0,0,0,0
2009/11/18,0,0,-5000,-5000
2009/11/19,0,0,-1000,-1000
2009/11/20,0,5000,-2000,3000
2009/11/23,0,0,0,0
2009/11/24,0,0,0,0
2009/11/25,0,0,0,0
2009/11/26,0,0,-24000,-24000
2009/11/27,0,0,0,0
2009/11/30,0,0,-5000,-5000
2009/12/01,0,0,0,0
2009/12/02,0,0,0,0
2009/12/03,0,0,0,0
2009/12/04,0,0,-2000,-2000
2009/12/07,0,0,0,0
2009/12/08,0,0,0,0
2009/12/09,0,0,-20000,-20000
2009/12/10,0,0,-13000,-13000
2009/12/11,0,144000,0,144000
2009/12/14,0,1000,-13000,-12000
2009/12/15,0,0,0,0
2009/12/16,0,3344000,-11000,3333000
2009/12/17,0,2958000,0,2958000
2009/12/18,0,250000,0,250000
2009/12/21,0,0,-414000,-414000
2009/12/22,0,0,-2000,-2000
2009/12/23,0,2269000,0,2269000
2009/12/24,0,0,0,0
2009/12/25,0,0,-4000,-4000
2009/12/28,0,2142000,0,2142000
2009/12/29,0,140000,0,140000
2009/12/30,0,76000,0,76000
2009/12/31,0,0,-1000,-1000
2010/01/01,0,0,0,0
2010/01/04,0,8000,0,8000
2010/01/05,0,14050000,-3000,14047000
2010/01/06,0,2119000,0,2119000
2010/01/07,0,5280000,-3000,5277000
2010/01/08,0,1530000,-5000,1525000
2010/01/11,0,0,-230000,-230000
2010/01/12,0,0,-6000,-6000
2010/01/13,0,0,0,0
2010/01/14,0,56000,0,56000
2010/01/15,0,1018000,-23000,995000
2010/01/18,0,67000,0,67000
2010/01/19,0,61000,0,61000
2010/01/20,0,0,-4000,-4000
2010/01/21,0,0,0,0
2010/01/22,0,0,-350000,-350000
2010/01/25,0,0,-7000,-7000
2010/01/26,0,0,0,0
2010/01/27,0,20000,0,20000
2010/01/28,0,6000,-2000,4000
2010/01/29,0,7000,-11000,-4000
2010/02/01,0,358000,0,358000
2010/02/02,0,0,0,0
2010/02/03,0,3000,0,3000
2010/02/04,0,5000,0,5000
2010/02/05,0,4000,0,4000
2010/02/08,0,8000,0,8000
2010/02/09,0,7000,0,7000
2010/02/10,0,19000,-234000,-215000
2010/02/11,0,0,0,0
2010/02/12,0,0,0,0
2010/02/15,0,0,0,0
2010/02/16,0,0,0,0
2010/02/17,0,0,0,0
2010/02/18,0,0,0,0
2010/02/19,0,0,0,0
2010/02/22,0,6000,0,6000
2010/02/23,0,8000,0,8000
2010/02/24,0,251000,0,251000
2010/02/25,0,0,-1000,-1000
2010/02/26,0,1984000,-947000,1037000
2010/03/01,0,1393000,-1300000,93000
2010/03/02,0,0,0,0
2010/03/03,0,0,-500000,-500000
2010/03/04,0,0,-4000,-4000
2010/03/05,0,0,-2000,-2000
2010/03/08,0,1000000,0,1000000
2010/03/09,0,500000,-30000,470000
2010/03/10,0,0,-235000,-235000
2010/03/11,0,0,0,0
2010/03/12,0,65000,-690000,-625000
2010/03/15,0,500000,0,500000
2010/03/16,0,997000,0,997000
2010/03/17,0,27000,-903000,-876000
2010/03/18,0,0,-1065000,-1065000
2010/03/19,0,0,-7000,-7000
2010/03/22,0,0,-6000,-6000
2010/03/23,0,3000,-8000,-5000
2010/03/24,0,0,0,0
2010/03/25,0,0,-5000,-5000
2010/03/26,0,0,-1000000,-1000000
2010/03/29,0,6000,-12000,-6000
2010/03/30,0,331000,0,331000
2010/03/31,0,0,-4000,-4000
2010/04/01,0,0,0,0
2010/04/02,0,600000,-5000,595000
2010/04/05,0,0,0,0
2010/04/06,0,0,-4000,-4000
2010/04/07,0,0,-4200000,-4200000
2010/04/08,0,0,-2483000,-2483000
2010/04/09,0,0,-973000,-973000
2010/04/12,0,0,-2000,-2000
2010/04/13,0,0,-2595000,-2595000
2010/04/14,0,1000000,-16000,984000
2010/04/15,0,2200000,-1104000,1096000
2010/04/16,0,146000,-11000,135000
2010/04/19,0,1000000,0,1000000
2010/04/20,0,0,0,0
2010/04/21,0,1204000,0,1204000
2010/04/22,0,0,0,0
2010/04/23,0,980000,0,980000
2010/04/26,0,0,0,0
2010/04/27,0,0,-1000,-1000
2010/04/28,0,4000000,-3000,3997000
2010/04/29,0,3230000,0,3230000
2010/04/30,0,300000,-8000,292000
2010/05/03,0,0,0,0
2010/05/04,0,718000,0,718000
2010/05/05,0,133000,-6000,127000
2010/05/06,0,1433000,0,1433000
2010/05/07,0,142000,0,142000
2010/05/10,0,84000,-139000,-55000
2010/05/11,0,5000,-138000,-133000
2010/05/12,0,100000,-5000,95000
2010/05/13,0,3000,0,3000
2010/05/14,0,1055000,-276000,779000
2010/05/17,0,2000,-616000,-614000
2010/05/18,0,1000,-1044000,-1043000
2010/05/19,0,0,0,0
2010/05/20,0,5000,0,5000
2010/05/21,0,0,-60000,-60000
2010/05/24,0,60000,-5000,55000
2010/05/25,0,4000,0,4000
2010/05/26,0,0,0,0
2010/05/27,0,322000,0,322000
2010/05/28,0,0,-4000,-4000
2010/05/31,0,0,0,0
2010/06/01,0,196000,-300000,-104000
2010/06/02,0,0,0,0
2010/06/03,0,0,0,0
2010/06/04,0,150000,-161000,-11000
2010/06/07,0,0,-186000,-186000
2010/06/08,0,2228000,-1000,2227000
2010/06/09,0,850000,-500000,350000
2010/06/10,0,11000,-701000,-690000
2010/06/11,0,489000,0,489000
2010/06/14,0,282000,-74000,208000
2010/06/15,0,123000,-540000,-417000
2010/06/16,0,0,0,0
2010/06/17,0,0,0,0
2010/06/18,0,0,-5000,-5000
2010/06/21,0,0,0,0
2010/06/22,0,0,-243000,-243000
2010/06/23,0,0,-69000,-69000
2010/06/24,0,0,-22000,-22000
2010/06/25,0,0,-970000,-970000
2010/06/28,0,512000,-12000,500000
2010/06/29,0,442000,-250000,192000
2010/06/30,0,0,0,0
2010/07/01,0,0,-575000,-575000
2010/07/02,0,0,-1415000,-1415000
2010/07/05,0,0,-1640000,-1640000
2010/07/06,0,4000,0,4000
2010/07/07,0,0,-2212000,-2212000
2010/07/08,0,0,-3680000,-3680000
2010/07/09,0,0,-200000,-200000
2010/07/12,0,154000,0,154000
2010/07/13,0,0,-200000,-200000
2010/07/14,0,0,-250000,-250000
2010/07/15,0,0,-603000,-603000
2010/07/16,0,0,-2355000,-2355000
2010/07/19,0,56000,-3125000,-3069000
2010/07/20,0,0,-3368000,-3368000
2010/07/21,0,1508000,-3000,1505000
2010/07/22,0,903000,-97000,806000
2010/07/23,0,5903000,0,5903000
2010/07/26,0,7400000,0,7400000
2010/07/27,0,0,-116000,-116000
2010/07/28,0,0,-300000,-300000
2010/07/29,0,3000000,-1373000,1627000
2010/07/30,0,8000000,-16000,7984000
2010/08/02,0,300000,-9000,291000
2010/08/03,0,0,0,0
2010/08/04,0,0,-10000,-10000
2010/08/05,0,0,-749000,-749000
2010/08/06,0,0,-358000,-358000
2010/08/09,0,500000,-750000,-250000
2010/08/10,0,0,0,0
2010/08/11,0,3000,-2970000,-2967000
2010/08/12,0,3000,-2700000,-2697000
2010/08/13,0,0,-20000,-20000
2010/08/16,0,0,-7000,-7000
2010/08/17,0,2000,0,2000
2010/08/18,0,0,-2000,-2000
2010/08/19,0,0,-20000,-20000
2010/08/20,0,0,-9927000,-9927000
2010/08/23,0,0,-1714000,-1714000
2010/08/24,0,0,-5505000,-5505000
2010/08/25,0,0,-5000,-5000
2010/08/26,0,0,-3000,-3000
2010/08/27,0,3000,0,3000
2010/08/30,0,6000,0,6000
2010/08/31,0,0,-2496000,-2496000
2010/09/01,0,0,0,0
2010/09/02,0,3000,-3325000,-3322000
2010/09/03,0,2000,0,2000
2010/09/06,0,0,0,0
2010/09/07,0,0,0,0
2010/09/08,0,0,-31000,-31000
2010/09/09,0,0,-30000,-30000
2010/09/10,0,0,0,0
2010/09/13,0,0,0,0
2010/09/14,0,0,-2461000,-2461000
2010/09/15,0,35000,-1574000,-1539000
2010/09/16,0,0,-11000,-11000
2010/09/17,0,0,-7000,-7000
2010/09/20,0,0,-2000,-2000
2010/09/21,0,0,-6000,-6000
2010/09/22,0,0,0,0
2010/09/23,0,0,-4000,-4000
2010/09/24,0,0,-6000,-6000
2010/09/27,0,0,-212000,-212000
2010/09/28,0,1000,-210000,-209000
2010/09/29,0,0,-172000,-172000
2010/09/30,0,0,-13000,-13000
2010/10/01,0,0,0,0
2010/10/04,0,0,-1700000,-1700000
2010/10/05,0,0,-1891000,-1891000
2010/10/06,0,0,-2000,-2000
2010/10/07,0,0,0,0
2010/10/08,0,0,-199000,-199000
2010/10/11,0,0,0,0
2010/10/12,0,0,-4000,-4000
2010/10/13,0,0,-89000,-89000
2010/10/14,0,5000,0,5000
2010/10/15,0,0,-9000,-9000
2010/10/18,0,1000,-2000,-1000
2010/10/19,0,8000,-934000,-926000
2010/10/20,0,0,-977000,-977000
2010/10/21,0,0,0,0
2010/10/22,0,0,0,0
2010/10/25,0,0,0,0
2010/10/26,0,0,-1000,-1000
2010/10/27,0,4000,0,4000
2010/10/28,0,0,0,0
2010/10/29,0,0,0,0
2010/11/01,0,0,-83000,-83000
2010/11/02,0,800000,0,800000
2010/11/03,0,800000,0,800000
2010/11/04,0,0,0,0
2010/11/05,0,0,0,0
2010/11/08,0,0,-40000,-40000
2010/11/09,0,8000,0,8000
2010/11/10,0,0,-3000,-3000
2010/11/11,0,5000,0,5000
2010/11/12,0,0,-9000,-9000
2010/11/15,0,0,-176000,-176000
2010/11/16,0,98000,0,98000
2010/11/17,0,0,0,0
2010/11/18,0,0,0,0
2010/11/19,0,4000,0,4000
2010/11/22,0,0,-8000,-8000
2010/11/23,0,0,-3000,-3000
2010/11/24,0,0,0,0
2010/11/25,0,0,0,0
2010/11/26,0,0,0,0
2010/11/29,0,0,0,0
2010/11/30,0,0,-4000,-4000
2010/12/01,0,1800000,-9000,1791000
2010/12/02,0,0,-10000,-10000
2010/12/03,0,3073000,-7000,3066000
2010/12/06,0,1200000,-22000,1178000
2010/12/07,0,0,-95000,-95000
2010/12/08,0,0,-2503000,-2503000
2010/12/09,0,0,-2003000,-2003000
2010/12/10,0,0,-2000000,-2000000
2010/12/13,0,925000,-3000,922000
2010/12/14,0,0,-4000,-4000
2010/12/15,0,0,0,0
2010/12/16,0,0,-6000,-6000
2010/12/17,0,0,-92000,-92000
2010/12/20,0,0,-5000,-5000
2010/12/21,0,1502000,0,1502000
2010/12/22,0,4000,0,4000
2010/12/23,0,0,-42000,-42000
2010/12/24,0,0,0,0
2010/12/27,0,0,-3000,-3000
2010/12/28,0,0,0,0
2010/12/29,0,0,0,0
2010/12/30,0,0,0,0
2010/12/31,0,0,0,0
2011/01/03,0,0,0,0
2011/01/04,0,0,0,0
2011/01/05,0,6000,0,6000
2011/01/06,0,300000,0,300000
2011/01/07,0,0,0,0
2011/01/10,0,0,-53000,-53000
2011/01/11,0,0,0,0
2011/01/12,0,0,0,0
2011/01/13,0,0,-1901000,-1901000
2011/01/14,0,87000,-120000,-33000
2011/01/17,0,0,-979000,-979000
2011/01/18,0,400000,-73000,327000
2011/01/19,0,0,-1014000,-1014000
2011/01/20,0,1000,-504000,-503000
2011/01/21,0,3801000,-17000,3784000
2011/01/24,0,3863000,0,3863000
2011/01/25,0,3853000,0,3853000
2011/01/26,0,190000,0,190000
2011/01/27,0,0,0,0
2011/01/28,0,0,-8000,-8000
2011/01/31,0,0,0,0
2011/02/01,0,0,0,0
2011/02/02,0,0,0,0
2011/02/03,0,0,0,0
2011/02/04,0,0,0,0
2011/02/07,0,0,0,0
2011/02/08,0,0,0,0
2011/02/09,0,0,0,0
2011/02/10,0,0,-4000,-4000
2011/02/11,0,11000,-500000,-489000
2011/02/14,0,4000,0,4000
2011/02/15,0,7000,0,7000
2011/02/16,0,0,0,0
2011/02/17,0,0,0,0
2011/02/18,0,2000,-470000,-468000
2011/02/21,0,0,-4000,-4000
2011/02/22,0,0,0,0
2011/02/23,0,0,-55000,-55000
2011/02/24,0,4000,0,4000
2011/02/25,0,2000,0,2000
2011/02/28,0,0,0,0
2011/03/01,0,0,0,0
2011/03/02,0,0,0,0
2011/03/03,0,0,0,0
2011/03/04,0,1411000,0,1411000
2011/03/07,0,0,0,0
2011/03/08,0,0,-49000,-49000
2011/03/09,0,32000,-4723000,-4691000
2011/03/10,0,0,-10657000,-10657000
2011/03/11,0,0,-1463000,-1463000
2011/03/14,0,4000,0,4000
2011/03/15,0,3000,0,3000
2011/03/16,0,0,0,0
2011/03/17,0,0,-4000,-4000
2011/03/18,0,0,0,0
2011/03/21,0,0,0,0
2011/03/22,0,0,0,0
2011/03/23,0,0,0,0
2011/03/24,0,0,0,0
2011/03/25,0,0,0,0
2011/03/28,0,0,0,0
2011/03/29,0,0,0,0
2011/03/30,0,65000,0,65000
2011/03/31,0,0,-33000,-33000
2011/04/01,0,0,-1601000,-1601000
2011/04/04,0,0,0,0
2011/04/05,0,0,0,0
2011/04/06,0,0,0,0
2011/04/07,0,0,-85000,-85000
2011/04/08,0,0,0,0
2011/04/11,0,0,0,0
2011/04/12,0,0,-5000,-5000
2011/04/13,0,0,0,0
2011/04/14,0,99000,0,99000
2011/04/15,0,0,0,0
2011/04/18,0,1000,0,1000
2011/04/19,0,5000,0,5000
2011/04/20,0,0,0,0
2011/04/21,0,0,0,0
2011/04/22,0,0,0,0
2011/04/25,0,0,-5000,-5000
2011/04/26,0,0,-5000,-5000
2011/04/27,0,247000,0,247000
2011/04/28,0,0,0,0
2011/04/29,0,0,0,0
2011/05/02,0,0,0,0
2011/05/03,0,0,0,0
2011/05/04,0,0,0,0
2011/05/05,0,0,0,0
2011/05/06,0,0,0,0
2011/05/09,0,1000,-26000,-25000
2011/05/10,0,0,0,0
2011/05/11,0,0,0,0
2011/05/12,0,6000,-3000,3000
2011/05/13,0,0,-2000,-2000
2011/05/16,0,2000,0,2000
2011/05/17,0,0,0,0
2011/05/18,0,0,0,0
2011/05/19,0,3000,0,3000
2011/05/20,0,136000,-2000,134000
2011/05/23,0,0,-1000,-1000
2011/05/24,0,0,0,0
2011/05/25,0,0,0,0
2011/05/26,0,0,0,0
2011/05/27,0,0,-3000,-3000
2011/05/30,0,2000,0,2000
2011/05/31,0,0,0,0
2011/06/01,0,0,0,0
2011/06/02,0,0,0,0
2011/06/03,0,0,0,0
2011/06/06,0,0,0,0
2011/06/07,0,0,0,0
2011/06/08,0,3000,-34000,-31000
2011/06/09,0,0,0,0
2011/06/10,0,0,0,0
2011/06/13,0,0,0,0
2011/06/14,0,8000,0,8000
2011/06/15,0,0,-251000,-251000
2011/06/16,0,0,0,0
2011/06/17,0,10000,-13000,-3000
2011/06/20,0,5000,0,5000
2011/06/21,0,6000,-2000,4000
2011/06/22,0,4000,0,4000
2011/06/23,0,3000,0,3000
2011/06/24,0,3000,0,3000
2011/06/27,0,0,-255000,-255000
2011/06/28,0,9000,-18000,-9000
2011/06/29,0,5000,0,5000
2011/06/30,0,3000,0,3000
2011/07/01,0,1000,0,1000
2011/07/04,0,0,0,0
2011/07/05,0,0,-3000,-3000
2011/07/06,0,0,-9000,-9000
2011/07/07,0,0,0,0
2011/07/08,0,0,-2000,-2000
2011/07/11,0,0,0,0
2011/07/12,0,34000,0,34000
2011/07/13,0,6000,0,6000
2011/07/14,0,0,-10000,-10000
2011/07/15,0,0,0,0
2011/07/18,0,2000,0,2000
2011/07/19,0,4000,0,4000
2011/07/20,0,104000,0,104000
2011/07/21,0,3000,0,3000
2011/07/22,0,0,-6000,-6000
2011/07/25,0,0,-8000,-8000
2011/07/26,0,0,0,0
2011/07/27,0,40000,-5000,35000
2011/07/28,0,1000,-6000,-5000
2011/07/29,0,0,-140000,-140000
2011/08/01,0,3000,0,3000
2011/08/02,0,0,-1000,-1000
2011/08/03,0,11000,0,11000
2011/08/04,0,24000,0,24000
2011/08/05,0,20000,0,20000
2011/08/08,0,15000,0,15000
2011/08/09,0,31000,0,31000
2011/08/10,0,88000,0,88000
2011/08/11,0,29000,0,29000
2011/08/12,0,2000,0,2000
2011/08/15,0,4000,0,4000
2011/08/16,0,0,-29000,-29000
2011/08/17,0,6000,-2000,4000
2011/08/18,0,4000,0,4000
2011/08/19,0,3000,-28000,-25000
2011/08/22,0,2000,0,2000
2011/08/23,0,3000,0,3000
2011/08/24,0,0,0,0
2011/08/25,0,0,0,0
2011/08/26,0,3000,0,3000
2011/08/29,0,5000,0,5000
2011/08/30,0,1000,0,1000
2011/08/31,0,0,0,0
2011/09/01,0,0,-1000,-1000
2011/09/02,0,0,-5000,-5000
2011/09/05,0,0,-3000,-3000
2011/09/06,0,0,0,0
2011/09/07,0,8000,0,8000
2011/09/08,0,0,0,0
2011/09/09,0,0,0,0
2011/09/12,0,0,0,0
2011/09/13,0,0,-3154,-3154
2011/09/14,0,5000,0,5000
2011/09/15,0,613000,-10000,603000
2011/09/16,0,3705000,-1000,3704000
2011/09/19,0,162000,0,162000
2011/09/20,0,0,0,0
2011/09/21,0,0,-7126,-7126
2011/09/22,0,0,0,0
2011/09/23,0,6000,0,6000
2011/09/26,0,12000,0,12000
2011/09/27,0,5000,0,5000
2011/09/28,0,0,-2000,-2000
2011/09/29,0,4000,0,4000
2011/09/30,0,0,-5000,-5000
2011/10/03,0,0,-1000,-1000
2011/10/04,0,0,0,0
2011/10/05,0,1000,0,1000
2011/10/06,0,0,0,0
2011/10/07,0,1000,0,1000
2011/10/10,0,0,0,0
2011/10/11,0,0,0,0
2011/10/12,0,6000,0,6000
2011/10/13,0,387000,0,387000
2011/10/14,0,12000,0,12000
2011/10/17,0,0,-2501,-2501
2011/10/18,0,18013,0,18013
2011/10/19,0,0,0,0
2011/10/20,0,0,0,0
2011/10/21,0,0,0,0
2011/10/24,0,4000,0,4000
2011/10/25,0,0,-297000,-297000
2011/10/26,0,1000,0,1000
2011/10/27,0,3000,0,3000
2011/10/28,0,4000,0,4000
2011/10/31,0,0,-4000,-4000
2011/11/01,0,0,-3000,-3000
2011/11/02,0,0,0,0
2011/11/03,0,301000,0,301000
2011/11/04,0,200000,0,200000
2011/11/07,0,200000,0,200000
2011/11/08,0,27000,0,27000
2011/11/09,0,0,0,0
2011/11/10,0,1000,0,1000
2011/11/11,0,0,-1000,-1000
2011/11/14,0,7535,0,7535
2011/11/15,0,0,0,0
2011/11/16,0,0,0,0
2011/11/17,0,0,-189000,-189000
2011/11/18,0,20000,0,20000
2011/11/21,0,3000,0,3000
2011/11/22,0,2000,0,2000
2011/11/23,0,6000,0,6000
2011/11/24,0,5000,0,5000
2011/11/25,0,8000,0,8000
2011/11/28,0,2000,0,2000
2011/11/29,0,2000,0,2000
2011/11/30,0,0,-1000,-1000
2011/12/01,0,0,0,0
2011/12/02,0,0,0,0
2011/12/05,0,0,-2000,-2000
2011/12/06,0,0,0,0
2011/12/07,0,1000,0,1000
2011/12/08,0,0,-25000,-25000
2011/12/09,0,0,-29829,-29829
2011/12/12,0,0,0,0
2011/12/13,0,0,0,0
2011/12/14,0,130000,-2000,128000
2011/12/15,0,128000,0,128000
2011/12/16,0,2000,-6500,-4500
2011/12/19,0,4000,0,4000
2011/12/20,0,4000,0,4000
2011/12/21,0,0,0,0
2011/12/22,0,4000,0,4000
2011/12/23,0,0,-4000,-4000
2011/12/26,0,0,0,0
2011/12/27,0,7000,0,7000
2011/12/28,0,0,-3000,-3000
2011/12/29,0,0,0,0
2011/12/30,0,0,-6000,-6000
2012/01/02,0,8000,0,8000
2012/01/03,0,0,-12000,-12000
2012/01/04,0,0,0,0
2012/01/05,0,54582,-2000,52582
2012/01/06,0,200000,-2000,198000
2012/01/09,0,0,-1000,-1000
2012/01/10,0,0,-2000,-2000
2012/01/11,0,0,-4000,-4000
2012/01/12,0,0,-9000,-9000
2012/01/13,0,0,-259000,-259000
2012/01/16,0,0,-3000,-3000
2012/01/17,0,150000,0,150000
2012/01/18,0,203000,-4000,199000
2012/01/19,0,0,0,0
2012/01/20,0,0,0,0
2012/01/23,0,0,0,0
2012/01/24,0,0,0,0
2012/01/25,0,0,0,0
2012/01/26,0,0,0,0
2012/01/27,0,0,0,0
2012/01/30,0,0,-3000,-3000
2012/01/31,0,0,-358000,-358000
2012/02/01,0,0,-6000,-6000
2012/02/02,0,0,-5000,-5000
2012/02/03,0,0,-6000,-6000
2012/02/06,0,0,-11000,-11000
2012/02/07,0,0,0,0
2012/02/08,0,18000,-2000,16000
2012/02/09,0,0,-32931,-32931
2012/02/10,0,0,-212000,-212000
2012/02/13,0,500000,0,500000
2012/02/14,0,0,-15000,-15000
2012/02/15,0,0,-5000,-5000
2012/02/16,0,0,-1000,-1000
2012/02/17,0,4000,0,4000
2012/02/20,0,0,-502000,-502000
2012/02/21,0,0,0,0
2012/02/22,0,0,0,0
2012/02/23,0,0,-1000,-1000
2012/02/24,0,0,-170000,-170000
2012/02/27,0,0,0,0
2012/02/28,0,0,0,0
2012/02/29,0,0,-2000,-2000
2012/03/01,0,0,0,0
2012/03/02,0,0,-4000,-4000
2012/03/05,0,0,0,0
2012/03/06,0,0,-1000,-1000
2012/03/07,0,0,0,0
2012/03/08,0,0,-12282,-12282
2012/03/09,0,0,0,0
2012/03/12,0,0,-1000,-1000
2012/03/13,0,0,-1000,-1000
2012/03/14,0,130000,0,130000
2012/03/15,0,116000,-69000,47000
2012/03/16,0,0,-5492000,-5492000
2012/03/19,0,0,-187758,-187758
2012/03/20,0,0,-441000,-441000
2012/03/21,0,0,0,0
2012/03/22,0,0,0,0
2012/03/23,0,0,0,0
2012/03/26,0,0,-2000,-2000
2012/03/27,0,0,0,0
2012/03/28,0,0,0,0
2012/03/29,0,0,0,0
2012/03/30,0,0,-4000,-4000
2012/04/02,0,0,-1000,-1000
2012/04/03,0,0,0,0
2012/04/04,0,0,0,0
2012/04/05,0,6462,0,6462
2012/04/06,0,0,0,0
2012/04/09,0,0,-4000,-4000
2012/04/10,0,0,0,0
2012/04/11,0,0,0,0
2012/04/12,0,0,-1000,-1000
2012/04/13,0,0,0,0
2012/04/16,0,344000,0,344000
2012/04/17,0,0,0,0
2012/04/18,0,0,0,0
2012/04/19,0,8000,0,8000
2012/04/20,0,1000,0,1000
2012/04/23,0,3000,0,3000
2012/04/24,0,13000,0,13000
2012/04/25,0,0,0,0
2012/04/26,0,0,0,0
2012/04/27,0,0,0,0
2012/04/30,0,0,0,0
2012/05/01,0,0,0,0
2012/05/02,0,40000,0,40000
2012/05/03,0,36439,0,36439
2012/05/04,0,0,-8000,-8000
2012/05/07,0,19000,0,19000
2012/05/08,0,0,0,0
2012/05/09,0,0,0,0
2012/05/10,0,0,0,0
2012/05/11,0,0,0,0
2012/05/14,0,0,0,0
2012/05/15,0,30000,0,30000
2012/05/16,0,4000,0,4000
2012/05/17,0,0,0,0
2012/05/18,0,0,-109000,-109000
2012/05/21,0,0,0,0
2012/05/22,0,0,0,0
2012/05/23,0,0,-7000,-7000
2012/05/24,0,0,0,0
2012/05/25,0,0,-2000,-2000
2012/05/28,0,0,0,0
2012/05/29,0,6000,0,6000
2012/05/30,0,0,-48320,-48320
2012/05/31,0,0,0,0
2012/06/01,0,0,0,0
2012/06/04,0,17000,0,17000
2012/06/05,0,12000,0,12000
2012/06/06,0,0,0,0
2012/06/07,0,0,-38000,-38000
2012/06/08,0,56000,0,56000
2012/06/11,0,20000,0,20000
2012/06/12,0,67000,0,67000
2012/06/13,0,29000,-42000,-13000
2012/06/14,0,11000,-59000,-48000
2012/06/15,0,0,-500,-500
2012/06/18,0,0,0,0
2012/06/19,0,0,0,0
2012/06/20,0,0,0,0
2012/06/21,0,0,0,0
2012/06/22,0,0,0,0
2012/06/25,0,0,0,0
2012/06/26,0,26648,-35000,-8352
2012/06/27,0,0,0,0
2012/06/28,0,0,-14000,-14000
2012/06/29,0,0,0,0
2012/07/02,0,0,-6000,-6000
2012/07/03,0,7000,0,7000
2012/07/04,0,0,0,0
2012/07/05,0,0,-2000,-2000
2012/07/06,0,0,0,0
2012/07/09,0,0,-22000,-22000
2012/07/10,0,0,0,0
2012/07/11,0,0,0,0
2012/07/12,0,0,0,0
2012/07/13,0,0,0,0
2012/07/16,0,0,0,0
2012/07/17,0,31000,0,31000
2012/07/18,0,0,0,0
2012/07/19,0,0,0,0
2012/07/20,0,0,0,0
2012/07/23,0,0,0,0
2012/07/24,0,0,0,0
2012/07/25,0,0,0,0
2012/07/26,0,0,0,0
2012/07/27,0,0,0,0
2012/07/30,0,0,0,0
2012/07/31,0,0,0,0
2012/08/01,0,0,0,0
2012/08/02,0,0,0,0
2012/08/03,0,0,0,0
2012/08/06,0,0,-7000,-7000
2012/08/07,0,0,-71000,-71000
2012/08/08,0,0,-15000,-15000
2012/08/09,0,86000,-10000,76000
2012/08/10,0,1000,-5000,-4000
2012/08/13,0,0,-5000,-5000
2012/08/14,0,0,-3000,-3000
2012/08/15,0,0,-126000,-126000
2012/08/16,0,0,-5000,-5000
2012/08/17,0,8000,-54178,-46178
2012/08/20,0,0,-3000,-3000
2012/08/21,0,0,-1000,-1000
2012/08/22,0,0,-1000,-1000
2012/08/23,0,500,0,500
2012/08/24,0,0,0,0
2012/08/27,0,0,-2000,-2000
2012/08/28,0,0,-1000,-1000
2012/08/29,0,0,-5000,-5000
2012/08/30,0,0,-1000,-1000
2012/08/31,0,0,-2000,-2000
2012/09/03,0,0,-2000,-2000
2012/09/04,0,0,0,0
2012/09/05,0,0,-3000,-3000
2012/09/06,0,0,0,0
2012/09/07,0,0,-2000,-2000
2012/09/10,0,0,0,0
2012/09/11,0,0,0,0
2012/09/12,0,0,-86000,-86000
2012/09/13,0,500,0,500
2012/09/14,0,0,0,0
2012/09/17,0,0,0,0
2012/09/18,0,0,-214000,-214000
2012/09/19,0,0,-175000,-175000
2012/09/20,0,0,0,0
2012/09/21,0,0,-2000,-2000
2012/09/24,0,0,0,0
2012/09/25,0,0,0,0
2012/09/26,0,0,-1000,-1000
2012/09/27,0,0,0,0
2012/09/28,0,2000,0,2000
2012/10/01,0,0,0,0
2012/10/02,0,18000,0,18000
2012/10/03,0,0,0,0
2012/10/04,0,0,0,0
2012/10/05,0,0,0,0
2012/10/08,0,0,-363000,-363000
2012/10/09,0,0,0,0
2012/10/10,0,0,0,0
2012/10/11,0,0,0,0
2012/10/12,0,0,-1000,-1000
2012/10/15,0,0,0,0
2012/10/16,0,0,0,0
2012/10/17,0,0,0,0
2012/10/18,0,45000,0,45000
2012/10/19,0,0,0,0
2012/10/22,0,0,0,0
2012/10/23,0,0,0,0
2012/10/24,0,0,0,0
2012/10/25,0,0,0,0
2012/10/26,0,22000,0,22000
2012/10/29,0,20251,0,20251
2012/10/30,0,0,0,0
2012/10/31,0,0,0,0
2012/11/01,0,0,0,0
2012/11/02,0,1000,0,1000
2012/11/05,0,0,0,0
2012/11/06,0,0,0,0
2012/11/07,0,0,0,0
2012/11/08,0,0,0,0
2012/11/09,0,0,0,0
2012/11/12,0,0,0,0
2012/11/13,0,1000,0,1000
2012/11/14,0,0,0,0
2012/11/15,0,0,0,0
2012/11/16,0,8000,0,8000
2012/11/19,0,0,-700000,-700000
2012/11/20,0,0,0,0
2012/11/21,0,0,0,0
2012/11/22,0,0,0,0
2012/11/23,0,0,0,0
2012/11/26,0,0,0,0
2012/11/27,0,0,0,0
2012/11/28,0,161000,-3000,158000
2012/11/29,0,0,0,0
2012/11/30,0,0,-1000,-1000
2012/12/03,0,0,0,0
2012/12/04,0,0,-1000,-1000
2012/12/05,0,0,-1000,-1000
2012/12/06,0,0,0,0
2012/12/07,0,0,0,0
2012/12/10,0,0,-1000,-1000
2012/12/11,0,0,0,0
2012/12/12,0,0,0,0
2012/12/13,0,0,-2000,-2000
2012/12/14,0,0,-1000,-1000
2012/12/17,0,0,0,0
2012/12/18,0,0,0,0
2012/12/19,0,0,0,0
2012/12/20,0,1000,0,1000
2012/12/21,0,0,-44000,-44000
2012/12/24,0,0,0,0
2012/12/25,0,0,0,0
2012/12/26,0,0,0,0
2012/12/27,0,0,0,0
2012/12/28,0,0,0,0
2012/12/31,0,0,0,0
2013/01/01,0,0,0,0
2013/01/02,0,0,0,0
2013/01/03,0,0,-4000,-4000
2013/01/04,0,0,-7000,-7000
2013/01/07,0,0,-47000,-47000
2013/01/08,0,0,-4000,-4000
2013/01/09,0,0,0,0
2013/01/10,0,0,0,0
2013/01/11,0,0,-5000,-5000
2013/01/14,0,0,0,0
2013/01/15,0,0,-3000,-3000
2013/01/16,0,0,-7000,-7000
2013/01/17,0,7713,-6000,1713
2013/01/18,0,0,0,0
2013/01/21,0,0,-20000,-20000
2013/01/22,0,0,-2000,-2000
2013/01/23,0,0,-2000,-2000
2013/01/24,0,1000,-11000,-10000
2013/01/25,0,0,-3000,-3000
2013/01/28,0,0,0,0
2013/01/29,0,0,0,0
2013/01/30,0,0,0,0
2013/01/31,0,15000,-4000,11000
2013/02/01,0,0,0,0
2013/02/04,0,25000,0,25000
2013/02/05,0,24000,0,24000
2013/02/06,0,0,-13000,-13000
2013/02/07,0,0,0,0
2013/02/08,0,0,0,0
2013/02/11,0,0,0,0
2013/02/12,0,0,0,0
2013/02/13,0,0,0,0
2013/02/14,0,0,0,0
2013/02/15,0,0,0,0
2013/02/18,0,0,0,0
2013/02/19,0,0,-4000,-4000
2013/02/20,0,0,0,0
2013/02/21,0,0,-6000,-6000
2013/02/22,0,0,-16000,-16000
2013/02/25,0,0,0,0
2013/02/26,0,0,-1000,-1000
2013/02/27,0,0,0,0
2013/02/28,0,0,0,0
2013/03/01,0,0,0,0
2013/03/04,0,0,0,0
2013/03/05,0,0,0,0
2013/03/06,0,0,0,0
2013/03/07,0,0,0,0
2013/03/08,0,0,-1000,-1000
2013/03/11,0,20000,-3000,17000
2013/03/12,0,0,0,0
2013/03/13,0,0,-4000,-4000
2013/03/14,0,0,-3000,-3000
2013/03/15,0,56000,-7000,49000
2013/03/18,0,0,-7000,-7000
2013/03/19,0,0,0,0
2013/03/20,0,0,-2000,-2000
2013/03/21,0,0,0,0
2013/03/22,0,0,-2000,-2000
2013/03/25,0,0,0,0
2013/03/26,0,0,0,0
2013/03/27,0,0,-30000,-30000
2013/03/28,0,0,0,0
2013/03/29,0,0,0,0
2013/04/01,0,0,-2000,-2000
2013/04/02,0,0,0,0
2013/04/03,0,0,0,0
2013/04/04,0,0,0,0
2013/04/05,0,0,0,0
2013/04/08,0,0,0,0
2013/04/09,0,0,0,0
2013/04/10,0,0,0,0
2013/04/11,0,0,0,0
2013/04/12,0,0,0,0
2013/04/15,0,0,-3000,-3000
2013/04/16,0,0,0,0
2013/04/17,0,0,-205000,-205000
2013/04/18,0,11000,0,11000
2013/04/19,0,24333,0,24333
2013/04/22,0,0,0,0
2013/04/23,0,0,-6000,-6000
2013/04/24,0,0,-1000,-1000
2013/04/25,0,0,-5000,-5000
2013/04/26,0,0,-4000,-4000
2013/04/29,0,0,-2000,-2000
2013/04/30,0,0,0,0
2013/05/01,0,0,0,0
2013/05/02,0,0,0,0
2013/05/03,0,0,-8000,-8000
2013/05/06,0,0,-4000,-4000
2013/05/07,0,0,0,0
2013/05/08,0,0,0,0
2013/05/09,0,0,-1000,-1000
2013/05/10,0,0,0,0
2013/05/13,0,0,-4000,-4000
2013/05/14,0,5000,0,5000
2013/05/15,0,0,0,0
2013/05/16,0,0,0,0
2013/05/17,0,0,-2000,-2000
2013/05/20,0,0,-4000,-4000
2013/05/21,0,0,0,0
2013/05/22,0,0,-12000,-12000
2013/05/23,0,0,-1000,-1000
2013/05/24,0,0,-3000,-3000
2013/05/27,0,0,-1000,-1000
2013/05/28,0,0,0,0
2013/05/29,0,0,0,0
2013/05/30,0,0,-1000,-1000
2013/05/31,0,0,0,0
2013/06/03,0,0,0,0
2013/06/04,0,0,0,0
2013/06/05,0,0,0,0
2013/06/06,0,0,0,0
2013/06/07,0,0,-4000,-4000
2013/06/10,0,0,0,0
2013/06/11,0,0,-45000,-45000
2013/06/12,0,0,0,0
2013/06/13,0,0,-46000,-46000
2013/06/14,0,0,0,0
2013/06/17,0,0,0,0
2013/06/18,0,0,-1000,-1000
2013/06/19,0,0,0,0
2013/06/20,0,0,0,0
2013/06/21,0,5000,0,5000
2013/06/24,0,0,-1000,-1000
2013/06/25,0,0,0,0
2013/06/26,0,0,0,0
2013/06/27,0,0,0,0
2013/06/28,0,1000,0,1000
2013/07/01,0,0,0,0
2013/07/02,0,0,0,0
2013/07/03,0,0,0,0
2013/07/04,0,4000,0,4000
2013/07/05,0,184000,0,184000
2013/07/08,0,0,0,0
2013/07/09,0,0,0,0
2013/07/10,0,0,0,0
2013/07/11,0,0,-35904,-35904
2013/07/12,0,0,0,0
2013/07/15,0,0,0,0
2013/07/16,0,0,0,0
2013/07/17,0,0,0,0
2013/07/18,0,1000,0,1000
2013/07/19,0,0,0,0
2013/07/22,0,0,0,0
2013/07/23,0,1000,0,1000
2013/07/24,0,1000,0,1000
2013/07/25,0,0,0,0
2013/07/26,0,0,0,0
2013/07/29,0,0,0,0
2013/07/30,0,0,-7000,-7000
2013/07/31,0,0,-1000,-1000
2013/08/01,0,0,0,0
2013/08/02,0,0,0,0
2013/08/05,0,0,-5000,-5000
2013/08/06,0,0,0,0
2013/08/07,0,0,0,0
2013/08/08,0,0,0,0
2013/08/09,0,0,0,0
2013/08/12,0,0,0,0
2013/08/13,0,0,0,0
2013/08/14,0,0,0,0
2013/08/15,0,0,-6000,-6000
2013/08/16,0,0,-25000,-25000
2013/08/19,0,0,0,0
2013/08/20,0,1000,0,1000
2013/08/21,0,0,0,0
2013/08/22,0,0,0,0
2013/08/23,0,0,0,0
2013/08/26,0,0,0,0
2013/08/27,0,0,0,0
2013/08/28,0,0,0,0
2013/08/29,0,0,0,0
2013/08/30,0,0,-96000,-96000
2013/09/02,0,0,0,0
2013/09/03,0,0,-105849,-105849
2013/09/04,0,0,0,0
2013/09/05,0,0,0,0
2013/09/06,0,0,0,0
2013/09/09,0,0,0,0
2013/09/10,0,0,0,0
2013/09/11,0,0,0,0
2013/09/12,0,0,0,0
2013/09/13,0,0,0,0
2013/09/16,0,0,0,0
2013/09/17,0,0,0,0
2013/09/18,0,4000,-21000,-17000
2013/09/19,0,0,0,0
2013/09/20,0,0,0,0
2013/09/23,0,0,0,0
2013/09/24,0,21000,0,21000
2013/09/25,0,0,0,0
2013/09/26,0,0,0,0
2013/09/27,0,0,0,0
2013/09/30,0,0,0,0
2013/10/01,0,0,0,0
2013/10/02,0,0,-14700,-14700
2013/10/03,0,0,0,0
2013/10/04,0,0,0,0
2013/10/07,0,0,0,0
2013/10/08,0,0,0,0
2013/10/09,0,0,0,0
2013/10/10,0,0,0,0
2013/10/11,0,0,0,0
2013/10/14,0,0,0,0
2013/10/15,0,0,0,0
2013/10/16,0,0,0,0
2013/10/17,0,0,0,0
2013/10/18,0,0,0,0
2013/10/21,0,0,0,0
2013/10/22,0,0,0,0
2013/10/23,0,0,0,0
2013/10/24,0,0,0,0
2013/10/25,0,0,0,0
2013/10/28,0,0,0,0
2013/10/29,0,0,0,0
2013/10/30,0,0,0,0
2013/10/31,0,0,0,0
2013/11/01,0,0,0,0
2013/11/04,0,0,0,0
2013/11/05,0,0,0,0
2013/11/06,0,0,0,0
2013/11/07,0,570000,0,570000
2013/11/08,0,0,0,0
2013/11/11,0,0,0,0
2013/11/12,0,0,0,0
2013/11/13,0,0,0,0
2013/11/14,0,0,0,0
2013/11/15,0,0,-2000,-2000
2013/11/18,0,0,0,0
2013/11/19,0,0,0,0
2013/11/20,0,0,0,0
2013/11/21,0,0,0,0
2013/11/22,0,0,-1000,-1000
2013/11/25,0,93896,0,93896
2013/11/26,0,0,0,0
2013/11/27,0,0,0,0
2013/11/28,0,0,0,0
2013/11/29,0,0,0,0
2013/12/02,0,0,0,0
2013/12/03,0,0,0,0
2013/12/04,0,0,0,0
2013/12/05,0,0,0,0
2013/12/06,0,0,0,0
2013/12/09,0,0,-45000,-45000
2013/12/10,0,4000,0,4000
2013/12/11,0,0,0,0
2013/12/12,0,0,0,0
2013/12/13,0,0,0,0
2013/12/16,0,0,0,0
2013/12/17,0,0,0,0
2013/12/18,0,0,0,0
2013/12/19,0,0,0,0
2013/12/20,0,0,-309999,-309999
2013/12/23,0,0,-38475,-38475
2013/12/24,0,0,0,0
2013/12/25,0,0,-212000,-212000
2013/12/26,0,0,0,0
2013/12/27,0,0,0,0
2013/12/30,0,25000,0,25000
2013/12/31,0,0,0,0
2014/01/02,0,24000,0,24000
2014/01/03,0,0,0,0
2014/01/06,0,0,0,0
2014/01/07,0,0,-82000,-82000
2014/01/08,0,0,0,0
2014/01/09,0,0,0,0
2014/01/10,0,950000,-3000,947000
2014/01/13,0,950000,0,950000
2014/01/14,0,0,0,0
2014/01/15,0,0,0,0
2014/01/16,0,0,0,0
2014/01/17,0,600000,0,600000
2014/01/20,0,172000,0,172000
2014/01/21,0,228000,0,228000
2014/01/22,0,0,0,0
2014/01/23,0,0,0,0
2014/01/24,0,365000,0,365000
2014/01/27,0,0,0,0
2014/02/05,0,0,0,0
2014/02/06,0,780000,-40000,740000
2014/02/07,0,955000,-443000,512000
2014/02/10,0,500000,0,500000
2014/02/11,0,388000,0,388000
2014/02/12,0,175000,0,175000
2014/02/13,0,180000,-11852,168148
2014/02/14,0,0,0,0
2014/02/17,0,270000,0,270000
2014/02/18,0,0,0,0
2014/02/19,0,41000,0,41000
2014/02/20,0,41000,0,41000
2014/02/21,0,203000,0,203000
2014/02/24,0,0,0,0
2014/02/25,0,0,0,0
2014/02/26,0,0,-50000,-50000
2014/02/27,0,0,0,0
2014/03/03,0,0,0,0
2014/03/04,0,0,-36000,-36000
2014/03/05,0,0,0,0
2014/03/06,0,0,-34000,-34000
2014/03/07,0,0,-37000,-37000
2014/03/10,0,0,-4000,-4000
2014/03/11,0,0,0,0
2014/03/12,0,0,0,0
2014/03/13,0,0,-401000,-401000
2014/03/14,0,0,-13000,-13000
2014/03/17,0,0,0,0
2014/03/18,0,0,-200000,-200000
2014/03/19,0,0,-275000,-275000
2014/03/20,0,0,0,0
2014/03/21,0,0,0,0
2014/03/24,0,0,0,0
2014/03/25,0,0,0,0
2014/03/26,0,0,0,0
2014/03/27,0,0,0,0
2014/03/28,0,0,0,0
2014/03/31,0,0,0,0
2014/04/01,0,0,0,0
2014/04/02,0,0,0,0
2014/04/03,0,27000,-26000,1000
2014/04/07,0,0,-5000,-5000
2014/04/08,0,0,0,0
2014/04/09,0,0,0,0
2014/04/10,0,7157,0,7157
2014/04/11,0,0,0,0
2014/04/14,0,0,0,0
2014/04/15,0,0,0,0
2014/04/16,0,0,0,0
2014/04/17,0,0,0,0
2014/04/18,0,0,0,0
2014/04/21,0,0,-4000,-4000
2014/04/22,0,0,0,0
2014/04/23,0,0,0,0
2014/04/24,0,0,0,0
2014/04/25,0,0,0,0
2014/04/28,0,0,0,0
2014/04/29,0,300000,0,300000
2014/04/30,0,362000,0,362000
2014/05/02,0,0,0,0
2014/05/05,0,0,0,0
2014/05/06,0,300000,0,300000
2014/05/07,0,0,0,0
2014/05/08,0,28000,0,28000
2014/05/09,0,300000,0,300000
2014/05/12,0,1250000,0,1250000
2014/05/13,0,5306000,-12000,5294000
2014/05/14,0,3057000,0,3057000
2014/05/15,0,2000000,0,2000000
2014/05/16,0,431000,0,431000
2014/05/19,0,443000,0,443000
2014/05/20,0,0,0,0
2014/05/21,0,1836000,0,1836000
2014/05/22,0,1000000,0,1000000
2014/05/23,0,2000000,0,2000000
2014/05/26,0,1357000,-300000,1057000
2014/05/27,0,1050000,-300000,750000
2014/05/28,0,400000,0,400000
2014/05/29,0,160000,-200000,-40000
2014/05/30,0,0,0,0
2014/06/03,0,80000,0,80000
2014/06/04,0,0,-380000,-380000
2014/06/05,0,0,-300000,-300000
2014/06/06,0,0,-500000,-500000
2014/06/09,0,0,-514000,-514000
2014/06/10,0,0,-1501000,-1501000
2014/06/11,0,0,-46000,-46000
2014/06/12,0,0,0,0
2014/06/13,0,0,-5001000,-5001000
2014/06/16,0,0,-1071000,-1071000
2014/06/17,0,0,0,0
2014/06/18,0,5408000,-200000,5208000
2014/06/19,0,3321000,0,3321000
2014/06/20,0,1384000,-5893000,-4509000
2014/06/23,0,39000,-6716000,-6677000
2014/06/24,0,500000,-1200000,-700000
2014/06/25,0,2060000,-400000,1660000
2014/06/26,0,1103000,-2066000,-963000
2014/06/27,0,60000,-500000,-440000
2014/06/30,0,310000,0,310000
2014/07/01,0,867000,0,867000
2014/07/02,0,932880,0,932880
2014/07/03,0,200000,0,200000
2014/07/04,0,369000,0,369000
2014/07/07,0,300000,-600000,-300000
2014/07/08,0,200000,-400000,-200000
2014/07/09,0,250000,0,250000
2014/07/10,0,675000,0,675000
2014/07/11,0,0,0,0
2014/07/14,0,75000,-800000,-725000
2014/07/15,0,25000,0,25000
2014/07/16,0,0,0,0
2014/07/17,0,0,0,0
2014/07/18,0,0,0,0
2014/07/21,0,0,0,0
2014/07/22,0,0,0,0
2014/07/23,0,0,0,0
2014/07/24,0,0,0,0
2014/07/25,0,0,-500000,-500000
2014/07/28,0,0,0,0
2014/07/29,0,0,0,0
2014/07/30,0,0,-16000,-16000
2014/07/31,0,3000,0,3000
2014/08/01,0,0,0,0
2014/08/04,0,183000,0,183000
2014/08/05,0,0,0,0
2014/08/06,0,0,0,0
2014/08/07,0,318000,0,318000
2014/08/08,0,0,0,0
2014/08/11,0,0,0,0
2014/08/12,0,77000,0,77000
2014/08/13,0,2016000,0,2016000
2014/08/14,0,5446000,0,5446000
2014/08/15,0,703000,0,703000
2014/08/18,0,800000,-800000,0
2014/08/19,0,150000,0,150000
2014/08/20,0,1540000,0,1540000
2014/08/21,0,80000,0,80000
2014/08/22,0,0,0,0
2014/08/25,0,180000,0,180000
2014/08/26,0,1000,0,1000
2014/08/27,0,300000,-425000,-125000
2014/08/28,0,385000,-600000,-215000
2014/08/29,0,0,-1000000,-1000000
2014/09/01,0,0,-95000,-95000
2014/09/02,0,0,-516000,-516000
2014/09/03,0,2860000,0,2860000
2014/09/04,0,567000,-411000,156000
2014/09/05,0,919000,-200000,719000
2014/09/09,0,150000,0,150000
2014/09/10,0,0,0,0
2014/09/11,0,167000,-1809000,-1642000
2014/09/12,0,0,-991000,-991000
2014/09/15,0,303000,-535000,-232000
2014/09/16,0,962000,-360000,602000
2014/09/17,0,800000,0,800000
2014/09/18,0,297000,0,297000
2014/09/19,0,0,0,0
2014/09/22,0,304000,-33126,270874
2014/09/23,0,300000,-92795,207205
2014/09/24,0,350000,-30000,320000
2014/09/25,0,1100000,-180000,920000
2014/09/26,0,245000,-1920300,-1675300
2014/09/29,0,0,0,0
2014/09/30,0,0,0,0
2014/10/01,0,0,0,0
2014/10/02,0,0,0,0
2014/10/03,0,0,0,0
2014/10/06,0,0,0,0
2014/10/07,0,0,0,0
2014/10/08,0,0,0,0
2014/10/09,0,0,-168227,-168227
2014/10/13,0,0,-902496,-902496
2014/10/14,0,0,-32459,-32459
2014/10/15,0,0,0,0
2014/10/16,0,164000,-11000,153000
2014/10/17,0,0,-35098,-35098
2014/10/20,0,0,-284,-284
2014/10/21,0,5000,0,5000
2014/10/22,0,0,0,0
2014/10/23,0,27000,-303671,-276671
2014/10/24,0,0,-368000,-368000
2014/10/27,0,88000,-79000,9000
2014/10/28,0,0,-192000,-192000
2014/10/29,0,4000,-239525,-235525
2014/10/30,0,0,-500889,-500889
2014/10/31,0,0,-200000,-200000
2014/11/03,0,0,-933,-933
2014/11/04,0,0,0,0
2014/11/05,0,0,0,0
2014/11/06,0,0,-200000,-200000
2014/11/07,0,0,0,0
2014/11/10,0,0,-216936,-216936
2014/11/11,0,0,0,0
2014/11/12,0,0,0,0
2014/11/13,0,0,0,0
2014/11/14,0,0,0,0
2014/11/17,0,0,0,0
2014/11/18,0,0,0,0
2014/11/19,0,0,0,0
2014/11/20,0,0,0,0
2014/11/21,0,1000,-244000,-243000
2014/11/24,0,0,-239000,-239000
2014/11/25,0,0,0,0
2014/11/26,0,512000,-326000,186000
2014/11/27,0,0,-100000,-100000
2014/11/28,0,399000,-1000,398000
2014/12/01,0,100000,-131000,-31000
2014/12/02,0,566000,-138000,428000
2014/12/03,0,11000,-381534,-370534
2014/12/04,0,0,0,0
2014/12/05,0,38000,-27231,10769
2014/12/08,0,0,0,0
2014/12/09,0,0,0,0
2014/12/10,0,0,0,0
2014/12/11,0,9120,0,9120
2014/12/12,0,82000,0,82000
2014/12/15,0,0,0,0
2014/12/16,0,43000,0,43000
2014/12/17,0,60000,0,60000
2014/12/18,0,70000,0,70000
2014/12/19,0,70000,-3000,67000
2014/12/22,0,30000,0,30000
2014/12/23,0,540000,0,540000
2014/12/24,0,697000,-200000,497000
2014/12/25,0,375000,-206955,168045
2014/12/26,0,378000,0,378000
2014/12/29,0,0,0,0
2014/12/30,0,0,0,0
2014/12/31,0,0,-4000,-4000
2015/01/01,0,0,0,0
2015/01/02,0,0,0,0
2015/01/05,0,63000,0,63000
2015/01/06,0,58000,0,58000
2015/01/07,0,42000,0,42000
2015/01/08,0,103000,0,103000
2015/01/09,0,90000,0,90000
2015/01/12,0,20000,0,20000
2015/01/13,0,0,0,0
2015/01/14,0,33000,0,33000
2015/01/15,0,41000,0,41000
2015/01/16,0,167000,0,167000
2015/01/19,0,434000,-3000,431000
2015/01/20,0,28000,0,28000
2015/01/21,0,16000,0,16000
2015/01/22,0,2000,0,2000
2015/01/23,0,0,0,0
2015/01/26,0,0,0,0
2015/01/27,0,1030000,0,1030000
2015/01/28,0,0,0,0
2015/01/29,0,841000,0,841000
2015/01/30,0,38000,-51000,-13000
2015/02/02,0,209000,-30000,179000
2015/02/03,0,131000,0,131000
2015/02/04,0,22000,0,22000
2015/02/05,0,118000,0,118000
2015/02/06,0,0,-1000,-1000
2015/02/09,0,0,0,0
2015/02/10,0,0,0,0
2015/02/11,0,0,0,0
2015/02/12,0,0,0,0
2015/02/13,0,0,-3000,-3000
2015/02/16,0,0,0,0
2015/02/17,0,0,0,0
2015/02/18,0,0,0,0
2015/02/19,0,0,0,0
2015/02/20,0,0,0,0
2015/02/23,0,0,0,0
2015/02/24,0,0,0,0
2015/02/25,0,0,-3000,-3000
2015/02/26,0,0,-2000,-2000
2015/02/27,0,0,0,0
2015/03/02,0,41000,0,41000
2015/03/03,0,16000,0,16000
2015/03/04,0,207000,0,207000
2015/03/05,0,273000,-1000,272000
2015/03/06,0,222000,-30000,192000
2015/03/09,0,0,-1000,-1000
2015/03/10,0,0,0,0
2015/03/11,0,0,-451000,-451000
2015/03/12,0,295,-560000,-559705
2015/03/13,0,0,-150000,-150000
2015/03/16,0,0,-833000,-833000
2015/03/17,0,0,-654708,-654708
2015/03/18,0,0,-333000,-333000
2015/03/19,0,0,-166000,-166000
2015/03/20,0,0,-487000,-487000
2015/03/23,0,0,-604000,-604000
2015/03/24,0,0,-251000,-251000
2015/03/25,0,0,0,0
2015/03/26,0,0,-20000,-20000
2015/03/27,0,0,0,0
2015/03/30,0,55000,0,55000
2015/03/31,0,0,-65000,-65000
2015/04/01,0,0,0,0
2015/04/02,0,67000,0,67000
2015/04/03,0,0,0,0
2015/04/06,0,0,0,0
2015/04/07,0,0,0,0
2015/04/08,0,0,0,0
2015/04/09,0,0,0,0
2015/04/10,0,0,-35000,-35000
2015/04/13,0,0,-109000,-109000
2015/04/14,0,0,0,0
2015/04/15,0,0,-31000,-31000
2015/04/16,0,0,0,0
2015/04/17,0,305000,0,305000
2015/04/20,0,0,0,0
2015/04/21,0,0,0,0
2015/04/22,0,0,0,0
2015/04/23,0,0,0,0
2015/04/24,0,341000,0,341000
2015/04/27,0,0,0,0
2015/04/28,0,0,0,0
2015/04/29,0,0,-1000,-1000
2015/04/30,0,300000,0,300000
2015/05/01,0,0,0,0
2015/05/04,0,0,-305000,-305000
2015/05/05,0,199000,0,199000
2015/05/06,0,0,0,0
2015/05/07,0,5000,0,5000
2015/05/08,0,0,0,0
2015/05/11,0,0,0,0
2015/05/12,0,0,0,0
2015/05/13,0,0,-360000,-360000
2015/05/14,0,0,-375000,-375000
2015/05/15,0,0,-605000,-605000
2015/05/18,0,0,-41000,-41000
2015/05/19,0,0,-144000,-144000
2015/05/20,0,0,0,0
2015/05/21,0,0,0,0
2015/05/22,0,0,-41000,-41000
2015/05/25,0,0,-174000,-174000
2015/05/26,0,0,-126000,-126000
2015/05/27,0,0,0,0
2015/05/28,0,26000,0,26000
2015/05/29,0,0,0,0
2015/06/01,0,20000,-390000,-370000
2015/06/02,0,0,-85873,-85873
2015/06/03,0,0,0,0
2015/06/04,0,376,-2000,-1624
2015/06/05,0,3000,0,3000
2015/06/08,0,0,-71000,-71000
2015/06/09,0,0,-370000,-370000
2015/06/10,0,0,-62259,-62259
2015/06/11,0,0,-181000,-181000
2015/06/12,0,0,-110000,-110000
2015/06/15,0,0,-878000,-878000
2015/06/16,0,0,-154000,-154000
2015/06/17,0,0,-218845,-218845
2015/06/18,0,0,-219000,-219000
2015/06/19,0,0,0,0
2015/06/22,0,1000,-159000,-158000
2015/06/23,0,0,-144000,-144000
2015/06/24,0,0,-60854,-60854
2015/06/25,0,0,0,0
2015/06/26,0,0,0,0
2015/06/29,0,0,0,0
2015/06/30,0,0,0,0
2015/07/01,0,0,0,0
2015/07/02,0,0,0,0
2015/07/03,0,0,-38000,-38000
2015/07/06,0,0,0,0
2015/07/07,0,0,-300000,-300000
2015/07/08,0,0,0,0
2015/07/09,0,0,0,0
2015/07/10,0,0,0,0
2015/07/13,0,0,0,0
2015/07/14,0,0,0,0
2015/07/15,0,3000,0,3000
2015/07/16,0,0,0,0
2015/07/17,0,61000,0,61000
2015/07/20,0,0,0,0
2015/07/21,0,0,0,0
2015/07/22,0,0,0,0
2015/07/23,0,0,0,0
2015/07/24,0,39000,0,39000
2015/07/27,0,0,0,0
2015/07/28,0,5000,0,5000
2015/07/29,0,0,0,0
2015/07/30,0,0,0,0
2015/07/31,0,0,-37000,-37000
2015/08/03,0,0,0,0
2015/08/04,0,0,0,0
2015/08/05,0,0,0,0
2015/08/06,0,0,0,0
2015/08/07,0,0,0,0
2015/08/10,0,0,0,0
2015/08/11,0,37000,0,37000
2015/08/12,0,0,0,0
2015/08/13,0,300000,-150000,150000
2015/08/14,0,0,0,0
2015/08/17,0,0,0,0
2015/08/18,0,0,0,0
2015/08/19,0,0,0,0
2015/08/20,0,0,-543000,-543000
2015/08/21,0,0,-406370,-406370
2015/08/24,0,0,0,0
2015/08/25,0,701,0,701
2015/08/26,0,0,0,0
2015/08/27,0,0,0,0
2015/08/28,0,0,0,0
2015/08/31,0,1000,-8000,-7000
2015/09/01,0,0,-14000,-14000
2015/09/02,0,0,0,0
2015/09/03,0,1000,0,1000
2015/09/04,0,0,-1000,-1000
2015/09/07,0,1000,0,1000
2015/09/08,0,0,0,0
2015/09/09,0,0,0,0
2015/09/10,0,0,0,0
2015/09/11,0,0,0,0
2015/09/14,0,0,0,0
2015/09/15,0,0,0,0
2015/09/16,0,800000,0,800000
2015/09/17,0,1000000,0,1000000
2015/09/18,0,1760000,-2000,1758000
2015/09/21,0,423000,-13000,410000
2015/09/22,0,0,-367,-367
2015/09/23,0,0,0,0
2015/09/24,0,0,0,0
2015/09/25,0,0,0,0
2015/09/28,0,0,0,0
2015/09/29,0,0,0,0
2015/09/30,0,0,0,0
2015/10/01,0,0,0,0
2015/10/02,0,8000,0,8000
2015/10/05,0,1000,0,1000
2015/10/06,0,0,0,0
2015/10/07,0,0,0,0
2015/10/08,0,0,0,0
2015/10/09,0,0,0,0
2015/10/12,0,0,-187417,-187417
2015/10/13,0,0,0,0
2015/10/14,0,0,0,0
2015/10/15,0,0,0,0
2015/10/16,0,0,0,0
2015/10/19,0,0,0,0
2015/10/20,0,0,0,0
2015/10/21,0,0,0,0
2015/10/22,0,0,0,0
2015/10/23,0,0,-50000,-50000
2015/10/26,0,0,0,0
2015/10/27,0,0,0,0
2015/10/28,0,0,0,0
2015/10/29,0,0,0,0
2015/10/30,0,0,0,0
2015/11/02,0,0,0,0
2015/11/03,0,0,0,0
2015/11/04,0,10000,0,10000
2015/11/05,0,0,0,0
2015/11/06,0,0,0,0
2015/11/09,0,24000,0,24000
2015/11/10,0,0,0,0
2015/11/11,0,0,0,0
2015/11/12,0,0,0,0
2015/11/13,0,0,0,0
2015/11/16,0,0,0,0
2015/11/17,0,0,0,0
2015/11/18,0,0,0,0
2015/11/19,0,0,0,0
2015/11/20,0,0,-2000,-2000
2015/11/23,0,0,0,0
2015/11/24,0,0,0,0
2015/11/25,0,0,0,0
2015/11/26,0,0,0,0
2015/11/27,0,0,0,0
2015/11/30,0,0,0,0
2015/12/01,0,0,0,0
2015/12/02,0,0,0,0
2015/12/03,0,0,0,0
2015/12/04,0,0,0,0
2015/12/07,0,0,0,0
2015/12/08,0,0,0,0
2015/12/09,0,0,0,0
2015/12/10,0,0,0,0
2015/12/11,0,0,0,0
2015/12/14,0,0,-1234,-1234
2015/12/15,0,0,0,0
2015/12/16,0,38000,0,38000
2015/12/17,0,37000,0,37000
2015/12/18,0,87000,-4000,83000
2015/12/21,0,0,-143000,-143000
2015/12/22,0,0,0,0
2015/12/23,0,0,0,0
2015/12/24,0,0,0,0
2015/12/25,0,0,-125000,-125000
2015/12/28,0,23000,0,23000
2015/12/29,0,22000,-124000,-102000
2015/12/30,0,0,0,0
2015/12/31,0,0,0,0
2016/01/01,0,0,0,0
2016/01/04,0,0,0,0
2016/01/05,0,0,0,0
2016/01/06,0,0,0,0
2016/01/07,0,0,0,0
2016/01/08,0,0,0,0
2016/01/11,0,0,0,0
2016/01/12,0,0,-1000,-1000
2016/01/13,0,0,0,0
2016/01/14,0,0,0,0
2016/01/15,0,0,-9000,-9000
2016/01/18,0,0,0,0
2016/01/19,0,0,-1000,-1000
2016/01/20,0,0,-9000,-9000
2016/01/21,0,0,0,0
2016/01/22,0,0,0,0
2016/01/25,0,0,0,0
2016/01/26,0,0,0,0
2016/01/27,0,0,0,0
2016/01/28,0,112000,0,112000
2016/01/29,0,0,0,0
2016/02/01,0,0,0,0
2016/02/02,0,15000,0,15000
2016/02/03,0,0,0,0
2016/02/04,0,0,0,0
2016/02/05,0,0,0,0
2016/02/08,0,0,0,0
2016/02/09,0,0,0,0
2016/02/10,0,0,0,0
2016/02/11,0,0,0,0
2016/02/12,0,0,0,0
2016/02/15,0,301,0,301
2016/02/16,0,0,0,0
2016/02/17,0,77000,0,77000
2016/02/18,0,0,0,0
2016/02/19,0,11000,-1000,10000
2016/02/22,0,0,0,0
2016/02/23,0,0,0,0
2016/02/24,0,0,0,0
2016/02/25,0,0,0,0
2016/02/26,0,0,0,0
2016/02/29,0,0,0,0
2016/03/01,0,0,0,0
2016/03/02,0,0,0,0
2016/03/03,0,0,0,0
2016/03/04,0,0,0,0
2016/03/07,0,0,0,0
2016/03/08,0,0,0,0
2016/03/09,0,0,-138000,-138000
2016/03/10,0,0,0,0
2016/03/11,0,0,0,0
2016/03/14,0,0,0,0
2016/03/15,0,1000,0,1000
2016/03/16,0,0,-1000,-1000
2016/03/17,0,0,0,0
2016/03/18,0,530000,0,530000
2016/03/21,0,156000,0,156000
2016/03/22,0,0,0,0
2016/03/23,0,0,0,0
2016/03/24,0,0,0,0
2016/03/25,0,0,0,0
2016/03/28,0,0,0,0
2016/03/29,0,0,0,0
2016/03/30,0,0,0,0
2016/03/31,0,0,0,0
2016/04/01,0,0,0,0
2016/04/04,0,0,0,0
2016/04/05,0,0,0,0
2016/04/06,0,0,0,0
2016/04/07,0,0,0,0
2016/04/08,0,0,0,0
2016/04/11,0,0,0,0
2016/04/12,0,0,-1000,-1000
2016/04/13,0,13000,-77000,-64000
2016/04/14,0,0,0,0
2016/04/15,0,0,-129000,-129000
2016/04/18,0,0,0,0
2016/04/19,0,0,0,0
2016/04/20,0,0,-2000,-2000
2016/04/21,0,0,0,0
2016/04/22,0,0,0,0
2016/04/25,0,0,0,0
2016/04/26,0,0,0,0
2016/04/27,0,0,0,0
2016/04/28,0,0,0,0
2016/04/29,0,0,0,0
2016/05/02,0,0,0,0
2016/05/03,0,0,0,0
2016/05/04,0,0,0,0
2016/05/05,0,0,0,0
2016/05/06,0,0,0,0
2016/05/09,0,100000,0,100000
2016/05/10,0,100000,-117,99883
2016/05/11,0,0,0,0
2016/05/12,0,0,0,0
2016/05/13,0,0,0,0
2016/05/16,0,0,0,0
2016/05/17,0,0,0,0
2016/05/18,0,0,0,0
2016/05/19,0,0,0,0
2016/05/20,0,1000,0,1000
2016/05/23,0,0,0,0
2016/05/24,0,0,0,0
2016/05/25,0,0,0,0
2016/05/26,0,231000,0,231000
2016/05/27,0,219000,0,219000
2016/05/30,0,102000,0,102000
2016/05/31,0,0,0,0
2016/06/01,0,0,0,0
2016/06/02,0,0,0,0
2016/06/03,0,0,0,0
2016/06/06,0,0,0,0
2016/06/07,0,0,0,0
2016/06/08,0,0,0,0
2016/06/09,0,0,0,0
2016/06/10,0,0,0,0
2016/06/13,0,0,-13000,-13000
2016/06/14,0,0,0,0
2016/06/15,0,0,0,0
2016/06/16,0,0,0,0
2016/06/17,0,2000,-10000,-8000
2016/06/20,0,0,0,0
2016/06/21,0,0,0,0
2016/06/22,0,0,0,0
2016/06/23,0,0,0,0
2016/06/24,0,30000,0,30000
2016/06/27,0,30000,0,30000
2016/06/28,0,1000,0,1000
2016/06/29,0,0,0,0
2016/06/30,0,0,0,0
2016/07/01,0,0,0,0
2016/07/04,0,0,0,0
2016/07/05,0,0,0,0
2016/07/06,0,0,0,0
2016/07/07,0,0,0,0
2016/07/08,0,0,0,0
2016/07/11,0,0,0,0
2016/07/12,0,0,0,0
2016/07/13,0,0,0,0
2016/07/14,0,0,0,0
2016/07/15,0,0,-37000,-37000
2016/07/18,0,0,0,0
2016/07/19,0,14000,0,14000
2016/07/20,0,0,-102000,-102000
2016/07/21,0,0,-103000,-103000
2016/07/22,0,0,-2000,-2000
2016/07/25,0,14000,0,14000
2016/07/26,0,5000,0,5000
2016/07/27,0,0,-1000,-1000
2016/07/28,0,0,0,0
2016/07/29,0,0,-9267,-9267
2016/08/01,0,0,-83035,-83035
2016/08/02,0,0,0,0
2016/08/03,0,0,0,0
2016/08/04,0,0,0,0
2016/08/05,0,0,0,0
2016/08/08,0,0,0,0
2016/08/09,0,0,0,0
2016/08/10,0,0,0,0
2016/08/11,0,0,0,0
2016/08/12,0,0,0,0
2016/08/15,0,0,0,0
2016/08/16,0,0,0,0
2016/08/17,0,0,-126000,-126000
2016/08/18,0,0,0,0
2016/08/19,0,0,-6000,-6000
2016/08/22,0,0,0,0
2016/08/23,0,5000,0,5000
2016/08/24,0,0,0,0
2016/08/25,0,0,0,0
2016/08/26,0,0,0,0
2016/08/29,0,5000,0,5000
2016/08/30,0,9000,0,9000
2016/08/31,0,1000,0,1000
2016/09/01,0,0,0,0
2016/09/02,0,0,0,0
2016/09/05,0,0,0,0
2016/09/06,0,0,0,0
2016/09/07,0,0,-300000,-300000
2016/09/08,0,0,-502401,-502401
2016/09/09,0,0,-500000,-500000
2016/09/12,0,0,-485000,-485000
2016/09/13,0,0,-628000,-628000
2016/09/14,0,0,-429166,-429166
2016/09/15,0,0,0,0
2016/09/16,0,0,0,0
2016/09/19,0,0,0,0
2016/09/20,0,0,0,0
2016/09/21,0,0,0,0
2016/09/22,0,0,0,0
2016/09/23,0,0,0,0
2016/09/26,0,0,0,0
2016/09/27,0,0,0,0
2016/09/28,0,0,0,0
2016/09/29,0,0,0,0
2016/09/30,0,0,0,0
2016/10/03,0,0,0,0
2016/10/04,0,0,0,0
2016/10/05,0,0,0,0
2016/10/06,0,0,0,0
2016/10/07,0,0,0,0
2016/10/10,0,0,0,0
2016/10/11,0,31000,0,31000
2016/10/12,0,0,0,0
2016/10/13,0,0,0,0
2016/10/14,0,0,0,0
2016/10/17,0,0,-40000,-40000
2016/10/18,0,0,0,0
2016/10/19,0,5000,0,5000
2016/10/20,0,18000,0,18000
2016/10/21,0,21000,-100000,-79000
2016/10/24,0,24000,-4247,19753
2016/10/25,0,0,-77000,-77000
2016/10/26,0,40000,0,40000
2016/10/27,0,0,-66000,-66000
2016/10/28,0,0,-67000,-67000
2016/10/31,0,0,-61188,-61188
2016/11/01,0,0,0,0
2016/11/02,0,345,0,345
2016/11/03,0,4000,0,4000
2016/11/04,0,0,0,0
2016/11/07,0,0,0,0
2016/11/08,0,0,0,0
2016/11/09,0,0,-11000,-11000
2016/11/10,0,0,0,0
2016/11/11,0,0,0,0
2016/11/14,0,0,0,0
2016/11/15,0,0,0,0
2016/11/16,0,0,0,0
2016/11/17,0,0,0,0
2016/11/18,0,0,0,0
2016/11/21,0,0,0,0
2016/11/22,0,1000,0,1000
2016/11/23,0,0,0,0
2016/11/24,0,0,0,0
2016/11/25,0,0,0,0
2016/11/28,0,0,0,0
2016/11/29,0,2000,0,2000
2016/11/30,0,0,0,0
2016/12/01,0,0,0,0
2016/12/02,0,0,0,0
2016/12/05,0,0,0,0
2016/12/06,0,0,0,0
2016/12/07,0,0,0,0
2016/12/08,0,0,0,0
2016/12/09,0,0,0,0
2016/12/12,0,0,0,0
2016/12/13,0,0,0,0
2016/12/14,0,11000,0,11000
2016/12/15,0,0,0,0
2016/12/16,0,0,0,0
2016/12/19,0,0,0,0
2016/12/20,0,0,0,0
2016/12/21,0,0,0,0
2016/12/22,0,0,0,0
2016/12/23,0,0,0,0
2016/12/26,0,0,0,0
2016/12/27,0,0,0,0
2016/12/28,0,150000,0,150000
2016/12/29,0,0,0,0
2016/12/30,0,45000,0,45000
2017/01/02,0,0,0,0
2017/01/03,0,70000,0,70000
2017/01/04,0,0,0,0
2017/01/05,0,1000,0,1000
2017/01/06,0,20000,0,20000
2017/01/09,0,85000,0,85000
2017/01/10,0,0,0,0
2017/01/11,0,45000,0,45000
2017/01/12,0,250000,0,250000
2017/01/13,0,0,0,0
2017/01/16,0,20000,-265000,-245000
2017/01/17,0,60000,0,60000
2017/01/18,0,0,-31000,-31000
2017/01/19,0,0,0,0
2017/01/20,0,589000,0,589000
2017/01/23,0,300000,-77,299923
2017/01/24,0,285000,0,285000
2017/01/25,0,0,0,0
2017/01/26,0,0,0,0
2017/01/27,0,0,0,0
2017/01/30,0,0,0,0
2017/01/31,0,0,0,0
2017/02/01,0,0,0,0
2017/02/02,0,275000,0,275000
2017/02/03,0,116000,0,116000
2017/02/06,0,100000,0,100000
2017/02/07,0,100000,0,100000
2017/02/08,0,115000,0,115000
2017/02/09,0,115000,-60000,55000
2017/02/10,0,207000,0,207000
2017/02/13,0,302000,0,302000
2017/02/14,0,0,-225000,-225000
2017/02/15,0,0,0,0
2017/02/16,0,0,0,0
2017/02/17,0,0,0,0
2017/02/20,0,1163000,0,1163000
2017/02/21,0,984000,0,984000
2017/02/22,0,209000,0,209000
2017/02/23,0,133000,0,133000
2017/02/24,0,694000,0,694000
2017/02/27,0,0,0,0
2017/02/28,0,0,0,0
2017/03/01,0,854000,0,854000
2017/03/02,0,97000,-108000,-11000
2017/03/03,0,41000,0,41000
2017/03/06,0,373000,-23000,350000
2017/03/07,0,20000,0,20000
2017/03/08,0,12000,0,12000
2017/03/09,0,109000,0,109000
2017/03/10,0,523000,0,523000
2017/03/13,0,645000,0,645000
2017/03/14,0,451000,0,451000
2017/03/15,0,73000,0,73000
2017/03/16,0,14000,0,14000
2017/03/17,0,236000,-1000,235000
2017/03/20,0,246000,0,246000
2017/03/21,0,22000,0,22000
2017/03/22,0,0,0,0
2017/03/23,0,163000,-160000,3000
2017/03/24,0,60000,0,60000
2017/03/27,0,110000,0,110000
2017/03/28,0,473000,0,473000
2017/03/29,0,197000,0,197000
2017/03/30,0,267000,0,267000
2017/03/31,0,212000,0,212000
2017/04/03,0,0,0,0
2017/04/04,0,0,0,0
2017/04/05,0,129000,0,129000
2017/04/06,0,194000,0,194000
2017/04/07,0,127000,0,127000
2017/04/10,0,180000,-345000,-165000
2017/04/11,0,61000,-180000,-119000
2017/04/12,0,717000,0,717000
2017/04/13,0,894000,-5000,889000
2017/04/14,0,602000,-225000,377000
2017/04/17,0,248000,0,248000
2017/04/18,0,448000,0,448000
2017/04/19,0,111000,-25000,86000
2017/04/20,0,84000,0,84000
2017/04/21,0,107000,-57000,50000
2017/04/24,0,577000,-316000,261000
2017/04/25,0,179000,-192186,-13186
2017/04/26,0,206000,-238000,-32000
2017/04/27,0,45000,-147000,-102000
2017/04/28,0,327000,-97000,230000
2017/05/01,0,0,0,0
2017/05/02,0,102000,-442000,-340000
2017/05/03,0,109000,-292000,-183000
2017/05/04,0,0,-20000,-20000
2017/05/05,0,6000,-86000,-80000
2017/05/08,0,8000,-326000,-318000
2017/05/09,0,88000,-421000,-333000
2017/05/10,0,0,-265000,-265000
2017/05/11,0,0,-399000,-399000
2017/05/12,0,50000,0,50000
2017/05/15,0,186000,-100000,86000
2017/05/16,0,190000,0,190000
2017/05/17,0,70000,-260000,-190000
2017/05/18,0,59000,-68000,-9000
2017/05/19,0,82000,0,82000
2017/05/22,0,25000,-49000,-24000
2017/05/23,0,185000,-10000,175000
2017/05/24,0,492000,-42000,450000
2017/05/25,0,182000,-119000,63000
2017/05/26,0,80000,0,80000
2017/05/29,0,0,0,0
2017/05/30,0,0,0,0
2017/05/31,0,0,-15000,-15000
2017/06/01,0,27000,-265000,-238000
2017/06/02,0,10000,-20000,-10000
2017/06/05,0,50000,-7000,43000
2017/06/06,0,0,-61000,-61000
2017/06/07,0,122000,0,122000
2017/06/08,0,190000,-391000,-201000
2017/06/09,0,224000,-10000,214000
2017/06/12,0,0,-181000,-181000
2017/06/13,0,0,0,0
2017/06/14,0,0,-128000,-128000
2017/06/15,0,37000,-80000,-43000
2017/06/16,0,0,-4000,-4000
2017/06/19,0,0,0,0
2017/06/20,0,0,-52000,-52000
2017/06/21,0,100000,-45000,55000
2017/06/22,0,0,-29000,-29000
2017/06/23,0,50000,0,50000
2017/06/26,0,40000,0,40000
2017/06/27,0,0,-78000,-78000
2017/06/28,0,0,-30000,-30000
2017/06/29,0,0,-25000,-25000
2017/06/30,0,0,-7000,-7000
2017/07/03,0,0,-394000,-394000
2017/07/04,0,0,-37000,-37000
2017/07/05,0,0,-71000,-71000
2017/07/06,0,0,-207000,-207000
2017/07/07,0,0,-223000,-223000
2017/07/10,0,0,0,0
2017/07/11,0,0,-91000,-91000
2017/07/12,0,40000,-290000,-250000
2017/07/13,0,30000,-201000,-171000
2017/07/14,0,16000,-21000,-5000
2017/07/17,0,0,-72971,-72971
2017/07/18,0,0,-34000,-34000
2017/07/19,0,74000,-121000,-47000
2017/07/20,0,0,-49000,-49000
2017/07/21,0,0,-68000,-68000
2017/07/24,0,0,-440000,-440000
2017/07/25,0,461000,-62000,399000
2017/07/26,0,207000,0,207000
2017/07/27,0,0,-171000,-171000
2017/07/28,0,0,-146000,-146000
2017/07/31,0,0,0,0
2017/08/01,0,95000,-2000,93000
2017/08/02,0,687000,-24000,663000
2017/08/03,0,230000,0,230000
2017/08/04,0,0,-51843,-51843
2017/08/07,0,0,0,0
2017/08/08,0,0,0,0
2017/08/09,0,0,0,0
2017/08/10,0,0,0,0
2017/08/11,0,0,0,0
2017/08/14,0,0,0,0
2017/08/15,0,0,0,0
2017/08/16,0,0,0,0
2017/08/17,0,0,0,0
2017/08/18,0,0,-3000,-3000
