Date,Open,Buy,Sell,Total
2007/01/02,0,3173000,-1273000,1900000
2007/01/03,0,805000,-750000,55000
2007/01/04,0,1001000,-8803000,-7802000
2007/01/05,0,3563000,-1777000,1786000
2007/01/08,0,2406000,-9473508,-7067508
2007/01/09,0,86000,-5536000,-5450000
2007/01/10,0,2767000,-5045000,-2278000
2007/01/11,0,1176000,-3722000,-2546000
2007/01/12,0,2300000,-130000,2170000
2007/01/15,0,574000,-3307000,-2733000
2007/01/16,0,1986000,-2527000,-541000
2007/01/17,0,4964000,-4370000,594000
2007/01/18,0,11800000,-5101000,6699000
2007/01/19,0,105000,-1876000,-1771000
2007/01/22,0,538000,-1101160,-563160
2007/01/23,0,4443000,-273000,4170000
2007/01/24,0,12254000,-1069000,11185000
2007/01/25,0,13604000,-497000,13107000
2007/01/26,0,11184000,-2779000,8405000
2007/01/29,0,7504000,-2675000,4829000
2007/01/30,0,2531016,-933000,1598016
2007/01/31,0,1220000,-2802000,-1582000
2007/02/01,0,1391000,-1870000,-479000
2007/02/02,0,6668000,-560000,6108000
2007/02/05,0,4569000,-254000,4315000
2007/02/06,0,2262000,-2871000,-609000
2007/02/07,0,8405000,-7056000,1349000
2007/02/08,0,2158000,-1169000,989000
2007/02/09,0,16390000,-994000,15396000
2007/02/12,0,10576000,-712000,9864000
2007/02/13,0,2360000,-682000,1678000
2007/02/14,0,2935000,-2684000,251000
2007/02/15,0,0,0,0
2007/02/16,0,0,0,0
2007/02/19,0,0,0,0
2007/02/20,0,0,0,0
2007/02/21,0,0,0,0
2007/02/22,0,0,0,0
2007/02/23,0,0,0,0
2007/02/26,0,8144000,-4231091,3912909
2007/02/27,0,1234000,-1967000,-733000
2007/02/28,0,0,0,0
2007/03/01,0,2519000,-7300000,-4781000
2007/03/02,0,297000,-1692000,-1395000
2007/03/05,0,426000,-4697000,-4271000
2007/03/06,0,338000,-6425000,-6087000
2007/03/07,0,3155000,-9066668,-5911668
2007/03/08,0,15530000,-10583000,4947000
2007/03/09,0,11006000,-5971000,5035000
2007/03/12,0,2901000,-2731000,170000
2007/03/13,0,6616000,-6671000,-55000
2007/03/14,0,5097000,-9319000,-4222000
2007/03/15,0,5039000,-10125000,-5086000
2007/03/16,0,2528000,-3266000,-738000
2007/03/19,0,834000,-2117000,-1283000
2007/03/20,0,2954000,-2045000,909000
2007/03/21,0,2891900,-2667000,224900
2007/03/22,0,8094000,-13264000,-5170000
2007/03/23,0,3608000,-2900000,708000
2007/03/26,0,172000,-4370000,-4198000
2007/03/27,0,4809000,-9497000,-4688000
2007/03/28,0,3326000,-6616000,-3290000
2007/03/29,0,2440000,-3632000,-1192000
2007/03/30,0,4196000,-2718000,1478000
2007/04/02,0,142000,-2450000,-2308000
2007/04/03,0,3715000,-4392000,-677000
2007/04/04,0,12442000,-8362000,4080000
2007/04/05,0,0,0,0
2007/04/06,0,0,0,0
2007/04/09,0,12051000,-9166000,2885000
2007/04/10,0,5644000,-10381000,-4737000
2007/04/11,0,8153000,-2518000,5635000
2007/04/12,0,3037000,-8753000,-5716000
2007/04/13,0,3570000,-845000,2725000
2007/04/16,0,2174000,-362000,1812000
2007/04/17,0,1371668,-4631000,-3259332
2007/04/18,0,3748900,-8666000,-4917100
2007/04/19,0,7874400,-19822000,-11947600
2007/04/20,0,5946000,-15696000,-9750000
2007/04/23,0,3915000,-11495000,-7580000
2007/04/24,0,6714000,-7902000,-1188000
2007/04/25,0,5962000,-7394000,-1432000
2007/04/26,0,3789000,-7773000,-3984000
2007/04/27,0,1460000,-2553000,-1093000
2007/04/30,0,1234000,-2699667,-1465667
2007/05/01,0,0,0,0
2007/05/02,0,5874000,-7890000,-2016000
2007/05/03,0,1222000,-4750000,-3528000
2007/05/04,0,2954000,-20944100,-17990100
2007/05/07,0,1729000,-4558000,-2829000
2007/05/08,0,14436000,-11105000,3331000
2007/05/09,0,5321000,-9825000,-4504000
2007/05/10,0,3808000,-2232000,1576000
2007/05/11,0,254000,-2747000,-2493000
2007/05/14,0,3180000,-8724000,-5544000
2007/05/15,0,4562065,-1901000,2661065
2007/05/16,0,3060000,-572000,2488000
2007/05/17,0,1293000,-1573000,-280000
2007/05/18,0,355000,-1670000,-1315000
2007/05/21,0,8257000,-1292000,6965000
2007/05/22,0,9577000,-6761000,2816000
2007/05/23,0,13021000,-290000,12731000
2007/05/24,0,406600,-170000,236600
2007/05/25,0,2301000,-1082000,1219000
2007/05/28,0,1782000,-767000,1015000
2007/05/29,0,923000,-3096000,-2173000
2007/05/30,0,2331000,-1311000,1020000
2007/05/31,0,22267000,-7090667,15176333
2007/06/01,0,9586000,-1910000,7676000
2007/06/04,0,31965000,-11457000,20508000
2007/06/05,0,18270000,-15101000,3169000
2007/06/06,0,4827000,-15170000,-10343000
2007/06/07,0,13316000,-7341000,5975000
2007/06/08,0,10214000,-15611000,-5397000
2007/06/11,0,6399000,-105000,6294000
2007/06/12,0,1456000,-7037000,-5581000
2007/06/13,0,1767000,-2424000,-657000
2007/06/14,0,2464000,-479000,1985000
2007/06/15,0,4971000,-5001000,-30000
2007/06/18,0,0,0,0
2007/06/19,0,0,0,0
2007/06/20,0,11747000,-5018000,6729000
2007/06/21,0,10154000,-7423000,2731000
2007/06/22,0,10870000,-5194000,5676000
2007/06/25,0,8926000,-5062000,3864000
2007/06/26,0,12478000,-10762000,1716000
2007/06/27,0,10495000,-2412000,8083000
2007/06/28,0,1731000,-1774000,-43000
2007/06/29,0,5631000,-7015666,-1384666
2007/07/02,0,1457000,-1031000,426000
2007/07/03,0,3787000,-7015000,-3228000
2007/07/04,0,14056000,-12893035,1162965
2007/07/05,0,255000,-1000,254000
2007/07/06,0,1736000,-767800,968200
2007/07/09,0,1589000,-23000,1566000
2007/07/10,0,1477000,-11308000,-9831000
2007/07/11,0,1621000,-15239000,-13618000
2007/07/12,0,3148000,-4246000,-1098000
2007/07/13,0,5771000,-4770000,1001000
2007/07/16,0,4516000,-9616000,-5100000
2007/07/17,0,1600000,-3838500,-2238500
2007/07/18,0,2127000,-10725800,-8598800
2007/07/19,0,14353000,-1135000,13218000
2007/07/20,0,23931000,-6143000,17788000
2007/07/23,0,7182000,-3428000,3754000
2007/07/24,0,5313000,-1279000,4034000
2007/07/25,0,458000,-2081000,-1623000
2007/07/26,0,9121000,-1972000,7149000
2007/07/27,0,3683000,-14898000,-11215000
2007/07/30,0,2160000,-10910750,-8750750
2007/07/31,0,6360000,-3592865,2767135
2007/08/01,0,12379000,-12284000,95000
2007/08/02,0,1861000,-9442000,-7581000
2007/08/03,0,1476000,-15620000,-14144000
2007/08/06,0,2757000,-15084000,-12327000
2007/08/07,0,2198000,-13976000,-11778000
2007/08/08,0,5835000,-15392000,-9557000
2007/08/09,0,649000,-7351000,-6702000
2007/08/10,0,1148000,-9803800,-8655800
2007/08/13,0,3102000,-3367000,-265000
2007/08/14,0,819000,-1990000,-1171000
2007/08/15,0,1409000,-4163000,-2754000
2007/08/16,0,3196000,-5702239,-2506239
2007/08/17,0,8072000,-13772000,-5700000
2007/08/20,0,5015000,-6666000,-1651000
2007/08/21,0,1277000,-2975000,-1698000
2007/08/22,0,2611000,-9320002,-6709002
2007/08/23,0,6018000,-15229000,-9211000
2007/08/24,0,2048000,-2045000,3000
2007/08/27,0,441000,-340000,101000
2007/08/28,0,530000,-3133000,-2603000
2007/08/29,0,1053000,-2140000,-1087000
2007/08/30,0,3485000,-2049000,1436000
2007/08/31,0,6802000,-197000,6605000
2007/09/03,0,2717000,-1265000,1452000
2007/09/04,0,6647000,-13388000,-6741000
2007/09/05,0,2172000,-4354000,-2182000
2007/09/06,0,7071000,-7128102,-57102
2007/09/07,0,5967000,-3497000,2470000
2007/09/10,0,1400000,-3232000,-1832000
2007/09/11,0,3320000,-4275000,-955000
2007/09/12,0,4282000,-1263000,3019000
2007/09/13,0,2120000,-1885000,235000
2007/09/14,0,2370000,-1963000,407000
2007/09/17,0,22000,-2173000,-2151000
2007/09/18,0,0,0,0
2007/09/19,0,6043000,-2871000,3172000
2007/09/20,0,3870000,-1593000,2277000
2007/09/21,0,743000,-153000,590000
2007/09/24,0,0,0,0
2007/09/25,0,0,0,0
2007/09/26,0,6009000,-777000,5232000
2007/09/27,0,4290000,-1006000,3284000
2007/09/28,0,1583000,-585000,998000
2007/10/01,0,647000,-2000,645000
2007/10/02,0,3477000,-286000,3191000
2007/10/03,0,5012000,-721844,4290156
2007/10/04,0,3494000,-4872000,-1378000
2007/10/05,0,90000,-1064000,-974000
2007/10/08,0,2727000,-7400000,-4673000
2007/10/09,0,3673000,-4719000,-1046000
2007/10/10,0,0,0,0
2007/10/11,0,3889000,-3480000,409000
2007/10/12,0,2421000,-1801000,620000
2007/10/15,0,552000,-1941000,-1389000
2007/10/16,0,463000,-5416000,-4953000
2007/10/17,0,622000,-5226000,-4604000
2007/10/18,0,754000,-5590000,-4836000
2007/10/19,0,199000,-3073474,-2874474
2007/10/22,0,546000,-8107000,-7561000
2007/10/23,0,2372000,-4457000,-2085000
2007/10/24,0,201000,-2226000,-2025000
2007/10/25,0,1510333,-6926000,-5415667
2007/10/26,0,1765000,-7566000,-5801000
2007/10/29,0,2721000,-8547000,-5826000
2007/10/30,0,1464000,-1894000,-430000
2007/10/31,0,3761000,-10559000,-6798000
2007/11/01,0,1274000,-11923000,-10649000
2007/11/02,0,1689000,-18881200,-17192200
2007/11/05,0,8354000,-16704000,-8350000
2007/11/06,0,104000,-9343800,-9239800
2007/11/07,0,777000,-9621000,-8844000
2007/11/08,0,691000,-7771000,-7080000
2007/11/09,0,3046000,-1618000,1428000
2007/11/12,0,6037000,-3011000,3026000
2007/11/13,0,2997000,-2100000,897000
2007/11/14,0,13079000,-9812000,3267000
2007/11/15,0,5327000,-4562000,765000
2007/11/16,0,2701000,-4866000,-2165000
2007/11/19,0,2473000,-1110000,1363000
2007/11/20,0,4876000,-7633000,-2757000
2007/11/21,0,3039000,-4827000,-1788000
2007/11/22,0,4145081,-916000,3229081
2007/11/23,0,2499000,-2159000,340000
2007/11/26,0,3830000,-1613000,2217000
2007/11/27,0,5357000,-1493000,3864000
2007/11/28,0,4398000,-1738000,2660000
2007/11/29,0,11508000,-1393425,10114575
2007/11/30,0,11649000,-953000,10696000
2007/12/03,0,193000,-103000,90000
2007/12/04,0,261000,-301000,-40000
2007/12/05,0,2997000,-7609000,-4612000
2007/12/06,0,2542000,-314000,2228000
2007/12/07,0,3177750,-18625000,-15447250
2007/12/10,0,844000,-2461600,-1617600
2007/12/11,0,3607000,-2677000,930000
2007/12/12,0,3228000,-3442000,-214000
2007/12/13,0,6621000,-9885081,-3264081
2007/12/14,0,5411000,-3137000,2274000
2007/12/17,0,5141000,-1731000,3410000
2007/12/18,0,10840000,-5794000,5046000
2007/12/19,0,4642000,-5802650,-1160650
2007/12/20,0,5936000,-2746000,3190000
2007/12/21,0,6905200,-3001200,3904000
2007/12/24,0,1646000,-1488000,158000
2007/12/25,0,1000000,-743000,257000
2007/12/26,0,4280000,-4369000,-89000
2007/12/27,0,5862000,-1005000,4857000
2007/12/28,0,5826000,-1612000,4214000
2007/12/31,0,9187000,-1684000,7503000
2008/01/01,0,0,0,0
2008/01/02,0,3185390,-6665390,-3480000
2008/01/03,0,1428000,-4759000,-3331000
2008/01/04,0,998000,-3220000,-2222000
2008/01/07,0,78000,-11813000,-11735000
2008/01/08,0,354000,-2791000,-2437000
2008/01/09,0,3251000,-3548000,-297000
2008/01/10,0,1524000,-3742000,-2218000
2008/01/11,0,3886000,-3256000,630000
2008/01/14,0,9468000,-14862000,-5394000
2008/01/15,0,3431000,-18463640,-15032640
2008/01/16,0,2732000,-11951000,-9219000
2008/01/17,0,493000,-9262900,-8769900
2008/01/18,0,1699913,-7316000,-5616087
2008/01/21,0,112000,-5158000,-5046000
2008/01/22,0,1672000,-8752000,-7080000
2008/01/23,0,2253000,-4287000,-2034000
2008/01/24,0,1457000,-3009000,-1552000
2008/01/25,0,6031000,-2883000,3148000
2008/01/28,0,623000,-5567000,-4944000
2008/01/29,0,801000,-2471080,-1670080
2008/01/30,0,3550636,-6753000,-3202364
2008/01/31,0,5719000,-8676000,-2957000
2008/02/01,0,4289000,-5873000,-1584000
2008/02/04,0,0,0,0
2008/02/05,0,0,0,0
2008/02/06,0,0,0,0
2008/02/07,0,0,0,0
2008/02/08,0,0,0,0
2008/02/11,0,0,0,0
2008/02/12,0,2991000,-9918140,-6927140
2008/02/13,0,333000,-3758000,-3425000
2008/02/14,0,6159000,-7068000,-909000
2008/02/15,0,1320000,-6967000,-5647000
2008/02/18,0,3712000,-8435000,-4723000
2008/02/19,0,2256000,-14238000,-11982000
2008/02/20,0,569000,-3468000,-2899000
2008/02/21,0,3232000,-29629091,-26397091
2008/02/22,0,5088000,-12138000,-7050000
2008/02/25,0,9220900,-1336000,7884900
2008/02/26,0,3192000,-502000,2690000
2008/02/27,0,6287000,-9595000,-3308000
2008/02/28,0,0,0,0
2008/02/29,0,2649014,-12080490,-9431476
2008/03/03,0,967000,-6748000,-5781000
2008/03/04,0,2986000,-7496968,-4510968
2008/03/05,0,1775000,-9304000,-7529000
2008/03/06,0,4395000,-460000,3935000
2008/03/07,0,1372000,-166000,1206000
2008/03/10,0,7961000,-6751000,1210000
2008/03/11,0,6186000,-2041000,4145000
2008/03/12,0,5442986,-3868000,1574986
2008/03/13,0,6456000,-9123000,-2667000
2008/03/14,0,1765420,-4514000,-2748580
2008/03/17,0,6689000,-4277000,2412000
2008/03/18,0,2024000,-1748000,276000
2008/03/19,0,4185000,-329000,3856000
2008/03/20,0,5087000,-4621000,466000
2008/03/21,0,6490000,-181000,6309000
2008/03/24,0,13662000,-2517000,11145000
2008/03/25,0,7386000,-1262000,6124000
2008/03/26,0,6196000,-800000,5396000
2008/03/27,0,4131169,-3162000,969169
2008/03/28,0,7220169,-4112000,3108169
2008/03/31,0,5663215,-870938,4792277
2008/04/01,0,4762743,-937000,3825743
2008/04/02,0,4552000,-676000,3876000
2008/04/03,0,2184000,-1952000,232000
2008/04/04,0,0,0,0
2008/04/07,0,2006000,-14000,1992000
2008/04/08,0,375000,-2984000,-2609000
2008/04/09,0,1237000,-1686000,-449000
2008/04/10,0,1716000,-1633000,83000
2008/04/11,0,2929000,-337001,2591999
2008/04/14,0,469000,-3669000,-3200000
2008/04/15,0,1190000,-4644000,-3454000
2008/04/16,0,902000,-1394000,-492000
2008/04/17,0,2983000,-3770000,-787000
2008/04/18,0,685000,-6076000,-5391000
2008/04/21,0,4012000,-1512000,2500000
2008/04/22,0,4639000,-10185000,-5546000
2008/04/23,0,7963000,-1222000,6741000
2008/04/24,0,943000,-4707000,-3764000
2008/04/25,0,628000,-845000,-217000
2008/04/28,0,2706000,-802000,1904000
2008/04/29,0,523000,-4008000,-3485000
2008/04/30,0,1180000,-2115000,-935000
2008/05/01,0,0,0,0
2008/05/02,0,1449000,-629000,820000
2008/05/05,0,6177000,-2824000,3353000
2008/05/06,0,6967000,-956000,6011000
2008/05/07,0,1350000,-946000,404000
2008/05/08,0,576000,-3859000,-3283000
2008/05/09,0,1508000,-1415000,93000
2008/05/12,0,773000,-1164503,-391503
2008/05/13,0,6240000,-1044000,5196000
2008/05/14,0,523000,-4400000,-3877000
2008/05/15,0,2593000,-5655000,-3062000
2008/05/16,0,3380000,-773000,2607000
2008/05/19,0,812000,-940000,-128000
2008/05/20,0,1134000,-7375000,-6241000
2008/05/21,0,421000,-2933000,-2512000
2008/05/22,0,741000,-2720082,-1979082
2008/05/23,0,389000,-5159000,-4770000
2008/05/26,0,936000,-775000,161000
2008/05/27,0,292000,-5092000,-4800000
2008/05/28,0,32000,-12786000,-12754000
2008/05/29,0,1993000,-7859000,-5866000
2008/05/30,0,2216000,-3362960,-1146960
2008/06/02,0,1309000,-3812000,-2503000
2008/06/03,0,290000,-1666823,-1376823
2008/06/04,0,467000,-3665000,-3198000
2008/06/05,0,1204000,-5131000,-3927000
2008/06/06,0,492000,-1051000,-559000
2008/06/09,0,216000,-5303000,-5087000
2008/06/10,0,3438665,-3988128,-549463
2008/06/11,0,98000,-571000,-473000
2008/06/12,0,1931000,-3719000,-1788000
2008/06/13,0,2781000,-16505000,-13724000
2008/06/16,0,661000,-3775000,-3114000
2008/06/17,0,404000,-3379000,-2975000
2008/06/18,0,375000,-1207445,-832445
2008/06/19,0,117000,-3988000,-3871000
2008/06/20,0,2158207,-5519000,-3360793
2008/06/23,0,3754000,-1335000,2419000
2008/06/24,0,431000,-1094000,-663000
2008/06/25,0,3099000,-628000,2471000
2008/06/26,0,2643000,-1859000,784000
2008/06/27,0,1858000,-5198000,-3340000
2008/06/30,0,4603000,-457000,4146000
2008/07/01,0,4026000,-395000,3631000
2008/07/02,0,6198000,-1278000,4920000
2008/07/03,0,5350000,-5785000,-435000
2008/07/04,0,2419000,-3623300,-1204300
2008/07/07,0,1891000,-5082000,-3191000
2008/07/08,0,3233000,-5237000,-2004000
2008/07/09,0,8101000,-4279000,3822000
2008/07/10,0,3165000,-453000,2712000
2008/07/11,0,1940000,-887000,1053000
2008/07/14,0,2838000,-1819000,1019000
2008/07/15,0,2980000,-1427590,1552410
2008/07/16,0,3963000,-2008000,1955000
2008/07/17,0,3271000,-2110000,1161000
2008/07/18,0,4431000,-1002000,3429000
2008/07/21,0,3519000,-313000,3206000
2008/07/22,0,1413000,-631000,782000
2008/07/23,0,2421000,-586000,1835000
2008/07/24,0,3043000,-283475,2759525
2008/07/25,0,183000,-747000,-564000
2008/07/28,0,0,0,0
2008/07/29,0,170000,-1511300,-1341300
2008/07/30,0,1759000,-1813000,-54000
2008/07/31,0,2115000,-982000,1133000
2008/08/01,0,520000,-298000,222000
2008/08/04,0,649000,-1233000,-584000
2008/08/05,0,3571000,-2687000,884000
2008/08/06,0,5318000,-140000,5178000
2008/08/07,0,965000,-1841842,-876842
2008/08/08,0,2554000,-1203000,1351000
2008/08/11,0,816000,-474000,342000
2008/08/12,0,2473000,-151000,2322000
2008/08/13,0,2959000,-1212000,1747000
2008/08/14,0,1351000,-869000,482000
2008/08/15,0,466000,-3170000,-2704000
2008/08/18,0,662000,-1237250,-575250
2008/08/19,0,1486000,-1683000,-197000
2008/08/20,0,2633000,-2681000,-48000
2008/08/21,0,1856000,-1436000,420000
2008/08/22,0,2723000,-1999000,724000
2008/08/25,0,2970000,-1156700,1813300
2008/08/26,0,750000,-232000,518000
2008/08/27,0,2692000,-258000,2434000
2008/08/28,0,3087000,-3028000,59000
2008/08/29,0,2530000,-1381884,1148116
2008/09/01,0,4431000,-3036000,1395000
2008/09/02,0,3973000,-2135000,1838000
2008/09/03,0,3614000,-1612000,2002000
2008/09/04,0,3499000,-2420000,1079000
2008/09/05,0,1711000,-1280000,431000
2008/09/08,0,3883000,-1990000,1893000
2008/09/09,0,2164000,-1519000,645000
2008/09/10,0,2912000,-4159000,-1247000
2008/09/11,0,2655000,-5193000,-2538000
2008/09/12,0,1942000,-4753000,-2811000
2008/09/15,0,401000,-2294000,-1893000
2008/09/16,0,609000,-604000,5000
2008/09/17,0,1090000,-3149000,-2059000
2008/09/18,0,277000,-1117123,-840123
2008/09/19,0,4097000,-11882000,-7785000
2008/09/22,0,4318000,-5015000,-697000
2008/09/23,0,1234000,-2767380,-1533380
2008/09/24,0,4937776,-10938776,-6001000
2008/09/25,0,766000,-1636000,-870000
2008/09/26,0,4884000,-2549000,2335000
2008/09/29,0,0,0,0
2008/09/30,0,4115000,-1438000,2677000
2008/10/01,0,713000,-1454000,-741000
2008/10/02,0,1618000,-1368000,250000
2008/10/03,0,1007000,-645000,362000
2008/10/06,0,330000,-3229900,-2899900
2008/10/07,0,895000,-516000,379000
2008/10/08,0,3130000,-1411080,1718920
2008/10/09,0,3520000,-1518000,2002000
2008/10/10,0,0,0,0
2008/10/13,0,2114000,-1627000,487000
2008/10/14,0,1769000,-922149,846851
2008/10/15,0,841000,-1385850,-544850
2008/10/16,0,251000,-718000,-467000
2008/10/17,0,1621000,-2569450,-948450
2008/10/20,0,381000,-1336000,-955000
2008/10/21,0,755000,-3362000,-2607000
2008/10/22,0,1059000,-1316000,-257000
2008/10/23,0,896000,-611000,285000
2008/10/24,0,2061000,-1709000,352000
2008/10/27,0,200000,-122150,77850
2008/10/28,0,92000,-497750,-405750
2008/10/29,0,4080000,-5863777,-1783777
2008/10/30,0,1788000,-315850,1472150
2008/10/31,0,77000,-929000,-852000
2008/11/03,0,6635000,-1319100,5315900
2008/11/04,0,3633000,-563900,3069100
2008/11/05,0,1919000,-610000,1309000
2008/11/06,0,2017000,-4019000,-2002000
2008/11/07,0,940000,-6402000,-5462000
2008/11/10,0,600000,-336550,263450
2008/11/11,0,2764000,-4055818,-1291818
2008/11/12,0,1610000,-2004000,-394000
2008/11/13,0,2848000,-1953000,895000
2008/11/14,0,379000,-1919000,-1540000
2008/11/17,0,634000,-226200,407800
2008/11/18,0,2133000,-1998000,135000
2008/11/19,0,1841000,-6586050,-4745050
2008/11/20,0,1644000,-2577000,-933000
2008/11/21,0,3770000,-2686250,1083750
2008/11/24,0,716000,-5511641,-4795641
2008/11/25,0,16608700,-70667943,-54059243
2008/11/26,0,9844000,-4310897,5533103
2008/11/27,0,455000,-2638000,-2183000
2008/11/28,0,1017000,-7023000,-6006000
2008/12/01,0,2090000,-3121828,-1031828
2008/12/02,0,2244000,-4803000,-2559000
2008/12/03,0,5475000,-10109510,-4634510
2008/12/04,0,2711000,-3865280,-1154280
2008/12/05,0,2168000,-1419000,749000
2008/12/08,0,2797000,-2810000,-13000
2008/12/09,0,2112000,-312000,1800000
2008/12/10,0,2686000,-425590,2260410
2008/12/11,0,3471000,-9982000,-6511000
2008/12/12,0,2024000,-4334000,-2310000
2008/12/15,0,3657400,-1787060,1870340
2008/12/16,0,6760000,-1872150,4887850
2008/12/17,0,7489000,-730000,6759000
2008/12/18,0,5492000,-1909000,3583000
2008/12/19,0,2168000,-1525000,643000
2008/12/22,0,1200000,-754400,445600
2008/12/23,0,385250,-418000,-32750
2008/12/24,0,1987000,-686000,1301000
2008/12/25,0,18000,-663000,-645000
2008/12/26,0,691000,-208000,483000
2008/12/29,0,3162000,-16000,3146000
2008/12/30,0,612000,-21000,591000
2008/12/31,0,1374000,-319000,1055000
2009/01/01,0,0,0,0
2009/01/02,0,0,0,0
2009/01/05,0,4639000,-557000,4082000
2009/01/06,0,2114000,-1153000,961000
2009/01/07,0,2037000,-3223600,-1186600
2009/01/08,0,1903000,-614000,1289000
2009/01/09,0,501000,-166650,334350
2009/01/12,0,87000,-396000,-309000
2009/01/13,0,4138000,-201950,3936050
2009/01/14,0,1235000,-1154000,81000
2009/01/15,0,1631250,-2346000,-714750
2009/01/16,0,62000,-2522670,-2460670
2009/01/19,0,2221000,-2381600,-160600
2009/01/20,0,170000,-1070000,-900000
2009/01/21,0,1287000,-3620000,-2333000
2009/01/22,0,0,0,0
2009/01/23,0,0,0,0
2009/01/26,0,0,0,0
2009/01/27,0,0,0,0
2009/01/28,0,0,0,0
2009/01/29,0,0,0,0
2009/01/30,0,0,0,0
2009/02/02,0,10727666,-8061666,2666000
2009/02/03,0,1816000,-2982000,-1166000
2009/02/04,0,175000,-1161400,-986400
2009/02/05,0,1161000,-1639000,-478000
2009/02/06,0,1336000,-1882400,-546400
2009/02/09,0,608000,-5750,602250
2009/02/10,0,1811000,-1000000,811000
2009/02/11,0,1166000,-3512000,-2346000
2009/02/12,0,1363000,-3199250,-1836250
2009/02/13,0,7896000,-2174000,5722000
2009/02/16,0,2477000,-1270000,1207000
2009/02/17,0,4508000,-779000,3729000
2009/02/18,0,353000,-3383000,-3030000
2009/02/19,0,1210250,-7043000,-5832750
2009/02/20,0,578000,-5889000,-5311000
2009/02/23,0,723000,-1931000,-1208000
2009/02/24,0,1206000,-1609000,-403000
2009/02/25,0,1589000,-1725000,-136000
2009/02/26,0,11575000,-1617000,9958000
2009/02/27,0,548000,-376851,171149
2009/03/02,0,3474000,-1811000,1663000
2009/03/03,0,169000,-85000,84000
2009/03/04,0,386000,-4047810,-3661810
2009/03/05,0,1795000,0,1795000
2009/03/06,0,2856000,-2070000,786000
2009/03/09,0,8914000,0,8914000
2009/03/10,0,2939000,-3637010,-698010
2009/03/11,0,1253000,-5587050,-4334050
2009/03/12,0,2838100,-629000,2209100
2009/03/13,0,1120000,-265200,854800
2009/03/16,0,1138000,-465000,673000
2009/03/17,0,6629000,-2000,6627000
2009/03/18,0,2237010,-264000,1973010
2009/03/19,0,333000,-576000,-243000
2009/03/20,0,120000,-2406000,-2286000
2009/03/23,0,853000,-136000,717000
2009/03/24,0,946000,-233,945767
2009/03/25,0,1043000,-1092000,-49000
2009/03/26,0,142000,-250000,-108000
2009/03/27,0,503000,-1848000,-1345000
2009/03/30,0,3338000,-2288000,1050000
2009/03/31,0,1956000,-2377000,-421000
2009/04/01,0,2478000,-3541000,-1063000
2009/04/02,0,1320000,-5847000,-4527000
2009/04/03,0,6968000,-1555000,5413000
2009/04/06,0,700000,-2259000,-1559000
2009/04/07,0,325000,-1160000,-835000
2009/04/08,0,4859000,-5348000,-489000
2009/04/09,0,1092000,-4073000,-2981000
2009/04/10,0,971000,-224000,747000
2009/04/13,0,758000,-30000,728000
2009/04/14,0,912000,-3000,909000
2009/04/15,0,1191000,-1280000,-89000
2009/04/16,0,912000,-541000,371000
2009/04/17,0,7987000,-1229000,6758000
2009/04/20,0,8392000,-247900,8144100
2009/04/21,0,6266000,-1151000,5115000
2009/04/22,0,3370000,-2148700,1221300
2009/04/23,0,4023000,-2807000,1216000
2009/04/24,0,8661000,-1360000,7301000
2009/04/27,0,4674000,-250000,4424000
2009/04/28,0,319000,-825450,-506450
2009/04/29,0,1464000,-127300,1336700
2009/04/30,0,2164000,-8634100,-6470100
2009/05/01,0,0,0,0
2009/05/04,0,4488000,-894000,3594000
2009/05/05,0,1799000,-675450,1123550
2009/05/06,0,1619000,-462000,1157000
2009/05/07,0,3913000,-1234000,2679000
2009/05/08,0,5512000,-754000,4758000
2009/05/11,0,13135000,-1211000,11924000
2009/05/12,0,352000,-1481000,-1129000
2009/05/13,0,210000,-1073000,-863000
2009/05/14,0,1116000,-1222000,-106000
2009/05/15,0,190000,-794000,-604000
2009/05/18,0,723000,-793000,-70000
2009/05/19,0,2210000,-435000,1775000
2009/05/20,0,4049000,-1864000,2185000
2009/05/21,0,610000,-5295000,-4685000
2009/05/22,0,3830000,-6371000,-2541000
2009/05/25,0,74000,-1023000,-949000
2009/05/26,0,49000,-8918000,-8869000
2009/05/27,0,1518000,-2690000,-1172000
2009/05/28,0,0,0,0
2009/05/29,0,0,0,0
2009/06/01,0,3516000,-5243000,-1727000
2009/06/02,0,580000,-5205000,-4625000
2009/06/03,0,1672000,-10145098,-8473098
2009/06/04,0,198000,-539000,-341000
2009/06/05,0,1610000,-111550,1498450
2009/06/08,0,200000,-845000,-645000
2009/06/09,0,1507000,-721000,786000
2009/06/10,0,148000,-1226800,-1078800
2009/06/11,0,1863000,-4508000,-2645000
2009/06/12,0,824000,-1778000,-954000
2009/06/15,0,781000,-283000,498000
2009/06/16,0,2165000,-92000,2073000
2009/06/17,0,2780000,-87000,2693000
2009/06/18,0,104000,-82000,22000
2009/06/19,0,193000,-533000,-340000
2009/06/22,0,641000,-158600,482400
2009/06/23,0,0,-569000,-569000
2009/06/24,0,1329000,-497000,832000
2009/06/25,0,9852000,-957000,8895000
2009/06/26,0,6771000,-656000,6115000
2009/06/29,0,3661000,-1906000,1755000
2009/06/30,0,227000,-16000,211000
2009/07/01,0,400000,-94000,306000
2009/07/02,0,2436000,-121000,2315000
2009/07/03,0,1121000,-1231000,-110000
2009/07/06,0,2545000,-370000,2175000
2009/07/07,0,1271000,-740000,531000
2009/07/08,0,315000,-827000,-512000
2009/07/09,0,1334000,-1227000,107000
2009/07/10,0,277000,-1736000,-1459000
2009/07/13,0,404000,-3314000,-2910000
2009/07/14,0,0,-4723000,-4723000
2009/07/15,0,390000,-1225125,-835125
2009/07/16,0,4654000,-263000,4391000
2009/07/17,0,2564000,-526000,2038000
2009/07/20,0,2953000,-1173000,1780000
2009/07/21,0,3904000,-3330000,574000
2009/07/22,0,2852000,-7662000,-4810000
2009/07/23,0,1960000,-943000,1017000
2009/07/24,0,1820000,-835000,985000
2009/07/27,0,1203000,-1000,1202000
2009/07/28,0,367000,-1168000,-801000
2009/07/29,0,266000,-110000,156000
2009/07/30,0,5386450,-509965,4876485
2009/07/31,0,286000,-540000,-254000
2009/08/03,0,12941000,-700000,12241000
2009/08/04,0,41251000,-942000,40309000
2009/08/05,0,7407000,-300000,7107000
2009/08/06,0,26000,-246000,-220000
2009/08/07,0,0,0,0
2009/08/10,0,108000,-573000,-465000
2009/08/11,0,10679000,-1863750,8815250
2009/08/12,0,379000,-687755,-308755
2009/08/13,0,3650000,-582000,3068000
2009/08/14,0,27000,-851000,-824000
2009/08/17,0,5000,-528000,-523000
2009/08/18,0,671000,-438900,232100
2009/08/19,0,118000,-366000,-248000
2009/08/20,0,6320000,-202000,6118000
2009/08/21,0,750000,-432000,318000
2009/08/24,0,325000,-105000,220000
2009/08/25,0,6250,-1165000,-1158750
2009/08/26,0,1396000,-396000,1000000
2009/08/27,0,278000,-1341000,-1063000
2009/08/28,0,275000,-50000,225000
2009/08/31,0,17000,-1527000,-1510000
2009/09/01,0,11973000,-1072000,10901000
2009/09/02,0,9221000,-3252000,5969000
2009/09/03,0,13000,-1083000,-1070000
2009/09/04,0,357000,-4676800,-4319800
2009/09/07,0,39000,-1065000,-1026000
2009/09/08,0,405000,-170000,235000
2009/09/09,0,179000,-801000,-622000
2009/09/10,0,1636000,-528000,1108000
2009/09/11,0,4999000,-2413000,2586000
2009/09/14,0,3435000,-235000,3200000
2009/09/15,0,13729000,-57000,13672000
2009/09/16,0,9083000,-4335000,4748000
2009/09/17,0,612000,-842000,-230000
2009/09/18,0,800000,-421000,379000
2009/09/21,0,1215000,-433000,782000
2009/09/22,0,332000,-469000,-137000
2009/09/23,0,157000,-983000,-826000
2009/09/24,0,297000,-362000,-65000
2009/09/25,0,494000,-513100,-19100
2009/09/28,0,206000,-200000,6000
2009/09/29,0,462000,-247000,215000
2009/09/30,0,696230,-754000,-57770
2009/10/01,0,4356000,-2847000,1509000
2009/10/02,0,4102000,-4038750,63250
2009/10/05,0,3856000,-7897000,-4041000
2009/10/06,0,4972000,-11585000,-6613000
2009/10/07,0,7954000,-2573000,5381000
2009/10/08,0,3995000,-2100200,1894800
2009/10/09,0,5382000,-1945000,3437000
2009/10/12,0,3247000,-206000,3041000
2009/10/13,0,2881000,-2078000,803000
2009/10/14,0,1350000,-986000,364000
2009/10/15,0,1179000,-594000,585000
2009/10/16,0,971000,-357650,613350
2009/10/19,0,181000,-161000,20000
2009/10/20,0,38000,-125000,-87000
2009/10/21,0,3784000,-235000,3549000
2009/10/22,0,5400000,-1354000,4046000
2009/10/23,0,3320000,-10000,3310000
2009/10/26,0,378000,-422000,-44000
2009/10/27,0,383000,-307000,76000
2009/10/28,0,924000,-1050000,-126000
2009/10/29,0,2058000,-517450,1540550
2009/10/30,0,1675000,-1202000,473000
2009/11/02,0,207000,-1045900,-838900
2009/11/03,0,2204000,-430000,1774000
2009/11/04,0,543000,-309000,234000
2009/11/05,0,846000,-372000,474000
2009/11/06,0,800000,-3149000,-2349000
2009/11/09,0,383000,0,383000
2009/11/10,0,410000,-1151,408849
2009/11/11,0,355000,-484000,-129000
2009/11/12,0,431000,-308000,123000
2009/11/13,0,570000,-114000,456000
2009/11/16,0,808000,-2468000,-1660000
2009/11/17,0,4420000,-5032000,-612000
2009/11/18,0,1129000,-566000,563000
2009/11/19,0,302000,-175000,127000
2009/11/20,0,2763000,-2313000,450000
2009/11/23,0,473000,-112950,360050
2009/11/24,0,689000,-690000,-1000
2009/11/25,0,383000,-2482000,-2099000
2009/11/26,0,1723000,-386000,1337000
2009/11/27,0,1133000,-678000,455000
2009/11/30,0,290000,-1007000,-717000
2009/12/01,0,538000,-259300,278700
2009/12/02,0,2094000,-427000,1667000
2009/12/03,0,2571000,-871000,1700000
2009/12/04,0,1555000,-394000,1161000
2009/12/07,0,433000,-766000,-333000
2009/12/08,0,0,-523000,-523000
2009/12/09,0,139000,-724540,-585540
2009/12/10,0,230000,-917000,-687000
2009/12/11,0,145000,-187000,-42000
2009/12/14,0,220000,-1774590,-1554590
2009/12/15,0,1297000,-839450,457550
2009/12/16,0,2571000,-1952000,619000
2009/12/17,0,594000,-1074400,-480400
2009/12/18,0,377000,-561000,-184000
2009/12/21,0,220000,-1158700,-938700
2009/12/22,0,340000,-318000,22000
2009/12/23,0,6611000,-1620000,4991000
2009/12/24,0,6310000,-3396000,2914000
2009/12/25,0,1474000,-428000,1046000
2009/12/28,0,1102000,-3152000,-2050000
2009/12/29,0,1031000,-930000,101000
2009/12/30,0,2158000,-2490930,-332930
2009/12/31,0,6264000,-3269150,2994850
2010/01/01,0,0,0,0
2010/01/04,0,9328000,-181000,9147000
2010/01/05,0,1062000,-2100000,-1038000
2010/01/06,0,927000,-2242000,-1315000
2010/01/07,0,1684000,-5472000,-3788000
2010/01/08,0,984000,-1354000,-370000
2010/01/11,0,20000,-3329000,-3309000
2010/01/12,0,1209000,-1846000,-637000
2010/01/13,0,3445000,-2292000,1153000
2010/01/14,0,6515000,-600000,5915000
2010/01/15,0,6066000,-322000,5744000
2010/01/18,0,4729000,-6023000,-1294000
2010/01/19,0,632000,-977000,-345000
2010/01/20,0,6342000,-5144000,1198000
2010/01/21,0,9259000,-7677000,1582000
2010/01/22,0,9651000,-2960000,6691000
2010/01/25,0,10794000,-4140000,6654000
2010/01/26,0,3277000,-3146000,131000
2010/01/27,0,5910000,-420000,5490000
2010/01/28,0,3563620,-1857000,1706620
2010/01/29,0,3030020,-1652000,1378020
2010/02/01,0,4842000,-2866250,1975750
2010/02/02,0,12508000,-12117000,391000
2010/02/03,0,18787000,-23213000,-4426000
2010/02/04,0,1512000,-559740,952260
2010/02/05,0,1546200,-1776000,-229800
2010/02/08,0,2037378,-1324000,713378
2010/02/09,0,2039000,-512150,1526850
2010/02/10,0,610000,-1780000,-1170000
2010/02/11,0,0,0,0
2010/02/12,0,0,0,0
2010/02/15,0,0,0,0
2010/02/16,0,0,0,0
2010/02/17,0,0,0,0
2010/02/18,0,0,0,0
2010/02/19,0,0,0,0
2010/02/22,0,3881000,-7214000,-3333000
2010/02/23,0,1994000,-4295650,-2301650
2010/02/24,0,2842000,-4789700,-1947700
2010/02/25,0,192000,-3146000,-2954000
2010/02/26,0,2266000,-9446000,-7180000
2010/03/01,0,1120000,-5016000,-3896000
2010/03/02,0,5585000,-11211000,-5626000
2010/03/03,0,4619000,-3015000,1604000
2010/03/04,0,4044000,-3266000,778000
2010/03/05,0,6277000,-7400000,-1123000
2010/03/08,0,8131000,-5817000,2314000
2010/03/09,0,17643000,-5480000,12163000
2010/03/10,0,14156274,-8282000,5874274
2010/03/11,0,2822000,-7840700,-5018700
2010/03/12,0,1696000,-1620550,75450
2010/03/15,0,842000,-3679700,-2837700
2010/03/16,0,1212000,-11257000,-10045000
2010/03/17,0,9047982,-11295000,-2247018
2010/03/18,0,5003000,-9099580,-4096580
2010/03/19,0,5274000,-823150,4450850
2010/03/22,0,13236000,-7454000,5782000
2010/03/23,0,4937000,-3399000,1538000
2010/03/24,0,53000,-1062000,-1009000
2010/03/25,0,5106000,-2192100,2913900
2010/03/26,0,2898000,-239000,2659000
2010/03/29,0,2569000,-142000,2427000
2010/03/30,0,2496000,-151000,2345000
2010/03/31,0,2285000,-4575850,-2290850
2010/04/01,0,2691000,-3416000,-725000
2010/04/02,0,2990000,-3432000,-442000
2010/04/05,0,0,0,0
2010/04/06,0,2608000,-1422000,1186000
2010/04/07,0,14146000,-2353000,11793000
2010/04/08,0,1701000,-5660000,-3959000
2010/04/09,0,7441000,-167000,7274000
2010/04/12,0,836000,-1821000,-985000
2010/04/13,0,3086000,-1005000,2081000
2010/04/14,0,18312000,-26967000,-8655000
2010/04/15,0,14129000,-20377000,-6248000
2010/04/16,0,5788000,-1987500,3800500
2010/04/19,0,157000,-3115000,-2958000
2010/04/20,0,3740000,-2572900,1167100
2010/04/21,0,3123000,-17330000,-14207000
2010/04/22,0,3418000,-8907520,-5489520
2010/04/23,0,63000,-4220000,-4157000
2010/04/26,0,896000,-1071000,-175000
2010/04/27,0,6911000,-5535000,1376000
2010/04/28,0,4433000,-2730000,1703000
2010/04/29,0,2933000,-1512000,1421000
2010/04/30,0,10164000,-4267000,5897000
2010/05/03,0,1045000,-1219000,-174000
2010/05/04,0,2917000,-872000,2045000
2010/05/05,0,386000,-4214000,-3828000
2010/05/06,0,630606,-9228000,-8597394
2010/05/07,0,705000,-5374100,-4669100
2010/05/10,0,7967000,-5286000,2681000
2010/05/11,0,294000,-3223000,-2929000
2010/05/12,0,1189000,-3474000,-2285000
2010/05/13,0,4402000,-618000,3784000
2010/05/14,0,1644000,-588000,1056000
2010/05/17,0,2427000,-2228000,199000
2010/05/18,0,500000,-1808000,-1308000
2010/05/19,0,1816000,-11999000,-10183000
2010/05/20,0,1825000,-4528800,-2703800
2010/05/21,0,3118000,-4506000,-1388000
2010/05/24,0,4687000,-602000,4085000
2010/05/25,0,14535000,-14616000,-81000
2010/05/26,0,5636000,-3675000,1961000
2010/05/27,0,621000,-3654000,-3033000
2010/05/28,0,366000,-766095,-400095
2010/05/31,0,3443000,-527000,2916000
2010/06/01,0,1347000,-403000,944000
2010/06/02,0,1497000,-1029000,468000
2010/06/03,0,6713000,-552000,6161000
2010/06/04,0,3928000,-973000,2955000
2010/06/07,0,4747000,-897000,3850000
2010/06/08,0,6607000,-1222800,5384200
2010/06/09,0,1266000,-3358000,-2092000
2010/06/10,0,1703000,-3533000,-1830000
2010/06/11,0,6964806,-5856000,1108806
2010/06/14,0,2812948,-2113000,699948
2010/06/15,0,523731,-2089000,-1565269
2010/06/16,0,0,0,0
2010/06/17,0,2671744,-1668000,1003744
2010/06/18,0,6900323,-2878000,4022323
2010/06/21,0,4322301,-863100,3459201
2010/06/22,0,3167022,-497000,2670022
2010/06/23,0,855128,-249000,606128
2010/06/24,0,786000,-12304000,-11518000
2010/06/25,0,267432,-3288500,-3021068
2010/06/28,0,1515000,-7933000,-6418000
2010/06/29,0,613000,-5480000,-4867000
2010/06/30,0,681000,-9853000,-9172000
2010/07/01,0,1179000,-14181000,-13002000
2010/07/02,0,1270000,-7127600,-5857600
2010/07/05,0,2142000,-246108,1895892
2010/07/06,0,2067000,-1153000,914000
2010/07/07,0,739000,-5893000,-5154000
2010/07/08,0,3170000,-218000,2952000
2010/07/09,0,1019000,-559000,460000
2010/07/12,0,2330722,-267000,2063722
2010/07/13,0,402000,-1149000,-747000
2010/07/14,0,1193000,-1309000,-116000
2010/07/15,0,869000,-1819000,-950000
2010/07/16,0,2451000,-591000,1860000
2010/07/19,0,1376000,-64000,1312000
2010/07/20,0,1074820,-687000,387820
2010/07/21,0,2493000,-1280000,1213000
2010/07/22,0,22000,-4969000,-4947000
2010/07/23,0,1537000,-11233000,-9696000
2010/07/26,0,1354000,-2284010,-930010
2010/07/27,0,12152000,-1596000,10556000
2010/07/28,0,1626000,-3836000,-2210000
2010/07/29,0,407000,-7135000,-6728000
2010/07/30,0,630000,-5997000,-5367000
2010/08/02,0,859000,-1009000,-150000
2010/08/03,0,1153000,-1208000,-55000
2010/08/04,0,152000,-1321000,-1169000
2010/08/05,0,1270000,-1254000,16000
2010/08/06,0,1802000,-2412000,-610000
2010/08/09,0,448000,-949000,-501000
2010/08/10,0,242000,-1083000,-841000
2010/08/11,0,224000,-1532930,-1308930
2010/08/12,0,1330000,-1928000,-598000
2010/08/13,0,2474000,-637000,1837000
2010/08/16,0,716000,-828000,-112000
2010/08/17,0,966000,-2554000,-1588000
2010/08/18,0,3886000,-3832000,54000
2010/08/19,0,2364000,-1957000,407000
2010/08/20,0,3322000,-1166000,2156000
2010/08/23,0,8481000,-1297000,7184000
2010/08/24,0,403060,-732000,-328940
2010/08/25,0,6172000,-2069000,4103000
2010/08/26,0,2219000,-6257000,-4038000
2010/08/27,0,509000,-332000,177000
2010/08/30,0,451000,-5375000,-4924000
2010/08/31,0,5008000,-4977000,31000
2010/09/01,0,2500000,-7255000,-4755000
2010/09/02,0,739000,-8185900,-7446900
2010/09/03,0,2821000,-2857000,-36000
2010/09/06,0,800000,-1170000,-370000
2010/09/07,0,4551334,-2761000,1790334
2010/09/08,0,176000,-4780000,-4604000
2010/09/09,0,4674000,-1130000,3544000
2010/09/10,0,678000,-4250374,-3572374
2010/09/13,0,1599000,-3701000,-2102000
2010/09/14,0,1307000,-3000,1304000
2010/09/15,0,1388000,-167000,1221000
2010/09/16,0,1905000,-3745000,-1840000
2010/09/17,0,990000,-11771000,-10781000
2010/09/20,0,568000,-4467000,-3899000
2010/09/21,0,989000,-5950000,-4961000
2010/09/22,0,0,0,0
2010/09/23,0,2437403,-3578000,-1140597
2010/09/24,0,4901000,-8725000,-3824000
2010/09/27,0,2404000,-2181000,223000
2010/09/28,0,738000,-124000,614000
2010/09/29,0,1717000,-656000,1061000
2010/09/30,0,2462000,-1384000,1078000
2010/10/01,0,2653000,-718000,1935000
2010/10/04,0,793000,-2542000,-1749000
2010/10/05,0,94000,-712000,-618000
2010/10/06,0,1104000,-97000,1007000
2010/10/07,0,838000,-145000,693000
2010/10/08,0,153000,-208395,-55395
2010/10/11,0,1521000,-225529,1295471
2010/10/12,0,1560000,-314000,1246000
2010/10/13,0,2116000,-5773000,-3657000
2010/10/14,0,747000,-43000,704000
2010/10/15,0,359000,-682000,-323000
2010/10/18,0,117000,-1179000,-1062000
2010/10/19,0,340000,-2318000,-1978000
2010/10/20,0,1823000,-2513000,-690000
2010/10/21,0,56000,-2267000,-2211000
2010/10/22,0,5124000,-841000,4283000
2010/10/25,0,1962000,-2905000,-943000
2010/10/26,0,573000,-1164000,-591000
2010/10/27,0,1617000,-189000,1428000
2010/10/28,0,497000,-165000,332000
2010/10/29,0,330000,-435000,-105000
2010/11/01,0,2222000,-238000,1984000
2010/11/02,0,1955000,-567000,1388000
2010/11/03,0,987000,-1066000,-79000
2010/11/04,0,1323000,-87000,1236000
2010/11/05,0,630000,-384000,246000
2010/11/08,0,6227000,-4866000,1361000
2010/11/09,0,645000,-123000,522000
2010/11/10,0,2941000,-295000,2646000
2010/11/11,0,1333000,-9705000,-8372000
2010/11/12,0,386000,-409000,-23000
2010/11/15,0,240000,-2945000,-2705000
2010/11/16,0,2661000,-1373000,1288000
2010/11/17,0,250000,-2328000,-2078000
2010/11/18,0,837000,-1933000,-1096000
2010/11/19,0,791000,-549000,242000
2010/11/22,0,3032000,-3419000,-387000
2010/11/23,0,4182000,-967937,3214063
2010/11/24,0,6942000,-2698000,4244000
2010/11/25,0,4910000,-2347000,2563000
2010/11/26,0,116000,-91000,25000
2010/11/29,0,1329000,-352000,977000
2010/11/30,0,2127000,-1221000,906000
2010/12/01,0,2257000,-713000,1544000
2010/12/02,0,1365000,-177000,1188000
2010/12/03,0,883000,-1796000,-913000
2010/12/06,0,7782000,-425000,7357000
2010/12/07,0,2899000,-952000,1947000
2010/12/08,0,1440000,-1187000,253000
2010/12/09,0,2865000,-2678000,187000
2010/12/10,0,1341452,-6154000,-4812548
2010/12/13,0,6720000,-11450000,-4730000
2010/12/14,0,4837000,-1831000,3006000
2010/12/15,0,2279300,-1388000,891300
2010/12/16,0,2543000,-54000,2489000
2010/12/17,0,3916000,-3869000,47000
2010/12/20,0,761000,-1824000,-1063000
2010/12/21,0,1400000,-303000,1097000
2010/12/22,0,54000,-1052000,-998000
2010/12/23,0,322000,-4164000,-3842000
2010/12/24,0,69000,-348000,-279000
2010/12/27,0,488000,-5000,483000
2010/12/28,0,1897000,-5611000,-3714000
2010/12/29,0,6350000,-1672000,4678000
2010/12/30,0,4538000,-813000,3725000
2010/12/31,0,721000,-67000,654000
2011/01/03,0,5743000,-1853000,3890000
2011/01/04,0,3696200,-917000,2779200
2011/01/05,0,987000,-4064000,-3077000
2011/01/06,0,897000,-957000,-60000
2011/01/07,0,393000,-1980000,-1587000
2011/01/10,0,427000,-2279000,-1852000
2011/01/11,0,2457000,-639000,1818000
2011/01/12,0,2185000,-50000,2135000
2011/01/13,0,1736697,-187000,1549697
2011/01/14,0,874000,-140000,734000
2011/01/17,0,3076000,-484000,2592000
2011/01/18,0,16411169,-12302000,4109169
2011/01/19,0,6505000,-3769563,2735437
2011/01/20,0,16789000,-4140000,12649000
2011/01/21,0,1817000,-1247000,570000
2011/01/24,0,220000,-2341000,-2121000
2011/01/25,0,12427000,-1298000,11129000
2011/01/26,0,2697000,-7109000,-4412000
2011/01/27,0,2383000,-136000,2247000
2011/01/28,0,1299000,-268000,1031000
2011/01/31,0,0,0,0
2011/02/01,0,0,0,0
2011/02/02,0,0,0,0
2011/02/03,0,0,0,0
2011/02/04,0,0,0,0
2011/02/07,0,0,0,0
2011/02/08,0,2197000,-1859000,338000
2011/02/09,0,963000,-1901000,-938000
2011/02/10,0,4920000,-3178000,1742000
2011/02/11,0,12372000,-2627000,9745000
2011/02/14,0,6334000,-3589000,2745000
2011/02/15,0,7634000,-5252000,2382000
2011/02/16,0,6511000,-836000,5675000
2011/02/17,0,3036000,-3582000,-546000
2011/02/18,0,8118000,-2620000,5498000
2011/02/21,0,4231000,-1890000,2341000
2011/02/22,0,4644000,-1010000,3634000
2011/02/23,0,1860455,-1225000,635455
2011/02/24,0,7220000,-1240000,5980000
2011/02/25,0,2739000,-1859000,880000
2011/02/28,0,0,0,0
2011/03/01,0,3855000,-2024000,1831000
2011/03/02,0,3610000,-2395000,1215000
2011/03/03,0,2883000,-1353000,1530000
2011/03/04,0,2312600,-360000,1952600
2011/03/07,0,1904000,-2151000,-247000
2011/03/08,0,2091000,-2886000,-795000
2011/03/09,0,11358000,-6749752,4608248
2011/03/10,0,10967000,-8073200,2893800
2011/03/11,0,1407000,-4913000,-3506000
2011/03/14,0,7677000,-1476000,6201000
2011/03/15,0,14873000,-3270000,11603000
2011/03/16,0,2332000,-2854000,-522000
2011/03/17,0,499000,-1869000,-1370000
2011/03/18,0,1058000,-6501938,-5443938
2011/03/21,0,2154000,-2338000,-184000
2011/03/22,0,7390000,-1678000,5712000
2011/03/23,0,2899000,-2025000,874000
2011/03/24,0,6664000,-6100251,563749
2011/03/25,0,3749000,-815000,2934000
2011/03/28,0,5683000,-401000,5282000
2011/03/29,0,4452000,-54000,4398000
2011/03/30,0,4532000,-107000,4425000
2011/03/31,0,3919909,-4687000,-767091
2011/04/01,0,3609000,-3250000,359000
2011/04/04,0,0,0,0
2011/04/05,0,0,0,0
2011/04/06,0,0,-81000,-81000
2011/04/07,0,54435000,-2688000,51747000
2011/04/08,0,54695000,-1488000,53207000
2011/04/11,0,14607000,-1106000,13501000
2011/04/12,0,7329000,-948000,6381000
2011/04/13,0,17985000,-5342000,12643000
2011/04/14,0,798000,-321000,477000
2011/04/15,0,12537000,-2722000,9815000
2011/04/18,0,7209000,-556000,6653000
2011/04/19,0,10489000,-11112000,-623000
2011/04/20,0,13569914,-16518000,-2948086
2011/04/21,0,17779000,-7757000,10022000
2011/04/22,0,2569000,-2928000,-359000
2011/04/25,0,4873000,-2586000,2287000
2011/04/26,0,3678842,-940000,2738842
2011/04/27,0,3499000,-30000,3469000
2011/04/28,0,1733000,-355000,1378000
2011/04/29,0,6268512,-4191800,2076712
2011/05/02,0,0,0,0
2011/05/03,0,6885000,-4785000,2100000
2011/05/04,0,2310000,-1986000,324000
2011/05/05,0,9366000,-7032000,2334000
2011/05/06,0,1584000,-4302000,-2718000
2011/05/09,0,22462000,-20565000,1897000
2011/05/10,0,6358000,-8439000,-2081000
2011/05/11,0,3336000,-7666000,-4330000
2011/05/12,0,2398000,-3149000,-751000
2011/05/13,0,5167000,-4815000,352000
2011/05/16,0,19604000,-25246000,-5642000
2011/05/17,0,5318000,-2081000,3237000
2011/05/18,0,5080000,-3274000,1806000
2011/05/19,0,5644000,-16841405,-11197405
2011/05/20,0,4799000,-9123000,-4324000
2011/05/23,0,12869000,-7269000,5600000
2011/05/24,0,5059997,-73000,4986997
2011/05/25,0,9802000,-5223000,4579000
2011/05/26,0,683000,-1102817,-419817
2011/05/27,0,4642000,-5040000,-398000
2011/05/30,0,3973000,-7144000,-3171000
2011/05/31,0,8026000,-8245000,-219000
2011/06/01,0,4081000,-2510895,1570105
2011/06/02,0,10385000,-13044000,-2659000
2011/06/03,0,6153000,-5000000,1153000
2011/06/06,0,0,0,0
2011/06/07,0,3643895,-1574000,2069895
2011/06/08,0,5323000,-2891000,2432000
2011/06/09,0,1227000,-521000,706000
2011/06/10,0,2603000,-1622000,981000
2011/06/13,0,3093000,-100000,2993000
2011/06/14,0,25189000,-24052000,1137000
2011/06/15,0,15279000,-10303000,4976000
2011/06/16,0,11493000,-4562000,6931000
2011/06/17,0,25070566,-15815000,9255566
2011/06/20,0,8319000,-5854000,2465000
2011/06/21,0,11503000,-9807000,1696000
2011/06/22,0,4376000,-7470000,-3094000
2011/06/23,0,5691000,-32581000,-26890000
2011/06/24,0,21185000,-71284000,-50099000
2011/06/27,0,19980000,-12061000,7919000
2011/06/28,0,15511000,-5733000,9778000
2011/06/29,0,26100000,-7318000,18782000
2011/06/30,0,21040000,-11722000,9318000
2011/07/01,0,3553000,-3989000,-436000
2011/07/04,0,8759000,-11160000,-2401000
2011/07/05,0,5041000,-7789000,-2748000
2011/07/06,0,22429017,-18070000,4359017
2011/07/07,0,5025625,-6156000,-1130375
2011/07/08,0,15714205,-13603000,2111205
2011/07/11,0,3452195,-1571000,1881195
2011/07/12,0,7837719,-7848000,-10281
2011/07/13,0,4189575,-6495000,-2305425
2011/07/14,0,662449,-9162000,-8499551
2011/07/15,0,3192000,-39247000,-36055000
2011/07/18,0,17511369,-12044000,5467369
2011/07/19,0,10950000,-7088000,3862000
2011/07/20,0,1671835,-1924000,-252165
2011/07/21,0,2481905,-2283000,198905
2011/07/22,0,2328821,-3535000,-1206179
2011/07/25,0,62000,-158000,-96000
2011/07/26,0,1513976,-283000,1230976
2011/07/27,0,3085632,-1473000,1612632
2011/07/28,0,3710436,-373000,3337436
2011/07/29,0,12853170,-4426000,8427170
2011/08/01,0,4653000,-2746000,1907000
2011/08/02,0,2634126,-1896000,738126
2011/08/03,0,4303869,-463000,3840869
2011/08/04,0,2221448,-962000,1259448
2011/08/05,0,7882392,-3339000,4543392
2011/08/08,0,3616514,-7668000,-4051486
2011/08/09,0,7636000,-4168000,3468000
2011/08/10,0,1698001,-7165000,-5466999
2011/08/11,0,2157000,-1196000,961000
2011/08/12,0,943000,-7463000,-6520000
2011/08/15,0,564000,-1507000,-943000
2011/08/16,0,966000,-2786000,-1820000
2011/08/17,0,3644265,-3859000,-214735
2011/08/18,0,832547,-3913000,-3080453
2011/08/19,0,5174015,-2136000,3038015
2011/08/22,0,3800597,-3266000,534597
2011/08/23,0,2588000,-6047000,-3459000
2011/08/24,0,630774,-10868000,-10237226
2011/08/25,0,569608,-2046469,-1476861
2011/08/26,0,2704613,-1988000,716613
2011/08/29,0,1721000,-4669000,-2948000
2011/08/30,0,4310913,-15769000,-11458087
2011/08/31,0,4813592,-4421000,392592
2011/09/01,0,2559915,-5427000,-2867085
2011/09/02,0,2131046,-701000,1430046
2011/09/05,0,2362000,-2368000,-6000
2011/09/06,0,1382525,-1545000,-162475
2011/09/07,0,2476953,-4550000,-2073047
2011/09/08,0,3233993,-846000,2387993
2011/09/09,0,1072000,-1422733,-350733
2011/09/12,0,0,0,0
2011/09/13,0,2623466,-826000,1797466
2011/09/14,0,4437974,-1151000,3286974
2011/09/15,0,2846000,-1987000,859000
2011/09/16,0,7501000,-7518000,-17000
2011/09/19,0,1266391,-1703000,-436609
2011/09/20,0,1498000,-2674000,-1176000
2011/09/21,0,1950684,-2596000,-645316
2011/09/22,0,2303000,-4307000,-2004000
2011/09/23,0,1280969,-3353000,-2072031
2011/09/26,0,538953,-3509000,-2970047
2011/09/27,0,550024,-272000,278024
2011/09/28,0,95182,-1234000,-1138818
2011/09/29,0,265639,-921000,-655361
2011/09/30,0,897000,-722000,175000
2011/10/03,0,513065,-873000,-359935
2011/10/04,0,812000,-1344000,-532000
2011/10/05,0,898000,-1222000,-324000
2011/10/06,0,1563000,-1495000,68000
2011/10/07,0,3101000,-182000,2919000
2011/10/10,0,0,0,0
2011/10/11,0,6039092,-2135000,3904092
2011/10/12,0,2948000,-1035000,1913000
2011/10/13,0,2104013,-1385000,719013
2011/10/14,0,1125202,-72000,1053202
2011/10/17,0,807605,-108000,699605
2011/10/18,0,436928,-252000,184928
2011/10/19,0,1002587,-433000,569587
2011/10/20,0,1442116,-1233000,209116
2011/10/21,0,989734,-652000,337734
2011/10/24,0,2280996,-1085000,1195996
2011/10/25,0,3113272,-1682000,1431272
2011/10/26,0,2304000,-1400000,904000
2011/10/27,0,397000,-1452000,-1055000
2011/10/28,0,1630000,-1585000,45000
2011/10/31,0,1115000,-695000,420000
2011/11/01,0,637000,-596000,41000
2011/11/02,0,3136000,-1130000,2006000
2011/11/03,0,2139578,-1058000,1081578
2011/11/04,0,419000,-3829000,-3410000
2011/11/07,0,1593000,-2431000,-838000
2011/11/08,0,1591000,-331000,1260000
2011/11/09,0,361000,-668000,-307000
2011/11/10,0,680000,-1138393,-458393
2011/11/11,0,481000,-682000,-201000
2011/11/14,0,889000,-14000,875000
2011/11/15,0,491000,-377000,114000
2011/11/16,0,303000,-636000,-333000
2011/11/17,0,241000,-421525,-180525
2011/11/18,0,670000,-1783000,-1113000
2011/11/21,0,792000,-888000,-96000
2011/11/22,0,774000,-931000,-157000
2011/11/23,0,976000,-692000,284000
2011/11/24,0,818000,-1381000,-563000
2011/11/25,0,1467000,-1017000,450000
2011/11/28,0,95000,-164000,-69000
2011/11/29,0,451000,-565000,-114000
2011/11/30,0,2024000,-1272166,751834
2011/12/01,0,870000,-1636000,-766000
2011/12/02,0,1674000,-996000,678000
2011/12/05,0,805000,-903000,-98000
2011/12/06,0,1014000,-586000,428000
2011/12/07,0,1880000,-4178000,-2298000
2011/12/08,0,96000,-2306000,-2210000
2011/12/09,0,1303000,-2120000,-817000
2011/12/12,0,879000,-1058000,-179000
2011/12/13,0,21000,-976000,-955000
2011/12/14,0,370000,-1531415,-1161415
2011/12/15,0,249000,-1802000,-1553000
2011/12/16,0,610000,-2903000,-2293000
2011/12/19,0,48000,-2174000,-2126000
2011/12/20,0,508000,-883000,-375000
2011/12/21,0,804000,-2050000,-1246000
2011/12/22,0,952000,-1376000,-424000
2011/12/23,0,2166000,-3452000,-1286000
2011/12/26,0,302000,-469000,-167000
2011/12/27,0,1389000,-969000,420000
2011/12/28,0,251000,-1080000,-829000
2011/12/29,0,265000,-440000,-175000
2011/12/30,0,139000,-349000,-210000
2012/01/02,0,231000,-68000,163000
2012/01/03,0,4052000,-6558738,-2506738
2012/01/04,0,3479000,-4875000,-1396000
2012/01/05,0,452000,-1127000,-675000
2012/01/06,0,391000,-2089000,-1698000
2012/01/09,0,599000,-304000,295000
2012/01/10,0,888000,-2261000,-1373000
2012/01/11,0,618000,-4273115,-3655115
2012/01/12,0,602000,-4162000,-3560000
2012/01/13,0,925000,-4840000,-3915000
2012/01/16,0,34000,-2299200,-2265200
2012/01/17,0,539000,-3446000,-2907000
2012/01/18,0,3533000,-8760000,-5227000
2012/01/19,0,0,0,0
2012/01/20,0,0,0,0
2012/01/23,0,0,0,0
2012/01/24,0,0,0,0
2012/01/25,0,0,0,0
2012/01/26,0,0,0,0
2012/01/27,0,0,0,0
2012/01/30,0,18010000,-11505000,6505000
2012/01/31,0,23323966,-15272000,8051966
2012/02/01,0,4655000,-1369000,3286000
2012/02/02,0,7102000,-2461000,4641000
2012/02/03,0,1942000,-1852000,90000
2012/02/06,0,779000,-1763000,-984000
2012/02/07,0,582000,-1799564,-1217564
2012/02/08,0,1045000,-291000,754000
2012/02/09,0,3826000,-2181000,1645000
2012/02/10,0,149000,-1167000,-1018000
2012/02/13,0,1587000,-1023000,564000
2012/02/14,0,289862,-1408000,-1118138
2012/02/15,0,965810,-138000,827810
2012/02/16,0,629000,-540000,89000
2012/02/17,0,506000,-2046000,-1540000
2012/02/20,0,769000,-3989000,-3220000
2012/02/21,0,520000,-1001000,-481000
2012/02/22,0,1285000,-690000,595000
2012/02/23,0,623000,-1351000,-728000
2012/02/24,0,2431000,-2007000,424000
2012/02/27,0,0,0,0
2012/02/28,0,0,0,0
2012/02/29,0,4176220,-3524000,652220
2012/03/01,0,4523000,-13273000,-8750000
2012/03/02,0,2176000,-282000,1894000
2012/03/05,0,8207000,-4260000,3947000
2012/03/06,0,2746000,-2885000,-139000
2012/03/07,0,877000,-271000,606000
2012/03/08,0,460000,-982000,-522000
2012/03/09,0,1024000,-680000,344000
2012/03/12,0,330000,-502000,-172000
2012/03/13,0,1265000,-498000,767000
2012/03/14,0,4239000,-1046000,3193000
2012/03/15,0,2534000,-610715,1923285
2012/03/16,0,3107000,-942000,2165000
2012/03/19,0,1126000,-1845000,-719000
2012/03/20,0,898000,-762000,136000
2012/03/21,0,535000,-470000,65000
2012/03/22,0,428000,-379000,49000
2012/03/23,0,1205000,-53000,1152000
2012/03/26,0,887000,-249000,638000
2012/03/27,0,1015000,-628000,387000
2012/03/28,0,699000,-1060000,-361000
2012/03/29,0,499000,-144000,355000
2012/03/30,0,1788625,-6535000,-4746375
2012/04/02,0,840000,-1500000,-660000
2012/04/03,0,2621000,-1935432,685568
2012/04/04,0,0,0,0
2012/04/05,0,712000,-1827000,-1115000
2012/04/06,0,92000,-1638000,-1546000
2012/04/09,0,174000,-1179000,-1005000
2012/04/10,0,1028000,-985000,43000
2012/04/11,0,1312000,-1133400,178600
2012/04/12,0,316077,-968000,-651923
2012/04/13,0,449000,-254000,195000
2012/04/16,0,309000,-869000,-560000
2012/04/17,0,674000,-1697443,-1023443
2012/04/18,0,208000,-1722000,-1514000
2012/04/19,0,1387000,-206000,1181000
2012/04/20,0,531000,-406000,125000
2012/04/23,0,207000,-1507000,-1300000
2012/04/24,0,759000,-1869000,-1110000
2012/04/25,0,835000,-1959000,-1124000
2012/04/26,0,1006000,-1289000,-283000
2012/04/27,0,366000,-700626,-334626
2012/04/30,0,335000,-132000,203000
2012/05/01,0,0,0,0
2012/05/02,0,2379000,-2953000,-574000
2012/05/03,0,432000,-1422000,-990000
2012/05/04,0,1250000,-1063000,187000
2012/05/07,0,2116000,-7563000,-5447000
2012/05/08,0,117000,-419000,-302000
2012/05/09,0,286000,-750000,-464000
2012/05/10,0,1247040,-2124000,-876960
2012/05/11,0,1843223,-2446000,-602777
2012/05/14,0,387000,-130000,257000
2012/05/15,0,416000,-220000,196000
2012/05/16,0,957000,-614000,343000
2012/05/17,0,585000,-247000,338000
2012/05/18,0,533000,-738000,-205000
2012/05/21,0,164000,-172000,-8000
2012/05/22,0,184000,-45016000,-44832000
2012/05/23,0,537000,-1592000,-1055000
2012/05/24,0,895000,-1243000,-348000
2012/05/25,0,104000,-544000,-440000
2012/05/28,0,1269000,-1478000,-209000
2012/05/29,0,539000,-67000,472000
2012/05/30,0,1043000,-552000,491000
2012/05/31,0,2470000,-1557130,912870
2012/06/01,0,1477000,-1501000,-24000
2012/06/04,0,1484000,-725903,758097
2012/06/05,0,1138000,-1056000,82000
2012/06/06,0,1914000,-1703000,211000
2012/06/07,0,1116759,-219000,897759
2012/06/08,0,1672684,-441243,1231441
2012/06/11,0,224256,-1359000,-1134744
2012/06/12,0,172000,-1010000,-838000
2012/06/13,0,394960,-1249000,-854040
2012/06/14,0,432668,-1148000,-715332
2012/06/15,0,842500,-766000,76500
2012/06/18,0,384456,-6000,378456
2012/06/19,0,551998,-919000,-367002
2012/06/20,0,603641,-931000,-327359
2012/06/21,0,494595,-1352000,-857405
2012/06/22,0,715275,-1430000,-714725
2012/06/25,0,447000,-734000,-287000
2012/06/26,0,398000,-947000,-549000
2012/06/27,0,978000,-1370000,-392000
2012/06/28,0,722619,-566000,156619
2012/06/29,0,2602618,-1981000,621618
2012/07/02,0,356000,-595000,-239000
2012/07/03,0,1605000,-9705000,-8100000
2012/07/04,0,661580,-1640000,-978420
2012/07/05,0,418000,-372000,46000
2012/07/06,0,246000,-40000,206000
2012/07/09,0,342000,-1025000,-683000
2012/07/10,0,579000,-643000,-64000
2012/07/11,0,106000,-992000,-886000
2012/07/12,0,118000,-512000,-394000
2012/07/13,0,340449,-643000,-302551
2012/07/16,0,175000,-2795707,-2620707
2012/07/17,0,27000,-115000,-88000
2012/07/18,0,122000,-28000,94000
2012/07/19,0,344000,-684000,-340000
2012/07/20,0,47000,-482000,-435000
2012/07/23,0,9554,-218000,-208446
2012/07/24,0,176000,-641985,-465985
2012/07/25,0,144000,-1534000,-1390000
2012/07/26,0,91000,-2091000,-2000000
2012/07/27,0,0,-540000,-540000
2012/07/30,0,11000,-284000,-273000
2012/07/31,0,2359000,-3982869,-1623869
2012/08/01,0,1606000,-1347000,259000
2012/08/02,0,0,0,0
2012/08/03,0,585000,-585000,0
2012/08/06,0,380000,-182000,198000
2012/08/07,0,419000,-322000,97000
2012/08/08,0,326000,-526000,-200000
2012/08/09,0,949000,-301000,648000
2012/08/10,0,768000,-239000,529000
2012/08/13,0,444000,-85000,359000
2012/08/14,0,462000,-317000,145000
2012/08/15,0,1284000,-344000,940000
2012/08/16,0,1102000,-3573000,-2471000
2012/08/17,0,2559000,-1865000,694000
2012/08/20,0,270000,-2402000,-2132000
2012/08/21,0,358000,-768000,-410000
2012/08/22,0,985000,-1959000,-974000
2012/08/23,0,149000,-107000,42000
2012/08/24,0,300000,-2604900,-2304900
2012/08/27,0,56000,-115000,-59000
2012/08/28,0,208000,-248000,-40000
2012/08/29,0,457000,-367000,90000
2012/08/30,0,1817000,-1255000,562000
2012/08/31,0,619086,-420000,199086
2012/09/03,0,94000,-859000,-765000
2012/09/04,0,1071000,-1435000,-364000
2012/09/05,0,1156000,-1532000,-376000
2012/09/06,0,1637949,-1376000,261949
2012/09/07,0,471243,-1122000,-650757
2012/09/10,0,310000,-421000,-111000
2012/09/11,0,39000,-425000,-386000
2012/09/12,0,204000,-531000,-327000
2012/09/13,0,312000,-1213000,-901000
2012/09/14,0,1694000,-1429000,265000
2012/09/17,0,689000,-2929000,-2240000
2012/09/18,0,283000,-2061805,-1778805
2012/09/19,0,3095000,-3228000,-133000
2012/09/20,0,1141000,-1517000,-376000
2012/09/21,0,1642328,-1130000,512328
2012/09/24,0,311000,-1007000,-696000
2012/09/25,0,113000,-391000,-278000
2012/09/26,0,215000,-1153000,-938000
2012/09/27,0,598000,-58000,540000
2012/09/28,0,498000,-374000,124000
2012/10/01,0,305000,-261000,44000
2012/10/02,0,117000,-834000,-717000
2012/10/03,0,351000,-273000,78000
2012/10/04,0,276000,-466000,-190000
2012/10/05,0,139000,-535000,-396000
2012/10/08,0,439000,-1530000,-1091000
2012/10/09,0,750000,-859998,-109998
2012/10/10,0,0,0,0
2012/10/11,0,118000,-1034000,-916000
2012/10/12,0,97000,-1839000,-1742000
2012/10/15,0,35000,-430000,-395000
2012/10/16,0,331000,-1161000,-830000
2012/10/17,0,421000,-975000,-554000
2012/10/18,0,737000,-6816800,-6079800
2012/10/19,0,38000,-568000,-530000
2012/10/22,0,24000,-385971,-361971
2012/10/23,0,10000,-619000,-609000
2012/10/24,0,45000,-208000,-163000
2012/10/25,0,65000,-766000,-701000
2012/10/26,0,624000,-901000,-277000
2012/10/29,0,192000,-264000,-72000
2012/10/30,0,739000,-177000,562000
2012/10/31,0,1170000,-749000,421000
2012/11/01,0,313000,-346000,-33000
2012/11/02,0,210000,-3076000,-2866000
2012/11/05,0,563000,-2024000,-1461000
2012/11/06,0,549000,-595000,-46000
2012/11/07,0,217000,-558000,-341000
2012/11/08,0,255000,-121000,134000
2012/11/09,0,223000,-260000,-37000
2012/11/12,0,60000,-200000,-140000
2012/11/13,0,989000,-378000,611000
2012/11/14,0,840000,-197000,643000
2012/11/15,0,1214000,-96000,1118000
2012/11/16,0,568000,-1130000,-562000
2012/11/19,0,416000,-804000,-388000
2012/11/20,0,691000,-46000,645000
2012/11/21,0,511000,-646000,-135000
2012/11/22,0,13000,-76000,-63000
2012/11/23,0,365000,-8000,357000
2012/11/26,0,355000,-7000,348000
2012/11/27,0,133000,-83000,50000
2012/11/28,0,367000,-388000,-21000
2012/11/29,0,514000,-104000,410000
2012/11/30,0,1431000,-4558000,-3127000
2012/12/03,0,706000,-2320000,-1614000
2012/12/04,0,651000,-322000,329000
2012/12/05,0,453000,-109000,344000
2012/12/06,0,1582000,-288000,1294000
2012/12/07,0,1708000,-53494,1654506
2012/12/10,0,133000,-731000,-598000
2012/12/11,0,325000,-1003000,-678000
2012/12/12,0,1204000,-1102000,102000
2012/12/13,0,1270000,-83500,1186500
2012/12/14,0,1634000,-156000,1478000
2012/12/17,0,993000,-960000,33000
2012/12/18,0,1471000,-879000,592000
2012/12/19,0,1575000,-513000,1062000
2012/12/20,0,590000,-412000,178000
2012/12/21,0,922000,-552000,370000
2012/12/24,0,596000,-8000,588000
2012/12/25,0,601000,-21000,580000
2012/12/26,0,715000,-9000,706000
2012/12/27,0,588234,-532000,56234
2012/12/28,0,4271000,-3719000,552000
2012/12/31,0,0,0,0
2013/01/01,0,0,0,0
2013/01/02,0,1000300,-850000,150300
2013/01/03,0,1166000,-667000,499000
2013/01/04,0,1962000,-620000,1342000
2013/01/07,0,1410000,-444000,966000
2013/01/08,0,1252000,-689000,563000
2013/01/09,0,2147000,-1503000,644000
2013/01/10,0,1772000,-3620606,-1848606
2013/01/11,0,1966000,-962000,1004000
2013/01/14,0,545000,-1037000,-492000
2013/01/15,0,511000,-793000,-282000
2013/01/16,0,925000,-918000,7000
2013/01/17,0,1071000,-627000,444000
2013/01/18,0,1383000,-105000,1278000
2013/01/21,0,736000,-616000,120000
2013/01/22,0,272000,-218000,54000
2013/01/23,0,581000,-965000,-384000
2013/01/24,0,611000,-1726000,-1115000
2013/01/25,0,245000,-389000,-144000
2013/01/28,0,165000,-1000,164000
2013/01/29,0,500000,-5000,495000
2013/01/30,0,858000,-1484000,-626000
2013/01/31,0,1245000,-3342000,-2097000
2013/02/01,0,933000,-330000,603000
2013/02/04,0,271000,0,271000
2013/02/05,0,1298000,-245000,1053000
2013/02/06,0,1563000,-120000,1443000
2013/02/07,0,0,0,0
2013/02/08,0,0,0,0
2013/02/11,0,0,0,0
2013/02/12,0,0,0,0
2013/02/13,0,0,0,0
2013/02/14,0,0,0,0
2013/02/15,0,0,0,0
2013/02/18,0,423000,-773000,-350000
2013/02/19,0,1064000,-1162000,-98000
2013/02/20,0,432000,-568000,-136000
2013/02/21,0,225000,-321000,-96000
2013/02/22,0,624000,-80000,544000
2013/02/25,0,738000,-304000,434000
2013/02/26,0,289000,-407000,-118000
2013/02/27,0,252000,-340000,-88000
2013/02/28,0,0,0,0
2013/03/01,0,1486300,-1086000,400300
2013/03/04,0,926000,-2720000,-1794000
2013/03/05,0,772000,-3205000,-2433000
2013/03/06,0,708000,-2120000,-1412000
2013/03/07,0,1178000,-1462000,-284000
2013/03/08,0,1569000,-2019000,-450000
2013/03/11,0,1347000,-2652000,-1305000
2013/03/12,0,2250000,-4536000,-2286000
2013/03/13,0,1562000,-511000,1051000
2013/03/14,0,936000,-689000,247000
2013/03/15,0,2754000,-984000,1770000
2013/03/18,0,149000,-963555,-814555
2013/03/19,0,924000,-153000,771000
2013/03/20,0,385000,-482000,-97000
2013/03/21,0,994000,-136000,858000
2013/03/22,0,371000,-103638,267362
2013/03/25,0,83000,-4000,79000
2013/03/26,0,393000,-76000,317000
2013/03/27,0,573000,-7000,566000
2013/03/28,0,1153000,-747000,406000
2013/03/29,0,0,-129000,-129000
2013/04/01,0,90000,-187000,-97000
2013/04/02,0,314000,-38000,276000
2013/04/03,0,677000,-625000,52000
2013/04/04,0,0,0,0
2013/04/05,0,0,0,0
2013/04/08,0,5117000,-4223000,894000
2013/04/09,0,1276000,-470000,806000
2013/04/10,0,575000,-422000,153000
2013/04/11,0,542000,-496000,46000
2013/04/12,0,514000,-341000,173000
2013/04/15,0,313000,-119000,194000
2013/04/16,0,470000,-115000,355000
2013/04/17,0,640400,-593000,47400
2013/04/18,0,477500,-122000,355500
2013/04/19,0,278800,-62000,216800
2013/04/22,0,289200,-101000,188200
2013/04/23,0,542000,-181000,361000
2013/04/24,0,558000,-155000,403000
2013/04/25,0,652300,-690000,-37700
2013/04/26,0,429400,-131000,298400
2013/04/29,0,212000,-19000,193000
2013/04/30,0,834800,-711000,123800
2013/05/01,0,0,0,0
2013/05/02,0,617000,-654000,-37000
2013/05/03,0,1235000,-651000,584000
2013/05/06,0,9190000,-18020000,-8830000
2013/05/07,0,9804300,-10258549,-454249
2013/05/08,0,1701968,-11000,1690968
2013/05/09,0,2005300,-1336,2003964
2013/05/10,0,1191000,0,1191000
2013/05/13,0,1965600,-52000,1913600
2013/05/14,0,1247000,-780000,467000
2013/05/15,0,1698127,-1096000,602127
2013/05/16,0,2261000,-739000,1522000
2013/05/17,0,988000,0,988000
2013/05/20,0,1428000,-1355000,73000
2013/05/21,0,2656000,-2405000,251000
2013/05/22,0,3053000,-2677000,376000
2013/05/23,0,8569000,-7695573,873427
2013/05/24,0,806000,-90000,716000
2013/05/27,0,1481000,-1212000,269000
2013/05/28,0,384000,-358000,26000
2013/05/29,0,1638000,-1857000,-219000
2013/05/30,0,552000,-174000,378000
2013/05/31,0,2468000,-1859782,608218
2013/06/03,0,349000,-515000,-166000
2013/06/04,0,875000,-693000,182000
2013/06/05,0,306000,-316000,-10000
2013/06/06,0,330000,-471000,-141000
2013/06/07,0,1664000,-558000,1106000
2013/06/10,0,318000,-389427,-71427
2013/06/11,0,830000,-498000,332000
2013/06/12,0,0,0,0
2013/06/13,0,1072000,-892000,180000
2013/06/14,0,1849000,-313000,1536000
2013/06/17,0,2250000,-1336000,914000
2013/06/18,0,5219000,-266000,4953000
2013/06/19,0,557000,-1580000,-1023000
2013/06/20,0,288000,-976000,-688000
2013/06/21,0,832000,-1989110,-1157110
2013/06/24,0,736000,-678000,58000
2013/06/25,0,293000,-352000,-59000
2013/06/26,0,1223000,-332000,891000
2013/06/27,0,610000,-139000,471000
2013/06/28,0,2143000,-1717000,426000
2013/07/01,0,1112000,-140000,972000
2013/07/02,0,108000,-229000,-121000
2013/07/03,0,455000,-690800,-235800
2013/07/04,0,244000,0,244000
2013/07/05,0,195000,-573000,-378000
2013/07/08,0,368000,-1244000,-876000
2013/07/09,0,58000,-742000,-684000
2013/07/10,0,188600,-453000,-264400
2013/07/11,0,205000,-528000,-323000
2013/07/12,0,171000,-643000,-472000
2013/07/15,0,463000,-1248000,-785000
2013/07/16,0,453000,-581000,-128000
2013/07/17,0,579000,-390000,189000
2013/07/18,0,1828000,-1102524,725476
2013/07/19,0,582000,-616000,-34000
2013/07/22,0,0,-551000,-551000
2013/07/23,0,283000,-257000,26000
2013/07/24,0,800730,-1679000,-878270
2013/07/25,0,107000,-193000,-86000
2013/07/26,0,38000,-85000,-47000
2013/07/29,0,614000,-1687000,-1073000
2013/07/30,0,1313000,-1353000,-40000
2013/07/31,0,696000,-355000,341000
2013/08/01,0,313000,-166000,147000
2013/08/02,0,691000,-675000,16000
2013/08/05,0,233000,-1215000,-982000
2013/08/06,0,74000,-692000,-618000
2013/08/07,0,594000,-237000,357000
2013/08/08,0,977160,-627000,350160
2013/08/09,0,304000,-1160000,-856000
2013/08/12,0,120000,-152318,-32318
2013/08/13,0,132000,-165000,-33000
2013/08/14,0,170000,-8000,162000
2013/08/15,0,73000,-95000,-22000
2013/08/16,0,325000,-732200,-407200
2013/08/19,0,857000,-589000,268000
2013/08/20,0,67000,-696000,-629000
2013/08/21,0,0,0,0
2013/08/22,0,532000,-1530000,-998000
2013/08/23,0,638000,-757476,-119476
2013/08/26,0,854000,-306000,548000
2013/08/27,0,388000,-342000,46000
2013/08/28,0,779000,-838000,-59000
2013/08/29,0,272000,-604178,-332178
2013/08/30,0,478000,-558000,-80000
2013/09/02,0,2348000,-788000,1560000
2013/09/03,0,2074000,-544000,1530000
2013/09/04,0,445000,-194000,251000
2013/09/05,0,0,0,0
2013/09/06,0,0,0,0
2013/09/09,0,0,0,0
2013/09/10,0,0,0,0
2013/09/11,0,0,0,0
2013/09/12,0,0,0,0
2013/09/13,0,0,0,0
2013/09/16,0,0,0,0
2013/09/17,0,0,0,0
2013/09/18,0,320000,-2454000,-2134000
2013/09/19,0,0,0,0
2013/09/20,0,0,0,0
2013/09/23,0,798000,-1650500,-852500
2013/09/24,0,3804000,-1971254,1832746
2013/09/25,0,1431000,-935000,496000
2013/09/26,0,3584000,-1245100,2338900
2013/09/27,0,1807000,-2778800,-971800
2013/09/30,0,892000,-409000,483000
2013/10/01,0,749000,-471000,278000
2013/10/02,0,1023000,-883000,140000
2013/10/03,0,791000,0,791000
2013/10/04,0,538000,0,538000
2013/10/07,0,590000,-197000,393000
2013/10/08,0,594000,-363000,231000
2013/10/09,0,254000,-284000,-30000
2013/10/10,0,0,0,0
2013/10/11,0,2428199,-78000,2350199
2013/10/14,0,1258000,-57000,1201000
2013/10/15,0,1510600,-830000,680600
2013/10/16,0,95000,-38000,57000
2013/10/17,0,460000,-922000,-462000
2013/10/18,0,561000,-789000,-228000
2013/10/21,0,242000,-500000,-258000
2013/10/22,0,352000,-1697000,-1345000
2013/10/23,0,751000,-1777200,-1026200
2013/10/24,0,256000,-146000,110000
2013/10/25,0,168000,-350000,-182000
2013/10/28,0,442000,-888000,-446000
2013/10/29,0,320000,-899000,-579000
2013/10/30,0,294000,-228765,65235
2013/10/31,0,192000,-504000,-312000
2013/11/01,0,405000,-1234000,-829000
2013/11/04,0,197654,-1537100,-1339446
2013/11/05,0,293000,-1682000,-1389000
2013/11/06,0,407900,-1826000,-1418100
2013/11/07,0,504000,-1205000,-701000
2013/11/08,0,609000,-1128000,-519000
2013/11/11,0,335000,-4758100,-4423100
2013/11/12,0,447000,-1041000,-594000
2013/11/13,0,469000,-1824000,-1355000
2013/11/14,0,762000,-1490669,-728669
2013/11/15,0,76086,-109165,-33079
2013/11/18,0,44000,-17000,27000
2013/11/19,0,361000,-16000,345000
2013/11/20,0,58000,-25000,33000
2013/11/21,0,378828,-165000,213828
2013/11/22,0,25000,-454100,-429100
2013/11/25,0,117000,-973000,-856000
2013/11/26,0,328000,-26244,301756
2013/11/27,0,106000,-47000,59000
2013/11/28,0,332000,-18000,314000
2013/11/29,0,331000,-8000,323000
2013/12/02,0,608000,-338000,270000
2013/12/03,0,1038914,-24600,1014314
2013/12/04,0,295022,-98000,197022
2013/12/05,0,595000,-115000,480000
2013/12/06,0,214978,-124000,90978
2013/12/09,0,236000,-145000,91000
2013/12/10,0,823000,-188000,635000
2013/12/11,0,229000,-92000,137000
2013/12/12,0,318900,-1202000,-883100
2013/12/13,0,470000,-485000,-15000
2013/12/16,0,183932,-1723000,-1539068
2013/12/17,0,1305000,-1205000,100000
2013/12/18,0,1704001,-1106000,598001
2013/12/19,0,572000,-500,571500
2013/12/20,0,1609301,-772800,836501
2013/12/23,0,451000,0,451000
2013/12/24,0,257000,-113000,144000
2013/12/25,0,137000,-33000,104000
2013/12/26,0,331437,0,331437
2013/12/27,0,284000,-3000,281000
2013/12/30,0,365000,-1,364999
2013/12/31,0,110000,-5000,105000
2014/01/02,0,59000,-55000,4000
2014/01/03,0,48000,-4282000,-4234000
2014/01/06,0,78000,-1356300,-1278300
2014/01/07,0,360000,-1110400,-750400
2014/01/08,0,818000,-1839200,-1021200
2014/01/09,0,259000,-297000,-38000
2014/01/10,0,521000,-395000,126000
2014/01/13,0,215000,-421000,-206000
2014/01/14,0,830000,-442600,387400
2014/01/15,0,1010000,-396000,614000
2014/01/16,0,862000,-880500,-18500
2014/01/17,0,25000,-120000,-95000
2014/01/20,0,363000,-220300,142700
2014/01/21,0,322000,-402500,-80500
2014/01/22,0,991000,-2118600,-1127600
2014/01/23,0,157042,-498000,-340958
2014/01/24,0,143000,-191000,-48000
2014/01/27,0,1270021,-224500,1045521
2014/02/05,0,2553000,-1737600,815400
2014/02/06,0,2794000,-723000,2071000
2014/02/07,0,690000,-1704000,-1014000
2014/02/10,0,508000,-1472900,-964900
2014/02/11,0,534000,-1075900,-541900
2014/02/12,0,785000,-1917300,-1132300
2014/02/13,0,2488000,-1410000,1078000
2014/02/14,0,1757000,-718000,1039000
2014/02/17,0,661000,-272000,389000
2014/02/18,0,538000,-795000,-257000
2014/02/19,0,1223000,-1086000,137000
2014/02/20,0,1913000,-755000,1158000
2014/02/21,0,4285000,-903000,3382000
2014/02/24,0,2064000,-1563000,501000
2014/02/25,0,762263,-156000,606263
2014/02/26,0,4536000,-1346800,3189200
2014/02/27,0,1343000,-483000,860000
2014/03/03,0,698000,-1318600,-620600
2014/03/04,0,2267000,-1519000,748000
2014/03/05,0,2899000,-1165000,1734000
2014/03/06,0,2615000,-2104000,511000
2014/03/07,0,1567000,-2024000,-457000
2014/03/10,0,1167000,-1820000,-653000
2014/03/11,0,2119000,-1619580,499420
2014/03/12,0,2520250,-4085000,-1564750
2014/03/13,0,3325000,-3582100,-257100
2014/03/14,0,4422000,-4472129,-50129
2014/03/17,0,1857000,-3622456,-1765456
2014/03/18,0,2133000,-5458658,-3325658
2014/03/19,0,1150000,-1151100,-1100
2014/03/20,0,2460000,-622000,1838000
2014/03/21,0,23896900,-23935774,-38874
2014/03/24,0,2720043,-3382712,-662669
2014/03/25,0,3174000,-4000000,-826000
2014/03/26,0,506000,-2506800,-2000800
2014/03/27,0,664000,-2026953,-1362953
2014/03/28,0,1366000,-4793700,-3427700
2014/03/31,0,2759000,-462000,2297000
2014/04/01,0,1092000,-1233000,-141000
2014/04/02,0,1459000,-1903000,-444000
2014/04/03,0,2239000,-812000,1427000
2014/04/07,0,1418000,-1409000,9000
2014/04/08,0,873000,-671000,202000
2014/04/09,0,1296054,-2447100,-1151046
2014/04/10,0,2247000,-363629,1883371
2014/04/11,0,784000,-504000,280000
2014/04/14,0,674000,-92000,582000
2014/04/15,0,655000,-553000,102000
2014/04/16,0,1402000,-975000,427000
2014/04/17,0,999000,-766000,233000
2014/04/18,0,169000,-105000,64000
2014/04/21,0,591000,-866000,-275000
2014/04/22,0,788000,-667000,121000
2014/04/23,0,1214000,-6095300,-4881300
2014/04/24,0,1109000,-3353000,-2244000
2014/04/25,0,1375000,-1820000,-445000
2014/04/28,0,1363000,-1516000,-153000
2014/04/29,0,1086000,-1546300,-460300
2014/04/30,0,840000,-144000,696000
2014/05/02,0,1682000,-1425000,257000
2014/05/05,0,199000,-329000,-130000
2014/05/06,0,543000,-51000,492000
2014/05/07,0,1485000,-601000,884000
2014/05/08,0,4279000,-1185000,3094000
2014/05/09,0,6312000,-1620700,4691300
2014/05/12,0,737000,-760000,-23000
2014/05/13,0,1767000,-463000,1304000
2014/05/14,0,2806000,-226275,2579725
2014/05/15,0,212000,-341000,-129000
2014/05/16,0,1147650,-45000,1102650
2014/05/19,0,3627000,-303000,3324000
2014/05/20,0,279900,-4476000,-4196100
2014/05/21,0,888000,-520625,367375
2014/05/22,0,1998000,-5288800,-3290800
2014/05/23,0,1709000,-2727000,-1018000
2014/05/26,0,343000,-2548200,-2205200
2014/05/27,0,1019000,-2093000,-1074000
2014/05/28,0,4714000,-3908100,805900
2014/05/29,0,1007000,-4823000,-3816000
2014/05/30,0,1374000,-2012000,-638000
2014/06/03,0,4240000,-1542000,2698000
2014/06/04,0,2023000,-3036400,-1013400
2014/06/05,0,3329000,-1492000,1837000
2014/06/06,0,2075000,-7749000,-5674000
2014/06/09,0,2680000,-6900000,-4220000
2014/06/10,0,5458653,-5322000,136653
2014/06/11,0,6860000,-5134000,1726000
2014/06/12,0,17000,-797000,-780000
2014/06/13,0,8912000,-6539200,2372800
2014/06/16,0,7206000,-1511000,5695000
2014/06/17,0,4470000,-3125500,1344500
2014/06/18,0,8892000,-5077200,3814800
2014/06/19,0,1339000,-6298500,-4959500
2014/06/20,0,5474327,-2083000,3391327
2014/06/23,0,6993000,-934000,6059000
2014/06/24,0,7147000,-1045000,6102000
2014/06/25,0,3024000,-956539,2067461
2014/06/26,0,6255781,-1360000,4895781
2014/06/27,0,3470000,-662000,2808000
2014/06/30,0,3888000,-535000,3353000
2014/07/01,0,2448000,-1553000,895000
2014/07/02,0,8385728,-5074500,3311228
2014/07/03,0,2139000,-1544000,595000
2014/07/04,0,2270000,-894000,1376000
2014/07/07,0,1150000,-853000,297000
2014/07/08,0,2723000,-1300000,1423000
2014/07/09,0,4750000,-2361000,2389000
2014/07/10,0,7293000,-5041000,2252000
2014/07/11,0,5779000,-6202000,-423000
2014/07/14,0,4238000,-1518000,2720000
2014/07/15,0,2424000,-620000,1804000
2014/07/16,0,4495000,-1149000,3346000
2014/07/17,0,3566291,-1547000,2019291
2014/07/18,0,3907000,-2117700,1789300
2014/07/21,0,5957000,-7416783,-1459783
2014/07/22,0,3454000,-5531000,-2077000
2014/07/23,0,0,0,0
2014/07/24,0,5064000,-6750000,-1686000
2014/07/25,0,3974000,-2293000,1681000
2014/07/28,0,1514000,-1553000,-39000
2014/07/29,0,3514000,-4346000,-832000
2014/07/30,0,4543000,-6150000,-1607000
2014/07/31,0,2880000,-1595547,1284453
2014/08/01,0,1718000,-1309000,409000
2014/08/04,0,4746200,-1406000,3340200
2014/08/05,0,3100000,-1763795,1336205
2014/08/06,0,2153000,-1320700,832300
2014/08/07,0,1238283,-1229769,8514
2014/08/08,0,1333000,-914000,419000
2014/08/11,0,1265000,-1988606,-723606
2014/08/12,0,2600000,-2965000,-365000
2014/08/13,0,5340000,-6046700,-706700
2014/08/14,0,6244000,-8699107,-2455107
2014/08/15,0,2256000,-1838000,418000
2014/08/18,0,4353000,-1015000,3338000
2014/08/19,0,3101000,-1157000,1944000
2014/08/20,0,2839000,-1421000,1418000
2014/08/21,0,1803000,-1814000,-11000
2014/08/22,0,1233000,-1287000,-54000
2014/08/25,0,1460000,-978000,482000
2014/08/26,0,2412000,-802000,1610000
2014/08/27,0,5532000,-2237000,3295000
2014/08/28,0,2315000,-3713978,-1398978
2014/08/29,0,4958000,-2335000,2623000
2014/09/01,0,516000,-1460100,-944100
2014/09/02,0,3409000,-2181087,1227913
2014/09/03,0,3013000,-3901900,-888900
2014/09/04,0,1783000,-2467929,-684929
2014/09/05,0,186000,-1902000,-1716000
2014/09/09,0,1953692,-895692,1058000
2014/09/10,0,978000,-1424000,-446000
2014/09/11,0,3652000,-2729334,922666
2014/09/12,0,4440626,-720000,3720626
2014/09/15,0,3419000,-2826599,592401
2014/09/16,0,1866000,-1507900,358100
2014/09/17,0,2258000,-2234000,24000
2014/09/18,0,1119512,-2962364,-1842852
2014/09/19,0,2725158,-3246000,-520842
2014/09/22,0,900000,-2130921,-1230921
2014/09/23,0,234000,-887000,-653000
2014/09/24,0,2033000,-4039000,-2006000
2014/09/25,0,768000,-2939000,-2171000
2014/09/26,0,5674000,-4413000,1261000
2014/09/29,0,0,0,0
2014/09/30,0,0,0,0
2014/10/01,0,0,0,0
2014/10/02,0,0,0,0
2014/10/03,0,0,0,0
2014/10/06,0,0,0,0
2014/10/07,0,0,0,0
2014/10/08,0,0,0,0
2014/10/09,0,1089000,-970109,118891
2014/10/13,0,3347634,-3095035,252599
2014/10/14,0,1710789,-2374987,-664198
2014/10/15,0,1003000,-670405,332595
2014/10/16,0,1549000,-1456266,92734
2014/10/17,0,419000,-229000,190000
2014/10/20,0,1773000,-1495051,277949
2014/10/21,0,1351000,-1491176,-140176
2014/10/22,0,1426000,-1138831,287169
2014/10/23,0,1233000,-1133714,99286
2014/10/24,0,1906000,-1939609,-33609
2014/10/27,0,612000,-556000,56000
2014/10/28,0,410000,-983452,-573452
2014/10/29,0,1865000,-1208488,656512
2014/10/30,0,1607000,-1751855,-144855
2014/10/31,0,1558000,-3122000,-1564000
2014/11/03,0,419000,-1837352,-1418352
2014/11/04,0,858000,-526910,331090
2014/11/05,0,1081944,-826711,255233
2014/11/06,0,538000,-8447,529553
2014/11/07,0,255000,-32290,222710
2014/11/10,0,450000,-260158,189842
2014/11/11,0,1241000,-767000,474000
2014/11/12,0,432631,-217334,215297
2014/11/13,0,364000,-238000,126000
2014/11/14,0,247000,-211000,36000
2014/11/17,0,141000,-469000,-328000
2014/11/18,0,653079,-595069,58010
2014/11/19,0,655211,-997210,-341999
2014/11/20,0,556809,-848214,-291405
2014/11/21,0,2489000,-1752004,736996
2014/11/24,0,2130000,-1972000,158000
2014/11/25,0,1223000,-1163000,60000
2014/11/26,0,1657000,-1083000,574000
2014/11/27,0,738000,-940000,-202000
2014/11/28,0,3792000,-1721000,2071000
2014/12/01,0,806000,-1032060,-226060
2014/12/02,0,1234000,-568000,666000
2014/12/03,0,517000,-482420,34580
2014/12/04,0,468000,-452000,16000
2014/12/05,0,446000,-288185,157815
2014/12/08,0,339000,-277147,61853
2014/12/09,0,181000,-145000,36000
2014/12/10,0,461886,-288132,173754
2014/12/11,0,349000,-207000,142000
2014/12/12,0,214000,-223000,-9000
2014/12/15,0,259000,-426497,-167497
2014/12/16,0,863000,-648023,214977
2014/12/17,0,651000,-1353386,-702386
2014/12/18,0,337000,-531995,-194995
2014/12/19,0,584250,-1156608,-572358
2014/12/22,0,267000,-547000,-280000
2014/12/23,0,174000,-823000,-649000
2014/12/24,0,310000,-1067000,-757000
2014/12/25,0,201000,-452000,-251000
2014/12/26,0,150000,-993000,-843000
2014/12/29,0,239000,-749584,-510584
2014/12/30,0,228000,-1173653,-945653
2014/12/31,0,784000,-1470004,-686004
2015/01/01,0,0,0,0
2015/01/02,0,0,0,0
2015/01/05,0,367000,-1316000,-949000
2015/01/06,0,1476000,-1226000,250000
2015/01/07,0,496000,-686000,-190000
2015/01/08,0,778000,-984000,-206000
2015/01/09,0,552000,-724000,-172000
2015/01/12,0,515000,-862579,-347579
2015/01/13,0,798000,-645000,153000
2015/01/14,0,769000,-476000,293000
2015/01/15,0,2372000,-2258000,114000
2015/01/16,0,1221000,-1064733,156267
2015/01/19,0,108002,-472000,-363998
2015/01/20,0,517000,-1023801,-506801
2015/01/21,0,674000,-475086,198914
2015/01/22,0,957087,-1161135,-204048
2015/01/23,0,414000,-311125,102875
2015/01/26,0,1655000,-986000,669000
2015/01/27,0,570000,-3635000,-3065000
2015/01/28,0,644204,-2008035,-1363831
2015/01/29,0,731000,-1316000,-585000
2015/01/30,0,856278,-2060185,-1203907
2015/02/02,0,3006000,-609600,2396400
2015/02/03,0,447000,-203000,244000
2015/02/04,0,856000,-497000,359000
2015/02/05,0,585000,-530000,55000
2015/02/06,0,444000,-679000,-235000
2015/02/09,0,282000,-243000,39000
2015/02/10,0,193000,-364473,-171473
2015/02/11,0,287000,-81245,205755
2015/02/12,0,471000,-476537,-5537
2015/02/13,0,235000,-198000,37000
2015/02/16,0,0,0,0
2015/02/17,0,0,0,0
2015/02/18,0,0,0,0
2015/02/19,0,0,0,0
2015/02/20,0,0,0,0
2015/02/23,0,0,0,0
2015/02/24,0,656549,-532716,123833
2015/02/25,0,158365,-693244,-534879
2015/02/26,0,599000,-876000,-277000
2015/02/27,0,0,0,0
2015/03/02,0,2986000,-2899809,86191
2015/03/03,0,1470000,-1978565,-508565
2015/03/04,0,406000,-460982,-54982
2015/03/05,0,739000,-568944,170056
2015/03/06,0,117000,-429119,-312119
2015/03/09,0,676000,-638000,38000
2015/03/10,0,560108,-1023730,-463622
2015/03/11,0,131000,-130000,1000
2015/03/12,0,274000,-372000,-98000
2015/03/13,0,371000,-473000,-102000
2015/03/16,0,248000,-279750,-31750
2015/03/17,0,732000,-641000,91000
2015/03/18,0,1693000,-1042891,650109
2015/03/19,0,823000,-576000,247000
2015/03/20,0,688293,-805000,-116707
2015/03/23,0,904000,-373476,530524
2015/03/24,0,477000,-1524000,-1047000
2015/03/25,0,113000,-772000,-659000
2015/03/26,0,400000,-392413,7587
2015/03/27,0,1284347,-549000,735347
2015/03/30,0,566000,-661807,-95807
2015/03/31,0,1073000,-950164,122836
2015/04/01,0,1794000,-767000,1027000
2015/04/02,0,1360000,-454441,905559
2015/04/03,0,0,0,0
2015/04/06,0,0,0,0
2015/04/07,0,148000,-721000,-573000
2015/04/08,0,318000,-958000,-640000
2015/04/09,0,424000,-1160739,-736739
2015/04/10,0,423410,-811784,-388374
2015/04/13,0,731000,-1423000,-692000
2015/04/14,0,200000,-74000,126000
2015/04/15,0,322000,-378000,-56000
2015/04/16,0,726000,-2542000,-1816000
2015/04/17,0,654750,-2155000,-1500250
2015/04/20,0,403551,-1913000,-1509449
2015/04/21,0,674000,-820000,-146000
2015/04/22,0,936000,-2210111,-1274111
2015/04/23,0,380000,-70000,310000
2015/04/24,0,1178000,-905000,273000
2015/04/27,0,674000,-358240,315760
2015/04/28,0,332000,-532000,-200000
2015/04/29,0,400000,-259302,140698
2015/04/30,0,975000,-780428,194572
2015/05/01,0,0,0,0
2015/05/04,0,1862000,-919854,942146
2015/05/05,0,728000,-153000,575000
2015/05/06,0,916000,-710957,205043
2015/05/07,0,304797,-498000,-193203
2015/05/08,0,430000,-281000,149000
2015/05/11,0,210458,-610000,-399542
2015/05/12,0,236000,-215062,20938
2015/05/13,0,115000,-161000,-46000
2015/05/14,0,580155,-743002,-162847
2015/05/15,0,1338000,-1126823,211177
2015/05/18,0,583003,-328000,255003
2015/05/19,0,538000,-718000,-180000
2015/05/20,0,627000,-202013,424987
2015/05/21,0,214000,-268000,-54000
2015/05/22,0,257000,-973392,-716392
2015/05/25,0,143000,-628000,-485000
2015/05/26,0,762000,-1393000,-631000
2015/05/27,0,1497000,-518949,978051
2015/05/28,0,401137,-223000,178137
2015/05/29,0,2889000,-1321867,1567133
2015/06/01,0,499920,-278394,221526
2015/06/02,0,94000,-374000,-280000
2015/06/03,0,132000,-144000,-12000
2015/06/04,0,510000,-287000,223000
2015/06/05,0,163000,-1212000,-1049000
2015/06/08,0,560000,-459000,101000
2015/06/09,0,826000,-234000,592000
2015/06/10,0,846673,-154000,692673
2015/06/11,0,1346000,-322000,1024000
2015/06/12,0,1173425,-578000,595425
2015/06/15,0,2404000,-85000,2319000
2015/06/16,0,929385,-985000,-55615
2015/06/17,0,837000,-893000,-56000
2015/06/18,0,1201116,-931000,270116
2015/06/19,0,0,0,0
2015/06/22,0,3119007,-2153326,965681
2015/06/23,0,718000,-1479000,-761000
2015/06/24,0,1899000,-1243191,655809
2015/06/25,0,341000,-274000,67000
2015/06/26,0,650000,-656000,-6000
2015/06/29,0,186000,-406000,-220000
2015/06/30,0,711036,-750677,-39641
2015/07/01,0,468000,-851000,-383000
2015/07/02,0,477000,-1171000,-694000
2015/07/03,0,139000,-659000,-520000
2015/07/06,0,3297000,-3609000,-312000
2015/07/07,0,556000,-1016086,-460086
2015/07/08,0,1731000,-1738000,-7000
2015/07/09,0,216000,-770000,-554000
2015/07/10,0,0,0,0
2015/07/13,0,385000,-1236000,-851000
2015/07/14,0,265000,-1241000,-976000
2015/07/15,0,172000,-192000,-20000
2015/07/16,0,341000,-185995,155005
2015/07/17,0,150000,-318000,-168000
2015/07/20,0,774000,-107000,667000
2015/07/21,0,394000,-200000,194000
2015/07/22,0,527000,-484000,43000
2015/07/23,0,541000,-626000,-85000
2015/07/24,0,45000,-852000,-807000
2015/07/27,0,186000,-1578000,-1392000
2015/07/28,0,430000,-540000,-110000
2015/07/29,0,295000,-692832,-397832
2015/07/30,0,267000,-141000,126000
2015/07/31,0,511000,-457000,54000
2015/08/03,0,288000,-401000,-113000
2015/08/04,0,498000,-234000,264000
2015/08/05,0,375000,-248000,127000
2015/08/06,0,175000,-349000,-174000
2015/08/07,0,67000,-131000,-64000
2015/08/10,0,618000,-509420,108580
2015/08/11,0,389000,-548347,-159347
2015/08/12,0,574000,-280558,293442
2015/08/13,0,586000,-334000,252000
2015/08/14,0,132080,-243000,-110920
2015/08/17,0,163000,-489879,-326879
2015/08/18,0,362000,-507000,-145000
2015/08/19,0,896000,-612048,283952
2015/08/20,0,851657,-1486000,-634343
2015/08/21,0,79000,-908927,-829927
2015/08/24,0,1104000,-616000,488000
2015/08/25,0,420450,-1073000,-652550
2015/08/26,0,229000,-655000,-426000
2015/08/27,0,933000,-1779234,-846234
2015/08/28,0,165000,-466451,-301451
2015/08/31,0,341000,-1125000,-784000
2015/09/01,0,401000,-562000,-161000
2015/09/02,0,353000,-372000,-19000
2015/09/03,0,412000,-1265000,-853000
2015/09/04,0,171000,-865000,-694000
2015/09/07,0,37000,-145000,-108000
2015/09/08,0,272000,-247000,25000
2015/09/09,0,158000,-742401,-584401
2015/09/10,0,181000,-696000,-515000
2015/09/11,0,147000,-398000,-251000
2015/09/14,0,573000,-707520,-134520
2015/09/15,0,1106000,-1083000,23000
2015/09/16,0,1182000,-1315308,-133308
2015/09/17,0,662000,-1204000,-542000
2015/09/18,0,1139000,-3405617,-2266617
2015/09/21,0,87000,-1171000,-1084000
2015/09/22,0,297000,-538000,-241000
2015/09/23,0,1144000,-3437000,-2293000
2015/09/24,0,657000,-399429,257571
2015/09/25,0,43000,-420000,-377000
2015/09/28,0,0,0,0
2015/09/29,0,0,0,0
2015/09/30,0,1691000,-657000,1034000
2015/10/01,0,1383000,-618975,764025
2015/10/02,0,908000,-472000,436000
2015/10/05,0,687000,-898000,-211000
2015/10/06,0,1360000,-920000,440000
2015/10/07,0,607000,-1168000,-561000
2015/10/08,0,1019000,-878764,140236
2015/10/09,0,0,0,0
2015/10/12,0,445907,-683825,-237918
2015/10/13,0,494000,-679480,-185480
2015/10/14,0,429000,-563000,-134000
2015/10/15,0,161000,-624000,-463000
2015/10/16,0,1244000,-996000,248000
2015/10/19,0,188000,-549000,-361000
2015/10/20,0,366000,-510489,-144489
2015/10/21,0,242000,-91000,151000
2015/10/22,0,1136000,-304000,832000
2015/10/23,0,580000,-488000,92000
2015/10/26,0,267000,-167000,100000
2015/10/27,0,258000,-125985,132015
2015/10/28,0,439000,-560670,-121670
2015/10/29,0,280000,-517129,-237129
2015/10/30,0,139000,-442000,-303000
2015/11/02,0,881000,-350000,531000
2015/11/03,0,905000,-116000,789000
2015/11/04,0,803000,-837000,-34000
2015/11/05,0,480000,-703000,-223000
2015/11/06,0,88000,-701000,-613000
2015/11/09,0,89000,-748356,-659356
2015/11/10,0,437000,-1314009,-877009
2015/11/11,0,343000,-1113000,-770000
2015/11/12,0,233434,-646000,-412566
2015/11/13,0,871000,-368000,503000
2015/11/16,0,127000,-553000,-426000
2015/11/17,0,429000,-34000,395000
2015/11/18,0,135000,-303201,-168201
2015/11/19,0,220000,-309000,-89000
2015/11/20,0,250000,-56986,193014
2015/11/23,0,150000,-28000,122000
2015/11/24,0,286000,-305171,-19171
2015/11/25,0,231000,-221000,10000
2015/11/26,0,365000,-182000,183000
2015/11/27,0,409000,-306543,102457
2015/11/30,0,653000,-887000,-234000
2015/12/01,0,660000,-216492,443508
2015/12/02,0,489000,-479000,10000
2015/12/03,0,201000,-296031,-95031
2015/12/04,0,342000,-416541,-74541
2015/12/07,0,212000,-89000,123000
2015/12/08,0,147000,-135000,12000
2015/12/09,0,180000,-100000,80000
2015/12/10,0,287000,-260307,26693
2015/12/11,0,427000,-190199,236801
2015/12/14,0,402051,-362000,40051
2015/12/15,0,380000,-373000,7000
2015/12/16,0,191000,-71000,120000
2015/12/17,0,461000,-355000,106000
2015/12/18,0,249000,-290190,-41190
2015/12/21,0,596000,-352000,244000
2015/12/22,0,308000,-345211,-37211
2015/12/23,0,205000,-29440,175560
2015/12/24,0,72000,-54000,18000
2015/12/25,0,60000,-66000,-6000
2015/12/28,0,189000,-988000,-799000
2015/12/29,0,324000,-90168,233832
2015/12/30,0,198000,-137521,60479
2015/12/31,0,154000,-75000,79000
2016/01/01,0,0,0,0
2016/01/04,0,283000,-358000,-75000
2016/01/05,0,394000,-492000,-98000
2016/01/06,0,361000,-304000,57000
2016/01/07,0,330000,-405485,-75485
2016/01/08,0,243000,-348000,-105000
2016/01/11,0,236000,-244000,-8000
2016/01/12,0,386100,-310000,76100
2016/01/13,0,274000,-320000,-46000
2016/01/14,0,423780,-248484,175296
2016/01/15,0,245000,-1087290,-842290
2016/01/18,0,494000,-219000,275000
2016/01/19,0,431000,-385032,45968
2016/01/20,0,351000,-345841,5159
2016/01/21,0,752293,-564000,188293
2016/01/22,0,522000,-474000,48000
2016/01/25,0,362000,-665414,-303414
2016/01/26,0,214000,-458856,-244856
2016/01/27,0,286431,-69136,217295
2016/01/28,0,243000,-215000,28000
2016/01/29,0,792929,-859000,-66071
2016/02/01,0,690000,-526000,164000
2016/02/02,0,227169,-160000,67169
2016/02/03,0,308724,-485489,-176765
2016/02/04,0,0,0,0
2016/02/05,0,0,0,0
2016/02/08,0,0,0,0
2016/02/09,0,0,0,0
2016/02/10,0,0,0,0
2016/02/11,0,0,0,0
2016/02/12,0,0,0,0
2016/02/15,0,474000,-238000,236000
2016/02/16,0,421000,-492000,-71000
2016/02/17,0,612000,-360151,251849
2016/02/18,0,470000,-657000,-187000
2016/02/19,0,427000,-1233559,-806559
2016/02/22,0,1976000,-1753000,223000
2016/02/23,0,702431,-573925,128506
2016/02/24,0,1095000,-433007,661993
2016/02/25,0,479000,-163807,315193
2016/02/26,0,290293,-214000,76293
2016/02/29,0,0,0,0
2016/03/01,0,521000,-313576,207424
2016/03/02,0,180000,-125000,55000
2016/03/03,0,143000,-161000,-18000
2016/03/04,0,229000,-40000,189000
2016/03/07,0,337900,-166000,171900
2016/03/08,0,123000,-456554,-333554
2016/03/09,0,26000,-894978,-868978
2016/03/10,0,208000,-529918,-321918
2016/03/11,0,270000,-521000,-251000
2016/03/14,0,348000,-146000,202000
2016/03/15,0,1030000,-326000,704000
2016/03/16,0,640000,-481000,159000
2016/03/17,0,1356000,-403001,952999
2016/03/18,0,648262,-985170,-336908
2016/03/21,0,159000,-255000,-96000
2016/03/22,0,150431,-172000,-21569
2016/03/23,0,139000,-316000,-177000
2016/03/24,0,214000,-464000,-250000
2016/03/25,0,272000,-150000,122000
2016/03/28,0,52000,-216000,-164000
2016/03/29,0,213000,-370000,-157000
2016/03/30,0,195000,-310000,-115000
2016/03/31,0,751000,-799920,-48920
2016/04/01,0,430767,-425564,5203
2016/04/04,0,0,0,0
2016/04/05,0,0,0,0
2016/04/06,0,807000,-385967,421033
2016/04/07,0,288000,-296000,-8000
2016/04/08,0,205000,-171000,34000
2016/04/11,0,572000,-306000,266000
2016/04/12,0,688477,-184000,504477
2016/04/13,0,143000,-435000,-292000
2016/04/14,0,595000,-95000,500000
2016/04/15,0,268000,-204000,64000
2016/04/18,0,352000,-322000,30000
2016/04/19,0,814628,-270000,544628
2016/04/20,0,767000,-375000,392000
2016/04/21,0,686000,-288000,398000
2016/04/22,0,102000,-491000,-389000
2016/04/25,0,849504,-281000,568504
2016/04/26,0,146591,-436000,-289409
2016/04/27,0,169000,-454300,-285300
2016/04/28,0,201000,-326000,-125000
2016/04/29,0,2456000,-2891000,-435000
2016/05/02,0,0,0,0
2016/05/03,0,1117000,-1226000,-109000
2016/05/04,0,274000,-568000,-294000
2016/05/05,0,321000,-451000,-130000
2016/05/06,0,108045,-219000,-110955
2016/05/09,0,226000,-429000,-203000
2016/05/10,0,45000,-297000,-252000
2016/05/11,0,54000,-237000,-183000
2016/05/12,0,70600,-162000,-91400
2016/05/13,0,42876,-295000,-252124
2016/05/16,0,279000,-207000,72000
2016/05/17,0,91752,-103000,-11248
2016/05/18,0,189000,-185000,4000
2016/05/19,0,211000,-171260,39740
2016/05/20,0,271572,-119082,152490
2016/05/23,0,564876,-215000,349876
2016/05/24,0,809000,-344000,465000
2016/05/25,0,211000,-193000,18000
2016/05/26,0,406000,-479000,-73000
2016/05/27,0,418000,-476000,-58000
2016/05/30,0,156000,-217000,-61000
2016/05/31,0,426000,-585000,-159000
2016/06/01,0,823899,-266091,557808
2016/06/02,0,276000,-212000,64000
2016/06/03,0,238000,-260000,-22000
2016/06/06,0,128000,-125000,3000
2016/06/07,0,347000,-186120,160880
2016/06/08,0,257000,-263898,-6898
2016/06/09,0,0,0,0
2016/06/10,0,0,0,0
2016/06/13,0,242000,-183000,59000
2016/06/14,0,247000,-288972,-41972
2016/06/15,0,127000,-298000,-171000
2016/06/16,0,106000,-217912,-111912
2016/06/17,0,483000,-294000,189000
2016/06/20,0,262000,-282000,-20000
2016/06/21,0,236000,-144368,91632
2016/06/22,0,188707,-140000,48707
2016/06/23,0,130000,-106000,24000
2016/06/24,0,87000,-305000,-218000
2016/06/27,0,72000,-174000,-102000
2016/06/28,0,128000,-181753,-53753
2016/06/29,0,271000,-253000,18000
2016/06/30,0,515000,-787271,-272271
2016/07/01,0,83000,-230272,-147272
2016/07/04,0,200000,-141500,58500
2016/07/05,0,198000,-65000,133000
2016/07/06,0,132000,-162000,-30000
2016/07/07,0,113000,-21006,91994
2016/07/08,0,0,0,0
2016/07/11,0,152790,-125000,27790
2016/07/12,0,282000,-79293,202707
2016/07/13,0,284000,-95000,189000
2016/07/14,0,144000,-102000,42000
2016/07/15,0,266000,-76000,190000
2016/07/18,0,364000,-80000,284000
2016/07/19,0,380000,-103000,277000
2016/07/20,0,397000,-91000,306000
2016/07/21,0,294000,-8000,286000
2016/07/22,0,475020,-3000,472020
2016/07/25,0,438015,-286000,152015
2016/07/26,0,134000,-280000,-146000
2016/07/27,0,159840,-24000,135840
2016/07/28,0,243920,-181000,62920
2016/07/29,0,389000,-228000,161000
2016/08/01,0,485760,-301084,184676
2016/08/02,0,259000,-278000,-19000
2016/08/03,0,0,0,0
2016/08/04,0,0,0,0
2016/08/05,0,0,0,0
2016/08/08,0,0,0,0
2016/08/09,0,0,0,0
2016/08/10,0,0,0,0
2016/08/11,0,0,0,0
2016/08/12,0,0,0,0
2016/08/15,0,692680,-599031,93649
2016/08/16,0,380000,-338182,41818
2016/08/17,0,216634,-123000,93634
2016/08/18,0,247000,-235164,11836
2016/08/19,0,193179,-66639,126540
2016/08/22,0,127000,-106897,20103
2016/08/23,0,80766,-114000,-33234
2016/08/24,0,90383,-101462,-11079
2016/08/25,0,195642,-45000,150642
2016/08/26,0,73065,-146100,-73035
2016/08/29,0,45000,-114496,-69496
2016/08/30,0,31000,-28000,3000
2016/08/31,0,74836,-82771,-7935
2016/09/01,0,57000,-52395,4605
2016/09/02,0,89000,-66000,23000
2016/09/05,0,20000,-49000,-29000
2016/09/06,0,104000,-61000,43000
2016/09/07,0,155916,-57406,98510
2016/09/08,0,521374,-136000,385374
2016/09/09,0,331548,-25000,306548
2016/09/12,0,301000,-55163,245837
2016/09/13,0,234000,-55000,179000
2016/09/14,0,560000,-124000,436000
2016/09/15,0,0,0,0
2016/09/16,0,0,0,0
2016/09/19,0,511669,-117000,394669
2016/09/20,0,294572,-107957,186615
2016/09/21,0,263000,-161490,101510
2016/09/22,0,339000,-76000,263000
2016/09/23,0,167000,-129849,37151
2016/09/26,0,1660837,-1660445,392
2016/09/27,0,0,0,0
2016/09/28,0,0,0,0
2016/09/29,0,325000,-177000,148000
2016/09/30,0,198300,-182000,16300
2016/10/03,0,113808,-130000,-16192
2016/10/04,0,95146,-156020,-60874
2016/10/05,0,33000,-41668,-8668
2016/10/06,0,47000,-87000,-40000
2016/10/07,0,44000,-36000,8000
2016/10/10,0,0,0,0
2016/10/11,0,110000,-282000,-172000
2016/10/12,0,164000,-244000,-80000
2016/10/13,0,112400,-174238,-61838
2016/10/14,0,52000,-74000,-22000
2016/10/17,0,114000,-56000,58000
2016/10/18,0,70573,-91000,-20427
2016/10/19,0,41000,-33000,8000
2016/10/20,0,162000,-33055,128945
2016/10/21,0,287000,-168000,119000
2016/10/24,0,118000,-169673,-51673
2016/10/25,0,125000,-93114,31886
2016/10/26,0,38000,-43000,-5000
2016/10/27,0,142000,-130299,11701
2016/10/28,0,114000,-11000,103000
2016/10/31,0,271000,-76000,195000
2016/11/01,0,92000,-36000,56000
2016/11/02,0,117000,-103000,14000
2016/11/03,0,64000,-109000,-45000
2016/11/04,0,23000,-16000,7000
2016/11/07,0,88000,-55000,33000
2016/11/08,0,107000,-68012,38988
2016/11/09,0,131000,-102000,29000
2016/11/10,0,83000,-108000,-25000
2016/11/11,0,58000,-129000,-71000
2016/11/14,0,82000,-104213,-22213
2016/11/15,0,160000,-231000,-71000
2016/11/16,0,325000,-454485,-129485
2016/11/17,0,195000,-103000,92000
2016/11/18,0,256000,-298740,-42740
2016/11/21,0,198000,-365739,-167739
2016/11/22,0,388000,-260199,127801
2016/11/23,0,341803,-277000,64803
2016/11/24,0,83000,-123000,-40000
2016/11/25,0,63000,-76814,-13814
2016/11/28,0,187000,-167608,19392
2016/11/29,0,187000,-196600,-9600
2016/11/30,0,240004,-258000,-17996
2016/12/01,0,69000,-116625,-47625
2016/12/02,0,221000,-310821,-89821
2016/12/05,0,136000,-508199,-372199
2016/12/06,0,611000,-741563,-130563
2016/12/07,0,1094000,-1336067,-242067
2016/12/08,0,969000,-1069000,-100000
2016/12/09,0,277000,-604260,-327260
2016/12/12,0,387000,-271637,115363
2016/12/13,0,294412,-290445,3967
2016/12/14,0,740000,-1011542,-271542
2016/12/15,0,359000,-215000,144000
2016/12/16,0,435203,-593312,-158109
2016/12/19,0,112000,-119346,-7346
2016/12/20,0,149000,-177003,-28003
2016/12/21,0,61000,-128403,-67403
2016/12/22,0,290000,-267000,23000
2016/12/23,0,121000,-692102,-571102
2016/12/26,0,72000,-702000,-630000
2016/12/27,0,38000,-75000,-37000
2016/12/28,0,141000,-353000,-212000
2016/12/29,0,138000,-209003,-71003
2016/12/30,0,297000,-475528,-178528
2017/01/02,0,0,0,0
2017/01/03,0,277000,-369000,-92000
2017/01/04,0,379000,-338373,40627
2017/01/05,0,511000,-583000,-72000
2017/01/06,0,316000,-453000,-137000
2017/01/09,0,764000,-787996,-23996
2017/01/10,0,381000,-166236,214764
2017/01/11,0,939000,-663000,276000
2017/01/12,0,535000,-1168000,-633000
2017/01/13,0,25062517,-25258517,-196000
2017/01/16,0,395000,-688000,-293000
2017/01/17,0,324000,-453514,-129514
2017/01/18,0,540000,-656036,-116036
2017/01/19,0,410000,-1212747,-802747
2017/01/20,0,1236000,-2544540,-1308540
2017/01/23,0,414000,-1151020,-737020
2017/01/24,0,899000,-2897848,-1998848
2017/01/25,0,0,0,0
2017/01/26,0,0,0,0
2017/01/27,0,0,0,0
2017/01/30,0,0,0,0
2017/01/31,0,0,0,0
2017/02/01,0,0,0,0
2017/02/02,0,1713000,-4680800,-2967800
2017/02/03,0,1495000,-2573000,-1078000
2017/02/06,0,797000,-1342606,-545606
2017/02/07,0,869000,-1893014,-1024014
2017/02/08,0,1251000,-991373,259627
2017/02/09,0,654000,-942587,-288587
2017/02/10,0,649000,-809000,-160000
2017/02/13,0,152000,-726610,-574610
2017/02/14,0,769000,-647000,122000
2017/02/15,0,821000,-549000,272000
2017/02/16,0,539000,-538000,1000
2017/02/17,0,230000,-410000,-180000
2017/02/20,0,1775000,-1627417,147583
2017/02/21,0,983000,-2121000,-1138000
2017/02/22,0,2462000,-2333780,128220
2017/02/23,0,1763000,-1430000,333000
2017/02/24,0,4402000,-3710000,692000
2017/02/27,0,0,0,0
2017/02/28,0,0,0,0
2017/03/01,0,3487000,-5954000,-2467000
2017/03/02,0,1038000,-2766947,-1728947
2017/03/03,0,594000,-1140000,-546000
2017/03/06,0,2206000,-5124036,-2918036
2017/03/07,0,1260000,-1454937,-194937
2017/03/08,0,533000,-877000,-344000
2017/03/09,0,1185000,-694249,490751
2017/03/10,0,703000,-1002000,-299000
2017/03/13,0,1084000,-967130,116870
2017/03/14,0,1038000,-1487628,-449628
2017/03/15,0,486000,-860832,-374832
2017/03/16,0,912000,-755703,156297
2017/03/17,0,1177000,-1324193,-147193
2017/03/20,0,512000,-886445,-374445
2017/03/21,0,1075000,-654390,420610
2017/03/22,0,317000,-541162,-224162
2017/03/23,0,329000,-591022,-262022
2017/03/24,0,593000,-691000,-98000
2017/03/27,0,444000,-275991,168009
2017/03/28,0,815000,-307000,508000
2017/03/29,0,218000,-575001,-357001
2017/03/30,0,445000,-252000,193000
2017/03/31,0,559000,-413912,145088
2017/04/03,0,0,0,0
2017/04/04,0,0,0,0
2017/04/05,0,644000,-891072,-247072
2017/04/06,0,150000,-313373,-163373
2017/04/07,0,138000,-363600,-225600
2017/04/10,0,352000,-222631,129369
2017/04/11,0,433000,-667625,-234625
2017/04/12,0,974858,-534459,440399
2017/04/13,0,1064000,-1660929,-596929
2017/04/14,0,504000,-1303000,-799000
2017/04/17,0,312000,-442000,-130000
2017/04/18,0,261000,-769500,-508500
2017/04/19,0,229000,-1027450,-798450
2017/04/20,0,318000,-595307,-277307
2017/04/21,0,672410,-2114901,-1442491
2017/04/24,0,2094901,-1897357,197544
2017/04/25,0,569000,-1197000,-628000
2017/04/26,0,647000,-1320341,-673341
2017/04/27,0,169000,-739676,-570676
2017/04/28,0,298000,-1148113,-850113
2017/05/01,0,0,0,0
2017/05/02,0,790000,-532199,257801
2017/05/03,0,479000,-538000,-59000
2017/05/04,0,406000,-341444,64556
2017/05/05,0,237000,-639239,-402239
2017/05/08,0,1077000,-303832,773168
2017/05/09,0,1766410,-300357,1466053
2017/05/10,0,425000,-316000,109000
2017/05/11,0,647000,-167437,479563
2017/05/12,0,108000,-96000,12000
2017/05/15,0,299000,-892000,-593000
2017/05/16,0,550000,-412007,137993
2017/05/17,0,1069401,-217204,852197
2017/05/18,0,893000,-457000,436000
2017/05/19,0,149889,-386455,-236566
2017/05/22,0,338000,-108000,230000
2017/05/23,0,157000,-294000,-137000
2017/05/24,0,275000,-635468,-360468
2017/05/25,0,736000,-838955,-102955
2017/05/26,0,0,0,0
2017/05/29,0,0,0,0
2017/05/30,0,0,0,0
2017/05/31,0,278000,-449897,-171897
2017/06/01,0,314000,-396978,-82978
2017/06/02,0,261879,-217305,44574
2017/06/05,0,170000,-474756,-304756
2017/06/06,0,183000,-102000,81000
2017/06/07,0,287172,-302000,-14828
2017/06/08,0,837000,-1304702,-467702
2017/06/09,0,327000,-1883110,-1556110
2017/06/12,0,1007500,-704000,303500
2017/06/13,0,455000,-1124000,-669000
2017/06/14,0,566000,-1009000,-443000
2017/06/15,0,652000,-1052000,-400000
2017/06/16,0,821000,-1308000,-487000
2017/06/19,0,317000,-686000,-369000
2017/06/20,0,108000,-962000,-854000
2017/06/21,0,1624000,-2005213,-381213
2017/06/22,0,1242000,-999000,243000
2017/06/23,0,390000,-445000,-55000
2017/06/26,0,470000,-510000,-40000
2017/06/27,0,2359000,-1426000,933000
2017/06/28,0,933000,-507000,426000
2017/06/29,0,171000,-842000,-671000
2017/06/30,0,480000,-538000,-58000
2017/07/03,0,526000,-497000,29000
2017/07/04,0,136000,-141000,-5000
2017/07/05,0,502000,-543000,-41000
2017/07/06,0,263000,-362312,-99312
2017/07/07,0,302000,-355531,-53531
2017/07/10,0,126000,-278942,-152942
2017/07/11,0,433000,-219000,214000
2017/07/12,0,121000,-777030,-656030
2017/07/13,0,521000,-548524,-27524
2017/07/14,0,538192,-323554,214638
2017/07/17,0,292000,-396000,-104000
2017/07/18,0,552000,-97000,455000
2017/07/19,0,898714,-446716,451998
2017/07/20,0,734000,-470000,264000
2017/07/21,0,579000,-308000,271000
2017/07/24,0,1078000,-437693,640307
2017/07/25,0,1806000,-1178665,627335
2017/07/26,0,731000,-1002000,-271000
2017/07/27,0,375000,-53000,322000
2017/07/28,0,340000,-267000,73000
2017/07/31,0,403000,-358337,44663
2017/08/01,0,451000,-739211,-288211
2017/08/02,0,758000,-1404892,-646892
2017/08/03,0,1122000,-591338,530662
2017/08/04,0,828000,-984428,-156428
2017/08/07,0,0,0,0
2017/08/08,0,0,0,0
2017/08/09,0,0,0,0
2017/08/10,0,0,0,0
2017/08/11,0,0,0,0
2017/08/14,0,0,0,0
2017/08/15,0,0,0,0
2017/08/16,0,0,0,0
2017/08/17,0,0,0,0
2017/08/18,0,1058000,-967652,90348
