Date,Open,Buy,Sell,Total
2007/04/23,0,1328000,-593000,735000
2007/04/24,0,520000,-1972000,-1452000
2007/04/25,0,1164000,-555000,609000
2007/04/26,0,334000,-1303000,-969000
2007/04/27,0,370000,-2096000,-1726000
2007/04/30,0,580000,-307000,273000
2007/05/01,0,0,0,0
2007/05/02,0,103000,-2693452,-2590452
2007/05/03,0,263000,-508000,-245000
2007/05/04,0,1391000,-315,1390685
2007/05/07,0,1067000,-97000,970000
2007/05/08,0,1141000,-668000,473000
2007/05/09,0,321000,-411000,-90000
2007/05/10,0,218000,-72000,146000
2007/05/11,0,395000,-816000,-421000
2007/05/14,0,107000,-606000,-499000
2007/05/15,0,1052000,-155000,897000
2007/05/16,0,1042000,-113000,929000
2007/05/17,0,3528000,-787000,2741000
2007/05/18,0,2041000,-709000,1332000
2007/05/21,0,1316000,-180000,1136000
2007/05/22,0,2550000,-103000,2447000
2007/05/23,0,5375000,-225000,5150000
2007/05/24,0,547000,-202000,345000
2007/05/25,0,3318000,-309000,3009000
2007/05/28,0,187000,-1426000,-1239000
2007/05/29,0,564000,-762000,-198000
2007/05/30,0,1037000,-538000,499000
2007/05/31,0,2258000,-517000,1741000
2007/06/01,0,4662000,-917299,3744701
2007/06/04,0,4585000,-680447,3904553
2007/06/05,0,2552000,-513000,2039000
2007/06/06,0,6879000,-789000,6090000
2007/06/07,0,4666000,-1431000,3235000
2007/06/08,0,813000,-8702000,-7889000
2007/06/11,0,150000,-2502000,-2352000
2007/06/12,0,299000,-5549000,-5250000
2007/06/13,0,538000,-1141000,-603000
2007/06/14,0,73001,-2696000,-2622999
2007/06/15,0,701000,-3360701,-2659701
2007/06/18,0,0,0,0
2007/06/19,0,0,0,0
2007/06/20,0,1576000,-3824000,-2248000
2007/06/21,0,2251000,-7678000,-5427000
2007/06/22,0,778000,-2213000,-1435000
2007/06/25,0,329000,-860000,-531000
2007/06/26,0,1041000,-1575000,-534000
2007/06/27,0,331000,-2632000,-2301000
2007/06/28,0,180000,-2352000,-2172000
2007/06/29,0,40000,-2092000,-2052000
2007/07/02,0,54000,-1747000,-1693000
2007/07/03,0,412000,-1980000,-1568000
2007/07/04,0,1375000,-2123000,-748000
2007/07/05,0,18750,-226113,-207363
2007/07/06,0,89860,-2460947,-2371087
2007/07/09,0,901000,-631747,269253
2007/07/10,0,276000,-576249,-300249
2007/07/11,0,435000,-1193513,-758513
2007/07/12,0,224486,-1666997,-1442511
2007/07/13,0,891000,-2024816,-1133816
2007/07/16,0,96000,-1216399,-1120399
2007/07/17,0,333000,-1202349,-869349
2007/07/18,0,25001,-1442000,-1416999
2007/07/19,0,701000,-1193720,-492720
2007/07/20,0,633000,-2139256,-1506256
2007/07/23,0,297000,-2523094,-2226094
2007/07/24,0,219000,-3413599,-3194599
2007/07/25,0,474000,-1038000,-564000
2007/07/26,0,559000,-1391416,-832416
2007/07/27,0,1252000,-2465000,-1213000
2007/07/30,0,1166000,-1722540,-556540
2007/07/31,0,120000,-2319000,-2199000
2007/08/01,0,580000,-1444000,-864000
2007/08/02,0,1926000,-1281914,644086
2007/08/03,0,494000,-3227219,-2733219
2007/08/06,0,112000,-140000,-28000
2007/08/07,0,119000,-1026000,-907000
2007/08/08,0,503000,-2880000,-2377000
2007/08/09,0,303000,-2482515,-2179515
2007/08/10,0,34000,-1695000,-1661000
2007/08/13,0,128000,-855000,-727000
2007/08/14,0,0,-2864500,-2864500
2007/08/15,0,623000,-185000,438000
2007/08/16,0,3559000,-961000,2598000
2007/08/17,0,2511000,-1281000,1230000
2007/08/20,0,826000,-2695249,-1869249
2007/08/21,0,303000,-5574956,-5271956
2007/08/22,0,345000,-968000,-623000
2007/08/23,0,166000,-3410000,-3244000
2007/08/24,0,1024000,-1553000,-529000
2007/08/27,0,64000,-1447000,-1383000
2007/08/28,0,109000,-685000,-576000
2007/08/29,0,218000,-125000,93000
2007/08/30,0,154000,-769000,-615000
2007/08/31,0,342000,-578000,-236000
2007/09/03,0,62000,-1163000,-1101000
2007/09/04,0,213000,-1509000,-1296000
2007/09/05,0,141000,-326000,-185000
2007/09/06,0,131000,-300000,-169000
2007/09/07,0,179000,-411000,-232000
2007/09/10,0,384000,-433000,-49000
2007/09/11,0,189000,-123000,66000
2007/09/12,0,273000,-562000,-289000
2007/09/13,0,57000,-807000,-750000
2007/09/14,0,590000,-46000,544000
2007/09/17,0,372000,-399000,-27000
2007/09/18,0,0,0,0
2007/09/19,0,175000,-582000,-407000
2007/09/20,0,663000,-105000,558000
2007/09/21,0,1913000,-120000,1793000
2007/09/24,0,0,0,0
2007/09/25,0,0,0,0
2007/09/26,0,1794000,-99000,1695000
2007/09/27,0,3005000,-551598,2453402
2007/09/28,0,753000,-1440000,-687000
2007/10/01,0,154000,-1886000,-1732000
2007/10/02,0,1502000,-3749000,-2247000
2007/10/03,0,1837000,-406000,1431000
2007/10/04,0,585000,-2240000,-1655000
2007/10/05,0,67000,-577000,-510000
2007/10/08,0,78000,-150000,-72000
2007/10/09,0,229000,-1033000,-804000
2007/10/10,0,0,0,0
2007/10/11,0,214000,-915000,-701000
2007/10/12,0,630000,-1334000,-704000
2007/10/15,0,485000,-291000,194000
2007/10/16,0,415000,-500000,-85000
2007/10/17,0,450000,-959000,-509000
2007/10/18,0,1041000,-133000,908000
2007/10/19,0,468000,-417000,51000
2007/10/22,0,562000,-1381000,-819000
2007/10/23,0,255000,-473000,-218000
2007/10/24,0,562000,-1274000,-712000
2007/10/25,0,585000,-158000,427000
2007/10/26,0,1963000,-116000,1847000
2007/10/29,0,317000,-33000,284000
2007/10/30,0,1049000,-386000,663000
2007/10/31,0,861000,-1123000,-262000
2007/11/01,0,1001000,-329000,672000
2007/11/02,0,1524000,-881000,643000
2007/11/05,0,763000,-293000,470000
2007/11/06,0,141000,-463000,-322000
2007/11/07,0,26000,-179000,-153000
2007/11/08,0,732000,-620000,112000
2007/11/09,0,1548000,-42000,1506000
2007/11/12,0,458000,-259000,199000
2007/11/13,0,1599000,-111000,1488000
2007/11/14,0,376000,-195000,181000
2007/11/15,0,94000,-91000,3000
2007/11/16,0,306000,-89000,217000
2007/11/19,0,156000,-213000,-57000
2007/11/20,0,1041000,-508000,533000
2007/11/21,0,556000,-835000,-279000
2007/11/22,0,1976000,-403000,1573000
2007/11/23,0,220000,-362000,-142000
2007/11/26,0,1012000,-252000,760000
2007/11/27,0,1825000,-784000,1041000
2007/11/28,0,261000,-736000,-475000
2007/11/29,0,811000,-2145000,-1334000
2007/11/30,0,25000,-385000,-360000
2007/12/03,0,101000,-433000,-332000
2007/12/04,0,602000,-119000,483000
2007/12/05,0,175000,-166000,9000
2007/12/06,0,248000,-1072000,-824000
2007/12/07,0,823000,-1430000,-607000
2007/12/10,0,357000,-130000,227000
2007/12/11,0,604000,-549000,55000
2007/12/12,0,1023000,-61000,962000
2007/12/13,0,330000,-1719000,-1389000
2007/12/14,0,1585000,-426000,1159000
2007/12/17,0,716000,-314000,402000
2007/12/18,0,2864000,-199070,2664930
2007/12/19,0,1267000,-1188000,79000
2007/12/20,0,54000,-1396000,-1342000
2007/12/21,0,426000,-34000,392000
2007/12/24,0,121000,0,121000
2007/12/25,0,206000,-217000,-11000
2007/12/26,0,693000,-357000,336000
2007/12/27,0,1413000,-313000,1100000
2007/12/28,0,879000,-791000,88000
2007/12/31,0,401000,-287000,114000
2008/01/01,0,0,0,0
2008/01/02,0,72000,-437000,-365000
2008/01/03,0,588501,-107000,481501
2008/01/04,0,914000,-203000,711000
2008/01/07,0,1283000,-2707000,-1424000
2008/01/08,0,42000,-1290000,-1248000
2008/01/09,0,270000,-964000,-694000
2008/01/10,0,1010000,-246000,764000
2008/01/11,0,797000,-98000,699000
2008/01/14,0,1123000,-468000,655000
2008/01/15,0,1624000,-260000,1364000
2008/01/16,0,1011000,-292000,719000
2008/01/17,0,1694000,-519000,1175000
2008/01/18,0,700000,-822000,-122000
2008/01/21,0,235000,-258000,-23000
2008/01/22,0,124000,-164000,-40000
2008/01/23,0,725000,-2202000,-1477000
2008/01/24,0,574000,-464000,110000
2008/01/25,0,1006000,-659000,347000
2008/01/28,0,539000,-1255000,-716000
2008/01/29,0,705000,-299000,406000
2008/01/30,0,852000,-238000,614000
2008/01/31,0,769000,-368000,401000
2008/02/01,0,721000,-123000,598000
2008/02/04,0,0,0,0
2008/02/05,0,0,0,0
2008/02/06,0,0,0,0
2008/02/07,0,0,0,0
2008/02/08,0,0,0,0
2008/02/11,0,0,0,0
2008/02/12,0,289000,-490000,-201000
2008/02/13,0,94000,-536000,-442000
2008/02/14,0,397000,-568000,-171000
2008/02/15,0,1463000,-340870,1122130
2008/02/18,0,255000,-569000,-314000
2008/02/19,0,172000,-298000,-126000
2008/02/20,0,573000,-338000,235000
2008/02/21,0,1509000,-188000,1321000
2008/02/22,0,1184000,-235000,949000
2008/02/25,0,741000,-233100,507900
2008/02/26,0,1132000,-2383000,-1251000
2008/02/27,0,2774000,-3411448,-637448
2008/02/28,0,0,0,0
2008/02/29,0,884000,-1755000,-871000
2008/03/03,0,1078000,-347348,730652
2008/03/04,0,880000,-1834000,-954000
2008/03/05,0,567000,-906000,-339000
2008/03/06,0,909500,-420660,488840
2008/03/07,0,1726000,-213000,1513000
2008/03/10,0,1113000,-910000,203000
2008/03/11,0,1414000,-1087000,327000
2008/03/12,0,1496000,-780519,715481
2008/03/13,0,1539000,-849000,690000
2008/03/14,0,1090000,-932000,158000
2008/03/17,0,3323000,-528000,2795000
2008/03/18,0,2536000,-630000,1906000
2008/03/19,0,1033900,-534000,499900
2008/03/20,0,4563000,-160009,4402991
2008/03/21,0,1497000,-558000,939000
2008/03/24,0,2090000,-661000,1429000
2008/03/25,0,712000,-486000,226000
2008/03/26,0,780000,-246000,534000
2008/03/27,0,1314000,-561000,753000
2008/03/28,0,5247000,-701544,4545456
2008/03/31,0,1723000,-1209432,513568
2008/04/01,0,1062000,-2315000,-1253000
2008/04/02,0,3040000,-1314000,1726000
2008/04/03,0,531000,-469000,62000
2008/04/04,0,0,0,0
2008/04/07,0,1469000,-607000,862000
2008/04/08,0,163000,-1997000,-1834000
2008/04/09,0,464000,-1346000,-882000
2008/04/10,0,338000,-1822000,-1484000
2008/04/11,0,565000,-2925000,-2360000
2008/04/14,0,286000,-394200,-108200
2008/04/15,0,878000,-522000,356000
2008/04/16,0,1510000,-549000,961000
2008/04/17,0,1963000,-2885000,-922000
2008/04/18,0,696000,-24000,672000
2008/04/21,0,1167000,-838000,329000
2008/04/22,0,403000,-980000,-577000
2008/04/23,0,1877000,-938000,939000
2008/04/24,0,2058000,-1254000,804000
2008/04/25,0,711000,-2158000,-1447000
2008/04/28,0,1906000,-1894000,12000
2008/04/29,0,1178000,-1045000,133000
2008/04/30,0,1327000,-958000,369000
2008/05/01,0,0,0,0
2008/05/02,0,1595000,-763000,832000
2008/05/05,0,802000,-246000,556000
2008/05/06,0,1038000,-161000,877000
2008/05/07,0,388000,-197000,191000
2008/05/08,0,159000,-692000,-533000
2008/05/09,0,458000,-929000,-471000
2008/05/12,0,2819000,-114204,2704796
2008/05/13,0,737072,-667000,70072
2008/05/14,0,1003000,-512000,491000
2008/05/15,0,1962000,-48000,1914000
2008/05/16,0,885000,-584000,301000
2008/05/19,0,93000,-417000,-324000
2008/05/20,0,1246000,-2182000,-936000
2008/05/21,0,356000,-758000,-402000
2008/05/22,0,768000,-1104000,-336000
2008/05/23,0,677000,-695000,-18000
2008/05/26,0,1197000,-147000,1050000
2008/05/27,0,1267000,-123000,1144000
2008/05/28,0,593000,-2065000,-1472000
2008/05/29,0,655000,-832000,-177000
2008/05/30,0,1299000,-1149000,150000
2008/06/02,0,583000,-242579,340421
2008/06/03,0,480000,-752000,-272000
2008/06/04,0,640000,-29000,611000
2008/06/05,0,2432000,-140000,2292000
2008/06/06,0,126000,-1478000,-1352000
2008/06/09,0,2020000,-1365000,655000
2008/06/10,0,475000,-753000,-278000
2008/06/11,0,1049000,-1285000,-236000
2008/06/12,0,602000,-369000,233000
2008/06/13,0,588000,-261000,327000
2008/06/16,0,788000,-206000,582000
2008/06/17,0,1343000,-366000,977000
2008/06/18,0,1053000,-125000,928000
2008/06/19,0,1779000,-529000,1250000
2008/06/20,0,1053000,-985000,68000
2008/06/23,0,1216000,-737000,479000
2008/06/24,0,898000,-583000,315000
2008/06/25,0,3071000,-250000,2821000
2008/06/26,0,1378000,-619000,759000
2008/06/27,0,1149000,-1324000,-175000
2008/06/30,0,2074000,-317000,1757000
2008/07/01,0,1117000,-63000,1054000
2008/07/02,0,3675000,-235000,3440000
2008/07/03,0,2490000,-2466000,24000
2008/07/04,0,1339000,-470000,869000
2008/07/07,0,222000,-847000,-625000
2008/07/08,0,2142000,-784000,1358000
2008/07/09,0,3127000,-726000,2401000
2008/07/10,0,1929000,-581000,1348000
2008/07/11,0,1576000,-858000,718000
2008/07/14,0,1781000,-1033000,748000
2008/07/15,0,1654000,-953500,700500
2008/07/16,0,1102000,-1652000,-550000
2008/07/17,0,1335000,-1662000,-327000
2008/07/18,0,984000,-866000,118000
2008/07/21,0,2017000,-507000,1510000
2008/07/22,0,2163000,-686000,1477000
2008/07/23,0,3616000,-255000,3361000
2008/07/24,0,1311000,-390000,921000
2008/07/25,0,1249000,-278000,971000
2008/07/28,0,0,0,0
2008/07/29,0,2450000,-420000,2030000
2008/07/30,0,849000,-310000,539000
2008/07/31,0,2088000,-141000,1947000
2008/08/01,0,1649000,-824000,825000
2008/08/04,0,1976000,-1000,1975000
2008/08/05,0,2227000,-186000,2041000
2008/08/06,0,2739000,-816000,1923000
2008/08/07,0,729000,-676000,53000
2008/08/08,0,2543000,-659000,1884000
2008/08/11,0,848000,-1414000,-566000
2008/08/12,0,635000,-2043041,-1408041
2008/08/13,0,973194,-1223010,-249816
2008/08/14,0,659000,-1316907,-657907
2008/08/15,0,846000,-787857,58143
2008/08/18,0,168488,-273857,-105369
2008/08/19,0,84000,-146000,-62000
2008/08/20,0,974000,-250000,724000
2008/08/21,0,87000,-1037000,-950000
2008/08/22,0,34000,-1014000,-980000
2008/08/25,0,275000,-701000,-426000
2008/08/26,0,159000,-638000,-479000
2008/08/27,0,657000,-866005,-209005
2008/08/28,0,703000,-472000,231000
2008/08/29,0,1567000,-6016,1560984
2008/09/01,0,1638000,-1311000,327000
2008/09/02,0,1186000,-337000,849000
2008/09/03,0,2414000,-288897,2125103
2008/09/04,0,928000,-1505000,-577000
2008/09/05,0,1804000,-976000,828000
2008/09/08,0,352000,-130000,222000
2008/09/09,0,2466000,-168339,2297661
2008/09/10,0,1434000,-29000,1405000
2008/09/11,0,1604000,-375000,1229000
2008/09/12,0,1967000,-479000,1488000
2008/09/15,0,1121000,-763000,358000
2008/09/16,0,1311000,-20000,1291000
2008/09/17,0,1070000,-334000,736000
2008/09/18,0,1865000,-1488000,377000
2008/09/19,0,387000,-506050,-119050
2008/09/22,0,475000,-824000,-349000
2008/09/23,0,210000,-646000,-436000
2008/09/24,0,1611000,-253000,1358000
2008/09/25,0,845000,-518000,327000
2008/09/26,0,215000,-3551000,-3336000
2008/09/29,0,0,0,0
2008/09/30,0,1083000,-2280000,-1197000
2008/10/01,0,1492000,-838000,654000
2008/10/02,0,1145000,-335045,809955
2008/10/03,0,2112000,-97000,2015000
2008/10/06,0,1447000,-349813,1097187
2008/10/07,0,1064000,-54236,1009764
2008/10/08,0,1407000,-2747000,-1340000
2008/10/09,0,1834000,-152005,1681995
2008/10/10,0,0,0,0
2008/10/13,0,2115000,-1268000,847000
2008/10/14,0,2639000,-134000,2505000
2008/10/15,0,1134000,-2694030,-1560030
2008/10/16,0,6000,-425000,-419000
2008/10/17,0,1243000,-378000,865000
2008/10/20,0,1047000,-285541,761459
2008/10/21,0,2354000,-770000,1584000
2008/10/22,0,423000,-147000,276000
2008/10/23,0,84000,-1324,82676
2008/10/24,0,144000,-507000,-363000
2008/10/27,0,1974000,-521000,1453000
2008/10/28,0,2546000,-951000,1595000
2008/10/29,0,1827000,-1151000,676000
2008/10/30,0,931000,-366000,565000
2008/10/31,0,1577000,-947604,629396
2008/11/03,0,938000,-847371,90629
2008/11/04,0,303000,-870000,-567000
2008/11/05,0,178000,-1378100,-1200100
2008/11/06,0,725000,-17000,708000
2008/11/07,0,2679000,-470436,2208564
2008/11/10,0,453000,-847000,-394000
2008/11/11,0,513000,-251000,262000
2008/11/12,0,542000,-120000,422000
2008/11/13,0,1471000,-296000,1175000
2008/11/14,0,244000,-177000,67000
2008/11/17,0,211000,-266544,-55544
2008/11/18,0,1701000,-69000,1632000
2008/11/19,0,1525000,-516663,1008337
2008/11/20,0,2007000,-454000,1553000
2008/11/21,0,3852000,-341000,3511000
2008/11/24,0,2402000,-66000,2336000
2008/11/25,0,2988000,-480000,2508000
2008/11/26,0,710000,-229000,481000
2008/11/27,0,2358000,-1184050,1173950
2008/11/28,0,2595000,-328000,2267000
2008/12/01,0,873000,-179556,693444
2008/12/02,0,178000,-1833000,-1655000
2008/12/03,0,687000,-1405000,-718000
2008/12/04,0,1213000,-506000,707000
2008/12/05,0,621000,-370000,251000
2008/12/08,0,3664000,-417000,3247000
2008/12/09,0,2665000,-1265000,1400000
2008/12/10,0,1446000,-811676,634324
2008/12/11,0,1435000,-1026000,409000
2008/12/12,0,695000,-3999000,-3304000
2008/12/15,0,1864000,-3070000,-1206000
2008/12/16,0,90000,-1474000,-1384000
2008/12/17,0,56000,-2931000,-2875000
2008/12/18,0,437000,-653000,-216000
2008/12/19,0,2011000,-694000,1317000
2008/12/22,0,462000,-1328000,-866000
2008/12/23,0,258000,-634000,-376000
2008/12/24,0,235000,-615000,-380000
2008/12/25,0,168000,-38000,130000
2008/12/26,0,341000,-134000,207000
2008/12/29,0,494000,-169000,325000
2008/12/30,0,429000,-167359,261641
2008/12/31,0,229000,-340000,-111000
2009/01/01,0,0,0,0
2009/01/02,0,0,0,0
2009/01/05,0,3208000,-136000,3072000
2009/01/06,0,1264000,-131302,1132698
2009/01/07,0,580000,-1494000,-914000
2009/01/08,0,1989000,-1354000,635000
2009/01/09,0,1825000,-783000,1042000
2009/01/12,0,1559000,-357000,1202000
2009/01/13,0,1112000,-1130000,-18000
2009/01/14,0,385000,-654000,-269000
2009/01/15,0,1512000,-446000,1066000
2009/01/16,0,880000,-451000,429000
2009/01/19,0,706000,-107679,598321
2009/01/20,0,3377000,-72000,3305000
2009/01/21,0,2486000,-334000,2152000
2009/01/22,0,0,0,0
2009/01/23,0,0,0,0
2009/01/26,0,0,0,0
2009/01/27,0,0,0,0
2009/01/28,0,0,0,0
2009/01/29,0,0,0,0
2009/01/30,0,0,0,0
2009/02/02,0,1205000,-644712,560288
2009/02/03,0,1610000,-1698000,-88000
2009/02/04,0,1030000,-258000,772000
2009/02/05,0,2658000,-121000,2537000
2009/02/06,0,329000,-2556000,-2227000
2009/02/09,0,92000,-2533000,-2441000
2009/02/10,0,242000,-1353000,-1111000
2009/02/11,0,1457000,-1230160,226840
2009/02/12,0,808000,-3698341,-2890341
2009/02/13,0,1205000,-488000,717000
2009/02/16,0,773000,-1341000,-568000
2009/02/17,0,2784000,-2599000,185000
2009/02/18,0,797000,-3204000,-2407000
2009/02/19,0,1885000,-1956000,-71000
2009/02/20,0,4595000,-443000,4152000
2009/02/23,0,2525000,-1515000,1010000
2009/02/24,0,2356000,-1849000,507000
2009/02/25,0,1440000,-3178000,-1738000
2009/02/26,0,3139000,-1459000,1680000
2009/02/27,0,2111000,-140000,1971000
2009/03/02,0,5826000,-1911000,3915000
2009/03/03,0,1885000,-676000,1209000
2009/03/04,0,4047000,-3637000,410000
2009/03/05,0,2593000,-4530000,-1937000
2009/03/06,0,2405000,-4824000,-2419000
2009/03/09,0,1446000,-1862000,-416000
2009/03/10,0,3266000,-284000,2982000
2009/03/11,0,1497000,-6631000,-5134000
2009/03/12,0,373000,-1370000,-997000
2009/03/13,0,2685000,-951000,1734000
2009/03/16,0,483000,-2657000,-2174000
2009/03/17,0,1734000,-1432000,302000
2009/03/18,0,1432000,-1464000,-32000
2009/03/19,0,2567000,-1226000,1341000
2009/03/20,0,3319000,-1555755,1763245
2009/03/23,0,2053000,-2270000,-217000
2009/03/24,0,607000,-2328000,-1721000
2009/03/25,0,2368000,-519089,1848911
2009/03/26,0,1787000,-1013000,774000
2009/03/27,0,1402000,-5407000,-4005000
2009/03/30,0,543000,-5063000,-4520000
2009/03/31,0,818000,-1611000,-793000
2009/04/01,0,1743000,-1066000,677000
2009/04/02,0,954000,-1953000,-999000
2009/04/03,0,490000,-1458000,-968000
2009/04/06,0,790000,-825000,-35000
2009/04/07,0,1918000,-669000,1249000
2009/04/08,0,1383000,-4005000,-2622000
2009/04/09,0,1416000,-2105000,-689000
2009/04/10,0,422000,-5947000,-5525000
2009/04/13,0,416000,-4572000,-4156000
2009/04/14,0,506000,-2577000,-2071000
2009/04/15,0,1029000,-2836000,-1807000
2009/04/16,0,2023000,-4067000,-2044000
2009/04/17,0,3955000,-3082000,873000
2009/04/20,0,2899000,-1854000,1045000
2009/04/21,0,3537000,-810000,2727000
2009/04/22,0,2592000,-2424000,168000
2009/04/23,0,1705000,-3604000,-1899000
2009/04/24,0,3478000,-2706000,772000
2009/04/27,0,2865000,-1415000,1450000
2009/04/28,0,2749000,-2373000,376000
2009/04/29,0,1811000,-1541000,270000
2009/04/30,0,4034000,-617000,3417000
2009/05/01,0,0,0,0
2009/05/04,0,7414000,-2996000,4418000
2009/05/05,0,3886000,-2994000,892000
2009/05/06,0,4909000,-1828018,3080982
2009/05/07,0,3411000,-3454000,-43000
2009/05/08,0,5061000,-237220,4823780
2009/05/11,0,1139000,-1408000,-269000
2009/05/12,0,2073000,-2709000,-636000
2009/05/13,0,1199000,-3157000,-1958000
2009/05/14,0,560000,-2086000,-1526000
2009/05/15,0,3284000,-2306000,978000
2009/05/18,0,1153000,-2908000,-1755000
2009/05/19,0,931000,-5969000,-5038000
2009/05/20,0,1539000,-3222515,-1683515
2009/05/21,0,586000,-2998000,-2412000
2009/05/22,0,982000,-2748000,-1766000
2009/05/25,0,782000,-2984000,-2202000
2009/05/26,0,1000000,-2075000,-1075000
2009/05/27,0,4437000,-7057000,-2620000
2009/05/28,0,0,0,0
2009/05/29,0,0,0,0
2009/06/01,0,1603000,-5118066,-3515066
2009/06/02,0,1461000,-4101000,-2640000
2009/06/03,0,547000,-1469000,-922000
2009/06/04,0,1972000,-2156408,-184408
2009/06/05,0,793000,-1492000,-699000
2009/06/08,0,501000,-1907000,-1406000
2009/06/09,0,6748000,-1231000,5517000
2009/06/10,0,2259000,-1084143,1174857
2009/06/11,0,1080000,-3409000,-2329000
2009/06/12,0,1659000,-5502000,-3843000
2009/06/15,0,4304000,-3105000,1199000
2009/06/16,0,888394,-2117000,-1228606
2009/06/17,0,2279000,-984000,1295000
2009/06/18,0,1289000,-1009000,280000
2009/06/19,0,2706000,-1073000,1633000
2009/06/22,0,2593000,-822000,1771000
2009/06/23,0,1374000,-411000,963000
2009/06/24,0,4802000,-2025000,2777000
2009/06/25,0,1048000,-2230000,-1182000
2009/06/26,0,247000,-2793000,-2546000
2009/06/29,0,756000,-2097000,-1341000
2009/06/30,0,1598000,-2846000,-1248000
2009/07/01,0,2446000,-563000,1883000
2009/07/02,0,231000,-1207000,-976000
2009/07/03,0,343000,-131000,212000
2009/07/06,0,148000,-440000,-292000
2009/07/07,0,3001572,-366000,2635572
2009/07/08,0,322000,-584500,-262500
2009/07/09,0,2551261,-378000,2173261
2009/07/10,0,2155000,-508000,1647000
2009/07/13,0,1206000,-3696000,-2490000
2009/07/14,0,4992000,-438000,4554000
2009/07/15,0,2597000,-4502599,-1905599
2009/07/16,0,267000,-2305000,-2038000
2009/07/17,0,1026000,-706000,320000
2009/07/20,0,737000,-1550000,-813000
2009/07/21,0,1914000,-2160000,-246000
2009/07/22,0,975000,-997000,-22000
2009/07/23,0,3670000,-866000,2804000
2009/07/24,0,189000,-3325000,-3136000
2009/07/27,0,1875000,-615000,1260000
2009/07/28,0,675000,-1966000,-1291000
2009/07/29,0,2926000,-1853000,1073000
2009/07/30,0,2584000,-2739000,-155000
2009/07/31,0,1258000,-6223000,-4965000
2009/08/03,0,498384,-3621000,-3122616
2009/08/04,0,543000,-3153069,-2610069
2009/08/05,0,650000,-179000,471000
2009/08/06,0,581000,-277000,304000
2009/08/07,0,0,0,0
2009/08/10,0,791000,-1053000,-262000
2009/08/11,0,1330000,-766000,564000
2009/08/12,0,398000,-1492339,-1094339
2009/08/13,0,957000,-1124129,-167129
2009/08/14,0,925000,-633050,291950
2009/08/17,0,809000,-595000,214000
2009/08/18,0,2469000,-1036791,1432209
2009/08/19,0,1189000,-802500,386500
2009/08/20,0,718000,-992034,-274034
2009/08/21,0,58000,-1301000,-1243000
2009/08/24,0,285000,-496000,-211000
2009/08/25,0,1000,-102000,-101000
2009/08/26,0,407000,-421479,-14479
2009/08/27,0,46000,-206000,-160000
2009/08/28,0,749000,-174000,575000
2009/08/31,0,90000,-358000,-268000
2009/09/01,0,1731000,-386000,1345000
2009/09/02,0,1472000,-875000,597000
2009/09/03,0,721000,-2450000,-1729000
2009/09/04,0,208000,-2121000,-1913000
2009/09/07,0,116000,-2238000,-2122000
2009/09/08,0,1977000,-405001,1571999
2009/09/09,0,857000,-731000,126000
2009/09/10,0,2462000,-1446000,1016000
2009/09/11,0,381000,-640000,-259000
2009/09/14,0,247000,-2030000,-1783000
2009/09/15,0,1097000,-86000,1011000
2009/09/16,0,402000,-840310,-438310
2009/09/17,0,525000,-576005,-51005
2009/09/18,0,188000,-1089000,-901000
2009/09/21,0,901000,-3150000,-2249000
2009/09/22,0,310000,-613000,-303000
2009/09/23,0,231000,-2735495,-2504495
2009/09/24,0,527000,-422000,105000
2009/09/25,0,204000,-711000,-507000
2009/09/28,0,137000,-184345,-47345
2009/09/29,0,825000,-950814,-125814
2009/09/30,0,858000,-1747000,-889000
2009/10/01,0,592000,-1609259,-1017259
2009/10/02,0,1338000,-877000,461000
2009/10/05,0,675000,-949000,-274000
2009/10/06,0,629000,-1427019,-798019
2009/10/07,0,827000,-42000,785000
2009/10/08,0,821000,-525000,296000
2009/10/09,0,1701000,-592000,1109000
2009/10/12,0,368000,-1164000,-796000
2009/10/13,0,1536000,-631000,905000
2009/10/14,0,4473000,-1382000,3091000
2009/10/15,0,614000,-2101000,-1487000
2009/10/16,0,2327000,-78064,2248936
2009/10/19,0,1200000,-299000,901000
2009/10/20,0,755000,-782000,-27000
2009/10/21,0,87000,-781841,-694841
2009/10/22,0,710000,-2007000,-1297000
2009/10/23,0,904401,-583000,321401
2009/10/26,0,657000,-373000,284000
2009/10/27,0,1678000,-233000,1445000
2009/10/28,0,633000,-1059000,-426000
2009/10/29,0,4682000,-2961000,1721000
2009/10/30,0,405000,-2455000,-2050000
2009/11/02,0,883000,-2444000,-1561000
2009/11/03,0,579000,-731000,-152000
2009/11/04,0,1685000,-322000,1363000
2009/11/05,0,539000,-359000,180000
2009/11/06,0,1034000,-224000,810000
2009/11/09,0,701000,-208000,493000
2009/11/10,0,1414000,-115000,1299000
2009/11/11,0,3648000,-1321000,2327000
2009/11/12,0,1058000,-1257000,-199000
2009/11/13,0,872000,-1090000,-218000
2009/11/16,0,663000,-1472000,-809000
2009/11/17,0,370000,-2673000,-2303000
2009/11/18,0,150000,-1130000,-980000
2009/11/19,0,1247000,-269000,978000
2009/11/20,0,453000,-688000,-235000
2009/11/23,0,186000,-110000,76000
2009/11/24,0,128000,-164000,-36000
2009/11/25,0,632000,-392000,240000
2009/11/26,0,518000,-943080,-425080
2009/11/27,0,599000,-1708000,-1109000
2009/11/30,0,380000,-426869,-46869
2009/12/01,0,831000,-251000,580000
2009/12/02,0,559000,-339000,220000
2009/12/03,0,503000,-273000,230000
2009/12/04,0,320000,-207000,113000
2009/12/07,0,3772000,-265000,3507000
2009/12/08,0,628000,-780000,-152000
2009/12/09,0,452000,-693000,-241000
2009/12/10,0,1063000,-3043000,-1980000
2009/12/11,0,929000,-1030000,-101000
2009/12/14,0,1109000,-1181500,-72500
2009/12/15,0,180000,-857000,-677000
2009/12/16,0,777000,-1495000,-718000
2009/12/17,0,308000,-592000,-284000
2009/12/18,0,1113000,-235000,878000
2009/12/21,0,577000,-1583000,-1006000
2009/12/22,0,772000,-1346107,-574107
2009/12/23,0,691000,-1023000,-332000
2009/12/24,0,821000,-464000,357000
2009/12/25,0,107000,-365475,-258475
2009/12/28,0,564000,-221000,343000
2009/12/29,0,412000,-553000,-141000
2009/12/30,0,870000,-972000,-102000
2009/12/31,0,1300000,-1190000,110000
2010/01/01,0,0,0,0
2010/01/04,0,411000,-2565000,-2154000
2010/01/05,0,733000,-2878000,-2145000
2010/01/06,0,4410000,-888000,3522000
2010/01/07,0,476000,-1542000,-1066000
2010/01/08,0,1466000,-312000,1154000
2010/01/11,0,576000,-2099000,-1523000
2010/01/12,0,1270000,-358000,912000
2010/01/13,0,1352000,-2872000,-1520000
2010/01/14,0,2323000,-819742,1503258
2010/01/15,0,1245000,-808000,437000
2010/01/18,0,492000,-210000,282000
2010/01/19,0,483000,-1155000,-672000
2010/01/20,0,910641,-3464000,-2553359
2010/01/21,0,441000,-657000,-216000
2010/01/22,0,817000,-2361000,-1544000
2010/01/25,0,1195000,-2313000,-1118000
2010/01/26,0,668000,-4374000,-3706000
2010/01/27,0,1138000,-959000,179000
2010/01/28,0,2173000,-1845000,328000
2010/01/29,0,3604000,-2478000,1126000
2010/02/01,0,3013000,-1158000,1855000
2010/02/02,0,747000,-1594000,-847000
2010/02/03,0,1577000,-948000,629000
2010/02/04,0,781000,-607000,174000
2010/02/05,0,1431000,-1745000,-314000
2010/02/08,0,3152000,-161677,2990323
2010/02/09,0,1875000,-434000,1441000
2010/02/10,0,605000,-374122,230878
2010/02/11,0,0,0,0
2010/02/12,0,0,0,0
2010/02/15,0,0,0,0
2010/02/16,0,0,0,0
2010/02/17,0,0,0,0
2010/02/18,0,0,0,0
2010/02/19,0,0,0,0
2010/02/22,0,1953000,-1231000,722000
2010/02/23,0,291000,-1729000,-1438000
2010/02/24,0,1336000,-1510000,-174000
2010/02/25,0,393000,-1204000,-811000
2010/02/26,0,567000,-362000,205000
2010/03/01,0,1107000,-446000,661000
2010/03/02,0,495000,-1403000,-908000
2010/03/03,0,72000,-1259000,-1187000
2010/03/04,0,2086000,-2445000,-359000
2010/03/05,0,657000,-2785000,-2128000
2010/03/08,0,543000,-1692000,-1149000
2010/03/09,0,67000,-736000,-669000
2010/03/10,0,6000,-398000,-392000
2010/03/11,0,77000,-292000,-215000
2010/03/12,0,531000,-120000,411000
2010/03/15,0,819000,-1310000,-491000
2010/03/16,0,824000,-904000,-80000
2010/03/17,0,4899000,-548000,4351000
2010/03/18,0,1596000,-1395000,201000
2010/03/19,0,572000,-55701,516299
2010/03/22,0,1598000,-881000,717000
2010/03/23,0,393000,-1030000,-637000
2010/03/24,0,585000,-2390268,-1805268
2010/03/25,0,3493000,-1245000,2248000
2010/03/26,0,2012000,-1450000,562000
2010/03/29,0,1016000,-426000,590000
2010/03/30,0,236000,-231000,5000
2010/03/31,0,257000,-230000,27000
2010/04/01,0,2564000,-567000,1997000
2010/04/02,0,53000,-221000,-168000
2010/04/05,0,0,0,0
2010/04/06,0,1426000,-1082000,344000
2010/04/07,0,42000,-355000,-313000
2010/04/08,0,1288000,-145000,1143000
2010/04/09,0,90000,-245000,-155000
2010/04/12,0,113000,-306000,-193000
2010/04/13,0,107355,-543000,-435645
2010/04/14,0,105000,-154000,-49000
2010/04/15,0,489000,-220000,269000
2010/04/16,0,180000,-966000,-786000
2010/04/19,0,782000,-591000,191000
2010/04/20,0,473000,-2877000,-2404000
2010/04/21,0,1421000,-151073,1269927
2010/04/22,0,1586000,-1824000,-238000
2010/04/23,0,244000,-1547000,-1303000
2010/04/26,0,2054000,-308000,1746000
2010/04/27,0,705000,-195000,510000
2010/04/28,0,665000,-1204000,-539000
2010/04/29,0,585000,-78000,507000
2010/04/30,0,155000,-2240000,-2085000
2010/05/03,0,381000,-626000,-245000
2010/05/04,0,682000,-357000,325000
2010/05/05,0,842000,-979000,-137000
2010/05/06,0,351000,-2322000,-1971000
2010/05/07,0,1532000,-311000,1221000
2010/05/10,0,702000,-641000,61000
2010/05/11,0,401000,-4074000,-3673000
2010/05/12,0,465000,-829000,-364000
2010/05/13,0,1917000,-495000,1422000
2010/05/14,0,2007000,-1474000,533000
2010/05/17,0,1132000,-1240000,-108000
2010/05/18,0,1900000,-420253,1479747
2010/05/19,0,3533000,-812000,2721000
2010/05/20,0,289000,-1247000,-958000
2010/05/21,0,587000,-1470000,-883000
2010/05/24,0,60000,-301000,-241000
2010/05/25,0,1675000,-1066000,609000
2010/05/26,0,1641000,-224000,1417000
2010/05/27,0,968000,-932000,36000
2010/05/28,0,249000,-1142000,-893000
2010/05/31,0,120000,-1182000,-1062000
2010/06/01,0,63000,-1433000,-1370000
2010/06/02,0,565000,-249000,316000
2010/06/03,0,402000,-989000,-587000
2010/06/04,0,109000,-850000,-741000
2010/06/07,0,1243000,-255000,988000
2010/06/08,0,994000,-711000,283000
2010/06/09,0,144000,-2441000,-2297000
2010/06/10,0,403000,-634000,-231000
2010/06/11,0,618000,-451000,167000
2010/06/14,0,630000,-530000,100000
2010/06/15,0,3015000,-435000,2580000
2010/06/16,0,0,0,0
2010/06/17,0,5736000,-969000,4767000
2010/06/18,0,1119000,-2032000,-913000
2010/06/21,0,651000,-824000,-173000
2010/06/22,0,309000,-60000,249000
2010/06/23,0,874000,-67000,807000
2010/06/24,0,782000,-45000,737000
2010/06/25,0,972000,-245000,727000
2010/06/28,0,390000,-5000,385000
2010/06/29,0,969000,-784000,185000
2010/06/30,0,1143000,-435000,708000
2010/07/01,0,2105000,-223000,1882000
2010/07/02,0,2293000,-397000,1896000
2010/07/05,0,6807000,-545491,6261509
2010/07/06,0,286000,-4545000,-4259000
2010/07/07,0,74000,-804000,-730000
2010/07/08,0,297000,-1563000,-1266000
2010/07/09,0,17000,-769000,-752000
2010/07/12,0,158000,-254000,-96000
2010/07/13,0,300000,-177000,123000
2010/07/14,0,964000,-429000,535000
2010/07/15,0,18000,-194000,-176000
2010/07/16,0,79000,-133000,-54000
2010/07/19,0,283000,-1251000,-968000
2010/07/20,0,89000,-664000,-575000
2010/07/21,0,42000,-2038000,-1996000
2010/07/22,0,168000,-148000,20000
2010/07/23,0,465000,-170000,295000
2010/07/26,0,144000,-143000,1000
2010/07/27,0,51000,-1229000,-1178000
2010/07/28,0,37000,-138000,-101000
2010/07/29,0,366000,-262000,104000
2010/07/30,0,425000,-678000,-253000
2010/08/02,0,803000,-160000,643000
2010/08/03,0,436000,-538000,-102000
2010/08/04,0,225000,-444000,-219000
2010/08/05,0,91000,-903000,-812000
2010/08/06,0,613000,-133000,480000
2010/08/09,0,745000,-627000,118000
2010/08/10,0,178100,-1126000,-947900
2010/08/11,0,70550,-272000,-201450
2010/08/12,0,376000,-776000,-400000
2010/08/13,0,698000,-382000,316000
2010/08/16,0,344350,-390000,-45650
2010/08/17,0,287000,-84000,203000
2010/08/18,0,438000,-1655000,-1217000
2010/08/19,0,961200,-379000,582200
2010/08/20,0,235000,-853000,-618000
2010/08/23,0,904000,-508000,396000
2010/08/24,0,247000,-1323000,-1076000
2010/08/25,0,1214000,-2231000,-1017000
2010/08/26,0,454800,-461000,-6200
2010/08/27,0,957000,-700000,257000
2010/08/30,0,268000,-1576000,-1308000
2010/08/31,0,338000,-127000,211000
2010/09/01,0,368000,-403093,-35093
2010/09/02,0,311000,-1074000,-763000
2010/09/03,0,1518000,-657000,861000
2010/09/06,0,862000,-212000,650000
2010/09/07,0,249000,-296000,-47000
2010/09/08,0,193000,-784000,-591000
2010/09/09,0,394000,-192284,201716
2010/09/10,0,555000,-258000,297000
2010/09/13,0,1620000,-282000,1338000
2010/09/14,0,4000,-1051000,-1047000
2010/09/15,0,245000,-1088000,-843000
2010/09/16,0,62000,-690000,-628000
2010/09/17,0,902000,-655250,246750
2010/09/20,0,135000,-959000,-824000
2010/09/21,0,83000,-265000,-182000
2010/09/22,0,0,0,0
2010/09/23,0,1732000,-286000,1446000
2010/09/24,0,627000,-600000,27000
2010/09/27,0,156000,-779000,-623000
2010/09/28,0,17000,-971000,-954000
2010/09/29,0,131000,-567000,-436000
2010/09/30,0,108000,-494000,-386000
2010/10/01,0,228000,-525000,-297000
2010/10/04,0,480000,-463000,17000
2010/10/05,0,936000,-222000,714000
2010/10/06,0,57000,-268000,-211000
2010/10/07,0,244000,-63615,180385
2010/10/08,0,929000,-166000,763000
2010/10/11,0,81000,-64000,17000
2010/10/12,0,107000,-772000,-665000
2010/10/13,0,202000,-431000,-229000
2010/10/14,0,420000,-363000,57000
2010/10/15,0,945000,-29000,916000
2010/10/18,0,631000,-253000,378000
2010/10/19,0,385000,-1073000,-688000
2010/10/20,0,181000,-651000,-470000
2010/10/21,0,772000,-496000,276000
2010/10/22,0,317000,-581000,-264000
2010/10/25,0,1688000,-30000,1658000
2010/10/26,0,783000,-437000,346000
2010/10/27,0,375000,-101000,274000
2010/10/28,0,4503000,-648000,3855000
2010/10/29,0,917000,-2250000,-1333000
2010/11/01,0,3608000,-467000,3141000
2010/11/02,0,1046000,-120478,925522
2010/11/03,0,479000,-2477000,-1998000
2010/11/04,0,374000,-198000,176000
2010/11/05,0,449000,-197000,252000
2010/11/08,0,713000,-64000,649000
2010/11/09,0,569610,-95000,474610
2010/11/10,0,638000,-1051000,-413000
2010/11/11,0,786000,-132000,654000
2010/11/12,0,61000,-457000,-396000
2010/11/15,0,488000,-253000,235000
2010/11/16,0,1505000,-944000,561000
2010/11/17,0,335000,-339000,-4000
2010/11/18,0,1102000,-415348,686652
2010/11/19,0,325000,-386000,-61000
2010/11/22,0,436000,-278000,158000
2010/11/23,0,234000,-400000,-166000
2010/11/24,0,962000,-776000,186000
2010/11/25,0,147000,-1194000,-1047000
2010/11/26,0,109000,-306000,-197000
2010/11/29,0,441000,-359000,82000
2010/11/30,0,917000,-304000,613000
2010/12/01,0,1523000,-544000,979000
2010/12/02,0,3838000,-357000,3481000
2010/12/03,0,2902000,-1733000,1169000
2010/12/06,0,365000,-1625000,-1260000
2010/12/07,0,1397000,-600000,797000
2010/12/08,0,825000,-961000,-136000
2010/12/09,0,2575000,-719000,1856000
2010/12/10,0,716000,-367000,349000
2010/12/13,0,1111000,-985000,126000
2010/12/14,0,672000,-1584177,-912177
2010/12/15,0,621000,-2985000,-2364000
2010/12/16,0,1911000,-2087000,-176000
2010/12/17,0,3855000,-3300000,555000
2010/12/20,0,1292000,-1630136,-338136
2010/12/21,0,423000,-1584000,-1161000
2010/12/22,0,980000,-351000,629000
2010/12/23,0,1382000,-1390000,-8000
2010/12/24,0,631000,-673000,-42000
2010/12/27,0,1136000,-506000,630000
2010/12/28,0,594000,-1340000,-746000
2010/12/29,0,686000,-1067329,-381329
2010/12/30,0,1270000,-1227000,43000
2010/12/31,0,5148000,-662000,4486000
2011/01/03,0,759000,-1268000,-509000
2011/01/04,0,2107000,-825000,1282000
2011/01/05,0,3005000,-2948000,57000
2011/01/06,0,1858000,-3244000,-1386000
2011/01/07,0,3239000,-5625000,-2386000
2011/01/10,0,748000,-2034000,-1286000
2011/01/11,0,2455000,-2561000,-106000
2011/01/12,0,76000,-880000,-804000
2011/01/13,0,329000,-2277000,-1948000
2011/01/14,0,181000,-394000,-213000
2011/01/17,0,1444000,-576386,867614
2011/01/18,0,1551000,-623000,928000
2011/01/19,0,1417000,-2902000,-1485000
2011/01/20,0,1146000,-266000,880000
2011/01/21,0,1905000,-641000,1264000
2011/01/24,0,805000,-1289000,-484000
2011/01/25,0,410000,-937000,-527000
2011/01/26,0,2038000,-1002000,1036000
2011/01/27,0,1821000,-1272000,549000
2011/01/28,0,2271000,-4060000,-1789000
2011/01/31,0,0,0,0
2011/02/01,0,0,0,0
2011/02/02,0,0,0,0
2011/02/03,0,0,0,0
2011/02/04,0,0,0,0
2011/02/07,0,0,0,0
2011/02/08,0,2391000,-1057000,1334000
2011/02/09,0,2000000,-423000,1577000
2011/02/10,0,4953000,-1407000,3546000
2011/02/11,0,3731000,-3473000,258000
2011/02/14,0,1561000,-1696000,-135000
2011/02/15,0,1614000,-2902000,-1288000
2011/02/16,0,1788000,-607000,1181000
2011/02/17,0,875000,-2597000,-1722000
2011/02/18,0,1389000,-3753000,-2364000
2011/02/21,0,923000,-1104000,-181000
2011/02/22,0,3708000,-4736000,-1028000
2011/02/23,0,4452000,-2076000,2376000
2011/02/24,0,5094000,-349000,4745000
2011/02/25,0,7355000,-1389000,5966000
2011/02/28,0,0,0,0
2011/03/01,0,2007000,-1219000,788000
2011/03/02,0,2155000,-913376,1241624
2011/03/03,0,4622000,-1113000,3509000
2011/03/04,0,977000,-2828000,-1851000
2011/03/07,0,334000,-751783,-417783
2011/03/08,0,874000,-2886500,-2012500
2011/03/09,0,543000,-1402000,-859000
2011/03/10,0,1255000,-867000,388000
2011/03/11,0,1350000,-1446000,-96000
2011/03/14,0,2654000,-1440000,1214000
2011/03/15,0,7904000,-5023000,2881000
2011/03/16,0,3774000,-2045000,1729000
2011/03/17,0,2751000,-1655000,1096000
2011/03/18,0,1416000,-2191000,-775000
2011/03/21,0,783000,-2441000,-1658000
2011/03/22,0,204000,-1288000,-1084000
2011/03/23,0,531000,-800000,-269000
2011/03/24,0,2572000,-208000,2364000
2011/03/25,0,2765000,-3389000,-624000
2011/03/28,0,1072000,-198000,874000
2011/03/29,0,873000,-421000,452000
2011/03/30,0,791000,-387000,404000
2011/03/31,0,406000,-568000,-162000
2011/04/01,0,780000,-318000,462000
2011/04/04,0,0,0,0
2011/04/05,0,0,0,0
2011/04/06,0,3335000,-870000,2465000
2011/04/07,0,1909000,-873000,1036000
2011/04/08,0,1010000,-2852000,-1842000
2011/04/11,0,1524000,-1065000,459000
2011/04/12,0,2601000,-1357000,1244000
2011/04/13,0,1683000,-577000,1106000
2011/04/14,0,1504000,-490894,1013106
2011/04/15,0,712000,-1417000,-705000
2011/04/18,0,158000,-1313428,-1155428
2011/04/19,0,538000,-1436000,-898000
2011/04/20,0,961000,-1779000,-818000
2011/04/21,0,2025000,-2892000,-867000
2011/04/22,0,162000,-487000,-325000
2011/04/25,0,270000,-789000,-519000
2011/04/26,0,951000,-755000,196000
2011/04/27,0,1983000,-2913000,-930000
2011/04/28,0,829000,-5398000,-4569000
2011/04/29,0,1375000,-4604000,-3229000
2011/05/02,0,0,0,0
2011/05/03,0,1412000,-1375301,36699
2011/05/04,0,1518000,-583000,935000
2011/05/05,0,1740000,-729000,1011000
2011/05/06,0,1503000,-842000,661000
2011/05/09,0,1319000,-966000,353000
2011/05/10,0,292000,-465000,-173000
2011/05/11,0,332000,-688608,-356608
2011/05/12,0,524000,-706000,-182000
2011/05/13,0,504000,-342000,162000
2011/05/16,0,833000,-653000,180000
2011/05/17,0,516000,-895000,-379000
2011/05/18,0,1454000,-170000,1284000
2011/05/19,0,1847000,-605912,1241088
2011/05/20,0,1520000,-1718000,-198000
2011/05/23,0,1034000,-791000,243000
2011/05/24,0,3790000,-2586000,1204000
2011/05/25,0,962000,-535000,427000
2011/05/26,0,653000,-327000,326000
2011/05/27,0,1279000,-284000,995000
2011/05/30,0,1264000,-275000,989000
2011/05/31,0,2687000,-221000,2466000
2011/06/01,0,838000,-345000,493000
2011/06/02,0,1333000,-961000,372000
2011/06/03,0,2629000,-189000,2440000
2011/06/06,0,0,0,0
2011/06/07,0,302000,-754000,-452000
2011/06/08,0,639000,-338000,301000
2011/06/09,0,1498000,-313000,1185000
2011/06/10,0,966000,-2070000,-1104000
2011/06/13,0,1502000,-674000,828000
2011/06/14,0,1156000,-647000,509000
2011/06/15,0,995000,-1469000,-474000
2011/06/16,0,2285000,-425000,1860000
2011/06/17,0,2494000,-1663000,831000
2011/06/20,0,2468000,-408000,2060000
2011/06/21,0,3224000,-409000,2815000
2011/06/22,0,813000,-1128000,-315000
2011/06/23,0,4611000,-77000,4534000
2011/06/24,0,3394000,-707000,2687000
2011/06/27,0,3534000,-305000,3229000
2011/06/28,0,9903000,-477000,9426000
2011/06/29,0,3689000,-8839000,-5150000
2011/06/30,0,829000,-3007000,-2178000
2011/07/01,0,228000,-913000,-685000
2011/07/04,0,120000,-1843000,-1723000
2011/07/05,0,380000,-1640000,-1260000
2011/07/06,0,173000,-1083000,-910000
2011/07/07,0,2855000,-95000,2760000
2011/07/08,0,474000,-4169000,-3695000
2011/07/11,0,1185000,-707000,478000
2011/07/12,0,2217000,-397000,1820000
2011/07/13,0,4041000,-1683000,2358000
2011/07/14,0,4672000,-550000,4122000
2011/07/15,0,5672000,-656000,5016000
2011/07/18,0,3206000,-435965,2770035
2011/07/19,0,2249000,-659000,1590000
2011/07/20,0,2332000,-2173000,159000
2011/07/21,0,716000,-1228000,-512000
2011/07/22,0,416000,-1237000,-821000
2011/07/25,0,181000,-1608000,-1427000
2011/07/26,0,518000,-1540756,-1022756
2011/07/27,0,201000,-1291000,-1090000
2011/07/28,0,335000,-1757000,-1422000
2011/07/29,0,443000,-1142000,-699000
2011/08/01,0,1587000,-958000,629000
2011/08/02,0,461000,-466000,-5000
2011/08/03,0,3729000,-701000,3028000
2011/08/04,0,4316000,-634331,3681669
2011/08/05,0,8193000,-1754000,6439000
2011/08/08,0,8470000,-1792000,6678000
2011/08/09,0,11001000,-2535000,8466000
2011/08/10,0,2943000,-1507000,1436000
2011/08/11,0,2497000,-1336000,1161000
2011/08/12,0,690000,-3506000,-2816000
2011/08/15,0,774000,-1559000,-785000
2011/08/16,0,313000,-1151000,-838000
2011/08/17,0,1064000,-1191000,-127000
2011/08/18,0,1998000,-1732000,266000
2011/08/19,0,2547000,-1301000,1246000
2011/08/22,0,4655000,-738000,3917000
2011/08/23,0,3777000,-504000,3273000
2011/08/24,0,1486000,-1656000,-170000
2011/08/25,0,1313000,-925000,388000
2011/08/26,0,1478000,-274000,1204000
2011/08/29,0,1468000,-604000,864000
2011/08/30,0,490000,-975000,-485000
2011/08/31,0,894000,-1385000,-491000
2011/09/01,0,570000,-3653000,-3083000
2011/09/02,0,1416000,-1670000,-254000
2011/09/05,0,1098000,-1840000,-742000
2011/09/06,0,1495000,-659000,836000
2011/09/07,0,2760000,-476000,2284000
2011/09/08,0,1108000,-2209000,-1101000
2011/09/09,0,1391000,-1206000,185000
2011/09/12,0,0,0,0
2011/09/13,0,1713000,-1321000,392000
2011/09/14,0,4938000,-1674000,3264000
2011/09/15,0,4079000,-1071000,3008000
2011/09/16,0,1805000,-1741000,64000
2011/09/19,0,637000,-766000,-129000
2011/09/20,0,1690000,-1266000,424000
2011/09/21,0,1778000,-1195000,583000
2011/09/22,0,2483000,-1645000,838000
2011/09/23,0,5653000,-1653000,4000000
2011/09/26,0,4751000,-671000,4080000
2011/09/27,0,1543000,-1777000,-234000
2011/09/28,0,390000,-1853000,-1463000
2011/09/29,0,362000,-1008000,-646000
2011/09/30,0,521000,-1350000,-829000
2011/10/03,0,652000,-881000,-229000
2011/10/04,0,2089000,-728000,1361000
2011/10/05,0,1533000,-249000,1284000
2011/10/06,0,1664000,-307344,1356656
2011/10/07,0,587000,-940000,-353000
2011/10/10,0,0,0,0
2011/10/11,0,554000,-623000,-69000
2011/10/12,0,233000,-515000,-282000
2011/10/13,0,441000,-1623000,-1182000
2011/10/14,0,140000,-462000,-322000
2011/10/17,0,200000,-283000,-83000
2011/10/18,0,349226,-410000,-60774
2011/10/19,0,2033000,-424000,1609000
2011/10/20,0,816000,-318000,498000
2011/10/21,0,1865000,-153835,1711165
2011/10/24,0,1029000,-230000,799000
2011/10/25,0,291000,-333000,-42000
2011/10/26,0,2278000,-81000,2197000
2011/10/27,0,1304000,-252000,1052000
2011/10/28,0,441000,-333000,108000
2011/10/31,0,165000,-458688,-293688
2011/11/01,0,1201000,-324000,877000
2011/11/02,0,1380000,-328000,1052000
2011/11/03,0,1321000,-713000,608000
2011/11/04,0,1530000,-400000,1130000
2011/11/07,0,323000,-616000,-293000
2011/11/08,0,230000,-428000,-198000
2011/11/09,0,37000,-243000,-206000
2011/11/10,0,1867000,-385000,1482000
2011/11/11,0,450000,-53000,397000
2011/11/14,0,522000,-407000,115000
2011/11/15,0,90000,-359000,-269000
2011/11/16,0,579000,-590000,-11000
2011/11/17,0,418000,-315000,103000
2011/11/18,0,2068000,-400000,1668000
2011/11/21,0,3972000,-512000,3460000
2011/11/22,0,3478000,-296000,3182000
2011/11/23,0,2140000,-219000,1921000
2011/11/24,0,1815000,-266000,1549000
2011/11/25,0,1390000,-536000,854000
2011/11/28,0,1324000,-941000,383000
2011/11/29,0,1366000,-503000,863000
2011/11/30,0,462000,-1088000,-626000
2011/12/01,0,1546000,-334000,1212000
2011/12/02,0,469000,-281000,188000
2011/12/05,0,189000,-321000,-132000
2011/12/06,0,139000,-309000,-170000
2011/12/07,0,290000,-167000,123000
2011/12/08,0,319000,-753000,-434000
2011/12/09,0,849000,-558000,291000
2011/12/12,0,169000,-276000,-107000
2011/12/13,0,310000,-203000,107000
2011/12/14,0,567000,-167000,400000
2011/12/15,0,891000,-591000,300000
2011/12/16,0,1523000,-609000,914000
2011/12/19,0,1403000,-264000,1139000
2011/12/20,0,1114000,-404000,710000
2011/12/21,0,2385000,-636000,1749000
2011/12/22,0,1286000,-92000,1194000
2011/12/23,0,87000,-172000,-85000
2011/12/26,0,273000,-374000,-101000
2011/12/27,0,1221000,-332000,889000
2011/12/28,0,1061000,-291000,770000
2011/12/29,0,1391000,-1029000,362000
2011/12/30,0,422000,-663000,-241000
2012/01/02,0,649000,-167000,482000
2012/01/03,0,758000,-274000,484000
2012/01/04,0,1237000,-1363000,-126000
2012/01/05,0,1177000,-224000,953000
2012/01/06,0,535000,-240000,295000
2012/01/09,0,566000,-296000,270000
2012/01/10,0,568000,-866000,-298000
2012/01/11,0,148000,-72000,76000
2012/01/12,0,320000,-114000,206000
2012/01/13,0,400000,-209000,191000
2012/01/16,0,510000,-654000,-144000
2012/01/17,0,782000,-192000,590000
2012/01/18,0,1019000,-674000,345000
2012/01/19,0,0,0,0
2012/01/20,0,0,0,0
2012/01/23,0,0,0,0
2012/01/24,0,0,0,0
2012/01/25,0,0,0,0
2012/01/26,0,0,0,0
2012/01/27,0,0,0,0
2012/01/30,0,1107000,-564000,543000
2012/01/31,0,885000,-1405000,-520000
2012/02/01,0,258000,-1836000,-1578000
2012/02/02,0,994000,-1929000,-935000
2012/02/03,0,791000,-2663000,-1872000
2012/02/06,0,102000,-1217000,-1115000
2012/02/07,0,213000,-144000,69000
2012/02/08,0,481000,-526000,-45000
2012/02/09,0,620000,-2583000,-1963000
2012/02/10,0,107000,-3256000,-3149000
2012/02/13,0,328000,-465000,-137000
2012/02/14,0,295000,-3310000,-3015000
2012/02/15,0,532000,-1614000,-1082000
2012/02/16,0,69000,-2355000,-2286000
2012/02/17,0,1390000,-1190000,200000
2012/02/20,0,766000,-3009000,-2243000
2012/02/21,0,258000,-2233000,-1975000
2012/02/22,0,840000,-291000,549000
2012/02/23,0,1471000,-1555000,-84000
2012/02/24,0,377000,-2437000,-2060000
2012/02/27,0,0,0,0
2012/02/28,0,0,0,0
2012/02/29,0,1465204,-695000,770204
2012/03/01,0,205000,-133000,72000
2012/03/02,0,260000,-435000,-175000
2012/03/05,0,876000,-3660466,-2784466
2012/03/06,0,414000,-1839000,-1425000
2012/03/07,0,134000,-1945000,-1811000
2012/03/08,0,173000,-1430000,-1257000
2012/03/09,0,138000,-780000,-642000
2012/03/12,0,23000,-996463,-973463
2012/03/13,0,1024000,-873000,151000
2012/03/14,0,1662000,-1365000,297000
2012/03/15,0,364000,-963000,-599000
2012/03/16,0,108000,-1513000,-1405000
2012/03/19,0,315000,-4292000,-3977000
2012/03/20,0,110000,-1747000,-1637000
2012/03/21,0,226000,-3809000,-3583000
2012/03/22,0,400000,-319000,81000
2012/03/23,0,175000,-78000,97000
2012/03/26,0,3408000,-1643000,1765000
2012/03/27,0,89000,-2119000,-2030000
2012/03/28,0,46000,-1961000,-1915000
2012/03/29,0,376000,-1194205,-818205
2012/03/30,0,908000,-207000,701000
2012/04/02,0,52000,-1027000,-975000
2012/04/03,0,355000,-531000,-176000
2012/04/04,0,0,0,0
2012/04/05,0,1776000,-184000,1592000
2012/04/06,0,478000,-719000,-241000
2012/04/09,0,1304000,-1173000,131000
2012/04/10,0,982000,-422000,560000
2012/04/11,0,2358000,-1065000,1293000
2012/04/12,0,800000,-636000,164000
2012/04/13,0,217000,-1529000,-1312000
2012/04/16,0,205000,-777000,-572000
2012/04/17,0,657000,-264000,393000
2012/04/18,0,2379000,-492000,1887000
2012/04/19,0,765000,-168000,597000
2012/04/20,0,258000,-370000,-112000
2012/04/23,0,1627000,-338000,1289000
2012/04/24,0,217000,-233000,-16000
2012/04/25,0,435000,-122000,313000
2012/04/26,0,376000,-632000,-256000
2012/04/27,0,2163000,-2331000,-168000
2012/04/30,0,1305000,-521000,784000
2012/05/01,0,0,0,0
2012/05/02,0,1774000,-1043000,731000
2012/05/03,0,456000,-620000,-164000
2012/05/04,0,893000,-208000,685000
2012/05/07,0,1301000,-282000,1019000
2012/05/08,0,2025000,-679154,1345846
2012/05/09,0,1239000,-195436,1043564
2012/05/10,0,841000,-1524000,-683000
2012/05/11,0,1787000,-334000,1453000
2012/05/14,0,953000,-363000,590000
2012/05/15,0,3088000,-930000,2158000
2012/05/16,0,7366000,-259000,7107000
2012/05/17,0,72000,-880000,-808000
2012/05/18,0,2478000,-233000,2245000
2012/05/21,0,1850000,-158000,1692000
2012/05/22,0,203000,-266000,-63000
2012/05/23,0,2116000,-1437000,679000
2012/05/24,0,3010000,-536305,2473695
2012/05/25,0,717000,-363000,354000
2012/05/28,0,757000,-2844000,-2087000
2012/05/29,0,662000,-648000,14000
2012/05/30,0,1022000,-1832000,-810000
2012/05/31,0,833000,-961000,-128000
2012/06/01,0,1726000,-568000,1158000
2012/06/04,0,4261088,-1061000,3200088
2012/06/05,0,637000,-383000,254000
2012/06/06,0,558000,-133000,425000
2012/06/07,0,345000,-716000,-371000
2012/06/08,0,557000,-351000,206000
2012/06/11,0,363000,-793000,-430000
2012/06/12,0,242000,-950000,-708000
2012/06/13,0,156000,-677000,-521000
2012/06/14,0,808000,-164000,644000
2012/06/15,0,1266000,-127000,1139000
2012/06/18,0,443000,-724000,-281000
2012/06/19,0,836000,-31000,805000
2012/06/20,0,574000,-422000,152000
2012/06/21,0,995000,-696000,299000
2012/06/22,0,1433000,-622000,811000
2012/06/25,0,1035000,-636000,399000
2012/06/26,0,3678000,-557000,3121000
2012/06/27,0,1940000,-601000,1339000
2012/06/28,0,1572000,-447000,1125000
2012/06/29,0,4382000,-620000,3762000
2012/07/02,0,2483000,-2084000,399000
2012/07/03,0,5012000,-1607000,3405000
2012/07/04,0,164000,-8417000,-8253000
2012/07/05,0,349000,-2570000,-2221000
2012/07/06,0,555000,-268000,287000
2012/07/09,0,272000,-144000,128000
2012/07/10,0,1260000,-267000,993000
2012/07/11,0,1318000,-488000,830000
2012/07/12,0,2355000,-394000,1961000
2012/07/13,0,2414000,-710000,1704000
2012/07/16,0,239000,-223210,15790
2012/07/17,0,1982000,-262000,1720000
2012/07/18,0,837000,-3343000,-2506000
2012/07/19,0,1034000,-2558000,-1524000
2012/07/20,0,242000,-977000,-735000
2012/07/23,0,1558000,-1084000,474000
2012/07/24,0,2808000,-146000,2662000
2012/07/25,0,612000,-709000,-97000
2012/07/26,0,224000,-1248000,-1024000
2012/07/27,0,321000,-1881000,-1560000
2012/07/30,0,85000,-1712000,-1627000
2012/07/31,0,582000,-1647000,-1065000
2012/08/01,0,546000,-268000,278000
2012/08/02,0,0,0,0
2012/08/03,0,334000,-501000,-167000
2012/08/06,0,376000,-623000,-247000
2012/08/07,0,165000,-703000,-538000
2012/08/08,0,309000,-368000,-59000
2012/08/09,0,862000,-841000,21000
2012/08/10,0,1561000,-236000,1325000
2012/08/13,0,827000,-436000,391000
2012/08/14,0,986000,-638000,348000
2012/08/15,0,165000,-662710,-497710
2012/08/16,0,447000,-400000,47000
2012/08/17,0,1308000,-433000,875000
2012/08/20,0,250000,-317000,-67000
2012/08/21,0,400000,-1092000,-692000
2012/08/22,0,895000,-325000,570000
2012/08/23,0,135000,-157000,-22000
2012/08/24,0,573000,-1005000,-432000
2012/08/27,0,533000,-1981000,-1448000
2012/08/28,0,526100,-1709000,-1182900
2012/08/29,0,351000,-323000,28000
2012/08/30,0,187000,-2138100,-1951100
2012/08/31,0,57000,-478000,-421000
2012/09/03,0,329000,-318000,11000
2012/09/04,0,703000,-1548000,-845000
2012/09/05,0,1624000,-823858,800142
2012/09/06,0,1182000,-1058000,124000
2012/09/07,0,561000,-1604000,-1043000
2012/09/10,0,394000,-718000,-324000
2012/09/11,0,101000,-1321000,-1220000
2012/09/12,0,274000,-338000,-64000
2012/09/13,0,215000,-515000,-300000
2012/09/14,0,1647000,-180000,1467000
2012/09/17,0,42000,-2352000,-2310000
2012/09/18,0,1357000,-156000,1201000
2012/09/19,0,1374000,-302000,1072000
2012/09/20,0,323000,-281000,42000
2012/09/21,0,648000,-933000,-285000
2012/09/24,0,938000,-1818000,-880000
2012/09/25,0,173000,-288000,-115000
2012/09/26,0,261000,-822000,-561000
2012/09/27,0,714000,-1131000,-417000
2012/09/28,0,484000,-904000,-420000
2012/10/01,0,50000,-749000,-699000
2012/10/02,0,214000,-1152000,-938000
2012/10/03,0,6000,-1816000,-1810000
2012/10/04,0,951000,-861000,90000
2012/10/05,0,234000,-1103000,-869000
2012/10/08,0,1010000,-1776000,-766000
2012/10/09,0,1910000,-537000,1373000
2012/10/10,0,0,0,0
2012/10/11,0,4572000,-568000,4004000
2012/10/12,0,364000,-1533000,-1169000
2012/10/15,0,1476000,-1131000,345000
2012/10/16,0,575000,-1194000,-619000
2012/10/17,0,2092000,-814000,1278000
2012/10/18,0,651000,-1104000,-453000
2012/10/19,0,615000,-668000,-53000
2012/10/22,0,588000,-525000,63000
2012/10/23,0,334000,-789000,-455000
2012/10/24,0,2175000,-157000,2018000
2012/10/25,0,1259000,-638000,621000
2012/10/26,0,996000,-2017000,-1021000
2012/10/29,0,1143000,-1200000,-57000
2012/10/30,0,1298000,-975000,323000
2012/10/31,0,630000,-639000,-9000
2012/11/01,0,1376000,-665000,711000
2012/11/02,0,318000,-1531000,-1213000
2012/11/05,0,758000,-1153000,-395000
2012/11/06,0,1300000,-387000,913000
2012/11/07,0,777000,-766000,11000
2012/11/08,0,542000,-1026000,-484000
2012/11/09,0,798000,-800000,-2000
2012/11/12,0,378000,-622000,-244000
2012/11/13,0,889000,-879000,10000
2012/11/14,0,318000,-1125000,-807000
2012/11/15,0,1194000,-641000,553000
2012/11/16,0,1064000,-497000,567000
2012/11/19,0,437000,-442000,-5000
2012/11/20,0,208000,-375000,-167000
2012/11/21,0,1995000,-912000,1083000
2012/11/22,0,1047000,-838000,209000
2012/11/23,0,1242000,-763000,479000
2012/11/26,0,628000,-780000,-152000
2012/11/27,0,490000,-763000,-273000
2012/11/28,0,667000,-505000,162000
2012/11/29,0,683000,-1107000,-424000
2012/11/30,0,1425000,-1779000,-354000
2012/12/03,0,1922000,-600000,1322000
2012/12/04,0,3257000,-328000,2929000
2012/12/05,0,3216000,-1357000,1859000
2012/12/06,0,746000,-1780000,-1034000
2012/12/07,0,379000,-1555000,-1176000
2012/12/10,0,853000,-475000,378000
2012/12/11,0,750000,-1418000,-668000
2012/12/12,0,1053000,-243000,810000
2012/12/13,0,1473000,-368000,1105000
2012/12/14,0,527000,-464000,63000
2012/12/17,0,957000,-566000,391000
2012/12/18,0,1767000,-167000,1600000
2012/12/19,0,423000,-1137000,-714000
2012/12/20,0,1244000,-1601559,-357559
2012/12/21,0,1205000,-606000,599000
2012/12/24,0,769000,-676000,93000
2012/12/25,0,978000,-930000,48000
2012/12/26,0,662000,-539000,123000
2012/12/27,0,1784012,-1755000,29012
2012/12/28,0,828000,-2225000,-1397000
2012/12/31,0,0,0,0
2013/01/01,0,0,0,0
2013/01/02,0,1300000,-1650000,-350000
2013/01/03,0,1512000,-2579000,-1067000
2013/01/04,0,910000,-1156000,-246000
2013/01/07,0,871000,-1321000,-450000
2013/01/08,0,749000,-829000,-80000
2013/01/09,0,1033000,-384000,649000
2013/01/10,0,1045000,-249000,796000
2013/01/11,0,262000,-331000,-69000
2013/01/14,0,475000,-508000,-33000
2013/01/15,0,826000,-1079000,-253000
2013/01/16,0,1181000,-344000,837000
2013/01/17,0,803000,-1498000,-695000
2013/01/18,0,2577000,-2889000,-312000
2013/01/21,0,941000,-662000,279000
2013/01/22,0,452000,-387000,65000
2013/01/23,0,503000,-559000,-56000
2013/01/24,0,896000,-1911000,-1015000
2013/01/25,0,1034000,-597000,437000
2013/01/28,0,795000,-1417000,-622000
2013/01/29,0,193000,-3274000,-3081000
2013/01/30,0,395000,-1605000,-1210000
2013/01/31,0,359000,-1455000,-1096000
2013/02/01,0,162000,-245000,-83000
2013/02/04,0,1004000,-1010000,-6000
2013/02/05,0,472000,-676000,-204000
2013/02/06,0,430000,-3723000,-3293000
2013/02/07,0,0,0,0
2013/02/08,0,0,0,0
2013/02/11,0,0,0,0
2013/02/12,0,0,0,0
2013/02/13,0,0,0,0
2013/02/14,0,0,0,0
2013/02/15,0,0,0,0
2013/02/18,0,641000,-3066000,-2425000
2013/02/19,0,552000,-1657000,-1105000
2013/02/20,0,597000,-2459000,-1862000
2013/02/21,0,392000,-1318000,-926000
2013/02/22,0,2355000,-849128,1505872
2013/02/25,0,778000,-1147000,-369000
2013/02/26,0,1048000,-912000,136000
2013/02/27,0,2451000,-739000,1712000
2013/02/28,0,0,0,0
2013/03/01,0,1118000,-1309000,-191000
2013/03/04,0,2732000,-193415,2538585
2013/03/05,0,893000,-2304000,-1411000
2013/03/06,0,495000,-1241000,-746000
2013/03/07,0,498000,-994000,-496000
2013/03/08,0,769000,-2382000,-1613000
2013/03/11,0,1158000,-1550000,-392000
2013/03/12,0,556000,-628000,-72000
2013/03/13,0,513000,-3073001,-2560001
2013/03/14,0,329000,-2343000,-2014000
2013/03/15,0,562000,-2457000,-1895000
2013/03/18,0,1513000,-1082000,431000
2013/03/19,0,825000,-1015000,-190000
2013/03/20,0,2171000,-1392000,779000
2013/03/21,0,2891000,-1491000,1400000
2013/03/22,0,1354000,-1420000,-66000
2013/03/25,0,330000,-1273000,-943000
2013/03/26,0,490000,-337000,153000
2013/03/27,0,226000,-1848000,-1622000
2013/03/28,0,751000,-1866000,-1115000
2013/03/29,0,411000,-500000,-89000
2013/04/01,0,394000,-915000,-521000
2013/04/02,0,315000,-621000,-306000
2013/04/03,0,48000,-925000,-877000
2013/04/04,0,0,0,0
2013/04/05,0,0,0,0
2013/04/08,0,1427000,-815000,612000
2013/04/09,0,1519000,-352251,1166749
2013/04/10,0,914000,-505000,409000
2013/04/11,0,3797000,-2357000,1440000
2013/04/12,0,313000,-1274000,-961000
2013/04/15,0,1226000,-942000,284000
2013/04/16,0,2403000,-892000,1511000
2013/04/17,0,958000,-1431000,-473000
2013/04/18,0,1818000,-646000,1172000
2013/04/19,0,2983000,-2299000,684000
2013/04/22,0,2234000,-2385000,-151000
2013/04/23,0,2032000,-490000,1542000
2013/04/24,0,2488000,-855000,1633000
2013/04/25,0,1010000,-1739000,-729000
2013/04/26,0,1396000,-3787000,-2391000
2013/04/29,0,399000,-788000,-389000
2013/04/30,0,1031000,-422000,609000
2013/05/01,0,0,0,0
2013/05/02,0,941000,-2466000,-1525000
2013/05/03,0,919000,-3978000,-3059000
2013/05/06,0,496000,-2512000,-2016000
2013/05/07,0,303000,-665000,-362000
2013/05/08,0,954000,-1890000,-936000
2013/05/09,0,758000,-757000,1000
2013/05/10,0,583000,-598000,-15000
2013/05/13,0,388000,-1479000,-1091000
2013/05/14,0,335000,-1137000,-802000
2013/05/15,0,2168410,-481000,1687410
2013/05/16,0,2494000,-817000,1677000
2013/05/17,0,1319000,-1113000,206000
2013/05/20,0,510000,-921000,-411000
2013/05/21,0,1815000,-875000,940000
2013/05/22,0,1631000,-852000,779000
2013/05/23,0,2356000,-3167000,-811000
2013/05/24,0,1933000,-2544000,-611000
2013/05/27,0,1723000,-1120000,603000
2013/05/28,0,1249000,-1090000,159000
2013/05/29,0,345000,-853000,-508000
2013/05/30,0,1177000,-1606876,-429876
2013/05/31,0,555000,-1236000,-681000
2013/06/03,0,1255000,-948000,307000
2013/06/04,0,300000,-1871000,-1571000
2013/06/05,0,479000,-596000,-117000
2013/06/06,0,1788000,-692000,1096000
2013/06/07,0,1100000,-1831000,-731000
2013/06/10,0,3478000,-441000,3037000
2013/06/11,0,965000,-857000,108000
2013/06/12,0,0,0,0
2013/06/13,0,3269000,-1054000,2215000
2013/06/14,0,629000,-4478000,-3849000
2013/06/17,0,900000,-242000,658000
2013/06/18,0,1286000,-779000,507000
2013/06/19,0,1677000,-543000,1134000
2013/06/20,0,1337000,-1006000,331000
2013/06/21,0,1684000,-2274000,-590000
2013/06/24,0,1991000,-1346000,645000
2013/06/25,0,3276000,-1044000,2232000
2013/06/26,0,1446000,-1645000,-199000
2013/06/27,0,1194000,-2541000,-1347000
2013/06/28,0,1161000,-3588000,-2427000
2013/07/01,0,3637000,-2120000,1517000
2013/07/02,0,3591000,-362000,3229000
2013/07/03,0,494000,-5621000,-5127000
2013/07/04,0,549000,-640000,-91000
2013/07/05,0,989000,-714000,275000
2013/07/08,0,1176000,-1453000,-277000
2013/07/09,0,1152000,-984000,168000
2013/07/10,0,614000,-1287000,-673000
2013/07/11,0,984000,-2089000,-1105000
2013/07/12,0,42000,-1517000,-1475000
2013/07/15,0,484000,-552000,-68000
2013/07/16,0,1392000,-570000,822000
2013/07/17,0,133000,-1732000,-1599000
2013/07/18,0,1845000,-674000,1171000
2013/07/19,0,2926000,-2223000,703000
2013/07/22,0,3098000,-376000,2722000
2013/07/23,0,2283000,-1426000,857000
2013/07/24,0,1065000,-1232000,-167000
2013/07/25,0,343000,-1046000,-703000
2013/07/26,0,528000,-649000,-121000
2013/07/29,0,143000,-848000,-705000
2013/07/30,0,761000,-388000,373000
2013/07/31,0,479000,-622000,-143000
2013/08/01,0,374000,-670000,-296000
2013/08/02,0,600000,-654000,-54000
2013/08/05,0,764000,-365000,399000
2013/08/06,0,655000,-668000,-13000
2013/08/07,0,139000,-726000,-587000
2013/08/08,0,1003000,-794000,209000
2013/08/09,0,1103000,-461000,642000
2013/08/12,0,1053000,-712000,341000
2013/08/13,0,842000,-314000,528000
2013/08/14,0,381000,-768000,-387000
2013/08/15,0,564000,-575000,-11000
2013/08/16,0,1426000,-709000,717000
2013/08/19,0,681000,-458000,223000
2013/08/20,0,494000,-1556000,-1062000
2013/08/21,0,0,0,0
2013/08/22,0,756000,-1501000,-745000
2013/08/23,0,1341000,-574000,767000
2013/08/26,0,330000,-888000,-558000
2013/08/27,0,437000,-1383000,-946000
2013/08/28,0,425000,-1434000,-1009000
2013/08/29,0,944000,-1276000,-332000
2013/08/30,0,274000,-1584000,-1310000
2013/09/02,0,288000,-631000,-343000
2013/09/03,0,185000,-1162000,-977000
2013/09/04,0,537000,-183000,354000
2013/09/05,0,1652000,-32000,1620000
2013/09/06,0,183000,-339000,-156000
2013/09/09,0,287000,-562000,-275000
2013/09/10,0,106000,-762000,-656000
2013/09/11,0,831000,-364000,467000
2013/09/12,0,158000,-821000,-663000
2013/09/13,0,91000,-319000,-228000
2013/09/16,0,270000,-194000,76000
2013/09/17,0,12000,-655000,-643000
2013/09/18,0,1154000,-353000,801000
2013/09/19,0,0,0,0
2013/09/20,0,0,0,0
2013/09/23,0,166000,-791000,-625000
2013/09/24,0,92000,-1206000,-1114000
2013/09/25,0,326000,-391000,-65000
2013/09/26,0,168000,-1254000,-1086000
2013/09/27,0,122000,-244000,-122000
2013/09/30,0,856000,-340000,516000
2013/10/01,0,142000,-612000,-470000
2013/10/02,0,61000,-417000,-356000
2013/10/03,0,997000,-722000,275000
2013/10/04,0,748000,-35000,713000
2013/10/07,0,366000,-516000,-150000
2013/10/08,0,246000,-936000,-690000
2013/10/09,0,37000,-542000,-505000
2013/10/10,0,0,0,0
2013/10/11,0,680000,-557000,123000
2013/10/14,0,233000,-564000,-331000
2013/10/15,0,894000,-46000,848000
2013/10/16,0,872000,-226000,646000
2013/10/17,0,786000,-81000,705000
2013/10/18,0,541000,-1182000,-641000
2013/10/21,0,167000,-607000,-440000
2013/10/22,0,446000,-578000,-132000
2013/10/23,0,375000,-2195000,-1820000
2013/10/24,0,659000,-257000,402000
2013/10/25,0,1074000,-828000,246000
2013/10/28,0,272000,-763000,-491000
2013/10/29,0,364000,-362000,2000
2013/10/30,0,309000,-175000,134000
2013/10/31,0,204000,-308000,-104000
2013/11/01,0,219000,-694000,-475000
2013/11/04,0,259000,-381000,-122000
2013/11/05,0,935000,-251000,684000
2013/11/06,0,899000,-227000,672000
2013/11/07,0,341000,-139000,202000
2013/11/08,0,574000,-264000,310000
2013/11/11,0,721000,-163000,558000
2013/11/12,0,1032000,-120000,912000
2013/11/13,0,621000,-234000,387000
2013/11/14,0,356000,-38000,318000
2013/11/15,0,597000,-63000,534000
2013/11/18,0,547000,-286000,261000
2013/11/19,0,2955000,-107000,2848000
2013/11/20,0,5937000,-373000,5564000
2013/11/21,0,1192000,-369000,823000
2013/11/22,0,583000,-452000,131000
2013/11/25,0,1571000,-75000,1496000
2013/11/26,0,945000,-1224000,-279000
2013/11/27,0,175000,-1429000,-1254000
2013/11/28,0,768000,-236000,532000
2013/11/29,0,861000,-113000,748000
2013/12/02,0,549000,-340000,209000
2013/12/03,0,257000,-675000,-418000
2013/12/04,0,380000,-496000,-116000
2013/12/05,0,191000,-553000,-362000
2013/12/06,0,391000,-199000,192000
2013/12/09,0,531000,-54000,477000
2013/12/10,0,175000,-141000,34000
2013/12/11,0,224000,-1359064,-1135064
2013/12/12,0,608000,-120000,488000
2013/12/13,0,557000,-198000,359000
2013/12/16,0,89000,-176337,-87337
2013/12/17,0,71000,-583000,-512000
2013/12/18,0,1534000,-277000,1257000
2013/12/19,0,487000,-861000,-374000
2013/12/20,0,925000,-299000,626000
2013/12/23,0,390000,-754000,-364000
2013/12/24,0,632000,-255000,377000
2013/12/25,0,789000,-60000,729000
2013/12/26,0,74000,-144000,-70000
2013/12/27,0,775000,-474000,301000
2013/12/30,0,630000,-621000,9000
2013/12/31,0,1005000,-777000,228000
2014/01/02,0,1152000,-227000,925000
2014/01/03,0,1603000,-571000,1032000
2014/01/06,0,269000,-190000,79000
2014/01/07,0,297000,-35000,262000
2014/01/08,0,431000,-782000,-351000
2014/01/09,0,2453000,-2486000,-33000
2014/01/10,0,1547000,-829000,718000
2014/01/13,0,2663000,-314000,2349000
2014/01/14,0,2696000,-201000,2495000
2014/01/15,0,5939000,-1939000,4000000
2014/01/16,0,3785009,-2885000,900009
2014/01/17,0,597000,-8190000,-7593000
2014/01/20,0,206000,-1437000,-1231000
2014/01/21,0,257000,-704000,-447000
2014/01/22,0,1163000,-584000,579000
2014/01/23,0,143000,-903000,-760000
2014/01/24,0,381000,-447000,-66000
2014/01/27,0,1915000,-682000,1233000
2014/02/05,0,3141000,-1072000,2069000
2014/02/06,0,651000,-1041000,-390000
2014/02/07,0,658000,-2193000,-1535000
2014/02/10,0,18000,-521000,-503000
2014/02/11,0,44000,-906000,-862000
2014/02/12,0,254000,-385000,-131000
2014/02/13,0,120000,-3045000,-2925000
2014/02/14,0,2475000,-2205000,270000
2014/02/17,0,219000,-684000,-465000
2014/02/18,0,99000,-208000,-109000
2014/02/19,0,335000,-1201000,-866000
2014/02/20,0,244000,-391000,-147000
2014/02/21,0,258000,-420000,-162000
2014/02/24,0,329000,-90000,239000
2014/02/25,0,331000,-499000,-168000
2014/02/26,0,473000,-200000,273000
2014/02/27,0,2398000,-198000,2200000
2014/03/03,0,114000,-2129000,-2015000
2014/03/04,0,410000,-240000,170000
2014/03/05,0,1521000,-859000,662000
2014/03/06,0,853000,-1870000,-1017000
2014/03/07,0,358000,-2621000,-2263000
2014/03/10,0,774000,-457000,317000
2014/03/11,0,437000,-295000,142000
2014/03/12,0,244000,-3880000,-3636000
2014/03/13,0,264000,-2457000,-2193000
2014/03/14,0,912000,-810000,102000
2014/03/17,0,536000,-661000,-125000
2014/03/18,0,307000,-252000,55000
2014/03/19,0,1171000,-515160,655840
2014/03/20,0,672000,-807000,-135000
2014/03/21,0,543000,-1548000,-1005000
2014/03/24,0,809000,-1330000,-521000
2014/03/25,0,1436000,-148000,1288000
2014/03/26,0,416000,-842000,-426000
2014/03/27,0,348000,-303000,45000
2014/03/28,0,205000,-1503000,-1298000
2014/03/31,0,301000,-773000,-472000
2014/04/01,0,137000,-484000,-347000
2014/04/02,0,137000,-967000,-830000
2014/04/03,0,519000,-328000,191000
2014/04/07,0,434000,-51000,383000
2014/04/08,0,487000,-294000,193000
2014/04/09,0,97000,-612000,-515000
2014/04/10,0,715000,-425000,290000
2014/04/11,0,484000,-211000,273000
2014/04/14,0,324000,-360000,-36000
2014/04/15,0,859000,-396000,463000
2014/04/16,0,1582000,-2830000,-1248000
2014/04/17,0,2053000,-1227000,826000
2014/04/18,0,726000,-3885000,-3159000
2014/04/21,0,124000,-207000,-83000
2014/04/22,0,279000,-117000,162000
2014/04/23,0,210000,-650000,-440000
2014/04/24,0,169000,-154000,15000
2014/04/25,0,740000,-1294832,-554832
2014/04/28,0,202000,-302000,-100000
2014/04/29,0,231000,-1295000,-1064000
2014/04/30,0,418000,-936000,-518000
2014/05/02,0,1017000,-206000,811000
2014/05/05,0,973000,-624000,349000
2014/05/06,0,2331000,-1443000,888000
2014/05/07,0,1711000,-1622037,88963
2014/05/08,0,230000,-494000,-264000
2014/05/09,0,212000,-1154000,-942000
2014/05/12,0,623000,-520000,103000
2014/05/13,0,415000,-828000,-413000
2014/05/14,0,355000,-531000,-176000
2014/05/15,0,379000,-41000,338000
2014/05/16,0,87000,-4743000,-4656000
2014/05/19,0,240000,-182000,58000
2014/05/20,0,209000,-371000,-162000
2014/05/21,0,245000,-414000,-169000
2014/05/22,0,821000,-168000,653000
2014/05/23,0,785000,-23000,762000
2014/05/26,0,423000,-543000,-120000
2014/05/27,0,402000,-453000,-51000
2014/05/28,0,558000,-254000,304000
2014/05/29,0,1378000,-256321,1121679
2014/05/30,0,1697000,-1016000,681000
2014/06/03,0,486000,-523000,-37000
2014/06/04,0,182000,-1163000,-981000
2014/06/05,0,222000,-855000,-633000
2014/06/06,0,196000,-501000,-305000
2014/06/09,0,309000,-17000,292000
2014/06/10,0,290000,-260000,30000
2014/06/11,0,247000,-1311000,-1064000
2014/06/12,0,246000,-387000,-141000
2014/06/13,0,100000,-167000,-67000
2014/06/16,0,178000,-207000,-29000
2014/06/17,0,1902000,-630000,1272000
2014/06/18,0,1216000,-3195000,-1979000
2014/06/19,0,652000,-266000,386000
2014/06/20,0,1176000,-539000,637000
2014/06/23,0,1430000,-842000,588000
2014/06/24,0,3852000,-606000,3246000
2014/06/25,0,3251000,-464000,2787000
2014/06/26,0,1377000,-707000,670000
2014/06/27,0,859000,-793000,66000
2014/06/30,0,619000,-548000,71000
2014/07/01,0,1575000,-1028000,547000
2014/07/02,0,674000,-2335000,-1661000
2014/07/03,0,786000,-888000,-102000
2014/07/04,0,600000,-534000,66000
2014/07/07,0,230000,-1932000,-1702000
2014/07/08,0,619000,-2730000,-2111000
2014/07/09,0,521000,-432169,88831
2014/07/10,0,3199000,-119000,3080000
2014/07/11,0,2716000,-962000,1754000
2014/07/14,0,598000,-2938000,-2340000
2014/07/15,0,1467000,-537000,930000
2014/07/16,0,2294000,-765000,1529000
2014/07/17,0,4694000,-2008000,2686000
2014/07/18,0,5534000,-2174000,3360000
2014/07/21,0,1620000,-556000,1064000
2014/07/22,0,1416000,-1062000,354000
2014/07/23,0,0,0,0
2014/07/24,0,1262000,-897000,365000
2014/07/25,0,662000,-1158000,-496000
2014/07/28,0,1006000,-708000,298000
2014/07/29,0,891000,-1168000,-277000
2014/07/30,0,766000,-502000,264000
2014/07/31,0,1815500,-700000,1115500
2014/08/01,0,1368000,-597000,771000
2014/08/04,0,1684500,-388000,1296500
2014/08/05,0,1532000,-1443000,89000
2014/08/06,0,564000,-1077000,-513000
2014/08/07,0,868000,-621000,247000
2014/08/08,0,795000,-780000,15000
2014/08/11,0,576000,-330000,246000
2014/08/12,0,1484000,-385000,1099000
2014/08/13,0,1738000,-543000,1195000
2014/08/14,0,467000,-1245000,-778000
2014/08/15,0,315000,-1365000,-1050000
2014/08/18,0,509000,-677000,-168000
2014/08/19,0,436000,-265856,170144
2014/08/20,0,726000,-640000,86000
2014/08/21,0,507000,-1074000,-567000
2014/08/22,0,915000,-260000,655000
2014/08/25,0,355000,-152000,203000
2014/08/26,0,507000,-538000,-31000
2014/08/27,0,1133000,-204000,929000
2014/08/28,0,486000,-531000,-45000
2014/08/29,0,880000,-998000,-118000
2014/09/01,0,2405000,-806000,1599000
2014/09/02,0,579000,-1794000,-1215000
2014/09/03,0,255000,-1684000,-1429000
2014/09/04,0,377000,-1037000,-660000
2014/09/05,0,942000,-970000,-28000
2014/09/09,0,806000,-298000,508000
2014/09/10,0,1080000,-1363000,-283000
2014/09/11,0,163000,-909000,-746000
2014/09/12,0,447000,-2039000,-1592000
2014/09/15,0,613000,-762000,-149000
2014/09/16,0,374000,-149000,225000
2014/09/17,0,4764000,-983000,3781000
2014/09/18,0,570000,-607000,-37000
2014/09/19,0,840000,-1135835,-295835
2014/09/22,0,627000,-1639000,-1012000
2014/09/23,0,910000,-416000,494000
2014/09/24,0,504000,-302000,202000
2014/09/25,0,634000,-983000,-349000
2014/09/26,0,798000,-413000,385000
2014/09/29,0,687000,-719000,-32000
2014/09/30,0,1709000,-1886000,-177000
2014/10/01,0,2427000,-981000,1446000
2014/10/02,0,1716000,-558000,1158000
2014/10/03,0,866000,-3313000,-2447000
2014/10/06,0,568000,-972000,-404000
2014/10/07,0,131000,-2496000,-2365000
2014/10/08,0,881000,-182000,699000
2014/10/09,0,550000,-873000,-323000
2014/10/13,0,1339000,-1351000,-12000
2014/10/14,0,940000,-798000,142000
2014/10/15,0,264000,-2052000,-1788000
2014/10/16,0,1677000,-1339000,338000
2014/10/17,0,482000,-3278000,-2796000
2014/10/20,0,453000,-592000,-139000
2014/10/21,0,191000,-292000,-101000
2014/10/22,0,1195000,-2048000,-853000
2014/10/23,0,348000,-768876,-420876
2014/10/24,0,1334000,-614000,720000
2014/10/27,0,416000,-878000,-462000
2014/10/28,0,643000,-2197000,-1554000
2014/10/29,0,819000,-244000,575000
2014/10/30,0,962000,-260000,702000
2014/10/31,0,668000,-684000,-16000
2014/11/03,0,498000,-1325000,-827000
2014/11/04,0,355000,-1456000,-1101000
2014/11/05,0,367000,-318000,49000
2014/11/06,0,1162000,-1394452,-232452
2014/11/07,0,889000,-253000,636000
2014/11/10,0,270000,-1522000,-1252000
2014/11/11,0,483000,-1676000,-1193000
2014/11/12,0,734000,-524000,210000
2014/11/13,0,296000,-707000,-411000
2014/11/14,0,527000,-456000,71000
2014/11/17,0,551000,-952000,-401000
2014/11/18,0,806000,-1066000,-260000
2014/11/19,0,1023000,-1469000,-446000
2014/11/20,0,177000,-1032000,-855000
2014/11/21,0,416000,-448000,-32000
2014/11/24,0,460000,-195000,265000
2014/11/25,0,416000,-237000,179000
2014/11/26,0,496000,-636000,-140000
2014/11/27,0,537000,-451000,86000
2014/11/28,0,414000,-295000,119000
2014/12/01,0,1782000,-408000,1374000
2014/12/02,0,732000,-1677000,-945000
2014/12/03,0,1084000,-354201,729799
2014/12/04,0,303000,-255000,48000
2014/12/05,0,709000,-133000,576000
2014/12/08,0,50000,-511000,-461000
2014/12/09,0,314000,-375000,-61000
2014/12/10,0,556000,-912000,-356000
2014/12/11,0,440000,-315000,125000
2014/12/12,0,271000,-403000,-132000
2014/12/15,0,125000,-426000,-301000
2014/12/16,0,1134000,-118000,1016000
2014/12/17,0,834000,-623000,211000
2014/12/18,0,2006000,-926000,1080000
2014/12/19,0,1639000,-1711000,-72000
2014/12/22,0,208000,-906000,-698000
2014/12/23,0,247000,-793000,-546000
2014/12/24,0,104000,-815000,-711000
2014/12/25,0,114000,-405000,-291000
2014/12/26,0,95000,-77000,18000
2014/12/29,0,367000,-438000,-71000
2014/12/30,0,553000,-53000,500000
2014/12/31,0,117000,-574000,-457000
2015/01/01,0,0,0,0
2015/01/02,0,0,0,0
2015/01/05,0,1254000,-709000,545000
2015/01/06,0,3740000,-433000,3307000
2015/01/07,0,1673000,-287000,1386000
2015/01/08,0,292000,-916000,-624000
2015/01/09,0,3069000,-3082000,-13000
2015/01/12,0,766000,-468000,298000
2015/01/13,0,693000,-134000,559000
2015/01/14,0,719000,-1069000,-350000
2015/01/15,0,1259000,-637000,622000
2015/01/16,0,3310000,-2466084,843916
2015/01/19,0,410000,-3764000,-3354000
2015/01/20,0,613000,-352000,261000
2015/01/21,0,334000,-1790000,-1456000
2015/01/22,0,538000,-593000,-55000
2015/01/23,0,824000,-1236000,-412000
2015/01/26,0,372000,-629000,-257000
2015/01/27,0,337000,-647000,-310000
2015/01/28,0,285000,-288000,-3000
2015/01/29,0,1652000,-1557000,95000
2015/01/30,0,1537000,-181000,1356000
2015/02/02,0,532000,-182000,350000
2015/02/03,0,363000,-128000,235000
2015/02/04,0,1020000,-426064,593936
2015/02/05,0,474000,-169063,304937
2015/02/06,0,531000,-105000,426000
2015/02/09,0,397000,-98000,299000
2015/02/10,0,508000,-193000,315000
2015/02/11,0,795000,-1716000,-921000
2015/02/12,0,161000,-1080000,-919000
2015/02/13,0,493000,-750000,-257000
2015/02/16,0,0,0,0
2015/02/17,0,0,0,0
2015/02/18,0,0,0,0
2015/02/19,0,0,0,0
2015/02/20,0,0,0,0
2015/02/23,0,0,0,0
2015/02/24,0,629000,-1169000,-540000
2015/02/25,0,349000,-1425042,-1076042
2015/02/26,0,1383000,-871000,512000
2015/02/27,0,0,0,0
2015/03/02,0,1640000,-365000,1275000
2015/03/03,0,1249000,-740731,508269
2015/03/04,0,469000,-746000,-277000
2015/03/05,0,391000,-1365042,-974042
2015/03/06,0,2274000,-68000,2206000
2015/03/09,0,5003000,-876159,4126841
2015/03/10,0,2634000,-363000,2271000
2015/03/11,0,1643000,-1236000,407000
2015/03/12,0,211000,-981000,-770000
2015/03/13,0,653000,-1186000,-533000
2015/03/16,0,509000,-399000,110000
2015/03/17,0,187000,-4444042,-4257042
2015/03/18,0,805000,-3701000,-2896000
2015/03/19,0,947000,-1425000,-478000
2015/03/20,0,391000,-716000,-325000
2015/03/23,0,147000,-509000,-362000
2015/03/24,0,612000,-697000,-85000
2015/03/25,0,537000,-444000,93000
2015/03/26,0,6281000,-481000,5800000
2015/03/27,0,3008000,-450000,2558000
2015/03/30,0,1286000,-1132000,154000
2015/03/31,0,1839000,-431000,1408000
2015/04/01,0,1494000,-1655000,-161000
2015/04/02,0,400000,-2122000,-1722000
2015/04/03,0,0,0,0
2015/04/06,0,0,0,0
2015/04/07,0,153000,-517000,-364000
2015/04/08,0,1055000,-357000,698000
2015/04/09,0,875000,-861000,14000
2015/04/10,0,857000,-990000,-133000
2015/04/13,0,776000,-858000,-82000
2015/04/14,0,2161000,-2169000,-8000
2015/04/15,0,3931000,-647000,3284000
2015/04/16,0,1926000,-947000,979000
2015/04/17,0,937000,-2731000,-1794000
2015/04/20,0,786000,-1168000,-382000
2015/04/21,0,242000,-500000,-258000
2015/04/22,0,740000,-1019000,-279000
2015/04/23,0,1653000,-365000,1288000
2015/04/24,0,1699000,-3656000,-1957000
2015/04/27,0,1298000,-743000,555000
2015/04/28,0,1031990,-790000,241990
2015/04/29,0,2671000,-484000,2187000
2015/04/30,0,968000,-912000,56000
2015/05/01,0,0,0,0
2015/05/04,0,1413010,-572000,841010
2015/05/05,0,141000,-703000,-562000
2015/05/06,0,814000,-322000,492000
2015/05/07,0,566000,-311000,255000
2015/05/08,0,335000,-322000,13000
2015/05/11,0,534000,-748000,-214000
2015/05/12,0,879000,-247000,632000
2015/05/13,0,1487000,-421000,1066000
2015/05/14,0,815000,-686000,129000
2015/05/15,0,309000,-1584000,-1275000
2015/05/18,0,235000,-524000,-289000
2015/05/19,0,1033000,-2226000,-1193000
2015/05/20,0,575000,-1188000,-613000
2015/05/21,0,775000,-1615000,-840000
2015/05/22,0,373000,-509000,-136000
2015/05/25,0,1088000,-248000,840000
2015/05/26,0,285994,-393000,-107006
2015/05/27,0,793000,-395000,398000
2015/05/28,0,790000,-810000,-20000
2015/05/29,0,1569000,-202000,1367000
2015/06/01,0,762000,-890000,-128000
2015/06/02,0,396006,-1807000,-1410994
2015/06/03,0,64000,-2604000,-2540000
2015/06/04,0,1417000,-1207000,210000
2015/06/05,0,599000,-1005000,-406000
2015/06/08,0,1352000,-970000,382000
2015/06/09,0,268000,-1118000,-850000
2015/06/10,0,689000,-719000,-30000
2015/06/11,0,444000,-671000,-227000
2015/06/12,0,63000,-633342,-570342
2015/06/15,0,390000,-302000,88000
2015/06/16,0,667000,-483000,184000
2015/06/17,0,1573000,-521000,1052000
2015/06/18,0,2230000,-398000,1832000
2015/06/19,0,0,0,0
2015/06/22,0,1951000,-871000,1080000
2015/06/23,0,1736000,-1917000,-181000
2015/06/24,0,588000,-383000,205000
2015/06/25,0,1737296,-2253000,-515704
2015/06/26,0,4875704,-410000,4465704
2015/06/29,0,1050000,-3615000,-2565000
2015/06/30,0,271000,-1242000,-971000
2015/07/01,0,701000,-634000,67000
2015/07/02,0,93000,-617000,-524000
2015/07/03,0,182999,-1173000,-990001
2015/07/06,0,309000,-725000,-416000
2015/07/07,0,199000,-1432000,-1233000
2015/07/08,0,399000,-967000,-568000
2015/07/09,0,2048000,-2903000,-855000
2015/07/10,0,0,0,0
2015/07/13,0,1805000,-884000,921000
2015/07/14,0,632000,-2227000,-1595000
2015/07/15,0,420000,-1758000,-1338000
2015/07/16,0,1445000,-634000,811000
2015/07/17,0,226000,-2998000,-2772000
2015/07/20,0,553000,-1286000,-733000
2015/07/21,0,495000,-1371000,-876000
2015/07/22,0,773000,-151000,622000
2015/07/23,0,1594000,-178000,1416000
2015/07/24,0,185000,-632000,-447000
2015/07/27,0,1493000,-1375000,118000
2015/07/28,0,2450000,-416000,2034000
2015/07/29,0,352000,-1359000,-1007000
2015/07/30,0,304000,-1745000,-1441000
2015/07/31,0,247000,-1741000,-1494000
2015/08/03,0,797000,-1655000,-858000
2015/08/04,0,4874000,-686000,4188000
2015/08/05,0,2453000,-19000,2434000
2015/08/06,0,997000,-632000,365000
2015/08/07,0,634000,-632000,2000
2015/08/10,0,2879000,-1559000,1320000
2015/08/11,0,343000,-4774000,-4431000
2015/08/12,0,1116000,-683618,432382
2015/08/13,0,744000,-373000,371000
2015/08/14,0,1032000,-736000,296000
2015/08/17,0,663000,-812285,-149285
2015/08/18,0,158000,-1886000,-1728000
2015/08/19,0,169000,-1109000,-940000
2015/08/20,0,1277000,-241000,1036000
2015/08/21,0,558000,-1848000,-1290000
2015/08/24,0,2208000,-3488000,-1280000
2015/08/25,0,1037000,-3535000,-2498000
2015/08/26,0,485000,-1226000,-741000
2015/08/27,0,517000,-1126000,-609000
2015/08/28,0,735000,-1215000,-480000
2015/08/31,0,433000,-3304000,-2871000
2015/09/01,0,667000,-2257444,-1590444
2015/09/02,0,666000,-819000,-153000
2015/09/03,0,189000,-2151000,-1962000
2015/09/04,0,213000,-1190000,-977000
2015/09/07,0,1214000,-1080000,134000
2015/09/08,0,97000,-642000,-545000
2015/09/09,0,1007000,-608000,399000
2015/09/10,0,1622000,-113000,1509000
2015/09/11,0,589000,-223000,366000
2015/09/14,0,562000,-421000,141000
2015/09/15,0,966000,-65000,901000
2015/09/16,0,1159000,-904000,255000
2015/09/17,0,668000,-168000,500000
2015/09/18,0,650000,-91000,559000
2015/09/21,0,946000,-847000,99000
2015/09/22,0,590000,-328000,262000
2015/09/23,0,1128000,-391000,737000
2015/09/24,0,230000,-1573000,-1343000
2015/09/25,0,739000,-658000,81000
2015/09/28,0,0,0,0
2015/09/29,0,0,0,0
2015/09/30,0,705001,-1836000,-1130999
2015/10/01,0,835000,-1400000,-565000
2015/10/02,0,533000,-262000,271000
2015/10/05,0,145000,-114000,31000
2015/10/06,0,192000,-173000,19000
2015/10/07,0,216000,-620000,-404000
2015/10/08,0,318000,-316000,2000
2015/10/09,0,0,0,0
2015/10/12,0,628000,-128000,500000
2015/10/13,0,1029000,-131000,898000
2015/10/14,0,530000,-147000,383000
2015/10/15,0,1493000,-698000,795000
2015/10/16,0,1383000,-579000,804000
2015/10/19,0,130000,-353000,-223000
2015/10/20,0,140000,-518000,-378000
2015/10/21,0,596000,-770000,-174000
2015/10/22,0,108000,-445382,-337382
2015/10/23,0,394000,-831000,-437000
2015/10/26,0,200000,-763000,-563000
2015/10/27,0,244000,-276000,-32000
2015/10/28,0,798000,-60000,738000
2015/10/29,0,480000,-282000,198000
2015/10/30,0,502000,-257000,245000
2015/11/02,0,634000,-227000,407000
2015/11/03,0,450000,-1074000,-624000
2015/11/04,0,1249000,-1534000,-285000
2015/11/05,0,468000,-96000,372000
2015/11/06,0,1210000,-823000,387000
2015/11/09,0,142000,-799000,-657000
2015/11/10,0,730000,-241000,489000
2015/11/11,0,896000,-823000,73000
2015/11/12,0,132000,-369000,-237000
2015/11/13,0,447000,-392000,55000
2015/11/16,0,753000,-138000,615000
2015/11/17,0,320000,-1041000,-721000
2015/11/18,0,734000,-459000,275000
2015/11/19,0,217199,-461000,-243801
2015/11/20,0,43000,-462000,-419000
2015/11/23,0,191801,-340000,-148199
2015/11/24,0,139000,-517000,-378000
2015/11/25,0,261004,-275000,-13996
2015/11/26,0,689000,-542000,147000
2015/11/27,0,537000,-394004,142996
2015/11/30,0,1323000,-259000,1064000
2015/12/01,0,691000,-864000,-173000
2015/12/02,0,290000,-583000,-293000
2015/12/03,0,344000,-70000,274000
2015/12/04,0,957000,-209000,748000
2015/12/07,0,513000,-906000,-393000
2015/12/08,0,738000,-601000,137000
2015/12/09,0,645000,-437500,207500
2015/12/10,0,1194000,-553000,641000
2015/12/11,0,317000,-643500,-326500
2015/12/14,0,591000,-617000,-26000
2015/12/15,0,353000,-350818,2182
2015/12/16,0,996000,-2229000,-1233000
2015/12/17,0,191000,-325000,-134000
2015/12/18,0,687000,-346182,340818
2015/12/21,0,1933000,-248000,1685000
2015/12/22,0,474000,-628000,-154000
2015/12/23,0,411996,-598000,-186004
2015/12/24,0,463000,-833000,-370000
2015/12/25,0,129000,-177000,-48000
2015/12/28,0,596000,-351000,245000
2015/12/29,0,1113000,-215000,898000
2015/12/30,0,570995,-487000,83995
2015/12/31,0,371000,-405991,-34991
2016/01/01,0,0,0,0
2016/01/04,0,2108000,-451000,1657000
2016/01/05,0,1789000,-707000,1082000
2016/01/06,0,985000,-942000,43000
2016/01/07,0,3903000,-1844000,2059000
2016/01/08,0,2052000,-2250000,-198000
2016/01/11,0,1599000,-3118000,-1519000
2016/01/12,0,1632000,-2022000,-390000
2016/01/13,0,632000,-2463000,-1831000
2016/01/14,0,1143000,-1921000,-778000
2016/01/15,0,2176000,-3788000,-1612000
2016/01/18,0,1269000,-339000,930000
2016/01/19,0,1129000,-871000,258000
2016/01/20,0,2236000,-3148000,-912000
2016/01/21,0,1213000,-2767000,-1554000
2016/01/22,0,604000,-2313000,-1709000
2016/01/25,0,904000,-679840,224160
2016/01/26,0,872000,-602373,269627
2016/01/27,0,66000,-1306000,-1240000
2016/01/28,0,1770151,-1342000,428151
2016/01/29,0,1760004,-1164000,596004
2016/02/01,0,767000,-1535000,-768000
2016/02/02,0,1878058,-693000,1185058
2016/02/03,0,401000,-1812000,-1411000
2016/02/04,0,0,0,0
2016/02/05,0,0,0,0
2016/02/08,0,0,0,0
2016/02/09,0,0,0,0
2016/02/10,0,0,0,0
2016/02/11,0,0,0,0
2016/02/12,0,0,0,0
2016/02/15,0,1904000,-1456000,448000
2016/02/16,0,1514500,-898000,616500
2016/02/17,0,3366500,-1564000,1802500
2016/02/18,0,514000,-1109000,-595000
2016/02/19,0,1198000,-357000,841000
2016/02/22,0,1356000,-1636000,-280000
2016/02/23,0,685000,-223000,462000
2016/02/24,0,744000,-661000,83000
2016/02/25,0,450000,-1094000,-644000
2016/02/26,0,2646000,-105000,2541000
2016/02/29,0,0,0,0
2016/03/01,0,202000,-522000,-320000
2016/03/02,0,373000,-366000,7000
2016/03/03,0,77000,-1195000,-1118000
2016/03/04,0,1834000,-429000,1405000
2016/03/07,0,567000,-426000,141000
2016/03/08,0,1359000,-470000,889000
2016/03/09,0,427000,-1052000,-625000
2016/03/10,0,222000,-1549000,-1327000
2016/03/11,0,431000,-855652,-424652
2016/03/14,0,884000,-784000,100000
2016/03/15,0,1325000,-885000,440000
2016/03/16,0,1014000,-729000,285000
2016/03/17,0,588000,-2816000,-2228000
2016/03/18,0,105000,-644000,-539000
2016/03/21,0,519000,-206000,313000
2016/03/22,0,1335000,-565000,770000
2016/03/23,0,55000,-962000,-907000
2016/03/24,0,1577000,-591000,986000
2016/03/25,0,715000,-266000,449000
2016/03/28,0,147000,-837000,-690000
2016/03/29,0,141000,-1630000,-1489000
2016/03/30,0,1137000,-926000,211000
2016/03/31,0,2703000,-2107000,596000
2016/04/01,0,1992615,-498000,1494615
2016/04/04,0,0,0,0
2016/04/05,0,0,0,0
2016/04/06,0,3890000,-157615,3732385
2016/04/07,0,638000,-2927000,-2289000
2016/04/08,0,279000,-2743000,-2464000
2016/04/11,0,733000,-1012000,-279000
2016/04/12,0,597000,-719000,-122000
2016/04/13,0,853000,-1727000,-874000
2016/04/14,0,2274000,-398000,1876000
2016/04/15,0,1581000,-1455000,126000
2016/04/18,0,998000,-724000,274000
2016/04/19,0,1599000,-1572000,27000
2016/04/20,0,1507000,-1085001,421999
2016/04/21,0,257000,-1441000,-1184000
2016/04/22,0,355000,-2595749,-2240749
2016/04/25,0,483000,-424000,59000
2016/04/26,0,518000,-155000,363000
2016/04/27,0,3123000,-255000,2868000
2016/04/28,0,2952000,-1500000,1452000
2016/04/29,0,2499000,-459000,2040000
2016/05/02,0,0,0,0
2016/05/03,0,3035000,-561000,2474000
2016/05/04,0,1449000,-439000,1010000
2016/05/05,0,1744000,-293000,1451000
2016/05/06,0,607000,-484000,123000
2016/05/09,0,319000,-1224000,-905000
2016/05/10,0,1262000,-818000,444000
2016/05/11,0,1043000,-1199000,-156000
2016/05/12,0,261000,-973000,-712000
2016/05/13,0,1690000,-756000,934000
2016/05/16,0,661000,-738000,-77000
2016/05/17,0,1044000,-1057000,-13000
2016/05/18,0,1281000,-841000,440000
2016/05/19,0,347000,-1479000,-1132000
2016/05/20,0,571000,-4340000,-3769000
2016/05/23,0,1077000,-1029000,48000
2016/05/24,0,978000,-197000,781000
2016/05/25,0,183000,-1206000,-1023000
2016/05/26,0,80000,-393000,-313000
2016/05/27,0,421000,-664000,-243000
2016/05/30,0,1153000,-800000,353000
2016/05/31,0,1443000,-1470000,-27000
2016/06/01,0,334000,-954000,-620000
2016/06/02,0,224000,-671000,-447000
2016/06/03,0,146000,-435000,-289000
2016/06/06,0,814000,-742000,72000
2016/06/07,0,1162000,-626000,536000
2016/06/08,0,858000,-912000,-54000
2016/06/09,0,0,0,0
2016/06/10,0,0,0,0
2016/06/13,0,2269000,-427000,1842000
2016/06/14,0,2512000,-562000,1950000
2016/06/15,0,2660000,-664000,1996000
2016/06/16,0,2757000,-797000,1960000
2016/06/17,0,1730000,-2036250,-306250
2016/06/20,0,2960240,-711000,2249240
2016/06/21,0,2159000,-1604000,555000
2016/06/22,0,4043000,-1460000,2583000
2016/06/23,0,3488000,-590000,2898000
2016/06/24,0,11413000,-1953000,9460000
2016/06/27,0,519000,-5570000,-5051000
2016/06/28,0,291000,-1906000,-1615000
2016/06/29,0,146000,-1600000,-1454000
2016/06/30,0,293000,-3060000,-2767000
2016/07/01,0,285000,-1971000,-1686000
2016/07/04,0,282000,-1267000,-985000
2016/07/05,0,541000,-310000,231000
2016/07/06,0,1764000,-512000,1252000
2016/07/07,0,220000,-1883000,-1663000
2016/07/08,0,0,0,0
2016/07/11,0,779000,-6388000,-5609000
2016/07/12,0,421000,-1048000,-627000
2016/07/13,0,2043000,-614000,1429000
2016/07/14,0,500000,-3320000,-2820000
2016/07/15,0,1265000,-678000,587000
2016/07/18,0,825000,-431000,394000
2016/07/19,0,517000,-604000,-87000
2016/07/20,0,789000,-1669000,-880000
2016/07/21,0,701000,-564000,137000
2016/07/22,0,272000,-1679000,-1407000
2016/07/25,0,639000,-763000,-124000
2016/07/26,0,197000,-216000,-19000
2016/07/27,0,322000,-773000,-451000
2016/07/28,0,194000,-1360000,-1166000
2016/07/29,0,1947000,-579000,1368000
2016/08/01,0,255005,-3303000,-3047995
2016/08/02,0,630995,-174000,456995
2016/08/03,0,1911000,-194000,1717000
2016/08/04,0,146000,-909000,-763000
2016/08/05,0,268998,-2927000,-2658002
2016/08/08,0,145000,-655000,-510000
2016/08/09,0,158567,-1295000,-1136433
2016/08/10,0,401000,-293000,108000
2016/08/11,0,1089435,-329000,760435
2016/08/12,0,152000,-1171000,-1019000
2016/08/15,0,106000,-436000,-330000
2016/08/16,0,2275000,-249000,2026000
2016/08/17,0,79000,-2490000,-2411000
2016/08/18,0,986000,-248000,738000
2016/08/19,0,371000,-1013000,-642000
2016/08/22,0,1219000,-260000,959000
2016/08/23,0,266000,-968000,-702000
2016/08/24,0,332000,-635000,-303000
2016/08/25,0,533000,-818000,-285000
2016/08/26,0,992000,-84000,908000
2016/08/29,0,814000,-717000,97000
2016/08/30,0,1756000,-175000,1581000
2016/08/31,0,226000,-3158000,-2932000
2016/09/01,0,1733000,-1029000,704000
2016/09/02,0,284000,-882000,-598000
2016/09/05,0,482000,-368000,114000
2016/09/06,0,451000,-1168000,-717000
2016/09/07,0,1179578,-1122000,57578
2016/09/08,0,987000,-466000,521000
2016/09/09,0,2138000,-194578,1943422
2016/09/12,0,2375000,-247726,2127274
2016/09/13,0,1318000,-442000,876000
2016/09/14,0,1105000,-799000,306000
2016/09/15,0,0,0,0
2016/09/16,0,0,0,0
2016/09/19,0,297490,-2836000,-2538510
2016/09/20,0,1375510,-784000,591510
2016/09/21,0,257000,-1883000,-1626000
2016/09/22,0,293000,-938000,-645000
2016/09/23,0,404000,-737000,-333000
2016/09/26,0,2175000,-899000,1276000
2016/09/27,0,0,0,0
2016/09/28,0,0,0,0
2016/09/29,0,562000,-1607000,-1045000
2016/09/30,0,1915000,-1334500,580500
2016/10/03,0,509000,-1036000,-527000
2016/10/04,0,564000,-252000,312000
2016/10/05,0,2302000,-1248000,1054000
2016/10/06,0,376000,-711000,-335000
2016/10/07,0,316000,-1189000,-873000
2016/10/10,0,0,0,0
2016/10/11,0,1982000,-1750000,232000
2016/10/12,0,1515500,-924000,591500
2016/10/13,0,4453000,-1108000,3345000
2016/10/14,0,856000,-2487000,-1631000
2016/10/17,0,2025000,-1630000,395000
2016/10/18,0,1399000,-299000,1100000
2016/10/19,0,840000,-1766000,-926000
2016/10/20,0,226000,-1160000,-934000
2016/10/21,0,2662500,-1232000,1430500
2016/10/24,0,185000,-658000,-473000
2016/10/25,0,500500,-1063000,-562500
2016/10/26,0,1184000,-107000,1077000
2016/10/27,0,3121000,-82000,3039000
2016/10/28,0,769000,-1719000,-950000
2016/10/31,0,1750000,-1835000,-85000
2016/11/01,0,1360830,-252000,1108830
2016/11/02,0,789000,-159000,630000
2016/11/03,0,1277000,-422830,854170
2016/11/04,0,382000,-538000,-156000
2016/11/07,0,682000,-2265000,-1583000
2016/11/08,0,1402000,-332000,1070000
2016/11/09,0,3578000,-2537000,1041000
2016/11/10,0,2767000,-415000,2352000
2016/11/11,0,999000,-1195000,-196000
2016/11/14,0,2613000,-521000,2092000
2016/11/15,0,833000,-1792000,-959000
2016/11/16,0,2309000,-1105000,1204000
2016/11/17,0,627000,-814000,-187000
2016/11/18,0,1450000,-471000,979000
2016/11/21,0,718000,-248000,470000
2016/11/22,0,2247000,-1743000,504000
2016/11/23,0,349000,-897000,-548000
2016/11/24,0,1578999,-320000,1258999
2016/11/25,0,1758000,-179000,1579000
2016/11/28,0,664000,-1338790,-674790
2016/11/29,0,2062000,-1562822,499178
2016/11/30,0,422000,-754000,-332000
2016/12/01,0,1109000,-376000,733000
2016/12/02,0,885000,-561000,324000
2016/12/05,0,371000,-1062000,-691000
2016/12/06,0,165000,-754000,-589000
2016/12/07,0,734000,-385000,349000
2016/12/08,0,189000,-2162000,-1973000
2016/12/09,0,59000,-1000000,-941000
2016/12/12,0,1136000,-966000,170000
2016/12/13,0,70000,-708000,-638000
2016/12/14,0,130000,-1318000,-1188000
2016/12/15,0,518000,-733000,-215000
2016/12/16,0,1323000,-1180000,143000
2016/12/19,0,1633000,-444000,1189000
2016/12/20,0,2472000,-216000,2256000
2016/12/21,0,4486000,-156000,4330000
2016/12/22,0,1689000,-446000,1243000
2016/12/23,0,814000,-306000,508000
2016/12/26,0,518000,-152000,366000
2016/12/27,0,93000,-123000,-30000
2016/12/28,0,546822,-276000,270822
2016/12/29,0,1068000,-538000,530000
2016/12/30,0,1874000,-644165,1229835
2017/01/02,0,0,0,0
2017/01/03,0,154000,-1347000,-1193000
2017/01/04,0,766000,-881000,-115000
2017/01/05,0,611000,-310000,301000
2017/01/06,0,407000,-603000,-196000
2017/01/09,0,425000,-1396000,-971000
2017/01/10,0,683000,-1528000,-845000
2017/01/11,0,1865000,-329835,1535165
2017/01/12,0,493000,-2438000,-1945000
2017/01/13,0,731000,-1476000,-745000
2017/01/16,0,1004000,-646000,358000
2017/01/17,0,130000,-582765,-452765
2017/01/18,0,670000,-1528000,-858000
2017/01/19,0,53000,-465000,-412000
2017/01/20,0,218000,-643000,-425000
2017/01/23,0,219905,-2190000,-1970095
2017/01/24,0,317095,-1662000,-1344905
2017/01/25,0,0,0,0
2017/01/26,0,0,0,0
2017/01/27,0,0,0,0
2017/01/30,0,0,0,0
2017/01/31,0,0,0,0
2017/02/01,0,0,0,0
2017/02/02,0,1938000,-3403000,-1465000
2017/02/03,0,673000,-413000,260000
2017/02/06,0,672000,-303000,369000
2017/02/07,0,483000,-478000,5000
2017/02/08,0,1422000,-385000,1037000
2017/02/09,0,217000,-1158000,-941000
2017/02/10,0,536000,-312000,224000
2017/02/13,0,1000000,-1564000,-564000
2017/02/14,0,2397000,-856000,1541000
2017/02/15,0,390000,-3030000,-2640000
2017/02/16,0,632000,-1584000,-952000
2017/02/17,0,355000,-446000,-91000
2017/02/20,0,241000,-418000,-177000
2017/02/21,0,787000,-562000,225000
2017/02/22,0,968000,-603000,365000
2017/02/23,0,819000,-209000,610000
2017/02/24,0,387000,-765000,-378000
2017/02/27,0,0,0,0
2017/02/28,0,0,0,0
2017/03/01,0,1175000,-401000,774000
2017/03/02,0,925500,-636000,289500
2017/03/03,0,733000,-17000,716000
2017/03/06,0,613000,-22000,591000
2017/03/07,0,175000,-196000,-21000
2017/03/08,0,169000,-1371000,-1202000
2017/03/09,0,882000,-97500,784500
2017/03/10,0,707888,-149000,558888
2017/03/13,0,410000,-938000,-528000
2017/03/14,0,329000,-1224000,-895000
2017/03/15,0,180000,-458000,-278000
2017/03/16,0,465000,-875000,-410000
2017/03/17,0,390268,-653000,-262732
2017/03/20,0,168000,-466000,-298000
2017/03/21,0,553000,-2405000,-1852000
2017/03/22,0,1268000,-397000,871000
2017/03/23,0,1353000,-98000,1255000
2017/03/24,0,450000,-118000,332000
2017/03/27,0,17000,-1058000,-1041000
2017/03/28,0,727000,-2150000,-1423000
2017/03/29,0,2644000,-218000,2426000
2017/03/30,0,718000,-658000,60000
2017/03/31,0,2170000,-833000,1337000
2017/04/03,0,0,0,0
2017/04/04,0,0,0,0
2017/04/05,0,1473000,-1340000,133000
2017/04/06,0,93000,-253000,-160000
2017/04/07,0,1159000,-1775000,-616000
2017/04/10,0,156000,-40000,116000
2017/04/11,0,290000,-735000,-445000
2017/04/12,0,157000,-228000,-71000
2017/04/13,0,795000,-1048000,-253000
2017/04/14,0,1402000,-647000,755000
2017/04/17,0,316000,-88000,228000
2017/04/18,0,787000,-508000,279000
2017/04/19,0,890000,-786000,104000
2017/04/20,0,408000,-476000,-68000
2017/04/21,0,257000,-433000,-176000
2017/04/24,0,1130000,-328000,802000
2017/04/25,0,831000,-136000,695000
2017/04/26,0,931000,-319000,612000
2017/04/27,0,581000,-2977000,-2396000
2017/04/28,0,83000,-1833000,-1750000
2017/05/01,0,0,0,0
2017/05/02,0,887000,-1051000,-164000
2017/05/03,0,49000,-709000,-660000
2017/05/04,0,424000,-177000,247000
2017/05/05,0,171000,-503000,-332000
2017/05/08,0,412000,-443000,-31000
2017/05/09,0,298000,-3105006,-2807006
2017/05/10,0,917000,-279000,638000
2017/05/11,0,830000,-454000,376000
2017/05/12,0,675000,-102000,573000
2017/05/15,0,429000,-164000,265000
2017/05/16,0,331000,-370000,-39000
2017/05/17,0,386000,-1868000,-1482000
2017/05/18,0,431000,-391000,40000
2017/05/19,0,251000,-141000,110000
2017/05/22,0,401000,-324000,77000
2017/05/23,0,783000,-231000,552000
2017/05/24,0,416000,-99000,317000
2017/05/25,0,515000,-305000,210000
2017/05/26,0,731000,-520000,211000
2017/05/29,0,0,0,0
2017/05/30,0,0,0,0
2017/05/31,0,2827000,-168000,2659000
2017/06/01,0,94000,-1467000,-1373000
2017/06/02,0,130000,-584000,-454000
2017/06/05,0,695990,-1436000,-740010
2017/06/06,0,634000,-584192,49808
2017/06/07,0,1388000,-1132000,256000
2017/06/08,0,430000,-1312000,-882000
2017/06/09,0,1783000,-1106000,677000
2017/06/12,0,4653000,-366000,4287000
2017/06/13,0,2585000,-402000,2183000
2017/06/14,0,1304000,-1815000,-511000
2017/06/15,0,680000,-874000,-194000
2017/06/16,0,2880000,-1706000,1174000
2017/06/19,0,1164000,-508000,656000
2017/06/20,0,694000,-2432000,-1738000
2017/06/21,0,6411000,-1074000,5337000
2017/06/22,0,3551000,-221000,3330000
2017/06/23,0,7207000,-84000,7123000
2017/06/26,0,558000,-7763000,-7205000
2017/06/27,0,3765000,-556000,3209000
2017/06/28,0,1442000,-1314000,128000
2017/06/29,0,189000,-1084000,-895000
2017/06/30,0,385000,-739000,-354000
2017/07/03,0,901000,-187000,714000
2017/07/04,0,378000,-619000,-241000
2017/07/05,0,2652000,-497000,2155000
2017/07/06,0,375000,-765000,-390000
2017/07/07,0,611000,-1136000,-525000
2017/07/10,0,1056000,-172000,884000
2017/07/11,0,919000,-3277000,-2358000
2017/07/12,0,1054000,-1029000,25000
2017/07/13,0,1402000,-2715000,-1313000
2017/07/14,0,1187000,-916000,271000
2017/07/17,0,1221000,-1006000,215000
2017/07/18,0,159000,-1203000,-1044000
2017/07/19,0,753000,-1221000,-468000
2017/07/20,0,72000,-402000,-330000
2017/07/21,0,335000,-275000,60000
2017/07/24,0,34000,-129000,-95000
2017/07/25,0,36000,-817000,-781000
2017/07/26,0,962000,-1203000,-241000
2017/07/27,0,401000,-901000,-500000
2017/07/28,0,72000,-447000,-375000
2017/07/31,0,437000,-290000,147000
2017/08/01,0,1220000,-99000,1121000
2017/08/02,0,174000,-1694000,-1520000
2017/08/03,0,726000,-223000,503000
2017/08/04,0,216000,-143000,73000
2017/08/07,0,109000,-1422000,-1313000
2017/08/08,0,85000,-2133000,-2048000
2017/08/09,0,1423000,-974000,449000
2017/08/10,0,582000,-388000,194000
2017/08/11,0,2949000,-531000,2418000
2017/08/14,0,418000,-1576000,-1158000
2017/08/15,0,24000,-2066000,-2042000
2017/08/16,0,1092000,-970000,122000
2017/08/17,0,37000,-373000,-336000
2017/08/18,0,1050000,-246000,804000
