Date,Open,Buy,Sell,Total
2007/01/02,0,472000,-330000,142000
2007/01/03,0,0,-844986,-844986
2007/01/04,0,22000,-350000,-328000
2007/01/05,0,32000,-550000,-518000
2007/01/08,0,64000,-428000,-364000
2007/01/09,0,50000,-855000,-805000
2007/01/10,0,501000,-1836552,-1335552
2007/01/11,0,481000,-81000,400000
2007/01/12,0,5302000,-703000,4599000
2007/01/15,0,1087000,-30000,1057000
2007/01/16,0,932000,-36000,896000
2007/01/17,0,763000,-162000,601000
2007/01/18,0,580000,-435307,144693
2007/01/19,0,425000,-1933000,-1508000
2007/01/22,0,436000,-653000,-217000
2007/01/23,0,92000,-384000,-292000
2007/01/24,0,1192000,-203000,989000
2007/01/25,0,294000,-203000,91000
2007/01/26,0,787000,-6679822,-5892822
2007/01/29,0,177000,-898000,-721000
2007/01/30,0,592000,-85000,507000
2007/01/31,0,217000,0,217000
2007/02/01,0,0,-71000,-71000
2007/02/02,0,145000,0,145000
2007/02/05,0,510000,-256288,253712
2007/02/06,0,752000,-172000,580000
2007/02/07,0,22000,-241979,-219979
2007/02/08,0,32000,-2100000,-2068000
2007/02/09,0,1441000,-448000,993000
2007/02/12,0,1675000,-271000,1404000
2007/02/13,0,967000,-144000,823000
2007/02/14,0,568000,-270000,298000
2007/02/15,0,0,0,0
2007/02/16,0,0,0,0
2007/02/19,0,0,0,0
2007/02/20,0,0,0,0
2007/02/21,0,0,0,0
2007/02/22,0,0,0,0
2007/02/23,0,0,0,0
2007/02/26,0,1316000,-32000,1284000
2007/02/27,0,1140000,-1522000,-382000
2007/02/28,0,0,0,0
2007/03/01,0,1000000,-137280,862720
2007/03/02,0,0,-828000,-828000
2007/03/05,0,590000,-343000,247000
2007/03/06,0,890000,-803099,86901
2007/03/07,0,38000,-219000,-181000
2007/03/08,0,1000000,-153000,847000
2007/03/09,0,300000,-21000,279000
2007/03/12,0,287000,-392655,-105655
2007/03/13,0,591000,-1578000,-987000
2007/03/14,0,796000,-130000,666000
2007/03/15,0,867000,0,867000
2007/03/16,0,268000,-351000,-83000
2007/03/19,0,829000,-100796,728204
2007/03/20,0,1500000,-223000,1277000
2007/03/21,0,2030000,-158495,1871505
2007/03/22,0,1112000,-1020000,92000
2007/03/23,0,250000,-322000,-72000
2007/03/26,0,71000,-35000,36000
2007/03/27,0,50000,-392000,-342000
2007/03/28,0,603000,-40000,563000
2007/03/29,0,0,-174000,-174000
2007/03/30,0,355000,-991000,-636000
2007/04/02,0,1110000,-739000,371000
2007/04/03,0,140000,-378000,-238000
2007/04/04,0,319000,-100000,219000
2007/04/05,0,0,0,0
2007/04/06,0,0,0,0
2007/04/09,0,600000,-241000,359000
2007/04/10,0,0,-1117000,-1117000
2007/04/11,0,800000,-558000,242000
2007/04/12,0,260000,-345000,-85000
2007/04/13,0,96000,-1159000,-1063000
2007/04/16,0,0,-78000,-78000
2007/04/17,0,331000,-156000,175000
2007/04/18,0,820000,-1626000,-806000
2007/04/19,0,0,-200000,-200000
2007/04/20,0,288000,-677000,-389000
2007/04/23,0,222000,-1284000,-1062000
2007/04/24,0,313000,-165000,148000
2007/04/25,0,0,0,0
2007/04/26,0,0,-370000,-370000
2007/04/27,0,82000,-3000,79000
2007/04/30,0,121000,-867000,-746000
2007/05/01,0,0,0,0
2007/05/02,0,123000,0,123000
2007/05/03,0,238000,-236000,2000
2007/05/04,0,1272000,-250000,1022000
2007/05/07,0,55000,-396000,-341000
2007/05/08,0,86000,-428000,-342000
2007/05/09,0,250000,-441000,-191000
2007/05/10,0,298000,-122000,176000
2007/05/11,0,3000,-166000,-163000
2007/05/14,0,626000,-347000,279000
2007/05/15,0,195000,-1332000,-1137000
2007/05/16,0,1160000,-427000,733000
2007/05/17,0,1275000,-723000,552000
2007/05/18,0,1271000,-42000,1229000
2007/05/21,0,86000,-360000,-274000
2007/05/22,0,152000,-1539000,-1387000
2007/05/23,0,589000,-865141,-276141
2007/05/24,0,80000,-353000,-273000
2007/05/25,0,237000,0,237000
2007/05/28,0,116000,-522000,-406000
2007/05/29,0,420000,0,420000
2007/05/30,0,1354000,-646000,708000
2007/05/31,0,252000,-522000,-270000
2007/06/01,0,217000,0,217000
2007/06/04,0,81000,-128000,-47000
2007/06/05,0,0,-2859000,-2859000
2007/06/06,0,771000,-250000,521000
2007/06/07,0,450000,-83000,367000
2007/06/08,0,0,-825000,-825000
2007/06/11,0,0,-117000,-117000
2007/06/12,0,31000,-2046000,-2015000
2007/06/13,0,0,-481000,-481000
2007/06/14,0,1535000,-452000,1083000
2007/06/15,0,1161602,-880000,281602
2007/06/18,0,0,0,0
2007/06/19,0,0,0,0
2007/06/20,0,814000,-1555000,-741000
2007/06/21,0,450000,-351000,99000
2007/06/22,0,0,-2600000,-2600000
2007/06/25,0,23448000,-29000,23419000
2007/06/26,0,42000,-1015000,-973000
2007/06/27,0,647000,-600000,47000
2007/06/28,0,0,-285000,-285000
2007/06/29,0,471000,-622000,-151000
2007/07/02,0,0,-230000,-230000
2007/07/03,0,0,-202000,-202000
2007/07/04,0,164000,-627000,-463000
2007/07/05,0,2035000,-672498,1362502
2007/07/06,0,1901000,-1599907,301093
2007/07/09,0,1811000,-627884,1183116
2007/07/10,0,10000,-60649,-50649
2007/07/11,0,42000,-1115049,-1073049
2007/07/12,0,0,-648425,-648425
2007/07/13,0,4396000,-1183000,3213000
2007/07/16,0,678000,-538000,140000
2007/07/17,0,59000,-659000,-600000
2007/07/18,0,84000,-1066663,-982663
2007/07/19,0,31000,-1367787,-1336787
2007/07/20,0,53000,-1917864,-1864864
2007/07/23,0,1000,-2694629,-2693629
2007/07/24,0,8002,-660449,-652447
2007/07/25,0,14000,-1041000,-1027000
2007/07/26,0,139000,-4423298,-4284298
2007/07/27,0,1077000,-701000,376000
2007/07/30,0,16000,-1417000,-1401000
2007/07/31,0,0,-1617619,-1617619
2007/08/01,0,24000,-1801000,-1777000
2007/08/02,0,142000,-799000,-657000
2007/08/03,0,3000,-333000,-330000
2007/08/06,0,109000,0,109000
2007/08/07,0,21000,-3145229,-3124229
2007/08/08,0,338000,-3094497,-2756497
2007/08/09,0,603000,-544514,58486
2007/08/10,0,35000,-281491,-246491
2007/08/13,0,12000,-83000,-71000
2007/08/14,0,228000,-42749,185251
2007/08/15,0,584000,-75000,509000
2007/08/16,0,2816000,-5933000,-3117000
2007/08/17,0,219000,-1463000,-1244000
2007/08/20,0,142000,-150000,-8000
2007/08/21,0,201000,0,201000
2007/08/22,0,577000,-20000,557000
2007/08/23,0,33000,-1460000,-1427000
2007/08/24,0,500000,-117000,383000
2007/08/27,0,38000,-2635349,-2597349
2007/08/28,0,782000,-877000,-95000
2007/08/29,0,0,-2648000,-2648000
2007/08/30,0,9000,-500334,-491334
2007/08/31,0,0,-196000,-196000
2007/09/03,0,185000,-62000,123000
2007/09/04,0,338000,-1033000,-695000
2007/09/05,0,0,-100000,-100000
2007/09/06,0,0,-52000,-52000
2007/09/07,0,7000,-218567,-211567
2007/09/10,0,0,-119134,-119134
2007/09/11,0,0,-1172,-1172
2007/09/12,0,110000,0,110000
2007/09/13,0,207000,-380000,-173000
2007/09/14,0,37000,-500000,-463000
2007/09/17,0,202000,0,202000
2007/09/18,0,0,0,0
2007/09/19,0,38000,0,38000
2007/09/20,0,106000,-17000,89000
2007/09/21,0,523000,-200000,323000
2007/09/24,0,0,0,0
2007/09/25,0,0,0,0
2007/09/26,0,94000,-188049,-94049
2007/09/27,0,19000,-341000,-322000
2007/09/28,0,420000,-443497,-23497
2007/10/01,0,1540000,-178000,1362000
2007/10/02,0,880000,-126249,753751
2007/10/03,0,230000,-9000,221000
2007/10/04,0,350000,-60000,290000
2007/10/05,0,0,-90999,-90999
2007/10/08,0,397000,-73000,324000
2007/10/09,0,415000,-2068745,-1653745
2007/10/10,0,0,0,0
2007/10/11,0,0,-500000,-500000
2007/10/12,0,121000,-351968,-230968
2007/10/15,0,60000,-174000,-114000
2007/10/16,0,338000,-60000,278000
2007/10/17,0,52000,-1992000,-1940000
2007/10/18,0,853000,-113499,739501
2007/10/19,0,0,-278000,-278000
2007/10/22,0,60000,-300000,-240000
2007/10/23,0,903000,-16000,887000
2007/10/24,0,381000,-20000,361000
2007/10/25,0,67000,0,67000
2007/10/26,0,2720000,-1000,2719000
2007/10/29,0,1225000,-1000,1224000
2007/10/30,0,103000,-11000,92000
2007/10/31,0,1499000,0,1499000
2007/11/01,0,1588000,-1000000,588000
2007/11/02,0,164000,-15000,149000
2007/11/05,0,383000,-1747000,-1364000
2007/11/06,0,627000,0,627000
2007/11/07,0,2749000,0,2749000
2007/11/08,0,121000,0,121000
2007/11/09,0,4140000,0,4140000
2007/11/12,0,3366000,0,3366000
2007/11/13,0,5897000,-118000,5779000
2007/11/14,0,2090000,-54000,2036000
2007/11/15,0,3000,-15000,-12000
2007/11/16,0,8000000,-80000,7920000
2007/11/19,0,4130000,-272000,3858000
2007/11/20,0,232000,-122000,110000
2007/11/21,0,1951000,-192000,1759000
2007/11/22,0,1563000,-50000,1513000
2007/11/23,0,4955000,0,4955000
2007/11/26,0,1310000,-650000,660000
2007/11/27,0,1188000,-202000,986000
2007/11/28,0,201000,0,201000
2007/11/29,0,18000,-544000,-526000
2007/11/30,0,305000,-210000,95000
2007/12/03,0,13000,-50000,-37000
2007/12/04,0,1000,-429049,-428049
2007/12/05,0,456000,-1312000,-856000
2007/12/06,0,355000,-30000,325000
2007/12/07,0,234000,0,234000
2007/12/10,0,177000,-324000,-147000
2007/12/11,0,605000,-460000,145000
2007/12/12,0,1207000,-74000,1133000
2007/12/13,0,1896000,0,1896000
2007/12/14,0,3048000,-290000,2758000
2007/12/17,0,300000,-6269,293731
2007/12/18,0,962000,-793219,168781
2007/12/19,0,803000,-292000,511000
2007/12/20,0,1535000,-5000,1530000
2007/12/21,0,1710000,-230000,1480000
2007/12/24,0,1072000,-2868000,-1796000
2007/12/25,0,4627000,-1082222,3544778
2007/12/26,0,200000,-970000,-770000
2007/12/27,0,354000,-649000,-295000
2007/12/28,0,1084000,-1104000,-20000
2007/12/31,0,169000,-560000,-391000
2008/01/01,0,0,0,0
2008/01/02,0,40000,-8864000,-8824000
2008/01/03,0,68000,-872000,-804000
2008/01/04,0,985000,-2342000,-1357000
2008/01/07,0,144000,-5165000,-5021000
2008/01/08,0,937000,-860000,77000
2008/01/09,0,319000,-118000,201000
2008/01/10,0,2402000,-1233468,1168532
2008/01/11,0,6000,-293000,-287000
2008/01/14,0,1757000,-1796000,-39000
2008/01/15,0,708000,-1326000,-618000
2008/01/16,0,8000,-1325000,-1317000
2008/01/17,0,1533000,-372749,1160251
2008/01/18,0,407000,-126000,281000
2008/01/21,0,88000,-2800000,-2712000
2008/01/22,0,96000,-220000,-124000
2008/01/23,0,513000,-2317503,-1804503
2008/01/24,0,11505000,0,11505000
2008/01/25,0,2812000,-41000,2771000
2008/01/28,0,560000,-224000,336000
2008/01/29,0,542000,-344000,198000
2008/01/30,0,1103000,0,1103000
2008/01/31,0,841000,-403000,438000
2008/02/01,0,1478000,-1598000,-120000
2008/02/04,0,0,0,0
2008/02/05,0,0,0,0
2008/02/06,0,0,0,0
2008/02/07,0,0,0,0
2008/02/08,0,0,0,0
2008/02/11,0,0,0,0
2008/02/12,0,234000,-2875000,-2641000
2008/02/13,0,690000,-4320000,-3630000
2008/02/14,0,2432000,0,2432000
2008/02/15,0,2567000,-1500000,1067000
2008/02/18,0,369000,-2735000,-2366000
2008/02/19,0,484000,-970000,-486000
2008/02/20,0,77228,-71000,6228
2008/02/21,0,30000,-853000,-823000
2008/02/22,0,443000,-285000,158000
2008/02/25,0,796000,-20000,776000
2008/02/26,0,1358000,-1000000,358000
2008/02/27,0,1037000,-141000,896000
2008/02/28,0,0,0,0
2008/02/29,0,260000,-1815000,-1555000
2008/03/03,0,916000,-450000,466000
2008/03/04,0,270000,-297000,-27000
2008/03/05,0,1680000,-84000,1596000
2008/03/06,0,1514000,-37000,1477000
2008/03/07,0,332000,-125000,207000
2008/03/10,0,239000,-5000,234000
2008/03/11,0,418000,-3000,415000
2008/03/12,0,748000,0,748000
2008/03/13,0,106000,-16000,90000
2008/03/14,0,599000,-92569,506431
2008/03/17,0,182000,-68000,114000
2008/03/18,0,444000,-48000,396000
2008/03/19,0,563000,-5000,558000
2008/03/20,0,1443000,-950000,493000
2008/03/21,0,262000,0,262000
2008/03/24,0,927000,-213000,714000
2008/03/25,0,698000,-177000,521000
2008/03/26,0,676000,-103000,573000
2008/03/27,0,327000,-873000,-546000
2008/03/28,0,1453000,-450000,1003000
2008/03/31,0,646000,-657000,-11000
2008/04/01,0,2065000,-85000,1980000
2008/04/02,0,300000,-65000,235000
2008/04/03,0,687000,-10000,677000
2008/04/04,0,0,0,0
2008/04/07,0,214000,-725000,-511000
2008/04/08,0,3698000,-183000,3515000
2008/04/09,0,22000,-300000,-278000
2008/04/10,0,1340000,-500000,840000
2008/04/11,0,476000,-112879,363121
2008/04/14,0,0,-567000,-567000
2008/04/15,0,6000,-394000,-388000
2008/04/16,0,300000,-51000,249000
2008/04/17,0,1558000,-76000,1482000
2008/04/18,0,1107000,-610000,497000
2008/04/21,0,1802000,-1000000,802000
2008/04/22,0,122000,-510000,-388000
2008/04/23,0,281000,-622000,-341000
2008/04/24,0,46000,-2904000,-2858000
2008/04/25,0,83000,-875000,-792000
2008/04/28,0,324000,-150000,174000
2008/04/29,0,32000,0,32000
2008/04/30,0,979000,-304000,675000
2008/05/01,0,0,0,0
2008/05/02,0,3136000,-799000,2337000
2008/05/05,0,4290000,-75000,4215000
2008/05/06,0,164000,-62000,102000
2008/05/07,0,3802000,0,3802000
2008/05/08,0,3112000,-1772000,1340000
2008/05/09,0,1725000,-749000,976000
2008/05/12,0,1582000,-1437000,145000
2008/05/13,0,871000,-98000,773000
2008/05/14,0,3082000,-850000,2232000
2008/05/15,0,1653000,-400000,1253000
2008/05/16,0,413000,-1523000,-1110000
2008/05/19,0,2583000,-75000,2508000
2008/05/20,0,1583000,-1014000,569000
2008/05/21,0,50000,-1313000,-1263000
2008/05/22,0,1317000,-230000,1087000
2008/05/23,0,803000,-72000,731000
2008/05/26,0,328000,-700000,-372000
2008/05/27,0,3834000,-176000,3658000
2008/05/28,0,2011000,-219000,1792000
2008/05/29,0,5663000,0,5663000
2008/05/30,0,4398000,-190000,4208000
2008/06/02,0,4808000,-419000,4389000
2008/06/03,0,6058000,-194000,5864000
2008/06/04,0,3166000,-169000,2997000
2008/06/05,0,1704000,0,1704000
2008/06/06,0,2316000,0,2316000
2008/06/09,0,535000,0,535000
2008/06/10,0,1152000,-736000,416000
2008/06/11,0,3499000,0,3499000
2008/06/12,0,957000,-12000,945000
2008/06/13,0,1794000,-150000,1644000
2008/06/16,0,1253000,-68000,1185000
2008/06/17,0,2910000,-5000,2905000
2008/06/18,0,2202000,0,2202000
2008/06/19,0,115000,-123000,-8000
2008/06/20,0,731000,-2692000,-1961000
2008/06/23,0,1105000,-184000,921000
2008/06/24,0,1453000,0,1453000
2008/06/25,0,4808000,-440000,4368000
2008/06/26,0,2430000,-5000,2425000
2008/06/27,0,4887000,-420000,4467000
2008/06/30,0,1253000,0,1253000
2008/07/01,0,1659000,-903000,756000
2008/07/02,0,800000,-331000,469000
2008/07/03,0,968000,-3142000,-2174000
2008/07/04,0,3048000,-1258000,1790000
2008/07/07,0,442000,-620000,-178000
2008/07/08,0,705000,0,705000
2008/07/09,0,815000,-48000,767000
2008/07/10,0,1600000,-1300000,300000
2008/07/11,0,411000,0,411000
2008/07/14,0,1849000,-927000,922000
2008/07/15,0,671000,-4947000,-4276000
2008/07/16,0,4895000,-300000,4595000
2008/07/17,0,3989000,0,3989000
2008/07/18,0,1389000,-745000,644000
2008/07/21,0,925000,0,925000
2008/07/22,0,1232000,-2987000,-1755000
2008/07/23,0,176000,-6200000,-6024000
2008/07/24,0,123000,-1101000,-978000
2008/07/25,0,350000,-6117000,-5767000
2008/07/28,0,0,0,0
2008/07/29,0,662000,-1026000,-364000
2008/07/30,0,53000,-2733000,-2680000
2008/07/31,0,3993000,-194000,3799000
2008/08/01,0,1032000,0,1032000
2008/08/04,0,370000,0,370000
2008/08/05,0,3262000,-34000,3228000
2008/08/06,0,2170000,-108000,2062000
2008/08/07,0,2366000,-811000,1555000
2008/08/08,0,1135000,-129000,1006000
2008/08/11,0,1095000,-590000,505000
2008/08/12,0,694000,-230000,464000
2008/08/13,0,1192000,-64595,1127405
2008/08/14,0,293000,-1110896,-817896
2008/08/15,0,1578000,-1238000,340000
2008/08/18,0,302000,-124000,178000
2008/08/19,0,287000,-1660000,-1373000
2008/08/20,0,166000,-86000,80000
2008/08/21,0,1414000,-1312613,101387
2008/08/22,0,1914000,-149000,1765000
2008/08/25,0,404000,-469000,-65000
2008/08/26,0,738000,-1397863,-659863
2008/08/27,0,0,-1312008,-1312008
2008/08/28,0,1550000,-591921,958079
2008/08/29,0,69000,-1206000,-1137000
2008/09/01,0,620000,-2826000,-2206000
2008/09/02,0,1723000,-1736000,-13000
2008/09/03,0,2172000,-1113772,1058228
2008/09/04,0,2302000,-800803,1501197
2008/09/05,0,2786000,-352000,2434000
2008/09/08,0,57000,-167016,-110016
2008/09/09,0,502000,-128033,373967
2008/09/10,0,655000,-1388276,-733276
2008/09/11,0,150000,-900504,-750504
2008/09/12,0,25000,-662,24338
2008/09/15,0,210000,0,210000
2008/09/16,0,2817000,-1132000,1685000
2008/09/17,0,3212000,-1217000,1995000
2008/09/18,0,3411000,-190000,3221000
2008/09/19,0,5029000,-1073000,3956000
2008/09/22,0,970000,-214000,756000
2008/09/23,0,1512000,-680000,832000
2008/09/24,0,211000,-1494905,-1283905
2008/09/25,0,831000,-584277,246723
2008/09/26,0,1320000,-1620291,-300291
2008/09/29,0,0,0,0
2008/09/30,0,3278000,-3249683,28317
2008/10/01,0,2366000,-229260,2136740
2008/10/02,0,2435000,-322437,2112563
2008/10/03,0,2110000,-330000,1780000
2008/10/06,0,1040000,-604000,436000
2008/10/07,0,6608000,-900000,5708000
2008/10/08,0,4218000,-52000,4166000
2008/10/09,0,7017000,-44000,6973000
2008/10/10,0,0,0,0
2008/10/13,0,4660000,-380000,4280000
2008/10/14,0,1974000,-582000,1392000
2008/10/15,0,1759000,-1175848,583152
2008/10/16,0,149000,-5692,143308
2008/10/17,0,381000,-1031428,-650428
2008/10/20,0,3604000,-1142685,2461315
2008/10/21,0,2785000,-3466000,-681000
2008/10/22,0,40000,-5214000,-5174000
2008/10/23,0,100000,-847000,-747000
2008/10/24,0,642000,-6069968,-5427968
2008/10/27,0,700000,-10385000,-9685000
2008/10/28,0,5505000,-432000,5073000
2008/10/29,0,5223000,-328000,4895000
2008/10/30,0,6150000,-963000,5187000
2008/10/31,0,1710000,-2173000,-463000
2008/11/03,0,158000,-8970543,-8812543
2008/11/04,0,335000,-1692000,-1357000
2008/11/05,0,726000,-2489000,-1763000
2008/11/06,0,1193000,-576000,617000
2008/11/07,0,1350000,-6242450,-4892450
2008/11/10,0,665000,-4674000,-4009000
2008/11/11,0,3351000,-3556523,-205523
2008/11/12,0,3313000,-187000,3126000
2008/11/13,0,381000,-247000,134000
2008/11/14,0,1667000,-1115000,552000
2008/11/17,0,1253000,-2561000,-1308000
2008/11/18,0,2249000,-7544229,-5295229
2008/11/19,0,1624000,-1380000,244000
2008/11/20,0,1809000,-468514,1340486
2008/11/21,0,3452000,-135000,3317000
2008/11/24,0,971000,-503000,468000
2008/11/25,0,1145000,-1368000,-223000
2008/11/26,0,2134000,-16000,2118000
2008/11/27,0,3580000,-420000,3160000
2008/11/28,0,1243000,-331000,912000
2008/12/01,0,1273000,-1733000,-460000
2008/12/02,0,4544000,-10428696,-5884696
2008/12/03,0,2757000,-3319000,-562000
2008/12/04,0,2068000,-740000,1328000
2008/12/05,0,860000,-5000,855000
2008/12/08,0,4376000,-8000,4368000
2008/12/09,0,984000,-1056000,-72000
2008/12/10,0,4419000,-719000,3700000
2008/12/11,0,1107000,-1156000,-49000
2008/12/12,0,1317000,-675000,642000
2008/12/15,0,504673,-1025000,-520327
2008/12/16,0,389000,-2340339,-1951339
2008/12/17,0,288000,-2856000,-2568000
2008/12/18,0,349000,-2021118,-1672118
2008/12/19,0,1461000,-4553000,-3092000
2008/12/22,0,4356000,-1474000,2882000
2008/12/23,0,135000,-2001000,-1866000
2008/12/24,0,1071000,-1628000,-557000
2008/12/25,0,1249000,-109,1248891
2008/12/26,0,430000,-39000,391000
2008/12/29,0,223000,-50000,173000
2008/12/30,0,300000,-1200000,-900000
2008/12/31,0,116000,-2425000,-2309000
2009/01/01,0,0,0,0
2009/01/02,0,0,0,0
2009/01/05,0,1720000,-23000,1697000
2009/01/06,0,156000,-1533000,-1377000
2009/01/07,0,0,-3094000,-3094000
2009/01/08,0,361000,-3845816,-3484816
2009/01/09,0,542000,-2044000,-1502000
2009/01/12,0,814000,-2262000,-1448000
2009/01/13,0,6235000,0,6235000
2009/01/14,0,2314000,-878494,1435506
2009/01/15,0,2487000,-491000,1996000
2009/01/16,0,1005000,0,1005000
2009/01/19,0,80000,-909764,-829764
2009/01/20,0,1781000,-661000,1120000
2009/01/21,0,2144000,-4845364,-2701364
2009/01/22,0,0,0,0
2009/01/23,0,0,0,0
2009/01/26,0,0,0,0
2009/01/27,0,0,0,0
2009/01/28,0,0,0,0
2009/01/29,0,0,0,0
2009/01/30,0,0,0,0
2009/02/02,0,3592000,-100000,3492000
2009/02/03,0,2014000,-85000,1929000
2009/02/04,0,450000,-1537000,-1087000
2009/02/05,0,250000,-2065000,-1815000
2009/02/06,0,1534000,-425000,1109000
2009/02/09,0,0,-3629000,-3629000
2009/02/10,0,182000,-1069000,-887000
2009/02/11,0,490000,-535000,-45000
2009/02/12,0,700000,-506403,193597
2009/02/13,0,1025000,-450000,575000
2009/02/16,0,1552000,-770000,782000
2009/02/17,0,195000,-494000,-299000
2009/02/18,0,176000,-32000,144000
2009/02/19,0,1611000,-60000,1551000
2009/02/20,0,652000,-565000,87000
2009/02/23,0,1514000,-2010000,-496000
2009/02/24,0,586000,-2054492,-1468492
2009/02/25,0,1160000,0,1160000
2009/02/26,0,1500000,-173000,1327000
2009/02/27,0,270000,-21000,249000
2009/03/02,0,4790000,-230000,4560000
2009/03/03,0,1618000,0,1618000
2009/03/04,0,1993000,-10000,1983000
2009/03/05,0,388000,-420000,-32000
2009/03/06,0,95000,-283000,-188000
2009/03/09,0,302000,-219000,83000
2009/03/10,0,187000,-408000,-221000
2009/03/11,0,485000,-951000,-466000
2009/03/12,0,0,-3042962,-3042962
2009/03/13,0,1324000,-2342000,-1018000
2009/03/16,0,90000,-3108587,-3018587
2009/03/17,0,276000,-4722000,-4446000
2009/03/18,0,0,-1926000,-1926000
2009/03/19,0,413000,-1649000,-1236000
2009/03/20,0,0,-4698024,-4698024
2009/03/23,0,1298000,-95000,1203000
2009/03/24,0,1120000,-138000,982000
2009/03/25,0,610000,-3443000,-2833000
2009/03/26,0,0,-2815000,-2815000
2009/03/27,0,13000,-2433000,-2420000
2009/03/30,0,0,-546000,-546000
2009/03/31,0,76000,-770126,-694126
2009/04/01,0,0,-311000,-311000
2009/04/02,0,605000,-3918000,-3313000
2009/04/03,0,0,-2624918,-2624918
2009/04/06,0,971000,-1701000,-730000
2009/04/07,0,549000,-3462490,-2913490
2009/04/08,0,270000,-9512000,-9242000
2009/04/09,0,0,-431000,-431000
2009/04/10,0,1045000,-3178932,-2133932
2009/04/13,0,0,-5032000,-5032000
2009/04/14,0,0,-6520285,-6520285
2009/04/15,0,467000,-4796512,-4329512
2009/04/16,0,1134000,-3473000,-2339000
2009/04/17,0,936000,-1786000,-850000
2009/04/20,0,0,-1977000,-1977000
2009/04/21,0,2885000,-1252000,1633000
2009/04/22,0,2825000,-4373000,-1548000
2009/04/23,0,441000,-2481514,-2040514
2009/04/24,0,4536000,-2646000,1890000
2009/04/27,0,5082000,-947000,4135000
2009/04/28,0,4874000,-244000,4630000
2009/04/29,0,3672000,0,3672000
2009/04/30,0,4554000,-270000,4284000
2009/05/01,0,0,0,0
2009/05/04,0,2425000,-30000,2395000
2009/05/05,0,2246000,0,2246000
2009/05/06,0,820000,-1157000,-337000
2009/05/07,0,0,-9610529,-9610529
2009/05/08,0,540000,-5094537,-4554537
2009/05/11,0,369000,-538000,-169000
2009/05/12,0,1835000,-2461000,-626000
2009/05/13,0,2514000,-934000,1580000
2009/05/14,0,455000,-1495000,-1040000
2009/05/15,0,1864000,-1250000,614000
2009/05/18,0,3720000,-1590000,2130000
2009/05/19,0,2582000,-200000,2382000
2009/05/20,0,734000,-2806000,-2072000
2009/05/21,0,0,-1853169,-1853169
2009/05/22,0,200000,-9385000,-9185000
2009/05/25,0,103000,-3853000,-3750000
2009/05/26,0,860000,-2008000,-1148000
2009/05/27,0,1026000,-4210000,-3184000
2009/05/28,0,0,0,0
2009/05/29,0,0,0,0
2009/06/01,0,178000,-3884000,-3706000
2009/06/02,0,0,-921000,-921000
2009/06/03,0,941000,-1390000,-449000
2009/06/04,0,250000,-545028,-295028
2009/06/05,0,0,-902000,-902000
2009/06/08,0,258000,-1976000,-1718000
2009/06/09,0,3366000,-501000,2865000
2009/06/10,0,2188000,-282000,1906000
2009/06/11,0,903000,-273000,630000
2009/06/12,0,506000,-345000,161000
2009/06/15,0,723000,-391000,332000
2009/06/16,0,807000,-42000,765000
2009/06/17,0,156000,-911000,-755000
2009/06/18,0,1034000,-272000,762000
2009/06/19,0,5321000,0,5321000
2009/06/22,0,2622000,-100000,2522000
2009/06/23,0,900000,-344000,556000
2009/06/24,0,1886000,-89000,1797000
2009/06/25,0,9000,0,9000
2009/06/26,0,2307000,-67000,2240000
2009/06/29,0,56000,-100000,-44000
2009/06/30,0,0,-1328000,-1328000
2009/07/01,0,228000,-1050000,-822000
2009/07/02,0,100000,-2360000,-2260000
2009/07/03,0,50000,-638000,-588000
2009/07/06,0,169000,-2046066,-1877066
2009/07/07,0,185000,-4152705,-3967705
2009/07/08,0,0,-67000,-67000
2009/07/09,0,80000,-120000,-40000
2009/07/10,0,75000,-38000,37000
2009/07/13,0,46000,-1351000,-1305000
2009/07/14,0,29000,-662000,-633000
2009/07/15,0,0,-1205000,-1205000
2009/07/16,0,0,-1970000,-1970000
2009/07/17,0,616000,-2571000,-1955000
2009/07/20,0,2000,-1827000,-1825000
2009/07/21,0,1450000,-969000,481000
2009/07/22,0,904000,-2503000,-1599000
2009/07/23,0,1429000,-2106000,-677000
2009/07/24,0,282000,-897000,-615000
2009/07/27,0,468000,-281000,187000
2009/07/28,0,1536000,-2239000,-703000
2009/07/29,0,543000,-1566000,-1023000
2009/07/30,0,0,-1484000,-1484000
2009/07/31,0,658000,-805000,-147000
2009/08/03,0,816000,-34000,782000
2009/08/04,0,605000,-258000,347000
2009/08/05,0,4077000,-460000,3617000
2009/08/06,0,771000,-89000,682000
2009/08/07,0,0,0,0
2009/08/10,0,72000,-240000,-168000
2009/08/11,0,248000,0,248000
2009/08/12,0,1034000,-192049,841951
2009/08/13,0,120000,-371000,-251000
2009/08/14,0,247000,-678000,-431000
2009/08/17,0,487000,-1197249,-710249
2009/08/18,0,2159000,-330749,1828251
2009/08/19,0,367000,0,367000
2009/08/20,0,32000,-75000,-43000
2009/08/21,0,5537000,-229623,5307377
2009/08/24,0,11117000,-120000,10997000
2009/08/25,0,690000,0,690000
2009/08/26,0,4073000,-251000,3822000
2009/08/27,0,1094000,-39983,1054017
2009/08/28,0,362000,-249,361751
2009/08/31,0,1154000,0,1154000
2009/09/01,0,246000,-889,245111
2009/09/02,0,2275000,0,2275000
2009/09/03,0,1106000,-45924,1060076
2009/09/04,0,1400000,-1535999,-135999
2009/09/07,0,2100000,-1151159,948841
2009/09/08,0,589000,-252000,337000
2009/09/09,0,1388000,0,1388000
2009/09/10,0,758000,-417990,340010
2009/09/11,0,631000,-142000,489000
2009/09/14,0,209000,-602999,-393999
2009/09/15,0,290000,-41000,249000
2009/09/16,0,1165000,-189,1164811
2009/09/17,0,488000,-214000,274000
2009/09/18,0,0,-2447000,-2447000
2009/09/21,0,505000,-18000,487000
2009/09/22,0,676000,-50000,626000
2009/09/23,0,91000,-2924499,-2833499
2009/09/24,0,13000,-555849,-542849
2009/09/25,0,2445000,-1626154,818846
2009/09/28,0,454000,-210000,244000
2009/09/29,0,1057000,0,1057000
2009/09/30,0,1226000,-308749,917251
2009/10/01,0,66000,0,66000
2009/10/02,0,405000,-268499,136501
2009/10/05,0,21000,-500000,-479000
2009/10/06,0,0,-726000,-726000
2009/10/07,0,0,-1659704,-1659704
2009/10/08,0,100000,-2085497,-1985497
2009/10/09,0,19000,-122988,-103988
2009/10/12,0,635000,-545000,90000
2009/10/13,0,526000,-572000,-46000
2009/10/14,0,40000,-796000,-756000
2009/10/15,0,1420000,-423298,996702
2009/10/16,0,39000,0,39000
2009/10/19,0,82000,-2065000,-1983000
2009/10/20,0,1820000,-737000,1083000
2009/10/21,0,355000,-1310000,-955000
2009/10/22,0,1491000,-188000,1303000
2009/10/23,0,911000,-473000,438000
2009/10/26,0,0,0,0
2009/10/27,0,82000,-509000,-427000
2009/10/28,0,1321000,-30000,1291000
2009/10/29,0,855000,-164000,691000
2009/10/30,0,5679000,-7000,5672000
2009/11/02,0,215000,-1192299,-977299
2009/11/03,0,4336000,-115000,4221000
2009/11/04,0,1709000,-100000,1609000
2009/11/05,0,36000,-500000,-464000
2009/11/06,0,569000,-217000,352000
2009/11/09,0,32000,-255000,-223000
2009/11/10,0,315000,-141674,173326
2009/11/11,0,1313000,-68000,1245000
2009/11/12,0,1829000,-9000,1820000
2009/11/13,0,249000,-78000,171000
2009/11/16,0,2791000,-3000,2788000
2009/11/17,0,614000,-630000,-16000
2009/11/18,0,518000,-630000,-112000
2009/11/19,0,890000,-730000,160000
2009/11/20,0,2800000,-904000,1896000
2009/11/23,0,0,-1251799,-1251799
2009/11/24,0,0,-419399,-419399
2009/11/25,0,0,-101849,-101849
2009/11/26,0,0,-1307000,-1307000
2009/11/27,0,0,-2979500,-2979500
2009/11/30,0,428000,-661000,-233000
2009/12/01,0,8000,-1013000,-1005000
2009/12/02,0,0,-1264000,-1264000
2009/12/03,0,0,-254000,-254000
2009/12/04,0,0,-821499,-821499
2009/12/07,0,0,-493000,-493000
2009/12/08,0,650000,-2238288,-1588288
2009/12/09,0,0,-364000,-364000
2009/12/10,0,0,-2528765,-2528765
2009/12/11,0,358000,-43000,315000
2009/12/14,0,19000,-1604000,-1585000
2009/12/15,0,46000,-1571799,-1525799
2009/12/16,0,0,-1777067,-1777067
2009/12/17,0,0,-429136,-429136
2009/12/18,0,45000,-933000,-888000
2009/12/21,0,146000,-1729928,-1583928
2009/12/22,0,0,-5503284,-5503284
2009/12/23,0,8000,-880000,-872000
2009/12/24,0,0,-257000,-257000
2009/12/25,0,0,-1135214,-1135214
2009/12/28,0,0,-435923,-435923
2009/12/29,0,8000,-400000,-392000
2009/12/30,0,0,-1773909,-1773909
2009/12/31,0,250000,-767000,-517000
2010/01/01,0,0,0,0
2010/01/04,0,49000,-1121000,-1072000
2010/01/05,0,0,-987180,-987180
2010/01/06,0,120000,-623000,-503000
2010/01/07,0,390000,-21000,369000
2010/01/08,0,3346000,-51000,3295000
2010/01/11,0,104000,-500000,-396000
2010/01/12,0,1300000,-2196000,-896000
2010/01/13,0,900000,-1015000,-115000
2010/01/14,0,0,-351000,-351000
2010/01/15,0,0,-1768849,-1768849
2010/01/18,0,0,-1002000,-1002000
2010/01/19,0,295000,-582451,-287451
2010/01/20,0,796000,-59000,737000
2010/01/21,0,20000,-21000,-1000
2010/01/22,0,100000,0,100000
2010/01/25,0,186000,-2225000,-2039000
2010/01/26,0,0,-332000,-332000
2010/01/27,0,2706000,-789000,1917000
2010/01/28,0,1199000,-144000,1055000
2010/01/29,0,4001000,0,4001000
2010/02/01,0,2431000,-7000,2424000
2010/02/02,0,1486000,0,1486000
2010/02/03,0,1243000,-75000,1168000
2010/02/04,0,532000,-650000,-118000
2010/02/05,0,766000,-630000,136000
2010/02/08,0,233000,-13000,220000
2010/02/09,0,367000,-12000,355000
2010/02/10,0,1107000,0,1107000
2010/02/11,0,0,0,0
2010/02/12,0,0,0,0
2010/02/15,0,0,0,0
2010/02/16,0,0,0,0
2010/02/17,0,0,0,0
2010/02/18,0,0,0,0
2010/02/19,0,0,0,0
2010/02/22,0,43000,0,43000
2010/02/23,0,626000,-350000,276000
2010/02/24,0,2375000,-300000,2075000
2010/02/25,0,879000,-1347000,-468000
2010/02/26,0,1895000,-552654,1342346
2010/03/01,0,628000,-351000,277000
2010/03/02,0,1580000,-481624,1098376
2010/03/03,0,905000,-609000,296000
2010/03/04,0,2378000,-783000,1595000
2010/03/05,0,8000,-719000,-711000
2010/03/08,0,0,-115000,-115000
2010/03/09,0,15000,-35000,-20000
2010/03/10,0,100000,-299000,-199000
2010/03/11,0,6000,-261000,-255000
2010/03/12,0,0,-169000,-169000
2010/03/15,0,1300000,-140000,1160000
2010/03/16,0,425000,-17000,408000
2010/03/17,0,74000,-1416219,-1342219
2010/03/18,0,22000,-87000,-65000
2010/03/19,0,0,-2492000,-2492000
2010/03/22,0,0,-1025254,-1025254
2010/03/23,0,1576000,-3070000,-1494000
2010/03/24,0,0,-534000,-534000
2010/03/25,0,747000,-477000,270000
2010/03/26,0,235000,-239000,-4000
2010/03/29,0,36000,0,36000
2010/03/30,0,17000,-1096000,-1079000
2010/03/31,0,0,-480012,-480012
2010/04/01,0,0,-336000,-336000
2010/04/02,0,9000,-444000,-435000
2010/04/05,0,0,0,0
2010/04/06,0,360000,-1993000,-1633000
2010/04/07,0,2710000,-2172396,537604
2010/04/08,0,205000,-937000,-732000
2010/04/09,0,3367000,-85000,3282000
2010/04/12,0,0,-2088000,-2088000
2010/04/13,0,238000,-1253289,-1015289
2010/04/14,0,286000,-1246000,-960000
2010/04/15,0,0,-343034,-343034
2010/04/16,0,100000,-633000,-533000
2010/04/19,0,4190000,-1071692,3118308
2010/04/20,0,1675000,-181000,1494000
2010/04/21,0,12000,-50000,-38000
2010/04/22,0,568000,-863000,-295000
2010/04/23,0,0,-795000,-795000
2010/04/26,0,749000,-34000,715000
2010/04/27,0,12000,-834000,-822000
2010/04/28,0,111000,-420000,-309000
2010/04/29,0,180000,-376804,-196804
2010/04/30,0,90000,-678000,-588000
2010/05/03,0,957000,-77000,880000
2010/05/04,0,253000,-50000,203000
2010/05/05,0,207000,-313000,-106000
2010/05/06,0,999000,-211000,788000
2010/05/07,0,625000,-4000,621000
2010/05/10,0,144000,-261824,-117824
2010/05/11,0,224000,-588000,-364000
2010/05/12,0,325000,-700000,-375000
2010/05/13,0,458000,-198000,260000
2010/05/14,0,77000,-20000,57000
2010/05/17,0,9000,-248000,-239000
2010/05/18,0,121000,-223000,-102000
2010/05/19,0,0,-456000,-456000
2010/05/20,0,819000,-581000,238000
2010/05/21,0,640000,0,640000
2010/05/24,0,50000,-1006000,-956000
2010/05/25,0,526000,-500000,26000
2010/05/26,0,503000,-127000,376000
2010/05/27,0,66000,-461000,-395000
2010/05/28,0,900000,-810000,90000
2010/05/31,0,1250000,-30000,1220000
2010/06/01,0,258000,-300000,-42000
2010/06/02,0,0,-266000,-266000
2010/06/03,0,0,-212000,-212000
2010/06/04,0,1000,-1212000,-1211000
2010/06/07,0,32000,0,32000
2010/06/08,0,45000,-215000,-170000
2010/06/09,0,313000,-1268000,-955000
2010/06/10,0,181000,-460019,-279019
2010/06/11,0,0,0,0
2010/06/14,0,28000,-10000,18000
2010/06/15,0,0,-192000,-192000
2010/06/16,0,0,0,0
2010/06/17,0,0,-646749,-646749
2010/06/18,0,705000,-265000,440000
2010/06/21,0,39000,-185997,-146997
2010/06/22,0,0,-382000,-382000
2010/06/23,0,30000,-561000,-531000
2010/06/24,0,116000,-854000,-738000
2010/06/25,0,0,-1647954,-1647954
2010/06/28,0,715000,0,715000
2010/06/29,0,749000,-340000,409000
2010/06/30,0,71000,-1557000,-1486000
2010/07/01,0,80000,0,80000
2010/07/02,0,31000,0,31000
2010/07/05,0,0,-459101,-459101
2010/07/06,0,110000,-380000,-270000
2010/07/07,0,100000,-1000000,-900000
2010/07/08,0,0,0,0
2010/07/09,0,950000,-700000,250000
2010/07/12,0,0,-1188000,-1188000
2010/07/13,0,320000,-150000,170000
2010/07/14,0,0,-798000,-798000
2010/07/15,0,232000,-72000,160000
2010/07/16,0,0,-7679000,-7679000
2010/07/19,0,628000,-626000,2000
2010/07/20,0,150000,-158000,-8000
2010/07/21,0,127000,-22000,105000
2010/07/22,0,250000,0,250000
2010/07/23,0,842000,-175000,667000
2010/07/26,0,2562000,-375997,2186003
2010/07/27,0,259000,-112000,147000
2010/07/28,0,0,-33000,-33000
2010/07/29,0,0,-123000,-123000
2010/07/30,0,0,-554000,-554000
2010/08/02,0,134000,-521000,-387000
2010/08/03,0,846000,-2738000,-1892000
2010/08/04,0,4000,-1120522,-1116522
2010/08/05,0,310000,-1185000,-875000
2010/08/06,0,140000,-1965000,-1825000
2010/08/09,0,1118000,-7000,1111000
2010/08/10,0,1063000,-2184000,-1121000
2010/08/11,0,798000,-253000,545000
2010/08/12,0,1000000,-86000,914000
2010/08/13,0,0,-2781000,-2781000
2010/08/16,0,139000,-974000,-835000
2010/08/17,0,161000,-2144554,-1983554
2010/08/18,0,1080000,-529000,551000
2010/08/19,0,150000,-171000,-21000
2010/08/20,0,198000,-174000,24000
2010/08/23,0,5000,-135749,-130749
2010/08/24,0,22000,-39000,-17000
2010/08/25,0,250000,-156000,94000
2010/08/26,0,272000,-74000,198000
2010/08/27,0,558000,-1675255,-1117255
2010/08/30,0,67000,-54042,12958
2010/08/31,0,720000,-270000,450000
2010/09/01,0,984000,-320000,664000
2010/09/02,0,76000,-691000,-615000
2010/09/03,0,96000,-400000,-304000
2010/09/06,0,0,-719000,-719000
2010/09/07,0,316000,-2376000,-2060000
2010/09/08,0,0,-2504000,-2504000
2010/09/09,0,0,-526000,-526000
2010/09/10,0,61000,-200000,-139000
2010/09/13,0,0,0,0
2010/09/14,0,419000,-22558,396442
2010/09/15,0,11000,-303000,-292000
2010/09/16,0,119000,-529000,-410000
2010/09/17,0,61000,-520000,-459000
2010/09/20,0,0,-2485000,-2485000
2010/09/21,0,0,-234000,-234000
2010/09/22,0,0,0,0
2010/09/23,0,882000,-620000,262000
2010/09/24,0,0,-1588000,-1588000
2010/09/27,0,35000,-1166000,-1131000
2010/09/28,0,500000,-516083,-16083
2010/09/29,0,0,-17000,-17000
2010/09/30,0,300000,-249000,51000
2010/10/01,0,100000,0,100000
2010/10/04,0,0,-500000,-500000
2010/10/05,0,300000,-205000,95000
2010/10/06,0,50000,-1043000,-993000
2010/10/07,0,0,-63000,-63000
2010/10/08,0,26000,0,26000
2010/10/11,0,0,-72000,-72000
2010/10/12,0,695000,-794000,-99000
2010/10/13,0,1156000,-1000000,156000
2010/10/14,0,266000,-75000,191000
2010/10/15,0,0,-13000,-13000
2010/10/18,0,99000,-137000,-38000
2010/10/19,0,428000,0,428000
2010/10/20,0,66000,-685000,-619000
2010/10/21,0,30000,0,30000
2010/10/22,0,0,-495000,-495000
2010/10/25,0,210000,-181000,29000
2010/10/26,0,100000,0,100000
2010/10/27,0,1389000,0,1389000
2010/10/28,0,1100000,-163000,937000
2010/10/29,0,1270000,-1796000,-526000
2010/11/01,0,650000,0,650000
2010/11/02,0,449000,0,449000
2010/11/03,0,1162000,-133000,1029000
2010/11/04,0,2409000,0,2409000
2010/11/05,0,134000,-334000,-200000
2010/11/08,0,672000,-250000,422000
2010/11/09,0,292000,-466000,-174000
2010/11/10,0,620000,-28624,591376
2010/11/11,0,188000,-1137000,-949000
2010/11/12,0,760000,-265000,495000
2010/11/15,0,0,-8000,-8000
2010/11/16,0,350000,-416000,-66000
2010/11/17,0,1897000,0,1897000
2010/11/18,0,0,-148000,-148000
2010/11/19,0,29000,-20000,9000
2010/11/22,0,0,-1820563,-1820563
2010/11/23,0,202000,-1506000,-1304000
2010/11/24,0,250000,0,250000
2010/11/25,0,0,-229000,-229000
2010/11/26,0,0,-23000,-23000
2010/11/29,0,212000,-110000,102000
2010/11/30,0,0,-525000,-525000
2010/12/01,0,0,-308000,-308000
2010/12/02,0,1645000,-67000,1578000
2010/12/03,0,3302000,-453000,2849000
2010/12/06,0,905000,-764000,141000
2010/12/07,0,94000,-6000,88000
2010/12/08,0,1104000,-45000,1059000
2010/12/09,0,4000,-942000,-938000
2010/12/10,0,1213000,0,1213000
2010/12/13,0,771000,-543000,228000
2010/12/14,0,332000,-355000,-23000
2010/12/15,0,710000,-507000,203000
2010/12/16,0,1558000,-245000,1313000
2010/12/17,0,4074000,-654000,3420000
2010/12/20,0,1450000,-790000,660000
2010/12/21,0,805000,-255000,550000
2010/12/22,0,609000,-156000,453000
2010/12/23,0,100000,-54000,46000
2010/12/24,0,500000,-506000,-6000
2010/12/27,0,493000,-20000,473000
2010/12/28,0,403000,-62000,341000
2010/12/29,0,753000,-25000,728000
2010/12/30,0,70000,-50000,20000
2010/12/31,0,2631000,-66000,2565000
2011/01/03,0,1798000,-134000,1664000
2011/01/04,0,5388000,0,5388000
2011/01/05,0,900000,0,900000
2011/01/06,0,115000,-33000,82000
2011/01/07,0,4944000,-474000,4470000
2011/01/10,0,3857000,-178000,3679000
2011/01/11,0,4262000,-27000,4235000
2011/01/12,0,2598000,-154000,2444000
2011/01/13,0,5840000,-26000,5814000
2011/01/14,0,1630000,-7000,1623000
2011/01/17,0,1308000,-247000,1061000
2011/01/18,0,300000,-322000,-22000
2011/01/19,0,2643000,-346000,2297000
2011/01/20,0,128000,-624000,-496000
2011/01/21,0,1938000,-199000,1739000
2011/01/24,0,0,0,0
2011/01/25,0,874000,0,874000
2011/01/26,0,115000,-122000,-7000
2011/01/27,0,845000,-149000,696000
2011/01/28,0,2338000,-616000,1722000
2011/01/31,0,0,0,0
2011/02/01,0,0,0,0
2011/02/02,0,0,0,0
2011/02/03,0,0,0,0
2011/02/04,0,0,0,0
2011/02/07,0,0,0,0
2011/02/08,0,909000,-50000,859000
2011/02/09,0,960000,0,960000
2011/02/10,0,168000,-437263,-269263
2011/02/11,0,946000,-1286000,-340000
2011/02/14,0,871000,-231000,640000
2011/02/15,0,792000,-155000,637000
2011/02/16,0,382000,0,382000
2011/02/17,0,838000,-677000,161000
2011/02/18,0,576000,0,576000
2011/02/21,0,401000,-441000,-40000
2011/02/22,0,57000,-1102000,-1045000
2011/02/23,0,190000,-1295000,-1105000
2011/02/24,0,54000,-3412651,-3358651
2011/02/25,0,400000,-3552000,-3152000
2011/02/28,0,0,0,0
2011/03/01,0,1012000,-1146000,-134000
2011/03/02,0,1080000,-3861000,-2781000
2011/03/03,0,763000,-3569063,-2806063
2011/03/04,0,983000,-62000,921000
2011/03/07,0,599000,-2189000,-1590000
2011/03/08,0,36000,-1821000,-1785000
2011/03/09,0,626000,-1562000,-936000
2011/03/10,0,252000,-1874000,-1622000
2011/03/11,0,208000,-1016000,-808000
2011/03/14,0,207000,-340000,-133000
2011/03/15,0,124000,-516000,-392000
2011/03/16,0,1071000,-1040000,31000
2011/03/17,0,240000,-4050000,-3810000
2011/03/18,0,1382000,-166000,1216000
2011/03/21,0,45000,-478000,-433000
2011/03/22,0,364000,-670000,-306000
2011/03/23,0,0,-341000,-341000
2011/03/24,0,99000,-33000,66000
2011/03/25,0,991000,0,991000
2011/03/28,0,190000,-495000,-305000
2011/03/29,0,566000,0,566000
2011/03/30,0,580000,-40000,540000
2011/03/31,0,70000,-177000,-107000
2011/04/01,0,0,-708000,-708000
2011/04/04,0,0,0,0
2011/04/05,0,0,0,0
2011/04/06,0,1761000,-107000,1654000
2011/04/07,0,1955000,-74344,1880656
2011/04/08,0,342000,-2124000,-1782000
2011/04/11,0,221000,-1604000,-1383000
2011/04/12,0,188000,-2238000,-2050000
2011/04/13,0,5000,-65000,-60000
2011/04/14,0,223000,-267000,-44000
2011/04/15,0,584000,-774000,-190000
2011/04/18,0,8000,-1026000,-1018000
2011/04/19,0,31000,-267000,-236000
2011/04/20,0,160000,-1112000,-952000
2011/04/21,0,55000,-969000,-914000
2011/04/22,0,160000,-667000,-507000
2011/04/25,0,58000,-751000,-693000
2011/04/26,0,87000,-839000,-752000
2011/04/27,0,2255000,-709754,1545246
2011/04/28,0,1617000,-625000,992000
2011/04/29,0,3270000,-400000,2870000
2011/05/02,0,0,0,0
2011/05/03,0,1049000,0,1049000
2011/05/04,0,1194000,-688000,506000
2011/05/05,0,1548000,-1025000,523000
2011/05/06,0,937000,0,937000
2011/05/09,0,826000,-495000,331000
2011/05/10,0,700000,-405000,295000
2011/05/11,0,1240000,-905000,335000
2011/05/12,0,1651000,-182000,1469000
2011/05/13,0,1000000,-162000,838000
2011/05/16,0,848000,0,848000
2011/05/17,0,130000,-551000,-421000
2011/05/18,0,305000,-261000,44000
2011/05/19,0,311000,-2000,309000
2011/05/20,0,360000,-7000,353000
2011/05/23,0,1883000,-48000,1835000
2011/05/24,0,1989000,0,1989000
2011/05/25,0,1600000,-663000,937000
2011/05/26,0,2042000,-559000,1483000
2011/05/27,0,300000,0,300000
2011/05/30,0,313000,-21000,292000
2011/05/31,0,552000,-47749,504251
2011/06/01,0,2074000,-10000,2064000
2011/06/02,0,262000,-30000,232000
2011/06/03,0,300000,-10000,290000
2011/06/06,0,0,0,0
2011/06/07,0,0,-1459000,-1459000
2011/06/08,0,260000,-140000,120000
2011/06/09,0,324000,-111000,213000
2011/06/10,0,213000,0,213000
2011/06/13,0,545000,-263000,282000
2011/06/14,0,226000,-107000,119000
2011/06/15,0,1056000,-97000,959000
2011/06/16,0,300000,-24000,276000
2011/06/17,0,1493000,-2561000,-1068000
2011/06/20,0,1135000,-1848000,-713000
2011/06/21,0,1445000,-53000,1392000
2011/06/22,0,787000,-1365000,-578000
2011/06/23,0,557000,-1034000,-477000
2011/06/24,0,788000,-1277000,-489000
2011/06/27,0,856000,-224000,632000
2011/06/28,0,301000,-2803000,-2502000
2011/06/29,0,549000,-965000,-416000
2011/06/30,0,771000,-967000,-196000
2011/07/01,0,414000,-721000,-307000
2011/07/04,0,662000,-1097000,-435000
2011/07/05,0,479000,-4205000,-3726000
2011/07/06,0,540000,-2956000,-2416000
2011/07/07,0,444000,-3014000,-2570000
2011/07/08,0,200000,-5252758,-5052758
2011/07/11,0,212000,-3470000,-3258000
2011/07/12,0,107000,-1814000,-1707000
2011/07/13,0,60000,-40000,20000
2011/07/14,0,190000,-1875000,-1685000
2011/07/15,0,294000,-1830000,-1536000
2011/07/18,0,980000,-15000,965000
2011/07/19,0,1257000,-1835000,-578000
2011/07/20,0,848000,-4089000,-3241000
2011/07/21,0,1510000,-2449191,-939191
2011/07/22,0,1148000,-1352000,-204000
2011/07/25,0,25000,-423000,-398000
2011/07/26,0,902000,-44000,858000
2011/07/27,0,2989000,-1230000,1759000
2011/07/28,0,10000,-1352000,-1342000
2011/07/29,0,1990000,-2038000,-48000
2011/08/01,0,173000,0,173000
2011/08/02,0,359000,-1088000,-729000
2011/08/03,0,775000,-3681000,-2906000
2011/08/04,0,1385000,-1251000,134000
2011/08/05,0,1626000,-20000,1606000
2011/08/08,0,2027000,-17389,2009611
2011/08/09,0,1133000,-20000,1113000
2011/08/10,0,2438000,-3000,2435000
2011/08/11,0,530000,-103000,427000
2011/08/12,0,372000,-125000,247000
2011/08/15,0,334000,-770000,-436000
2011/08/16,0,339000,-322000,17000
2011/08/17,0,91000,-566000,-475000
2011/08/18,0,917000,-383000,534000
2011/08/19,0,763000,-1032000,-269000
2011/08/22,0,1688000,0,1688000
2011/08/23,0,645000,-20000,625000
2011/08/24,0,1596000,-45000,1551000
2011/08/25,0,0,-880000,-880000
2011/08/26,0,1170000,-125000,1045000
2011/08/29,0,4006000,0,4006000
2011/08/30,0,1840000,-118000,1722000
2011/08/31,0,507000,-879000,-372000
2011/09/01,0,1627000,-694000,933000
2011/09/02,0,947000,-381000,566000
2011/09/05,0,811000,-34000,777000
2011/09/06,0,500000,-7000,493000
2011/09/07,0,3175000,-10000,3165000
2011/09/08,0,5163000,-128000,5035000
2011/09/09,0,1001000,-1000,1000000
2011/09/12,0,0,0,0
2011/09/13,0,4904000,-33706,4870294
2011/09/14,0,3041000,-140000,2901000
2011/09/15,0,1707000,0,1707000
2011/09/16,0,2720000,-4058000,-1338000
2011/09/19,0,230000,-706000,-476000
2011/09/20,0,359000,-1000000,-641000
2011/09/21,0,667983,-5000,662983
2011/09/22,0,800000,-98000,702000
2011/09/23,0,4159000,-67000,4092000
2011/09/26,0,4350000,-261000,4089000
2011/09/27,0,2760000,-12000,2748000
2011/09/28,0,1292601,-29000,1263601
2011/09/29,0,700000,-989000,-289000
2011/09/30,0,1370000,-501000,869000
2011/10/03,0,159000,-102000,57000
2011/10/04,0,1792000,-1313000,479000
2011/10/05,0,559000,-100000,459000
2011/10/06,0,962000,-306000,656000
2011/10/07,0,262000,-2366000,-2104000
2011/10/10,0,0,0,0
2011/10/11,0,86000,-390000,-304000
2011/10/12,0,190000,-3005000,-2815000
2011/10/13,0,111000,-6117144,-6006144
2011/10/14,0,57000,-1141000,-1084000
2011/10/17,0,59000,-688587,-629587
2011/10/18,0,716000,-149942,566058
2011/10/19,0,683000,-10000,673000
2011/10/20,0,1883000,-188000,1695000
2011/10/21,0,34000,-994000,-960000
2011/10/24,0,1114000,-307000,807000
2011/10/25,0,554000,-60000,494000
2011/10/26,0,550000,-45000,505000
2011/10/27,0,331000,-814000,-483000
2011/10/28,0,1893000,-1848160,44840
2011/10/31,0,337000,-78000,259000
2011/11/01,0,304000,-321000,-17000
2011/11/02,0,1230000,-240000,990000
2011/11/03,0,816000,-66000,750000
2011/11/04,0,1121000,-540000,581000
2011/11/07,0,1308000,-536000,772000
2011/11/08,0,534000,-1965000,-1431000
2011/11/09,0,129000,-373000,-244000
2011/11/10,0,219000,-158000,61000
2011/11/11,0,2876000,-325000,2551000
2011/11/14,0,2449000,-817367,1631633
2011/11/15,0,169000,-612000,-443000
2011/11/16,0,669000,-932000,-263000
2011/11/17,0,4815000,-638000,4177000
2011/11/18,0,2238000,0,2238000
2011/11/21,0,874000,-30000,844000
2011/11/22,0,2133000,-168000,1965000
2011/11/23,0,1642000,-50000,1592000
2011/11/24,0,4812000,-256000,4556000
2011/11/25,0,689000,-360000,329000
2011/11/28,0,2524000,-48000,2476000
2011/11/29,0,200000,-592000,-392000
2011/11/30,0,264000,-35000,229000
2011/12/01,0,1999000,-97000,1902000
2011/12/02,0,112000,-2011499,-1899499
2011/12/05,0,729000,-3281000,-2552000
2011/12/06,0,2165000,-811000,1354000
2011/12/07,0,1856000,0,1856000
2011/12/08,0,743000,-82000,661000
2011/12/09,0,640000,-935424,-295424
2011/12/12,0,833000,-397000,436000
2011/12/13,0,294000,-9000,285000
2011/12/14,0,472000,-81000,391000
2011/12/15,0,660000,-252000,408000
2011/12/16,0,245000,-195000,50000
2011/12/19,0,179000,-725000,-546000
2011/12/20,0,915000,-723000,192000
2011/12/21,0,939000,-200000,739000
2011/12/22,0,336000,0,336000
2011/12/23,0,182000,-1678000,-1496000
2011/12/26,0,50000,-1790000,-1740000
2011/12/27,0,181000,-1206000,-1025000
2011/12/28,0,58000,-36000,22000
2011/12/29,0,272000,-31000,241000
2011/12/30,0,10000,-141000,-131000
2012/01/02,0,111000,-442000,-331000
2012/01/03,0,382000,-512000,-130000
2012/01/04,0,20000,-493000,-473000
2012/01/05,0,24000,-1440960,-1416960
2012/01/06,0,26000,-2677000,-2651000
2012/01/09,0,0,-3705000,-3705000
2012/01/10,0,265000,-2053000,-1788000
2012/01/11,0,277000,-1997000,-1720000
2012/01/12,0,4000,-2609000,-2605000
2012/01/13,0,180000,-1557000,-1377000
2012/01/16,0,50000,-4006000,-3956000
2012/01/17,0,12000,-8057249,-8045249
2012/01/18,0,0,-7346113,-7346113
2012/01/19,0,0,0,0
2012/01/20,0,0,0,0
2012/01/23,0,0,0,0
2012/01/24,0,0,0,0
2012/01/25,0,0,0,0
2012/01/26,0,0,0,0
2012/01/27,0,0,0,0
2012/01/30,0,126000,-3353000,-3227000
2012/01/31,0,157000,-1975000,-1818000
2012/02/01,0,130000,-6711000,-6581000
2012/02/02,0,0,-6385000,-6385000
2012/02/03,0,565000,-2487000,-1922000
2012/02/06,0,1106000,-1641000,-535000
2012/02/07,0,1000,-795000,-794000
2012/02/08,0,0,-4338000,-4338000
2012/02/09,0,24000,-3362522,-3338522
2012/02/10,0,0,-2262000,-2262000
2012/02/13,0,0,-759000,-759000
2012/02/14,0,150000,-1999000,-1849000
2012/02/15,0,185000,-1207000,-1022000
2012/02/16,0,59000,-1182000,-1123000
2012/02/17,0,515000,0,515000
2012/02/20,0,850000,-48000,802000
2012/02/21,0,0,-23000,-23000
2012/02/22,0,5000,-2581000,-2576000
2012/02/23,0,0,-2156000,-2156000
2012/02/24,0,357000,-1950000,-1593000
2012/02/27,0,0,0,0
2012/02/28,0,0,0,0
2012/02/29,0,200000,-364000,-164000
2012/03/01,0,0,-1348000,-1348000
2012/03/02,0,0,-2234000,-2234000
2012/03/05,0,2605000,-419000,2186000
2012/03/06,0,1631000,-10000,1621000
2012/03/07,0,0,-373000,-373000
2012/03/08,0,2708000,-62077,2645923
2012/03/09,0,1125000,-1000,1124000
2012/03/12,0,115000,-1581000,-1466000
2012/03/13,0,153000,-99000,54000
2012/03/14,0,1413000,-209000,1204000
2012/03/15,0,452000,-416000,36000
2012/03/16,0,635000,-1019000,-384000
2012/03/19,0,549000,-227000,322000
2012/03/20,0,701000,-132000,569000
2012/03/21,0,13894000,-374000,13520000
2012/03/22,0,612000,-100000,512000
2012/03/23,0,0,-65000,-65000
2012/03/26,0,1322000,-270000,1052000
2012/03/27,0,130000,-271000,-141000
2012/03/28,0,315000,-180000,135000
2012/03/29,0,825000,-408000,417000
2012/03/30,0,1483000,-137000,1346000
2012/04/02,0,582000,-7000,575000
2012/04/03,0,2374000,-250000,2124000
2012/04/04,0,0,0,0
2012/04/05,0,1305000,-211660,1093340
2012/04/06,0,304000,-129000,175000
2012/04/09,0,3624000,-47000,3577000
2012/04/10,0,1803000,-508000,1295000
2012/04/11,0,3280000,0,3280000
2012/04/12,0,887000,-529000,358000
2012/04/13,0,2369000,-149000,2220000
2012/04/16,0,1901000,0,1901000
2012/04/17,0,874000,-250000,624000
2012/04/18,0,2874000,-185000,2689000
2012/04/19,0,4704000,-120000,4584000
2012/04/20,0,3124000,0,3124000
2012/04/23,0,1713000,-116000,1597000
2012/04/24,0,1157000,-105000,1052000
2012/04/25,0,529000,-80000,449000
2012/04/26,0,422000,0,422000
2012/04/27,0,3705000,-651000,3054000
2012/04/30,0,2095000,-719000,1376000
2012/05/01,0,0,0,0
2012/05/02,0,284000,-272000,12000
2012/05/03,0,430000,-491105,-61105
2012/05/04,0,116000,-272000,-156000
2012/05/07,0,616000,0,616000
2012/05/08,0,675000,-272000,403000
2012/05/09,0,1275000,-27000,1248000
2012/05/10,0,1458000,-425000,1033000
2012/05/11,0,1141000,-200000,941000
2012/05/14,0,494000,0,494000
2012/05/15,0,791000,-45000,746000
2012/05/16,0,367000,-2349000,-1982000
2012/05/17,0,128000,-550000,-422000
2012/05/18,0,606000,-438000,168000
2012/05/21,0,101000,-620000,-519000
2012/05/22,0,40000,-926000,-886000
2012/05/23,0,128000,-4350000,-4222000
2012/05/24,0,247000,-2363000,-2116000
2012/05/25,0,677000,-9000,668000
2012/05/28,0,962000,-2000,960000
2012/05/29,0,577000,-2846000,-2269000
2012/05/30,0,188000,-4065846,-3877846
2012/05/31,0,570000,-2535000,-1965000
2012/06/01,0,69000,-1279000,-1210000
2012/06/04,0,453000,-2052000,-1599000
2012/06/05,0,589000,-2115000,-1526000
2012/06/06,0,26000,-2168000,-2142000
2012/06/07,0,0,-4125000,-4125000
2012/06/08,0,550000,-329000,221000
2012/06/11,0,201000,-2156000,-1955000
2012/06/12,0,607000,-1650000,-1043000
2012/06/13,0,298000,0,298000
2012/06/14,0,213000,-30000,183000
2012/06/15,0,40000,-2652000,-2612000
2012/06/18,0,0,-699000,-699000
2012/06/19,0,450000,-231000,219000
2012/06/20,0,1145000,-1313000,-168000
2012/06/21,0,108000,-261000,-153000
2012/06/22,0,326000,-94000,232000
2012/06/25,0,0,-581000,-581000
2012/06/26,0,913,-170000,-169087
2012/06/27,0,1248000,0,1248000
2012/06/28,0,345000,-401000,-56000
2012/06/29,0,25000,-252000,-227000
2012/07/02,0,4688000,-693000,3995000
2012/07/03,0,794000,-80000,714000
2012/07/04,0,100000,-65000,35000
2012/07/05,0,70000,-529000,-459000
2012/07/06,0,166000,-823000,-657000
2012/07/09,0,49000,-568000,-519000
2012/07/10,0,10000,-80000,-70000
2012/07/11,0,159000,-824000,-665000
2012/07/12,0,0,-2006000,-2006000
2012/07/13,0,19000,-468904,-449904
2012/07/16,0,360000,-28000,332000
2012/07/17,0,164000,-266000,-102000
2012/07/18,0,2282000,0,2282000
2012/07/19,0,193000,0,193000
2012/07/20,0,370000,-305000,65000
2012/07/23,0,652000,-1014000,-362000
2012/07/24,0,275000,-166000,109000
2012/07/25,0,394000,0,394000
2012/07/26,0,1942000,0,1942000
2012/07/27,0,1119000,-22000,1097000
2012/07/30,0,81000,-1500000,-1419000
2012/07/31,0,198000,-90000,108000
2012/08/01,0,126000,-792000,-666000
2012/08/02,0,0,0,0
2012/08/03,0,0,-264000,-264000
2012/08/06,0,166000,-33000,133000
2012/08/07,0,20000,-738000,-718000
2012/08/08,0,319000,-260000,59000
2012/08/09,0,811000,-528000,283000
2012/08/10,0,327000,-629000,-302000
2012/08/13,0,113000,-225000,-112000
2012/08/14,0,0,-367000,-367000
2012/08/15,0,426000,-274000,152000
2012/08/16,0,305000,-1700000,-1395000
2012/08/17,0,12000,-800544,-788544
2012/08/20,0,0,-2228000,-2228000
2012/08/21,0,100000,-257000,-157000
2012/08/22,0,918000,-647000,271000
2012/08/23,0,690000,-925000,-235000
2012/08/24,0,647000,-40000,607000
2012/08/27,0,16000,-13000,3000
2012/08/28,0,65000,-10000,55000
2012/08/29,0,359000,-757000,-398000
2012/08/30,0,1270000,-6000,1264000
2012/08/31,0,1457000,-118000,1339000
2012/09/03,0,330000,-21000,309000
2012/09/04,0,486000,-221000,265000
2012/09/05,0,13000,-1526000,-1513000
2012/09/06,0,418000,-936000,-518000
2012/09/07,0,55000,-4000,51000
2012/09/10,0,12000,-107000,-95000
2012/09/11,0,25000,-21000,4000
2012/09/12,0,220000,-9000,211000
2012/09/13,0,21000,-197000,-176000
2012/09/14,0,1514000,-22000,1492000
2012/09/17,0,19000,-271000,-252000
2012/09/18,0,0,-810000,-810000
2012/09/19,0,163000,-159000,4000
2012/09/20,0,870000,-82000,788000
2012/09/21,0,436000,-1095000,-659000
2012/09/24,0,595000,-407000,188000
2012/09/25,0,0,-476000,-476000
2012/09/26,0,352000,-56000,296000
2012/09/27,0,1406000,-248000,1158000
2012/09/28,0,1302000,-262000,1040000
2012/10/01,0,172000,-382000,-210000
2012/10/02,0,218000,-394000,-176000
2012/10/03,0,0,-30000,-30000
2012/10/04,0,0,-70000,-70000
2012/10/05,0,40000,-262000,-222000
2012/10/08,0,439000,-15000,424000
2012/10/09,0,645000,-731000,-86000
2012/10/10,0,0,0,0
2012/10/11,0,418000,-344000,74000
2012/10/12,0,590000,-662000,-72000
2012/10/15,0,238000,-67000,171000
2012/10/16,0,335000,-49000,286000
2012/10/17,0,588000,-37000,551000
2012/10/18,0,40000,-709000,-669000
2012/10/19,0,838000,-519000,319000
2012/10/22,0,783000,-126000,657000
2012/10/23,0,178000,-164000,14000
2012/10/24,0,0,-801000,-801000
2012/10/25,0,335000,-269000,66000
2012/10/26,0,2049000,-800000,1249000
2012/10/29,0,3536000,-314447,3221553
2012/10/30,0,2325000,-626000,1699000
2012/10/31,0,595000,-66000,529000
2012/11/01,0,954000,-80000,874000
2012/11/02,0,990000,-80000,910000
2012/11/05,0,161000,-18000,143000
2012/11/06,0,156000,-916000,-760000
2012/11/07,0,761000,-147000,614000
2012/11/08,0,2832000,-108000,2724000
2012/11/09,0,14000,-25000,-11000
2012/11/12,0,707000,-19000,688000
2012/11/13,0,1936000,-159000,1777000
2012/11/14,0,637000,-74000,563000
2012/11/15,0,806000,-209000,597000
2012/11/16,0,187000,0,187000
2012/11/19,0,1044000,-326000,718000
2012/11/20,0,168000,0,168000
2012/11/21,0,204000,-30000,174000
2012/11/22,0,6082000,-34000,6048000
2012/11/23,0,1762000,-2298000,-536000
2012/11/26,0,286000,-135000,151000
2012/11/27,0,5000,-1010000,-1005000
2012/11/28,0,25000,-221000,-196000
2012/11/29,0,135000,-166000,-31000
2012/11/30,0,425000,-187256,237744
2012/12/03,0,300000,-118000,182000
2012/12/04,0,60000,-269000,-209000
2012/12/05,0,544000,-685000,-141000
2012/12/06,0,0,-116000,-116000
2012/12/07,0,122000,-145000,-23000
2012/12/10,0,98000,-1017000,-919000
2012/12/11,0,210000,-82000,128000
2012/12/12,0,959000,-603000,356000
2012/12/13,0,433000,-41000,392000
2012/12/14,0,230000,-42000,188000
2012/12/17,0,835000,-551000,284000
2012/12/18,0,165000,-89000,76000
2012/12/19,0,542000,-385000,157000
2012/12/20,0,240000,-583000,-343000
2012/12/21,0,684000,-534000,150000
2012/12/24,0,389000,-321000,68000
2012/12/25,0,598000,-57000,541000
2012/12/26,0,438000,-213000,225000
2012/12/27,0,473000,-310000,163000
2012/12/28,0,722000,-928000,-206000
2012/12/31,0,0,0,0
2013/01/01,0,0,0,0
2013/01/02,0,1746000,-147000,1599000
2013/01/03,0,926000,-516000,410000
2013/01/04,0,234000,-190000,44000
2013/01/07,0,203000,-925000,-722000
2013/01/08,0,209000,-635000,-426000
2013/01/09,0,130000,-243000,-113000
2013/01/10,0,151000,-163000,-12000
2013/01/11,0,102000,-352000,-250000
2013/01/14,0,120000,0,120000
2013/01/15,0,300000,-499000,-199000
2013/01/16,0,39000,-4272000,-4233000
2013/01/17,0,696000,-404586,291414
2013/01/18,0,732000,-1475000,-743000
2013/01/21,0,591000,-617000,-26000
2013/01/22,0,476000,-184000,292000
2013/01/23,0,112000,-332000,-220000
2013/01/24,0,211000,-293000,-82000
2013/01/25,0,16000,-1254000,-1238000
2013/01/28,0,125000,-17000,108000
2013/01/29,0,0,-483000,-483000
2013/01/30,0,0,-80000,-80000
2013/01/31,0,135000,-63000,72000
2013/02/01,0,0,-327000,-327000
2013/02/04,0,57000,-1924000,-1867000
2013/02/05,0,130000,-825000,-695000
2013/02/06,0,109000,-426000,-317000
2013/02/07,0,0,0,0
2013/02/08,0,0,0,0
2013/02/11,0,0,0,0
2013/02/12,0,0,0,0
2013/02/13,0,0,0,0
2013/02/14,0,0,0,0
2013/02/15,0,0,0,0
2013/02/18,0,264000,-910000,-646000
2013/02/19,0,320000,-349000,-29000
2013/02/20,0,104000,-560000,-456000
2013/02/21,0,0,-1182000,-1182000
2013/02/22,0,52000,-161000,-109000
2013/02/25,0,500000,-59000,441000
2013/02/26,0,530000,-491000,39000
2013/02/27,0,774000,-1666000,-892000
2013/02/28,0,0,0,0
2013/03/01,0,0,-1408000,-1408000
2013/03/04,0,0,-2313050,-2313050
2013/03/05,0,825000,-1852675,-1027675
2013/03/06,0,100000,-782000,-682000
2013/03/07,0,40000,-1100000,-1060000
2013/03/08,0,344000,-3462000,-3118000
2013/03/11,0,0,-1616000,-1616000
2013/03/12,0,40000,-3137000,-3097000
2013/03/13,0,50000,-1375000,-1325000
2013/03/14,0,281000,-617899,-336899
2013/03/15,0,4935000,-119000,4816000
2013/03/18,0,239000,-390000,-151000
2013/03/19,0,73000,-1983000,-1910000
2013/03/20,0,32000,-330000,-298000
2013/03/21,0,920000,-1305000,-385000
2013/03/22,0,210000,-1956000,-1746000
2013/03/25,0,0,-289000,-289000
2013/03/26,0,104000,-1209000,-1105000
2013/03/27,0,127000,-1452000,-1325000
2013/03/28,0,0,-296000,-296000
2013/03/29,0,46000,-407000,-361000
2013/04/01,0,70000,-670000,-600000
2013/04/02,0,163000,-188000,-25000
2013/04/03,0,200000,-423000,-223000
2013/04/04,0,0,0,0
2013/04/05,0,0,0,0
2013/04/08,0,58000,-135000,-77000
2013/04/09,0,645000,-62000,583000
2013/04/10,0,674000,0,674000
2013/04/11,0,1048000,-1131000,-83000
2013/04/12,0,66000,0,66000
2013/04/15,0,207000,-799000,-592000
2013/04/16,0,83000,-608000,-525000
2013/04/17,0,232000,-215164,16836
2013/04/18,0,0,-401000,-401000
2013/04/19,0,4394000,-400000,3994000
2013/04/22,0,2657499,-208000,2449499
2013/04/23,0,460000,-609000,-149000
2013/04/24,0,130000,-12000,118000
2013/04/25,0,424000,-396000,28000
2013/04/26,0,408000,-762000,-354000
2013/04/29,0,60000,-257000,-197000
2013/04/30,0,306000,-728000,-422000
2013/05/01,0,0,0,0
2013/05/02,0,211000,-189000,22000
2013/05/03,0,210000,-291000,-81000
2013/05/06,0,236000,-387000,-151000
2013/05/07,0,0,-355000,-355000
2013/05/08,0,6000,-307000,-301000
2013/05/09,0,2199000,-284000,1915000
2013/05/10,0,0,-999000,-999000
2013/05/13,0,0,-315000,-315000
2013/05/14,0,1000,-1473999,-1472999
2013/05/15,0,50000,-664000,-614000
2013/05/16,0,0,-525000,-525000
2013/05/17,0,0,-534000,-534000
2013/05/20,0,0,-311000,-311000
2013/05/21,0,0,-416000,-416000
2013/05/22,0,0,-421000,-421000
2013/05/23,0,500000,-1772000,-1272000
2013/05/24,0,1000,-115000,-114000
2013/05/27,0,142000,-55000,87000
2013/05/28,0,3170000,-203000,2967000
2013/05/29,0,400000,-197000,203000
2013/05/30,0,4000,-120000,-116000
2013/05/31,0,8000,-60000,-52000
2013/06/03,0,0,-111000,-111000
2013/06/04,0,0,-546000,-546000
2013/06/05,0,9000,-351000,-342000
2013/06/06,0,0,-115000,-115000
2013/06/07,0,291000,-892000,-601000
2013/06/10,0,314000,-43000,271000
2013/06/11,0,258000,0,258000
2013/06/12,0,0,0,0
2013/06/13,0,591000,-269000,322000
2013/06/14,0,593000,0,593000
2013/06/17,0,629000,-7000,622000
2013/06/18,0,0,-118000,-118000
2013/06/19,0,330000,-116000,214000
2013/06/20,0,91000,-124000,-33000
2013/06/21,0,1094000,-623000,471000
2013/06/24,0,304000,-643000,-339000
2013/06/25,0,80000,-250000,-170000
2013/06/26,0,1186000,-68000,1118000
2013/06/27,0,304000,0,304000
2013/06/28,0,220000,-717000,-497000
2013/07/01,0,25000,-850000,-825000
2013/07/02,0,302000,-329000,-27000
2013/07/03,0,174000,-15000,159000
2013/07/04,0,83000,-134000,-51000
2013/07/05,0,332000,-61000,271000
2013/07/08,0,290000,-5000,285000
2013/07/09,0,402000,-573000,-171000
2013/07/10,0,200000,-125000,75000
2013/07/11,0,609000,-338991,270009
2013/07/12,0,294000,-1336000,-1042000
2013/07/15,0,109000,-238000,-129000
2013/07/16,0,100000,-2833000,-2733000
2013/07/17,0,36000,-798000,-762000
2013/07/18,0,6000,-934236,-928236
2013/07/19,0,665000,-4413000,-3748000
2013/07/22,0,60000,-1130000,-1070000
2013/07/23,0,621000,-366000,255000
2013/07/24,0,15000,-122000,-107000
2013/07/25,0,432000,-283000,149000
2013/07/26,0,0,-384000,-384000
2013/07/29,0,581000,-432000,149000
2013/07/30,0,800000,-872000,-72000
2013/07/31,0,12000,-495000,-483000
2013/08/01,0,0,-277000,-277000
2013/08/02,0,67000,-895000,-828000
2013/08/05,0,30000,-2138000,-2108000
2013/08/06,0,0,-420000,-420000
2013/08/07,0,124000,-715000,-591000
2013/08/08,0,165000,-1112000,-947000
2013/08/09,0,79000,-1415000,-1336000
2013/08/12,0,49000,-389000,-340000
2013/08/13,0,0,-1433000,-1433000
2013/08/14,0,38000,-1613000,-1575000
2013/08/15,0,124000,-363000,-239000
2013/08/16,0,156000,-472000,-316000
2013/08/19,0,233000,-949000,-716000
2013/08/20,0,243000,-2471000,-2228000
2013/08/21,0,0,0,0
2013/08/22,0,294000,-1555000,-1261000
2013/08/23,0,1409000,-55000,1354000
2013/08/26,0,406000,-10000,396000
2013/08/27,0,335000,-200000,135000
2013/08/28,0,586000,-243000,343000
2013/08/29,0,1049000,-500000,549000
2013/08/30,0,680000,-655000,25000
2013/09/02,0,0,-898000,-898000
2013/09/03,0,818774,-2317000,-1498226
2013/09/04,0,0,-508000,-508000
2013/09/05,0,103000,-591000,-488000
2013/09/06,0,387000,-370000,17000
2013/09/09,0,54000,-112000,-58000
2013/09/10,0,193000,0,193000
2013/09/11,0,426000,-31000,395000
2013/09/12,0,0,-68000,-68000
2013/09/13,0,60000,-974000,-914000
2013/09/16,0,80000,-444000,-364000
2013/09/17,0,0,-164000,-164000
2013/09/18,0,81000,-1881000,-1800000
2013/09/19,0,0,0,0
2013/09/20,0,0,0,0
2013/09/23,0,0,-538000,-538000
2013/09/24,0,60000,-645000,-585000
2013/09/25,0,74000,-261000,-187000
2013/09/26,0,44000,-684000,-640000
2013/09/27,0,50000,-20000,30000
2013/09/30,0,342000,-455000,-113000
2013/10/01,0,122000,-139000,-17000
2013/10/02,0,110000,-263000,-153000
2013/10/03,0,152000,-23000,129000
2013/10/04,0,75000,-12000,63000
2013/10/07,0,64000,-364000,-300000
2013/10/08,0,545000,-103000,442000
2013/10/09,0,222000,-203000,19000
2013/10/10,0,0,0,0
2013/10/11,0,679000,-446047,232953
2013/10/14,0,1626000,-74000,1552000
2013/10/15,0,685000,-16000,669000
2013/10/16,0,370000,-16000,354000
2013/10/17,0,292000,-129000,163000
2013/10/18,0,310000,-49000,261000
2013/10/21,0,93000,-333000,-240000
2013/10/22,0,37000,-153000,-116000
2013/10/23,0,121000,-484000,-363000
2013/10/24,0,115000,-699000,-584000
2013/10/25,0,225000,-1290000,-1065000
2013/10/28,0,29000,-447000,-418000
2013/10/29,0,10000,-13000,-3000
2013/10/30,0,15000,-49000,-34000
2013/10/31,0,176000,-3000,173000
2013/11/01,0,50000,-353000,-303000
2013/11/04,0,0,-265000,-265000
2013/11/05,0,15000,-160000,-145000
2013/11/06,0,10000,-128000,-118000
2013/11/07,0,0,-67000,-67000
2013/11/08,0,700000,-493000,207000
2013/11/11,0,11000,-32000,-21000
2013/11/12,0,119000,-296000,-177000
2013/11/13,0,206000,-60000,146000
2013/11/14,0,176000,-366000,-190000
2013/11/15,0,203000,0,203000
2013/11/18,0,498000,-220000,278000
2013/11/19,0,798000,-22000,776000
2013/11/20,0,149000,-370000,-221000
2013/11/21,0,162000,-130000,32000
2013/11/22,0,237000,-130000,107000
2013/11/25,0,339000,-98889,240111
2013/11/26,0,528000,-108000,420000
2013/11/27,0,446000,0,446000
2013/11/28,0,103000,-67000,36000
2013/11/29,0,40000,-117000,-77000
2013/12/02,0,34000,-273000,-239000
2013/12/03,0,7000,-198000,-191000
2013/12/04,0,28000,-20000,8000
2013/12/05,0,0,-102000,-102000
2013/12/06,0,39000,-429000,-390000
2013/12/09,0,132000,-416000,-284000
2013/12/10,0,238000,-377000,-139000
2013/12/11,0,152000,-80000,72000
2013/12/12,0,706000,-328000,378000
2013/12/13,0,817000,-23000,794000
2013/12/16,0,422000,-926599,-504599
2013/12/17,0,657000,-508000,149000
2013/12/18,0,362425,-381000,-18575
2013/12/19,0,156000,-331000,-175000
2013/12/20,0,218000,-405000,-187000
2013/12/23,0,311000,-11000,300000
2013/12/24,0,400000,-572000,-172000
2013/12/25,0,0,-122000,-122000
2013/12/26,0,10000,-50000,-40000
2013/12/27,0,50000,-339000,-289000
2013/12/30,0,30000,-459000,-429000
2013/12/31,0,587000,-431818,155182
2014/01/02,0,40000,-1024000,-984000
2014/01/03,0,20000,-831000,-811000
2014/01/06,0,200000,-178000,22000
2014/01/07,0,288000,-165000,123000
2014/01/08,0,404000,-60000,344000
2014/01/09,0,553000,-180000,373000
2014/01/10,0,1583000,-44000,1539000
2014/01/13,0,480000,-27000,453000
2014/01/14,0,1286000,0,1286000
2014/01/15,0,3108000,-1221000,1887000
2014/01/16,0,2012000,-301000,1711000
2014/01/17,0,543000,-110000,433000
2014/01/20,0,0,-25000,-25000
2014/01/21,0,268000,-151000,117000
2014/01/22,0,67000,-155000,-88000
2014/01/23,0,17000,-21000,-4000
2014/01/24,0,150000,-8000,142000
2014/01/27,0,1176000,-191000,985000
2014/02/05,0,250000,-344000,-94000
2014/02/06,0,457000,-1456000,-999000
2014/02/07,0,365000,-6000,359000
2014/02/10,0,15000,-333000,-318000
2014/02/11,0,0,-117000,-117000
2014/02/12,0,100000,-146000,-46000
2014/02/13,0,0,-959427,-959427
2014/02/14,0,279000,-56000,223000
2014/02/17,0,248000,-100000,148000
2014/02/18,0,1190000,-239000,951000
2014/02/19,0,65000,0,65000
2014/02/20,0,222000,-886000,-664000
2014/02/21,0,40000,-494000,-454000
2014/02/24,0,60000,-448000,-388000
2014/02/25,0,595000,-59000,536000
2014/02/26,0,157000,-45000,112000
2014/02/27,0,107000,-176000,-69000
2014/03/03,0,0,-412000,-412000
2014/03/04,0,86000,-618000,-532000
2014/03/05,0,20000,-151000,-131000
2014/03/06,0,454000,-225000,229000
2014/03/07,0,352000,-349000,3000
2014/03/10,0,878000,-1791000,-913000
2014/03/11,0,112000,-379000,-267000
2014/03/12,0,161000,-382000,-221000
2014/03/13,0,997000,-377000,620000
2014/03/14,0,77000,-362000,-285000
2014/03/17,0,153000,-1288000,-1135000
2014/03/18,0,100000,-17000,83000
2014/03/19,0,0,-501000,-501000
2014/03/20,0,618000,-153000,465000
2014/03/21,0,100000,-17000,83000
2014/03/24,0,136000,-100000,36000
2014/03/25,0,0,-463000,-463000
2014/03/26,0,293000,-45000,248000
2014/03/27,0,589000,-218000,371000
2014/03/28,0,0,-436000,-436000
2014/03/31,0,307000,-298000,9000
2014/04/01,0,380000,-295000,85000
2014/04/02,0,1327000,-460000,867000
2014/04/03,0,1000,-857000,-856000
2014/04/07,0,0,-234000,-234000
2014/04/08,0,0,-455000,-455000
2014/04/09,0,11000,0,11000
2014/04/10,0,143484,-438000,-294516
2014/04/11,0,1310000,-317000,993000
2014/04/14,0,1489000,-373699,1115301
2014/04/15,0,214000,-691000,-477000
2014/04/16,0,50000,-580000,-530000
2014/04/17,0,409000,-303000,106000
2014/04/18,0,339000,-806000,-467000
2014/04/21,0,50000,-811000,-761000
2014/04/22,0,300000,-701000,-401000
2014/04/23,0,160000,-811000,-651000
2014/04/24,0,0,-1006000,-1006000
2014/04/25,0,219000,-477000,-258000
2014/04/28,0,10000,-693000,-683000
2014/04/29,0,100000,-3000,97000
2014/04/30,0,28000,-109000,-81000
2014/05/02,0,0,-233000,-233000
2014/05/05,0,0,-309000,-309000
2014/05/06,0,2000,-140000,-138000
2014/05/07,0,290000,-17000,273000
2014/05/08,0,269000,-33000,236000
2014/05/09,0,40000,-11000,29000
2014/05/12,0,80000,-13000,67000
2014/05/13,0,229000,-22000,207000
2014/05/14,0,237000,-72000,165000
2014/05/15,0,40000,-6000,34000
2014/05/16,0,0,-113000,-113000
2014/05/19,0,352000,-25000,327000
2014/05/20,0,0,-8000,-8000
2014/05/21,0,0,-85000,-85000
2014/05/22,0,0,-300000,-300000
2014/05/23,0,170000,-171000,-1000
2014/05/26,0,3000,-549000,-546000
2014/05/27,0,87000,-500000,-413000
2014/05/28,0,0,-850000,-850000
2014/05/29,0,0,-263000,-263000
2014/05/30,0,0,-1306000,-1306000
2014/06/03,0,0,-2078000,-2078000
2014/06/04,0,0,-287000,-287000
2014/06/05,0,41000,-715000,-674000
2014/06/06,0,0,-563000,-563000
2014/06/09,0,0,-589000,-589000
2014/06/10,0,3000,-737000,-734000
2014/06/11,0,0,-1296000,-1296000
2014/06/12,0,10000,-2762000,-2752000
2014/06/13,0,3000,-665000,-662000
2014/06/16,0,0,-908000,-908000
2014/06/17,0,126000,-557000,-431000
2014/06/18,0,59000,-474000,-415000
2014/06/19,0,222000,-288000,-66000
2014/06/20,0,593000,-1619000,-1026000
2014/06/23,0,0,-260000,-260000
2014/06/24,0,96000,-418000,-322000
2014/06/25,0,416000,-142000,274000
2014/06/26,0,1323000,0,1323000
2014/06/27,0,352000,-139000,213000
2014/06/30,0,608000,-287000,321000
2014/07/01,0,201000,-52000,149000
2014/07/02,0,399000,-668160,-269160
2014/07/03,0,629000,-168000,461000
2014/07/04,0,194000,-371000,-177000
2014/07/07,0,77000,-56000,21000
2014/07/08,0,82000,-205000,-123000
2014/07/09,0,40000,-14000,26000
2014/07/10,0,216000,-224000,-8000
2014/07/11,0,40000,-300000,-260000
2014/07/14,0,40000,-430000,-390000
2014/07/15,0,0,-353000,-353000
2014/07/16,0,86000,-64000,22000
2014/07/17,0,1496000,-1560000,-64000
2014/07/18,0,665000,-25000,640000
2014/07/21,0,530000,-327000,203000
2014/07/22,0,252000,-827000,-575000
2014/07/23,0,0,0,0
2014/07/24,0,402000,-8000,394000
2014/07/25,0,324000,-5000,319000
2014/07/28,0,1600000,-578000,1022000
2014/07/29,0,159000,-72000,87000
2014/07/30,0,420000,-27000,393000
2014/07/31,0,624000,-22000,602000
2014/08/01,0,283000,-574000,-291000
2014/08/04,0,311000,-83000,228000
2014/08/05,0,297000,-62000,235000
2014/08/06,0,179000,-407000,-228000
2014/08/07,0,911000,-350000,561000
2014/08/08,0,776000,-158000,618000
2014/08/11,0,179000,-30000,149000
2014/08/12,0,96000,-38000,58000
2014/08/13,0,499000,-150000,349000
2014/08/14,0,519000,0,519000
2014/08/15,0,191000,-40000,151000
2014/08/18,0,498000,-1000,497000
2014/08/19,0,293000,-69000,224000
2014/08/20,0,578000,-15000,563000
2014/08/21,0,1089000,0,1089000
2014/08/22,0,224000,-31000,193000
2014/08/25,0,177000,-69000,108000
2014/08/26,0,143000,-19000,124000
2014/08/27,0,659000,-30000,629000
2014/08/28,0,544000,0,544000
2014/08/29,0,250000,-124000,126000
2014/09/01,0,861000,-56000,805000
2014/09/02,0,748000,0,748000
2014/09/03,0,603000,-114000,489000
2014/09/04,0,3313000,0,3313000
2014/09/05,0,614000,-165000,449000
2014/09/09,0,246000,-63000,183000
2014/09/10,0,50000,0,50000
2014/09/11,0,523000,0,523000
2014/09/12,0,185000,0,185000
2014/09/15,0,151000,-70000,81000
2014/09/16,0,320000,-6000,314000
2014/09/17,0,162000,-28000,134000
2014/09/18,0,48000,-313000,-265000
2014/09/19,0,339000,-168000,171000
2014/09/22,0,639279,-85000,554279
2014/09/23,0,458000,0,458000
2014/09/24,0,661000,-150000,511000
2014/09/25,0,279000,-1319000,-1040000
2014/09/26,0,522000,-175000,347000
2014/09/29,0,813000,0,813000
2014/09/30,0,581000,0,581000
2014/10/01,0,1613000,0,1613000
2014/10/02,0,769000,-24000,745000
2014/10/03,0,2003000,-85000,1918000
2014/10/06,0,367000,-569000,-202000
2014/10/07,0,120000,-98000,22000
2014/10/08,0,1333000,-34000,1299000
2014/10/09,0,602000,-27000,575000
2014/10/13,0,1218000,-149000,1069000
2014/10/14,0,878000,-125000,753000
2014/10/15,0,1314000,-30000,1284000
2014/10/16,0,1098000,-63000,1035000
2014/10/17,0,1917000,-130000,1787000
2014/10/20,0,521000,-306000,215000
2014/10/21,0,680000,-71000,609000
2014/10/22,0,497000,-50000,447000
2014/10/23,0,846000,-567000,279000
2014/10/24,0,104000,0,104000
2014/10/27,0,366000,-62000,304000
2014/10/28,0,357000,-252000,105000
2014/10/29,0,178000,0,178000
2014/10/30,0,1213000,-200000,1013000
2014/10/31,0,84000,-299000,-215000
2014/11/03,0,326000,-307000,19000
2014/11/04,0,154000,0,154000
2014/11/05,0,0,-84000,-84000
2014/11/06,0,454000,-58000,396000
2014/11/07,0,69000,-170000,-101000
2014/11/10,0,788000,-10000,778000
2014/11/11,0,306000,-107000,199000
2014/11/12,0,90000,-491000,-401000
2014/11/13,0,0,-85000,-85000
2014/11/14,0,281000,-78000,203000
2014/11/17,0,50000,-487000,-437000
2014/11/18,0,88000,-141000,-53000
2014/11/19,0,465000,-19000,446000
2014/11/20,0,629000,-352000,277000
2014/11/21,0,100000,-608000,-508000
2014/11/24,0,4000,-30000,-26000
2014/11/25,0,191000,-216000,-25000
2014/11/26,0,30000,-789000,-759000
2014/11/27,0,0,-107621,-107621
2014/11/28,0,0,-370508,-370508
2014/12/01,0,0,-417000,-417000
2014/12/02,0,66000,-633000,-567000
2014/12/03,0,0,-1469000,-1469000
2014/12/04,0,0,-122000,-122000
2014/12/05,0,382000,-168000,214000
2014/12/08,0,44000,-1299000,-1255000
2014/12/09,0,882000,-45000,837000
2014/12/10,0,517000,-173000,344000
2014/12/11,0,111000,-505251,-394251
2014/12/12,0,0,-111000,-111000
2014/12/15,0,100000,-84000,16000
2014/12/16,0,45000,-996000,-951000
2014/12/17,0,252000,-646000,-394000
2014/12/18,0,253000,-121000,132000
2014/12/19,0,1065000,-587000,478000
2014/12/22,0,263000,-49000,214000
2014/12/23,0,0,-34000,-34000
2014/12/24,0,0,-182000,-182000
2014/12/25,0,0,-572000,-572000
2014/12/26,0,0,-572000,-572000
2014/12/29,0,7000,-802000,-795000
2014/12/30,0,481000,-475000,6000
2014/12/31,0,0,-746000,-746000
2015/01/01,0,0,0,0
2015/01/02,0,0,0,0
2015/01/05,0,0,-752000,-752000
2015/01/06,0,45000,-1257000,-1212000
2015/01/07,0,538000,-1879000,-1341000
2015/01/08,0,143000,-57000,86000
2015/01/09,0,55000,-1550000,-1495000
2015/01/12,0,101000,-2848000,-2747000
2015/01/13,0,48000,-631000,-583000
2015/01/14,0,37000,-450000,-413000
2015/01/15,0,703000,-1198000,-495000
2015/01/16,0,4464000,-61000,4403000
2015/01/19,0,541000,-432000,109000
2015/01/20,0,522000,-90000,432000
2015/01/21,0,119000,-260000,-141000
2015/01/22,0,420000,-519000,-99000
2015/01/23,0,737000,-63000,674000
2015/01/26,0,295000,-82000,213000
2015/01/27,0,214000,-342000,-128000
2015/01/28,0,200000,-162000,38000
2015/01/29,0,220000,-964791,-744791
2015/01/30,0,280000,-693000,-413000
2015/02/02,0,127000,-413000,-286000
2015/02/03,0,182000,-7000,175000
2015/02/04,0,62000,-124000,-62000
2015/02/05,0,100000,-143000,-43000
2015/02/06,0,0,-4000,-4000
2015/02/09,0,54000,-177000,-123000
2015/02/10,0,0,-464000,-464000
2015/02/11,0,472000,-330000,142000
2015/02/12,0,0,-702000,-702000
2015/02/13,0,489000,-279000,210000
2015/02/16,0,0,0,0
2015/02/17,0,0,0,0
2015/02/18,0,0,0,0
2015/02/19,0,0,0,0
2015/02/20,0,0,0,0
2015/02/23,0,0,0,0
2015/02/24,0,956000,-104000,852000
2015/02/25,0,1655000,-540000,1115000
2015/02/26,0,0,-763000,-763000
2015/02/27,0,0,0,0
2015/03/02,0,932000,-199077,732923
2015/03/03,0,68000,-568000,-500000
2015/03/04,0,62000,-269000,-207000
2015/03/05,0,267000,-312000,-45000
2015/03/06,0,25000,-360000,-335000
2015/03/09,0,339000,-100000,239000
2015/03/10,0,301000,-153000,148000
2015/03/11,0,748000,-97000,651000
2015/03/12,0,1742000,-26100,1715900
2015/03/13,0,552000,-11000,541000
2015/03/16,0,8000,-137000,-129000
2015/03/17,0,248000,-40000,208000
2015/03/18,0,0,-187000,-187000
2015/03/19,0,491000,-236000,255000
2015/03/20,0,11000,-762000,-751000
2015/03/23,0,98000,-521000,-423000
2015/03/24,0,0,-862000,-862000
2015/03/25,0,0,-524000,-524000
2015/03/26,0,10000,-1021000,-1011000
2015/03/27,0,10000,-1306000,-1296000
2015/03/30,0,542000,-216000,326000
2015/03/31,0,118000,-199000,-81000
2015/04/01,0,25000,-124000,-99000
2015/04/02,0,353000,-302000,51000
2015/04/03,0,0,0,0
2015/04/06,0,0,0,0
2015/04/07,0,8000,-160000,-152000
2015/04/08,0,11000,-838000,-827000
2015/04/09,0,0,-698000,-698000
2015/04/10,0,0,-560000,-560000
2015/04/13,0,418000,-490000,-72000
2015/04/14,0,195000,-643000,-448000
2015/04/15,0,135000,-311000,-176000
2015/04/16,0,130000,-402000,-272000
2015/04/17,0,70000,-2377000,-2307000
2015/04/20,0,15000,-449000,-434000
2015/04/21,0,0,-296000,-296000
2015/04/22,0,0,-161000,-161000
2015/04/23,0,573000,-55000,518000
2015/04/24,0,552000,-784000,-232000
2015/04/27,0,30000,-681000,-651000
2015/04/28,0,70000,-360000,-290000
2015/04/29,0,93000,-432000,-339000
2015/04/30,0,55000,-155000,-100000
2015/05/01,0,0,0,0
2015/05/04,0,310000,-256000,54000
2015/05/05,0,128000,-110000,18000
2015/05/06,0,21000,-454000,-433000
2015/05/07,0,206000,-9000,197000
2015/05/08,0,37000,-8000,29000
2015/05/11,0,334000,-577000,-243000
2015/05/12,0,178000,-121000,57000
2015/05/13,0,349000,-74000,275000
2015/05/14,0,118000,-18000,100000
2015/05/15,0,22000,-267000,-245000
2015/05/18,0,8000,-561000,-553000
2015/05/19,0,18000,-487000,-469000
2015/05/20,0,114000,-637000,-523000
2015/05/21,0,15000,-653000,-638000
2015/05/22,0,10000,-642000,-632000
2015/05/25,0,208000,-727000,-519000
2015/05/26,0,37000,-37000,0
2015/05/27,0,10000,-46000,-36000
2015/05/28,0,40000,-573000,-533000
2015/05/29,0,124000,-187000,-63000
2015/06/01,0,12000,-93000,-81000
2015/06/02,0,4000,-3339000,-3335000
2015/06/03,0,2000,-1286000,-1284000
2015/06/04,0,17000,-1179113,-1162113
2015/06/05,0,25000,-755000,-730000
2015/06/08,0,0,-1174000,-1174000
2015/06/09,0,46000,-141000,-95000
2015/06/10,0,87000,-47000,40000
2015/06/11,0,537000,-75000,462000
2015/06/12,0,191000,-225000,-34000
2015/06/15,0,25000,-415000,-390000
2015/06/16,0,66000,-278000,-212000
2015/06/17,0,30000,-62000,-32000
2015/06/18,0,207000,-350000,-143000
2015/06/19,0,0,0,0
2015/06/22,0,211000,-404000,-193000
2015/06/23,0,732000,-392000,340000
2015/06/24,0,330000,-410000,-80000
2015/06/25,0,241000,-182000,59000
2015/06/26,0,118000,-141000,-23000
2015/06/29,0,0,-202000,-202000
2015/06/30,0,280000,-28000,252000
2015/07/01,0,181000,-14000,167000
2015/07/02,0,70000,-411000,-341000
2015/07/03,0,50000,0,50000
2015/07/06,0,100000,-450000,-350000
2015/07/07,0,0,-25000,-25000
2015/07/08,0,273000,-14000,259000
2015/07/09,0,58000,-420000,-362000
2015/07/10,0,0,0,0
2015/07/13,0,0,-53000,-53000
2015/07/14,0,45000,0,45000
2015/07/15,0,628000,0,628000
2015/07/16,0,4000,-636000,-632000
2015/07/17,0,1078000,-92000,986000
2015/07/20,0,507000,-459000,48000
2015/07/21,0,958000,0,958000
2015/07/22,0,478000,-78000,400000
2015/07/23,0,412000,-45000,367000
2015/07/24,0,751000,-122000,629000
2015/07/27,0,492000,-55000,437000
2015/07/28,0,796000,0,796000
2015/07/29,0,338000,0,338000
2015/07/30,0,507000,-20000,487000
2015/07/31,0,314000,-57000,257000
2015/08/03,0,644000,-124000,520000
2015/08/04,0,431000,-153000,278000
2015/08/05,0,417000,-222000,195000
2015/08/06,0,368000,-922000,-554000
2015/08/07,0,435000,-221000,214000
2015/08/10,0,642000,-1467000,-825000
2015/08/11,0,611000,-637000,-26000
2015/08/12,0,793000,-39000,754000
2015/08/13,0,186000,-395000,-209000
2015/08/14,0,126000,-1644000,-1518000
2015/08/17,0,115000,-414000,-299000
2015/08/18,0,83000,-183000,-100000
2015/08/19,0,18000,-56000,-38000
2015/08/20,0,16000,-607000,-591000
2015/08/21,0,0,-335000,-335000
2015/08/24,0,149000,-144000,5000
2015/08/25,0,1389270,-120000,1269270
2015/08/26,0,1118000,-269000,849000
2015/08/27,0,256000,-5000,251000
2015/08/28,0,307000,-527000,-220000
2015/08/31,0,36000,-422000,-386000
2015/09/01,0,432000,-446000,-14000
2015/09/02,0,1112000,-58000,1054000
2015/09/03,0,312000,-258000,54000
2015/09/04,0,26000,-312000,-286000
2015/09/07,0,196000,-171000,25000
2015/09/08,0,86000,-225259,-139259
2015/09/09,0,570000,-279000,291000
2015/09/10,0,0,-443000,-443000
2015/09/11,0,170000,-463000,-293000
2015/09/14,0,462683,-48000,414683
2015/09/15,0,46000,-9000,37000
2015/09/16,0,817000,-187000,630000
2015/09/17,0,289940,0,289940
2015/09/18,0,108000,-1962000,-1854000
2015/09/21,0,94000,-179000,-85000
2015/09/22,0,11166,-324000,-312834
2015/09/23,0,0,0,0
2015/09/24,0,880000,-335000,545000
2015/09/25,0,202000,0,202000
2015/09/28,0,0,0,0
2015/09/29,0,0,0,0
2015/09/30,0,1124000,0,1124000
2015/10/01,0,740000,-445000,295000
2015/10/02,0,338000,-122000,216000
2015/10/05,0,153000,-579623,-426623
2015/10/06,0,806000,-4000,802000
2015/10/07,0,200000,0,200000
2015/10/08,0,436000,-16000,420000
2015/10/09,0,0,0,0
2015/10/12,0,1376000,-63000,1313000
2015/10/13,0,157000,-81000,76000
2015/10/14,0,490000,-680804,-190804
2015/10/15,0,756000,0,756000
2015/10/16,0,406000,-97000,309000
2015/10/19,0,895000,0,895000
2015/10/20,0,646000,0,646000
2015/10/21,0,118000,-150000,-32000
2015/10/22,0,250000,-60000,190000
2015/10/23,0,232000,-374000,-142000
2015/10/26,0,115000,-70000,45000
2015/10/27,0,9000,0,9000
2015/10/28,0,92000,-18000,74000
2015/10/29,0,128000,-7000,121000
2015/10/30,0,128000,-2000,126000
2015/11/02,0,110000,-71000,39000
2015/11/03,0,359000,0,359000
2015/11/04,0,912000,-51000,861000
2015/11/05,0,253000,-140000,113000
2015/11/06,0,72000,-204000,-132000
2015/11/09,0,387000,-23000,364000
2015/11/10,0,286000,-186000,100000
2015/11/11,0,436000,-30000,406000
2015/11/12,0,27000,-13000,14000
2015/11/13,0,116000,-40000,76000
2015/11/16,0,50000,-216000,-166000
2015/11/17,0,548000,-200000,348000
2015/11/18,0,140000,0,140000
2015/11/19,0,142000,-229000,-87000
2015/11/20,0,215000,-186000,29000
2015/11/23,0,39000,-134000,-95000
2015/11/24,0,0,-90000,-90000
2015/11/25,0,218000,0,218000
2015/11/26,0,87000,-460000,-373000
2015/11/27,0,75000,-455000,-380000
2015/11/30,0,103000,0,103000
2015/12/01,0,20000,-127000,-107000
2015/12/02,0,42000,-404000,-362000
2015/12/03,0,28000,-406000,-378000
2015/12/04,0,46000,-187000,-141000
2015/12/07,0,1307000,-90000,1217000
2015/12/08,0,991000,-67000,924000
2015/12/09,0,50000,-108000,-58000
2015/12/10,0,277000,-21000,256000
2015/12/11,0,536000,-62000,474000
2015/12/14,0,815000,-196397,618603
2015/12/15,0,281000,-159000,122000
2015/12/16,0,227000,-598000,-371000
2015/12/17,0,342000,-444000,-102000
2015/12/18,0,311000,-235000,76000
2015/12/21,0,261000,-210000,51000
2015/12/22,0,11000,-119000,-108000
2015/12/23,0,91000,-130000,-39000
2015/12/24,0,10000,-252000,-242000
2015/12/25,0,38000,-61000,-23000
2015/12/28,0,253000,-62000,191000
2015/12/29,0,154000,-260000,-106000
2015/12/30,0,240000,-168000,72000
2015/12/31,0,1126000,-180000,946000
2016/01/01,0,0,0,0
2016/01/04,0,959000,-553000,406000
2016/01/05,0,118000,-438000,-320000
2016/01/06,0,52000,-607000,-555000
2016/01/07,0,5000,-851284,-846284
2016/01/08,0,139000,-258000,-119000
2016/01/11,0,109000,-327000,-218000
2016/01/12,0,56000,-9000,47000
2016/01/13,0,94000,-531000,-437000
2016/01/14,0,0,-200000,-200000
2016/01/15,0,2162000,-365000,1797000
2016/01/18,0,2162000,-194000,1968000
2016/01/19,0,319000,-190000,129000
2016/01/20,0,525000,-350000,175000
2016/01/21,0,318000,-292000,26000
2016/01/22,0,307000,0,307000
2016/01/25,0,93000,-707000,-614000
2016/01/26,0,741000,0,741000
2016/01/27,0,257000,-50000,207000
2016/01/28,0,410000,-918000,-508000
2016/01/29,0,51000,-327000,-276000
2016/02/01,0,29000,0,29000
2016/02/02,0,37000,-1000,36000
2016/02/03,0,30000,-17000,13000
2016/02/04,0,0,0,0
2016/02/05,0,0,0,0
2016/02/08,0,0,0,0
2016/02/09,0,0,0,0
2016/02/10,0,0,0,0
2016/02/11,0,0,0,0
2016/02/12,0,0,0,0
2016/02/15,0,134000,-15560,118440
2016/02/16,0,20000,-212000,-192000
2016/02/17,0,87000,-93000,-6000
2016/02/18,0,120000,-34000,86000
2016/02/19,0,71000,-92000,-21000
2016/02/22,0,45000,-60000,-15000
2016/02/23,0,66000,-126000,-60000
2016/02/24,0,0,-96000,-96000
2016/02/25,0,54000,-25000,29000
2016/02/26,0,207000,-605000,-398000
2016/02/29,0,0,0,0
2016/03/01,0,316000,-155000,161000
2016/03/02,0,858000,-69000,789000
2016/03/03,0,0,-64000,-64000
2016/03/04,0,0,-401000,-401000
2016/03/07,0,296000,-202000,94000
2016/03/08,0,99000,-240000,-141000
2016/03/09,0,6000,-375000,-369000
2016/03/10,0,316000,-303000,13000
2016/03/11,0,238000,-69000,169000
2016/03/14,0,12000,-387000,-375000
2016/03/15,0,20000,-406000,-386000
2016/03/16,0,50000,-236000,-186000
2016/03/17,0,0,-380000,-380000
2016/03/18,0,255000,-369000,-114000
2016/03/21,0,5000,-261000,-256000
2016/03/22,0,0,-93000,-93000
2016/03/23,0,0,-369000,-369000
2016/03/24,0,36000,-634000,-598000
2016/03/25,0,0,-371000,-371000
2016/03/28,0,9000,-624000,-615000
2016/03/29,0,120000,-687000,-567000
2016/03/30,0,664000,-449000,215000
2016/03/31,0,694000,-67000,627000
2016/04/01,0,219000,-196000,23000
2016/04/04,0,0,0,0
2016/04/05,0,0,0,0
2016/04/06,0,67000,-244000,-177000
2016/04/07,0,86000,-272000,-186000
2016/04/08,0,41000,-354000,-313000
2016/04/11,0,0,-258000,-258000
2016/04/12,0,163000,-5000,158000
2016/04/13,0,54000,-521000,-467000
2016/04/14,0,50000,-191000,-141000
2016/04/15,0,20000,-1082260,-1062260
2016/04/18,0,39000,-346740,-307740
2016/04/19,0,118000,-275000,-157000
2016/04/20,0,84000,-708000,-624000
2016/04/21,0,125000,-298000,-173000
2016/04/22,0,16000,-102000,-86000
2016/04/25,0,4000,-261000,-257000
2016/04/26,0,158000,-143000,15000
2016/04/27,0,255000,-41000,214000
2016/04/28,0,18000,-291000,-273000
2016/04/29,0,0,-1187000,-1187000
2016/05/02,0,0,0,0
2016/05/03,0,7000,-380000,-373000
2016/05/04,0,10000,-165000,-155000
2016/05/05,0,127000,-53000,74000
2016/05/06,0,11000,-19000,-8000
2016/05/09,0,145000,0,145000
2016/05/10,0,124107,0,124107
2016/05/11,0,461938,-40000,421938
2016/05/12,0,54000,-200000,-146000
2016/05/13,0,329000,-9000,320000
2016/05/16,0,616000,-67000,549000
2016/05/17,0,610000,-50000,560000
2016/05/18,0,100000,-27000,73000
2016/05/19,0,321000,-44000,277000
2016/05/20,0,351000,-68000,283000
2016/05/23,0,2867000,-12000,2855000
2016/05/24,0,86000,-358000,-272000
2016/05/25,0,681000,-71000,610000
2016/05/26,0,158000,-33000,125000
2016/05/27,0,331000,0,331000
2016/05/30,0,0,-87000,-87000
2016/05/31,0,123000,-177985,-54985
2016/06/01,0,18000,-63000,-45000
2016/06/02,0,90000,-130000,-40000
2016/06/03,0,78000,-249000,-171000
2016/06/06,0,195000,-300000,-105000
2016/06/07,0,168000,-149534,18466
2016/06/08,0,171000,-288000,-117000
2016/06/09,0,0,0,0
2016/06/10,0,0,0,0
2016/06/13,0,59000,-485000,-426000
2016/06/14,0,37000,-490000,-453000
2016/06/15,0,25000,-11000,14000
2016/06/16,0,0,-258000,-258000
2016/06/17,0,3000,-311552,-308552
2016/06/20,0,124000,-49000,75000
2016/06/21,0,5000,-14000,-9000
2016/06/22,0,45000,-50000,-5000
2016/06/23,0,25000,-40000,-15000
2016/06/24,0,60000,-740000,-680000
2016/06/27,0,645000,-170000,475000
2016/06/28,0,346000,-124000,222000
2016/06/29,0,196000,-146000,50000
2016/06/30,0,100000,-126000,-26000
2016/07/01,0,20000,-149000,-129000
2016/07/04,0,103000,-286000,-183000
2016/07/05,0,44000,-929000,-885000
2016/07/06,0,22000,-711000,-689000
2016/07/07,0,46000,-215000,-169000
2016/07/08,0,0,0,0
2016/07/11,0,144000,-463000,-319000
2016/07/12,0,275000,-252000,23000
2016/07/13,0,101000,-820000,-719000
2016/07/14,0,202000,-615000,-413000
2016/07/15,0,6522,-1094000,-1087478
2016/07/18,0,57000,-655000,-598000
2016/07/19,0,235000,-1030026,-795026
2016/07/20,0,240000,-211778,28222
2016/07/21,0,9000,-623275,-614275
2016/07/22,0,400000,-576000,-176000
2016/07/25,0,998000,-125000,873000
2016/07/26,0,342000,-408000,-66000
2016/07/27,0,4000,-83000,-79000
2016/07/28,0,295039,-55000,240039
2016/07/29,0,59542,-318000,-258458
2016/08/01,0,272000,-50000,222000
2016/08/02,0,0,-609000,-609000
2016/08/03,0,78000,-240000,-162000
2016/08/04,0,136000,-268686,-132686
2016/08/05,0,0,-361000,-361000
2016/08/08,0,195000,-137000,58000
2016/08/09,0,346000,-254000,92000
2016/08/10,0,110000,-279000,-169000
2016/08/11,0,94000,-464000,-370000
2016/08/12,0,19000,-263000,-244000
2016/08/15,0,0,-113000,-113000
2016/08/16,0,46000,-343000,-297000
2016/08/17,0,0,-554000,-554000
2016/08/18,0,0,-385000,-385000
2016/08/19,0,0,-974000,-974000
2016/08/22,0,6000,-121000,-115000
2016/08/23,0,0,-419000,-419000
2016/08/24,0,22000,-170000,-148000
2016/08/25,0,99000,-244000,-145000
2016/08/26,0,26000,-455000,-429000
2016/08/29,0,0,-83000,-83000
2016/08/30,0,178000,-421000,-243000
2016/08/31,0,79683,-125000,-45317
2016/09/01,0,623902,-155000,468902
2016/09/02,0,8000,-70000,-62000
2016/09/05,0,197000,-47000,150000
2016/09/06,0,47000,-20000,27000
2016/09/07,0,635000,-434000,201000
2016/09/08,0,123000,-244000,-121000
2016/09/09,0,40000,-97000,-57000
2016/09/12,0,24000,-331000,-307000
2016/09/13,0,2000,-69483,-67483
2016/09/14,0,319000,-38000,281000
2016/09/15,0,0,0,0
2016/09/16,0,0,0,0
2016/09/19,0,366000,-75000,291000
2016/09/20,0,127000,-254000,-127000
2016/09/21,0,181000,-23000,158000
2016/09/22,0,701000,-293000,408000
2016/09/23,0,5000,-84000,-79000
2016/09/26,0,62000,-299000,-237000
2016/09/27,0,0,0,0
2016/09/28,0,0,0,0
2016/09/29,0,87000,-58000,29000
2016/09/30,0,1002946,-58000,944946
2016/10/03,0,317000,-206000,111000
2016/10/04,0,16000,-215000,-199000
2016/10/05,0,0,-606000,-606000
2016/10/06,0,191000,-72000,119000
2016/10/07,0,252000,-163000,89000
2016/10/10,0,0,0,0
2016/10/11,0,476000,-312000,164000
2016/10/12,0,59000,-296000,-237000
2016/10/13,0,139000,-225000,-86000
2016/10/14,0,61000,-516000,-455000
2016/10/17,0,42000,-64000,-22000
2016/10/18,0,336000,-110000,226000
2016/10/19,0,165000,-122000,43000
2016/10/20,0,672000,-354000,318000
2016/10/21,0,169000,-264000,-95000
2016/10/24,0,304000,-18000,286000
2016/10/25,0,123000,-536000,-413000
2016/10/26,0,101000,-110000,-9000
2016/10/27,0,186144,-112000,74144
2016/10/28,0,177000,-57000,120000
2016/10/31,0,39000,-26300,12700
2016/11/01,0,0,-50524,-50524
2016/11/02,0,369000,-11994,357006
2016/11/03,0,37000,-249000,-212000
2016/11/04,0,175500,-369000,-193500
2016/11/07,0,235000,-124000,111000
2016/11/08,0,91000,-228000,-137000
2016/11/09,0,263000,-410000,-147000
2016/11/10,0,299000,-30000,269000
2016/11/11,0,602000,-378000,224000
2016/11/14,0,40000,-203874,-163874
2016/11/15,0,282000,-69133,212867
2016/11/16,0,526000,-269000,257000
2016/11/17,0,100840,-96000,4840
2016/11/18,0,55000,-100000,-45000
2016/11/21,0,63000,-247000,-184000
2016/11/22,0,85000,-95000,-10000
2016/11/23,0,85000,-635000,-550000
2016/11/24,0,93000,-28000,65000
2016/11/25,0,0,-7000,-7000
2016/11/28,0,69000,-315000,-246000
2016/11/29,0,30000,-457000,-427000
2016/11/30,0,12000,-205000,-193000
2016/12/01,0,99222,-109000,-9778
2016/12/02,0,162000,-643000,-481000
2016/12/05,0,59000,-69000,-10000
2016/12/06,0,122000,-263411,-141411
2016/12/07,0,54000,-64000,-10000
2016/12/08,0,61000,-26000,35000
2016/12/09,0,156000,0,156000
2016/12/12,0,18000,-48000,-30000
2016/12/13,0,48000,-37000,11000
2016/12/14,0,110000,-110000,0
2016/12/15,0,5000,-25000,-20000
2016/12/16,0,0,-207799,-207799
2016/12/19,0,177000,-24000,153000
2016/12/20,0,12000,-686000,-674000
2016/12/21,0,168000,-55000,113000
2016/12/22,0,7000,-146000,-139000
2016/12/23,0,0,-26000,-26000
2016/12/26,0,200000,-10000,190000
2016/12/27,0,368000,-72000,296000
2016/12/28,0,258000,-268000,-10000
2016/12/29,0,127000,-298000,-171000
2016/12/30,0,70000,-152000,-82000
2017/01/02,0,0,0,0
2017/01/03,0,0,-90000,-90000
2017/01/04,0,29000,-14000,15000
2017/01/05,0,59000,-596000,-537000
2017/01/06,0,71000,-26000,45000
2017/01/09,0,7000,0,7000
2017/01/10,0,51000,-381000,-330000
2017/01/11,0,6000,-56000,-50000
2017/01/12,0,406000,-1453000,-1047000
2017/01/13,0,418000,-1169000,-751000
2017/01/16,0,70000,-860000,-790000
2017/01/17,0,70000,-117000,-47000
2017/01/18,0,162000,-86000,76000
2017/01/19,0,25000,-238000,-213000
2017/01/20,0,95000,-155000,-60000
2017/01/23,0,199172,-41000,158172
2017/01/24,0,10000,0,10000
2017/01/25,0,0,0,0
2017/01/26,0,0,0,0
2017/01/27,0,0,0,0
2017/01/30,0,0,0,0
2017/01/31,0,0,0,0
2017/02/01,0,0,0,0
2017/02/02,0,39000,-62000,-23000
2017/02/03,0,313000,-24000,289000
2017/02/06,0,9000,-505000,-496000
2017/02/07,0,367000,-715000,-348000
2017/02/08,0,146000,-462400,-316400
2017/02/09,0,515000,-217000,298000
2017/02/10,0,596000,-72000,524000
2017/02/13,0,348000,-147000,201000
2017/02/14,0,0,-82000,-82000
2017/02/15,0,80000,-64000,16000
2017/02/16,0,7000,-148000,-141000
2017/02/17,0,13000,-1059000,-1046000
2017/02/20,0,11000,-287000,-276000
2017/02/21,0,69000,-198000,-129000
2017/02/22,0,36000,-298000,-262000
2017/02/23,0,62000,-161000,-99000
2017/02/24,0,7000,-87000,-80000
2017/02/27,0,0,0,0
2017/02/28,0,0,0,0
2017/03/01,0,4000,-62000,-58000
2017/03/02,0,19000,-10000,9000
2017/03/03,0,12000,-480000,-468000
2017/03/06,0,31000,-406000,-375000
2017/03/07,0,1525000,-251000,1274000
2017/03/08,0,122000,-628000,-506000
2017/03/09,0,0,-320000,-320000
2017/03/10,0,22000,-94000,-72000
2017/03/13,0,12000,-148000,-136000
2017/03/14,0,0,-342000,-342000
2017/03/15,0,342000,-361000,-19000
2017/03/16,0,233000,-28000,205000
2017/03/17,0,78100,-66000,12100
2017/03/20,0,19000,-150000,-131000
2017/03/21,0,455000,-134000,321000
2017/03/22,0,126000,-275000,-149000
2017/03/23,0,90000,-128000,-38000
2017/03/24,0,74000,-162000,-88000
2017/03/27,0,26000,-366000,-340000
2017/03/28,0,20000,-302000,-282000
2017/03/29,0,434040,-40000,394040
2017/03/30,0,15597,-438000,-422403
2017/03/31,0,33369,-122000,-88631
2017/04/03,0,0,0,0
2017/04/04,0,0,0,0
2017/04/05,0,163122,-142000,21122
2017/04/06,0,34000,-421000,-387000
2017/04/07,0,51000,-286000,-235000
2017/04/10,0,31000,-59000,-28000
2017/04/11,0,25000,-110000,-85000
2017/04/12,0,208000,-91000,117000
2017/04/13,0,202000,-167000,35000
2017/04/14,0,40000,-491000,-451000
2017/04/17,0,10000,-680000,-670000
2017/04/18,0,0,-79000,-79000
2017/04/19,0,11119,-82000,-70881
2017/04/20,0,83000,-47000,36000
2017/04/21,0,276000,-118000,158000
2017/04/24,0,219000,-33000,186000
2017/04/25,0,102000,-74417,27583
2017/04/26,0,46000,-71000,-25000
2017/04/27,0,9000,-16000,-7000
2017/04/28,0,0,-68000,-68000
2017/05/01,0,0,0,0
2017/05/02,0,254000,-719000,-465000
2017/05/03,0,0,-5000,-5000
2017/05/04,0,1000000,-119088,880912
2017/05/05,0,17825,-53000,-35175
2017/05/08,0,83000,-567000,-484000
2017/05/09,0,265000,-394000,-129000
2017/05/10,0,200000,-151000,49000
2017/05/11,0,277000,-122000,155000
2017/05/12,0,0,-369000,-369000
2017/05/15,0,1017000,-188000,829000
2017/05/16,0,2990000,-186000,2804000
2017/05/17,0,91000,-81000,10000
2017/05/18,0,0,-125000,-125000
2017/05/19,0,6000,-63000,-57000
2017/05/22,0,65000,-54000,11000
2017/05/23,0,0,-309000,-309000
2017/05/24,0,30000,-181000,-151000
2017/05/25,0,0,-96000,-96000
2017/05/26,0,42000,-214000,-172000
2017/05/29,0,0,0,0
2017/05/30,0,0,0,0
2017/05/31,0,0,-108000,-108000
2017/06/01,0,0,-218000,-218000
2017/06/02,0,68000,-131000,-63000
2017/06/05,0,0,-728000,-728000
2017/06/06,0,0,-628000,-628000
2017/06/07,0,439000,-249000,190000
2017/06/08,0,246000,-357000,-111000
2017/06/09,0,170000,-159000,11000
2017/06/12,0,196000,-173000,23000
2017/06/13,0,13000,-148000,-135000
2017/06/14,0,318000,-8000,310000
2017/06/15,0,6000,-674000,-668000
2017/06/16,0,916000,-25000,891000
2017/06/19,0,34000,-406000,-372000
2017/06/20,0,150000,-217536,-67536
2017/06/21,0,77000,-167000,-90000
2017/06/22,0,276000,-54000,222000
2017/06/23,0,125000,-79000,46000
2017/06/26,0,72000,-66000,6000
2017/06/27,0,0,-183000,-183000
2017/06/28,0,8000,-266456,-258456
2017/06/29,0,0,-120000,-120000
2017/06/30,0,58000,-86000,-28000
2017/07/03,0,20000,-570000,-550000
2017/07/04,0,10000,-380000,-370000
2017/07/05,0,218000,-137000,81000
2017/07/06,0,128000,-327000,-199000
2017/07/07,0,98000,-989000,-891000
2017/07/10,0,14000,-105000,-91000
2017/07/11,0,135000,-85000,50000
2017/07/12,0,596000,-121673,474327
2017/07/13,0,646000,-108000,538000
2017/07/14,0,172000,-94000,78000
2017/07/17,0,73962,-266000,-192038
2017/07/18,0,84000,-732000,-648000
2017/07/19,0,410000,-85000,325000
2017/07/20,0,88000,-414000,-326000
2017/07/21,0,53000,-22000,31000
2017/07/24,0,12000,-147000,-135000
2017/07/25,0,11000,-372000,-361000
2017/07/26,0,2000,-440000,-438000
2017/07/27,0,36000,-280000,-244000
2017/07/28,0,39000,-151000,-112000
2017/07/31,0,45000,-241000,-196000
2017/08/01,0,256000,-299000,-43000
2017/08/02,0,284000,-307000,-23000
2017/08/03,0,186000,-51000,135000
2017/08/04,0,181000,-161000,20000
2017/08/07,0,76000,-18000,58000
2017/08/08,0,109000,-65000,44000
2017/08/09,0,390000,-226000,164000
2017/08/10,0,4000,-357000,-353000
2017/08/11,0,15000,-425000,-410000
2017/08/14,0,3000,-129000,-126000
2017/08/15,0,104000,-195000,-91000
2017/08/16,0,72000,-31000,41000
2017/08/17,0,2000,-69000,-67000
2017/08/18,0,60000,-38000,22000
