Date,Open,Buy,Sell,Total
2007/01/02,0,16479000,-5637000,10842000
2007/01/03,0,34584000,-9934046,24649954
2007/01/04,0,14215200,-11751666,2463534
2007/01/05,0,22612000,-23220045,-608045
2007/01/08,0,10875500,-17894578,-7019078
2007/01/09,0,19906000,-13857586,6048414
2007/01/10,0,30795800,-68169125,-37373325
2007/01/11,0,57661000,-22062001,35598999
2007/01/12,0,101181000,-30445310,70735690
2007/01/15,0,54089324,-46042000,8047324
2007/01/16,0,59919000,-26203177,33715823
2007/01/17,0,36592115,-18669155,17922960
2007/01/18,0,45554340,-30399189,15155151
2007/01/19,0,32057801,-36533000,-4475199
2007/01/22,0,39149000,-48129832,-8980832
2007/01/23,0,21960000,-34567732,-12607732
2007/01/24,0,65662000,-59931475,5730525
2007/01/25,0,30675500,-23314422,7361078
2007/01/26,0,46096010,-100787295,-54691285
2007/01/29,0,32902000,-29719640,3182360
2007/01/30,0,25113621,-37462638,-12349017
2007/01/31,0,51643500,-76805022,-25161522
2007/02/01,0,24217000,-27758684,-3541684
2007/02/02,0,42705334,-43673791,-968457
2007/02/05,0,20390000,-21765910,-1375910
2007/02/06,0,24199000,-29734692,-5535692
2007/02/07,0,23389600,-19914000,3475600
2007/02/08,0,30573000,-33633943,-3060943
2007/02/09,0,43398000,-54893818,-11495818
2007/02/12,0,15522604,-47176291,-31653687
2007/02/13,0,14920000,-56209551,-41289551
2007/02/14,0,28494200,-26734291,1759909
2007/02/15,0,0,0,0
2007/02/16,0,0,0,0
2007/02/19,0,0,0,0
2007/02/20,0,0,0,0
2007/02/21,0,0,0,0
2007/02/22,0,0,0,0
2007/02/23,0,0,0,0
2007/02/26,0,81201053,-56972589,24228464
2007/02/27,0,69128061,-43104032,26024029
2007/02/28,0,0,0,0
2007/03/01,0,31431772,-87635451,-56203679
2007/03/02,0,7187000,-28161720,-20974720
2007/03/05,0,16747000,-68404203,-51657203
2007/03/06,0,42354788,-52063232,-9708444
2007/03/07,0,41599000,-38908101,2690899
2007/03/08,0,28159500,-36142650,-7983150
2007/03/09,0,31643277,-25038658,6604619
2007/03/12,0,29007000,-903788886,-874781886
2007/03/13,0,78974181,-33493304,45480877
2007/03/14,0,31111561,-39253394,-8141833
2007/03/15,0,32319000,-12960674,19358326
2007/03/16,0,27996000,-16064845,11931155
2007/03/19,0,19089668,-14697962,4391706
2007/03/20,0,22403000,-10353129,12049871
2007/03/21,0,30610742,-14835066,15775676
2007/03/22,0,58289000,-15399000,42890000
2007/03/23,0,45738000,-31384718,14353282
2007/03/26,0,14390000,-8588599,5801401
2007/03/27,0,42854645,-31060141,11794504
2007/03/28,0,20809000,-31667429,-10858429
2007/03/29,0,47071279,-51064279,-3993000
2007/03/30,0,24271480,-36152768,-11881288
2007/04/02,0,12866200,-18285427,-5419227
2007/04/03,0,17363400,-23600423,-6237023
2007/04/04,0,44690000,-40482487,4207513
2007/04/05,0,0,0,0
2007/04/06,0,0,0,0
2007/04/09,0,34538000,-29155517,5382483
2007/04/10,0,29293000,-28552102,740898
2007/04/11,0,25312000,-17637147,7674853
2007/04/12,0,20616286,-24758469,-4142183
2007/04/13,0,6128000,-5646075,481925
2007/04/16,0,19858000,-16022912,3835088
2007/04/17,0,21231079,-22285877,-1054798
2007/04/18,0,43372473,-39881849,3490624
2007/04/19,0,40803798,-61963271,-21159473
2007/04/20,0,28752000,-28241104,510896
2007/04/23,0,41941000,-28251826,13689174
2007/04/24,0,55007000,-17812911,37194089
2007/04/25,0,19002000,-18679295,322705
2007/04/26,0,54507104,-29071519,25435585
2007/04/27,0,27031000,-29399000,-2368000
2007/04/30,0,26230000,-37238134,-11008134
2007/05/01,0,0,0,0
2007/05/02,0,37221130,-43674589,-6453459
2007/05/03,0,49433000,-56970180,-7537180
2007/05/04,0,30721000,-33824267,-3103267
2007/05/07,0,28564200,-32223155,-3658955
2007/05/08,0,11028000,-24810449,-13782449
2007/05/09,0,21040310,-25533871,-4493561
2007/05/10,0,32311537,-32011192,300345
2007/05/11,0,14599000,-44880138,-30281138
2007/05/14,0,38741000,-55089168,-16348168
2007/05/15,0,7385407,-47093578,-39708171
2007/05/16,0,16752570,-38265226,-21512656
2007/05/17,0,32208000,-34139444,-1931444
2007/05/18,0,68701000,-48227288,20473712
2007/05/21,0,61020000,-39334101,21685899
2007/05/22,0,17478000,-18108046,-630046
2007/05/23,0,43226394,-46562201,-3335807
2007/05/24,0,24288351,-37150200,-12861849
2007/05/25,0,20960000,-62747151,-41787151
2007/05/28,0,21058000,-24672321,-3614321
2007/05/29,0,41849000,-24538000,17311000
2007/05/30,0,29516000,-40931103,-11415103
2007/05/31,0,47591606,-44074041,3517565
2007/06/01,0,56081000,-49838502,6242498
2007/06/04,0,43270000,-46477500,-3207500
2007/06/05,0,30319000,-27434500,2884500
2007/06/06,0,71575235,-81499014,-9923779
2007/06/07,0,31766456,-30471490,1294966
2007/06/08,0,28568550,-99120112,-70551562
2007/06/11,0,28726247,-36643433,-7917186
2007/06/12,0,19433008,-39221709,-19788701
2007/06/13,0,13654200,-44530876,-30876676
2007/06/14,0,49232000,-43455558,5776442
2007/06/15,0,66829899,-49756716,17073183
2007/06/18,0,0,0,0
2007/06/19,0,0,0,0
2007/06/20,0,142586452,-36536640,106049812
2007/06/21,0,132017000,-24538957,107478043
2007/06/22,0,51877000,-14759202,37117798
2007/06/25,0,67035000,-25973369,41061631
2007/06/26,0,36103747,-22714506,13389241
2007/06/27,0,40347000,-23295844,17051156
2007/06/28,0,65842000,-24133491,41708509
2007/06/29,0,53049850,-37329393,15720457
2007/07/02,0,30863500,-12109120,18754380
2007/07/03,0,38852828,-14209258,24643570
2007/07/04,0,37345105,-9529292,27815813
2007/07/05,0,34040001,-20699228,13340773
2007/07/06,0,16932747,-17283621,-350874
2007/07/09,0,40394000,-15696827,24697173
2007/07/10,0,76311450,-40042895,36268555
2007/07/11,0,57053179,-23877312,33175867
2007/07/12,0,55971000,-39569074,16401926
2007/07/13,0,74982728,-24244043,50738685
2007/07/16,0,42539000,-27525153,15013847
2007/07/17,0,22631500,-15098051,7533449
2007/07/18,0,24080000,-30688251,-6608251
2007/07/19,0,25651874,-41282441,-15630567
2007/07/20,0,35460538,-43519237,-8058699
2007/07/23,0,25266869,-35619255,-10352386
2007/07/24,0,61097511,-28867414,32230097
2007/07/25,0,25022000,-29959112,-4937112
2007/07/26,0,34439510,-51379385,-16939875
2007/07/27,0,25737000,-234167995,-208430995
2007/07/30,0,75574000,-97983734,-22409734
2007/07/31,0,66706303,-85445443,-18739140
2007/08/01,0,53986000,-161854842,-107868842
2007/08/02,0,55250850,-62319163,-7068313
2007/08/03,0,25560114,-26639353,-1079239
2007/08/06,0,32364000,-42835824,-10471824
2007/08/07,0,21511000,-56905381,-35394381
2007/08/08,0,37917767,-54501515,-16583748
2007/08/09,0,38240000,-16237150,22002850
2007/08/10,0,40914000,-66405659,-25491659
2007/08/13,0,45858000,-46509573,-651573
2007/08/14,0,27129000,-28274587,-1145587
2007/08/15,0,30363000,-56490475,-26127475
2007/08/16,0,34139216,-85065557,-50926341
2007/08/17,0,41705000,-52207859,-10502859
2007/08/20,0,38244000,-29723687,8520313
2007/08/21,0,26918000,-31036258,-4118258
2007/08/22,0,22117432,-31938724,-9821292
2007/08/23,0,81941303,-43938944,38002359
2007/08/24,0,32659000,-46042997,-13383997
2007/08/27,0,29745689,-23751020,5994669
2007/08/28,0,19794000,-28991387,-9197387
2007/08/29,0,12871000,-41587369,-28716369
2007/08/30,0,23597620,-20433036,3164584
2007/08/31,0,50497585,-13627852,36869733
2007/09/03,0,20152427,-16010466,4141961
2007/09/04,0,9136200,-10498116,-1361916
2007/09/05,0,24147078,-18912433,5234645
2007/09/06,0,32700000,-28454730,4245270
2007/09/07,0,16923000,-16392154,530846
2007/09/10,0,16077000,-25871572,-9794572
2007/09/11,0,9091680,-13545311,-4453631
2007/09/12,0,16520520,-19159021,-2638501
2007/09/13,0,8421000,-23848535,-15427535
2007/09/14,0,41863837,-25308800,16555037
2007/09/17,0,15999489,-21857563,-5858074
2007/09/18,0,0,0,0
2007/09/19,0,78011000,-52759471,25251529
2007/09/20,0,55321373,-55625482,-304109
2007/09/21,0,21582400,-22488397,-905997
2007/09/24,0,0,0,0
2007/09/25,0,0,0,0
2007/09/26,0,65770625,-76699025,-10928400
2007/09/27,0,60618000,-24269192,36348808
2007/09/28,0,52215000,-33426711,18788289
2007/10/01,0,48797000,-31561678,17235322
2007/10/02,0,94044000,-10379247,83664753
2007/10/03,0,65427294,-22530859,42896435
2007/10/04,0,26168000,-30472716,-4304716
2007/10/05,0,22457000,-12340201,10116799
2007/10/08,0,54134000,-30062280,24071720
2007/10/09,0,19816000,-28872634,-9056634
2007/10/10,0,0,0,0
2007/10/11,0,61517000,-70619459,-9102459
2007/10/12,0,24308000,-67809571,-43501571
2007/10/15,0,77251562,-70489867,6761695
2007/10/16,0,69488685,-70964943,-1476258
2007/10/17,0,35959374,-36482401,-523027
2007/10/18,0,20635000,-21809582,-1174582
2007/10/19,0,10399000,-17391875,-6992875
2007/10/22,0,20682964,-66171500,-45488536
2007/10/23,0,25417000,-20268559,5148441
2007/10/24,0,17346542,-21835395,-4488853
2007/10/25,0,26564926,-39766600,-13201674
2007/10/26,0,55100736,-59105238,-4004502
2007/10/29,0,71612678,-25022828,46589850
2007/10/30,0,25857000,-19503979,6353021
2007/10/31,0,39781000,-19210305,20570695
2007/11/01,0,46561000,-17815592,28745408
2007/11/02,0,37632000,-44300559,-6668559
2007/11/05,0,43709469,-52825722,-9116253
2007/11/06,0,29305000,-19843229,9461771
2007/11/07,0,71472705,-59635568,11837137
2007/11/08,0,47461000,-40788500,6672500
2007/11/09,0,54641000,-44802139,9838861
2007/11/12,0,61471000,-70290408,-8819408
2007/11/13,0,33474000,-46272970,-12798970
2007/11/14,0,37280321,-65509114,-28228793
2007/11/15,0,22175634,-43946572,-21770938
2007/11/16,0,18872887,-46099849,-27226962
2007/11/19,0,33874840,-28990121,4884719
2007/11/20,0,29763994,-38802943,-9038949
2007/11/21,0,16518804,-74466389,-57947585
2007/11/22,0,16164000,-27124083,-10960083
2007/11/23,0,28021000,-21433207,6587793
2007/11/26,0,94580919,-65419790,29161129
2007/11/27,0,25436000,-74062238,-48626238
2007/11/28,0,22689000,-41860000,-19171000
2007/11/29,0,36158425,-29568233,6590192
2007/11/30,0,32656000,-17393904,15262096
2007/12/03,0,24103032,-27885683,-3782651
2007/12/04,0,18791589,-16193677,2597912
2007/12/05,0,73351000,-29604901,43746099
2007/12/06,0,58366482,-19698402,38668080
2007/12/07,0,115923285,-13631213,102292072
2007/12/10,0,65530133,-55361965,10168168
2007/12/11,0,40658000,-6036140,34621860
2007/12/12,0,54022530,-35620568,18401962
2007/12/13,0,67151591,-39583350,27568241
2007/12/14,0,68538000,-104196404,-35658404
2007/12/17,0,28502000,-27356137,1145863
2007/12/18,0,33256813,-39426889,-6170076
2007/12/19,0,31096000,-19292135,11803865
2007/12/20,0,19937201,-22968276,-3031075
2007/12/21,0,35291000,-11501915,23789085
2007/12/24,0,11290900,-8019636,3271264
2007/12/25,0,3133268,-2465000,668268
2007/12/26,0,3948000,-5741661,-1793661
2007/12/27,0,65884000,-13170269,52713731
2007/12/28,0,36579254,-15260061,21319193
2007/12/31,0,9719000,-2796268,6922732
2008/01/01,0,0,0,0
2008/01/02,0,21231000,-20837273,393727
2008/01/03,0,19499000,-28805819,-9306819
2008/01/04,0,30050588,-36852344,-6801756
2008/01/07,0,17218000,-82857913,-65639913
2008/01/08,0,23349681,-37180936,-13831255
2008/01/09,0,27012722,-28153103,-1140381
2008/01/10,0,26310362,-53375573,-27065211
2008/01/11,0,41889337,-65341961,-23452624
2008/01/14,0,49152301,-57083655,-7931354
2008/01/15,0,83327001,-49907777,33419224
2008/01/16,0,48241983,-59860357,-11618374
2008/01/17,0,22326000,-41033290,-18707290
2008/01/18,0,34516506,-53598261,-19081755
2008/01/21,0,11186290,-35354668,-24168378
2008/01/22,0,27471000,-65251418,-37780418
2008/01/23,0,65960734,-37033593,28927141
2008/01/24,0,46529335,-22021199,24508136
2008/01/25,0,31238414,-21077737,10160677
2008/01/28,0,32667000,-28183969,4483031
2008/01/29,0,51200000,-12640907,38559093
2008/01/30,0,102605774,-63736929,38868845
2008/01/31,0,163536360,-60132437,103403923
2008/02/01,0,124564000,-34451608,90112392
2008/02/04,0,0,0,0
2008/02/05,0,0,0,0
2008/02/06,0,0,0,0
2008/02/07,0,0,0,0
2008/02/08,0,0,0,0
2008/02/11,0,0,0,0
2008/02/12,0,92627000,-76383670,16243330
2008/02/13,0,48040797,-35641630,12399167
2008/02/14,0,96368000,-76926070,19441930
2008/02/15,0,21793999,-20535408,1258591
2008/02/18,0,34445000,-41234534,-6789534
2008/02/19,0,16570061,-7712346,8857715
2008/02/20,0,30038000,-34613000,-4575000
2008/02/21,0,35606181,-11813445,23792736
2008/02/22,0,18843001,-33966460,-15123459
2008/02/25,0,32271000,-31643521,627479
2008/02/26,0,56448107,-25954809,30493298
2008/02/27,0,81567275,-42575282,38991993
2008/02/28,0,0,0,0
2008/02/29,0,51828702,-50559159,1269543
2008/03/03,0,31158427,-42799984,-11641557
2008/03/04,0,67578000,-48254340,19323660
2008/03/05,0,65045031,-32662539,32382492
2008/03/06,0,56027000,-10250937,45776063
2008/03/07,0,42838000,-37473238,5364762
2008/03/10,0,21588000,-55271500,-33683500
2008/03/11,0,34152000,-34537169,-385169
2008/03/12,0,41813000,-11555572,30257428
2008/03/13,0,24170000,-34944000,-10774000
2008/03/14,0,19130000,-35519084,-16389084
2008/03/17,0,53048780,-66223283,-13174503
2008/03/18,0,34744000,-43045763,-8301763
2008/03/19,0,25642590,-14291623,11350967
2008/03/20,0,39666000,-37715177,1950823
2008/03/21,0,88448000,-11711378,76736622
2008/03/24,0,113010000,-17343079,95666921
2008/03/25,0,72515000,-39487917,33027083
2008/03/26,0,44689000,-42488022,2200978
2008/03/27,0,23668335,-47307975,-23639640
2008/03/28,0,52091335,-101503512,-49412177
2008/03/31,0,43634455,-62410039,-18775584
2008/04/01,0,33169724,-36032506,-2862782
2008/04/02,0,53249446,-23836491,29412955
2008/04/03,0,23724569,-15922959,7801610
2008/04/04,0,0,0,0
2008/04/07,0,40223000,-30642712,9580288
2008/04/08,0,32395279,-35605485,-3210206
2008/04/09,0,24693800,-38746926,-14053126
2008/04/10,0,38712000,-20758931,17953069
2008/04/11,0,21693155,-27450137,-5756982
2008/04/14,0,15513401,-31991831,-16478430
2008/04/15,0,21269196,-33941884,-12672688
2008/04/16,0,40617000,-9773395,30843605
2008/04/17,0,89768068,-20880131,68887937
2008/04/18,0,27643966,-18575282,9068684
2008/04/21,0,33234000,-5129001,28104999
2008/04/22,0,34044000,-19763872,14280128
2008/04/23,0,27844000,-59904925,-32060925
2008/04/24,0,20778000,-54260279,-33482279
2008/04/25,0,35375000,-27523472,7851528
2008/04/28,0,54227574,-37578137,16649437
2008/04/29,0,21943000,-27358838,-5415838
2008/04/30,0,61166468,-37265019,23901449
2008/05/01,0,0,0,0
2008/05/02,0,82542075,-21558255,60983820
2008/05/05,0,32522000,-31391058,1130942
2008/05/06,0,29761065,-5365970,24395095
2008/05/07,0,47674447,-12402744,35271703
2008/05/08,0,28509000,-36137694,-7628694
2008/05/09,0,31686000,-31102904,583096
2008/05/12,0,28357000,-22458126,5898874
2008/05/13,0,58430000,-13551000,44879000
2008/05/14,0,53967659,-13599888,40367771
2008/05/15,0,67247215,-51493777,15753438
2008/05/16,0,75135000,-37288546,37846454
2008/05/19,0,75040600,-45884000,29156600
2008/05/20,0,55898000,-58973000,-3075000
2008/05/21,0,30443910,-34572344,-4128434
2008/05/22,0,16635000,-33881425,-17246425
2008/05/23,0,26174000,-35461772,-9287772
2008/05/26,0,23508000,-27291403,-3783403
2008/05/27,0,11130000,-10187563,942437
2008/05/28,0,100097492,-38641140,61456352
2008/05/29,0,91266000,-21213112,70052888
2008/05/30,0,104660000,-58067691,46592309
2008/06/02,0,39852226,-10112044,29740182
2008/06/03,0,45533229,-42814798,2718431
2008/06/04,0,25750386,-25857000,-106614
2008/06/05,0,70390000,-71470321,-1080321
2008/06/06,0,83208340,-57917113,25291227
2008/06/09,0,38802033,-98482486,-59680453
2008/06/10,0,21340000,-78054662,-56714662
2008/06/11,0,31622306,-26982000,4640306
2008/06/12,0,41341900,-61678862,-20336962
2008/06/13,0,37433000,-34005000,3428000
2008/06/16,0,32554000,-25359000,7195000
2008/06/17,0,54578553,-56253520,-1674967
2008/06/18,0,24746000,-28129956,-3383956
2008/06/19,0,26964000,-59578932,-32614932
2008/06/20,0,34947638,-55879795,-20932157
2008/06/23,0,21998000,-39664043,-17666043
2008/06/24,0,41496610,-44851942,-3355332
2008/06/25,0,74461594,-60063561,14398033
2008/06/26,0,41107355,-47544865,-6437510
2008/06/27,0,55523001,-155905786,-100382785
2008/06/30,0,31908000,-65633498,-33725498
2008/07/01,0,24402000,-23119681,1282319
2008/07/02,0,27689200,-68596558,-40907358
2008/07/03,0,54572270,-95400619,-40828349
2008/07/04,0,26767370,-46306208,-19538838
2008/07/07,0,30486000,-30544845,-58845
2008/07/08,0,37745000,-64649283,-26904283
2008/07/09,0,45104000,-40278492,4825508
2008/07/10,0,32701311,-33993029,-1291718
2008/07/11,0,55747000,-40046211,15700789
2008/07/14,0,23690752,-29910129,-6219377
2008/07/15,0,18344000,-30059500,-11715500
2008/07/16,0,44517000,-66661214,-22144214
2008/07/17,0,52660000,-40115871,12544129
2008/07/18,0,52701497,-47262129,5439368
2008/07/21,0,42727403,-34045985,8681418
2008/07/22,0,28134000,-52306243,-24172243
2008/07/23,0,40078000,-52775428,-12697428
2008/07/24,0,33287034,-24648098,8638936
2008/07/25,0,19358000,-14786000,4572000
2008/07/28,0,0,0,0
2008/07/29,0,28516000,-65141884,-36625884
2008/07/30,0,46051562,-30222000,15829562
2008/07/31,0,35169000,-42080481,-6911481
2008/08/01,0,28392000,-28074366,317634
2008/08/04,0,14476000,-20482352,-6006352
2008/08/05,0,44790697,-53606947,-8816250
2008/08/06,0,70218443,-35039000,35179443
2008/08/07,0,36944000,-19282150,17661850
2008/08/08,0,68569596,-37635697,30933899
2008/08/11,0,37663000,-29544400,8118600
2008/08/12,0,54073000,-31809339,22263661
2008/08/13,0,38459592,-37155666,1303926
2008/08/14,0,281068223,-410301553,-129233330
2008/08/15,0,29441000,-38167583,-8726583
2008/08/18,0,28215000,-42090851,-13875851
2008/08/19,0,28949034,-40325818,-11376784
2008/08/20,0,24824926,-31211774,-6386848
2008/08/21,0,20011066,-39361856,-19350790
2008/08/22,0,33150340,-39546656,-6396316
2008/08/25,0,28681145,-36161009,-7479864
2008/08/26,0,24487000,-44501272,-20014272
2008/08/27,0,31865000,-49802621,-17937621
2008/08/28,0,45300000,-73083793,-27783793
2008/08/29,0,35549969,-72083222,-36533253
2008/09/01,0,27062000,-101134836,-74072836
2008/09/02,0,38061000,-101853762,-63792762
2008/09/03,0,54610905,-66666399,-12055494
2008/09/04,0,42745000,-61103629,-18358629
2008/09/05,0,40453841,-67406214,-26952373
2008/09/08,0,52994000,-31030446,21963554
2008/09/09,0,22628210,-40127674,-17499464
2008/09/10,0,37367000,-57984135,-20617135
2008/09/11,0,39651000,-60389303,-20738303
2008/09/12,0,16027000,-22552815,-6525815
2008/09/15,0,20205000,-27213730,-7008730
2008/09/16,0,37829598,-20980909,16848689
2008/09/17,0,82664437,-61935072,20729365
2008/09/18,0,99694103,-95201319,4492784
2008/09/19,0,113294554,-52299770,60994784
2008/09/22,0,49764000,-26851458,22912542
2008/09/23,0,39643495,-41771701,-2128206
2008/09/24,0,22329097,-29379269,-7050172
2008/09/25,0,26760088,-26115818,644270
2008/09/26,0,52137000,-55101696,-2964696
2008/09/29,0,0,0,0
2008/09/30,0,52935870,-55458705,-2522835
2008/10/01,0,35974776,-34743044,1231732
2008/10/02,0,28068000,-45848950,-17780950
2008/10/03,0,40190000,-50405748,-10215748
2008/10/06,0,25523460,-51896572,-26373112
2008/10/07,0,26682000,-29489868,-2807868
2008/10/08,0,35606000,-71648417,-36042417
2008/10/09,0,37790000,-33553965,4236035
2008/10/10,0,0,0,0
2008/10/13,0,63213579,-63541013,-327434
2008/10/14,0,63188000,-42621202,20566798
2008/10/15,0,40431200,-44683631,-4252431
2008/10/16,0,17169000,-21165588,-3996588
2008/10/17,0,22209864,-42198681,-19988817
2008/10/20,0,31165000,-51519813,-20354813
2008/10/21,0,31653890,-37114284,-5460394
2008/10/22,0,22742000,-26171901,-3429901
2008/10/23,0,18794000,-15116331,3677669
2008/10/24,0,30881000,-26071453,4809547
2008/10/27,0,27838100,-29869675,-2031575
2008/10/28,0,42993000,-55365217,-12372217
2008/10/29,0,75668000,-48301561,27366439
2008/10/30,0,57190000,-25704267,31485733
2008/10/31,0,85969000,-38235377,47733623
2008/11/03,0,57003500,-51155661,5847839
2008/11/04,0,52698000,-25098776,27599224
2008/11/05,0,64091853,-50459154,13632699
2008/11/06,0,24915000,-44953000,-20038000
2008/11/07,0,55579057,-106987566,-51408509
2008/11/10,0,40152000,-36271904,3880096
2008/11/11,0,28297495,-18862509,9434986
2008/11/12,0,42513000,-48380312,-5867312
2008/11/13,0,22869088,-51205568,-28336480
2008/11/14,0,34410000,-35924023,-1514023
2008/11/17,0,28865480,-32893086,-4027606
2008/11/18,0,25516400,-49979781,-24463381
2008/11/19,0,20201000,-42279423,-22078423
2008/11/20,0,16626000,-32710638,-16084638
2008/11/21,0,26368047,-35117651,-8749604
2008/11/24,0,27346300,-40355184,-13008884
2008/11/25,0,70119000,-41597179,28521821
2008/11/26,0,42055996,-42657356,-601360
2008/11/27,0,36138685,-38171872,-2033187
2008/11/28,0,36044128,-34165337,1878791
2008/12/01,0,45768000,-43219001,2548999
2008/12/02,0,36061000,-55645558,-19584558
2008/12/03,0,36697000,-59888187,-23191187
2008/12/04,0,28902368,-44288107,-15385739
2008/12/05,0,29272474,-20214810,9057664
2008/12/08,0,63860000,-54125472,9734528
2008/12/09,0,62129000,-35443957,26685043
2008/12/10,0,87243000,-19996573,67246427
2008/12/11,0,67873895,-25089719,42784176
2008/12/12,0,36738000,-44195050,-7457050
2008/12/15,0,50887213,-25442315,25444898
2008/12/16,0,48697000,-13086897,35610103
2008/12/17,0,77575000,-16886423,60688577
2008/12/18,0,32508000,-35422887,-2914887
2008/12/19,0,29122784,-21652485,7470299
2008/12/22,0,40038000,-31946119,8091881
2008/12/23,0,31342749,-27170952,4171797
2008/12/24,0,21318451,-23937611,-2619160
2008/12/25,0,831000,-2744159,-1913159
2008/12/26,0,3310000,-2553000,757000
2008/12/29,0,11088000,-14016621,-2928621
2008/12/30,0,24108000,-4433000,19675000
2008/12/31,0,11690000,-12381800,-691800
2009/01/01,0,0,0,0
2009/01/02,0,0,0,0
2009/01/05,0,25512000,-9965329,15546671
2009/01/06,0,22912484,-24906557,-1994073
2009/01/07,0,37328000,-44137317,-6809317
2009/01/08,0,32863000,-68031028,-35168028
2009/01/09,0,29413000,-52876947,-23463947
2009/01/12,0,28488187,-34636422,-6148235
2009/01/13,0,45494483,-29142000,16352483
2009/01/14,0,28184252,-27650844,533408
2009/01/15,0,23637000,-62323349,-38686349
2009/01/16,0,18221000,-19035600,-814600
2009/01/19,0,19088000,-30134836,-11046836
2009/01/20,0,31596000,-71653726,-40057726
2009/01/21,0,38930000,-36940143,1989857
2009/01/22,0,0,0,0
2009/01/23,0,0,0,0
2009/01/26,0,0,0,0
2009/01/27,0,0,0,0
2009/01/28,0,0,0,0
2009/01/29,0,0,0,0
2009/01/30,0,0,0,0
2009/02/02,0,98732245,-69803013,28929232
2009/02/03,0,69635000,-56457606,13177394
2009/02/04,0,71483000,-68779314,2703686
2009/02/05,0,59931815,-50507687,9424128
2009/02/06,0,89037819,-42348449,46689370
2009/02/09,0,96071523,-51707614,44363909
2009/02/10,0,37373239,-34860000,2513239
2009/02/11,0,61983004,-46837461,15145543
2009/02/12,0,58073000,-42575667,15497333
2009/02/13,0,40005000,-27909525,12095475
2009/02/16,0,38270386,-41232709,-2962323
2009/02/17,0,24552581,-58822570,-34269989
2009/02/18,0,50355000,-30227831,20127169
2009/02/19,0,54127611,-38781682,15345929
2009/02/20,0,37329346,-76095346,-38766000
2009/02/23,0,48288878,-43212484,5076394
2009/02/24,0,24015775,-48759706,-24743931
2009/02/25,0,40858000,-28469624,12388376
2009/02/26,0,41571067,-41054413,516654
2009/02/27,0,44454500,-45989000,-1534500
2009/03/02,0,39761000,-77085022,-37324022
2009/03/03,0,28280500,-44235900,-15955400
2009/03/04,0,59179954,-42684794,16495160
2009/03/05,0,52994000,-25785911,27208089
2009/03/06,0,70725100,-26445198,44279902
2009/03/09,0,47002000,-40844805,6157195
2009/03/10,0,40833000,-65629977,-24796977
2009/03/11,0,69711910,-25154210,44557700
2009/03/12,0,35734000,-37564920,-1830920
2009/03/13,0,96982275,-65188686,31793589
2009/03/16,0,63790000,-42850294,20939706
2009/03/17,0,48748000,-37222193,11525807
2009/03/18,0,70299521,-55343329,14956192
2009/03/19,0,26862000,-33942743,-7080743
2009/03/20,0,29978371,-40809489,-10831118
2009/03/23,0,40852000,-26814861,14037139
2009/03/24,0,35523100,-17918563,17604537
2009/03/25,0,40140000,-51133373,-10993373
2009/03/26,0,26217000,-39567525,-13350525
2009/03/27,0,37051975,-24984311,12067664
2009/03/30,0,35519000,-26067251,9451749
2009/03/31,0,60459000,-34943641,25515359
2009/04/01,0,14113300,-44907995,-30794695
2009/04/02,0,67704000,-38543544,29160456
2009/04/03,0,63545248,-62147439,1397809
2009/04/06,0,72850180,-68674782,4175398
2009/04/07,0,57262000,-66812428,-9550428
2009/04/08,0,55332000,-92374964,-37042964
2009/04/09,0,77635422,-40341765,37293657
2009/04/10,0,29710000,-7403000,22307000
2009/04/13,0,39844000,-11324000,28520000
2009/04/14,0,44159977,-43189462,970515
2009/04/15,0,39322000,-64979700,-25657700
2009/04/16,0,24468000,-60992688,-36524688
2009/04/17,0,51755026,-85939098,-34184072
2009/04/20,0,61617000,-31179000,30438000
2009/04/21,0,20330142,-45613500,-25283358
2009/04/22,0,18812000,-45398988,-26586988
2009/04/23,0,53235638,-52145638,1090000
2009/04/24,0,40737000,-49542951,-8805951
2009/04/27,0,38649479,-34224637,4424842
2009/04/28,0,35699935,-19990131,15709804
2009/04/29,0,41170005,-14247135,26922870
2009/04/30,0,112450481,-22500304,89950177
2009/05/01,0,0,0,0
2009/05/04,0,106120000,-49398238,56721762
2009/05/05,0,74817361,-41329070,33488291
2009/05/06,0,110694300,-129172640,-18478340
2009/05/07,0,94116000,-84579591,9536409
2009/05/08,0,57219851,-70982610,-13762759
2009/05/11,0,23060913,-55141433,-32080520
2009/05/12,0,48076900,-40972608,7104292
2009/05/13,0,65744286,-63083925,2660361
2009/05/14,0,27759449,-64997389,-37237940
2009/05/15,0,32142550,-39686254,-7543704
2009/05/18,0,29537173,-43939292,-14402119
2009/05/19,0,63450143,-22681344,40768799
2009/05/20,0,25378500,-41771000,-16392500
2009/05/21,0,43486894,-38884000,4602894
2009/05/22,0,43840000,-28644847,15195153
2009/05/25,0,27933376,-24760283,3173093
2009/05/26,0,54279200,-33086132,21193068
2009/05/27,0,157310649,-81038286,76272363
2009/05/28,0,0,0,0
2009/05/29,0,0,0,0
2009/06/01,0,71146920,-56565335,14581585
2009/06/02,0,69523000,-31481331,38041669
2009/06/03,0,66398000,-31914218,34483782
2009/06/04,0,37973000,-69380000,-31407000
2009/06/05,0,31195102,-33624240,-2429138
2009/06/08,0,45003000,-41739000,3264000
2009/06/09,0,58151000,-50138008,8012992
2009/06/10,0,47156000,-20804585,26351415
2009/06/11,0,46277643,-37149000,9128643
2009/06/12,0,22056377,-70841090,-48784713
2009/06/15,0,39845000,-71755479,-31910479
2009/06/16,0,58709443,-58129624,579819
2009/06/17,0,25617000,-73471129,-47854129
2009/06/18,0,50183000,-52195500,-2012500
2009/06/19,0,25290260,-60123949,-34833689
2009/06/22,0,22271000,-30928640,-8657640
2009/06/23,0,17242500,-53340830,-36098330
2009/06/24,0,86216000,-65920556,20295444
2009/06/25,0,40732000,-40121502,610498
2009/06/26,0,50683600,-43438579,7245021
2009/06/29,0,49321600,-46543415,2778185
2009/06/30,0,37371383,-16443570,20927813
2009/07/01,0,36326568,-25612358,10714210
2009/07/02,0,21526550,-22080000,-553450
2009/07/03,0,14858608,-18132625,-3274017
2009/07/06,0,15103000,-26846270,-11743270
2009/07/07,0,25628000,-15107920,10520080
2009/07/08,0,20828000,-52650628,-31822628
2009/07/09,0,37804562,-37537913,266649
2009/07/10,0,25317000,-28924400,-3607400
2009/07/13,0,32762000,-37624754,-4862754
2009/07/14,0,31540000,-27541866,3998134
2009/07/15,0,40850480,-27577778,13272702
2009/07/16,0,34983303,-26848488,8134815
2009/07/17,0,46612177,-50505346,-3893169
2009/07/20,0,60958000,-41562928,19395072
2009/07/21,0,62696662,-50463667,12232995
2009/07/22,0,46755328,-43316017,3439311
2009/07/23,0,56450000,-25961054,30488946
2009/07/24,0,82847500,-44794840,38052660
2009/07/27,0,47242502,-29949756,17292746
2009/07/28,0,38674000,-23497000,15177000
2009/07/29,0,17649066,-19956016,-2306950
2009/07/30,0,40714000,-49996000,-9282000
2009/07/31,0,155330492,-71452005,83878487
2009/08/03,0,51272150,-22528390,28743760
2009/08/04,0,45938000,-27832462,18105538
2009/08/05,0,34378000,-15727183,18650817
2009/08/06,0,40844000,-35569000,5275000
2009/08/07,0,0,0,0
2009/08/10,0,61979384,-28364834,33614550
2009/08/11,0,44545217,-39102565,5442652
2009/08/12,0,34982338,-26752659,8229679
2009/08/13,0,70107000,-33408399,36698601
2009/08/14,0,45130830,-23990064,21140766
2009/08/17,0,32495140,-37384866,-4889726
2009/08/18,0,7534457,-20320737,-12786280
2009/08/19,0,13389329,-13767508,-378179
2009/08/20,0,15281243,-14091570,1189673
2009/08/21,0,11524336,-32914552,-21390216
2009/08/24,0,33441508,-17908037,15533471
2009/08/25,0,29928448,-19754077,10174371
2009/08/26,0,38288299,-17662296,20626003
2009/08/27,0,21264000,-15495606,5768394
2009/08/28,0,45806300,-10843567,34962733
2009/08/31,0,35348385,-34296378,1052007
2009/09/01,0,44211327,-28595968,15615359
2009/09/02,0,30687547,-34794478,-4106931
2009/09/03,0,21329161,-33394553,-12065392
2009/09/04,0,32083000,-30184898,1898102
2009/09/07,0,44790420,-15225849,29564571
2009/09/08,0,41227000,-15989029,25237971
2009/09/09,0,42279513,-26540190,15739323
2009/09/10,0,78901041,-21249154,57651887
2009/09/11,0,28374177,-36595017,-8220840
2009/09/14,0,24004951,-35925613,-11920662
2009/09/15,0,25677418,-26996606,-1319188
2009/09/16,0,20870377,-17865813,3004564
2009/09/17,0,21040381,-26184573,-5144192
2009/09/18,0,38206437,-32285973,5920464
2009/09/21,0,19391000,-24525705,-5134705
2009/09/22,0,20095440,-14448134,5647306
2009/09/23,0,28161040,-26512680,1648360
2009/09/24,0,13838739,-42736334,-28897595
2009/09/25,0,27583501,-32794100,-5210599
2009/09/28,0,16486623,-22087640,-5601017
2009/09/29,0,72813234,-15265309,57547925
2009/09/30,0,93145000,-36890119,56254881
2009/10/01,0,45453294,-23573458,21879836
2009/10/02,0,33208439,-70605102,-37396663
2009/10/05,0,26741353,-67557268,-40815915
2009/10/06,0,42244263,-62086675,-19842412
2009/10/07,0,36798022,-62773388,-25975366
2009/10/08,0,30216000,-71676896,-41460896
2009/10/09,0,34374052,-61613983,-27239931
2009/10/12,0,17141681,-29318395,-12176714
2009/10/13,0,25585640,-32421573,-6835933
2009/10/14,0,64986000,-26261287,38724713
2009/10/15,0,50341000,-23889351,26451649
2009/10/16,0,25296800,-70593788,-45296988
2009/10/19,0,24198050,-93802821,-69604771
2009/10/20,0,52835000,-51866505,968495
2009/10/21,0,29139799,-39247900,-10108101
2009/10/22,0,36396000,-56597107,-20201107
2009/10/23,0,31429840,-33578774,-2148934
2009/10/26,0,28238940,-21808955,6429985
2009/10/27,0,28455600,-44479596,-16023996
2009/10/28,0,26000000,-53204027,-27204027
2009/10/29,0,48871000,-78967887,-30096887
2009/10/30,0,34415460,-47675328,-13259868
2009/11/02,0,14042400,-28238802,-14196402
2009/11/03,0,6299300,-44549593,-38250293
2009/11/04,0,18139189,-54902078,-36762889
2009/11/05,0,27641120,-29865399,-2224279
2009/11/06,0,29154255,-33273129,-4118874
2009/11/09,0,22940685,-23228942,-288257
2009/11/10,0,27420240,-27560895,-140655
2009/11/11,0,49904928,-33625001,16279927
2009/11/12,0,81965442,-67631908,14333534
2009/11/13,0,33613943,-33373311,240632
2009/11/16,0,50068000,-32915075,17152925
2009/11/17,0,49680427,-19249599,30430828
2009/11/18,0,64124720,-33021805,31102915
2009/11/19,0,45725578,-38843061,6882517
2009/11/20,0,20691909,-38657959,-17966050
2009/11/23,0,16499000,-17335500,-836500
2009/11/24,0,18964000,-15605724,3358276
2009/11/25,0,47659652,-36227637,11432015
2009/11/26,0,16443000,-25195484,-8752484
2009/11/27,0,14976000,-79514831,-64538831
2009/11/30,0,24647935,-20139713,4508222
2009/12/01,0,38371000,-50786867,-12415867
2009/12/02,0,24716568,-32725452,-8008884
2009/12/03,0,44120968,-36870774,7250194
2009/12/04,0,17548000,-10746390,6801610
2009/12/07,0,30956726,-6380868,24575858
2009/12/08,0,24779627,-20949829,3829798
2009/12/09,0,26785330,-27234956,-449626
2009/12/10,0,25543000,-40955529,-15412529
2009/12/11,0,30127000,-9677000,20450000
2009/12/14,0,31983338,-22496092,9487246
2009/12/15,0,23867106,-17580132,6286974
2009/12/16,0,25983167,-39905580,-13922413
2009/12/17,0,35675255,-35947283,-272028
2009/12/18,0,19425071,-29804144,-10379073
2009/12/21,0,39651884,-20688159,18963725
2009/12/22,0,26388000,-17621277,8766723
2009/12/23,0,44511068,-18782508,25728560
2009/12/24,0,41321000,-10348034,30972966
2009/12/25,0,7644000,-295000,7349000
2009/12/28,0,26453000,-15758700,10694300
2009/12/29,0,9253000,-17933624,-8680624
2009/12/30,0,35825000,-22623110,13201890
2009/12/31,0,24654000,-1616893,23037107
2010/01/01,0,0,0,0
2010/01/04,0,28364000,-6841909,21522091
2010/01/05,0,13741000,-20997195,-7256195
2010/01/06,0,25824000,-24682936,1141064
2010/01/07,0,33306315,-31447084,1859231
2010/01/08,0,24039111,-30748345,-6709234
2010/01/11,0,20959534,-14069142,6890392
2010/01/12,0,15729711,-44044940,-28315229
2010/01/13,0,22157000,-38661938,-16504938
2010/01/14,0,27968848,-29567573,-1598725
2010/01/15,0,26396772,-36611012,-10214240
2010/01/18,0,16960650,-22142560,-5181910
2010/01/19,0,8027000,-35640680,-27613680
2010/01/20,0,35189000,-31621427,3567573
2010/01/21,0,13429258,-18066801,-4637543
2010/01/22,0,10780000,-47569000,-36789000
2010/01/25,0,22957520,-52311355,-29353835
2010/01/26,0,37511500,-56775858,-19264358
2010/01/27,0,18694000,-39596255,-20902255
2010/01/28,0,19190648,-25304162,-6113514
2010/01/29,0,50894000,-61515672,-10621672
2010/02/01,0,31613538,-74285556,-42672018
2010/02/02,0,35432000,-58051710,-22619710
2010/02/03,0,16457650,-32497879,-16040229
2010/02/04,0,19728000,-40757333,-21029333
2010/02/05,0,15171000,-42475282,-27304282
2010/02/08,0,16165426,-41308620,-25143194
2010/02/09,0,36729220,-32798643,3930577
2010/02/10,0,24373862,-45041346,-20667484
2010/02/11,0,0,0,0
2010/02/12,0,0,0,0
2010/02/15,0,0,0,0
2010/02/16,0,0,0,0
2010/02/17,0,0,0,0
2010/02/18,0,0,0,0
2010/02/19,0,0,0,0
2010/02/22,0,37511937,-35301720,2210217
2010/02/23,0,45367675,-33075392,12292283
2010/02/24,0,34331000,-51735334,-17404334
2010/02/25,0,34679000,-44929973,-10250973
2010/02/26,0,22883221,-21492596,1390625
2010/03/01,0,45082000,-45002634,79366
2010/03/02,0,41721218,-27266767,14454451
2010/03/03,0,28180000,-21579955,6600045
2010/03/04,0,24371618,-43941135,-19569517
2010/03/05,0,53648000,-20544907,33103093
2010/03/08,0,41244000,-9394789,31849211
2010/03/09,0,26079690,-8249719,17829971
2010/03/10,0,23038155,-18102104,4936051
2010/03/11,0,25092000,-17646882,7445118
2010/03/12,0,60418630,-62981783,-2563153
2010/03/15,0,26236000,-32660400,-6424400
2010/03/16,0,14169005,-21027665,-6858660
2010/03/17,0,49040735,-45681592,3359143
2010/03/18,0,50729313,-57236709,-6507396
2010/03/19,0,23441456,-40628759,-17187303
2010/03/22,0,13562182,-41508816,-27946634
2010/03/23,0,33840000,-35316607,-1476607
2010/03/24,0,44241000,-22302420,21938580
2010/03/25,0,52363399,-27239386,25124013
2010/03/26,0,66714000,-36986120,29727880
2010/03/29,0,29199000,-6223000,22976000
2010/03/30,0,26817092,-15547165,11269927
2010/03/31,0,34042669,-29893978,4148691
2010/04/01,0,37699364,-29535236,8164128
2010/04/02,0,15543000,-1418019,14124981
2010/04/05,0,0,0,0
2010/04/06,0,46805000,-14594576,32210424
2010/04/07,0,43382210,-18773018,24609192
2010/04/08,0,31435000,-40176181,-8741181
2010/04/09,0,23289000,-19144891,4144109
2010/04/12,0,31595400,-19857633,11737767
2010/04/13,0,38695000,-20478137,18216863
2010/04/14,0,53057984,-16495886,36562098
2010/04/15,0,63728009,-25193663,38534346
2010/04/16,0,31415880,-39664596,-8248716
2010/04/19,0,58473000,-52936238,5536762
2010/04/20,0,24847075,-29980793,-5133718
2010/04/21,0,20280291,-42198615,-21918324
2010/04/22,0,20382000,-84940726,-64558726
2010/04/23,0,26825600,-36324717,-9499117
2010/04/26,0,52610000,-22892234,29717766
2010/04/27,0,17196000,-7567197,9628803
2010/04/28,0,24002338,-66036860,-42034522
2010/04/29,0,8936000,-37156397,-28220397
2010/04/30,0,35437115,-18631612,16805503
2010/05/03,0,10406000,-18250910,-7844910
2010/05/04,0,11009399,-28394408,-17385009
2010/05/05,0,37561422,-80340477,-42779055
2010/05/06,0,20813289,-43602937,-22789648
2010/05/07,0,27436206,-48012757,-20576551
2010/05/10,0,37357830,-51285397,-13927567
2010/05/11,0,49274000,-53529678,-4255678
2010/05/12,0,14878877,-17137715,-2258838
2010/05/13,0,32156000,-18124797,14031203
2010/05/14,0,27680869,-26770881,909988
2010/05/17,0,24208000,-64500025,-40292025
2010/05/18,0,22765000,-22975160,-210160
2010/05/19,0,19837013,-42235505,-22398492
2010/05/20,0,18369000,-23232500,-4863500
2010/05/21,0,8480317,-17570679,-9090362
2010/05/24,0,13780000,-11298885,2481115
2010/05/25,0,35053959,-34524514,529445
2010/05/26,0,34237370,-37574719,-3337349
2010/05/27,0,27334656,-38461417,-11126761
2010/05/28,0,26849000,-50012001,-23163001
2010/05/31,0,19907980,-7013477,12894503
2010/06/01,0,18317000,-18581000,-264000
2010/06/02,0,24317206,-21917911,2399295
2010/06/03,0,45043716,-19905862,25137854
2010/06/04,0,38528000,-29298402,9229598
2010/06/07,0,29307000,-59397891,-30090891
2010/06/08,0,15934350,-32738222,-16803872
2010/06/09,0,28083000,-34653122,-6570122
2010/06/10,0,25287000,-11825000,13462000
2010/06/11,0,33817230,-22469053,11348177
2010/06/14,0,31697000,-19827386,11869614
2010/06/15,0,30771260,-12340677,18430583
2010/06/16,0,0,0,0
2010/06/17,0,48664308,-29147674,19516634
2010/06/18,0,41033000,-11464243,29568757
2010/06/21,0,62011000,-21590438,40420562
2010/06/22,0,24520796,-22119945,2400851
2010/06/23,0,21788000,-27332434,-5544434
2010/06/24,0,21155516,-25129752,-3974236
2010/06/25,0,11199000,-24164069,-12965069
2010/06/28,0,9153749,-16991749,-7838000
2010/06/29,0,23637000,-36364762,-12727762
2010/06/30,0,22135904,-51485019,-29349115
2010/07/01,0,11736000,-59269362,-47533362
2010/07/02,0,30838000,-53965011,-23127011
2010/07/05,0,45611000,-33394885,12216115
2010/07/06,0,33514091,-38331875,-4817784
2010/07/07,0,40859356,-45999817,-5140461
2010/07/08,0,42818000,-23292969,19525031
2010/07/09,0,30205323,-23121879,7083444
2010/07/12,0,34814051,-34670368,143683
2010/07/13,0,28611000,-30621486,-2010486
2010/07/14,0,50911270,-38651246,12260024
2010/07/15,0,33216725,-27952349,5264376
2010/07/16,0,21111485,-11105752,10005733
2010/07/19,0,54249000,-21057526,33191474
2010/07/20,0,47524480,-16525508,30998972
2010/07/21,0,36504000,-12261887,24242113
2010/07/22,0,41713985,-13416048,28297937
2010/07/23,0,51393230,-12869340,38523890
2010/07/26,0,18589480,-12519411,6070069
2010/07/27,0,11972946,-9014818,2958128
2010/07/28,0,23210000,-4674403,18535597
2010/07/29,0,35498860,-19274988,16223872
2010/07/30,0,15882408,-31515616,-15633208
2010/08/02,0,38689500,-24751101,13938399
2010/08/03,0,19102000,-22417976,-3315976
2010/08/04,0,22062000,-21203887,858113
2010/08/05,0,15803000,-12703510,3099490
2010/08/06,0,21040000,-56697247,-35657247
2010/08/09,0,30377000,-51960261,-21583261
2010/08/10,0,44295000,-52321809,-8026809
2010/08/11,0,17860000,-22818959,-4958959
2010/08/12,0,29274055,-62548907,-33274852
2010/08/13,0,27113238,-57551725,-30438487
2010/08/16,0,19521076,-31148413,-11627337
2010/08/17,0,12282003,-29349969,-17067966
2010/08/18,0,16551728,-35505001,-18953273
2010/08/19,0,19469000,-37372920,-17903920
2010/08/20,0,12778000,-24717063,-11939063
2010/08/23,0,16786938,-13072061,3714877
2010/08/24,0,14847720,-27573921,-12726201
2010/08/25,0,16793290,-62260780,-45467490
2010/08/26,0,16625990,-28090466,-11464476
2010/08/27,0,15395000,-41847739,-26452739
2010/08/30,0,20354736,-17190000,3164736
2010/08/31,0,52742333,-69896297,-17153964
2010/09/01,0,31656266,-31722325,-66059
2010/09/02,0,22609000,-16276152,6332848
2010/09/03,0,21517000,-29218699,-7701699
2010/09/06,0,24082152,-8772946,15309206
2010/09/07,0,16266660,-10878189,5388471
2010/09/08,0,32618907,-58114434,-25495527
2010/09/09,0,15032203,-16090358,-1058155
2010/09/10,0,12611930,-28368000,-15756070
2010/09/13,0,71500000,-46062102,25437898
2010/09/14,0,30328000,-16888000,13440000
2010/09/15,0,28061027,-23685110,4375917
2010/09/16,0,15905000,-17274962,-1369962
2010/09/17,0,43797000,-18699000,25098000
2010/09/20,0,61333715,-10209052,51124663
2010/09/21,0,24899000,-11721470,13177530
2010/09/22,0,0,0,0
2010/09/23,0,39415004,-100169344,-60754340
2010/09/24,0,29080190,-46179622,-17099432
2010/09/27,0,52196990,-45286648,6910342
2010/09/28,0,41342910,-27626474,13716436
2010/09/29,0,72896000,-42077340,30818660
2010/09/30,0,47403000,-22411598,24991402
2010/10/01,0,35522919,-19020521,16502398
2010/10/04,0,20612731,-10943305,9669426
2010/10/05,0,18643021,-25403424,-6760403
2010/10/06,0,32401776,-18877757,13524019
2010/10/07,0,25822230,-37177150,-11354920
2010/10/08,0,54004850,-50708866,3295984
2010/10/11,0,22305878,-20796685,1509193
2010/10/12,0,13934389,-23767760,-9833371
2010/10/13,0,21157440,-25630695,-4473255
2010/10/14,0,44185220,-26352284,17832936
2010/10/15,0,27630870,-19170693,8460177
2010/10/18,0,9211000,-29539235,-20328235
2010/10/19,0,17668000,-32971939,-15303939
2010/10/20,0,25467000,-28189095,-2722095
2010/10/21,0,36828875,-31974756,4854119
2010/10/22,0,38386828,-25944000,12442828
2010/10/25,0,28983200,-9332676,19650524
2010/10/26,0,20518502,-16585041,3933461
2010/10/27,0,14673500,-15369329,-695829
2010/10/28,0,41483634,-30744662,10738972
2010/10/29,0,39014000,-37331965,1682035
2010/11/01,0,55156400,-41879118,13277282
2010/11/02,0,12810000,-9858405,2951595
2010/11/03,0,33654000,-11554710,22099290
2010/11/04,0,20371332,-15429928,4941404
2010/11/05,0,28760000,-18864549,9895451
2010/11/08,0,8512000,-13881572,-5369572
2010/11/09,0,17806000,-12447452,5358548
2010/11/10,0,32440904,-22549060,9891844
2010/11/11,0,17615000,-21840285,-4225285
2010/11/12,0,13204000,-23756092,-10552092
2010/11/15,0,24650374,-13139398,11510976
2010/11/16,0,44227000,-21972693,22254307
2010/11/17,0,34433000,-38275002,-3842002
2010/11/18,0,9686000,-28512148,-18826148
2010/11/19,0,12961430,-16530548,-3569118
2010/11/22,0,14995737,-3608264,11387473
2010/11/23,0,20043540,-18484164,1559376
2010/11/24,0,22426000,-11879814,10546186
2010/11/25,0,25647000,-8537352,17109648
2010/11/26,0,22941027,-22388314,552713
2010/11/29,0,21503000,-22926226,-1423226
2010/11/30,0,39438446,-61465115,-22026669
2010/12/01,0,30952417,-39653994,-8701577
2010/12/02,0,34179474,-30155135,4024339
2010/12/03,0,67458707,-40380850,27077857
2010/12/06,0,33754000,-20752070,13001930
2010/12/07,0,44013130,-34379070,9634060
2010/12/08,0,33612487,-23160065,10452422
2010/12/09,0,49832000,-29597540,20234460
2010/12/10,0,19342370,-8927657,10414713
2010/12/13,0,21030008,-16740054,4289954
2010/12/14,0,43617213,-35011649,8605564
2010/12/15,0,38169500,-24372851,13796649
2010/12/16,0,34014638,-20089255,13925383
2010/12/17,0,44689251,-46928934,-2239683
2010/12/20,0,31225160,-50313513,-19088353
2010/12/21,0,18764000,-23746813,-4982813
2010/12/22,0,12820838,-12268188,552650
2010/12/23,0,12081000,-22635594,-10554594
2010/12/24,0,12371000,-13193000,-822000
2010/12/27,0,10420000,-20563000,-10143000
2010/12/28,0,15465000,-30048299,-14583299
2010/12/29,0,10704680,-30210000,-19505320
2010/12/30,0,30417000,-40654421,-10237421
2010/12/31,0,17054000,-53153056,-36099056
2011/01/03,0,17349100,-18420050,-1070950
2011/01/04,0,14100600,-20842910,-6742310
2011/01/05,0,14259807,-31389922,-17130115
2011/01/06,0,17092000,-19324701,-2232701
2011/01/07,0,76166713,-38298339,37868374
2011/01/10,0,45944500,-15197777,30746723
2011/01/11,0,60478000,-26698104,33779896
2011/01/12,0,43370000,-16240162,27129838
2011/01/13,0,17410063,-20902800,-3492737
2011/01/14,0,21953000,-13079611,8873389
2011/01/17,0,30036756,-7362054,22674702
2011/01/18,0,38741000,-13999954,24741046
2011/01/19,0,50763000,-39961074,10801926
2011/01/20,0,14229836,-25839605,-11609769
2011/01/21,0,33701000,-64131001,-30430001
2011/01/24,0,26343000,-27282963,-939963
2011/01/25,0,34696000,-41213098,-6517098
2011/01/26,0,37926000,-55379605,-17453605
2011/01/27,0,34660500,-51743922,-17083422
2011/01/28,0,50389959,-65725503,-15335544
2011/01/31,0,0,0,0
2011/02/01,0,0,0,0
2011/02/02,0,0,0,0
2011/02/03,0,0,0,0
2011/02/04,0,0,0,0
2011/02/07,0,0,0,0
2011/02/08,0,68031414,-89397563,-21366149
2011/02/09,0,32554736,-63084547,-30529811
2011/02/10,0,28031100,-68664310,-40633210
2011/02/11,0,42389000,-91492658,-49103658
2011/02/14,0,22013021,-46291669,-24278648
2011/02/15,0,17044857,-36774079,-19729222
2011/02/16,0,22389821,-41021780,-18631959
2011/02/17,0,29641000,-34816267,-5175267
2011/02/18,0,55323000,-44050259,11272741
2011/02/21,0,25022000,-22530457,2491543
2011/02/22,0,26800000,-47757474,-20957474
2011/02/23,0,24370000,-42171552,-17801552
2011/02/24,0,14128063,-47092050,-32963987
2011/02/25,0,26097000,-53005138,-26908138
2011/02/28,0,0,0,0
2011/03/01,0,48180223,-72084862,-23904639
2011/03/02,0,16908063,-37791906,-20883843
2011/03/03,0,33505300,-39937831,-6432531
2011/03/04,0,37156587,-34452800,2703787
2011/03/07,0,17477000,-17009000,468000
2011/03/08,0,43373643,-38468960,4904683
2011/03/09,0,37586196,-30931618,6654578
2011/03/10,0,27350000,-37882166,-10532166
2011/03/11,0,24696908,-38219721,-13522813
2011/03/14,0,18853000,-23497448,-4644448
2011/03/15,0,38572691,-73811510,-35238819
2011/03/16,0,26959000,-42910243,-15951243
2011/03/17,0,28518000,-78924889,-50406889
2011/03/18,0,19116000,-35820695,-16704695
2011/03/21,0,21431324,-19623373,1807951
2011/03/22,0,14076273,-26703200,-12626927
2011/03/23,0,19389375,-22155930,-2766555
2011/03/24,0,27513000,-27003250,509750
2011/03/25,0,38890888,-18113610,20777278
2011/03/28,0,21019203,-16853419,4165784
2011/03/29,0,28692950,-23819692,4873258
2011/03/30,0,38481262,-53516553,-15035291
2011/03/31,0,34618027,-37528298,-2910271
2011/04/01,0,25423706,-21116415,4307291
2011/04/04,0,0,0,0
2011/04/05,0,0,0,0
2011/04/06,0,93514466,-58913728,34600738
2011/04/07,0,29872566,-17702504,12170062
2011/04/08,0,60571551,-29249379,31322172
2011/04/11,0,41568149,-49085453,-7517304
2011/04/12,0,19356510,-25191241,-5834731
2011/04/13,0,17444000,-14610510,2833490
2011/04/14,0,19232381,-47638879,-28406498
2011/04/15,0,25572652,-44071167,-18498515
2011/04/18,0,10265000,-18653169,-8388169
2011/04/19,0,10578696,-33211000,-22632304
2011/04/20,0,38137689,-33299562,4838127
2011/04/21,0,39952523,-18076834,21875689
2011/04/22,0,18340298,-10433009,7907289
2011/04/25,0,8276000,-13355000,-5079000
2011/04/26,0,12811487,-20501028,-7689541
2011/04/27,0,41911400,-9739588,32171812
2011/04/28,0,67579235,-11426734,56152501
2011/04/29,0,72932402,-18989120,53943282
2011/05/02,0,0,0,0
2011/05/03,0,71774671,-14151007,57623664
2011/05/04,0,34239656,-24887975,9351681
2011/05/05,0,32569601,-9055269,23514332
2011/05/06,0,40907534,-15109666,25797868
2011/05/09,0,51730400,-25837118,25893282
2011/05/10,0,31362932,-20796655,10566277
2011/05/11,0,38781200,-19534056,19247144
2011/05/12,0,49785699,-25946585,23839114
2011/05/13,0,25164318,-19675333,5488985
2011/05/16,0,24767533,-24653993,113540
2011/05/17,0,27090500,-23322227,3768273
2011/05/18,0,14979000,-19423904,-4444904
2011/05/19,0,42108399,-35573399,6535000
2011/05/20,0,22879000,-18684361,4194639
2011/05/23,0,22463000,-28168482,-5705482
2011/05/24,0,20896000,-15685055,5210945
2011/05/25,0,30726696,-48728142,-18001446
2011/05/26,0,21282177,-24559384,-3277207
2011/05/27,0,30977000,-44294354,-13317354
2011/05/30,0,24142000,-22253763,1888237
2011/05/31,0,52920000,-26026676,26893324
2011/06/01,0,30603107,-14427312,16175795
2011/06/02,0,43963000,-38248270,5714730
2011/06/03,0,24167000,-21961725,2205275
2011/06/06,0,0,0,0
2011/06/07,0,27607702,-18083934,9523768
2011/06/08,0,18839000,-11874679,6964321
2011/06/09,0,25571680,-23287934,2283746
2011/06/10,0,27796372,-40165523,-12369151
2011/06/13,0,41890361,-63328087,-21437726
2011/06/14,0,41442000,-40025407,1416593
2011/06/15,0,82151825,-60063275,22088550
2011/06/16,0,45589062,-48767820,-3178758
2011/06/17,0,63691700,-80531730,-16840030
2011/06/20,0,19068000,-19593503,-525503
2011/06/21,0,33787499,-25612516,8174983
2011/06/22,0,32030000,-37013000,-4983000
2011/06/23,0,40654531,-39202476,1452055
2011/06/24,0,45375242,-52525099,-7149857
2011/06/27,0,31909080,-41216041,-9306961
2011/06/28,0,40489473,-70710195,-30220722
2011/06/29,0,59032400,-43474619,15557781
2011/06/30,0,39287000,-32059592,7227408
2011/07/01,0,25563006,-19600000,5963006
2011/07/04,0,32784054,-17725568,15058486
2011/07/05,0,26333348,-22671579,3661769
2011/07/06,0,27230626,-28697750,-1467124
2011/07/07,0,25602074,-37857659,-12255585
2011/07/08,0,48133597,-17549064,30584533
2011/07/11,0,23335597,-38259070,-14923473
2011/07/12,0,20872160,-29019477,-8147317
2011/07/13,0,59246529,-32537497,26709032
2011/07/14,0,15183796,-48750000,-33566204
2011/07/15,0,24793134,-82094777,-57301643
2011/07/18,0,15540218,-31023000,-15482782
2011/07/19,0,11452000,-38747227,-27295227
2011/07/20,0,42478743,-17119838,25358905
2011/07/21,0,18504109,-17324059,1180050
2011/07/22,0,24133776,-10274120,13859656
2011/07/25,0,31554763,-12331090,19223673
2011/07/26,0,44710271,-17609119,27101152
2011/07/27,0,36559795,-26063500,10496295
2011/07/28,0,29134883,-22693462,6441421
2011/07/29,0,41490811,-47987263,-6496452
2011/08/01,0,36211785,-24911750,11300035
2011/08/02,0,23484796,-27140481,-3655685
2011/08/03,0,17968936,-24430525,-6461589
2011/08/04,0,26909943,-30280722,-3370779
2011/08/05,0,24606453,-62879751,-38273298
2011/08/08,0,27314416,-72468216,-45153800
2011/08/09,0,22745331,-89598724,-66853393
2011/08/10,0,50857570,-87704479,-36846909
2011/08/11,0,31727690,-33316036,-1588346
2011/08/12,0,38413000,-51193158,-12780158
2011/08/15,0,33705381,-27317614,6387767
2011/08/16,0,26540000,-30800299,-4260299
2011/08/17,0,27144588,-28528592,-1384004
2011/08/18,0,31684359,-56220751,-24536392
2011/08/19,0,32708965,-24857209,7851756
2011/08/22,0,30997713,-22401446,8596267
2011/08/23,0,34258000,-17384046,16873954
2011/08/24,0,37872159,-34469536,3402623
2011/08/25,0,25044673,-19723241,5321432
2011/08/26,0,32134947,-21310893,10824054
2011/08/29,0,23747000,-9721222,14025778
2011/08/30,0,20341509,-22311933,-1970424
2011/08/31,0,27911659,-30497717,-2586058
2011/09/01,0,37631947,-24001827,13630120
2011/09/02,0,17945650,-36802863,-18857213
2011/09/05,0,26956100,-38382053,-11425953
2011/09/06,0,25202502,-31311754,-6109252
2011/09/07,0,25565621,-15245029,10320592
2011/09/08,0,26339173,-24579151,1760022
2011/09/09,0,29374452,-15537229,13837223
2011/09/12,0,0,0,0
2011/09/13,0,16827963,-22511595,-5683632
2011/09/14,0,36033867,-40311650,-4277783
2011/09/15,0,33127138,-19266672,13860466
2011/09/16,0,59578830,-17948070,41630760
2011/09/19,0,21661388,-13561000,8100388
2011/09/20,0,31872784,-27735992,4136792
2011/09/21,0,47242355,-15198303,32044052
2011/09/22,0,20490415,-46851110,-26360695
2011/09/23,0,44144138,-68234683,-24090545
2011/09/26,0,33615221,-42867945,-9252724
2011/09/27,0,40066688,-18003147,22063541
2011/09/28,0,41294985,-26571379,14723606
2011/09/29,0,33504886,-18545100,14959786
2011/09/30,0,46709000,-42469490,4239510
2011/10/03,0,15916561,-28409977,-12493416
2011/10/04,0,25999000,-16539164,9459836
2011/10/05,0,26537000,-32714711,-6177711
2011/10/06,0,44115000,-50820482,-6705482
2011/10/07,0,40636900,-36990000,3646900
2011/10/10,0,0,0,0
2011/10/11,0,51132598,-35303030,15829568
2011/10/12,0,38082139,-23876954,14205185
2011/10/13,0,44725112,-25991290,18733822
2011/10/14,0,34874279,-13193579,21680700
2011/10/17,0,35831256,-10660000,25171256
2011/10/18,0,20239965,-18645103,1594862
2011/10/19,0,24173017,-15152481,9020536
2011/10/20,0,13539599,-18277080,-4737481
2011/10/21,0,12974768,-7557024,5417744
2011/10/24,0,45662449,-7667414,37995035
2011/10/25,0,25788306,-26453221,-664915
2011/10/26,0,19050000,-6765362,12284638
2011/10/27,0,31552000,-19958975,11593025
2011/10/28,0,79154500,-29577011,49577489
2011/10/31,0,42562000,-17604000,24958000
2011/11/01,0,33372000,-11792922,21579078
2011/11/02,0,24961000,-19453206,5507794
2011/11/03,0,29945000,-31436837,-1491837
2011/11/04,0,48191344,-15536000,32655344
2011/11/07,0,23244225,-6464000,16780225
2011/11/08,0,16062497,-10304548,5757949
2011/11/09,0,18495791,-12487616,6008175
2011/11/10,0,35245472,-40438770,-5193298
2011/11/11,0,17588000,-18307900,-719900
2011/11/14,0,52812635,-6956000,45856635
2011/11/15,0,33396050,-10379397,23016653
2011/11/16,0,34678950,-17013995,17664955
2011/11/17,0,25941255,-18778147,7163108
2011/11/18,0,42133671,-46348307,-4214636
2011/11/21,0,12551993,-14615162,-2063169
2011/11/22,0,37724000,-19898128,17825872
2011/11/23,0,32145404,-34993719,-2848315
2011/11/24,0,29192870,-35725893,-6533023
2011/11/25,0,20128000,-28531465,-8403465
2011/11/28,0,16303748,-14862420,1441328
2011/11/29,0,35655920,-26568416,9087504
2011/11/30,0,48419100,-32745005,15674095
2011/12/01,0,65944547,-12046729,53897818
2011/12/02,0,30209000,-14646129,15562871
2011/12/05,0,27640692,-11893881,15746811
2011/12/06,0,38154600,-27613039,10541561
2011/12/07,0,36133875,-10446000,25687875
2011/12/08,0,26748000,-20151690,6596310
2011/12/09,0,21364633,-26945651,-5581018
2011/12/12,0,21457515,-16961000,4496515
2011/12/13,0,26805734,-20633251,6172483
2011/12/14,0,22224000,-23048960,-824960
2011/12/15,0,13792000,-28789419,-14997419
2011/12/16,0,15699000,-15387887,311113
2011/12/19,0,16060825,-14458703,1602122
2011/12/20,0,19006000,-17990656,1015344
2011/12/21,0,39424481,-19084435,20340046
2011/12/22,0,12954000,-20437000,-7483000
2011/12/23,0,23197968,-20910999,2286969
2011/12/26,0,2773000,-2138000,635000
2011/12/27,0,9751000,-3252000,6499000
2011/12/28,0,11831000,-6231406,5599594
2011/12/29,0,19762032,-4407000,15355032
2011/12/30,0,18715000,-9977751,8737249
2012/01/02,0,6779020,-4296840,2482180
2012/01/03,0,12679000,-1517932,11161068
2012/01/04,0,19452017,-17799703,1652314
2012/01/05,0,17676021,-8752715,8923306
2012/01/06,0,11945929,-16816238,-4870309
2012/01/09,0,12637000,-11614530,1022470
2012/01/10,0,47987138,-14949306,33037832
2012/01/11,0,32646000,-23215191,9430809
2012/01/12,0,34489000,-9898000,24591000
2012/01/13,0,42078000,-10123000,31955000
2012/01/16,0,10403102,-19708694,-9305592
2012/01/17,0,31165000,-23441349,7723651
2012/01/18,0,49258920,-25600238,23658682
2012/01/19,0,0,0,0
2012/01/20,0,0,0,0
2012/01/23,0,0,0,0
2012/01/24,0,0,0,0
2012/01/25,0,0,0,0
2012/01/26,0,0,0,0
2012/01/27,0,0,0,0
2012/01/30,0,136400447,-90989676,45410771
2012/01/31,0,71810831,-62955709,8855122
2012/02/01,0,31016000,-26880866,4135134
2012/02/02,0,37215189,-26180463,11034726
2012/02/03,0,16704000,-37118265,-20414265
2012/02/06,0,40941022,-22167001,18774021
2012/02/07,0,26533000,-18234471,8298529
2012/02/08,0,22220700,-18652002,3568698
2012/02/09,0,53709144,-47041027,6668117
2012/02/10,0,35988461,-23500477,12487984
2012/02/13,0,20880000,-19523612,1356388
2012/02/14,0,26900768,-11998706,14902062
2012/02/15,0,50843700,-24690000,26153700
2012/02/16,0,44117000,-22167014,21949986
2012/02/17,0,56943000,-26100000,30843000
2012/02/20,0,17453390,-12502421,4950969
2012/02/21,0,20247359,-9133776,11113583
2012/02/22,0,28828055,-19723562,9104493
2012/02/23,0,29232628,-43321107,-14088479
2012/02/24,0,28140451,-26893332,1247119
2012/02/27,0,0,0,0
2012/02/28,0,0,0,0
2012/02/29,0,70613482,-30671730,39941752
2012/03/01,0,17401129,-13935092,3466037
2012/03/02,0,12089543,-16924268,-4834725
2012/03/05,0,9366000,-11031000,-1665000
2012/03/06,0,18843000,-18719960,123040
2012/03/07,0,26251000,-22407701,3843299
2012/03/08,0,31005000,-24206734,6798266
2012/03/09,0,15450862,-12924000,2526862
2012/03/12,0,27898000,-11738778,16159222
2012/03/13,0,44457203,-9879161,34578042
2012/03/14,0,42140516,-15444068,26696448
2012/03/15,0,23966668,-13035954,10930714
2012/03/16,0,18627229,-15949490,2677739
2012/03/19,0,30695000,-11815144,18879856
2012/03/20,0,22931000,-10869761,12061239
2012/03/21,0,53078442,-35068473,18009969
2012/03/22,0,31463000,-10703267,20759733
2012/03/23,0,26245000,-8900496,17344504
2012/03/26,0,32253215,-52683410,-20430195
2012/03/27,0,32982000,-10984276,21997724
2012/03/28,0,21580000,-16754304,4825696
2012/03/29,0,34523371,-37218105,-2694734
2012/03/30,0,30128746,-37253908,-7125162
2012/04/02,0,20059700,-14830370,5229330
2012/04/03,0,22128627,-20122071,2006556
2012/04/04,0,0,0,0
2012/04/05,0,30077032,-40193209,-10116177
2012/04/06,0,15457456,-29704457,-14247001
2012/04/09,0,5121000,-18855000,-13734000
2012/04/10,0,14496000,-26044304,-11548304
2012/04/11,0,18669279,-30733498,-12064219
2012/04/12,0,20847548,-33238148,-12390600
2012/04/13,0,33979797,-19768238,14211559
2012/04/16,0,12127669,-12814600,-686931
2012/04/17,0,19217875,-22809716,-3591841
2012/04/18,0,20105633,-18353300,1752333
2012/04/19,0,20480080,-16417070,4063010
2012/04/20,0,18501721,-18845326,-343605
2012/04/23,0,11856803,-10636807,1219996
2012/04/24,0,28076088,-22207236,5868852
2012/04/25,0,41951000,-45397660,-3446660
2012/04/26,0,11848600,-14848112,-2999512
2012/04/27,0,92245100,-57012469,35232631
2012/04/30,0,37541600,-20968210,16573390
2012/05/01,0,0,0,0
2012/05/02,0,38841300,-32897643,5943657
2012/05/03,0,19686790,-12947290,6739500
2012/05/04,0,22497836,-34115841,-11618005
2012/05/07,0,17362889,-40872998,-23510109
2012/05/08,0,14859000,-39342370,-24483370
2012/05/09,0,20271000,-34700290,-14429290
2012/05/10,0,20819000,-19733581,1085419
2012/05/11,0,16150090,-25241120,-9091030
2012/05/14,0,10816000,-10808000,8000
2012/05/15,0,21732813,-23841498,-2108685
2012/05/16,0,28142815,-57587794,-29444979
2012/05/17,0,25934694,-18105636,7829058
2012/05/18,0,18633796,-50324544,-31690748
2012/05/21,0,13565000,-22759529,-9194529
2012/05/22,0,15034727,-29618260,-14583533
2012/05/23,0,12753613,-47889351,-35135738
2012/05/24,0,15895598,-21924688,-6029090
2012/05/25,0,11674000,-21120105,-9446105
2012/05/28,0,18200462,-18013083,187379
2012/05/29,0,23194000,-24501441,-1307441
2012/05/30,0,51764600,-60367192,-8602592
2012/05/31,0,65960401,-59944388,6016013
2012/06/01,0,24691100,-50185629,-25494529
2012/06/04,0,29137000,-44988734,-15851734
2012/06/05,0,19402000,-24997614,-5595614
2012/06/06,0,13563191,-27814717,-14251526
2012/06/07,0,41424993,-27237600,14187393
2012/06/08,0,15097226,-30998085,-15900859
2012/06/11,0,32928000,-23232000,9696000
2012/06/12,0,28325000,-32588000,-4263000
2012/06/13,0,25166000,-25010920,155080
2012/06/14,0,20676000,-27433231,-6757231
2012/06/15,0,69288000,-84566630,-15278630
2012/06/18,0,22508800,-10244751,12264049
2012/06/19,0,20428668,-22888675,-2460007
2012/06/20,0,29709403,-20402513,9306890
2012/06/21,0,16267658,-23381979,-7114321
2012/06/22,0,22074933,-24595000,-2520067
2012/06/25,0,17282000,-34225373,-16943373
2012/06/26,0,12537000,-32346638,-19809638
2012/06/27,0,20717768,-26628480,-5910712
2012/06/28,0,25657469,-20778014,4879455
2012/06/29,0,36640000,-33185956,3454044
2012/07/02,0,27807140,-30091381,-2284241
2012/07/03,0,30878718,-12591342,18287376
2012/07/04,0,11639565,-10906860,732705
2012/07/05,0,17819000,-6102988,11716012
2012/07/06,0,30118000,-20072441,10045559
2012/07/09,0,30437900,-40975300,-10537400
2012/07/10,0,15747000,-30222995,-14475995
2012/07/11,0,23597000,-51978192,-28381192
2012/07/12,0,18411187,-56612062,-38200875
2012/07/13,0,21691383,-40637285,-18945902
2012/07/16,0,23220095,-37215930,-13995835
2012/07/17,0,19939600,-44084977,-24145377
2012/07/18,0,13265149,-28367452,-15102303
2012/07/19,0,47991000,-23611060,24379940
2012/07/20,0,30668000,-40770755,-10102755
2012/07/23,0,15811000,-45673750,-29862750
2012/07/24,0,20076274,-33124761,-13048487
2012/07/25,0,48267620,-63425733,-15158113
2012/07/26,0,39328000,-23872771,15455229
2012/07/27,0,61871340,-20579445,41291895
2012/07/30,0,44709452,-22593781,22115671
2012/07/31,0,60000001,-32959989,27040012
2012/08/01,0,29946000,-36993589,-7047589
2012/08/02,0,0,0,0
2012/08/03,0,42079053,-34858422,7220631
2012/08/06,0,50707000,-32233896,18473104
2012/08/07,0,37329434,-15841925,21487509
2012/08/08,0,31002033,-26101673,4900360
2012/08/09,0,45502360,-13189863,32312497
2012/08/10,0,22027100,-16795000,5232100
2012/08/13,0,21136000,-7907635,13228365
2012/08/14,0,28119092,-9937342,18181750
2012/08/15,0,23988173,-16064000,7924173
2012/08/16,0,24697000,-12981843,11715157
2012/08/17,0,23105000,-24762608,-1657608
2012/08/20,0,22619000,-14179253,8439747
2012/08/21,0,30867310,-5134563,25732747
2012/08/22,0,18925407,-28559200,-9633793
2012/08/23,0,19742872,-15440491,4302381
2012/08/24,0,18560000,-21721641,-3161641
2012/08/27,0,22897000,-9740809,13156191
2012/08/28,0,25689745,-20982895,4706850
2012/08/29,0,16065000,-11358337,4706663
2012/08/30,0,41486000,-38338106,3147894
2012/08/31,0,10470500,-7552902,2917598
2012/09/03,0,11175283,-7943400,3231883
2012/09/04,0,16366600,-10988316,5378284
2012/09/05,0,18480000,-37317000,-18837000
2012/09/06,0,10637000,-20595400,-9958400
2012/09/07,0,35307500,-6206514,29100986
2012/09/10,0,18505807,-17482909,1022898
2012/09/11,0,23610200,-8565703,15044497
2012/09/12,0,31336000,-24517353,6818647
2012/09/13,0,27502000,-11451571,16050429
2012/09/14,0,35526170,-10116356,25409814
2012/09/17,0,21001000,-12057519,8943481
2012/09/18,0,26613000,-22534433,4078567
2012/09/19,0,30608500,-24129150,6479350
2012/09/20,0,21164230,-14578910,6585320
2012/09/21,0,42084000,-25265046,16818954
2012/09/24,0,24673816,-14721279,9952537
2012/09/25,0,33140000,-25320281,7819719
2012/09/26,0,33409200,-20841000,12568200
2012/09/27,0,48331454,-21636611,26694843
2012/09/28,0,59270300,-32082045,27188255
2012/10/01,0,32232601,-24320667,7911934
2012/10/02,0,31331200,-24548380,6782820
2012/10/03,0,30978031,-22728587,8249444
2012/10/04,0,31309000,-14073074,17235926
2012/10/05,0,36475266,-23322837,13152429
2012/10/08,0,31055924,-29879805,1176119
2012/10/09,0,41891000,-47079662,-5188662
2012/10/10,0,0,0,0
2012/10/11,0,43717791,-67318108,-23600317
2012/10/12,0,18860000,-13443600,5416400
2012/10/15,0,14962007,-12119526,2842481
2012/10/16,0,22513000,-21430469,1082531
2012/10/17,0,24685000,-27729123,-3044123
2012/10/18,0,20102000,-12251000,7851000
2012/10/19,0,18873000,-18249961,623039
2012/10/22,0,13856000,-15408100,-1552100
2012/10/23,0,12016778,-12161533,-144755
2012/10/24,0,20564100,-23744823,-3180723
2012/10/25,0,20376352,-32862000,-12485648
2012/10/26,0,48126000,-28821448,19304552
2012/10/29,0,27565983,-18367000,9198983
2012/10/30,0,18312463,-17904362,408101
2012/10/31,0,21035000,-16627504,4407496
2012/11/01,0,27879000,-22328994,5550006
2012/11/02,0,33660120,-21007000,12653120
2012/11/05,0,26607000,-16131415,10475585
2012/11/06,0,22033000,-17386511,4646489
2012/11/07,0,17225000,-11402686,5822314
2012/11/08,0,30380721,-31851574,-1470853
2012/11/09,0,33300000,-26328000,6972000
2012/11/12,0,23444002,-13775700,9668302
2012/11/13,0,25119000,-35288549,-10169549
2012/11/14,0,23256527,-23832077,-575550
2012/11/15,0,15645000,-15754890,-109890
2012/11/16,0,28726000,-29245000,-519000
2012/11/19,0,19569221,-18991825,577396
2012/11/20,0,18072000,-17884592,187408
2012/11/21,0,22807000,-23465234,-658234
2012/11/22,0,12600000,-9037731,3562269
2012/11/23,0,39728700,-18772721,20955979
2012/11/26,0,26496000,-24979184,1516816
2012/11/27,0,31532200,-30477661,1054539
2012/11/28,0,45240800,-55062116,-9821316
2012/11/29,0,49147000,-38489419,10657581
2012/11/30,0,58616650,-51268871,7347779
2012/12/03,0,29226286,-33878279,-4651993
2012/12/04,0,18404076,-35004982,-16600906
2012/12/05,0,34777440,-40346475,-5569035
2012/12/06,0,26822089,-23300068,3522021
2012/12/07,0,24087000,-16003205,8083795
2012/12/10,0,20344000,-24700877,-4356877
2012/12/11,0,33307133,-24306907,9000226
2012/12/12,0,34600000,-33434656,1165344
2012/12/13,0,31619111,-27476668,4142443
2012/12/14,0,25499654,-22716295,2783359
2012/12/17,0,30469260,-39249565,-8780305
2012/12/18,0,23498000,-29706837,-6208837
2012/12/19,0,22754849,-18949406,3805443
2012/12/20,0,21687000,-23505921,-1818921
2012/12/21,0,19126000,-25923927,-6797927
2012/12/24,0,10772000,-7091309,3680691
2012/12/25,0,9226000,-1700000,7526000
2012/12/26,0,7248000,-2387000,4861000
2012/12/27,0,15609000,-12214346,3394654
2012/12/28,0,18198000,-8819517,9378483
2012/12/31,0,0,0,0
2013/01/01,0,0,0,0
2013/01/02,0,22484489,-8625316,13859173
2013/01/03,0,32303100,-17347912,14955188
2013/01/04,0,33581806,-24337195,9244611
2013/01/07,0,26613000,-26952300,-339300
2013/01/08,0,16628200,-15087374,1540826
2013/01/09,0,16348023,-10594316,5753707
2013/01/10,0,30684000,-27766853,2917147
2013/01/11,0,18831186,-10635515,8195671
2013/01/14,0,19081000,-10716350,8364650
2013/01/15,0,26503958,-27884661,-1380703
2013/01/16,0,24600054,-24029840,570214
2013/01/17,0,30502500,-28912733,1589767
2013/01/18,0,42034278,-20184000,21850278
2013/01/21,0,10863700,-12231817,-1368117
2013/01/22,0,18759000,-15376144,3382856
2013/01/23,0,28841000,-23924717,4916283
2013/01/24,0,23209130,-34795226,-11586096
2013/01/25,0,29776410,-40988523,-11212113
2013/01/28,0,20373000,-24455000,-4082000
2013/01/29,0,28873900,-18836424,10037476
2013/01/30,0,26626677,-16473684,10152993
2013/01/31,0,38165744,-37758248,407496
2013/02/01,0,22116126,-18066272,4049854
2013/02/04,0,31299000,-16660672,14638328
2013/02/05,0,13254000,-9299025,3954975
2013/02/06,0,27512333,-12025604,15486729
2013/02/07,0,0,0,0
2013/02/08,0,0,0,0
2013/02/11,0,0,0,0
2013/02/12,0,0,0,0
2013/02/13,0,0,0,0
2013/02/14,0,0,0,0
2013/02/15,0,0,0,0
2013/02/18,0,57660600,-38638413,19022187
2013/02/19,0,16813000,-12053866,4759134
2013/02/20,0,36414295,-22776688,13637607
2013/02/21,0,26165042,-24032974,2132068
2013/02/22,0,22165000,-35973961,-13808961
2013/02/25,0,25151000,-29236375,-4085375
2013/02/26,0,19485000,-28264665,-8779665
2013/02/27,0,36511958,-63218367,-26706409
2013/02/28,0,0,0,0
2013/03/01,0,24173500,-27303560,-3130060
2013/03/04,0,26640200,-46764000,-20123800
2013/03/05,0,46530666,-43036674,3493992
2013/03/06,0,33701642,-29780531,3921111
2013/03/07,0,15121600,-14218966,902634
2013/03/08,0,36098100,-27388375,8709725
2013/03/11,0,20489000,-27564113,-7075113
2013/03/12,0,21646385,-18670062,2976323
2013/03/13,0,50713000,-41194183,9518817
2013/03/14,0,22627800,-26008336,-3380536
2013/03/15,0,21338244,-28450955,-7112711
2013/03/18,0,11971000,-38735855,-26764855
2013/03/19,0,16753000,-42771603,-26018603
2013/03/20,0,23986586,-56627727,-32641141
2013/03/21,0,21982930,-50181799,-28198869
2013/03/22,0,12341000,-35107077,-22766077
2013/03/25,0,16990000,-13559895,3430105
2013/03/26,0,14581749,-23509905,-8928156
2013/03/27,0,20269000,-20099374,169626
2013/03/28,0,18962995,-24480344,-5517349
2013/03/29,0,13477000,-13009306,467694
2013/04/01,0,10740060,-8945000,1795060
2013/04/02,0,13627300,-20167060,-6539760
2013/04/03,0,20627682,-23412617,-2784935
2013/04/04,0,0,0,0
2013/04/05,0,0,0,0
2013/04/08,0,37478980,-53306944,-15827964
2013/04/09,0,16017671,-39278217,-23260546
2013/04/10,0,22518723,-34704937,-12186214
2013/04/11,0,42652292,-39732374,2919918
2013/04/12,0,15140000,-14880565,259435
2013/04/15,0,14837846,-18298300,-3460454
2013/04/16,0,26345098,-28525427,-2180329
2013/04/17,0,31222000,-30446996,775004
2013/04/18,0,23297000,-27942054,-4645054
2013/04/19,0,34804000,-17785895,17018105
2013/04/22,0,57421000,-39552000,17869000
2013/04/23,0,34513000,-36318175,-1805175
2013/04/24,0,23776000,-24756785,-980785
2013/04/25,0,18790000,-11384502,7405498
2013/04/26,0,31537000,-13197700,18339300
2013/04/29,0,18007000,-10854150,7152850
2013/04/30,0,30762044,-19227249,11534795
2013/05/01,0,0,0,0
2013/05/02,0,35052262,-16950720,18101542
2013/05/03,0,29338735,-23087758,6250977
2013/05/06,0,17494806,-8125447,9369359
2013/05/07,0,20309500,-10754736,9554764
2013/05/08,0,37784407,-20923209,16861198
2013/05/09,0,21034804,-12639529,8395275
2013/05/10,0,23920569,-12432139,11488430
2013/05/13,0,15756600,-4253384,11503216
2013/05/14,0,24513009,-6748810,17764199
2013/05/15,0,22004000,-19929533,2074467
2013/05/16,0,32527734,-37294324,-4766590
2013/05/17,0,14069000,-9965151,4103849
2013/05/20,0,13711686,-10759662,2952024
2013/05/21,0,10970604,-11415081,-444477
2013/05/22,0,24943360,-29835971,-4892611
2013/05/23,0,19485540,-35437923,-15952383
2013/05/24,0,10116776,-14183638,-4066862
2013/05/27,0,9516564,-11430900,-1914336
2013/05/28,0,7231000,-20008900,-12777900
2013/05/29,0,13441425,-12143066,1298359
2013/05/30,0,25770000,-32189000,-6419000
2013/05/31,0,29046250,-33641841,-4595591
2013/06/03,0,13642000,-29138677,-15496677
2013/06/04,0,24182000,-20257013,3924987
2013/06/05,0,22248087,-20555684,1692403
2013/06/06,0,20610462,-29200724,-8590262
2013/06/07,0,20544000,-23775606,-3231606
2013/06/10,0,8281000,-18155277,-9874277
2013/06/11,0,25778000,-33125381,-7347381
2013/06/12,0,0,0,0
2013/06/13,0,26605968,-54480117,-27874149
2013/06/14,0,32333000,-29369184,2963816
2013/06/17,0,13258000,-19100810,-5842810
2013/06/18,0,18891540,-23013983,-4122443
2013/06/19,0,8575000,-19685840,-11110840
2013/06/20,0,14370000,-24919915,-10549915
2013/06/21,0,21513947,-28007700,-6493753
2013/06/24,0,23152000,-48480355,-25328355
2013/06/25,0,19543000,-27242539,-7699539
2013/06/26,0,37771000,-47284604,-9513604
2013/06/27,0,32756000,-34679311,-1923311
2013/06/28,0,50187282,-41923686,8263596
2013/07/01,0,25849906,-39462311,-13612405
2013/07/02,0,15004385,-24297788,-9293403
2013/07/03,0,23517961,-19505700,4012261
2013/07/04,0,17024000,-13478009,3545991
2013/07/05,0,22332000,-12708400,9623600
2013/07/08,0,16888000,-28259000,-11371000
2013/07/09,0,26129290,-30119500,-3990210
2013/07/10,0,15799000,-15092850,706150
2013/07/11,0,48521138,-26332936,22188202
2013/07/12,0,28307000,-13189000,15118000
2013/07/15,0,28133442,-16786618,11346824
2013/07/16,0,26520000,-25084672,1435328
2013/07/17,0,36351462,-24257489,12093973
2013/07/18,0,38475000,-41621821,-3146821
2013/07/19,0,44620100,-95292556,-50672456
2013/07/22,0,39280726,-73161877,-33881151
2013/07/23,0,56057595,-60691471,-4633876
2013/07/24,0,40130400,-39518000,612400
2013/07/25,0,26679320,-25162900,1516420
2013/07/26,0,21607230,-26142620,-4535390
2013/07/29,0,21923250,-32944837,-11021587
2013/07/30,0,25535000,-26622000,-1087000
2013/07/31,0,29188543,-28839789,348754
2013/08/01,0,20945033,-28393971,-7448938
2013/08/02,0,23240553,-20648421,2592132
2013/08/05,0,14907238,-17834000,-2926762
2013/08/06,0,17268086,-36998700,-19730614
2013/08/07,0,15935000,-39035660,-23100660
2013/08/08,0,14847139,-46908473,-32061334
2013/08/09,0,23121002,-37549400,-14428398
2013/08/12,0,14285240,-27793050,-13507810
2013/08/13,0,19643500,-27324975,-7681475
2013/08/14,0,24069244,-35826548,-11757304
2013/08/15,0,17393000,-36486800,-19093800
2013/08/16,0,22639319,-25778448,-3139129
2013/08/19,0,22194124,-46532799,-24338675
2013/08/20,0,16363107,-30029180,-13666073
2013/08/21,0,0,0,0
2013/08/22,0,38287501,-46383309,-8095808
2013/08/23,0,24338000,-26797503,-2459503
2013/08/26,0,9066600,-11909820,-2843220
2013/08/27,0,15924000,-18954353,-3030353
2013/08/28,0,28492000,-20154983,8337017
2013/08/29,0,46301475,-32504524,13796951
2013/08/30,0,33319815,-14637545,18682270
2013/09/02,0,26967000,-7156819,19810181
2013/09/03,0,27524367,-12751755,14772612
2013/09/04,0,17570000,-18636900,-1066900
2013/09/05,0,26124465,-29555826,-3431361
2013/09/06,0,22010198,-16118455,5891743
2013/09/09,0,28113677,-18291000,9822677
2013/09/10,0,33838000,-14315000,19523000
2013/09/11,0,37393000,-23136827,14256173
2013/09/12,0,30161155,-21076716,9084439
2013/09/13,0,20381000,-18205743,2175257
2013/09/16,0,36780000,-8988038,27791962
2013/09/17,0,23232395,-15875811,7356584
2013/09/18,0,27702018,-27952829,-250811
2013/09/19,0,0,0,0
2013/09/20,0,0,0,0
2013/09/23,0,52873336,-43344711,9528625
2013/09/24,0,26356000,-19555910,6800090
2013/09/25,0,28047000,-24139798,3907202
2013/09/26,0,17718876,-13790468,3928408
2013/09/27,0,23233000,-16822096,6410904
2013/09/30,0,20398000,-37507109,-17109109
2013/10/01,0,15087881,-18449103,-3361222
2013/10/02,0,13064763,-7956693,5108070
2013/10/03,0,44124778,-18914936,25209842
2013/10/04,0,15192600,-18781600,-3589000
2013/10/07,0,17526927,-21570500,-4043573
2013/10/08,0,31263709,-26184339,5079370
2013/10/09,0,22552268,-19758292,2793976
2013/10/10,0,0,0,0
2013/10/11,0,47889203,-40048652,7840551
2013/10/14,0,11760404,-8082323,3678081
2013/10/15,0,16464000,-8565000,7899000
2013/10/16,0,15565581,-7411488,8154093
2013/10/17,0,21843000,-13901011,7941989
2013/10/18,0,51655293,-12495000,39160293
2013/10/21,0,37613795,-24192000,13421795
2013/10/22,0,35615303,-18045548,17569755
2013/10/23,0,20309000,-13041645,7267355
2013/10/24,0,15459552,-9494959,5964593
2013/10/25,0,19406000,-24739263,-5333263
2013/10/28,0,16675000,-8364386,8310614
2013/10/29,0,18098100,-14565531,3532569
2013/10/30,0,12950000,-7128000,5822000
2013/10/31,0,20307411,-18565056,1742355
2013/11/01,0,9183988,-4826235,4357753
2013/11/04,0,7566000,-6065143,1500857
2013/11/05,0,7757200,-16418316,-8661116
2013/11/06,0,9983795,-8413752,1570043
2013/11/07,0,9690518,-10314432,-623914
2013/11/08,0,15679000,-24735081,-9056081
2013/11/11,0,4941000,-17582987,-12641987
2013/11/12,0,18318000,-19140500,-822500
2013/11/13,0,10284530,-23323000,-13038470
2013/11/14,0,15259650,-25133828,-9874178
2013/11/15,0,7241000,-17987630,-10746630
2013/11/18,0,17880111,-20521786,-2641675
2013/11/19,0,14291822,-27143304,-12851482
2013/11/20,0,10563450,-43758081,-33194631
2013/11/21,0,27227333,-51862743,-24635410
2013/11/22,0,24573000,-53216474,-28643474
2013/11/25,0,14492970,-26323243,-11830273
2013/11/26,0,35003100,-30203406,4799694
2013/11/27,0,17169848,-12203589,4966259
2013/11/28,0,16591100,-9410207,7180893
2013/11/29,0,26194468,-17681926,8512542
2013/12/02,0,10940031,-7493395,3446636
2013/12/03,0,13794928,-20395048,-6600120
2013/12/04,0,16167800,-11468308,4699492
2013/12/05,0,11381000,-21975714,-10594714
2013/12/06,0,15154000,-19892000,-4738000
2013/12/09,0,18217531,-10615822,7601709
2013/12/10,0,16648397,-16164174,484223
2013/12/11,0,21609623,-14078126,7531497
2013/12/12,0,7494000,-14818876,-7324876
2013/12/13,0,8124437,-23244754,-15120317
2013/12/16,0,7223000,-12463932,-5240932
2013/12/17,0,18854000,-16949412,1904588
2013/12/18,0,30227038,-60030543,-29803505
2013/12/19,0,10561334,-22215694,-11654360
2013/12/20,0,17587026,-29283325,-11696299
2013/12/23,0,13322763,-14679814,-1357051
2013/12/24,0,1777140,-9647828,-7870688
2013/12/25,0,1585000,-4794000,-3209000
2013/12/26,0,297000,-765000,-468000
2013/12/27,0,10944000,-14931157,-3987157
2013/12/30,0,23958000,-15254342,8703658
2013/12/31,0,14110000,-10256531,3853469
2014/01/02,0,6295375,-11079966,-4784591
2014/01/03,0,8347560,-32569828,-24222268
2014/01/06,0,7910700,-21125375,-13214675
2014/01/07,0,12082380,-15095108,-3012728
2014/01/08,0,21892513,-17880290,4012223
2014/01/09,0,13358429,-45281491,-31923062
2014/01/10,0,10542566,-29559834,-19017268
2014/01/13,0,11818060,-15148489,-3330429
2014/01/14,0,8515000,-14244555,-5729555
2014/01/15,0,25677400,-17550858,8126542
2014/01/16,0,22525000,-12542182,9982818
2014/01/17,0,47441637,-21437258,26004379
2014/01/20,0,15276164,-9535154,5741010
2014/01/21,0,18461510,-13386236,5075274
2014/01/22,0,21262000,-17764561,3497439
2014/01/23,0,22601296,-16205172,6396124
2014/01/24,0,27318460,-24942211,2376249
2014/01/27,0,29920000,-58912011,-28992011
2014/02/05,0,50262809,-142112472,-91849663
2014/02/06,0,35250200,-61938551,-26688351
2014/02/07,0,20278020,-32900330,-12622310
2014/02/10,0,8326000,-20854076,-12528076
2014/02/11,0,12814610,-12250686,563924
2014/02/12,0,18600000,-15090389,3509611
2014/02/13,0,16337000,-7355158,8981842
2014/02/14,0,33378000,-10742371,22635629
2014/02/17,0,30277900,-9523020,20754880
2014/02/18,0,18718000,-6280402,12437598
2014/02/19,0,26665700,-10182136,16483564
2014/02/20,0,21640751,-15477043,6163708
2014/02/21,0,29505000,-9762525,19742475
2014/02/24,0,27445000,-11762738,15682262
2014/02/25,0,30293160,-12021143,18272017
2014/02/26,0,30790000,-16287925,14502075
2014/02/27,0,40750679,-27417073,13333606
2014/03/03,0,49236360,-44229035,5007325
2014/03/04,0,33704100,-32954379,749721
2014/03/05,0,27164575,-22201188,4963387
2014/03/06,0,46606140,-28317543,18288597
2014/03/07,0,49248000,-24537862,24710138
2014/03/10,0,19498000,-23182584,-3684584
2014/03/11,0,9104700,-11792545,-2687845
2014/03/12,0,10246000,-8708205,1537795
2014/03/13,0,51020000,-25734285,25285715
2014/03/14,0,34913760,-29596865,5316895
2014/03/17,0,18192000,-14345221,3846779
2014/03/18,0,29519000,-15863779,13655221
2014/03/19,0,27894000,-15034021,12859979
2014/03/20,0,26604000,-24476069,2127931
2014/03/21,0,49168928,-23881656,25287272
2014/03/24,0,20397980,-8324852,12073128
2014/03/25,0,13704600,-8223670,5480930
2014/03/26,0,34702000,-19880253,14821747
2014/03/27,0,25153000,-11626301,13526699
2014/03/28,0,33034160,-7141856,25892304
2014/03/31,0,42502423,-19584600,22917823
2014/04/01,0,36116767,-13632083,22484684
2014/04/02,0,35790630,-16612334,19178296
2014/04/03,0,28360000,-23791160,4568840
2014/04/07,0,39193150,-32336165,6856985
2014/04/08,0,28125718,-22841780,5283938
2014/04/09,0,22341000,-17146839,5194161
2014/04/10,0,18666420,-19559605,-893185
2014/04/11,0,19445520,-20219003,-773483
2014/04/14,0,22626930,-17921759,4705171
2014/04/15,0,13873226,-16826411,-2953185
2014/04/16,0,30990685,-40087102,-9096417
2014/04/17,0,12105500,-30226000,-18120500
2014/04/18,0,14878000,-4689013,10188987
2014/04/21,0,10987000,-16265500,-5278500
2014/04/22,0,17151000,-22119597,-4968597
2014/04/23,0,22996100,-25897900,-2901800
2014/04/24,0,17889580,-17875627,13953
2014/04/25,0,25465883,-21582612,3883271
2014/04/28,0,18571505,-15369638,3201867
2014/04/29,0,16529000,-14108806,2420194
2014/04/30,0,18305990,-35098454,-16792464
2014/05/02,0,25574600,-38354565,-12779965
2014/05/05,0,10301502,-22316900,-12015398
2014/05/06,0,7166000,-21531600,-14365600
2014/05/07,0,19511100,-26265280,-6754180
2014/05/08,0,21598000,-22715046,-1117046
2014/05/09,0,16401200,-17038487,-637287
2014/05/12,0,26021038,-26458819,-437781
2014/05/13,0,21982000,-7704213,14277787
2014/05/14,0,29779000,-11596770,18182230
2014/05/15,0,8840900,-11658980,-2818080
2014/05/16,0,21753000,-12751930,9001070
2014/05/19,0,13640000,-10928792,2711208
2014/05/20,0,13873000,-13832756,40244
2014/05/21,0,15334000,-15181605,152395
2014/05/22,0,17279000,-14543418,2735582
2014/05/23,0,20613224,-23525713,-2912489
2014/05/26,0,8792000,-6177719,2614281
2014/05/27,0,5756000,-10423300,-4667300
2014/05/28,0,23774935,-14039296,9735639
2014/05/29,0,23139000,-12831431,10307569
2014/05/30,0,37719000,-48952893,-11233893
2014/06/03,0,29421000,-20235000,9186000
2014/06/04,0,30056746,-9906719,20150027
2014/06/05,0,8630082,-11916580,-3286498
2014/06/06,0,9789000,-12134953,-2345953
2014/06/09,0,11020000,-12396496,-1376496
2014/06/10,0,19558418,-12358995,7199423
2014/06/11,0,23327742,-14400695,8927047
2014/06/12,0,15531742,-16889933,-1358191
2014/06/13,0,12082746,-14451497,-2368751
2014/06/16,0,10510315,-9022783,1487532
2014/06/17,0,17434000,-10785103,6648897
2014/06/18,0,34944000,-19889000,15055000
2014/06/19,0,20628163,-19950245,677918
2014/06/20,0,23236233,-23975520,-739287
2014/06/23,0,13455000,-14702555,-1247555
2014/06/24,0,19073770,-20246253,-1172483
2014/06/25,0,13128407,-7985417,5142990
2014/06/26,0,21450029,-17258000,4192029
2014/06/27,0,28994000,-19399242,9594758
2014/06/30,0,26222638,-24252940,1969698
2014/07/01,0,16535818,-21354449,-4818631
2014/07/02,0,26558342,-14631226,11927116
2014/07/03,0,15025100,-26715677,-11690577
2014/07/04,0,11470000,-30369795,-18899795
2014/07/07,0,15182785,-19069727,-3886942
2014/07/08,0,12082746,-19924981,-7842235
2014/07/09,0,14386670,-30332938,-15946268
2014/07/10,0,18416075,-45204000,-26787925
2014/07/11,0,20148001,-18034393,2113608
2014/07/14,0,18148000,-32320997,-14172997
2014/07/15,0,26879098,-30027552,-3148454
2014/07/16,0,21795792,-33873977,-12078185
2014/07/17,0,39460453,-109647224,-70186771
2014/07/18,0,47569000,-82478281,-34909281
2014/07/21,0,26824000,-51584807,-24760807
2014/07/22,0,31190000,-45651400,-14461400
2014/07/23,0,0,0,0
2014/07/24,0,42028176,-57985417,-15957241
2014/07/25,0,9537000,-24586677,-15049677
2014/07/28,0,24010000,-37302000,-13292000
2014/07/29,0,35456000,-26395660,9060340
2014/07/30,0,24147000,-24434607,-287607
2014/07/31,0,15723000,-38400809,-22677809
2014/08/01,0,33682769,-54201711,-20518942
2014/08/04,0,28640600,-30821242,-2180642
2014/08/05,0,22744000,-56544921,-33800921
2014/08/06,0,25700600,-26181700,-481100
2014/08/07,0,18073783,-22941328,-4867545
2014/08/08,0,17281052,-31174598,-13893546
2014/08/11,0,13840055,-34196053,-20355998
2014/08/12,0,13398403,-23857354,-10458951
2014/08/13,0,18417933,-30147606,-11729673
2014/08/14,0,16211000,-20904740,-4693740
2014/08/15,0,11101491,-10726000,375491
2014/08/18,0,7719060,-11029045,-3309985
2014/08/19,0,22763625,-20538422,2225203
2014/08/20,0,17845594,-14000129,3845465
2014/08/21,0,14389000,-15000125,-611125
2014/08/22,0,34720876,-31241330,3479546
2014/08/25,0,13472392,-12392540,1079852
2014/08/26,0,15745688,-26372713,-10627025
2014/08/27,0,23736450,-31293786,-7557336
2014/08/28,0,10688685,-17506400,-6817715
2014/08/29,0,19987367,-24162331,-4174964
2014/09/01,0,25654000,-8864059,16789941
2014/09/02,0,8942000,-11557100,-2615100
2014/09/03,0,19607666,-14982874,4624792
2014/09/04,0,13274359,-14053726,-779367
2014/09/05,0,11388000,-11010503,377497
2014/09/09,0,17693295,-18856634,-1163339
2014/09/10,0,10196832,-23278600,-13081768
2014/09/11,0,19126045,-19045045,81000
2014/09/12,0,8242373,-14482464,-6240091
2014/09/15,0,10995513,-15178759,-4183246
2014/09/16,0,4613724,-16975000,-12361276
2014/09/17,0,12019500,-17682953,-5663453
2014/09/18,0,11104426,-11177804,-73378
2014/09/19,0,24909877,-25168767,-258890
2014/09/22,0,14148030,-35009160,-20861130
2014/09/23,0,10489000,-12489653,-2000653
2014/09/24,0,22827050,-21995232,831818
2014/09/25,0,16426493,-14049136,2377357
2014/09/26,0,15586251,-15823456,-237205
2014/09/29,0,37206668,-51309407,-14102739
2014/09/30,0,34165955,-42520288,-8354333
2014/10/01,0,26640096,-36885808,-10245712
2014/10/02,0,21463600,-23629888,-2166288
2014/10/03,0,38907421,-26325500,12581921
2014/10/06,0,33659952,-23990372,9669580
2014/10/07,0,34892200,-28534404,6357796
2014/10/08,0,15320670,-27357000,-12036330
2014/10/09,0,20140080,-24014592,-3874512
2014/10/13,0,33393000,-56142751,-22749751
2014/10/14,0,18424788,-27242000,-8817212
2014/10/15,0,39170501,-39566083,-395582
2014/10/16,0,24742000,-28236775,-3494775
2014/10/17,0,78717000,-58074071,20642929
2014/10/20,0,33849793,-22297211,11552582
2014/10/21,0,20427869,-20727459,-299590
2014/10/22,0,56405787,-10325469,46080318
2014/10/23,0,22017557,-17964500,4053057
2014/10/24,0,26996000,-33802912,-6806912
2014/10/27,0,20830000,-11840875,8989125
2014/10/28,0,30233200,-12065198,18168002
2014/10/29,0,31111369,-15128000,15983369
2014/10/30,0,28088300,-16077601,12010699
2014/10/31,0,37207054,-22323035,14884019
2014/11/03,0,39554214,-14870813,24683401
2014/11/04,0,30003000,-11714200,18288800
2014/11/05,0,21204161,-9934000,11270161
2014/11/06,0,25281500,-10073321,15208179
2014/11/07,0,13824101,-9528704,4295397
2014/11/10,0,38711800,-9850000,28861800
2014/11/11,0,16312000,-9637210,6674790
2014/11/12,0,19144447,-17517913,1626534
2014/11/13,0,21882771,-8500000,13382771
2014/11/14,0,20940292,-10010700,10929592
2014/11/17,0,17602000,-17355540,246460
2014/11/18,0,33613372,-33022641,590731
2014/11/19,0,65885894,-26204462,39681432
2014/11/20,0,38123000,-14353719,23769281
2014/11/21,0,25861490,-18347300,7514190
2014/11/24,0,24100000,-18886200,5213800
2014/11/25,0,35319739,-32803920,2515819
2014/11/26,0,18610730,-15163000,3447730
2014/11/27,0,18289600,-8999092,9290508
2014/11/28,0,31389500,-20825644,10563856
2014/12/01,0,35804576,-38515962,-2711386
2014/12/02,0,41403000,-36229624,5173376
2014/12/03,0,25469752,-33216128,-7746376
2014/12/04,0,23864000,-15764739,8099261
2014/12/05,0,16985928,-24425028,-7439100
2014/12/08,0,14681000,-13640837,1040163
2014/12/09,0,26721938,-19559295,7162643
2014/12/10,0,17991244,-33455475,-15464231
2014/12/11,0,26115821,-33205062,-7089241
2014/12/12,0,17615697,-28258431,-10642734
2014/12/15,0,35015712,-23579940,11435772
2014/12/16,0,17293000,-37489291,-20196291
2014/12/17,0,40447000,-78420663,-37973663
2014/12/18,0,23971972,-44988300,-21016328
2014/12/19,0,30947904,-13822489,17125415
2014/12/22,0,26502000,-13520442,12981558
2014/12/23,0,11065000,-9693500,1371500
2014/12/24,0,10283000,-7102000,3181000
2014/12/25,0,2216000,-2195000,21000
2014/12/26,0,8518000,-1394000,7124000
2014/12/29,0,30217000,-8217582,21999418
2014/12/30,0,15242478,-12811505,2430973
2014/12/31,0,12855000,-7774400,5080600
2015/01/01,0,0,0,0
2015/01/02,0,0,0,0
2015/01/05,0,18957906,-15272571,3685335
2015/01/06,0,12723462,-49800543,-37077081
2015/01/07,0,26695305,-25170656,1524649
2015/01/08,0,26602770,-18806147,7796623
2015/01/09,0,13413000,-45439292,-32026292
2015/01/12,0,7498013,-17857639,-10359626
2015/01/13,0,19287435,-27365981,-8078546
2015/01/14,0,17065000,-41858520,-24793520
2015/01/15,0,26074000,-25996729,77271
2015/01/16,0,83994739,-71195656,12799083
2015/01/19,0,43445000,-14349900,29095100
2015/01/20,0,22769000,-12685785,10083215
2015/01/21,0,69681910,-15804166,53877744
2015/01/22,0,35197739,-17730546,17467193
2015/01/23,0,67624322,-14238889,53385433
2015/01/26,0,41700000,-18976083,22723917
2015/01/27,0,48076544,-15298958,32777586
2015/01/28,0,42778050,-23471124,19306926
2015/01/29,0,21621000,-23133754,-1512754
2015/01/30,0,26886000,-37055677,-10169677
2015/02/02,0,24971303,-20017780,4953523
2015/02/03,0,21996000,-16519849,5476151
2015/02/04,0,35166315,-27694283,7472032
2015/02/05,0,14608000,-20198308,-5590308
2015/02/06,0,19566000,-20843000,-1277000
2015/02/09,0,17438352,-20245277,-2806925
2015/02/10,0,28614303,-26898373,1715930
2015/02/11,0,57713667,-31746962,25966705
2015/02/12,0,26086000,-14941821,11144179
2015/02/13,0,27348400,-16638982,10709418
2015/02/16,0,0,0,0
2015/02/17,0,0,0,0
2015/02/18,0,0,0,0
2015/02/19,0,0,0,0
2015/02/20,0,0,0,0
2015/02/23,0,0,0,0
2015/02/24,0,64063231,-52715102,11348129
2015/02/25,0,40492478,-18325419,22167059
2015/02/26,0,42609000,-34196637,8412363
2015/02/27,0,0,0,0
2015/03/02,0,24653251,-32267748,-7614497
2015/03/03,0,17948629,-17096346,852283
2015/03/04,0,23545000,-20780656,2764344
2015/03/05,0,19468000,-17055175,2412825
2015/03/06,0,19298303,-26316760,-7018457
2015/03/09,0,14987567,-53421586,-38434019
2015/03/10,0,9355224,-41278219,-31922995
2015/03/11,0,25167867,-35860500,-10692633
2015/03/12,0,16141512,-19351753,-3210241
2015/03/13,0,27361462,-33295692,-5934230
2015/03/16,0,20744324,-31437903,-10693579
2015/03/17,0,42559660,-34420000,8139660
2015/03/18,0,50908568,-28868191,22040377
2015/03/19,0,30273000,-26503635,3769365
2015/03/20,0,31381040,-31239677,141363
2015/03/23,0,21396376,-14656870,6739506
2015/03/24,0,24774547,-28432052,-3657505
2015/03/25,0,37658825,-43763670,-6104845
2015/03/26,0,83925000,-151775692,-67850692
2015/03/27,0,37270706,-105498172,-68227466
2015/03/30,0,23894477,-59020071,-35125594
2015/03/31,0,26724000,-45063404,-18339404
2015/04/01,0,15318158,-28778570,-13460412
2015/04/02,0,36344927,-32384850,3960077
2015/04/03,0,0,0,0
2015/04/06,0,0,0,0
2015/04/07,0,19688158,-24877022,-5188864
2015/04/08,0,29336200,-40987840,-11651640
2015/04/09,0,27606535,-34656070,-7049535
2015/04/10,0,20179000,-16422838,3756162
2015/04/13,0,10105100,-19487140,-9382040
2015/04/14,0,10382200,-33736911,-23354711
2015/04/15,0,17248000,-57579399,-40331399
2015/04/16,0,37938000,-26689294,11248706
2015/04/17,0,30610073,-66342568,-35732495
2015/04/20,0,26616387,-35487426,-8871039
2015/04/21,0,27845601,-36217755,-8372154
2015/04/22,0,30717485,-30092716,624769
2015/04/23,0,34075300,-18605367,15469933
2015/04/24,0,124714921,-35897995,88816926
2015/04/27,0,45362000,-19687202,25674798
2015/04/28,0,33593800,-20360935,13232865
2015/04/29,0,21081000,-22746484,-1665484
2015/04/30,0,27266706,-41756289,-14489583
2015/05/01,0,0,0,0
2015/05/04,0,21464283,-23882421,-2418138
2015/05/05,0,18641804,-23984500,-5342696
2015/05/06,0,8723000,-13512238,-4789238
2015/05/07,0,13792873,-15651882,-1859009
2015/05/08,0,13386224,-13578282,-192058
2015/05/11,0,14995000,-10535999,4459001
2015/05/12,0,20049175,-21229345,-1180170
2015/05/13,0,14107227,-12447722,1659505
2015/05/14,0,27280000,-31735333,-4455333
2015/05/15,0,16085260,-14001392,2083868
2015/05/18,0,19046000,-19986000,-940000
2015/05/19,0,15650224,-16543196,-892972
2015/05/20,0,20219507,-20055300,164207
2015/05/21,0,23861100,-30468382,-6607282
2015/05/22,0,7810000,-16478901,-8668901
2015/05/25,0,7969000,-7663000,306000
2015/05/26,0,11033855,-10157264,876591
2015/05/27,0,9514758,-21429057,-11914299
2015/05/28,0,28160894,-26687365,1473529
2015/05/29,0,52414254,-59042367,-6628113
2015/06/01,0,9722200,-26927000,-17204800
2015/06/02,0,17119968,-22967000,-5847032
2015/06/03,0,20738000,-21880009,-1142009
2015/06/04,0,26405000,-49248600,-22843600
2015/06/05,0,16716522,-30107553,-13391031
2015/06/08,0,11225000,-39997642,-28772642
2015/06/09,0,16160557,-24282048,-8121491
2015/06/10,0,15221770,-29675000,-14453230
2015/06/11,0,28918300,-30473400,-1555100
2015/06/12,0,17352462,-26872000,-9519538
2015/06/15,0,10187000,-19490000,-9303000
2015/06/16,0,13978254,-24652649,-10674395
2015/06/17,0,20677000,-27257782,-6580782
2015/06/18,0,14716719,-25796653,-11079934
2015/06/19,0,0,0,0
2015/06/22,0,15033639,-23364990,-8331351
2015/06/23,0,23377000,-21292990,2084010
2015/06/24,0,14502213,-13146317,1355896
2015/06/25,0,36963451,-17333000,19630451
2015/06/26,0,19078572,-7362172,11716400
2015/06/29,0,9418300,-28610832,-19192532
2015/06/30,0,26385037,-26452350,-67313
2015/07/01,0,19874616,-25562785,-5688169
2015/07/02,0,19020804,-19016020,4784
2015/07/03,0,11356464,-10153000,1203464
2015/07/06,0,10059808,-16206000,-6146192
2015/07/07,0,19188000,-21157872,-1969872
2015/07/08,0,29196275,-40712393,-11516118
2015/07/09,0,19733141,-42000121,-22266980
2015/07/10,0,0,0,0
2015/07/13,0,21637497,-28857700,-7220203
2015/07/14,0,19793000,-20616027,-823027
2015/07/15,0,16553000,-17664964,-1111964
2015/07/16,0,17340181,-26408586,-9068405
2015/07/17,0,41110800,-18237684,22873116
2015/07/20,0,22325637,-15300189,7025448
2015/07/21,0,17024300,-11670500,5353800
2015/07/22,0,19472644,-23334363,-3861719
2015/07/23,0,19530203,-33732477,-14202274
2015/07/24,0,26726477,-30140772,-3414295
2015/07/27,0,17706298,-36834500,-19128202
2015/07/28,0,15122711,-29502300,-14379589
2015/07/29,0,27859000,-20457535,7401465
2015/07/30,0,32466894,-20089000,12377894
2015/07/31,0,35091163,-28757565,6333598
2015/08/03,0,13876576,-29292528,-15415952
2015/08/04,0,14911397,-16644690,-1733293
2015/08/05,0,12836475,-26106134,-13269659
2015/08/06,0,26716000,-27246181,-530181
2015/08/07,0,11091000,-19211717,-8120717
2015/08/10,0,22162700,-29298340,-7135640
2015/08/11,0,53677643,-31395246,22282397
2015/08/12,0,23555200,-33578700,-10023500
2015/08/13,0,32148600,-30277914,1870686
2015/08/14,0,23863000,-28170600,-4307600
2015/08/17,0,28081050,-26370940,1710110
2015/08/18,0,36388300,-28989501,7398799
2015/08/19,0,35134802,-39887744,-4752942
2015/08/20,0,26758580,-31295568,-4536988
2015/08/21,0,36675000,-50353463,-13678463
2015/08/24,0,80809000,-78241046,2567954
2015/08/25,0,78041821,-57108184,20933637
2015/08/26,0,42141700,-52840344,-10698644
2015/08/27,0,36936753,-39279687,-2342934
2015/08/28,0,27811500,-28477230,-665730
2015/08/31,0,46606393,-37332070,9274323
2015/09/01,0,23642728,-33586278,-9943550
2015/09/02,0,27693740,-21947302,5746438
2015/09/03,0,19284000,-12271400,7012600
2015/09/04,0,15293757,-15322798,-29041
2015/09/07,0,13570000,-15114803,-1544803
2015/09/08,0,7876000,-9715855,-1839855
2015/09/09,0,47760075,-12927628,34832447
2015/09/10,0,18004849,-28680585,-10675736
2015/09/11,0,18896798,-13716884,5179914
2015/09/14,0,15589000,-14093067,1495933
2015/09/15,0,14867700,-18265108,-3397408
2015/09/16,0,39518500,-18853997,20664503
2015/09/17,0,45345188,-26726095,18619093
2015/09/18,0,29242202,-22036138,7206064
2015/09/21,0,27867523,-28991795,-1124272
2015/09/22,0,14996398,-13509510,1486888
2015/09/23,0,10133000,-31216785,-21083785
2015/09/24,0,36569000,-29918366,6650634
2015/09/25,0,19006964,-18352849,654115
2015/09/28,0,0,0,0
2015/09/29,0,0,0,0
2015/09/30,0,69728743,-50366790,19361953
2015/10/01,0,44345114,-25379585,18965529
2015/10/02,0,18658200,-19372741,-714541
2015/10/05,0,20216290,-21817201,-1600911
2015/10/06,0,35680930,-32947810,2733120
2015/10/07,0,29286974,-8578100,20708874
2015/10/08,0,24934473,-11084864,13849609
2015/10/09,0,0,0,0
2015/10/12,0,38877777,-28356522,10521255
2015/10/13,0,28472025,-20577338,7894687
2015/10/14,0,54056000,-59214316,-5158316
2015/10/15,0,56819000,-33750891,23068109
2015/10/16,0,21831755,-24172410,-2340655
2015/10/19,0,22381245,-13819298,8561947
2015/10/20,0,25793504,-11650661,14142843
2015/10/21,0,16797758,-7996158,8801600
2015/10/22,0,13196112,-10519063,2677049
2015/10/23,0,31085142,-13107038,17978104
2015/10/26,0,19503000,-9874092,9628908
2015/10/27,0,20013261,-14024292,5988969
2015/10/28,0,12236000,-14546264,-2310264
2015/10/29,0,13326194,-15634061,-2307867
2015/10/30,0,22928721,-22883641,45080
2015/11/02,0,17712375,-12894000,4818375
2015/11/03,0,33766575,-14585989,19180586
2015/11/04,0,63673200,-12871281,50801919
2015/11/05,0,30608035,-25317293,5290742
2015/11/06,0,32504000,-40105713,-7601713
2015/11/09,0,20822666,-12623477,8199189
2015/11/10,0,10533000,-18190255,-7657255
2015/11/11,0,13887865,-23125556,-9237691
2015/11/12,0,12857000,-12100508,756492
2015/11/13,0,13444697,-20829933,-7385236
2015/11/16,0,12632000,-24868487,-12236487
2015/11/17,0,15532353,-11004916,4527437
2015/11/18,0,18065813,-23714818,-5649005
2015/11/19,0,20487000,-13524603,6962397
2015/11/20,0,17971147,-11445483,6525664
2015/11/23,0,18560549,-15092000,3468549
2015/11/24,0,17750186,-16850700,899486
2015/11/25,0,31614870,-28571322,3043548
2015/11/26,0,29917714,-19602302,10315412
2015/11/27,0,16923000,-24497734,-7574734
2015/11/30,0,82738653,-103882058,-21143405
2015/12/01,0,42848830,-25868593,16980237
2015/12/02,0,26293500,-18771445,7522055
2015/12/03,0,24045573,-22616565,1429008
2015/12/04,0,18645038,-28901752,-10256714
2015/12/07,0,30317000,-14168334,16148666
2015/12/08,0,22703000,-28742699,-6039699
2015/12/09,0,19230160,-27432702,-8202542
2015/12/10,0,25680000,-35976950,-10296950
2015/12/11,0,19289364,-26349019,-7059655
2015/12/14,0,29735438,-31099169,-1363731
2015/12/15,0,19357320,-21190871,-1833551
2015/12/16,0,55585335,-16388112,39197223
2015/12/17,0,31395461,-15306900,16088561
2015/12/18,0,36544048,-31020199,5523849
2015/12/21,0,16853296,-21072959,-4219663
2015/12/22,0,12907693,-10603767,2303926
2015/12/23,0,13086585,-10003404,3083181
2015/12/24,0,11284825,-6842943,4441882
2015/12/25,0,5370000,-2526000,2844000
2015/12/28,0,8675000,-4484000,4191000
2015/12/29,0,8029000,-8961674,-932674
2015/12/30,0,10851319,-10342243,509076
2015/12/31,0,13245091,-11839856,1405235
2016/01/01,0,0,0,0
2016/01/04,0,17380120,-37919486,-20539366
2016/01/05,0,19885677,-25850410,-5964733
2016/01/06,0,20734555,-36825835,-16091280
2016/01/07,0,25788517,-43744530,-17956013
2016/01/08,0,40046801,-41026810,-980009
2016/01/11,0,35535653,-38794100,-3258447
2016/01/12,0,20320000,-27791305,-7471305
2016/01/13,0,41387908,-34786132,6601776
2016/01/14,0,21530485,-25666361,-4135876
2016/01/15,0,61989516,-37200259,24789257
2016/01/18,0,27082522,-27259352,-176830
2016/01/19,0,16008886,-15625712,383174
2016/01/20,0,28751564,-32804538,-4052974
2016/01/21,0,24203859,-23722401,481458
2016/01/22,0,28518000,-17966718,10551282
2016/01/25,0,22272334,-15120411,7151923
2016/01/26,0,16131853,-18724770,-2592917
2016/01/27,0,20707551,-16477972,4229579
2016/01/28,0,30654000,-19920646,10733354
2016/01/29,0,51040805,-31185040,19855765
2016/02/01,0,40191053,-12998258,27192795
2016/02/02,0,19342438,-16905709,2436729
2016/02/03,0,64246323,-30797644,33448679
2016/02/04,0,0,0,0
2016/02/05,0,0,0,0
2016/02/08,0,0,0,0
2016/02/09,0,0,0,0
2016/02/10,0,0,0,0
2016/02/11,0,0,0,0
2016/02/12,0,0,0,0
2016/02/15,0,62699214,-61724560,974654
2016/02/16,0,47880409,-30875527,17004882
2016/02/17,0,30486127,-16405117,14081010
2016/02/18,0,54796244,-19365226,35431018
2016/02/19,0,32997886,-22250130,10747756
2016/02/22,0,24721000,-10019603,14701397
2016/02/23,0,15344966,-13550638,1794328
2016/02/24,0,15040456,-13886075,1154381
2016/02/25,0,23302824,-8709617,14593207
2016/02/26,0,35157000,-29642676,5514324
2016/02/29,0,0,0,0
2016/03/01,0,37320874,-28884621,8436253
2016/03/02,0,28723421,-14352634,14370787
2016/03/03,0,26475700,-10117098,16358602
2016/03/04,0,28781473,-29045767,-264294
2016/03/07,0,19263501,-19286165,-22664
2016/03/08,0,32456008,-25931608,6524400
2016/03/09,0,22674673,-10467734,12206939
2016/03/10,0,28878000,-14777460,14100540
2016/03/11,0,28609809,-13517925,15091884
2016/03/14,0,25996500,-7425708,18570792
2016/03/15,0,22319182,-15151714,7167468
2016/03/16,0,27655000,-13982942,13672058
2016/03/17,0,47350200,-16559630,30790570
2016/03/18,0,54811811,-28581118,26230693
2016/03/21,0,24319770,-11718217,12601553
2016/03/22,0,22180313,-17766609,4413704
2016/03/23,0,28104285,-17220283,10884002
2016/03/24,0,18573027,-13070900,5502127
2016/03/25,0,4722000,-3271400,1450600
2016/03/28,0,12433800,-4609992,7823808
2016/03/29,0,14197000,-8619625,5577375
2016/03/30,0,35832900,-21020482,14812418
2016/03/31,0,41492403,-33505495,7986908
2016/04/01,0,19877400,-25597956,-5720556
2016/04/04,0,0,0,0
2016/04/05,0,0,0,0
2016/04/06,0,37550532,-52901435,-15350903
2016/04/07,0,20230763,-24427006,-4196243
2016/04/08,0,24520357,-24994153,-473796
2016/04/11,0,10481540,-14826460,-4344920
2016/04/12,0,8169000,-10349730,-2180730
2016/04/13,0,35651965,-13007237,22644728
2016/04/14,0,23668000,-16530644,7137356
2016/04/15,0,29775765,-33341602,-3565837
2016/04/18,0,12035763,-17226255,-5190492
2016/04/19,0,14285345,-18852495,-4567150
2016/04/20,0,21775950,-32411531,-10635581
2016/04/21,0,24344548,-13177684,11166864
2016/04/22,0,25069020,-17596365,7472655
2016/04/25,0,11925989,-9734929,2191060
2016/04/26,0,16169923,-14880741,1289182
2016/04/27,0,28004068,-34663138,-6659070
2016/04/28,0,25386476,-41684100,-16297624
2016/04/29,0,37765618,-66262467,-28496849
2016/05/02,0,0,0,0
2016/05/03,0,16652487,-63959515,-47307028
2016/05/04,0,23512540,-50354331,-26841791
2016/05/05,0,23891785,-37758202,-13866417
2016/05/06,0,30192917,-36329176,-6136259
2016/05/09,0,24509300,-34812293,-10302993
2016/05/10,0,27595804,-36472619,-8876815
2016/05/11,0,23622636,-40207253,-16584617
2016/05/12,0,12719000,-19946830,-7227830
2016/05/13,0,21174000,-54670407,-33496407
2016/05/16,0,16222000,-25969619,-9747619
2016/05/17,0,18839000,-26699348,-7860348
2016/05/18,0,20789723,-26726267,-5936544
2016/05/19,0,23100500,-30080147,-6979647
2016/05/20,0,30213084,-24041335,6171749
2016/05/23,0,37929199,-24540718,13388481
2016/05/24,0,14396247,-19903515,-5507268
2016/05/25,0,32483997,-20121100,12362897
2016/05/26,0,17094000,-13006800,4087200
2016/05/27,0,23274300,-17518735,5755565
2016/05/30,0,33433000,-14788341,18644659
2016/05/31,0,63495525,-54960929,8534596
2016/06/01,0,25491427,-12479399,13012028
2016/06/02,0,20064416,-13207744,6856672
2016/06/03,0,29889000,-12909821,16979179
2016/06/06,0,25582500,-14280829,11301671
2016/06/07,0,42228155,-24398499,17829656
2016/06/08,0,38003430,-18869025,19134405
2016/06/09,0,0,0,0
2016/06/10,0,0,0,0
2016/06/13,0,40653262,-49534120,-8880858
2016/06/14,0,20536962,-16903800,3633162
2016/06/15,0,23694422,-18542311,5152111
2016/06/16,0,22402608,-33055951,-10653343
2016/06/17,0,27269959,-19594378,7675581
2016/06/20,0,16588000,-16953788,-365788
2016/06/21,0,22304264,-10639240,11665024
2016/06/22,0,23227081,-18900658,4326423
2016/06/23,0,14661844,-12834634,1827210
2016/06/24,0,25966394,-65301916,-39335522
2016/06/27,0,22744968,-16441103,6303865
2016/06/28,0,27700980,-14021531,13679449
2016/06/29,0,24805803,-9817128,14988675
2016/06/30,0,38911000,-13716140,25194860
2016/07/01,0,31893180,-8607417,23285763
2016/07/04,0,21834493,-9455705,12378788
2016/07/05,0,11148224,-9044653,2103571
2016/07/06,0,16246178,-27589757,-11343579
2016/07/07,0,14505000,-8718208,5786792
2016/07/08,0,0,0,0
2016/07/11,0,47277438,-21126360,26151078
2016/07/12,0,34332800,-18233356,16099444
2016/07/13,0,31722000,-44799151,-13077151
2016/07/14,0,31153055,-22841188,8311867
2016/07/15,0,30446034,-27588997,2857037
2016/07/18,0,21340350,-15219367,6120983
2016/07/19,0,40614000,-30694014,9919986
2016/07/20,0,36384798,-23358822,13025976
2016/07/21,0,31531859,-19791781,11740078
2016/07/22,0,26222100,-20479050,5743050
2016/07/25,0,19083712,-14611139,4472573
2016/07/26,0,28454000,-18930751,9523249
2016/07/27,0,30901000,-13082000,17819000
2016/07/28,0,28000740,-17140500,10860240
2016/07/29,0,19460572,-22171100,-2710528
2016/08/01,0,31465680,-17177350,14288330
2016/08/02,0,12022408,-11269265,753143
2016/08/03,0,8386377,-18406242,-10019865
2016/08/04,0,11306582,-9392386,1914196
2016/08/05,0,22046585,-9004704,13041881
2016/08/08,0,12057250,-9536476,2520774
2016/08/09,0,13851000,-8604888,5246112
2016/08/10,0,16631055,-14296365,2334690
2016/08/11,0,15187002,-23647410,-8460408
2016/08/12,0,22438500,-16360311,6078189
2016/08/15,0,12101571,-7480199,4621372
2016/08/16,0,20886324,-30458203,-9571879
2016/08/17,0,20856545,-13935934,6920611
2016/08/18,0,18911026,-16393560,2517466
2016/08/19,0,15963111,-16865063,-901952
2016/08/22,0,11631800,-17992214,-6360414
2016/08/23,0,18945305,-15690984,3254321
2016/08/24,0,9767462,-9594643,172819
2016/08/25,0,20326200,-10970611,9355589
2016/08/26,0,13625227,-13178039,447188
2016/08/29,0,11932200,-14124774,-2192574
2016/08/30,0,10924426,-18307073,-7382647
2016/08/31,0,40856462,-32390659,8465803
2016/09/01,0,14319291,-22894591,-8575300
2016/09/02,0,16370730,-14161640,2209090
2016/09/05,0,25908000,-17930000,7978000
2016/09/06,0,24051362,-17068034,6983328
2016/09/07,0,32346400,-25070806,7275594
2016/09/08,0,21571400,-20575979,995421
2016/09/09,0,16483037,-26986096,-10503059
2016/09/12,0,16791309,-38867194,-22075885
2016/09/13,0,24167000,-32967412,-8800412
2016/09/14,0,31136480,-50379189,-19242709
2016/09/15,0,0,0,0
2016/09/16,0,0,0,0
2016/09/19,0,43490039,-24171843,19318196
2016/09/20,0,17623339,-13471087,4152252
2016/09/21,0,22452572,-16487633,5964939
2016/09/22,0,17174230,-8344831,8829399
2016/09/23,0,20031389,-13092453,6938936
2016/09/26,0,13914593,-20479924,-6565331
2016/09/27,0,0,0,0
2016/09/28,0,0,0,0
2016/09/29,0,53547830,-38287337,15260493
2016/09/30,0,30956276,-34425079,-3468803
2016/10/03,0,15869542,-10372951,5496591
2016/10/04,0,15083354,-12448545,2634809
2016/10/05,0,13491046,-11909838,1581208
2016/10/06,0,12355858,-10266128,2089730
2016/10/07,0,11069861,-7490894,3578967
2016/10/10,0,0,0,0
2016/10/11,0,17690458,-20489691,-2799233
2016/10/12,0,18930000,-17146464,1783536
2016/10/13,0,20560070,-35677402,-15117332
2016/10/14,0,10948500,-20966790,-10018290
2016/10/17,0,26162522,-29964304,-3801782
2016/10/18,0,32774416,-34732703,-1958287
2016/10/19,0,33114257,-24072254,9042003
2016/10/20,0,13170000,-7322295,5847705
2016/10/21,0,15000237,-16121730,-1121493
2016/10/24,0,12006971,-9301265,2705706
2016/10/25,0,16028552,-10637170,5391382
2016/10/26,0,16771179,-22713346,-5942167
2016/10/27,0,10161575,-25184684,-15023109
2016/10/28,0,27566142,-28205900,-639758
2016/10/31,0,16954800,-20964975,-4010175
2016/11/01,0,11223423,-11286517,-63094
2016/11/02,0,4866348,-13126148,-8259800
2016/11/03,0,10791504,-19976720,-9185216
2016/11/04,0,7645500,-12390589,-4745089
2016/11/07,0,11770557,-12253724,-483167
2016/11/08,0,9322625,-10753405,-1430780
2016/11/09,0,12791271,-42661493,-29870222
2016/11/10,0,23691240,-27893442,-4202202
2016/11/11,0,28291759,-59824694,-31532935
2016/11/14,0,12802253,-42513345,-29711092
2016/11/15,0,12993701,-25813534,-12819833
2016/11/16,0,16755249,-28332493,-11577244
2016/11/17,0,15029331,-19920000,-4890669
2016/11/18,0,12349000,-22150528,-9801528
2016/11/21,0,6997437,-13747433,-6749996
2016/11/22,0,22619296,-17363779,5255517
2016/11/23,0,18574656,-14343424,4231232
2016/11/24,0,8888851,-17098707,-8209856
2016/11/25,0,5327997,-7873892,-2545895
2016/11/28,0,18708764,-17363217,1345547
2016/11/29,0,21349605,-22897409,-1547804
2016/11/30,0,49964177,-51331199,-1367022
2016/12/01,0,9694431,-12160587,-2466156
2016/12/02,0,10624000,-47846209,-37222209
2016/12/05,0,16161273,-27905436,-11744163
2016/12/06,0,24382300,-14245888,10136412
2016/12/07,0,8134436,-12210006,-4075570
2016/12/08,0,22227358,-10792200,11435158
2016/12/09,0,22357184,-14501249,7855935
2016/12/12,0,13138798,-13349571,-210773
2016/12/13,0,22694972,-19383113,3311859
2016/12/14,0,15064316,-8245137,6819179
2016/12/15,0,20100041,-18903660,1196381
2016/12/16,0,30832526,-31481725,-649199
2016/12/19,0,10974499,-12599219,-1624720
2016/12/20,0,8372357,-16325823,-7953466
2016/12/21,0,14443185,-30654409,-16211224
2016/12/22,0,8084776,-22064545,-13979769
2016/12/23,0,8042156,-21946633,-13904477
2016/12/26,0,1451300,-4558000,-3106700
2016/12/27,0,3379163,-5748000,-2368837
2016/12/28,0,15468487,-11558005,3910482
2016/12/29,0,13839595,-17833523,-3993928
2016/12/30,0,21615291,-14405462,7209829
2017/01/02,0,0,0,0
2017/01/03,0,15250137,-15198000,52137
2017/01/04,0,13410312,-17516549,-4106237
2017/01/05,0,14805339,-13005582,1799757
2017/01/06,0,16411089,-12533500,3877589
2017/01/09,0,12377038,-9003601,3373437
2017/01/10,0,15283665,-11820600,3463065
2017/01/11,0,17225634,-26100359,-8874725
2017/01/12,0,41493382,-29487279,12006103
2017/01/13,0,30143551,-42482278,-12338727
2017/01/16,0,9565460,-26066541,-16501081
2017/01/17,0,8265298,-8602017,-336719
2017/01/18,0,17252200,-18508900,-1256700
2017/01/19,0,17925753,-20216801,-2291048
2017/01/20,0,39708055,-31765516,7942539
2017/01/23,0,56537129,-34081973,22455156
2017/01/24,0,69525353,-39078259,30447094
2017/01/25,0,0,0,0
2017/01/26,0,0,0,0
2017/01/27,0,0,0,0
2017/01/30,0,0,0,0
2017/01/31,0,0,0,0
2017/02/01,0,0,0,0
2017/02/02,0,140928799,-120772502,20156297
2017/02/03,0,24221564,-26568623,-2347059
2017/02/06,0,23841460,-22388854,1452606
2017/02/07,0,15291643,-16152003,-860360
2017/02/08,0,28127765,-43471748,-15343983
2017/02/09,0,17189783,-17927522,-737739
2017/02/10,0,39055429,-45050575,-5995146
2017/02/13,0,12499284,-11758290,740994
2017/02/14,0,32215772,-34505851,-2290079
2017/02/15,0,34390793,-21544858,12845935
2017/02/16,0,20717254,-15335344,5381910
2017/02/17,0,16332000,-10885337,5446663
2017/02/20,0,11330787,-6465000,4865787
2017/02/21,0,28238000,-12497095,15740905
2017/02/22,0,20323229,-13592487,6730742
2017/02/23,0,30978480,-16364809,14613671
2017/02/24,0,24078585,-19667117,4411468
2017/02/27,0,0,0,0
2017/02/28,0,0,0,0
2017/03/01,0,39381913,-42763739,-3381826
2017/03/02,0,29799123,-21246502,8552621
2017/03/03,0,14458899,-22445684,-7986785
2017/03/06,0,5656098,-9542509,-3886411
2017/03/07,0,15860622,-19427877,-3567255
2017/03/08,0,33770373,-28210626,5559747
2017/03/09,0,20155389,-26518299,-6362910
2017/03/10,0,14608806,-22940751,-8331945
2017/03/13,0,9185938,-4831265,4354673
2017/03/14,0,21980737,-15446446,6534291
2017/03/15,0,11799183,-10155324,1643859
2017/03/16,0,27550474,-8500623,19049851
2017/03/17,0,36747524,-22186612,14560912
2017/03/20,0,14654000,-10082893,4571107
2017/03/21,0,29214736,-10698685,18516051
2017/03/22,0,21290742,-20210619,1080123
2017/03/23,0,13963941,-13418800,545141
2017/03/24,0,13835161,-11543000,2292161
2017/03/27,0,27420490,-13674700,13745790
2017/03/28,0,35603000,-14853988,20749012
2017/03/29,0,21226186,-16051098,5175088
2017/03/30,0,26375600,-11801592,14574008
2017/03/31,0,20971806,-19808860,1162946
2017/04/03,0,0,0,0
2017/04/04,0,0,0,0
2017/04/05,0,41011475,-25761090,15250385
2017/04/06,0,14533566,-11367000,3166566
2017/04/07,0,10327183,-11873328,-1546145
2017/04/10,0,12613451,-15089280,-2475829
2017/04/11,0,7001711,-7208669,-206958
2017/04/12,0,12328903,-11543037,785866
2017/04/13,0,8737954,-7580701,1157253
2017/04/14,0,7041000,-20324690,-13283690
2017/04/17,0,3362000,-13532000,-10170000
2017/04/18,0,19727000,-24006949,-4279949
2017/04/19,0,11752216,-28228279,-16476063
2017/04/20,0,27159741,-30210049,-3050308
2017/04/21,0,17471856,-13699309,3772547
2017/04/24,0,24960019,-17699021,7260998
2017/04/25,0,26230739,-14959667,11271072
2017/04/26,0,25876361,-13565129,12311232
2017/04/27,0,30702055,-21701773,9000282
2017/04/28,0,36748377,-19395270,17353107
2017/05/01,0,0,0,0
2017/05/02,0,39300759,-20879399,18421360
2017/05/03,0,26306539,-9775172,16531367
2017/05/04,0,14538869,-10232444,4306425
2017/05/05,0,10450443,-9976219,474224
2017/05/08,0,21556319,-11319933,10236386
2017/05/09,0,23012885,-15651431,7361454
2017/05/10,0,17617154,-15148181,2468973
2017/05/11,0,29510891,-18863095,10647796
2017/05/12,0,11931730,-11954000,-22270
2017/05/15,0,12745409,-15064622,-2319213
2017/05/16,0,25089584,-25950200,-860616
2017/05/17,0,14934156,-12208972,2725184
2017/05/18,0,15657068,-16371160,-714092
2017/05/19,0,13310143,-10796568,2513575
2017/05/22,0,14966063,-12569459,2396604
2017/05/23,0,18470540,-15024752,3445788
2017/05/24,0,15916625,-16018830,-102205
2017/05/25,0,24063336,-17199799,6863537
2017/05/26,0,0,0,0
2017/05/29,0,0,0,0
2017/05/30,0,0,0,0
2017/05/31,0,54945390,-64515367,-9569977
2017/06/01,0,26851574,-20021340,6830234
2017/06/02,0,21356600,-12291718,9064882
2017/06/05,0,19279050,-9741202,9537848
2017/06/06,0,11597360,-9700168,1897192
2017/06/07,0,28279000,-23202200,5076800
2017/06/08,0,18587531,-9656706,8930825
2017/06/09,0,24401400,-28686762,-4285362
2017/06/12,0,19380138,-59215833,-39835695
2017/06/13,0,20127100,-41729533,-21602433
2017/06/14,0,16973000,-32116540,-15143540
2017/06/15,0,14674000,-13342106,1331894
2017/06/16,0,18311438,-19328964,-1017526
2017/06/19,0,11374346,-11388947,-14601
2017/06/20,0,11732963,-12934000,-1201037
2017/06/21,0,24663283,-33414561,-8751278
2017/06/22,0,14078112,-13534952,543160
2017/06/23,0,10471352,-24960897,-14489545
2017/06/26,0,33549576,-19005025,14544551
2017/06/27,0,16257858,-31801000,-15543142
2017/06/28,0,25723019,-39639173,-13916154
2017/06/29,0,17014385,-18352575,-1338190
2017/06/30,0,18204862,-23555842,-5350980
2017/07/03,0,15397545,-15087641,309904
2017/07/04,0,11939700,-18906637,-6966937
2017/07/05,0,10788275,-19111080,-8322805
2017/07/06,0,6654154,-12139857,-5485703
2017/07/07,0,7057870,-16569513,-9511643
2017/07/10,0,4255165,-10625518,-6370353
2017/07/11,0,25276364,-17264042,8012322
2017/07/12,0,11621201,-20782861,-9161660
2017/07/13,0,30065482,-25251896,4813586
2017/07/14,0,9312311,-14945757,-5633446
2017/07/17,0,11192000,-9399000,1793000
2017/07/18,0,11315895,-7397414,3918481
2017/07/19,0,10563311,-9393000,1170311
2017/07/20,0,13388528,-11428769,1959759
2017/07/21,0,4413919,-9359650,-4945731
2017/07/24,0,13079065,-16874506,-3795441
2017/07/25,0,7980948,-10771498,-2790550
2017/07/26,0,8153097,-12028890,-3875793
2017/07/27,0,19613000,-11182586,8430414
2017/07/28,0,9071042,-18759712,-9688670
2017/07/31,0,13551700,-16031311,-2479611
2017/08/01,0,8852878,-14616708,-5763830
2017/08/02,0,22680665,-11261683,11418982
2017/08/03,0,13077103,-24277820,-11200717
2017/08/04,0,8787460,-20141303,-11353843
2017/08/07,0,12090684,-10749799,1340885
2017/08/08,0,15745639,-11325000,4420639
2017/08/09,0,9556600,-24720624,-15164024
2017/08/10,0,11123768,-22549805,-11426037
2017/08/11,0,8992340,-37437116,-28444776
2017/08/14,0,11833980,-20815284,-8981304
2017/08/15,0,8767235,-8049890,717345
2017/08/16,0,17072235,-21339597,-4267362
2017/08/17,0,7191960,-4717990,2473970
2017/08/18,0,6255000,-12742641,-6487641
