Date,Open,Buy,Sell,Total
2007/01/02,0,3085000,-8635000,-5550000
2007/01/03,0,507000,-8424000,-7917000
2007/01/04,0,4568000,-4789000,-221000
2007/01/05,0,755000,-1810000,-1055000
2007/01/08,0,99000,-1855468,-1756468
2007/01/09,0,141000,-5989000,-5848000
2007/01/10,0,147000,-4579000,-4432000
2007/01/11,0,357000,-1576000,-1219000
2007/01/12,0,1118000,-4087000,-2969000
2007/01/15,0,1708000,-937000,771000
2007/01/16,0,3543000,-1810000,1733000
2007/01/17,0,678000,-5270000,-4592000
2007/01/18,0,1782000,-4338000,-2556000
2007/01/19,0,1680000,-194000,1486000
2007/01/22,0,477000,-1022000,-545000
2007/01/23,0,385000,-219000,166000
2007/01/24,0,11178000,-218000,10960000
2007/01/25,0,8175000,-387000,7788000
2007/01/26,0,81000,-2054000,-1973000
2007/01/29,0,522000,-3801823,-3279823
2007/01/30,0,1270000,-2338000,-1068000
2007/01/31,0,63000,-2847000,-2784000
2007/02/01,0,240000,-2124000,-1884000
2007/02/02,0,9913000,-5009000,4904000
2007/02/05,0,2392000,-348000,2044000
2007/02/06,0,1875001,-829000,1046001
2007/02/07,0,1457000,-229000,1228000
2007/02/08,0,1374000,-898957,475043
2007/02/09,0,1631000,-70876,1560124
2007/02/12,0,257000,-751000,-494000
2007/02/13,0,2703000,-1060200,1642800
2007/02/14,0,3751000,-2804578,946422
2007/02/15,0,0,0,0
2007/02/16,0,0,0,0
2007/02/19,0,0,0,0
2007/02/20,0,0,0,0
2007/02/21,0,0,0,0
2007/02/22,0,0,0,0
2007/02/23,0,0,0,0
2007/02/26,0,13199000,-3449722,9749278
2007/02/27,0,4621000,-1886000,2735000
2007/02/28,0,0,0,0
2007/03/01,0,1784000,-10211173,-8427173
2007/03/02,0,274000,-3155167,-2881167
2007/03/05,0,4081000,-11048000,-6967000
2007/03/06,0,1256000,-5293369,-4037369
2007/03/07,0,503000,-6877129,-6374129
2007/03/08,0,411000,-8098567,-7687567
2007/03/09,0,532000,-6686597,-6154597
2007/03/12,0,9000,-6952684,-6943684
2007/03/13,0,675000,-2362242,-1687242
2007/03/14,0,487000,-3078000,-2591000
2007/03/15,0,376000,-447000,-71000
2007/03/16,0,344666,-434729,-90063
2007/03/19,0,133000,-190742,-57742
2007/03/20,0,1017000,-736000,281000
2007/03/21,0,16458000,-494000,15964000
2007/03/22,0,4815000,-746000,4069000
2007/03/23,0,1786000,-459000,1327000
2007/03/26,0,1174000,-929000,245000
2007/03/27,0,1996000,-428017,1567983
2007/03/28,0,100000,-1242000,-1142000
2007/03/29,0,3107000,-2357713,749287
2007/03/30,0,534000,-167000,367000
2007/04/02,0,30000,-2838000,-2808000
2007/04/03,0,217000,-7010000,-6793000
2007/04/04,0,6106000,-46000,6060000
2007/04/05,0,0,0,0
2007/04/06,0,0,0,0
2007/04/09,0,3679000,-308000,3371000
2007/04/10,0,1354000,-211000,1143000
2007/04/11,0,1853000,-237000,1616000
2007/04/12,0,2162000,-260000,1902000
2007/04/13,0,353000,-1835642,-1482642
2007/04/16,0,1503000,-1774000,-271000
2007/04/17,0,680000,-1236216,-556216
2007/04/18,0,2260000,-32000,2228000
2007/04/19,0,384000,-3025000,-2641000
2007/04/20,0,184000,-365000,-181000
2007/04/23,0,1358000,-341000,1017000
2007/04/24,0,165000,-345583,-180583
2007/04/25,0,49000,-654000,-605000
2007/04/26,0,1321000,-1323000,-2000
2007/04/27,0,95000,-1926000,-1831000
2007/04/30,0,3391000,-3292973,98027
2007/05/01,0,0,0,0
2007/05/02,0,279000,-3992000,-3713000
2007/05/03,0,235000,-22000,213000
2007/05/04,0,3149000,-1366000,1783000
2007/05/07,0,606000,-29000,577000
2007/05/08,0,1102000,-674000,428000
2007/05/09,0,1115000,-2384000,-1269000
2007/05/10,0,1680000,-319000,1361000
2007/05/11,0,1046000,-1115871,-69871
2007/05/14,0,4193000,-320000,3873000
2007/05/15,0,4975000,-837000,4138000
2007/05/16,0,354000,-323000,31000
2007/05/17,0,1236000,-231429,1004571
2007/05/18,0,97000,-615000,-518000
2007/05/21,0,1476000,-827411,648589
2007/05/22,0,1088000,-1027583,60417
2007/05/23,0,4549000,-151000,4398000
2007/05/24,0,5678000,-1312000,4366000
2007/05/25,0,704000,-889000,-185000
2007/05/28,0,293000,-200000,93000
2007/05/29,0,1782000,-22000,1760000
2007/05/30,0,1918000,-1146000,772000
2007/05/31,0,4787000,-5836973,-1049973
2007/06/01,0,6178000,-459000,5719000
2007/06/04,0,746000,-166000,580000
2007/06/05,0,1161000,-422000,739000
2007/06/06,0,3599000,-1403000,2196000
2007/06/07,0,3598000,-1723000,1875000
2007/06/08,0,477000,-380000,97000
2007/06/11,0,291000,-1036000,-745000
2007/06/12,0,94000,-1271937,-1177937
2007/06/13,0,5151000,-566000,4585000
2007/06/14,0,2141000,-487000,1654000
2007/06/15,0,2304000,-543788,1760212
2007/06/18,0,0,0,0
2007/06/19,0,0,0,0
2007/06/20,0,6068000,-3837583,2230417
2007/06/21,0,8378000,-265000,8113000
2007/06/22,0,3492000,-417000,3075000
2007/06/25,0,1625000,-3674788,-2049788
2007/06/26,0,11121000,-12192131,-1071131
2007/06/27,0,919000,-2825650,-1906650
2007/06/28,0,2389000,-861674,1527326
2007/06/29,0,2319000,-2552973,-233973
2007/07/02,0,777000,-7630000,-6853000
2007/07/03,0,2303000,-4593000,-2290000
2007/07/04,0,700000,-19000,681000
2007/07/05,0,484000,-20000,464000
2007/07/06,0,4259000,-4434000,-175000
2007/07/09,0,5434000,-656000,4778000
2007/07/10,0,7219000,-785689,6433311
2007/07/11,0,1848000,-641337,1206663
2007/07/12,0,2693000,-750000,1943000
2007/07/13,0,3096000,-401583,2694417
2007/07/16,0,261000,-2581000,-2320000
2007/07/17,0,4172000,-1545000,2627000
2007/07/18,0,4434000,-3105669,1328331
2007/07/19,0,51000,-2469000,-2418000
2007/07/20,0,5591000,-3186000,2405000
2007/07/23,0,11230000,-15101185,-3871185
2007/07/24,0,6079000,-7721000,-1642000
2007/07/25,0,10242000,-5823000,4419000
2007/07/26,0,2269000,-13226167,-10957167
2007/07/27,0,2220000,-13063000,-10843000
2007/07/30,0,4118000,-7093000,-2975000
2007/07/31,0,8568000,-4327918,4240082
2007/08/01,0,280000,-10707185,-10427185
2007/08/02,0,1648000,-1557000,91000
2007/08/03,0,5074000,-1700288,3373712
2007/08/06,0,1143000,-2305790,-1162790
2007/08/07,0,593000,-997330,-404330
2007/08/08,0,1829000,-1479000,350000
2007/08/09,0,2776000,-4845000,-2069000
2007/08/10,0,108000,-4073000,-3965000
2007/08/13,0,7230000,-6426000,804000
2007/08/14,0,338000,-367000,-29000
2007/08/15,0,198000,-2010414,-1812414
2007/08/16,0,5145000,-4098000,1047000
2007/08/17,0,1185000,-8114000,-6929000
2007/08/20,0,7249000,-437843,6811157
2007/08/21,0,2232000,-857000,1375000
2007/08/22,0,2666000,-451295,2214705
2007/08/23,0,170000,-396000,-226000
2007/08/24,0,2495000,-1808000,687000
2007/08/27,0,2742000,-180000,2562000
2007/08/28,0,1102000,-540000,562000
2007/08/29,0,2724000,-3452000,-728000
2007/08/30,0,1796000,-654000,1142000
2007/08/31,0,5548000,-648000,4900000
2007/09/03,0,1446000,-1213000,233000
2007/09/04,0,2227000,-4201000,-1974000
2007/09/05,0,625000,-711000,-86000
2007/09/06,0,2506000,-939000,1567000
2007/09/07,0,1994000,-874000,1120000
2007/09/10,0,685000,-2147000,-1462000
2007/09/11,0,1009000,-3220000,-2211000
2007/09/12,0,6080000,-1546000,4534000
2007/09/13,0,2561000,-2776000,-215000
2007/09/14,0,2826000,-2123000,703000
2007/09/17,0,142000,-2684000,-2542000
2007/09/18,0,0,0,0
2007/09/19,0,5469000,-1229165,4239835
2007/09/20,0,5224000,-277000,4947000
2007/09/21,0,931000,-41000,890000
2007/09/24,0,0,0,0
2007/09/25,0,0,0,0
2007/09/26,0,1555000,-617000,938000
2007/09/27,0,5219000,-3693946,1525054
2007/09/28,0,3426000,-865000,2561000
2007/10/01,0,960000,-7833884,-6873884
2007/10/02,0,2414000,-3860850,-1446850
2007/10/03,0,1981000,-1674937,306063
2007/10/04,0,15445000,-2054000,13391000
2007/10/05,0,15709000,-3034000,12675000
2007/10/08,0,4886000,-1357000,3529000
2007/10/09,0,3650000,-2074000,1576000
2007/10/10,0,0,0,0
2007/10/11,0,10981000,-8501000,2480000
2007/10/12,0,681000,-6316000,-5635000
2007/10/15,0,2594000,-647000,1947000
2007/10/16,0,7969000,-994000,6975000
2007/10/17,0,1463000,-4732000,-3269000
2007/10/18,0,1307000,-14772000,-13465000
2007/10/19,0,1271000,-1701270,-430270
2007/10/22,0,880000,-5032000,-4152000
2007/10/23,0,1194000,-436351,757649
2007/10/24,0,5424000,-711884,4712116
2007/10/25,0,3217491,-375175,2842316
2007/10/26,0,3630000,-490000,3140000
2007/10/29,0,5980847,-1978000,4002847
2007/10/30,0,2406000,-2299712,106288
2007/10/31,0,10062000,-855588,9206412
2007/11/01,0,5256000,-3062424,2193576
2007/11/02,0,1561000,-5538820,-3977820
2007/11/05,0,2009000,-3180974,-1171974
2007/11/06,0,1536000,-1838000,-302000
2007/11/07,0,5432000,-1422000,4010000
2007/11/08,0,1788000,-6820040,-5032040
2007/11/09,0,1479000,-1082232,396768
2007/11/12,0,902000,-4172055,-3270055
2007/11/13,0,448000,-1765175,-1317175
2007/11/14,0,815000,-1389784,-574784
2007/11/15,0,127000,-1318000,-1191000
2007/11/16,0,1097000,-4951638,-3854638
2007/11/19,0,47000,-1698000,-1651000
2007/11/20,0,4572000,-14234874,-9662874
2007/11/21,0,632000,-4442627,-3810627
2007/11/22,0,2232000,-1345000,887000
2007/11/23,0,383000,-956000,-573000
2007/11/26,0,3775000,-1531000,2244000
2007/11/27,0,1810000,-2304000,-494000
2007/11/28,0,2707000,-1763000,944000
2007/11/29,0,2443000,-1858275,584725
2007/11/30,0,6559000,-3388059,3170941
2007/12/03,0,280000,-295105,-15105
2007/12/04,0,725000,-595000,130000
2007/12/05,0,8670000,-2589000,6081000
2007/12/06,0,5359000,-4799419,559581
2007/12/07,0,3607112,-708105,2899007
2007/12/10,0,555000,-6737553,-6182553
2007/12/11,0,2283000,-16247000,-13964000
2007/12/12,0,4765000,-1870786,2894214
2007/12/13,0,853000,-4091063,-3238063
2007/12/14,0,1487000,-7350421,-5863421
2007/12/17,0,989000,-676000,313000
2007/12/18,0,5239667,-579922,4659745
2007/12/19,0,5786000,-1211722,4574278
2007/12/20,0,3551000,-2178080,1372920
2007/12/21,0,7852000,-1448000,6404000
2007/12/24,0,160000,-1081000,-921000
2007/12/25,0,1300000,-94000,1206000
2007/12/26,0,1416000,-58000,1358000
2007/12/27,0,0,0,0
2007/12/28,0,3668000,-6919085,-3251085
2007/12/31,0,656000,-108169,547831
2008/01/01,0,0,0,0
2008/01/02,0,1128000,-2203800,-1075800
2008/01/03,0,1477000,-4034080,-2557080
2008/01/04,0,1442000,-11266067,-9824067
2008/01/07,0,349000,-1697000,-1348000
2008/01/08,0,228000,-2017000,-1789000
2008/01/09,0,5615000,-992000,4623000
2008/01/10,0,2051000,-1133000,918000
2008/01/11,0,937000,-1982000,-1045000
2008/01/14,0,3943000,-952542,2990458
2008/01/15,0,5739000,-1061463,4677537
2008/01/16,0,1345000,-1255000,90000
2008/01/17,0,1704000,-2373908,-669908
2008/01/18,0,2061470,-1205196,856274
2008/01/21,0,650000,-2411000,-1761000
2008/01/22,0,2296000,-3362000,-1066000
2008/01/23,0,1099000,-1892000,-793000
2008/01/24,0,2657000,-2134057,522943
2008/01/25,0,485000,-135000,350000
2008/01/28,0,622000,-2821000,-2199000
2008/01/29,0,3092000,-789407,2302593
2008/01/30,0,2027158,-3546000,-1518842
2008/01/31,0,3500000,-1324000,2176000
2008/02/01,0,73000,-1331000,-1258000
2008/02/04,0,0,0,0
2008/02/05,0,0,0,0
2008/02/06,0,0,0,0
2008/02/07,0,0,0,0
2008/02/08,0,0,0,0
2008/02/11,0,0,0,0
2008/02/12,0,3556000,-2783814,772186
2008/02/13,0,1533000,-558000,975000
2008/02/14,0,4417000,-613369,3803631
2008/02/15,0,733000,-1123000,-390000
2008/02/18,0,1340000,-1516000,-176000
2008/02/19,0,2154000,-273000,1881000
2008/02/20,0,926000,-2403000,-1477000
2008/02/21,0,2431000,-228389,2202611
2008/02/22,0,1083000,-1749000,-666000
2008/02/25,0,3419000,-494000,2925000
2008/02/26,0,2753000,-5882000,-3129000
2008/02/27,0,17017000,-3700800,13316200
2008/02/28,0,0,0,0
2008/02/29,0,3584919,-2859358,725561
2008/03/03,0,1102000,-10671090,-9569090
2008/03/04,0,4713000,-3586592,1126408
2008/03/05,0,2461000,-430000,2031000
2008/03/06,0,5365000,-1731000,3634000
2008/03/07,0,2372000,-108000,2264000
2008/03/10,0,5254000,-2195000,3059000
2008/03/11,0,3501000,-1245000,2256000
2008/03/12,0,4743802,-449027,4294775
2008/03/13,0,1529200,-3670000,-2140800
2008/03/14,0,7584400,-2207000,5377400
2008/03/17,0,402400,-5158000,-4755600
2008/03/18,0,913000,-2011000,-1098000
2008/03/19,0,2172000,-3163000,-991000
2008/03/20,0,2089000,-5211000,-3122000
2008/03/21,0,5139000,-41000,5098000
2008/03/24,0,9010000,-285000,8725000
2008/03/25,0,3658000,-64000,3594000
2008/03/26,0,2792000,-263000,2529000
2008/03/27,0,1352913,-965000,387913
2008/03/28,0,5068913,-3573000,1495913
2008/03/31,0,5207351,-1298370,3908981
2008/04/01,0,2697173,-1561000,1136173
2008/04/02,0,3993000,-760000,3233000
2008/04/03,0,884000,-3502688,-2618688
2008/04/04,0,0,0,0
2008/04/07,0,1787000,-1288000,499000
2008/04/08,0,772000,-4886040,-4114040
2008/04/09,0,599000,-1957000,-1358000
2008/04/10,0,2642000,-3037000,-395000
2008/04/11,0,1344000,-1639252,-295252
2008/04/14,0,1642000,-1365000,277000
2008/04/15,0,2699000,-2435000,264000
2008/04/16,0,2530000,-1472276,1057724
2008/04/17,0,10800000,-2143000,8657000
2008/04/18,0,1859000,-1331000,528000
2008/04/21,0,4482000,-2713000,1769000
2008/04/22,0,1482000,-2147000,-665000
2008/04/23,0,12642000,-5904000,6738000
2008/04/24,0,22709000,-4821000,17888000
2008/04/25,0,28400000,-2833000,25567000
2008/04/28,0,10641000,-3047000,7594000
2008/04/29,0,571000,-4439000,-3868000
2008/04/30,0,1202000,-3542000,-2340000
2008/05/01,0,0,0,0
2008/05/02,0,2185000,-117000,2068000
2008/05/05,0,2087000,-2713000,-626000
2008/05/06,0,2488000,-3054000,-566000
2008/05/07,0,3449059,-922000,2527059
2008/05/08,0,155000,-3428000,-3273000
2008/05/09,0,389000,-1585000,-1196000
2008/05/12,0,3008000,-115000,2893000
2008/05/13,0,2896000,-464669,2431331
2008/05/14,0,2300000,-140724,2159276
2008/05/15,0,3271000,-155000,3116000
2008/05/16,0,3564964,-289000,3275964
2008/05/19,0,3264000,-684000,2580000
2008/05/20,0,10727000,-2507000,8220000
2008/05/21,0,8340000,-3140654,5199346
2008/05/22,0,2314000,-6320000,-4006000
2008/05/23,0,2199000,-3745509,-1546509
2008/05/26,0,4063000,-10923000,-6860000
2008/05/27,0,2617000,-1268000,1349000
2008/05/28,0,580000,-2968000,-2388000
2008/05/29,0,2718000,-3324000,-606000
2008/05/30,0,4862000,-8512372,-3650372
2008/06/02,0,3300000,-1518000,1782000
2008/06/03,0,74000,-3278000,-3204000
2008/06/04,0,286000,-858000,-572000
2008/06/05,0,3080000,-2815325,264675
2008/06/06,0,3414000,-1385000,2029000
2008/06/09,0,676000,-4377930,-3701930
2008/06/10,0,660000,-8011940,-7351940
2008/06/11,0,1229000,-7398511,-6169511
2008/06/12,0,197000,-6865594,-6668594
2008/06/13,0,313000,-4593098,-4280098
2008/06/16,0,1831000,-4932000,-3101000
2008/06/17,0,876441,-6858576,-5982135
2008/06/18,0,379000,-1258000,-879000
2008/06/19,0,1919000,-5405000,-3486000
2008/06/20,0,1575474,-2637000,-1061526
2008/06/23,0,1685000,-336000,1349000
2008/06/24,0,674000,-3075000,-2401000
2008/06/25,0,3269000,-507394,2761606
2008/06/26,0,7086000,-1715000,5371000
2008/06/27,0,4327000,-3344000,983000
2008/06/30,0,2205000,-2202854,2146
2008/07/01,0,2811000,-4313053,-1502053
2008/07/02,0,739000,-3962000,-3223000
2008/07/03,0,2515000,-2963000,-448000
2008/07/04,0,402000,-2220000,-1818000
2008/07/07,0,2541000,-666000,1875000
2008/07/08,0,1992000,-5858875,-3866875
2008/07/09,0,4853000,-1161000,3692000
2008/07/10,0,2989000,-292000,2697000
2008/07/11,0,1356000,-1297000,59000
2008/07/14,0,1847000,-1782719,64281
2008/07/15,0,851000,-1541000,-690000
2008/07/16,0,2253000,-7199762,-4946762
2008/07/17,0,3469000,-1521853,1947147
2008/07/18,0,2114000,-2640000,-526000
2008/07/21,0,4858000,-1033000,3825000
2008/07/22,0,1591000,-703000,888000
2008/07/23,0,2957000,-682669,2274331
2008/07/24,0,1716000,-1232000,484000
2008/07/25,0,1949000,-700000,1249000
2008/07/28,0,0,0,0
2008/07/29,0,2740000,-1725000,1015000
2008/07/30,0,4255000,-1563000,2692000
2008/07/31,0,3454000,-859000,2595000
2008/08/01,0,1717000,-582476,1134524
2008/08/04,0,618000,-2381000,-1763000
2008/08/05,0,3493000,-6099000,-2606000
2008/08/06,0,4328000,-81000,4247000
2008/08/07,0,565000,-1334000,-769000
2008/08/08,0,3485000,-686000,2799000
2008/08/11,0,1891000,-1152000,739000
2008/08/12,0,1189000,-437000,752000
2008/08/13,0,821000,-1151000,-330000
2008/08/14,0,1556000,-1476000,80000
2008/08/15,0,1127000,-3567622,-2440622
2008/08/18,0,202000,-1659000,-1457000
2008/08/19,0,6985000,-2137000,4848000
2008/08/20,0,1222000,-1268000,-46000
2008/08/21,0,472000,-3217435,-2745435
2008/08/22,0,1161000,-1320828,-159828
2008/08/25,0,2110000,-191000,1919000
2008/08/26,0,1029000,-499000,530000
2008/08/27,0,4066000,-418000,3648000
2008/08/28,0,4004000,-2726000,1278000
2008/08/29,0,3930000,-877535,3052465
2008/09/01,0,1636000,-2428000,-792000
2008/09/02,0,864000,-968000,-104000
2008/09/03,0,2129000,-881000,1248000
2008/09/04,0,3285000,-2321000,964000
2008/09/05,0,3363334,-4029000,-665666
2008/09/08,0,3227000,-2123978,1103022
2008/09/09,0,9444000,-1016000,8428000
2008/09/10,0,2301000,-4177000,-1876000
2008/09/11,0,1373000,-3597000,-2224000
2008/09/12,0,4017000,-600000,3417000
2008/09/15,0,744000,-4244000,-3500000
2008/09/16,0,2640000,-5670004,-3030004
2008/09/17,0,3576000,-7912000,-4336000
2008/09/18,0,2062000,-5220000,-3158000
2008/09/19,0,6083000,-28812000,-22729000
2008/09/22,0,2238000,-1404000,834000
2008/09/23,0,4735000,-4103877,631123
2008/09/24,0,19064598,-14130598,4934000
2008/09/25,0,2519000,-2577000,-58000
2008/09/26,0,715000,-5507000,-4792000
2008/09/29,0,0,0,0
2008/09/30,0,13750000,-2116159,11633841
2008/10/01,0,3953000,-2351074,1601926
2008/10/02,0,15104000,-3020000,12084000
2008/10/03,0,3015981,-3210561,-194580
2008/10/06,0,649000,-6345945,-5696945
2008/10/07,0,2918000,-3577517,-659517
2008/10/08,0,7488000,-5218858,2269142
2008/10/09,0,4421000,-3116422,1304578
2008/10/10,0,0,0,0
2008/10/13,0,1157967,-2269689,-1111722
2008/10/14,0,3003000,-863374,2139626
2008/10/15,0,3594000,-3611596,-17596
2008/10/16,0,1000,-700900,-699900
2008/10/17,0,857000,-5322050,-4465050
2008/10/20,0,690000,-2341000,-1651000
2008/10/21,0,1349000,-11059075,-9710075
2008/10/22,0,1743000,-6385535,-4642535
2008/10/23,0,452000,-1158000,-706000
2008/10/24,0,129000,-2015340,-1886340
2008/10/27,0,157000,-2564000,-2407000
2008/10/28,0,473000,-4752463,-4279463
2008/10/29,0,1349000,-4704000,-3355000
2008/10/30,0,2446000,-388000,2058000
2008/10/31,0,6281000,-4518000,1763000
2008/11/03,0,1708000,-3489998,-1781998
2008/11/04,0,2390000,-6782856,-4392856
2008/11/05,0,4457000,-1292000,3165000
2008/11/06,0,1483000,-3861000,-2378000
2008/11/07,0,2970000,-3748278,-778278
2008/11/10,0,3764000,-491000,3273000
2008/11/11,0,6559000,-1166580,5392420
2008/11/12,0,2461000,-2349000,112000
2008/11/13,0,721000,-3603000,-2882000
2008/11/14,0,516000,-1696000,-1180000
2008/11/17,0,1559000,-2467237,-908237
2008/11/18,0,914000,-972000,-58000
2008/11/19,0,2157000,-1736318,420682
2008/11/20,0,422000,-1850672,-1428672
2008/11/21,0,1237000,-1030000,207000
2008/11/24,0,582000,-1021239,-439239
2008/11/25,0,4224000,-1526861,2697139
2008/11/26,0,1886000,-4309348,-2423348
2008/11/27,0,3816000,-801000,3015000
2008/11/28,0,2371000,-1951534,419466
2008/12/01,0,3481000,-953000,2528000
2008/12/02,0,2676000,-8571000,-5895000
2008/12/03,0,2878000,-3736689,-858689
2008/12/04,0,1001000,-1709643,-708643
2008/12/05,0,5244000,-6038617,-794617
2008/12/08,0,9231000,-357156,8873844
2008/12/09,0,5071000,-1062000,4009000
2008/12/10,0,5539377,-595079,4944298
2008/12/11,0,7097000,-714439,6382561
2008/12/12,0,1591000,-2931219,-1340219
2008/12/15,0,4408000,-685397,3722603
2008/12/16,0,4120000,-646000,3474000
2008/12/17,0,11288000,-1009000,10279000
2008/12/18,0,3324000,-6145927,-2821927
2008/12/19,0,4558000,-3204000,1354000
2008/12/22,0,1674000,-3980000,-2306000
2008/12/23,0,456000,-3027000,-2571000
2008/12/24,0,3573917,-1145000,2428917
2008/12/25,0,69000,-951000,-882000
2008/12/26,0,350000,-252000,98000
2008/12/29,0,1032000,-502000,530000
2008/12/30,0,6422000,-168000,6254000
2008/12/31,0,1532000,-1067000,465000
2009/01/01,0,0,0,0
2009/01/02,0,0,0,0
2009/01/05,0,2647000,-6164000,-3517000
2009/01/06,0,11864965,-7386000,4478965
2009/01/07,0,6039898,-584000,5455898
2009/01/08,0,8532000,-4456000,4076000
2009/01/09,0,1310000,-1654000,-344000
2009/01/12,0,456909,-2834000,-2377091
2009/01/13,0,4881000,-1058017,3822983
2009/01/14,0,7636000,-3094200,4541800
2009/01/15,0,3504000,-9108100,-5604100
2009/01/16,0,9271000,-4092000,5179000
2009/01/19,0,4490000,-665582,3824418
2009/01/20,0,5176000,-5981000,-805000
2009/01/21,0,1145000,-4809547,-3664547
2009/01/22,0,0,0,0
2009/01/23,0,0,0,0
2009/01/26,0,0,0,0
2009/01/27,0,0,0,0
2009/01/28,0,0,0,0
2009/01/29,0,0,0,0
2009/01/30,0,0,0,0
2009/02/02,0,11057315,-10050559,1006756
2009/02/03,0,6974000,-1647799,5326201
2009/02/04,0,3639000,-2159000,1480000
2009/02/05,0,10507000,-2543269,7963731
2009/02/06,0,3151000,-634000,2517000
2009/02/09,0,2327000,-2228000,99000
2009/02/10,0,3784000,-828000,2956000
2009/02/11,0,17662933,-9924744,7738189
2009/02/12,0,11624000,-4657000,6967000
2009/02/13,0,3424000,-1265679,2158321
2009/02/16,0,1250000,-1454000,-204000
2009/02/17,0,6694000,-1890509,4803491
2009/02/18,0,3059000,-3613000,-554000
2009/02/19,0,25225000,-10602000,14623000
2009/02/20,0,1002100,-3963000,-2960900
2009/02/23,0,1669000,-2916676,-1247676
2009/02/24,0,188000,-5197510,-5009510
2009/02/25,0,9990000,-2063870,7926130
2009/02/26,0,5584000,-3367580,2216420
2009/02/27,0,4885000,-11450420,-6565420
2009/03/02,0,15350449,-6012019,9338430
2009/03/03,0,4383000,-3735000,648000
2009/03/04,0,3110000,-3719000,-609000
2009/03/05,0,9835000,-4187000,5648000
2009/03/06,0,3703000,-12954000,-9251000
2009/03/09,0,3067000,-3620000,-553000
2009/03/10,0,14756000,-1858833,12897167
2009/03/11,0,11681000,-2739024,8941976
2009/03/12,0,6709000,-341000,6368000
2009/03/13,0,17790000,-6334000,11456000
2009/03/16,0,7995000,-44354827,-36359827
2009/03/17,0,9843000,-30992381,-21149381
2009/03/18,0,4758000,-7694719,-2936719
2009/03/19,0,5363000,-26292965,-20929965
2009/03/20,0,2915000,-12196000,-9281000
2009/03/23,0,3091000,-2986000,105000
2009/03/24,0,3069000,-3498000,-429000
2009/03/25,0,6653000,-1336870,5316130
2009/03/26,0,5794000,-4095000,1699000
2009/03/27,0,1696000,-3236000,-1540000
2009/03/30,0,10194000,-1664000,8530000
2009/03/31,0,3152000,-6219386,-3067386
2009/04/01,0,19265000,-7072000,12193000
2009/04/02,0,13690000,-7333000,6357000
2009/04/03,0,11060000,-7163810,3896190
2009/04/06,0,8300000,-635000,7665000
2009/04/07,0,8579000,-2003000,6576000
2009/04/08,0,5408000,-10280000,-4872000
2009/04/09,0,8255715,-3015000,5240715
2009/04/10,0,4890000,-224000,4666000
2009/04/13,0,4096000,-1364000,2732000
2009/04/14,0,5995000,-3461000,2534000
2009/04/15,0,4740000,-2330189,2409811
2009/04/16,0,5796000,-2113000,3683000
2009/04/17,0,18956522,-1425000,17531522
2009/04/20,0,5597000,-1515000,4082000
2009/04/21,0,4203000,-2543000,1660000
2009/04/22,0,3405000,-2555000,850000
2009/04/23,0,4940057,-4418057,522000
2009/04/24,0,4509000,-7185000,-2676000
2009/04/27,0,7640166,-2357276,5282890
2009/04/28,0,3814000,-8204000,-4390000
2009/04/29,0,11028677,-10819000,209677
2009/04/30,0,23371000,-6408020,16962980
2009/05/01,0,0,0,0
2009/05/04,0,8733744,-21366000,-12632256
2009/05/05,0,9283000,-6926000,2357000
2009/05/06,0,4486000,-5011000,-525000
2009/05/07,0,6973000,-5096000,1877000
2009/05/08,0,12204000,-10566000,1638000
2009/05/11,0,8466000,-4805800,3660200
2009/05/12,0,11200000,-4997000,6203000
2009/05/13,0,10706000,-2540000,8166000
2009/05/14,0,16106000,-2917085,13188915
2009/05/15,0,3652000,-3203000,449000
2009/05/18,0,4785000,-3711000,1074000
2009/05/19,0,4247000,-436000,3811000
2009/05/20,0,13879000,-1706000,12173000
2009/05/21,0,22803000,-3631000,19172000
2009/05/22,0,3129000,-3968000,-839000
2009/05/25,0,2342000,-4764942,-2422942
2009/05/26,0,3985000,-2670000,1315000
2009/05/27,0,6594107,-3983000,2611107
2009/05/28,0,0,0,0
2009/05/29,0,0,0,0
2009/06/01,0,5956000,-3082000,2874000
2009/06/02,0,12163000,-1967000,10196000
2009/06/03,0,4566000,-3086000,1480000
2009/06/04,0,16939000,-2448492,14490508
2009/06/05,0,4562000,-1289738,3272262
2009/06/08,0,9465981,-3189000,6276981
2009/06/09,0,5798358,-1012000,4786358
2009/06/10,0,1024000,-313427,710573
2009/06/11,0,6666000,-4132000,2534000
2009/06/12,0,1013000,-2233000,-1220000
2009/06/15,0,8648000,-2071000,6577000
2009/06/16,0,8868000,-3430190,5437810
2009/06/17,0,2600000,-3107000,-507000
2009/06/18,0,4087000,-2533000,1554000
2009/06/19,0,2675000,-2304009,370991
2009/06/22,0,5871000,-2966000,2905000
2009/06/23,0,1269722,-3813000,-2543278
2009/06/24,0,9371000,-3988594,5382406
2009/06/25,0,13316000,-1034000,12282000
2009/06/26,0,13726000,-1932300,11793700
2009/06/29,0,7681000,-6864000,817000
2009/06/30,0,5930000,-1714306,4215694
2009/07/01,0,9613000,-732000,8881000
2009/07/02,0,9539000,-3484000,6055000
2009/07/03,0,5262000,-4404841,857159
2009/07/06,0,733000,-1119244,-386244
2009/07/07,0,7117000,-922928,6194072
2009/07/08,0,609000,-2084000,-1475000
2009/07/09,0,7120000,-12632419,-5512419
2009/07/10,0,1172000,-597000,575000
2009/07/13,0,840000,-7081000,-6241000
2009/07/14,0,3807000,-7830040,-4023040
2009/07/15,0,7414000,-3449000,3965000
2009/07/16,0,14520000,-6904942,7615058
2009/07/17,0,5640693,-364395,5276298
2009/07/20,0,10773000,-2780000,7993000
2009/07/21,0,14500000,-1644200,12855800
2009/07/22,0,6956000,-1264000,5692000
2009/07/23,0,14881600,-4189510,10692090
2009/07/24,0,626000,-4597760,-3971760
2009/07/27,0,13312000,-714000,12598000
2009/07/28,0,5424000,-3775000,1649000
2009/07/29,0,6474000,-16461886,-9987886
2009/07/30,0,8170000,-4185000,3985000
2009/07/31,0,3828000,-22023000,-18195000
2009/08/03,0,3877000,-15072000,-11195000
2009/08/04,0,776000,-12957000,-12181000
2009/08/05,0,862000,-9524039,-8662039
2009/08/06,0,494000,-8272000,-7778000
2009/08/07,0,0,0,0
2009/08/10,0,1063014,-14778855,-13715841
2009/08/11,0,2749000,-20379142,-17630142
2009/08/12,0,1400000,-5755000,-4355000
2009/08/13,0,7981000,-903136,7077864
2009/08/14,0,3242800,-3971000,-728200
2009/08/17,0,2629000,-7278377,-4649377
2009/08/18,0,1339000,-2267000,-928000
2009/08/19,0,1444000,-3496842,-2052842
2009/08/20,0,233000,-6692174,-6459174
2009/08/21,0,875000,-4487747,-3612747
2009/08/24,0,4374000,-3669000,705000
2009/08/25,0,1285000,-2983274,-1698274
2009/08/26,0,949000,-2231000,-1282000
2009/08/27,0,16894000,-5823820,11070180
2009/08/28,0,9157000,-1995000,7162000
2009/08/31,0,5994424,-4735076,1259348
2009/09/01,0,7248219,-6845831,402388
2009/09/02,0,2072000,-2737514,-665514
2009/09/03,0,14111200,-1251000,12860200
2009/09/04,0,2303000,-1602000,701000
2009/09/07,0,933000,-2417334,-1484334
2009/09/08,0,7973000,-5720000,2253000
2009/09/09,0,7105000,-956000,6149000
2009/09/10,0,13051447,-1938700,11112747
2009/09/11,0,4030049,-5555000,-1524951
2009/09/14,0,5906000,-3550000,2356000
2009/09/15,0,8240000,-351000,7889000
2009/09/16,0,6169000,-1268412,4900588
2009/09/17,0,5543000,-400240,5142760
2009/09/18,0,5381000,-1787000,3594000
2009/09/21,0,2575000,-1112000,1463000
2009/09/22,0,707000,-35000,672000
2009/09/23,0,1095000,-3484695,-2389695
2009/09/24,0,2032000,-1256000,776000
2009/09/25,0,7177545,-1244000,5933545
2009/09/28,0,1403000,-840000,563000
2009/09/29,0,8767768,-1815000,6952768
2009/09/30,0,8541000,-879833,7661167
2009/10/01,0,15182000,-1757002,13424998
2009/10/02,0,5428205,-5569568,-141363
2009/10/05,0,6510611,-6243611,267000
2009/10/06,0,27084274,-1931059,25153215
2009/10/07,0,5860052,-1135740,4724312
2009/10/08,0,5065000,-2842000,2223000
2009/10/09,0,8163000,-1095000,7068000
2009/10/12,0,3339000,-1059000,2280000
2009/10/13,0,2160630,-6807577,-4646947
2009/10/14,0,4566233,-13020025,-8453792
2009/10/15,0,9004000,-5135508,3868492
2009/10/16,0,4429275,-19474799,-15045524
2009/10/19,0,3255000,-259734,2995266
2009/10/20,0,1632439,-1417000,215439
2009/10/21,0,3899000,-14620471,-10721471
2009/10/22,0,4547040,-4547921,-881
2009/10/23,0,12195000,-833000,11362000
2009/10/26,0,13084000,-720000,12364000
2009/10/27,0,2402000,-7626408,-5224408
2009/10/28,0,2513000,-5751973,-3238973
2009/10/29,0,295000,-3734626,-3439626
2009/10/30,0,4210000,-3579000,631000
2009/11/02,0,870000,-5690498,-4820498
2009/11/03,0,152000,-7880258,-7728258
2009/11/04,0,2163252,-14612378,-12449126
2009/11/05,0,5873000,-4925000,948000
2009/11/06,0,6607000,-6565002,41998
2009/11/09,0,2239000,-3561000,-1322000
2009/11/10,0,4933000,-8289102,-3356102
2009/11/11,0,5165000,-6294609,-1129609
2009/11/12,0,2833000,-11299302,-8466302
2009/11/13,0,7034000,-16106455,-9072455
2009/11/16,0,3075000,-7884000,-4809000
2009/11/17,0,6424000,-5788000,636000
2009/11/18,0,4073000,-9406871,-5333871
2009/11/19,0,3021160,-983000,2038160
2009/11/20,0,2846000,-3359000,-513000
2009/11/23,0,974000,-721000,253000
2009/11/24,0,1447000,-43000,1404000
2009/11/25,0,7683000,-4616479,3066521
2009/11/26,0,660032,-7582692,-6922660
2009/11/27,0,777000,-13870897,-13093897
2009/11/30,0,5473659,-6256834,-783175
2009/12/01,0,3674000,-6071132,-2397132
2009/12/02,0,4373000,-10224857,-5851857
2009/12/03,0,6271067,-4502415,1768652
2009/12/04,0,7501000,-2694000,4807000
2009/12/07,0,5768997,-6638140,-869143
2009/12/08,0,5326000,-4119000,1207000
2009/12/09,0,2105000,-3166720,-1061720
2009/12/10,0,3381810,-7480157,-4098347
2009/12/11,0,7319000,-4221244,3097756
2009/12/14,0,9271000,-796000,8475000
2009/12/15,0,5716000,-149000,5567000
2009/12/16,0,2826000,-426590,2399410
2009/12/17,0,4274130,-986000,3288130
2009/12/18,0,2803000,-1781000,1022000
2009/12/21,0,2497000,-76000,2421000
2009/12/22,0,9761000,-162436,9598564
2009/12/23,0,2802000,-359790,2442210
2009/12/24,0,8814000,-437000,8377000
2009/12/25,0,998000,-509000,489000
2009/12/28,0,5138000,-1751000,3387000
2009/12/29,0,5499990,-4079678,1420312
2009/12/30,0,8153000,-2975019,5177981
2009/12/31,0,8319000,-568934,7750066
2010/01/01,0,0,0,0
2010/01/04,0,9307000,-1367000,7940000
2010/01/05,0,1443000,-4394000,-2951000
2010/01/06,0,5125000,-2378248,2746752
2010/01/07,0,4095000,-1611957,2483043
2010/01/08,0,3222690,-13527000,-10304310
2010/01/11,0,2329000,-1749509,579491
2010/01/12,0,6416596,-1241079,5175517
2010/01/13,0,4687000,-1281002,3405998
2010/01/14,0,938000,-1964720,-1026720
2010/01/15,0,1515000,-3764000,-2249000
2010/01/18,0,1413000,-2550949,-1137949
2010/01/19,0,6092000,-9600853,-3508853
2010/01/20,0,6059000,-4373289,1685711
2010/01/21,0,8099000,-1576000,6523000
2010/01/22,0,6707000,-6418000,289000
2010/01/25,0,4247890,-5254000,-1006110
2010/01/26,0,4146000,-9093426,-4947426
2010/01/27,0,1022000,-1310790,-288790
2010/01/28,0,1458000,-4682286,-3224286
2010/01/29,0,10821499,-4063820,6757679
2010/02/01,0,2621000,-7562420,-4941420
2010/02/02,0,747000,-3683410,-2936410
2010/02/03,0,1736730,-945000,791730
2010/02/04,0,2999000,-4044000,-1045000
2010/02/05,0,1254000,-4251430,-2997430
2010/02/08,0,767000,-3157373,-2390373
2010/02/09,0,4812000,-1744050,3067950
2010/02/10,0,4072000,-2288000,1784000
2010/02/11,0,0,0,0
2010/02/12,0,0,0,0
2010/02/15,0,0,0,0
2010/02/16,0,0,0,0
2010/02/17,0,0,0,0
2010/02/18,0,0,0,0
2010/02/19,0,0,0,0
2010/02/22,0,8156000,-2915678,5240322
2010/02/23,0,6688000,-2830925,3857075
2010/02/24,0,4307000,-7399000,-3092000
2010/02/25,0,6136550,-6786855,-650305
2010/02/26,0,3087368,-4114000,-1026632
2010/03/01,0,8085000,-3694347,4390653
2010/03/02,0,2360000,-1573000,787000
2010/03/03,0,4364000,-1470055,2893945
2010/03/04,0,2474000,-4247069,-1773069
2010/03/05,0,3936000,-912000,3024000
2010/03/08,0,3523000,-282500,3240500
2010/03/09,0,7547120,-640000,6907120
2010/03/10,0,2120403,-1230277,890126
2010/03/11,0,15906000,-3679000,12227000
2010/03/12,0,13723000,-12392130,1330870
2010/03/15,0,1699000,-6793900,-5094900
2010/03/16,0,1651000,-1699049,-48049
2010/03/17,0,19785797,-2268797,17517000
2010/03/18,0,13106500,-2127911,10978589
2010/03/19,0,8753224,-1558000,7195224
2010/03/22,0,1399797,-2467550,-1067753
2010/03/23,0,2499000,-6788695,-4289695
2010/03/24,0,18382944,-1737000,16645944
2010/03/25,0,36118437,-5146930,30971507
2010/03/26,0,18699000,-12777004,5921996
2010/03/29,0,10169000,-2500000,7669000
2010/03/30,0,16556960,-7404000,9152960
2010/03/31,0,21494000,-3364118,18129882
2010/04/01,0,12746487,-4230896,8515591
2010/04/02,0,7938000,-2127000,5811000
2010/04/05,0,0,0,0
2010/04/06,0,9696470,-11058000,-1361530
2010/04/07,0,5252980,-2522069,2730911
2010/04/08,0,7438000,-6751136,686864
2010/04/09,0,3743000,-5337670,-1594670
2010/04/12,0,1664910,-1027000,637910
2010/04/13,0,2982000,-1910000,1072000
2010/04/14,0,1959000,-5250240,-3291240
2010/04/15,0,2901000,-7657841,-4756841
2010/04/16,0,2467500,-1243000,1224500
2010/04/19,0,4291000,-11074785,-6783785
2010/04/20,0,5020000,-5116000,-96000
2010/04/21,0,4024000,-7578676,-3554676
2010/04/22,0,2734000,-4294990,-1560990
2010/04/23,0,1687000,-1384000,303000
2010/04/26,0,13689000,-187000,13502000
2010/04/27,0,4323907,-6805890,-2481983
2010/04/28,0,3605000,-7741100,-4136100
2010/04/29,0,11251000,-4416112,6834888
2010/04/30,0,11364000,-8224530,3139470
2010/05/03,0,4275772,-2550058,1725714
2010/05/04,0,3196000,-6468000,-3272000
2010/05/05,0,1088068,-8078430,-6990362
2010/05/06,0,3168661,-8669000,-5500339
2010/05/07,0,2625409,-8530868,-5905459
2010/05/10,0,698530,-4181820,-3483290
2010/05/11,0,832000,-4496000,-3664000
2010/05/12,0,2140007,-1206000,934007
2010/05/13,0,14687000,-1179000,13508000
2010/05/14,0,11727000,-1379000,10348000
2010/05/17,0,10113000,-5529000,4584000
2010/05/18,0,1243000,-2295000,-1052000
2010/05/19,0,9019000,-7468512,1550488
2010/05/20,0,8372000,-6520566,1851434
2010/05/21,0,5270000,-2860450,2409550
2010/05/24,0,1852000,-3501000,-1649000
2010/05/25,0,4450000,-13215000,-8765000
2010/05/26,0,6505000,-8463260,-1958260
2010/05/27,0,2178903,-1307640,871263
2010/05/28,0,3490000,-4502000,-1012000
2010/05/31,0,4250000,-936000,3314000
2010/06/01,0,1615000,-2840000,-1225000
2010/06/02,0,4278000,-1661000,2617000
2010/06/03,0,7221000,-2566846,4654154
2010/06/04,0,1946000,-182000,1764000
2010/06/07,0,1645000,-2983143,-1338143
2010/06/08,0,4544000,-3428000,1116000
2010/06/09,0,5769950,-3041000,2728950
2010/06/10,0,4881000,-2190000,2691000
2010/06/11,0,6896954,-2870637,4026317
2010/06/14,0,5242524,-973000,4269524
2010/06/15,0,4100168,-2204790,1895378
2010/06/16,0,0,0,0
2010/06/17,0,9441521,-4499657,4941864
2010/06/18,0,11532064,-3778018,7754046
2010/06/21,0,11583634,-3383469,8200165
2010/06/22,0,2423065,-2479919,-56854
2010/06/23,0,5608979,-4641260,967719
2010/06/24,0,2244000,-1917910,326090
2010/06/25,0,323744,-2762780,-2439036
2010/06/28,0,1396000,-1123000,273000
2010/06/29,0,6519304,-6603136,-83832
2010/06/30,0,5701000,-6746000,-1045000
2010/07/01,0,1370000,-7668090,-6298090
2010/07/02,0,2408000,-2044170,363830
2010/07/05,0,3910014,-1731134,2178880
2010/07/06,0,3243000,-3067000,176000
2010/07/07,0,2487070,-2013821,473249
2010/07/08,0,4853000,-646337,4206663
2010/07/09,0,6038789,-810000,5228789
2010/07/12,0,4910944,-1317992,3592952
2010/07/13,0,5006000,-2296323,2709677
2010/07/14,0,9154870,-307595,8847275
2010/07/15,0,5493000,-728000,4765000
2010/07/16,0,6418646,-639000,5779646
2010/07/19,0,3039000,-1394000,1645000
2010/07/20,0,5443000,-2784000,2659000
2010/07/21,0,8379000,-11282000,-2903000
2010/07/22,0,6252215,-18645004,-12392789
2010/07/23,0,7035000,-8105000,-1070000
2010/07/26,0,3101550,-4365000,-1263450
2010/07/27,0,3578793,-11293259,-7714466
2010/07/28,0,6901000,-18505000,-11604000
2010/07/29,0,3190000,-2044031,1145969
2010/07/30,0,3985000,-2123632,1861368
2010/08/02,0,6059000,-7685000,-1626000
2010/08/03,0,2224000,-13635000,-11411000
2010/08/04,0,2988000,-7264871,-4276871
2010/08/05,0,3912000,-32663280,-28751280
2010/08/06,0,12720000,-21834000,-9114000
2010/08/09,0,1725000,-2924000,-1199000
2010/08/10,0,1621000,-2373000,-752000
2010/08/11,0,7158000,-1456465,5701535
2010/08/12,0,4696000,-3769661,926339
2010/08/13,0,2420811,-8823681,-6402870
2010/08/16,0,5416000,-2396000,3020000
2010/08/17,0,2514000,-4870000,-2356000
2010/08/18,0,9662000,-5524000,4138000
2010/08/19,0,5663000,-2574000,3089000
2010/08/20,0,3914000,-515000,3399000
2010/08/23,0,5411000,-2554000,2857000
2010/08/24,0,1669000,-8608548,-6939548
2010/08/25,0,5866000,-9181129,-3315129
2010/08/26,0,14133000,-9646000,4487000
2010/08/27,0,8953000,-8650027,302973
2010/08/30,0,5108582,-6831000,-1722418
2010/08/31,0,8250467,-6415000,1835467
2010/09/01,0,4728000,-4899354,-171354
2010/09/02,0,3507000,-1078911,2428089
2010/09/03,0,2992000,-997000,1995000
2010/09/06,0,4839000,-1129000,3710000
2010/09/07,0,921000,-1091352,-170352
2010/09/08,0,4908020,-4292502,615518
2010/09/09,0,5020000,-1431000,3589000
2010/09/10,0,5148080,-4792443,355637
2010/09/13,0,6115000,-917922,5197078
2010/09/14,0,9328633,-1563000,7765633
2010/09/15,0,4864507,-2357000,2507507
2010/09/16,0,3718000,-3321658,396342
2010/09/17,0,4841000,-2230000,2611000
2010/09/20,0,2815000,-355000,2460000
2010/09/21,0,10215000,-5174000,5041000
2010/09/22,0,0,0,0
2010/09/23,0,27963000,-10579139,17383861
2010/09/24,0,14282120,-3151000,11131120
2010/09/27,0,25864210,-5406000,20458210
2010/09/28,0,22201400,-3835000,18366400
2010/09/29,0,11268000,-2807000,8461000
2010/09/30,0,12900120,-26511478,-13611358
2010/10/01,0,7151200,-5389000,1762200
2010/10/04,0,3102370,-6393000,-3290630
2010/10/05,0,2426870,-1351630,1075240
2010/10/06,0,2591220,-695000,1896220
2010/10/07,0,5458070,-1844664,3613406
2010/10/08,0,15193090,-2281464,12911626
2010/10/11,0,15595901,-8736630,6859271
2010/10/12,0,9873760,-2500000,7373760
2010/10/13,0,2877130,-5075618,-2198488
2010/10/14,0,3420950,-2866000,554950
2010/10/15,0,1474610,-3666625,-2192015
2010/10/18,0,1451000,-14417000,-12966000
2010/10/19,0,3838000,-4987814,-1149814
2010/10/20,0,3842065,-4137000,-294935
2010/10/21,0,1729000,-2160000,-431000
2010/10/22,0,1775004,-1271000,504004
2010/10/25,0,5190000,-930249,4259751
2010/10/26,0,3723000,-2194415,1528585
2010/10/27,0,2807960,-559000,2248960
2010/10/28,0,7253302,-15120000,-7866698
2010/10/29,0,6155000,-12051000,-5896000
2010/11/01,0,4900026,-5895000,-994974
2010/11/02,0,2048000,-4305405,-2257405
2010/11/03,0,7755000,-12662000,-4907000
2010/11/04,0,9749506,-15903000,-6153494
2010/11/05,0,2591000,-4368693,-1777693
2010/11/08,0,1201000,-3386962,-2185962
2010/11/09,0,1832000,-7640000,-5808000
2010/11/10,0,6406000,-20982100,-14576100
2010/11/11,0,2515404,-7007803,-4492399
2010/11/12,0,8105000,-2669000,5436000
2010/11/15,0,738130,-1172074,-433944
2010/11/16,0,5215000,-8028000,-2813000
2010/11/17,0,2643000,-2283000,360000
2010/11/18,0,1489253,-2369321,-880068
2010/11/19,0,4803360,-4076000,727360
2010/11/22,0,1104690,-975485,129205
2010/11/23,0,7646840,-2212000,5434840
2010/11/24,0,5456000,-6847000,-1391000
2010/11/25,0,908000,-862000,46000
2010/11/26,0,5723000,-1111000,4612000
2010/11/29,0,4095132,-1202000,2893132
2010/11/30,0,4492595,-3390773,1101822
2010/12/01,0,3839000,-3650900,188100
2010/12/02,0,3169000,-1736223,1432777
2010/12/03,0,1999000,-4223793,-2224793
2010/12/06,0,1429000,-4360173,-2931173
2010/12/07,0,3788800,-3080026,708774
2010/12/08,0,2367000,-4691000,-2324000
2010/12/09,0,5392000,-4097540,1294460
2010/12/10,0,10837923,-3947000,6890923
2010/12/13,0,2606000,-912000,1694000
2010/12/14,0,3293000,-5444331,-2151331
2010/12/15,0,5949000,-3222000,2727000
2010/12/16,0,3182500,-7529000,-4346500
2010/12/17,0,1890000,-2568000,-678000
2010/12/20,0,4961360,-2136000,2825360
2010/12/21,0,3744000,-1703380,2040620
2010/12/22,0,9162480,-9214790,-52310
2010/12/23,0,1743000,-841000,902000
2010/12/24,0,2077000,-857000,1220000
2010/12/27,0,2091000,-759000,1332000
2010/12/28,0,1739000,-436000,1303000
2010/12/29,0,7769560,-810284,6959276
2010/12/30,0,9234000,-2602000,6632000
2010/12/31,0,1959000,-1023810,935190
2011/01/03,0,2302000,-1266793,1035207
2011/01/04,0,4946000,-420000,4526000
2011/01/05,0,15283700,-4650644,10633056
2011/01/06,0,19395000,-2710000,16685000
2011/01/07,0,10334000,-11532000,-1198000
2011/01/10,0,16673000,-5146000,11527000
2011/01/11,0,6334000,-3356000,2978000
2011/01/12,0,6110000,-9999000,-3889000
2011/01/13,0,7300487,-3277000,4023487
2011/01/14,0,3426238,-275000,3151238
2011/01/17,0,6756834,-1027000,5729834
2011/01/18,0,2297000,-2346519,-49519
2011/01/19,0,2232000,-2744000,-512000
2011/01/20,0,5408335,-1991642,3416693
2011/01/21,0,2294945,-10268000,-7973055
2011/01/24,0,2062000,-1853773,208227
2011/01/25,0,3902000,-2850530,1051470
2011/01/26,0,20141000,-10695141,9445859
2011/01/27,0,7227000,-3305020,3921980
2011/01/28,0,4876868,-6275000,-1398132
2011/01/31,0,0,0,0
2011/02/01,0,0,0,0
2011/02/02,0,0,0,0
2011/02/03,0,0,0,0
2011/02/04,0,0,0,0
2011/02/07,0,0,0,0
2011/02/08,0,18562000,-5650000,12912000
2011/02/09,0,8435000,-1791270,6643730
2011/02/10,0,6553000,-12308380,-5755380
2011/02/11,0,7449000,-13475000,-6026000
2011/02/14,0,3853000,-27867307,-24014307
2011/02/15,0,5057000,-3569747,1487253
2011/02/16,0,4229000,-3658037,570963
2011/02/17,0,2603000,-6692860,-4089860
2011/02/18,0,8432000,-4485000,3947000
2011/02/21,0,2052000,-2959000,-907000
2011/02/22,0,11541667,-4914000,6627667
2011/02/23,0,9678117,-15574450,-5896333
2011/02/24,0,3310000,-9577000,-6267000
2011/02/25,0,16405000,-9274221,7130779
2011/02/28,0,0,0,0
2011/03/01,0,2273000,-4931884,-2658884
2011/03/02,0,2450000,-10279837,-7829837
2011/03/03,0,4794000,-9136836,-4342836
2011/03/04,0,8229000,-8383345,-154345
2011/03/07,0,4515000,-3649000,866000
2011/03/08,0,2487000,-11253000,-8766000
2011/03/09,0,1640000,-5232901,-3592901
2011/03/10,0,428000,-2841445,-2413445
2011/03/11,0,1354000,-4505890,-3151890
2011/03/14,0,4648000,-4653556,-5556
2011/03/15,0,5766000,-27467782,-21701782
2011/03/16,0,3989000,-16768535,-12779535
2011/03/17,0,5626000,-15151870,-9525870
2011/03/18,0,7691000,-7775026,-84026
2011/03/21,0,7148000,-14423900,-7275900
2011/03/22,0,9661997,-25230000,-15568003
2011/03/23,0,5087000,-12491848,-7404848
2011/03/24,0,3938000,-5365267,-1427267
2011/03/25,0,8096000,-1620357,6475643
2011/03/28,0,6587000,-2750000,3837000
2011/03/29,0,8798000,-3688715,5109285
2011/03/30,0,3959000,-5551319,-1592319
2011/03/31,0,4526049,-2682180,1843869
2011/04/01,0,4204837,-1132902,3071935
2011/04/04,0,0,0,0
2011/04/05,0,0,0,0
2011/04/06,0,7847345,-9917000,-2069655
2011/04/07,0,1992966,-7872966,-5880000
2011/04/08,0,6810527,-17253000,-10442473
2011/04/11,0,9541739,-786000,8755739
2011/04/12,0,683324,-2202500,-1519176
2011/04/13,0,1869000,-3407885,-1538885
2011/04/14,0,1851000,-3664300,-1813300
2011/04/15,0,1370000,-4216543,-2846543
2011/04/18,0,1073000,-11320318,-10247318
2011/04/19,0,1521798,-14670246,-13148448
2011/04/20,0,3289535,-4881835,-1592300
2011/04/21,0,3531969,-4941893,-1409924
2011/04/22,0,2005000,-122000,1883000
2011/04/25,0,818000,-374000,444000
2011/04/26,0,2396996,-9409700,-7012704
2011/04/27,0,3469000,-2351000,1118000
2011/04/28,0,1604937,-2545042,-940105
2011/04/29,0,3996122,-19153926,-15157804
2011/05/02,0,0,0,0
2011/05/03,0,2880000,-9616000,-6736000
2011/05/04,0,2309000,-6226000,-3917000
2011/05/05,0,877000,-3021000,-2144000
2011/05/06,0,1326115,-5254314,-3928199
2011/05/09,0,6593000,-8071000,-1478000
2011/05/10,0,2160000,-5528000,-3368000
2011/05/11,0,3766000,-4373970,-607970
2011/05/12,0,3466000,-5382000,-1916000
2011/05/13,0,2738000,-8251000,-5513000
2011/05/16,0,1513000,-4305085,-2792085
2011/05/17,0,961000,-4986399,-4025399
2011/05/18,0,2688000,-5279900,-2591900
2011/05/19,0,5717498,-5951160,-233662
2011/05/20,0,2665000,-2797050,-132050
2011/05/23,0,1337000,-6204612,-4867612
2011/05/24,0,1069000,-11964791,-10895791
2011/05/25,0,2882798,-7200945,-4318147
2011/05/26,0,1331663,-3814301,-2482638
2011/05/27,0,975000,-3529663,-2554663
2011/05/30,0,929000,-4580000,-3651000
2011/05/31,0,7593000,-8714088,-1121088
2011/06/01,0,5817000,-6428623,-611623
2011/06/02,0,5160000,-5298000,-138000
2011/06/03,0,1348000,-3275000,-1927000
2011/06/06,0,0,0,0
2011/06/07,0,1119000,-3777993,-2658993
2011/06/08,0,2883000,-2571268,311732
2011/06/09,0,909600,-1244922,-335322
2011/06/10,0,2012600,-1930927,81673
2011/06/13,0,1875000,-4403660,-2528660
2011/06/14,0,3349200,-1031000,2318200
2011/06/15,0,6297000,-11364001,-5067001
2011/06/16,0,3179931,-2246000,933931
2011/06/17,0,6733909,-8702462,-1968553
2011/06/20,0,1173200,-2551648,-1378448
2011/06/21,0,2629090,-2728594,-99504
2011/06/22,0,1562000,-7748000,-6186000
2011/06/23,0,1196652,-14350858,-13154206
2011/06/24,0,5495000,-1780034,3714966
2011/06/27,0,5036000,-4028386,1007614
2011/06/28,0,3817000,-5345072,-1528072
2011/06/29,0,2540200,-3097000,-556800
2011/06/30,0,6091000,-4036000,2055000
2011/07/01,0,6289647,-4150544,2139103
2011/07/04,0,945521,-1882999,-937478
2011/07/05,0,5031352,-2777904,2253448
2011/07/06,0,6371415,-3219030,3152385
2011/07/07,0,6632033,-8740000,-2107967
2011/07/08,0,4812755,-8168703,-3355948
2011/07/11,0,7824328,-4965000,2859328
2011/07/12,0,3445053,-8599558,-5154505
2011/07/13,0,2268346,-3171000,-902654
2011/07/14,0,1567070,-4300000,-2732930
2011/07/15,0,1951500,-2190065,-238565
2011/07/18,0,1623425,-5644000,-4020575
2011/07/19,0,1724000,-2832685,-1108685
2011/07/20,0,4320547,-4000000,320547
2011/07/21,0,6308765,-2070400,4238365
2011/07/22,0,4224398,-5464000,-1239602
2011/07/25,0,1541244,-3175745,-1634501
2011/07/26,0,4532743,-8806751,-4274008
2011/07/27,0,12694785,-11367665,1327120
2011/07/28,0,10744035,-18432044,-7688009
2011/07/29,0,8712763,-9752261,-1039498
2011/08/01,0,12422586,-12394700,27886
2011/08/02,0,2455571,-8476267,-6020696
2011/08/03,0,6866762,-6643000,223762
2011/08/04,0,3827177,-17473000,-13645823
2011/08/05,0,5671850,-12833000,-7161150
2011/08/08,0,5389545,-10500200,-5110655
2011/08/09,0,7222000,-8906770,-1684770
2011/08/10,0,8099000,-23622000,-15523000
2011/08/11,0,8523000,-11256000,-2733000
2011/08/12,0,5776000,-17155304,-11379304
2011/08/15,0,4353572,-1491800,2861772
2011/08/16,0,6034000,-7296369,-1262369
2011/08/17,0,1848543,-12845126,-10996583
2011/08/18,0,3987227,-7145354,-3158127
2011/08/19,0,2446514,-4239000,-1792486
2011/08/22,0,4812732,-8977306,-4164574
2011/08/23,0,3834000,-4692062,-858062
2011/08/24,0,2424624,-5616000,-3191376
2011/08/25,0,5057469,-9687696,-4630227
2011/08/26,0,2072963,-3611315,-1538352
2011/08/29,0,5361000,-2436233,2924767
2011/08/30,0,1196138,-6346000,-5149862
2011/08/31,0,10090076,-3262000,6828076
2011/09/01,0,5219196,-5414932,-195736
2011/09/02,0,1898993,-4408000,-2509007
2011/09/05,0,3195000,-8957122,-5762122
2011/09/06,0,674448,-6036032,-5361584
2011/09/07,0,3348133,-5339000,-1990867
2011/09/08,0,7714441,-6599000,1115441
2011/09/09,0,11462000,-2950000,8512000
2011/09/12,0,0,0,0
2011/09/13,0,3824916,-19417000,-15592084
2011/09/14,0,3998618,-7554529,-3555911
2011/09/15,0,5051000,-6878438,-1827438
2011/09/16,0,8684000,-1909652,6774348
2011/09/19,0,2405913,-1967000,438913
2011/09/20,0,3417436,-3028277,389159
2011/09/21,0,3821851,-6600000,-2778149
2011/09/22,0,13231762,-23945028,-10713266
2011/09/23,0,2850924,-11823000,-8972076
2011/09/26,0,4804271,-13551120,-8746849
2011/09/27,0,3297087,-16586000,-13288913
2011/09/28,0,5125690,-7004000,-1878310
2011/09/29,0,6783509,-11299000,-4515491
2011/09/30,0,5859000,-6296000,-437000
2011/10/03,0,5195045,-10855239,-5660194
2011/10/04,0,5564000,-6327000,-763000
2011/10/05,0,3967000,-5649500,-1682500
2011/10/06,0,3797000,-4150000,-353000
2011/10/07,0,5262000,-2567000,2695000
2011/10/10,0,0,0,0
2011/10/11,0,7939000,-5451524,2487476
2011/10/12,0,5576000,-900246,4675754
2011/10/13,0,3898521,-1859000,2039521
2011/10/14,0,1937703,-729000,1208703
2011/10/17,0,4089036,-842313,3246723
2011/10/18,0,856129,-872000,-15871
2011/10/19,0,2923187,-837000,2086187
2011/10/20,0,3030595,-4013280,-982685
2011/10/21,0,4587372,-2129000,2458372
2011/10/24,0,6172444,-1445000,4727444
2011/10/25,0,3024535,-993000,2031535
2011/10/26,0,3579000,-1941777,1637223
2011/10/27,0,4049000,-6032000,-1983000
2011/10/28,0,7722000,-9198000,-1476000
2011/10/31,0,3006000,-814000,2192000
2011/11/01,0,3699000,-814000,2885000
2011/11/02,0,2648000,-5142000,-2494000
2011/11/03,0,2287000,-11949262,-9662262
2011/11/04,0,2370000,-5525000,-3155000
2011/11/07,0,3384000,-1504821,1879179
2011/11/08,0,4847663,-3420832,1426831
2011/11/09,0,8396000,-4846000,3550000
2011/11/10,0,7513000,-11103968,-3590968
2011/11/11,0,1409000,-8923448,-7514448
2011/11/14,0,3818000,-4784186,-966186
2011/11/15,0,4702000,-2048000,2654000
2011/11/16,0,3589000,-2498000,1091000
2011/11/17,0,611000,-5439806,-4828806
2011/11/18,0,2894001,-6540395,-3646394
2011/11/21,0,3337000,-2806880,530120
2011/11/22,0,4480000,-4373687,106313
2011/11/23,0,7208000,-12911754,-5703754
2011/11/24,0,2055000,-924000,1131000
2011/11/25,0,4663000,-2070000,2593000
2011/11/28,0,2295352,-4045000,-1749648
2011/11/29,0,938000,-6078351,-5140351
2011/11/30,0,8326000,-6769616,1556384
2011/12/01,0,5168000,-6727133,-1559133
2011/12/02,0,2563000,-5594251,-3031251
2011/12/05,0,5019000,-7929000,-2910000
2011/12/06,0,1417000,-2782000,-1365000
2011/12/07,0,3675000,-4815665,-1140665
2011/12/08,0,5615000,-3373000,2242000
2011/12/09,0,3981286,-6544025,-2562739
2011/12/12,0,1366000,-1677000,-311000
2011/12/13,0,4012000,-1826000,2186000
2011/12/14,0,2001000,-3019140,-1018140
2011/12/15,0,2611000,-8808000,-6197000
2011/12/16,0,2429000,-1382659,1046341
2011/12/19,0,2619000,-2559000,60000
2011/12/20,0,3137000,-3120600,16400
2011/12/21,0,3652000,-7680400,-4028400
2011/12/22,0,3787800,-3799000,-11200
2011/12/23,0,3320000,-4142000,-822000
2011/12/26,0,701000,-500000,201000
2011/12/27,0,2745000,-1804000,941000
2011/12/28,0,2605000,-570000,2035000
2011/12/29,0,2162000,-286000,1876000
2011/12/30,0,1761888,-338000,1423888
2012/01/02,0,1522000,-678000,844000
2012/01/03,0,4101000,-3578000,523000
2012/01/04,0,2883000,-1370000,1513000
2012/01/05,0,1376000,-2288000,-912000
2012/01/06,0,1259000,-1518000,-259000
2012/01/09,0,2269000,-4402000,-2133000
2012/01/10,0,6209000,-3335980,2873020
2012/01/11,0,3160000,-1316000,1844000
2012/01/12,0,8372000,-2011000,6361000
2012/01/13,0,5409000,-3873000,1536000
2012/01/16,0,1888000,-5326000,-3438000
2012/01/17,0,2865000,-4163000,-1298000
2012/01/18,0,5215000,-2548000,2667000
2012/01/19,0,0,0,0
2012/01/20,0,0,0,0
2012/01/23,0,0,0,0
2012/01/24,0,0,0,0
2012/01/25,0,0,0,0
2012/01/26,0,0,0,0
2012/01/27,0,0,0,0
2012/01/30,0,8982429,-11330000,-2347571
2012/01/31,0,27300212,-6059500,21240712
2012/02/01,0,6647000,-7673000,-1026000
2012/02/02,0,8249800,-2329000,5920800
2012/02/03,0,8585000,-3807066,4777934
2012/02/06,0,5845000,-4786000,1059000
2012/02/07,0,12324000,-2339000,9985000
2012/02/08,0,5478000,-9032000,-3554000
2012/02/09,0,2687000,-3228404,-541404
2012/02/10,0,6848200,-28580000,-21731800
2012/02/13,0,4831000,-18400000,-13569000
2012/02/14,0,1027419,-10009049,-8981630
2012/02/15,0,4624930,-7826666,-3201736
2012/02/16,0,2739000,-3449823,-710823
2012/02/17,0,3330000,-5259000,-1929000
2012/02/20,0,907000,-3948000,-3041000
2012/02/21,0,1191000,-5932000,-4741000
2012/02/22,0,4682000,-4779000,-97000
2012/02/23,0,2257000,-8772000,-6515000
2012/02/24,0,3502000,-7640000,-4138000
2012/02/27,0,0,0,0
2012/02/28,0,0,0,0
2012/02/29,0,8493049,-5075000,3418049
2012/03/01,0,2062153,-4307000,-2244847
2012/03/02,0,2463293,-8228000,-5764707
2012/03/05,0,2096000,-21521000,-19425000
2012/03/06,0,11524000,-13794300,-2270300
2012/03/07,0,6194000,-4030880,2163120
2012/03/08,0,1443000,-7774969,-6331969
2012/03/09,0,1626000,-9594000,-7968000
2012/03/12,0,731000,-772000,-41000
2012/03/13,0,4472000,-5180049,-708049
2012/03/14,0,3206000,-3180531,25469
2012/03/15,0,2693000,-3153289,-460289
2012/03/16,0,3551000,-6514332,-2963332
2012/03/19,0,1757000,-4004503,-2247503
2012/03/20,0,1261200,-7418009,-6156809
2012/03/21,0,5368282,-9015751,-3647469
2012/03/22,0,4558000,-5864014,-1306014
2012/03/23,0,1174000,-463000,711000
2012/03/26,0,3831000,-4995000,-1164000
2012/03/27,0,938200,-2650182,-1711982
2012/03/28,0,1694000,-1550516,143484
2012/03/29,0,1601000,-4296000,-2695000
2012/03/30,0,3802858,-11996070,-8193212
2012/04/02,0,1108000,-1950000,-842000
2012/04/03,0,4326820,-1530000,2796820
2012/04/04,0,0,0,0
2012/04/05,0,6806000,-4558000,2248000
2012/04/06,0,1173416,-6761000,-5587584
2012/04/09,0,2580000,-3066000,-486000
2012/04/10,0,1516000,-3011000,-1495000
2012/04/11,0,2571000,-6948453,-4377453
2012/04/12,0,4032000,-9415521,-5383521
2012/04/13,0,6110345,-5219121,891224
2012/04/16,0,1656000,-5715000,-4059000
2012/04/17,0,1698000,-2639000,-941000
2012/04/18,0,6172000,-1646000,4526000
2012/04/19,0,2487200,-4262000,-1774800
2012/04/20,0,1276000,-4716365,-3440365
2012/04/23,0,1120000,-1379229,-259229
2012/04/24,0,1465000,-1790000,-325000
2012/04/25,0,5313000,-1871000,3442000
2012/04/26,0,2808000,-5138907,-2330907
2012/04/27,0,1498000,-3980252,-2482252
2012/04/30,0,6572000,-4761652,1810348
2012/05/01,0,0,0,0
2012/05/02,0,3839200,-5851212,-2012012
2012/05/03,0,1596000,-6153853,-4557853
2012/05/04,0,6919000,-5998000,921000
2012/05/07,0,1793000,-10657000,-8864000
2012/05/08,0,578000,-12811692,-12233692
2012/05/09,0,182000,-7032000,-6850000
2012/05/10,0,2302053,-4754993,-2452940
2012/05/11,0,1283289,-3902000,-2618711
2012/05/14,0,3080400,-3448000,-367600
2012/05/15,0,2496000,-5830710,-3334710
2012/05/16,0,1745000,-9121000,-7376000
2012/05/17,0,4430000,-5683370,-1253370
2012/05/18,0,2458000,-4839000,-2381000
2012/05/21,0,5849000,-2372000,3477000
2012/05/22,0,315000,-2775000,-2460000
2012/05/23,0,789739,-6419000,-5629261
2012/05/24,0,2008000,-2054000,-46000
2012/05/25,0,1059000,-5421000,-4362000
2012/05/28,0,650000,-1178000,-528000
2012/05/29,0,1848000,-2196343,-348343
2012/05/30,0,7644000,-7939544,-295544
2012/05/31,0,7832316,-14032952,-6200636
2012/06/01,0,4200000,-2595468,1604532
2012/06/04,0,4877812,-2946000,1931812
2012/06/05,0,10179000,-13009000,-2830000
2012/06/06,0,1264000,-7958286,-6694286
2012/06/07,0,2984625,-3943396,-958771
2012/06/08,0,1809386,-1308000,501386
2012/06/11,0,2194127,-3160000,-965873
2012/06/12,0,2359000,-2704000,-345000
2012/06/13,0,1508035,-3338000,-1829965
2012/06/14,0,2670098,-1778671,891427
2012/06/15,0,18510477,-22786387,-4275910
2012/06/18,0,3913202,-1541000,2372202
2012/06/19,0,7479795,-1887000,5592795
2012/06/20,0,9102335,-2388000,6714335
2012/06/21,0,4687424,-7127500,-2440076
2012/06/22,0,3517152,-10248500,-6731348
2012/06/25,0,567000,-4700439,-4133439
2012/06/26,0,626000,-4565000,-3939000
2012/06/27,0,1944000,-1126000,818000
2012/06/28,0,1642000,-2927000,-1285000
2012/06/29,0,3107000,-444040,2662960
2012/07/02,0,1105000,-2581000,-1476000
2012/07/03,0,5976000,-2316000,3660000
2012/07/04,0,4022766,-2212000,1810766
2012/07/05,0,1733000,-557000,1176000
2012/07/06,0,2559000,-4330000,-1771000
2012/07/09,0,2009000,-2155000,-146000
2012/07/10,0,3122000,-8499000,-5377000
2012/07/11,0,1798000,-12393000,-10595000
2012/07/12,0,2370000,-3976000,-1606000
2012/07/13,0,1966037,-1521000,445037
2012/07/16,0,967000,-1264000,-297000
2012/07/17,0,1860500,-3515000,-1654500
2012/07/18,0,231000,-11792487,-11561487
2012/07/19,0,3328000,-6781000,-3453000
2012/07/20,0,4900000,-6818000,-1918000
2012/07/23,0,1336031,-10238000,-8901969
2012/07/24,0,6914000,-5564000,1350000
2012/07/25,0,908000,-3199000,-2291000
2012/07/26,0,1242000,-3978650,-2736650
2012/07/27,0,1586000,-11265000,-9679000
2012/07/30,0,2268550,-5754000,-3485450
2012/07/31,0,7575065,-5942692,1632373
2012/08/01,0,1584000,-3791000,-2207000
2012/08/02,0,0,0,0
2012/08/03,0,2081517,-6580221,-4498704
2012/08/06,0,4874000,-3389000,1485000
2012/08/07,0,3093000,-2583000,510000
2012/08/08,0,3567000,-2049000,1518000
2012/08/09,0,6487000,-1586000,4901000
2012/08/10,0,2315000,-2112000,203000
2012/08/13,0,1081000,-2521000,-1440000
2012/08/14,0,3624000,-708000,2916000
2012/08/15,0,3854000,-3366000,488000
2012/08/16,0,2594811,-5837326,-3242515
2012/08/17,0,988000,-4012100,-3024100
2012/08/20,0,958000,-1027119,-69119
2012/08/21,0,7908361,-886298,7022063
2012/08/22,0,696018,-2548000,-1851982
2012/08/23,0,1217120,-637000,580120
2012/08/24,0,436000,-932328,-496328
2012/08/27,0,1119000,-685000,434000
2012/08/28,0,2225100,-3963246,-1738146
2012/08/29,0,1080000,-590697,489303
2012/08/30,0,3616000,-4555723,-939723
2012/08/31,0,1545510,-844458,701052
2012/09/03,0,1446000,-880000,566000
2012/09/04,0,3419000,-921000,2498000
2012/09/05,0,1660662,-5648785,-3988123
2012/09/06,0,1100000,-2758594,-1658594
2012/09/07,0,2577000,-294276,2282724
2012/09/10,0,627000,-1213009,-586009
2012/09/11,0,2324000,-907692,1416308
2012/09/12,0,5407000,-4804308,602692
2012/09/13,0,5268000,-3571038,1696962
2012/09/14,0,6925000,-6665000,260000
2012/09/17,0,5998000,-4548000,1450000
2012/09/18,0,5243000,-1579985,3663015
2012/09/19,0,5405800,-1708209,3697591
2012/09/20,0,4102000,-3030000,1072000
2012/09/21,0,5059000,-2757451,2301549
2012/09/24,0,2948000,-1757000,1191000
2012/09/25,0,2688608,-2660000,28608
2012/09/26,0,6836000,-2646000,4190000
2012/09/27,0,6854494,-458389,6396105
2012/09/28,0,3124553,-3507303,-382750
2012/10/01,0,526735,-1323000,-796265
2012/10/02,0,2228000,-1051000,1177000
2012/10/03,0,1587000,-5495000,-3908000
2012/10/04,0,3322000,-9041000,-5719000
2012/10/05,0,1983000,-591000,1392000
2012/10/08,0,2440883,-1504000,936883
2012/10/09,0,6640000,-410658,6229342
2012/10/10,0,0,0,0
2012/10/11,0,915000,-2628000,-1713000
2012/10/12,0,2059000,-8050569,-5991569
2012/10/15,0,641000,-238000,403000
2012/10/16,0,3226621,-4542000,-1315379
2012/10/17,0,1596000,-5488573,-3892573
2012/10/18,0,2196000,-1925472,270528
2012/10/19,0,1508000,-2706447,-1198447
2012/10/22,0,2558000,-1412091,1145909
2012/10/23,0,1616100,-1427246,188854
2012/10/24,0,2701000,-5058241,-2357241
2012/10/25,0,1336000,-6577000,-5241000
2012/10/26,0,2635000,-3152000,-517000
2012/10/29,0,10664300,-4039000,6625300
2012/10/30,0,565000,-3798000,-3233000
2012/10/31,0,2235722,-6934843,-4699121
2012/11/01,0,2022000,-3202000,-1180000
2012/11/02,0,2754000,-1881000,873000
2012/11/05,0,1356100,-1235000,121100
2012/11/06,0,1938000,-1209000,729000
2012/11/07,0,2221000,-980000,1241000
2012/11/08,0,1974000,-8651000,-6677000
2012/11/09,0,1687000,-5535567,-3848567
2012/11/12,0,2795000,-1518000,1277000
2012/11/13,0,1360000,-4696000,-3336000
2012/11/14,0,691000,-1685512,-994512
2012/11/15,0,1255004,-2982000,-1726996
2012/11/16,0,861000,-2341000,-1480000
2012/11/19,0,920000,-1006000,-86000
2012/11/20,0,540000,-3199631,-2659631
2012/11/21,0,1847000,-2017000,-170000
2012/11/22,0,1157000,-500000,657000
2012/11/23,0,6058000,-1201597,4856403
2012/11/26,0,6749000,-920000,5829000
2012/11/27,0,4365000,-1328189,3036811
2012/11/28,0,2227100,-4247668,-2020568
2012/11/29,0,5827000,-1935000,3892000
2012/11/30,0,8125000,-3856807,4268193
2012/12/03,0,3895000,-2093537,1801463
2012/12/04,0,2139000,-3007000,-868000
2012/12/05,0,6704000,-3485000,3219000
2012/12/06,0,5499000,-11459304,-5960304
2012/12/07,0,4545000,-3101000,1444000
2012/12/10,0,2040000,-2882000,-842000
2012/12/11,0,7370563,-1894518,5476045
2012/12/12,0,4030000,-2145000,1885000
2012/12/13,0,2690958,-3347325,-656367
2012/12/14,0,3576037,-330608,3245429
2012/12/17,0,6045000,-3622987,2422013
2012/12/18,0,2210000,-1807000,403000
2012/12/19,0,4432000,-777000,3655000
2012/12/20,0,11242000,-2655037,8586963
2012/12/21,0,4007000,-11251478,-7244478
2012/12/24,0,1376000,-519000,857000
2012/12/25,0,2795000,-386000,2409000
2012/12/26,0,1632000,-359891,1272109
2012/12/27,0,1573580,-858000,715580
2012/12/28,0,10954374,-522000,10432374
2012/12/31,0,0,0,0
2013/01/01,0,0,0,0
2013/01/02,0,7146000,-1029000,6117000
2013/01/03,0,6078000,-451000,5627000
2013/01/04,0,7123000,-5140000,1983000
2013/01/07,0,4197410,-1687969,2509441
2013/01/08,0,6682000,-1408000,5274000
2013/01/09,0,2206000,-658000,1548000
2013/01/10,0,11758000,-4154000,7604000
2013/01/11,0,2258000,-179000,2079000
2013/01/14,0,3193000,-1814000,1379000
2013/01/15,0,5970000,-1341000,4629000
2013/01/16,0,4042000,-1051585,2990415
2013/01/17,0,4463600,-1135000,3328600
2013/01/18,0,1207000,-1293000,-86000
2013/01/21,0,1751000,-447000,1304000
2013/01/22,0,1753000,-441853,1311147
2013/01/23,0,2184000,-189013,1994987
2013/01/24,0,2456842,-1422000,1034842
2013/01/25,0,2324000,-3227725,-903725
2013/01/28,0,6221000,-473000,5748000
2013/01/29,0,2017000,-2053000,-36000
2013/01/30,0,5084000,-4041000,1043000
2013/01/31,0,5392000,-7635000,-2243000
2013/02/01,0,2609000,-2376106,232894
2013/02/04,0,2698000,-3287000,-589000
2013/02/05,0,2595000,-3860000,-1265000
2013/02/06,0,6516000,-5493218,1022782
2013/02/07,0,0,0,0
2013/02/08,0,0,0,0
2013/02/11,0,0,0,0
2013/02/12,0,0,0,0
2013/02/13,0,0,0,0
2013/02/14,0,0,0,0
2013/02/15,0,0,0,0
2013/02/18,0,4026807,-1789278,2237529
2013/02/19,0,2001989,-520000,1481989
2013/02/20,0,3445900,-1056000,2389900
2013/02/21,0,4998000,-1475443,3522557
2013/02/22,0,1015000,-1535000,-520000
2013/02/25,0,2732000,-2149938,582062
2013/02/26,0,2477000,-1758260,718740
2013/02/27,0,2844000,-3485847,-641847
2013/02/28,0,0,0,0
2013/03/01,0,7995000,-1509915,6485085
2013/03/04,0,6134499,-5770000,364499
2013/03/05,0,5030000,-1905000,3125000
2013/03/06,0,808000,-1126000,-318000
2013/03/07,0,1386000,-592103,793897
2013/03/08,0,3366400,-224000,3142400
2013/03/11,0,4659000,-534000,4125000
2013/03/12,0,3870000,-1411972,2458028
2013/03/13,0,2992737,-1231000,1761737
2013/03/14,0,1866291,-1195135,671156
2013/03/15,0,4545000,-2314000,2231000
2013/03/18,0,2200000,-3256000,-1056000
2013/03/19,0,1890000,-2126000,-236000
2013/03/20,0,691000,-5271031,-4580031
2013/03/21,0,1966988,-2692000,-725012
2013/03/22,0,1135000,-1893799,-758799
2013/03/25,0,1120000,-1736000,-616000
2013/03/26,0,3474000,-4308000,-834000
2013/03/27,0,1693000,-1767000,-74000
2013/03/28,0,1617000,-1347349,269651
2013/03/29,0,1612000,-851000,761000
2013/04/01,0,992726,-290000,702726
2013/04/02,0,1798000,-6435000,-4637000
2013/04/03,0,3129000,-14777000,-11648000
2013/04/04,0,0,0,0
2013/04/05,0,0,0,0
2013/04/08,0,3433000,-13459154,-10026154
2013/04/09,0,3207000,-12819408,-9612408
2013/04/10,0,4530000,-8992000,-4462000
2013/04/11,0,3872270,-14188000,-10315730
2013/04/12,0,1394000,-12086600,-10692600
2013/04/15,0,1895174,-4048519,-2153345
2013/04/16,0,4196348,-4473910,-277562
2013/04/17,0,5638000,-8347946,-2709946
2013/04/18,0,4202000,-5802000,-1600000
2013/04/19,0,3685000,-2974335,710665
2013/04/22,0,1178000,-4485534,-3307534
2013/04/23,0,2610000,-6109915,-3499915
2013/04/24,0,5212000,-2852000,2360000
2013/04/25,0,3907605,-488051,3419554
2013/04/26,0,2282000,-1205000,1077000
2013/04/29,0,2557000,-1418711,1138289
2013/04/30,0,7249000,-6978316,270684
2013/05/01,0,0,0,0
2013/05/02,0,1424000,-1962768,-538768
2013/05/03,0,4183000,-2223059,1959941
2013/05/06,0,1055000,-2763375,-1708375
2013/05/07,0,1279000,-5560012,-4281012
2013/05/08,0,5223039,-5985377,-762338
2013/05/09,0,2202144,-4495078,-2292934
2013/05/10,0,2826000,-3258000,-432000
2013/05/13,0,2094000,-2207000,-113000
2013/05/14,0,2710000,-1736000,974000
2013/05/15,0,2801000,-1153000,1648000
2013/05/16,0,2241000,-12165204,-9924204
2013/05/17,0,3059000,-9667129,-6608129
2013/05/20,0,4039000,-6325823,-2286823
2013/05/21,0,1555000,-5941651,-4386651
2013/05/22,0,6847000,-9945717,-3098717
2013/05/23,0,4024123,-13009416,-8985293
2013/05/24,0,2621000,-9208459,-6587459
2013/05/27,0,1404488,-8231916,-6827428
2013/05/28,0,389000,-7660302,-7271302
2013/05/29,0,2431000,-8372595,-5941595
2013/05/30,0,3877000,-16257897,-12380897
2013/05/31,0,171429300,-267982351,-96553051
2013/06/03,0,6515000,-19681754,-13166754
2013/06/04,0,5878000,-10705952,-4827952
2013/06/05,0,6262000,-18397906,-12135906
2013/06/06,0,5565000,-14432183,-8867183
2013/06/07,0,2120000,-18199475,-16079475
2013/06/10,0,2649000,-7231155,-4582155
2013/06/11,0,1888132,-6474000,-4585868
2013/06/12,0,0,0,0
2013/06/13,0,422000,-13303310,-12881310
2013/06/14,0,111000,-14207367,-14096367
2013/06/17,0,326000,-5903371,-5577371
2013/06/18,0,1437000,-7877746,-6440746
2013/06/19,0,338000,-12949864,-12611864
2013/06/20,0,831000,-9956895,-9125895
2013/06/21,0,2271460,-18521746,-16250286
2013/06/24,0,1392000,-11089113,-9697113
2013/06/25,0,1028000,-9130000,-8102000
2013/06/26,0,648000,-7327916,-6679916
2013/06/27,0,1776000,-5336000,-3560000
2013/06/28,0,1054000,-2224000,-1170000
2013/07/01,0,2651000,-2093000,558000
2013/07/02,0,173000,-5248698,-5075698
2013/07/03,0,1142000,-3172000,-2030000
2013/07/04,0,63000,-3858000,-3795000
2013/07/05,0,373000,-6349076,-5976076
2013/07/08,0,303000,-3639000,-3336000
2013/07/09,0,62000,-1536521,-1474521
2013/07/10,0,183000,-4423000,-4240000
2013/07/11,0,323000,-2717000,-2394000
2013/07/12,0,2927000,-1240000,1687000
2013/07/15,0,1572000,-2774253,-1202253
2013/07/16,0,1146000,-3382288,-2236288
2013/07/17,0,1308000,-1252000,56000
2013/07/18,0,2490000,-1072000,1418000
2013/07/19,0,1053274,-1369000,-315726
2013/07/22,0,1910000,-1978000,-68000
2013/07/23,0,599000,-562000,37000
2013/07/24,0,60000,-1552000,-1492000
2013/07/25,0,159000,-1733000,-1574000
2013/07/26,0,235000,-963000,-728000
2013/07/29,0,160000,-7884000,-7724000
2013/07/30,0,559000,-942000,-383000
2013/07/31,0,389000,-6498375,-6109375
2013/08/01,0,410000,-4087478,-3677478
2013/08/02,0,1676000,-1814000,-138000
2013/08/05,0,3130000,-1512000,1618000
2013/08/06,0,554000,-1613000,-1059000
2013/08/07,0,524000,-571000,-47000
2013/08/08,0,1012000,-979670,32330
2013/08/09,0,2464000,-1103001,1360999
2013/08/12,0,2059000,-2606000,-547000
2013/08/13,0,902000,-722000,180000
2013/08/14,0,839000,-367151,471849
2013/08/15,0,1228000,-880000,348000
2013/08/16,0,1681754,-1172000,509754
2013/08/19,0,104000,-1169570,-1065570
2013/08/20,0,1254000,-1125000,129000
2013/08/21,0,0,0,0
2013/08/22,0,5116000,-2960000,2156000
2013/08/23,0,5429000,-1116000,4313000
2013/08/26,0,1426000,-744000,682000
2013/08/27,0,2483000,-2116000,367000
2013/08/28,0,1396000,-2429584,-1033584
2013/08/29,0,597000,-1137000,-540000
2013/08/30,0,1757000,-4011174,-2254174
2013/09/02,0,276000,-2054000,-1778000
2013/09/03,0,3096000,-2198004,897996
2013/09/04,0,1649000,-1777000,-128000
2013/09/05,0,3237000,-1917608,1319392
2013/09/06,0,944000,-4000,940000
2013/09/09,0,2135000,-46848,2088152
2013/09/10,0,720000,-300000,420000
2013/09/11,0,1732000,-88000,1644000
2013/09/12,0,2336000,-32000,2304000
2013/09/13,0,728807,-834000,-105193
2013/09/16,0,884000,-525495,358505
2013/09/17,0,3557482,-21000,3536482
2013/09/18,0,3727000,-71000,3656000
2013/09/19,0,0,0,0
2013/09/20,0,0,0,0
2013/09/23,0,1221000,-55000,1166000
2013/09/24,0,1771000,-2268187,-497187
2013/09/25,0,1006000,-965000,41000
2013/09/26,0,964000,-1337797,-373797
2013/09/27,0,418000,-693000,-275000
2013/09/30,0,1892276,-739000,1153276
2013/10/01,0,288000,-452000,-164000
2013/10/02,0,317000,-2847000,-2530000
2013/10/03,0,1503000,-158000,1345000
2013/10/04,0,332000,-51000,281000
2013/10/07,0,1130000,-375000,755000
2013/10/08,0,2202000,-1254000,948000
2013/10/09,0,1275000,-940000,335000
2013/10/10,0,0,0,0
2013/10/11,0,2436000,-906000,1530000
2013/10/14,0,472000,-1455000,-983000
2013/10/15,0,2157000,-2035218,121782
2013/10/16,0,4437000,-906000,3531000
2013/10/17,0,3086000,-509000,2577000
2013/10/18,0,3687000,-203000,3484000
2013/10/21,0,2213000,-73000,2140000
2013/10/22,0,613000,-156000,457000
2013/10/23,0,3705937,-304000,3401937
2013/10/24,0,3786000,-256000,3530000
2013/10/25,0,311747,-1183140,-871393
2013/10/28,0,385000,-132000,253000
2013/10/29,0,7010000,-452000,6558000
2013/10/30,0,4040000,-624000,3416000
2013/10/31,0,4082000,-5354000,-1272000
2013/11/01,0,2194000,-1169267,1024733
2013/11/04,0,2284000,-1437001,846999
2013/11/05,0,2104000,-596004,1507996
2013/11/06,0,2360000,-238000,2122000
2013/11/07,0,3135584,-2866000,269584
2013/11/08,0,1143000,-1054326,88674
2013/11/11,0,2005000,-1781000,224000
2013/11/12,0,3598000,-1714000,1884000
2013/11/13,0,1620000,-1755000,-135000
2013/11/14,0,2001000,-519000,1482000
2013/11/15,0,1891000,-1159000,732000
2013/11/18,0,1002000,-1011000,-9000
2013/11/19,0,972000,-1051695,-79695
2013/11/20,0,1368000,-475000,893000
2013/11/21,0,936927,-494000,442927
2013/11/22,0,1112000,-641000,471000
2013/11/25,0,1222000,-192000,1030000
2013/11/26,0,1358000,-1086099,271901
2013/11/27,0,1814000,-1606803,207197
2013/11/28,0,1194000,-587000,607000
2013/11/29,0,1752000,-30000,1722000
2013/12/02,0,1052000,-475000,577000
2013/12/03,0,1776000,-175554,1600446
2013/12/04,0,4271000,-1351000,2920000
2013/12/05,0,1864000,-1345369,518631
2013/12/06,0,986000,-227000,759000
2013/12/09,0,1628000,-40000,1588000
2013/12/10,0,1724000,-234000,1490000
2013/12/11,0,523000,-318000,205000
2013/12/12,0,45000,-862516,-817516
2013/12/13,0,1035000,-776000,259000
2013/12/16,0,771000,-1099000,-328000
2013/12/17,0,466000,-97000,369000
2013/12/18,0,28000,-923000,-895000
2013/12/19,0,1896000,-2712000,-816000
2013/12/20,0,1766000,-2419585,-653585
2013/12/23,0,901000,-557745,343255
2013/12/24,0,727000,-652000,75000
2013/12/25,0,356000,-252000,104000
2013/12/26,0,523000,0,523000
2013/12/27,0,1590000,-373000,1217000
2013/12/30,0,552000,-164007,387993
2013/12/31,0,313000,0,313000
2014/01/02,0,1001000,-315000,686000
2014/01/03,0,461000,-860000,-399000
2014/01/06,0,700753,-612000,88753
2014/01/07,0,2815000,-4066000,-1251000
2014/01/08,0,1097000,-1726000,-629000
2014/01/09,0,238000,-1200000,-962000
2014/01/10,0,3354000,-832000,2522000
2014/01/13,0,632000,-2073000,-1441000
2014/01/14,0,1813000,-2569000,-756000
2014/01/15,0,1008000,-591443,416557
2014/01/16,0,1318000,-1224000,94000
2014/01/17,0,2365987,-50987,2315000
2014/01/20,0,802329,-2206659,-1404330
2014/01/21,0,2428000,-348000,2080000
2014/01/22,0,2972000,-709000,2263000
2014/01/23,0,535000,-429000,106000
2014/01/24,0,212872,-3549000,-3336128
2014/01/27,0,1485000,-4267607,-2782607
2014/02/05,0,838000,-5053200,-4215200
2014/02/06,0,8000,-3276000,-3268000
2014/02/07,0,578000,-2631000,-2053000
2014/02/10,0,110000,-1912000,-1802000
2014/02/11,0,190000,-619361,-429361
2014/02/12,0,1131000,-2638381,-1507381
2014/02/13,0,1452199,-2287000,-834801
2014/02/14,0,6000,-1015000,-1009000
2014/02/17,0,90000,-1171000,-1081000
2014/02/18,0,337000,-1000,336000
2014/02/19,0,1158930,-188000,970930
2014/02/20,0,177000,-234000,-57000
2014/02/21,0,5000,-4420000,-4415000
2014/02/24,0,233000,-484000,-251000
2014/02/25,0,194000,-841000,-647000
2014/02/26,0,592000,-3365363,-2773363
2014/02/27,0,540000,-1547000,-1007000
2014/03/03,0,652000,-1576000,-924000
2014/03/04,0,481000,-2307000,-1826000
2014/03/05,0,875000,-802000,73000
2014/03/06,0,2804000,-834000,1970000
2014/03/07,0,2207000,-519000,1688000
2014/03/10,0,674000,-186000,488000
2014/03/11,0,1156000,-499000,657000
2014/03/12,0,632000,-1480000,-848000
2014/03/13,0,886000,-1641000,-755000
2014/03/14,0,2068000,-2716000,-648000
2014/03/17,0,3058000,-1543015,1514985
2014/03/18,0,1752000,-2103000,-351000
2014/03/19,0,1560000,-1776253,-216253
2014/03/20,0,585000,-4393713,-3808713
2014/03/21,0,10708000,-18232626,-7524626
2014/03/24,0,4257001,-2651000,1606001
2014/03/25,0,3055000,-618003,2436997
2014/03/26,0,1421000,-6581000,-5160000
2014/03/27,0,2846873,-897000,1949873
2014/03/28,0,2004000,-1174465,829535
2014/03/31,0,296000,-1094000,-798000
2014/04/01,0,652000,-2239000,-1587000
2014/04/02,0,3859000,-509000,3350000
2014/04/03,0,2099000,-1000000,1099000
2014/04/07,0,5186000,-712000,4474000
2014/04/08,0,984000,-3060000,-2076000
2014/04/09,0,2755000,-993498,1761502
2014/04/10,0,2315000,-283000,2032000
2014/04/11,0,5169000,-138405,5030595
2014/04/14,0,1694001,-254000,1440001
2014/04/15,0,162000,-2791000,-2629000
2014/04/16,0,177000,-402000,-225000
2014/04/17,0,8139000,-2693000,5446000
2014/04/18,0,1950000,-2045000,-95000
2014/04/21,0,2759000,-1801000,958000
2014/04/22,0,594000,-1085000,-491000
2014/04/23,0,508000,-861000,-353000
2014/04/24,0,495000,-3022000,-2527000
2014/04/25,0,1413000,-996000,417000
2014/04/28,0,2472000,-528000,1944000
2014/04/29,0,3834000,-2145000,1689000
2014/04/30,0,5038000,-5742000,-704000
2014/05/02,0,620000,-2110000,-1490000
2014/05/05,0,1314000,-1817000,-503000
2014/05/06,0,859000,-1776968,-917968
2014/05/07,0,6027000,-2140000,3887000
2014/05/08,0,275000,-1124196,-849196
2014/05/09,0,348000,-4496478,-4148478
2014/05/12,0,594000,-2151000,-1557000
2014/05/13,0,1162000,-806000,356000
2014/05/14,0,165000,-567000,-402000
2014/05/15,0,552000,-950000,-398000
2014/05/16,0,450000,-570000,-120000
2014/05/19,0,291000,-126000,165000
2014/05/20,0,700000,-55397,644603
2014/05/21,0,254000,-162000,92000
2014/05/22,0,161000,-171000,-10000
2014/05/23,0,492000,-66000,426000
2014/05/26,0,266000,-361000,-95000
2014/05/27,0,182000,-667000,-485000
2014/05/28,0,744000,-195988,548012
2014/05/29,0,459000,-93623,365377
2014/05/30,0,7010000,-1416000,5594000
2014/06/03,0,1643000,-1059000,584000
2014/06/04,0,450000,-1479000,-1029000
2014/06/05,0,1731000,-520430,1210570
2014/06/06,0,4525000,-9006760,-4481760
2014/06/09,0,5796000,-243000,5553000
2014/06/10,0,65704,-506000,-440296
2014/06/11,0,213000,-94000,119000
2014/06/12,0,780000,-46000,734000
2014/06/13,0,1302000,-175000,1127000
2014/06/16,0,2184000,-400000,1784000
2014/06/17,0,609000,-486000,123000
2014/06/18,0,2770000,-4558000,-1788000
2014/06/19,0,1610000,-4964000,-3354000
2014/06/20,0,3877000,-2540000,1337000
2014/06/23,0,1513000,-1018000,495000
2014/06/24,0,867000,-992000,-125000
2014/06/25,0,640000,-488000,152000
2014/06/26,0,475771,-453000,22771
2014/06/27,0,4123000,-356000,3767000
2014/06/30,0,665343,-110000,555343
2014/07/01,0,467000,-1794494,-1327494
2014/07/02,0,348000,-995000,-647000
2014/07/03,0,3401000,-340000,3061000
2014/07/04,0,9897000,-497759,9399241
2014/07/07,0,5564000,-5159000,405000
2014/07/08,0,5548000,-2048000,3500000
2014/07/09,0,4629000,-1130000,3499000
2014/07/10,0,1632000,-238000,1394000
2014/07/11,0,3412241,-417000,2995241
2014/07/14,0,1938000,-1593000,345000
2014/07/15,0,1896933,-4253000,-2356067
2014/07/16,0,4003000,-1561000,2442000
2014/07/17,0,469249,-909000,-439751
2014/07/18,0,2905000,-10976517,-8071517
2014/07/21,0,133000,-2027000,-1894000
2014/07/22,0,1651000,-368000,1283000
2014/07/23,0,0,0,0
2014/07/24,0,1114000,-249974,864026
2014/07/25,0,3769000,-101000,3668000
2014/07/28,0,1273000,-383000,890000
2014/07/29,0,2241000,-722000,1519000
2014/07/30,0,1398000,-245000,1153000
2014/07/31,0,6228000,-3780000,2448000
2014/08/01,0,4515000,-498000,4017000
2014/08/04,0,3947000,-879000,3068000
2014/08/05,0,2194000,-2746000,-552000
2014/08/06,0,1404000,-761000,643000
2014/08/07,0,852855,-1494000,-641145
2014/08/08,0,774000,-1323000,-549000
2014/08/11,0,572000,-1452000,-880000
2014/08/12,0,351000,-993000,-642000
2014/08/13,0,2329000,-1162000,1167000
2014/08/14,0,312000,-1156000,-844000
2014/08/15,0,506000,-539000,-33000
2014/08/18,0,1195000,-735000,460000
2014/08/19,0,598000,-240000,358000
2014/08/20,0,1497000,-1068000,429000
2014/08/21,0,161000,-1356000,-1195000
2014/08/22,0,926000,-1158000,-232000
2014/08/25,0,986000,-569000,417000
2014/08/26,0,3259000,-256000,3003000
2014/08/27,0,666000,-404000,262000
2014/08/28,0,2352000,-1396000,956000
2014/08/29,0,2124000,-1707000,417000
2014/09/01,0,492000,-837000,-345000
2014/09/02,0,3865000,-1489000,2376000
2014/09/03,0,3366000,-2101000,1265000
2014/09/04,0,4104000,-3070000,1034000
2014/09/05,0,2760000,-2774000,-14000
2014/09/09,0,3562839,-2991000,571839
2014/09/10,0,1480341,-325000,1155341
2014/09/11,0,3588000,-3104000,484000
2014/09/12,0,3979415,-2903000,1076415
2014/09/15,0,3137000,-2785000,352000
2014/09/16,0,3243000,-3190000,53000
2014/09/17,0,2819000,-3970000,-1151000
2014/09/18,0,2741000,-4890000,-2149000
2014/09/19,0,3294000,-6433383,-3139383
2014/09/22,0,2039000,-3737000,-1698000
2014/09/23,0,2248000,-2321000,-73000
2014/09/24,0,2946000,-2843000,103000
2014/09/25,0,5706000,-3678000,2028000
2014/09/26,0,222000,-935055,-713055
2014/09/29,0,52000,-1202825,-1150825
2014/09/30,0,2372000,-1815000,557000
2014/10/01,0,3731000,-2806000,925000
2014/10/02,0,823000,-1041000,-218000
2014/10/03,0,6115000,-6258000,-143000
2014/10/06,0,3000005,-756000,2244005
2014/10/07,0,1633000,-2379573,-746573
2014/10/08,0,2455000,-5320000,-2865000
2014/10/09,0,1802000,-4040000,-2238000
2014/10/13,0,5423777,-4712000,711777
2014/10/14,0,255000,-1567000,-1312000
2014/10/15,0,2111000,-5605000,-3494000
2014/10/16,0,2587000,-7061000,-4474000
2014/10/17,0,2599000,-4691660,-2092660
2014/10/20,0,2330000,-5049000,-2719000
2014/10/21,0,2444000,-5238000,-2794000
2014/10/22,0,3320000,-8752000,-5432000
2014/10/23,0,2585000,-4556000,-1971000
2014/10/24,0,1195000,-3131628,-1936628
2014/10/27,0,4649000,-2595377,2053623
2014/10/28,0,4296000,-2374000,1922000
2014/10/29,0,4724000,-2312000,2412000
2014/10/30,0,1416686,-756000,660686
2014/10/31,0,4340000,-199000,4141000
2014/11/03,0,1244000,-2339000,-1095000
2014/11/04,0,941000,-424000,517000
2014/11/05,0,2246000,-2455336,-209336
2014/11/06,0,1360000,-532403,827597
2014/11/07,0,778000,-2008563,-1230563
2014/11/10,0,662286,-1423228,-760942
2014/11/11,0,2372000,-1545000,827000
2014/11/12,0,391000,-1583153,-1192153
2014/11/13,0,320000,-809384,-489384
2014/11/14,0,235000,-1078000,-843000
2014/11/17,0,1352000,-307000,1045000
2014/11/18,0,2688000,-787000,1901000
2014/11/19,0,1105038,-507000,598038
2014/11/20,0,1064000,-30000,1034000
2014/11/21,0,1829000,-408000,1421000
2014/11/24,0,2039000,-97000,1942000
2014/11/25,0,264000,-519000,-255000
2014/11/26,0,338000,-205000,133000
2014/11/27,0,47000,-647000,-600000
2014/11/28,0,265000,-215000,50000
2014/12/01,0,2019000,-222321,1796679
2014/12/02,0,955000,-1159000,-204000
2014/12/03,0,940000,-529000,411000
2014/12/04,0,199000,-303000,-104000
2014/12/05,0,2078000,-3311000,-1233000
2014/12/08,0,463000,-1687000,-1224000
2014/12/09,0,625000,-2138000,-1513000
2014/12/10,0,1793000,-1760000,33000
2014/12/11,0,357000,-2883000,-2526000
2014/12/12,0,65000,-275000,-210000
2014/12/15,0,1317000,-2081000,-764000
2014/12/16,0,3046000,-29000,3017000
2014/12/17,0,1427000,-2705933,-1278933
2014/12/18,0,1535000,-1755000,-220000
2014/12/19,0,2033725,-1358000,675725
2014/12/22,0,454000,-138000,316000
2014/12/23,0,1361000,-849000,512000
2014/12/24,0,925000,-696981,228019
2014/12/25,0,192000,-697000,-505000
2014/12/26,0,126000,-1885000,-1759000
2014/12/29,0,1151000,-4984000,-3833000
2014/12/30,0,2356000,-533000,1823000
2014/12/31,0,1462000,-706000,756000
2015/01/01,0,0,0,0
2015/01/02,0,0,0,0
2015/01/05,0,813000,-1407000,-594000
2015/01/06,0,1034000,-571000,463000
2015/01/07,0,483000,-1270000,-787000
2015/01/08,0,399000,-3515802,-3116802
2015/01/09,0,801000,-2676140,-1875140
2015/01/12,0,699000,-590000,109000
2015/01/13,0,1410000,-1051000,359000
2015/01/14,0,243000,-2610154,-2367154
2015/01/15,0,33000,-4940000,-4907000
2015/01/16,0,31000,-2002745,-1971745
2015/01/19,0,0,-737000,-737000
2015/01/20,0,638000,-1210000,-572000
2015/01/21,0,1316000,-3034000,-1718000
2015/01/22,0,322000,-1613000,-1291000
2015/01/23,0,33000,-1344000,-1311000
2015/01/26,0,1231000,-1692405,-461405
2015/01/27,0,3054000,-1394000,1660000
2015/01/28,0,195000,-4634000,-4439000
2015/01/29,0,859000,-2151000,-1292000
2015/01/30,0,2405000,-1022000,1383000
2015/02/02,0,53000,-642000,-589000
2015/02/03,0,1373000,-865000,508000
2015/02/04,0,88000,-1088000,-1000000
2015/02/05,0,81000,-306000,-225000
2015/02/06,0,79000,-818000,-739000
2015/02/09,0,346000,-452000,-106000
2015/02/10,0,1051000,-268000,783000
2015/02/11,0,930001,-538331,391670
2015/02/12,0,780000,-876000,-96000
2015/02/13,0,1693000,-1048000,645000
2015/02/16,0,0,0,0
2015/02/17,0,0,0,0
2015/02/18,0,0,0,0
2015/02/19,0,0,0,0
2015/02/20,0,0,0,0
2015/02/23,0,0,0,0
2015/02/24,0,1619000,-1873000,-254000
2015/02/25,0,1084000,-387000,697000
2015/02/26,0,1216000,-742000,474000
2015/02/27,0,0,0,0
2015/03/02,0,1249000,-900000,349000
2015/03/03,0,480000,-238000,242000
2015/03/04,0,1106000,-1825000,-719000
2015/03/05,0,1574000,-1236000,338000
2015/03/06,0,875000,-1032000,-157000
2015/03/09,0,373000,-110000,263000
2015/03/10,0,673391,-1080000,-406609
2015/03/11,0,1063000,-863000,200000
2015/03/12,0,1894000,-2422000,-528000
2015/03/13,0,1541000,-1319000,222000
2015/03/16,0,7151000,-7918796,-767796
2015/03/17,0,107000,-1519000,-1412000
2015/03/18,0,22041000,-22972000,-931000
2015/03/19,0,429000,-2655000,-2226000
2015/03/20,0,277000,-3449055,-3172055
2015/03/23,0,3899000,-3203519,695481
2015/03/24,0,664000,-7591000,-6927000
2015/03/25,0,675000,-1205000,-530000
2015/03/26,0,1508000,-5601000,-4093000
2015/03/27,0,3290000,-3112000,178000
2015/03/30,0,500000,-1259000,-759000
2015/03/31,0,11456000,-12344000,-888000
2015/04/01,0,2099000,-2927000,-828000
2015/04/02,0,358000,-3626000,-3268000
2015/04/03,0,0,0,0
2015/04/06,0,0,0,0
2015/04/07,0,1350000,-502000,848000
2015/04/08,0,1256000,-2770000,-1514000
2015/04/09,0,820000,-1540000,-720000
2015/04/10,0,481000,-2384000,-1903000
2015/04/13,0,3484000,-3666000,-182000
2015/04/14,0,2857001,-6118000,-3260999
2015/04/15,0,2256000,-1288000,968000
2015/04/16,0,1870000,-3602000,-1732000
2015/04/17,0,3569000,-617508,2951492
2015/04/20,0,2551000,-708000,1843000
2015/04/21,0,7619000,-2360000,5259000
2015/04/22,0,2141000,-2822000,-681000
2015/04/23,0,3820000,-5353091,-1533091
2015/04/24,0,8105000,-1471000,6634000
2015/04/27,0,7929000,-1784000,6145000
2015/04/28,0,8585000,-748000,7837000
2015/04/29,0,3185000,-1039000,2146000
2015/04/30,0,6026000,-7845000,-1819000
2015/05/01,0,0,0,0
2015/05/04,0,4748000,-3922000,826000
2015/05/05,0,3378000,-169000,3209000
2015/05/06,0,4052000,-4273000,-221000
2015/05/07,0,1794000,-662000,1132000
2015/05/08,0,954000,-1184000,-230000
2015/05/11,0,1151000,-80000,1071000
2015/05/12,0,1820000,-269000,1551000
2015/05/13,0,1324000,-1418000,-94000
2015/05/14,0,796000,-393000,403000
2015/05/15,0,841000,-823000,18000
2015/05/18,0,325000,-1200000,-875000
2015/05/19,0,4043394,-3209000,834394
2015/05/20,0,2200000,-2267000,-67000
2015/05/21,0,1373000,-511000,862000
2015/05/22,0,148000,-815000,-667000
2015/05/25,0,504000,-959000,-455000
2015/05/26,0,839000,-401000,438000
2015/05/27,0,2976000,-962000,2014000
2015/05/28,0,2747000,-621000,2126000
2015/05/29,0,3251000,-1099000,2152000
2015/06/01,0,856000,-680000,176000
2015/06/02,0,8136000,-7674514,461486
2015/06/03,0,1176000,-870000,306000
2015/06/04,0,912000,-1840500,-928500
2015/06/05,0,1769000,-1647000,122000
2015/06/08,0,337000,-605000,-268000
2015/06/09,0,724000,-5437136,-4713136
2015/06/10,0,2090000,-2968258,-878258
2015/06/11,0,1458000,-1526000,-68000
2015/06/12,0,691000,-1547000,-856000
2015/06/15,0,1541000,-5517000,-3976000
2015/06/16,0,77000,-3161000,-3084000
2015/06/17,0,1147000,-4786000,-3639000
2015/06/18,0,1164000,-3290000,-2126000
2015/06/19,0,0,0,0
2015/06/22,0,747000,-2066629,-1319629
2015/06/23,0,405000,-1497000,-1092000
2015/06/24,0,1098000,-1477000,-379000
2015/06/25,0,1543000,-1521000,22000
2015/06/26,0,1066000,-877000,189000
2015/06/29,0,661000,-1066000,-405000
2015/06/30,0,3785000,-4748000,-963000
2015/07/01,0,479000,-893000,-414000
2015/07/02,0,1403000,-1860000,-457000
2015/07/03,0,599000,-963000,-364000
2015/07/06,0,1429638,-878000,551638
2015/07/07,0,152000,-2079284,-1927284
2015/07/08,0,467000,-1833369,-1366369
2015/07/09,0,720000,-1161000,-441000
2015/07/10,0,0,0,0
2015/07/13,0,422000,-1029000,-607000
2015/07/14,0,139000,-1754000,-1615000
2015/07/15,0,257000,-1098000,-841000
2015/07/16,0,142000,-475500,-333500
2015/07/17,0,353000,-972000,-619000
2015/07/20,0,734000,-427000,307000
2015/07/21,0,1091000,-678000,413000
2015/07/22,0,979000,-504000,475000
2015/07/23,0,259000,-531000,-272000
2015/07/24,0,278000,-317000,-39000
2015/07/27,0,908000,-367000,541000
2015/07/28,0,1570000,-1920000,-350000
2015/07/29,0,1132000,-948612,183388
2015/07/30,0,1441000,-302000,1139000
2015/07/31,0,1055000,-1932000,-877000
2015/08/03,0,866000,-724000,142000
2015/08/04,0,2758000,-1768000,990000
2015/08/05,0,1879000,-1485000,394000
2015/08/06,0,2165000,-1405000,760000
2015/08/07,0,746000,-231000,515000
2015/08/10,0,706000,-209000,497000
2015/08/11,0,605000,-1017000,-412000
2015/08/12,0,562000,-2666405,-2104405
2015/08/13,0,1378000,-1287000,91000
2015/08/14,0,958802,-973000,-14198
2015/08/17,0,376000,-1855000,-1479000
2015/08/18,0,1117000,-1901000,-784000
2015/08/19,0,553000,-2756000,-2203000
2015/08/20,0,227000,-2153000,-1926000
2015/08/21,0,1186000,-1386000,-200000
2015/08/24,0,762000,-1895000,-1133000
2015/08/25,0,1144000,-1482000,-338000
2015/08/26,0,1519000,-1147000,372000
2015/08/27,0,1129000,-1036000,93000
2015/08/28,0,1583000,-386000,1197000
2015/08/31,0,939000,-4226000,-3287000
2015/09/01,0,1118000,-839000,279000
2015/09/02,0,875000,-511520,363480
2015/09/03,0,3917678,-767000,3150678
2015/09/04,0,1983500,-1051000,932500
2015/09/07,0,495000,-485000,10000
2015/09/08,0,634000,-579000,55000
2015/09/09,0,941000,-502000,439000
2015/09/10,0,1152000,-505000,647000
2015/09/11,0,652000,-782000,-130000
2015/09/14,0,395000,-898000,-503000
2015/09/15,0,449000,-421000,28000
2015/09/16,0,1574000,-545400,1028600
2015/09/17,0,1809000,-743000,1066000
2015/09/18,0,2863000,-2084838,778162
2015/09/21,0,703000,-1459176,-756176
2015/09/22,0,1586581,-1571000,15581
2015/09/23,0,649419,-1164966,-515547
2015/09/24,0,978030,-1371000,-392970
2015/09/25,0,724000,-244000,480000
2015/09/28,0,0,0,0
2015/09/29,0,0,0,0
2015/09/30,0,1281000,-967000,314000
2015/10/01,0,1508000,-2887873,-1379873
2015/10/02,0,987000,-536000,451000
2015/10/05,0,766000,-208000,558000
2015/10/06,0,811000,-305000,506000
2015/10/07,0,468000,-871425,-403425
2015/10/08,0,674000,-519000,155000
2015/10/09,0,0,0,0
2015/10/12,0,735000,-78000,657000
2015/10/13,0,682000,-826000,-144000
2015/10/14,0,736000,-1042000,-306000
2015/10/15,0,63000,-135000,-72000
2015/10/16,0,1348000,-851000,497000
2015/10/19,0,1463000,-1862000,-399000
2015/10/20,0,5062000,-9404000,-4342000
2015/10/21,0,795000,-5948000,-5153000
2015/10/22,0,1412000,-8566000,-7154000
2015/10/23,0,905000,-860000,45000
2015/10/26,0,795000,-1154500,-359500
2015/10/27,0,1181000,-479000,702000
2015/10/28,0,716000,-935000,-219000
2015/10/29,0,1137000,-1531139,-394139
2015/10/30,0,682000,-699000,-17000
2015/11/02,0,2240000,-956000,1284000
2015/11/03,0,1420000,-611000,809000
2015/11/04,0,2522000,-79000,2443000
2015/11/05,0,1195000,-301000,894000
2015/11/06,0,1355000,-569000,786000
2015/11/09,0,1828000,-1406000,422000
2015/11/10,0,417000,-590000,-173000
2015/11/11,0,10000,-1114000,-1104000
2015/11/12,0,120000,-622000,-502000
2015/11/13,0,55000,-712000,-657000
2015/11/16,0,166000,-1558000,-1392000
2015/11/17,0,126000,-509000,-383000
2015/11/18,0,533000,-637000,-104000
2015/11/19,0,614000,-590000,24000
2015/11/20,0,1323000,-174000,1149000
2015/11/23,0,1380000,-1870000,-490000
2015/11/24,0,876000,-957945,-81945
2015/11/25,0,1679000,-1217000,462000
2015/11/26,0,288000,-483000,-195000
2015/11/27,0,8000,-533000,-525000
2015/11/30,0,818000,-790000,28000
2015/12/01,0,891000,-570275,320725
2015/12/02,0,621000,-518000,103000
2015/12/03,0,943000,-287000,656000
2015/12/04,0,1460000,-747000,713000
2015/12/07,0,380000,-297000,83000
2015/12/08,0,518000,-1017000,-499000
2015/12/09,0,1347000,-197000,1150000
2015/12/10,0,395000,-372722,22278
2015/12/11,0,191000,-659000,-468000
2015/12/14,0,536000,-312000,224000
2015/12/15,0,356000,-614000,-258000
2015/12/16,0,389000,-327000,62000
2015/12/17,0,906000,-271000,635000
2015/12/18,0,1439637,-1368000,71637
2015/12/21,0,1132000,-741000,391000
2015/12/22,0,1099000,-668037,430963
2015/12/23,0,885000,-823000,62000
2015/12/24,0,834000,-47000,787000
2015/12/25,0,683000,-118000,565000
2015/12/28,0,530000,-41000,489000
2015/12/29,0,1020000,-282000,738000
2015/12/30,0,423000,-634000,-211000
2015/12/31,0,1337000,-1000,1336000
2016/01/01,0,0,0,0
2016/01/04,0,613000,-102000,511000
2016/01/05,0,492000,-77000,415000
2016/01/06,0,381000,-924000,-543000
2016/01/07,0,303000,-681000,-378000
2016/01/08,0,625000,-320000,305000
2016/01/11,0,696000,-1043000,-347000
2016/01/12,0,366000,-818000,-452000
2016/01/13,0,392000,-1550330,-1158330
2016/01/14,0,661000,-668000,-7000
2016/01/15,0,383000,-614000,-231000
2016/01/18,0,1121000,-501000,620000
2016/01/19,0,834274,-1702000,-867726
2016/01/20,0,728000,-1121000,-393000
2016/01/21,0,801000,-1233000,-432000
2016/01/22,0,804000,-613262,190738
2016/01/25,0,1095000,-743000,352000
2016/01/26,0,525000,-342000,183000
2016/01/27,0,366000,-417000,-51000
2016/01/28,0,690000,-943000,-253000
2016/01/29,0,874000,0,874000
2016/02/01,0,497000,-2543000,-2046000
2016/02/02,0,4819000,-1957000,2862000
2016/02/03,0,385000,-1321000,-936000
2016/02/04,0,0,0,0
2016/02/05,0,0,0,0
2016/02/08,0,0,0,0
2016/02/09,0,0,0,0
2016/02/10,0,0,0,0
2016/02/11,0,0,0,0
2016/02/12,0,0,0,0
2016/02/15,0,713000,-1800000,-1087000
2016/02/16,0,1913000,-1780000,133000
2016/02/17,0,1247000,-1262000,-15000
2016/02/18,0,610000,-977000,-367000
2016/02/19,0,697000,-1257000,-560000
2016/02/22,0,420000,-732000,-312000
2016/02/23,0,903000,-2544000,-1641000
2016/02/24,0,776000,-1049000,-273000
2016/02/25,0,253000,-1362000,-1109000
2016/02/26,0,2673000,-1332000,1341000
2016/02/29,0,0,0,0
2016/03/01,0,701000,-1276000,-575000
2016/03/02,0,3354000,-2156000,1198000
2016/03/03,0,9372726,-599000,8773726
2016/03/04,0,5385000,-1916000,3469000
2016/03/07,0,4366000,-409000,3957000
2016/03/08,0,1784000,-1157000,627000
2016/03/09,0,2236000,-234000,2002000
2016/03/10,0,2641000,-196000,2445000
2016/03/11,0,778000,-882000,-104000
2016/03/14,0,814000,-1168000,-354000
2016/03/15,0,1549000,-364000,1185000
2016/03/16,0,1032000,-467000,565000
2016/03/17,0,454000,-994000,-540000
2016/03/18,0,3055000,-2590000,465000
2016/03/21,0,691000,-848000,-157000
2016/03/22,0,917000,-977000,-60000
2016/03/23,0,873000,-452000,421000
2016/03/24,0,1074000,-331000,743000
2016/03/25,0,22000,-267000,-245000
2016/03/28,0,206000,-295000,-89000
2016/03/29,0,926000,-1074000,-148000
2016/03/30,0,1018000,-489000,529000
2016/03/31,0,2481000,-1003000,1478000
2016/04/01,0,539000,-2365403,-1826403
2016/04/04,0,0,0,0
2016/04/05,0,0,0,0
2016/04/06,0,598000,-540529,57471
2016/04/07,0,0,-577000,-577000
2016/04/08,0,547000,-170000,377000
2016/04/11,0,219000,-263000,-44000
2016/04/12,0,255000,-2201000,-1946000
2016/04/13,0,572000,-228000,344000
2016/04/14,0,665000,-389000,276000
2016/04/15,0,578000,-444000,134000
2016/04/18,0,1152000,-428000,724000
2016/04/19,0,559000,-523000,36000
2016/04/20,0,749784,-525000,224784
2016/04/21,0,387000,-195000,192000
2016/04/22,0,1624000,-388000,1236000
2016/04/25,0,76000,-603000,-527000
2016/04/26,0,298000,-1181000,-883000
2016/04/27,0,310000,-346000,-36000
2016/04/28,0,475209,-488000,-12791
2016/04/29,0,827000,-461000,366000
2016/05/02,0,0,0,0
2016/05/03,0,281000,-552000,-271000
2016/05/04,0,112000,-267101,-155101
2016/05/05,0,293000,-639000,-346000
2016/05/06,0,989000,-803000,186000
2016/05/09,0,849000,-435000,414000
2016/05/10,0,840000,-103000,737000
2016/05/11,0,63000,-375000,-312000
2016/05/12,0,14000,-94000,-80000
2016/05/13,0,679000,-531000,148000
2016/05/16,0,960000,-170000,790000
2016/05/17,0,954000,-1092000,-138000
2016/05/18,0,2401000,-280000,2121000
2016/05/19,0,2470000,-1174000,1296000
2016/05/20,0,640000,-261000,379000
2016/05/23,0,784000,-317000,467000
2016/05/24,0,1161000,-240000,921000
2016/05/25,0,898000,-58000,840000
2016/05/26,0,2883000,-214000,2669000
2016/05/27,0,1349000,-1005000,344000
2016/05/30,0,162000,-1357984,-1195984
2016/05/31,0,3147000,-12396000,-9249000
2016/06/01,0,3650000,-11999675,-8349675
2016/06/02,0,1901000,-5426000,-3525000
2016/06/03,0,1811482,-3602000,-1790518
2016/06/06,0,980000,-3659025,-2679025
2016/06/07,0,1572000,-3167000,-1595000
2016/06/08,0,2316000,-6050635,-3734635
2016/06/09,0,0,0,0
2016/06/10,0,0,0,0
2016/06/13,0,3493000,-3658000,-165000
2016/06/14,0,5169970,-12634342,-7464372
2016/06/15,0,2222000,-3334916,-1112916
2016/06/16,0,1220000,-7007000,-5787000
2016/06/17,0,31500000,-40165561,-8665561
2016/06/20,0,3220000,-6731059,-3511059
2016/06/21,0,2408000,-5038329,-2630329
2016/06/22,0,2766569,-4458000,-1691431
2016/06/23,0,3823000,-5667000,-1844000
2016/06/24,0,1813000,-2200000,-387000
2016/06/27,0,74000,-1159000,-1085000
2016/06/28,0,120000,-2851000,-2731000
2016/06/29,0,263000,-2303981,-2040981
2016/06/30,0,1100000,-2401000,-1301000
2016/07/01,0,177268,-1775000,-1597732
2016/07/04,0,340000,-1153000,-813000
2016/07/05,0,801000,-1485000,-684000
2016/07/06,0,358000,-601000,-243000
2016/07/07,0,485000,-1928000,-1443000
2016/07/08,0,0,0,0
2016/07/11,0,1518174,-4490000,-2971826
2016/07/12,0,175000,-4894000,-4719000
2016/07/13,0,2781000,-2255000,526000
2016/07/14,0,462000,-1252000,-790000
2016/07/15,0,1845000,-2624000,-779000
2016/07/18,0,702000,-2403000,-1701000
2016/07/19,0,4629000,-4739000,-110000
2016/07/20,0,3925000,-746000,3179000
2016/07/21,0,2199000,-2296000,-97000
2016/07/22,0,256000,-1913000,-1657000
2016/07/25,0,461000,-3550000,-3089000
2016/07/26,0,1276000,-141000,1135000
2016/07/27,0,392000,-247000,145000
2016/07/28,0,80000,-441000,-361000
2016/07/29,0,415000,-426000,-11000
2016/08/01,0,138000,-1912000,-1774000
2016/08/02,0,62000,-420000,-358000
2016/08/03,0,63000,-207000,-144000
2016/08/04,0,158000,-9000,149000
2016/08/05,0,197000,-468000,-271000
2016/08/08,0,652000,-2203000,-1551000
2016/08/09,0,1820000,-1508000,312000
2016/08/10,0,402443,-705000,-302557
2016/08/11,0,706000,-222000,484000
2016/08/12,0,904000,-772000,132000
2016/08/15,0,1243000,-503000,740000
2016/08/16,0,4098000,-339000,3759000
2016/08/17,0,4740000,-364000,4376000
2016/08/18,0,9446664,-218000,9228664
2016/08/19,0,2822787,-3566000,-743213
2016/08/22,0,335000,-977000,-642000
2016/08/23,0,143000,-443000,-300000
2016/08/24,0,662336,-651000,11336
2016/08/25,0,1319000,-1003000,316000
2016/08/26,0,2592786,-2863000,-270214
2016/08/29,0,2005000,-4266395,-2261395
2016/08/30,0,631762,-3874000,-3242238
2016/08/31,0,0,-465000,-465000
2016/09/01,0,0,-792000,-792000
2016/09/02,0,5000,-465000,-460000
2016/09/05,0,2000,-3276000,-3274000
2016/09/06,0,34000,-827000,-793000
2016/09/07,0,775000,-851000,-76000
2016/09/08,0,1438849,-443000,995849
2016/09/09,0,222000,-149000,73000
2016/09/12,0,0,-772000,-772000
2016/09/13,0,569000,-518000,51000
2016/09/14,0,670000,-2466384,-1796384
2016/09/15,0,0,0,0
2016/09/16,0,0,0,0
2016/09/19,0,1533000,-112000,1421000
2016/09/20,0,588000,-533000,55000
2016/09/21,0,305000,-999000,-694000
2016/09/22,0,19000,-539000,-520000
2016/09/23,0,597000,-462000,135000
2016/09/26,0,1470000,-296000,1174000
2016/09/27,0,0,0,0
2016/09/28,0,0,0,0
2016/09/29,0,2701000,-798000,1903000
2016/09/30,0,0,-707000,-707000
2016/10/03,0,1809000,-742000,1067000
2016/10/04,0,2277000,-922000,1355000
2016/10/05,0,590000,-677000,-87000
2016/10/06,0,89000,-362023,-273023
2016/10/07,0,12000,-230000,-218000
2016/10/10,0,0,0,0
2016/10/11,0,14000,-925000,-911000
2016/10/12,0,433000,-228084,204916
2016/10/13,0,376000,-282000,94000
2016/10/14,0,430000,-154000,276000
2016/10/17,0,684000,-274213,409787
2016/10/18,0,403556,-41000,362556
2016/10/19,0,1105000,-200000,905000
2016/10/20,0,1025000,0,1025000
2016/10/21,0,249000,-25000,224000
2016/10/24,0,312000,-200000,112000
2016/10/25,0,146491,0,146491
2016/10/26,0,0,-1580000,-1580000
2016/10/27,0,17000,-1073000,-1056000
2016/10/28,0,5000,-2425000,-2420000
2016/10/31,0,117000,-381000,-264000
2016/11/01,0,0,-1153000,-1153000
2016/11/02,0,1000,-381000,-380000
2016/11/03,0,219000,-1357000,-1138000
2016/11/04,0,16000,-1391000,-1375000
2016/11/07,0,0,-1071000,-1071000
2016/11/08,0,662412,-559000,103412
2016/11/09,0,3000,-991000,-988000
2016/11/10,0,572000,-2240000,-1668000
2016/11/11,0,379000,-2643000,-2264000
2016/11/14,0,62,-418000,-417938
2016/11/15,0,0,-684000,-684000
2016/11/16,0,0,-598000,-598000
2016/11/17,0,0,-62000,-62000
2016/11/18,0,353000,-826000,-473000
2016/11/21,0,0,-504000,-504000
2016/11/22,0,565000,-1676000,-1111000
2016/11/23,0,151000,-171000,-20000
2016/11/24,0,400000,-1017000,-617000
2016/11/25,0,49000,-88000,-39000
2016/11/28,0,164000,-460000,-296000
2016/11/29,0,327000,-489000,-162000
2016/11/30,0,415000,-737000,-322000
2016/12/01,0,0,-83000,-83000
2016/12/02,0,0,-165000,-165000
2016/12/05,0,1024000,-944074,79926
2016/12/06,0,1434000,-2155000,-721000
2016/12/07,0,544000,-632000,-88000
2016/12/08,0,538000,-217000,321000
2016/12/09,0,1333000,-385000,948000
2016/12/12,0,3380000,-728000,2652000
2016/12/13,0,3873000,-1293000,2580000
2016/12/14,0,4014000,-1690000,2324000
2016/12/15,0,1839000,-3438000,-1599000
2016/12/16,0,6441000,-209000,6232000
2016/12/19,0,3172000,-2070000,1102000
2016/12/20,0,3737000,-1455000,2282000
2016/12/21,0,3613000,-2219000,1394000
2016/12/22,0,1128000,-366000,762000
2016/12/23,0,910000,-681000,229000
2016/12/26,0,364000,-1000,363000
2016/12/27,0,550000,-299000,251000
2016/12/28,0,936000,-200000,736000
2016/12/29,0,328000,-751472,-423472
2016/12/30,0,410000,-221000,189000
2017/01/02,0,0,0,0
2017/01/03,0,47000,-440000,-393000
2017/01/04,0,190000,-356000,-166000
2017/01/05,0,11605000,-3152000,8453000
2017/01/06,0,9155000,-5197000,3958000
2017/01/09,0,8786000,-2677000,6109000
2017/01/10,0,16137000,-5386000,10751000
2017/01/11,0,11644000,-2949000,8695000
2017/01/12,0,8294000,-3340000,4954000
2017/01/13,0,24886000,-966000,23920000
2017/01/16,0,6103000,-8836000,-2733000
2017/01/17,0,7876000,-2393000,5483000
2017/01/18,0,4468000,-3796856,671144
2017/01/19,0,3445000,-2720650,724350
2017/01/20,0,13894000,-7223000,6671000
2017/01/23,0,8186000,-3504000,4682000
2017/01/24,0,5101000,-529000,4572000
2017/01/25,0,0,0,0
2017/01/26,0,0,0,0
2017/01/27,0,0,0,0
2017/01/30,0,0,0,0
2017/01/31,0,0,0,0
2017/02/01,0,0,0,0
2017/02/02,0,11750000,-2196684,9553316
2017/02/03,0,13508000,-12928000,580000
2017/02/06,0,7388000,-6040000,1348000
2017/02/07,0,10492000,-3928000,6564000
2017/02/08,0,25977000,-5562000,20415000
2017/02/09,0,16774000,-8463976,8310024
2017/02/10,0,18865000,-1279000,17586000
2017/02/13,0,29051000,-1532000,27519000
2017/02/14,0,45127000,-22917000,22210000
2017/02/15,0,7829000,-11813000,-3984000
2017/02/16,0,7625000,-3583000,4042000
2017/02/17,0,2584000,-850000,1734000
2017/02/20,0,1721000,-1490000,231000
2017/02/21,0,3499000,-1385000,2114000
2017/02/22,0,4335000,-1123737,3211263
2017/02/23,0,5121000,-1313000,3808000
2017/02/24,0,6691000,-4545000,2146000
2017/02/27,0,0,0,0
2017/02/28,0,0,0,0
2017/03/01,0,25445001,-1679000,23766001
2017/03/02,0,14260000,-15455000,-1195000
2017/03/03,0,11221000,-8203000,3018000
2017/03/06,0,12433000,-1256000,11177000
2017/03/07,0,32704000,-4000,32700000
2017/03/08,0,27018000,-2307000,24711000
2017/03/09,0,11104000,-3363000,7741000
2017/03/10,0,15302001,-393000,14909001
2017/03/13,0,7187000,-3435000,3752000
2017/03/14,0,6508000,-2287000,4221000
2017/03/15,0,10306000,-1763000,8543000
2017/03/16,0,7684000,-1112884,6571116
2017/03/17,0,1758000,-2042541,-284541
2017/03/20,0,7930000,-2680000,5250000
2017/03/21,0,9930000,-3934000,5996000
2017/03/22,0,4789000,-3505000,1284000
2017/03/23,0,6432001,-4969000,1463001
2017/03/24,0,7687000,-4328000,3359000
2017/03/27,0,61130000,-13974292,47155708
2017/03/28,0,30247000,-11964000,18283000
2017/03/29,0,52304001,-12075000,40229001
2017/03/30,0,27633000,-10194000,17439000
2017/03/31,0,9640000,-28684000,-19044000
2017/04/03,0,0,0,0
2017/04/04,0,0,0,0
2017/04/05,0,10369200,-8012000,2357200
2017/04/06,0,24218200,-20585000,3633200
2017/04/07,0,13157600,-9487606,3669994
2017/04/10,0,22521255,-12799000,9722255
2017/04/11,0,8799000,-9994500,-1195500
2017/04/12,0,7885000,-1405000,6480000
2017/04/13,0,13547000,-11529000,2018000
2017/04/14,0,10474000,-4552000,5922000
2017/04/17,0,10929000,-2280000,8649000
2017/04/18,0,10212000,-3003000,7209000
2017/04/19,0,13452000,-9594000,3858000
2017/04/20,0,6856000,-7885000,-1029000
2017/04/21,0,4483000,-2196000,2287000
2017/04/24,0,8587000,-6877000,1710000
2017/04/25,0,6896433,-3993304,2903129
2017/04/26,0,8565000,-6650000,1915000
2017/04/27,0,6442000,-4112000,2330000
2017/04/28,0,15185000,-8321500,6863500
2017/05/01,0,0,0,0
2017/05/02,0,2077353,-3144000,-1066647
2017/05/03,0,11113806,-3355000,7758806
2017/05/04,0,2373839,-1147000,1226839
2017/05/05,0,6538944,-3752000,2786944
2017/05/08,0,21002000,-13435000,7567000
2017/05/09,0,18291000,-2180000,16111000
2017/05/10,0,11227725,-3084000,8143725
2017/05/11,0,4168000,-2477000,1691000
2017/05/12,0,7564000,-2060000,5504000
2017/05/15,0,2625000,-3341187,-716187
2017/05/16,0,6575000,-4318000,2257000
2017/05/17,0,9752000,-2358000,7394000
2017/05/18,0,5946000,-3487000,2459000
2017/05/19,0,16728000,-5662000,11066000
2017/05/22,0,3776000,-5824000,-2048000
2017/05/23,0,9024000,-3290000,5734000
2017/05/24,0,8022000,-1284000,6738000
2017/05/25,0,5532000,-585000,4947000
2017/05/26,0,0,0,0
2017/05/29,0,0,0,0
2017/05/30,0,0,0,0
2017/05/31,0,11273600,-2596000,8677600
2017/06/01,0,31828000,-30106222,1721778
2017/06/02,0,42893635,-30530112,12363523
2017/06/05,0,43817015,-17453583,26363432
2017/06/06,0,28588000,-14030000,14558000
2017/06/07,0,38353886,-22363598,15990288
2017/06/08,0,6058000,-14221000,-8163000
2017/06/09,0,16174903,-18971000,-2796097
2017/06/12,0,12011000,-10365000,1646000
2017/06/13,0,5204000,-7677000,-2473000
2017/06/14,0,22193000,-19312253,2880747
2017/06/15,0,16544650,-16822000,-277350
2017/06/16,0,15630863,-9319000,6311863
2017/06/19,0,13733000,-7916000,5817000
2017/06/20,0,31969963,-20178000,11791963
2017/06/21,0,24342489,-21274000,3068489
2017/06/22,0,6145228,-6701000,-555772
2017/06/23,0,7234400,-5309496,1924904
2017/06/26,0,4795450,-2759000,2036450
2017/06/27,0,5653000,-17454000,-11801000
2017/06/28,0,12216844,-5673000,6543844
2017/06/29,0,26140000,-6506000,19634000
2017/06/30,0,32114000,-13034000,19080000
2017/07/03,0,9742656,-6911000,2831656
2017/07/04,0,4122000,-1750117,2371883
2017/07/05,0,4892000,-3110000,1782000
2017/07/06,0,13296000,-2031000,11265000
2017/07/07,0,16314000,-4336000,11978000
2017/07/10,0,10461000,-7934000,2527000
2017/07/11,0,4014000,-3149000,865000
2017/07/12,0,6176000,-9089000,-2913000
2017/07/13,0,7735886,-11042090,-3306204
2017/07/14,0,26331000,-45012901,-18681901
2017/07/17,0,18868000,-19324099,-456099
2017/07/18,0,7779000,-9414000,-1635000
2017/07/19,0,11252721,-14995000,-3742279
2017/07/20,0,7014000,-2909000,4105000
2017/07/21,0,13462000,-4980000,8482000
2017/07/24,0,7756000,-7337000,419000
2017/07/25,0,21457200,-11091000,10366200
2017/07/26,0,17541000,-7969000,9572000
2017/07/27,0,8320000,-15613600,-7293600
2017/07/28,0,8945000,-5855001,3089999
2017/07/31,0,1637000,-6559000,-4922000
2017/08/01,0,6924000,-3386000,3538000
2017/08/02,0,8406000,-1779000,6627000
2017/08/03,0,8074000,-2437000,5637000
2017/08/04,0,24351752,-3364569,20987183
2017/08/07,0,15820000,-5434200,10385800
2017/08/08,0,21989000,-10620000,11369000
2017/08/09,0,21108000,-4924000,16184000
