Date,Open,Buy,Sell,Total
2007/04/23,0,588000,-700000,-112000
2007/04/24,0,42000,-400000,-358000
2007/04/25,0,65000,-710000,-645000
2007/04/26,0,80000,-350000,-270000
2007/04/27,0,1120000,-376000,744000
2007/04/30,0,2087000,-820205,1266795
2007/05/01,0,0,0,0
2007/05/02,0,210000,-739071,-529071
2007/05/03,0,67000,-3100000,-3033000
2007/05/04,0,987000,-1500290,-513290
2007/05/07,0,280000,-2027000,-1747000
2007/05/08,0,3529000,-2224000,1305000
2007/05/09,0,0,-3633000,-3633000
2007/05/10,0,0,0,0
2007/05/11,0,0,-835000,-835000
2007/05/14,0,90000,-170000,-80000
2007/05/15,0,604000,-50000,554000
2007/05/16,0,5000,-110000,-105000
2007/05/17,0,152000,-222000,-70000
2007/05/18,0,49000,-396000,-347000
2007/05/21,0,408000,-22000,386000
2007/05/22,0,1153000,-386000,767000
2007/05/23,0,545000,-470000,75000
2007/05/24,0,268000,-560000,-292000
2007/05/25,0,90000,-610000,-520000
2007/05/28,0,1653000,-1570000,83000
2007/05/29,0,405000,-240000,165000
2007/05/30,0,59000,-714000,-655000
2007/05/31,0,930000,-230000,700000
2007/06/01,0,1090000,-108000,982000
2007/06/04,0,2349000,-1817844,531156
2007/06/05,0,12000,-1332000,-1320000
2007/06/06,0,445000,-602000,-157000
2007/06/07,0,325000,-863000,-538000
2007/06/08,0,401000,-395000,6000
2007/06/11,0,500000,-500000,0
2007/06/12,0,31000,-1385000,-1354000
2007/06/13,0,1978000,-1102000,876000
2007/06/14,0,180000,-250000,-70000
2007/06/15,0,136000,-589000,-453000
2007/06/18,0,0,0,0
2007/06/19,0,0,0,0
2007/06/20,0,129000,-1946000,-1817000
2007/06/21,0,575000,-163000,412000
2007/06/22,0,1823000,-615000,1208000
2007/06/25,0,7758000,-1031000,6727000
2007/06/26,0,14481000,-4253000,10228000
2007/06/27,0,4556000,-5213000,-657000
2007/06/28,0,1456000,-1833000,-377000
2007/06/29,0,706000,-4484000,-3778000
2007/07/02,0,228000,-7426000,-7198000
2007/07/03,0,652000,-2006000,-1354000
2007/07/04,0,137000,-1811000,-1674000
2007/07/05,0,3699000,-846000,2853000
2007/07/06,0,2266000,-953000,1313000
2007/07/09,0,5854000,-2402000,3452000
2007/07/10,0,4134000,-6563990,-2429990
2007/07/11,0,1199000,-356080,842920
2007/07/12,0,1730000,-1026000,704000
2007/07/13,0,955000,-381068,573932
2007/07/16,0,483000,-6527000,-6044000
2007/07/17,0,1003000,-128000,875000
2007/07/18,0,3441000,-723000,2718000
2007/07/19,0,40000,-41434,-1434
2007/07/20,0,500000,-21000,479000
2007/07/23,0,8911000,-962000,7949000
2007/07/24,0,2341000,-1611000,730000
2007/07/25,0,2063000,-1573000,490000
2007/07/26,0,2717000,-8176000,-5459000
2007/07/27,0,1338000,-3414000,-2076000
2007/07/30,0,243000,-1040000,-797000
2007/07/31,0,2804000,-592000,2212000
2007/08/01,0,940000,-1968000,-1028000
2007/08/02,0,1550000,-1592093,-42093
2007/08/03,0,586000,-945000,-359000
2007/08/06,0,515000,-523000,-8000
2007/08/07,0,383000,-700000,-317000
2007/08/08,0,331000,-721000,-390000
2007/08/09,0,558000,-548420,9580
2007/08/10,0,105000,-168000,-63000
2007/08/13,0,265000,-30000,235000
2007/08/14,0,6200000,-160000,6040000
2007/08/15,0,3492000,-1675000,1817000
2007/08/16,0,3172000,-1044000,2128000
2007/08/17,0,1358000,-2602000,-1244000
2007/08/20,0,1325000,-185000,1140000
2007/08/21,0,2068000,-160000,1908000
2007/08/22,0,1291000,-937000,354000
2007/08/23,0,650000,-32000,618000
2007/08/24,0,6245000,-1026000,5219000
2007/08/27,0,303000,-1176000,-873000
2007/08/28,0,337000,-848000,-511000
2007/08/29,0,251000,-1169000,-918000
2007/08/30,0,314000,-668000,-354000
2007/08/31,0,423000,-99000,324000
2007/09/03,0,16000,-327000,-311000
2007/09/04,0,1510000,-1504000,6000
2007/09/05,0,600000,-467000,133000
2007/09/06,0,696000,-58000,638000
2007/09/07,0,2832000,-254000,2578000
2007/09/10,0,734000,-418000,316000
2007/09/11,0,1591000,-5230000,-3639000
2007/09/12,0,4164000,-2192000,1972000
2007/09/13,0,982000,-7752000,-6770000
2007/09/14,0,431000,-4113000,-3682000
2007/09/17,0,75000,-1437000,-1362000
2007/09/18,0,0,0,0
2007/09/19,0,1292000,-1939000,-647000
2007/09/20,0,827000,-2014000,-1187000
2007/09/21,0,968000,-240000,728000
2007/09/24,0,0,0,0
2007/09/25,0,0,0,0
2007/09/26,0,513000,-509000,4000
2007/09/27,0,2586000,-2778000,-192000
2007/09/28,0,2600000,-1815000,785000
2007/10/01,0,1247000,-917000,330000
2007/10/02,0,2087000,-519000,1568000
2007/10/03,0,620000,-3894000,-3274000
2007/10/04,0,4924000,-1407000,3517000
2007/10/05,0,2284000,-3213000,-929000
2007/10/08,0,1066000,-1345000,-279000
2007/10/09,0,67000,-311000,-244000
2007/10/10,0,0,0,0
2007/10/11,0,512000,-341000,171000
2007/10/12,0,880000,-1820000,-940000
2007/10/15,0,587000,-1008946,-421946
2007/10/16,0,1815000,-2155460,-340460
2007/10/17,0,907000,-397000,510000
2007/10/18,0,961000,-442000,519000
2007/10/19,0,190000,-817000,-627000
2007/10/22,0,74000,-4075000,-4001000
2007/10/23,0,390485,-934000,-543515
2007/10/24,0,543000,-643669,-100669
2007/10/25,0,235000,-116303,118697
2007/10/26,0,3823000,-292000,3531000
2007/10/29,0,541000,-102000,439000
2007/10/30,0,1703000,-217000,1486000
2007/10/31,0,52000,-481000,-429000
2007/11/01,0,396000,-7154000,-6758000
2007/11/02,0,328000,-2511822,-2183822
2007/11/05,0,343000,-163000,180000
2007/11/06,0,519000,-16000,503000
2007/11/07,0,669000,-321000,348000
2007/11/08,0,264000,-2935000,-2671000
2007/11/09,0,735000,-3349000,-2614000
2007/11/12,0,2533000,-3194000,-661000
2007/11/13,0,1330000,-878000,452000
2007/11/14,0,2626000,-808673,1817327
2007/11/15,0,217000,-12000,205000
2007/11/16,0,122000,-3261000,-3139000
2007/11/19,0,274000,-424000,-150000
2007/11/20,0,350000,-2500000,-2150000
2007/11/21,0,1044000,-414000,630000
2007/11/22,0,710000,-200000,510000
2007/11/23,0,315000,-215000,100000
2007/11/26,0,295000,-92000,203000
2007/11/27,0,885000,-2562000,-1677000
2007/11/28,0,318000,-970000,-652000
2007/11/29,0,1698000,-1129000,569000
2007/11/30,0,360000,-1894000,-1534000
2007/12/03,0,401000,-19000,382000
2007/12/04,0,1097000,-176000,921000
2007/12/05,0,3205000,-1745000,1460000
2007/12/06,0,474000,-1726000,-1252000
2007/12/07,0,75000,-1970000,-1895000
2007/12/10,0,19000,-2578000,-2559000
2007/12/11,0,169000,-1251000,-1082000
2007/12/12,0,178000,-569000,-391000
2007/12/13,0,166000,-2504000,-2338000
2007/12/14,0,809000,-2534000,-1725000
2007/12/17,0,532000,-3590000,-3058000
2007/12/18,0,1149167,-1651000,-501833
2007/12/19,0,1264000,-1882003,-618003
2007/12/20,0,1558000,-518000,1040000
2007/12/21,0,1023000,-535000,488000
2007/12/24,0,1138000,-232000,906000
2007/12/25,0,127000,-288000,-161000
2007/12/26,0,14000,-87000,-73000
2007/12/27,0,499000,-4000,495000
2007/12/28,0,2123000,-163000,1960000
2007/12/31,0,985000,-450515,534485
2008/01/01,0,0,0,0
2008/01/02,0,398000,-284000,114000
2008/01/03,0,27000,-481000,-454000
2008/01/04,0,186000,-44000,142000
2008/01/07,0,0,-2045000,-2045000
2008/01/08,0,40000,-1637000,-1597000
2008/01/09,0,95000,-623000,-528000
2008/01/10,0,378000,-270000,108000
2008/01/11,0,289000,-60000,229000
2008/01/14,0,269000,-40000,229000
2008/01/15,0,840000,-128271,711729
2008/01/16,0,43000,-415000,-372000
2008/01/17,0,10000,-264000,-254000
2008/01/18,0,1204000,-406000,798000
2008/01/21,0,23000,-103000,-80000
2008/01/22,0,0,-1213000,-1213000
2008/01/23,0,274000,-2023000,-1749000
2008/01/24,0,152000,-4031000,-3879000
2008/01/25,0,0,-33000,-33000
2008/01/28,0,662000,-117000,545000
2008/01/29,0,412000,-202000,210000
2008/01/30,0,171000,0,171000
2008/01/31,0,20000,-190000,-170000
2008/02/01,0,60000,-1000,59000
2008/02/04,0,0,0,0
2008/02/05,0,0,0,0
2008/02/06,0,0,0,0
2008/02/07,0,0,0,0
2008/02/08,0,0,0,0
2008/02/11,0,0,0,0
2008/02/12,0,0,-523000,-523000
2008/02/13,0,106000,-425000,-319000
2008/02/14,0,475000,-17000,458000
2008/02/15,0,262000,-2671,259329
2008/02/18,0,195000,-71000,124000
2008/02/19,0,118000,-38000,80000
2008/02/20,0,1000,-427814,-426814
2008/02/21,0,247000,-50000,197000
2008/02/22,0,85000,-131000,-46000
2008/02/25,0,826000,-25470,800530
2008/02/26,0,391000,-185450,205550
2008/02/27,0,594000,-485588,108412
2008/02/28,0,0,0,0
2008/02/29,0,357000,-182000,175000
2008/03/03,0,7000,-1279520,-1272520
2008/03/04,0,117000,-167924,-50924
2008/03/05,0,0,-650000,-650000
2008/03/06,0,217000,-140882,76118
2008/03/07,0,66000,-11000,55000
2008/03/10,0,257000,-187000,70000
2008/03/11,0,52000,-183000,-131000
2008/03/12,0,171000,-246660,-75660
2008/03/13,0,260000,-372000,-112000
2008/03/14,0,115000,-49183,65817
2008/03/17,0,40000,-238000,-198000
2008/03/18,0,220000,-135252,84748
2008/03/19,0,111000,-277000,-166000
2008/03/20,0,29000,-54000,-25000
2008/03/21,0,140000,-141000,-1000
2008/03/24,0,361000,-29000,332000
2008/03/25,0,66000,-13000,53000
2008/03/26,0,4000,-167000,-163000
2008/03/27,0,40000,-62000,-22000
2008/03/28,0,89000,-67926,21074
2008/03/31,0,92000,-137000,-45000
2008/04/01,0,588000,-81539,506461
2008/04/02,0,536000,-10000,526000
2008/04/03,0,418000,-528000,-110000
2008/04/04,0,0,0,0
2008/04/07,0,183000,-112000,71000
2008/04/08,0,44000,-132000,-88000
2008/04/09,0,20000,-169000,-149000
2008/04/10,0,65000,-135000,-70000
2008/04/11,0,204000,-166000,38000
2008/04/14,0,321000,-116344,204656
2008/04/15,0,302000,-303031,-1031
2008/04/16,0,1470000,-109000,1361000
2008/04/17,0,2412000,-156000,2256000
2008/04/18,0,448000,-285000,163000
2008/04/21,0,1283000,-870000,413000
2008/04/22,0,176000,-273000,-97000
2008/04/23,0,512000,-284000,228000
2008/04/24,0,367000,-870000,-503000
2008/04/25,0,1640000,-486000,1154000
2008/04/28,0,276000,-440000,-164000
2008/04/29,0,347000,-528000,-181000
2008/04/30,0,108000,-338000,-230000
2008/05/01,0,0,0,0
2008/05/02,0,754000,-1191000,-437000
2008/05/05,0,112000,-357000,-245000
2008/05/06,0,104000,-350000,-246000
2008/05/07,0,286000,-1074000,-788000
2008/05/08,0,52000,-1011000,-959000
2008/05/09,0,108000,-375000,-267000
2008/05/12,0,368000,-24458,343542
2008/05/13,0,588006,-268000,320006
2008/05/14,0,645000,-224000,421000
2008/05/15,0,1783000,-729000,1054000
2008/05/16,0,394000,-81000,313000
2008/05/19,0,244000,-148000,96000
2008/05/20,0,784000,-462000,322000
2008/05/21,0,2410000,-570000,1840000
2008/05/22,0,83000,-212000,-129000
2008/05/23,0,90000,-412000,-322000
2008/05/26,0,43000,-1411000,-1368000
2008/05/27,0,137000,-1087000,-950000
2008/05/28,0,261000,-939000,-678000
2008/05/29,0,97000,-499000,-402000
2008/05/30,0,424000,-297000,127000
2008/06/02,0,450000,-114000,336000
2008/06/03,0,20000,-221536,-201536
2008/06/04,0,119000,-120000,-1000
2008/06/05,0,292000,-55000,237000
2008/06/06,0,331000,-655863,-324863
2008/06/09,0,19000,-261000,-242000
2008/06/10,0,91000,-238000,-147000
2008/06/11,0,175000,-503000,-328000
2008/06/12,0,729000,-771000,-42000
2008/06/13,0,191000,-225000,-34000
2008/06/16,0,256000,-130000,126000
2008/06/17,0,144000,-536000,-392000
2008/06/18,0,206000,-23000,183000
2008/06/19,0,125000,-133000,-8000
2008/06/20,0,91000,-489000,-398000
2008/06/23,0,196000,-507000,-311000
2008/06/24,0,450000,-334000,116000
2008/06/25,0,276000,-339000,-63000
2008/06/26,0,365000,-233000,132000
2008/06/27,0,81000,-1920000,-1839000
2008/06/30,0,279000,-464000,-185000
2008/07/01,0,81000,-77000,4000
2008/07/02,0,497000,-138000,359000
2008/07/03,0,708000,-201000,507000
2008/07/04,0,698000,-333000,365000
2008/07/07,0,28000,-104000,-76000
2008/07/08,0,87000,-619000,-532000
2008/07/09,0,196000,-26000,170000
2008/07/10,0,178000,-79000,99000
2008/07/11,0,317000,-260000,57000
2008/07/14,0,37000,-217000,-180000
2008/07/15,0,57000,-1172000,-1115000
2008/07/16,0,192000,-877000,-685000
2008/07/17,0,202000,-164000,38000
2008/07/18,0,476000,-231000,245000
2008/07/21,0,834000,-10000,824000
2008/07/22,0,513000,-65000,448000
2008/07/23,0,714000,-101000,613000
2008/07/24,0,95000,-48000,47000
2008/07/25,0,214000,-645000,-431000
2008/07/28,0,0,0,0
2008/07/29,0,55000,-757000,-702000
2008/07/30,0,147000,-201000,-54000
2008/07/31,0,462000,-160000,302000
2008/08/01,0,149000,-22000,127000
2008/08/04,0,81000,-36000,45000
2008/08/05,0,100000,-388000,-288000
2008/08/06,0,158000,-27000,131000
2008/08/07,0,113000,-199000,-86000
2008/08/08,0,581000,-59000,522000
2008/08/11,0,138000,-345000,-207000
2008/08/12,0,85000,-101000,-16000
2008/08/13,0,374000,-276000,98000
2008/08/14,0,155000,-270000,-115000
2008/08/15,0,74000,-120000,-46000
2008/08/18,0,201000,-121000,80000
2008/08/19,0,61000,-219000,-158000
2008/08/20,0,48000,-270000,-222000
2008/08/21,0,296000,-151000,145000
2008/08/22,0,412000,-107000,305000
2008/08/25,0,114000,-125000,-11000
2008/08/26,0,44000,-364000,-320000
2008/08/27,0,76000,-332000,-256000
2008/08/28,0,25000,-204000,-179000
2008/08/29,0,34000,-70000,-36000
2008/09/01,0,1326000,-215000,1111000
2008/09/02,0,112000,-185000,-73000
2008/09/03,0,1150000,-634000,516000
2008/09/04,0,402000,-765000,-363000
2008/09/05,0,556000,-2123000,-1567000
2008/09/08,0,2000,-364000,-362000
2008/09/09,0,40000,-27000,13000
2008/09/10,0,62000,-333000,-271000
2008/09/11,0,306000,-40000,266000
2008/09/12,0,258000,-98000,160000
2008/09/15,0,410000,-207000,203000
2008/09/16,0,374000,-50000,324000
2008/09/17,0,430000,-331000,99000
2008/09/18,0,0,0,0
2008/09/19,0,82000,-456000,-374000
2008/09/22,0,16000,-158000,-142000
2008/09/23,0,19000,-330000,-311000
2008/09/24,0,256000,-215000,41000
2008/09/25,0,718000,-562000,156000
2008/09/26,0,687000,-402000,285000
2008/09/29,0,0,0,0
2008/09/30,0,2000,-488088,-486088
2008/10/01,0,78000,-39840,38160
2008/10/02,0,15000,-28893,-13893
2008/10/03,0,36000,-571099,-535099
2008/10/06,0,412000,-22475,389525
2008/10/07,0,60000,-46000,14000
2008/10/08,0,35000,-149000,-114000
2008/10/09,0,5000,-80000,-75000
2008/10/10,0,0,0,0
2008/10/13,0,62000,-52000,10000
2008/10/14,0,0,0,0
2008/10/15,0,54000,-18070,35930
2008/10/16,0,0,0,0
2008/10/17,0,0,-14000,-14000
2008/10/20,0,354000,-30592,323408
2008/10/21,0,331000,-166000,165000
2008/10/22,0,177000,-319546,-142546
2008/10/23,0,0,-9,-9
2008/10/24,0,0,-74902,-74902
2008/10/27,0,124000,-1068000,-944000
2008/10/28,0,84000,-277928,-193928
2008/10/29,0,292000,-118346,173654
2008/10/30,0,50000,-287000,-237000
2008/10/31,0,138000,-108220,29780
2008/11/03,0,144000,-76315,67685
2008/11/04,0,1000,-122000,-121000
2008/11/05,0,25000,-27000,-2000
2008/11/06,0,109000,-154000,-45000
2008/11/07,0,60000,-92000,-32000
2008/11/10,0,169000,-34000,135000
2008/11/11,0,110000,-7000,103000
2008/11/12,0,2000,-5687,-3687
2008/11/13,0,0,-170000,-170000
2008/11/14,0,27000,-5000,22000
2008/11/17,0,66000,-37031,28969
2008/11/18,0,6000,-388000,-382000
2008/11/19,0,0,-84547,-84547
2008/11/20,0,328000,-613000,-285000
2008/11/21,0,40000,-403000,-363000
2008/11/24,0,0,-54179,-54179
2008/11/25,0,47000,-9000,38000
2008/11/26,0,0,0,0
2008/11/27,0,12000,0,12000
2008/11/28,0,59000,-37000,22000
2008/12/01,0,342000,-20000,322000
2008/12/02,0,200000,-74000,126000
2008/12/03,0,0,-32000,-32000
2008/12/04,0,0,-9000,-9000
2008/12/05,0,0,-20000,-20000
2008/12/08,0,314000,-470000,-156000
2008/12/09,0,236000,-76000,160000
2008/12/10,0,224000,-4000,220000
2008/12/11,0,86000,-385000,-299000
2008/12/12,0,43000,-450000,-407000
2008/12/15,0,23000,-11000,12000
2008/12/16,0,7000,-91000,-84000
2008/12/17,0,0,-64000,-64000
2008/12/18,0,0,-5000,-5000
2008/12/19,0,112000,-72000,40000
2008/12/22,0,61000,-73000,-12000
2008/12/23,0,36000,-89000,-53000
2008/12/24,0,48000,-35000,13000
2008/12/25,0,0,-3000,-3000
2008/12/26,0,25000,0,25000
2008/12/29,0,0,-30000,-30000
2008/12/30,0,0,-1073,-1073
2008/12/31,0,6000,-11500,-5500
2009/01/01,0,0,0,0
2009/01/02,0,0,0,0
2009/01/05,0,171000,-46000,125000
2009/01/06,0,54000,-15000,39000
2009/01/07,0,11000,-96365,-85365
2009/01/08,0,10000,-174000,-164000
2009/01/09,0,1000,-142520,-141520
2009/01/12,0,20000,-1000,19000
2009/01/13,0,25000,-2149,22851
2009/01/14,0,146000,-3000,143000
2009/01/15,0,0,-203000,-203000
2009/01/16,0,133000,-12000,121000
2009/01/19,0,2000,-11000,-9000
2009/01/20,0,33000,-57000,-24000
2009/01/21,0,0,-61000,-61000
2009/01/22,0,0,0,0
2009/01/23,0,0,0,0
2009/01/26,0,0,0,0
2009/01/27,0,0,0,0
2009/01/28,0,0,0,0
2009/01/29,0,0,0,0
2009/01/30,0,0,0,0
2009/02/02,0,45000,-6000,39000
2009/02/03,0,67000,-78000,-11000
2009/02/04,0,1097000,-200000,897000
2009/02/05,0,1002000,-764000,238000
2009/02/06,0,645000,-92000,553000
2009/02/09,0,0,-223000,-223000
2009/02/10,0,1433000,-6000,1427000
2009/02/11,0,3918000,-1661000,2257000
2009/02/12,0,271000,-2470197,-2199197
2009/02/13,0,275000,-1611000,-1336000
2009/02/16,0,550000,-334049,215951
2009/02/17,0,139000,-907000,-768000
2009/02/18,0,140000,-159000,-19000
2009/02/19,0,1529000,-43000,1486000
2009/02/20,0,2645000,-551000,2094000
2009/02/23,0,4378000,-722000,3656000
2009/02/24,0,2180000,-245000,1935000
2009/02/25,0,505000,-1012000,-507000
2009/02/26,0,689000,-113000,576000
2009/02/27,0,791000,-180000,611000
2009/03/02,0,624000,-621000,3000
2009/03/03,0,865000,-1691000,-826000
2009/03/04,0,2165000,-483000,1682000
2009/03/05,0,2845000,-1250000,1595000
2009/03/06,0,2337000,-427000,1910000
2009/03/09,0,1936000,-632000,1304000
2009/03/10,0,857000,-6267000,-5410000
2009/03/11,0,856000,-1521000,-665000
2009/03/12,0,160000,-1700000,-1540000
2009/03/13,0,371000,-3124331,-2753331
2009/03/16,0,1301000,-488000,813000
2009/03/17,0,1145000,-777000,368000
2009/03/18,0,1092000,-53000,1039000
2009/03/19,0,974000,-75000,899000
2009/03/20,0,800000,-474000,326000
2009/03/23,0,512000,-46000,466000
2009/03/24,0,1450000,-984000,466000
2009/03/25,0,509000,-356061,152939
2009/03/26,0,1923000,-997000,926000
2009/03/27,0,560000,-1110000,-550000
2009/03/30,0,2323000,-4851000,-2528000
2009/03/31,0,1066000,-1994000,-928000
2009/04/01,0,3252000,-3781000,-529000
2009/04/02,0,517000,-1201473,-684473
2009/04/03,0,1245000,-1796000,-551000
2009/04/06,0,1300000,-1135023,164977
2009/04/07,0,1231000,-432000,799000
2009/04/08,0,158000,-2090000,-1932000
2009/04/09,0,943000,-2242000,-1299000
2009/04/10,0,382000,-710007,-328007
2009/04/13,0,383000,-373000,10000
2009/04/14,0,3224000,-893000,2331000
2009/04/15,0,399000,-690000,-291000
2009/04/16,0,614000,-862000,-248000
2009/04/17,0,547000,-1111001,-564001
2009/04/20,0,2316000,-493000,1823000
2009/04/21,0,1449000,-420000,1029000
2009/04/22,0,805000,-2403152,-1598152
2009/04/23,0,809000,-253000,556000
2009/04/24,0,3241000,-1122000,2119000
2009/04/27,0,1400000,-3304000,-1904000
2009/04/28,0,1118000,-3596010,-2478010
2009/04/29,0,2065000,-1045000,1020000
2009/04/30,0,1336000,-900000,436000
2009/05/01,0,0,0,0
2009/05/04,0,1896000,-3247000,-1351000
2009/05/05,0,1134000,-490000,644000
2009/05/06,0,1011000,-289000,722000
2009/05/07,0,581000,-2191000,-1610000
2009/05/08,0,812000,-1357000,-545000
2009/05/11,0,4158000,-2661039,1496961
2009/05/12,0,2171000,-715000,1456000
2009/05/13,0,237000,-1228000,-991000
2009/05/14,0,220000,-964000,-744000
2009/05/15,0,450000,-2051000,-1601000
2009/05/18,0,300000,-610000,-310000
2009/05/19,0,240000,-1157000,-917000
2009/05/20,0,15000,-1664000,-1649000
2009/05/21,0,26000,-2346000,-2320000
2009/05/22,0,740000,-334000,406000
2009/05/25,0,716000,-71043,644957
2009/05/26,0,21000,-75000,-54000
2009/05/27,0,87000,-1427000,-1340000
2009/05/28,0,0,0,0
2009/05/29,0,0,0,0
2009/06/01,0,79000,-89000,-10000
2009/06/02,0,0,-123000,-123000
2009/06/03,0,127000,-18277,108723
2009/06/04,0,12000,-41000,-29000
2009/06/05,0,26000,-70000,-44000
2009/06/08,0,0,-46000,-46000
2009/06/09,0,278000,0,278000
2009/06/10,0,156000,-9532,146468
2009/06/11,0,68000,-98000,-30000
2009/06/12,0,0,-368200,-368200
2009/06/15,0,31000,-8000,23000
2009/06/16,0,110000,-8873,101127
2009/06/17,0,50000,-2000,48000
2009/06/18,0,0,-76000,-76000
2009/06/19,0,0,-78000,-78000
2009/06/22,0,119000,-30000,89000
2009/06/23,0,0,-32000,-32000
2009/06/24,0,305000,-216852,88148
2009/06/25,0,2000,-59000,-57000
2009/06/26,0,2000,-132000,-130000
2009/06/29,0,0,-19000,-19000
2009/06/30,0,68000,-11000,57000
2009/07/01,0,293000,-5000,288000
2009/07/02,0,306000,-152000,154000
2009/07/03,0,2714000,-199000,2515000
2009/07/06,0,690000,-86000,604000
2009/07/07,0,1712032,-43000,1669032
2009/07/08,0,298000,-675000,-377000
2009/07/09,0,485000,-1350000,-865000
2009/07/10,0,419000,-138000,281000
2009/07/13,0,305000,-263000,42000
2009/07/14,0,442000,-315484,126516
2009/07/15,0,363730,-272000,91730
2009/07/16,0,302000,-5000,297000
2009/07/17,0,856000,-200215,655785
2009/07/20,0,1233000,-1122000,111000
2009/07/21,0,2204000,-1221000,983000
2009/07/22,0,1023000,-1426000,-403000
2009/07/23,0,2760000,-494000,2266000
2009/07/24,0,605221,-631000,-25779
2009/07/27,0,1699000,-1186000,513000
2009/07/28,0,3380000,-1244000,2136000
2009/07/29,0,3442000,-2542000,900000
2009/07/30,0,2016000,-526000,1490000
2009/07/31,0,157000,-3384463,-3227463
2009/08/03,0,940047,-402000,538047
2009/08/04,0,345000,-959988,-614988
2009/08/05,0,592000,-177000,415000
2009/08/06,0,3140000,-70000,3070000
2009/08/07,0,0,0,0
2009/08/10,0,509000,-282000,227000
2009/08/11,0,2060000,-1004000,1056000
2009/08/12,0,803000,-411000,392000
2009/08/13,0,661000,-991000,-330000
2009/08/14,0,904000,-131000,773000
2009/08/17,0,912000,-553000,359000
2009/08/18,0,648000,-607000,41000
2009/08/19,0,687000,-729000,-42000
2009/08/20,0,1661000,-239000,1422000
2009/08/21,0,1516000,-718000,798000
2009/08/24,0,694000,-678882,15118
2009/08/25,0,3291000,-164000,3127000
2009/08/26,0,401000,-1606105,-1205105
2009/08/27,0,1069000,-2413000,-1344000
2009/08/28,0,518000,-2606000,-2088000
2009/08/31,0,432000,-292000,140000
2009/09/01,0,6247000,-311000,5936000
2009/09/02,0,2812000,-1078000,1734000
2009/09/03,0,2118000,-5299000,-3181000
2009/09/04,0,1909000,-407000,1502000
2009/09/07,0,554000,-169000,385000
2009/09/08,0,4398000,-870000,3528000
2009/09/09,0,2039000,-2824000,-785000
2009/09/10,0,1393000,-2199000,-806000
2009/09/11,0,1054000,-447000,607000
2009/09/14,0,635359,-1405000,-769641
2009/09/15,0,1207000,-1081000,126000
2009/09/16,0,989000,-505000,484000
2009/09/17,0,974000,-526000,448000
2009/09/18,0,341000,-539000,-198000
2009/09/21,0,317000,-712000,-395000
2009/09/22,0,154000,-197000,-43000
2009/09/23,0,748000,-1609000,-861000
2009/09/24,0,624000,-98000,526000
2009/09/25,0,290000,-2981000,-2691000
2009/09/28,0,491000,-377147,113853
2009/09/29,0,1415161,-2026000,-610839
2009/09/30,0,1128164,-3685217,-2557053
2009/10/01,0,1427000,-5263000,-3836000
2009/10/02,0,1735000,-2136821,-401821
2009/10/05,0,464000,-2656934,-2192934
2009/10/06,0,1848000,-3413000,-1565000
2009/10/07,0,1206000,-1566000,-360000
2009/10/08,0,1616000,-1740446,-124446
2009/10/09,0,340000,-1113000,-773000
2009/10/12,0,257000,-380000,-123000
2009/10/13,0,486000,-665000,-179000
2009/10/14,0,1275049,-558000,717049
2009/10/15,0,1516000,-305000,1211000
2009/10/16,0,1473000,-90697,1382303
2009/10/19,0,328000,-893000,-565000
2009/10/20,0,311000,-460000,-149000
2009/10/21,0,588000,-878000,-290000
2009/10/22,0,1002000,-324000,678000
2009/10/23,0,642000,-2265000,-1623000
2009/10/26,0,756000,-671000,85000
2009/10/27,0,947000,-188000,759000
2009/10/28,0,821000,-647000,174000
2009/10/29,0,2636000,-2337000,299000
2009/10/30,0,960000,-1986000,-1026000
2009/11/02,0,642000,-317674,324326
2009/11/03,0,1050000,-251000,799000
2009/11/04,0,488000,-1311000,-823000
2009/11/05,0,544000,-1051000,-507000
2009/11/06,0,576000,-635000,-59000
2009/11/09,0,369000,-159000,210000
2009/11/10,0,460000,-771000,-311000
2009/11/11,0,593000,-960000,-367000
2009/11/12,0,247000,-879000,-632000
2009/11/13,0,183000,-914000,-731000
2009/11/16,0,143000,-251000,-108000
2009/11/17,0,194000,-193000,1000
2009/11/18,0,662000,-227000,435000
2009/11/19,0,111000,-225000,-114000
2009/11/20,0,123000,-372000,-249000
2009/11/23,0,97000,-70000,27000
2009/11/24,0,12000,-190000,-178000
2009/11/25,0,255000,-205000,50000
2009/11/26,0,425000,-88000,337000
2009/11/27,0,280000,-761000,-481000
2009/11/30,0,65000,-2403000,-2338000
2009/12/01,0,177000,-878000,-701000
2009/12/02,0,438000,-350000,88000
2009/12/03,0,338000,-244000,94000
2009/12/04,0,185000,-9000,176000
2009/12/07,0,1363000,-69000,1294000
2009/12/08,0,75000,-111000,-36000
2009/12/09,0,165000,-86000,79000
2009/12/10,0,326000,-290000,36000
2009/12/11,0,243000,-106000,137000
2009/12/14,0,362000,-683000,-321000
2009/12/15,0,444000,-786000,-342000
2009/12/16,0,400000,-370000,30000
2009/12/17,0,161000,-924000,-763000
2009/12/18,0,189000,-803000,-614000
2009/12/21,0,380000,-1637000,-1257000
2009/12/22,0,314000,-2279000,-1965000
2009/12/23,0,132000,-311000,-179000
2009/12/24,0,773000,-1614000,-841000
2009/12/25,0,1552000,-427000,1125000
2009/12/28,0,432000,-218000,214000
2009/12/29,0,1073000,-299000,774000
2009/12/30,0,111000,-366000,-255000
2009/12/31,0,779000,-202000,577000
2010/01/01,0,0,0,0
2010/01/04,0,881000,-590000,291000
2010/01/05,0,3411000,-1615000,1796000
2010/01/06,0,2287000,-908000,1379000
2010/01/07,0,718000,-461000,257000
2010/01/08,0,785000,-685000,100000
2010/01/11,0,552000,-675000,-123000
2010/01/12,0,1604000,-497000,1107000
2010/01/13,0,358000,-2220000,-1862000
2010/01/14,0,569000,-363000,206000
2010/01/15,0,407000,-425000,-18000
2010/01/18,0,3208000,-502000,2706000
2010/01/19,0,2543000,-660000,1883000
2010/01/20,0,782076,-651250,130826
2010/01/21,0,597000,-5251000,-4654000
2010/01/22,0,1688000,-2314000,-626000
2010/01/25,0,1857000,-771000,1086000
2010/01/26,0,876000,-2864000,-1988000
2010/01/27,0,1267000,-1330000,-63000
2010/01/28,0,439000,-594000,-155000
2010/01/29,0,809000,-1164000,-355000
2010/02/01,0,163000,-385000,-222000
2010/02/02,0,91000,-619400,-528400
2010/02/03,0,392000,-335000,57000
2010/02/04,0,334000,-189000,145000
2010/02/05,0,69000,-2726000,-2657000
2010/02/08,0,242000,-219000,23000
2010/02/09,0,390000,-92190,297810
2010/02/10,0,517000,-322072,194928
2010/02/11,0,0,0,0
2010/02/12,0,0,0,0
2010/02/15,0,0,0,0
2010/02/16,0,0,0,0
2010/02/17,0,0,0,0
2010/02/18,0,0,0,0
2010/02/19,0,0,0,0
2010/02/22,0,487000,-917000,-430000
2010/02/23,0,182000,-372000,-190000
2010/02/24,0,167000,-317000,-150000
2010/02/25,0,69000,-251000,-182000
2010/02/26,0,655000,-223000,432000
2010/03/01,0,385000,-92000,293000
2010/03/02,0,502000,-805080,-303080
2010/03/03,0,118000,-16000,102000
2010/03/04,0,119000,-573000,-454000
2010/03/05,0,1080000,-478000,602000
2010/03/08,0,1222000,-75000,1147000
2010/03/09,0,1606000,-224000,1382000
2010/03/10,0,783000,-1331000,-548000
2010/03/11,0,1080000,-721000,359000
2010/03/12,0,566000,-1288000,-722000
2010/03/15,0,1725000,-732000,993000
2010/03/16,0,889000,-953000,-64000
2010/03/17,0,9112000,-466852,8645148
2010/03/18,0,2226000,-374000,1852000
2010/03/19,0,5809000,-4482000,1327000
2010/03/22,0,2476000,-1528000,948000
2010/03/23,0,3453000,-2485000,968000
2010/03/24,0,2452000,-2248000,204000
2010/03/25,0,2292000,-4930000,-2638000
2010/03/26,0,1854000,-305000,1549000
2010/03/29,0,1796000,-3335000,-1539000
2010/03/30,0,1863000,-1435000,428000
2010/03/31,0,1334000,-1984000,-650000
2010/04/01,0,7701000,-2759000,4942000
2010/04/02,0,4431000,-1878000,2553000
2010/04/05,0,0,0,0
2010/04/06,0,3209000,-2108000,1101000
2010/04/07,0,1817000,-2526000,-709000
2010/04/08,0,1480000,-2335000,-855000
2010/04/09,0,1821000,-4812000,-2991000
2010/04/12,0,883000,-607000,276000
2010/04/13,0,193000,-451000,-258000
2010/04/14,0,7798000,-2484000,5314000
2010/04/15,0,2894000,-1407000,1487000
2010/04/16,0,461000,-1088000,-627000
2010/04/19,0,320000,-2653000,-2333000
2010/04/20,0,899000,-6969000,-6070000
2010/04/21,0,961000,-951000,10000
2010/04/22,0,772000,-586000,186000
2010/04/23,0,2312000,-852000,1460000
2010/04/26,0,2093000,-622000,1471000
2010/04/27,0,1442000,-783000,659000
2010/04/28,0,1906000,-884000,1022000
2010/04/29,0,2009000,-1970000,39000
2010/04/30,0,1073000,-2293000,-1220000
2010/05/03,0,1486000,-788000,698000
2010/05/04,0,1788000,-1341000,447000
2010/05/05,0,835000,-2008000,-1173000
2010/05/06,0,1420000,-2469000,-1049000
2010/05/07,0,1448000,-3653000,-2205000
2010/05/10,0,651000,-1241222,-590222
2010/05/11,0,619000,-2686155,-2067155
2010/05/12,0,667000,-1006000,-339000
2010/05/13,0,1090000,-1662000,-572000
2010/05/14,0,867000,-806000,61000
2010/05/17,0,666000,-997000,-331000
2010/05/18,0,727000,-735000,-8000
2010/05/19,0,2497000,-1514000,983000
2010/05/20,0,1030000,-1125000,-95000
2010/05/21,0,1046000,-2262000,-1216000
2010/05/24,0,890000,-513000,377000
2010/05/25,0,1565000,-844000,721000
2010/05/26,0,334000,-338000,-4000
2010/05/27,0,1151000,-1048000,103000
2010/05/28,0,345000,-1742000,-1397000
2010/05/31,0,327000,-391000,-64000
2010/06/01,0,858000,-6051000,-5193000
2010/06/02,0,842000,-361000,481000
2010/06/03,0,1226000,-1015000,211000
2010/06/04,0,322000,-385000,-63000
2010/06/07,0,925000,-769000,156000
2010/06/08,0,391000,-693000,-302000
2010/06/09,0,596000,-658000,-62000
2010/06/10,0,2912000,-1103000,1809000
2010/06/11,0,645000,-3289000,-2644000
2010/06/14,0,523000,-364000,159000
2010/06/15,0,932000,-351000,581000
2010/06/16,0,0,0,0
2010/06/17,0,3823000,-654000,3169000
2010/06/18,0,376000,-2513000,-2137000
2010/06/21,0,984000,-1428000,-444000
2010/06/22,0,255000,-755000,-500000
2010/06/23,0,307000,-1305000,-998000
2010/06/24,0,300000,-534071,-234071
2010/06/25,0,366000,-891000,-525000
2010/06/28,0,700000,-247000,453000
2010/06/29,0,479000,-886000,-407000
2010/06/30,0,457000,-363000,94000
2010/07/01,0,810000,-1605000,-795000
2010/07/02,0,1375000,-2620000,-1245000
2010/07/05,0,892000,-435000,457000
2010/07/06,0,470000,-1252000,-782000
2010/07/07,0,185000,-320000,-135000
2010/07/08,0,532000,-850000,-318000
2010/07/09,0,608000,-121000,487000
2010/07/12,0,436000,-567000,-131000
2010/07/13,0,359000,-740000,-381000
2010/07/14,0,1664000,-735000,929000
2010/07/15,0,560000,-590000,-30000
2010/07/16,0,1542000,-602000,940000
2010/07/19,0,742000,-672000,70000
2010/07/20,0,615000,-1104000,-489000
2010/07/21,0,1756000,-801000,955000
2010/07/22,0,1266000,-978000,288000
2010/07/23,0,710000,-777083,-67083
2010/07/26,0,310000,-314000,-4000
2010/07/27,0,332000,-4581000,-4249000
2010/07/28,0,2277000,-358000,1919000
2010/07/29,0,118000,-887000,-769000
2010/07/30,0,192000,-427000,-235000
2010/08/02,0,500000,-299000,201000
2010/08/03,0,1264000,-79000,1185000
2010/08/04,0,842000,-138000,704000
2010/08/05,0,329000,-809000,-480000
2010/08/06,0,533000,-718000,-185000
2010/08/09,0,308000,-362000,-54000
2010/08/10,0,295000,-664000,-369000
2010/08/11,0,682000,-152000,530000
2010/08/12,0,4183000,-591000,3592000
2010/08/13,0,329000,-2864000,-2535000
2010/08/16,0,531000,-410000,121000
2010/08/17,0,466000,-360000,106000
2010/08/18,0,536000,-3959000,-3423000
2010/08/19,0,453000,-524000,-71000
2010/08/20,0,0,-218320,-218320
2010/08/23,0,672000,-201000,471000
2010/08/24,0,270000,-1500000,-1230000
2010/08/25,0,107000,-1323000,-1216000
2010/08/26,0,1073000,-558000,515000
2010/08/27,0,364000,-203000,161000
2010/08/30,0,169000,-734000,-565000
2010/08/31,0,0,-609000,-609000
2010/09/01,0,224000,-121934,102066
2010/09/02,0,168000,-212000,-44000
2010/09/03,0,871000,-203000,668000
2010/09/06,0,272000,-340000,-68000
2010/09/07,0,482000,-1158000,-676000
2010/09/08,0,1162000,-239155,922845
2010/09/09,0,126000,-436000,-310000
2010/09/10,0,471000,-243000,228000
2010/09/13,0,319000,-105000,214000
2010/09/14,0,442000,-555257,-113257
2010/09/15,0,869000,-663000,206000
2010/09/16,0,670000,-658000,12000
2010/09/17,0,292000,-1034000,-742000
2010/09/20,0,110000,-334000,-224000
2010/09/21,0,863000,-262000,601000
2010/09/22,0,0,0,0
2010/09/23,0,337000,-1277000,-940000
2010/09/24,0,991000,-284000,707000
2010/09/27,0,4501000,-210000,4291000
2010/09/28,0,1577000,-909000,668000
2010/09/29,0,727000,-1488000,-761000
2010/09/30,0,899000,-1847000,-948000
2010/10/01,0,739000,-1895700,-1156700
2010/10/04,0,324000,-604000,-280000
2010/10/05,0,308000,-584000,-276000
2010/10/06,0,239000,-309000,-70000
2010/10/07,0,642000,-362287,279713
2010/10/08,0,1192000,-755000,437000
2010/10/11,0,290000,-321000,-31000
2010/10/12,0,1175000,-1564030,-389030
2010/10/13,0,261000,-1236000,-975000
2010/10/14,0,209000,-86000,123000
2010/10/15,0,280000,-319000,-39000
2010/10/18,0,124000,-840270,-716270
2010/10/19,0,434000,-118000,316000
2010/10/20,0,330000,-138000,192000
2010/10/21,0,70000,-90000,-20000
2010/10/22,0,1584000,-167000,1417000
2010/10/25,0,650000,-529000,121000
2010/10/26,0,817000,-364000,453000
2010/10/27,0,433000,-511000,-78000
2010/10/28,0,670130,-952000,-281870
2010/10/29,0,338000,-1623000,-1285000
2010/11/01,0,646000,-384130,261870
2010/11/02,0,264000,-346000,-82000
2010/11/03,0,323000,-516000,-193000
2010/11/04,0,251460,-277000,-25540
2010/11/05,0,303500,-371000,-67500
2010/11/08,0,693000,-651000,42000
2010/11/09,0,774000,-1240000,-466000
2010/11/10,0,291000,-1198000,-907000
2010/11/11,0,715000,-190000,525000
2010/11/12,0,155000,-710000,-555000
2010/11/15,0,240000,-111000,129000
2010/11/16,0,392000,-413000,-21000
2010/11/17,0,230000,-422000,-192000
2010/11/18,0,427000,-179000,248000
2010/11/19,0,214000,-187000,27000
2010/11/22,0,114000,-119000,-5000
2010/11/23,0,777000,-601000,176000
2010/11/24,0,910000,-291000,619000
2010/11/25,0,304000,-701000,-397000
2010/11/26,0,46000,-776000,-730000
2010/11/29,0,348000,-297000,51000
2010/11/30,0,429000,-338000,91000
2010/12/01,0,1232000,-203000,1029000
2010/12/02,0,619000,-492000,127000
2010/12/03,0,1899000,-285000,1614000
2010/12/06,0,562001,-914000,-351999
2010/12/07,0,3106000,-259000,2847000
2010/12/08,0,836000,-923000,-87000
2010/12/09,0,1505000,-2957000,-1452000
2010/12/10,0,1052000,-1376000,-324000
2010/12/13,0,566000,-370000,196000
2010/12/14,0,590000,-1035000,-445000
2010/12/15,0,6011000,-2276000,3735000
2010/12/16,0,1411000,-743000,668000
2010/12/17,0,1377000,-576000,801000
2010/12/20,0,373000,-703000,-330000
2010/12/21,0,2884000,-433000,2451000
2010/12/22,0,613000,-723000,-110000
2010/12/23,0,743000,-184000,559000
2010/12/24,0,348000,-454000,-106000
2010/12/27,0,742000,-676000,66000
2010/12/28,0,449000,-375000,74000
2010/12/29,0,500000,-1074000,-574000
2010/12/30,0,1268000,-481000,787000
2010/12/31,0,1518000,-1128000,390000
2011/01/03,0,910000,-985000,-75000
2011/01/04,0,1058000,-667000,391000
2011/01/05,0,1219000,-1101000,118000
2011/01/06,0,6834000,-585000,6249000
2011/01/07,0,3792000,-3779000,13000
2011/01/10,0,2559000,-2731000,-172000
2011/01/11,0,3017000,-2777000,240000
2011/01/12,0,2662000,-1155000,1507000
2011/01/13,0,532000,-2240000,-1708000
2011/01/14,0,3296000,-1055000,2241000
2011/01/17,0,2494000,-1924000,570000
2011/01/18,0,1569000,-1140000,429000
2011/01/19,0,1406000,-1631000,-225000
2011/01/20,0,5037000,-2052000,2985000
2011/01/21,0,2885000,-3475000,-590000
2011/01/24,0,1868000,-2295000,-427000
2011/01/25,0,2201000,-2067000,134000
2011/01/26,0,1601000,-2768000,-1167000
2011/01/27,0,1350000,-1365000,-15000
2011/01/28,0,478000,-1410000,-932000
2011/01/31,0,0,0,0
2011/02/01,0,0,0,0
2011/02/02,0,0,0,0
2011/02/03,0,0,0,0
2011/02/04,0,0,0,0
2011/02/07,0,0,0,0
2011/02/08,0,647000,-1389000,-742000
2011/02/09,0,1263000,-2159000,-896000
2011/02/10,0,2030000,-2121000,-91000
2011/02/11,0,1260000,-4037000,-2777000
2011/02/14,0,5332000,-1870000,3462000
2011/02/15,0,848000,-3823000,-2975000
2011/02/16,0,1021000,-986000,35000
2011/02/17,0,544000,-1534000,-990000
2011/02/18,0,1792000,-939000,853000
2011/02/21,0,854000,-1306000,-452000
2011/02/22,0,981000,-1342000,-361000
2011/02/23,0,1444000,-1039000,405000
2011/02/24,0,1003000,-1084000,-81000
2011/02/25,0,2659000,-1121000,1538000
2011/02/28,0,0,0,0
2011/03/01,0,4144000,-919000,3225000
2011/03/02,0,1070000,-1269000,-199000
2011/03/03,0,792000,-1148000,-356000
2011/03/04,0,1296000,-1880000,-584000
2011/03/07,0,754000,-1117000,-363000
2011/03/08,0,2730000,-3003000,-273000
2011/03/09,0,1728000,-1514000,214000
2011/03/10,0,375000,-2312000,-1937000
2011/03/11,0,1001000,-1174000,-173000
2011/03/14,0,1350000,-5395000,-4045000
2011/03/15,0,1732000,-6697000,-4965000
2011/03/16,0,2659000,-1384000,1275000
2011/03/17,0,314000,-1653000,-1339000
2011/03/18,0,1648000,-3638000,-1990000
2011/03/21,0,526000,-245000,281000
2011/03/22,0,2208000,-702000,1506000
2011/03/23,0,318000,-759000,-441000
2011/03/24,0,1001000,-655000,346000
2011/03/25,0,519000,-887000,-368000
2011/03/28,0,285000,-301000,-16000
2011/03/29,0,853000,-802000,51000
2011/03/30,0,834000,-296000,538000
2011/03/31,0,206000,-525000,-319000
2011/04/01,0,258000,-466000,-208000
2011/04/04,0,0,0,0
2011/04/05,0,0,0,0
2011/04/06,0,792000,-459000,333000
2011/04/07,0,262000,-820000,-558000
2011/04/08,0,219000,-1809000,-1590000
2011/04/11,0,267000,-502000,-235000
2011/04/12,0,79000,-321000,-242000
2011/04/13,0,119000,-396000,-277000
2011/04/14,0,132000,-226316,-94316
2011/04/15,0,107000,-277000,-170000
2011/04/18,0,80000,-831000,-751000
2011/04/19,0,503000,-1409000,-906000
2011/04/20,0,562000,-117000,445000
2011/04/21,0,685000,-348000,337000
2011/04/22,0,155000,-109000,46000
2011/04/25,0,60000,-348000,-288000
2011/04/26,0,122000,-682000,-560000
2011/04/27,0,289000,-245000,44000
2011/04/28,0,281000,-124000,157000
2011/04/29,0,429000,-2945000,-2516000
2011/05/02,0,0,0,0
2011/05/03,0,80000,-397000,-317000
2011/05/04,0,47000,-434000,-387000
2011/05/05,0,243000,-245000,-2000
2011/05/06,0,132000,-147960,-15960
2011/05/09,0,382000,-155000,227000
2011/05/10,0,237000,-122000,115000
2011/05/11,0,769000,-707314,61686
2011/05/12,0,370000,-737000,-367000
2011/05/13,0,732000,-482000,250000
2011/05/16,0,406000,-930000,-524000
2011/05/17,0,296000,-712000,-416000
2011/05/18,0,46000,-320000,-274000
2011/05/19,0,351000,-159120,191880
2011/05/20,0,63000,-534000,-471000
2011/05/23,0,81000,-257000,-176000
2011/05/24,0,195000,-309000,-114000
2011/05/25,0,282000,-321000,-39000
2011/05/26,0,461000,-325000,136000
2011/05/27,0,22000,-230000,-208000
2011/05/30,0,173000,-44000,129000
2011/05/31,0,339000,-120000,219000
2011/06/01,0,74000,-286000,-212000
2011/06/02,0,230000,-194000,36000
2011/06/03,0,290000,-71000,219000
2011/06/06,0,0,0,0
2011/06/07,0,151000,-300000,-149000
2011/06/08,0,55000,-448000,-393000
2011/06/09,0,47000,-316000,-269000
2011/06/10,0,145000,-81000,64000
2011/06/13,0,96000,-166000,-70000
2011/06/14,0,2000,-134000,-132000
2011/06/15,0,139000,-526000,-387000
2011/06/16,0,129000,-445000,-316000
2011/06/17,0,102000,-219000,-117000
2011/06/20,0,140000,-148000,-8000
2011/06/21,0,107000,-68000,39000
2011/06/22,0,8000,-123000,-115000
2011/06/23,0,305000,-320000,-15000
2011/06/24,0,76000,-152000,-76000
2011/06/27,0,46000,-225000,-179000
2011/06/28,0,14000,-74000,-60000
2011/06/29,0,183000,-42000,141000
2011/06/30,0,119000,-347000,-228000
2011/07/01,0,238000,-36000,202000
2011/07/04,0,783000,-141000,642000
2011/07/05,0,192000,-341689,-149689
2011/07/06,0,421000,-321000,100000
2011/07/07,0,907000,-208000,699000
2011/07/08,0,20000,-337000,-317000
2011/07/11,0,325000,-24000,301000
2011/07/12,0,216000,-219000,-3000
2011/07/13,0,63000,-224000,-161000
2011/07/14,0,134000,-159000,-25000
2011/07/15,0,731500,-45000,686500
2011/07/18,0,105000,-385000,-280000
2011/07/19,0,5000,-142000,-137000
2011/07/20,0,1628000,-129500,1498500
2011/07/21,0,422000,-71000,351000
2011/07/22,0,986000,-97000,889000
2011/07/25,0,578000,-215000,363000
2011/07/26,0,19621000,-194000,19427000
2011/07/27,0,5547000,-1748000,3799000
2011/07/28,0,731000,-5377000,-4646000
2011/07/29,0,339000,-8103000,-7764000
2011/08/01,0,404000,-12670000,-12266000
2011/08/02,0,251000,-1098000,-847000
2011/08/03,0,784000,-1263000,-479000
2011/08/04,0,230000,-1111000,-881000
2011/08/05,0,216000,-310000,-94000
2011/08/08,0,17000,-752000,-735000
2011/08/09,0,116000,-218000,-102000
2011/08/10,0,100000,-376831,-276831
2011/08/11,0,785000,-354000,431000
2011/08/12,0,1397000,-390000,1007000
2011/08/15,0,461000,-138000,323000
2011/08/16,0,733000,-287000,446000
2011/08/17,0,581000,-773000,-192000
2011/08/18,0,423000,-352000,71000
2011/08/19,0,175000,-746000,-571000
2011/08/22,0,416000,-1384800,-968800
2011/08/23,0,393000,-369000,24000
2011/08/24,0,30000,-338000,-308000
2011/08/25,0,153000,-193800,-40800
2011/08/26,0,307000,-30000,277000
2011/08/29,0,928000,-72000,856000
2011/08/30,0,466000,-121000,345000
2011/08/31,0,973000,-382000,591000
2011/09/01,0,1705000,-619000,1086000
2011/09/02,0,339000,-107000,232000
2011/09/05,0,175000,-1098000,-923000
2011/09/06,0,468000,-1376000,-908000
2011/09/07,0,289000,-192000,97000
2011/09/08,0,913000,-482000,431000
2011/09/09,0,800000,-297000,503000
2011/09/12,0,0,0,0
2011/09/13,0,85000,-481824,-396824
2011/09/14,0,130000,-1721000,-1591000
2011/09/15,0,616000,-132000,484000
2011/09/16,0,619000,-46000,573000
2011/09/19,0,155000,-136000,19000
2011/09/20,0,726000,-243000,483000
2011/09/21,0,556000,-404000,152000
2011/09/22,0,248000,-748000,-500000
2011/09/23,0,496000,-1060000,-564000
2011/09/26,0,139000,-892000,-753000
2011/09/27,0,216000,-61000,155000
2011/09/28,0,101000,-82000,19000
2011/09/29,0,275000,-212000,63000
2011/09/30,0,84000,-140000,-56000
2011/10/03,0,104000,-398400,-294400
2011/10/04,0,182000,-95000,87000
2011/10/05,0,223000,-104000,119000
2011/10/06,0,912000,-146416,765584
2011/10/07,0,79000,-107000,-28000
2011/10/10,0,0,0,0
2011/10/11,0,776000,-424000,352000
2011/10/12,0,406000,-243000,163000
2011/10/13,0,130000,-42000,88000
2011/10/14,0,370000,-39000,331000
2011/10/17,0,178000,-128000,50000
2011/10/18,0,150063,-68000,82063
2011/10/19,0,849000,-142000,707000
2011/10/20,0,386000,-452000,-66000
2011/10/21,0,326000,-104000,222000
2011/10/24,0,1216000,-219000,997000
2011/10/25,0,659000,-546000,113000
2011/10/26,0,418000,-73000,345000
2011/10/27,0,105000,-344000,-239000
2011/10/28,0,387000,-719000,-332000
2011/10/31,0,157000,-584152,-427152
2011/11/01,0,104000,-336000,-232000
2011/11/02,0,4333000,-108000,4225000
2011/11/03,0,7212000,-1921000,5291000
2011/11/04,0,3646000,-160000,3486000
2011/11/07,0,1097000,-801000,296000
2011/11/08,0,3092000,-4768000,-1676000
2011/11/09,0,318000,-2665000,-2347000
2011/11/10,0,1395000,-1810000,-415000
2011/11/11,0,744000,-1485000,-741000
2011/11/14,0,2424000,-912000,1512000
2011/11/15,0,822000,-2315000,-1493000
2011/11/16,0,840000,-1084000,-244000
2011/11/17,0,1351000,-1005000,346000
2011/11/18,0,896000,-1853979,-957979
2011/11/21,0,539000,-1773000,-1234000
2011/11/22,0,407000,-633000,-226000
2011/11/23,0,2295000,-2462000,-167000
2011/11/24,0,502000,-985000,-483000
2011/11/25,0,180000,-2626000,-2446000
2011/11/28,0,174000,-188000,-14000
2011/11/29,0,553000,-225000,328000
2011/11/30,0,784000,-1698000,-914000
2011/12/01,0,1686000,-1231000,455000
2011/12/02,0,652000,-489000,163000
2011/12/05,0,1054000,-681000,373000
2011/12/06,0,101000,-1766000,-1665000
2011/12/07,0,655000,-226000,429000
2011/12/08,0,488000,-822000,-334000
2011/12/09,0,157000,-351000,-194000
2011/12/12,0,299000,-288000,11000
2011/12/13,0,257000,-339000,-82000
2011/12/14,0,377000,-765000,-388000
2011/12/15,0,262000,-1449000,-1187000
2011/12/16,0,296000,-236000,60000
2011/12/19,0,227000,-443000,-216000
2011/12/20,0,230000,-165000,65000
2011/12/21,0,1218000,-393000,825000
2011/12/22,0,724000,-393000,331000
2011/12/23,0,1452000,-168000,1284000
2011/12/26,0,333000,-631000,-298000
2011/12/27,0,259000,-301000,-42000
2011/12/28,0,207000,-199000,8000
2011/12/29,0,222000,-129000,93000
2011/12/30,0,235000,-327000,-92000
2012/01/02,0,127000,-657000,-530000
2012/01/03,0,1280000,-207000,1073000
2012/01/04,0,183000,-282000,-99000
2012/01/05,0,113000,-186460,-73460
2012/01/06,0,83000,-313000,-230000
2012/01/09,0,100000,-687000,-587000
2012/01/10,0,584000,-55000,529000
2012/01/11,0,1259000,-46000,1213000
2012/01/12,0,1246000,-419000,827000
2012/01/13,0,224000,-922000,-698000
2012/01/16,0,138000,-1094000,-956000
2012/01/17,0,861000,-217000,644000
2012/01/18,0,5600000,-1953000,3647000
2012/01/19,0,0,0,0
2012/01/20,0,0,0,0
2012/01/23,0,0,0,0
2012/01/24,0,0,0,0
2012/01/25,0,0,0,0
2012/01/26,0,0,0,0
2012/01/27,0,0,0,0
2012/01/30,0,1692000,-453000,1239000
2012/01/31,0,702000,-1197000,-495000
2012/02/01,0,1745000,-6921000,-5176000
2012/02/02,0,532000,-511000,21000
2012/02/03,0,1092000,-746000,346000
2012/02/06,0,985000,-1375000,-390000
2012/02/07,0,581000,-719000,-138000
2012/02/08,0,2393000,-266000,2127000
2012/02/09,0,727000,-1532000,-805000
2012/02/10,0,681000,-1281000,-600000
2012/02/13,0,593000,-764000,-171000
2012/02/14,0,585000,-618000,-33000
2012/02/15,0,647000,-398000,249000
2012/02/16,0,169000,-800000,-631000
2012/02/17,0,249000,-113000,136000
2012/02/20,0,225000,-225000,0
2012/02/21,0,406000,-284000,122000
2012/02/22,0,222000,-171000,51000
2012/02/23,0,506000,-363000,143000
2012/02/24,0,708000,-321000,387000
2012/02/27,0,0,0,0
2012/02/28,0,0,0,0
2012/02/29,0,341000,-573000,-232000
2012/03/01,0,74000,-139000,-65000
2012/03/02,0,106000,-325000,-219000
2012/03/05,0,282000,-1199000,-917000
2012/03/06,0,418000,-931000,-513000
2012/03/07,0,126000,-284000,-158000
2012/03/08,0,572000,-278000,294000
2012/03/09,0,413000,-134000,279000
2012/03/12,0,35000,-390000,-355000
2012/03/13,0,118000,-367000,-249000
2012/03/14,0,229000,-456000,-227000
2012/03/15,0,61000,-164000,-103000
2012/03/16,0,287000,-180000,107000
2012/03/19,0,189000,-588000,-399000
2012/03/20,0,360000,-587000,-227000
2012/03/21,0,199000,-430000,-231000
2012/03/22,0,205000,-136000,69000
2012/03/23,0,70000,-223000,-153000
2012/03/26,0,235000,-281000,-46000
2012/03/27,0,85000,-181000,-96000
2012/03/28,0,35000,-191000,-156000
2012/03/29,0,174000,-818749,-644749
2012/03/30,0,304000,-117000,187000
2012/04/02,0,187000,-171000,16000
2012/04/03,0,18000,-309000,-291000
2012/04/04,0,0,0,0
2012/04/05,0,220000,-173000,47000
2012/04/06,0,276000,-174000,102000
2012/04/09,0,82000,-246000,-164000
2012/04/10,0,41000,-92000,-51000
2012/04/11,0,71000,-92000,-21000
2012/04/12,0,189000,-68834,120166
2012/04/13,0,142000,-28000,114000
2012/04/16,0,83000,-72000,11000
2012/04/17,0,175000,-307000,-132000
2012/04/18,0,56000,-426000,-370000
2012/04/19,0,1160000,-205000,955000
2012/04/20,0,153000,-600000,-447000
2012/04/23,0,349000,-235000,114000
2012/04/24,0,263000,-371000,-108000
2012/04/25,0,184000,-201000,-17000
2012/04/26,0,425009,-863000,-437991
2012/04/27,0,156000,-998678,-842678
2012/04/30,0,84000,-989000,-905000
2012/05/01,0,0,0,0
2012/05/02,0,236000,-129000,107000
2012/05/03,0,107000,-61000,46000
2012/05/04,0,199000,-143000,56000
2012/05/07,0,393000,-68000,325000
2012/05/08,0,196000,-17000,179000
2012/05/09,0,265000,-194000,71000
2012/05/10,0,36000,-16000,20000
2012/05/11,0,124000,-303000,-179000
2012/05/14,0,172000,-342000,-170000
2012/05/15,0,214000,-129000,85000
2012/05/16,0,207000,-380000,-173000
2012/05/17,0,334000,-305000,29000
2012/05/18,0,97000,-329000,-232000
2012/05/21,0,83000,-44000,39000
2012/05/22,0,62000,-47000,15000
2012/05/23,0,11000,-67000,-56000
2012/05/24,0,59000,-204000,-145000
2012/05/25,0,163000,-42000,121000
2012/05/28,0,110000,-34000,76000
2012/05/29,0,103000,-119000,-16000
2012/05/30,0,55000,-145000,-90000
2012/05/31,0,264000,-40000,224000
2012/06/01,0,160000,-126000,34000
2012/06/04,0,119000,-240000,-121000
2012/06/05,0,2169000,-24000,2145000
2012/06/06,0,185000,-1420000,-1235000
2012/06/07,0,41000,-332000,-291000
2012/06/08,0,143000,-37442,105558
2012/06/11,0,129000,-116000,13000
2012/06/12,0,1000,-130000,-129000
2012/06/13,0,132000,-112000,20000
2012/06/14,0,8000,-25000,-17000
2012/06/15,0,173000,-54000,119000
2012/06/18,0,95000,-51000,44000
2012/06/19,0,2807000,-139000,2668000
2012/06/20,0,2357000,-1885000,472000
2012/06/21,0,521000,-1709000,-1188000
2012/06/22,0,163000,-1532000,-1369000
2012/06/25,0,4980000,-186000,4794000
2012/06/26,0,580000,-4382000,-3802000
2012/06/27,0,403000,-378000,25000
2012/06/28,0,167000,-217000,-50000
2012/06/29,0,237000,-352000,-115000
2012/07/02,0,1517000,-608000,909000
2012/07/03,0,353000,-1160000,-807000
2012/07/04,0,225000,-758000,-533000
2012/07/05,0,244000,-312000,-68000
2012/07/06,0,430000,-557000,-127000
2012/07/09,0,400000,-317000,83000
2012/07/10,0,2013000,-442000,1571000
2012/07/11,0,3637000,-127000,3510000
2012/07/12,0,109000,-5394000,-5285000
2012/07/13,0,51000,-232000,-181000
2012/07/16,0,8000,-77000,-69000
2012/07/17,0,371000,-171000,200000
2012/07/18,0,171000,-220000,-49000
2012/07/19,0,329000,-172066,156934
2012/07/20,0,344000,-414000,-70000
2012/07/23,0,357000,-406000,-49000
2012/07/24,0,91000,-128000,-37000
2012/07/25,0,583000,-429000,154000
2012/07/26,0,105000,-181000,-76000
2012/07/27,0,939000,-18000,921000
2012/07/30,0,1286000,-794000,492000
2012/07/31,0,535000,-246000,289000
2012/08/01,0,116000,-79000,37000
2012/08/02,0,0,0,0
2012/08/03,0,931000,-139000,792000
2012/08/06,0,142000,-3000,139000
2012/08/07,0,152000,-128000,24000
2012/08/08,0,302000,-1029000,-727000
2012/08/09,0,555000,-1218000,-663000
2012/08/10,0,197000,-440000,-243000
2012/08/13,0,327000,-746000,-419000
2012/08/14,0,352000,-388000,-36000
2012/08/15,0,1091000,-101000,990000
2012/08/16,0,1195000,-900570,294430
2012/08/17,0,1196000,-207000,989000
2012/08/20,0,797000,-387000,410000
2012/08/21,0,1538000,-171000,1367000
2012/08/22,0,987000,-125000,862000
2012/08/23,0,999000,-4000,995000
2012/08/24,0,165000,-16000,149000
2012/08/27,0,385000,-190000,195000
2012/08/28,0,278000,-272000,6000
2012/08/29,0,120000,-10000,110000
2012/08/30,0,128000,-375000,-247000
2012/08/31,0,207000,-107937,99063
2012/09/03,0,219000,-141460,77540
2012/09/04,0,6576000,-361000,6215000
2012/09/05,0,336000,-3362000,-3026000
2012/09/06,0,290000,-970076,-680076
2012/09/07,0,966000,-624075,341925
2012/09/10,0,2080000,-225000,1855000
2012/09/11,0,356000,-430000,-74000
2012/09/12,0,754000,-342000,412000
2012/09/13,0,719000,-529000,190000
2012/09/14,0,3626000,-1356038,2269962
2012/09/17,0,514000,-800000,-286000
2012/09/18,0,529000,-555000,-26000
2012/09/19,0,5930000,-6890000,-960000
2012/09/20,0,3598000,-6123000,-2525000
2012/09/21,0,476000,-2912000,-2436000
2012/09/24,0,4239000,-1192000,3047000
2012/09/25,0,223000,-3779000,-3556000
2012/09/26,0,592000,-2529000,-1937000
2012/09/27,0,1111000,-524000,587000
2012/09/28,0,389000,-1121000,-732000
2012/10/01,0,824000,-230000,594000
2012/10/02,0,731000,-463000,268000
2012/10/03,0,436000,-380000,56000
2012/10/04,0,1169000,-557000,612000
2012/10/05,0,464000,-873000,-409000
2012/10/08,0,367000,-531000,-164000
2012/10/09,0,1743000,-944000,799000
2012/10/10,0,0,0,0
2012/10/11,0,769000,-598000,171000
2012/10/12,0,2253000,-1199000,1054000
2012/10/15,0,862000,-361000,501000
2012/10/16,0,491000,-834000,-343000
2012/10/17,0,17000,-1116000,-1099000
2012/10/18,0,170000,-724000,-554000
2012/10/19,0,617000,-250000,367000
2012/10/22,0,757000,-943000,-186000
2012/10/23,0,342000,-607000,-265000
2012/10/24,0,915000,-142000,773000
2012/10/25,0,3182000,-1991000,1191000
2012/10/26,0,2405000,-1683000,722000
2012/10/29,0,1713000,-665000,1048000
2012/10/30,0,1194000,-1675172,-481172
2012/10/31,0,734000,-1322000,-588000
2012/11/01,0,980000,-436000,544000
2012/11/02,0,1238000,-1834000,-596000
2012/11/05,0,323000,-1187000,-864000
2012/11/06,0,100000,-1455000,-1355000
2012/11/07,0,565000,-572000,-7000
2012/11/08,0,1033000,-879000,154000
2012/11/09,0,1226000,-518000,708000
2012/11/12,0,501000,-1456000,-955000
2012/11/13,0,399000,-265000,134000
2012/11/14,0,523000,-227000,296000
2012/11/15,0,806000,-1252545,-446545
2012/11/16,0,551000,-829000,-278000
2012/11/19,0,245000,-40000,205000
2012/11/20,0,413000,-319000,94000
2012/11/21,0,791000,-411000,380000
2012/11/22,0,45000,-324000,-279000
2012/11/23,0,3985000,-885000,3100000
2012/11/26,0,104000,-4736000,-4632000
2012/11/27,0,5747000,-2375000,3372000
2012/11/28,0,293000,-3163000,-2870000
2012/11/29,0,1820000,-951000,869000
2012/11/30,0,329000,-1365000,-1036000
2012/12/03,0,170000,-705690,-535690
2012/12/04,0,1244000,-128000,1116000
2012/12/05,0,7305000,-1040000,6265000
2012/12/06,0,1534000,-3865000,-2331000
2012/12/07,0,394000,-2932000,-2538000
2012/12/10,0,660000,-1713000,-1053000
2012/12/11,0,914000,-501000,413000
2012/12/12,0,1798000,-828000,970000
2012/12/13,0,1485000,-536000,949000
2012/12/14,0,417000,-1712000,-1295000
2012/12/17,0,5457000,-505000,4952000
2012/12/18,0,1107000,-2165000,-1058000
2012/12/19,0,561000,-3717000,-3156000
2012/12/20,0,2021000,-1534000,487000
2012/12/21,0,1221000,-1757000,-536000
2012/12/24,0,368000,-582000,-214000
2012/12/25,0,1927000,-396000,1531000
2012/12/26,0,10000,-1550000,-1540000
2012/12/27,0,530000,-527000,3000
2012/12/28,0,1153000,-952000,201000
2012/12/31,0,0,0,0
2013/01/01,0,0,0,0
2013/01/02,0,152000,-934000,-782000
2013/01/03,0,1845000,-447000,1398000
2013/01/04,0,166000,-2513000,-2347000
2013/01/07,0,2925000,-343000,2582000
2013/01/08,0,532000,-1663000,-1131000
2013/01/09,0,3829000,-804000,3025000
2013/01/10,0,923000,-3918000,-2995000
2013/01/11,0,327000,-867000,-540000
2013/01/14,0,1330000,-549000,781000
2013/01/15,0,310000,-550000,-240000
2013/01/16,0,2843000,-471000,2372000
2013/01/17,0,2029000,-2915000,-886000
2013/01/18,0,617000,-1638000,-1021000
2013/01/21,0,125000,-291000,-166000
2013/01/22,0,342000,-596000,-254000
2013/01/23,0,311000,-252000,59000
2013/01/24,0,135000,-463000,-328000
2013/01/25,0,391000,-1025000,-634000
2013/01/28,0,3366000,-1118000,2248000
2013/01/29,0,912000,-2071645,-1159645
2013/01/30,0,947000,-766000,181000
2013/01/31,0,1907000,-768000,1139000
2013/02/01,0,703000,-1160000,-457000
2013/02/04,0,520000,-254000,266000
2013/02/05,0,612000,-887000,-275000
2013/02/06,0,214000,-713000,-499000
2013/02/07,0,0,0,0
2013/02/08,0,0,0,0
2013/02/11,0,0,0,0
2013/02/12,0,0,0,0
2013/02/13,0,0,0,0
2013/02/14,0,0,0,0
2013/02/15,0,0,0,0
2013/02/18,0,300000,-713000,-413000
2013/02/19,0,473000,-409000,64000
2013/02/20,0,372000,-870000,-498000
2013/02/21,0,1064000,-654000,410000
2013/02/22,0,176000,-512000,-336000
2013/02/25,0,274000,-340000,-66000
2013/02/26,0,69000,-443000,-374000
2013/02/27,0,40000,-297000,-257000
2013/02/28,0,0,0,0
2013/03/01,0,966000,-747000,219000
2013/03/04,0,1459000,-849000,610000
2013/03/05,0,909000,-842000,67000
2013/03/06,0,707000,-320000,387000
2013/03/07,0,565000,-352000,213000
2013/03/08,0,857000,-356000,501000
2013/03/11,0,5475000,-723000,4752000
2013/03/12,0,943000,-3656000,-2713000
2013/03/13,0,378000,-1916000,-1538000
2013/03/14,0,132000,-404000,-272000
2013/03/15,0,862000,-386000,476000
2013/03/18,0,856000,-320000,536000
2013/03/19,0,1103000,-562000,541000
2013/03/20,0,986000,-230000,756000
2013/03/21,0,633000,-377000,256000
2013/03/22,0,218000,-1745000,-1527000
2013/03/25,0,188000,-247000,-59000
2013/03/26,0,912000,-294000,618000
2013/03/27,0,445000,-734000,-289000
2013/03/28,0,196000,-700000,-504000
2013/03/29,0,521000,-423000,98000
2013/04/01,0,275000,-694000,-419000
2013/04/02,0,672000,-295000,377000
2013/04/03,0,723000,-1667000,-944000
2013/04/04,0,0,0,0
2013/04/05,0,0,0,0
2013/04/08,0,1708000,-1929000,-221000
2013/04/09,0,848000,-2700000,-1852000
2013/04/10,0,570000,-1662000,-1092000
2013/04/11,0,686000,-1055000,-369000
2013/04/12,0,642000,-1175000,-533000
2013/04/15,0,246000,-839000,-593000
2013/04/16,0,922000,-165000,757000
2013/04/17,0,835000,-354000,481000
2013/04/18,0,244000,-179000,65000
2013/04/19,0,585000,-464000,121000
2013/04/22,0,1173000,-1045000,128000
2013/04/23,0,605000,-1342000,-737000
2013/04/24,0,204000,-790000,-586000
2013/04/25,0,400000,-223000,177000
2013/04/26,0,145000,-350000,-205000
2013/04/29,0,217000,-151000,66000
2013/04/30,0,511000,-159000,352000
2013/05/01,0,0,0,0
2013/05/02,0,147000,-35000,112000
2013/05/03,0,537000,-221000,316000
2013/05/06,0,0,-441000,-441000
2013/05/07,0,369000,-148000,221000
2013/05/08,0,778000,-283000,495000
2013/05/09,0,233000,-52000,181000
2013/05/10,0,235000,-101000,134000
2013/05/13,0,282000,-200000,82000
2013/05/14,0,897000,-175000,722000
2013/05/15,0,383000,-408000,-25000
2013/05/16,0,494000,-1514000,-1020000
2013/05/17,0,392000,-738000,-346000
2013/05/20,0,217000,-399000,-182000
2013/05/21,0,279000,-617000,-338000
2013/05/22,0,2168000,-242000,1926000
2013/05/23,0,608000,-930000,-322000
2013/05/24,0,1055000,-547000,508000
2013/05/27,0,1177000,-506000,671000
2013/05/28,0,1968000,-756000,1212000
2013/05/29,0,2192000,-521000,1671000
2013/05/30,0,1672000,-1552000,120000
2013/05/31,0,2669000,-1788000,881000
2013/06/03,0,831000,-587000,244000
2013/06/04,0,91000,-400000,-309000
2013/06/05,0,211000,-1698000,-1487000
2013/06/06,0,448000,-1486000,-1038000
2013/06/07,0,390000,-1105000,-715000
2013/06/10,0,360000,-175000,185000
2013/06/11,0,101000,-84000,17000
2013/06/12,0,0,0,0
2013/06/13,0,554000,-70000,484000
2013/06/14,0,32000,-212000,-180000
2013/06/17,0,76000,-110000,-34000
2013/06/18,0,706000,-60000,646000
2013/06/19,0,135000,-249000,-114000
2013/06/20,0,829000,-219000,610000
2013/06/21,0,380000,-706000,-326000
2013/06/24,0,144000,-10000,134000
2013/06/25,0,128000,-759000,-631000
2013/06/26,0,71000,-43000,28000
2013/06/27,0,1042000,-307000,735000
2013/06/28,0,288000,-261000,27000
2013/07/01,0,1907000,-139000,1768000
2013/07/02,0,582000,-332000,250000
2013/07/03,0,50000,-526000,-476000
2013/07/04,0,311000,-372000,-61000
2013/07/05,0,565000,-67000,498000
2013/07/08,0,302000,-303000,-1000
2013/07/09,0,60000,-70000,-10000
2013/07/10,0,1087000,-297000,790000
2013/07/11,0,651000,-190000,461000
2013/07/12,0,5261000,-710000,4551000
2013/07/15,0,271000,-802000,-531000
2013/07/16,0,385000,-1065000,-680000
2013/07/17,0,603000,-380000,223000
2013/07/18,0,70000,-1286000,-1216000
2013/07/19,0,270000,-516000,-246000
2013/07/22,0,634000,0,634000
2013/07/23,0,265000,-143000,122000
2013/07/24,0,237000,-198000,39000
2013/07/25,0,76000,-310000,-234000
2013/07/26,0,508000,-175000,333000
2013/07/29,0,480000,-1036000,-556000
2013/07/30,0,1898000,-191000,1707000
2013/07/31,0,434000,-1433000,-999000
2013/08/01,0,149000,-1333000,-1184000
2013/08/02,0,68000,-100000,-32000
2013/08/05,0,215000,-150000,65000
2013/08/06,0,22000,-77000,-55000
2013/08/07,0,2000,-629000,-627000
2013/08/08,0,0,-194000,-194000
2013/08/09,0,0,-300000,-300000
2013/08/12,0,0,-458000,-458000
2013/08/13,0,70000,-136000,-66000
2013/08/14,0,0,-93000,-93000
2013/08/15,0,0,-163000,-163000
2013/08/16,0,50000,-1017000,-967000
2013/08/19,0,4000,-358754,-354754
2013/08/20,0,0,-384850,-384850
2013/08/21,0,0,0,0
2013/08/22,0,122000,-2163000,-2041000
2013/08/23,0,566000,-114000,452000
2013/08/26,0,0,-70000,-70000
2013/08/27,0,0,-410000,-410000
2013/08/28,0,28000,-331000,-303000
2013/08/29,0,20000,-114000,-94000
2013/08/30,0,110000,-88000,22000
2013/09/02,0,191000,-169000,22000
2013/09/03,0,126000,-164584,-38584
2013/09/04,0,55000,-446000,-391000
2013/09/05,0,50000,-60000,-10000
2013/09/06,0,20000,-60000,-40000
2013/09/09,0,1443000,-209000,1234000
2013/09/10,0,110000,-687000,-577000
2013/09/11,0,77000,-113000,-36000
2013/09/12,0,220000,-80000,140000
2013/09/13,0,0,-130000,-130000
2013/09/16,0,22000,-619000,-597000
2013/09/17,0,120000,-746000,-626000
2013/09/18,0,50000,-526000,-476000
2013/09/19,0,0,0,0
2013/09/20,0,0,0,0
2013/09/23,0,0,-270517,-270517
2013/09/24,0,0,-18000,-18000
2013/09/25,0,0,-146000,-146000
2013/09/26,0,0,-114000,-114000
2013/09/27,0,0,-69000,-69000
2013/09/30,0,2000,-349000,-347000
2013/10/01,0,0,-30000,-30000
2013/10/02,0,0,-126000,-126000
2013/10/03,0,0,-47478,-47478
2013/10/04,0,30000,-69000,-39000
2013/10/07,0,0,-129755,-129755
2013/10/08,0,0,-467000,-467000
2013/10/09,0,150000,-347000,-197000
2013/10/10,0,0,0,0
2013/10/11,0,18000,-16000,2000
2013/10/14,0,11000,-47000,-36000
2013/10/15,0,60000,-9000,51000
2013/10/16,0,0,-6000,-6000
2013/10/17,0,0,-2000,-2000
2013/10/18,0,0,-1000,-1000
2013/10/21,0,0,-4000,-4000
2013/10/22,0,0,-7000,-7000
2013/10/23,0,0,-8000,-8000
2013/10/24,0,0,-4000,-4000
2013/10/25,0,0,-245000,-245000
2013/10/28,0,40000,-1000,39000
2013/10/29,0,0,0,0
2013/10/30,0,51000,0,51000
2013/10/31,0,0,-76000,-76000
2013/11/01,0,0,-1000,-1000
2013/11/04,0,0,0,0
2013/11/05,0,0,-191508,-191508
2013/11/06,0,0,-142000,-142000
2013/11/07,0,0,-117000,-117000
2013/11/08,0,0,0,0
2013/11/11,0,0,-50000,-50000
2013/11/12,0,97000,-60000,37000
2013/11/13,0,0,0,0
2013/11/14,0,0,0,0
2013/11/15,0,1000,0,1000
2013/11/18,0,0,-13000,-13000
2013/11/19,0,0,0,0
2013/11/20,0,0,0,0
2013/11/21,0,0,-81000,-81000
2013/11/22,0,0,-27000,-27000
2013/11/25,0,0,-40000,-40000
2013/11/26,0,0,-20000,-20000
2013/11/27,0,0,0,0
2013/11/28,0,79000,0,79000
2013/11/29,0,31000,0,31000
2013/12/02,0,0,0,0
2013/12/03,0,0,0,0
2013/12/04,0,7000,-4000,3000
2013/12/05,0,0,0,0
2013/12/06,0,3000,-110000,-107000
2013/12/09,0,22000,0,22000
2013/12/10,0,1000,0,1000
2013/12/11,0,33000,-430,32570
2013/12/12,0,0,-2000,-2000
2013/12/13,0,32000,-245000,-213000
2013/12/16,0,13000,-205000,-192000
2013/12/17,0,34000,-55000,-21000
2013/12/18,0,12000,-143000,-131000
2013/12/19,0,0,0,0
2013/12/20,0,0,-12000,-12000
2013/12/23,0,0,0,0
2013/12/24,0,0,0,0
2013/12/25,0,0,0,0
2013/12/26,0,0,0,0
2013/12/27,0,0,0,0
2013/12/30,0,0,0,0
2013/12/31,0,38000,0,38000
2014/01/02,0,0,0,0
2014/01/03,0,0,0,0
2014/01/06,0,0,0,0
2014/01/07,0,38000,0,38000
2014/01/08,0,33000,0,33000
2014/01/09,0,0,0,0
2014/01/10,0,0,-6000,-6000
2014/01/13,0,0,0,0
2014/01/14,0,0,0,0
2014/01/15,0,0,-19000,-19000
2014/01/16,0,0,0,0
2014/01/17,0,0,0,0
2014/01/20,0,0,-168000,-168000
2014/01/21,0,0,0,0
2014/01/22,0,0,0,0
2014/01/23,0,0,0,0
2014/01/24,0,0,0,0
2014/01/27,0,120000,0,120000
2014/02/05,0,1000,-132000,-131000
2014/02/06,0,0,-120075,-120075
2014/02/07,0,72000,-17000,55000
2014/02/10,0,0,0,0
2014/02/11,0,0,0,0
2014/02/12,0,0,-3000,-3000
2014/02/13,0,0,-36000,-36000
2014/02/14,0,0,0,0
2014/02/17,0,0,0,0
2014/02/18,0,16000,-749,15251
2014/02/19,0,15000,0,15000
2014/02/20,0,0,-32000,-32000
2014/02/21,0,4000,-14000,-10000
2014/02/24,0,0,0,0
2014/02/25,0,0,0,0
2014/02/26,0,0,0,0
2014/02/27,0,0,-16000,-16000
2014/03/03,0,0,-61000,-61000
2014/03/04,0,0,0,0
2014/03/05,0,0,0,0
2014/03/06,0,0,-42000,-42000
2014/03/07,0,0,-30000,-30000
2014/03/10,0,0,0,0
2014/03/11,0,31000,0,31000
2014/03/12,0,0,0,0
2014/03/13,0,0,-8000,-8000
2014/03/14,0,55000,0,55000
2014/03/17,0,3000,0,3000
2014/03/18,0,17000,0,17000
2014/03/19,0,31000,0,31000
2014/03/20,0,0,-16000,-16000
2014/03/21,0,342000,-16000,326000
2014/03/24,0,32000,0,32000
2014/03/25,0,0,-19000,-19000
2014/03/26,0,2000,-277000,-275000
2014/03/27,0,0,0,0
2014/03/28,0,0,0,0
2014/03/31,0,0,-3000,-3000
2014/04/01,0,0,-334000,-334000
2014/04/02,0,0,-18000,-18000
2014/04/03,0,9000,-8000,1000
2014/04/07,0,0,-62000,-62000
2014/04/08,0,0,0,0
2014/04/09,0,0,-28000,-28000
2014/04/10,0,0,-10000,-10000
2014/04/11,0,0,-1000,-1000
2014/04/14,0,0,0,0
2014/04/15,0,0,-23000,-23000
2014/04/16,0,0,-202,-202
2014/04/17,0,347000,-28000,319000
2014/04/18,0,234000,-81000,153000
2014/04/21,0,107000,-14000,93000
2014/04/22,0,0,0,0
2014/04/23,0,0,-386000,-386000
2014/04/24,0,0,-9000,-9000
2014/04/25,0,0,-397,-397
2014/04/28,0,10000,-15000,-5000
2014/04/29,0,0,0,0
2014/04/30,0,0,-40000,-40000
2014/05/02,0,6000,0,6000
2014/05/05,0,0,-60000,-60000
2014/05/06,0,0,-34000,-34000
2014/05/07,0,7000,-37504,-30504
2014/05/08,0,0,-3000,-3000
2014/05/09,0,0,-10000,-10000
2014/05/12,0,0,-90000,-90000
2014/05/13,0,0,-222000,-222000
2014/05/14,0,87000,0,87000
2014/05/15,0,14000,0,14000
2014/05/16,0,0,0,0
2014/05/19,0,0,0,0
2014/05/20,0,0,0,0
2014/05/21,0,79000,0,79000
2014/05/22,0,1000,-68000,-67000
2014/05/23,0,11000,0,11000
2014/05/26,0,0,-1000,-1000
2014/05/27,0,0,0,0
2014/05/28,0,25000,0,25000
2014/05/29,0,10000,0,10000
2014/05/30,0,0,-4000,-4000
2014/06/03,0,0,0,0
2014/06/04,0,864000,-1000,863000
2014/06/05,0,0,-11000,-11000
2014/06/06,0,0,-5000,-5000
2014/06/09,0,0,0,0
2014/06/10,0,0,-9000,-9000
2014/06/11,0,0,0,0
2014/06/12,0,0,0,0
2014/06/13,0,0,0,0
2014/06/16,0,0,0,0
2014/06/17,0,0,0,0
2014/06/18,0,248000,0,248000
2014/06/19,0,10000,0,10000
2014/06/20,0,0,-69000,-69000
2014/06/23,0,0,0,0
2014/06/24,0,11000,0,11000
2014/06/25,0,6000,0,6000
2014/06/26,0,12000,-864000,-852000
2014/06/27,0,3000,0,3000
2014/06/30,0,0,0,0
2014/07/01,0,20000,-16000,4000
2014/07/02,0,51000,-2000,49000
2014/07/03,0,1000,0,1000
2014/07/04,0,1058000,-32000,1026000
2014/07/07,0,0,-9000,-9000
2014/07/08,0,0,-60000,-60000
2014/07/09,0,0,0,0
2014/07/10,0,5000,0,5000
2014/07/11,0,157000,-2000,155000
2014/07/14,0,0,-17000,-17000
2014/07/15,0,0,-53000,-53000
2014/07/16,0,0,-65348,-65348
2014/07/17,0,62000,0,62000
2014/07/18,0,80000,0,80000
2014/07/21,0,44000,0,44000
2014/07/22,0,6000,0,6000
2014/07/23,0,0,0,0
2014/07/24,0,0,0,0
2014/07/25,0,0,0,0
2014/07/28,0,39000,0,39000
2014/07/29,0,55000,0,55000
2014/07/30,0,38000,0,38000
2014/07/31,0,133000,-2000,131000
2014/08/01,0,15000,0,15000
2014/08/04,0,0,-127000,-127000
2014/08/05,0,0,-973000,-973000
2014/08/06,0,250000,0,250000
2014/08/07,0,0,-14000,-14000
2014/08/08,0,0,-49000,-49000
2014/08/11,0,0,0,0
2014/08/12,0,0,-28000,-28000
2014/08/13,0,0,-5000,-5000
2014/08/14,0,0,-77000,-77000
2014/08/15,0,0,-33000,-33000
2014/08/18,0,37000,0,37000
2014/08/19,0,0,0,0
2014/08/20,0,1000,-10000,-9000
2014/08/21,0,2000,0,2000
2014/08/22,0,22000,0,22000
2014/08/25,0,0,0,0
2014/08/26,0,0,0,0
2014/08/27,0,100000,-6000,94000
2014/08/28,0,0,-100000,-100000
2014/08/29,0,383000,0,383000
2014/09/01,0,10000,0,10000
2014/09/02,0,0,0,0
2014/09/03,0,0,0,0
2014/09/04,0,0,-17000,-17000
2014/09/05,0,0,0,0
2014/09/09,0,7000,0,7000
2014/09/10,0,0,0,0
2014/09/11,0,0,0,0
2014/09/12,0,0,-3000,-3000
2014/09/15,0,0,-2000,-2000
2014/09/16,0,0,0,0
2014/09/17,0,0,-89000,-89000
2014/09/18,0,3000,0,3000
2014/09/19,0,7000,0,7000
2014/09/22,0,0,-216955,-216955
2014/09/23,0,0,0,0
2014/09/24,0,0,0,0
2014/09/25,0,0,-1000,-1000
2014/09/26,0,0,0,0
2014/09/29,0,0,0,0
2014/09/30,0,13000,0,13000
2014/10/01,0,0,0,0
2014/10/02,0,37000,-300000,-263000
2014/10/03,0,0,-2000,-2000
2014/10/06,0,0,0,0
2014/10/07,0,0,-31000,-31000
2014/10/08,0,0,0,0
2014/10/09,0,0,-44000,-44000
2014/10/13,0,34000,0,34000
2014/10/14,0,0,-4000,-4000
2014/10/15,0,0,-17000,-17000
2014/10/16,0,17000,-12000,5000
2014/10/17,0,0,-184000,-184000
2014/10/20,0,0,-1000,-1000
2014/10/21,0,0,0,0
2014/10/22,0,0,0,0
2014/10/23,0,0,-634,-634
2014/10/24,0,0,0,0
2014/10/27,0,0,0,0
2014/10/28,0,0,0,0
2014/10/29,0,0,0,0
2014/10/30,0,0,0,0
2014/10/31,0,0,-38000,-38000
2014/11/03,0,0,0,0
2014/11/04,0,0,0,0
2014/11/05,0,2000,0,2000
2014/11/06,0,3000,0,3000
2014/11/07,0,3000,0,3000
2014/11/10,0,15000,0,15000
2014/11/11,0,11000,0,11000
2014/11/12,0,0,0,0
2014/11/13,0,0,-1000,-1000
2014/11/14,0,0,-16000,-16000
2014/11/17,0,0,-1000,-1000
2014/11/18,0,1000,0,1000
2014/11/19,0,0,0,0
2014/11/20,0,4000,-5000,-1000
2014/11/21,0,0,0,0
2014/11/24,0,0,-6000,-6000
2014/11/25,0,0,0,0
2014/11/26,0,0,-2000,-2000
2014/11/27,0,9000,0,9000
2014/11/28,0,0,-4000,-4000
2014/12/01,0,43000,0,43000
2014/12/02,0,5000,-15000,-10000
2014/12/03,0,0,-15000,-15000
2014/12/04,0,0,-25000,-25000
2014/12/05,0,0,-16000,-16000
2014/12/08,0,0,0,0
2014/12/09,0,4000,0,4000
2014/12/10,0,0,0,0
2014/12/11,0,3000,0,3000
2014/12/12,0,0,-5000,-5000
2014/12/15,0,47000,0,47000
2014/12/16,0,67000,0,67000
2014/12/17,0,55000,0,55000
2014/12/18,0,0,-31000,-31000
2014/12/19,0,1000,-123000,-122000
2014/12/22,0,0,-22000,-22000
2014/12/23,0,0,0,0
2014/12/24,0,10000,0,10000
2014/12/25,0,0,0,0
2014/12/26,0,2000,0,2000
2014/12/29,0,232000,0,232000
2014/12/30,0,2000,-4000,-2000
2014/12/31,0,0,0,0
2015/01/01,0,0,0,0
2015/01/02,0,0,0,0
2015/01/05,0,0,-6000,-6000
2015/01/06,0,0,0,0
2015/01/07,0,0,-116000,-116000
2015/01/08,0,0,-2000,-2000
2015/01/09,0,19000,0,19000
2015/01/12,0,3000,0,3000
2015/01/13,0,2000,0,2000
2015/01/14,0,0,-116000,-116000
2015/01/15,0,0,-3000,-3000
2015/01/16,0,0,-28228,-28228
2015/01/19,0,0,0,0
2015/01/20,0,2000,0,2000
2015/01/21,0,0,0,0
2015/01/22,0,0,0,0
2015/01/23,0,0,0,0
2015/01/26,0,0,0,0
2015/01/27,0,0,0,0
2015/01/28,0,0,0,0
2015/01/29,0,27000,0,27000
2015/01/30,0,0,0,0
2015/02/02,0,3000,0,3000
2015/02/03,0,4000,0,4000
2015/02/04,0,1000,0,1000
2015/02/05,0,0,-1000,-1000
2015/02/06,0,0,-16000,-16000
2015/02/09,0,2000,-1000,1000
2015/02/10,0,143000,0,143000
2015/02/11,0,0,0,0
2015/02/12,0,0,0,0
2015/02/13,0,0,-52000,-52000
2015/02/16,0,0,0,0
2015/02/17,0,0,0,0
2015/02/18,0,0,0,0
2015/02/19,0,0,0,0
2015/02/20,0,0,0,0
2015/02/23,0,0,0,0
2015/02/24,0,0,-2000,-2000
2015/02/25,0,0,-19000,-19000
2015/02/26,0,0,0,0
2015/02/27,0,0,0,0
2015/03/02,0,20000,0,20000
2015/03/03,0,0,0,0
2015/03/04,0,0,0,0
2015/03/05,0,0,-139342,-139342
2015/03/06,0,0,-52000,-52000
2015/03/09,0,0,-2000,-2000
2015/03/10,0,0,-27000,-27000
2015/03/11,0,0,-3000,-3000
2015/03/12,0,0,-594,-594
2015/03/13,0,0,0,0
2015/03/16,0,103000,0,103000
2015/03/17,0,7000,-342,6658
2015/03/18,0,0,-4000,-4000
2015/03/19,0,0,0,0
2015/03/20,0,1070000,0,1070000
2015/03/23,0,800000,-539000,261000
2015/03/24,0,50000,0,50000
2015/03/25,0,383000,-8000,375000
2015/03/26,0,43000,0,43000
2015/03/27,0,213000,0,213000
2015/03/30,0,79000,-523000,-444000
2015/03/31,0,17000,-611000,-594000
2015/04/01,0,0,-28000,-28000
2015/04/02,0,43000,0,43000
2015/04/03,0,0,0,0
2015/04/06,0,0,0,0
2015/04/07,0,1832000,0,1832000
2015/04/08,0,0,-9000,-9000
2015/04/09,0,0,0,0
2015/04/10,0,4000,0,4000
2015/04/13,0,43000,-9000,34000
2015/04/14,0,0,-26000,-26000
2015/04/15,0,0,-2000,-2000
2015/04/16,0,0,-227000,-227000
2015/04/17,0,5000,0,5000
2015/04/20,0,36000,-1000,35000
2015/04/21,0,7000,0,7000
2015/04/22,0,0,-2000,-2000
2015/04/23,0,48000,-29000,19000
2015/04/24,0,138000,0,138000
2015/04/27,0,13000,-1000,12000
2015/04/28,0,23000,-1800000,-1777000
2015/04/29,0,251000,0,251000
2015/04/30,0,12000,-8000,4000
2015/05/01,0,0,0,0
2015/05/04,0,0,0,0
2015/05/05,0,12000,0,12000
2015/05/06,0,11000,0,11000
2015/05/07,0,0,0,0
2015/05/08,0,2000,0,2000
2015/05/11,0,23000,0,23000
2015/05/12,0,57000,0,57000
2015/05/13,0,2000,0,2000
2015/05/14,0,0,-38000,-38000
2015/05/15,0,0,-112000,-112000
2015/05/18,0,0,-9000,-9000
2015/05/19,0,0,-44000,-44000
2015/05/20,0,0,-93000,-93000
2015/05/21,0,0,-174000,-174000
2015/05/22,0,0,-29000,-29000
2015/05/25,0,0,-102000,-102000
2015/05/26,0,0,-400000,-400000
2015/05/27,0,0,-295000,-295000
2015/05/28,0,0,-1000,-1000
2015/05/29,0,0,0,0
2015/06/01,0,7000,0,7000
2015/06/02,0,0,-7000,-7000
2015/06/03,0,131000,-340000,-209000
2015/06/04,0,0,-5000,-5000
2015/06/05,0,0,0,0
2015/06/08,0,0,0,0
2015/06/09,0,0,0,0
2015/06/10,0,1000,0,1000
2015/06/11,0,3000,-3000,0
2015/06/12,0,0,0,0
2015/06/15,0,0,-1000,-1000
2015/06/16,0,0,0,0
2015/06/17,0,0,-1000,-1000
2015/06/18,0,0,0,0
2015/06/19,0,0,0,0
2015/06/22,0,4000,0,4000
2015/06/23,0,0,0,0
2015/06/24,0,0,0,0
2015/06/25,0,0,0,0
2015/06/26,0,0,0,0
2015/06/29,0,0,0,0
2015/06/30,0,0,0,0
2015/07/01,0,0,-3000,-3000
2015/07/02,0,0,-1000,-1000
2015/07/03,0,0,0,0
2015/07/06,0,0,0,0
2015/07/07,0,0,0,0
2015/07/08,0,33000,0,33000
2015/07/09,0,43000,0,43000
2015/07/10,0,0,0,0
2015/07/13,0,0,-41000,-41000
2015/07/14,0,0,-36000,-36000
2015/07/15,0,0,0,0
2015/07/16,0,0,0,0
2015/07/17,0,0,0,0
2015/07/20,0,0,-1000,-1000
2015/07/21,0,0,0,0
2015/07/22,0,51000,0,51000
2015/07/23,0,35000,0,35000
2015/07/24,0,8000,0,8000
2015/07/27,0,196000,0,196000
2015/07/28,0,219000,0,219000
2015/07/29,0,0,0,0
2015/07/30,0,0,-18000,-18000
2015/07/31,0,0,-51000,-51000
2015/08/03,0,0,-136000,-136000
2015/08/04,0,176000,0,176000
2015/08/05,0,49000,0,49000
2015/08/06,0,22000,-5000,17000
2015/08/07,0,0,-8000,-8000
2015/08/10,0,0,-41000,-41000
2015/08/11,0,0,-249000,-249000
2015/08/12,0,137000,0,137000
2015/08/13,0,4000,0,4000
2015/08/14,0,1000,-25000,-24000
2015/08/17,0,1000,-6000,-5000
2015/08/18,0,0,-19000,-19000
2015/08/19,0,19000,-94000,-75000
2015/08/20,0,0,-19000,-19000
2015/08/21,0,0,-25000,-25000
2015/08/24,0,25000,-77000,-52000
2015/08/25,0,17000,-17000,0
2015/08/26,0,0,-38000,-38000
2015/08/27,0,0,-108000,-108000
2015/08/28,0,0,-26000,-26000
2015/08/31,0,0,0,0
2015/09/01,0,0,0,0
2015/09/02,0,0,0,0
2015/09/03,0,0,-6000,-6000
2015/09/04,0,0,-3000,-3000
2015/09/07,0,0,0,0
2015/09/08,0,0,-3000,-3000
2015/09/09,0,0,0,0
2015/09/10,0,0,0,0
2015/09/11,0,0,0,0
2015/09/14,0,0,0,0
2015/09/15,0,0,0,0
2015/09/16,0,0,0,0
2015/09/17,0,0,0,0
2015/09/18,0,6000,0,6000
2015/09/21,0,0,-712,-712
2015/09/22,0,0,0,0
2015/09/23,0,0,0,0
2015/09/24,0,0,0,0
2015/09/25,0,0,0,0
2015/09/28,0,0,0,0
2015/09/29,0,0,0,0
2015/09/30,0,0,0,0
2015/10/01,0,0,0,0
2015/10/02,0,0,0,0
2015/10/05,0,0,0,0
2015/10/06,0,0,0,0
2015/10/07,0,0,0,0
2015/10/08,0,0,0,0
2015/10/09,0,0,0,0
2015/10/12,0,0,0,0
2015/10/13,0,0,0,0
2015/10/14,0,0,0,0
2015/10/15,0,0,0,0
2015/10/16,0,0,0,0
2015/10/19,0,0,0,0
2015/10/20,0,0,0,0
2015/10/21,0,0,0,0
2015/10/22,0,0,0,0
2015/10/23,0,0,0,0
2015/10/26,0,0,0,0
2015/10/27,0,0,0,0
2015/10/28,0,0,0,0
2015/10/29,0,0,0,0
2015/10/30,0,0,0,0
2015/11/02,0,0,0,0
2015/11/03,0,0,0,0
2015/11/04,0,11000,0,11000
2015/11/05,0,0,0,0
2015/11/06,0,0,-7000,-7000
2015/11/09,0,0,-3000,-3000
2015/11/10,0,0,0,0
2015/11/11,0,0,0,0
2015/11/12,0,0,-1000,-1000
2015/11/13,0,0,0,0
2015/11/16,0,0,0,0
2015/11/17,0,0,0,0
2015/11/18,0,0,0,0
2015/11/19,0,0,0,0
2015/11/20,0,0,0,0
2015/11/23,0,0,0,0
2015/11/24,0,0,0,0
2015/11/25,0,0,0,0
2015/11/26,0,0,0,0
2015/11/27,0,0,0,0
2015/11/30,0,0,0,0
2015/12/01,0,0,0,0
2015/12/02,0,0,0,0
2015/12/03,0,0,0,0
2015/12/04,0,0,0,0
2015/12/07,0,0,0,0
2015/12/08,0,0,0,0
2015/12/09,0,0,0,0
2015/12/10,0,0,0,0
2015/12/11,0,0,0,0
2015/12/14,0,2000,0,2000
2015/12/15,0,0,0,0
2015/12/16,0,0,0,0
2015/12/17,0,0,0,0
2015/12/18,0,4000,0,4000
2015/12/21,0,0,0,0
2015/12/22,0,0,0,0
2015/12/23,0,0,0,0
2015/12/24,0,0,0,0
2015/12/25,0,0,0,0
2015/12/28,0,0,0,0
2015/12/29,0,0,0,0
2015/12/30,0,10000,0,10000
2015/12/31,0,0,0,0
2016/01/01,0,0,0,0
2016/01/04,0,0,0,0
2016/01/05,0,0,0,0
2016/01/06,0,0,0,0
2016/01/07,0,0,0,0
2016/01/08,0,0,0,0
2016/01/11,0,0,0,0
2016/01/12,0,0,0,0
2016/01/13,0,0,0,0
2016/01/14,0,0,0,0
2016/01/15,0,0,0,0
2016/01/18,0,0,0,0
2016/01/19,0,0,0,0
2016/01/20,0,0,-24000,-24000
2016/01/21,0,0,0,0
2016/01/22,0,0,0,0
2016/01/25,0,0,0,0
2016/01/26,0,2000,0,2000
2016/01/27,0,0,0,0
2016/01/28,0,0,0,0
2016/01/29,0,0,0,0
2016/02/01,0,0,0,0
2016/02/02,0,0,0,0
2016/02/03,0,0,0,0
2016/02/04,0,0,0,0
2016/02/05,0,0,0,0
2016/02/08,0,0,0,0
2016/02/09,0,0,0,0
2016/02/10,0,0,0,0
2016/02/11,0,0,0,0
2016/02/12,0,0,0,0
2016/02/15,0,0,0,0
2016/02/16,0,0,0,0
2016/02/17,0,0,0,0
2016/02/18,0,5000,0,5000
2016/02/19,0,0,0,0
2016/02/22,0,0,0,0
2016/02/23,0,0,0,0
2016/02/24,0,0,0,0
2016/02/25,0,0,0,0
2016/02/26,0,0,0,0
2016/02/29,0,0,0,0
2016/03/01,0,0,0,0
2016/03/02,0,0,0,0
2016/03/03,0,0,0,0
2016/03/04,0,0,0,0
2016/03/07,0,0,0,0
2016/03/08,0,0,0,0
2016/03/09,0,0,0,0
2016/03/10,0,0,0,0
2016/03/11,0,0,0,0
2016/03/14,0,0,0,0
2016/03/15,0,0,0,0
2016/03/16,0,0,0,0
2016/03/17,0,0,0,0
2016/03/18,0,0,0,0
2016/03/21,0,0,0,0
2016/03/22,0,0,-16000,-16000
2016/03/23,0,0,0,0
2016/03/24,0,0,0,0
2016/03/25,0,0,0,0
2016/03/28,0,8000,0,8000
2016/03/29,0,0,0,0
2016/03/30,0,0,0,0
2016/03/31,0,9000,0,9000
2016/04/01,0,7000,0,7000
2016/04/04,0,0,0,0
2016/04/05,0,0,0,0
2016/04/06,0,0,-24000,-24000
2016/04/07,0,0,-5000,-5000
2016/04/08,0,0,0,0
2016/04/11,0,0,0,0
2016/04/12,0,0,0,0
2016/04/13,0,0,0,0
2016/04/14,0,0,0,0
2016/04/15,0,0,0,0
2016/04/18,0,0,0,0
2016/04/19,0,0,0,0
2016/04/20,0,0,0,0
2016/04/21,0,0,0,0
2016/04/22,0,0,0,0
2016/04/25,0,0,0,0
2016/04/26,0,3000,0,3000
2016/04/27,0,0,0,0
2016/04/28,0,0,0,0
2016/04/29,0,0,0,0
2016/05/02,0,0,0,0
2016/05/03,0,0,0,0
2016/05/04,0,0,-56000,-56000
2016/05/05,0,0,-16000,-16000
2016/05/06,0,0,-12000,-12000
2016/05/09,0,0,0,0
2016/05/10,0,0,0,0
2016/05/11,0,0,0,0
2016/05/12,0,0,0,0
2016/05/13,0,0,0,0
2016/05/16,0,0,0,0
2016/05/17,0,0,0,0
2016/05/18,0,0,0,0
2016/05/19,0,0,0,0
2016/05/20,0,0,0,0
2016/05/23,0,0,0,0
2016/05/24,0,0,0,0
2016/05/25,0,0,0,0
2016/05/26,0,0,0,0
2016/05/27,0,0,0,0
2016/05/30,0,0,0,0
2016/05/31,0,0,0,0
2016/06/01,0,0,0,0
2016/06/02,0,0,0,0
2016/06/03,0,0,0,0
2016/06/06,0,0,0,0
2016/06/07,0,0,0,0
2016/06/08,0,0,0,0
2016/06/09,0,0,0,0
2016/06/10,0,0,0,0
2016/06/13,0,0,0,0
2016/06/14,0,0,0,0
2016/06/15,0,0,0,0
2016/06/16,0,0,0,0
2016/06/17,0,0,0,0
2016/06/20,0,0,0,0
2016/06/21,0,0,0,0
2016/06/22,0,0,0,0
2016/06/23,0,0,0,0
2016/06/24,0,0,0,0
2016/06/27,0,0,0,0
2016/06/28,0,0,0,0
2016/06/29,0,0,0,0
2016/06/30,0,0,0,0
2016/07/01,0,0,0,0
2016/07/04,0,0,0,0
2016/07/05,0,0,0,0
2016/07/06,0,0,0,0
2016/07/07,0,0,0,0
2016/07/08,0,0,0,0
2016/07/11,0,0,0,0
2016/07/12,0,0,0,0
2016/07/13,0,0,0,0
2016/07/14,0,0,0,0
2016/07/15,0,0,0,0
2016/07/18,0,0,0,0
2016/07/19,0,0,0,0
2016/07/20,0,0,0,0
2016/07/21,0,0,0,0
2016/07/22,0,0,0,0
2016/07/25,0,0,0,0
2016/07/26,0,0,0,0
2016/07/27,0,0,0,0
2016/07/28,0,0,0,0
2016/07/29,0,0,0,0
2016/08/01,0,0,0,0
2016/08/02,0,0,0,0
2016/08/03,0,0,0,0
2016/08/04,0,0,0,0
2016/08/05,0,0,0,0
2016/08/08,0,0,0,0
2016/08/09,0,0,0,0
2016/08/10,0,0,0,0
2016/08/11,0,0,0,0
2016/08/12,0,0,0,0
2016/08/15,0,0,0,0
2016/08/16,0,0,0,0
2016/08/17,0,0,0,0
2016/08/18,0,0,0,0
2016/08/19,0,0,0,0
2016/08/22,0,0,0,0
2016/08/23,0,0,0,0
2016/08/24,0,0,0,0
2016/08/25,0,0,0,0
2016/08/26,0,0,0,0
2016/08/29,0,0,0,0
2016/08/30,0,0,0,0
2016/08/31,0,0,0,0
2016/09/01,0,0,0,0
2016/09/02,0,0,0,0
2016/09/05,0,0,0,0
2016/09/06,0,0,0,0
2016/09/07,0,0,0,0
2016/09/08,0,0,0,0
2016/09/09,0,0,0,0
2016/09/12,0,0,0,0
2016/09/13,0,0,0,0
2016/09/14,0,0,0,0
2016/09/15,0,0,0,0
2016/09/16,0,0,0,0
2016/09/19,0,0,0,0
2016/09/20,0,0,0,0
2016/09/21,0,0,0,0
2016/09/22,0,0,0,0
2016/09/23,0,0,0,0
2016/09/26,0,0,0,0
2016/09/27,0,0,0,0
2016/09/28,0,0,0,0
2016/09/29,0,0,0,0
2016/09/30,0,0,0,0
2016/10/03,0,0,0,0
2016/10/04,0,0,0,0
2016/10/05,0,0,0,0
2016/10/06,0,0,0,0
2016/10/07,0,0,0,0
2016/10/10,0,0,0,0
2016/10/11,0,0,0,0
2016/10/12,0,0,0,0
2016/10/13,0,0,0,0
2016/10/14,0,0,0,0
2016/10/17,0,0,0,0
2016/10/18,0,0,0,0
2016/10/19,0,0,0,0
2016/10/20,0,0,0,0
2016/10/21,0,0,0,0
2016/10/24,0,84000,0,84000
2016/10/25,0,0,0,0
2016/10/26,0,0,0,0
2016/10/27,0,0,0,0
2016/10/28,0,0,0,0
2016/10/31,0,0,0,0
2016/11/01,0,0,0,0
2016/11/02,0,0,0,0
2016/11/03,0,0,0,0
2016/11/04,0,0,0,0
2016/11/07,0,0,0,0
2016/11/08,0,0,0,0
2016/11/09,0,0,0,0
2016/11/10,0,0,0,0
2016/11/11,0,0,0,0
2016/11/14,0,0,0,0
2016/11/15,0,0,0,0
2016/11/16,0,0,0,0
2016/11/17,0,0,0,0
2016/11/18,0,0,0,0
2016/11/21,0,0,0,0
2016/11/22,0,0,0,0
2016/11/23,0,0,0,0
2016/11/24,0,0,0,0
2016/11/25,0,0,0,0
2016/11/28,0,0,0,0
2016/11/29,0,0,0,0
2016/11/30,0,0,0,0
2016/12/01,0,0,0,0
2016/12/02,0,0,0,0
2016/12/05,0,0,0,0
2016/12/06,0,0,0,0
2016/12/07,0,0,0,0
2016/12/08,0,0,0,0
2016/12/09,0,0,0,0
2016/12/12,0,0,0,0
2016/12/13,0,0,0,0
2016/12/14,0,0,0,0
2016/12/15,0,0,0,0
2016/12/16,0,0,0,0
2016/12/19,0,0,0,0
2016/12/20,0,0,0,0
2016/12/21,0,0,0,0
2016/12/22,0,0,0,0
2016/12/23,0,0,0,0
2016/12/26,0,0,0,0
2016/12/27,0,0,0,0
2016/12/28,0,0,0,0
2016/12/29,0,0,0,0
2016/12/30,0,0,0,0
2017/01/02,0,0,0,0
2017/01/03,0,0,0,0
2017/01/04,0,0,0,0
2017/01/05,0,0,0,0
2017/01/06,0,0,0,0
2017/01/09,0,0,0,0
2017/01/10,0,0,0,0
2017/01/11,0,0,0,0
2017/01/12,0,0,0,0
2017/01/13,0,0,0,0
2017/01/16,0,0,0,0
2017/01/17,0,0,0,0
2017/01/18,0,0,0,0
2017/01/19,0,0,0,0
2017/01/20,0,0,0,0
2017/01/23,0,1160000,0,1160000
2017/01/24,0,340000,-300000,40000
2017/01/25,0,0,0,0
2017/01/26,0,0,0,0
2017/01/27,0,0,0,0
2017/01/30,0,0,0,0
2017/01/31,0,0,0,0
2017/02/01,0,0,0,0
2017/02/02,0,0,-1200000,-1200000
2017/02/03,0,0,0,0
2017/02/06,0,848000,0,848000
2017/02/07,0,500000,-98000,402000
2017/02/08,0,0,0,0
2017/02/09,0,0,0,0
2017/02/10,0,0,0,0
2017/02/13,0,0,0,0
2017/02/14,0,0,0,0
2017/02/15,0,0,-150000,-150000
2017/02/16,0,150000,0,150000
2017/02/17,0,0,0,0
2017/02/20,0,350000,0,350000
2017/02/21,0,0,0,0
2017/02/22,0,0,0,0
2017/02/23,0,200000,0,200000
2017/02/24,0,0,0,0
2017/02/27,0,0,0,0
2017/02/28,0,0,0,0
2017/03/01,0,0,-300000,-300000
2017/03/02,0,50000,-291000,-241000
2017/03/03,0,41000,-1259000,-1218000
2017/03/06,0,0,-41000,-41000
2017/03/07,0,0,0,0
2017/03/08,0,0,0,0
2017/03/09,0,0,0,0
2017/03/10,0,0,0,0
2017/03/13,0,0,0,0
2017/03/14,0,881000,0,881000
2017/03/15,0,215000,0,215000
2017/03/16,0,0,0,0
2017/03/17,0,1044000,0,1044000
2017/03/20,0,30000,0,30000
2017/03/21,0,157000,0,157000
2017/03/22,0,30000,-230000,-200000
2017/03/23,0,3114000,-170000,2944000
2017/03/24,0,3463000,0,3463000
2017/03/27,0,2554000,0,2554000
2017/03/28,0,926000,-1175000,-249000
2017/03/29,0,1300000,0,1300000
2017/03/30,0,853000,-1613000,-760000
2017/03/31,0,541000,-880000,-339000
2017/04/03,0,0,0,0
2017/04/04,0,0,0,0
2017/04/05,0,250000,-150000,100000
2017/04/06,0,0,-60000,-60000
2017/04/07,0,1050000,-1000,1049000
2017/04/10,0,1020000,-830000,190000
2017/04/11,0,660000,-40000,620000
2017/04/12,0,400000,-500000,-100000
2017/04/13,0,0,-1130000,-1130000
2017/04/14,0,230000,-802000,-572000
2017/04/17,0,300000,-870000,-570000
2017/04/18,0,100000,-523000,-423000
2017/04/19,0,840000,-500000,340000
2017/04/20,0,300000,-1859000,-1559000
2017/04/21,0,400000,-564000,-164000
2017/04/24,0,0,-530000,-530000
2017/04/25,0,2050000,-990000,1060000
2017/04/26,0,905000,-180000,725000
2017/04/27,0,385000,-1348000,-963000
2017/04/28,0,1784000,-814000,970000
2017/05/01,0,0,0,0
2017/05/02,0,937000,0,937000
2017/05/03,0,240000,-2527000,-2287000
2017/05/04,0,935000,-335000,600000
2017/05/05,0,200000,-20000,180000
2017/05/08,0,216000,-1635000,-1419000
2017/05/09,0,578000,-2617000,-2039000
2017/05/10,0,0,0,0
2017/05/11,0,0,0,0
2017/05/12,0,0,0,0
2017/05/15,0,130000,0,130000
2017/05/16,0,0,-100000,-100000
2017/05/17,0,31000,0,31000
2017/05/18,0,2299000,0,2299000
2017/05/19,0,1330000,-6000,1324000
2017/05/22,0,2790000,0,2790000
2017/05/23,0,746000,-384000,362000
2017/05/24,0,1500000,0,1500000
2017/05/25,0,700000,-130000,570000
2017/05/26,0,670000,0,670000
2017/05/29,0,0,0,0
2017/05/30,0,0,0,0
2017/05/31,0,1780000,-7000,1773000
2017/06/01,0,12112000,-456000,11656000
2017/06/02,0,5441000,-625000,4816000
2017/06/05,0,1177000,-67000,1110000
2017/06/06,0,3784000,-701000,3083000
2017/06/07,0,1534000,-1000000,534000
2017/06/08,0,1315000,-280000,1035000
2017/06/09,0,4107000,-3307000,800000
2017/06/12,0,1320000,-2086000,-766000
2017/06/13,0,100000,-1490000,-1390000
2017/06/14,0,2675000,-9910000,-7235000
2017/06/15,0,1474000,-1241000,233000
2017/06/16,0,313000,-3490000,-3177000
2017/06/19,0,2835000,-656000,2179000
2017/06/20,0,500000,-9360000,-8860000
2017/06/21,0,330000,-1466000,-1136000
2017/06/22,0,160000,-628000,-468000
2017/06/23,0,830000,-4000000,-3170000
2017/06/26,0,1150000,-820000,330000
2017/06/27,0,7992000,-1296000,6696000
2017/06/28,0,1516000,-8697000,-7181000
2017/06/29,0,71000,-2627000,-2556000
2017/06/30,0,189000,-1541000,-1352000
2017/07/03,0,2939000,-1247000,1692000
2017/07/04,0,189000,-154000,35000
2017/07/05,0,531000,-3271000,-2740000
2017/07/06,0,221000,-170000,51000
2017/07/07,0,0,-430000,-430000
2017/07/10,0,52000,-144000,-92000
2017/07/11,0,51000,-74000,-23000
2017/07/12,0,2280000,-101000,2179000
2017/07/13,0,413000,-1142000,-729000
2017/07/14,0,50000,-634000,-584000
2017/07/17,0,294000,-1216000,-922000
2017/07/18,0,285000,-6000,279000
2017/07/19,0,1786000,-396000,1390000
2017/07/20,0,776000,-860000,-84000
2017/07/21,0,2190000,-655000,1535000
2017/07/24,0,300000,-240000,60000
2017/07/25,0,1452000,-996000,456000
2017/07/26,0,2527000,-605000,1922000
2017/07/27,0,1030000,-790000,240000
2017/07/28,0,591000,-1740000,-1149000
2017/07/31,0,880000,-1350000,-470000
2017/08/01,0,621000,-1019000,-398000
2017/08/02,0,855000,-3955000,-3100000
2017/08/03,0,0,-768000,-768000
2017/08/04,0,4793000,-1466000,3327000
2017/08/07,0,1521000,-550000,971000
2017/08/08,0,7422000,-2000000,5422000
2017/08/09,0,1551000,-1524000,27000
