Date,Open,Buy,Sell,Total
2007/04/23,0,104000,-660000,-556000
2007/04/24,0,12000,-360000,-348000
2007/04/25,0,194000,-130000,64000
2007/04/26,0,410000,0,410000
2007/04/27,0,0,-290000,-290000
2007/04/30,0,0,-200000,-200000
2007/05/01,0,0,0,0
2007/05/02,0,0,-682000,-682000
2007/05/03,0,351000,-469140,-118140
2007/05/04,0,680000,-429180,250820
2007/05/07,0,17000,-40000,-23000
2007/05/08,0,0,-130000,-130000
2007/05/09,0,750000,-20000,730000
2007/05/10,0,100000,-115000,-15000
2007/05/11,0,100000,-229000,-129000
2007/05/14,0,0,-80000,-80000
2007/05/15,0,0,-227000,-227000
2007/05/16,0,353000,0,353000
2007/05/17,0,0,-272000,-272000
2007/05/18,0,200000,-206000,-6000
2007/05/21,0,0,-32000,-32000
2007/05/22,0,80000,-34000,46000
2007/05/23,0,226000,-6000,220000
2007/05/24,0,8000,-27000,-19000
2007/05/25,0,214000,-150000,64000
2007/05/28,0,16000,-138000,-122000
2007/05/29,0,140000,-31000,109000
2007/05/30,0,66000,-94000,-28000
2007/05/31,0,718000,-50000,668000
2007/06/01,0,15000,-381000,-366000
2007/06/04,0,87000,-104960,-17960
2007/06/05,0,91000,-115000,-24000
2007/06/06,0,166000,-1000,165000
2007/06/07,0,279000,-50000,229000
2007/06/08,0,35000,-204000,-169000
2007/06/11,0,43000,-123000,-80000
2007/06/12,0,81000,-580000,-499000
2007/06/13,0,33000,-408000,-375000
2007/06/14,0,621000,-827000,-206000
2007/06/15,0,102000,-317000,-215000
2007/06/18,0,0,0,0
2007/06/19,0,0,0,0
2007/06/20,0,151000,-1000,150000
2007/06/21,0,1500000,-43000,1457000
2007/06/22,0,1083000,-450000,633000
2007/06/25,0,188000,-110000,78000
2007/06/26,0,879000,0,879000
2007/06/27,0,2237000,-226000,2011000
2007/06/28,0,271000,-1183000,-912000
2007/06/29,0,148000,-372000,-224000
2007/07/02,0,188000,-217000,-29000
2007/07/03,0,710000,-699000,11000
2007/07/04,0,186000,-50000,136000
2007/07/05,0,1637000,-147000,1490000
2007/07/06,0,277000,-763000,-486000
2007/07/09,0,1170000,-255000,915000
2007/07/10,0,1078000,-640000,438000
2007/07/11,0,219000,-821288,-602288
2007/07/12,0,886000,-175000,711000
2007/07/13,0,88000,-531273,-443273
2007/07/16,0,242000,-590000,-348000
2007/07/17,0,415000,-295000,120000
2007/07/18,0,680000,-311000,369000
2007/07/19,0,430000,-240260,189740
2007/07/20,0,573000,-60500,512500
2007/07/23,0,1223000,-186000,1037000
2007/07/24,0,1676000,-589000,1087000
2007/07/25,0,288000,-235000,53000
2007/07/26,0,5102000,-351000,4751000
2007/07/27,0,8782000,-1404000,7378000
2007/07/30,0,973000,-5030000,-4057000
2007/07/31,0,995000,-630000,365000
2007/08/01,0,280000,-1649000,-1369000
2007/08/02,0,291000,-2176012,-1885012
2007/08/03,0,1400000,-316000,1084000
2007/08/06,0,104000,-956000,-852000
2007/08/07,0,24000,-875000,-851000
2007/08/08,0,27000,-274000,-247000
2007/08/09,0,156000,-57564,98436
2007/08/10,0,323000,-2298000,-1975000
2007/08/13,0,17000,-645000,-628000
2007/08/14,0,267000,-324000,-57000
2007/08/15,0,25000,-3692000,-3667000
2007/08/16,0,463000,-3750000,-3287000
2007/08/17,0,521000,-772000,-251000
2007/08/20,0,1208000,0,1208000
2007/08/21,0,5000,-544000,-539000
2007/08/22,0,12000,-59000,-47000
2007/08/23,0,515000,-12000,503000
2007/08/24,0,130000,-3000,127000
2007/08/27,0,0,-229000,-229000
2007/08/28,0,0,-669000,-669000
2007/08/29,0,0,-685000,-685000
2007/08/30,0,43000,0,43000
2007/08/31,0,8000,-277000,-269000
2007/09/03,0,215000,-56000,159000
2007/09/04,0,10000,-67000,-57000
2007/09/05,0,5000,-101000,-96000
2007/09/06,0,10000,-13000,-3000
2007/09/07,0,124000,-7000,117000
2007/09/10,0,28000,-263000,-235000
2007/09/11,0,1000,-53000,-52000
2007/09/12,0,22000,-82000,-60000
2007/09/13,0,8000,-261000,-253000
2007/09/14,0,57000,-119000,-62000
2007/09/17,0,0,-439000,-439000
2007/09/18,0,0,0,0
2007/09/19,0,61000,-46000,15000
2007/09/20,0,188000,-7000,181000
2007/09/21,0,77000,-15000,62000
2007/09/24,0,0,0,0
2007/09/25,0,0,0,0
2007/09/26,0,261000,-20000,241000
2007/09/27,0,1060000,-187000,873000
2007/09/28,0,33000,-215000,-182000
2007/10/01,0,344000,-53000,291000
2007/10/02,0,786000,-10000,776000
2007/10/03,0,248000,-288000,-40000
2007/10/04,0,109000,-163000,-54000
2007/10/05,0,83000,-333000,-250000
2007/10/08,0,30000,-1115000,-1085000
2007/10/09,0,2000,-87000,-85000
2007/10/10,0,0,0,0
2007/10/11,0,42000,-86596,-44596
2007/10/12,0,20000,-646000,-626000
2007/10/15,0,25000,-116000,-91000
2007/10/16,0,29000,-28000,1000
2007/10/17,0,40000,-32000,8000
2007/10/18,0,263000,-6000,257000
2007/10/19,0,46000,-133000,-87000
2007/10/22,0,71000,-219000,-148000
2007/10/23,0,290000,-165000,125000
2007/10/24,0,0,-203000,-203000
2007/10/25,0,1313000,0,1313000
2007/10/26,0,446000,-206000,240000
2007/10/29,0,23000,-383000,-360000
2007/10/30,0,112000,-127000,-15000
2007/10/31,0,386000,-111000,275000
2007/11/01,0,227000,-494000,-267000
2007/11/02,0,357000,-377000,-20000
2007/11/05,0,0,-229000,-229000
2007/11/06,0,158000,-141000,17000
2007/11/07,0,67000,-595000,-528000
2007/11/08,0,116000,-1513000,-1397000
2007/11/09,0,26000,-547000,-521000
2007/11/12,0,85000,-326000,-241000
2007/11/13,0,45000,-349000,-304000
2007/11/14,0,61000,-1000,60000
2007/11/15,0,3000,-5000,-2000
2007/11/16,0,0,-233000,-233000
2007/11/19,0,65000,-151000,-86000
2007/11/20,0,23000,-137000,-114000
2007/11/21,0,40000,-49000,-9000
2007/11/22,0,37000,-37000,0
2007/11/23,0,0,-151000,-151000
2007/11/26,0,148000,0,148000
2007/11/27,0,177000,-240000,-63000
2007/11/28,0,48000,-91000,-43000
2007/11/29,0,471000,-19000,452000
2007/11/30,0,1019000,-6000,1013000
2007/12/03,0,2000,-281000,-279000
2007/12/04,0,0,0,0
2007/12/05,0,840000,-129000,711000
2007/12/06,0,132000,-428000,-296000
2007/12/07,0,227000,0,227000
2007/12/10,0,12000,-250000,-238000
2007/12/11,0,53000,-59000,-6000
2007/12/12,0,78000,-386000,-308000
2007/12/13,0,34000,-833000,-799000
2007/12/14,0,184000,-50000,134000
2007/12/17,0,30000,-725000,-695000
2007/12/18,0,520000,-398000,122000
2007/12/19,0,20000,-126000,-106000
2007/12/20,0,0,-112000,-112000
2007/12/21,0,84000,-149000,-65000
2007/12/24,0,10000,0,10000
2007/12/25,0,29000,-11000,18000
2007/12/26,0,17000,-26000,-9000
2007/12/27,0,171000,-66000,105000
2007/12/28,0,666000,-154000,512000
2007/12/31,0,14000,-86000,-72000
2008/01/01,0,0,0,0
2008/01/02,0,360000,-357000,3000
2008/01/03,0,56000,-76000,-20000
2008/01/04,0,0,0,0
2008/01/07,0,11000,-492000,-481000
2008/01/08,0,0,-34000,-34000
2008/01/09,0,209000,-64000,145000
2008/01/10,0,15000,0,15000
2008/01/11,0,340000,0,340000
2008/01/14,0,180000,0,180000
2008/01/15,0,689000,0,689000
2008/01/16,0,0,-161000,-161000
2008/01/17,0,452000,-322000,130000
2008/01/18,0,181000,0,181000
2008/01/21,0,238000,-69000,169000
2008/01/22,0,0,-1068000,-1068000
2008/01/23,0,30000,-370000,-340000
2008/01/24,0,159000,-3000,156000
2008/01/25,0,588000,0,588000
2008/01/28,0,0,-579000,-579000
2008/01/29,0,10000,-70000,-60000
2008/01/30,0,54000,-106000,-52000
2008/01/31,0,0,-151000,-151000
2008/02/01,0,0,-21000,-21000
2008/02/04,0,0,0,0
2008/02/05,0,0,0,0
2008/02/06,0,0,0,0
2008/02/07,0,0,0,0
2008/02/08,0,0,0,0
2008/02/11,0,0,0,0
2008/02/12,0,1000,-486000,-485000
2008/02/13,0,66000,-153000,-87000
2008/02/14,0,64000,-13000,51000
2008/02/15,0,30000,-21075,8925
2008/02/18,0,20000,-40000,-20000
2008/02/19,0,4000,-3000,1000
2008/02/20,0,30000,-101000,-71000
2008/02/21,0,123000,0,123000
2008/02/22,0,102000,-414000,-312000
2008/02/25,0,89000,-1040,87960
2008/02/26,0,74000,-24,73976
2008/02/27,0,217000,-114016,102984
2008/02/28,0,0,0,0
2008/02/29,0,0,-48000,-48000
2008/03/03,0,0,-170515,-170515
2008/03/04,0,0,-11000,-11000
2008/03/05,0,15000,0,15000
2008/03/06,0,131000,-13024,117976
2008/03/07,0,65000,-52000,13000
2008/03/10,0,40000,-83000,-43000
2008/03/11,0,2000,-90000,-88000
2008/03/12,0,4000,-7319,-3319
2008/03/13,0,61000,-28000,33000
2008/03/14,0,26000,-223000,-197000
2008/03/17,0,27000,-314000,-287000
2008/03/18,0,64000,-1093,62907
2008/03/19,0,50000,-8000,42000
2008/03/20,0,0,-3000,-3000
2008/03/21,0,269000,-1000,268000
2008/03/24,0,114000,-98000,16000
2008/03/25,0,0,-16000,-16000
2008/03/26,0,0,-25000,-25000
2008/03/27,0,0,-92000,-92000
2008/03/28,0,47000,-149744,-102744
2008/03/31,0,72000,-204000,-132000
2008/04/01,0,4000,-22000,-18000
2008/04/02,0,27000,0,27000
2008/04/03,0,80000,-60000,20000
2008/04/04,0,0,0,0
2008/04/07,0,0,-240000,-240000
2008/04/08,0,8000,-77755,-69755
2008/04/09,0,14000,-99000,-85000
2008/04/10,0,0,-65000,-65000
2008/04/11,0,0,-62000,-62000
2008/04/14,0,0,-49032,-49032
2008/04/15,0,0,-7000,-7000
2008/04/16,0,0,0,0
2008/04/17,0,42000,-10000,32000
2008/04/18,0,19000,-3000,16000
2008/04/21,0,74000,-20000,54000
2008/04/22,0,31000,-13000,18000
2008/04/23,0,93000,-11000,82000
2008/04/24,0,110000,-58000,52000
2008/04/25,0,33000,-1000,32000
2008/04/28,0,42000,-127000,-85000
2008/04/29,0,144000,-12000,132000
2008/04/30,0,21000,-1000,20000
2008/05/01,0,0,0,0
2008/05/02,0,91000,-28000,63000
2008/05/05,0,19000,-34000,-15000
2008/05/06,0,79000,-12000,67000
2008/05/07,0,6000,-27000,-21000
2008/05/08,0,12000,-4000,8000
2008/05/09,0,57000,-141000,-84000
2008/05/12,0,108000,-165,107835
2008/05/13,0,96012,-66000,30012
2008/05/14,0,65000,-2000,63000
2008/05/15,0,81000,-18000,63000
2008/05/16,0,94000,-7000,87000
2008/05/19,0,9000,-5000,4000
2008/05/20,0,57000,-135000,-78000
2008/05/21,0,0,-127000,-127000
2008/05/22,0,0,-98000,-98000
2008/05/23,0,0,-84000,-84000
2008/05/26,0,21000,0,21000
2008/05/27,0,0,-13000,-13000
2008/05/28,0,25000,-13000,12000
2008/05/29,0,82000,-6000,76000
2008/05/30,0,17000,-49000,-32000
2008/06/02,0,1000,-21000,-20000
2008/06/03,0,1000,-68336,-67336
2008/06/04,0,8000,-1000,7000
2008/06/05,0,109000,-18000,91000
2008/06/06,0,27000,-57000,-30000
2008/06/09,0,0,-21000,-21000
2008/06/10,0,0,-38000,-38000
2008/06/11,0,7000,-10000,-3000
2008/06/12,0,0,-102000,-102000
2008/06/13,0,11000,-31000,-20000
2008/06/16,0,9000,-1000,8000
2008/06/17,0,19000,-9000,10000
2008/06/18,0,0,-85000,-85000
2008/06/19,0,0,-35000,-35000
2008/06/20,0,6000,-28000,-22000
2008/06/23,0,131000,0,131000
2008/06/24,0,121000,-52000,69000
2008/06/25,0,155000,-8000,147000
2008/06/26,0,0,-53000,-53000
2008/06/27,0,481000,-187000,294000
2008/06/30,0,151000,0,151000
2008/07/01,0,63000,0,63000
2008/07/02,0,146000,-35000,111000
2008/07/03,0,14000,-16000,-2000
2008/07/04,0,7000,-42000,-35000
2008/07/07,0,5000,-7000,-2000
2008/07/08,0,21000,-145000,-124000
2008/07/09,0,140000,-18000,122000
2008/07/10,0,209000,-91000,118000
2008/07/11,0,73000,-690000,-617000
2008/07/14,0,12000,-106000,-94000
2008/07/15,0,32000,-36000,-4000
2008/07/16,0,125000,-40000,85000
2008/07/17,0,33000,-61000,-28000
2008/07/18,0,20000,-47000,-27000
2008/07/21,0,152000,-109000,43000
2008/07/22,0,203000,-17000,186000
2008/07/23,0,71000,-86000,-15000
2008/07/24,0,3000,-1000,2000
2008/07/25,0,1000,-35000,-34000
2008/07/28,0,0,0,0
2008/07/29,0,85000,-34000,51000
2008/07/30,0,101000,-130000,-29000
2008/07/31,0,56000,-125000,-69000
2008/08/01,0,130000,-3000,127000
2008/08/04,0,93000,0,93000
2008/08/05,0,84000,-46000,38000
2008/08/06,0,86000,-1000,85000
2008/08/07,0,59000,-202000,-143000
2008/08/08,0,233000,-6000,227000
2008/08/11,0,12000,-51000,-39000
2008/08/12,0,10000,-66000,-56000
2008/08/13,0,12000,-234000,-222000
2008/08/14,0,20000,-26000,-6000
2008/08/15,0,7000,-155000,-148000
2008/08/18,0,132000,-58000,74000
2008/08/19,0,13000,-72000,-59000
2008/08/20,0,15000,-13000,2000
2008/08/21,0,14000,-93000,-79000
2008/08/22,0,157000,-45315,111685
2008/08/25,0,33000,0,33000
2008/08/26,0,32000,0,32000
2008/08/27,0,200000,-104000,96000
2008/08/28,0,18000,-21000,-3000
2008/08/29,0,4000,-135000,-131000
2008/09/01,0,41000,-18000,23000
2008/09/02,0,90000,-10000,80000
2008/09/03,0,339000,-36000,303000
2008/09/04,0,20000,-245000,-225000
2008/09/05,0,6000,-200000,-194000
2008/09/08,0,0,-154000,-154000
2008/09/09,0,0,-5000,-5000
2008/09/10,0,22000,-111000,-89000
2008/09/11,0,94000,-26000,68000
2008/09/12,0,0,-41000,-41000
2008/09/15,0,41000,-2000,39000
2008/09/16,0,66000,0,66000
2008/09/17,0,129000,-181000,-52000
2008/09/18,0,0,-66000,-66000
2008/09/19,0,35000,-56000,-21000
2008/09/22,0,0,-61000,-61000
2008/09/23,0,111000,-41000,70000
2008/09/24,0,127000,-111000,16000
2008/09/25,0,103000,-34000,69000
2008/09/26,0,59000,-164000,-105000
2008/09/29,0,0,0,0
2008/09/30,0,0,0,0
2008/10/01,0,1000,-84000,-83000
2008/10/02,0,94000,-19000,75000
2008/10/03,0,1000,-103000,-102000
2008/10/06,0,92000,-277,91723
2008/10/07,0,18000,-14000,4000
2008/10/08,0,32000,-10000,22000
2008/10/09,0,54000,-54000,0
2008/10/10,0,0,0,0
2008/10/13,0,93000,-93000,0
2008/10/14,0,0,0,0
2008/10/15,0,72000,-93395,-21395
2008/10/16,0,0,0,0
2008/10/17,0,2000,-72000,-70000
2008/10/20,0,93000,-25444,67556
2008/10/21,0,52000,-93000,-41000
2008/10/22,0,23000,-20000,3000
2008/10/23,0,0,-998,-998
2008/10/24,0,24000,0,24000
2008/10/27,0,1000,-4000,-3000
2008/10/28,0,93000,-60000,33000
2008/10/29,0,93000,-93000,0
2008/10/30,0,0,0,0
2008/10/31,0,0,-90000,-90000
2008/11/03,0,93000,-3000,90000
2008/11/04,0,93000,-93000,0
2008/11/05,0,61000,-65000,-4000
2008/11/06,0,0,-33000,-33000
2008/11/07,0,93000,-56000,37000
2008/11/10,0,0,-93000,-93000
2008/11/11,0,93000,0,93000
2008/11/12,0,16000,-16000,0
2008/11/13,0,0,0,0
2008/11/14,0,48000,-58000,-10000
2008/11/17,0,10000,0,10000
2008/11/18,0,0,0,0
2008/11/19,0,88000,-93000,-5000
2008/11/20,0,88000,-83000,5000
2008/11/21,0,62000,-93000,-31000
2008/11/24,0,0,0,0
2008/11/25,0,0,0,0
2008/11/26,0,0,-16000,-16000
2008/11/27,0,0,0,0
2008/11/28,0,0,0,0
2008/12/01,0,0,0,0
2008/12/02,0,0,0,0
2008/12/03,0,0,-13000,-13000
2008/12/04,0,0,-19000,-19000
2008/12/05,0,0,-4000,-4000
2008/12/08,0,0,-779,-779
2008/12/09,0,40000,-31000,9000
2008/12/10,0,2000,-42000,-40000
2008/12/11,0,0,-19000,-19000
2008/12/12,0,41000,0,41000
2008/12/15,0,0,0,0
2008/12/16,0,6000,-58000,-52000
2008/12/17,0,41000,-6000,35000
2008/12/18,0,41000,-41000,0
2008/12/19,0,0,-41000,-41000
2008/12/22,0,42000,0,42000
2008/12/23,0,10000,-10000,0
2008/12/24,0,41000,-41000,0
2008/12/25,0,20000,-41000,-21000
2008/12/26,0,21000,-20000,1000
2008/12/29,0,0,-21000,-21000
2008/12/30,0,0,-542,-542
2008/12/31,0,41000,0,41000
2009/01/01,0,0,0,0
2009/01/02,0,0,0,0
2009/01/05,0,1303000,-42000,1261000
2009/01/06,0,0,-41000,-41000
2009/01/07,0,0,0,0
2009/01/08,0,41000,-8000,33000
2009/01/09,0,32000,-50000,-18000
2009/01/12,0,41000,-41000,0
2009/01/13,0,0,-41000,-41000
2009/01/14,0,30000,-187000,-157000
2009/01/15,0,0,-10000,-10000
2009/01/16,0,21000,0,21000
2009/01/19,0,0,-13000,-13000
2009/01/20,0,161000,0,161000
2009/01/21,0,100000,-21000,79000
2009/01/22,0,0,0,0
2009/01/23,0,0,0,0
2009/01/26,0,0,0,0
2009/01/27,0,0,0,0
2009/01/28,0,0,0,0
2009/01/29,0,0,0,0
2009/01/30,0,0,0,0
2009/02/02,0,0,0,0
2009/02/03,0,0,-33000,-33000
2009/02/04,0,41000,0,41000
2009/02/05,0,0,0,0
2009/02/06,0,0,0,0
2009/02/09,0,0,-26000,-26000
2009/02/10,0,0,-41000,-41000
2009/02/11,0,38000,-4000,34000
2009/02/12,0,41000,-38179,2821
2009/02/13,0,8000,0,8000
2009/02/16,0,0,-31000,-31000
2009/02/17,0,22000,-103000,-81000
2009/02/18,0,19000,-82000,-63000
2009/02/19,0,0,-20000,-20000
2009/02/20,0,9000,-9000,0
2009/02/23,0,10000,-8000,2000
2009/02/24,0,0,0,0
2009/02/25,0,0,0,0
2009/02/26,0,8000,0,8000
2009/02/27,0,135000,-10000,125000
2009/03/02,0,0,-22000,-22000
2009/03/03,0,10000,-7000,3000
2009/03/04,0,0,-68000,-68000
2009/03/05,0,50000,-4000,46000
2009/03/06,0,10000,-1000,9000
2009/03/09,0,12000,-40000,-28000
2009/03/10,0,41000,-13000,28000
2009/03/11,0,18000,-19000,-1000
2009/03/12,0,0,-59000,-59000
2009/03/13,0,210000,0,210000
2009/03/16,0,21000,0,21000
2009/03/17,0,26000,-81000,-55000
2009/03/18,0,7000,0,7000
2009/03/19,0,0,0,0
2009/03/20,0,31000,-138000,-107000
2009/03/23,0,20000,-66000,-46000
2009/03/24,0,63000,-23000,40000
2009/03/25,0,1831000,-93000,1738000
2009/03/26,0,0,-1708231,-1708231
2009/03/27,0,0,-433000,-433000
2009/03/30,0,129000,-971000,-842000
2009/03/31,0,32000,-338000,-306000
2009/04/01,0,0,-78000,-78000
2009/04/02,0,62000,-7000,55000
2009/04/03,0,110000,-36000,74000
2009/04/06,0,18000,-98000,-80000
2009/04/07,0,0,-8000,-8000
2009/04/08,0,0,-133000,-133000
2009/04/09,0,27000,0,27000
2009/04/10,0,184000,-38000,146000
2009/04/13,0,185000,-150000,35000
2009/04/14,0,30000,-94000,-64000
2009/04/15,0,110000,-185000,-75000
2009/04/16,0,114000,-173000,-59000
2009/04/17,0,178000,-28000,150000
2009/04/20,0,282000,-92000,190000
2009/04/21,0,49000,-161000,-112000
2009/04/22,0,175000,-245339,-70339
2009/04/23,0,32000,-260000,-228000
2009/04/24,0,150000,-101000,49000
2009/04/27,0,201000,-50000,151000
2009/04/28,0,74000,-59000,15000
2009/04/29,0,140000,0,140000
2009/04/30,0,8000,0,8000
2009/05/01,0,0,0,0
2009/05/04,0,11000,-60000,-49000
2009/05/05,0,323000,-30000,293000
2009/05/06,0,225000,-208000,17000
2009/05/07,0,436000,-356000,80000
2009/05/08,0,595000,-43000,552000
2009/05/11,0,100000,-654000,-554000
2009/05/12,0,107000,-423000,-316000
2009/05/13,0,118000,-158000,-40000
2009/05/14,0,42000,-149000,-107000
2009/05/15,0,0,-168000,-168000
2009/05/18,0,52000,-184000,-132000
2009/05/19,0,245000,-17000,228000
2009/05/20,0,73000,-75000,-2000
2009/05/21,0,800000,-81000,719000
2009/05/22,0,200000,-7000,193000
2009/05/25,0,1412000,-5000,1407000
2009/05/26,0,215000,-121000,94000
2009/05/27,0,31000,-1019000,-988000
2009/05/28,0,0,0,0
2009/05/29,0,0,0,0
2009/06/01,0,163000,-34000,129000
2009/06/02,0,0,-13000,-13000
2009/06/03,0,832000,-47000,785000
2009/06/04,0,18000,-15000,3000
2009/06/05,0,21000,-1874000,-1853000
2009/06/08,0,106000,-558000,-452000
2009/06/09,0,352000,-9000,343000
2009/06/10,0,66000,-10000,56000
2009/06/11,0,81000,-96000,-15000
2009/06/12,0,340,-403000,-402660
2009/06/15,0,30000,-10000,20000
2009/06/16,0,17000,-132000,-115000
2009/06/17,0,121317,-7000,114317
2009/06/18,0,14000,-87000,-73000
2009/06/19,0,7000,-58000,-51000
2009/06/22,0,28000,-68000,-40000
2009/06/23,0,171000,-54000,117000
2009/06/24,0,223000,0,223000
2009/06/25,0,3074,-213000,-209926
2009/06/26,0,0,-154000,-154000
2009/06/29,0,122000,-21148,100852
2009/06/30,0,1096000,-12000,1084000
2009/07/01,0,316000,-5000,311000
2009/07/02,0,10000,-57000,-47000
2009/07/03,0,15000,-20000,-5000
2009/07/06,0,0,-157000,-157000
2009/07/07,0,158457,0,158457
2009/07/08,0,0,-41000,-41000
2009/07/09,0,225000,-1000,224000
2009/07/10,0,16000,-76000,-60000
2009/07/13,0,85000,-80000,5000
2009/07/14,0,89000,-12000,77000
2009/07/15,0,320958,-67000,253958
2009/07/16,0,0,-115854,-115854
2009/07/17,0,128000,0,128000
2009/07/20,0,0,-24000,-24000
2009/07/21,0,82000,-62000,20000
2009/07/22,0,86000,-267000,-181000
2009/07/23,0,181000,-18000,163000
2009/07/24,0,4399,-151000,-146601
2009/07/27,0,168000,-1000,167000
2009/07/28,0,23000,-9000,14000
2009/07/29,0,197000,-2000,195000
2009/07/30,0,7000,-522000,-515000
2009/07/31,0,1000,-676000,-675000
2009/08/03,0,694,-373000,-372306
2009/08/04,0,2000,-340000,-338000
2009/08/05,0,338000,-36000,302000
2009/08/06,0,0,-4000,-4000
2009/08/07,0,0,0,0
2009/08/10,0,206000,-63000,143000
2009/08/11,0,150000,-273000,-123000
2009/08/12,0,122000,-71000,51000
2009/08/13,0,23000,-16000,7000
2009/08/14,0,29000,-38000,-9000
2009/08/17,0,10000,-323000,-313000
2009/08/18,0,201000,-66000,135000
2009/08/19,0,121000,-134000,-13000
2009/08/20,0,2000,-76000,-74000
2009/08/21,0,0,-55000,-55000
2009/08/24,0,0,0,0
2009/08/25,0,0,0,0
2009/08/26,0,5000,-26000,-21000
2009/08/27,0,0,-14867,-14867
2009/08/28,0,0,-2000,-2000
2009/08/31,0,45000,-20000,25000
2009/09/01,0,10000,-57000,-47000
2009/09/02,0,5000,0,5000
2009/09/03,0,0,-4000,-4000
2009/09/04,0,0,-52000,-52000
2009/09/07,0,0,-24000,-24000
2009/09/08,0,93000,0,93000
2009/09/09,0,4000,-27000,-23000
2009/09/10,0,159000,0,159000
2009/09/11,0,194000,-38000,156000
2009/09/14,0,0,-125000,-125000
2009/09/15,0,0,-1000,-1000
2009/09/16,0,146000,-20000,126000
2009/09/17,0,15000,0,15000
2009/09/18,0,7000,-175000,-168000
2009/09/21,0,5000,-335000,-330000
2009/09/22,0,1000,-7000,-6000
2009/09/23,0,3000,-110000,-107000
2009/09/24,0,41000,-29000,12000
2009/09/25,0,230000,-23000,207000
2009/09/28,0,0,-335,-335
2009/09/29,0,1000,-68000,-67000
2009/09/30,0,76000,-1000,75000
2009/10/01,0,32000,-26000,6000
2009/10/02,0,12000,-298000,-286000
2009/10/05,0,0,-54000,-54000
2009/10/06,0,1000,-48000,-47000
2009/10/07,0,0,0,0
2009/10/08,0,8000,-13000,-5000
2009/10/09,0,1000,-85000,-84000
2009/10/12,0,1000,-25000,-24000
2009/10/13,0,0,-98000,-98000
2009/10/14,0,1000,0,1000
2009/10/15,0,0,-6000,-6000
2009/10/16,0,0,-14000,-14000
2009/10/19,0,0,0,0
2009/10/20,0,0,0,0
2009/10/21,0,2000,-19000,-17000
2009/10/22,0,0,-2000,-2000
2009/10/23,0,87000,0,87000
2009/10/26,0,0,0,0
2009/10/27,0,5000,0,5000
2009/10/28,0,0,-18000,-18000
2009/10/29,0,13000,-66000,-53000
2009/10/30,0,3000,-23000,-20000
2009/11/02,0,0,-18000,-18000
2009/11/03,0,8000,-57000,-49000
2009/11/04,0,0,0,0
2009/11/05,0,1000000,-3000,997000
2009/11/06,0,422000,-508000,-86000
2009/11/09,0,553000,-500000,53000
2009/11/10,0,0,-503000,-503000
2009/11/11,0,2361000,-119000,2242000
2009/11/12,0,605000,0,605000
2009/11/13,0,291000,-301000,-10000
2009/11/16,0,250000,-198000,52000
2009/11/17,0,47000,-29000,18000
2009/11/18,0,32000,-507000,-475000
2009/11/19,0,552000,-695000,-143000
2009/11/20,0,6000,-438000,-432000
2009/11/23,0,15000,0,15000
2009/11/24,0,5000,0,5000
2009/11/25,0,48000,0,48000
2009/11/26,0,15000,-12000,3000
2009/11/27,0,0,-535000,-535000
2009/11/30,0,0,-1000,-1000
2009/12/01,0,19000,-7000,12000
2009/12/02,0,13000,-37000,-24000
2009/12/03,0,4000,-57000,-53000
2009/12/04,0,38000,-1000,37000
2009/12/07,0,0,-17000,-17000
2009/12/08,0,0,-34000,-34000
2009/12/09,0,0,-41000,-41000
2009/12/10,0,915000,-22000,893000
2009/12/11,0,0,0,0
2009/12/14,0,25000,-209000,-184000
2009/12/15,0,5000,-443000,-438000
2009/12/16,0,24000,-19000,5000
2009/12/17,0,346000,-406000,-60000
2009/12/18,0,62000,0,62000
2009/12/21,0,6000,-656000,-650000
2009/12/22,0,8000,-48000,-40000
2009/12/23,0,0,-150000,-150000
2009/12/24,0,1739000,-8000,1731000
2009/12/25,0,1183000,-550000,633000
2009/12/28,0,194000,-260000,-66000
2009/12/29,0,456000,-6000,450000
2009/12/30,0,123000,-107000,16000
2009/12/31,0,215000,-1000000,-785000
2010/01/01,0,0,0,0
2010/01/04,0,649000,-355000,294000
2010/01/05,0,709000,-2216000,-1507000
2010/01/06,0,56000,-5000,51000
2010/01/07,0,2239000,-11000,2228000
2010/01/08,0,317000,-3297000,-2980000
2010/01/11,0,2035000,-8000,2027000
2010/01/12,0,2868000,0,2868000
2010/01/13,0,3651000,-719000,2932000
2010/01/14,0,1359000,-520000,839000
2010/01/15,0,300000,-400000,-100000
2010/01/18,0,12000,-521000,-509000
2010/01/19,0,1578000,-1755000,-177000
2010/01/20,0,1345716,-498000,847716
2010/01/21,0,66000,-2880000,-2814000
2010/01/22,0,843000,-516000,327000
2010/01/25,0,449000,-917000,-468000
2010/01/26,0,628000,-77000,551000
2010/01/27,0,115000,-1272000,-1157000
2010/01/28,0,400000,-46000,354000
2010/01/29,0,300000,-972000,-672000
2010/02/01,0,350000,-76000,274000
2010/02/02,0,107000,-1928000,-1821000
2010/02/03,0,561000,-516000,45000
2010/02/04,0,0,0,0
2010/02/05,0,567000,-2000,565000
2010/02/08,0,377000,-10000,367000
2010/02/09,0,148000,-10000,138000
2010/02/10,0,0,-15258,-15258
2010/02/11,0,0,0,0
2010/02/12,0,0,0,0
2010/02/15,0,0,0,0
2010/02/16,0,0,0,0
2010/02/17,0,0,0,0
2010/02/18,0,0,0,0
2010/02/19,0,0,0,0
2010/02/22,0,21000,0,21000
2010/02/23,0,0,-261000,-261000
2010/02/24,0,104000,-57000,47000
2010/02/25,0,192000,-417000,-225000
2010/02/26,0,17000,0,17000
2010/03/01,0,192000,0,192000
2010/03/02,0,676000,-200000,476000
2010/03/03,0,110000,0,110000
2010/03/04,0,50000,-230000,-180000
2010/03/05,0,70000,-908000,-838000
2010/03/08,0,82000,-309000,-227000
2010/03/09,0,0,0,0
2010/03/10,0,0,-9000,-9000
2010/03/11,0,0,-205000,-205000
2010/03/12,0,53000,0,53000
2010/03/15,0,69154,-79000,-9846
2010/03/16,0,2000,-1000,1000
2010/03/17,0,37000,-2000,35000
2010/03/18,0,89000,0,89000
2010/03/19,0,1000,-98000,-97000
2010/03/22,0,0,-79000,-79000
2010/03/23,0,20000,-4000,16000
2010/03/24,0,69000,-9000,60000
2010/03/25,0,104000,0,104000
2010/03/26,0,363000,-13000,350000
2010/03/29,0,68000,-32000,36000
2010/03/30,0,0,0,0
2010/03/31,0,0,0,0
2010/04/01,0,235000,0,235000
2010/04/02,0,5000,0,5000
2010/04/05,0,0,0,0
2010/04/06,0,449000,0,449000
2010/04/07,0,800000,-20000,780000
2010/04/08,0,274000,-409000,-135000
2010/04/09,0,18000,0,18000
2010/04/12,0,600000,0,600000
2010/04/13,0,116000,-87000,29000
2010/04/14,0,998000,-154000,844000
2010/04/15,0,1403000,-319000,1084000
2010/04/16,0,0,-1970000,-1970000
2010/04/19,0,130000,-428000,-298000
2010/04/20,0,670000,-1706000,-1036000
2010/04/21,0,0,-307000,-307000
2010/04/22,0,0,-755000,-755000
2010/04/23,0,0,-17000,-17000
2010/04/26,0,350000,0,350000
2010/04/27,0,107000,-10000,97000
2010/04/28,0,1402000,-143000,1259000
2010/04/29,0,1548000,-16000,1532000
2010/04/30,0,685000,-1408000,-723000
2010/05/03,0,0,-24000,-24000
2010/05/04,0,0,-603000,-603000
2010/05/05,0,0,-200000,-200000
2010/05/06,0,0,-1205000,-1205000
2010/05/07,0,13000,0,13000
2010/05/10,0,615000,-1611000,-996000
2010/05/11,0,50000,-1339300,-1289300
2010/05/12,0,400000,-448000,-48000
2010/05/13,0,104000,-200000,-96000
2010/05/14,0,34000,0,34000
2010/05/17,0,25000,-589000,-564000
2010/05/18,0,115000,-173000,-58000
2010/05/19,0,313000,-586000,-273000
2010/05/20,0,0,-128000,-128000
2010/05/21,0,2000,-1199000,-1197000
2010/05/24,0,0,-90000,-90000
2010/05/25,0,92000,-156000,-64000
2010/05/26,0,10000,-72000,-62000
2010/05/27,0,61000,-12000,49000
2010/05/28,0,0,-73000,-73000
2010/05/31,0,0,-55000,-55000
2010/06/01,0,0,-38000,-38000
2010/06/02,0,0,0,0
2010/06/03,0,2000,0,2000
2010/06/04,0,0,0,0
2010/06/07,0,0,0,0
2010/06/08,0,0,0,0
2010/06/09,0,0,-14000,-14000
2010/06/10,0,2000,0,2000
2010/06/11,0,0,0,0
2010/06/14,0,2000,0,2000
2010/06/15,0,107000,0,107000
2010/06/16,0,0,0,0
2010/06/17,0,318000,0,318000
2010/06/18,0,18000,-38000,-20000
2010/06/21,0,22000,0,22000
2010/06/22,0,0,0,0
2010/06/23,0,1000,0,1000
2010/06/24,0,0,-688,-688
2010/06/25,0,100000,0,100000
2010/06/28,0,0,0,0
2010/06/29,0,2000,0,2000
2010/06/30,0,0,0,0
2010/07/01,0,21000,-3000,18000
2010/07/02,0,33000,-13000,20000
2010/07/05,0,19000,0,19000
2010/07/06,0,6000,0,6000
2010/07/07,0,0,0,0
2010/07/08,0,1000,-12000,-11000
2010/07/09,0,0,0,0
2010/07/12,0,13000,0,13000
2010/07/13,0,0,-2000,-2000
2010/07/14,0,50000,-5000,45000
2010/07/15,0,0,-50000,-50000
2010/07/16,0,0,-2000,-2000
2010/07/19,0,0,-9000,-9000
2010/07/20,0,0,0,0
2010/07/21,0,101000,-14000,87000
2010/07/22,0,14000,-5000,9000
2010/07/23,0,105000,-67,104933
2010/07/26,0,0,0,0
2010/07/27,0,0,-6000,-6000
2010/07/28,0,0,0,0
2010/07/29,0,0,0,0
2010/07/30,0,0,-31000,-31000
2010/08/02,0,56000,0,56000
2010/08/03,0,0,0,0
2010/08/04,0,0,0,0
2010/08/05,0,0,0,0
2010/08/06,0,26000,0,26000
2010/08/09,0,16000,-150000,-134000
2010/08/10,0,9000,-19000,-10000
2010/08/11,0,68000,0,68000
2010/08/12,0,0,-52000,-52000
2010/08/13,0,100000,-39000,61000
2010/08/16,0,0,-68000,-68000
2010/08/17,0,421000,-105000,316000
2010/08/18,0,0,-60000,-60000
2010/08/19,0,15000,-435000,-420000
2010/08/20,0,0,-29262,-29262
2010/08/23,0,129000,-16000,113000
2010/08/24,0,75000,-36000,39000
2010/08/25,0,0,-69000,-69000
2010/08/26,0,50000,-9000,41000
2010/08/27,0,0,-13000,-13000
2010/08/30,0,0,-76000,-76000
2010/08/31,0,0,-20000,-20000
2010/09/01,0,10000,-39000,-29000
2010/09/02,0,30000,-80000,-50000
2010/09/03,0,5000,-91000,-86000
2010/09/06,0,11000,-1000,10000
2010/09/07,0,20000,-14000,6000
2010/09/08,0,0,-12000,-12000
2010/09/09,0,0,0,0
2010/09/10,0,13000,0,13000
2010/09/13,0,15000,-40000,-25000
2010/09/14,0,0,-7000,-7000
2010/09/15,0,0,-7000,-7000
2010/09/16,0,7000,0,7000
2010/09/17,0,19000,0,19000
2010/09/20,0,100000,-2000,98000
2010/09/21,0,1000,0,1000
2010/09/22,0,0,0,0
2010/09/23,0,16000,0,16000
2010/09/24,0,34000,0,34000
2010/09/27,0,190000,-46000,144000
2010/09/28,0,50000,-2000,48000
2010/09/29,0,0,-321000,-321000
2010/09/30,0,0,-58000,-58000
2010/10/01,0,0,0,0
2010/10/04,0,55000,-9000,46000
2010/10/05,0,2000,-25000,-23000
2010/10/06,0,0,-25000,-25000
2010/10/07,0,22000,-14235,7765
2010/10/08,0,25000,0,25000
2010/10/11,0,15000,-27000,-12000
2010/10/12,0,0,-57000,-57000
2010/10/13,0,0,-50000,-50000
2010/10/14,0,35000,0,35000
2010/10/15,0,60000,0,60000
2010/10/18,0,0,0,0
2010/10/19,0,0,-6000,-6000
2010/10/20,0,119000,0,119000
2010/10/21,0,0,-6000,-6000
2010/10/22,0,0,-50000,-50000
2010/10/25,0,159000,0,159000
2010/10/26,0,14000,-48000,-34000
2010/10/27,0,30000,0,30000
2010/10/28,0,1000,-50000,-49000
2010/10/29,0,10000,0,10000
2010/11/01,0,322000,0,322000
2010/11/02,0,151000,0,151000
2010/11/03,0,14000,-200000,-186000
2010/11/04,0,27000,0,27000
2010/11/05,0,19000,0,19000
2010/11/08,0,10000,-99000,-89000
2010/11/09,0,10000,0,10000
2010/11/10,0,0,-21000,-21000
2010/11/11,0,1400000,0,1400000
2010/11/12,0,196000,-85000,111000
2010/11/15,0,21000,-53000,-32000
2010/11/16,0,430000,-11000,419000
2010/11/17,0,89000,-85000,4000
2010/11/18,0,17000,-208000,-191000
2010/11/19,0,95000,-168000,-73000
2010/11/22,0,192000,-36000,156000
2010/11/23,0,50000,-72000,-22000
2010/11/24,0,300000,-157000,143000
2010/11/25,0,352000,-114000,238000
2010/11/26,0,13000,0,13000
2010/11/29,0,602000,-6000,596000
2010/11/30,0,103000,-477000,-374000
2010/12/01,0,2533000,-271000,2262000
2010/12/02,0,101000,-1826000,-1725000
2010/12/03,0,1065000,-52000,1013000
2010/12/06,0,640000,-228000,412000
2010/12/07,0,2525000,-300000,2225000
2010/12/08,0,270000,-677000,-407000
2010/12/09,0,2909000,-325000,2584000
2010/12/10,0,1248000,-819000,429000
2010/12/13,0,495000,-1221000,-726000
2010/12/14,0,473000,-1484000,-1011000
2010/12/15,0,3325000,-1094000,2231000
2010/12/16,0,631000,-1863000,-1232000
2010/12/17,0,2104000,-534000,1570000
2010/12/20,0,787000,-157000,630000
2010/12/21,0,242000,-109000,133000
2010/12/22,0,1393000,-13000,1380000
2010/12/23,0,1519000,-795000,724000
2010/12/24,0,640000,-610000,30000
2010/12/27,0,93000,-2018000,-1925000
2010/12/28,0,20000,-333000,-313000
2010/12/29,0,203000,-2080000,-1877000
2010/12/30,0,34000,-1340000,-1306000
2010/12/31,0,1293000,-402000,891000
2011/01/03,0,108000,-412000,-304000
2011/01/04,0,700000,-571000,129000
2011/01/05,0,54000,-334000,-280000
2011/01/06,0,1874000,-817000,1057000
2011/01/07,0,1167000,-927000,240000
2011/01/10,0,190000,-668000,-478000
2011/01/11,0,1666000,-1587000,79000
2011/01/12,0,1316000,-188000,1128000
2011/01/13,0,3664000,-662000,3002000
2011/01/14,0,1221000,-3005000,-1784000
2011/01/17,0,4119000,-1078000,3041000
2011/01/18,0,1570000,-3378000,-1808000
2011/01/19,0,2329000,-2190000,139000
2011/01/20,0,784000,-2114000,-1330000
2011/01/21,0,2597000,-1032000,1565000
2011/01/24,0,1417000,-2211000,-794000
2011/01/25,0,1903000,-615000,1288000
2011/01/26,0,4166000,-582000,3584000
2011/01/27,0,729000,-2027000,-1298000
2011/01/28,0,927800,-957000,-29200
2011/01/31,0,0,0,0
2011/02/01,0,0,0,0
2011/02/02,0,0,0,0
2011/02/03,0,0,0,0
2011/02/04,0,0,0,0
2011/02/07,0,0,0,0
2011/02/08,0,676000,-658800,17200
2011/02/09,0,257000,-1258000,-1001000
2011/02/10,0,1285000,-1132000,153000
2011/02/11,0,1647000,-2398000,-751000
2011/02/14,0,1001000,-1128000,-127000
2011/02/15,0,825000,-1295000,-470000
2011/02/16,0,1806000,-1850000,-44000
2011/02/17,0,2932000,-806000,2126000
2011/02/18,0,450000,-1206000,-756000
2011/02/21,0,2068000,-458000,1610000
2011/02/22,0,398000,-1877000,-1479000
2011/02/23,0,748000,-979000,-231000
2011/02/24,0,380000,-679000,-299000
2011/02/25,0,518000,-529000,-11000
2011/02/28,0,0,0,0
2011/03/01,0,763000,-502000,261000
2011/03/02,0,149000,-420000,-271000
2011/03/03,0,58000,-132000,-74000
2011/03/04,0,2360000,-858000,1502000
2011/03/07,0,233000,-117000,116000
2011/03/08,0,473000,-2393000,-1920000
2011/03/09,0,122000,-47000,75000
2011/03/10,0,757000,-3405000,-2648000
2011/03/11,0,207000,-1096000,-889000
2011/03/14,0,1247000,-358000,889000
2011/03/15,0,654000,-2030000,-1376000
2011/03/16,0,270000,-533000,-263000
2011/03/17,0,107000,-697000,-590000
2011/03/18,0,525000,-381000,144000
2011/03/21,0,519000,-485000,34000
2011/03/22,0,216000,-568000,-352000
2011/03/23,0,301000,-427000,-126000
2011/03/24,0,3477000,-794000,2683000
2011/03/25,0,780000,-1708000,-928000
2011/03/28,0,688000,-457000,231000
2011/03/29,0,400000,-109000,291000
2011/03/30,0,504000,-711000,-207000
2011/03/31,0,332000,-50000,282000
2011/04/01,0,578000,-353000,225000
2011/04/04,0,0,0,0
2011/04/05,0,0,0,0
2011/04/06,0,984000,-238000,746000
2011/04/07,0,389000,-187000,202000
2011/04/08,0,390000,-490000,-100000
2011/04/11,0,255000,-1119000,-864000
2011/04/12,0,184000,-499000,-315000
2011/04/13,0,214000,-78000,136000
2011/04/14,0,373000,-24000,349000
2011/04/15,0,521000,-380000,141000
2011/04/18,0,155000,-1462000,-1307000
2011/04/19,0,190000,-1272000,-1082000
2011/04/20,0,521000,-138000,383000
2011/04/21,0,559000,-453000,106000
2011/04/22,0,524000,-31000,493000
2011/04/25,0,56000,-572000,-516000
2011/04/26,0,7000,-250000,-243000
2011/04/27,0,467000,-119000,348000
2011/04/28,0,220000,-120000,100000
2011/04/29,0,70000,-706000,-636000
2011/05/02,0,0,0,0
2011/05/03,0,34000,-432000,-398000
2011/05/04,0,711000,-489000,222000
2011/05/05,0,75000,-58000,17000
2011/05/06,0,19000,-418000,-399000
2011/05/09,0,406000,-372000,34000
2011/05/10,0,199000,-199000,0
2011/05/11,0,110000,-429460,-319460
2011/05/12,0,134000,-332000,-198000
2011/05/13,0,0,-837000,-837000
2011/05/16,0,580000,-1452000,-872000
2011/05/17,0,0,-444000,-444000
2011/05/18,0,289000,-61000,228000
2011/05/19,0,4000,-285356,-281356
2011/05/20,0,0,-164000,-164000
2011/05/23,0,111000,-561000,-450000
2011/05/24,0,59000,-425000,-366000
2011/05/25,0,210000,-375000,-165000
2011/05/26,0,105000,-9400,95600
2011/05/27,0,210000,-75000,135000
2011/05/30,0,10000,-229000,-219000
2011/05/31,0,179000,-385000,-206000
2011/06/01,0,916000,-115000,801000
2011/06/02,0,1259000,-115000,1144000
2011/06/03,0,0,-292000,-292000
2011/06/06,0,0,0,0
2011/06/07,0,166000,-145000,21000
2011/06/08,0,57000,-57000,0
2011/06/09,0,4000,-51000,-47000
2011/06/10,0,50000,-387000,-337000
2011/06/13,0,103000,-523000,-420000
2011/06/14,0,4000,-379000,-375000
2011/06/15,0,17000,-105000,-88000
2011/06/16,0,43000,-784450,-741450
2011/06/17,0,141000,-248040,-107040
2011/06/20,0,33000,-377000,-344000
2011/06/21,0,50000,-50000,0
2011/06/22,0,650000,-131000,519000
2011/06/23,0,153000,-17000,136000
2011/06/24,0,121000,-326000,-205000
2011/06/27,0,25000,-65000,-40000
2011/06/28,0,103000,-60000,43000
2011/06/29,0,58000,-247000,-189000
2011/06/30,0,185000,-201000,-16000
2011/07/01,0,100000,0,100000
2011/07/04,0,275000,-19000,256000
2011/07/05,0,110000,-71151,38849
2011/07/06,0,150000,-1000,149000
2011/07/07,0,248000,-10000,238000
2011/07/08,0,42000,-207000,-165000
2011/07/11,0,240000,-522000,-282000
2011/07/12,0,135000,-992000,-857000
2011/07/13,0,16000,-50000,-34000
2011/07/14,0,101000,-50000,51000
2011/07/15,0,101000,-150000,-49000
2011/07/18,0,17000,0,17000
2011/07/19,0,60000,-1000,59000
2011/07/20,0,261000,-160110,100890
2011/07/21,0,522000,-9000,513000
2011/07/22,0,415000,-500000,-85000
2011/07/25,0,158000,-46000,112000
2011/07/26,0,3000,-334000,-331000
2011/07/27,0,20000,-293000,-273000
2011/07/28,0,48000,-657000,-609000
2011/07/29,0,35000,-225000,-190000
2011/08/01,0,234000,-300000,-66000
2011/08/02,0,0,-52000,-52000
2011/08/03,0,222000,-43000,179000
2011/08/04,0,43000,-191000,-148000
2011/08/05,0,14000,-395000,-381000
2011/08/08,0,13000,-361000,-348000
2011/08/09,0,0,-10000,-10000
2011/08/10,0,1000,-468000,-467000
2011/08/11,0,2000,-214000,-212000
2011/08/12,0,46000,-724000,-678000
2011/08/15,0,41000,-23000,18000
2011/08/16,0,0,-129000,-129000
2011/08/17,0,0,-5000,-5000
2011/08/18,0,0,-251000,-251000
2011/08/19,0,0,-1000,-1000
2011/08/22,0,67000,-225000,-158000
2011/08/23,0,63000,0,63000
2011/08/24,0,70000,-10000,60000
2011/08/25,0,60000,-10000,50000
2011/08/26,0,0,-56000,-56000
2011/08/29,0,663000,-40000,623000
2011/08/30,0,172000,-452000,-280000
2011/08/31,0,0,-121000,-121000
2011/09/01,0,16000,-166000,-150000
2011/09/02,0,1000,-40000,-39000
2011/09/05,0,50000,-60000,-10000
2011/09/06,0,50000,-22982,27018
2011/09/07,0,3000,-50000,-47000
2011/09/08,0,70000,-165000,-95000
2011/09/09,0,45000,-66000,-21000
2011/09/12,0,0,0,0
2011/09/13,0,304000,-43000,261000
2011/09/14,0,118000,-120000,-2000
2011/09/15,0,172000,-150000,22000
2011/09/16,0,0,-50000,-50000
2011/09/19,0,98000,0,98000
2011/09/20,0,144000,-19000,125000
2011/09/21,0,57000,-14000,43000
2011/09/22,0,119000,-41000,78000
2011/09/23,0,51000,-143000,-92000
2011/09/26,0,27000,-114000,-87000
2011/09/27,0,4000,-50000,-46000
2011/09/28,0,33000,-46000,-13000
2011/09/29,0,10000,-15000,-5000
2011/09/30,0,0,-56000,-56000
2011/10/03,0,50000,-96000,-46000
2011/10/04,0,25000,-52000,-27000
2011/10/05,0,25000,-13000,12000
2011/10/06,0,83000,0,83000
2011/10/07,0,113000,0,113000
2011/10/10,0,0,0,0
2011/10/11,0,1000,-50000,-49000
2011/10/12,0,0,0,0
2011/10/13,0,50000,-168000,-118000
2011/10/14,0,100000,-294,99706
2011/10/17,0,0,-52000,-52000
2011/10/18,0,327000,-2000,325000
2011/10/19,0,2000,-224000,-222000
2011/10/20,0,411000,0,411000
2011/10/21,0,861369,0,861369
2011/10/24,0,120000,-991000,-871000
2011/10/25,0,0,-111000,-111000
2011/10/26,0,0,0,0
2011/10/27,0,0,-91000,-91000
2011/10/28,0,0,-51000,-51000
2011/10/31,0,1000,-52000,-51000
2011/11/01,0,18000,-76000,-58000
2011/11/02,0,3000,-39000,-36000
2011/11/03,0,2000,-231000,-229000
2011/11/04,0,21000,-10000,11000
2011/11/07,0,10000,0,10000
2011/11/08,0,0,0,0
2011/11/09,0,0,-75000,-75000
2011/11/10,0,88000,-140000,-52000
2011/11/11,0,0,-42000,-42000
2011/11/14,0,7000,0,7000
2011/11/15,0,14000,-1000,13000
2011/11/16,0,176000,-98000,78000
2011/11/17,0,417000,-106000,311000
2011/11/18,0,145000,-245000,-100000
2011/11/21,0,63000,-6000,57000
2011/11/22,0,285000,-1000,284000
2011/11/23,0,0,-148000,-148000
2011/11/24,0,5000,-7000,-2000
2011/11/25,0,3000,-3000,0
2011/11/28,0,54000,-39000,15000
2011/11/29,0,26000,-102000,-76000
2011/11/30,0,697000,-97000,600000
2011/12/01,0,419000,-299000,120000
2011/12/02,0,79000,-207000,-128000
2011/12/05,0,152000,-209000,-57000
2011/12/06,0,111000,-180000,-69000
2011/12/07,0,5000,-258000,-253000
2011/12/08,0,208000,-183000,25000
2011/12/09,0,771000,-22000,749000
2011/12/12,0,123000,-94000,29000
2011/12/13,0,0,-171000,-171000
2011/12/14,0,151000,-500000,-349000
2011/12/15,0,16000,-139000,-123000
2011/12/16,0,42000,-176000,-134000
2011/12/19,0,246000,-250000,-4000
2011/12/20,0,590000,-95000,495000
2011/12/21,0,171000,-96000,75000
2011/12/22,0,5000,-216000,-211000
2011/12/23,0,454000,-150000,304000
2011/12/26,0,23000,-235000,-212000
2011/12/27,0,1254000,-51000,1203000
2011/12/28,0,727000,-836000,-109000
2011/12/29,0,475000,-79000,396000
2011/12/30,0,569000,-914000,-345000
2012/01/02,0,392000,-746000,-354000
2012/01/03,0,49000,-340000,-291000
2012/01/04,0,441000,-417000,24000
2012/01/05,0,235000,-181000,54000
2012/01/06,0,206000,-740000,-534000
2012/01/09,0,0,-182000,-182000
2012/01/10,0,55000,-38000,17000
2012/01/11,0,126000,-95000,31000
2012/01/12,0,297000,-92000,205000
2012/01/13,0,334000,-135000,199000
2012/01/16,0,198000,-81000,117000
2012/01/17,0,2186000,-100000,2086000
2012/01/18,0,443000,-1198000,-755000
2012/01/19,0,0,0,0
2012/01/20,0,0,0,0
2012/01/23,0,0,0,0
2012/01/24,0,0,0,0
2012/01/25,0,0,0,0
2012/01/26,0,0,0,0
2012/01/27,0,0,0,0
2012/01/30,0,111000,-500000,-389000
2012/01/31,0,1587000,-514000,1073000
2012/02/01,0,1380000,-561000,819000
2012/02/02,0,527000,-867000,-340000
2012/02/03,0,1978000,-201000,1777000
2012/02/06,0,2761000,-407000,2354000
2012/02/07,0,412000,-295000,117000
2012/02/08,0,1788000,-450000,1338000
2012/02/09,0,658000,-2928000,-2270000
2012/02/10,0,2334000,-1505000,829000
2012/02/13,0,4426000,-1411000,3015000
2012/02/14,0,1675000,-2960000,-1285000
2012/02/15,0,440000,-1940000,-1500000
2012/02/16,0,856000,-2940000,-2084000
2012/02/17,0,1824000,-1770000,54000
2012/02/20,0,1127000,-173000,954000
2012/02/21,0,425000,-444000,-19000
2012/02/22,0,650000,-460000,190000
2012/02/23,0,895000,-1127000,-232000
2012/02/24,0,157000,-408000,-251000
2012/02/27,0,0,0,0
2012/02/28,0,0,0,0
2012/02/29,0,2864000,-267000,2597000
2012/03/01,0,267000,-602000,-335000
2012/03/02,0,775000,-1824000,-1049000
2012/03/05,0,609000,-958000,-349000
2012/03/06,0,154000,-482000,-328000
2012/03/07,0,453000,-672000,-219000
2012/03/08,0,458000,-1234000,-776000
2012/03/09,0,137000,-1044000,-907000
2012/03/12,0,0,-516000,-516000
2012/03/13,0,96000,-291000,-195000
2012/03/14,0,255000,-273000,-18000
2012/03/15,0,274000,-687000,-413000
2012/03/16,0,932000,-1409000,-477000
2012/03/19,0,419000,-665000,-246000
2012/03/20,0,183000,-793000,-610000
2012/03/21,0,90000,-114000,-24000
2012/03/22,0,486000,-183000,303000
2012/03/23,0,204000,-118000,86000
2012/03/26,0,2000,-421000,-419000
2012/03/27,0,447000,-587000,-140000
2012/03/28,0,100000,-796000,-696000
2012/03/29,0,254000,-833954,-579954
2012/03/30,0,437000,-178000,259000
2012/04/02,0,100000,-306000,-206000
2012/04/03,0,216000,-373000,-157000
2012/04/04,0,0,0,0
2012/04/05,0,112000,-269000,-157000
2012/04/06,0,92000,-104000,-12000
2012/04/09,0,157000,-5000,152000
2012/04/10,0,0,-166000,-166000
2012/04/11,0,3000,0,3000
2012/04/12,0,10000,0,10000
2012/04/13,0,188000,-94000,94000
2012/04/16,0,11000,-3000,8000
2012/04/17,0,10000,-90000,-80000
2012/04/18,0,29000,-32000,-3000
2012/04/19,0,7000,-160000,-153000
2012/04/20,0,25000,-1554000,-1529000
2012/04/23,0,43000,-110000,-67000
2012/04/24,0,268000,-36000,232000
2012/04/25,0,262000,-73000,189000
2012/04/26,0,84000,-44000,40000
2012/04/27,0,134000,-55534,78466
2012/04/30,0,341000,-113000,228000
2012/05/01,0,0,0,0
2012/05/02,0,885000,-9000,876000
2012/05/03,0,110000,-123000,-13000
2012/05/04,0,640000,-129000,511000
2012/05/07,0,1079000,-242000,837000
2012/05/08,0,238000,-357000,-119000
2012/05/09,0,221000,-111000,110000
2012/05/10,0,70000,-27000,43000
2012/05/11,0,360000,-414000,-54000
2012/05/14,0,15000,-45000,-30000
2012/05/15,0,163000,-1117000,-954000
2012/05/16,0,40000,-588000,-548000
2012/05/17,0,0,-168000,-168000
2012/05/18,0,4000,-449000,-445000
2012/05/21,0,3000,-6000,-3000
2012/05/22,0,0,-30000,-30000
2012/05/23,0,0,0,0
2012/05/24,0,97000,-254000,-157000
2012/05/25,0,42000,-51000,-9000
2012/05/28,0,9000,-59000,-50000
2012/05/29,0,55000,-60000,-5000
2012/05/30,0,0,-90000,-90000
2012/05/31,0,69000,-199000,-130000
2012/06/01,0,180000,-82000,98000
2012/06/04,0,13000,-212000,-199000
2012/06/05,0,25000,-40000,-15000
2012/06/06,0,0,0,0
2012/06/07,0,50000,-2000,48000
2012/06/08,0,70000,-546,69454
2012/06/11,0,0,0,0
2012/06/12,0,0,0,0
2012/06/13,0,0,-1000,-1000
2012/06/14,0,20000,-8000,12000
2012/06/15,0,10000,-20000,-10000
2012/06/18,0,230000,-160000,70000
2012/06/19,0,30000,-212000,-182000
2012/06/20,0,108000,-61000,47000
2012/06/21,0,0,0,0
2012/06/22,0,0,0,0
2012/06/25,0,0,-44000,-44000
2012/06/26,0,325000,0,325000
2012/06/27,0,25000,-32000,-7000
2012/06/28,0,718000,-45000,673000
2012/06/29,0,122000,-112000,10000
2012/07/02,0,90000,0,90000
2012/07/03,0,697000,-269000,428000
2012/07/04,0,274000,-685000,-411000
2012/07/05,0,153000,0,153000
2012/07/06,0,27000,-68000,-41000
2012/07/09,0,2000,-144000,-142000
2012/07/10,0,57000,-158000,-101000
2012/07/11,0,21000,-1000,20000
2012/07/12,0,0,-105000,-105000
2012/07/13,0,31000,-69000,-38000
2012/07/16,0,3000,-19000,-16000
2012/07/17,0,32000,-5000,27000
2012/07/18,0,0,-76000,-76000
2012/07/19,0,33000,-6000,27000
2012/07/20,0,8000,0,8000
2012/07/23,0,0,-91000,-91000
2012/07/24,0,48000,-100000,-52000
2012/07/25,0,0,-39000,-39000
2012/07/26,0,0,-49000,-49000
2012/07/27,0,0,0,0
2012/07/30,0,53000,0,53000
2012/07/31,0,42000,-2000,40000
2012/08/01,0,0,-30000,-30000
2012/08/02,0,0,0,0
2012/08/03,0,3000,0,3000
2012/08/06,0,21000,-7000,14000
2012/08/07,0,0,-32000,-32000
2012/08/08,0,161000,-37000,124000
2012/08/09,0,159000,0,159000
2012/08/10,0,0,0,0
2012/08/13,0,1000,0,1000
2012/08/14,0,26000,0,26000
2012/08/15,0,0,-2000,-2000
2012/08/16,0,0,0,0
2012/08/17,0,140000,-5000,135000
2012/08/20,0,89000,0,89000
2012/08/21,0,24000,0,24000
2012/08/22,0,0,0,0
2012/08/23,0,3000,0,3000
2012/08/24,0,0,-10000,-10000
2012/08/27,0,0,0,0
2012/08/28,0,3000,-55000,-52000
2012/08/29,0,0,0,0
2012/08/30,0,0,-70000,-70000
2012/08/31,0,0,-168000,-168000
2012/09/03,0,0,0,0
2012/09/04,0,0,-199000,-199000
2012/09/05,0,0,-9000,-9000
2012/09/06,0,50000,-58000,-8000
2012/09/07,0,0,0,0
2012/09/10,0,0,0,0
2012/09/11,0,0,-3000,-3000
2012/09/12,0,26000,-13000,13000
2012/09/13,0,19000,-131000,-112000
2012/09/14,0,31000,0,31000
2012/09/17,0,0,-6000,-6000
2012/09/18,0,0,0,0
2012/09/19,0,149000,0,149000
2012/09/20,0,0,0,0
2012/09/21,0,0,0,0
2012/09/24,0,0,-35000,-35000
2012/09/25,0,0,0,0
2012/09/26,0,0,-30208,-30208
2012/09/27,0,0,-60000,-60000
2012/09/28,0,0,-45000,-45000
2012/10/01,0,0,-100000,-100000
2012/10/02,0,64000,0,64000
2012/10/03,0,0,-90000,-90000
2012/10/04,0,16000,0,16000
2012/10/05,0,28000,0,28000
2012/10/08,0,0,-21000,-21000
2012/10/09,0,24000,-119000,-95000
2012/10/10,0,0,0,0
2012/10/11,0,8000,-61000,-53000
2012/10/12,0,0,-68000,-68000
2012/10/15,0,0,-56000,-56000
2012/10/16,0,0,-140000,-140000
2012/10/17,0,72000,-123000,-51000
2012/10/18,0,0,0,0
2012/10/19,0,0,-5000,-5000
2012/10/22,0,0,-111000,-111000
2012/10/23,0,0,-15000,-15000
2012/10/24,0,4000,0,4000
2012/10/25,0,0,-60000,-60000
2012/10/26,0,0,-35000,-35000
2012/10/29,0,3000,-111000,-108000
2012/10/30,0,44000,-21000,23000
2012/10/31,0,0,-73000,-73000
2012/11/01,0,0,-41000,-41000
2012/11/02,0,0,-98000,-98000
2012/11/05,0,28000,0,28000
2012/11/06,0,1000,-52000,-51000
2012/11/07,0,0,0,0
2012/11/08,0,0,-118000,-118000
2012/11/09,0,0,-53000,-53000
2012/11/12,0,0,-137000,-137000
2012/11/13,0,28000,-58000,-30000
2012/11/14,0,0,-4000,-4000
2012/11/15,0,0,0,0
2012/11/16,0,0,-26000,-26000
2012/11/19,0,4000,0,4000
2012/11/20,0,0,-1000,-1000
2012/11/21,0,0,-22000,-22000
2012/11/22,0,0,0,0
2012/11/23,0,0,0,0
2012/11/26,0,0,0,0
2012/11/27,0,0,0,0
2012/11/28,0,6000,0,6000
2012/11/29,0,16000,0,16000
2012/11/30,0,9000,0,9000
2012/12/03,0,22000,0,22000
2012/12/04,0,8000,0,8000
2012/12/05,0,30000,-2000,28000
2012/12/06,0,4000,-4000,0
2012/12/07,0,4000,-4000,0
2012/12/10,0,50000,-2000,48000
2012/12/11,0,63000,0,63000
2012/12/12,0,25000,0,25000
2012/12/13,0,0,-48000,-48000
2012/12/14,0,10000,-12000,-2000
2012/12/17,0,31000,-1000,30000
2012/12/18,0,26000,-9000,17000
2012/12/19,0,0,-152000,-152000
2012/12/20,0,0,-11000,-11000
2012/12/21,0,81000,-51000,30000
2012/12/24,0,30000,-61000,-31000
2012/12/25,0,24000,0,24000
2012/12/26,0,0,-224000,-224000
2012/12/27,0,0,-1000,-1000
2012/12/28,0,0,0,0
2012/12/31,0,0,0,0
2013/01/01,0,0,0,0
2013/01/02,0,0,0,0
2013/01/03,0,0,-1000,-1000
2013/01/04,0,0,-27000,-27000
2013/01/07,0,0,-13000,-13000
2013/01/08,0,0,0,0
2013/01/09,0,0,0,0
2013/01/10,0,10000,0,10000
2013/01/11,0,0,-32000,-32000
2013/01/14,0,0,-17000,-17000
2013/01/15,0,0,-63000,-63000
2013/01/16,0,0,-28000,-28000
2013/01/17,0,60000,-6000,54000
2013/01/18,0,0,-2000,-2000
2013/01/21,0,101000,-10000,91000
2013/01/22,0,0,-10000,-10000
2013/01/23,0,0,0,0
2013/01/24,0,0,-77000,-77000
2013/01/25,0,0,-11000,-11000
2013/01/28,0,28000,0,28000
2013/01/29,0,26000,-12000,14000
2013/01/30,0,6000,-30000,-24000
2013/01/31,0,76000,-2000,74000
2013/02/01,0,1000,-76000,-75000
2013/02/04,0,2000,-10000,-8000
2013/02/05,0,0,0,0
2013/02/06,0,0,-2000,-2000
2013/02/07,0,0,0,0
2013/02/08,0,0,0,0
2013/02/11,0,0,0,0
2013/02/12,0,0,0,0
2013/02/13,0,0,0,0
2013/02/14,0,0,0,0
2013/02/15,0,0,0,0
2013/02/18,0,28000,-32000,-4000
2013/02/19,0,2000,-44000,-42000
2013/02/20,0,0,0,0
2013/02/21,0,0,0,0
2013/02/22,0,0,0,0
2013/02/25,0,9000,-12000,-3000
2013/02/26,0,0,0,0
2013/02/27,0,0,0,0
2013/02/28,0,0,0,0
2013/03/01,0,0,-12000,-12000
2013/03/04,0,37000,0,37000
2013/03/05,0,188000,0,188000
2013/03/06,0,0,0,0
2013/03/07,0,0,0,0
2013/03/08,0,0,0,0
2013/03/11,0,0,0,0
2013/03/12,0,0,0,0
2013/03/13,0,0,-10000,-10000
2013/03/14,0,5000,-67000,-62000
2013/03/15,0,50000,-48000,2000
2013/03/18,0,0,0,0
2013/03/19,0,0,0,0
2013/03/20,0,0,-217000,-217000
2013/03/21,0,0,-1000,-1000
2013/03/22,0,0,-8000,-8000
2013/03/25,0,0,0,0
2013/03/26,0,0,0,0
2013/03/27,0,0,0,0
2013/03/28,0,0,0,0
2013/03/29,0,0,0,0
2013/04/01,0,31000,-3000,28000
2013/04/02,0,0,0,0
2013/04/03,0,200000,0,200000
2013/04/04,0,0,0,0
2013/04/05,0,0,0,0
2013/04/08,0,54000,-44000,10000
2013/04/09,0,305000,-15000,290000
2013/04/10,0,360000,-67000,293000
2013/04/11,0,100000,0,100000
2013/04/12,0,200000,-10000,190000
2013/04/15,0,80000,-4000,76000
2013/04/16,0,6000,-43000,-37000
2013/04/17,0,105000,-86000,19000
2013/04/18,0,840000,-54000,786000
2013/04/19,0,156000,0,156000
2013/04/22,0,102000,-100000,2000
2013/04/23,0,207000,-887000,-680000
2013/04/24,0,585000,-290000,295000
2013/04/25,0,0,-213000,-213000
2013/04/26,0,275000,-60000,215000
2013/04/29,0,158000,-62000,96000
2013/04/30,0,0,-94000,-94000
2013/05/01,0,0,0,0
2013/05/02,0,0,-63000,-63000
2013/05/03,0,300000,0,300000
2013/05/06,0,1200000,-50000,1150000
2013/05/07,0,1770000,-800000,970000
2013/05/08,0,191000,-53000,138000
2013/05/09,0,22000,-12000,10000
2013/05/10,0,57000,0,57000
2013/05/13,0,801000,0,801000
2013/05/14,0,738000,-38000,700000
2013/05/15,0,925000,-10000,915000
2013/05/16,0,0,0,0
2013/05/17,0,277000,-1100000,-823000
2013/05/20,0,50000,-1870000,-1820000
2013/05/21,0,0,-53000,-53000
2013/05/22,0,2671000,-11000,2660000
2013/05/23,0,2633000,-541000,2092000
2013/05/24,0,200000,-1244000,-1044000
2013/05/27,0,1153000,-26000,1127000
2013/05/28,0,250000,-113000,137000
2013/05/29,0,317000,-3061000,-2744000
2013/05/30,0,3000,-4072000,-4069000
2013/05/31,0,300000,0,300000
2013/06/03,0,1357000,0,1357000
2013/06/04,0,476000,-1206000,-730000
2013/06/05,0,0,-302000,-302000
2013/06/06,0,73000,-307000,-234000
2013/06/07,0,579000,-932000,-353000
2013/06/10,0,401000,-1233000,-832000
2013/06/11,0,0,-76000,-76000
2013/06/12,0,0,0,0
2013/06/13,0,0,-1012000,-1012000
2013/06/14,0,7000,-103000,-96000
2013/06/17,0,0,0,0
2013/06/18,0,302000,0,302000
2013/06/19,0,300000,-250000,50000
2013/06/20,0,320105,-38000,282105
2013/06/21,0,294000,-254000,40000
2013/06/24,0,100000,-350000,-250000
2013/06/25,0,64000,-52000,12000
2013/06/26,0,0,-400000,-400000
2013/06/27,0,34000,-9000,25000
2013/06/28,0,0,-26000,-26000
2013/07/01,0,380000,-12000,368000
2013/07/02,0,269000,-1000,268000
2013/07/03,0,70000,-125000,-55000
2013/07/04,0,162000,-50000,112000
2013/07/05,0,79000,-100000,-21000
2013/07/08,0,5000,-225000,-220000
2013/07/09,0,0,-1000,-1000
2013/07/10,0,66000,-278000,-212000
2013/07/11,0,157000,0,157000
2013/07/12,0,1000,-8000,-7000
2013/07/15,0,11000,0,11000
2013/07/16,0,24000,-74000,-50000
2013/07/17,0,1000,-281000,-280000
2013/07/18,0,0,0,0
2013/07/19,0,54000,-13000,41000
2013/07/22,0,41000,0,41000
2013/07/23,0,110000,-10000,100000
2013/07/24,0,0,-22000,-22000
2013/07/25,0,65000,0,65000
2013/07/26,0,76000,0,76000
2013/07/29,0,54000,-237000,-183000
2013/07/30,0,54000,-16000,38000
2013/07/31,0,110000,0,110000
2013/08/01,0,0,-253000,-253000
2013/08/02,0,11000,0,11000
2013/08/05,0,0,0,0
2013/08/06,0,47000,-22000,25000
2013/08/07,0,14000,-60000,-46000
2013/08/08,0,6000,-148000,-142000
2013/08/09,0,0,-10000,-10000
2013/08/12,0,0,0,0
2013/08/13,0,0,-43000,-43000
2013/08/14,0,36000,-72000,-36000
2013/08/15,0,6000,-16000,-10000
2013/08/16,0,0,-58000,-58000
2013/08/19,0,0,-6000,-6000
2013/08/20,0,0,-9000,-9000
2013/08/21,0,0,0,0
2013/08/22,0,0,-47000,-47000
2013/08/23,0,0,-17000,-17000
2013/08/26,0,0,0,0
2013/08/27,0,0,-1000,-1000
2013/08/28,0,0,0,0
2013/08/29,0,0,-10000,-10000
2013/08/30,0,0,0,0
2013/09/02,0,0,0,0
2013/09/03,0,0,0,0
2013/09/04,0,0,0,0
2013/09/05,0,15000,-6000,9000
2013/09/06,0,169000,-5000,164000
2013/09/09,0,0,0,0
2013/09/10,0,0,0,0
2013/09/11,0,0,0,0
2013/09/12,0,3565000,-31000,3534000
2013/09/13,0,100000,-565000,-465000
2013/09/16,0,150000,0,150000
2013/09/17,0,380000,0,380000
2013/09/18,0,122000,-380000,-258000
2013/09/19,0,0,0,0
2013/09/20,0,0,0,0
2013/09/23,0,100000,0,100000
2013/09/24,0,360000,-1200000,-840000
2013/09/25,0,0,-400000,-400000
2013/09/26,0,140000,-200000,-60000
2013/09/27,0,100000,0,100000
2013/09/30,0,0,0,0
2013/10/01,0,100000,0,100000
2013/10/02,0,0,-41000,-41000
2013/10/03,0,200000,0,200000
2013/10/04,0,57000,-14000,43000
2013/10/07,0,579000,-300000,279000
2013/10/08,0,14000,-750000,-736000
2013/10/09,0,170000,-194000,-24000
2013/10/10,0,0,0,0
2013/10/11,0,22000,-770000,-748000
2013/10/14,0,110000,-123000,-13000
2013/10/15,0,85000,-10000,75000
2013/10/16,0,44000,-219000,-175000
2013/10/17,0,21000,-160000,-139000
2013/10/18,0,4000,0,4000
2013/10/21,0,943000,-10000,933000
2013/10/22,0,0,-272000,-272000
2013/10/23,0,124000,-231000,-107000
2013/10/24,0,299000,0,299000
2013/10/25,0,175000,-182000,-7000
2013/10/28,0,40000,-5000,35000
2013/10/29,0,0,-3000,-3000
2013/10/30,0,5000,-45000,-40000
2013/10/31,0,1983000,0,1983000
2013/11/01,0,26000,-270000,-244000
2013/11/04,0,429000,-720000,-291000
2013/11/05,0,0,-603000,-603000
2013/11/06,0,72000,0,72000
2013/11/07,0,365000,-17000,348000
2013/11/08,0,0,-90000,-90000
2013/11/11,0,21000,-47000,-26000
2013/11/12,0,56000,-7000,49000
2013/11/13,0,2000,-50000,-48000
2013/11/14,0,76000,0,76000
2013/11/15,0,19000,-20000,-1000
2013/11/18,0,0,-24000,-24000
2013/11/19,0,546000,-719000,-173000
2013/11/20,0,0,-210000,-210000
2013/11/21,0,41000,-146000,-105000
2013/11/22,0,287000,-121000,166000
2013/11/25,0,49000,0,49000
2013/11/26,0,270000,0,270000
2013/11/27,0,100000,-269000,-169000
2013/11/28,0,672000,-78000,594000
2013/11/29,0,102000,-190000,-88000
2013/12/02,0,0,-149000,-149000
2013/12/03,0,28000,-248000,-220000
2013/12/04,0,3000,-30000,-27000
2013/12/05,0,0,-157000,-157000
2013/12/06,0,49000,-484000,-435000
2013/12/09,0,9000,-7000,2000
2013/12/10,0,291000,-22000,269000
2013/12/11,0,595000,-63000,532000
2013/12/12,0,1311000,-316000,995000
2013/12/13,0,1289000,-41000,1248000
2013/12/16,0,2481000,-2579000,-98000
2013/12/17,0,603000,-672000,-69000
2013/12/18,0,236000,-429000,-193000
2013/12/19,0,215000,-121000,94000
2013/12/20,0,395000,-835000,-440000
2013/12/23,0,573000,-166000,407000
2013/12/24,0,309000,-37000,272000
2013/12/25,0,414000,-245000,169000
2013/12/26,0,159000,-80000,79000
2013/12/27,0,70000,-219000,-149000
2013/12/30,0,3421000,-65000,3356000
2013/12/31,0,2077000,-3749000,-1672000
2014/01/02,0,719000,-1195000,-476000
2014/01/03,0,3081000,-710000,2371000
2014/01/06,0,937000,-2599000,-1662000
2014/01/07,0,321000,-977000,-656000
2014/01/08,0,736000,-395000,341000
2014/01/09,0,329000,-682000,-353000
2014/01/10,0,133000,-225000,-92000
2014/01/13,0,613000,-80000,533000
2014/01/14,0,225000,-742000,-517000
2014/01/15,0,4024000,-368000,3656000
2014/01/16,0,6652002,-3018000,3634002
2014/01/17,0,703000,-6297000,-5594000
2014/01/20,0,537000,-533000,4000
2014/01/21,0,168000,-1567000,-1399000
2014/01/22,0,155000,-182000,-27000
2014/01/23,0,250000,-295000,-45000
2014/01/24,0,163000,-555000,-392000
2014/01/27,0,82000,-695000,-613000
2014/02/05,0,1266000,-323000,943000
2014/02/06,0,7184000,-909000,6275000
2014/02/07,0,331000,-3241000,-2910000
2014/02/10,0,1279000,-356000,923000
2014/02/11,0,506000,-547000,-41000
2014/02/12,0,917000,-531000,386000
2014/02/13,0,3803000,-1004000,2799000
2014/02/14,0,180000,-2839000,-2659000
2014/02/17,0,185000,-1100000,-915000
2014/02/18,0,163000,-8000,155000
2014/02/19,0,121000,-38000,83000
2014/02/20,0,1059000,-228000,831000
2014/02/21,0,3404769,-595000,2809769
2014/02/24,0,393000,-2154000,-1761000
2014/02/25,0,262231,-502000,-239769
2014/02/26,0,1314000,-357000,957000
2014/02/27,0,3319000,-1832000,1487000
2014/03/03,0,788000,-1728000,-940000
2014/03/04,0,445000,-1119000,-674000
2014/03/05,0,268000,-1223000,-955000
2014/03/06,0,62000,-87000,-25000
2014/03/07,0,1048000,-1910000,-862000
2014/03/10,0,271000,-1284000,-1013000
2014/03/11,0,78000,-343000,-265000
2014/03/12,0,115000,-469000,-354000
2014/03/13,0,113000,-329000,-216000
2014/03/14,0,55000,-546000,-491000
2014/03/17,0,10000,-366000,-356000
2014/03/18,0,271000,-238000,33000
2014/03/19,0,390000,-39000,351000
2014/03/20,0,130000,-896000,-766000
2014/03/21,0,228000,-958000,-730000
2014/03/24,0,357000,-1855000,-1498000
2014/03/25,0,217000,-71000,146000
2014/03/26,0,262000,-238000,24000
2014/03/27,0,1418000,-85000,1333000
2014/03/28,0,246000,-776000,-530000
2014/03/31,0,98000,-418000,-320000
2014/04/01,0,1079000,-91000,988000
2014/04/02,0,68000,-1085000,-1017000
2014/04/03,0,49000,-108000,-59000
2014/04/07,0,829000,-174000,655000
2014/04/08,0,23000,-819000,-796000
2014/04/09,0,38000,-117000,-79000
2014/04/10,0,71000,-1602000,-1531000
2014/04/11,0,134000,-381000,-247000
2014/04/14,0,12000,-732000,-720000
2014/04/15,0,95000,-273000,-178000
2014/04/16,0,356000,-141000,215000
2014/04/17,0,9738000,-101000,9637000
2014/04/18,0,368000,-5091000,-4723000
2014/04/21,0,2980000,-1018000,1962000
2014/04/22,0,580000,-1155000,-575000
2014/04/23,0,1008000,-1014000,-6000
2014/04/24,0,5211000,-533000,4678000
2014/04/25,0,2863000,-4177000,-1314000
2014/04/28,0,576000,-2614000,-2038000
2014/04/29,0,5633000,-1923000,3710000
2014/04/30,0,4408000,-2936000,1472000
2014/05/02,0,3673000,-2746000,927000
2014/05/05,0,8993000,-3271000,5722000
2014/05/06,0,2261000,-6177000,-3916000
2014/05/07,0,4670000,-1725793,2944207
2014/05/08,0,3353000,-3527000,-174000
2014/05/09,0,1619000,-2088000,-469000
2014/05/12,0,1725000,-766000,959000
2014/05/13,0,2160000,-936000,1224000
2014/05/14,0,387000,-1595000,-1208000
2014/05/15,0,8798000,-420000,8378000
2014/05/16,0,310000,-4271000,-3961000
2014/05/19,0,814000,-1968000,-1154000
2014/05/20,0,463000,-1148000,-685000
2014/05/21,0,407000,-1016000,-609000
2014/05/22,0,4061000,-586000,3475000
2014/05/23,0,1262000,-1678000,-416000
2014/05/26,0,6081300,-600000,5481300
2014/05/27,0,7684000,-6148000,1536000
2014/05/28,0,876000,-4551000,-3675000
2014/05/29,0,11414000,-1138000,10276000
2014/05/30,0,5838000,-10143000,-4305000
2014/06/03,0,1274000,-3439000,-2165000
2014/06/04,0,3065000,-1114000,1951000
2014/06/05,0,1649000,-6050000,-4401000
2014/06/06,0,4011000,-4676000,-665000
2014/06/09,0,1527000,-4783000,-3256000
2014/06/10,0,1000000,-2527000,-1527000
2014/06/11,0,4231000,-179000,4052000
2014/06/12,0,1084000,-3070000,-1986000
2014/06/13,0,220000,-1880000,-1660000
2014/06/16,0,9942000,-1109000,8833000
2014/06/17,0,2097000,-8990000,-6893000
2014/06/18,0,3503000,-2858000,645000
2014/06/19,0,848000,-1673000,-825000
2014/06/20,0,108000,-1280000,-1172000
2014/06/23,0,652000,-4632000,-3980000
2014/06/24,0,612000,-1125000,-513000
2014/06/25,0,403000,-1045000,-642000
2014/06/26,0,831000,-738000,93000
2014/06/27,0,370000,-619000,-249000
2014/06/30,0,4734000,-224000,4510000
2014/07/01,0,795000,-2479000,-1684000
2014/07/02,0,7840000,-3863000,3977000
2014/07/03,0,4123000,-7345000,-3222000
2014/07/04,0,440000,-2846000,-2406000
2014/07/07,0,933000,-1455000,-522000
2014/07/08,0,1873000,-1687000,186000
2014/07/09,0,583000,-1735000,-1152000
2014/07/10,0,602000,-614000,-12000
2014/07/11,0,793000,-5611000,-4818000
2014/07/14,0,329000,-4265000,-3936000
2014/07/15,0,570000,-281000,289000
2014/07/16,0,397000,-427000,-30000
2014/07/17,0,314000,-2519000,-2205000
2014/07/18,0,338000,-817000,-479000
2014/07/21,0,206000,-805000,-599000
2014/07/22,0,3383000,-198000,3185000
2014/07/23,0,0,0,0
2014/07/24,0,268000,-1145000,-877000
2014/07/25,0,395000,-761000,-366000
2014/07/28,0,167000,-63000,104000
2014/07/29,0,650000,-3239000,-2589000
2014/07/30,0,736000,-859000,-123000
2014/07/31,0,714000,-680000,34000
2014/08/01,0,677000,-859000,-182000
2014/08/04,0,1309000,-1114000,195000
2014/08/05,0,265000,-722000,-457000
2014/08/06,0,170000,-1321000,-1151000
2014/08/07,0,110000,-2305000,-2195000
2014/08/08,0,419000,-1780000,-1361000
2014/08/11,0,2268000,-35000,2233000
2014/08/12,0,158000,-580000,-422000
2014/08/13,0,90000,-193000,-103000
2014/08/14,0,1042000,-261000,781000
2014/08/15,0,849000,-335000,514000
2014/08/18,0,229000,-316000,-87000
2014/08/19,0,779000,-96000,683000
2014/08/20,0,2876000,-342000,2534000
2014/08/21,0,511000,-2598000,-2087000
2014/08/22,0,1621000,-747000,874000
2014/08/25,0,1774000,-282000,1492000
2014/08/26,0,263000,-929000,-666000
2014/08/27,0,154000,-197000,-43000
2014/08/28,0,410000,-65000,345000
2014/08/29,0,1049000,-3263000,-2214000
2014/09/01,0,326000,-140000,186000
2014/09/02,0,27000,-513000,-486000
2014/09/03,0,214000,-2095000,-1881000
2014/09/04,0,560000,-271000,289000
2014/09/05,0,214000,-73000,141000
2014/09/09,0,47000,-130000,-83000
2014/09/10,0,9000,-657000,-648000
2014/09/11,0,14000,-123000,-109000
2014/09/12,0,34000,-1388000,-1354000
2014/09/15,0,72000,-901000,-829000
2014/09/16,0,98000,-1192000,-1094000
2014/09/17,0,385000,-203000,182000
2014/09/18,0,105000,-20000,85000
2014/09/19,0,177000,-41000,136000
2014/09/22,0,56000,-594000,-538000
2014/09/23,0,107000,-72000,35000
2014/09/24,0,178000,-59000,119000
2014/09/25,0,270000,-321484,-51484
2014/09/26,0,84000,-105000,-21000
2014/09/29,0,13000,-180000,-167000
2014/09/30,0,984000,-398000,586000
2014/10/01,0,1460000,-316000,1144000
2014/10/02,0,1276000,-1109000,167000
2014/10/03,0,92000,-664000,-572000
2014/10/06,0,297000,-974000,-677000
2014/10/07,0,91000,-801000,-710000
2014/10/08,0,11000,-47000,-36000
2014/10/09,0,57000,-703000,-646000
2014/10/13,0,254000,-925000,-671000
2014/10/14,0,26000,-157000,-131000
2014/10/15,0,194000,-42000,152000
2014/10/16,0,306000,-310000,-4000
2014/10/17,0,152000,-410000,-258000
2014/10/20,0,92000,-19000,73000
2014/10/21,0,136000,-19000,117000
2014/10/22,0,157000,-13000,144000
2014/10/23,0,0,-31000,-31000
2014/10/24,0,65000,-164000,-99000
2014/10/27,0,119000,-28000,91000
2014/10/28,0,583000,-439000,144000
2014/10/29,0,1215000,-655000,560000
2014/10/30,0,1332000,-377000,955000
2014/10/31,0,4283000,-372000,3911000
2014/11/03,0,2098000,-447000,1651000
2014/11/04,0,1790000,-1096000,694000
2014/11/05,0,1195000,-2377000,-1182000
2014/11/06,0,805000,-2203000,-1398000
2014/11/07,0,2469000,-807000,1662000
2014/11/10,0,1000000,-2421000,-1421000
2014/11/11,0,202000,-384000,-182000
2014/11/12,0,3741000,-415000,3326000
2014/11/13,0,1224000,-3067000,-1843000
2014/11/14,0,2495000,-577000,1918000
2014/11/17,0,686000,-1135000,-449000
2014/11/18,0,286000,-3626000,-3340000
2014/11/19,0,1574000,-666000,908000
2014/11/20,0,1203000,-981000,222000
2014/11/21,0,3379000,-394000,2985000
2014/11/24,0,3053000,-1758000,1295000
2014/11/25,0,1566000,-1021000,545000
2014/11/26,0,810000,-1197000,-387000
2014/11/27,0,3412000,-381000,3031000
2014/11/28,0,587000,-3910000,-3323000
2014/12/01,0,415000,-1118000,-703000
2014/12/02,0,313000,-2712000,-2399000
2014/12/03,0,591000,-1107000,-516000
2014/12/04,0,2067000,-846000,1221000
2014/12/05,0,283000,-1205000,-922000
2014/12/08,0,129000,-417000,-288000
2014/12/09,0,480000,-713000,-233000
2014/12/10,0,1869000,-453000,1416000
2014/12/11,0,12119000,-1636000,10483000
2014/12/12,0,961000,-6975000,-6014000
2014/12/15,0,423000,-1324000,-901000
2014/12/16,0,248000,-1151000,-903000
2014/12/17,0,517000,-784000,-267000
2014/12/18,0,334000,-954000,-620000
2014/12/19,0,368000,-1595000,-1227000
2014/12/22,0,688000,-377000,311000
2014/12/23,0,1080000,-388000,692000
2014/12/24,0,2631000,-980000,1651000
2014/12/25,0,8656000,-2250000,6406000
2014/12/26,0,539000,-5480000,-4941000
2014/12/29,0,1969000,-1732000,237000
2014/12/30,0,3902000,-3978000,-76000
2014/12/31,0,944000,-3147000,-2203000
2015/01/01,0,0,0,0
2015/01/02,0,0,0,0
2015/01/05,0,10146000,-1138000,9008000
2015/01/06,0,1370000,-6298000,-4928000
2015/01/07,0,656000,-4223000,-3567000
2015/01/08,0,1276000,-1150000,126000
2015/01/09,0,2008000,-1197877,810123
2015/01/12,0,281000,-2284000,-2003000
2015/01/13,0,336000,-1748000,-1412000
2015/01/14,0,1476000,-2113000,-637000
2015/01/15,0,5138000,-748000,4390000
2015/01/16,0,340000,-3818176,-3478176
2015/01/19,0,340000,-1979000,-1639000
2015/01/20,0,833000,-2160000,-1327000
2015/01/21,0,396000,-495105,-99105
2015/01/22,0,174000,-347000,-173000
2015/01/23,0,188499,-154000,34499
2015/01/26,0,155000,-43000,112000
2015/01/27,0,773000,-121000,652000
2015/01/28,0,173000,-620000,-447000
2015/01/29,0,218000,-393000,-175000
2015/01/30,0,300000,-70000,230000
2015/02/02,0,148000,-761000,-613000
2015/02/03,0,1200000,-314000,886000
2015/02/04,0,13229000,-653106,12575894
2015/02/05,0,1012000,-8432106,-7420106
2015/02/06,0,475000,-2030000,-1555000
2015/02/09,0,78000,-905000,-827000
2015/02/10,0,320000,-2150000,-1830000
2015/02/11,0,96000,-1022000,-926000
2015/02/12,0,233000,-1008000,-775000
2015/02/13,0,50000,-1215000,-1165000
2015/02/16,0,0,0,0
2015/02/17,0,0,0,0
2015/02/18,0,0,0,0
2015/02/19,0,0,0,0
2015/02/20,0,0,0,0
2015/02/23,0,0,0,0
2015/02/24,0,511000,-325000,186000
2015/02/25,0,1650000,-375070,1274930
2015/02/26,0,221000,-944000,-723000
2015/02/27,0,0,0,0
2015/03/02,0,576000,-273000,303000
2015/03/03,0,290000,-495000,-205000
2015/03/04,0,312000,-99000,213000
2015/03/05,0,55000,-48070,6930
2015/03/06,0,458000,-316000,142000
2015/03/09,0,457000,-196000,261000
2015/03/10,0,243000,-630403,-387403
2015/03/11,0,482000,-444000,38000
2015/03/12,0,3963000,-926000,3037000
2015/03/13,0,301000,-3614000,-3313000
2015/03/16,0,2885000,-66000,2819000
2015/03/17,0,167000,-2439071,-2272071
2015/03/18,0,3050617,-276000,2774617
2015/03/19,0,883000,-3196000,-2313000
2015/03/20,0,541000,-1224000,-683000
2015/03/23,0,3926000,-700000,3226000
2015/03/24,0,290000,-2602000,-2312000
2015/03/25,0,2488000,-1517000,971000
2015/03/26,0,427000,-2472000,-2045000
2015/03/27,0,302000,-1153000,-851000
2015/03/30,0,334000,-324000,10000
2015/03/31,0,193000,-285000,-92000
2015/04/01,0,114000,-346000,-232000
2015/04/02,0,115000,-384000,-269000
2015/04/03,0,0,0,0
2015/04/06,0,0,0,0
2015/04/07,0,120000,-288000,-168000
2015/04/08,0,30000,-694000,-664000
2015/04/09,0,147000,-180000,-33000
2015/04/10,0,51000,-820000,-769000
2015/04/13,0,777000,-125000,652000
2015/04/14,0,2117000,-318000,1799000
2015/04/15,0,439000,-1037000,-598000
2015/04/16,0,1438000,-624000,814000
2015/04/17,0,371000,-629000,-258000
2015/04/20,0,113000,-647000,-534000
2015/04/21,0,172000,-887000,-715000
2015/04/22,0,436000,-82000,354000
2015/04/23,0,821000,-321000,500000
2015/04/24,0,770000,-419000,351000
2015/04/27,0,581000,-121000,460000
2015/04/28,0,187000,-14077,172923
2015/04/29,0,481000,-1629000,-1148000
2015/04/30,0,172000,-275000,-103000
2015/05/01,0,0,0,0
2015/05/04,0,86000,-77000,9000
2015/05/05,0,76000,-701000,-625000
2015/05/06,0,166000,-314000,-148000
2015/05/07,0,112000,-35000,77000
2015/05/08,0,76000,-137000,-61000
2015/05/11,0,75000,-1520000,-1445000
2015/05/12,0,261000,-952000,-691000
2015/05/13,0,365000,-203000,162000
2015/05/14,0,816000,-261000,555000
2015/05/15,0,105000,-276000,-171000
2015/05/18,0,180000,-269000,-89000
2015/05/19,0,63000,-103000,-40000
2015/05/20,0,1340000,-237000,1103000
2015/05/21,0,137000,-562000,-425000
2015/05/22,0,270000,-202000,68000
2015/05/25,0,278000,-151000,127000
2015/05/26,0,202000,-79000,123000
2015/05/27,0,161000,-132000,29000
2015/05/28,0,137000,-183000,-46000
2015/05/29,0,276000,-145000,131000
2015/06/01,0,221000,-500000,-279000
2015/06/02,0,49000,-185000,-136000
2015/06/03,0,108000,-225000,-117000
2015/06/04,0,79000,-293000,-214000
2015/06/05,0,388000,-747000,-359000
2015/06/08,0,130000,-1271000,-1141000
2015/06/09,0,276000,-804000,-528000
2015/06/10,0,288000,-566000,-278000
2015/06/11,0,71000,-59000,12000
2015/06/12,0,559000,-103000,456000
2015/06/15,0,121000,-297000,-176000
2015/06/16,0,140000,-222000,-82000
2015/06/17,0,587000,-534000,53000
2015/06/18,0,514000,-584000,-70000
2015/06/19,0,0,0,0
2015/06/22,0,310000,-240000,70000
2015/06/23,0,170000,-59000,111000
2015/06/24,0,42000,-121000,-79000
2015/06/25,0,187000,-13000,174000
2015/06/26,0,35000,-103000,-68000
2015/06/29,0,40000,-537000,-497000
2015/06/30,0,10000,-34000,-24000
2015/07/01,0,8000,-18000,-10000
2015/07/02,0,360000,-17000,343000
2015/07/03,0,239000,-19000,220000
2015/07/06,0,21000,-228000,-207000
2015/07/07,0,457000,-469000,-12000
2015/07/08,0,151000,-412000,-261000
2015/07/09,0,239000,-577000,-338000
2015/07/10,0,0,0,0
2015/07/13,0,55000,-214000,-159000
2015/07/14,0,561000,-641000,-80000
2015/07/15,0,66000,-238000,-172000
2015/07/16,0,90000,-99000,-9000
2015/07/17,0,62000,-174000,-112000
2015/07/20,0,12000,-61000,-49000
2015/07/21,0,101000,-49000,52000
2015/07/22,0,66000,-46000,20000
2015/07/23,0,41000,-250000,-209000
2015/07/24,0,36000,0,36000
2015/07/27,0,398000,-187000,211000
2015/07/28,0,428000,-11000,417000
2015/07/29,0,160000,-123000,37000
2015/07/30,0,1100000,-561000,539000
2015/07/31,0,396000,-805000,-409000
2015/08/03,0,135000,-451000,-316000
2015/08/04,0,371000,-205000,166000
2015/08/05,0,200000,-45000,155000
2015/08/06,0,53000,-234000,-181000
2015/08/07,0,252000,-73000,179000
2015/08/10,0,859000,-102000,757000
2015/08/11,0,25000,-1170000,-1145000
2015/08/12,0,368000,-366000,2000
2015/08/13,0,894000,-265000,629000
2015/08/14,0,153000,-635000,-482000
2015/08/17,0,9000,-368000,-359000
2015/08/18,0,0,-88000,-88000
2015/08/19,0,84000,-389000,-305000
2015/08/20,0,59000,-88000,-29000
2015/08/21,0,231000,-124000,107000
2015/08/24,0,393000,-451000,-58000
2015/08/25,0,13000,-39000,-26000
2015/08/26,0,49000,-100000,-51000
2015/08/27,0,148000,-159000,-11000
2015/08/28,0,269000,-66000,203000
2015/08/31,0,52000,-106000,-54000
2015/09/01,0,44000,-245000,-201000
2015/09/02,0,458000,-217000,241000
2015/09/03,0,2149000,-359836,1789164
2015/09/04,0,488000,-1242000,-754000
2015/09/07,0,149000,-326000,-177000
2015/09/08,0,199000,-91000,108000
2015/09/09,0,178000,-481000,-303000
2015/09/10,0,73000,-189000,-116000
2015/09/11,0,48000,-203000,-155000
2015/09/14,0,216000,-184000,32000
2015/09/15,0,618000,-113000,505000
2015/09/16,0,114000,-408000,-294000
2015/09/17,0,29000,-229000,-200000
2015/09/18,0,4261000,-57000,4204000
2015/09/21,0,226000,-2871000,-2645000
2015/09/22,0,1942000,-758000,1184000
2015/09/23,0,90000,-2231000,-2141000
2015/09/24,0,9000,-948000,-939000
2015/09/25,0,106000,-92000,14000
2015/09/28,0,0,0,0
2015/09/29,0,0,0,0
2015/09/30,0,12000,-52000,-40000
2015/10/01,0,120000,-10000,110000
2015/10/02,0,1178000,-82000,1096000
2015/10/05,0,903000,-406000,497000
2015/10/06,0,42000,-497392,-455392
2015/10/07,0,67000,-227000,-160000
2015/10/08,0,151000,-96000,55000
2015/10/09,0,0,0,0
2015/10/12,0,602000,-85000,517000
2015/10/13,0,35000,-312000,-277000
2015/10/14,0,1788000,-301000,1487000
2015/10/15,0,290000,-937000,-647000
2015/10/16,0,1067000,-354000,713000
2015/10/19,0,188000,-1088000,-900000
2015/10/20,0,337000,-360000,-23000
2015/10/21,0,267000,-1546000,-1279000
2015/10/22,0,385000,-78000,307000
2015/10/23,0,1393000,-593000,800000
2015/10/26,0,2569000,-399000,2170000
2015/10/27,0,816000,-1217000,-401000
2015/10/28,0,79000,-1119000,-1040000
2015/10/29,0,338000,-316000,22000
2015/10/30,0,99000,-185000,-86000
2015/11/02,0,857000,-118000,739000
2015/11/03,0,180000,-734000,-554000
2015/11/04,0,525000,-189000,336000
2015/11/05,0,71000,-702000,-631000
2015/11/06,0,39000,-50000,-11000
2015/11/09,0,22000,-170000,-148000
2015/11/10,0,5000,-133000,-128000
2015/11/11,0,117000,-143000,-26000
2015/11/12,0,45000,-153000,-108000
2015/11/13,0,50000,-80000,-30000
2015/11/16,0,35000,-252000,-217000
2015/11/17,0,119000,-120000,-1000
2015/11/18,0,825000,-1070000,-245000
2015/11/19,0,113000,-524000,-411000
2015/11/20,0,746000,-305000,441000
2015/11/23,0,206000,-445000,-239000
2015/11/24,0,59000,-141000,-82000
2015/11/25,0,702000,-398000,304000
2015/11/26,0,146000,-532000,-386000
2015/11/27,0,33000,-227000,-194000
2015/11/30,0,77000,-327000,-250000
2015/12/01,0,314000,-141000,173000
2015/12/02,0,86000,-66000,20000
2015/12/03,0,1064000,-220000,844000
2015/12/04,0,95000,-983000,-888000
2015/12/07,0,566000,-341000,225000
2015/12/08,0,55000,-295000,-240000
2015/12/09,0,57000,-115000,-58000
2015/12/10,0,23000,-157000,-134000
2015/12/11,0,47000,-138000,-91000
2015/12/14,0,180000,-50000,130000
2015/12/15,0,1720000,-190000,1530000
2015/12/16,0,204000,-772000,-568000
2015/12/17,0,1705000,-414000,1291000
2015/12/18,0,541000,-1511000,-970000
2015/12/21,0,6476000,-727000,5749000
2015/12/22,0,395000,-3492000,-3097000
2015/12/23,0,178000,-1115000,-937000
2015/12/24,0,41000,-606000,-565000
2015/12/25,0,267000,-317000,-50000
2015/12/28,0,22000,-268000,-246000
2015/12/29,0,27000,-455000,-428000
2015/12/30,0,7000,-345000,-338000
2015/12/31,0,10000,-250000,-240000
2016/01/01,0,0,0,0
2016/01/04,0,0,-744000,-744000
2016/01/05,0,196000,-368000,-172000
2016/01/06,0,57000,-369000,-312000
2016/01/07,0,137000,-406000,-269000
2016/01/08,0,75000,-11000,64000
2016/01/11,0,86000,-71000,15000
2016/01/12,0,72000,-246000,-174000
2016/01/13,0,49000,-60000,-11000
2016/01/14,0,44000,-207000,-163000
2016/01/15,0,10000,-567000,-557000
2016/01/18,0,71000,-29000,42000
2016/01/19,0,940000,-33000,907000
2016/01/20,0,114000,-734000,-620000
2016/01/21,0,507000,-477000,30000
2016/01/22,0,359000,-493000,-134000
2016/01/25,0,288000,-203000,85000
2016/01/26,0,395000,-372000,23000
2016/01/27,0,581000,-187000,394000
2016/01/28,0,1407000,-62000,1345000
2016/01/29,0,1294000,-832000,462000
2016/02/01,0,159000,-634000,-475000
2016/02/02,0,319000,-484000,-165000
2016/02/03,0,91000,-1227000,-1136000
2016/02/04,0,0,0,0
2016/02/05,0,0,0,0
2016/02/08,0,0,0,0
2016/02/09,0,0,0,0
2016/02/10,0,0,0,0
2016/02/11,0,0,0,0
2016/02/12,0,0,0,0
2016/02/15,0,2590000,-167000,2423000
2016/02/16,0,893000,-837000,56000
2016/02/17,0,179000,-1056000,-877000
2016/02/18,0,105000,-484000,-379000
2016/02/19,0,32000,-91000,-59000
2016/02/22,0,1709000,-39000,1670000
2016/02/23,0,312000,-1249000,-937000
2016/02/24,0,118000,-392000,-274000
2016/02/25,0,82000,-145000,-63000
2016/02/26,0,82000,-606000,-524000
2016/02/29,0,0,0,0
2016/03/01,0,1805000,-233000,1572000
2016/03/02,0,300000,-1792000,-1492000
2016/03/03,0,107000,-775000,-668000
2016/03/04,0,74000,-172000,-98000
2016/03/07,0,370000,-76000,294000
2016/03/08,0,677000,-199000,478000
2016/03/09,0,180000,-454000,-274000
2016/03/10,0,95000,-184000,-89000
2016/03/11,0,705000,-184000,521000
2016/03/14,0,754000,-119000,635000
2016/03/15,0,226000,-657000,-431000
2016/03/16,0,448000,-177000,271000
2016/03/17,0,415000,-124000,291000
2016/03/18,0,185000,-61000,124000
2016/03/21,0,84000,-209000,-125000
2016/03/22,0,420000,-353000,67000
2016/03/23,0,991000,-134000,857000
2016/03/24,0,231000,-572000,-341000
2016/03/25,0,125000,-832000,-707000
2016/03/28,0,383000,-388000,-5000
2016/03/29,0,390000,-605000,-215000
2016/03/30,0,1369000,-295000,1074000
2016/03/31,0,1030000,-1470000,-440000
2016/04/01,0,137000,-1957000,-1820000
2016/04/04,0,0,0,0
2016/04/05,0,0,0,0
2016/04/06,0,1213000,-52000,1161000
2016/04/07,0,257000,-957000,-700000
2016/04/08,0,337000,-476000,-139000
2016/04/11,0,179000,-403000,-224000
2016/04/12,0,283000,-258000,25000
2016/04/13,0,827000,-298000,529000
2016/04/14,0,147000,-244000,-97000
2016/04/15,0,34000,-480000,-446000
2016/04/18,0,126000,-122000,4000
2016/04/19,0,155000,-330000,-175000
2016/04/20,0,782000,-406000,376000
2016/04/21,0,88000,-715000,-627000
2016/04/22,0,133000,-175000,-42000
2016/04/25,0,252000,-159000,93000
2016/04/26,0,164000,-183000,-19000
2016/04/27,0,180000,-219000,-39000
2016/04/28,0,78000,-217000,-139000
2016/04/29,0,28000,-309000,-281000
2016/05/02,0,0,0,0
2016/05/03,0,151000,-77000,74000
2016/05/04,0,147000,-434000,-287000
2016/05/05,0,187000,-72000,115000
2016/05/06,0,57000,-68000,-11000
2016/05/09,0,248000,-23000,225000
2016/05/10,0,347000,-167000,180000
2016/05/11,0,237000,-163000,74000
2016/05/12,0,58000,-312000,-254000
2016/05/13,0,18000,-85000,-67000
2016/05/16,0,78000,-68000,10000
2016/05/17,0,100000,-181000,-81000
2016/05/18,0,79000,-68000,11000
2016/05/19,0,179000,-35000,144000
2016/05/20,0,4000,-39000,-35000
2016/05/23,0,119000,-27000,92000
2016/05/24,0,74000,-61000,13000
2016/05/25,0,672000,-132000,540000
2016/05/26,0,98000,-319000,-221000
2016/05/27,0,73000,-163000,-90000
2016/05/30,0,311000,-306000,5000
2016/05/31,0,263000,-185000,78000
2016/06/01,0,566000,-240000,326000
2016/06/02,0,10000,-217000,-207000
2016/06/03,0,50000,-49000,1000
2016/06/06,0,24000,-94000,-70000
2016/06/07,0,472000,-29000,443000
2016/06/08,0,27000,-242000,-215000
2016/06/09,0,0,0,0
2016/06/10,0,0,0,0
2016/06/13,0,0,-85000,-85000
2016/06/14,0,36000,-5000,31000
2016/06/15,0,119000,-71000,48000
2016/06/16,0,20000,-59000,-39000
2016/06/17,0,14000,-61000,-47000
2016/06/20,0,63000,-19000,44000
2016/06/21,0,101000,-42000,59000
2016/06/22,0,2000,-88000,-86000
2016/06/23,0,185000,-36000,149000
2016/06/24,0,337000,-280000,57000
2016/06/27,0,167000,-188000,-21000
2016/06/28,0,2096000,-159000,1937000
2016/06/29,0,341000,-747000,-406000
2016/06/30,0,481000,-574000,-93000
2016/07/01,0,62000,-389000,-327000
2016/07/04,0,36000,-169000,-133000
2016/07/05,0,377000,-203000,174000
2016/07/06,0,70000,-509000,-439000
2016/07/07,0,8000,-96000,-88000
2016/07/08,0,0,0,0
2016/07/11,0,1051000,-35000,1016000
2016/07/12,0,411000,-751000,-340000
2016/07/13,0,46000,-514000,-468000
2016/07/14,0,112000,-49000,63000
2016/07/15,0,97000,-47000,50000
2016/07/18,0,11000,-26000,-15000
2016/07/19,0,896000,-172000,724000
2016/07/20,0,51000,-720000,-669000
2016/07/21,0,3617000,-231000,3386000
2016/07/22,0,225000,-2161000,-1936000
2016/07/25,0,187000,-611000,-424000
2016/07/26,0,3794000,-240000,3554000
2016/07/27,0,197000,-2409000,-2212000
2016/07/28,0,599000,-338000,261000
2016/07/29,0,313000,-1787000,-1474000
2016/08/01,0,210000,-1392000,-1182000
2016/08/02,0,18000,-360000,-342000
2016/08/03,0,1643000,-259000,1384000
2016/08/04,0,224000,-1084000,-860000
2016/08/05,0,218000,-274000,-56000
2016/08/08,0,146000,-342000,-196000
2016/08/09,0,170000,-271000,-101000
2016/08/10,0,67000,-192000,-125000
2016/08/11,0,66000,-86000,-20000
2016/08/12,0,895000,-88000,807000
2016/08/15,0,103000,-320000,-217000
2016/08/16,0,995000,-311000,684000
2016/08/17,0,406000,-142000,264000
2016/08/18,0,7000,-454000,-447000
2016/08/19,0,103000,-450000,-347000
2016/08/22,0,959000,-175000,784000
2016/08/23,0,3230000,-398000,2832000
2016/08/24,0,132000,-2503000,-2371000
2016/08/25,0,36000,-402000,-366000
2016/08/26,0,511000,-434000,77000
2016/08/29,0,81000,-172000,-91000
2016/08/30,0,193000,-442000,-249000
2016/08/31,0,1020000,-539000,481000
2016/09/01,0,186000,-882000,-696000
2016/09/02,0,93000,-865000,-772000
2016/09/05,0,696000,-157000,539000
2016/09/06,0,186000,-509000,-323000
2016/09/07,0,1286000,-154000,1132000
2016/09/08,0,69000,-623000,-554000
2016/09/09,0,941000,-205000,736000
2016/09/12,0,220000,-63000,157000
2016/09/13,0,64000,-429000,-365000
2016/09/14,0,0,-166000,-166000
2016/09/15,0,0,0,0
2016/09/16,0,0,0,0
2016/09/19,0,187000,-81000,106000
2016/09/20,0,92000,-138000,-46000
2016/09/21,0,186000,-132000,54000
2016/09/22,0,10000,-834000,-824000
2016/09/23,0,179000,-71000,108000
2016/09/26,0,34000,-118000,-84000
2016/09/27,0,0,0,0
2016/09/28,0,0,0,0
2016/09/29,0,189000,0,189000
2016/09/30,0,11000,-293000,-282000
2016/10/03,0,50000,-141000,-91000
2016/10/04,0,116000,-22000,94000
2016/10/05,0,3000,-12000,-9000
2016/10/06,0,145000,-21000,124000
2016/10/07,0,0,-264000,-264000
2016/10/10,0,0,0,0
2016/10/11,0,29000,-648000,-619000
2016/10/12,0,208000,-417000,-209000
2016/10/13,0,3000,-144000,-141000
2016/10/14,0,45000,-30000,15000
2016/10/17,0,118000,-6000,112000
2016/10/18,0,186000,-71000,115000
2016/10/19,0,184000,-54000,130000
2016/10/20,0,18000,-116000,-98000
2016/10/21,0,55000,-73000,-18000
2016/10/24,0,875000,-22000,853000
2016/10/25,0,55000,-582000,-527000
2016/10/26,0,41000,-270000,-229000
2016/10/27,0,76000,-60000,16000
2016/10/28,0,48000,-16000,32000
2016/10/31,0,22000,-110000,-88000
2016/11/01,0,6000,-63000,-57000
2016/11/02,0,177000,-222000,-45000
2016/11/03,0,177000,-55000,122000
2016/11/04,0,7000,-97000,-90000
2016/11/07,0,109000,-6000,103000
2016/11/08,0,6000,-65000,-59000
2016/11/09,0,23000,-283000,-260000
2016/11/10,0,103000,-14000,89000
2016/11/11,0,10000,-14000,-4000
2016/11/14,0,6000,-703000,-697000
2016/11/15,0,242000,-29000,213000
2016/11/16,0,50000,-56000,-6000
2016/11/17,0,2000,-217000,-215000
2016/11/18,0,585000,-10000,575000
2016/11/21,0,1056000,-89000,967000
2016/11/22,0,413000,-268000,145000
2016/11/23,0,909000,-317000,592000
2016/11/24,0,1197000,-576000,621000
2016/11/25,0,39000,-880000,-841000
2016/11/28,0,168000,-197000,-29000
2016/11/29,0,155000,-400000,-245000
2016/11/30,0,132000,-29000,103000
2016/12/01,0,504000,-67000,437000
2016/12/02,0,55000,-1016000,-961000
2016/12/05,0,17000,-194000,-177000
2016/12/06,0,78000,-30000,48000
2016/12/07,0,51000,-67000,-16000
2016/12/08,0,73000,-60000,13000
2016/12/09,0,592000,-47358,544642
2016/12/12,0,486000,-502000,-16000
2016/12/13,0,5000,-60000,-55000
2016/12/14,0,55000,0,55000
2016/12/15,0,78000,-13000,65000
2016/12/16,0,411000,-124000,287000
2016/12/19,0,130000,-261000,-131000
2016/12/20,0,158000,-23000,135000
2016/12/21,0,354000,-13000,341000
2016/12/22,0,573000,-954000,-381000
2016/12/23,0,35000,-238000,-203000
2016/12/26,0,27000,-188000,-161000
2016/12/27,0,11000,-31000,-20000
2016/12/28,0,181000,-3000,178000
2016/12/29,0,4000,-76000,-72000
2016/12/30,0,16000,-432000,-416000
2017/01/02,0,0,0,0
2017/01/03,0,40000,-15000,25000
2017/01/04,0,85000,-226000,-141000
2017/01/05,0,428000,-114000,314000
2017/01/06,0,417000,-11000,406000
2017/01/09,0,107000,-255000,-148000
2017/01/10,0,33000,-5000,28000
2017/01/11,0,18000,-16000,2000
2017/01/12,0,27000,0,27000
2017/01/13,0,0,-227000,-227000
2017/01/16,0,332000,-6000,326000
2017/01/17,0,4746000,-522000,4224000
2017/01/18,0,1205000,-2939000,-1734000
2017/01/19,0,722000,-1619000,-897000
2017/01/20,0,1990000,-697000,1293000
2017/01/23,0,864000,-2769000,-1905000
2017/01/24,0,1578000,-1134000,444000
2017/01/25,0,0,0,0
2017/01/26,0,0,0,0
2017/01/27,0,0,0,0
2017/01/30,0,0,0,0
2017/01/31,0,0,0,0
2017/02/01,0,0,0,0
2017/02/02,0,1310000,-403000,907000
2017/02/03,0,918000,-883000,35000
2017/02/06,0,3284000,-476000,2808000
2017/02/07,0,2998000,-1073000,1925000
2017/02/08,0,1260000,-4205000,-2945000
2017/02/09,0,621000,-386000,235000
2017/02/10,0,2512000,-785000,1727000
2017/02/13,0,3289000,-2360000,929000
2017/02/14,0,818000,-1181000,-363000
2017/02/15,0,781000,-555000,226000
2017/02/16,0,401000,-658000,-257000
2017/02/17,0,1179000,-485000,694000
2017/02/20,0,118000,-3182000,-3064000
2017/02/21,0,459000,-512000,-53000
2017/02/22,0,2204000,-239000,1965000
2017/02/23,0,371000,-1444000,-1073000
2017/02/24,0,654000,-812000,-158000
2017/02/27,0,0,0,0
2017/02/28,0,0,0,0
2017/03/01,0,130000,-792000,-662000
2017/03/02,0,5242000,-550000,4692000
2017/03/03,0,152000,-2690000,-2538000
2017/03/06,0,1108000,-196000,912000
2017/03/07,0,276000,-193000,83000
2017/03/08,0,1973000,-504000,1469000
2017/03/09,0,2625000,-2523000,102000
2017/03/10,0,560000,-2087000,-1527000
2017/03/13,0,1763000,-692000,1071000
2017/03/14,0,1080000,-1341000,-261000
2017/03/15,0,1914000,-1136000,778000
2017/03/16,0,473000,-827000,-354000
2017/03/17,0,3407000,-164000,3243000
2017/03/20,0,10428000,-1503000,8925000
2017/03/21,0,1561000,-4556000,-2995000
2017/03/22,0,5299000,-1549000,3750000
2017/03/23,0,6713000,-4187000,2526000
2017/03/24,0,23553000,-10353000,13200000
2017/03/27,0,11925000,-8214000,3711000
2017/03/28,0,3974000,-13023000,-9049000
2017/03/29,0,10721000,-3702000,7019000
2017/03/30,0,4943000,-13180000,-8237000
2017/03/31,0,4904000,-7813000,-2909000
2017/04/03,0,0,0,0
2017/04/04,0,0,0,0
2017/04/05,0,2269000,-9958000,-7689000
2017/04/06,0,901000,-2347000,-1446000
2017/04/07,0,9506000,-1973000,7533000
2017/04/10,0,5435000,-8050000,-2615000
2017/04/11,0,825000,-4628000,-3803000
2017/04/12,0,1699000,-2916000,-1217000
2017/04/13,0,2785000,-3625000,-840000
2017/04/14,0,1296000,-2815000,-1519000
2017/04/17,0,2422000,-4320000,-1898000
2017/04/18,0,8372000,-2777000,5595000
2017/04/19,0,2330000,-6002000,-3672000
2017/04/20,0,1829000,-3249000,-1420000
2017/04/21,0,7057000,-5462000,1595000
2017/04/24,0,984000,-3291000,-2307000
2017/04/25,0,2467000,-2903000,-436000
2017/04/26,0,14443000,-2397000,12046000
2017/04/27,0,1162000,-6617000,-5455000
2017/04/28,0,3890000,-5229000,-1339000
2017/05/01,0,0,0,0
2017/05/02,0,2072000,-5580000,-3508000
2017/05/03,0,1478000,-3191000,-1713000
2017/05/04,0,4813000,-2826000,1987000
2017/05/05,0,738000,-3991000,-3253000
2017/05/08,0,898000,-3010000,-2112000
2017/05/09,0,1611000,-4840113,-3229113
2017/05/10,0,3369000,-683000,2686000
2017/05/11,0,510000,-986000,-476000
2017/05/12,0,1008000,-337000,671000
2017/05/15,0,9150000,-844000,8306000
2017/05/16,0,1549000,-3577000,-2028000
2017/05/17,0,1380000,-3176000,-1796000
2017/05/18,0,7128000,-2818000,4310000
2017/05/19,0,1222000,-4069000,-2847000
2017/05/22,0,2116000,-1591000,525000
2017/05/23,0,333000,-1362000,-1029000
2017/05/24,0,2283000,-783000,1500000
2017/05/25,0,4094000,-1692000,2402000
2017/05/26,0,751000,-3380000,-2629000
2017/05/29,0,0,0,0
2017/05/30,0,0,0,0
2017/05/31,0,7965000,-1466000,6499000
2017/06/01,0,18887000,-4717000,14170000
2017/06/02,0,6322000,-10124000,-3802000
2017/06/05,0,2194000,-2630000,-436000
2017/06/06,0,8248000,-4141360,4106640
2017/06/07,0,2524000,-11711000,-9187000
2017/06/08,0,3911000,-2052000,1859000
2017/06/09,0,1345000,-8959000,-7614000
2017/06/12,0,2378000,-1409000,969000
2017/06/13,0,1918000,-4656000,-2738000
2017/06/14,0,1184000,-2370000,-1186000
2017/06/15,0,3105000,-802000,2303000
2017/06/16,0,6211000,-1952000,4259000
2017/06/19,0,382000,-3043000,-2661000
2017/06/20,0,1168000,-891000,277000
2017/06/21,0,1339000,-1201000,138000
2017/06/22,0,496000,-1810000,-1314000
2017/06/23,0,243000,-1969000,-1726000
2017/06/26,0,2011000,-257000,1754000
2017/06/27,0,9099000,-2197000,6902000
2017/06/28,0,232000,-7032000,-6800000
2017/06/29,0,704000,-889000,-185000
2017/06/30,0,318000,-2225000,-1907000
2017/07/03,0,456000,-297000,159000
2017/07/04,0,1238000,-514000,724000
2017/07/05,0,562000,-2489000,-1927000
2017/07/06,0,2967000,-610000,2357000
2017/07/07,0,323000,-1948000,-1625000
2017/07/10,0,1035000,-914000,121000
2017/07/11,0,1692000,-1257000,435000
2017/07/12,0,711000,-740000,-29000
2017/07/13,0,3937000,-364000,3573000
2017/07/14,0,2751000,-3400000,-649000
2017/07/17,0,1559000,-2043000,-484000
2017/07/18,0,2149000,-673000,1476000
2017/07/19,0,1133000,-1245000,-112000
2017/07/20,0,388000,-351000,37000
2017/07/21,0,2376000,-465000,1911000
2017/07/24,0,778000,-1337000,-559000
2017/07/25,0,2507000,-1895000,612000
2017/07/26,0,3500000,-3423000,77000
2017/07/27,0,1581000,-2955000,-1374000
2017/07/28,0,4504000,-522000,3982000
2017/07/31,0,2722000,-8550000,-5828000
2017/08/01,0,1812000,-3126000,-1314000
2017/08/02,0,1726000,-1580000,146000
2017/08/03,0,2496000,-518000,1978000
2017/08/04,0,1217000,-1699000,-482000
2017/08/07,0,2167000,-1501000,666000
2017/08/08,0,3546000,-2693000,853000
2017/08/09,0,285000,-3255000,-2970000
2017/08/10,0,1115000,-2245000,-1130000
2017/08/11,0,8720000,-814000,7906000
2017/08/14,0,747000,-7070000,-6323000
2017/08/15,0,720000,-3053000,-2333000
2017/08/16,0,5069000,-1179000,3890000
2017/08/17,0,14770000,-4337000,10433000
2017/08/18,0,14550000,-6171000,8379000
