Date,Open,Buy,Sell,Total
2007/01/02,0,3049000,-200000,2849000
2007/01/03,0,1058000,-1703000,-645000
2007/01/04,0,2019000,-241000,1778000
2007/01/05,0,264000,-2308000,-2044000
2007/01/08,0,35000,-3353190,-3318190
2007/01/09,0,24000,-476000,-452000
2007/01/10,0,766000,-3862800,-3096800
2007/01/11,0,2802000,-7223000,-4421000
2007/01/12,0,925000,-10952000,-10027000
2007/01/15,0,82000,-4494000,-4412000
2007/01/16,0,211000,-4604000,-4393000
2007/01/17,0,946000,-8367000,-7421000
2007/01/18,0,58000,-1425000,-1367000
2007/01/19,0,2698000,-218000,2480000
2007/01/22,0,8328000,-1267000,7061000
2007/01/23,0,392000,-1196000,-804000
2007/01/24,0,15170000,-1129000,14041000
2007/01/25,0,45084000,-1284000,43800000
2007/01/26,0,9517000,-6105927,3411073
2007/01/29,0,1905000,-1400390,504610
2007/01/30,0,4482060,-4109000,373060
2007/01/31,0,14886000,-13960000,926000
2007/02/01,0,7572000,-13370000,-5798000
2007/02/02,0,6626000,-7672000,-1046000
2007/02/05,0,2562000,-4300000,-1738000
2007/02/06,0,3237000,-841000,2396000
2007/02/07,0,412000,-650000,-238000
2007/02/08,0,7425000,-5874000,1551000
2007/02/09,0,4426000,-3718000,708000
2007/02/12,0,1302000,-19234000,-17932000
2007/02/13,0,1100000,-665530,434470
2007/02/14,0,3155000,-2487880,667120
2007/02/15,0,0,0,0
2007/02/16,0,0,0,0
2007/02/19,0,0,0,0
2007/02/20,0,0,0,0
2007/02/21,0,0,0,0
2007/02/22,0,0,0,0
2007/02/23,0,0,0,0
2007/02/26,0,12591000,-7463973,5127027
2007/02/27,0,1554000,-4609000,-3055000
2007/02/28,0,0,0,0
2007/03/01,0,8791000,-23039000,-14248000
2007/03/02,0,553000,-5229000,-4676000
2007/03/05,0,8112000,-4536000,3576000
2007/03/06,0,2148000,-3803000,-1655000
2007/03/07,0,4555000,-7446334,-2891334
2007/03/08,0,221000,-1609000,-1388000
2007/03/09,0,192000,-4896000,-4704000
2007/03/12,0,2000,-333270,-331270
2007/03/13,0,287000,-1611000,-1324000
2007/03/14,0,1093000,-10094000,-9001000
2007/03/15,0,3045000,-1251000,1794000
2007/03/16,0,119000,-488000,-369000
2007/03/19,0,903000,-2078000,-1175000
2007/03/20,0,2552000,-1354000,1198000
2007/03/21,0,1174000,-237000,937000
2007/03/22,0,6268000,-2749000,3519000
2007/03/23,0,1810000,-391000,1419000
2007/03/26,0,490000,-4000,486000
2007/03/27,0,1994000,-1095700,898300
2007/03/28,0,1171000,-596000,575000
2007/03/29,0,4594000,-2622000,1972000
2007/03/30,0,1397220,-912000,485220
2007/04/02,0,1821000,-1473000,348000
2007/04/03,0,67000,-6151000,-6084000
2007/04/04,0,1686000,-3469000,-1783000
2007/04/05,0,0,0,0
2007/04/06,0,0,0,0
2007/04/09,0,2229000,-1182000,1047000
2007/04/10,0,1869000,-175000,1694000
2007/04/11,0,1650000,-60000,1590000
2007/04/12,0,908000,-569000,339000
2007/04/13,0,4189000,-2480000,1709000
2007/04/16,0,7337000,-423000,6914000
2007/04/17,0,3905000,-627944,3277056
2007/04/18,0,1419000,-469000,950000
2007/04/19,0,112000,-3742000,-3630000
2007/04/20,0,1018000,-5351000,-4333000
2007/04/23,0,1590000,-1833000,-243000
2007/04/24,0,1883000,-2471000,-588000
2007/04/25,0,2822000,-1297000,1525000
2007/04/26,0,1452000,-1227000,225000
2007/04/27,0,4261000,-2361000,1900000
2007/04/30,0,1698000,-2180667,-482667
2007/05/01,0,0,0,0
2007/05/02,0,1375000,-661000,714000
2007/05/03,0,1742000,-533000,1209000
2007/05/04,0,4076000,-1619000,2457000
2007/05/07,0,2905000,-832000,2073000
2007/05/08,0,1269000,-423960,845040
2007/05/09,0,1289000,-6335000,-5046000
2007/05/10,0,1989000,-2871000,-882000
2007/05/11,0,2416000,-3060000,-644000
2007/05/14,0,1321000,-3217000,-1896000
2007/05/15,0,455000,-507000,-52000
2007/05/16,0,1836000,-3897000,-2061000
2007/05/17,0,1515000,-1071000,444000
2007/05/18,0,135000,-571000,-436000
2007/05/21,0,2185000,-339852,1845148
2007/05/22,0,4383000,-2415000,1968000
2007/05/23,0,3745000,-684000,3061000
2007/05/24,0,1038000,-1702000,-664000
2007/05/25,0,2405000,-4841000,-2436000
2007/05/28,0,651000,-2090000,-1439000
2007/05/29,0,1316000,-5371000,-4055000
2007/05/30,0,1020000,-1745428,-725428
2007/05/31,0,3003000,-7404667,-4401667
2007/06/01,0,3595000,-3712000,-117000
2007/06/04,0,883000,-1509000,-626000
2007/06/05,0,2435000,-2473000,-38000
2007/06/06,0,2232000,-5475000,-3243000
2007/06/07,0,1181000,-2175000,-994000
2007/06/08,0,2564000,-1327000,1237000
2007/06/11,0,241000,-379000,-138000
2007/06/12,0,1165000,-2647000,-1482000
2007/06/13,0,1154000,-1291000,-137000
2007/06/14,0,240000,-4548000,-4308000
2007/06/15,0,1278000,-594000,684000
2007/06/18,0,0,0,0
2007/06/19,0,0,0,0
2007/06/20,0,5763000,-2148000,3615000
2007/06/21,0,9662000,-3146000,6516000
2007/06/22,0,9675000,-3240000,6435000
2007/06/25,0,795000,-831000,-36000
2007/06/26,0,738000,-1376000,-638000
2007/06/27,0,2866000,-5820000,-2954000
2007/06/28,0,5285000,-9149000,-3864000
2007/06/29,0,2611000,-5972666,-3361666
2007/07/02,0,547000,-1450000,-903000
2007/07/03,0,989000,-853000,136000
2007/07/04,0,657000,-5005000,-4348000
2007/07/05,0,479000,-2061000,-1582000
2007/07/06,0,1136000,-2553000,-1417000
2007/07/09,0,4370000,-1247000,3123000
2007/07/10,0,5520000,-4565000,955000
2007/07/11,0,2538000,-503000,2035000
2007/07/12,0,315000,-4432000,-4117000
2007/07/13,0,2985000,-409000,2576000
2007/07/16,0,5784000,-2745000,3039000
2007/07/17,0,162000,-2689000,-2527000
2007/07/18,0,649000,-7756000,-7107000
2007/07/19,0,3842000,-6207000,-2365000
2007/07/20,0,2141000,-11350000,-9209000
2007/07/23,0,2332000,-10896000,-8564000
2007/07/24,0,2416000,-11247000,-8831000
2007/07/25,0,435000,-10016000,-9581000
2007/07/26,0,11129000,-5190000,5939000
2007/07/27,0,13780000,-28105326,-14325326
2007/07/30,0,8019000,-6949800,1069200
2007/07/31,0,5282000,-11697390,-6415390
2007/08/01,0,11519000,-24733095,-13214095
2007/08/02,0,5239000,-2759000,2480000
2007/08/03,0,2504000,-3730000,-1226000
2007/08/06,0,671000,-4200000,-3529000
2007/08/07,0,2303000,-5233000,-2930000
2007/08/08,0,1691000,-11456000,-9765000
2007/08/09,0,18505000,-15195000,3310000
2007/08/10,0,47000,-7918000,-7871000
2007/08/13,0,4383000,-432000,3951000
2007/08/14,0,5394000,-10885975,-5491975
2007/08/15,0,5103000,-13811000,-8708000
2007/08/16,0,14302000,-8205515,6096485
2007/08/17,0,599000,-8610000,-8011000
2007/08/20,0,1601000,-2411330,-810330
2007/08/21,0,1461000,-244000,1217000
2007/08/22,0,1573000,-3273786,-1700786
2007/08/23,0,4423000,-2760000,1663000
2007/08/24,0,355000,-1107000,-752000
2007/08/27,0,1268000,-15537000,-14269000
2007/08/28,0,709000,-5247000,-4538000
2007/08/29,0,765000,-4919000,-4154000
2007/08/30,0,1925000,-5067000,-3142000
2007/08/31,0,4685000,-9986000,-5301000
2007/09/03,0,3105000,-623000,2482000
2007/09/04,0,954000,-644000,310000
2007/09/05,0,1427000,-4324000,-2897000
2007/09/06,0,1871000,-1114000,757000
2007/09/07,0,494000,-267000,227000
2007/09/10,0,952000,-2741000,-1789000
2007/09/11,0,17875000,-19617000,-1742000
2007/09/12,0,807000,-3009000,-2202000
2007/09/13,0,198000,-1401000,-1203000
2007/09/14,0,6170000,-218000,5952000
2007/09/17,0,1380000,-2311000,-931000
2007/09/18,0,0,0,0
2007/09/19,0,11734000,-3909000,7825000
2007/09/20,0,5012000,-2556000,2456000
2007/09/21,0,2115000,-3290000,-1175000
2007/09/24,0,0,0,0
2007/09/25,0,0,0,0
2007/09/26,0,2565000,-676000,1889000
2007/09/27,0,3847000,-2074000,1773000
2007/09/28,0,2281000,-1009000,1272000
2007/10/01,0,269000,-1430600,-1161600
2007/10/02,0,2684000,-641000,2043000
2007/10/03,0,1867000,-5032988,-3165988
2007/10/04,0,4743000,-503000,4240000
2007/10/05,0,1091000,-16000,1075000
2007/10/08,0,1654000,-222000,1432000
2007/10/09,0,360000,-984000,-624000
2007/10/10,0,0,0,0
2007/10/11,0,1857000,-5494000,-3637000
2007/10/12,0,1747000,-1401000,346000
2007/10/15,0,4513000,-905000,3608000
2007/10/16,0,4138000,-1319000,2819000
2007/10/17,0,3902000,-2612000,1290000
2007/10/18,0,9028000,-1790000,7238000
2007/10/19,0,6779000,-372000,6407000
2007/10/22,0,5487000,-5697410,-210410
2007/10/23,0,1172000,-257000,915000
2007/10/24,0,257000,-317000,-60000
2007/10/25,0,704000,-6208000,-5504000
2007/10/26,0,2951503,-330000,2621503
2007/10/29,0,9517000,-89000,9428000
2007/10/30,0,3474000,-1726000,1748000
2007/10/31,0,1681000,-3969000,-2288000
2007/11/01,0,2705000,-6838000,-4133000
2007/11/02,0,2004000,-8154000,-6150000
2007/11/05,0,928000,-4848000,-3920000
2007/11/06,0,74000,-6624000,-6550000
2007/11/07,0,1327000,-6804000,-5477000
2007/11/08,0,2513000,-10605000,-8092000
2007/11/09,0,2293000,-2823000,-530000
2007/11/12,0,154000,-7120000,-6966000
2007/11/13,0,1879000,-4994380,-3115380
2007/11/14,0,2469000,-4883000,-2414000
2007/11/15,0,1914000,-2160000,-246000
2007/11/16,0,178000,-4506000,-4328000
2007/11/19,0,3919000,-4064000,-145000
2007/11/20,0,1720000,-5633000,-3913000
2007/11/21,0,1631000,-8288000,-6657000
2007/11/22,0,1773000,-3740000,-1967000
2007/11/23,0,849000,-7098000,-6249000
2007/11/26,0,4887000,-1157000,3730000
2007/11/27,0,7823600,-2870000,4953600
2007/11/28,0,2176000,-2408000,-232000
2007/11/29,0,2821000,-904251,1916749
2007/11/30,0,4520000,-4447000,73000
2007/12/03,0,354000,-7592000,-7238000
2007/12/04,0,4234000,-3846000,388000
2007/12/05,0,2588000,-6959000,-4371000
2007/12/06,0,4177000,-1977000,2200000
2007/12/07,0,2599376,-123000,2476376
2007/12/10,0,550000,-566000,-16000
2007/12/11,0,991000,-9000,982000
2007/12/12,0,699000,-1834000,-1135000
2007/12/13,0,693000,-3223000,-2530000
2007/12/14,0,2561000,-2067000,494000
2007/12/17,0,1628000,-1117000,511000
2007/12/18,0,2634000,-838000,1796000
2007/12/19,0,660000,-3418000,-2758000
2007/12/20,0,2913000,-3863000,-950000
2007/12/21,0,3407000,-102000,3305000
2007/12/24,0,1716000,-654000,1062000
2007/12/25,0,181000,-28000,153000
2007/12/26,0,599000,-108000,491000
2007/12/27,0,2905000,-81000,2824000
2007/12/28,0,5334000,-1601000,3733000
2007/12/31,0,559000,-749000,-190000
2008/01/01,0,0,0,0
2008/01/02,0,589000,-3237000,-2648000
2008/01/03,0,1513000,-2248000,-735000
2008/01/04,0,3579000,-2336000,1243000
2008/01/07,0,284000,-2892000,-2608000
2008/01/08,0,2350000,-3837000,-1487000
2008/01/09,0,2147000,-2559000,-412000
2008/01/10,0,1978000,-911000,1067000
2008/01/11,0,1124000,-1469000,-345000
2008/01/14,0,7226000,-910000,6316000
2008/01/15,0,10705000,-633350,10071650
2008/01/16,0,1555000,-1915000,-360000
2008/01/17,0,2943000,-1870000,1073000
2008/01/18,0,3119883,-1080000,2039883
2008/01/21,0,12932000,-2969000,9963000
2008/01/22,0,2231000,-3916000,-1685000
2008/01/23,0,1465000,-574000,891000
2008/01/24,0,9889000,-865000,9024000
2008/01/25,0,548000,-317000,231000
2008/01/28,0,365000,-2091000,-1726000
2008/01/29,0,1206000,-683781,522219
2008/01/30,0,2406792,-3635000,-1228208
2008/01/31,0,1479000,-949000,530000
2008/02/01,0,1102000,-544000,558000
2008/02/04,0,0,0,0
2008/02/05,0,0,0,0
2008/02/06,0,0,0,0
2008/02/07,0,0,0,0
2008/02/08,0,0,0,0
2008/02/11,0,0,0,0
2008/02/12,0,766000,-3304000,-2538000
2008/02/13,0,2080000,-3160000,-1080000
2008/02/14,0,3722000,-575000,3147000
2008/02/15,0,953000,-1202000,-249000
2008/02/18,0,1658000,-2453000,-795000
2008/02/19,0,6053000,-6149000,-96000
2008/02/20,0,1015000,-5371000,-4356000
2008/02/21,0,4820000,-3907293,912707
2008/02/22,0,5100000,-5356000,-256000
2008/02/25,0,5576000,-2519000,3057000
2008/02/26,0,2946000,-534000,2412000
2008/02/27,0,9107000,-4594000,4513000
2008/02/28,0,0,0,0
2008/02/29,0,4589873,-3002900,1586973
2008/03/03,0,2812540,-4178233,-1365693
2008/03/04,0,7657000,-2942000,4715000
2008/03/05,0,2224000,-348000,1876000
2008/03/06,0,6186000,-103000,6083000
2008/03/07,0,4866000,-82000,4784000
2008/03/10,0,2877000,-2464000,413000
2008/03/11,0,1975000,-774000,1201000
2008/03/12,0,4739127,-262000,4477127
2008/03/13,0,1516000,-2839000,-1323000
2008/03/14,0,2088000,-2684000,-596000
2008/03/17,0,4978000,-5639000,-661000
2008/03/18,0,4721000,-2449000,2272000
2008/03/19,0,4966000,-860000,4106000
2008/03/20,0,5265000,-759000,4506000
2008/03/21,0,5163000,-518000,4645000
2008/03/24,0,9461000,-341761,9119239
2008/03/25,0,7359000,-229000,7130000
2008/03/26,0,4718000,-1529000,3189000
2008/03/27,0,578225,-1047000,-468775
2008/03/28,0,5258225,-3773000,1485225
2008/03/31,0,1144471,-1702900,-558429
2008/04/01,0,1981383,-1550000,431383
2008/04/02,0,3787000,-1647000,2140000
2008/04/03,0,3218000,-574000,2644000
2008/04/04,0,0,0,0
2008/04/07,0,3212000,-185000,3027000
2008/04/08,0,4676000,-5909000,-1233000
2008/04/09,0,4769000,-5952000,-1183000
2008/04/10,0,4765000,-73000,4692000
2008/04/11,0,1061000,-577421,483579
2008/04/14,0,613000,-623000,-10000
2008/04/15,0,211000,-457000,-246000
2008/04/16,0,976000,-19000,957000
2008/04/17,0,3983000,-410000,3573000
2008/04/18,0,1090000,-81000,1009000
2008/04/21,0,2182000,-672000,1510000
2008/04/22,0,253000,-789127,-536127
2008/04/23,0,1372000,-463000,909000
2008/04/24,0,570000,-1016000,-446000
2008/04/25,0,1077000,-487000,590000
2008/04/28,0,3886000,-346000,3540000
2008/04/29,0,863000,-2517000,-1654000
2008/04/30,0,1380000,-1982000,-602000
2008/05/01,0,0,0,0
2008/05/02,0,8317000,-1795000,6522000
2008/05/05,0,241000,-3190000,-2949000
2008/05/06,0,13546000,-12778000,768000
2008/05/07,0,1379000,-775000,604000
2008/05/08,0,762000,-2412000,-1650000
2008/05/09,0,712000,-1307000,-595000
2008/05/12,0,1125000,-57000,1068000
2008/05/13,0,5689000,-2474000,3215000
2008/05/14,0,2250000,-159000,2091000
2008/05/15,0,2426000,-289000,2137000
2008/05/16,0,4430000,-491000,3939000
2008/05/19,0,1485000,-79000,1406000
2008/05/20,0,1716000,-1698000,18000
2008/05/21,0,488000,-1653000,-1165000
2008/05/22,0,3337000,-3203000,134000
2008/05/23,0,1380000,-2546000,-1166000
2008/05/26,0,1951000,-833000,1118000
2008/05/27,0,702000,-1596000,-894000
2008/05/28,0,1693000,-4363000,-2670000
2008/05/29,0,2427000,-3192000,-765000
2008/05/30,0,3984000,-9917549,-5933549
2008/06/02,0,1380000,-924000,456000
2008/06/03,0,1684000,-2705000,-1021000
2008/06/04,0,522000,-507000,15000
2008/06/05,0,2072000,-1689000,383000
2008/06/06,0,448000,-601000,-153000
2008/06/09,0,59000,-1623000,-1564000
2008/06/10,0,4656680,-4253261,403419
2008/06/11,0,787300,-327000,460300
2008/06/12,0,2017000,-2964000,-947000
2008/06/13,0,3106000,-4365000,-1259000
2008/06/16,0,1079000,-4514000,-3435000
2008/06/17,0,197000,-3374000,-3177000
2008/06/18,0,779000,-6229000,-5450000
2008/06/19,0,18000,-4048000,-4030000
2008/06/20,0,482824,-1462000,-979176
2008/06/23,0,1346000,-1999000,-653000
2008/06/24,0,1104000,-928000,176000
2008/06/25,0,3995000,-436000,3559000
2008/06/26,0,1060000,-1224000,-164000
2008/06/27,0,2481000,-2483000,-2000
2008/06/30,0,1257000,-244000,1013000
2008/07/01,0,2716000,-793000,1923000
2008/07/02,0,832000,-1782000,-950000
2008/07/03,0,1252000,-2719000,-1467000
2008/07/04,0,550000,-1819000,-1269000
2008/07/07,0,2012000,-691000,1321000
2008/07/08,0,541000,-5065000,-4524000
2008/07/09,0,3366000,-186000,3180000
2008/07/10,0,1816000,-511000,1305000
2008/07/11,0,1995000,-1932000,63000
2008/07/14,0,3776000,-1164000,2612000
2008/07/15,0,400000,-1593000,-1193000
2008/07/16,0,1295000,-1225000,70000
2008/07/17,0,1944000,-1936000,8000
2008/07/18,0,3706000,-2427000,1279000
2008/07/21,0,2684000,-4979000,-2295000
2008/07/22,0,577000,-406000,171000
2008/07/23,0,1794000,-3578800,-1784800
2008/07/24,0,2681000,-6044000,-3363000
2008/07/25,0,30000,-836000,-806000
2008/07/28,0,0,0,0
2008/07/29,0,248000,-1957000,-1709000
2008/07/30,0,1765000,-6836900,-5071900
2008/07/31,0,5768900,-930000,4838900
2008/08/01,0,4113000,-119000,3994000
2008/08/04,0,2131000,-639000,1492000
2008/08/05,0,8090000,-4467000,3623000
2008/08/06,0,5745000,-96000,5649000
2008/08/07,0,330000,-1718000,-1388000
2008/08/08,0,2534000,-2566000,-32000
2008/08/11,0,245000,-2484000,-2239000
2008/08/12,0,860000,-175000,685000
2008/08/13,0,467000,-3035000,-2568000
2008/08/14,0,957000,-959000,-2000
2008/08/15,0,5304000,-3238000,2066000
2008/08/18,0,2734000,-1272000,1462000
2008/08/19,0,1347000,-1889000,-542000
2008/08/20,0,2881000,-4258000,-1377000
2008/08/21,0,2613000,-1630000,983000
2008/08/22,0,2253000,-1193000,1060000
2008/08/25,0,2609000,-1000,2608000
2008/08/26,0,717000,-310000,407000
2008/08/27,0,2741000,-1939000,802000
2008/08/28,0,4314000,-3382000,932000
2008/08/29,0,2300000,-1111000,1189000
2008/09/01,0,695000,-2991000,-2296000
2008/09/02,0,3439000,-2505000,934000
2008/09/03,0,1254000,-2120000,-866000
2008/09/04,0,505000,-3836000,-3331000
2008/09/05,0,2761000,-3917000,-1156000
2008/09/08,0,2131900,-2783000,-651100
2008/09/09,0,4302000,-995000,3307000
2008/09/10,0,3105000,-5279000,-2174000
2008/09/11,0,369900,-4613000,-4243100
2008/09/12,0,2556000,-866000,1690000
2008/09/15,0,212000,-3174000,-2962000
2008/09/16,0,837000,-880000,-43000
2008/09/17,0,1172000,-2501000,-1329000
2008/09/18,0,1040000,-3024000,-1984000
2008/09/19,0,2948000,-5146000,-2198000
2008/09/22,0,1949000,-1610000,339000
2008/09/23,0,2580000,-2392000,188000
2008/09/24,0,4059411,-6178411,-2119000
2008/09/25,0,3037000,-1344000,1693000
2008/09/26,0,415000,-3027900,-2612900
2008/09/29,0,0,0,0
2008/09/30,0,4133000,-2446000,1687000
2008/10/01,0,2178000,-1960000,218000
2008/10/02,0,167000,-3603000,-3436000
2008/10/03,0,1524000,-846000,678000
2008/10/06,0,288000,-7047700,-6759700
2008/10/07,0,2683000,-1116000,1567000
2008/10/08,0,262000,-2184000,-1922000
2008/10/09,0,1709000,-1754000,-45000
2008/10/10,0,0,0,0
2008/10/13,0,120000,-2964000,-2844000
2008/10/14,0,97000,-358000,-261000
2008/10/15,0,1095000,-214000,881000
2008/10/16,0,5000,-2658000,-2653000
2008/10/17,0,1733000,-2156400,-423400
2008/10/20,0,318000,-1462340,-1144340
2008/10/21,0,857000,-2464000,-1607000
2008/10/22,0,1338000,-1730000,-392000
2008/10/23,0,347000,-578000,-231000
2008/10/24,0,75000,-630000,-555000
2008/10/27,0,155000,-700400,-545400
2008/10/28,0,1099000,-1861000,-762000
2008/10/29,0,1340000,-2498000,-1158000
2008/10/30,0,877000,-436800,440200
2008/10/31,0,1635000,-1805000,-170000
2008/11/03,0,1838000,-1318000,520000
2008/11/04,0,1986000,-418000,1568000
2008/11/05,0,1833000,-672000,1161000
2008/11/06,0,1955000,-2612000,-657000
2008/11/07,0,1719000,-3038000,-1319000
2008/11/10,0,909000,-469000,440000
2008/11/11,0,1685000,-1520500,164500
2008/11/12,0,747000,-3071999,-2324999
2008/11/13,0,500000,-2936000,-2436000
2008/11/14,0,332000,-2246100,-1914100
2008/11/17,0,426000,-170000,256000
2008/11/18,0,596000,-603000,-7000
2008/11/19,0,1148000,-8438000,-7290000
2008/11/20,0,6473400,-2454700,4018700
2008/11/21,0,2010000,-2814900,-804900
2008/11/24,0,1080000,-10318856,-9238856
2008/11/25,0,15743500,-41348000,-25604500
2008/11/26,0,3587000,-39477197,-35890197
2008/11/27,0,3070000,-6409094,-3339094
2008/11/28,0,2971000,-7399000,-4428000
2008/12/01,0,1272000,-3941245,-2669245
2008/12/02,0,3358000,-5931000,-2573000
2008/12/03,0,4648000,-6321000,-1673000
2008/12/04,0,4089000,-1563605,2525395
2008/12/05,0,5361000,-296000,5065000
2008/12/08,0,5187000,-200000,4987000
2008/12/09,0,2510000,-1107000,1403000
2008/12/10,0,4201000,-1498000,2703000
2008/12/11,0,2916000,-4318000,-1402000
2008/12/12,0,3601000,-4381000,-780000
2008/12/15,0,3804000,-202000,3602000
2008/12/16,0,5715000,-1125000,4590000
2008/12/17,0,4153000,-6830600,-2677600
2008/12/18,0,9134000,-1929000,7205000
2008/12/19,0,4223000,-991000,3232000
2008/12/22,0,257000,-2668000,-2411000
2008/12/23,0,3374110,-37600,3336510
2008/12/24,0,1334000,-87000,1247000
2008/12/25,0,23000,-947000,-924000
2008/12/26,0,1653000,-280000,1373000
2008/12/29,0,2885000,-663000,2222000
2008/12/30,0,3444000,-439800,3004200
2008/12/31,0,1757000,-808000,949000
2009/01/01,0,0,0,0
2009/01/02,0,0,0,0
2009/01/05,0,5178000,-504000,4674000
2009/01/06,0,12051000,-361400,11689600
2009/01/07,0,1198000,-1481000,-283000
2009/01/08,0,0,-361000,-361000
2009/01/09,0,249000,-3042000,-2793000
2009/01/12,0,3984110,-3552110,432000
2009/01/13,0,1245000,-36100,1208900
2009/01/14,0,288000,-693000,-405000
2009/01/15,0,20000,-1767000,-1747000
2009/01/16,0,39000,-175140,-136140
2009/01/19,0,135000,-39000,96000
2009/01/20,0,184000,-671000,-487000
2009/01/21,0,2694000,-932000,1762000
2009/01/22,0,0,0,0
2009/01/23,0,0,0,0
2009/01/26,0,0,0,0
2009/01/27,0,0,0,0
2009/01/28,0,0,0,0
2009/01/29,0,0,0,0
2009/01/30,0,0,0,0
2009/02/02,0,7561540,-6992540,569000
2009/02/03,0,1004000,-344000,660000
2009/02/04,0,1283000,-272000,1011000
2009/02/05,0,534000,-229000,305000
2009/02/06,0,3481000,-669000,2812000
2009/02/09,0,68000,-87000,-19000
2009/02/10,0,353000,-30000,323000
2009/02/11,0,51000,-400000,-349000
2009/02/12,0,179000,-602000,-423000
2009/02/13,0,1189000,-129000,1060000
2009/02/16,0,134000,-4000,130000
2009/02/17,0,30000,-3123000,-3093000
2009/02/18,0,5120000,0,5120000
2009/02/19,0,4444000,-3269000,1175000
2009/02/20,0,1000,-1906000,-1905000
2009/02/23,0,245000,-1066000,-821000
2009/02/24,0,180000,-1125000,-945000
2009/02/25,0,4121000,-7249800,-3128800
2009/02/26,0,4333500,-30000,4303500
2009/02/27,0,655000,-124000,531000
2009/03/02,0,2496000,-292000,2204000
2009/03/03,0,776000,-1880000,-1104000
2009/03/04,0,732500,-353000,379500
2009/03/05,0,11000,-3382200,-3371200
2009/03/06,0,800500,-306000,494500
2009/03/09,0,0,-4775000,-4775000
2009/03/10,0,3781500,-95100,3686400
2009/03/11,0,312994,-442000,-129006
2009/03/12,0,4672000,-30000,4642000
2009/03/13,0,28000,-1787000,-1759000
2009/03/16,0,1689000,0,1689000
2009/03/17,0,2489000,0,2489000
2009/03/18,0,935000,-319300,615700
2009/03/19,0,391000,-160000,231000
2009/03/20,0,0,-3168200,-3168200
2009/03/23,0,799000,-5000,794000
2009/03/24,0,737000,-2411,734589
2009/03/25,0,219000,-1051000,-832000
2009/03/26,0,490000,-1770000,-1280000
2009/03/27,0,0,-25000,-25000
2009/03/30,0,3794000,-1512000,2282000
2009/03/31,0,419000,-1947000,-1528000
2009/04/01,0,0,-302000,-302000
2009/04/02,0,1102000,-864000,238000
2009/04/03,0,499000,-64000,435000
2009/04/06,0,0,-691000,-691000
2009/04/07,0,0,-600000,-600000
2009/04/08,0,38000,-192000,-154000
2009/04/09,0,347000,-9224000,-8877000
2009/04/10,0,486000,-2500000,-2014000
2009/04/13,0,904000,-1727000,-823000
2009/04/14,0,1803000,-1011000,792000
2009/04/15,0,937000,-655800,281200
2009/04/16,0,11289000,-355000,10934000
2009/04/17,0,3646000,-1815000,1831000
2009/04/20,0,622000,-1423000,-801000
2009/04/21,0,4978000,-718000,4260000
2009/04/22,0,8300000,-1304400,6995600
2009/04/23,0,361000,-9390500,-9029500
2009/04/24,0,1064000,-11273000,-10209000
2009/04/27,0,10799000,-112045,10686955
2009/04/28,0,10232000,-4364000,5868000
2009/04/29,0,2227000,-349000,1878000
2009/04/30,0,691000,-65000,626000
2009/05/01,0,0,0,0
2009/05/04,0,1491000,-7147000,-5656000
2009/05/05,0,898000,-493000,405000
2009/05/06,0,2781000,-1595500,1185500
2009/05/07,0,2922127,-3061127,-139000
2009/05/08,0,1715000,-125000,1590000
2009/05/11,0,4740000,-1376000,3364000
2009/05/12,0,4143000,-1159000,2984000
2009/05/13,0,8011000,-359000,7652000
2009/05/14,0,22009000,-1682000,20327000
2009/05/15,0,3210000,-11689000,-8479000
2009/05/18,0,5049000,-3333000,1716000
2009/05/19,0,2402000,-5439000,-3037000
2009/05/20,0,4791000,-7346000,-2555000
2009/05/21,0,6627000,-16759000,-10132000
2009/05/22,0,23396000,-14127000,9269000
2009/05/25,0,6173713,-2945000,3228713
2009/05/26,0,8301000,-6970000,1331000
2009/05/27,0,83564880,-48792713,34772167
2009/05/28,0,0,0,0
2009/05/29,0,0,0,0
2009/06/01,0,25072000,-7887000,17185000
2009/06/02,0,3974000,-2879000,1095000
2009/06/03,0,4831000,-1286078,3544922
2009/06/04,0,7405000,-2050000,5355000
2009/06/05,0,519000,-1675371,-1156371
2009/06/08,0,2140000,-2888000,-748000
2009/06/09,0,1955000,-824200,1130800
2009/06/10,0,1391000,-459529,931471
2009/06/11,0,1494000,-1157000,337000
2009/06/12,0,387000,-2166000,-1779000
2009/06/15,0,599000,-683000,-84000
2009/06/16,0,2097000,-2014120,82880
2009/06/17,0,485000,-2063000,-1578000
2009/06/18,0,840000,-3126000,-2286000
2009/06/19,0,922000,-3176000,-2254000
2009/06/22,0,1331000,-1277400,53600
2009/06/23,0,1114900,-5711000,-4596100
2009/06/24,0,3494000,-3727000,-233000
2009/06/25,0,723000,-3028000,-2305000
2009/06/26,0,446000,-1717000,-1271000
2009/06/29,0,2836000,-6233000,-3397000
2009/06/30,0,1681000,-913648,767352
2009/07/01,0,1523000,-839000,684000
2009/07/02,0,1187000,-427000,760000
2009/07/03,0,493000,-794639,-301639
2009/07/06,0,242000,-1234000,-992000
2009/07/07,0,804000,-502990,301010
2009/07/08,0,416000,-1613000,-1197000
2009/07/09,0,5388000,-11680000,-6292000
2009/07/10,0,728000,-1646000,-918000
2009/07/13,0,160000,-6050000,-5890000
2009/07/14,0,250000,-965250,-715250
2009/07/15,0,2340000,-641000,1699000
2009/07/16,0,27000,-387000,-360000
2009/07/17,0,1367000,-921170,445830
2009/07/20,0,14000,-191000,-177000
2009/07/21,0,1500000,-983600,516400
2009/07/22,0,1850000,-1116800,733200
2009/07/23,0,1157000,-4315990,-3158990
2009/07/24,0,498000,-818000,-320000
2009/07/27,0,13090000,-122000,12968000
2009/07/28,0,3837000,-1248000,2589000
2009/07/29,0,7844614,-1179000,6665614
2009/07/30,0,1401000,-2057000,-656000
2009/07/31,0,1427000,-1278000,149000
2009/08/03,0,931000,-2224000,-1293000
2009/08/04,0,141000,-2250000,-2109000
2009/08/05,0,890000,-812000,78000
2009/08/06,0,871000,-1461000,-590000
2009/08/07,0,0,0,0
2009/08/10,0,9610026,-2693000,6917026
2009/08/11,0,3851000,-2633700,1217300
2009/08/12,0,1702000,-3611000,-1909000
2009/08/13,0,5163000,-1404000,3759000
2009/08/14,0,773000,-2221000,-1448000
2009/08/17,0,209000,-2383000,-2174000
2009/08/18,0,631000,-1550000,-919000
2009/08/19,0,107000,-6793000,-6686000
2009/08/20,0,1019000,-2427000,-1408000
2009/08/21,0,8271000,-5199430,3071570
2009/08/24,0,1728000,-314991,1413009
2009/08/25,0,48000,-2292000,-2244000
2009/08/26,0,582000,-1633000,-1051000
2009/08/27,0,1818000,-15332000,-13514000
2009/08/28,0,3568000,-4203000,-635000
2009/08/31,0,351000,-4451280,-4100280
2009/09/01,0,6106451,-250112,5856339
2009/09/02,0,313000,-4831000,-4518000
2009/09/03,0,1335000,-1434000,-99000
2009/09/04,0,534695,-1223000,-688305
2009/09/07,0,3541000,-545000,2996000
2009/09/08,0,3920000,-2064000,1856000
2009/09/09,0,1054000,-280000,774000
2009/09/10,0,6157000,-1599780,4557220
2009/09/11,0,832000,-315000,517000
2009/09/14,0,281000,-2367000,-2086000
2009/09/15,0,2629000,-22000,2607000
2009/09/16,0,1957757,-1461000,496757
2009/09/17,0,1703000,-1404270,298730
2009/09/18,0,4774000,-2365000,2409000
2009/09/21,0,908000,-3369000,-2461000
2009/09/22,0,318000,-347000,-29000
2009/09/23,0,629000,-1171000,-542000
2009/09/24,0,856000,-853000,3000
2009/09/25,0,130000,-3582270,-3452270
2009/09/28,0,795000,-356000,439000
2009/09/29,0,2758000,-270000,2488000
2009/09/30,0,3922000,-1112549,2809451
2009/10/01,0,776000,-1718000,-942000
2009/10/02,0,1093000,-2356200,-1263200
2009/10/05,0,1573100,-2825100,-1252000
2009/10/06,0,2518000,-413000,2105000
2009/10/07,0,1047000,-3299620,-2252620
2009/10/08,0,1947000,-5514000,-3567000
2009/10/09,0,820000,-303000,517000
2009/10/12,0,742000,-3080000,-2338000
2009/10/13,0,1349450,-1464629,-115179
2009/10/14,0,1839000,-454000,1385000
2009/10/15,0,3006200,-73000,2933200
2009/10/16,0,1178000,-341000,837000
2009/10/19,0,956000,-65300,890700
2009/10/20,0,400000,-1922000,-1522000
2009/10/21,0,1345000,-2793000,-1448000
2009/10/22,0,475000,-3855700,-3380700
2009/10/23,0,1606000,-1460000,146000
2009/10/26,0,1611000,-786000,825000
2009/10/27,0,259000,-1334000,-1075000
2009/10/28,0,1709000,-4818000,-3109000
2009/10/29,0,1478000,-4593000,-3115000
2009/10/30,0,1009000,-3013000,-2004000
2009/11/02,0,597000,-3356700,-2759700
2009/11/03,0,253000,-3672000,-3419000
2009/11/04,0,5956000,-1256000,4700000
2009/11/05,0,22637000,-2596000,20041000
2009/11/06,0,3704000,-2174000,1530000
2009/11/09,0,2009000,-1967000,42000
2009/11/10,0,879000,-1682201,-803201
2009/11/11,0,2789500,-4683000,-1893500
2009/11/12,0,18304000,-1938000,16366000
2009/11/13,0,1916000,-2864000,-948000
2009/11/16,0,7663000,-867000,6796000
2009/11/17,0,2821000,-7701000,-4880000
2009/11/18,0,5296000,-25283000,-19987000
2009/11/19,0,1989000,-603600,1385400
2009/11/20,0,1263000,-1882000,-619000
2009/11/23,0,779000,-1452000,-673000
2009/11/24,0,1805600,-1583000,222600
2009/11/25,0,4371000,-80000,4291000
2009/11/26,0,600000,-550814,49186
2009/11/27,0,347000,-5557000,-5210000
2009/11/30,0,3492860,-2734000,758860
2009/12/01,0,3032000,-1937221,1094779
2009/12/02,0,1620000,-273000,1347000
2009/12/03,0,1844000,-115755,1728245
2009/12/04,0,2381000,-120000,2261000
2009/12/07,0,2259000,-154000,2105000
2009/12/08,0,1126000,-2105000,-979000
2009/12/09,0,1338000,-358320,979680
2009/12/10,0,919000,-3267390,-2348390
2009/12/11,0,2816000,-821000,1995000
2009/12/14,0,1327000,-1716500,-389500
2009/12/15,0,1452000,0,1452000
2009/12/16,0,725000,-926000,-201000
2009/12/17,0,1213290,-772000,441290
2009/12/18,0,237000,-1376000,-1139000
2009/12/21,0,911000,-2044000,-1133000
2009/12/22,0,1924000,-142000,1782000
2009/12/23,0,1541000,-1522871,18129
2009/12/24,0,118000,-73000,45000
2009/12/25,0,2395000,-5843000,-3448000
2009/12/28,0,7890000,-6142000,1748000
2009/12/29,0,3342000,-5827000,-2485000
2009/12/30,0,4122000,-2364000,1758000
2009/12/31,0,3074000,-3565365,-491365
2010/01/01,0,0,0,0
2010/01/04,0,5287000,-2221000,3066000
2010/01/05,0,1107000,-6574000,-5467000
2010/01/06,0,5968000,-836000,5132000
2010/01/07,0,5391000,-812041,4578959
2010/01/08,0,1754610,-3780000,-2025390
2010/01/11,0,2692000,-3762000,-1070000
2010/01/12,0,2761000,-855000,1906000
2010/01/13,0,707000,-2174000,-1467000
2010/01/14,0,313000,-1804340,-1491340
2010/01/15,0,882000,-1813000,-931000
2010/01/18,0,489000,-589370,-100370
2010/01/19,0,224000,-2095420,-1871420
2010/01/20,0,359000,-2270000,-1911000
2010/01/21,0,2338000,-2473300,-135300
2010/01/22,0,2856000,-2187000,669000
2010/01/25,0,664470,-2084000,-1419530
2010/01/26,0,970000,-5079000,-4109000
2010/01/27,0,1133000,-935370,197630
2010/01/28,0,1016000,-2305000,-1289000
2010/01/29,0,1944000,-3067260,-1123260
2010/02/01,0,1627000,-3734900,-2107900
2010/02/02,0,879000,-4357220,-3478220
2010/02/03,0,210810,-736000,-525190
2010/02/04,0,895000,-1219000,-324000
2010/02/05,0,200000,-3104670,-2904670
2010/02/08,0,135000,-2872233,-2737233
2010/02/09,0,897000,-1191790,-294790
2010/02/10,0,47000,-2397000,-2350000
2010/02/11,0,0,0,0
2010/02/12,0,0,0,0
2010/02/15,0,0,0,0
2010/02/16,0,0,0,0
2010/02/17,0,0,0,0
2010/02/18,0,0,0,0
2010/02/19,0,0,0,0
2010/02/22,0,1976000,-524865,1451135
2010/02/23,0,2548000,-798000,1750000
2010/02/24,0,2204000,-1788000,416000
2010/02/25,0,2987000,-3228000,-241000
2010/02/26,0,2073000,-454902,1618098
2010/03/01,0,2076000,-479000,1597000
2010/03/02,0,1731000,-980000,751000
2010/03/03,0,714000,-540000,174000
2010/03/04,0,643200,-2114400,-1471200
2010/03/05,0,1982000,-214000,1768000
2010/03/08,0,1759000,-9730500,-7971500
2010/03/09,0,5319690,-8752000,-3432310
2010/03/10,0,1661000,-118717,1542283
2010/03/11,0,1016000,-2199000,-1183000
2010/03/12,0,1336000,-52000,1284000
2010/03/15,0,471000,-1333000,-862000
2010/03/16,0,372000,-12000,360000
2010/03/17,0,18995000,-44000,18951000
2010/03/18,0,2461000,-1322000,1139000
2010/03/19,0,1169000,-719000,450000
2010/03/22,0,197000,-2801290,-2604290
2010/03/23,0,1361000,-942000,419000
2010/03/24,0,3533000,-3639000,-106000
2010/03/25,0,5401000,-2714000,2687000
2010/03/26,0,5703000,-16358000,-10655000
2010/03/29,0,4464000,-3520000,944000
2010/03/30,0,3733000,-2384000,1349000
2010/03/31,0,1711000,-4375580,-2664580
2010/04/01,0,3770000,-2906185,863815
2010/04/02,0,1622000,-1028000,594000
2010/04/05,0,0,0,0
2010/04/06,0,1628000,-12076000,-10448000
2010/04/07,0,5280010,-12572580,-7292570
2010/04/08,0,6145000,-9824000,-3679000
2010/04/09,0,6493887,-5071080,1422807
2010/04/12,0,4416430,-12578000,-8161570
2010/04/13,0,3631000,-7014000,-3383000
2010/04/14,0,3456000,-5283900,-1827900
2010/04/15,0,13142000,-6788000,6354000
2010/04/16,0,3930590,-7064000,-3133410
2010/04/19,0,5734000,-5670000,64000
2010/04/20,0,849000,-2799000,-1950000
2010/04/21,0,1198000,-2171000,-973000
2010/04/22,0,316000,-2080870,-1764870
2010/04/23,0,2517000,-1876000,641000
2010/04/26,0,3665000,-183000,3482000
2010/04/27,0,503000,-1927000,-1424000
2010/04/28,0,5136000,-3120460,2015540
2010/04/29,0,1344000,-3853700,-2509700
2010/04/30,0,4659000,-694000,3965000
2010/05/03,0,2060000,-2651000,-591000
2010/05/04,0,3222000,-2109000,1113000
2010/05/05,0,3957000,-6140890,-2183890
2010/05/06,0,2095182,-5599000,-3503818
2010/05/07,0,1789000,-3542790,-1753790
2010/05/10,0,1955110,-21562550,-19607440
2010/05/11,0,869000,-7447000,-6578000
2010/05/12,0,1524000,-966900,557100
2010/05/13,0,3785000,0,3785000
2010/05/14,0,1644000,-611000,1033000
2010/05/17,0,439000,-2215000,-1776000
2010/05/18,0,2407254,-837000,1570254
2010/05/19,0,3321000,-1818000,1503000
2010/05/20,0,4816000,-3246000,1570000
2010/05/21,0,3041000,-1701720,1339280
2010/05/24,0,652000,-1413000,-761000
2010/05/25,0,3324000,-4039000,-715000
2010/05/26,0,4659000,-4979000,-320000
2010/05/27,0,8276000,-1574826,6701174
2010/05/28,0,11531000,-4448000,7083000
2010/05/31,0,1377000,-555000,822000
2010/06/01,0,5943000,-1330000,4613000
2010/06/02,0,1960000,-1353000,607000
2010/06/03,0,3836000,-7000,3829000
2010/06/04,0,3278000,-179000,3099000
2010/06/07,0,1168000,-2345000,-1177000
2010/06/08,0,363000,-1800000,-1437000
2010/06/09,0,1452000,-1531000,-79000
2010/06/10,0,2873000,-555000,2318000
2010/06/11,0,2459941,-230000,2229941
2010/06/14,0,3189941,-153000,3036941
2010/06/15,0,4268882,-735260,3533622
2010/06/16,0,0,0,0
2010/06/17,0,5519703,-440000,5079703
2010/06/18,0,5498966,-690000,4808966
2010/06/21,0,6078680,-255092,5823588
2010/06/22,0,681094,-764000,-82906
2010/06/23,0,773938,-318587,455351
2010/06/24,0,983000,-1458430,-475430
2010/06/25,0,839616,-1335000,-495384
2010/06/28,0,1246000,-439000,807000
2010/06/29,0,2556000,-1843000,713000
2010/06/30,0,2052000,-1746000,306000
2010/07/01,0,8265000,-11448650,-3183650
2010/07/02,0,924000,-2065540,-1141540
2010/07/05,0,1110292,-5730000,-4619708
2010/07/06,0,2256000,-961000,1295000
2010/07/07,0,2386786,-1203000,1183786
2010/07/08,0,1183000,-205000,978000
2010/07/09,0,1545000,-790126,754874
2010/07/12,0,2197000,-72968,2124032
2010/07/13,0,1376000,-191000,1185000
2010/07/14,0,4207740,-231683,3976057
2010/07/15,0,2308000,-1237000,1071000
2010/07/16,0,413293,-786000,-372707
2010/07/19,0,2060000,-194000,1866000
2010/07/20,0,2788000,-310000,2478000
2010/07/21,0,1704000,-716000,988000
2010/07/22,0,966000,-1039000,-73000
2010/07/23,0,3343000,-1214000,2129000
2010/07/26,0,1244950,-469000,775950
2010/07/27,0,506909,-763000,-256091
2010/07/28,0,1654000,-158800,1495200
2010/07/29,0,1704000,-670970,1033030
2010/07/30,0,602850,-1104000,-501150
2010/08/02,0,4627000,-771000,3856000
2010/08/03,0,648000,-1105000,-457000
2010/08/04,0,390000,-599000,-209000
2010/08/05,0,1158000,-701000,457000
2010/08/06,0,1261000,-1050000,211000
2010/08/09,0,21548000,-157500,21390500
2010/08/10,0,9584000,-3204000,6380000
2010/08/11,0,9610000,-2874707,6735293
2010/08/12,0,3416000,-2218000,1198000
2010/08/13,0,1076000,-1289246,-213246
2010/08/16,0,164000,-2268000,-2104000
2010/08/17,0,732000,-405000,327000
2010/08/18,0,1175000,-6583000,-5408000
2010/08/19,0,1354000,-1263000,91000
2010/08/20,0,818000,-420000,398000
2010/08/23,0,3547000,-1945000,1602000
2010/08/24,0,409000,-18752000,-18343000
2010/08/25,0,1403000,-12116000,-10713000
2010/08/26,0,253000,-2065000,-1812000
2010/08/27,0,755000,-1751000,-996000
2010/08/30,0,1760627,-1091000,669627
2010/08/31,0,3865000,-2288941,1576059
2010/09/01,0,719000,-1816000,-1097000
2010/09/02,0,863932,-671000,192932
2010/09/03,0,1111000,-2351000,-1240000
2010/09/06,0,771000,-654000,117000
2010/09/07,0,200111,-101620,98491
2010/09/08,0,1400140,-412000,988140
2010/09/09,0,1443000,-146000,1297000
2010/09/10,0,2264010,-87000,2177010
2010/09/13,0,7788000,-540250,7247750
2010/09/14,0,2437836,-576000,1861836
2010/09/15,0,3916359,-601000,3315359
2010/09/16,0,2711000,-18000,2693000
2010/09/17,0,3450000,-1756000,1694000
2010/09/20,0,1344000,-98000,1246000
2010/09/21,0,1375000,-5000,1370000
2010/09/22,0,0,0,0
2010/09/23,0,1669821,-12000,1657821
2010/09/24,0,3527500,-1307000,2220500
2010/09/27,0,2106700,-270000,1836700
2010/09/28,0,1808910,-1784000,24910
2010/09/29,0,4498000,-1012000,3486000
2010/09/30,0,994000,-263000,731000
2010/10/01,0,3084690,-61000,3023690
2010/10/04,0,4121830,-380000,3741830
2010/10/05,0,3402420,-3077282,325138
2010/10/06,0,2148189,-94000,2054189
2010/10/07,0,1702640,-519000,1183640
2010/10/08,0,5112840,-1539000,3573840
2010/10/11,0,2680330,-822000,1858330
2010/10/12,0,1722030,-1651000,71030
2010/10/13,0,1574640,-734000,840640
2010/10/14,0,1571530,-2418000,-846470
2010/10/15,0,842860,-1630000,-787140
2010/10/18,0,157000,-2084000,-1927000
2010/10/19,0,1325000,-2062000,-737000
2010/10/20,0,260000,-2919000,-2659000
2010/10/21,0,1013000,-1886000,-873000
2010/10/22,0,430000,-1813000,-1383000
2010/10/25,0,2970000,-589000,2381000
2010/10/26,0,987112,-1074000,-86888
2010/10/27,0,856320,-222000,634320
2010/10/28,0,5603939,-1887925,3716014
2010/10/29,0,472000,-186000,286000
2010/11/01,0,2748000,-307000,2441000
2010/11/02,0,1377000,-648000,729000
2010/11/03,0,2492000,-268000,2224000
2010/11/04,0,1194000,-2786000,-1592000
2010/11/05,0,1428000,-249688,1178312
2010/11/08,0,1414000,-458000,956000
2010/11/09,0,1426000,-646000,780000
2010/11/10,0,2727000,-708200,2018800
2010/11/11,0,1449000,-970582,478418
2010/11/12,0,421000,-1666000,-1245000
2010/11/15,0,922400,-674000,248400
2010/11/16,0,954000,-965000,-11000
2010/11/17,0,1347000,-1472000,-125000
2010/11/18,0,1407000,-391770,1015230
2010/11/19,0,1968760,-1258000,710760
2010/11/22,0,1201330,-86000,1115330
2010/11/23,0,854920,-809554,45366
2010/11/24,0,1192000,-2488000,-1296000
2010/11/25,0,693000,-809000,-116000
2010/11/26,0,880000,-296000,584000
2010/11/29,0,1067000,-1111125,-44125
2010/11/30,0,2133192,-1537610,595582
2010/12/01,0,4295000,-1084000,3211000
2010/12/02,0,1883000,-352793,1530207
2010/12/03,0,691000,-1349000,-658000
2010/12/06,0,591000,-822000,-231000
2010/12/07,0,4316300,-579000,3737300
2010/12/08,0,1770000,-1720000,50000
2010/12/09,0,3338000,-1453000,1885000
2010/12/10,0,1807000,-2982000,-1175000
2010/12/13,0,2396000,-4717000,-2321000
2010/12/14,0,5922000,-833000,5089000
2010/12/15,0,1705000,-5068000,-3363000
2010/12/16,0,1110000,-984000,126000
2010/12/17,0,1824000,-478000,1346000
2010/12/20,0,1372940,-6369000,-4996060
2010/12/21,0,3653000,-1224175,2428825
2010/12/22,0,1091000,-2676670,-1585670
2010/12/23,0,977000,-1918000,-941000
2010/12/24,0,767000,-871000,-104000
2010/12/27,0,1393000,-822000,571000
2010/12/28,0,1994000,-785000,1209000
2010/12/29,0,3113940,-1371000,1742940
2010/12/30,0,2939000,-1736000,1203000
2010/12/31,0,2418000,-5166650,-2748650
2011/01/03,0,2207000,-650000,1557000
2011/01/04,0,2786000,-97000,2689000
2011/01/05,0,1937000,-1783890,153110
2011/01/06,0,2881000,-740000,2141000
2011/01/07,0,1770000,-2104000,-334000
2011/01/10,0,1342000,-621000,721000
2011/01/11,0,3446000,-1889000,1557000
2011/01/12,0,4824000,-448000,4376000
2011/01/13,0,2932752,-4090000,-1157248
2011/01/14,0,1466000,-1887000,-421000
2011/01/17,0,4746172,-1850000,2896172
2011/01/18,0,2534000,-3693160,-1159160
2011/01/19,0,8122000,-1431195,6690805
2011/01/20,0,1248000,-265000,983000
2011/01/21,0,4225000,-2461000,1764000
2011/01/24,0,2411000,-2880000,-469000
2011/01/25,0,577000,-1500000,-923000
2011/01/26,0,1010000,-1836640,-826640
2011/01/27,0,3830000,-1040570,2789430
2011/01/28,0,3396950,-1330000,2066950
2011/01/31,0,0,0,0
2011/02/01,0,0,0,0
2011/02/02,0,0,0,0
2011/02/03,0,0,0,0
2011/02/04,0,0,0,0
2011/02/07,0,0,0,0
2011/02/08,0,5227000,-4715000,512000
2011/02/09,0,10873000,-2314790,8558210
2011/02/10,0,3522000,-2172250,1349750
2011/02/11,0,3129000,-6450000,-3321000
2011/02/14,0,125000,-4842990,-4717990
2011/02/15,0,1515000,-5920000,-4405000
2011/02/16,0,9113000,-3737000,5376000
2011/02/17,0,1813000,-5638620,-3825620
2011/02/18,0,2344000,-469000,1875000
2011/02/21,0,2644000,-1281000,1363000
2011/02/22,0,645000,-6122000,-5477000
2011/02/23,0,2427918,-2107691,320227
2011/02/24,0,4948000,-3956000,992000
2011/02/25,0,2794000,-3889648,-1095648
2011/02/28,0,0,0,0
2011/03/01,0,648805,-2412000,-1763195
2011/03/02,0,2315098,-4741000,-2425902
2011/03/03,0,4344000,-418000,3926000
2011/03/04,0,2439000,-290000,2149000
2011/03/07,0,5345000,-449000,4896000
2011/03/08,0,1965000,-596000,1369000
2011/03/09,0,1014000,-447676,566324
2011/03/10,0,457000,-1504470,-1047470
2011/03/11,0,1459000,-1010570,448430
2011/03/14,0,1505000,-2063000,-558000
2011/03/15,0,4052000,-4887190,-835190
2011/03/16,0,1789000,-1905490,-116490
2011/03/17,0,2138000,-1273610,864390
2011/03/18,0,2389000,-2392334,-3334
2011/03/21,0,1376000,-1090000,286000
2011/03/22,0,1720000,-1616000,104000
2011/03/23,0,3056000,-2205000,851000
2011/03/24,0,1768000,-1646000,122000
2011/03/25,0,3507000,-2383000,1124000
2011/03/28,0,3761000,-421000,3340000
2011/03/29,0,3410000,-134000,3276000
2011/03/30,0,3377000,-685000,2692000
2011/03/31,0,3321000,-1068676,2252324
2011/04/01,0,1613000,-1047000,566000
2011/04/04,0,0,0,0
2011/04/05,0,0,0,0
2011/04/06,0,8163492,-722000,7441492
2011/04/07,0,4149000,-258000,3891000
2011/04/08,0,5766836,-1187000,4579836
2011/04/11,0,1798000,-297000,1501000
2011/04/12,0,1685052,-1499000,186052
2011/04/13,0,1205000,-278000,927000
2011/04/14,0,846000,-592000,254000
2011/04/15,0,2019000,-471000,1548000
2011/04/18,0,743000,-184624,558376
2011/04/19,0,1653000,-6310000,-4657000
2011/04/20,0,5192000,-1286587,3905413
2011/04/21,0,4109000,-203000,3906000
2011/04/22,0,1205000,-23000,1182000
2011/04/25,0,886000,-345763,540237
2011/04/26,0,3008000,-404588,2603412
2011/04/27,0,1672000,-160000,1512000
2011/04/28,0,2555571,-716000,1839571
2011/04/29,0,1525000,-354000,1171000
2011/05/02,0,0,0,0
2011/05/03,0,3687000,-608000,3079000
2011/05/04,0,1990000,-1482000,508000
2011/05/05,0,360000,-411000,-51000
2011/05/06,0,288000,-526000,-238000
2011/05/09,0,5024000,-161000,4863000
2011/05/10,0,1224000,-1269000,-45000
2011/05/11,0,2829000,-734000,2095000
2011/05/12,0,2606000,-898000,1708000
2011/05/13,0,3840000,-1034000,2806000
2011/05/16,0,1678000,-1934000,-256000
2011/05/17,0,2249250,-870000,1379250
2011/05/18,0,1703000,-495000,1208000
2011/05/19,0,2657000,-1023000,1634000
2011/05/20,0,3025000,-618000,2407000
2011/05/23,0,1664000,-3054000,-1390000
2011/05/24,0,530000,-472828,57172
2011/05/25,0,1198000,-3103270,-1905270
2011/05/26,0,682974,-496753,186221
2011/05/27,0,3927000,-186000,3741000
2011/05/30,0,425000,-2087000,-1662000
2011/05/31,0,14989000,-817085,14171915
2011/06/01,0,9995000,-1619906,8375094
2011/06/02,0,3490000,-504000,2986000
2011/06/03,0,1196000,-545000,651000
2011/06/06,0,0,0,0
2011/06/07,0,1194000,-1070000,124000
2011/06/08,0,1917000,-647070,1269930
2011/06/09,0,1247000,-94000,1153000
2011/06/10,0,5980000,-2866382,3113618
2011/06/13,0,311000,-1894276,-1583276
2011/06/14,0,1881000,-543000,1338000
2011/06/15,0,5252000,-3050000,2202000
2011/06/16,0,502000,-919000,-417000
2011/06/17,0,1605000,-748000,857000
2011/06/20,0,773000,-419263,353737
2011/06/21,0,1658000,-537000,1121000
2011/06/22,0,293000,-4894000,-4601000
2011/06/23,0,1606290,-484135,1122155
2011/06/24,0,4593000,-821769,3771231
2011/06/27,0,1532000,-611323,920677
2011/06/28,0,730000,-1662343,-932343
2011/06/29,0,1768000,-1753000,15000
2011/06/30,0,1787000,-824000,963000
2011/07/01,0,252623,-260000,-7377
2011/07/04,0,2565775,-2880393,-314618
2011/07/05,0,2404180,-1014000,1390180
2011/07/06,0,363000,-334000,29000
2011/07/07,0,1256000,-526000,730000
2011/07/08,0,2315000,-840000,1475000
2011/07/11,0,749000,-2114000,-1365000
2011/07/12,0,1586831,-906000,680831
2011/07/13,0,879000,-512000,367000
2011/07/14,0,1858240,-1293000,565240
2011/07/15,0,1490950,-284000,1206950
2011/07/18,0,260000,-1018000,-758000
2011/07/19,0,1631000,-922500,708500
2011/07/20,0,963286,-293000,670286
2011/07/21,0,1062575,-2308000,-1245425
2011/07/22,0,3611000,-1104000,2507000
2011/07/25,0,401953,-186000,215953
2011/07/26,0,1493510,-111000,1382510
2011/07/27,0,6323000,-389000,5934000
2011/07/28,0,1222000,-604000,618000
2011/07/29,0,1217000,-1161382,55618
2011/08/01,0,3223606,-1257000,1966606
2011/08/02,0,301000,-562000,-261000
2011/08/03,0,1250000,-393000,857000
2011/08/04,0,1636000,-642000,994000
2011/08/05,0,826000,-2419000,-1593000
2011/08/08,0,1047000,-6175000,-5128000
2011/08/09,0,218000,-119000,99000
2011/08/10,0,2933468,-13273000,-10339532
2011/08/11,0,5046000,-2943000,2103000
2011/08/12,0,1139574,-5671000,-4531426
2011/08/15,0,1783276,-756000,1027276
2011/08/16,0,1071000,-1743000,-672000
2011/08/17,0,1814000,-3506000,-1692000
2011/08/18,0,1608372,-3879000,-2270628
2011/08/19,0,2656000,-745000,1911000
2011/08/22,0,3057000,-1857000,1200000
2011/08/23,0,2615000,-959674,1655326
2011/08/24,0,637000,-4604000,-3967000
2011/08/25,0,1690000,-2496864,-806864
2011/08/26,0,1259000,-1581000,-322000
2011/08/29,0,2336000,-1651000,685000
2011/08/30,0,1403000,-2823000,-1420000
2011/08/31,0,1350000,-910117,439883
2011/09/01,0,3072000,-870503,2201497
2011/09/02,0,2833000,-1365000,1468000
2011/09/05,0,222000,-3664000,-3442000
2011/09/06,0,272000,-3652560,-3380560
2011/09/07,0,1322000,-341000,981000
2011/09/08,0,1377000,-1832000,-455000
2011/09/09,0,5417000,-1245000,4172000
2011/09/12,0,0,0,0
2011/09/13,0,1383000,-3419000,-2036000
2011/09/14,0,1725000,-3550480,-1825480
2011/09/15,0,3844000,-904000,2940000
2011/09/16,0,2862000,-1068000,1794000
2011/09/19,0,1652000,-404000,1248000
2011/09/20,0,1422640,-1736000,-313360
2011/09/21,0,1718000,-699000,1019000
2011/09/22,0,1513480,-4607000,-3093520
2011/09/23,0,2261000,-1643000,618000
2011/09/26,0,908000,-1304000,-396000
2011/09/27,0,3208000,-2609000,599000
2011/09/28,0,2677697,-1359000,1318697
2011/09/29,0,3748000,-970000,2778000
2011/09/30,0,1573000,-2809000,-1236000
2011/10/03,0,1278000,-8179628,-6901628
2011/10/04,0,5044000,-5160000,-116000
2011/10/05,0,1725000,-3606000,-1881000
2011/10/06,0,4307000,-2614000,1693000
2011/10/07,0,1631000,-598000,1033000
2011/10/10,0,0,0,0
2011/10/11,0,4939000,-622000,4317000
2011/10/12,0,3554000,-489000,3065000
2011/10/13,0,1702000,-1752000,-50000
2011/10/14,0,650000,-4709000,-4059000
2011/10/17,0,1702000,-525000,1177000
2011/10/18,0,626000,-476000,150000
2011/10/19,0,594000,-958000,-364000
2011/10/20,0,556000,-1819000,-1263000
2011/10/21,0,288000,-508000,-220000
2011/10/24,0,3881000,-1251000,2630000
2011/10/25,0,785000,-208000,577000
2011/10/26,0,718000,-725000,-7000
2011/10/27,0,782000,-555000,227000
2011/10/28,0,3246000,-3855240,-609240
2011/10/31,0,2205000,-1188654,1016346
2011/11/01,0,2932000,-575000,2357000
2011/11/02,0,1348000,-1325000,23000
2011/11/03,0,1011000,-3746000,-2735000
2011/11/04,0,2348000,-995000,1353000
2011/11/07,0,1056000,-2661000,-1605000
2011/11/08,0,466000,-1308113,-842113
2011/11/09,0,1602000,-1071000,531000
2011/11/10,0,984000,-5620000,-4636000
2011/11/11,0,1104000,-3097000,-1993000
2011/11/14,0,1737000,-1148000,589000
2011/11/15,0,1932000,-1014000,918000
2011/11/16,0,4756000,-25474000,-20718000
2011/11/17,0,3875000,-25135632,-21260632
2011/11/18,0,2844000,-17971000,-15127000
2011/11/21,0,971000,-4627000,-3656000
2011/11/22,0,9959000,-12046447,-2087447
2011/11/23,0,5095000,-10413000,-5318000
2011/11/24,0,2716343,-4606000,-1889657
2011/11/25,0,1448000,-4328000,-2880000
2011/11/28,0,3715380,-6693000,-2977620
2011/11/29,0,10800000,-10215707,584293
2011/11/30,0,119246235,-148558033,-29311798
2011/12/01,0,22357000,-26467950,-4110950
2011/12/02,0,7751000,-4651000,3100000
2011/12/05,0,6929000,-3571000,3358000
2011/12/06,0,8503000,-10190958,-1687958
2011/12/07,0,2031000,-3206752,-1175752
2011/12/08,0,2732000,-10051327,-7319327
2011/12/09,0,2590000,-11309000,-8719000
2011/12/12,0,2759000,-2147000,612000
2011/12/13,0,2280000,-3974000,-1694000
2011/12/14,0,3412000,-3043000,369000
2011/12/15,0,2118000,-4814150,-2696150
2011/12/16,0,1187000,-4225100,-3038100
2011/12/19,0,3062000,-455000,2607000
2011/12/20,0,3167000,-2485000,682000
2011/12/21,0,1797000,-2875000,-1078000
2011/12/22,0,3500000,-1959000,1541000
2011/12/23,0,1818000,-1566000,252000
2011/12/26,0,425000,-1848000,-1423000
2011/12/27,0,808000,-802000,6000
2011/12/28,0,6755000,-2527000,4228000
2011/12/29,0,1418000,-243000,1175000
2011/12/30,0,613000,-878000,-265000
2012/01/02,0,450000,-388000,62000
2012/01/03,0,1472000,-96000,1376000
2012/01/04,0,5838000,-4197000,1641000
2012/01/05,0,5691000,-5320000,371000
2012/01/06,0,2656000,-2264000,392000
2012/01/09,0,1066000,-382000,684000
2012/01/10,0,1195000,-1540000,-345000
2012/01/11,0,909000,-903000,6000
2012/01/12,0,1212000,-1201000,11000
2012/01/13,0,2603000,-801000,1802000
2012/01/16,0,1087000,-2514000,-1427000
2012/01/17,0,2536000,-1462000,1074000
2012/01/18,0,335000,-4085000,-3750000
2012/01/19,0,0,0,0
2012/01/20,0,0,0,0
2012/01/23,0,0,0,0
2012/01/24,0,0,0,0
2012/01/25,0,0,0,0
2012/01/26,0,0,0,0
2012/01/27,0,0,0,0
2012/01/30,0,1306000,-505000,801000
2012/01/31,0,3493000,-4812000,-1319000
2012/02/01,0,448000,-5235631,-4787631
2012/02/02,0,1128000,-3516000,-2388000
2012/02/03,0,721000,-1103975,-382975
2012/02/06,0,1861000,-11097000,-9236000
2012/02/07,0,1975000,-179000,1796000
2012/02/08,0,1273000,-280000,993000
2012/02/09,0,649000,-2379000,-1730000
2012/02/10,0,1354000,-3022000,-1668000
2012/02/13,0,375000,-3065000,-2690000
2012/02/14,0,921000,-5203000,-4282000
2012/02/15,0,2394000,-3763000,-1369000
2012/02/16,0,2997000,-3942000,-945000
2012/02/17,0,2248000,-1969000,279000
2012/02/20,0,1238000,-1005000,233000
2012/02/21,0,2313000,-714326,1598674
2012/02/22,0,5753000,-1370000,4383000
2012/02/23,0,1230000,-1222000,8000
2012/02/24,0,2467000,-1817000,650000
2012/02/27,0,0,0,0
2012/02/28,0,0,0,0
2012/02/29,0,3449000,-7270000,-3821000
2012/03/01,0,2122000,-3240000,-1118000
2012/03/02,0,2237000,-3083000,-846000
2012/03/05,0,3718000,-2101000,1617000
2012/03/06,0,8170000,-2543000,5627000
2012/03/07,0,1799000,-1295000,504000
2012/03/08,0,1159000,-1559650,-400650
2012/03/09,0,978000,-830000,148000
2012/03/12,0,275000,-154000,121000
2012/03/13,0,1385000,-820000,565000
2012/03/14,0,1847000,-2038000,-191000
2012/03/15,0,905000,-1190000,-285000
2012/03/16,0,2901000,-758000,2143000
2012/03/19,0,44000,-1655000,-1611000
2012/03/20,0,624000,-214000,410000
2012/03/21,0,1308000,-260000,1048000
2012/03/22,0,1957000,-213000,1744000
2012/03/23,0,313000,-173000,140000
2012/03/26,0,89000,-354000,-265000
2012/03/27,0,282000,-381000,-99000
2012/03/28,0,1370000,-1673000,-303000
2012/03/29,0,1789000,-593000,1196000
2012/03/30,0,2018000,-654984,1363016
2012/04/02,0,271000,-1607000,-1336000
2012/04/03,0,912000,-1467016,-555016
2012/04/04,0,0,0,0
2012/04/05,0,2509000,-868000,1641000
2012/04/06,0,423000,-1104000,-681000
2012/04/09,0,336000,-1523000,-1187000
2012/04/10,0,363000,-480000,-117000
2012/04/11,0,142000,-295000,-153000
2012/04/12,0,255064,-1641000,-1385936
2012/04/13,0,533000,-3212000,-2679000
2012/04/16,0,311000,-298000,13000
2012/04/17,0,66000,-1143000,-1077000
2012/04/18,0,591000,-680000,-89000
2012/04/19,0,964000,-205000,759000
2012/04/20,0,658000,-1278521,-620521
2012/04/23,0,524000,-134000,390000
2012/04/24,0,1246000,-1100000,146000
2012/04/25,0,817000,-2219000,-1402000
2012/04/26,0,552000,-2756000,-2204000
2012/04/27,0,1569000,-386000,1183000
2012/04/30,0,1921000,-554000,1367000
2012/05/01,0,0,0,0
2012/05/02,0,620000,-676000,-56000
2012/05/03,0,1738000,-1139000,599000
2012/05/04,0,1144000,-716000,428000
2012/05/07,0,686000,-352000,334000
2012/05/08,0,1405000,-579000,826000
2012/05/09,0,27000,-1196000,-1169000
2012/05/10,0,339000,-61000,278000
2012/05/11,0,40000,-448000,-408000
2012/05/14,0,320000,-1214000,-894000
2012/05/15,0,1502000,-986000,516000
2012/05/16,0,565000,-867000,-302000
2012/05/17,0,615000,-286000,329000
2012/05/18,0,2018000,-664000,1354000
2012/05/21,0,490000,-106456,383544
2012/05/22,0,259000,-498000,-239000
2012/05/23,0,529000,-1180000,-651000
2012/05/24,0,267000,-596000,-329000
2012/05/25,0,271000,-137000,134000
2012/05/28,0,3582000,-3869000,-287000
2012/05/29,0,403000,-258000,145000
2012/05/30,0,735000,-915839,-180839
2012/05/31,0,1979000,-1282000,697000
2012/06/01,0,344000,-2419479,-2075479
2012/06/04,0,1356000,-1383000,-27000
2012/06/05,0,889000,-2825000,-1936000
2012/06/06,0,648000,-1575000,-927000
2012/06/07,0,526000,-1769000,-1243000
2012/06/08,0,71000,-545346,-474346
2012/06/11,0,442000,-2019000,-1577000
2012/06/12,0,288000,-490000,-202000
2012/06/13,0,142000,-183000,-41000
2012/06/14,0,160000,-1816140,-1656140
2012/06/15,0,1037000,-1209590,-172590
2012/06/18,0,642000,-200000,442000
2012/06/19,0,50000,-237000,-187000
2012/06/20,0,319000,-319000,0
2012/06/21,0,212000,-1599000,-1387000
2012/06/22,0,244000,-461000,-217000
2012/06/25,0,0,-207000,-207000
2012/06/26,0,652000,-924000,-272000
2012/06/27,0,508000,-1295000,-787000
2012/06/28,0,436757,-273000,163757
2012/06/29,0,1524756,-1295000,229756
2012/07/02,0,258000,-147000,111000
2012/07/03,0,757000,-18000,739000
2012/07/04,0,362000,-479000,-117000
2012/07/05,0,122000,-434000,-312000
2012/07/06,0,283000,-123000,160000
2012/07/09,0,430000,-436000,-6000
2012/07/10,0,121000,-661000,-540000
2012/07/11,0,175000,-335000,-160000
2012/07/12,0,126000,-683000,-557000
2012/07/13,0,199000,-225000,-26000
2012/07/16,0,275000,-317000,-42000
2012/07/17,0,416000,-80000,336000
2012/07/18,0,189000,-644000,-455000
2012/07/19,0,552000,-21000,531000
2012/07/20,0,210000,-124000,86000
2012/07/23,0,3060,-377000,-373940
2012/07/24,0,296000,-152000,144000
2012/07/25,0,146000,-30000,116000
2012/07/26,0,153000,-168000,-15000
2012/07/27,0,71000,-32000,39000
2012/07/30,0,11000,-91000,-80000
2012/07/31,0,224000,-26000,198000
2012/08/01,0,2816000,-68000,2748000
2012/08/02,0,0,0,0
2012/08/03,0,50000,-245000,-195000
2012/08/06,0,239000,-8000,231000
2012/08/07,0,203000,-292000,-89000
2012/08/08,0,1687000,-707000,980000
2012/08/09,0,845000,-220000,625000
2012/08/10,0,276000,-217000,59000
2012/08/13,0,232000,-442000,-210000
2012/08/14,0,911000,-96000,815000
2012/08/15,0,913000,-35000,878000
2012/08/16,0,3136000,-30000,3106000
2012/08/17,0,888000,-10000,878000
2012/08/20,0,2787000,-378000,2409000
2012/08/21,0,1611000,-307000,1304000
2012/08/22,0,325000,-4000,321000
2012/08/23,0,293000,0,293000
2012/08/24,0,405000,-14000,391000
2012/08/27,0,273000,-56000,217000
2012/08/28,0,616000,-25000,591000
2012/08/29,0,242000,-87000,155000
2012/08/30,0,2286000,-619000,1667000
2012/08/31,0,370000,-290000,80000
2012/09/03,0,166000,-17000,149000
2012/09/04,0,860000,-362000,498000
2012/09/05,0,720000,-999000,-279000
2012/09/06,0,357000,-1218000,-861000
2012/09/07,0,1285000,-4000,1281000
2012/09/10,0,543000,0,543000
2012/09/11,0,231000,-543000,-312000
2012/09/12,0,450000,-1077000,-627000
2012/09/13,0,439000,-765000,-326000
2012/09/14,0,1075000,-1107000,-32000
2012/09/17,0,228000,-217000,11000
2012/09/18,0,234000,-76000,158000
2012/09/19,0,563000,-26000,537000
2012/09/20,0,2030000,-428000,1602000
2012/09/21,0,2543000,-179000,2364000
2012/09/24,0,642000,-73000,569000
2012/09/25,0,181000,-18000,163000
2012/09/26,0,247000,-391000,-144000
2012/09/27,0,815000,-284000,531000
2012/09/28,0,648000,-238000,410000
2012/10/01,0,26000,-489000,-463000
2012/10/02,0,122000,-57000,65000
2012/10/03,0,921000,-16000,905000
2012/10/04,0,573000,-361000,212000
2012/10/05,0,56000,-173000,-117000
2012/10/08,0,310000,-142000,168000
2012/10/09,0,1916000,-412124,1503876
2012/10/10,0,0,0,0
2012/10/11,0,125000,-1002000,-877000
2012/10/12,0,151000,-449000,-298000
2012/10/15,0,170000,-411000,-241000
2012/10/16,0,335000,-86000,249000
2012/10/17,0,1355000,-393000,962000
2012/10/18,0,604000,-58000,546000
2012/10/19,0,468000,-196000,272000
2012/10/22,0,917000,-331000,586000
2012/10/23,0,642000,-351000,291000
2012/10/24,0,613000,-122000,491000
2012/10/25,0,770000,-586000,184000
2012/10/26,0,1407000,-785000,622000
2012/10/29,0,1132000,-1243000,-111000
2012/10/30,0,785000,-48000,737000
2012/10/31,0,77000,-137000,-60000
2012/11/01,0,515000,-446000,69000
2012/11/02,0,772000,-778000,-6000
2012/11/05,0,815000,-627000,188000
2012/11/06,0,812000,-1251980,-439980
2012/11/07,0,748000,-41000,707000
2012/11/08,0,902000,-305000,597000
2012/11/09,0,529000,-815000,-286000
2012/11/12,0,941000,-957000,-16000
2012/11/13,0,1363000,-942000,421000
2012/11/14,0,232000,-765000,-533000
2012/11/15,0,123000,-367000,-244000
2012/11/16,0,316000,-1153000,-837000
2012/11/19,0,651000,-369000,282000
2012/11/20,0,153000,-461000,-308000
2012/11/21,0,68000,-1324000,-1256000
2012/11/22,0,68000,-19000,49000
2012/11/23,0,578000,-315000,263000
2012/11/26,0,241000,-293000,-52000
2012/11/27,0,197000,-566000,-369000
2012/11/28,0,356000,-1064700,-708700
2012/11/29,0,1611060,-448000,1163060
2012/11/30,0,1828000,-611000,1217000
2012/12/03,0,501000,-178000,323000
2012/12/04,0,1268000,-234000,1034000
2012/12/05,0,538000,-1193000,-655000
2012/12/06,0,1052000,-1425000,-373000
2012/12/07,0,757000,-333000,424000
2012/12/10,0,263000,-662000,-399000
2012/12/11,0,1064000,-147000,917000
2012/12/12,0,1335000,-1000,1334000
2012/12/13,0,0,0,0
2012/12/14,0,3303000,-613000,2690000
2012/12/17,0,1241000,-277000,964000
2012/12/18,0,2714000,-834000,1880000
2012/12/19,0,152000,-723000,-571000
2012/12/20,0,2418000,-284000,2134000
2012/12/21,0,4977000,-1260000,3717000
2012/12/24,0,118000,-270000,-152000
2012/12/25,0,808000,-71000,737000
2012/12/26,0,964000,-122000,842000
2012/12/27,0,634000,-102000,532000
2012/12/28,0,2073000,-154000,1919000
2012/12/31,0,0,0,0
2013/01/01,0,0,0,0
2013/01/02,0,2613000,-42000,2571000
2013/01/03,0,3711000,-192000,3519000
2013/01/04,0,1570000,-1223000,347000
2013/01/07,0,2065000,-368000,1697000
2013/01/08,0,569000,-4140000,-3571000
2013/01/09,0,981000,-554000,427000
2013/01/10,0,1443000,-1207182,235818
2013/01/11,0,1004000,-234060,769940
2013/01/14,0,528000,-1280000,-752000
2013/01/15,0,1313000,-1595000,-282000
2013/01/16,0,1975000,-1805949,169051
2013/01/17,0,684000,-2048000,-1364000
2013/01/18,0,518000,-1211000,-693000
2013/01/21,0,1502000,-335000,1167000
2013/01/22,0,1252000,-110000,1142000
2013/01/23,0,961000,-240000,721000
2013/01/24,0,974000,-1102000,-128000
2013/01/25,0,590000,-2600000,-2010000
2013/01/28,0,673000,-654000,19000
2013/01/29,0,84000,-3859000,-3775000
2013/01/30,0,540000,-251000,289000
2013/01/31,0,183000,-1223000,-1040000
2013/02/01,0,3261000,-2805000,456000
2013/02/04,0,2238000,-4542000,-2304000
2013/02/05,0,73000,-190000,-117000
2013/02/06,0,31915,-834000,-802085
2013/02/07,0,0,0,0
2013/02/08,0,0,0,0
2013/02/11,0,0,0,0
2013/02/12,0,0,0,0
2013/02/13,0,0,0,0
2013/02/14,0,0,0,0
2013/02/15,0,0,0,0
2013/02/18,0,269000,-1486000,-1217000
2013/02/19,0,3253000,-522000,2731000
2013/02/20,0,3560000,-1336000,2224000
2013/02/21,0,2274000,-2840000,-566000
2013/02/22,0,2861000,-1692000,1169000
2013/02/25,0,1754000,-2412000,-658000
2013/02/26,0,1562000,-2078000,-516000
2013/02/27,0,2195000,-2643000,-448000
2013/02/28,0,0,0,0
2013/03/01,0,612000,-4733000,-4121000
2013/03/04,0,4604000,-1903000,2701000
2013/03/05,0,3622000,-4200000,-578000
2013/03/06,0,1044000,-5172165,-4128165
2013/03/07,0,4010000,-3640000,370000
2013/03/08,0,3021000,-7747600,-4726600
2013/03/11,0,1613000,-1284600,328400
2013/03/12,0,915000,-2797600,-1882600
2013/03/13,0,794000,-6268218,-5474218
2013/03/14,0,743000,-3263150,-2520150
2013/03/15,0,10296000,-14449547,-4153547
2013/03/18,0,153000,-3330000,-3177000
2013/03/19,0,1221000,-2177000,-956000
2013/03/20,0,77000,-5092686,-5015686
2013/03/21,0,167000,-5873485,-5706485
2013/03/22,0,128000,-2829259,-2701259
2013/03/25,0,17000,-97000,-80000
2013/03/26,0,332000,-1522000,-1190000
2013/03/27,0,633000,-2578000,-1945000
2013/03/28,0,90000,-1017000,-927000
2013/03/29,0,2488000,-307000,2181000
2013/04/01,0,247000,-709000,-462000
2013/04/02,0,337000,-2239000,-1902000
2013/04/03,0,2140000,-1596000,544000
2013/04/04,0,0,0,0
2013/04/05,0,0,0,0
2013/04/08,0,4046000,-903000,3143000
2013/04/09,0,2224000,-3613000,-1389000
2013/04/10,0,1591000,-1425000,166000
2013/04/11,0,3339000,-593000,2746000
2013/04/12,0,4091000,-1600000,2491000
2013/04/15,0,1280000,-5926000,-4646000
2013/04/16,0,2528000,-1573000,955000
2013/04/17,0,448000,-584000,-136000
2013/04/18,0,3173000,-1028400,2144600
2013/04/19,0,622000,-6147300,-5525300
2013/04/22,0,11575000,-10110100,1464900
2013/04/23,0,5262000,-2374000,2888000
2013/04/24,0,1337000,-1510000,-173000
2013/04/25,0,2751000,-3986000,-1235000
2013/04/26,0,6238000,-10239100,-4001100
2013/04/29,0,2817000,-107429,2709571
2013/04/30,0,7124000,-623200,6500800
2013/05/01,0,0,0,0
2013/05/02,0,5261000,-2055000,3206000
2013/05/03,0,736000,-505000,231000
2013/05/06,0,2417000,-29000,2388000
2013/05/07,0,3390000,-143700,3246300
2013/05/08,0,3418135,-3611200,-193065
2013/05/09,0,5560000,-1584870,3975130
2013/05/10,0,1184000,-291000,893000
2013/05/13,0,1996000,-769800,1226200
2013/05/14,0,345000,-811000,-466000
2013/05/15,0,1801000,-766145,1034855
2013/05/16,0,2247000,-405000,1842000
2013/05/17,0,347000,-58000,289000
2013/05/20,0,849000,-2505000,-1656000
2013/05/21,0,1729000,-5210000,-3481000
2013/05/22,0,591000,-1589000,-998000
2013/05/23,0,1887000,-10238000,-8351000
2013/05/24,0,1290000,-846000,444000
2013/05/27,0,7650000,-201000,7449000
2013/05/28,0,4935000,-3269000,1666000
2013/05/29,0,6836000,-8611000,-1775000
2013/05/30,0,1168000,-4520000,-3352000
2013/05/31,0,3120000,-2361219,758781
2013/06/03,0,1947000,-3117000,-1170000
2013/06/04,0,1114000,-1963000,-849000
2013/06/05,0,424000,-1843000,-1419000
2013/06/06,0,469000,-277000,192000
2013/06/07,0,1483000,-1135000,348000
2013/06/10,0,2955000,-3179000,-224000
2013/06/11,0,385000,-3852000,-3467000
2013/06/12,0,0,0,0
2013/06/13,0,627000,-2264000,-1637000
2013/06/14,0,2120000,-3394000,-1274000
2013/06/17,0,1191000,-3611000,-2420000
2013/06/18,0,158000,-5513000,-5355000
2013/06/19,0,1044000,-1642000,-598000
2013/06/20,0,246000,-2199000,-1953000
2013/06/21,0,1440000,-5827000,-4387000
2013/06/24,0,189000,-810000,-621000
2013/06/25,0,747000,-590000,157000
2013/06/26,0,830000,-125000,705000
2013/06/27,0,1099000,-452000,647000
2013/06/28,0,314000,-590000,-276000
2013/07/01,0,1711000,-68000,1643000
2013/07/02,0,428000,-1243000,-815000
2013/07/03,0,1022000,-1769000,-747000
2013/07/04,0,377000,-1128000,-751000
2013/07/05,0,2957000,-165000,2792000
2013/07/08,0,2056000,-443000,1613000
2013/07/09,0,1973000,-859000,1114000
2013/07/10,0,2712000,-950000,1762000
2013/07/11,0,2486000,-3173000,-687000
2013/07/12,0,549000,-4079000,-3530000
2013/07/15,0,672000,-349000,323000
2013/07/16,0,146000,-3014300,-2868300
2013/07/17,0,91000,-2693000,-2602000
2013/07/18,0,274000,-1328000,-1054000
2013/07/19,0,1216000,-1181000,35000
2013/07/22,0,454000,-1257000,-803000
2013/07/23,0,1142000,-1316000,-174000
2013/07/24,0,795000,-735000,60000
2013/07/25,0,263000,-1695000,-1432000
2013/07/26,0,3805000,-693000,3112000
2013/07/29,0,803000,-1255000,-452000
2013/07/30,0,816000,-4910000,-4094000
2013/07/31,0,683000,-6295000,-5612000
2013/08/01,0,700000,-1169000,-469000
2013/08/02,0,565000,-2413000,-1848000
2013/08/05,0,647000,-943000,-296000
2013/08/06,0,668000,-3195000,-2527000
2013/08/07,0,165000,-8192000,-8027000
2013/08/08,0,546000,-677000,-131000
2013/08/09,0,472000,-1221000,-749000
2013/08/12,0,582000,-1211134,-629134
2013/08/13,0,279000,-1823000,-1544000
2013/08/14,0,99000,-287000,-188000
2013/08/15,0,464000,-1025000,-561000
2013/08/16,0,653000,-460000,193000
2013/08/19,0,222000,-515000,-293000
2013/08/20,0,907000,-929000,-22000
2013/08/21,0,0,0,0
2013/08/22,0,659000,-453000,206000
2013/08/23,0,242000,-480000,-238000
2013/08/26,0,469000,-637000,-168000
2013/08/27,0,274000,-656000,-382000
2013/08/28,0,2403000,-472000,1931000
2013/08/29,0,907000,-282000,625000
2013/08/30,0,369000,-347618,21382
2013/09/02,0,414000,-69000,345000
2013/09/03,0,767000,-64000,703000
2013/09/04,0,975000,-145000,830000
2013/09/05,0,665000,-648000,17000
2013/09/06,0,2473000,-494000,1979000
2013/09/09,0,1209000,-782000,427000
2013/09/10,0,66000,-322000,-256000
2013/09/11,0,1290000,-2427000,-1137000
2013/09/12,0,2782000,-2066000,716000
2013/09/13,0,2429000,-1067000,1362000
2013/09/16,0,8937000,-1081000,7856000
2013/09/17,0,260000,-1020000,-760000
2013/09/18,0,1952000,-501000,1451000
2013/09/19,0,0,0,0
2013/09/20,0,0,0,0
2013/09/23,0,2935000,-835000,2100000
2013/09/24,0,2446000,-3864278,-1418278
2013/09/25,0,4199000,-654000,3545000
2013/09/26,0,2114000,-1482000,632000
2013/09/27,0,2366000,-23000,2343000
2013/09/30,0,872000,-927000,-55000
2013/10/01,0,478000,-1333000,-855000
2013/10/02,0,925000,-3996000,-3071000
2013/10/03,0,3410000,-3266000,144000
2013/10/04,0,1357000,-256000,1101000
2013/10/07,0,267000,-243000,24000
2013/10/08,0,1301000,-1585000,-284000
2013/10/09,0,732000,-1387000,-655000
2013/10/10,0,0,0,0
2013/10/11,0,652000,-1537000,-885000
2013/10/14,0,592000,-1126000,-534000
2013/10/15,0,2244000,-561000,1683000
2013/10/16,0,1655000,-846000,809000
2013/10/17,0,433000,-252000,181000
2013/10/18,0,391000,-715000,-324000
2013/10/21,0,289000,-524000,-235000
2013/10/22,0,455000,-403000,52000
2013/10/23,0,200000,-431000,-231000
2013/10/24,0,146000,-659000,-513000
2013/10/25,0,66000,-1905000,-1839000
2013/10/28,0,508000,-2186000,-1678000
2013/10/29,0,903000,-1693000,-790000
2013/10/30,0,1061000,-2038000,-977000
2013/10/31,0,275000,-662000,-387000
2013/11/01,0,1683000,-466000,1217000
2013/11/04,0,1288000,-775000,513000
2013/11/05,0,2910000,-1960000,950000
2013/11/06,0,1564000,-760000,804000
2013/11/07,0,841000,-925000,-84000
2013/11/08,0,51000,-958000,-907000
2013/11/11,0,1946000,-849000,1097000
2013/11/12,0,748000,-1196000,-448000
2013/11/13,0,247000,-281000,-34000
2013/11/14,0,122000,-271000,-149000
2013/11/15,0,260000,-1094000,-834000
2013/11/18,0,285000,-1313000,-1028000
2013/11/19,0,5038000,-2961000,2077000
2013/11/20,0,4344000,-485000,3859000
2013/11/21,0,3333000,-594000,2739000
2013/11/22,0,2639000,-1374000,1265000
2013/11/25,0,1888000,-667000,1221000
2013/11/26,0,3408000,-3745653,-337653
2013/11/27,0,2653000,-594000,2059000
2013/11/28,0,1512000,-2281000,-769000
2013/11/29,0,3677000,-2252000,1425000
2013/12/02,0,2045000,-1084000,961000
2013/12/03,0,2358000,-1212000,1146000
2013/12/04,0,574760,-840000,-265240
2013/12/05,0,1098000,-1873000,-775000
2013/12/06,0,640000,-2567000,-1927000
2013/12/09,0,998000,-1521000,-523000
2013/12/10,0,368000,-1906000,-1538000
2013/12/11,0,725000,-945000,-220000
2013/12/12,0,595000,-958000,-363000
2013/12/13,0,594000,-1419000,-825000
2013/12/16,0,934000,-2752000,-1818000
2013/12/17,0,574000,-2746000,-2172000
2013/12/18,0,1550000,-784000,766000
2013/12/19,0,887000,-419000,468000
2013/12/20,0,1797000,-2657000,-860000
2013/12/23,0,560000,-447000,113000
2013/12/24,0,524000,-559000,-35000
2013/12/25,0,90000,-331000,-241000
2013/12/26,0,427000,-783000,-356000
2013/12/27,0,623000,-566000,57000
2013/12/30,0,997000,-1133000,-136000
2013/12/31,0,5861000,-345000,5516000
2014/01/02,0,6314000,-230000,6084000
2014/01/03,0,301000,-2990000,-2689000
2014/01/06,0,1709000,-337000,1372000
2014/01/07,0,1313000,-290000,1023000
2014/01/08,0,785000,-367000,418000
2014/01/09,0,473000,-1389000,-916000
2014/01/10,0,2024000,-634728,1389272
2014/01/13,0,563000,-969000,-406000
2014/01/14,0,1282000,-725000,557000
2014/01/15,0,1415000,-738000,677000
2014/01/16,0,148000,-1320000,-1172000
2014/01/17,0,225000,-1849000,-1624000
2014/01/20,0,779000,-735000,44000
2014/01/21,0,483000,-561000,-78000
2014/01/22,0,1030000,-651000,379000
2014/01/23,0,265000,-946000,-681000
2014/01/24,0,1235000,-1702000,-467000
2014/01/27,0,2402000,-2683500,-281500
2014/02/05,0,10079000,-1478000,8601000
2014/02/06,0,1808000,-2950000,-1142000
2014/02/07,0,12441000,-1999000,10442000
2014/02/10,0,3530000,-611000,2919000
2014/02/11,0,10120000,-69000,10051000
2014/02/12,0,5529000,-813000,4716000
2014/02/13,0,6721000,-541000,6180000
2014/02/14,0,1511000,-1324000,187000
2014/02/17,0,6039000,-241000,5798000
2014/02/18,0,2339000,-1934000,405000
2014/02/19,0,3822000,-103000,3719000
2014/02/20,0,6576000,-755000,5821000
2014/02/21,0,1624000,-110000,1514000
2014/02/24,0,597000,-554000,43000
2014/02/25,0,3535000,-2101000,1434000
2014/02/26,0,2875000,-928000,1947000
2014/02/27,0,27244000,-26733000,511000
2014/03/03,0,1749000,-3529000,-1780000
2014/03/04,0,2029000,-176000,1853000
2014/03/05,0,1826000,-720000,1106000
2014/03/06,0,1653001,-289000,1364001
2014/03/07,0,5476000,-361000,5115000
2014/03/10,0,1788000,-677000,1111000
2014/03/11,0,704000,0,704000
2014/03/12,0,1907000,-2000,1905000
2014/03/13,0,994000,-55000,939000
2014/03/14,0,613000,-1609000,-996000
2014/03/17,0,537000,-735000,-198000
2014/03/18,0,754000,-317000,437000
2014/03/19,0,155000,-283000,-128000
2014/03/20,0,37000,-520000,-483000
2014/03/21,0,312000,-288000,24000
2014/03/24,0,1251001,-65000,1186001
2014/03/25,0,137000,-604000,-467000
2014/03/26,0,1315000,-346000,969000
2014/03/27,0,236000,-463000,-227000
2014/03/28,0,56000,-177000,-121000
2014/03/31,0,2227476,-155476,2072000
2014/04/01,0,1101000,-199000,902000
2014/04/02,0,2862000,-850000,2012000
2014/04/03,0,1757000,-296000,1461000
2014/04/07,0,2215000,-192000,2023000
2014/04/08,0,1198000,-87000,1111000
2014/04/09,0,1676000,-519000,1157000
2014/04/10,0,3513000,-1184000,2329000
2014/04/11,0,2120000,-2806000,-686000
2014/04/14,0,533001,-688000,-154999
2014/04/15,0,95000,-2416000,-2321000
2014/04/16,0,976000,-248000,728000
2014/04/17,0,430000,-361000,69000
2014/04/18,0,102000,-751000,-649000
2014/04/21,0,212000,-158000,54000
2014/04/22,0,303000,-1627000,-1324000
2014/04/23,0,834000,-1068000,-234000
2014/04/24,0,1308000,-911000,397000
2014/04/25,0,50000,-371000,-321000
2014/04/28,0,781000,-798000,-17000
2014/04/29,0,19997000,-168000,19829000
2014/04/30,0,4214000,-129000,4085000
2014/05/02,0,23394000,-529000,22865000
2014/05/05,0,8246000,-206000,8040000
2014/05/06,0,5817000,-1585000,4232000
2014/05/07,0,9169000,-916000,8253000
2014/05/08,0,6572000,-806000,5766000
2014/05/09,0,9545000,-1318000,8227000
2014/05/12,0,3271000,-6041000,-2770000
2014/05/13,0,2633000,-1756000,877000
2014/05/14,0,6969000,-1217000,5752000
2014/05/15,0,4761000,-420000,4341000
2014/05/16,0,6652000,-1545000,5107000
2014/05/19,0,3146000,-893000,2253000
2014/05/20,0,1518185,-653166,865019
2014/05/21,0,4446000,-781000,3665000
2014/05/22,0,2037000,-311000,1726000
2014/05/23,0,8796000,-2341000,6455000
2014/05/26,0,2620000,-1568000,1052000
2014/05/27,0,3084000,-6417000,-3333000
2014/05/28,0,6090252,-2572000,3518252
2014/05/29,0,3972000,-3689000,283000
2014/05/30,0,3500000,-6235000,-2735000
2014/06/03,0,5150000,-1334000,3816000
2014/06/04,0,2010000,-4799000,-2789000
2014/06/05,0,3720000,-3141000,579000
2014/06/06,0,2332000,-601000,1731000
2014/06/09,0,1915000,-5536000,-3621000
2014/06/10,0,4557683,-1936000,2621683
2014/06/11,0,3854000,-943000,2911000
2014/06/12,0,803000,-1338000,-535000
2014/06/13,0,4478000,-626000,3852000
2014/06/16,0,8852000,-1145000,7707000
2014/06/17,0,9488000,-2813000,6675000
2014/06/18,0,6144000,-2646000,3498000
2014/06/19,0,2454000,-1423000,1031000
2014/06/20,0,6741000,-1878000,4863000
2014/06/23,0,5898000,-3581000,2317000
2014/06/24,0,1474000,-616000,858000
2014/06/25,0,3927000,-235000,3692000
2014/06/26,0,6091151,-629000,5462151
2014/06/27,0,1878000,-939476,938524
2014/06/30,0,4150000,-652000,3498000
2014/07/01,0,1371000,-1370000,1000
2014/07/02,0,7061449,-1131000,5930449
2014/07/03,0,3751000,-2850000,901000
2014/07/04,0,2903000,-409000,2494000
2014/07/07,0,790000,-1966000,-1176000
2014/07/08,0,2691000,-2431000,260000
2014/07/09,0,1963000,-1235000,728000
2014/07/10,0,3479000,-510000,2969000
2014/07/11,0,6165000,-3248000,2917000
2014/07/14,0,5189000,-604000,4585000
2014/07/15,0,1193000,-394000,799000
2014/07/16,0,2360000,-488000,1872000
2014/07/17,0,1790029,-60000,1730029
2014/07/18,0,1674000,-261000,1413000
2014/07/21,0,968000,-2497440,-1529440
2014/07/22,0,3279000,-535000,2744000
2014/07/23,0,0,0,0
2014/07/24,0,1616000,-2009000,-393000
2014/07/25,0,2812000,-668000,2144000
2014/07/28,0,726000,-568000,158000
2014/07/29,0,1847000,-6765000,-4918000
2014/07/30,0,1024000,-1166000,-142000
2014/07/31,0,3213000,-8748000,-5535000
2014/08/01,0,2597000,-899000,1698000
2014/08/04,0,2319000,-2665000,-346000
2014/08/05,0,2786000,-6593406,-3807406
2014/08/06,0,2833000,-2671000,162000
2014/08/07,0,4972409,-8612000,-3639591
2014/08/08,0,3441000,-6757000,-3316000
2014/08/11,0,4085000,-3489304,595696
2014/08/12,0,1712000,-3726000,-2014000
2014/08/13,0,3542000,-1439000,2103000
2014/08/14,0,972000,-3238000,-2266000
2014/08/15,0,24000,-3627000,-3603000
2014/08/18,0,516000,-5563000,-5047000
2014/08/19,0,1728000,-2196000,-468000
2014/08/20,0,721000,-3800000,-3079000
2014/08/21,0,1345000,-2989000,-1644000
2014/08/22,0,1156000,-4542850,-3386850
2014/08/25,0,3037000,-4149000,-1112000
2014/08/26,0,3026000,-3038736,-12736
2014/08/27,0,3925000,-1076000,2849000
2014/08/28,0,721000,-3244038,-2523038
2014/08/29,0,3297000,-904000,2393000
2014/09/01,0,1615000,-1697000,-82000
2014/09/02,0,2944000,-1220000,1724000
2014/09/03,0,4944000,-1436000,3508000
2014/09/04,0,1449000,-484000,965000
2014/09/05,0,815000,-888000,-73000
2014/09/09,0,936634,-1687634,-751000
2014/09/10,0,430000,-909000,-479000
2014/09/11,0,1462000,-560000,902000
2014/09/12,0,153224,-4981000,-4827776
2014/09/15,0,1558000,-473000,1085000
2014/09/16,0,1577000,-1227000,350000
2014/09/17,0,2086000,-1096000,990000
2014/09/18,0,1361000,-868000,493000
2014/09/19,0,896000,-2241000,-1345000
2014/09/22,0,144000,-2410003,-2266003
2014/09/23,0,1000000,-149000,851000
2014/09/24,0,2176000,-79000,2097000
2014/09/25,0,138000,-2247000,-2109000
2014/09/26,0,1032000,-183000,849000
2014/09/29,0,507000,-1550000,-1043000
2014/09/30,0,2067000,-3549000,-1482000
2014/10/01,0,392000,-3010490,-2618490
2014/10/02,0,769000,-3853008,-3084008
2014/10/03,0,160000,-1993000,-1833000
2014/10/06,0,1652000,-1261842,390158
2014/10/07,0,2013000,-2710837,-697837
2014/10/08,0,3713000,-3957634,-244634
2014/10/09,0,118000,-2544357,-2426357
2014/10/13,0,1237000,-789000,448000
2014/10/14,0,1648000,-3219000,-1571000
2014/10/15,0,372000,-3202000,-2830000
2014/10/16,0,1138000,-2542756,-1404756
2014/10/17,0,942000,-1357000,-415000
2014/10/20,0,1082000,-2371392,-1289392
2014/10/21,0,184000,-2240000,-2056000
2014/10/22,0,2396000,-871000,1525000
2014/10/23,0,1095000,-1187000,-92000
2014/10/24,0,746000,-2734371,-1988371
2014/10/27,0,559000,-1680496,-1121496
2014/10/28,0,649000,-2987000,-2338000
2014/10/29,0,742000,-5563252,-4821252
2014/10/30,0,284000,-9530000,-9246000
2014/10/31,0,559000,-14603000,-14044000
2014/11/03,0,464000,-10865000,-10401000
2014/11/04,0,1077000,-11417000,-10340000
2014/11/05,0,597000,-14621000,-14024000
2014/11/06,0,1483000,-12024000,-10541000
2014/11/07,0,2199000,-15892000,-13693000
2014/11/10,0,1029000,-7417000,-6388000
2014/11/11,0,702000,-5506000,-4804000
2014/11/12,0,216000,-6919078,-6703078
2014/11/13,0,11000,-6653000,-6642000
2014/11/14,0,150000,-4661365,-4511365
2014/11/17,0,18000,-2511000,-2493000
2014/11/18,0,2185000,-1823000,362000
2014/11/19,0,503000,-4162000,-3659000
2014/11/20,0,241000,-571000,-330000
2014/11/21,0,1934000,-2700000,-766000
2014/11/24,0,975000,-1415000,-440000
2014/11/25,0,717000,-2803000,-2086000
2014/11/26,0,1149000,-1759000,-610000
2014/11/27,0,648000,-928000,-280000
2014/11/28,0,2746000,-2307000,439000
2014/12/01,0,3135000,-729000,2406000
2014/12/02,0,2068000,-1927000,141000
2014/12/03,0,618000,-2048000,-1430000
2014/12/04,0,442000,-4577000,-4135000
2014/12/05,0,2720000,-273000,2447000
2014/12/08,0,106000,-901000,-795000
2014/12/09,0,252000,-478000,-226000
2014/12/10,0,6542000,-924000,5618000
2014/12/11,0,735000,-1598000,-863000
2014/12/12,0,1000,-4132126,-4131126
2014/12/15,0,349000,-2981000,-2632000
2014/12/16,0,1895000,-4225000,-2330000
2014/12/17,0,1706000,-1891000,-185000
2014/12/18,0,1720000,-2040000,-320000
2014/12/19,0,1889658,-1459000,430658
2014/12/22,0,2028000,-576000,1452000
2014/12/23,0,544000,-316000,228000
2014/12/24,0,470000,-88000,382000
2014/12/25,0,1227000,-443000,784000
2014/12/26,0,196000,-295000,-99000
2014/12/29,0,23000,-166000,-143000
2014/12/30,0,566000,-2937443,-2371443
2014/12/31,0,679000,-1105000,-426000
2015/01/01,0,0,0,0
2015/01/02,0,0,0,0
2015/01/05,0,903000,-2515000,-1612000
2015/01/06,0,1823000,-2419000,-596000
2015/01/07,0,4964000,-2815000,2149000
2015/01/08,0,1677000,-3688000,-2011000
2015/01/09,0,369000,-2721900,-2352900
2015/01/12,0,1535000,-896000,639000
2015/01/13,0,974000,-2204000,-1230000
2015/01/14,0,5427000,-494000,4933000
2015/01/15,0,1124000,-3127000,-2003000
2015/01/16,0,593000,-4181530,-3588530
2015/01/19,0,1508000,-3592000,-2084000
2015/01/20,0,2274000,-305000,1969000
2015/01/21,0,1067000,-3226000,-2159000
2015/01/22,0,1459000,-1533000,-74000
2015/01/23,0,357000,-2725327,-2368327
2015/01/26,0,681000,-1094000,-413000
2015/01/27,0,711000,-1022000,-311000
2015/01/28,0,773000,-515000,258000
2015/01/29,0,610000,-1304000,-694000
2015/01/30,0,1403000,-459000,944000
2015/02/02,0,1778000,-699000,1079000
2015/02/03,0,5539000,-243000,5296000
2015/02/04,0,10779000,-1240000,9539000
2015/02/05,0,4907000,-1374000,3533000
2015/02/06,0,618000,-3154000,-2536000
2015/02/09,0,1905000,-2618000,-713000
2015/02/10,0,3227000,-3781000,-554000
2015/02/11,0,1137001,-1648500,-511499
2015/02/12,0,3475000,-3677000,-202000
2015/02/13,0,1262000,-807000,455000
2015/02/16,0,0,0,0
2015/02/17,0,0,0,0
2015/02/18,0,0,0,0
2015/02/19,0,0,0,0
2015/02/20,0,0,0,0
2015/02/23,0,0,0,0
2015/02/24,0,9239000,-1554000,7685000
2015/02/25,0,2167456,-1118000,1049456
2015/02/26,0,4041000,-1031000,3010000
2015/02/27,0,0,0,0
2015/03/02,0,7002000,-908000,6094000
2015/03/03,0,4443000,-1461000,2982000
2015/03/04,0,4219000,-4054000,165000
2015/03/05,0,3178000,-309000,2869000
2015/03/06,0,5038000,-533000,4505000
2015/03/09,0,1308000,-976000,332000
2015/03/10,0,4345017,-1755000,2590017
2015/03/11,0,515000,-2065000,-1550000
2015/03/12,0,3595000,-2198000,1397000
2015/03/13,0,4762000,-1603000,3159000
2015/03/16,0,660000,-1176108,-516108
2015/03/17,0,320000,-2798000,-2478000
2015/03/18,0,1316000,-2223000,-907000
2015/03/19,0,1727000,-2452121,-725121
2015/03/20,0,2084000,-2143000,-59000
2015/03/23,0,1133000,-3777000,-2644000
2015/03/24,0,1221000,-1773000,-552000
2015/03/25,0,312000,-3920000,-3608000
2015/03/26,0,482000,-1701000,-1219000
2015/03/27,0,5646000,-4043000,1603000
2015/03/30,0,436000,-3903000,-3467000
2015/03/31,0,1361000,-3873000,-2512000
2015/04/01,0,756000,-3080000,-2324000
2015/04/02,0,700000,-817000,-117000
2015/04/03,0,0,0,0
2015/04/06,0,0,0,0
2015/04/07,0,828000,-382000,446000
2015/04/08,0,711000,-1983000,-1272000
2015/04/09,0,1257000,-3189000,-1932000
2015/04/10,0,2437000,-1752000,685000
2015/04/13,0,760043,-1766000,-1005957
2015/04/14,0,1058000,-4211000,-3153000
2015/04/15,0,1577000,-6125000,-4548000
2015/04/16,0,2221000,-4204000,-1983000
2015/04/17,0,2094000,-2395000,-301000
2015/04/20,0,2839000,-965000,1874000
2015/04/21,0,966000,-1856000,-890000
2015/04/22,0,5203000,-2133000,3070000
2015/04/23,0,3208000,-1020000,2188000
2015/04/24,0,4977000,-1476000,3501000
2015/04/27,0,1546000,-2832000,-1286000
2015/04/28,0,3725000,-1431000,2294000
2015/04/29,0,4988000,-3304000,1684000
2015/04/30,0,2249000,-2832000,-583000
2015/05/01,0,0,0,0
2015/05/04,0,2176000,-1892000,284000
2015/05/05,0,3240000,-3788000,-548000
2015/05/06,0,6857000,-3459000,3398000
2015/05/07,0,3461000,-1166000,2295000
2015/05/08,0,3792000,-944000,2848000
2015/05/11,0,3463000,-2369000,1094000
2015/05/12,0,3905000,-9754000,-5849000
2015/05/13,0,7627170,-7425000,202170
2015/05/14,0,2567886,-6679000,-4111114
2015/05/15,0,919000,-3584456,-2665456
2015/05/18,0,2532000,-5299000,-2767000
2015/05/19,0,3673854,-3918000,-244146
2015/05/20,0,7468069,-4722000,2746069
2015/05/21,0,1980000,-3834000,-1854000
2015/05/22,0,2132000,-2740467,-608467
2015/05/25,0,190000,-1877000,-1687000
2015/05/26,0,2321000,-1644000,677000
2015/05/27,0,1432000,-1039846,392154
2015/05/28,0,1291000,-271000,1020000
2015/05/29,0,1403000,-2168000,-765000
2015/06/01,0,2035000,-3034000,-999000
2015/06/02,0,2662000,-6534000,-3872000
2015/06/03,0,1644000,-3175000,-1531000
2015/06/04,0,2084000,-5714000,-3630000
2015/06/05,0,1844000,-6128000,-4284000
2015/06/08,0,1672000,-2585000,-913000
2015/06/09,0,4242000,-6771854,-2529854
2015/06/10,0,1963000,-1487000,476000
2015/06/11,0,1624000,-3628000,-2004000
2015/06/12,0,2141000,-2138000,3000
2015/06/15,0,109000,-7791000,-7682000
2015/06/16,0,2471000,-2790000,-319000
2015/06/17,0,4565000,-6932000,-2367000
2015/06/18,0,5355000,-3050154,2304846
2015/06/19,0,0,0,0
2015/06/22,0,903000,-2129000,-1226000
2015/06/23,0,1912675,-1539000,373675
2015/06/24,0,1833000,-1147000,686000
2015/06/25,0,1941000,-1362000,579000
2015/06/26,0,2328000,-1034000,1294000
2015/06/29,0,120000,-3637000,-3517000
2015/06/30,0,3195000,-697000,2498000
2015/07/01,0,2063000,-915000,1148000
2015/07/02,0,791000,-1001000,-210000
2015/07/03,0,820000,-1151000,-331000
2015/07/06,0,1501000,-6023000,-4522000
2015/07/07,0,3421000,-8336834,-4915834
2015/07/08,0,4010000,-2552000,1458000
2015/07/09,0,1859000,-3717000,-1858000
2015/07/10,0,0,0,0
2015/07/13,0,1283000,-10190000,-8907000
2015/07/14,0,1557044,-2379000,-821956
2015/07/15,0,1236999,-2675000,-1438001
2015/07/16,0,2444000,-1618500,825500
2015/07/17,0,1256231,-3008000,-1751769
2015/07/20,0,740000,-1123000,-383000
2015/07/21,0,1330000,-3277124,-1947124
2015/07/22,0,1766963,-1533000,233963
2015/07/23,0,4837000,-3325000,1512000
2015/07/24,0,1967000,-1953000,14000
2015/07/27,0,1995000,-3771000,-1776000
2015/07/28,0,4682000,-3847000,835000
2015/07/29,0,1815000,-3803000,-1988000
2015/07/30,0,7531171,-428000,7103171
2015/07/31,0,1712000,-5828000,-4116000
2015/08/03,0,5723823,-6292000,-568177
2015/08/04,0,2968000,-3954000,-986000
2015/08/05,0,2894000,-3785000,-891000
2015/08/06,0,2503000,-7708000,-5205000
2015/08/07,0,2639000,-3043062,-404062
2015/08/10,0,2454000,-2585000,-131000
2015/08/11,0,2774000,-9902000,-7128000
2015/08/12,0,1574100,-3470000,-1895900
2015/08/13,0,2276000,-2268800,7200
2015/08/14,0,3167000,-1486800,1680200
2015/08/17,0,1225000,-3273800,-2048800
2015/08/18,0,861000,-7147800,-6286800
2015/08/19,0,1538000,-6467800,-4929800
2015/08/20,0,1769000,-3418800,-1649800
2015/08/21,0,947000,-2737000,-1790000
2015/08/24,0,1760000,-4208000,-2448000
2015/08/25,0,1360600,-5888268,-4527668
2015/08/26,0,2032000,-4131000,-2099000
2015/08/27,0,6611000,-16539000,-9928000
2015/08/28,0,3657000,-14041000,-10384000
2015/08/31,0,4392000,-4472000,-80000
2015/09/01,0,5764000,-7221000,-1457000
2015/09/02,0,6923000,-12309000,-5386000
2015/09/03,0,7339000,-3651000,3688000
2015/09/04,0,4482000,-4577000,-95000
2015/09/07,0,3126000,-2277000,849000
2015/09/08,0,1975000,-586000,1389000
2015/09/09,0,2425000,-2166675,258325
2015/09/10,0,4452000,-3531000,921000
2015/09/11,0,1457000,-4349000,-2892000
2015/09/14,0,1747000,-1933000,-186000
2015/09/15,0,1675000,-5317000,-3642000
2015/09/16,0,631000,-3642000,-3011000
2015/09/17,0,4218000,-2203000,2015000
2015/09/18,0,3398000,-1384000,2014000
2015/09/21,0,379000,-6502000,-6123000
2015/09/22,0,450000,-1608756,-1158756
2015/09/23,0,420000,-5152000,-4732000
2015/09/24,0,1129000,-3568000,-2439000
2015/09/25,0,1084000,-2918000,-1834000
2015/09/28,0,0,0,0
2015/09/29,0,0,0,0
2015/09/30,0,2771000,-4096000,-1325000
2015/10/01,0,1552000,-1872000,-320000
2015/10/02,0,1327000,-1402000,-75000
2015/10/05,0,826000,-1340000,-514000
2015/10/06,0,1046000,-751000,295000
2015/10/07,0,1943822,-2547573,-603751
2015/10/08,0,3489000,-905000,2584000
2015/10/09,0,0,0,0
2015/10/12,0,2889835,-1418000,1471835
2015/10/13,0,2519000,-236000,2283000
2015/10/14,0,2693000,-2895000,-202000
2015/10/15,0,2118000,-4021000,-1903000
2015/10/16,0,1802000,-2127000,-325000
2015/10/19,0,1634000,-1519000,115000
2015/10/20,0,3946000,-1082000,2864000
2015/10/21,0,2841000,-1180000,1661000
2015/10/22,0,2390000,-489000,1901000
2015/10/23,0,1877000,-700000,1177000
2015/10/26,0,2257000,-585500,1671500
2015/10/27,0,999000,-577000,422000
2015/10/28,0,3538000,-2339853,1198147
2015/10/29,0,6748000,-773204,5974796
2015/10/30,0,6140000,-857000,5283000
2015/11/02,0,5014000,-2513000,2501000
2015/11/03,0,2012000,-3319000,-1307000
2015/11/04,0,7788000,-2591000,5197000
2015/11/05,0,3464000,-765000,2699000
2015/11/06,0,940000,-2873000,-1933000
2015/11/09,0,418000,-917000,-499000
2015/11/10,0,2849000,-1409000,1440000
2015/11/11,0,2410000,-3661000,-1251000
2015/11/12,0,2461000,-4786000,-2325000
2015/11/13,0,3698000,-2278000,1420000
2015/11/16,0,1000000,-3006000,-2006000
2015/11/17,0,3196000,-1519000,1677000
2015/11/18,0,4609000,-3445000,1164000
2015/11/19,0,2707000,-1949000,758000
2015/11/20,0,2426000,-1440000,986000
2015/11/23,0,1176000,-985000,191000
2015/11/24,0,2160000,-303538,1856462
2015/11/25,0,1377000,-1459000,-82000
2015/11/26,0,857000,-460000,397000
2015/11/27,0,968000,-600000,368000
2015/11/30,0,715000,-2895000,-2180000
2015/12/01,0,1461000,-813810,647190
2015/12/02,0,2126000,-435000,1691000
2015/12/03,0,3247000,-152000,3095000
2015/12/04,0,3902000,-659000,3243000
2015/12/07,0,2251000,-1178000,1073000
2015/12/08,0,2573000,-788000,1785000
2015/12/09,0,1497000,-1781000,-284000
2015/12/10,0,3067000,-2623000,444000
2015/12/11,0,2870000,-564780,2305220
2015/12/14,0,1967000,-1595000,372000
2015/12/15,0,5414000,-1553000,3861000
2015/12/16,0,1371000,-2535000,-1164000
2015/12/17,0,7340000,-1008000,6332000
2015/12/18,0,4689000,-1377000,3312000
2015/12/21,0,5130000,-2883000,2247000
2015/12/22,0,2064000,-3696000,-1632000
2015/12/23,0,3400000,-1429359,1970641
2015/12/24,0,1090000,-431000,659000
2015/12/25,0,837000,-444000,393000
2015/12/28,0,1347000,-3067000,-1720000
2015/12/29,0,857000,-1977219,-1120219
2015/12/30,0,1337000,-2447718,-1110718
2015/12/31,0,27000,-1682000,-1655000
2016/01/01,0,0,0,0
2016/01/04,0,868000,-4059000,-3191000
2016/01/05,0,2305000,-4040000,-1735000
2016/01/06,0,961000,-4036000,-3075000
2016/01/07,0,1590000,-1940000,-350000
2016/01/08,0,705000,-424000,281000
2016/01/11,0,1040000,-1956000,-916000
2016/01/12,0,2087000,-1378000,709000
2016/01/13,0,1028000,-1768000,-740000
2016/01/14,0,2882000,-717000,2165000
2016/01/15,0,1801000,-977039,823961
2016/01/18,0,2397000,-458000,1939000
2016/01/19,0,20571000,-1574000,18997000
2016/01/20,0,12995000,-2487000,10508000
2016/01/21,0,12262039,-1992000,10270039
2016/01/22,0,11598000,-1500000,10098000
2016/01/25,0,13288000,-989000,12299000
2016/01/26,0,9221000,-845000,8376000
2016/01/27,0,10189013,-1071000,9118013
2016/01/28,0,15814000,-442000,15372000
2016/01/29,0,11292000,-2045000,9247000
2016/02/01,0,11182000,-860000,10322000
2016/02/02,0,8492776,-3099000,5393776
2016/02/03,0,10450052,-1053000,9397052
2016/02/04,0,0,0,0
2016/02/05,0,0,0,0
2016/02/08,0,0,0,0
2016/02/09,0,0,0,0
2016/02/10,0,0,0,0
2016/02/11,0,0,0,0
2016/02/12,0,0,0,0
2016/02/15,0,8259000,-2661000,5598000
2016/02/16,0,2821000,-9437000,-6616000
2016/02/17,0,17361000,-2034000,15327000
2016/02/18,0,7980000,-3918000,4062000
2016/02/19,0,7605000,-853000,6752000
2016/02/22,0,4968000,-2663000,2305000
2016/02/23,0,4381013,-2043000,2338013
2016/02/24,0,9249000,-1384000,7865000
2016/02/25,0,5712000,-3671000,2041000
2016/02/26,0,8441039,-1166000,7275039
2016/02/29,0,0,0,0
2016/03/01,0,10101000,-718000,9383000
2016/03/02,0,5730000,-4205000,1525000
2016/03/03,0,5124000,-4484000,640000
2016/03/04,0,4321000,-5020000,-699000
2016/03/07,0,6374000,-1187000,5187000
2016/03/08,0,7919000,-1383000,6536000
2016/03/09,0,2409000,-6472000,-4063000
2016/03/10,0,3923000,-1625000,2298000
2016/03/11,0,3834000,-1768000,2066000
2016/03/14,0,3317000,-1733000,1584000
2016/03/15,0,3272000,-4027000,-755000
2016/03/16,0,7496000,-177000,7319000
2016/03/17,0,2850000,-2381000,469000
2016/03/18,0,2933000,-2689000,244000
2016/03/21,0,3907000,-3612000,295000
2016/03/22,0,3814013,-652000,3162013
2016/03/23,0,2355000,-2744000,-389000
2016/03/24,0,672000,-2017000,-1345000
2016/03/25,0,341000,-999000,-658000
2016/03/28,0,2632000,-285000,2347000
2016/03/29,0,3103000,-658000,2445000
2016/03/30,0,6691000,-1232000,5459000
2016/03/31,0,2954909,-2690000,264909
2016/04/01,0,1496000,-1472000,24000
2016/04/04,0,0,0,0
2016/04/05,0,0,0,0
2016/04/06,0,5241000,-1268000,3973000
2016/04/07,0,2182000,-1757052,424948
2016/04/08,0,3886000,-622000,3264000
2016/04/11,0,1921000,-1972000,-51000
2016/04/12,0,2842000,-1952268,889732
2016/04/13,0,1262000,-1258000,4000
2016/04/14,0,1087000,-601000,486000
2016/04/15,0,1166000,-1809000,-643000
2016/04/18,0,370000,-1041000,-671000
2016/04/19,0,616975,-6899000,-6282025
2016/04/20,0,1937000,-4489000,-2552000
2016/04/21,0,1612000,-1874000,-262000
2016/04/22,0,821000,-2565000,-1744000
2016/04/25,0,2300300,-1316000,984300
2016/04/26,0,1395116,-1687000,-291884
2016/04/27,0,1300000,-2828000,-1528000
2016/04/28,0,1257000,-2991000,-1734000
2016/04/29,0,1152000,-1376000,-224000
2016/05/02,0,0,0,0
2016/05/03,0,4606000,-1997000,2609000
2016/05/04,0,3143000,-6715000,-3572000
2016/05/05,0,772000,-1585000,-813000
2016/05/06,0,4185000,-5087000,-902000
2016/05/09,0,1513000,-1592000,-79000
2016/05/10,0,742000,-2363000,-1621000
2016/05/11,0,1423000,-3481000,-2058000
2016/05/12,0,387000,-926000,-539000
2016/05/13,0,3841325,-4644000,-802675
2016/05/16,0,1994000,-1016000,978000
2016/05/17,0,2665650,-895000,1770650
2016/05/18,0,993693,-1671000,-677307
2016/05/19,0,483000,-929000,-446000
2016/05/20,0,4142000,-3702000,440000
2016/05/23,0,1607325,-1057000,550325
2016/05/24,0,2218000,-1172000,1046000
2016/05/25,0,2556000,-1361000,1195000
2016/05/26,0,3479000,-4697000,-1218000
2016/05/27,0,4955000,-4789000,166000
2016/05/30,0,529000,-1507000,-978000
2016/05/31,0,2446000,-3672000,-1226000
2016/06/01,0,1792000,-547000,1245000
2016/06/02,0,1009100,-672000,337100
2016/06/03,0,697100,-1152000,-454900
2016/06/06,0,453000,-1683000,-1230000
2016/06/07,0,1564000,-3230000,-1666000
2016/06/08,0,1947100,-2183000,-235900
2016/06/09,0,0,0,0
2016/06/10,0,0,0,0
2016/06/13,0,1181000,-2008000,-827000
2016/06/14,0,1014000,-2344548,-1330548
2016/06/15,0,2853000,-1637000,1216000
2016/06/16,0,3685000,-4321000,-636000
2016/06/17,0,1173000,-3094430,-1921430
2016/06/20,0,1020000,-412000,608000
2016/06/21,0,1357000,-2972000,-1615000
2016/06/22,0,5731990,-6012000,-280010
2016/06/23,0,4953000,-262000,4691000
2016/06/24,0,1741000,-1494000,247000
2016/06/27,0,3317000,-2359000,958000
2016/06/28,0,3212000,-4706000,-1494000
2016/06/29,0,622000,-3267000,-2645000
2016/06/30,0,1812000,-3025000,-1213000
2016/07/01,0,840000,-1954000,-1114000
2016/07/04,0,652000,-572000,80000
2016/07/05,0,2245000,-1490000,755000
2016/07/06,0,177000,-3423000,-3246000
2016/07/07,0,592000,-1750000,-1158000
2016/07/08,0,0,0,0
2016/07/11,0,3643065,-505000,3138065
2016/07/12,0,2014000,-916065,1097935
2016/07/13,0,3110000,-1914000,1196000
2016/07/14,0,1644000,-3534000,-1890000
2016/07/15,0,5280000,-3293000,1987000
2016/07/18,0,1947000,-1768000,179000
2016/07/19,0,5282000,-3763000,1519000
2016/07/20,0,6712000,-2323000,4389000
2016/07/21,0,1668000,-1754000,-86000
2016/07/22,0,3711000,-6782000,-3071000
2016/07/25,0,3936000,-1025000,2911000
2016/07/26,0,6422000,-3855000,2567000
2016/07/27,0,4928628,-1619000,3309628
2016/07/28,0,5916814,-406000,5510814
2016/07/29,0,2791000,-2904000,-113000
2016/08/01,0,7741442,-847000,6894442
2016/08/02,0,5283000,-2926000,2357000
2016/08/03,0,9944000,-2245000,7699000
2016/08/04,0,2296000,-3040000,-744000
2016/08/05,0,1121000,-1951000,-830000
2016/08/08,0,2825000,-246000,2579000
2016/08/09,0,3583000,-1518000,2065000
2016/08/10,0,2647000,-1195000,1452000
2016/08/11,0,1896000,-1358000,538000
2016/08/12,0,4879000,-666000,4213000
2016/08/15,0,2141256,-864000,1277256
2016/08/16,0,5436000,-1130000,4306000
2016/08/17,0,4046828,-588000,3458828
2016/08/18,0,3413000,-1031000,2382000
2016/08/19,0,4714000,-1322000,3392000
2016/08/22,0,6631000,-992000,5639000
2016/08/23,0,2652628,-3388000,-735372
2016/08/24,0,1225814,-2928000,-1702186
2016/08/25,0,2806000,-810000,1996000
2016/08/26,0,5320854,-982000,4338854
2016/08/29,0,2461000,-2187000,274000
2016/08/30,0,1214000,-2724000,-1510000
2016/08/31,0,8488000,-3015000,5473000
2016/09/01,0,2587000,-1698000,889000
2016/09/02,0,3497000,-2548000,949000
2016/09/05,0,780000,-326000,454000
2016/09/06,0,1619000,-1027000,592000
2016/09/07,0,2566512,-1481000,1085512
2016/09/08,0,1179768,-2462000,-1282232
2016/09/09,0,329000,-1529000,-1200000
2016/09/12,0,1347000,-2789000,-1442000
2016/09/13,0,1110000,-2772000,-1662000
2016/09/14,0,2559000,-1532000,1027000
2016/09/15,0,0,0,0
2016/09/16,0,0,0,0
2016/09/19,0,1728569,-3588632,-1860063
2016/09/20,0,1855191,-721739,1133452
2016/09/21,0,3901000,-608000,3293000
2016/09/22,0,3673000,-1714000,1959000
2016/09/23,0,2667000,-654000,2013000
2016/09/26,0,353014,-1000000,-646986
2016/09/27,0,0,0,0
2016/09/28,0,0,0,0
2016/09/29,0,1907000,-2968643,-1061643
2016/09/30,0,908800,-2376000,-1467200
2016/10/03,0,271175,-2617000,-2345825
2016/10/04,0,488000,-1360464,-872464
2016/10/05,0,878000,-386000,492000
2016/10/06,0,531000,-842170,-311170
2016/10/07,0,482000,-974000,-492000
2016/10/10,0,0,0,0
2016/10/11,0,2881000,-1652258,1228742
2016/10/12,0,1645000,-685617,959383
2016/10/13,0,778000,-1040000,-262000
2016/10/14,0,222000,-1041000,-819000
2016/10/17,0,1012000,-1133182,-121182
2016/10/18,0,1608000,-1026000,582000
2016/10/19,0,586146,-2058840,-1472694
2016/10/20,0,2923000,-856000,2067000
2016/10/21,0,2375000,-2661000,-286000
2016/10/24,0,1027000,-1094000,-67000
2016/10/25,0,1617000,-1472948,144052
2016/10/26,0,1896000,-1223000,673000
2016/10/27,0,521000,-2105000,-1584000
2016/10/28,0,1987000,-1037000,950000
2016/10/31,0,1310000,-957000,353000
2016/11/01,0,1081000,-1522383,-441383
2016/11/02,0,358000,-4419000,-4061000
2016/11/03,0,765000,-2222000,-1457000
2016/11/04,0,458000,-2995000,-2537000
2016/11/07,0,3079000,-1810000,1269000
2016/11/08,0,1500000,-2090000,-590000
2016/11/09,0,1832000,-1227000,605000
2016/11/10,0,1820000,-387000,1433000
2016/11/11,0,3786000,-3440000,346000
2016/11/14,0,1033000,-1115000,-82000
2016/11/15,0,933000,-1475000,-542000
2016/11/16,0,501000,-1783000,-1282000
2016/11/17,0,884000,-1979146,-1095146
2016/11/18,0,2177000,-1638922,538078
2016/11/21,0,412000,-2149606,-1737606
2016/11/22,0,1488000,-2513166,-1025166
2016/11/23,0,2660000,-2088000,572000
2016/11/24,0,763000,-967000,-204000
2016/11/25,0,732000,-409000,323000
2016/11/28,0,1051000,-678000,373000
2016/11/29,0,3309000,-2835863,473137
2016/11/30,0,1297000,-3770546,-2473546
2016/12/01,0,1620000,-3285883,-1665883
2016/12/02,0,601000,-7330883,-6729883
2016/12/05,0,405000,-3625165,-3220165
2016/12/06,0,605000,-4141165,-3536165
2016/12/07,0,767000,-1410194,-643194
2016/12/08,0,701531,-2535634,-1834103
2016/12/09,0,6619000,-1695555,4923445
2016/12/12,0,2117000,-2223000,-106000
2016/12/13,0,5381000,-1533000,3848000
2016/12/14,0,5569070,-2355000,3214070
2016/12/15,0,1820469,-1681000,139469
2016/12/16,0,3188000,-2430000,758000
2016/12/19,0,2321000,-1728000,593000
2016/12/20,0,735000,-1196097,-461097
2016/12/21,0,4955000,-1036000,3919000
2016/12/22,0,1778000,-2392000,-614000
2016/12/23,0,326000,-1489000,-1163000
2016/12/26,0,604000,-676000,-72000
2016/12/27,0,680000,-817000,-137000
2016/12/28,0,1482000,-315000,1167000
2016/12/29,0,1204270,-304000,900270
2016/12/30,0,1739000,-1670000,69000
2017/01/02,0,0,0,0
2017/01/03,0,2324000,-467000,1857000
2017/01/04,0,2811000,-886000,1925000
2017/01/05,0,3251000,-2426000,825000
2017/01/06,0,760000,-1859481,-1099481
2017/01/09,0,526000,-1527489,-1001489
2017/01/10,0,1632000,-1518871,113129
2017/01/11,0,2606000,-1460095,1145905
2017/01/12,0,2717000,-1417094,1299906
2017/01/13,0,1884000,-1140420,743580
2017/01/16,0,1421000,-1878419,-457419
2017/01/17,0,9504869,-2206808,7298061
2017/01/18,0,12129000,-4692867,7436133
2017/01/19,0,15799504,-3129021,12670483
2017/01/20,0,8901000,-2360504,6540496
2017/01/23,0,29455000,-8438000,21017000
2017/01/24,0,19546756,-16441000,3105756
2017/01/25,0,0,0,0
2017/01/26,0,0,0,0
2017/01/27,0,0,0,0
2017/01/30,0,0,0,0
2017/01/31,0,0,0,0
2017/02/01,0,0,0,0
2017/02/02,0,7342000,-13502000,-6160000
2017/02/03,0,11179000,-5372000,5807000
2017/02/06,0,7495000,-10533000,-3038000
2017/02/07,0,2016000,-6685000,-4669000
2017/02/08,0,15793000,-25670000,-9877000
2017/02/09,0,8426000,-9432000,-1006000
2017/02/10,0,7639756,-10125000,-2485244
2017/02/13,0,4578000,-6878936,-2300936
2017/02/14,0,4064756,-5440171,-1375415
2017/02/15,0,2778000,-7231464,-4453464
2017/02/16,0,1543756,-2719000,-1175244
2017/02/17,0,6092000,-5588339,503661
2017/02/20,0,1816345,-8032978,-6216633
2017/02/21,0,4165000,-6227222,-2062222
2017/02/22,0,3992634,-4652104,-659470
2017/02/23,0,9521000,-5073000,4448000
2017/02/24,0,6604000,-8454000,-1850000
2017/02/27,0,0,0,0
2017/02/28,0,0,0,0
2017/03/01,0,4349000,-10276000,-5927000
2017/03/02,0,7373000,-9103000,-1730000
2017/03/03,0,1244000,-8242000,-6998000
2017/03/06,0,381000,-5319000,-4938000
2017/03/07,0,315000,-6544853,-6229853
2017/03/08,0,859000,-11864025,-11005025
2017/03/09,0,903565,-13179000,-12275435
2017/03/10,0,3118000,-5452975,-2334975
2017/03/13,0,4365001,-4292000,73001
2017/03/14,0,2247000,-8621000,-6374000
2017/03/15,0,3243000,-4093000,-850000
2017/03/16,0,5089117,-1402000,3687117
2017/03/17,0,3983000,-4641594,-658594
2017/03/20,0,7018000,-5678852,1339148
2017/03/21,0,4030565,-4372177,-341612
2017/03/22,0,10920000,-6001000,4919000
2017/03/23,0,14643000,-5479205,9163795
2017/03/24,0,15164566,-29279000,-14114434
2017/03/27,0,22043000,-23740664,-1697664
2017/03/28,0,14677000,-26702480,-12025480
2017/03/29,0,49910001,-19492879,30417122
2017/03/30,0,16822000,-28237000,-11415000
2017/03/31,0,28374000,-11349000,17025000
2017/04/03,0,0,0,0
2017/04/04,0,0,0,0
2017/04/05,0,48039130,-16458000,31581130
2017/04/06,0,8545000,-4783000,3762000
2017/04/07,0,15123000,-8986000,6137000
2017/04/10,0,9984000,-20227000,-10243000
2017/04/11,0,20063550,-6133000,13930550
2017/04/12,0,10951000,-4678619,6272381
2017/04/13,0,7968000,-7265000,703000
2017/04/14,0,1472000,-5926000,-4454000
2017/04/17,0,11313000,-12659000,-1346000
2017/04/18,0,6721000,-6669000,52000
2017/04/19,0,7610000,-28550012,-20940012
2017/04/20,0,16927025,-2780746,14146279
2017/04/21,0,16378455,-8309390,8069065
2017/04/24,0,2779000,-12126303,-9347303
2017/04/25,0,5698000,-5856000,-158000
2017/04/26,0,6349000,-9222000,-2873000
2017/04/27,0,3737000,-6722382,-2985382
2017/04/28,0,4719000,-6411887,-1692887
2017/05/01,0,0,0,0
2017/05/02,0,8114000,-5938000,2176000
2017/05/03,0,15094000,-1633000,13461000
2017/05/04,0,13153000,-2944000,10209000
2017/05/05,0,9113000,-3287000,5826000
2017/05/08,0,13240025,-9206000,4034025
2017/05/09,0,12870455,-7219234,5651221
2017/05/10,0,17386000,-7137000,10249000
2017/05/11,0,13243607,-7523000,5720607
2017/05/12,0,9534000,-5117000,4417000
2017/05/15,0,4212000,-9728000,-5516000
2017/05/16,0,5880170,-6553000,-672830
2017/05/17,0,4646000,-4561000,85000
2017/05/18,0,14461000,-5710000,8751000
2017/05/19,0,4413000,-3677000,736000
2017/05/22,0,2881000,-2276000,605000
2017/05/23,0,2465000,-2498000,-33000
2017/05/24,0,2054000,-2928000,-874000
2017/05/25,0,2448000,-3523000,-1075000
2017/05/26,0,0,0,0
2017/05/29,0,0,0,0
2017/05/30,0,0,0,0
2017/05/31,0,7047673,-3597652,3450021
2017/06/01,0,16705000,-7303017,9401983
2017/06/02,0,3755056,-10179848,-6424792
2017/06/05,0,4380000,-7328953,-2948953
2017/06/06,0,7322000,-6055000,1267000
2017/06/07,0,12837408,-4157720,8679688
2017/06/08,0,3971000,-5196000,-1225000
2017/06/09,0,3690000,-8001000,-4311000
2017/06/12,0,3375000,-2095000,1280000
2017/06/13,0,10804000,-24475000,-13671000
2017/06/14,0,18046000,-6229000,11817000
2017/06/15,0,5088000,-13374000,-8286000
2017/06/16,0,6716053,-6021602,694451
2017/06/19,0,8168000,-582000,7586000
2017/06/20,0,3054000,-7246000,-4192000
2017/06/21,0,15718531,-682000,15036531
2017/06/22,0,4496000,-5198000,-702000
2017/06/23,0,6554000,-1880800,4673200
2017/06/26,0,5223000,-1500000,3723000
2017/06/27,0,13220425,-2251000,10969425
2017/06/28,0,4914000,-5758000,-844000
2017/06/29,0,5007000,-1687000,3320000
2017/06/30,0,4858000,-3065000,1793000
2017/07/03,0,4317000,-3170000,1147000
2017/07/04,0,2296000,-2703000,-407000
2017/07/05,0,5250000,-3741000,1509000
2017/07/06,0,2595000,-3705000,-1110000
2017/07/07,0,3198000,-1902608,1295392
2017/07/10,0,2627000,-1920837,706163
2017/07/11,0,2521000,-1080000,1441000
2017/07/12,0,4633000,-750154,3882846
2017/07/13,0,4656000,-2146694,2509306
2017/07/14,0,3892000,-6551112,-2659112
2017/07/17,0,2285000,-1949000,336000
2017/07/18,0,7321119,-4105000,3216119
2017/07/19,0,8884127,-1442000,7442127
2017/07/20,0,4109000,-1428999,2680001
2017/07/21,0,5066716,-2186000,2880716
2017/07/24,0,2758000,-1960000,798000
2017/07/25,0,10802000,-1792000,9010000
2017/07/26,0,6352000,-4640000,1712000
2017/07/27,0,5025000,-1895687,3129313
2017/07/28,0,2458000,-4982000,-2524000
2017/07/31,0,7498000,-13818000,-6320000
2017/08/01,0,6844000,-5276000,1568000
2017/08/02,0,5467000,-2301000,3166000
2017/08/03,0,4588000,-1830882,2757118
2017/08/04,0,4954000,-1452000,3502000
2017/08/07,0,4048000,-5008000,-960000
2017/08/08,0,8644000,-3533000,5111000
2017/08/09,0,6852402,-2574770,4277632
2017/08/10,0,7182546,-4483000,2699546
2017/08/11,0,38611000,-36111000,2500000
2017/08/14,0,4663000,-20440000,-15777000
2017/08/15,0,5554000,-13060000,-7506000
2017/08/16,0,24147000,-20862000,3285000
2017/08/17,0,31777000,-13131364,18645636
2017/08/18,0,28245000,-7232000,21013000
