Date,Open,Buy,Sell,Total
2007/01/02,0,204000,0,204000
2007/01/03,0,95000,-126000,-31000
2007/01/04,0,13000,-381000,-368000
2007/01/05,0,6000,-402000,-396000
2007/01/08,0,3000,-289512,-286512
2007/01/09,0,4431000,-36000,4395000
2007/01/10,0,102000,-3198380,-3096380
2007/01/11,0,151000,-611000,-460000
2007/01/12,0,830000,-489000,341000
2007/01/15,0,2997000,-208000,2789000
2007/01/16,0,98000,-3797000,-3699000
2007/01/17,0,328000,-665000,-337000
2007/01/18,0,132000,-678000,-546000
2007/01/19,0,62000,-76000,-14000
2007/01/22,0,313000,-336000,-23000
2007/01/23,0,353000,-54000,299000
2007/01/24,0,503000,-96000,407000
2007/01/25,0,159000,-44000,115000
2007/01/26,0,115000,-1650000,-1535000
2007/01/29,0,8000,-619000,-611000
2007/01/30,0,140054,-94000,46054
2007/01/31,0,89000,-1019000,-930000
2007/02/01,0,4000,-28000,-24000
2007/02/02,0,73000,-53000,20000
2007/02/05,0,46000,-177000,-131000
2007/02/06,0,118000,-223000,-105000
2007/02/07,0,974000,-2412000,-1438000
2007/02/08,0,306000,-593000,-287000
2007/02/09,0,274000,-445000,-171000
2007/02/12,0,38000,-237000,-199000
2007/02/13,0,0,-177000,-177000
2007/02/14,0,463000,-410460,52540
2007/02/15,0,0,0,0
2007/02/16,0,0,0,0
2007/02/19,0,0,0,0
2007/02/20,0,0,0,0
2007/02/21,0,0,0,0
2007/02/22,0,0,0,0
2007/02/23,0,0,0,0
2007/02/26,0,741000,-624000,117000
2007/02/27,0,423000,-195000,228000
2007/02/28,0,0,0,0
2007/03/01,0,151000,-1413000,-1262000
2007/03/02,0,50000,-350000,-300000
2007/03/05,0,3000,-244000,-241000
2007/03/06,0,74000,-616000,-542000
2007/03/07,0,160000,-1069649,-909649
2007/03/08,0,19000,-330000,-311000
2007/03/09,0,33000,-426000,-393000
2007/03/12,0,24000,-313352,-289352
2007/03/13,0,147000,-648000,-501000
2007/03/14,0,555000,-642055,-87055
2007/03/15,0,47000,-182000,-135000
2007/03/16,0,135000,-1733540,-1598540
2007/03/19,0,140000,-995000,-855000
2007/03/20,0,1002000,-247000,755000
2007/03/21,0,604000,-279999,324001
2007/03/22,0,563000,-1061010,-498010
2007/03/23,0,310000,-74000,236000
2007/03/26,0,95000,-46000,49000
2007/03/27,0,244000,-641000,-397000
2007/03/28,0,54000,-134000,-80000
2007/03/29,0,1080000,-398000,682000
2007/03/30,0,47000,-242000,-195000
2007/04/02,0,157000,-169828,-12828
2007/04/03,0,44000,-100000,-56000
2007/04/04,0,84000,-73000,11000
2007/04/05,0,0,0,0
2007/04/06,0,0,0,0
2007/04/09,0,213000,-56000,157000
2007/04/10,0,117000,-140000,-23000
2007/04/11,0,273000,-29000,244000
2007/04/12,0,247000,-4000,243000
2007/04/13,0,69000,-10000,59000
2007/04/16,0,337000,-327000,10000
2007/04/17,0,194000,-30351,163649
2007/04/18,0,209000,0,209000
2007/04/19,0,99000,-894000,-795000
2007/04/20,0,0,-78000,-78000
2007/04/23,0,247000,-30000,217000
2007/04/24,0,17000,-38000,-21000
2007/04/25,0,77000,-47000,30000
2007/04/26,0,70000,-425000,-355000
2007/04/27,0,97000,-270000,-173000
2007/04/30,0,239000,-305000,-66000
2007/05/01,0,0,0,0
2007/05/02,0,0,-133703,-133703
2007/05/03,0,266000,-46049,219951
2007/05/04,0,179000,-471000,-292000
2007/05/07,0,161000,-617000,-456000
2007/05/08,0,118000,-132000,-14000
2007/05/09,0,122000,-469132,-347132
2007/05/10,0,305000,-112000,193000
2007/05/11,0,345000,-250000,95000
2007/05/14,0,54000,-106000,-52000
2007/05/15,0,55000,-282000,-227000
2007/05/16,0,38000,-92000,-54000
2007/05/17,0,91000,-711000,-620000
2007/05/18,0,46000,-286000,-240000
2007/05/21,0,188000,0,188000
2007/05/22,0,163000,-216718,-53718
2007/05/23,0,1233000,-779000,454000
2007/05/24,0,12000,-308940,-296940
2007/05/25,0,63000,-1262000,-1199000
2007/05/28,0,537000,-617000,-80000
2007/05/29,0,157000,-783000,-626000
2007/05/30,0,352000,-1884437,-1532437
2007/05/31,0,3161000,-15040000,-11879000
2007/06/01,0,2218000,-931318,1286682
2007/06/04,0,705000,-3047000,-2342000
2007/06/05,0,133000,-676760,-543760
2007/06/06,0,39000,-1992075,-1953075
2007/06/07,0,167000,-578000,-411000
2007/06/08,0,0,-487000,-487000
2007/06/11,0,61000,-289000,-228000
2007/06/12,0,0,-310000,-310000
2007/06/13,0,0,-64000,-64000
2007/06/14,0,0,-4000,-4000
2007/06/15,0,2000,-19000,-17000
2007/06/18,0,0,0,0
2007/06/19,0,0,0,0
2007/06/20,0,189000,-28000,161000
2007/06/21,0,496000,-3000,493000
2007/06/22,0,659000,-174000,485000
2007/06/25,0,548000,-103000,445000
2007/06/26,0,49000,-4000,45000
2007/06/27,0,42000,-87000,-45000
2007/06/28,0,7000,0,7000
2007/06/29,0,67000,-240000,-173000
2007/07/02,0,106000,-3000,103000
2007/07/03,0,244000,-18000,226000
2007/07/04,0,1000,-20000,-19000
2007/07/05,0,146000,-87000,59000
2007/07/06,0,2406000,-97000,2309000
2007/07/09,0,4405000,-2000,4403000
2007/07/10,0,549000,-4116,544884
2007/07/11,0,3895000,-153000,3742000
2007/07/12,0,753000,-616000,137000
2007/07/13,0,302000,-202000,100000
2007/07/16,0,69000,-194000,-125000
2007/07/17,0,113000,-3132000,-3019000
2007/07/18,0,135000,-94000,41000
2007/07/19,0,20000,-667000,-647000
2007/07/20,0,27000,-1858000,-1831000
2007/07/23,0,68000,-1156000,-1088000
2007/07/24,0,103000,0,103000
2007/07/25,0,249000,-27000,222000
2007/07/26,0,240000,-91000,149000
2007/07/27,0,153000,-1040000,-887000
2007/07/30,0,165000,-448000,-283000
2007/07/31,0,130000,-860000,-730000
2007/08/01,0,19000,-678000,-659000
2007/08/02,0,64000,-70000,-6000
2007/08/03,0,193000,-461000,-268000
2007/08/06,0,89000,-348638,-259638
2007/08/07,0,19000,-38000,-19000
2007/08/08,0,17000,-124000,-107000
2007/08/09,0,0,-10000,-10000
2007/08/10,0,24000,-196000,-172000
2007/08/13,0,10000,-158000,-148000
2007/08/14,0,135000,-6000,129000
2007/08/15,0,15000,-68637,-53637
2007/08/16,0,79000,-23000,56000
2007/08/17,0,184000,-529000,-345000
2007/08/20,0,214000,-63000,151000
2007/08/21,0,111000,-157000,-46000
2007/08/22,0,50000,-75000,-25000
2007/08/23,0,20000,-209000,-189000
2007/08/24,0,0,-161000,-161000
2007/08/27,0,19000,-105000,-86000
2007/08/28,0,48000,-28000,20000
2007/08/29,0,39000,-58000,-19000
2007/08/30,0,58000,-10000,48000
2007/08/31,0,377000,-43000,334000
2007/09/03,0,1000,-126000,-125000
2007/09/04,0,0,-19000,-19000
2007/09/05,0,0,-20000,-20000
2007/09/06,0,10000,0,10000
2007/09/07,0,1000,-19000,-18000
2007/09/10,0,8000,-11000,-3000
2007/09/11,0,0,-1668000,-1668000
2007/09/12,0,0,-308964,-308964
2007/09/13,0,19000,-43000,-24000
2007/09/14,0,27000,0,27000
2007/09/17,0,9000,-38000,-29000
2007/09/18,0,0,0,0
2007/09/19,0,0,-9000,-9000
2007/09/20,0,33000,-1000,32000
2007/09/21,0,204000,0,204000
2007/09/24,0,0,0,0
2007/09/25,0,0,0,0
2007/09/26,0,9000,0,9000
2007/09/27,0,100000,0,100000
2007/09/28,0,7000,-18000,-11000
2007/10/01,0,0,0,0
2007/10/02,0,115000,0,115000
2007/10/03,0,47000,-104000,-57000
2007/10/04,0,106000,-15000,91000
2007/10/05,0,4000,-18000,-14000
2007/10/08,0,35000,0,35000
2007/10/09,0,47000,-5000,42000
2007/10/10,0,0,0,0
2007/10/11,0,154000,-2000,152000
2007/10/12,0,542000,-24000,518000
2007/10/15,0,0,-6000,-6000
2007/10/16,0,0,-21000,-21000
2007/10/17,0,49000,-52000,-3000
2007/10/18,0,57000,-23000,34000
2007/10/19,0,2000,-52000,-50000
2007/10/22,0,57000,-70000,-13000
2007/10/23,0,65000,-57000,8000
2007/10/24,0,51000,-89000,-38000
2007/10/25,0,0,-34000,-34000
2007/10/26,0,172000,-1000,171000
2007/10/29,0,60000,0,60000
2007/10/30,0,243000,0,243000
2007/10/31,0,893000,0,893000
2007/11/01,0,23000,-53000,-30000
2007/11/02,0,690000,-8000,682000
2007/11/05,0,30000,-116000,-86000
2007/11/06,0,94000,-16000,78000
2007/11/07,0,2557000,-22000,2535000
2007/11/08,0,650000,-134000,516000
2007/11/09,0,3939000,-693000,3246000
2007/11/12,0,2275000,-2434000,-159000
2007/11/13,0,6019000,-58000,5961000
2007/11/14,0,0,-13000,-13000
2007/11/15,0,896000,0,896000
2007/11/16,0,338000,-10000,328000
2007/11/19,0,454000,0,454000
2007/11/20,0,301000,-211000,90000
2007/11/21,0,229000,-111000,118000
2007/11/22,0,12000,0,12000
2007/11/23,0,129000,-44000,85000
2007/11/26,0,247000,-6000,241000
2007/11/27,0,1508000,0,1508000
2007/11/28,0,233000,-34000,199000
2007/11/29,0,504000,-6000,498000
2007/11/30,0,252000,0,252000
2007/12/03,0,1848000,0,1848000
2007/12/04,0,1371000,-61000,1310000
2007/12/05,0,108000,-88000,20000
2007/12/06,0,652000,-61000,591000
2007/12/07,0,809349,-10000,799349
2007/12/10,0,343000,-7000,336000
2007/12/11,0,631000,-14000,617000
2007/12/12,0,177000,0,177000
2007/12/13,0,813000,-16000,797000
2007/12/14,0,679000,-59000,620000
2007/12/17,0,2731000,-222000,2509000
2007/12/18,0,1600000,-137000,1463000
2007/12/19,0,200000,-1000,199000
2007/12/20,0,700000,-64000,636000
2007/12/21,0,203000,0,203000
2007/12/24,0,0,-9000,-9000
2007/12/25,0,10000,-19000,-9000
2007/12/26,0,0,0,0
2007/12/27,0,52000,-73000,-21000
2007/12/28,0,23000,-182881,-159881
2007/12/31,0,0,-169000,-169000
2008/01/01,0,0,0,0
2008/01/02,0,0,-134000,-134000
2008/01/03,0,31000,-14000,17000
2008/01/04,0,31000,-46000,-15000
2008/01/07,0,6000,-39000,-33000
2008/01/08,0,1652000,-13000,1639000
2008/01/09,0,0,0,0
2008/01/10,0,24000,-269000,-245000
2008/01/11,0,723000,-26000,697000
2008/01/14,0,456000,-5000,451000
2008/01/15,0,1482000,-14000,1468000
2008/01/16,0,1632000,-59000,1573000
2008/01/17,0,315000,-48000,267000
2008/01/18,0,51000,-364000,-313000
2008/01/21,0,3000,-10000,-7000
2008/01/22,0,113000,-1029000,-916000
2008/01/23,0,5000,-3196000,-3191000
2008/01/24,0,14000,-2629000,-2615000
2008/01/25,0,105000,-15000,90000
2008/01/28,0,23000,-645000,-622000
2008/01/29,0,305000,-2685000,-2380000
2008/01/30,0,170000,-6661000,-6491000
2008/01/31,0,210000,-1258000,-1048000
2008/02/01,0,2940000,-1343000,1597000
2008/02/04,0,0,0,0
2008/02/05,0,0,0,0
2008/02/06,0,0,0,0
2008/02/07,0,0,0,0
2008/02/08,0,0,0,0
2008/02/11,0,0,0,0
2008/02/12,0,12000,-553000,-541000
2008/02/13,0,0,-866455,-866455
2008/02/14,0,120000,-1050000,-930000
2008/02/15,0,72000,-537000,-465000
2008/02/18,0,25000,-830000,-805000
2008/02/19,0,109000,-712000,-603000
2008/02/20,0,4000,-2255000,-2251000
2008/02/21,0,19000,-1352000,-1333000
2008/02/22,0,0,-92000,-92000
2008/02/25,0,25000,0,25000
2008/02/26,0,22000,-3000,19000
2008/02/27,0,123000,-15000,108000
2008/02/28,0,0,0,0
2008/02/29,0,299000,-290000,9000
2008/03/03,0,4000,-41000,-37000
2008/03/04,0,87000,0,87000
2008/03/05,0,47000,-93000,-46000
2008/03/06,0,195000,-9000,186000
2008/03/07,0,256000,-117000,139000
2008/03/10,0,14000,-38000,-24000
2008/03/11,0,163000,-27000,136000
2008/03/12,0,472000,-50000,422000
2008/03/13,0,303000,-72000,231000
2008/03/14,0,15000,-97000,-82000
2008/03/17,0,17000,-506000,-489000
2008/03/18,0,46000,-517000,-471000
2008/03/19,0,30000,-786000,-756000
2008/03/20,0,234000,-2000,232000
2008/03/21,0,207000,-72000,135000
2008/03/24,0,491000,-51000,440000
2008/03/25,0,194000,-3760,190240
2008/03/26,0,50000,-17000,33000
2008/03/27,0,26000,-4000,22000
2008/03/28,0,60000,-26000,34000
2008/03/31,0,19000,-332000,-313000
2008/04/01,0,7000,-5000,2000
2008/04/02,0,26000,0,26000
2008/04/03,0,53000,-56000,-3000
2008/04/04,0,0,0,0
2008/04/07,0,26000,-53000,-27000
2008/04/08,0,3000,-72000,-69000
2008/04/09,0,3000,-449000,-446000
2008/04/10,0,46000,-253000,-207000
2008/04/11,0,0,-44000,-44000
2008/04/14,0,0,-67000,-67000
2008/04/15,0,30000,-42000,-12000
2008/04/16,0,39000,-13000,26000
2008/04/17,0,220000,-118000,102000
2008/04/18,0,27000,-3785,23215
2008/04/21,0,74000,0,74000
2008/04/22,0,101000,-221000,-120000
2008/04/23,0,237000,-50000,187000
2008/04/24,0,1000,-44000,-43000
2008/04/25,0,48000,-620000,-572000
2008/04/28,0,3000,-74000,-71000
2008/04/29,0,8000,-7000,1000
2008/04/30,0,0,0,0
2008/05/01,0,0,0,0
2008/05/02,0,101000,-6000,95000
2008/05/05,0,2000,-83000,-81000
2008/05/06,0,103000,-3000,100000
2008/05/07,0,18000,-6000,12000
2008/05/08,0,2000,-170000,-168000
2008/05/09,0,2000,-4000,-2000
2008/05/12,0,32000,0,32000
2008/05/13,0,45000,-6000,39000
2008/05/14,0,40000,0,40000
2008/05/15,0,19000,-1000,18000
2008/05/16,0,158000,-108000,50000
2008/05/19,0,58000,0,58000
2008/05/20,0,139000,-14000,125000
2008/05/21,0,113000,-46000,67000
2008/05/22,0,38000,-264000,-226000
2008/05/23,0,20000,-68000,-48000
2008/05/26,0,9000,-14000,-5000
2008/05/27,0,116000,-10000,106000
2008/05/28,0,20000,-181000,-161000
2008/05/29,0,0,-19000,-19000
2008/05/30,0,35000,-44000,-9000
2008/06/02,0,8000,-28000,-20000
2008/06/03,0,1000,-30000,-29000
2008/06/04,0,0,-5000,-5000
2008/06/05,0,163000,-30000,133000
2008/06/06,0,86000,-19000,67000
2008/06/09,0,82000,-87000,-5000
2008/06/10,0,0,-131000,-131000
2008/06/11,0,693000,-17000,676000
2008/06/12,0,600000,-1420000,-820000
2008/06/13,0,203000,-72000,131000
2008/06/16,0,13000,-39000,-26000
2008/06/17,0,92000,-11000,81000
2008/06/18,0,618000,-46000,572000
2008/06/19,0,20000,-772000,-752000
2008/06/20,0,0,-173000,-173000
2008/06/23,0,123000,0,123000
2008/06/24,0,50000,-111000,-61000
2008/06/25,0,151000,0,151000
2008/06/26,0,3000,-59000,-56000
2008/06/27,0,77000,-3000,74000
2008/06/30,0,87000,-1000,86000
2008/07/01,0,155000,-5000,150000
2008/07/02,0,235000,-20000,215000
2008/07/03,0,341000,-159000,182000
2008/07/04,0,10000,-403000,-393000
2008/07/07,0,114000,-15000,99000
2008/07/08,0,10000,-295000,-285000
2008/07/09,0,78000,-16000,62000
2008/07/10,0,123000,-58000,65000
2008/07/11,0,133000,-130000,3000
2008/07/14,0,59000,-116000,-57000
2008/07/15,0,12000,-58000,-46000
2008/07/16,0,12000,-102000,-90000
2008/07/17,0,205000,-1401000,-1196000
2008/07/18,0,43000,-1295000,-1252000
2008/07/21,0,94000,-1296413,-1202413
2008/07/22,0,230000,-1253000,-1023000
2008/07/23,0,193000,-153000,40000
2008/07/24,0,4000,-126000,-122000
2008/07/25,0,4000,-14000,-10000
2008/07/28,0,0,0,0
2008/07/29,0,15000,-30002,-15002
2008/07/30,0,132000,-16000,116000
2008/07/31,0,20000,-108000,-88000
2008/08/01,0,20000,-40000,-20000
2008/08/04,0,1000,-15000,-14000
2008/08/05,0,27000,-8000,19000
2008/08/06,0,64000,-462000,-398000
2008/08/07,0,70000,-25000,45000
2008/08/08,0,196000,-80000,116000
2008/08/11,0,9000,-178000,-169000
2008/08/12,0,85000,-12000,73000
2008/08/13,0,173000,-36000,137000
2008/08/14,0,124000,-107000,17000
2008/08/15,0,22000,-202000,-180000
2008/08/18,0,11000,-36730,-25730
2008/08/19,0,113000,-192349,-79349
2008/08/20,0,136000,-94000,42000
2008/08/21,0,0,-244000,-244000
2008/08/22,0,5000,-144000,-139000
2008/08/25,0,235000,-5000,230000
2008/08/26,0,61000,-20000,41000
2008/08/27,0,47000,-19000,28000
2008/08/28,0,452000,-21000,431000
2008/08/29,0,6000,-540000,-534000
2008/09/01,0,0,-24000,-24000
2008/09/02,0,11000,-99000,-88000
2008/09/03,0,274000,-10000,264000
2008/09/04,0,6000,-22000,-16000
2008/09/05,0,129000,-158000,-29000
2008/09/08,0,304000,-7000,297000
2008/09/09,0,40000,-296000,-256000
2008/09/10,0,86000,-126000,-40000
2008/09/11,0,11000,-275000,-264000
2008/09/12,0,45000,-26000,19000
2008/09/15,0,6000,-58000,-52000
2008/09/16,0,5000,-5000,0
2008/09/17,0,103000,-143000,-40000
2008/09/18,0,0,0,0
2008/09/19,0,262000,-612000,-350000
2008/09/22,0,134000,-178000,-44000
2008/09/23,0,127000,-74000,53000
2008/09/24,0,290000,-156000,134000
2008/09/25,0,5000,-279000,-274000
2008/09/26,0,0,-112000,-112000
2008/09/29,0,0,0,0
2008/09/30,0,0,0,0
2008/10/01,0,99000,-51000,48000
2008/10/02,0,131000,-91000,40000
2008/10/03,0,85000,-81000,4000
2008/10/06,0,95000,-145000,-50000
2008/10/07,0,88000,-79000,9000
2008/10/08,0,279000,-147000,132000
2008/10/09,0,32000,-22000,10000
2008/10/10,0,0,0,0
2008/10/13,0,0,0,0
2008/10/14,0,48000,-18000,30000
2008/10/15,0,63000,-79000,-16000
2008/10/16,0,0,-5000,-5000
2008/10/17,0,0,-63000,-63000
2008/10/20,0,21000,0,21000
2008/10/21,0,70000,-3000,67000
2008/10/22,0,277000,-638000,-361000
2008/10/23,0,0,0,0
2008/10/24,0,13000,0,13000
2008/10/27,0,37000,0,37000
2008/10/28,0,69000,-453000,-384000
2008/10/29,0,267000,-20000,247000
2008/10/30,0,169000,-58000,111000
2008/10/31,0,0,-444052,-444052
2008/11/03,0,0,0,0
2008/11/04,0,0,0,0
2008/11/05,0,0,0,0
2008/11/06,0,724000,-405291,318709
2008/11/07,0,20000,-201000,-181000
2008/11/10,0,152000,-20000,132000
2008/11/11,0,254000,-134000,120000
2008/11/12,0,443000,-271002,171998
2008/11/13,0,38000,-443000,-405000
2008/11/14,0,17000,-24000,-7000
2008/11/17,0,11000,-20000,-9000
2008/11/18,0,35000,-14000,21000
2008/11/19,0,48000,-33000,15000
2008/11/20,0,10000,-48000,-38000
2008/11/21,0,34000,-20000,14000
2008/11/24,0,19000,-32000,-13000
2008/11/25,0,154000,-16674,137326
2008/11/26,0,0,-32000,-32000
2008/11/27,0,486000,0,486000
2008/11/28,0,16000,-342000,-326000
2008/12/01,0,136000,-21000,115000
2008/12/02,0,35000,-247000,-212000
2008/12/03,0,25000,-5000,20000
2008/12/04,0,0,0,0
2008/12/05,0,8000,-141000,-133000
2008/12/08,0,529000,-26000,503000
2008/12/09,0,41000,-486000,-445000
2008/12/10,0,8000,-40000,-32000
2008/12/11,0,131000,-327000,-196000
2008/12/12,0,304000,-103000,201000
2008/12/15,0,319000,-46000,273000
2008/12/16,0,93000,-138000,-45000
2008/12/17,0,159000,-307000,-148000
2008/12/18,0,538000,-370000,168000
2008/12/19,0,55000,-238000,-183000
2008/12/22,0,34000,-86000,-52000
2008/12/23,0,1254000,-39000,1215000
2008/12/24,0,167000,-82000,85000
2008/12/25,0,27000,-39000,-12000
2008/12/26,0,0,-22000,-22000
2008/12/29,0,7000,-9000,-2000
2008/12/30,0,374000,-7000,367000
2008/12/31,0,283000,-340000,-57000
2009/01/01,0,0,0,0
2009/01/02,0,0,0,0
2009/01/05,0,36000,-322000,-286000
2009/01/06,0,831000,-32000,799000
2009/01/07,0,17000,-6000,11000
2009/01/08,0,83000,-359000,-276000
2009/01/09,0,159000,-159000,0
2009/01/12,0,11000,-46000,-35000
2009/01/13,0,119000,-5000,114000
2009/01/14,0,151000,-28000,123000
2009/01/15,0,19000,-279000,-260000
2009/01/16,0,22000,-74000,-52000
2009/01/19,0,345000,-22000,323000
2009/01/20,0,0,-8000,-8000
2009/01/21,0,282000,-61000,221000
2009/01/22,0,0,0,0
2009/01/23,0,0,0,0
2009/01/26,0,0,0,0
2009/01/27,0,0,0,0
2009/01/28,0,0,0,0
2009/01/29,0,0,0,0
2009/01/30,0,0,0,0
2009/02/02,0,323000,-519000,-196000
2009/02/03,0,153000,-23000,130000
2009/02/04,0,1000,-153000,-152000
2009/02/05,0,24000,-1000,23000
2009/02/06,0,93000,-24000,69000
2009/02/09,0,0,-5000,-5000
2009/02/10,0,55000,0,55000
2009/02/11,0,214000,0,214000
2009/02/12,0,102000,-130000,-28000
2009/02/13,0,50000,0,50000
2009/02/16,0,0,-19000,-19000
2009/02/17,0,0,-6000,-6000
2009/02/18,0,0,-518000,-518000
2009/02/19,0,491000,-3000,488000
2009/02/20,0,0,-188000,-188000
2009/02/23,0,229000,0,229000
2009/02/24,0,29000,-31265,-2265
2009/02/25,0,273000,0,273000
2009/02/26,0,18000,-5344,12656
2009/02/27,0,149000,0,149000
2009/03/02,0,0,-186000,-186000
2009/03/03,0,0,-70000,-70000
2009/03/04,0,428000,0,428000
2009/03/05,0,206000,0,206000
2009/03/06,0,6000,-1000,5000
2009/03/09,0,306000,-15000,291000
2009/03/10,0,9000,-162000,-153000
2009/03/11,0,0,-360000,-360000
2009/03/12,0,131000,-6000,125000
2009/03/13,0,318000,-106000,212000
2009/03/16,0,197000,-1000,196000
2009/03/17,0,26000,0,26000
2009/03/18,0,91000,-109000,-18000
2009/03/19,0,123000,-945000,-822000
2009/03/20,0,69000,-46000,23000
2009/03/23,0,97000,-7000,90000
2009/03/24,0,114000,0,114000
2009/03/25,0,250000,0,250000
2009/03/26,0,3000,-279000,-276000
2009/03/27,0,0,-135000,-135000
2009/03/30,0,99000,-77000,22000
2009/03/31,0,58000,-119000,-61000
2009/04/01,0,295000,-31000,264000
2009/04/02,0,627000,0,627000
2009/04/03,0,254000,-14000,240000
2009/04/06,0,119000,-267000,-148000
2009/04/07,0,235000,-35000,200000
2009/04/08,0,123000,-549000,-426000
2009/04/09,0,167000,0,167000
2009/04/10,0,56000,-214000,-158000
2009/04/13,0,670000,-84000,586000
2009/04/14,0,335000,0,335000
2009/04/15,0,339000,-332000,7000
2009/04/16,0,699000,0,699000
2009/04/17,0,379000,-878000,-499000
2009/04/20,0,30000,-646000,-616000
2009/04/21,0,255000,-159000,96000
2009/04/22,0,548000,-295000,253000
2009/04/23,0,911000,-218000,693000
2009/04/24,0,263000,-875000,-612000
2009/04/27,0,257000,-718000,-461000
2009/04/28,0,130000,-389000,-259000
2009/04/29,0,221000,-42000,179000
2009/04/30,0,306000,0,306000
2009/05/01,0,0,0,0
2009/05/04,0,433000,-55000,378000
2009/05/05,0,217000,-522000,-305000
2009/05/06,0,447000,-43000,404000
2009/05/07,0,525000,-344000,181000
2009/05/08,0,529000,-393000,136000
2009/05/11,0,98000,-205000,-107000
2009/05/12,0,77000,-439000,-362000
2009/05/13,0,253000,-53000,200000
2009/05/14,0,216000,-326000,-110000
2009/05/15,0,246000,-212000,34000
2009/05/18,0,823000,-242000,581000
2009/05/19,0,492000,-576000,-84000
2009/05/20,0,73000,-318000,-245000
2009/05/21,0,97000,-178000,-81000
2009/05/22,0,85000,-176000,-91000
2009/05/25,0,411000,-73000,338000
2009/05/26,0,36000,-577000,-541000
2009/05/27,0,194000,-299000,-105000
2009/05/28,0,0,0,0
2009/05/29,0,0,0,0
2009/06/01,0,1130000,-35000,1095000
2009/06/02,0,83000,-1446000,-1363000
2009/06/03,0,114000,-103000,11000
2009/06/04,0,18000,-16000,2000
2009/06/05,0,22000,-21000,1000
2009/06/08,0,198000,-452000,-254000
2009/06/09,0,128000,-197000,-69000
2009/06/10,0,84000,-77000,7000
2009/06/11,0,67000,-92000,-25000
2009/06/12,0,202000,-201000,1000
2009/06/15,0,0,-207000,-207000
2009/06/16,0,30000,-3000,27000
2009/06/17,0,280000,-34000,246000
2009/06/18,0,70000,-78000,-8000
2009/06/19,0,810000,-30000,780000
2009/06/22,0,369000,-96000,273000
2009/06/23,0,98000,-348000,-250000
2009/06/24,0,374000,-42000,332000
2009/06/25,0,158000,-336000,-178000
2009/06/26,0,0,-185000,-185000
2009/06/29,0,0,-170000,-170000
2009/06/30,0,1142000,-105000,1037000
2009/07/01,0,75000,-1181000,-1106000
2009/07/02,0,9000,-17000,-8000
2009/07/03,0,144000,-813000,-669000
2009/07/06,0,196000,-74000,122000
2009/07/07,0,34000,-95000,-61000
2009/07/08,0,358000,-181000,177000
2009/07/09,0,12000,-336000,-324000
2009/07/10,0,153000,-42000,111000
2009/07/13,0,135000,-200000,-65000
2009/07/14,0,178000,-160000,18000
2009/07/15,0,53000,-220000,-167000
2009/07/16,0,42000,-42000,0
2009/07/17,0,323000,-25000,298000
2009/07/20,0,10000,-253000,-243000
2009/07/21,0,63000,-55000,8000
2009/07/22,0,295000,-59000,236000
2009/07/23,0,70000,0,70000
2009/07/24,0,783000,-17000,766000
2009/07/27,0,71000,-24000,47000
2009/07/28,0,314000,-1000,313000
2009/07/29,0,692000,-195000,497000
2009/07/30,0,7000,-74000,-67000
2009/07/31,0,30000,-11000,19000
2009/08/03,0,0,-49000,-49000
2009/08/04,0,66000,-829000,-763000
2009/08/05,0,358000,-1382000,-1024000
2009/08/06,0,840000,-19000,821000
2009/08/07,0,0,0,0
2009/08/10,0,134000,-288000,-154000
2009/08/11,0,116000,-59000,57000
2009/08/12,0,1000,-96000,-95000
2009/08/13,0,168000,-10000,158000
2009/08/14,0,1000,0,1000
2009/08/17,0,17000,-322000,-305000
2009/08/18,0,114000,-35000,79000
2009/08/19,0,2000,-120000,-118000
2009/08/20,0,1000,-31000,-30000
2009/08/21,0,12000,-7000,5000
2009/08/24,0,23000,-11000,12000
2009/08/25,0,1000,-29000,-28000
2009/08/26,0,0,0,0
2009/08/27,0,0,0,0
2009/08/28,0,10000,0,10000
2009/08/31,0,124000,-33000,91000
2009/09/01,0,609000,0,609000
2009/09/02,0,66000,-172000,-106000
2009/09/03,0,1000,0,1000
2009/09/04,0,270000,0,270000
2009/09/07,0,0,-106000,-106000
2009/09/08,0,79000,0,79000
2009/09/09,0,1000,-154000,-153000
2009/09/10,0,218000,-347000,-129000
2009/09/11,0,341000,0,341000
2009/09/14,0,0,-118000,-118000
2009/09/15,0,436000,0,436000
2009/09/16,0,1221000,-125000,1096000
2009/09/17,0,243000,0,243000
2009/09/18,0,124000,0,124000
2009/09/21,0,441000,-922000,-481000
2009/09/22,0,6000,-59000,-53000
2009/09/23,0,49000,-546000,-497000
2009/09/24,0,270000,-331000,-61000
2009/09/25,0,258000,-138000,120000
2009/09/28,0,0,-28000,-28000
2009/09/29,0,116000,0,116000
2009/09/30,0,0,0,0
2009/10/01,0,195000,-5000,190000
2009/10/02,0,38000,-7000,31000
2009/10/05,0,4000,-89000,-85000
2009/10/06,0,211000,0,211000
2009/10/07,0,2000,-10000,-8000
2009/10/08,0,34000,-30000,4000
2009/10/09,0,115000,-80000,35000
2009/10/12,0,7000,-34000,-27000
2009/10/13,0,112000,-144000,-32000
2009/10/14,0,184000,-145000,39000
2009/10/15,0,164000,-152000,12000
2009/10/16,0,171000,-9000,162000
2009/10/19,0,55000,0,55000
2009/10/20,0,0,-10000,-10000
2009/10/21,0,27000,-33609,-6609
2009/10/22,0,0,-37000,-37000
2009/10/23,0,32000,-2000,30000
2009/10/26,0,39000,-2000,37000
2009/10/27,0,0,-175000,-175000
2009/10/28,0,0,-7000,-7000
2009/10/29,0,61000,0,61000
2009/10/30,0,76000,-55000,21000
2009/11/02,0,40000,-41000,-1000
2009/11/03,0,200000,-41000,159000
2009/11/04,0,50000,-5000,45000
2009/11/05,0,110000,-49000,61000
2009/11/06,0,175000,-200000,-25000
2009/11/09,0,105000,0,105000
2009/11/10,0,0,0,0
2009/11/11,0,19000,0,19000
2009/11/12,0,19000,0,19000
2009/11/13,0,65000,0,65000
2009/11/16,0,335000,-2000,333000
2009/11/17,0,76000,-108000,-32000
2009/11/18,0,181000,-43000,138000
2009/11/19,0,124000,0,124000
2009/11/20,0,0,-12000,-12000
2009/11/23,0,273000,0,273000
2009/11/24,0,122000,0,122000
2009/11/25,0,73000,0,73000
2009/11/26,0,0,0,0
2009/11/27,0,0,-277000,-277000
2009/11/30,0,39000,0,39000
2009/12/01,0,159000,-11000,148000
2009/12/02,0,429000,-113000,316000
2009/12/03,0,0,0,0
2009/12/04,0,62000,-60000,2000
2009/12/07,0,0,-33000,-33000
2009/12/08,0,91000,-125000,-34000
2009/12/09,0,44000,-108000,-64000
2009/12/10,0,121000,-275000,-154000
2009/12/11,0,146000,-29000,117000
2009/12/14,0,162000,-68000,94000
2009/12/15,0,841000,0,841000
2009/12/16,0,334000,-45000,289000
2009/12/17,0,205000,-160000,45000
2009/12/18,0,516000,-174000,342000
2009/12/21,0,400000,-800000,-400000
2009/12/22,0,1213000,-18000,1195000
2009/12/23,0,730000,-3000,727000
2009/12/24,0,686000,-57000,629000
2009/12/25,0,751000,0,751000
2009/12/28,0,118000,-9000,109000
2009/12/29,0,14000,0,14000
2009/12/30,0,373000,-176000,197000
2009/12/31,0,22000,-1097000,-1075000
2010/01/01,0,0,0,0
2010/01/04,0,4000,-638000,-634000
2010/01/05,0,17000,-435000,-418000
2010/01/06,0,7000,-346000,-339000
2010/01/07,0,73000,-323000,-250000
2010/01/08,0,99000,-306000,-207000
2010/01/11,0,87000,-320000,-233000
2010/01/12,0,33000,-81000,-48000
2010/01/13,0,4000,0,4000
2010/01/14,0,69000,-31000,38000
2010/01/15,0,28000,-337000,-309000
2010/01/18,0,588000,-462444,125556
2010/01/19,0,158000,-399000,-241000
2010/01/20,0,58000,-234000,-176000
2010/01/21,0,177000,-452000,-275000
2010/01/22,0,247000,-33000,214000
2010/01/25,0,143000,-5000,138000
2010/01/26,0,116000,-354000,-238000
2010/01/27,0,42000,-24000,18000
2010/01/28,0,119000,-72000,47000
2010/01/29,0,95000,-234000,-139000
2010/02/01,0,0,-146000,-146000
2010/02/02,0,7000,-226000,-219000
2010/02/03,0,4000,-34000,-30000
2010/02/04,0,142000,-20000,122000
2010/02/05,0,6000,-195000,-189000
2010/02/08,0,46000,-419000,-373000
2010/02/09,0,302000,-55000,247000
2010/02/10,0,61000,-33000,28000
2010/02/11,0,0,0,0
2010/02/12,0,0,0,0
2010/02/15,0,0,0,0
2010/02/16,0,0,0,0
2010/02/17,0,0,0,0
2010/02/18,0,0,0,0
2010/02/19,0,0,0,0
2010/02/22,0,56000,-55000,1000
2010/02/23,0,107000,-38000,69000
2010/02/24,0,74000,-20000,54000
2010/02/25,0,226000,-254000,-28000
2010/02/26,0,161000,-84000,77000
2010/03/01,0,75000,-96000,-21000
2010/03/02,0,105000,-46000,59000
2010/03/03,0,107000,0,107000
2010/03/04,0,0,-96000,-96000
2010/03/05,0,21000,-131000,-110000
2010/03/08,0,225000,-1000,224000
2010/03/09,0,6000,0,6000
2010/03/10,0,2000,-23000,-21000
2010/03/11,0,8000,0,8000
2010/03/12,0,35000,-8000,27000
2010/03/15,0,4000,-22000,-18000
2010/03/16,0,0,-4000,-4000
2010/03/17,0,121000,-12000,109000
2010/03/18,0,49000,-1000,48000
2010/03/19,0,248000,0,248000
2010/03/22,0,76000,-54000,22000
2010/03/23,0,23000,-47000,-24000
2010/03/24,0,278000,0,278000
2010/03/25,0,72000,-126000,-54000
2010/03/26,0,59000,-101000,-42000
2010/03/29,0,210000,-70000,140000
2010/03/30,0,216000,0,216000
2010/03/31,0,371000,-20000,351000
2010/04/01,0,476000,-632734,-156734
2010/04/02,0,9000,0,9000
2010/04/05,0,0,0,0
2010/04/06,0,236000,0,236000
2010/04/07,0,132000,0,132000
2010/04/08,0,395000,-178000,217000
2010/04/09,0,373000,-62000,311000
2010/04/12,0,25000,-54000,-29000
2010/04/13,0,64000,-155000,-91000
2010/04/14,0,244000,-11000,233000
2010/04/15,0,254000,-51000,203000
2010/04/16,0,32000,-35000,-3000
2010/04/19,0,0,-279000,-279000
2010/04/20,0,13000,-97000,-84000
2010/04/21,0,783000,-26000,757000
2010/04/22,0,82000,-165000,-83000
2010/04/23,0,332000,-169000,163000
2010/04/26,0,1064000,-101000,963000
2010/04/27,0,241000,-74000,167000
2010/04/28,0,299000,-48000,251000
2010/04/29,0,1101000,-211000,890000
2010/04/30,0,1759000,-922000,837000
2010/05/03,0,71000,-27000,44000
2010/05/04,0,22000,-353000,-331000
2010/05/05,0,369000,-152000,217000
2010/05/06,0,164000,-262000,-98000
2010/05/07,0,220000,-105000,115000
2010/05/10,0,101000,-120000,-19000
2010/05/11,0,85000,-161000,-76000
2010/05/12,0,105000,0,105000
2010/05/13,0,143000,0,143000
2010/05/14,0,132000,0,132000
2010/05/17,0,34000,-240000,-206000
2010/05/18,0,116000,-103000,13000
2010/05/19,0,285000,-79000,206000
2010/05/20,0,0,-461000,-461000
2010/05/21,0,121000,-400000,-279000
2010/05/24,0,68000,-67000,1000
2010/05/25,0,88000,-181000,-93000
2010/05/26,0,8000,-268000,-260000
2010/05/27,0,81000,-133000,-52000
2010/05/28,0,227000,-214000,13000
2010/05/31,0,18000,-20000,-2000
2010/06/01,0,0,-287000,-287000
2010/06/02,0,54000,-205000,-151000
2010/06/03,0,79000,-104000,-25000
2010/06/04,0,35000,-107000,-72000
2010/06/07,0,24000,-114000,-90000
2010/06/08,0,427000,-68000,359000
2010/06/09,0,2000,-195000,-193000
2010/06/10,0,16000,-41000,-25000
2010/06/11,0,292000,-130000,162000
2010/06/14,0,120000,-81000,39000
2010/06/15,0,164000,-318000,-154000
2010/06/16,0,0,0,0
2010/06/17,0,99000,-416000,-317000
2010/06/18,0,304000,-104000,200000
2010/06/21,0,426000,-91000,335000
2010/06/22,0,230000,-93000,137000
2010/06/23,0,0,-86000,-86000
2010/06/24,0,167000,0,167000
2010/06/25,0,20092,0,20092
2010/06/28,0,0,-36000,-36000
2010/06/29,0,79000,-131000,-52000
2010/06/30,0,0,-326000,-326000
2010/07/01,0,545000,-257000,288000
2010/07/02,0,983000,-5000,978000
2010/07/05,0,1801000,-21000,1780000
2010/07/06,0,145000,-1357000,-1212000
2010/07/07,0,0,-923000,-923000
2010/07/08,0,22000,-691000,-669000
2010/07/09,0,35000,-500000,-465000
2010/07/12,0,366000,-33000,333000
2010/07/13,0,64000,-351000,-287000
2010/07/14,0,31000,-23000,8000
2010/07/15,0,1028000,-172000,856000
2010/07/16,0,1126000,-84000,1042000
2010/07/19,0,12000,-32000,-20000
2010/07/20,0,8000,-79000,-71000
2010/07/21,0,23000,-121000,-98000
2010/07/22,0,458000,-8000,450000
2010/07/23,0,64000,-55000,9000
2010/07/26,0,23000,0,23000
2010/07/27,0,300000,-79000,221000
2010/07/28,0,326000,-17000,309000
2010/07/29,0,604000,-37000,567000
2010/07/30,0,372000,-85000,287000
2010/08/02,0,199000,-1000,198000
2010/08/03,0,1841752,-484000,1357752
2010/08/04,0,1184504,-7000,1177504
2010/08/05,0,198000,-45000,153000
2010/08/06,0,384390,-9000,375390
2010/08/09,0,406506,-11000,395506
2010/08/10,0,35755,0,35755
2010/08/11,0,109756,-118000,-8244
2010/08/12,0,16189,-15000,1189
2010/08/13,0,183000,-182000,1000
2010/08/16,0,302000,-21000,281000
2010/08/17,0,0,0,0
2010/08/18,0,222000,-247000,-25000
2010/08/19,0,416120,-238000,178120
2010/08/20,0,340000,-1000,339000
2010/08/23,0,32000,-13000,19000
2010/08/24,0,327148,-202000,125148
2010/08/25,0,119436,-463000,-343564
2010/08/26,0,19722,-282000,-262278
2010/08/27,0,151000,-155000,-4000
2010/08/30,0,494000,-123000,371000
2010/08/31,0,259056,-296000,-36944
2010/09/01,0,46000,0,46000
2010/09/02,0,584000,-2000,582000
2010/09/03,0,200000,-24000,176000
2010/09/06,0,176000,-1000,175000
2010/09/07,0,220000,-141000,79000
2010/09/08,0,0,-195000,-195000
2010/09/09,0,243000,-14000,229000
2010/09/10,0,230000,0,230000
2010/09/13,0,293000,-350000,-57000
2010/09/14,0,632000,-1230000,-598000
2010/09/15,0,145000,-530000,-385000
2010/09/16,0,349000,-47000,302000
2010/09/17,0,1000,-434000,-433000
2010/09/20,0,53000,-602000,-549000
2010/09/21,0,156000,-668000,-512000
2010/09/22,0,0,0,0
2010/09/23,0,95000,-705000,-610000
2010/09/24,0,99000,-649000,-550000
2010/09/27,0,70000,-333000,-263000
2010/09/28,0,461000,-40000,421000
2010/09/29,0,702000,-374000,328000
2010/09/30,0,278120,-383000,-104880
2010/10/01,0,39000,-234000,-195000
2010/10/04,0,222000,-1000,221000
2010/10/05,0,147000,-39000,108000
2010/10/06,0,2073000,-171000,1902000
2010/10/07,0,201000,-352000,-151000
2010/10/08,0,124000,-231000,-107000
2010/10/11,0,3722000,-178500,3543500
2010/10/12,0,371000,-1672000,-1301000
2010/10/13,0,131000,-337000,-206000
2010/10/14,0,211000,-590000,-379000
2010/10/15,0,1381000,-435000,946000
2010/10/18,0,384000,-232000,152000
2010/10/19,0,172000,-2017000,-1845000
2010/10/20,0,301000,-692000,-391000
2010/10/21,0,241000,-373000,-132000
2010/10/22,0,381000,-193000,188000
2010/10/25,0,3154000,-78000,3076000
2010/10/26,0,959000,-15000,944000
2010/10/27,0,118000,-292000,-174000
2010/10/28,0,325000,-202000,123000
2010/10/29,0,481000,-5000,476000
2010/11/01,0,534000,0,534000
2010/11/02,0,1758000,-101000,1657000
2010/11/03,0,689000,-344000,345000
2010/11/04,0,657000,-16000,641000
2010/11/05,0,195000,-337000,-142000
2010/11/08,0,961000,-67000,894000
2010/11/09,0,147000,-71000,76000
2010/11/10,0,188000,-28000,160000
2010/11/11,0,60000,-234000,-174000
2010/11/12,0,28000,-24000,4000
2010/11/15,0,4000,-56000,-52000
2010/11/16,0,0,-96000,-96000
2010/11/17,0,374000,-88000,286000
2010/11/18,0,37000,-489000,-452000
2010/11/19,0,18000,-1297000,-1279000
2010/11/22,0,107000,0,107000
2010/11/23,0,83000,-83000,0
2010/11/24,0,184000,-22000,162000
2010/11/25,0,14000,-32000,-18000
2010/11/26,0,260000,0,260000
2010/11/29,0,2000,-42000,-40000
2010/11/30,0,92000,-107000,-15000
2010/12/01,0,349000,-1000,348000
2010/12/02,0,12000,0,12000
2010/12/03,0,145000,-26000,119000
2010/12/06,0,55000,-25000,30000
2010/12/07,0,154000,0,154000
2010/12/08,0,111000,0,111000
2010/12/09,0,234000,-64000,170000
2010/12/10,0,57000,-55000,2000
2010/12/13,0,308000,-8000,300000
2010/12/14,0,324000,-96000,228000
2010/12/15,0,283000,-74000,209000
2010/12/16,0,357000,0,357000
2010/12/17,0,197000,-1000,196000
2010/12/20,0,113000,-106000,7000
2010/12/21,0,272000,-23000,249000
2010/12/22,0,52000,-35000,17000
2010/12/23,0,8000,-113000,-105000
2010/12/24,0,1000,-2000,-1000
2010/12/27,0,51000,-63000,-12000
2010/12/28,0,31000,-9000,22000
2010/12/29,0,69000,-5000,64000
2010/12/30,0,195000,0,195000
2010/12/31,0,84000,-1426000,-1342000
2011/01/03,0,138000,-6000,132000
2011/01/04,0,348000,-500000,-152000
2011/01/05,0,26000,-1272000,-1246000
2011/01/06,0,49000,-41000,8000
2011/01/07,0,53000,-1020000,-967000
2011/01/10,0,73000,-5000,68000
2011/01/11,0,78000,-39000,39000
2011/01/12,0,127000,0,127000
2011/01/13,0,18000,-53000,-35000
2011/01/14,0,33000,-11000,22000
2011/01/17,0,22000,0,22000
2011/01/18,0,42000,-16000,26000
2011/01/19,0,55000,-1000,54000
2011/01/20,0,35000,0,35000
2011/01/21,0,42000,-141000,-99000
2011/01/24,0,56000,0,56000
2011/01/25,0,3000,-18000,-15000
2011/01/26,0,149000,-18000,131000
2011/01/27,0,73000,-6000,67000
2011/01/28,0,234000,-30000,204000
2011/01/31,0,0,0,0
2011/02/01,0,0,0,0
2011/02/02,0,0,0,0
2011/02/03,0,0,0,0
2011/02/04,0,0,0,0
2011/02/07,0,0,0,0
2011/02/08,0,126000,-435000,-309000
2011/02/09,0,74000,-75000,-1000
2011/02/10,0,44000,-23000,21000
2011/02/11,0,164000,-275000,-111000
2011/02/14,0,25000,-168000,-143000
2011/02/15,0,37000,-241000,-204000
2011/02/16,0,93000,-116000,-23000
2011/02/17,0,109000,-234000,-125000
2011/02/18,0,212000,0,212000
2011/02/21,0,9000,-108000,-99000
2011/02/22,0,7000,-222000,-215000
2011/02/23,0,307000,-70000,237000
2011/02/24,0,127000,-21000,106000
2011/02/25,0,52000,-222000,-170000
2011/02/28,0,0,0,0
2011/03/01,0,432000,-1485000,-1053000
2011/03/02,0,144000,-2830000,-2686000
2011/03/03,0,66000,-1423000,-1357000
2011/03/04,0,72000,-1776000,-1704000
2011/03/07,0,52000,-558000,-506000
2011/03/08,0,68000,-125000,-57000
2011/03/09,0,45000,-86000,-41000
2011/03/10,0,8000,-12000,-4000
2011/03/11,0,14000,-123000,-109000
2011/03/14,0,53000,-44000,9000
2011/03/15,0,301000,-198000,103000
2011/03/16,0,257000,-190000,67000
2011/03/17,0,101000,-387000,-286000
2011/03/18,0,88000,-36000,52000
2011/03/21,0,51000,-86000,-35000
2011/03/22,0,1000,-99000,-98000
2011/03/23,0,0,-161000,-161000
2011/03/24,0,34000,-50000,-16000
2011/03/25,0,291000,-31000,260000
2011/03/28,0,396000,-326120,69880
2011/03/29,0,0,-551000,-551000
2011/03/30,0,2000,-289000,-287000
2011/03/31,0,26039,-303000,-276961
2011/04/01,0,75000,-2000,73000
2011/04/04,0,0,0,0
2011/04/05,0,0,0,0
2011/04/06,0,184000,-92000,92000
2011/04/07,0,398000,-156000,242000
2011/04/08,0,12000,-179000,-167000
2011/04/11,0,36000,-137000,-101000
2011/04/12,0,2000,-2354000,-2352000
2011/04/13,0,121000,-184000,-63000
2011/04/14,0,105000,-250000,-145000
2011/04/15,0,47000,-134000,-87000
2011/04/18,0,0,-31000,-31000
2011/04/19,0,149000,-1000,148000
2011/04/20,0,315000,0,315000
2011/04/21,0,314000,0,314000
2011/04/22,0,146000,0,146000
2011/04/25,0,54000,0,54000
2011/04/26,0,48000,0,48000
2011/04/27,0,165000,-30000,135000
2011/04/28,0,326000,-23000,303000
2011/04/29,0,160000,-295330,-135330
2011/05/02,0,0,0,0
2011/05/03,0,69000,-47000,22000
2011/05/04,0,128000,-1000,127000
2011/05/05,0,86000,-15000,71000
2011/05/06,0,96000,-305000,-209000
2011/05/09,0,282000,-203000,79000
2011/05/10,0,17000,0,17000
2011/05/11,0,24000,-27000,-3000
2011/05/12,0,15000,-367000,-352000
2011/05/13,0,11000,-60000,-49000
2011/05/16,0,69000,-231000,-162000
2011/05/17,0,3000,-38000,-35000
2011/05/18,0,75000,-153000,-78000
2011/05/19,0,39000,-47000,-8000
2011/05/20,0,0,-187000,-187000
2011/05/23,0,0,-125000,-125000
2011/05/24,0,40000,-105000,-65000
2011/05/25,0,0,-156064,-156064
2011/05/26,0,3000,-143107,-140107
2011/05/27,0,51000,-108000,-57000
2011/05/30,0,2000,-134000,-132000
2011/05/31,0,230000,-21000,209000
2011/06/01,0,36000,-27000,9000
2011/06/02,0,389000,-1000,388000
2011/06/03,0,49000,-93000,-44000
2011/06/06,0,0,0,0
2011/06/07,0,65000,-34000,31000
2011/06/08,0,74000,-40000,34000
2011/06/09,0,28000,-1000,27000
2011/06/10,0,3000,-167000,-164000
2011/06/13,0,97000,-235000,-138000
2011/06/14,0,275000,-2000,273000
2011/06/15,0,545000,-696000,-151000
2011/06/16,0,418000,-383000,35000
2011/06/17,0,851000,-484670,366330
2011/06/20,0,74000,-501000,-427000
2011/06/21,0,180000,-60000,120000
2011/06/22,0,0,-207000,-207000
2011/06/23,0,27000,0,27000
2011/06/24,0,202000,0,202000
2011/06/27,0,35000,-504000,-469000
2011/06/28,0,8000,-24001,-16001
2011/06/29,0,34000,-12000,22000
2011/06/30,0,40000,0,40000
2011/07/01,0,184000,-6000,178000
2011/07/04,0,23000,-306000,-283000
2011/07/05,0,12000,-75000,-63000
2011/07/06,0,15000,-107000,-92000
2011/07/07,0,125000,-104000,21000
2011/07/08,0,16000,-102000,-86000
2011/07/11,0,88000,-107000,-19000
2011/07/12,0,161000,-9000,152000
2011/07/13,0,143000,-38000,105000
2011/07/14,0,69000,-20000,49000
2011/07/15,0,224000,-3000,221000
2011/07/18,0,96000,-10000,86000
2011/07/19,0,33000,-72000,-39000
2011/07/20,0,147000,-10000,137000
2011/07/21,0,169000,0,169000
2011/07/22,0,345000,-1000,344000
2011/07/25,0,40000,-49000,-9000
2011/07/26,0,182000,0,182000
2011/07/27,0,144000,-20000,124000
2011/07/28,0,107000,-57000,50000
2011/07/29,0,406000,-73000,333000
2011/08/01,0,251000,-2000,249000
2011/08/02,0,25000,-12000,13000
2011/08/03,0,23000,-9000,14000
2011/08/04,0,179000,-19000,160000
2011/08/05,0,58000,-49000,9000
2011/08/08,0,55000,-320000,-265000
2011/08/09,0,65000,-250000,-185000
2011/08/10,0,428000,-475000,-47000
2011/08/11,0,290000,-348000,-58000
2011/08/12,0,0,-351000,-351000
2011/08/15,0,21000,-73000,-52000
2011/08/16,0,117000,-229000,-112000
2011/08/17,0,218000,-207000,11000
2011/08/18,0,57000,-424000,-367000
2011/08/19,0,228000,-226000,2000
2011/08/22,0,303000,-158000,145000
2011/08/23,0,251000,-240000,11000
2011/08/24,0,130000,-255000,-125000
2011/08/25,0,73000,-73000,0
2011/08/26,0,141000,-23000,118000
2011/08/29,0,273000,-27000,246000
2011/08/30,0,80000,-81000,-1000
2011/08/31,0,1100000,-117000,983000
2011/09/01,0,119000,-160000,-41000
2011/09/02,0,54000,-58000,-4000
2011/09/05,0,0,-114000,-114000
2011/09/06,0,15000,-91000,-76000
2011/09/07,0,67000,-8000,59000
2011/09/08,0,171000,-83000,88000
2011/09/09,0,51000,-34000,17000
2011/09/12,0,0,0,0
2011/09/13,0,435000,-105000,330000
2011/09/14,0,74000,-258000,-184000
2011/09/15,0,195000,-2000,193000
2011/09/16,0,347000,-1000,346000
2011/09/19,0,0,-7001,-7001
2011/09/20,0,28000,-6000,22000
2011/09/21,0,139000,-22000,117000
2011/09/22,0,20000,-187858,-167858
2011/09/23,0,283000,-193000,90000
2011/09/26,0,12000,-258000,-246000
2011/09/27,0,70000,-24000,46000
2011/09/28,0,22000,-134000,-112000
2011/09/29,0,56000,-103000,-47000
2011/09/30,0,148000,-200858,-52858
2011/10/03,0,77000,-82000,-5000
2011/10/04,0,202000,-5000,197000
2011/10/05,0,51000,-50000,1000
2011/10/06,0,165000,-4000,161000
2011/10/07,0,3000,-12000,-9000
2011/10/10,0,0,0,0
2011/10/11,0,134000,-14000,120000
2011/10/12,0,132000,-54178,77822
2011/10/13,0,113000,-100000,13000
2011/10/14,0,9000,-4000,5000
2011/10/17,0,97000,-24072,72928
2011/10/18,0,36250,-6000,30250
2011/10/19,0,23000,-35428,-12428
2011/10/20,0,72000,-9000,63000
2011/10/21,0,54000,-3000,51000
2011/10/24,0,242000,-12000,230000
2011/10/25,0,104000,-114727,-10727
2011/10/26,0,0,-60000,-60000
2011/10/27,0,160000,-32000,128000
2011/10/28,0,314000,-292000,22000
2011/10/31,0,471000,-351000,120000
2011/11/01,0,238000,-99000,139000
2011/11/02,0,91000,-23000,68000
2011/11/03,0,392000,-21000,371000
2011/11/04,0,120000,0,120000
2011/11/07,0,35000,0,35000
2011/11/08,0,48000,-561000,-513000
2011/11/09,0,131000,-245000,-114000
2011/11/10,0,152000,0,152000
2011/11/11,0,99000,-47000,52000
2011/11/14,0,40000,-2000,38000
2011/11/15,0,63000,-1000,62000
2011/11/16,0,19000,-86000,-67000
2011/11/17,0,188000,0,188000
2011/11/18,0,56000,-1000,55000
2011/11/21,0,550000,-1000,549000
2011/11/22,0,259000,-6000,253000
2011/11/23,0,338000,-565000,-227000
2011/11/24,0,284000,-65000,219000
2011/11/25,0,105000,-136000,-31000
2011/11/28,0,14000,-3000,11000
2011/11/29,0,532000,-16000,516000
2011/11/30,0,137000,-109000,28000
2011/12/01,0,529000,0,529000
2011/12/02,0,167000,-25000,142000
2011/12/05,0,215000,-17000,198000
2011/12/06,0,177000,-140000,37000
2011/12/07,0,58000,-11001,46999
2011/12/08,0,2000,-19141,-17141
2011/12/09,0,21000,-71000,-50000
2011/12/12,0,24000,-7000,17000
2011/12/13,0,10000,-8000,2000
2011/12/14,0,62000,-47000,15000
2011/12/15,0,22000,-23000,-1000
2011/12/16,0,8000,-13000,-5000
2011/12/19,0,8000,-306000,-298000
2011/12/20,0,138000,-7000,131000
2011/12/21,0,182000,-10000,172000
2011/12/22,0,28000,-26000,2000
2011/12/23,0,116000,0,116000
2011/12/26,0,35000,-58000,-23000
2011/12/27,0,53000,-61000,-8000
2011/12/28,0,61000,-29000,32000
2011/12/29,0,67000,-14000,53000
2011/12/30,0,52000,-1000,51000
2012/01/02,0,7000,-1000,6000
2012/01/03,0,66785,0,66785
2012/01/04,0,153000,-124000,29000
2012/01/05,0,50000,-47822,2178
2012/01/06,0,177000,-148000,29000
2012/01/09,0,26000,-148000,-122000
2012/01/10,0,135000,-68000,67000
2012/01/11,0,131000,-116000,15000
2012/01/12,0,27000,-77000,-50000
2012/01/13,0,334000,-17000,317000
2012/01/16,0,1445000,-122000,1323000
2012/01/17,0,529000,-28000,501000
2012/01/18,0,603000,-285000,318000
2012/01/19,0,0,0,0
2012/01/20,0,0,0,0
2012/01/23,0,0,0,0
2012/01/24,0,0,0,0
2012/01/25,0,0,0,0
2012/01/26,0,0,0,0
2012/01/27,0,0,0,0
2012/01/30,0,374000,-218000,156000
2012/01/31,0,281000,-223000,58000
2012/02/01,0,132000,-34000,98000
2012/02/02,0,1405000,-145000,1260000
2012/02/03,0,1258000,-211000,1047000
2012/02/06,0,848000,-374000,474000
2012/02/07,0,855000,-14000,841000
2012/02/08,0,1064000,-6000,1058000
2012/02/09,0,1441000,-111000,1330000
2012/02/10,0,983000,-105000,878000
2012/02/13,0,1297000,-80000,1217000
2012/02/14,0,283000,-62357,220643
2012/02/15,0,1590000,-64125,1525875
2012/02/16,0,7226000,-822000,6404000
2012/02/17,0,3957000,-547000,3410000
2012/02/20,0,367000,-60000,307000
2012/02/21,0,4000,-76000,-72000
2012/02/22,0,610000,0,610000
2012/02/23,0,475000,-60000,415000
2012/02/24,0,242000,-373539,-131539
2012/02/27,0,0,0,0
2012/02/28,0,0,0,0
2012/02/29,0,595000,-360000,235000
2012/03/01,0,290000,-286000,4000
2012/03/02,0,334000,-8000,326000
2012/03/05,0,847000,-1066000,-219000
2012/03/06,0,831000,-123000,708000
2012/03/07,0,550000,-119000,431000
2012/03/08,0,307000,-735000,-428000
2012/03/09,0,670000,-57000,613000
2012/03/12,0,473000,-433000,40000
2012/03/13,0,275000,-499000,-224000
2012/03/14,0,173000,-265000,-92000
2012/03/15,0,430000,-15000,415000
2012/03/16,0,516000,-270000,246000
2012/03/19,0,3000,-716000,-713000
2012/03/20,0,445000,-5000,440000
2012/03/21,0,641000,-39000,602000
2012/03/22,0,1651000,0,1651000
2012/03/23,0,29000,-21000,8000
2012/03/26,0,36000,-95000,-59000
2012/03/27,0,10000,-41000,-31000
2012/03/28,0,187000,-27000,160000
2012/03/29,0,929000,-510000,419000
2012/03/30,0,406000,-29000,377000
2012/04/02,0,32000,-56000,-24000
2012/04/03,0,619000,-375000,244000
2012/04/04,0,0,0,0
2012/04/05,0,415000,-229000,186000
2012/04/06,0,304000,-143000,161000
2012/04/09,0,176000,-122000,54000
2012/04/10,0,853000,-86000,767000
2012/04/11,0,7000,-25000,-18000
2012/04/12,0,141526,-118000,23526
2012/04/13,0,178000,-70000,108000
2012/04/16,0,82000,-51000,31000
2012/04/17,0,59000,-51000,8000
2012/04/18,0,167000,-131000,36000
2012/04/19,0,191000,-324000,-133000
2012/04/20,0,196000,-339000,-143000
2012/04/23,0,89000,-306000,-217000
2012/04/24,0,164000,-141000,23000
2012/04/25,0,134000,-19000,115000
2012/04/26,0,192000,-171000,21000
2012/04/27,0,60000,-45000,15000
2012/04/30,0,65000,-1185250,-1120250
2012/05/01,0,0,0,0
2012/05/02,0,1331000,-5000,1326000
2012/05/03,0,120000,-53000,67000
2012/05/04,0,51000,-115000,-64000
2012/05/07,0,71000,-82000,-11000
2012/05/08,0,65000,-67000,-2000
2012/05/09,0,851000,-45000,806000
2012/05/10,0,95000,-206000,-111000
2012/05/11,0,233000,-382000,-149000
2012/05/14,0,25000,-50000,-25000
2012/05/15,0,121000,-9000,112000
2012/05/16,0,317000,-30000,287000
2012/05/17,0,119000,-115000,4000
2012/05/18,0,278000,-111000,167000
2012/05/21,0,43000,-22000,21000
2012/05/22,0,455000,-183000,272000
2012/05/23,0,53000,-149000,-96000
2012/05/24,0,29000,-60000,-31000
2012/05/25,0,5000,-30000,-25000
2012/05/28,0,45000,-31000,14000
2012/05/29,0,120000,-27000,93000
2012/05/30,0,197000,-103000,94000
2012/05/31,0,268000,-18000,250000
2012/06/01,0,0,-3466,-3466
2012/06/04,0,128000,-499000,-371000
2012/06/05,0,53000,-71000,-18000
2012/06/06,0,87000,-34000,53000
2012/06/07,0,108000,-20000,88000
2012/06/08,0,53000,-45000,8000
2012/06/11,0,47000,-44000,3000
2012/06/12,0,14000,-228000,-214000
2012/06/13,0,75000,-18000,57000
2012/06/14,0,111000,-131000,-20000
2012/06/15,0,480000,-2117924,-1637924
2012/06/18,0,284000,-42000,242000
2012/06/19,0,139000,-481000,-342000
2012/06/20,0,115000,-112000,3000
2012/06/21,0,239000,-148000,91000
2012/06/22,0,162000,-374000,-212000
2012/06/25,0,97000,-55000,42000
2012/06/26,0,139000,-476000,-337000
2012/06/27,0,16000,-4000,12000
2012/06/28,0,528252,-173000,355252
2012/06/29,0,152251,-106000,46251
2012/07/02,0,59000,-12000,47000
2012/07/03,0,82000,-7000,75000
2012/07/04,0,34000,-246000,-212000
2012/07/05,0,77000,-184000,-107000
2012/07/06,0,28000,-89000,-61000
2012/07/09,0,3000,-20000,-17000
2012/07/10,0,34000,-117000,-83000
2012/07/11,0,37000,-618000,-581000
2012/07/12,0,83000,-153000,-70000
2012/07/13,0,31000,-92000,-61000
2012/07/16,0,9000,-49000,-40000
2012/07/17,0,0,-300000,-300000
2012/07/18,0,104000,-1044000,-940000
2012/07/19,0,96000,-318000,-222000
2012/07/20,0,8000,-10000,-2000
2012/07/23,0,13037,-329000,-315963
2012/07/24,0,0,-110072,-110072
2012/07/25,0,20000,-12000,8000
2012/07/26,0,102000,-128000,-26000
2012/07/27,0,44000,-422843,-378843
2012/07/30,0,232000,0,232000
2012/07/31,0,144000,-171000,-27000
2012/08/01,0,87000,-2223000,-2136000
2012/08/02,0,0,0,0
2012/08/03,0,196000,-442331,-246331
2012/08/06,0,288000,-253000,35000
2012/08/07,0,86000,-81000,5000
2012/08/08,0,122000,0,122000
2012/08/09,0,207000,0,207000
2012/08/10,0,484000,-2000,482000
2012/08/13,0,138000,-2024000,-1886000
2012/08/14,0,122000,-89754,32246
2012/08/15,0,160000,-4000,156000
2012/08/16,0,59000,-21000,38000
2012/08/17,0,143000,-4000,139000
2012/08/20,0,222000,-346000,-124000
2012/08/21,0,106000,-251000,-145000
2012/08/22,0,0,-332000,-332000
2012/08/23,0,61000,-239000,-178000
2012/08/24,0,15000,-2000,13000
2012/08/27,0,0,-82000,-82000
2012/08/28,0,69000,-50000,19000
2012/08/29,0,76000,-45000,31000
2012/08/30,0,145000,-241000,-96000
2012/08/31,0,95000,-171000,-76000
2012/09/03,0,44000,-25000,19000
2012/09/04,0,27000,-135000,-108000
2012/09/05,0,14000,-58000,-44000
2012/09/06,0,27000,-224000,-197000
2012/09/07,0,33000,-50000,-17000
2012/09/10,0,0,-40000,-40000
2012/09/11,0,0,-13000,-13000
2012/09/12,0,10000,-4000,6000
2012/09/13,0,357000,-9000,348000
2012/09/14,0,185000,-50000,135000
2012/09/17,0,198000,-52000,146000
2012/09/18,0,376000,0,376000
2012/09/19,0,70000,-24000,46000
2012/09/20,0,235000,-60608,174392
2012/09/21,0,240000,-5000,235000
2012/09/24,0,153000,-74000,79000
2012/09/25,0,458000,-151000,307000
2012/09/26,0,71000,-8000,63000
2012/09/27,0,203000,-4000,199000
2012/09/28,0,76000,0,76000
2012/10/01,0,317000,-52000,265000
2012/10/02,0,7000,-2000,5000
2012/10/03,0,21000,-1000,20000
2012/10/04,0,350000,-34000,316000
2012/10/05,0,136000,-37000,99000
2012/10/08,0,66000,-75000,-9000
2012/10/09,0,120000,-54563,65437
2012/10/10,0,0,0,0
2012/10/11,0,232000,-108000,124000
2012/10/12,0,137000,-148000,-11000
2012/10/15,0,0,-23000,-23000
2012/10/16,0,149000,-10000,139000
2012/10/17,0,126000,-128000,-2000
2012/10/18,0,18000,-57000,-39000
2012/10/19,0,31000,-65000,-34000
2012/10/22,0,72000,-85000,-13000
2012/10/23,0,129000,-144000,-15000
2012/10/24,0,14000,-17000,-3000
2012/10/25,0,45000,-131000,-86000
2012/10/26,0,326000,-758000,-432000
2012/10/29,0,182000,-316000,-134000
2012/10/30,0,55000,-1000,54000
2012/10/31,0,275000,-1230000,-955000
2012/11/01,0,189000,-812000,-623000
2012/11/02,0,4000,-333000,-329000
2012/11/05,0,44000,-190000,-146000
2012/11/06,0,163000,0,163000
2012/11/07,0,184000,-114000,70000
2012/11/08,0,85000,-683000,-598000
2012/11/09,0,205000,-78000,127000
2012/11/12,0,223000,-3000,220000
2012/11/13,0,40000,-87000,-47000
2012/11/14,0,151000,-344000,-193000
2012/11/15,0,206000,-83000,123000
2012/11/16,0,170000,-56000,114000
2012/11/19,0,52000,-13000,39000
2012/11/20,0,73000,-233000,-160000
2012/11/21,0,165000,-372000,-207000
2012/11/22,0,14000,-390357,-376357
2012/11/23,0,236000,-416000,-180000
2012/11/26,0,153000,0,153000
2012/11/27,0,167000,-9000,158000
2012/11/28,0,145000,-21000,124000
2012/11/29,0,146000,-43000,103000
2012/11/30,0,339000,-241000,98000
2012/12/03,0,418000,-11000,407000
2012/12/04,0,165000,-52000,113000
2012/12/05,0,52000,-65000,-13000
2012/12/06,0,108000,0,108000
2012/12/07,0,271000,0,271000
2012/12/10,0,87000,-33000,54000
2012/12/11,0,615000,0,615000
2012/12/12,0,138000,-2000,136000
2012/12/13,0,162000,-6000,156000
2012/12/14,0,227000,-1000,226000
2012/12/17,0,112000,-33000,79000
2012/12/18,0,187000,-10000,177000
2012/12/19,0,122000,-38000,84000
2012/12/20,0,157000,-15000,142000
2012/12/21,0,134000,-72000,62000
2012/12/24,0,78000,-50000,28000
2012/12/25,0,163000,-158000,5000
2012/12/26,0,116000,-5000,111000
2012/12/27,0,13000,-2000,11000
2012/12/28,0,334000,-167000,167000
2012/12/31,0,0,0,0
2013/01/01,0,0,0,0
2013/01/02,0,159000,-34000,125000
2013/01/03,0,296000,0,296000
2013/01/04,0,221000,-65000,156000
2013/01/07,0,35000,-39000,-4000
2013/01/08,0,94000,-87000,7000
2013/01/09,0,95000,-8000,87000
2013/01/10,0,474000,-2000,472000
2013/01/11,0,279000,-2000,277000
2013/01/14,0,96000,-446000,-350000
2013/01/15,0,211000,-93000,118000
2013/01/16,0,101000,-90000,11000
2013/01/17,0,243000,-39000,204000
2013/01/18,0,244000,-4000,240000
2013/01/21,0,70000,-26000,44000
2013/01/22,0,312000,-41000,271000
2013/01/23,0,14000,-9000,5000
2013/01/24,0,70000,-94000,-24000
2013/01/25,0,285000,-156000,129000
2013/01/28,0,17000,0,17000
2013/01/29,0,118000,-273569,-155569
2013/01/30,0,208000,-19000,189000
2013/01/31,0,112000,-175000,-63000
2013/02/01,0,227000,0,227000
2013/02/04,0,359000,-248000,111000
2013/02/05,0,22000,-85000,-63000
2013/02/06,0,144000,-10000,134000
2013/02/07,0,0,0,0
2013/02/08,0,0,0,0
2013/02/11,0,0,0,0
2013/02/12,0,0,0,0
2013/02/13,0,0,0,0
2013/02/14,0,0,0,0
2013/02/15,0,0,0,0
2013/02/18,0,21000,-75000,-54000
2013/02/19,0,78000,-317581,-239581
2013/02/20,0,161000,-45000,116000
2013/02/21,0,173000,-9000,164000
2013/02/22,0,142000,-253569,-111569
2013/02/25,0,217000,-62000,155000
2013/02/26,0,431000,-20000,411000
2013/02/27,0,47000,-181000,-134000
2013/02/28,0,0,0,0
2013/03/01,0,104000,-24000,80000
2013/03/04,0,33000,-457000,-424000
2013/03/05,0,421000,-76000,345000
2013/03/06,0,263000,-32000,231000
2013/03/07,0,160000,-20000,140000
2013/03/08,0,7000,-15000,-8000
2013/03/11,0,205000,-24000,181000
2013/03/12,0,488000,0,488000
2013/03/13,0,443000,-56000,387000
2013/03/14,0,257000,-47000,210000
2013/03/15,0,1015000,-52000,963000
2013/03/18,0,10000,-87000,-77000
2013/03/19,0,338000,-78000,260000
2013/03/20,0,99000,-115000,-16000
2013/03/21,0,93370,-12000,81370
2013/03/22,0,327000,-47000,280000
2013/03/25,0,6000,-6000,0
2013/03/26,0,232842,-63000,169842
2013/03/27,0,387000,-374000,13000
2013/03/28,0,374379,-320000,54379
2013/03/29,0,17000,-222000,-205000
2013/04/01,0,20000,-31000,-11000
2013/04/02,0,510000,-3000,507000
2013/04/03,0,428000,-20000,408000
2013/04/04,0,0,0,0
2013/04/05,0,0,0,0
2013/04/08,0,269376,-65000,204376
2013/04/09,0,691000,-168000,523000
2013/04/10,0,164000,-408000,-244000
2013/04/11,0,713000,-83000,630000
2013/04/12,0,107000,-126000,-19000
2013/04/15,0,202000,-123000,79000
2013/04/16,0,120000,-10000,110000
2013/04/17,0,1008000,-69000,939000
2013/04/18,0,466000,-25000,441000
2013/04/19,0,648000,0,648000
2013/04/22,0,139000,-6000,133000
2013/04/23,0,554336,-2000,552336
2013/04/24,0,1081000,-95000,986000
2013/04/25,0,327000,-223000,104000
2013/04/26,0,599000,-10000,589000
2013/04/29,0,657000,-16000,641000
2013/04/30,0,584000,0,584000
2013/05/01,0,0,0,0
2013/05/02,0,1374885,-128000,1246885
2013/05/03,0,137000,-8000,129000
2013/05/06,0,1561000,-11000,1550000
2013/05/07,0,942294,-14000,928294
2013/05/08,0,841095,-152000,689095
2013/05/09,0,1523000,-168477,1354523
2013/05/10,0,106000,-96000,10000
2013/05/13,0,231000,-160000,71000
2013/05/14,0,870858,-103000,767858
2013/05/15,0,740000,0,740000
2013/05/16,0,971000,-51000,920000
2013/05/17,0,910000,0,910000
2013/05/20,0,848000,-2000,846000
2013/05/21,0,642000,-217000,425000
2013/05/22,0,1497000,-27000,1470000
2013/05/23,0,563000,-222000,341000
2013/05/24,0,502000,-148000,354000
2013/05/27,0,20000,-3000,17000
2013/05/28,0,22000,-57000,-35000
2013/05/29,0,571000,-27172,543828
2013/05/30,0,254000,-177000,77000
2013/05/31,0,644000,-214126,429874
2013/06/03,0,569000,-121000,448000
2013/06/04,0,537000,-847000,-310000
2013/06/05,0,528000,-184000,344000
2013/06/06,0,883000,-75000,808000
2013/06/07,0,139000,-313000,-174000
2013/06/10,0,888000,-95000,793000
2013/06/11,0,31000,-540000,-509000
2013/06/12,0,0,0,0
2013/06/13,0,565000,-311412,253588
2013/06/14,0,225000,-58000,167000
2013/06/17,0,497929,-162000,335929
2013/06/18,0,118000,-382414,-264414
2013/06/19,0,590000,-168000,422000
2013/06/20,0,638000,-25000,613000
2013/06/21,0,1966000,-419000,1547000
2013/06/24,0,100000,-412084,-312084
2013/06/25,0,367000,-140000,227000
2013/06/26,0,920000,-298000,622000
2013/06/27,0,936000,-144000,792000
2013/06/28,0,44000,-30000,14000
2013/07/01,0,577000,-51000,526000
2013/07/02,0,109000,-715678,-606678
2013/07/03,0,557000,-26000,531000
2013/07/04,0,86000,-6000,80000
2013/07/05,0,99000,0,99000
2013/07/08,0,250000,0,250000
2013/07/09,0,203000,-128000,75000
2013/07/10,0,124000,-6000,118000
2013/07/11,0,453000,-67000,386000
2013/07/12,0,337000,-78000,259000
2013/07/15,0,597395,-3000,594395
2013/07/16,0,238000,-606000,-368000
2013/07/17,0,278000,-39000,239000
2013/07/18,0,393000,-417000,-24000
2013/07/19,0,676000,-625000,51000
2013/07/22,0,1691000,-323000,1368000
2013/07/23,0,604000,-169000,435000
2013/07/24,0,337000,-39000,298000
2013/07/25,0,358000,-67000,291000
2013/07/26,0,211000,-97000,114000
2013/07/29,0,28000,-722912,-694912
2013/07/30,0,554000,-221000,333000
2013/07/31,0,130000,-195000,-65000
2013/08/01,0,70000,-347000,-277000
2013/08/02,0,144000,-136000,8000
2013/08/05,0,511000,-73000,438000
2013/08/06,0,366000,-410961,-44961
2013/08/07,0,53000,-284000,-231000
2013/08/08,0,128000,-164000,-36000
2013/08/09,0,16000,-112000,-96000
2013/08/12,0,173000,-287000,-114000
2013/08/13,0,214000,-237489,-23489
2013/08/14,0,58000,-27000,31000
2013/08/15,0,144000,-37000,107000
2013/08/16,0,558000,-265235,292765
2013/08/19,0,213000,-10000,203000
2013/08/20,0,393000,-108000,285000
2013/08/21,0,0,0,0
2013/08/22,0,321000,-57000,264000
2013/08/23,0,191000,-256000,-65000
2013/08/26,0,215000,-36000,179000
2013/08/27,0,177000,-47000,130000
2013/08/28,0,57000,-30000,27000
2013/08/29,0,35000,-294000,-259000
2013/08/30,0,146000,-36000,110000
2013/09/02,0,24000,-49000,-25000
2013/09/03,0,120000,-295964,-175964
2013/09/04,0,161000,-28000,133000
2013/09/05,0,180000,-133000,47000
2013/09/06,0,47000,-12000,35000
2013/09/09,0,123000,0,123000
2013/09/10,0,21000,-421000,-400000
2013/09/11,0,29000,-99000,-70000
2013/09/12,0,138000,-295588,-157588
2013/09/13,0,34000,-11000,23000
2013/09/16,0,82000,-27000,55000
2013/09/17,0,53000,-163717,-110717
2013/09/18,0,63000,-95000,-32000
2013/09/19,0,0,0,0
2013/09/20,0,0,0,0
2013/09/23,0,164000,-277511,-113511
2013/09/24,0,166000,-24139,141861
2013/09/25,0,150000,-210000,-60000
2013/09/26,0,22000,-212000,-190000
2013/09/27,0,120000,-23000,97000
2013/09/30,0,44000,-141765,-97765
2013/10/01,0,66000,-36000,30000
2013/10/02,0,213000,-34000,179000
2013/10/03,0,392000,-26000,366000
2013/10/04,0,239000,-166000,73000
2013/10/07,0,275000,-18000,257000
2013/10/08,0,237000,-225258,11742
2013/10/09,0,100000,-21000,79000
2013/10/10,0,0,0,0
2013/10/11,0,97000,-32000,65000
2013/10/14,0,37000,-91000,-54000
2013/10/15,0,158000,-398000,-240000
2013/10/16,0,316000,-6000,310000
2013/10/17,0,75000,-10000,65000
2013/10/18,0,132000,-33000,99000
2013/10/21,0,22000,-85000,-63000
2013/10/22,0,108000,-54000,54000
2013/10/23,0,89000,-29000,60000
2013/10/24,0,135000,-230000,-95000
2013/10/25,0,3000,-188000,-185000
2013/10/28,0,22000,-20000,2000
2013/10/29,0,146000,-25535,120465
2013/10/30,0,46000,-117524,-71524
2013/10/31,0,61000,-130000,-69000
2013/11/01,0,68000,-59000,9000
2013/11/04,0,39000,-51000,-12000
2013/11/05,0,0,-137000,-137000
2013/11/06,0,61000,-222000,-161000
2013/11/07,0,43000,-119000,-76000
2013/11/08,0,4000,-157000,-153000
2013/11/11,0,44000,-181000,-137000
2013/11/12,0,129000,-156000,-27000
2013/11/13,0,36000,-33000,3000
2013/11/14,0,264000,-145000,119000
2013/11/15,0,14000,-79000,-65000
2013/11/18,0,98000,-305000,-207000
2013/11/19,0,155000,-83000,72000
2013/11/20,0,81000,-184000,-103000
2013/11/21,0,185000,-74000,111000
2013/11/22,0,131000,-124000,7000
2013/11/25,0,155000,-76000,79000
2013/11/26,0,107000,-29000,78000
2013/11/27,0,115000,-76000,39000
2013/11/28,0,51000,-31000,20000
2013/11/29,0,43000,-92000,-49000
2013/12/02,0,29000,-22000,7000
2013/12/03,0,58000,-100000,-42000
2013/12/04,0,154000,-243000,-89000
2013/12/05,0,99000,-100000,-1000
2013/12/06,0,656000,-622000,34000
2013/12/09,0,92000,-151000,-59000
2013/12/10,0,89000,-346000,-257000
2013/12/11,0,82000,-146000,-64000
2013/12/12,0,55000,-531311,-476311
2013/12/13,0,37000,-166000,-129000
2013/12/16,0,13000,-54000,-41000
2013/12/17,0,67000,-255000,-188000
2013/12/18,0,7000,-25000,-18000
2013/12/19,0,3000,0,3000
2013/12/20,0,5000,-21000,-16000
2013/12/23,0,29000,-85000,-56000
2013/12/24,0,44000,-49000,-5000
2013/12/25,0,25000,-57000,-32000
2013/12/26,0,9000,-8000,1000
2013/12/27,0,68000,-118000,-50000
2013/12/30,0,66000,-110002,-44002
2013/12/31,0,12000,-19000,-7000
2014/01/02,0,68000,-63000,5000
2014/01/03,0,0,-74000,-74000
2014/01/06,0,25000,-34000,-9000
2014/01/07,0,49000,-101000,-52000
2014/01/08,0,223000,-372000,-149000
2014/01/09,0,324000,-240000,84000
2014/01/10,0,57000,-403000,-346000
2014/01/13,0,73000,-554000,-481000
2014/01/14,0,782000,-641000,141000
2014/01/15,0,99000,-1170000,-1071000
2014/01/16,0,541000,-68000,473000
2014/01/17,0,177000,-497000,-320000
2014/01/20,0,395000,-55000,340000
2014/01/21,0,330000,-276000,54000
2014/01/22,0,753000,-693000,60000
2014/01/23,0,22000,-822000,-800000
2014/01/24,0,112000,-528888,-416888
2014/01/27,0,154000,-458000,-304000
2014/02/05,0,139000,-522000,-383000
2014/02/06,0,210000,-296000,-86000
2014/02/07,0,179000,-299000,-120000
2014/02/10,0,75000,-653000,-578000
2014/02/11,0,133000,-128000,5000
2014/02/12,0,127000,-83000,44000
2014/02/13,0,66000,-118000,-52000
2014/02/14,0,556000,-388000,168000
2014/02/17,0,5000,-208000,-203000
2014/02/18,0,17000,-208000,-191000
2014/02/19,0,120000,-313000,-193000
2014/02/20,0,226000,-212000,14000
2014/02/21,0,193000,-302000,-109000
2014/02/24,0,175000,-226000,-51000
2014/02/25,0,102000,-323000,-221000
2014/02/26,0,248000,-34000,214000
2014/02/27,0,85000,-363000,-278000
2014/03/03,0,48000,-76000,-28000
2014/03/04,0,5000,-83000,-78000
2014/03/05,0,10000,-101000,-91000
2014/03/06,0,407000,-345000,62000
2014/03/07,0,0,-156000,-156000
2014/03/10,0,90000,-20000,70000
2014/03/11,0,20000,-410000,-390000
2014/03/12,0,4000,-230000,-226000
2014/03/13,0,165000,-355000,-190000
2014/03/14,0,161000,-57000,104000
2014/03/17,0,83000,-13000,70000
2014/03/18,0,5000,-17000,-12000
2014/03/19,0,18000,-36000,-18000
2014/03/20,0,148000,-111000,37000
2014/03/21,0,419000,-29000,390000
2014/03/24,0,1000,-26000,-25000
2014/03/25,0,25000,-60000,-35000
2014/03/26,0,50000,-17000,33000
2014/03/27,0,125000,-22000,103000
2014/03/28,0,153000,-23000,130000
2014/03/31,0,227000,-2537000,-2310000
2014/04/01,0,216000,-1593131,-1377131
2014/04/02,0,184000,-1335000,-1151000
2014/04/03,0,467000,-1940609,-1473609
2014/04/07,0,171000,-517000,-346000
2014/04/08,0,196000,-987000,-791000
2014/04/09,0,1102000,-239000,863000
2014/04/10,0,1488000,-211000,1277000
2014/04/11,0,862000,-465000,397000
2014/04/14,0,866000,-586000,280000
2014/04/15,0,788000,-232000,556000
2014/04/16,0,415000,-282000,133000
2014/04/17,0,217000,-102000,115000
2014/04/18,0,548000,-27000,521000
2014/04/21,0,334000,-83000,251000
2014/04/22,0,852000,-698000,154000
2014/04/23,0,672000,-951000,-279000
2014/04/24,0,700000,-57000,643000
2014/04/25,0,1037000,-91000,946000
2014/04/28,0,498000,-238000,260000
2014/04/29,0,414000,-458000,-44000
2014/04/30,0,400000,-86000,314000
2014/05/02,0,55000,-281000,-226000
2014/05/05,0,73000,-218000,-145000
2014/05/06,0,359000,-476000,-117000
2014/05/07,0,412000,-617000,-205000
2014/05/08,0,346000,-1296000,-950000
2014/05/09,0,246000,-361000,-115000
2014/05/12,0,219000,-156000,63000
2014/05/13,0,171000,-180000,-9000
2014/05/14,0,96000,-107000,-11000
2014/05/15,0,298000,-160000,138000
2014/05/16,0,445000,-45000,400000
2014/05/19,0,272000,-288000,-16000
2014/05/20,0,258975,-88000,170975
2014/05/21,0,142000,-394000,-252000
2014/05/22,0,24000,-386000,-362000
2014/05/23,0,69000,-28000,41000
2014/05/26,0,427000,-59000,368000
2014/05/27,0,339000,-37000,302000
2014/05/28,0,885000,-260000,625000
2014/05/29,0,382000,-67072,314928
2014/05/30,0,560000,-377000,183000
2014/06/03,0,1608000,-69000,1539000
2014/06/04,0,457000,-138000,319000
2014/06/05,0,752000,-70000,682000
2014/06/06,0,141000,-51000,90000
2014/06/09,0,97000,-47000,50000
2014/06/10,0,220000,-8045,211955
2014/06/11,0,531000,-9000,522000
2014/06/12,0,940000,-15000,925000
2014/06/13,0,1029000,-13000,1016000
2014/06/16,0,1146000,-152000,994000
2014/06/17,0,472000,-124000,348000
2014/06/18,0,1184000,-95000,1089000
2014/06/19,0,441000,-300000,141000
2014/06/20,0,774000,-905000,-131000
2014/06/23,0,79000,-244000,-165000
2014/06/24,0,594000,-327000,267000
2014/06/25,0,591000,-36000,555000
2014/06/26,0,1181000,-77000,1104000
2014/06/27,0,198000,-66000,132000
2014/06/30,0,1395000,-8000,1387000
2014/07/01,0,469000,-41000,428000
2014/07/02,0,512818,-242000,270818
2014/07/03,0,698000,-687000,11000
2014/07/04,0,37000,-326000,-289000
2014/07/07,0,32000,-334000,-302000
2014/07/08,0,689000,-286000,403000
2014/07/09,0,1398000,-251000,1147000
2014/07/10,0,1670000,-314000,1356000
2014/07/11,0,329000,-1067000,-738000
2014/07/14,0,829000,-163000,666000
2014/07/15,0,549000,-90000,459000
2014/07/16,0,637000,-314000,323000
2014/07/17,0,30000,-413000,-383000
2014/07/18,0,69000,-180000,-111000
2014/07/21,0,81000,-1024048,-943048
2014/07/22,0,123000,-193000,-70000
2014/07/23,0,0,0,0
2014/07/24,0,79000,-170760,-91760
2014/07/25,0,164000,-862000,-698000
2014/07/28,0,129000,-18000,111000
2014/07/29,0,171000,-9000,162000
2014/07/30,0,171000,-163000,8000
2014/07/31,0,243000,-94000,149000
2014/08/01,0,165000,-190000,-25000
2014/08/04,0,219000,-26000,193000
2014/08/05,0,186000,-208000,-22000
2014/08/06,0,141000,-58000,83000
2014/08/07,0,158000,-483000,-325000
2014/08/08,0,254000,-11000,243000
2014/08/11,0,174000,-254000,-80000
2014/08/12,0,60000,-49000,11000
2014/08/13,0,243000,-273000,-30000
2014/08/14,0,305000,-317000,-12000
2014/08/15,0,62000,-16000,46000
2014/08/18,0,27000,-25000,2000
2014/08/19,0,224000,-281000,-57000
2014/08/20,0,219000,-50000,169000
2014/08/21,0,29000,-69000,-40000
2014/08/22,0,188000,-281855,-93855
2014/08/25,0,228000,-76000,152000
2014/08/26,0,196000,-370985,-174985
2014/08/27,0,251000,-154000,97000
2014/08/28,0,162000,-403912,-241912
2014/08/29,0,129000,-67000,62000
2014/09/01,0,171000,-48000,123000
2014/09/02,0,121000,-379745,-258745
2014/09/03,0,543000,-264000,279000
2014/09/04,0,163000,-87000,76000
2014/09/05,0,78000,-54000,24000
2014/09/09,0,117818,-236818,-119000
2014/09/10,0,172000,-158000,14000
2014/09/11,0,79000,-225000,-146000
2014/09/12,0,25000,-91000,-66000
2014/09/15,0,212000,-192024,19976
2014/09/16,0,125000,-32000,93000
2014/09/17,0,382000,-165000,217000
2014/09/18,0,223000,-169284,53716
2014/09/19,0,468000,-28000,440000
2014/09/22,0,164000,-156804,7196
2014/09/23,0,205000,-12000,193000
2014/09/24,0,618000,-49000,569000
2014/09/25,0,548000,-290000,258000
2014/09/26,0,186000,-49000,137000
2014/09/29,0,115000,-7000,108000
2014/09/30,0,801000,-158000,643000
2014/10/01,0,265000,-256000,9000
2014/10/02,0,159000,-436266,-277266
2014/10/03,0,194000,-44000,150000
2014/10/06,0,121000,-170000,-49000
2014/10/07,0,221000,-294941,-73941
2014/10/08,0,78000,-317818,-239818
2014/10/09,0,92000,-246540,-154540
2014/10/13,0,174000,-797000,-623000
2014/10/14,0,408000,-490240,-82240
2014/10/15,0,156000,-142000,14000
2014/10/16,0,305000,-643494,-338494
2014/10/17,0,1135000,-1706000,-571000
2014/10/20,0,462900,-412785,50115
2014/10/21,0,337000,-297672,39328
2014/10/22,0,183000,-481000,-298000
2014/10/23,0,102000,-172000,-70000
2014/10/24,0,24000,-1144000,-1120000
2014/10/27,0,19000,-211214,-192214
2014/10/28,0,235000,-97000,138000
2014/10/29,0,222000,-150000,72000
2014/10/30,0,206000,-501002,-295002
2014/10/31,0,233000,-106000,127000
2014/11/03,0,168000,-258000,-90000
2014/11/04,0,35000,-110000,-75000
2014/11/05,0,103000,-196000,-93000
2014/11/06,0,24000,-91000,-67000
2014/11/07,0,128100,-180000,-51900
2014/11/10,0,80000,-3000,77000
2014/11/11,0,153000,-278000,-125000
2014/11/12,0,52000,-414620,-362620
2014/11/13,0,23000,-157900,-134900
2014/11/14,0,124000,-312918,-188918
2014/11/17,0,122000,-287000,-165000
2014/11/18,0,175000,-317591,-142591
2014/11/19,0,195000,-202000,-7000
2014/11/20,0,326000,-148933,177067
2014/11/21,0,467000,-97000,370000
2014/11/24,0,91000,-171000,-80000
2014/11/25,0,57000,-82000,-25000
2014/11/26,0,107000,-132000,-25000
2014/11/27,0,73000,-52000,21000
2014/11/28,0,86000,-34000,52000
2014/12/01,0,75000,-26465,48535
2014/12/02,0,154000,-228000,-74000
2014/12/03,0,44907,-205000,-160093
2014/12/04,0,53000,-1880000,-1827000
2014/12/05,0,81000,-287000,-206000
2014/12/08,0,53000,-239000,-186000
2014/12/09,0,22000,-56000,-34000
2014/12/10,0,62000,-51000,11000
2014/12/11,0,66000,-34000,32000
2014/12/12,0,256000,-281000,-25000
2014/12/15,0,30000,-37000,-7000
2014/12/16,0,178628,-219000,-40372
2014/12/17,0,16000,-128000,-112000
2014/12/18,0,94000,-231000,-137000
2014/12/19,0,226000,-401000,-175000
2014/12/22,0,170000,-397000,-227000
2014/12/23,0,160000,-55000,105000
2014/12/24,0,86000,-148000,-62000
2014/12/25,0,18000,-1000,17000
2014/12/26,0,5000,-2000,3000
2014/12/29,0,17000,-204000,-187000
2014/12/30,0,8000,-720000,-712000
2014/12/31,0,228000,-85000,143000
2015/01/01,0,0,0,0
2015/01/02,0,0,0,0
2015/01/05,0,323000,-203107,119893
2015/01/06,0,122000,-226000,-104000
2015/01/07,0,66000,-106000,-40000
2015/01/08,0,63000,-251632,-188632
2015/01/09,0,44000,-150000,-106000
2015/01/12,0,78000,-258000,-180000
2015/01/13,0,103000,-141000,-38000
2015/01/14,0,61000,-17000,44000
2015/01/15,0,33000,-91000,-58000
2015/01/16,0,12000,-517215,-505215
2015/01/19,0,78000,-488000,-410000
2015/01/20,0,107000,-1715000,-1608000
2015/01/21,0,84000,-168000,-84000
2015/01/22,0,219000,-5000,214000
2015/01/23,0,72000,-934000,-862000
2015/01/26,0,38000,-194000,-156000
2015/01/27,0,29000,-401000,-372000
2015/01/28,0,279000,-122000,157000
2015/01/29,0,105000,-262000,-157000
2015/01/30,0,119000,-383000,-264000
2015/02/02,0,67000,-124000,-57000
2015/02/03,0,70000,-13000,57000
2015/02/04,0,5000,-25000,-20000
2015/02/05,0,37000,-11000,26000
2015/02/06,0,215000,-78000,137000
2015/02/09,0,15000,-259000,-244000
2015/02/10,0,182000,-323000,-141000
2015/02/11,0,129000,-88036,40964
2015/02/12,0,136000,-75000,61000
2015/02/13,0,111000,-29000,82000
2015/02/16,0,0,0,0
2015/02/17,0,0,0,0
2015/02/18,0,0,0,0
2015/02/19,0,0,0,0
2015/02/20,0,0,0,0
2015/02/23,0,0,0,0
2015/02/24,0,44000,-7000,37000
2015/02/25,0,101000,-48000,53000
2015/02/26,0,3000,-587949,-584949
2015/02/27,0,0,0,0
2015/03/02,0,308000,-35000,273000
2015/03/03,0,128000,-118000,10000
2015/03/04,0,109000,-14000,95000
2015/03/05,0,60000,-21000,39000
2015/03/06,0,27000,-9000,18000
2015/03/09,0,46000,-20000,26000
2015/03/10,0,15000,-56000,-41000
2015/03/11,0,42000,-67000,-25000
2015/03/12,0,45000,-11000,34000
2015/03/13,0,88000,0,88000
2015/03/16,0,44000,-15000,29000
2015/03/17,0,11000,-90000,-79000
2015/03/18,0,15000,-135500,-120500
2015/03/19,0,199000,-6000,193000
2015/03/20,0,18000,-406635,-388635
2015/03/23,0,132000,-209000,-77000
2015/03/24,0,166000,-21000,145000
2015/03/25,0,266000,-286000,-20000
2015/03/26,0,75000,-71000,4000
2015/03/27,0,148000,-454000,-306000
2015/03/30,0,156000,-204000,-48000
2015/03/31,0,382000,-536000,-154000
2015/04/01,0,6000,-296357,-290357
2015/04/02,0,101000,-413000,-312000
2015/04/03,0,0,0,0
2015/04/06,0,0,0,0
2015/04/07,0,200002,-396000,-195998
2015/04/08,0,223000,-82000,141000
2015/04/09,0,124000,-473000,-349000
2015/04/10,0,154000,-176000,-22000
2015/04/13,0,71000,-303000,-232000
2015/04/14,0,165000,-71000,94000
2015/04/15,0,166000,-631000,-465000
2015/04/16,0,137000,-131000,6000
2015/04/17,0,120000,-416000,-296000
2015/04/20,0,73000,-315000,-242000
2015/04/21,0,108000,-364000,-256000
2015/04/22,0,203000,-353000,-150000
2015/04/23,0,84000,-156000,-72000
2015/04/24,0,410000,-64000,346000
2015/04/27,0,329000,-95000,234000
2015/04/28,0,147000,-58000,89000
2015/04/29,0,239000,-99000,140000
2015/04/30,0,263000,-240000,23000
2015/05/01,0,0,0,0
2015/05/04,0,55000,-183000,-128000
2015/05/05,0,157000,-65000,92000
2015/05/06,0,527000,-530000,-3000
2015/05/07,0,213000,-388000,-175000
2015/05/08,0,146000,-253000,-107000
2015/05/11,0,192000,-417000,-225000
2015/05/12,0,800000,-134000,666000
2015/05/13,0,197000,-204000,-7000
2015/05/14,0,277000,-140000,137000
2015/05/15,0,296000,-103000,193000
2015/05/18,0,84001,-207000,-122999
2015/05/19,0,291000,-128000,163000
2015/05/20,0,323000,-228000,95000
2015/05/21,0,58000,-176000,-118000
2015/05/22,0,270000,-189000,81000
2015/05/25,0,37000,-120000,-83000
2015/05/26,0,19000,-9000,10000
2015/05/27,0,433000,-85000,348000
2015/05/28,0,151000,-75000,76000
2015/05/29,0,48000,-169000,-121000
2015/06/01,0,39000,-222000,-183000
2015/06/02,0,364000,-48000,316000
2015/06/03,0,35000,-104000,-69000
2015/06/04,0,106000,-183000,-77000
2015/06/05,0,205000,-256000,-51000
2015/06/08,0,27000,-98000,-71000
2015/06/09,0,146000,-493000,-347000
2015/06/10,0,108000,-135000,-27000
2015/06/11,0,173000,-154000,19000
2015/06/12,0,194000,-270000,-76000
2015/06/15,0,14000,-80000,-66000
2015/06/16,0,15000,-201000,-186000
2015/06/17,0,309000,-445000,-136000
2015/06/18,0,64000,-172000,-108000
2015/06/19,0,0,0,0
2015/06/22,0,73000,-269000,-196000
2015/06/23,0,266000,-279000,-13000
2015/06/24,0,128000,-180000,-52000
2015/06/25,0,138000,-91000,47000
2015/06/26,0,128000,-130000,-2000
2015/06/29,0,206000,-66000,140000
2015/06/30,0,149000,-39000,110000
2015/07/01,0,171000,-14000,157000
2015/07/02,0,36000,-73000,-37000
2015/07/03,0,147000,-259000,-112000
2015/07/06,0,145000,-98000,47000
2015/07/07,0,288000,-157000,131000
2015/07/08,0,382000,-208000,174000
2015/07/09,0,278000,-298000,-20000
2015/07/10,0,0,0,0
2015/07/13,0,118000,-173000,-55000
2015/07/14,0,313000,-304000,9000
2015/07/15,0,162000,-164000,-2000
2015/07/16,0,338000,-67000,271000
2015/07/17,0,74000,-104000,-30000
2015/07/20,0,153000,-62000,91000
2015/07/21,0,288000,-305000,-17000
2015/07/22,0,162000,-196000,-34000
2015/07/23,0,98000,-217000,-119000
2015/07/24,0,157000,-150000,7000
2015/07/27,0,566000,-401000,165000
2015/07/28,0,266000,-184000,82000
2015/07/29,0,287000,-216000,71000
2015/07/30,0,106000,-67000,39000
2015/07/31,0,138000,-45000,93000
2015/08/03,0,81000,-130000,-49000
2015/08/04,0,218000,-145000,73000
2015/08/05,0,513000,-451000,62000
2015/08/06,0,152000,-209000,-57000
2015/08/07,0,131000,-159000,-28000
2015/08/10,0,275000,-255000,20000
2015/08/11,0,521000,-474000,47000
2015/08/12,0,148000,-387000,-239000
2015/08/13,0,209000,-14000,195000
2015/08/14,0,199000,-6000,193000
2015/08/17,0,273000,-12000,261000
2015/08/18,0,412000,-138000,274000
2015/08/19,0,361000,-320000,41000
2015/08/20,0,306000,-57000,249000
2015/08/21,0,576000,-221000,355000
2015/08/24,0,948000,-480000,468000
2015/08/25,0,354000,-153000,201000
2015/08/26,0,209000,-173000,36000
2015/08/27,0,755000,-86000,669000
2015/08/28,0,320000,-67000,253000
2015/08/31,0,618000,-141000,477000
2015/09/01,0,225000,-39000,186000
2015/09/02,0,143000,-27000,116000
2015/09/03,0,355000,-204000,151000
2015/09/04,0,79000,-231000,-152000
2015/09/07,0,161000,-135000,26000
2015/09/08,0,19000,-74000,-55000
2015/09/09,0,278000,-72000,206000
2015/09/10,0,324000,-213000,111000
2015/09/11,0,225000,-56000,169000
2015/09/14,0,350000,-280000,70000
2015/09/15,0,365000,-56000,309000
2015/09/16,0,296000,-143000,153000
2015/09/17,0,717000,-491000,226000
2015/09/18,0,547000,-341000,206000
2015/09/21,0,531000,-79000,452000
2015/09/22,0,1045000,-44000,1001000
2015/09/23,0,689000,-191000,498000
2015/09/24,0,949000,-250000,699000
2015/09/25,0,514000,-33000,481000
2015/09/28,0,0,0,0
2015/09/29,0,0,0,0
2015/09/30,0,1679000,-44000,1635000
2015/10/01,0,350000,-167000,183000
2015/10/02,0,1162000,-193000,969000
2015/10/05,0,426000,-79000,347000
2015/10/06,0,989000,-87000,902000
2015/10/07,0,673000,0,673000
2015/10/08,0,647000,-40000,607000
2015/10/09,0,0,0,0
2015/10/12,0,2299000,-252000,2047000
2015/10/13,0,1355000,-244000,1111000
2015/10/14,0,1457000,-204000,1253000
2015/10/15,0,940000,-269000,671000
2015/10/16,0,2621000,-1816000,805000
2015/10/19,0,1212000,-224000,988000
2015/10/20,0,2867000,-108000,2759000
2015/10/21,0,1251000,-718000,533000
2015/10/22,0,2213000,-557000,1656000
2015/10/23,0,2138000,-269000,1869000
2015/10/26,0,1158000,-356000,802000
2015/10/27,0,3785000,-206000,3579000
2015/10/28,0,2241000,-197000,2044000
2015/10/29,0,4725000,-417000,4308000
2015/10/30,0,7527000,-147000,7380000
2015/11/02,0,2251000,-2422000,-171000
2015/11/03,0,3532000,-969000,2563000
2015/11/04,0,5999000,-682000,5317000
2015/11/05,0,5285000,-1032000,4253000
2015/11/06,0,4457000,-1766000,2691000
2015/11/09,0,1189000,-2565000,-1376000
2015/11/10,0,855000,-1081000,-226000
2015/11/11,0,1646000,-1076000,570000
2015/11/12,0,1129000,-1016000,113000
2015/11/13,0,4742000,-706000,4036000
2015/11/16,0,834000,-3166000,-2332000
2015/11/17,0,767000,-5155000,-4388000
2015/11/18,0,2297000,-2784000,-487000
2015/11/19,0,1622000,-2154000,-532000
2015/11/20,0,958000,-1876000,-918000
2015/11/23,0,1723000,-2319000,-596000
2015/11/24,0,7436000,-1678000,5758000
2015/11/25,0,4762000,-1420000,3342000
2015/11/26,0,1018000,-3918438,-2900438
2015/11/27,0,1018000,-2663000,-1645000
2015/11/30,0,1804000,-2187000,-383000
2015/12/01,0,2722000,-1028000,1694000
2015/12/02,0,1235000,-3919000,-2684000
2015/12/03,0,3300000,-1091000,2209000
2015/12/04,0,747000,-1231000,-484000
2015/12/07,0,1716000,-621000,1095000
2015/12/08,0,487000,-1263000,-776000
2015/12/09,0,978000,-4007000,-3029000
2015/12/10,0,3473000,-757000,2716000
2015/12/11,0,896000,-1248000,-352000
2015/12/14,0,1872000,-2113000,-241000
2015/12/15,0,4426000,-1512000,2914000
2015/12/16,0,3320000,-3767000,-447000
2015/12/17,0,1554000,-3456000,-1902000
2015/12/18,0,1915000,-4111000,-2196000
2015/12/21,0,280000,-1208000,-928000
2015/12/22,0,996000,-819035,176965
2015/12/23,0,1723000,-3294000,-1571000
2015/12/24,0,500000,-1527000,-1027000
2015/12/25,0,253000,-487000,-234000
2015/12/28,0,101000,-968000,-867000
2015/12/29,0,200000,-524000,-324000
2015/12/30,0,973000,-364000,609000
2015/12/31,0,628000,-267000,361000
2016/01/01,0,0,0,0
2016/01/04,0,62000,-1050000,-988000
2016/01/05,0,1413000,-1301000,112000
2016/01/06,0,1295000,-2726000,-1431000
2016/01/07,0,2008000,-3066000,-1058000
2016/01/08,0,2488000,-1150857,1337143
2016/01/11,0,1583000,-1578000,5000
2016/01/12,0,1005000,-1396000,-391000
2016/01/13,0,1996000,-817000,1179000
2016/01/14,0,1344000,-608000,736000
2016/01/15,0,3345000,-963000,2382000
2016/01/18,0,2751000,-301000,2450000
2016/01/19,0,1709000,-1930000,-221000
2016/01/20,0,1076000,-2622000,-1546000
2016/01/21,0,3929000,-492000,3437000
2016/01/22,0,887000,-3486973,-2599973
2016/01/25,0,1435000,-411000,1024000
2016/01/26,0,484000,-1763000,-1279000
2016/01/27,0,2262000,-1755000,507000
2016/01/28,0,216000,-2507717,-2291717
2016/01/29,0,1648000,-1521000,127000
2016/02/01,0,1858000,-1380000,478000
2016/02/02,0,1808000,-1861000,-53000
2016/02/03,0,974000,-2114008,-1140008
2016/02/04,0,0,0,0
2016/02/05,0,0,0,0
2016/02/08,0,0,0,0
2016/02/09,0,0,0,0
2016/02/10,0,0,0,0
2016/02/11,0,0,0,0
2016/02/12,0,0,0,0
2016/02/15,0,667000,-3185000,-2518000
2016/02/16,0,732000,-1442085,-710085
2016/02/17,0,1158000,-1493000,-335000
2016/02/18,0,570000,-2128379,-1558379
2016/02/19,0,1045000,-3269260,-2224260
2016/02/22,0,733000,-1073094,-340094
2016/02/23,0,991000,-829000,162000
2016/02/24,0,441000,-1252000,-811000
2016/02/25,0,791000,-869000,-78000
2016/02/26,0,735000,-1079135,-344135
2016/02/29,0,0,0,0
2016/03/01,0,1113000,-904900,208100
2016/03/02,0,696000,-6045000,-5349000
2016/03/03,0,77100,-2566000,-2488900
2016/03/04,0,1378000,-1970652,-592652
2016/03/07,0,451000,-1246100,-795100
2016/03/08,0,133000,-5358302,-5225302
2016/03/09,0,779211,-3726263,-2947052
2016/03/10,0,441000,-1683198,-1242198
2016/03/11,0,562000,-618000,-56000
2016/03/14,0,200000,-955000,-755000
2016/03/15,0,339000,-981158,-642158
2016/03/16,0,1787000,-826000,961000
2016/03/17,0,303000,-1747000,-1444000
2016/03/18,0,1814000,-2013514,-199514
2016/03/21,0,537000,-540000,-3000
2016/03/22,0,5478000,-2699741,2778259
2016/03/23,0,68000,-4786000,-4718000
2016/03/24,0,1182000,-2349000,-1167000
2016/03/25,0,373000,-1174000,-801000
2016/03/28,0,77000,-991000,-914000
2016/03/29,0,2065000,-479000,1586000
2016/03/30,0,2024000,-2371563,-347563
2016/03/31,0,3382996,-2116000,1266996
2016/04/01,0,1637000,-1900800,-263800
2016/04/04,0,0,0,0
2016/04/05,0,0,0,0
2016/04/06,0,1701000,-2021000,-320000
2016/04/07,0,1162000,-1002865,159135
2016/04/08,0,1024000,-2058800,-1034800
2016/04/11,0,2163000,-760000,1403000
2016/04/12,0,4980837,-911348,4069489
2016/04/13,0,2035000,-480000,1555000
2016/04/14,0,945000,-1105000,-160000
2016/04/15,0,2686628,-571000,2115628
2016/04/18,0,2115000,-1095897,1019103
2016/04/19,0,1757544,-1994255,-236711
2016/04/20,0,1847000,-2414549,-567549
2016/04/21,0,2258000,-1619307,638693
2016/04/22,0,3131000,-1006000,2125000
2016/04/25,0,1218392,-892000,326392
2016/04/26,0,830696,-1615992,-785296
2016/04/27,0,1360000,-868000,492000
2016/04/28,0,1416000,-1483400,-67400
2016/04/29,0,1219900,-1901000,-681100
2016/05/02,0,0,0,0
2016/05/03,0,2323000,-1700000,623000
2016/05/04,0,3941000,-2807734,1133266
2016/05/05,0,1293100,-723000,570100
2016/05/06,0,2484000,-804000,1680000
2016/05/09,0,971000,-2151080,-1180080
2016/05/10,0,1396000,-2155000,-759000
2016/05/11,0,4307000,-1049642,3257358
2016/05/12,0,7209000,-2339000,4870000
2016/05/13,0,4246948,-1816269,2430679
2016/05/16,0,6121000,-918000,5203000
2016/05/17,0,8877696,-1989000,6888696
2016/05/18,0,5657051,-2318283,3338768
2016/05/19,0,4336000,-1316000,3020000
2016/05/20,0,2896000,-650000,2246000
2016/05/23,0,1655848,-1238000,417848
2016/05/24,0,2335000,-602000,1733000
2016/05/25,0,2673000,-1578000,1095000
2016/05/26,0,1070612,-4127000,-3056388
2016/05/27,0,3577100,-822454,2754646
2016/05/30,0,1589000,-2214000,-625000
2016/05/31,0,1256000,-2395200,-1139200
2016/06/01,0,613274,-2185000,-1571726
2016/06/02,0,2036100,-1357200,678900
2016/06/03,0,933000,-966288,-33288
2016/06/06,0,1521000,-525000,996000
2016/06/07,0,1938000,-2526400,-588400
2016/06/08,0,2527000,-2193724,333276
2016/06/09,0,0,0,0
2016/06/10,0,0,0,0
2016/06/13,0,2384000,-4460000,-2076000
2016/06/14,0,4524000,-2276000,2248000
2016/06/15,0,4230000,-5900872,-1670872
2016/06/16,0,3271000,-4256637,-985637
2016/06/17,0,2192167,-3121000,-928833
2016/06/20,0,2645000,-3907000,-1262000
2016/06/21,0,1537000,-1377644,159356
2016/06/22,0,2250000,-2342000,-92000
2016/06/23,0,2530000,-2750000,-220000
2016/06/24,0,1248000,-911000,337000
2016/06/27,0,1154000,-1295000,-141000
2016/06/28,0,1350000,-1647000,-297000
2016/06/29,0,281000,-4077000,-3796000
2016/06/30,0,2006000,-2635982,-629982
2016/07/01,0,437542,-1517000,-1079458
2016/07/04,0,3146000,-718000,2428000
2016/07/05,0,576000,-2929684,-2353684
2016/07/06,0,1212703,-2918000,-1705297
2016/07/07,0,1004000,-3320000,-2316000
2016/07/08,0,0,0,0
2016/07/11,0,848729,-3344320,-2495591
2016/07/12,0,918000,-2193580,-1275580
2016/07/13,0,980000,-1130004,-150004
2016/07/14,0,652000,-2698179,-2046179
2016/07/15,0,1290000,-1598968,-308968
2016/07/18,0,245000,-371000,-126000
2016/07/19,0,433000,-983000,-550000
2016/07/20,0,425000,-466000,-41000
2016/07/21,0,1136000,-1600989,-464989
2016/07/22,0,2426000,-2340000,86000
2016/07/25,0,1274000,-1040000,234000
2016/07/26,0,2952000,-1585000,1367000
2016/07/27,0,856514,-1656455,-799941
2016/07/28,0,3462502,-368000,3094502
2016/07/29,0,1311741,-1268000,43741
2016/08/01,0,1513036,-2535000,-1021964
2016/08/02,0,2090000,-4663000,-2573000
2016/08/03,0,3359000,-2335000,1024000
2016/08/04,0,283000,-1077000,-794000
2016/08/05,0,3124000,-394000,2730000
2016/08/08,0,3871000,-647000,3224000
2016/08/09,0,952000,-907000,45000
2016/08/10,0,651000,-3618000,-2967000
2016/08/11,0,2730837,-509000,2221837
2016/08/12,0,897000,-1297000,-400000
2016/08/15,0,2032048,-170000,1862048
2016/08/16,0,660991,-1778721,-1117730
2016/08/17,0,721888,-1163000,-441112
2016/08/18,0,1132000,-2189000,-1057000
2016/08/19,0,929000,-268786,660214
2016/08/22,0,1262000,-941000,321000
2016/08/23,0,583024,-578000,5024
2016/08/24,0,186012,-373000,-186988
2016/08/25,0,1451700,-354000,1097700
2016/08/26,0,400153,-723000,-322847
2016/08/29,0,443000,-1571000,-1128000
2016/08/30,0,1597000,-639000,958000
2016/08/31,0,1117000,-993000,124000
2016/09/01,0,439600,-856000,-416400
2016/09/02,0,657000,-1418800,-761800
2016/09/05,0,1862000,-530000,1332000
2016/09/06,0,952000,-535000,417000
2016/09/07,0,478320,-739437,-261117
2016/09/08,0,513480,-503000,10480
2016/09/09,0,187000,-763458,-576458
2016/09/12,0,1148000,-1897000,-749000
2016/09/13,0,2340000,-958000,1382000
2016/09/14,0,1024000,-3031000,-2007000
2016/09/15,0,0,0,0
2016/09/16,0,0,0,0
2016/09/19,0,1053475,-1347700,-294225
2016/09/20,0,378609,-537953,-159344
2016/09/21,0,595000,-727000,-132000
2016/09/22,0,590000,-663000,-73000
2016/09/23,0,541238,-757497,-216259
2016/09/26,0,302564,-690000,-387436
2016/09/27,0,0,0,0
2016/09/28,0,0,0,0
2016/09/29,0,1029925,-1550000,-520075
2016/09/30,0,2181000,-1268000,913000
2016/10/03,0,149132,-1087000,-937868
2016/10/04,0,587000,-1322000,-735000
2016/10/05,0,589000,-3167362,-2578362
2016/10/06,0,1107000,-598000,509000
2016/10/07,0,82000,-1233000,-1151000
2016/10/10,0,0,0,0
2016/10/11,0,1812000,-1054000,758000
2016/10/12,0,873000,-2301280,-1428280
2016/10/13,0,513000,-1259000,-746000
2016/10/14,0,633000,-742000,-109000
2016/10/17,0,989000,-298000,691000
2016/10/18,0,432000,-219000,213000
2016/10/19,0,566112,-682000,-115888
2016/10/20,0,229000,-691000,-462000
2016/10/21,0,1022000,-1523662,-501662
2016/10/24,0,361000,-573000,-212000
2016/10/25,0,358000,-1449000,-1091000
2016/10/26,0,343000,-887000,-544000
2016/10/27,0,1263000,-449000,814000
2016/10/28,0,963000,-1672000,-709000
2016/10/31,0,466000,-799210,-333210
2016/11/01,0,412000,-1305000,-893000
2016/11/02,0,495500,-490000,5500
2016/11/03,0,709000,-592000,117000
2016/11/04,0,521000,-763000,-242000
2016/11/07,0,218000,-996000,-778000
2016/11/08,0,499000,-426000,73000
2016/11/09,0,923000,-1240000,-317000
2016/11/10,0,725000,-1028000,-303000
2016/11/11,0,808000,-4020000,-3212000
2016/11/14,0,170000,-1183000,-1013000
2016/11/15,0,332000,-4217121,-3885121
2016/11/16,0,884200,-3052151,-2167951
2016/11/17,0,982000,-1198112,-216112
2016/11/18,0,595000,-1867713,-1272713
2016/11/21,0,120050,-769000,-648950
2016/11/22,0,1178000,-1067109,110891
2016/11/23,0,1620000,-3158546,-1538546
2016/11/24,0,28000,-2866000,-2838000
2016/11/25,0,474000,-472000,2000
2016/11/28,0,57000,-637000,-580000
2016/11/29,0,72000,-729000,-657000
2016/11/30,0,412000,-1339000,-927000
2016/12/01,0,612041,-1145000,-532959
2016/12/02,0,264000,-2087000,-1823000
2016/12/05,0,151000,-1103000,-952000
2016/12/06,0,264000,-448000,-184000
2016/12/07,0,70000,-2997000,-2927000
2016/12/08,0,1608000,-1244300,363700
2016/12/09,0,819000,-1249000,-430000
2016/12/12,0,395000,-1312000,-917000
2016/12/13,0,1145000,-1338000,-193000
2016/12/14,0,689000,-1414000,-725000
2016/12/15,0,156000,-240761,-84761
2016/12/16,0,1128011,-1025000,103011
2016/12/19,0,131000,-482000,-351000
2016/12/20,0,263000,-786130,-523130
2016/12/21,0,343000,-845000,-502000
2016/12/22,0,494000,-1131000,-637000
2016/12/23,0,947000,-954000,-7000
2016/12/26,0,839000,-319000,520000
2016/12/27,0,397000,-847000,-450000
2016/12/28,0,170000,-736000,-566000
2016/12/29,0,670852,-496000,174852
2016/12/30,0,1419000,-1487000,-68000
2017/01/02,0,0,0,0
2017/01/03,0,1121000,-799000,322000
2017/01/04,0,796000,-797458,-1458
2017/01/05,0,1803000,-1231652,571348
2017/01/06,0,384000,-750099,-366099
2017/01/09,0,1063000,-1646000,-583000
2017/01/10,0,5456000,-1316000,4140000
2017/01/11,0,3390000,-1516000,1874000
2017/01/12,0,1322000,-1574544,-252544
2017/01/13,0,2233050,-511000,1722050
2017/01/16,0,1909000,-770000,1139000
2017/01/17,0,314000,-1162306,-848306
2017/01/18,0,3046000,-479085,2566915
2017/01/19,0,1468000,-315935,1152065
2017/01/20,0,342000,-305000,37000
2017/01/23,0,1132000,-1079000,53000
2017/01/24,0,1590012,-1705000,-114988
2017/01/25,0,0,0,0
2017/01/26,0,0,0,0
2017/01/27,0,0,0,0
2017/01/30,0,0,0,0
2017/01/31,0,0,0,0
2017/02/01,0,0,0,0
2017/02/02,0,1404218,-1853000,-448782
2017/02/03,0,913000,-549000,364000
2017/02/06,0,1092000,-1465321,-373321
2017/02/07,0,823100,-544000,279100
2017/02/08,0,1624000,-2126458,-502458
2017/02/09,0,1584000,-2297000,-713000
2017/02/10,0,1760426,-852000,908426
2017/02/13,0,840000,-880000,-40000
2017/02/14,0,1189012,-945000,244012
2017/02/15,0,329000,-1105000,-776000
2017/02/16,0,275012,-442000,-166988
2017/02/17,0,366000,-1222000,-856000
2017/02/20,0,623100,-497000,126100
2017/02/21,0,1296000,-1091000,205000
2017/02/22,0,1089300,-177000,912300
2017/02/23,0,197000,-839500,-642500
2017/02/24,0,475000,-245000,230000
2017/02/27,0,0,0,0
2017/02/28,0,0,0,0
2017/03/01,0,535001,-696500,-161499
2017/03/02,0,1040000,-1539000,-499000
2017/03/03,0,3315000,-572000,2743000
2017/03/06,0,747922,-1905000,-1157078
2017/03/07,0,1055000,-296754,758246
2017/03/08,0,358000,-1474000,-1116000
2017/03/09,0,544500,-1690000,-1145500
2017/03/10,0,1054001,-1809000,-754999
2017/03/13,0,1023999,-1039000,-15001
2017/03/14,0,1066000,-189000,877000
2017/03/15,0,774000,-1677000,-903000
2017/03/16,0,1352913,-70000,1282913
2017/03/17,0,641000,-713267,-72267
2017/03/20,0,1977000,-1031400,945600
2017/03/21,0,2161500,-1559000,602500
2017/03/22,0,1806000,-4035331,-2229331
2017/03/23,0,1078001,-2432000,-1353999
2017/03/24,0,1313500,-996000,317500
2017/03/27,0,432000,-1086000,-654000
2017/03/28,0,823000,-1600000,-777000
2017/03/29,0,1276001,-2515000,-1238999
2017/03/30,0,1175000,-1181000,-6000
2017/03/31,0,678000,-1836000,-1158000
2017/04/03,0,0,0,0
2017/04/04,0,0,0,0
2017/04/05,0,2645000,-1576150,1068850
2017/04/06,0,1050000,-3482100,-2432100
2017/04/07,0,1752000,-1093000,659000
2017/04/10,0,511000,-1245000,-734000
2017/04/11,0,2168000,-713000,1455000
2017/04/12,0,6153000,-823859,5329141
2017/04/13,0,2865398,-843000,2022398
2017/04/14,0,487000,-602000,-115000
2017/04/17,0,1490000,-247000,1243000
2017/04/18,0,1799000,-300003,1498997
2017/04/19,0,1152271,-625500,526771
