Date,Open,Buy,Sell,Total
2007/04/23,0,29000,0,29000
2007/04/24,0,43000,0,43000
2007/04/25,0,8000,-258000,-250000
2007/04/26,0,25000,-10000,15000
2007/04/27,0,23000,-302000,-279000
2007/04/30,0,48000,-1191000,-1143000
2007/05/01,0,0,0,0
2007/05/02,0,3000,-219000,-216000
2007/05/03,0,49000,-552000,-503000
2007/05/04,0,31000,-9898,21102
2007/05/07,0,34000,0,34000
2007/05/08,0,1000,-13000,-12000
2007/05/09,0,0,-15000,-15000
2007/05/10,0,57000,0,57000
2007/05/11,0,20000,-3000,17000
2007/05/14,0,0,-16000,-16000
2007/05/15,0,27000,0,27000
2007/05/16,0,0,-12000,-12000
2007/05/17,0,55000,-15000,40000
2007/05/18,0,19000,-4000,15000
2007/05/21,0,20000,-19000,1000
2007/05/22,0,34000,-3000,31000
2007/05/23,0,0,-3000,-3000
2007/05/24,0,2000,-2000,0
2007/05/25,0,14000,-60000,-46000
2007/05/28,0,26000,-3000,23000
2007/05/29,0,0,-28000,-28000
2007/05/30,0,3000,-13000,-10000
2007/05/31,0,209000,-4000,205000
2007/06/01,0,35000,-6000,29000
2007/06/04,0,169000,-27148,141852
2007/06/05,0,66000,-151000,-85000
2007/06/06,0,34000,-24000,10000
2007/06/07,0,24000,-51000,-27000
2007/06/08,0,12000,-57000,-45000
2007/06/11,0,0,-3000,-3000
2007/06/12,0,0,-21000,-21000
2007/06/13,0,55000,-4000,51000
2007/06/14,0,220000,-126000,94000
2007/06/15,0,189000,-21000,168000
2007/06/18,0,0,0,0
2007/06/19,0,0,0,0
2007/06/20,0,127000,-136000,-9000
2007/06/21,0,285000,-267000,18000
2007/06/22,0,1128000,-146000,982000
2007/06/25,0,590000,-208000,382000
2007/06/26,0,184000,-1852000,-1668000
2007/06/27,0,50000,-50000,0
2007/06/28,0,1000,-54000,-53000
2007/06/29,0,85000,-200000,-115000
2007/07/02,0,41000,-334000,-293000
2007/07/03,0,644000,-64000,580000
2007/07/04,0,190000,-50000,140000
2007/07/05,0,159000,-5000,154000
2007/07/06,0,573000,-84000,489000
2007/07/09,0,419000,-10000,409000
2007/07/10,0,88000,-292000,-204000
2007/07/11,0,26000,-394516,-368516
2007/07/12,0,109000,-197000,-88000
2007/07/13,0,9000,-56512,-47512
2007/07/16,0,29000,-1617000,-1588000
2007/07/17,0,500000,-87000,413000
2007/07/18,0,638000,-86000,552000
2007/07/19,0,305000,-76640,228360
2007/07/20,0,1259000,-187000,1072000
2007/07/23,0,1279000,-59000,1220000
2007/07/24,0,377000,-20000,357000
2007/07/25,0,456000,-69000,387000
2007/07/26,0,30000,-1727000,-1697000
2007/07/27,0,90000,-408000,-318000
2007/07/30,0,575000,-248000,327000
2007/07/31,0,307000,-550000,-243000
2007/08/01,0,991000,-876000,115000
2007/08/02,0,1637000,-457339,1179661
2007/08/03,0,414000,-220000,194000
2007/08/06,0,369000,-71000,298000
2007/08/07,0,787000,-355000,432000
2007/08/08,0,837000,-402000,435000
2007/08/09,0,682000,-730692,-48692
2007/08/10,0,424000,-24000,400000
2007/08/13,0,1412000,-30000,1382000
2007/08/14,0,273000,-98000,175000
2007/08/15,0,290000,-192000,98000
2007/08/16,0,80000,-25000,55000
2007/08/17,0,662000,-1410000,-748000
2007/08/20,0,53000,-647000,-594000
2007/08/21,0,448000,-749000,-301000
2007/08/22,0,198000,-2000,196000
2007/08/23,0,661000,-1064000,-403000
2007/08/24,0,348000,-100000,248000
2007/08/27,0,64000,-128000,-64000
2007/08/28,0,77000,-176000,-99000
2007/08/29,0,150000,-230000,-80000
2007/08/30,0,863000,-222000,641000
2007/08/31,0,629000,-1591500,-962500
2007/09/03,0,558500,-552034,6466
2007/09/04,0,430000,-509000,-79000
2007/09/05,0,106000,-128000,-22000
2007/09/06,0,300000,-265000,35000
2007/09/07,0,160000,-339000,-179000
2007/09/10,0,320000,-188000,132000
2007/09/11,0,190000,-307500,-117500
2007/09/12,0,164000,-110000,54000
2007/09/13,0,7000,-99000,-92000
2007/09/14,0,65000,-45000,20000
2007/09/17,0,131000,-37000,94000
2007/09/18,0,0,0,0
2007/09/19,0,11000,-263000,-252000
2007/09/20,0,343000,-74000,269000
2007/09/21,0,273000,-143000,130000
2007/09/24,0,0,0,0
2007/09/25,0,0,0,0
2007/09/26,0,758000,-167000,591000
2007/09/27,0,333000,-214000,119000
2007/09/28,0,669000,-234000,435000
2007/10/01,0,266000,-671000,-405000
2007/10/02,0,217000,-883000,-666000
2007/10/03,0,280000,-205000,75000
2007/10/04,0,584000,-530000,54000
2007/10/05,0,140000,-298400,-158400
2007/10/08,0,68000,-216000,-148000
2007/10/09,0,73000,-186000,-113000
2007/10/10,0,0,0,0
2007/10/11,0,251000,-643263,-392263
2007/10/12,0,521000,-254000,267000
2007/10/15,0,20000,-160000,-140000
2007/10/16,0,918000,-224000,694000
2007/10/17,0,179000,-207000,-28000
2007/10/18,0,93000,-334000,-241000
2007/10/19,0,168000,-117000,51000
2007/10/22,0,83000,-106000,-23000
2007/10/23,0,269000,-295000,-26000
2007/10/24,0,171000,-482000,-311000
2007/10/25,0,633000,-62000,571000
2007/10/26,0,284000,-622820,-338820
2007/10/29,0,123000,-256000,-133000
2007/10/30,0,688000,-23000,665000
2007/10/31,0,143000,-64000,79000
2007/11/01,0,953000,-925000,28000
2007/11/02,0,897000,-590000,307000
2007/11/05,0,358000,-521000,-163000
2007/11/06,0,209000,-567000,-358000
2007/11/07,0,148000,-505000,-357000
2007/11/08,0,331000,-806000,-475000
2007/11/09,0,344000,-315000,29000
2007/11/12,0,371000,-884000,-513000
2007/11/13,0,671000,-569000,102000
2007/11/14,0,367000,-509000,-142000
2007/11/15,0,270000,-118000,152000
2007/11/16,0,99000,-142000,-43000
2007/11/19,0,106000,-105000,1000
2007/11/20,0,1057000,-710000,347000
2007/11/21,0,107000,-161000,-54000
2007/11/22,0,283000,-45000,238000
2007/11/23,0,613000,-651000,-38000
2007/11/26,0,487000,-528000,-41000
2007/11/27,0,400000,-303000,97000
2007/11/28,0,70000,-111000,-41000
2007/11/29,0,677000,-30000,647000
2007/11/30,0,396000,-154000,242000
2007/12/03,0,229000,-79000,150000
2007/12/04,0,573000,-525000,48000
2007/12/05,0,118000,-442000,-324000
2007/12/06,0,296000,-358000,-62000
2007/12/07,0,82000,-585000,-503000
2007/12/10,0,767000,-447000,320000
2007/12/11,0,272000,-217000,55000
2007/12/12,0,475000,-693000,-218000
2007/12/13,0,549000,-485000,64000
2007/12/14,0,928000,-487000,441000
2007/12/17,0,781000,-710000,71000
2007/12/18,0,932000,-383000,549000
2007/12/19,0,823000,-113000,710000
2007/12/20,0,134000,-712000,-578000
2007/12/21,0,293000,-740000,-447000
2007/12/24,0,447000,-339000,108000
2007/12/25,0,517000,-236000,281000
2007/12/26,0,207000,-1154000,-947000
2007/12/27,0,679000,-739000,-60000
2007/12/28,0,341000,-1380000,-1039000
2007/12/31,0,500000,-471000,29000
2008/01/01,0,0,0,0
2008/01/02,0,250000,-394000,-144000
2008/01/03,0,911000,-260000,651000
2008/01/04,0,1202000,-162000,1040000
2008/01/07,0,499000,-874000,-375000
2008/01/08,0,505000,-467000,38000
2008/01/09,0,461000,-74000,387000
2008/01/10,0,2396000,-383000,2013000
2008/01/11,0,550000,-1275000,-725000
2008/01/14,0,1529000,-2053000,-524000
2008/01/15,0,2171000,-903000,1268000
2008/01/16,0,1477000,-1952000,-475000
2008/01/17,0,463000,-1989000,-1526000
2008/01/18,0,587000,-134000,453000
2008/01/21,0,159000,-238000,-79000
2008/01/22,0,242000,-1396000,-1154000
2008/01/23,0,275000,-1054000,-779000
2008/01/24,0,603000,-1023000,-420000
2008/01/25,0,1216000,-574000,642000
2008/01/28,0,344000,-451000,-107000
2008/01/29,0,186000,-697000,-511000
2008/01/30,0,72000,-197000,-125000
2008/01/31,0,200000,-343000,-143000
2008/02/01,0,903000,-295000,608000
2008/02/04,0,0,0,0
2008/02/05,0,0,0,0
2008/02/06,0,0,0,0
2008/02/07,0,0,0,0
2008/02/08,0,0,0,0
2008/02/11,0,0,0,0
2008/02/12,0,276000,-184000,92000
2008/02/13,0,357000,-371000,-14000
2008/02/14,0,49000,-131000,-82000
2008/02/15,0,1125000,-465041,659959
2008/02/18,0,240000,-174000,66000
2008/02/19,0,718000,-804000,-86000
2008/02/20,0,237000,-213000,24000
2008/02/21,0,158000,-352000,-194000
2008/02/22,0,571000,-165000,406000
2008/02/25,0,38000,-290730,-252730
2008/02/26,0,51000,-144838,-93838
2008/02/27,0,283000,-260892,22108
2008/02/28,0,0,0,0
2008/02/29,0,307000,-232000,75000
2008/03/03,0,294000,-143922,150078
2008/03/04,0,428000,-175000,253000
2008/03/05,0,303000,-102000,201000
2008/03/06,0,72000,-215838,-143838
2008/03/07,0,379000,-561000,-182000
2008/03/10,0,326000,-325000,1000
2008/03/11,0,233000,-768000,-535000
2008/03/12,0,328000,-144149,183851
2008/03/13,0,167000,-80000,87000
2008/03/14,0,77000,-208000,-131000
2008/03/17,0,349000,-177000,172000
2008/03/18,0,354000,-26319,327681
2008/03/19,0,288000,-482000,-194000
2008/03/20,0,280000,-104000,176000
2008/03/21,0,1579000,-215000,1364000
2008/03/24,0,760000,-292000,468000
2008/03/25,0,1092000,-278000,814000
2008/03/26,0,1164000,-1195000,-31000
2008/03/27,0,906000,-953962,-47962
2008/03/28,0,484000,-232000,252000
2008/03/31,0,212000,-46014,165986
2008/04/01,0,97000,-194000,-97000
2008/04/02,0,343000,-45000,298000
2008/04/03,0,351000,-396000,-45000
2008/04/04,0,0,0,0
2008/04/07,0,291000,-236000,55000
2008/04/08,0,364000,-89000,275000
2008/04/09,0,709000,-348000,361000
2008/04/10,0,563000,-255000,308000
2008/04/11,0,399000,-774000,-375000
2008/04/14,0,104000,-69562,34438
2008/04/15,0,279000,-305000,-26000
2008/04/16,0,293000,-450000,-157000
2008/04/17,0,266000,-357000,-91000
2008/04/18,0,601000,-140000,461000
2008/04/21,0,175000,-285000,-110000
2008/04/22,0,156000,-50000,106000
2008/04/23,0,481000,-422000,59000
2008/04/24,0,289000,-358000,-69000
2008/04/25,0,495000,-162000,333000
2008/04/28,0,375000,-177000,198000
2008/04/29,0,721000,-690000,31000
2008/04/30,0,191000,-27000,164000
2008/05/01,0,0,0,0
2008/05/02,0,576000,-259000,317000
2008/05/05,0,258000,-29000,229000
2008/05/06,0,157000,-130000,27000
2008/05/07,0,831000,-36000,795000
2008/05/08,0,44000,-492000,-448000
2008/05/09,0,92000,-584000,-492000
2008/05/12,0,199000,-21183,177817
2008/05/13,0,605000,-587000,18000
2008/05/14,0,255000,-124000,131000
2008/05/15,0,1545000,-239000,1306000
2008/05/16,0,704000,-296000,408000
2008/05/19,0,160000,-133000,27000
2008/05/20,0,183000,-788000,-605000
2008/05/21,0,189000,-350000,-161000
2008/05/22,0,86000,-200000,-114000
2008/05/23,0,110000,-693000,-583000
2008/05/26,0,184000,-350000,-166000
2008/05/27,0,33000,-1256000,-1223000
2008/05/28,0,289000,-1649000,-1360000
2008/05/29,0,145000,-303000,-158000
2008/05/30,0,192000,-407000,-215000
2008/06/02,0,225000,-149000,76000
2008/06/03,0,314000,-463669,-149669
2008/06/04,0,83000,-132000,-49000
2008/06/05,0,694000,-84000,610000
2008/06/06,0,120000,-431000,-311000
2008/06/09,0,25000,-1311000,-1286000
2008/06/10,0,18000,-352000,-334000
2008/06/11,0,580000,-949000,-369000
2008/06/12,0,732000,-1171000,-439000
2008/06/13,0,316000,-599000,-283000
2008/06/16,0,87000,-489000,-402000
2008/06/17,0,739000,-300000,439000
2008/06/18,0,45000,-13000,32000
2008/06/19,0,186000,-200000,-14000
2008/06/20,0,235000,-387000,-152000
2008/06/23,0,98000,-83000,15000
2008/06/24,0,36000,-102000,-66000
2008/06/25,0,857000,-274000,583000
2008/06/26,0,166000,-347000,-181000
2008/06/27,0,217000,-26000,191000
2008/06/30,0,1573000,-1389000,184000
2008/07/01,0,47000,-399000,-352000
2008/07/02,0,190000,-362000,-172000
2008/07/03,0,395000,-651000,-256000
2008/07/04,0,118000,-314000,-196000
2008/07/07,0,254000,-410000,-156000
2008/07/08,0,705000,-75000,630000
2008/07/09,0,1000000,-519000,481000
2008/07/10,0,594000,-528000,66000
2008/07/11,0,924000,-203000,721000
2008/07/14,0,711000,-355000,356000
2008/07/15,0,670000,-891000,-221000
2008/07/16,0,90000,-698000,-608000
2008/07/17,0,490000,-342000,148000
2008/07/18,0,969000,-207700,761300
2008/07/21,0,1362000,-1050000,312000
2008/07/22,0,1190000,-759475,430525
2008/07/23,0,1198000,-2499000,-1301000
2008/07/24,0,97000,-672000,-575000
2008/07/25,0,441000,-580000,-139000
2008/07/28,0,0,0,0
2008/07/29,0,264000,-625000,-361000
2008/07/30,0,135000,-881000,-746000
2008/07/31,0,570000,-1011000,-441000
2008/08/01,0,206000,-184000,22000
2008/08/04,0,129000,-220000,-91000
2008/08/05,0,541000,-327000,214000
2008/08/06,0,1106000,-1308300,-202300
2008/08/07,0,490000,-298000,192000
2008/08/08,0,750000,-788000,-38000
2008/08/11,0,933000,-261000,672000
2008/08/12,0,702000,-598000,104000
2008/08/13,0,755000,-273000,482000
2008/08/14,0,349000,-440000,-91000
2008/08/15,0,421000,-131000,290000
2008/08/18,0,241000,-325000,-84000
2008/08/19,0,234000,-560000,-326000
2008/08/20,0,441000,-710400,-269400
2008/08/21,0,564300,-207900,356400
2008/08/22,0,876000,-1071000,-195000
2008/08/25,0,304000,-749000,-445000
2008/08/26,0,174000,-29000,145000
2008/08/27,0,252000,-323100,-71100
2008/08/28,0,610000,-105500,504500
2008/08/29,0,176000,-126000,50000
2008/09/01,0,1550000,-642000,908000
2008/09/02,0,2461000,-1786000,675000
2008/09/03,0,784000,-903000,-119000
2008/09/04,0,237600,-655000,-417400
2008/09/05,0,262000,-276000,-14000
2008/09/08,0,226000,-183800,42200
2008/09/09,0,587000,-139000,448000
2008/09/10,0,588000,-251000,337000
2008/09/11,0,393000,-142000,251000
2008/09/12,0,177000,-431000,-254000
2008/09/15,0,374000,-110000,264000
2008/09/16,0,1622000,-475000,1147000
2008/09/17,0,281000,-402100,-121100
2008/09/18,0,539000,-208000,331000
2008/09/19,0,37000,-482800,-445800
2008/09/22,0,1081000,-202000,879000
2008/09/23,0,591000,-658000,-67000
2008/09/24,0,392000,-472000,-80000
2008/09/25,0,267000,-237000,30000
2008/09/26,0,139000,-588000,-449000
2008/09/29,0,0,0,0
2008/09/30,0,310000,-323000,-13000
2008/10/01,0,103000,-853000,-750000
2008/10/02,0,276000,-286931,-10931
2008/10/03,0,364000,-699000,-335000
2008/10/06,0,558000,-31643,526357
2008/10/07,0,668200,-537000,131200
2008/10/08,0,1128000,-298000,830000
2008/10/09,0,211000,-168000,43000
2008/10/10,0,0,0,0
2008/10/13,0,188000,-29000,159000
2008/10/14,0,6000,-82000,-76000
2008/10/15,0,245000,-130200,114800
2008/10/16,0,156000,-27300,128700
2008/10/17,0,498000,-377000,121000
2008/10/20,0,367000,-114905,252095
2008/10/21,0,246000,-682000,-436000
2008/10/22,0,83000,-156000,-73000
2008/10/23,0,10300,-2239,8061
2008/10/24,0,135000,-3000,132000
2008/10/27,0,465000,-59000,406000
2008/10/28,0,1032000,-435700,596300
2008/10/29,0,415000,-519159,-104159
2008/10/30,0,66000,-366000,-300000
2008/10/31,0,507000,-444000,63000
2008/11/03,0,316000,-319100,-3100
2008/11/04,0,509000,-481000,28000
2008/11/05,0,150000,-421000,-271000
2008/11/06,0,338000,-25000,313000
2008/11/07,0,1121242,-361533,759709
2008/11/10,0,415000,-150000,265000
2008/11/11,0,213000,-25000,188000
2008/11/12,0,520000,-105000,415000
2008/11/13,0,321000,-1396000,-1075000
2008/11/14,0,312000,-84034,227966
2008/11/17,0,68000,-247740,-179740
2008/11/18,0,284000,-47000,237000
2008/11/19,0,281000,-173000,108000
2008/11/20,0,138000,-102900,35100
2008/11/21,0,239000,-70000,169000
2008/11/24,0,92000,-27000,65000
2008/11/25,0,229000,-124000,105000
2008/11/26,0,45000,-20000,25000
2008/11/27,0,203000,-58000,145000
2008/11/28,0,168000,-24000,144000
2008/12/01,0,212000,-333000,-121000
2008/12/02,0,882000,-225000,657000
2008/12/03,0,414000,-68000,346000
2008/12/04,0,127000,-79875,47125
2008/12/05,0,59000,-24000,35000
2008/12/08,0,414000,-107000,307000
2008/12/09,0,413000,-101000,312000
2008/12/10,0,228000,-251000,-23000
2008/12/11,0,78000,-629000,-551000
2008/12/12,0,34000,-268658,-234658
2008/12/15,0,143000,-36000,107000
2008/12/16,0,16000,-95000,-79000
2008/12/17,0,16000,-114000,-98000
2008/12/18,0,95000,-20000,75000
2008/12/19,0,147000,-94000,53000
2008/12/22,0,91000,-128000,-37000
2008/12/23,0,76000,-155000,-79000
2008/12/24,0,52000,-26000,26000
2008/12/25,0,10000,-14000,-4000
2008/12/26,0,70000,-1000,69000
2008/12/29,0,28000,-5000,23000
2008/12/30,0,76000,-65069,10931
2008/12/31,0,4000,-4000,0
2009/01/01,0,0,0,0
2009/01/02,0,0,0,0
2009/01/05,0,245000,-5691,239309
2009/01/06,0,209000,-18000,191000
2009/01/07,0,138000,-483000,-345000
2009/01/08,0,185000,-146000,39000
2009/01/09,0,96000,-41000,55000
2009/01/12,0,109000,-5000,104000
2009/01/13,0,30000,-26000,4000
2009/01/14,0,196000,-29000,167000
2009/01/15,0,150000,-114000,36000
2009/01/16,0,195000,-99000,96000
2009/01/19,0,65000,-191000,-126000
2009/01/20,0,337000,-4022,332978
2009/01/21,0,398000,-7000,391000
2009/01/22,0,0,0,0
2009/01/23,0,0,0,0
2009/01/26,0,0,0,0
2009/01/27,0,0,0,0
2009/01/28,0,0,0,0
2009/01/29,0,0,0,0
2009/01/30,0,0,0,0
2009/02/02,0,133000,-1633673,-1500673
2009/02/03,0,491000,-133000,358000
2009/02/04,0,574000,-74000,500000
2009/02/05,0,872000,-213000,659000
2009/02/06,0,1163000,-304000,859000
2009/02/09,0,640000,-307000,333000
2009/02/10,0,345000,-649000,-304000
2009/02/11,0,795000,-328526,466474
2009/02/12,0,428000,-888891,-460891
2009/02/13,0,1204000,-1155000,49000
2009/02/16,0,334000,-299000,35000
2009/02/17,0,345000,-1355000,-1010000
2009/02/18,0,158000,-897000,-739000
2009/02/19,0,977000,-444000,533000
2009/02/20,0,1083000,-382000,701000
2009/02/23,0,258000,-98000,160000
2009/02/24,0,300000,-224000,76000
2009/02/25,0,375000,-572000,-197000
2009/02/26,0,465000,-207000,258000
2009/02/27,0,210000,-116000,94000
2009/03/02,0,241000,-236000,5000
2009/03/03,0,506000,-885000,-379000
2009/03/04,0,641000,-316000,325000
2009/03/05,0,358000,-1252000,-894000
2009/03/06,0,325000,-436000,-111000
2009/03/09,0,271000,-251000,20000
2009/03/10,0,658000,-251000,407000
2009/03/11,0,147000,-657600,-510600
2009/03/12,0,169000,-578000,-409000
2009/03/13,0,733000,-203000,530000
2009/03/16,0,76000,-142000,-66000
2009/03/17,0,208000,-90000,118000
2009/03/18,0,440000,-276000,164000
2009/03/19,0,137000,-544038,-407038
2009/03/20,0,423000,-827000,-404000
2009/03/23,0,402000,-354000,48000
2009/03/24,0,483000,-759039,-276039
2009/03/25,0,1298000,-420913,877087
2009/03/26,0,739000,-359000,380000
2009/03/27,0,399000,-941000,-542000
2009/03/30,0,192000,-1083000,-891000
2009/03/31,0,126000,-183000,-57000
2009/04/01,0,1323000,-176000,1147000
2009/04/02,0,387000,-819155,-432155
2009/04/03,0,346000,-734000,-388000
2009/04/06,0,876000,-421039,454961
2009/04/07,0,369000,-859000,-490000
2009/04/08,0,535000,-900000,-365000
2009/04/09,0,446000,-242000,204000
2009/04/10,0,337000,-822037,-485037
2009/04/13,0,181000,-700000,-519000
2009/04/14,0,445000,-353000,92000
2009/04/15,0,460000,-491000,-31000
2009/04/16,0,217000,-844000,-627000
2009/04/17,0,577000,-593037,-16037
2009/04/20,0,518000,-95000,423000
2009/04/21,0,389000,-266000,123000
2009/04/22,0,300000,-490000,-190000
2009/04/23,0,163000,-256000,-93000
2009/04/24,0,226000,-224000,2000
2009/04/27,0,645000,-252000,393000
2009/04/28,0,278000,-408037,-130037
2009/04/29,0,169000,-169000,0
2009/04/30,0,23000,-78000,-55000
2009/05/01,0,0,0,0
2009/05/04,0,2072000,-734000,1338000
2009/05/05,0,425000,-454000,-29000
2009/05/06,0,605000,-450338,154662
2009/05/07,0,626000,-437000,189000
2009/05/08,0,229000,-498560,-269560
2009/05/11,0,500000,-533068,-33068
2009/05/12,0,238000,-891000,-653000
2009/05/13,0,76000,-840000,-764000
2009/05/14,0,252000,-124000,128000
2009/05/15,0,332000,-345000,-13000
2009/05/18,0,295000,-259000,36000
2009/05/19,0,297000,-97700,199300
2009/05/20,0,543000,-398000,145000
2009/05/21,0,201000,-397000,-196000
2009/05/22,0,26000,-120000,-94000
2009/05/25,0,105000,-117582,-12582
2009/05/26,0,45000,-561000,-516000
2009/05/27,0,220000,-105000,115000
2009/05/28,0,0,0,0
2009/05/29,0,0,0,0
2009/06/01,0,366000,-373992,-7992
2009/06/02,0,442000,-542000,-100000
2009/06/03,0,45000,-793000,-748000
2009/06/04,0,148000,-142000,6000
2009/06/05,0,245000,-92000,153000
2009/06/08,0,202000,-208000,-6000
2009/06/09,0,246000,-116000,130000
2009/06/10,0,132000,-32187,99813
2009/06/11,0,510000,-134000,376000
2009/06/12,0,121000,-189000,-68000
2009/06/15,0,255000,-193000,62000
2009/06/16,0,146000,-559701,-413701
2009/06/17,0,34000,-153000,-119000
2009/06/18,0,350000,-142000,208000
2009/06/19,0,75000,-342000,-267000
2009/06/22,0,122000,-84000,38000
2009/06/23,0,173000,-88000,85000
2009/06/24,0,204000,-185000,19000
2009/06/25,0,210000,-335000,-125000
2009/06/26,0,26000,-233000,-207000
2009/06/29,0,15000,-21000,-6000
2009/06/30,0,81000,-258000,-177000
2009/07/01,0,183000,-157000,26000
2009/07/02,0,194000,-128000,66000
2009/07/03,0,151000,-124000,27000
2009/07/06,0,49000,-104000,-55000
2009/07/07,0,147258,-89000,58258
2009/07/08,0,55000,-221000,-166000
2009/07/09,0,192000,-1244000,-1052000
2009/07/10,0,116000,-75000,41000
2009/07/13,0,100000,-365000,-265000
2009/07/14,0,173000,-209000,-36000
2009/07/15,0,651000,-1210241,-559241
2009/07/16,0,414000,-1803000,-1389000
2009/07/17,0,496000,-311000,185000
2009/07/20,0,29000,-478000,-449000
2009/07/21,0,83000,-93000,-10000
2009/07/22,0,88000,-23000,65000
2009/07/23,0,71000,-79000,-8000
2009/07/24,0,363000,-166000,197000
2009/07/27,0,363000,-62000,301000
2009/07/28,0,375000,-475000,-100000
2009/07/29,0,125000,-287000,-162000
2009/07/30,0,284000,-184000,100000
2009/07/31,0,174000,-583000,-409000
2009/08/03,0,118000,-726000,-608000
2009/08/04,0,303000,-492000,-189000
2009/08/05,0,77332,-176000,-98668
2009/08/06,0,49000,-155000,-106000
2009/08/07,0,0,0,0
2009/08/10,0,708000,-46000,662000
2009/08/11,0,2325000,-403000,1922000
2009/08/12,0,417000,-1004000,-587000
2009/08/13,0,264000,-367000,-103000
2009/08/14,0,101000,-579000,-478000
2009/08/17,0,45000,-216000,-171000
2009/08/18,0,466000,-1471000,-1005000
2009/08/19,0,140000,-366000,-226000
2009/08/20,0,79000,-200000,-121000
2009/08/21,0,207000,-588000,-381000
2009/08/24,0,83000,-255000,-172000
2009/08/25,0,37000,-103000,-66000
2009/08/26,0,539000,-349000,190000
2009/08/27,0,107000,-123241,-16241
2009/08/28,0,52400,-138000,-85600
2009/08/31,0,110000,-67000,43000
2009/09/01,0,250000,-239000,11000
2009/09/02,0,141100,-100000,41100
2009/09/03,0,148000,-401000,-253000
2009/09/04,0,160000,-238000,-78000
2009/09/07,0,123000,-112000,11000
2009/09/08,0,604000,-1199300,-595300
2009/09/09,0,156100,-347000,-190900
2009/09/10,0,167000,-95000,72000
2009/09/11,0,83000,-30901,52099
2009/09/14,0,60000,-133000,-73000
2009/09/15,0,241000,-134600,106400
2009/09/16,0,386900,-168000,218900
2009/09/17,0,83000,-251000,-168000
2009/09/18,0,39000,-114000,-75000
2009/09/21,0,104000,-305000,-201000
2009/09/22,0,91000,-528000,-437000
2009/09/23,0,132000,-222928,-90928
2009/09/24,0,418000,-146000,272000
2009/09/25,0,310000,-26000,284000
2009/09/28,0,205000,-39718,165282
2009/09/29,0,297000,-93800,203200
2009/09/30,0,251000,-257000,-6000
2009/10/01,0,0,-134000,-134000
2009/10/02,0,111000,-336000,-225000
2009/10/05,0,53000,-355000,-302000
2009/10/06,0,79000,-375000,-296000
2009/10/07,0,254000,-882000,-628000
2009/10/08,0,100000,-57000,43000
2009/10/09,0,111000,-78000,33000
2009/10/12,0,198000,-24000,174000
2009/10/13,0,79000,-33000,46000
2009/10/14,0,76000,-125000,-49000
2009/10/15,0,222000,-71000,151000
2009/10/16,0,76000,-187000,-111000
2009/10/19,0,121000,-292000,-171000
2009/10/20,0,279000,-102000,177000
2009/10/21,0,205000,-98401,106599
2009/10/22,0,55000,-294000,-239000
2009/10/23,0,73000,-6000,67000
2009/10/26,0,211000,-9000,202000
2009/10/27,0,221000,-205000,16000
2009/10/28,0,29000,-57000,-28000
2009/10/29,0,864000,-152000,712000
2009/10/30,0,25000,-306000,-281000
2009/11/02,0,144000,-72000,72000
2009/11/03,0,9000,-157900,-148900
2009/11/04,0,65000,-416100,-351100
2009/11/05,0,301000,-17000,284000
2009/11/06,0,44000,-100000,-56000
2009/11/09,0,236000,-139000,97000
2009/11/10,0,17000,-6000,11000
2009/11/11,0,108000,-223000,-115000
2009/11/12,0,45000,-15000,30000
2009/11/13,0,46000,-153000,-107000
2009/11/16,0,118000,-123000,-5000
2009/11/17,0,246000,-193000,53000
2009/11/18,0,0,-106000,-106000
2009/11/19,0,188000,-44000,144000
2009/11/20,0,143000,-35000,108000
2009/11/23,0,121000,-228000,-107000
2009/11/24,0,0,-156000,-156000
2009/11/25,0,40000,0,40000
2009/11/26,0,6000,-247000,-241000
2009/11/27,0,29000,-218000,-189000
2009/11/30,0,1000,-116551,-115551
2009/12/01,0,50000,-90000,-40000
2009/12/02,0,157000,-17000,140000
2009/12/03,0,89000,-24000,65000
2009/12/04,0,40000,-16000,24000
2009/12/07,0,232000,-23000,209000
2009/12/08,0,137000,-154000,-17000
2009/12/09,0,359000,-43700,315300
2009/12/10,0,360000,-166600,193400
2009/12/11,0,129000,-79000,50000
2009/12/14,0,745000,-145000,600000
2009/12/15,0,164000,-117000,47000
2009/12/16,0,5000,-75000,-70000
2009/12/17,0,281000,-345000,-64000
2009/12/18,0,36000,-41000,-5000
2009/12/21,0,19000,-347000,-328000
2009/12/22,0,57000,-130758,-73758
2009/12/23,0,2200,-56000,-53800
2009/12/24,0,244000,-89000,155000
2009/12/25,0,172000,-302000,-130000
2009/12/28,0,149000,-93000,56000
2009/12/29,0,553000,-147000,406000
2009/12/30,0,16000,-207000,-191000
2009/12/31,0,39000,-166000,-127000
2010/01/01,0,0,0,0
2010/01/04,0,42000,-146000,-104000
2010/01/05,0,115000,-199000,-84000
2010/01/06,0,385000,-348000,37000
2010/01/07,0,374000,-884000,-510000
2010/01/08,0,73000,-578000,-505000
2010/01/11,0,106000,-71000,35000
2010/01/12,0,72000,-344060,-272060
2010/01/13,0,92000,-306000,-214000
2010/01/14,0,414000,-1218100,-804100
2010/01/15,0,1132000,-250000,882000
2010/01/18,0,94000,-493000,-399000
2010/01/19,0,138000,-603000,-465000
2010/01/20,0,201380,-1233000,-1031620
2010/01/21,0,443000,-238000,205000
2010/01/22,0,268000,-277000,-9000
2010/01/25,0,110000,-156201,-46201
2010/01/26,0,253000,-394000,-141000
2010/01/27,0,252000,-259000,-7000
2010/01/28,0,201000,-76000,125000
2010/01/29,0,106000,-214000,-108000
2010/02/01,0,197000,-27000,170000
2010/02/02,0,46000,-100000,-54000
2010/02/03,0,186000,-78000,108000
2010/02/04,0,231000,-49000,182000
2010/02/05,0,268000,-479000,-211000
2010/02/08,0,126000,-19673,106327
2010/02/09,0,308000,-50000,258000
2010/02/10,0,273000,-168994,104006
2010/02/11,0,0,0,0
2010/02/12,0,0,0,0
2010/02/15,0,0,0,0
2010/02/16,0,0,0,0
2010/02/17,0,0,0,0
2010/02/18,0,0,0,0
2010/02/19,0,0,0,0
2010/02/22,0,207000,-674000,-467000
2010/02/23,0,413000,-171000,242000
2010/02/24,0,211000,-70000,141000
2010/02/25,0,265000,-253000,12000
2010/02/26,0,102000,-72000,30000
2010/03/01,0,1162000,-586000,576000
2010/03/02,0,125000,-380000,-255000
2010/03/03,0,132000,-31000,101000
2010/03/04,0,423000,-169000,254000
2010/03/05,0,132000,-265000,-133000
2010/03/08,0,152000,-243000,-91000
2010/03/09,0,187000,-24000,163000
2010/03/10,0,38000,-129000,-91000
2010/03/11,0,41000,-109000,-68000
2010/03/12,0,179000,-12000,167000
2010/03/15,0,83000,-154000,-71000
2010/03/16,0,274000,-48000,226000
2010/03/17,0,400000,-24000,376000
2010/03/18,0,137000,-186000,-49000
2010/03/19,0,44000,-32000,12000
2010/03/22,0,15000,-69000,-54000
2010/03/23,0,158000,-77000,81000
2010/03/24,0,64000,-255333,-191333
2010/03/25,0,305000,-442000,-137000
2010/03/26,0,392000,-123000,269000
2010/03/29,0,798000,-144000,654000
2010/03/30,0,202000,-686000,-484000
2010/03/31,0,456000,-127000,329000
2010/04/01,0,798000,-707000,91000
2010/04/02,0,246000,-141000,105000
2010/04/05,0,0,0,0
2010/04/06,0,555000,-423000,132000
2010/04/07,0,162000,-5000,157000
2010/04/08,0,432000,-49000,383000
2010/04/09,0,172000,-244000,-72000
2010/04/12,0,410000,-56000,354000
2010/04/13,0,326000,-113214,212786
2010/04/14,0,1056000,-43000,1013000
2010/04/15,0,960000,-1510000,-550000
2010/04/16,0,747000,-2191600,-1444600
2010/04/19,0,93000,-635000,-542000
2010/04/20,0,182000,-1045000,-863000
2010/04/21,0,704000,-920000,-216000
2010/04/22,0,206000,-604000,-398000
2010/04/23,0,157000,-395000,-238000
2010/04/26,0,311000,-252000,59000
2010/04/27,0,247000,-294000,-47000
2010/04/28,0,186000,-461000,-275000
2010/04/29,0,286000,-476000,-190000
2010/04/30,0,357000,-458000,-101000
2010/05/03,0,412000,-253000,159000
2010/05/04,0,366000,-160000,206000
2010/05/05,0,492000,-364000,128000
2010/05/06,0,193000,-503000,-310000
2010/05/07,0,319000,-80000,239000
2010/05/10,0,814000,-155000,659000
2010/05/11,0,91000,-325000,-234000
2010/05/12,0,137000,-401000,-264000
2010/05/13,0,390260,-389000,1260
2010/05/14,0,320000,-26000,294000
2010/05/17,0,121000,-226260,-105260
2010/05/18,0,210000,-69000,141000
2010/05/19,0,345220,-342000,3220
2010/05/20,0,56000,-218200,-162200
2010/05/21,0,700000,-355000,345000
2010/05/24,0,137000,-684020,-547020
2010/05/25,0,247000,-435000,-188000
2010/05/26,0,221000,-283000,-62000
2010/05/27,0,105000,-70000,35000
2010/05/28,0,98000,-212000,-114000
2010/05/31,0,257000,-66000,191000
2010/06/01,0,215000,-170000,45000
2010/06/02,0,93000,-78000,15000
2010/06/03,0,117000,-306000,-189000
2010/06/04,0,379000,-37000,342000
2010/06/07,0,384000,-143000,241000
2010/06/08,0,344000,-246000,98000
2010/06/09,0,182000,-737000,-555000
2010/06/10,0,331000,-137000,194000
2010/06/11,0,37000,-339000,-302000
2010/06/14,0,71000,-27000,44000
2010/06/15,0,331000,-84000,247000
2010/06/16,0,0,0,0
2010/06/17,0,349000,-88000,261000
2010/06/18,0,176000,-156000,20000
2010/06/21,0,1030000,-617000,413000
2010/06/22,0,127000,-589700,-462700
2010/06/23,0,274000,-911000,-637000
2010/06/24,0,105000,-149000,-44000
2010/06/25,0,252000,-246000,6000
2010/06/28,0,19000,-32000,-13000
2010/06/29,0,47000,-208000,-161000
2010/06/30,0,704000,-95000,609000
2010/07/01,0,359000,-126000,233000
2010/07/02,0,145000,-298000,-153000
2010/07/05,0,186000,-35000,151000
2010/07/06,0,416000,-721000,-305000
2010/07/07,0,64000,-252000,-188000
2010/07/08,0,123000,-275514,-152514
2010/07/09,0,116000,-49000,67000
2010/07/12,0,60000,-286070,-226070
2010/07/13,0,71000,-153000,-82000
2010/07/14,0,475070,-205000,270070
2010/07/15,0,55000,-74000,-19000
2010/07/16,0,136000,-30000,106000
2010/07/19,0,176000,-17050,158950
2010/07/20,0,287000,-296000,-9000
2010/07/21,0,128000,-416000,-288000
2010/07/22,0,45000,-146000,-101000
2010/07/23,0,433000,-225000,208000
2010/07/26,0,146000,-90000,56000
2010/07/27,0,193000,-170000,23000
2010/07/28,0,409000,-45000,364000
2010/07/29,0,121000,-328000,-207000
2010/07/30,0,123000,-791000,-668000
2010/08/02,0,628000,-127000,501000
2010/08/03,0,917176,-477000,440176
2010/08/04,0,422000,-66000,356000
2010/08/05,0,130000,-459000,-329000
2010/08/06,0,136000,-145000,-9000
2010/08/09,0,178000,-182000,-4000
2010/08/10,0,328000,-269000,59000
2010/08/11,0,595000,-232000,363000
2010/08/12,0,3082000,-47000,3035000
2010/08/13,0,187000,-2583000,-2396000
2010/08/16,0,107000,-1152000,-1045000
2010/08/17,0,1206000,-1023000,183000
2010/08/18,0,298000,-710000,-412000
2010/08/19,0,289000,-147000,142000
2010/08/20,0,151000,-192000,-41000
2010/08/23,0,206000,-406000,-200000
2010/08/24,0,65726,-287000,-221274
2010/08/25,0,144000,-967500,-823500
2010/08/26,0,508200,-180000,328200
2010/08/27,0,499000,-104000,395000
2010/08/30,0,387000,-445200,-58200
2010/08/31,0,65033,-403000,-337967
2010/09/01,0,142000,-63000,79000
2010/09/02,0,108150,-204000,-95850
2010/09/03,0,258479,-128000,130479
2010/09/06,0,457417,-221000,236417
2010/09/07,0,1824000,-1237000,587000
2010/09/08,0,217000,-746000,-529000
2010/09/09,0,595000,-166000,429000
2010/09/10,0,101245,-362488,-261243
2010/09/13,0,146000,-325556,-179556
2010/09/14,0,472001,-183076,288925
2010/09/15,0,648000,-707153,-59153
2010/09/16,0,58000,-403000,-345000
2010/09/17,0,515000,-192386,322614
2010/09/20,0,271000,-428000,-157000
2010/09/21,0,16612,-2004250,-1987638
2010/09/22,0,0,0,0
2010/09/23,0,99000,-92525,6475
2010/09/24,0,18000,-371000,-353000
2010/09/27,0,147000,-181260,-34260
2010/09/28,0,21000,-135000,-114000
2010/09/29,0,75000,-266000,-191000
2010/09/30,0,357000,-347000,10000
2010/10/01,0,67000,-78000,-11000
2010/10/04,0,111000,-242000,-131000
2010/10/05,0,134000,-224000,-90000
2010/10/06,0,137000,-93745,43255
2010/10/07,0,328000,-706239,-378239
2010/10/08,0,392000,-266000,126000
2010/10/11,0,98000,-503770,-405770
2010/10/12,0,245000,-240680,4320
2010/10/13,0,968000,-200000,768000
2010/10/14,0,30000,-62000,-32000
2010/10/15,0,79000,-142671,-63671
2010/10/18,0,208000,-336000,-128000
2010/10/19,0,101000,-107801,-6801
2010/10/20,0,211000,-309000,-98000
2010/10/21,0,314000,-143251,170749
2010/10/22,0,165000,-96000,69000
2010/10/25,0,127000,-221520,-94520
2010/10/26,0,175000,-51001,123999
2010/10/27,0,90000,-276000,-186000
2010/10/28,0,91000,-137000,-46000
2010/10/29,0,64000,-57473,6527
2010/11/01,0,240212,-465000,-224788
2010/11/02,0,40000,-543000,-503000
2010/11/03,0,23000,-410000,-387000
2010/11/04,0,61000,-60000,1000
2010/11/05,0,323000,-22282,300718
2010/11/08,0,286000,-169000,117000
2010/11/09,0,198149,-22000,176149
2010/11/10,0,752000,-817000,-65000
2010/11/11,0,109000,-147000,-38000
2010/11/12,0,57000,-114000,-57000
2010/11/15,0,11000,-382000,-371000
2010/11/16,0,78000,-138000,-60000
2010/11/17,0,198000,-41000,157000
2010/11/18,0,94000,-342,93658
2010/11/19,0,58000,-83000,-25000
2010/11/22,0,23000,-35000,-12000
2010/11/23,0,16000,-349000,-333000
2010/11/24,0,76000,-3000,73000
2010/11/25,0,4000,-39000,-35000
2010/11/26,0,44000,-11000,33000
2010/11/29,0,233000,-185000,48000
2010/11/30,0,103000,-61000,42000
2010/12/01,0,206000,-268000,-62000
2010/12/02,0,261000,-12000,249000
2010/12/03,0,109000,-40000,69000
2010/12/06,0,111000,-25000,86000
2010/12/07,0,33000,-23000,10000
2010/12/08,0,10000,-117000,-107000
2010/12/09,0,114000,-61000,53000
2010/12/10,0,270000,-98000,172000
2010/12/13,0,391000,-215000,176000
2010/12/14,0,292000,-274754,17246
2010/12/15,0,187000,-122000,65000
2010/12/16,0,193000,-101000,92000
2010/12/17,0,5000,-173000,-168000
2010/12/20,0,41000,-161000,-120000
2010/12/21,0,246000,-53000,193000
2010/12/22,0,180000,-12000,168000
2010/12/23,0,50000,-95000,-45000
2010/12/24,0,48000,-211000,-163000
2010/12/27,0,26000,-181000,-155000
2010/12/28,0,162000,-353000,-191000
2010/12/29,0,55000,-273850,-218850
2010/12/30,0,47000,-138000,-91000
2010/12/31,0,4000,-184259,-180259
2011/01/03,0,76000,-160000,-84000
2011/01/04,0,293000,-137054,155946
2011/01/05,0,36000,-190000,-154000
2011/01/06,0,440000,-54397,385603
2011/01/07,0,11000,-367000,-356000
2011/01/10,0,50000,-58000,-8000
2011/01/11,0,399000,-13000,386000
2011/01/12,0,16000,-147000,-131000
2011/01/13,0,62000,-193000,-131000
2011/01/14,0,106000,-26000,80000
2011/01/17,0,52000,-330434,-278434
2011/01/18,0,60000,-142000,-82000
2011/01/19,0,76000,-329000,-253000
2011/01/20,0,48891,-84000,-35109
2011/01/21,0,86000,-154000,-68000
2011/01/24,0,4000,-90000,-86000
2011/01/25,0,11000,-103000,-92000
2011/01/26,0,41000,-79000,-38000
2011/01/27,0,0,-155000,-155000
2011/01/28,0,238000,-80000,158000
2011/01/31,0,0,0,0
2011/02/01,0,0,0,0
2011/02/02,0,0,0,0
2011/02/03,0,0,0,0
2011/02/04,0,0,0,0
2011/02/07,0,0,0,0
2011/02/08,0,226000,-109000,117000
2011/02/09,0,29000,-255000,-226000
2011/02/10,0,118000,-126220,-8220
2011/02/11,0,36000,-268366,-232366
2011/02/14,0,51600,-18000,33600
2011/02/15,0,93000,-260000,-167000
2011/02/16,0,746000,-89400,656600
2011/02/17,0,381000,-498000,-117000
2011/02/18,0,7000,-98000,-91000
2011/02/21,0,166000,-174973,-8973
2011/02/22,0,309000,-127000,182000
2011/02/23,0,412000,-569533,-157533
2011/02/24,0,318000,-476937,-158937
2011/02/25,0,264000,-158200,105800
2011/02/28,0,0,0,0
2011/03/01,0,66000,-7000,59000
2011/03/02,0,57000,-45000,12000
2011/03/03,0,294000,-15000,279000
2011/03/04,0,20000,-51000,-31000
2011/03/07,0,16000,-14000,2000
2011/03/08,0,56000,-8793,47207
2011/03/09,0,137000,-1543,135457
2011/03/10,0,27000,-14000,13000
2011/03/11,0,279000,-88000,191000
2011/03/14,0,143000,-73000,70000
2011/03/15,0,413000,-112000,301000
2011/03/16,0,169000,-76000,93000
2011/03/17,0,113000,-90000,23000
2011/03/18,0,0,-768000,-768000
2011/03/21,0,1000,-103000,-102000
2011/03/22,0,62000,-58708,3292
2011/03/23,0,22000,-30000,-8000
2011/03/24,0,39000,-1000,38000
2011/03/25,0,126000,-114000,12000
2011/03/28,0,78000,-18532,59468
2011/03/29,0,32000,-49000,-17000
2011/03/30,0,16000,-15000,1000
2011/03/31,0,6000,-34000,-28000
2011/04/01,0,392000,-116000,276000
2011/04/04,0,0,0,0
2011/04/05,0,0,0,0
2011/04/06,0,321000,-97000,224000
2011/04/07,0,163000,-51000,112000
2011/04/08,0,220000,-36000,184000
2011/04/11,0,3000,-24000,-21000
2011/04/12,0,203000,-16000,187000
2011/04/13,0,86000,-9000,77000
2011/04/14,0,96000,-227559,-131559
2011/04/15,0,5000,-13000,-8000
2011/04/18,0,6000,-85973,-79973
2011/04/19,0,67000,-80000,-13000
2011/04/20,0,63000,-46000,17000
2011/04/21,0,53000,-103000,-50000
2011/04/22,0,0,-15000,-15000
2011/04/25,0,139000,-5000,134000
2011/04/26,0,62000,-35000,27000
2011/04/27,0,123000,-221000,-98000
2011/04/28,0,125000,-135000,-10000
2011/04/29,0,4000,-285000,-281000
2011/05/02,0,0,0,0
2011/05/03,0,90000,-174991,-84991
2011/05/04,0,132000,-5000,127000
2011/05/05,0,165000,-30000,135000
2011/05/06,0,80000,-61000,19000
2011/05/09,0,76000,-28000,48000
2011/05/10,0,20000,-27000,-7000
2011/05/11,0,78000,-36870,41130
2011/05/12,0,47000,-16096,30904
2011/05/13,0,4000,-216000,-212000
2011/05/16,0,44000,-76000,-32000
2011/05/17,0,99000,-1000,98000
2011/05/18,0,196800,-310000,-113200
2011/05/19,0,72000,-15416,56584
2011/05/20,0,102000,-20000,82000
2011/05/23,0,111000,-19500,91500
2011/05/24,0,168000,-6000,162000
2011/05/25,0,557700,-25000,532700
2011/05/26,0,309000,-4000,305000
2011/05/27,0,222000,-5000,217000
2011/05/30,0,57000,-5300,51700
2011/05/31,0,226300,-6812,219488
2011/06/01,0,36700,-324000,-287300
2011/06/02,0,59000,-51400,7600
2011/06/03,0,18000,-9300,8700
2011/06/06,0,0,0,0
2011/06/07,0,68300,-484000,-415700
2011/06/08,0,48000,-21300,26700
2011/06/09,0,44000,-43000,1000
2011/06/10,0,700,-107000,-106300
2011/06/13,0,128000,-8550,119450
2011/06/14,0,34000,-6000,28000
2011/06/15,0,84050,-63000,21050
2011/06/16,0,99000,-12100,86900
2011/06/17,0,89000,0,89000
2011/06/20,0,131000,-90060,40940
2011/06/21,0,178000,-12000,166000
2011/06/22,0,2000,-38000,-36000
2011/06/23,0,109000,-112000,-3000
2011/06/24,0,156000,-225000,-69000
2011/06/27,0,17000,-80000,-63000
2011/06/28,0,22032,-14000,8032
2011/06/29,0,507000,-26755,480245
2011/06/30,0,69000,-398000,-329000
2011/07/01,0,20000,-27000,-7000
2011/07/04,0,69000,-285000,-216000
2011/07/05,0,4000,-89000,-85000
2011/07/06,0,7000,-36000,-29000
2011/07/07,0,156000,-12000,144000
2011/07/08,0,142000,-51000,91000
2011/07/11,0,143000,-109000,34000
2011/07/12,0,138000,-10000,128000
2011/07/13,0,244000,-8030,235970
2011/07/14,0,240000,-26000,214000
2011/07/15,0,187000,-236000,-49000
2011/07/18,0,353000,-289815,63185
2011/07/19,0,553000,-47000,506000
2011/07/20,0,885000,-106000,779000
2011/07/21,0,535000,-454000,81000
2011/07/22,0,366000,-687525,-321525
2011/07/25,0,94000,-90000,4000
2011/07/26,0,351000,-44065,306935
2011/07/27,0,174000,-40000,134000
2011/07/28,0,487000,-200115,286885
2011/07/29,0,272000,-228000,44000
2011/08/01,0,455000,-223000,232000
2011/08/02,0,345000,-398000,-53000
2011/08/03,0,657000,-451000,206000
2011/08/04,0,978000,-761000,217000
2011/08/05,0,1031000,-687000,344000
2011/08/08,0,615000,-854000,-239000
2011/08/09,0,664000,-445000,219000
2011/08/10,0,480000,-62000,418000
2011/08/11,0,352000,-75000,277000
2011/08/12,0,19000,-346000,-327000
2011/08/15,0,79000,-208000,-129000
2011/08/16,0,145000,-72000,73000
2011/08/17,0,316000,-68000,248000
2011/08/18,0,122000,-485000,-363000
2011/08/19,0,171000,-392000,-221000
2011/08/22,0,355000,-562000,-207000
2011/08/23,0,269000,-265522,3478
2011/08/24,0,271000,-72000,199000
2011/08/25,0,210000,-38000,172000
2011/08/26,0,122000,-170000,-48000
2011/08/29,0,169000,-68000,101000
2011/08/30,0,150000,-86000,64000
2011/08/31,0,161000,-51000,110000
2011/09/01,0,529000,-455000,74000
2011/09/02,0,122000,-127000,-5000
2011/09/05,0,122000,-312000,-190000
2011/09/06,0,150000,-1133000,-983000
2011/09/07,0,245000,-388233,-143233
2011/09/08,0,95000,-210000,-115000
2011/09/09,0,209000,-79000,130000
2011/09/12,0,0,0,0
2011/09/13,0,57000,-154000,-97000
2011/09/14,0,368000,-191000,177000
2011/09/15,0,236000,-110000,126000
2011/09/16,0,172000,-157000,15000
2011/09/19,0,224000,-191000,33000
2011/09/20,0,105000,-289000,-184000
2011/09/21,0,128000,-171000,-43000
2011/09/22,0,88000,-52000,36000
2011/09/23,0,608000,-190000,418000
2011/09/26,0,621000,-530000,91000
2011/09/27,0,241000,-510158,-269158
2011/09/28,0,116000,-250000,-134000
2011/09/29,0,135000,-165000,-30000
2011/09/30,0,16000,-410000,-394000
2011/10/03,0,158000,-49000,109000
2011/10/04,0,210000,-208000,2000
2011/10/05,0,137000,-92000,45000
2011/10/06,0,349000,-371745,-22745
2011/10/07,0,74000,-116000,-42000
2011/10/10,0,0,0,0
2011/10/11,0,161000,-206000,-45000
2011/10/12,0,118000,-47000,71000
2011/10/13,0,71000,-122000,-51000
2011/10/14,0,110000,-55000,55000
2011/10/17,0,107000,-127000,-20000
2011/10/18,0,32136,-97000,-64864
2011/10/19,0,50000,-72000,-22000
2011/10/20,0,40000,-29990,10010
2011/10/21,0,205000,-34000,171000
2011/10/24,0,68000,-178000,-110000
2011/10/25,0,16000,-98000,-82000
2011/10/26,0,136000,-22000,114000
2011/10/27,0,141000,-79000,62000
2011/10/28,0,196000,-345000,-149000
2011/10/31,0,23000,-1598,21402
2011/11/01,0,96000,-16000,80000
2011/11/02,0,100000,-84000,16000
2011/11/03,0,50000,-9000,41000
2011/11/04,0,187000,-128000,59000
2011/11/07,0,3000,-32000,-29000
2011/11/08,0,39000,-259000,-220000
2011/11/09,0,233000,-200000,33000
2011/11/10,0,243000,-151000,92000
2011/11/11,0,101000,-54000,47000
2011/11/14,0,198000,-33000,165000
2011/11/15,0,16000,-35000,-19000
2011/11/16,0,19000,-94000,-75000
2011/11/17,0,191000,-128000,63000
2011/11/18,0,180000,-119000,61000
2011/11/21,0,326000,-99000,227000
2011/11/22,0,324000,-65000,259000
2011/11/23,0,250000,-203000,47000
2011/11/24,0,113000,-202000,-89000
2011/11/25,0,137000,-74000,63000
2011/11/28,0,68000,-256000,-188000
2011/11/29,0,110000,-78000,32000
2011/11/30,0,35000,-46000,-11000
2011/12/01,0,134000,-177000,-43000
2011/12/02,0,14000,-23000,-9000
2011/12/05,0,23000,-33000,-10000
2011/12/06,0,44000,-80000,-36000
2011/12/07,0,34000,-106000,-72000
2011/12/08,0,67000,-51000,16000
2011/12/09,0,66000,-52000,14000
2011/12/12,0,7000,-66000,-59000
2011/12/13,0,129000,-157000,-28000
2011/12/14,0,90000,-217000,-127000
2011/12/15,0,105000,-109000,-4000
2011/12/16,0,125000,-54000,71000
2011/12/19,0,115000,-107000,8000
2011/12/20,0,63000,-36000,27000
2011/12/21,0,180000,-69000,111000
2011/12/22,0,38000,-27000,11000
2011/12/23,0,181000,-46395,134605
2011/12/26,0,81000,-51000,30000
2011/12/27,0,107000,-74000,33000
2011/12/28,0,65000,-45000,20000
2011/12/29,0,109000,-48000,61000
2011/12/30,0,18000,-38000,-20000
2012/01/02,0,65000,-60000,5000
2012/01/03,0,88000,-72000,16000
2012/01/04,0,182000,-44000,138000
2012/01/05,0,84000,-62733,21267
2012/01/06,0,55000,-10000,45000
2012/01/09,0,79000,-31000,48000
2012/01/10,0,114000,-66000,48000
2012/01/11,0,150000,-82000,68000
2012/01/12,0,105000,-45000,60000
2012/01/13,0,139000,-225000,-86000
2012/01/16,0,258000,-125984,132016
2012/01/17,0,74000,-151010,-77010
2012/01/18,0,13000,-93000,-80000
2012/01/19,0,0,0,0
2012/01/20,0,0,0,0
2012/01/23,0,0,0,0
2012/01/24,0,0,0,0
2012/01/25,0,0,0,0
2012/01/26,0,0,0,0
2012/01/27,0,0,0,0
2012/01/30,0,109668,-89000,20668
2012/01/31,0,1360000,-129000,1231000
2012/02/01,0,243000,-245000,-2000
2012/02/02,0,323000,-126000,197000
2012/02/03,0,464000,-212000,252000
2012/02/06,0,104000,-103000,1000
2012/02/07,0,84000,-6000,78000
2012/02/08,0,441000,-148000,293000
2012/02/09,0,246000,-216476,29524
2012/02/10,0,136000,-182000,-46000
2012/02/13,0,66000,-14000,52000
2012/02/14,0,15000,-398000,-383000
2012/02/15,0,8000,-255000,-247000
2012/02/16,0,858000,-205000,653000
2012/02/17,0,195000,-108000,87000
2012/02/20,0,69000,-201000,-132000
2012/02/21,0,164000,-342000,-178000
2012/02/22,0,390000,-127000,263000
2012/02/23,0,9000,-166000,-157000
2012/02/24,0,73000,-137000,-64000
2012/02/27,0,0,0,0
2012/02/28,0,0,0,0
2012/02/29,0,101012,-150000,-48988
2012/03/01,0,29000,-321000,-292000
2012/03/02,0,202000,-142000,60000
2012/03/05,0,9000,-272000,-263000
2012/03/06,0,4000,-79000,-75000
2012/03/07,0,148000,-426000,-278000
2012/03/08,0,3000,-112000,-109000
2012/03/09,0,188000,-298000,-110000
2012/03/12,0,186000,-295461,-109461
2012/03/13,0,156000,-140000,16000
2012/03/14,0,241000,-149584,91416
2012/03/15,0,8000,-129000,-121000
2012/03/16,0,106000,-163000,-57000
2012/03/19,0,23000,-275000,-252000
2012/03/20,0,116000,-96000,20000
2012/03/21,0,6000,-53000,-47000
2012/03/22,0,128000,-23000,105000
2012/03/23,0,115000,-61000,54000
2012/03/26,0,48000,-361000,-313000
2012/03/27,0,85000,-136000,-51000
2012/03/28,0,0,-122000,-122000
2012/03/29,0,16000,-419443,-403443
2012/03/30,0,11000,-104000,-93000
2012/04/02,0,8000,-47000,-39000
2012/04/03,0,17000,-61000,-44000
2012/04/04,0,0,0,0
2012/04/05,0,61000,-87000,-26000
2012/04/06,0,74000,-33000,41000
2012/04/09,0,112000,-8000,104000
2012/04/10,0,37000,0,37000
2012/04/11,0,25000,-3000,22000
2012/04/12,0,2000,-18000,-16000
2012/04/13,0,1000,-91000,-90000
2012/04/16,0,20000,-1000,19000
2012/04/17,0,15000,-101000,-86000
2012/04/18,0,152000,-10000,142000
2012/04/19,0,38000,-10000,28000
2012/04/20,0,193000,-1509000,-1316000
2012/04/23,0,89000,-31000,58000
2012/04/24,0,7000,-20000,-13000
2012/04/25,0,7000,-11000,-4000
2012/04/26,0,48000,-63000,-15000
2012/04/27,0,27000,-123828,-96828
2012/04/30,0,119000,-12000,107000
2012/05/01,0,0,0,0
2012/05/02,0,97000,-122000,-25000
2012/05/03,0,125000,-1000,124000
2012/05/04,0,39000,-60000,-21000
2012/05/07,0,24000,-80000,-56000
2012/05/08,0,3000,-73266,-70266
2012/05/09,0,296000,-158637,137363
2012/05/10,0,106000,-39000,67000
2012/05/11,0,201000,-81000,120000
2012/05/14,0,102000,-19000,83000
2012/05/15,0,183000,-93000,90000
2012/05/16,0,366000,-30000,336000
2012/05/17,0,69000,-20000,49000
2012/05/18,0,214000,-22000,192000
2012/05/21,0,118000,-50000,68000
2012/05/22,0,20000,-28000,-8000
2012/05/23,0,134000,-8000,126000
2012/05/24,0,141000,-56000,85000
2012/05/25,0,18000,-26000,-8000
2012/05/28,0,11000,-75000,-64000
2012/05/29,0,142000,-431000,-289000
2012/05/30,0,103000,-139000,-36000
2012/05/31,0,48000,-178000,-130000
2012/06/01,0,56000,-145000,-89000
2012/06/04,0,220000,-205000,15000
2012/06/05,0,212000,-304000,-92000
2012/06/06,0,150000,-104000,46000
2012/06/07,0,0,-169000,-169000
2012/06/08,0,50000,-22000,28000
2012/06/11,0,33000,-159000,-126000
2012/06/12,0,73000,-38000,35000
2012/06/13,0,63000,-54000,9000
2012/06/14,0,15000,-42000,-27000
2012/06/15,0,22000,-133000,-111000
2012/06/18,0,54000,-99000,-45000
2012/06/19,0,110000,-26000,84000
2012/06/20,0,14000,-177000,-163000
2012/06/21,0,149000,-29000,120000
2012/06/22,0,85000,-75000,10000
2012/06/25,0,117000,-149000,-32000
2012/06/26,0,30000,-38000,-8000
2012/06/27,0,197000,-245000,-48000
2012/06/28,0,219000,-14000,205000
2012/06/29,0,144000,-190000,-46000
2012/07/02,0,82000,-90000,-8000
2012/07/03,0,139000,-13000,126000
2012/07/04,0,0,-30000,-30000
2012/07/05,0,33000,-33000,0
2012/07/06,0,59000,-28000,31000
2012/07/09,0,86000,-4000,82000
2012/07/10,0,76000,-48000,28000
2012/07/11,0,50000,0,50000
2012/07/12,0,37000,-11000,26000
2012/07/13,0,88000,-2000,86000
2012/07/16,0,40000,-58648,-18648
2012/07/17,0,82000,0,82000
2012/07/18,0,208000,-209000,-1000
2012/07/19,0,11000,-80000,-69000
2012/07/20,0,158000,-4000,154000
2012/07/23,0,210000,-24000,186000
2012/07/24,0,608000,-10000,598000
2012/07/25,0,109000,-541000,-432000
2012/07/26,0,33000,-239000,-206000
2012/07/27,0,12000,-9000,3000
2012/07/30,0,7000,-69000,-62000
2012/07/31,0,18000,-18000,0
2012/08/01,0,2000,-12000,-10000
2012/08/02,0,0,0,0
2012/08/03,0,393000,-56000,337000
2012/08/06,0,90000,-61000,29000
2012/08/07,0,9000,-5000,4000
2012/08/08,0,1000,-12000,-11000
2012/08/09,0,64000,-124000,-60000
2012/08/10,0,80000,-43000,37000
2012/08/13,0,36000,-25000,11000
2012/08/14,0,32000,-44000,-12000
2012/08/15,0,20000,-265000,-245000
2012/08/16,0,69000,-5000,64000
2012/08/17,0,114000,-17000,97000
2012/08/20,0,31000,-36000,-5000
2012/08/21,0,7000,-63000,-56000
2012/08/22,0,147000,-74000,73000
2012/08/23,0,51000,-2000,49000
2012/08/24,0,11000,-41000,-30000
2012/08/27,0,0,-76000,-76000
2012/08/28,0,0,-72000,-72000
2012/08/29,0,0,0,0
2012/08/30,0,11000,-110000,-99000
2012/08/31,0,15000,-9000,6000
2012/09/03,0,20000,-26000,-6000
2012/09/04,0,5000,-105000,-100000
2012/09/05,0,3000,-29000,-26000
2012/09/06,0,1000,-27000,-26000
2012/09/07,0,4000,-43000,-39000
2012/09/10,0,39000,-49000,-10000
2012/09/11,0,49000,-29000,20000
2012/09/12,0,12000,0,12000
2012/09/13,0,4000,-141000,-137000
2012/09/14,0,9000,-8000,1000
2012/09/17,0,36000,-150000,-114000
2012/09/18,0,68000,0,68000
2012/09/19,0,68000,-9000,59000
2012/09/20,0,4000,-6000,-2000
2012/09/21,0,9000,-16000,-7000
2012/09/24,0,0,-87000,-87000
2012/09/25,0,6000,-3000,3000
2012/09/26,0,6000,-70000,-64000
2012/09/27,0,4000,-7000,-3000
2012/09/28,0,20000,-21000,-1000
2012/10/01,0,0,-58000,-58000
2012/10/02,0,1000,-15000,-14000
2012/10/03,0,9000,-30000,-21000
2012/10/04,0,0,-17000,-17000
2012/10/05,0,30000,-30000,0
2012/10/08,0,5000,-103000,-98000
2012/10/09,0,34000,-36000,-2000
2012/10/10,0,0,0,0
2012/10/11,0,156000,-9904,146096
2012/10/12,0,2000,-72000,-70000
2012/10/15,0,63000,-37000,26000
2012/10/16,0,50000,-152000,-102000
2012/10/17,0,5000,-47000,-42000
2012/10/18,0,27000,-2000,25000
2012/10/19,0,100000,-30000,70000
2012/10/22,0,0,-147000,-147000
2012/10/23,0,14000,-13000,1000
2012/10/24,0,109000,0,109000
2012/10/25,0,54000,-16000,38000
2012/10/26,0,10000,-12000,-2000
2012/10/29,0,126000,-6000,120000
2012/10/30,0,42000,-27000,15000
2012/10/31,0,3000,0,3000
2012/11/01,0,176000,-14000,162000
2012/11/02,0,102000,-59000,43000
2012/11/05,0,114000,-71000,43000
2012/11/06,0,123000,-22000,101000
2012/11/07,0,27000,-23000,4000
2012/11/08,0,3000,-227000,-224000
2012/11/09,0,22000,-50000,-28000
2012/11/12,0,0,-50000,-50000
2012/11/13,0,51000,-45000,6000
2012/11/14,0,9000,-47000,-38000
2012/11/15,0,46000,-1000,45000
2012/11/16,0,0,-22000,-22000
2012/11/19,0,37000,-104000,-67000
2012/11/20,0,0,-100000,-100000
2012/11/21,0,42000,-16000,26000
2012/11/22,0,285000,-50000,235000
2012/11/23,0,47000,-3000,44000
2012/11/26,0,4000,-5000,-1000
2012/11/27,0,274000,-12000,262000
2012/11/28,0,91000,-12000,79000
2012/11/29,0,374000,-63000,311000
2012/11/30,0,524000,-87000,437000
2012/12/03,0,21000,-3000,18000
2012/12/04,0,259000,-137000,122000
2012/12/05,0,37000,-1000,36000
2012/12/06,0,19000,-358000,-339000
2012/12/07,0,7000,0,7000
2012/12/10,0,0,-10000,-10000
2012/12/11,0,83000,-90000,-7000
2012/12/12,0,119000,0,119000
2012/12/13,0,109000,-3000,106000
2012/12/14,0,5000,-36000,-31000
2012/12/17,0,0,-21000,-21000
2012/12/18,0,7000,-35000,-28000
2012/12/19,0,2000,-56947,-54947
2012/12/20,0,4000,-56000,-52000
2012/12/21,0,3000,-22000,-19000
2012/12/24,0,0,-10064,-10064
2012/12/25,0,9000,-13000,-4000
2012/12/26,0,0,0,0
2012/12/27,0,0,-48000,-48000
2012/12/28,0,0,-1000,-1000
2012/12/31,0,0,0,0
2013/01/01,0,0,0,0
2013/01/02,0,182000,-10000,172000
2013/01/03,0,250000,-77000,173000
2013/01/04,0,240000,-45000,195000
2013/01/07,0,90000,-1000,89000
2013/01/08,0,45000,-201000,-156000
2013/01/09,0,25000,-112000,-87000
2013/01/10,0,184000,-166000,18000
2013/01/11,0,521000,-61000,460000
2013/01/14,0,605000,-154000,451000
2013/01/15,0,354000,-1206000,-852000
2013/01/16,0,176000,-350000,-174000
2013/01/17,0,202000,-334000,-132000
2013/01/18,0,45000,-203000,-158000
2013/01/21,0,81000,-45000,36000
2013/01/22,0,532000,-119000,413000
2013/01/23,0,767000,-142000,625000
2013/01/24,0,80000,-250000,-170000
2013/01/25,0,346000,-50000,296000
2013/01/28,0,172000,-9000,163000
2013/01/29,0,691000,-249000,442000
2013/01/30,0,254000,-380000,-126000
2013/01/31,0,77000,-839240,-762240
2013/02/01,0,22000,-394000,-372000
2013/02/04,0,18000,-146000,-128000
2013/02/05,0,0,-56000,-56000
2013/02/06,0,150000,-177000,-27000
2013/02/07,0,0,0,0
2013/02/08,0,0,0,0
2013/02/11,0,0,0,0
2013/02/12,0,0,0,0
2013/02/13,0,0,0,0
2013/02/14,0,0,0,0
2013/02/15,0,0,0,0
2013/02/18,0,51000,-331000,-280000
2013/02/19,0,31000,-93000,-62000
2013/02/20,0,236000,-285000,-49000
2013/02/21,0,17000,-365000,-348000
2013/02/22,0,39000,-26000,13000
2013/02/25,0,7000,-84000,-77000
2013/02/26,0,41000,-57000,-16000
2013/02/27,0,9000,-38000,-29000
2013/02/28,0,0,0,0
2013/03/01,0,100000,-36000,64000
2013/03/04,0,62000,-120365,-58365
2013/03/05,0,84000,-167000,-83000
2013/03/06,0,187000,-60000,127000
2013/03/07,0,94000,-70000,24000
2013/03/08,0,30000,-136000,-106000
2013/03/11,0,81000,-192000,-111000
2013/03/12,0,8000,-46000,-38000
2013/03/13,0,30000,-166000,-136000
2013/03/14,0,71000,-102000,-31000
2013/03/15,0,20000,-121000,-101000
2013/03/18,0,21000,-131000,-110000
2013/03/19,0,8000,-88203,-80203
2013/03/20,0,41000,-28000,13000
2013/03/21,0,55000,-43000,12000
2013/03/22,0,0,-91000,-91000
2013/03/25,0,3000,-7000,-4000
2013/03/26,0,26000,-5000,21000
2013/03/27,0,29000,-32000,-3000
2013/03/28,0,47000,-16000,31000
2013/03/29,0,23000,-18000,5000
2013/04/01,0,14000,-39000,-25000
2013/04/02,0,15000,-28000,-13000
2013/04/03,0,15000,-2000,13000
2013/04/04,0,0,0,0
2013/04/05,0,0,0,0
2013/04/08,0,26000,-27000,-1000
2013/04/09,0,338000,-32000,306000
2013/04/10,0,62000,-16000,46000
2013/04/11,0,314000,-429000,-115000
2013/04/12,0,92000,-38000,54000
2013/04/15,0,350000,-16000,334000
2013/04/16,0,26000,-17000,9000
2013/04/17,0,58000,-34000,24000
2013/04/18,0,79000,-28000,51000
2013/04/19,0,105000,-29000,76000
2013/04/22,0,157000,-104000,53000
2013/04/23,0,81000,-468000,-387000
2013/04/24,0,246000,-79000,167000
2013/04/25,0,18000,-68000,-50000
2013/04/26,0,77000,-40000,37000
2013/04/29,0,377000,-84000,293000
2013/04/30,0,149000,-150000,-1000
2013/05/01,0,0,0,0
2013/05/02,0,173000,-161000,12000
2013/05/03,0,143000,-121000,22000
2013/05/06,0,117000,-101000,16000
2013/05/07,0,82000,-370000,-288000
2013/05/08,0,52000,-152000,-100000
2013/05/09,0,866000,-50000,816000
2013/05/10,0,97000,-145000,-48000
2013/05/13,0,35000,-59000,-24000
2013/05/14,0,52000,-325000,-273000
2013/05/15,0,64000,-79000,-15000
2013/05/16,0,157000,-1401000,-1244000
2013/05/17,0,1038000,-86000,952000
2013/05/20,0,577000,-118000,459000
2013/05/21,0,339000,-156000,183000
2013/05/22,0,116000,-150000,-34000
2013/05/23,0,111000,-241000,-130000
2013/05/24,0,64000,-224000,-160000
2013/05/27,0,387000,-306000,81000
2013/05/28,0,78000,-256000,-178000
2013/05/29,0,877000,-66000,811000
2013/05/30,0,76000,-251888,-175888
2013/05/31,0,7000,-160000,-153000
2013/06/03,0,78000,-192000,-114000
2013/06/04,0,103000,-77000,26000
2013/06/05,0,1773000,-147000,1626000
2013/06/06,0,76000,-935000,-859000
2013/06/07,0,20000,-432000,-412000
2013/06/10,0,68000,-52000,16000
2013/06/11,0,266000,-77000,189000
2013/06/12,0,0,0,0
2013/06/13,0,92000,-331000,-239000
2013/06/14,0,143000,-252000,-109000
2013/06/17,0,89000,-68000,21000
2013/06/18,0,127000,-10000,117000
2013/06/19,0,42000,-818000,-776000
2013/06/20,0,305000,-748000,-443000
2013/06/21,0,770000,-142000,628000
2013/06/24,0,336000,-138047,197953
2013/06/25,0,148000,-892000,-744000
2013/06/26,0,150000,-74000,76000
2013/06/27,0,145000,-57000,88000
2013/06/28,0,65000,-80000,-15000
2013/07/01,0,145000,-27000,118000
2013/07/02,0,67000,-47000,20000
2013/07/03,0,84000,-317000,-233000
2013/07/04,0,314000,-91000,223000
2013/07/05,0,315000,-144000,171000
2013/07/08,0,39000,-126000,-87000
2013/07/09,0,468000,-37000,431000
2013/07/10,0,44000,-173000,-129000
2013/07/11,0,156000,-37000,119000
2013/07/12,0,237000,-112000,125000
2013/07/15,0,175000,-98000,77000
2013/07/16,0,356000,-72000,284000
2013/07/17,0,27000,-175000,-148000
2013/07/18,0,556000,-89000,467000
2013/07/19,0,145000,-317000,-172000
2013/07/22,0,50000,-54000,-4000
2013/07/23,0,3433000,-75000,3358000
2013/07/24,0,1293000,-870000,423000
2013/07/25,0,768000,-1717000,-949000
2013/07/26,0,359000,-1323000,-964000
2013/07/29,0,81000,-114000,-33000
2013/07/30,0,119000,-869000,-750000
2013/07/31,0,25000,-134000,-109000
2013/08/01,0,202000,-467000,-265000
2013/08/02,0,1042000,-310000,732000
2013/08/05,0,1280000,-891000,389000
2013/08/06,0,528000,-829000,-301000
2013/08/07,0,698000,-722000,-24000
2013/08/08,0,2624000,-543000,2081000
2013/08/09,0,260000,-1415000,-1155000
2013/08/12,0,2253000,-173000,2080000
2013/08/13,0,143000,-1423000,-1280000
2013/08/14,0,288000,-489000,-201000
2013/08/15,0,2189000,-869000,1320000
2013/08/16,0,1304000,-2196000,-892000
2013/08/19,0,1409000,-1539000,-130000
2013/08/20,0,194000,-1144000,-950000
2013/08/21,0,0,0,0
2013/08/22,0,1830000,-900000,930000
2013/08/23,0,774000,-1156000,-382000
2013/08/26,0,295000,-583000,-288000
2013/08/27,0,668000,-157000,511000
2013/08/28,0,412000,-617000,-205000
2013/08/29,0,1294000,-348000,946000
2013/08/30,0,712000,-745000,-33000
2013/09/02,0,853000,-410000,443000
2013/09/03,0,171000,-744000,-573000
2013/09/04,0,1137000,-708000,429000
2013/09/05,0,3612000,-604000,3008000
2013/09/06,0,659000,-1574000,-915000
2013/09/09,0,326000,-945000,-619000
2013/09/10,0,571000,-660000,-89000
2013/09/11,0,268000,-548000,-280000
2013/09/12,0,423000,-212000,211000
2013/09/13,0,779000,-204000,575000
2013/09/16,0,149000,-288000,-139000
2013/09/17,0,133000,-932000,-799000
2013/09/18,0,418000,-558000,-140000
2013/09/19,0,0,0,0
2013/09/20,0,0,0,0
2013/09/23,0,79000,-646000,-567000
2013/09/24,0,465000,-594000,-129000
2013/09/25,0,106000,-194000,-88000
2013/09/26,0,186000,-900000,-714000
2013/09/27,0,159000,-133000,26000
2013/09/30,0,1234000,-172000,1062000
2013/10/01,0,392000,-331000,61000
2013/10/02,0,68000,-205000,-137000
2013/10/03,0,1617000,-381000,1236000
2013/10/04,0,174000,-617000,-443000
2013/10/07,0,133000,-206000,-73000
2013/10/08,0,254000,-263000,-9000
2013/10/09,0,289000,-477000,-188000
2013/10/10,0,0,0,0
2013/10/11,0,107000,-440000,-333000
2013/10/14,0,150000,-764000,-614000
2013/10/15,0,1146000,-263000,883000
2013/10/16,0,220000,-555000,-335000
2013/10/17,0,88000,-627000,-539000
2013/10/18,0,86000,-243000,-157000
2013/10/21,0,124000,-143000,-19000
2013/10/22,0,1100000,-186000,914000
2013/10/23,0,1032000,-736000,296000
2013/10/24,0,242000,-439000,-197000
2013/10/25,0,102000,-395000,-293000
2013/10/28,0,185000,-284000,-99000
2013/10/29,0,142000,-324000,-182000
2013/10/30,0,108000,-205000,-97000
2013/10/31,0,208000,-423000,-215000
2013/11/01,0,79000,-1036845,-957845
2013/11/04,0,349000,-870000,-521000
2013/11/05,0,325000,-614000,-289000
2013/11/06,0,158000,-308000,-150000
2013/11/07,0,183000,-220000,-37000
2013/11/08,0,97000,-751000,-654000
2013/11/11,0,86000,-41000,45000
2013/11/12,0,106000,-72000,34000
2013/11/13,0,507000,-96000,411000
2013/11/14,0,236000,-185000,51000
2013/11/15,0,548000,-351000,197000
2013/11/18,0,303000,-729000,-426000
2013/11/19,0,163000,-577000,-414000
2013/11/20,0,205000,-236000,-31000
2013/11/21,0,130000,-248000,-118000
2013/11/22,0,77000,-261000,-184000
2013/11/25,0,335000,-127000,208000
2013/11/26,0,1382000,-329000,1053000
2013/11/27,0,361000,-554000,-193000
2013/11/28,0,377000,-75000,302000
2013/11/29,0,1423000,-516000,907000
2013/12/02,0,279000,-259000,20000
2013/12/03,0,229000,-436000,-207000
2013/12/04,0,193000,-296000,-103000
2013/12/05,0,523000,-829000,-306000
2013/12/06,0,467000,-298000,169000
2013/12/09,0,558000,-429000,129000
2013/12/10,0,128000,-515000,-387000
2013/12/11,0,121000,-242000,-121000
2013/12/12,0,75000,-73000,2000
2013/12/13,0,120000,-86000,34000
2013/12/16,0,55000,-127000,-72000
2013/12/17,0,43000,-182000,-139000
2013/12/18,0,81000,-237000,-156000
2013/12/19,0,70000,-25000,45000
2013/12/20,0,47000,-66000,-19000
2013/12/23,0,97000,-835000,-738000
2013/12/24,0,27000,-66000,-39000
2013/12/25,0,28000,-284000,-256000
2013/12/26,0,457000,-52000,405000
2013/12/27,0,633000,-469000,164000
2013/12/30,0,259000,-63000,196000
2013/12/31,0,3387000,-689000,2698000
2014/01/02,0,576000,-2513000,-1937000
2014/01/03,0,329000,-853000,-524000
2014/01/06,0,2062000,-437000,1625000
2014/01/07,0,972000,-1312000,-340000
2014/01/08,0,473000,-942000,-469000
2014/01/09,0,110000,-461000,-351000
2014/01/10,0,187000,-300000,-113000
2014/01/13,0,100000,-230000,-130000
2014/01/14,0,5374000,-299000,5075000
2014/01/15,0,1159000,-5384000,-4225000
2014/01/16,0,969000,-704000,265000
2014/01/17,0,1433000,-917000,516000
2014/01/20,0,669000,-1533000,-864000
2014/01/21,0,1879000,-1281000,598000
2014/01/22,0,340000,-405000,-65000
2014/01/23,0,299000,-1049000,-750000
2014/01/24,0,404000,-257000,147000
2014/01/27,0,198000,-739000,-541000
2014/02/05,0,623000,-763000,-140000
2014/02/06,0,257000,-246000,11000
2014/02/07,0,820000,-344000,476000
2014/02/10,0,170000,-218000,-48000
2014/02/11,0,62000,-403000,-341000
2014/02/12,0,165000,-244000,-79000
2014/02/13,0,88000,-479000,-391000
2014/02/14,0,228000,-82000,146000
2014/02/17,0,1096000,-79000,1017000
2014/02/18,0,153000,-959000,-806000
2014/02/19,0,84000,-643000,-559000
2014/02/20,0,13000,-231000,-218000
2014/02/21,0,196000,-83000,113000
2014/02/24,0,50000,-70000,-20000
2014/02/25,0,2241000,-64000,2177000
2014/02/26,0,67000,-396000,-329000
2014/02/27,0,1374000,-275000,1099000
2014/03/03,0,146000,-152000,-6000
2014/03/04,0,159000,-150000,9000
2014/03/05,0,52000,-311000,-259000
2014/03/06,0,2145000,-176000,1969000
2014/03/07,0,104000,-1065000,-961000
2014/03/10,0,169000,-282000,-113000
2014/03/11,0,309000,-177000,132000
2014/03/12,0,59000,-353000,-294000
2014/03/13,0,281000,-100000,181000
2014/03/14,0,145000,-254000,-109000
2014/03/17,0,261000,-283000,-22000
2014/03/18,0,383000,-132000,251000
2014/03/19,0,248000,-664000,-416000
2014/03/20,0,76000,-736000,-660000
2014/03/21,0,244000,-184000,60000
2014/03/24,0,241000,-103000,138000
2014/03/25,0,207000,-48000,159000
2014/03/26,0,37000,-559000,-522000
2014/03/27,0,62000,-241000,-179000
2014/03/28,0,92000,-589000,-497000
2014/03/31,0,215000,-155000,60000
2014/04/01,0,379000,-276000,103000
2014/04/02,0,342000,-2281000,-1939000
2014/04/03,0,154000,-519000,-365000
2014/04/07,0,234000,-76000,158000
2014/04/08,0,311000,-344000,-33000
2014/04/09,0,174000,-94000,80000
2014/04/10,0,129000,-323000,-194000
2014/04/11,0,77000,-120000,-43000
2014/04/14,0,305000,-184000,121000
2014/04/15,0,58000,-308000,-250000
2014/04/16,0,128000,-309000,-181000
2014/04/17,0,79000,-158000,-79000
2014/04/18,0,93000,-66000,27000
2014/04/21,0,17000,-203000,-186000
2014/04/22,0,113000,-197000,-84000
2014/04/23,0,1315000,-100000,1215000
2014/04/24,0,344000,-1188000,-844000
2014/04/25,0,113000,-569889,-456889
2014/04/28,0,73000,-97000,-24000
2014/04/29,0,172000,-176000,-4000
2014/04/30,0,530000,-110000,420000
2014/05/02,0,37000,-429000,-392000
2014/05/05,0,1064000,-71000,993000
2014/05/06,0,70000,-1121000,-1051000
2014/05/07,0,73000,-286808,-213808
2014/05/08,0,957000,-81000,876000
2014/05/09,0,310000,-935000,-625000
2014/05/12,0,62000,-284000,-222000
2014/05/13,0,67000,-238000,-171000
2014/05/14,0,118000,-191000,-73000
2014/05/15,0,621000,-34000,587000
2014/05/16,0,372000,-627000,-255000
2014/05/19,0,54000,-99000,-45000
2014/05/20,0,94000,-284000,-190000
2014/05/21,0,169000,-249000,-80000
2014/05/22,0,57000,-365000,-308000
2014/05/23,0,52000,-152000,-100000
2014/05/26,0,761000,-70000,691000
2014/05/27,0,4906000,-392000,4514000
2014/05/28,0,266000,-3771000,-3505000
2014/05/29,0,297000,-498000,-201000
2014/05/30,0,68000,-617000,-549000
2014/06/03,0,103000,-151000,-48000
2014/06/04,0,92000,-101000,-9000
2014/06/05,0,899000,-177000,722000
2014/06/06,0,234000,-686000,-452000
2014/06/09,0,106000,-262000,-156000
2014/06/10,0,108000,-268000,-160000
2014/06/11,0,550000,-151000,399000
2014/06/12,0,145000,-387000,-242000
2014/06/13,0,4102000,-263000,3839000
2014/06/16,0,273000,-3323000,-3050000
2014/06/17,0,56000,-593000,-537000
2014/06/18,0,634000,-458000,176000
2014/06/19,0,70000,-510000,-440000
2014/06/20,0,102000,-251000,-149000
2014/06/23,0,70000,-840000,-770000
2014/06/24,0,57000,-49000,8000
2014/06/25,0,14000,-54000,-40000
2014/06/26,0,93000,-45000,48000
2014/06/27,0,75000,-104000,-29000
2014/06/30,0,155000,-63140,91860
2014/07/01,0,189000,-92000,97000
2014/07/02,0,162000,-178000,-16000
2014/07/03,0,377000,-72000,305000
2014/07/04,0,1858000,-210000,1648000
2014/07/07,0,2330000,-565000,1765000
2014/07/08,0,294000,-1332000,-1038000
2014/07/09,0,419000,-1825000,-1406000
2014/07/10,0,210000,-1131000,-921000
2014/07/11,0,121000,-667000,-546000
2014/07/14,0,105000,-193000,-88000
2014/07/15,0,28000,-91000,-63000
2014/07/16,0,161000,-329000,-168000
2014/07/17,0,309000,-69000,240000
2014/07/18,0,211000,-181000,30000
2014/07/21,0,122000,-246000,-124000
2014/07/22,0,11000,-69000,-58000
2014/07/23,0,0,0,0
2014/07/24,0,619000,-21000,598000
2014/07/25,0,59000,-545000,-486000
2014/07/28,0,112000,-90000,22000
2014/07/29,0,887000,-183000,704000
2014/07/30,0,44000,-468000,-424000
2014/07/31,0,57000,-193000,-136000
2014/08/01,0,25000,-137000,-112000
2014/08/04,0,93000,-172000,-79000
2014/08/05,0,47000,-242000,-195000
2014/08/06,0,43000,-326000,-283000
2014/08/07,0,13000,-92000,-79000
2014/08/08,0,34000,-94000,-60000
2014/08/11,0,54000,-6000,48000
2014/08/12,0,1000,-89000,-88000
2014/08/13,0,3000,-28000,-25000
2014/08/14,0,271000,-843000,-572000
2014/08/15,0,174000,-193000,-19000
2014/08/18,0,22000,-36000,-14000
2014/08/19,0,10000,-91000,-81000
2014/08/20,0,83000,-265000,-182000
2014/08/21,0,6000,-19000,-13000
2014/08/22,0,26000,-47000,-21000
2014/08/25,0,132000,-19000,113000
2014/08/26,0,147000,-10000,137000
2014/08/27,0,41000,-53000,-12000
2014/08/28,0,43000,-48000,-5000
2014/08/29,0,201000,-41000,160000
2014/09/01,0,41000,-3000,38000
2014/09/02,0,224000,-58000,166000
2014/09/03,0,605000,-66000,539000
2014/09/04,0,37000,-394000,-357000
2014/09/05,0,42000,-87000,-45000
2014/09/09,0,77000,-205000,-128000
2014/09/10,0,176000,-60000,116000
2014/09/11,0,97000,-32000,65000
2014/09/12,0,78000,-143000,-65000
2014/09/15,0,17000,-63000,-46000
2014/09/16,0,86000,-34000,52000
2014/09/17,0,58000,-268000,-210000
2014/09/18,0,51000,-28000,23000
2014/09/19,0,118000,-87980,30020
2014/09/22,0,41000,-121000,-80000
2014/09/23,0,136000,-5000,131000
2014/09/24,0,78000,-42000,36000
2014/09/25,0,180000,-132000,48000
2014/09/26,0,55000,-43000,12000
2014/09/29,0,63000,-29000,34000
2014/09/30,0,105000,-254000,-149000
2014/10/01,0,27000,-41000,-14000
2014/10/02,0,78000,-54000,24000
2014/10/03,0,63000,-54000,9000
2014/10/06,0,48000,-48000,0
2014/10/07,0,75000,-34000,41000
2014/10/08,0,304000,-67000,237000
2014/10/09,0,55000,-64000,-9000
2014/10/13,0,149000,-74000,75000
2014/10/14,0,71000,-49000,22000
2014/10/15,0,123000,-263000,-140000
2014/10/16,0,197000,-116000,81000
2014/10/17,0,339000,-131000,208000
2014/10/20,0,59000,-150000,-91000
2014/10/21,0,70000,-43000,27000
2014/10/22,0,35000,-47000,-12000
2014/10/23,0,84000,-40897,43103
2014/10/24,0,160000,-33000,127000
2014/10/27,0,66000,-44000,22000
2014/10/28,0,127000,-34000,93000
2014/10/29,0,86000,-117000,-31000
2014/10/30,0,173000,-65000,108000
2014/10/31,0,73000,-132000,-59000
2014/11/03,0,392000,-178000,214000
2014/11/04,0,80000,-325000,-245000
2014/11/05,0,114000,-53000,61000
2014/11/06,0,123000,-28000,95000
2014/11/07,0,34000,-118000,-84000
2014/11/10,0,379000,-95000,284000
2014/11/11,0,47000,-355000,-308000
2014/11/12,0,66000,-31000,35000
2014/11/13,0,37000,-108000,-71000
2014/11/14,0,126000,-163000,-37000
2014/11/17,0,34000,-218000,-184000
2014/11/18,0,50000,-68000,-18000
2014/11/19,0,205000,-40000,165000
2014/11/20,0,359000,-130000,229000
2014/11/21,0,225000,-104000,121000
2014/11/24,0,42000,-47000,-5000
2014/11/25,0,151000,-135000,16000
2014/11/26,0,40000,-134000,-94000
2014/11/27,0,44000,-164000,-120000
2014/11/28,0,23000,0,23000
2014/12/01,0,73000,-25000,48000
2014/12/02,0,29000,-37000,-8000
2014/12/03,0,150000,-146000,4000
2014/12/04,0,32000,-230000,-198000
2014/12/05,0,110000,-103000,7000
2014/12/08,0,438000,-99000,339000
2014/12/09,0,34000,-140000,-106000
2014/12/10,0,14000,-636000,-622000
2014/12/11,0,168000,-67000,101000
2014/12/12,0,80000,-75000,5000
2014/12/15,0,74000,-30000,44000
2014/12/16,0,64000,-57000,7000
2014/12/17,0,101000,-110000,-9000
2014/12/18,0,66000,-22452,43548
2014/12/19,0,58000,-184000,-126000
2014/12/22,0,17000,-5596,11404
2014/12/23,0,195000,-71000,124000
2014/12/24,0,40000,-57000,-17000
2014/12/25,0,4000,-23000,-19000
2014/12/26,0,10000,-3000,7000
2014/12/29,0,10000,-156000,-146000
2014/12/30,0,37000,-107000,-70000
2014/12/31,0,27000,-52000,-25000
2015/01/01,0,0,0,0
2015/01/02,0,0,0,0
2015/01/05,0,58000,-52000,6000
2015/01/06,0,6000,-44000,-38000
2015/01/07,0,9000,-5000,4000
2015/01/08,0,69000,-11000,58000
2015/01/09,0,57000,-8000,49000
2015/01/12,0,197000,-51000,146000
2015/01/13,0,38000,-202000,-164000
2015/01/14,0,3000,-53000,-50000
2015/01/15,0,228000,-3000,225000
2015/01/16,0,17000,-108000,-91000
2015/01/19,0,12000,-55000,-43000
2015/01/20,0,14000,-38000,-24000
2015/01/21,0,1000,-165000,-164000
2015/01/22,0,117000,-51000,66000
2015/01/23,0,58000,-92000,-34000
2015/01/26,0,26000,-116000,-90000
2015/01/27,0,1000,-32000,-31000
2015/01/28,0,2000,-53000,-51000
2015/01/29,0,3000,-36000,-33000
2015/01/30,0,13000,-15000,-2000
2015/02/02,0,11000,-51000,-40000
2015/02/03,0,0,-46000,-46000
2015/02/04,0,0,-71050,-71050
2015/02/05,0,10000,-20000,-10000
2015/02/06,0,0,-113000,-113000
2015/02/09,0,0,-1000,-1000
2015/02/10,0,13000,-16000,-3000
2015/02/11,0,1000,-2000,-1000
2015/02/12,0,0,0,0
2015/02/13,0,6000,-49000,-43000
2015/02/16,0,0,0,0
2015/02/17,0,0,0,0
2015/02/18,0,0,0,0
2015/02/19,0,0,0,0
2015/02/20,0,0,0,0
2015/02/23,0,0,0,0
2015/02/24,0,2000,-61000,-59000
2015/02/25,0,12000,-32000,-20000
2015/02/26,0,5000,-12043,-7043
2015/02/27,0,0,0,0
2015/03/02,0,22000,-2000,20000
2015/03/03,0,21000,-10000,11000
2015/03/04,0,22000,-20000,2000
2015/03/05,0,92000,-22074,69926
2015/03/06,0,22000,-33000,-11000
2015/03/09,0,32000,-11334,20666
2015/03/10,0,43000,-31000,12000
2015/03/11,0,42000,-6000,36000
2015/03/12,0,55000,-35000,20000
2015/03/13,0,52000,-20000,32000
2015/03/16,0,36000,-11000,25000
2015/03/17,0,24000,-50075,-26075
2015/03/18,0,93000,-36000,57000
2015/03/19,0,22000,-74000,-52000
2015/03/20,0,23000,-34000,-11000
2015/03/23,0,23000,-34000,-11000
2015/03/24,0,23000,-20000,3000
2015/03/25,0,34000,0,34000
2015/03/26,0,41000,-42000,-1000
2015/03/27,0,34000,-6000,28000
2015/03/30,0,27000,0,27000
2015/03/31,0,82000,-96668,-14668
2015/04/01,0,35000,-3000,32000
2015/04/02,0,78000,0,78000
2015/04/03,0,0,0,0
2015/04/06,0,0,0,0
2015/04/07,0,54000,0,54000
2015/04/08,0,24000,-3000,21000
2015/04/09,0,54000,-5000,49000
2015/04/10,0,24000,-10000,14000
2015/04/13,0,25000,0,25000
2015/04/14,0,23000,0,23000
2015/04/15,0,57000,-66000,-9000
2015/04/16,0,25000,-84000,-59000
2015/04/17,0,34000,-5000,29000
2015/04/20,0,48000,-5000,43000
2015/04/21,0,36000,-21000,15000
2015/04/22,0,388000,0,388000
2015/04/23,0,104000,-26000,78000
2015/04/24,0,65000,-10000,55000
2015/04/27,0,350000,-74000,276000
2015/04/28,0,38000,-94000,-56000
2015/04/29,0,140000,-319649,-179649
2015/04/30,0,30000,-70000,-40000
2015/05/01,0,0,0,0
2015/05/04,0,22000,-101833,-79833
2015/05/05,0,23000,-10000,13000
2015/05/06,0,37000,-10000,27000
2015/05/07,0,24000,-4000,20000
2015/05/08,0,25000,0,25000
2015/05/11,0,51000,-24000,27000
2015/05/12,0,72000,0,72000
2015/05/13,0,43000,-101000,-58000
2015/05/14,0,63000,-7000,56000
2015/05/15,0,74000,-43000,31000
2015/05/18,0,124000,-10000,114000
2015/05/19,0,70000,-64000,6000
2015/05/20,0,321000,-55000,266000
2015/05/21,0,59000,-50000,9000
2015/05/22,0,30000,-7000,23000
2015/05/25,0,38000,0,38000
2015/05/26,0,34000,0,34000
2015/05/27,0,40000,-4000,36000
2015/05/28,0,22000,-12000,10000
2015/05/29,0,22000,-53000,-31000
2015/06/01,0,79000,-95000,-16000
2015/06/02,0,21000,-89000,-68000
2015/06/03,0,121000,-18000,103000
2015/06/04,0,73000,-8000,65000
2015/06/05,0,121000,-75000,46000
2015/06/08,0,44000,0,44000
2015/06/09,0,104000,-50000,54000
2015/06/10,0,74000,-30000,44000
2015/06/11,0,262000,-20000,242000
2015/06/12,0,452000,-115000,337000
2015/06/15,0,234000,0,234000
2015/06/16,0,254000,0,254000
2015/06/17,0,281000,-63000,218000
2015/06/18,0,293000,-10000,283000
2015/06/19,0,0,0,0
2015/06/22,0,234000,-20000,214000
2015/06/23,0,287000,-338000,-51000
2015/06/24,0,256000,0,256000
2015/06/25,0,247000,-50000,197000
2015/06/26,0,441000,-26000,415000
2015/06/29,0,104000,-8000,96000
2015/06/30,0,10000,-7000,3000
2015/07/01,0,292000,-6000,286000
2015/07/02,0,167000,-78000,89000
2015/07/03,0,147000,-4000,143000
2015/07/06,0,21000,-1000,20000
2015/07/07,0,24000,0,24000
2015/07/08,0,215000,-40000,175000
2015/07/09,0,476000,-191000,285000
2015/07/10,0,0,0,0
2015/07/13,0,266000,-22000,244000
2015/07/14,0,234000,-12000,222000
2015/07/15,0,45000,-1000,44000
2015/07/16,0,43000,-54000,-11000
2015/07/17,0,86000,0,86000
2015/07/20,0,113000,-27000,86000
2015/07/21,0,284000,0,284000
2015/07/22,0,144000,0,144000
2015/07/23,0,149000,0,149000
2015/07/24,0,157000,-25000,132000
2015/07/27,0,386000,0,386000
2015/07/28,0,327000,0,327000
2015/07/29,0,296000,-10000,286000
2015/07/30,0,76000,-260000,-184000
2015/07/31,0,74000,-50000,24000
2015/08/03,0,66000,-132000,-66000
2015/08/04,0,211000,-28000,183000
2015/08/05,0,110000,0,110000
2015/08/06,0,190000,-8000,182000
2015/08/07,0,55000,-6000,49000
2015/08/10,0,113000,-46000,67000
2015/08/11,0,76000,-111000,-35000
2015/08/12,0,144000,0,144000
2015/08/13,0,64000,0,64000
2015/08/14,0,60000,-23000,37000
2015/08/17,0,154000,-22000,132000
2015/08/18,0,111000,-196000,-85000
2015/08/19,0,197000,-143000,54000
2015/08/20,0,114000,-58000,56000
2015/08/21,0,236000,-110000,126000
2015/08/24,0,291000,-193000,98000
2015/08/25,0,312000,-25000,287000
2015/08/26,0,151000,-54000,97000
2015/08/27,0,105000,-48000,57000
2015/08/28,0,134000,-71000,63000
2015/08/31,0,52000,-173000,-121000
2015/09/01,0,51000,-12000,39000
2015/09/02,0,0,-81000,-81000
2015/09/03,0,0,-1000,-1000
2015/09/04,0,0,-21000,-21000
2015/09/07,0,2000,0,2000
2015/09/08,0,0,-29000,-29000
2015/09/09,0,37000,-53000,-16000
2015/09/10,0,20000,-299000,-279000
2015/09/11,0,76000,-43000,33000
2015/09/14,0,38000,-39000,-1000
2015/09/15,0,3000,-6000,-3000
2015/09/16,0,55000,0,55000
2015/09/17,0,52000,-79000,-27000
2015/09/18,0,20000,0,20000
2015/09/21,0,0,-13000,-13000
2015/09/22,0,0,0,0
2015/09/23,0,62000,-42000,20000
2015/09/24,0,69000,-197000,-128000
2015/09/25,0,56000,-50000,6000
2015/09/28,0,0,0,0
2015/09/29,0,0,0,0
2015/09/30,0,194000,0,194000
2015/10/01,0,21000,-28000,-7000
2015/10/02,0,10000,0,10000
2015/10/05,0,30000,0,30000
2015/10/06,0,0,-6000,-6000
2015/10/07,0,11000,0,11000
2015/10/08,0,11000,0,11000
2015/10/09,0,0,0,0
2015/10/12,0,0,0,0
2015/10/13,0,0,-43000,-43000
2015/10/14,0,0,-28000,-28000
2015/10/15,0,2000,-43000,-41000
2015/10/16,0,0,-153000,-153000
2015/10/19,0,25000,-13000,12000
2015/10/20,0,0,-122000,-122000
2015/10/21,0,12000,0,12000
2015/10/22,0,0,-42000,-42000
2015/10/23,0,0,-22000,-22000
2015/10/26,0,0,-87000,-87000
2015/10/27,0,0,-29000,-29000
2015/10/28,0,10000,0,10000
2015/10/29,0,42000,-2000,40000
2015/10/30,0,31000,0,31000
2015/11/02,0,10000,0,10000
2015/11/03,0,0,0,0
2015/11/04,0,0,0,0
2015/11/05,0,12000,-31000,-19000
2015/11/06,0,0,-7000,-7000
2015/11/09,0,11000,0,11000
2015/11/10,0,64000,0,64000
2015/11/11,0,104000,-24000,80000
2015/11/12,0,93000,-3000,90000
2015/11/13,0,267000,-14000,253000
2015/11/16,0,191000,-11000,180000
2015/11/17,0,11000,-24000,-13000
2015/11/18,0,72000,-18000,54000
2015/11/19,0,21000,-8000,13000
2015/11/20,0,50000,0,50000
2015/11/23,0,7000,0,7000
2015/11/24,0,250000,0,250000
2015/11/25,0,50000,-3000,47000
2015/11/26,0,214000,0,214000
2015/11/27,0,50000,0,50000
2015/11/30,0,61000,-124000,-63000
2015/12/01,0,1000,0,1000
2015/12/02,0,370000,-3000,367000
2015/12/03,0,38000,-2000,36000
2015/12/04,0,150000,-26000,124000
2015/12/07,0,811000,-10000,801000
2015/12/08,0,30000,0,30000
2015/12/09,0,1000,-367000,-366000
2015/12/10,0,57000,-39000,18000
2015/12/11,0,174000,-21000,153000
2015/12/14,0,177000,-2000,175000
2015/12/15,0,350000,-1000,349000
2015/12/16,0,80000,-45000,35000
2015/12/17,0,342000,0,342000
2015/12/18,0,190000,-114000,76000
2015/12/21,0,228000,-98000,130000
2015/12/22,0,50000,-107000,-57000
2015/12/23,0,0,-15000,-15000
2015/12/24,0,0,-50000,-50000
2015/12/25,0,0,0,0
2015/12/28,0,0,0,0
2015/12/29,0,135000,-73000,62000
2015/12/30,0,3000,-79000,-76000
2015/12/31,0,0,0,0
2016/01/01,0,0,0,0
2016/01/04,0,207000,-6000,201000
2016/01/05,0,90000,0,90000
2016/01/06,0,109000,-1000,108000
2016/01/07,0,160000,-6000,154000
2016/01/08,0,111000,-24000,87000
2016/01/11,0,215000,0,215000
2016/01/12,0,22000,-16000,6000
2016/01/13,0,62000,0,62000
2016/01/14,0,119000,-5000,114000
2016/01/15,0,183000,-16000,167000
2016/01/18,0,45000,-6000,39000
2016/01/19,0,21000,-19000,2000
2016/01/20,0,40000,-26000,14000
2016/01/21,0,74000,-25000,49000
2016/01/22,0,66000,-2000,64000
2016/01/25,0,10000,-65000,-55000
2016/01/26,0,0,-3000,-3000
2016/01/27,0,0,-1000,-1000
2016/01/28,0,8000,-11000,-3000
2016/01/29,0,4000,-85000,-81000
2016/02/01,0,16000,-23000,-7000
2016/02/02,0,0,-108000,-108000
2016/02/03,0,151000,-44000,107000
2016/02/04,0,0,0,0
2016/02/05,0,0,0,0
2016/02/08,0,0,0,0
2016/02/09,0,0,0,0
2016/02/10,0,0,0,0
2016/02/11,0,0,0,0
2016/02/12,0,0,0,0
2016/02/15,0,0,0,0
2016/02/16,0,56000,-33000,23000
2016/02/17,0,63000,-89000,-26000
2016/02/18,0,0,-110000,-110000
2016/02/19,0,0,-32000,-32000
2016/02/22,0,0,-44000,-44000
2016/02/23,0,0,-53000,-53000
2016/02/24,0,70000,-37000,33000
2016/02/25,0,310000,-22000,288000
2016/02/26,0,0,-94000,-94000
2016/02/29,0,0,0,0
2016/03/01,0,7000,-22000,-15000
2016/03/02,0,299000,-46000,253000
2016/03/03,0,2000,-27000,-25000
2016/03/04,0,7000,-28000,-21000
2016/03/07,0,0,-63000,-63000
2016/03/08,0,7000,-95000,-88000
2016/03/09,0,11000,-45000,-34000
2016/03/10,0,0,-11000,-11000
2016/03/11,0,0,-43000,-43000
2016/03/14,0,0,0,0
2016/03/15,0,21000,-23000,-2000
2016/03/16,0,96000,-54000,42000
2016/03/17,0,3000,-26000,-23000
2016/03/18,0,152000,-23000,129000
2016/03/21,0,26000,-54000,-28000
2016/03/22,0,16000,-25000,-9000
2016/03/23,0,25000,0,25000
2016/03/24,0,0,-16000,-16000
2016/03/25,0,0,-2000,-2000
2016/03/28,0,3000,0,3000
2016/03/29,0,58000,0,58000
2016/03/30,0,11000,0,11000
2016/03/31,0,198000,0,198000
2016/04/01,0,15000,-23000,-8000
2016/04/04,0,0,0,0
2016/04/05,0,0,0,0
2016/04/06,0,45000,-15000,30000
2016/04/07,0,60000,-47000,13000
2016/04/08,0,14000,-20000,-6000
2016/04/11,0,27000,-6000,21000
2016/04/12,0,0,-107000,-107000
2016/04/13,0,0,-2000,-2000
2016/04/14,0,1000,-14000,-13000
2016/04/15,0,65000,0,65000
2016/04/18,0,11000,-1000,10000
2016/04/19,0,30000,0,30000
2016/04/20,0,104000,-1000,103000
2016/04/21,0,72000,-21000,51000
2016/04/22,0,58000,-27000,31000
2016/04/25,0,0,-13000,-13000
2016/04/26,0,7000,-13000,-6000
2016/04/27,0,142000,-607000,-465000
2016/04/28,0,48000,-20000,28000
2016/04/29,0,145000,-1000,144000
2016/05/02,0,0,0,0
2016/05/03,0,145000,-1000,144000
2016/05/04,0,390000,-5000,385000
2016/05/05,0,276000,0,276000
2016/05/06,0,278000,-11000,267000
2016/05/09,0,114000,-5000,109000
2016/05/10,0,183000,0,183000
2016/05/11,0,116000,0,116000
2016/05/12,0,89000,0,89000
2016/05/13,0,391000,-44000,347000
2016/05/16,0,104000,-38000,66000
2016/05/17,0,43000,0,43000
2016/05/18,0,56000,-1000,55000
2016/05/19,0,57000,-4000,53000
2016/05/20,0,29000,-10000,19000
2016/05/23,0,14000,-15204,-1204
2016/05/24,0,42000,-3000,39000
2016/05/25,0,8000,-27000,-19000
2016/05/26,0,0,0,0
2016/05/27,0,2000,-29000,-27000
2016/05/30,0,0,-59000,-59000
2016/05/31,0,0,-44000,-44000
2016/06/01,0,7000,-87000,-80000
2016/06/02,0,32000,-144000,-112000
2016/06/03,0,0,-59000,-59000
2016/06/06,0,0,-76000,-76000
2016/06/07,0,59000,-219000,-160000
2016/06/08,0,5000,-100000,-95000
2016/06/09,0,0,0,0
2016/06/10,0,0,0,0
2016/06/13,0,0,-115000,-115000
2016/06/14,0,2000,-29000,-27000
2016/06/15,0,70000,-29000,41000
2016/06/16,0,120000,-14000,106000
2016/06/17,0,60000,-39000,21000
2016/06/20,0,94000,-88000,6000
2016/06/21,0,60000,-61000,-1000
2016/06/22,0,5000,-29000,-24000
2016/06/23,0,40000,-59000,-19000
2016/06/24,0,70000,-61000,9000
2016/06/27,0,113000,-2000,111000
2016/06/28,0,0,-35000,-35000
2016/06/29,0,0,-54000,-54000
2016/06/30,0,0,-71000,-71000
2016/07/01,0,0,-118000,-118000
2016/07/04,0,0,-177000,-177000
2016/07/05,0,0,-45000,-45000
2016/07/06,0,0,-32000,-32000
2016/07/07,0,0,-69000,-69000
2016/07/08,0,0,0,0
2016/07/11,0,80000,-292000,-212000
2016/07/12,0,0,-169000,-169000
2016/07/13,0,30000,-228000,-198000
2016/07/14,0,0,-71000,-71000
2016/07/15,0,38000,-189000,-151000
2016/07/18,0,12000,-546000,-534000
2016/07/19,0,8000,-135000,-127000
2016/07/20,0,91000,-183000,-92000
2016/07/21,0,0,-135000,-135000
2016/07/22,0,0,-117000,-117000
2016/07/25,0,20000,-65000,-45000
2016/07/26,0,0,-125000,-125000
2016/07/27,0,4000,-95000,-91000
2016/07/28,0,0,-68000,-68000
2016/07/29,0,20000,-34000,-14000
2016/08/01,0,1000,-124000,-123000
2016/08/02,0,80000,-131000,-51000
2016/08/03,0,0,-58000,-58000
2016/08/04,0,0,-91000,-91000
2016/08/05,0,4000,-82000,-78000
2016/08/08,0,0,-63000,-63000
2016/08/09,0,10000,-125000,-115000
2016/08/10,0,16000,-51000,-35000
2016/08/11,0,0,-89000,-89000
2016/08/12,0,0,-24000,-24000
2016/08/15,0,0,-78000,-78000
2016/08/16,0,0,-115000,-115000
2016/08/17,0,26000,-197000,-171000
2016/08/18,0,20000,-103000,-83000
2016/08/19,0,146000,-38000,108000
2016/08/22,0,15000,-115000,-100000
2016/08/23,0,16000,-29000,-13000
2016/08/24,0,0,-18000,-18000
2016/08/25,0,1000,-62000,-61000
2016/08/26,0,62000,-147000,-85000
2016/08/29,0,478000,-86817,391183
2016/08/30,0,5000,-1073000,-1068000
2016/08/31,0,14000,-66000,-52000
2016/09/01,0,0,-18000,-18000
2016/09/02,0,3000,-3000,0
2016/09/05,0,10000,-1816000,-1806000
2016/09/06,0,5000,-78000,-73000
2016/09/07,0,49000,-659000,-610000
2016/09/08,0,17000,-314000,-297000
2016/09/09,0,0,-31000,-31000
2016/09/12,0,28000,-17000,11000
2016/09/13,0,163000,-1000,162000
2016/09/14,0,83000,0,83000
2016/09/15,0,0,0,0
2016/09/16,0,0,0,0
2016/09/19,0,9000,-43000,-34000
2016/09/20,0,7000,-12000,-5000
2016/09/21,0,0,-32000,-32000
2016/09/22,0,26000,-61000,-35000
2016/09/23,0,26000,-80000,-54000
2016/09/26,0,1000,-1000,0
2016/09/27,0,0,0,0
2016/09/28,0,0,0,0
2016/09/29,0,0,-282000,-282000
2016/09/30,0,27000,-25400,1600
2016/10/03,0,0,-1000,-1000
2016/10/04,0,802,0,802
2016/10/05,0,0,-3000,-3000
2016/10/06,0,17000,-401000,-384000
2016/10/07,0,67000,0,67000
2016/10/10,0,0,0,0
2016/10/11,0,101000,-4000,97000
2016/10/12,0,63000,-1000,62000
2016/10/13,0,98000,-30000,68000
2016/10/14,0,91000,-29400,61600
2016/10/17,0,37000,-4000,33000
2016/10/18,0,37000,-501000,-464000
2016/10/19,0,86000,-49000,37000
2016/10/20,0,62000,-6000,56000
2016/10/21,0,51000,-36500,14500
2016/10/24,0,36000,0,36000
2016/10/25,0,52000,-2000,50000
2016/10/26,0,189000,0,189000
2016/10/27,0,37000,0,37000
2016/10/28,0,14000,-6000,8000
2016/10/31,0,8000,-10000,-2000
2016/11/01,0,32000,-2000,30000
2016/11/02,0,100000,0,100000
2016/11/03,0,43000,-1000,42000
2016/11/04,0,45000,0,45000
2016/11/07,0,43000,-2000,41000
2016/11/08,0,0,-8000,-8000
2016/11/09,0,347000,-55000,292000
2016/11/10,0,14000,-1000,13000
2016/11/11,0,294000,-53000,241000
2016/11/14,0,218000,-8000,210000
2016/11/15,0,52000,-3000,49000
2016/11/16,0,56000,-38000,18000
2016/11/17,0,72000,-118000,-46000
2016/11/18,0,12000,-6000,6000
2016/11/21,0,0,-12000,-12000
2016/11/22,0,18000,-1000,17000
2016/11/23,0,17000,0,17000
2016/11/24,0,0,0,0
2016/11/25,0,0,0,0
2016/11/28,0,17000,-3844,13156
2016/11/29,0,10000,0,10000
2016/11/30,0,0,0,0
2016/12/01,0,0,-3000,-3000
2016/12/02,0,37000,-13800,23200
2016/12/05,0,35000,-6000,29000
2016/12/06,0,15000,-7000,8000
2016/12/07,0,0,0,0
2016/12/08,0,8000,-12000,-4000
2016/12/09,0,0,-11000,-11000
2016/12/12,0,18000,0,18000
2016/12/13,0,12000,0,12000
2016/12/14,0,0,0,0
2016/12/15,0,8000,0,8000
2016/12/16,0,14000,-2000,12000
2016/12/19,0,67000,0,67000
2016/12/20,0,61000,0,61000
2016/12/21,0,140000,-2000,138000
2016/12/22,0,58000,-1000,57000
2016/12/23,0,99000,0,99000
2016/12/26,0,44000,0,44000
2016/12/27,0,32000,0,32000
2016/12/28,0,11000,0,11000
2016/12/29,0,14000,0,14000
2016/12/30,0,4000,-1000000,-996000
2017/01/02,0,0,0,0
2017/01/03,0,0,-11000,-11000
2017/01/04,0,110000,-15000,95000
2017/01/05,0,0,-4000,-4000
2017/01/06,0,170000,-23000,147000
2017/01/09,0,0,-3000,-3000
2017/01/10,0,0,-32000,-32000
2017/01/11,0,0,-46000,-46000
2017/01/12,0,81000,-45000,36000
2017/01/13,0,0,-56000,-56000
2017/01/16,0,0,0,0
2017/01/17,0,0,-3000,-3000
2017/01/18,0,1000,-47000,-46000
2017/01/19,0,3000,-7000,-4000
2017/01/20,0,0,0,0
2017/01/23,0,1000,-8000,-7000
2017/01/24,0,282000,-11000,271000
2017/01/25,0,0,0,0
2017/01/26,0,0,0,0
2017/01/27,0,0,0,0
2017/01/30,0,0,0,0
2017/01/31,0,0,0,0
2017/02/01,0,0,0,0
2017/02/02,0,0,-6000,-6000
2017/02/03,0,6000,-27000,-21000
2017/02/06,0,0,-38000,-38000
2017/02/07,0,50000,-2000,48000
2017/02/08,0,35000,-19000,16000
2017/02/09,0,361000,-5000,356000
2017/02/10,0,325000,-11000,314000
2017/02/13,0,308000,-23000,285000
2017/02/14,0,656000,-58000,598000
2017/02/15,0,375000,-57000,318000
2017/02/16,0,361000,-218000,143000
2017/02/17,0,320000,-68000,252000
2017/02/20,0,0,0,0
2017/02/21,0,63000,0,63000
2017/02/22,0,1000,-30000,-29000
2017/02/23,0,8000,-44000,-36000
2017/02/24,0,67000,0,67000
2017/02/27,0,0,0,0
2017/02/28,0,0,0,0
2017/03/01,0,40000,-12000,28000
2017/03/02,0,53000,0,53000
2017/03/03,0,30000,-4000,26000
2017/03/06,0,0,0,0
2017/03/07,0,4000,0,4000
2017/03/08,0,0,-3000,-3000
2017/03/09,0,0,-6000,-6000
2017/03/10,0,16000,-1000,15000
2017/03/13,0,4000,0,4000
2017/03/14,0,0,-25000,-25000
2017/03/15,0,21000,-2000,19000
2017/03/16,0,65000,-64000,1000
2017/03/17,0,134000,-42000,92000
2017/03/20,0,97000,-805000,-708000
2017/03/21,0,24000,-174000,-150000
2017/03/22,0,23000,0,23000
2017/03/23,0,5000,-34000,-29000
2017/03/24,0,62000,-105000,-43000
2017/03/27,0,3000,-279000,-276000
2017/03/28,0,116000,0,116000
2017/03/29,0,98000,-1000,97000
2017/03/30,0,1000,-6000,-5000
2017/03/31,0,1000,0,1000
2017/04/03,0,0,0,0
2017/04/04,0,0,0,0
2017/04/05,0,9000,0,9000
2017/04/06,0,0,-6000,-6000
2017/04/07,0,3000,-8000,-5000
2017/04/10,0,0,0,0
2017/04/11,0,34000,-6000,28000
2017/04/12,0,35000,-1000,34000
2017/04/13,0,12000,-29000,-17000
2017/04/14,0,104000,-8000,96000
2017/04/17,0,147000,0,147000
2017/04/18,0,23000,-7000,16000
2017/04/19,0,71000,-58000,13000
2017/04/20,0,80000,-2000,78000
2017/04/21,0,47000,-6000,41000
2017/04/24,0,12000,0,12000
2017/04/25,0,11000,0,11000
2017/04/26,0,2000,-11000,-9000
2017/04/27,0,0,0,0
2017/04/28,0,0,-34000,-34000
2017/05/01,0,0,0,0
2017/05/02,0,0,-47000,-47000
2017/05/03,0,0,0,0
2017/05/04,0,0,-35000,-35000
2017/05/05,0,0,-136000,-136000
2017/05/08,0,8000,-230000,-222000
2017/05/09,0,0,-86949,-86949
2017/05/10,0,0,0,0
2017/05/11,0,0,-3000,-3000
2017/05/12,0,0,-17000,-17000
2017/05/15,0,0,-14000,-14000
2017/05/16,0,182000,-19000,163000
2017/05/17,0,24000,-174000,-150000
2017/05/18,0,14000,-61000,-47000
2017/05/19,0,40000,-136000,-96000
2017/05/22,0,55000,0,55000
2017/05/23,0,2000,0,2000
2017/05/24,0,60000,-4000,56000
2017/05/25,0,20000,0,20000
2017/05/26,0,6000,-23000,-17000
2017/05/29,0,0,0,0
2017/05/30,0,0,0,0
2017/05/31,0,55000,0,55000
2017/06/01,0,34000,-2000,32000
2017/06/02,0,20000,0,20000
2017/06/05,0,4000,-50000,-46000
2017/06/06,0,18000,-58604,-40604
2017/06/07,0,30000,-35000,-5000
2017/06/08,0,112000,-21000,91000
2017/06/09,0,68000,-51000,17000
2017/06/12,0,38000,-331000,-293000
2017/06/13,0,12000,-65000,-53000
2017/06/14,0,51000,-93000,-42000
2017/06/15,0,0,-29000,-29000
2017/06/16,0,47000,0,47000
2017/06/19,0,18000,-112000,-94000
2017/06/20,0,32000,-24000,8000
2017/06/21,0,84000,-413000,-329000
2017/06/22,0,50000,-46000,4000
2017/06/23,0,2000,-23000,-21000
2017/06/26,0,153000,-45000,108000
2017/06/27,0,71000,-29000,42000
2017/06/28,0,116000,-11000,105000
2017/06/29,0,25000,-12000,13000
2017/06/30,0,1000,0,1000
2017/07/03,0,1000,-122000,-121000
2017/07/04,0,0,-166000,-166000
2017/07/05,0,173000,-215000,-42000
2017/07/06,0,0,-261000,-261000
2017/07/07,0,3000,-246000,-243000
2017/07/10,0,2000,-7000,-5000
2017/07/11,0,302000,0,302000
2017/07/12,0,56000,-408000,-352000
2017/07/13,0,271000,-331000,-60000
2017/07/14,0,239000,-338000,-99000
2017/07/17,0,134000,-26000,108000
2017/07/18,0,3000,-114000,-111000
2017/07/19,0,7000,-304000,-297000
2017/07/20,0,10000,-100000,-90000
2017/07/21,0,0,-100000,-100000
2017/07/24,0,50000,-112000,-62000
2017/07/25,0,6000,-230000,-224000
2017/07/26,0,0,-119000,-119000
2017/07/27,0,0,-12000,-12000
2017/07/28,0,17000,-3000,14000
2017/07/31,0,80000,-6000,74000
2017/08/01,0,22000,-4000,18000
2017/08/02,0,5000,-11000,-6000
2017/08/03,0,10000,-26000,-16000
2017/08/04,0,1000,-39000,-38000
2017/08/07,0,236000,-687000,-451000
2017/08/08,0,82000,-338000,-256000
2017/08/09,0,31000,-94000,-63000
2017/08/10,0,140000,0,140000
2017/08/11,0,71000,0,71000
2017/08/14,0,92000,-26000,66000
2017/08/15,0,25000,-4000,21000
2017/08/16,0,163000,-86000,77000
2017/08/17,0,223000,0,223000
2017/08/18,0,55000,0,55000
