Date,Open,Buy,Sell,Total
2007/01/02,0,345000,-326000,19000
2007/01/03,0,886000,-225000,661000
2007/01/04,0,214000,-513005,-299005
2007/01/05,0,367000,-733000,-366000
2007/01/08,0,528000,-1313613,-785613
2007/01/09,0,610000,-220000,390000
2007/01/10,0,315000,-826524,-511524
2007/01/11,0,7866000,-4962200,2903800
2007/01/12,0,4759000,-230000,4529000
2007/01/15,0,2039000,-503000,1536000
2007/01/16,0,1501000,-208000,1293000
2007/01/17,0,2130000,-2587000,-457000
2007/01/18,0,1256000,-2025000,-769000
2007/01/19,0,607000,-1650000,-1043000
2007/01/22,0,163000,-1206110,-1043110
2007/01/23,0,74000,-37000,37000
2007/01/24,0,813000,-575000,238000
2007/01/25,0,136000,-163000,-27000
2007/01/26,0,5019000,-3070926,1948074
2007/01/29,0,3593000,-513000,3080000
2007/01/30,0,170000,-625511,-455511
2007/01/31,0,225000,-480300,-255300
2007/02/01,0,600000,-1550000,-950000
2007/02/02,0,356000,-1360000,-1004000
2007/02/05,0,26000,-185000,-159000
2007/02/06,0,128000,-4003000,-3875000
2007/02/07,0,1955000,-4148000,-2193000
2007/02/08,0,2460529,-3694000,-1233471
2007/02/09,0,2336000,-4514000,-2178000
2007/02/12,0,51000,-335000,-284000
2007/02/13,0,7000,-837900,-830900
2007/02/14,0,1111000,-1414865,-303865
2007/02/15,0,0,0,0
2007/02/16,0,0,0,0
2007/02/19,0,0,0,0
2007/02/20,0,0,0,0
2007/02/21,0,0,0,0
2007/02/22,0,0,0,0
2007/02/23,0,0,0,0
2007/02/26,0,2795000,-3947885,-1152885
2007/02/27,0,2680000,-3739000,-1059000
2007/02/28,0,0,0,0
2007/03/01,0,1679000,-1898000,-219000
2007/03/02,0,1176000,-2258000,-1082000
2007/03/05,0,621000,-1863000,-1242000
2007/03/06,0,245000,-691000,-446000
2007/03/07,0,94000,-1480027,-1386027
2007/03/08,0,1000,-4049520,-4048520
2007/03/09,0,89000,-641000,-552000
2007/03/12,0,107000,-842000,-735000
2007/03/13,0,88000,-1183000,-1095000
2007/03/14,0,23000,-2654000,-2631000
2007/03/15,0,494000,-927000,-433000
2007/03/16,0,255000,-1534000,-1279000
2007/03/19,0,355000,-1262000,-907000
2007/03/20,0,1184000,-1154486,29514
2007/03/21,0,508000,-222480,285520
2007/03/22,0,2493000,-469000,2024000
2007/03/23,0,507000,-1251000,-744000
2007/03/26,0,2190000,-189000,2001000
2007/03/27,0,1673000,-85400,1587600
2007/03/28,0,1997000,-232000,1765000
2007/03/29,0,1035000,-682000,353000
2007/03/30,0,532000,-303006,228994
2007/04/02,0,513000,-1352000,-839000
2007/04/03,0,5562000,-478000,5084000
2007/04/04,0,4524000,-326000,4198000
2007/04/05,0,0,0,0
2007/04/06,0,0,0,0
2007/04/09,0,1207000,-103000,1104000
2007/04/10,0,1625000,-22000,1603000
2007/04/11,0,785000,-60000,725000
2007/04/12,0,519000,-21550,497450
2007/04/13,0,106000,-672000,-566000
2007/04/16,0,517000,-315000,202000
2007/04/17,0,201017,-437040,-236023
2007/04/18,0,114000,-38000,76000
2007/04/19,0,93000,-1060000,-967000
2007/04/20,0,1279000,-2233000,-954000
2007/04/23,0,661000,-2058000,-1397000
2007/04/24,0,9065000,-9009000,56000
2007/04/25,0,174000,-1940000,-1766000
2007/04/26,0,771000,-1641000,-870000
2007/04/27,0,783000,-333000,450000
2007/04/30,0,190000,-676400,-486400
2007/05/01,0,0,0,0
2007/05/02,0,1537800,-454800,1083000
2007/05/03,0,8670000,-6552000,2118000
2007/05/04,0,4255000,-3722000,533000
2007/05/07,0,4398000,-3384000,1014000
2007/05/08,0,1730000,-1681000,49000
2007/05/09,0,1843000,-49000,1794000
2007/05/10,0,2012000,-1103640,908360
2007/05/11,0,315000,-257000,58000
2007/05/14,0,1678000,-1976000,-298000
2007/05/15,0,2934000,-1986990,947010
2007/05/16,0,1330000,-224621,1105379
2007/05/17,0,5181000,-1031100,4149900
2007/05/18,0,5720000,-4627000,1093000
2007/05/21,0,1123000,-1091000,32000
2007/05/22,0,1134000,-33000,1101000
2007/05/23,0,2273000,-33000,2240000
2007/05/24,0,143000,-640000,-497000
2007/05/25,0,672000,-300000,372000
2007/05/28,0,861000,-231000,630000
2007/05/29,0,2161000,-218000,1943000
2007/05/30,0,2895000,-1652000,1243000
2007/05/31,0,1987000,-2064400,-77400
2007/06/01,0,2016000,-698000,1318000
2007/06/04,0,2268000,-328000,1940000
2007/06/05,0,326000,-265000,61000
2007/06/06,0,2331000,-1135000,1196000
2007/06/07,0,195000,-2107000,-1912000
2007/06/08,0,859000,-913000,-54000
2007/06/11,0,820000,-536000,284000
2007/06/12,0,1529000,-638000,891000
2007/06/13,0,1109000,-482000,627000
2007/06/14,0,2850000,-221000,2629000
2007/06/15,0,3504000,-475000,3029000
2007/06/18,0,0,0,0
2007/06/19,0,0,0,0
2007/06/20,0,3278000,-1149840,2128160
2007/06/21,0,5588000,-504000,5084000
2007/06/22,0,7750000,-1113946,6636054
2007/06/25,0,5251000,-1637400,3613600
2007/06/26,0,4987000,-3177830,1809170
2007/06/27,0,3390000,-2113000,1277000
2007/06/28,0,2130000,-1074000,1056000
2007/06/29,0,1268000,-1500400,-232400
2007/07/02,0,1041000,-612000,429000
2007/07/03,0,3420000,-737000,2683000
2007/07/04,0,364000,-67000,297000
2007/07/05,0,1775000,-811000,964000
2007/07/06,0,4066000,-1144000,2922000
2007/07/09,0,6026000,-476000,5550000
2007/07/10,0,6279000,-2108000,4171000
2007/07/11,0,2725000,-750000,1975000
2007/07/12,0,1889000,-1299000,590000
2007/07/13,0,5497000,-2098000,3399000
2007/07/16,0,2146000,-635000,1511000
2007/07/17,0,2263000,-487000,1776000
2007/07/18,0,2083000,-1129601,953399
2007/07/19,0,2390000,-315000,2075000
2007/07/20,0,2008000,-202000,1806000
2007/07/23,0,1299000,-3632030,-2333030
2007/07/24,0,1434000,-2345000,-911000
2007/07/25,0,3287000,-1676000,1611000
2007/07/26,0,2972000,-1980000,992000
2007/07/27,0,72000,-5415000,-5343000
2007/07/30,0,853000,-4645000,-3792000
2007/07/31,0,1136000,-3748000,-2612000
2007/08/01,0,2017000,-9585642,-7568642
2007/08/02,0,494000,-8677000,-8183000
2007/08/03,0,422000,-4359000,-3937000
2007/08/06,0,728000,-2896970,-2168970
2007/08/07,0,6836000,-3425000,3411000
2007/08/08,0,3671000,-4892000,-1221000
2007/08/09,0,1690000,-4608650,-2918650
2007/08/10,0,3831000,-6862000,-3031000
2007/08/13,0,1593000,-8073100,-6480100
2007/08/14,0,688000,-3251000,-2563000
2007/08/15,0,1509000,-6280000,-4771000
2007/08/16,0,922000,-3600700,-2678700
2007/08/17,0,713000,-23959100,-23246100
2007/08/20,0,2705000,-8150000,-5445000
2007/08/21,0,4409000,-25028403,-20619403
2007/08/22,0,764000,-7759067,-6995067
2007/08/23,0,16967000,-23344000,-6377000
2007/08/24,0,3843700,-14438000,-10594300
2007/08/27,0,4465000,-10400000,-5935000
2007/08/28,0,12390000,-8162050,4227950
2007/08/29,0,8222900,-5430000,2792900
2007/08/30,0,17485000,-10403250,7081750
2007/08/31,0,12116000,-2392100,9723900
2007/09/03,0,8523000,-5590279,2932721
2007/09/04,0,1790000,-1965985,-175985
2007/09/05,0,683000,-934850,-251850
2007/09/06,0,6781000,-4625158,2155842
2007/09/07,0,870000,-963500,-93500
2007/09/10,0,1324000,-791300,532700
2007/09/11,0,951000,-1420000,-469000
2007/09/12,0,898000,-1168000,-270000
2007/09/13,0,251000,-1021550,-770550
2007/09/14,0,2193000,-1483757,709243
2007/09/17,0,1318000,-744600,573400
2007/09/18,0,0,0,0
2007/09/19,0,2579000,-1773685,805315
2007/09/20,0,1739000,-1067850,671150
2007/09/21,0,3250000,-787000,2463000
2007/09/24,0,0,0,0
2007/09/25,0,0,0,0
2007/09/26,0,5306000,-3482000,1824000
2007/09/27,0,2053000,-1960000,93000
2007/09/28,0,3503000,-6285255,-2782255
2007/10/01,0,440000,-1935000,-1495000
2007/10/02,0,1976000,-8490686,-6514686
2007/10/03,0,2091000,-2157000,-66000
2007/10/04,0,1441000,-814000,627000
2007/10/05,0,5096000,-4179000,917000
2007/10/08,0,1320000,-1271000,49000
2007/10/09,0,2088630,-820000,1268630
2007/10/10,0,0,0,0
2007/10/11,0,11356000,-1758000,9598000
2007/10/12,0,7973000,-2606300,5366700
2007/10/15,0,2258000,-203000,2055000
2007/10/16,0,6919000,-3650000,3269000
2007/10/17,0,2060000,-3983000,-1923000
2007/10/18,0,459000,-2068000,-1609000
2007/10/19,0,2086000,-2034775,51225
2007/10/22,0,1247000,-4053500,-2806500
2007/10/23,0,1091000,-1367000,-276000
2007/10/24,0,4379000,-2544000,1835000
2007/10/25,0,1094000,-1592000,-498000
2007/10/26,0,2586381,-3628000,-1041619
2007/10/29,0,1326000,-1337000,-11000
2007/10/30,0,827000,-1064000,-237000
2007/10/31,0,607000,-2215796,-1608796
2007/11/01,0,1260000,-2033000,-773000
2007/11/02,0,4520000,-6799000,-2279000
2007/11/05,0,7042000,-5090000,1952000
2007/11/06,0,4468000,-1618652,2849348
2007/11/07,0,4070000,-4266000,-196000
2007/11/08,0,3652000,-2863000,789000
2007/11/09,0,956000,-2392411,-1436411
2007/11/12,0,3017000,-4622000,-1605000
2007/11/13,0,1134000,-7487000,-6353000
2007/11/14,0,6143000,-6868000,-725000
2007/11/15,0,7759000,-9541000,-1782000
2007/11/16,0,872000,-1882000,-1010000
2007/11/19,0,895000,-1146000,-251000
2007/11/20,0,2131000,-2817000,-686000
2007/11/21,0,4253000,-1562525,2690475
2007/11/22,0,3207000,-2466000,741000
2007/11/23,0,619000,-2819000,-2200000
2007/11/26,0,3229000,-755000,2474000
2007/11/27,0,1427000,-1127000,300000
2007/11/28,0,3478000,-480000,2998000
2007/11/29,0,3411000,-564097,2846903
2007/11/30,0,2785000,-1836587,948413
2007/12/03,0,1216600,-631350,585250
2007/12/04,0,3931000,-937000,2994000
2007/12/05,0,1373000,-2601000,-1228000
2007/12/06,0,2212000,-3349000,-1137000
2007/12/07,0,3165250,-862650,2302600
2007/12/10,0,1504000,-11184778,-9680778
2007/12/11,0,1196000,-3423000,-2227000
2007/12/12,0,490000,-7540000,-7050000
2007/12/13,0,1718000,-4003050,-2285050
2007/12/14,0,1271000,-1063000,208000
2007/12/17,0,10915000,-3025000,7890000
2007/12/18,0,671000,-1391923,-720923
2007/12/19,0,4350000,-3922400,427600
2007/12/20,0,4465640,-2200000,2265640
2007/12/21,0,4296000,-1614000,2682000
2007/12/24,0,1181000,-2057000,-876000
2007/12/25,0,93000,-308000,-215000
2007/12/26,0,429000,-1432000,-1003000
2007/12/27,0,3196000,-179000,3017000
2007/12/28,0,1992000,-398000,1594000
2007/12/31,0,2764000,-2496050,267950
2008/01/01,0,0,0,0
2008/01/02,0,939000,-559550,379450
2008/01/03,0,1827650,-1279650,548000
2008/01/04,0,1742000,-752000,990000
2008/01/07,0,2322000,-4369000,-2047000
2008/01/08,0,3522326,-6343000,-2820674
2008/01/09,0,976000,-2214000,-1238000
2008/01/10,0,1095502,-2135000,-1039498
2008/01/11,0,4925000,-1153000,3772000
2008/01/14,0,9176000,-3803867,5372133
2008/01/15,0,5563792,-7572957,-2009165
2008/01/16,0,1210168,-6421000,-5210832
2008/01/17,0,1703000,-8756952,-7053952
2008/01/18,0,2184256,-927000,1257256
2008/01/21,0,878000,-716000,162000
2008/01/22,0,517000,-1670000,-1153000
2008/01/23,0,1427000,-2978000,-1551000
2008/01/24,0,772000,-890000,-118000
2008/01/25,0,1903000,-1138000,765000
2008/01/28,0,3312000,-1736000,1576000
2008/01/29,0,2315000,-745306,1569694
2008/01/30,0,2114393,-1244500,869893
2008/01/31,0,3107000,-4358000,-1251000
2008/02/01,0,459000,-2503000,-2044000
2008/02/04,0,0,0,0
2008/02/05,0,0,0,0
2008/02/06,0,0,0,0
2008/02/07,0,0,0,0
2008/02/08,0,0,0,0
2008/02/11,0,0,0,0
2008/02/12,0,3139000,-4348800,-1209800
2008/02/13,0,3437000,-2117682,1319318
2008/02/14,0,472000,-1335000,-863000
2008/02/15,0,2068000,-828100,1239900
2008/02/18,0,1693000,-467000,1226000
2008/02/19,0,2143000,-1238000,905000
2008/02/20,0,620000,-957000,-337000
2008/02/21,0,2000000,-541232,1458768
2008/02/22,0,4092000,-1305000,2787000
2008/02/25,0,6600000,-2979000,3621000
2008/02/26,0,4213000,-4052000,161000
2008/02/27,0,2101000,-1310000,791000
2008/02/28,0,0,0,0
2008/02/29,0,11942015,-8528000,3414015
2008/03/03,0,3457000,-2781000,676000
2008/03/04,0,1965000,-2448000,-483000
2008/03/05,0,4415000,-1158000,3257000
2008/03/06,0,3900000,-780974,3119026
2008/03/07,0,5045000,-3684000,1361000
2008/03/10,0,627000,-7472589,-6845589
2008/03/11,0,3638000,-4591000,-953000
2008/03/12,0,2452878,-815798,1637080
2008/03/13,0,177000,-2286900,-2109900
2008/03/14,0,1082000,-2784000,-1702000
2008/03/17,0,462000,-3169131,-2707131
2008/03/18,0,489000,-6494000,-6005000
2008/03/19,0,2596000,-3358138,-762138
2008/03/20,0,2284000,-6492000,-4208000
2008/03/21,0,2651000,-141000,2510000
2008/03/24,0,2460000,-693000,1767000
2008/03/25,0,1945000,-737000,1208000
2008/03/26,0,1234000,-7340000,-6106000
2008/03/27,0,257924,-6783550,-6525626
2008/03/28,0,1629924,-4531000,-2901076
2008/03/31,0,860983,-2573630,-1712647
2008/04/01,0,435309,-487000,-51691
2008/04/02,0,1310000,-241000,1069000
2008/04/03,0,1421000,-966353,454647
2008/04/04,0,0,0,0
2008/04/07,0,3728000,-389000,3339000
2008/04/08,0,1288000,-1317000,-29000
2008/04/09,0,1994000,-3295000,-1301000
2008/04/10,0,1130000,-636000,494000
2008/04/11,0,712000,-1593328,-881328
2008/04/14,0,291000,-185000,106000
2008/04/15,0,455000,-930000,-475000
2008/04/16,0,1645000,-698000,947000
2008/04/17,0,3989000,-2616000,1373000
2008/04/18,0,654000,-6321631,-5667631
2008/04/21,0,1222160,-127000,1095160
2008/04/22,0,619000,-1026000,-407000
2008/04/23,0,896000,-3039650,-2143650
2008/04/24,0,1233000,-895000,338000
2008/04/25,0,1234000,-4495250,-3261250
2008/04/28,0,1169000,-311000,858000
2008/04/29,0,1388000,-6281000,-4893000
2008/04/30,0,502000,-2738074,-2236074
2008/05/01,0,0,0,0
2008/05/02,0,1566000,-96027,1469973
2008/05/05,0,2056000,-1135000,921000
2008/05/06,0,1554000,-706000,848000
2008/05/07,0,669739,-1568000,-898261
2008/05/08,0,676000,-2236000,-1560000
2008/05/09,0,301000,-807000,-506000
2008/05/12,0,671000,-64000,607000
2008/05/13,0,1961000,-6105000,-4144000
2008/05/14,0,2189000,-1466000,723000
2008/05/15,0,6461000,-1350000,5111000
2008/05/16,0,1511000,-802000,709000
2008/05/19,0,500000,-363000,137000
2008/05/20,0,618000,-2700000,-2082000
2008/05/21,0,750000,-1038955,-288955
2008/05/22,0,505000,-1183000,-678000
2008/05/23,0,807000,-2861000,-2054000
2008/05/26,0,846000,-3045299,-2199299
2008/05/27,0,461000,-543000,-82000
2008/05/28,0,722000,-2887000,-2165000
2008/05/29,0,943000,-737000,206000
2008/05/30,0,3595770,-972000,2623770
2008/06/02,0,578000,-548000,30000
2008/06/03,0,4518000,-8126000,-3608000
2008/06/04,0,762000,-2507000,-1745000
2008/06/05,0,1008000,-1519000,-511000
2008/06/06,0,672000,-558000,114000
2008/06/09,0,756000,-793000,-37000
2008/06/10,0,29000,-1485974,-1456974
2008/06/11,0,809000,-2765000,-1956000
2008/06/12,0,650000,-2746000,-2096000
2008/06/13,0,3333000,-4363888,-1030888
2008/06/16,0,486000,-530000,-44000
2008/06/17,0,886261,-2026600,-1140339
2008/06/18,0,229000,-2455143,-2226143
2008/06/19,0,2860800,-1693000,1167800
2008/06/20,0,2494817,-1385820,1108997
2008/06/23,0,691000,-602000,89000
2008/06/24,0,440000,-2630000,-2190000
2008/06/25,0,1151000,-2588990,-1437990
2008/06/26,0,421000,-1162000,-741000
2008/06/27,0,1550000,-4386000,-2836000
2008/06/30,0,1314000,-1037000,277000
2008/07/01,0,1309000,-220000,1089000
2008/07/02,0,762000,-1835000,-1073000
2008/07/03,0,387000,-7628000,-7241000
2008/07/04,0,1092000,-2850000,-1758000
2008/07/07,0,799000,-548000,251000
2008/07/08,0,898000,-2687000,-1789000
2008/07/09,0,3423000,-3748900,-325900
2008/07/10,0,5135000,-3735000,1400000
2008/07/11,0,2531000,-4160000,-1629000
2008/07/14,0,375000,-7144450,-6769450
2008/07/15,0,1134000,-3181000,-2047000
2008/07/16,0,1896000,-636000,1260000
2008/07/17,0,914000,-2216893,-1302893
2008/07/18,0,1061000,-1057000,4000
2008/07/21,0,1715000,-1617000,98000
2008/07/22,0,1362000,-1659000,-297000
2008/07/23,0,1852000,-1436840,415160
2008/07/24,0,1278000,-1097000,181000
2008/07/25,0,417000,-1737000,-1320000
2008/07/28,0,0,0,0
2008/07/29,0,4112000,-2817401,1294599
2008/07/30,0,8829000,-4507000,4322000
2008/07/31,0,3264000,-1921000,1343000
2008/08/01,0,1276000,-1350000,-74000
2008/08/04,0,1487000,-1416000,71000
2008/08/05,0,1651000,-3564000,-1913000
2008/08/06,0,2716000,-5497000,-2781000
2008/08/07,0,3755000,-1827000,1928000
2008/08/08,0,2091000,-2284700,-193700
2008/08/11,0,878000,-1602000,-724000
2008/08/12,0,3199000,-5261000,-2062000
2008/08/13,0,2522900,-1959000,563900
2008/08/14,0,1987000,-1218000,769000
2008/08/15,0,622000,-1017000,-395000
2008/08/18,0,1081000,-845000,236000
2008/08/19,0,596000,-1761300,-1165300
2008/08/20,0,325000,-1234300,-909300
2008/08/21,0,1284000,-1177700,106300
2008/08/22,0,1456000,-1530700,-74700
2008/08/25,0,2337000,-254000,2083000
2008/08/26,0,365000,-557000,-192000
2008/08/27,0,1307000,-1299328,7672
2008/08/28,0,1545000,-2531000,-986000
2008/08/29,0,749000,-2032239,-1283239
2008/09/01,0,790400,-4084000,-3293600
2008/09/02,0,1820579,-1399000,421579
2008/09/03,0,1345000,-1649000,-304000
2008/09/04,0,1477000,-3183300,-1706300
2008/09/05,0,2772000,-1128001,1643999
2008/09/08,0,1324000,-760000,564000
2008/09/09,0,2116000,-1496200,619800
2008/09/10,0,3019000,-4084315,-1065315
2008/09/11,0,1859000,-1966000,-107000
2008/09/12,0,853000,-619325,233675
2008/09/15,0,464000,-1921200,-1457200
2008/09/16,0,2611295,-1671000,940295
2008/09/17,0,2461600,-1674000,787600
2008/09/18,0,1274000,-3337000,-2063000
2008/09/19,0,4814000,-4810870,3130
2008/09/22,0,2572100,-2513000,59100
2008/09/23,0,2703500,-2287500,416000
2008/09/24,0,469000,-758000,-289000
2008/09/25,0,1186000,-1954100,-768100
2008/09/26,0,1192000,-2453000,-1261000
2008/09/29,0,0,0,0
2008/09/30,0,2090000,-2936095,-846095
2008/10/01,0,857000,-624000,233000
2008/10/02,0,1571000,-2673184,-1102184
2008/10/03,0,1715000,-4326500,-2611500
2008/10/06,0,1499000,-4612600,-3113600
2008/10/07,0,2117800,-2385505,-267705
2008/10/08,0,1750000,-777250,972750
2008/10/09,0,2883000,-1580104,1302896
2008/10/10,0,0,0,0
2008/10/13,0,2296000,-2745000,-449000
2008/10/14,0,74000,-1775100,-1701100
2008/10/15,0,1215000,-1139000,76000
2008/10/16,0,300000,-169000,131000
2008/10/17,0,906000,-1138001,-232001
2008/10/20,0,207000,-1142000,-935000
2008/10/21,0,968000,-960000,8000
2008/10/22,0,572000,-916000,-344000
2008/10/23,0,463300,-265500,197800
2008/10/24,0,417000,-219000,198000
2008/10/27,0,731000,-2159000,-1428000
2008/10/28,0,974913,-10379463,-9404550
2008/10/29,0,1147092,-3304000,-2156908
2008/10/30,0,780000,-681000,99000
2008/10/31,0,2503000,-3057200,-554200
2008/11/03,0,1666000,-1544000,122000
2008/11/04,0,1383000,-4165500,-2782500
2008/11/05,0,1018000,-3296000,-2278000
2008/11/06,0,937000,-3542000,-2605000
2008/11/07,0,553000,-3961000,-3408000
2008/11/10,0,1289000,-2732200,-1443200
2008/11/11,0,587000,-474000,113000
2008/11/12,0,1736000,-1728124,7876
2008/11/13,0,2386000,-3076000,-690000
2008/11/14,0,1383000,-8544375,-7161375
2008/11/17,0,1167000,-1127000,40000
2008/11/18,0,628000,-3372600,-2744600
2008/11/19,0,375000,-2394000,-2019000
2008/11/20,0,789000,-1522686,-733686
2008/11/21,0,1941000,-577200,1363800
2008/11/24,0,163000,-856000,-693000
2008/11/25,0,2312000,-8415110,-6103110
2008/11/26,0,677000,-339009,337991
2008/11/27,0,2008000,-50000,1958000
2008/11/28,0,2020000,-642550,1377450
2008/12/01,0,2374000,-613000,1761000
2008/12/02,0,1297000,-1365000,-68000
2008/12/03,0,610000,-3396000,-2786000
2008/12/04,0,619000,-5622560,-5003560
2008/12/05,0,1064000,-3923331,-2859331
2008/12/08,0,2353200,-4265136,-1911936
2008/12/09,0,2844000,-517000,2327000
2008/12/10,0,1405000,-283000,1122000
2008/12/11,0,1676000,-641000,1035000
2008/12/12,0,1838000,-1547000,291000
2008/12/15,0,1718000,-118000,1600000
2008/12/16,0,1534000,-2911000,-1377000
2008/12/17,0,2239000,-1141509,1097491
2008/12/18,0,3180000,-1190000,1990000
2008/12/19,0,2251000,-863000,1388000
2008/12/22,0,254000,-2749000,-2495000
2008/12/23,0,336000,-3739900,-3403900
2008/12/24,0,435000,-782300,-347300
2008/12/25,0,17000,-224000,-207000
2008/12/26,0,760000,-322000,438000
2008/12/29,0,106000,-991000,-885000
2008/12/30,0,885000,-453000,432000
2008/12/31,0,198000,-587000,-389000
2009/01/01,0,0,0,0
2009/01/02,0,0,0,0
2009/01/05,0,921000,-588300,332700
2009/01/06,0,4723827,-901700,3822127
2009/01/07,0,2750484,-1071000,1679484
2009/01/08,0,69000,-1681000,-1612000
2009/01/09,0,1499000,-586000,913000
2009/01/12,0,63187,-2764650,-2701463
2009/01/13,0,323000,-170000,153000
2009/01/14,0,2670000,-486000,2184000
2009/01/15,0,1822000,-2103000,-281000
2009/01/16,0,609000,-1404000,-795000
2009/01/19,0,3266000,-723300,2542700
2009/01/20,0,2317000,-2118400,198600
2009/01/21,0,2409700,-2398000,11700
2009/01/22,0,0,0,0
2009/01/23,0,0,0,0
2009/01/26,0,0,0,0
2009/01/27,0,0,0,0
2009/01/28,0,0,0,0
2009/01/29,0,0,0,0
2009/01/30,0,0,0,0
2009/02/02,0,3572575,-8430189,-4857614
2009/02/03,0,657000,-959610,-302610
2009/02/04,0,2201375,-823000,1378375
2009/02/05,0,1991000,-4843000,-2852000
2009/02/06,0,2878000,-5312585,-2434585
2009/02/09,0,824000,-3559620,-2735620
2009/02/10,0,6041000,-5465000,576000
2009/02/11,0,5457000,-1853000,3604000
2009/02/12,0,4523000,-1185027,3337973
2009/02/13,0,1245000,-101000,1144000
2009/02/16,0,4343000,-5832000,-1489000
2009/02/17,0,3276000,-2942770,333230
2009/02/18,0,2597000,-181000,2416000
2009/02/19,0,2252000,-3452000,-1200000
2009/02/20,0,204257,-1553257,-1349000
2009/02/23,0,771000,-494000,277000
2009/02/24,0,1788000,-1184850,603150
2009/02/25,0,840000,-2830884,-1990884
2009/02/26,0,1044050,-641474,402576
2009/02/27,0,640300,-289992,350308
2009/03/02,0,1873000,-4031162,-2158162
2009/03/03,0,398000,-1637000,-1239000
2009/03/04,0,3853000,-2705143,1147857
2009/03/05,0,3426000,-6517000,-3091000
2009/03/06,0,1928000,-1062000,866000
2009/03/09,0,1333000,-1162000,171000
2009/03/10,0,1559000,-5456800,-3897800
2009/03/11,0,2410027,-5213000,-2802973
2009/03/12,0,1226000,-403000,823000
2009/03/13,0,6801050,-322000,6479050
2009/03/16,0,1626568,-214000,1412568
2009/03/17,0,1460000,-702000,758000
2009/03/18,0,1865000,-290000,1575000
2009/03/19,0,937000,-426000,511000
2009/03/20,0,427000,-312000,115000
2009/03/23,0,1290000,-199000,1091000
2009/03/24,0,1458300,-153000,1305300
2009/03/25,0,1976000,-167250,1808750
2009/03/26,0,1113000,-330000,783000
2009/03/27,0,350000,-1349000,-999000
2009/03/30,0,739000,-331000,408000
2009/03/31,0,619000,-342108,276892
2009/04/01,0,745000,-3402000,-2657000
2009/04/02,0,2821000,-3446000,-625000
2009/04/03,0,1640404,-5767000,-4126596
2009/04/06,0,1792596,-1680000,112596
2009/04/07,0,2273000,-1201000,1072000
2009/04/08,0,3546000,-4455904,-909904
2009/04/09,0,4176000,-1570771,2605229
2009/04/10,0,943000,-1018000,-75000
2009/04/13,0,5324000,-7575000,-2251000
2009/04/14,0,863074,-1077000,-213926
2009/04/15,0,1243000,-608000,635000
2009/04/16,0,2116000,-1135000,981000
2009/04/17,0,3933457,-1366140,2567317
2009/04/20,0,1195000,-570000,625000
2009/04/21,0,806000,-1829000,-1023000
2009/04/22,0,457000,-767500,-310500
2009/04/23,0,1027000,-1507000,-480000
2009/04/24,0,1138000,-1075000,63000
2009/04/27,0,1304189,-802000,502189
2009/04/28,0,1830000,-394220,1435780
2009/04/29,0,1318000,-300048,1017952
2009/04/30,0,10777000,-1815310,8961690
2009/05/01,0,0,0,0
2009/05/04,0,4652205,-2296966,2355239
2009/05/05,0,2946900,-1016000,1930900
2009/05/06,0,6840000,-4303000,2537000
2009/05/07,0,4944000,-6530600,-1586600
2009/05/08,0,4731000,-515000,4216000
2009/05/11,0,806000,-2032000,-1226000
2009/05/12,0,1017000,-2085000,-1068000
2009/05/13,0,1807031,-3085600,-1278569
2009/05/14,0,2804000,-1418000,1386000
2009/05/15,0,8306000,-1720000,6586000
2009/05/18,0,3989000,-996000,2993000
2009/05/19,0,8305629,-3819000,4486629
2009/05/20,0,2930000,-3537000,-607000
2009/05/21,0,2333000,-1243000,1090000
2009/05/22,0,2007000,-1476400,530600
2009/05/25,0,1674000,-899000,775000
2009/05/26,0,1152000,-735000,417000
2009/05/27,0,4076000,-788895,3287105
2009/05/28,0,0,0,0
2009/05/29,0,0,0,0
2009/06/01,0,8472000,-1812900,6659100
2009/06/02,0,1550504,-1364400,186104
2009/06/03,0,2381000,-793469,1587531
2009/06/04,0,1664000,-1485000,179000
2009/06/05,0,2704293,-2061400,642893
2009/06/08,0,1115000,-990000,125000
2009/06/09,0,3353000,-5248000,-1895000
2009/06/10,0,5037000,-6345611,-1308611
2009/06/11,0,4314000,-2575000,1739000
2009/06/12,0,4761353,-1159000,3602353
2009/06/15,0,330000,-678500,-348500
2009/06/16,0,8064000,-3821000,4243000
2009/06/17,0,4055000,-1365000,2690000
2009/06/18,0,6041000,-3462000,2579000
2009/06/19,0,3886000,-593003,3292997
2009/06/22,0,4844000,-1100914,3743086
2009/06/23,0,2957300,-1697000,1260300
2009/06/24,0,4106000,-1337000,2769000
2009/06/25,0,4599763,-829763,3770000
2009/06/26,0,3257000,-297000,2960000
2009/06/29,0,2183000,-1854000,329000
2009/06/30,0,2004000,-695559,1308441
2009/07/01,0,2101000,-612700,1488300
2009/07/02,0,4054000,-309000,3745000
2009/07/03,0,365882,-811549,-445667
2009/07/06,0,1428000,-1572000,-144000
2009/07/07,0,1667000,-767691,899309
2009/07/08,0,461000,-1446000,-985000
2009/07/09,0,1457000,-986000,471000
2009/07/10,0,1427000,-926200,500800
2009/07/13,0,1606000,-2993000,-1387000
2009/07/14,0,1036000,-420150,615850
2009/07/15,0,2098000,-1593000,505000
2009/07/16,0,4918000,-3576900,1341100
2009/07/17,0,2606205,-4933360,-2327155
2009/07/20,0,2361000,-1086440,1274560
2009/07/21,0,2450000,-3355540,-905540
2009/07/22,0,2238000,-3190600,-952600
2009/07/23,0,3782000,-3732190,49810
2009/07/24,0,5035700,-270880,4764820
2009/07/27,0,3952600,-1847477,2105123
2009/07/28,0,706000,-1301920,-595920
2009/07/29,0,4455423,-2638500,1816923
2009/07/30,0,1539000,-2859000,-1320000
2009/07/31,0,1295000,-2219000,-924000
2009/08/03,0,2277000,-572000,1705000
2009/08/04,0,1000000,-962000,38000
2009/08/05,0,1822500,-1730000,92500
2009/08/06,0,1513000,-430000,1083000
2009/08/07,0,0,0,0
2009/08/10,0,1002000,-706336,295664
2009/08/11,0,6457000,-2236700,4220300
2009/08/12,0,1804000,-6825300,-5021300
2009/08/13,0,2241000,-440000,1801000
2009/08/14,0,497000,-1659000,-1162000
2009/08/17,0,1627000,-669300,957700
2009/08/18,0,993000,-4327000,-3334000
2009/08/19,0,983000,-737519,245481
2009/08/20,0,1397246,-1071646,325600
2009/08/21,0,2893000,-2264200,628800
2009/08/24,0,3823000,-483000,3340000
2009/08/25,0,976000,-1104208,-128208
2009/08/26,0,1466000,-1844000,-378000
2009/08/27,0,126000,-931000,-805000
2009/08/28,0,4779000,-182000,4597000
2009/08/31,0,415000,-1663850,-1248850
2009/09/01,0,2439000,-1024198,1414802
2009/09/02,0,665600,-958000,-292400
2009/09/03,0,527375,-723000,-195625
2009/09/04,0,1043000,-569000,474000
2009/09/07,0,1465000,-237000,1228000
2009/09/08,0,12548000,-1782300,10765700
2009/09/09,0,10149000,-2947291,7201709
2009/09/10,0,3475000,-579530,2895470
2009/09/11,0,2253781,-318000,1935781
2009/09/14,0,1925000,-351400,1573600
2009/09/15,0,1165000,-672757,492243
2009/09/16,0,1006000,-737900,268100
2009/09/17,0,4924200,-4357650,566550
2009/09/18,0,1784000,-1129000,655000
2009/09/21,0,9437800,-959627,8478173
2009/09/22,0,10546000,-1243300,9302700
2009/09/23,0,6081262,-1855210,4226052
2009/09/24,0,1637000,-1931000,-294000
2009/09/25,0,1477000,-396830,1080170
2009/09/28,0,314900,-581663,-266763
2009/09/29,0,5713151,-228000,5485151
2009/09/30,0,1682000,-151000,1531000
2009/10/01,0,1770000,-1113000,657000
2009/10/02,0,737000,-2939170,-2202170
2009/10/05,0,1182540,-1986240,-803700
2009/10/06,0,3074000,-1170453,1903547
2009/10/07,0,3269000,-1064773,2204227
2009/10/08,0,1624700,-660000,964700
2009/10/09,0,289000,-690666,-401666
2009/10/12,0,839000,-1159000,-320000
2009/10/13,0,1155220,-1112878,42342
2009/10/14,0,3430000,-1485603,1944397
2009/10/15,0,2355000,-1160000,1195000
2009/10/16,0,285000,-615800,-330800
2009/10/19,0,849000,-476642,372358
2009/10/20,0,798530,-1856000,-1057470
2009/10/21,0,2171000,-665000,1506000
2009/10/22,0,3585000,-1451600,2133400
2009/10/23,0,1614000,-959000,655000
2009/10/26,0,1931000,-43000,1888000
2009/10/27,0,170000,-921000,-751000
2009/10/28,0,174000,-2143248,-1969248
2009/10/29,0,608000,-2786300,-2178300
2009/10/30,0,1855000,-3143000,-1288000
2009/11/02,0,958000,-4839325,-3881325
2009/11/03,0,984000,-953000,31000
2009/11/04,0,2870000,-540466,2329534
2009/11/05,0,918986,-816000,102986
2009/11/06,0,5984000,-2005100,3978900
2009/11/09,0,2093288,-970220,1123068
2009/11/10,0,1236000,-261000,975000
2009/11/11,0,1428314,-33300,1395014
2009/11/12,0,1967279,-1115950,851329
2009/11/13,0,606000,-2075925,-1469925
2009/11/16,0,2400000,-2984595,-584595
2009/11/17,0,8500753,-8059174,441579
2009/11/18,0,2608513,-4332300,-1723787
2009/11/19,0,3653914,-2831178,822736
2009/11/20,0,930000,-3609000,-2679000
2009/11/23,0,281000,-3468320,-3187320
2009/11/24,0,739000,-1556700,-817700
2009/11/25,0,1252478,-280000,972478
2009/11/26,0,5030000,-1220200,3809800
2009/11/27,0,457000,-2498000,-2041000
2009/11/30,0,1717517,-1817962,-100445
2009/12/01,0,1829000,-644906,1184094
2009/12/02,0,909000,-4599500,-3690500
2009/12/03,0,768000,-210818,557182
2009/12/04,0,468000,-81483,386517
2009/12/07,0,748000,-272050,475950
2009/12/08,0,2797700,-326000,2471700
2009/12/09,0,1150000,-883300,266700
2009/12/10,0,2561000,-2081340,479660
2009/12/11,0,1825000,-677000,1148000
2009/12/14,0,2216900,-115900,2101000
2009/12/15,0,2066000,-601000,1465000
2009/12/16,0,1169000,-499308,669692
2009/12/17,0,1038020,-533310,504710
2009/12/18,0,1698000,-782600,915400
2009/12/21,0,814341,-296000,518341
2009/12/22,0,425000,-71000,354000
2009/12/23,0,1061000,-128363,932637
2009/12/24,0,1055000,-187000,868000
2009/12/25,0,313000,-8000,305000
2009/12/28,0,1599000,-582500,1016500
2009/12/29,0,452000,-342036,109964
2009/12/30,0,1472000,-681445,790555
2009/12/31,0,950000,-49000,901000
2010/01/01,0,0,0,0
2010/01/04,0,1069000,-395000,674000
2010/01/05,0,506000,-491660,14340
2010/01/06,0,1179000,-963000,216000
2010/01/07,0,6587000,-670126,5916874
2010/01/08,0,1442350,-627000,815350
2010/01/11,0,3072500,-267000,2805500
2010/01/12,0,3769000,-694513,3074487
2010/01/13,0,4041000,-463700,3577300
2010/01/14,0,7746000,-5369419,2376581
2010/01/15,0,3365000,-1456000,1909000
2010/01/18,0,1282198,-762050,520148
2010/01/19,0,1050000,-1954550,-904550
2010/01/20,0,2417000,-1049800,1367200
2010/01/21,0,1096000,-1264690,-168690
2010/01/22,0,2352000,-1553000,799000
2010/01/25,0,998070,-948000,50070
2010/01/26,0,2467000,-3514100,-1047100
2010/01/27,0,3129000,-675730,2453270
2010/01/28,0,1058000,-1874000,-816000
2010/01/29,0,1853000,-1447890,405110
2010/02/01,0,2611537,-3391260,-779723
2010/02/02,0,2456000,-2044060,411940
2010/02/03,0,1048040,-444966,603074
2010/02/04,0,2164000,-1145000,1019000
2010/02/05,0,3021000,-1349010,1671990
2010/02/08,0,2418000,-3694355,-1276355
2010/02/09,0,2707707,-3312797,-605090
2010/02/10,0,4932000,-4209593,722407
2010/02/11,0,0,0,0
2010/02/12,0,0,0,0
2010/02/15,0,0,0,0
2010/02/16,0,0,0,0
2010/02/17,0,0,0,0
2010/02/18,0,0,0,0
2010/02/19,0,0,0,0
2010/02/22,0,10011000,-1441935,8569065
2010/02/23,0,1517000,-3259000,-1742000
2010/02/24,0,1896000,-843000,1053000
2010/02/25,0,2511500,-3994300,-1482800
2010/02/26,0,1974000,-1563998,410002
2010/03/01,0,4348000,-2134620,2213380
2010/03/02,0,1217700,-504358,713342
2010/03/03,0,790000,-855000,-65000
2010/03/04,0,1189000,-1335000,-146000
2010/03/05,0,2237000,-1498000,739000
2010/03/08,0,1017890,-964500,53390
2010/03/09,0,2734027,-2283177,450850
2010/03/10,0,895000,-785496,109504
2010/03/11,0,506200,-157000,349200
2010/03/12,0,2607000,-57000,2550000
2010/03/15,0,176000,-890000,-714000
2010/03/16,0,476000,-123000,353000
2010/03/17,0,2503409,-1191000,1312409
2010/03/18,0,1648000,-1691000,-43000
2010/03/19,0,461969,-296000,165969
2010/03/22,0,275000,-769100,-494100
2010/03/23,0,1057000,-486000,571000
2010/03/24,0,1312640,-650000,662640
2010/03/25,0,829000,-567000,262000
2010/03/26,0,4231800,-3289000,942800
2010/03/29,0,5053000,-1539000,3514000
2010/03/30,0,1266600,-848000,418600
2010/03/31,0,603397,-1235027,-631630
2010/04/01,0,3383000,-409270,2973730
2010/04/02,0,1083000,-2520000,-1437000
2010/04/05,0,0,0,0
2010/04/06,0,1168450,-121000,1047450
2010/04/07,0,2548190,-524000,2024190
2010/04/08,0,2196000,-1589000,607000
2010/04/09,0,3520000,-144120,3375880
2010/04/12,0,1355750,-475000,880750
2010/04/13,0,923000,-350000,573000
2010/04/14,0,2915094,-1627410,1287684
2010/04/15,0,10903000,-1869821,9033179
2010/04/16,0,4007650,-3517880,489770
2010/04/19,0,2322000,-2915845,-593845
2010/04/20,0,4305000,-669000,3636000
2010/04/21,0,5173000,-1342000,3831000
2010/04/22,0,544000,-1574430,-1030430
2010/04/23,0,1577000,-642000,935000
2010/04/26,0,2937000,-977000,1960000
2010/04/27,0,1490748,-2568248,-1077500
2010/04/28,0,1664000,-2441477,-777477
2010/04/29,0,1707000,-866000,841000
2010/04/30,0,4727301,-711214,4016087
2010/05/03,0,239000,-761000,-522000
2010/05/04,0,699000,-1310000,-611000
2010/05/05,0,634000,-3002170,-2368170
2010/05/06,0,1771200,-2580000,-808800
2010/05/07,0,1525000,-5593790,-4068790
2010/05/10,0,2540930,-6286240,-3745310
2010/05/11,0,2269000,-1940529,328471
2010/05/12,0,2465000,-571670,1893330
2010/05/13,0,2320000,-2555000,-235000
2010/05/14,0,451000,-1100000,-649000
2010/05/17,0,699000,-1863000,-1164000
2010/05/18,0,1917000,-2098000,-181000
2010/05/19,0,3387001,-3335800,51201
2010/05/20,0,2980000,-2862054,117946
2010/05/21,0,2475000,-6877120,-4402120
2010/05/24,0,5592000,-2980296,2611704
2010/05/25,0,5073000,-3764753,1308247
2010/05/26,0,3383780,-2878000,505780
2010/05/27,0,1686000,-4667225,-2981225
2010/05/28,0,2927000,-2704000,223000
2010/05/31,0,2520920,-2189590,331330
2010/06/01,0,4543000,-3081000,1462000
2010/06/02,0,3937000,-2254000,1683000
2010/06/03,0,6312000,-1972000,4340000
2010/06/04,0,3369000,-3131100,237900
2010/06/07,0,2568000,-2453870,114130
2010/06/08,0,1395000,-2256000,-861000
2010/06/09,0,545000,-947000,-402000
2010/06/10,0,920000,-5207900,-4287900
2010/06/11,0,1360992,-2182000,-821008
2010/06/14,0,1319152,-693000,626152
2010/06/15,0,2641225,-3434090,-792865
2010/06/16,0,0,0,0
2010/06/17,0,2409719,-2717000,-307281
2010/06/18,0,2193960,-6347132,-4153172
2010/06/21,0,9110951,-3886956,5223995
2010/06/22,0,1177294,-4290880,-3113586
2010/06/23,0,3986878,-1981070,2005808
2010/06/24,0,912000,-967180,-55180
2010/06/25,0,432220,-3234000,-2801780
2010/06/28,0,235000,-717000,-482000
2010/06/29,0,2195000,-2465000,-270000
2010/06/30,0,1162000,-4409987,-3247987
2010/07/01,0,292000,-4602620,-4310620
2010/07/02,0,2194600,-1676670,517930
2010/07/05,0,527950,-1759110,-1231160
2010/07/06,0,1165000,-2406820,-1241820
2010/07/07,0,1169426,-1233000,-63574
2010/07/08,0,789000,-1100000,-311000
2010/07/09,0,2031936,-4491000,-2459064
2010/07/12,0,973000,-1866020,-893020
2010/07/13,0,350000,-133000,217000
2010/07/14,0,3354700,-727257,2627443
2010/07/15,0,2160000,-570000,1590000
2010/07/16,0,1911000,-282005,1628995
2010/07/19,0,1329000,-821000,508000
2010/07/20,0,5020301,-256000,4764301
2010/07/21,0,1446000,-949000,497000
2010/07/22,0,1655600,-371002,1284598
2010/07/23,0,3691000,-274012,3416988
2010/07/26,0,1753140,-226243,1526897
2010/07/27,0,996373,-1345000,-348627
2010/07/28,0,1572000,-316000,1256000
2010/07/29,0,1822000,-497800,1324200
2010/07/30,0,1001351,-801000,200351
2010/08/02,0,2884000,-1024000,1860000
2010/08/03,0,1714100,-343408,1370692
2010/08/04,0,2490760,-2893731,-402971
2010/08/05,0,2555000,-681797,1873203
2010/08/06,0,1696000,-98000,1598000
2010/08/09,0,1380000,-1036000,344000
2010/08/10,0,1232000,-912195,319805
2010/08/11,0,1520000,-1222578,297422
2010/08/12,0,1769000,-4522550,-2753550
2010/08/13,0,780468,-2232000,-1451532
2010/08/16,0,540856,-595001,-54145
2010/08/17,0,2057897,-2520000,-462103
2010/08/18,0,2980000,-3871100,-891100
2010/08/19,0,1736000,-4253271,-2517271
2010/08/20,0,2176000,-1965400,210600
2010/08/23,0,2210000,-1802000,408000
2010/08/24,0,2642070,-1478000,1164070
2010/08/25,0,1326374,-2690000,-1363626
2010/08/26,0,294647,-2793326,-2498679
2010/08/27,0,2196000,-1520043,675957
2010/08/30,0,1010316,-2942000,-1931684
2010/08/31,0,2751334,-2134117,617217
2010/09/01,0,3462000,-2358000,1104000
2010/09/02,0,769900,-881037,-111137
2010/09/03,0,3296000,-5941556,-2645556
2010/09/06,0,1335000,-361000,974000
2010/09/07,0,962155,-1040540,-78385
2010/09/08,0,679990,-1602607,-922617
2010/09/09,0,1360000,-960000,400000
2010/09/10,0,1834140,-1592665,241475
2010/09/13,0,3687000,-2572054,1114946
2010/09/14,0,5346000,-4167839,1178161
2010/09/15,0,5284124,-2696001,2588123
2010/09/16,0,3270000,-834704,2435296
2010/09/17,0,4458000,-3028780,1429220
2010/09/20,0,2933000,-516935,2416065
2010/09/21,0,4451000,-1008000,3443000
2010/09/22,0,0,0,0
2010/09/23,0,3941252,-1831738,2109514
2010/09/24,0,3116968,-2320232,796736
2010/09/27,0,2003990,-566201,1437789
2010/09/28,0,1710860,-544258,1166602
2010/09/29,0,4534000,-2147053,2386947
2010/09/30,0,3584400,-791234,2793166
2010/10/01,0,2266439,-1224000,1042439
2010/10/04,0,1137180,-1727000,-589820
2010/10/05,0,3432837,-3027950,404887
2010/10/06,0,1834158,-1198306,635852
2010/10/07,0,11090800,-726492,10364308
2010/10/08,0,2793833,-1442000,1351833
2010/10/11,0,8668680,-949917,7718763
2010/10/12,0,6026410,-1597000,4429410
2010/10/13,0,6407960,-7553467,-1145507
2010/10/14,0,4619520,-1260041,3359479
2010/10/15,0,1953480,-515627,1437853
2010/10/18,0,1206000,-2419100,-1213100
2010/10/19,0,1711810,-873893,837917
2010/10/20,0,2890852,-1162734,1728118
2010/10/21,0,4635785,-2981856,1653929
2010/10/22,0,861146,-1899000,-1037854
2010/10/25,0,4115000,-1743000,2372000
2010/10/26,0,3110841,-293000,2817841
2010/10/27,0,4253250,-533714,3719536
2010/10/28,0,7067314,-2511014,4556300
2010/10/29,0,4203000,-4248010,-45010
2010/11/01,0,3688000,-909358,2778642
2010/11/02,0,4402000,-650624,3751376
2010/11/03,0,4068932,-309000,3759932
2010/11/04,0,2663000,-493511,2169489
2010/11/05,0,2022000,-1055650,966350
2010/11/08,0,788000,-2067396,-1279396
2010/11/09,0,2298000,-2464001,-166001
2010/11/10,0,3197000,-3057790,139210
2010/11/11,0,2722000,-900843,1821157
2010/11/12,0,3076000,-2794000,282000
2010/11/15,0,1997802,-1181000,816802
2010/11/16,0,3207000,-2174000,1033000
2010/11/17,0,1612000,-2388000,-776000
2010/11/18,0,690327,-364468,325859
2010/11/19,0,491150,-1144090,-652940
2010/11/22,0,2744640,-636300,2108340
2010/11/23,0,3261470,-756800,2504670
2010/11/24,0,3264670,-2295409,969261
2010/11/25,0,1995000,-1921176,73824
2010/11/26,0,2371000,-1275000,1096000
2010/11/29,0,3323961,-1659968,1663993
2010/11/30,0,4065963,-2427315,1638648
2010/12/01,0,1036432,-1162000,-125568
2010/12/02,0,1732702,-247570,1485132
2010/12/03,0,2745000,-583600,2161400
2010/12/06,0,2452000,-744100,1707900
2010/12/07,0,1781700,-452198,1329502
2010/12/08,0,4174348,-1166534,3007814
2010/12/09,0,3700000,-520000,3180000
2010/12/10,0,4231688,-1166151,3065537
2010/12/13,0,5293000,-715546,4577454
2010/12/14,0,3294438,-1387308,1907130
2010/12/15,0,1270000,-923229,346771
2010/12/16,0,612000,-705600,-93600
2010/12/17,0,1044000,-459600,584400
2010/12/20,0,3133690,-595300,2538390
2010/12/21,0,1773000,-875390,897610
2010/12/22,0,768000,-753536,14464
2010/12/23,0,1765000,-642055,1122945
2010/12/24,0,434150,-28000,406150
2010/12/27,0,1413000,-20000,1393000
2010/12/28,0,1705000,-718000,987000
2010/12/29,0,1137250,-129500,1007750
2010/12/30,0,2648412,-686000,1962412
2010/12/31,0,890000,-206390,683610
2011/01/03,0,900101,-24000,876101
2011/01/04,0,1518000,-360000,1158000
2011/01/05,0,1228000,-610610,617390
2011/01/06,0,447000,-1357000,-910000
2011/01/07,0,3405000,-2546091,858909
2011/01/10,0,2989504,-1573000,1416504
2011/01/11,0,1662000,-2104000,-442000
2011/01/12,0,3390000,-3331034,58966
2011/01/13,0,2348298,-1410300,937998
2011/01/14,0,830000,-465000,365000
2011/01/17,0,870352,-811000,59352
2011/01/18,0,916000,-786640,129360
2011/01/19,0,2160832,-803100,1357732
2011/01/20,0,1303000,-1309000,-6000
2011/01/21,0,2322000,-2847672,-525672
2011/01/24,0,626000,-710000,-84000
2011/01/25,0,1776000,-2024800,-248800
2011/01/26,0,2540000,-2341790,198210
2011/01/27,0,1346000,-1217277,128723
2011/01/28,0,1375300,-1400000,-24700
2011/01/31,0,0,0,0
2011/02/01,0,0,0,0
2011/02/02,0,0,0,0
2011/02/03,0,0,0,0
2011/02/04,0,0,0,0
2011/02/07,0,0,0,0
2011/02/08,0,5617604,-7071043,-1453439
2011/02/09,0,4182605,-5869427,-1686822
2011/02/10,0,3671780,-3759554,-87774
2011/02/11,0,4734511,-5157254,-422743
2011/02/14,0,2710000,-3653700,-943700
2011/02/15,0,7119000,-7311714,-192714
2011/02/16,0,6833000,-17069687,-10236687
2011/02/17,0,4958000,-4462895,495105
2011/02/18,0,2441000,-2788401,-347401
2011/02/21,0,2948000,-1885500,1062500
2011/02/22,0,2739000,-2367500,371500
2011/02/23,0,4746399,-3888170,858229
2011/02/24,0,3022000,-1954299,1067701
2011/02/25,0,3170576,-3262694,-92118
2011/02/28,0,0,0,0
2011/03/01,0,12391200,-13366000,-974800
2011/03/02,0,7626264,-9451873,-1825609
2011/03/03,0,6145600,-9522000,-3376400
2011/03/04,0,1591797,-4079691,-2487894
2011/03/07,0,386000,-2332000,-1946000
2011/03/08,0,623000,-2418000,-1795000
2011/03/09,0,794000,-5435031,-4641031
2011/03/10,0,787000,-3069948,-2282948
2011/03/11,0,2676001,-4669235,-1993234
2011/03/14,0,1671000,-1365237,305763
2011/03/15,0,1938000,-2590829,-652829
2011/03/16,0,1578000,-2250564,-672564
2011/03/17,0,1467000,-3482460,-2015460
2011/03/18,0,1946184,-1639193,306991
2011/03/21,0,1080000,-607000,473000
2011/03/22,0,545196,-894733,-349537
2011/03/23,0,1189000,-750267,438733
2011/03/24,0,1195200,-1528700,-333500
2011/03/25,0,1254494,-656000,598494
2011/03/28,0,1290000,-2737454,-1447454
2011/03/29,0,7636000,-4162675,3473325
2011/03/30,0,2435000,-1176668,1258332
2011/03/31,0,4556551,-3452407,1104144
2011/04/01,0,4222772,-2097855,2124917
2011/04/04,0,0,0,0
2011/04/05,0,0,0,0
2011/04/06,0,4617689,-2658798,1958891
2011/04/07,0,3867189,-1085575,2781614
2011/04/08,0,6277983,-1816320,4461663
2011/04/11,0,2546924,-532000,2014924
2011/04/12,0,323572,-557882,-234310
2011/04/13,0,1078000,-1565109,-487109
2011/04/14,0,1445629,-707565,738064
2011/04/15,0,1192000,-442000,750000
2011/04/18,0,1132000,-227026,904974
2011/04/19,0,440000,-1101117,-661117
2011/04/20,0,1488124,-384556,1103568
2011/04/21,0,3804944,-638396,3166548
2011/04/22,0,697204,-100000,597204
2011/04/25,0,654000,-130000,524000
2011/04/26,0,1538627,-379000,1159627
2011/04/27,0,5113918,-707963,4405955
2011/04/28,0,1722008,-1411000,311008
2011/04/29,0,2021861,-1331301,690560
2011/05/02,0,0,0,0
2011/05/03,0,5264713,-1665574,3599139
2011/05/04,0,456000,-1533000,-1077000
2011/05/05,0,437583,-677375,-239792
2011/05/06,0,1347060,-2212000,-864940
2011/05/09,0,1316000,-1907263,-591263
2011/05/10,0,1019000,-1305000,-286000
2011/05/11,0,574000,-1685000,-1111000
2011/05/12,0,641000,-6113000,-5472000
2011/05/13,0,1039000,-3341550,-2302550
2011/05/16,0,656000,-2802496,-2146496
2011/05/17,0,822000,-2789200,-1967200
2011/05/18,0,1619000,-6963686,-5344686
2011/05/19,0,2366000,-2338162,27838
2011/05/20,0,1887300,-2571047,-683747
2011/05/23,0,611000,-2046000,-1435000
2011/05/24,0,1019000,-2136203,-1117203
2011/05/25,0,385800,-3134000,-2748200
2011/05/26,0,392688,-3646446,-3253758
2011/05/27,0,686886,-4718113,-4031227
2011/05/30,0,652000,-1812000,-1160000
2011/05/31,0,4162697,-8678100,-4515403
2011/06/01,0,5849700,-6805921,-956221
2011/06/02,0,5155180,-4468541,686639
2011/06/03,0,3792000,-3947609,-155609
2011/06/06,0,0,0,0
2011/06/07,0,3482000,-4090458,-608458
2011/06/08,0,2393000,-3473620,-1080620
2011/06/09,0,2856000,-1983248,872752
2011/06/10,0,2258187,-3116808,-858621
2011/06/13,0,2543000,-2745271,-202271
2011/06/14,0,4311000,-7805297,-3494297
2011/06/15,0,4415000,-7609029,-3194029
2011/06/16,0,1221672,-2352000,-1130328
2011/06/17,0,1167000,-2215163,-1048163
2011/06/20,0,1089000,-951302,137698
2011/06/21,0,10390000,-11233000,-843000
2011/06/22,0,3499000,-3600000,-101000
2011/06/23,0,4963268,-4699312,263956
2011/06/24,0,2718200,-1232680,1485520
2011/06/27,0,1261000,-1123507,137493
2011/06/28,0,1777000,-1083088,693912
2011/06/29,0,2897000,-861740,2035260
2011/06/30,0,3591000,-1912453,1678547
2011/07/01,0,1512775,-320000,1192775
2011/07/04,0,450654,-766946,-316292
2011/07/05,0,479404,-1036000,-556596
2011/07/06,0,1332905,-2718000,-1385095
2011/07/07,0,3525523,-3444000,81523
2011/07/08,0,1766514,-157550,1608964
2011/07/11,0,561837,-166000,395837
2011/07/12,0,389326,-593000,-203674
2011/07/13,0,1127844,-820000,307844
2011/07/14,0,2254580,-804000,1450580
2011/07/15,0,2072770,-493000,1579770
2011/07/18,0,2051071,-616910,1434161
2011/07/19,0,1466000,-617601,848399
2011/07/20,0,4836418,-1937497,2898921
2011/07/21,0,1213090,-1799514,-586424
2011/07/22,0,761607,-805000,-43393
2011/07/25,0,237442,-167000,70442
2011/07/26,0,946046,-1704000,-757954
2011/07/27,0,288210,-1562000,-1273790
2011/07/28,0,8530288,-2077951,6452337
2011/07/29,0,7520380,-5035537,2484843
2011/08/01,0,7788925,-1328000,6460925
2011/08/02,0,12849917,-3682000,9167917
2011/08/03,0,9559465,-887095,8672370
2011/08/04,0,4418315,-1877344,2540971
2011/08/05,0,4832483,-6531000,-1698517
2011/08/08,0,4180649,-5372105,-1191456
2011/08/09,0,3859407,-6574402,-2714995
2011/08/10,0,1318000,-6021920,-4703920
2011/08/11,0,1625000,-2598668,-973668
2011/08/12,0,1297168,-3074528,-1777360
2011/08/15,0,954023,-671636,282387
2011/08/16,0,1080000,-1084142,-4142
2011/08/17,0,911162,-1892571,-981409
2011/08/18,0,1828982,-2223738,-394756
2011/08/19,0,2121157,-830000,1291157
2011/08/22,0,1715211,-3792149,-2076938
2011/08/23,0,2429000,-2144318,284682
2011/08/24,0,2026165,-2579000,-552835
2011/08/25,0,2442203,-1116029,1326174
2011/08/26,0,3958002,-1003757,2954245
2011/08/29,0,2207000,-1072292,1134708
2011/08/30,0,1719299,-2020780,-301481
2011/08/31,0,1152020,-1038000,114020
2011/09/01,0,3506816,-1974316,1532500
2011/09/02,0,1792509,-1025000,767509
2011/09/05,0,4337000,-3678524,658476
2011/09/06,0,11139379,-3163615,7975764
2011/09/07,0,1908794,-404000,1504794
2011/09/08,0,1011122,-1112000,-100878
2011/09/09,0,1909000,-446592,1462408
2011/09/12,0,0,0,0
2011/09/13,0,1111248,-925000,186248
2011/09/14,0,1334913,-1531020,-196107
2011/09/15,0,3061500,-1655147,1406353
2011/09/16,0,2359981,-596068,1763913
2011/09/19,0,1069804,-3045792,-1975988
2011/09/20,0,1393712,-1294910,98802
2011/09/21,0,1616998,-662931,954067
2011/09/22,0,645903,-2837938,-2192035
2011/09/23,0,1421743,-6560910,-5139167
2011/09/26,0,3716087,-5273200,-1557113
2011/09/27,0,7919000,-6791000,1128000
2011/09/28,0,4186643,-4968647,-782004
2011/09/29,0,2596639,-4870000,-2273361
2011/09/30,0,2816000,-3120500,-304500
2011/10/03,0,2394773,-1190901,1203872
2011/10/04,0,2971200,-524510,2446690
2011/10/05,0,1397000,-980000,417000
2011/10/06,0,4050882,-2331025,1719857
2011/10/07,0,2628000,-1171000,1457000
2011/10/10,0,0,0,0
2011/10/11,0,4670000,-729000,3941000
2011/10/12,0,1410000,-914000,496000
2011/10/13,0,3451645,-3061000,390645
2011/10/14,0,384187,-1098000,-713813
2011/10/17,0,2327775,-224000,2103775
2011/10/18,0,1049293,-236750,812543
2011/10/19,0,508309,-264500,243809
2011/10/20,0,1135731,-1183000,-47269
2011/10/21,0,558355,-327000,231355
2011/10/24,0,2435123,-327484,2107639
2011/10/25,0,1938895,-375500,1563395
2011/10/26,0,914000,-436000,478000
2011/10/27,0,1433350,-829000,604350
2011/10/28,0,7491000,-2720122,4770878
2011/10/31,0,3022000,-641000,2381000
2011/11/01,0,3048000,-574700,2473300
2011/11/02,0,1174000,-524000,650000
2011/11/03,0,7221558,-6664558,557000
2011/11/04,0,1414000,-1482000,-68000
2011/11/07,0,1896000,-1057000,839000
2011/11/08,0,1544821,-1077000,467821
2011/11/09,0,2468143,-228000,2240143
2011/11/10,0,1511143,-2484253,-973110
2011/11/11,0,703200,-2184957,-1481757
2011/11/14,0,818231,-1883000,-1064769
2011/11/15,0,727000,-461000,266000
2011/11/16,0,1245900,-1500235,-254335
2011/11/17,0,1012572,-1406366,-393794
2011/11/18,0,893000,-1364834,-471834
2011/11/21,0,464000,-1015027,-551027
2011/11/22,0,632000,-895000,-263000
2011/11/23,0,1175000,-1208000,-33000
2011/11/24,0,581000,-1435000,-854000
2011/11/25,0,1477000,-3974000,-2497000
2011/11/28,0,1116504,-3016000,-1899496
2011/11/29,0,1479625,-3483000,-2003375
2011/11/30,0,2285412,-3032077,-746665
2011/12/01,0,6648879,-9974363,-3325484
2011/12/02,0,1980000,-3136500,-1156500
2011/12/05,0,836000,-1058000,-222000
2011/12/06,0,2451203,-3348292,-897089
2011/12/07,0,3415000,-2384793,1030207
2011/12/08,0,2670701,-2400937,269764
2011/12/09,0,1030881,-1125309,-94428
2011/12/12,0,1054000,-1987000,-933000
2011/12/13,0,704000,-1852000,-1148000
2011/12/14,0,3073000,-2744213,328787
2011/12/15,0,2452000,-1928594,523406
2011/12/16,0,855000,-1288446,-433446
2011/12/19,0,1400000,-706000,694000
2011/12/20,0,1459000,-2110900,-651900
2011/12/21,0,1121000,-2869100,-1748100
2011/12/22,0,1998000,-804000,1194000
2011/12/23,0,4631000,-1594000,3037000
2011/12/26,0,1331000,-866000,465000
2011/12/27,0,437851,-1646851,-1209000
2011/12/28,0,871000,-1310000,-439000
2011/12/29,0,1181000,-814935,366065
2011/12/30,0,1135907,-415867,720040
2012/01/02,0,233000,-407000,-174000
2012/01/03,0,887154,-529500,357654
2012/01/04,0,283000,-1355470,-1072470
2012/01/05,0,1622881,-1386335,236546
2012/01/06,0,3260857,-1225000,2035857
2012/01/09,0,1037000,-3577012,-2540012
2012/01/10,0,2178000,-298736,1879264
2012/01/11,0,2683000,-474000,2209000
2012/01/12,0,1847000,-836000,1011000
2012/01/13,0,4077000,-801000,3276000
2012/01/16,0,3315000,-934628,2380372
2012/01/17,0,1704800,-128000,1576800
2012/01/18,0,3452000,-1246000,2206000
2012/01/19,0,0,0,0
2012/01/20,0,0,0,0
2012/01/23,0,0,0,0
2012/01/24,0,0,0,0
2012/01/25,0,0,0,0
2012/01/26,0,0,0,0
2012/01/27,0,0,0,0
2012/01/30,0,9388339,-5773374,3614965
2012/01/31,0,5340507,-10214000,-4873493
2012/02/01,0,5254900,-6534000,-1279100
2012/02/02,0,4900000,-13297061,-8397061
2012/02/03,0,2138832,-7018429,-4879597
2012/02/06,0,2207331,-4122000,-1914669
2012/02/07,0,1960000,-6588000,-4628000
2012/02/08,0,3669000,-9307251,-5638251
2012/02/09,0,4744000,-7241012,-2497012
2012/02/10,0,2191000,-4091690,-1900690
2012/02/13,0,983000,-2483000,-1500000
2012/02/14,0,833015,-3562500,-2729485
2012/02/15,0,2795000,-2630000,165000
2012/02/16,0,1697021,-4299200,-2602179
2012/02/17,0,1284000,-3890000,-2606000
2012/02/20,0,1143000,-123000,1020000
2012/02/21,0,3139000,-2999863,139137
2012/02/22,0,2215000,-236000,1979000
2012/02/23,0,829000,-634000,195000
2012/02/24,0,1307262,-1333000,-25738
2012/02/27,0,0,0,0
2012/02/28,0,0,0,0
2012/02/29,0,3994578,-2983375,1011203
2012/03/01,0,1069760,-513400,556360
2012/03/02,0,2748297,-2346217,402080
2012/03/05,0,2438000,-1033000,1405000
2012/03/06,0,1384000,-1541000,-157000
2012/03/07,0,1368000,-2354342,-986342
2012/03/08,0,347000,-617000,-270000
2012/03/09,0,638000,-511000,127000
2012/03/12,0,387000,-405000,-18000
2012/03/13,0,1502000,-647000,855000
2012/03/14,0,1379750,-454230,925520
2012/03/15,0,950000,-554000,396000
2012/03/16,0,1702000,-1018200,683800
2012/03/19,0,417000,-446000,-29000
2012/03/20,0,482000,-629000,-147000
2012/03/21,0,2210386,-958386,1252000
2012/03/22,0,1173000,-2148000,-975000
2012/03/23,0,1154000,-3393000,-2239000
2012/03/26,0,869428,-2292000,-1422572
2012/03/27,0,1548000,-426000,1122000
2012/03/28,0,469000,-1041062,-572062
2012/03/29,0,3645080,-1043029,2602051
2012/03/30,0,1998865,-2938000,-939135
2012/04/02,0,1618891,-1225422,393469
2012/04/03,0,2711402,-1602844,1108558
2012/04/04,0,0,0,0
2012/04/05,0,531800,-1597000,-1065200
2012/04/06,0,173000,-4965912,-4792912
2012/04/09,0,366000,-3637000,-3271000
2012/04/10,0,301000,-2586409,-2285409
2012/04/11,0,380000,-2096008,-1716008
2012/04/12,0,639000,-2081000,-1442000
2012/04/13,0,249969,-1421650,-1171681
2012/04/16,0,729000,-1599000,-870000
2012/04/17,0,539000,-1836427,-1297427
2012/04/18,0,690000,-3290611,-2600611
2012/04/19,0,844600,-3331000,-2486400
2012/04/20,0,1417000,-2752613,-1335613
2012/04/23,0,2941929,-3467651,-525722
2012/04/24,0,780000,-3047291,-2267291
2012/04/25,0,1679000,-3813000,-2134000
2012/04/26,0,1980000,-3952655,-1972655
2012/04/27,0,1664524,-4113000,-2448476
2012/04/30,0,879000,-3480580,-2601580
2012/05/01,0,0,0,0
2012/05/02,0,2611400,-5223800,-2612400
2012/05/03,0,870000,-5671864,-4801864
2012/05/04,0,1675160,-4664658,-2989498
2012/05/07,0,695000,-3630000,-2935000
2012/05/08,0,669000,-1013337,-344337
2012/05/09,0,2626000,-1741000,885000
2012/05/10,0,125332,-1187389,-1062057
2012/05/11,0,990955,-1749000,-758045
2012/05/14,0,426000,-663709,-237709
2012/05/15,0,1258000,-1213000,45000
2012/05/16,0,1505571,-3543000,-2037429
2012/05/17,0,1176000,-2698000,-1522000
2012/05/18,0,1060236,-3327000,-2266764
2012/05/21,0,463000,-1164000,-701000
2012/05/22,0,308000,-1780000,-1472000
2012/05/23,0,530143,-1589000,-1058857
2012/05/24,0,656946,-1912000,-1255054
2012/05/25,0,741000,-1830000,-1089000
2012/05/28,0,823000,-2132000,-1309000
2012/05/29,0,1168000,-3210000,-2042000
2012/05/30,0,2883204,-4911599,-2028395
2012/05/31,0,6248100,-7709319,-1461219
2012/06/01,0,822000,-2172378,-1350378
2012/06/04,0,683717,-1321000,-637283
2012/06/05,0,712000,-1350000,-638000
2012/06/06,0,597000,-1313000,-716000
2012/06/07,0,2123150,-1887637,235513
2012/06/08,0,1151403,-623000,528403
2012/06/11,0,2411217,-400189,2011028
2012/06/12,0,1010000,-970000,40000
2012/06/13,0,1094448,-1449450,-355002
2012/06/14,0,1538352,-1295670,242682
2012/06/15,0,2074098,-712583,1361515
2012/06/18,0,2289027,-748000,1541027
2012/06/19,0,1027703,-386320,641383
2012/06/20,0,3138586,-863000,2275586
2012/06/21,0,1960895,-782754,1178141
2012/06/22,0,1774394,-1171000,603394
2012/06/25,0,1942000,-1403091,538909
2012/06/26,0,3021000,-3175015,-154015
2012/06/27,0,3723000,-3925861,-202861
2012/06/28,0,3016310,-2952200,64110
2012/06/29,0,2726000,-2113754,612246
2012/07/02,0,2648000,-3448175,-800175
2012/07/03,0,2526571,-1877000,649571
2012/07/04,0,1056801,-1466000,-409199
2012/07/05,0,745000,-684000,61000
2012/07/06,0,1865000,-1465000,400000
2012/07/09,0,807000,-3606000,-2799000
2012/07/10,0,1230740,-3463000,-2232260
2012/07/11,0,856000,-2533000,-1677000
2012/07/12,0,639258,-4035130,-3395872
2012/07/13,0,698457,-2100501,-1402044
2012/07/16,0,1087000,-2860340,-1773340
2012/07/17,0,795600,-2898353,-2102753
2012/07/18,0,234000,-1834571,-1600571
2012/07/19,0,500000,-1742571,-1242571
2012/07/20,0,397900,-1397821,-999921
2012/07/23,0,1249000,-3546456,-2297456
2012/07/24,0,648344,-5293819,-4645475
2012/07/25,0,950000,-3732666,-2782666
2012/07/26,0,676282,-2793691,-2117409
2012/07/27,0,1363000,-2857000,-1494000
2012/07/30,0,1344553,-1996000,-651447
2012/07/31,0,1662000,-4317206,-2655206
2012/08/01,0,1550300,-1363169,187131
2012/08/02,0,0,0,0
2012/08/03,0,1769707,-4292645,-2522938
2012/08/06,0,1878000,-3438160,-1560160
2012/08/07,0,1794000,-1570000,224000
2012/08/08,0,1594065,-1037732,556333
2012/08/09,0,4733000,-2731300,2001700
2012/08/10,0,891000,-959000,-68000
2012/08/13,0,2431000,-1134980,1296020
2012/08/14,0,2052140,-654000,1398140
2012/08/15,0,1008312,-171000,837312
2012/08/16,0,727000,-612400,114600
2012/08/17,0,348000,-779500,-431500
2012/08/20,0,390000,-857387,-467387
2012/08/21,0,2856452,-430713,2425739
2012/08/22,0,1008849,-1083000,-74151
2012/08/23,0,753850,-527000,226850
2012/08/24,0,156000,-1211000,-1055000
2012/08/27,0,1313000,-729561,583439
2012/08/28,0,985455,-1292000,-306545
2012/08/29,0,881000,-869000,12000
2012/08/30,0,1897000,-2398000,-501000
2012/08/31,0,865372,-1067000,-201628
2012/09/03,0,327000,-2165000,-1838000
2012/09/04,0,528000,-777000,-249000
2012/09/05,0,1217000,-1894000,-677000
2012/09/06,0,635000,-2254000,-1619000
2012/09/07,0,819000,-1482370,-663370
2012/09/10,0,884171,-2976005,-2091834
2012/09/11,0,455000,-3136000,-2681000
2012/09/12,0,904000,-4078000,-3174000
2012/09/13,0,1383000,-2250606,-867606
2012/09/14,0,1469000,-1707000,-238000
2012/09/17,0,1078000,-3041154,-1963154
2012/09/18,0,1757000,-1961000,-204000
2012/09/19,0,1808000,-2304000,-496000
2012/09/20,0,870000,-1743336,-873336
2012/09/21,0,3372300,-2602000,770300
2012/09/24,0,1738000,-1868000,-130000
2012/09/25,0,1627000,-1081000,546000
2012/09/26,0,853000,-584000,269000
2012/09/27,0,1491000,-1986161,-495161
2012/09/28,0,883007,-850080,32927
2012/10/01,0,1859000,-1594000,265000
2012/10/02,0,1592000,-615634,976366
2012/10/03,0,677000,-1915000,-1238000
2012/10/04,0,1702000,-1762000,-60000
2012/10/05,0,1691000,-2145000,-454000
2012/10/08,0,1019800,-1018000,1800
2012/10/09,0,2729000,-1551579,1177421
2012/10/10,0,0,0,0
2012/10/11,0,411000,-2851142,-2440142
2012/10/12,0,973000,-2417300,-1444300
2012/10/15,0,867623,-2332000,-1464377
2012/10/16,0,1242000,-4269000,-3027000
2012/10/17,0,624000,-903534,-279534
2012/10/18,0,599000,-514000,85000
2012/10/19,0,887000,-785000,102000
2012/10/22,0,1167000,-757858,409142
2012/10/23,0,1011500,-1675749,-664249
2012/10/24,0,787000,-1350462,-563462
2012/10/25,0,637000,-868000,-231000
2012/10/26,0,1156000,-1465076,-309076
2012/10/29,0,451400,-3514000,-3062600
2012/10/30,0,569000,-1526633,-957633
2012/10/31,0,537000,-1430000,-893000
2012/11/01,0,1297000,-4230000,-2933000
2012/11/02,0,2235000,-6750000,-4515000
2012/11/05,0,2661000,-2375000,286000
2012/11/06,0,3304020,-2429600,874420
2012/11/07,0,1364000,-2524600,-1160600
2012/11/08,0,1496000,-2494631,-998631
2012/11/09,0,689000,-1577000,-888000
2012/11/12,0,1296000,-898000,398000
2012/11/13,0,711000,-1817000,-1106000
2012/11/14,0,1543000,-2453897,-910897
2012/11/15,0,1695000,-2367000,-672000
2012/11/16,0,1927000,-1969000,-42000
2012/11/19,0,2354000,-2774000,-420000
2012/11/20,0,1751000,-1518807,232193
2012/11/21,0,1269000,-1446000,-177000
2012/11/22,0,969000,-2045000,-1076000
2012/11/23,0,2698000,-5604564,-2906564
2012/11/26,0,2212000,-6163000,-3951000
2012/11/27,0,4068000,-11816000,-7748000
2012/11/28,0,3359900,-13877465,-10517565
2012/11/29,0,7372000,-5839000,1533000
2012/11/30,0,2922000,-9834713,-6912713
2012/12/03,0,1553000,-2569680,-1016680
2012/12/04,0,1957819,-4257465,-2299646
2012/12/05,0,1410000,-1971000,-561000
2012/12/06,0,1258000,-762000,496000
2012/12/07,0,1668000,-927000,741000
2012/12/10,0,1665000,-1764108,-99108
2012/12/11,0,2082220,-6129343,-4047123
2012/12/12,0,3072000,-5812120,-2740120
2012/12/13,0,6053048,-3788000,2265048
2012/12/14,0,5096210,-6018000,-921790
2012/12/17,0,1413000,-3052000,-1639000
2012/12/18,0,1951000,-5500000,-3549000
2012/12/19,0,3369000,-3157866,211134
2012/12/20,0,1511000,-3669657,-2158657
2012/12/21,0,1279000,-2142783,-863783
2012/12/24,0,271000,-363000,-92000
2012/12/25,0,514000,-679000,-165000
2012/12/26,0,366000,-1398683,-1032683
2012/12/27,0,710291,-1833400,-1123109
2012/12/28,0,1052000,-3523182,-2471182
2012/12/31,0,0,0,0
2013/01/01,0,0,0,0
2013/01/02,0,1841584,-1675550,166034
2013/01/03,0,3306000,-2997000,309000
2013/01/04,0,2059000,-7081861,-5022861
2013/01/07,0,1399000,-7297800,-5898800
2013/01/08,0,1742000,-2249000,-507000
2013/01/09,0,3812000,-2677000,1135000
2013/01/10,0,3308000,-3000000,308000
2013/01/11,0,3693000,-2945534,747466
2013/01/14,0,8380850,-7568000,812850
2013/01/15,0,10491100,-6635217,3855883
2013/01/16,0,3835800,-4259099,-423299
2013/01/17,0,7316700,-2796000,4520700
2013/01/18,0,5388268,-2813000,2575268
2013/01/21,0,4564716,-338000,4226716
2013/01/22,0,2598000,-189917,2408083
2013/01/23,0,1248000,-243011,1004989
2013/01/24,0,779000,-644000,135000
2013/01/25,0,1917678,-1207000,710678
2013/01/28,0,962000,-460000,502000
2013/01/29,0,2712000,-484000,2228000
2013/01/30,0,2570000,-1306000,1264000
2013/01/31,0,3521657,-3083280,438377
2013/02/01,0,5323676,-2616676,2707000
2013/02/04,0,4793000,-394000,4399000
2013/02/05,0,6658000,-1957000,4701000
2013/02/06,0,5440567,-1242000,4198567
2013/02/07,0,0,0,0
2013/02/08,0,0,0,0
2013/02/11,0,0,0,0
2013/02/12,0,0,0,0
2013/02/13,0,0,0,0
2013/02/14,0,0,0,0
2013/02/15,0,0,0,0
2013/02/18,0,6416557,-1275000,5141557
2013/02/19,0,4400476,-1866783,2533693
2013/02/20,0,2603151,-1461000,1142151
2013/02/21,0,2787634,-907000,1880634
2013/02/22,0,2453000,-905000,1548000
2013/02/25,0,1126000,-1108354,17646
2013/02/26,0,1915000,-1160256,754744
2013/02/27,0,4246000,-2784521,1461479
2013/02/28,0,0,0,0
2013/03/01,0,1143804,-2468055,-1324251
2013/03/04,0,1996000,-2622000,-626000
2013/03/05,0,4661000,-4013000,648000
2013/03/06,0,695000,-3040100,-2345100
2013/03/07,0,682000,-1442523,-760523
2013/03/08,0,632300,-985000,-352700
2013/03/11,0,684000,-471000,213000
2013/03/12,0,307000,-559637,-252637
2013/03/13,0,927000,-864067,62933
2013/03/14,0,1628000,-2923739,-1295739
2013/03/15,0,3936248,-4698150,-761902
2013/03/18,0,1861000,-5537000,-3676000
2013/03/19,0,1915000,-4280753,-2365753
2013/03/20,0,831000,-2947895,-2116895
2013/03/21,0,1001000,-3991000,-2990000
2013/03/22,0,1217000,-2651790,-1434790
2013/03/25,0,282000,-1086000,-804000
2013/03/26,0,556296,-1396597,-840301
2013/03/27,0,927800,-1803812,-876012
2013/03/28,0,1904715,-4295919,-2391204
2013/03/29,0,3156000,-2638000,518000
2013/04/01,0,933979,-1242000,-308021
2013/04/02,0,2114422,-4188000,-2073578
2013/04/03,0,1426348,-3489588,-2063240
2013/04/04,0,0,0,0
2013/04/05,0,0,0,0
2013/04/08,0,2188000,-4789000,-2601000
2013/04/09,0,1870536,-7528875,-5658339
2013/04/10,0,4124000,-7826464,-3702464
2013/04/11,0,4937231,-2627492,2309739
2013/04/12,0,2492000,-1985000,507000
2013/04/15,0,1631147,-1185000,446147
2013/04/16,0,972639,-443900,528739
2013/04/17,0,352000,-2248588,-1896588
2013/04/18,0,953000,-2762000,-1809000
2013/04/19,0,435000,-991000,-556000
2013/04/22,0,1106000,-4047732,-2941732
2013/04/23,0,1688000,-3729000,-2041000
2013/04/24,0,2331000,-3700950,-1369950
2013/04/25,0,1211000,-1785588,-574588
2013/04/26,0,1436000,-959036,476964
2013/04/29,0,772000,-745048,26952
2013/04/30,0,2033000,-1460000,573000
2013/05/01,0,0,0,0
2013/05/02,0,2944090,-4602872,-1658782
2013/05/03,0,882000,-3490824,-2608824
2013/05/06,0,1381000,-1228187,152813
2013/05/07,0,769000,-206747,562253
2013/05/08,0,2770871,-724174,2046697
2013/05/09,0,1275660,-431000,844660
2013/05/10,0,1177000,-2084000,-907000
2013/05/13,0,616000,-1473740,-857740
2013/05/14,0,948000,-1818997,-870997
2013/05/15,0,1079000,-2153260,-1074260
2013/05/16,0,726000,-10943000,-10217000
2013/05/17,0,3309974,-15519130,-12209156
2013/05/20,0,2182006,-5410000,-3227994
2013/05/21,0,1772000,-6598314,-4826314
2013/05/22,0,2386000,-4001000,-1615000
2013/05/23,0,1688000,-4736000,-3048000
2013/05/24,0,711946,-4129000,-3417054
2013/05/27,0,1502655,-6608028,-5105373
2013/05/28,0,914000,-3028799,-2114799
2013/05/29,0,3693000,-8723747,-5030747
2013/05/30,0,1455000,-3246000,-1791000
2013/05/31,0,1436000,-2628591,-1192591
2013/06/03,0,1154000,-2489000,-1335000
2013/06/04,0,3914000,-2753000,1161000
2013/06/05,0,8347000,-6319843,2027157
2013/06/06,0,1467857,-3349609,-1881752
2013/06/07,0,943000,-2167106,-1224106
2013/06/10,0,2982000,-1712000,1270000
2013/06/11,0,1532000,-1792000,-260000
2013/06/12,0,0,0,0
2013/06/13,0,5401000,-5165000,236000
2013/06/14,0,3871000,-3494200,376800
2013/06/17,0,2036000,-2346365,-310365
2013/06/18,0,590750,-1638000,-1047250
2013/06/19,0,3196000,-4294903,-1098903
2013/06/20,0,6557000,-4247727,2309273
2013/06/21,0,18505200,-16474967,2030233
2013/06/24,0,874000,-4173000,-3299000
2013/06/25,0,4309000,-9290598,-4981598
2013/06/26,0,3672000,-6392813,-2720813
2013/06/27,0,3870000,-4514000,-644000
2013/06/28,0,3193000,-3677649,-484649
2013/07/01,0,2486000,-2775304,-289304
2013/07/02,0,2779943,-3080193,-300250
2013/07/03,0,1913000,-9090800,-7177800
2013/07/04,0,1621000,-4357567,-2736567
2013/07/05,0,3749000,-3753000,-4000
2013/07/08,0,1144000,-1866000,-722000
2013/07/09,0,1869000,-2473000,-604000
2013/07/10,0,832000,-3766000,-2934000
2013/07/11,0,2192828,-1950165,242663
2013/07/12,0,1266000,-1234000,32000
2013/07/15,0,1776000,-930023,845977
2013/07/16,0,1453000,-2981000,-1528000
2013/07/17,0,1828000,-1463000,365000
2013/07/18,0,2975000,-1993000,982000
2013/07/19,0,1968250,-3662166,-1693916
2013/07/22,0,3837016,-3801000,36016
2013/07/23,0,3317000,-6506000,-3189000
2013/07/24,0,2680000,-6416292,-3736292
2013/07/25,0,2947000,-10555000,-7608000
2013/07/26,0,3143000,-3979000,-836000
2013/07/29,0,2061000,-4309000,-2248000
2013/07/30,0,1302000,-4342000,-3040000
2013/07/31,0,1202000,-5831601,-4629601
2013/08/01,0,2072000,-3349000,-1277000
2013/08/02,0,2741000,-6070368,-3329368
2013/08/05,0,2537000,-5393000,-2856000
2013/08/06,0,708000,-14605000,-13897000
2013/08/07,0,1041000,-15838000,-14797000
2013/08/08,0,3549000,-16224699,-12675699
2013/08/09,0,2900000,-2896000,4000
2013/08/12,0,2899000,-731000,2168000
2013/08/13,0,4735000,-3889000,846000
2013/08/14,0,766788,-1532000,-765212
2013/08/15,0,14863000,-1700241,13162759
2013/08/16,0,16985000,-1053000,15932000
2013/08/19,0,15618000,-3703000,11915000
2013/08/20,0,4995764,-2390000,2605764
2013/08/21,0,0,0,0
2013/08/22,0,12897000,-3642000,9255000
2013/08/23,0,4950000,-1776000,3174000
2013/08/26,0,3902000,-1393000,2509000
2013/08/27,0,7599000,-4151000,3448000
2013/08/28,0,5554000,-4958000,596000
2013/08/29,0,2640428,-4994750,-2354322
2013/08/30,0,6071315,-4378587,1692728
2013/09/02,0,2727000,-2202000,525000
2013/09/03,0,1626000,-2373000,-747000
2013/09/04,0,5333700,-961000,4372700
2013/09/05,0,10048968,-1023000,9025968
2013/09/06,0,1884000,-4173000,-2289000
2013/09/09,0,5202000,-3312300,1889700
2013/09/10,0,4073000,-1817000,2256000
2013/09/11,0,3623900,-1444040,2179860
2013/09/12,0,5433000,-3104102,2328898
2013/09/13,0,6591000,-438000,6153000
2013/09/16,0,3081000,-1849000,1232000
2013/09/17,0,2894000,-3083984,-189984
2013/09/18,0,5777378,-5526462,250916
2013/09/19,0,0,0,0
2013/09/20,0,0,0,0
2013/09/23,0,6079286,-5792000,287286
2013/09/24,0,7457000,-4487620,2969380
2013/09/25,0,5016000,-3287896,1728104
2013/09/26,0,3709868,-4699000,-989132
2013/09/27,0,4462000,-4745064,-283064
2013/09/30,0,4473403,-5367000,-893597
2013/10/01,0,766000,-2756172,-1990172
2013/10/02,0,1201800,-1777324,-575524
2013/10/03,0,3927151,-7131232,-3204081
2013/10/04,0,2018000,-1956000,62000
2013/10/07,0,1637000,-1418000,219000
2013/10/08,0,2392000,-2112000,280000
2013/10/09,0,1422000,-2188494,-766494
2013/10/10,0,0,0,0
2013/10/11,0,2796000,-841000,1955000
2013/10/14,0,4955000,-633106,4321894
2013/10/15,0,908000,-1176000,-268000
2013/10/16,0,706000,-1949600,-1243600
2013/10/17,0,1141000,-1486000,-345000
2013/10/18,0,1439000,-695268,743732
2013/10/21,0,947272,-658000,289272
2013/10/22,0,2991000,-552000,2439000
2013/10/23,0,2022071,-2089000,-66929
2013/10/24,0,1491000,-3100000,-1609000
2013/10/25,0,2266000,-2175000,91000
2013/10/28,0,886000,-825000,61000
2013/10/29,0,1292000,-677400,614600
2013/10/30,0,1937000,-397000,1540000
2013/10/31,0,929000,-1007525,-78525
2013/11/01,0,448000,-967000,-519000
2013/11/04,0,906000,-1862000,-956000
2013/11/05,0,3919000,-516885,3402115
2013/11/06,0,1252000,-517000,735000
2013/11/07,0,1356000,-293000,1063000
2013/11/08,0,1106000,-959000,147000
2013/11/11,0,575000,-865000,-290000
2013/11/12,0,1824400,-1005000,819400
2013/11/13,0,2898742,-1149000,1749742
2013/11/14,0,636000,-709000,-73000
2013/11/15,0,1159000,-1880000,-721000
2013/11/18,0,4089000,-5323000,-1234000
2013/11/19,0,2525000,-812354,1712646
2013/11/20,0,3065000,-1113263,1951737
2013/11/21,0,2215000,-3476000,-1261000
2013/11/22,0,921000,-1124000,-203000
2013/11/25,0,768000,-1398000,-630000
2013/11/26,0,6346259,-6988510,-642251
2013/11/27,0,575000,-4139773,-3564773
2013/11/28,0,1729000,-1773000,-44000
2013/11/29,0,4480000,-1646000,2834000
2013/12/02,0,783000,-2307000,-1524000
2013/12/03,0,667000,-1753427,-1086427
2013/12/04,0,2067000,-1338000,729000
2013/12/05,0,710000,-3202000,-2492000
2013/12/06,0,2038000,-1014500,1023500
2013/12/09,0,2515000,-4174211,-1659211
2013/12/10,0,1535000,-2003000,-468000
2013/12/11,0,1028000,-856000,172000
2013/12/12,0,349000,-2325100,-1976100
2013/12/13,0,632798,-1687000,-1054202
2013/12/16,0,387000,-1374850,-987850
2013/12/17,0,235000,-935584,-700584
2013/12/18,0,1260000,-1104000,156000
2013/12/19,0,247000,-496000,-249000
2013/12/20,0,1126000,-941112,184888
2013/12/23,0,1701000,-1111000,590000
2013/12/24,0,119000,-504000,-385000
2013/12/25,0,180000,-105000,75000
2013/12/26,0,119000,-119000,0
2013/12/27,0,669000,-867000,-198000
2013/12/30,0,1651000,-452006,1198994
2013/12/31,0,3621000,-1165000,2456000
2014/01/02,0,3060000,-1655000,1405000
2014/01/03,0,2655800,-1369000,1286800
2014/01/06,0,1910978,-1246500,664478
2014/01/07,0,1658000,-1450000,208000
2014/01/08,0,2452000,-1410000,1042000
2014/01/09,0,2263000,-1792900,470100
2014/01/10,0,1502000,-3183000,-1681000
2014/01/13,0,1087000,-305000,782000
2014/01/14,0,3386000,-1256000,2130000
2014/01/15,0,4473000,-4955659,-482659
2014/01/16,0,4789000,-3430700,1358300
2014/01/17,0,5275000,-2362000,2913000
2014/01/20,0,4617000,-1278000,3339000
2014/01/21,0,8315000,-1399244,6915756
2014/01/22,0,4828000,-2641000,2187000
2014/01/23,0,4413000,-3028668,1384332
2014/01/24,0,3467000,-2267700,1199300
2014/01/27,0,1940000,-3255030,-1315030
2014/02/05,0,5923000,-8388085,-2465085
2014/02/06,0,1174000,-3293000,-2119000
2014/02/07,0,3084000,-1735352,1348648
2014/02/10,0,1903120,-1850000,53120
2014/02/11,0,1473505,-2400565,-927060
2014/02/12,0,3190000,-3658901,-468901
2014/02/13,0,1192000,-1730050,-538050
2014/02/14,0,1659940,-710000,949940
2014/02/17,0,559000,-787000,-228000
2014/02/18,0,1411000,-1748000,-337000
2014/02/19,0,1516000,-1338000,178000
2014/02/20,0,2045990,-1331474,714516
2014/02/21,0,1325000,-1050000,275000
2014/02/24,0,537000,-355693,181307
2014/02/25,0,668290,-1689868,-1021578
2014/02/26,0,1742000,-2283042,-541042
2014/02/27,0,2254000,-922813,1331187
2014/03/03,0,2055000,-2198800,-143800
2014/03/04,0,392000,-2798000,-2406000
2014/03/05,0,1511000,-1445653,65347
2014/03/06,0,1624000,-2084000,-460000
2014/03/07,0,1230000,-2050000,-820000
2014/03/10,0,917000,-636850,280150
2014/03/11,0,450000,-552249,-102249
2014/03/12,0,997000,-1574250,-577250
2014/03/13,0,361000,-1907535,-1546535
2014/03/14,0,2993000,-1814000,1179000
2014/03/17,0,1815000,-2521000,-706000
2014/03/18,0,2518000,-3890600,-1372600
2014/03/19,0,1581000,-2057600,-476600
2014/03/20,0,1935000,-3883000,-1948000
2014/03/21,0,3816000,-2004144,1811856
2014/03/24,0,1592000,-1475000,117000
2014/03/25,0,1381000,-2004000,-623000
2014/03/26,0,1101000,-2177000,-1076000
2014/03/27,0,1089000,-2427000,-1338000
2014/03/28,0,2591000,-1800000,791000
2014/03/31,0,3715436,-862000,2853436
2014/04/01,0,2886000,-5775969,-2889969
2014/04/02,0,3132070,-6176500,-3044430
2014/04/03,0,1677000,-3152168,-1475168
2014/04/07,0,2965000,-2929000,36000
2014/04/08,0,572850,-857000,-284150
2014/04/09,0,1108000,-996000,112000
2014/04/10,0,936000,-1426875,-490875
2014/04/11,0,490000,-810000,-320000
2014/04/14,0,871000,-1530000,-659000
2014/04/15,0,696000,-534549,161451
2014/04/16,0,1128000,-757000,371000
2014/04/17,0,537000,-2143000,-1606000
2014/04/18,0,706000,-620000,86000
2014/04/21,0,197000,-866000,-669000
2014/04/22,0,2287000,-1112000,1175000
2014/04/23,0,2170000,-1630539,539461
2014/04/24,0,2932000,-1781000,1151000
2014/04/25,0,1988000,-1483000,505000
2014/04/28,0,1822000,-825000,997000
2014/04/29,0,1081000,-1274982,-193982
2014/04/30,0,2015000,-3665000,-1650000
2014/05/02,0,1167000,-1077000,90000
2014/05/05,0,389000,-740000,-351000
2014/05/06,0,323000,-391000,-68000
2014/05/07,0,879000,-931000,-52000
2014/05/08,0,554000,-755767,-201767
2014/05/09,0,546000,-2350618,-1804618
2014/05/12,0,284850,-939123,-654273
2014/05/13,0,910000,-676000,234000
2014/05/14,0,954000,-833000,121000
2014/05/15,0,552000,-1997000,-1445000
2014/05/16,0,1211000,-2834310,-1623310
2014/05/19,0,1630000,-2093813,-463813
2014/05/20,0,953000,-1719882,-766882
2014/05/21,0,441000,-1360875,-919875
2014/05/22,0,1018000,-563000,455000
2014/05/23,0,587000,-658330,-71330
2014/05/26,0,1087000,-99000,988000
2014/05/27,0,3208800,-991000,2217800
2014/05/28,0,2047000,-2369293,-322293
2014/05/29,0,757000,-1818498,-1061498
2014/05/30,0,1766000,-3326654,-1560654
2014/06/03,0,1137000,-2545828,-1408828
2014/06/04,0,106000,-1097000,-991000
2014/06/05,0,367662,-1832000,-1464338
2014/06/06,0,509000,-790000,-281000
2014/06/09,0,1698000,-1374000,324000
2014/06/10,0,1120089,-1085700,34389
2014/06/11,0,448662,-5264700,-4816038
2014/06/12,0,1616662,-2757000,-1140338
2014/06/13,0,3081662,-1432000,1649662
2014/06/16,0,496093,-1356086,-859993
2014/06/17,0,759000,-747000,12000
2014/06/18,0,2538700,-503000,2035700
2014/06/19,0,794899,-374000,420899
2014/06/20,0,672000,-1217000,-545000
2014/06/23,0,571000,-1162146,-591146
2014/06/24,0,790000,-228811,561189
2014/06/25,0,1101000,-353274,747726
2014/06/26,0,2002778,-1622586,380192
2014/06/27,0,1424000,-417000,1007000
2014/06/30,0,1745000,-919000,826000
2014/07/01,0,1008610,-431000,577610
2014/07/02,0,2417700,-717657,1700043
2014/07/03,0,410000,-703000,-293000
2014/07/04,0,958000,-667000,291000
2014/07/07,0,1071000,-526000,545000
2014/07/08,0,580000,-861000,-281000
2014/07/09,0,938000,-943000,-5000
2014/07/10,0,965000,-2001000,-1036000
2014/07/11,0,367000,-956000,-589000
2014/07/14,0,1064000,-1261000,-197000
2014/07/15,0,703324,-943000,-239676
2014/07/16,0,324000,-495000,-171000
2014/07/17,0,2796421,-720675,2075746
2014/07/18,0,1118000,-1263000,-145000
2014/07/21,0,408000,-421000,-13000
2014/07/22,0,981000,-309030,671970
2014/07/23,0,0,0,0
2014/07/24,0,4074247,-903000,3171247
2014/07/25,0,3243000,-982000,2261000
2014/07/28,0,2696000,-1521000,1175000
2014/07/29,0,2488000,-1936000,552000
2014/07/30,0,1572000,-945000,627000
2014/07/31,0,1010000,-1837000,-827000
2014/08/01,0,712000,-448000,264000
2014/08/04,0,2551000,-2065000,486000
2014/08/05,0,2558000,-2007000,551000
2014/08/06,0,1163000,-813000,350000
2014/08/07,0,688077,-770885,-82808
2014/08/08,0,527000,-969032,-442032
2014/08/11,0,139000,-1144000,-1005000
2014/08/12,0,517000,-1339646,-822646
2014/08/13,0,2007000,-1921000,86000
2014/08/14,0,1260000,-5518000,-4258000
2014/08/15,0,4746000,-606000,4140000
2014/08/18,0,1162000,-2149000,-987000
2014/08/19,0,1258390,-1418000,-159610
2014/08/20,0,811730,-1549000,-737270
2014/08/21,0,474000,-383000,91000
2014/08/22,0,1231202,-1709000,-477798
2014/08/25,0,1145000,-658000,487000
2014/08/26,0,469862,-863000,-393138
2014/08/27,0,1080000,-806000,274000
2014/08/28,0,1013000,-1156000,-143000
2014/08/29,0,1987000,-2023621,-36621
2014/09/01,0,778000,-502000,276000
2014/09/02,0,52000,-637000,-585000
2014/09/03,0,2260231,-527000,1733231
2014/09/04,0,804250,-1001121,-196871
2014/09/05,0,588000,-1282000,-694000
2014/09/09,0,1734000,-871000,863000
2014/09/10,0,899000,-1575000,-676000
2014/09/11,0,171000,-1334000,-1163000
2014/09/12,0,349023,-656000,-306977
2014/09/15,0,292000,-516000,-224000
2014/09/16,0,229000,-731000,-502000
2014/09/17,0,626700,-1121000,-494300
2014/09/18,0,806000,-1051200,-245200
2014/09/19,0,1799000,-2390782,-591782
2014/09/22,0,649000,-1821000,-1172000
2014/09/23,0,453000,-945000,-492000
2014/09/24,0,854200,-301000,553200
2014/09/25,0,713000,-1721000,-1008000
2014/09/26,0,207000,-541000,-334000
2014/09/29,0,841000,-2491000,-1650000
2014/09/30,0,1343000,-1807000,-464000
2014/10/01,0,1132000,-1242000,-110000
2014/10/02,0,364698,-1962000,-1597302
2014/10/03,0,1045850,-1931000,-885150
2014/10/06,0,963000,-2150000,-1187000
2014/10/07,0,2102000,-2468800,-366800
2014/10/08,0,2869000,-2383000,486000
2014/10/09,0,2134749,-699000,1435749
2014/10/13,0,821000,-1827000,-1006000
2014/10/14,0,1376000,-1079000,297000
2014/10/15,0,2706000,-2328732,377268
2014/10/16,0,2356000,-1377000,979000
2014/10/17,0,5097000,-5926984,-829984
2014/10/20,0,1411000,-765369,645631
2014/10/21,0,902000,-715000,187000
2014/10/22,0,2261864,-1771000,490864
2014/10/23,0,720864,-482000,238864
2014/10/24,0,983000,-719065,263935
2014/10/27,0,1178000,-485000,693000
2014/10/28,0,1636000,-1684000,-48000
2014/10/29,0,2183592,-2021000,162592
2014/10/30,0,2104000,-2472463,-368463
2014/10/31,0,2092609,-1678000,414609
2014/11/03,0,3012000,-1649000,1363000
2014/11/04,0,783000,-792000,-9000
2014/11/05,0,1997000,-1432000,565000
2014/11/06,0,1357000,-799000,558000
2014/11/07,0,1186000,-560216,625784
2014/11/10,0,1349000,-289600,1059400
2014/11/11,0,1242000,-627000,615000
2014/11/12,0,906000,-1369600,-463600
2014/11/13,0,255000,-653000,-398000
2014/11/14,0,4733000,-762000,3971000
2014/11/17,0,2149000,-1221572,927428
2014/11/18,0,2566000,-564000,2002000
2014/11/19,0,3847781,-1193000,2654781
2014/11/20,0,2641000,-356000,2285000
2014/11/21,0,2307000,-862000,1445000
2014/11/24,0,2069000,-360000,1709000
2014/11/25,0,6685811,-5355984,1329827
2014/11/26,0,1150002,-560002,590000
2014/11/27,0,1684000,-493000,1191000
2014/11/28,0,1120000,-326000,794000
2014/12/01,0,1462640,-998059,464581
2014/12/02,0,1394894,-1326000,68894
2014/12/03,0,2620342,-460342,2160000
2014/12/04,0,1409000,-1813000,-404000
2014/12/05,0,2757106,-1007000,1750106
2014/12/08,0,2742000,-860000,1882000
2014/12/09,0,1818000,-483000,1335000
2014/12/10,0,2775943,-1152049,1623894
2014/12/11,0,1891000,-1661985,229015
2014/12/12,0,2955315,-3767315,-812000
2014/12/15,0,1592478,-2583315,-990837
2014/12/16,0,3044000,-2442000,602000
2014/12/17,0,2945000,-4018778,-1073778
2014/12/18,0,2007518,-2558000,-550482
2014/12/19,0,2205000,-1101281,1103719
2014/12/22,0,1091108,-1337000,-245892
2014/12/23,0,2517000,-534000,1983000
2014/12/24,0,859000,-977000,-118000
2014/12/25,0,583000,-127000,456000
2014/12/26,0,390000,-161000,229000
2014/12/29,0,1803083,-285000,1518083
2014/12/30,0,3553917,-1730000,1823917
2014/12/31,0,2311000,-559079,1751921
2015/01/01,0,0,0,0
2015/01/02,0,0,0,0
2015/01/05,0,682901,-1017000,-334099
2015/01/06,0,1483330,-1826330,-343000
2015/01/07,0,914468,-1198468,-284000
2015/01/08,0,6361116,-4940017,1421099
2015/01/09,0,521000,-404000,117000
2015/01/12,0,1036000,-519000,517000
2015/01/13,0,1210000,-572000,638000
2015/01/14,0,1809000,-1284000,525000
2015/01/15,0,797000,-1016000,-219000
2015/01/16,0,932000,-1419901,-487901
2015/01/19,0,515000,-269000,246000
2015/01/20,0,797000,-164000,633000
2015/01/21,0,1097000,-691000,406000
2015/01/22,0,1435000,-335359,1099641
2015/01/23,0,2150000,-999455,1150545
2015/01/26,0,1093000,-1103000,-10000
2015/01/27,0,783000,-709000,74000
2015/01/28,0,1612000,-1118000,494000
2015/01/29,0,1394200,-1024000,370200
2015/01/30,0,1731000,-2945000,-1214000
2015/02/02,0,1021323,-768323,253000
2015/02/03,0,1337000,-334415,1002585
2015/02/04,0,1520000,-1264000,256000
2015/02/05,0,1213000,-246000,967000
2015/02/06,0,1637000,-886000,751000
2015/02/09,0,573646,-595000,-21354
2015/02/10,0,1196000,-405000,791000
2015/02/11,0,1034048,-423000,611048
2015/02/12,0,744000,-931000,-187000
2015/02/13,0,1287000,-395000,892000
2015/02/16,0,0,0,0
2015/02/17,0,0,0,0
2015/02/18,0,0,0,0
2015/02/19,0,0,0,0
2015/02/20,0,0,0,0
2015/02/23,0,0,0,0
2015/02/24,0,2933000,-723430,2209570
2015/02/25,0,969000,-552475,416525
2015/02/26,0,1615000,-921237,693763
2015/02/27,0,0,0,0
2015/03/02,0,750000,-484592,265408
2015/03/03,0,1181315,-392000,789315
2015/03/04,0,1162000,-227000,935000
2015/03/05,0,429000,-1060000,-631000
2015/03/06,0,1125000,-646000,479000
2015/03/09,0,386000,-590473,-204473
2015/03/10,0,1789754,-1258000,531754
2015/03/11,0,1874000,-2232000,-358000
2015/03/12,0,2818000,-1462000,1356000
2015/03/13,0,780000,-1373444,-593444
2015/03/16,0,810000,-501915,308085
2015/03/17,0,984000,-566000,418000
2015/03/18,0,1753000,-1902000,-149000
2015/03/19,0,941000,-2155000,-1214000
2015/03/20,0,2009000,-2667000,-658000
2015/03/23,0,363000,-1375000,-1012000
2015/03/24,0,1077864,-1759000,-681136
2015/03/25,0,553000,-1446000,-893000
2015/03/26,0,1243000,-1574883,-331883
2015/03/27,0,433000,-1586800,-1153800
2015/03/30,0,533000,-1235000,-702000
2015/03/31,0,1354000,-1579000,-225000
2015/04/01,0,544000,-1476000,-932000
2015/04/02,0,768000,-1125000,-357000
2015/04/03,0,0,0,0
2015/04/06,0,0,0,0
2015/04/07,0,938000,-1077000,-139000
2015/04/08,0,717400,-1628719,-911319
2015/04/09,0,969000,-1073000,-104000
2015/04/10,0,1022000,-1339630,-317630
2015/04/13,0,642000,-1800000,-1158000
2015/04/14,0,456000,-1233000,-777000
2015/04/15,0,562000,-3216800,-2654800
2015/04/16,0,1337000,-1126483,210517
2015/04/17,0,1354048,-978000,376048
2015/04/20,0,1952958,-1103008,849950
2015/04/21,0,1732000,-808000,924000
2015/04/22,0,1311000,-1613104,-302104
2015/04/23,0,2444000,-1109004,1334996
2015/04/24,0,2243000,-973000,1270000
2015/04/27,0,1537000,-438000,1099000
2015/04/28,0,1110000,-1991000,-881000
2015/04/29,0,3496000,-2665000,831000
2015/04/30,0,2580000,-2702000,-122000
2015/05/01,0,0,0,0
2015/05/04,0,500000,-732000,-232000
2015/05/05,0,734000,-574000,160000
2015/05/06,0,1178000,-892000,286000
2015/05/07,0,655000,-737000,-82000
2015/05/08,0,1157864,-571580,586284
2015/05/11,0,989000,-626000,363000
2015/05/12,0,977000,-279000,698000
2015/05/13,0,2388000,-381000,2007000
2015/05/14,0,3866350,-1741000,2125350
2015/05/15,0,5051000,-785700,4265300
2015/05/18,0,2921000,-383000,2538000
2015/05/19,0,2621733,-863000,1758733
2015/05/20,0,3743000,-464000,3279000
2015/05/21,0,1779000,-1589000,190000
2015/05/22,0,1438000,-288000,1150000
2015/05/25,0,1331000,-496000,835000
2015/05/26,0,989000,-223000,766000
2015/05/27,0,1887000,-438864,1448136
2015/05/28,0,4863000,-1649048,3213952
2015/05/29,0,8982547,-5083101,3899446
2015/06/01,0,2764000,-1572000,1192000
2015/06/02,0,4360076,-1021000,3339076
2015/06/03,0,2392000,-1208000,1184000
2015/06/04,0,2675000,-1940000,735000
2015/06/05,0,1541000,-1587000,-46000
2015/06/08,0,3246319,-2041000,1205319
2015/06/09,0,2204000,-1291582,912418
2015/06/10,0,870000,-1652000,-782000
2015/06/11,0,2731000,-2615000,116000
2015/06/12,0,1164334,-1040000,124334
2015/06/15,0,1251000,-1144000,107000
2015/06/16,0,1102499,-1629000,-526501
2015/06/17,0,3604000,-3038534,565466
2015/06/18,0,1778000,-2884441,-1106441
2015/06/19,0,0,0,0
2015/06/22,0,1354111,-1390400,-36289
2015/06/23,0,2236000,-1719000,517000
2015/06/24,0,1120190,-1297864,-177674
2015/06/25,0,3974582,-314000,3660582
2015/06/26,0,986000,-965000,21000
2015/06/29,0,388000,-1278000,-890000
2015/06/30,0,3064198,-2663791,400407
2015/07/01,0,970000,-1066319,-96319
2015/07/02,0,985076,-990435,-5359
2015/07/03,0,1180000,-1345000,-165000
2015/07/06,0,1012000,-1592000,-580000
2015/07/07,0,1845000,-1536000,309000
2015/07/08,0,1991000,-3343646,-1352646
2015/07/09,0,1362000,-2109000,-747000
2015/07/10,0,0,0,0
2015/07/13,0,1214000,-1630000,-416000
2015/07/14,0,1625000,-1911000,-286000
2015/07/15,0,1581000,-1090125,490875
2015/07/16,0,861000,-1855416,-994416
2015/07/17,0,868000,-1550000,-682000
2015/07/20,0,658111,-2172967,-1514856
2015/07/21,0,797000,-1511000,-714000
2015/07/22,0,1017000,-1553632,-536632
2015/07/23,0,1483152,-1378000,105152
2015/07/24,0,370379,-1026000,-655621
2015/07/27,0,713000,-1881000,-1168000
2015/07/28,0,725000,-2502000,-1777000
2015/07/29,0,739000,-2318543,-1579543
2015/07/30,0,1769000,-1040000,729000
2015/07/31,0,1623311,-2941000,-1317689
2015/08/03,0,1641294,-1398000,243294
2015/08/04,0,754000,-1687032,-933032
2015/08/05,0,674000,-898000,-224000
2015/08/06,0,504000,-1665000,-1161000
2015/08/07,0,545000,-1100000,-555000
2015/08/10,0,304000,-409000,-105000
2015/08/11,0,1005745,-1478000,-472255
2015/08/12,0,498000,-716000,-218000
2015/08/13,0,1677000,-1310717,366283
2015/08/14,0,714907,-1334000,-619093
2015/08/17,0,812292,-2392000,-1579708
2015/08/18,0,1146000,-1539000,-393000
2015/08/19,0,1361171,-1801000,-439829
2015/08/20,0,1011000,-2232000,-1221000
2015/08/21,0,3183000,-3846234,-663234
2015/08/24,0,5560000,-7278000,-1718000
2015/08/25,0,1648000,-2312999,-664999
2015/08/26,0,1369000,-2764376,-1395376
2015/08/27,0,1586000,-3009000,-1423000
2015/08/28,0,1043000,-2035437,-992437
2015/08/31,0,3896068,-4014000,-117932
2015/09/01,0,1073000,-2741684,-1668684
2015/09/02,0,1495000,-1743582,-248582
2015/09/03,0,1082000,-1411000,-329000
2015/09/04,0,971077,-1448725,-477648
2015/09/07,0,733000,-603000,130000
2015/09/08,0,351000,-1030998,-679998
2015/09/09,0,2866940,-1739000,1127940
2015/09/10,0,2520100,-3272565,-752465
2015/09/11,0,1086000,-694962,391038
2015/09/14,0,599000,-1039643,-440643
2015/09/15,0,1036000,-1122941,-86941
2015/09/16,0,618000,-544622,73378
2015/09/17,0,1608200,-1117303,490897
2015/09/18,0,1196864,-1107508,89356
2015/09/21,0,673000,-1990051,-1317051
2015/09/22,0,990000,-938000,52000
2015/09/23,0,1721000,-2692572,-971572
2015/09/24,0,801000,-2663000,-1862000
2015/09/25,0,693000,-1881330,-1188330
2015/09/28,0,0,0,0
2015/09/29,0,0,0,0
2015/09/30,0,3342000,-3751692,-409692
2015/10/01,0,1719113,-1681000,38113
2015/10/02,0,1204000,-1379000,-175000
2015/10/05,0,644000,-1210000,-566000
2015/10/06,0,1442000,-1570599,-128599
2015/10/07,0,1445000,-1795000,-350000
2015/10/08,0,1021000,-1108000,-87000
2015/10/09,0,0,0,0
2015/10/12,0,1777000,-1306000,471000
2015/10/13,0,1466000,-1681802,-215802
2015/10/14,0,587000,-781000,-194000
2015/10/15,0,1104000,-800000,304000
2015/10/16,0,2196049,-2115000,81049
2015/10/19,0,795951,-1547981,-752030
2015/10/20,0,2125000,-4050000,-1925000
2015/10/21,0,1130000,-1443000,-313000
2015/10/22,0,1073000,-1972000,-899000
2015/10/23,0,2603000,-3376718,-773718
2015/10/26,0,2311000,-1492000,819000
2015/10/27,0,2633000,-2089875,543125
2015/10/28,0,2425000,-2231036,193964
2015/10/29,0,2415000,-2048369,366631
2015/10/30,0,900000,-1733000,-833000
2015/11/02,0,1313000,-527008,785992
2015/11/03,0,3070000,-1444982,1625018
2015/11/04,0,4121000,-1018738,3102262
2015/11/05,0,986000,-406000,580000
2015/11/06,0,2140000,-2540000,-400000
2015/11/09,0,1527319,-1090000,437319
2015/11/10,0,1417000,-1218000,199000
2015/11/11,0,1505000,-1503000,2000
2015/11/12,0,901000,-980000,-79000
2015/11/13,0,639334,-5860789,-5221455
2015/11/16,0,330000,-4014529,-3684529
2015/11/17,0,1272000,-3273000,-2001000
2015/11/18,0,739000,-2979000,-2240000
2015/11/19,0,1563000,-2069000,-506000
2015/11/20,0,1992000,-4470000,-2478000
2015/11/23,0,798342,-2038000,-1239658
2015/11/24,0,732000,-2172848,-1440848
2015/11/25,0,375000,-1405000,-1030000
2015/11/26,0,1055000,-2501000,-1446000
2015/11/27,0,666000,-1433916,-767916
2015/11/30,0,6124226,-7412100,-1287874
2015/12/01,0,1216000,-1877476,-661476
2015/12/02,0,776000,-1756000,-980000
2015/12/03,0,1182000,-1245000,-63000
2015/12/04,0,390000,-2505472,-2115472
2015/12/07,0,741000,-2308750,-1567750
2015/12/08,0,1386000,-2550183,-1164183
2015/12/09,0,434000,-2062471,-1628471
2015/12/10,0,2032000,-2609676,-577676
2015/12/11,0,488621,-2872000,-2383379
2015/12/14,0,1328000,-3338379,-2010379
2015/12/15,0,199906,-2552342,-2352436
2015/12/16,0,715000,-2015609,-1300609
2015/12/17,0,2298000,-2648000,-350000
2015/12/18,0,2665866,-2207000,458866
2015/12/21,0,2275000,-2359000,-84000
2015/12/22,0,2541280,-1204099,1337181
2015/12/23,0,1470000,-672000,798000
2015/12/24,0,617000,-366000,251000
2015/12/25,0,487000,-470000,17000
2015/12/28,0,1624000,-540000,1084000
2015/12/29,0,450000,-865000,-415000
2015/12/30,0,352000,-1138676,-786676
2015/12/31,0,821000,-295000,526000
2016/01/01,0,0,0,0
2016/01/04,0,517840,-2740000,-2222160
2016/01/05,0,618790,-1184000,-565210
2016/01/06,0,2620081,-1057000,1563081
2016/01/07,0,1985346,-2455987,-470641
2016/01/08,0,2353000,-1795216,557784
2016/01/11,0,1609114,-2839000,-1229886
2016/01/12,0,1366000,-1878000,-512000
2016/01/13,0,1562000,-2318131,-756131
2016/01/14,0,1800000,-1419000,381000
2016/01/15,0,1330000,-1994394,-664394
2016/01/18,0,819864,-2020000,-1200136
2016/01/19,0,818000,-1106743,-288743
2016/01/20,0,1498342,-2857000,-1358658
2016/01/21,0,517421,-2888000,-2370579
2016/01/22,0,1207000,-793000,414000
2016/01/25,0,1335000,-1368000,-33000
2016/01/26,0,686000,-1682000,-996000
2016/01/27,0,1406000,-1156598,249402
2016/01/28,0,1709000,-1798073,-89073
2016/01/29,0,4608000,-3743000,865000
2016/02/01,0,1332806,-1172310,160496
2016/02/02,0,2473000,-3660415,-1187415
2016/02/03,0,1418000,-2721389,-1303389
2016/02/04,0,0,0,0
2016/02/05,0,0,0,0
2016/02/08,0,0,0,0
2016/02/09,0,0,0,0
2016/02/10,0,0,0,0
2016/02/11,0,0,0,0
2016/02/12,0,0,0,0
2016/02/15,0,3416000,-3018331,397669
2016/02/16,0,2548000,-2233000,315000
2016/02/17,0,2290000,-1928000,362000
2016/02/18,0,2976045,-2653000,323045
2016/02/19,0,2841342,-590848,2250494
2016/02/22,0,2477678,-672000,1805678
2016/02/23,0,1662382,-1296000,366382
2016/02/24,0,1670000,-770478,899522
2016/02/25,0,1305210,-1474000,-168790
2016/02/26,0,2761000,-1144899,1616101
2016/02/29,0,0,0,0
2016/03/01,0,1488263,-2604606,-1116343
2016/03/02,0,2037057,-1080000,957057
2016/03/03,0,2372846,-2123000,249846
2016/03/04,0,1852193,-3489375,-1637182
2016/03/07,0,2104000,-997000,1107000
2016/03/08,0,2810000,-3328826,-518826
2016/03/09,0,1415000,-2096000,-681000
2016/03/10,0,2080000,-1099000,981000
2016/03/11,0,1950000,-351000,1599000
2016/03/14,0,2666000,-625000,2041000
2016/03/15,0,3285000,-4300000,-1015000
2016/03/16,0,3540000,-1306000,2234000
2016/03/17,0,6103000,-1691000,4412000
2016/03/18,0,10298819,-7489258,2809561
2016/03/21,0,2407000,-1087000,1320000
2016/03/22,0,2841636,-1745636,1096000
2016/03/23,0,1783000,-1324000,459000
2016/03/24,0,1970000,-1593000,377000
2016/03/25,0,860000,-1975000,-1115000
2016/03/28,0,1672000,-1180000,492000
2016/03/29,0,1712000,-1638900,73100
2016/03/30,0,2854000,-3198871,-344871
2016/03/31,0,4144000,-7828984,-3684984
2016/04/01,0,3573000,-4120000,-547000
2016/04/04,0,0,0,0
2016/04/05,0,0,0,0
2016/04/06,0,4006183,-4937985,-931802
2016/04/07,0,1461919,-3465941,-2004022
2016/04/08,0,1493000,-2400041,-907041
2016/04/11,0,430000,-2156410,-1726410
2016/04/12,0,1654000,-2827625,-1173625
2016/04/13,0,2359000,-1729000,630000
2016/04/14,0,913000,-1767593,-854593
2016/04/15,0,1957000,-1708000,249000
2016/04/18,0,1108000,-2074610,-966610
2016/04/19,0,1121000,-1744000,-623000
2016/04/20,0,1195970,-2964000,-1768030
2016/04/21,0,1836000,-1201000,635000
2016/04/22,0,2205000,-1941000,264000
2016/04/25,0,1024000,-890000,134000
2016/04/26,0,1736197,-2282000,-545803
2016/04/27,0,2362000,-3602000,-1240000
2016/04/28,0,1596390,-3302000,-1705610
2016/04/29,0,1467000,-1879000,-412000
2016/05/02,0,0,0,0
2016/05/03,0,1255000,-3379000,-2124000
2016/05/04,0,2106000,-3632851,-1526851
2016/05/05,0,883000,-2124000,-1241000
2016/05/06,0,883000,-2600000,-1717000
2016/05/09,0,362000,-2291000,-1929000
2016/05/10,0,476000,-1449000,-973000
2016/05/11,0,419000,-3368000,-2949000
2016/05/12,0,159000,-1550280,-1391280
2016/05/13,0,478000,-3308000,-2830000
2016/05/16,0,271000,-1302000,-1031000
2016/05/17,0,762000,-1966000,-1204000
2016/05/18,0,3094000,-4465000,-1371000
2016/05/19,0,1443000,-5286000,-3843000
2016/05/20,0,1879000,-1589171,289829
2016/05/23,0,1815630,-1448000,367630
2016/05/24,0,592106,-1347000,-754894
2016/05/25,0,1786000,-1475000,311000
2016/05/26,0,1043000,-802000,241000
2016/05/27,0,1276906,-1332000,-55094
2016/05/30,0,1655000,-720000,935000
2016/05/31,0,3309257,-3308495,762
2016/06/01,0,1452000,-1539000,-87000
2016/06/02,0,2120000,-1552000,568000
2016/06/03,0,1127000,-515000,612000
2016/06/06,0,1383800,-945000,438800
2016/06/07,0,2770000,-2218000,552000
2016/06/08,0,2053000,-1318000,735000
2016/06/09,0,0,0,0
2016/06/10,0,0,0,0
2016/06/13,0,856000,-1886000,-1030000
2016/06/14,0,1360000,-1799000,-439000
2016/06/15,0,667000,-1144926,-477926
2016/06/16,0,373000,-1208000,-835000
2016/06/17,0,2269000,-2399000,-130000
2016/06/20,0,1773000,-2045000,-272000
2016/06/21,0,2513000,-2418000,95000
2016/06/22,0,2235360,-2039000,196360
2016/06/23,0,934000,-866000,68000
2016/06/24,0,1076000,-2667000,-1591000
2016/06/27,0,499000,-426000,73000
2016/06/28,0,1049817,-1263000,-213183
2016/06/29,0,690000,-519000,171000
2016/06/30,0,5838700,-1525000,4313700
2016/07/01,0,1607000,-1749000,-142000
2016/07/04,0,1330000,-158000,1172000
2016/07/05,0,2270000,-1271000,999000
2016/07/06,0,445148,-1672000,-1226852
2016/07/07,0,2228000,-779397,1448603
2016/07/08,0,0,0,0
2016/07/11,0,8068000,-1474800,6593200
2016/07/12,0,3756000,-2145728,1610272
2016/07/13,0,5314000,-822000,4492000
2016/07/14,0,1145000,-497000,648000
2016/07/15,0,2576000,-230000,2346000
2016/07/18,0,5400000,-1345000,4055000
2016/07/19,0,6671450,-1341000,5330450
2016/07/20,0,1923000,-1065000,858000
2016/07/21,0,2465687,-1097750,1367937
2016/07/22,0,2118000,-833000,1285000
2016/07/25,0,3393000,-1089000,2304000
2016/07/26,0,2268000,-494000,1774000
2016/07/27,0,1385036,-404000,981036
2016/07/28,0,1723000,-1261000,462000
2016/07/29,0,868247,-1436000,-567753
2016/08/01,0,1516960,-1787000,-270040
2016/08/02,0,1638000,-1739000,-101000
2016/08/03,0,1149000,-1649000,-500000
2016/08/04,0,1226000,-1178000,48000
2016/08/05,0,1929907,-719574,1210333
2016/08/08,0,1592000,-174000,1418000
2016/08/09,0,2201004,-734000,1467004
2016/08/10,0,2181079,-346199,1834880
2016/08/11,0,4421000,-2000137,2420863
2016/08/12,0,2639004,-1550000,1089004
2016/08/15,0,877000,-866000,11000
2016/08/16,0,1679000,-2783000,-1104000
2016/08/17,0,1497210,-1455000,42210
2016/08/18,0,704000,-2007000,-1303000
2016/08/19,0,638503,-3002000,-2363497
2016/08/22,0,1054000,-835000,219000
2016/08/23,0,1289000,-1696000,-407000
2016/08/24,0,1030885,-703000,327885
2016/08/25,0,2067000,-2194000,-127000
2016/08/26,0,1258810,-1730000,-471190
2016/08/29,0,853000,-1493000,-640000
2016/08/30,0,1548650,-2739850,-1191200
2016/08/31,0,2064535,-3788650,-1724115
2016/09/01,0,1601680,-2438000,-836320
2016/09/02,0,874396,-1966000,-1091604
2016/09/05,0,1448000,-873000,575000
2016/09/06,0,1757693,-1113000,644693
2016/09/07,0,961000,-918000,43000
2016/09/08,0,1607000,-1684000,-77000
2016/09/09,0,660000,-875000,-215000
2016/09/12,0,1236000,-2276007,-1040007
2016/09/13,0,1353000,-1969000,-616000
2016/09/14,0,2484675,-3269000,-784325
2016/09/15,0,0,0,0
2016/09/16,0,0,0,0
2016/09/19,0,2156519,-1947000,209519
2016/09/20,0,1984000,-2762000,-778000
2016/09/21,0,1009000,-1740916,-731916
2016/09/22,0,1616195,-2154000,-537805
2016/09/23,0,1294000,-1150650,143350
2016/09/26,0,270000,-1119000,-849000
2016/09/27,0,0,0,0
2016/09/28,0,0,0,0
2016/09/29,0,3051459,-917368,2134091
2016/09/30,0,868392,-2175026,-1306634
2016/10/03,0,274870,-1108100,-833230
2016/10/04,0,1779750,-939158,840592
2016/10/05,0,590750,-107000,483750
2016/10/06,0,2113896,-794500,1319396
2016/10/07,0,356891,-1748700,-1391809
2016/10/10,0,0,0,0
2016/10/11,0,1121950,-853850,268100
2016/10/12,0,1267209,-1465568,-198359
2016/10/13,0,1030000,-3050000,-2020000
2016/10/14,0,635000,-1106000,-471000
2016/10/17,0,1372900,-1433260,-60360
2016/10/18,0,794100,-704000,90100
2016/10/19,0,1081314,-574000,507314
2016/10/20,0,394864,-1804150,-1409286
2016/10/21,0,4846000,-5615000,-769000
2016/10/24,0,1991300,-1424778,566522
2016/10/25,0,2142600,-3327000,-1184400
2016/10/26,0,758000,-1667700,-909700
2016/10/27,0,1111460,-1843199,-731739
2016/10/28,0,971000,-653000,318000
2016/10/31,0,1138880,-2683000,-1544120
2016/11/01,0,551150,-429788,121362
2016/11/02,0,414630,-631858,-217228
2016/11/03,0,692000,-1196074,-504074
2016/11/04,0,393000,-1065550,-672550
2016/11/07,0,902000,-2390007,-1488007
2016/11/08,0,659080,-1617400,-958320
2016/11/09,0,1022550,-2256000,-1233450
2016/11/10,0,557000,-491000,66000
2016/11/11,0,638000,-2848066,-2210066
2016/11/14,0,417000,-1940778,-1523778
2016/11/15,0,564000,-1486300,-922300
2016/11/16,0,374500,-2324007,-1949507
2016/11/17,0,580000,-2226814,-1646814
2016/11/18,0,554000,-1585350,-1031350
2016/11/21,0,899800,-1316742,-416942
2016/11/22,0,1416706,-2184003,-767297
2016/11/23,0,858850,-2971957,-2113107
2016/11/24,0,335247,-1284000,-948753
2016/11/25,0,401000,-1176400,-775400
2016/11/28,0,1114000,-1929297,-815297
2016/11/29,0,898000,-3268758,-2370758
2016/11/30,0,6088321,-6036948,51373
2016/12/01,0,1290430,-1841783,-551353
2016/12/02,0,730000,-3173683,-2443683
2016/12/05,0,564000,-1875900,-1311900
2016/12/06,0,1246000,-1021159,224841
2016/12/07,0,909000,-511744,397256
2016/12/08,0,1515000,-2702343,-1187343
2016/12/09,0,2144528,-2183824,-39296
2016/12/12,0,673000,-1422000,-749000
2016/12/13,0,880946,-1736439,-855493
2016/12/14,0,579640,-875861,-296221
2016/12/15,0,1502000,-1113050,388950
2016/12/16,0,1384000,-1609733,-225733
2016/12/19,0,358000,-722506,-364506
2016/12/20,0,358812,-828181,-469369
2016/12/21,0,421000,-1674000,-1253000
2016/12/22,0,591920,-1433000,-841080
2016/12/23,0,228000,-1215000,-987000
2016/12/26,0,242700,-539000,-296300
2016/12/27,0,707000,-641000,66000
2016/12/28,0,669627,-683000,-13373
2016/12/29,0,600936,-1524675,-923739
2016/12/30,0,1434700,-1254000,180700
2017/01/02,0,0,0,0
2017/01/03,0,518000,-982000,-464000
2017/01/04,0,1130000,-2933256,-1803256
2017/01/05,0,1348732,-2258259,-909527
2017/01/06,0,2211150,-2596583,-385433
2017/01/09,0,797000,-1451025,-654025
2017/01/10,0,887200,-1653025,-765825
2017/01/11,0,911872,-3369021,-2457149
2017/01/12,0,2197000,-1560170,636830
2017/01/13,0,1083469,-650000,433469
2017/01/16,0,245000,-461000,-216000
2017/01/17,0,406120,-658000,-251880
2017/01/18,0,277000,-1778534,-1501534
2017/01/19,0,696035,-2366722,-1670687
2017/01/20,0,676830,-1068000,-391170
2017/01/23,0,1416000,-889103,526897
2017/01/24,0,919039,-1164000,-244961
2017/01/25,0,0,0,0
2017/01/26,0,0,0,0
2017/01/27,0,0,0,0
2017/01/30,0,0,0,0
2017/01/31,0,0,0,0
2017/02/01,0,0,0,0
2017/02/02,0,2496720,-5157657,-2660937
2017/02/03,0,1365000,-2230048,-865048
2017/02/06,0,2070420,-2055000,15420
2017/02/07,0,1121890,-1916650,-794760
2017/02/08,0,1246860,-1722000,-475140
2017/02/09,0,1532726,-416250,1116476
2017/02/10,0,977784,-967700,10084
2017/02/13,0,615056,-722000,-106944
2017/02/14,0,3001784,-3594000,-592216
2017/02/15,0,2375000,-1498500,876500
2017/02/16,0,1132784,-1551000,-418216
2017/02/17,0,425000,-1044000,-619000
2017/02/20,0,434000,-1168200,-734200
2017/02/21,0,1039000,-330050,708950
2017/02/22,0,384211,-872700,-488489
2017/02/23,0,362000,-307000,55000
2017/02/24,0,1305000,-638000,667000
2017/02/27,0,0,0,0
2017/02/28,0,0,0,0
2017/03/01,0,1196463,-1183779,12684
2017/03/02,0,400000,-576984,-176984
2017/03/03,0,601300,-935055,-333755
2017/03/06,0,225051,-273928,-48877
2017/03/07,0,564070,-640308,-76238
2017/03/08,0,478559,-779041,-300482
2017/03/09,0,1308208,-1738000,-429792
2017/03/10,0,241252,-1370550,-1129298
2017/03/13,0,374464,-539100,-164636
2017/03/14,0,1212006,-1123104,88902
2017/03/15,0,1202000,-2407232,-1205232
2017/03/16,0,1356000,-1311000,45000
2017/03/17,0,6621702,-8124463,-1502761
2017/03/20,0,1246000,-2929600,-1683600
2017/03/21,0,3166525,-3725450,-558925
2017/03/22,0,1881031,-2442032,-561001
2017/03/23,0,3389000,-1953826,1435174
2017/03/24,0,982628,-873880,108748
2017/03/27,0,1397000,-544000,853000
2017/03/28,0,2491000,-1550500,940500
2017/03/29,0,1007408,-1834909,-827501
2017/03/30,0,1711000,-1098000,613000
2017/03/31,0,2402691,-2255220,147471
2017/04/03,0,0,0,0
2017/04/04,0,0,0,0
2017/04/05,0,2499846,-799050,1700796
2017/04/06,0,1224000,-843000,381000
2017/04/07,0,2055000,-1097000,958000
2017/04/10,0,1380000,-1021000,359000
2017/04/11,0,2424910,-1411200,1013710
2017/04/12,0,2657000,-2085299,571701
2017/04/13,0,628000,-1219000,-591000
2017/04/14,0,544000,-218000,326000
2017/04/17,0,264000,-404050,-140050
2017/04/18,0,947000,-803640,143360
2017/04/19,0,857000,-1065744,-208744
2017/04/20,0,753000,-771000,-18000
2017/04/21,0,1016000,-484669,531331
2017/04/24,0,542000,-336000,206000
2017/04/25,0,1239704,-209000,1030704
2017/04/26,0,2144500,-216000,1928500
2017/04/27,0,744000,-243000,501000
2017/04/28,0,664000,-943000,-279000
2017/05/01,0,0,0,0
2017/05/02,0,1781000,-737000,1044000
2017/05/03,0,775000,-1083987,-308987
2017/05/04,0,1419000,-413000,1006000
2017/05/05,0,1019392,-514000,505392
2017/05/08,0,995460,-1293628,-298168
2017/05/09,0,996704,-628287,368417
2017/05/10,0,1257882,-163000,1094882
2017/05/11,0,2369348,-1470000,899348
2017/05/12,0,1296000,-141000,1155000
2017/05/15,0,979752,-351000,628752
2017/05/16,0,2138000,-302117,1835883
2017/05/17,0,2981171,-735300,2245871
2017/05/18,0,4791872,-210000,4581872
2017/05/19,0,2774000,-460044,2313956
2017/05/22,0,3403212,-486275,2916937
2017/05/23,0,3798773,-920538,2878235
2017/05/24,0,2673977,-521759,2152218
2017/05/25,0,2223000,-769109,1453891
2017/05/26,0,0,0,0
2017/05/29,0,0,0,0
2017/05/30,0,0,0,0
2017/05/31,0,3584820,-1989486,1595334
2017/06/01,0,1365000,-745324,619676
2017/06/02,0,1494350,-729539,764811
2017/06/05,0,1348000,-959946,388054
2017/06/06,0,1471000,-666000,805000
2017/06/07,0,2023000,-750978,1272022
2017/06/08,0,2019700,-541050,1478650
2017/06/09,0,3090000,-1291374,1798626
2017/06/12,0,317012,-1680000,-1362988
2017/06/13,0,1740000,-276814,1463186
2017/06/14,0,2650000,-2310792,339208
2017/06/15,0,1849060,-1183531,665529
2017/06/16,0,1871000,-1688520,182480
2017/06/19,0,1249056,-1316004,-66948
2017/06/20,0,1323000,-1203906,119094
2017/06/21,0,1455000,-1489650,-34650
2017/06/22,0,1802000,-957490,844510
2017/06/23,0,1730000,-644500,1085500
2017/06/26,0,3043000,-1610500,1432500
2017/06/27,0,2589000,-1510000,1079000
2017/06/28,0,1247010,-1566000,-318990
2017/06/29,0,933000,-1019000,-86000
2017/06/30,0,2207000,-1140000,1067000
2017/07/03,0,1206000,-1664766,-458766
2017/07/04,0,948000,-1105000,-157000
2017/07/05,0,1498000,-754017,743983
2017/07/06,0,1227000,-917000,310000
2017/07/07,0,978005,-651338,326667
2017/07/10,0,1600555,-784444,816111
2017/07/11,0,1287795,-500000,787795
2017/07/12,0,2163000,-1597801,565199
2017/07/13,0,1543244,-756000,787244
2017/07/14,0,749250,-686000,63250
2017/07/17,0,1017000,-658000,359000
2017/07/18,0,1143000,-166000,977000
2017/07/19,0,462000,-720247,-258247
2017/07/20,0,1213949,-677000,536949
2017/07/21,0,858170,-479000,379170
2017/07/24,0,1211787,-419050,792737
2017/07/25,0,426200,-1007926,-581726
2017/07/26,0,866000,-410508,455492
2017/07/27,0,1621000,-724603,896397
2017/07/28,0,638000,-586793,51207
2017/07/31,0,647000,-1403500,-756500
2017/08/01,0,527000,-1106000,-579000
2017/08/02,0,549000,-498000,51000
2017/08/03,0,1320000,-924296,395704
2017/08/04,0,1079000,-445200,633800
2017/08/07,0,1068006,-441256,626750
2017/08/08,0,1579000,-463002,1115998
2017/08/09,0,806584,-437000,369584
2017/08/10,0,1477112,-925106,552006
2017/08/11,0,872000,-802000,70000
2017/08/14,0,1063000,-415000,648000
2017/08/15,0,665000,-425000,240000
2017/08/16,0,1834000,-1474000,360000
2017/08/17,0,1934000,-652000,1282000
2017/08/18,0,2054000,-1378000,676000
