Date,Open,Buy,Sell,Total
2007/01/02,0,1200000,-698000,502000
2007/01/03,0,248000,-1250000,-1002000
2007/01/04,0,587000,-1968000,-1381000
2007/01/05,0,230000,-1720000,-1490000
2007/01/08,0,0,-2883000,-2883000
2007/01/09,0,70000,-85000,-15000
2007/01/10,0,3000,0,3000
2007/01/11,0,4000,0,4000
2007/01/12,0,10000,-1100000,-1090000
2007/01/15,0,200000,0,200000
2007/01/16,0,369000,0,369000
2007/01/17,0,304000,0,304000
2007/01/18,0,0,-502000,-502000
2007/01/19,0,0,-209000,-209000
2007/01/22,0,59000,0,59000
2007/01/23,0,131000,-700000,-569000
2007/01/24,0,6000,-700000,-694000
2007/01/25,0,6000,-500000,-494000
2007/01/26,0,1250000,-185000,1065000
2007/01/29,0,104000,-1100000,-996000
2007/01/30,0,18000,-100000,-82000
2007/01/31,0,350000,0,350000
2007/02/01,0,250000,-645000,-395000
2007/02/02,0,556000,-620000,-64000
2007/02/05,0,12000,-1000,11000
2007/02/06,0,97000,0,97000
2007/02/07,0,1039000,-500000,539000
2007/02/08,0,6000,-2018000,-2012000
2007/02/09,0,0,-3443000,-3443000
2007/02/12,0,0,-1959000,-1959000
2007/02/13,0,0,-700000,-700000
2007/02/14,0,0,-780000,-780000
2007/02/15,0,0,0,0
2007/02/16,0,0,0,0
2007/02/19,0,0,0,0
2007/02/20,0,0,0,0
2007/02/21,0,0,0,0
2007/02/22,0,0,0,0
2007/02/23,0,0,0,0
2007/02/26,0,0,-1266000,-1266000
2007/02/27,0,110000,-1898000,-1788000
2007/02/28,0,0,0,0
2007/03/01,0,0,-980000,-980000
2007/03/02,0,0,-600000,-600000
2007/03/05,0,0,-4000,-4000
2007/03/06,0,0,-805000,-805000
2007/03/07,0,0,0,0
2007/03/08,0,0,0,0
2007/03/09,0,0,-800000,-800000
2007/03/12,0,0,-575000,-575000
2007/03/13,0,0,-800000,-800000
2007/03/14,0,670000,-2923000,-2253000
2007/03/15,0,1600000,-1646000,-46000
2007/03/16,0,0,-2000,-2000
2007/03/19,0,1200000,0,1200000
2007/03/20,0,0,-1009000,-1009000
2007/03/21,0,0,-1051000,-1051000
2007/03/22,0,0,0,0
2007/03/23,0,0,-202000,-202000
2007/03/26,0,101000,0,101000
2007/03/27,0,130000,0,130000
2007/03/28,0,980000,0,980000
2007/03/29,0,100000,-1000,99000
2007/03/30,0,0,-1000000,-1000000
2007/04/02,0,1184000,-300000,884000
2007/04/03,0,3322000,-100000,3222000
2007/04/04,0,1113000,0,1113000
2007/04/05,0,0,0,0
2007/04/06,0,0,0,0
2007/04/09,0,230000,0,230000
2007/04/10,0,200000,-830000,-630000
2007/04/11,0,1020000,-480000,540000
2007/04/12,0,35000,-105000,-70000
2007/04/13,0,130000,-1000,129000
2007/04/16,0,150000,-20000,130000
2007/04/17,0,520000,-830000,-310000
2007/04/18,0,144000,0,144000
2007/04/19,0,151000,0,151000
2007/04/20,0,476000,-15000,461000
2007/04/23,0,1383000,0,1383000
2007/04/24,0,75000,0,75000
2007/04/25,0,0,0,0
2007/04/26,0,139000,-70000,69000
2007/04/27,0,0,-1230000,-1230000
2007/04/30,0,0,-184000,-184000
2007/05/01,0,0,0,0
2007/05/02,0,0,0,0
2007/05/03,0,100000,-30000,70000
2007/05/04,0,50000,-266000,-216000
2007/05/07,0,500000,-628000,-128000
2007/05/08,0,991000,-1041000,-50000
2007/05/09,0,0,0,0
2007/05/10,0,0,-118000,-118000
2007/05/11,0,0,0,0
2007/05/14,0,400000,0,400000
2007/05/15,0,988000,-100000,888000
2007/05/16,0,64000,-501000,-437000
2007/05/17,0,177000,-677000,-500000
2007/05/18,0,105000,-100000,5000
2007/05/21,0,817000,-410000,407000
2007/05/22,0,87000,0,87000
2007/05/23,0,580000,-568000,12000
2007/05/24,0,800000,-200000,600000
2007/05/25,0,0,-1592000,-1592000
2007/05/28,0,0,0,0
2007/05/29,0,1000,-830000,-829000
2007/05/30,0,438000,-380000,58000
2007/05/31,0,300000,-520000,-220000
2007/06/01,0,0,-620000,-620000
2007/06/04,0,152000,-554000,-402000
2007/06/05,0,0,-783000,-783000
2007/06/06,0,0,-670000,-670000
2007/06/07,0,0,-218000,-218000
2007/06/08,0,0,-182000,-182000
2007/06/11,0,0,0,0
2007/06/12,0,0,0,0
2007/06/13,0,0,-200000,-200000
2007/06/14,0,739000,-700000,39000
2007/06/15,0,180000,-2000,178000
2007/06/18,0,0,0,0
2007/06/19,0,0,0,0
2007/06/20,0,0,-1000,-1000
2007/06/21,0,100000,0,100000
2007/06/22,0,359000,0,359000
2007/06/25,0,53000,-12000,41000
2007/06/26,0,1730000,0,1730000
2007/06/27,0,90000,0,90000
2007/06/28,0,0,-85000,-85000
2007/06/29,0,0,-293000,-293000
2007/07/02,0,0,-302000,-302000
2007/07/03,0,136000,0,136000
2007/07/04,0,20000,-1756000,-1736000
2007/07/05,0,257000,-12000,245000
2007/07/06,0,95000,0,95000
2007/07/09,0,89000,-3000,86000
2007/07/10,0,0,-100000,-100000
2007/07/11,0,47000,-500000,-453000
2007/07/12,0,0,-1178000,-1178000
2007/07/13,0,0,-1120000,-1120000
2007/07/16,0,0,-533000,-533000
2007/07/17,0,450000,-1801000,-1351000
2007/07/18,0,202000,-950000,-748000
2007/07/19,0,5654000,-11000,5643000
2007/07/20,0,3108000,-303000,2805000
2007/07/23,0,751000,-35000,716000
2007/07/24,0,297000,-101000,196000
2007/07/25,0,0,-390000,-390000
2007/07/26,0,716000,-155000,561000
2007/07/27,0,5182000,-250000,4932000
2007/07/30,0,5302000,0,5302000
2007/07/31,0,5377000,-5000,5372000
2007/08/01,0,5687000,-33000,5654000
2007/08/02,0,3307000,-226000,3081000
2007/08/03,0,2298000,-1000,2297000
2007/08/06,0,1218000,-550000,668000
2007/08/07,0,5938000,-20000,5918000
2007/08/08,0,2770000,-483000,2287000
2007/08/09,0,6044000,-185000,5859000
2007/08/10,0,745000,-71000,674000
2007/08/13,0,6733000,-390000,6343000
2007/08/14,0,2416000,-90000,2326000
2007/08/15,0,583000,-340000,243000
2007/08/16,0,402000,-66000,336000
2007/08/17,0,3667000,-768000,2899000
2007/08/20,0,3074000,-502000,2572000
2007/08/21,0,9509000,0,9509000
2007/08/22,0,4155000,0,4155000
2007/08/23,0,10630000,0,10630000
2007/08/24,0,5092000,-186000,4906000
2007/08/27,0,6792000,-80000,6712000
2007/08/28,0,1193000,-150000,1043000
2007/08/29,0,1878000,-810000,1068000
2007/08/30,0,2610000,0,2610000
2007/08/31,0,2800000,-1123000,1677000
2007/09/03,0,1098000,-2403000,-1305000
2007/09/04,0,74000,-5182000,-5108000
2007/09/05,0,33000,-4009500,-3976500
2007/09/06,0,1292000,-915000,377000
2007/09/07,0,432000,-120500,311500
2007/09/10,0,869000,-158000,711000
2007/09/11,0,2560000,-10000,2550000
2007/09/12,0,500000,0,500000
2007/09/13,0,0,-850,-850
2007/09/14,0,1874000,-278000,1596000
2007/09/17,0,2440000,-555000,1885000
2007/09/18,0,0,0,0
2007/09/19,0,699000,-10000,689000
2007/09/20,0,0,-70000,-70000
2007/09/21,0,2480000,-410000,2070000
2007/09/24,0,0,0,0
2007/09/25,0,0,0,0
2007/09/26,0,2186150,-50000,2136150
2007/09/27,0,581000,-456000,125000
2007/09/28,0,390000,-140000,250000
2007/10/01,0,578000,-636000,-58000
2007/10/02,0,220000,-1405750,-1185750
2007/10/03,0,0,-6327750,-6327750
2007/10/04,0,325000,-3280000,-2955000
2007/10/05,0,170000,-3900300,-3730300
2007/10/08,0,550000,-283150,266850
2007/10/09,0,491000,-2350000,-1859000
2007/10/10,0,0,0,0
2007/10/11,0,1352000,-1260000,92000
2007/10/12,0,7287000,-577000,6710000
2007/10/15,0,1441000,-74000,1367000
2007/10/16,0,8291000,-301000,7990000
2007/10/17,0,2381000,-949000,1432000
2007/10/18,0,4202000,-300000,3902000
2007/10/19,0,3730000,-1051000,2679000
2007/10/22,0,1565000,-66858,1498142
2007/10/23,0,70000,-1679000,-1609000
2007/10/24,0,3289000,-27000,3262000
2007/10/25,0,1059000,0,1059000
2007/10/26,0,1799000,-595000,1204000
2007/10/29,0,406000,0,406000
2007/10/30,0,113000,-20000,93000
2007/10/31,0,1004000,-492000,512000
2007/11/01,0,282000,-1227000,-945000
2007/11/02,0,1011000,-2315000,-1304000
2007/11/05,0,295000,-547000,-252000
2007/11/06,0,1413000,-300000,1113000
2007/11/07,0,1150000,-4707000,-3557000
2007/11/08,0,899000,-1134000,-235000
2007/11/09,0,1961000,-262000,1699000
2007/11/12,0,1230000,-1550000,-320000
2007/11/13,0,1272000,-1762000,-490000
2007/11/14,0,576000,-1207000,-631000
2007/11/15,0,4282000,-667000,3615000
2007/11/16,0,321000,-2137000,-1816000
2007/11/19,0,686000,-885000,-199000
2007/11/20,0,1773000,-3987000,-2214000
2007/11/21,0,0,-1774600,-1774600
2007/11/22,0,1011000,-2479500,-1468500
2007/11/23,0,3000,-2827000,-2824000
2007/11/26,0,483000,-4301000,-3818000
2007/11/27,0,961000,-1551000,-590000
2007/11/28,0,30000,-965000,-935000
2007/11/29,0,661000,-657000,4000
2007/11/30,0,2098000,-600,2097400
2007/12/03,0,1287000,0,1287000
2007/12/04,0,1588000,-99000,1489000
2007/12/05,0,208000,-457000,-249000
2007/12/06,0,146000,-4320000,-4174000
2007/12/07,0,169000,-1724000,-1555000
2007/12/10,0,41000,-1730000,-1689000
2007/12/11,0,598000,-3797000,-3199000
2007/12/12,0,10000,-960000,-950000
2007/12/13,0,1210000,-1888000,-678000
2007/12/14,0,558000,-11913000,-11355000
2007/12/17,0,815000,-13987000,-13172000
2007/12/18,0,1798000,-984150,813850
2007/12/19,0,3731000,-17000,3714000
2007/12/20,0,803000,-50000,753000
2007/12/21,0,1526000,-3205400,-1679400
2007/12/24,0,4038000,-633000,3405000
2007/12/25,0,599000,-71000,528000
2007/12/26,0,889000,-2275000,-1386000
2007/12/27,0,2168000,-1864000,304000
2007/12/28,0,483000,-1307000,-824000
2007/12/31,0,457000,-2979750,-2522750
2008/01/01,0,0,0,0
2008/01/02,0,261000,-2274000,-2013000
2008/01/03,0,1014000,-7725000,-6711000
2008/01/04,0,1142000,-1041000,101000
2008/01/07,0,741000,-2715100,-1974100
2008/01/08,0,828000,-295250,532750
2008/01/09,0,480000,-503000,-23000
2008/01/10,0,2629000,-7000,2622000
2008/01/11,0,1480000,-53000,1427000
2008/01/14,0,1199000,-60000,1139000
2008/01/15,0,1654000,-806000,848000
2008/01/16,0,444000,-1593000,-1149000
2008/01/17,0,249000,-209000,40000
2008/01/18,0,59000,-295000,-236000
2008/01/21,0,39000,-1389000,-1350000
2008/01/22,0,0,-2549000,-2549000
2008/01/23,0,407000,-3659500,-3252500
2008/01/24,0,396000,-1738000,-1342000
2008/01/25,0,5411000,0,5411000
2008/01/28,0,296000,-1371000,-1075000
2008/01/29,0,255000,-505000,-250000
2008/01/30,0,473000,0,473000
2008/01/31,0,700000,-1142000,-442000
2008/02/01,0,200000,-685000,-485000
2008/02/04,0,0,0,0
2008/02/05,0,0,0,0
2008/02/06,0,0,0,0
2008/02/07,0,0,0,0
2008/02/08,0,0,0,0
2008/02/11,0,0,0,0
2008/02/12,0,501000,-1919000,-1418000
2008/02/13,0,471000,-1368000,-897000
2008/02/14,0,100000,-187000,-87000
2008/02/15,0,2067000,-370000,1697000
2008/02/18,0,115000,0,115000
2008/02/19,0,1280000,-50000,1230000
2008/02/20,0,0,-1528000,-1528000
2008/02/21,0,0,-101000,-101000
2008/02/22,0,1371000,-25000,1346000
2008/02/25,0,1000,-791000,-790000
2008/02/26,0,0,-1279000,-1279000
2008/02/27,0,218000,-241000,-23000
2008/02/28,0,0,0,0
2008/02/29,0,1842000,-416000,1426000
2008/03/03,0,1837000,-2284000,-447000
2008/03/04,0,1882000,-390000,1492000
2008/03/05,0,3559000,-772000,2787000
2008/03/06,0,1100000,-1000,1099000
2008/03/07,0,1670000,-500000,1170000
2008/03/10,0,2000,-887000,-885000
2008/03/11,0,382000,-800000,-418000
2008/03/12,0,888000,-4587500,-3699500
2008/03/13,0,0,-1215000,-1215000
2008/03/14,0,1000,-70000,-69000
2008/03/17,0,101000,-680000,-579000
2008/03/18,0,201000,-240000,-39000
2008/03/19,0,934000,-270000,664000
2008/03/20,0,581000,-100000,481000
2008/03/21,0,284000,0,284000
2008/03/24,0,1374000,-275000,1099000
2008/03/25,0,2249000,-206000,2043000
2008/03/26,0,2192000,-856000,1336000
2008/03/27,0,352000,-524000,-172000
2008/03/28,0,2000,0,2000
2008/03/31,0,193000,-1000,192000
2008/04/01,0,302000,0,302000
2008/04/02,0,0,-265000,-265000
2008/04/03,0,115000,-152000,-37000
2008/04/04,0,0,0,0
2008/04/07,0,1335000,-258000,1077000
2008/04/08,0,182000,-46000,136000
2008/04/09,0,1052000,-80000,972000
2008/04/10,0,1184000,-50000,1134000
2008/04/11,0,390000,-1650000,-1260000
2008/04/14,0,598000,0,598000
2008/04/15,0,489000,0,489000
2008/04/16,0,0,-102000,-102000
2008/04/17,0,150000,-491000,-341000
2008/04/18,0,207000,-5038000,-4831000
2008/04/21,0,388000,-850000,-462000
2008/04/22,0,172000,-545000,-373000
2008/04/23,0,0,-3043000,-3043000
2008/04/24,0,1000,-1293000,-1292000
2008/04/25,0,100000,-956000,-856000
2008/04/28,0,26000,-223000,-197000
2008/04/29,0,0,-2496000,-2496000
2008/04/30,0,1060000,-961000,99000
2008/05/01,0,0,0,0
2008/05/02,0,803000,-1181000,-378000
2008/05/05,0,703000,-907000,-204000
2008/05/06,0,6000,-300000,-294000
2008/05/07,0,889000,-250000,639000
2008/05/08,0,475000,-3000,472000
2008/05/09,0,2755000,-850000,1905000
2008/05/12,0,700000,-8000,692000
2008/05/13,0,23000,-2926000,-2903000
2008/05/14,0,19000,-2486000,-2467000
2008/05/15,0,2039000,-1900000,139000
2008/05/16,0,1499000,-672000,827000
2008/05/19,0,7000,-460000,-453000
2008/05/20,0,1432000,-2000,1430000
2008/05/21,0,0,-593000,-593000
2008/05/22,0,137000,-50000,87000
2008/05/23,0,202000,-1000,201000
2008/05/26,0,87000,-427000,-340000
2008/05/27,0,30000,-1000,29000
2008/05/28,0,591000,-211000,380000
2008/05/29,0,292000,0,292000
2008/05/30,0,93000,-50000,43000
2008/06/02,0,460000,-650000,-190000
2008/06/03,0,261000,-1635800,-1374800
2008/06/04,0,600000,-296000,304000
2008/06/05,0,820000,-80000,740000
2008/06/06,0,2633000,-100000,2533000
2008/06/09,0,200000,-250000,-50000
2008/06/10,0,956000,-882000,74000
2008/06/11,0,308000,-1925000,-1617000
2008/06/12,0,851000,-830000,21000
2008/06/13,0,61000,-172000,-111000
2008/06/16,0,1275000,-113000,1162000
2008/06/17,0,904000,-128000,776000
2008/06/18,0,2564000,-250000,2314000
2008/06/19,0,382000,-4000,378000
2008/06/20,0,1573000,-7000,1566000
2008/06/23,0,372000,-70000,302000
2008/06/24,0,1125000,0,1125000
2008/06/25,0,1147000,-1115000,32000
2008/06/26,0,949000,0,949000
2008/06/27,0,50000,-2493000,-2443000
2008/06/30,0,565000,-1550000,-985000
2008/07/01,0,1321000,-733000,588000
2008/07/02,0,1000000,-600000,400000
2008/07/03,0,2332000,-120000,2212000
2008/07/04,0,2315000,-1333000,982000
2008/07/07,0,552000,-1227000,-675000
2008/07/08,0,2665000,-274000,2391000
2008/07/09,0,2575000,0,2575000
2008/07/10,0,3590000,-234000,3356000
2008/07/11,0,1114000,0,1114000
2008/07/14,0,820000,0,820000
2008/07/15,0,381000,-1000,380000
2008/07/16,0,1117000,-128000,989000
2008/07/17,0,864000,0,864000
2008/07/18,0,1410000,-4000,1406000
2008/07/21,0,1360000,-2733000,-1373000
2008/07/22,0,740000,0,740000
2008/07/23,0,2242000,-1670000,572000
2008/07/24,0,465000,-1091000,-626000
2008/07/25,0,480000,-920000,-440000
2008/07/28,0,0,0,0
2008/07/29,0,244000,-580000,-336000
2008/07/30,0,1394000,-754000,640000
2008/07/31,0,1367000,-80000,1287000
2008/08/01,0,106000,0,106000
2008/08/04,0,1099000,-50000,1049000
2008/08/05,0,382000,-1115000,-733000
2008/08/06,0,83000,-3004000,-2921000
2008/08/07,0,210000,-905000,-695000
2008/08/08,0,1820000,-67000,1753000
2008/08/11,0,912000,-365000,547000
2008/08/12,0,377000,-1283000,-906000
2008/08/13,0,0,-3238000,-3238000
2008/08/14,0,543000,-1098000,-555000
2008/08/15,0,79000,-2022000,-1943000
2008/08/18,0,100000,-546000,-446000
2008/08/19,0,3000,-137000,-134000
2008/08/20,0,387000,-516000,-129000
2008/08/21,0,868000,-909000,-41000
2008/08/22,0,75000,-3625600,-3550600
2008/08/25,0,833000,-625000,208000
2008/08/26,0,725000,-1412500,-687500
2008/08/27,0,605000,-3847920,-3242920
2008/08/28,0,116000,-3243000,-3127000
2008/08/29,0,39000,-1120000,-1081000
2008/09/01,0,130000,-405500,-275500
2008/09/02,0,579000,-1995500,-1416500
2008/09/03,0,170000,-2674000,-2504000
2008/09/04,0,1344000,-1686200,-342200
2008/09/05,0,2058000,-942010,1115990
2008/09/08,0,1081000,-867000,214000
2008/09/09,0,2714000,-701000,2013000
2008/09/10,0,552000,-300000,252000
2008/09/11,0,1399000,-1046700,352300
2008/09/12,0,3352000,-172000,3180000
2008/09/15,0,960000,-30000,930000
2008/09/16,0,267000,-1000,266000
2008/09/17,0,1293000,-800,1292200
2008/09/18,0,296000,0,296000
2008/09/19,0,50000,-402000,-352000
2008/09/22,0,1659000,-40900,1618100
2008/09/23,0,1331000,-97640,1233360
2008/09/24,0,870000,-50000,820000
2008/09/25,0,1020000,-189000,831000
2008/09/26,0,0,-137000,-137000
2008/09/29,0,0,0,0
2008/09/30,0,558000,-1227000,-669000
2008/10/01,0,410000,-3000,407000
2008/10/02,0,904000,-249540,654460
2008/10/03,0,1664000,-567000,1097000
2008/10/06,0,1065000,-308000,757000
2008/10/07,0,230000,-2299000,-2069000
2008/10/08,0,100000,-1528000,-1428000
2008/10/09,0,704000,-1220000,-516000
2008/10/10,0,0,0,0
2008/10/13,0,0,-30000,-30000
2008/10/14,0,1440000,0,1440000
2008/10/15,0,628000,-72000,556000
2008/10/16,0,92000,-50600,41400
2008/10/17,0,0,-322475,-322475
2008/10/20,0,0,-12000,-12000
2008/10/21,0,1663000,0,1663000
2008/10/22,0,228000,-499000,-271000
2008/10/23,0,5000,-50000,-45000
2008/10/24,0,0,-250000,-250000
2008/10/27,0,400000,-1315000,-915000
2008/10/28,0,402000,-177000,225000
2008/10/29,0,4154000,-2037000,2117000
2008/10/30,0,2941000,-409205,2531795
2008/10/31,0,3116000,0,3116000
2008/11/03,0,1279000,-30000,1249000
2008/11/04,0,1056000,-2577000,-1521000
2008/11/05,0,762000,-975000,-213000
2008/11/06,0,170000,-2394000,-2224000
2008/11/07,0,1109000,-5467000,-4358000
2008/11/10,0,135000,-4600000,-4465000
2008/11/11,0,565000,-4647500,-4082500
2008/11/12,0,830000,-6060900,-5230900
2008/11/13,0,0,-3868000,-3868000
2008/11/14,0,353000,-772500,-419500
2008/11/17,0,339000,-459000,-120000
2008/11/18,0,1455000,-2479790,-1024790
2008/11/19,0,1036000,-934000,102000
2008/11/20,0,4000,-1631400,-1627400
2008/11/21,0,1142000,-5909000,-4767000
2008/11/24,0,1825000,-1676000,149000
2008/11/25,0,2254000,-1328000,926000
2008/11/26,0,463000,-1234000,-771000
2008/11/27,0,450000,-1094000,-644000
2008/11/28,0,400000,-2104000,-1704000
2008/12/01,0,2327000,0,2327000
2008/12/02,0,400000,-631000,-231000
2008/12/03,0,100000,-942000,-842000
2008/12/04,0,52000,-1765700,-1713700
2008/12/05,0,0,-85000,-85000
2008/12/08,0,3581000,-958000,2623000
2008/12/09,0,2045000,-145000,1900000
2008/12/10,0,401000,-700,400300
2008/12/11,0,247000,0,247000
2008/12/12,0,0,-810000,-810000
2008/12/15,0,1010000,-3236000,-2226000
2008/12/16,0,160000,-3310400,-3150400
2008/12/17,0,0,-2685000,-2685000
2008/12/18,0,0,-3859000,-3859000
2008/12/19,0,92000,-1640025,-1548025
2008/12/22,0,1022000,-332000,690000
2008/12/23,0,240000,-288000,-48000
2008/12/24,0,201000,-612000,-411000
2008/12/25,0,0,0,0
2008/12/26,0,0,-9000,-9000
2008/12/29,0,50000,-150000,-100000
2008/12/30,0,200000,0,200000
2008/12/31,0,200000,-106000,94000
2009/01/01,0,0,0,0
2009/01/02,0,0,0,0
2009/01/05,0,30000,-200000,-170000
2009/01/06,0,558000,-449000,109000
2009/01/07,0,1634000,-1260000,374000
2009/01/08,0,137000,-200000,-63000
2009/01/09,0,200000,-669000,-469000
2009/01/12,0,1100000,-2703000,-1603000
2009/01/13,0,583000,-846000,-263000
2009/01/14,0,1103000,-604000,499000
2009/01/15,0,90000,-7000,83000
2009/01/16,0,5308000,-1766000,3542000
2009/01/19,0,1209000,-13000,1196000
2009/01/20,0,630000,0,630000
2009/01/21,0,4000000,0,4000000
2009/01/22,0,0,0,0
2009/01/23,0,0,0,0
2009/01/26,0,0,0,0
2009/01/27,0,0,0,0
2009/01/28,0,0,0,0
2009/01/29,0,0,0,0
2009/01/30,0,0,0,0
2009/02/02,0,2609000,-100000,2509000
2009/02/03,0,663000,-330000,333000
2009/02/04,0,1720000,-230600,1489400
2009/02/05,0,1074000,0,1074000
2009/02/06,0,82000,-370440,-288440
2009/02/09,0,86000,-1085000,-999000
2009/02/10,0,52000,-627300,-575300
2009/02/11,0,102000,0,102000
2009/02/12,0,299000,-215000,84000
2009/02/13,0,2000000,-663000,1337000
2009/02/16,0,1136000,0,1136000
2009/02/17,0,209000,-930000,-721000
2009/02/18,0,254000,-2893000,-2639000
2009/02/19,0,199000,-100000,99000
2009/02/20,0,110000,-1505000,-1395000
2009/02/23,0,445000,-123000,322000
2009/02/24,0,149000,-450000,-301000
2009/02/25,0,1493000,0,1493000
2009/02/26,0,452000,-2000,450000
2009/02/27,0,162000,0,162000
2009/03/02,0,365000,0,365000
2009/03/03,0,178000,0,178000
2009/03/04,0,3231000,0,3231000
2009/03/05,0,1140000,-103000,1037000
2009/03/06,0,530000,-776000,-246000
2009/03/09,0,897000,-156000,741000
2009/03/10,0,100000,-164000,-64000
2009/03/11,0,119000,-290000,-171000
2009/03/12,0,113000,-1408000,-1295000
2009/03/13,0,7000,-1731000,-1724000
2009/03/16,0,102000,-2023000,-1921000
2009/03/17,0,0,-1659000,-1659000
2009/03/18,0,0,-3000,-3000
2009/03/19,0,892000,-852700,39300
2009/03/20,0,648000,-150000,498000
2009/03/23,0,0,-123000,-123000
2009/03/24,0,389000,-24000,365000
2009/03/25,0,233000,-560000,-327000
2009/03/26,0,230000,-86000,144000
2009/03/27,0,336000,-591000,-255000
2009/03/30,0,0,-3571000,-3571000
2009/03/31,0,27000,-6538000,-6511000
2009/04/01,0,680000,-874000,-194000
2009/04/02,0,127000,-1617000,-1490000
2009/04/03,0,0,-719000,-719000
2009/04/06,0,1260000,-460000,800000
2009/04/07,0,1246000,0,1246000
2009/04/08,0,209000,-1078000,-869000
2009/04/09,0,150000,-970000,-820000
2009/04/10,0,105000,-1933000,-1828000
2009/04/13,0,84000,-405000,-321000
2009/04/14,0,1701000,-2086000,-385000
2009/04/15,0,28000,-380000,-352000
2009/04/16,0,60000,-30000,30000
2009/04/17,0,239000,-1160000,-921000
2009/04/20,0,0,-1850000,-1850000
2009/04/21,0,80000,-270000,-190000
2009/04/22,0,165000,-613550,-448550
2009/04/23,0,1000,-440000,-439000
2009/04/24,0,61000,-369000,-308000
2009/04/27,0,0,-5884000,-5884000
2009/04/28,0,108000,-82000,26000
2009/04/29,0,120000,0,120000
2009/04/30,0,0,-914000,-914000
2009/05/01,0,0,0,0
2009/05/04,0,2979000,0,2979000
2009/05/05,0,200000,-2020000,-1820000
2009/05/06,0,55000,-1273000,-1218000
2009/05/07,0,300000,-860,299140
2009/05/08,0,178000,-412000,-234000
2009/05/11,0,0,-190000,-190000
2009/05/12,0,531000,-2637000,-2106000
2009/05/13,0,0,-2601000,-2601000
2009/05/14,0,0,-503000,-503000
2009/05/15,0,300000,-94800,205200
2009/05/18,0,169000,-900,168100
2009/05/19,0,0,0,0
2009/05/20,0,1171000,-837200,333800
2009/05/21,0,60000,-82000,-22000
2009/05/22,0,84000,0,84000
2009/05/25,0,751000,-150000,601000
2009/05/26,0,964000,-720000,244000
2009/05/27,0,74000,-51000,23000
2009/05/28,0,0,0,0
2009/05/29,0,0,0,0
2009/06/01,0,1504000,0,1504000
2009/06/02,0,0,-198000,-198000
2009/06/03,0,0,-932000,-932000
2009/06/04,0,6000,-1255000,-1249000
2009/06/05,0,0,-2079000,-2079000
2009/06/08,0,49000,-614200,-565200
2009/06/09,0,469000,-515000,-46000
2009/06/10,0,54000,-395000,-341000
2009/06/11,0,1127000,-250000,877000
2009/06/12,0,70000,-340000,-270000
2009/06/15,0,404000,0,404000
2009/06/16,0,105000,-731000,-626000
2009/06/17,0,6000,-550000,-544000
2009/06/18,0,504000,-866500,-362500
2009/06/19,0,496000,-100000,396000
2009/06/22,0,1843000,-200000,1643000
2009/06/23,0,70000,-57000,13000
2009/06/24,0,2287000,-202000,2085000
2009/06/25,0,1000,0,1000
2009/06/26,0,1335000,-50000,1285000
2009/06/29,0,239000,-55000,184000
2009/06/30,0,790000,-50000,740000
2009/07/01,0,825000,0,825000
2009/07/02,0,595000,-1000,594000
2009/07/03,0,325000,-65000,260000
2009/07/06,0,592000,-292000,300000
2009/07/07,0,1000,-100000,-99000
2009/07/08,0,0,-37000,-37000
2009/07/09,0,530000,-1275570,-745570
2009/07/10,0,100000,-2000,98000
2009/07/13,0,51000,-438000,-387000
2009/07/14,0,50000,-88000,-38000
2009/07/15,0,100000,-59000,41000
2009/07/16,0,597000,-21000,576000
2009/07/17,0,729000,0,729000
2009/07/20,0,85000,0,85000
2009/07/21,0,1387000,-26000,1361000
2009/07/22,0,0,-52000,-52000
2009/07/23,0,0,-4000,-4000
2009/07/24,0,180000,-842000,-662000
2009/07/27,0,179000,0,179000
2009/07/28,0,326000,0,326000
2009/07/29,0,263000,-1000,262000
2009/07/30,0,0,-370000,-370000
2009/07/31,0,0,-141000,-141000
2009/08/03,0,250000,0,250000
2009/08/04,0,415000,-239000,176000
2009/08/05,0,97000,0,97000
2009/08/06,0,20000,-88000,-68000
2009/08/07,0,0,0,0
2009/08/10,0,4000,-89000,-85000
2009/08/11,0,373000,0,373000
2009/08/12,0,2246000,0,2246000
2009/08/13,0,2647000,0,2647000
2009/08/14,0,2000,0,2000
2009/08/17,0,40000,-17000,23000
2009/08/18,0,2000,-1848000,-1846000
2009/08/19,0,1450000,-220000,1230000
2009/08/20,0,2510000,-1000,2509000
2009/08/21,0,1725000,0,1725000
2009/08/24,0,815000,0,815000
2009/08/25,0,0,-80000,-80000
2009/08/26,0,0,-403000,-403000
2009/08/27,0,1753000,-458000,1295000
2009/08/28,0,70000,0,70000
2009/08/31,0,221000,-320000,-99000
2009/09/01,0,50000,0,50000
2009/09/02,0,612000,0,612000
2009/09/03,0,0,-2000,-2000
2009/09/04,0,1068000,-2000,1066000
2009/09/07,0,10000,-2000,8000
2009/09/08,0,1974000,-410000,1564000
2009/09/09,0,1453000,-85400,1367600
2009/09/10,0,1274000,-24000,1250000
2009/09/11,0,450000,-50000,400000
2009/09/14,0,332000,-149000,183000
2009/09/15,0,382000,-50000,332000
2009/09/16,0,1030000,-12000,1018000
2009/09/17,0,200000,-115000,85000
2009/09/18,0,217000,-141000,76000
2009/09/21,0,12000,-56000,-44000
2009/09/22,0,560000,0,560000
2009/09/23,0,318000,-701000,-383000
2009/09/24,0,0,-272000,-272000
2009/09/25,0,409000,0,409000
2009/09/28,0,98000,0,98000
2009/09/29,0,3000,0,3000
2009/09/30,0,0,-8000,-8000
2009/10/01,0,200000,-117000,83000
2009/10/02,0,0,0,0
2009/10/05,0,514000,-900,513100
2009/10/06,0,553000,0,553000
2009/10/07,0,100000,-361000,-261000
2009/10/08,0,15000,0,15000
2009/10/09,0,1000,0,1000
2009/10/12,0,0,-91787,-91787
2009/10/13,0,102000,-310500,-208500
2009/10/14,0,0,-1000,-1000
2009/10/15,0,0,-537000,-537000
2009/10/16,0,1000,-1357000,-1356000
2009/10/19,0,73000,-270000,-197000
2009/10/20,0,300000,-744000,-444000
2009/10/21,0,9000,-444000,-435000
2009/10/22,0,0,-700000,-700000
2009/10/23,0,0,0,0
2009/10/26,0,0,0,0
2009/10/27,0,51000,-523000,-472000
2009/10/28,0,0,-110000,-110000
2009/10/29,0,0,-437000,-437000
2009/10/30,0,520000,0,520000
2009/11/02,0,526000,-667200,-141200
2009/11/03,0,82000,-1154125,-1072125
2009/11/04,0,1333000,-400000,933000
2009/11/05,0,2000,0,2000
2009/11/06,0,20000,-849000,-829000
2009/11/09,0,20000,-2465200,-2445200
2009/11/10,0,307000,-503000,-196000
2009/11/11,0,0,0,0
2009/11/12,0,100000,0,100000
2009/11/13,0,21000,-284000,-263000
2009/11/16,0,53000,-600,52400
2009/11/17,0,1406000,0,1406000
2009/11/18,0,660000,-4000,656000
2009/11/19,0,198000,-128000,70000
2009/11/20,0,1007000,-2000,1005000
2009/11/23,0,200000,-318000,-118000
2009/11/24,0,0,-1009000,-1009000
2009/11/25,0,0,-15000,-15000
2009/11/26,0,235000,-1205000,-970000
2009/11/27,0,0,0,0
2009/11/30,0,52000,-240000,-188000
2009/12/01,0,0,0,0
2009/12/02,0,0,-689500,-689500
2009/12/03,0,0,-150000,-150000
2009/12/04,0,0,-200000,-200000
2009/12/07,0,0,-148000,-148000
2009/12/08,0,1150000,-19000,1131000
2009/12/09,0,450000,0,450000
2009/12/10,0,0,-684000,-684000
2009/12/11,0,472000,-819400,-347400
2009/12/14,0,18000,-4000,14000
2009/12/15,0,0,-57200,-57200
2009/12/16,0,0,-29000,-29000
2009/12/17,0,0,0,0
2009/12/18,0,3000,-1704000,-1701000
2009/12/21,0,1000,-279000,-278000
2009/12/22,0,0,-840000,-840000
2009/12/23,0,0,0,0
2009/12/24,0,0,-440000,-440000
2009/12/25,0,0,-103000,-103000
2009/12/28,0,0,-479000,-479000
2009/12/29,0,0,-54000,-54000
2009/12/30,0,460000,-234000,226000
2009/12/31,0,200000,0,200000
2010/01/01,0,0,0,0
2010/01/04,0,229000,-936000,-707000
2010/01/05,0,100000,-150000,-50000
2010/01/06,0,60000,-933000,-873000
2010/01/07,0,440000,-1000,439000
2010/01/08,0,0,-83000,-83000
2010/01/11,0,0,-854000,-854000
2010/01/12,0,0,-487400,-487400
2010/01/13,0,0,0,0
2010/01/14,0,285000,-393000,-108000
2010/01/15,0,200000,-602000,-402000
2010/01/18,0,200000,-500000,-300000
2010/01/19,0,0,-2820500,-2820500
2010/01/20,0,0,-2373950,-2373950
2010/01/21,0,0,-1585800,-1585800
2010/01/22,0,0,-3130500,-3130500
2010/01/25,0,0,-269100,-269100
2010/01/26,0,0,0,0
2010/01/27,0,2000,0,2000
2010/01/28,0,0,-99000,-99000
2010/01/29,0,1000,-500,500
2010/02/01,0,0,0,0
2010/02/02,0,0,0,0
2010/02/03,0,2000,0,2000
2010/02/04,0,80000,-90000,-10000
2010/02/05,0,0,0,0
2010/02/08,0,4000,-431000,-427000
2010/02/09,0,65000,-119000,-54000
2010/02/10,0,9000,-330100,-321100
2010/02/11,0,0,0,0
2010/02/12,0,0,0,0
2010/02/15,0,0,0,0
2010/02/16,0,0,0,0
2010/02/17,0,0,0,0
2010/02/18,0,0,0,0
2010/02/19,0,0,0,0
2010/02/22,0,826000,-90000,736000
2010/02/23,0,900000,0,900000
2010/02/24,0,276000,0,276000
2010/02/25,0,92000,-413000,-321000
2010/02/26,0,470000,-1000,469000
2010/03/01,0,1131000,0,1131000
2010/03/02,0,340000,-65000,275000
2010/03/03,0,100000,0,100000
2010/03/04,0,62000,0,62000
2010/03/05,0,0,0,0
2010/03/08,0,30000,0,30000
2010/03/09,0,391000,0,391000
2010/03/10,0,619000,-118000,501000
2010/03/11,0,0,-618000,-618000
2010/03/12,0,231000,-996000,-765000
2010/03/15,0,0,0,0
2010/03/16,0,0,-87000,-87000
2010/03/17,0,0,-709000,-709000
2010/03/18,0,0,-20000,-20000
2010/03/19,0,0,0,0
2010/03/22,0,0,-421000,-421000
2010/03/23,0,1000,-2327000,-2326000
2010/03/24,0,0,-1248000,-1248000
2010/03/25,0,0,-343000,-343000
2010/03/26,0,0,-650000,-650000
2010/03/29,0,338000,0,338000
2010/03/30,0,268000,0,268000
2010/03/31,0,331000,0,331000
2010/04/01,0,261000,0,261000
2010/04/02,0,297000,-1000,296000
2010/04/05,0,0,0,0
2010/04/06,0,426000,0,426000
2010/04/07,0,0,0,0
2010/04/08,0,0,-1000,-1000
2010/04/09,0,60000,-600,59400
2010/04/12,0,88000,0,88000
2010/04/13,0,80000,-50000,30000
2010/04/14,0,0,-231000,-231000
2010/04/15,0,461000,-3000,458000
2010/04/16,0,2662000,0,2662000
2010/04/19,0,0,-30374,-30374
2010/04/20,0,807000,-1000,806000
2010/04/21,0,0,-152000,-152000
2010/04/22,0,0,-39780,-39780
2010/04/23,0,40000,-30000,10000
2010/04/26,0,1197000,-68000,1129000
2010/04/27,0,717000,-308000,409000
2010/04/28,0,0,-21000,-21000
2010/04/29,0,508000,-85000,423000
2010/04/30,0,0,-136000,-136000
2010/05/03,0,0,0,0
2010/05/04,0,0,0,0
2010/05/05,0,1879000,-335000,1544000
2010/05/06,0,92000,-749000,-657000
2010/05/07,0,151000,0,151000
2010/05/10,0,1309000,-800000,509000
2010/05/11,0,341000,0,341000
2010/05/12,0,0,0,0
2010/05/13,0,918000,0,918000
2010/05/14,0,570000,-41000,529000
2010/05/17,0,301000,-160000,141000
2010/05/18,0,1000,-70000,-69000
2010/05/19,0,0,-645000,-645000
2010/05/20,0,1000,-181000,-180000
2010/05/21,0,0,-31000,-31000
2010/05/24,0,266000,-828000,-562000
2010/05/25,0,0,-59000,-59000
2010/05/26,0,125000,-1000,124000
2010/05/27,0,476000,0,476000
2010/05/28,0,0,-232000,-232000
2010/05/31,0,0,-1218000,-1218000
2010/06/01,0,0,-915000,-915000
2010/06/02,0,0,-361000,-361000
2010/06/03,0,51000,0,51000
2010/06/04,0,0,-316000,-316000
2010/06/07,0,0,-435000,-435000
2010/06/08,0,466000,0,466000
2010/06/09,0,9000,0,9000
2010/06/10,0,0,-381800,-381800
2010/06/11,0,391000,0,391000
2010/06/14,0,0,-1000,-1000
2010/06/15,0,463000,0,463000
2010/06/16,0,0,0,0
2010/06/17,0,9000,-1027000,-1018000
2010/06/18,0,2000,-205000,-203000
2010/06/21,0,1645000,-150000,1495000
2010/06/22,0,1972000,-82000,1890000
2010/06/23,0,764000,-70000,694000
2010/06/24,0,109000,-301000,-192000
2010/06/25,0,15000,-272403,-257403
2010/06/28,0,36000,0,36000
2010/06/29,0,96000,0,96000
2010/06/30,0,0,0,0
2010/07/01,0,60000,0,60000
2010/07/02,0,1000,0,1000
2010/07/05,0,310000,-1000000,-690000
2010/07/06,0,405000,-15000,390000
2010/07/07,0,100000,0,100000
2010/07/08,0,463000,-83000,380000
2010/07/09,0,0,-1067000,-1067000
2010/07/12,0,100000,0,100000
2010/07/13,0,0,-15000,-15000
2010/07/14,0,66000,-52000,14000
2010/07/15,0,161000,0,161000
2010/07/16,0,0,-387000,-387000
2010/07/19,0,1000,-127000,-126000
2010/07/20,0,268000,-32000,236000
2010/07/21,0,483000,-8000,475000
2010/07/22,0,337000,-35000,302000
2010/07/23,0,111000,-1000000,-889000
2010/07/26,0,0,0,0
2010/07/27,0,12000,-300,11700
2010/07/28,0,0,0,0
2010/07/29,0,0,-1000000,-1000000
2010/07/30,0,0,-590000,-590000
2010/08/02,0,6000,-1312000,-1306000
2010/08/03,0,2000,-20000,-18000
2010/08/04,0,1000,-675000,-674000
2010/08/05,0,0,-558000,-558000
2010/08/06,0,166000,-620000,-454000
2010/08/09,0,172000,-55000,117000
2010/08/10,0,1566000,-7200,1558800
2010/08/11,0,731000,-100000,631000
2010/08/12,0,750000,-534000,216000
2010/08/13,0,213000,-444000,-231000
2010/08/16,0,253000,0,253000
2010/08/17,0,330000,-4000,326000
2010/08/18,0,0,0,0
2010/08/19,0,35000,-119000,-84000
2010/08/20,0,0,-76000,-76000
2010/08/23,0,0,0,0
2010/08/24,0,80000,-213000,-133000
2010/08/25,0,8000,-72000,-64000
2010/08/26,0,1000,-1100,-100
2010/08/27,0,1000,0,1000
2010/08/30,0,2000,-71000,-69000
2010/08/31,0,323000,0,323000
2010/09/01,0,363000,0,363000
2010/09/02,0,21000,-964000,-943000
2010/09/03,0,47000,0,47000
2010/09/06,0,173000,0,173000
2010/09/07,0,1073000,0,1073000
2010/09/08,0,0,0,0
2010/09/09,0,161000,0,161000
2010/09/10,0,0,0,0
2010/09/13,0,60000,-22,59978
2010/09/14,0,505000,0,505000
2010/09/15,0,100000,-257963,-157963
2010/09/16,0,0,-48043,-48043
2010/09/17,0,272422,-1000,271422
2010/09/20,0,160000,-180393,-20393
2010/09/21,0,0,-277000,-277000
2010/09/22,0,0,0,0
2010/09/23,0,0,-1000,-1000
2010/09/24,0,0,-1000,-1000
2010/09/27,0,0,-228465,-228465
2010/09/28,0,319000,-263992,55008
2010/09/29,0,219000,-3000,216000
2010/09/30,0,0,-36778,-36778
2010/10/01,0,40000,-243662,-203662
2010/10/04,0,0,0,0
2010/10/05,0,217000,0,217000
2010/10/06,0,0,-470000,-470000
2010/10/07,0,0,-518000,-518000
2010/10/08,0,0,0,0
2010/10/11,0,0,0,0
2010/10/12,0,180000,-1000,179000
2010/10/13,0,70000,-543616,-473616
2010/10/14,0,111000,-254029,-143029
2010/10/15,0,0,-1000,-1000
2010/10/18,0,1000,-200000,-199000
2010/10/19,0,202000,0,202000
2010/10/20,0,200000,-921000,-721000
2010/10/21,0,113000,-583348,-470348
2010/10/22,0,134000,-1029000,-895000
2010/10/25,0,400000,-717329,-317329
2010/10/26,0,0,0,0
2010/10/27,0,3000,-500000,-497000
2010/10/28,0,0,-500000,-500000
2010/10/29,0,0,0,0
2010/11/01,0,40000,0,40000
2010/11/02,0,81527,0,81527
2010/11/03,0,21000,-29000,-8000
2010/11/04,0,0,0,0
2010/11/05,0,7000,-1885189,-1878189
2010/11/08,0,0,-41000,-41000
2010/11/09,0,2000,0,2000
2010/11/10,0,0,-708327,-708327
2010/11/11,0,1000,-300000,-299000
2010/11/12,0,0,-450000,-450000
2010/11/15,0,268000,-809707,-541707
2010/11/16,0,161000,0,161000
2010/11/17,0,0,-700000,-700000
2010/11/18,0,0,-211000,-211000
2010/11/19,0,62000,-22,61978
2010/11/22,0,0,-386989,-386989
2010/11/23,0,0,0,0
2010/11/24,0,200000,0,200000
2010/11/25,0,0,-6000,-6000
2010/11/26,0,0,0,0
2010/11/29,0,0,0,0
2010/11/30,0,0,-500000,-500000
2010/12/01,0,150000,-2000,148000
2010/12/02,0,0,-1000,-1000
2010/12/03,0,0,-246000,-246000
2010/12/06,0,0,-4000,-4000
2010/12/07,0,0,-665000,-665000
2010/12/08,0,0,-1000,-1000
2010/12/09,0,0,-200000,-200000
2010/12/10,0,0,-210000,-210000
2010/12/13,0,44000,-304012,-260012
2010/12/14,0,0,-48000,-48000
2010/12/15,0,10000,-85000,-75000
2010/12/16,0,0,-207000,-207000
2010/12/17,0,324000,-367286,-43286
2010/12/20,0,0,-1000,-1000
2010/12/21,0,0,-878037,-878037
2010/12/22,0,1000,0,1000
2010/12/23,0,0,-1306692,-1306692
2010/12/24,0,0,-191000,-191000
2010/12/27,0,0,-1632,-1632
2010/12/28,0,0,-621862,-621862
2010/12/29,0,0,-581915,-581915
2010/12/30,0,0,-239692,-239692
2010/12/31,0,300000,-321903,-21903
2011/01/03,0,100000,-265953,-165953
2011/01/04,0,0,-1660000,-1660000
2011/01/05,0,5000,-621578,-616578
2011/01/06,0,0,-325000,-325000
2011/01/07,0,90000,-139000,-49000
2011/01/10,0,209000,-54877,154123
2011/01/11,0,0,-383131,-383131
2011/01/12,0,0,-400000,-400000
2011/01/13,0,53000,-756735,-703735
2011/01/14,0,39000,-188906,-149906
2011/01/17,0,0,-677934,-677934
2011/01/18,0,0,-263761,-263761
2011/01/19,0,0,-967000,-967000
2011/01/20,0,0,-181000,-181000
2011/01/21,0,2000,-436240,-434240
2011/01/24,0,106000,0,106000
2011/01/25,0,488000,-3000,485000
2011/01/26,0,0,-798000,-798000
2011/01/27,0,0,-736000,-736000
2011/01/28,0,0,-1109000,-1109000
2011/01/31,0,0,0,0
2011/02/01,0,0,0,0
2011/02/02,0,0,0,0
2011/02/03,0,0,0,0
2011/02/04,0,0,0,0
2011/02/07,0,0,0,0
2011/02/08,0,0,-1153000,-1153000
2011/02/09,0,0,-1151942,-1151942
2011/02/10,0,0,-1481000,-1481000
2011/02/11,0,2000,-1840804,-1838804
2011/02/14,0,1000,-700000,-699000
2011/02/15,0,2000,-1786463,-1784463
2011/02/16,0,431000,-2215348,-1784348
2011/02/17,0,766000,-121000,645000
2011/02/18,0,10000,-1213000,-1203000
2011/02/21,0,0,-21000,-21000
2011/02/22,0,0,-40000,-40000
2011/02/23,0,21000,-21678,-678
2011/02/24,0,1000,-300000,-299000
2011/02/25,0,5000,0,5000
2011/02/28,0,0,0,0
2011/03/01,0,300000,0,300000
2011/03/02,0,0,-774707,-774707
2011/03/03,0,0,-1877224,-1877224
2011/03/04,0,50000,-350625,-300625
2011/03/07,0,100000,-1110000,-1010000
2011/03/08,0,50000,-617000,-567000
2011/03/09,0,661000,-744000,-83000
2011/03/10,0,50000,-409000,-359000
2011/03/11,0,25000,-567109,-542109
2011/03/14,0,1000,0,1000
2011/03/15,0,126000,0,126000
2011/03/16,0,50000,0,50000
2011/03/17,0,244000,0,244000
2011/03/18,0,50000,-2000,48000
2011/03/21,0,185000,-69469,115531
2011/03/22,0,50000,0,50000
2011/03/23,0,390000,-235000,155000
2011/03/24,0,2000,-106000,-104000
2011/03/25,0,0,0,0
2011/03/28,0,0,-116000,-116000
2011/03/29,0,0,-605000,-605000
2011/03/30,0,285000,-420000,-135000
2011/03/31,0,60000,-404000,-344000
2011/04/01,0,200000,-513000,-313000
2011/04/04,0,0,0,0
2011/04/05,0,0,0,0
2011/04/06,0,20000,0,20000
2011/04/07,0,132000,0,132000
2011/04/08,0,20000,-650232,-630232
2011/04/11,0,0,0,0
2011/04/12,0,0,-1567,-1567
2011/04/13,0,30000,0,30000
2011/04/14,0,73000,-106836,-33836
2011/04/15,0,35000,0,35000
2011/04/18,0,3000,0,3000
2011/04/19,0,452000,-110000,342000
2011/04/20,0,0,-91747,-91747
2011/04/21,0,0,0,0
2011/04/22,0,219000,0,219000
2011/04/25,0,0,-2663,-2663
2011/04/26,0,0,-237000,-237000
2011/04/27,0,218000,-60000,158000
2011/04/28,0,0,-202000,-202000
2011/04/29,0,0,-204000,-204000
2011/05/02,0,0,0,0
2011/05/03,0,16000,-50000,-34000
2011/05/04,0,16000,-66000,-50000
2011/05/05,0,16000,-939846,-923846
2011/05/06,0,16000,-100000,-84000
2011/05/09,0,1000,-32976,-31976
2011/05/10,0,927000,-78000,849000
2011/05/11,0,0,0,0
2011/05/12,0,0,-572000,-572000
2011/05/13,0,0,-391000,-391000
2011/05/16,0,0,-4000,-4000
2011/05/17,0,0,-288000,-288000
2011/05/18,0,0,-1147914,-1147914
2011/05/19,0,1000,-70000,-69000
2011/05/20,0,80000,0,80000
2011/05/23,0,0,-205000,-205000
2011/05/24,0,0,-153000,-153000
2011/05/25,0,0,-496000,-496000
2011/05/26,0,2000,0,2000
2011/05/27,0,0,0,0
2011/05/30,0,1000,0,1000
2011/05/31,0,19000,-333793,-314793
2011/06/01,0,0,0,0
2011/06/02,0,0,0,0
2011/06/03,0,0,-150209,-150209
2011/06/06,0,0,0,0
2011/06/07,0,946000,-411000,535000
2011/06/08,0,1424000,-813086,610914
2011/06/09,0,50000,0,50000
2011/06/10,0,520000,-39000,481000
2011/06/13,0,432000,-1077000,-645000
2011/06/14,0,242000,0,242000
2011/06/15,0,13000,-400000,-387000
2011/06/16,0,0,0,0
2011/06/17,0,77000,-1000,76000
2011/06/20,0,76000,0,76000
2011/06/21,0,2000,-1000,1000
2011/06/22,0,38000,0,38000
2011/06/23,0,1000,-199000,-198000
2011/06/24,0,340000,0,340000
2011/06/27,0,251000,0,251000
2011/06/28,0,158000,-13016,144984
2011/06/29,0,166000,0,166000
2011/06/30,0,81000,0,81000
2011/07/01,0,41000,-301000,-260000
2011/07/04,0,73000,-1000,72000
2011/07/05,0,169000,-1000,168000
2011/07/06,0,140000,-5000,135000
2011/07/07,0,40000,-550000,-510000
2011/07/08,0,0,-1000,-1000
2011/07/11,0,200000,0,200000
2011/07/12,0,428000,0,428000
2011/07/13,0,202000,0,202000
2011/07/14,0,548000,0,548000
2011/07/15,0,641000,-2000,639000
2011/07/18,0,539000,0,539000
2011/07/19,0,51000,0,51000
2011/07/20,0,52000,0,52000
2011/07/21,0,815500,0,815500
2011/07/22,0,734000,0,734000
2011/07/25,0,1015000,-66000,949000
2011/07/26,0,505000,0,505000
2011/07/27,0,0,-52000,-52000
2011/07/28,0,90000,-153000,-63000
2011/07/29,0,800000,-30000,770000
2011/08/01,0,536000,-490000,46000
2011/08/02,0,0,-21000,-21000
2011/08/03,0,1265000,-174000,1091000
2011/08/04,0,227000,0,227000
2011/08/05,0,253000,0,253000
2011/08/08,0,326000,0,326000
2011/08/09,0,195000,0,195000
2011/08/10,0,1186000,0,1186000
2011/08/11,0,1532000,0,1532000
2011/08/12,0,1816000,-7000,1809000
2011/08/15,0,1054000,0,1054000
2011/08/16,0,511000,0,511000
2011/08/17,0,858000,-1000,857000
2011/08/18,0,469000,0,469000
2011/08/19,0,206000,-29000,177000
2011/08/22,0,636000,0,636000
2011/08/23,0,143000,0,143000
2011/08/24,0,476000,0,476000
2011/08/25,0,100000,0,100000
2011/08/26,0,327000,0,327000
2011/08/29,0,149000,0,149000
2011/08/30,0,25000,0,25000
2011/08/31,0,180000,-70000,110000
2011/09/01,0,0,0,0
2011/09/02,0,548000,-284000,264000
2011/09/05,0,539000,-5000,534000
2011/09/06,0,0,0,0
2011/09/07,0,894000,0,894000
2011/09/08,0,518000,0,518000
2011/09/09,0,40000,0,40000
2011/09/12,0,0,0,0
2011/09/13,0,413000,-1592,411408
2011/09/14,0,507000,-110000,397000
2011/09/15,0,574000,-377000,197000
2011/09/16,0,454000,-231000,223000
2011/09/19,0,679000,0,679000
2011/09/20,0,478000,-1218000,-740000
2011/09/21,0,412439,0,412439
2011/09/22,0,150000,-188000,-38000
2011/09/23,0,622000,-20000,602000
2011/09/26,0,292000,-414000,-122000
2011/09/27,0,990000,-562000,428000
2011/09/28,0,714000,-1000,713000
2011/09/29,0,714000,0,714000
2011/09/30,0,87000,-1232000,-1145000
2011/10/03,0,0,-568000,-568000
2011/10/04,0,10000,0,10000
2011/10/05,0,30000,-55000,-25000
2011/10/06,0,250000,0,250000
2011/10/07,0,1000,-40000,-39000
2011/10/10,0,0,0,0
2011/10/11,0,322000,-25000,297000
2011/10/12,0,480000,-660000,-180000
2011/10/13,0,1603000,-625000,978000
2011/10/14,0,991000,-107000,884000
2011/10/17,0,0,-167559,-167559
2011/10/18,0,3070,0,3070
2011/10/19,0,139000,-44000,95000
2011/10/20,0,93000,0,93000
2011/10/21,0,5000,-90000,-85000
2011/10/24,0,206000,-60000,146000
2011/10/25,0,268000,-20000,248000
2011/10/26,0,392000,-16000,376000
2011/10/27,0,129000,-24000,105000
2011/10/28,0,280000,-233000,47000
2011/10/31,0,169000,-2000,167000
2011/11/01,0,216000,-2000,214000
2011/11/02,0,5000,-170000,-165000
2011/11/03,0,26000,-280000,-254000
2011/11/04,0,413000,-430000,-17000
2011/11/07,0,80000,-390000,-310000
2011/11/08,0,102000,-145000,-43000
2011/11/09,0,25000,-235000,-210000
2011/11/10,0,279000,-602000,-323000
2011/11/11,0,80000,-1000,79000
2011/11/14,0,76643,-110000,-33357
2011/11/15,0,0,-590000,-590000
2011/11/16,0,0,-176000,-176000
2011/11/17,0,1888000,0,1888000
2011/11/18,0,152000,0,152000
2011/11/21,0,207000,-100000,107000
2011/11/22,0,182000,-661000,-479000
2011/11/23,0,197000,-508000,-311000
2011/11/24,0,153000,-280000,-127000
2011/11/25,0,258000,-10000,248000
2011/11/28,0,1868000,0,1868000
2011/11/29,0,1982000,-50000,1932000
2011/11/30,0,1132000,-1000,1131000
2011/12/01,0,3079000,0,3079000
2011/12/02,0,736000,0,736000
2011/12/05,0,504000,-2000,502000
2011/12/06,0,727000,-48000,679000
2011/12/07,0,741000,-360000,381000
2011/12/08,0,147000,0,147000
2011/12/09,0,1875000,-61986,1813014
2011/12/12,0,1048000,0,1048000
2011/12/13,0,585000,0,585000
2011/12/14,0,598000,-1004000,-406000
2011/12/15,0,586000,-1283000,-697000
2011/12/16,0,211000,-363000,-152000
2011/12/19,0,408000,0,408000
2011/12/20,0,1169000,-13000,1156000
2011/12/21,0,1155000,-180000,975000
2011/12/22,0,2000,-10000,-8000
2011/12/23,0,30000,-2000,28000
2011/12/26,0,70000,-784000,-714000
2011/12/27,0,364000,-436000,-72000
2011/12/28,0,400000,-2464,397536
2011/12/29,0,368000,-590000,-222000
2011/12/30,0,276000,-283000,-7000
2012/01/02,0,4000,-410000,-406000
2012/01/03,0,0,-191000,-191000
2012/01/04,0,126000,-195000,-69000
2012/01/05,0,0,-322588,-322588
2012/01/06,0,0,-914000,-914000
2012/01/09,0,0,-50000,-50000
2012/01/10,0,200000,-1582000,-1382000
2012/01/11,0,0,-2621000,-2621000
2012/01/12,0,0,-1490000,-1490000
2012/01/13,0,0,-2965000,-2965000
2012/01/16,0,0,-1516000,-1516000
2012/01/17,0,0,-1174000,-1174000
2012/01/18,0,0,-505000,-505000
2012/01/19,0,0,0,0
2012/01/20,0,0,0,0
2012/01/23,0,0,0,0
2012/01/24,0,0,0,0
2012/01/25,0,0,0,0
2012/01/26,0,0,0,0
2012/01/27,0,0,0,0
2012/01/30,0,0,-194000,-194000
2012/01/31,0,30000,-2882000,-2852000
2012/02/01,0,30000,-4295000,-4265000
2012/02/02,0,100000,-3894000,-3794000
2012/02/03,0,60000,-529000,-469000
2012/02/06,0,0,-1019489,-1019489
2012/02/07,0,0,-631946,-631946
2012/02/08,0,94000,-361923,-267923
2012/02/09,0,56497,-177000,-120503
2012/02/10,0,68000,-90000,-22000
2012/02/13,0,0,-51000,-51000
2012/02/14,0,0,-667000,-667000
2012/02/15,0,0,-116000,-116000
2012/02/16,0,336000,-563000,-227000
2012/02/17,0,0,-11000,-11000
2012/02/20,0,0,-2000,-2000
2012/02/21,0,0,-465000,-465000
2012/02/22,0,0,-846000,-846000
2012/02/23,0,90000,-222000,-132000
2012/02/24,0,0,-207000,-207000
2012/02/27,0,0,0,0
2012/02/28,0,0,0,0
2012/02/29,0,0,-1000,-1000
2012/03/01,0,188000,-5000,183000
2012/03/02,0,0,-514000,-514000
2012/03/05,0,213000,-10000,203000
2012/03/06,0,195000,-279000,-84000
2012/03/07,0,0,0,0
2012/03/08,0,106000,-56248,49752
2012/03/09,0,392000,-20000,372000
2012/03/12,0,0,-12000,-12000
2012/03/13,0,315000,-90000,225000
2012/03/14,0,449000,-52000,397000
2012/03/15,0,400000,-66000,334000
2012/03/16,0,0,-382000,-382000
2012/03/19,0,0,-50000,-50000
2012/03/20,0,0,-92000,-92000
2012/03/21,0,198000,-40000,158000
2012/03/22,0,77000,-31000,46000
2012/03/23,0,52000,-561000,-509000
2012/03/26,0,0,-307000,-307000
2012/03/27,0,0,-89044,-89044
2012/03/28,0,21000,0,21000
2012/03/29,0,0,-1042000,-1042000
2012/03/30,0,72000,-1000,71000
2012/04/02,0,0,-1000,-1000
2012/04/03,0,150000,-200000,-50000
2012/04/04,0,0,0,0
2012/04/05,0,201000,-704067,-503067
2012/04/06,0,174000,-21000,153000
2012/04/09,0,0,-63189,-63189
2012/04/10,0,150000,-200000,-50000
2012/04/11,0,170000,-213000,-43000
2012/04/12,0,0,0,0
2012/04/13,0,5000,0,5000
2012/04/16,0,35000,0,35000
2012/04/17,0,6000,-40000,-34000
2012/04/18,0,5000,-115000,-110000
2012/04/19,0,0,-563000,-563000
2012/04/20,0,25000,-525000,-500000
2012/04/23,0,1000,0,1000
2012/04/24,0,609000,0,609000
2012/04/25,0,0,-440000,-440000
2012/04/26,0,261000,-205000,56000
2012/04/27,0,495000,-10000,485000
2012/04/30,0,396000,-315000,81000
2012/05/01,0,0,0,0
2012/05/02,0,593000,0,593000
2012/05/03,0,515295,-204000,311295
2012/05/04,0,71000,-10000,61000
2012/05/07,0,28000,-877000,-849000
2012/05/08,0,0,-387000,-387000
2012/05/09,0,22000,0,22000
2012/05/10,0,258000,0,258000
2012/05/11,0,553000,0,553000
2012/05/14,0,22000,0,22000
2012/05/15,0,72000,0,72000
2012/05/16,0,55000,0,55000
2012/05/17,0,0,-341000,-341000
2012/05/18,0,20000,-62000,-42000
2012/05/21,0,250000,0,250000
2012/05/22,0,52000,0,52000
2012/05/23,0,9000,-220000,-211000
2012/05/24,0,21000,0,21000
2012/05/25,0,0,0,0
2012/05/28,0,0,0,0
2012/05/29,0,8000,-30000,-22000
2012/05/30,0,0,-140729,-140729
2012/05/31,0,0,-10000,-10000
2012/06/01,0,355000,-100000,255000
2012/06/04,0,324000,0,324000
2012/06/05,0,273000,0,273000
2012/06/06,0,158000,-1036000,-878000
2012/06/07,0,50000,-1069228,-1019228
2012/06/08,0,44000,-500000,-456000
2012/06/11,0,444000,-955000,-511000
2012/06/12,0,46000,-500000,-454000
2012/06/13,0,304000,-600000,-296000
2012/06/14,0,60000,-1089788,-1029788
2012/06/15,0,61000,-100000,-39000
2012/06/18,0,39000,-53000,-14000
2012/06/19,0,79000,-105000,-26000
2012/06/20,0,3000,0,3000
2012/06/21,0,0,-53000,-53000
2012/06/22,0,0,-37000,-37000
2012/06/25,0,0,-30000,-30000
2012/06/26,0,130000,-21206,108794
2012/06/27,0,0,0,0
2012/06/28,0,0,-5000,-5000
2012/06/29,0,60000,-111000,-51000
2012/07/02,0,79000,-54000,25000
2012/07/03,0,34000,-460000,-426000
2012/07/04,0,0,-291000,-291000
2012/07/05,0,2000,-1000,1000
2012/07/06,0,471000,-6000,465000
2012/07/09,0,0,0,0
2012/07/10,0,1000,-80000,-79000
2012/07/11,0,0,-15000,-15000
2012/07/12,0,47000,0,47000
2012/07/13,0,0,-210000,-210000
2012/07/16,0,13000,-11000,2000
2012/07/17,0,2000,-10000,-8000
2012/07/18,0,300000,-3000,297000
2012/07/19,0,1000,-111000,-110000
2012/07/20,0,105000,-20000,85000
2012/07/23,0,127000,-114000,13000
2012/07/24,0,375000,0,375000
2012/07/25,0,875000,-64000,811000
2012/07/26,0,29000,0,29000
2012/07/27,0,501000,0,501000
2012/07/30,0,65000,-28000,37000
2012/07/31,0,285000,0,285000
2012/08/01,0,385000,0,385000
2012/08/02,0,0,0,0
2012/08/03,0,60000,-2432000,-2372000
2012/08/06,0,18000,-1773000,-1755000
2012/08/07,0,1000,-934000,-933000
2012/08/08,0,139000,-11000,128000
2012/08/09,0,33000,-678000,-645000
2012/08/10,0,21000,-132000,-111000
2012/08/13,0,0,-295000,-295000
2012/08/14,0,0,-43000,-43000
2012/08/15,0,126098,-163000,-36902
2012/08/16,0,0,-54000,-54000
2012/08/17,0,7000,-166840,-159840
2012/08/20,0,2000,-183000,-181000
2012/08/21,0,0,-31000,-31000
2012/08/22,0,0,-262000,-262000
2012/08/23,0,1000,-43000,-42000
2012/08/24,0,0,0,0
2012/08/27,0,1000,-1000,0
2012/08/28,0,0,0,0
2012/08/29,0,0,-245000,-245000
2012/08/30,0,15000,-185000,-170000
2012/08/31,0,8000,-1106000,-1098000
2012/09/03,0,0,-202000,-202000
2012/09/04,0,0,-111000,-111000
2012/09/05,0,0,-306000,-306000
2012/09/06,0,57000,0,57000
2012/09/07,0,2000,-1000,1000
2012/09/10,0,0,-70000,-70000
2012/09/11,0,0,-10000,-10000
2012/09/12,0,22000,-4000,18000
2012/09/13,0,1000,-66000,-65000
2012/09/14,0,150000,-26000,124000
2012/09/17,0,1000,-289000,-288000
2012/09/18,0,20000,-72000,-52000
2012/09/19,0,0,-302000,-302000
2012/09/20,0,0,-561000,-561000
2012/09/21,0,1000,-711000,-710000
2012/09/24,0,1000,-515000,-514000
2012/09/25,0,0,-598000,-598000
2012/09/26,0,0,-447000,-447000
2012/09/27,0,0,-464185,-464185
2012/09/28,0,1000,-200000,-199000
2012/10/01,0,1000,-200000,-199000
2012/10/02,0,0,-100000,-100000
2012/10/03,0,199000,-86000,113000
2012/10/04,0,0,-88000,-88000
2012/10/05,0,0,-265000,-265000
2012/10/08,0,0,0,0
2012/10/09,0,0,0,0
2012/10/10,0,0,0,0
2012/10/11,0,0,0,0
2012/10/12,0,1000,-186000,-185000
2012/10/15,0,0,0,0
2012/10/16,0,0,-268000,-268000
2012/10/17,0,2000,0,2000
2012/10/18,0,7000,-473000,-466000
2012/10/19,0,0,-400000,-400000
2012/10/22,0,0,0,0
2012/10/23,0,5000,0,5000
2012/10/24,0,0,-199000,-199000
2012/10/25,0,0,-20000,-20000
2012/10/26,0,5000,-90000,-85000
2012/10/29,0,8658,0,8658
2012/10/30,0,0,0,0
2012/10/31,0,0,-17000,-17000
2012/11/01,0,0,-503000,-503000
2012/11/02,0,2000,-3000,-1000
2012/11/05,0,0,0,0
2012/11/06,0,0,0,0
2012/11/07,0,0,-21000,-21000
2012/11/08,0,0,0,0
2012/11/09,0,0,-10000,-10000
2012/11/12,0,0,-10000,-10000
2012/11/13,0,0,-10000,-10000
2012/11/14,0,0,-15000,-15000
2012/11/15,0,0,-10000,-10000
2012/11/16,0,158000,0,158000
2012/11/19,0,0,-274000,-274000
2012/11/20,0,70000,0,70000
2012/11/21,0,68000,0,68000
2012/11/22,0,0,0,0
2012/11/23,0,0,0,0
2012/11/26,0,0,0,0
2012/11/27,0,0,-80000,-80000
2012/11/28,0,11000,0,11000
2012/11/29,0,345000,0,345000
2012/11/30,0,0,-1000,-1000
2012/12/03,0,423000,0,423000
2012/12/04,0,1501000,-33000,1468000
2012/12/05,0,680000,-31000,649000
2012/12/06,0,300000,0,300000
2012/12/07,0,40000,-21000,19000
2012/12/10,0,626000,-11000,615000
2012/12/11,0,150000,0,150000
2012/12/12,0,330000,-10000,320000
2012/12/13,0,100000,-10000,90000
2012/12/14,0,0,-82000,-82000
2012/12/17,0,150000,-533000,-383000
2012/12/18,0,70000,0,70000
2012/12/19,0,160000,0,160000
2012/12/20,0,118000,-5200,112800
2012/12/21,0,210000,-15000,195000
2012/12/24,0,0,0,0
2012/12/25,0,0,-70000,-70000
2012/12/26,0,175000,0,175000
2012/12/27,0,80000,0,80000
2012/12/28,0,0,-54000,-54000
2012/12/31,0,0,0,0
2013/01/01,0,0,0,0
2013/01/02,0,0,-890000,-890000
2013/01/03,0,0,-2000,-2000
2013/01/04,0,0,-6000,-6000
2013/01/07,0,0,-17000,-17000
2013/01/08,0,0,-517000,-517000
2013/01/09,0,97000,-1103000,-1006000
2013/01/10,0,111000,0,111000
2013/01/11,0,281000,-3808,277192
2013/01/14,0,704000,0,704000
2013/01/15,0,3575000,-2000,3573000
2013/01/16,0,122000,-37000,85000
2013/01/17,0,1168000,-111086,1056914
2013/01/18,0,109000,-100000,9000
2013/01/21,0,0,-10000,-10000
2013/01/22,0,109000,-191000,-82000
2013/01/23,0,120000,-1000,119000
2013/01/24,0,1000,-4000,-3000
2013/01/25,0,35000,-90000,-55000
2013/01/28,0,0,-40000,-40000
2013/01/29,0,0,-71000,-71000
2013/01/30,0,0,-29000,-29000
2013/01/31,0,248000,-10000,238000
2013/02/01,0,60000,-430000,-370000
2013/02/04,0,321000,-145000,176000
2013/02/05,0,647000,-186000,461000
2013/02/06,0,8000,-116000,-108000
2013/02/07,0,0,0,0
2013/02/08,0,0,0,0
2013/02/11,0,0,0,0
2013/02/12,0,0,0,0
2013/02/13,0,0,0,0
2013/02/14,0,0,0,0
2013/02/15,0,0,0,0
2013/02/18,0,30000,-18000,12000
2013/02/19,0,34000,-445000,-411000
2013/02/20,0,0,-1565000,-1565000
2013/02/21,0,0,-1545000,-1545000
2013/02/22,0,0,-10000,-10000
2013/02/25,0,0,0,0
2013/02/26,0,0,-516000,-516000
2013/02/27,0,0,-440000,-440000
2013/02/28,0,0,0,0
2013/03/01,0,0,0,0
2013/03/04,0,0,0,0
2013/03/05,0,204000,0,204000
2013/03/06,0,0,0,0
2013/03/07,0,75000,-180000,-105000
2013/03/08,0,0,-16000,-16000
2013/03/11,0,0,-49000,-49000
2013/03/12,0,0,-157000,-157000
2013/03/13,0,0,-2000,-2000
2013/03/14,0,36000,-202000,-166000
2013/03/15,0,0,-1039000,-1039000
2013/03/18,0,14000,-238000,-224000
2013/03/19,0,0,-466000,-466000
2013/03/20,0,0,0,0
2013/03/21,0,0,0,0
2013/03/22,0,0,-1000,-1000
2013/03/25,0,0,0,0
2013/03/26,0,0,-100000,-100000
2013/03/27,0,0,-679000,-679000
2013/03/28,0,0,-2115000,-2115000
2013/03/29,0,6000,-117000,-111000
2013/04/01,0,0,-1000,-1000
2013/04/02,0,0,-56000,-56000
2013/04/03,0,0,-105000,-105000
2013/04/04,0,0,0,0
2013/04/05,0,0,0,0
2013/04/08,0,28000,-11000,17000
2013/04/09,0,10000,-22000,-12000
2013/04/10,0,77000,-291000,-214000
2013/04/11,0,0,0,0
2013/04/12,0,0,-503000,-503000
2013/04/15,0,10000,-1000,9000
2013/04/16,0,0,0,0
2013/04/17,0,35000,-211000,-176000
2013/04/18,0,0,-172747,-172747
2013/04/19,0,4443,0,4443
2013/04/22,0,50000,-62969,-12969
2013/04/23,0,0,-4000,-4000
2013/04/24,0,0,-1000,-1000
2013/04/25,0,0,-2000,-2000
2013/04/26,0,0,-177000,-177000
2013/04/29,0,0,-1000,-1000
2013/04/30,0,0,-670000,-670000
2013/05/01,0,0,0,0
2013/05/02,0,0,0,0
2013/05/03,0,0,-297000,-297000
2013/05/06,0,0,-2000,-2000
2013/05/07,0,0,0,0
2013/05/08,0,0,0,0
2013/05/09,0,0,-3000,-3000
2013/05/10,0,0,-23000,-23000
2013/05/13,0,0,-4000,-4000
2013/05/14,0,0,-11000,-11000
2013/05/15,0,0,0,0
2013/05/16,0,0,0,0
2013/05/17,0,0,-426000,-426000
2013/05/20,0,0,-132000,-132000
2013/05/21,0,0,0,0
2013/05/22,0,0,-7000,-7000
2013/05/23,0,0,-101000,-101000
2013/05/24,0,1000,-2000,-1000
2013/05/27,0,0,-1000,-1000
2013/05/28,0,0,0,0
2013/05/29,0,0,0,0
2013/05/30,0,36000,-63000,-27000
2013/05/31,0,2000,0,2000
2013/06/03,0,0,0,0
2013/06/04,0,0,0,0
2013/06/05,0,0,0,0
2013/06/06,0,0,0,0
2013/06/07,0,0,0,0
2013/06/10,0,0,0,0
2013/06/11,0,0,-17000,-17000
2013/06/12,0,0,0,0
2013/06/13,0,0,-17000,-17000
2013/06/14,0,0,0,0
2013/06/17,0,0,0,0
2013/06/18,0,0,-1000,-1000
2013/06/19,0,0,-900000,-900000
2013/06/20,0,24000,-1165000,-1141000
2013/06/21,0,237000,-7129998,-6892998
2013/06/24,0,62000,-251512,-189512
2013/06/25,0,24000,0,24000
2013/06/26,0,0,-74539,-74539
2013/06/27,0,0,0,0
2013/06/28,0,1000,0,1000
2013/07/01,0,0,-2000,-2000
2013/07/02,0,0,-34000,-34000
2013/07/03,0,0,0,0
2013/07/04,0,145000,0,145000
2013/07/05,0,0,-48000,-48000
2013/07/08,0,0,0,0
2013/07/09,0,0,0,0
2013/07/10,0,0,0,0
2013/07/11,0,0,-819,-819
2013/07/12,0,250000,-3000,247000
2013/07/15,0,26000,0,26000
2013/07/16,0,0,0,0
2013/07/17,0,105000,0,105000
2013/07/18,0,418000,0,418000
2013/07/19,0,194000,0,194000
2013/07/22,0,884000,0,884000
2013/07/23,0,553000,0,553000
2013/07/24,0,330000,0,330000
2013/07/25,0,120000,0,120000
2013/07/26,0,0,0,0
2013/07/29,0,15000,0,15000
2013/07/30,0,103000,0,103000
2013/07/31,0,1000,0,1000
2013/08/01,0,0,0,0
2013/08/02,0,50000,0,50000
2013/08/05,0,224000,-4000,220000
2013/08/06,0,1635000,0,1635000
2013/08/07,0,1070000,0,1070000
2013/08/08,0,1218000,0,1218000
2013/08/09,0,408000,0,408000
2013/08/12,0,577000,0,577000
2013/08/13,0,248000,0,248000
2013/08/14,0,47000,0,47000
2013/08/15,0,1246000,-1000,1245000
2013/08/16,0,1990000,0,1990000
2013/08/19,0,557000,0,557000
2013/08/20,0,996000,0,996000
2013/08/21,0,0,0,0
2013/08/22,0,398000,0,398000
2013/08/23,0,104000,0,104000
2013/08/26,0,66000,0,66000
2013/08/27,0,220000,-83000,137000
2013/08/28,0,264000,-25000,239000
2013/08/29,0,120000,0,120000
2013/08/30,0,205000,0,205000
2013/09/02,0,116000,0,116000
2013/09/03,0,1086000,-228217,857783
2013/09/04,0,0,0,0
2013/09/05,0,300000,-2000,298000
2013/09/06,0,1135000,-115000,1020000
2013/09/09,0,0,-212000,-212000
2013/09/10,0,1000,-38000,-37000
2013/09/11,0,519000,-32000,487000
2013/09/12,0,100000,-31000,69000
2013/09/13,0,10000,-50000,-40000
2013/09/16,0,96000,-30000,66000
2013/09/17,0,50000,-30000,20000
2013/09/18,0,47000,-321000,-274000
2013/09/19,0,0,0,0
2013/09/20,0,0,0,0
2013/09/23,0,0,-527000,-527000
2013/09/24,0,0,-671000,-671000
2013/09/25,0,0,0,0
2013/09/26,0,1000,-906000,-905000
2013/09/27,0,350000,-115000,235000
2013/09/30,0,1000,-1000,0
2013/10/01,0,43000,0,43000
2013/10/02,0,250000,-165000,85000
2013/10/03,0,144000,-700000,-556000
2013/10/04,0,193000,-208000,-15000
2013/10/07,0,0,-556000,-556000
2013/10/08,0,0,-200000,-200000
2013/10/09,0,277000,0,277000
2013/10/10,0,0,0,0
2013/10/11,0,551000,-500000,51000
2013/10/14,0,338000,-235000,103000
2013/10/15,0,1092000,0,1092000
2013/10/16,0,301000,0,301000
2013/10/17,0,0,0,0
2013/10/18,0,77000,0,77000
2013/10/21,0,0,-200000,-200000
2013/10/22,0,236000,-5000,231000
2013/10/23,0,563000,0,563000
2013/10/24,0,50000,0,50000
2013/10/25,0,80000,0,80000
2013/10/28,0,0,0,0
2013/10/29,0,0,0,0
2013/10/30,0,40000,-130000,-90000
2013/10/31,0,21000,-20000,1000
2013/11/01,0,120000,-2000,118000
2013/11/04,0,31000,-112000,-81000
2013/11/05,0,67000,-185000,-118000
2013/11/06,0,0,-350000,-350000
2013/11/07,0,0,0,0
2013/11/08,0,0,-300000,-300000
2013/11/11,0,79000,0,79000
2013/11/12,0,0,-200000,-200000
2013/11/13,0,0,-180000,-180000
2013/11/14,0,15000,0,15000
2013/11/15,0,18000,-2000,16000
2013/11/18,0,68000,-235000,-167000
2013/11/19,0,0,0,0
2013/11/20,0,217000,-165000,52000
2013/11/21,0,12000,-55000,-43000
2013/11/22,0,1000,0,1000
2013/11/25,0,1229,0,1229
2013/11/26,0,50000,-550000,-500000
2013/11/27,0,0,0,0
2013/11/28,0,0,0,0
2013/11/29,0,0,-450000,-450000
2013/12/02,0,0,0,0
2013/12/03,0,0,-128000,-128000
2013/12/04,0,0,-150000,-150000
2013/12/05,0,0,-168000,-168000
2013/12/06,0,150000,0,150000
2013/12/09,0,0,0,0
2013/12/10,0,345000,-160000,185000
2013/12/11,0,155000,-108000,47000
2013/12/12,0,268000,0,268000
2013/12/13,0,270000,-814000,-544000
2013/12/16,0,171000,-180000,-9000
2013/12/17,0,326000,-1000,325000
2013/12/18,0,178000,0,178000
2013/12/19,0,80000,0,80000
2013/12/20,0,0,-10000,-10000
2013/12/23,0,300000,-46000,254000
2013/12/24,0,370000,-4000,366000
2013/12/25,0,0,-4000,-4000
2013/12/26,0,100000,-40000,60000
2013/12/27,0,502000,-80000,422000
2013/12/30,0,600000,-10000,590000
2013/12/31,0,954000,-1000,953000
2014/01/02,0,875000,-16000,859000
2014/01/03,0,40000,0,40000
2014/01/06,0,969000,-2000,967000
2014/01/07,0,1443000,-1000,1442000
2014/01/08,0,1159000,0,1159000
2014/01/09,0,992000,0,992000
2014/01/10,0,91000,0,91000
2014/01/13,0,733000,0,733000
2014/01/14,0,2157000,-78000,2079000
2014/01/15,0,3850000,-183000,3667000
2014/01/16,0,804000,-136000,668000
2014/01/17,0,108000,0,108000
2014/01/20,0,1063000,0,1063000
2014/01/21,0,1377000,-337000,1040000
2014/01/22,0,408000,-1000,407000
2014/01/23,0,101000,-40000,61000
2014/01/24,0,89000,-266000,-177000
2014/01/27,0,158000,-542000,-384000
2014/02/05,0,531000,-70000,461000
2014/02/06,0,596000,0,596000
2014/02/07,0,472000,-75000,397000
2014/02/10,0,421000,-50000,371000
2014/02/11,0,75000,-70000,5000
2014/02/12,0,231000,0,231000
2014/02/13,0,35000,-219079,-184079
2014/02/14,0,0,0,0
2014/02/17,0,150000,0,150000
2014/02/18,0,30000,-273000,-243000
2014/02/19,0,124000,-561000,-437000
2014/02/20,0,100000,-27000,73000
2014/02/21,0,5000,-95000,-90000
2014/02/24,0,100000,-520000,-420000
2014/02/25,0,55000,-1329000,-1274000
2014/02/26,0,0,-400000,-400000
2014/02/27,0,50000,-958000,-908000
2014/03/03,0,0,-11000,-11000
2014/03/04,0,0,-723000,-723000
2014/03/05,0,0,-576000,-576000
2014/03/06,0,20000,-169000,-149000
2014/03/07,0,0,-362000,-362000
2014/03/10,0,0,-830000,-830000
2014/03/11,0,0,-353000,-353000
2014/03/12,0,0,-823000,-823000
2014/03/13,0,0,-15000,-15000
2014/03/14,0,27000,-1821000,-1794000
2014/03/17,0,100000,-1565000,-1465000
2014/03/18,0,1250000,-1178000,72000
2014/03/19,0,0,-418000,-418000
2014/03/20,0,76000,-461000,-385000
2014/03/21,0,2924000,-3348000,-424000
2014/03/24,0,84000,-513000,-429000
2014/03/25,0,0,-253000,-253000
2014/03/26,0,0,-1128000,-1128000
2014/03/27,0,0,0,0
2014/03/28,0,0,-131000,-131000
2014/03/31,0,440000,-67000,373000
2014/04/01,0,0,-475000,-475000
2014/04/02,0,0,-1198000,-1198000
2014/04/03,0,0,-285000,-285000
2014/04/07,0,0,-1000,-1000
2014/04/08,0,0,0,0
2014/04/09,0,0,0,0
2014/04/10,0,2506,-400000,-397494
2014/04/11,0,0,-100000,-100000
2014/04/14,0,0,0,0
2014/04/15,0,0,0,0
2014/04/16,0,200000,-12000,188000
2014/04/17,0,410000,-1278000,-868000
2014/04/18,0,40000,-135000,-95000
2014/04/21,0,0,-202000,-202000
2014/04/22,0,0,-201000,-201000
2014/04/23,0,300000,-101000,199000
2014/04/24,0,186000,-50000,136000
2014/04/25,0,106000,0,106000
2014/04/28,0,0,-190000,-190000
2014/04/29,0,0,-200000,-200000
2014/04/30,0,1000,-141000,-140000
2014/05/02,0,0,-288000,-288000
2014/05/05,0,0,-5000,-5000
2014/05/06,0,0,0,0
2014/05/07,0,0,0,0
2014/05/08,0,2000,-200000,-198000
2014/05/09,0,100000,-201000,-101000
2014/05/12,0,0,0,0
2014/05/13,0,0,-1000,-1000
2014/05/14,0,0,0,0
2014/05/15,0,0,0,0
2014/05/16,0,13000,-28000,-15000
2014/05/19,0,0,-1000,-1000
2014/05/20,0,0,0,0
2014/05/21,0,0,0,0
2014/05/22,0,0,0,0
2014/05/23,0,0,-655000,-655000
2014/05/26,0,0,-464000,-464000
2014/05/27,0,30000,-94000,-64000
2014/05/28,0,0,-416000,-416000
2014/05/29,0,0,-321000,-321000
2014/05/30,0,0,-1000,-1000
2014/06/03,0,0,0,0
2014/06/04,0,0,0,0
2014/06/05,0,0,0,0
2014/06/06,0,0,0,0
2014/06/09,0,0,0,0
2014/06/10,0,120000,-413000,-293000
2014/06/11,0,360000,-121000,239000
2014/06/12,0,0,-6000,-6000
2014/06/13,0,124000,-6000,118000
2014/06/16,0,0,-238620,-238620
2014/06/17,0,0,-217000,-217000
2014/06/18,0,62000,-50000,12000
2014/06/19,0,0,-250000,-250000
2014/06/20,0,21000,-1000,20000
2014/06/23,0,0,-224000,-224000
2014/06/24,0,0,-791000,-791000
2014/06/25,0,0,-2000,-2000
2014/06/26,0,0,-171000,-171000
2014/06/27,0,31000,0,31000
2014/06/30,0,330000,-12000,318000
2014/07/01,0,240000,0,240000
2014/07/02,0,5602,0,5602
2014/07/03,0,36000,0,36000
2014/07/04,0,36000,0,36000
2014/07/07,0,0,0,0
2014/07/08,0,0,-1000,-1000
2014/07/09,0,0,0,0
2014/07/10,0,0,-1380000,-1380000
2014/07/11,0,0,-1000000,-1000000
2014/07/14,0,0,-47000,-47000
2014/07/15,0,0,-2000,-2000
2014/07/16,0,0,0,0
2014/07/17,0,8000,0,8000
2014/07/18,0,0,0,0
2014/07/21,0,0,0,0
2014/07/22,0,7000,-25000,-18000
2014/07/23,0,0,0,0
2014/07/24,0,2000,0,2000
2014/07/25,0,2000,-780000,-778000
2014/07/28,0,0,-454000,-454000
2014/07/29,0,2000,-28000,-26000
2014/07/30,0,48000,-5000,43000
2014/07/31,0,12000,-55000,-43000
2014/08/01,0,9000,0,9000
2014/08/04,0,0,-480000,-480000
2014/08/05,0,0,0,0
2014/08/06,0,4000,0,4000
2014/08/07,0,22000,0,22000
2014/08/08,0,22000,0,22000
2014/08/11,0,6000,0,6000
2014/08/12,0,43000,0,43000
2014/08/13,0,5000,0,5000
2014/08/14,0,6000,0,6000
2014/08/15,0,3000,-340000,-337000
2014/08/18,0,0,0,0
2014/08/19,0,2000,0,2000
2014/08/20,0,3000,-492000,-489000
2014/08/21,0,1000,-11000,-10000
2014/08/22,0,0,0,0
2014/08/25,0,4000,0,4000
2014/08/26,0,1000,0,1000
2014/08/27,0,0,0,0
2014/08/28,0,10000,0,10000
2014/08/29,0,102000,0,102000
2014/09/01,0,0,0,0
2014/09/02,0,0,0,0
2014/09/03,0,105000,0,105000
2014/09/04,0,6000,0,6000
2014/09/05,0,5000,0,5000
2014/09/09,0,0,-33000,-33000
2014/09/10,0,0,0,0
2014/09/11,0,10000,0,10000
2014/09/12,0,9000,0,9000
2014/09/15,0,1000,0,1000
2014/09/16,0,0,0,0
2014/09/17,0,4000,0,4000
2014/09/18,0,42000,0,42000
2014/09/19,0,690000,-1000,689000
2014/09/22,0,8000,-8792,-792
2014/09/23,0,2000,0,2000
2014/09/24,0,1000,0,1000
2014/09/25,0,0,0,0
2014/09/26,0,0,0,0
2014/09/29,0,0,0,0
2014/09/30,0,11000,0,11000
2014/10/01,0,0,0,0
2014/10/02,0,1000,0,1000
2014/10/03,0,0,0,0
2014/10/06,0,3000,0,3000
2014/10/07,0,1000,-408000,-407000
2014/10/08,0,51000,0,51000
2014/10/09,0,100000,-1000,99000
2014/10/13,0,0,0,0
2014/10/14,0,25000,0,25000
2014/10/15,0,0,0,0
2014/10/16,0,0,0,0
2014/10/17,0,150000,0,150000
2014/10/20,0,0,0,0
2014/10/21,0,0,-1000,-1000
2014/10/22,0,0,0,0
2014/10/23,0,0,-3000,-3000
2014/10/24,0,30000,0,30000
2014/10/27,0,0,0,0
2014/10/28,0,0,0,0
2014/10/29,0,2000,0,2000
2014/10/30,0,0,0,0
2014/10/31,0,0,0,0
2014/11/03,0,30000,-1000,29000
2014/11/04,0,0,0,0
2014/11/05,0,0,0,0
2014/11/06,0,0,0,0
2014/11/07,0,220000,0,220000
2014/11/10,0,103000,0,103000
2014/11/11,0,10000,0,10000
2014/11/12,0,4000,-235000,-231000
2014/11/13,0,0,-130000,-130000
2014/11/14,0,0,0,0
2014/11/17,0,90000,0,90000
2014/11/18,0,122000,0,122000
2014/11/19,0,91000,0,91000
2014/11/20,0,122000,0,122000
2014/11/21,0,3000,0,3000
2014/11/24,0,0,0,0
2014/11/25,0,0,0,0
2014/11/26,0,0,-101000,-101000
2014/11/27,0,0,0,0
2014/11/28,0,0,0,0
2014/12/01,0,0,0,0
2014/12/02,0,0,0,0
2014/12/03,0,639000,0,639000
2014/12/04,0,1440000,0,1440000
2014/12/05,0,0,-27000,-27000
2014/12/08,0,656000,-90000,566000
2014/12/09,0,0,0,0
2014/12/10,0,0,0,0
2014/12/11,0,365,-1490000,-1489635
2014/12/12,0,0,-160000,-160000
2014/12/15,0,0,-10000,-10000
2014/12/16,0,0,-25000,-25000
2014/12/17,0,0,-327000,-327000
2014/12/18,0,0,-148000,-148000
2014/12/19,0,0,-8000,-8000
2014/12/22,0,0,0,0
2014/12/23,0,0,0,0
2014/12/24,0,0,-100000,-100000
2014/12/25,0,0,0,0
2014/12/26,0,0,0,0
2014/12/29,0,0,0,0
2014/12/30,0,0,-100000,-100000
2014/12/31,0,41000,0,41000
2015/01/01,0,0,0,0
2015/01/02,0,0,0,0
2015/01/05,0,0,0,0
2015/01/06,0,0,-100000,-100000
2015/01/07,0,0,0,0
2015/01/08,0,0,0,0
2015/01/09,0,0,-200000,-200000
2015/01/12,0,240000,-200000,40000
2015/01/13,0,350000,-100000,250000
2015/01/14,0,137000,0,137000
2015/01/15,0,0,0,0
2015/01/16,0,0,0,0
2015/01/19,0,0,-51000,-51000
2015/01/20,0,0,-50000,-50000
2015/01/21,0,0,-100000,-100000
2015/01/22,0,103000,-530000,-427000
2015/01/23,0,0,-65000,-65000
2015/01/26,0,0,-100000,-100000
2015/01/27,0,0,-100000,-100000
2015/01/28,0,0,-300000,-300000
2015/01/29,0,0,-100000,-100000
2015/01/30,0,0,-102000,-102000
2015/02/02,0,30000,-100000,-70000
2015/02/03,0,0,-188000,-188000
2015/02/04,0,18000,-500000,-482000
2015/02/05,0,0,0,0
2015/02/06,0,0,0,0
2015/02/09,0,3000,0,3000
2015/02/10,0,0,0,0
2015/02/11,0,0,0,0
2015/02/12,0,0,0,0
2015/02/13,0,0,-103000,-103000
2015/02/16,0,0,0,0
2015/02/17,0,0,0,0
2015/02/18,0,0,0,0
2015/02/19,0,0,0,0
2015/02/20,0,0,0,0
2015/02/23,0,0,0,0
2015/02/24,0,0,0,0
2015/02/25,0,0,-7000,-7000
2015/02/26,0,0,-107000,-107000
2015/02/27,0,0,0,0
2015/03/02,0,0,-144000,-144000
2015/03/03,0,340000,-867000,-527000
2015/03/04,0,0,-679000,-679000
2015/03/05,0,0,-1000,-1000
2015/03/06,0,4000,-292000,-288000
2015/03/09,0,0,-1000,-1000
2015/03/10,0,0,0,0
2015/03/11,0,0,0,0
2015/03/12,0,0,-180,-180
2015/03/13,0,0,0,0
2015/03/16,0,106000,0,106000
2015/03/17,0,0,0,0
2015/03/18,0,0,0,0
2015/03/19,0,0,-289000,-289000
2015/03/20,0,0,-54000,-54000
2015/03/23,0,0,-580000,-580000
2015/03/24,0,0,-1000,-1000
2015/03/25,0,0,-1000,-1000
2015/03/26,0,0,-270000,-270000
2015/03/27,0,0,-24000,-24000
2015/03/30,0,0,0,0
2015/03/31,0,0,-300000,-300000
2015/04/01,0,0,0,0
2015/04/02,0,0,0,0
2015/04/03,0,0,0,0
2015/04/06,0,0,0,0
2015/04/07,0,0,0,0
2015/04/08,0,0,0,0
2015/04/09,0,0,0,0
2015/04/10,0,0,0,0
2015/04/13,0,0,0,0
2015/04/14,0,0,0,0
2015/04/15,0,0,-185000,-185000
2015/04/16,0,0,0,0
2015/04/17,0,0,0,0
2015/04/20,0,0,-1000,-1000
2015/04/21,0,0,0,0
2015/04/22,0,0,0,0
2015/04/23,0,0,0,0
2015/04/24,0,0,-1000,-1000
2015/04/27,0,0,0,0
2015/04/28,0,0,0,0
2015/04/29,0,0,-2000,-2000
2015/04/30,0,0,0,0
2015/05/01,0,0,0,0
2015/05/04,0,0,0,0
2015/05/05,0,0,0,0
2015/05/06,0,0,-416000,-416000
2015/05/07,0,0,0,0
2015/05/08,0,0,0,0
2015/05/11,0,0,0,0
2015/05/12,0,0,0,0
2015/05/13,0,0,-311000,-311000
2015/05/14,0,0,0,0
2015/05/15,0,0,-9000,-9000
2015/05/18,0,0,0,0
2015/05/19,0,0,0,0
2015/05/20,0,0,0,0
2015/05/21,0,0,0,0
2015/05/22,0,0,0,0
2015/05/25,0,0,0,0
2015/05/26,0,0,0,0
2015/05/27,0,0,0,0
2015/05/28,0,0,-1000,-1000
2015/05/29,0,3000,0,3000
2015/06/01,0,0,0,0
2015/06/02,0,0,0,0
2015/06/03,0,50000,0,50000
2015/06/04,0,1407,-1000,407
2015/06/05,0,50000,-6000,44000
2015/06/08,0,200000,0,200000
2015/06/09,0,0,-26000,-26000
2015/06/10,0,0,0,0
2015/06/11,0,0,0,0
2015/06/12,0,0,-2000,-2000
2015/06/15,0,0,0,0
2015/06/16,0,0,0,0
2015/06/17,0,0,0,0
2015/06/18,0,237000,-2000,235000
2015/06/19,0,0,0,0
2015/06/22,0,0,-13000,-13000
2015/06/23,0,0,0,0
2015/06/24,0,0,0,0
2015/06/25,0,100000,0,100000
2015/06/26,0,0,0,0
2015/06/29,0,25000,-1000,24000
2015/06/30,0,180000,0,180000
2015/07/01,0,0,0,0
2015/07/02,0,8000,0,8000
2015/07/03,0,0,0,0
2015/07/06,0,0,0,0
2015/07/07,0,0,0,0
2015/07/08,0,0,0,0
2015/07/09,0,1000,-4000,-3000
2015/07/10,0,0,0,0
2015/07/13,0,0,-24000,-24000
2015/07/14,0,0,0,0
2015/07/15,0,8000,0,8000
2015/07/16,0,0,0,0
2015/07/17,0,35000,0,35000
2015/07/20,0,0,0,0
2015/07/21,0,1000,0,1000
2015/07/22,0,0,0,0
2015/07/23,0,1000,0,1000
2015/07/24,0,29000,0,29000
2015/07/27,0,0,0,0
2015/07/28,0,14000,0,14000
2015/07/29,0,3000,0,3000
2015/07/30,0,3000,-54000,-51000
2015/07/31,0,1000,-53000,-52000
2015/08/03,0,5000,-76000,-71000
2015/08/04,0,2000,0,2000
2015/08/05,0,0,0,0
2015/08/06,0,5000,0,5000
2015/08/07,0,27000,0,27000
2015/08/10,0,2000,0,2000
2015/08/11,0,1000,0,1000
2015/08/12,0,3000,0,3000
2015/08/13,0,4000,0,4000
2015/08/14,0,0,0,0
2015/08/17,0,0,0,0
2015/08/18,0,1000,0,1000
2015/08/19,0,0,0,0
2015/08/20,0,1000,0,1000
2015/08/21,0,3000,0,3000
2015/08/24,0,0,0,0
2015/08/25,0,0,-45,-45
2015/08/26,0,43000,-366000,-323000
2015/08/27,0,0,0,0
2015/08/28,0,2000,0,2000
2015/08/31,0,16000,-8000,8000
2015/09/01,0,36000,-8000,28000
2015/09/02,0,0,0,0
2015/09/03,0,17000,0,17000
2015/09/04,0,0,-3000,-3000
2015/09/07,0,11000,0,11000
2015/09/08,0,4000,0,4000
2015/09/09,0,157000,0,157000
2015/09/10,0,0,0,0
2015/09/11,0,6000,0,6000
2015/09/14,0,2000,0,2000
2015/09/15,0,2000,0,2000
2015/09/16,0,0,-21000,-21000
2015/09/17,0,68000,-26000,42000
2015/09/18,0,0,-187000,-187000
2015/09/21,0,23000,-2000,21000
2015/09/22,0,107,0,107
2015/09/23,0,0,0,0
2015/09/24,0,0,0,0
2015/09/25,0,0,0,0
2015/09/28,0,0,0,0
2015/09/29,0,0,0,0
2015/09/30,0,0,0,0
2015/10/01,0,2000,0,2000
2015/10/02,0,9000,0,9000
2015/10/05,0,7000,0,7000
2015/10/06,0,0,0,0
2015/10/07,0,2000,0,2000
2015/10/08,0,0,0,0
2015/10/09,0,0,0,0
2015/10/12,0,0,0,0
2015/10/13,0,0,0,0
2015/10/14,0,0,0,0
2015/10/15,0,0,0,0
2015/10/16,0,3000,0,3000
2015/10/19,0,0,0,0
2015/10/20,0,0,-316000,-316000
2015/10/21,0,0,0,0
2015/10/22,0,0,0,0
2015/10/23,0,0,-90000,-90000
2015/10/26,0,0,0,0
2015/10/27,0,0,0,0
2015/10/28,0,0,0,0
2015/10/29,0,0,0,0
2015/10/30,0,36000,0,36000
2015/11/02,0,0,0,0
2015/11/03,0,2000,0,2000
2015/11/04,0,10000,0,10000
2015/11/05,0,1000,0,1000
2015/11/06,0,0,0,0
2015/11/09,0,44000,0,44000
2015/11/10,0,0,0,0
2015/11/11,0,0,0,0
2015/11/12,0,0,0,0
2015/11/13,0,310000,0,310000
2015/11/16,0,0,0,0
2015/11/17,0,68000,0,68000
2015/11/18,0,114000,0,114000
2015/11/19,0,180000,0,180000
2015/11/20,0,203000,-1000,202000
2015/11/23,0,0,-1000,-1000
2015/11/24,0,0,0,0
2015/11/25,0,0,0,0
2015/11/26,0,0,0,0
2015/11/27,0,70000,0,70000
2015/11/30,0,0,0,0
2015/12/01,0,0,-250000,-250000
2015/12/02,0,0,-250000,-250000
2015/12/03,0,0,0,0
2015/12/04,0,0,0,0
2015/12/07,0,0,0,0
2015/12/08,0,0,0,0
2015/12/09,0,0,0,0
2015/12/10,0,0,-500000,-500000
2015/12/11,0,0,0,0
2015/12/14,0,649,0,649
2015/12/15,0,0,0,0
2015/12/16,0,70000,0,70000
2015/12/17,0,68000,0,68000
2015/12/18,0,161000,0,161000
2015/12/21,0,30000,0,30000
2015/12/22,0,0,0,0
2015/12/23,0,0,0,0
2015/12/24,0,0,0,0
2015/12/25,0,0,0,0
2015/12/28,0,0,-16000,-16000
2015/12/29,0,0,-20000,-20000
2015/12/30,0,0,0,0
2015/12/31,0,0,0,0
2016/01/01,0,0,0,0
2016/01/04,0,0,0,0
2016/01/05,0,0,-1000,-1000
2016/01/06,0,0,0,0
2016/01/07,0,0,0,0
2016/01/08,0,0,0,0
2016/01/11,0,0,0,0
2016/01/12,0,0,0,0
2016/01/13,0,0,0,0
2016/01/14,0,0,-180000,-180000
2016/01/15,0,0,-4000,-4000
2016/01/18,0,0,0,0
2016/01/19,0,0,-3000,-3000
2016/01/20,0,0,-4000,-4000
2016/01/21,0,0,0,0
2016/01/22,0,0,0,0
2016/01/25,0,0,-81000,-81000
2016/01/26,0,0,0,0
2016/01/27,0,0,0,0
2016/01/28,0,90000,-167000,-77000
2016/01/29,0,0,-86000,-86000
2016/02/01,0,0,-136000,-136000
2016/02/02,0,0,0,0
2016/02/03,0,0,0,0
2016/02/04,0,0,0,0
2016/02/05,0,0,0,0
2016/02/08,0,0,0,0
2016/02/09,0,0,0,0
2016/02/10,0,0,0,0
2016/02/11,0,0,0,0
2016/02/12,0,0,0,0
2016/02/15,0,0,-83319,-83319
2016/02/16,0,0,0,0
2016/02/17,0,0,0,0
2016/02/18,0,0,0,0
2016/02/19,0,1000,-142000,-141000
2016/02/22,0,0,0,0
2016/02/23,0,0,0,0
2016/02/24,0,0,0,0
2016/02/25,0,0,0,0
2016/02/26,0,0,0,0
2016/02/29,0,0,0,0
2016/03/01,0,0,0,0
2016/03/02,0,0,-3000,-3000
2016/03/03,0,0,0,0
2016/03/04,0,0,0,0
2016/03/07,0,0,0,0
2016/03/08,0,0,0,0
2016/03/09,0,0,0,0
2016/03/10,0,0,0,0
2016/03/11,0,0,0,0
2016/03/14,0,0,0,0
2016/03/15,0,0,0,0
2016/03/16,0,0,0,0
2016/03/17,0,0,0,0
2016/03/18,0,2176000,0,2176000
2016/03/21,0,378000,0,378000
2016/03/22,0,33000,0,33000
2016/03/23,0,0,0,0
2016/03/24,0,177000,0,177000
2016/03/25,0,150000,0,150000
2016/03/28,0,0,0,0
2016/03/29,0,0,-1000,-1000
2016/03/30,0,0,-90000,-90000
2016/03/31,0,0,0,0
2016/04/01,0,0,0,0
2016/04/04,0,0,0,0
2016/04/05,0,0,0,0
2016/04/06,0,0,0,0
2016/04/07,0,0,0,0
2016/04/08,0,0,0,0
2016/04/11,0,0,-115000,-115000
2016/04/12,0,0,0,0
2016/04/13,0,0,0,0
2016/04/14,0,0,0,0
2016/04/15,0,0,-3000,-3000
2016/04/18,0,0,0,0
2016/04/19,0,0,0,0
2016/04/20,0,0,-1000,-1000
2016/04/21,0,0,0,0
2016/04/22,0,0,0,0
2016/04/25,0,0,-1000,-1000
2016/04/26,0,0,0,0
2016/04/27,0,0,0,0
2016/04/28,0,0,0,0
2016/04/29,0,0,0,0
2016/05/02,0,0,0,0
2016/05/03,0,0,-4000,-4000
2016/05/04,0,0,0,0
2016/05/05,0,0,0,0
2016/05/06,0,0,0,0
2016/05/09,0,0,0,0
2016/05/10,0,970,0,970
2016/05/11,0,0,0,0
2016/05/12,0,0,0,0
2016/05/13,0,0,0,0
2016/05/16,0,0,0,0
2016/05/17,0,0,-145000,-145000
2016/05/18,0,0,-150000,-150000
2016/05/19,0,0,-18000,-18000
2016/05/20,0,0,-85000,-85000
2016/05/23,0,0,-28958,-28958
2016/05/24,0,0,0,0
2016/05/25,0,0,0,0
2016/05/26,0,65000,-1000,64000
2016/05/27,0,0,0,0
2016/05/30,0,0,0,0
2016/05/31,0,0,-1000,-1000
2016/06/01,0,0,0,0
2016/06/02,0,0,0,0
2016/06/03,0,0,0,0
2016/06/06,0,100000,0,100000
2016/06/07,0,100000,0,100000
2016/06/08,0,0,0,0
2016/06/09,0,0,0,0
2016/06/10,0,0,0,0
2016/06/13,0,188000,0,188000
2016/06/14,0,0,0,0
2016/06/15,0,30000,0,30000
2016/06/16,0,252000,0,252000
2016/06/17,0,153000,0,153000
2016/06/20,0,0,0,0
2016/06/21,0,250000,0,250000
2016/06/22,0,0,0,0
2016/06/23,0,0,0,0
2016/06/24,0,118000,-30000,88000
2016/06/27,0,112000,0,112000
2016/06/28,0,0,0,0
2016/06/29,0,0,0,0
2016/06/30,0,0,0,0
2016/07/01,0,0,-280000,-280000
2016/07/04,0,0,0,0
2016/07/05,0,0,0,0
2016/07/06,0,0,0,0
2016/07/07,0,0,0,0
2016/07/08,0,0,0,0
2016/07/11,0,0,0,0
2016/07/12,0,51000,0,51000
2016/07/13,0,95000,0,95000
2016/07/14,0,34000,-1000,33000
2016/07/15,0,110000,0,110000
2016/07/18,0,0,0,0
2016/07/19,0,29000,-1000,28000
2016/07/20,0,0,-7000,-7000
2016/07/21,0,1000,-9000,-8000
2016/07/22,0,1000,-9000,-8000
2016/07/25,0,31000,0,31000
2016/07/26,0,11000,0,11000
2016/07/27,0,0,-2000,-2000
2016/07/28,0,0,0,0
2016/07/29,0,249000,-7885,241115
2016/08/01,0,251000,0,251000
2016/08/02,0,355000,-2000,353000
2016/08/03,0,250000,-4000,246000
2016/08/04,0,0,-1000,-1000
2016/08/05,0,0,-2000,-2000
2016/08/08,0,12000,-3000,9000
2016/08/09,0,18000,0,18000
2016/08/10,0,0,0,0
2016/08/11,0,0,-1000,-1000
2016/08/12,0,34000,-3000,31000
2016/08/15,0,33000,0,33000
2016/08/16,0,0,-185000,-185000
2016/08/17,0,10000,-243000,-233000
2016/08/18,0,61000,-2000,59000
2016/08/19,0,0,-128000,-128000
2016/08/22,0,0,0,0
2016/08/23,0,12000,-4000,8000
2016/08/24,0,56000,-4000,52000
2016/08/25,0,3000,0,3000
2016/08/26,0,0,0,0
2016/08/29,0,16000,0,16000
2016/08/30,0,23000,0,23000
2016/08/31,0,0,0,0
2016/09/01,0,0,0,0
2016/09/02,0,0,0,0
2016/09/05,0,0,0,0
2016/09/06,0,0,0,0
2016/09/07,0,0,0,0
2016/09/08,0,0,0,0
2016/09/09,0,0,0,0
2016/09/12,0,0,-56000,-56000
2016/09/13,0,0,-271000,-271000
2016/09/14,0,0,-1905000,-1905000
2016/09/15,0,0,0,0
2016/09/16,0,0,0,0
2016/09/19,0,0,0,0
2016/09/20,0,0,0,0
2016/09/21,0,0,0,0
2016/09/22,0,0,0,0
2016/09/23,0,0,0,0
2016/09/26,0,0,0,0
2016/09/27,0,0,0,0
2016/09/28,0,0,0,0
2016/09/29,0,0,0,0
2016/09/30,0,0,-83,-83
2016/10/03,0,0,0,0
2016/10/04,0,0,0,0
2016/10/05,0,0,0,0
2016/10/06,0,0,-37000,-37000
2016/10/07,0,0,0,0
2016/10/10,0,0,0,0
2016/10/11,0,1000,0,1000
2016/10/12,0,0,0,0
2016/10/13,0,0,0,0
2016/10/14,0,0,0,0
2016/10/17,0,0,0,0
2016/10/18,0,0,0,0
2016/10/19,0,0,0,0
2016/10/20,0,0,-59000,-59000
2016/10/21,0,0,-63000,-63000
2016/10/24,0,0,0,0
2016/10/25,0,0,-53000,-53000
2016/10/26,0,0,0,0
2016/10/27,0,0,-235000,-235000
2016/10/28,0,0,-236200,-236200
2016/10/31,0,0,0,0
2016/11/01,0,0,0,0
2016/11/02,0,381,0,381
2016/11/03,0,0,0,0
2016/11/04,0,200,0,200
2016/11/07,0,0,0,0
2016/11/08,0,0,0,0
2016/11/09,0,0,0,0
2016/11/10,0,0,0,0
2016/11/11,0,0,-75600,-75600
2016/11/14,0,0,0,0
2016/11/15,0,0,0,0
2016/11/16,0,0,0,0
2016/11/17,0,0,0,0
2016/11/18,0,0,0,0
2016/11/21,0,0,0,0
2016/11/22,0,2000,0,2000
2016/11/23,0,0,0,0
2016/11/24,0,0,0,0
2016/11/25,0,55000,0,55000
2016/11/28,0,33000,0,33000
2016/11/29,0,8000,-250000,-242000
2016/11/30,0,0,-250000,-250000
2016/12/01,0,0,-250000,-250000
2016/12/02,0,0,-298950,-298950
2016/12/05,0,0,0,0
2016/12/06,0,0,0,0
2016/12/07,0,0,0,0
2016/12/08,0,0,0,0
2016/12/09,0,0,0,0
2016/12/12,0,0,0,0
2016/12/13,0,0,0,0
2016/12/14,0,0,0,0
2016/12/15,0,0,0,0
2016/12/16,0,0,-1600,-1600
2016/12/19,0,0,0,0
2016/12/20,0,0,0,0
2016/12/21,0,0,0,0
2016/12/22,0,0,0,0
2016/12/23,0,0,0,0
2016/12/26,0,0,0,0
2016/12/27,0,0,0,0
2016/12/28,0,0,0,0
2016/12/29,0,0,0,0
2016/12/30,0,0,0,0
2017/01/02,0,0,0,0
2017/01/03,0,0,0,0
2017/01/04,0,0,0,0
2017/01/05,0,0,-4000,-4000
2017/01/06,0,0,-1000,-1000
2017/01/09,0,0,0,0
2017/01/10,0,0,0,0
2017/01/11,0,0,0,0
2017/01/12,0,0,0,0
2017/01/13,0,0,0,0
2017/01/16,0,0,0,0
2017/01/17,0,0,0,0
2017/01/18,0,0,0,0
2017/01/19,0,0,0,0
2017/01/20,0,0,0,0
2017/01/23,0,657,0,657
2017/01/24,0,0,0,0
2017/01/25,0,0,0,0
2017/01/26,0,0,0,0
2017/01/27,0,0,0,0
2017/01/30,0,0,0,0
2017/01/31,0,0,0,0
2017/02/01,0,0,0,0
2017/02/02,0,0,0,0
2017/02/03,0,10000,0,10000
2017/02/06,0,0,0,0
2017/02/07,0,0,0,0
2017/02/08,0,0,0,0
2017/02/09,0,0,0,0
2017/02/10,0,0,0,0
2017/02/13,0,0,0,0
2017/02/14,0,0,0,0
2017/02/15,0,0,0,0
2017/02/16,0,0,0,0
2017/02/17,0,0,0,0
2017/02/20,0,0,0,0
2017/02/21,0,0,0,0
2017/02/22,0,0,0,0
2017/02/23,0,0,0,0
2017/02/24,0,0,0,0
2017/02/27,0,0,0,0
2017/02/28,0,0,0,0
2017/03/01,0,0,0,0
2017/03/02,0,0,0,0
2017/03/03,0,0,0,0
2017/03/06,0,0,0,0
2017/03/07,0,0,0,0
2017/03/08,0,0,0,0
2017/03/09,0,0,0,0
2017/03/10,0,0,0,0
2017/03/13,0,0,0,0
2017/03/14,0,0,0,0
2017/03/15,0,0,0,0
2017/03/16,0,0,0,0
2017/03/17,0,95000,-4000,91000
2017/03/20,0,128000,0,128000
2017/03/21,0,74000,0,74000
2017/03/22,0,0,0,0
2017/03/23,0,0,0,0
2017/03/24,0,0,0,0
2017/03/27,0,2000,0,2000
2017/03/28,0,0,0,0
2017/03/29,0,0,0,0
2017/03/30,0,0,0,0
2017/03/31,0,0,0,0
2017/04/03,0,0,0,0
2017/04/04,0,0,0,0
2017/04/05,0,10000,0,10000
2017/04/06,0,0,0,0
2017/04/07,0,0,0,0
2017/04/10,0,4000,0,4000
2017/04/11,0,0,0,0
2017/04/12,0,0,0,0
2017/04/13,0,0,0,0
2017/04/14,0,10000,-8000,2000
2017/04/17,0,0,0,0
2017/04/18,0,0,0,0
2017/04/19,0,0,0,0
2017/04/20,0,0,0,0
2017/04/21,0,0,0,0
2017/04/24,0,0,0,0
2017/04/25,0,0,-111,-111
2017/04/26,0,0,0,0
2017/04/27,0,0,0,0
2017/04/28,0,0,0,0
2017/05/01,0,0,0,0
2017/05/02,0,0,-2000,-2000
2017/05/03,0,0,0,0
2017/05/04,0,0,0,0
2017/05/05,0,0,0,0
2017/05/08,0,0,0,0
2017/05/09,0,0,0,0
2017/05/10,0,0,0,0
2017/05/11,0,0,0,0
2017/05/12,0,0,0,0
2017/05/15,0,0,0,0
2017/05/16,0,0,0,0
2017/05/17,0,0,0,0
2017/05/18,0,0,0,0
2017/05/19,0,0,0,0
2017/05/22,0,0,0,0
2017/05/23,0,0,0,0
2017/05/24,0,0,0,0
2017/05/25,0,0,0,0
2017/05/26,0,0,-32000,-32000
2017/05/29,0,0,0,0
2017/05/30,0,0,0,0
2017/05/31,0,0,-1000,-1000
2017/06/01,0,0,0,0
2017/06/02,0,0,0,0
2017/06/05,0,40000,0,40000
2017/06/06,0,56000,0,56000
2017/06/07,0,0,0,0
2017/06/08,0,0,0,0
2017/06/09,0,0,0,0
2017/06/12,0,0,0,0
2017/06/13,0,0,0,0
2017/06/14,0,0,0,0
2017/06/15,0,0,-83000,-83000
2017/06/16,0,0,-239000,-239000
2017/06/19,0,92000,0,92000
2017/06/20,0,2000,0,2000
2017/06/21,0,7000,0,7000
2017/06/22,0,0,0,0
2017/06/23,0,0,0,0
2017/06/26,0,0,0,0
2017/06/27,0,0,0,0
2017/06/28,0,0,0,0
2017/06/29,0,0,0,0
2017/06/30,0,3000,0,3000
2017/07/03,0,0,0,0
2017/07/04,0,0,0,0
2017/07/05,0,0,0,0
2017/07/06,0,0,0,0
2017/07/07,0,0,0,0
2017/07/10,0,0,0,0
2017/07/11,0,0,0,0
2017/07/12,0,0,0,0
2017/07/13,0,0,0,0
2017/07/14,0,0,0,0
2017/07/17,0,249,0,249
2017/07/18,0,0,0,0
2017/07/19,0,0,0,0
2017/07/20,0,2000,0,2000
2017/07/21,0,0,0,0
2017/07/24,0,0,0,0
2017/07/25,0,0,0,0
2017/07/26,0,1000,0,1000
2017/07/27,0,0,0,0
2017/07/28,0,0,0,0
2017/07/31,0,0,0,0
2017/08/01,0,0,-13000,-13000
2017/08/02,0,0,0,0
2017/08/03,0,0,0,0
2017/08/04,0,0,0,0
2017/08/07,0,12000,0,12000
2017/08/08,0,0,0,0
2017/08/09,0,22000,0,22000
2017/08/10,0,14000,0,14000
2017/08/11,0,0,0,0
2017/08/14,0,0,0,0
2017/08/15,0,0,0,0
2017/08/16,0,21000,0,21000
2017/08/17,0,0,0,0
2017/08/18,0,0,-1000,-1000
