Date,Open,Buy,Sell,Total
2007/04/23,0,529000,0,529000
2007/04/24,0,9000,0,9000
2007/04/25,0,856000,0,856000
2007/04/26,0,1115000,-220302,894698
2007/04/27,0,1640000,0,1640000
2007/04/30,0,260000,-928000,-668000
2007/05/01,0,0,0,0
2007/05/02,0,0,0,0
2007/05/03,0,334000,-1722000,-1388000
2007/05/04,0,400000,-43220,356780
2007/05/07,0,0,0,0
2007/05/08,0,90000,-1550000,-1460000
2007/05/09,0,100000,0,100000
2007/05/10,0,300000,0,300000
2007/05/11,0,50000,-5000,45000
2007/05/14,0,0,0,0
2007/05/15,0,200000,0,200000
2007/05/16,0,0,-300000,-300000
2007/05/17,0,0,-402000,-402000
2007/05/18,0,0,0,0
2007/05/21,0,200000,-2000,198000
2007/05/22,0,300000,-104000,196000
2007/05/23,0,100000,-3000,97000
2007/05/24,0,86000,0,86000
2007/05/25,0,55000,0,55000
2007/05/28,0,9000,0,9000
2007/05/29,0,0,-100000,-100000
2007/05/30,0,1000,-11000,-10000
2007/05/31,0,0,0,0
2007/06/01,0,0,-12000,-12000
2007/06/04,0,1134000,-2984,1131016
2007/06/05,0,0,-3000,-3000
2007/06/06,0,0,-801000,-801000
2007/06/07,0,0,-623000,-623000
2007/06/08,0,1000,0,1000
2007/06/11,0,0,-5000,-5000
2007/06/12,0,0,-30000,-30000
2007/06/13,0,0,-52000,-52000
2007/06/14,0,0,-5000,-5000
2007/06/15,0,300000,-5000,295000
2007/06/18,0,0,0,0
2007/06/19,0,0,0,0
2007/06/20,0,60000,-1000,59000
2007/06/21,0,208000,-32000,176000
2007/06/22,0,0,-1381062,-1381062
2007/06/25,0,548000,0,548000
2007/06/26,0,33000,0,33000
2007/06/27,0,10000,0,10000
2007/06/28,0,508000,0,508000
2007/06/29,0,10000,-65000,-55000
2007/07/02,0,2025000,-424000,1601000
2007/07/03,0,110000,-1065000,-955000
2007/07/04,0,412000,-1450000,-1038000
2007/07/05,0,3286000,-1488000,1798000
2007/07/06,0,1104000,-2680000,-1576000
2007/07/09,0,1124000,-2139000,-1015000
2007/07/10,0,1123000,0,1123000
2007/07/11,0,941000,-1718000,-777000
2007/07/12,0,959000,-1559000,-600000
2007/07/13,0,8000,-11000,-3000
2007/07/16,0,2000,-28000,-26000
2007/07/17,0,690000,-133000,557000
2007/07/18,0,200000,-27000,173000
2007/07/19,0,319000,-914000,-595000
2007/07/20,0,1286000,-368000,918000
2007/07/23,0,471000,-687000,-216000
2007/07/24,0,304000,-259000,45000
2007/07/25,0,572000,0,572000
2007/07/26,0,216000,-600000,-384000
2007/07/27,0,211000,-315000,-104000
2007/07/30,0,9000,-130000,-121000
2007/07/31,0,303000,-218000,85000
2007/08/01,0,0,-1880000,-1880000
2007/08/02,0,24000,-170912,-146912
2007/08/03,0,480000,-1322000,-842000
2007/08/06,0,1318000,-1000,1317000
2007/08/07,0,898000,-526000,372000
2007/08/08,0,600000,-40000,560000
2007/08/09,0,0,-554508,-554508
2007/08/10,0,0,-106000,-106000
2007/08/13,0,7000,-577000,-570000
2007/08/14,0,40000,-14000,26000
2007/08/15,0,3000,-540000,-537000
2007/08/16,0,55000,-303000,-248000
2007/08/17,0,24000,-100000,-76000
2007/08/20,0,79000,-305000,-226000
2007/08/21,0,0,-19000,-19000
2007/08/22,0,9000,0,9000
2007/08/23,0,1177000,-508000,669000
2007/08/24,0,219000,-333000,-114000
2007/08/27,0,10000,-52000,-42000
2007/08/28,0,0,-156000,-156000
2007/08/29,0,488000,0,488000
2007/08/30,0,400000,0,400000
2007/08/31,0,2000,0,2000
2007/09/03,0,0,0,0
2007/09/04,0,100000,-25000,75000
2007/09/05,0,100000,-10000,90000
2007/09/06,0,451000,-39000,412000
2007/09/07,0,1037000,0,1037000
2007/09/10,0,672000,-10000,662000
2007/09/11,0,20000,-6000,14000
2007/09/12,0,830000,-41000,789000
2007/09/13,0,0,-7000,-7000
2007/09/14,0,270000,0,270000
2007/09/17,0,240000,-31000,209000
2007/09/18,0,0,0,0
2007/09/19,0,20000,-495000,-475000
2007/09/20,0,238000,-300000,-62000
2007/09/21,0,345000,-365000,-20000
2007/09/24,0,0,0,0
2007/09/25,0,0,0,0
2007/09/26,0,561000,-210000,351000
2007/09/27,0,1327000,-111000,1216000
2007/09/28,0,1040000,-21000,1019000
2007/10/01,0,4490000,-1211000,3279000
2007/10/02,0,0,0,0
2007/10/03,0,0,0,0
2007/10/04,0,0,0,0
2007/10/05,0,0,0,0
2007/10/08,0,0,0,0
2007/10/09,0,0,0,0
2007/10/10,0,0,0,0
2007/10/11,0,0,0,0
2007/10/12,0,0,0,0
2007/10/15,0,3502000,-2609000,893000
2007/10/16,0,1723000,-738525,984475
2007/10/17,0,916000,-214000,702000
2007/10/18,0,3269000,-829000,2440000
2007/10/19,0,1843000,-540000,1303000
2007/10/22,0,1170000,-1403000,-233000
2007/10/23,0,701000,-769000,-68000
2007/10/24,0,614000,-2055000,-1441000
2007/10/25,0,1036000,-580000,456000
2007/10/26,0,20000,-20000,0
2007/10/29,0,754000,-602000,152000
2007/10/30,0,1252000,-298000,954000
2007/10/31,0,712000,-465000,247000
2007/11/01,0,914000,-1767000,-853000
2007/11/02,0,529000,-1810000,-1281000
2007/11/05,0,445000,-3729000,-3284000
2007/11/06,0,179000,-215000,-36000
2007/11/07,0,579000,-560000,19000
2007/11/08,0,216000,-1706000,-1490000
2007/11/09,0,253000,-1770000,-1517000
2007/11/12,0,742000,-314000,428000
2007/11/13,0,1583000,-382000,1201000
2007/11/14,0,136000,-828200,-692200
2007/11/15,0,979000,-20000,959000
2007/11/16,0,125000,-741000,-616000
2007/11/19,0,880000,-1000,879000
2007/11/20,0,850000,0,850000
2007/11/21,0,617000,-160000,457000
2007/11/22,0,195000,-377000,-182000
2007/11/23,0,140000,-1478000,-1338000
2007/11/26,0,174000,-1362000,-1188000
2007/11/27,0,581000,-1283000,-702000
2007/11/28,0,592000,-567000,25000
2007/11/29,0,2166000,-1682000,484000
2007/11/30,0,861000,-653000,208000
2007/12/03,0,1000000,-692000,308000
2007/12/04,0,1190000,-455000,735000
2007/12/05,0,881000,-373000,508000
2007/12/06,0,84000,-356000,-272000
2007/12/07,0,41000,-892000,-851000
2007/12/10,0,46000,-56000,-10000
2007/12/11,0,133000,-85000,48000
2007/12/12,0,135000,-636000,-501000
2007/12/13,0,61000,-544000,-483000
2007/12/14,0,834000,-945000,-111000
2007/12/17,0,693000,-500000,193000
2007/12/18,0,613000,-326000,287000
2007/12/19,0,1153000,-1204000,-51000
2007/12/20,0,168000,-168000,0
2007/12/21,0,814000,-531000,283000
2007/12/24,0,277000,-688000,-411000
2007/12/25,0,41000,-326000,-285000
2007/12/26,0,2015000,-276000,1739000
2007/12/27,0,689000,-328000,361000
2007/12/28,0,752000,-248000,504000
2007/12/31,0,356000,-1374000,-1018000
2008/01/01,0,0,0,0
2008/01/02,0,1010000,-111000,899000
2008/01/03,0,2483000,-1163000,1320000
2008/01/04,0,635000,-971000,-336000
2008/01/07,0,230000,-1371000,-1141000
2008/01/08,0,870000,-1491000,-621000
2008/01/09,0,1262000,-900000,362000
2008/01/10,0,80000,-822000,-742000
2008/01/11,0,227000,-410000,-183000
2008/01/14,0,129000,-1224000,-1095000
2008/01/15,0,1259000,-154000,1105000
2008/01/16,0,358000,-180000,178000
2008/01/17,0,60000,-320000,-260000
2008/01/18,0,298000,-500000,-202000
2008/01/21,0,30000,-132000,-102000
2008/01/22,0,305000,-231000,74000
2008/01/23,0,1402000,-1255000,147000
2008/01/24,0,280000,-818000,-538000
2008/01/25,0,80000,-620000,-540000
2008/01/28,0,358000,-222000,136000
2008/01/29,0,860000,-60000,800000
2008/01/30,0,379000,-554000,-175000
2008/01/31,0,103000,-381000,-278000
2008/02/01,0,87000,-220000,-133000
2008/02/04,0,0,0,0
2008/02/05,0,0,0,0
2008/02/06,0,0,0,0
2008/02/07,0,0,0,0
2008/02/08,0,0,0,0
2008/02/11,0,0,0,0
2008/02/12,0,325000,-1452000,-1127000
2008/02/13,0,117000,-104000,13000
2008/02/14,0,612000,-451000,161000
2008/02/15,0,1225000,-107849,1117151
2008/02/18,0,586000,-364000,222000
2008/02/19,0,16000,-629000,-613000
2008/02/20,0,268000,-490000,-222000
2008/02/21,0,813000,-83000,730000
2008/02/22,0,1604000,-76000,1528000
2008/02/25,0,394000,-1238170,-844170
2008/02/26,0,1625000,-1044902,580098
2008/02/27,0,990000,-213272,776728
2008/02/28,0,0,0,0
2008/02/29,0,3004000,-485000,2519000
2008/03/03,0,599000,-1715954,-1116954
2008/03/04,0,1242000,-1984000,-742000
2008/03/05,0,398000,-1052000,-654000
2008/03/06,0,4496000,-2477902,2018098
2008/03/07,0,230000,-717000,-487000
2008/03/10,0,252000,-1527000,-1275000
2008/03/11,0,1288000,-568000,720000
2008/03/12,0,800000,-483350,316650
2008/03/13,0,129000,-164000,-35000
2008/03/14,0,174000,-1729000,-1555000
2008/03/17,0,326000,-195000,131000
2008/03/18,0,71000,-1399370,-1328370
2008/03/19,0,92000,-1816000,-1724000
2008/03/20,0,117000,-15000,102000
2008/03/21,0,871000,-19000,852000
2008/03/24,0,485000,-2127000,-1642000
2008/03/25,0,81000,-763000,-682000
2008/03/26,0,43000,-115000,-72000
2008/03/27,0,15000,-118000,-103000
2008/03/28,0,55000,-46540,8460
2008/03/31,0,227000,-109909,117091
2008/04/01,0,144000,-72000,72000
2008/04/02,0,49000,-20000,29000
2008/04/03,0,303000,-125000,178000
2008/04/04,0,0,0,0
2008/04/07,0,31000,-27000,4000
2008/04/08,0,35000,-81000,-46000
2008/04/09,0,30000,-149000,-119000
2008/04/10,0,280000,-718000,-438000
2008/04/11,0,147000,-29000,118000
2008/04/14,0,38000,-104319,-66319
2008/04/15,0,133000,-47000,86000
2008/04/16,0,328000,-23000,305000
2008/04/17,0,498000,-121000,377000
2008/04/18,0,225000,-51000,174000
2008/04/21,0,236000,-63000,173000
2008/04/22,0,128000,-398000,-270000
2008/04/23,0,226000,-728000,-502000
2008/04/24,0,698000,-193000,505000
2008/04/25,0,904000,-177000,727000
2008/04/28,0,120000,-80000,40000
2008/04/29,0,76000,-75000,1000
2008/04/30,0,96000,-871000,-775000
2008/05/01,0,0,0,0
2008/05/02,0,263000,-122000,141000
2008/05/05,0,37000,-141000,-104000
2008/05/06,0,178000,-152000,26000
2008/05/07,0,140000,-174000,-34000
2008/05/08,0,79000,-197000,-118000
2008/05/09,0,34000,-250000,-216000
2008/05/12,0,89000,-30642,58358
2008/05/13,0,330006,-96000,234006
2008/05/14,0,62000,-90000,-28000
2008/05/15,0,396000,-69000,327000
2008/05/16,0,97000,-44000,53000
2008/05/19,0,174000,-352000,-178000
2008/05/20,0,52000,-225000,-173000
2008/05/21,0,35000,-103000,-68000
2008/05/22,0,80000,-100000,-20000
2008/05/23,0,55000,-160000,-105000
2008/05/26,0,116000,-371000,-255000
2008/05/27,0,44000,-66000,-22000
2008/05/28,0,33000,-173000,-140000
2008/05/29,0,58000,-204000,-146000
2008/05/30,0,75000,-76000,-1000
2008/06/02,0,123000,-427000,-304000
2008/06/03,0,22211,-306000,-283789
2008/06/04,0,27000,-33000,-6000
2008/06/05,0,514000,-34000,480000
2008/06/06,0,70000,-37000,33000
2008/06/09,0,22000,-567000,-545000
2008/06/10,0,28000,-278000,-250000
2008/06/11,0,10000,-212000,-202000
2008/06/12,0,8000,-284000,-276000
2008/06/13,0,90000,-37000,53000
2008/06/16,0,25000,-19000,6000
2008/06/17,0,39000,-67000,-28000
2008/06/18,0,106000,-40000,66000
2008/06/19,0,7000,-92000,-85000
2008/06/20,0,52000,-199000,-147000
2008/06/23,0,97000,-63000,34000
2008/06/24,0,12000,-36000,-24000
2008/06/25,0,112000,-200000,-88000
2008/06/26,0,10000,-44000,-34000
2008/06/27,0,43000,-431000,-388000
2008/06/30,0,38000,-60000,-22000
2008/07/01,0,27000,-22000,5000
2008/07/02,0,55000,-21000,34000
2008/07/03,0,112000,-72000,40000
2008/07/04,0,14000,-36000,-22000
2008/07/07,0,1000,-11000,-10000
2008/07/08,0,8000,-75000,-67000
2008/07/09,0,77000,-56000,21000
2008/07/10,0,69000,-21000,48000
2008/07/11,0,43000,-159000,-116000
2008/07/14,0,9000,-49000,-40000
2008/07/15,0,16000,-16000,0
2008/07/16,0,0,-58000,-58000
2008/07/17,0,119000,-34000,85000
2008/07/18,0,222000,-128000,94000
2008/07/21,0,45000,-205000,-160000
2008/07/22,0,64000,-10000,54000
2008/07/23,0,35000,-1000,34000
2008/07/24,0,9000,-3000,6000
2008/07/25,0,4000,-10000,-6000
2008/07/28,0,0,0,0
2008/07/29,0,0,-53000,-53000
2008/07/30,0,40000,-56000,-16000
2008/07/31,0,73000,-5000,68000
2008/08/01,0,96000,-1000,95000
2008/08/04,0,64000,-12000,52000
2008/08/05,0,25000,-31000,-6000
2008/08/06,0,47000,-3000,44000
2008/08/07,0,20000,-30000,-10000
2008/08/08,0,19000,-6000,13000
2008/08/11,0,165000,-43000,122000
2008/08/12,0,42000,-92000,-50000
2008/08/13,0,131000,-123000,8000
2008/08/14,0,13000,-22000,-9000
2008/08/15,0,73000,-113000,-40000
2008/08/18,0,139000,-80000,59000
2008/08/19,0,67000,-182000,-115000
2008/08/20,0,25000,-37000,-12000
2008/08/21,0,20000,-84000,-64000
2008/08/22,0,51000,-28378,22622
2008/08/25,0,18000,-8000,10000
2008/08/26,0,14000,-7000,7000
2008/08/27,0,38000,-5080,32920
2008/08/28,0,27000,-28000,-1000
2008/08/29,0,8000,-23000,-15000
2008/09/01,0,47000,-33000,14000
2008/09/02,0,26000,-35000,-9000
2008/09/03,0,169000,-45000,124000
2008/09/04,0,10000,-124000,-114000
2008/09/05,0,53000,-108320,-55320
2008/09/08,0,29000,-71000,-42000
2008/09/09,0,135000,-24000,111000
2008/09/10,0,95000,-83000,12000
2008/09/11,0,25000,-156000,-131000
2008/09/12,0,127000,-39000,88000
2008/09/15,0,1000,-98000,-97000
2008/09/16,0,22000,-56000,-34000
2008/09/17,0,108000,-176000,-68000
2008/09/18,0,14000,-139000,-125000
2008/09/19,0,26000,-24000,2000
2008/09/22,0,22000,-3000,19000
2008/09/23,0,94000,-66840,27160
2008/09/24,0,138000,-42000,96000
2008/09/25,0,59000,-61000,-2000
2008/09/26,0,0,-116000,-116000
2008/09/29,0,0,0,0
2008/09/30,0,63000,-64000,-1000
2008/10/01,0,104000,-21160,82840
2008/10/02,0,20000,-123000,-103000
2008/10/03,0,73000,-18000,55000
2008/10/06,0,0,-32440,-32440
2008/10/07,0,28000,-44000,-16000
2008/10/08,0,14000,-37080,-23080
2008/10/09,0,31000,-180000,-149000
2008/10/10,0,0,0,0
2008/10/13,0,0,-5000,-5000
2008/10/14,0,8000,-8000,0
2008/10/15,0,8000,-14580,-6580
2008/10/16,0,0,-4000,-4000
2008/10/17,0,5000,-15000,-10000
2008/10/20,0,2000,-54050,-52050
2008/10/21,0,56000,-11000,45000
2008/10/22,0,23000,-25560,-2560
2008/10/23,0,1000,-47000,-46000
2008/10/24,0,0,-4600,-4600
2008/10/27,0,42000,-36800,5200
2008/10/28,0,51000,-65560,-14560
2008/10/29,0,50000,-54000,-4000
2008/10/30,0,49400,-50000,-600
2008/10/31,0,55000,-52000,3000
2008/11/03,0,0,-17000,-17000
2008/11/04,0,11000,-2000,9000
2008/11/05,0,37000,-24000,13000
2008/11/06,0,2000,-9000,-7000
2008/11/07,0,25000,-54000,-29000
2008/11/10,0,47000,-24000,23000
2008/11/11,0,5000,-45000,-40000
2008/11/12,0,44000,-7000,37000
2008/11/13,0,8000,-2000,6000
2008/11/14,0,50000,-46000,4000
2008/11/17,0,0,-2000,-2000
2008/11/18,0,17000,0,17000
2008/11/19,0,70000,-49000,21000
2008/11/20,0,10000,0,10000
2008/11/21,0,61000,-49000,12000
2008/11/24,0,0,0,0
2008/11/25,0,4000,-3000,1000
2008/11/26,0,0,-16000,-16000
2008/11/27,0,0,-3000,-3000
2008/11/28,0,29000,0,29000
2008/12/01,0,67000,-19000,48000
2008/12/02,0,20000,-2000,18000
2008/12/03,0,0,-3000,-3000
2008/12/04,0,0,-10703,-10703
2008/12/05,0,0,0,0
2008/12/08,0,53000,0,53000
2008/12/09,0,0,-40000,-40000
2008/12/10,0,186000,-21000,165000
2008/12/11,0,422000,-68000,354000
2008/12/12,0,47000,-375000,-328000
2008/12/15,0,82000,-51000,31000
2008/12/16,0,10000,-40000,-30000
2008/12/17,0,10000,-71000,-61000
2008/12/18,0,55000,0,55000
2008/12/19,0,54000,-2000,52000
2008/12/22,0,46000,-45000,1000
2008/12/23,0,5000,-132000,-127000
2008/12/24,0,29000,-4000,25000
2008/12/25,0,2000,-1000,1000
2008/12/26,0,10000,-4000,6000
2008/12/29,0,81000,-21000,60000
2008/12/30,0,67000,-236352,-169352
2008/12/31,0,134000,-21000,113000
2009/01/01,0,0,0,0
2009/01/02,0,0,0,0
2009/01/05,0,55000,0,55000
2009/01/06,0,101000,-15000,86000
2009/01/07,0,130000,-31000,99000
2009/01/08,0,16000,-29000,-13000
2009/01/09,0,7000,-72000,-65000
2009/01/12,0,15000,-60000,-45000
2009/01/13,0,21000,-21000,0
2009/01/14,0,88000,0,88000
2009/01/15,0,33000,-11000,22000
2009/01/16,0,38000,-25000,13000
2009/01/19,0,13000,-28000,-15000
2009/01/20,0,558000,-11000,547000
2009/01/21,0,129000,-76046,52954
2009/01/22,0,0,0,0
2009/01/23,0,0,0,0
2009/01/26,0,0,0,0
2009/01/27,0,0,0,0
2009/01/28,0,0,0,0
2009/01/29,0,0,0,0
2009/01/30,0,0,0,0
2009/02/02,0,39000,0,39000
2009/02/03,0,100000,-15000,85000
2009/02/04,0,25000,-15000,10000
2009/02/05,0,13000,-20000,-7000
2009/02/06,0,6000,-20000,-14000
2009/02/09,0,25000,-21000,4000
2009/02/10,0,32000,-50000,-18000
2009/02/11,0,165000,-24000,141000
2009/02/12,0,71000,-37000,34000
2009/02/13,0,69000,-46000,23000
2009/02/16,0,36000,-54000,-18000
2009/02/17,0,24000,-132000,-108000
2009/02/18,0,118000,-86000,32000
2009/02/19,0,51000,-20000,31000
2009/02/20,0,18000,-48068,-30068
2009/02/23,0,58000,-4000,54000
2009/02/24,0,21000,-86000,-65000
2009/02/25,0,20000,-15000,5000
2009/02/26,0,37000,0,37000
2009/02/27,0,175000,-6000,169000
2009/03/02,0,229000,-47000,182000
2009/03/03,0,41000,-119000,-78000
2009/03/04,0,50000,-35000,15000
2009/03/05,0,770000,-102000,668000
2009/03/06,0,1431000,-194000,1237000
2009/03/09,0,544000,-990000,-446000
2009/03/10,0,115000,-137000,-22000
2009/03/11,0,37000,-135000,-98000
2009/03/12,0,5000,-451000,-446000
2009/03/13,0,334000,-65000,269000
2009/03/16,0,139000,-85000,54000
2009/03/17,0,93000,-162000,-69000
2009/03/18,0,676000,-51000,625000
2009/03/19,0,156000,-327000,-171000
2009/03/20,0,3000,-213088,-210088
2009/03/23,0,197000,-33000,164000
2009/03/24,0,133000,-67000,66000
2009/03/25,0,116000,-44000,72000
2009/03/26,0,1000,-838090,-837090
2009/03/27,0,558000,-343000,215000
2009/03/30,0,121000,-297000,-176000
2009/03/31,0,68000,-601000,-533000
2009/04/01,0,92000,-57000,35000
2009/04/02,0,80000,-22000,58000
2009/04/03,0,170000,-60000,110000
2009/04/06,0,1516000,-27000,1489000
2009/04/07,0,314000,-657000,-343000
2009/04/08,0,87000,-936000,-849000
2009/04/09,0,141000,-9000,132000
2009/04/10,0,161000,-47000,114000
2009/04/13,0,42000,-301000,-259000
2009/04/14,0,34000,-144000,-110000
2009/04/15,0,12000,-296000,-284000
2009/04/16,0,547000,-193000,354000
2009/04/17,0,206000,-363000,-157000
2009/04/20,0,417000,-274000,143000
2009/04/21,0,533000,-61000,472000
2009/04/22,0,581000,-337240,243760
2009/04/23,0,599000,-680000,-81000
2009/04/24,0,105000,-864000,-759000
2009/04/27,0,188000,-322000,-134000
2009/04/28,0,514000,-153000,361000
2009/04/29,0,611000,-522000,89000
2009/04/30,0,204000,-7000,197000
2009/05/01,0,0,0,0
2009/05/04,0,308000,-180000,128000
2009/05/05,0,296000,-314000,-18000
2009/05/06,0,506000,-154000,352000
2009/05/07,0,95000,-886000,-791000
2009/05/08,0,326000,-107499,218501
2009/05/11,0,300000,-105000,195000
2009/05/12,0,621000,-667000,-46000
2009/05/13,0,2482000,-353000,2129000
2009/05/14,0,1574000,-1610000,-36000
2009/05/15,0,485000,-2253000,-1768000
2009/05/18,0,173000,-545000,-372000
2009/05/19,0,88000,-325121,-237121
2009/05/20,0,193000,-284000,-91000
2009/05/21,0,110000,-201000,-91000
2009/05/22,0,100000,-141000,-41000
2009/05/25,0,88000,-3230,84770
2009/05/26,0,192000,-109000,83000
2009/05/27,0,90000,-86000,4000
2009/05/28,0,0,0,0
2009/05/29,0,0,0,0
2009/06/01,0,47000,-65000,-18000
2009/06/02,0,259000,-24000,235000
2009/06/03,0,162000,-61016,100984
2009/06/04,0,209000,-339000,-130000
2009/06/05,0,121000,-276000,-155000
2009/06/08,0,5000,-214000,-209000
2009/06/09,0,273000,-220000,53000
2009/06/10,0,143000,-141697,1303
2009/06/11,0,215000,-102000,113000
2009/06/12,0,70000,-465000,-395000
2009/06/15,0,127000,-252000,-125000
2009/06/16,0,92000,-100770,-8770
2009/06/17,0,304000,-117000,187000
2009/06/18,0,155000,-427000,-272000
2009/06/19,0,136000,-125000,11000
2009/06/22,0,93000,-110000,-17000
2009/06/23,0,35000,-97000,-62000
2009/06/24,0,522000,-272761,249239
2009/06/25,0,148000,-132000,16000
2009/06/26,0,300000,-165000,135000
2009/06/29,0,44000,-303000,-259000
2009/06/30,0,255000,-159000,96000
2009/07/01,0,232000,-24000,208000
2009/07/02,0,141000,-111000,30000
2009/07/03,0,63000,-192000,-129000
2009/07/06,0,36000,-83000,-47000
2009/07/07,0,1378000,-1000,1377000
2009/07/08,0,204844,-1028000,-823156
2009/07/09,0,210000,-20000,190000
2009/07/10,0,411000,-57000,354000
2009/07/13,0,128000,-405000,-277000
2009/07/14,0,797000,-12000,785000
2009/07/15,0,875253,-521000,354253
2009/07/16,0,360000,-315000,45000
2009/07/17,0,650000,-43000,607000
2009/07/20,0,264000,-35000,229000
2009/07/21,0,1943000,-168751,1774249
2009/07/22,0,1111000,-2763000,-1652000
2009/07/23,0,99000,-1018000,-919000
2009/07/24,0,103909,-517000,-413091
2009/07/27,0,264000,-20000,244000
2009/07/28,0,93000,-49000,44000
2009/07/29,0,446000,-374000,72000
2009/07/30,0,15000,-432000,-417000
2009/07/31,0,62000,-98000,-36000
2009/08/03,0,862,-350000,-349138
2009/08/04,0,67000,-306000,-239000
2009/08/05,0,74000,-180000,-106000
2009/08/06,0,40000,-141000,-101000
2009/08/07,0,0,0,0
2009/08/10,0,174000,-14000,160000
2009/08/11,0,71000,-139000,-68000
2009/08/12,0,343000,-133000,210000
2009/08/13,0,103000,-61000,42000
2009/08/14,0,89000,-19000,70000
2009/08/17,0,108000,-301000,-193000
2009/08/18,0,332000,-509000,-177000
2009/08/19,0,192000,-59000,133000
2009/08/20,0,65000,-141000,-76000
2009/08/21,0,98000,-193000,-95000
2009/08/24,0,279000,-126000,153000
2009/08/25,0,261000,-158000,103000
2009/08/26,0,67000,-362500,-295500
2009/08/27,0,65000,-443031,-378031
2009/08/28,0,370000,-272000,98000
2009/08/31,0,3925000,-89000,3836000
2009/09/01,0,1280000,-986000,294000
2009/09/02,0,1201000,-575000,626000
2009/09/03,0,1522000,-2007000,-485000
2009/09/04,0,169000,-718000,-549000
2009/09/07,0,940000,-1077000,-137000
2009/09/08,0,503000,-793000,-290000
2009/09/09,0,273000,-292000,-19000
2009/09/10,0,207000,-1293000,-1086000
2009/09/11,0,523000,-351000,172000
2009/09/14,0,329000,-117000,212000
2009/09/15,0,1023000,-1576000,-553000
2009/09/16,0,375000,-1740000,-1365000
2009/09/17,0,2229000,-112000,2117000
2009/09/18,0,315000,-1381000,-1066000
2009/09/21,0,2000,-264000,-262000
2009/09/22,0,60000,-60000,0
2009/09/23,0,45000,-99000,-54000
2009/09/24,0,3000,-433000,-430000
2009/09/25,0,2500,-10000,-7500
2009/09/28,0,44000,-60238,-16238
2009/09/29,0,251000,-20000,231000
2009/09/30,0,0,-18000,-18000
2009/10/01,0,1860000,-482000,1378000
2009/10/02,0,168000,-1712000,-1544000
2009/10/05,0,702000,-340000,362000
2009/10/06,0,1000,-452000,-451000
2009/10/07,0,0,-726000,-726000
2009/10/08,0,4000,-314000,-310000
2009/10/09,0,1000,-289000,-288000
2009/10/12,0,3000,-15000,-12000
2009/10/13,0,476000,-17000,459000
2009/10/14,0,1344000,-476000,868000
2009/10/15,0,1000,-44000,-43000
2009/10/16,0,0,-102000,-102000
2009/10/19,0,400000,0,400000
2009/10/20,0,0,0,0
2009/10/21,0,1000,-2208000,-2207000
2009/10/22,0,6000,-201000,-195000
2009/10/23,0,0,-400000,-400000
2009/10/26,0,0,-101000,-101000
2009/10/27,0,3000,-2000,1000
2009/10/28,0,0,-13000,-13000
2009/10/29,0,7000,-2000,5000
2009/10/30,0,3000,-28000,-25000
2009/11/02,0,0,-43000,-43000
2009/11/03,0,0,-150000,-150000
2009/11/04,0,0,-1000,-1000
2009/11/05,0,100000,-264000,-164000
2009/11/06,0,500000,-200000,300000
2009/11/09,0,31000,-200000,-169000
2009/11/10,0,65000,0,65000
2009/11/11,0,86000,0,86000
2009/11/12,0,300000,-51000,249000
2009/11/13,0,52000,-9000,43000
2009/11/16,0,0,-2000,-2000
2009/11/17,0,5000,-50000,-45000
2009/11/18,0,3400000,-300000,3100000
2009/11/19,0,24000,-500000,-476000
2009/11/20,0,3000,-105000,-102000
2009/11/23,0,655000,-365000,290000
2009/11/24,0,4000,-110000,-106000
2009/11/25,0,1217000,-40000,1177000
2009/11/26,0,395000,-597000,-202000
2009/11/27,0,128000,-824000,-696000
2009/11/30,0,0,-50000,-50000
2009/12/01,0,1310000,-504000,806000
2009/12/02,0,2042000,-1205000,837000
2009/12/03,0,97000,-1318000,-1221000
2009/12/04,0,68000,-1000,67000
2009/12/07,0,305000,-7000,298000
2009/12/08,0,10000,-32000,-22000
2009/12/09,0,880000,-267000,613000
2009/12/10,0,206000,-1322000,-1116000
2009/12/11,0,0,-3200000,-3200000
2009/12/14,0,3000,-136000,-133000
2009/12/15,0,418000,-310000,108000
2009/12/16,0,14000,-89000,-75000
2009/12/17,0,16000,-301000,-285000
2009/12/18,0,6000,-1000,5000
2009/12/21,0,450000,-250000,200000
2009/12/22,0,75000,-409000,-334000
2009/12/23,0,0,-45000,-45000
2009/12/24,0,0,-10000,-10000
2009/12/25,0,247000,0,247000
2009/12/28,0,3000,0,3000
2009/12/29,0,500000,0,500000
2009/12/30,0,98000,-500000,-402000
2009/12/31,0,118000,0,118000
2010/01/01,0,0,0,0
2010/01/04,0,230000,-38000,192000
2010/01/05,0,880000,-52000,828000
2010/01/06,0,359000,-120000,239000
2010/01/07,0,8000,-105000,-97000
2010/01/08,0,67000,-61000,6000
2010/01/11,0,313000,-5000,308000
2010/01/12,0,57000,0,57000
2010/01/13,0,48000,-2000,46000
2010/01/14,0,421000,-80000,341000
2010/01/15,0,0,-609000,-609000
2010/01/18,0,17000,0,17000
2010/01/19,0,0,-274000,-274000
2010/01/20,0,508,-8000,-7492
2010/01/21,0,0,-270000,-270000
2010/01/22,0,3000,-13000,-10000
2010/01/25,0,0,-6000,-6000
2010/01/26,0,0,-62000,-62000
2010/01/27,0,0,-645000,-645000
2010/01/28,0,0,0,0
2010/01/29,0,0,-839000,-839000
2010/02/01,0,20000,-578000,-558000
2010/02/02,0,100000,0,100000
2010/02/03,0,197000,-100000,97000
2010/02/04,0,0,0,0
2010/02/05,0,6000,0,6000
2010/02/08,0,16000,-5000,11000
2010/02/09,0,25000,-5000,20000
2010/02/10,0,75000,-1791,73209
2010/02/11,0,0,0,0
2010/02/12,0,0,0,0
2010/02/15,0,0,0,0
2010/02/16,0,0,0,0
2010/02/17,0,0,0,0
2010/02/18,0,0,0,0
2010/02/19,0,0,0,0
2010/02/22,0,138000,-129000,9000
2010/02/23,0,0,-15000,-15000
2010/02/24,0,3000,0,3000
2010/02/25,0,0,-3000,-3000
2010/02/26,0,2000,0,2000
2010/03/01,0,0,0,0
2010/03/02,0,0,0,0
2010/03/03,0,0,0,0
2010/03/04,0,0,-30000,-30000
2010/03/05,0,12000,0,12000
2010/03/08,0,0,0,0
2010/03/09,0,1000,0,1000
2010/03/10,0,2000,0,2000
2010/03/11,0,1000,-2000,-1000
2010/03/12,0,21000,0,21000
2010/03/15,0,0,-5000,-5000
2010/03/16,0,9000,0,9000
2010/03/17,0,161000,0,161000
2010/03/18,0,83000,0,83000
2010/03/19,0,0,-20000,-20000
2010/03/22,0,0,-8000,-8000
2010/03/23,0,0,0,0
2010/03/24,0,6000,-10000,-4000
2010/03/25,0,207000,-15000,192000
2010/03/26,0,124000,-7000,117000
2010/03/29,0,44000,0,44000
2010/03/30,0,0,-61000,-61000
2010/03/31,0,250000,0,250000
2010/04/01,0,121000,-250000,-129000
2010/04/02,0,3000,0,3000
2010/04/05,0,0,0,0
2010/04/06,0,92000,0,92000
2010/04/07,0,1000,-10000,-9000
2010/04/08,0,57000,-6000,51000
2010/04/09,0,45000,0,45000
2010/04/12,0,201,-16000,-15799
2010/04/13,0,8000,-39000,-31000
2010/04/14,0,33000,-1000,32000
2010/04/15,0,407000,-1000,406000
2010/04/16,0,10000,-68000,-58000
2010/04/19,0,0,-400000,-400000
2010/04/20,0,6000,-266000,-260000
2010/04/21,0,68000,-4000,64000
2010/04/22,0,15000,-63000,-48000
2010/04/23,0,200000,-193000,7000
2010/04/26,0,214000,-200000,14000
2010/04/27,0,53000,0,53000
2010/04/28,0,0,-136000,-136000
2010/04/29,0,0,-93000,-93000
2010/04/30,0,12000,-62000,-50000
2010/05/03,0,33000,-15000,18000
2010/05/04,0,30000,-89000,-59000
2010/05/05,0,37000,-171000,-134000
2010/05/06,0,0,-122000,-122000
2010/05/07,0,8000,-30000,-22000
2010/05/10,0,96421,-76000,20421
2010/05/11,0,12000,-259586,-247586
2010/05/12,0,40000,-32000,8000
2010/05/13,0,33000,0,33000
2010/05/14,0,134000,0,134000
2010/05/17,0,33000,-169000,-136000
2010/05/18,0,86000,0,86000
2010/05/19,0,182000,-43000,139000
2010/05/20,0,0,-85000,-85000
2010/05/21,0,13000,-25000,-12000
2010/05/24,0,0,-3000,-3000
2010/05/25,0,48000,-197000,-149000
2010/05/26,0,48000,-44000,4000
2010/05/27,0,32000,-16000,16000
2010/05/28,0,0,-47000,-47000
2010/05/31,0,0,-8000,-8000
2010/06/01,0,0,-111000,-111000
2010/06/02,0,7000,0,7000
2010/06/03,0,0,0,0
2010/06/04,0,0,0,0
2010/06/07,0,0,-14000,-14000
2010/06/08,0,0,-56000,-56000
2010/06/09,0,0,-154000,-154000
2010/06/10,0,0,0,0
2010/06/11,0,17000,0,17000
2010/06/14,0,12000,0,12000
2010/06/15,0,281000,0,281000
2010/06/16,0,0,0,0
2010/06/17,0,667000,0,667000
2010/06/18,0,0,-43000,-43000
2010/06/21,0,13000,0,13000
2010/06/22,0,0,0,0
2010/06/23,0,1000,0,1000
2010/06/24,0,0,-1069,-1069
2010/06/25,0,53000,0,53000
2010/06/28,0,0,0,0
2010/06/29,0,1000,0,1000
2010/06/30,0,0,-4000,-4000
2010/07/01,0,13000,-1000,12000
2010/07/02,0,21000,-7000,14000
2010/07/05,0,9000,-4000,5000
2010/07/06,0,4000,0,4000
2010/07/07,0,0,-4000,-4000
2010/07/08,0,31000,-3000,28000
2010/07/09,0,24000,0,24000
2010/07/12,0,284000,-9000,275000
2010/07/13,0,129000,-60000,69000
2010/07/14,0,64000,-73000,-9000
2010/07/15,0,35000,-40000,-5000
2010/07/16,0,81000,-14000,67000
2010/07/19,0,68000,-46000,22000
2010/07/20,0,154000,-80000,74000
2010/07/21,0,48000,-64000,-16000
2010/07/22,0,50000,-34000,16000
2010/07/23,0,90000,-53478,36522
2010/07/26,0,125000,-21000,104000
2010/07/27,0,102000,-59000,43000
2010/07/28,0,29000,-235000,-206000
2010/07/29,0,259000,-177000,82000
2010/07/30,0,222000,-31000,191000
2010/08/02,0,164000,-10000,154000
2010/08/03,0,287000,-5000,282000
2010/08/04,0,360000,-345000,15000
2010/08/05,0,54000,-140000,-86000
2010/08/06,0,73000,-15000,58000
2010/08/09,0,64000,-92000,-28000
2010/08/10,0,120000,-55000,65000
2010/08/11,0,70000,-137000,-67000
2010/08/12,0,214000,-25000,189000
2010/08/13,0,254000,-53000,201000
2010/08/16,0,29000,-131000,-102000
2010/08/17,0,39000,-32000,7000
2010/08/18,0,115000,-83000,32000
2010/08/19,0,10000,-60000,-50000
2010/08/20,0,132000,-65568,66432
2010/08/23,0,358000,-92000,266000
2010/08/24,0,1476000,-19000,1457000
2010/08/25,0,1110000,-907000,203000
2010/08/26,0,462000,-271000,191000
2010/08/27,0,792000,-976000,-184000
2010/08/30,0,556000,-797000,-241000
2010/08/31,0,180000,-611000,-431000
2010/09/01,0,164000,-165000,-1000
2010/09/02,0,154000,-240000,-86000
2010/09/03,0,630000,-267000,363000
2010/09/06,0,174000,-35000,139000
2010/09/07,0,138000,-277000,-139000
2010/09/08,0,1381000,-104000,1277000
2010/09/09,0,690000,-929000,-239000
2010/09/10,0,316000,-354000,-38000
2010/09/13,0,2136000,-48000,2088000
2010/09/14,0,604000,-514000,90000
2010/09/15,0,1029000,-117000,912000
2010/09/16,0,1298000,-328000,970000
2010/09/17,0,472000,-195000,277000
2010/09/20,0,380000,-1059000,-679000
2010/09/21,0,216000,-101000,115000
2010/09/22,0,0,0,0
2010/09/23,0,456000,-128000,328000
2010/09/24,0,388000,-278000,110000
2010/09/27,0,2345000,-75000,2270000
2010/09/28,0,1154000,-693000,461000
2010/09/29,0,1694000,-1190000,504000
2010/09/30,0,572000,-1024000,-452000
2010/10/01,0,230000,-667000,-437000
2010/10/04,0,741000,-776000,-35000
2010/10/05,0,305000,-255000,50000
2010/10/06,0,847000,-167000,680000
2010/10/07,0,156000,-402555,-246555
2010/10/08,0,177000,-470000,-293000
2010/10/11,0,88000,-1051000,-963000
2010/10/12,0,464000,-183000,281000
2010/10/13,0,185000,-69000,116000
2010/10/14,0,255000,-158000,97000
2010/10/15,0,204400,-886000,-681600
2010/10/18,0,191000,-172000,19000
2010/10/19,0,207000,-302000,-95000
2010/10/20,0,981000,-16000,965000
2010/10/21,0,708000,-229400,478600
2010/10/22,0,69000,-139000,-70000
2010/10/25,0,559000,-244000,315000
2010/10/26,0,604000,-428000,176000
2010/10/27,0,134000,-869000,-735000
2010/10/28,0,360000,-136000,224000
2010/10/29,0,28000,-493000,-465000
2010/11/01,0,283000,-435000,-152000
2010/11/02,0,178000,-752700,-574700
2010/11/03,0,72000,-742000,-670000
2010/11/04,0,272000,-45000,227000
2010/11/05,0,573000,-247000,326000
2010/11/08,0,6000,-830000,-824000
2010/11/09,0,130000,-18400,111600
2010/11/10,0,787000,-171000,616000
2010/11/11,0,212000,-286000,-74000
2010/11/12,0,13000,-452000,-439000
2010/11/15,0,39000,-185000,-146000
2010/11/16,0,109000,-187000,-78000
2010/11/17,0,47000,-140000,-93000
2010/11/18,0,15000,-197399,-182399
2010/11/19,0,177000,-63000,114000
2010/11/22,0,15000,-43000,-28000
2010/11/23,0,307000,-93000,214000
2010/11/24,0,113000,-319000,-206000
2010/11/25,0,57000,-50000,7000
2010/11/26,0,162000,-123000,39000
2010/11/29,0,103000,-104000,-1000
2010/11/30,0,209000,-12000,197000
2010/12/01,0,353000,-278000,75000
2010/12/02,0,454000,-405000,49000
2010/12/03,0,1699000,-47000,1652000
2010/12/06,0,188000,-237000,-49000
2010/12/07,0,206000,-58176,147824
2010/12/08,0,767000,-580000,187000
2010/12/09,0,310000,-243000,67000
2010/12/10,0,177000,-101000,76000
2010/12/13,0,213000,-181000,32000
2010/12/14,0,175000,-181000,-6000
2010/12/15,0,697000,-17000,680000
2010/12/16,0,143000,-50000,93000
2010/12/17,0,102000,-62000,40000
2010/12/20,0,706000,-424000,282000
2010/12/21,0,448000,-213000,235000
2010/12/22,0,53000,-236000,-183000
2010/12/23,0,31000,-71000,-40000
2010/12/24,0,12000,-371000,-359000
2010/12/27,0,366000,-398000,-32000
2010/12/28,0,371000,-548000,-177000
2010/12/29,0,81000,-775000,-694000
2010/12/30,0,34000,-573000,-539000
2010/12/31,0,118000,-64000,54000
2011/01/03,0,156000,-144000,12000
2011/01/04,0,2167000,-356000,1811000
2011/01/05,0,1157000,-806000,351000
2011/01/06,0,648000,-286000,362000
2011/01/07,0,950000,-810000,140000
2011/01/10,0,220000,-557000,-337000
2011/01/11,0,1078000,-384000,694000
2011/01/12,0,3217000,-333000,2884000
2011/01/13,0,1252000,-3354000,-2102000
2011/01/14,0,707000,-547000,160000
2011/01/17,0,572000,-232000,340000
2011/01/18,0,81000,-206000,-125000
2011/01/19,0,577500,-115000,462500
2011/01/20,0,124000,-716000,-592000
2011/01/21,0,236000,-221000,15000
2011/01/24,0,209000,-1139000,-930000
2011/01/25,0,153000,-790000,-637000
2011/01/26,0,408000,-426000,-18000
2011/01/27,0,203000,-59000,144000
2011/01/28,0,177000,-586000,-409000
2011/01/31,0,0,0,0
2011/02/01,0,0,0,0
2011/02/02,0,0,0,0
2011/02/03,0,0,0,0
2011/02/04,0,0,0,0
2011/02/07,0,0,0,0
2011/02/08,0,76000,-1342000,-1266000
2011/02/09,0,15000,-2622000,-2607000
2011/02/10,0,188000,-1320000,-1132000
2011/02/11,0,223000,-3361000,-3138000
2011/02/14,0,608000,-120000,488000
2011/02/15,0,425000,-552000,-127000
2011/02/16,0,236000,-298000,-62000
2011/02/17,0,573000,-440000,133000
2011/02/18,0,175000,-104000,71000
2011/02/21,0,107000,-246000,-139000
2011/02/22,0,123000,-2140000,-2017000
2011/02/23,0,41000,-558000,-517000
2011/02/24,0,204000,-50000,154000
2011/02/25,0,744000,-65000,679000
2011/02/28,0,0,0,0
2011/03/01,0,215000,-84000,131000
2011/03/02,0,437000,-157000,280000
2011/03/03,0,748276,-356000,392276
2011/03/04,0,994000,-269000,725000
2011/03/07,0,31000,-666000,-635000
2011/03/08,0,225000,-71000,154000
2011/03/09,0,28000,-73000,-45000
2011/03/10,0,0,-580000,-580000
2011/03/11,0,30000,-417000,-387000
2011/03/14,0,209000,-1358000,-1149000
2011/03/15,0,122000,-846000,-724000
2011/03/16,0,115000,-3000,112000
2011/03/17,0,16000,-538000,-522000
2011/03/18,0,1727000,-894000,833000
2011/03/21,0,9000,-736000,-727000
2011/03/22,0,24000,-96000,-72000
2011/03/23,0,99000,-3000,96000
2011/03/24,0,48000,-72000,-24000
2011/03/25,0,347000,-37000,310000
2011/03/28,0,10000,-201000,-191000
2011/03/29,0,2000,-27000,-25000
2011/03/30,0,75000,-6000,69000
2011/03/31,0,767000,-271000,496000
2011/04/01,0,130000,-181000,-51000
2011/04/04,0,0,0,0
2011/04/05,0,0,0,0
2011/04/06,0,212000,-103000,109000
2011/04/07,0,128000,-21000,107000
2011/04/08,0,114500,-110000,4500
2011/04/11,0,134000,-117000,17000
2011/04/12,0,225000,-64000,161000
2011/04/13,0,84000,-52000,32000
2011/04/14,0,43000,-158932,-115932
2011/04/15,0,58000,-168000,-110000
2011/04/18,0,31000,-281000,-250000
2011/04/19,0,7000,-84000,-77000
2011/04/20,0,103000,-73000,30000
2011/04/21,0,1707000,-39000,1668000
2011/04/22,0,33000,-595000,-562000
2011/04/25,0,91000,-267000,-176000
2011/04/26,0,189000,-183000,6000
2011/04/27,0,109000,-95000,14000
2011/04/28,0,5000,-235000,-230000
2011/04/29,0,141000,-720000,-579000
2011/05/02,0,0,0,0
2011/05/03,0,381000,-560000,-179000
2011/05/04,0,101000,-404000,-303000
2011/05/05,0,21000,-100000,-79000
2011/05/06,0,74000,-45000,29000
2011/05/09,0,12000,-9000,3000
2011/05/10,0,14000,-6000,8000
2011/05/11,0,276000,-101572,174428
2011/05/12,0,28000,0,28000
2011/05/13,0,83000,-108000,-25000
2011/05/16,0,28000,-50000,-22000
2011/05/17,0,20000,-92000,-72000
2011/05/18,0,710000,-38000,672000
2011/05/19,0,49000,-601952,-552952
2011/05/20,0,68000,-226000,-158000
2011/05/23,0,68000,-42000,26000
2011/05/24,0,17000,-91000,-74000
2011/05/25,0,103000,-90000,13000
2011/05/26,0,15000,-88000,-73000
2011/05/27,0,24000,-47000,-23000
2011/05/30,0,249000,-112000,137000
2011/05/31,0,101000,-100000,1000
2011/06/01,0,56000,-254000,-198000
2011/06/02,0,0,-54000,-54000
2011/06/03,0,172000,-16000,156000
2011/06/06,0,0,0,0
2011/06/07,0,47000,-136000,-89000
2011/06/08,0,1323000,-6000,1317000
2011/06/09,0,97000,-903000,-806000
2011/06/10,0,34000,-442000,-408000
2011/06/13,0,17000,-127000,-110000
2011/06/14,0,21000,-53000,-32000
2011/06/15,0,4000,-122000,-118000
2011/06/16,0,45000,-41000,4000
2011/06/17,0,63000,-97000,-34000
2011/06/20,0,24000,-73000,-49000
2011/06/21,0,60000,-106000,-46000
2011/06/22,0,52000,-73400,-21400
2011/06/23,0,4000,-140000,-136000
2011/06/24,0,75000,-5500,69500
2011/06/27,0,35000,-87000,-52000
2011/06/28,0,219000,-5000,214000
2011/06/29,0,33000,-19300,13700
2011/06/30,0,23000,-147000,-124000
2011/07/01,0,64000,-28350,35650
2011/07/04,0,0,-39000,-39000
2011/07/05,0,40000,-202878,-162878
2011/07/06,0,121000,-2000,119000
2011/07/07,0,56000,0,56000
2011/07/08,0,4000,-142150,-138150
2011/07/11,0,11000,-2140,8860
2011/07/12,0,0,-23390,-23390
2011/07/13,0,26000,-113000,-87000
2011/07/14,0,23000,-44000,-21000
2011/07/15,0,4000,-10000,-6000
2011/07/18,0,285000,-7000,278000
2011/07/19,0,5000,-5000,0
2011/07/20,0,250000,0,250000
2011/07/21,0,52000,-11000,41000
2011/07/22,0,75000,-39000,36000
2011/07/25,0,15000,-122000,-107000
2011/07/26,0,231000,-2000,229000
2011/07/27,0,2083000,0,2083000
2011/07/28,0,376000,-1954779,-1578779
2011/07/29,0,59000,-368000,-309000
2011/08/01,0,132000,-165000,-33000
2011/08/02,0,104000,-223000,-119000
2011/08/03,0,1116000,-162000,954000
2011/08/04,0,6000,-1163000,-1157000
2011/08/05,0,6000,-3000,3000
2011/08/08,0,6000,-547000,-541000
2011/08/09,0,19000,-112000,-93000
2011/08/10,0,42000,-102000,-60000
2011/08/11,0,174000,-7000,167000
2011/08/12,0,110000,-48000,62000
2011/08/15,0,80000,0,80000
2011/08/16,0,0,-2650,-2650
2011/08/17,0,0,-68840,-68840
2011/08/18,0,0,-19000,-19000
2011/08/19,0,1000,-234000,-233000
2011/08/22,0,200000,-16580,183420
2011/08/23,0,140000,-102000,38000
2011/08/24,0,60000,-30000,30000
2011/08/25,0,61000,-51000,10000
2011/08/26,0,109000,-66000,43000
2011/08/29,0,3000,-146000,-143000
2011/08/30,0,3000,-21301,-18301
2011/08/31,0,0,0,0
2011/09/01,0,373000,-78120,294880
2011/09/02,0,4000,-33000,-29000
2011/09/05,0,20000,-56000,-36000
2011/09/06,0,17000,-140000,-123000
2011/09/07,0,7000,-16000,-9000
2011/09/08,0,31000,-30000,1000
2011/09/09,0,315000,-22300,292700
2011/09/12,0,0,0,0
2011/09/13,0,0,-177000,-177000
2011/09/14,0,1000,-220000,-219000
2011/09/15,0,304000,-3000,301000
2011/09/16,0,286000,-305000,-19000
2011/09/19,0,24000,-23000,1000
2011/09/20,0,47000,-116000,-69000
2011/09/21,0,334000,-16000,318000
2011/09/22,0,46000,-106400,-60400
2011/09/23,0,52000,-79000,-27000
2011/09/26,0,64000,-285000,-221000
2011/09/27,0,50000,-148000,-98000
2011/09/28,0,119000,-26000,93000
2011/09/29,0,752000,-19200,732800
2011/09/30,0,28000,-550000,-522000
2011/10/03,0,60000,-100000,-40000
2011/10/04,0,153000,-188000,-35000
2011/10/05,0,0,-10000,-10000
2011/10/06,0,0,-2207,-2207
2011/10/07,0,0,0,0
2011/10/10,0,0,0,0
2011/10/11,0,25000,-7000,18000
2011/10/12,0,246000,-4000,242000
2011/10/13,0,144000,-42400,101600
2011/10/14,0,9000,-4400,4600
2011/10/17,0,71000,0,71000
2011/10/18,0,0,-355,-355
2011/10/19,0,7300,-11000,-3700
2011/10/20,0,10000,-52000,-42000
2011/10/21,0,7206,-62000,-54794
2011/10/24,0,3000,-60000,-57000
2011/10/25,0,34000,-1000,33000
2011/10/26,0,1000,-27000,-26000
2011/10/27,0,7000,-4000,3000
2011/10/28,0,61000,-11000,50000
2011/10/31,0,80000,0,80000
2011/11/01,0,32000,-80000,-48000
2011/11/02,0,54000,-40000,14000
2011/11/03,0,789000,-42000,747000
2011/11/04,0,1487000,-193000,1294000
2011/11/07,0,23000,-982000,-959000
2011/11/08,0,34000,-342000,-308000
2011/11/09,0,1000,-20200,-19200
2011/11/10,0,0,-632800,-632800
2011/11/11,0,26000,-30000,-4000
2011/11/14,0,72000,-60000,12000
2011/11/15,0,355000,-3000,352000
2011/11/16,0,0,-361000,-361000
2011/11/17,0,93000,-129000,-36000
2011/11/18,0,118000,-317000,-199000
2011/11/21,0,65000,-193000,-128000
2011/11/22,0,231000,-90000,141000
2011/11/23,0,0,-397000,-397000
2011/11/24,0,3000,-77000,-74000
2011/11/25,0,23000,-72000,-49000
2011/11/28,0,42000,-100000,-58000
2011/11/29,0,104000,-34000,70000
2011/11/30,0,123000,-129000,-6000
2011/12/01,0,871000,-20000,851000
2011/12/02,0,9000,-68000,-59000
2011/12/05,0,42000,-193011,-151011
2011/12/06,0,60000,-325000,-265000
2011/12/07,0,22000,-52000,-30000
2011/12/08,0,22000,-130000,-108000
2011/12/09,0,15000,-44000,-29000
2011/12/12,0,20000,-1000,19000
2011/12/13,0,13000,-15000,-2000
2011/12/14,0,17000,-51000,-34000
2011/12/15,0,0,-89000,-89000
2011/12/16,0,2000,-14000,-12000
2011/12/19,0,15000,-73000,-58000
2011/12/20,0,54000,-32000,22000
2011/12/21,0,33000,-108000,-75000
2011/12/22,0,90000,-1000,89000
2011/12/23,0,1224000,-104000,1120000
2011/12/26,0,465000,-188000,277000
2011/12/27,0,20000,-152000,-132000
2011/12/28,0,337000,-183000,154000
2011/12/29,0,126000,-573000,-447000
2011/12/30,0,17000,-404000,-387000
2012/01/02,0,0,-220000,-220000
2012/01/03,0,33000,-46000,-13000
2012/01/04,0,9000,-84000,-75000
2012/01/05,0,68000,-159000,-91000
2012/01/06,0,1000,-123000,-122000
2012/01/09,0,0,-77000,-77000
2012/01/10,0,40460,0,40460
2012/01/11,0,156000,-39000,117000
2012/01/12,0,33000,-20000,13000
2012/01/13,0,128000,-54000,74000
2012/01/16,0,27000,-170480,-143480
2012/01/17,0,78000,-13000,65000
2012/01/18,0,82000,-21000,61000
2012/01/19,0,0,0,0
2012/01/20,0,0,0,0
2012/01/23,0,0,0,0
2012/01/24,0,0,0,0
2012/01/25,0,0,0,0
2012/01/26,0,0,0,0
2012/01/27,0,0,0,0
2012/01/30,0,28000,-51000,-23000
2012/01/31,0,322285,-24000,298285
2012/02/01,0,167000,-273000,-106000
2012/02/02,0,3697000,-161000,3536000
2012/02/03,0,466000,-2543000,-2077000
2012/02/06,0,73000,-312000,-239000
2012/02/07,0,308000,-55000,253000
2012/02/08,0,474000,-104000,370000
2012/02/09,0,70000,-268000,-198000
2012/02/10,0,326000,-158000,168000
2012/02/13,0,2060000,-108000,1952000
2012/02/14,0,291000,-1539000,-1248000
2012/02/15,0,268000,-605000,-337000
2012/02/16,0,209000,-1071000,-862000
2012/02/17,0,136000,-673000,-537000
2012/02/20,0,94000,-3000,91000
2012/02/21,0,250000,-391000,-141000
2012/02/22,0,338000,-65000,273000
2012/02/23,0,158000,-119000,39000
2012/02/24,0,621000,-419000,202000
2012/02/27,0,0,0,0
2012/02/28,0,0,0,0
2012/02/29,0,174000,-280000,-106000
2012/03/01,0,239000,-92000,147000
2012/03/02,0,107000,-127000,-20000
2012/03/05,0,528000,-276000,252000
2012/03/06,0,237000,-320000,-83000
2012/03/07,0,60000,-129000,-69000
2012/03/08,0,70000,-57000,13000
2012/03/09,0,80000,-50000,30000
2012/03/12,0,57000,-181000,-124000
2012/03/13,0,47000,-100000,-53000
2012/03/14,0,209000,-509000,-300000
2012/03/15,0,34000,-84000,-50000
2012/03/16,0,610000,-261000,349000
2012/03/19,0,79000,-271000,-192000
2012/03/20,0,12000,-188000,-176000
2012/03/21,0,129000,-33000,96000
2012/03/22,0,9000,-120000,-111000
2012/03/23,0,105000,-258000,-153000
2012/03/26,0,16000,-92000,-76000
2012/03/27,0,23000,-51000,-28000
2012/03/28,0,229000,-46000,183000
2012/03/29,0,51000,-705347,-654347
2012/03/30,0,33000,-69000,-36000
2012/04/02,0,237000,-202000,35000
2012/04/03,0,63000,-213000,-150000
2012/04/04,0,0,0,0
2012/04/05,0,7000,-177000,-170000
2012/04/06,0,98000,-42000,56000
2012/04/09,0,17000,-63000,-46000
2012/04/10,0,57000,-57000,0
2012/04/11,0,117000,-76000,41000
2012/04/12,0,5000,-219000,-214000
2012/04/13,0,29000,-73000,-44000
2012/04/16,0,9000,-17000,-8000
2012/04/17,0,65000,-35000,30000
2012/04/18,0,0,-50000,-50000
2012/04/19,0,29000,-80000,-51000
2012/04/20,0,69000,-118000,-49000
2012/04/23,0,29000,-14000,15000
2012/04/24,0,11000,-98000,-87000
2012/04/25,0,12000,-18000,-6000
2012/04/26,0,16000,-18000,-2000
2012/04/27,0,22000,-20943,1057
2012/04/30,0,393000,-5000,388000
2012/05/01,0,0,0,0
2012/05/02,0,454000,-69100,384900
2012/05/03,0,40000,-132000,-92000
2012/05/04,0,61000,-61000,0
2012/05/07,0,0,-112000,-112000
2012/05/08,0,5000,-146000,-141000
2012/05/09,0,0,-85000,-85000
2012/05/10,0,31000,-49000,-18000
2012/05/11,0,0,-9000,-9000
2012/05/14,0,14000,-11000,3000
2012/05/15,0,41000,-92000,-51000
2012/05/16,0,34000,-95000,-61000
2012/05/17,0,56000,-215000,-159000
2012/05/18,0,45000,-166000,-121000
2012/05/21,0,0,-76000,-76000
2012/05/22,0,31000,-10000,21000
2012/05/23,0,0,-28000,-28000
2012/05/24,0,20000,-24000,-4000
2012/05/25,0,12000,-27000,-15000
2012/05/28,0,2000,-44000,-42000
2012/05/29,0,27000,-2000,25000
2012/05/30,0,0,0,0
2012/05/31,0,0,-76000,-76000
2012/06/01,0,122000,-45000,77000
2012/06/04,0,118000,-303000,-185000
2012/06/05,0,35000,-111000,-76000
2012/06/06,0,1000,-30000,-29000
2012/06/07,0,42000,-64000,-22000
2012/06/08,0,40000,-8865,31135
2012/06/11,0,63000,-74000,-11000
2012/06/12,0,4000,-5000,-1000
2012/06/13,0,2000,-30000,-28000
2012/06/14,0,49000,-9000,40000
2012/06/15,0,19000,-31000,-12000
2012/06/18,0,45000,-113000,-68000
2012/06/19,0,107000,-9000,98000
2012/06/20,0,53000,-9000,44000
2012/06/21,0,40000,-30000,10000
2012/06/22,0,17000,-128000,-111000
2012/06/25,0,93000,-27000,66000
2012/06/26,0,27000,-28000,-1000
2012/06/27,0,28000,-31000,-3000
2012/06/28,0,2000,-118000,-116000
2012/06/29,0,17000,-94000,-77000
2012/07/02,0,15000,-32000,-17000
2012/07/03,0,78000,-45000,33000
2012/07/04,0,201000,-75000,126000
2012/07/05,0,46000,-14000,32000
2012/07/06,0,335000,-61000,274000
2012/07/09,0,291000,-23000,268000
2012/07/10,0,71000,-287000,-216000
2012/07/11,0,37000,-26000,11000
2012/07/12,0,72000,-171000,-99000
2012/07/13,0,29000,-52000,-23000
2012/07/16,0,3000,-79000,-76000
2012/07/17,0,57000,-17000,40000
2012/07/18,0,5000,-43000,-38000
2012/07/19,0,17000,-192000,-175000
2012/07/20,0,26000,-14000,12000
2012/07/23,0,7000,-105000,-98000
2012/07/24,0,12000,-23000,-11000
2012/07/25,0,8000,-40000,-32000
2012/07/26,0,33000,-13000,20000
2012/07/27,0,74000,-6000,68000
2012/07/30,0,91000,-51000,40000
2012/07/31,0,192000,-83000,109000
2012/08/01,0,2000,-54000,-52000
2012/08/02,0,0,0,0
2012/08/03,0,6000,-32000,-26000
2012/08/06,0,32000,-49000,-17000
2012/08/07,0,33000,-165000,-132000
2012/08/08,0,107000,-59000,48000
2012/08/09,0,36000,-55000,-19000
2012/08/10,0,3000,-6000,-3000
2012/08/13,0,14000,-5000,9000
2012/08/14,0,23000,-3000,20000
2012/08/15,0,0,-2000,-2000
2012/08/16,0,16000,-14000,2000
2012/08/17,0,20000,-15000,5000
2012/08/20,0,22000,-2000,20000
2012/08/21,0,40000,-22000,18000
2012/08/22,0,56000,-31000,25000
2012/08/23,0,77000,-27000,50000
2012/08/24,0,0,-18000,-18000
2012/08/27,0,18000,0,18000
2012/08/28,0,21000,-74000,-53000
2012/08/29,0,0,-42000,-42000
2012/08/30,0,57000,-4000,53000
2012/08/31,0,0,-67000,-67000
2012/09/03,0,54000,-1000,53000
2012/09/04,0,0,-24000,-24000
2012/09/05,0,147000,-69000,78000
2012/09/06,0,53000,-127000,-74000
2012/09/07,0,216000,-38000,178000
2012/09/10,0,506000,-155000,351000
2012/09/11,0,130000,-206000,-76000
2012/09/12,0,948000,-83000,865000
2012/09/13,0,296000,-724440,-428440
2012/09/14,0,76000,-415000,-339000
2012/09/17,0,41000,-328000,-287000
2012/09/18,0,214000,-45000,169000
2012/09/19,0,94000,-42000,52000
2012/09/20,0,91000,-75000,16000
2012/09/21,0,521000,-68000,453000
2012/09/24,0,48000,-116000,-68000
2012/09/25,0,162000,-183000,-21000
2012/09/26,0,31000,-196000,-165000
2012/09/27,0,72000,-49000,23000
2012/09/28,0,52000,-112000,-60000
2012/10/01,0,0,-109000,-109000
2012/10/02,0,50000,-135000,-85000
2012/10/03,0,0,-16000,-16000
2012/10/04,0,106000,-74000,32000
2012/10/05,0,176000,-38000,138000
2012/10/08,0,0,-154000,-154000
2012/10/09,0,24000,-166000,-142000
2012/10/10,0,0,0,0
2012/10/11,0,24000,-135000,-111000
2012/10/12,0,52000,-93000,-41000
2012/10/15,0,31000,-82384,-51384
2012/10/16,0,192000,-46000,146000
2012/10/17,0,91000,-230000,-139000
2012/10/18,0,15000,-22000,-7000
2012/10/19,0,5000,-52000,-47000
2012/10/22,0,12000,-10000,2000
2012/10/23,0,508000,0,508000
2012/10/24,0,704000,-204000,500000
2012/10/25,0,410000,-164000,246000
2012/10/26,0,136000,-657000,-521000
2012/10/29,0,44000,-370000,-326000
2012/10/30,0,10000,-120000,-110000
2012/10/31,0,33000,-72000,-39000
2012/11/01,0,0,-108000,-108000
2012/11/02,0,0,-14000,-14000
2012/11/05,0,31000,-16000,15000
2012/11/06,0,0,-8000,-8000
2012/11/07,0,0,-13000,-13000
2012/11/08,0,61000,0,61000
2012/11/09,0,28000,-61000,-33000
2012/11/12,0,18000,-58000,-40000
2012/11/13,0,0,-130000,-130000
2012/11/14,0,0,-66000,-66000
2012/11/15,0,0,-5000,-5000
2012/11/16,0,0,-46000,-46000
2012/11/19,0,2000,-20000,-18000
2012/11/20,0,0,-65000,-65000
2012/11/21,0,0,-24000,-24000
2012/11/22,0,10000,-15000,-5000
2012/11/23,0,17000,-10000,7000
2012/11/26,0,22000,-14000,8000
2012/11/27,0,13000,0,13000
2012/11/28,0,8000,-20000,-12000
2012/11/29,0,28000,-30000,-2000
2012/11/30,0,37000,-30000,7000
2012/12/03,0,75000,-109000,-34000
2012/12/04,0,51000,-20000,31000
2012/12/05,0,121000,0,121000
2012/12/06,0,24000,-139380,-115380
2012/12/07,0,59000,-17000,42000
2012/12/10,0,13000,-44000,-31000
2012/12/11,0,21000,-74000,-53000
2012/12/12,0,94000,-5000,89000
2012/12/13,0,229000,-2000,227000
2012/12/14,0,423000,-29000,394000
2012/12/17,0,24000,-98000,-74000
2012/12/18,0,456000,0,456000
2012/12/19,0,8000,-2000,6000
2012/12/20,0,0,-85000,-85000
2012/12/21,0,24000,-433000,-409000
2012/12/24,0,135000,-125000,10000
2012/12/25,0,223000,0,223000
2012/12/26,0,0,-121000,-121000
2012/12/27,0,0,0,0
2012/12/28,0,0,-13000,-13000
2012/12/31,0,0,0,0
2013/01/01,0,0,0,0
2013/01/02,0,135000,-70000,65000
2013/01/03,0,0,-112000,-112000
2013/01/04,0,0,-65000,-65000
2013/01/07,0,0,-153000,-153000
2013/01/08,0,0,-22000,-22000
2013/01/09,0,0,-28000,-28000
2013/01/10,0,58000,-15000,43000
2013/01/11,0,0,-20000,-20000
2013/01/14,0,0,-13000,-13000
2013/01/15,0,0,-123000,-123000
2013/01/16,0,0,-265000,-265000
2013/01/17,0,13000,-167000,-154000
2013/01/18,0,0,-11000,-11000
2013/01/21,0,0,-6000,-6000
2013/01/22,0,0,-6000,-6000
2013/01/23,0,0,-10000,-10000
2013/01/24,0,0,-23000,-23000
2013/01/25,0,0,-6000,-6000
2013/01/28,0,35000,0,35000
2013/01/29,0,14000,-8000,6000
2013/01/30,0,3000,-18000,-15000
2013/01/31,0,136000,0,136000
2013/02/01,0,0,-78000,-78000
2013/02/04,0,0,-230000,-230000
2013/02/05,0,0,-1000,-1000
2013/02/06,0,0,-13000,-13000
2013/02/07,0,0,0,0
2013/02/08,0,0,0,0
2013/02/11,0,0,0,0
2013/02/12,0,0,0,0
2013/02/13,0,0,0,0
2013/02/14,0,0,0,0
2013/02/15,0,0,0,0
2013/02/18,0,2000,0,2000
2013/02/19,0,1000,0,1000
2013/02/20,0,0,0,0
2013/02/21,0,0,0,0
2013/02/22,0,0,0,0
2013/02/25,0,188000,-4000,184000
2013/02/26,0,10000,0,10000
2013/02/27,0,30000,0,30000
2013/02/28,0,0,0,0
2013/03/01,0,0,0,0
2013/03/04,0,0,0,0
2013/03/05,0,6000,0,6000
2013/03/06,0,0,0,0
2013/03/07,0,114000,0,114000
2013/03/08,0,20000,0,20000
2013/03/11,0,0,-14000,-14000
2013/03/12,0,0,-156000,-156000
2013/03/13,0,0,-7000,-7000
2013/03/14,0,6000,-20000,-14000
2013/03/15,0,12000,-36000,-24000
2013/03/18,0,4000,-70000,-66000
2013/03/19,0,0,0,0
2013/03/20,0,2000,-31000,-29000
2013/03/21,0,96000,0,96000
2013/03/22,0,0,0,0
2013/03/25,0,20000,0,20000
2013/03/26,0,0,-11000,-11000
2013/03/27,0,0,0,0
2013/03/28,0,0,0,0
2013/03/29,0,0,0,0
2013/04/01,0,0,0,0
2013/04/02,0,0,0,0
2013/04/03,0,0,0,0
2013/04/04,0,0,0,0
2013/04/05,0,0,0,0
2013/04/08,0,0,0,0
2013/04/09,0,0,0,0
2013/04/10,0,0,0,0
2013/04/11,0,0,0,0
2013/04/12,0,0,-76000,-76000
2013/04/15,0,0,-24000,-24000
2013/04/16,0,0,0,0
2013/04/17,0,0,-142000,-142000
2013/04/18,0,0,-6000,-6000
2013/04/19,0,2000,0,2000
2013/04/22,0,0,0,0
2013/04/23,0,0,-2000,-2000
2013/04/24,0,0,0,0
2013/04/25,0,0,0,0
2013/04/26,0,0,0,0
2013/04/29,0,9000,0,9000
2013/04/30,0,7000,0,7000
2013/05/01,0,0,0,0
2013/05/02,0,0,0,0
2013/05/03,0,0,-4000,-4000
2013/05/06,0,0,0,0
2013/05/07,0,0,0,0
2013/05/08,0,0,0,0
2013/05/09,0,0,-2000,-2000
2013/05/10,0,3000,0,3000
2013/05/13,0,0,-691,-691
2013/05/14,0,3000,0,3000
2013/05/15,0,1000,-11000,-10000
2013/05/16,0,17000,0,17000
2013/05/17,0,12000,0,12000
2013/05/20,0,0,0,0
2013/05/21,0,0,0,0
2013/05/22,0,20000,0,20000
2013/05/23,0,0,-14000,-14000
2013/05/24,0,0,-2000,-2000
2013/05/27,0,1000,0,1000
2013/05/28,0,0,0,0
2013/05/29,0,0,0,0
2013/05/30,0,0,-2000,-2000
2013/05/31,0,0,-2000,-2000
2013/06/03,0,0,-10000,-10000
2013/06/04,0,0,-3000,-3000
2013/06/05,0,0,-6000,-6000
2013/06/06,0,8000,-13000,-5000
2013/06/07,0,0,-8000,-8000
2013/06/10,0,0,0,0
2013/06/11,0,0,-3000,-3000
2013/06/12,0,0,0,0
2013/06/13,0,0,-8000,-8000
2013/06/14,0,0,-4000,-4000
2013/06/17,0,10000,0,10000
2013/06/18,0,1000,0,1000
2013/06/19,0,0,-13000,-13000
2013/06/20,0,0,0,0
2013/06/21,0,0,-1000,-1000
2013/06/24,0,0,0,0
2013/06/25,0,34000,0,34000
2013/06/26,0,0,-1000,-1000
2013/06/27,0,0,-2000,-2000
2013/06/28,0,0,-20000,-20000
2013/07/01,0,3000,-5000,-2000
2013/07/02,0,0,-3000,-3000
2013/07/03,0,0,-4000,-4000
2013/07/04,0,39000,0,39000
2013/07/05,0,32000,0,32000
2013/07/08,0,1000,-13000,-12000
2013/07/09,0,0,0,0
2013/07/10,0,0,-2000,-2000
2013/07/11,0,15000,0,15000
2013/07/12,0,6000,0,6000
2013/07/15,0,0,0,0
2013/07/16,0,1000,-9000,-8000
2013/07/17,0,1000,-9000,-8000
2013/07/18,0,0,0,0
2013/07/19,0,26000,0,26000
2013/07/22,0,0,0,0
2013/07/23,0,63000,0,63000
2013/07/24,0,0,-10000,-10000
2013/07/25,0,3000,0,3000
2013/07/26,0,1000,0,1000
2013/07/29,0,0,-3000,-3000
2013/07/30,0,0,0,0
2013/07/31,0,0,0,0
2013/08/01,0,1000,-5000,-4000
2013/08/02,0,286000,0,286000
2013/08/05,0,0,0,0
2013/08/06,0,8000,-14000,-6000
2013/08/07,0,11000,-316000,-305000
2013/08/08,0,0,-53000,-53000
2013/08/09,0,8000,-6000,2000
2013/08/12,0,0,0,0
2013/08/13,0,0,0,0
2013/08/14,0,0,-16000,-16000
2013/08/15,0,0,-30000,-30000
2013/08/16,0,0,-4000,-4000
2013/08/19,0,0,-3000,-3000
2013/08/20,0,0,-4000,-4000
2013/08/21,0,0,0,0
2013/08/22,0,1000,-5000,-4000
2013/08/23,0,0,-5000,-5000
2013/08/26,0,0,0,0
2013/08/27,0,0,0,0
2013/08/28,0,0,0,0
2013/08/29,0,0,0,0
2013/08/30,0,0,0,0
2013/09/02,0,0,0,0
2013/09/03,0,0,0,0
2013/09/04,0,0,0,0
2013/09/05,0,0,0,0
2013/09/06,0,0,0,0
2013/09/09,0,0,0,0
2013/09/10,0,0,0,0
2013/09/11,0,0,0,0
2013/09/12,0,0,0,0
2013/09/13,0,0,0,0
2013/09/16,0,0,-40000,-40000
2013/09/17,0,0,0,0
2013/09/18,0,2000,-15000,-13000
2013/09/19,0,0,0,0
2013/09/20,0,0,0,0
2013/09/23,0,0,0,0
2013/09/24,0,0,0,0
2013/09/25,0,0,0,0
2013/09/26,0,0,0,0
2013/09/27,0,0,-1000,-1000
2013/09/30,0,0,0,0
2013/10/01,0,0,-4000,-4000
2013/10/02,0,0,0,0
2013/10/03,0,0,0,0
2013/10/04,0,0,0,0
2013/10/07,0,0,0,0
2013/10/08,0,0,0,0
2013/10/09,0,0,0,0
2013/10/10,0,0,0,0
2013/10/11,0,0,0,0
2013/10/14,0,0,0,0
2013/10/15,0,18000,0,18000
2013/10/16,0,12000,0,12000
2013/10/17,0,0,0,0
2013/10/18,0,0,0,0
2013/10/21,0,0,0,0
2013/10/22,0,0,0,0
2013/10/23,0,0,0,0
2013/10/24,0,0,0,0
2013/10/25,0,0,-30000,-30000
2013/10/28,0,0,0,0
2013/10/29,0,0,0,0
2013/10/30,0,0,0,0
2013/10/31,0,0,0,0
2013/11/01,0,0,0,0
2013/11/04,0,0,0,0
2013/11/05,0,0,0,0
2013/11/06,0,0,0,0
2013/11/07,0,0,0,0
2013/11/08,0,0,0,0
2013/11/11,0,14000,0,14000
2013/11/12,0,45000,0,45000
2013/11/13,0,0,0,0
2013/11/14,0,0,0,0
2013/11/15,0,0,0,0
2013/11/18,0,0,-14000,-14000
2013/11/19,0,0,0,0
2013/11/20,0,0,0,0
2013/11/21,0,0,-23000,-23000
2013/11/22,0,0,-17000,-17000
2013/11/25,0,0,0,0
2013/11/26,0,0,0,0
2013/11/27,0,0,0,0
2013/11/28,0,53000,0,53000
2013/11/29,0,7000,0,7000
2013/12/02,0,0,0,0
2013/12/03,0,0,0,0
2013/12/04,0,2000,0,2000
2013/12/05,0,0,0,0
2013/12/06,0,0,0,0
2013/12/09,0,9000,0,9000
2013/12/10,0,2000,0,2000
2013/12/11,0,4000,-2000,2000
2013/12/12,0,0,0,0
2013/12/13,0,21000,-2000,19000
2013/12/16,0,0,-4000,-4000
2013/12/17,0,0,-2000,-2000
2013/12/18,0,0,-1000,-1000
2013/12/19,0,0,0,0
2013/12/20,0,0,0,0
2013/12/23,0,0,0,0
2013/12/24,0,0,0,0
2013/12/25,0,0,0,0
2013/12/26,0,0,0,0
2013/12/27,0,0,0,0
2013/12/30,0,18000,0,18000
2013/12/31,0,284000,0,284000
2014/01/02,0,2861000,0,2861000
2014/01/03,0,854000,-7000,847000
2014/01/06,0,0,0,0
2014/01/07,0,518000,0,518000
2014/01/08,0,150000,-600000,-450000
2014/01/09,0,0,-350000,-350000
2014/01/10,0,0,-3000,-3000
2014/01/13,0,0,0,0
2014/01/14,0,148000,-2000,146000
2014/01/15,0,0,-9000,-9000
2014/01/16,0,0,0,0
2014/01/17,0,0,0,0
2014/01/20,0,80000,0,80000
2014/01/21,0,0,-80000,-80000
2014/01/22,0,0,0,0
2014/01/23,0,0,0,0
2014/01/24,0,0,0,0
2014/01/27,0,0,-11000,-11000
2014/02/05,0,0,-82000,-82000
2014/02/06,0,0,0,0
2014/02/07,0,57000,-34000,23000
2014/02/10,0,200000,-500000,-300000
2014/02/11,0,0,0,0
2014/02/12,0,11000,0,11000
2014/02/13,0,0,-480000,-480000
2014/02/14,0,0,-105000,-105000
2014/02/17,0,0,0,0
2014/02/18,0,13000,0,13000
2014/02/19,0,14000,0,14000
2014/02/20,0,0,-18000,-18000
2014/02/21,0,0,0,0
2014/02/24,0,1000000,-2000,998000
2014/02/25,0,0,0,0
2014/02/26,0,0,0,0
2014/02/27,0,0,-2000,-2000
2014/03/03,0,0,-29000,-29000
2014/03/04,0,200000,0,200000
2014/03/05,0,0,0,0
2014/03/06,0,0,-19000,-19000
2014/03/07,0,250000,-7000,243000
2014/03/10,0,1000,0,1000
2014/03/11,0,17000,-1000,16000
2014/03/12,0,200000,-1450000,-1250000
2014/03/13,0,300000,-3000,297000
2014/03/14,0,24000,0,24000
2014/03/17,0,0,0,0
2014/03/18,0,0,-500000,-500000
2014/03/19,0,15000,0,15000
2014/03/20,0,0,-8000,-8000
2014/03/21,0,0,-5000,-5000
2014/03/24,0,13000,0,13000
2014/03/25,0,0,-2000,-2000
2014/03/26,0,16000,-103000,-87000
2014/03/27,0,41000,-16000,25000
2014/03/28,0,0,-148000,-148000
2014/03/31,0,0,-14000,-14000
2014/04/01,0,0,-6000,-6000
2014/04/02,0,0,-800000,-800000
2014/04/03,0,0,-506000,-506000
2014/04/07,0,176000,-611000,-435000
2014/04/08,0,350000,-753000,-403000
2014/04/09,0,580000,-125000,455000
2014/04/10,0,781000,-300000,481000
2014/04/11,0,845000,-172000,673000
2014/04/14,0,3272000,-3000,3269000
2014/04/15,0,50000,-1749000,-1699000
2014/04/16,0,167000,-93000,74000
2014/04/17,0,215000,-28000,187000
2014/04/18,0,129000,-117000,12000
2014/04/21,0,90000,-23000,67000
2014/04/22,0,75000,-22000,53000
2014/04/23,0,267000,-345000,-78000
2014/04/24,0,1133000,-33000,1100000
2014/04/25,0,7000,-699788,-692788
2014/04/28,0,184000,-111000,73000
2014/04/29,0,278000,-201000,77000
2014/04/30,0,53000,-324000,-271000
2014/05/02,0,229000,-122000,107000
2014/05/05,0,158000,-26000,132000
2014/05/06,0,117000,-29000,88000
2014/05/07,0,765000,-19625,745375
2014/05/08,0,31000,-130000,-99000
2014/05/09,0,20000,0,20000
2014/05/12,0,921000,-30000,891000
2014/05/13,0,81000,-771000,-690000
2014/05/14,0,49000,-290000,-241000
2014/05/15,0,216000,-380000,-164000
2014/05/16,0,361000,-245000,116000
2014/05/19,0,340000,-445000,-105000
2014/05/20,0,150000,-205000,-55000
2014/05/21,0,0,-1000,-1000
2014/05/22,0,968000,-5000,963000
2014/05/23,0,755000,-823000,-68000
2014/05/26,0,343000,-97000,246000
2014/05/27,0,65000,-313000,-248000
2014/05/28,0,554000,-50000,504000
2014/05/29,0,2360000,-20000,2340000
2014/05/30,0,331000,-1414000,-1083000
2014/06/03,0,551000,-154000,397000
2014/06/04,0,188000,-757000,-569000
2014/06/05,0,80000,-388000,-308000
2014/06/06,0,10000,-122000,-112000
2014/06/09,0,53000,0,53000
2014/06/10,0,4914000,-393000,4521000
2014/06/11,0,730000,-2134000,-1404000
2014/06/12,0,94000,-136000,-42000
2014/06/13,0,520000,-371000,149000
2014/06/16,0,1460000,-362000,1098000
2014/06/17,0,5000,-641000,-636000
2014/06/18,0,146000,-704000,-558000
2014/06/19,0,66000,-38000,28000
2014/06/20,0,230000,-203000,27000
2014/06/23,0,38000,-504000,-466000
2014/06/24,0,170000,-215000,-45000
2014/06/25,0,5000,-200000,-195000
2014/06/26,0,3339000,-367000,2972000
2014/06/27,0,5190000,-311000,4879000
2014/06/30,0,3098000,-36000,3062000
2014/07/01,0,7639000,-551000,7088000
2014/07/02,0,6887000,-2715000,4172000
2014/07/03,0,4658000,-2232000,2426000
2014/07/04,0,5446000,-2464000,2982000
2014/07/07,0,4976000,-3565000,1411000
2014/07/08,0,2872000,-3440000,-568000
2014/07/09,0,496000,-4064000,-3568000
2014/07/10,0,6084000,-536000,5548000
2014/07/11,0,4741000,-6485000,-1744000
2014/07/14,0,5144000,-1219000,3925000
2014/07/15,0,1120000,-2050000,-930000
2014/07/16,0,6325000,-2817000,3508000
2014/07/17,0,1653000,-3731000,-2078000
2014/07/18,0,8236000,-1570000,6666000
2014/07/21,0,625000,-4472000,-3847000
2014/07/22,0,1947000,-432000,1515000
2014/07/23,0,0,0,0
2014/07/24,0,1379000,-737492,641508
2014/07/25,0,5288000,-2074000,3214000
2014/07/28,0,352000,-7401000,-7049000
2014/07/29,0,917000,-8137000,-7220000
2014/07/30,0,6749000,-173000,6576000
2014/07/31,0,1131000,-5311000,-4180000
2014/08/01,0,1296000,-6397000,-5101000
2014/08/04,0,3569000,-973000,2596000
2014/08/05,0,315000,-1272312,-957312
2014/08/06,0,586000,-5015000,-4429000
2014/08/07,0,4886000,-614000,4272000
2014/08/08,0,1426000,-8027000,-6601000
2014/08/11,0,3686500,0,3686500
2014/08/12,0,4648000,-1744000,2904000
2014/08/13,0,828000,-102000,726000
2014/08/14,0,1016000,-126000,890000
2014/08/15,0,3273000,-723000,2550000
2014/08/18,0,934000,-5064000,-4130000
2014/08/19,0,1801000,-443000,1358000
2014/08/20,0,455000,-1096000,-641000
2014/08/21,0,420000,-2168000,-1748000
2014/08/22,0,3711000,-132000,3579000
2014/08/25,0,629000,-2148000,-1519000
2014/08/26,0,289000,-692000,-403000
2014/08/27,0,1267000,-297000,970000
2014/08/28,0,6914000,-312000,6602000
2014/08/29,0,203000,-2833000,-2630000
2014/09/01,0,433000,-925000,-492000
2014/09/02,0,190000,-5041000,-4851000
2014/09/03,0,773000,-1099000,-326000
2014/09/04,0,624000,-465000,159000
2014/09/05,0,369000,-1069000,-700000
2014/09/09,0,3296000,-349000,2947000
2014/09/10,0,91000,-2199000,-2108000
2014/09/11,0,8718000,-779000,7939000
2014/09/12,0,627000,-3252000,-2625000
2014/09/15,0,140000,-1808000,-1668000
2014/09/16,0,2133000,-2940000,-807000
2014/09/17,0,2916000,-1882000,1034000
2014/09/18,0,1352000,-5688000,-4336000
2014/09/19,0,163000,-4006000,-3843000
2014/09/22,0,1345000,-304000,1041000
2014/09/23,0,773000,-1641847,-868847
2014/09/24,0,485000,-1139000,-654000
2014/09/25,0,553000,-8786000,-8233000
2014/09/26,0,1482000,-829000,653000
2014/09/29,0,1598000,-344000,1254000
2014/09/30,0,529000,-5615000,-5086000
2014/10/01,0,1237000,-306000,931000
2014/10/02,0,1268000,-1887000,-619000
2014/10/03,0,722000,-129000,593000
2014/10/06,0,2449000,-3639000,-1190000
2014/10/07,0,276000,-1868000,-1592000
2014/10/08,0,1543000,-1100000,443000
2014/10/09,0,659000,-1637000,-978000
2014/10/13,0,523000,-3142000,-2619000
2014/10/14,0,538000,-772000,-234000
2014/10/15,0,273000,-1650000,-1377000
2014/10/16,0,699000,-2473000,-1774000
2014/10/17,0,115000,-807000,-692000
2014/10/20,0,478000,-883000,-405000
2014/10/21,0,384000,-1445000,-1061000
2014/10/22,0,2689000,-891000,1798000
2014/10/23,0,283000,-685000,-402000
2014/10/24,0,145000,-1118000,-973000
2014/10/27,0,340000,-923000,-583000
2014/10/28,0,672000,-222000,450000
2014/10/29,0,3247000,-554000,2693000
2014/10/30,0,656000,-994000,-338000
2014/10/31,0,2277000,-634000,1643000
2014/11/03,0,2777000,-1124000,1653000
2014/11/04,0,818000,-905000,-87000
2014/11/05,0,986000,-1041000,-55000
2014/11/06,0,14000,-3417000,-3403000
2014/11/07,0,1942000,-571000,1371000
2014/11/10,0,1165000,-449000,716000
2014/11/11,0,222000,-2021000,-1799000
2014/11/12,0,3010000,-454000,2556000
2014/11/13,0,1397000,-2145000,-748000
2014/11/14,0,250000,-834000,-584000
2014/11/17,0,195000,-782000,-587000
2014/11/18,0,90000,-1920000,-1830000
2014/11/19,0,1678000,-1095000,583000
2014/11/20,0,95000,-656000,-561000
2014/11/21,0,1819000,-361000,1458000
2014/11/24,0,145000,-688000,-543000
2014/11/25,0,13637000,-1151000,12486000
2014/11/26,0,1477000,-9886000,-8409000
2014/11/27,0,776000,-872000,-96000
2014/11/28,0,246000,-1577000,-1331000
2014/12/01,0,202000,-1698000,-1496000
2014/12/02,0,466000,-996000,-530000
2014/12/03,0,5229000,-1693000,3536000
2014/12/04,0,1031000,-2241000,-1210000
2014/12/05,0,647000,-781000,-134000
2014/12/08,0,184000,-2573000,-2389000
2014/12/09,0,789000,-166000,623000
2014/12/10,0,590000,-2739000,-2149000
2014/12/11,0,134000,-571000,-437000
2014/12/12,0,82000,-305000,-223000
2014/12/15,0,169000,-465000,-296000
2014/12/16,0,1692000,-334000,1358000
2014/12/17,0,381000,-1661000,-1280000
2014/12/18,0,649000,-787000,-138000
2014/12/19,0,776000,-1028000,-252000
2014/12/22,0,267000,-620000,-353000
2014/12/23,0,428000,-243000,185000
2014/12/24,0,4108000,-228000,3880000
2014/12/25,0,553000,-1419000,-866000
2014/12/26,0,274000,-829000,-555000
2014/12/29,0,3018000,-767000,2251000
2014/12/30,0,721000,-1770000,-1049000
2014/12/31,0,1096000,-2858000,-1762000
2015/01/01,0,0,0,0
2015/01/02,0,0,0,0
2015/01/05,0,3461000,-979000,2482000
2015/01/06,0,965000,-1545000,-580000
2015/01/07,0,2046000,-1788000,258000
2015/01/08,0,3456000,-2704000,752000
2015/01/09,0,558000,-3188000,-2630000
2015/01/12,0,555000,-741000,-186000
2015/01/13,0,288000,-484000,-196000
2015/01/14,0,3925000,-771000,3154000
2015/01/15,0,2178000,-3880000,-1702000
2015/01/16,0,441000,-3312216,-2871216
2015/01/19,0,399000,-739000,-340000
2015/01/20,0,424000,-331000,93000
2015/01/21,0,736000,-1241000,-505000
2015/01/22,0,681000,-626000,55000
2015/01/23,0,395000,-732000,-337000
2015/01/26,0,4011000,-492000,3519000
2015/01/27,0,334000,-3280000,-2946000
2015/01/28,0,1921000,-515000,1406000
2015/01/29,0,302000,-2001000,-1699000
2015/01/30,0,102000,-697000,-595000
2015/02/02,0,234000,-466000,-232000
2015/02/03,0,189000,-467000,-278000
2015/02/04,0,208000,-406163,-198163
2015/02/05,0,1291000,-408162,882838
2015/02/06,0,62000,-1089000,-1027000
2015/02/09,0,77000,-298000,-221000
2015/02/10,0,130000,-448000,-318000
2015/02/11,0,578000,-717000,-139000
2015/02/12,0,199000,-478000,-279000
2015/02/13,0,111000,-554000,-443000
2015/02/16,0,0,0,0
2015/02/17,0,0,0,0
2015/02/18,0,0,0,0
2015/02/19,0,0,0,0
2015/02/20,0,0,0,0
2015/02/23,0,0,0,0
2015/02/24,0,390000,-42000,348000
2015/02/25,0,1094000,-90108,1003892
2015/02/26,0,157000,-1460000,-1303000
2015/02/27,0,0,0,0
2015/03/02,0,228000,-482000,-254000
2015/03/03,0,1533000,-33000,1500000
2015/03/04,0,1118000,-817000,301000
2015/03/05,0,233000,-1050108,-817108
2015/03/06,0,165000,-312000,-147000
2015/03/09,0,55000,-137000,-82000
2015/03/10,0,114000,-87000,27000
2015/03/11,0,0,-92000,-92000
2015/03/12,0,4161000,-278000,3883000
2015/03/13,0,559000,-2027000,-1468000
2015/03/16,0,304000,-417000,-113000
2015/03/17,0,224000,-314108,-90108
2015/03/18,0,1242000,-238000,1004000
2015/03/19,0,552000,-466000,86000
2015/03/20,0,148000,-1506000,-1358000
2015/03/23,0,2082000,-491000,1591000
2015/03/24,0,1729000,-956000,773000
2015/03/25,0,99000,-2275000,-2176000
2015/03/26,0,175000,-539000,-364000
2015/03/27,0,74000,-1026000,-952000
2015/03/30,0,75000,-271000,-196000
2015/03/31,0,172000,-90000,82000
2015/04/01,0,167000,-199000,-32000
2015/04/02,0,622000,-404000,218000
2015/04/03,0,0,0,0
2015/04/06,0,0,0,0
2015/04/07,0,60000,-608000,-548000
2015/04/08,0,320000,-390000,-70000
2015/04/09,0,184000,-698000,-514000
2015/04/10,0,47000,-45000,2000
2015/04/13,0,10000,-89000,-79000
2015/04/14,0,961000,-70000,891000
2015/04/15,0,33000,-483000,-450000
2015/04/16,0,235000,-379000,-144000
2015/04/17,0,53000,-162000,-109000
2015/04/20,0,217000,-1293000,-1076000
2015/04/21,0,389000,-919000,-530000
2015/04/22,0,203000,-73000,130000
2015/04/23,0,41000,-93000,-52000
2015/04/24,0,119000,-338000,-219000
2015/04/27,0,431000,-113000,318000
2015/04/28,0,26000,-344000,-318000
2015/04/29,0,218000,-87000,131000
2015/04/30,0,52000,-123000,-71000
2015/05/01,0,0,0,0
2015/05/04,0,0,-272000,-272000
2015/05/05,0,97000,-249000,-152000
2015/05/06,0,10000,-189000,-179000
2015/05/07,0,121000,-203000,-82000
2015/05/08,0,127000,-310000,-183000
2015/05/11,0,352000,-186000,166000
2015/05/12,0,221000,-239000,-18000
2015/05/13,0,189000,-958000,-769000
2015/05/14,0,16000,-162000,-146000
2015/05/15,0,35000,-185000,-150000
2015/05/18,0,0,-62000,-62000
2015/05/19,0,745000,-73000,672000
2015/05/20,0,606000,-377000,229000
2015/05/21,0,144000,-724000,-580000
2015/05/22,0,2339000,-234000,2105000
2015/05/25,0,48000,-1226000,-1178000
2015/05/26,0,31000,-312000,-281000
2015/05/27,0,898000,-610000,288000
2015/05/28,0,295000,-575000,-280000
2015/05/29,0,59000,-94000,-35000
2015/06/01,0,5000,-143000,-138000
2015/06/02,0,679000,-512000,167000
2015/06/03,0,172000,-473000,-301000
2015/06/04,0,296000,-269000,27000
2015/06/05,0,551000,-154000,397000
2015/06/08,0,97000,-57000,40000
2015/06/09,0,1151000,-501000,650000
2015/06/10,0,303000,-921000,-618000
2015/06/11,0,171000,-97000,74000
2015/06/12,0,106000,-55000,51000
2015/06/15,0,618000,-59000,559000
2015/06/16,0,147000,-39000,108000
2015/06/17,0,351000,-220000,131000
2015/06/18,0,2064000,-1421000,643000
2015/06/19,0,0,0,0
2015/06/22,0,115000,-895000,-780000
2015/06/23,0,535000,-461000,74000
2015/06/24,0,546000,-204000,342000
2015/06/25,0,204000,-113000,91000
2015/06/26,0,96000,-1656000,-1560000
2015/06/29,0,10000,-568000,-558000
2015/06/30,0,34000,-114000,-80000
2015/07/01,0,84000,-4000,80000
2015/07/02,0,0,-5000,-5000
2015/07/03,0,0,-73000,-73000
2015/07/06,0,55000,-39000,16000
2015/07/07,0,945000,-86000,859000
2015/07/08,0,39000,-1079000,-1040000
2015/07/09,0,35000,-148000,-113000
2015/07/10,0,0,0,0
2015/07/13,0,65000,-61000,4000
2015/07/14,0,64000,-35000,29000
2015/07/15,0,331000,-31000,300000
2015/07/16,0,50000,-230000,-180000
2015/07/17,0,0,-140000,-140000
2015/07/20,0,0,-62000,-62000
2015/07/21,0,2000,-23000,-21000
2015/07/22,0,95000,-26000,69000
2015/07/23,0,17000,-212000,-195000
2015/07/24,0,50000,-37000,13000
2015/07/27,0,333000,-335000,-2000
2015/07/28,0,210000,-181000,29000
2015/07/29,0,80000,-126000,-46000
2015/07/30,0,245000,-24000,221000
2015/07/31,0,25000,-170000,-145000
2015/08/03,0,7000,-205000,-198000
2015/08/04,0,199000,-19000,180000
2015/08/05,0,70000,-103000,-33000
2015/08/06,0,66000,-12000,54000
2015/08/07,0,75000,-38000,37000
2015/08/10,0,111000,-353000,-242000
2015/08/11,0,52000,-333000,-281000
2015/08/12,0,105000,-10000,95000
2015/08/13,0,1372000,-7000,1365000
2015/08/14,0,65000,-655000,-590000
2015/08/17,0,73000,-303000,-230000
2015/08/18,0,188000,-74000,114000
2015/08/19,0,123000,-337000,-214000
2015/08/20,0,79000,-33000,46000
2015/08/21,0,95000,-55000,40000
2015/08/24,0,261000,-355000,-94000
2015/08/25,0,222000,-51000,171000
2015/08/26,0,53000,-116000,-63000
2015/08/27,0,332000,-115000,217000
2015/08/28,0,222000,-123000,99000
2015/08/31,0,260000,-30000,230000
2015/09/01,0,7000,-176000,-169000
2015/09/02,0,155000,-102000,53000
2015/09/03,0,1035000,-151000,884000
2015/09/04,0,316000,-625000,-309000
2015/09/07,0,35000,-214000,-179000
2015/09/08,0,27000,-117000,-90000
2015/09/09,0,238000,-10000,228000
2015/09/10,0,393000,-105000,288000
2015/09/11,0,136000,-196000,-60000
2015/09/14,0,79000,-270000,-191000
2015/09/15,0,1680000,-162000,1518000
2015/09/16,0,283000,-807000,-524000
2015/09/17,0,1635000,-156000,1479000
2015/09/18,0,140000,-1414000,-1274000
2015/09/21,0,21000,-1105000,-1084000
2015/09/22,0,35000,-179000,-144000
2015/09/23,0,95000,-90000,5000
2015/09/24,0,62000,-270000,-208000
2015/09/25,0,24000,-116000,-92000
2015/09/28,0,0,0,0
2015/09/29,0,0,0,0
2015/09/30,0,12000,-68000,-56000
2015/10/01,0,414000,-143000,271000
2015/10/02,0,55000,-283000,-228000
2015/10/05,0,566000,-49000,517000
2015/10/06,0,48000,-440000,-392000
2015/10/07,0,318000,-30000,288000
2015/10/08,0,110000,-289000,-179000
2015/10/09,0,0,0,0
2015/10/12,0,271000,-55000,216000
2015/10/13,0,1258000,-155000,1103000
2015/10/14,0,718000,-400000,318000
2015/10/15,0,330000,-668000,-338000
2015/10/16,0,200000,-134000,66000
2015/10/19,0,167000,-65000,102000
2015/10/20,0,3675000,-527000,3148000
2015/10/21,0,694000,-3898000,-3204000
2015/10/22,0,827000,-352000,475000
2015/10/23,0,99000,-878000,-779000
2015/10/26,0,146000,-56000,90000
2015/10/27,0,187000,-266000,-79000
2015/10/28,0,373000,-460000,-87000
2015/10/29,0,754000,-294000,460000
2015/10/30,0,288000,-703000,-415000
2015/11/02,0,446000,-68000,378000
2015/11/03,0,199000,-554000,-355000
2015/11/04,0,406000,-359000,47000
2015/11/05,0,920000,-172000,748000
2015/11/06,0,277000,-586000,-309000
2015/11/09,0,187000,-621000,-434000
2015/11/10,0,384000,-372000,12000
2015/11/11,0,123000,-72000,51000
2015/11/12,0,171000,-203000,-32000
2015/11/13,0,282000,-337000,-55000
2015/11/16,0,45000,-85000,-40000
2015/11/17,0,758000,-146000,612000
2015/11/18,0,23000,-912000,-889000
2015/11/19,0,659000,-335000,324000
2015/11/20,0,1330000,-1531000,-201000
2015/11/23,0,205000,-602000,-397000
2015/11/24,0,1096000,-89000,1007000
2015/11/25,0,330000,-1410000,-1080000
2015/11/26,0,1636000,-240000,1396000
2015/11/27,0,1140000,-1367000,-227000
2015/11/30,0,3144000,-790000,2354000
2015/12/01,0,415000,-1711000,-1296000
2015/12/02,0,122000,-314000,-192000
2015/12/03,0,1267000,-581000,686000
2015/12/04,0,37000,-1249000,-1212000
2015/12/07,0,190000,-384000,-194000
2015/12/08,0,1963000,-550000,1413000
2015/12/09,0,82000,-1182000,-1100000
2015/12/10,0,183000,-840000,-657000
2015/12/11,0,154000,-437000,-283000
2015/12/14,0,58000,-114000,-56000
2015/12/15,0,1323000,-100000,1223000
2015/12/16,0,463000,-913000,-450000
2015/12/17,0,772000,-235000,537000
2015/12/18,0,37000,-962000,-925000
2015/12/21,0,1221000,-116000,1105000
2015/12/22,0,39000,-668000,-629000
2015/12/23,0,333000,-481000,-148000
2015/12/24,0,435000,-1072000,-637000
2015/12/25,0,40000,-397000,-357000
2015/12/28,0,56000,-73000,-17000
2015/12/29,0,74000,-148000,-74000
2015/12/30,0,170000,-68000,102000
2015/12/31,0,1000,-231000,-230000
2016/01/01,0,0,0,0
2016/01/04,0,0,-95000,-95000
2016/01/05,0,119000,-79000,40000
2016/01/06,0,29000,-536000,-507000
2016/01/07,0,152000,-283000,-131000
2016/01/08,0,194000,-2000,192000
2016/01/11,0,0,-91000,-91000
2016/01/12,0,136000,-279000,-143000
2016/01/13,0,44000,-134000,-90000
2016/01/14,0,357000,-553000,-196000
2016/01/15,0,11000,-479000,-468000
2016/01/18,0,346000,-531000,-185000
2016/01/19,0,12000,-7000,5000
2016/01/20,0,101000,-138000,-37000
2016/01/21,0,14000,-145000,-131000
2016/01/22,0,30000,-38000,-8000
2016/01/25,0,410000,-458000,-48000
2016/01/26,0,7000,-179000,-172000
2016/01/27,0,345000,-91000,254000
2016/01/28,0,24000,-16000,8000
2016/01/29,0,5000,-6000,-1000
2016/02/01,0,171000,-63000,108000
2016/02/02,0,10000,-235000,-225000
2016/02/03,0,3000,-70000,-67000
2016/02/04,0,0,0,0
2016/02/05,0,0,0,0
2016/02/08,0,0,0,0
2016/02/09,0,0,0,0
2016/02/10,0,0,0,0
2016/02/11,0,0,0,0
2016/02/12,0,0,0,0
2016/02/15,0,7000,-13000,-6000
2016/02/16,0,661000,-308000,353000
2016/02/17,0,44000,-70000,-26000
2016/02/18,0,527000,-189000,338000
2016/02/19,0,95000,-312000,-217000
2016/02/22,0,164000,-56000,108000
2016/02/23,0,95000,-82000,13000
2016/02/24,0,280000,-136000,144000
2016/02/25,0,1179000,-39000,1140000
2016/02/26,0,330000,-406000,-76000
2016/02/29,0,0,0,0
2016/03/01,0,367000,-12000,355000
2016/03/02,0,134000,-116000,18000
2016/03/03,0,4000,-279000,-275000
2016/03/04,0,507000,-38000,469000
2016/03/07,0,83000,-193000,-110000
2016/03/08,0,503000,-458000,45000
2016/03/09,0,157000,-635000,-478000
2016/03/10,0,112000,-90000,22000
2016/03/11,0,51000,-147000,-96000
2016/03/14,0,644000,-299000,345000
2016/03/15,0,80000,-654000,-574000
2016/03/16,0,206000,-32000,174000
2016/03/17,0,475000,-219000,256000
2016/03/18,0,259000,-252000,7000
2016/03/21,0,145000,-78000,67000
2016/03/22,0,69000,-229000,-160000
2016/03/23,0,0,-124000,-124000
2016/03/24,0,9000,-265000,-256000
2016/03/25,0,9000,-21000,-12000
2016/03/28,0,13000,-141000,-128000
2016/03/29,0,3000,-123000,-120000
2016/03/30,0,95000,-11000,84000
2016/03/31,0,131000,-40000,91000
2016/04/01,0,20000,-310000,-290000
2016/04/04,0,0,0,0
2016/04/05,0,0,0,0
2016/04/06,0,22000,-924000,-902000
2016/04/07,0,22000,-24000,-2000
2016/04/08,0,183000,-7000,176000
2016/04/11,0,2000,-82000,-80000
2016/04/12,0,15000,-31000,-16000
2016/04/13,0,33000,-20000,13000
2016/04/14,0,29000,-10000,19000
2016/04/15,0,0,-30000,-30000
2016/04/18,0,74000,-61000,13000
2016/04/19,0,0,-84000,-84000
2016/04/20,0,1000,-84000,-83000
2016/04/21,0,16000,-9000,7000
2016/04/22,0,0,-23000,-23000
2016/04/25,0,13000,-125000,-112000
2016/04/26,0,5000,-22000,-17000
2016/04/27,0,34000,-58000,-24000
2016/04/28,0,5000,-97000,-92000
2016/04/29,0,14000,-49000,-35000
2016/05/02,0,0,0,0
2016/05/03,0,70000,-5000,65000
2016/05/04,0,35000,-120000,-85000
2016/05/05,0,23000,-42000,-19000
2016/05/06,0,1000,-33000,-32000
2016/05/09,0,58000,-36000,22000
2016/05/10,0,67000,-88000,-21000
2016/05/11,0,0,-45000,-45000
2016/05/12,0,25000,-27000,-2000
2016/05/13,0,64000,-32000,32000
2016/05/16,0,12000,-45000,-33000
2016/05/17,0,4000,-53000,-49000
2016/05/18,0,8000,-7000,1000
2016/05/19,0,0,-3000,-3000
2016/05/20,0,41000,0,41000
2016/05/23,0,56000,0,56000
2016/05/24,0,0,-25000,-25000
2016/05/25,0,40000,-2000,38000
2016/05/26,0,7000,-20000,-13000
2016/05/27,0,0,-4000,-4000
2016/05/30,0,46000,-2000,44000
2016/05/31,0,140000,-7000,133000
2016/06/01,0,121000,-10000,111000
2016/06/02,0,18000,-70000,-52000
2016/06/03,0,4000,-17000,-13000
2016/06/06,0,35000,-74000,-39000
2016/06/07,0,665000,-24000,641000
2016/06/08,0,5000,-107000,-102000
2016/06/09,0,0,0,0
2016/06/10,0,0,0,0
2016/06/13,0,185000,-84000,101000
2016/06/14,0,493000,-238000,255000
2016/06/15,0,505000,-354000,151000
2016/06/16,0,4114000,-528000,3586000
2016/06/17,0,1264000,-1851000,-587000
2016/06/20,0,1230000,-315000,915000
2016/06/21,0,1142000,-42000,1100000
2016/06/22,0,1559000,-435000,1124000
2016/06/23,0,62000,-650000,-588000
2016/06/24,0,437000,-1078000,-641000
2016/06/27,0,378000,-461000,-83000
2016/06/28,0,265000,-832000,-567000
2016/06/29,0,303000,-540000,-237000
2016/06/30,0,97000,-318000,-221000
2016/07/01,0,468000,-666000,-198000
2016/07/04,0,250000,-105000,145000
2016/07/05,0,866000,-170000,696000
2016/07/06,0,708000,-613000,95000
2016/07/07,0,2899000,-379000,2520000
2016/07/08,0,0,0,0
2016/07/11,0,196000,-816000,-620000
2016/07/12,0,31000,-982000,-951000
2016/07/13,0,875000,-377000,498000
2016/07/14,0,86000,-948000,-862000
2016/07/15,0,213000,-107000,106000
2016/07/18,0,4965000,-159000,4806000
2016/07/19,0,4835000,-1263000,3572000
2016/07/20,0,241000,-6178000,-5937000
2016/07/21,0,1173000,-1637000,-464000
2016/07/22,0,110000,-3142000,-3032000
2016/07/25,0,253000,-297000,-44000
2016/07/26,0,1031000,-210000,821000
2016/07/27,0,8000,-841000,-833000
2016/07/28,0,887000,-893000,-6000
2016/07/29,0,28000,-846000,-818000
2016/08/01,0,712000,-467000,245000
2016/08/02,0,0,-453000,-453000
2016/08/03,0,0,-125000,-125000
2016/08/04,0,270000,-178000,92000
2016/08/05,0,845000,-143000,702000
2016/08/08,0,14000,-526000,-512000
2016/08/09,0,48000,-143000,-95000
2016/08/10,0,587000,-286000,301000
2016/08/11,0,732000,-894000,-162000
2016/08/12,0,40000,-1054000,-1014000
2016/08/15,0,1462000,-74000,1388000
2016/08/16,0,1555000,-849000,706000
2016/08/17,0,231000,-373000,-142000
2016/08/18,0,2671000,-297000,2374000
2016/08/19,0,380000,-1563000,-1183000
2016/08/22,0,85000,-668000,-583000
2016/08/23,0,1212000,-136000,1076000
2016/08/24,0,134000,-478000,-344000
2016/08/25,0,739000,-191000,548000
2016/08/26,0,314000,-778000,-464000
2016/08/29,0,1210000,-712000,498000
2016/08/30,0,242000,-733000,-491000
2016/08/31,0,205000,-187000,18000
2016/09/01,0,42000,-241000,-199000
2016/09/02,0,208000,-144000,64000
2016/09/05,0,501000,-527000,-26000
2016/09/06,0,5908000,-231000,5677000
2016/09/07,0,299000,-3984000,-3685000
2016/09/08,0,2308000,-278000,2030000
2016/09/09,0,295000,-1054000,-759000
2016/09/12,0,683000,-591000,92000
2016/09/13,0,108000,-1011000,-903000
2016/09/14,0,265000,-531000,-266000
2016/09/15,0,0,0,0
2016/09/16,0,0,0,0
2016/09/19,0,619000,-144000,475000
2016/09/20,0,68000,-541000,-473000
2016/09/21,0,175000,-102000,73000
2016/09/22,0,899000,-172000,727000
2016/09/23,0,33000,-772000,-739000
2016/09/26,0,0,-61000,-61000
2016/09/27,0,0,0,0
2016/09/28,0,0,0,0
2016/09/29,0,628000,-646000,-18000
2016/09/30,0,400000,-933000,-533000
2016/10/03,0,13000,-295000,-282000
2016/10/04,0,42000,-176000,-134000
2016/10/05,0,140000,-366000,-226000
2016/10/06,0,246000,-245000,1000
2016/10/07,0,130000,-105000,25000
2016/10/10,0,0,0,0
2016/10/11,0,208000,-1907000,-1699000
2016/10/12,0,865000,-2118000,-1253000
2016/10/13,0,372000,-387000,-15000
2016/10/14,0,78000,-203000,-125000
2016/10/17,0,672000,-33000,639000
2016/10/18,0,310000,-210000,100000
2016/10/19,0,1112000,-77000,1035000
2016/10/20,0,707000,-190000,517000
2016/10/21,0,565000,-227000,338000
2016/10/24,0,754000,-137000,617000
2016/10/25,0,390000,-8000,382000
2016/10/26,0,165000,-193000,-28000
2016/10/27,0,1296000,-104000,1192000
2016/10/28,0,1209000,-471000,738000
2016/10/31,0,233000,-831000,-598000
2016/11/01,0,431000,-111000,320000
2016/11/02,0,127000,-372000,-245000
2016/11/03,0,408000,-137000,271000
2016/11/04,0,7337000,-289000,7048000
2016/11/07,0,1108000,-4845000,-3737000
2016/11/08,0,625000,-1300000,-675000
2016/11/09,0,306000,-804000,-498000
2016/11/10,0,6495000,-272000,6223000
2016/11/11,0,538000,-7019000,-6481000
2016/11/14,0,719000,-928000,-209000
2016/11/15,0,415000,-1610000,-1195000
2016/11/16,0,2559000,-554000,2005000
2016/11/17,0,1090000,-2800000,-1710000
2016/11/18,0,2002000,-1748000,254000
2016/11/21,0,922000,-1402000,-480000
2016/11/22,0,1212000,-932000,280000
2016/11/23,0,413000,-2734000,-2321000
2016/11/24,0,190000,-423000,-233000
2016/11/25,0,1061000,-659000,402000
2016/11/28,0,1952000,-312000,1640000
2016/11/29,0,82000,-1484000,-1402000
2016/11/30,0,3087000,-680000,2407000
2016/12/01,0,492000,-1863000,-1371000
2016/12/02,0,208000,-263000,-55000
2016/12/05,0,897000,-542000,355000
2016/12/06,0,468000,-554000,-86000
2016/12/07,0,633000,-586000,47000
2016/12/08,0,1098000,-163000,935000
2016/12/09,0,139000,-883900,-744900
2016/12/12,0,649000,-600000,49000
2016/12/13,0,808000,-444000,364000
2016/12/14,0,306000,-151000,155000
2016/12/15,0,1820000,-632000,1188000
2016/12/16,0,1701000,-1352000,349000
2016/12/19,0,256000,-829000,-573000
2016/12/20,0,245000,-756000,-511000
2016/12/21,0,312000,-324000,-12000
2016/12/22,0,644000,-1640000,-996000
2016/12/23,0,814000,-1376000,-562000
2016/12/26,0,102000,-847000,-745000
2016/12/27,0,134000,-614000,-480000
2016/12/28,0,608000,-842000,-234000
2016/12/29,0,44000,-320000,-276000
2016/12/30,0,554000,-1021000,-467000
2017/01/02,0,0,0,0
2017/01/03,0,686000,-116000,570000
2017/01/04,0,257000,-510000,-253000
2017/01/05,0,1723000,-236000,1487000
2017/01/06,0,2274000,-327000,1947000
2017/01/09,0,2131000,-480000,1651000
2017/01/10,0,121000,-648000,-527000
2017/01/11,0,1092000,-622000,470000
2017/01/12,0,491000,-1288000,-797000
2017/01/13,0,443000,-310000,133000
2017/01/16,0,1004000,-171000,833000
2017/01/17,0,1208000,-194000,1014000
2017/01/18,0,3559000,-784000,2775000
2017/01/19,0,837000,-1592000,-755000
2017/01/20,0,315000,-756000,-441000
2017/01/23,0,2825000,-941000,1884000
2017/01/24,0,490000,-3223000,-2733000
2017/01/25,0,0,0,0
2017/01/26,0,0,0,0
2017/01/27,0,0,0,0
2017/01/30,0,0,0,0
2017/01/31,0,0,0,0
2017/02/01,0,0,0,0
2017/02/02,0,2245000,-383000,1862000
2017/02/03,0,2207000,-1280000,927000
2017/02/06,0,1188000,-1501000,-313000
2017/02/07,0,159000,-420000,-261000
2017/02/08,0,551000,-626000,-75000
2017/02/09,0,1760000,-538000,1222000
2017/02/10,0,2781000,-1554000,1227000
2017/02/13,0,616000,-1711000,-1095000
2017/02/14,0,2035000,-1309000,726000
2017/02/15,0,651000,-759000,-108000
2017/02/16,0,682000,-887000,-205000
2017/02/17,0,1643000,-505000,1138000
2017/02/20,0,682000,-299000,383000
2017/02/21,0,277000,-197000,80000
2017/02/22,0,2563000,-361000,2202000
2017/02/23,0,288000,-1465000,-1177000
2017/02/24,0,210000,-140000,70000
2017/02/27,0,0,0,0
2017/02/28,0,0,0,0
2017/03/01,0,597000,-586000,11000
2017/03/02,0,100000,-523000,-423000
2017/03/03,0,427000,-140000,287000
2017/03/06,0,372000,-313000,59000
2017/03/07,0,4186000,-658000,3528000
2017/03/08,0,879000,-3410000,-2531000
2017/03/09,0,1633000,-873000,760000
2017/03/10,0,8619000,-2720000,5899000
2017/03/13,0,380000,-4254000,-3874000
2017/03/14,0,1948000,-2202000,-254000
2017/03/15,0,5706000,-922000,4784000
2017/03/16,0,2931000,-3476000,-545000
2017/03/17,0,1359000,-691000,668000
2017/03/20,0,406000,-808000,-402000
2017/03/21,0,598000,-1012000,-414000
2017/03/22,0,336000,-628000,-292000
2017/03/23,0,304000,-390000,-86000
2017/03/24,0,521000,-315000,206000
2017/03/27,0,315000,-2137000,-1822000
2017/03/28,0,1345000,-779000,566000
2017/03/29,0,840000,-1040000,-200000
2017/03/30,0,1598000,-1448000,150000
2017/03/31,0,534000,-5811000,-5277000
2017/04/03,0,0,0,0
2017/04/04,0,0,0,0
2017/04/05,0,909000,-328000,581000
2017/04/06,0,2242000,-592000,1650000
2017/04/07,0,1397000,-600000,797000
2017/04/10,0,10303000,-2391000,7912000
2017/04/11,0,1583000,-2984000,-1401000
2017/04/12,0,2627000,-2960000,-333000
2017/04/13,0,1370000,-1731000,-361000
2017/04/14,0,1687000,-2090000,-403000
2017/04/17,0,1640000,-1938000,-298000
2017/04/18,0,307000,-413000,-106000
2017/04/19,0,1347000,-488000,859000
