Date,Open,Buy,Sell,Total
2007/01/02,0,852000,-328000,524000
2007/01/03,0,1568000,-1535000,33000
2007/01/04,0,2841000,-390960,2450040
2007/01/05,0,727000,-3636000,-2909000
2007/01/08,0,126000,-1622124,-1496124
2007/01/09,0,1614000,-188000,1426000
2007/01/10,0,442000,-7686000,-7244000
2007/01/11,0,113000,-6417000,-6304000
2007/01/12,0,625000,-2051000,-1426000
2007/01/15,0,0,-902500,-902500
2007/01/16,0,919000,-2772000,-1853000
2007/01/17,0,875000,-12458000,-11583000
2007/01/18,0,31000,-2346000,-2315000
2007/01/19,0,69000,-2671000,-2602000
2007/01/22,0,282000,-2811000,-2529000
2007/01/23,0,99000,-7057599,-6958599
2007/01/24,0,4574000,-135000,4439000
2007/01/25,0,429000,-33000,396000
2007/01/26,0,426000,-1097798,-671798
2007/01/29,0,34000,-724525,-690525
2007/01/30,0,1153142,-1120000,33142
2007/01/31,0,197000,-1382000,-1185000
2007/02/01,0,996000,-256000,740000
2007/02/02,0,6926000,-5000,6921000
2007/02/05,0,313000,-153000,160000
2007/02/06,0,334000,-1261000,-927000
2007/02/07,0,8000,-1548500,-1540500
2007/02/08,0,1049000,-716350,332650
2007/02/09,0,2558000,-380000,2178000
2007/02/12,0,124000,-2547000,-2423000
2007/02/13,0,757000,-6594424,-5837424
2007/02/14,0,1732000,-3450000,-1718000
2007/02/15,0,0,0,0
2007/02/16,0,0,0,0
2007/02/19,0,0,0,0
2007/02/20,0,0,0,0
2007/02/21,0,0,0,0
2007/02/22,0,0,0,0
2007/02/23,0,0,0,0
2007/02/26,0,2884000,-2389208,494792
2007/02/27,0,988000,-1326000,-338000
2007/02/28,0,0,0,0
2007/03/01,0,155000,-6847000,-6692000
2007/03/02,0,777000,-5383000,-4606000
2007/03/05,0,1073000,-5256000,-4183000
2007/03/06,0,580000,-4147054,-3567054
2007/03/07,0,1569000,-7435442,-5866442
2007/03/08,0,585000,-4537500,-3952500
2007/03/09,0,3767000,-3237000,530000
2007/03/12,0,334000,-437000,-103000
2007/03/13,0,1086000,-1012000,74000
2007/03/14,0,3000,-2000,1000
2007/03/15,0,11145000,-2980375,8164625
2007/03/16,0,5127000,-1800000,3327000
2007/03/19,0,433000,-1864850,-1431850
2007/03/20,0,2302000,-1638000,664000
2007/03/21,0,192000,-2332202,-2140202
2007/03/22,0,4750000,-1068000,3682000
2007/03/23,0,4811000,-1237000,3574000
2007/03/26,0,724000,-7226000,-6502000
2007/03/27,0,925000,-3806250,-2881250
2007/03/28,0,512000,-1154000,-642000
2007/03/29,0,2414000,-2181000,233000
2007/03/30,0,659113,-1817000,-1157887
2007/04/02,0,1800000,-648000,1152000
2007/04/03,0,106000,-368000,-262000
2007/04/04,0,659000,-103000,556000
2007/04/05,0,0,0,0
2007/04/06,0,0,0,0
2007/04/09,0,768000,-1160000,-392000
2007/04/10,0,791000,-1234000,-443000
2007/04/11,0,1750000,-712500,1037500
2007/04/12,0,1068000,-4583815,-3515815
2007/04/13,0,123000,-1402000,-1279000
2007/04/16,0,1264000,-449350,814650
2007/04/17,0,498343,-161000,337343
2007/04/18,0,1704000,-2689000,-985000
2007/04/19,0,219000,-8770000,-8551000
2007/04/20,0,12000,-8771000,-8759000
2007/04/23,0,1153000,-9579000,-8426000
2007/04/24,0,2282000,-7332000,-5050000
2007/04/25,0,4422000,-4443000,-21000
2007/04/26,0,6768000,-5720770,1047230
2007/04/27,0,682000,-4528000,-3846000
2007/04/30,0,13000,-2012339,-1999339
2007/05/01,0,0,0,0
2007/05/02,0,2820000,-5515000,-2695000
2007/05/03,0,372000,-16000,356000
2007/05/04,0,1259000,-2961000,-1702000
2007/05/07,0,1233000,-110000,1123000
2007/05/08,0,2732000,-2015930,716070
2007/05/09,0,583000,-2130540,-1547540
2007/05/10,0,1231000,-3702000,-2471000
2007/05/11,0,425000,-4194000,-3769000
2007/05/14,0,2083000,-293000,1790000
2007/05/15,0,244000,-638000,-394000
2007/05/16,0,720000,-601000,119000
2007/05/17,0,946000,-2183000,-1237000
2007/05/18,0,366000,-3172299,-2806299
2007/05/21,0,1168000,-3737000,-2569000
2007/05/22,0,1188000,-20694000,-19506000
2007/05/23,0,1570000,-12732150,-11162150
2007/05/24,0,102000,-6221000,-6119000
2007/05/25,0,5790000,-6580000,-790000
2007/05/28,0,197000,-2984000,-2787000
2007/05/29,0,689000,-449000,240000
2007/05/30,0,598000,-5865000,-5267000
2007/05/31,0,1169000,-8139334,-6970334
2007/06/01,0,1911000,-9721000,-7810000
2007/06/04,0,449000,-3805000,-3356000
2007/06/05,0,319000,-2792000,-2473000
2007/06/06,0,1906000,-5966005,-4060005
2007/06/07,0,2776000,-9136000,-6360000
2007/06/08,0,209000,-9052000,-8843000
2007/06/11,0,81000,-5277850,-5196850
2007/06/12,0,1635000,-3813000,-2178000
2007/06/13,0,47000,-6970304,-6923304
2007/06/14,0,1190000,-8162100,-6972100
2007/06/15,0,1052000,-15203000,-14151000
2007/06/18,0,0,0,0
2007/06/19,0,0,0,0
2007/06/20,0,5515000,-11848195,-6333195
2007/06/21,0,4326000,-11332000,-7006000
2007/06/22,0,2449000,-7493000,-5044000
2007/06/25,0,929000,-7889000,-6960000
2007/06/26,0,2453000,-8960000,-6507000
2007/06/27,0,241000,-10826500,-10585500
2007/06/28,0,3130000,-4343000,-1213000
2007/06/29,0,814000,-3115083,-2301083
2007/07/02,0,1001000,-529000,472000
2007/07/03,0,1735000,-581000,1154000
2007/07/04,0,1293000,-3730000,-2437000
2007/07/05,0,1217000,-1394000,-177000
2007/07/06,0,4323000,-1182327,3140673
2007/07/09,0,10668000,-10004000,664000
2007/07/10,0,830000,-1178000,-348000
2007/07/11,0,3345000,-2399985,945015
2007/07/12,0,3024700,-5658000,-2633300
2007/07/13,0,5550000,-7256000,-1706000
2007/07/16,0,911000,-2303000,-1392000
2007/07/17,0,5605000,-1575000,4030000
2007/07/18,0,4147650,-2360650,1787000
2007/07/19,0,3774000,-2056000,1718000
2007/07/20,0,3766000,-22000,3744000
2007/07/23,0,722000,-289000,433000
2007/07/24,0,1445000,-1754000,-309000
2007/07/25,0,318000,-2124700,-1806700
2007/07/26,0,770000,-622000,148000
2007/07/27,0,532000,-7869000,-7337000
2007/07/30,0,1831000,-6000000,-4169000
2007/07/31,0,300000,-3320000,-3020000
2007/08/01,0,92000,-7334000,-7242000
2007/08/02,0,3190000,-1273000,1917000
2007/08/03,0,889000,-4039000,-3150000
2007/08/06,0,301000,-1500000,-1199000
2007/08/07,0,42000,-3678000,-3636000
2007/08/08,0,616000,-97000,519000
2007/08/09,0,640000,-8339000,-7699000
2007/08/10,0,266000,-3820000,-3554000
2007/08/13,0,3824000,0,3824000
2007/08/14,0,3365000,-1083000,2282000
2007/08/15,0,2298000,-7879614,-5581614
2007/08/16,0,3327000,-6902000,-3575000
2007/08/17,0,2935000,-4496000,-1561000
2007/08/20,0,1262000,-277000,985000
2007/08/21,0,2929000,-601000,2328000
2007/08/22,0,3148000,-3193909,-45909
2007/08/23,0,1775000,-257000,1518000
2007/08/24,0,1673000,-701000,972000
2007/08/27,0,944000,-294000,650000
2007/08/28,0,682000,-840000,-158000
2007/08/29,0,2034000,-10327000,-8293000
2007/08/30,0,941000,-1933000,-992000
2007/08/31,0,3134000,-1263000,1871000
2007/09/03,0,586000,-1374000,-788000
2007/09/04,0,0,-719000,-719000
2007/09/05,0,2815000,-3165000,-350000
2007/09/06,0,3808000,-2220000,1588000
2007/09/07,0,149000,-4095000,-3946000
2007/09/10,0,1180000,-2469000,-1289000
2007/09/11,0,1047000,-2764000,-1717000
2007/09/12,0,1342000,-3044000,-1702000
2007/09/13,0,1730000,-2924000,-1194000
2007/09/14,0,4063000,-821000,3242000
2007/09/17,0,190000,-1025000,-835000
2007/09/18,0,0,0,0
2007/09/19,0,6858000,-383000,6475000
2007/09/20,0,3850000,-1653100,2196900
2007/09/21,0,1808000,-154000,1654000
2007/09/24,0,0,0,0
2007/09/25,0,0,0,0
2007/09/26,0,3877000,-2683386,1193614
2007/09/27,0,4781000,-9362000,-4581000
2007/09/28,0,3813000,-6256000,-2443000
2007/10/01,0,6317000,-10601000,-4284000
2007/10/02,0,0,0,0
2007/10/03,0,0,0,0
2007/10/04,0,0,0,0
2007/10/05,0,0,0,0
2007/10/08,0,0,0,0
2007/10/09,0,0,0,0
2007/10/10,0,0,0,0
2007/10/11,0,0,0,0
2007/10/12,0,0,0,0
2007/10/15,0,6797000,-44797248,-38000248
2007/10/16,0,13249000,-2610000,10639000
2007/10/17,0,11587000,-3914000,7673000
2007/10/18,0,8144970,-9529000,-1384030
2007/10/19,0,3552600,-4605600,-1053000
2007/10/22,0,7109000,-9352601,-2243601
2007/10/23,0,3431000,-10946902,-7515902
2007/10/24,0,1291800,-3914200,-2622400
2007/10/25,0,6608007,-4310600,2297407
2007/10/26,0,1283000,-2206800,-923800
2007/10/29,0,1643000,-1853000,-210000
2007/10/30,0,3098000,-743000,2355000
2007/10/31,0,1209000,-1807000,-598000
2007/11/01,0,1016000,-2095000,-1079000
2007/11/02,0,143000,-1212400,-1069400
2007/11/05,0,2638400,-1284465,1353935
2007/11/06,0,47000,-898000,-851000
2007/11/07,0,178000,-489800,-311800
2007/11/08,0,291000,-7205000,-6914000
2007/11/09,0,586000,-565000,21000
2007/11/12,0,288000,-1314000,-1026000
2007/11/13,0,328000,-684000,-356000
2007/11/14,0,780000,-1239600,-459600
2007/11/15,0,44000,-517800,-473800
2007/11/16,0,37000,-2248000,-2211000
2007/11/19,0,19000,-586000,-567000
2007/11/20,0,1678000,-2170000,-492000
2007/11/21,0,73000,-2309000,-2236000
2007/11/22,0,327000,-2986400,-2659400
2007/11/23,0,201000,-592000,-391000
2007/11/26,0,2179000,-1594000,585000
2007/11/27,0,2817000,-1586000,1231000
2007/11/28,0,2772055,-296000,2476055
2007/11/29,0,2286000,-174023,2111977
2007/11/30,0,1769000,-1100000,669000
2007/12/03,0,166000,-876000,-710000
2007/12/04,0,986000,-832181,153819
2007/12/05,0,663000,-2084000,-1421000
2007/12/06,0,1057000,-260200,796800
2007/12/07,0,1324082,-47000,1277082
2007/12/10,0,355000,-89000,266000
2007/12/11,0,342000,-15000,327000
2007/12/12,0,969000,-1528965,-559965
2007/12/13,0,959800,-1071200,-111400
2007/12/14,0,586000,-1068000,-482000
2007/12/17,0,654000,-934000,-280000
2007/12/18,0,848000,-2020000,-1172000
2007/12/19,0,779000,-2769419,-1990419
2007/12/20,0,1558000,-1806000,-248000
2007/12/21,0,1621000,-3194000,-1573000
2007/12/24,0,544000,-1340540,-796540
2007/12/25,0,5238000,-356000,4882000
2007/12/26,0,311000,-3010600,-2699600
2007/12/27,0,958000,-4168000,-3210000
2007/12/28,0,1218000,-558160,659840
2007/12/31,0,1372000,-48000,1324000
2008/01/01,0,0,0,0
2008/01/02,0,177000,-1240000,-1063000
2008/01/03,0,930000,-743000,187000
2008/01/04,0,1806000,-2411000,-605000
2008/01/07,0,1863000,-1202000,661000
2008/01/08,0,795000,-3973800,-3178800
2008/01/09,0,2391000,-1940000,451000
2008/01/10,0,913000,-1437245,-524245
2008/01/11,0,1215000,-917000,298000
2008/01/14,0,3026000,-1222002,1803998
2008/01/15,0,2227000,-490556,1736444
2008/01/16,0,835000,-3434000,-2599000
2008/01/17,0,940001,-757000,183001
2008/01/18,0,974698,-2345758,-1371060
2008/01/21,0,347000,-996000,-649000
2008/01/22,0,568000,-2524000,-1956000
2008/01/23,0,1084000,-4980000,-3896000
2008/01/24,0,1414000,-524049,889951
2008/01/25,0,1308000,-213000,1095000
2008/01/28,0,1475000,-1043000,432000
2008/01/29,0,1352000,-681040,670960
2008/01/30,0,1051910,-1768000,-716090
2008/01/31,0,1973000,-156800,1816200
2008/02/01,0,906000,-517000,389000
2008/02/04,0,0,0,0
2008/02/05,0,0,0,0
2008/02/06,0,0,0,0
2008/02/07,0,0,0,0
2008/02/08,0,0,0,0
2008/02/11,0,0,0,0
2008/02/12,0,1798000,-1337000,461000
2008/02/13,0,2005000,-580000,1425000
2008/02/14,0,1094000,-448600,645400
2008/02/15,0,1176000,-985940,190060
2008/02/18,0,1417000,-1459000,-42000
2008/02/19,0,1382000,-205000,1177000
2008/02/20,0,331000,-1439000,-1108000
2008/02/21,0,1497000,-90213,1406787
2008/02/22,0,622000,-1360000,-738000
2008/02/25,0,2948000,-909000,2039000
2008/02/26,0,1781300,-1127800,653500
2008/02/27,0,3381000,-1557000,1824000
2008/02/28,0,0,0,0
2008/02/29,0,989231,-2536000,-1546769
2008/03/03,0,724000,-1047000,-323000
2008/03/04,0,1814000,-181000,1633000
2008/03/05,0,1334000,-1900000,-566000
2008/03/06,0,3186000,-3046000,140000
2008/03/07,0,1638000,-4517600,-2879600
2008/03/10,0,5729000,-1882000,3847000
2008/03/11,0,2502000,-795800,1706200
2008/03/12,0,2146000,-324641,1821359
2008/03/13,0,1261000,-1883000,-622000
2008/03/14,0,613000,-1691565,-1078565
2008/03/17,0,255000,-2411000,-2156000
2008/03/18,0,183000,-2081000,-1898000
2008/03/19,0,3519000,-900000,2619000
2008/03/20,0,1815000,-519000,1296000
2008/03/21,0,1881000,-627200,1253800
2008/03/24,0,4525000,-1975000,2550000
2008/03/25,0,1967000,-2000,1965000
2008/03/26,0,1951000,-83000,1868000
2008/03/27,0,265634,-1568000,-1302366
2008/03/28,0,2251634,-1597000,654634
2008/03/31,0,4410020,-3505059,904961
2008/04/01,0,1627191,-1213000,414191
2008/04/02,0,2403000,-199000,2204000
2008/04/03,0,1038000,-261000,777000
2008/04/04,0,0,0,0
2008/04/07,0,540000,-3420000,-2880000
2008/04/08,0,992000,-5014800,-4022800
2008/04/09,0,1195000,-536000,659000
2008/04/10,0,972000,-471143,500857
2008/04/11,0,1651000,-328532,1322468
2008/04/14,0,308000,-927000,-619000
2008/04/15,0,1360000,-793828,566172
2008/04/16,0,3869800,-15000,3854800
2008/04/17,0,2847000,-1268000,1579000
2008/04/18,0,337600,-772001,-434401
2008/04/21,0,1390000,-224000,1166000
2008/04/22,0,141000,-311000,-170000
2008/04/23,0,589000,-708000,-119000
2008/04/24,0,1001000,-3871000,-2870000
2008/04/25,0,443000,-2466228,-2023228
2008/04/28,0,3512000,-139000,3373000
2008/04/29,0,217000,-1114000,-897000
2008/04/30,0,614000,-389000,225000
2008/05/01,0,0,0,0
2008/05/02,0,806000,-965000,-159000
2008/05/05,0,404000,-1254000,-850000
2008/05/06,0,805000,-82000,723000
2008/05/07,0,479000,-232000,247000
2008/05/08,0,1532000,-1514000,18000
2008/05/09,0,233000,-694156,-461156
2008/05/12,0,644000,-93573,550427
2008/05/13,0,1237000,-80000,1157000
2008/05/14,0,2336000,-663200,1672800
2008/05/15,0,2651000,-1110000,1541000
2008/05/16,0,2823000,-687000,2136000
2008/05/19,0,1929000,-774000,1155000
2008/05/20,0,986000,-744000,242000
2008/05/21,0,1815000,-1324600,490400
2008/05/22,0,457000,-1765007,-1308007
2008/05/23,0,436000,-1345000,-909000
2008/05/26,0,3468000,-454000,3014000
2008/05/27,0,933000,-1090000,-157000
2008/05/28,0,779000,-2043000,-1264000
2008/05/29,0,1363000,-2357400,-994400
2008/05/30,0,3402916,-3597000,-194084
2008/06/02,0,1091000,-6105000,-5014000
2008/06/03,0,957000,-1211880,-254880
2008/06/04,0,753000,-311000,442000
2008/06/05,0,1302000,-1169600,132400
2008/06/06,0,975000,-852000,123000
2008/06/09,0,217000,-1222000,-1005000
2008/06/10,0,1133000,-2620478,-1487478
2008/06/11,0,581000,-155000,426000
2008/06/12,0,1382000,-1992400,-610400
2008/06/13,0,272000,-773000,-501000
2008/06/16,0,509000,-418000,91000
2008/06/17,0,390000,-771000,-381000
2008/06/18,0,878000,-692000,186000
2008/06/19,0,7000,-1765000,-1758000
2008/06/20,0,767770,-1325629,-557859
2008/06/23,0,1351000,-134000,1217000
2008/06/24,0,437000,-1621000,-1184000
2008/06/25,0,2470000,-541120,1928880
2008/06/26,0,395000,-789000,-394000
2008/06/27,0,2125000,-1023000,1102000
2008/06/30,0,696000,-310000,386000
2008/07/01,0,2134000,-160000,1974000
2008/07/02,0,1171000,-1615000,-444000
2008/07/03,0,950000,-1402000,-452000
2008/07/04,0,248000,-1276000,-1028000
2008/07/07,0,826000,-969000,-143000
2008/07/08,0,39000,-2104000,-2065000
2008/07/09,0,1803000,-390000,1413000
2008/07/10,0,2740000,-641198,2098802
2008/07/11,0,1019000,-1113000,-94000
2008/07/14,0,190000,-498400,-308400
2008/07/15,0,2432000,-1486000,946000
2008/07/16,0,2375000,-436600,1938400
2008/07/17,0,3062000,-1160000,1902000
2008/07/18,0,528000,-4685000,-4157000
2008/07/21,0,1535000,-1638000,-103000
2008/07/22,0,847000,-2528000,-1681000
2008/07/23,0,1139000,-4142000,-3003000
2008/07/24,0,801000,-3041000,-2240000
2008/07/25,0,192000,-1998000,-1806000
2008/07/28,0,0,0,0
2008/07/29,0,202000,-2567000,-2365000
2008/07/30,0,861000,-1805000,-944000
2008/07/31,0,4312000,-4805720,-493720
2008/08/01,0,525000,-6005000,-5480000
2008/08/04,0,629000,-2143660,-1514660
2008/08/05,0,1899000,-2231000,-332000
2008/08/06,0,3707000,-526000,3181000
2008/08/07,0,189000,-1403000,-1214000
2008/08/08,0,436000,-354000,82000
2008/08/11,0,687000,-1483000,-796000
2008/08/12,0,997000,-1264000,-267000
2008/08/13,0,340000,-1813000,-1473000
2008/08/14,0,246000,-936000,-690000
2008/08/15,0,345000,-1813000,-1468000
2008/08/18,0,205000,-1039640,-834640
2008/08/19,0,542000,-5591096,-5049096
2008/08/20,0,483000,-3421000,-2938000
2008/08/21,0,248000,-6562862,-6314862
2008/08/22,0,318000,-2045000,-1727000
2008/08/25,0,961000,-2182480,-1221480
2008/08/26,0,299000,-1159064,-860064
2008/08/27,0,1777000,-3642560,-1865560
2008/08/28,0,1765000,-5126902,-3361902
2008/08/29,0,1394000,-1982238,-588238
2008/09/01,0,347000,-1853560,-1506560
2008/09/02,0,143000,-933000,-790000
2008/09/03,0,629000,-1446000,-817000
2008/09/04,0,146000,-1247880,-1101880
2008/09/05,0,275000,-1267112,-992112
2008/09/08,0,548000,-332000,216000
2008/09/09,0,563000,-583000,-20000
2008/09/10,0,2072000,-1695000,377000
2008/09/11,0,1565000,-2303000,-738000
2008/09/12,0,2628000,-208040,2419960
2008/09/15,0,59000,-1714000,-1655000
2008/09/16,0,284000,-791595,-507595
2008/09/17,0,757000,-879000,-122000
2008/09/18,0,4156800,-3886081,270719
2008/09/19,0,1112000,-1101298,10702
2008/09/22,0,946000,-603000,343000
2008/09/23,0,1217440,-1092070,125370
2008/09/24,0,420322,-1126262,-705940
2008/09/25,0,635000,-469000,166000
2008/09/26,0,2669000,-2263640,405360
2008/09/29,0,0,0,0
2008/09/30,0,976840,-1224000,-247160
2008/10/01,0,860000,-1596020,-736020
2008/10/02,0,485000,-1529000,-1044000
2008/10/03,0,446000,-424240,21760
2008/10/06,0,34560,-2196559,-2161999
2008/10/07,0,963000,-1587320,-624320
2008/10/08,0,119000,-943359,-824359
2008/10/09,0,768000,-2048965,-1280965
2008/10/10,0,0,0,0
2008/10/13,0,66000,-323000,-257000
2008/10/14,0,843000,-258880,584120
2008/10/15,0,1085000,-590000,495000
2008/10/16,0,0,-106000,-106000
2008/10/17,0,1694000,-956000,738000
2008/10/20,0,186414,-824000,-637586
2008/10/21,0,672000,-1934000,-1262000
2008/10/22,0,901000,-1743908,-842908
2008/10/23,0,48000,-708000,-660000
2008/10/24,0,1925000,-141005,1783995
2008/10/27,0,43000,-1258200,-1215200
2008/10/28,0,671000,-2060069,-1389069
2008/10/29,0,677000,-943000,-266000
2008/10/30,0,1748000,-252000,1496000
2008/10/31,0,1579000,-1227440,351560
2008/11/03,0,656000,-647000,9000
2008/11/04,0,7285000,-263000,7022000
2008/11/05,0,641000,-1070000,-429000
2008/11/06,0,67000,-1280000,-1213000
2008/11/07,0,242000,-1695000,-1453000
2008/11/10,0,592000,-163000,429000
2008/11/11,0,328000,-375464,-47464
2008/11/12,0,342000,-760000,-418000
2008/11/13,0,207000,-584000,-377000
2008/11/14,0,112000,-624000,-512000
2008/11/17,0,834000,-55000,779000
2008/11/18,0,571000,-353000,218000
2008/11/19,0,410000,-936000,-526000
2008/11/20,0,143000,-353000,-210000
2008/11/21,0,463000,-1007210,-544210
2008/11/24,0,102000,-607000,-505000
2008/11/25,0,984000,-199570,784430
2008/11/26,0,646000,-444668,201332
2008/11/27,0,6000,-15000,-9000
2008/11/28,0,1305000,-362552,942448
2008/12/01,0,2070000,-126000,1944000
2008/12/02,0,38000,-1425978,-1387978
2008/12/03,0,1438000,-1243000,195000
2008/12/04,0,102000,-998000,-896000
2008/12/05,0,1561000,-654424,906576
2008/12/08,0,3493000,-114920,3378080
2008/12/09,0,1951000,-476896,1474104
2008/12/10,0,1953000,-56000,1897000
2008/12/11,0,3935000,-1008015,2926985
2008/12/12,0,729000,-2502000,-1773000
2008/12/15,0,2156000,-148000,2008000
2008/12/16,0,1671000,-163000,1508000
2008/12/17,0,3925000,-385000,3540000
2008/12/18,0,1750000,-277000,1473000
2008/12/19,0,1544000,-497000,1047000
2008/12/22,0,821000,-1145700,-324700
2008/12/23,0,282000,-2064219,-1782219
2008/12/24,0,189476,-1277000,-1087524
2008/12/25,0,94000,-574000,-480000
2008/12/26,0,487000,-202000,285000
2008/12/29,0,1098000,-236000,862000
2008/12/30,0,1446000,-64000,1382000
2008/12/31,0,252000,-590422,-338422
2009/01/01,0,0,0,0
2009/01/02,0,0,0,0
2009/01/05,0,1076000,-294000,782000
2009/01/06,0,1399543,-448000,951543
2009/01/07,0,2725631,-452000,2273631
2009/01/08,0,11000,-2947020,-2936020
2009/01/09,0,119000,-998000,-879000
2009/01/12,0,527258,-1463000,-935742
2009/01/13,0,1238000,-336200,901800
2009/01/14,0,191000,-1049000,-858000
2009/01/15,0,80000,-2472000,-2392000
2009/01/16,0,557000,-1605544,-1048544
2009/01/19,0,917000,-206830,710170
2009/01/20,0,625000,-2163000,-1538000
2009/01/21,0,2993500,-927000,2066500
2009/01/22,0,0,0,0
2009/01/23,0,0,0,0
2009/01/26,0,0,0,0
2009/01/27,0,0,0,0
2009/01/28,0,0,0,0
2009/01/29,0,0,0,0
2009/01/30,0,0,0,0
2009/02/02,0,336000,-1046895,-710895
2009/02/03,0,851000,-295170,555830
2009/02/04,0,722000,-437000,285000
2009/02/05,0,461000,-537000,-76000
2009/02/06,0,2290000,-153000,2137000
2009/02/09,0,53000,-133000,-80000
2009/02/10,0,638000,-1248415,-610415
2009/02/11,0,386000,-914000,-528000
2009/02/12,0,227000,-2043000,-1816000
2009/02/13,0,724000,-220000,504000
2009/02/16,0,148000,-460000,-312000
2009/02/17,0,802000,-707191,94809
2009/02/18,0,1428000,-762000,666000
2009/02/19,0,972000,-2313000,-1341000
2009/02/20,0,239000,-1727000,-1488000
2009/02/23,0,669000,-73000,596000
2009/02/24,0,438000,-712050,-274050
2009/02/25,0,937000,-355860,581140
2009/02/26,0,1350260,-221190,1129070
2009/02/27,0,298000,-159115,138885
2009/03/02,0,540000,-1845737,-1305737
2009/03/03,0,79000,-1651000,-1572000
2009/03/04,0,176000,-465060,-289060
2009/03/05,0,217000,-27000,190000
2009/03/06,0,1887000,-184000,1703000
2009/03/09,0,689000,-1177000,-488000
2009/03/10,0,1463000,-729800,733200
2009/03/11,0,299670,-97000,202670
2009/03/12,0,2178000,-447480,1730520
2009/03/13,0,2522760,-12000,2510760
2009/03/16,0,831000,-730000,101000
2009/03/17,0,1743000,-397000,1346000
2009/03/18,0,4430000,-4686000,-256000
2009/03/19,0,622000,-5535000,-4913000
2009/03/20,0,450352,-1906640,-1456288
2009/03/23,0,3059000,-2080120,978880
2009/03/24,0,435000,-3607000,-3172000
2009/03/25,0,2435000,-674280,1760720
2009/03/26,0,546000,-6893200,-6347200
2009/03/27,0,302000,-1131000,-829000
2009/03/30,0,2194000,-514000,1680000
2009/03/31,0,1750820,-3239139,-1488319
2009/04/01,0,336000,-530000,-194000
2009/04/02,0,1888000,-161804,1726196
2009/04/03,0,848000,-955000,-107000
2009/04/06,0,8556000,-327000,8229000
2009/04/07,0,3633000,-1203000,2430000
2009/04/08,0,1640000,-7181000,-5541000
2009/04/09,0,3829000,-1626000,2203000
2009/04/10,0,1461000,-384000,1077000
2009/04/13,0,1424000,-324000,1100000
2009/04/14,0,2769000,-1025000,1744000
2009/04/15,0,1283000,-1310000,-27000
2009/04/16,0,2476000,-697000,1779000
2009/04/17,0,3111608,-1594000,1517608
2009/04/20,0,2481000,-4861000,-2380000
2009/04/21,0,3948000,-3391000,557000
2009/04/22,0,2418000,-1899000,519000
2009/04/23,0,1033000,-2304912,-1271912
2009/04/24,0,932968,-1606968,-674000
2009/04/27,0,1299892,-2037000,-737108
2009/04/28,0,1070000,-1915600,-845600
2009/04/29,0,2868000,-644400,2223600
2009/04/30,0,2785000,-136000,2649000
2009/05/01,0,0,0,0
2009/05/04,0,2190357,-82000,2108357
2009/05/05,0,5190000,-1918000,3272000
2009/05/06,0,5858000,-1201000,4657000
2009/05/07,0,3115000,-3089000,26000
2009/05/08,0,7307000,-838000,6469000
2009/05/11,0,2439000,-936000,1503000
2009/05/12,0,1918550,-2048000,-129450
2009/05/13,0,2660000,-1505000,1155000
2009/05/14,0,5489373,-5478373,11000
2009/05/15,0,1324000,-1948000,-624000
2009/05/18,0,654000,-1563000,-909000
2009/05/19,0,2021000,-528000,1493000
2009/05/20,0,5389000,-222000,5167000
2009/05/21,0,640000,-1971000,-1331000
2009/05/22,0,1254000,-1390000,-136000
2009/05/25,0,724000,-1769000,-1045000
2009/05/26,0,1635000,-1540000,95000
2009/05/27,0,4439438,-1101000,3338438
2009/05/28,0,0,0,0
2009/05/29,0,0,0,0
2009/06/01,0,2670000,-1024000,1646000
2009/06/02,0,1660000,-734000,926000
2009/06/03,0,2938000,-436000,2502000
2009/06/04,0,2221000,-1425000,796000
2009/06/05,0,3242000,-1057894,2184106
2009/06/08,0,1468000,-2743000,-1275000
2009/06/09,0,1763000,-2692000,-929000
2009/06/10,0,532350,-559833,-27483
2009/06/11,0,1476000,-395000,1081000
2009/06/12,0,1447000,-1406000,41000
2009/06/15,0,1794000,-996000,798000
2009/06/16,0,364000,-1025410,-661410
2009/06/17,0,639000,-941240,-302240
2009/06/18,0,1042000,-1646000,-604000
2009/06/19,0,823002,-1448480,-625478
2009/06/22,0,371000,-949000,-578000
2009/06/23,0,1724000,-2008000,-284000
2009/06/24,0,2352000,-1475000,877000
2009/06/25,0,661000,-805000,-144000
2009/06/26,0,636000,-391000,245000
2009/06/29,0,1360000,-2217000,-857000
2009/06/30,0,2079000,-759926,1319074
2009/07/01,0,1373000,-514000,859000
2009/07/02,0,550000,-576000,-26000
2009/07/03,0,1078000,-445064,632936
2009/07/06,0,202000,-1256000,-1054000
2009/07/07,0,801000,-105480,695520
2009/07/08,0,279000,-2793000,-2514000
2009/07/09,0,236000,-435000,-199000
2009/07/10,0,942000,-264000,678000
2009/07/13,0,367000,-1465000,-1098000
2009/07/14,0,2243000,-880064,1362936
2009/07/15,0,1621000,-1595000,26000
2009/07/16,0,516500,-812000,-295500
2009/07/17,0,1029525,-76980,952545
2009/07/20,0,479000,-296000,183000
2009/07/21,0,2074000,-988890,1085110
2009/07/22,0,2394000,-6658920,-4264920
2009/07/23,0,853000,-744930,108070
2009/07/24,0,600000,-427136,172864
2009/07/27,0,1032000,-210000,822000
2009/07/28,0,749000,-700000,49000
2009/07/29,0,1847254,-180000,1667254
2009/07/30,0,1304000,-1714968,-410968
2009/07/31,0,659000,-1042000,-383000
2009/08/03,0,903000,-609000,294000
2009/08/04,0,261000,-1153000,-892000
2009/08/05,0,215000,-1323000,-1108000
2009/08/06,0,160000,-558000,-398000
2009/08/07,0,0,0,0
2009/08/10,0,747172,-1069000,-321828
2009/08/11,0,700000,-244000,456000
2009/08/12,0,55000,-790000,-735000
2009/08/13,0,1388000,-312952,1075048
2009/08/14,0,310000,-515000,-205000
2009/08/17,0,614000,-1006000,-392000
2009/08/18,0,426000,-1700000,-1274000
2009/08/19,0,299000,-4792360,-4493360
2009/08/20,0,1059000,-576000,483000
2009/08/21,0,511000,-1776830,-1265830
2009/08/24,0,1469000,-256172,1212828
2009/08/25,0,50000,-719060,-669060
2009/08/26,0,549000,-1211000,-662000
2009/08/27,0,592000,-2541000,-1949000
2009/08/28,0,2711000,-266000,2445000
2009/08/31,0,121000,-1323928,-1202928
2009/09/01,0,6813000,-772684,6040316
2009/09/02,0,177000,-633000,-456000
2009/09/03,0,2043000,-1726000,317000
2009/09/04,0,5056000,-9694503,-4638503
2009/09/07,0,1662000,-2352000,-690000
2009/09/08,0,3364000,-242000,3122000
2009/09/09,0,539000,-2136000,-1597000
2009/09/10,0,4166000,-2243202,1922798
2009/09/11,0,1452000,-93000,1359000
2009/09/14,0,156000,-1053000,-897000
2009/09/15,0,2804000,-573000,2231000
2009/09/16,0,3195000,-2671000,524000
2009/09/17,0,904000,-443150,460850
2009/09/18,0,1518000,-534000,984000
2009/09/21,0,768000,-877000,-109000
2009/09/22,0,619000,-46955,572045
2009/09/23,0,393000,-1228000,-835000
2009/09/24,0,939000,-956000,-17000
2009/09/25,0,1602000,-876400,725600
2009/09/28,0,220000,-265000,-45000
2009/09/29,0,1984000,-1432000,552000
2009/09/30,0,1309000,-184000,1125000
2009/10/01,0,7814000,-1238000,6576000
2009/10/02,0,2333000,-4282875,-1949875
2009/10/05,0,551020,-1465020,-914000
2009/10/06,0,2312000,-646000,1666000
2009/10/07,0,1100000,-292350,807650
2009/10/08,0,1552000,-613000,939000
2009/10/09,0,4267000,-183000,4084000
2009/10/12,0,447000,-560000,-113000
2009/10/13,0,1782880,-932603,850277
2009/10/14,0,1869000,-535000,1334000
2009/10/15,0,4347000,-1622000,2725000
2009/10/16,0,1880000,-421000,1459000
2009/10/19,0,1850000,-39294,1810706
2009/10/20,0,1172000,-779000,393000
2009/10/21,0,5002000,-1452300,3549700
2009/10/22,0,382000,-3807000,-3425000
2009/10/23,0,1614560,-467000,1147560
2009/10/26,0,1123000,-400000,723000
2009/10/27,0,390000,-505000,-115000
2009/10/28,0,795000,-1645000,-850000
2009/10/29,0,636000,-1985000,-1349000
2009/10/30,0,276000,-2631534,-2355534
2009/11/02,0,243000,-1388000,-1145000
2009/11/03,0,243000,-1498000,-1255000
2009/11/04,0,808000,-210000,598000
2009/11/05,0,1173000,-748000,425000
2009/11/06,0,778000,-878000,-100000
2009/11/09,0,1049000,-484440,564560
2009/11/10,0,1134000,-162177,971823
2009/11/11,0,2039000,-462000,1577000
2009/11/12,0,2052000,-467800,1584200
2009/11/13,0,1887000,-447394,1439606
2009/11/16,0,4061000,-712000,3349000
2009/11/17,0,1718000,-618000,1100000
2009/11/18,0,1944000,-1418000,526000
2009/11/19,0,562000,-1946000,-1384000
2009/11/20,0,804000,-2090000,-1286000
2009/11/23,0,5571579,-1912000,3659579
2009/11/24,0,2337000,-1981000,356000
2009/11/25,0,1563000,-514000,1049000
2009/11/26,0,2774000,-131000,2643000
2009/11/27,0,636000,-4131614,-3495614
2009/11/30,0,2448231,-1591529,856702
2009/12/01,0,3468000,-508000,2960000
2009/12/02,0,3170000,-2771000,399000
2009/12/03,0,916000,-1661958,-745958
2009/12/04,0,1564000,-337000,1227000
2009/12/07,0,792000,-1133000,-341000
2009/12/08,0,1259000,-634000,625000
2009/12/09,0,1202000,-7071655,-5869655
2009/12/10,0,3188000,-1935780,1252220
2009/12/11,0,2549000,-403000,2146000
2009/12/14,0,5573000,-222000,5351000
2009/12/15,0,487000,-719000,-232000
2009/12/16,0,278000,-387000,-109000
2009/12/17,0,2316410,-1431059,885351
2009/12/18,0,429000,-900585,-471585
2009/12/21,0,1464000,-1938000,-474000
2009/12/22,0,588000,-764000,-176000
2009/12/23,0,3559000,-401739,3157261
2009/12/24,0,3035000,-210000,2825000
2009/12/25,0,924000,0,924000
2009/12/28,0,1513000,-274000,1239000
2009/12/29,0,996000,-135060,860940
2009/12/30,0,1726000,-1413960,312040
2009/12/31,0,1326000,-133000,1193000
2010/01/01,0,0,0,0
2010/01/04,0,3823000,-232000,3591000
2010/01/05,0,2196000,-1592000,604000
2010/01/06,0,876000,-352579,523421
2010/01/07,0,3487000,-88330,3398670
2010/01/08,0,2194160,-358000,1836160
2010/01/11,0,2380000,-546000,1834000
2010/01/12,0,658000,-829000,-171000
2010/01/13,0,159000,-251000,-92000
2010/01/14,0,538000,-252130,285870
2010/01/15,0,1158000,-556000,602000
2010/01/18,0,2615252,-798247,1817005
2010/01/19,0,1013000,-3719800,-2706800
2010/01/20,0,1409000,-1251000,158000
2010/01/21,0,251000,-1675000,-1424000
2010/01/22,0,635000,-2419000,-1784000
2010/01/25,0,33200,-1555000,-1521800
2010/01/26,0,47000,-2653000,-2606000
2010/01/27,0,368000,-473140,-105140
2010/01/28,0,428000,-1017000,-589000
2010/01/29,0,1197000,-1648330,-451330
2010/02/01,0,1345000,-1526650,-181650
2010/02/02,0,529000,-2349310,-1820310
2010/02/03,0,252000,-391000,-139000
2010/02/04,0,365000,-722570,-357570
2010/02/05,0,489000,-1060140,-571140
2010/02/08,0,989537,-2359000,-1369463
2010/02/09,0,234000,-1008910,-774910
2010/02/10,0,190000,-2637000,-2447000
2010/02/11,0,0,0,0
2010/02/12,0,0,0,0
2010/02/15,0,0,0,0
2010/02/16,0,0,0,0
2010/02/17,0,0,0,0
2010/02/18,0,0,0,0
2010/02/19,0,0,0,0
2010/02/22,0,778000,-362000,416000
2010/02/23,0,1279000,-570000,709000
2010/02/24,0,948000,-1393832,-445832
2010/02/25,0,1412000,-1853000,-441000
2010/02/26,0,1009000,-445379,563621
2010/03/01,0,1822000,-536000,1286000
2010/03/02,0,238000,-244000,-6000
2010/03/03,0,650000,-346000,304000
2010/03/04,0,540150,-2488000,-1947850
2010/03/05,0,1128000,-453000,675000
2010/03/08,0,59000,-855031,-796031
2010/03/09,0,1789950,-1677000,112950
2010/03/10,0,1404000,-532379,871621
2010/03/11,0,579000,-271000,308000
2010/03/12,0,1270000,-100000,1170000
2010/03/15,0,546000,-643000,-97000
2010/03/16,0,173000,-41000,132000
2010/03/17,0,5042000,-4000,5038000
2010/03/18,0,3832000,-8000,3824000
2010/03/19,0,3402000,-141000,3261000
2010/03/22,0,2630000,-907720,1722280
2010/03/23,0,951000,-169000,782000
2010/03/24,0,8215000,-4266000,3949000
2010/03/25,0,1555000,-1417000,138000
2010/03/26,0,1414000,-687775,726225
2010/03/29,0,2398000,-12600,2385400
2010/03/30,0,959775,-244000,715775
2010/03/31,0,581000,-124284,456716
2010/04/01,0,2998000,-889650,2108350
2010/04/02,0,235000,-250000,-15000
2010/04/05,0,0,0,0
2010/04/06,0,1273000,-145000,1128000
2010/04/07,0,1555570,-626185,929385
2010/04/08,0,1573000,-2877000,-1304000
2010/04/09,0,763000,-380980,382020
2010/04/12,0,371810,-161000,210810
2010/04/13,0,232000,-404000,-172000
2010/04/14,0,545000,-140020,404980
2010/04/15,0,6464000,-3952000,2512000
2010/04/16,0,501200,-1344000,-842800
2010/04/19,0,477000,-1874000,-1397000
2010/04/20,0,227000,-788000,-561000
2010/04/21,0,825000,-497000,328000
2010/04/22,0,364000,-1535870,-1171870
2010/04/23,0,251000,-713000,-462000
2010/04/26,0,2404000,0,2404000
2010/04/27,0,1527408,-972408,555000
2010/04/28,0,511000,-1387510,-876510
2010/04/29,0,0,-674000,-674000
2010/04/30,0,4674000,-1532000,3142000
2010/05/03,0,353000,-1725000,-1372000
2010/05/04,0,803000,-1475000,-672000
2010/05/05,0,859000,-3206810,-2347810
2010/05/06,0,693000,-1909000,-1216000
2010/05/07,0,1601160,-2736540,-1135380
2010/05/10,0,514630,-956050,-441420
2010/05/11,0,112000,-2250000,-2138000
2010/05/12,0,554000,-397000,157000
2010/05/13,0,1147000,-347000,800000
2010/05/14,0,1319000,-136000,1183000
2010/05/17,0,378000,-967000,-589000
2010/05/18,0,756000,-302000,454000
2010/05/19,0,600000,-1311000,-711000
2010/05/20,0,848000,-1353000,-505000
2010/05/21,0,1758000,-1176160,581840
2010/05/24,0,238000,-1148000,-910000
2010/05/25,0,497000,-764000,-267000
2010/05/26,0,2303000,-1746000,557000
2010/05/27,0,966000,-1070160,-104160
2010/05/28,0,1859000,-1708000,151000
2010/05/31,0,936000,-349000,587000
2010/06/01,0,1283000,-1202000,81000
2010/06/02,0,855000,-960000,-105000
2010/06/03,0,1577000,-1261000,316000
2010/06/04,0,1952000,-1512000,440000
2010/06/07,0,1199000,-1700240,-501240
2010/06/08,0,365000,-1057000,-692000
2010/06/09,0,597000,-2772350,-2175350
2010/06/10,0,1585000,-803000,782000
2010/06/11,0,683802,-1999000,-1315198
2010/06/14,0,1140802,-1753000,-612198
2010/06/15,0,2723605,-997358,1726247
2010/06/16,0,0,0,0
2010/06/17,0,1997528,-255000,1742528
2010/06/18,0,986203,-267000,719203
2010/06/21,0,3247727,-112565,3135162
2010/06/22,0,1140794,-132000,1008794
2010/06/23,0,531854,-92977,438877
2010/06/24,0,436508,-1531120,-1094612
2010/06/25,0,412519,-676000,-263481
2010/06/28,0,313000,-436000,-123000
2010/06/29,0,1322000,-1532000,-210000
2010/06/30,0,493000,-2559000,-2066000
2010/07/01,0,950000,-2156360,-1206360
2010/07/02,0,184000,-445490,-261490
2010/07/05,0,607934,-581000,26934
2010/07/06,0,2450000,-1405000,1045000
2010/07/07,0,1282876,-1232000,50876
2010/07/08,0,1428000,-773000,655000
2010/07/09,0,1541000,-134997,1406003
2010/07/12,0,1138000,-880232,257768
2010/07/13,0,1365000,-404000,961000
2010/07/14,0,1605226,-129000,1476226
2010/07/15,0,1545000,-259000,1286000
2010/07/16,0,423000,-386746,36254
2010/07/19,0,916000,-182200,733800
2010/07/20,0,1151000,-523000,628000
2010/07/21,0,1287000,-326000,961000
2010/07/22,0,1242000,-558000,684000
2010/07/23,0,1753000,-455000,1298000
2010/07/26,0,825660,-715000,110660
2010/07/27,0,908101,-813000,95101
2010/07/28,0,2079000,-153000,1926000
2010/07/29,0,1983000,-1024421,958579
2010/07/30,0,277000,-1252263,-975263
2010/08/02,0,2337000,-271000,2066000
2010/08/03,0,1698000,-323000,1375000
2010/08/04,0,1629000,-568000,1061000
2010/08/05,0,459000,-1212000,-753000
2010/08/06,0,2207000,-53975,2153025
2010/08/09,0,1563000,-41000,1522000
2010/08/10,0,527000,-650000,-123000
2010/08/11,0,645000,-304087,340913
2010/08/12,0,156000,-1022000,-866000
2010/08/13,0,450601,-2046000,-1595399
2010/08/16,0,90000,-489000,-399000
2010/08/17,0,374000,-791000,-417000
2010/08/18,0,375000,-599000,-224000
2010/08/19,0,528000,-678000,-150000
2010/08/20,0,828000,-1427000,-599000
2010/08/23,0,1390000,-1176000,214000
2010/08/24,0,599000,-910000,-311000
2010/08/25,0,587000,-3747000,-3160000
2010/08/26,0,164000,-2127000,-1963000
2010/08/27,0,507000,-1459840,-952840
2010/08/30,0,883665,-458000,425665
2010/08/31,0,1852000,-1727842,124158
2010/09/01,0,291000,-823000,-532000
2010/09/02,0,431000,-1449147,-1018147
2010/09/03,0,1333000,-3078000,-1745000
2010/09/06,0,891000,-479180,411820
2010/09/07,0,632727,-327030,305697
2010/09/08,0,996330,-567706,428624
2010/09/09,0,2443000,-4699000,-2256000
2010/09/10,0,2673820,-1285000,1388820
2010/09/13,0,9249000,-62266,9186734
2010/09/14,0,1688594,-250000,1438594
2010/09/15,0,4677348,-280000,4397348
2010/09/16,0,4829000,-109000,4720000
2010/09/17,0,1765000,-3145000,-1380000
2010/09/20,0,1471000,-245000,1226000
2010/09/21,0,1168000,-164000,1004000
2010/09/22,0,0,0,0
2010/09/23,0,1167000,-142267,1024733
2010/09/24,0,1409840,-341000,1068840
2010/09/27,0,6408000,-1904000,4504000
2010/09/28,0,1605510,-4321000,-2715490
2010/09/29,0,2811000,-3288000,-477000
2010/09/30,0,1851000,-644000,1207000
2010/10/01,0,1466580,-473000,993580
2010/10/04,0,1120530,-139120,981410
2010/10/05,0,1262420,-1245480,16940
2010/10/06,0,1135835,-48000,1087835
2010/10/07,0,1032610,-1913000,-880390
2010/10/08,0,1572780,-1031000,541780
2010/10/11,0,1721500,-426000,1295500
2010/10/12,0,405460,-1304005,-898545
2010/10/13,0,1034550,-477000,557550
2010/10/14,0,1150550,-719000,431550
2010/10/15,0,415230,-312000,103230
2010/10/18,0,823000,-1226000,-403000
2010/10/19,0,570000,-2393000,-1823000
2010/10/20,0,2351000,-1461000,890000
2010/10/21,0,585000,-3853000,-3268000
2010/10/22,0,151000,-918000,-767000
2010/10/25,0,2727000,-378000,2349000
2010/10/26,0,1715000,-208415,1506585
2010/10/27,0,259930,-792000,-532070
2010/10/28,0,2958652,-1182000,1776652
2010/10/29,0,2656000,-252000,2404000
2010/11/01,0,1531000,-329000,1202000
2010/11/02,0,3217000,-109000,3108000
2010/11/03,0,1498000,-489000,1009000
2010/11/04,0,869000,-138000,731000
2010/11/05,0,742000,-1845637,-1103637
2010/11/08,0,1212000,-1320000,-108000
2010/11/09,0,1608000,-773030,834970
2010/11/10,0,1844000,-2316360,-472360
2010/11/11,0,802000,-1840541,-1038541
2010/11/12,0,434000,-890150,-456150
2010/11/15,0,210440,-635000,-424560
2010/11/16,0,649000,-738000,-89000
2010/11/17,0,537000,-1341000,-804000
2010/11/18,0,709000,-446440,262560
2010/11/19,0,375430,-997000,-621570
2010/11/22,0,210310,-332000,-121690
2010/11/23,0,96520,-669000,-572480
2010/11/24,0,410000,-1157000,-747000
2010/11/25,0,225000,-509000,-284000
2010/11/26,0,393000,-258000,135000
2010/11/29,0,988000,-928922,59078
2010/11/30,0,1614045,-2395247,-781202
2010/12/01,0,1571000,-623000,948000
2010/12/02,0,601000,-583958,17042
2010/12/03,0,277000,-306000,-29000
2010/12/06,0,3400000,-643186,2756814
2010/12/07,0,346420,-438000,-91580
2010/12/08,0,4527000,-5110000,-583000
2010/12/09,0,1839000,-1345000,494000
2010/12/10,0,774000,-506000,268000
2010/12/13,0,741000,-4435000,-3694000
2010/12/14,0,500000,-1984000,-1484000
2010/12/15,0,816000,-944000,-128000
2010/12/16,0,3316000,-804000,2512000
2010/12/17,0,1618000,-652000,966000
2010/12/20,0,618150,-2038000,-1419850
2010/12/21,0,798000,-777622,20378
2010/12/22,0,623000,-992810,-369810
2010/12/23,0,373000,-469605,-96605
2010/12/24,0,953000,-82000,871000
2010/12/27,0,456000,-66000,390000
2010/12/28,0,1605000,-304000,1301000
2010/12/29,0,787090,-377000,410090
2010/12/30,0,1673840,-941000,732840
2010/12/31,0,945000,-2742490,-1797490
2011/01/03,0,685000,-107263,577737
2011/01/04,0,1024000,-230000,794000
2011/01/05,0,365000,-1161000,-796000
2011/01/06,0,956000,-820000,136000
2011/01/07,0,375000,-1209000,-834000
2011/01/10,0,490000,-478000,12000
2011/01/11,0,1409000,-973120,435880
2011/01/12,0,990000,-1030000,-40000
2011/01/13,0,434535,-2878000,-2443465
2011/01/14,0,963000,-1152789,-189789
2011/01/17,0,330222,-780000,-449778
2011/01/18,0,344000,-667280,-323280
2011/01/19,0,1018000,-737000,281000
2011/01/20,0,334000,-683724,-349724
2011/01/21,0,1001000,-911000,90000
2011/01/24,0,186000,-170000,16000
2011/01/25,0,911000,-76000,835000
2011/01/26,0,591000,-980720,-389720
2011/01/27,0,633000,-36760,596240
2011/01/28,0,2261970,-828936,1433034
2011/01/31,0,0,0,0
2011/02/01,0,0,0,0
2011/02/02,0,0,0,0
2011/02/03,0,0,0,0
2011/02/04,0,0,0,0
2011/02/07,0,0,0,0
2011/02/08,0,530000,-1489000,-959000
2011/02/09,0,2111000,-538000,1573000
2011/02/10,0,1473000,-1403450,69550
2011/02/11,0,1828000,-2483000,-655000
2011/02/14,0,574000,-2191930,-1617930
2011/02/15,0,868000,-5475167,-4607167
2011/02/16,0,794000,-3098000,-2304000
2011/02/17,0,469000,-3929220,-3460220
2011/02/18,0,755000,-46000,709000
2011/02/21,0,674000,-569000,105000
2011/02/22,0,935000,-2427000,-1492000
2011/02/23,0,878647,-674670,203977
2011/02/24,0,404000,-1323000,-919000
2011/02/25,0,915000,-1585174,-670174
2011/02/28,0,0,0,0
2011/03/01,0,577000,-658000,-81000
2011/03/02,0,604220,-1957000,-1352780
2011/03/03,0,1593000,-411000,1182000
2011/03/04,0,1087300,-2470000,-1382700
2011/03/07,0,627000,-306000,321000
2011/03/08,0,827000,-552000,275000
2011/03/09,0,262000,-729508,-467508
2011/03/10,0,263000,-576450,-313450
2011/03/11,0,193000,-1574000,-1381000
2011/03/14,0,288000,-617000,-329000
2011/03/15,0,991000,-1126040,-135040
2011/03/16,0,648000,-1091170,-443170
2011/03/17,0,750000,-649160,100840
2011/03/18,0,504000,-1473274,-969274
2011/03/21,0,783000,-798000,-15000
2011/03/22,0,506000,-860000,-354000
2011/03/23,0,734000,-797000,-63000
2011/03/24,0,119000,-237000,-118000
2011/03/25,0,1306000,-64000,1242000
2011/03/28,0,2337000,-228000,2109000
2011/03/29,0,1473000,-328000,1145000
2011/03/30,0,3166000,-274000,2892000
2011/03/31,0,2428000,-789822,1638178
2011/04/01,0,1109000,-782000,327000
2011/04/04,0,0,0,0
2011/04/05,0,0,0,0
2011/04/06,0,3968742,-134000,3834742
2011/04/07,0,1013000,-475042,537958
2011/04/08,0,1743534,-1467000,276534
2011/04/11,0,699000,-43000,656000
2011/04/12,0,292588,-253000,39588
2011/04/13,0,488000,-2063000,-1575000
2011/04/14,0,772000,-724000,48000
2011/04/15,0,474000,-1019000,-545000
2011/04/18,0,598000,-465600,132400
2011/04/19,0,1757000,-1150000,607000
2011/04/20,0,1261091,-52000,1209091
2011/04/21,0,1858000,-23000,1835000
2011/04/22,0,754000,-11000,743000
2011/04/25,0,517000,-134000,383000
2011/04/26,0,1104681,-54000,1050681
2011/04/27,0,1080000,-273000,807000
2011/04/28,0,1135887,-351000,784887
2011/04/29,0,5820187,-2881000,2939187
2011/05/02,0,0,0,0
2011/05/03,0,1130000,-14669000,-13539000
2011/05/04,0,1962000,-10425000,-8463000
2011/05/05,0,1048000,-760000,288000
2011/05/06,0,683106,-264000,419106
2011/05/09,0,1303000,-400000,903000
2011/05/10,0,275000,-389000,-114000
2011/05/11,0,2641000,-1035959,1605041
2011/05/12,0,322000,-1370000,-1048000
2011/05/13,0,471000,-533000,-62000
2011/05/16,0,844000,-1048000,-204000
2011/05/17,0,1391000,-458000,933000
2011/05/18,0,956000,-1132000,-176000
2011/05/19,0,1320000,-577240,742760
2011/05/20,0,672000,-156000,516000
2011/05/23,0,242000,-1269000,-1027000
2011/05/24,0,442000,-528653,-86653
2011/05/25,0,1457000,-1570000,-113000
2011/05/26,0,753230,-692423,60807
2011/05/27,0,559000,-445000,114000
2011/05/30,0,229000,-869000,-640000
2011/05/31,0,2779000,-446817,2332183
2011/06/01,0,1156000,-201829,954171
2011/06/02,0,1128000,-45000,1083000
2011/06/03,0,1004000,-56600,947400
2011/06/06,0,0,0,0
2011/06/07,0,660000,-104265,555735
2011/06/08,0,868000,-449000,419000
2011/06/09,0,1056000,-666771,389229
2011/06/10,0,428000,-953444,-525444
2011/06/13,0,222000,-885607,-663607
2011/06/14,0,649000,-720000,-71000
2011/06/15,0,3515300,-1832000,1683300
2011/06/16,0,847712,-1101041,-253329
2011/06/17,0,528528,-816000,-287472
2011/06/20,0,1095000,-456000,639000
2011/06/21,0,1739000,-323000,1416000
2011/06/22,0,526000,-795000,-269000
2011/06/23,0,280776,-356802,-76026
2011/06/24,0,1285000,-310673,974327
2011/06/27,0,821000,-582270,238730
2011/06/28,0,548000,-766759,-218759
2011/06/29,0,1328000,-1013000,315000
2011/06/30,0,882000,-723000,159000
2011/07/01,0,972929,-404873,568056
2011/07/04,0,1212695,-1051502,161193
2011/07/05,0,1890140,-1436000,454140
2011/07/06,0,866623,-358000,508623
2011/07/07,0,744134,-293000,451134
2011/07/08,0,1198989,-190000,1008989
2011/07/11,0,983033,-157000,826033
2011/07/12,0,1060279,-660000,400279
2011/07/13,0,2599804,-1303000,1296804
2011/07/14,0,684546,-834000,-149454
2011/07/15,0,956420,-2179000,-1222580
2011/07/18,0,794711,-2282000,-1487289
2011/07/19,0,2468000,-528400,1939600
2011/07/20,0,1392663,-3052000,-1659337
2011/07/21,0,759920,-3691000,-2931080
2011/07/22,0,3374122,-3011300,362822
2011/07/25,0,688650,-69786,618864
2011/07/26,0,2249646,-506000,1743646
2011/07/27,0,716235,-3328300,-2612065
2011/07/28,0,905212,-513000,392212
2011/07/29,0,1210356,-5884802,-4674446
2011/08/01,0,2554730,-5484300,-2929570
2011/08/02,0,1174482,-836000,338482
2011/08/03,0,826091,-277000,549091
2011/08/04,0,1768353,-1622000,146353
2011/08/05,0,186346,0,186346
2011/08/08,0,1099995,-2190000,-1090005
2011/08/09,0,1642000,-6683618,-5041618
2011/08/10,0,1446000,-5892000,-4446000
2011/08/11,0,2198000,-3842000,-1644000
2011/08/12,0,624000,-4089978,-3465978
2011/08/15,0,694937,-1075000,-380063
2011/08/16,0,565000,-1834960,-1269960
2011/08/17,0,495070,-964000,-468930
2011/08/18,0,280541,-2094000,-1813459
2011/08/19,0,800453,-662000,138453
2011/08/22,0,1422444,-461000,961444
2011/08/23,0,800000,-758318,41682
2011/08/24,0,231015,-3847000,-3615985
2011/08/25,0,408858,-1821760,-1412902
2011/08/26,0,773403,-916000,-142597
2011/08/29,0,836000,-788640,47360
2011/08/30,0,161139,-2421084,-2259945
2011/08/31,0,0,-1138000,-1138000
2011/09/01,0,2816983,-1189869,1627114
2011/09/02,0,224957,-1272000,-1047043
2011/09/05,0,82000,-3284874,-3202874
2011/09/06,0,601240,-2049317,-1448077
2011/09/07,0,402794,-711426,-308632
2011/09/08,0,653754,-1781000,-1127246
2011/09/09,0,907000,-704100,202900
2011/09/12,0,0,0,0
2011/09/13,0,346723,-1593000,-1246277
2011/09/14,0,991277,-1983408,-992131
2011/09/15,0,3390000,-687517,2702483
2011/09/16,0,2257000,-1864340,392660
2011/09/19,0,120430,-954000,-833570
2011/09/20,0,1255204,-2082581,-827377
2011/09/21,0,1429928,-2471000,-1041072
2011/09/22,0,190272,-3168635,-2978363
2011/09/23,0,583577,-1243000,-659423
2011/09/26,0,539250,-947080,-407830
2011/09/27,0,1574010,-500000,1074010
2011/09/28,0,880747,-1822000,-941253
2011/09/29,0,2194273,-2045500,148773
2011/09/30,0,1214001,-1500900,-286899
2011/10/03,0,178666,-1795000,-1616334
2011/10/04,0,2045000,-1688000,357000
2011/10/05,0,605000,-868000,-263000
2011/10/06,0,1678000,-941720,736280
2011/10/07,0,928000,-751240,176760
2011/10/10,0,0,0,0
2011/10/11,0,1779000,-481000,1298000
2011/10/12,0,2192000,-1360000,832000
2011/10/13,0,789155,-1863000,-1073845
2011/10/14,0,1516333,-934386,581947
2011/10/17,0,1787469,-374000,1413469
2011/10/18,0,780462,-593495,186967
2011/10/19,0,679302,-742771,-63469
2011/10/20,0,923867,-2143923,-1220056
2011/10/21,0,574438,-1648706,-1074268
2011/10/24,0,2973756,-522000,2451756
2011/10/25,0,630089,-266000,364089
2011/10/26,0,2370000,-324635,2045365
2011/10/27,0,1109000,-678616,430384
2011/10/28,0,2220000,-2374002,-154002
2011/10/31,0,947000,-519000,428000
2011/11/01,0,2402000,-2197000,205000
2011/11/02,0,857000,-1820000,-963000
2011/11/03,0,1648000,-6169600,-4521600
2011/11/04,0,1973000,-2758000,-785000
2011/11/07,0,471000,-2121000,-1650000
2011/11/08,0,698000,-1310748,-612748
2011/11/09,0,2419000,-2198000,221000
2011/11/10,0,1037000,-943000,94000
2011/11/11,0,759000,-1776000,-1017000
2011/11/14,0,527000,-1355000,-828000
2011/11/15,0,423000,-413000,10000
2011/11/16,0,1854000,-4032000,-2178000
2011/11/17,0,1966000,-8086156,-6120156
2011/11/18,0,3315000,-3326080,-11080
2011/11/21,0,1882000,-4000939,-2118939
2011/11/22,0,2035000,-5286412,-3251412
2011/11/23,0,1190000,-2440300,-1250300
2011/11/24,0,2591300,-2522728,68572
2011/11/25,0,2057960,-2334842,-276882
2011/11/28,0,1871784,-2615816,-744032
2011/11/29,0,5692000,-10722516,-5030516
2011/11/30,0,73968807,-93362795,-19393988
2011/12/01,0,11953000,-25825771,-13872771
2011/12/02,0,2155000,-2913024,-758024
2011/12/05,0,1172000,-3046000,-1874000
2011/12/06,0,1293080,-6123286,-4830206
2011/12/07,0,4777000,-1069000,3708000
2011/12/08,0,1809000,-3572236,-1763236
2011/12/09,0,3862000,-7978000,-4116000
2011/12/12,0,1640400,-829178,811222
2011/12/13,0,667000,-2961000,-2294000
2011/12/14,0,797000,-1261854,-464854
2011/12/15,0,3165000,-1842420,1322580
2011/12/16,0,311000,-575300,-264300
2011/12/19,0,374000,-1199000,-825000
2011/12/20,0,377000,-236000,141000
2011/12/21,0,602000,-2415000,-1813000
2011/12/22,0,410000,-1018840,-608840
2011/12/23,0,587000,-3170089,-2583089
2011/12/26,0,11000,-321556,-310556
2011/12/27,0,146000,-502000,-356000
2011/12/28,0,205000,-943000,-738000
2011/12/29,0,457000,-48440,408560
2011/12/30,0,137000,-393000,-256000
2012/01/02,0,78000,-211000,-133000
2012/01/03,0,487880,-239000,248880
2012/01/04,0,266000,-1123000,-857000
2012/01/05,0,351000,-1234000,-883000
2012/01/06,0,761000,-1567000,-806000
2012/01/09,0,1607000,-295784,1311216
2012/01/10,0,2471000,-1863000,608000
2012/01/11,0,8000,-341000,-333000
2012/01/12,0,823000,-473000,350000
2012/01/13,0,251000,-58600,192400
2012/01/16,0,208000,-623000,-415000
2012/01/17,0,591000,-540000,51000
2012/01/18,0,208000,-1271000,-1063000
2012/01/19,0,0,0,0
2012/01/20,0,0,0,0
2012/01/23,0,0,0,0
2012/01/24,0,0,0,0
2012/01/25,0,0,0,0
2012/01/26,0,0,0,0
2012/01/27,0,0,0,0
2012/01/30,0,911000,-192000,719000
2012/01/31,0,1125000,-1583000,-458000
2012/02/01,0,453000,-1626000,-1173000
2012/02/02,0,853000,-2346000,-1493000
2012/02/03,0,1526000,-3409000,-1883000
2012/02/06,0,292000,-1512000,-1220000
2012/02/07,0,1077000,-521000,556000
2012/02/08,0,1850000,-366358,1483642
2012/02/09,0,3154000,-351000,2803000
2012/02/10,0,621000,-336000,285000
2012/02/13,0,1555000,-1195000,360000
2012/02/14,0,375000,-1587000,-1212000
2012/02/15,0,797000,-973000,-176000
2012/02/16,0,336000,-2475944,-2139944
2012/02/17,0,1214000,-1246000,-32000
2012/02/20,0,1230000,-440000,790000
2012/02/21,0,2137000,-1311076,825924
2012/02/22,0,1113000,-679200,433800
2012/02/23,0,321000,-458000,-137000
2012/02/24,0,354000,-877000,-523000
2012/02/27,0,0,0,0
2012/02/28,0,0,0,0
2012/02/29,0,589878,-1797000,-1207122
2012/03/01,0,307000,-702000,-395000
2012/03/02,0,115000,-533000,-418000
2012/03/05,0,236000,-1240000,-1004000
2012/03/06,0,897000,-2206000,-1309000
2012/03/07,0,1282000,-2843000,-1561000
2012/03/08,0,805000,-1211000,-406000
2012/03/09,0,675000,-1132000,-457000
2012/03/12,0,164000,-1682000,-1518000
2012/03/13,0,646000,-1605800,-959800
2012/03/14,0,588000,-1360834,-772834
2012/03/15,0,1054000,-1945444,-891444
2012/03/16,0,5049000,-7434987,-2385987
2012/03/19,0,46000,-4851860,-4805860
2012/03/20,0,216000,-913755,-697755
2012/03/21,0,1268200,-4694593,-3426393
2012/03/22,0,272000,-497000,-225000
2012/03/23,0,101000,-149609,-48609
2012/03/26,0,182000,-534329,-352329
2012/03/27,0,295000,-64840,230160
2012/03/28,0,31000,-241000,-210000
2012/03/29,0,220000,-600206,-380206
2012/03/30,0,938692,-353000,585692
2012/04/02,0,103000,-838000,-735000
2012/04/03,0,565000,-592000,-27000
2012/04/04,0,0,0,0
2012/04/05,0,421000,-276000,145000
2012/04/06,0,432000,-795000,-363000
2012/04/09,0,126000,-967000,-841000
2012/04/10,0,1181000,-255000,926000
2012/04/11,0,268000,-552059,-284059
2012/04/12,0,196000,-617000,-421000
2012/04/13,0,520000,-441000,79000
2012/04/16,0,90000,-77000,13000
2012/04/17,0,218000,-438000,-220000
2012/04/18,0,332000,-237000,95000
2012/04/19,0,268000,-348000,-80000
2012/04/20,0,423000,-617093,-194093
2012/04/23,0,340000,-531000,-191000
2012/04/24,0,382000,-298000,84000
2012/04/25,0,422000,-91000,331000
2012/04/26,0,159000,-181000,-22000
2012/04/27,0,0,-170000,-170000
2012/04/30,0,1963000,-502000,1461000
2012/05/01,0,0,0,0
2012/05/02,0,1096000,-374000,722000
2012/05/03,0,392000,-228000,164000
2012/05/04,0,486000,-327000,159000
2012/05/07,0,125000,-243000,-118000
2012/05/08,0,482000,-222450,259550
2012/05/09,0,40000,-409000,-369000
2012/05/10,0,304370,-70000,234370
2012/05/11,0,86548,-610511,-523963
2012/05/14,0,93000,-126000,-33000
2012/05/15,0,450000,-342000,108000
2012/05/16,0,329000,-174000,155000
2012/05/17,0,718000,-304620,413380
2012/05/18,0,447000,-860000,-413000
2012/05/21,0,347000,-215691,131309
2012/05/22,0,211000,-415000,-204000
2012/05/23,0,430000,-260000,170000
2012/05/24,0,514000,-314000,200000
2012/05/25,0,161000,-120000,41000
2012/05/28,0,88000,-15000,73000
2012/05/29,0,589000,-239000,350000
2012/05/30,0,173000,-359000,-186000
2012/05/31,0,2198000,-517572,1680428
2012/06/01,0,207000,-508719,-301719
2012/06/04,0,333000,-1450000,-1117000
2012/06/05,0,1704000,-244000,1460000
2012/06/06,0,1376000,-285640,1090360
2012/06/07,0,1258776,-308000,950776
2012/06/08,0,113279,-43000,70279
2012/06/11,0,521287,0,521287
2012/06/12,0,431000,-192000,239000
2012/06/13,0,587972,-67820,520152
2012/06/14,0,159688,-20817,138871
2012/06/15,0,958524,-3000,955524
2012/06/18,0,214653,-11000,203653
2012/06/19,0,201036,-1227000,-1025964
2012/06/20,0,183689,-270000,-86311
2012/06/21,0,224645,-19000,205645
2012/06/22,0,175305,-198000,-22695
2012/06/25,0,32000,-270000,-238000
2012/06/26,0,229000,-986000,-757000
2012/06/27,0,159000,-1134000,-975000
2012/06/28,0,292898,-86000,206898
2012/06/29,0,291897,-34469,257428
2012/07/02,0,38000,-93000,-55000
2012/07/03,0,408000,-30000,378000
2012/07/04,0,314697,-79000,235697
2012/07/05,0,427000,-294000,133000
2012/07/06,0,150000,-165000,-15000
2012/07/09,0,57000,-77000,-20000
2012/07/10,0,252000,-322000,-70000
2012/07/11,0,220000,-105260,114740
2012/07/12,0,502000,-164000,338000
2012/07/13,0,148323,-178680,-30357
2012/07/16,0,130000,-123000,7000
2012/07/17,0,1028000,-1244750,-216750
2012/07/18,0,1065000,-439000,626000
2012/07/19,0,152000,-208000,-56000
2012/07/20,0,143000,-100000,43000
2012/07/23,0,35000,-154000,-119000
2012/07/24,0,0,-157000,-157000
2012/07/25,0,34000,-922000,-888000
2012/07/26,0,143000,-300508,-157508
2012/07/27,0,20000,-390000,-370000
2012/07/30,0,22000,-130000,-108000
2012/07/31,0,673000,-2814938,-2141938
2012/08/01,0,163000,-22000,141000
2012/08/02,0,0,0,0
2012/08/03,0,9000,-207000,-198000
2012/08/06,0,428000,-126000,302000
2012/08/07,0,352000,-230000,122000
2012/08/08,0,376000,-169000,207000
2012/08/09,0,657000,-90000,567000
2012/08/10,0,680000,-75000,605000
2012/08/13,0,238000,-515000,-277000
2012/08/14,0,464000,-159000,305000
2012/08/15,0,1608000,-247805,1360195
2012/08/16,0,325000,-282000,43000
2012/08/17,0,23000,-114000,-91000
2012/08/20,0,111000,-44000,67000
2012/08/21,0,567000,-41000,526000
2012/08/22,0,18000,-162000,-144000
2012/08/23,0,261000,-2282000,-2021000
2012/08/24,0,253000,-440000,-187000
2012/08/27,0,130000,-3000,127000
2012/08/28,0,208000,-115000,93000
2012/08/29,0,157000,-33000,124000
2012/08/30,0,53000,-169000,-116000
2012/08/31,0,393143,-176000,217143
2012/09/03,0,149000,-89000,60000
2012/09/04,0,2000,-254000,-252000
2012/09/05,0,22000,-131000,-109000
2012/09/06,0,242000,-465000,-223000
2012/09/07,0,405934,-595000,-189066
2012/09/10,0,700000,-102000,598000
2012/09/11,0,431000,-70000,361000
2012/09/12,0,149000,-53000,96000
2012/09/13,0,420000,-14000,406000
2012/09/14,0,1164000,-103000,1061000
2012/09/17,0,257000,-304120,-47120
2012/09/18,0,1030820,-908000,122820
2012/09/19,0,379000,-786000,-407000
2012/09/20,0,767000,-1330000,-563000
2012/09/21,0,442000,-1206000,-764000
2012/09/24,0,361000,-44000,317000
2012/09/25,0,311000,-143000,168000
2012/09/26,0,211000,-221000,-10000
2012/09/27,0,476000,-36000,440000
2012/09/28,0,300000,-171000,129000
2012/10/01,0,905000,-49000,856000
2012/10/02,0,327000,-113000,214000
2012/10/03,0,86000,-193000,-107000
2012/10/04,0,261000,-271000,-10000
2012/10/05,0,439000,-37000,402000
2012/10/08,0,5000,-276000,-271000
2012/10/09,0,277000,-88000,189000
2012/10/10,0,0,0,0
2012/10/11,0,332000,-233593,98407
2012/10/12,0,101000,-350000,-249000
2012/10/15,0,44000,-144000,-100000
2012/10/16,0,51000,-197000,-146000
2012/10/17,0,378000,-698000,-320000
2012/10/18,0,514000,-294000,220000
2012/10/19,0,429000,-221000,208000
2012/10/22,0,380000,-185119,194881
2012/10/23,0,68000,-137000,-69000
2012/10/24,0,874000,-517000,357000
2012/10/25,0,314000,-866000,-552000
2012/10/26,0,963000,-680000,283000
2012/10/29,0,768000,-467000,301000
2012/10/30,0,440000,-2258206,-1818206
2012/10/31,0,179000,-688000,-509000
2012/11/01,0,145000,-102000,43000
2012/11/02,0,340000,-3539000,-3199000
2012/11/05,0,405000,-257000,148000
2012/11/06,0,459000,-320000,139000
2012/11/07,0,537000,-320000,217000
2012/11/08,0,340000,-466000,-126000
2012/11/09,0,236000,-709000,-473000
2012/11/12,0,477000,-632000,-155000
2012/11/13,0,663000,-978000,-315000
2012/11/14,0,187000,-602000,-415000
2012/11/15,0,47000,-339000,-292000
2012/11/16,0,352000,-386000,-34000
2012/11/19,0,431000,-343000,88000
2012/11/20,0,212000,-726000,-514000
2012/11/21,0,107000,-760000,-653000
2012/11/22,0,218000,-30000,188000
2012/11/23,0,666000,-13000,653000
2012/11/26,0,260000,-24000,236000
2012/11/27,0,182000,-6000,176000
2012/11/28,0,184000,-1738000,-1554000
2012/11/29,0,488000,-480000,8000
2012/11/30,0,671000,-846000,-175000
2012/12/03,0,1511000,-129765,1381235
2012/12/04,0,161000,-1003000,-842000
2012/12/05,0,394000,-757620,-363620
2012/12/06,0,649000,-877000,-228000
2012/12/07,0,345000,-4000,341000
2012/12/10,0,25000,-271000,-246000
2012/12/11,0,767000,-85000,682000
2012/12/12,0,694000,-12000,682000
2012/12/13,0,13000,-358000,-345000
2012/12/14,0,909000,-387000,522000
2012/12/17,0,876000,-593000,283000
2012/12/18,0,344000,-536000,-192000
2012/12/19,0,560000,-414000,146000
2012/12/20,0,232000,-484000,-252000
2012/12/21,0,1196000,-894000,302000
2012/12/24,0,928000,0,928000
2012/12/25,0,2259000,-37000,2222000
2012/12/26,0,359000,-521000,-162000
2012/12/27,0,1180835,-280000,900835
2012/12/28,0,557000,-252000,305000
2012/12/31,0,0,0,0
2013/01/01,0,0,0,0
2013/01/02,0,936000,-483000,453000
2013/01/03,0,465000,-1435000,-970000
2013/01/04,0,669000,-687000,-18000
2013/01/07,0,774000,-808000,-34000
2013/01/08,0,576000,-601000,-25000
2013/01/09,0,511000,-56000,455000
2013/01/10,0,262000,-19995,242005
2013/01/11,0,521000,-11000,510000
2013/01/14,0,72000,-233076,-161076
2013/01/15,0,197000,-750000,-553000
2013/01/16,0,1034000,-361000,673000
2013/01/17,0,25000,-101000,-76000
2013/01/18,0,136000,0,136000
2013/01/21,0,124000,-194000,-70000
2013/01/22,0,5000,-514000,-509000
2013/01/23,0,131000,-721386,-590386
2013/01/24,0,0,-432000,-432000
2013/01/25,0,28000,-614000,-586000
2013/01/28,0,83000,-253000,-170000
2013/01/29,0,85000,-1328000,-1243000
2013/01/30,0,321000,-10000,311000
2013/01/31,0,443000,-2214216,-1771216
2013/02/01,0,27000,-86000,-59000
2013/02/04,0,38000,-147000,-109000
2013/02/05,0,127000,-44000,83000
2013/02/06,0,0,-76000,-76000
2013/02/07,0,0,0,0
2013/02/08,0,0,0,0
2013/02/11,0,0,0,0
2013/02/12,0,0,0,0
2013/02/13,0,0,0,0
2013/02/14,0,0,0,0
2013/02/15,0,0,0,0
2013/02/18,0,544000,-167000,377000
2013/02/19,0,813000,-416000,397000
2013/02/20,0,184400,-316110,-131710
2013/02/21,0,91000,-76000,15000
2013/02/22,0,1000,-28000,-27000
2013/02/25,0,473000,-743560,-270560
2013/02/26,0,1383000,-405000,978000
2013/02/27,0,1209000,-624000,585000
2013/02/28,0,0,0,0
2013/03/01,0,1246000,-241000,1005000
2013/03/04,0,248000,-492000,-244000
2013/03/05,0,486000,-294000,192000
2013/03/06,0,72000,-35000,37000
2013/03/07,0,326000,-98000,228000
2013/03/08,0,233000,-648000,-415000
2013/03/11,0,1059000,-80000,979000
2013/03/12,0,1625000,-52000,1573000
2013/03/13,0,70000,-1145000,-1075000
2013/03/14,0,77000,-527000,-450000
2013/03/15,0,78000,-1614000,-1536000
2013/03/18,0,400000,-474000,-74000
2013/03/19,0,94000,-630000,-536000
2013/03/20,0,212000,-427000,-215000
2013/03/21,0,98000,-228000,-130000
2013/03/22,0,658000,-614281,43719
2013/03/25,0,156000,-138000,18000
2013/03/26,0,81000,-458000,-377000
2013/03/27,0,21000,-341000,-320000
2013/03/28,0,0,-230000,-230000
2013/03/29,0,51000,-88000,-37000
2013/04/01,0,468000,-196000,272000
2013/04/02,0,343000,-39000,304000
2013/04/03,0,152000,-121820,30180
2013/04/04,0,0,0,0
2013/04/05,0,0,0,0
2013/04/08,0,460000,-477000,-17000
2013/04/09,0,679000,-783000,-104000
2013/04/10,0,1037000,-2074000,-1037000
2013/04/11,0,991000,-1023000,-32000
2013/04/12,0,1135000,-628000,507000
2013/04/15,0,946000,-455000,491000
2013/04/16,0,674000,-205000,469000
2013/04/17,0,306000,-600000,-294000
2013/04/18,0,838000,-787000,51000
2013/04/19,0,344000,-408000,-64000
2013/04/22,0,262000,-1059000,-797000
2013/04/23,0,177000,-857000,-680000
2013/04/24,0,366000,-443000,-77000
2013/04/25,0,605000,0,605000
2013/04/26,0,333000,-169000,164000
2013/04/29,0,185000,-14000,171000
2013/04/30,0,285000,-57000,228000
2013/05/01,0,0,0,0
2013/05/02,0,303000,-8000,295000
2013/05/03,0,110000,-74000,36000
2013/05/06,0,460000,-397000,63000
2013/05/07,0,483000,0,483000
2013/05/08,0,776000,-46448,729552
2013/05/09,0,346896,-179890,167006
2013/05/10,0,385000,-418000,-33000
2013/05/13,0,759000,-38000,721000
2013/05/14,0,237000,-298000,-61000
2013/05/15,0,231000,-308020,-77020
2013/05/16,0,805000,-726000,79000
2013/05/17,0,276000,-26000,250000
2013/05/20,0,34000,-196000,-162000
2013/05/21,0,408000,-481000,-73000
2013/05/22,0,58000,-433320,-375320
2013/05/23,0,871000,-1704850,-833850
2013/05/24,0,318000,-665000,-347000
2013/05/27,0,318000,-89555,228445
2013/05/28,0,365000,-97850,267150
2013/05/29,0,799000,-23000,776000
2013/05/30,0,180000,-171000,9000
2013/05/31,0,344000,-65286,278714
2013/06/03,0,164000,-89000,75000
2013/06/04,0,0,-615320,-615320
2013/06/05,0,376000,-125000,251000
2013/06/06,0,51000,-133000,-82000
2013/06/07,0,402000,-47000,355000
2013/06/10,0,17000,-11595,5405
2013/06/11,0,18000,-184000,-166000
2013/06/12,0,0,0,0
2013/06/13,0,80000,-85000,-5000
2013/06/14,0,0,-423000,-423000
2013/06/17,0,16000,-288000,-272000
2013/06/18,0,1000,-180000,-179000
2013/06/19,0,9000,-1134880,-1125880
2013/06/20,0,530000,-94000,436000
2013/06/21,0,265000,-226180,38820
2013/06/24,0,10000,-162874,-152874
2013/06/25,0,104000,-186000,-82000
2013/06/26,0,48000,-55000,-7000
2013/06/27,0,36000,-84000,-48000
2013/06/28,0,80000,-429000,-349000
2013/07/01,0,187000,-626000,-439000
2013/07/02,0,15000,-649158,-634158
2013/07/03,0,186000,-744040,-558040
2013/07/04,0,150000,-1000,149000
2013/07/05,0,168000,-177000,-9000
2013/07/08,0,168000,-95000,73000
2013/07/09,0,300000,-124000,176000
2013/07/10,0,340000,-235000,105000
2013/07/11,0,283000,-190000,93000
2013/07/12,0,364000,-181000,183000
2013/07/15,0,311000,-13835,297165
2013/07/16,0,159000,-66000,93000
2013/07/17,0,105000,-183000,-78000
2013/07/18,0,230000,-376000,-146000
2013/07/19,0,328000,-204000,124000
2013/07/22,0,284000,-17000,267000
2013/07/23,0,124000,0,124000
2013/07/24,0,56000,-65000,-9000
2013/07/25,0,37000,-176000,-139000
2013/07/26,0,38000,-118000,-80000
2013/07/29,0,0,-8000,-8000
2013/07/30,0,192000,0,192000
2013/07/31,0,2708000,-302000,2406000
2013/08/01,0,7000,-746000,-739000
2013/08/02,0,135000,-137000,-2000
2013/08/05,0,97000,-36000,61000
2013/08/06,0,11000,-216000,-205000
2013/08/07,0,418000,-672000,-254000
2013/08/08,0,51000,-435000,-384000
2013/08/09,0,161000,-651000,-490000
2013/08/12,0,341000,-663054,-322054
2013/08/13,0,129000,-368000,-239000
2013/08/14,0,38000,-39000,-1000
2013/08/15,0,24000,-253000,-229000
2013/08/16,0,212000,-89000,123000
2013/08/19,0,123000,-35000,88000
2013/08/20,0,69000,-321000,-252000
2013/08/21,0,0,0,0
2013/08/22,0,151000,-263000,-112000
2013/08/23,0,146000,-569089,-423089
2013/08/26,0,123000,-132000,-9000
2013/08/27,0,66000,-157000,-91000
2013/08/28,0,6000,-18000,-12000
2013/08/29,0,461000,-146000,315000
2013/08/30,0,541000,-59000,482000
2013/09/02,0,104000,-78000,26000
2013/09/03,0,454000,-32000,422000
2013/09/04,0,104000,-285000,-181000
2013/09/05,0,608000,-290000,318000
2013/09/06,0,222000,0,222000
2013/09/09,0,19000,-58000,-39000
2013/09/10,0,67000,-55000,12000
2013/09/11,0,244000,-29000,215000
2013/09/12,0,457000,-4000,453000
2013/09/13,0,349000,-587000,-238000
2013/09/16,0,99000,-2000,97000
2013/09/17,0,66000,-356000,-290000
2013/09/18,0,391000,-346000,45000
2013/09/19,0,0,0,0
2013/09/20,0,0,0,0
2013/09/23,0,246000,-232000,14000
2013/09/24,0,226000,-23778,202222
2013/09/25,0,721000,0,721000
2013/09/26,0,153000,-16000,137000
2013/09/27,0,223000,-88000,135000
2013/09/30,0,176000,-42000,134000
2013/10/01,0,390000,-57000,333000
2013/10/02,0,186000,-39000,147000
2013/10/03,0,864000,-16000,848000
2013/10/04,0,190000,0,190000
2013/10/07,0,254000,-135000,119000
2013/10/08,0,263000,-78000,185000
2013/10/09,0,12000,-212000,-200000
2013/10/10,0,0,0,0
2013/10/11,0,102000,-265000,-163000
2013/10/14,0,261000,-210000,51000
2013/10/15,0,462000,-56000,406000
2013/10/16,0,941000,-105000,836000
2013/10/17,0,197000,-28000,169000
2013/10/18,0,414000,-155000,259000
2013/10/21,0,273000,-106000,167000
2013/10/22,0,267000,-168000,99000
2013/10/23,0,186000,-137660,48340
2013/10/24,0,236000,-203000,33000
2013/10/25,0,50000,-177000,-127000
2013/10/28,0,199000,-72000,127000
2013/10/29,0,239000,-291000,-52000
2013/10/30,0,43000,-201000,-158000
2013/10/31,0,1936000,-670000,1266000
2013/11/01,0,1214000,-338380,875620
2013/11/04,0,98000,-250000,-152000
2013/11/05,0,188000,-752200,-564200
2013/11/06,0,370000,-436000,-66000
2013/11/07,0,149000,-301000,-152000
2013/11/08,0,77000,-361000,-284000
2013/11/11,0,316000,-245000,71000
2013/11/12,0,1043000,-228000,815000
2013/11/13,0,48000,-252000,-204000
2013/11/14,0,154000,-487000,-333000
2013/11/15,0,139000,-463000,-324000
2013/11/18,0,37000,-518000,-481000
2013/11/19,0,186000,-82000,104000
2013/11/20,0,81000,-302000,-221000
2013/11/21,0,6000,-240000,-234000
2013/11/22,0,87000,-69000,18000
2013/11/25,0,195000,-21000,174000
2013/11/26,0,69000,-253000,-184000
2013/11/27,0,302000,-231655,70345
2013/11/28,0,431000,-42000,389000
2013/11/29,0,301000,0,301000
2013/12/02,0,119000,-102000,17000
2013/12/03,0,94000,0,94000
2013/12/04,0,324000,-15000,309000
2013/12/05,0,148000,-12940,135060
2013/12/06,0,324000,-11000,313000
2013/12/09,0,262000,-212000,50000
2013/12/10,0,93000,-496000,-403000
2013/12/11,0,225000,-429000,-204000
2013/12/12,0,210000,-128000,82000
2013/12/13,0,239000,-203210,35790
2013/12/16,0,57001,-162000,-104999
2013/12/17,0,3000,-282000,-279000
2013/12/18,0,49000,-217000,-168000
2013/12/19,0,95000,-224000,-129000
2013/12/20,0,129000,-276000,-147000
2013/12/23,0,543000,-394000,149000
2013/12/24,0,63000,-86000,-23000
2013/12/25,0,51000,-266000,-215000
2013/12/26,0,0,-24000,-24000
2013/12/27,0,150000,0,150000
2013/12/30,0,205000,-175001,29999
2013/12/31,0,34000,-95000,-61000
2014/01/02,0,177000,-54000,123000
2014/01/03,0,90000,-250000,-160000
2014/01/06,0,289171,-398000,-108829
2014/01/07,0,194000,-84614,109386
2014/01/08,0,514000,-497000,17000
2014/01/09,0,115000,-6000,109000
2014/01/10,0,301000,-29000,272000
2014/01/13,0,277000,-28000,249000
2014/01/14,0,144000,-268000,-124000
2014/01/15,0,1354000,-153000,1201000
2014/01/16,0,625000,-372000,253000
2014/01/17,0,345000,-62000,283000
2014/01/20,0,149000,-96000,53000
2014/01/21,0,574000,-286000,288000
2014/01/22,0,15000,-2000,13000
2014/01/23,0,389000,-126000,263000
2014/01/24,0,955000,-11000,944000
2014/01/27,0,2199000,-484000,1715000
2014/02/05,0,794000,-419000,375000
2014/02/06,0,681000,-737000,-56000
2014/02/07,0,1054000,-1091000,-37000
2014/02/10,0,39000,-316160,-277160
2014/02/11,0,16000,-219000,-203000
2014/02/12,0,329000,-362428,-33428
2014/02/13,0,1512000,-233000,1279000
2014/02/14,0,1480000,-250000,1230000
2014/02/17,0,66000,-38000,28000
2014/02/18,0,1463000,-160000,1303000
2014/02/19,0,599001,-1312000,-712999
2014/02/20,0,820000,-113000,707000
2014/02/21,0,1165000,-556000,609000
2014/02/24,0,232000,-925000,-693000
2014/02/25,0,239000,-514000,-275000
2014/02/26,0,102000,-80000,22000
2014/02/27,0,751000,-293305,457695
2014/03/03,0,465000,-310000,155000
2014/03/04,0,1006000,-1000,1005000
2014/03/05,0,102000,-917000,-815000
2014/03/06,0,111000,-253000,-142000
2014/03/07,0,571000,-215000,356000
2014/03/10,0,654000,-218000,436000
2014/03/11,0,194000,-407000,-213000
2014/03/12,0,773000,-33000,740000
2014/03/13,0,337000,-1017000,-680000
2014/03/14,0,226000,-337000,-111000
2014/03/17,0,227000,-582000,-355000
2014/03/18,0,30000,-777000,-747000
2014/03/19,0,309000,-141000,168000
2014/03/20,0,363000,-774000,-411000
2014/03/21,0,1924000,-330000,1594000
2014/03/24,0,929000,-144000,785000
2014/03/25,0,473000,-637000,-164000
2014/03/26,0,668000,-263000,405000
2014/03/27,0,975000,-846000,129000
2014/03/28,0,1226000,-70000,1156000
2014/03/31,0,1889678,-527678,1362000
2014/04/01,0,1040000,-1042000,-2000
2014/04/02,0,1334420,-156000,1178420
2014/04/03,0,630000,-287000,343000
2014/04/07,0,1174000,-146000,1028000
2014/04/08,0,592000,-833000,-241000
2014/04/09,0,145000,-1028000,-883000
2014/04/10,0,3160999,-1586000,1574999
2014/04/11,0,0,-1303000,-1303000
2014/04/14,0,259001,-2104000,-1844999
2014/04/15,0,784000,-1302000,-518000
2014/04/16,0,1119000,-1269433,-150433
2014/04/17,0,906000,-1017000,-111000
2014/04/18,0,132000,-517000,-385000
2014/04/21,0,1163000,-922000,241000
2014/04/22,0,603000,-895000,-292000
2014/04/23,0,818000,-937000,-119000
2014/04/24,0,683000,-1685000,-1002000
2014/04/25,0,1895352,-1136000,759352
2014/04/28,0,847000,-2210000,-1363000
2014/04/29,0,317176,-1700000,-1382824
2014/04/30,0,552000,-1823000,-1271000
2014/05/02,0,573000,-1294000,-721000
2014/05/05,0,66000,-1182000,-1116000
2014/05/06,0,239480,-1092000,-852520
2014/05/07,0,358176,-1537000,-1178824
2014/05/08,0,366000,-1180000,-814000
2014/05/09,0,64000,-3442392,-3378392
2014/05/12,0,755000,-304000,451000
2014/05/13,0,108528,-225000,-116472
2014/05/14,0,343000,-146000,197000
2014/05/15,0,314000,-105000,209000
2014/05/16,0,593960,-86000,507960
2014/05/19,0,777352,0,777352
2014/05/20,0,394000,-22092,371908
2014/05/21,0,454000,-144000,310000
2014/05/22,0,1398000,-1000,1397000
2014/05/23,0,265000,-266000,-1000
2014/05/26,0,67000,-402000,-335000
2014/05/27,0,413000,-82000,331000
2014/05/28,0,432000,-190000,242000
2014/05/29,0,457704,-124521,333183
2014/05/30,0,471000,-609000,-138000
2014/06/03,0,1387000,-134000,1253000
2014/06/04,0,593000,-347000,246000
2014/06/05,0,1791000,-54000,1737000
2014/06/06,0,1076000,-6000,1070000
2014/06/09,0,659000,-27000,632000
2014/06/10,0,895483,-205016,690467
2014/06/11,0,332000,-464840,-132840
2014/06/12,0,636528,-1965000,-1328472
2014/06/13,0,1028000,-2360000,-1332000
2014/06/16,0,488000,-4487000,-3999000
2014/06/17,0,1145000,-2729000,-1584000
2014/06/18,0,1926000,-1356000,570000
2014/06/19,0,850000,-2335000,-1485000
2014/06/20,0,433000,-2063000,-1630000
2014/06/23,0,568000,-1646956,-1078956
2014/06/24,0,754000,-846000,-92000
2014/06/25,0,244000,-807000,-563000
2014/06/26,0,328000,-8922000,-8594000
2014/06/27,0,399000,-2136527,-1737527
2014/06/30,0,126000,-171074,-45074
2014/07/01,0,1734000,-6512575,-4778575
2014/07/02,0,25290437,-4542000,20748437
2014/07/03,0,400000,-5782000,-5382000
2014/07/04,0,7812000,-5528000,2284000
2014/07/07,0,5447900,-2300000,3147900
2014/07/08,0,2460000,-2066976,393024
2014/07/09,0,1371000,-1541000,-170000
2014/07/10,0,493000,-979000,-486000
2014/07/11,0,2019000,-1436247,582753
2014/07/14,0,1120000,-928000,192000
2014/07/15,0,598000,-2108000,-1510000
2014/07/16,0,3149000,-1085810,2063190
2014/07/17,0,2032000,-2150931,-118931
2014/07/18,0,2619225,-1625000,994225
2014/07/21,0,1245000,-2089000,-844000
2014/07/22,0,2095000,-728000,1367000
2014/07/23,0,0,0,0
2014/07/24,0,2725918,-617070,2108848
2014/07/25,0,1609000,-1523000,86000
2014/07/28,0,1414000,-558000,856000
2014/07/29,0,6496000,-644000,5852000
2014/07/30,0,2207000,-1028000,1179000
2014/07/31,0,736000,-5325000,-4589000
2014/08/01,0,2815600,-694000,2121600
2014/08/04,0,1290994,-3412000,-2121006
2014/08/05,0,278000,-1594000,-1316000
2014/08/06,0,1667470,-1584000,83470
2014/08/07,0,2408000,-853000,1555000
2014/08/08,0,449000,-1519000,-1070000
2014/08/11,0,333000,-624000,-291000
2014/08/12,0,1584344,-3173000,-1588656
2014/08/13,0,1177000,-465000,712000
2014/08/14,0,216000,-386788,-170788
2014/08/15,0,139000,-148000,-9000
2014/08/18,0,1425000,-361000,1064000
2014/08/19,0,1962000,-881930,1080070
2014/08/20,0,910000,-1879000,-969000
2014/08/21,0,420000,-334000,86000
2014/08/22,0,673988,-586000,87988
2014/08/25,0,502000,-600000,-98000
2014/08/26,0,499000,-907000,-408000
2014/08/27,0,722000,-657000,65000
2014/08/28,0,849531,-1417000,-567469
2014/08/29,0,725000,-918000,-193000
2014/09/01,0,309000,-570000,-261000
2014/09/02,0,793000,-558000,235000
2014/09/03,0,154000,-586000,-432000
2014/09/04,0,1556000,-199000,1357000
2014/09/05,0,923000,-362000,561000
2014/09/09,0,495300,-850000,-354700
2014/09/10,0,417000,-146000,271000
2014/09/11,0,862429,-699000,163429
2014/09/12,0,82461,-209000,-126539
2014/09/15,0,203481,-273000,-69519
2014/09/16,0,227988,-298000,-70012
2014/09/17,0,122000,-1017000,-895000
2014/09/18,0,24000,-1160000,-1136000
2014/09/19,0,3681900,-491000,3190900
2014/09/22,0,221030,-542000,-320970
2014/09/23,0,227000,-319000,-92000
2014/09/24,0,941000,-367000,574000
2014/09/25,0,955988,-1515000,-559012
2014/09/26,0,2766000,-1835000,931000
2014/09/29,0,214000,-1124000,-910000
2014/09/30,0,2424000,-681000,1743000
2014/10/01,0,567221,-464000,103221
2014/10/02,0,552350,-1100000,-547650
2014/10/03,0,254000,-345000,-91000
2014/10/06,0,29100,-953000,-923900
2014/10/07,0,74000,-910000,-836000
2014/10/08,0,4725000,-3770000,955000
2014/10/09,0,74000,-1815163,-1741163
2014/10/13,0,1319000,-637000,682000
2014/10/14,0,2605000,-1997981,607019
2014/10/15,0,2189000,-2545926,-356926
2014/10/16,0,5590000,-3198000,2392000
2014/10/17,0,2129000,-1623000,506000
2014/10/20,0,2327000,-1591000,736000
2014/10/21,0,749000,-858122,-109122
2014/10/22,0,1355000,-1256000,99000
2014/10/23,0,145000,-1631000,-1486000
2014/10/24,0,60000,-1249000,-1189000
2014/10/27,0,1247000,-1034566,212434
2014/10/28,0,1908000,-851926,1056074
2014/10/29,0,1442000,-1371210,70790
2014/10/30,0,560289,-1699000,-1138711
2014/10/31,0,143000,-1525000,-1382000
2014/11/03,0,2485000,-1565000,920000
2014/11/04,0,1444000,-1293000,151000
2014/11/05,0,241824,-1022000,-780176
2014/11/06,0,296000,-647000,-351000
2014/11/07,0,649000,-602000,47000
2014/11/10,0,2266457,-618000,1648457
2014/11/11,0,735000,-53650,681350
2014/11/12,0,157000,-780000,-623000
2014/11/13,0,829000,-221000,608000
2014/11/14,0,665000,-487000,178000
2014/11/17,0,1482000,-1101400,380600
2014/11/18,0,1130000,-96000,1034000
2014/11/19,0,2153000,-137000,2016000
2014/11/20,0,524000,-937244,-413244
2014/11/21,0,814000,-1166165,-352165
2014/11/24,0,320000,-557685,-237685
2014/11/25,0,1413000,-529000,884000
2014/11/26,0,171000,-533000,-362000
2014/11/27,0,330000,-310000,20000
2014/11/28,0,170000,-212000,-42000
2014/12/01,0,829000,-194560,634440
2014/12/02,0,534000,-827605,-293605
2014/12/03,0,348000,-408000,-60000
2014/12/04,0,3781000,-486000,3295000
2014/12/05,0,388000,-258000,130000
2014/12/08,0,947000,-199000,748000
2014/12/09,0,535000,-439000,96000
2014/12/10,0,466000,-711600,-245600
2014/12/11,0,295000,-64000,231000
2014/12/12,0,2613000,-343055,2269945
2014/12/15,0,1155000,-130000,1025000
2014/12/16,0,1337000,-743000,594000
2014/12/17,0,4327000,-472000,3855000
2014/12/18,0,1223000,-1707576,-484576
2014/12/19,0,1074000,-1395096,-321096
2014/12/22,0,1373000,-306168,1066832
2014/12/23,0,1049000,-536000,513000
2014/12/24,0,794165,-565000,229165
2014/12/25,0,508000,-190000,318000
2014/12/26,0,657000,-108000,549000
2014/12/29,0,324000,-99630,224370
2014/12/30,0,26000,-205076,-179076
2014/12/31,0,734000,-249000,485000
2015/01/01,0,0,0,0
2015/01/02,0,0,0,0
2015/01/05,0,395000,-567000,-172000
2015/01/06,0,1739000,-548000,1191000
2015/01/07,0,582000,-1113000,-531000
2015/01/08,0,1463000,-1235000,228000
2015/01/09,0,275000,-1771000,-1496000
2015/01/12,0,197000,-349000,-152000
2015/01/13,0,95000,-553000,-458000
2015/01/14,0,399000,-444000,-45000
2015/01/15,0,57000,-1238000,-1181000
2015/01/16,0,24000,-623347,-599347
2015/01/19,0,89000,-568000,-479000
2015/01/20,0,128000,-524121,-396121
2015/01/21,0,358000,-2022000,-1664000
2015/01/22,0,1250000,-804000,446000
2015/01/23,0,78000,-357260,-279260
2015/01/26,0,96000,-1148000,-1052000
2015/01/27,0,76000,-185000,-109000
2015/01/28,0,834000,-289000,545000
2015/01/29,0,313000,-531000,-218000
2015/01/30,0,62000,-1939010,-1877010
2015/02/02,0,392338,-1354000,-961662
2015/02/03,0,530000,-209079,320921
2015/02/04,0,373000,-1342780,-969780
2015/02/05,0,107000,-923000,-816000
2015/02/06,0,232000,-203000,29000
2015/02/09,0,10000,-193000,-183000
2015/02/10,0,525000,-460000,65000
2015/02/11,0,103001,-190510,-87509
2015/02/12,0,313000,-370518,-57518
2015/02/13,0,743000,-106000,637000
2015/02/16,0,0,0,0
2015/02/17,0,0,0,0
2015/02/18,0,0,0,0
2015/02/19,0,0,0,0
2015/02/20,0,0,0,0
2015/02/23,0,0,0,0
2015/02/24,0,553000,-57000,496000
2015/02/25,0,693000,-104000,589000
2015/02/26,0,418000,-43000,375000
2015/02/27,0,0,0,0
2015/03/02,0,1064000,-1316000,-252000
2015/03/03,0,867000,-883000,-16000
2015/03/04,0,37000,-153000,-116000
2015/03/05,0,488000,-128000,360000
2015/03/06,0,94000,-110000,-16000
2015/03/09,0,345000,-41000,304000
2015/03/10,0,254000,-388000,-134000
2015/03/11,0,258000,-561000,-303000
2015/03/12,0,653000,-525510,127490
2015/03/13,0,414000,-1634918,-1220918
2015/03/16,0,236000,-338150,-102150
2015/03/17,0,448000,-685000,-237000
2015/03/18,0,2051000,-1348360,702640
2015/03/19,0,745000,-70000,675000
2015/03/20,0,661000,-2302000,-1641000
2015/03/23,0,493000,-166000,327000
2015/03/24,0,655000,-654000,1000
2015/03/25,0,370000,-284000,86000
2015/03/26,0,572000,-193000,379000
2015/03/27,0,690000,-3316000,-2626000
2015/03/30,0,229000,-477000,-248000
2015/03/31,0,217000,-427215,-210215
2015/04/01,0,457000,-470000,-13000
2015/04/02,0,1857000,-165000,1692000
2015/04/03,0,0,0,0
2015/04/06,0,0,0,0
2015/04/07,0,1238000,-47000,1191000
2015/04/08,0,58000,-1343000,-1285000
2015/04/09,0,140000,-512000,-372000
2015/04/10,0,58000,-321000,-263000
2015/04/13,0,123000,-774932,-651932
2015/04/14,0,94000,-233020,-139020
2015/04/15,0,185000,-1354480,-1169480
2015/04/16,0,174000,-1087000,-913000
2015/04/17,0,466000,-856133,-390133
2015/04/20,0,308000,-340000,-32000
2015/04/21,0,232000,-351000,-119000
2015/04/22,0,69000,-489000,-420000
2015/04/23,0,384000,-351000,33000
2015/04/24,0,1196000,-314000,882000
2015/04/27,0,772000,-304000,468000
2015/04/28,0,437000,-116000,321000
2015/04/29,0,896000,-146000,750000
2015/04/30,0,1327000,-348802,978198
2015/05/01,0,0,0,0
2015/05/04,0,849000,-687000,162000
2015/05/05,0,430000,-306000,124000
2015/05/06,0,529000,-516000,13000
2015/05/07,0,825000,-861000,-36000
2015/05/08,0,696000,-1110000,-414000
2015/05/11,0,654000,-981000,-327000
2015/05/12,0,421000,-392000,29000
2015/05/13,0,411000,-746000,-335000
2015/05/14,0,36000,-453000,-417000
2015/05/15,0,316000,-566345,-250345
2015/05/18,0,105000,-209000,-104000
2015/05/19,0,450000,-1399000,-949000
2015/05/20,0,93000,-1483000,-1390000
2015/05/21,0,153000,-828000,-675000
2015/05/22,0,114000,-606000,-492000
2015/05/25,0,323000,-381000,-58000
2015/05/26,0,240000,-101000,139000
2015/05/27,0,625000,-1560000,-935000
2015/05/28,0,381000,-827000,-446000
2015/05/29,0,2155000,-396000,1759000
2015/06/01,0,284000,-139000,145000
2015/06/02,0,300000,-831000,-531000
2015/06/03,0,238000,-1225000,-987000
2015/06/04,0,276000,-1124000,-848000
2015/06/05,0,173000,-1989000,-1816000
2015/06/08,0,148000,-1204000,-1056000
2015/06/09,0,756000,-1407000,-651000
2015/06/10,0,811000,-1766000,-955000
2015/06/11,0,174000,-1628000,-1454000
2015/06/12,0,140000,-1206000,-1066000
2015/06/15,0,220000,-864000,-644000
2015/06/16,0,160000,-1261000,-1101000
2015/06/17,0,580000,-3166000,-2586000
2015/06/18,0,1789478,-1138000,651478
2015/06/19,0,0,0,0
2015/06/22,0,432000,-1268367,-836367
2015/06/23,0,199000,-1776000,-1577000
2015/06/24,0,65000,-1462089,-1397089
2015/06/25,0,548000,-683000,-135000
2015/06/26,0,223000,-281000,-58000
2015/06/29,0,519000,-597000,-78000
2015/06/30,0,1936975,-3078975,-1142000
2015/07/01,0,299000,-667000,-368000
2015/07/02,0,236000,-1093000,-857000
2015/07/03,0,207000,-1212000,-1005000
2015/07/06,0,141000,-288000,-147000
2015/07/07,0,352000,-662000,-310000
2015/07/08,0,245000,-1820000,-1575000
2015/07/09,0,390000,-2092000,-1702000
2015/07/10,0,0,0,0
2015/07/13,0,262000,-1111000,-849000
2015/07/14,0,569000,-1557000,-988000
2015/07/15,0,129000,-1574000,-1445000
2015/07/16,0,487000,-434000,53000
2015/07/17,0,928000,-688000,240000
2015/07/20,0,582000,-825000,-243000
2015/07/21,0,552000,-875000,-323000
2015/07/22,0,388000,-316000,72000
2015/07/23,0,513000,-1450000,-937000
2015/07/24,0,233000,-1064944,-831944
2015/07/27,0,1195000,-596000,599000
2015/07/28,0,1929000,-1533000,396000
2015/07/29,0,790000,-700000,90000
2015/07/30,0,897000,-1225000,-328000
2015/07/31,0,419000,-655000,-236000
2015/08/03,0,397000,-1014000,-617000
2015/08/04,0,591000,-640000,-49000
2015/08/05,0,1125000,-2274000,-1149000
2015/08/06,0,514000,-2330000,-1816000
2015/08/07,0,964000,-1028000,-64000
2015/08/10,0,446000,-685000,-239000
2015/08/11,0,215000,-1980000,-1765000
2015/08/12,0,1203000,-342000,861000
2015/08/13,0,336000,-3006000,-2670000
2015/08/14,0,279000,-3163000,-2884000
2015/08/17,0,875000,-380000,495000
2015/08/18,0,986000,-1208000,-222000
2015/08/19,0,1432000,-2331000,-899000
2015/08/20,0,1607000,-1333000,274000
2015/08/21,0,880000,-1800000,-920000
2015/08/24,0,500000,-1714000,-1214000
2015/08/25,0,555000,-2476000,-1921000
2015/08/26,0,622000,-1564000,-942000
2015/08/27,0,1547771,-1089000,458771
2015/08/28,0,1447000,-746000,701000
2015/08/31,0,1444000,-349000,1095000
2015/09/01,0,796000,-661224,134776
2015/09/02,0,1275000,-938000,337000
2015/09/03,0,1842000,-474000,1368000
2015/09/04,0,179000,-1387000,-1208000
2015/09/07,0,373000,-635000,-262000
2015/09/08,0,1487000,-250000,1237000
2015/09/09,0,762000,-837000,-75000
2015/09/10,0,2017000,-228000,1789000
2015/09/11,0,1038000,-565000,473000
2015/09/14,0,3284000,-481000,2803000
2015/09/15,0,971000,-573000,398000
2015/09/16,0,283000,-928000,-645000
2015/09/17,0,520000,-152000,368000
2015/09/18,0,1892000,-1416000,476000
2015/09/21,0,366000,-836000,-470000
2015/09/22,0,940000,-284000,656000
2015/09/23,0,451000,-675443,-224443
2015/09/24,0,434000,-913000,-479000
2015/09/25,0,195000,-345000,-150000
2015/09/28,0,0,0,0
2015/09/29,0,0,0,0
2015/09/30,0,2111000,-375000,1736000
2015/10/01,0,306000,-1859000,-1553000
2015/10/02,0,110000,-1067000,-957000
2015/10/05,0,472000,-211000,261000
2015/10/06,0,519000,-265000,254000
2015/10/07,0,1824070,-135000,1689070
2015/10/08,0,4380072,-219000,4161072
2015/10/09,0,0,0,0
2015/10/12,0,2624692,-430000,2194692
2015/10/13,0,3266000,-104000,3162000
2015/10/14,0,1812000,-165000,1647000
2015/10/15,0,3511000,-254000,3257000
2015/10/16,0,1382000,-1451000,-69000
2015/10/19,0,1833000,-621000,1212000
2015/10/20,0,6773000,-679000,6094000
2015/10/21,0,3479000,-2269000,1210000
2015/10/22,0,393000,-431000,-38000
2015/10/23,0,389000,-752000,-363000
2015/10/26,0,212000,-1185000,-973000
2015/10/27,0,1472000,-565000,907000
2015/10/28,0,1439157,-274040,1165117
2015/10/29,0,385000,-782260,-397260
2015/10/30,0,232000,-760000,-528000
2015/11/02,0,1019000,-344000,675000
2015/11/03,0,1521000,-435000,1086000
2015/11/04,0,1455000,-94584,1360416
2015/11/05,0,472000,-80000,392000
2015/11/06,0,576000,-493000,83000
2015/11/09,0,115000,-328000,-213000
2015/11/10,0,374000,-247000,127000
2015/11/11,0,708000,-752000,-44000
2015/11/12,0,20000,-498000,-478000
2015/11/13,0,360000,-190000,170000
2015/11/16,0,343000,-667000,-324000
2015/11/17,0,158000,-907000,-749000
2015/11/18,0,1042000,-641000,401000
2015/11/19,0,72000,-598000,-526000
2015/11/20,0,228000,-2047000,-1819000
2015/11/23,0,162000,-1241000,-1079000
2015/11/24,0,565000,-2658477,-2093477
2015/11/25,0,306000,-1222000,-916000
2015/11/26,0,460000,-1845000,-1385000
2015/11/27,0,1055000,-1660000,-605000
2015/11/30,0,830000,-3236000,-2406000
2015/12/01,0,594000,-1663480,-1069480
2015/12/02,0,436000,-767000,-331000
2015/12/03,0,512000,-769000,-257000
2015/12/04,0,571000,-831000,-260000
2015/12/07,0,598000,-386000,212000
2015/12/08,0,872000,-497000,375000
2015/12/09,0,43000,-1402000,-1359000
2015/12/10,0,596000,-1292500,-696500
2015/12/11,0,482000,-717310,-235310
2015/12/14,0,258000,-431000,-173000
2015/12/15,0,984000,-547000,437000
2015/12/16,0,38000,-1191000,-1153000
2015/12/17,0,563000,-554000,9000
2015/12/18,0,1588000,-636000,952000
2015/12/21,0,1259000,-774000,485000
2015/12/22,0,704000,-1207020,-503020
2015/12/23,0,1201000,-1104555,96445
2015/12/24,0,286000,-902000,-616000
2015/12/25,0,337000,-138000,199000
2015/12/28,0,578000,-330000,248000
2015/12/29,0,484000,-884512,-400512
2015/12/30,0,354000,-928110,-574110
2015/12/31,0,31000,-91000,-60000
2016/01/01,0,0,0,0
2016/01/04,0,505000,-475000,30000
2016/01/05,0,361000,-1395000,-1034000
2016/01/06,0,1124000,-301000,823000
2016/01/07,0,1840000,-344000,1496000
2016/01/08,0,986000,-725000,261000
2016/01/11,0,611000,-1168000,-557000
2016/01/12,0,796000,-1358000,-562000
2016/01/13,0,295000,-1392500,-1097500
2016/01/14,0,1126000,-404000,722000
2016/01/15,0,738000,-219245,518755
2016/01/18,0,1430000,-465000,965000
2016/01/19,0,313000,-784000,-471000
2016/01/20,0,613000,-480000,133000
2016/01/21,0,394245,-428000,-33755
2016/01/22,0,450000,-823000,-373000
2016/01/25,0,445000,-500000,-55000
2016/01/26,0,678000,-122000,556000
2016/01/27,0,731415,-183000,548415
2016/01/28,0,1039000,-197000,842000
2016/01/29,0,1390000,-648000,742000
2016/02/01,0,992000,-283000,709000
2016/02/02,0,1334704,-46000,1288704
2016/02/03,0,1788660,-350000,1438660
2016/02/04,0,0,0,0
2016/02/05,0,0,0,0
2016/02/08,0,0,0,0
2016/02/09,0,0,0,0
2016/02/10,0,0,0,0
2016/02/11,0,0,0,0
2016/02/12,0,0,0,0
2016/02/15,0,879000,-611000,268000
2016/02/16,0,2225000,-325000,1900000
2016/02/17,0,512000,-343000,169000
2016/02/18,0,1127000,-189000,938000
2016/02/19,0,856000,-775896,80104
2016/02/22,0,817000,-361000,456000
2016/02/23,0,1431415,-199000,1232415
2016/02/24,0,731000,-343000,388000
2016/02/25,0,611000,-439956,171044
2016/02/26,0,1216245,-231000,985245
2016/02/29,0,0,0,0
2016/03/01,0,1732000,-21000,1711000
2016/03/02,0,1861000,-199000,1662000
2016/03/03,0,985000,-208000,777000
2016/03/04,0,1356000,-96000,1260000
2016/03/07,0,363000,-189000,174000
2016/03/08,0,1982000,-177000,1805000
2016/03/09,0,362000,-409000,-47000
2016/03/10,0,506000,-298000,208000
2016/03/11,0,921000,-400000,521000
2016/03/14,0,937000,-722000,215000
2016/03/15,0,966000,-208000,758000
2016/03/16,0,1099000,-215000,884000
2016/03/17,0,1370000,-400000,970000
2016/03/18,0,1727000,-142000,1585000
2016/03/21,0,775000,-75000,700000
2016/03/22,0,2715415,-226005,2489410
2016/03/23,0,859000,-35000,824000
2016/03/24,0,1321000,-972000,349000
2016/03/25,0,180000,-1263000,-1083000
2016/03/28,0,338000,-1077000,-739000
2016/03/29,0,916000,-397000,519000
2016/03/30,0,772000,-233000,539000
2016/03/31,0,925000,-604000,321000
2016/04/01,0,1489072,-1404000,85072
2016/04/04,0,0,0,0
2016/04/05,0,0,0,0
2016/04/06,0,919000,-397000,522000
2016/04/07,0,1218000,-529000,689000
2016/04/08,0,2048000,-259000,1789000
2016/04/11,0,1220000,-682000,538000
2016/04/12,0,2299000,-883412,1415588
2016/04/13,0,948000,-99000,849000
2016/04/14,0,815000,-554000,261000
2016/04/15,0,257000,-432000,-175000
2016/04/18,0,791000,-403000,388000
2016/04/19,0,1581058,-236000,1345058
2016/04/20,0,1471000,-777000,694000
2016/04/21,0,404000,-786000,-382000
2016/04/22,0,1193000,-1120000,73000
2016/04/25,0,1737744,-489000,1248744
2016/04/26,0,1854372,-196000,1658372
2016/04/27,0,2256000,-1101000,1155000
2016/04/28,0,755000,-1134000,-379000
2016/04/29,0,1018000,-1353000,-335000
2016/05/02,0,0,0,0
2016/05/03,0,739000,-1080000,-341000
2016/05/04,0,1312000,-1569000,-257000
2016/05/05,0,451000,-1225000,-774000
2016/05/06,0,154000,-1185000,-1031000
2016/05/09,0,1723000,-547000,1176000
2016/05/10,0,421000,-571632,-150632
2016/05/11,0,753000,-1055000,-302000
2016/05/12,0,302000,-1187000,-885000
2016/05/13,0,888686,-406000,482686
2016/05/16,0,586000,-616000,-30000
2016/05/17,0,525372,-435000,90372
2016/05/18,0,1425000,-356000,1069000
2016/05/19,0,398000,-911000,-513000
2016/05/20,0,1294000,-174000,1120000
2016/05/23,0,555686,-253000,302686
2016/05/24,0,1393000,-151281,1241719
2016/05/25,0,1506000,-197000,1309000
2016/05/26,0,1576000,-265000,1311000
2016/05/27,0,2172000,-52000,2120000
2016/05/30,0,1483000,-98000,1385000
2016/05/31,0,2482000,-958000,1524000
2016/06/01,0,3088000,-263713,2824287
2016/06/02,0,1566000,-227000,1339000
2016/06/03,0,1197000,-329000,868000
2016/06/06,0,1280000,-184000,1096000
2016/06/07,0,2055000,-36000,2019000
2016/06/08,0,832000,-321000,511000
2016/06/09,0,0,0,0
2016/06/10,0,0,0,0
2016/06/13,0,1875000,-276000,1599000
2016/06/14,0,1399000,-262000,1137000
2016/06/15,0,645000,-269000,376000
2016/06/16,0,1904000,-678000,1226000
2016/06/17,0,1088000,-1790515,-702515
2016/06/20,0,1850000,-652701,1197299
2016/06/21,0,1655000,-394000,1261000
2016/06/22,0,1469000,-237000,1232000
2016/06/23,0,1359000,-147000,1212000
2016/06/24,0,1273000,-138000,1135000
2016/06/27,0,1819000,-445000,1374000
2016/06/28,0,1521000,-348000,1173000
2016/06/29,0,1681000,-341000,1340000
2016/06/30,0,1421000,-937312,483688
2016/07/01,0,1741000,-301000,1440000
2016/07/04,0,804000,-418700,385300
2016/07/05,0,1180000,-591616,588384
2016/07/06,0,1231000,-134000,1097000
2016/07/07,0,2086000,-896000,1190000
2016/07/08,0,0,0,0
2016/07/11,0,2419117,-1588000,831117
2016/07/12,0,2552000,-281000,2271000
2016/07/13,0,3257000,-347000,2910000
2016/07/14,0,1036000,-713000,323000
2016/07/15,0,3406000,-876000,2530000
2016/07/18,0,3023000,-562000,2461000
2016/07/19,0,1757000,-882000,875000
2016/07/20,0,723000,-2028000,-1305000
2016/07/21,0,2249000,-744000,1505000
2016/07/22,0,1074000,-55000,1019000
2016/07/25,0,1759000,-489000,1270000
2016/07/26,0,1564000,-400000,1164000
2016/07/27,0,1313816,-569000,744816
2016/07/28,0,557908,-418000,139908
2016/07/29,0,815000,-1138000,-323000
2016/08/01,0,2480724,-630000,1850724
2016/08/02,0,1491000,-544000,947000
2016/08/03,0,1934000,-442000,1492000
2016/08/04,0,710000,-164000,546000
2016/08/05,0,760000,-515000,245000
2016/08/08,0,1242000,-167240,1074760
2016/08/09,0,798000,-285000,513000
2016/08/10,0,657000,-224700,432300
2016/08/11,0,1937000,-398000,1539000
2016/08/12,0,1297000,-272000,1025000
2016/08/15,0,671632,-256000,415632
2016/08/16,0,1542000,-707000,835000
2016/08/17,0,1512164,-505382,1006782
2016/08/18,0,1147000,-501000,646000
2016/08/19,0,1037000,-1281891,-244891
2016/08/22,0,661000,-250000,411000
2016/08/23,0,1269816,-99000,1170816
2016/08/24,0,1187908,-90000,1097908
2016/08/25,0,4954000,-670000,4284000
2016/08/26,0,2651841,-1348000,1303841
2016/08/29,0,2331000,-917000,1414000
2016/08/30,0,1892000,-510000,1382000
2016/08/31,0,1682000,-170000,1512000
2016/09/01,0,2263000,-173000,2090000
2016/09/02,0,2592000,-216000,2376000
2016/09/05,0,1124000,-41000,1083000
2016/09/06,0,5272000,-559000,4713000
2016/09/07,0,540218,-452000,88218
2016/09/08,0,2100327,-715000,1385327
2016/09/09,0,910000,-1097000,-187000
2016/09/12,0,1679000,-377000,1302000
2016/09/13,0,995000,-150000,845000
2016/09/14,0,1380000,-271000,1109000
2016/09/15,0,0,0,0
2016/09/16,0,0,0,0
2016/09/19,0,600255,-717000,-116745
2016/09/20,0,624000,-333060,290940
2016/09/21,0,973000,-131000,842000
2016/09/22,0,654000,-768000,-114000
2016/09/23,0,2912000,-1176000,1736000
2016/09/26,0,606438,-143000,463438
2016/09/27,0,0,0,0
2016/09/28,0,0,0,0
2016/09/29,0,1421000,-563688,857312
2016/09/30,0,710000,-1695000,-985000
2016/10/03,0,574074,-955000,-380926
2016/10/04,0,1236000,-673249,562751
2016/10/05,0,6572900,-3169900,3403000
2016/10/06,0,553000,-1404000,-851000
2016/10/07,0,768000,-1161000,-393000
2016/10/10,0,0,0,0
2016/10/11,0,3914000,-564000,3350000
2016/10/12,0,1567721,-119000,1448721
2016/10/13,0,1477000,-173000,1304000
2016/10/14,0,892000,-240000,652000
2016/10/17,0,860000,-416000,444000
2016/10/18,0,640000,-343000,297000
2016/10/19,0,626674,-867000,-240326
2016/10/20,0,929000,-283000,646000
2016/10/21,0,1447000,-1191000,256000
2016/10/24,0,726000,-291000,435000
2016/10/25,0,540143,-486000,54143
2016/10/26,0,804000,-648000,156000
2016/10/27,0,987000,-524000,463000
2016/10/28,0,130000,-1387000,-1257000
2016/10/31,0,569000,-1473000,-904000
2016/11/01,0,433000,-476000,-43000
2016/11/02,0,650000,-220000,430000
2016/11/03,0,541000,-275000,266000
2016/11/04,0,2579000,-566000,2013000
2016/11/07,0,1326000,-404000,922000
2016/11/08,0,1314000,-323000,991000
2016/11/09,0,1492000,-562000,930000
2016/11/10,0,2380000,-1656000,724000
2016/11/11,0,937000,-1547000,-610000
2016/11/14,0,906000,-1190000,-284000
2016/11/15,0,2075000,-676000,1399000
2016/11/16,0,2692000,-960000,1732000
2016/11/17,0,2086000,-1223674,862326
2016/11/18,0,4830000,-758000,4072000
2016/11/21,0,2136000,-644000,1492000
2016/11/22,0,3211000,-551000,2660000
2016/11/23,0,1475000,-171000,1304000
2016/11/24,0,1886000,-116000,1770000
2016/11/25,0,1522000,-147000,1375000
2016/11/28,0,1300000,-278000,1022000
2016/11/29,0,1275000,-116000,1159000
2016/11/30,0,4174000,-1965000,2209000
2016/12/01,0,1030000,-654000,376000
2016/12/02,0,761000,-524000,237000
2016/12/05,0,2892000,-2673707,218293
2016/12/06,0,1320000,-2339000,-1019000
2016/12/07,0,2896000,-832000,2064000
2016/12/08,0,2167000,-856000,1311000
2016/12/09,0,2596000,-614282,1981718
2016/12/12,0,1066000,-993000,73000
2016/12/13,0,6121000,-465000,5656000
2016/12/14,0,2322000,-728000,1594000
2016/12/15,0,3072000,-107000,2965000
2016/12/16,0,1351000,-2250000,-899000
2016/12/19,0,813000,-934000,-121000
2016/12/20,0,1108000,-679890,428110
2016/12/21,0,582000,-420000,162000
2016/12/22,0,2657000,-1100000,1557000
2016/12/23,0,2495000,-296000,2199000
2016/12/26,0,501000,-233000,268000
2016/12/27,0,399000,-246000,153000
2016/12/28,0,2004000,-279000,1725000
2016/12/29,0,1156717,-454297,702420
2016/12/30,0,434000,-124000,310000
2017/01/02,0,0,0,0
2017/01/03,0,3712000,-440000,3272000
2017/01/04,0,3992000,-846000,3146000
2017/01/05,0,3941294,-900000,3041294
2017/01/06,0,3302000,-1690000,1612000
2017/01/09,0,907000,-949035,-42035
2017/01/10,0,2456000,-346000,2110000
2017/01/11,0,1876000,-347000,1529000
2017/01/12,0,1170000,-1533000,-363000
2017/01/13,0,1410000,0,1410000
2017/01/16,0,561000,-212000,349000
2017/01/17,0,1513000,-340000,1173000
2017/01/18,0,2938000,-550380,2387620
2017/01/19,0,666000,-1315738,-649738
2017/01/20,0,1557000,-922000,635000
2017/01/23,0,2799000,-579868,2219132
2017/01/24,0,3797450,-683088,3114362
2017/01/25,0,0,0,0
2017/01/26,0,0,0,0
2017/01/27,0,0,0,0
2017/01/30,0,0,0,0
2017/01/31,0,0,0,0
2017/02/01,0,0,0,0
2017/02/02,0,6208634,-1090000,5118634
2017/02/03,0,1595000,-1840368,-245368
2017/02/06,0,1860000,-1010000,850000
2017/02/07,0,1002000,-642153,359847
2017/02/08,0,1637000,-1618393,18607
2017/02/09,0,1953000,-789609,1163391
2017/02/10,0,2184450,-639058,1545392
2017/02/13,0,2809000,-1655489,1153511
2017/02/14,0,4098450,-2169654,1928796
2017/02/15,0,2255000,-2833257,-578257
2017/02/16,0,3671450,-2103225,1568225
2017/02/17,0,1489000,-860000,629000
2017/02/20,0,890000,-1133000,-243000
2017/02/21,0,1085000,-1015000,70000
2017/02/22,0,231175,-1607884,-1376709
2017/02/23,0,794000,-682219,111781
2017/02/24,0,1131000,-730000,401000
2017/02/27,0,0,0,0
2017/02/28,0,0,0,0
2017/03/01,0,2431000,-1184557,1246443
2017/03/02,0,1097000,-2343000,-1246000
2017/03/03,0,932000,-1240815,-308815
2017/03/06,0,1174000,-1398332,-224332
2017/03/07,0,2416000,-1220940,1195060
2017/03/08,0,1026000,-1405775,-379775
2017/03/09,0,1081896,-904991,176905
2017/03/10,0,2752000,-2400944,351056
2017/03/13,0,3558001,-418000,3140001
2017/03/14,0,2541000,-738216,1802784
2017/03/15,0,2834000,-2638000,196000
2017/03/16,0,2845000,-721000,2124000
2017/03/17,0,2910000,-1056631,1853369
2017/03/20,0,1370000,-354489,1015511
2017/03/21,0,2510136,-141021,2369115
2017/03/22,0,2333000,-779149,1553851
2017/03/23,0,749001,-235000,514001
2017/03/24,0,1070136,-1112000,-41864
2017/03/27,0,4797000,-1308468,3488532
2017/03/28,0,2725000,-580000,2145000
2017/03/29,0,3188000,-598000,2590000
2017/03/30,0,5328000,-812000,4516000
2017/03/31,0,2177000,-1662685,514315
2017/04/03,0,0,0,0
2017/04/04,0,0,0,0
2017/04/05,0,3171272,-1289000,1882272
2017/04/06,0,1899000,-1030000,869000
2017/04/07,0,2581000,-786000,1795000
2017/04/10,0,3897000,-2603100,1293900
2017/04/11,0,1827120,-1446000,381120
2017/04/12,0,1878000,-2535071,-657071
2017/04/13,0,1359000,-471000,888000
2017/04/14,0,1768000,-2917000,-1149000
2017/04/17,0,2151000,-1534000,617000
2017/04/18,0,1885000,-696000,1189000
2017/04/19,0,1951000,-1030000,921000
