Date,Open,Buy,Sell,Total
2007/01/02,0,0,-183000,-183000
2007/01/03,0,0,-486320,-486320
2007/01/04,0,0,-300000,-300000
2007/01/05,0,64000,-145000,-81000
2007/01/08,0,0,-642000,-642000
2007/01/09,0,0,-317699,-317699
2007/01/10,0,2000,-106000,-104000
2007/01/11,0,604000,-9000,595000
2007/01/12,0,5000,-79000,-74000
2007/01/15,0,191000,0,191000
2007/01/16,0,3000,-686000,-683000
2007/01/17,0,495000,-205000,290000
2007/01/18,0,0,-874000,-874000
2007/01/19,0,0,-178200,-178200
2007/01/22,0,32000,-152000,-120000
2007/01/23,0,62000,-81000,-19000
2007/01/24,0,14000,0,14000
2007/01/25,0,14000,-1250000,-1236000
2007/01/26,0,0,-500000,-500000
2007/01/29,0,0,-2000,-2000
2007/01/30,0,42000,0,42000
2007/01/31,0,0,-170000,-170000
2007/02/01,0,0,-228000,-228000
2007/02/02,0,0,0,0
2007/02/05,0,32000,-2000,30000
2007/02/06,0,36000,0,36000
2007/02/07,0,326000,0,326000
2007/02/08,0,3000,0,3000
2007/02/09,0,64000,-50000,14000
2007/02/12,0,0,0,0
2007/02/13,0,0,0,0
2007/02/14,0,56000,-3000,53000
2007/02/15,0,0,0,0
2007/02/16,0,0,0,0
2007/02/19,0,0,0,0
2007/02/20,0,0,0,0
2007/02/21,0,0,0,0
2007/02/22,0,0,0,0
2007/02/23,0,0,0,0
2007/02/26,0,0,0,0
2007/02/27,0,121000,0,121000
2007/02/28,0,0,0,0
2007/03/01,0,6000,0,6000
2007/03/02,0,0,0,0
2007/03/05,0,0,0,0
2007/03/06,0,135000,0,135000
2007/03/07,0,0,0,0
2007/03/08,0,0,0,0
2007/03/09,0,0,-130000,-130000
2007/03/12,0,77000,0,77000
2007/03/13,0,0,0,0
2007/03/14,0,0,0,0
2007/03/15,0,0,0,0
2007/03/16,0,0,-3000,-3000
2007/03/19,0,2000,0,2000
2007/03/20,0,0,-238000,-238000
2007/03/21,0,1976000,-12000,1964000
2007/03/22,0,0,-88000,-88000
2007/03/23,0,605000,-19000,586000
2007/03/26,0,0,-1000,-1000
2007/03/27,0,132000,0,132000
2007/03/28,0,0,-2162000,-2162000
2007/03/29,0,0,-101000,-101000
2007/03/30,0,0,-501000,-501000
2007/04/02,0,0,0,0
2007/04/03,0,72000,0,72000
2007/04/04,0,0,-4000,-4000
2007/04/05,0,0,0,0
2007/04/06,0,0,0,0
2007/04/09,0,0,-307000,-307000
2007/04/10,0,0,-4000,-4000
2007/04/11,0,2000,0,2000
2007/04/12,0,2000000,-1000,1999000
2007/04/13,0,761000,-7000,754000
2007/04/16,0,686000,0,686000
2007/04/17,0,4000,0,4000
2007/04/18,0,60000,0,60000
2007/04/19,0,0,0,0
2007/04/20,0,0,-35000,-35000
2007/04/23,0,969000,0,969000
2007/04/24,0,0,-40000,-40000
2007/04/25,0,0,0,0
2007/04/26,0,0,0,0
2007/04/27,0,0,0,0
2007/04/30,0,0,0,0
2007/05/01,0,0,0,0
2007/05/02,0,15000,0,15000
2007/05/03,0,12000,-228000,-216000
2007/05/04,0,0,-16000,-16000
2007/05/07,0,130000,0,130000
2007/05/08,0,0,-100000,-100000
2007/05/09,0,0,0,0
2007/05/10,0,0,-9000,-9000
2007/05/11,0,0,-6000,-6000
2007/05/14,0,18000,-5000,13000
2007/05/15,0,18000,-605000,-587000
2007/05/16,0,0,-3000,-3000
2007/05/17,0,0,-2000,-2000
2007/05/18,0,40000,-134000,-94000
2007/05/21,0,0,-12000,-12000
2007/05/22,0,1000,0,1000
2007/05/23,0,0,-50000,-50000
2007/05/24,0,0,0,0
2007/05/25,0,0,0,0
2007/05/28,0,0,0,0
2007/05/29,0,0,0,0
2007/05/30,0,0,-175000,-175000
2007/05/31,0,0,-899000,-899000
2007/06/01,0,0,-656000,-656000
2007/06/04,0,2000,-40000,-38000
2007/06/05,0,0,-52000,-52000
2007/06/06,0,186000,-158000,28000
2007/06/07,0,0,0,0
2007/06/08,0,0,-1281000,-1281000
2007/06/11,0,0,0,0
2007/06/12,0,16000,0,16000
2007/06/13,0,0,0,0
2007/06/14,0,0,-24000,-24000
2007/06/15,0,9000,-801000,-792000
2007/06/18,0,0,0,0
2007/06/19,0,0,0,0
2007/06/20,0,1867000,-794000,1073000
2007/06/21,0,0,-6000,-6000
2007/06/22,0,0,-30000,-30000
2007/06/25,0,0,-398000,-398000
2007/06/26,0,15000,0,15000
2007/06/27,0,233000,0,233000
2007/06/28,0,0,0,0
2007/06/29,0,0,0,0
2007/07/02,0,0,0,0
2007/07/03,0,0,0,0
2007/07/04,0,102000,0,102000
2007/07/05,0,108000,-6000,102000
2007/07/06,0,216000,0,216000
2007/07/09,0,196000,-1075180,-879180
2007/07/10,0,0,0,0
2007/07/11,0,4000,0,4000
2007/07/12,0,1000,0,1000
2007/07/13,0,0,0,0
2007/07/16,0,0,-50000,-50000
2007/07/17,0,0,-54000,-54000
2007/07/18,0,7000,0,7000
2007/07/19,0,1000,0,1000
2007/07/20,0,540000,-2000,538000
2007/07/23,0,502000,0,502000
2007/07/24,0,100000,-3000,97000
2007/07/25,0,0,0,0
2007/07/26,0,13000,-12000,1000
2007/07/27,0,2000,-35000,-33000
2007/07/30,0,2000,0,2000
2007/07/31,0,0,-1000,-1000
2007/08/01,0,1000,-38000,-37000
2007/08/02,0,890000,-1000,889000
2007/08/03,0,940000,-927000,13000
2007/08/06,0,584000,0,584000
2007/08/07,0,1000,0,1000
2007/08/08,0,31000,0,31000
2007/08/09,0,0,0,0
2007/08/10,0,0,-27000,-27000
2007/08/13,0,0,-2000,-2000
2007/08/14,0,3000,-402000,-399000
2007/08/15,0,7000,0,7000
2007/08/16,0,11000,-6000,5000
2007/08/17,0,15000,-3000,12000
2007/08/20,0,6000,-5000,1000
2007/08/21,0,5000,0,5000
2007/08/22,0,34000,-3000,31000
2007/08/23,0,4000,0,4000
2007/08/24,0,205000,-5000,200000
2007/08/27,0,3000,-10000,-7000
2007/08/28,0,0,-2100000,-2100000
2007/08/29,0,20000,-811000,-791000
2007/08/30,0,2383000,-166000,2217000
2007/08/31,0,20000,-11000,9000
2007/09/03,0,12000,-33000,-21000
2007/09/04,0,31000,-33000,-2000
2007/09/05,0,1100000,0,1100000
2007/09/06,0,250000,0,250000
2007/09/07,0,504000,-16000,488000
2007/09/10,0,0,-7000,-7000
2007/09/11,0,10000,0,10000
2007/09/12,0,5000,-375,4625
2007/09/13,0,0,0,0
2007/09/14,0,4000,0,4000
2007/09/17,0,0,0,0
2007/09/18,0,0,0,0
2007/09/19,0,3000,0,3000
2007/09/20,0,6000,0,6000
2007/09/21,0,602000,-1000,601000
2007/09/24,0,0,0,0
2007/09/25,0,0,0,0
2007/09/26,0,1000,-7000,-6000
2007/09/27,0,12000,0,12000
2007/09/28,0,800000,-18000,782000
2007/10/01,0,210000,-8000,202000
2007/10/02,0,1020000,-11000,1009000
2007/10/03,0,1500000,-1000,1499000
2007/10/04,0,0,-25000,-25000
2007/10/05,0,0,-1001000,-1001000
2007/10/08,0,1620000,-7000,1613000
2007/10/09,0,4000,0,4000
2007/10/10,0,0,0,0
2007/10/11,0,123000,-20000,103000
2007/10/12,0,50000,0,50000
2007/10/15,0,3000,-33000,-30000
2007/10/16,0,1452000,0,1452000
2007/10/17,0,1524000,0,1524000
2007/10/18,0,5890000,-5000,5885000
2007/10/19,0,5503000,-414000,5089000
2007/10/22,0,600000,-280000,320000
2007/10/23,0,2015000,-463000,1552000
2007/10/24,0,2148000,0,2148000
2007/10/25,0,1133000,0,1133000
2007/10/26,0,0,-2536000,-2536000
2007/10/29,0,0,-50000,-50000
2007/10/30,0,1896000,0,1896000
2007/10/31,0,1247000,0,1247000
2007/11/01,0,584000,-2302000,-1718000
2007/11/02,0,413000,0,413000
2007/11/05,0,1464000,-10000,1454000
2007/11/06,0,1208000,-634000,574000
2007/11/07,0,1158000,-366000,792000
2007/11/08,0,138000,-1000000,-862000
2007/11/09,0,33000,-61500,-28500
2007/11/12,0,63000,-240000,-177000
2007/11/13,0,2000,-26000,-24000
2007/11/14,0,973000,-1000,972000
2007/11/15,0,1000,-100000,-99000
2007/11/16,0,30000,-1089000,-1059000
2007/11/19,0,301000,-17000,284000
2007/11/20,0,970000,0,970000
2007/11/21,0,201000,0,201000
2007/11/22,0,2000,-130000,-128000
2007/11/23,0,1581000,-93000,1488000
2007/11/26,0,833000,-17000,816000
2007/11/27,0,601000,-755000,-154000
2007/11/28,0,0,-951000,-951000
2007/11/29,0,3506000,0,3506000
2007/11/30,0,210000,-250000,-40000
2007/12/03,0,679000,-430000,249000
2007/12/04,0,10000,-100000,-90000
2007/12/05,0,19000,0,19000
2007/12/06,0,1000,-661000,-660000
2007/12/07,0,0,-738000,-738000
2007/12/10,0,80000,-422000,-342000
2007/12/11,0,1000,-68625,-67625
2007/12/12,0,0,-380000,-380000
2007/12/13,0,24000,-857000,-833000
2007/12/14,0,572000,-710500,-138500
2007/12/17,0,406000,-600000,-194000
2007/12/18,0,431000,-76000,355000
2007/12/19,0,341000,0,341000
2007/12/20,0,59000,-50000,9000
2007/12/21,0,633000,-51000,582000
2007/12/24,0,468000,0,468000
2007/12/25,0,885000,-1000,884000
2007/12/26,0,1000000,-140000,860000
2007/12/27,0,714000,0,714000
2007/12/28,0,60000,-1000,59000
2007/12/31,0,10000,-30000,-20000
2008/01/01,0,0,0,0
2008/01/02,0,0,-520000,-520000
2008/01/03,0,807000,-932000,-125000
2008/01/04,0,0,-818000,-818000
2008/01/07,0,2000,-1036000,-1034000
2008/01/08,0,3000,-719000,-716000
2008/01/09,0,160000,-7250000,-7090000
2008/01/10,0,362000,-565000,-203000
2008/01/11,0,1000,-161000,-160000
2008/01/14,0,0,-785000,-785000
2008/01/15,0,1000,-13000,-12000
2008/01/16,0,1000,-2490000,-2489000
2008/01/17,0,20000,-11000,9000
2008/01/18,0,63000,-410000,-347000
2008/01/21,0,9000,-699000,-690000
2008/01/22,0,0,-400000,-400000
2008/01/23,0,10000,0,10000
2008/01/24,0,401000,-1100000,-699000
2008/01/25,0,329000,-1090000,-761000
2008/01/28,0,1000,0,1000
2008/01/29,0,9000,0,9000
2008/01/30,0,5000,0,5000
2008/01/31,0,0,-1704000,-1704000
2008/02/01,0,1002000,0,1002000
2008/02/04,0,0,0,0
2008/02/05,0,0,0,0
2008/02/06,0,0,0,0
2008/02/07,0,0,0,0
2008/02/08,0,0,0,0
2008/02/11,0,0,0,0
2008/02/12,0,1030000,-16000,1014000
2008/02/13,0,581000,-44000,537000
2008/02/14,0,90000,-51000,39000
2008/02/15,0,601000,0,601000
2008/02/18,0,850000,0,850000
2008/02/19,0,347000,0,347000
2008/02/20,0,1032000,-2001000,-969000
2008/02/21,0,1147000,-15000,1132000
2008/02/22,0,57000,-200000,-143000
2008/02/25,0,602000,-2000,600000
2008/02/26,0,700000,-75000,625000
2008/02/27,0,3308000,-1000,3307000
2008/02/28,0,0,0,0
2008/02/29,0,166000,-501000,-335000
2008/03/03,0,0,-57000,-57000
2008/03/04,0,2000,-2191000,-2189000
2008/03/05,0,1000,-951000,-950000
2008/03/06,0,3007000,-3000,3004000
2008/03/07,0,1336000,-1000,1335000
2008/03/10,0,4000,-185890,-181890
2008/03/11,0,70000,0,70000
2008/03/12,0,419000,-311000,108000
2008/03/13,0,380000,-1000,379000
2008/03/14,0,287000,-315000,-28000
2008/03/17,0,3000,-1000,2000
2008/03/18,0,1882000,-2719000,-837000
2008/03/19,0,110000,-3150000,-3040000
2008/03/20,0,3000,-1900000,-1897000
2008/03/21,0,90000,0,90000
2008/03/24,0,6000,0,6000
2008/03/25,0,3000,-243000,-240000
2008/03/26,0,94000,0,94000
2008/03/27,0,4000,-6000,-2000
2008/03/28,0,4000,-60000,-56000
2008/03/31,0,3000,-3000,0
2008/04/01,0,1802000,0,1802000
2008/04/02,0,8714000,-46000,8668000
2008/04/03,0,12573000,0,12573000
2008/04/04,0,0,0,0
2008/04/07,0,2678000,-100000,2578000
2008/04/08,0,2301000,0,2301000
2008/04/09,0,4216000,0,4216000
2008/04/10,0,3954000,0,3954000
2008/04/11,0,3720000,0,3720000
2008/04/14,0,404000,-51000,353000
2008/04/15,0,2200000,0,2200000
2008/04/16,0,1768000,-1000,1767000
2008/04/17,0,3786000,-672000,3114000
2008/04/18,0,2802000,-150000,2652000
2008/04/21,0,2203000,0,2203000
2008/04/22,0,1732000,-676000,1056000
2008/04/23,0,1976000,-800000,1176000
2008/04/24,0,7448000,-497000,6951000
2008/04/25,0,1365000,-20000,1345000
2008/04/28,0,2941000,0,2941000
2008/04/29,0,2585000,-688000,1897000
2008/04/30,0,2148000,-225000,1923000
2008/05/01,0,0,0,0
2008/05/02,0,7909000,-419000,7490000
2008/05/05,0,1276000,-5000,1271000
2008/05/06,0,965000,-155000,810000
2008/05/07,0,347000,-700000,-353000
2008/05/08,0,96000,-105000,-9000
2008/05/09,0,8000,-1400000,-1392000
2008/05/12,0,112000,-10000,102000
2008/05/13,0,192000,-242000,-50000
2008/05/14,0,73000,0,73000
2008/05/15,0,5000,-3746000,-3741000
2008/05/16,0,50000,-849000,-799000
2008/05/19,0,0,-6000,-6000
2008/05/20,0,0,-2004000,-2004000
2008/05/21,0,0,-5342000,-5342000
2008/05/22,0,407000,-7920000,-7513000
2008/05/23,0,1605000,-802000,803000
2008/05/26,0,468000,-317000,151000
2008/05/27,0,179000,-180000,-1000
2008/05/28,0,3110000,-430000,2680000
2008/05/29,0,2468000,-200000,2268000
2008/05/30,0,484000,-711000,-227000
2008/06/02,0,32000,-2400000,-2368000
2008/06/03,0,3135000,-1500000,1635000
2008/06/04,0,896000,0,896000
2008/06/05,0,1852000,0,1852000
2008/06/06,0,1158000,0,1158000
2008/06/09,0,118000,0,118000
2008/06/10,0,63000,0,63000
2008/06/11,0,225000,-18000,207000
2008/06/12,0,216000,-400000,-184000
2008/06/13,0,664000,0,664000
2008/06/16,0,1454000,-2000,1452000
2008/06/17,0,1083000,0,1083000
2008/06/18,0,290000,-70000,220000
2008/06/19,0,135000,-303000,-168000
2008/06/20,0,147000,-301000,-154000
2008/06/23,0,235000,-24000,211000
2008/06/24,0,335000,0,335000
2008/06/25,0,537000,-5000,532000
2008/06/26,0,860000,-19000,841000
2008/06/27,0,11000,-200000,-189000
2008/06/30,0,312000,0,312000
2008/07/01,0,510000,0,510000
2008/07/02,0,910000,-1839000,-929000
2008/07/03,0,115000,-343000,-228000
2008/07/04,0,712000,-36000,676000
2008/07/07,0,439000,0,439000
2008/07/08,0,0,0,0
2008/07/09,0,2834000,-25000,2809000
2008/07/10,0,864000,-76000,788000
2008/07/11,0,510000,-370000,140000
2008/07/14,0,31000,-26000,5000
2008/07/15,0,784000,-650000,134000
2008/07/16,0,1041000,-733000,308000
2008/07/17,0,1502000,-2000000,-498000
2008/07/18,0,440000,-841000,-401000
2008/07/21,0,1166000,-8000,1158000
2008/07/22,0,2048000,0,2048000
2008/07/23,0,433000,-30000,403000
2008/07/24,0,0,-402000,-402000
2008/07/25,0,199000,-135000,64000
2008/07/28,0,0,0,0
2008/07/29,0,605000,-351000,254000
2008/07/30,0,1220000,-399000,821000
2008/07/31,0,1903000,-2140000,-237000
2008/08/01,0,437000,-356000,81000
2008/08/04,0,600000,-400000,200000
2008/08/05,0,1925000,-58000,1867000
2008/08/06,0,2001000,0,2001000
2008/08/07,0,1444000,-2000000,-556000
2008/08/08,0,325000,-1658000,-1333000
2008/08/11,0,1301000,-1700000,-399000
2008/08/12,0,512000,-261000,251000
2008/08/13,0,266000,-150000,116000
2008/08/14,0,297000,-223000,74000
2008/08/15,0,157000,-1001000,-844000
2008/08/18,0,774000,-1035000,-261000
2008/08/19,0,610000,-2151350,-1541350
2008/08/20,0,1233000,-1473000,-240000
2008/08/21,0,1297000,-1247300,49700
2008/08/22,0,1085000,-101500,983500
2008/08/25,0,371000,-67625,303375
2008/08/26,0,297000,-14000,283000
2008/08/27,0,100000,-102000,-2000
2008/08/28,0,380000,0,380000
2008/08/29,0,295000,-5414135,-5119135
2008/09/01,0,5000,-4935000,-4930000
2008/09/02,0,694000,-3664000,-2970000
2008/09/03,0,4156000,-520000,3636000
2008/09/04,0,2934000,-751225,2182775
2008/09/05,0,3441000,-150750,3290250
2008/09/08,0,609000,-850,608150
2008/09/09,0,958000,-191000,767000
2008/09/10,0,1893000,-1596750,296250
2008/09/11,0,1224000,-100000,1124000
2008/09/12,0,1941000,-753000,1188000
2008/09/15,0,667000,-13000,654000
2008/09/16,0,2493000,-296000,2197000
2008/09/17,0,1287000,-1194500,92500
2008/09/18,0,1062000,-168000,894000
2008/09/19,0,340000,-143000,197000
2008/09/22,0,1556000,-200000,1356000
2008/09/23,0,616000,-711300,-95300
2008/09/24,0,55000,-1586000,-1531000
2008/09/25,0,85000,-853000,-768000
2008/09/26,0,261000,-142500,118500
2008/09/29,0,0,0,0
2008/09/30,0,924000,-303290,620710
2008/10/01,0,2380000,-9315,2370685
2008/10/02,0,2138000,-10969,2127031
2008/10/03,0,2360000,-178000,2182000
2008/10/06,0,340000,-213000,127000
2008/10/07,0,2536000,-119850,2416150
2008/10/08,0,312000,-8000,304000
2008/10/09,0,4528000,-1000,4527000
2008/10/10,0,0,0,0
2008/10/13,0,370000,-770000,-400000
2008/10/14,0,3730000,-300000,3430000
2008/10/15,0,1055000,-3483000,-2428000
2008/10/16,0,5000,-110,4890
2008/10/17,0,3235000,-1425000,1810000
2008/10/20,0,1638000,-15000,1623000
2008/10/21,0,929000,-107000,822000
2008/10/22,0,290000,-1635000,-1345000
2008/10/23,0,9000,-69000,-60000
2008/10/24,0,170000,-500000,-330000
2008/10/27,0,140000,-834000,-694000
2008/10/28,0,954000,-1244000,-290000
2008/10/29,0,1569000,-950700,618300
2008/10/30,0,2329000,-3836,2325164
2008/10/31,0,618000,-3677745,-3059745
2008/11/03,0,8595000,-244900,8350100
2008/11/04,0,8535000,-501000,8034000
2008/11/05,0,927000,-1912000,-985000
2008/11/06,0,848000,-3859000,-3011000
2008/11/07,0,2131000,-297000,1834000
2008/11/10,0,795000,-1624320,-829320
2008/11/11,0,922000,-3654012,-2732012
2008/11/12,0,369000,-1550190,-1181190
2008/11/13,0,377000,-2151000,-1774000
2008/11/14,0,1675000,-1347000,328000
2008/11/17,0,960000,-2779750,-1819750
2008/11/18,0,425000,-4518280,-4093280
2008/11/19,0,818000,-1880420,-1062420
2008/11/20,0,808000,-2332000,-1524000
2008/11/21,0,520000,-1145000,-625000
2008/11/24,0,151000,-2735895,-2584895
2008/11/25,0,1119000,-1031527,87473
2008/11/26,0,695000,-1101000,-406000
2008/11/27,0,735000,-252950,482050
2008/11/28,0,65000,-1309000,-1244000
2008/12/01,0,2161000,-231473,1929527
2008/12/02,0,912000,-100000,812000
2008/12/03,0,588000,-563000,25000
2008/12/04,0,612000,-227000,385000
2008/12/05,0,390000,-1000,389000
2008/12/08,0,4494000,-315000,4179000
2008/12/09,0,1009000,-1332000,-323000
2008/12/10,0,970000,-1832000,-862000
2008/12/11,0,104000,-1934000,-1830000
2008/12/12,0,128000,-2069000,-1941000
2008/12/15,0,1621000,-2000,1619000
2008/12/16,0,247000,-350000,-103000
2008/12/17,0,1217000,-341800,875200
2008/12/18,0,1061000,-358000,703000
2008/12/19,0,1403000,-328000,1075000
2008/12/22,0,73000,-244000,-171000
2008/12/23,0,315000,-309000,6000
2008/12/24,0,0,-939000,-939000
2008/12/25,0,393000,-986000,-593000
2008/12/26,0,20000,-563000,-543000
2008/12/29,0,0,-906000,-906000
2008/12/30,0,188000,0,188000
2008/12/31,0,1094000,-126000,968000
2009/01/01,0,0,0,0
2009/01/02,0,0,0,0
2009/01/05,0,1319000,-1000000,319000
2009/01/06,0,2478000,-4092000,-1614000
2009/01/07,0,1573000,-860000,713000
2009/01/08,0,39000,-473000,-434000
2009/01/09,0,2026000,-1712750,313250
2009/01/12,0,1008000,-629000,379000
2009/01/13,0,1989000,-80000,1909000
2009/01/14,0,1581000,-183000,1398000
2009/01/15,0,220000,-197000,23000
2009/01/16,0,108000,-1121000,-1013000
2009/01/19,0,1044000,-527000,517000
2009/01/20,0,847000,-7000,840000
2009/01/21,0,1763000,-2000,1761000
2009/01/22,0,0,0,0
2009/01/23,0,0,0,0
2009/01/26,0,0,0,0
2009/01/27,0,0,0,0
2009/01/28,0,0,0,0
2009/01/29,0,0,0,0
2009/01/30,0,0,0,0
2009/02/02,0,0,0,0
2009/02/03,0,3596000,-579000,3017000
2009/02/04,0,679000,0,679000
2009/02/05,0,25000,-270000,-245000
2009/02/06,0,4000,0,4000
2009/02/09,0,559000,-544000,15000
2009/02/10,0,724000,0,724000
2009/02/11,0,917000,-2125000,-1208000
2009/02/12,0,645000,-576000,69000
2009/02/13,0,188000,-429000,-241000
2009/02/16,0,281000,-3445000,-3164000
2009/02/17,0,460000,-1528000,-1068000
2009/02/18,0,576000,-1041000,-465000
2009/02/19,0,375000,-1509000,-1134000
2009/02/20,0,0,-3195000,-3195000
2009/02/23,0,315000,-1464200,-1149200
2009/02/24,0,252000,-2130000,-1878000
2009/02/25,0,0,-120000,-120000
2009/02/26,0,419000,-6000,413000
2009/02/27,0,451000,-50000,401000
2009/03/02,0,198000,-4104000,-3906000
2009/03/03,0,334000,-1080900,-746900
2009/03/04,0,58000,-3156000,-3098000
2009/03/05,0,1257000,-3185547,-1928547
2009/03/06,0,15000,-1296000,-1281000
2009/03/09,0,20000,-1324000,-1304000
2009/03/10,0,617000,-2761000,-2144000
2009/03/11,0,50000,-2077000,-2027000
2009/03/12,0,69000,-2168000,-2099000
2009/03/13,0,214000,-60000,154000
2009/03/16,0,54000,-1599000,-1545000
2009/03/17,0,40000,-828191,-788191
2009/03/18,0,39000,-2195000,-2156000
2009/03/19,0,140000,-482000,-342000
2009/03/20,0,0,-761000,-761000
2009/03/23,0,200000,-6000,194000
2009/03/24,0,134000,-765000,-631000
2009/03/25,0,0,-1433000,-1433000
2009/03/26,0,145000,-480000,-335000
2009/03/27,0,0,-749000,-749000
2009/03/30,0,0,-648000,-648000
2009/03/31,0,1334000,-88000,1246000
2009/04/01,0,1735000,-80000,1655000
2009/04/02,0,228000,-159000,69000
2009/04/03,0,0,-664000,-664000
2009/04/06,0,104000,-2000,102000
2009/04/07,0,205000,-80000,125000
2009/04/08,0,0,-412000,-412000
2009/04/09,0,14000,-627000,-613000
2009/04/10,0,300000,-25044,274956
2009/04/13,0,100000,-266000,-166000
2009/04/14,0,128000,-110000,18000
2009/04/15,0,1050000,-1442000,-392000
2009/04/16,0,374000,-10000,364000
2009/04/17,0,411000,-1876000,-1465000
2009/04/20,0,91000,-731000,-640000
2009/04/21,0,104000,-970000,-866000
2009/04/22,0,732000,-606000,126000
2009/04/23,0,800000,-1210000,-410000
2009/04/24,0,72000,-116000,-44000
2009/04/27,0,201000,-186000,15000
2009/04/28,0,922000,-2177710,-1255710
2009/04/29,0,4000,-422000,-418000
2009/04/30,0,838000,-2442000,-1604000
2009/05/01,0,0,0,0
2009/05/04,0,686000,-2026000,-1340000
2009/05/05,0,797000,-2406150,-1609150
2009/05/06,0,113000,-3021000,-2908000
2009/05/07,0,4000,-2581000,-2577000
2009/05/08,0,142000,-6520000,-6378000
2009/05/11,0,107000,-6146000,-6039000
2009/05/12,0,94000,-7038750,-6944750
2009/05/13,0,229000,-3072500,-2843500
2009/05/14,0,340000,-320000,20000
2009/05/15,0,105000,-775000,-670000
2009/05/18,0,4000,-2556000,-2552000
2009/05/19,0,1587000,-1131000,456000
2009/05/20,0,9000,-1481000,-1472000
2009/05/21,0,42000,-1729310,-1687310
2009/05/22,0,82000,-1157000,-1075000
2009/05/25,0,24000,-4239400,-4215400
2009/05/26,0,91000,-2340000,-2249000
2009/05/27,0,496000,-51000,445000
2009/05/28,0,0,0,0
2009/05/29,0,0,0,0
2009/06/01,0,333000,-151000,182000
2009/06/02,0,713000,-13000,700000
2009/06/03,0,0,-100000,-100000
2009/06/04,0,971000,-106845,864155
2009/06/05,0,0,-57000,-57000
2009/06/08,0,56000,-219000,-163000
2009/06/09,0,1003000,-38000,965000
2009/06/10,0,35000,-280000,-245000
2009/06/11,0,100000,-365000,-265000
2009/06/12,0,0,-1251000,-1251000
2009/06/15,0,58000,0,58000
2009/06/16,0,3588000,-51000,3537000
2009/06/17,0,10000,-29000,-19000
2009/06/18,0,209000,-20000,189000
2009/06/19,0,41000,0,41000
2009/06/22,0,7000,-4238370,-4231370
2009/06/23,0,300000,-2930000,-2630000
2009/06/24,0,2000,-204000,-202000
2009/06/25,0,1000,-2128000,-2127000
2009/06/26,0,157000,-1635900,-1478900
2009/06/29,0,6000,-949000,-943000
2009/06/30,0,31000,-647000,-616000
2009/07/01,0,6000,-3297000,-3291000
2009/07/02,0,0,-2203000,-2203000
2009/07/03,0,17000,-12000,5000
2009/07/06,0,50000,-40000,10000
2009/07/07,0,3000,0,3000
2009/07/08,0,0,-204000,-204000
2009/07/09,0,1387000,-1365,1385635
2009/07/10,0,50000,-4000,46000
2009/07/13,0,327000,-1029000,-702000
2009/07/14,0,1000,-67000,-66000
2009/07/15,0,400000,-12960,387040
2009/07/16,0,874000,-55000,819000
2009/07/17,0,65000,0,65000
2009/07/20,0,0,-15000,-15000
2009/07/21,0,2034000,-103000,1931000
2009/07/22,0,0,-18000,-18000
2009/07/23,0,0,-1019000,-1019000
2009/07/24,0,0,-15000,-15000
2009/07/27,0,0,-3000,-3000
2009/07/28,0,0,-4000,-4000
2009/07/29,0,0,-98000,-98000
2009/07/30,0,2304000,-34000,2270000
2009/07/31,0,0,-128000,-128000
2009/08/03,0,122000,-29000,93000
2009/08/04,0,0,-933000,-933000
2009/08/05,0,0,-598000,-598000
2009/08/06,0,2558000,-3000,2555000
2009/08/07,0,0,0,0
2009/08/10,0,7000,-445000,-438000
2009/08/11,0,1909000,-286000,1623000
2009/08/12,0,2371000,0,2371000
2009/08/13,0,1288000,-24000,1264000
2009/08/14,0,946000,-120000,826000
2009/08/17,0,1004000,-55000,949000
2009/08/18,0,4000,-132000,-128000
2009/08/19,0,2000,-126000,-124000
2009/08/20,0,297000,-297000,0
2009/08/21,0,2298000,-41000,2257000
2009/08/24,0,1034000,0,1034000
2009/08/25,0,1382000,-203000,1179000
2009/08/26,0,238000,-291780,-53780
2009/08/27,0,140000,-263200,-123200
2009/08/28,0,742000,0,742000
2009/08/31,0,417000,0,417000
2009/09/01,0,365000,0,365000
2009/09/02,0,596000,-1450000,-854000
2009/09/03,0,646000,-5000,641000
2009/09/04,0,227000,-1407000,-1180000
2009/09/07,0,0,-2136000,-2136000
2009/09/08,0,595000,-33290,561710
2009/09/09,0,220000,-38000,182000
2009/09/10,0,196000,-69000,127000
2009/09/11,0,147000,-35000,112000
2009/09/14,0,304000,-1055500,-751500
2009/09/15,0,253000,-610099,-357099
2009/09/16,0,203000,-150000,53000
2009/09/17,0,0,-570000,-570000
2009/09/18,0,0,-280000,-280000
2009/09/21,0,0,-750190,-750190
2009/09/22,0,0,0,0
2009/09/23,0,8000,-124000,-116000
2009/09/24,0,0,0,0
2009/09/25,0,0,-200,-200
2009/09/28,0,5000,-113000,-108000
2009/09/29,0,4000,-586000,-582000
2009/09/30,0,0,-703000,-703000
2009/10/01,0,0,-483052,-483052
2009/10/02,0,9000,-42000,-33000
2009/10/05,0,418000,-740100,-322100
2009/10/06,0,0,-2210000,-2210000
2009/10/07,0,0,-173390,-173390
2009/10/08,0,0,0,0
2009/10/09,0,1246000,-45000,1201000
2009/10/12,0,0,-450000,-450000
2009/10/13,0,528000,-1123370,-595370
2009/10/14,0,0,-900000,-900000
2009/10/15,0,280000,-504000,-224000
2009/10/16,0,132000,-100300,31700
2009/10/19,0,772000,-634840,137160
2009/10/20,0,197000,-180170,16830
2009/10/21,0,84000,-155000,-71000
2009/10/22,0,0,-63000,-63000
2009/10/23,0,0,-138000,-138000
2009/10/26,0,0,-50000,-50000
2009/10/27,0,3000,-199000,-196000
2009/10/28,0,0,-191000,-191000
2009/10/29,0,279000,-230000,49000
2009/10/30,0,0,0,0
2009/11/02,0,3000,-50830,-47830
2009/11/03,0,143000,-121380,21620
2009/11/04,0,3000,-775000,-772000
2009/11/05,0,4000,-530750,-526750
2009/11/06,0,16000,-699,15301
2009/11/09,0,20000,-89000,-69000
2009/11/10,0,1000,-244140,-243140
2009/11/11,0,352000,-100000,252000
2009/11/12,0,300000,-205000,95000
2009/11/13,0,243000,-114202,128798
2009/11/16,0,85000,0,85000
2009/11/17,0,0,-1000,-1000
2009/11/18,0,100000,-6000,94000
2009/11/19,0,0,-226000,-226000
2009/11/20,0,0,-1424000,-1424000
2009/11/23,0,0,-291000,-291000
2009/11/24,0,0,-764690,-764690
2009/11/25,0,0,-658000,-658000
2009/11/26,0,0,-229000,-229000
2009/11/27,0,0,-675000,-675000
2009/11/30,0,6000,-911000,-905000
2009/12/01,0,0,-130615,-130615
2009/12/02,0,0,-850,-850
2009/12/03,0,0,-204000,-204000
2009/12/04,0,0,-889000,-889000
2009/12/07,0,0,-70000,-70000
2009/12/08,0,0,-44757,-44757
2009/12/09,0,26000,-54000,-28000
2009/12/10,0,0,-6000,-6000
2009/12/11,0,3000,-30000,-27000
2009/12/14,0,16000,-6000,10000
2009/12/15,0,13000,0,13000
2009/12/16,0,0,-912000,-912000
2009/12/17,0,0,-1521000,-1521000
2009/12/18,0,5000,-3000,2000
2009/12/21,0,368000,-100000,268000
2009/12/22,0,0,-5000,-5000
2009/12/23,0,0,-239000,-239000
2009/12/24,0,295000,-135020,159980
2009/12/25,0,0,-35170,-35170
2009/12/28,0,51000,-263000,-212000
2009/12/29,0,0,-1062000,-1062000
2009/12/30,0,0,-237240,-237240
2009/12/31,0,0,0,0
2010/01/01,0,0,0,0
2010/01/04,0,3000,-550000,-547000
2010/01/05,0,0,-1042000,-1042000
2010/01/06,0,0,-1403220,-1403220
2010/01/07,0,0,-327000,-327000
2010/01/08,0,0,-961000,-961000
2010/01/11,0,0,-94120,-94120
2010/01/12,0,0,-629000,-629000
2010/01/13,0,0,-171000,-171000
2010/01/14,0,150000,-994300,-844300
2010/01/15,0,0,-557000,-557000
2010/01/18,0,0,-362000,-362000
2010/01/19,0,0,-98000,-98000
2010/01/20,0,0,-1152500,-1152500
2010/01/21,0,0,-12000,-12000
2010/01/22,0,0,-408260,-408260
2010/01/25,0,0,-155000,-155000
2010/01/26,0,0,-2012000,-2012000
2010/01/27,0,1415000,-21000,1394000
2010/01/28,0,299000,-381000,-82000
2010/01/29,0,153000,0,153000
2010/02/01,0,83000,-31000,52000
2010/02/02,0,584000,-20000,564000
2010/02/03,0,1423000,-89000,1334000
2010/02/04,0,347000,-102000,245000
2010/02/05,0,214000,0,214000
2010/02/08,0,268000,-1000,267000
2010/02/09,0,202000,0,202000
2010/02/10,0,0,0,0
2010/02/11,0,0,0,0
2010/02/12,0,0,0,0
2010/02/15,0,0,0,0
2010/02/16,0,0,0,0
2010/02/17,0,0,0,0
2010/02/18,0,0,0,0
2010/02/19,0,0,0,0
2010/02/22,0,702000,0,702000
2010/02/23,0,660000,0,660000
2010/02/24,0,158000,-200000,-42000
2010/02/25,0,251000,0,251000
2010/02/26,0,2000,-5000,-3000
2010/03/01,0,508000,0,508000
2010/03/02,0,100000,0,100000
2010/03/03,0,0,0,0
2010/03/04,0,120000,-1000,119000
2010/03/05,0,418000,0,418000
2010/03/08,0,25000,0,25000
2010/03/09,0,168000,0,168000
2010/03/10,0,6000,-3000,3000
2010/03/11,0,0,0,0
2010/03/12,0,147000,-25000,122000
2010/03/15,0,160000,-22000,138000
2010/03/16,0,489000,-2000,487000
2010/03/17,0,642000,-187600,454400
2010/03/18,0,2000,-3000,-1000
2010/03/19,0,0,-240000,-240000
2010/03/22,0,0,-311000,-311000
2010/03/23,0,939000,-3000,936000
2010/03/24,0,62000,-752000,-690000
2010/03/25,0,0,-551000,-551000
2010/03/26,0,0,-1696000,-1696000
2010/03/29,0,64000,-88000,-24000
2010/03/30,0,2000,-26000,-24000
2010/03/31,0,0,-152000,-152000
2010/04/01,0,0,-27000,-27000
2010/04/02,0,1000,-312000,-311000
2010/04/05,0,0,0,0
2010/04/06,0,0,-412000,-412000
2010/04/07,0,0,-961470,-961470
2010/04/08,0,0,-1607000,-1607000
2010/04/09,0,0,-203000,-203000
2010/04/12,0,68000,-377000,-309000
2010/04/13,0,60000,-234620,-174620
2010/04/14,0,1000,-392000,-391000
2010/04/15,0,0,-349090,-349090
2010/04/16,0,0,-305000,-305000
2010/04/19,0,190000,-1238299,-1048299
2010/04/20,0,62000,-87000,-25000
2010/04/21,0,146000,0,146000
2010/04/22,0,155000,-90000,65000
2010/04/23,0,0,-644000,-644000
2010/04/26,0,0,0,0
2010/04/27,0,1000,-852000,-851000
2010/04/28,0,2000,-676000,-674000
2010/04/29,0,63000,-500000,-437000
2010/04/30,0,60000,-658582,-598582
2010/05/03,0,0,-1000,-1000
2010/05/04,0,471000,-68000,403000
2010/05/05,0,0,-68000,-68000
2010/05/06,0,522000,-2000,520000
2010/05/07,0,78000,0,78000
2010/05/10,0,4000,0,4000
2010/05/11,0,538000,0,538000
2010/05/12,0,394000,-41000,353000
2010/05/13,0,153000,0,153000
2010/05/14,0,428000,0,428000
2010/05/17,0,1000,-1033574,-1032574
2010/05/18,0,2000,-288000,-286000
2010/05/19,0,20000,-9000,11000
2010/05/20,0,1376000,-7000,1369000
2010/05/21,0,259000,-189,258811
2010/05/24,0,449000,-103000,346000
2010/05/25,0,1000,0,1000
2010/05/26,0,894000,-143000,751000
2010/05/27,0,1063000,0,1063000
2010/05/28,0,1354000,-2000,1352000
2010/05/31,0,2034000,0,2034000
2010/06/01,0,570000,0,570000
2010/06/02,0,114000,0,114000
2010/06/03,0,475000,0,475000
2010/06/04,0,1223000,0,1223000
2010/06/07,0,645000,0,645000
2010/06/08,0,4000,-143000,-139000
2010/06/09,0,1198000,0,1198000
2010/06/10,0,4000,-432,3568
2010/06/11,0,1600000,0,1600000
2010/06/14,0,47000,-243000,-196000
2010/06/15,0,20000,-245000,-225000
2010/06/16,0,0,0,0
2010/06/17,0,0,-924350,-924350
2010/06/18,0,552000,-53000,499000
2010/06/21,0,38000,0,38000
2010/06/22,0,550000,-2000,548000
2010/06/23,0,0,-16000,-16000
2010/06/24,0,84000,-29000,55000
2010/06/25,0,29000,-102080,-73080
2010/06/28,0,74000,-46000,28000
2010/06/29,0,3000,-43000,-40000
2010/06/30,0,32000,0,32000
2010/07/01,0,328000,-150000,178000
2010/07/02,0,350000,0,350000
2010/07/05,0,0,-2170000,-2170000
2010/07/06,0,10000,-438000,-428000
2010/07/07,0,0,-250000,-250000
2010/07/08,0,0,0,0
2010/07/09,0,1648000,0,1648000
2010/07/12,0,38000,-889000,-851000
2010/07/13,0,610000,-223000,387000
2010/07/14,0,224000,-285000,-61000
2010/07/15,0,1960000,-51000,1909000
2010/07/16,0,370000,-972000,-602000
2010/07/19,0,6000,-61304,-55304
2010/07/20,0,150000,-10154,139846
2010/07/21,0,412000,-128000,284000
2010/07/22,0,468000,0,468000
2010/07/23,0,729000,0,729000
2010/07/26,0,0,-146000,-146000
2010/07/27,0,27000,0,27000
2010/07/28,0,933000,0,933000
2010/07/29,0,404000,-48000,356000
2010/07/30,0,0,-99000,-99000
2010/08/02,0,114000,-69000,45000
2010/08/03,0,140000,0,140000
2010/08/04,0,1000,-404000,-403000
2010/08/05,0,0,-136000,-136000
2010/08/06,0,0,-267000,-267000
2010/08/09,0,25000,0,25000
2010/08/10,0,36000,0,36000
2010/08/11,0,1501000,-362000,1139000
2010/08/12,0,0,-47000,-47000
2010/08/13,0,1011000,-292000,719000
2010/08/16,0,345000,-1000,344000
2010/08/17,0,711000,-17000,694000
2010/08/18,0,286000,-2000,284000
2010/08/19,0,136000,-27000,109000
2010/08/20,0,201000,-154000,47000
2010/08/23,0,452000,-110204,341796
2010/08/24,0,0,-1348328,-1348328
2010/08/25,0,62000,-1228130,-1166130
2010/08/26,0,184000,-183000,1000
2010/08/27,0,50000,-164000,-114000
2010/08/30,0,185000,-5160,179840
2010/08/31,0,135000,-461000,-326000
2010/09/01,0,1220000,-20100,1199900
2010/09/02,0,501000,0,501000
2010/09/03,0,300000,-10000,290000
2010/09/06,0,300000,-406367,-106367
2010/09/07,0,7000,-80080,-73080
2010/09/08,0,0,0,0
2010/09/09,0,0,-56000,-56000
2010/09/10,0,489000,-225000,264000
2010/09/13,0,40000,0,40000
2010/09/14,0,30000,0,30000
2010/09/15,0,232000,-44000,188000
2010/09/16,0,0,-3000,-3000
2010/09/17,0,27000,-1000,26000
2010/09/20,0,0,-1000,-1000
2010/09/21,0,0,-21000,-21000
2010/09/22,0,0,0,0
2010/09/23,0,0,-1221804,-1221804
2010/09/24,0,57000,-2154000,-2097000
2010/09/27,0,0,-75000,-75000
2010/09/28,0,12000,-1365000,-1353000
2010/09/29,0,756000,-1456000,-700000
2010/09/30,0,13000,-823000,-810000
2010/10/01,0,0,0,0
2010/10/04,0,454000,-578000,-124000
2010/10/05,0,0,-200,-200
2010/10/06,0,1138000,-2000,1136000
2010/10/07,0,0,-280000,-280000
2010/10/08,0,81000,-330000,-249000
2010/10/11,0,112000,-45000,67000
2010/10/12,0,0,-1000,-1000
2010/10/13,0,54000,-500000,-446000
2010/10/14,0,561000,-12000,549000
2010/10/15,0,0,-2000,-2000
2010/10/18,0,225000,-27000,198000
2010/10/19,0,718000,0,718000
2010/10/20,0,794000,-4000,790000
2010/10/21,0,2872000,-59000,2813000
2010/10/22,0,478000,0,478000
2010/10/25,0,711000,-73000,638000
2010/10/26,0,230000,0,230000
2010/10/27,0,88000,0,88000
2010/10/28,0,303000,-350000,-47000
2010/10/29,0,1268000,-190000,1078000
2010/11/01,0,791000,-115000,676000
2010/11/02,0,153000,-170000,-17000
2010/11/03,0,562000,0,562000
2010/11/04,0,423000,0,423000
2010/11/05,0,273000,-196000,77000
2010/11/08,0,0,-530000,-530000
2010/11/09,0,184000,-629593,-445593
2010/11/10,0,810000,-289000,521000
2010/11/11,0,224000,-77000,147000
2010/11/12,0,230000,-2000,228000
2010/11/15,0,150000,-131000,19000
2010/11/16,0,25000,-2000,23000
2010/11/17,0,150000,0,150000
2010/11/18,0,150000,-533000,-383000
2010/11/19,0,49000,-311000,-262000
2010/11/22,0,224000,0,224000
2010/11/23,0,135000,-243000,-108000
2010/11/24,0,100000,-175000,-75000
2010/11/25,0,488000,-15000,473000
2010/11/26,0,888000,-2000,886000
2010/11/29,0,2000,0,2000
2010/11/30,0,178000,-603000,-425000
2010/12/01,0,0,-194000,-194000
2010/12/02,0,583000,-4000,579000
2010/12/03,0,837000,-648000,189000
2010/12/06,0,0,-493800,-493800
2010/12/07,0,86000,-1046,84954
2010/12/08,0,0,-422000,-422000
2010/12/09,0,0,-143000,-143000
2010/12/10,0,0,-456000,-456000
2010/12/13,0,0,-539000,-539000
2010/12/14,0,0,-1485000,-1485000
2010/12/15,0,0,-1593245,-1593245
2010/12/16,0,0,-2912000,-2912000
2010/12/17,0,41000,-1800000,-1759000
2010/12/20,0,0,-65000,-65000
2010/12/21,0,1000,-420000,-419000
2010/12/22,0,2000,-198118,-196118
2010/12/23,0,0,0,0
2010/12/24,0,0,-150000,-150000
2010/12/27,0,0,-1000,-1000
2010/12/28,0,0,-1887000,-1887000
2010/12/29,0,13000,-1012000,-999000
2010/12/30,0,0,-331000,-331000
2010/12/31,0,0,-922090,-922090
2011/01/03,0,0,-883000,-883000
2011/01/04,0,0,-1290416,-1290416
2011/01/05,0,83000,-2760337,-2677337
2011/01/06,0,65000,-2090100,-2025100
2011/01/07,0,813000,-1500000,-687000
2011/01/10,0,0,-3000,-3000
2011/01/11,0,5000,-209964,-204964
2011/01/12,0,0,-725300,-725300
2011/01/13,0,160000,-150000,10000
2011/01/14,0,100000,-50000,50000
2011/01/17,0,50000,-883390,-833390
2011/01/18,0,0,-400000,-400000
2011/01/19,0,0,-106300,-106300
2011/01/20,0,60000,-1042000,-982000
2011/01/21,0,3000,-937000,-934000
2011/01/24,0,67000,-1784444,-1717444
2011/01/25,0,8000,0,8000
2011/01/26,0,28000,-375184,-347184
2011/01/27,0,16000,-262000,-246000
2011/01/28,0,158000,-1386271,-1228271
2011/01/31,0,0,0,0
2011/02/01,0,0,0,0
2011/02/02,0,0,0,0
2011/02/03,0,0,0,0
2011/02/04,0,0,0,0
2011/02/07,0,0,0,0
2011/02/08,0,153000,0,153000
2011/02/09,0,48000,-1342508,-1294508
2011/02/10,0,97000,-224818,-127818
2011/02/11,0,4000,-12,3988
2011/02/14,0,276000,-479109,-203109
2011/02/15,0,3000,0,3000
2011/02/16,0,539000,-51231,487769
2011/02/17,0,140000,-31000,109000
2011/02/18,0,240000,0,240000
2011/02/21,0,0,-152000,-152000
2011/02/22,0,70000,-35000,35000
2011/02/23,0,65000,-35000,30000
2011/02/24,0,1237000,0,1237000
2011/02/25,0,127000,-14000,113000
2011/02/28,0,0,0,0
2011/03/01,0,1050000,0,1050000
2011/03/02,0,0,0,0
2011/03/03,0,1176000,0,1176000
2011/03/04,0,1020000,0,1020000
2011/03/07,0,114000,-43000,71000
2011/03/08,0,150000,-812000,-662000
2011/03/09,0,239000,-453000,-214000
2011/03/10,0,200000,-20000,180000
2011/03/11,0,0,-486120,-486120
2011/03/14,0,17000,-283000,-266000
2011/03/15,0,2000,-1080000,-1078000
2011/03/16,0,0,0,0
2011/03/17,0,40000,-380000,-340000
2011/03/18,0,0,-6000,-6000
2011/03/21,0,0,-41000,-41000
2011/03/22,0,93000,-600000,-507000
2011/03/23,0,907000,0,907000
2011/03/24,0,1477000,-54058,1422942
2011/03/25,0,297000,0,297000
2011/03/28,0,0,-487000,-487000
2011/03/29,0,11000,-922000,-911000
2011/03/30,0,5000,-1924000,-1919000
2011/03/31,0,120000,-990445,-870445
2011/04/01,0,174000,-1141474,-967474
2011/04/04,0,0,0,0
2011/04/05,0,0,0,0
2011/04/06,0,280000,-1994284,-1714284
2011/04/07,0,0,-1271822,-1271822
2011/04/08,0,10000,0,10000
2011/04/11,0,0,-457167,-457167
2011/04/12,0,0,-52200,-52200
2011/04/13,0,0,-360000,-360000
2011/04/14,0,2000,-20000,-18000
2011/04/15,0,0,-20000,-20000
2011/04/18,0,1000,-3418137,-3417137
2011/04/19,0,2000,-1491024,-1489024
2011/04/20,0,0,-721330,-721330
2011/04/21,0,0,0,0
2011/04/22,0,37000,0,37000
2011/04/25,0,0,-1000,-1000
2011/04/26,0,0,-2000,-2000
2011/04/27,0,219000,0,219000
2011/04/28,0,0,-7000,-7000
2011/04/29,0,0,-150000,-150000
2011/05/02,0,0,0,0
2011/05/03,0,140000,0,140000
2011/05/04,0,60000,0,60000
2011/05/05,0,32000,0,32000
2011/05/06,0,70000,0,70000
2011/05/09,0,0,0,0
2011/05/10,0,0,-100000,-100000
2011/05/11,0,0,0,0
2011/05/12,0,6000,-1000,5000
2011/05/13,0,3000,0,3000
2011/05/16,0,2000,0,2000
2011/05/17,0,0,0,0
2011/05/18,0,0,-331000,-331000
2011/05/19,0,31000,-85000,-54000
2011/05/20,0,0,-527000,-527000
2011/05/23,0,0,-1000,-1000
2011/05/24,0,0,0,0
2011/05/25,0,0,-7518,-7518
2011/05/26,0,0,-2000,-2000
2011/05/27,0,40000,0,40000
2011/05/30,0,1000,0,1000
2011/05/31,0,0,-1000,-1000
2011/06/01,0,0,-3000,-3000
2011/06/02,0,842000,-70000,772000
2011/06/03,0,0,0,0
2011/06/06,0,0,0,0
2011/06/07,0,0,-95000,-95000
2011/06/08,0,1000,-108000,-107000
2011/06/09,0,0,0,0
2011/06/10,0,0,-379048,-379048
2011/06/13,0,0,0,0
2011/06/14,0,42000,0,42000
2011/06/15,0,0,-93000,-93000
2011/06/16,0,0,0,0
2011/06/17,0,4000,-97000,-93000
2011/06/20,0,2000,0,2000
2011/06/21,0,7000,0,7000
2011/06/22,0,1000,0,1000
2011/06/23,0,245000,-306225,-61225
2011/06/24,0,1000,0,1000
2011/06/27,0,2000,0,2000
2011/06/28,0,35000,-25809,9191
2011/06/29,0,56000,-59059,-3059
2011/06/30,0,1000,0,1000
2011/07/01,0,1000,-21000,-20000
2011/07/04,0,0,0,0
2011/07/05,0,0,-2000,-2000
2011/07/06,0,0,-9000,-9000
2011/07/07,0,0,-92000,-92000
2011/07/08,0,8000,0,8000
2011/07/11,0,0,0,0
2011/07/12,0,1000,-39000,-38000
2011/07/13,0,3000,0,3000
2011/07/14,0,0,-33000,-33000
2011/07/15,0,2000,-4000,-2000
2011/07/18,0,21000,0,21000
2011/07/19,0,22000,0,22000
2011/07/20,0,1000,0,1000
2011/07/21,0,4000,0,4000
2011/07/22,0,0,-2000,-2000
2011/07/25,0,0,-343000,-343000
2011/07/26,0,3000,0,3000
2011/07/27,0,0,-2000,-2000
2011/07/28,0,0,-2000,-2000
2011/07/29,0,0,0,0
2011/08/01,0,2000,0,2000
2011/08/02,0,0,-7000,-7000
2011/08/03,0,4000,-6000,-2000
2011/08/04,0,9000,0,9000
2011/08/05,0,35000,0,35000
2011/08/08,0,36000,0,36000
2011/08/09,0,55000,0,55000
2011/08/10,0,29000,-6000,23000
2011/08/11,0,32000,0,32000
2011/08/12,0,2000,-13000,-11000
2011/08/15,0,5000,0,5000
2011/08/16,0,187000,-5000,182000
2011/08/17,0,7000,-2000,5000
2011/08/18,0,116000,0,116000
2011/08/19,0,55000,0,55000
2011/08/22,0,48000,0,48000
2011/08/23,0,2000,0,2000
2011/08/24,0,0,-504000,-504000
2011/08/25,0,0,0,0
2011/08/26,0,117000,-287287,-170287
2011/08/29,0,0,0,0
2011/08/30,0,0,0,0
2011/08/31,0,7000,-1000,6000
2011/09/01,0,3000,0,3000
2011/09/02,0,45000,-3000,42000
2011/09/05,0,0,-9000,-9000
2011/09/06,0,0,0,0
2011/09/07,0,6000,0,6000
2011/09/08,0,667000,0,667000
2011/09/09,0,223000,0,223000
2011/09/12,0,0,0,0
2011/09/13,0,26000,-3053,22947
2011/09/14,0,4000,-7000,-3000
2011/09/15,0,0,-22000,-22000
2011/09/16,0,18000,-407000,-389000
2011/09/19,0,4000,0,4000
2011/09/20,0,3000,-1000,2000
2011/09/21,0,0,-25467,-25467
2011/09/22,0,0,-6000,-6000
2011/09/23,0,1743000,0,1743000
2011/09/26,0,10000,-34000,-24000
2011/09/27,0,0,0,0
2011/09/28,0,1064000,-1000,1063000
2011/09/29,0,421000,0,421000
2011/09/30,0,811000,-41000,770000
2011/10/03,0,80000,-1000,79000
2011/10/04,0,499000,0,499000
2011/10/05,0,122000,0,122000
2011/10/06,0,283000,-1000,282000
2011/10/07,0,1000,0,1000
2011/10/10,0,0,0,0
2011/10/11,0,637000,0,637000
2011/10/12,0,0,0,0
2011/10/13,0,6000,0,6000
2011/10/14,0,7000,-2000,5000
2011/10/17,0,0,-2594,-2594
2011/10/18,0,10864,0,10864
2011/10/19,0,0,0,0
2011/10/20,0,0,0,0
2011/10/21,0,0,0,0
2011/10/24,0,610000,-49000,561000
2011/10/25,0,1096000,-200000,896000
2011/10/26,0,1000,-872000,-871000
2011/10/27,0,3000,0,3000
2011/10/28,0,1043000,0,1043000
2011/10/31,0,0,-3000,-3000
2011/11/01,0,0,-5000,-5000
2011/11/02,0,10000,0,10000
2011/11/03,0,1000,-160000,-159000
2011/11/04,0,0,-800000,-800000
2011/11/07,0,140000,0,140000
2011/11/08,0,5954000,0,5954000
2011/11/09,0,0,0,0
2011/11/10,0,1000,0,1000
2011/11/11,0,0,-389000,-389000
2011/11/14,0,253000,-11555,241445
2011/11/15,0,0,-266000,-266000
2011/11/16,0,100000,0,100000
2011/11/17,0,48000,-1000,47000
2011/11/18,0,2000,0,2000
2011/11/21,0,4000,-1293000,-1289000
2011/11/22,0,3000,-467000,-464000
2011/11/23,0,8000,0,8000
2011/11/24,0,480000,0,480000
2011/11/25,0,399000,0,399000
2011/11/28,0,3000,0,3000
2011/11/29,0,748000,0,748000
2011/11/30,0,5000,0,5000
2011/12/01,0,1359000,-405000,954000
2011/12/02,0,0,0,0
2011/12/05,0,103000,-3000,100000
2011/12/06,0,0,0,0
2011/12/07,0,97000,0,97000
2011/12/08,0,377000,0,377000
2011/12/09,0,434799,0,434799
2011/12/12,0,1174000,0,1174000
2011/12/13,0,0,0,0
2011/12/14,0,62000,-90000,-28000
2011/12/15,0,434000,-88000,346000
2011/12/16,0,2001000,-12000,1989000
2011/12/19,0,2000,0,2000
2011/12/20,0,68000,-19000,49000
2011/12/21,0,375000,-11000,364000
2011/12/22,0,406000,0,406000
2011/12/23,0,275000,-1789000,-1514000
2011/12/26,0,823000,0,823000
2011/12/27,0,4000,-20000,-16000
2011/12/28,0,222000,-2000,220000
2011/12/29,0,146000,0,146000
2011/12/30,0,657000,-3000,654000
2012/01/02,0,4000,0,4000
2012/01/03,0,720000,-673000,47000
2012/01/04,0,2658000,0,2658000
2012/01/05,0,5485000,-31580,5453420
2012/01/06,0,8331000,-1000,8330000
2012/01/09,0,864000,0,864000
2012/01/10,0,1153000,0,1153000
2012/01/11,0,250000,-838000,-588000
2012/01/12,0,314000,-658000,-344000
2012/01/13,0,0,-36000,-36000
2012/01/16,0,95000,-65000,30000
2012/01/17,0,996000,-653000,343000
2012/01/18,0,0,-1092000,-1092000
2012/01/19,0,0,0,0
2012/01/20,0,0,0,0
2012/01/23,0,0,0,0
2012/01/24,0,0,0,0
2012/01/25,0,0,0,0
2012/01/26,0,0,0,0
2012/01/27,0,0,0,0
2012/01/30,0,0,-1986000,-1986000
2012/01/31,0,2060000,-3000,2057000
2012/02/01,0,0,-730000,-730000
2012/02/02,0,0,-5000,-5000
2012/02/03,0,953000,-3000,950000
2012/02/06,0,0,-1439000,-1439000
2012/02/07,0,480000,-800000,-320000
2012/02/08,0,50000,-5000,45000
2012/02/09,0,73762,-1048000,-974238
2012/02/10,0,256000,0,256000
2012/02/13,0,90000,0,90000
2012/02/14,0,0,-9000,-9000
2012/02/15,0,960000,-304000,656000
2012/02/16,0,287000,-880000,-593000
2012/02/17,0,262000,-10000,252000
2012/02/20,0,0,-552000,-552000
2012/02/21,0,0,-2278000,-2278000
2012/02/22,0,350000,-6684000,-6334000
2012/02/23,0,0,-9056000,-9056000
2012/02/24,0,60000,-543000,-483000
2012/02/27,0,0,0,0
2012/02/28,0,0,0,0
2012/02/29,0,805000,-3000,802000
2012/03/01,0,100000,-1249000,-1149000
2012/03/02,0,160000,-5000,155000
2012/03/05,0,384000,-690000,-306000
2012/03/06,0,0,-1000,-1000
2012/03/07,0,0,-489000,-489000
2012/03/08,0,0,-301307,-301307
2012/03/09,0,0,-107000,-107000
2012/03/12,0,2000,-246000,-244000
2012/03/13,0,200000,-225000,-25000
2012/03/14,0,2000,-141000,-139000
2012/03/15,0,0,-51000,-51000
2012/03/16,0,0,-1161000,-1161000
2012/03/19,0,93000,-244000,-151000
2012/03/20,0,0,-570000,-570000
2012/03/21,0,7000,-3363000,-3356000
2012/03/22,0,0,0,0
2012/03/23,0,200000,-55000,145000
2012/03/26,0,480000,-531000,-51000
2012/03/27,0,0,0,0
2012/03/28,0,0,0,0
2012/03/29,0,50000,-200000,-150000
2012/03/30,0,55000,-3000,52000
2012/04/02,0,0,0,0
2012/04/03,0,345000,0,345000
2012/04/04,0,0,0,0
2012/04/05,0,1353,-402000,-400647
2012/04/06,0,8000,-73000,-65000
2012/04/09,0,30000,-6000,24000
2012/04/10,0,0,-130000,-130000
2012/04/11,0,0,-187000,-187000
2012/04/12,0,0,-190000,-190000
2012/04/13,0,29000,0,29000
2012/04/16,0,0,-112000,-112000
2012/04/17,0,0,-437000,-437000
2012/04/18,0,0,-637000,-637000
2012/04/19,0,0,-356000,-356000
2012/04/20,0,370000,0,370000
2012/04/23,0,1000,-1246000,-1245000
2012/04/24,0,104000,-125000,-21000
2012/04/25,0,100000,0,100000
2012/04/26,0,0,0,0
2012/04/27,0,612000,0,612000
2012/04/30,0,0,-500000,-500000
2012/05/01,0,0,0,0
2012/05/02,0,14000,-270000,-256000
2012/05/03,0,414338,0,414338
2012/05/04,0,10000,-16000,-6000
2012/05/07,0,0,0,0
2012/05/08,0,0,0,0
2012/05/09,0,15000,0,15000
2012/05/10,0,12000,0,12000
2012/05/11,0,363000,-315000,48000
2012/05/14,0,200000,0,200000
2012/05/15,0,10000,-400000,-390000
2012/05/16,0,11000,-472000,-461000
2012/05/17,0,0,-450000,-450000
2012/05/18,0,11000,0,11000
2012/05/21,0,0,0,0
2012/05/22,0,1100000,0,1100000
2012/05/23,0,32000,-593000,-561000
2012/05/24,0,0,0,0
2012/05/25,0,4000,0,4000
2012/05/28,0,0,0,0
2012/05/29,0,1000,-350000,-349000
2012/05/30,0,15205,0,15205
2012/05/31,0,5000,-509000,-504000
2012/06/01,0,15000,-501000,-486000
2012/06/04,0,5000,0,5000
2012/06/05,0,158000,0,158000
2012/06/06,0,200000,-63000,137000
2012/06/07,0,0,0,0
2012/06/08,0,46000,0,46000
2012/06/11,0,14000,0,14000
2012/06/12,0,40000,0,40000
2012/06/13,0,19000,-5000,14000
2012/06/14,0,17000,-7000,10000
2012/06/15,0,985000,-450000,535000
2012/06/18,0,62000,-1000,61000
2012/06/19,0,0,-25000,-25000
2012/06/20,0,0,-2000,-2000
2012/06/21,0,41000,0,41000
2012/06/22,0,0,0,0
2012/06/25,0,0,0,0
2012/06/26,0,0,-20931,-20931
2012/06/27,0,0,0,0
2012/06/28,0,0,-4000,-4000
2012/06/29,0,0,0,0
2012/07/02,0,128000,-3000,125000
2012/07/03,0,535000,0,535000
2012/07/04,0,384538,-64000,320538
2012/07/05,0,4000,-2000,2000
2012/07/06,0,0,-10000,-10000
2012/07/09,0,0,-1000,-1000
2012/07/10,0,1000,-88000,-87000
2012/07/11,0,1000,-159000,-158000
2012/07/12,0,0,0,0
2012/07/13,0,0,0,0
2012/07/16,0,0,-401000,-401000
2012/07/17,0,91000,-200405,-109405
2012/07/18,0,5000,0,5000
2012/07/19,0,1000,0,1000
2012/07/20,0,0,0,0
2012/07/23,0,11000,0,11000
2012/07/24,0,0,0,0
2012/07/25,0,0,0,0
2012/07/26,0,218000,-1832000,-1614000
2012/07/27,0,400000,0,400000
2012/07/30,0,200000,0,200000
2012/07/31,0,0,0,0
2012/08/01,0,2000,0,2000
2012/08/02,0,0,0,0
2012/08/03,0,0,0,0
2012/08/06,0,5000,-1000,4000
2012/08/07,0,2000,-46000,-44000
2012/08/08,0,3000,-11000,-8000
2012/08/09,0,32000,-6000,26000
2012/08/10,0,4000,-5000,-1000
2012/08/13,0,0,-1103000,-1103000
2012/08/14,0,0,-1000,-1000
2012/08/15,0,138037,-90000,48037
2012/08/16,0,0,-5000,-5000
2012/08/17,0,1000,-14645,-13645
2012/08/20,0,138000,-9000,129000
2012/08/21,0,0,0,0
2012/08/22,0,0,0,0
2012/08/23,0,2000,-24000,-22000
2012/08/24,0,0,0,0
2012/08/27,0,2000,-3000,-1000
2012/08/28,0,0,0,0
2012/08/29,0,0,-76000,-76000
2012/08/30,0,0,-1000,-1000
2012/08/31,0,10000,-12000,-2000
2012/09/03,0,0,-2000,-2000
2012/09/04,0,0,0,0
2012/09/05,0,1000,-1000,0
2012/09/06,0,3000,0,3000
2012/09/07,0,5000,-1000,4000
2012/09/10,0,0,0,0
2012/09/11,0,0,0,0
2012/09/12,0,2000,0,2000
2012/09/13,0,202000,0,202000
2012/09/14,0,3910000,0,3910000
2012/09/17,0,302000,0,302000
2012/09/18,0,0,-41000,-41000
2012/09/19,0,4000,-21000,-17000
2012/09/20,0,550000,-18000,532000
2012/09/21,0,400000,-76000,324000
2012/09/24,0,1000,-7000,-6000
2012/09/25,0,250000,0,250000
2012/09/26,0,80000,-12000,68000
2012/09/27,0,152000,0,152000
2012/09/28,0,357000,-1000,356000
2012/10/01,0,1000,0,1000
2012/10/02,0,1300000,0,1300000
2012/10/03,0,0,0,0
2012/10/04,0,0,0,0
2012/10/05,0,0,0,0
2012/10/08,0,600000,0,600000
2012/10/09,0,0,0,0
2012/10/10,0,0,0,0
2012/10/11,0,0,0,0
2012/10/12,0,0,-2000,-2000
2012/10/15,0,0,-150000,-150000
2012/10/16,0,0,0,0
2012/10/17,0,3000,0,3000
2012/10/18,0,74000,-330000,-256000
2012/10/19,0,0,0,0
2012/10/22,0,0,0,0
2012/10/23,0,515000,0,515000
2012/10/24,0,0,0,0
2012/10/25,0,0,-33000,-33000
2012/10/26,0,854000,0,854000
2012/10/29,0,13581,0,13581
2012/10/30,0,0,0,0
2012/10/31,0,0,-4000,-4000
2012/11/01,0,0,0,0
2012/11/02,0,5000,0,5000
2012/11/05,0,0,-5000,-5000
2012/11/06,0,0,-139000,-139000
2012/11/07,0,0,0,0
2012/11/08,0,0,-209000,-209000
2012/11/09,0,0,0,0
2012/11/12,0,0,0,0
2012/11/13,0,1000,0,1000
2012/11/14,0,0,0,0
2012/11/15,0,0,-1000,-1000
2012/11/16,0,0,0,0
2012/11/19,0,0,0,0
2012/11/20,0,0,0,0
2012/11/21,0,0,0,0
2012/11/22,0,0,-7000,-7000
2012/11/23,0,0,-2012000,-2012000
2012/11/26,0,0,0,0
2012/11/27,0,0,-11000,-11000
2012/11/28,0,132000,-2000,130000
2012/11/29,0,0,0,0
2012/11/30,0,0,-1000,-1000
2012/12/03,0,0,-600000,-600000
2012/12/04,0,0,-2000,-2000
2012/12/05,0,0,-4000,-4000
2012/12/06,0,0,0,0
2012/12/07,0,0,-10000,-10000
2012/12/10,0,0,-369000,-369000
2012/12/11,0,0,0,0
2012/12/12,0,0,0,0
2012/12/13,0,1000,0,1000
2012/12/14,0,0,-1000,-1000
2012/12/17,0,0,-13000,-13000
2012/12/18,0,0,-14000,-14000
2012/12/19,0,250000,0,250000
2012/12/20,0,5000,0,5000
2012/12/21,0,0,-47000,-47000
2012/12/24,0,0,0,0
2012/12/25,0,0,0,0
2012/12/26,0,0,0,0
2012/12/27,0,0,0,0
2012/12/28,0,0,0,0
2012/12/31,0,0,0,0
2013/01/01,0,0,0,0
2013/01/02,0,756000,0,756000
2013/01/03,0,1553000,-3000,1550000
2013/01/04,0,0,-12000,-12000
2013/01/07,0,0,-70000,-70000
2013/01/08,0,0,-2000,-2000
2013/01/09,0,0,-4000,-4000
2013/01/10,0,0,0,0
2013/01/11,0,0,-13000,-13000
2013/01/14,0,0,0,0
2013/01/15,0,0,-6000,-6000
2013/01/16,0,238000,-10000,228000
2013/01/17,0,0,-56870,-56870
2013/01/18,0,2050000,-9000,2041000
2013/01/21,0,1350000,-26000,1324000
2013/01/22,0,0,-8000,-8000
2013/01/23,0,0,-2000,-2000
2013/01/24,0,413000,-9000,404000
2013/01/25,0,0,-5000,-5000
2013/01/28,0,0,0,0
2013/01/29,0,0,0,0
2013/01/30,0,0,0,0
2013/01/31,0,10000,-304000,-294000
2013/02/01,0,0,0,0
2013/02/04,0,0,-105000,-105000
2013/02/05,0,0,-292000,-292000
2013/02/06,0,9000,0,9000
2013/02/07,0,0,0,0
2013/02/08,0,0,0,0
2013/02/11,0,0,0,0
2013/02/12,0,0,0,0
2013/02/13,0,0,0,0
2013/02/14,0,0,0,0
2013/02/15,0,0,0,0
2013/02/18,0,0,-32000,-32000
2013/02/19,0,0,-696000,-696000
2013/02/20,0,0,0,0
2013/02/21,0,0,-2000,-2000
2013/02/22,0,0,-2058000,-2058000
2013/02/25,0,499000,0,499000
2013/02/26,0,0,-2000,-2000
2013/02/27,0,6000,0,6000
2013/02/28,0,0,0,0
2013/03/01,0,251000,-377000,-126000
2013/03/04,0,0,0,0
2013/03/05,0,134000,0,134000
2013/03/06,0,7000,0,7000
2013/03/07,0,0,0,0
2013/03/08,0,0,-16000,-16000
2013/03/11,0,83000,-150000,-67000
2013/03/12,0,0,0,0
2013/03/13,0,0,-1000,-1000
2013/03/14,0,0,-9000,-9000
2013/03/15,0,756000,-4000,752000
2013/03/18,0,21000,-1000,20000
2013/03/19,0,0,0,0
2013/03/20,0,72000,-1000,71000
2013/03/21,0,0,0,0
2013/03/22,0,0,-4000,-4000
2013/03/25,0,0,0,0
2013/03/26,0,50000,0,50000
2013/03/27,0,12000,-35000,-23000
2013/03/28,0,0,0,0
2013/03/29,0,12000,0,12000
2013/04/01,0,77000,-1000,76000
2013/04/02,0,0,-3000,-3000
2013/04/03,0,0,0,0
2013/04/04,0,0,0,0
2013/04/05,0,0,0,0
2013/04/08,0,0,-6000,-6000
2013/04/09,0,0,-3000,-3000
2013/04/10,0,0,0,0
2013/04/11,0,0,0,0
2013/04/12,0,0,-4000,-4000
2013/04/15,0,0,-1000,-1000
2013/04/16,0,0,-522000,-522000
2013/04/17,0,0,-60000,-60000
2013/04/18,0,0,-7000,-7000
2013/04/19,0,10245,0,10245
2013/04/22,0,0,-110000,-110000
2013/04/23,0,0,-3000,-3000
2013/04/24,0,0,0,0
2013/04/25,0,0,-3000,-3000
2013/04/26,0,0,0,0
2013/04/29,0,0,-3000,-3000
2013/04/30,0,0,-84000,-84000
2013/05/01,0,0,0,0
2013/05/02,0,0,0,0
2013/05/03,0,0,-1000,-1000
2013/05/06,0,0,0,0
2013/05/07,0,0,-39000,-39000
2013/05/08,0,0,0,0
2013/05/09,0,0,-2000,-2000
2013/05/10,0,0,-43000,-43000
2013/05/13,0,0,-3000,-3000
2013/05/14,0,7000,0,7000
2013/05/15,0,0,0,0
2013/05/16,0,54000,0,54000
2013/05/17,0,278000,0,278000
2013/05/20,0,87000,-2000,85000
2013/05/21,0,0,-3000,-3000
2013/05/22,0,0,-2000,-2000
2013/05/23,0,0,-902000,-902000
2013/05/24,0,0,-9000,-9000
2013/05/27,0,0,-78000,-78000
2013/05/28,0,0,0,0
2013/05/29,0,0,0,0
2013/05/30,0,0,0,0
2013/05/31,0,1000,0,1000
2013/06/03,0,0,0,0
2013/06/04,0,0,0,0
2013/06/05,0,0,0,0
2013/06/06,0,0,-331000,-331000
2013/06/07,0,2000,-1175000,-1173000
2013/06/10,0,0,0,0
2013/06/11,0,14000,-2099000,-2085000
2013/06/12,0,0,0,0
2013/06/13,0,13000,-1621000,-1608000
2013/06/14,0,0,0,0
2013/06/17,0,0,0,0
2013/06/18,0,0,-2000,-2000
2013/06/19,0,0,-2000,-2000
2013/06/20,0,0,0,0
2013/06/21,0,3000,-641000,-638000
2013/06/24,0,13000,-31000,-18000
2013/06/25,0,0,-52000,-52000
2013/06/26,0,0,-7000,-7000
2013/06/27,0,0,-1000,-1000
2013/06/28,0,1000,0,1000
2013/07/01,0,0,-4000,-4000
2013/07/02,0,200000,0,200000
2013/07/03,0,235000,0,235000
2013/07/04,0,0,-6000,-6000
2013/07/05,0,18000,0,18000
2013/07/08,0,0,-540000,-540000
2013/07/09,0,0,0,0
2013/07/10,0,0,0,0
2013/07/11,0,0,-6084,-6084
2013/07/12,0,0,-7000,-7000
2013/07/15,0,0,0,0
2013/07/16,0,0,0,0
2013/07/17,0,0,0,0
2013/07/18,0,1000,-1000,0
2013/07/19,0,1000,0,1000
2013/07/22,0,0,0,0
2013/07/23,0,0,0,0
2013/07/24,0,2000,0,2000
2013/07/25,0,1000,0,1000
2013/07/26,0,0,0,0
2013/07/29,0,0,0,0
2013/07/30,0,68000,0,68000
2013/07/31,0,1000,-2000,-1000
2013/08/01,0,0,-1339000,-1339000
2013/08/02,0,0,0,0
2013/08/05,0,0,-580000,-580000
2013/08/06,0,0,0,0
2013/08/07,0,0,0,0
2013/08/08,0,0,0,0
2013/08/09,0,0,0,0
2013/08/12,0,0,0,0
2013/08/13,0,0,0,0
2013/08/14,0,2000,0,2000
2013/08/15,0,8000,-1000,7000
2013/08/16,0,19000,0,19000
2013/08/19,0,4000,0,4000
2013/08/20,0,1000,0,1000
2013/08/21,0,0,0,0
2013/08/22,0,4000,0,4000
2013/08/23,0,9000,0,9000
2013/08/26,0,13000,0,13000
2013/08/27,0,0,0,0
2013/08/28,0,8000,0,8000
2013/08/29,0,0,0,0
2013/08/30,0,7000,-3000,4000
2013/09/02,0,0,-580000,-580000
2013/09/03,0,0,-13998,-13998
2013/09/04,0,0,0,0
2013/09/05,0,2000,0,2000
2013/09/06,0,4000,0,4000
2013/09/09,0,0,-1000,-1000
2013/09/10,0,1000,0,1000
2013/09/11,0,13000,0,13000
2013/09/12,0,14000,0,14000
2013/09/13,0,12000,-2000,10000
2013/09/16,0,2000,0,2000
2013/09/17,0,0,-9500000,-9500000
2013/09/18,0,552000,-10468277,-9916277
2013/09/19,0,0,0,0
2013/09/20,0,0,0,0
2013/09/23,0,0,-418041,-418041
2013/09/24,0,0,0,0
2013/09/25,0,0,0,0
2013/09/26,0,1000,0,1000
2013/09/27,0,0,-10000,-10000
2013/09/30,0,2000,-1000,1000
2013/10/01,0,1000,0,1000
2013/10/02,0,0,-253000,-253000
2013/10/03,0,4000,-298000,-294000
2013/10/04,0,1000,0,1000
2013/10/07,0,0,0,0
2013/10/08,0,0,0,0
2013/10/09,0,0,0,0
2013/10/10,0,0,0,0
2013/10/11,0,0,-2000,-2000
2013/10/14,0,0,0,0
2013/10/15,0,0,0,0
2013/10/16,0,0,0,0
2013/10/17,0,1000,0,1000
2013/10/18,0,0,0,0
2013/10/21,0,0,0,0
2013/10/22,0,0,-7000,-7000
2013/10/23,0,0,0,0
2013/10/24,0,0,0,0
2013/10/25,0,0,0,0
2013/10/28,0,0,0,0
2013/10/29,0,0,0,0
2013/10/30,0,0,0,0
2013/10/31,0,0,-22000,-22000
2013/11/01,0,2000,0,2000
2013/11/04,0,0,0,0
2013/11/05,0,0,0,0
2013/11/06,0,0,0,0
2013/11/07,0,0,0,0
2013/11/08,0,0,0,0
2013/11/11,0,0,-1000,-1000
2013/11/12,0,0,0,0
2013/11/13,0,0,0,0
2013/11/14,0,0,0,0
2013/11/15,0,0,-2000,-2000
2013/11/18,0,0,0,0
2013/11/19,0,0,0,0
2013/11/20,0,0,0,0
2013/11/21,0,2000,0,2000
2013/11/22,0,1000,0,1000
2013/11/25,0,32209,0,32209
2013/11/26,0,0,-1000,-1000
2013/11/27,0,0,0,0
2013/11/28,0,0,0,0
2013/11/29,0,0,0,0
2013/12/02,0,0,0,0
2013/12/03,0,0,0,0
2013/12/04,0,0,0,0
2013/12/05,0,0,0,0
2013/12/06,0,0,0,0
2013/12/09,0,0,0,0
2013/12/10,0,0,-2000,-2000
2013/12/11,0,0,0,0
2013/12/12,0,0,0,0
2013/12/13,0,0,0,0
2013/12/16,0,0,0,0
2013/12/17,0,0,-4000,-4000
2013/12/18,0,0,0,0
2013/12/19,0,0,0,0
2013/12/20,0,0,-19000,-19000
2013/12/23,0,0,0,0
2013/12/24,0,441000,-10000,431000
2013/12/25,0,344000,-5000,339000
2013/12/26,0,139000,0,139000
2013/12/27,0,2000,0,2000
2013/12/30,0,19000,0,19000
2013/12/31,0,0,-2000,-2000
2014/01/02,0,21000,-1000,20000
2014/01/03,0,0,0,0
2014/01/06,0,0,-6000,-6000
2014/01/07,0,0,-2000,-2000
2014/01/08,0,341000,0,341000
2014/01/09,0,0,0,0
2014/01/10,0,3000,0,3000
2014/01/13,0,0,0,0
2014/01/14,0,2000,0,2000
2014/01/15,0,5000,-3000,2000
2014/01/16,0,0,0,0
2014/01/17,0,0,-1000,-1000
2014/01/20,0,0,0,0
2014/01/21,0,0,-12000,-12000
2014/01/22,0,0,-4000,-4000
2014/01/23,0,0,0,0
2014/01/24,0,0,0,0
2014/01/27,0,0,-1000,-1000
2014/02/05,0,0,0,0
2014/02/06,0,0,0,0
2014/02/07,0,0,0,0
2014/02/10,0,3000,0,3000
2014/02/11,0,0,-1000,-1000
2014/02/12,0,0,0,0
2014/02/13,0,5000,-2371,2629
2014/02/14,0,0,0,0
2014/02/17,0,0,0,0
2014/02/18,0,0,0,0
2014/02/19,0,0,-66000,-66000
2014/02/20,0,0,-70000,-70000
2014/02/21,0,7000,-3000,4000
2014/02/24,0,2000,0,2000
2014/02/25,0,0,0,0
2014/02/26,0,0,0,0
2014/02/27,0,0,-2000,-2000
2014/03/03,0,0,0,0
2014/03/04,0,0,0,0
2014/03/05,0,0,0,0
2014/03/06,0,2000,-2000,0
2014/03/07,0,0,-2000,-2000
2014/03/10,0,0,-3000,-3000
2014/03/11,0,0,0,0
2014/03/12,0,0,-2000,-2000
2014/03/13,0,0,0,0
2014/03/14,0,6000,-3000,3000
2014/03/17,0,0,-1000,-1000
2014/03/18,0,0,0,0
2014/03/19,0,0,0,0
2014/03/20,0,0,0,0
2014/03/21,0,0,-8000,-8000
2014/03/24,0,0,-1000,-1000
2014/03/25,0,0,0,0
2014/03/26,0,0,0,0
2014/03/27,0,0,0,0
2014/03/28,0,0,-2000,-2000
2014/03/31,0,0,0,0
2014/04/01,0,0,-20000,-20000
2014/04/02,0,0,0,0
2014/04/03,0,0,-29000,-29000
2014/04/07,0,0,-1000,-1000
2014/04/08,0,0,0,0
2014/04/09,0,0,0,0
2014/04/10,0,0,-4141,-4141
2014/04/11,0,0,0,0
2014/04/14,0,0,0,0
2014/04/15,0,0,0,0
2014/04/16,0,0,-1000,-1000
2014/04/17,0,0,-1000,-1000
2014/04/18,0,0,-1000,-1000
2014/04/21,0,0,-2000,-2000
2014/04/22,0,0,-1000,-1000
2014/04/23,0,0,-4000,-4000
2014/04/24,0,0,0,0
2014/04/25,0,0,0,0
2014/04/28,0,0,0,0
2014/04/29,0,0,0,0
2014/04/30,0,1000,-1000,0
2014/05/02,0,0,0,0
2014/05/05,0,0,-11000,-11000
2014/05/06,0,0,0,0
2014/05/07,0,0,0,0
2014/05/08,0,1000,0,1000
2014/05/09,0,0,0,0
2014/05/12,0,0,0,0
2014/05/13,0,0,-1000,-1000
2014/05/14,0,0,0,0
2014/05/15,0,1343000,-54000,1289000
2014/05/16,0,0,-245000,-245000
2014/05/19,0,0,-86640,-86640
2014/05/20,0,0,0,0
2014/05/21,0,0,0,0
2014/05/22,0,0,0,0
2014/05/23,0,0,0,0
2014/05/26,0,27000,-1000,26000
2014/05/27,0,32000,-1000,31000
2014/05/28,0,0,0,0
2014/05/29,0,0,-5000,-5000
2014/05/30,0,357000,-4000,353000
2014/06/03,0,0,0,0
2014/06/04,0,0,-1304000,-1304000
2014/06/05,0,0,0,0
2014/06/06,0,0,-1000,-1000
2014/06/09,0,0,0,0
2014/06/10,0,0,-9000,-9000
2014/06/11,0,0,-11000,-11000
2014/06/12,0,1000,-9000,-8000
2014/06/13,0,0,-9000,-9000
2014/06/16,0,0,-190000,-190000
2014/06/17,0,0,0,0
2014/06/18,0,0,0,0
2014/06/19,0,0,0,0
2014/06/20,0,0,-504000,-504000
2014/06/23,0,0,-300000,-300000
2014/06/24,0,0,-94000,-94000
2014/06/25,0,0,-3000,-3000
2014/06/26,0,0,0,0
2014/06/27,0,0,0,0
2014/06/30,0,0,-23000,-23000
2014/07/01,0,0,0,0
2014/07/02,0,8510,0,8510
2014/07/03,0,0,0,0
2014/07/04,0,0,0,0
2014/07/07,0,0,0,0
2014/07/08,0,0,-3000,-3000
2014/07/09,0,0,-324000,-324000
2014/07/10,0,0,-455000,-455000
2014/07/11,0,0,0,0
2014/07/14,0,0,0,0
2014/07/15,0,0,-6000,-6000
2014/07/16,0,0,0,0
2014/07/17,0,17000,0,17000
2014/07/18,0,0,0,0
2014/07/21,0,0,0,0
2014/07/22,0,13000,0,13000
2014/07/23,0,0,0,0
2014/07/24,0,1906000,0,1906000
2014/07/25,0,4083000,0,4083000
2014/07/28,0,0,0,0
2014/07/29,0,4000,0,4000
2014/07/30,0,38000,0,38000
2014/07/31,0,22000,-2000,20000
2014/08/01,0,18000,0,18000
2014/08/04,0,1000,0,1000
2014/08/05,0,0,0,0
2014/08/06,0,6000,0,6000
2014/08/07,0,29000,0,29000
2014/08/08,0,435000,0,435000
2014/08/11,0,12000,0,12000
2014/08/12,0,10000,0,10000
2014/08/13,0,5000,0,5000
2014/08/14,0,12000,0,12000
2014/08/15,0,6000,0,6000
2014/08/18,0,0,0,0
2014/08/19,0,4000,0,4000
2014/08/20,0,0,-3300000,-3300000
2014/08/21,0,23000,-1729000,-1706000
2014/08/22,0,0,0,0
2014/08/25,0,0,0,0
2014/08/26,0,2000,0,2000
2014/08/27,0,0,-550000,-550000
2014/08/28,0,30000,0,30000
2014/08/29,0,1000,0,1000
2014/09/01,0,0,0,0
2014/09/02,0,0,0,0
2014/09/03,0,12000,0,12000
2014/09/04,0,11000,0,11000
2014/09/05,0,13000,0,13000
2014/09/09,0,187000,0,187000
2014/09/10,0,100000,0,100000
2014/09/11,0,19000,0,19000
2014/09/12,0,18000,0,18000
2014/09/15,0,3000,0,3000
2014/09/16,0,2000,0,2000
2014/09/17,0,8000,0,8000
2014/09/18,0,0,0,0
2014/09/19,0,0,-1000,-1000
2014/09/22,0,18000,-3561,14439
2014/09/23,0,11000,0,11000
2014/09/24,0,1000,0,1000
2014/09/25,0,0,0,0
2014/09/26,0,0,0,0
2014/09/29,0,0,0,0
2014/09/30,0,21000,0,21000
2014/10/01,0,0,0,0
2014/10/02,0,1000,0,1000
2014/10/03,0,0,0,0
2014/10/06,0,6000,0,6000
2014/10/07,0,2000,0,2000
2014/10/08,0,2000,0,2000
2014/10/09,0,0,-1000,-1000
2014/10/13,0,0,0,0
2014/10/14,0,0,-400000,-400000
2014/10/15,0,0,0,0
2014/10/16,0,0,-400000,-400000
2014/10/17,0,0,0,0
2014/10/20,0,0,0,0
2014/10/21,0,2000,0,2000
2014/10/22,0,0,0,0
2014/10/23,0,4000,0,4000
2014/10/24,0,0,0,0
2014/10/27,0,0,0,0
2014/10/28,0,0,0,0
2014/10/29,0,5000,0,5000
2014/10/30,0,0,0,0
2014/10/31,0,0,0,0
2014/11/03,0,0,-3000,-3000
2014/11/04,0,0,0,0
2014/11/05,0,0,0,0
2014/11/06,0,0,0,0
2014/11/07,0,0,0,0
2014/11/10,0,0,0,0
2014/11/11,0,19000,0,19000
2014/11/12,0,10000,0,10000
2014/11/13,0,0,0,0
2014/11/14,0,0,0,0
2014/11/17,0,0,0,0
2014/11/18,0,0,-4000,-4000
2014/11/19,0,0,0,0
2014/11/20,0,3000,0,3000
2014/11/21,0,0,0,0
2014/11/24,0,0,0,0
2014/11/25,0,0,-2000,-2000
2014/11/26,0,0,0,0
2014/11/27,0,0,-2000,-2000
2014/11/28,0,0,0,0
2014/12/01,0,0,0,0
2014/12/02,0,0,0,0
2014/12/03,0,0,-8000,-8000
2014/12/04,0,0,0,0
2014/12/05,0,0,-21000,-21000
2014/12/08,0,0,0,0
2014/12/09,0,0,0,0
2014/12/10,0,0,0,0
2014/12/11,0,0,-1806,-1806
2014/12/12,0,0,0,0
2014/12/15,0,0,0,0
2014/12/16,0,0,-17000,-17000
2014/12/17,0,0,-287000,-287000
2014/12/18,0,0,0,0
2014/12/19,0,0,-16000,-16000
2014/12/22,0,0,0,0
2014/12/23,0,0,0,0
2014/12/24,0,0,0,0
2014/12/25,0,0,0,0
2014/12/26,0,0,0,0
2014/12/29,0,0,0,0
2014/12/30,0,0,0,0
2014/12/31,0,17000,0,17000
2015/01/01,0,0,0,0
2015/01/02,0,0,0,0
2015/01/05,0,0,0,0
2015/01/06,0,0,0,0
2015/01/07,0,0,-1000,-1000
2015/01/08,0,0,0,0
2015/01/09,0,0,0,0
2015/01/12,0,0,0,0
2015/01/13,0,0,0,0
2015/01/14,0,0,0,0
2015/01/15,0,0,0,0
2015/01/16,0,0,0,0
2015/01/19,0,0,0,0
2015/01/20,0,0,0,0
2015/01/21,0,0,0,0
2015/01/22,0,6000,-22000,-16000
2015/01/23,0,0,0,0
2015/01/26,0,0,0,0
2015/01/27,0,0,0,0
2015/01/28,0,0,0,0
2015/01/29,0,0,0,0
2015/01/30,0,0,-11000,-11000
2015/02/02,0,0,0,0
2015/02/03,0,0,0,0
2015/02/04,0,0,0,0
2015/02/05,0,0,0,0
2015/02/06,0,0,0,0
2015/02/09,0,0,-4000,-4000
2015/02/10,0,0,0,0
2015/02/11,0,0,0,0
2015/02/12,0,0,0,0
2015/02/13,0,0,-5720,-5720
2015/02/16,0,0,0,0
2015/02/17,0,0,0,0
2015/02/18,0,0,0,0
2015/02/19,0,0,0,0
2015/02/20,0,0,0,0
2015/02/23,0,0,0,0
2015/02/24,0,0,0,0
2015/02/25,0,0,0,0
2015/02/26,0,0,-3000,-3000
2015/02/27,0,0,0,0
2015/03/02,0,0,0,0
2015/03/03,0,0,-1000,-1000
2015/03/04,0,0,-3000,-3000
2015/03/05,0,0,-1000,-1000
2015/03/06,0,284000,0,284000
2015/03/09,0,0,-1000,-1000
2015/03/10,0,531000,0,531000
2015/03/11,0,0,0,0
2015/03/12,0,8206,0,8206
2015/03/13,0,0,0,0
2015/03/16,0,0,-67000,-67000
2015/03/17,0,0,0,0
2015/03/18,0,0,0,0
2015/03/19,0,0,0,0
2015/03/20,0,0,0,0
2015/03/23,0,0,0,0
2015/03/24,0,0,-4000,-4000
2015/03/25,0,0,0,0
2015/03/26,0,0,0,0
2015/03/27,0,0,0,0
2015/03/30,0,0,0,0
2015/03/31,0,0,0,0
2015/04/01,0,0,0,0
2015/04/02,0,0,0,0
2015/04/03,0,0,0,0
2015/04/06,0,0,0,0
2015/04/07,0,0,0,0
2015/04/08,0,0,0,0
2015/04/09,0,0,0,0
2015/04/10,0,0,0,0
2015/04/13,0,0,0,0
2015/04/14,0,0,0,0
2015/04/15,0,0,-14000,-14000
2015/04/16,0,0,0,0
2015/04/17,0,0,0,0
2015/04/20,0,0,-2000,-2000
2015/04/21,0,0,0,0
2015/04/22,0,0,0,0
2015/04/23,0,0,0,0
2015/04/24,0,0,-2000,-2000
2015/04/27,0,0,0,0
2015/04/28,0,0,0,0
2015/04/29,0,0,-4000,-4000
2015/04/30,0,0,0,0
2015/05/01,0,0,0,0
2015/05/04,0,0,0,0
2015/05/05,0,0,0,0
2015/05/06,0,0,0,0
2015/05/07,0,0,0,0
2015/05/08,0,0,0,0
2015/05/11,0,0,0,0
2015/05/12,0,0,-154000,-154000
2015/05/13,0,0,0,0
2015/05/14,0,0,0,0
2015/05/15,0,0,0,0
2015/05/18,0,0,0,0
2015/05/19,0,0,0,0
2015/05/20,0,0,0,0
2015/05/21,0,0,0,0
2015/05/22,0,0,0,0
2015/05/25,0,0,0,0
2015/05/26,0,0,0,0
2015/05/27,0,0,-652000,-652000
2015/05/28,0,59000,0,59000
2015/05/29,0,9000,0,9000
2015/06/01,0,0,0,0
2015/06/02,0,0,0,0
2015/06/03,0,0,0,0
2015/06/04,0,0,-2499,-2499
2015/06/05,0,11000,-2000,9000
2015/06/08,0,0,0,0
2015/06/09,0,0,0,0
2015/06/10,0,0,0,0
2015/06/11,0,0,0,0
2015/06/12,0,0,-4000,-4000
2015/06/15,0,0,0,0
2015/06/16,0,0,0,0
2015/06/17,0,0,0,0
2015/06/18,0,0,-5000,-5000
2015/06/19,0,0,0,0
2015/06/22,0,94000,-5000,89000
2015/06/23,0,0,0,0
2015/06/24,0,0,-1000,-1000
2015/06/25,0,0,0,0
2015/06/26,0,0,0,0
2015/06/29,0,0,-1000,-1000
2015/06/30,0,0,0,0
2015/07/01,0,0,0,0
2015/07/02,0,0,0,0
2015/07/03,0,0,0,0
2015/07/06,0,0,0,0
2015/07/07,0,0,0,0
2015/07/08,0,0,0,0
2015/07/09,0,0,-8000,-8000
2015/07/10,0,0,0,0
2015/07/13,0,0,0,0
2015/07/14,0,0,0,0
2015/07/15,0,16000,0,16000
2015/07/16,0,0,0,0
2015/07/17,0,35000,0,35000
2015/07/20,0,0,-1000,-1000
2015/07/21,0,2000,0,2000
2015/07/22,0,0,0,0
2015/07/23,0,1000,0,1000
2015/07/24,0,62000,0,62000
2015/07/27,0,0,0,0
2015/07/28,0,29000,0,29000
2015/07/29,0,6000,0,6000
2015/07/30,0,6000,0,6000
2015/07/31,0,3000,0,3000
2015/08/03,0,11000,0,11000
2015/08/04,0,4000,0,4000
2015/08/05,0,0,0,0
2015/08/06,0,11000,0,11000
2015/08/07,0,2000,0,2000
2015/08/10,0,3000,0,3000
2015/08/11,0,4000,0,4000
2015/08/12,0,2000,0,2000
2015/08/13,0,8000,0,8000
2015/08/14,0,0,0,0
2015/08/17,0,3000,0,3000
2015/08/18,0,0,0,0
2015/08/19,0,0,0,0
2015/08/20,0,1000,0,1000
2015/08/21,0,0,0,0
2015/08/24,0,0,0,0
2015/08/25,0,3814,0,3814
2015/08/26,0,1000,0,1000
2015/08/27,0,1000,0,1000
2015/08/28,0,1000,0,1000
2015/08/31,0,0,-19000,-19000
2015/09/01,0,35000,-19000,16000
2015/09/02,0,0,0,0
2015/09/03,0,31000,0,31000
2015/09/04,0,2000,-7000,-5000
2015/09/07,0,21000,0,21000
2015/09/08,0,10000,0,10000
2015/09/09,0,1000,0,1000
2015/09/10,0,0,0,0
2015/09/11,0,10000,0,10000
2015/09/14,0,5000,0,5000
2015/09/15,0,6000,0,6000
2015/09/16,0,0,0,0
2015/09/17,0,0,0,0
2015/09/18,0,1000,-3000,-2000
2015/09/21,0,46000,0,46000
2015/09/22,0,0,-1475,-1475
2015/09/23,0,0,0,0
2015/09/24,0,0,0,0
2015/09/25,0,0,0,0
2015/09/28,0,0,0,0
2015/09/29,0,0,0,0
2015/09/30,0,0,0,0
2015/10/01,0,6000,0,6000
2015/10/02,0,20000,0,20000
2015/10/05,0,7000,0,7000
2015/10/06,0,0,0,0
2015/10/07,0,3000,0,3000
2015/10/08,0,0,0,0
2015/10/09,0,0,0,0
2015/10/12,0,0,0,0
2015/10/13,0,0,0,0
2015/10/14,0,0,0,0
2015/10/15,0,0,0,0
2015/10/16,0,7000,0,7000
2015/10/19,0,0,0,0
2015/10/20,0,0,0,0
2015/10/21,0,0,0,0
2015/10/22,0,0,0,0
2015/10/23,0,0,0,0
2015/10/26,0,0,0,0
2015/10/27,0,0,0,0
2015/10/28,0,0,0,0
2015/10/29,0,0,0,0
2015/10/30,0,0,-1000,-1000
2015/11/02,0,0,0,0
2015/11/03,0,6000,0,6000
2015/11/04,0,22000,-1000,21000
2015/11/05,0,0,0,0
2015/11/06,0,0,0,0
2015/11/09,0,1000,0,1000
2015/11/10,0,0,0,0
2015/11/11,0,0,0,0
2015/11/12,0,0,0,0
2015/11/13,0,0,0,0
2015/11/16,0,0,0,0
2015/11/17,0,0,0,0
2015/11/18,0,0,0,0
2015/11/19,0,0,0,0
2015/11/20,0,0,0,0
2015/11/23,0,0,0,0
2015/11/24,0,0,0,0
2015/11/25,0,0,0,0
2015/11/26,0,0,0,0
2015/11/27,0,0,0,0
2015/11/30,0,1000,0,1000
2015/12/01,0,0,0,0
2015/12/02,0,0,0,0
2015/12/03,0,0,0,0
2015/12/04,0,0,0,0
2015/12/07,0,0,0,0
2015/12/08,0,0,0,0
2015/12/09,0,0,0,0
2015/12/10,0,0,0,0
2015/12/11,0,0,0,0
2015/12/14,0,0,-1005,-1005
2015/12/15,0,0,0,0
2015/12/16,0,0,0,0
2015/12/17,0,0,0,0
2015/12/18,0,0,0,0
2015/12/21,0,0,0,0
2015/12/22,0,5000,0,5000
2015/12/23,0,0,0,0
2015/12/24,0,0,0,0
2015/12/25,0,0,0,0
2015/12/28,0,0,-68000,-68000
2015/12/29,0,0,-78000,-78000
2015/12/30,0,0,0,0
2015/12/31,0,0,0,0
2016/01/01,0,0,0,0
2016/01/04,0,0,0,0
2016/01/05,0,0,-3000,-3000
2016/01/06,0,0,0,0
2016/01/07,0,0,0,0
2016/01/08,0,0,0,0
2016/01/11,0,0,0,0
2016/01/12,0,0,-1000,-1000
2016/01/13,0,0,-2000,-2000
2016/01/14,0,0,0,0
2016/01/15,0,0,-4000,-4000
2016/01/18,0,0,0,0
2016/01/19,0,0,0,0
2016/01/20,0,0,-4000,-4000
2016/01/21,0,0,0,0
2016/01/22,0,0,0,0
2016/01/25,0,0,0,0
2016/01/26,0,0,0,0
2016/01/27,0,0,0,0
2016/01/28,0,0,0,0
2016/01/29,0,2000,0,2000
2016/02/01,0,0,0,0
2016/02/02,0,0,0,0
2016/02/03,0,0,0,0
2016/02/04,0,0,0,0
2016/02/05,0,0,0,0
2016/02/08,0,0,0,0
2016/02/09,0,0,0,0
2016/02/10,0,0,0,0
2016/02/11,0,0,0,0
2016/02/12,0,0,0,0
2016/02/15,0,0,-616,-616
2016/02/16,0,0,0,0
2016/02/17,0,0,0,0
2016/02/18,0,0,0,0
2016/02/19,0,3000,0,3000
2016/02/22,0,0,0,0
2016/02/23,0,0,0,0
2016/02/24,0,0,0,0
2016/02/25,0,0,0,0
2016/02/26,0,0,-1000,-1000
2016/02/29,0,0,0,0
2016/03/01,0,0,0,0
2016/03/02,0,0,-3000,-3000
2016/03/03,0,0,0,0
2016/03/04,0,0,0,0
2016/03/07,0,0,0,0
2016/03/08,0,0,0,0
2016/03/09,0,0,0,0
2016/03/10,0,0,0,0
2016/03/11,0,0,0,0
2016/03/14,0,0,0,0
2016/03/15,0,0,0,0
2016/03/16,0,0,0,0
2016/03/17,0,0,0,0
2016/03/18,0,0,-1000,-1000
2016/03/21,0,0,0,0
2016/03/22,0,0,0,0
2016/03/23,0,0,0,0
2016/03/24,0,0,0,0
2016/03/25,0,0,0,0
2016/03/28,0,0,0,0
2016/03/29,0,0,-1000,-1000
2016/03/30,0,0,0,0
2016/03/31,0,0,0,0
2016/04/01,0,0,0,0
2016/04/04,0,0,0,0
2016/04/05,0,0,0,0
2016/04/06,0,0,0,0
2016/04/07,0,0,0,0
2016/04/08,0,0,0,0
2016/04/11,0,0,0,0
2016/04/12,0,0,-3000,-3000
2016/04/13,0,0,0,0
2016/04/14,0,0,0,0
2016/04/15,0,25000,0,25000
2016/04/18,0,0,0,0
2016/04/19,0,0,0,0
2016/04/20,0,1000,-2000,-1000
2016/04/21,0,0,0,0
2016/04/22,0,0,0,0
2016/04/25,0,0,0,0
2016/04/26,0,0,0,0
2016/04/27,0,0,0,0
2016/04/28,0,0,0,0
2016/04/29,0,0,0,0
2016/05/02,0,0,0,0
2016/05/03,0,0,-10000,-10000
2016/05/04,0,0,0,0
2016/05/05,0,0,0,0
2016/05/06,0,0,0,0
2016/05/09,0,0,0,0
2016/05/10,0,2440,0,2440
2016/05/11,0,0,0,0
2016/05/12,0,0,0,0
2016/05/13,0,0,-163158,-163158
2016/05/16,0,0,0,0
2016/05/17,0,0,0,0
2016/05/18,0,0,0,0
2016/05/19,0,0,0,0
2016/05/20,0,150000,0,150000
2016/05/23,0,0,0,0
2016/05/24,0,0,0,0
2016/05/25,0,0,0,0
2016/05/26,0,0,-1000,-1000
2016/05/27,0,0,0,0
2016/05/30,0,2385000,0,2385000
2016/05/31,0,0,-1000,-1000
2016/06/01,0,2283000,0,2283000
2016/06/02,0,297000,0,297000
2016/06/03,0,1278000,0,1278000
2016/06/06,0,224000,0,224000
2016/06/07,0,0,0,0
2016/06/08,0,0,0,0
2016/06/09,0,0,0,0
2016/06/10,0,0,0,0
2016/06/13,0,135000,-300000,-165000
2016/06/14,0,0,0,0
2016/06/15,0,0,0,0
2016/06/16,0,0,0,0
2016/06/17,0,12000,-1790000,-1778000
2016/06/20,0,0,-529000,-529000
2016/06/21,0,0,0,0
2016/06/22,0,0,-434000,-434000
2016/06/23,0,0,0,0
2016/06/24,0,20000,-2076000,-2056000
2016/06/27,0,16000,0,16000
2016/06/28,0,1000,0,1000
2016/06/29,0,0,0,0
2016/06/30,0,0,-461000,-461000
2016/07/01,0,0,-374000,-374000
2016/07/04,0,0,-109000,-109000
2016/07/05,0,0,0,0
2016/07/06,0,0,-829000,-829000
2016/07/07,0,0,0,0
2016/07/08,0,0,0,0
2016/07/11,0,0,0,0
2016/07/12,0,0,0,0
2016/07/13,0,100000,0,100000
2016/07/14,0,0,-1000,-1000
2016/07/15,0,0,0,0
2016/07/18,0,0,0,0
2016/07/19,0,0,-1000,-1000
2016/07/20,0,0,-3000,-3000
2016/07/21,0,1000,-6000,-5000
2016/07/22,0,3000,-4000,-1000
2016/07/25,0,0,0,0
2016/07/26,0,0,0,0
2016/07/27,0,0,-1000,-1000
2016/07/28,0,0,0,0
2016/07/29,0,0,-3710,-3710
2016/08/01,0,0,0,0
2016/08/02,0,0,-3000,-3000
2016/08/03,0,0,-2000,-2000
2016/08/04,0,1000,-1000,0
2016/08/05,0,0,-1000,-1000
2016/08/08,0,0,-2000,-2000
2016/08/09,0,0,0,0
2016/08/10,0,0,0,0
2016/08/11,0,0,-1000,-1000
2016/08/12,0,0,-1000,-1000
2016/08/15,0,0,0,0
2016/08/16,0,0,-2000,-2000
2016/08/17,0,0,0,0
2016/08/18,0,0,-1000,-1000
2016/08/19,0,0,0,0
2016/08/22,0,0,0,0
2016/08/23,0,0,-1000,-1000
2016/08/24,0,0,-2000,-2000
2016/08/25,0,0,-1000,-1000
2016/08/26,0,1000,0,1000
2016/08/29,0,0,-1000,-1000
2016/08/30,0,0,-1000,-1000
2016/08/31,0,0,0,0
2016/09/01,0,1000,0,1000
2016/09/02,0,1418000,0,1418000
2016/09/05,0,0,0,0
2016/09/06,0,0,0,0
2016/09/07,0,94000,0,94000
2016/09/08,0,0,-4000,-4000
2016/09/09,0,297000,0,297000
2016/09/12,0,0,0,0
2016/09/13,0,0,0,0
2016/09/14,0,0,-3000,-3000
2016/09/15,0,0,0,0
2016/09/16,0,0,0,0
2016/09/19,0,0,0,0
2016/09/20,0,0,0,0
2016/09/21,0,0,0,0
2016/09/22,0,24000,0,24000
2016/09/23,0,0,0,0
2016/09/26,0,0,0,0
2016/09/27,0,0,0,0
2016/09/28,0,0,0,0
2016/09/29,0,0,0,0
2016/09/30,0,356,0,356
2016/10/03,0,0,0,0
2016/10/04,0,0,0,0
2016/10/05,0,0,0,0
2016/10/06,0,0,0,0
2016/10/07,0,0,-414000,-414000
2016/10/10,0,0,0,0
2016/10/11,0,0,0,0
2016/10/12,0,0,0,0
2016/10/13,0,1000,0,1000
2016/10/14,0,0,0,0
2016/10/17,0,0,0,0
2016/10/18,0,0,0,0
2016/10/19,0,0,0,0
2016/10/20,0,1000,0,1000
2016/10/21,0,0,-1000,-1000
2016/10/24,0,0,0,0
2016/10/25,0,0,-1418000,-1418000
2016/10/26,0,0,0,0
2016/10/27,0,0,0,0
2016/10/28,0,0,0,0
2016/10/31,0,0,0,0
2016/11/01,0,0,0,0
2016/11/02,0,75,0,75
2016/11/03,0,163000,0,163000
2016/11/04,0,1000,0,1000
2016/11/07,0,0,0,0
2016/11/08,0,0,0,0
2016/11/09,0,0,0,0
2016/11/10,0,0,0,0
2016/11/11,0,0,0,0
2016/11/14,0,0,0,0
2016/11/15,0,0,0,0
2016/11/16,0,0,0,0
2016/11/17,0,0,0,0
2016/11/18,0,0,0,0
2016/11/21,0,0,0,0
2016/11/22,0,5000,0,5000
2016/11/23,0,0,0,0
2016/11/24,0,0,0,0
2016/11/25,0,0,0,0
2016/11/28,0,0,0,0
2016/11/29,0,15000,0,15000
2016/11/30,0,1000,0,1000
2016/12/01,0,3000,0,3000
2016/12/02,0,0,-163000,-163000
2016/12/05,0,0,0,0
2016/12/06,0,0,0,0
2016/12/07,0,0,0,0
2016/12/08,0,0,0,0
2016/12/09,0,0,0,0
2016/12/12,0,0,0,0
2016/12/13,0,0,0,0
2016/12/14,0,0,0,0
2016/12/15,0,0,0,0
2016/12/16,0,0,-6000,-6000
2016/12/19,0,0,0,0
2016/12/20,0,0,0,0
2016/12/21,0,0,0,0
2016/12/22,0,0,0,0
2016/12/23,0,0,0,0
2016/12/26,0,0,0,0
2016/12/27,0,0,0,0
2016/12/28,0,0,0,0
2016/12/29,0,0,0,0
2016/12/30,0,0,0,0
2017/01/02,0,0,0,0
2017/01/03,0,0,0,0
2017/01/04,0,0,0,0
2017/01/05,0,0,-23000,-23000
2017/01/06,0,0,-39000,-39000
2017/01/09,0,0,0,0
2017/01/10,0,0,0,0
2017/01/11,0,0,0,0
2017/01/12,0,0,0,0
2017/01/13,0,0,0,0
2017/01/16,0,0,0,0
2017/01/17,0,0,0,0
2017/01/18,0,0,0,0
2017/01/19,0,0,0,0
2017/01/20,0,0,0,0
2017/01/23,0,161,0,161
2017/01/24,0,0,0,0
2017/01/25,0,0,0,0
2017/01/26,0,0,0,0
2017/01/27,0,0,0,0
2017/01/30,0,0,0,0
2017/01/31,0,0,0,0
2017/02/01,0,0,0,0
2017/02/02,0,0,0,0
2017/02/03,0,4000,0,4000
2017/02/06,0,0,0,0
2017/02/07,0,0,0,0
2017/02/08,0,0,-600,-600
2017/02/09,0,0,0,0
2017/02/10,0,0,0,0
2017/02/13,0,0,0,0
2017/02/14,0,0,0,0
2017/02/15,0,0,0,0
2017/02/16,0,0,0,0
2017/02/17,0,0,0,0
2017/02/20,0,0,0,0
2017/02/21,0,0,0,0
2017/02/22,0,0,0,0
2017/02/23,0,0,0,0
2017/02/24,0,0,0,0
2017/02/27,0,0,0,0
2017/02/28,0,0,0,0
2017/03/01,0,0,0,0
2017/03/02,0,0,0,0
2017/03/03,0,0,0,0
2017/03/06,0,0,0,0
2017/03/07,0,0,0,0
2017/03/08,0,0,0,0
2017/03/09,0,0,0,0
2017/03/10,0,0,0,0
2017/03/13,0,0,0,0
2017/03/14,0,0,0,0
2017/03/15,0,0,0,0
2017/03/16,0,0,0,0
2017/03/17,0,600,-6000,-5400
2017/03/20,0,0,-8000,-8000
2017/03/21,0,0,-8000,-8000
2017/03/22,0,0,0,0
2017/03/23,0,0,0,0
2017/03/24,0,0,0,0
2017/03/27,0,1000,0,1000
2017/03/28,0,0,0,0
2017/03/29,0,0,0,0
2017/03/30,0,0,0,0
2017/03/31,0,0,0,0
2017/04/03,0,0,0,0
2017/04/04,0,0,0,0
2017/04/05,0,0,0,0
2017/04/06,0,0,0,0
2017/04/07,0,0,0,0
2017/04/10,0,0,0,0
2017/04/11,0,0,0,0
2017/04/12,0,0,0,0
2017/04/13,0,0,0,0
2017/04/14,0,0,-1000,-1000
2017/04/17,0,0,0,0
2017/04/18,0,0,0,0
2017/04/19,0,0,0,0
2017/04/20,0,0,0,0
2017/04/21,0,0,0,0
2017/04/24,0,0,0,0
2017/04/25,0,494,0,494
2017/04/26,0,0,0,0
2017/04/27,0,0,0,0
2017/04/28,0,0,0,0
2017/05/01,0,0,0,0
2017/05/02,0,0,-4000,-4000
2017/05/03,0,0,0,0
2017/05/04,0,0,-1000,-1000
2017/05/05,0,0,0,0
2017/05/08,0,0,0,0
2017/05/09,0,0,0,0
2017/05/10,0,0,0,0
2017/05/11,0,0,0,0
2017/05/12,0,0,0,0
2017/05/15,0,0,0,0
2017/05/16,0,0,0,0
2017/05/17,0,0,0,0
2017/05/18,0,0,0,0
2017/05/19,0,0,0,0
2017/05/22,0,0,0,0
2017/05/23,0,0,0,0
2017/05/24,0,0,0,0
2017/05/25,0,0,0,0
2017/05/26,0,0,0,0
2017/05/29,0,0,0,0
2017/05/30,0,0,0,0
2017/05/31,0,0,-1000,-1000
2017/06/01,0,0,0,0
2017/06/02,0,0,0,0
2017/06/05,0,0,-12000,-12000
2017/06/06,0,0,-18000,-18000
2017/06/07,0,0,0,0
2017/06/08,0,0,0,0
2017/06/09,0,0,0,0
2017/06/12,0,0,0,0
2017/06/13,0,0,0,0
2017/06/14,0,0,0,0
2017/06/15,0,0,0,0
2017/06/16,0,0,-17000,-17000
2017/06/19,0,0,0,0
2017/06/20,0,3000,0,3000
2017/06/21,0,100000,0,100000
2017/06/22,0,0,0,0
2017/06/23,0,100000,0,100000
2017/06/26,0,0,0,0
2017/06/27,0,0,0,0
2017/06/28,0,0,0,0
2017/06/29,0,0,0,0
2017/06/30,0,0,-2000,-2000
2017/07/03,0,0,0,0
2017/07/04,0,0,0,0
2017/07/05,0,0,0,0
2017/07/06,0,0,0,0
2017/07/07,0,0,0,0
2017/07/10,0,0,0,0
2017/07/11,0,0,0,0
2017/07/12,0,0,0,0
2017/07/13,0,30000,0,30000
2017/07/14,0,0,0,0
2017/07/17,0,0,-262,-262
2017/07/18,0,0,0,0
2017/07/19,0,0,0,0
2017/07/20,0,2000,0,2000
2017/07/21,0,0,0,0
2017/07/24,0,0,0,0
2017/07/25,0,0,0,0
2017/07/26,0,0,0,0
2017/07/27,0,100000,0,100000
2017/07/28,0,0,0,0
2017/07/31,0,0,0,0
2017/08/01,0,0,0,0
2017/08/02,0,0,0,0
2017/08/03,0,1000,0,1000
2017/08/04,0,0,0,0
2017/08/07,0,0,0,0
2017/08/08,0,0,0,0
2017/08/09,0,0,0,0
2017/08/10,0,0,0,0
2017/08/11,0,0,0,0
2017/08/14,0,0,0,0
2017/08/15,0,0,0,0
2017/08/16,0,0,0,0
2017/08/17,0,0,0,0
2017/08/18,0,0,0,0
