Date,Open,Buy,Sell,Total
2007/04/23,0,406000,-82000,324000
2007/04/24,0,116000,-10768,105232
2007/04/25,0,43000,-53000,-10000
2007/04/26,0,26000,-23000,3000
2007/04/27,0,116000,-419000,-303000
2007/04/30,0,16000,-63000,-47000
2007/05/01,0,0,0,0
2007/05/02,0,11000,-61492,-50492
2007/05/03,0,26000,-441000,-415000
2007/05/04,0,520000,-770,519230
2007/05/07,0,80000,-308000,-228000
2007/05/08,0,50000,-63000,-13000
2007/05/09,0,0,-21000,-21000
2007/05/10,0,52000,-22000,30000
2007/05/11,0,32000,-123000,-91000
2007/05/14,0,25000,-43000,-18000
2007/05/15,0,16000,-10000,6000
2007/05/16,0,0,-220000,-220000
2007/05/17,0,53000,-17000,36000
2007/05/18,0,5000,-18000,-13000
2007/05/21,0,53000,-13000,40000
2007/05/22,0,4000,-10000,-6000
2007/05/23,0,30000,-112000,-82000
2007/05/24,0,13000,-29000,-16000
2007/05/25,0,19000,-62000,-43000
2007/05/28,0,12000,-23000,-11000
2007/05/29,0,15000,-49000,-34000
2007/05/30,0,28000,-41000,-13000
2007/05/31,0,639000,-1000,638000
2007/06/01,0,419000,-143608,275392
2007/06/04,0,163000,-66000,97000
2007/06/05,0,59000,-60000,-1000
2007/06/06,0,80000,-83000,-3000
2007/06/07,0,175000,-11624,163376
2007/06/08,0,662000,-38000,624000
2007/06/11,0,3000,-39000,-36000
2007/06/12,0,319000,-43000,276000
2007/06/13,0,21000,-10000,11000
2007/06/14,0,28000,-57000,-29000
2007/06/15,0,59000,-11000,48000
2007/06/18,0,0,0,0
2007/06/19,0,0,0,0
2007/06/20,0,790000,-14000,776000
2007/06/21,0,174000,-630000,-456000
2007/06/22,0,35000,-812000,-777000
2007/06/25,0,81000,-1000,80000
2007/06/26,0,23000,-269000,-246000
2007/06/27,0,70000,-13000,57000
2007/06/28,0,254000,0,254000
2007/06/29,0,20000,-337000,-317000
2007/07/02,0,0,-201000,-201000
2007/07/03,0,824000,-97000,727000
2007/07/04,0,96000,-31000,65000
2007/07/05,0,4000,-531000,-527000
2007/07/06,0,13000,-110000,-97000
2007/07/09,0,114000,-117000,-3000
2007/07/10,0,218000,-27000,191000
2007/07/11,0,49000,-257024,-208024
2007/07/12,0,121000,-55000,66000
2007/07/13,0,34000,-111015,-77015
2007/07/16,0,24000,-140544,-116544
2007/07/17,0,20000,-541000,-521000
2007/07/18,0,24000,-406000,-382000
2007/07/19,0,25000,-218006,-193006
2007/07/20,0,348000,-250304,97696
2007/07/23,0,161000,-513000,-352000
2007/07/24,0,65000,-211000,-146000
2007/07/25,0,4000,-357000,-353000
2007/07/26,0,156000,-122000,34000
2007/07/27,0,214000,-525000,-311000
2007/07/30,0,138000,-189000,-51000
2007/07/31,0,466000,-276000,190000
2007/08/01,0,421000,-303000,118000
2007/08/02,0,132000,-615499,-483499
2007/08/03,0,918000,-239000,679000
2007/08/06,0,91000,-197000,-106000
2007/08/07,0,72000,-256000,-184000
2007/08/08,0,29000,-198000,-169000
2007/08/09,0,94000,-166888,-72888
2007/08/10,0,20000,-215000,-195000
2007/08/13,0,76000,-106000,-30000
2007/08/14,0,104000,-261000,-157000
2007/08/15,0,54000,-194000,-140000
2007/08/16,0,148000,-344000,-196000
2007/08/17,0,333000,-221000,112000
2007/08/20,0,236000,-36000,200000
2007/08/21,0,105000,-245000,-140000
2007/08/22,0,277000,-95000,182000
2007/08/23,0,154000,-329000,-175000
2007/08/24,0,39000,-209000,-170000
2007/08/27,0,14000,-147000,-133000
2007/08/28,0,398000,-359000,39000
2007/08/29,0,700000,-929000,-229000
2007/08/30,0,349000,-163000,186000
2007/08/31,0,38000,-537000,-499000
2007/09/03,0,0,-154000,-154000
2007/09/04,0,33000,-66000,-33000
2007/09/05,0,631000,-286000,345000
2007/09/06,0,390000,-44000,346000
2007/09/07,0,86000,-217550,-131550
2007/09/10,0,6000,-114000,-108000
2007/09/11,0,123000,-318145,-195145
2007/09/12,0,23000,-211500,-188500
2007/09/13,0,3000,-165000,-162000
2007/09/14,0,32000,-154000,-122000
2007/09/17,0,415000,-108000,307000
2007/09/18,0,0,0,0
2007/09/19,0,12000,-271667,-259667
2007/09/20,0,57000,-162000,-105000
2007/09/21,0,37000,-20000,17000
2007/09/24,0,0,0,0
2007/09/25,0,0,0,0
2007/09/26,0,13000,-45000,-32000
2007/09/27,0,34000,-19013,14987
2007/09/28,0,44000,-128000,-84000
2007/10/01,0,96000,-218000,-122000
2007/10/02,0,1967000,-169000,1798000
2007/10/03,0,2408000,-654000,1754000
2007/10/04,0,1040000,-1052000,-12000
2007/10/05,0,412000,-93000,319000
2007/10/08,0,601000,-62000,539000
2007/10/09,0,1000,-280000,-279000
2007/10/10,0,0,0,0
2007/10/11,0,492000,-210000,282000
2007/10/12,0,354000,-699500,-345500
2007/10/15,0,14000,-482000,-468000
2007/10/16,0,714000,-351060,362940
2007/10/17,0,300000,-248000,52000
2007/10/18,0,635000,-1082000,-447000
2007/10/19,0,210000,-1665000,-1455000
2007/10/22,0,190000,-314000,-124000
2007/10/23,0,454000,-1281000,-827000
2007/10/24,0,80000,-294000,-214000
2007/10/25,0,498000,-69000,429000
2007/10/26,0,255000,-4000,251000
2007/10/29,0,634000,-684330,-50330
2007/10/30,0,115000,-243000,-128000
2007/10/31,0,54000,-308000,-254000
2007/11/01,0,292000,-80000,212000
2007/11/02,0,1010000,-290000,720000
2007/11/05,0,1043000,-93000,950000
2007/11/06,0,244000,-299000,-55000
2007/11/07,0,377000,-1329000,-952000
2007/11/08,0,497000,-716000,-219000
2007/11/09,0,584000,-250000,334000
2007/11/12,0,358000,-260000,98000
2007/11/13,0,665000,-665000,0
2007/11/14,0,338000,-162000,176000
2007/11/15,0,294000,-28000,266000
2007/11/16,0,212000,-101000,111000
2007/11/19,0,136000,-91000,45000
2007/11/20,0,797000,-510000,287000
2007/11/21,0,51000,-739000,-688000
2007/11/22,0,694000,-111663,582337
2007/11/23,0,22000,-1167000,-1145000
2007/11/26,0,1052000,-117000,935000
2007/11/27,0,435000,-844000,-409000
2007/11/28,0,390000,-139000,251000
2007/11/29,0,512000,-493000,19000
2007/11/30,0,287000,-208000,79000
2007/12/03,0,283000,-295000,-12000
2007/12/04,0,365000,-106000,259000
2007/12/05,0,155000,-145000,10000
2007/12/06,0,50000,-441000,-391000
2007/12/07,0,407000,-536000,-129000
2007/12/10,0,58000,-244000,-186000
2007/12/11,0,101000,-546000,-445000
2007/12/12,0,245000,-155000,90000
2007/12/13,0,252000,-934000,-682000
2007/12/14,0,206000,-289000,-83000
2007/12/17,0,172000,-90000,82000
2007/12/18,0,776000,-25000,751000
2007/12/19,0,1196000,-99000,1097000
2007/12/20,0,290000,-1134000,-844000
2007/12/21,0,174000,-602000,-428000
2007/12/24,0,621000,-14664,606336
2007/12/25,0,98000,-560000,-462000
2007/12/26,0,240000,-108000,132000
2007/12/27,0,990000,-129000,861000
2007/12/28,0,102000,-194000,-92000
2007/12/31,0,490000,-175000,315000
2008/01/01,0,0,0,0
2008/01/02,0,400000,-111000,289000
2008/01/03,0,102000,-75000,27000
2008/01/04,0,313000,-40000,273000
2008/01/07,0,306000,-1288000,-982000
2008/01/08,0,131000,-112000,19000
2008/01/09,0,274000,-488000,-214000
2008/01/10,0,97000,-36000,61000
2008/01/11,0,110000,-6832,103168
2008/01/14,0,121000,-50000,71000
2008/01/15,0,820000,-111000,709000
2008/01/16,0,152000,-601000,-449000
2008/01/17,0,204000,-321000,-117000
2008/01/18,0,350000,-301000,49000
2008/01/21,0,594000,-50000,544000
2008/01/22,0,28000,-647000,-619000
2008/01/23,0,144000,-292000,-148000
2008/01/24,0,348000,-112000,236000
2008/01/25,0,707000,-38000,669000
2008/01/28,0,57000,-611000,-554000
2008/01/29,0,161000,-154000,7000
2008/01/30,0,51000,-78000,-27000
2008/01/31,0,177000,-142000,35000
2008/02/01,0,51000,-268000,-217000
2008/02/04,0,0,0,0
2008/02/05,0,0,0,0
2008/02/06,0,0,0,0
2008/02/07,0,0,0,0
2008/02/08,0,0,0,0
2008/02/11,0,0,0,0
2008/02/12,0,112000,-79000,33000
2008/02/13,0,30000,-91000,-61000
2008/02/14,0,457000,-43000,414000
2008/02/15,0,192000,-53433,138567
2008/02/18,0,83000,-37000,46000
2008/02/19,0,369000,-44000,325000
2008/02/20,0,143000,-50000,93000
2008/02/21,0,213000,-57000,156000
2008/02/22,0,84000,-43000,41000
2008/02/25,0,118000,-127200,-9200
2008/02/26,0,1000,-364520,-363520
2008/02/27,0,526000,-451680,74320
2008/02/28,0,0,0,0
2008/02/29,0,120000,-62000,58000
2008/03/03,0,108000,-429763,-321763
2008/03/04,0,100000,-145000,-45000
2008/03/05,0,71000,-218000,-147000
2008/03/06,0,342000,-36340,305660
2008/03/07,0,97000,-213000,-116000
2008/03/10,0,176000,-281000,-105000
2008/03/11,0,131000,-215000,-84000
2008/03/12,0,396000,-47504,348496
2008/03/13,0,216000,-70000,146000
2008/03/14,0,195000,-122000,73000
2008/03/17,0,342000,-161000,181000
2008/03/18,0,226000,-142000,84000
2008/03/19,0,267000,-153000,114000
2008/03/20,0,419000,-32000,387000
2008/03/21,0,894000,-14000,880000
2008/03/24,0,557000,-185000,372000
2008/03/25,0,1534000,-149000,1385000
2008/03/26,0,627000,-116000,511000
2008/03/27,0,491000,-209000,282000
2008/03/28,0,578000,-105000,473000
2008/03/31,0,435000,-145233,289767
2008/04/01,0,368000,-49000,319000
2008/04/02,0,2722000,-1218000,1504000
2008/04/03,0,448000,-443000,5000
2008/04/04,0,0,0,0
2008/04/07,0,63000,-740000,-677000
2008/04/08,0,940000,-254000,686000
2008/04/09,0,2778000,-241000,2537000
2008/04/10,0,1044000,-225000,819000
2008/04/11,0,299000,-1923000,-1624000
2008/04/14,0,206000,-261905,-55905
2008/04/15,0,920000,-878000,42000
2008/04/16,0,560000,-1306000,-746000
2008/04/17,0,1938000,-1989000,-51000
2008/04/18,0,219000,-691000,-472000
2008/04/21,0,139000,-653000,-514000
2008/04/22,0,177000,-168000,9000
2008/04/23,0,2099000,-468000,1631000
2008/04/24,0,1535000,-936000,599000
2008/04/25,0,607000,-671000,-64000
2008/04/28,0,125000,-281000,-156000
2008/04/29,0,184000,-239000,-55000
2008/04/30,0,528000,-326000,202000
2008/05/01,0,0,0,0
2008/05/02,0,724000,-1065000,-341000
2008/05/05,0,98000,-2596000,-2498000
2008/05/06,0,368000,-235000,133000
2008/05/07,0,222000,-216000,6000
2008/05/08,0,52000,-385000,-333000
2008/05/09,0,111000,-793000,-682000
2008/05/12,0,250008,-474000,-223992
2008/05/13,0,115006,-218000,-102994
2008/05/14,0,126000,-307000,-181000
2008/05/15,0,221000,-307000,-86000
2008/05/16,0,723000,-1535000,-812000
2008/05/19,0,12000,-226000,-214000
2008/05/20,0,129000,-644000,-515000
2008/05/21,0,332000,-510000,-178000
2008/05/22,0,180000,-85000,95000
2008/05/23,0,32000,-370000,-338000
2008/05/26,0,124000,-4000,120000
2008/05/27,0,122000,-10000,112000
2008/05/28,0,254000,-87000,167000
2008/05/29,0,469000,-328000,141000
2008/05/30,0,266000,-94000,172000
2008/06/02,0,39000,-24000,15000
2008/06/03,0,405076,-79000,326076
2008/06/04,0,1016000,-20000,996000
2008/06/05,0,638000,-34000,604000
2008/06/06,0,1343000,-937000,406000
2008/06/09,0,785000,-520000,265000
2008/06/10,0,192000,-848000,-656000
2008/06/11,0,47000,-883000,-836000
2008/06/12,0,65000,-361000,-296000
2008/06/13,0,288000,-254000,34000
2008/06/16,0,292000,-27000,265000
2008/06/17,0,47000,-39000,8000
2008/06/18,0,199000,-3000,196000
2008/06/19,0,138000,-26000,112000
2008/06/20,0,118000,-35000,83000
2008/06/23,0,309000,-29000,280000
2008/06/24,0,218000,-47000,171000
2008/06/25,0,1071000,-12000,1059000
2008/06/26,0,124000,-24000,100000
2008/06/27,0,726000,-796000,-70000
2008/06/30,0,241000,-62000,179000
2008/07/01,0,111000,-22000,89000
2008/07/02,0,274000,-138000,136000
2008/07/03,0,591000,-21000,570000
2008/07/04,0,118000,-44000,74000
2008/07/07,0,12000,-115000,-103000
2008/07/08,0,260000,-217000,43000
2008/07/09,0,539000,-68000,471000
2008/07/10,0,335000,-95000,240000
2008/07/11,0,649000,-314567,334433
2008/07/14,0,35000,-636000,-601000
2008/07/15,0,117000,-145000,-28000
2008/07/16,0,112000,-193882,-81882
2008/07/17,0,226000,-266000,-40000
2008/07/18,0,198000,-81000,117000
2008/07/21,0,981000,-13000,968000
2008/07/22,0,241000,-213000,28000
2008/07/23,0,691000,-334170,356830
2008/07/24,0,226000,-1540000,-1314000
2008/07/25,0,265000,-151000,114000
2008/07/28,0,0,0,0
2008/07/29,0,195000,-145000,50000
2008/07/30,0,148000,-992000,-844000
2008/07/31,0,113000,-775000,-662000
2008/08/01,0,118000,-348000,-230000
2008/08/04,0,280000,-41000,239000
2008/08/05,0,184000,-37000,147000
2008/08/06,0,477000,-108000,369000
2008/08/07,0,146200,-133000,13200
2008/08/08,0,783000,-156000,627000
2008/08/11,0,584000,-875000,-291000
2008/08/12,0,285000,-330000,-45000
2008/08/13,0,312000,-504000,-192000
2008/08/14,0,163000,-74000,89000
2008/08/15,0,5000,-571850,-566850
2008/08/18,0,158000,-21675,136325
2008/08/19,0,386000,-404500,-18500
2008/08/20,0,154000,-554135,-400135
2008/08/21,0,11000,-273000,-262000
2008/08/22,0,32000,-249000,-217000
2008/08/25,0,60000,-902123,-842123
2008/08/26,0,29000,-470250,-441250
2008/08/27,0,420000,-124015,295985
2008/08/28,0,55000,-95000,-40000
2008/08/29,0,189000,-305000,-116000
2008/09/01,0,163000,-9000,154000
2008/09/02,0,725000,-442000,283000
2008/09/03,0,671000,-251565,419435
2008/09/04,0,1601000,-181000,1420000
2008/09/05,0,547250,-368010,179240
2008/09/08,0,212000,-1102000,-890000
2008/09/09,0,284000,-921000,-637000
2008/09/10,0,244000,-199000,45000
2008/09/11,0,189000,-91240,97760
2008/09/12,0,1027000,-126000,901000
2008/09/15,0,2001000,-169000,1832000
2008/09/16,0,2615000,-1121000,1494000
2008/09/17,0,456000,-86972,369028
2008/09/18,0,833000,-120000,713000
2008/09/19,0,50000,-275000,-225000
2008/09/22,0,541000,-1228000,-687000
2008/09/23,0,811000,-314795,496205
2008/09/24,0,998000,-161000,837000
2008/09/25,0,534000,-349000,185000
2008/09/26,0,92000,-955000,-863000
2008/09/29,0,0,0,0
2008/09/30,0,67000,-91000,-24000
2008/10/01,0,428000,-167000,261000
2008/10/02,0,300000,-492725,-192725
2008/10/03,0,665000,-317000,348000
2008/10/06,0,347000,-846341,-499341
2008/10/07,0,1073000,-36522,1036478
2008/10/08,0,2055000,-814000,1241000
2008/10/09,0,497000,-113500,383500
2008/10/10,0,0,0,0
2008/10/13,0,572000,-177000,395000
2008/10/14,0,293000,-106000,187000
2008/10/15,0,234000,-729000,-495000
2008/10/16,0,1000,-3340,-2340
2008/10/17,0,458000,-578000,-120000
2008/10/20,0,394000,-121053,272947
2008/10/21,0,242000,-484831,-242831
2008/10/22,0,293000,-39315,253685
2008/10/23,0,194000,-637,193363
2008/10/24,0,393000,-6000,387000
2008/10/27,0,530000,-6000,524000
2008/10/28,0,508000,-869819,-361819
2008/10/29,0,488000,-404000,84000
2008/10/30,0,596000,-168000,428000
2008/10/31,0,823000,-363354,459646
2008/11/03,0,122000,-364000,-242000
2008/11/04,0,330000,-262415,67585
2008/11/05,0,188000,-803000,-615000
2008/11/06,0,65000,-82000,-17000
2008/11/07,0,450000,-328000,122000
2008/11/10,0,90000,-202000,-112000
2008/11/11,0,292000,-235536,56464
2008/11/12,0,220000,-143000,77000
2008/11/13,0,233000,-340000,-107000
2008/11/14,0,228000,-231417,-3417
2008/11/17,0,147000,-67351,79649
2008/11/18,0,224000,-106000,118000
2008/11/19,0,252000,-47552,204448
2008/11/20,0,362000,-85000,277000
2008/11/21,0,790000,-69000,721000
2008/11/24,0,296000,-269000,27000
2008/11/25,0,586000,-398000,188000
2008/11/26,0,69000,-238000,-169000
2008/11/27,0,1149000,-133000,1016000
2008/11/28,0,434000,-204000,230000
2008/12/01,0,679000,-678000,1000
2008/12/02,0,18000,-695000,-677000
2008/12/03,0,286000,-123000,163000
2008/12/04,0,221000,-191000,30000
2008/12/05,0,211000,-136000,75000
2008/12/08,0,997000,-450000,547000
2008/12/09,0,1981000,-355000,1626000
2008/12/10,0,404000,-479000,-75000
2008/12/11,0,385000,-354000,31000
2008/12/12,0,176000,-1029000,-853000
2008/12/15,0,329000,-163000,166000
2008/12/16,0,877000,-387000,490000
2008/12/17,0,330000,-745000,-415000
2008/12/18,0,42000,-519000,-477000
2008/12/19,0,62000,-37000,25000
2008/12/22,0,292000,-104000,188000
2008/12/23,0,22000,-172000,-150000
2008/12/24,0,123000,-267000,-144000
2008/12/25,0,13000,-173000,-160000
2008/12/26,0,35000,-104000,-69000
2008/12/29,0,256000,-54000,202000
2008/12/30,0,19000,-302325,-283325
2008/12/31,0,61000,-118343,-57343
2009/01/01,0,0,0,0
2009/01/02,0,0,0,0
2009/01/05,0,1372000,-150000,1222000
2009/01/06,0,1081000,-257000,824000
2009/01/07,0,1155000,-1116000,39000
2009/01/08,0,235000,-471000,-236000
2009/01/09,0,1397000,-1804000,-407000
2009/01/12,0,163000,-35000,128000
2009/01/13,0,313000,-56000,257000
2009/01/14,0,327000,-41000,286000
2009/01/15,0,264000,-130000,134000
2009/01/16,0,90000,-384000,-294000
2009/01/19,0,181000,-59000,122000
2009/01/20,0,335066,-202000,133066
2009/01/21,0,600000,-20000,580000
2009/01/22,0,0,0,0
2009/01/23,0,0,0,0
2009/01/26,0,0,0,0
2009/01/27,0,0,0,0
2009/01/28,0,0,0,0
2009/01/29,0,0,0,0
2009/01/30,0,0,0,0
2009/02/02,0,242000,-104321,137679
2009/02/03,0,430000,-330000,100000
2009/02/04,0,207000,-402000,-195000
2009/02/05,0,207000,-244000,-37000
2009/02/06,0,413000,-582000,-169000
2009/02/09,0,103000,-3259000,-3156000
2009/02/10,0,87000,-322000,-235000
2009/02/11,0,36000,-230801,-194801
2009/02/12,0,53000,-597623,-544623
2009/02/13,0,149000,-365000,-216000
2009/02/16,0,63000,-163000,-100000
2009/02/17,0,359000,-387000,-28000
2009/02/18,0,652000,-543000,109000
2009/02/19,0,611000,-1046000,-435000
2009/02/20,0,497000,-204000,293000
2009/02/23,0,220000,-178000,42000
2009/02/24,0,481000,-262000,219000
2009/02/25,0,236000,-378000,-142000
2009/02/26,0,299000,-280000,19000
2009/02/27,0,327000,-68000,259000
2009/03/02,0,279000,-170000,109000
2009/03/03,0,221000,-20000,201000
2009/03/04,0,1072000,-261000,811000
2009/03/05,0,2625000,-753000,1872000
2009/03/06,0,423000,-3180000,-2757000
2009/03/09,0,178000,-245000,-67000
2009/03/10,0,1365000,-44000,1321000
2009/03/11,0,137000,-889000,-752000
2009/03/12,0,96000,-133000,-37000
2009/03/13,0,640000,-389040,250960
2009/03/16,0,710000,-443000,267000
2009/03/17,0,566000,-142000,424000
2009/03/18,0,444000,-1430000,-986000
2009/03/19,0,2013000,-2740000,-727000
2009/03/20,0,238000,-1587000,-1349000
2009/03/23,0,456000,-411000,45000
2009/03/24,0,223000,-1143000,-920000
2009/03/25,0,554000,-41162,512838
2009/03/26,0,674000,-94000,580000
2009/03/27,0,42000,-1028000,-986000
2009/03/30,0,61000,-501000,-440000
2009/03/31,0,238000,-160000,78000
2009/04/01,0,336000,-349000,-13000
2009/04/02,0,191000,-205000,-14000
2009/04/03,0,112000,-607000,-495000
2009/04/06,0,1349000,-128452,1220548
2009/04/07,0,179000,-476000,-297000
2009/04/08,0,269000,-585000,-316000
2009/04/09,0,229000,-54000,175000
2009/04/10,0,214000,-2627000,-2413000
2009/04/13,0,108000,-797000,-689000
2009/04/14,0,429000,-312492,116508
2009/04/15,0,275000,-251000,24000
2009/04/16,0,874000,-730000,144000
2009/04/17,0,370000,-1658492,-1288492
2009/04/20,0,317000,-431037,-114037
2009/04/21,0,271000,-205000,66000
2009/04/22,0,917000,-242000,675000
2009/04/23,0,385000,-385000,0
2009/04/24,0,176000,-353000,-177000
2009/04/27,0,165000,-41256,123744
2009/04/28,0,1129000,-331493,797507
2009/04/29,0,223000,-977000,-754000
2009/04/30,0,1209000,-290000,919000
2009/05/01,0,0,0,0
2009/05/04,0,1779000,-793000,986000
2009/05/05,0,518000,-1352000,-834000
2009/05/06,0,358000,-1480279,-1122279
2009/05/07,0,276000,-456000,-180000
2009/05/08,0,579000,-45000,534000
2009/05/11,0,1248000,-299000,949000
2009/05/12,0,757000,-1268000,-511000
2009/05/13,0,221000,-1440000,-1219000
2009/05/14,0,368000,-974000,-606000
2009/05/15,0,127000,-721820,-594820
2009/05/18,0,133000,-598000,-465000
2009/05/19,0,272000,-504000,-232000
2009/05/20,0,416000,-437119,-21119
2009/05/21,0,190000,-419000,-229000
2009/05/22,0,75000,-276000,-201000
2009/05/25,0,147000,-165495,-18495
2009/05/26,0,549000,-210000,339000
2009/05/27,0,1092000,-219000,873000
2009/05/28,0,0,0,0
2009/05/29,0,0,0,0
2009/06/01,0,356000,-450000,-94000
2009/06/02,0,32000,-1056000,-1024000
2009/06/03,0,217000,-416000,-199000
2009/06/04,0,139000,-598296,-459296
2009/06/05,0,133000,-347000,-214000
2009/06/08,0,50000,-277000,-227000
2009/06/09,0,439000,-500000,-61000
2009/06/10,0,174000,-33758,140242
2009/06/11,0,252000,-141000,111000
2009/06/12,0,752000,-922045,-170045
2009/06/15,0,247000,-440000,-193000
2009/06/16,0,88000,-360922,-272922
2009/06/17,0,229000,-175000,54000
2009/06/18,0,105000,-84000,21000
2009/06/19,0,217000,-30000,187000
2009/06/22,0,315000,-156000,159000
2009/06/23,0,23000,-57000,-34000
2009/06/24,0,417000,-96000,321000
2009/06/25,0,345000,-104000,241000
2009/06/26,0,85000,-341000,-256000
2009/06/29,0,34000,-67000,-33000
2009/06/30,0,155000,-114000,41000
2009/07/01,0,398000,-21000,377000
2009/07/02,0,612000,-108000,504000
2009/07/03,0,417000,-280000,137000
2009/07/06,0,37000,-85000,-48000
2009/07/07,0,1025706,-46000,979706
2009/07/08,0,156000,-503000,-347000
2009/07/09,0,416000,-107000,309000
2009/07/10,0,416000,-235000,181000
2009/07/13,0,59000,-419000,-360000
2009/07/14,0,145000,-303000,-158000
2009/07/15,0,476000,-455000,21000
2009/07/16,0,670000,-548000,122000
2009/07/17,0,2374000,-132000,2242000
2009/07/20,0,77000,-312000,-235000
2009/07/21,0,189000,-1452915,-1263915
2009/07/22,0,76000,-316882,-240882
2009/07/23,0,503000,-125000,378000
2009/07/24,0,484000,-1698000,-1214000
2009/07/27,0,55000,-1303000,-1248000
2009/07/28,0,238000,-786000,-548000
2009/07/29,0,108000,-474000,-366000
2009/07/30,0,9000,-204000,-195000
2009/07/31,0,32000,-335000,-303000
2009/08/03,0,62836,-534000,-471164
2009/08/04,0,26000,-417040,-391040
2009/08/05,0,35000,-77000,-42000
2009/08/06,0,59000,-111000,-52000
2009/08/07,0,0,0,0
2009/08/10,0,47000,-120000,-73000
2009/08/11,0,92000,-58000,34000
2009/08/12,0,904000,-68000,836000
2009/08/13,0,847000,-300000,547000
2009/08/14,0,685000,-212000,473000
2009/08/17,0,223000,-363000,-140000
2009/08/18,0,486000,-1167000,-681000
2009/08/19,0,145000,-221000,-76000
2009/08/20,0,174000,-110000,64000
2009/08/21,0,476000,-312000,164000
2009/08/24,0,135020,-63102,71918
2009/08/25,0,114000,-230654,-116654
2009/08/26,0,106000,-466639,-360639
2009/08/27,0,27000,-31390,-4390
2009/08/28,0,585000,-51780,533220
2009/08/31,0,9000,-151400,-142400
2009/09/01,0,657000,-246098,410902
2009/09/02,0,1225000,-279000,946000
2009/09/03,0,257000,-334000,-77000
2009/09/04,0,515000,-561800,-46800
2009/09/07,0,130672,-320000,-189328
2009/09/08,0,289000,-340300,-51300
2009/09/09,0,59000,-268000,-209000
2009/09/10,0,339977,-242000,97977
2009/09/11,0,12000,-148000,-136000
2009/09/14,0,91000,-364000,-273000
2009/09/15,0,98000,-270000,-172000
2009/09/16,0,207000,-227070,-20070
2009/09/17,0,21000,-156000,-135000
2009/09/18,0,86000,-273000,-187000
2009/09/21,0,75000,-507000,-432000
2009/09/22,0,16000,-93000,-77000
2009/09/23,0,11000,-681242,-670242
2009/09/24,0,17000,-34000,-17000
2009/09/25,0,11000,-258000,-247000
2009/09/28,0,16000,-17381,-1381
2009/09/29,0,142000,-44000,98000
2009/09/30,0,214000,-115000,99000
2009/10/01,0,64000,-371000,-307000
2009/10/02,0,114000,-112000,2000
2009/10/05,0,62000,-115240,-53240
2009/10/06,0,199000,-115000,84000
2009/10/07,0,11000,-578000,-567000
2009/10/08,0,28000,-441000,-413000
2009/10/09,0,99000,-395000,-296000
2009/10/12,0,16000,-123000,-107000
2009/10/13,0,392000,-110000,282000
2009/10/14,0,28000,-307000,-279000
2009/10/15,0,24000,-67000,-43000
2009/10/16,0,81000,-17000,64000
2009/10/19,0,1550000,-74000,1476000
2009/10/20,0,456000,-87608,368392
2009/10/21,0,198000,-37363,160637
2009/10/22,0,173000,-483500,-310500
2009/10/23,0,355000,-91000,264000
2009/10/26,0,112000,-219400,-107400
2009/10/27,0,157000,-331000,-174000
2009/10/28,0,167000,-602000,-435000
2009/10/29,0,446000,-1228000,-782000
2009/10/30,0,115000,-440000,-325000
2009/11/02,0,142000,-60000,82000
2009/11/03,0,20000,-163000,-143000
2009/11/04,0,493000,-12010,480990
2009/11/05,0,91000,-16000,75000
2009/11/06,0,109000,-529000,-420000
2009/11/09,0,119000,-39000,80000
2009/11/10,0,31000,-47000,-16000
2009/11/11,0,277000,-41000,236000
2009/11/12,0,627000,-106000,521000
2009/11/13,0,132000,-194000,-62000
2009/11/16,0,60000,-349130,-289130
2009/11/17,0,28000,-112000,-84000
2009/11/18,0,3000,-140000,-137000
2009/11/19,0,51000,-111000,-60000
2009/11/20,0,50000,-92000,-42000
2009/11/23,0,73000,-1000,72000
2009/11/24,0,17000,-6109,10891
2009/11/25,0,186000,-39000,147000
2009/11/26,0,92000,-180000,-88000
2009/11/27,0,54000,-109000,-55000
2009/11/30,0,127000,-67535,59465
2009/12/01,0,102000,-152000,-50000
2009/12/02,0,73000,-112230,-39230
2009/12/03,0,34000,-14000,20000
2009/12/04,0,53000,-27000,26000
2009/12/07,0,549000,-46000,503000
2009/12/08,0,200000,-219000,-19000
2009/12/09,0,50000,-56149,-6149
2009/12/10,0,42000,-640000,-598000
2009/12/11,0,228000,-73000,155000
2009/12/14,0,822000,-135000,687000
2009/12/15,0,114000,-282000,-168000
2009/12/16,0,248000,-350000,-102000
2009/12/17,0,87000,-413000,-326000
2009/12/18,0,41000,-98000,-57000
2009/12/21,0,165000,-261000,-96000
2009/12/22,0,19000,-105961,-86961
2009/12/23,0,19000,-133000,-114000
2009/12/24,0,136000,-150000,-14000
2009/12/25,0,6000,-58000,-52000
2009/12/28,0,73000,-4000,69000
2009/12/29,0,25000,-24000,1000
2009/12/30,0,86000,-94000,-8000
2009/12/31,0,17000,-161000,-144000
2010/01/01,0,0,0,0
2010/01/04,0,102000,-289000,-187000
2010/01/05,0,46000,-464000,-418000
2010/01/06,0,116000,-219000,-103000
2010/01/07,0,40500,-25000,15500
2010/01/08,0,349000,-13000,336000
2010/01/11,0,47000,-355000,-308000
2010/01/12,0,38000,-87000,-49000
2010/01/13,0,160000,-179000,-19000
2010/01/14,0,408000,-57576,350424
2010/01/15,0,308000,-191000,117000
2010/01/18,0,80000,-12000,68000
2010/01/19,0,78000,-583000,-505000
2010/01/20,0,108980,-362500,-253520
2010/01/21,0,86000,-169000,-83000
2010/01/22,0,246000,-242000,4000
2010/01/25,0,180000,-347000,-167000
2010/01/26,0,131000,-361000,-230000
2010/01/27,0,161000,-236000,-75000
2010/01/28,0,773000,-259000,514000
2010/01/29,0,326000,-364000,-38000
2010/02/01,0,296000,-460000,-164000
2010/02/02,0,64000,-253000,-189000
2010/02/03,0,448000,-60000,388000
2010/02/04,0,84000,-135000,-51000
2010/02/05,0,354000,-155000,199000
2010/02/08,0,265000,-71001,193999
2010/02/09,0,337000,-88000,249000
2010/02/10,0,197000,-71882,125118
2010/02/11,0,0,0,0
2010/02/12,0,0,0,0
2010/02/15,0,0,0,0
2010/02/16,0,0,0,0
2010/02/17,0,0,0,0
2010/02/18,0,0,0,0
2010/02/19,0,0,0,0
2010/02/22,0,338000,-154000,184000
2010/02/23,0,429000,-209000,220000
2010/02/24,0,147000,-201000,-54000
2010/02/25,0,144000,-446000,-302000
2010/02/26,0,113000,-152000,-39000
2010/03/01,0,317000,-135000,182000
2010/03/02,0,119000,-154356,-35356
2010/03/03,0,10000,-103000,-93000
2010/03/04,0,26000,-285000,-259000
2010/03/05,0,542000,-281000,261000
2010/03/08,0,295000,-359000,-64000
2010/03/09,0,133000,-34000,99000
2010/03/10,0,110000,-209000,-99000
2010/03/11,0,219000,-39000,180000
2010/03/12,0,76000,-152000,-76000
2010/03/15,0,47000,-332000,-285000
2010/03/16,0,134000,-119000,15000
2010/03/17,0,650000,-76000,574000
2010/03/18,0,353000,-144000,209000
2010/03/19,0,31000,-160000,-129000
2010/03/22,0,107000,-119000,-12000
2010/03/23,0,143000,-94000,49000
2010/03/24,0,374000,-451482,-77482
2010/03/25,0,381000,-389000,-8000
2010/03/26,0,316000,-328000,-12000
2010/03/29,0,121000,-71000,50000
2010/03/30,0,109000,-67000,42000
2010/03/31,0,75000,-37000,38000
2010/04/01,0,353000,-38000,315000
2010/04/02,0,56000,-79000,-23000
2010/04/05,0,0,0,0
2010/04/06,0,238000,-9000,229000
2010/04/07,0,327138,-35000,292138
2010/04/08,0,287000,-101000,186000
2010/04/09,0,215000,-124000,91000
2010/04/12,0,128000,-110000,18000
2010/04/13,0,76000,-163000,-87000
2010/04/14,0,90000,-64000,26000
2010/04/15,0,145000,-65000,80000
2010/04/16,0,97000,-210000,-113000
2010/04/19,0,56000,-368000,-312000
2010/04/20,0,131000,-440030,-309030
2010/04/21,0,518000,-409000,109000
2010/04/22,0,74000,-212000,-138000
2010/04/23,0,89000,-271000,-182000
2010/04/26,0,308000,-27000,281000
2010/04/27,0,306000,-77000,229000
2010/04/28,0,114000,-299000,-185000
2010/04/29,0,184000,-188000,-4000
2010/04/30,0,71000,-506000,-435000
2010/05/03,0,112000,-124000,-12000
2010/05/04,0,34000,-66000,-32000
2010/05/05,0,26000,-228000,-202000
2010/05/06,0,53600,-432000,-378400
2010/05/07,0,439000,-94000,345000
2010/05/10,0,68000,-305747,-237747
2010/05/11,0,37000,-532000,-495000
2010/05/12,0,188000,-99000,89000
2010/05/13,0,313000,-185025,127975
2010/05/14,0,274000,-98000,176000
2010/05/17,0,592000,-354000,238000
2010/05/18,0,417000,-379000,38000
2010/05/19,0,505000,-158000,347000
2010/05/20,0,299000,-255000,44000
2010/05/21,0,205000,-107000,98000
2010/05/24,0,73000,-27000,46000
2010/05/25,0,275000,-163000,112000
2010/05/26,0,307000,-43000,264000
2010/05/27,0,378000,-144000,234000
2010/05/28,0,201000,-261000,-60000
2010/05/31,0,363000,-214000,149000
2010/06/01,0,191000,-1313000,-1122000
2010/06/02,0,624000,-142000,482000
2010/06/03,0,389000,-547000,-158000
2010/06/04,0,41000,-51000,-10000
2010/06/07,0,147000,-186000,-39000
2010/06/08,0,201000,-105000,96000
2010/06/09,0,55000,-399000,-344000
2010/06/10,0,250000,-217000,33000
2010/06/11,0,530000,-225000,305000
2010/06/14,0,80600,-127000,-46400
2010/06/15,0,355000,-192000,163000
2010/06/16,0,0,0,0
2010/06/17,0,1328000,-376000,952000
2010/06/18,0,188000,-258000,-70000
2010/06/21,0,242000,-144000,98000
2010/06/22,0,447000,-576000,-129000
2010/06/23,0,338400,-411000,-72600
2010/06/24,0,103000,-120148,-17148
2010/06/25,0,135000,-58000,77000
2010/06/28,0,82000,-24000,58000
2010/06/29,0,66000,-8000,58000
2010/06/30,0,239000,-249000,-10000
2010/07/01,0,263000,-185000,78000
2010/07/02,0,197000,-184000,13000
2010/07/05,0,192000,-15000,177000
2010/07/06,0,566000,-51000,515000
2010/07/07,0,220000,-115000,105000
2010/07/08,0,1307000,-310539,996461
2010/07/09,0,698000,-62000,636000
2010/07/12,0,59000,-417000,-358000
2010/07/13,0,474000,-553000,-79000
2010/07/14,0,1875000,-671000,1204000
2010/07/15,0,484000,-334000,150000
2010/07/16,0,755000,-754000,1000
2010/07/19,0,338000,-841000,-503000
2010/07/20,0,105000,-82000,23000
2010/07/21,0,59000,-210000,-151000
2010/07/22,0,175000,-120000,55000
2010/07/23,0,139000,-109751,29249
2010/07/26,0,51000,-572000,-521000
2010/07/27,0,143000,-114000,29000
2010/07/28,0,288000,-892000,-604000
2010/07/29,0,80000,-412000,-332000
2010/07/30,0,0,-86000,-86000
2010/08/02,0,179000,-875000,-696000
2010/08/03,0,41000,-611000,-570000
2010/08/04,0,203000,-74000,129000
2010/08/05,0,116000,-239000,-123000
2010/08/06,0,204000,-18000,186000
2010/08/09,0,58000,-48000,10000
2010/08/10,0,15000,-202000,-187000
2010/08/11,0,241000,-267000,-26000
2010/08/12,0,214000,-60000,154000
2010/08/13,0,344000,-56000,288000
2010/08/16,0,29000,-28000,1000
2010/08/17,0,743000,-87000,656000
2010/08/18,0,264000,-176000,88000
2010/08/19,0,154000,-75000,79000
2010/08/20,0,63000,-254022,-191022
2010/08/23,0,183000,-40000,143000
2010/08/24,0,262700,-344000,-81300
2010/08/25,0,342000,-875000,-533000
2010/08/26,0,65000,-460130,-395130
2010/08/27,0,358000,-142000,216000
2010/08/30,0,80500,-71022,9478
2010/08/31,0,22000,-194064,-172064
2010/09/01,0,260000,-45000,215000
2010/09/02,0,14000,-372000,-358000
2010/09/03,0,522000,-226000,296000
2010/09/06,0,236000,-133191,102809
2010/09/07,0,53000,-155000,-102000
2010/09/08,0,8000,-77000,-69000
2010/09/09,0,63000,-86000,-23000
2010/09/10,0,207000,-130000,77000
2010/09/13,0,129000,-33000,96000
2010/09/14,0,123000,-400000,-277000
2010/09/15,0,316000,-266000,50000
2010/09/16,0,18000,-116000,-98000
2010/09/17,0,194000,-99000,95000
2010/09/20,0,74000,-68000,6000
2010/09/21,0,22000,-29000,-7000
2010/09/22,0,0,0,0
2010/09/23,0,249000,-302062,-53062
2010/09/24,0,85000,-143000,-58000
2010/09/27,0,82000,-213000,-131000
2010/09/28,0,370000,-30000,340000
2010/09/29,0,157000,-251000,-94000
2010/09/30,0,317000,-154000,163000
2010/10/01,0,261000,-126000,135000
2010/10/04,0,136000,-189000,-53000
2010/10/05,0,189000,-79000,110000
2010/10/06,0,271000,-118000,153000
2010/10/07,0,86000,-46113,39887
2010/10/08,0,162000,-115000,47000
2010/10/11,0,140000,-128000,12000
2010/10/12,0,28000,-247000,-219000
2010/10/13,0,91000,-89000,2000
2010/10/14,0,208000,-92000,116000
2010/10/15,0,123000,-141000,-18000
2010/10/18,0,145000,-126000,19000
2010/10/19,0,73000,-125000,-52000
2010/10/20,0,472000,-28161,443839
2010/10/21,0,3403000,-484000,2919000
2010/10/22,0,1304000,-116000,1188000
2010/10/25,0,1485000,-530000,955000
2010/10/26,0,415000,-2444000,-2029000
2010/10/27,0,81000,-1379000,-1298000
2010/10/28,0,313000,-713000,-400000
2010/10/29,0,1663000,-749112,913888
2010/11/01,0,1857000,-1862000,-5000
2010/11/02,0,655000,-1028278,-373278
2010/11/03,0,137000,-1137000,-1000000
2010/11/04,0,175000,-1101100,-926100
2010/11/05,0,409250,-289000,120250
2010/11/08,0,327000,-420000,-93000
2010/11/09,0,589272,-43000,546272
2010/11/10,0,723000,-255000,468000
2010/11/11,0,456000,-472037,-16037
2010/11/12,0,224000,-357000,-133000
2010/11/15,0,362348,-153000,209348
2010/11/16,0,856000,-599000,257000
2010/11/17,0,462000,-212000,250000
2010/11/18,0,123000,-210000,-87000
2010/11/19,0,209000,-235000,-26000
2010/11/22,0,376000,-239000,137000
2010/11/23,0,163000,-263000,-100000
2010/11/24,0,418000,-368000,50000
2010/11/25,0,644000,-287003,356997
2010/11/26,0,1399000,-639000,760000
2010/11/29,0,203000,-1150007,-947007
2010/11/30,0,133000,-562000,-429000
2010/12/01,0,429000,-306144,122856
2010/12/02,0,705000,-493000,212000
2010/12/03,0,156000,-152088,3912
2010/12/06,0,323000,-360000,-37000
2010/12/07,0,87000,-365000,-278000
2010/12/08,0,304000,-467000,-163000
2010/12/09,0,386000,-925000,-539000
2010/12/10,0,281000,-43500,237500
2010/12/13,0,88000,-401000,-313000
2010/12/14,0,157000,-170913,-13913
2010/12/15,0,60000,-137000,-77000
2010/12/16,0,177000,-463000,-286000
2010/12/17,0,196000,-891080,-695080
2010/12/20,0,114000,-192000,-78000
2010/12/21,0,54000,-24000,30000
2010/12/22,0,58000,-121000,-63000
2010/12/23,0,18000,-244000,-226000
2010/12/24,0,164000,-103000,61000
2010/12/27,0,52000,-73000,-21000
2010/12/28,0,37000,-230000,-193000
2010/12/29,0,55000,-189395,-134395
2010/12/30,0,26000,-166000,-140000
2010/12/31,0,96000,-62000,34000
2011/01/03,0,62000,-31000,31000
2011/01/04,0,573000,-138000,435000
2011/01/05,0,636000,-296000,340000
2011/01/06,0,2126000,-151000,1975000
2011/01/07,0,507000,-505000,2000
2011/01/10,0,254000,-272000,-18000
2011/01/11,0,253000,-829000,-576000
2011/01/12,0,84000,-1007000,-923000
2011/01/13,0,76000,-722000,-646000
2011/01/14,0,25000,-73000,-48000
2011/01/17,0,256000,-510214,-254214
2011/01/18,0,154000,-75000,79000
2011/01/19,0,210000,-351000,-141000
2011/01/20,0,30000,-176000,-146000
2011/01/21,0,115000,-97000,18000
2011/01/24,0,60000,-242000,-182000
2011/01/25,0,286000,-41000,245000
2011/01/26,0,522000,-73000,449000
2011/01/27,0,315000,-208000,107000
2011/01/28,0,189000,-526000,-337000
2011/01/31,0,0,0,0
2011/02/01,0,0,0,0
2011/02/02,0,0,0,0
2011/02/03,0,0,0,0
2011/02/04,0,0,0,0
2011/02/07,0,0,0,0
2011/02/08,0,680000,-240000,440000
2011/02/09,0,579000,-583230,-4230
2011/02/10,0,1704000,-276000,1428000
2011/02/11,0,352000,-323000,29000
2011/02/14,0,915000,-99000,816000
2011/02/15,0,367000,-490000,-123000
2011/02/16,0,299000,-337000,-38000
2011/02/17,0,159000,-513000,-354000
2011/02/18,0,36000,-645002,-609002
2011/02/21,0,299000,-574000,-275000
2011/02/22,0,642000,-213000,429000
2011/02/23,0,443000,-127000,316000
2011/02/24,0,1041000,-20000,1021000
2011/02/25,0,1009000,-37000,972000
2011/02/28,0,0,0,0
2011/03/01,0,550000,-257000,293000
2011/03/02,0,104000,-99000,5000
2011/03/03,0,816000,-390000,426000
2011/03/04,0,478000,-241000,237000
2011/03/07,0,14192,-849977,-835785
2011/03/08,0,267000,-43000,224000
2011/03/09,0,24000,-110000,-86000
2011/03/10,0,60000,-131000,-71000
2011/03/11,0,582000,-335000,247000
2011/03/14,0,445000,-734000,-289000
2011/03/15,0,641000,-482000,159000
2011/03/16,0,562000,-37000,525000
2011/03/17,0,593000,-99000,494000
2011/03/18,0,383000,-216000,167000
2011/03/21,0,40000,-1238000,-1198000
2011/03/22,0,24000,-162000,-138000
2011/03/23,0,642000,-58000,584000
2011/03/24,0,398000,-1270000,-872000
2011/03/25,0,337000,-437000,-100000
2011/03/28,0,74000,0,74000
2011/03/29,0,16000,-2000,14000
2011/03/30,0,2083000,-2170000,-87000
2011/03/31,0,409000,-954000,-545000
2011/04/01,0,1283000,-713000,570000
2011/04/04,0,0,0,0
2011/04/05,0,0,0,0
2011/04/06,0,1016000,-409000,607000
2011/04/07,0,1212000,-249000,963000
2011/04/08,0,371000,-291000,80000
2011/04/11,0,184000,-351000,-167000
2011/04/12,0,703000,-82000,621000
2011/04/13,0,282000,-67000,215000
2011/04/14,0,155000,-356930,-201930
2011/04/15,0,306000,-705000,-399000
2011/04/18,0,477000,-1030696,-553696
2011/04/19,0,584000,-121000,463000
2011/04/20,0,522000,-1064000,-542000
2011/04/21,0,724000,-340000,384000
2011/04/22,0,1149000,-280000,869000
2011/04/25,0,46000,-897000,-851000
2011/04/26,0,160000,-209000,-49000
2011/04/27,0,408000,-185000,223000
2011/04/28,0,112000,-319000,-207000
2011/04/29,0,1669000,-508000,1161000
2011/05/02,0,0,0,0
2011/05/03,0,338000,-873193,-535193
2011/05/04,0,167000,-300000,-133000
2011/05/05,0,397000,-253000,144000
2011/05/06,0,138000,-107000,31000
2011/05/09,0,158000,-86000,72000
2011/05/10,0,68000,-343000,-275000
2011/05/11,0,61000,-239690,-178690
2011/05/12,0,16000,-261000,-245000
2011/05/13,0,57000,-86000,-29000
2011/05/16,0,355000,-136101,218899
2011/05/17,0,56000,-81000,-25000
2011/05/18,0,133000,-73000,60000
2011/05/19,0,205000,-226540,-21540
2011/05/20,0,186000,-436000,-250000
2011/05/23,0,122000,-290000,-168000
2011/05/24,0,239000,-118000,121000
2011/05/25,0,25000,-142000,-117000
2011/05/26,0,1503000,-21000,1482000
2011/05/27,0,1308000,-417000,891000
2011/05/30,0,386000,-215000,171000
2011/05/31,0,361000,-1013000,-652000
2011/06/01,0,216000,-336000,-120000
2011/06/02,0,328000,-1851000,-1523000
2011/06/03,0,609000,-785000,-176000
2011/06/06,0,0,0,0
2011/06/07,0,584000,-328000,256000
2011/06/08,0,252000,-281000,-29000
2011/06/09,0,126000,-449300,-323300
2011/06/10,0,173000,-411000,-238000
2011/06/13,0,233000,-56000,177000
2011/06/14,0,181000,-66000,115000
2011/06/15,0,86000,-279000,-193000
2011/06/16,0,261000,-360000,-99000
2011/06/17,0,239000,-864000,-625000
2011/06/20,0,556000,-579000,-23000
2011/06/21,0,776000,-17000,759000
2011/06/22,0,73000,-161000,-88000
2011/06/23,0,271000,-40000,231000
2011/06/24,0,121000,-117000,4000
2011/06/27,0,193000,-65000,128000
2011/06/28,0,83000,-257000,-174000
2011/06/29,0,572000,-197000,375000
2011/06/30,0,478000,-165000,313000
2011/07/01,0,145000,-161000,-16000
2011/07/04,0,1280000,-195700,1084300
2011/07/05,0,4372000,-479000,3893000
2011/07/06,0,240000,-3023000,-2783000
2011/07/07,0,366000,-832000,-466000
2011/07/08,0,152000,-125000,27000
2011/07/11,0,215000,-470000,-255000
2011/07/12,0,307000,-1079000,-772000
2011/07/13,0,677000,-308000,369000
2011/07/14,0,438000,-286000,152000
2011/07/15,0,303000,-54000,249000
2011/07/18,0,326000,-173685,152315
2011/07/19,0,462000,-156000,306000
2011/07/20,0,438000,-297000,141000
2011/07/21,0,1832000,-460000,1372000
2011/07/22,0,1884000,-434000,1450000
2011/07/25,0,613000,-1543000,-930000
2011/07/26,0,376000,-352000,24000
2011/07/27,0,304000,-289882,14118
2011/07/28,0,129000,-253000,-124000
2011/07/29,0,290000,-326000,-36000
2011/08/01,0,342000,-334000,8000
2011/08/02,0,48000,-487000,-439000
2011/08/03,0,713000,-1767000,-1054000
2011/08/04,0,523000,-369000,154000
2011/08/05,0,1538000,-404000,1134000
2011/08/08,0,1008000,-397000,611000
2011/08/09,0,1309000,-154000,1155000
2011/08/10,0,275000,-228000,47000
2011/08/11,0,318000,-212000,106000
2011/08/12,0,337000,-502000,-165000
2011/08/15,0,1202000,-155000,1047000
2011/08/16,0,48000,-670000,-622000
2011/08/17,0,161000,-489000,-328000
2011/08/18,0,240000,-1034000,-794000
2011/08/19,0,378000,-203000,175000
2011/08/22,0,1209000,-263000,946000
2011/08/23,0,936000,-300000,636000
2011/08/24,0,261000,-922000,-661000
2011/08/25,0,98000,-68000,30000
2011/08/26,0,864000,-583000,281000
2011/08/29,0,515000,-120000,395000
2011/08/30,0,825000,-389000,436000
2011/08/31,0,1016000,-144000,872000
2011/09/01,0,258000,-1238000,-980000
2011/09/02,0,594000,-346000,248000
2011/09/05,0,243000,-545000,-302000
2011/09/06,0,619000,-305000,314000
2011/09/07,0,773000,-81000,692000
2011/09/08,0,982000,-377000,605000
2011/09/09,0,1467000,-772000,695000
2011/09/12,0,0,0,0
2011/09/13,0,496000,-895000,-399000
2011/09/14,0,948000,-831000,117000
2011/09/15,0,596000,-182000,414000
2011/09/16,0,437000,-20000,417000
2011/09/19,0,726000,-1066000,-340000
2011/09/20,0,905000,-484000,421000
2011/09/21,0,1038000,-380000,658000
2011/09/22,0,503000,-403000,100000
2011/09/23,0,1632000,-341000,1291000
2011/09/26,0,1591000,-1101000,490000
2011/09/27,0,907000,-187000,720000
2011/09/28,0,1737000,-819000,918000
2011/09/29,0,1125000,-737000,388000
2011/09/30,0,378000,-2618000,-2240000
2011/10/03,0,466000,-1026000,-560000
2011/10/04,0,656000,-835000,-179000
2011/10/05,0,1075000,-167294,907706
2011/10/06,0,368000,-312159,55841
2011/10/07,0,141000,-116000,25000
2011/10/10,0,0,0,0
2011/10/11,0,952000,-84000,868000
2011/10/12,0,648000,-429000,219000
2011/10/13,0,442000,-577000,-135000
2011/10/14,0,205000,-170000,35000
2011/10/17,0,139000,-505000,-366000
2011/10/18,0,247000,-308369,-61369
2011/10/19,0,760000,-338000,422000
2011/10/20,0,956000,-332000,624000
2011/10/21,0,316000,-501000,-185000
2011/10/24,0,347000,-767000,-420000
2011/10/25,0,133000,-86000,47000
2011/10/26,0,376000,-65000,311000
2011/10/27,0,1202000,-251000,951000
2011/10/28,0,1055000,-797000,258000
2011/10/31,0,363000,-880296,-517296
2011/11/01,0,171000,-526000,-355000
2011/11/02,0,283000,-307000,-24000
2011/11/03,0,229000,-895000,-666000
2011/11/04,0,494000,-836000,-342000
2011/11/07,0,2403000,-404000,1999000
2011/11/08,0,1213000,-1060000,153000
2011/11/09,0,25000,-579000,-554000
2011/11/10,0,351000,-1721000,-1370000
2011/11/11,0,275000,-365000,-90000
2011/11/14,0,412000,-80000,332000
2011/11/15,0,80000,-161000,-81000
2011/11/16,0,66000,-246000,-180000
2011/11/17,0,186000,-139983,46017
2011/11/18,0,268000,-623000,-355000
2011/11/21,0,533000,-1489000,-956000
2011/11/22,0,602000,-773000,-171000
2011/11/23,0,344000,-395000,-51000
2011/11/24,0,438000,-76000,362000
2011/11/25,0,678000,-161000,517000
2011/11/28,0,263000,-359000,-96000
2011/11/29,0,310000,-399000,-89000
2011/11/30,0,55000,-417000,-362000
2011/12/01,0,943000,-330000,613000
2011/12/02,0,79000,-469000,-390000
2011/12/05,0,71000,-196000,-125000
2011/12/06,0,85000,-393000,-308000
2011/12/07,0,63000,-90000,-27000
2011/12/08,0,330000,-136000,194000
2011/12/09,0,79000,-171000,-92000
2011/12/12,0,50000,-259000,-209000
2011/12/13,0,155000,-197000,-42000
2011/12/14,0,6000,-19000,-13000
2011/12/15,0,46000,-317000,-271000
2011/12/16,0,174000,-109000,65000
2011/12/19,0,324000,-297000,27000
2011/12/20,0,133000,-84000,49000
2011/12/21,0,463000,-43000,420000
2011/12/22,0,200000,-137000,63000
2011/12/23,0,713000,-120000,593000
2011/12/26,0,158000,-263300,-105300
2011/12/27,0,242000,-365000,-123000
2011/12/28,0,168000,-102000,66000
2011/12/29,0,401000,-39000,362000
2011/12/30,0,64000,-118010,-54010
2012/01/02,0,48000,-411390,-363390
2012/01/03,0,1112000,-186000,926000
2012/01/04,0,1807000,-284000,1523000
2012/01/05,0,1543000,-1755387,-212387
2012/01/06,0,1619000,-669000,950000
2012/01/09,0,675000,-602000,73000
2012/01/10,0,505000,-1777000,-1272000
2012/01/11,0,262000,-307000,-45000
2012/01/12,0,237000,-809000,-572000
2012/01/13,0,182000,-280000,-98000
2012/01/16,0,997000,-1379000,-382000
2012/01/17,0,871000,-172000,699000
2012/01/18,0,614000,-1319000,-705000
2012/01/19,0,0,0,0
2012/01/20,0,0,0,0
2012/01/23,0,0,0,0
2012/01/24,0,0,0,0
2012/01/25,0,0,0,0
2012/01/26,0,0,0,0
2012/01/27,0,0,0,0
2012/01/30,0,825000,-632000,193000
2012/01/31,0,675000,-647000,28000
2012/02/01,0,680000,-498000,182000
2012/02/02,0,855000,-572000,283000
2012/02/03,0,307000,-638000,-331000
2012/02/06,0,71000,-581000,-510000
2012/02/07,0,952000,-197000,755000
2012/02/08,0,277000,-374000,-97000
2012/02/09,0,1000000,-507000,493000
2012/02/10,0,81000,-304000,-223000
2012/02/13,0,824000,-362000,462000
2012/02/14,0,59000,-682000,-623000
2012/02/15,0,1194000,-327000,867000
2012/02/16,0,1316000,-1352000,-36000
2012/02/17,0,399000,-1318000,-919000
2012/02/20,0,118000,-510000,-392000
2012/02/21,0,283000,-633000,-350000
2012/02/22,0,460000,-560000,-100000
2012/02/23,0,190000,-452000,-262000
2012/02/24,0,410000,-568000,-158000
2012/02/27,0,0,0,0
2012/02/28,0,0,0,0
2012/02/29,0,856022,-89000,767022
2012/03/01,0,66000,-544000,-478000
2012/03/02,0,21000,-1662000,-1641000
2012/03/05,0,43000,-631000,-588000
2012/03/06,0,49000,-378000,-329000
2012/03/07,0,274000,-334000,-60000
2012/03/08,0,0,-396000,-396000
2012/03/09,0,1189000,-145000,1044000
2012/03/12,0,6000,-233067,-227067
2012/03/13,0,461000,-92000,369000
2012/03/14,0,107000,-375000,-268000
2012/03/15,0,150000,-70000,80000
2012/03/16,0,209000,-1261000,-1052000
2012/03/19,0,130000,-506000,-376000
2012/03/20,0,249000,-488000,-239000
2012/03/21,0,257000,-207000,50000
2012/03/22,0,124000,-85000,39000
2012/03/23,0,104000,-132000,-28000
2012/03/26,0,132000,-262000,-130000
2012/03/27,0,67000,-282000,-215000
2012/03/28,0,80000,-259000,-179000
2012/03/29,0,229000,-455812,-226812
2012/03/30,0,118000,-391000,-273000
2012/04/02,0,58000,-118000,-60000
2012/04/03,0,50000,-153000,-103000
2012/04/04,0,0,0,0
2012/04/05,0,145000,-47000,98000
2012/04/06,0,103000,-20000,83000
2012/04/09,0,98000,-38000,60000
2012/04/10,0,154000,-361000,-207000
2012/04/11,0,123000,-20000,103000
2012/04/12,0,195000,-63000,132000
2012/04/13,0,53000,-57760,-4760
2012/04/16,0,47000,-200000,-153000
2012/04/17,0,62000,-145000,-83000
2012/04/18,0,211000,-103000,108000
2012/04/19,0,229000,-40000,189000
2012/04/20,0,67000,-92000,-25000
2012/04/23,0,166000,-279000,-113000
2012/04/24,0,324000,-83000,241000
2012/04/25,0,334000,-83000,251000
2012/04/26,0,308000,-192000,116000
2012/04/27,0,326000,-179569,146431
2012/04/30,0,149000,-57000,92000
2012/05/01,0,0,0,0
2012/05/02,0,785000,-43000,742000
2012/05/03,0,138000,-75000,63000
2012/05/04,0,324000,-157000,167000
2012/05/07,0,180000,-213000,-33000
2012/05/08,0,158000,-190058,-32058
2012/05/09,0,75000,-269000,-194000
2012/05/10,0,250000,-213000,37000
2012/05/11,0,713000,-291000,422000
2012/05/14,0,132000,-90000,42000
2012/05/15,0,422000,-60000,362000
2012/05/16,0,554000,-378000,176000
2012/05/17,0,282000,-53000,229000
2012/05/18,0,287000,-238000,49000
2012/05/21,0,212000,-59000,153000
2012/05/22,0,201000,-19000,182000
2012/05/23,0,311000,-248000,63000
2012/05/24,0,278000,-142000,136000
2012/05/25,0,138000,-104000,34000
2012/05/28,0,127000,-15000,112000
2012/05/29,0,273000,-35000,238000
2012/05/30,0,101000,-298000,-197000
2012/05/31,0,89000,-71000,18000
2012/06/01,0,106000,-150000,-44000
2012/06/04,0,471000,-81000,390000
2012/06/05,0,490000,-74000,416000
2012/06/06,0,208000,-268000,-60000
2012/06/07,0,80000,-277000,-197000
2012/06/08,0,74000,-207000,-133000
2012/06/11,0,85000,-24000,61000
2012/06/12,0,814000,-114000,700000
2012/06/13,0,70000,-220000,-150000
2012/06/14,0,2170000,-134000,2036000
2012/06/15,0,1644000,-195000,1449000
2012/06/18,0,2716000,-110000,2606000
2012/06/19,0,425000,-194000,231000
2012/06/20,0,1424000,-413000,1011000
2012/06/21,0,176000,-215000,-39000
2012/06/22,0,622000,-810000,-188000
2012/06/25,0,674000,-333000,341000
2012/06/26,0,372000,-3657000,-3285000
2012/06/27,0,556000,-154000,402000
2012/06/28,0,315000,-31000,284000
2012/06/29,0,354000,-73000,281000
2012/07/02,0,46000,-211000,-165000
2012/07/03,0,326000,-2098000,-1772000
2012/07/04,0,114000,-386000,-272000
2012/07/05,0,65000,-54000,11000
2012/07/06,0,101000,-109000,-8000
2012/07/09,0,21000,-1547000,-1526000
2012/07/10,0,170000,-135000,35000
2012/07/11,0,431000,-63000,368000
2012/07/12,0,76000,-138000,-62000
2012/07/13,0,777000,-620000,157000
2012/07/16,0,236000,-592098,-356098
2012/07/17,0,273000,-248000,25000
2012/07/18,0,22000,-591000,-569000
2012/07/19,0,1613000,-353000,1260000
2012/07/20,0,235000,-928000,-693000
2012/07/23,0,733000,-355000,378000
2012/07/24,0,418000,-758000,-340000
2012/07/25,0,1110000,-579000,531000
2012/07/26,0,565000,-491000,74000
2012/07/27,0,299000,-838000,-539000
2012/07/30,0,156000,-287000,-131000
2012/07/31,0,1110000,-243000,867000
2012/08/01,0,224000,-490000,-266000
2012/08/02,0,0,0,0
2012/08/03,0,149000,-678000,-529000
2012/08/06,0,241000,-189000,52000
2012/08/07,0,30000,-245000,-215000
2012/08/08,0,386000,-395000,-9000
2012/08/09,0,541000,-75000,466000
2012/08/10,0,833000,-620000,213000
2012/08/13,0,650000,-296000,354000
2012/08/14,0,193000,-398000,-205000
2012/08/15,0,1167000,-294000,873000
2012/08/16,0,795000,-1086000,-291000
2012/08/17,0,404000,-551000,-147000
2012/08/20,0,279000,-367000,-88000
2012/08/21,0,470000,-828000,-358000
2012/08/22,0,1166000,-49000,1117000
2012/08/23,0,121000,-908000,-787000
2012/08/24,0,1478000,-598000,880000
2012/08/27,0,137000,-603000,-466000
2012/08/28,0,107000,-1577000,-1470000
2012/08/29,0,405000,-314000,91000
2012/08/30,0,257000,-399000,-142000
2012/08/31,0,373000,-274000,99000
2012/09/03,0,152000,-219326,-67326
2012/09/04,0,38000,-419000,-381000
2012/09/05,0,218000,-191000,27000
2012/09/06,0,5000,-386000,-381000
2012/09/07,0,145000,-56000,89000
2012/09/10,0,92000,-177000,-85000
2012/09/11,0,276000,-187000,89000
2012/09/12,0,650000,-94000,556000
2012/09/13,0,905000,-483000,422000
2012/09/14,0,3056000,-474000,2582000
2012/09/17,0,2014000,-1376000,638000
2012/09/18,0,347000,-2106000,-1759000
2012/09/19,0,515000,-478472,36528
2012/09/20,0,210000,-414000,-204000
2012/09/21,0,206000,-313000,-107000
2012/09/24,0,1774000,-438000,1336000
2012/09/25,0,238000,-1911000,-1673000
2012/09/26,0,167000,-911000,-744000
2012/09/27,0,497000,-197000,300000
2012/09/28,0,652000,-385000,267000
2012/10/01,0,179000,-329000,-150000
2012/10/02,0,407000,-232000,175000
2012/10/03,0,87000,-283000,-196000
2012/10/04,0,296000,-816000,-520000
2012/10/05,0,343000,-213000,130000
2012/10/08,0,212000,-295000,-83000
2012/10/09,0,486000,-127000,359000
2012/10/10,0,0,0,0
2012/10/11,0,337000,-924000,-587000
2012/10/12,0,788000,-94000,694000
2012/10/15,0,321000,-664000,-343000
2012/10/16,0,523000,-185000,338000
2012/10/17,0,657000,-410000,247000
2012/10/18,0,249000,-262000,-13000
2012/10/19,0,172000,-459000,-287000
2012/10/22,0,130000,-353000,-223000
2012/10/23,0,124000,-835000,-711000
2012/10/24,0,328000,-430000,-102000
2012/10/25,0,379000,-1409000,-1030000
2012/10/26,0,312000,-734000,-422000
2012/10/29,0,474000,-290000,184000
2012/10/30,0,284000,-66000,218000
2012/10/31,0,53000,-115000,-62000
2012/11/01,0,648000,-145000,503000
2012/11/02,0,570000,-224000,346000
2012/11/05,0,134000,-517000,-383000
2012/11/06,0,92000,-98000,-6000
2012/11/07,0,109000,-183000,-74000
2012/11/08,0,804000,-844000,-40000
2012/11/09,0,1659000,-35000,1624000
2012/11/12,0,122000,-508000,-386000
2012/11/13,0,818000,-357000,461000
2012/11/14,0,349000,-305000,44000
2012/11/15,0,345000,-311000,34000
2012/11/16,0,671000,-432000,239000
2012/11/19,0,542000,-433000,109000
2012/11/20,0,748000,-188000,560000
2012/11/21,0,418000,-777000,-359000
2012/11/22,0,263000,-259000,4000
2012/11/23,0,670000,-391000,279000
2012/11/26,0,3640000,-111000,3529000
2012/11/27,0,208000,-3148000,-2940000
2012/11/28,0,2331000,-315000,2016000
2012/11/29,0,114000,-1612000,-1498000
2012/11/30,0,2087000,-766000,1321000
2012/12/03,0,161000,-881000,-720000
2012/12/04,0,839000,-367000,472000
2012/12/05,0,1521000,-1424000,97000
2012/12/06,0,163000,-2295000,-2132000
2012/12/07,0,486000,-550000,-64000
2012/12/10,0,688000,-732000,-44000
2012/12/11,0,486000,-898000,-412000
2012/12/12,0,697000,-60000,637000
2012/12/13,0,1101000,-110000,991000
2012/12/14,0,518000,-250000,268000
2012/12/17,0,150000,-947000,-797000
2012/12/18,0,1552000,-1439000,113000
2012/12/19,0,950000,-978000,-28000
2012/12/20,0,238000,-569160,-331160
2012/12/21,0,436000,-371000,65000
2012/12/24,0,46000,-691000,-645000
2012/12/25,0,329000,-231000,98000
2012/12/26,0,386000,-192000,194000
2012/12/27,0,150000,-464000,-314000
2012/12/28,0,362000,-273000,89000
2012/12/31,0,0,0,0
2013/01/01,0,0,0,0
2013/01/02,0,660000,-483000,177000
2013/01/03,0,157000,-1103000,-946000
2013/01/04,0,749000,-128000,621000
2013/01/07,0,170000,-367000,-197000
2013/01/08,0,259000,-833000,-574000
2013/01/09,0,214000,-254000,-40000
2013/01/10,0,222000,-233000,-11000
2013/01/11,0,789000,-248000,541000
2013/01/14,0,581000,-558000,23000
2013/01/15,0,563000,-551000,12000
2013/01/16,0,448000,-423000,25000
2013/01/17,0,621000,-578000,43000
2013/01/18,0,162000,-115000,47000
2013/01/21,0,860000,-432000,428000
2013/01/22,0,81000,-584000,-503000
2013/01/23,0,299000,-755000,-456000
2013/01/24,0,1084000,-475000,609000
2013/01/25,0,190000,-1344000,-1154000
2013/01/28,0,88000,-319000,-231000
2013/01/29,0,4169000,-228000,3941000
2013/01/30,0,2157000,-2395000,-238000
2013/01/31,0,277000,-1413000,-1136000
2013/02/01,0,657000,-1029000,-372000
2013/02/04,0,114000,-1154000,-1040000
2013/02/05,0,290000,-403000,-113000
2013/02/06,0,151000,-935000,-784000
2013/02/07,0,0,0,0
2013/02/08,0,0,0,0
2013/02/11,0,0,0,0
2013/02/12,0,0,0,0
2013/02/13,0,0,0,0
2013/02/14,0,0,0,0
2013/02/15,0,0,0,0
2013/02/18,0,374000,-480000,-106000
2013/02/19,0,3004000,-334000,2670000
2013/02/20,0,264000,-1478000,-1214000
2013/02/21,0,1449000,-1101000,348000
2013/02/22,0,402000,-1694811,-1292811
2013/02/25,0,941000,-520000,421000
2013/02/26,0,88000,-759000,-671000
2013/02/27,0,2967000,-1322000,1645000
2013/02/28,0,0,0,0
2013/03/01,0,741000,-2061000,-1320000
2013/03/04,0,341000,-829000,-488000
2013/03/05,0,3184000,-701601,2482399
2013/03/06,0,232000,-2192000,-1960000
2013/03/07,0,878000,-413000,465000
2013/03/08,0,303000,-872000,-569000
2013/03/11,0,625000,-800000,-175000
2013/03/12,0,1345000,-596000,749000
2013/03/13,0,1983000,-3032000,-1049000
2013/03/14,0,465000,-1065000,-600000
2013/03/15,0,325000,-854000,-529000
2013/03/18,0,284000,-369000,-85000
2013/03/19,0,1353000,-495000,858000
2013/03/20,0,1973992,-1369000,604992
2013/03/21,0,877000,-1093000,-216000
2013/03/22,0,984000,-326000,658000
2013/03/25,0,190000,-159000,31000
2013/03/26,0,747000,-1434000,-687000
2013/03/27,0,268000,-252000,16000
2013/03/28,0,1401000,-450000,951000
2013/03/29,0,468000,-158000,310000
2013/04/01,0,392000,-404000,-12000
2013/04/02,0,146000,-291000,-145000
2013/04/03,0,209000,-183000,26000
2013/04/04,0,0,0,0
2013/04/05,0,0,0,0
2013/04/08,0,146000,-1339000,-1193000
2013/04/09,0,168000,-272000,-104000
2013/04/10,0,340000,-172000,168000
2013/04/11,0,179000,-345000,-166000
2013/04/12,0,190000,-1110000,-920000
2013/04/15,0,61000,-856000,-795000
2013/04/16,0,390000,-88000,302000
2013/04/17,0,334000,-53000,281000
2013/04/18,0,561000,-359000,202000
2013/04/19,0,448000,-213000,235000
2013/04/22,0,51000,-225000,-174000
2013/04/23,0,1073000,-1210000,-137000
2013/04/24,0,78000,-64000,14000
2013/04/25,0,16000,-55000,-39000
2013/04/26,0,171000,-193000,-22000
2013/04/29,0,2061000,-1979000,82000
2013/04/30,0,263000,-675000,-412000
2013/05/01,0,0,0,0
2013/05/02,0,207000,-1148000,-941000
2013/05/03,0,1977000,-2208000,-231000
2013/05/06,0,1788000,-255000,1533000
2013/05/07,0,38000,-644000,-606000
2013/05/08,0,568000,-272000,296000
2013/05/09,0,82000,-573000,-491000
2013/05/10,0,353000,-248000,105000
2013/05/13,0,318000,-191000,127000
2013/05/14,0,320000,-242000,78000
2013/05/15,0,173000,-82000,91000
2013/05/16,0,112000,-220000,-108000
2013/05/17,0,726000,-383000,343000
2013/05/20,0,251000,-507000,-256000
2013/05/21,0,99000,-494000,-395000
2013/05/22,0,45000,-91000,-46000
2013/05/23,0,86000,-687000,-601000
2013/05/24,0,187000,-256000,-69000
2013/05/27,0,127000,-47000,80000
2013/05/28,0,64000,-59000,5000
2013/05/29,0,10000,-153000,-143000
2013/05/30,0,260000,-162000,98000
2013/05/31,0,83000,-79880,3120
2013/06/03,0,165000,-78000,87000
2013/06/04,0,0,-152000,-152000
2013/06/05,0,45000,-74000,-29000
2013/06/06,0,23000,-66000,-43000
2013/06/07,0,27000,-490000,-463000
2013/06/10,0,77000,-33000,44000
2013/06/11,0,48000,-312000,-264000
2013/06/12,0,0,0,0
2013/06/13,0,6000,-301000,-295000
2013/06/14,0,42000,-444000,-402000
2013/06/17,0,62000,0,62000
2013/06/18,0,846000,-2035000,-1189000
2013/06/19,0,14000,-419000,-405000
2013/06/20,0,35000,-21000,14000
2013/06/21,0,47000,-246000,-199000
2013/06/24,0,31000,-61000,-30000
2013/06/25,0,274000,-208000,66000
2013/06/26,0,108000,-119000,-11000
2013/06/27,0,205000,-259000,-54000
2013/06/28,0,242000,-319000,-77000
2013/07/01,0,3384000,-374000,3010000
2013/07/02,0,405000,-2797000,-2392000
2013/07/03,0,428000,-213000,215000
2013/07/04,0,160000,-333000,-173000
2013/07/05,0,215000,-288000,-73000
2013/07/08,0,34000,-36000,-2000
2013/07/09,0,58000,-74000,-16000
2013/07/10,0,426000,-258000,168000
2013/07/11,0,511000,-795000,-284000
2013/07/12,0,66000,-448000,-382000
2013/07/15,0,94000,-103000,-9000
2013/07/16,0,132000,-159000,-27000
2013/07/17,0,1119000,-261000,858000
2013/07/18,0,898000,-675000,223000
2013/07/19,0,457000,-849000,-392000
2013/07/22,0,48000,-155000,-107000
2013/07/23,0,1127000,-128000,999000
2013/07/24,0,79000,-902000,-823000
2013/07/25,0,76000,-68000,8000
2013/07/26,0,360000,-49000,311000
2013/07/29,0,309000,-192000,117000
2013/07/30,0,1360000,-164000,1196000
2013/07/31,0,155000,-752000,-597000
2013/08/01,0,75000,-308000,-233000
2013/08/02,0,61000,-361000,-300000
2013/08/05,0,354000,-922000,-568000
2013/08/06,0,484000,-433000,51000
2013/08/07,0,319000,-180000,139000
2013/08/08,0,186000,-879000,-693000
2013/08/09,0,1761000,-176000,1585000
2013/08/12,0,2542000,-2116000,426000
2013/08/13,0,91000,-50000,41000
2013/08/14,0,61000,-55000,6000
2013/08/15,0,35000,-142000,-107000
2013/08/16,0,240000,-72000,168000
2013/08/19,0,166000,-9000,157000
2013/08/20,0,81000,-132000,-51000
2013/08/21,0,0,0,0
2013/08/22,0,215000,-173000,42000
2013/08/23,0,92000,-72000,20000
2013/08/26,0,1308000,-202000,1106000
2013/08/27,0,140000,-686000,-546000
2013/08/28,0,216000,-297000,-81000
2013/08/29,0,73000,-44000,29000
2013/08/30,0,1143000,-77000,1066000
2013/09/02,0,27000,-637000,-610000
2013/09/03,0,3458000,-247000,3211000
2013/09/04,0,149000,-932000,-783000
2013/09/05,0,156000,-1565000,-1409000
2013/09/06,0,40000,-557000,-517000
2013/09/09,0,0,-340000,-340000
2013/09/10,0,1145000,-435000,710000
2013/09/11,0,166000,-413000,-247000
2013/09/12,0,156000,-534000,-378000
2013/09/13,0,97000,-383000,-286000
2013/09/16,0,56000,-270000,-214000
2013/09/17,0,1319000,-319000,1000000
2013/09/18,0,226000,-853000,-627000
2013/09/19,0,0,0,0
2013/09/20,0,0,0,0
2013/09/23,0,304000,-190578,113422
2013/09/24,0,10045000,-343000,9702000
2013/09/25,0,1036000,-6045000,-5009000
2013/09/26,0,329000,-2419000,-2090000
2013/09/27,0,504000,-311000,193000
2013/09/30,0,233000,-416000,-183000
2013/10/01,0,110000,-235000,-125000
2013/10/02,0,501000,-78000,423000
2013/10/03,0,333000,-349000,-16000
2013/10/04,0,67000,-350000,-283000
2013/10/07,0,170000,-992000,-822000
2013/10/08,0,484000,-75000,409000
2013/10/09,0,57000,-404000,-347000
2013/10/10,0,0,0,0
2013/10/11,0,539000,-321000,218000
2013/10/14,0,171000,-1028000,-857000
2013/10/15,0,290000,-274000,16000
2013/10/16,0,176000,-212000,-36000
2013/10/17,0,209000,-518000,-309000
2013/10/18,0,1732000,-265000,1467000
2013/10/21,0,70000,-280000,-210000
2013/10/22,0,333000,-352000,-19000
2013/10/23,0,16000,-190000,-174000
2013/10/24,0,33000,-39000,-6000
2013/10/25,0,83000,-178000,-95000
2013/10/28,0,57000,-163000,-106000
2013/10/29,0,105000,-132000,-27000
2013/10/30,0,152000,-90000,62000
2013/10/31,0,162000,-391000,-229000
2013/11/01,0,179000,-186000,-7000
2013/11/04,0,187000,-1456000,-1269000
2013/11/05,0,1336000,-382000,954000
2013/11/06,0,0,-580000,-580000
2013/11/07,0,610000,-1118000,-508000
2013/11/08,0,161000,-451000,-290000
2013/11/11,0,298000,-1168000,-870000
2013/11/12,0,1094000,-522000,572000
2013/11/13,0,510000,-77000,433000
2013/11/14,0,234000,-287000,-53000
2013/11/15,0,509000,-66000,443000
2013/11/18,0,147000,-1459000,-1312000
2013/11/19,0,780000,-292000,488000
2013/11/20,0,4425000,-205000,4220000
2013/11/21,0,493000,-2307000,-1814000
2013/11/22,0,4260000,-1953000,2307000
2013/11/25,0,379000,-611000,-232000
2013/11/26,0,501000,-438000,63000
2013/11/27,0,736000,-390000,346000
2013/11/28,0,248000,-806000,-558000
2013/11/29,0,423000,-308000,115000
2013/12/02,0,129000,-453000,-324000
2013/12/03,0,7157000,-627000,6530000
2013/12/04,0,279000,-1180000,-901000
2013/12/05,0,132000,-2399000,-2267000
2013/12/06,0,251000,-716000,-465000
2013/12/09,0,48000,-262000,-214000
2013/12/10,0,158000,-50000,108000
2013/12/11,0,2000,-567000,-565000
2013/12/12,0,109000,-213000,-104000
2013/12/13,0,1283000,-617000,666000
2013/12/16,0,308000,-780000,-472000
2013/12/17,0,4014000,-542000,3472000
2013/12/18,0,1377000,-1511000,-134000
2013/12/19,0,103000,-1326000,-1223000
2013/12/20,0,20000,-487000,-467000
2013/12/23,0,195000,-233000,-38000
2013/12/24,0,4669000,-886000,3783000
2013/12/25,0,59000,-2065000,-2006000
2013/12/26,0,3530000,-941000,2589000
2013/12/27,0,225000,-1491000,-1266000
2013/12/30,0,216000,-625000,-409000
2013/12/31,0,188000,-150000,38000
2014/01/02,0,41000,-633000,-592000
2014/01/03,0,357000,-241000,116000
2014/01/06,0,404000,-382000,22000
2014/01/07,0,2177000,-515000,1662000
2014/01/08,0,275000,-2171000,-1896000
2014/01/09,0,269000,-384000,-115000
2014/01/10,0,44000,-832000,-788000
2014/01/13,0,77000,-183000,-106000
2014/01/14,0,87000,-37000,50000
2014/01/15,0,2922000,-923000,1999000
2014/01/16,0,72000,-1232000,-1160000
2014/01/17,0,261000,-83000,178000
2014/01/20,0,816000,-1266000,-450000
2014/01/21,0,2104000,-993616,1110384
2014/01/22,0,389000,-1194000,-805000
2014/01/23,0,287000,-951000,-664000
2014/01/24,0,147000,-503000,-356000
2014/01/27,0,225000,-746000,-521000
2014/02/05,0,207000,-868000,-661000
2014/02/06,0,562000,-136000,426000
2014/02/07,0,274000,-787000,-513000
2014/02/10,0,1759000,-345000,1414000
2014/02/11,0,74000,-1169000,-1095000
2014/02/12,0,352000,-121000,231000
2014/02/13,0,10000,-110000,-100000
2014/02/14,0,25000,-393000,-368000
2014/02/17,0,20000,-487000,-467000
2014/02/18,0,259000,-134000,125000
2014/02/19,0,170000,-33000,137000
2014/02/20,0,47000,-71000,-24000
2014/02/21,0,1898000,-91000,1807000
2014/02/24,0,184000,-1196000,-1012000
2014/02/25,0,178000,-68503,109497
2014/02/26,0,295000,-35000,260000
2014/02/27,0,37000,-3000,34000
2014/03/03,0,57000,-59000,-2000
2014/03/04,0,80000,-48000,32000
2014/03/05,0,980000,-130000,850000
2014/03/06,0,109000,-344000,-235000
2014/03/07,0,30000,-457000,-427000
2014/03/10,0,28000,-104000,-76000
2014/03/11,0,408000,-63000,345000
2014/03/12,0,48000,-168000,-120000
2014/03/13,0,2409000,-241000,2168000
2014/03/14,0,38000,-732000,-694000
2014/03/17,0,2260000,-81000,2179000
2014/03/18,0,1360000,-2575000,-1215000
2014/03/19,0,3789000,-3469000,320000
2014/03/20,0,85000,-984000,-899000
2014/03/21,0,132000,-958000,-826000
2014/03/24,0,202000,-340000,-138000
2014/03/25,0,110000,-101000,9000
2014/03/26,0,92000,-140000,-48000
2014/03/27,0,331000,-79000,252000
2014/03/28,0,112000,-431000,-319000
2014/03/31,0,21000,-71000,-50000
2014/04/01,0,98000,-115000,-17000
2014/04/02,0,1218000,-256000,962000
2014/04/03,0,51000,-497000,-446000
2014/04/07,0,189000,-112000,77000
2014/04/08,0,166000,-203000,-37000
2014/04/09,0,15000,-279000,-264000
2014/04/10,0,270000,-1089406,-819406
2014/04/11,0,124000,-399000,-275000
2014/04/14,0,5000,0,5000
2014/04/15,0,1677000,-47000,1630000
2014/04/16,0,461000,-896000,-435000
2014/04/17,0,496000,-103000,393000
2014/04/18,0,568000,-13167,554833
2014/04/21,0,690000,-127000,563000
2014/04/22,0,70000,-150000,-80000
2014/04/23,0,143000,-362000,-219000
2014/04/24,0,45000,-114000,-69000
2014/04/25,0,255000,-1750105,-1495105
2014/04/28,0,961000,-174000,787000
2014/04/29,0,475000,-274000,201000
2014/04/30,0,4000,-1414000,-1410000
2014/05/02,0,303000,-100542,202458
2014/05/05,0,1331000,-193000,1138000
2014/05/06,0,928000,-191000,737000
2014/05/07,0,957000,-102765,854235
2014/05/08,0,73000,-100000,-27000
2014/05/09,0,537000,-240000,297000
2014/05/12,0,62000,-144000,-82000
2014/05/13,0,37000,-257000,-220000
2014/05/14,0,25000,-10000,15000
2014/05/15,0,8000,-256747,-248747
2014/05/16,0,87000,-56000,31000
2014/05/19,0,0,-905656,-905656
2014/05/20,0,0,-26000,-26000
2014/05/21,0,24000,-689000,-665000
2014/05/22,0,0,-37000,-37000
2014/05/23,0,118000,-16000,102000
2014/05/26,0,408000,-1810000,-1402000
2014/05/27,0,60000,-10000,50000
2014/05/28,0,17000,-1000,16000
2014/05/29,0,306000,0,306000
2014/05/30,0,162000,-65000,97000
2014/06/03,0,300000,-12000,288000
2014/06/04,0,448000,-55000,393000
2014/06/05,0,2387000,-482820,1904180
2014/06/06,0,1490000,-722000,768000
2014/06/09,0,1137000,-177000,960000
2014/06/10,0,23000,-177000,-154000
2014/06/11,0,0,-139000,-139000
2014/06/12,0,48000,-368000,-320000
2014/06/13,0,0,-552000,-552000
2014/06/16,0,374000,-593000,-219000
2014/06/17,0,988000,-537000,451000
2014/06/18,0,734000,-42000,692000
2014/06/19,0,88000,-110000,-22000
2014/06/20,0,341000,-346000,-5000
2014/06/23,0,0,-614000,-614000
2014/06/24,0,8000,-51000,-43000
2014/06/25,0,47000,-217,46783
2014/06/26,0,71000,-55000,16000
2014/06/27,0,42000,-364000,-322000
2014/06/30,0,48000,-65000,-17000
2014/07/01,0,39000,-28000,11000
2014/07/02,0,271000,-9000,262000
2014/07/03,0,0,-112000,-112000
2014/07/04,0,1212000,-188000,1024000
2014/07/07,0,154000,-37000,117000
2014/07/08,0,114000,-583000,-469000
2014/07/09,0,275000,-93000,182000
2014/07/10,0,4860000,-234000,4626000
2014/07/11,0,580000,-5105000,-4525000
2014/07/14,0,398000,-342000,56000
2014/07/15,0,705000,-724000,-19000
2014/07/16,0,8014000,-4406000,3608000
2014/07/17,0,524000,-4684000,-4160000
2014/07/18,0,319000,-1144000,-825000
2014/07/21,0,437000,-459000,-22000
2014/07/22,0,7509000,-1776000,5733000
2014/07/23,0,0,0,0
2014/07/24,0,6208000,-7259000,-1051000
2014/07/25,0,1768000,-7764000,-5996000
2014/07/28,0,771000,-1438000,-667000
2014/07/29,0,2015000,-2657000,-642000
2014/07/30,0,3105000,-1370000,1735000
2014/07/31,0,964000,-2396000,-1432000
2014/08/01,0,2473000,-1996000,477000
2014/08/04,0,908000,-2038000,-1130000
2014/08/05,0,647000,-1443000,-796000
2014/08/06,0,948000,-2246000,-1298000
2014/08/07,0,2668000,-800000,1868000
2014/08/08,0,2330000,-3030000,-700000
2014/08/11,0,2238000,-2030000,208000
2014/08/12,0,5149000,-4162000,987000
2014/08/13,0,1271000,-5630000,-4359000
2014/08/14,0,1579000,-1577000,2000
2014/08/15,0,473000,-509000,-36000
2014/08/18,0,560000,-202000,358000
2014/08/19,0,2775000,-769000,2006000
2014/08/20,0,948000,-1995000,-1047000
2014/08/21,0,455000,-1025000,-570000
2014/08/22,0,127000,-630000,-503000
2014/08/25,0,126000,-154000,-28000
2014/08/26,0,880000,-136000,744000
2014/08/27,0,189000,-673000,-484000
2014/08/28,0,2723000,-589000,2134000
2014/08/29,0,353000,-1264000,-911000
2014/09/01,0,7065000,-1467000,5598000
2014/09/02,0,1159000,-4302000,-3143000
2014/09/03,0,838000,-2000000,-1162000
2014/09/04,0,2730000,-1238000,1492000
2014/09/05,0,529000,-1309000,-780000
2014/09/09,0,341000,-224000,117000
2014/09/10,0,367000,-704000,-337000
2014/09/11,0,1533000,-1088000,445000
2014/09/12,0,848000,-1201000,-353000
2014/09/15,0,550000,-527000,23000
2014/09/16,0,1439000,-2943000,-1504000
2014/09/17,0,2256000,-954000,1302000
2014/09/18,0,770000,-371000,399000
2014/09/19,0,769000,-966000,-197000
2014/09/22,0,691000,-1500000,-809000
2014/09/23,0,591000,-2089628,-1498628
2014/09/24,0,1711000,-614000,1097000
2014/09/25,0,808000,-3730000,-2922000
2014/09/26,0,2000000,-573000,1427000
2014/09/29,0,489000,-1012000,-523000
2014/09/30,0,969000,-875000,94000
2014/10/01,0,1009000,-914000,95000
2014/10/02,0,3215000,-1223000,1992000
2014/10/03,0,733000,-1851000,-1118000
2014/10/06,0,508000,-370000,138000
2014/10/07,0,251000,-827000,-576000
2014/10/08,0,650000,-402000,248000
2014/10/09,0,418000,-851000,-433000
2014/10/13,0,594000,-1203000,-609000
2014/10/14,0,1208000,-498000,710000
2014/10/15,0,526000,-1659000,-1133000
2014/10/16,0,1440000,-613000,827000
2014/10/17,0,406000,-1071000,-665000
2014/10/20,0,760000,-698000,62000
2014/10/21,0,217000,-553000,-336000
2014/10/22,0,3223000,-834000,2389000
2014/10/23,0,451000,-2268000,-1817000
2014/10/24,0,154000,-652000,-498000
2014/10/27,0,262000,-460000,-198000
2014/10/28,0,482000,-79000,403000
2014/10/29,0,2361000,-615000,1746000
2014/10/30,0,293000,-1186000,-893000
2014/10/31,0,255000,-509000,-254000
2014/11/03,0,919000,-979000,-60000
2014/11/04,0,1173000,-572000,601000
2014/11/05,0,271000,-987000,-716000
2014/11/06,0,364000,-1098000,-734000
2014/11/07,0,1420000,-441000,979000
2014/11/10,0,214000,-281000,-67000
2014/11/11,0,431000,-85000,346000
2014/11/12,0,125000,-189000,-64000
2014/11/13,0,90000,-391000,-301000
2014/11/14,0,62000,-372000,-310000
2014/11/17,0,351000,-1044000,-693000
2014/11/18,0,636000,-891000,-255000
2014/11/19,0,1081000,-645000,436000
2014/11/20,0,160000,-250000,-90000
2014/11/21,0,2311000,-336000,1975000
2014/11/24,0,273000,-1182000,-909000
2014/11/25,0,343000,-963000,-620000
2014/11/26,0,1780000,-234000,1546000
2014/11/27,0,1147000,-1294000,-147000
2014/11/28,0,193000,-876000,-683000
2014/12/01,0,216000,-433000,-217000
2014/12/02,0,77000,-461000,-384000
2014/12/03,0,1271000,-306001,964999
2014/12/04,0,251000,-373000,-122000
2014/12/05,0,503000,-218000,285000
2014/12/08,0,1295000,-645000,650000
2014/12/09,0,10000,-482000,-472000
2014/12/10,0,135000,-140000,-5000
2014/12/11,0,1440000,-415000,1025000
2014/12/12,0,3772000,-1097000,2675000
2014/12/15,0,942000,-2187000,-1245000
2014/12/16,0,339000,-2618000,-2279000
2014/12/17,0,3541000,-1965000,1576000
2014/12/18,0,424000,-739000,-315000
2014/12/19,0,260000,-61000,199000
2014/12/22,0,918000,-309000,609000
2014/12/23,0,581000,-682000,-101000
2014/12/24,0,2225000,-343000,1882000
2014/12/25,0,90000,-1608000,-1518000
2014/12/26,0,2000,-169000,-167000
2014/12/29,0,31000,-241000,-210000
2014/12/30,0,6000,-81000,-75000
2014/12/31,0,450000,-134068,315932
2015/01/01,0,0,0,0
2015/01/02,0,0,0,0
2015/01/05,0,564000,-452000,112000
2015/01/06,0,12000,-273000,-261000
2015/01/07,0,209000,-187000,22000
2015/01/08,0,254000,-411000,-157000
2015/01/09,0,35000,-377000,-342000
2015/01/12,0,104000,-176000,-72000
2015/01/13,0,213000,-1052000,-839000
2015/01/14,0,918000,-245000,673000
2015/01/15,0,279000,-624000,-345000
2015/01/16,0,132000,-222025,-90025
2015/01/19,0,201000,-231000,-30000
2015/01/20,0,1686000,-2513000,-827000
2015/01/21,0,319000,-2884000,-2565000
2015/01/22,0,977000,-705000,272000
2015/01/23,0,533000,-1743000,-1210000
2015/01/26,0,162000,-567000,-405000
2015/01/27,0,176000,-367000,-191000
2015/01/28,0,327000,-117000,210000
2015/01/29,0,5450000,-161000,5289000
2015/01/30,0,325000,-3019000,-2694000
2015/02/02,0,114000,-578000,-464000
2015/02/03,0,74000,-188000,-114000
2015/02/04,0,272000,-392033,-120033
2015/02/05,0,70000,-441019,-371019
2015/02/06,0,5000,-701000,-696000
2015/02/09,0,70000,-205000,-135000
2015/02/10,0,37000,-666000,-629000
2015/02/11,0,3836000,-2393000,1443000
2015/02/12,0,2181000,-520182,1660818
2015/02/13,0,482000,-385000,97000
2015/02/16,0,0,0,0
2015/02/17,0,0,0,0
2015/02/18,0,0,0,0
2015/02/19,0,0,0,0
2015/02/20,0,0,0,0
2015/02/23,0,0,0,0
2015/02/24,0,187000,-737000,-550000
2015/02/25,0,3129000,-242188,2886812
2015/02/26,0,341000,-1411000,-1070000
2015/02/27,0,0,0,0
2015/03/02,0,0,-909000,-909000
2015/03/03,0,19000,-273000,-254000
2015/03/04,0,87000,-131000,-44000
2015/03/05,0,218000,-422187,-204187
2015/03/06,0,5950000,-570000,5380000
2015/03/09,0,3485000,-2325378,1159622
2015/03/10,0,762000,-1332000,-570000
2015/03/11,0,285000,-1025000,-740000
2015/03/12,0,181000,-2097086,-1916086
2015/03/13,0,1823000,-774000,1049000
2015/03/16,0,192000,-1507000,-1315000
2015/03/17,0,98000,-934188,-836188
2015/03/18,0,191000,-845600,-654600
2015/03/19,0,467000,-288000,179000
2015/03/20,0,87000,-75000,12000
2015/03/23,0,2763000,-639000,2124000
2015/03/24,0,444000,-1469000,-1025000
2015/03/25,0,112000,-905000,-793000
2015/03/26,0,16000,-662000,-646000
2015/03/27,0,227000,-807000,-580000
2015/03/30,0,96000,-1760000,-1664000
2015/03/31,0,50000,-40968,9032
2015/04/01,0,257000,-363000,-106000
2015/04/02,0,182000,-342000,-160000
2015/04/03,0,0,0,0
2015/04/06,0,0,0,0
2015/04/07,0,4000,-515000,-511000
2015/04/08,0,90000,-383816,-293816
2015/04/09,0,375000,-87000,288000
2015/04/10,0,66000,-82000,-16000
2015/04/13,0,174000,0,174000
2015/04/14,0,1101000,-36000,1065000
2015/04/15,0,172000,-267000,-95000
2015/04/16,0,69000,-96000,-27000
2015/04/17,0,20000,-16000,4000
2015/04/20,0,39000,-728000,-689000
2015/04/21,0,100000,-83000,17000
2015/04/22,0,352000,-52000,300000
2015/04/23,0,467000,-115000,352000
2015/04/24,0,419000,-716000,-297000
2015/04/27,0,1241000,-565000,676000
2015/04/28,0,13000,-1009000,-996000
2015/04/29,0,123000,-115000,8000
2015/04/30,0,11000,-174000,-163000
2015/05/01,0,0,0,0
2015/05/04,0,88000,-100000,-12000
2015/05/05,0,10000,-59000,-49000
2015/05/06,0,0,-173000,-173000
2015/05/07,0,0,-542000,-542000
2015/05/08,0,139000,-102000,37000
2015/05/11,0,232000,-891000,-659000
2015/05/12,0,350000,-193000,157000
2015/05/13,0,473000,-43000,430000
2015/05/14,0,14000,-125000,-111000
2015/05/15,0,117000,-136000,-19000
2015/05/18,0,4000,-589000,-585000
2015/05/19,0,202000,-60000,142000
2015/05/20,0,309000,-514000,-205000
2015/05/21,0,118000,-41000,77000
2015/05/22,0,78000,-66000,12000
2015/05/25,0,330000,-167000,163000
2015/05/26,0,18000,-156000,-138000
2015/05/27,0,4000,-91000,-87000
2015/05/28,0,242000,-15000,227000
2015/05/29,0,20000,-186000,-166000
2015/06/01,0,70000,-413000,-343000
2015/06/02,0,215000,-298000,-83000
2015/06/03,0,287000,0,287000
2015/06/04,0,135000,-695000,-560000
2015/06/05,0,469000,-146000,323000
2015/06/08,0,49000,-736000,-687000
2015/06/09,0,582000,-864000,-282000
2015/06/10,0,851000,-114000,737000
2015/06/11,0,167000,-20000,147000
2015/06/12,0,315000,-5000,310000
2015/06/15,0,102000,-24000,78000
2015/06/16,0,86000,-164000,-78000
2015/06/17,0,1658000,-1288000,370000
2015/06/18,0,78000,-586000,-508000
2015/06/19,0,0,0,0
2015/06/22,0,298000,-34200,263800
2015/06/23,0,47000,-229000,-182000
2015/06/24,0,375000,-117000,258000
2015/06/25,0,208000,-654000,-446000
2015/06/26,0,265000,-63000,202000
2015/06/29,0,6000,-208000,-202000
2015/06/30,0,185000,-36000,149000
2015/07/01,0,3037000,-122000,2915000
2015/07/02,0,11000,-1168000,-1157000
2015/07/03,0,1000,-456000,-455000
2015/07/06,0,29000,-31000,-2000
2015/07/07,0,4000,-693000,-689000
2015/07/08,0,190000,-1407000,-1217000
2015/07/09,0,232000,-709000,-477000
2015/07/10,0,0,0,0
2015/07/13,0,35000,-46000,-11000
2015/07/14,0,412000,-47000,365000
2015/07/15,0,35000,-1561000,-1526000
2015/07/16,0,794000,-21000,773000
2015/07/17,0,10000,-298000,-288000
2015/07/20,0,43000,-386000,-343000
2015/07/21,0,36000,-148000,-112000
2015/07/22,0,11000,-12000,-1000
2015/07/23,0,179000,-216000,-37000
2015/07/24,0,87000,-256000,-169000
2015/07/27,0,195000,-608000,-413000
2015/07/28,0,473000,-26000,447000
2015/07/29,0,179000,-20000,159000
2015/07/30,0,1420000,-109000,1311000
2015/07/31,0,75000,-1165000,-1090000
2015/08/03,0,27000,-178000,-151000
2015/08/04,0,282000,-120000,162000
2015/08/05,0,391000,-68000,323000
2015/08/06,0,87000,-647000,-560000
2015/08/07,0,199000,-47000,152000
2015/08/10,0,498000,-17000,481000
2015/08/11,0,294000,-580000,-286000
2015/08/12,0,168000,-8000,160000
2015/08/13,0,1753000,-184000,1569000
2015/08/14,0,213000,-1873000,-1660000
2015/08/17,0,231000,-665000,-434000
2015/08/18,0,1266000,-133000,1133000
2015/08/19,0,356000,-1032000,-676000
2015/08/20,0,73000,-144000,-71000
2015/08/21,0,139000,-179000,-40000
2015/08/24,0,348000,-323000,25000
2015/08/25,0,887000,-50000,837000
2015/08/26,0,1026000,-328000,698000
2015/08/27,0,488000,-1160000,-672000
2015/08/28,0,332000,-575000,-243000
2015/08/31,0,956000,-248000,708000
2015/09/01,0,995000,-714000,281000
2015/09/02,0,728000,-718000,10000
2015/09/03,0,915000,-492000,423000
2015/09/04,0,538000,-1086000,-548000
2015/09/07,0,512000,-635000,-123000
2015/09/08,0,219000,-569000,-350000
2015/09/09,0,639000,-78000,561000
2015/09/10,0,2379000,-405000,1974000
2015/09/11,0,218000,-1412000,-1194000
2015/09/14,0,50000,-599000,-549000
2015/09/15,0,415000,-595000,-180000
2015/09/16,0,450000,-305000,145000
2015/09/17,0,324000,-312000,12000
2015/09/18,0,1366000,-34000,1332000
2015/09/21,0,271000,-559000,-288000
2015/09/22,0,111000,-256000,-145000
2015/09/23,0,74000,-177000,-103000
2015/09/24,0,11000,-542000,-531000
2015/09/25,0,687000,-70000,617000
2015/09/28,0,0,0,0
2015/09/29,0,0,0,0
2015/09/30,0,511000,-1534000,-1023000
2015/10/01,0,165000,-340000,-175000
2015/10/02,0,73000,-83000,-10000
2015/10/05,0,1676000,-125000,1551000
2015/10/06,0,253000,-764000,-511000
2015/10/07,0,50000,-227000,-177000
2015/10/08,0,45000,-264000,-219000
2015/10/09,0,0,0,0
2015/10/12,0,3095045,-278000,2817045
2015/10/13,0,126000,-1981000,-1855000
2015/10/14,0,946000,-218600,727400
2015/10/15,0,732000,-704000,28000
2015/10/16,0,61000,-997000,-936000
2015/10/19,0,5538000,-196000,5342000
2015/10/20,0,74000,-2265000,-2191000
2015/10/21,0,15000,-1157000,-1142000
2015/10/22,0,798000,-971000,-173000
2015/10/23,0,103000,-1267000,-1164000
2015/10/26,0,139000,-67000,72000
2015/10/27,0,100000,-302000,-202000
2015/10/28,0,350000,-116000,234000
2015/10/29,0,1000,-608086,-607086
2015/10/30,0,132000,-391000,-259000
2015/11/02,0,870000,-242000,628000
2015/11/03,0,13000,-711000,-698000
2015/11/04,0,1005000,-13000,992000
2015/11/05,0,572000,-642000,-70000
2015/11/06,0,383000,-2096000,-1713000
2015/11/09,0,487000,-1473000,-986000
2015/11/10,0,1122000,-544000,578000
2015/11/11,0,328000,-630000,-302000
2015/11/12,0,171000,-83000,88000
2015/11/13,0,89000,-238000,-149000
2015/11/16,0,71000,-32000,39000
2015/11/17,0,261000,-65000,196000
2015/11/18,0,194000,-119000,75000
2015/11/19,0,194000,-447000,-253000
2015/11/20,0,0,-215000,-215000
2015/11/23,0,477000,-126000,351000
2015/11/24,0,23000,-235000,-212000
2015/11/25,0,0,-126000,-126000
2015/11/26,0,1008000,-87000,921000
2015/11/27,0,0,-773000,-773000
2015/11/30,0,54000,-223000,-169000
2015/12/01,0,125000,-39000,86000
2015/12/02,0,24000,-105000,-81000
2015/12/03,0,260000,0,260000
2015/12/04,0,11000,-84000,-73000
2015/12/07,0,174000,0,174000
2015/12/08,0,5000,-123000,-118000
2015/12/09,0,73000,-1562000,-1489000
2015/12/10,0,146000,-216000,-70000
2015/12/11,0,125000,-270000,-145000
2015/12/14,0,70000,-352000,-282000
2015/12/15,0,480000,-190000,290000
2015/12/16,0,140000,-463000,-323000
2015/12/17,0,688000,-125000,563000
2015/12/18,0,2504000,-1356000,1148000
2015/12/21,0,1376000,-524000,852000
2015/12/22,0,208000,-314000,-106000
2015/12/23,0,464000,-198000,266000
2015/12/24,0,259000,-561000,-302000
2015/12/25,0,136000,-184000,-48000
2015/12/28,0,17000,-277000,-260000
2015/12/29,0,0,-80000,-80000
2015/12/30,0,45000,-12000,33000
2015/12/31,0,0,-101000,-101000
2016/01/01,0,0,0,0
2016/01/04,0,77000,-200000,-123000
2016/01/05,0,610000,-503000,107000
2016/01/06,0,220000,-1345000,-1125000
2016/01/07,0,234000,-172000,62000
2016/01/08,0,58000,-40000,18000
2016/01/11,0,621000,-232000,389000
2016/01/12,0,93000,-109045,-16045
2016/01/13,0,57000,0,57000
2016/01/14,0,185000,-65000,120000
2016/01/15,0,97000,-53000,44000
2016/01/18,0,55000,-233000,-178000
2016/01/19,0,90000,-229000,-139000
2016/01/20,0,196000,-220000,-24000
2016/01/21,0,102000,-29000,73000
2016/01/22,0,0,-1000,-1000
2016/01/25,0,609000,-8000,601000
2016/01/26,0,273000,-201000,72000
2016/01/27,0,18000,-166000,-148000
2016/01/28,0,783133,-17000,766133
2016/01/29,0,339000,-486000,-147000
2016/02/01,0,172000,-184000,-12000
2016/02/02,0,31000,-319000,-288000
2016/02/03,0,250000,-414086,-164086
2016/02/04,0,0,0,0
2016/02/05,0,0,0,0
2016/02/08,0,0,0,0
2016/02/09,0,0,0,0
2016/02/10,0,0,0,0
2016/02/11,0,0,0,0
2016/02/12,0,0,0,0
2016/02/15,0,219000,-68000,151000
2016/02/16,0,1260000,-384000,876000
2016/02/17,0,806000,-531000,275000
2016/02/18,0,30000,-392000,-362000
2016/02/19,0,0,-188000,-188000
2016/02/22,0,75000,-18000,57000
2016/02/23,0,0,-107000,-107000
2016/02/24,0,2000,-254000,-252000
2016/02/25,0,52000,-287000,-235000
2016/02/26,0,98000,-69000,29000
2016/02/29,0,0,0,0
2016/03/01,0,743000,-96000,647000
2016/03/02,0,19000,-701000,-682000
2016/03/03,0,0,-105000,-105000
2016/03/04,0,1001000,-22000,979000
2016/03/07,0,586000,-1108000,-522000
2016/03/08,0,117000,-224000,-107000
2016/03/09,0,517000,-145000,372000
2016/03/10,0,213000,-466000,-253000
2016/03/11,0,326000,-334000,-8000
2016/03/14,0,32000,-100000,-68000
2016/03/15,0,772000,-81000,691000
2016/03/16,0,450000,-720000,-270000
2016/03/17,0,137000,-309000,-172000
2016/03/18,0,106000,-213000,-107000
2016/03/21,0,136000,-51000,85000
2016/03/22,0,63000,-124000,-61000
2016/03/23,0,4000,-148000,-144000
2016/03/24,0,486000,-33000,453000
2016/03/25,0,2564000,-189000,2375000
2016/03/28,0,135000,-779000,-644000
2016/03/29,0,128000,-1004000,-876000
2016/03/30,0,37000,-409000,-372000
2016/03/31,0,31000,-99000,-68000
2016/04/01,0,212000,-235000,-23000
2016/04/04,0,0,0,0
2016/04/05,0,0,0,0
2016/04/06,0,31000,-217000,-186000
2016/04/07,0,44000,-112000,-68000
2016/04/08,0,122000,-36000,86000
2016/04/11,0,0,-78000,-78000
2016/04/12,0,470000,-57000,413000
2016/04/13,0,460000,-467000,-7000
2016/04/14,0,760000,-331000,429000
2016/04/15,0,65000,-25000,40000
2016/04/18,0,20000,-78000,-58000
2016/04/19,0,6000,-57000,-51000
2016/04/20,0,18000,-352000,-334000
2016/04/21,0,329000,-101000,228000
2016/04/22,0,50000,-320300,-270300
2016/04/25,0,93000,-89000,4000
2016/04/26,0,223000,-64000,159000
2016/04/27,0,43000,-258000,-215000
2016/04/28,0,28000,-131000,-103000
2016/04/29,0,10000,-127000,-117000
2016/05/02,0,0,0,0
2016/05/03,0,9000,-10000,-1000
2016/05/04,0,54000,-549000,-495000
2016/05/05,0,85000,-62000,23000
2016/05/06,0,22000,-13000,9000
2016/05/09,0,65000,-51000,14000
2016/05/10,0,582000,-107000,475000
2016/05/11,0,13000,-242000,-229000
2016/05/12,0,54000,-202000,-148000
2016/05/13,0,273000,-216000,57000
2016/05/16,0,15000,-119000,-104000
2016/05/17,0,625000,-38000,587000
2016/05/18,0,298000,-354000,-56000
2016/05/19,0,3000,-125000,-122000
2016/05/20,0,206000,-98000,108000
2016/05/23,0,333000,-171000,162000
2016/05/24,0,16000,-243000,-227000
2016/05/25,0,112000,-29000,83000
2016/05/26,0,149000,-128000,21000
2016/05/27,0,2479000,-115000,2364000
2016/05/30,0,823000,-635000,188000
2016/05/31,0,293000,-140000,153000
2016/06/01,0,1125000,-653000,472000
2016/06/02,0,52000,-993000,-941000
2016/06/03,0,2252000,-839000,1413000
2016/06/06,0,180953,-445000,-264047
2016/06/07,0,3383000,-1798000,1585000
2016/06/08,0,524000,-2242000,-1718000
2016/06/09,0,0,0,0
2016/06/10,0,0,0,0
2016/06/13,0,786000,-875000,-89000
2016/06/14,0,6802000,-1051000,5751000
2016/06/15,0,927000,-5769000,-4842000
2016/06/16,0,3448000,-2720000,728000
2016/06/17,0,514000,-1615000,-1101000
2016/06/20,0,1234000,-953000,281000
2016/06/21,0,82000,-1443000,-1361000
2016/06/22,0,1677000,-92000,1585000
2016/06/23,0,131000,-1099000,-968000
2016/06/24,0,494000,-1989000,-1495000
2016/06/27,0,2392000,-619000,1773000
2016/06/28,0,458000,-1282000,-824000
2016/06/29,0,473000,-447000,26000
2016/06/30,0,1205000,-232000,973000
2016/07/01,0,462000,-810000,-348000
2016/07/04,0,1284000,-243000,1041000
2016/07/05,0,9459000,-1232000,8227000
2016/07/06,0,1356000,-6933000,-5577000
2016/07/07,0,2367000,-819000,1548000
2016/07/08,0,0,0,0
2016/07/11,0,847000,-1535000,-688000
2016/07/12,0,258000,-625000,-367000
2016/07/13,0,10963000,-332000,10631000
2016/07/14,0,246000,-7260000,-7014000
2016/07/15,0,3663000,-2236000,1427000
2016/07/18,0,77000,-1582000,-1505000
2016/07/19,0,1464000,-333000,1131000
2016/07/20,0,163000,-1507000,-1344000
2016/07/21,0,433000,-73000,360000
2016/07/22,0,9346000,-727000,8619000
2016/07/25,0,279000,-4773000,-4494000
2016/07/26,0,536000,-579000,-43000
2016/07/27,0,119000,-2784000,-2665000
2016/07/28,0,147000,-659000,-512000
2016/07/29,0,47000,-779000,-732000
2016/08/01,0,2000,-346000,-344000
2016/08/02,0,1388000,-147000,1241000
2016/08/03,0,1421000,-922000,499000
2016/08/04,0,34000,-1921000,-1887000
2016/08/05,0,821000,-188000,633000
2016/08/08,0,55000,-647000,-592000
2016/08/09,0,2205000,-67000,2138000
2016/08/10,0,0,-934000,-934000
2016/08/11,0,16000,-635000,-619000
2016/08/12,0,400000,-9731000,-9331000
2016/08/15,0,1708999,-214000,1494999
2016/08/16,0,356000,-274000,82000
2016/08/17,0,94000,-593000,-499000
2016/08/18,0,41000,-222000,-181000
2016/08/19,0,46000,-12000,34000
2016/08/22,0,225000,-19000,206000
2016/08/23,0,288000,-27000,261000
2016/08/24,0,71000,-211000,-140000
2016/08/25,0,98000,-102000,-4000
2016/08/26,0,616000,-90000,526000
2016/08/29,0,39000,-552000,-513000
2016/08/30,0,929001,-344000,585001
2016/08/31,0,26000,-1307000,-1281000
2016/09/01,0,207000,-166000,41000
2016/09/02,0,6535000,-161000,6374000
2016/09/05,0,192000,-4369000,-4177000
2016/09/06,0,794000,-311000,483000
2016/09/07,0,297000,-454000,-157000
2016/09/08,0,188000,-1010000,-822000
2016/09/09,0,1833000,-84000,1749000
2016/09/12,0,176000,-112000,64000
2016/09/13,0,44000,-760000,-716000
2016/09/14,0,127000,-11000,116000
2016/09/15,0,0,0,0
2016/09/16,0,0,0,0
2016/09/19,0,459000,-157000,302000
2016/09/20,0,82000,-789000,-707000
2016/09/21,0,68000,-86000,-18000
2016/09/22,0,90000,-208000,-118000
2016/09/23,0,109000,-57000,52000
2016/09/26,0,12000,-97000,-85000
2016/09/27,0,0,0,0
2016/09/28,0,0,0,0
2016/09/29,0,1491000,-131000,1360000
2016/09/30,0,21000,-844000,-823000
2016/10/03,0,114000,-361000,-247000
2016/10/04,0,714000,-106000,608000
2016/10/05,0,35000,-510000,-475000
2016/10/06,0,73000,-53000,20000
2016/10/07,0,107000,-340000,-233000
2016/10/10,0,0,0,0
2016/10/11,0,174000,-324000,-150000
2016/10/12,0,161000,-159000,2000
2016/10/13,0,94000,-214000,-120000
2016/10/14,0,139000,-78000,61000
2016/10/17,0,175000,-110000,65000
2016/10/18,0,66000,-89000,-23000
2016/10/19,0,317000,-228000,89000
2016/10/20,0,95000,-105000,-10000
2016/10/21,0,16000,-154000,-138000
2016/10/24,0,1000,0,1000
2016/10/25,0,1000,-129000,-128000
2016/10/26,0,24000,0,24000
2016/10/27,0,316000,-102000,214000
2016/10/28,0,9000,-253000,-244000
2016/10/31,0,407000,-151000,256000
2016/11/01,0,1000,-122000,-121000
2016/11/02,0,4000,-241000,-237000
2016/11/03,0,39000,-257000,-218000
2016/11/04,0,18000,-132000,-114000
2016/11/07,0,633000,-265000,368000
2016/11/08,0,8000,-625000,-617000
2016/11/09,0,61000,-610000,-549000
2016/11/10,0,354000,-38000,316000
2016/11/11,0,129000,-207000,-78000
2016/11/14,0,35000,-730000,-695000
2016/11/15,0,699000,-72000,627000
2016/11/16,0,731000,-197000,534000
2016/11/17,0,21000,-346000,-325000
2016/11/18,0,2000,-384032,-382032
2016/11/21,0,448000,-16000,432000
2016/11/22,0,129000,-295000,-166000
2016/11/23,0,12000,-101000,-89000
2016/11/24,0,27000,-11000,16000
2016/11/25,0,118000,-33000,85000
2016/11/28,0,728000,-207948,520052
2016/11/29,0,73000,-461000,-388000
2016/11/30,0,0,-139000,-139000
2016/12/01,0,265000,-85000,180000
2016/12/02,0,12000,-189000,-177000
2016/12/05,0,66000,-87000,-21000
2016/12/06,0,49000,-100000,-51000
2016/12/07,0,17000,-31000,-14000
2016/12/08,0,79000,-17000,62000
2016/12/09,0,79000,-98014,-19014
2016/12/12,0,37000,-87000,-50000
2016/12/13,0,0,-10000,-10000
2016/12/14,0,0,-12000,-12000
2016/12/15,0,39000,-20000,19000
2016/12/16,0,24000,-14000,10000
2016/12/19,0,78000,-71000,7000
2016/12/20,0,88000,-128000,-40000
2016/12/21,0,267000,-180600,86400
2016/12/22,0,67000,-163000,-96000
2016/12/23,0,62000,-82000,-20000
2016/12/26,0,0,-50000,-50000
2016/12/27,0,28000,-18000,10000
2016/12/28,0,0,-26000,-26000
2016/12/29,0,32000,0,32000
2016/12/30,0,3000,-11000,-8000
2017/01/02,0,0,0,0
2017/01/03,0,86000,-123000,-37000
2017/01/04,0,11000,-91000,-80000
2017/01/05,0,199000,-90000,109000
2017/01/06,0,40000,-170000,-130000
2017/01/09,0,19000,-77000,-58000
2017/01/10,0,69000,-11000,58000
2017/01/11,0,19000,-36000,-17000
2017/01/12,0,17000,-7000,10000
2017/01/13,0,5000,-48000,-43000
2017/01/16,0,0,0,0
2017/01/17,0,2171000,-97000,2074000
2017/01/18,0,20000,-1002000,-982000
2017/01/19,0,12000,-666000,-654000
2017/01/20,0,361000,-72000,289000
2017/01/23,0,4000,-167000,-163000
2017/01/24,0,38000,-4000,34000
2017/01/25,0,0,0,0
2017/01/26,0,0,0,0
2017/01/27,0,0,0,0
2017/01/30,0,0,0,0
2017/01/31,0,0,0,0
2017/02/01,0,0,0,0
2017/02/02,0,89000,-13000,76000
2017/02/03,0,28000,-55000,-27000
2017/02/06,0,590000,-45000,545000
2017/02/07,0,969000,-181000,788000
2017/02/08,0,1224000,-580000,644000
2017/02/09,0,725000,-31000,694000
2017/02/10,0,267000,-1361000,-1094000
2017/02/13,0,2000,-146000,-144000
2017/02/14,0,4453000,-87000,4366000
2017/02/15,0,131000,-2053000,-1922000
2017/02/16,0,144000,-792000,-648000
2017/02/17,0,125000,-1082000,-957000
2017/02/20,0,21000,-490000,-469000
2017/02/21,0,31000,-98000,-67000
2017/02/22,0,6000,-50000,-44000
2017/02/23,0,57000,-4000,53000
2017/02/24,0,250000,-251000,-1000
2017/02/27,0,0,0,0
2017/02/28,0,0,0,0
2017/03/01,0,24000,-174000,-150000
2017/03/02,0,0,-94000,-94000
2017/03/03,0,7000,-148000,-141000
2017/03/06,0,520000,-83000,437000
2017/03/07,0,60000,-240000,-180000
2017/03/08,0,524000,-108000,416000
2017/03/09,0,634000,-225000,409000
2017/03/10,0,250000,-339000,-89000
2017/03/13,0,170000,-278000,-108000
2017/03/14,0,137000,-1262000,-1125000
2017/03/15,0,1023000,-257000,766000
2017/03/16,0,126000,-721000,-595000
2017/03/17,0,415000,-144000,271000
2017/03/20,0,0,-65000,-65000
2017/03/21,0,255000,-4000,251000
2017/03/22,0,38000,-174000,-136000
2017/03/23,0,0,-44000,-44000
2017/03/24,0,0,-53000,-53000
2017/03/27,0,242000,-13000,229000
2017/03/28,0,95000,-233000,-138000
2017/03/29,0,131000,-31000,100000
2017/03/30,0,0,-23000,-23000
2017/03/31,0,2000,-2000,0
2017/04/03,0,0,0,0
2017/04/04,0,0,0,0
2017/04/05,0,5000,-30000,-25000
2017/04/06,0,223000,-46000,177000
2017/04/07,0,49000,-399890,-350890
2017/04/10,0,44000,0,44000
2017/04/11,0,0,-121000,-121000
2017/04/12,0,105000,-39000,66000
2017/04/13,0,308000,-6000,302000
2017/04/14,0,1000,-249000,-248000
2017/04/17,0,13000,-79000,-66000
2017/04/18,0,3000,-29000,-26000
2017/04/19,0,91000,-80000,11000
2017/04/20,0,22000,-80000,-58000
2017/04/21,0,81000,-14000,67000
2017/04/24,0,103000,-374000,-271000
2017/04/25,0,21000,-150000,-129000
2017/04/26,0,335000,-116000,219000
2017/04/27,0,38000,-207000,-169000
2017/04/28,0,0,-162000,-162000
2017/05/01,0,0,0,0
2017/05/02,0,151000,-207000,-56000
2017/05/03,0,0,-146000,-146000
2017/05/04,0,0,-6000,-6000
2017/05/05,0,35000,0,35000
2017/05/08,0,4000,-20000,-16000
2017/05/09,0,58000,-20660,37340
2017/05/10,0,9000,-100000,-91000
2017/05/11,0,21000,-9000,12000
2017/05/12,0,1219000,-68000,1151000
2017/05/15,0,21000,-1042000,-1021000
2017/05/16,0,905000,-14000,891000
2017/05/17,0,199995,-68000,131995
2017/05/18,0,3793000,-71916,3721084
2017/05/19,0,1830000,-1865000,-35000
2017/05/22,0,103000,-435000,-332000
2017/05/23,0,108000,-265000,-157000
2017/05/24,0,29000,-119000,-90000
2017/05/25,0,471000,-19000,452000
2017/05/26,0,2594000,-248000,2346000
2017/05/29,0,0,0,0
2017/05/30,0,0,0,0
2017/05/31,0,174990,-951000,-776010
2017/06/01,0,341000,-36000,305000
2017/06/02,0,890000,-194000,696000
2017/06/05,0,946000,-73000,873000
2017/06/06,0,93000,-442010,-349010
2017/06/07,0,636000,-95000,541000
2017/06/08,0,3000,-120000,-117000
2017/06/09,0,61000,-109000,-48000
2017/06/12,0,0,-55000,-55000
2017/06/13,0,71000,-189000,-118000
2017/06/14,0,8000,-640000,-632000
2017/06/15,0,1000,-114000,-113000
2017/06/16,0,12000,-12000,0
2017/06/19,0,72000,-52000,20000
2017/06/20,0,112000,-12000,100000
2017/06/21,0,317000,-730000,-413000
2017/06/22,0,554000,-323000,231000
2017/06/23,0,55000,-99000,-44000
2017/06/26,0,308000,-1000,307000
2017/06/27,0,337000,-58000,279000
2017/06/28,0,136000,-130000,6000
2017/06/29,0,81000,-6000,75000
2017/06/30,0,83000,-38000,45000
2017/07/03,0,89000,-31000,58000
2017/07/04,0,67000,-111000,-44000
2017/07/05,0,470000,-1899000,-1429000
2017/07/06,0,0,-76000,-76000
2017/07/07,0,3000,-382000,-379000
2017/07/10,0,149000,-62000,87000
2017/07/11,0,721000,-456000,265000
2017/07/12,0,1353000,-982000,371000
2017/07/13,0,571000,-1545000,-974000
2017/07/14,0,9000,-479000,-470000
2017/07/17,0,26000,-46000,-20000
2017/07/18,0,622000,-89000,533000
2017/07/19,0,141000,-1676000,-1535000
2017/07/20,0,105000,-179000,-74000
2017/07/21,0,349000,-102000,247000
2017/07/24,0,10000,-488000,-478000
2017/07/25,0,135000,-177000,-42000
2017/07/26,0,28000,-445000,-417000
2017/07/27,0,1272000,-76000,1196000
2017/07/28,0,30000,-702000,-672000
2017/07/31,0,871000,-342000,529000
2017/08/01,0,586000,-319000,267000
2017/08/02,0,1000,-385000,-384000
2017/08/03,0,360000,-45000,315000
2017/08/04,0,109000,-331000,-222000
2017/08/07,0,75000,-314000,-239000
2017/08/08,0,147000,-137000,10000
2017/08/09,0,207000,-491000,-284000
2017/08/10,0,222000,-895000,-673000
2017/08/11,0,987000,-191000,796000
2017/08/14,0,392000,-461000,-69000
2017/08/15,0,935000,-103000,832000
2017/08/16,0,108000,-195000,-87000
2017/08/17,0,3000,-33000,-30000
2017/08/18,0,8000,-27000,-19000
