Date,Open,Buy,Sell,Total
2007/01/02,0,4462000,-1197000,3265000
2007/01/03,0,3791000,-1480000,2311000
2007/01/04,0,5790000,-2357040,3432960
2007/01/05,0,3118000,-1787000,1331000
2007/01/08,0,5671000,-2453297,3217703
2007/01/09,0,5270000,-6764501,-1494501
2007/01/10,0,8301000,-5355000,2946000
2007/01/11,0,6710000,-7626200,-916200
2007/01/12,0,5967000,-3047000,2920000
2007/01/15,0,3729000,-4119955,-390955
2007/01/16,0,5062000,-20692618,-15630618
2007/01/17,0,12424000,-22961190,-10537190
2007/01/18,0,6208000,-9880000,-3672000
2007/01/19,0,5050000,-8889000,-3839000
2007/01/22,0,7216000,-12607932,-5391932
2007/01/23,0,2149000,-3050720,-901720
2007/01/24,0,17412000,-6214000,11198000
2007/01/25,0,11276800,-1812040,9464760
2007/01/26,0,1160000,-6249910,-5089910
2007/01/29,0,3327000,-1650100,1676900
2007/01/30,0,2775183,-1648000,1127183
2007/01/31,0,3894000,-2861640,1032360
2007/02/01,0,467000,-1096000,-629000
2007/02/02,0,904000,-792000,112000
2007/02/05,0,3203000,-7295000,-4092000
2007/02/06,0,2958000,-5925590,-2967590
2007/02/07,0,3022000,-4519440,-1497440
2007/02/08,0,2505500,-1276607,1228893
2007/02/09,0,2593000,-2216000,377000
2007/02/12,0,2957000,-4785117,-1828117
2007/02/13,0,7290900,-8336230,-1045330
2007/02/14,0,3461500,-6054661,-2593161
2007/02/15,0,0,0,0
2007/02/16,0,0,0,0
2007/02/19,0,0,0,0
2007/02/20,0,0,0,0
2007/02/21,0,0,0,0
2007/02/22,0,0,0,0
2007/02/23,0,0,0,0
2007/02/26,0,12103000,-6524839,5578161
2007/02/27,0,15585997,-11119335,4466662
2007/02/28,0,0,0,0
2007/03/01,0,7270000,-9664500,-2394500
2007/03/02,0,2886000,-3205000,-319000
2007/03/05,0,7079000,-7068000,11000
2007/03/06,0,5686000,-6856000,-1170000
2007/03/07,0,4938000,-5327098,-389098
2007/03/08,0,3673573,-3548720,124853
2007/03/09,0,1912000,-1939796,-27796
2007/03/12,0,8437000,-9158003,-721003
2007/03/13,0,7852197,-1980000,5872197
2007/03/14,0,4908000,-4879840,28160
2007/03/15,0,4892000,-1889000,3003000
2007/03/16,0,2671000,-2143855,527145
2007/03/19,0,741000,-358863,382137
2007/03/20,0,4624000,-1869933,2754067
2007/03/21,0,8517000,-3135000,5382000
2007/03/22,0,11833000,-1874000,9959000
2007/03/23,0,16148000,-1235330,14912670
2007/03/26,0,1747000,-2913459,-1166459
2007/03/27,0,1716000,-2600000,-884000
2007/03/28,0,3025000,-1885340,1139660
2007/03/29,0,7717000,-8815600,-1098600
2007/03/30,0,3092000,-4745702,-1653702
2007/04/02,0,3069000,-672315,2396685
2007/04/03,0,1987000,-3138000,-1151000
2007/04/04,0,6714000,-1330060,5383940
2007/04/05,0,0,0,0
2007/04/06,0,0,0,0
2007/04/09,0,4162000,-2818000,1344000
2007/04/10,0,2272000,-1364000,908000
2007/04/11,0,3714000,-6372237,-2658237
2007/04/12,0,1177000,-4455000,-3278000
2007/04/13,0,2176000,-2062000,114000
2007/04/16,0,2017000,-3423660,-1406660
2007/04/17,0,2855000,-4050094,-1195094
2007/04/18,0,2471000,-2596000,-125000
2007/04/19,0,3563000,-4789000,-1226000
2007/04/20,0,4866000,-4322000,544000
2007/04/23,0,4276000,-6135000,-1859000
2007/04/24,0,2701000,-1373000,1328000
2007/04/25,0,5853000,-2959340,2893660
2007/04/26,0,4227000,-3204420,1022580
2007/04/27,0,4398990,-5609000,-1210010
2007/04/30,0,1508000,-5650340,-4142340
2007/05/01,0,0,0,0
2007/05/02,0,2149000,-5866240,-3717240
2007/05/03,0,1519000,-4739641,-3220641
2007/05/04,0,4057000,-4592975,-535975
2007/05/07,0,2479000,-3069216,-590216
2007/05/08,0,1271595,-5830606,-4559011
2007/05/09,0,1511000,-3944000,-2433000
2007/05/10,0,2070000,-3497000,-1427000
2007/05/11,0,386000,-1858606,-1472606
2007/05/14,0,1326000,-2850000,-1524000
2007/05/15,0,4286000,-4710200,-424200
2007/05/16,0,690000,-1445000,-755000
2007/05/17,0,1817000,-2875000,-1058000
2007/05/18,0,1414000,-1639111,-225111
2007/05/21,0,2770000,-2798000,-28000
2007/05/22,0,1708000,-102000,1606000
2007/05/23,0,4338000,-1311000,3027000
2007/05/24,0,2079000,-422000,1657000
2007/05/25,0,1778000,-4502000,-2724000
2007/05/28,0,1345000,-885000,460000
2007/05/29,0,4328000,-1612000,2716000
2007/05/30,0,3043000,-8087350,-5044350
2007/05/31,0,3084000,-9791340,-6707340
2007/06/01,0,2516200,-8713153,-6196953
2007/06/04,0,830000,-1522000,-692000
2007/06/05,0,1879000,-2787135,-908135
2007/06/06,0,1251000,-8427000,-7176000
2007/06/07,0,4277000,-8674821,-4397821
2007/06/08,0,1584000,-2066040,-482040
2007/06/11,0,263000,-580000,-317000
2007/06/12,0,2711000,-7855000,-5144000
2007/06/13,0,2542885,-6372990,-3830105
2007/06/14,0,5546000,-909108,4636892
2007/06/15,0,4612200,-3898641,713559
2007/06/18,0,0,0,0
2007/06/19,0,0,0,0
2007/06/20,0,16161000,-1035340,15125660
2007/06/21,0,11933200,-3225080,8708120
2007/06/22,0,4351000,-2265092,2085908
2007/06/25,0,6015000,-1119000,4896000
2007/06/26,0,7489000,-4726544,2762456
2007/06/27,0,5790000,-1934194,3855806
2007/06/28,0,8261000,-1758080,6502920
2007/06/29,0,10237000,-9107340,1129660
2007/07/02,0,2570000,-1022000,1548000
2007/07/03,0,10892000,-5236074,5655926
2007/07/04,0,8903000,-1654797,7248203
2007/07/05,0,6109000,-710340,5398660
2007/07/06,0,3000000,-1108000,1892000
2007/07/09,0,21277500,-10026587,11250913
2007/07/10,0,4973000,-5164000,-191000
2007/07/11,0,4695000,-7928900,-3233900
2007/07/12,0,10071000,-11976674,-1905674
2007/07/13,0,2156000,-1285020,870980
2007/07/16,0,3033000,-2582000,451000
2007/07/17,0,7986000,-2624700,5361300
2007/07/18,0,2817000,-3700380,-883380
2007/07/19,0,1821000,-2311000,-490000
2007/07/20,0,8081000,-2310060,5770940
2007/07/23,0,11030000,-2727000,8303000
2007/07/24,0,8501500,-1116175,7385325
2007/07/25,0,4242000,-8450000,-4208000
2007/07/26,0,7456000,-689980,6766020
2007/07/27,0,12839000,-10978000,1861000
2007/07/30,0,4732000,-9585676,-4853676
2007/07/31,0,9490000,-3835035,5654965
2007/08/01,0,2553000,-10589600,-8036600
2007/08/02,0,3661000,-6169120,-2508120
2007/08/03,0,4790000,-3865000,925000
2007/08/06,0,2859000,-7017000,-4158000
2007/08/07,0,4039000,-2714422,1324578
2007/08/08,0,2826000,-1858410,967590
2007/08/09,0,3691000,-1090000,2601000
2007/08/10,0,950000,-6817822,-5867822
2007/08/13,0,2370000,-640060,1729940
2007/08/14,0,3060000,-626584,2433416
2007/08/15,0,3536250,-6870000,-3333750
2007/08/16,0,3004000,-12944005,-9940005
2007/08/17,0,3416000,-6041000,-2625000
2007/08/20,0,4029000,-1594320,2434680
2007/08/21,0,3111000,-2662000,449000
2007/08/22,0,6507000,-4597728,1909272
2007/08/23,0,9833000,-1490955,8342045
2007/08/24,0,1180000,-695000,485000
2007/08/27,0,843000,-1533155,-690155
2007/08/28,0,1288000,-24383942,-23095942
2007/08/29,0,9569659,-44536488,-34966829
2007/08/30,0,17195200,-26571000,-9375800
2007/08/31,0,6057180,-4758070,1299110
2007/09/03,0,2019800,-4543885,-2524085
2007/09/04,0,4546000,-9575700,-5029700
2007/09/05,0,23664000,-17945800,5718200
2007/09/06,0,9690000,-3891000,5799000
2007/09/07,0,8869000,-2447840,6421160
2007/09/10,0,3338000,-5453523,-2115523
2007/09/11,0,2544895,-3187222,-642327
2007/09/12,0,7619500,-13021332,-5401832
2007/09/13,0,4493000,-4239868,253132
2007/09/14,0,10435000,-17130930,-6695930
2007/09/17,0,4006000,-18469960,-14463960
2007/09/18,0,0,0,0
2007/09/19,0,7921000,-7292405,628595
2007/09/20,0,7915500,-7691169,224331
2007/09/21,0,3345000,-5474565,-2129565
2007/09/24,0,0,0,0
2007/09/25,0,0,0,0
2007/09/26,0,2641000,-5993399,-3352399
2007/09/27,0,3467000,-6678133,-3211133
2007/09/28,0,4829000,-3528630,1300370
2007/10/01,0,896000,-6679258,-5783258
2007/10/02,0,15329000,-2984917,12344083
2007/10/03,0,11322000,-3308899,8013101
2007/10/04,0,13642000,-4430000,9212000
2007/10/05,0,6130000,-4378170,1751830
2007/10/08,0,5429000,-4674368,754632
2007/10/09,0,2703000,-2374980,328020
2007/10/10,0,0,0,0
2007/10/11,0,6955000,-7142813,-187813
2007/10/12,0,1501000,-6234000,-4733000
2007/10/15,0,3566000,-4496922,-930922
2007/10/16,0,5716000,-1693371,4022629
2007/10/17,0,16742000,-7456146,9285854
2007/10/18,0,29081100,-16817066,12264034
2007/10/19,0,24754000,-977313,23776687
2007/10/22,0,6130000,-4978270,1151730
2007/10/23,0,15056000,-1585875,13470125
2007/10/24,0,20364000,-3939535,16424465
2007/10/25,0,8371144,-1722095,6649049
2007/10/26,0,20773000,-7433000,13340000
2007/10/29,0,25662175,-5933541,19728634
2007/10/30,0,4963000,-5059460,-96460
2007/10/31,0,2780000,-3617388,-837388
2007/11/01,0,7037000,-4149409,2887591
2007/11/02,0,11272000,-18992355,-7720355
2007/11/05,0,3705000,-8181840,-4476840
2007/11/06,0,951000,-5071600,-4120600
2007/11/07,0,14018000,-7838000,6180000
2007/11/08,0,4768000,-6314330,-1546330
2007/11/09,0,6621000,-10074280,-3453280
2007/11/12,0,2531000,-16953590,-14422590
2007/11/13,0,6358000,-13345317,-6987317
2007/11/14,0,12091000,-8692429,3398571
2007/11/15,0,3805125,-5472000,-1666875
2007/11/16,0,2109000,-6093455,-3984455
2007/11/19,0,1833000,-2773760,-940760
2007/11/20,0,10853000,-32069596,-21216596
2007/11/21,0,7569000,-8855976,-1286976
2007/11/22,0,3576000,-8748000,-5172000
2007/11/23,0,2502000,-3097855,-595855
2007/11/26,0,4751000,-3155140,1595860
2007/11/27,0,5911000,-5669000,242000
2007/11/28,0,7509000,-6972200,536800
2007/11/29,0,4789000,-1672200,3116800
2007/11/30,0,16001875,-9441633,6560242
2007/12/03,0,1024000,-3846210,-2822210
2007/12/04,0,2260000,-3024000,-764000
2007/12/05,0,2397000,-2739000,-342000
2007/12/06,0,10305000,-8715851,1589149
2007/12/07,0,10022046,-10890035,-867989
2007/12/10,0,5800000,-12779066,-6979066
2007/12/11,0,10779500,-7557625,3221875
2007/12/12,0,5269000,-6123000,-854000
2007/12/13,0,10968000,-18111115,-7143115
2007/12/14,0,7834000,-12212708,-4378708
2007/12/17,0,6623000,-10673896,-4050896
2007/12/18,0,4406000,-9664752,-5258752
2007/12/19,0,5018500,-3579930,1438570
2007/12/20,0,2397850,-3363534,-965684
2007/12/21,0,2821000,-6327731,-3506731
2007/12/24,0,4795000,-480000,4315000
2007/12/25,0,1917000,-448000,1469000
2007/12/26,0,721000,-194450,526550
2007/12/27,0,1461000,-1025000,436000
2007/12/28,0,2529050,-1637000,892050
2007/12/31,0,3344000,-2505203,838797
2008/01/01,0,0,0,0
2008/01/02,0,1043000,-2373105,-1330105
2008/01/03,0,1732515,-7591865,-5859350
2008/01/04,0,10647000,-15184510,-4537510
2008/01/07,0,4395000,-17758057,-13363057
2008/01/08,0,2730000,-10347870,-7617870
2008/01/09,0,8611000,-16615397,-8004397
2008/01/10,0,5801000,-10726000,-4925000
2008/01/11,0,1554000,-6729000,-5175000
2008/01/14,0,6159000,-6947654,-788654
2008/01/15,0,6457000,-10695810,-4238810
2008/01/16,0,2542000,-9818282,-7276282
2008/01/17,0,2893000,-9102000,-6209000
2008/01/18,0,5142770,-7846912,-2704142
2008/01/21,0,115000,-2712902,-2597902
2008/01/22,0,1113000,-7983514,-6870514
2008/01/23,0,4321000,-5323000,-1002000
2008/01/24,0,3325000,-1168000,2157000
2008/01/25,0,5449000,-9967929,-4518929
2008/01/28,0,1984240,-4739000,-2754760
2008/01/29,0,2387000,-6289614,-3902614
2008/01/30,0,2679024,-9670770,-6991746
2008/01/31,0,5800200,-8418009,-2617809
2008/02/01,0,8455000,-9163841,-708841
2008/02/04,0,0,0,0
2008/02/05,0,0,0,0
2008/02/06,0,0,0,0
2008/02/07,0,0,0,0
2008/02/08,0,0,0,0
2008/02/11,0,0,0,0
2008/02/12,0,5766000,-14323191,-8557191
2008/02/13,0,4890200,-5268045,-377845
2008/02/14,0,8428000,-3504020,4923980
2008/02/15,0,8616985,-6819400,1797585
2008/02/18,0,16587000,-11264435,5322565
2008/02/19,0,10228000,-4681919,5546081
2008/02/20,0,7901000,-6752458,1148542
2008/02/21,0,7322184,-5734695,1587489
2008/02/22,0,6846000,-8361311,-1515311
2008/02/25,0,3462000,-3006000,456000
2008/02/26,0,2717000,-2046000,671000
2008/02/27,0,21952000,-9514000,12438000
2008/02/28,0,0,0,0
2008/02/29,0,2073487,-6629000,-4555513
2008/03/03,0,3324000,-3821000,-497000
2008/03/04,0,4377000,-4108990,268010
2008/03/05,0,3553000,-9480000,-5927000
2008/03/06,0,5564000,-2523700,3040300
2008/03/07,0,6225000,-7441000,-1216000
2008/03/10,0,5601100,-15813750,-10212650
2008/03/11,0,2452000,-5892000,-3440000
2008/03/12,0,9935632,-5337900,4597732
2008/03/13,0,2779000,-11614000,-8835000
2008/03/14,0,2860000,-3960003,-1100003
2008/03/17,0,9338000,-14582050,-5244050
2008/03/18,0,8045000,-11562821,-3517821
2008/03/19,0,16211254,-30722215,-14510961
2008/03/20,0,4517000,-7072800,-2555800
2008/03/21,0,3684000,-4385695,-701695
2008/03/24,0,15262000,-14136900,1125100
2008/03/25,0,17751745,-11052800,6698945
2008/03/26,0,4233000,-4426700,-193700
2008/03/27,0,6548065,-12928476,-6380411
2008/03/28,0,6141065,-16568774,-10427709
2008/03/31,0,2745630,-6560908,-3815278
2008/04/01,0,3875075,-6527000,-2651925
2008/04/02,0,18170000,-18866977,-696977
2008/04/03,0,4647098,-13644700,-8997602
2008/04/04,0,0,0,0
2008/04/07,0,3887000,-9145000,-5258000
2008/04/08,0,9786000,-13663930,-3877930
2008/04/09,0,9454000,-13926000,-4472000
2008/04/10,0,15847000,-27679305,-11832305
2008/04/11,0,20181902,-15140987,5040915
2008/04/14,0,9823613,-8719700,1103913
2008/04/15,0,11267500,-15779000,-4511500
2008/04/16,0,17368000,-10690188,6677812
2008/04/17,0,21563000,-17082525,4480475
2008/04/18,0,10390000,-7345027,3044973
2008/04/21,0,15123306,-13452000,1671306
2008/04/22,0,9258000,-6611515,2646485
2008/04/23,0,12783500,-20088934,-7305434
2008/04/24,0,6536000,-20924500,-14388500
2008/04/25,0,17315000,-13678197,3636803
2008/04/28,0,4257000,-5055600,-798600
2008/04/29,0,5463000,-8339000,-2876000
2008/04/30,0,9522718,-10196000,-673282
2008/05/01,0,0,0,0
2008/05/02,0,17172800,-7193000,9979800
2008/05/05,0,7053000,-4796000,2257000
2008/05/06,0,13392000,-1210090,12181910
2008/05/07,0,5332238,-3995301,1336937
2008/05/08,0,12369000,-10939240,1429760
2008/05/09,0,13190000,-8173000,5017000
2008/05/12,0,3265015,-1294195,1970820
2008/05/13,0,8403700,-1441000,6962700
2008/05/14,0,2765502,-1657105,1108397
2008/05/15,0,4466000,-1189424,3276576
2008/05/16,0,10327000,-3075325,7251675
2008/05/19,0,10210000,-2083000,8127000
2008/05/20,0,5155000,-4101000,1054000
2008/05/21,0,10057758,-14961116,-4903358
2008/05/22,0,9705000,-11619855,-1914855
2008/05/23,0,8013000,-4730000,3283000
2008/05/26,0,1707000,-1606000,101000
2008/05/27,0,4565000,-2572000,1993000
2008/05/28,0,9275000,-4928000,4347000
2008/05/29,0,7746000,-5381221,2364779
2008/05/30,0,10152000,-9958540,193460
2008/06/02,0,5459000,-4061000,1398000
2008/06/03,0,489000,-6719692,-6230692
2008/06/04,0,2011714,-3577000,-1565286
2008/06/05,0,5164500,-6147000,-982500
2008/06/06,0,8718999,-3143000,5575999
2008/06/09,0,1841000,-4462000,-2621000
2008/06/10,0,2595000,-6706247,-4111247
2008/06/11,0,5013000,-3538940,1474060
2008/06/12,0,12835000,-8650000,4185000
2008/06/13,0,10075000,-10412000,-337000
2008/06/16,0,3403000,-4109000,-706000
2008/06/17,0,22273762,-24045210,-1771448
2008/06/18,0,631000,-2263000,-1632000
2008/06/19,0,2400000,-4535000,-2135000
2008/06/20,0,4083677,-5015643,-931966
2008/06/23,0,2778000,-8766500,-5988500
2008/06/24,0,1989000,-2462500,-473500
2008/06/25,0,4518491,-4175535,342956
2008/06/26,0,4942000,-3432000,1510000
2008/06/27,0,2631000,-3319000,-688000
2008/06/30,0,3142000,-4577000,-1435000
2008/07/01,0,5192000,-4171000,1021000
2008/07/02,0,1484200,-5470295,-3986095
2008/07/03,0,4076000,-4486150,-410150
2008/07/04,0,929000,-3150000,-2221000
2008/07/07,0,3811000,-1800000,2011000
2008/07/08,0,3428000,-5353000,-1925000
2008/07/09,0,10127000,-7493269,2633731
2008/07/10,0,3167000,-5646800,-2479800
2008/07/11,0,3457000,-3438326,18674
2008/07/14,0,4087000,-3770393,316607
2008/07/15,0,3732418,-6113945,-2381527
2008/07/16,0,8686000,-3405000,5281000
2008/07/17,0,7803750,-6170301,1633449
2008/07/18,0,4103000,-6620000,-2517000
2008/07/21,0,5049000,-3156865,1892135
2008/07/22,0,3248000,-6628840,-3380840
2008/07/23,0,8850000,-3684893,5165107
2008/07/24,0,7699000,-2660000,5039000
2008/07/25,0,4564578,-2480000,2084578
2008/07/28,0,0,0,0
2008/07/29,0,18126000,-17353410,772590
2008/07/30,0,15333000,-3892711,11440289
2008/07/31,0,16865500,-3189880,13675620
2008/08/01,0,6612000,-2715000,3897000
2008/08/04,0,3084000,-1050000,2034000
2008/08/05,0,4345000,-5241000,-896000
2008/08/06,0,7832000,-3134000,4698000
2008/08/07,0,10853698,-8096000,2757698
2008/08/08,0,10778000,-9880000,898000
2008/08/11,0,14798365,-2375000,12423365
2008/08/12,0,10806000,-4619000,6187000
2008/08/13,0,7198000,-5656000,1542000
2008/08/14,0,8105193,-4977000,3128193
2008/08/15,0,10869040,-10698110,170930
2008/08/18,0,3929000,-4110282,-181282
2008/08/19,0,2900750,-7456364,-4555614
2008/08/20,0,8012000,-6762058,1249942
2008/08/21,0,3220081,-6588422,-3368341
2008/08/22,0,2356000,-3164552,-808552
2008/08/25,0,4060000,-6114702,-2054702
2008/08/26,0,13048000,-12490667,557333
2008/08/27,0,12979500,-8239800,4739700
2008/08/28,0,10815000,-4285283,6529717
2008/08/29,0,16235000,-27961477,-11726477
2008/09/01,0,8616032,-8535085,80947
2008/09/02,0,6610854,-19446646,-12835792
2008/09/03,0,18717000,-18164535,552465
2008/09/04,0,12541045,-7666455,4874590
2008/09/05,0,12156000,-8947000,3209000
2008/09/08,0,14849000,-3689033,11159967
2008/09/09,0,9157000,-7683973,1473027
2008/09/10,0,18218000,-18503045,-285045
2008/09/11,0,7718749,-8062078,-343329
2008/09/12,0,6688000,-13233005,-6545005
2008/09/15,0,3524000,-11689464,-8165464
2008/09/16,0,7909000,-4258319,3650681
2008/09/17,0,15847714,-16250457,-402743
2008/09/18,0,11018000,-12741390,-1723390
2008/09/19,0,12295000,-3589839,8705161
2008/09/22,0,14193000,-6590850,7602150
2008/09/23,0,7394633,-3539190,3855443
2008/09/24,0,3202441,-10226046,-7023605
2008/09/25,0,7628000,-5335048,2292952
2008/09/26,0,6274543,-18244975,-11970432
2008/09/29,0,0,0,0
2008/09/30,0,15429355,-23618765,-8189410
2008/10/01,0,5221759,-14936976,-9715217
2008/10/02,0,9789000,-16010535,-6221535
2008/10/03,0,18568000,-23640342,-5072342
2008/10/06,0,4362505,-15398404,-11035899
2008/10/07,0,5975800,-12159166,-6183366
2008/10/08,0,7457590,-13139848,-5682258
2008/10/09,0,25487000,-37969155,-12482155
2008/10/10,0,0,0,0
2008/10/13,0,10799459,-17722491,-6923032
2008/10/14,0,39852000,-54110922,-14258922
2008/10/15,0,23103929,-24185385,-1081456
2008/10/16,0,2596000,-2541992,54008
2008/10/17,0,9537374,-19935172,-10397798
2008/10/20,0,8066000,-9690095,-1624095
2008/10/21,0,15642000,-20207771,-4565771
2008/10/22,0,7713105,-11393245,-3680140
2008/10/23,0,6143096,-4524486,1618610
2008/10/24,0,1656000,-3699000,-2043000
2008/10/27,0,4396000,-8861022,-4465022
2008/10/28,0,9119790,-20193477,-11073687
2008/10/29,0,13872000,-12658880,1213120
2008/10/30,0,5630000,-8923337,-3293337
2008/10/31,0,11521000,-14590405,-3069405
2008/11/03,0,21898075,-35917800,-14019725
2008/11/04,0,15385000,-13192736,2192264
2008/11/05,0,16306000,-2970000,13336000
2008/11/06,0,9898100,-3693258,6204842
2008/11/07,0,8046000,-5867045,2178955
2008/11/10,0,9425000,-3542500,5882500
2008/11/11,0,8911000,-8021252,889748
2008/11/12,0,8187000,-4300295,3886705
2008/11/13,0,3339000,-4408000,-1069000
2008/11/14,0,2244739,-9783217,-7538478
2008/11/17,0,3991000,-5376739,-1385739
2008/11/18,0,7522000,-9241139,-1719139
2008/11/19,0,8620000,-6301052,2318948
2008/11/20,0,3374000,-11981880,-8607880
2008/11/21,0,3953772,-6387064,-2433292
2008/11/24,0,3469000,-5687495,-2218495
2008/11/25,0,4770000,-3747575,1022425
2008/11/26,0,4412000,-6552394,-2140394
2008/11/27,0,5635500,-11228078,-5592578
2008/11/28,0,3423012,-3369894,53118
2008/12/01,0,6869000,-4222705,2646295
2008/12/02,0,2734000,-8393023,-5659023
2008/12/03,0,5051000,-7019729,-1968729
2008/12/04,0,1831000,-4821257,-2990257
2008/12/05,0,2485636,-9029726,-6544090
2008/12/08,0,7289000,-2363461,4925539
2008/12/09,0,8948000,-8376309,571691
2008/12/10,0,10874169,-7106616,3767553
2008/12/11,0,5961448,-7678501,-1717053
2008/12/12,0,2462000,-7202914,-4740914
2008/12/15,0,7834000,-6001640,1832360
2008/12/16,0,7001000,-7835425,-834425
2008/12/17,0,8955000,-11993000,-3038000
2008/12/18,0,6011000,-8279451,-2268451
2008/12/19,0,2620000,-6583000,-3963000
2008/12/22,0,2133000,-4090317,-1957317
2008/12/23,0,7074271,-6910000,164271
2008/12/24,0,2904655,-5028275,-2123620
2008/12/25,0,281000,-1027000,-746000
2008/12/26,0,996129,-2118129,-1122000
2008/12/29,0,592670,-1537892,-945222
2008/12/30,0,3027000,-2352980,674020
2008/12/31,0,1711000,-4020200,-2309200
2009/01/01,0,0,0,0
2009/01/02,0,0,0,0
2009/01/05,0,3801000,-5248610,-1447610
2009/01/06,0,6379612,-7300700,-921088
2009/01/07,0,16300836,-9631945,6668891
2009/01/08,0,5997000,-10586111,-4589111
2009/01/09,0,6785619,-30626773,-23841154
2009/01/12,0,5268317,-5233000,35317
2009/01/13,0,6080169,-10185000,-4104831
2009/01/14,0,1755000,-8282719,-6527719
2009/01/15,0,3237000,-7786988,-4549988
2009/01/16,0,7282000,-3415000,3867000
2009/01/19,0,6376000,-1848118,4527882
2009/01/20,0,6337000,-6746631,-409631
2009/01/21,0,11217200,-6199684,5017516
2009/01/22,0,0,0,0
2009/01/23,0,0,0,0
2009/01/26,0,0,0,0
2009/01/27,0,0,0,0
2009/01/28,0,0,0,0
2009/01/29,0,0,0,0
2009/01/30,0,0,0,0
2009/02/02,0,10175000,-8833128,1341872
2009/02/03,0,6103944,-7256790,-1152846
2009/02/04,0,6356000,-6264245,91755
2009/02/05,0,3741000,-2792105,948895
2009/02/06,0,9303000,-3257993,6045007
2009/02/09,0,22660000,-1493670,21166330
2009/02/10,0,13753000,-2837238,10915762
2009/02/11,0,9584000,-3122471,6461529
2009/02/12,0,20602000,-11162060,9439940
2009/02/13,0,22233000,-5925000,16308000
2009/02/16,0,6203813,-19257868,-13054055
2009/02/17,0,4878000,-17109200,-12231200
2009/02/18,0,18981000,-15718990,3262010
2009/02/19,0,11744000,-3217592,8526408
2009/02/20,0,4809224,-8328439,-3519215
2009/02/23,0,4063000,-1099105,2963895
2009/02/24,0,6394000,-3191390,3202610
2009/02/25,0,2304000,-2154382,149618
2009/02/26,0,13638910,-5063034,8575876
2009/02/27,0,3789986,-8988707,-5198721
2009/03/02,0,4110000,-9716935,-5606935
2009/03/03,0,4598000,-8122000,-3524000
2009/03/04,0,5408775,-7164820,-1756045
2009/03/05,0,8499000,-2188310,6310690
2009/03/06,0,5918000,-5667955,250045
2009/03/09,0,4522500,-3096000,1426500
2009/03/10,0,5162000,-8801000,-3639000
2009/03/11,0,9176000,-5581210,3594790
2009/03/12,0,5052000,-1387000,3665000
2009/03/13,0,14104000,-1899700,12204300
2009/03/16,0,2589000,-2337500,251500
2009/03/17,0,4487445,-2113520,2373925
2009/03/18,0,8582000,-2101352,6480648
2009/03/19,0,11422000,-2756000,8666000
2009/03/20,0,4917000,-4909212,7788
2009/03/23,0,7001000,-8100000,-1099000
2009/03/24,0,9067091,-8539000,528091
2009/03/25,0,9364000,-8292551,1071449
2009/03/26,0,7955000,-8556725,-601725
2009/03/27,0,8586000,-1723000,6863000
2009/03/30,0,6972000,-2527368,4444632
2009/03/31,0,8783000,-4030888,4752112
2009/04/01,0,8769600,-4352030,4417570
2009/04/02,0,16337000,-3908165,12428835
2009/04/03,0,3198002,-2094641,1103361
2009/04/06,0,11331000,-1625150,9705850
2009/04/07,0,3396000,-3345500,50500
2009/04/08,0,13401000,-6672000,6729000
2009/04/09,0,19944000,-1988767,17955233
2009/04/10,0,14256000,-2177800,12078200
2009/04/13,0,6988000,-7671000,-683000
2009/04/14,0,8954000,-14399996,-5445996
2009/04/15,0,7391000,-5343800,2047200
2009/04/16,0,17999000,-6780000,11219000
2009/04/17,0,16549342,-10624394,5924948
2009/04/20,0,10120000,-4654000,5466000
2009/04/21,0,7445000,-5513972,1931028
2009/04/22,0,21590900,-2661130,18929770
2009/04/23,0,8227000,-3357000,4870000
2009/04/24,0,16126750,-3730195,12396555
2009/04/27,0,8576402,-6916680,1659722
2009/04/28,0,8416000,-2322000,6094000
2009/04/29,0,12606000,-11237407,1368593
2009/04/30,0,30601000,-11430978,19170022
2009/05/01,0,0,0,0
2009/05/04,0,27408000,-13751150,13656850
2009/05/05,0,12029916,-21746240,-9716324
2009/05/06,0,8192000,-12469250,-4277250
2009/05/07,0,6441000,-18483000,-12042000
2009/05/08,0,4726385,-9854035,-5127650
2009/05/11,0,10345263,-16463031,-6117768
2009/05/12,0,12148000,-19630000,-7482000
2009/05/13,0,5748000,-17933000,-12185000
2009/05/14,0,17786000,-18302984,-516984
2009/05/15,0,8426540,-11506000,-3079460
2009/05/18,0,3823649,-3274750,548899
2009/05/19,0,14597355,-2359000,12238355
2009/05/20,0,3963000,-9419450,-5456450
2009/05/21,0,13348000,-7765000,5583000
2009/05/22,0,11125000,-11559500,-434500
2009/05/25,0,3370000,-5903278,-2533278
2009/05/26,0,4896249,-4496150,400099
2009/05/27,0,11314121,-7191941,4122180
2009/05/28,0,0,0,0
2009/05/29,0,0,0,0
2009/06/01,0,8824400,-7140900,1683500
2009/06/02,0,16572000,-6159300,10412700
2009/06/03,0,19808216,-7243688,12564528
2009/06/04,0,3788204,-9195221,-5407017
2009/06/05,0,7682755,-6281700,1401055
2009/06/08,0,8672112,-11171875,-2499763
2009/06/09,0,8329000,-5778000,2551000
2009/06/10,0,4759000,-6170075,-1411075
2009/06/11,0,11332215,-22007500,-10675285
2009/06/12,0,6738412,-6098500,639912
2009/06/15,0,8404000,-3740400,4663600
2009/06/16,0,4101000,-4584835,-483835
2009/06/17,0,1958000,-2892890,-934890
2009/06/18,0,5670000,-6093000,-423000
2009/06/19,0,8457962,-10832090,-2374128
2009/06/22,0,9328000,-12440500,-3112500
2009/06/23,0,8081800,-6776803,1304997
2009/06/24,0,7080000,-3267000,3813000
2009/06/25,0,6349000,-4930000,1419000
2009/06/26,0,7088850,-9529432,-2440582
2009/06/29,0,12552000,-13561250,-1009250
2009/06/30,0,8903000,-10492129,-1589129
2009/07/01,0,4537000,-10807219,-6270219
2009/07/02,0,19196000,-9668817,9527183
2009/07/03,0,10524562,-1945300,8579262
2009/07/06,0,7976000,-2827000,5149000
2009/07/07,0,7806835,-5673262,2133573
2009/07/08,0,3414000,-4296074,-882074
2009/07/09,0,7315109,-9773275,-2458166
2009/07/10,0,20681200,-12907590,7773610
2009/07/13,0,17562000,-8192080,9369920
2009/07/14,0,11504000,-8593041,2910959
2009/07/15,0,21036250,-6123030,14913220
2009/07/16,0,34187700,-7061264,27126436
2009/07/17,0,37394500,-5356801,32037699
2009/07/20,0,7375508,-2803262,4572246
2009/07/21,0,5435255,-11622832,-6187577
2009/07/22,0,6513200,-7394108,-880908
2009/07/23,0,11092806,-8313470,2779336
2009/07/24,0,7794240,-1095950,6698290
2009/07/27,0,12193090,-1480951,10712139
2009/07/28,0,9311000,-1255210,8055790
2009/07/29,0,4825508,-4082365,743143
2009/07/30,0,10694750,-8559006,2135744
2009/07/31,0,4949000,-2717548,2231452
2009/08/03,0,4844000,-6662000,-1818000
2009/08/04,0,6143000,-5539710,603290
2009/08/05,0,8397000,-5885832,2511168
2009/08/06,0,4284000,-2204737,2079263
2009/08/07,0,0,0,0
2009/08/10,0,9149970,-4855092,4294878
2009/08/11,0,6783500,-7789800,-1006300
2009/08/12,0,7671348,-9529659,-1858311
2009/08/13,0,10482000,-7952000,2530000
2009/08/14,0,7928000,-3256050,4671950
2009/08/17,0,5945160,-4542115,1403045
2009/08/18,0,11254000,-8363000,2891000
2009/08/19,0,3529000,-2274867,1254133
2009/08/20,0,9720170,-7643128,2077042
2009/08/21,0,13608000,-11910797,1697203
2009/08/24,0,12945705,-6981312,5964393
2009/08/25,0,9226590,-2415167,6811423
2009/08/26,0,14999000,-4456261,10542739
2009/08/27,0,9061775,-4887965,4173810
2009/08/28,0,20779295,-2327725,18451570
2009/08/31,0,17032735,-4692668,12340067
2009/09/01,0,6686872,-3009571,3677301
2009/09/02,0,9720103,-2038500,7681603
2009/09/03,0,9656000,-2592021,7063979
2009/09/04,0,12854000,-5499904,7354096
2009/09/07,0,4560000,-4284708,275292
2009/09/08,0,6754000,-1484910,5269090
2009/09/09,0,6027000,-1223190,4803810
2009/09/10,0,13179000,-2048256,11130744
2009/09/11,0,1345000,-1298215,46785
2009/09/14,0,3194993,-2923435,271558
2009/09/15,0,6564469,-668000,5896469
2009/09/16,0,6525000,-1919795,4605205
2009/09/17,0,7871300,-1954770,5916530
2009/09/18,0,6734000,-7003000,-269000
2009/09/21,0,7060000,-1916246,5143754
2009/09/22,0,1358850,-593990,764860
2009/09/23,0,5376123,-1897245,3478878
2009/09/24,0,3663000,-2129300,1533700
2009/09/25,0,4369000,-5476750,-1107750
2009/09/28,0,5643200,-7561302,-1918102
2009/09/29,0,11258541,-2625750,8632791
2009/09/30,0,12216900,-1694430,10522470
2009/10/01,0,13409447,-1730000,11679447
2009/10/02,0,2557000,-4638290,-2081290
2009/10/05,0,2270011,-6203511,-3933500
2009/10/06,0,3930000,-2200025,1729975
2009/10/07,0,12671778,-4747914,7923864
2009/10/08,0,6165071,-2374280,3790791
2009/10/09,0,6025000,-1363170,4661830
2009/10/12,0,6259723,-3445301,2814422
2009/10/13,0,7230700,-13269239,-6038539
2009/10/14,0,9013000,-4371347,4641653
2009/10/15,0,8950000,-3564200,5385800
2009/10/16,0,7059000,-6074179,984821
2009/10/19,0,8738000,-3079825,5658175
2009/10/20,0,6007717,-5130000,877717
2009/10/21,0,2581000,-5971133,-3390133
2009/10/22,0,3247305,-4113030,-865725
2009/10/23,0,3511000,-2897473,613527
2009/10/26,0,3965000,-1370000,2595000
2009/10/27,0,2619000,-3406282,-787282
2009/10/28,0,3093000,-7304691,-4211691
2009/10/29,0,2654000,-18451439,-15797439
2009/10/30,0,5216745,-7281643,-2064898
2009/11/02,0,755000,-4712967,-3957967
2009/11/03,0,2069250,-3430000,-1360750
2009/11/04,0,5378300,-5331975,46325
2009/11/05,0,2326289,-2477700,-151411
2009/11/06,0,4004000,-1162002,2841998
2009/11/09,0,4401684,-11059220,-6657536
2009/11/10,0,4240200,-8530370,-4290170
2009/11/11,0,11906416,-11314307,592109
2009/11/12,0,11835089,-2302520,9532569
2009/11/13,0,8327000,-2421536,5905464
2009/11/16,0,4277000,-2615990,1661010
2009/11/17,0,11779526,-6194045,5585481
2009/11/18,0,6971227,-4923940,2047287
2009/11/19,0,3513960,-3049880,464080
2009/11/20,0,3792000,-6669030,-2877030
2009/11/23,0,3396000,-2625590,770410
2009/11/24,0,2835000,-2172700,662300
2009/11/25,0,11385476,-7322296,4063180
2009/11/26,0,5772620,-7104000,-1331380
2009/11/27,0,4799360,-7669910,-2870550
2009/11/30,0,4443998,-5822559,-1378561
2009/12/01,0,8593000,-1916283,6676717
2009/12/02,0,6166000,-2281050,3884950
2009/12/03,0,4218970,-2174769,2044201
2009/12/04,0,5519990,-2042079,3477911
2009/12/07,0,2984000,-913499,2070501
2009/12/08,0,7889000,-2313540,5575460
2009/12/09,0,5569631,-3050094,2519537
2009/12/10,0,9004000,-4328011,4675989
2009/12/11,0,6857000,-2037111,4819889
2009/12/14,0,3152900,-408000,2744900
2009/12/15,0,3943000,-3609529,333471
2009/12/16,0,7117000,-9521532,-2404532
2009/12/17,0,13980760,-7394582,6586178
2009/12/18,0,7916000,-4715417,3200583
2009/12/21,0,15494000,-3118760,12375240
2009/12/22,0,5794830,-1132340,4662490
2009/12/23,0,7969000,-540532,7428468
2009/12/24,0,7889000,-2225040,5663960
2009/12/25,0,1589000,-391400,1197600
2009/12/28,0,4779000,-2799400,1979600
2009/12/29,0,4012000,-539171,3472829
2009/12/30,0,6187000,-3238505,2948495
2009/12/31,0,5590000,-2207000,3383000
2010/01/01,0,0,0,0
2010/01/04,0,6884000,-1910200,4973800
2010/01/05,0,17742930,-8818818,8924112
2010/01/06,0,17893423,-7011598,10881825
2010/01/07,0,13780250,-12692559,1087691
2010/01/08,0,22550110,-18450542,4099568
2010/01/11,0,9496000,-5193469,4302531
2010/01/12,0,9379298,-6283945,3095353
2010/01/13,0,11333000,-7769541,3563459
2010/01/14,0,16655365,-5918243,10737122
2010/01/15,0,14399000,-4996120,9402880
2010/01/18,0,4945000,-1536290,3408710
2010/01/19,0,6509500,-5421897,1087603
2010/01/20,0,6182010,-5759217,422793
2010/01/21,0,8083000,-8189851,-106851
2010/01/22,0,12765300,-16126000,-3360700
2010/01/25,0,8138830,-6290221,1848609
2010/01/26,0,7157000,-9347275,-2190275
2010/01/27,0,9677000,-5988796,3688204
2010/01/28,0,4565240,-4123354,441886
2010/01/29,0,2658000,-10737020,-8079020
2010/02/01,0,4062337,-5453820,-1391483
2010/02/02,0,6573160,-7069202,-496042
2010/02/03,0,6717360,-1819535,4897825
2010/02/04,0,9578000,-11110800,-1532800
2010/02/05,0,4162000,-19697161,-15535161
2010/02/08,0,11003718,-15552862,-4549144
2010/02/09,0,9264129,-14391229,-5127100
2010/02/10,0,7268000,-8047856,-779856
2010/02/11,0,0,0,0
2010/02/12,0,0,0,0
2010/02/15,0,0,0,0
2010/02/16,0,0,0,0
2010/02/17,0,0,0,0
2010/02/18,0,0,0,0
2010/02/19,0,0,0,0
2010/02/22,0,14967000,-12753588,2213412
2010/02/23,0,25088000,-18162920,6925080
2010/02/24,0,13438213,-12728388,709825
2010/02/25,0,5878635,-7073507,-1194872
2010/02/26,0,5978000,-6205154,-227154
2010/03/01,0,6334000,-5444000,890000
2010/03/02,0,3252000,-3552664,-300664
2010/03/03,0,3113000,-1548410,1564590
2010/03/04,0,4802225,-2480000,2322225
2010/03/05,0,19671000,-4487000,15184000
2010/03/08,0,11037000,-2298880,8738120
2010/03/09,0,2570460,-1003609,1566851
2010/03/10,0,9669800,-9837804,-168004
2010/03/11,0,13650000,-9303000,4347000
2010/03/12,0,9418000,-6047000,3371000
2010/03/15,0,7657000,-7259000,398000
2010/03/16,0,18346000,-14478884,3867116
2010/03/17,0,17492685,-13848285,3644400
2010/03/18,0,15059000,-5019338,10039662
2010/03/19,0,16630363,-2458274,14172089
2010/03/22,0,5391000,-3952064,1438936
2010/03/23,0,8906000,-6285905,2620095
2010/03/24,0,8668000,-12381420,-3713420
2010/03/25,0,10181806,-11522510,-1340704
2010/03/26,0,8821500,-6119300,2702200
2010/03/29,0,2505000,-2140000,365000
2010/03/30,0,6029000,-3696050,2332950
2010/03/31,0,1819289,-5047595,-3228306
2010/04/01,0,7756000,-12095970,-4339970
2010/04/02,0,2452000,-3780000,-1328000
2010/04/05,0,0,0,0
2010/04/06,0,5095000,-6603000,-1508000
2010/04/07,0,5384240,-17553050,-12168810
2010/04/08,0,3268000,-3987727,-719727
2010/04/09,0,3376673,-7610980,-4234307
2010/04/12,0,5576220,-3889000,1687220
2010/04/13,0,3776000,-7589430,-3813430
2010/04/14,0,3969829,-5715570,-1745741
2010/04/15,0,5122000,-9151170,-4029170
2010/04/16,0,3937770,-7226162,-3288392
2010/04/19,0,6171287,-7381120,-1209833
2010/04/20,0,2601225,-6680658,-4079433
2010/04/21,0,24409500,-8496688,15912812
2010/04/22,0,10303000,-6480120,3822880
2010/04/23,0,6515500,-3839000,2676500
2010/04/26,0,9841000,-3572000,6269000
2010/04/27,0,7896263,-4543353,3352910
2010/04/28,0,4832750,-6574889,-1742139
2010/04/29,0,2348500,-6455629,-4107129
2010/04/30,0,11628989,-17762898,-6133909
2010/05/03,0,5947000,-4881874,1065126
2010/05/04,0,5086000,-9474729,-4388729
2010/05/05,0,5432320,-17937700,-12505380
2010/05/06,0,14303074,-16558995,-2255921
2010/05/07,0,16680590,-16774484,-93894
2010/05/10,0,6875630,-16422930,-9547300
2010/05/11,0,7907000,-15990103,-8083103
2010/05/12,0,5426310,-11136768,-5710458
2010/05/13,0,10045000,-8572800,1472200
2010/05/14,0,9112500,-12448950,-3336450
2010/05/17,0,6893000,-21900650,-15007650
2010/05/18,0,7425000,-8335480,-910480
2010/05/19,0,8574002,-17849544,-9275542
2010/05/20,0,10195000,-9977284,217716
2010/05/21,0,13964995,-26969424,-13004429
2010/05/24,0,6115000,-8146455,-2031455
2010/05/25,0,10750300,-12885985,-2135685
2010/05/26,0,9027530,-9042210,-14680
2010/05/27,0,14790700,-21021315,-6230615
2010/05/28,0,28218000,-20446090,7771910
2010/05/31,0,11067000,-17542539,-6475539
2010/06/01,0,6293000,-11278547,-4985547
2010/06/02,0,4451000,-15101000,-10650000
2010/06/03,0,17027000,-5329922,11697078
2010/06/04,0,8280100,-8761580,-481480
2010/06/07,0,9668000,-10452134,-784134
2010/06/08,0,11548868,-11989903,-441035
2010/06/09,0,9901000,-8331600,1569400
2010/06/10,0,4866000,-8541000,-3675000
2010/06/11,0,12578121,-12603130,-25009
2010/06/14,0,4515121,-3319000,1196121
2010/06/15,0,6533992,-5675070,858922
2010/06/16,0,0,0,0
2010/06/17,0,6054924,-11318447,-5263523
2010/06/18,0,5656686,-10160920,-4504234
2010/06/21,0,13132667,-10482893,2649774
2010/06/22,0,7485834,-4758570,2727264
2010/06/23,0,10377773,-8726210,1651563
2010/06/24,0,2882000,-7273140,-4391140
2010/06/25,0,10955979,-14881750,-3925771
2010/06/28,0,1923000,-4632000,-2709000
2010/06/29,0,5634000,-4235000,1399000
2010/06/30,0,2840511,-12762572,-9922061
2010/07/01,0,4372000,-7940900,-3568900
2010/07/02,0,1962000,-3465061,-1503061
2010/07/05,0,3608878,-2802980,805898
2010/07/06,0,3492213,-2666199,826014
2010/07/07,0,5451975,-3394688,2057287
2010/07/08,0,12059000,-13005839,-946839
2010/07/09,0,5136500,-8766441,-3629941
2010/07/12,0,10574284,-10609814,-35530
2010/07/13,0,3471000,-10451980,-6980980
2010/07/14,0,23325991,-17453216,5872775
2010/07/15,0,14832000,-14069505,762495
2010/07/16,0,20830100,-6686041,14144059
2010/07/19,0,8264000,-9642000,-1378000
2010/07/20,0,4909812,-3937300,972512
2010/07/21,0,4368000,-1855382,2512618
2010/07/22,0,7915548,-12637002,-4721454
2010/07/23,0,13653414,-6931000,6722414
2010/07/26,0,7558206,-6124092,1434114
2010/07/27,0,6207698,-2900000,3307698
2010/07/28,0,15927500,-5486261,10441239
2010/07/29,0,14406000,-3562186,10843814
2010/07/30,0,3685726,-2249575,1436151
2010/08/02,0,9030000,-345000,8685000
2010/08/03,0,10954660,-3454540,7500120
2010/08/04,0,3595000,-4941225,-1346225
2010/08/05,0,4471000,-7763861,-3292861
2010/08/06,0,10751500,-9760300,991200
2010/08/09,0,4482000,-3702000,780000
2010/08/10,0,6095000,-3353500,2741500
2010/08/11,0,4742438,-13167878,-8425440
2010/08/12,0,7507000,-11846237,-4339237
2010/08/13,0,7533063,-9960173,-2427110
2010/08/16,0,6347000,-8560521,-2213521
2010/08/17,0,6047000,-8369491,-2322491
2010/08/18,0,4659000,-5423741,-764741
2010/08/19,0,5382030,-7116842,-1734812
2010/08/20,0,5848000,-9420330,-3572330
2010/08/23,0,2992000,-7649017,-4657017
2010/08/24,0,5202810,-11269061,-6066251
2010/08/25,0,12630682,-28916579,-16285897
2010/08/26,0,5674554,-21156121,-15481567
2010/08/27,0,6922065,-14915435,-7993370
2010/08/30,0,5224620,-6140971,-916351
2010/08/31,0,3054500,-3451447,-396947
2010/09/01,0,8303000,-6429971,1873029
2010/09/02,0,7664985,-5420968,2244017
2010/09/03,0,9265792,-2661376,6604416
2010/09/06,0,5984900,-1106287,4878613
2010/09/07,0,8831901,-2004401,6827500
2010/09/08,0,2974925,-1580064,1394861
2010/09/09,0,6201342,-5452469,748873
2010/09/10,0,3701670,-9805495,-6103825
2010/09/13,0,7043000,-5989519,1053481
2010/09/14,0,11686000,-3901829,7784171
2010/09/15,0,12640153,-10963398,1676755
2010/09/16,0,3848000,-4103707,-255707
2010/09/17,0,4391000,-4935043,-544043
2010/09/20,0,3010750,-384810,2625940
2010/09/21,0,1944000,-1574499,369501
2010/09/22,0,0,0,0
2010/09/23,0,9296045,-15031689,-5735644
2010/09/24,0,4841296,-12413831,-7572535
2010/09/27,0,4761860,-12500315,-7738455
2010/09/28,0,5047450,-12300947,-7253497
2010/09/29,0,6040103,-9407425,-3367322
2010/09/30,0,12138000,-6228764,5909236
2010/10/01,0,3681064,-4642565,-961501
2010/10/04,0,4561520,-3829000,732520
2010/10/05,0,3093563,-3055462,38101
2010/10/06,0,9469037,-6603769,2865268
2010/10/07,0,4830250,-4991696,-161446
2010/10/08,0,5282693,-11137489,-5854796
2010/10/11,0,6611430,-2255378,4356052
2010/10/12,0,5234984,-5008226,226758
2010/10/13,0,6616850,-8399937,-1783087
2010/10/14,0,5085590,-2026042,3059548
2010/10/15,0,4712990,-5962503,-1249513
2010/10/18,0,2110000,-1803010,306990
2010/10/19,0,1469000,-2654323,-1185323
2010/10/20,0,8730000,-4899298,3830702
2010/10/21,0,30630435,-25993310,4637125
2010/10/22,0,18686352,-13922981,4763371
2010/10/25,0,34101310,-15040114,19061196
2010/10/26,0,10509040,-7315548,3193492
2010/10/27,0,11883475,-6486000,5397475
2010/10/28,0,10676861,-8073583,2603278
2010/10/29,0,17109421,-2229503,14879918
2010/11/01,0,22506202,-4285556,18220646
2010/11/02,0,8562000,-5288042,3273958
2010/11/03,0,11066400,-3928000,7138400
2010/11/04,0,6744000,-2030708,4713292
2010/11/05,0,6501000,-2780314,3720686
2010/11/08,0,4380000,-3277096,1102904
2010/11/09,0,6616000,-9815780,-3199780
2010/11/10,0,8505000,-5060433,3444567
2010/11/11,0,4131000,-2257349,1873651
2010/11/12,0,2654030,-2477108,176922
2010/11/15,0,4649095,-1055066,3594029
2010/11/16,0,13972000,-7902000,6070000
2010/11/17,0,9041000,-10418763,-1377763
2010/11/18,0,5869000,-8013923,-2144923
2010/11/19,0,6059630,-5591023,468607
2010/11/22,0,2159010,-1329590,829420
2010/11/23,0,3435540,-4761244,-1325704
2010/11/24,0,2756703,-2518093,238610
2010/11/25,0,4705670,-2334000,2371670
2010/11/26,0,9663500,-1537687,8125813
2010/11/29,0,5196000,-3719667,1476333
2010/11/30,0,5456204,-5375839,80365
2010/12/01,0,6243483,-4901434,1342049
2010/12/02,0,10956595,-8948418,2008177
2010/12/03,0,8457997,-3610238,4847759
2010/12/06,0,16780275,-9374128,7406147
2010/12/07,0,4430940,-1230530,3200410
2010/12/08,0,13573763,-4362347,9211416
2010/12/09,0,8531103,-5997528,2533575
2010/12/10,0,3381906,-6508563,-3126657
2010/12/13,0,10767000,-7650744,3116256
2010/12/14,0,10653000,-6578000,4075000
2010/12/15,0,12486000,-9123103,3362897
2010/12/16,0,6964731,-11107919,-4143188
2010/12/17,0,4636000,-11722621,-7086621
2010/12/20,0,4688210,-3946000,742210
2010/12/21,0,3101851,-4377850,-1275999
2010/12/22,0,4698000,-3520799,1177201
2010/12/23,0,5864000,-2970467,2893533
2010/12/24,0,2281090,-985000,1296090
2010/12/27,0,2359000,-2207494,151506
2010/12/28,0,3419000,-2935695,483305
2010/12/29,0,7141712,-3998958,3142754
2010/12/30,0,2893488,-2505379,388109
2010/12/31,0,1552000,-3606690,-2054690
2011/01/03,0,2143400,-3630165,-1486765
2011/01/04,0,9038000,-18735000,-9697000
2011/01/05,0,8916000,-21476524,-12560524
2011/01/06,0,17932000,-39921126,-21989126
2011/01/07,0,20000050,-26027289,-6027239
2011/01/10,0,10414089,-6077377,4336712
2011/01/11,0,12077000,-11093592,983408
2011/01/12,0,7590000,-9092112,-1502112
2011/01/13,0,7200610,-6704399,496211
2011/01/14,0,4825000,-3701584,1123416
2011/01/17,0,6240760,-11043000,-4802240
2011/01/18,0,4142700,-11396152,-7253452
2011/01/19,0,5429000,-9376392,-3947392
2011/01/20,0,4947088,-9445731,-4498643
2011/01/21,0,3295121,-7514331,-4219210
2011/01/24,0,2612400,-9927092,-7314692
2011/01/25,0,5609000,-10314766,-4705766
2011/01/26,0,1716000,-5810756,-4094756
2011/01/27,0,5258000,-17687537,-12429537
2011/01/28,0,10761426,-25868157,-15106731
2011/01/31,0,0,0,0
2011/02/01,0,0,0,0
2011/02/02,0,0,0,0
2011/02/03,0,0,0,0
2011/02/04,0,0,0,0
2011/02/07,0,0,0,0
2011/02/08,0,8724044,-21423843,-12699799
2011/02/09,0,11255480,-33240053,-21984573
2011/02/10,0,3908000,-29473772,-25565772
2011/02/11,0,20969000,-29434325,-8465325
2011/02/14,0,14648000,-15739850,-1091850
2011/02/15,0,6023509,-9666416,-3642907
2011/02/16,0,3566000,-5510013,-1944013
2011/02/17,0,2935200,-7339414,-4404214
2011/02/18,0,4655784,-8624789,-3969005
2011/02/21,0,5360000,-18422437,-13062437
2011/02/22,0,4060195,-14135010,-10074815
2011/02/23,0,3235096,-14739545,-11504449
2011/02/24,0,5754668,-14435572,-8680904
2011/02/25,0,4778000,-20479651,-15701651
2011/02/28,0,0,0,0
2011/03/01,0,4716200,-7827327,-3111127
2011/03/02,0,2386848,-3887370,-1500522
2011/03/03,0,7658000,-4819820,2838180
2011/03/04,0,4492666,-6751011,-2258345
2011/03/07,0,1421000,-3830193,-2409193
2011/03/08,0,2425000,-3494440,-1069440
2011/03/09,0,693313,-2503189,-1809876
2011/03/10,0,1320940,-2277717,-956777
2011/03/11,0,2190000,-13428317,-11238317
2011/03/14,0,4728000,-3704040,1023960
2011/03/15,0,4245400,-9074403,-4829003
2011/03/16,0,6783500,-8010250,-1226750
2011/03/17,0,4453000,-10158240,-5705240
2011/03/18,0,4352000,-7680086,-3328086
2011/03/21,0,4820000,-4542034,277966
2011/03/22,0,3803849,-10598860,-6795011
2011/03/23,0,7051000,-2835000,4216000
2011/03/24,0,6842495,-3856000,2986495
2011/03/25,0,11732000,-12192000,-460000
2011/03/28,0,1210400,-493000,717400
2011/03/29,0,8108100,-14380896,-6272796
2011/03/30,0,23172849,-76461320,-53288471
2011/03/31,0,12601904,-37356241,-24754337
2011/04/01,0,5910746,-100009035,-94098289
2011/04/04,0,0,0,0
2011/04/05,0,0,0,0
2011/04/06,0,13080153,-76767854,-63687701
2011/04/07,0,7077859,-12297152,-5219293
2011/04/08,0,24775703,-10267879,14507824
2011/04/11,0,5232473,-13477731,-8245258
2011/04/12,0,3021570,-7554143,-4532573
2011/04/13,0,1124200,-10194242,-9070042
2011/04/14,0,1054000,-8298024,-7244024
2011/04/15,0,695200,-8992819,-8297619
2011/04/18,0,1103100,-11994170,-10891070
2011/04/19,0,3851000,-19876685,-16025685
2011/04/20,0,6317152,-55713500,-49396348
2011/04/21,0,15042859,-15801361,-758502
2011/04/22,0,4456000,-9217984,-4761984
2011/04/25,0,3668100,-3397000,271100
2011/04/26,0,5555368,-4141165,1414203
2011/04/27,0,8386705,-1189866,7196839
2011/04/28,0,6934319,-6500000,434319
2011/04/29,0,40027787,-9799963,30227824
2011/05/02,0,0,0,0
2011/05/03,0,23249639,-10246230,13003409
2011/05/04,0,11024100,-8516128,2507972
2011/05/05,0,6797000,-6113133,683867
2011/05/06,0,2297178,-1477275,819903
2011/05/09,0,6284000,-2286000,3998000
2011/05/10,0,3732000,-1150644,2581356
2011/05/11,0,5264000,-3798213,1465787
2011/05/12,0,4577000,-5432002,-855002
2011/05/13,0,4978300,-4374900,603400
2011/05/16,0,5800000,-3837149,1962851
2011/05/17,0,3278000,-2224200,1053800
2011/05/18,0,4637118,-5100873,-463755
2011/05/19,0,5785000,-5537216,247784
2011/05/20,0,1488000,-3234001,-1746001
2011/05/23,0,619000,-5851000,-5232000
2011/05/24,0,3658500,-5061151,-1402651
2011/05/25,0,3436500,-4736000,-1299500
2011/05/26,0,5327549,-1362586,3964963
2011/05/27,0,4008000,-3593129,414871
2011/05/30,0,3018000,-1607000,1411000
2011/05/31,0,6490542,-10102070,-3611528
2011/06/01,0,3095000,-2002948,1092052
2011/06/02,0,3943000,-9757683,-5814683
2011/06/03,0,2538620,-18505942,-15967322
2011/06/06,0,0,0,0
2011/06/07,0,4613000,-4587824,25176
2011/06/08,0,7084920,-14667265,-7582345
2011/06/09,0,4215000,-3910929,304071
2011/06/10,0,4198941,-8368853,-4169912
2011/06/13,0,1315000,-8677628,-7362628
2011/06/14,0,2627000,-9313951,-6686951
2011/06/15,0,6603000,-5040917,1562083
2011/06/16,0,3306433,-5602554,-2296121
2011/06/17,0,10255526,-27120178,-16864652
2011/06/20,0,5251000,-12567798,-7316798
2011/06/21,0,4172000,-5749000,-1577000
2011/06/22,0,4364000,-4183000,181000
2011/06/23,0,2554413,-4822311,-2267898
2011/06/24,0,5121100,-5175989,-54889
2011/06/27,0,5051000,-9302079,-4251079
2011/06/28,0,2104000,-8616946,-6512946
2011/06/29,0,5376832,-1070000,4306832
2011/06/30,0,5791726,-2980808,2810918
2011/07/01,0,1463266,-1789495,-326229
2011/07/04,0,951276,-4866868,-3915592
2011/07/05,0,969076,-4514000,-3544924
2011/07/06,0,2981944,-22439374,-19457430
2011/07/07,0,2246520,-6949628,-4703108
2011/07/08,0,3085387,-5346000,-2260613
2011/07/11,0,2634708,-3612699,-977991
2011/07/12,0,1613443,-3869000,-2255557
2011/07/13,0,9545565,-13249000,-3703435
2011/07/14,0,3895350,-6851308,-2955958
2011/07/15,0,5326698,-11301250,-5974552
2011/07/18,0,3261544,-10873000,-7611456
2011/07/19,0,5713200,-19149832,-13436632
2011/07/20,0,5765450,-14498000,-8732550
2011/07/21,0,8673142,-41876000,-33202858
2011/07/22,0,9219689,-44821076,-35601387
2011/07/25,0,5885271,-2606078,3279193
2011/07/26,0,1831125,-4474000,-2642875
2011/07/27,0,2257524,-5591353,-3333829
2011/07/28,0,3133103,-1366147,1766956
2011/07/29,0,2555992,-1395552,1160440
2011/08/01,0,5065821,-3126425,1939396
2011/08/02,0,623804,-1346000,-722196
2011/08/03,0,1339127,-18573346,-17234219
2011/08/04,0,2442050,-5594273,-3152223
2011/08/05,0,3863825,-9794112,-5930287
2011/08/08,0,2239932,-7098105,-4858173
2011/08/09,0,5377463,-11327003,-5949540
2011/08/10,0,4019180,-14413190,-10394010
2011/08/11,0,3922000,-13014000,-9092000
2011/08/12,0,7457280,-18414236,-10956956
2011/08/15,0,3737796,-28006616,-24268820
2011/08/16,0,5726750,-7536005,-1809255
2011/08/17,0,2984091,-10115000,-7130909
2011/08/18,0,4411344,-6929000,-2517656
2011/08/19,0,9194607,-9769110,-574503
2011/08/22,0,8525960,-7955449,570511
2011/08/23,0,8891000,-4655483,4235517
2011/08/24,0,7489365,-5233000,2256365
2011/08/25,0,2179080,-5857000,-3677920
2011/08/26,0,17404218,-16738262,665956
2011/08/29,0,12000000,-5693006,6306994
2011/08/30,0,25324693,-7330000,17994693
2011/08/31,0,25508294,-8837000,16671294
2011/09/01,0,6196058,-4060910,2135148
2011/09/02,0,2522399,-5549199,-3026800
2011/09/05,0,2815000,-8428626,-5613626
2011/09/06,0,1946837,-5990635,-4043798
2011/09/07,0,5782359,-8256536,-2474177
2011/09/08,0,9931000,-5179252,4751748
2011/09/09,0,18325000,-7459600,10865400
2011/09/12,0,0,0,0
2011/09/13,0,383267,-5072000,-4688733
2011/09/14,0,3683511,-6976252,-3292741
2011/09/15,0,2712586,-4655465,-1942879
2011/09/16,0,9738000,-5042799,4695201
2011/09/19,0,3778478,-12571000,-8792522
2011/09/20,0,6688629,-14140433,-7451804
2011/09/21,0,4235857,-4003966,231891
2011/09/22,0,5138504,-4685822,452682
2011/09/23,0,7695954,-5021817,2674137
2011/09/26,0,17040671,-4872962,12167709
2011/09/27,0,2904000,-3399725,-495725
2011/09/28,0,13227550,-5107009,8120541
2011/09/29,0,15145820,-22358380,-7212560
2011/09/30,0,18458600,-3224890,15233710
2011/10/03,0,4750408,-12445963,-7695555
2011/10/04,0,5123000,-34373642,-29250642
2011/10/05,0,3436000,-11487280,-8051280
2011/10/06,0,8775000,-14379000,-5604000
2011/10/07,0,2993550,-7912000,-4918450
2011/10/10,0,0,0,0
2011/10/11,0,14557250,-8665617,5891633
2011/10/12,0,2852400,-12230004,-9377604
2011/10/13,0,8587971,-9375000,-787029
2011/10/14,0,5915902,-3897000,2018902
2011/10/17,0,10449141,-5530059,4919082
2011/10/18,0,6468067,-6557002,-88935
2011/10/19,0,7576349,-6526000,1050349
2011/10/20,0,22090231,-11421000,10669231
2011/10/21,0,3089520,-2739000,350520
2011/10/24,0,6552663,-6329878,222785
2011/10/25,0,4084823,-4223000,-138177
2011/10/26,0,4954000,-4472000,482000
2011/10/27,0,2985000,-4951000,-1966000
2011/10/28,0,6315000,-2704280,3610720
2011/10/31,0,5220000,-5393000,-173000
2011/11/01,0,4212000,-5006100,-794100
2011/11/02,0,3100300,-6832000,-3731700
2011/11/03,0,2173000,-8544000,-6371000
2011/11/04,0,12587000,-8364000,4223000
2011/11/07,0,16769000,-4784000,11985000
2011/11/08,0,5078613,-6498000,-1419387
2011/11/09,0,2468857,-2054600,414257
2011/11/10,0,781857,-3885797,-3103940
2011/11/11,0,6503300,-9271262,-2767962
2011/11/14,0,1631000,-5117000,-3486000
2011/11/15,0,3717000,-4245000,-528000
2011/11/16,0,1931000,-1749000,182000
2011/11/17,0,1121429,-1733259,-611830
2011/11/18,0,1056000,-2939021,-1883021
2011/11/21,0,1344000,-11963000,-10619000
2011/11/22,0,2683100,-6112000,-3428900
2011/11/23,0,2290832,-6328000,-4037168
2011/11/24,0,4492000,-6328000,-1836000
2011/11/25,0,17889700,-4689900,13199800
2011/11/28,0,5528276,-3578000,1950276
2011/11/29,0,9602900,-5064800,4538100
2011/11/30,0,8506984,-3331000,5175984
2011/12/01,0,10572000,-5724869,4847131
2011/12/02,0,2633000,-2462139,170861
2011/12/05,0,2036000,-1621000,415000
2011/12/06,0,1981292,-1640000,341292
2011/12/07,0,3934492,-1928000,2006492
2011/12/08,0,9932000,-4219000,5713000
2011/12/09,0,7234062,-11761054,-4526992
2011/12/12,0,1474000,-4261000,-2787000
2011/12/13,0,2857000,-4440000,-1583000
2011/12/14,0,3490000,-5311110,-1821110
2011/12/15,0,2622000,-5155000,-2533000
2011/12/16,0,1906000,-5313257,-3407257
2011/12/19,0,3981000,-5318255,-1337255
2011/12/20,0,4587000,-2615100,1971900
2011/12/21,0,2609000,-1727900,881100
2011/12/22,0,3929271,-5082271,-1153000
2011/12/23,0,5390000,-4988663,401337
2011/12/26,0,351000,-1337000,-986000
2011/12/27,0,2743000,-352000,2391000
2011/12/28,0,3122990,-973116,2149874
2011/12/29,0,5646802,-659882,4986920
2011/12/30,0,5796326,-772000,5024326
2012/01/02,0,6054419,-5707419,347000
2012/01/03,0,3229000,-217000,3012000
2012/01/04,0,6584000,-2380802,4203198
2012/01/05,0,8502000,-4127003,4374997
2012/01/06,0,14035543,-6504000,7531543
2012/01/09,0,11535000,-2604297,8930703
2012/01/10,0,14072000,-23723000,-9651000
2012/01/11,0,4163000,-6321000,-2158000
2012/01/12,0,8932000,-7210000,1722000
2012/01/13,0,5872200,-7362000,-1489800
2012/01/16,0,3060000,-7869794,-4809794
2012/01/17,0,2432000,-800000,1632000
2012/01/18,0,2950194,-2295752,654442
2012/01/19,0,0,0,0
2012/01/20,0,0,0,0
2012/01/23,0,0,0,0
2012/01/24,0,0,0,0
2012/01/25,0,0,0,0
2012/01/26,0,0,0,0
2012/01/27,0,0,0,0
2012/01/30,0,18276912,-5273000,13003912
2012/01/31,0,16815348,-6810500,10004848
2012/02/01,0,5244000,-1482105,3761895
2012/02/02,0,13771000,-800000,12971000
2012/02/03,0,9409000,-1945000,7464000
2012/02/06,0,2502000,-1707012,794988
2012/02/07,0,8272741,-2499100,5773641
2012/02/08,0,10054000,-1301003,8752997
2012/02/09,0,3002630,-554143,2448487
2012/02/10,0,5775000,-1966000,3809000
2012/02/13,0,2075000,-77000,1998000
2012/02/14,0,4454809,-1962300,2492509
2012/02/15,0,8648000,-4774000,3874000
2012/02/16,0,11638136,-7809000,3829136
2012/02/17,0,7559157,-1828015,5731142
2012/02/20,0,5892300,-5477000,415300
2012/02/21,0,3564000,-2501050,1062950
2012/02/22,0,8013150,-5600000,2413150
2012/02/23,0,12008000,-3946000,8062000
2012/02/24,0,4552369,-2143257,2409112
2012/02/27,0,0,0,0
2012/02/28,0,0,0,0
2012/02/29,0,16034865,-6809414,9225451
2012/03/01,0,7889158,-3092000,4797158
2012/03/02,0,7994616,-2079189,5915427
2012/03/05,0,4816000,-3907520,908480
2012/03/06,0,9508000,-7766040,1741960
2012/03/07,0,880000,-2637000,-1757000
2012/03/08,0,4387000,-4256000,131000
2012/03/09,0,4716000,-1555000,3161000
2012/03/12,0,1583000,-1721000,-138000
2012/03/13,0,3705293,-1862000,1843293
2012/03/14,0,5125229,-1099674,4025555
2012/03/15,0,1792000,-1276830,515170
2012/03/16,0,6928400,-10159000,-3230600
2012/03/19,0,5089000,-9255827,-4166827
2012/03/20,0,3685000,-10219188,-6534188
2012/03/21,0,1975200,-8993719,-7018519
2012/03/22,0,5753000,-5917164,-164164
2012/03/23,0,2220000,-6528000,-4308000
2012/03/26,0,2025572,-9377077,-7351505
2012/03/27,0,3906000,-4157600,-251600
2012/03/28,0,2051000,-1510206,540794
2012/03/29,0,6466100,-9556766,-3090666
2012/03/30,0,4327924,-12850232,-8522308
2012/04/02,0,1660300,-1611000,49300
2012/04/03,0,2531174,-1951786,579388
2012/04/04,0,0,0,0
2012/04/05,0,1411774,-4920936,-3509162
2012/04/06,0,52000,-5785086,-5733086
2012/04/09,0,627000,-1925000,-1298000
2012/04/10,0,5328000,-5010000,318000
2012/04/11,0,3443000,-4532092,-1089092
2012/04/12,0,4857236,-7058222,-2200986
2012/04/13,0,2943346,-2033049,910297
2012/04/16,0,2988000,-7597703,-4609703
2012/04/17,0,1582000,-6233000,-4651000
2012/04/18,0,3196667,-8452110,-5255443
2012/04/19,0,2551000,-7183000,-4632000
2012/04/20,0,1895000,-4404651,-2509651
2012/04/23,0,2731633,-3913958,-1182325
2012/04/24,0,4570210,-15924356,-11354146
2012/04/25,0,5041000,-11174741,-6133741
2012/04/26,0,1439000,-8884694,-7445694
2012/04/27,0,6606254,-5232000,1374254
2012/04/30,0,5244000,-5711557,-467557
2012/05/01,0,0,0,0
2012/05/02,0,7341300,-8557514,-1216214
2012/05/03,0,5597000,-5143465,453535
2012/05/04,0,4666000,-4623700,42300
2012/05/07,0,5339000,-11203000,-5864000
2012/05/08,0,455000,-2860000,-2405000
2012/05/09,0,524440,-7567450,-7043010
2012/05/10,0,1374368,-9959820,-8585452
2012/05/11,0,7257925,-12573224,-5315299
2012/05/14,0,950000,-1712408,-762408
2012/05/15,0,3070000,-12126770,-9056770
2012/05/16,0,3964429,-8381803,-4417374
2012/05/17,0,6301000,-6910000,-609000
2012/05/18,0,906000,-12040000,-11134000
2012/05/21,0,1386000,-890177,495823
2012/05/22,0,3539000,-10897871,-7358871
2012/05/23,0,1444271,-9486293,-8042022
2012/05/24,0,3130000,-3881000,-751000
2012/05/25,0,1354000,-3356800,-2002800
2012/05/28,0,854000,-2376000,-1522000
2012/05/29,0,3054000,-5029850,-1975850
2012/05/30,0,7230000,-7700932,-470932
2012/05/31,0,6036264,-13337506,-7301242
2012/06/01,0,2484000,-5456189,-2972189
2012/06/04,0,1365041,-1471000,-105959
2012/06/05,0,2507000,-4651000,-2144000
2012/06/06,0,1588349,-6101000,-4512651
2012/06/07,0,2046106,-5162000,-3115894
2012/06/08,0,946300,-9939000,-8992700
2012/06/11,0,2641693,-2586725,54968
2012/06/12,0,6310000,-11802000,-5492000
2012/06/13,0,4211735,-5967000,-1755265
2012/06/14,0,4667303,-8511328,-3844025
2012/06/15,0,8742000,-14533294,-5791294
2012/06/18,0,5669971,-1916000,3753971
2012/06/19,0,3477740,-3360000,117740
2012/06/20,0,2616113,-3450000,-833887
2012/06/21,0,7609126,-6000000,1609126
2012/06/22,0,8734149,-8911000,-176851
2012/06/25,0,6004000,-8091020,-2087020
2012/06/26,0,1258000,-14399000,-13141000
2012/06/27,0,2130000,-5087432,-2957432
2012/06/28,0,1459000,-4586000,-3127000
2012/06/29,0,2979000,-5235000,-2256000
2012/07/02,0,921000,-3576038,-2655038
2012/07/03,0,1628429,-3696000,-2067571
2012/07/04,0,1214527,-5882953,-4668426
2012/07/05,0,1188000,-3880000,-2692000
2012/07/06,0,2045000,-4457000,-2412000
2012/07/09,0,4282000,-4586000,-304000
2012/07/10,0,1650000,-6132000,-4482000
2012/07/11,0,1388000,-7643000,-6255000
2012/07/12,0,499000,-4981000,-4482000
2012/07/13,0,1810583,-8586140,-6775557
2012/07/16,0,1347000,-6904000,-5557000
2012/07/17,0,2690600,-6443000,-3752400
2012/07/18,0,662000,-7113429,-6451429
2012/07/19,0,7360723,-17443429,-10082706
2012/07/20,0,5673000,-9186857,-3513857
2012/07/23,0,5506000,-10270089,-4764089
2012/07/24,0,3781909,-9928429,-6146520
2012/07/25,0,3526000,-12889877,-9363877
2012/07/26,0,4888000,-5159470,-271470
2012/07/27,0,1367663,-9096000,-7728337
2012/07/30,0,1399469,-3534000,-2134531
2012/07/31,0,13083409,-5754477,7328932
2012/08/01,0,1187756,-8084000,-6896244
2012/08/02,0,0,0,0
2012/08/03,0,7349367,-13052194,-5702827
2012/08/06,0,5022000,-7824000,-2802000
2012/08/07,0,3346000,-3217000,129000
2012/08/08,0,4873605,-3281342,1592263
2012/08/09,0,5251000,-672000,4579000
2012/08/10,0,4065500,-4653002,-587502
2012/08/13,0,7682000,-8311238,-629238
2012/08/14,0,3075000,-1258740,1816260
2012/08/15,0,5947277,-5207056,740221
2012/08/16,0,3153000,-7944000,-4791000
2012/08/17,0,711000,-2242000,-1531000
2012/08/20,0,2559000,-3690000,-1131000
2012/08/21,0,3138205,-3712275,-574070
2012/08/22,0,2212940,-1186000,1026940
2012/08/23,0,1946900,-645000,1301900
2012/08/24,0,4001000,-4455934,-454934
2012/08/27,0,1368000,-1209000,159000
2012/08/28,0,1567848,-824000,743848
2012/08/29,0,2515000,-2147101,367899
2012/08/30,0,2554000,-4539600,-1985600
2012/08/31,0,2795492,-3246126,-450634
2012/09/03,0,993000,-2501000,-1508000
2012/09/04,0,202000,-1945695,-1743695
2012/09/05,0,149000,-7239000,-7090000
2012/09/06,0,6185018,-5586000,599018
2012/09/07,0,2818985,-5042000,-2223015
2012/09/10,0,1313000,-4176000,-2863000
2012/09/11,0,1567000,-5519004,-3952004
2012/09/12,0,1641000,-1868200,-227200
2012/09/13,0,4784000,-1239000,3545000
2012/09/14,0,8450000,-4819000,3631000
2012/09/17,0,11369000,-3732000,7637000
2012/09/18,0,9430000,-1601275,7828725
2012/09/19,0,4469000,-2884262,1584738
2012/09/20,0,3481000,-4345000,-864000
2012/09/21,0,3293000,-6377000,-3084000
2012/09/24,0,3703000,-3790000,-87000
2012/09/25,0,5632000,-5175000,457000
2012/09/26,0,3790000,-16828000,-13038000
2012/09/27,0,3329000,-11241542,-7912542
2012/09/28,0,3501000,-5046612,-1545612
2012/10/01,0,6474000,-6141000,333000
2012/10/02,0,6503000,-6749000,-246000
2012/10/03,0,1476000,-3620000,-2144000
2012/10/04,0,1735937,-8133921,-6397984
2012/10/05,0,1060000,-3594000,-2534000
2012/10/08,0,4135100,-1706000,2429100
2012/10/09,0,3063000,-1087000,1976000
2012/10/10,0,0,0,0
2012/10/11,0,4954365,-2697000,2257365
2012/10/12,0,1284000,-11892000,-10608000
2012/10/15,0,1206000,-7026000,-5820000
2012/10/16,0,1056500,-2140000,-1083500
2012/10/17,0,6580000,-964015,5615985
2012/10/18,0,3078000,-1115000,1963000
2012/10/19,0,1062000,-3641000,-2579000
2012/10/22,0,1938000,-6467490,-4529490
2012/10/23,0,2984900,-9066011,-6081111
2012/10/24,0,1062000,-10936594,-9874594
2012/10/25,0,1829000,-6159000,-4330000
2012/10/26,0,5065000,-4034000,1031000
2012/10/29,0,3444400,-2732000,712400
2012/10/30,0,2712000,-2863000,-151000
2012/10/31,0,564000,-2721000,-2157000
2012/11/01,0,5307000,-4343061,963939
2012/11/02,0,6578061,-7690000,-1111939
2012/11/05,0,3697021,-5080000,-1382979
2012/11/06,0,4048000,-1352000,2696000
2012/11/07,0,3776000,-5328456,-1552456
2012/11/08,0,1934000,-5124685,-3190685
2012/11/09,0,1660000,-1865000,-205000
2012/11/12,0,950000,-2941000,-1991000
2012/11/13,0,8695000,-6356000,2339000
2012/11/14,0,523000,-4851000,-4328000
2012/11/15,0,996000,-4831000,-3835000
2012/11/16,0,5298000,-6696000,-1398000
2012/11/19,0,4116000,-3137000,979000
2012/11/20,0,549000,-1454000,-905000
2012/11/21,0,2170400,-7014000,-4843600
2012/11/22,0,894000,-1255000,-361000
2012/11/23,0,3908000,-236000,3672000
2012/11/26,0,3663000,-1583700,2079300
2012/11/27,0,4994000,-1492000,3502000
2012/11/28,0,1990500,-1376337,614163
2012/11/29,0,4548347,-1926000,2622347
2012/11/30,0,6171000,-4117229,2053771
2012/12/03,0,2838000,-831282,2006718
2012/12/04,0,1828000,-1762730,65270
2012/12/05,0,7041000,-6909906,131094
2012/12/06,0,10531000,-6826207,3704793
2012/12/07,0,15440000,-17624130,-2184130
2012/12/10,0,3165000,-7363000,-4198000
2012/12/11,0,13362494,-19257000,-5894506
2012/12/12,0,6160000,-2786000,3374000
2012/12/13,0,3803759,-6184695,-2380936
2012/12/14,0,2148273,-2798000,-649727
2012/12/17,0,2478000,-1843000,635000
2012/12/18,0,1893000,-7533000,-5640000
2012/12/19,0,3048000,-6157200,-3109200
2012/12/20,0,1453000,-7067000,-5614000
2012/12/21,0,2878000,-8599533,-5721533
2012/12/24,0,1277000,-311000,966000
2012/12/25,0,1238000,-990738,247262
2012/12/26,0,672000,-3294049,-2622049
2012/12/27,0,1617420,-2521000,-903580
2012/12/28,0,2550000,-5917000,-3367000
2012/12/31,0,0,0,0
2013/01/01,0,0,0,0
2013/01/02,0,2512000,-7272000,-4760000
2013/01/03,0,1833001,-4542000,-2708999
2013/01/04,0,4952700,-2365000,2587700
2013/01/07,0,1720000,-1825145,-105145
2013/01/08,0,771000,-3485000,-2714000
2013/01/09,0,1481000,-2749000,-1268000
2013/01/10,0,3317000,-9090000,-5773000
2013/01/11,0,1896000,-9583000,-7687000
2013/01/14,0,3850000,-4135000,-285000
2013/01/15,0,3240000,-6732000,-3492000
2013/01/16,0,1491696,-6042000,-4550304
2013/01/17,0,1351600,-2821000,-1469400
2013/01/18,0,1110000,-719746,390254
2013/01/21,0,1894000,-2159000,-265000
2013/01/22,0,5210000,-4583439,626561
2013/01/23,0,9001000,-1805830,7195170
2013/01/24,0,5595000,-4741000,854000
2013/01/25,0,1970000,-7889046,-5919046
2013/01/28,0,710000,-777025,-67025
2013/01/29,0,10138000,-3409000,6729000
2013/01/30,0,12945654,-9949000,2996654
2013/01/31,0,8436000,-3591792,4844208
2013/02/01,0,867000,-1930000,-1063000
2013/02/04,0,1220000,-371000,849000
2013/02/05,0,981000,-469000,512000
2013/02/06,0,5908000,-6447000,-539000
2013/02/07,0,0,0,0
2013/02/08,0,0,0,0
2013/02/11,0,0,0,0
2013/02/12,0,0,0,0
2013/02/13,0,0,0,0
2013/02/14,0,0,0,0
2013/02/15,0,0,0,0
2013/02/18,0,9061219,-9468000,-406781
2013/02/19,0,5922867,-4049533,1873334
2013/02/20,0,9443647,-5487920,3955727
2013/02/21,0,11445000,-4905685,6539315
2013/02/22,0,4228000,-2039861,2188139
2013/02/25,0,9457926,-4284923,5173003
2013/02/26,0,5019052,-2200000,2819052
2013/02/27,0,10696529,-4580000,6116529
2013/02/28,0,0,0,0
2013/03/01,0,3428000,-4807000,-1379000
2013/03/04,0,4039000,-2903000,1136000
2013/03/05,0,12148000,-5023002,7124998
2013/03/06,0,5488000,-1043000,4445000
2013/03/07,0,4698000,-1097933,3600067
2013/03/08,0,4020800,-162000,3858800
2013/03/11,0,2758000,-349000,2409000
2013/03/12,0,4496000,-347665,4148335
2013/03/13,0,45436000,-43496969,1939031
2013/03/14,0,4030000,-6977284,-2947284
2013/03/15,0,2511000,-2067000,444000
2013/03/18,0,4880000,-2776000,2104000
2013/03/19,0,3149000,-3584000,-435000
2013/03/20,0,4164000,-3233268,930732
2013/03/21,0,3768000,-1919000,1849000
2013/03/22,0,2585000,-2869459,-284459
2013/03/25,0,1297078,-667000,630078
2013/03/26,0,4078747,-1141000,2937747
2013/03/27,0,738000,-2301000,-1563000
2013/03/28,0,391868,-3348211,-2956343
2013/03/29,0,1162000,-193000,969000
2013/04/01,0,734075,-262100,471975
2013/04/02,0,1976000,-2366000,-390000
2013/04/03,0,1923000,-819000,1104000
2013/04/04,0,0,0,0
2013/04/05,0,0,0,0
2013/04/08,0,2549355,-2848000,-298645
2013/04/09,0,2744220,-2831000,-86780
2013/04/10,0,3975000,-1309000,2666000
2013/04/11,0,1129715,-2295900,-1166185
2013/04/12,0,1023000,-987000,36000
2013/04/15,0,2087555,-4007000,-1919445
2013/04/16,0,2384324,-6990000,-4605676
2013/04/17,0,613000,-5414000,-4801000
2013/04/18,0,655000,-1432000,-777000
2013/04/19,0,3057000,-3269000,-212000
2013/04/22,0,3000000,-3194000,-194000
2013/04/23,0,2301000,-1630000,671000
2013/04/24,0,3580000,-2497000,1083000
2013/04/25,0,7112161,-3790000,3322161
2013/04/26,0,3643000,-2598000,1045000
2013/04/29,0,1320000,-856137,463863
2013/04/30,0,6358873,-4406000,1952873
2013/05/01,0,0,0,0
2013/05/02,0,2476309,-2983592,-507283
2013/05/03,0,1473000,-6388000,-4915000
2013/05/06,0,2637000,-7442500,-4805500
2013/05/07,0,2246000,-3861290,-1615290
2013/05/08,0,5625429,-3488512,2136917
2013/05/09,0,1618091,-4361000,-2742909
2013/05/10,0,1369000,-6861000,-5492000
2013/05/13,0,1108000,-3533000,-2425000
2013/05/14,0,1078000,-7158851,-6080851
2013/05/15,0,4110000,-2676475,1433525
2013/05/16,0,3795000,-4566000,-771000
2013/05/17,0,1736000,-3372000,-1636000
2013/05/20,0,2415000,-4237000,-1822000
2013/05/21,0,2092000,-1740453,351547
2013/05/22,0,1784000,-269000,1515000
2013/05/23,0,2025000,-4201974,-2176974
2013/05/24,0,2676162,-4030000,-1353838
2013/05/27,0,1928906,-1010000,918906
2013/05/28,0,5568271,-6497271,-929000
2013/05/29,0,693000,-2438000,-1745000
2013/05/30,0,301000,-2684000,-2383000
2013/05/31,0,3907238,-6635000,-2727762
2013/06/03,0,268000,-2142000,-1874000
2013/06/04,0,977000,-1080000,-103000
2013/06/05,0,1963744,-2194000,-230256
2013/06/06,0,2185930,-2784237,-598307
2013/06/07,0,574340,-3161000,-2586660
2013/06/10,0,765800,-767000,-1200
2013/06/11,0,1883895,-2667827,-783932
2013/06/12,0,0,0,0
2013/06/13,0,528000,-3212500,-2684500
2013/06/14,0,1745000,-3017000,-1272000
2013/06/17,0,1064942,-966000,98942
2013/06/18,0,2725851,-2981165,-255314
2013/06/19,0,1364360,-3277058,-1912698
2013/06/20,0,1293000,-1537373,-244373
2013/06/21,0,959000,-1819872,-860872
2013/06/24,0,697000,-2622888,-1925888
2013/06/25,0,568000,-1662870,-1094870
2013/06/26,0,3395000,-3446989,-51989
2013/06/27,0,5098000,-4244800,853200
2013/06/28,0,7567000,-5509380,2057620
2013/07/01,0,4160000,-5413000,-1253000
2013/07/02,0,6664057,-3293044,3371013
2013/07/03,0,3296000,-3758700,-462700
2013/07/04,0,1406000,-3999000,-2593000
2013/07/05,0,2677000,-1110008,1566992
2013/07/08,0,2321000,-1940000,381000
2013/07/09,0,2403000,-1528618,874382
2013/07/10,0,3687000,-2372000,1315000
2013/07/11,0,4950172,-1846256,3103916
2013/07/12,0,4167000,-2982000,1185000
2013/07/15,0,1879000,-2286200,-407200
2013/07/16,0,2398000,-5491000,-3093000
2013/07/17,0,5037000,-6468723,-1431723
2013/07/18,0,3496000,-6699000,-3203000
2013/07/19,0,2549420,-1040185,1509235
2013/07/22,0,1445084,-1766000,-320916
2013/07/23,0,3614000,-2123081,1490919
2013/07/24,0,2768000,-3694940,-926940
2013/07/25,0,1798250,-1085000,713250
2013/07/26,0,1486000,-3355000,-1869000
2013/07/29,0,326000,-1266165,-940165
2013/07/30,0,1561000,-826000,735000
2013/07/31,0,1853000,-5930000,-4077000
2013/08/01,0,758000,-4065000,-3307000
2013/08/02,0,1284000,-2045000,-761000
2013/08/05,0,1794057,-6330000,-4535943
2013/08/06,0,403000,-8114655,-7711655
2013/08/07,0,589433,-2539572,-1950139
2013/08/08,0,1184000,-4039000,-2855000
2013/08/09,0,1437000,-5098000,-3661000
2013/08/12,0,1423879,-973000,450879
2013/08/13,0,2810000,-1508110,1301890
2013/08/14,0,2044918,-4027000,-1982082
2013/08/15,0,2718000,-4459624,-1741624
2013/08/16,0,2933880,-4087000,-1153120
2013/08/19,0,1917000,-4179001,-2262001
2013/08/20,0,3270000,-3305000,-35000
2013/08/21,0,0,0,0
2013/08/22,0,1586000,-6798890,-5212890
2013/08/23,0,999000,-3444036,-2445036
2013/08/26,0,3924000,-5428961,-1504961
2013/08/27,0,2133000,-4137525,-2004525
2013/08/28,0,916000,-3004000,-2088000
2013/08/29,0,4079114,-4422000,-342886
2013/08/30,0,2032000,-6302000,-4270000
2013/09/02,0,1325000,-3653000,-2328000
2013/09/03,0,2221000,-3405000,-1184000
2013/09/04,0,1580969,-2877636,-1296667
2013/09/05,0,3834498,-3917000,-82502
2013/09/06,0,2074000,-3474000,-1400000
2013/09/09,0,2676000,-4472000,-1796000
2013/09/10,0,6937000,-3795000,3142000
2013/09/11,0,5844000,-5196914,647086
2013/09/12,0,4414000,-1817615,2596385
2013/09/13,0,2417000,-4948000,-2531000
2013/09/16,0,2949000,-726861,2222139
2013/09/17,0,6966000,-2872705,4093295
2013/09/18,0,7171425,-2709000,4462425
2013/09/19,0,0,0,0
2013/09/20,0,0,0,0
2013/09/23,0,3286000,-2048000,1238000
2013/09/24,0,11743000,-3852995,7890005
2013/09/25,0,6135000,-8013000,-1878000
2013/09/26,0,2004000,-4653145,-2649145
2013/09/27,0,2193000,-2621876,-428876
2013/09/30,0,3900420,-4273000,-372580
2013/10/01,0,498000,-3166787,-2668787
2013/10/02,0,1262200,-4401116,-3138916
2013/10/03,0,3936670,-1570000,2366670
2013/10/04,0,3155000,-4995000,-1840000
2013/10/07,0,3618855,-4186000,-567145
2013/10/08,0,4221000,-3911120,309880
2013/10/09,0,1728000,-5139592,-3411592
2013/10/10,0,0,0,0
2013/10/11,0,4375000,-6961395,-2586395
2013/10/14,0,2091000,-1764639,326361
2013/10/15,0,4068000,-2983095,1084905
2013/10/16,0,1309115,-1843168,-534053
2013/10/17,0,1777000,-2266000,-489000
2013/10/18,0,2015000,-1628843,386157
2013/10/21,0,1195415,-652000,543415
2013/10/22,0,1342000,-644000,698000
2013/10/23,0,1238529,-2098000,-859471
2013/10/24,0,720000,-768000,-48000
2013/10/25,0,384039,-1960000,-1575961
2013/10/28,0,1559000,-2527000,-968000
2013/10/29,0,2689000,-935000,1754000
2013/10/30,0,1656000,-387640,1268360
2013/10/31,0,3190000,-5099346,-1909346
2013/11/01,0,3384000,-3241662,142338
2013/11/04,0,3859099,-6748005,-2888906
2013/11/05,0,1142000,-5572849,-4430849
2013/11/06,0,2761000,-350000,2411000
2013/11/07,0,7683000,-10068000,-2385000
2013/11/08,0,3609000,-4462000,-853000
2013/11/11,0,4432000,-3644000,788000
2013/11/12,0,7850000,-2504935,5345065
2013/11/13,0,571346,-6957000,-6385654
2013/11/14,0,2639000,-4467801,-1828801
2013/11/15,0,2054000,-2772000,-718000
2013/11/18,0,1691000,-4153105,-2462105
2013/11/19,0,6462000,-5950182,511818
2013/11/20,0,3077750,-872701,2205049
2013/11/21,0,8034000,-3250208,4783792
2013/11/22,0,14591000,-18437012,-3846012
2013/11/25,0,4549000,-8295000,-3746000
2013/11/26,0,4060375,-3477494,582881
2013/11/27,0,679855,-1921660,-1241805
2013/11/28,0,2008000,-4281660,-2273660
2013/11/29,0,1458000,-2077297,-619297
2013/12/02,0,1063875,-729000,334875
2013/12/03,0,2971030,-2728484,242546
2013/12/04,0,1298000,-2110000,-812000
2013/12/05,0,1851000,-1330015,520985
2013/12/06,0,1503000,-631000,872000
2013/12/09,0,2324000,-292726,2031274
2013/12/10,0,768000,-474125,293875
2013/12/11,0,1600000,-1319953,280047
2013/12/12,0,4716000,-1235293,3480707
2013/12/13,0,7607000,-4645913,2961087
2013/12/16,0,5943001,-4030057,1912944
2013/12/17,0,6160000,-4829860,1330140
2013/12/18,0,5846602,-1969929,3876673
2013/12/19,0,2179000,-979832,1199168
2013/12/20,0,5209000,-2343388,2865612
2013/12/23,0,4114000,-4249000,-135000
2013/12/24,0,7384000,-13022000,-5638000
2013/12/25,0,273000,-898000,-625000
2013/12/26,0,56000,-1025000,-969000
2013/12/27,0,894000,-3266000,-2372000
2013/12/30,0,2883999,-245006,2638993
2013/12/31,0,1597001,-1632000,-34999
2014/01/02,0,471000,-3405000,-2934000
2014/01/03,0,750000,-1936000,-1186000
2014/01/06,0,1909000,-992080,916920
2014/01/07,0,343000,-1102000,-759000
2014/01/08,0,3097000,-1719000,1378000
2014/01/09,0,1084000,-982000,102000
2014/01/10,0,1405000,-618000,787000
2014/01/13,0,624000,-3606000,-2982000
2014/01/14,0,2001000,-4102000,-2101000
2014/01/15,0,2273000,-4621634,-2348634
2014/01/16,0,4115000,-4658114,-543114
2014/01/17,0,680855,-537698,143157
2014/01/20,0,382000,-3132000,-2750000
2014/01/21,0,2802000,-4313548,-1511548
2014/01/22,0,1092000,-813379,278621
2014/01/23,0,581000,-4118000,-3537000
2014/01/24,0,1629000,-4101000,-2472000
2014/01/27,0,1544000,-9121293,-7577293
2014/02/05,0,9809746,-20914000,-11104254
2014/02/06,0,1473000,-5213000,-3740000
2014/02/07,0,721000,-1504000,-783000
2014/02/10,0,1105000,-2041000,-936000
2014/02/11,0,572400,-2984901,-2412501
2014/02/12,0,1230000,-1045361,184639
2014/02/13,0,652000,-1058000,-406000
2014/02/14,0,2682800,-1117654,1565146
2014/02/17,0,872000,-541000,331000
2014/02/18,0,2317000,-157000,2160000
2014/02/19,0,1410001,-241000,1169001
2014/02/20,0,1204000,-620000,584000
2014/02/21,0,8242000,-7783000,459000
2014/02/24,0,729000,-2680000,-1951000
2014/02/25,0,1016000,-1499000,-483000
2014/02/26,0,2076000,-3310258,-1234258
2014/02/27,0,1303000,-1959943,-656943
2014/03/03,0,1737000,-4030000,-2293000
2014/03/04,0,321656,-1505000,-1183344
2014/03/05,0,711000,-3303000,-2592000
2014/03/06,0,1237000,-1375016,-138016
2014/03/07,0,2347333,-1112000,1235333
2014/03/10,0,764000,-629057,134943
2014/03/11,0,504000,-1541656,-1037656
2014/03/12,0,1160000,-364286,795714
2014/03/13,0,4221310,-1267057,2954253
2014/03/14,0,3774000,-805000,2969000
2014/03/17,0,872000,-600000,272000
2014/03/18,0,657000,-818035,-161035
2014/03/19,0,397000,-2028000,-1631000
2014/03/20,0,932000,-3524000,-2592000
2014/03/21,0,1364000,-1341000,23000
2014/03/24,0,2072000,-623000,1449000
2014/03/25,0,2214000,-481000,1733000
2014/03/26,0,2461000,-2743489,-282489
2014/03/27,0,2414000,-3520000,-1106000
2014/03/28,0,3302000,-1787000,1515000
2014/03/31,0,4106429,-1310000,2796429
2014/04/01,0,2821000,-1404506,1416494
2014/04/02,0,10687385,-1526848,9160537
2014/04/03,0,3402000,-393000,3009000
2014/04/07,0,5917000,-3090000,2827000
2014/04/08,0,6073057,-3363815,2709242
2014/04/09,0,5660000,-2451000,3209000
2014/04/10,0,7337000,-287667,7049333
2014/04/11,0,2190684,-1861000,329684
2014/04/14,0,3310001,-1229126,2080875
2014/04/15,0,6558000,-2135576,4422424
2014/04/16,0,12119000,-2823000,9296000
2014/04/17,0,1987000,-5430000,-3443000
2014/04/18,0,696000,-3860275,-3164275
2014/04/21,0,5828000,-3017000,2811000
2014/04/22,0,7517000,-7781000,-264000
2014/04/23,0,1960000,-1763000,197000
2014/04/24,0,1152000,-381354,770646
2014/04/25,0,2455000,-2331000,124000
2014/04/28,0,1797000,-2506000,-709000
2014/04/29,0,3916000,-2639000,1277000
2014/04/30,0,3507000,-4695000,-1188000
2014/05/02,0,1920000,-1206000,714000
2014/05/05,0,345000,-4506000,-4161000
2014/05/06,0,1793000,-4281000,-2488000
2014/05/07,0,1888000,-7928000,-6040000
2014/05/08,0,5259000,-4051000,1208000
2014/05/09,0,5894000,-3737000,2157000
2014/05/12,0,5453057,-4200220,1252837
2014/05/13,0,5136000,-2960000,2176000
2014/05/14,0,5177000,-5311000,-134000
2014/05/15,0,8135000,-4786500,3348500
2014/05/16,0,7019000,-2874000,4145000
2014/05/19,0,1014000,-1556703,-542703
2014/05/20,0,2568316,-2871167,-302851
2014/05/21,0,1813000,-2523500,-710500
2014/05/22,0,1992000,-1085000,907000
2014/05/23,0,3153000,-1491809,1661191
2014/05/26,0,4265000,-3271000,994000
2014/05/27,0,699000,-941000,-242000
2014/05/28,0,3718000,-2802652,915348
2014/05/29,0,1792000,-2214924,-422924
2014/05/30,0,6071000,-5608274,462726
2014/06/03,0,4709000,-2104100,2604900
2014/06/04,0,1776000,-2170000,-394000
2014/06/05,0,7778000,-2373495,5404505
2014/06/06,0,3113000,-3458000,-345000
2014/06/09,0,3712000,-11433000,-7721000
2014/06/10,0,5405601,-6122000,-716399
2014/06/11,0,3287000,-5149023,-1862023
2014/06/12,0,1526000,-3167000,-1641000
2014/06/13,0,3159000,-1681000,1478000
2014/06/16,0,3599000,-4187658,-588658
2014/06/17,0,3712000,-2482000,1230000
2014/06/18,0,5718000,-5145000,573000
2014/06/19,0,842471,-2557000,-1714529
2014/06/20,0,2804000,-4823000,-2019000
2014/06/23,0,3966000,-873506,3092494
2014/06/24,0,2367000,-328002,2038998
2014/06/25,0,2204000,-3346927,-1142927
2014/06/26,0,2093221,-408000,1685221
2014/06/27,0,997000,-4556000,-3559000
2014/06/30,0,1815000,-2539000,-724000
2014/07/01,0,1108000,-2138000,-1030000
2014/07/02,0,2049114,-2938000,-888886
2014/07/03,0,521000,-2707000,-2186000
2014/07/04,0,2360000,-3178000,-818000
2014/07/07,0,2815000,-1565000,1250000
2014/07/08,0,2432000,-1848000,584000
2014/07/09,0,2543000,-2117000,426000
2014/07/10,0,4559752,-4310000,249752
2014/07/11,0,1986000,-3674000,-1688000
2014/07/14,0,1697500,-1928780,-231280
2014/07/15,0,2772676,-4864000,-2091324
2014/07/16,0,10391000,-5113000,5278000
2014/07/17,0,4128283,-5884544,-1756261
2014/07/18,0,2524000,-1818000,706000
2014/07/21,0,1332000,-1995000,-663000
2014/07/22,0,10304000,-5634000,4670000
2014/07/23,0,0,0,0
2014/07/24,0,21986000,-9214000,12772000
2014/07/25,0,5052000,-9777000,-4725000
2014/07/28,0,4165613,-7643000,-3477387
2014/07/29,0,6148000,-18030249,-11882249
2014/07/30,0,5167000,-6928000,-1761000
2014/07/31,0,2345000,-3073000,-728000
2014/08/01,0,5603000,-6209000,-606000
2014/08/04,0,4637000,-5258000,-621000
2014/08/05,0,3423000,-6355192,-2932192
2014/08/06,0,4101000,-5312000,-1211000
2014/08/07,0,11933653,-6884830,5048823
2014/08/08,0,12754000,-12811256,-57256
2014/08/11,0,6266000,-3497778,2768222
2014/08/12,0,25978500,-3737533,22240967
2014/08/13,0,10700000,-2189000,8511000
2014/08/14,0,3837000,-5718200,-1881200
2014/08/15,0,5310000,-1633000,3677000
2014/08/18,0,2728000,-2545000,183000
2014/08/19,0,2954640,-3423000,-468360
2014/08/20,0,4216640,-3875000,341640
2014/08/21,0,3069000,-4802000,-1733000
2014/08/22,0,3687547,-1496000,2191547
2014/08/25,0,1258000,-1400000,-142000
2014/08/26,0,2777732,-3311000,-533268
2014/08/27,0,7348000,-2691060,4656940
2014/08/28,0,2969000,-3078010,-109010
2014/08/29,0,5843000,-3953846,1889154
2014/09/01,0,6662000,-5363000,1299000
2014/09/02,0,1330000,-4912000,-3582000
2014/09/03,0,3992441,-1951000,2041441
2014/09/04,0,2201286,-3482428,-1281142
2014/09/05,0,993000,-2279000,-1286000
2014/09/09,0,2690000,-2270000,420000
2014/09/10,0,2617000,-2853708,-236708
2014/09/11,0,2726000,-11311000,-8585000
2014/09/12,0,2420236,-6933000,-4512764
2014/09/15,0,1807000,-2892000,-1085000
2014/09/16,0,1539000,-16527000,-14988000
2014/09/17,0,4305000,-5907000,-1602000
2014/09/18,0,883000,-3747000,-2864000
2014/09/19,0,1896000,-8828000,-6932000
2014/09/22,0,483000,-10821725,-10338725
2014/09/23,0,4801000,-7895000,-3094000
2014/09/24,0,1531687,-10841945,-9310258
2014/09/25,0,5729000,-12006000,-6277000
2014/09/26,0,1806000,-7459000,-5653000
2014/09/29,0,8810000,-10049460,-1239460
2014/09/30,0,4739900,-5620000,-880100
2014/10/01,0,778000,-5272000,-4494000
2014/10/02,0,4902000,-6299000,-1397000
2014/10/03,0,1568057,-5972000,-4403943
2014/10/06,0,116000,-6549000,-6433000
2014/10/07,0,708000,-1781710,-1073710
2014/10/08,0,2172000,-3423000,-1251000
2014/10/09,0,2723000,-1098383,1624617
2014/10/13,0,2872000,-3596461,-724461
2014/10/14,0,4411100,-1383000,3028100
2014/10/15,0,2065000,-3233000,-1168000
2014/10/16,0,2596000,-6084000,-3488000
2014/10/17,0,3205000,-6241000,-3036000
2014/10/20,0,3589000,-8898710,-5309710
2014/10/21,0,3097000,-3799000,-702000
2014/10/22,0,12657057,-7558000,5099057
2014/10/23,0,796057,-4349000,-3552943
2014/10/24,0,674000,-3392275,-2718275
2014/10/27,0,1223000,-3660000,-2437000
2014/10/28,0,2977000,-8171000,-5194000
2014/10/29,0,3653672,-1406000,2247672
2014/10/30,0,1355399,-889000,466399
2014/10/31,0,4881000,-3079000,1802000
2014/11/03,0,1144000,-1283000,-139000
2014/11/04,0,1389000,-2474000,-1085000
2014/11/05,0,765000,-1699000,-934000
2014/11/06,0,478000,-3961000,-3483000
2014/11/07,0,2362000,-7383930,-5021930
2014/11/10,0,3323000,-2915300,407700
2014/11/11,0,1430000,-2310061,-880061
2014/11/12,0,866000,-2649000,-1783000
2014/11/13,0,1064000,-2593000,-1529000
2014/11/14,0,3270000,-5349000,-2079000
2014/11/17,0,1179000,-4526979,-3347979
2014/11/18,0,3847855,-5745000,-1897145
2014/11/19,0,7283700,-3409000,3874700
2014/11/20,0,2423000,-734000,1689000
2014/11/21,0,5601000,-4730000,871000
2014/11/24,0,609000,-3339000,-2730000
2014/11/25,0,2609666,-5386833,-2777167
2014/11/26,0,660000,-2619000,-1959000
2014/11/27,0,1565000,-2683000,-1118000
2014/11/28,0,1488000,-2838804,-1350804
2014/12/01,0,3103000,-3080799,22201
2014/12/02,0,4099000,-3098000,1001000
2014/12/03,0,4994000,-3897000,1097000
2014/12/04,0,3997000,-3337000,660000
2014/12/05,0,2210000,-901000,1309000
2014/12/08,0,3630000,-2062000,1568000
2014/12/09,0,960000,-441000,519000
2014/12/10,0,6241892,-2643097,3598795
2014/12/11,0,11393000,-3219708,8173292
2014/12/12,0,4140859,-3961409,179450
2014/12/15,0,1420000,-3966000,-2546000
2014/12/16,0,838000,-2999158,-2161158
2014/12/17,0,3587000,-4998870,-1411870
2014/12/18,0,2148000,-3123000,-975000
2014/12/19,0,3107000,-2919603,187397
2014/12/22,0,5638000,-2758000,2880000
2014/12/23,0,4346000,-4919000,-573000
2014/12/24,0,8193000,-1175000,7018000
2014/12/25,0,2059000,-1838000,221000
2014/12/26,0,1202000,-1955000,-753000
2014/12/29,0,3592000,-2317150,1274850
2014/12/30,0,2756000,-455000,2301000
2014/12/31,0,1722000,-711192,1010808
2015/01/01,0,0,0,0
2015/01/02,0,0,0,0
2015/01/05,0,1632000,-1629000,3000
2015/01/06,0,3518000,-3818000,-300000
2015/01/07,0,5083000,-5196000,-113000
2015/01/08,0,4448000,-2208500,2239500
2015/01/09,0,3629000,-1280000,2349000
2015/01/12,0,2097000,-5152000,-3055000
2015/01/13,0,4226000,-6163000,-1937000
2015/01/14,0,3783000,-6284500,-2501500
2015/01/15,0,1867000,-3003000,-1136000
2015/01/16,0,3168000,-4131583,-963583
2015/01/19,0,2186943,-2456000,-269057
2015/01/20,0,3515000,-1129013,2385987
2015/01/21,0,5192000,-1820000,3372000
2015/01/22,0,4065000,-2881692,1183308
2015/01/23,0,7745000,-1885001,5859999
2015/01/26,0,1947000,-1475000,472000
2015/01/27,0,2961000,-2732558,228442
2015/01/28,0,2220000,-2650000,-430000
2015/01/29,0,4286000,-2609939,1676061
2015/01/30,0,6115036,-4003269,2111767
2015/02/02,0,2208000,-530000,1678000
2015/02/03,0,2766000,-1671000,1095000
2015/02/04,0,3518000,-3943423,-425423
2015/02/05,0,2244000,-2377000,-133000
2015/02/06,0,2272600,-2142000,130600
2015/02/09,0,2386670,-1703000,683670
2015/02/10,0,5171000,-1436000,3735000
2015/02/11,0,9642000,-3958000,5684000
2015/02/12,0,6222490,-1741000,4481490
2015/02/13,0,2775784,-3217000,-441216
2015/02/16,0,0,0,0
2015/02/17,0,0,0,0
2015/02/18,0,0,0,0
2015/02/19,0,0,0,0
2015/02/20,0,0,0,0
2015/02/23,0,0,0,0
2015/02/24,0,4320000,-3007313,1312687
2015/02/25,0,6908000,-6463086,444914
2015/02/26,0,8016042,-7453011,563031
2015/02/27,0,0,0,0
2015/03/02,0,4975000,-1913019,3061981
2015/03/03,0,4307127,-3161082,1146045
2015/03/04,0,1775000,-2610000,-835000
2015/03/05,0,8143000,-2374010,5768990
2015/03/06,0,18551592,-2442634,16108958
2015/03/09,0,721000,-5670000,-4949000
2015/03/10,0,2644257,-3016165,-371908
2015/03/11,0,3493000,-3041000,452000
2015/03/12,0,1464000,-2248202,-784202
2015/03/13,0,1706000,-5909000,-4203000
2015/03/16,0,1060000,-4235409,-3175409
2015/03/17,0,5148000,-2291000,2857000
2015/03/18,0,6610000,-3935525,2674475
2015/03/19,0,3192000,-2282600,909400
2015/03/20,0,5239000,-3753910,1485090
2015/03/23,0,2182000,-777000,1405000
2015/03/24,0,6111006,-2331174,3779832
2015/03/25,0,1031780,-1844000,-812220
2015/03/26,0,2554200,-5602000,-3047800
2015/03/27,0,1761000,-6519000,-4758000
2015/03/30,0,1457000,-6071678,-4614678
2015/03/31,0,1827000,-7945534,-6118534
2015/04/01,0,850000,-5323000,-4473000
2015/04/02,0,988186,-5766654,-4778468
2015/04/03,0,0,0,0
2015/04/06,0,0,0,0
2015/04/07,0,772000,-871000,-99000
2015/04/08,0,566000,-6888000,-6322000
2015/04/09,0,1546000,-905000,641000
2015/04/10,0,1491000,-2726998,-1235998
2015/04/13,0,721000,-2509000,-1788000
2015/04/14,0,566000,-1362000,-796000
2015/04/15,0,567000,-9561890,-8994890
2015/04/16,0,2828000,-586000,2242000
2015/04/17,0,396127,-3395000,-2998873
2015/04/20,0,1971000,-2942000,-971000
2015/04/21,0,1747000,-3477000,-1730000
2015/04/22,0,1693124,-3583827,-1890703
2015/04/23,0,4071000,-1258241,2812759
2015/04/24,0,6450000,-564017,5885983
2015/04/27,0,5777000,-2358000,3419000
2015/04/28,0,5041000,-3833822,1207178
2015/04/29,0,5734000,-2315000,3419000
2015/04/30,0,3618000,-5715000,-2097000
2015/05/01,0,0,0,0
2015/05/04,0,2087000,-1479000,608000
2015/05/05,0,584000,-2415744,-1831744
2015/05/06,0,1569000,-4135427,-2566427
2015/05/07,0,721000,-4482774,-3761774
2015/05/08,0,2419366,-4042000,-1622634
2015/05/11,0,2450610,-3748406,-1297796
2015/05/12,0,1365000,-4387000,-3022000
2015/05/13,0,7214000,-3224784,3989216
2015/05/14,0,2330000,-5658684,-3328684
2015/05/15,0,781000,-2490783,-1709783
2015/05/18,0,1105000,-1667000,-562000
2015/05/19,0,3606912,-3435000,171912
2015/05/20,0,620000,-3020400,-2400400
2015/05/21,0,439000,-4899000,-4460000
2015/05/22,0,561000,-1761000,-1200000
2015/05/25,0,665000,-2532000,-1867000
2015/05/26,0,1319000,-1295774,23226
2015/05/27,0,2063000,-7218058,-5155058
2015/05/28,0,2333000,-4372127,-2039127
2015/05/29,0,15199219,-13807926,1391293
2015/06/01,0,811311,-6889311,-6078000
2015/06/02,0,2114848,-6541328,-4426480
2015/06/03,0,674200,-3132200,-2458000
2015/06/04,0,1381000,-6697206,-5316206
2015/06/05,0,2094000,-3302546,-1208546
2015/06/08,0,2141000,-3022000,-881000
2015/06/09,0,5637960,-5013697,624263
2015/06/10,0,11437000,-4776197,6660803
2015/06/11,0,5528000,-6736029,-1208029
2015/06/12,0,1339220,-2350362,-1011142
2015/06/15,0,2600000,-3634000,-1034000
2015/06/16,0,2100000,-4285993,-2185993
2015/06/17,0,2680000,-7063370,-4383370
2015/06/18,0,3788302,-6482327,-2694025
2015/06/19,0,0,0,0
2015/06/22,0,1533710,-5215851,-3682141
2015/06/23,0,1523000,-3448110,-1925110
2015/06/24,0,630930,-4727444,-4096514
2015/06/25,0,3442883,-6269004,-2826121
2015/06/26,0,937000,-2738000,-1801000
2015/06/29,0,2832000,-4009000,-1177000
2015/06/30,0,3375001,-6292036,-2917035
2015/07/01,0,1646000,-3989912,-2343912
2015/07/02,0,3093190,-4163000,-1069810
2015/07/03,0,558000,-4884000,-4326000
2015/07/06,0,1571000,-2320000,-749000
2015/07/07,0,1437000,-5681000,-4244000
2015/07/08,0,3049000,-7283496,-4234496
2015/07/09,0,2326000,-7887000,-5561000
2015/07/10,0,0,0,0
2015/07/13,0,2274000,-5589794,-3315794
2015/07/14,0,1412000,-2942000,-1530000
2015/07/15,0,2287000,-2831486,-544486
2015/07/16,0,2520000,-1336000,1184000
2015/07/17,0,1023000,-2203000,-1180000
2015/07/20,0,2948716,-443000,2505716
2015/07/21,0,2115000,-343564,1771436
2015/07/22,0,727000,-835295,-108295
2015/07/23,0,858000,-1592000,-734000
2015/07/24,0,1013186,-2079000,-1065814
2015/07/27,0,1860000,-1641000,219000
2015/07/28,0,3202427,-2524000,678427
2015/07/29,0,987092,-4256490,-3269398
2015/07/30,0,1997000,-941262,1055738
2015/07/31,0,3786893,-3508428,278465
2015/08/03,0,1318011,-1971192,-653181
2015/08/04,0,1787000,-1047580,739420
2015/08/05,0,1300000,-880000,420000
2015/08/06,0,2527000,-4384511,-1857511
2015/08/07,0,2603000,-3027000,-424000
2015/08/10,0,2049000,-1498000,551000
2015/08/11,0,2657000,-3874498,-1217498
2015/08/12,0,1829000,-859000,970000
2015/08/13,0,1831000,-3601522,-1770522
2015/08/14,0,3718000,-5191000,-1473000
2015/08/17,0,4825304,-2525000,2300304
2015/08/18,0,2546000,-2207450,338550
2015/08/19,0,1909719,-4058000,-2148281
2015/08/20,0,3513000,-3918000,-405000
2015/08/21,0,5766000,-4237064,1528936
2015/08/24,0,7641000,-4643000,2998000
2015/08/25,0,4851000,-3751450,1099550
2015/08/26,0,9920000,-9250324,669676
2015/08/27,0,6324000,-5756000,568000
2015/08/28,0,3082000,-5579785,-2497785
2015/08/31,0,6511644,-15686115,-9174471
2015/09/01,0,11488000,-2854140,8633860
2015/09/02,0,6635000,-4158697,2476303
2015/09/03,0,6919000,-3843000,3076000
2015/09/04,0,5225197,-4414937,810260
2015/09/07,0,4683000,-1037000,3646000
2015/09/08,0,2643000,-2426000,217000
2015/09/09,0,8178874,-1993000,6185874
2015/09/10,0,6750000,-1367000,5383000
2015/09/11,0,1289000,-1139000,150000
2015/09/14,0,3054000,-847000,2207000
2015/09/15,0,3525000,-1487000,2038000
2015/09/16,0,981000,-894124,86876
2015/09/17,0,4500000,-5006000,-506000
2015/09/18,0,4258006,-4823185,-565179
2015/09/21,0,1440000,-2079444,-639444
2015/09/22,0,688000,-1448000,-760000
2015/09/23,0,804000,-2557492,-1753492
2015/09/24,0,1883000,-2478000,-595000
2015/09/25,0,4605000,-2475632,2129368
2015/09/28,0,0,0,0
2015/09/29,0,0,0,0
2015/09/30,0,4429000,-9325545,-4896545
2015/10/01,0,2235000,-5095000,-2860000
2015/10/02,0,1980000,-1492000,488000
2015/10/05,0,1372000,-2219300,-847300
2015/10/06,0,3145000,-1978000,1167000
2015/10/07,0,3611000,-2786000,825000
2015/10/08,0,4390000,-1173000,3217000
2015/10/09,0,0,0,0
2015/10/12,0,3308000,-2154000,1154000
2015/10/13,0,2385186,-2083054,302132
2015/10/14,0,1126000,-1478246,-352246
2015/10/15,0,2465000,-900330,1564670
2015/10/16,0,2263000,-913000,1350000
2015/10/19,0,3185000,-1177874,2007126
2015/10/20,0,1991000,-1544330,446670
2015/10/21,0,1420000,-408000,1012000
2015/10/22,0,4944000,-4190000,754000
2015/10/23,0,2949000,-985000,1964000
2015/10/26,0,2672000,-2228000,444000
2015/10/27,0,3703000,-2893986,809014
2015/10/28,0,1066000,-2856517,-1790517
2015/10/29,0,639000,-3035603,-2396603
2015/10/30,0,1672000,-3175029,-1503029
2015/11/02,0,2449000,-2010000,439000
2015/11/03,0,1919000,-1826416,92584
2015/11/04,0,3958000,-3726914,231086
2015/11/05,0,1687000,-1389000,298000
2015/11/06,0,606000,-14525000,-13919000
2015/11/09,0,2301480,-4540000,-2238520
2015/11/10,0,3154000,-5114000,-1960000
2015/11/11,0,581000,-4587000,-4006000
2015/11/12,0,876458,-2658000,-1781542
2015/11/13,0,1489000,-3296711,-1807711
2015/11/16,0,550000,-4091000,-3541000
2015/11/17,0,497000,-1420176,-923176
2015/11/18,0,350000,-5954000,-5604000
2015/11/19,0,2187000,-1106000,1081000
2015/11/20,0,1183000,-1920000,-737000
2015/11/23,0,2522000,-2251000,271000
2015/11/24,0,3190000,-1939127,1250873
2015/11/25,0,994000,-2187000,-1193000
2015/11/26,0,6373000,-958000,5415000
2015/11/27,0,59000,-3664964,-3605964
2015/11/30,0,9976837,-9950718,26119
2015/12/01,0,2058000,-2964050,-906050
2015/12/02,0,1217000,-1642000,-425000
2015/12/03,0,1279000,-1684000,-405000
2015/12/04,0,2739000,-4329844,-1590844
2015/12/07,0,2182000,-1565300,616700
2015/12/08,0,521000,-4473576,-3952576
2015/12/09,0,634000,-4243000,-3609000
2015/12/10,0,588000,-5239158,-4651158
2015/12/11,0,1419000,-5599000,-4180000
2015/12/14,0,2694000,-3893493,-1199493
2015/12/15,0,5633000,-3822221,1810779
2015/12/16,0,2810000,-3035516,-225516
2015/12/17,0,6090000,-1780688,4309312
2015/12/18,0,5365132,-2621579,2743553
2015/12/21,0,603000,-3722000,-3119000
2015/12/22,0,1792415,-1347087,445328
2015/12/23,0,3606511,-1906000,1700511
2015/12/24,0,1561000,-191000,1370000
2015/12/25,0,670000,-287000,383000
2015/12/28,0,1217000,-155000,1062000
2015/12/29,0,94000,-265000,-171000
2015/12/30,0,519003,-1259226,-740223
2015/12/31,0,1001773,-549000,452773
2016/01/01,0,0,0,0
2016/01/04,0,565920,-5107000,-4541080
2016/01/05,0,868995,-4676720,-3807725
2016/01/06,0,2388397,-3669000,-1280603
2016/01/07,0,4398554,-5148963,-750409
2016/01/08,0,1830000,-4362019,-2532019
2016/01/11,0,682144,-5209000,-4526856
2016/01/12,0,1465000,-4614000,-3149000
2016/01/13,0,1333000,-3774461,-2441461
2016/01/14,0,2559186,-2601000,-41814
2016/01/15,0,4485000,-4285188,199812
2016/01/18,0,1116096,-3071000,-1954904
2016/01/19,0,1158000,-2528755,-1370755
2016/01/20,0,1811438,-5850000,-4038562
2016/01/21,0,1644000,-2352000,-708000
2016/01/22,0,5134000,-1644000,3490000
2016/01/25,0,5439000,-1129000,4310000
2016/01/26,0,1863000,-2300000,-437000
2016/01/27,0,4809000,-435303,4373697
2016/01/28,0,6086000,-3527534,2558466
2016/01/29,0,7485781,-3249000,4236781
2016/02/01,0,3461000,-2291333,1169667
2016/02/02,0,4412267,-2524957,1887310
2016/02/03,0,3384000,-3219666,164334
2016/02/04,0,0,0,0
2016/02/05,0,0,0,0
2016/02/08,0,0,0,0
2016/02/09,0,0,0,0
2016/02/10,0,0,0,0
2016/02/11,0,0,0,0
2016/02/12,0,0,0,0
2016/02/15,0,5008186,-3376000,1632186
2016/02/16,0,8123000,-1160449,6962551
2016/02/17,0,5371372,-4652333,719039
2016/02/18,0,5445853,-2166333,3279520
2016/02/19,0,3312432,-1333931,1978501
2016/02/22,0,2571000,-2092333,478667
2016/02/23,0,1248262,-2901333,-1653071
2016/02/24,0,912000,-1644090,-732090
2016/02/25,0,2144795,-1609508,535287
2016/02/26,0,2200549,-4784994,-2584445
2016/02/29,0,0,0,0
2016/03/01,0,3798075,-3382098,415977
2016/03/02,0,3219572,-1684000,1535572
2016/03/03,0,4686536,-600926,4085610
2016/03/04,0,5482000,-2105000,3377000
2016/03/07,0,4652000,-1166000,3486000
2016/03/08,0,4568000,-2188000,2380000
2016/03/09,0,2168000,-1820438,347562
2016/03/10,0,3902000,-1061516,2840484
2016/03/11,0,3302000,-6059385,-2757385
2016/03/14,0,1979000,-1673000,306000
2016/03/15,0,2453000,-2388000,65000
2016/03/16,0,3168000,-1661000,1507000
2016/03/17,0,4756000,-4853696,-97696
2016/03/18,0,10469696,-12515498,-2045802
2016/03/21,0,1235000,-1321000,-86000
2016/03/22,0,3423926,-2726000,697926
2016/03/23,0,4149000,-1500000,2649000
2016/03/24,0,4318000,-1456000,2862000
2016/03/25,0,4115000,-1304000,2811000
2016/03/28,0,1224000,-2589000,-1365000
2016/03/29,0,1054000,-2358000,-1304000
2016/03/30,0,4667000,-933800,3733200
2016/03/31,0,4168000,-4444000,-276000
2016/04/01,0,1719000,-3389000,-1670000
2016/04/04,0,0,0,0
2016/04/05,0,0,0,0
2016/04/06,0,2731575,-3854416,-1122841
2016/04/07,0,240000,-2758000,-2518000
2016/04/08,0,1967000,-4880050,-2913050
2016/04/11,0,990000,-1980570,-990570
2016/04/12,0,1286000,-940000,346000
2016/04/13,0,4339682,-677000,3662682
2016/04/14,0,2129000,-1001716,1127284
2016/04/15,0,3503032,-1569000,1934032
2016/04/18,0,1177000,-1295000,-118000
2016/04/19,0,1934000,-1530000,404000
2016/04/20,0,1601197,-2435000,-833803
2016/04/21,0,2601000,-993000,1608000
2016/04/22,0,724000,-2297000,-1573000
2016/04/25,0,591000,-1925000,-1334000
2016/04/26,0,1772204,-3141000,-1368796
2016/04/27,0,1594000,-2214000,-620000
2016/04/28,0,1198333,-4267000,-3068667
2016/04/29,0,4410000,-5561000,-1151000
2016/05/02,0,0,0,0
2016/05/03,0,1176000,-5906000,-4730000
2016/05/04,0,805000,-4729927,-3924927
2016/05/05,0,349000,-3700612,-3351612
2016/05/06,0,2217000,-6963000,-4746000
2016/05/09,0,737000,-2457000,-1720000
2016/05/10,0,2030000,-3160000,-1130000
2016/05/11,0,2618503,-8283800,-5665297
2016/05/12,0,1999000,-2597000,-598000
2016/05/13,0,13942000,-5235000,8707000
2016/05/16,0,2135000,-3928000,-1793000
2016/05/17,0,7440000,-3500000,3940000
2016/05/18,0,5435000,-4584000,851000
2016/05/19,0,1124000,-3752254,-2628254
2016/05/20,0,3493000,-2812716,680284
2016/05/23,0,3513355,-1996000,1517355
2016/05/24,0,891492,-1526000,-634508
2016/05/25,0,5240000,-3249000,1991000
2016/05/26,0,3230000,-2291000,939000
2016/05/27,0,8262000,-3377752,4884248
2016/05/30,0,6381000,-3214000,3167000
2016/05/31,0,10898000,-8933882,1964118
2016/06/01,0,6401000,-3891000,2510000
2016/06/02,0,5918000,-2201800,3716200
2016/06/03,0,8106547,-3774000,4332547
2016/06/06,0,10680250,-3883708,6796542
2016/06/07,0,26835000,-5289680,21545320
2016/06/08,0,26255000,-6646000,19609000
2016/06/09,0,0,0,0
2016/06/10,0,0,0,0
2016/06/13,0,7998150,-2538000,5460150
2016/06/14,0,12782000,-6315400,6466600
2016/06/15,0,8939000,-5345000,3594000
2016/06/16,0,6540000,-8488000,-1948000
2016/06/17,0,14524000,-2372816,12151184
2016/06/20,0,4210504,-2575000,1635504
2016/06/21,0,9383000,-2967000,6416000
2016/06/22,0,5737910,-3235000,2502910
2016/06/23,0,1480000,-1858000,-378000
2016/06/24,0,11998000,-4370000,7628000
2016/06/27,0,2108000,-10159000,-8051000
2016/06/28,0,4544000,-6350440,-1806440
2016/06/29,0,2979000,-3580800,-601800
2016/06/30,0,5596000,-6611824,-1015824
2016/07/01,0,8024000,-5529000,2495000
2016/07/04,0,3018000,-2739000,279000
2016/07/05,0,7942800,-10129000,-2186200
2016/07/06,0,3477000,-15883649,-12406649
2016/07/07,0,3559000,-5825894,-2266894
2016/07/08,0,0,0,0
2016/07/11,0,5066000,-2937000,2129000
2016/07/12,0,4386000,-3244504,1141496
2016/07/13,0,10721000,-8014000,2707000
2016/07/14,0,3561000,-4445000,-884000
2016/07/15,0,5673000,-1797000,3876000
2016/07/18,0,4617000,-2575000,2042000
2016/07/19,0,4992000,-2127000,2865000
2016/07/20,0,4881000,-1008000,3873000
2016/07/21,0,4732054,-1253055,3478999
2016/07/22,0,13498565,-2511968,10986597
2016/07/25,0,8733000,-4715000,4018000
2016/07/26,0,5780000,-1682000,4098000
2016/07/27,0,3113000,-1312000,1801000
2016/07/28,0,3896000,-2146000,1750000
2016/07/29,0,2773000,-2648325,124675
2016/08/01,0,2990760,-823462,2167298
2016/08/02,0,3062000,-3581982,-519982
2016/08/03,0,3687000,-6126000,-2439000
2016/08/04,0,2077000,-1463514,613486
2016/08/05,0,4831000,-723000,4108000
2016/08/08,0,2276000,-399000,1877000
2016/08/09,0,4567000,-672000,3895000
2016/08/10,0,2744686,-1194000,1550686
2016/08/11,0,3310000,-1950000,1360000
2016/08/12,0,6370000,-22574258,-16204258
2016/08/15,0,6966364,-1589000,5377364
2016/08/16,0,5579000,-5690000,-111000
2016/08/17,0,4566653,-1488000,3078653
2016/08/18,0,3544000,-2521000,1023000
2016/08/19,0,4337111,-2951000,1386111
2016/08/22,0,8820000,-3073039,5746961
2016/08/23,0,5068000,-5774379,-706379
2016/08/24,0,1036000,-3322000,-2286000
2016/08/25,0,4411000,-2232000,2179000
2016/08/26,0,2564094,-1894900,669194
2016/08/29,0,2161000,-1821969,339031
2016/08/30,0,1644000,-2325000,-681000
2016/08/31,0,6786075,-4197000,2589075
2016/09/01,0,6860000,-2829158,4030842
2016/09/02,0,14585000,-4789000,9796000
2016/09/05,0,3969000,-3920000,49000
2016/09/06,0,5723000,-4279000,1444000
2016/09/07,0,3591000,-7180000,-3589000
2016/09/08,0,1874000,-6464298,-4590298
2016/09/09,0,1110000,-2947000,-1837000
2016/09/12,0,428000,-2854096,-2426096
2016/09/13,0,2897000,-2834000,63000
2016/09/14,0,2708000,-2569000,139000
2016/09/15,0,0,0,0
2016/09/16,0,0,0,0
2016/09/19,0,5174000,-1234000,3940000
2016/09/20,0,1468194,-1057000,411194
2016/09/21,0,1056000,-911000,145000
2016/09/22,0,1230000,-1188000,42000
2016/09/23,0,3516000,-1299000,2217000
2016/09/26,0,1997000,-1505000,492000
2016/09/27,0,0,0,0
2016/09/28,0,0,0,0
2016/09/29,0,5505000,-3313056,2191944
2016/09/30,0,1819000,-4421034,-2602034
2016/10/03,0,1024000,-820000,204000
2016/10/04,0,2408000,-1488213,919787
2016/10/05,0,874000,-679000,195000
2016/10/06,0,1095992,-2075000,-979008
2016/10/07,0,450000,-1044000,-594000
2016/10/10,0,0,0,0
2016/10/11,0,2582000,-1432000,1150000
2016/10/12,0,1192000,-640210,551790
2016/10/13,0,2218000,-2771000,-553000
2016/10/14,0,4394000,-2174000,2220000
2016/10/17,0,1730000,-4542400,-2812400
2016/10/18,0,2054372,-3048957,-994585
2016/10/19,0,1679186,-2162000,-482814
2016/10/20,0,389000,-2429232,-2040232
2016/10/21,0,3087000,-1530000,1557000
2016/10/24,0,1921000,-1999323,-78323
2016/10/25,0,1019617,-851000,168617
2016/10/26,0,650000,-1696367,-1046367
2016/10/27,0,3624708,-2688000,936708
2016/10/28,0,1572000,-1521000,51000
2016/10/31,0,6469200,-6291000,178200
2016/11/01,0,1273000,-1279000,-6000
2016/11/02,0,1547200,-1804747,-257547
2016/11/03,0,1561000,-6403000,-4842000
2016/11/04,0,656000,-3032002,-2376002
2016/11/07,0,901000,-3116096,-2215096
2016/11/08,0,1442200,-1233000,209200
2016/11/09,0,1594955,-4852000,-3257045
2016/11/10,0,1126000,-3092000,-1966000
2016/11/11,0,1340000,-6410509,-5070509
2016/11/14,0,1383000,-4599909,-3216909
2016/11/15,0,2705000,-4211612,-1506612
2016/11/16,0,3416000,-3811096,-395096
2016/11/17,0,2900000,-2616000,284000
2016/11/18,0,2426000,-3606000,-1180000
2016/11/21,0,2372000,-1441074,930926
2016/11/22,0,3085000,-954077,2130923
2016/11/23,0,2193000,-1582415,610585
2016/11/24,0,810000,-518000,292000
2016/11/25,0,976000,-1148518,-172518
2016/11/28,0,1648000,-726000,922000
2016/11/29,0,1472000,-3836284,-2364284
2016/11/30,0,6008000,-6232584,-224584
2016/12/01,0,1249200,-2936444,-1687244
2016/12/02,0,1880000,-2075000,-195000
2016/12/05,0,756000,-2994393,-2238393
2016/12/06,0,2346000,-807018,1538982
2016/12/07,0,936000,-412000,524000
2016/12/08,0,3790000,-1682440,2107560
2016/12/09,0,3829200,-651669,3177531
2016/12/12,0,955000,-482000,473000
2016/12/13,0,2339211,-1474255,864956
2016/12/14,0,1132570,-1079000,53570
2016/12/15,0,1706000,-1679000,27000
2016/12/16,0,3747232,-3134000,613232
2016/12/19,0,729000,-732000,-3000
2016/12/20,0,1185450,-1895000,-709550
2016/12/21,0,6888000,-2817005,4070995
2016/12/22,0,4788015,-2951000,1837015
2016/12/23,0,2945000,-4179000,-1234000
2016/12/26,0,1435000,-1775000,-340000
2016/12/27,0,2489000,-1010000,1479000
2016/12/28,0,1629000,-1337000,292000
2016/12/29,0,2485922,-2316149,169773
2016/12/30,0,3450000,-1479926,1970074
2017/01/02,0,0,0,0
2017/01/03,0,1836000,-1481000,355000
2017/01/04,0,3155000,-2692000,463000
2017/01/05,0,4239800,-2497500,1742300
2017/01/06,0,2690000,-867000,1823000
2017/01/09,0,2178000,-717000,1461000
2017/01/10,0,1372000,-830000,542000
2017/01/11,0,4172420,-239000,3933420
2017/01/12,0,5146000,-1729000,3417000
2017/01/13,0,3338600,-2371000,967600
2017/01/16,0,2302065,-703000,1599065
2017/01/17,0,4916325,-1835000,3081325
2017/01/18,0,4138000,-1211596,2926404
2017/01/19,0,8284000,-1537229,6746771
2017/01/20,0,5043400,-1469780,3573620
2017/01/23,0,10315000,-1983168,8331832
2017/01/24,0,5752738,-4478000,1274738
2017/01/25,0,0,0,0
2017/01/26,0,0,0,0
2017/01/27,0,0,0,0
2017/01/30,0,0,0,0
2017/01/31,0,0,0,0
2017/02/01,0,0,0,0
2017/02/02,0,9517188,-6650997,2866191
2017/02/03,0,3054000,-2382200,671800
2017/02/06,0,3898000,-3687000,211000
2017/02/07,0,3581590,-1622000,1959590
2017/02/08,0,4040886,-5111896,-1071010
2017/02/09,0,5019000,-1791195,3227805
2017/02/10,0,3465000,-1710194,1754806
2017/02/13,0,5379400,-2114000,3265400
2017/02/14,0,9464000,-1977000,7487000
2017/02/15,0,4445000,-2342000,2103000
2017/02/16,0,4762000,-4104000,658000
2017/02/17,0,4050000,-911000,3139000
2017/02/20,0,2116000,-4613000,-2497000
2017/02/21,0,3748000,-4769000,-1021000
2017/02/22,0,3058000,-3228916,-170916
2017/02/23,0,1897000,-1245000,652000
2017/02/24,0,3086000,-2228216,857784
2017/02/27,0,0,0,0
2017/02/28,0,0,0,0
2017/03/01,0,3398000,-2643639,754361
2017/03/02,0,1127000,-3434600,-2307600
2017/03/03,0,1259000,-2560436,-1301436
2017/03/06,0,1387584,-2293976,-906392
2017/03/07,0,3781215,-894800,2886415
2017/03/08,0,2996000,-5626800,-2630800
2017/03/09,0,1648000,-4275000,-2627000
2017/03/10,0,1410726,-4701000,-3290274
2017/03/13,0,1410600,-553256,857344
2017/03/14,0,1778400,-1066988,711412
2017/03/15,0,1786000,-1155800,630200
2017/03/16,0,2012000,-578000,1434000
2017/03/17,0,7706037,-7829013,-122976
2017/03/20,0,1648000,-625000,1023000
2017/03/21,0,4669800,-1233000,3436800
2017/03/22,0,2807000,-1642203,1164797
2017/03/23,0,7496000,-4388134,3107866
2017/03/24,0,1145354,-826000,319354
2017/03/27,0,2440000,-1535355,904645
2017/03/28,0,2152000,-1538608,613392
2017/03/29,0,1223200,-1636000,-412800
2017/03/30,0,2499000,-1334000,1165000
2017/03/31,0,2542000,-4189089,-1647089
2017/04/03,0,0,0,0
2017/04/04,0,0,0,0
2017/04/05,0,4020000,-4980000,-960000
2017/04/06,0,5453000,-2870032,2582968
2017/04/07,0,5202000,-4222000,980000
2017/04/10,0,2762002,-1400001,1362001
2017/04/11,0,3126000,-2462000,664000
2017/04/12,0,2066000,-2450000,-384000
2017/04/13,0,1632000,-1756000,-124000
2017/04/14,0,1037000,-1191000,-154000
2017/04/17,0,1482000,-1036000,446000
2017/04/18,0,1075000,-1176000,-101000
2017/04/19,0,4216000,-2810600,1405400
2017/04/20,0,2028000,-1998000,30000
2017/04/21,0,444000,-1014971,-570971
2017/04/24,0,561000,-1447000,-886000
2017/04/25,0,2785286,-1975000,810286
2017/04/26,0,2327866,-1238000,1089866
2017/04/27,0,508000,-1576000,-1068000
2017/04/28,0,1399000,-1321500,77500
2017/05/01,0,0,0,0
2017/05/02,0,3376530,-1080000,2296530
2017/05/03,0,1306000,-161000,1145000
2017/05/04,0,476000,-256000,220000
2017/05/05,0,3834830,-1057030,2777800
2017/05/08,0,2153920,-855920,1298000
2017/05/09,0,2577168,-2530000,47168
2017/05/10,0,3161800,-960000,2201800
2017/05/11,0,2616129,-588000,2028129
2017/05/12,0,4162000,-728000,3434000
2017/05/15,0,2365800,-1188000,1177800
2017/05/16,0,5180000,-5001230,178770
2017/05/17,0,6086208,-2924000,3162208
2017/05/18,0,14496800,-2092000,12404800
2017/05/19,0,8539100,-2715753,5823347
2017/05/22,0,6469000,-2056500,4412500
2017/05/23,0,5989000,-3828399,2160601
2017/05/24,0,4166000,-1383000,2783000
2017/05/25,0,5576000,-1453792,4122208
2017/05/26,0,0,0,0
2017/05/29,0,0,0,0
2017/05/30,0,0,0,0
2017/05/31,0,6092000,-8408860,-2316860
2017/06/01,0,5100000,-6288181,-1188181
2017/06/02,0,2708000,-3824000,-1116000
2017/06/05,0,2240000,-3491000,-1251000
2017/06/06,0,3112000,-1470000,1642000
2017/06/07,0,2125000,-3210000,-1085000
2017/06/08,0,1955000,-1704666,250334
2017/06/09,0,2280000,-4099000,-1819000
2017/06/12,0,505174,-2916000,-2410826
2017/06/13,0,1253000,-2147160,-894160
2017/06/14,0,2267000,-2264800,2200
2017/06/15,0,774000,-657000,117000
2017/06/16,0,2441000,-2507262,-66262
2017/06/19,0,632400,-2447000,-1814600
2017/06/20,0,116000,-2115000,-1999000
2017/06/21,0,2156888,-2968000,-811112
2017/06/22,0,2931000,-3120000,-189000
2017/06/23,0,564000,-3754500,-3190500
2017/06/26,0,2616000,-1682500,933500
2017/06/27,0,1252000,-4889000,-3637000
2017/06/28,0,4380000,-3067888,1312112
2017/06/29,0,1516000,-1983000,-467000
2017/06/30,0,1699000,-1273000,426000
2017/07/03,0,1645000,-1003000,642000
2017/07/04,0,594000,-2475000,-1881000
2017/07/05,0,2117000,-1646043,470957
2017/07/06,0,961000,-1530000,-569000
2017/07/07,0,671310,-1178004,-506694
2017/07/10,0,465741,-1863536,-1397795
2017/07/11,0,1777647,-1375000,402647
2017/07/12,0,1706420,-2973262,-1266842
2017/07/13,0,978008,-926000,52008
2017/07/14,0,579000,-1315000,-736000
2017/07/17,0,885000,-733000,152000
2017/07/18,0,380000,-2916000,-2536000
2017/07/19,0,1286818,-3040000,-1753182
2017/07/20,0,630200,-1651000,-1020800
2017/07/21,0,1035494,-1467470,-431976
2017/07/24,0,886531,-2298048,-1411517
2017/07/25,0,964000,-498400,465600
2017/07/26,0,676000,-2242000,-1566000
2017/07/27,0,3687170,-1862000,1825170
2017/07/28,0,355000,-2619200,-2264200
2017/07/31,0,986000,-3302000,-2316000
2017/08/01,0,2565000,-4296000,-1731000
2017/08/02,0,899000,-1931000,-1032000
2017/08/03,0,1140000,-2528274,-1388274
2017/08/04,0,1179160,-1873195,-694035
2017/08/07,0,1306087,-1228000,78087
2017/08/08,0,3041000,-3366000,-325000
2017/08/09,0,1231612,-4583000,-3351388
2017/08/10,0,2393800,-3117000,-723200
2017/08/11,0,2309000,-1877000,432000
2017/08/14,0,3384000,-535556,2848444
2017/08/15,0,3666000,-2944000,722000
2017/08/16,0,2257000,-2472000,-215000
2017/08/17,0,1019000,-1434000,-415000
2017/08/18,0,1027000,-2130000,-1103000
