Date,Open,Buy,Sell,Total
2007/01/02,0,600000,-1231000,-631000
2007/01/03,0,1220000,-311000,909000
2007/01/04,0,198000,-905104,-707104
2007/01/05,0,357000,-2468000,-2111000
2007/01/08,0,1048000,-2066381,-1018381
2007/01/09,0,553256,-2564250,-2010994
2007/01/10,0,1082000,-1073368,8632
2007/01/11,0,604000,-820000,-216000
2007/01/12,0,341000,-1079285,-738285
2007/01/15,0,534000,-981000,-447000
2007/01/16,0,474000,-356000,118000
2007/01/17,0,416000,-738050,-322050
2007/01/18,0,177000,-287350,-110350
2007/01/19,0,385000,-287000,98000
2007/01/22,0,202000,-231050,-29050
2007/01/23,0,131000,-100000,31000
2007/01/24,0,322000,-233000,89000
2007/01/25,0,520000,-148000,372000
2007/01/26,0,174000,-311050,-137050
2007/01/29,0,1228000,-1676615,-448615
2007/01/30,0,2757000,-2503525,253475
2007/01/31,0,1363000,-816300,546700
2007/02/01,0,854672,-1181560,-326888
2007/02/02,0,1164000,-2372350,-1208350
2007/02/05,0,688000,-985000,-297000
2007/02/06,0,683000,-549835,133165
2007/02/07,0,229000,-434000,-205000
2007/02/08,0,1128346,-383275,745071
2007/02/09,0,309000,-1935000,-1626000
2007/02/12,0,1456000,-2829350,-1373350
2007/02/13,0,1523000,-2797360,-1274360
2007/02/14,0,591000,-4045550,-3454550
2007/02/15,0,0,0,0
2007/02/16,0,0,0,0
2007/02/19,0,0,0,0
2007/02/20,0,0,0,0
2007/02/21,0,0,0,0
2007/02/22,0,0,0,0
2007/02/23,0,0,0,0
2007/02/26,0,3179000,-3617550,-438550
2007/02/27,0,2157000,-1622158,534842
2007/02/28,0,0,0,0
2007/03/01,0,107000,-2383968,-2276968
2007/03/02,0,1181000,-3235450,-2054450
2007/03/05,0,2525000,-4002743,-1477743
2007/03/06,0,2837000,-3297100,-460100
2007/03/07,0,1136000,-1374180,-238180
2007/03/08,0,1255001,-598110,656891
2007/03/09,0,1665000,-676000,989000
2007/03/12,0,1425000,-1209000,216000
2007/03/13,0,2199000,-405000,1794000
2007/03/14,0,812000,-984300,-172300
2007/03/15,0,699000,-200000,499000
2007/03/16,0,169000,-1217000,-1048000
2007/03/19,0,60000,-10000,50000
2007/03/20,0,145000,-621000,-476000
2007/03/21,0,211000,-958000,-747000
2007/03/22,0,1404000,-196000,1208000
2007/03/23,0,2108000,-199000,1909000
2007/03/26,0,4582000,-219000,4363000
2007/03/27,0,3212000,-353000,2859000
2007/03/28,0,1194000,-673000,521000
2007/03/29,0,871926,-573750,298176
2007/03/30,0,496000,-226700,269300
2007/04/02,0,835000,-339000,496000
2007/04/03,0,1041137,-738000,303137
2007/04/04,0,1405000,-416000,989000
2007/04/05,0,0,0,0
2007/04/06,0,0,0,0
2007/04/09,0,1454000,-162000,1292000
2007/04/10,0,1197000,-1651500,-454500
2007/04/11,0,690000,-917000,-227000
2007/04/12,0,989000,-813570,175430
2007/04/13,0,654000,-312000,342000
2007/04/16,0,1327000,-1707500,-380500
2007/04/17,0,1606108,-1052800,553308
2007/04/18,0,677000,-2644091,-1967091
2007/04/19,0,625000,-1259000,-634000
2007/04/20,0,1093000,-588100,504900
2007/04/23,0,1841000,-446300,1394700
2007/04/24,0,263000,-986550,-723550
2007/04/25,0,670000,-1070000,-400000
2007/04/26,0,978000,-1869950,-891950
2007/04/27,0,682000,-719389,-37389
2007/04/30,0,1925304,-2581667,-656363
2007/05/01,0,0,0,0
2007/05/02,0,1831000,-917400,913600
2007/05/03,0,988000,-1445250,-457250
2007/05/04,0,523000,-365000,158000
2007/05/07,0,817000,-561000,256000
2007/05/08,0,612000,-82000,530000
2007/05/09,0,169000,-168000,1000
2007/05/10,0,339000,-717250,-378250
2007/05/11,0,181000,-698500,-517500
2007/05/14,0,263000,-370000,-107000
2007/05/15,0,73000,-430100,-357100
2007/05/16,0,540000,-740000,-200000
2007/05/17,0,1053000,-1076000,-23000
2007/05/18,0,279000,-1680370,-1401370
2007/05/21,0,549000,-1807745,-1258745
2007/05/22,0,1270000,-2117300,-847300
2007/05/23,0,3191000,-2002400,1188600
2007/05/24,0,196000,-850000,-654000
2007/05/25,0,467000,-1305900,-838900
2007/05/28,0,590100,-848000,-257900
2007/05/29,0,1212000,-360850,851150
2007/05/30,0,1214825,-519000,695825
2007/05/31,0,3016000,-2922667,93333
2007/06/01,0,1864000,-1571926,292074
2007/06/04,0,1246000,-1620845,-374845
2007/06/05,0,4255000,-727000,3528000
2007/06/06,0,2894000,-1006000,1888000
2007/06/07,0,1600000,-495150,1104850
2007/06/08,0,561000,-1100000,-539000
2007/06/11,0,529000,-1083000,-554000
2007/06/12,0,366000,-358000,8000
2007/06/13,0,156000,-347000,-191000
2007/06/14,0,3640000,-215000,3425000
2007/06/15,0,3090000,-1331500,1758500
2007/06/18,0,0,0,0
2007/06/19,0,0,0,0
2007/06/20,0,4828000,-1317000,3511000
2007/06/21,0,3177000,-1198000,1979000
2007/06/22,0,519000,-485000,34000
2007/06/25,0,2869000,-687200,2181800
2007/06/26,0,948000,-338300,609700
2007/06/27,0,2072000,-1878436,193564
2007/06/28,0,1961000,-1528000,433000
2007/06/29,0,2586000,-1997166,588834
2007/07/02,0,1356000,-758000,598000
2007/07/03,0,3981000,-330000,3651000
2007/07/04,0,789000,-70000,719000
2007/07/05,0,478000,-1057000,-579000
2007/07/06,0,216000,-280000,-64000
2007/07/09,0,989000,-304000,685000
2007/07/10,0,445000,-277000,168000
2007/07/11,0,222000,-1296770,-1074770
2007/07/12,0,641300,-376000,265300
2007/07/13,0,590000,-635000,-45000
2007/07/16,0,1779300,-2120000,-340700
2007/07/17,0,1371000,-1563400,-192400
2007/07/18,0,2977100,-2005000,972100
2007/07/19,0,2577000,-2868000,-291000
2007/07/20,0,4394000,-1653000,2741000
2007/07/23,0,1147000,-2034400,-887400
2007/07/24,0,595000,-306990,288010
2007/07/25,0,847000,-814000,33000
2007/07/26,0,1503000,-508000,995000
2007/07/27,0,609050,-5507000,-4897950
2007/07/30,0,2179000,-2022300,156700
2007/07/31,0,1916000,-1859089,56911
2007/08/01,0,967000,-3003000,-2036000
2007/08/02,0,803000,-436000,367000
2007/08/03,0,676000,-1095000,-419000
2007/08/06,0,338000,-930000,-592000
2007/08/07,0,300000,-730000,-430000
2007/08/08,0,826250,-436000,390250
2007/08/09,0,2313800,-294000,2019800
2007/08/10,0,645000,-1437071,-792071
2007/08/13,0,936000,-736000,200000
2007/08/14,0,2349500,-2089000,260500
2007/08/15,0,791000,-2776500,-1985500
2007/08/16,0,1031000,-3030000,-1999000
2007/08/17,0,2833499,-3644000,-810501
2007/08/20,0,1435000,-800000,635000
2007/08/21,0,1512000,-1344000,168000
2007/08/22,0,214000,-874213,-660213
2007/08/23,0,682000,-794000,-112000
2007/08/24,0,345000,-453000,-108000
2007/08/27,0,684000,-1425000,-741000
2007/08/28,0,426000,-290150,135850
2007/08/29,0,225950,-1038000,-812050
2007/08/30,0,1513350,-587000,926350
2007/08/31,0,1000000,-1020000,-20000
2007/09/03,0,1671205,-350000,1321205
2007/09/04,0,504000,-292000,212000
2007/09/05,0,211000,-723000,-512000
2007/09/06,0,1531000,-1164929,366071
2007/09/07,0,2906000,-407000,2499000
2007/09/10,0,1262000,-2205900,-943900
2007/09/11,0,2328000,-1020000,1308000
2007/09/12,0,970000,-1019000,-49000
2007/09/13,0,522300,-374000,148300
2007/09/14,0,1908500,-424000,1484500
2007/09/17,0,2901000,-1073700,1827300
2007/09/18,0,0,0,0
2007/09/19,0,4336000,-2739000,1597000
2007/09/20,0,4996000,-1871850,3124150
2007/09/21,0,1865000,-1575000,290000
2007/09/24,0,0,0,0
2007/09/25,0,0,0,0
2007/09/26,0,4290000,-1030000,3260000
2007/09/27,0,1754000,-2127320,-373320
2007/09/28,0,2014000,-1283000,731000
2007/10/01,0,963000,-444262,518738
2007/10/02,0,1522000,-736179,785821
2007/10/03,0,1003000,-808699,194301
2007/10/04,0,963000,-1066000,-103000
2007/10/05,0,1383000,-2082470,-699470
2007/10/08,0,1305000,-441500,863500
2007/10/09,0,1122000,-424493,697507
2007/10/10,0,0,0,0
2007/10/11,0,3558000,-1353900,2204100
2007/10/12,0,1763820,-877870,885950
2007/10/15,0,1366000,-753000,613000
2007/10/16,0,1577000,-1299750,277250
2007/10/17,0,1452000,-1561845,-109845
2007/10/18,0,1709000,-1126640,582360
2007/10/19,0,184700,-1336600,-1151900
2007/10/22,0,964000,-2432000,-1468000
2007/10/23,0,942000,-584600,357400
2007/10/24,0,3586000,-1365000,2221000
2007/10/25,0,1505608,-1648075,-142467
2007/10/26,0,687000,-536000,151000
2007/10/29,0,2425000,-500000,1925000
2007/10/30,0,856000,-598300,257700
2007/10/31,0,2959000,-462735,2496265
2007/11/01,0,2833000,-1686300,1146700
2007/11/02,0,1451000,-2417510,-966510
2007/11/05,0,165000,-922000,-757000
2007/11/06,0,255000,-184400,70600
2007/11/07,0,1996450,-814688,1181762
2007/11/08,0,1626000,-1469550,156450
2007/11/09,0,1925000,-5724900,-3799900
2007/11/12,0,2413000,-3353920,-940920
2007/11/13,0,6414000,-3650500,2763500
2007/11/14,0,1554000,-1745155,-191155
2007/11/15,0,2171000,-1805059,365941
2007/11/16,0,520000,-1749950,-1229950
2007/11/19,0,788000,-382000,406000
2007/11/20,0,1230000,-672000,558000
2007/11/21,0,427000,-1790284,-1363284
2007/11/22,0,1190557,-380420,810137
2007/11/23,0,204000,-537000,-333000
2007/11/26,0,1759000,-798000,961000
2007/11/27,0,632000,-1985900,-1353900
2007/11/28,0,1408000,-2871000,-1463000
2007/11/29,0,2510000,-1991282,518718
2007/11/30,0,2495000,-1809240,685760
2007/12/03,0,501788,-842000,-340212
2007/12/04,0,287000,-742000,-455000
2007/12/05,0,806000,-1349600,-543600
2007/12/06,0,591100,-1039000,-447900
2007/12/07,0,528000,-103565,424435
2007/12/10,0,257000,-754408,-497408
2007/12/11,0,886000,-1912100,-1026100
2007/12/12,0,3892100,-3238514,653586
2007/12/13,0,3135200,-5256885,-2121685
2007/12/14,0,2733000,-2296009,436991
2007/12/17,0,4700100,-3953550,746550
2007/12/18,0,1456000,-1262522,193478
2007/12/19,0,4581000,-3894000,687000
2007/12/20,0,705000,-1285500,-580500
2007/12/21,0,1272000,-520000,752000
2007/12/24,0,590000,-872000,-282000
2007/12/25,0,236000,-363000,-127000
2007/12/26,0,556000,-365000,191000
2007/12/27,0,1065000,-1028000,37000
2007/12/28,0,915000,-659650,255350
2007/12/31,0,121000,-49000,72000
2008/01/01,0,0,0,0
2008/01/02,0,215000,-664050,-449050
2008/01/03,0,1928000,-1082000,846000
2008/01/04,0,2269000,-3740917,-1471917
2008/01/07,0,1200100,-1670300,-470200
2008/01/08,0,5182000,-6553967,-1371967
2008/01/09,0,6730000,-5270322,1459678
2008/01/10,0,5225000,-3288622,1936378
2008/01/11,0,2237761,-1043000,1194761
2008/01/14,0,2295000,-3340406,-1045406
2008/01/15,0,3026000,-2438260,587740
2008/01/16,0,1301100,-4583305,-3282205
2008/01/17,0,1928000,-3049400,-1121400
2008/01/18,0,859242,-1741237,-881995
2008/01/21,0,1055000,-2003900,-948900
2008/01/22,0,454000,-1092000,-638000
2008/01/23,0,1144000,-582000,562000
2008/01/24,0,1455600,-2813500,-1357900
2008/01/25,0,2102000,-947300,1154700
2008/01/28,0,1340000,-928000,412000
2008/01/29,0,1689000,-2237397,-548397
2008/01/30,0,2424588,-3889203,-1464615
2008/01/31,0,1331000,-1448250,-117250
2008/02/01,0,809000,-1067000,-258000
2008/02/04,0,0,0,0
2008/02/05,0,0,0,0
2008/02/06,0,0,0,0
2008/02/07,0,0,0,0
2008/02/08,0,0,0,0
2008/02/11,0,0,0,0
2008/02/12,0,1446010,-2596607,-1150597
2008/02/13,0,1822000,-3175602,-1353602
2008/02/14,0,2582000,-4028647,-1446647
2008/02/15,0,3754000,-3524626,229374
2008/02/18,0,867000,-2548000,-1681000
2008/02/19,0,930000,-1338000,-408000
2008/02/20,0,712000,-2057200,-1345200
2008/02/21,0,1603000,-1059226,543774
2008/02/22,0,3393000,-3924900,-531900
2008/02/25,0,894000,-1332000,-438000
2008/02/26,0,723000,-929750,-206750
2008/02/27,0,1802000,-2380650,-578650
2008/02/28,0,0,0,0
2008/02/29,0,1114679,-1593000,-478321
2008/03/03,0,444000,-2021604,-1577604
2008/03/04,0,3105000,-2371000,734000
2008/03/05,0,874000,-447800,426200
2008/03/06,0,2646000,-1882000,764000
2008/03/07,0,1321138,-1511517,-190379
2008/03/10,0,915000,-1590000,-675000
2008/03/11,0,808000,-964000,-156000
2008/03/12,0,1405000,-2410672,-1005672
2008/03/13,0,1032000,-4072084,-3040084
2008/03/14,0,696000,-3412700,-2716700
2008/03/17,0,440000,-2785309,-2345309
2008/03/18,0,1901000,-674000,1227000
2008/03/19,0,1910000,-1128050,781950
2008/03/20,0,892000,-1984000,-1092000
2008/03/21,0,1240400,-1464000,-223600
2008/03/24,0,2400000,-855500,1544500
2008/03/25,0,1143000,-92575,1050425
2008/03/26,0,679000,-188000,491000
2008/03/27,0,425424,-2459635,-2034211
2008/03/28,0,1151424,-2013000,-861576
2008/03/31,0,683482,-1897607,-1214125
2008/04/01,0,841597,-2114150,-1272553
2008/04/02,0,1507010,-4875001,-3367991
2008/04/03,0,1692000,-4789062,-3097062
2008/04/04,0,0,0,0
2008/04/07,0,7909000,-3538000,4371000
2008/04/08,0,1264000,-5097500,-3833500
2008/04/09,0,1493000,-1583800,-90800
2008/04/10,0,3652000,-1184000,2468000
2008/04/11,0,2856000,-4141380,-1285380
2008/04/14,0,1016852,-1934000,-917148
2008/04/15,0,869000,-1658431,-789431
2008/04/16,0,1072000,-6617054,-5545054
2008/04/17,0,2612000,-11169315,-8557315
2008/04/18,0,537000,-5850504,-5313504
2008/04/21,0,1300000,-3446000,-2146000
2008/04/22,0,479030,-2519005,-2039975
2008/04/23,0,484000,-3281155,-2797155
2008/04/24,0,378000,-2202000,-1824000
2008/04/25,0,115000,-1539000,-1424000
2008/04/28,0,634000,-2133350,-1499350
2008/04/29,0,260000,-1568932,-1308932
2008/04/30,0,296000,-842000,-546000
2008/05/01,0,0,0,0
2008/05/02,0,1510000,-12399000,-10889000
2008/05/05,0,1591000,-4796200,-3205200
2008/05/06,0,1419850,-1801398,-381548
2008/05/07,0,983324,-2702950,-1719626
2008/05/08,0,551000,-1178650,-627650
2008/05/09,0,792000,-10778600,-9986600
2008/05/12,0,585000,-2447000,-1862000
2008/05/13,0,6234000,-1441000,4793000
2008/05/14,0,8412010,-1790996,6621014
2008/05/15,0,3037000,-733616,2303384
2008/05/16,0,1194000,-750687,443313
2008/05/19,0,723000,-96000,627000
2008/05/20,0,836000,-1754000,-918000
2008/05/21,0,332000,-410452,-78452
2008/05/22,0,395000,-1831849,-1436849
2008/05/23,0,760000,-5673000,-4913000
2008/05/26,0,367000,-3821957,-3454957
2008/05/27,0,329000,-697000,-368000
2008/05/28,0,115000,-792450,-677450
2008/05/29,0,508000,-1844068,-1336068
2008/05/30,0,1757725,-410457,1347268
2008/06/02,0,1850000,-223000,1627000
2008/06/03,0,1233000,-547400,685600
2008/06/04,0,1477000,-283000,1194000
2008/06/05,0,1883000,-499000,1384000
2008/06/06,0,891000,-651000,240000
2008/06/09,0,659000,-1264600,-605600
2008/06/10,0,984000,-1538219,-554219
2008/06/11,0,961000,-1097145,-136145
2008/06/12,0,257000,-1317000,-1060000
2008/06/13,0,579000,-651000,-72000
2008/06/16,0,481000,-2929000,-2448000
2008/06/17,0,563676,-336000,227676
2008/06/18,0,371000,-304000,67000
2008/06/19,0,252000,-1724000,-1472000
2008/06/20,0,382675,-3176000,-2793325
2008/06/23,0,628000,-3296300,-2668300
2008/06/24,0,363000,-536300,-173300
2008/06/25,0,919000,-630483,288517
2008/06/26,0,497000,-587000,-90000
2008/06/27,0,1040010,-1834000,-793990
2008/06/30,0,595000,-624000,-29000
2008/07/01,0,657000,-241000,416000
2008/07/02,0,1427000,-302000,1125000
2008/07/03,0,925000,-553000,372000
2008/07/04,0,2218000,-1376000,842000
2008/07/07,0,451000,-215000,236000
2008/07/08,0,248000,-983000,-735000
2008/07/09,0,1487000,-2837250,-1350250
2008/07/10,0,1625000,-2809025,-1184025
2008/07/11,0,944000,-517000,427000
2008/07/14,0,826000,-228000,598000
2008/07/15,0,929000,-793000,136000
2008/07/16,0,571000,-337145,233855
2008/07/17,0,661000,-924926,-263926
2008/07/18,0,570000,-548000,22000
2008/07/21,0,1102000,-355000,747000
2008/07/22,0,575000,-400855,174145
2008/07/23,0,1717000,-349447,1367553
2008/07/24,0,635000,-253786,381214
2008/07/25,0,379000,-434000,-55000
2008/07/28,0,0,0,0
2008/07/29,0,208000,-733575,-525575
2008/07/30,0,546000,-206000,340000
2008/07/31,0,1106010,-99000,1007010
2008/08/01,0,378000,-229350,148650
2008/08/04,0,259000,-455000,-196000
2008/08/05,0,602000,-767000,-165000
2008/08/06,0,1727000,-129000,1598000
2008/08/07,0,3332000,-1474000,1858000
2008/08/08,0,3505000,-760000,2745000
2008/08/11,0,2945000,-755000,2190000
2008/08/12,0,7170000,-4907000,2263000
2008/08/13,0,1638000,-2138000,-500000
2008/08/14,0,882000,-633000,249000
2008/08/15,0,967000,-996127,-29127
2008/08/18,0,612000,-2288040,-1676040
2008/08/19,0,539000,-2341000,-1802000
2008/08/20,0,417000,-4148000,-3731000
2008/08/21,0,415000,-2117950,-1702950
2008/08/22,0,947000,-342000,605000
2008/08/25,0,504000,-2779277,-2275277
2008/08/26,0,558000,-270000,288000
2008/08/27,0,1267000,-821000,446000
2008/08/28,0,884000,-2212000,-1328000
2008/08/29,0,1118000,-694000,424000
2008/09/01,0,661000,-1333000,-672000
2008/09/02,0,324000,-988000,-664000
2008/09/03,0,627000,-327000,300000
2008/09/04,0,859000,-1022900,-163900
2008/09/05,0,324000,-442000,-118000
2008/09/08,0,418000,-167000,251000
2008/09/09,0,708000,-1127000,-419000
2008/09/10,0,553000,-551000,2000
2008/09/11,0,234000,-663000,-429000
2008/09/12,0,385000,-138000,247000
2008/09/15,0,144000,-607000,-463000
2008/09/16,0,1382315,-3681000,-2298685
2008/09/17,0,770400,-1588000,-817600
2008/09/18,0,1242032,-561000,681032
2008/09/19,0,2092000,-3556100,-1464100
2008/09/22,0,900900,-1183000,-282100
2008/09/23,0,1427000,-190900,1236100
2008/09/24,0,1024491,-1812641,-788150
2008/09/25,0,698000,-1120100,-422100
2008/09/26,0,739000,-414000,325000
2008/09/29,0,0,0,0
2008/09/30,0,550000,-31000,519000
2008/10/01,0,689000,-1586000,-897000
2008/10/02,0,500000,-615000,-115000
2008/10/03,0,981000,-470000,511000
2008/10/06,0,594000,-1314000,-720000
2008/10/07,0,1083000,-664000,419000
2008/10/08,0,480000,-1135768,-655768
2008/10/09,0,1715000,-2666000,-951000
2008/10/10,0,0,0,0
2008/10/13,0,1229249,-385000,844249
2008/10/14,0,298000,-550000,-252000
2008/10/15,0,1063900,-1214000,-150100
2008/10/16,0,118151,-61000,57151
2008/10/17,0,441000,-2066000,-1625000
2008/10/20,0,256000,-1064400,-808400
2008/10/21,0,383000,-811000,-428000
2008/10/22,0,556000,-319000,237000
2008/10/23,0,391200,-215000,176200
2008/10/24,0,339000,-325832,13168
2008/10/27,0,349800,-408000,-58200
2008/10/28,0,659941,-308176,351765
2008/10/29,0,1300950,-1364850,-63900
2008/10/30,0,708000,-181000,527000
2008/10/31,0,1027000,-3766200,-2739200
2008/11/03,0,1089000,-4011000,-2922000
2008/11/04,0,828411,-264135,564276
2008/11/05,0,464000,-278000,186000
2008/11/06,0,557000,-414000,143000
2008/11/07,0,1271000,-562000,709000
2008/11/10,0,957000,-245000,712000
2008/11/11,0,574814,-1041024,-466210
2008/11/12,0,351200,-1806160,-1454960
2008/11/13,0,336025,-785200,-449175
2008/11/14,0,433000,-1150542,-717542
2008/11/17,0,582125,-1297441,-715316
2008/11/18,0,343000,-1964000,-1621000
2008/11/19,0,406000,-4922565,-4516565
2008/11/20,0,236000,-138570,97430
2008/11/21,0,828000,-1199566,-371566
2008/11/24,0,313000,-471200,-158200
2008/11/25,0,723600,-497261,226339
2008/11/26,0,384000,-475458,-91458
2008/11/27,0,319000,-553402,-234402
2008/11/28,0,1040000,-322899,717101
2008/12/01,0,1270000,-148000,1122000
2008/12/02,0,565600,-933000,-367400
2008/12/03,0,247200,-3755880,-3508680
2008/12/04,0,377000,-2319000,-1942000
2008/12/05,0,560000,-1665930,-1105930
2008/12/08,0,1117000,-1334000,-217000
2008/12/09,0,1700300,-87000,1613300
2008/12/10,0,948000,-514000,434000
2008/12/11,0,606000,-571478,34522
2008/12/12,0,1688000,-1137000,551000
2008/12/15,0,190000,-112000,78000
2008/12/16,0,779000,-315600,463400
2008/12/17,0,1133000,-605000,528000
2008/12/18,0,579000,-254000,325000
2008/12/19,0,737000,-850000,-113000
2008/12/22,0,254000,-422002,-168002
2008/12/23,0,289000,-542000,-253000
2008/12/24,0,306000,-732100,-426100
2008/12/25,0,105000,-209000,-104000
2008/12/26,0,366000,-31000,335000
2008/12/29,0,229000,-210000,19000
2008/12/30,0,1080000,-1328500,-248500
2008/12/31,0,420000,-2319000,-1899000
2009/01/01,0,0,0,0
2009/01/02,0,0,0,0
2009/01/05,0,1362000,-1848000,-486000
2009/01/06,0,1114000,-616596,497404
2009/01/07,0,397000,-1004790,-607790
2009/01/08,0,1033000,-1021000,12000
2009/01/09,0,499000,-4664302,-4165302
2009/01/12,0,400323,-1012900,-612577
2009/01/13,0,600954,-163000,437954
2009/01/14,0,950000,-518100,431900
2009/01/15,0,229000,-1317000,-1088000
2009/01/16,0,304000,-1091000,-787000
2009/01/19,0,396000,-843572,-447572
2009/01/20,0,1133000,-1443700,-310700
2009/01/21,0,545600,-535000,10600
2009/01/22,0,0,0,0
2009/01/23,0,0,0,0
2009/01/26,0,0,0,0
2009/01/27,0,0,0,0
2009/01/28,0,0,0,0
2009/01/29,0,0,0,0
2009/01/30,0,0,0,0
2009/02/02,0,2310713,-2411272,-100559
2009/02/03,0,339000,-451300,-112300
2009/02/04,0,341000,-157000,184000
2009/02/05,0,408000,-289500,118500
2009/02/06,0,696000,-343000,353000
2009/02/09,0,124000,-436000,-312000
2009/02/10,0,308000,-447100,-139100
2009/02/11,0,906249,-486249,420000
2009/02/12,0,265000,-1675000,-1410000
2009/02/13,0,690000,-412115,277885
2009/02/16,0,1832000,-920100,911900
2009/02/17,0,266117,-430268,-164151
2009/02/18,0,1154000,-1618550,-464550
2009/02/19,0,710292,-360292,350000
2009/02/20,0,295000,-619440,-324440
2009/02/23,0,758000,-45000,713000
2009/02/24,0,231000,-650255,-419255
2009/02/25,0,1056000,-258840,797160
2009/02/26,0,899000,-73180,825820
2009/02/27,0,643000,-476000,167000
2009/03/02,0,256534,-1767000,-1510466
2009/03/03,0,290000,-259000,31000
2009/03/04,0,875000,-333000,542000
2009/03/05,0,1259000,-104000,1155000
2009/03/06,0,1790000,-1038000,752000
2009/03/09,0,529000,-1793000,-1264000
2009/03/10,0,628000,-276590,351410
2009/03/11,0,473604,-529000,-55396
2009/03/12,0,752000,-344000,408000
2009/03/13,0,4228000,-401000,3827000
2009/03/16,0,1768000,-546475,1221525
2009/03/17,0,2227000,-1213000,1014000
2009/03/18,0,1632000,-2442357,-810357
2009/03/19,0,577000,-2662120,-2085120
2009/03/20,0,615000,-802000,-187000
2009/03/23,0,1382000,-190000,1192000
2009/03/24,0,711000,-182000,529000
2009/03/25,0,1528000,-219280,1308720
2009/03/26,0,1104000,-571000,533000
2009/03/27,0,303000,-589530,-286530
2009/03/30,0,498000,-940000,-442000
2009/03/31,0,1510000,-199958,1310042
2009/04/01,0,455000,-239000,216000
2009/04/02,0,1765000,-418000,1347000
2009/04/03,0,665000,-1438000,-773000
2009/04/06,0,2956000,-686730,2269270
2009/04/07,0,1354000,-623000,731000
2009/04/08,0,955000,-942000,13000
2009/04/09,0,1249000,-1215768,33232
2009/04/10,0,1491014,-765000,726014
2009/04/13,0,2125000,-699000,1426000
2009/04/14,0,6406063,-1197000,5209063
2009/04/15,0,2731000,-1127000,1604000
2009/04/16,0,607000,-252000,355000
2009/04/17,0,1006737,-550725,456012
2009/04/20,0,646000,-827000,-181000
2009/04/21,0,706000,-1591000,-885000
2009/04/22,0,695000,-2881000,-2186000
2009/04/23,0,428000,-611000,-183000
2009/04/24,0,419000,-363000,56000
2009/04/27,0,651000,-574000,77000
2009/04/28,0,586000,-640000,-54000
2009/04/29,0,870000,-744707,125293
2009/04/30,0,1621000,-85000,1536000
2009/05/01,0,0,0,0
2009/05/04,0,1244000,-45000,1199000
2009/05/05,0,819334,-976400,-157066
2009/05/06,0,930000,-590000,340000
2009/05/07,0,971000,-1539000,-568000
2009/05/08,0,2125751,-2171751,-46000
2009/05/11,0,410000,-1246900,-836900
2009/05/12,0,822732,-1551000,-728268
2009/05/13,0,2709000,-831000,1878000
2009/05/14,0,145438,-1221438,-1076000
2009/05/15,0,381000,-1206000,-825000
2009/05/18,0,645000,-1189000,-544000
2009/05/19,0,1094000,-77000,1017000
2009/05/20,0,438000,-506190,-68190
2009/05/21,0,755100,-1255000,-499900
2009/05/22,0,409000,-617000,-208000
2009/05/25,0,781000,-830000,-49000
2009/05/26,0,927716,-631000,296716
2009/05/27,0,1585000,-658295,926705
2009/05/28,0,0,0,0
2009/05/29,0,0,0,0
2009/06/01,0,703000,-1789874,-1086874
2009/06/02,0,1202000,-201000,1001000
2009/06/03,0,858000,-476000,382000
2009/06/04,0,356000,-2135000,-1779000
2009/06/05,0,197061,-180000,17061
2009/06/08,0,138000,-1385000,-1247000
2009/06/09,0,543000,-951000,-408000
2009/06/10,0,289200,-1627508,-1338308
2009/06/11,0,622000,-1157000,-535000
2009/06/12,0,1436826,-683000,753826
2009/06/15,0,231000,-218000,13000
2009/06/16,0,905000,-389750,515250
2009/06/17,0,303000,-584000,-281000
2009/06/18,0,130000,-967000,-837000
2009/06/19,0,613004,-284000,329004
2009/06/22,0,713000,-1020700,-307700
2009/06/23,0,198200,-949000,-750800
2009/06/24,0,913000,-378565,534435
2009/06/25,0,519000,-228000,291000
2009/06/26,0,302000,-103000,199000
2009/06/29,0,1372900,-712000,660900
2009/06/30,0,857000,-276479,580521
2009/07/01,0,851000,-26000,825000
2009/07/02,0,575000,-640000,-65000
2009/07/03,0,252476,-169723,82753
2009/07/06,0,245000,-215000,30000
2009/07/07,0,506000,-236730,269270
2009/07/08,0,870000,-344000,526000
2009/07/09,0,1675300,-975900,699400
2009/07/10,0,1227100,-463974,763126
2009/07/13,0,2042800,-803000,1239800
2009/07/14,0,691000,-185682,505318
2009/07/15,0,2262800,-1384600,878200
2009/07/16,0,897800,-78000,819800
2009/07/17,0,485899,-1327620,-841721
2009/07/20,0,499000,-1080547,-581547
2009/07/21,0,338000,-1305570,-967570
2009/07/22,0,472000,-2124000,-1652000
2009/07/23,0,394000,-139550,254450
2009/07/24,0,573000,-398920,174080
2009/07/27,0,2230900,-446000,1784900
2009/07/28,0,856000,-3238500,-2382500
2009/07/29,0,582358,-3834665,-3252307
2009/07/30,0,391000,-2787800,-2396800
2009/07/31,0,349000,-3090172,-2741172
2009/08/03,0,427000,-792100,-365100
2009/08/04,0,103000,-1425000,-1322000
2009/08/05,0,136000,-1360000,-1224000
2009/08/06,0,433000,-2030000,-1597000
2009/08/07,0,0,0,0
2009/08/10,0,556856,-457000,99856
2009/08/11,0,697000,-785000,-88000
2009/08/12,0,59678,-802000,-742322
2009/08/13,0,532000,-590767,-58767
2009/08/14,0,231000,-630000,-399000
2009/08/17,0,112000,-713000,-601000
2009/08/18,0,142000,-871000,-729000
2009/08/19,0,286000,-1002000,-716000
2009/08/20,0,1057000,-776739,280261
2009/08/21,0,2086040,-1320560,765480
2009/08/24,0,552000,-534000,18000
2009/08/25,0,1732940,-800803,932137
2009/08/26,0,1037000,-336000,701000
2009/08/27,0,1453000,-607000,846000
2009/08/28,0,1156000,-531000,625000
2009/08/31,0,754000,-1181975,-427975
2009/09/01,0,509000,-1014447,-505447
2009/09/02,0,256000,-843000,-587000
2009/09/03,0,99000,-596000,-497000
2009/09/04,0,1614000,-678000,936000
2009/09/07,0,1828000,-608000,1220000
2009/09/08,0,1831000,-610000,1221000
2009/09/09,0,6188000,-1100271,5087729
2009/09/10,0,3947000,-784057,3162943
2009/09/11,0,3338000,-806000,2532000
2009/09/14,0,3862000,-1147000,2715000
2009/09/15,0,1225000,-724000,501000
2009/09/16,0,1751720,-2033630,-281910
2009/09/17,0,3171000,-2488832,682168
2009/09/18,0,1043320,-865000,178320
2009/09/21,0,2657000,-1079202,1577798
2009/09/22,0,1589000,-308564,1280436
2009/09/23,0,2338000,-1175610,1162390
2009/09/24,0,1985140,-519000,1466140
2009/09/25,0,2437000,-1361304,1075696
2009/09/28,0,1604000,-1246000,358000
2009/09/29,0,2499369,-887720,1611649
2009/09/30,0,3058000,-584000,2474000
2009/10/01,0,2905000,-199000,2706000
2009/10/02,0,103000,-872425,-769425
2009/10/05,0,428761,-1093181,-664420
2009/10/06,0,3283000,-510240,2772760
2009/10/07,0,730000,-325270,404730
2009/10/08,0,1061000,-437600,623400
2009/10/09,0,528000,-799322,-271322
2009/10/12,0,3914000,-598000,3316000
2009/10/13,0,1642114,-1148541,493573
2009/10/14,0,11460995,-1304450,10156545
2009/10/15,0,9900000,-952150,8947850
2009/10/16,0,4874000,-2893330,1980670
2009/10/19,0,2923000,-2046826,876174
2009/10/20,0,3161000,-488000,2673000
2009/10/21,0,1872760,-464000,1408760
2009/10/22,0,3270640,-977000,2293640
2009/10/23,0,7810000,-3628182,4181818
2009/10/26,0,4226000,-1703000,2523000
2009/10/27,0,3620000,-4312000,-692000
2009/10/28,0,5342000,-3091000,2251000
2009/10/29,0,3900484,-2424120,1476364
2009/10/30,0,776400,-2307000,-1530600
2009/11/02,0,1039000,-522645,516355
2009/11/03,0,781000,-876000,-95000
2009/11/04,0,278540,-1025228,-746688
2009/11/05,0,306209,-1035000,-728791
2009/11/06,0,533000,-1138140,-605140
2009/11/09,0,344000,-780000,-436000
2009/11/10,0,3077000,-1874978,1202022
2009/11/11,0,650000,-975600,-325600
2009/11/12,0,3361189,-1374000,1987189
2009/11/13,0,1312000,-820888,491112
2009/11/16,0,811000,-3861000,-3050000
2009/11/17,0,874687,-100000,774687
2009/11/18,0,2444000,-445120,1998880
2009/11/19,0,1663883,-444000,1219883
2009/11/20,0,1577000,-1359000,218000
2009/11/23,0,998000,-1025000,-27000
2009/11/24,0,1518000,-416000,1102000
2009/11/25,0,728772,-415482,313290
2009/11/26,0,437000,-963000,-526000
2009/11/27,0,181000,-2646000,-2465000
2009/11/30,0,254831,-2110290,-1855459
2009/12/01,0,610000,-1222000,-612000
2009/12/02,0,337000,-1638000,-1301000
2009/12/03,0,332000,-791639,-459639
2009/12/04,0,1671000,-1266000,405000
2009/12/07,0,569000,-1179000,-610000
2009/12/08,0,488000,-398000,90000
2009/12/09,0,1297000,-798012,498988
2009/12/10,0,3954000,-2478156,1475844
2009/12/11,0,3108000,-435114,2672886
2009/12/14,0,1006000,-200000,806000
2009/12/15,0,327000,-122000,205000
2009/12/16,0,624000,-335000,289000
2009/12/17,0,708670,-2154000,-1445330
2009/12/18,0,669000,-2410730,-1741730
2009/12/21,0,1305000,-1098000,207000
2009/12/22,0,1171000,-2275000,-1104000
2009/12/23,0,3343000,-2889030,453970
2009/12/24,0,1281000,-3236000,-1955000
2009/12/25,0,190000,-1445000,-1255000
2009/12/28,0,456000,-26000,430000
2009/12/29,0,112000,-315000,-203000
2009/12/30,0,651000,-598000,53000
2009/12/31,0,399000,-126000,273000
2010/01/01,0,0,0,0
2010/01/04,0,954000,-495000,459000
2010/01/05,0,986000,-173000,813000
2010/01/06,0,1132000,-1371000,-239000
2010/01/07,0,2157000,-1539685,617315
2010/01/08,0,1170570,-777000,393570
2010/01/11,0,136000,-87000,49000
2010/01/12,0,378000,-364000,14000
2010/01/13,0,45000,-563000,-518000
2010/01/14,0,383000,-406550,-23550
2010/01/15,0,1832000,-308280,1523720
2010/01/18,0,1303000,-808000,495000
2010/01/19,0,1198000,-1590300,-392300
2010/01/20,0,573880,-642000,-68120
2010/01/21,0,970000,-1171266,-201266
2010/01/22,0,682000,-834000,-152000
2010/01/25,0,2596960,-834000,1762960
2010/01/26,0,94000,-3389000,-3295000
2010/01/27,0,385466,-780330,-394864
2010/01/28,0,1671000,-1580000,91000
2010/01/29,0,1069000,-3228530,-2159530
2010/02/01,0,4582787,-3636880,945907
2010/02/02,0,1311000,-700910,610090
2010/02/03,0,287400,-468000,-180600
2010/02/04,0,234000,-1723000,-1489000
2010/02/05,0,172000,-2493740,-2321740
2010/02/08,0,855166,-921623,-66457
2010/02/09,0,247000,-2904100,-2657100
2010/02/10,0,419000,-2334831,-1915831
2010/02/11,0,0,0,0
2010/02/12,0,0,0,0
2010/02/15,0,0,0,0
2010/02/16,0,0,0,0
2010/02/17,0,0,0,0
2010/02/18,0,0,0,0
2010/02/19,0,0,0,0
2010/02/22,0,2302000,-1721000,581000
2010/02/23,0,232000,-587000,-355000
2010/02/24,0,289000,-572000,-283000
2010/02/25,0,613380,-1076000,-462620
2010/02/26,0,1495301,-5455600,-3960299
2010/03/01,0,1613000,-2504000,-891000
2010/03/02,0,809000,-1109000,-300000
2010/03/03,0,115000,-343000,-228000
2010/03/04,0,216000,-1534000,-1318000
2010/03/05,0,656000,-1473000,-817000
2010/03/08,0,1556000,-3796500,-2240500
2010/03/09,0,560760,-2824000,-2263240
2010/03/10,0,311285,-2869000,-2557715
2010/03/11,0,152000,-2276000,-2124000
2010/03/12,0,1531000,-3328000,-1797000
2010/03/15,0,83000,-1451000,-1368000
2010/03/16,0,1333000,-1603000,-270000
2010/03/17,0,2405000,-699550,1705450
2010/03/18,0,1929500,-863000,1066500
2010/03/19,0,543000,-503393,39607
2010/03/22,0,95000,-367150,-272150
2010/03/23,0,598000,-2019000,-1421000
2010/03/24,0,1393000,-1361000,32000
2010/03/25,0,3557115,-1004000,2553115
2010/03/26,0,1740000,-938000,802000
2010/03/29,0,2898000,-376000,2522000
2010/03/30,0,911000,-746000,165000
2010/03/31,0,531000,-868120,-337120
2010/04/01,0,1902000,-828020,1073980
2010/04/02,0,4066000,-850000,3216000
2010/04/05,0,0,0,0
2010/04/06,0,3421000,-457000,2964000
2010/04/07,0,2290820,-4764000,-2473180
2010/04/08,0,873000,-1505000,-632000
2010/04/09,0,2333000,-721320,1611680
2010/04/12,0,628710,-358000,270710
2010/04/13,0,508000,-259000,249000
2010/04/14,0,286000,-333823,-47823
2010/04/15,0,2606000,-507000,2099000
2010/04/16,0,2777100,-500000,2277100
2010/04/19,0,5604000,-735000,4869000
2010/04/20,0,2861000,-1320000,1541000
2010/04/21,0,9393000,-1000508,8392492
2010/04/22,0,3074000,-1184090,1889910
2010/04/23,0,2646000,-1252540,1393460
2010/04/26,0,3378000,-1470000,1908000
2010/04/27,0,1437068,-881068,556000
2010/04/28,0,848000,-1176096,-328096
2010/04/29,0,1120000,-516000,604000
2010/04/30,0,1930911,-460100,1470811
2010/05/03,0,418000,-856000,-438000
2010/05/04,0,352000,-567000,-215000
2010/05/05,0,763346,-4180119,-3416773
2010/05/06,0,1641551,-1335000,306551
2010/05/07,0,2726441,-1385454,1340987
2010/05/10,0,3836640,-857280,2979360
2010/05/11,0,3423817,-1146000,2277817
2010/05/12,0,728753,-281908,446845
2010/05/13,0,980000,-156000,824000
2010/05/14,0,419000,-266000,153000
2010/05/17,0,1376000,-2445000,-1069000
2010/05/18,0,752000,-2050059,-1298059
2010/05/19,0,395000,-986000,-591000
2010/05/20,0,530000,-1078000,-548000
2010/05/21,0,1405000,-1132309,272691
2010/05/24,0,211000,-112000,99000
2010/05/25,0,1872000,-2959121,-1087121
2010/05/26,0,4500000,-2413000,2087000
2010/05/27,0,3235000,-447279,2787721
2010/05/28,0,1464000,-453000,1011000
2010/05/31,0,1220000,-165000,1055000
2010/06/01,0,453000,-1188000,-735000
2010/06/02,0,1856000,-2847801,-991801
2010/06/03,0,1354000,-1317000,37000
2010/06/04,0,398000,-415542,-17542
2010/06/07,0,1099000,-2914250,-1815250
2010/06/08,0,3731000,-2801000,930000
2010/06/09,0,1107000,-2738000,-1631000
2010/06/10,0,2510000,-532000,1978000
2010/06/11,0,973208,-930000,43208
2010/06/14,0,1511208,-399000,1112208
2010/06/15,0,3402416,-1865670,1536746
2010/06/16,0,0,0,0
2010/06/17,0,1928561,-173644,1754917
2010/06/18,0,759134,-230000,529134
2010/06/21,0,4198000,-557230,3640770
2010/06/22,0,1670166,-533000,1137166
2010/06/23,0,1183313,-307264,876049
2010/06/24,0,227523,-1054310,-826787
2010/06/25,0,280159,-271000,9159
2010/06/28,0,104000,-300000,-196000
2010/06/29,0,496000,-1496000,-1000000
2010/06/30,0,1144000,-2618000,-1474000
2010/07/01,0,280000,-1254010,-974010
2010/07/02,0,517000,-521860,-4860
2010/07/05,0,421071,-1041000,-619929
2010/07/06,0,1094000,-554000,540000
2010/07/07,0,985478,-389941,595537
2010/07/08,0,667000,-650000,17000
2010/07/09,0,559000,-1579019,-1020019
2010/07/12,0,425000,-1683689,-1258689
2010/07/13,0,469000,-436000,33000
2010/07/14,0,1139629,-1480000,-340371
2010/07/15,0,912000,-1442000,-530000
2010/07/16,0,395066,-3363000,-2967934
2010/07/19,0,505000,-1288000,-783000
2010/07/20,0,1467000,-1281000,186000
2010/07/21,0,692000,-1399000,-707000
2010/07/22,0,256984,-679000,-422016
2010/07/23,0,784000,-2038000,-1254000
2010/07/26,0,2411630,-3791088,-1379458
2010/07/27,0,42311,-506323,-464012
2010/07/28,0,650000,-422000,228000
2010/07/29,0,436000,-394184,41816
2010/07/30,0,182911,-416000,-233089
2010/08/02,0,1599000,-1011440,587560
2010/08/03,0,1584000,-1402000,182000
2010/08/04,0,2725000,-456000,2269000
2010/08/05,0,3986000,-716000,3270000
2010/08/06,0,4477000,-436269,4040731
2010/08/09,0,2233000,-1036000,1197000
2010/08/10,0,481000,-584000,-103000
2010/08/11,0,1005000,-3634363,-2629363
2010/08/12,0,640000,-1405000,-765000
2010/08/13,0,182417,-3299000,-3116583
2010/08/16,0,261000,-1862000,-1601000
2010/08/17,0,136000,-248000,-112000
2010/08/18,0,232000,-696000,-464000
2010/08/19,0,549000,-1983000,-1434000
2010/08/20,0,206000,-650740,-444740
2010/08/23,0,362000,-2881000,-2519000
2010/08/24,0,286000,-2109000,-1823000
2010/08/25,0,698000,-3120000,-2422000
2010/08/26,0,84000,-613000,-529000
2010/08/27,0,408000,-2298295,-1890295
2010/08/30,0,209740,-414000,-204260
2010/08/31,0,1245000,-3546381,-2301381
2010/09/01,0,819000,-1677000,-858000
2010/09/02,0,1230000,-1558524,-328524
2010/09/03,0,569000,-696000,-127000
2010/09/06,0,721000,-978000,-257000
2010/09/07,0,234732,-1180880,-946148
2010/09/08,0,403470,-1800043,-1396573
2010/09/09,0,465000,-1841000,-1376000
2010/09/10,0,320210,-873803,-553593
2010/09/13,0,1859000,-398000,1461000
2010/09/14,0,2742614,-1005000,1737614
2010/09/15,0,4240000,-1552103,2687897
2010/09/16,0,1895200,-399000,1496200
2010/09/17,0,810000,-665200,144800
2010/09/20,0,379000,-1177000,-798000
2010/09/21,0,763000,-2136000,-1373000
2010/09/22,0,0,0,0
2010/09/23,0,1620200,-2821000,-1200800
2010/09/24,0,910000,-794000,116000
2010/09/27,0,887380,-798000,89380
2010/09/28,0,695860,-676000,19860
2010/09/29,0,1089000,-890614,198386
2010/09/30,0,529000,-1354000,-825000
2010/10/01,0,476225,-839000,-362775
2010/10/04,0,568410,-641600,-73190
2010/10/05,0,462329,-419520,42809
2010/10/06,0,803173,-681000,122173
2010/10/07,0,329000,-557000,-228000
2010/10/08,0,599990,-1631400,-1031410
2010/10/11,0,111230,-452000,-340770
2010/10/12,0,405650,-668000,-262350
2010/10/13,0,319820,-165000,154820
2010/10/14,0,582570,-502000,80570
2010/10/15,0,272120,-35600,236520
2010/10/18,0,125000,-1412000,-1287000
2010/10/19,0,380650,-932355,-551705
2010/10/20,0,780000,-568415,211585
2010/10/21,0,150000,-495000,-345000
2010/10/22,0,480000,-614700,-134700
2010/10/25,0,1528000,-299720,1228280
2010/10/26,0,775000,-819011,-44011
2010/10/27,0,2154990,-747000,1407990
2010/10/28,0,1649383,-1206120,443263
2010/10/29,0,1297000,-1129820,167180
2010/11/01,0,1217000,-904000,313000
2010/11/02,0,852000,-186380,665620
2010/11/03,0,596000,-55380,540620
2010/11/04,0,644000,-415280,228720
2010/11/05,0,5669040,-228137,5440903
2010/11/08,0,983000,-564020,418980
2010/11/09,0,874000,-899086,-25086
2010/11/10,0,745000,-1848180,-1103180
2010/11/11,0,310880,-343957,-33077
2010/11/12,0,226000,-403000,-177000
2010/11/15,0,538830,-775512,-236682
2010/11/16,0,1562000,-1661000,-99000
2010/11/17,0,301000,-1185000,-884000
2010/11/18,0,153000,-334070,-181070
2010/11/19,0,199780,-2139500,-1939720
2010/11/22,0,393320,-165000,228320
2010/11/23,0,135740,-604300,-468560
2010/11/24,0,414000,-330000,84000
2010/11/25,0,252000,-411000,-159000
2010/11/26,0,116000,-246000,-130000
2010/11/29,0,250000,-379078,-129078
2010/11/30,0,537744,-1276874,-739130
2010/12/01,0,1089000,-1113000,-24000
2010/12/02,0,1149000,-320224,828776
2010/12/03,0,509460,-193200,316260
2010/12/06,0,62000,-632000,-570000
2010/12/07,0,773920,-255000,518920
2010/12/08,0,71000,-1214000,-1143000
2010/12/09,0,1589000,-139660,1449340
2010/12/10,0,193500,-111800,81700
2010/12/13,0,1256000,-455546,800454
2010/12/14,0,3248000,-347000,2901000
2010/12/15,0,2742000,-2550000,192000
2010/12/16,0,2117000,-491800,1625200
2010/12/17,0,891000,-2070856,-1179856
2010/12/20,0,166650,-532000,-365350
2010/12/21,0,567000,-1409218,-842218
2010/12/22,0,585300,-1873440,-1288140
2010/12/23,0,195259,-414898,-219639
2010/12/24,0,218000,-39000,179000
2010/12/27,0,387000,-64000,323000
2010/12/28,0,625000,-49000,576000
2010/12/29,0,1315990,-110000,1205990
2010/12/30,0,1088000,-385000,703000
2010/12/31,0,288000,-316190,-28190
2011/01/03,0,409000,-113000,296000
2011/01/04,0,367000,-608000,-241000
2011/01/05,0,388000,-322160,65840
2011/01/06,0,354860,-658000,-303140
2011/01/07,0,236000,-476000,-240000
2011/01/10,0,209000,-415000,-206000
2011/01/11,0,1218000,-594000,624000
2011/01/12,0,1458680,-1863754,-405074
2011/01/13,0,554118,-330260,223858
2011/01/14,0,559000,-69000,490000
2011/01/17,0,1140042,-1435000,-294958
2011/01/18,0,502040,-2631700,-2129660
2011/01/19,0,514000,-113280,400720
2011/01/20,0,1519000,-1244000,275000
2011/01/21,0,241380,-1509280,-1267900
2011/01/24,0,127000,-409000,-282000
2011/01/25,0,176000,-161915,14085
2011/01/26,0,1135000,-248389,886611
2011/01/27,0,587000,-2005770,-1418770
2011/01/28,0,851870,-1601000,-749130
2011/01/31,0,0,0,0
2011/02/01,0,0,0,0
2011/02/02,0,0,0,0
2011/02/03,0,0,0,0
2011/02/04,0,0,0,0
2011/02/07,0,0,0,0
2011/02/08,0,2671000,-2607000,64000
2011/02/09,0,1170326,-3597417,-2427091
2011/02/10,0,2270000,-6129290,-3859290
2011/02/11,0,2200000,-1436000,764000
2011/02/14,0,1334000,-4126350,-2792350
2011/02/15,0,2050000,-852155,1197845
2011/02/16,0,1624000,-817000,807000
2011/02/17,0,674000,-884540,-210540
2011/02/18,0,1118000,-145000,973000
2011/02/21,0,456000,-692000,-236000
2011/02/22,0,1097000,-1089000,8000
2011/02/23,0,1761398,-1222080,539318
2011/02/24,0,1459000,-1271000,188000
2011/02/25,0,1650000,-1270764,379236
2011/02/28,0,0,0,0
2011/03/01,0,1397000,-352000,1045000
2011/03/02,0,2965915,-1975980,989935
2011/03/03,0,4672000,-1357040,3314960
2011/03/04,0,1429743,-2329000,-899257
2011/03/07,0,218000,-708500,-490500
2011/03/08,0,451000,-613494,-162494
2011/03/09,0,2462000,-2011472,450528
2011/03/10,0,457000,-943809,-486809
2011/03/11,0,686000,-1461700,-775700
2011/03/14,0,2470500,-1121400,1349100
2011/03/15,0,1678000,-2571750,-893750
2011/03/16,0,876000,-483860,392140
2011/03/17,0,370000,-353370,16630
2011/03/18,0,509000,-2893576,-2384576
2011/03/21,0,375000,-441780,-66780
2011/03/22,0,1009177,-457500,551677
2011/03/23,0,782000,-202000,580000
2011/03/24,0,2655000,-1896000,759000
2011/03/25,0,1264000,-917000,347000
2011/03/28,0,520000,-1954940,-1434940
2011/03/29,0,1268250,-34716,1233534
2011/03/30,0,2668000,-1524000,1144000
2011/03/31,0,2912161,-2614818,297343
2011/04/01,0,1127572,-1199510,-71938
2011/04/04,0,0,0,0
2011/04/05,0,0,0,0
2011/04/06,0,1809046,-985395,823651
2011/04/07,0,1664233,-580233,1084000
2011/04/08,0,2186821,-1167000,1019821
2011/04/11,0,4306758,-2129439,2177319
2011/04/12,0,2603528,-1097000,1506528
2011/04/13,0,5012000,-2244600,2767400
2011/04/14,0,2072000,-1439000,633000
2011/04/15,0,620000,-913540,-293540
2011/04/18,0,3024000,-522409,2501591
2011/04/19,0,1957000,-2921000,-964000
2011/04/20,0,1767000,-712500,1054500
2011/04/21,0,4410069,-3904000,506069
2011/04/22,0,735000,-21000,714000
2011/04/25,0,506000,-270000,236000
2011/04/26,0,1300228,-497000,803228
2011/04/27,0,667000,-766140,-99140
2011/04/28,0,917845,-796360,121485
2011/04/29,0,3335450,-4181245,-845795
2011/05/02,0,0,0,0
2011/05/03,0,2199337,-1148000,1051337
2011/05/04,0,3530000,-2310429,1219571
2011/05/05,0,4839000,-4016137,822863
2011/05/06,0,4551040,-817000,3734040
2011/05/09,0,886000,-131000,755000
2011/05/10,0,1368000,-43000,1325000
2011/05/11,0,1918000,-845000,1073000
2011/05/12,0,2255000,-2043000,212000
2011/05/13,0,163000,-1548998,-1385998
2011/05/16,0,1417200,-1490000,-72800
2011/05/17,0,1670000,-1103000,567000
2011/05/18,0,759000,-1023299,-264299
2011/05/19,0,2264000,-1121047,1142953
2011/05/20,0,935000,-1237000,-302000
2011/05/23,0,3330000,-2926000,404000
2011/05/24,0,376000,-890776,-514776
2011/05/25,0,405500,-2544000,-2138500
2011/05/26,0,1011818,-2881707,-1869889
2011/05/27,0,433000,-2301714,-1868714
2011/05/30,0,1604000,-1129000,475000
2011/05/31,0,4979300,-1735570,3243730
2011/06/01,0,4871044,-5070811,-199767
2011/06/02,0,889000,-828500,60500
2011/06/03,0,1314000,-603000,711000
2011/06/06,0,0,0,0
2011/06/07,0,1028000,-601460,426540
2011/06/08,0,554000,-1887060,-1333060
2011/06/09,0,924000,-2078380,-1154380
2011/06/10,0,622717,-1827580,-1204863
2011/06/13,0,1796000,-3271206,-1475206
2011/06/14,0,2616000,-6454000,-3838000
2011/06/15,0,4438000,-7510873,-3072873
2011/06/16,0,2937651,-1846000,1091651
2011/06/17,0,1124741,-857000,267741
2011/06/20,0,1630000,-728704,901296
2011/06/21,0,1088000,-246000,842000
2011/06/22,0,1791000,-2292000,-501000
2011/06/23,0,981579,-829945,151634
2011/06/24,0,833000,-416157,416843
2011/06/27,0,932000,-1003446,-71446
2011/06/28,0,328000,-457316,-129316
2011/06/29,0,676720,-685000,-8280
2011/06/30,0,1679000,-631900,1047100
2011/07/01,0,2967000,-1313189,1653811
2011/07/04,0,1756000,-4529000,-2773000
2011/07/05,0,457244,-1101000,-643756
2011/07/06,0,3833367,-13426840,-9593473
2011/07/07,0,1613836,-909000,704836
2011/07/08,0,2044731,-944000,1100731
2011/07/11,0,4127942,-1400000,2727942
2011/07/12,0,3495111,-989000,2506111
2011/07/13,0,3539481,-3784000,-244519
2011/07/14,0,1705346,-1025000,680346
2011/07/15,0,980382,-2527000,-1546618
2011/07/18,0,1759257,-876720,882537
2011/07/19,0,6800000,-6673400,126600
2011/07/20,0,6930438,-2333287,4597151
2011/07/21,0,2022765,-1706000,316765
2011/07/22,0,3999234,-1380280,2618954
2011/07/25,0,4399732,-1680000,2719732
2011/07/26,0,3238611,-2156000,1082611
2011/07/27,0,3700596,-1635000,2065596
2011/07/28,0,1907523,-630866,1276657
2011/07/29,0,3170726,-4215338,-1044612
2011/08/01,0,3286378,-1173000,2113378
2011/08/02,0,1261656,-347000,914656
2011/08/03,0,2151926,-374000,1777926
2011/08/04,0,1106894,-1859000,-752106
2011/08/05,0,772640,-262000,510640
2011/08/08,0,4164117,-4327420,-163303
2011/08/09,0,3555000,-7214431,-3659431
2011/08/10,0,249000,-2605050,-2356050
2011/08/11,0,2835000,-3532000,-697000
2011/08/12,0,708000,-3888174,-3180174
2011/08/15,0,1168000,-1190000,-22000
2011/08/16,0,924000,-2492000,-1568000
2011/08/17,0,942039,-3637900,-2695861
2011/08/18,0,1422217,-2966500,-1544283
2011/08/19,0,2146243,-1149009,997234
2011/08/22,0,2228883,-2307000,-78117
2011/08/23,0,3250000,-5267149,-2017149
2011/08/24,0,2227819,-4596000,-2368181
2011/08/25,0,3454020,-3747391,-293371
2011/08/26,0,4902298,-5455000,-552702
2011/08/29,0,1603050,-1338043,265007
2011/08/30,0,1484000,-526000,958000
2011/08/31,0,5519209,-5207800,311409
2011/09/01,0,5246124,-2234482,3011642
2011/09/02,0,603369,-4494840,-3891471
2011/09/05,0,2025000,-2111400,-86400
2011/09/06,0,1123772,-1379271,-255499
2011/09/07,0,1099081,-1053100,45981
2011/09/08,0,676344,-1221000,-544656
2011/09/09,0,776000,-1523440,-747440
2011/09/12,0,0,0,0
2011/09/13,0,1219577,-1257705,-38128
2011/09/14,0,1366566,-2122224,-755658
2011/09/15,0,1930972,-832038,1098934
2011/09/16,0,1573551,-813032,760519
2011/09/19,0,990831,-1488100,-497269
2011/09/20,0,2266379,-1555900,710479
2011/09/21,0,363039,-346000,17039
2011/09/22,0,576686,-1348450,-771764
2011/09/23,0,2714345,-3079546,-365201
2011/09/26,0,1602147,-974250,627897
2011/09/27,0,2324885,-979668,1345217
2011/09/28,0,1986917,-1965978,20939
2011/09/29,0,2360761,-802000,1558761
2011/09/30,0,3553100,-1448250,2104850
2011/10/03,0,583869,-1147000,-563131
2011/10/04,0,2476150,-1566000,910150
2011/10/05,0,479000,-3388233,-2909233
2011/10/06,0,943000,-1335200,-392200
2011/10/07,0,1177000,-304000,873000
2011/10/10,0,0,0,0
2011/10/11,0,1773000,-7558380,-5785380
2011/10/12,0,1241000,-5021548,-3780548
2011/10/13,0,1235376,-404650,830726
2011/10/14,0,178397,-247000,-68603
2011/10/17,0,7384000,-470750,6913250
2011/10/18,0,8715088,-2818570,5896518
2011/10/19,0,1165445,-1398300,-232855
2011/10/20,0,463376,-1318000,-854624
2011/10/21,0,225532,-427000,-201468
2011/10/24,0,1473345,-615000,858345
2011/10/25,0,2141162,-317000,1824162
2011/10/26,0,805000,-2464350,-1659350
2011/10/27,0,1661610,-2528000,-866390
2011/10/28,0,2053000,-923653,1129347
2011/10/31,0,1169800,-925000,244800
2011/11/01,0,1848000,-1579050,268950
2011/11/02,0,1224000,-1370000,-146000
2011/11/03,0,1370000,-763000,607000
2011/11/04,0,522000,-447000,75000
2011/11/07,0,574000,-307000,267000
2011/11/08,0,1835000,-691169,1143831
2011/11/09,0,1734000,-589350,1144650
2011/11/10,0,716000,-703901,12099
2011/11/11,0,329000,-3325416,-2996416
2011/11/14,0,651814,-202000,449814
2011/11/15,0,439000,-1910000,-1471000
2011/11/16,0,716000,-420000,296000
2011/11/17,0,867000,-2341513,-1474513
2011/11/18,0,700000,-867770,-167770
2011/11/21,0,613000,-1438000,-825000
2011/11/22,0,1665000,-2024000,-359000
2011/11/23,0,731050,-2128450,-1397400
2011/11/24,0,687000,-1467000,-780000
2011/11/25,0,945000,-3981000,-3036000
2011/11/28,0,910556,-2124000,-1213444
2011/11/29,0,811000,-2338000,-1527000
2011/11/30,0,1224000,-1850250,-626250
2011/12/01,0,2040000,-1232651,807349
2011/12/02,0,482000,-494000,-12000
2011/12/05,0,981000,-885650,95350
2011/12/06,0,643000,-706000,-63000
2011/12/07,0,1264000,-1289900,-25900
2011/12/08,0,1580000,-3067350,-1487350
2011/12/09,0,448560,-1278250,-829690
2011/12/12,0,1576000,-991165,584835
2011/12/13,0,178000,-948000,-770000
2011/12/14,0,483000,-1450590,-967590
2011/12/15,0,782000,-881192,-99192
2011/12/16,0,377000,-257886,119114
2011/12/19,0,1253000,-1411000,-158000
2011/12/20,0,976500,-1862500,-886000
2011/12/21,0,1178000,-515200,662800
2011/12/22,0,653000,-438550,214450
2011/12/23,0,589000,-312000,277000
2011/12/26,0,433000,-45000,388000
2011/12/27,0,271000,-147000,124000
2011/12/28,0,289850,-175850,114000
2011/12/29,0,1108000,-297000,811000
2011/12/30,0,583180,-199000,384180
2012/01/02,0,103000,-209000,-106000
2012/01/03,0,505507,-301000,204507
2012/01/04,0,429000,-646250,-217250
2012/01/05,0,466000,-1090973,-624973
2012/01/06,0,1061925,-472000,589925
2012/01/09,0,450000,-344000,106000
2012/01/10,0,911000,-1048600,-137600
2012/01/11,0,1505000,-131000,1374000
2012/01/12,0,585000,-441600,143400
2012/01/13,0,780000,-4760000,-3980000
2012/01/16,0,140000,-406000,-266000
2012/01/17,0,469000,-245000,224000
2012/01/18,0,855000,-617350,237650
2012/01/19,0,0,0,0
2012/01/20,0,0,0,0
2012/01/23,0,0,0,0
2012/01/24,0,0,0,0
2012/01/25,0,0,0,0
2012/01/26,0,0,0,0
2012/01/27,0,0,0,0
2012/01/30,0,4164000,-355350,3808650
2012/01/31,0,933000,-1392200,-459200
2012/02/01,0,2410432,-8476162,-6065730
2012/02/02,0,1630000,-2003250,-373250
2012/02/03,0,1903000,-3558000,-1655000
2012/02/06,0,1533000,-2054000,-521000
2012/02/07,0,1137000,-3720000,-2583000
2012/02/08,0,1632000,-3835164,-2203164
2012/02/09,0,3158000,-3482600,-324600
2012/02/10,0,2607400,-11657550,-9050150
2012/02/13,0,3140000,-8642236,-5502236
2012/02/14,0,1333479,-3565600,-2232121
2012/02/15,0,2139000,-1992000,147000
2012/02/16,0,1454000,-3112000,-1658000
2012/02/17,0,2292000,-2008750,283250
2012/02/20,0,960000,-1339000,-379000
2012/02/21,0,1526000,-1807900,-281900
2012/02/22,0,5205000,-1934050,3270950
2012/02/23,0,2744000,-2832000,-88000
2012/02/24,0,1427000,-2247000,-820000
2012/02/27,0,0,0,0
2012/02/28,0,0,0,0
2012/02/29,0,3470557,-928250,2542307
2012/03/01,0,1954798,-993000,961798
2012/03/02,0,680200,-1326000,-645800
2012/03/05,0,679100,-838000,-158900
2012/03/06,0,2274000,-2025250,248750
2012/03/07,0,896000,-827000,69000
2012/03/08,0,896000,-578000,318000
2012/03/09,0,705000,-500205,204795
2012/03/12,0,865000,-721000,144000
2012/03/13,0,922000,-883950,38050
2012/03/14,0,2148179,-376380,1771799
2012/03/15,0,271000,-1677000,-1406000
2012/03/16,0,1580100,-1244061,336039
2012/03/19,0,661000,-1405091,-744091
2012/03/20,0,880100,-2310000,-1429900
2012/03/21,0,3339195,-1045502,2293693
2012/03/22,0,467000,-1136039,-669039
2012/03/23,0,847000,-89863,757137
2012/03/26,0,469545,-1639000,-1169455
2012/03/27,0,1825000,-892475,932525
2012/03/28,0,1470000,-2624500,-1154500
2012/03/29,0,266100,-1446908,-1180808
2012/03/30,0,866898,-753158,113740
2012/04/02,0,109000,-1233000,-1124000
2012/04/03,0,2542571,-1107805,1434766
2012/04/04,0,0,0,0
2012/04/05,0,3335000,-1610280,1724720
2012/04/06,0,1290000,-1702144,-412144
2012/04/09,0,522000,-1000000,-478000
2012/04/10,0,100100,-514000,-413900
2012/04/11,0,1288000,-2190309,-902309
2012/04/12,0,2525000,-1046000,1479000
2012/04/13,0,960203,-404213,555990
2012/04/16,0,80000,-369000,-289000
2012/04/17,0,1151000,-2959000,-1808000
2012/04/18,0,1782000,-3206000,-1424000
2012/04/19,0,4669000,-2501200,2167800
2012/04/20,0,1039000,-2567838,-1528838
2012/04/23,0,3317203,-1336500,1980703
2012/04/24,0,459050,-2064978,-1605928
2012/04/25,0,3044000,-1908000,1136000
2012/04/26,0,252000,-2159000,-1907000
2012/04/27,0,949209,-2412485,-1463276
2012/04/30,0,2331000,-812713,1518287
2012/05/01,0,0,0,0
2012/05/02,0,3457000,-3067000,390000
2012/05/03,0,786000,-1046900,-260900
2012/05/04,0,550000,-499685,50315
2012/05/07,0,332000,-2440909,-2108909
2012/05/08,0,150000,-769400,-619400
2012/05/09,0,626000,-879598,-253598
2012/05/10,0,490034,-829307,-339273
2012/05/11,0,676361,-2076300,-1399939
2012/05/14,0,464000,-1374000,-910000
2012/05/15,0,1522000,-1710886,-188886
2012/05/16,0,2367424,-1736000,631424
2012/05/17,0,3118000,-1872748,1245252
2012/05/18,0,1023000,-1389137,-366137
2012/05/21,0,92000,-922887,-830887
2012/05/22,0,2047000,-884000,1163000
2012/05/23,0,3512424,-2271725,1240699
2012/05/24,0,1267050,-783000,484050
2012/05/25,0,246000,-247303,-1303
2012/05/28,0,1056000,-570000,486000
2012/05/29,0,717000,-1397000,-680000
2012/05/30,0,2948000,-2899575,48425
2012/05/31,0,2285100,-4195803,-1910703
2012/06/01,0,2403000,-1632241,770759
2012/06/04,0,1790940,-1653000,137940
2012/06/05,0,886000,-859116,26884
2012/06/06,0,3440000,-1272450,2167550
2012/06/07,0,1303552,-1177277,126275
2012/06/08,0,1641177,-1130655,510522
2012/06/11,0,1823884,-859000,964884
2012/06/12,0,1384000,-1331000,53000
2012/06/13,0,1142087,-661900,480187
2012/06/14,0,927003,-102578,824425
2012/06/15,0,1888000,-3418712,-1530712
2012/06/18,0,1019794,-751000,268794
2012/06/19,0,2085809,-3034000,-948191
2012/06/20,0,1370706,-1681000,-310294
2012/06/21,0,2242716,-1078000,1164716
2012/06/22,0,215889,-1559723,-1343834
2012/06/25,0,691000,-2132788,-1441788
2012/06/26,0,577000,-1232000,-655000
2012/06/27,0,662000,-631300,30700
2012/06/28,0,654000,-521200,132800
2012/06/29,0,1493000,-557629,935371
2012/07/02,0,352000,-712000,-360000
2012/07/03,0,2497000,-625000,1872000
2012/07/04,0,2205210,-291000,1914210
2012/07/05,0,204000,-425000,-221000
2012/07/06,0,781000,-1277329,-496329
2012/07/09,0,3337300,-1188000,2149300
2012/07/10,0,6341244,-864500,5476744
2012/07/11,0,3959000,-725000,3234000
2012/07/12,0,4805500,-2517350,2288150
2012/07/13,0,374284,-500563,-126279
2012/07/16,0,748000,-1092000,-344000
2012/07/17,0,800000,-2270500,-1470500
2012/07/18,0,1885000,-836143,1048857
2012/07/19,0,2312000,-1901000,411000
2012/07/20,0,1379000,-352012,1026988
2012/07/23,0,573000,-2870936,-2297936
2012/07/24,0,523000,-1171364,-648364
2012/07/25,0,1111000,-2088000,-977000
2012/07/26,0,2697184,-1496081,1201103
2012/07/27,0,3703000,-954379,2748621
2012/07/30,0,1758162,-570000,1188162
2012/07/31,0,2051000,-1105063,945937
2012/08/01,0,1508000,-515000,993000
2012/08/02,0,0,0,0
2012/08/03,0,856318,-9859000,-9002682
2012/08/06,0,6603000,-3334769,3268231
2012/08/07,0,1404000,-2656000,-1252000
2012/08/08,0,1481602,-738553,743049
2012/08/09,0,3577000,-3660000,-83000
2012/08/10,0,5507000,-3070114,2436886
2012/08/13,0,1742000,-537000,1205000
2012/08/14,0,2195000,-419000,1776000
2012/08/15,0,2236000,-1495000,741000
2012/08/16,0,5052190,-840000,4212190
2012/08/17,0,1263000,-825245,437755
2012/08/20,0,1608000,-645343,962657
2012/08/21,0,4139306,-2351695,1787611
2012/08/22,0,2001834,-1460135,541699
2012/08/23,0,957178,-899645,57533
2012/08/24,0,1115300,-3571878,-2456578
2012/08/27,0,682300,-638000,44300
2012/08/28,0,1139942,-953000,186942
2012/08/29,0,903000,-190000,713000
2012/08/30,0,3039500,-1703000,1336500
2012/08/31,0,799715,-1945029,-1145314
2012/09/03,0,2184000,-1038000,1146000
2012/09/04,0,1997000,-849000,1148000
2012/09/05,0,1448792,-1480250,-31458
2012/09/06,0,697000,-1499450,-802450
2012/09/07,0,2381881,-1713295,668586
2012/09/10,0,1250000,-2131000,-881000
2012/09/11,0,1486000,-3588000,-2102000
2012/09/12,0,3310900,-2547000,763900
2012/09/13,0,2065000,-557000,1508000
2012/09/14,0,4837000,-1884620,2952380
2012/09/17,0,1506000,-1756950,-250950
2012/09/18,0,3645050,-1235000,2410050
2012/09/19,0,2242000,-1453000,789000
2012/09/20,0,483000,-191750,291250
2012/09/21,0,592000,-767971,-175971
2012/09/24,0,970000,-228000,742000
2012/09/25,0,1531000,-1429500,101500
2012/09/26,0,1259000,-2682000,-1423000
2012/09/27,0,903000,-929756,-26756
2012/09/28,0,1593450,-167961,1425489
2012/10/01,0,139000,-588300,-449300
2012/10/02,0,907000,-575000,332000
2012/10/03,0,174000,-338000,-164000
2012/10/04,0,570000,-389000,181000
2012/10/05,0,1246500,-426884,819616
2012/10/08,0,775300,-3830982,-3055682
2012/10/09,0,3353000,-1220906,2132094
2012/10/10,0,0,0,0
2012/10/11,0,1659000,-1677431,-18431
2012/10/12,0,2014700,-1517786,496914
2012/10/15,0,527000,-515725,11275
2012/10/16,0,508800,-6740050,-6231250
2012/10/17,0,623000,-1894850,-1271850
2012/10/18,0,1927000,-1045800,881200
2012/10/19,0,1453000,-1961363,-508363
2012/10/22,0,570000,-2333821,-1763821
2012/10/23,0,607600,-1184687,-577087
2012/10/24,0,1473000,-988038,484962
2012/10/25,0,582000,-4651500,-4069500
2012/10/26,0,5058000,-1100892,3957108
2012/10/29,0,944000,-1180160,-236160
2012/10/30,0,613000,-3134748,-2521748
2012/10/31,0,4639000,-1257229,3381771
2012/11/01,0,1180750,-1266000,-85250
2012/11/02,0,306000,-2177723,-1871723
2012/11/05,0,729000,-557050,171950
2012/11/06,0,832000,-1071000,-239000
2012/11/07,0,1026000,-981800,44200
2012/11/08,0,314000,-1002810,-688810
2012/11/09,0,1507000,-4046542,-2539542
2012/11/12,0,1379000,-3039000,-1660000
2012/11/13,0,774000,-3459000,-2685000
2012/11/14,0,702000,-865000,-163000
2012/11/15,0,710000,-410600,299400
2012/11/16,0,586000,-891179,-305179
2012/11/19,0,516000,-788000,-272000
2012/11/20,0,1285000,-3845300,-2560300
2012/11/21,0,717000,-2920754,-2203754
2012/11/22,0,405000,-1398000,-993000
2012/11/23,0,2905000,-4081228,-1176228
2012/11/26,0,528000,-186000,342000
2012/11/27,0,1255000,-2764050,-1509050
2012/11/28,0,933500,-3642935,-2709435
2012/11/29,0,1206000,-2144000,-938000
2012/11/30,0,1808000,-922998,885002
2012/12/03,0,918000,-1057624,-139624
2012/12/04,0,652000,-931000,-279000
2012/12/05,0,1295000,-1003647,291353
2012/12/06,0,666000,-660829,5171
2012/12/07,0,561000,-2943374,-2382374
2012/12/10,0,1083000,-555429,527571
2012/12/11,0,1077114,-795150,281964
2012/12/12,0,1336450,-420049,916401
2012/12/13,0,1124741,-3332815,-2208074
2012/12/14,0,1697079,-10861037,-9163958
2012/12/17,0,1016000,-12343456,-11327456
2012/12/18,0,1033000,-6850009,-5817009
2012/12/19,0,765000,-5819200,-5054200
2012/12/20,0,492000,-3069300,-2577300
2012/12/21,0,409000,-3386937,-2977937
2012/12/24,0,1199000,-2040351,-841351
2012/12/25,0,501000,-1353000,-852000
2012/12/26,0,361000,-363000,-2000
2012/12/27,0,1714775,-2313182,-598407
2012/12/28,0,667000,-2312037,-1645037
2012/12/31,0,0,0,0
2013/01/01,0,0,0,0
2013/01/02,0,627600,-1016490,-388890
2013/01/03,0,725000,-1306000,-581000
2013/01/04,0,515000,-2425626,-1910626
2013/01/07,0,449000,-2689750,-2240750
2013/01/08,0,1211000,-2171000,-960000
2013/01/09,0,1635000,-1533450,101550
2013/01/10,0,1923000,-4874209,-2951209
2013/01/11,0,1809500,-2142804,-333304
2013/01/14,0,135718,-2375500,-2239782
2013/01/15,0,781050,-2219130,-1438080
2013/01/16,0,2276000,-3812100,-1536100
2013/01/17,0,631660,-1582910,-951250
2013/01/18,0,566000,-961072,-395072
2013/01/21,0,248000,-1095450,-847450
2013/01/22,0,543000,-608586,-65586
2013/01/23,0,946000,-3900852,-2954852
2013/01/24,0,464000,-1749800,-1285800
2013/01/25,0,616000,-1273690,-657690
2013/01/28,0,2675000,-512000,2163000
2013/01/29,0,562900,-615000,-52100
2013/01/30,0,748000,-4885734,-4137734
2013/01/31,0,886300,-1901786,-1015486
2013/02/01,0,439000,-269956,169044
2013/02/04,0,863000,-411000,452000
2013/02/05,0,477000,-744400,-267400
2013/02/06,0,475000,-1157900,-682900
2013/02/07,0,0,0,0
2013/02/08,0,0,0,0
2013/02/11,0,0,0,0
2013/02/12,0,0,0,0
2013/02/13,0,0,0,0
2013/02/14,0,0,0,0
2013/02/15,0,0,0,0
2013/02/18,0,273250,-2988765,-2715515
2013/02/19,0,1391000,-2971735,-1580735
2013/02/20,0,1726000,-1587824,138176
2013/02/21,0,678000,-1866987,-1188987
2013/02/22,0,423000,-788346,-365346
2013/02/25,0,272000,-1026537,-754537
2013/02/26,0,224000,-1394979,-1170979
2013/02/27,0,995120,-3017661,-2022541
2013/02/28,0,0,0,0
2013/03/01,0,1746000,-557454,1188546
2013/03/04,0,257000,-997000,-740000
2013/03/05,0,188000,-787700,-599700
2013/03/06,0,424000,-286513,137487
2013/03/07,0,283000,-382000,-99000
2013/03/08,0,342200,-626100,-283900
2013/03/11,0,236000,-331000,-95000
2013/03/12,0,165000,-3295019,-3130019
2013/03/13,0,249000,-361000,-112000
2013/03/14,0,59000,-648410,-589410
2013/03/15,0,439000,-1913723,-1474723
2013/03/18,0,100000,-756000,-656000
2013/03/19,0,444000,-1288000,-844000
2013/03/20,0,368000,-2596571,-2228571
2013/03/21,0,546513,-2104285,-1557772
2013/03/22,0,2216000,-1540326,675674
2013/03/25,0,119000,-251000,-132000
2013/03/26,0,1092524,-735000,357524
2013/03/27,0,161000,-1058000,-897000
2013/03/28,0,1206000,-804000,402000
2013/03/29,0,400000,-471750,-71750
2013/04/01,0,126575,-136000,-9425
2013/04/02,0,111000,-406000,-295000
2013/04/03,0,102000,-1100000,-998000
2013/04/04,0,0,0,0
2013/04/05,0,0,0,0
2013/04/08,0,890000,-998006,-108006
2013/04/09,0,315000,-951697,-636697
2013/04/10,0,217000,-532000,-315000
2013/04/11,0,128095,-488000,-359905
2013/04/12,0,360000,-1128493,-768493
2013/04/15,0,483889,-2180500,-1696611
2013/04/16,0,541549,-301000,240549
2013/04/17,0,485000,-1098448,-613448
2013/04/18,0,314000,-538250,-224250
2013/04/19,0,417000,-856788,-439788
2013/04/22,0,978000,-347877,630123
2013/04/23,0,345000,-156000,189000
2013/04/24,0,880000,-110227,769773
2013/04/25,0,511696,-1043350,-531654
2013/04/26,0,451000,-382989,68011
2013/04/29,0,466000,-713500,-247500
2013/04/30,0,1022000,-820000,202000
2013/05/01,0,0,0,0
2013/05/02,0,913000,-1208970,-295970
2013/05/03,0,1026000,-733044,292956
2013/05/06,0,424000,-311312,112688
2013/05/07,0,726000,-225011,500989
2013/05/08,0,1232052,-813000,419052
2013/05/09,0,537878,-621104,-83226
2013/05/10,0,802000,-616772,185228
2013/05/13,0,630000,-318070,311930
2013/05/14,0,481000,-1044465,-563465
2013/05/15,0,1581000,-180465,1400535
2013/05/16,0,1315000,-496000,819000
2013/05/17,0,274000,-1417061,-1143061
2013/05/20,0,442000,-418000,24000
2013/05/21,0,263000,-564534,-301534
2013/05/22,0,471000,-885000,-414000
2013/05/23,0,585000,-1361000,-776000
2013/05/24,0,149095,-1446907,-1297812
2013/05/27,0,297337,-336829,-39492
2013/05/28,0,413000,-418000,-5000
2013/05/29,0,867000,-327000,540000
2013/05/30,0,260000,-1824000,-1564000
2013/05/31,0,3510648,-2849231,661417
2013/06/03,0,225000,-981000,-756000
2013/06/04,0,1201000,-671000,530000
2013/06/05,0,1464654,-1651500,-186846
2013/06/06,0,1781361,-1965002,-183641
2013/06/07,0,1262457,-1458136,-195679
2013/06/10,0,943600,-1385000,-441400
2013/06/11,0,877477,-815950,61527
2013/06/12,0,0,0,0
2013/06/13,0,850000,-2672757,-1822757
2013/06/14,0,800000,-675762,124238
2013/06/17,0,300000,-1609873,-1309873
2013/06/18,0,654000,-1210621,-556621
2013/06/19,0,280000,-908509,-628509
2013/06/20,0,240000,-1188192,-948192
2013/06/21,0,334000,-1120467,-786467
2013/06/24,0,787000,-1585000,-798000
2013/06/25,0,541000,-644816,-103816
2013/06/26,0,812000,-1418388,-606388
2013/06/27,0,1074000,-1083000,-9000
2013/06/28,0,2091202,-1306911,784291
2013/07/01,0,692000,-325021,366979
2013/07/02,0,834000,-380874,453126
2013/07/03,0,628000,-340000,288000
2013/07/04,0,398000,-288000,110000
2013/07/05,0,601000,-187013,413987
2013/07/08,0,527000,-517000,10000
2013/07/09,0,689000,-80000,609000
2013/07/10,0,727000,-508000,219000
2013/07/11,0,1480020,-84000,1396020
2013/07/12,0,1308000,-298000,1010000
2013/07/15,0,947650,-106657,840993
2013/07/16,0,1089000,-474000,615000
2013/07/17,0,1438000,-620000,818000
2013/07/18,0,948000,-225968,722032
2013/07/19,0,1509447,-661609,847838
2013/07/22,0,2001917,-497000,1504917
2013/07/23,0,1294000,-128000,1166000
2013/07/24,0,416300,-576380,-160080
2013/07/25,0,310000,-360000,-50000
2013/07/26,0,317000,-227903,89097
2013/07/29,0,419000,-298000,121000
2013/07/30,0,1034000,-187000,847000
2013/07/31,0,353000,-1278600,-925600
2013/08/01,0,225000,-336000,-111000
2013/08/02,0,869000,-403257,465743
2013/08/05,0,719000,-260750,458250
2013/08/06,0,513000,-908000,-395000
2013/08/07,0,545000,-570927,-25927
2013/08/08,0,156000,-990000,-834000
2013/08/09,0,270000,-839399,-569399
2013/08/12,0,329000,-236000,93000
2013/08/13,0,1848000,-345500,1502500
2013/08/14,0,1602581,-423000,1179581
2013/08/15,0,1597000,-785659,811341
2013/08/16,0,1191474,-571315,620159
2013/08/19,0,1934000,-334000,1600000
2013/08/20,0,779686,-394986,384700
2013/08/21,0,0,0,0
2013/08/22,0,917536,-1599781,-682245
2013/08/23,0,642000,-773033,-131033
2013/08/26,0,1551000,-309000,1242000
2013/08/27,0,694000,-642800,51200
2013/08/28,0,1262000,-781052,480948
2013/08/29,0,516000,-596000,-80000
2013/08/30,0,754000,-1722542,-968542
2013/09/02,0,699000,-212000,487000
2013/09/03,0,554000,-329000,225000
2013/09/04,0,1403850,-198000,1205850
2013/09/05,0,726617,-33037,693580
2013/09/06,0,2321000,-169864,2151136
2013/09/09,0,910000,-530000,380000
2013/09/10,0,1232000,-828000,404000
2013/09/11,0,1596000,-671466,924534
2013/09/12,0,1083750,-295000,788750
2013/09/13,0,1004500,-105556,898944
2013/09/16,0,1119000,-118000,1001000
2013/09/17,0,1076000,-300347,775653
2013/09/18,0,1699815,-1545000,154815
2013/09/19,0,0,0,0
2013/09/20,0,0,0,0
2013/09/23,0,808000,-353457,454543
2013/09/24,0,1046000,-700782,345218
2013/09/25,0,1261100,-311100,950000
2013/09/26,0,405000,-460000,-55000
2013/09/27,0,651000,-498202,152798
2013/09/30,0,233150,-1346686,-1113536
2013/10/01,0,198000,-387161,-189161
2013/10/02,0,361413,-289873,71540
2013/10/03,0,1780710,-143000,1637710
2013/10/04,0,570900,-292444,278456
2013/10/07,0,621836,-231000,390836
2013/10/08,0,815108,-303000,512108
2013/10/09,0,546108,-131000,415108
2013/10/10,0,0,0,0
2013/10/11,0,1013253,-355888,657365
2013/10/14,0,400000,-648822,-248822
2013/10/15,0,795000,-449217,345783
2013/10/16,0,515055,-90212,424843
2013/10/17,0,546913,-255600,291313
2013/10/18,0,329282,-166391,162891
2013/10/21,0,491850,-88000,403850
2013/10/22,0,855911,-510000,345911
2013/10/23,0,712987,-688701,24286
2013/10/24,0,257415,-564000,-306585
2013/10/25,0,290313,-1019757,-729444
2013/10/28,0,520000,-546000,-26000
2013/10/29,0,687415,-665500,21915
2013/10/30,0,578000,-927000,-349000
2013/10/31,0,795000,-1263970,-468970
2013/11/01,0,541000,-950488,-409488
2013/11/04,0,644500,-737000,-92500
2013/11/05,0,197498,-1135380,-937882
2013/11/06,0,807900,-426617,381283
2013/11/07,0,577000,-388213,188787
2013/11/08,0,477000,-177589,299411
2013/11/11,0,259000,-531000,-272000
2013/11/12,0,872000,-245102,626898
2013/11/13,0,606302,-845000,-238698
2013/11/14,0,357706,-857450,-499744
2013/11/15,0,300500,-675825,-375325
2013/11/18,0,188000,-470280,-282280
2013/11/19,0,768000,-767000,1000
2013/11/20,0,171000,-1362796,-1191796
2013/11/21,0,456375,-1938000,-1481625
2013/11/22,0,436228,-778254,-342026
2013/11/25,0,533532,-215000,318532
2013/11/26,0,1091192,-885142,206050
2013/11/27,0,179836,-609702,-429866
2013/11/28,0,497000,-127717,369283
2013/11/29,0,1502000,-773645,728355
2013/12/02,0,829836,-827387,2449
2013/12/03,0,529100,-978716,-449616
2013/12/04,0,354800,-1110100,-755300
2013/12/05,0,877456,-992859,-115403
2013/12/06,0,453228,-843970,-390742
2013/12/09,0,803380,-814206,-10826
2013/12/10,0,640000,-428350,211650
2013/12/11,0,686000,-693800,-7800
2013/12/12,0,375450,-257811,117639
2013/12/13,0,553000,-423901,129099
2013/12/16,0,465000,-484072,-19072
2013/12/17,0,769000,-1382806,-613806
2013/12/18,0,549000,-914000,-365000
2013/12/19,0,391000,-342672,48328
2013/12/20,0,526984,-671763,-144779
2013/12/23,0,255304,-409000,-153696
2013/12/24,0,168000,-233000,-65000
2013/12/25,0,90000,-26000,64000
2013/12/26,0,27000,-14000,13000
2013/12/27,0,464000,-127000,337000
2013/12/30,0,515000,-217762,297238
2013/12/31,0,723000,-66000,657000
2014/01/02,0,518365,-268301,250064
2014/01/03,0,247380,-327690,-80310
2014/01/06,0,282000,-383313,-101313
2014/01/07,0,579000,-248456,330544
2014/01/08,0,588000,-619550,-31550
2014/01/09,0,597000,-1117000,-520000
2014/01/10,0,355000,-430026,-75026
2014/01/13,0,520762,-515000,5762
2014/01/14,0,552756,-272000,280756
2014/01/15,0,665381,-922000,-256619
2014/01/16,0,1231000,-187700,1043300
2014/01/17,0,155836,-171527,-15691
2014/01/20,0,309450,-1219000,-909550
2014/01/21,0,264000,-155026,108974
2014/01/22,0,718000,-727000,-9000
2014/01/23,0,291456,-323380,-31924
2014/01/24,0,546000,-333596,212404
2014/01/27,0,694000,-1650579,-956579
2014/02/05,0,1120000,-3461658,-2341658
2014/02/06,0,790000,-1722000,-932000
2014/02/07,0,1592000,-1169970,422030
2014/02/10,0,622000,-433129,188871
2014/02/11,0,2277160,-316122,1961038
2014/02/12,0,667950,-362175,305775
2014/02/13,0,533000,-143700,389300
2014/02/14,0,1259170,-625909,633261
2014/02/17,0,555000,-531000,24000
2014/02/18,0,1219000,-606000,613000
2014/02/19,0,1171000,-792216,378784
2014/02/20,0,636088,-321000,315088
2014/02/21,0,1360750,-195893,1164857
2014/02/24,0,544000,-95000,449000
2014/02/25,0,703076,-486465,216611
2014/02/26,0,1001000,-704637,296363
2014/02/27,0,1047000,-302022,744978
2014/03/03,0,1544000,-766038,777962
2014/03/04,0,1173236,-336892,836344
2014/03/05,0,1053900,-454000,599900
2014/03/06,0,1870000,-200973,1669027
2014/03/07,0,1424000,-646255,777745
2014/03/10,0,927000,-475000,452000
2014/03/11,0,715710,-233226,482484
2014/03/12,0,1286355,-75000,1211355
2014/03/13,0,1202000,-302000,900000
2014/03/14,0,455550,-690195,-234645
2014/03/17,0,355000,-323000,32000
2014/03/18,0,1111000,-1009367,101633
2014/03/19,0,290000,-415000,-125000
2014/03/20,0,546000,-678418,-132418
2014/03/21,0,1544000,-1051055,492945
2014/03/24,0,487858,-117000,370858
2014/03/25,0,1426000,-1283624,142376
2014/03/26,0,734000,-941000,-207000
2014/03/27,0,853000,-565000,288000
2014/03/28,0,1571000,-847594,723406
2014/03/31,0,1201212,-677000,524212
2014/04/01,0,1003000,-258107,744893
2014/04/02,0,1893000,-103660,1789340
2014/04/03,0,1138000,-436000,702000
2014/04/07,0,3443150,-1013274,2429876
2014/04/08,0,1573000,-655000,918000
2014/04/09,0,1663000,-361000,1302000
2014/04/10,0,1873000,-606462,1266538
2014/04/11,0,2768000,-351378,2416622
2014/04/14,0,3949000,-416000,3533000
2014/04/15,0,2228650,-1281000,947650
2014/04/16,0,2681000,-450000,2231000
2014/04/17,0,1473351,-453000,1020351
2014/04/18,0,433000,-253942,179058
2014/04/21,0,784000,-29000,755000
2014/04/22,0,1609000,-155000,1454000
2014/04/23,0,1678000,-451000,1227000
2014/04/24,0,2627000,-564000,2063000
2014/04/25,0,1623450,-440586,1182864
2014/04/28,0,1151900,-166000,985900
2014/04/29,0,1344702,-733375,611327
2014/04/30,0,1464744,-778000,686744
2014/05/02,0,890050,-98808,791242
2014/05/05,0,149730,-146000,3730
2014/05/06,0,543000,-690000,-147000
2014/05/07,0,987000,-500000,487000
2014/05/08,0,1257000,-816972,440028
2014/05/09,0,293287,-569682,-276395
2014/05/12,0,352000,-376100,-24100
2014/05/13,0,1046000,-359000,687000
2014/05/14,0,1562000,-509000,1053000
2014/05/15,0,809000,-1881000,-1072000
2014/05/16,0,1244000,-1818780,-574780
2014/05/19,0,890000,-2830893,-1940893
2014/05/20,0,1319800,-1143802,175998
2014/05/21,0,756635,-912000,-155365
2014/05/22,0,1342000,-1614000,-272000
2014/05/23,0,1204900,-1383743,-178843
2014/05/26,0,1078000,-655000,423000
2014/05/27,0,852000,-373940,478060
2014/05/28,0,1379468,-627000,752468
2014/05/29,0,645000,-346866,298134
2014/05/30,0,3969351,-4752441,-783090
2014/06/03,0,1794700,-1693858,100842
2014/06/04,0,1073000,-812000,261000
2014/06/05,0,2420150,-402152,2017998
2014/06/06,0,132000,-375502,-243502
2014/06/09,0,157000,-190000,-33000
2014/06/10,0,745595,-46000,699595
2014/06/11,0,311468,-328157,-16689
2014/06/12,0,661000,-43421,617579
2014/06/13,0,554468,-116121,438347
2014/06/16,0,318000,-167054,150946
2014/06/17,0,667500,-239000,428500
2014/06/18,0,1548000,-250700,1297300
2014/06/19,0,311483,-259000,52483
2014/06/20,0,1099000,-162818,936182
2014/06/23,0,458585,-1102515,-643930
2014/06/24,0,478468,-362119,116349
2014/06/25,0,948000,-920243,27757
2014/06/26,0,1502258,-771724,730534
2014/06/27,0,679000,-926419,-247419
2014/06/30,0,291000,-598375,-307375
2014/07/01,0,865000,-77600,787400
2014/07/02,0,1363000,-836307,526693
2014/07/03,0,619600,-754000,-134400
2014/07/04,0,531000,-270702,260298
2014/07/07,0,814000,-495569,318431
2014/07/08,0,603200,-93000,510200
2014/07/09,0,901000,-374000,527000
2014/07/10,0,472147,-519000,-46853
2014/07/11,0,438660,-465209,-26549
2014/07/14,0,462000,-434000,28000
2014/07/15,0,1471254,-373000,1098254
2014/07/16,0,363310,-1002000,-638690
2014/07/17,0,672870,-155000,517870
2014/07/18,0,746000,-373806,372194
2014/07/21,0,439050,-260000,179050
2014/07/22,0,680000,-238750,441250
2014/07/23,0,0,0,0
2014/07/24,0,1141560,-337000,804560
2014/07/25,0,440000,-245751,194249
2014/07/28,0,840650,-112800,727850
2014/07/29,0,1273000,-225000,1048000
2014/07/30,0,833000,-561000,272000
2014/07/31,0,739450,-895875,-156425
2014/08/01,0,560560,-403442,157118
2014/08/04,0,374000,-431000,-57000
2014/08/05,0,1090000,-1922002,-832002
2014/08/06,0,554448,-229400,325048
2014/08/07,0,326980,-190440,136540
2014/08/08,0,325192,-322208,2984
2014/08/11,0,318000,-179950,138050
2014/08/12,0,815956,-317292,498664
2014/08/13,0,2649000,-460577,2188423
2014/08/14,0,3608000,-462000,3146000
2014/08/15,0,3301000,-370307,2930693
2014/08/18,0,2780000,-208000,2572000
2014/08/19,0,2555250,-572000,1983250
2014/08/20,0,2007055,-368000,1639055
2014/08/21,0,1667200,-286000,1381200
2014/08/22,0,3349164,-312571,3036593
2014/08/25,0,1444000,-631600,812400
2014/08/26,0,1579139,-356400,1222739
2014/08/27,0,1677000,-525000,1152000
2014/08/28,0,3853195,-396000,3457195
2014/08/29,0,1631000,-1049309,581691
2014/09/01,0,459000,-199000,260000
2014/09/02,0,713000,-686000,27000
2014/09/03,0,806854,-1348518,-541664
2014/09/04,0,704000,-829681,-125681
2014/09/05,0,606000,-798123,-192123
2014/09/09,0,795125,-370000,425125
2014/09/10,0,503165,-1030000,-526835
2014/09/11,0,831000,-854000,-23000
2014/09/12,0,485548,-529822,-44274
2014/09/15,0,604000,-721000,-117000
2014/09/16,0,597769,-1486700,-888931
2014/09/17,0,744500,-577000,167500
2014/09/18,0,1304149,-243750,1060399
2014/09/19,0,238000,-1028407,-790407
2014/09/22,0,828506,-697443,131063
2014/09/23,0,973000,-498000,475000
2014/09/24,0,1947400,-869000,1078400
2014/09/25,0,1663000,-2425175,-762175
2014/09/26,0,1858000,-143453,1714547
2014/09/29,0,1495000,-1527000,-32000
2014/09/30,0,2531600,-1430336,1101264
2014/10/01,0,2655000,-914000,1741000
2014/10/02,0,1960000,-1186000,774000
2014/10/03,0,1357000,-417499,939501
2014/10/06,0,742882,-768100,-25218
2014/10/07,0,1742000,-531718,1210282
2014/10/08,0,1959472,-547372,1412100
2014/10/09,0,1228000,-1300164,-72164
2014/10/13,0,1610000,-1722975,-112975
2014/10/14,0,1184000,-970000,214000
2014/10/15,0,2065199,-2351199,-286000
2014/10/16,0,1272000,-1378516,-106516
2014/10/17,0,2768000,-1440613,1327387
2014/10/20,0,2823000,-813835,2009165
2014/10/21,0,953000,-542050,410950
2014/10/22,0,1631590,-1093000,538590
2014/10/23,0,1901000,-214000,1687000
2014/10/24,0,1503000,-744453,758547
2014/10/27,0,1617000,-220003,1396997
2014/10/28,0,3949800,-579000,3370800
2014/10/29,0,2612000,-513000,2099000
2014/10/30,0,3755770,-562150,3193620
2014/10/31,0,2636051,-435690,2200361
2014/11/03,0,3205950,-492400,2713550
2014/11/04,0,2071000,-259000,1812000
2014/11/05,0,1721000,-905000,816000
2014/11/06,0,1191000,-372000,819000
2014/11/07,0,1752000,-273612,1478388
2014/11/10,0,1693300,-446271,1247029
2014/11/11,0,3041100,-866732,2174368
2014/11/12,0,3138100,-1601050,1537050
2014/11/13,0,1959955,-547454,1412501
2014/11/14,0,6178000,-3256355,2921645
2014/11/17,0,7904001,-1125061,6778940
2014/11/18,0,4729878,-159173,4570705
2014/11/19,0,9906097,-778676,9127421
2014/11/20,0,5963000,-855400,5107600
2014/11/21,0,6653100,-532992,6120108
2014/11/24,0,2766000,-1777718,988282
2014/11/25,0,7153467,-988381,6165086
2014/11/26,0,2470000,-1434000,1036000
2014/11/27,0,3842000,-154000,3688000
2014/11/28,0,2782000,-409747,2372253
2014/12/01,0,4406000,-859690,3546310
2014/12/02,0,6466151,-2317000,4149151
2014/12/03,0,3597000,-984000,2613000
2014/12/04,0,7914000,-1900052,6013948
2014/12/05,0,2185000,-4431429,-2246429
2014/12/08,0,3077030,-2731225,345805
2014/12/09,0,4138491,-1269000,2869491
2014/12/10,0,4138765,-1962946,2175819
2014/12/11,0,5175150,-1735178,3439972
2014/12/12,0,4110878,-1801749,2309129
2014/12/15,0,1016000,-2328700,-1312700
2014/12/16,0,3778378,-1745000,2033378
2014/12/17,0,3230260,-1667853,1562407
2014/12/18,0,3417943,-1192087,2225856
2014/12/19,0,3477000,-2493303,983697
2014/12/22,0,1922010,-968000,954010
2014/12/23,0,916000,-794242,121758
2014/12/24,0,626000,-368100,257900
2014/12/25,0,148000,-139000,9000
2014/12/26,0,400000,-194649,205351
2014/12/29,0,2517116,-614116,1903000
2014/12/30,0,2037083,-168016,1869067
2014/12/31,0,526000,-619850,-93850
2015/01/01,0,0,0,0
2015/01/02,0,0,0,0
2015/01/05,0,1803004,-1049629,753375
2015/01/06,0,2024000,-3346130,-1322130
2015/01/07,0,1804255,-1504755,299500
2015/01/08,0,2248321,-1835672,412649
2015/01/09,0,2911000,-2023215,887785
2015/01/12,0,1821065,-1742000,79065
2015/01/13,0,4429000,-1262065,3166935
2015/01/14,0,2645000,-2883917,-238917
2015/01/15,0,3268000,-888000,2380000
2015/01/16,0,1728900,-1134359,594541
2015/01/19,0,2223000,-474000,1749000
2015/01/20,0,1880000,-1928787,-48787
2015/01/21,0,1569398,-987255,582143
2015/01/22,0,2979000,-2940250,38750
2015/01/23,0,1530000,-1394593,135407
2015/01/26,0,2310000,-783623,1526377
2015/01/27,0,1249844,-970000,279844
2015/01/28,0,1859000,-602000,1257000
2015/01/29,0,1172000,-1138814,33186
2015/01/30,0,2125000,-1492720,632280
2015/02/02,0,1583998,-1720000,-136002
2015/02/03,0,1165000,-2220400,-1055400
2015/02/04,0,1855666,-1738000,117666
2015/02/05,0,1991000,-1025000,966000
2015/02/06,0,925000,-2682057,-1757057
2015/02/09,0,800290,-2093043,-1292753
2015/02/10,0,1125000,-1134000,-9000
2015/02/11,0,785720,-2390265,-1604545
2015/02/12,0,1814000,-1961050,-147050
2015/02/13,0,1856800,-1545586,311214
2015/02/16,0,0,0,0
2015/02/17,0,0,0,0
2015/02/18,0,0,0,0
2015/02/19,0,0,0,0
2015/02/20,0,0,0,0
2015/02/23,0,0,0,0
2015/02/24,0,1889300,-1781710,107590
2015/02/25,0,1071000,-864779,206221
2015/02/26,0,1592000,-1826894,-234894
2015/02/27,0,0,0,0
2015/03/02,0,781625,-3064580,-2282955
2015/03/03,0,1192731,-2297000,-1104269
2015/03/04,0,1381000,-2195924,-814924
2015/03/05,0,804000,-2091500,-1287500
2015/03/06,0,1689000,-2091716,-402716
2015/03/09,0,152000,-1036379,-884379
2015/03/10,0,624387,-2148638,-1524251
2015/03/11,0,841000,-2168000,-1327000
2015/03/12,0,1388000,-1724550,-336550
2015/03/13,0,243143,-2129738,-1886595
2015/03/16,0,510000,-1089085,-579085
2015/03/17,0,1139000,-1256000,-117000
2015/03/18,0,1480000,-2250961,-770961
2015/03/19,0,653000,-1863512,-1210512
2015/03/20,0,3768000,-2575848,1192152
2015/03/23,0,839000,-2428710,-1589710
2015/03/24,0,843000,-1633000,-790000
2015/03/25,0,1075000,-1558000,-483000
2015/03/26,0,1073000,-2304000,-1231000
2015/03/27,0,699000,-2683847,-1984847
2015/03/30,0,4348801,-2698863,1649938
2015/03/31,0,7003000,-1914000,5089000
2015/04/01,0,3884166,-1135000,2749166
2015/04/02,0,6179878,-2772000,3407878
2015/04/03,0,0,0,0
2015/04/06,0,0,0,0
2015/04/07,0,2021000,-1277828,743172
2015/04/08,0,2741400,-1231115,1510285
2015/04/09,0,3437000,-1185100,2251900
2015/04/10,0,2870000,-914582,1955418
2015/04/13,0,1095000,-633000,462000
2015/04/14,0,2149000,-662862,1486138
2015/04/15,0,4052911,-3511811,541100
2015/04/16,0,3583000,-1239000,2344000
2015/04/17,0,1096731,-738084,358647
2015/04/20,0,1383000,-1065000,318000
2015/04/21,0,2480000,-1513000,967000
2015/04/22,0,1433000,-1486943,-53943
2015/04/23,0,2893062,-1795726,1097336
2015/04/24,0,2946000,-1700490,1245510
2015/04/27,0,2055000,-1011694,1043306
2015/04/28,0,3714000,-1478955,2235045
2015/04/29,0,3323000,-1682000,1641000
2015/04/30,0,1791429,-1813000,-21571
2015/05/01,0,0,0,0
2015/05/04,0,1778000,-718046,1059954
2015/05/05,0,1286000,-1137000,149000
2015/05/06,0,1531000,-1471000,60000
2015/05/07,0,1786000,-1121150,664850
2015/05/08,0,863000,-1688023,-825023
2015/05/11,0,1530000,-1543000,-13000
2015/05/12,0,1751000,-2903000,-1152000
2015/05/13,0,4109339,-2284000,1825339
2015/05/14,0,4848800,-3282155,1566645
2015/05/15,0,3494000,-2136956,1357044
2015/05/18,0,5260000,-1207000,4053000
2015/05/19,0,4584200,-1408000,3176200
2015/05/20,0,3217000,-1728700,1488300
2015/05/21,0,1981000,-2078000,-97000
2015/05/22,0,3820000,-1128104,2691896
2015/05/25,0,895000,-4024102,-3129102
2015/05/26,0,666000,-2742348,-2076348
2015/05/27,0,1978000,-2735692,-757692
2015/05/28,0,1985000,-2538031,-553031
2015/05/29,0,3123110,-3143841,-20731
2015/06/01,0,1129300,-1726000,-596700
2015/06/02,0,3645382,-2135197,1510185
2015/06/03,0,5937000,-2668650,3268350
2015/06/04,0,4011000,-3507388,503612
2015/06/05,0,2759534,-1844112,915422
2015/06/08,0,1803000,-2238179,-435179
2015/06/09,0,916000,-2280415,-1364415
2015/06/10,0,1168240,-2235000,-1066760
2015/06/11,0,1202822,-2778804,-1575982
2015/06/12,0,2982000,-1322430,1659570
2015/06/15,0,1425645,-1510076,-84431
2015/06/16,0,1153000,-2388200,-1235200
2015/06/17,0,1704429,-1881806,-177377
2015/06/18,0,1519000,-1745050,-226050
2015/06/19,0,0,0,0
2015/06/22,0,2183273,-1480320,702953
2015/06/23,0,1192637,-1380000,-187363
2015/06/24,0,558758,-1094000,-535242
2015/06/25,0,2724609,-2961455,-236846
2015/06/26,0,829000,-750610,78390
2015/06/29,0,2765000,-1348969,1416031
2015/06/30,0,4217822,-1293442,2924380
2015/07/01,0,1313000,-1608796,-295796
2015/07/02,0,2558184,-3771167,-1212983
2015/07/03,0,927000,-710914,216086
2015/07/06,0,1637000,-879526,757474
2015/07/07,0,2216000,-515961,1700039
2015/07/08,0,2765000,-1949890,815110
2015/07/09,0,2553000,-2400378,152622
2015/07/10,0,0,0,0
2015/07/13,0,2111092,-2055340,55752
2015/07/14,0,1959000,-3158443,-1199443
2015/07/15,0,2904648,-790812,2113836
2015/07/16,0,739000,-2322353,-1583353
2015/07/17,0,797924,-514736,283188
2015/07/20,0,1830273,-2736812,-906539
2015/07/21,0,1335248,-1011000,324248
2015/07/22,0,1958000,-6670367,-4712367
2015/07/23,0,4375771,-4681000,-305229
2015/07/24,0,3357878,-3446291,-88413
2015/07/27,0,2916000,-1559000,1357000
2015/07/28,0,2445866,-2285214,160652
2015/07/29,0,2383638,-3038226,-654588
2015/07/30,0,1070000,-2278250,-1208250
2015/07/31,0,2377319,-2844599,-467280
2015/08/03,0,1306900,-1652900,-346000
2015/08/04,0,2983000,-905127,2077873
2015/08/05,0,3822000,-912635,2909365
2015/08/06,0,7580000,-3035100,4544900
2015/08/07,0,2250000,-2916219,-666219
2015/08/10,0,1826000,-2582000,-756000
2015/08/11,0,1208000,-4060000,-2852000
2015/08/12,0,2004000,-1533594,470406
2015/08/13,0,4350602,-2672391,1678211
2015/08/14,0,958000,-1813958,-855958
2015/08/17,0,515228,-608824,-93596
2015/08/18,0,2585000,-1380200,1204800
2015/08/19,0,981740,-3446161,-2464421
2015/08/20,0,2593000,-2771000,-178000
2015/08/21,0,2768000,-2114398,653602
2015/08/24,0,3641120,-2643850,997270
2015/08/25,0,3394000,-2369595,1024405
2015/08/26,0,3599500,-3350700,248800
2015/08/27,0,2605411,-2149370,456041
2015/08/28,0,2489000,-1818213,670787
2015/08/31,0,2767971,-2456818,311153
2015/09/01,0,2970000,-919790,2050210
2015/09/02,0,2778984,-1288531,1490453
2015/09/03,0,1837030,-1663105,173925
2015/09/04,0,2858788,-578381,2280407
2015/09/07,0,1179500,-739062,440438
2015/09/08,0,502000,-923840,-421840
2015/09/09,0,4892661,-894630,3998031
2015/09/10,0,2682984,-1297000,1385984
2015/09/11,0,2552430,-1058613,1493817
2015/09/14,0,2812000,-684960,2127040
2015/09/15,0,909000,-963000,-54000
2015/09/16,0,1423000,-369712,1053288
2015/09/17,0,3486000,-971718,2514282
2015/09/18,0,2061660,-2354263,-292603
2015/09/21,0,1961000,-2226934,-265934
2015/09/22,0,2179000,-2127253,51747
2015/09/23,0,1690000,-2806899,-1116899
2015/09/24,0,1815988,-2584000,-768012
2015/09/25,0,1467396,-1319270,148126
2015/09/28,0,0,0,0
2015/09/29,0,0,0,0
2015/09/30,0,6559000,-3422592,3136408
2015/10/01,0,2227900,-2687940,-460040
2015/10/02,0,1678231,-1154000,524231
2015/10/05,0,751720,-1860650,-1108930
2015/10/06,0,1880000,-3213063,-1333063
2015/10/07,0,1725067,-4381000,-2655933
2015/10/08,0,1043000,-3252173,-2209173
2015/10/09,0,0,0,0
2015/10/12,0,3146773,-5299544,-2152771
2015/10/13,0,1885477,-3578370,-1692893
2015/10/14,0,1912000,-1446740,465260
2015/10/15,0,3296000,-2416365,879635
2015/10/16,0,2810914,-1572736,1238178
2015/10/19,0,1053852,-2996071,-1942219
2015/10/20,0,1997270,-1912496,84774
2015/10/21,0,968470,-2085726,-1117256
2015/10/22,0,684000,-1189006,-505006
2015/10/23,0,1330568,-3249357,-1918789
2015/10/26,0,2878000,-1613439,1264561
2015/10/27,0,1167000,-2551643,-1384643
2015/10/28,0,1390001,-3019552,-1629551
2015/10/29,0,1319030,-3321350,-2002320
2015/10/30,0,3769530,-2019409,1750121
2015/11/02,0,1534000,-2156655,-622655
2015/11/03,0,2446090,-4369801,-1923711
2015/11/04,0,2650000,-5756611,-3106611
2015/11/05,0,633000,-1512801,-879801
2015/11/06,0,1628980,-4715111,-3086131
2015/11/09,0,2041000,-2396278,-355278
2015/11/10,0,2595020,-4659801,-2064781
2015/11/11,0,4323000,-3862901,460099
2015/11/12,0,1413590,-3224598,-1811008
2015/11/13,0,1872644,-2358949,-486305
2015/11/16,0,679000,-4673470,-3994470
2015/11/17,0,1175000,-6834750,-5659750
2015/11/18,0,1058000,-6718950,-5660950
2015/11/19,0,2412880,-7299570,-4886690
2015/11/20,0,1861500,-7607279,-5745779
2015/11/23,0,1175024,-3435064,-2260040
2015/11/24,0,1085000,-4074422,-2989422
2015/11/25,0,5440888,-9366736,-3925848
2015/11/26,0,3101320,-2024290,1077030
2015/11/27,0,2023000,-2286713,-263713
2015/11/30,0,3181848,-6075661,-2893813
2015/12/01,0,3242720,-6298866,-3056146
2015/12/02,0,1607441,-4891993,-3284552
2015/12/03,0,1026000,-3500616,-2474616
2015/12/04,0,1603380,-2819482,-1216102
2015/12/07,0,767000,-1514480,-747480
2015/12/08,0,518000,-2727210,-2209210
2015/12/09,0,1472000,-4741302,-3269302
2015/12/10,0,2611531,-5051537,-2440006
2015/12/11,0,2966126,-4787431,-1821305
2015/12/14,0,2243130,-2495392,-252262
2015/12/15,0,3326000,-4911862,-1585862
2015/12/16,0,2005000,-1001349,1003651
2015/12/17,0,817000,-3562420,-2745420
2015/12/18,0,775212,-4135831,-3360619
2015/12/21,0,494000,-2178535,-1684535
2015/12/22,0,666117,-1308741,-642624
2015/12/23,0,315000,-934340,-619340
2015/12/24,0,424000,-465000,-41000
2015/12/25,0,253667,-570740,-317073
2015/12/28,0,403000,-1569000,-1166000
2015/12/29,0,165000,-1447503,-1282503
2015/12/30,0,106000,-1157521,-1051521
2015/12/31,0,518006,-481000,37006
2016/01/01,0,0,0,0
2016/01/04,0,245000,-2398847,-2153847
2016/01/05,0,799586,-2965986,-2166400
2016/01/06,0,1542625,-4080000,-2537375
2016/01/07,0,2028027,-3646267,-1618240
2016/01/08,0,446000,-3458185,-3012185
2016/01/11,0,541184,-3292317,-2751133
2016/01/12,0,2530000,-5673710,-3143710
2016/01/13,0,3682740,-9465656,-5782916
2016/01/14,0,4332669,-5656858,-1324189
2016/01/15,0,1185130,-1925639,-740509
2016/01/18,0,2697000,-2058800,638200
2016/01/19,0,1647090,-1919082,-271992
2016/01/20,0,1353552,-2297000,-943448
2016/01/21,0,1140746,-5162940,-4022194
2016/01/22,0,1686000,-1183373,502627
2016/01/25,0,1645356,-1707144,-61788
2016/01/26,0,1221000,-1910389,-689389
2016/01/27,0,2104712,-1728711,376001
2016/01/28,0,1969750,-2604902,-635152
2016/01/29,0,4212774,-1173321,3039453
2016/02/01,0,1601000,-1503000,98000
2016/02/02,0,2552425,-1648322,904103
2016/02/03,0,2637000,-2450593,186407
2016/02/04,0,0,0,0
2016/02/05,0,0,0,0
2016/02/08,0,0,0,0
2016/02/09,0,0,0,0
2016/02/10,0,0,0,0
2016/02/11,0,0,0,0
2016/02/12,0,0,0,0
2016/02/15,0,1686887,-3056679,-1369792
2016/02/16,0,2202657,-1325840,876817
2016/02/17,0,1904911,-2055550,-150639
2016/02/18,0,2679584,-2473379,206205
2016/02/19,0,1651552,-4332385,-2680833
2016/02/22,0,2381000,-275000,2106000
2016/02/23,0,881729,-621379,260350
2016/02/24,0,872000,-2566322,-1694322
2016/02/25,0,1011265,-2510000,-1498735
2016/02/26,0,1625000,-1451032,173968
2016/02/29,0,0,0,0
2016/03/01,0,1763178,-1686729,76449
2016/03/02,0,1620092,-1849000,-228908
2016/03/03,0,3717998,-4566750,-848752
2016/03/04,0,3493385,-2213041,1280344
2016/03/07,0,1704100,-1637050,67050
2016/03/08,0,2107924,-609621,1498303
2016/03/09,0,2522000,-2675269,-153269
2016/03/10,0,1452000,-1055271,396729
2016/03/11,0,1608000,-887334,720666
2016/03/14,0,1855000,-1258000,597000
2016/03/15,0,3232000,-1565316,1666684
2016/03/16,0,2048000,-788270,1259730
2016/03/17,0,2912000,-1422000,1490000
2016/03/18,0,3199000,-2060746,1138254
2016/03/21,0,1561000,-598761,962239
2016/03/22,0,1780449,-1681428,99021
2016/03/23,0,2468000,-1269770,1198230
2016/03/24,0,2180000,-1371000,809000
2016/03/25,0,406000,-429206,-23206
2016/03/28,0,1216000,-367000,849000
2016/03/29,0,2010000,-1722000,288000
2016/03/30,0,0,0,0
2016/03/31,0,5595000,-4235519,1359481
2016/04/01,0,3520059,-1640880,1879179
2016/04/04,0,0,0,0
2016/04/05,0,0,0,0
2016/04/06,0,4269000,-2420485,1848515
2016/04/07,0,2157000,-2319461,-162461
2016/04/08,0,2358000,-939321,1418679
2016/04/11,0,2761000,-790520,1970480
2016/04/12,0,2924419,-884000,2040419
2016/04/13,0,4300000,-557120,3742880
2016/04/14,0,4942000,-921142,4020858
2016/04/15,0,1960225,-391212,1569013
2016/04/18,0,1710000,-363001,1346999
2016/04/19,0,1915000,-2227000,-312000
2016/04/20,0,2939788,-2767170,172618
2016/04/21,0,2607000,-347000,2260000
2016/04/22,0,1778000,-558985,1219015
2016/04/25,0,980092,-399000,581092
2016/04/26,0,1281021,-1088000,193021
2016/04/27,0,2900030,-2542425,357605
2016/04/28,0,1694224,-2516100,-821876
2016/04/29,0,2405000,-1604242,800758
2016/05/02,0,0,0,0
2016/05/03,0,1797000,-1178000,619000
2016/05/04,0,2397000,-2060972,336028
2016/05/05,0,522000,-1873069,-1351069
2016/05/06,0,1807000,-2317202,-510202
2016/05/09,0,2270000,-1162000,1108000
2016/05/10,0,1545000,-1693550,-148550
2016/05/11,0,3501000,-2147000,1354000
2016/05/12,0,1567000,-1352000,215000
2016/05/13,0,5166000,-1994041,3171959
2016/05/16,0,3547000,-1196000,2351000
2016/05/17,0,3933000,-1019437,2913563
2016/05/18,0,6000033,-1189000,4811033
2016/05/19,0,3541000,-1403000,2138000
2016/05/20,0,2994552,-1585892,1408660
2016/05/23,0,4071780,-2632000,1439780
2016/05/24,0,5757766,-1452000,4305766
2016/05/25,0,4296300,-2015440,2280860
2016/05/26,0,1233000,-781000,452000
2016/05/27,0,2873000,-583627,2289373
2016/05/30,0,2703000,-354000,2349000
2016/05/31,0,10856000,-7252692,3603308
2016/06/01,0,2019300,-581105,1438195
2016/06/02,0,3179000,-891851,2287149
2016/06/03,0,2547000,-284040,2262960
2016/06/06,0,1777000,-1223994,553006
2016/06/07,0,5209000,-813159,4395841
2016/06/08,0,4543217,-2701000,1842217
2016/06/09,0,0,0,0
2016/06/10,0,0,0,0
2016/06/13,0,4628058,-1867367,2760691
2016/06/14,0,4407175,-1755000,2652175
2016/06/15,0,3236066,-2187000,1049066
2016/06/16,0,1318000,-2123000,-805000
2016/06/17,0,1540000,-2419603,-879603
2016/06/20,0,1383000,-1227000,156000
2016/06/21,0,1954000,-1807749,146251
2016/06/22,0,3071448,-802500,2268948
2016/06/23,0,2634082,-1818434,815648
2016/06/24,0,1460308,-2894231,-1433923
2016/06/27,0,415000,-1343000,-928000
2016/06/28,0,690000,-1643525,-953525
2016/06/29,0,940000,-561080,378920
2016/06/30,0,3966000,-781923,3184077
2016/07/01,0,1060000,-1419109,-359109
2016/07/04,0,1270767,-343000,927767
2016/07/05,0,581000,-761000,-180000
2016/07/06,0,2631694,-2835000,-203306
2016/07/07,0,578092,-373882,204210
2016/07/08,0,0,0,0
2016/07/11,0,1842000,-1160420,681580
2016/07/12,0,2458367,-1415777,1042590
2016/07/13,0,2293071,-1688536,604535
2016/07/14,0,758000,-653000,105000
2016/07/15,0,2238866,-779442,1459424
2016/07/18,0,1358000,-468443,889557
2016/07/19,0,1874000,-454600,1419400
2016/07/20,0,2166000,-922312,1243688
2016/07/21,0,2551000,-649289,1901711
2016/07/22,0,1106000,-680274,425726
2016/07/25,0,772000,-578966,193034
2016/07/26,0,1198276,-313000,885276
2016/07/27,0,1431000,-428000,1003000
2016/07/28,0,2028100,-751000,1277100
2016/07/29,0,1315000,-1694465,-379465
2016/08/01,0,1754328,-718000,1036328
2016/08/02,0,1097168,-439362,657806
2016/08/03,0,1260133,-714000,546133
2016/08/04,0,1410000,-426014,983986
2016/08/05,0,1222000,-345640,876360
2016/08/08,0,1299041,-1105020,194021
2016/08/09,0,1721000,-602000,1119000
2016/08/10,0,1791934,-290000,1501934
2016/08/11,0,2797000,-2189973,607027
2016/08/12,0,4761000,-545948,4215052
2016/08/15,0,4590000,-974000,3616000
2016/08/16,0,3342044,-1974000,1368044
2016/08/17,0,3015692,-1403092,1612600
2016/08/18,0,2587000,-912390,1674610
2016/08/19,0,5061988,-1503840,3558148
2016/08/22,0,3454200,-1905941,1548259
2016/08/23,0,1298200,-590000,708200
2016/08/24,0,3089540,-1044000,2045540
2016/08/25,0,4780200,-1224000,3556200
2016/08/26,0,2884627,-846329,2038298
2016/08/29,0,2018200,-1090000,928200
2016/08/30,0,1743547,-901000,842547
2016/08/31,0,8154760,-2128182,6026578
2016/09/01,0,1494276,-946734,547542
2016/09/02,0,4589382,-713389,3875993
2016/09/05,0,2574000,-970070,1603930
2016/09/06,0,1910520,-1010000,900520
2016/09/07,0,791000,-861000,-70000
2016/09/08,0,1720000,-699291,1020709
2016/09/09,0,1684000,-1021003,662997
2016/09/12,0,1122120,-1600000,-477880
2016/09/13,0,2067132,-1181000,886132
2016/09/14,0,2928750,-1695303,1233447
2016/09/15,0,0,0,0
2016/09/16,0,0,0,0
2016/09/19,0,3768566,-1947971,1820595
2016/09/20,0,2310766,-749463,1561303
2016/09/21,0,2920080,-855244,2064836
2016/09/22,0,1342800,-1499000,-156200
2016/09/23,0,2608000,-1195431,1412569
2016/09/26,0,1068362,-220000,848362
2016/09/27,0,0,0,0
2016/09/28,0,0,0,0
2016/09/29,0,8198160,-2162233,6035927
2016/09/30,0,3068084,-2292401,775683
2016/10/03,0,935000,-1513000,-578000
2016/10/04,0,5308340,-1114863,4193477
2016/10/05,0,2943000,-939160,2003840
2016/10/06,0,1551808,-1091092,460716
2016/10/07,0,1270240,-584853,685387
2016/10/10,0,0,0,0
2016/10/11,0,3698382,-1354762,2343620
2016/10/12,0,3235000,-2228149,1006851
2016/10/13,0,1815500,-3085000,-1269500
2016/10/14,0,3892395,-2130147,1762248
2016/10/17,0,2265533,-1229816,1035717
2016/10/18,0,3353322,-1812000,1541322
2016/10/19,0,8609506,-1039000,7570506
2016/10/20,0,647000,-902828,-255828
2016/10/21,0,849000,-521951,327049
2016/10/24,0,723000,-989000,-266000
2016/10/25,0,903500,-557161,346339
2016/10/26,0,2060000,-4026857,-1966857
2016/10/27,0,1936536,-1053000,883536
2016/10/28,0,1781683,-1491728,289955
2016/10/31,0,1837808,-1122000,715808
2016/11/01,0,769000,-918210,-149210
2016/11/02,0,1050707,-1045279,5428
2016/11/03,0,1716000,-1006516,709484
2016/11/04,0,1310000,-1488658,-178658
2016/11/07,0,1217000,-1758756,-541756
2016/11/08,0,2491768,-914100,1577668
2016/11/09,0,3196000,-2044730,1151270
2016/11/10,0,1666000,-914000,752000
2016/11/11,0,1592000,-3736486,-2144486
2016/11/14,0,1636880,-2232707,-595827
2016/11/15,0,965341,-2237192,-1271851
2016/11/16,0,1184174,-1711880,-527706
2016/11/17,0,570490,-1270000,-699510
2016/11/18,0,575349,-2074925,-1499576
2016/11/21,0,1233000,-2197468,-964468
2016/11/22,0,1845617,-1807696,37921
2016/11/23,0,1674660,-2104509,-429849
2016/11/24,0,1141820,-1654330,-512510
2016/11/25,0,1234000,-1246259,-12259
2016/11/28,0,2024000,-869474,1154526
2016/11/29,0,1743500,-2014841,-271341
2016/11/30,0,5782088,-7812690,-2030602
2016/12/01,0,875979,-2581987,-1706008
2016/12/02,0,2063930,-968901,1095029
2016/12/05,0,1450580,-1823147,-372567
2016/12/06,0,1260000,-2284498,-1024498
2016/12/07,0,1854000,-1299536,554464
2016/12/08,0,2894000,-1180418,1713582
2016/12/09,0,2211884,-2141853,70031
2016/12/12,0,1889000,-1129811,759189
2016/12/13,0,1854418,-1718430,135988
2016/12/14,0,2627151,-2351541,275610
2016/12/15,0,2205694,-2209000,-3306
2016/12/16,0,1924481,-2463901,-539420
2016/12/19,0,746000,-1586044,-840044
2016/12/20,0,458556,-639000,-180444
2016/12/21,0,665398,-532422,132976
2016/12/22,0,502516,-854511,-351995
2016/12/23,0,354341,-769489,-415148
2016/12/26,0,36000,-159000,-123000
2016/12/27,0,270000,-346000,-76000
2016/12/28,0,519000,-595709,-76709
2016/12/29,0,535317,-741980,-206663
2016/12/30,0,547001,-268010,278991
2017/01/02,0,0,0,0
2017/01/03,0,538000,-339790,198210
2017/01/04,0,643000,-920437,-277437
2017/01/05,0,739441,-1462590,-723149
2017/01/06,0,718000,-1317801,-599801
2017/01/09,0,548000,-311054,236946
2017/01/10,0,852000,-890744,-38744
2017/01/11,0,1660486,-923362,737124
2017/01/12,0,1754546,-1053914,700632
2017/01/13,0,1201317,-571287,630030
2017/01/16,0,595000,-345520,249480
2017/01/17,0,884965,-151000,733965
2017/01/18,0,1375400,-1138044,237356
2017/01/19,0,2725682,-2602939,122743
2017/01/20,0,384938,-1287952,-903014
2017/01/23,0,2158713,-761320,1397393
2017/01/24,0,1570976,-1150132,420844
2017/01/25,0,0,0,0
2017/01/26,0,0,0,0
2017/01/27,0,0,0,0
2017/01/30,0,0,0,0
2017/01/31,0,0,0,0
2017/02/01,0,0,0,0
2017/02/02,0,3116190,-2982004,134186
2017/02/03,0,884736,-3038354,-2153618
2017/02/06,0,1057000,-1028859,28141
2017/02/07,0,1249704,-485300,764404
2017/02/08,0,2784787,-2202866,581921
2017/02/09,0,1889120,-2234957,-345837
2017/02/10,0,1955961,-1238701,717260
2017/02/13,0,2755678,-488762,2266916
2017/02/14,0,2556798,-1653559,903239
2017/02/15,0,4036000,-1804003,2231997
2017/02/16,0,1338000,-600000,738000
2017/02/17,0,808910,-387494,421416
2017/02/20,0,1471000,-572000,899000
2017/02/21,0,833000,-494000,339000
2017/02/22,0,2193587,-1350500,843087
2017/02/23,0,2500000,-6617640,-4117640
2017/02/24,0,2281000,-2707828,-426828
2017/02/27,0,0,0,0
2017/02/28,0,0,0,0
2017/03/01,0,2811259,-3105323,-294064
2017/03/02,0,1426000,-2830582,-1404582
2017/03/03,0,1083000,-1823041,-740041
2017/03/06,0,2125948,-1042714,1083234
2017/03/07,0,1725455,-1696166,29289
2017/03/08,0,1966359,-2214791,-248432
2017/03/09,0,1272000,-1479210,-207210
2017/03/10,0,2060273,-1761495,298778
2017/03/13,0,1325582,-953852,371730
2017/03/14,0,1788243,-1615714,172529
2017/03/15,0,980000,-1322398,-342398
2017/03/16,0,1348626,-1740667,-392041
2017/03/17,0,2079034,-1734206,344828
2017/03/20,0,1262058,-653000,609058
2017/03/21,0,1669226,-1409147,260079
2017/03/22,0,1000271,-795183,205088
2017/03/23,0,658000,-993082,-335082
2017/03/24,0,825561,-1414662,-589101
2017/03/27,0,855812,-361701,494111
2017/03/28,0,1419174,-710898,708276
2017/03/29,0,747904,-782591,-34687
2017/03/30,0,1240000,-1401064,-161064
2017/03/31,0,1747000,-2402901,-655901
2017/04/03,0,0,0,0
2017/04/04,0,0,0,0
2017/04/05,0,2317226,-3162548,-845322
2017/04/06,0,996645,-2798311,-1801666
2017/04/07,0,962000,-2424486,-1462486
2017/04/10,0,324289,-500000,-175711
2017/04/11,0,1290000,-2183980,-893980
2017/04/12,0,1463162,-3165440,-1702278
2017/04/13,0,1130000,-1541685,-411685
2017/04/14,0,168000,-887229,-719229
2017/04/17,0,599190,-1294000,-694810
2017/04/18,0,2063000,-2872254,-809254
2017/04/19,0,1772000,-2641730,-869730
2017/04/20,0,4932017,-1355482,3576535
2017/04/21,0,2460497,-1546111,914386
2017/04/24,0,1084000,-1338387,-254387
2017/04/25,0,2711255,-2931034,-219779
2017/04/26,0,4653000,-3974670,678330
2017/04/27,0,3256000,-946884,2309116
2017/04/28,0,1866000,-983324,882676
2017/05/01,0,0,0,0
2017/05/02,0,3052739,-2167096,885643
2017/05/03,0,1319000,-969000,350000
2017/05/04,0,778000,-720363,57637
2017/05/05,0,1426746,-1448301,-21555
2017/05/08,0,1254388,-1238151,16237
2017/05/09,0,2632993,-1848419,784574
2017/05/10,0,2102006,-2008295,93711
2017/05/11,0,1213471,-4070251,-2856780
2017/05/12,0,922000,-3318669,-2396669
2017/05/15,0,384051,-1062550,-678499
2017/05/16,0,748000,-2014503,-1266503
2017/05/17,0,370870,-3640710,-3269840
2017/05/18,0,302486,-2363928,-2061442
2017/05/19,0,374862,-3156633,-2781771
2017/05/22,0,655925,-4345812,-3689887
2017/05/23,0,133260,-3236246,-3102986
2017/05/24,0,336000,-3820361,-3484361
2017/05/25,0,485000,-1967191,-1482191
2017/05/26,0,0,0,0
2017/05/29,0,0,0,0
2017/05/30,0,0,0,0
2017/05/31,0,2504173,-5988146,-3483973
2017/06/01,0,1351371,-2270659,-919288
2017/06/02,0,695000,-6616659,-5921659
2017/06/05,0,666000,-2576084,-1910084
2017/06/06,0,891000,-2262494,-1371494
2017/06/07,0,426666,-2936946,-2510280
2017/06/08,0,677000,-4996580,-4319580
2017/06/09,0,1221000,-4318262,-3097262
2017/06/12,0,916000,-3999620,-3083620
2017/06/13,0,809000,-2325157,-1516157
2017/06/14,0,1117000,-5074907,-3957907
2017/06/15,0,558000,-4755955,-4197955
2017/06/16,0,1969275,-3286600,-1317325
2017/06/19,0,899678,-3263057,-2363379
2017/06/20,0,794000,-5692719,-4898719
2017/06/21,0,2461466,-2327292,134174
2017/06/22,0,815115,-887943,-72828
2017/06/23,0,411000,-2551188,-2140188
2017/06/26,0,3350500,-2907361,443139
2017/06/27,0,2439000,-4071092,-1632092
2017/06/28,0,1254000,-5437577,-4183577
2017/06/29,0,1715474,-2882363,-1166889
2017/06/30,0,1918000,-3480997,-1562997
2017/07/03,0,1629656,-1349259,280397
2017/07/04,0,314000,-1002130,-688130
2017/07/05,0,1652000,-2542723,-890723
2017/07/06,0,1367000,-4390890,-3023890
2017/07/07,0,961040,-1455512,-494472
2017/07/10,0,1700279,-1328380,371899
2017/07/11,0,8480504,-1278000,7202504
2017/07/12,0,5451000,-3942580,1508420
2017/07/13,0,1946950,-3879809,-1932859
2017/07/14,0,599000,-2201683,-1602683
2017/07/17,0,1189000,-2543000,-1354000
2017/07/18,0,1620000,-1966202,-346202
2017/07/19,0,1142000,-1590035,-448035
2017/07/20,0,789362,-591550,197812
2017/07/21,0,221842,-1831680,-1609838
2017/07/24,0,624135,-774931,-150796
2017/07/25,0,550401,-1076247,-525846
2017/07/26,0,636000,-1282643,-646643
2017/07/27,0,1182000,-731197,450803
2017/07/28,0,413000,-789570,-376570
2017/07/31,0,851484,-1582363,-730879
2017/08/01,0,711449,-952000,-240551
2017/08/02,0,1946693,-1518168,428525
2017/08/03,0,1761000,-2082445,-321445
2017/08/04,0,1065898,-2389912,-1324014
2017/08/07,0,4124521,-1844378,2280143
2017/08/08,0,2430292,-6552000,-4121708
2017/08/09,0,2195017,-2495435,-300418
2017/08/10,0,1901356,-2577660,-676304
2017/08/11,0,1336000,-2757861,-1421861
2017/08/14,0,1814921,-1383733,431188
2017/08/15,0,1753000,-1921000,-168000
2017/08/16,0,1733731,-854000,879731
2017/08/17,0,1453000,-587231,865769
2017/08/18,0,766000,-2201827,-1435827
