Date,Open,Buy,Sell,Total
2007/01/02,0,385000,-269000,116000
2007/01/03,0,461000,-122920,338080
2007/01/04,0,176000,-350500,-174500
2007/01/05,0,48000,-250226,-202226
2007/01/08,0,100000,-189000,-89000
2007/01/09,0,195000,-150750,44250
2007/01/10,0,281000,-194575,86425
2007/01/11,0,421000,-30000,391000
2007/01/12,0,24000,-215000,-191000
2007/01/15,0,0,-218000,-218000
2007/01/16,0,108000,-24000,84000
2007/01/17,0,52000,-14000,38000
2007/01/18,0,130000,-19000,111000
2007/01/19,0,0,-538000,-538000
2007/01/22,0,42000,-116100,-74100
2007/01/23,0,554000,-84000,470000
2007/01/24,0,91000,-55000,36000
2007/01/25,0,78000,-51000,27000
2007/01/26,0,19000,-75000,-56000
2007/01/29,0,100000,-234500,-134500
2007/01/30,0,119000,-237000,-118000
2007/01/31,0,100000,-175000,-75000
2007/02/01,0,142000,-293000,-151000
2007/02/02,0,157000,-90000,67000
2007/02/05,0,192000,-44000,148000
2007/02/06,0,51000,-31000,20000
2007/02/07,0,0,-94000,-94000
2007/02/08,0,6000,-90000,-84000
2007/02/09,0,32500,-351000,-318500
2007/02/12,0,151000,-957000,-806000
2007/02/13,0,115000,-446000,-331000
2007/02/14,0,838000,-91000,747000
2007/02/15,0,0,0,0
2007/02/16,0,0,0,0
2007/02/19,0,0,0,0
2007/02/20,0,0,0,0
2007/02/21,0,0,0,0
2007/02/22,0,0,0,0
2007/02/23,0,0,0,0
2007/02/26,0,294000,-25050,268950
2007/02/27,0,143000,-265350,-122350
2007/02/28,0,0,0,0
2007/03/01,0,306000,-52950,253050
2007/03/02,0,73000,-440950,-367950
2007/03/05,0,75000,-623050,-548050
2007/03/06,0,106000,-1053000,-947000
2007/03/07,0,353000,-197000,156000
2007/03/08,0,188000,-195000,-7000
2007/03/09,0,263000,0,263000
2007/03/12,0,61000,-197000,-136000
2007/03/13,0,216000,-151000,65000
2007/03/14,0,125000,-474000,-349000
2007/03/15,0,255000,-33000,222000
2007/03/16,0,0,-48000,-48000
2007/03/19,0,119000,-147865,-28865
2007/03/20,0,103000,-69000,34000
2007/03/21,0,45000,-781000,-736000
2007/03/22,0,85000,-184500,-99500
2007/03/23,0,539000,-161200,377800
2007/03/26,0,363000,0,363000
2007/03/27,0,247000,-109000,138000
2007/03/28,0,191000,-354000,-163000
2007/03/29,0,0,-700500,-700500
2007/03/30,0,395000,-82000,313000
2007/04/02,0,30000,-309000,-279000
2007/04/03,0,230000,-559000,-329000
2007/04/04,0,177000,-382000,-205000
2007/04/05,0,0,0,0
2007/04/06,0,0,0,0
2007/04/09,0,0,-1000,-1000
2007/04/10,0,100000,-30000,70000
2007/04/11,0,24000,-45000,-21000
2007/04/12,0,114000,-203000,-89000
2007/04/13,0,48000,-143000,-95000
2007/04/16,0,0,-271000,-271000
2007/04/17,0,61000,-974510,-913510
2007/04/18,0,0,-617000,-617000
2007/04/19,0,30000,-225000,-195000
2007/04/20,0,53000,-180550,-127550
2007/04/23,0,91000,-158000,-67000
2007/04/24,0,128000,-56000,72000
2007/04/25,0,0,-1232285,-1232285
2007/04/26,0,0,-109000,-109000
2007/04/27,0,5000,-165000,-160000
2007/04/30,0,7000,-427000,-420000
2007/05/01,0,0,0,0
2007/05/02,0,44000,-398000,-354000
2007/05/03,0,54000,-143000,-89000
2007/05/04,0,102000,-317000,-215000
2007/05/07,0,0,0,0
2007/05/08,0,290000,-1000,289000
2007/05/09,0,20000,0,20000
2007/05/10,0,249000,-30000,219000
2007/05/11,0,11000,-2000,9000
2007/05/14,0,0,-1000,-1000
2007/05/15,0,5000,-59000,-54000
2007/05/16,0,0,-62000,-62000
2007/05/17,0,9000,-78000,-69000
2007/05/18,0,0,-150000,-150000
2007/05/21,0,757000,-70590,686410
2007/05/22,0,670000,-24000,646000
2007/05/23,0,52000,-35000,17000
2007/05/24,0,117000,0,117000
2007/05/25,0,40000,-519000,-479000
2007/05/28,0,40000,0,40000
2007/05/29,0,129000,-25000,104000
2007/05/30,0,770000,-15000,755000
2007/05/31,0,610000,-7525,602475
2007/06/01,0,85000,-277000,-192000
2007/06/04,0,154000,0,154000
2007/06/05,0,359000,-102000,257000
2007/06/06,0,1000000,0,1000000
2007/06/07,0,261000,-45000,216000
2007/06/08,0,111000,-30000,81000
2007/06/11,0,348000,-16000,332000
2007/06/12,0,425000,-80000,345000
2007/06/13,0,24000,-112000,-88000
2007/06/14,0,100000,-230000,-130000
2007/06/15,0,488000,-35000,453000
2007/06/18,0,0,0,0
2007/06/19,0,0,0,0
2007/06/20,0,293000,-402000,-109000
2007/06/21,0,36000,-351115,-315115
2007/06/22,0,0,-168000,-168000
2007/06/25,0,278000,-300000,-22000
2007/06/26,0,493000,-166700,326300
2007/06/27,0,410000,-13000,397000
2007/06/28,0,0,-44000,-44000
2007/06/29,0,52000,-20000,32000
2007/07/02,0,100000,-20000,80000
2007/07/03,0,83000,-4000,79000
2007/07/04,0,317000,0,317000
2007/07/05,0,246000,-141000,105000
2007/07/06,0,240000,-149000,91000
2007/07/09,0,255000,-112000,143000
2007/07/10,0,241000,-417000,-176000
2007/07/11,0,302000,-331000,-29000
2007/07/12,0,0,-613000,-613000
2007/07/13,0,0,-314000,-314000
2007/07/16,0,0,-1016000,-1016000
2007/07/17,0,48000,-790000,-742000
2007/07/18,0,42000,-730500,-688500
2007/07/19,0,25000,-604000,-579000
2007/07/20,0,132000,-297000,-165000
2007/07/23,0,0,-77000,-77000
2007/07/24,0,46000,-158500,-112500
2007/07/25,0,9000,-101000,-92000
2007/07/26,0,54000,-559000,-505000
2007/07/27,0,252000,-530425,-278425
2007/07/30,0,72000,-427000,-355000
2007/07/31,0,117000,-252650,-135650
2007/08/01,0,23000,-180000,-157000
2007/08/02,0,70000,-130000,-60000
2007/08/03,0,1000,-602000,-601000
2007/08/06,0,1000,-5000,-4000
2007/08/07,0,141000,-51000,90000
2007/08/08,0,44000,0,44000
2007/08/09,0,150000,-180650,-30650
2007/08/10,0,3000,-390000,-387000
2007/08/13,0,2000,-10000,-8000
2007/08/14,0,151000,0,151000
2007/08/15,0,623000,-188350,434650
2007/08/16,0,813000,-142000,671000
2007/08/17,0,303000,-120000,183000
2007/08/20,0,12000,-1250,10750
2007/08/21,0,799000,-10000,789000
2007/08/22,0,144000,-37000,107000
2007/08/23,0,266000,-10000,256000
2007/08/24,0,0,0,0
2007/08/27,0,259000,-3000,256000
2007/08/28,0,0,-119000,-119000
2007/08/29,0,20000,-166000,-146000
2007/08/30,0,30000,-21000,9000
2007/08/31,0,211000,-168000,43000
2007/09/03,0,229000,-67000,162000
2007/09/04,0,70000,-1000,69000
2007/09/05,0,93000,-162000,-69000
2007/09/06,0,88000,-70000,18000
2007/09/07,0,443000,-129000,314000
2007/09/10,0,2301000,0,2301000
2007/09/11,0,613000,-213000,400000
2007/09/12,0,1057000,-1000,1056000
2007/09/13,0,250000,-102000,148000
2007/09/14,0,472000,-163000,309000
2007/09/17,0,324000,-2000,322000
2007/09/18,0,0,0,0
2007/09/19,0,46000,-80000,-34000
2007/09/20,0,50000,-66000,-16000
2007/09/21,0,347000,-220000,127000
2007/09/24,0,0,0,0
2007/09/25,0,0,0,0
2007/09/26,0,706000,-16000,690000
2007/09/27,0,598000,-72000,526000
2007/09/28,0,430000,-400000,30000
2007/10/01,0,50000,-231000,-181000
2007/10/02,0,46000,-343000,-297000
2007/10/03,0,25000,-110182,-85182
2007/10/04,0,15000,-50000,-35000
2007/10/05,0,127000,-199000,-72000
2007/10/08,0,8000,-82000,-74000
2007/10/09,0,5000,-52000,-47000
2007/10/10,0,0,0,0
2007/10/11,0,672000,-141500,530500
2007/10/12,0,120000,-56000,64000
2007/10/15,0,0,-445000,-445000
2007/10/16,0,1000,-725687,-724687
2007/10/17,0,50000,-874000,-824000
2007/10/18,0,10000,-51000,-41000
2007/10/19,0,56000,-398000,-342000
2007/10/22,0,0,-774000,-774000
2007/10/23,0,11000,-237000,-226000
2007/10/24,0,61000,-50000,11000
2007/10/25,0,56000,-199000,-143000
2007/10/26,0,0,-100000,-100000
2007/10/29,0,25000,-319500,-294500
2007/10/30,0,180000,-367000,-187000
2007/10/31,0,123000,-9200,113800
2007/11/01,0,171000,-110000,61000
2007/11/02,0,56000,-1467000,-1411000
2007/11/05,0,0,-23000,-23000
2007/11/06,0,222000,-1879802,-1657802
2007/11/07,0,20000,-328150,-308150
2007/11/08,0,1000,-1017200,-1016200
2007/11/09,0,126000,-891980,-765980
2007/11/12,0,1000,-1159750,-1158750
2007/11/13,0,1000,-789000,-788000
2007/11/14,0,1111000,-59174,1051826
2007/11/15,0,51000,-445800,-394800
2007/11/16,0,10000,-925250,-915250
2007/11/19,0,41000,-511839,-470839
2007/11/20,0,304000,-474535,-170535
2007/11/21,0,6000,-112150,-106150
2007/11/22,0,1000,-558000,-557000
2007/11/23,0,22000,-35150,-13150
2007/11/26,0,221000,-5000,216000
2007/11/27,0,251000,-137000,114000
2007/11/28,0,85000,0,85000
2007/11/29,0,185000,-30000,155000
2007/11/30,0,390000,-140000,250000
2007/12/03,0,21000,0,21000
2007/12/04,0,7000,-27000,-20000
2007/12/05,0,16000,-100500,-84500
2007/12/06,0,19000,0,19000
2007/12/07,0,6000,-287,5713
2007/12/10,0,29000,0,29000
2007/12/11,0,0,-110000,-110000
2007/12/12,0,4000,-1334350,-1330350
2007/12/13,0,4000,-3266350,-3262350
2007/12/14,0,4000,-808620,-804620
2007/12/17,0,0,-180550,-180550
2007/12/18,0,413000,-828075,-415075
2007/12/19,0,402000,-119000,283000
2007/12/20,0,576000,-67125,508875
2007/12/21,0,938000,-153990,784010
2007/12/24,0,1540000,0,1540000
2007/12/25,0,85000,0,85000
2007/12/26,0,0,-690000,-690000
2007/12/27,0,7000,0,7000
2007/12/28,0,246000,-136000,110000
2007/12/31,0,75000,0,75000
2008/01/01,0,0,0,0
2008/01/02,0,10000,-25000,-15000
2008/01/03,0,2000,-1248000,-1246000
2008/01/04,0,0,-347000,-347000
2008/01/07,0,150000,-838934,-688934
2008/01/08,0,92000,-1617275,-1525275
2008/01/09,0,308000,-627374,-319374
2008/01/10,0,811000,-217575,593425
2008/01/11,0,597000,-111900,485100
2008/01/14,0,0,-788000,-788000
2008/01/15,0,142000,-185000,-43000
2008/01/16,0,1000,-450000,-449000
2008/01/17,0,31000,-316762,-285762
2008/01/18,0,26000,0,26000
2008/01/21,0,4000,-25000,-21000
2008/01/22,0,0,-70000,-70000
2008/01/23,0,6000,-220862,-214862
2008/01/24,0,26000,-935530,-909530
2008/01/25,0,0,0,0
2008/01/28,0,238000,-8000,230000
2008/01/29,0,152000,0,152000
2008/01/30,0,477000,-285000,192000
2008/01/31,0,0,0,0
2008/02/01,0,47000,-100000,-53000
2008/02/04,0,0,0,0
2008/02/05,0,0,0,0
2008/02/06,0,0,0,0
2008/02/07,0,0,0,0
2008/02/08,0,0,0,0
2008/02/11,0,0,0,0
2008/02/12,0,1000,-979825,-978825
2008/02/13,0,0,-1587250,-1587250
2008/02/14,0,0,-7316,-7316
2008/02/15,0,1000,-711000,-710000
2008/02/18,0,691000,-1300,689700
2008/02/19,0,194000,-5000,189000
2008/02/20,0,160000,-1500,158500
2008/02/21,0,321000,-2000,319000
2008/02/22,0,1666000,-3000,1663000
2008/02/25,0,1253000,-11000,1242000
2008/02/26,0,101000,-5000,96000
2008/02/27,0,7000,-1000,6000
2008/02/28,0,0,0,0
2008/02/29,0,200000,-69000,131000
2008/03/03,0,0,0,0
2008/03/04,0,246000,-265000,-19000
2008/03/05,0,586000,-60500,525500
2008/03/06,0,100000,-202000,-102000
2008/03/07,0,446000,-8000,438000
2008/03/10,0,292000,-7000,285000
2008/03/11,0,243000,-500000,-257000
2008/03/12,0,97000,0,97000
2008/03/13,0,70000,-396625,-326625
2008/03/14,0,216000,-620000,-404000
2008/03/17,0,37000,-284000,-247000
2008/03/18,0,61000,-117000,-56000
2008/03/19,0,153000,0,153000
2008/03/20,0,1000,-30000,-29000
2008/03/21,0,24000,-20000,4000
2008/03/24,0,128000,0,128000
2008/03/25,0,16000,-6000,10000
2008/03/26,0,210000,-15000,195000
2008/03/27,0,2000,-62000,-60000
2008/03/28,0,3000,-21000,-18000
2008/03/31,0,78000,0,78000
2008/04/01,0,41000,0,41000
2008/04/02,0,0,-112809,-112809
2008/04/03,0,696000,-49000,647000
2008/04/04,0,0,0,0
2008/04/07,0,545000,-152000,393000
2008/04/08,0,2569000,-24000,2545000
2008/04/09,0,402000,-5000,397000
2008/04/10,0,2018000,0,2018000
2008/04/11,0,2399000,-83000,2316000
2008/04/14,0,867000,-71000,796000
2008/04/15,0,1028000,-532000,496000
2008/04/16,0,295000,-189000,106000
2008/04/17,0,660000,-500000,160000
2008/04/18,0,103000,-491000,-388000
2008/04/21,0,23000,-20000,3000
2008/04/22,0,0,-415000,-415000
2008/04/23,0,50000,-450000,-400000
2008/04/24,0,0,-450000,-450000
2008/04/25,0,0,-174000,-174000
2008/04/28,0,35000,-371760,-336760
2008/04/29,0,40000,-1736000,-1696000
2008/04/30,0,2000,-138000,-136000
2008/05/01,0,0,0,0
2008/05/02,0,104000,-4250000,-4146000
2008/05/05,0,75000,-4986000,-4911000
2008/05/06,0,64000,-1080000,-1016000
2008/05/07,0,159000,-265000,-106000
2008/05/08,0,3000,-505000,-502000
2008/05/09,0,1000,-165000,-164000
2008/05/12,0,121000,-31000,90000
2008/05/13,0,504000,-3000,501000
2008/05/14,0,1006000,0,1006000
2008/05/15,0,653000,-358000,295000
2008/05/16,0,232000,-160000,72000
2008/05/19,0,433000,-2000,431000
2008/05/20,0,176000,-120205,55795
2008/05/21,0,0,-34000,-34000
2008/05/22,0,16000,-100000,-84000
2008/05/23,0,1000,-880000,-879000
2008/05/26,0,13000,-230000,-217000
2008/05/27,0,15000,-55000,-40000
2008/05/28,0,2000,-660150,-658150
2008/05/29,0,2000,-165000,-163000
2008/05/30,0,19000,0,19000
2008/06/02,0,9000,-282000,-273000
2008/06/03,0,709000,0,709000
2008/06/04,0,360000,0,360000
2008/06/05,0,20000,0,20000
2008/06/06,0,10000,0,10000
2008/06/09,0,22000,-30000,-8000
2008/06/10,0,0,-220000,-220000
2008/06/11,0,269000,-53000,216000
2008/06/12,0,13000,0,13000
2008/06/13,0,93000,-496700,-403700
2008/06/16,0,16000,-1000,15000
2008/06/17,0,12000,-284000,-272000
2008/06/18,0,0,-61500,-61500
2008/06/19,0,0,-349000,-349000
2008/06/20,0,91000,0,91000
2008/06/23,0,67000,-136000,-69000
2008/06/24,0,3000,-75000,-72000
2008/06/25,0,21000,0,21000
2008/06/26,0,0,0,0
2008/06/27,0,0,-41400,-41400
2008/06/30,0,8000,0,8000
2008/07/01,0,0,-1086000,-1086000
2008/07/02,0,0,-235000,-235000
2008/07/03,0,85000,-41000,44000
2008/07/04,0,90000,0,90000
2008/07/07,0,198000,0,198000
2008/07/08,0,0,-164000,-164000
2008/07/09,0,40000,0,40000
2008/07/10,0,30000,-187000,-157000
2008/07/11,0,314000,0,314000
2008/07/14,0,187000,0,187000
2008/07/15,0,7000,0,7000
2008/07/16,0,4000,-1000,3000
2008/07/17,0,423000,0,423000
2008/07/18,0,82000,-3000,79000
2008/07/21,0,424000,-50000,374000
2008/07/22,0,91000,0,91000
2008/07/23,0,200000,-20575,179425
2008/07/24,0,38000,-3000,35000
2008/07/25,0,0,0,0
2008/07/28,0,0,0,0
2008/07/29,0,5000,0,5000
2008/07/30,0,0,-61000,-61000
2008/07/31,0,23000,0,23000
2008/08/01,0,20000,0,20000
2008/08/04,0,30000,0,30000
2008/08/05,0,0,0,0
2008/08/06,0,102000,0,102000
2008/08/07,0,1462000,0,1462000
2008/08/08,0,775000,-100000,675000
2008/08/11,0,1626000,0,1626000
2008/08/12,0,708000,-75000,633000
2008/08/13,0,50000,-50000,0
2008/08/14,0,50000,-244000,-194000
2008/08/15,0,161000,-53000,108000
2008/08/18,0,0,-3000,-3000
2008/08/19,0,404000,-645000,-241000
2008/08/20,0,267000,-3000,264000
2008/08/21,0,320000,-38000,282000
2008/08/22,0,25000,0,25000
2008/08/25,0,55000,-32000,23000
2008/08/26,0,45000,-3000,42000
2008/08/27,0,140000,0,140000
2008/08/28,0,110000,-26000,84000
2008/08/29,0,9000,-30600,-21600
2008/09/01,0,0,-372000,-372000
2008/09/02,0,81000,-377000,-296000
2008/09/03,0,6000,-100000,-94000
2008/09/04,0,51000,0,51000
2008/09/05,0,17000,-28000,-11000
2008/09/08,0,267000,0,267000
2008/09/09,0,0,-1000,-1000
2008/09/10,0,0,0,0
2008/09/11,0,352000,-50000,302000
2008/09/12,0,490000,-170000,320000
2008/09/15,0,167000,-175000,-8000
2008/09/16,0,77000,-13000,64000
2008/09/17,0,214000,0,214000
2008/09/18,0,16000,-247000,-231000
2008/09/19,0,354000,-101000,253000
2008/09/22,0,24000,-77000,-53000
2008/09/23,0,9000,-646000,-637000
2008/09/24,0,186000,-30000,156000
2008/09/25,0,20000,-178000,-158000
2008/09/26,0,40000,-509000,-469000
2008/09/29,0,0,0,0
2008/09/30,0,0,-184000,-184000
2008/10/01,0,0,-519000,-519000
2008/10/02,0,0,-266750,-266750
2008/10/03,0,0,-128000,-128000
2008/10/06,0,30000,-430000,-400000
2008/10/07,0,0,-117000,-117000
2008/10/08,0,8000,-539000,-531000
2008/10/09,0,188000,-222000,-34000
2008/10/10,0,0,0,0
2008/10/13,0,0,-144000,-144000
2008/10/14,0,337000,0,337000
2008/10/15,0,210000,-318000,-108000
2008/10/16,0,0,0,0
2008/10/17,0,146000,-228000,-82000
2008/10/20,0,0,-85000,-85000
2008/10/21,0,3000,0,3000
2008/10/22,0,0,-67000,-67000
2008/10/23,0,303000,-45000,258000
2008/10/24,0,350000,-122000,228000
2008/10/27,0,1300000,-524000,776000
2008/10/28,0,1000,-190000,-189000
2008/10/29,0,1859000,-284000,1575000
2008/10/30,0,414000,0,414000
2008/10/31,0,1406000,0,1406000
2008/11/03,0,1502000,0,1502000
2008/11/04,0,248000,-151000,97000
2008/11/05,0,260000,-1401000,-1141000
2008/11/06,0,1000,-550000,-549000
2008/11/07,0,0,-108000,-108000
2008/11/10,0,8000,0,8000
2008/11/11,0,0,-110000,-110000
2008/11/12,0,0,-123400,-123400
2008/11/13,0,0,-192000,-192000
2008/11/14,0,244000,-295082,-51082
2008/11/17,0,67000,-420900,-353900
2008/11/18,0,0,-392500,-392500
2008/11/19,0,150000,-891300,-741300
2008/11/20,0,70000,-237000,-167000
2008/11/21,0,3000,-587000,-584000
2008/11/24,0,370000,-30000,340000
2008/11/25,0,26000,0,26000
2008/11/26,0,14000,0,14000
2008/11/27,0,482000,0,482000
2008/11/28,0,0,-473000,-473000
2008/12/01,0,93000,0,93000
2008/12/02,0,0,-70000,-70000
2008/12/03,0,140000,-7000,133000
2008/12/04,0,1051000,-221000,830000
2008/12/05,0,0,-365300,-365300
2008/12/08,0,400000,-26000,374000
2008/12/09,0,1936000,-92100,1843900
2008/12/10,0,362000,0,362000
2008/12/11,0,1761000,-320000,1441000
2008/12/12,0,1525000,-163000,1362000
2008/12/15,0,0,0,0
2008/12/16,0,2290000,-62000,2228000
2008/12/17,0,200000,-363000,-163000
2008/12/18,0,80000,-210000,-130000
2008/12/19,0,2720000,-1000,2719000
2008/12/22,0,1289000,-845000,444000
2008/12/23,0,840000,-327000,513000
2008/12/24,0,569000,0,569000
2008/12/25,0,250000,-103000,147000
2008/12/26,0,70000,-250000,-180000
2008/12/29,0,222000,-20000,202000
2008/12/30,0,403000,-150000,253000
2008/12/31,0,752000,-5000,747000
2009/01/01,0,0,0,0
2009/01/02,0,0,0,0
2009/01/05,0,2076000,-65000,2011000
2009/01/06,0,3648000,0,3648000
2009/01/07,0,1350000,-200075,1149925
2009/01/08,0,12000,-100000,-88000
2009/01/09,0,500000,0,500000
2009/01/12,0,356000,-248000,108000
2009/01/13,0,126000,0,126000
2009/01/14,0,581000,-20000,561000
2009/01/15,0,300000,-198000,102000
2009/01/16,0,19000,-207000,-188000
2009/01/19,0,185000,-1129000,-944000
2009/01/20,0,106000,-1652000,-1546000
2009/01/21,0,205000,-2005000,-1800000
2009/01/22,0,0,0,0
2009/01/23,0,0,0,0
2009/01/26,0,0,0,0
2009/01/27,0,0,0,0
2009/01/28,0,0,0,0
2009/01/29,0,0,0,0
2009/01/30,0,0,0,0
2009/02/02,0,330000,0,330000
2009/02/03,0,164000,-167000,-3000
2009/02/04,0,18000,-507600,-489600
2009/02/05,0,50000,-235000,-185000
2009/02/06,0,113000,-541000,-428000
2009/02/09,0,107000,-30000,77000
2009/02/10,0,226000,-600,225400
2009/02/11,0,1511000,-286000,1225000
2009/02/12,0,2681000,-261000,2420000
2009/02/13,0,494000,-1000,493000
2009/02/16,0,208000,-335000,-127000
2009/02/17,0,57000,-580000,-523000
2009/02/18,0,242000,-112000,130000
2009/02/19,0,50000,-142000,-92000
2009/02/20,0,488000,-681000,-193000
2009/02/23,0,208000,0,208000
2009/02/24,0,1120000,-119000,1001000
2009/02/25,0,1135000,-240000,895000
2009/02/26,0,150000,-870000,-720000
2009/02/27,0,1000,-172000,-171000
2009/03/02,0,78000,-215000,-137000
2009/03/03,0,0,0,0
2009/03/04,0,150000,-830000,-680000
2009/03/05,0,150000,-300000,-150000
2009/03/06,0,200000,-848000,-648000
2009/03/09,0,30000,-1905000,-1875000
2009/03/10,0,0,-2196000,-2196000
2009/03/11,0,40000,-173000,-133000
2009/03/12,0,20000,-131000,-111000
2009/03/13,0,385000,-608000,-223000
2009/03/16,0,350000,-301000,49000
2009/03/17,0,253000,-1000,252000
2009/03/18,0,2552000,-4000,2548000
2009/03/19,0,972000,-20000,952000
2009/03/20,0,258000,-650000,-392000
2009/03/23,0,1107000,-276000,831000
2009/03/24,0,135000,-623000,-488000
2009/03/25,0,115000,-806000,-691000
2009/03/26,0,286000,-350000,-64000
2009/03/27,0,165000,-225000,-60000
2009/03/30,0,0,-250000,-250000
2009/03/31,0,58000,-105000,-47000
2009/04/01,0,93000,-1214000,-1121000
2009/04/02,0,190000,-223000,-33000
2009/04/03,0,0,-80462,-80462
2009/04/06,0,578000,-340000,238000
2009/04/07,0,0,-37000,-37000
2009/04/08,0,0,-465200,-465200
2009/04/09,0,130000,-792000,-662000
2009/04/10,0,40000,-384000,-344000
2009/04/13,0,331000,-2826035,-2495035
2009/04/14,0,464000,-1116000,-652000
2009/04/15,0,0,-135000,-135000
2009/04/16,0,0,-180500,-180500
2009/04/17,0,460000,-449000,11000
2009/04/20,0,0,-1468000,-1468000
2009/04/21,0,90000,-1419000,-1329000
2009/04/22,0,85000,-2029000,-1944000
2009/04/23,0,0,-1897660,-1897660
2009/04/24,0,2000,-3232000,-3230000
2009/04/27,0,0,-422000,-422000
2009/04/28,0,0,-1713132,-1713132
2009/04/29,0,0,-617900,-617900
2009/04/30,0,0,-165000,-165000
2009/05/01,0,0,0,0
2009/05/04,0,0,-150000,-150000
2009/05/05,0,0,-90000,-90000
2009/05/06,0,0,-128000,-128000
2009/05/07,0,0,0,0
2009/05/08,0,0,-176000,-176000
2009/05/11,0,0,-1000,-1000
2009/05/12,0,0,-1368000,-1368000
2009/05/13,0,0,-183000,-183000
2009/05/14,0,0,0,0
2009/05/15,0,0,-36000,-36000
2009/05/18,0,100000,-80000,20000
2009/05/19,0,20000,-152000,-132000
2009/05/20,0,1000,-125000,-124000
2009/05/21,0,38000,-40100,-2100
2009/05/22,0,0,-1163000,-1163000
2009/05/25,0,0,-304000,-304000
2009/05/26,0,57000,-130000,-73000
2009/05/27,0,449000,-7000,442000
2009/05/28,0,0,0,0
2009/05/29,0,0,0,0
2009/06/01,0,39000,-1000,38000
2009/06/02,0,280000,-153000,127000
2009/06/03,0,75000,0,75000
2009/06/04,0,3000,0,3000
2009/06/05,0,0,-2000,-2000
2009/06/08,0,5000,-11000,-6000
2009/06/09,0,1000,-432000,-431000
2009/06/10,0,1000,-1000,0
2009/06/11,0,2000,0,2000
2009/06/12,0,0,0,0
2009/06/15,0,2000,0,2000
2009/06/16,0,4000,0,4000
2009/06/17,0,18000,0,18000
2009/06/18,0,3000,-225300,-222300
2009/06/19,0,12000,0,12000
2009/06/22,0,3000,-20000,-17000
2009/06/23,0,0,-5000,-5000
2009/06/24,0,1000,-1000,0
2009/06/25,0,0,0,0
2009/06/26,0,7000,-62000,-55000
2009/06/29,0,0,-307000,-307000
2009/06/30,0,0,-308207,-308207
2009/07/01,0,2000,0,2000
2009/07/02,0,0,0,0
2009/07/03,0,15000,-3000,12000
2009/07/06,0,0,-1000,-1000
2009/07/07,0,1000,0,1000
2009/07/08,0,0,-871000,-871000
2009/07/09,0,0,0,0
2009/07/10,0,0,-1000,-1000
2009/07/13,0,0,-3000,-3000
2009/07/14,0,0,-4000,-4000
2009/07/15,0,0,-4000,-4000
2009/07/16,0,1402000,-12000,1390000
2009/07/17,0,51000,0,51000
2009/07/20,0,30000,0,30000
2009/07/21,0,28000,-396000,-368000
2009/07/22,0,0,-402000,-402000
2009/07/23,0,30000,-3000,27000
2009/07/24,0,30000,-1000,29000
2009/07/27,0,0,-3200,-3200
2009/07/28,0,0,-65000,-65000
2009/07/29,0,0,-3000,-3000
2009/07/30,0,0,-124000,-124000
2009/07/31,0,0,0,0
2009/08/03,0,0,-130000,-130000
2009/08/04,0,0,0,0
2009/08/05,0,0,0,0
2009/08/06,0,0,0,0
2009/08/07,0,0,0,0
2009/08/10,0,2000,-8000,-6000
2009/08/11,0,2000,-30000,-28000
2009/08/12,0,0,-42000,-42000
2009/08/13,0,0,-51355,-51355
2009/08/14,0,1000,0,1000
2009/08/17,0,0,-13000,-13000
2009/08/18,0,1000,-50000,-49000
2009/08/19,0,2000,0,2000
2009/08/20,0,1000,0,1000
2009/08/21,0,9000,0,9000
2009/08/24,0,1000,0,1000
2009/08/25,0,0,0,0
2009/08/26,0,0,0,0
2009/08/27,0,2000,0,2000
2009/08/28,0,0,0,0
2009/08/31,0,172000,0,172000
2009/09/01,0,0,0,0
2009/09/02,0,0,0,0
2009/09/03,0,0,-1000,-1000
2009/09/04,0,0,-2000,-2000
2009/09/07,0,200000,-1000,199000
2009/09/08,0,0,0,0
2009/09/09,0,9000,0,9000
2009/09/10,0,6000,-15000,-9000
2009/09/11,0,188000,0,188000
2009/09/14,0,103000,-15000,88000
2009/09/15,0,1000,0,1000
2009/09/16,0,0,0,0
2009/09/17,0,0,0,0
2009/09/18,0,0,-14000,-14000
2009/09/21,0,0,-19200,-19200
2009/09/22,0,0,-18200,-18200
2009/09/23,0,3000,0,3000
2009/09/24,0,0,-228,-228
2009/09/25,0,0,0,0
2009/09/28,0,1000,0,1000
2009/09/29,0,1000,0,1000
2009/09/30,0,0,-14000,-14000
2009/10/01,0,0,0,0
2009/10/02,0,2000,-5460,-3460
2009/10/05,0,0,-1598280,-1598280
2009/10/06,0,0,0,0
2009/10/07,0,0,0,0
2009/10/08,0,0,0,0
2009/10/09,0,1000,-138000,-137000
2009/10/12,0,90000,0,90000
2009/10/13,0,593000,0,593000
2009/10/14,0,270000,-133000,137000
2009/10/15,0,300000,0,300000
2009/10/16,0,0,0,0
2009/10/19,0,142000,0,142000
2009/10/20,0,180000,0,180000
2009/10/21,0,44000,-2000,42000
2009/10/22,0,13000,0,13000
2009/10/23,0,1520000,0,1520000
2009/10/26,0,657000,-15000,642000
2009/10/27,0,79000,0,79000
2009/10/28,0,130000,0,130000
2009/10/29,0,1000,0,1000
2009/10/30,0,22000,0,22000
2009/11/02,0,15000,0,15000
2009/11/03,0,1000,0,1000
2009/11/04,0,117000,0,117000
2009/11/05,0,200000,0,200000
2009/11/06,0,1000,0,1000
2009/11/09,0,1000,0,1000
2009/11/10,0,554000,0,554000
2009/11/11,0,525000,0,525000
2009/11/12,0,1000,0,1000
2009/11/13,0,33000,-4000,29000
2009/11/16,0,705000,0,705000
2009/11/17,0,574000,0,574000
2009/11/18,0,0,-2000,-2000
2009/11/19,0,0,-1000,-1000
2009/11/20,0,3000,-5760,-2760
2009/11/23,0,0,0,0
2009/11/24,0,0,-200035,-200035
2009/11/25,0,0,-143000,-143000
2009/11/26,0,0,-772000,-772000
2009/11/27,0,0,-548000,-548000
2009/11/30,0,0,-1000,-1000
2009/12/01,0,0,-687000,-687000
2009/12/02,0,0,-220000,-220000
2009/12/03,0,0,-323000,-323000
2009/12/04,0,0,-345000,-345000
2009/12/07,0,200000,0,200000
2009/12/08,0,0,-19260,-19260
2009/12/09,0,0,-587000,-587000
2009/12/10,0,784000,-2000,782000
2009/12/11,0,261000,-462000,-201000
2009/12/14,0,50000,-4000,46000
2009/12/15,0,0,0,0
2009/12/16,0,0,-218000,-218000
2009/12/17,0,256000,-39000,217000
2009/12/18,0,57000,-290975,-233975
2009/12/21,0,0,-46000,-46000
2009/12/22,0,0,-1000,-1000
2009/12/23,0,19000,-10000,9000
2009/12/24,0,0,0,0
2009/12/25,0,0,-2000,-2000
2009/12/28,0,0,-25000,-25000
2009/12/29,0,0,-25000,-25000
2009/12/30,0,92000,-25000,67000
2009/12/31,0,150000,0,150000
2010/01/01,0,0,0,0
2010/01/04,0,1000,0,1000
2010/01/05,0,0,0,0
2010/01/06,0,0,0,0
2010/01/07,0,0,-1000,-1000
2010/01/08,0,0,-100000,-100000
2010/01/11,0,0,-20000,-20000
2010/01/12,0,1080000,-1000,1079000
2010/01/13,0,0,-1000,-1000
2010/01/14,0,0,0,0
2010/01/15,0,980000,-27000,953000
2010/01/18,0,1585000,-5000,1580000
2010/01/19,0,851000,-3000,848000
2010/01/20,0,0,-191000,-191000
2010/01/21,0,0,0,0
2010/01/22,0,0,0,0
2010/01/25,0,68000,-25000,43000
2010/01/26,0,838000,0,838000
2010/01/27,0,253000,0,253000
2010/01/28,0,0,-48000,-48000
2010/01/29,0,6000,-139000,-133000
2010/02/01,0,26000,0,26000
2010/02/02,0,180000,0,180000
2010/02/03,0,193000,0,193000
2010/02/04,0,152000,0,152000
2010/02/05,0,46000,0,46000
2010/02/08,0,335000,0,335000
2010/02/09,0,24000,-200000,-176000
2010/02/10,0,198000,0,198000
2010/02/11,0,0,0,0
2010/02/12,0,0,0,0
2010/02/15,0,0,0,0
2010/02/16,0,0,0,0
2010/02/17,0,0,0,0
2010/02/18,0,0,0,0
2010/02/19,0,0,0,0
2010/02/22,0,152000,0,152000
2010/02/23,0,115000,0,115000
2010/02/24,0,1000,0,1000
2010/02/25,0,31000,-80000,-49000
2010/02/26,0,0,-430000,-430000
2010/03/01,0,1000,-290000,-289000
2010/03/02,0,0,-380000,-380000
2010/03/03,0,0,-606000,-606000
2010/03/04,0,0,-428000,-428000
2010/03/05,0,0,-69000,-69000
2010/03/08,0,0,0,0
2010/03/09,0,0,0,0
2010/03/10,0,0,-100000,-100000
2010/03/11,0,0,-96000,-96000
2010/03/12,0,0,-23000,-23000
2010/03/15,0,0,-358460,-358460
2010/03/16,0,0,-150000,-150000
2010/03/17,0,729000,-42000,687000
2010/03/18,0,0,0,0
2010/03/19,0,337000,-121000,216000
2010/03/22,0,0,0,0
2010/03/23,0,0,-1000,-1000
2010/03/24,0,0,-183000,-183000
2010/03/25,0,0,-12000,-12000
2010/03/26,0,82000,0,82000
2010/03/29,0,30000,0,30000
2010/03/30,0,26000,-41000,-15000
2010/03/31,0,0,0,0
2010/04/01,0,578000,0,578000
2010/04/02,0,1833000,0,1833000
2010/04/05,0,0,0,0
2010/04/06,0,631000,-530000,101000
2010/04/07,0,1712000,0,1712000
2010/04/08,0,0,-4000,-4000
2010/04/09,0,0,-60028,-60028
2010/04/12,0,0,-70000,-70000
2010/04/13,0,0,-362000,-362000
2010/04/14,0,28000,-143000,-115000
2010/04/15,0,20000,0,20000
2010/04/16,0,0,-111000,-111000
2010/04/19,0,0,-754,-754
2010/04/20,0,1000,-1000,0
2010/04/21,0,265000,0,265000
2010/04/22,0,383000,0,383000
2010/04/23,0,120000,0,120000
2010/04/26,0,0,0,0
2010/04/27,0,0,-1000,-1000
2010/04/28,0,231000,0,231000
2010/04/29,0,0,0,0
2010/04/30,0,0,-3000,-3000
2010/05/03,0,0,-150000,-150000
2010/05/04,0,0,-80000,-80000
2010/05/05,0,0,-2000,-2000
2010/05/06,0,0,-25000,-25000
2010/05/07,0,1000,0,1000
2010/05/10,0,13000,-131000,-118000
2010/05/11,0,0,-510000,-510000
2010/05/12,0,0,-112000,-112000
2010/05/13,0,0,-43000,-43000
2010/05/14,0,1000,-10000,-9000
2010/05/17,0,0,-101000,-101000
2010/05/18,0,0,-473000,-473000
2010/05/19,0,0,-568000,-568000
2010/05/20,0,1000,-301000,-300000
2010/05/21,0,0,-20000,-20000
2010/05/24,0,26000,-271000,-245000
2010/05/25,0,0,-476000,-476000
2010/05/26,0,1000,-251000,-250000
2010/05/27,0,0,-1894000,-1894000
2010/05/28,0,0,-168000,-168000
2010/05/31,0,0,-787000,-787000
2010/06/01,0,0,-88900,-88900
2010/06/02,0,0,-640000,-640000
2010/06/03,0,0,0,0
2010/06/04,0,0,-762000,-762000
2010/06/07,0,0,-433000,-433000
2010/06/08,0,1000,-120000,-119000
2010/06/09,0,0,-34000,-34000
2010/06/10,0,1000,-498,502
2010/06/11,0,500000,-57000,443000
2010/06/14,0,0,-60000,-60000
2010/06/15,0,0,-440000,-440000
2010/06/16,0,0,0,0
2010/06/17,0,0,-137440,-137440
2010/06/18,0,0,-45000,-45000
2010/06/21,0,0,0,0
2010/06/22,0,400000,-1000,399000
2010/06/23,0,0,-1000,-1000
2010/06/24,0,56000,0,56000
2010/06/25,0,13000,-153840,-140840
2010/06/28,0,27000,-40000,-13000
2010/06/29,0,1000,0,1000
2010/06/30,0,0,0,0
2010/07/01,0,0,-340000,-340000
2010/07/02,0,1000,0,1000
2010/07/05,0,0,-250000,-250000
2010/07/06,0,3000,-38000,-35000
2010/07/07,0,0,0,0
2010/07/08,0,0,0,0
2010/07/09,0,0,0,0
2010/07/12,0,0,-180126,-180126
2010/07/13,0,0,-290000,-290000
2010/07/14,0,0,-50000,-50000
2010/07/15,0,0,-24000,-24000
2010/07/16,0,0,-280000,-280000
2010/07/19,0,0,-118000,-118000
2010/07/20,0,0,0,0
2010/07/21,0,1000,-514000,-513000
2010/07/22,0,1000,-559795,-558795
2010/07/23,0,0,0,0
2010/07/26,0,80000,0,80000
2010/07/27,0,7000,0,7000
2010/07/28,0,2000,-50000,-48000
2010/07/29,0,0,0,0
2010/07/30,0,0,-9000,-9000
2010/08/02,0,316000,-8000,308000
2010/08/03,0,2000,-80000,-78000
2010/08/04,0,0,-1000,-1000
2010/08/05,0,316000,0,316000
2010/08/06,0,147000,-1000,146000
2010/08/09,0,5000,0,5000
2010/08/10,0,14000,0,14000
2010/08/11,0,16000,0,16000
2010/08/12,0,0,-2211000,-2211000
2010/08/13,0,100000,-182000,-82000
2010/08/16,0,0,-30000,-30000
2010/08/17,0,0,-5840,-5840
2010/08/18,0,0,-1000,-1000
2010/08/19,0,0,0,0
2010/08/20,0,0,-4000,-4000
2010/08/23,0,0,0,0
2010/08/24,0,0,-30000,-30000
2010/08/25,0,5000,-1000,4000
2010/08/26,0,0,-312000,-312000
2010/08/27,0,1000,0,1000
2010/08/30,0,1000,0,1000
2010/08/31,0,0,-418000,-418000
2010/09/01,0,0,-142000,-142000
2010/09/02,0,1000,0,1000
2010/09/03,0,0,0,0
2010/09/06,0,0,0,0
2010/09/07,0,2000,0,2000
2010/09/08,0,0,0,0
2010/09/09,0,0,0,0
2010/09/10,0,51000,0,51000
2010/09/13,0,0,0,0
2010/09/14,0,71000,0,71000
2010/09/15,0,76000,0,76000
2010/09/16,0,0,-1000,-1000
2010/09/17,0,45000,-1000,44000
2010/09/20,0,0,-112000,-112000
2010/09/21,0,0,-1000,-1000
2010/09/22,0,0,0,0
2010/09/23,0,0,-626000,-626000
2010/09/24,0,0,0,0
2010/09/27,0,0,0,0
2010/09/28,0,0,0,0
2010/09/29,0,0,0,0
2010/09/30,0,0,-2000,-2000
2010/10/01,0,0,0,0
2010/10/04,0,0,0,0
2010/10/05,0,0,0,0
2010/10/06,0,0,0,0
2010/10/07,0,0,0,0
2010/10/08,0,0,0,0
2010/10/11,0,0,0,0
2010/10/12,0,0,-1000,-1000
2010/10/13,0,10000,0,10000
2010/10/14,0,1000,-4000,-3000
2010/10/15,0,0,0,0
2010/10/18,0,1000,-1000,0
2010/10/19,0,2000,-1000,1000
2010/10/20,0,0,-1000,-1000
2010/10/21,0,0,-43000,-43000
2010/10/22,0,0,-1000,-1000
2010/10/25,0,0,-88180,-88180
2010/10/26,0,0,0,0
2010/10/27,0,153000,0,153000
2010/10/28,0,25000,0,25000
2010/10/29,0,0,0,0
2010/11/01,0,0,0,0
2010/11/02,0,100000,0,100000
2010/11/03,0,74000,0,74000
2010/11/04,0,0,0,0
2010/11/05,0,392000,0,392000
2010/11/08,0,0,-92000,-92000
2010/11/09,0,214000,0,214000
2010/11/10,0,855000,0,855000
2010/11/11,0,851000,0,851000
2010/11/12,0,2000,-126000,-124000
2010/11/15,0,6000,0,6000
2010/11/16,0,125000,-2000,123000
2010/11/17,0,300000,0,300000
2010/11/18,0,0,-643,-643
2010/11/19,0,1000,0,1000
2010/11/22,0,0,0,0
2010/11/23,0,0,0,0
2010/11/24,0,0,0,0
2010/11/25,0,0,-5000,-5000
2010/11/26,0,64000,0,64000
2010/11/29,0,0,0,0
2010/11/30,0,0,-7000,-7000
2010/12/01,0,0,-1000,-1000
2010/12/02,0,0,-61000,-61000
2010/12/03,0,0,-129000,-129000
2010/12/06,0,30000,-3000,27000
2010/12/07,0,410000,-10000,400000
2010/12/08,0,0,-51000,-51000
2010/12/09,0,50000,0,50000
2010/12/10,0,500000,0,500000
2010/12/13,0,0,-201000,-201000
2010/12/14,0,772000,-326000,446000
2010/12/15,0,4597000,0,4597000
2010/12/16,0,1639000,0,1639000
2010/12/17,0,3904000,-1000,3903000
2010/12/20,0,1637000,-21000,1616000
2010/12/21,0,1915000,0,1915000
2010/12/22,0,1565000,0,1565000
2010/12/23,0,1281000,0,1281000
2010/12/24,0,1592000,-250000,1342000
2010/12/27,0,850000,-10000,840000
2010/12/28,0,100000,-230000,-130000
2010/12/29,0,135000,-120000,15000
2010/12/30,0,272000,0,272000
2010/12/31,0,949000,-70000,879000
2011/01/03,0,530000,0,530000
2011/01/04,0,0,-333000,-333000
2011/01/05,0,203000,-462000,-259000
2011/01/06,0,0,-70000,-70000
2011/01/07,0,1050000,-91000,959000
2011/01/10,0,724000,-994000,-270000
2011/01/11,0,200000,-423000,-223000
2011/01/12,0,1115000,-425000,690000
2011/01/13,0,170000,0,170000
2011/01/14,0,100000,-4000,96000
2011/01/17,0,1240000,0,1240000
2011/01/18,0,160000,-248000,-88000
2011/01/19,0,1379000,-2000,1377000
2011/01/20,0,1727000,-20000,1707000
2011/01/21,0,303000,-2000,301000
2011/01/24,0,451000,0,451000
2011/01/25,0,348000,0,348000
2011/01/26,0,450000,0,450000
2011/01/27,0,1182000,0,1182000
2011/01/28,0,707000,-2000,705000
2011/01/31,0,0,0,0
2011/02/01,0,0,0,0
2011/02/02,0,0,0,0
2011/02/03,0,0,0,0
2011/02/04,0,0,0,0
2011/02/07,0,0,0,0
2011/02/08,0,395000,-91000,304000
2011/02/09,0,0,-320000,-320000
2011/02/10,0,0,-294000,-294000
2011/02/11,0,1000,-2109000,-2108000
2011/02/14,0,101000,-551000,-450000
2011/02/15,0,1000,-490000,-489000
2011/02/16,0,28000,-50000,-22000
2011/02/17,0,0,-564000,-564000
2011/02/18,0,251000,-125000,126000
2011/02/21,0,0,-403000,-403000
2011/02/22,0,0,-1171000,-1171000
2011/02/23,0,13000,-603000,-590000
2011/02/24,0,1000,-260000,-259000
2011/02/25,0,41000,-3000,38000
2011/02/28,0,0,0,0
2011/03/01,0,360000,0,360000
2011/03/02,0,1650000,-25880,1624120
2011/03/03,0,1644000,0,1644000
2011/03/04,0,1570000,0,1570000
2011/03/07,0,572000,0,572000
2011/03/08,0,0,-100000,-100000
2011/03/09,0,181000,-442000,-261000
2011/03/10,0,0,-200000,-200000
2011/03/11,0,65000,0,65000
2011/03/14,0,1000,-904000,-903000
2011/03/15,0,1000,-980000,-979000
2011/03/16,0,0,-651000,-651000
2011/03/17,0,50000,-1625000,-1575000
2011/03/18,0,0,-259000,-259000
2011/03/21,0,0,-541000,-541000
2011/03/22,0,100000,0,100000
2011/03/23,0,479000,0,479000
2011/03/24,0,0,-50000,-50000
2011/03/25,0,0,-80000,-80000
2011/03/28,0,0,0,0
2011/03/29,0,0,-55000,-55000
2011/03/30,0,731000,-13000,718000
2011/03/31,0,1500000,-4000,1496000
2011/04/01,0,1200000,-200000,1000000
2011/04/04,0,0,0,0
2011/04/05,0,0,0,0
2011/04/06,0,0,-20200,-20200
2011/04/07,0,0,-312000,-312000
2011/04/08,0,862000,-196000,666000
2011/04/11,0,110000,0,110000
2011/04/12,0,426000,-317000,109000
2011/04/13,0,1290000,0,1290000
2011/04/14,0,1463000,-4000,1459000
2011/04/15,0,1079000,0,1079000
2011/04/18,0,310000,-5000,305000
2011/04/19,0,2734000,0,2734000
2011/04/20,0,1839000,0,1839000
2011/04/21,0,986000,0,986000
2011/04/22,0,488000,0,488000
2011/04/25,0,891000,0,891000
2011/04/26,0,621000,-1000,620000
2011/04/27,0,187000,-407548,-220548
2011/04/28,0,81000,-700000,-619000
2011/04/29,0,916000,0,916000
2011/05/02,0,0,0,0
2011/05/03,0,1629000,-230000,1399000
2011/05/04,0,846000,0,846000
2011/05/05,0,1867000,-633000,1234000
2011/05/06,0,427000,-324000,103000
2011/05/09,0,346000,-245000,101000
2011/05/10,0,450000,-409000,41000
2011/05/11,0,687000,-1727000,-1040000
2011/05/12,0,750000,-371000,379000
2011/05/13,0,2496000,-609000,1887000
2011/05/16,0,985000,-1470000,-485000
2011/05/17,0,442000,-1401000,-959000
2011/05/18,0,1000,-1343000,-1342000
2011/05/19,0,152000,-1059000,-907000
2011/05/20,0,856000,-154000,702000
2011/05/23,0,1647000,-10250,1636750
2011/05/24,0,551000,-57000,494000
2011/05/25,0,105000,0,105000
2011/05/26,0,512000,-564000,-52000
2011/05/27,0,320000,-265000,55000
2011/05/30,0,1000,-306000,-305000
2011/05/31,0,265000,-547000,-282000
2011/06/01,0,822000,0,822000
2011/06/02,0,80000,-40000,40000
2011/06/03,0,200000,-80000,120000
2011/06/06,0,0,0,0
2011/06/07,0,0,0,0
2011/06/08,0,0,0,0
2011/06/09,0,210000,-286000,-76000
2011/06/10,0,339000,-1089000,-750000
2011/06/13,0,195000,-2614000,-2419000
2011/06/14,0,1000,-646000,-645000
2011/06/15,0,323000,-405000,-82000
2011/06/16,0,0,0,0
2011/06/17,0,237000,-920000,-683000
2011/06/20,0,1000,-121000,-120000
2011/06/21,0,144000,-255000,-111000
2011/06/22,0,215000,-389000,-174000
2011/06/23,0,1000,-342000,-341000
2011/06/24,0,0,-555000,-555000
2011/06/27,0,1000,0,1000
2011/06/28,0,204000,-9000,195000
2011/06/29,0,15000,-86000,-71000
2011/06/30,0,1000,-819000,-818000
2011/07/01,0,101000,-180000,-79000
2011/07/04,0,815000,-364000,451000
2011/07/05,0,294000,-354000,-60000
2011/07/06,0,666000,-383000,283000
2011/07/07,0,63000,-1931000,-1868000
2011/07/08,0,30000,-3280000,-3250000
2011/07/11,0,42000,-379000,-337000
2011/07/12,0,181000,-397000,-216000
2011/07/13,0,502000,0,502000
2011/07/14,0,341000,-112000,229000
2011/07/15,0,519000,-310000,209000
2011/07/18,0,440000,-26000,414000
2011/07/19,0,578000,0,578000
2011/07/20,0,692000,-38000,654000
2011/07/21,0,44000,0,44000
2011/07/22,0,230000,-81000,149000
2011/07/25,0,0,-4000,-4000
2011/07/26,0,433000,-100000,333000
2011/07/27,0,379000,-63000,316000
2011/07/28,0,0,-610000,-610000
2011/07/29,0,0,-848000,-848000
2011/08/01,0,21000,-151000,-130000
2011/08/02,0,22000,-1000,21000
2011/08/03,0,43000,-1077000,-1034000
2011/08/04,0,234000,-127000,107000
2011/08/05,0,8000,-70000,-62000
2011/08/08,0,69000,-760000,-691000
2011/08/09,0,62000,-1559000,-1497000
2011/08/10,0,390000,-340000,50000
2011/08/11,0,34000,-815000,-781000
2011/08/12,0,330000,-754000,-424000
2011/08/15,0,2000,-592000,-590000
2011/08/16,0,351000,-265000,86000
2011/08/17,0,414000,-849000,-435000
2011/08/18,0,67000,-1230000,-1163000
2011/08/19,0,41000,-1434000,-1393000
2011/08/22,0,13000,-1536000,-1523000
2011/08/23,0,1000,-819000,-818000
2011/08/24,0,0,-610000,-610000
2011/08/25,0,0,-747000,-747000
2011/08/26,0,10000,-1510000,-1500000
2011/08/29,0,1000,-1062000,-1061000
2011/08/30,0,429000,-120000,309000
2011/08/31,0,1572000,-122000,1450000
2011/09/01,0,255000,-160000,95000
2011/09/02,0,13000,-502000,-489000
2011/09/05,0,160000,-4000,156000
2011/09/06,0,318000,0,318000
2011/09/07,0,355000,0,355000
2011/09/08,0,90000,0,90000
2011/09/09,0,1360000,0,1360000
2011/09/12,0,0,0,0
2011/09/13,0,7000,-1723760,-1716760
2011/09/14,0,218000,-1189300,-971300
2011/09/15,0,903000,-1517000,-614000
2011/09/16,0,61000,-2296650,-2235650
2011/09/19,0,1000,-61350,-60350
2011/09/20,0,40000,-60500,-20500
2011/09/21,0,0,-1575407,-1575407
2011/09/22,0,0,-5400,-5400
2011/09/23,0,1000,-779050,-778050
2011/09/26,0,255000,-14000,241000
2011/09/27,0,891000,-441750,449250
2011/09/28,0,0,-10000,-10000
2011/09/29,0,7000,-763000,-756000
2011/09/30,0,579000,-27000,552000
2011/10/03,0,1130000,0,1130000
2011/10/04,0,852000,-111000,741000
2011/10/05,0,775000,-209000,566000
2011/10/06,0,606000,-124150,481850
2011/10/07,0,749000,0,749000
2011/10/10,0,0,0,0
2011/10/11,0,538000,0,538000
2011/10/12,0,0,-79000,-79000
2011/10/13,0,2000,0,2000
2011/10/14,0,483000,-1000,482000
2011/10/17,0,966000,-1292,964708
2011/10/18,0,1502000,-505796,996204
2011/10/19,0,165000,-40000,125000
2011/10/20,0,249000,0,249000
2011/10/21,0,185000,-1756000,-1571000
2011/10/24,0,151000,-12350,138650
2011/10/25,0,575000,0,575000
2011/10/26,0,184000,-970000,-786000
2011/10/27,0,938000,-1007000,-69000
2011/10/28,0,2000,-145000,-143000
2011/10/31,0,0,-102000,-102000
2011/11/01,0,150000,-1000,149000
2011/11/02,0,3000,-120000,-117000
2011/11/03,0,185000,-50000,135000
2011/11/04,0,25000,-16000,9000
2011/11/07,0,0,-245000,-245000
2011/11/08,0,714000,-271000,443000
2011/11/09,0,306000,0,306000
2011/11/10,0,119000,-625000,-506000
2011/11/11,0,538000,-578000,-40000
2011/11/14,0,388312,-1468000,-1079688
2011/11/15,0,531000,-1545800,-1014800
2011/11/16,0,10000,-196000,-186000
2011/11/17,0,157000,-282000,-125000
2011/11/18,0,0,-174000,-174000
2011/11/21,0,3000,-1920800,-1917800
2011/11/22,0,345000,-1524060,-1179060
2011/11/23,0,4000,-287000,-283000
2011/11/24,0,71000,-452400,-381400
2011/11/25,0,178000,-52000,126000
2011/11/28,0,75000,-102500,-27500
2011/11/29,0,75000,0,75000
2011/11/30,0,1000,-50000,-49000
2011/12/01,0,0,-240000,-240000
2011/12/02,0,0,-262000,-262000
2011/12/05,0,2000,-56000,-54000
2011/12/06,0,0,-30000,-30000
2011/12/07,0,191000,-164000,27000
2011/12/08,0,1097000,-29000,1068000
2011/12/09,0,75000,-35309,39691
2011/12/12,0,1880000,-106000,1774000
2011/12/13,0,834000,0,834000
2011/12/14,0,63000,-19000,44000
2011/12/15,0,101000,-19000,82000
2011/12/16,0,41000,-5500,35500
2011/12/19,0,245000,-25000,220000
2011/12/20,0,31000,-6000,25000
2011/12/21,0,2080000,0,2080000
2011/12/22,0,79000,0,79000
2011/12/23,0,249000,-102000,147000
2011/12/26,0,0,0,0
2011/12/27,0,203000,-11000,192000
2011/12/28,0,0,-1000,-1000
2011/12/29,0,0,0,0
2011/12/30,0,0,-2000,-2000
2012/01/02,0,2000,0,2000
2012/01/03,0,30000,-928450,-898450
2012/01/04,0,30000,-487000,-457000
2012/01/05,0,0,-185037,-185037
2012/01/06,0,390000,-87000,303000
2012/01/09,0,0,0,0
2012/01/10,0,106000,-46000,60000
2012/01/11,0,119000,-407000,-288000
2012/01/12,0,0,-387000,-387000
2012/01/13,0,410000,-280000,130000
2012/01/16,0,100000,-1000,99000
2012/01/17,0,780000,-157500,622500
2012/01/18,0,553000,-2000,551000
2012/01/19,0,0,0,0
2012/01/20,0,0,0,0
2012/01/23,0,0,0,0
2012/01/24,0,0,0,0
2012/01/25,0,0,0,0
2012/01/26,0,0,0,0
2012/01/27,0,0,0,0
2012/01/30,0,223000,-6000,217000
2012/01/31,0,688000,-124000,564000
2012/02/01,0,2035000,-739000,1296000
2012/02/02,0,1833000,-89000,1744000
2012/02/03,0,5422000,-2000,5420000
2012/02/06,0,978000,-27000,951000
2012/02/07,0,1123000,0,1123000
2012/02/08,0,1032000,-1000,1031000
2012/02/09,0,4908809,-13000,4895809
2012/02/10,0,1664000,-164000,1500000
2012/02/13,0,2720000,-721000,1999000
2012/02/14,0,2872000,-352000,2520000
2012/02/15,0,1497000,-473000,1024000
2012/02/16,0,1150000,-20000,1130000
2012/02/17,0,656000,-513000,143000
2012/02/20,0,306000,-93000,213000
2012/02/21,0,456000,-337000,119000
2012/02/22,0,834000,-27000,807000
2012/02/23,0,412000,-331000,81000
2012/02/24,0,200000,-457000,-257000
2012/02/27,0,0,0,0
2012/02/28,0,0,0,0
2012/02/29,0,262000,-1000,261000
2012/03/01,0,486000,-680000,-194000
2012/03/02,0,300000,-265000,35000
2012/03/05,0,217000,-1464000,-1247000
2012/03/06,0,30000,-2729400,-2699400
2012/03/07,0,20000,-120000,-100000
2012/03/08,0,157000,-399778,-242778
2012/03/09,0,400000,-1455000,-1055000
2012/03/12,0,444000,-755000,-311000
2012/03/13,0,100000,-615000,-515000
2012/03/14,0,329000,-532000,-203000
2012/03/15,0,208000,-197000,11000
2012/03/16,0,1082000,-304000,778000
2012/03/19,0,100,-957000,-956900
2012/03/20,0,0,-2921000,-2921000
2012/03/21,0,8000,-676000,-668000
2012/03/22,0,23000,-260000,-237000
2012/03/23,0,152000,-391000,-239000
2012/03/26,0,37000,-416000,-379000
2012/03/27,0,38000,-75000,-37000
2012/03/28,0,63000,-1100450,-1037450
2012/03/29,0,0,0,0
2012/03/30,0,12000,-214000,-202000
2012/04/02,0,136000,-1140000,-1004000
2012/04/03,0,22000,-938000,-916000
2012/04/04,0,0,0,0
2012/04/05,0,61373,-907000,-845627
2012/04/06,0,326000,-356000,-30000
2012/04/09,0,0,-331000,-331000
2012/04/10,0,84000,-405000,-321000
2012/04/11,0,242000,-1286000,-1044000
2012/04/12,0,477000,0,477000
2012/04/13,0,80000,-4562000,-4482000
2012/04/16,0,481000,-927000,-446000
2012/04/17,0,11000,-958000,-947000
2012/04/18,0,0,-937000,-937000
2012/04/19,0,100000,-1672000,-1572000
2012/04/20,0,110000,-769000,-659000
2012/04/23,0,682000,-830000,-148000
2012/04/24,0,905000,-100000,805000
2012/04/25,0,7000,-10000,-3000
2012/04/26,0,258000,-41000,217000
2012/04/27,0,878000,-1576000,-698000
2012/04/30,0,1240000,-1000000,240000
2012/05/01,0,0,0,0
2012/05/02,0,2623000,-600000,2023000
2012/05/03,0,299000,-501388,-202388
2012/05/04,0,43000,-1313000,-1270000
2012/05/07,0,45000,-1200060,-1155060
2012/05/08,0,0,-450000,-450000
2012/05/09,0,0,-408000,-408000
2012/05/10,0,0,-251000,-251000
2012/05/11,0,4000,-1539000,-1535000
2012/05/14,0,0,-1435000,-1435000
2012/05/15,0,4000,-4068250,-4064250
2012/05/16,0,36000,-850000,-814000
2012/05/17,0,52000,-162000,-110000
2012/05/18,0,346000,-460000,-114000
2012/05/21,0,477000,-540000,-63000
2012/05/22,0,390000,-500000,-110000
2012/05/23,0,138000,-44000,94000
2012/05/24,0,0,-227000,-227000
2012/05/25,0,53000,-21000,32000
2012/05/28,0,113000,0,113000
2012/05/29,0,404000,-3000,401000
2012/05/30,0,1747883,-47000,1700883
2012/05/31,0,2153000,-27000,2126000
2012/06/01,0,239000,0,239000
2012/06/04,0,203000,-50000,153000
2012/06/05,0,140000,0,140000
2012/06/06,0,712000,-28000,684000
2012/06/07,0,511000,0,511000
2012/06/08,0,683000,0,683000
2012/06/11,0,935000,0,935000
2012/06/12,0,279000,0,279000
2012/06/13,0,180000,-34000,146000
2012/06/14,0,260000,-9900,250100
2012/06/15,0,1824000,-60500,1763500
2012/06/18,0,302000,-6000,296000
2012/06/19,0,51000,-9000,42000
2012/06/20,0,94000,-250000,-156000
2012/06/21,0,74000,0,74000
2012/06/22,0,499000,0,499000
2012/06/25,0,444000,-198000,246000
2012/06/26,0,932,-97000,-96068
2012/06/27,0,58000,-150000,-92000
2012/06/28,0,18000,-151000,-133000
2012/06/29,0,84000,0,84000
2012/07/02,0,1072000,-2000,1070000
2012/07/03,0,415000,-150000,265000
2012/07/04,0,1913000,0,1913000
2012/07/05,0,1081000,-1000,1080000
2012/07/06,0,1360000,-21000,1339000
2012/07/09,0,1241000,0,1241000
2012/07/10,0,1058000,-60000,998000
2012/07/11,0,653000,-11000,642000
2012/07/12,0,607000,0,607000
2012/07/13,0,377000,-206000,171000
2012/07/16,0,182000,-95000,87000
2012/07/17,0,603000,-1328000,-725000
2012/07/18,0,463000,0,463000
2012/07/19,0,220000,0,220000
2012/07/20,0,35000,-645000,-610000
2012/07/23,0,257000,-917000,-660000
2012/07/24,0,91000,-764000,-673000
2012/07/25,0,129000,-209000,-80000
2012/07/26,0,197000,-3376000,-3179000
2012/07/27,0,1570000,-681000,889000
2012/07/30,0,20000,-847000,-827000
2012/07/31,0,0,-2117000,-2117000
2012/08/01,0,176000,-1786000,-1610000
2012/08/02,0,0,0,0
2012/08/03,0,260000,-803000,-543000
2012/08/06,0,4847000,-293750,4553250
2012/08/07,0,460000,-299000,161000
2012/08/08,0,859000,-1448000,-589000
2012/08/09,0,1908000,-5000,1903000
2012/08/10,0,5704000,-5000,5699000
2012/08/13,0,1801000,-10000,1791000
2012/08/14,0,700000,-1000,699000
2012/08/15,0,2224000,-7000,2217000
2012/08/16,0,1069000,-135000,934000
2012/08/17,0,401500,-2736,398764
2012/08/20,0,100000,-113000,-13000
2012/08/21,0,1673000,-54000,1619000
2012/08/22,0,52000,-96000,-44000
2012/08/23,0,20000,-214000,-194000
2012/08/24,0,84000,-100000,-16000
2012/08/27,0,147000,-137500,9500
2012/08/28,0,0,-167000,-167000
2012/08/29,0,0,-33000,-33000
2012/08/30,0,86000,-49000,37000
2012/08/31,0,1789000,-340000,1449000
2012/09/03,0,1160000,-1000,1159000
2012/09/04,0,516000,-255000,261000
2012/09/05,0,363000,-1000,362000
2012/09/06,0,495000,-318000,177000
2012/09/07,0,1041500,-447000,594500
2012/09/10,0,93000,-409000,-316000
2012/09/11,0,7000,-165000,-158000
2012/09/12,0,246500,-403900,-157400
2012/09/13,0,5000,-584000,-579000
2012/09/14,0,558000,-42000,516000
2012/09/17,0,1000,-476000,-475000
2012/09/18,0,749000,-892000,-143000
2012/09/19,0,50000,-766000,-716000
2012/09/20,0,37000,-484000,-447000
2012/09/21,0,20000,-59000,-39000
2012/09/24,0,0,-4000,-4000
2012/09/25,0,0,-696000,-696000
2012/09/26,0,84000,-384000,-300000
2012/09/27,0,125000,-800000,-675000
2012/09/28,0,711000,-496000,215000
2012/10/01,0,16000,-192000,-176000
2012/10/02,0,0,-166000,-166000
2012/10/03,0,0,-211000,-211000
2012/10/04,0,165000,-364000,-199000
2012/10/05,0,890000,-99000,791000
2012/10/08,0,278000,-1156050,-878050
2012/10/09,0,28000,-685750,-657750
2012/10/10,0,0,0,0
2012/10/11,0,529000,-44500,484500
2012/10/12,0,60000,-56000,4000
2012/10/15,0,287000,-69350,217650
2012/10/16,0,175000,-194500,-19500
2012/10/17,0,179000,-214000,-35000
2012/10/18,0,389000,-3568250,-3179250
2012/10/19,0,608000,-1395200,-787200
2012/10/22,0,125000,-1033000,-908000
2012/10/23,0,7000,-646550,-639550
2012/10/24,0,25000,-1162850,-1137850
2012/10/25,0,50000,-1132400,-1082400
2012/10/26,0,224000,-956550,-732550
2012/10/29,0,70000,-726725,-656725
2012/10/30,0,210000,-130000,80000
2012/10/31,0,410000,-27000,383000
2012/11/01,0,15000,-421150,-406150
2012/11/02,0,199000,-1643000,-1444000
2012/11/05,0,0,-626000,-626000
2012/11/06,0,330000,0,330000
2012/11/07,0,209000,-21000,188000
2012/11/08,0,1200000,-49000,1151000
2012/11/09,0,175000,-1077000,-902000
2012/11/12,0,0,-2774000,-2774000
2012/11/13,0,85000,-2858550,-2773550
2012/11/14,0,65000,-598400,-533400
2012/11/15,0,41000,-69000,-28000
2012/11/16,0,3000,-276000,-273000
2012/11/19,0,31000,-438350,-407350
2012/11/20,0,30000,-550,29450
2012/11/21,0,0,-75000,-75000
2012/11/22,0,15000,-1081550,-1066550
2012/11/23,0,396000,-2644150,-2248150
2012/11/26,0,0,-23000,-23000
2012/11/27,0,149000,-101000,48000
2012/11/28,0,45000,-75500,-30500
2012/11/29,0,75000,-592100,-517100
2012/11/30,0,432000,-32500,399500
2012/12/03,0,45000,-637500,-592500
2012/12/04,0,0,-1028900,-1028900
2012/12/05,0,0,-572000,-572000
2012/12/06,0,0,-975000,-975000
2012/12/07,0,0,-533300,-533300
2012/12/10,0,0,-1198650,-1198650
2012/12/11,0,10000,-1224700,-1214700
2012/12/12,0,0,-1062200,-1062200
2012/12/13,0,0,-102250,-102250
2012/12/14,0,0,-1659500,-1659500
2012/12/17,0,0,-1858175,-1858175
2012/12/18,0,0,-2234850,-2234850
2012/12/19,0,0,-382450,-382450
2012/12/20,0,1000,-365100,-364100
2012/12/21,0,0,-444650,-444650
2012/12/24,0,0,-14000,-14000
2012/12/25,0,0,0,0
2012/12/26,0,0,-639000,-639000
2012/12/27,0,926000,-515650,410350
2012/12/28,0,0,-130300,-130300
2012/12/31,0,0,0,0
2013/01/01,0,0,0,0
2013/01/02,0,0,0,0
2013/01/03,0,309000,-746050,-437050
2013/01/04,0,0,-717000,-717000
2013/01/07,0,0,-1208000,-1208000
2013/01/08,0,0,-673000,-673000
2013/01/09,0,0,-1728700,-1728700
2013/01/10,0,0,-471000,-471000
2013/01/11,0,0,-298152,-298152
2013/01/14,0,0,-264900,-264900
2013/01/15,0,0,-154050,-154050
2013/01/16,0,44000,-87000,-43000
2013/01/17,0,1328,-106000,-104672
2013/01/18,0,0,0,0
2013/01/21,0,0,-10000,-10000
2013/01/22,0,0,-202000,-202000
2013/01/23,0,0,-102000,-102000
2013/01/24,0,0,-1192000,-1192000
2013/01/25,0,0,-144500,-144500
2013/01/28,0,0,0,0
2013/01/29,0,0,-500000,-500000
2013/01/30,0,0,-444350,-444350
2013/01/31,0,1000,-642000,-641000
2013/02/01,0,0,-665000,-665000
2013/02/04,0,10000,-291250,-281250
2013/02/05,0,12000,-13000,-1000
2013/02/06,0,1000,-340000,-339000
2013/02/07,0,0,0,0
2013/02/08,0,0,0,0
2013/02/11,0,0,0,0
2013/02/12,0,0,0,0
2013/02/13,0,0,0,0
2013/02/14,0,0,0,0
2013/02/15,0,0,0,0
2013/02/18,0,0,-607000,-607000
2013/02/19,0,0,-388550,-388550
2013/02/20,0,0,-10000,-10000
2013/02/21,0,0,-12000,-12000
2013/02/22,0,0,-6000,-6000
2013/02/25,0,0,0,0
2013/02/26,0,0,-1000,-1000
2013/02/27,0,0,-30000,-30000
2013/02/28,0,0,0,0
2013/03/01,0,0,-250,-250
2013/03/04,0,0,0,0
2013/03/05,0,0,0,0
2013/03/06,0,0,-15000,-15000
2013/03/07,0,0,0,0
2013/03/08,0,0,-1000,-1000
2013/03/11,0,0,-1000,-1000
2013/03/12,0,0,0,0
2013/03/13,0,0,-1000,-1000
2013/03/14,0,0,-2000,-2000
2013/03/15,0,1000,-1184000,-1183000
2013/03/18,0,19000,-2000,17000
2013/03/19,0,0,0,0
2013/03/20,0,0,0,0
2013/03/21,0,0,0,0
2013/03/22,0,0,-1000,-1000
2013/03/25,0,0,0,0
2013/03/26,0,0,0,0
2013/03/27,0,0,-15000,-15000
2013/03/28,0,0,0,0
2013/03/29,0,0,-7000,-7000
2013/04/01,0,0,-1000,-1000
2013/04/02,0,0,-4000,-4000
2013/04/03,0,0,0,0
2013/04/04,0,0,0,0
2013/04/05,0,0,0,0
2013/04/08,0,0,-1000,-1000
2013/04/09,0,0,-2000,-2000
2013/04/10,0,0,0,0
2013/04/11,0,0,0,0
2013/04/12,0,0,-441000,-441000
2013/04/15,0,0,-1000,-1000
2013/04/16,0,0,-240250,-240250
2013/04/17,0,10000,-171000,-161000
2013/04/18,0,0,0,0
2013/04/19,0,3308,0,3308
2013/04/22,0,0,-565205,-565205
2013/04/23,0,0,-3000,-3000
2013/04/24,0,0,-1000,-1000
2013/04/25,0,0,-24000,-24000
2013/04/26,0,0,-397000,-397000
2013/04/29,0,0,-2000,-2000
2013/04/30,0,0,0,0
2013/05/01,0,0,0,0
2013/05/02,0,0,0,0
2013/05/03,0,0,-4000,-4000
2013/05/06,0,0,-2000,-2000
2013/05/07,0,0,0,0
2013/05/08,0,0,0,0
2013/05/09,0,3000,0,3000
2013/05/10,0,0,-19000,-19000
2013/05/13,0,0,-3000,-3000
2013/05/14,0,1000,0,1000
2013/05/15,0,0,0,0
2013/05/16,0,0,0,0
2013/05/17,0,0,-51000,-51000
2013/05/20,0,0,-3000,-3000
2013/05/21,0,0,-60000,-60000
2013/05/22,0,0,-5000,-5000
2013/05/23,0,0,-1000,-1000
2013/05/24,0,0,-5000,-5000
2013/05/27,0,0,-1000,-1000
2013/05/28,0,0,0,0
2013/05/29,0,0,0,0
2013/05/30,0,0,0,0
2013/05/31,0,3700,0,3700
2013/06/03,0,0,0,0
2013/06/04,0,0,0,0
2013/06/05,0,0,0,0
2013/06/06,0,0,0,0
2013/06/07,0,0,0,0
2013/06/10,0,0,0,0
2013/06/11,0,16000,0,16000
2013/06/12,0,0,0,0
2013/06/13,0,15000,-2000,13000
2013/06/14,0,0,0,0
2013/06/17,0,0,-175000,-175000
2013/06/18,0,0,-1000,-1000
2013/06/19,0,0,0,0
2013/06/20,0,0,-39375,-39375
2013/06/21,0,2000,-15000,-13000
2013/06/24,0,39000,0,39000
2013/06/25,0,0,0,0
2013/06/26,0,0,-2000,-2000
2013/06/27,0,0,-1000,-1000
2013/06/28,0,1000,0,1000
2013/07/01,0,0,-166500,-166500
2013/07/02,0,0,0,0
2013/07/03,0,118000,0,118000
2013/07/04,0,0,-3000,-3000
2013/07/05,0,0,-54000,-54000
2013/07/08,0,0,0,0
2013/07/09,0,0,0,0
2013/07/10,0,0,0,0
2013/07/11,0,0,-3309,-3309
2013/07/12,0,0,-2000,-2000
2013/07/15,0,0,0,0
2013/07/16,0,0,0,0
2013/07/17,0,0,0,0
2013/07/18,0,0,-1000,-1000
2013/07/19,0,0,0,0
2013/07/22,0,0,0,0
2013/07/23,0,0,0,0
2013/07/24,0,1000,0,1000
2013/07/25,0,0,0,0
2013/07/26,0,0,0,0
2013/07/29,0,0,0,0
2013/07/30,0,11000,0,11000
2013/07/31,0,0,-1000,-1000
2013/08/01,0,0,0,0
2013/08/02,0,0,0,0
2013/08/05,0,0,0,0
2013/08/06,0,0,0,0
2013/08/07,0,0,0,0
2013/08/08,0,0,0,0
2013/08/09,0,0,0,0
2013/08/12,0,0,0,0
2013/08/13,0,0,0,0
2013/08/14,0,756000,0,756000
2013/08/15,0,261000,-6000,255000
2013/08/16,0,0,-13000,-13000
2013/08/19,0,1000,0,1000
2013/08/20,0,130500,0,130500
2013/08/21,0,0,0,0
2013/08/22,0,1000,0,1000
2013/08/23,0,382000,0,382000
2013/08/26,0,4000,0,4000
2013/08/27,0,0,0,0
2013/08/28,0,2000,0,2000
2013/08/29,0,0,0,0
2013/08/30,0,2000,0,2000
2013/09/02,0,0,0,0
2013/09/03,0,0,-390,-390
2013/09/04,0,0,0,0
2013/09/05,0,0,-1000,-1000
2013/09/06,0,1000,0,1000
2013/09/09,0,0,0,0
2013/09/10,0,0,0,0
2013/09/11,0,4000,0,4000
2013/09/12,0,0,-13000,-13000
2013/09/13,0,0,-12000,-12000
2013/09/16,0,1000,0,1000
2013/09/17,0,330000,0,330000
2013/09/18,0,2000,-76000,-74000
2013/09/19,0,0,0,0
2013/09/20,0,0,0,0
2013/09/23,0,0,0,0
2013/09/24,0,0,0,0
2013/09/25,0,0,0,0
2013/09/26,0,0,0,0
2013/09/27,0,0,0,0
2013/09/30,0,1000,0,1000
2013/10/01,0,0,0,0
2013/10/02,0,0,-1000,-1000
2013/10/03,0,1000,0,1000
2013/10/04,0,0,0,0
2013/10/07,0,0,0,0
2013/10/08,0,0,0,0
2013/10/09,0,0,0,0
2013/10/10,0,0,0,0
2013/10/11,0,0,-98000,-98000
2013/10/14,0,0,0,0
2013/10/15,0,0,0,0
2013/10/16,0,0,0,0
2013/10/17,0,1000,0,1000
2013/10/18,0,0,-500,-500
2013/10/21,0,0,0,0
2013/10/22,0,0,-4000,-4000
2013/10/23,0,0,0,0
2013/10/24,0,0,0,0
2013/10/25,0,0,0,0
2013/10/28,0,0,-8000,-8000
2013/10/29,0,0,0,0
2013/10/30,0,0,0,0
2013/10/31,0,0,-3500,-3500
2013/11/01,0,0,-650,-650
2013/11/04,0,0,0,0
2013/11/05,0,0,0,0
2013/11/06,0,0,0,0
2013/11/07,0,0,0,0
2013/11/08,0,0,0,0
2013/11/11,0,0,0,0
2013/11/12,0,0,0,0
2013/11/13,0,0,-2000,-2000
2013/11/14,0,0,-19000,-19000
2013/11/15,0,0,0,0
2013/11/18,0,0,-19000,-19000
2013/11/19,0,0,-800000,-800000
2013/11/20,0,0,-279000,-279000
2013/11/21,0,0,-402365,-402365
2013/11/22,0,0,-55125,-55125
2013/11/25,0,844,0,844
2013/11/26,0,0,-300000,-300000
2013/11/27,0,0,-188500,-188500
2013/11/28,0,0,0,0
2013/11/29,0,0,0,0
2013/12/02,0,0,-20,-20
2013/12/03,0,0,0,0
2013/12/04,0,0,0,0
2013/12/05,0,0,0,0
2013/12/06,0,0,0,0
2013/12/09,0,0,0,0
2013/12/10,0,2000,0,2000
2013/12/11,0,0,0,0
2013/12/12,0,0,0,0
2013/12/13,0,1000,0,1000
2013/12/16,0,0,0,0
2013/12/17,0,0,-2000,-2000
2013/12/18,0,0,0,0
2013/12/19,0,0,0,0
2013/12/20,0,10000,0,10000
2013/12/23,0,0,0,0
2013/12/24,0,0,-4000,-4000
2013/12/25,0,0,-3000,-3000
2013/12/26,0,0,0,0
2013/12/27,0,2000,0,2000
2013/12/30,0,0,-6000,-6000
2013/12/31,0,0,-1000,-1000
2014/01/02,0,0,-7000,-7000
2014/01/03,0,0,0,0
2014/01/06,0,0,-2000,-2000
2014/01/07,0,0,0,0
2014/01/08,0,0,0,0
2014/01/09,0,0,0,0
2014/01/10,0,2000,0,2000
2014/01/13,0,0,0,0
2014/01/14,0,1000,0,1000
2014/01/15,0,0,-35000,-35000
2014/01/16,0,0,0,0
2014/01/17,0,0,-1000,-1000
2014/01/20,0,0,0,0
2014/01/21,0,0,-1000,-1000
2014/01/22,0,0,-2000,-2000
2014/01/23,0,0,0,0
2014/01/24,0,0,-1000,-1000
2014/01/27,0,0,-1000,-1000
2014/02/05,0,0,0,0
2014/02/06,0,0,0,0
2014/02/07,0,0,0,0
2014/02/10,0,1000,0,1000
2014/02/11,0,0,0,0
2014/02/12,0,0,0,0
2014/02/13,0,405,-10000,-9595
2014/02/14,0,0,0,0
2014/02/17,0,0,0,0
2014/02/18,0,0,0,0
2014/02/19,0,0,-20000,-20000
2014/02/20,0,0,-19000,-19000
2014/02/21,0,3000,-1000,2000
2014/02/24,0,0,-2000,-2000
2014/02/25,0,0,0,0
2014/02/26,0,0,0,0
2014/02/27,0,0,-1000,-1000
2014/03/03,0,0,0,0
2014/03/04,0,0,0,0
2014/03/05,0,0,0,0
2014/03/06,0,0,-1000,-1000
2014/03/07,0,622000,-1000,621000
2014/03/10,0,850000,-1000,849000
2014/03/11,0,150000,0,150000
2014/03/12,0,100000,-1000,99000
2014/03/13,0,498000,0,498000
2014/03/14,0,4000,-1000,3000
2014/03/17,0,0,0,0
2014/03/18,0,100000,0,100000
2014/03/19,0,0,0,0
2014/03/20,0,0,0,0
2014/03/21,0,0,0,0
2014/03/24,0,0,0,0
2014/03/25,0,0,0,0
2014/03/26,0,0,0,0
2014/03/27,0,0,0,0
2014/03/28,0,210000,-1000,209000
2014/03/31,0,0,0,0
2014/04/01,0,32000,0,32000
2014/04/02,0,0,0,0
2014/04/03,0,0,-14000,-14000
2014/04/07,0,0,-1000,-1000
2014/04/08,0,300000,0,300000
2014/04/09,0,300000,0,300000
2014/04/10,0,461278,0,461278
2014/04/11,0,0,0,0
2014/04/14,0,451000,0,451000
2014/04/15,0,432000,-17000,415000
2014/04/16,0,140000,-1000,139000
2014/04/17,0,150000,-1000,149000
2014/04/18,0,228000,-1000,227000
2014/04/21,0,0,-2000,-2000
2014/04/22,0,388000,-1000,387000
2014/04/23,0,575000,-1000,574000
2014/04/24,0,64000,0,64000
2014/04/25,0,22000,0,22000
2014/04/28,0,21000,0,21000
2014/04/29,0,0,0,0
2014/04/30,0,0,-14000,-14000
2014/05/02,0,0,0,0
2014/05/05,0,2000,0,2000
2014/05/06,0,32000,-300000,-268000
2014/05/07,0,0,-194000,-194000
2014/05/08,0,5000,-106000,-101000
2014/05/09,0,0,-1000,-1000
2014/05/12,0,0,0,0
2014/05/13,0,0,-95000,-95000
2014/05/14,0,0,0,0
2014/05/15,0,0,-250000,-250000
2014/05/16,0,9000,-450000,-441000
2014/05/19,0,0,-159000,-159000
2014/05/20,0,0,0,0
2014/05/21,0,0,0,0
2014/05/22,0,0,-91000,-91000
2014/05/23,0,0,0,0
2014/05/26,0,0,-5000,-5000
2014/05/27,0,0,-211000,-211000
2014/05/28,0,0,-197000,-197000
2014/05/29,0,0,-2000,-2000
2014/05/30,0,0,-1000,-1000
2014/06/03,0,0,-1195000,-1195000
2014/06/04,0,0,0,0
2014/06/05,0,0,-722000,-722000
2014/06/06,0,0,-300000,-300000
2014/06/09,0,0,0,0
2014/06/10,0,0,-2000,-2000
2014/06/11,0,0,-4000,-4000
2014/06/12,0,0,-12000,-12000
2014/06/13,0,0,-3000,-3000
2014/06/16,0,0,0,0
2014/06/17,0,0,0,0
2014/06/18,0,0,0,0
2014/06/19,0,0,-95000,-95000
2014/06/20,0,0,-64000,-64000
2014/06/23,0,0,0,0
2014/06/24,0,0,-109000,-109000
2014/06/25,0,0,-1000,-1000
2014/06/26,0,0,0,0
2014/06/27,0,0,0,0
2014/06/30,0,0,-7000,-7000
2014/07/01,0,0,0,0
2014/07/02,0,0,-297,-297
2014/07/03,0,0,0,0
2014/07/04,0,0,0,0
2014/07/07,0,0,0,0
2014/07/08,0,0,-1000,-1000
2014/07/09,0,0,0,0
2014/07/10,0,0,0,0
2014/07/11,0,0,0,0
2014/07/14,0,0,0,0
2014/07/15,0,0,-7000,-7000
2014/07/16,0,0,0,0
2014/07/17,0,5000,0,5000
2014/07/18,0,0,0,0
2014/07/21,0,0,0,0
2014/07/22,0,4000,0,4000
2014/07/23,0,0,0,0
2014/07/24,0,2000,0,2000
2014/07/25,0,2000,0,2000
2014/07/28,0,0,0,0
2014/07/29,0,1000,0,1000
2014/07/30,0,30000,-5000,25000
2014/07/31,0,8000,0,8000
2014/08/01,0,5000,0,5000
2014/08/04,0,0,0,0
2014/08/05,0,0,0,0
2014/08/06,0,2000,0,2000
2014/08/07,0,11000,0,11000
2014/08/08,0,12000,0,12000
2014/08/11,0,3000,0,3000
2014/08/12,0,6000,0,6000
2014/08/13,0,2000,0,2000
2014/08/14,0,5000,0,5000
2014/08/15,0,2000,-1000,1000
2014/08/18,0,0,0,0
2014/08/19,0,2000,0,2000
2014/08/20,0,1000,0,1000
2014/08/21,0,13000,0,13000
2014/08/22,0,0,0,0
2014/08/25,0,0,0,0
2014/08/26,0,1000,-499000,-498000
2014/08/27,0,0,0,0
2014/08/28,0,82000,0,82000
2014/08/29,0,0,-1000,-1000
2014/09/01,0,0,0,0
2014/09/02,0,944000,0,944000
2014/09/03,0,354000,0,354000
2014/09/04,0,96000,0,96000
2014/09/05,0,505000,0,505000
2014/09/09,0,0,0,0
2014/09/10,0,0,0,0
2014/09/11,0,7000,0,7000
2014/09/12,0,6000,0,6000
2014/09/15,0,1000,0,1000
2014/09/16,0,2000,0,2000
2014/09/17,0,3000,0,3000
2014/09/18,0,0,0,0
2014/09/19,0,150000,-4000,146000
2014/09/22,0,7347,0,7347
2014/09/23,0,7000,0,7000
2014/09/24,0,151000,0,151000
2014/09/25,0,500000,0,500000
2014/09/26,0,145000,0,145000
2014/09/29,0,0,0,0
2014/09/30,0,9000,0,9000
2014/10/01,0,0,0,0
2014/10/02,0,0,-548000,-548000
2014/10/03,0,0,-500000,-500000
2014/10/06,0,2000,0,2000
2014/10/07,0,1000,0,1000
2014/10/08,0,0,0,0
2014/10/09,0,250000,0,250000
2014/10/13,0,300000,0,300000
2014/10/14,0,500,0,500
2014/10/15,0,1000,0,1000
2014/10/16,0,0,0,0
2014/10/17,0,1000,0,1000
2014/10/20,0,0,0,0
2014/10/21,0,1000,0,1000
2014/10/22,0,0,0,0
2014/10/23,0,2000,0,2000
2014/10/24,0,250000,0,250000
2014/10/27,0,0,-500000,-500000
2014/10/28,0,0,-180000,-180000
2014/10/29,0,1000,0,1000
2014/10/30,0,247000,0,247000
2014/10/31,0,3029000,0,3029000
2014/11/03,0,600000,-52000,548000
2014/11/04,0,1240000,-100000,1140000
2014/11/05,0,448000,-100000,348000
2014/11/06,0,230000,-50000,180000
2014/11/07,0,75000,-5000,70000
2014/11/10,0,6000,0,6000
2014/11/11,0,437000,-45500,391500
2014/11/12,0,72000,0,72000
2014/11/13,0,142000,0,142000
2014/11/14,0,523000,0,523000
2014/11/17,0,263000,-455000,-192000
2014/11/18,0,1103000,0,1103000
2014/11/19,0,151000,0,151000
2014/11/20,0,302000,-5000,297000
2014/11/21,0,133000,-16000,117000
2014/11/24,0,11000,-157000,-146000
2014/11/25,0,241000,0,241000
2014/11/26,0,5000,-6450,-1450
2014/11/27,0,345000,-1000,344000
2014/11/28,0,315000,0,315000
2014/12/01,0,100000,0,100000
2014/12/02,0,113000,-30000,83000
2014/12/03,0,40000,-2000,38000
2014/12/04,0,65000,-10000,55000
2014/12/05,0,276000,0,276000
2014/12/08,0,145000,-11000,134000
2014/12/09,0,150000,-138000,12000
2014/12/10,0,0,-289000,-289000
2014/12/11,0,0,-772184,-772184
2014/12/12,0,312000,0,312000
2014/12/15,0,0,-50000,-50000
2014/12/16,0,16000,-650000,-634000
2014/12/17,0,0,0,0
2014/12/18,0,0,-1168000,-1168000
2014/12/19,0,57000,-250000,-193000
2014/12/22,0,8000,0,8000
2014/12/23,0,0,0,0
2014/12/24,0,0,-50000,-50000
2014/12/25,0,0,-60000,-60000
2014/12/26,0,0,-50000,-50000
2014/12/29,0,0,-202000,-202000
2014/12/30,0,0,-101000,-101000
2014/12/31,0,0,0,0
2015/01/01,0,0,0,0
2015/01/02,0,0,0,0
2015/01/05,0,0,0,0
2015/01/06,0,0,0,0
2015/01/07,0,0,-300000,-300000
2015/01/08,0,0,-300000,-300000
2015/01/09,0,0,0,0
2015/01/12,0,0,-180000,-180000
2015/01/13,0,0,-75000,-75000
2015/01/14,0,0,-65000,-65000
2015/01/15,0,0,-446000,-446000
2015/01/16,0,0,0,0
2015/01/19,0,0,-209000,-209000
2015/01/20,0,0,-192000,-192000
2015/01/21,0,0,-160000,-160000
2015/01/22,0,1199000,-6000,1193000
2015/01/23,0,634000,-13000,621000
2015/01/26,0,139000,-13000,126000
2015/01/27,0,281000,0,281000
2015/01/28,0,0,0,0
2015/01/29,0,0,0,0
2015/01/30,0,0,-27000,-27000
2015/02/02,0,0,-20000,-20000
2015/02/03,0,0,-700000,-700000
2015/02/04,0,0,-712000,-712000
2015/02/05,0,0,-479000,-479000
2015/02/06,0,0,-87000,-87000
2015/02/09,0,6000,-684000,-678000
2015/02/10,0,0,-10000,-10000
2015/02/11,0,0,-390400,-390400
2015/02/12,0,0,-648000,-648000
2015/02/13,0,2000,-3000,-1000
2015/02/16,0,0,0,0
2015/02/17,0,0,0,0
2015/02/18,0,0,0,0
2015/02/19,0,0,0,0
2015/02/20,0,0,0,0
2015/02/23,0,0,0,0
2015/02/24,0,0,-160000,-160000
2015/02/25,0,0,-872000,-872000
2015/02/26,0,0,-6000,-6000
2015/02/27,0,0,0,0
2015/03/02,0,0,0,0
2015/03/03,0,0,-641000,-641000
2015/03/04,0,0,-377000,-377000
2015/03/05,0,0,-1000,-1000
2015/03/06,0,117000,-1000,116000
2015/03/09,0,15000,-1000,14000
2015/03/10,0,342000,-30000,312000
2015/03/11,0,0,-1013000,-1013000
2015/03/12,0,0,-724390,-724390
2015/03/13,0,0,-104000,-104000
2015/03/16,0,190000,0,190000
2015/03/17,0,148000,-290000,-142000
2015/03/18,0,0,0,0
2015/03/19,0,500000,-451000,49000
2015/03/20,0,1053000,-175000,878000
2015/03/23,0,400000,-1000,399000
2015/03/24,0,370000,-2000,368000
2015/03/25,0,80000,-1000,79000
2015/03/26,0,124000,0,124000
2015/03/27,0,0,0,0
2015/03/30,0,507000,0,507000
2015/03/31,0,16000,-390000,-374000
2015/04/01,0,0,0,0
2015/04/02,0,325000,0,325000
2015/04/03,0,0,0,0
2015/04/06,0,0,0,0
2015/04/07,0,949000,0,949000
2015/04/08,0,34000,0,34000
2015/04/09,0,0,0,0
2015/04/10,0,0,0,0
2015/04/13,0,18000,0,18000
2015/04/14,0,153000,-651000,-498000
2015/04/15,0,117000,0,117000
2015/04/16,0,239000,0,239000
2015/04/17,0,188000,0,188000
2015/04/20,0,8000,-1000,7000
2015/04/21,0,403000,-420000,-17000
2015/04/22,0,10000,0,10000
2015/04/23,0,0,0,0
2015/04/24,0,0,-1000,-1000
2015/04/27,0,10000,0,10000
2015/04/28,0,10000,-1000,9000
2015/04/29,0,0,-1000,-1000
2015/04/30,0,0,-1000,-1000
2015/05/01,0,0,0,0
2015/05/04,0,5000,0,5000
2015/05/05,0,0,-1000,-1000
2015/05/06,0,99000,0,99000
2015/05/07,0,400000,0,400000
2015/05/08,0,360000,0,360000
2015/05/11,0,675000,0,675000
2015/05/12,0,627000,0,627000
2015/05/13,0,1071000,0,1071000
2015/05/14,0,431000,0,431000
2015/05/15,0,54000,-7000,47000
2015/05/18,0,330000,-24000,306000
2015/05/19,0,2653000,0,2653000
2015/05/20,0,209000,0,209000
2015/05/21,0,160000,0,160000
2015/05/22,0,364000,-20000,344000
2015/05/25,0,3521000,-16000,3505000
2015/05/26,0,1590000,0,1590000
2015/05/27,0,715000,0,715000
2015/05/28,0,1503000,-8000,1495000
2015/05/29,0,203000,-10000,193000
2015/06/01,0,495000,-13000,482000
2015/06/02,0,1685000,-26000,1659000
2015/06/03,0,584000,0,584000
2015/06/04,0,1551000,-624630,926370
2015/06/05,0,955000,-792000,163000
2015/06/08,0,1053000,-12000,1041000
2015/06/09,0,479000,0,479000
2015/06/10,0,522000,-12000,510000
2015/06/11,0,70000,-120000,-50000
2015/06/12,0,535000,-485000,50000
2015/06/15,0,303000,-150000,153000
2015/06/16,0,0,-150000,-150000
2015/06/17,0,802000,-43000,759000
2015/06/18,0,167000,-1000,166000
2015/06/19,0,0,0,0
2015/06/22,0,524000,-4000,520000
2015/06/23,0,546000,0,546000
2015/06/24,0,390000,-9000,381000
2015/06/25,0,453000,-1000,452000
2015/06/26,0,419000,0,419000
2015/06/29,0,81000,-37000,44000
2015/06/30,0,673000,-30000,643000
2015/07/01,0,2015000,0,2015000
2015/07/02,0,334000,-24000,310000
2015/07/03,0,62000,-10000,52000
2015/07/06,0,250000,-20000,230000
2015/07/07,0,19000,0,19000
2015/07/08,0,133000,-40000,93000
2015/07/09,0,607000,-262000,345000
2015/07/10,0,0,0,0
2015/07/13,0,581000,-1405000,-824000
2015/07/14,0,3559000,-20000,3539000
2015/07/15,0,247000,-50000,197000
2015/07/16,0,376000,-24000,352000
2015/07/17,0,0,-30000,-30000
2015/07/20,0,202000,0,202000
2015/07/21,0,612000,0,612000
2015/07/22,0,307000,-19000,288000
2015/07/23,0,282000,-30000,252000
2015/07/24,0,260000,-935000,-675000
2015/07/27,0,203000,-50000,153000
2015/07/28,0,642000,0,642000
2015/07/29,0,391000,-120000,271000
2015/07/30,0,144000,-100000,44000
2015/07/31,0,231000,-175000,56000
2015/08/03,0,293000,-40000,253000
2015/08/04,0,351000,-262000,89000
2015/08/05,0,44000,-1708000,-1664000
2015/08/06,0,251000,-295000,-44000
2015/08/07,0,206000,0,206000
2015/08/10,0,404000,-11000,393000
2015/08/11,0,437000,0,437000
2015/08/12,0,102000,-47000,55000
2015/08/13,0,941000,-53000,888000
2015/08/14,0,399000,0,399000
2015/08/17,0,150000,0,150000
2015/08/18,0,47000,-196000,-149000
2015/08/19,0,150000,0,150000
2015/08/20,0,1000,-360000,-359000
2015/08/21,0,177000,-1177000,-1000000
2015/08/24,0,0,-1528000,-1528000
2015/08/25,0,532,-180000,-179468
2015/08/26,0,434000,-15000,419000
2015/08/27,0,200000,-276000,-76000
2015/08/28,0,0,-52000,-52000
2015/08/31,0,1000,-25000,-24000
2015/09/01,0,44000,-139000,-95000
2015/09/02,0,46000,-17000,29000
2015/09/03,0,62000,-668000,-606000
2015/09/04,0,1000,-1106000,-1105000
2015/09/07,0,7000,-1599000,-1592000
2015/09/08,0,3000,-54000,-51000
2015/09/09,0,62000,-223000,-161000
2015/09/10,0,0,-1047000,-1047000
2015/09/11,0,4000,-384000,-380000
2015/09/14,0,1000,-932000,-931000
2015/09/15,0,2000,-80000,-78000
2015/09/16,0,0,-59000,-59000
2015/09/17,0,0,-18000,-18000
2015/09/18,0,41000,-52000,-11000
2015/09/21,0,16000,-548000,-532000
2015/09/22,0,1134,-900000,-898866
2015/09/23,0,0,-165000,-165000
2015/09/24,0,0,-233000,-233000
2015/09/25,0,0,-128000,-128000
2015/09/28,0,0,0,0
2015/09/29,0,0,0,0
2015/09/30,0,0,0,0
2015/10/01,0,827000,-296000,531000
2015/10/02,0,13000,-613000,-600000
2015/10/05,0,2000,-691000,-689000
2015/10/06,0,860000,-354000,506000
2015/10/07,0,457000,-125000,332000
2015/10/08,0,0,0,0
2015/10/09,0,0,0,0
2015/10/12,0,45000,-593000,-548000
2015/10/13,0,10000,-936000,-926000
2015/10/14,0,0,-1342000,-1342000
2015/10/15,0,0,-1413000,-1413000
2015/10/16,0,2000,-608000,-606000
2015/10/19,0,6000,-2122240,-2116240
2015/10/20,0,8000,-3462400,-3454400
2015/10/21,0,0,-555460,-555460
2015/10/22,0,10000,-338610,-328610
2015/10/23,0,0,-234840,-234840
2015/10/26,0,0,-609200,-609200
2015/10/27,0,0,-1223490,-1223490
2015/10/28,0,0,-396270,-396270
2015/10/29,0,0,-2102000,-2102000
2015/10/30,0,0,-777910,-777910
2015/11/02,0,0,-178000,-178000
2015/11/03,0,2000,-478140,-476140
2015/11/04,0,18000,-239300,-221300
2015/11/05,0,0,-100000,-100000
2015/11/06,0,0,-634660,-634660
2015/11/09,0,8000,-360000,-352000
2015/11/10,0,0,-200200,-200200
2015/11/11,0,0,-1271000,-1271000
2015/11/12,0,0,-187270,-187270
2015/11/13,0,0,-117900,-117900
2015/11/16,0,0,-690000,-690000
2015/11/17,0,0,-50000,-50000
2015/11/18,0,0,-640290,-640290
2015/11/19,0,0,-984400,-984400
2015/11/20,0,81000,0,81000
2015/11/23,0,45000,-120000,-75000
2015/11/24,0,0,0,0
2015/11/25,0,0,-626200,-626200
2015/11/26,0,0,0,0
2015/11/27,0,0,0,0
2015/11/30,0,0,0,0
2015/12/01,0,0,-500000,-500000
2015/12/02,0,360000,-630000,-270000
2015/12/03,0,0,-700000,-700000
2015/12/04,0,0,-1220450,-1220450
2015/12/07,0,0,-215460,-215460
2015/12/08,0,0,0,0
2015/12/09,0,0,0,0
2015/12/10,0,0,-6000,-6000
2015/12/11,0,0,0,0
2015/12/14,0,90117,0,90117
2015/12/15,0,0,-335080,-335080
2015/12/16,0,0,-313000,-313000
2015/12/17,0,0,-59010,-59010
2015/12/18,0,0,-50000,-50000
2015/12/21,0,0,0,0
2015/12/22,0,0,0,0
2015/12/23,0,0,0,0
2015/12/24,0,0,0,0
2015/12/25,0,0,-65000,-65000
2015/12/28,0,0,-55000,-55000
2015/12/29,0,0,-125190,-125190
2015/12/30,0,0,0,0
2015/12/31,0,0,0,0
2016/01/01,0,0,0,0
2016/01/04,0,0,-131370,-131370
2016/01/05,0,0,-1000,-1000
2016/01/06,0,30000,-369900,-339900
2016/01/07,0,0,-419000,-419000
2016/01/08,0,0,-170000,-170000
2016/01/11,0,0,-170700,-170700
2016/01/12,0,0,0,0
2016/01/13,0,0,0,0
2016/01/14,0,0,-40000,-40000
2016/01/15,0,0,-54500,-54500
2016/01/18,0,0,0,0
2016/01/19,0,50000,-2000,48000
2016/01/20,0,0,-3000,-3000
2016/01/21,0,0,0,0
2016/01/22,0,0,0,0
2016/01/25,0,0,-1000,-1000
2016/01/26,0,20000,0,20000
2016/01/27,0,0,0,0
2016/01/28,0,0,0,0
2016/01/29,0,0,0,0
2016/02/01,0,0,0,0
2016/02/02,0,0,0,0
2016/02/03,0,0,0,0
2016/02/04,0,0,0,0
2016/02/05,0,0,0,0
2016/02/08,0,0,0,0
2016/02/09,0,0,0,0
2016/02/10,0,0,0,0
2016/02/11,0,0,0,0
2016/02/12,0,0,0,0
2016/02/15,0,455,0,455
2016/02/16,0,0,0,0
2016/02/17,0,0,0,0
2016/02/18,0,0,0,0
2016/02/19,0,2000,0,2000
2016/02/22,0,0,0,0
2016/02/23,0,0,-182960,-182960
2016/02/24,0,0,0,0
2016/02/25,0,0,0,0
2016/02/26,0,0,0,0
2016/02/29,0,0,0,0
2016/03/01,0,0,0,0
2016/03/02,0,0,-1100,-1100
2016/03/03,0,0,0,0
2016/03/04,0,0,0,0
2016/03/07,0,0,0,0
2016/03/08,0,0,-2000,-2000
2016/03/09,0,0,-6000,-6000
2016/03/10,0,0,0,0
2016/03/11,0,0,0,0
2016/03/14,0,0,0,0
2016/03/15,0,100000,-1000,99000
2016/03/16,0,0,-12700,-12700
2016/03/17,0,0,0,0
2016/03/18,0,10000,0,10000
2016/03/21,0,0,0,0
2016/03/22,0,0,0,0
2016/03/23,0,0,-18000,-18000
2016/03/24,0,0,0,0
2016/03/25,0,0,0,0
2016/03/28,0,0,0,0
2016/03/29,0,0,0,0
2016/03/30,0,0,0,0
2016/03/31,0,0,0,0
2016/04/01,0,0,-40000,-40000
2016/04/04,0,0,0,0
2016/04/05,0,0,0,0
2016/04/06,0,0,0,0
2016/04/07,0,0,0,0
2016/04/08,0,0,0,0
2016/04/11,0,0,0,0
2016/04/12,0,0,-3000,-3000
2016/04/13,0,0,-10000,-10000
2016/04/14,0,0,0,0
2016/04/15,0,135000,0,135000
2016/04/18,0,0,0,0
2016/04/19,0,0,0,0
2016/04/20,0,0,0,0
2016/04/21,0,0,0,0
2016/04/22,0,0,0,0
2016/04/25,0,0,0,0
2016/04/26,0,0,0,0
2016/04/27,0,0,0,0
2016/04/28,0,0,-60000,-60000
2016/04/29,0,0,-550000,-550000
2016/05/02,0,0,0,0
2016/05/03,0,0,0,0
2016/05/04,0,0,0,0
2016/05/05,0,0,-45000,-45000
2016/05/06,0,0,0,0
2016/05/09,0,0,0,0
2016/05/10,0,0,-883,-883
2016/05/11,0,0,0,0
2016/05/12,0,0,0,0
2016/05/13,0,0,0,0
2016/05/16,0,0,0,0
2016/05/17,0,0,0,0
2016/05/18,0,25000,0,25000
2016/05/19,0,0,0,0
2016/05/20,0,15000,-1000,14000
2016/05/23,0,107000,0,107000
2016/05/24,0,0,0,0
2016/05/25,0,0,0,0
2016/05/26,0,543000,-1000,542000
2016/05/27,0,0,0,0
2016/05/30,0,5000,0,5000
2016/05/31,0,0,0,0
2016/06/01,0,0,0,0
2016/06/02,0,0,0,0
2016/06/03,0,0,0,0
2016/06/06,0,0,-26000,-26000
2016/06/07,0,0,0,0
2016/06/08,0,63000,0,63000
2016/06/09,0,0,0,0
2016/06/10,0,0,0,0
2016/06/13,0,0,0,0
2016/06/14,0,0,0,0
2016/06/15,0,100000,0,100000
2016/06/16,0,0,-4000,-4000
2016/06/17,0,0,-13000,-13000
2016/06/20,0,0,-2000,-2000
2016/06/21,0,45000,0,45000
2016/06/22,0,0,0,0
2016/06/23,0,360000,-100000,260000
2016/06/24,0,520000,-4000,516000
2016/06/27,0,487000,0,487000
2016/06/28,0,0,0,0
2016/06/29,0,0,0,0
2016/06/30,0,85000,0,85000
2016/07/01,0,90000,0,90000
2016/07/04,0,0,0,0
2016/07/05,0,0,-10000,-10000
2016/07/06,0,0,-10000,-10000
2016/07/07,0,0,0,0
2016/07/08,0,0,0,0
2016/07/11,0,0,0,0
2016/07/12,0,735000,0,735000
2016/07/13,0,20000,0,20000
2016/07/14,0,0,-1000,-1000
2016/07/15,0,132000,-100000,32000
2016/07/18,0,70000,0,70000
2016/07/19,0,22000,-900000,-878000
2016/07/20,0,10000,-606000,-596000
2016/07/21,0,0,-7000,-7000
2016/07/22,0,16000,-8000,8000
2016/07/25,0,44000,-400000,-356000
2016/07/26,0,15000,-128000,-113000
2016/07/27,0,0,-287000,-287000
2016/07/28,0,5000,-37000,-32000
2016/07/29,0,1349,-6000,-4651
2016/08/01,0,0,0,0
2016/08/02,0,0,-1000,-1000
2016/08/03,0,3000,-3000,0
2016/08/04,0,6000,0,6000
2016/08/05,0,0,-177000,-177000
2016/08/08,0,0,-2000,-2000
2016/08/09,0,0,-1000,-1000
2016/08/10,0,0,0,0
2016/08/11,0,1000,-1000,0
2016/08/12,0,0,-2000,-2000
2016/08/15,0,189000,0,189000
2016/08/16,0,0,-4000,-4000
2016/08/17,0,0,0,0
2016/08/18,0,126000,-1000,125000
2016/08/19,0,53000,-33000,20000
2016/08/22,0,0,0,0
2016/08/23,0,0,0,0
2016/08/24,0,292000,-3000,289000
2016/08/25,0,202000,0,202000
2016/08/26,0,407000,0,407000
2016/08/29,0,0,0,0
2016/08/30,0,367000,0,367000
2016/08/31,0,0,-5000,-5000
2016/09/01,0,87000,0,87000
2016/09/02,0,91000,0,91000
2016/09/05,0,0,0,0
2016/09/06,0,188000,0,188000
2016/09/07,0,105000,0,105000
2016/09/08,0,100000,0,100000
2016/09/09,0,0,-34000,-34000
2016/09/12,0,95000,0,95000
2016/09/13,0,0,-308030,-308030
2016/09/14,0,529000,0,529000
2016/09/15,0,0,0,0
2016/09/16,0,0,0,0
2016/09/19,0,1107000,0,1107000
2016/09/20,0,214000,0,214000
2016/09/21,0,0,-60000,-60000
2016/09/22,0,1017000,-10000,1007000
2016/09/23,0,251000,0,251000
2016/09/26,0,0,-59000,-59000
2016/09/27,0,0,0,0
2016/09/28,0,0,0,0
2016/09/29,0,202000,0,202000
2016/09/30,0,699000,-213,698787
2016/10/03,0,0,0,0
2016/10/04,0,0,0,0
2016/10/05,0,225000,0,225000
2016/10/06,0,218000,-30000,188000
2016/10/07,0,0,-16000,-16000
2016/10/10,0,0,0,0
2016/10/11,0,552544,0,552544
2016/10/12,0,0,0,0
2016/10/13,0,200000,0,200000
2016/10/14,0,0,0,0
2016/10/17,0,0,0,0
2016/10/18,0,0,0,0
2016/10/19,0,20000,0,20000
2016/10/20,0,357000,-20000,337000
2016/10/21,0,1321000,-23000,1298000
2016/10/24,0,486000,-50000,436000
2016/10/25,0,0,0,0
2016/10/26,0,0,0,0
2016/10/27,0,0,0,0
2016/10/28,0,16000,-40000,-24000
2016/10/31,0,0,0,0
2016/11/01,0,0,0,0
2016/11/02,0,21,-276000,-275979
2016/11/03,0,0,0,0
2016/11/04,0,21000,-70000,-49000
2016/11/07,0,0,-27000,-27000
2016/11/08,0,0,-202000,-202000
2016/11/09,0,0,-81000,-81000
2016/11/10,0,0,-190000,-190000
2016/11/11,0,0,-1143000,-1143000
2016/11/14,0,0,-378000,-378000
2016/11/15,0,0,-86000,-86000
2016/11/16,0,0,-18600,-18600
2016/11/17,0,0,-315000,-315000
2016/11/18,0,0,-63000,-63000
2016/11/21,0,0,0,0
2016/11/22,0,0,-100000,-100000
2016/11/23,0,0,-101000,-101000
2016/11/24,0,0,0,0
2016/11/25,0,0,-897650,-897650
2016/11/28,0,0,-1433090,-1433090
2016/11/29,0,0,-40340,-40340
2016/11/30,0,0,-436000,-436000
2016/12/01,0,0,-50000,-50000
2016/12/02,0,0,-537950,-537950
2016/12/05,0,0,0,0
2016/12/06,0,0,0,0
2016/12/07,0,0,0,0
2016/12/08,0,0,0,0
2016/12/09,0,0,0,0
2016/12/12,0,0,0,0
2016/12/13,0,300000,0,300000
2016/12/14,0,500000,-11800,488200
2016/12/15,0,100000,0,100000
2016/12/16,0,186000,0,186000
2016/12/19,0,0,-36000,-36000
2016/12/20,0,0,-387000,-387000
2016/12/21,0,0,-28000,-28000
2016/12/22,0,0,0,0
2016/12/23,0,0,0,0
2016/12/26,0,0,-5000,-5000
2016/12/27,0,0,0,0
2016/12/28,0,84000,0,84000
2016/12/29,0,0,0,0
2016/12/30,0,120000,0,120000
2017/01/02,0,0,0,0
2017/01/03,0,20000,0,20000
2017/01/04,0,0,0,0
2017/01/05,0,0,-173000,-173000
2017/01/06,0,0,-52000,-52000
2017/01/09,0,0,-30000,-30000
2017/01/10,0,0,0,0
2017/01/11,0,0,-445000,-445000
2017/01/12,0,0,-403000,-403000
2017/01/13,0,0,0,0
2017/01/16,0,0,-203000,-203000
2017/01/17,0,0,0,0
2017/01/18,0,0,0,0
2017/01/19,0,12000,0,12000
2017/01/20,0,13000,-1000,12000
2017/01/23,0,8389,-95600,-87211
2017/01/24,0,36000,0,36000
2017/01/25,0,0,0,0
2017/01/26,0,0,0,0
2017/01/27,0,0,0,0
2017/01/30,0,0,0,0
2017/01/31,0,0,0,0
2017/02/01,0,0,0,0
2017/02/02,0,14000,0,14000
2017/02/03,0,8000,0,8000
2017/02/06,0,12000,0,12000
2017/02/07,0,65000,-29000,36000
2017/02/08,0,0,0,0
2017/02/09,0,346000,0,346000
2017/02/10,0,132000,0,132000
2017/02/13,0,511000,0,511000
2017/02/14,0,500000,0,500000
2017/02/15,0,424000,0,424000
2017/02/16,0,417000,-13000,404000
2017/02/17,0,116000,-12000,104000
2017/02/20,0,0,-12000,-12000
2017/02/21,0,208000,-32000,176000
2017/02/22,0,130000,0,130000
2017/02/23,0,1000,-121000,-120000
2017/02/24,0,132000,-37000,95000
2017/02/27,0,0,0,0
2017/02/28,0,0,0,0
2017/03/01,0,528000,0,528000
2017/03/02,0,50000,-444500,-394500
2017/03/03,0,0,-17000,-17000
2017/03/06,0,22000,0,22000
2017/03/07,0,135000,0,135000
2017/03/08,0,82000,0,82000
2017/03/09,0,0,0,0
2017/03/10,0,24000,0,24000
2017/03/13,0,0,0,0
2017/03/14,0,32000,-4000,28000
2017/03/15,0,171000,0,171000
2017/03/16,0,189000,0,189000
2017/03/17,0,2000,0,2000
2017/03/20,0,98000,-192000,-94000
2017/03/21,0,220000,-2000,218000
2017/03/22,0,15000,0,15000
2017/03/23,0,215000,-151400,63600
2017/03/24,0,80000,0,80000
2017/03/27,0,1000,0,1000
2017/03/28,0,0,0,0
2017/03/29,0,55977,0,55977
2017/03/30,0,2012,0,2012
2017/03/31,0,4304,0,4304
2017/04/03,0,0,0,0
2017/04/04,0,0,0,0
2017/04/05,0,1434,-303640,-302206
2017/04/06,0,30000,-162000,-132000
2017/04/07,0,1000,-201500,-200500
2017/04/10,0,51000,-25000,26000
2017/04/11,0,0,0,0
2017/04/12,0,0,-67090,-67090
2017/04/13,0,20000,0,20000
2017/04/14,0,0,-3000,-3000
2017/04/17,0,0,0,0
2017/04/18,0,1000,0,1000
2017/04/19,0,1434,-193000,-191566
2017/04/20,0,50000,0,50000
2017/04/21,0,0,0,0
2017/04/24,0,0,-19000,-19000
2017/04/25,0,88000,-109088,-21088
2017/04/26,0,0,-125000,-125000
2017/04/27,0,59000,-79000,-20000
2017/04/28,0,0,-22000,-22000
2017/05/01,0,0,0,0
2017/05/02,0,331000,0,331000
2017/05/03,0,0,0,0
2017/05/04,0,40652,-12000,28652
2017/05/05,0,19518,0,19518
2017/05/08,0,30000,0,30000
2017/05/09,0,105000,0,105000
2017/05/10,0,0,0,0
2017/05/11,0,0,-40000,-40000
2017/05/12,0,0,-193000,-193000
2017/05/15,0,55000,0,55000
2017/05/16,0,234000,0,234000
2017/05/17,0,0,-53000,-53000
2017/05/18,0,0,-5000,-5000
2017/05/19,0,8000,-372000,-364000
2017/05/22,0,0,-1000,-1000
2017/05/23,0,100000,-165000,-65000
2017/05/24,0,0,-201000,-201000
2017/05/25,0,0,-345000,-345000
2017/05/26,0,0,-163000,-163000
2017/05/29,0,0,0,0
2017/05/30,0,0,0,0
2017/05/31,0,0,-257000,-257000
2017/06/01,0,0,-125000,-125000
2017/06/02,0,38000,-55000,-17000
2017/06/05,0,0,-180000,-180000
2017/06/06,0,0,-26000,-26000
2017/06/07,0,0,-2000,-2000
2017/06/08,0,0,0,0
2017/06/09,0,0,-2000,-2000
2017/06/12,0,0,0,0
2017/06/13,0,0,0,0
2017/06/14,0,0,-1000,-1000
2017/06/15,0,0,-66000,-66000
2017/06/16,0,218000,0,218000
2017/06/19,0,338000,-3000,335000
2017/06/20,0,0,-5606,-5606
2017/06/21,0,0,0,0
2017/06/22,0,44000,0,44000
2017/06/23,0,0,-91000,-91000
2017/06/26,0,22000,-117000,-95000
2017/06/27,0,23000,-47000,-24000
2017/06/28,0,0,-24594,-24594
2017/06/29,0,300000,-125650,174350
2017/06/30,0,3000,-589000,-586000
2017/07/03,0,0,-518000,-518000
2017/07/04,0,0,-577000,-577000
2017/07/05,0,0,0,0
2017/07/06,0,0,0,0
2017/07/07,0,0,0,0
2017/07/10,0,0,-2000,-2000
2017/07/11,0,380000,-22000,358000
2017/07/12,0,60000,-4627,55373
2017/07/13,0,196000,-17000,179000
2017/07/14,0,60000,-2000,58000
2017/07/17,0,48,-30000,-29952
2017/07/18,0,29000,0,29000
2017/07/19,0,50000,-75000,-25000
2017/07/20,0,49000,0,49000
2017/07/21,0,10000,0,10000
2017/07/24,0,0,0,0
2017/07/25,0,1000,0,1000
2017/07/26,0,1000,-77000,-76000
2017/07/27,0,197000,0,197000
2017/07/28,0,108000,-19000,89000
2017/07/31,0,2000,-1000,1000
2017/08/01,0,36000,-32000,4000
2017/08/02,0,329000,-199000,130000
2017/08/03,0,63000,0,63000
2017/08/04,0,82000,-1000,81000
2017/08/07,0,713000,0,713000
2017/08/08,0,505000,-1000,504000
2017/08/09,0,1046000,-1000,1045000
2017/08/10,0,233000,0,233000
2017/08/11,0,65000,-2000,63000
2017/08/14,0,0,-1000,-1000
2017/08/15,0,184000,-401000,-217000
2017/08/16,0,71000,0,71000
2017/08/17,0,200000,0,200000
2017/08/18,0,0,0,0
