Date,Open,Buy,Sell,Total
2007/04/23,0,97000,-41000,56000
2007/04/24,0,29000,-32000,-3000
2007/04/25,0,119000,-190000,-71000
2007/04/26,0,22000,-22000,0
2007/04/27,0,0,-49000,-49000
2007/04/30,0,27000,-159000,-132000
2007/05/01,0,0,0,0
2007/05/02,0,56000,-65000,-9000
2007/05/03,0,9000,-60386,-51386
2007/05/04,0,235000,-25425,209575
2007/05/07,0,118000,-18000,100000
2007/05/08,0,257000,-16000,241000
2007/05/09,0,60000,-39000,21000
2007/05/10,0,29000,-12000,17000
2007/05/11,0,170000,-29000,141000
2007/05/14,0,0,-27000,-27000
2007/05/15,0,118000,-54000,64000
2007/05/16,0,30000,-85000,-55000
2007/05/17,0,50000,-87000,-37000
2007/05/18,0,40000,-16000,24000
2007/05/21,0,112000,-11000,101000
2007/05/22,0,289000,-47056,241944
2007/05/23,0,91000,-12000,79000
2007/05/24,0,281000,-70000,211000
2007/05/25,0,127000,-13000,114000
2007/05/28,0,56000,-47000,9000
2007/05/29,0,321000,-31000,290000
2007/05/30,0,261000,-43000,218000
2007/05/31,0,677000,-329000,348000
2007/06/01,0,132000,-252000,-120000
2007/06/04,0,133000,-109000,24000
2007/06/05,0,937000,-397344,539656
2007/06/06,0,337000,-851000,-514000
2007/06/07,0,74000,-94000,-20000
2007/06/08,0,17000,-74000,-57000
2007/06/11,0,174000,-283000,-109000
2007/06/12,0,11000,-131000,-120000
2007/06/13,0,224000,-546000,-322000
2007/06/14,0,96000,-385000,-289000
2007/06/15,0,182000,-82000,100000
2007/06/18,0,0,0,0
2007/06/19,0,0,0,0
2007/06/20,0,32000,-394000,-362000
2007/06/21,0,70000,-319000,-249000
2007/06/22,0,54000,-101000,-47000
2007/06/25,0,212000,-31000,181000
2007/06/26,0,62000,-154000,-92000
2007/06/27,0,20000,-103000,-83000
2007/06/28,0,68000,-108000,-40000
2007/06/29,0,16000,-402000,-386000
2007/07/02,0,67000,-61000,6000
2007/07/03,0,297000,-68000,229000
2007/07/04,0,87000,-12000,75000
2007/07/05,0,33000,-317000,-284000
2007/07/06,0,17000,-106000,-89000
2007/07/09,0,110000,-46000,64000
2007/07/10,0,18000,-37000,-19000
2007/07/11,0,51000,-113116,-62116
2007/07/12,0,6000,-78000,-72000
2007/07/13,0,13000,-49114,-36114
2007/07/16,0,6000,-177947,-171947
2007/07/17,0,86000,-111000,-25000
2007/07/18,0,101000,-68000,33000
2007/07/19,0,13000,-185176,-172176
2007/07/20,0,49000,-206000,-157000
2007/07/23,0,80000,-68000,12000
2007/07/24,0,28000,-87000,-59000
2007/07/25,0,26000,-216000,-190000
2007/07/26,0,38000,-127000,-89000
2007/07/27,0,52000,-139000,-87000
2007/07/30,0,34000,-82000,-48000
2007/07/31,0,72000,-58000,14000
2007/08/01,0,25000,-60000,-35000
2007/08/02,0,184000,-98278,85722
2007/08/03,0,49000,-73000,-24000
2007/08/06,0,15000,-67000,-52000
2007/08/07,0,94000,-35000,59000
2007/08/08,0,79000,-94000,-15000
2007/08/09,0,126000,-102836,23164
2007/08/10,0,57000,-116000,-59000
2007/08/13,0,52000,-20000,32000
2007/08/14,0,37000,-175000,-138000
2007/08/15,0,51000,-78000,-27000
2007/08/16,0,208000,-46000,162000
2007/08/17,0,52000,-188000,-136000
2007/08/20,0,228000,-7000,221000
2007/08/21,0,444000,-40000,404000
2007/08/22,0,33000,-24000,9000
2007/08/23,0,96000,-135000,-39000
2007/08/24,0,38000,-40000,-2000
2007/08/27,0,88000,-113000,-25000
2007/08/28,0,0,-236000,-236000
2007/08/29,0,126000,-128000,-2000
2007/08/30,0,39000,-51000,-12000
2007/08/31,0,93000,-139000,-46000
2007/09/03,0,110000,-141000,-31000
2007/09/04,0,70000,-49000,21000
2007/09/05,0,27000,-50000,-23000
2007/09/06,0,50000,-39000,11000
2007/09/07,0,281000,-45000,236000
2007/09/10,0,234000,-76000,158000
2007/09/11,0,101000,-73000,28000
2007/09/12,0,74000,-297000,-223000
2007/09/13,0,0,-57000,-57000
2007/09/14,0,35000,-26000,9000
2007/09/17,0,93000,-31000,62000
2007/09/18,0,0,0,0
2007/09/19,0,49000,-67000,-18000
2007/09/20,0,183000,-86000,97000
2007/09/21,0,60000,-28000,32000
2007/09/24,0,0,0,0
2007/09/25,0,0,0,0
2007/09/26,0,163000,-291000,-128000
2007/09/27,0,38000,-52000,-14000
2007/09/28,0,76000,-195000,-119000
2007/10/01,0,28000,-85000,-57000
2007/10/02,0,125000,-207000,-82000
2007/10/03,0,86500,-39000,47500
2007/10/04,0,69000,-49000,20000
2007/10/05,0,41500,-166000,-124500
2007/10/08,0,37000,-331000,-294000
2007/10/09,0,3000,-67450,-64450
2007/10/10,0,0,0,0
2007/10/11,0,112000,-99000,13000
2007/10/12,0,25000,-82000,-57000
2007/10/15,0,62000,-49043,12957
2007/10/16,0,69000,-22000,47000
2007/10/17,0,32000,-147000,-115000
2007/10/18,0,100000,-44000,56000
2007/10/19,0,56000,-17000,39000
2007/10/22,0,26000,-90000,-64000
2007/10/23,0,30000,-12000,18000
2007/10/24,0,42000,-202000,-160000
2007/10/25,0,114000,-40000,74000
2007/10/26,0,21000,-43000,-22000
2007/10/29,0,259000,-40000,219000
2007/10/30,0,12000,-297000,-285000
2007/10/31,0,311000,-114000,197000
2007/11/01,0,54000,-232000,-178000
2007/11/02,0,44000,-374000,-330000
2007/11/05,0,31000,-161000,-130000
2007/11/06,0,8000,-50000,-42000
2007/11/07,0,17000,-31000,-14000
2007/11/08,0,50000,-90000,-40000
2007/11/09,0,105000,-73000,32000
2007/11/12,0,44000,-31000,13000
2007/11/13,0,57000,-80000,-23000
2007/11/14,0,18000,-34000,-16000
2007/11/15,0,5000,-6000,-1000
2007/11/16,0,6000,-14000,-8000
2007/11/19,0,39000,-8000,31000
2007/11/20,0,81000,-68000,13000
2007/11/21,0,122000,-60627,61373
2007/11/22,0,182000,-54000,128000
2007/11/23,0,183000,-21150,161850
2007/11/26,0,79000,-64000,15000
2007/11/27,0,133000,-26000,107000
2007/11/28,0,150000,-87000,63000
2007/11/29,0,61000,-74000,-13000
2007/11/30,0,214000,-25000,189000
2007/12/03,0,25000,-20000,5000
2007/12/04,0,98000,-128000,-30000
2007/12/05,0,116000,-40000,76000
2007/12/06,0,167000,-72000,95000
2007/12/07,0,16000,-405000,-389000
2007/12/10,0,62000,-174000,-112000
2007/12/11,0,68000,-86000,-18000
2007/12/12,0,121000,-117000,4000
2007/12/13,0,72000,-113000,-41000
2007/12/14,0,180000,-124000,56000
2007/12/17,0,111000,-162000,-51000
2007/12/18,0,209000,-59000,150000
2007/12/19,0,129000,-131000,-2000
2007/12/20,0,25000,-135000,-110000
2007/12/21,0,55000,-151000,-96000
2007/12/24,0,116000,-100000,16000
2007/12/25,0,22501,-52000,-29499
2007/12/26,0,20000,-42000,-22000
2007/12/27,0,67000,-251000,-184000
2007/12/28,0,40000,-77000,-37000
2007/12/31,0,7000,-11000,-4000
2008/01/01,0,0,0,0
2008/01/02,0,10000,-17000,-7000
2008/01/03,0,43000,-31000,12000
2008/01/04,0,57000,-14000,43000
2008/01/07,0,42000,-2000,40000
2008/01/08,0,49000,-136000,-87000
2008/01/09,0,148000,-27000,121000
2008/01/10,0,163000,-12000,151000
2008/01/11,0,79000,0,79000
2008/01/14,0,43000,-1000,42000
2008/01/15,0,111000,-136000,-25000
2008/01/16,0,48000,-201000,-153000
2008/01/17,0,80000,-178000,-98000
2008/01/18,0,171000,-45000,126000
2008/01/21,0,8000,-5000,3000
2008/01/22,0,22000,-4000,18000
2008/01/23,0,29000,-98000,-69000
2008/01/24,0,41000,-119000,-78000
2008/01/25,0,24000,-48410,-24410
2008/01/28,0,8000,-60000,-52000
2008/01/29,0,58000,-8750,49250
2008/01/30,0,23000,-31000,-8000
2008/01/31,0,168000,-3450,164550
2008/02/01,0,102000,-67000,35000
2008/02/04,0,0,0,0
2008/02/05,0,0,0,0
2008/02/06,0,0,0,0
2008/02/07,0,0,0,0
2008/02/08,0,0,0,0
2008/02/11,0,0,0,0
2008/02/12,0,353000,-189000,164000
2008/02/13,0,189000,-22000,167000
2008/02/14,0,261000,-165000,96000
2008/02/15,0,337000,-89947,247053
2008/02/18,0,54000,-368128,-314128
2008/02/19,0,111000,-173000,-62000
2008/02/20,0,52000,-100000,-48000
2008/02/21,0,227000,-24000,203000
2008/02/22,0,496000,-154000,342000
2008/02/25,0,95000,-97350,-2350
2008/02/26,0,58000,-100000,-42000
2008/02/27,0,109000,-362740,-253740
2008/02/28,0,0,0,0
2008/02/29,0,84000,-29000,55000
2008/03/03,0,88000,-650,87350
2008/03/04,0,68000,-312655,-244655
2008/03/05,0,20000,-3000,17000
2008/03/06,0,153000,-39610,113390
2008/03/07,0,140000,-37000,103000
2008/03/10,0,60000,-105000,-45000
2008/03/11,0,37000,-63000,-26000
2008/03/12,0,141000,-61440,79560
2008/03/13,0,109000,-107000,2000
2008/03/14,0,142000,-304000,-162000
2008/03/17,0,171000,-15000,156000
2008/03/18,0,65000,-62000,3000
2008/03/19,0,71000,-233000,-162000
2008/03/20,0,325000,-12000,313000
2008/03/21,0,74000,-7000,67000
2008/03/24,0,65000,-265000,-200000
2008/03/25,0,28000,-30000,-2000
2008/03/26,0,134000,-18000,116000
2008/03/27,0,90000,-221000,-131000
2008/03/28,0,172000,-7878,164122
2008/03/31,0,147000,-38233,108767
2008/04/01,0,92000,-165000,-73000
2008/04/02,0,472000,-17000,455000
2008/04/03,0,464000,-184000,280000
2008/04/04,0,0,0,0
2008/04/07,0,232000,-121000,111000
2008/04/08,0,193000,-188000,5000
2008/04/09,0,467000,-166000,301000
2008/04/10,0,442000,-214000,228000
2008/04/11,0,541000,-344000,197000
2008/04/14,0,113000,-158827,-45827
2008/04/15,0,305000,-183000,122000
2008/04/16,0,202000,-785000,-583000
2008/04/17,0,305000,-264000,41000
2008/04/18,0,257000,-35000,222000
2008/04/21,0,202000,-260000,-58000
2008/04/22,0,207000,-75000,132000
2008/04/23,0,197000,-265000,-68000
2008/04/24,0,133000,-49000,84000
2008/04/25,0,167000,-22000,145000
2008/04/28,0,65000,-545000,-480000
2008/04/29,0,278000,-22000,256000
2008/04/30,0,103000,-173000,-70000
2008/05/01,0,0,0,0
2008/05/02,0,194000,-267000,-73000
2008/05/05,0,123000,-423000,-300000
2008/05/06,0,86000,-360000,-274000
2008/05/07,0,70000,-103000,-33000
2008/05/08,0,18000,-26000,-8000
2008/05/09,0,66000,-454000,-388000
2008/05/12,0,97000,-15428,81572
2008/05/13,0,164000,-40000,124000
2008/05/14,0,833000,-107000,726000
2008/05/15,0,98000,-272000,-174000
2008/05/16,0,71000,-93000,-22000
2008/05/19,0,14000,-60000,-46000
2008/05/20,0,76000,-98000,-22000
2008/05/21,0,26000,-218000,-192000
2008/05/22,0,144000,-74000,70000
2008/05/23,0,211000,-129000,82000
2008/05/26,0,171000,-207000,-36000
2008/05/27,0,6000,-50000,-44000
2008/05/28,0,30000,-123000,-93000
2008/05/29,0,5000,-20000,-15000
2008/05/30,0,27000,-37000,-10000
2008/06/02,0,149000,-115416,33584
2008/06/03,0,37132,-132000,-94868
2008/06/04,0,532000,-179000,353000
2008/06/05,0,105000,-6000,99000
2008/06/06,0,72000,-33000,39000
2008/06/09,0,105000,-122000,-17000
2008/06/10,0,13000,-748000,-735000
2008/06/11,0,25000,-11000,14000
2008/06/12,0,41000,-91000,-50000
2008/06/13,0,43000,-3000,40000
2008/06/16,0,110000,-45000,65000
2008/06/17,0,26000,-25000,1000
2008/06/18,0,77000,-5000,72000
2008/06/19,0,38000,-9000,29000
2008/06/20,0,38000,-68000,-30000
2008/06/23,0,128000,-186000,-58000
2008/06/24,0,28000,-74000,-46000
2008/06/25,0,151000,-175000,-24000
2008/06/26,0,32000,-38000,-6000
2008/06/27,0,63000,-238000,-175000
2008/06/30,0,71000,-13000,58000
2008/07/01,0,21000,-13291,7709
2008/07/02,0,116000,-2000,114000
2008/07/03,0,304000,-5000,299000
2008/07/04,0,210000,-209000,1000
2008/07/07,0,104000,-5000,99000
2008/07/08,0,99000,-32000,67000
2008/07/09,0,178000,-49000,129000
2008/07/10,0,56000,-26000,30000
2008/07/11,0,164000,-19000,145000
2008/07/14,0,128000,-32000,96000
2008/07/15,0,86000,-150000,-64000
2008/07/16,0,66000,-130000,-64000
2008/07/17,0,176000,-174000,2000
2008/07/18,0,56000,-111000,-55000
2008/07/21,0,193000,-223000,-30000
2008/07/22,0,94000,0,94000
2008/07/23,0,482000,-41000,441000
2008/07/24,0,39000,-143000,-104000
2008/07/25,0,58000,-62000,-4000
2008/07/28,0,0,0,0
2008/07/29,0,129000,-107000,22000
2008/07/30,0,20000,-136000,-116000
2008/07/31,0,46000,-280000,-234000
2008/08/01,0,34000,-29000,5000
2008/08/04,0,40000,-12000,28000
2008/08/05,0,344000,-33000,311000
2008/08/06,0,171000,-285000,-114000
2008/08/07,0,186000,-68000,118000
2008/08/08,0,439000,-51000,388000
2008/08/11,0,208000,-277000,-69000
2008/08/12,0,485000,-153000,332000
2008/08/13,0,313000,-112000,201000
2008/08/14,0,44000,-43000,1000
2008/08/15,0,275000,-195000,80000
2008/08/18,0,59000,-389000,-330000
2008/08/19,0,55000,-113000,-58000
2008/08/20,0,36000,-183000,-147000
2008/08/21,0,71000,-44000,27000
2008/08/22,0,161000,-311000,-150000
2008/08/25,0,80000,-52000,28000
2008/08/26,0,46000,-183000,-137000
2008/08/27,0,203000,-93000,110000
2008/08/28,0,105000,-209000,-104000
2008/08/29,0,30000,-147000,-117000
2008/09/01,0,148000,-134000,14000
2008/09/02,0,55000,-93000,-38000
2008/09/03,0,329000,-208000,121000
2008/09/04,0,165000,-84000,81000
2008/09/05,0,40000,-90000,-50000
2008/09/08,0,98000,-76000,22000
2008/09/09,0,62000,-63000,-1000
2008/09/10,0,29000,-88000,-59000
2008/09/11,0,120000,-33000,87000
2008/09/12,0,174000,-15000,159000
2008/09/15,0,617000,-58000,559000
2008/09/16,0,60000,-635000,-575000
2008/09/17,0,48000,-80480,-32480
2008/09/18,0,61000,-179000,-118000
2008/09/19,0,273000,-197000,76000
2008/09/22,0,6000,-292000,-286000
2008/09/23,0,65000,-41000,24000
2008/09/24,0,100000,-78000,22000
2008/09/25,0,82000,-9099,72901
2008/09/26,0,96000,-123000,-27000
2008/09/29,0,0,0,0
2008/09/30,0,0,-7000,-7000
2008/10/01,0,24000,-178000,-154000
2008/10/02,0,115000,-17574,97426
2008/10/03,0,51000,-156000,-105000
2008/10/06,0,44000,-8006,35994
2008/10/07,0,135000,-10946,124054
2008/10/08,0,94000,-90000,4000
2008/10/09,0,58000,-34000,24000
2008/10/10,0,0,0,0
2008/10/13,0,109000,-12200,96800
2008/10/14,0,6000,-15591,-9591
2008/10/15,0,15000,-109000,-94000
2008/10/16,0,0,-13000,-13000
2008/10/17,0,34000,-41000,-7000
2008/10/20,0,46000,-10146,35854
2008/10/21,0,113000,-16000,97000
2008/10/22,0,18000,-13773,4227
2008/10/23,0,0,-5941,-5941
2008/10/24,0,94000,-2190,91810
2008/10/27,0,13000,-150000,-137000
2008/10/28,0,247000,-48776,198224
2008/10/29,0,88000,-137611,-49611
2008/10/30,0,75000,-78000,-3000
2008/10/31,0,161000,-59000,102000
2008/11/03,0,171000,-59000,112000
2008/11/04,0,2000,-354000,-352000
2008/11/05,0,41000,-23000,18000
2008/11/06,0,33000,-41000,-8000
2008/11/07,0,162000,-19351,142649
2008/11/10,0,65000,-121000,-56000
2008/11/11,0,49854,-63292,-13438
2008/11/12,0,87000,-97414,-10414
2008/11/13,0,54700,-20000,34700
2008/11/14,0,31000,-78624,-47624
2008/11/17,0,67500,-35830,31670
2008/11/18,0,78000,-21000,57000
2008/11/19,0,55000,-75341,-20341
2008/11/20,0,51000,-4000,47000
2008/11/21,0,131000,-22300,108700
2008/11/24,0,56000,-40000,16000
2008/11/25,0,297000,-31100,265900
2008/11/26,0,13500,-17700,-4200
2008/11/27,0,21000,-112000,-91000
2008/11/28,0,117000,-113300,3700
2008/12/01,0,252000,-12000,240000
2008/12/02,0,38000,-67000,-29000
2008/12/03,0,19000,-180000,-161000
2008/12/04,0,42000,-52000,-10000
2008/12/05,0,82000,-29000,53000
2008/12/08,0,49000,-58800,-9800
2008/12/09,0,159000,-17000,142000
2008/12/10,0,418000,-38000,380000
2008/12/11,0,1153000,-391000,762000
2008/12/12,0,280000,-349000,-69000
2008/12/15,0,10000,-51000,-41000
2008/12/16,0,461000,-41000,420000
2008/12/17,0,361000,-454000,-93000
2008/12/18,0,145000,-79000,66000
2008/12/19,0,329000,-293400,35600
2008/12/22,0,188000,-250000,-62000
2008/12/23,0,9000,-199000,-190000
2008/12/24,0,37000,-65000,-28000
2008/12/25,0,35000,-45000,-10000
2008/12/26,0,274000,-8000,266000
2008/12/29,0,13000,-157000,-144000
2008/12/30,0,136000,-49477,86523
2008/12/31,0,76000,-205335,-129335
2009/01/01,0,0,0,0
2009/01/02,0,0,0,0
2009/01/05,0,226000,-167000,59000
2009/01/06,0,144000,-241000,-97000
2009/01/07,0,51000,-305000,-254000
2009/01/08,0,68000,-146000,-78000
2009/01/09,0,33000,-17000,16000
2009/01/12,0,28000,-14000,14000
2009/01/13,0,19000,-249000,-230000
2009/01/14,0,52000,-11000,41000
2009/01/15,0,57000,-84000,-27000
2009/01/16,0,34000,-4000,30000
2009/01/19,0,43000,-13000,30000
2009/01/20,0,109494,-78737,30757
2009/01/21,0,135000,-66000,69000
2009/01/22,0,0,0,0
2009/01/23,0,0,0,0
2009/01/26,0,0,0,0
2009/01/27,0,0,0,0
2009/01/28,0,0,0,0
2009/01/29,0,0,0,0
2009/01/30,0,0,0,0
2009/02/02,0,12000,-26326,-14326
2009/02/03,0,136000,-44000,92000
2009/02/04,0,51000,-20000,31000
2009/02/05,0,63000,-29000,34000
2009/02/06,0,243000,-62000,181000
2009/02/09,0,45000,-198100,-153100
2009/02/10,0,11000,-59000,-48000
2009/02/11,0,824000,-142262,681738
2009/02/12,0,323000,-625767,-302767
2009/02/13,0,200000,-215000,-15000
2009/02/16,0,464000,-130000,334000
2009/02/17,0,114000,-83000,31000
2009/02/18,0,178000,-237000,-59000
2009/02/19,0,468000,-41000,427000
2009/02/20,0,99000,-22000,77000
2009/02/23,0,420000,-19000,401000
2009/02/24,0,268000,-504000,-236000
2009/02/25,0,434000,-520000,-86000
2009/02/26,0,230000,-138000,92000
2009/02/27,0,109000,-197000,-88000
2009/03/02,0,104000,-244000,-140000
2009/03/03,0,75000,-214000,-139000
2009/03/04,0,727000,-144000,583000
2009/03/05,0,432000,-603000,-171000
2009/03/06,0,211000,-825000,-614000
2009/03/09,0,342000,-257000,85000
2009/03/10,0,136000,-20000,116000
2009/03/11,0,72000,-444000,-372000
2009/03/12,0,339000,-327000,12000
2009/03/13,0,1126000,-173000,953000
2009/03/16,0,381000,-114000,267000
2009/03/17,0,306000,-265000,41000
2009/03/18,0,510000,-1168000,-658000
2009/03/19,0,165000,-279000,-114000
2009/03/20,0,225000,-844000,-619000
2009/03/23,0,80000,-638000,-558000
2009/03/24,0,240000,-68000,172000
2009/03/25,0,285000,-107000,178000
2009/03/26,0,258000,-168000,90000
2009/03/27,0,73000,-267000,-194000
2009/03/30,0,136000,-242000,-106000
2009/03/31,0,87000,-32000,55000
2009/04/01,0,121000,-113000,8000
2009/04/02,0,102000,-43000,59000
2009/04/03,0,94000,-47000,47000
2009/04/06,0,279000,-675000,-396000
2009/04/07,0,91000,-187719,-96719
2009/04/08,0,161000,-150000,11000
2009/04/09,0,67000,-148000,-81000
2009/04/10,0,61000,-459990,-398990
2009/04/13,0,382000,-459000,-77000
2009/04/14,0,514000,-413000,101000
2009/04/15,0,171000,-440000,-269000
2009/04/16,0,251000,-299000,-48000
2009/04/17,0,286000,-318000,-32000
2009/04/20,0,172000,-113000,59000
2009/04/21,0,59000,-47000,12000
2009/04/22,0,25000,-120000,-95000
2009/04/23,0,99000,-38000,61000
2009/04/24,0,168000,-59251,108749
2009/04/27,0,385000,-133000,252000
2009/04/28,0,368000,-196980,171020
2009/04/29,0,78000,-158000,-80000
2009/04/30,0,318000,-330000,-12000
2009/05/01,0,0,0,0
2009/05/04,0,400000,-339000,61000
2009/05/05,0,165000,-295000,-130000
2009/05/06,0,167000,-156528,10472
2009/05/07,0,111000,-224000,-113000
2009/05/08,0,288000,-251000,37000
2009/05/11,0,152000,-325075,-173075
2009/05/12,0,360000,-376000,-16000
2009/05/13,0,156000,-631000,-475000
2009/05/14,0,106000,-128000,-22000
2009/05/15,0,90000,-117000,-27000
2009/05/18,0,202000,-199000,3000
2009/05/19,0,81000,-222631,-141631
2009/05/20,0,141000,-59000,82000
2009/05/21,0,58000,-215000,-157000
2009/05/22,0,346000,-139692,206308
2009/05/25,0,193000,-143000,50000
2009/05/26,0,507000,-377000,130000
2009/05/27,0,154000,-478000,-324000
2009/05/28,0,0,0,0
2009/05/29,0,0,0,0
2009/06/01,0,149000,-124363,24637
2009/06/02,0,1099000,-283000,816000
2009/06/03,0,95000,-226000,-131000
2009/06/04,0,227000,-172304,54696
2009/06/05,0,27000,-148000,-121000
2009/06/08,0,105000,-901000,-796000
2009/06/09,0,239000,-138000,101000
2009/06/10,0,85000,-112652,-27652
2009/06/11,0,112000,-111000,1000
2009/06/12,0,86000,-229000,-143000
2009/06/15,0,73000,-142000,-69000
2009/06/16,0,76000,-53012,22988
2009/06/17,0,70000,-141000,-71000
2009/06/18,0,41000,-31000,10000
2009/06/19,0,64000,-14000,50000
2009/06/22,0,90000,-53000,37000
2009/06/23,0,17000,-12000,5000
2009/06/24,0,145000,-40000,105000
2009/06/25,0,48000,-66000,-18000
2009/06/26,0,23000,-60000,-37000
2009/06/29,0,4000,-29000,-25000
2009/06/30,0,53000,-18000,35000
2009/07/01,0,98000,-27000,71000
2009/07/02,0,36000,-22000,14000
2009/07/03,0,53000,-70000,-17000
2009/07/06,0,37000,-34000,3000
2009/07/07,0,145339,-52000,93339
2009/07/08,0,21000,-43000,-22000
2009/07/09,0,207000,-52000,155000
2009/07/10,0,89000,-49000,40000
2009/07/13,0,37000,-123000,-86000
2009/07/14,0,27000,-59000,-32000
2009/07/15,0,107000,-61995,45005
2009/07/16,0,16000,-64000,-48000
2009/07/17,0,69000,-56000,13000
2009/07/20,0,45000,-58000,-13000
2009/07/21,0,24000,-110000,-86000
2009/07/22,0,37000,-6000,31000
2009/07/23,0,57000,-40000,17000
2009/07/24,0,36000,-46000,-10000
2009/07/27,0,269000,-41000,228000
2009/07/28,0,524000,-319000,205000
2009/07/29,0,51000,-274000,-223000
2009/07/30,0,12000,-90000,-78000
2009/07/31,0,17000,-64000,-47000
2009/08/03,0,25000,-152000,-127000
2009/08/04,0,8000,-167000,-159000
2009/08/05,0,3000,-53000,-50000
2009/08/06,0,33000,-140000,-107000
2009/08/07,0,0,0,0
2009/08/10,0,15000,-60000,-45000
2009/08/11,0,110000,-86000,24000
2009/08/12,0,7000,-89000,-82000
2009/08/13,0,98000,-47000,51000
2009/08/14,0,17000,-76000,-59000
2009/08/17,0,23000,-83000,-60000
2009/08/18,0,83000,-19000,64000
2009/08/19,0,52000,-21000,31000
2009/08/20,0,38000,-56000,-18000
2009/08/21,0,23000,-90000,-67000
2009/08/24,0,93980,-168216,-74236
2009/08/25,0,65000,-109000,-44000
2009/08/26,0,51000,-50125,875
2009/08/27,0,115000,-55000,60000
2009/08/28,0,32000,-187000,-155000
2009/08/31,0,227000,-30000,197000
2009/09/01,0,269000,-74000,195000
2009/09/02,0,66000,-134000,-68000
2009/09/03,0,129000,-135000,-6000
2009/09/04,0,43000,-201000,-158000
2009/09/07,0,5000,-163000,-158000
2009/09/08,0,70160,-36000,34160
2009/09/09,0,55000,-34000,21000
2009/09/10,0,116000,-39000,77000
2009/09/11,0,47000,-48000,-1000
2009/09/14,0,101000,-89000,12000
2009/09/15,0,46000,-22000,24000
2009/09/16,0,12000,-126280,-114280
2009/09/17,0,106000,-35000,71000
2009/09/18,0,63000,-51680,11320
2009/09/21,0,58000,-177400,-119400
2009/09/22,0,20000,-37000,-17000
2009/09/23,0,5000,-121669,-116669
2009/09/24,0,8000,-116000,-108000
2009/09/25,0,6000,-174000,-168000
2009/09/28,0,0,-53118,-53118
2009/09/29,0,34000,-37000,-3000
2009/09/30,0,49000,-32000,17000
2009/10/01,0,10000,-121000,-111000
2009/10/02,0,1000,-128000,-127000
2009/10/05,0,55000,-68520,-13520
2009/10/06,0,7000,-84000,-77000
2009/10/07,0,100000,-22000,78000
2009/10/08,0,353000,-21000,332000
2009/10/09,0,15000,-60000,-45000
2009/10/12,0,219000,-23000,196000
2009/10/13,0,630313,-62000,568313
2009/10/14,0,670000,-183000,487000
2009/10/15,0,539000,-299000,240000
2009/10/16,0,26000,-95000,-69000
2009/10/19,0,88000,-34000,54000
2009/10/20,0,87000,-145000,-58000
2009/10/21,0,89000,-26150,62850
2009/10/22,0,24000,-44000,-20000
2009/10/23,0,211000,-255332,-44332
2009/10/26,0,340000,-350000,-10000
2009/10/27,0,68000,-192000,-124000
2009/10/28,0,48000,-439000,-391000
2009/10/29,0,190000,-204000,-14000
2009/10/30,0,170000,-241000,-71000
2009/11/02,0,133000,-84000,49000
2009/11/03,0,24000,-139000,-115000
2009/11/04,0,220000,-79380,140620
2009/11/05,0,80000,-14000,66000
2009/11/06,0,73000,-82000,-9000
2009/11/09,0,34000,-81000,-47000
2009/11/10,0,258000,-85000,173000
2009/11/11,0,136000,-71000,65000
2009/11/12,0,80000,-66000,14000
2009/11/13,0,218000,-189000,29000
2009/11/16,0,379000,-105000,274000
2009/11/17,0,24000,-113000,-89000
2009/11/18,0,18000,-75000,-57000
2009/11/19,0,32000,-57800,-25800
2009/11/20,0,28000,-71000,-43000
2009/11/23,0,48000,-27000,21000
2009/11/24,0,21000,-89400,-68400
2009/11/25,0,23000,-98000,-75000
2009/11/26,0,30000,-48000,-18000
2009/11/27,0,30000,-108000,-78000
2009/11/30,0,103000,-28261,74739
2009/12/01,0,125000,-70000,55000
2009/12/02,0,45000,-21000,24000
2009/12/03,0,100000,-8000,92000
2009/12/04,0,100000,-99560,440
2009/12/07,0,19000,-20000,-1000
2009/12/08,0,21000,-58000,-37000
2009/12/09,0,6000,-198000,-192000
2009/12/10,0,543000,-152000,391000
2009/12/11,0,157000,-126000,31000
2009/12/14,0,31000,-59000,-28000
2009/12/15,0,31000,-51000,-20000
2009/12/16,0,99000,-159000,-60000
2009/12/17,0,152000,-370000,-218000
2009/12/18,0,216000,-27000,189000
2009/12/21,0,13000,-23000,-10000
2009/12/22,0,4000,-57452,-53452
2009/12/23,0,239000,-53340,185660
2009/12/24,0,362000,-121000,241000
2009/12/25,0,10000,-116000,-106000
2009/12/28,0,93000,-15000,78000
2009/12/29,0,75000,-24000,51000
2009/12/30,0,50000,-124000,-74000
2009/12/31,0,50000,-83000,-33000
2010/01/01,0,0,0,0
2010/01/04,0,124000,-113000,11000
2010/01/05,0,76000,-173000,-97000
2010/01/06,0,161000,-69000,92000
2010/01/07,0,53000,-38000,15000
2010/01/08,0,95000,-31000,64000
2010/01/11,0,20000,-3000,17000
2010/01/12,0,188000,-64000,124000
2010/01/13,0,62000,-42000,20000
2010/01/14,0,58000,-148168,-90168
2010/01/15,0,464000,-153000,311000
2010/01/18,0,278000,-621000,-343000
2010/01/19,0,243000,-472000,-229000
2010/01/20,0,213000,-181000,32000
2010/01/21,0,169000,-86000,83000
2010/01/22,0,62000,-125000,-63000
2010/01/25,0,475000,-283000,192000
2010/01/26,0,693000,-750000,-57000
2010/01/27,0,1144000,-88000,1056000
2010/01/28,0,224000,-324000,-100000
2010/01/29,0,197000,-167000,30000
2010/02/01,0,112000,-1054000,-942000
2010/02/02,0,585000,-479000,106000
2010/02/03,0,643000,-31000,612000
2010/02/04,0,56000,-24000,32000
2010/02/05,0,61000,-543000,-482000
2010/02/08,0,113000,-62731,50269
2010/02/09,0,287000,-36000,251000
2010/02/10,0,487000,-131598,355402
2010/02/11,0,0,0,0
2010/02/12,0,0,0,0
2010/02/15,0,0,0,0
2010/02/16,0,0,0,0
2010/02/17,0,0,0,0
2010/02/18,0,0,0,0
2010/02/19,0,0,0,0
2010/02/22,0,108000,-316000,-208000
2010/02/23,0,101000,-99000,2000
2010/02/24,0,23000,-116000,-93000
2010/02/25,0,20000,-625000,-605000
2010/02/26,0,133000,-835000,-702000
2010/03/01,0,211000,-52000,159000
2010/03/02,0,162000,-56000,106000
2010/03/03,0,13000,-92000,-79000
2010/03/04,0,58000,-177000,-119000
2010/03/05,0,73000,-118000,-45000
2010/03/08,0,263000,-85000,178000
2010/03/09,0,32000,-127000,-95000
2010/03/10,0,63000,-30000,33000
2010/03/11,0,22000,-215000,-193000
2010/03/12,0,45000,-51000,-6000
2010/03/15,0,36000,-89000,-53000
2010/03/16,0,57000,-47000,10000
2010/03/17,0,292000,-45000,247000
2010/03/18,0,315000,-47000,268000
2010/03/19,0,205000,-194000,11000
2010/03/22,0,50000,-152000,-102000
2010/03/23,0,79000,-42000,37000
2010/03/24,0,99000,-168138,-69138
2010/03/25,0,796000,-86000,710000
2010/03/26,0,172000,-130000,42000
2010/03/29,0,372000,-309000,63000
2010/03/30,0,90000,-61000,29000
2010/03/31,0,166000,-41000,125000
2010/04/01,0,706000,-136000,570000
2010/04/02,0,378000,-236000,142000
2010/04/05,0,0,0,0
2010/04/06,0,236000,-469000,-233000
2010/04/07,0,289000,-155000,134000
2010/04/08,0,658000,-203000,455000
2010/04/09,0,362000,-524000,-162000
2010/04/12,0,94000,-709000,-615000
2010/04/13,0,59000,-194000,-135000
2010/04/14,0,74000,-127000,-53000
2010/04/15,0,136000,-315000,-179000
2010/04/16,0,89000,-122000,-33000
2010/04/19,0,21000,-155000,-134000
2010/04/20,0,201000,-200000,1000
2010/04/21,0,533000,-352000,181000
2010/04/22,0,288000,-344000,-56000
2010/04/23,0,79000,-239000,-160000
2010/04/26,0,255000,-349000,-94000
2010/04/27,0,85000,-354000,-269000
2010/04/28,0,80000,-201000,-121000
2010/04/29,0,15000,-130000,-115000
2010/04/30,0,101000,-360000,-259000
2010/05/03,0,45000,-286000,-241000
2010/05/04,0,22000,-207000,-185000
2010/05/05,0,79000,-160000,-81000
2010/05/06,0,26000,-237000,-211000
2010/05/07,0,41000,-249000,-208000
2010/05/10,0,47000,-145000,-98000
2010/05/11,0,44000,-223000,-179000
2010/05/12,0,47000,-36000,11000
2010/05/13,0,30000,-28000,2000
2010/05/14,0,93000,-6000,87000
2010/05/17,0,34000,-61000,-27000
2010/05/18,0,84000,-48000,36000
2010/05/19,0,140000,-231000,-91000
2010/05/20,0,4000,-83000,-79000
2010/05/21,0,32000,-168000,-136000
2010/05/24,0,17000,-40000,-23000
2010/05/25,0,83000,-87000,-4000
2010/05/26,0,58000,-18000,40000
2010/05/27,0,17000,-24000,-7000
2010/05/28,0,16000,-11000,5000
2010/05/31,0,28000,-7000,21000
2010/06/01,0,20000,-42000,-22000
2010/06/02,0,37000,-21000,16000
2010/06/03,0,38000,-28000,10000
2010/06/04,0,10000,-9000,1000
2010/06/07,0,46000,-70000,-24000
2010/06/08,0,60000,-62000,-2000
2010/06/09,0,256000,-168000,88000
2010/06/10,0,63000,-68000,-5000
2010/06/11,0,27000,-58000,-31000
2010/06/14,0,32000,-10000,22000
2010/06/15,0,98000,-208000,-110000
2010/06/16,0,0,0,0
2010/06/17,0,178000,-14000,164000
2010/06/18,0,17000,-23000,-6000
2010/06/21,0,72000,-29000,43000
2010/06/22,0,19310,-9000,10310
2010/06/23,0,10000,-22000,-12000
2010/06/24,0,25000,-8000,17000
2010/06/25,0,22450,-27000,-4550
2010/06/28,0,7000,-5000,2000
2010/06/29,0,42500,-37000,5500
2010/06/30,0,32000,-39000,-7000
2010/07/01,0,56000,-14000,42000
2010/07/02,0,33000,-13000,20000
2010/07/05,0,22000,-8500,13500
2010/07/06,0,26000,-3000,23000
2010/07/07,0,15000,-16000,-1000
2010/07/08,0,23000,-5882,17118
2010/07/09,0,240,-13000,-12760
2010/07/12,0,7000,-16000,-9000
2010/07/13,0,2000,-3000,-1000
2010/07/14,0,1000,-18000,-17000
2010/07/15,0,25000,-1000,24000
2010/07/16,0,49000,-12000,37000
2010/07/19,0,28000,-46000,-18000
2010/07/20,0,4000,-47000,-43000
2010/07/21,0,26000,-10000,16000
2010/07/22,0,6000,-17000,-11000
2010/07/23,0,10000,-11000,-1000
2010/07/26,0,35000,-52000,-17000
2010/07/27,0,49000,-18000,31000
2010/07/28,0,15000,-16000,-1000
2010/07/29,0,16000,-18000,-2000
2010/07/30,0,18000,-40000,-22000
2010/08/02,0,371000,-50000,321000
2010/08/03,0,37000,-52000,-15000
2010/08/04,0,7000,-23000,-16000
2010/08/05,0,169000,-36000,133000
2010/08/06,0,72000,-81000,-9000
2010/08/09,0,54000,-270000,-216000
2010/08/10,0,11000,-87000,-76000
2010/08/11,0,8000,-167000,-159000
2010/08/12,0,24000,-49000,-25000
2010/08/13,0,9000,-26000,-17000
2010/08/16,0,12000,-12000,0
2010/08/17,0,20000,-13000,7000
2010/08/18,0,41000,-49000,-8000
2010/08/19,0,348000,-13000,335000
2010/08/20,0,174000,-287000,-113000
2010/08/23,0,179000,-146000,33000
2010/08/24,0,595000,-63000,532000
2010/08/25,0,21000,-865000,-844000
2010/08/26,0,1000,-68000,-67000
2010/08/27,0,12000,-26000,-14000
2010/08/30,0,13000,-46000,-33000
2010/08/31,0,26000,-68000,-42000
2010/09/01,0,13000,-14000,-1000
2010/09/02,0,15380,-68000,-52620
2010/09/03,0,8000,-56000,-48000
2010/09/06,0,31620,-1000,30620
2010/09/07,0,19000,-7000,12000
2010/09/08,0,30438,-7000,23438
2010/09/09,0,92000,-22000,70000
2010/09/10,0,33000,-46000,-13000
2010/09/13,0,218000,-34000,184000
2010/09/14,0,146000,-161000,-15000
2010/09/15,0,66000,-191000,-125000
2010/09/16,0,2000,-70000,-68000
2010/09/17,0,22000,-17000,5000
2010/09/20,0,58000,-12000,46000
2010/09/21,0,13000,-5000,8000
2010/09/22,0,0,0,0
2010/09/23,0,16000,-11000,5000
2010/09/24,0,19000,-6000,13000
2010/09/27,0,3000,-9000,-6000
2010/09/28,0,14000,-5000,9000
2010/09/29,0,5000,-51000,-46000
2010/09/30,0,18000,-15000,3000
2010/10/01,0,44000,-8000,36000
2010/10/04,0,44000,-14000,30000
2010/10/05,0,33000,-30000,3000
2010/10/06,0,56000,-6000,50000
2010/10/07,0,19000,-25160,-6160
2010/10/08,0,68000,-50000,18000
2010/10/11,0,36000,-25000,11000
2010/10/12,0,10000,-51000,-41000
2010/10/13,0,6000,-34000,-28000
2010/10/14,0,27000,-9000,18000
2010/10/15,0,54000,-10000,44000
2010/10/18,0,18000,-55260,-37260
2010/10/19,0,6000,-23000,-17000
2010/10/20,0,41000,-16540,24460
2010/10/21,0,3000,-11000,-8000
2010/10/22,0,46000,-41000,5000
2010/10/25,0,86000,-21000,65000
2010/10/26,0,17000,-32000,-15000
2010/10/27,0,30000,-33000,-3000
2010/10/28,0,43000,-5000,38000
2010/10/29,0,38000,-33280,4720
2010/11/01,0,102000,-28000,74000
2010/11/02,0,29360,-60000,-30640
2010/11/03,0,13000,-49000,-36000
2010/11/04,0,36000,-6000,30000
2010/11/05,0,359000,-73000,286000
2010/11/08,0,188000,-241000,-53000
2010/11/09,0,476111,-42000,434111
2010/11/10,0,354000,-169000,185000
2010/11/11,0,85000,-139000,-54000
2010/11/12,0,86345,-267000,-180655
2010/11/15,0,7000,-192000,-185000
2010/11/16,0,253000,-97000,156000
2010/11/17,0,209000,-67000,142000
2010/11/18,0,24000,-99000,-75000
2010/11/19,0,272000,-125000,147000
2010/11/22,0,28000,-147000,-119000
2010/11/23,0,41000,-170000,-129000
2010/11/24,0,71000,-89000,-18000
2010/11/25,0,186000,-202000,-16000
2010/11/26,0,147000,-173000,-26000
2010/11/29,0,90000,-130000,-40000
2010/11/30,0,130000,-118000,12000
2010/12/01,0,130000,-95000,35000
2010/12/02,0,88000,-105000,-17000
2010/12/03,0,561000,-80000,481000
2010/12/06,0,799000,-246000,553000
2010/12/07,0,111000,-267000,-156000
2010/12/08,0,125000,-351000,-226000
2010/12/09,0,408000,-272000,136000
2010/12/10,0,627000,-176260,450740
2010/12/13,0,156000,-221000,-65000
2010/12/14,0,359000,-203967,155033
2010/12/15,0,991000,-220000,771000
2010/12/16,0,472000,-261000,211000
2010/12/17,0,785000,-1062520,-277520
2010/12/20,0,349000,-439900,-90900
2010/12/21,0,216000,-107000,109000
2010/12/22,0,317000,-136000,181000
2010/12/23,0,383000,-633000,-250000
2010/12/24,0,239000,-548000,-309000
2010/12/27,0,236000,-138000,98000
2010/12/28,0,576000,-306000,270000
2010/12/29,0,155000,-275279,-120279
2010/12/30,0,65000,-272000,-207000
2010/12/31,0,58000,-192000,-134000
2011/01/03,0,26000,-637000,-611000
2011/01/04,0,318000,-107000,211000
2011/01/05,0,215000,-87000,128000
2011/01/06,0,85000,-263000,-178000
2011/01/07,0,60000,-237000,-177000
2011/01/10,0,73000,-114000,-41000
2011/01/11,0,771000,-637000,134000
2011/01/12,0,48000,-321000,-273000
2011/01/13,0,166000,-203000,-37000
2011/01/14,0,58000,-27000,31000
2011/01/17,0,118000,-116450,1550
2011/01/18,0,413000,-83000,330000
2011/01/19,0,306000,-335120,-29120
2011/01/20,0,286000,-284000,2000
2011/01/21,0,24000,-216000,-192000
2011/01/24,0,153000,-215000,-62000
2011/01/25,0,90000,-481000,-391000
2011/01/26,0,101000,-246000,-145000
2011/01/27,0,155000,-203000,-48000
2011/01/28,0,333000,-179000,154000
2011/01/31,0,0,0,0
2011/02/01,0,0,0,0
2011/02/02,0,0,0,0
2011/02/03,0,0,0,0
2011/02/04,0,0,0,0
2011/02/07,0,0,0,0
2011/02/08,0,107000,-293000,-186000
2011/02/09,0,77000,-149700,-72700
2011/02/10,0,80000,-86000,-6000
2011/02/11,0,66000,-190000,-124000
2011/02/14,0,71000,-61000,10000
2011/02/15,0,821000,-159000,662000
2011/02/16,0,7000,-167000,-160000
2011/02/17,0,220000,-45000,175000
2011/02/18,0,63000,-62000,1000
2011/02/21,0,289000,-55000,234000
2011/02/22,0,309000,-134000,175000
2011/02/23,0,159000,-286000,-127000
2011/02/24,0,234000,-111000,123000
2011/02/25,0,264000,-31000,233000
2011/02/28,0,0,0,0
2011/03/01,0,362000,-29000,333000
2011/03/02,0,418000,-154000,264000
2011/03/03,0,690000,-164000,526000
2011/03/04,0,417000,-130000,287000
2011/03/07,0,208000,-4990,203010
2011/03/08,0,239000,-37000,202000
2011/03/09,0,858400,-222000,636400
2011/03/10,0,156600,-417000,-260400
2011/03/11,0,178000,-250000,-72000
2011/03/14,0,158000,-236000,-78000
2011/03/15,0,602000,-1464000,-862000
2011/03/16,0,204000,-53078,150922
2011/03/17,0,116000,-277000,-161000
2011/03/18,0,167000,-814000,-647000
2011/03/21,0,64000,-74000,-10000
2011/03/22,0,98000,-242560,-144560
2011/03/23,0,28000,-138000,-110000
2011/03/24,0,286000,-96000,190000
2011/03/25,0,113000,-198000,-85000
2011/03/28,0,73000,-204000,-131000
2011/03/29,0,110000,-136000,-26000
2011/03/30,0,90000,-176000,-86000
2011/03/31,0,88000,-500000,-412000
2011/04/01,0,67000,-56000,11000
2011/04/04,0,0,0,0
2011/04/05,0,0,0,0
2011/04/06,0,115000,-357000,-242000
2011/04/07,0,138000,-36000,102000
2011/04/08,0,539000,-129000,410000
2011/04/11,0,107000,-203000,-96000
2011/04/12,0,157000,-87000,70000
2011/04/13,0,210000,-197000,13000
2011/04/14,0,514000,-168508,345492
2011/04/15,0,140000,-155000,-15000
2011/04/18,0,330000,-324416,5584
2011/04/19,0,529000,-470000,59000
2011/04/20,0,261000,-406000,-145000
2011/04/21,0,529000,-417000,112000
2011/04/22,0,442000,-138000,304000
2011/04/25,0,144000,-118000,26000
2011/04/26,0,214000,-307000,-93000
2011/04/27,0,255000,-255000,0
2011/04/28,0,443000,-188000,255000
2011/04/29,0,470000,-595000,-125000
2011/05/02,0,0,0,0
2011/05/03,0,139000,-664047,-525047
2011/05/04,0,995000,-426000,569000
2011/05/05,0,374000,-805000,-431000
2011/05/06,0,169000,-336000,-167000
2011/05/09,0,192000,-207000,-15000
2011/05/10,0,106000,-261000,-155000
2011/05/11,0,416000,-310000,106000
2011/05/12,0,269000,-374000,-105000
2011/05/13,0,127000,-240000,-113000
2011/05/16,0,288000,-44000,244000
2011/05/17,0,102000,-157000,-55000
2011/05/18,0,357000,-86000,271000
2011/05/19,0,272000,-293496,-21496
2011/05/20,0,108000,-180000,-72000
2011/05/23,0,204000,-294000,-90000
2011/05/24,0,293000,-68000,225000
2011/05/25,0,129000,-103000,26000
2011/05/26,0,405000,-29000,376000
2011/05/27,0,101000,-262000,-161000
2011/05/30,0,93000,-154000,-61000
2011/05/31,0,761000,-443000,318000
2011/06/01,0,593000,-438000,155000
2011/06/02,0,1266000,-144000,1122000
2011/06/03,0,335000,-157000,178000
2011/06/06,0,0,0,0
2011/06/07,0,433000,-44000,389000
2011/06/08,0,794000,-160000,634000
2011/06/09,0,155000,-60000,95000
2011/06/10,0,413000,-314000,99000
2011/06/13,0,753000,-919000,-166000
2011/06/14,0,724000,-1809000,-1085000
2011/06/15,0,138000,-177000,-39000
2011/06/16,0,162000,-86000,76000
2011/06/17,0,266000,-146000,120000
2011/06/20,0,283000,-431000,-148000
2011/06/21,0,192000,-223000,-31000
2011/06/22,0,183000,-162000,21000
2011/06/23,0,97000,-93000,4000
2011/06/24,0,148000,-63000,85000
2011/06/27,0,111000,-58000,53000
2011/06/28,0,92000,-87000,5000
2011/06/29,0,154000,-174000,-20000
2011/06/30,0,115000,-31000,84000
2011/07/01,0,335000,-65000,270000
2011/07/04,0,333000,-97000,236000
2011/07/05,0,433000,-126000,307000
2011/07/06,0,700000,-219000,481000
2011/07/07,0,498000,-555000,-57000
2011/07/08,0,365000,-263000,102000
2011/07/11,0,151000,-165000,-14000
2011/07/12,0,313000,-214000,99000
2011/07/13,0,578000,-77000,501000
2011/07/14,0,187000,-309000,-122000
2011/07/15,0,281000,-217000,64000
2011/07/18,0,185000,-34870,150130
2011/07/19,0,952000,-144000,808000
2011/07/20,0,1010000,-923000,87000
2011/07/21,0,326000,-355000,-29000
2011/07/22,0,111000,-185000,-74000
2011/07/25,0,998000,-502000,496000
2011/07/26,0,435000,-568733,-133733
2011/07/27,0,810000,-510000,300000
2011/07/28,0,423000,-215072,207928
2011/07/29,0,361000,-451000,-90000
2011/08/01,0,672000,-113000,559000
2011/08/02,0,266000,-318000,-52000
2011/08/03,0,609000,-399000,210000
2011/08/04,0,338000,-496000,-158000
2011/08/05,0,496000,-31000,465000
2011/08/08,0,572000,-1673000,-1101000
2011/08/09,0,991000,-1593000,-602000
2011/08/10,0,378000,-561000,-183000
2011/08/11,0,322000,-374000,-52000
2011/08/12,0,168000,-280000,-112000
2011/08/15,0,554000,-164000,390000
2011/08/16,0,35000,-259000,-224000
2011/08/17,0,161000,-539000,-378000
2011/08/18,0,162000,-110000,52000
2011/08/19,0,128000,-639000,-511000
2011/08/22,0,251000,-397000,-146000
2011/08/23,0,244000,-155000,89000
2011/08/24,0,203000,-165000,38000
2011/08/25,0,62000,-283000,-221000
2011/08/26,0,132000,-58000,74000
2011/08/29,0,86000,-98000,-12000
2011/08/30,0,101000,-24000,77000
2011/08/31,0,650000,-232000,418000
2011/09/01,0,191000,-392000,-201000
2011/09/02,0,49900,-167000,-117100
2011/09/05,0,34000,-76000,-42000
2011/09/06,0,112000,-133000,-21000
2011/09/07,0,229000,-192000,37000
2011/09/08,0,44000,-203000,-159000
2011/09/09,0,276000,-142550,133450
2011/09/12,0,0,0,0
2011/09/13,0,76000,-213650,-137650
2011/09/14,0,346000,-398000,-52000
2011/09/15,0,280000,-97000,183000
2011/09/16,0,51000,-107000,-56000
2011/09/19,0,52000,-141750,-89750
2011/09/20,0,108000,-110000,-2000
2011/09/21,0,118000,-31000,87000
2011/09/22,0,160000,-228000,-68000
2011/09/23,0,302000,-317900,-15900
2011/09/26,0,220000,-366000,-146000
2011/09/27,0,416000,-187250,228750
2011/09/28,0,298000,-75850,222150
2011/09/29,0,95000,-80000,15000
2011/09/30,0,147000,-74000,73000
2011/10/03,0,77000,-93650,-16650
2011/10/04,0,425000,-112500,312500
2011/10/05,0,165000,-289000,-124000
2011/10/06,0,144000,-199901,-55901
2011/10/07,0,142000,-212000,-70000
2011/10/10,0,0,0,0
2011/10/11,0,490000,-91000,399000
2011/10/12,0,29000,-197000,-168000
2011/10/13,0,31000,-89000,-58000
2011/10/14,0,50000,-52000,-2000
2011/10/17,0,659000,-13000,646000
2011/10/18,0,770000,-203000,567000
2011/10/19,0,581000,-558000,23000
2011/10/20,0,200000,-401000,-201000
2011/10/21,0,204412,-351000,-146588
2011/10/24,0,181000,-179000,2000
2011/10/25,0,243000,-108659,134341
2011/10/26,0,388000,-140000,248000
2011/10/27,0,123000,-155000,-32000
2011/10/28,0,67000,-140350,-73350
2011/10/31,0,35000,-69768,-34768
2011/11/01,0,188000,-124000,64000
2011/11/02,0,72000,-186000,-114000
2011/11/03,0,92000,-69000,23000
2011/11/04,0,148000,-107000,41000
2011/11/07,0,54000,-26000,28000
2011/11/08,0,969000,-95000,874000
2011/11/09,0,165000,-469450,-304450
2011/11/10,0,191000,-285000,-94000
2011/11/11,0,103000,-185000,-82000
2011/11/14,0,76000,-96850,-20850
2011/11/15,0,32000,-252400,-220400
2011/11/16,0,24000,-234150,-210150
2011/11/17,0,29000,-155000,-126000
2011/11/18,0,103000,-217000,-114000
2011/11/21,0,185000,-246120,-61120
2011/11/22,0,177000,-167000,10000
2011/11/23,0,114000,-59000,55000
2011/11/24,0,85000,-515000,-430000
2011/11/25,0,77000,-14000,63000
2011/11/28,0,68000,-112000,-44000
2011/11/29,0,49000,-214000,-165000
2011/11/30,0,11000,-53000,-42000
2011/12/01,0,191000,-2000,189000
2011/12/02,0,4000,-38000,-34000
2011/12/05,0,7000,-19000,-12000
2011/12/06,0,2000,-56000,-54000
2011/12/07,0,6000,-4000,2000
2011/12/08,0,13000,-52000,-39000
2011/12/09,0,6000,-26000,-20000
2011/12/12,0,39000,-8000,31000
2011/12/13,0,70000,-12000,58000
2011/12/14,0,118000,-13000,105000
2011/12/15,0,20000,-28000,-8000
2011/12/16,0,71000,-29000,42000
2011/12/19,0,60000,-36000,24000
2011/12/20,0,100000,-18000,82000
2011/12/21,0,189000,-146000,43000
2011/12/22,0,77000,-186000,-109000
2011/12/23,0,35000,-52000,-17000
2011/12/26,0,124000,-4000,120000
2011/12/27,0,109000,-45000,64000
2011/12/28,0,63000,-30000,33000
2011/12/29,0,45000,-10000,35000
2011/12/30,0,21000,-308000,-287000
2012/01/02,0,22000,-40000,-18000
2012/01/03,0,64000,-5000,59000
2012/01/04,0,105000,-87000,18000
2012/01/05,0,54000,0,54000
2012/01/06,0,301000,-51000,250000
2012/01/09,0,100000,-37925,62075
2012/01/10,0,92000,-80000,12000
2012/01/11,0,73000,-95000,-22000
2012/01/12,0,401000,-223000,178000
2012/01/13,0,87000,-138000,-51000
2012/01/16,0,10000,-128000,-118000
2012/01/17,0,84000,-90000,-6000
2012/01/18,0,228000,-132000,96000
2012/01/19,0,0,0,0
2012/01/20,0,0,0,0
2012/01/23,0,0,0,0
2012/01/24,0,0,0,0
2012/01/25,0,0,0,0
2012/01/26,0,0,0,0
2012/01/27,0,0,0,0
2012/01/30,0,55000,-21000,34000
2012/01/31,0,99000,-363000,-264000
2012/02/01,0,820000,-476500,343500
2012/02/02,0,2105000,-213000,1892000
2012/02/03,0,1222000,-225000,997000
2012/02/06,0,541000,-239000,302000
2012/02/07,0,384000,-301000,83000
2012/02/08,0,696000,-251000,445000
2012/02/09,0,1696000,-1113000,583000
2012/02/10,0,576000,-1171000,-595000
2012/02/13,0,1191000,-682000,509000
2012/02/14,0,478000,-1213000,-735000
2012/02/15,0,1673000,-347000,1326000
2012/02/16,0,692000,-814000,-122000
2012/02/17,0,562000,-1934000,-1372000
2012/02/20,0,370000,-260000,110000
2012/02/21,0,339000,-428000,-89000
2012/02/22,0,776000,-1756000,-980000
2012/02/23,0,322000,-632000,-310000
2012/02/24,0,202000,-125000,77000
2012/02/27,0,0,0,0
2012/02/28,0,0,0,0
2012/02/29,0,462008,-428000,34008
2012/03/01,0,587000,-337000,250000
2012/03/02,0,152000,-347000,-195000
2012/03/05,0,163000,-402000,-239000
2012/03/06,0,330000,-544000,-214000
2012/03/07,0,291000,-401000,-110000
2012/03/08,0,306000,-600000,-294000
2012/03/09,0,274000,-621000,-347000
2012/03/12,0,146000,-544035,-398035
2012/03/13,0,28000,-268000,-240000
2012/03/14,0,562000,-192000,370000
2012/03/15,0,176000,-58000,118000
2012/03/16,0,26000,-278000,-252000
2012/03/19,0,209000,-652000,-443000
2012/03/20,0,636000,-511000,125000
2012/03/21,0,56000,-242000,-186000
2012/03/22,0,104050,-419000,-314950
2012/03/23,0,12000,-23000,-11000
2012/03/26,0,21000,-148000,-127000
2012/03/27,0,20000,-42000,-22000
2012/03/28,0,210000,-167050,42950
2012/03/29,0,305000,-331490,-26490
2012/03/30,0,114000,-42000,72000
2012/04/02,0,82000,-108000,-26000
2012/04/03,0,208000,-963000,-755000
2012/04/04,0,0,0,0
2012/04/05,0,296000,-77000,219000
2012/04/06,0,66000,-94000,-28000
2012/04/09,0,479000,-31000,448000
2012/04/10,0,31000,-465000,-434000
2012/04/11,0,226000,-282000,-56000
2012/04/12,0,174000,-204000,-30000
2012/04/13,0,189000,-48000,141000
2012/04/16,0,33000,-36807,-3807
2012/04/17,0,51000,-48000,3000
2012/04/18,0,77000,-98000,-21000
2012/04/19,0,231000,-50000,181000
2012/04/20,0,184000,-231000,-47000
2012/04/23,0,82000,-255000,-173000
2012/04/24,0,148000,-34000,114000
2012/04/25,0,56000,-46000,10000
2012/04/26,0,63000,-95000,-32000
2012/04/27,0,135000,-92000,43000
2012/04/30,0,607100,-54001,553099
2012/05/01,0,0,0,0
2012/05/02,0,699000,-264000,435000
2012/05/03,0,76000,-545000,-469000
2012/05/04,0,300000,-88000,212000
2012/05/07,0,292000,-118000,174000
2012/05/08,0,84000,-185262,-101262
2012/05/09,0,353000,-51255,301745
2012/05/10,0,161000,-141000,20000
2012/05/11,0,443000,-926000,-483000
2012/05/14,0,154000,-233000,-79000
2012/05/15,0,258000,-289000,-31000
2012/05/16,0,231000,-152100,78900
2012/05/17,0,275000,-80000,195000
2012/05/18,0,124000,-281000,-157000
2012/05/21,0,262000,-23000,239000
2012/05/22,0,115000,-88000,27000
2012/05/23,0,248000,-96000,152000
2012/05/24,0,185000,-166000,19000
2012/05/25,0,56000,-26000,30000
2012/05/28,0,190000,-165000,25000
2012/05/29,0,358000,-127000,231000
2012/05/30,0,240000,-216000,24000
2012/05/31,0,350000,-65000,285000
2012/06/01,0,131000,-522000,-391000
2012/06/04,0,239000,-246000,-7000
2012/06/05,0,157000,-216000,-59000
2012/06/06,0,474000,-143000,331000
2012/06/07,0,119000,-447000,-328000
2012/06/08,0,182000,-77000,105000
2012/06/11,0,187000,-171000,16000
2012/06/12,0,206000,-107000,99000
2012/06/13,0,38000,-182000,-144000
2012/06/14,0,171000,-48000,123000
2012/06/15,0,1122000,-153000,969000
2012/06/18,0,1275000,-425000,850000
2012/06/19,0,579000,-705000,-126000
2012/06/20,0,292000,-417000,-125000
2012/06/21,0,239000,-166000,73000
2012/06/22,0,563000,-106000,457000
2012/06/25,0,246000,-185000,61000
2012/06/26,0,196000,-948000,-752000
2012/06/27,0,67000,-377000,-310000
2012/06/28,0,184000,-222000,-38000
2012/06/29,0,351000,-453000,-102000
2012/07/02,0,358000,-281000,77000
2012/07/03,0,784000,-380000,404000
2012/07/04,0,616000,-595000,21000
2012/07/05,0,429000,-235000,194000
2012/07/06,0,946000,-171000,775000
2012/07/09,0,581000,-440000,141000
2012/07/10,0,1754000,-882000,872000
2012/07/11,0,741000,-1406000,-665000
2012/07/12,0,728000,-598312,129688
2012/07/13,0,546000,-726000,-180000
2012/07/16,0,237000,-512730,-275730
2012/07/17,0,347000,-382000,-35000
2012/07/18,0,526000,-662000,-136000
2012/07/19,0,297000,-381000,-84000
2012/07/20,0,245000,-174000,71000
2012/07/23,0,301000,-417000,-116000
2012/07/24,0,320000,-208000,112000
2012/07/25,0,99000,-857000,-758000
2012/07/26,0,245000,-222000,23000
2012/07/27,0,629000,-1000000,-371000
2012/07/30,0,339000,-348000,-9000
2012/07/31,0,394000,-253000,141000
2012/08/01,0,351000,-343000,8000
2012/08/02,0,0,0,0
2012/08/03,0,192000,-631437,-439437
2012/08/06,0,542000,-358000,184000
2012/08/07,0,399000,-276000,123000
2012/08/08,0,330000,-270000,60000
2012/08/09,0,2618000,-409000,2209000
2012/08/10,0,2131000,-1355000,776000
2012/08/13,0,282000,-963000,-681000
2012/08/14,0,847000,-799000,48000
2012/08/15,0,670000,-842000,-172000
2012/08/16,0,698000,-388000,310000
2012/08/17,0,1114000,-454000,660000
2012/08/20,0,2769000,-550000,2219000
2012/08/21,0,424000,-3601000,-3177000
2012/08/22,0,141000,-523000,-382000
2012/08/23,0,353000,-1611000,-1258000
2012/08/24,0,690000,-180000,510000
2012/08/27,0,476000,-559000,-83000
2012/08/28,0,253000,-904000,-651000
2012/08/29,0,179000,-66000,113000
2012/08/30,0,443000,-285000,158000
2012/08/31,0,579000,-388000,191000
2012/09/03,0,1398000,-442000,956000
2012/09/04,0,485000,-400000,85000
2012/09/05,0,544000,-66000,478000
2012/09/06,0,1071000,-487000,584000
2012/09/07,0,1122000,-376000,746000
2012/09/10,0,895000,-163000,732000
2012/09/11,0,536000,-1323000,-787000
2012/09/12,0,226000,-911000,-685000
2012/09/13,0,141000,-907000,-766000
2012/09/14,0,1293000,-982000,311000
2012/09/17,0,334000,-1049000,-715000
2012/09/18,0,321000,-191000,130000
2012/09/19,0,927000,-185000,742000
2012/09/20,0,187000,-415000,-228000
2012/09/21,0,228000,-192000,36000
2012/09/24,0,325000,-474000,-149000
2012/09/25,0,506000,-765000,-259000
2012/09/26,0,616000,-651000,-35000
2012/09/27,0,209000,-265350,-56350
2012/09/28,0,215000,-410000,-195000
2012/10/01,0,158000,-339000,-181000
2012/10/02,0,194000,-325000,-131000
2012/10/03,0,257000,-127000,130000
2012/10/04,0,121000,-299000,-178000
2012/10/05,0,267000,-283250,-16250
2012/10/08,0,422000,-552500,-130500
2012/10/09,0,377000,-697950,-320950
2012/10/10,0,0,0,0
2012/10/11,0,530000,-448650,81350
2012/10/12,0,270000,-439000,-169000
2012/10/15,0,116000,-253200,-137200
2012/10/16,0,321000,-198200,122800
2012/10/17,0,274000,-720500,-446500
2012/10/18,0,254000,-1130300,-876300
2012/10/19,0,324000,-290499,33501
2012/10/22,0,210000,-254000,-44000
2012/10/23,0,37000,-277000,-240000
2012/10/24,0,680500,-40000,640500
2012/10/25,0,384000,-324550,59450
2012/10/26,0,78000,-718000,-640000
2012/10/29,0,492000,-784000,-292000
2012/10/30,0,465000,-450510,14490
2012/10/31,0,112000,-472000,-360000
2012/11/01,0,351000,-550000,-199000
2012/11/02,0,90000,-197700,-107700
2012/11/05,0,33000,-68000,-35000
2012/11/06,0,219000,-77000,142000
2012/11/07,0,226000,-202000,24000
2012/11/08,0,553000,-89000,464000
2012/11/09,0,1878000,-171000,1707000
2012/11/12,0,310000,-1549000,-1239000
2012/11/13,0,377000,-632000,-255000
2012/11/14,0,176000,-483250,-307250
2012/11/15,0,186000,-67000,119000
2012/11/16,0,139000,-188000,-49000
2012/11/19,0,47000,-246000,-199000
2012/11/20,0,66000,-336000,-270000
2012/11/21,0,87000,-516000,-429000
2012/11/22,0,59000,-45000,14000
2012/11/23,0,726000,-29000,697000
2012/11/26,0,161000,-245000,-84000
2012/11/27,0,75000,-79000,-4000
2012/11/28,0,176000,-92000,84000
2012/11/29,0,169000,-30000,139000
2012/11/30,0,221000,-155450,65550
2012/12/03,0,275000,-39000,236000
2012/12/04,0,405000,-133000,272000
2012/12/05,0,139000,-226000,-87000
2012/12/06,0,559000,-119000,440000
2012/12/07,0,272000,-269000,3000
2012/12/10,0,78000,-385000,-307000
2012/12/11,0,77000,-458000,-381000
2012/12/12,0,57000,-103000,-46000
2012/12/13,0,72000,-68000,4000
2012/12/14,0,221000,-399000,-178000
2012/12/17,0,215000,-268000,-53000
2012/12/18,0,170000,-41000,129000
2012/12/19,0,193000,-125500,67500
2012/12/20,0,97000,-123000,-26000
2012/12/21,0,49000,-120000,-71000
2012/12/24,0,47000,-41000,6000
2012/12/25,0,209000,-16000,193000
2012/12/26,0,45000,-18000,27000
2012/12/27,0,209002,-114000,95002
2012/12/28,0,67000,-126000,-59000
2012/12/31,0,0,0,0
2013/01/01,0,0,0,0
2013/01/02,0,115000,-61000,54000
2013/01/03,0,49000,-152000,-103000
2013/01/04,0,113000,-174000,-61000
2013/01/07,0,96000,-87000,9000
2013/01/08,0,45000,-43000,2000
2013/01/09,0,65000,-19011,45989
2013/01/10,0,217000,-188000,29000
2013/01/11,0,438000,-277000,161000
2013/01/14,0,81000,-170000,-89000
2013/01/15,0,115000,-380000,-265000
2013/01/16,0,146000,-120000,26000
2013/01/17,0,206000,-180000,26000
2013/01/18,0,242000,-57001,184999
2013/01/21,0,71000,-358003,-287003
2013/01/22,0,55000,-165450,-110450
2013/01/23,0,88000,-42000,46000
2013/01/24,0,115000,-127000,-12000
2013/01/25,0,54000,-43000,11000
2013/01/28,0,205000,-130000,75000
2013/01/29,0,192000,-120000,72000
2013/01/30,0,65000,-116000,-51000
2013/01/31,0,20000,-56000,-36000
2013/02/01,0,329000,-35000,294000
2013/02/04,0,27000,-113087,-86087
2013/02/05,0,48000,-233000,-185000
2013/02/06,0,33000,-336000,-303000
2013/02/07,0,0,0,0
2013/02/08,0,0,0,0
2013/02/11,0,0,0,0
2013/02/12,0,0,0,0
2013/02/13,0,0,0,0
2013/02/14,0,0,0,0
2013/02/15,0,0,0,0
2013/02/18,0,16000,-216000,-200000
2013/02/19,0,199000,-91221,107779
2013/02/20,0,100000,-171000,-71000
2013/02/21,0,21000,-132000,-111000
2013/02/22,0,78000,-63000,15000
2013/02/25,0,20000,-66000,-46000
2013/02/26,0,7000,-302000,-295000
2013/02/27,0,166000,-50000,116000
2013/02/28,0,0,0,0
2013/03/01,0,50000,-96000,-46000
2013/03/04,0,58000,-77000,-19000
2013/03/05,0,80000,-135000,-55000
2013/03/06,0,314000,-29000,285000
2013/03/07,0,76000,-99000,-23000
2013/03/08,0,78000,-40000,38000
2013/03/11,0,81000,-136000,-55000
2013/03/12,0,268000,-36000,232000
2013/03/13,0,55000,-273001,-218001
2013/03/14,0,180000,-151000,29000
2013/03/15,0,104000,-284000,-180000
2013/03/18,0,74000,-78200,-4200
2013/03/19,0,335000,-72000,263000
2013/03/20,0,111000,-285000,-174000
2013/03/21,0,145000,-159000,-14000
2013/03/22,0,140000,-218000,-78000
2013/03/25,0,23000,-204000,-181000
2013/03/26,0,639000,-117000,522000
2013/03/27,0,66000,-358000,-292000
2013/03/28,0,51000,-153000,-102000
2013/03/29,0,42000,-61000,-19000
2013/04/01,0,34000,-57000,-23000
2013/04/02,0,133000,-67000,66000
2013/04/03,0,74000,-16000,58000
2013/04/04,0,0,0,0
2013/04/05,0,0,0,0
2013/04/08,0,38000,-330773,-292773
2013/04/09,0,17000,-47000,-30000
2013/04/10,0,31000,-56000,-25000
2013/04/11,0,28000,-211000,-183000
2013/04/12,0,30000,-129000,-99000
2013/04/15,0,12000,-143000,-131000
2013/04/16,0,48000,-297000,-249000
2013/04/17,0,31000,-375250,-344250
2013/04/18,0,11000,-335850,-324850
2013/04/19,0,73000,-515000,-442000
2013/04/22,0,10000,-53804,-43804
2013/04/23,0,116000,-23000,93000
2013/04/24,0,60000,-31000,29000
2013/04/25,0,27000,-35000,-8000
2013/04/26,0,8000,-66000,-58000
2013/04/29,0,1000,-6000,-5000
2013/04/30,0,34000,-5000,29000
2013/05/01,0,0,0,0
2013/05/02,0,144000,-31000,113000
2013/05/03,0,100000,-43000,57000
2013/05/06,0,133000,-25000,108000
2013/05/07,0,32000,-93000,-61000
2013/05/08,0,294000,-5000,289000
2013/05/09,0,28000,-175000,-147000
2013/05/10,0,81000,-20000,61000
2013/05/13,0,16000,-47000,-31000
2013/05/14,0,28000,-62000,-34000
2013/05/15,0,16000,-83000,-67000
2013/05/16,0,108000,-42000,66000
2013/05/17,0,58000,-5000,53000
2013/05/20,0,9000,-21094,-12094
2013/05/21,0,78000,-71000,7000
2013/05/22,0,426000,-40000,386000
2013/05/23,0,76000,-168000,-92000
2013/05/24,0,34000,-299000,-265000
2013/05/27,0,52000,-49000,3000
2013/05/28,0,14000,-81000,-67000
2013/05/29,0,305000,-63000,242000
2013/05/30,0,51000,-73399,-22399
2013/05/31,0,24000,-141000,-117000
2013/06/03,0,44000,-88000,-44000
2013/06/04,0,34000,-23000,11000
2013/06/05,0,30000,-178000,-148000
2013/06/06,0,36000,-220000,-184000
2013/06/07,0,92000,-96000,-4000
2013/06/10,0,50000,-12000,38000
2013/06/11,0,70000,-82000,-12000
2013/06/12,0,0,0,0
2013/06/13,0,42000,-366000,-324000
2013/06/14,0,43000,-123000,-80000
2013/06/17,0,8000,-63000,-55000
2013/06/18,0,92000,-20000,72000
2013/06/19,0,38000,-124200,-86200
2013/06/20,0,74000,-24000,50000
2013/06/21,0,111000,-162000,-51000
2013/06/24,0,11000,-36000,-25000
2013/06/25,0,111000,-127000,-16000
2013/06/26,0,166000,-75000,91000
2013/06/27,0,137000,-90000,47000
2013/06/28,0,134000,-58000,76000
2013/07/01,0,64000,-90000,-26000
2013/07/02,0,35000,-66000,-31000
2013/07/03,0,32000,-101000,-69000
2013/07/04,0,52000,-64000,-12000
2013/07/05,0,79000,-21000,58000
2013/07/08,0,20000,-99000,-79000
2013/07/09,0,43000,-60000,-17000
2013/07/10,0,234000,-70000,164000
2013/07/11,0,253000,-102000,151000
2013/07/12,0,151000,-46000,105000
2013/07/15,0,85000,-14000,71000
2013/07/16,0,38000,-84000,-46000
2013/07/17,0,16000,-99000,-83000
2013/07/18,0,26000,-208000,-182000
2013/07/19,0,291000,-65000,226000
2013/07/22,0,47000,-23000,24000
2013/07/23,0,357000,-29000,328000
2013/07/24,0,154000,-40000,114000
2013/07/25,0,59000,-99000,-40000
2013/07/26,0,59000,-96000,-37000
2013/07/29,0,37000,-162000,-125000
2013/07/30,0,46000,-169000,-123000
2013/07/31,0,151000,-98000,53000
2013/08/01,0,21000,-70000,-49000
2013/08/02,0,16000,-163000,-147000
2013/08/05,0,798000,-36000,762000
2013/08/06,0,245000,-200000,45000
2013/08/07,0,277000,-559000,-282000
2013/08/08,0,178000,-217000,-39000
2013/08/09,0,44000,-142000,-98000
2013/08/12,0,166000,-16000,150000
2013/08/13,0,400000,-52000,348000
2013/08/14,0,156000,-221000,-65000
2013/08/15,0,66000,-40000,26000
2013/08/16,0,51000,-62000,-11000
2013/08/19,0,20000,-51950,-31950
2013/08/20,0,118000,-27000,91000
2013/08/21,0,0,0,0
2013/08/22,0,599000,-104000,495000
2013/08/23,0,1702000,-98539,1603461
2013/08/26,0,187000,-1805000,-1618000
2013/08/27,0,85000,-807000,-722000
2013/08/28,0,42000,-115000,-73000
2013/08/29,0,317000,-157000,160000
2013/08/30,0,6000,-205000,-199000
2013/09/02,0,18000,-106000,-88000
2013/09/03,0,22000,-51000,-29000
2013/09/04,0,30000,-25000,5000
2013/09/05,0,28000,-50000,-22000
2013/09/06,0,89000,-39000,50000
2013/09/09,0,61000,-153000,-92000
2013/09/10,0,17000,-313000,-296000
2013/09/11,0,40000,-217000,-177000
2013/09/12,0,31000,-43000,-12000
2013/09/13,0,4000,-58000,-54000
2013/09/16,0,11000,-70000,-59000
2013/09/17,0,52000,-76000,-24000
2013/09/18,0,31000,-104000,-73000
2013/09/19,0,0,0,0
2013/09/20,0,0,0,0
2013/09/23,0,22000,-13000,9000
2013/09/24,0,83000,-78000,5000
2013/09/25,0,48000,-72000,-24000
2013/09/26,0,120000,-88000,32000
2013/09/27,0,1359000,-24000,1335000
2013/09/30,0,121000,-1043000,-922000
2013/10/01,0,48000,-121000,-73000
2013/10/02,0,56000,-19000,37000
2013/10/03,0,151000,-73000,78000
2013/10/04,0,23000,-60000,-37000
2013/10/07,0,8000,-31000,-23000
2013/10/08,0,122000,-109000,13000
2013/10/09,0,15100,-18000,-2900
2013/10/10,0,0,0,0
2013/10/11,0,25150,-107000,-81850
2013/10/14,0,51000,-117300,-66300
2013/10/15,0,60000,-24000,36000
2013/10/16,0,7000,-78000,-71000
2013/10/17,0,9000,-33000,-24000
2013/10/18,0,57000,0,57000
2013/10/21,0,37000,-23000,14000
2013/10/22,0,22000,-28000,-6000
2013/10/23,0,25000,-49488,-24488
2013/10/24,0,16000,-16000,0
2013/10/25,0,6000,-59000,-53000
2013/10/28,0,10000,-16000,-6000
2013/10/29,0,23000,-51000,-28000
2013/10/30,0,17000,-18000,-1000
2013/10/31,0,74000,-19000,55000
2013/11/01,0,123000,-73000,50000
2013/11/04,0,36000,-34000,2000
2013/11/05,0,28000,-158050,-130050
2013/11/06,0,53000,-63300,-10300
2013/11/07,0,13000,-7000,6000
2013/11/08,0,12000,-26000,-14000
2013/11/11,0,22000,-33000,-11000
2013/11/12,0,43000,-117000,-74000
2013/11/13,0,44000,-399000,-355000
2013/11/14,0,142000,-16251,125749
2013/11/15,0,26000,0,26000
2013/11/18,0,19000,-17000,2000
2013/11/19,0,52000,-16000,36000
2013/11/20,0,78000,-195900,-117900
2013/11/21,0,103000,-548350,-445350
2013/11/22,0,194000,-109500,84500
2013/11/25,0,63000,-2000,61000
2013/11/26,0,104000,-8000,96000
2013/11/27,0,4000,-8000,-4000
2013/11/28,0,24000,-1000,23000
2013/11/29,0,221000,-25000,196000
2013/12/02,0,17000,-60000,-43000
2013/12/03,0,3000,-32000,-29000
2013/12/04,0,39000,-5250,33750
2013/12/05,0,18000,-8000,10000
2013/12/06,0,48000,-12000,36000
2013/12/09,0,79000,-37000,42000
2013/12/10,0,4000,-23000,-19000
2013/12/11,0,14000,-76000,-62000
2013/12/12,0,14000,-21000,-7000
2013/12/13,0,23000,-3000,20000
2013/12/16,0,19000,-11000,8000
2013/12/17,0,3000,-36000,-33000
2013/12/18,0,23000,-125000,-102000
2013/12/19,0,16000,-9000,7000
2013/12/20,0,0,-37000,-37000
2013/12/23,0,15000,-18000,-3000
2013/12/24,0,64000,-1000,63000
2013/12/25,0,93000,-4000,89000
2013/12/26,0,19000,-7000,12000
2013/12/27,0,35000,-14000,21000
2013/12/30,0,10000,-28000,-18000
2013/12/31,0,31000,-42000,-11000
2014/01/02,0,0,-28000,-28000
2014/01/03,0,0,-23000,-23000
2014/01/06,0,0,-33400,-33400
2014/01/07,0,54000,-9000,45000
2014/01/08,0,0,-5000,-5000
2014/01/09,0,91000,-19000,72000
2014/01/10,0,31000,-41000,-10000
2014/01/13,0,12000,-105000,-93000
2014/01/14,0,12000,-20000,-8000
2014/01/15,0,16000,-106000,-90000
2014/01/16,0,37000,-25000,12000
2014/01/17,0,0,-17000,-17000
2014/01/20,0,33000,-5000,28000
2014/01/21,0,0,-2546,-2546
2014/01/22,0,15000,-9000,6000
2014/01/23,0,40000,-132000,-92000
2014/01/24,0,2000,-3000,-1000
2014/01/27,0,0,-54000,-54000
2014/02/05,0,101000,-54000,47000
2014/02/06,0,0,-50,-50
2014/02/07,0,0,-10000,-10000
2014/02/10,0,0,-3000,-3000
2014/02/11,0,0,-32000,-32000
2014/02/12,0,4000,-6000,-2000
2014/02/13,0,0,-12000,-12000
2014/02/14,0,9000,-4000,5000
2014/02/17,0,25000,-14000,11000
2014/02/18,0,0,-14000,-14000
2014/02/19,0,2000,-34000,-32000
2014/02/20,0,0,-11000,-11000
2014/02/21,0,1000,0,1000
2014/02/24,0,0,-4000,-4000
2014/02/25,0,137,-1000,-863
2014/02/26,0,46000,-100,45900
2014/02/27,0,0,-11000,-11000
2014/03/03,0,0,-49719,-49719
2014/03/04,0,0,0,0
2014/03/05,0,10000,-44000,-34000
2014/03/06,0,136000,-126000,10000
2014/03/07,0,75000,-45000,30000
2014/03/10,0,64000,-10000,54000
2014/03/11,0,27000,-11000,16000
2014/03/12,0,0,-3000,-3000
2014/03/13,0,2695000,-38714,2656286
2014/03/14,0,999000,-21000,978000
2014/03/17,0,466000,-22000,444000
2014/03/18,0,521000,-3000,518000
2014/03/19,0,34000,-103000,-69000
2014/03/20,0,185000,-20102,164898
2014/03/21,0,288000,-10000,278000
2014/03/24,0,32000,-66000,-34000
2014/03/25,0,9000,-4850,4150
2014/03/26,0,10000,-24000,-14000
2014/03/27,0,41000,-417000,-376000
2014/03/28,0,59000,-17000,42000
2014/03/31,0,7000,-28000,-21000
2014/04/01,0,1000,-23000,-22000
2014/04/02,0,7000,-6100,900
2014/04/03,0,4000,-15000,-11000
2014/04/07,0,342000,-1000,341000
2014/04/08,0,401000,0,401000
2014/04/09,0,2000,-5000,-3000
2014/04/10,0,67000,-180000,-113000
2014/04/11,0,1000,-143000,-142000
2014/04/14,0,90000,-7000,83000
2014/04/15,0,105000,-78000,27000
2014/04/16,0,20000,-78000,-58000
2014/04/17,0,10000,-46000,-36000
2014/04/18,0,2000,-3000,-1000
2014/04/21,0,55000,-1000,54000
2014/04/22,0,42000,-72000,-30000
2014/04/23,0,30000,-59000,-29000
2014/04/24,0,68000,-33000,35000
2014/04/25,0,125000,-145013,-20013
2014/04/28,0,84000,-20000,64000
2014/04/29,0,50000,-91000,-41000
2014/04/30,0,140000,-129000,11000
2014/05/02,0,330000,-330151,-151
2014/05/05,0,10000,-20686,-10686
2014/05/06,0,61000,-91000,-30000
2014/05/07,0,0,-120509,-120509
2014/05/08,0,185000,-72000,113000
2014/05/09,0,195000,-26000,169000
2014/05/12,0,77000,-107000,-30000
2014/05/13,0,0,-432000,-432000
2014/05/14,0,13000,-8000,5000
2014/05/15,0,19000,-4312000,-4293000
2014/05/16,0,103000,-399000,-296000
2014/05/19,0,0,-15000,-15000
2014/05/20,0,0,-7000,-7000
2014/05/21,0,22000,-949000,-927000
2014/05/22,0,10000,-3000,7000
2014/05/23,0,3000,-10000,-7000
2014/05/26,0,0,-9000,-9000
2014/05/27,0,0,-6000,-6000
2014/05/28,0,8000,-6000,2000
2014/05/29,0,5093,-6000,-907
2014/05/30,0,40000,-33000,7000
2014/06/03,0,0,-8000,-8000
2014/06/04,0,0,-4000,-4000
2014/06/05,0,17000,-21000,-4000
2014/06/06,0,0,-3000,-3000
2014/06/09,0,0,0,0
2014/06/10,0,10000,-3000,7000
2014/06/11,0,42000,-8000,34000
2014/06/12,0,6000,-3000,3000
2014/06/13,0,0,-1658,-1658
2014/06/16,0,10000,-6000,4000
2014/06/17,0,4000,0,4000
2014/06/18,0,66000,-29000,37000
2014/06/19,0,72000,-2000,70000
2014/06/20,0,0,-4000,-4000
2014/06/23,0,5000,-4000,1000
2014/06/24,0,51000,-6000,45000
2014/06/25,0,22000,0,22000
2014/06/26,0,151000,-43614,107386
2014/06/27,0,72000,-30000,42000
2014/06/30,0,29000,-26000,3000
2014/07/01,0,54000,0,54000
2014/07/02,0,188000,-164000,24000
2014/07/03,0,45000,-12000,33000
2014/07/04,0,14000,-156000,-142000
2014/07/07,0,64000,-40000,24000
2014/07/08,0,30000,-53000,-23000
2014/07/09,0,55000,0,55000
2014/07/10,0,49000,-4000,45000
2014/07/11,0,38000,-3000,35000
2014/07/14,0,20000,-12000,8000
2014/07/15,0,30000,-51000,-21000
2014/07/16,0,45265,-176000,-130735
2014/07/17,0,94000,-145000,-51000
2014/07/18,0,49000,-3000,46000
2014/07/21,0,45000,-20000,25000
2014/07/22,0,217000,-38000,179000
2014/07/23,0,0,0,0
2014/07/24,0,60000,-90000,-30000
2014/07/25,0,55000,-44000,11000
2014/07/28,0,22000,-78000,-56000
2014/07/29,0,32000,0,32000
2014/07/30,0,0,-57000,-57000
2014/07/31,0,11000,-11000,0
2014/08/01,0,5000,0,5000
2014/08/04,0,0,-8000,-8000
2014/08/05,0,2000,-66000,-64000
2014/08/06,0,0,-16000,-16000
2014/08/07,0,3000,-8000,-5000
2014/08/08,0,13000,0,13000
2014/08/11,0,6000,0,6000
2014/08/12,0,0,-36000,-36000
2014/08/13,0,114000,-2000,112000
2014/08/14,0,86000,-10000,76000
2014/08/15,0,10000,-3000,7000
2014/08/18,0,208000,-8000,200000
2014/08/19,0,91000,-45000,46000
2014/08/20,0,71000,-163000,-92000
2014/08/21,0,102000,-21000,81000
2014/08/22,0,340000,-10000,330000
2014/08/25,0,233000,-10000,223000
2014/08/26,0,137000,-80000,57000
2014/08/27,0,304000,-60959,243041
2014/08/28,0,344000,-331000,13000
2014/08/29,0,109000,-56000,53000
2014/09/01,0,16000,-17000,-1000
2014/09/02,0,39000,-44000,-5000
2014/09/03,0,419000,-184000,235000
2014/09/04,0,40000,-195000,-155000
2014/09/05,0,58000,-325000,-267000
2014/09/09,0,55000,0,55000
2014/09/10,0,137000,-87000,50000
2014/09/11,0,20000,-4000,16000
2014/09/12,0,0,-32000,-32000
2014/09/15,0,0,-28000,-28000
2014/09/16,0,3000,-21000,-18000
2014/09/17,0,59000,-182000,-123000
2014/09/18,0,276000,-10000,266000
2014/09/19,0,78000,0,78000
2014/09/22,0,65000,-80807,-15807
2014/09/23,0,36000,-73000,-37000
2014/09/24,0,369000,-115500,253500
2014/09/25,0,148000,-46000,102000
2014/09/26,0,49000,-160000,-111000
2014/09/29,0,70000,-30000,40000
2014/09/30,0,116000,-140000,-24000
2014/10/01,0,351000,0,351000
2014/10/02,0,212100,-114000,98100
2014/10/03,0,93000,-117000,-24000
2014/10/06,0,904000,0,904000
2014/10/07,0,205000,-433000,-228000
2014/10/08,0,65000,-259000,-194000
2014/10/09,0,220000,-69000,151000
2014/10/13,0,122000,-297000,-175000
2014/10/14,0,91000,-209000,-118000
2014/10/15,0,92000,-264000,-172000
2014/10/16,0,173500,-123000,50500
2014/10/17,0,105000,-712000,-607000
2014/10/20,0,111000,-85000,26000
2014/10/21,0,116000,-29000,87000
2014/10/22,0,216000,-155000,61000
2014/10/23,0,23000,-174884,-151884
2014/10/24,0,89000,-40000,49000
2014/10/27,0,28000,-15000,13000
2014/10/28,0,2175000,-125000,2050000
2014/10/29,0,99000,-1136000,-1037000
2014/10/30,0,3533000,-186000,3347000
2014/10/31,0,727000,-2210000,-1483000
2014/11/03,0,770000,-899000,-129000
2014/11/04,0,151000,-557000,-406000
2014/11/05,0,1642000,-486000,1156000
2014/11/06,0,442000,-766457,-324457
2014/11/07,0,605000,-662000,-57000
2014/11/10,0,920000,-287000,633000
2014/11/11,0,406000,-673700,-267700
2014/11/12,0,2340000,-333744,2006256
2014/11/13,0,2437000,-488000,1949000
2014/11/14,0,441500,-2059000,-1617500
2014/11/17,0,642000,-357000,285000
2014/11/18,0,170900,-416000,-245100
2014/11/19,0,2694000,-1100000,1594000
2014/11/20,0,1381000,-2320000,-939000
2014/11/21,0,818000,-2314701,-1496701
2014/11/24,0,331000,-724000,-393000
2014/11/25,0,1523000,-413005,1109995
2014/11/26,0,355000,-545000,-190000
2014/11/27,0,518000,-531000,-13000
2014/11/28,0,321000,-606000,-285000
2014/12/01,0,1010000,-678000,332000
2014/12/02,0,138000,-1371000,-1233000
2014/12/03,0,1610000,-699000,911000
2014/12/04,0,881000,-1375000,-494000
2014/12/05,0,554000,-620000,-66000
2014/12/08,0,875000,-998000,-123000
2014/12/09,0,287000,-502000,-215000
2014/12/10,0,421000,-1514500,-1093500
2014/12/11,0,1581000,-143500,1437500
2014/12/12,0,754000,-738000,16000
2014/12/15,0,489000,-115000,374000
2014/12/16,0,284000,-622000,-338000
2014/12/17,0,209000,-262000,-53000
2014/12/18,0,347000,-255655,91345
2014/12/19,0,658000,-696000,-38000
2014/12/22,0,921000,-196700,724300
2014/12/23,0,166000,-439000,-273000
2014/12/24,0,122000,-404000,-282000
2014/12/25,0,46000,-32000,14000
2014/12/26,0,89000,-92000,-3000
2014/12/29,0,196000,-555000,-359000
2014/12/30,0,173000,-431000,-258000
2014/12/31,0,16000,-440000,-424000
2015/01/01,0,0,0,0
2015/01/02,0,0,0,0
2015/01/05,0,165000,-317500,-152500
2015/01/06,0,126000,-559000,-433000
2015/01/07,0,73000,-411000,-338000
2015/01/08,0,302000,-71467,230533
2015/01/09,0,1411000,-247000,1164000
2015/01/12,0,89000,-813000,-724000
2015/01/13,0,660000,-319000,341000
2015/01/14,0,101000,-597000,-496000
2015/01/15,0,56000,-247000,-191000
2015/01/16,0,149000,-348179,-199179
2015/01/19,0,107000,-603000,-496000
2015/01/20,0,188000,-57000,131000
2015/01/21,0,171000,-97000,74000
2015/01/22,0,230000,-202000,28000
2015/01/23,0,536000,-89000,447000
2015/01/26,0,777000,-95000,682000
2015/01/27,0,699000,-144000,555000
2015/01/28,0,70000,-23000,47000
2015/01/29,0,45000,-227000,-182000
2015/01/30,0,96000,-135000,-39000
2015/02/02,0,227000,-77000,150000
2015/02/03,0,138000,-1076000,-938000
2015/02/04,0,52000,-165135,-113135
2015/02/05,0,50500,-307135,-256635
2015/02/06,0,73000,-280000,-207000
2015/02/09,0,75000,-347000,-272000
2015/02/10,0,34000,-141000,-107000
2015/02/11,0,38000,-545000,-507000
2015/02/12,0,81000,-150000,-69000
2015/02/13,0,30000,-429000,-399000
2015/02/16,0,0,0,0
2015/02/17,0,0,0,0
2015/02/18,0,0,0,0
2015/02/19,0,0,0,0
2015/02/20,0,0,0,0
2015/02/23,0,0,0,0
2015/02/24,0,90000,-397000,-307000
2015/02/25,0,111000,-19090,91910
2015/02/26,0,14000,-22000,-8000
2015/02/27,0,0,0,0
2015/03/02,0,169000,-182000,-13000
2015/03/03,0,99000,-136000,-37000
2015/03/04,0,676000,-117486,558514
2015/03/05,0,1107000,-387089,719911
2015/03/06,0,459000,-319000,140000
2015/03/09,0,48000,-204331,-156331
2015/03/10,0,73000,-320000,-247000
2015/03/11,0,336000,-302000,34000
2015/03/12,0,363000,-170936,192064
2015/03/13,0,123000,-104000,19000
2015/03/16,0,52000,-209000,-157000
2015/03/17,0,225000,-281090,-56090
2015/03/18,0,143000,-316000,-173000
2015/03/19,0,1132000,-173000,959000
2015/03/20,0,1173000,-446000,727000
2015/03/23,0,576000,-1047000,-471000
2015/03/24,0,39000,-259000,-220000
2015/03/25,0,161000,-329000,-168000
2015/03/26,0,942000,-211000,731000
2015/03/27,0,198000,-362000,-164000
2015/03/30,0,903000,-573000,330000
2015/03/31,0,255000,-620000,-365000
2015/04/01,0,117000,-114000,3000
2015/04/02,0,883000,-596000,287000
2015/04/03,0,0,0,0
2015/04/06,0,0,0,0
2015/04/07,0,2011000,-265000,1746000
2015/04/08,0,170000,-461000,-291000
2015/04/09,0,31000,-746000,-715000
2015/04/10,0,275000,-155000,120000
2015/04/13,0,243000,-305000,-62000
2015/04/14,0,301000,-67000,234000
2015/04/15,0,80000,-730000,-650000
2015/04/16,0,212000,-27000,185000
2015/04/17,0,76000,-162000,-86000
2015/04/20,0,18000,-244000,-226000
2015/04/21,0,848000,-411000,437000
2015/04/22,0,145000,-680000,-535000
2015/04/23,0,1070000,-338000,732000
2015/04/24,0,376000,-1371000,-995000
2015/04/27,0,1520000,-283000,1237000
2015/04/28,0,105000,-461000,-356000
2015/04/29,0,91000,-814000,-723000
2015/04/30,0,142000,-51000,91000
2015/05/01,0,0,0,0
2015/05/04,0,3000,-301000,-298000
2015/05/05,0,7000,-139000,-132000
2015/05/06,0,171000,-122000,49000
2015/05/07,0,473000,-74000,399000
2015/05/08,0,127000,-139000,-12000
2015/05/11,0,2618000,-237000,2381000
2015/05/12,0,213000,-706000,-493000
2015/05/13,0,2941000,-328000,2613000
2015/05/14,0,1215000,-2712000,-1497000
2015/05/15,0,452000,-1510000,-1058000
2015/05/18,0,2052000,-853000,1199000
2015/05/19,0,508000,-2183000,-1675000
2015/05/20,0,254000,-805000,-551000
2015/05/21,0,630000,-352000,278000
2015/05/22,0,614000,-510000,104000
2015/05/25,0,1260000,-453000,807000
2015/05/26,0,690000,-1119000,-429000
2015/05/27,0,567000,-350000,217000
2015/05/28,0,744000,-618000,126000
2015/05/29,0,83000,-531000,-448000
2015/06/01,0,382000,-218000,164000
2015/06/02,0,1962000,-803000,1159000
2015/06/03,0,75000,-1131000,-1056000
2015/06/04,0,461000,-1372000,-911000
2015/06/05,0,394000,-791000,-397000
2015/06/08,0,687000,-806000,-119000
2015/06/09,0,228000,-726000,-498000
2015/06/10,0,469000,-257000,212000
2015/06/11,0,1148000,-602000,546000
2015/06/12,0,174000,-465000,-291000
2015/06/15,0,1125000,-881000,244000
2015/06/16,0,786000,-311000,475000
2015/06/17,0,313000,-189000,124000
2015/06/18,0,688000,-148000,540000
2015/06/19,0,0,0,0
2015/06/22,0,1497000,-310000,1187000
2015/06/23,0,451000,-290000,161000
2015/06/24,0,289000,-90000,199000
2015/06/25,0,1319000,-446000,873000
2015/06/26,0,200000,-185000,15000
2015/06/29,0,187000,-689000,-502000
2015/06/30,0,345000,-1418000,-1073000
2015/07/01,0,2931000,-874000,2057000
2015/07/02,0,170000,-806000,-636000
2015/07/03,0,489000,-787000,-298000
2015/07/06,0,581000,-847000,-266000
2015/07/07,0,200000,-707000,-507000
2015/07/08,0,879000,-2744000,-1865000
2015/07/09,0,1705000,-1308000,397000
2015/07/10,0,0,0,0
2015/07/13,0,272000,-1795000,-1523000
2015/07/14,0,416000,-590000,-174000
2015/07/15,0,113000,-958000,-845000
2015/07/16,0,566000,-183000,383000
2015/07/17,0,99000,-200000,-101000
2015/07/20,0,286000,-828000,-542000
2015/07/21,0,254000,-178000,76000
2015/07/22,0,322000,-1011000,-689000
2015/07/23,0,648000,-840000,-192000
2015/07/24,0,563000,-332000,231000
2015/07/27,0,241000,-1190000,-949000
2015/07/28,0,438000,-232000,206000
2015/07/29,0,502000,-390000,112000
2015/07/30,0,213000,-248000,-35000
2015/07/31,0,215000,-238000,-23000
2015/08/03,0,171000,-336000,-165000
2015/08/04,0,433000,-850000,-417000
2015/08/05,0,742000,-181000,561000
2015/08/06,0,330000,-610000,-280000
2015/08/07,0,230000,-191000,39000
2015/08/10,0,659000,-451000,208000
2015/08/11,0,685000,-811000,-126000
2015/08/12,0,140000,-579000,-439000
2015/08/13,0,1152000,-414000,738000
2015/08/14,0,318000,-676000,-358000
2015/08/17,0,123000,-170000,-47000
2015/08/18,0,300000,-209000,91000
2015/08/19,0,209000,-509000,-300000
2015/08/20,0,273000,-380000,-107000
2015/08/21,0,181000,-755000,-574000
2015/08/24,0,688000,-931000,-243000
2015/08/25,0,415000,-189000,226000
2015/08/26,0,1204000,-254752,949248
2015/08/27,0,518000,-1116000,-598000
2015/08/28,0,348000,-328000,20000
2015/08/31,0,102000,-260000,-158000
2015/09/01,0,147000,-215457,-68457
2015/09/02,0,324000,-257000,67000
2015/09/03,0,83000,-320000,-237000
2015/09/04,0,202000,-397000,-195000
2015/09/07,0,258000,-81000,177000
2015/09/08,0,55000,-151000,-96000
2015/09/09,0,1286000,-289150,996850
2015/09/10,0,143000,-375000,-232000
2015/09/11,0,138000,-326000,-188000
2015/09/14,0,121000,-68000,53000
2015/09/15,0,111000,-68000,43000
2015/09/16,0,135000,-168000,-33000
2015/09/17,0,395000,-301000,94000
2015/09/18,0,248000,-104000,144000
2015/09/21,0,85000,-479000,-394000
2015/09/22,0,63000,-111000,-48000
2015/09/23,0,104000,-98000,6000
2015/09/24,0,98000,-896000,-798000
2015/09/25,0,95000,-218000,-123000
2015/09/28,0,0,0,0
2015/09/29,0,0,0,0
2015/09/30,0,217000,-165000,52000
2015/10/01,0,230000,-114000,116000
2015/10/02,0,259000,-196000,63000
2015/10/05,0,114000,-70000,44000
2015/10/06,0,1134000,-289000,845000
2015/10/07,0,1241000,-510000,731000
2015/10/08,0,403000,-575000,-172000
2015/10/09,0,0,0,0
2015/10/12,0,193000,-740000,-547000
2015/10/13,0,163000,-209350,-46350
2015/10/14,0,31000,-220000,-189000
2015/10/15,0,220000,-106000,114000
2015/10/16,0,18000,-69000,-51000
2015/10/19,0,105000,-369640,-264640
2015/10/20,0,147000,-209000,-62000
2015/10/21,0,219000,-85300,133700
2015/10/22,0,108000,-70000,38000
2015/10/23,0,148000,-59000,89000
2015/10/26,0,205000,-90700,114300
2015/10/27,0,72000,-137100,-65100
2015/10/28,0,77000,-76000,1000
2015/10/29,0,42000,-375061,-333061
2015/10/30,0,67000,-152000,-85000
2015/11/02,0,261000,-25000,236000
2015/11/03,0,100000,-62000,38000
2015/11/04,0,196000,-128000,68000
2015/11/05,0,512000,-88000,424000
2015/11/06,0,36000,-269000,-233000
2015/11/09,0,45000,-105000,-60000
2015/11/10,0,25000,-290000,-265000
2015/11/11,0,241000,-901000,-660000
2015/11/12,0,635000,-46000,589000
2015/11/13,0,100000,-72050,27950
2015/11/16,0,97000,-121360,-24360
2015/11/17,0,66000,-80320,-14320
2015/11/18,0,397000,-494000,-97000
2015/11/19,0,406000,-52210,353790
2015/11/20,0,334000,-30000,304000
2015/11/23,0,335000,-67000,268000
2015/11/24,0,59000,-203400,-144400
2015/11/25,0,191000,-277000,-86000
2015/11/26,0,444000,-21000,423000
2015/11/27,0,72000,-82000,-10000
2015/11/30,0,36000,-144000,-108000
2015/12/01,0,177000,-50000,127000
2015/12/02,0,427000,-119000,308000
2015/12/03,0,329000,-281000,48000
2015/12/04,0,111000,-28600,82400
2015/12/07,0,237000,-9000,228000
2015/12/08,0,66000,-293000,-227000
2015/12/09,0,84000,-395000,-311000
2015/12/10,0,332000,-79020,252980
2015/12/11,0,140000,-45003,94997
2015/12/14,0,147000,-209000,-62000
2015/12/15,0,233000,-128000,105000
2015/12/16,0,244000,-203000,41000
2015/12/17,0,914000,-233000,681000
2015/12/18,0,293000,-284000,9000
2015/12/21,0,87000,-119000,-32000
2015/12/22,0,37000,-278000,-241000
2015/12/23,0,125000,-123000,2000
2015/12/24,0,20000,-27000,-7000
2015/12/25,0,24000,-88000,-64000
2015/12/28,0,50000,-48050,1950
2015/12/29,0,138000,-30000,108000
2015/12/30,0,26000,-107030,-81030
2015/12/31,0,22000,-29000,-7000
2016/01/01,0,0,0,0
2016/01/04,0,66000,-140000,-74000
2016/01/05,0,131000,-65000,66000
2016/01/06,0,210000,-668000,-458000
2016/01/07,0,422000,-113000,309000
2016/01/08,0,61000,-28000,33000
2016/01/11,0,114000,-165000,-51000
2016/01/12,0,120000,-661000,-541000
2016/01/13,0,370000,-217400,152600
2016/01/14,0,275000,-195000,80000
2016/01/15,0,38000,-446000,-408000
2016/01/18,0,201000,-138000,63000
2016/01/19,0,103000,-65000,38000
2016/01/20,0,34000,-210000,-176000
2016/01/21,0,2000,-68000,-66000
2016/01/22,0,94000,-48000,46000
2016/01/25,0,127000,-8000,119000
2016/01/26,0,34000,-141000,-107000
2016/01/27,0,6000,-23000,-17000
2016/01/28,0,5000,-86000,-81000
2016/01/29,0,945000,-107000,838000
2016/02/01,0,24000,-89000,-65000
2016/02/02,0,12000,-104000,-92000
2016/02/03,0,136000,-113000,23000
2016/02/04,0,0,0,0
2016/02/05,0,0,0,0
2016/02/08,0,0,0,0
2016/02/09,0,0,0,0
2016/02/10,0,0,0,0
2016/02/11,0,0,0,0
2016/02/12,0,0,0,0
2016/02/15,0,14000,-55000,-41000
2016/02/16,0,223000,-15000,208000
2016/02/17,0,94000,-121000,-27000
2016/02/18,0,73000,-107000,-34000
2016/02/19,0,25000,-75000,-50000
2016/02/22,0,72000,-43000,29000
2016/02/23,0,152000,-179000,-27000
2016/02/24,0,11000,-95000,-84000
2016/02/25,0,74000,-41000,33000
2016/02/26,0,169000,-51000,118000
2016/02/29,0,0,0,0
2016/03/01,0,61000,-2000,59000
2016/03/02,0,1179000,-69000,1110000
2016/03/03,0,125000,-781000,-656000
2016/03/04,0,43000,-315000,-272000
2016/03/07,0,53000,-126000,-73000
2016/03/08,0,571000,-51000,520000
2016/03/09,0,50000,-198000,-148000
2016/03/10,0,37000,-11000,26000
2016/03/11,0,81000,-28861,52139
2016/03/14,0,1257000,-6000,1251000
2016/03/15,0,67000,-973000,-906000
2016/03/16,0,618000,-151000,467000
2016/03/17,0,63000,-366000,-303000
2016/03/18,0,111000,-367000,-256000
2016/03/21,0,36000,-148000,-112000
2016/03/22,0,19000,-154000,-135000
2016/03/23,0,8000,-215000,-207000
2016/03/24,0,143000,-32000,111000
2016/03/25,0,50000,-75000,-25000
2016/03/28,0,63000,-66000,-3000
2016/03/29,0,36000,-339000,-303000
2016/03/30,0,0,0,0
2016/03/31,0,150000,-1613000,-1463000
2016/04/01,0,66000,-100000,-34000
2016/04/04,0,0,0,0
2016/04/05,0,0,0,0
2016/04/06,0,39000,-120000,-81000
2016/04/07,0,20000,-146000,-126000
2016/04/08,0,30000,-118990,-88990
2016/04/11,0,56000,-103000,-47000
2016/04/12,0,94000,-55000,39000
2016/04/13,0,142000,-35000,107000
2016/04/14,0,12000,-122000,-110000
2016/04/15,0,147000,-68000,79000
2016/04/18,0,46000,-13000,33000
2016/04/19,0,44000,-277000,-233000
2016/04/20,0,47000,-297000,-250000
2016/04/21,0,57000,-76000,-19000
2016/04/22,0,7000,-66000,-59000
2016/04/25,0,35000,-22000,13000
2016/04/26,0,27000,-9000,18000
2016/04/27,0,31000,-25000,6000
2016/04/28,0,39000,-208000,-169000
2016/04/29,0,28000,-49000,-21000
2016/05/02,0,0,0,0
2016/05/03,0,8000,-43000,-35000
2016/05/04,0,39000,-21000,18000
2016/05/05,0,23000,-130000,-107000
2016/05/06,0,16000,-72000,-56000
2016/05/09,0,11000,-6000,5000
2016/05/10,0,145000,-14000,131000
2016/05/11,0,27000,-50000,-23000
2016/05/12,0,18000,-44000,-26000
2016/05/13,0,175000,-24000,151000
2016/05/16,0,95000,-120000,-25000
2016/05/17,0,167000,-55000,112000
2016/05/18,0,187000,-83000,104000
2016/05/19,0,39000,-216000,-177000
2016/05/20,0,113000,-81000,32000
2016/05/23,0,351000,-89000,262000
2016/05/24,0,77000,-232000,-155000
2016/05/25,0,374000,-39000,335000
2016/05/26,0,17000,-78000,-61000
2016/05/27,0,41000,-87000,-46000
2016/05/30,0,36000,-52000,-16000
2016/05/31,0,480000,-30000,450000
2016/06/01,0,72000,-244000,-172000
2016/06/02,0,38000,-32000,6000
2016/06/03,0,66000,-54000,12000
2016/06/06,0,69000,-17000,52000
2016/06/07,0,76000,-69000,7000
2016/06/08,0,106000,-110000,-4000
2016/06/09,0,0,0,0
2016/06/10,0,0,0,0
2016/06/13,0,54000,-200000,-146000
2016/06/14,0,457000,-189000,268000
2016/06/15,0,90000,-223000,-133000
2016/06/16,0,83000,-66000,17000
2016/06/17,0,71000,-117000,-46000
2016/06/20,0,65000,-17000,48000
2016/06/21,0,33000,-37000,-4000
2016/06/22,0,55000,-136000,-81000
2016/06/23,0,45000,-94000,-49000
2016/06/24,0,31000,-137000,-106000
2016/06/27,0,29000,-25000,4000
2016/06/28,0,83000,-64000,19000
2016/06/29,0,4000,-104400,-100400
2016/06/30,0,227000,-36000,191000
2016/07/01,0,25000,-137000,-112000
2016/07/04,0,34000,-24000,10000
2016/07/05,0,17000,-40000,-23000
2016/07/06,0,9000,-81000,-72000
2016/07/07,0,0,-85000,-85000
2016/07/08,0,0,0,0
2016/07/11,0,173000,-9000,164000
2016/07/12,0,109000,-27000,82000
2016/07/13,0,453000,-37000,416000
2016/07/14,0,86000,-95000,-9000
2016/07/15,0,293000,-62000,231000
2016/07/18,0,659000,-214000,445000
2016/07/19,0,47000,-564000,-517000
2016/07/20,0,56000,-98000,-42000
2016/07/21,0,180000,-122000,58000
2016/07/22,0,40000,-53000,-13000
2016/07/25,0,9000,-160000,-151000
2016/07/26,0,57000,-144000,-87000
2016/07/27,0,1000,-111000,-110000
2016/07/28,0,23000,-51000,-28000
2016/07/29,0,16000,-44000,-28000
2016/08/01,0,22000,-8000,14000
2016/08/02,0,3000,-34000,-31000
2016/08/03,0,96000,-35000,61000
2016/08/04,0,36000,-121000,-85000
2016/08/05,0,21000,-42000,-21000
2016/08/08,0,768000,-4000,764000
2016/08/09,0,37000,-616000,-579000
2016/08/10,0,46000,-172000,-126000
2016/08/11,0,51000,-79000,-28000
2016/08/12,0,223000,-79000,144000
2016/08/15,0,1641000,-109000,1532000
2016/08/16,0,486000,-709000,-223000
2016/08/17,0,327000,-115000,212000
2016/08/18,0,182000,-270000,-88000
2016/08/19,0,124000,-257000,-133000
2016/08/22,0,53000,-323000,-270000
2016/08/23,0,53000,-189000,-136000
2016/08/24,0,1378000,-92000,1286000
2016/08/25,0,764000,-821000,-57000
2016/08/26,0,136000,-468000,-332000
2016/08/29,0,526000,-175000,351000
2016/08/30,0,183000,-211000,-28000
2016/08/31,0,457000,-377000,80000
2016/09/01,0,3032000,-66248,2965752
2016/09/02,0,279000,-2936000,-2657000
2016/09/05,0,280000,-605000,-325000
2016/09/06,0,395000,-317000,78000
2016/09/07,0,45000,-522000,-477000
2016/09/08,0,12000,-946000,-934000
2016/09/09,0,9000,-339000,-330000
2016/09/12,0,226000,-266000,-40000
2016/09/13,0,191000,-312080,-121080
2016/09/14,0,492000,-170000,322000
2016/09/15,0,0,0,0
2016/09/16,0,0,0,0
2016/09/19,0,969000,-531000,438000
2016/09/20,0,205000,-329000,-124000
2016/09/21,0,58000,-378000,-320000
2016/09/22,0,1180000,-230000,950000
2016/09/23,0,58000,-680000,-622000
2016/09/26,0,19000,-176000,-157000
2016/09/27,0,0,0,0
2016/09/28,0,0,0,0
2016/09/29,0,302000,-111640,190360
2016/09/30,0,737000,-204000,533000
2016/10/03,0,365000,-325000,40000
2016/10/04,0,82000,-143000,-61000
2016/10/05,0,443000,-490000,-47000
2016/10/06,0,37000,-266000,-229000
2016/10/07,0,42000,-156000,-114000
2016/10/10,0,0,0,0
2016/10/11,0,88000,-229000,-141000
2016/10/12,0,88000,-276000,-188000
2016/10/13,0,289000,-206000,83000
2016/10/14,0,48000,-388000,-340000
2016/10/17,0,66000,-133000,-67000
2016/10/18,0,166000,-86000,80000
2016/10/19,0,743000,-90000,653000
2016/10/20,0,261000,-329000,-68000
2016/10/21,0,233000,-611000,-378000
2016/10/24,0,93000,-118000,-25000
2016/10/25,0,38000,-125000,-87000
2016/10/26,0,42000,-226000,-184000
2016/10/27,0,39000,-110000,-71000
2016/10/28,0,175000,-467000,-292000
2016/10/31,0,108000,-145000,-37000
2016/11/01,0,106000,-29000,77000
2016/11/02,0,35000,-167000,-132000
2016/11/03,0,29000,-67000,-38000
2016/11/04,0,59000,-80000,-21000
2016/11/07,0,185000,-8000,177000
2016/11/08,0,16000,-20000,-4000
2016/11/09,0,21000,-397000,-376000
2016/11/10,0,171000,-77000,94000
2016/11/11,0,39000,-376000,-337000
2016/11/14,0,187000,-158000,29000
2016/11/15,0,71000,-58000,13000
2016/11/16,0,250000,-58000,192000
2016/11/17,0,1000,-153000,-152000
2016/11/18,0,52000,-17000,35000
2016/11/21,0,34000,-13000,21000
2016/11/22,0,134000,-17500,116500
2016/11/23,0,186000,-94570,91430
2016/11/24,0,54000,-98081,-44081
2016/11/25,0,6000,-230020,-224020
2016/11/28,0,353000,-39484,313516
2016/11/29,0,492000,-54580,437420
2016/11/30,0,80000,-525720,-445720
2016/12/01,0,226000,-60000,166000
2016/12/02,0,9500,-161000,-151500
2016/12/05,0,63000,-14000,49000
2016/12/06,0,32000,-60000,-28000
2016/12/07,0,26000,-57000,-31000
2016/12/08,0,380000,-23000,357000
2016/12/09,0,99000,-251000,-152000
2016/12/12,0,18000,-155000,-137000
2016/12/13,0,149000,-18000,131000
2016/12/14,0,87000,-206180,-119180
2016/12/15,0,66000,-93000,-27000
2016/12/16,0,152000,-74000,78000
2016/12/19,0,57000,-120000,-63000
2016/12/20,0,93000,-23000,70000
2016/12/21,0,254000,-23000,231000
2016/12/22,0,8000,-63000,-55000
2016/12/23,0,10000,-6000,4000
2016/12/26,0,230,-1000,-770
2016/12/27,0,69000,-33000,36000
2016/12/28,0,66000,-41000,25000
2016/12/29,0,23000,-21000,2000
2016/12/30,0,11000,-183040,-172040
2017/01/02,0,0,0,0
2017/01/03,0,10000,-16000,-6000
2017/01/04,0,45000,-29000,16000
2017/01/05,0,1000,-12000,-11000
2017/01/06,0,9000,-54000,-45000
2017/01/09,0,2000,-39000,-37000
2017/01/10,0,0,-37000,-37000
2017/01/11,0,17000,-119000,-102000
2017/01/12,0,0,-142000,-142000
2017/01/13,0,73000,-2000,71000
2017/01/16,0,5000,-6000,-1000
2017/01/17,0,25000,-12000,13000
2017/01/18,0,153000,-91000,62000
2017/01/19,0,35000,-118000,-83000
2017/01/20,0,47000,-43000,4000
2017/01/23,0,411000,-52000,359000
2017/01/24,0,61000,-234500,-173500
2017/01/25,0,0,0,0
2017/01/26,0,0,0,0
2017/01/27,0,0,0,0
2017/01/30,0,0,0,0
2017/01/31,0,0,0,0
2017/02/01,0,0,0,0
2017/02/02,0,565000,-201000,364000
2017/02/03,0,354000,-444000,-90000
2017/02/06,0,52000,-263000,-211000
2017/02/07,0,2000,-87000,-85000
2017/02/08,0,1920000,-97000,1823000
2017/02/09,0,189000,-1070000,-881000
2017/02/10,0,396000,-294000,102000
2017/02/13,0,620000,-246000,374000
2017/02/14,0,614000,-290000,324000
2017/02/15,0,63000,-528000,-465000
2017/02/16,0,112000,-398000,-286000
2017/02/17,0,58000,-91000,-33000
2017/02/20,0,173000,-239000,-66000
2017/02/21,0,48000,-396000,-348000
2017/02/22,0,58000,-62000,-4000
2017/02/23,0,305000,-145000,160000
2017/02/24,0,107000,-60020,46980
2017/02/27,0,0,0,0
2017/02/28,0,0,0,0
2017/03/01,0,302000,-227538,74462
2017/03/02,0,71000,-369000,-298000
2017/03/03,0,132000,-125000,7000
2017/03/06,0,17000,-79000,-62000
2017/03/07,0,99000,-80000,19000
2017/03/08,0,149000,-23000,126000
2017/03/09,0,32000,-145000,-113000
2017/03/10,0,307000,-53000,254000
2017/03/13,0,114000,-144660,-30660
2017/03/14,0,267000,-91000,176000
2017/03/15,0,92000,-147000,-55000
2017/03/16,0,379000,-427000,-48000
2017/03/17,0,265000,-123000,142000
2017/03/20,0,585000,-157000,428000
2017/03/21,0,112000,-344000,-232000
2017/03/22,0,49000,-202430,-153430
2017/03/23,0,64000,-110000,-46000
2017/03/24,0,25000,-166000,-141000
2017/03/27,0,3000,-245000,-242000
2017/03/28,0,39000,-71000,-32000
2017/03/29,0,72000,-11000,61000
2017/03/30,0,40000,-244000,-204000
2017/03/31,0,30000,-6000,24000
2017/04/03,0,0,0,0
2017/04/04,0,0,0,0
2017/04/05,0,802000,-292000,510000
2017/04/06,0,206000,-450000,-244000
2017/04/07,0,45000,-92060,-47060
2017/04/10,0,11000,-20000,-9000
2017/04/11,0,16000,-138382,-122382
2017/04/12,0,18000,-147000,-129000
2017/04/13,0,89000,-70000,19000
2017/04/14,0,7000,-119000,-112000
2017/04/17,0,24000,-67000,-43000
2017/04/18,0,50000,-33000,17000
2017/04/19,0,42000,-582000,-540000
2017/04/20,0,266000,-53000,213000
2017/04/21,0,111000,-250000,-139000
2017/04/24,0,9000,-47000,-38000
2017/04/25,0,52000,-14000,38000
2017/04/26,0,93000,-31000,62000
2017/04/27,0,121000,-17000,104000
2017/04/28,0,102000,-64000,38000
2017/05/01,0,0,0,0
2017/05/02,0,120000,-118000,2000
2017/05/03,0,81000,-27000,54000
2017/05/04,0,2000,-5000,-3000
2017/05/05,0,51000,-11000,40000
2017/05/08,0,38000,-116000,-78000
2017/05/09,0,354000,-207488,146512
2017/05/10,0,97000,-97000,0
2017/05/11,0,3000,-269000,-266000
2017/05/12,0,17000,-76000,-59000
2017/05/15,0,212000,-11000,201000
2017/05/16,0,24000,-324000,-300000
2017/05/17,0,41000,-172611,-131611
2017/05/18,0,21000,-16000,5000
2017/05/19,0,12000,-8000,4000
2017/05/22,0,64000,-33000,31000
2017/05/23,0,81000,-3000,78000
2017/05/24,0,68000,-35000,33000
2017/05/25,0,50000,-26000,24000
2017/05/26,0,64000,-41000,23000
2017/05/29,0,0,0,0
2017/05/30,0,0,0,0
2017/05/31,0,7000,-170000,-163000
2017/06/01,0,10000,-91000,-81000
2017/06/02,0,70000,-8000,62000
2017/06/05,0,95000,-19000,76000
2017/06/06,0,62000,-104278,-42278
2017/06/07,0,8000,-18557,-10557
2017/06/08,0,6000,-51000,-45000
2017/06/09,0,118000,-28000,90000
2017/06/12,0,8000,-66000,-58000
2017/06/13,0,3000,-9000,-6000
2017/06/14,0,185000,-134000,51000
2017/06/15,0,116000,-64000,52000
2017/06/16,0,37000,-10000,27000
2017/06/19,0,1825000,-253604,1571396
2017/06/20,0,775000,-487663,287337
2017/06/21,0,273000,-355000,-82000
2017/06/22,0,30000,-31000,-1000
2017/06/23,0,102000,-218000,-116000
2017/06/26,0,223000,-127000,96000
2017/06/27,0,538000,-133000,405000
2017/06/28,0,227000,-136000,91000
2017/06/29,0,23000,-53000,-30000
2017/06/30,0,39000,-111000,-72000
2017/07/03,0,15000,-30000,-15000
2017/07/04,0,8000,-114000,-106000
2017/07/05,0,109000,-67000,42000
2017/07/06,0,32000,-20000,12000
2017/07/07,0,31000,-27000,4000
2017/07/10,0,201000,-17000,184000
2017/07/11,0,1588000,-110000,1478000
2017/07/12,0,4198000,-257000,3941000
2017/07/13,0,596000,-3310000,-2714000
2017/07/14,0,145000,-573000,-428000
2017/07/17,0,100000,-400000,-300000
2017/07/18,0,64000,-104000,-40000
2017/07/19,0,154000,-542000,-388000
2017/07/20,0,74000,-78000,-4000
2017/07/21,0,14000,-475000,-461000
2017/07/24,0,13000,-101000,-88000
2017/07/25,0,450000,-292000,158000
2017/07/26,0,72000,-219000,-147000
2017/07/27,0,323000,-199000,124000
2017/07/28,0,39000,-193000,-154000
2017/07/31,0,62000,-230000,-168000
2017/08/01,0,253000,-103000,150000
2017/08/02,0,1931000,-189000,1742000
2017/08/03,0,1534000,-1002000,532000
2017/08/04,0,114000,-612000,-498000
2017/08/07,0,3562000,-240000,3322000
2017/08/08,0,1104000,-1710000,-606000
2017/08/09,0,189000,-929000,-740000
2017/08/10,0,454000,-347000,107000
2017/08/11,0,339000,-281000,58000
2017/08/14,0,140000,-674000,-534000
2017/08/15,0,213000,-90000,123000
2017/08/16,0,168000,-589000,-421000
2017/08/17,0,1007000,-114000,893000
2017/08/18,0,62000,-615000,-553000
