Date,Open,Buy,Sell,Total
2007/01/02,0,959000,-14958,944042
2007/01/03,0,1037000,-266000,771000
2007/01/04,0,2296000,-163000,2133000
2007/01/05,0,7721000,-953000,6768000
2007/01/08,0,2327000,-1190206,1136794
2007/01/09,0,3715000,-72000,3643000
2007/01/10,0,3447000,-2041000,1406000
2007/01/11,0,10663000,-656062,10006938
2007/01/12,0,6229000,-921000,5308000
2007/01/15,0,582000,-540000,42000
2007/01/16,0,3134000,-1588000,1546000
2007/01/17,0,1439000,-2382840,-943840
2007/01/18,0,3475000,-2806894,668106
2007/01/19,0,1346000,-4371612,-3025612
2007/01/22,0,2747000,-4683320,-1936320
2007/01/23,0,134000,-142000,-8000
2007/01/24,0,2108000,-50000,2058000
2007/01/25,0,1363000,-118000,1245000
2007/01/26,0,113000,-1291000,-1178000
2007/01/29,0,15000,-3157120,-3142120
2007/01/30,0,107000,-2527408,-2420408
2007/01/31,0,329000,-1948200,-1619200
2007/02/01,0,473000,-4479000,-4006000
2007/02/02,0,2365936,-3042000,-676064
2007/02/05,0,1061000,-794000,267000
2007/02/06,0,3605000,-3578000,27000
2007/02/07,0,1377900,-853000,524900
2007/02/08,0,856000,-1859183,-1003183
2007/02/09,0,783000,-688000,95000
2007/02/12,0,1238000,-1570000,-332000
2007/02/13,0,924000,-1916000,-992000
2007/02/14,0,1823000,-2409448,-586448
2007/02/15,0,0,0,0
2007/02/16,0,0,0,0
2007/02/19,0,0,0,0
2007/02/20,0,0,0,0
2007/02/21,0,0,0,0
2007/02/22,0,0,0,0
2007/02/23,0,0,0,0
2007/02/26,0,2006000,-4009705,-2003705
2007/02/27,0,652000,-2250000,-1598000
2007/02/28,0,0,0,0
2007/03/01,0,1865000,-4984000,-3119000
2007/03/02,0,3815000,-1561000,2254000
2007/03/05,0,6834000,-6351000,483000
2007/03/06,0,2919000,-2266000,653000
2007/03/07,0,5776000,-5938619,-162619
2007/03/08,0,5129000,-2223000,2906000
2007/03/09,0,4136000,-2322000,1814000
2007/03/12,0,7476000,-5897000,1579000
2007/03/13,0,4747000,-1388034,3358966
2007/03/14,0,3137000,-1634000,1503000
2007/03/15,0,179000,-673000,-494000
2007/03/16,0,636000,-778700,-142700
2007/03/19,0,257000,-32000,225000
2007/03/20,0,42000,-404000,-362000
2007/03/21,0,121000,-591300,-470300
2007/03/22,0,2233000,-1684000,549000
2007/03/23,0,1152000,-503000,649000
2007/03/26,0,263000,-1493000,-1230000
2007/03/27,0,1731000,-1073000,658000
2007/03/28,0,144000,-1451000,-1307000
2007/03/29,0,1718000,-2113000,-395000
2007/03/30,0,12638000,-11417000,1221000
2007/04/02,0,1740000,-209000,1531000
2007/04/03,0,6656300,-602000,6054300
2007/04/04,0,6392000,-4630000,1762000
2007/04/05,0,0,0,0
2007/04/06,0,0,0,0
2007/04/09,0,5356000,-377000,4979000
2007/04/10,0,1207000,-2304000,-1097000
2007/04/11,0,1054000,-1068000,-14000
2007/04/12,0,857000,-2067000,-1210000
2007/04/13,0,1334000,-9583000,-8249000
2007/04/16,0,2796000,-140000,2656000
2007/04/17,0,1272272,-482000,790272
2007/04/18,0,4903900,-841000,4062900
2007/04/19,0,985000,-2243100,-1258100
2007/04/20,0,219000,-255000,-36000
2007/04/23,0,2586000,-609000,1977000
2007/04/24,0,3309000,-988000,2321000
2007/04/25,0,901000,-2818000,-1917000
2007/04/26,0,3529000,-2070000,1459000
2007/04/27,0,1155000,-1527000,-372000
2007/04/30,0,221000,-2276880,-2055880
2007/05/01,0,0,0,0
2007/05/02,0,953000,-4901000,-3948000
2007/05/03,0,473000,-5460760,-4987760
2007/05/04,0,2480000,-3212000,-732000
2007/05/07,0,1100000,-1537000,-437000
2007/05/08,0,812000,-5208000,-4396000
2007/05/09,0,721000,-1709000,-988000
2007/05/10,0,2636000,-3202000,-566000
2007/05/11,0,27000,-1898000,-1871000
2007/05/14,0,761000,-1542000,-781000
2007/05/15,0,1331000,-1845000,-514000
2007/05/16,0,1866000,-2559000,-693000
2007/05/17,0,1904000,-1906120,-2120
2007/05/18,0,1829000,-1262000,567000
2007/05/21,0,892000,-802000,90000
2007/05/22,0,2486000,-1764000,722000
2007/05/23,0,4977000,-4728000,249000
2007/05/24,0,4799600,-9515000,-4715400
2007/05/25,0,212000,-4579000,-4367000
2007/05/28,0,2295000,-243000,2052000
2007/05/29,0,1955000,-1942000,13000
2007/05/30,0,431000,-985000,-554000
2007/05/31,0,2873000,-6683880,-3810880
2007/06/01,0,1197000,-3083000,-1886000
2007/06/04,0,5564000,-4021000,1543000
2007/06/05,0,194000,-1305000,-1111000
2007/06/06,0,567000,-2408000,-1841000
2007/06/07,0,1160000,-1656000,-496000
2007/06/08,0,356000,-3054000,-2698000
2007/06/11,0,5099000,-5394000,-295000
2007/06/12,0,5898000,-6436000,-538000
2007/06/13,0,2374000,-7878000,-5504000
2007/06/14,0,3986000,-7793000,-3807000
2007/06/15,0,1007000,-8696000,-7689000
2007/06/18,0,0,0,0
2007/06/19,0,0,0,0
2007/06/20,0,4178000,-12192661,-8014661
2007/06/21,0,12535000,-21015320,-8480320
2007/06/22,0,11619000,-1593000,10026000
2007/06/25,0,5507000,-465000,5042000
2007/06/26,0,6117000,-893000,5224000
2007/06/27,0,849000,-320000,529000
2007/06/28,0,1876146,-786146,1090000
2007/06/29,0,4509000,-19512000,-15003000
2007/07/02,0,1918000,-280000,1638000
2007/07/03,0,1439000,-1382000,57000
2007/07/04,0,1105000,-2441000,-1336000
2007/07/05,0,1863000,-241000,1622000
2007/07/06,0,1117000,-2133000,-1016000
2007/07/09,0,2664000,-1324000,1340000
2007/07/10,0,2148000,-2944000,-796000
2007/07/11,0,665000,-4098200,-3433200
2007/07/12,0,217000,-3119700,-2902700
2007/07/13,0,953000,-691052,261948
2007/07/16,0,503000,-2593000,-2090000
2007/07/17,0,606000,-11955000,-11349000
2007/07/18,0,1216500,-1223000,-6500
2007/07/19,0,1011000,-5474000,-4463000
2007/07/20,0,2884000,-7677410,-4793410
2007/07/23,0,2249000,-1196000,1053000
2007/07/24,0,3005000,-1590000,1415000
2007/07/25,0,8251000,-11422000,-3171000
2007/07/26,0,1155000,-5960000,-4805000
2007/07/27,0,166000,-13315000,-13149000
2007/07/30,0,2010000,-10569000,-8559000
2007/07/31,0,716000,-7210000,-6494000
2007/08/01,0,414150,-6477000,-6062850
2007/08/02,0,1321000,-1411000,-90000
2007/08/03,0,822000,-2115000,-1293000
2007/08/06,0,281000,-1987000,-1706000
2007/08/07,0,673000,-2483000,-1810000
2007/08/08,0,555000,-1931000,-1376000
2007/08/09,0,1400000,-15372480,-13972480
2007/08/10,0,164000,-7722865,-7558865
2007/08/13,0,1179000,-6398000,-5219000
2007/08/14,0,428000,-9240000,-8812000
2007/08/15,0,460000,-8513000,-8053000
2007/08/16,0,1888000,-11243859,-9355859
2007/08/17,0,529000,-4468300,-3939300
2007/08/20,0,78000,-201000,-123000
2007/08/21,0,359000,-2783000,-2424000
2007/08/22,0,3073945,-5337033,-2263088
2007/08/23,0,1692000,-2097000,-405000
2007/08/24,0,301000,-2221000,-1920000
2007/08/27,0,563000,-255000,308000
2007/08/28,0,318000,-2619700,-2301700
2007/08/29,0,1328300,-5756750,-4428450
2007/08/30,0,7238000,-3832000,3406000
2007/08/31,0,3732000,-915000,2817000
2007/09/03,0,1580000,-695000,885000
2007/09/04,0,641000,-264775,376225
2007/09/05,0,399000,-2767435,-2368435
2007/09/06,0,3220000,-2570000,650000
2007/09/07,0,1031000,-2138000,-1107000
2007/09/10,0,397000,-4152450,-3755450
2007/09/11,0,564000,-872800,-308800
2007/09/12,0,306000,-4619303,-4313303
2007/09/13,0,126000,-755000,-629000
2007/09/14,0,2930000,-5508000,-2578000
2007/09/17,0,1129015,-3197832,-2068817
2007/09/18,0,0,0,0
2007/09/19,0,3451000,-4929117,-1478117
2007/09/20,0,2975000,-30057272,-27082272
2007/09/21,0,3100000,-2113000,987000
2007/09/24,0,0,0,0
2007/09/25,0,0,0,0
2007/09/26,0,3009000,-2927538,81462
2007/09/27,0,2749000,-9023000,-6274000
2007/09/28,0,2098000,-2166000,-68000
2007/10/01,0,1363000,-6274000,-4911000
2007/10/02,0,1940000,-6654276,-4714276
2007/10/03,0,2079321,-1681993,397328
2007/10/04,0,2906000,-1979100,926900
2007/10/05,0,1406000,-4678200,-3272200
2007/10/08,0,553000,-3219200,-2666200
2007/10/09,0,959000,-4759855,-3800855
2007/10/10,0,0,0,0
2007/10/11,0,2720000,-2201000,519000
2007/10/12,0,1951000,-2129904,-178904
2007/10/15,0,745000,-378000,367000
2007/10/16,0,2850000,-10293000,-7443000
2007/10/17,0,3256296,-4848296,-1592000
2007/10/18,0,570000,-3283719,-2713719
2007/10/19,0,74000,-1899000,-1825000
2007/10/22,0,447000,-6868900,-6421900
2007/10/23,0,1448000,-2326000,-878000
2007/10/24,0,1642409,-5471498,-3829089
2007/10/25,0,1241249,-48000,1193249
2007/10/26,0,1989426,-4292200,-2302774
2007/10/29,0,2156000,-6776000,-4620000
2007/10/30,0,5123000,-1611462,3511538
2007/10/31,0,2496000,-4991650,-2495650
2007/11/01,0,1400000,-1252000,148000
2007/11/02,0,1202000,-6468338,-5266338
2007/11/05,0,657000,-929000,-272000
2007/11/06,0,6610917,-1655967,4954950
2007/11/07,0,5007585,-5476000,-468415
2007/11/08,0,1599000,-6619000,-5020000
2007/11/09,0,661000,-5831376,-5170376
2007/11/12,0,48000,-5442694,-5394694
2007/11/13,0,2087000,-3505746,-1418746
2007/11/14,0,171000,-5303112,-5132112
2007/11/15,0,163000,-3370000,-3207000
2007/11/16,0,3742787,-6575812,-2833025
2007/11/19,0,414731,-7105269,-6690538
2007/11/20,0,834000,-3115398,-2281398
2007/11/21,0,831000,-4568504,-3737504
2007/11/22,0,583000,-1563544,-980544
2007/11/23,0,281000,-474000,-193000
2007/11/26,0,1717000,-1474000,243000
2007/11/27,0,1151000,-2200869,-1049869
2007/11/28,0,1097000,-3841150,-2744150
2007/11/29,0,1396000,-1109036,286964
2007/11/30,0,2250000,-930000,1320000
2007/12/03,0,1151500,-919000,232500
2007/12/04,0,858670,-1202000,-343330
2007/12/05,0,1555000,-2955000,-1400000
2007/12/06,0,1839000,-143300,1695700
2007/12/07,0,1533325,-3542763,-2009438
2007/12/10,0,367000,-1013000,-646000
2007/12/11,0,1311000,-656000,655000
2007/12/12,0,2838000,-2762742,75258
2007/12/13,0,4406000,-3879000,527000
2007/12/14,0,1367000,-4116300,-2749300
2007/12/17,0,287000,-735000,-448000
2007/12/18,0,1726000,-3631602,-1905602
2007/12/19,0,701000,-1105537,-404537
2007/12/20,0,94000,-511000,-417000
2007/12/21,0,1113000,-1000000,113000
2007/12/24,0,85000,-351000,-266000
2007/12/25,0,201000,-227000,-26000
2007/12/26,0,1376900,-221000,1155900
2007/12/27,0,947000,-1620000,-673000
2007/12/28,0,715000,-694050,20950
2007/12/31,0,176000,-560600,-384600
2008/01/01,0,0,0,0
2008/01/02,0,772000,-1089300,-317300
2008/01/03,0,820000,-790000,30000
2008/01/04,0,969000,-2028222,-1059222
2008/01/07,0,63000,-3095000,-3032000
2008/01/08,0,739000,-1397450,-658450
2008/01/09,0,2561000,-1763416,797584
2008/01/10,0,1788000,-589613,1198387
2008/01/11,0,730000,-793375,-63375
2008/01/14,0,1656000,-1418000,238000
2008/01/15,0,2355000,-9239990,-6884990
2008/01/16,0,1195000,-4979000,-3784000
2008/01/17,0,920000,-1480293,-560293
2008/01/18,0,1875376,-781363,1094013
2008/01/21,0,885000,-1350000,-465000
2008/01/22,0,189000,-2251000,-2062000
2008/01/23,0,1139100,-714400,424700
2008/01/24,0,821100,-705850,115250
2008/01/25,0,416000,-97000,319000
2008/01/28,0,262000,-968050,-706050
2008/01/29,0,1094000,-645232,448768
2008/01/30,0,1057950,-2294000,-1236050
2008/01/31,0,652000,-550000,102000
2008/02/01,0,1760000,-598500,1161500
2008/02/04,0,0,0,0
2008/02/05,0,0,0,0
2008/02/06,0,0,0,0
2008/02/07,0,0,0,0
2008/02/08,0,0,0,0
2008/02/11,0,0,0,0
2008/02/12,0,3591400,-3652046,-60646
2008/02/13,0,2896000,-1142000,1754000
2008/02/14,0,2940000,-651000,2289000
2008/02/15,0,874000,-1526000,-652000
2008/02/18,0,1268000,-274000,994000
2008/02/19,0,1550000,-57000,1493000
2008/02/20,0,2231000,-1333000,898000
2008/02/21,0,4368000,-132084,4235916
2008/02/22,0,2277000,-889000,1388000
2008/02/25,0,2377000,-326000,2051000
2008/02/26,0,1646000,-1118000,528000
2008/02/27,0,5127000,-1609000,3518000
2008/02/28,0,0,0,0
2008/02/29,0,1728881,-2145884,-417003
2008/03/03,0,929000,-1728000,-799000
2008/03/04,0,3250000,-184000,3066000
2008/03/05,0,1342000,-1188000,154000
2008/03/06,0,2711000,-976150,1734850
2008/03/07,0,1117000,-1133000,-16000
2008/03/10,0,1908000,-1750000,158000
2008/03/11,0,1834500,-2049000,-214500
2008/03/12,0,2772546,-178000,2594546
2008/03/13,0,786000,-4121500,-3335500
2008/03/14,0,246000,-1372750,-1126750
2008/03/17,0,182000,-2846000,-2664000
2008/03/18,0,2046000,-1187000,859000
2008/03/19,0,2070000,-259000,1811000
2008/03/20,0,2131000,-568650,1562350
2008/03/21,0,4262000,-723000,3539000
2008/03/24,0,4663000,-907000,3756000
2008/03/25,0,2671000,-771000,1900000
2008/03/26,0,2713000,-105000,2608000
2008/03/27,0,492246,-1606000,-1113754
2008/03/28,0,3076246,-8545900,-5469654
2008/03/31,0,6171565,-5132858,1038707
2008/04/01,0,985736,-1683000,-697264
2008/04/02,0,2001000,-1000,2000000
2008/04/03,0,387000,-671000,-284000
2008/04/04,0,0,0,0
2008/04/07,0,1380000,-1106000,274000
2008/04/08,0,903000,-2790000,-1887000
2008/04/09,0,489000,-3515100,-3026100
2008/04/10,0,1431000,-597000,834000
2008/04/11,0,1148000,-1520420,-372420
2008/04/14,0,2009000,-1385000,624000
2008/04/15,0,507000,-398000,109000
2008/04/16,0,789000,-140500,648500
2008/04/17,0,1973000,-230000,1743000
2008/04/18,0,551000,-43000,508000
2008/04/21,0,1396000,-109000,1287000
2008/04/22,0,148000,-326000,-178000
2008/04/23,0,1542000,-337000,1205000
2008/04/24,0,359000,-225000,134000
2008/04/25,0,477000,-1380700,-903700
2008/04/28,0,1949000,-181000,1768000
2008/04/29,0,930000,-1386000,-456000
2008/04/30,0,873000,-127000,746000
2008/05/01,0,0,0,0
2008/05/02,0,2139100,-289000,1850100
2008/05/05,0,1441000,-1582750,-141750
2008/05/06,0,1007000,-143000,864000
2008/05/07,0,1480936,-355000,1125936
2008/05/08,0,2111000,-1667000,444000
2008/05/09,0,277000,-868650,-591650
2008/05/12,0,466000,-864132,-398132
2008/05/13,0,1836000,-225000,1611000
2008/05/14,0,951000,-222000,729000
2008/05/15,0,3348000,-72000,3276000
2008/05/16,0,2399700,-657519,1742181
2008/05/19,0,1911000,-985000,926000
2008/05/20,0,5949000,-1838000,4111000
2008/05/21,0,1839000,-824198,1014802
2008/05/22,0,2192000,-2995527,-803527
2008/05/23,0,1777000,-915000,862000
2008/05/26,0,1542000,-3445000,-1903000
2008/05/27,0,1820000,-2809100,-989100
2008/05/28,0,640000,-1863000,-1223000
2008/05/29,0,1224000,-2739600,-1515600
2008/05/30,0,1453000,-2363841,-910841
2008/06/02,0,379000,-159000,220000
2008/06/03,0,23000,-1514449,-1491449
2008/06/04,0,964000,-23000,941000
2008/06/05,0,1382000,-1092000,290000
2008/06/06,0,475000,-488000,-13000
2008/06/09,0,36000,-878000,-842000
2008/06/10,0,73000,-2337672,-2264672
2008/06/11,0,170000,-3300000,-3130000
2008/06/12,0,33000,-1398800,-1365800
2008/06/13,0,563000,-2724000,-2161000
2008/06/16,0,659000,-692850,-33850
2008/06/17,0,114064,-317336,-203272
2008/06/18,0,767000,-1103000,-336000
2008/06/19,0,22000,-2549000,-2527000
2008/06/20,0,1000615,-674000,326615
2008/06/23,0,620000,-64000,556000
2008/06/24,0,518000,-621000,-103000
2008/06/25,0,3101000,-1703077,1397923
2008/06/26,0,831000,-622000,209000
2008/06/27,0,2032000,-1212000,820000
2008/06/30,0,1100000,-256000,844000
2008/07/01,0,1448000,-176050,1271950
2008/07/02,0,550000,-734000,-184000
2008/07/03,0,919000,-1915000,-996000
2008/07/04,0,250000,-2973000,-2723000
2008/07/07,0,1575128,-925000,650128
2008/07/08,0,880000,-4111000,-3231000
2008/07/09,0,2093000,-391000,1702000
2008/07/10,0,1342000,-376000,966000
2008/07/11,0,758000,-773000,-15000
2008/07/14,0,632000,-495000,137000
2008/07/15,0,2032000,-813000,1219000
2008/07/16,0,1640000,-1306000,334000
2008/07/17,0,814000,-1715896,-901896
2008/07/18,0,523000,-912000,-389000
2008/07/21,0,1652000,-991000,661000
2008/07/22,0,1920450,-387000,1533450
2008/07/23,0,1236000,-736000,500000
2008/07/24,0,1787000,-661000,1126000
2008/07/25,0,140000,-478000,-338000
2008/07/28,0,0,0,0
2008/07/29,0,156000,-984000,-828000
2008/07/30,0,2714000,-442000,2272000
2008/07/31,0,1747000,-1095000,652000
2008/08/01,0,687000,-69000,618000
2008/08/04,0,452000,-294000,158000
2008/08/05,0,2044000,-2232000,-188000
2008/08/06,0,2999000,-322000,2677000
2008/08/07,0,780000,-215000,565000
2008/08/08,0,1464950,-390000,1074950
2008/08/11,0,302000,-944000,-642000
2008/08/12,0,3877800,-230000,3647800
2008/08/13,0,336000,-488000,-152000
2008/08/14,0,1939500,-578000,1361500
2008/08/15,0,373000,-1352000,-979000
2008/08/18,0,1430000,-977000,453000
2008/08/19,0,166000,-1577000,-1411000
2008/08/20,0,1480000,-1091000,389000
2008/08/21,0,1663000,-1261000,402000
2008/08/22,0,407000,-851000,-444000
2008/08/25,0,2206000,-80000,2126000
2008/08/26,0,1006000,-190000,816000
2008/08/27,0,10204000,-144000,10060000
2008/08/28,0,3861000,-1312000,2549000
2008/08/29,0,4620000,-725565,3894435
2008/09/01,0,1084000,-6795750,-5711750
2008/09/02,0,1368000,-1018000,350000
2008/09/03,0,6910000,-5304655,1605345
2008/09/04,0,5029000,-3392000,1637000
2008/09/05,0,326000,-3078994,-2752994
2008/09/08,0,147000,-1111300,-964300
2008/09/09,0,338000,-620000,-282000
2008/09/10,0,1012000,-1650300,-638300
2008/09/11,0,3708000,-2768622,939378
2008/09/12,0,1851000,-912000,939000
2008/09/15,0,252000,-1803000,-1551000
2008/09/16,0,1478000,-528000,950000
2008/09/17,0,590000,-2238336,-1648336
2008/09/18,0,3513000,-3393000,120000
2008/09/19,0,1630000,-467000,1163000
2008/09/22,0,5140000,-610000,4530000
2008/09/23,0,1312000,-2300000,-988000
2008/09/24,0,7079144,-9268144,-2189000
2008/09/25,0,2039000,-421004,1617996
2008/09/26,0,3990000,-1973000,2017000
2008/09/29,0,0,0,0
2008/09/30,0,1785000,-1107000,678000
2008/10/01,0,215000,-940050,-725050
2008/10/02,0,146000,-3200624,-3054624
2008/10/03,0,1228000,-214010,1013990
2008/10/06,0,1823000,-3909100,-2086100
2008/10/07,0,2753900,-1541845,1212055
2008/10/08,0,602000,-3240346,-2638346
2008/10/09,0,1091000,-2519000,-1428000
2008/10/10,0,0,0,0
2008/10/13,0,1291000,-1278852,12148
2008/10/14,0,1416000,-3957081,-2541081
2008/10/15,0,937000,-1106243,-169243
2008/10/16,0,199666,-112000,87666
2008/10/17,0,1971000,-2347000,-376000
2008/10/20,0,646000,-1198700,-552700
2008/10/21,0,193000,-7021525,-6828525
2008/10/22,0,1066000,-6647619,-5581619
2008/10/23,0,409000,-3727200,-3318200
2008/10/24,0,1163000,-1395050,-232050
2008/10/27,0,2381000,-1762000,619000
2008/10/28,0,1091000,-5201672,-4110672
2008/10/29,0,1931000,-1691000,240000
2008/10/30,0,4525000,-438480,4086520
2008/10/31,0,1613000,-1673221,-60221
2008/11/03,0,1384000,-599000,785000
2008/11/04,0,1049000,-1023000,26000
2008/11/05,0,1857000,-1042000,815000
2008/11/06,0,355000,-3431000,-3076000
2008/11/07,0,451000,-4265000,-3814000
2008/11/10,0,1153000,-4055000,-2902000
2008/11/11,0,870000,-2480505,-1610505
2008/11/12,0,1192000,-5612379,-4420379
2008/11/13,0,997000,-4545365,-3548365
2008/11/14,0,799000,-894000,-95000
2008/11/17,0,2373000,-602000,1771000
2008/11/18,0,793000,-2632000,-1839000
2008/11/19,0,183000,-2298000,-2115000
2008/11/20,0,661000,-1532665,-871665
2008/11/21,0,625000,-992850,-367850
2008/11/24,0,216000,-919000,-703000
2008/11/25,0,2978000,-1297979,1680021
2008/11/26,0,1314000,-5744966,-4430966
2008/11/27,0,1247000,-8419492,-7172492
2008/11/28,0,1224000,-5185574,-3961574
2008/12/01,0,3247000,-220000,3027000
2008/12/02,0,2125000,-6973000,-4848000
2008/12/03,0,220000,-4668000,-4448000
2008/12/04,0,207000,-1164000,-957000
2008/12/05,0,1860000,-1365050,494950
2008/12/08,0,4338000,-117300,4220700
2008/12/09,0,3198000,-163350,3034650
2008/12/10,0,3308000,-4539561,-1231561
2008/12/11,0,1998000,-581000,1417000
2008/12/12,0,2333000,-3230000,-897000
2008/12/15,0,2828000,-214000,2614000
2008/12/16,0,1066000,-639000,427000
2008/12/17,0,5540000,-1802212,3737788
2008/12/18,0,2081000,-1555000,526000
2008/12/19,0,1453000,-1056000,397000
2008/12/22,0,1116000,-2572121,-1456121
2008/12/23,0,507000,-1171000,-664000
2008/12/24,0,994000,-1228450,-234450
2008/12/25,0,93000,-598000,-505000
2008/12/26,0,269000,-190000,79000
2008/12/29,0,90000,-238000,-148000
2008/12/30,0,1423000,-162000,1261000
2008/12/31,0,279000,-506000,-227000
2009/01/01,0,0,0,0
2009/01/02,0,0,0,0
2009/01/05,0,877000,-450000,427000
2009/01/06,0,993606,-273000,720606
2009/01/07,0,2046821,-219000,1827821
2009/01/08,0,757000,-2447000,-1690000
2009/01/09,0,251000,-939000,-688000
2009/01/12,0,214124,-1557000,-1342876
2009/01/13,0,1329000,-319000,1010000
2009/01/14,0,1126000,-426000,700000
2009/01/15,0,134000,-4120000,-3986000
2009/01/16,0,308000,-2032000,-1724000
2009/01/19,0,220000,-311460,-91460
2009/01/20,0,818000,-3447100,-2629100
2009/01/21,0,2618627,-1680000,938627
2009/01/22,0,0,0,0
2009/01/23,0,0,0,0
2009/01/26,0,0,0,0
2009/01/27,0,0,0,0
2009/01/28,0,0,0,0
2009/01/29,0,0,0,0
2009/01/30,0,0,0,0
2009/02/02,0,6974000,-7578850,-604850
2009/02/03,0,1172000,-464600,707400
2009/02/04,0,871000,-535000,336000
2009/02/05,0,1127000,-578800,548200
2009/02/06,0,1625000,-196750,1428250
2009/02/09,0,139000,-110000,29000
2009/02/10,0,1306000,-2592002,-1286002
2009/02/11,0,1390000,-484000,906000
2009/02/12,0,737000,-2132886,-1395886
2009/02/13,0,1917000,-133000,1784000
2009/02/16,0,17000,-401000,-384000
2009/02/17,0,381000,-850439,-469439
2009/02/18,0,2921000,-317000,2604000
2009/02/19,0,2101000,-925000,1176000
2009/02/20,0,1043674,-2119674,-1076000
2009/02/23,0,3570000,-85000,3485000
2009/02/24,0,915000,-1372840,-457840
2009/02/25,0,3303000,-783024,2519976
2009/02/26,0,845000,-1711630,-866630
2009/02/27,0,5790000,-798954,4991046
2009/03/02,0,1921437,-3432977,-1511540
2009/03/03,0,2450000,-991000,1459000
2009/03/04,0,1667000,-1895000,-228000
2009/03/05,0,1637000,-2306000,-669000
2009/03/06,0,3504000,-1400500,2103500
2009/03/09,0,1879000,-1266000,613000
2009/03/10,0,5863000,-672550,5190450
2009/03/11,0,2345458,-277000,2068458
2009/03/12,0,7154000,-625000,6529000
2009/03/13,0,3626000,-274000,3352000
2009/03/16,0,1753000,-102000,1651000
2009/03/17,0,3915000,-177000,3738000
2009/03/18,0,2745000,-851000,1894000
2009/03/19,0,393000,-1022000,-629000
2009/03/20,0,1571000,-6026377,-4455377
2009/03/23,0,5551000,-46650,5504350
2009/03/24,0,5015000,-1657000,3358000
2009/03/25,0,3008000,-394060,2613940
2009/03/26,0,2987000,-1271000,1716000
2009/03/27,0,586000,-1175000,-589000
2009/03/30,0,4944000,-493000,4451000
2009/03/31,0,4153000,-947554,3205446
2009/04/01,0,612000,-829000,-217000
2009/04/02,0,2235000,-451000,1784000
2009/04/03,0,841000,-350000,491000
2009/04/06,0,1197000,-392000,805000
2009/04/07,0,2992000,-610000,2382000
2009/04/08,0,4636100,-2458125,2177975
2009/04/09,0,4523000,-1279000,3244000
2009/04/10,0,1527000,-17000,1510000
2009/04/13,0,1068000,-525000,543000
2009/04/14,0,2909000,-717000,2192000
2009/04/15,0,2988000,-880089,2107911
2009/04/16,0,1609000,-325000,1284000
2009/04/17,0,1957487,-579000,1378487
2009/04/20,0,2417000,-342000,2075000
2009/04/21,0,3431000,-1039000,2392000
2009/04/22,0,4792000,-1677000,3115000
2009/04/23,0,7154127,-3090127,4064000
2009/04/24,0,2361000,-1179000,1182000
2009/04/27,0,3008243,-906000,2102243
2009/04/28,0,2528000,-835000,1693000
2009/04/29,0,74000,-73000,1000
2009/04/30,0,606000,-2050400,-1444400
2009/05/01,0,0,0,0
2009/05/04,0,725000,-320000,405000
2009/05/05,0,12146538,-1073132,11073406
2009/05/06,0,2913000,-591000,2322000
2009/05/07,0,6660000,-1931100,4728900
2009/05/08,0,2469000,-841330,1627670
2009/05/11,0,3224000,-1683700,1540300
2009/05/12,0,1996000,-662000,1334000
2009/05/13,0,3633000,-2298000,1335000
2009/05/14,0,579000,-1962000,-1383000
2009/05/15,0,1266000,-1079000,187000
2009/05/18,0,4259000,-2428000,1831000
2009/05/19,0,2484000,-307700,2176300
2009/05/20,0,5056000,-6600000,-1544000
2009/05/21,0,1506000,-5427000,-3921000
2009/05/22,0,1707000,-1531000,176000
2009/05/25,0,5551000,-5629400,-78400
2009/05/26,0,1509000,-2080000,-571000
2009/05/27,0,6097000,-1807844,4289156
2009/05/28,0,0,0,0
2009/05/29,0,0,0,0
2009/06/01,0,4620000,-2825000,1795000
2009/06/02,0,2011000,-3147450,-1136450
2009/06/03,0,1986000,-1401000,585000
2009/06/04,0,1180000,-2549000,-1369000
2009/06/05,0,2234295,-505000,1729295
2009/06/08,0,4340000,-2071000,2269000
2009/06/09,0,2323000,-528000,1795000
2009/06/10,0,547000,-650966,-103966
2009/06/11,0,2350000,-589000,1761000
2009/06/12,0,1606000,-1707570,-101570
2009/06/15,0,1689000,-4446000,-2757000
2009/06/16,0,1516000,-1432550,83450
2009/06/17,0,940000,-8059150,-7119150
2009/06/18,0,1049000,-1293000,-244000
2009/06/19,0,1067000,-5185517,-4118517
2009/06/22,0,1843000,-959000,884000
2009/06/23,0,1223500,-2163000,-939500
2009/06/24,0,5040000,-970000,4070000
2009/06/25,0,1834000,-1057000,777000
2009/06/26,0,1086000,-385000,701000
2009/06/29,0,2032000,-2955000,-923000
2009/06/30,0,1051000,-840831,210169
2009/07/01,0,1750000,-82000,1668000
2009/07/02,0,2176000,-646000,1530000
2009/07/03,0,544316,-1947000,-1402684
2009/07/06,0,604000,-627000,-23000
2009/07/07,0,1361000,-615570,745430
2009/07/08,0,776000,-2690000,-1914000
2009/07/09,0,2327000,-501000,1826000
2009/07/10,0,358000,-291000,67000
2009/07/13,0,477000,-2187000,-1710000
2009/07/14,0,5988100,-1099748,4888352
2009/07/15,0,2027994,-2815000,-787006
2009/07/16,0,2529000,-670000,1859000
2009/07/17,0,1995000,-4210719,-2215719
2009/07/20,0,1625000,-2064100,-439100
2009/07/21,0,4219000,-387040,3831960
2009/07/22,0,1152000,-1622000,-470000
2009/07/23,0,1795700,-2458980,-663280
2009/07/24,0,1464000,-2348100,-884100
2009/07/27,0,2348000,-119000,2229000
2009/07/28,0,1680000,-4644000,-2964000
2009/07/29,0,4256566,-4234000,22566
2009/07/30,0,1309000,-1332000,-23000
2009/07/31,0,1040000,-854300,185700
2009/08/03,0,2038000,-2836000,-798000
2009/08/04,0,2405000,-5695042,-3290042
2009/08/05,0,689000,-3319000,-2630000
2009/08/06,0,2201000,-987000,1214000
2009/08/07,0,0,0,0
2009/08/10,0,4350000,-1050172,3299828
2009/08/11,0,1911000,-717000,1194000
2009/08/12,0,882000,-1467000,-585000
2009/08/13,0,2706000,-5627000,-2921000
2009/08/14,0,2118000,-942000,1176000
2009/08/17,0,2948000,-1647000,1301000
2009/08/18,0,1243000,-1047000,196000
2009/08/19,0,942000,-1117777,-175777
2009/08/20,0,1772000,-602000,1170000
2009/08/21,0,1580000,-2436570,-856570
2009/08/24,0,2143000,-276000,1867000
2009/08/25,0,790000,-956886,-166886
2009/08/26,0,972000,-1262000,-290000
2009/08/27,0,1160000,-2766000,-1606000
2009/08/28,0,2335000,-1584000,751000
2009/08/31,0,3693000,-1942093,1750907
2009/09/01,0,1041000,-895726,145274
2009/09/02,0,918000,-685000,233000
2009/09/03,0,6252000,-523963,5728037
2009/09/04,0,4026700,-1009000,3017700
2009/09/07,0,641000,-439000,202000
2009/09/08,0,2911000,-40000,2871000
2009/09/09,0,2036000,-758600,1277400
2009/09/10,0,7525363,-2589580,4935783
2009/09/11,0,1591000,-680005,910995
2009/09/14,0,227000,-1996000,-1769000
2009/09/15,0,3815000,-551000,3264000
2009/09/16,0,2141487,-1129300,1012187
2009/09/17,0,1267000,-663230,603770
2009/09/18,0,1567000,-1147500,419500
2009/09/21,0,204000,-1125602,-921602
2009/09/22,0,611000,-37000,574000
2009/09/23,0,179000,-2750000,-2571000
2009/09/24,0,608000,-808000,-200000
2009/09/25,0,969000,-1881240,-912240
2009/09/28,0,136000,-577000,-441000
2009/09/29,0,2137000,-595900,1541100
2009/09/30,0,1921000,-1236000,685000
2009/10/01,0,816000,-510000,306000
2009/10/02,0,358000,-4177500,-3819500
2009/10/05,0,2811580,-2817780,-6200
2009/10/06,0,1949000,-1041930,907070
2009/10/07,0,7389000,-649887,6739113
2009/10/08,0,9393000,-7015000,2378000
2009/10/09,0,8987000,-4027300,4959700
2009/10/12,0,992000,-2444000,-1452000
2009/10/13,0,3882180,-1299191,2582989
2009/10/14,0,7253200,-315000,6938200
2009/10/15,0,4781000,-583000,4198000
2009/10/16,0,1535000,-3060510,-1525510
2009/10/19,0,2509000,-178536,2330464
2009/10/20,0,2022000,-356000,1666000
2009/10/21,0,1087000,-1542700,-455700
2009/10/22,0,1554000,-2176400,-622400
2009/10/23,0,7355000,-525000,6830000
2009/10/26,0,1125000,-920000,205000
2009/10/27,0,700000,-1280000,-580000
2009/10/28,0,244000,-2885000,-2641000
2009/10/29,0,486000,-3018500,-2532500
2009/10/30,0,296000,-5805000,-5509000
2009/11/02,0,524000,-1922000,-1398000
2009/11/03,0,777000,-4744700,-3967700
2009/11/04,0,148000,-2342435,-2194435
2009/11/05,0,2383000,-951000,1432000
2009/11/06,0,833000,-2123900,-1290900
2009/11/09,0,873000,-385000,488000
2009/11/10,0,2537000,-2432145,104855
2009/11/11,0,2371000,-2475000,-104000
2009/11/12,0,2575000,-1814000,761000
2009/11/13,0,1982000,-2167000,-185000
2009/11/16,0,2113000,-599000,1514000
2009/11/17,0,2187000,-933000,1254000
2009/11/18,0,2033000,-1610085,422915
2009/11/19,0,868600,-698000,170600
2009/11/20,0,573000,-1614000,-1041000
2009/11/23,0,582200,-874000,-291800
2009/11/24,0,717000,-225000,492000
2009/11/25,0,3934200,-1278062,2656138
2009/11/26,0,517000,-834000,-317000
2009/11/27,0,166000,-4351000,-4185000
2009/11/30,0,3474620,-1474080,2000540
2009/12/01,0,2264000,-1021000,1243000
2009/12/02,0,2047000,-867000,1180000
2009/12/03,0,1225000,-1525284,-300284
2009/12/04,0,977000,-978200,-1200
2009/12/07,0,2718718,-460000,2258718
2009/12/08,0,1459000,-393000,1066000
2009/12/09,0,951000,-2299003,-1348003
2009/12/10,0,891000,-2512930,-1621930
2009/12/11,0,1149093,-637037,512056
2009/12/14,0,652000,-607556,44444
2009/12/15,0,582000,-293100,288900
2009/12/16,0,196000,-1020000,-824000
2009/12/17,0,888230,-1140010,-251780
2009/12/18,0,710000,-585000,125000
2009/12/21,0,1035000,-142000,893000
2009/12/22,0,866000,-107000,759000
2009/12/23,0,859000,-24252,834748
2009/12/24,0,1708000,-168000,1540000
2009/12/25,0,1132000,-3000,1129000
2009/12/28,0,1329000,-54000,1275000
2009/12/29,0,736000,-110000,626000
2009/12/30,0,2329000,-1087000,1242000
2009/12/31,0,859000,-850000,9000
2010/01/01,0,0,0,0
2010/01/04,0,1353000,-291000,1062000
2010/01/05,0,3383000,-893000,2490000
2010/01/06,0,1830000,-1335500,494500
2010/01/07,0,1881000,-617614,1263386
2010/01/08,0,1146430,-294100,852330
2010/01/11,0,1044000,-558500,485500
2010/01/12,0,9477717,-1760644,7717073
2010/01/13,0,238000,-1082000,-844000
2010/01/14,0,535000,-110900,424100
2010/01/15,0,419000,-432000,-13000
2010/01/18,0,840000,-202000,638000
2010/01/19,0,433000,-1319950,-886950
2010/01/20,0,720000,-1348000,-628000
2010/01/21,0,1035000,-209700,825300
2010/01/22,0,386000,-1618000,-1232000
2010/01/25,0,514670,-1689000,-1174330
2010/01/26,0,33000,-4531000,-4498000
2010/01/27,0,365000,-1586280,-1221280
2010/01/28,0,388000,-1591000,-1203000
2010/01/29,0,792000,-1942570,-1150570
2010/02/01,0,359000,-7122980,-6763980
2010/02/02,0,1769000,-5690730,-3921730
2010/02/03,0,802890,-2185121,-1382231
2010/02/04,0,499000,-1273000,-774000
2010/02/05,0,325000,-2476920,-2151920
2010/02/08,0,381390,-1802000,-1420610
2010/02/09,0,54000,-1117950,-1063950
2010/02/10,0,959000,-1433000,-474000
2010/02/11,0,0,0,0
2010/02/12,0,0,0,0
2010/02/15,0,0,0,0
2010/02/16,0,0,0,0
2010/02/17,0,0,0,0
2010/02/18,0,0,0,0
2010/02/19,0,0,0,0
2010/02/22,0,3062855,-1960115,1102740
2010/02/23,0,1225000,-1876000,-651000
2010/02/24,0,1128000,-1837500,-709500
2010/02/25,0,3486000,-3819000,-333000
2010/02/26,0,1096200,-1844892,-748692
2010/03/01,0,1376000,-469000,907000
2010/03/02,0,516000,-3556000,-3040000
2010/03/03,0,691000,-199000,492000
2010/03/04,0,514000,-1074000,-560000
2010/03/05,0,1408000,-1304100,103900
2010/03/08,0,892000,-34000,858000
2010/03/09,0,895830,-11000,884830
2010/03/10,0,856633,-255611,601022
2010/03/11,0,223000,-1495000,-1272000
2010/03/12,0,724000,-1499000,-775000
2010/03/15,0,18000,-1168000,-1150000
2010/03/16,0,155000,-54000,101000
2010/03/17,0,3268000,-276430,2991570
2010/03/18,0,1797000,-1134000,663000
2010/03/19,0,1363000,-410000,953000
2010/03/22,0,1018000,-1058860,-40860
2010/03/23,0,1196000,-1126000,70000
2010/03/24,0,849000,-332500,516500
2010/03/25,0,1664000,-1641852,22148
2010/03/26,0,1327000,-1568800,-241800
2010/03/29,0,1941000,-251000,1690000
2010/03/30,0,1223000,-1522000,-299000
2010/03/31,0,894000,-1190380,-296380
2010/04/01,0,2968000,-257140,2710860
2010/04/02,0,1299000,-153000,1146000
2010/04/05,0,0,0,0
2010/04/06,0,2330000,-76000,2254000
2010/04/07,0,2291970,-54000,2237970
2010/04/08,0,1662000,-376000,1286000
2010/04/09,0,687000,-410630,276370
2010/04/12,0,800660,-91000,709660
2010/04/13,0,191000,-664000,-473000
2010/04/14,0,689000,-276010,412990
2010/04/15,0,931000,-54000,877000
2010/04/16,0,641760,-918000,-276240
2010/04/19,0,685955,-1487000,-801045
2010/04/20,0,507000,-2565100,-2058100
2010/04/21,0,1448000,-2075855,-627855
2010/04/22,0,713000,-1749900,-1036900
2010/04/23,0,905700,-977000,-71300
2010/04/26,0,2335000,0,2335000
2010/04/27,0,3245554,-2626554,619000
2010/04/28,0,760000,-2196280,-1436280
2010/04/29,0,4694000,-3235500,1458500
2010/04/30,0,5928000,-1833400,4094600
2010/05/03,0,1779000,-1259000,520000
2010/05/04,0,1500000,-1192000,308000
2010/05/05,0,2195191,-3796090,-1600899
2010/05/06,0,701827,-2558000,-1856173
2010/05/07,0,515353,-3962310,-3446957
2010/05/10,0,1028450,-5093180,-4064730
2010/05/11,0,1064000,-2526000,-1462000
2010/05/12,0,1381708,-496000,885708
2010/05/13,0,1579000,-633000,946000
2010/05/14,0,2152000,-195000,1957000
2010/05/17,0,455000,-1184000,-729000
2010/05/18,0,973875,-695000,278875
2010/05/19,0,2359000,-1180000,1179000
2010/05/20,0,2048000,-1317000,731000
2010/05/21,0,516000,-6248210,-5732210
2010/05/24,0,837000,-615000,222000
2010/05/25,0,398000,-1067000,-669000
2010/05/26,0,3546000,-1533145,2012855
2010/05/27,0,1956000,-4416886,-2460886
2010/05/28,0,1458000,-1525000,-67000
2010/05/31,0,1644000,-1423000,221000
2010/06/01,0,1145000,-1080000,65000
2010/06/02,0,1387000,-708000,679000
2010/06/03,0,866000,-53000,813000
2010/06/04,0,361000,-16000,345000
2010/06/07,0,20000,-1434415,-1414415
2010/06/08,0,81000,-306000,-225000
2010/06/09,0,104000,-1499378,-1395378
2010/06/10,0,514000,-276000,238000
2010/06/11,0,1006549,-167863,838686
2010/06/14,0,1897549,-81000,1816549
2010/06/15,0,3866099,-441540,3424559
2010/06/16,0,0,0,0
2010/06/17,0,3291322,-141121,3150201
2010/06/18,0,1350354,-1225504,124850
2010/06/21,0,3752845,-1958967,1793878
2010/06/22,0,1211076,-316000,895076
2010/06/23,0,1525320,-389615,1135705
2010/06/24,0,439000,-1296226,-857226
2010/06/25,0,142429,-1194300,-1051871
2010/06/28,0,366000,-299000,67000
2010/06/29,0,1204000,-1329000,-125000
2010/06/30,0,1062000,-3421000,-2359000
2010/07/01,0,133000,-2051330,-1918330
2010/07/02,0,348000,-2121420,-1773420
2010/07/05,0,1021531,-782000,239531
2010/07/06,0,3727000,-548000,3179000
2010/07/07,0,1084015,-763000,321015
2010/07/08,0,1990000,-104000,1886000
2010/07/09,0,2183000,-100994,2082006
2010/07/12,0,3208000,-213120,2994880
2010/07/13,0,2052000,-200000,1852000
2010/07/14,0,4114588,-607000,3507588
2010/07/15,0,3230500,-781000,2449500
2010/07/16,0,1679950,-762713,917237
2010/07/19,0,1766000,-629000,1137000
2010/07/20,0,1615520,-436000,1179520
2010/07/21,0,1767325,-352000,1415325
2010/07/22,0,1285000,-708001,576999
2010/07/23,0,3348000,-279000,3069000
2010/07/26,0,1300070,-268000,1032070
2010/07/27,0,1970671,-1442000,528671
2010/07/28,0,2351000,-1482200,868800
2010/07/29,0,2050000,-1058512,991488
2010/07/30,0,753413,-1571800,-818387
2010/08/02,0,2967000,-32000,2935000
2010/08/03,0,1678000,-101000,1577000
2010/08/04,0,2032000,-274000,1758000
2010/08/05,0,1426000,-179000,1247000
2010/08/06,0,1990000,-251000,1739000
2010/08/09,0,1305000,-110000,1195000
2010/08/10,0,327000,-705000,-378000
2010/08/11,0,1237000,-1234604,2396
2010/08/12,0,179000,-840836,-661836
2010/08/13,0,466000,-430220,35780
2010/08/16,0,374000,-142000,232000
2010/08/17,0,895000,-224000,671000
2010/08/18,0,1623000,-853000,770000
2010/08/19,0,1001000,-1174000,-173000
2010/08/20,0,332000,-331000,1000
2010/08/23,0,1255000,-289000,966000
2010/08/24,0,757000,-1224964,-467964
2010/08/25,0,764000,-3986100,-3222100
2010/08/26,0,165000,-2267000,-2102000
2010/08/27,0,1106000,-1449914,-343914
2010/08/30,0,1063447,-761000,302447
2010/08/31,0,814000,-1115789,-301789
2010/09/01,0,889000,-1068000,-179000
2010/09/02,0,515919,-931000,-415081
2010/09/03,0,1133000,-638887,494113
2010/09/06,0,649000,-571000,78000
2010/09/07,0,143000,-107578,35422
2010/09/08,0,714900,-885099,-170199
2010/09/09,0,650000,-415000,235000
2010/09/10,0,1305520,-505000,800520
2010/09/13,0,3866000,-754134,3111866
2010/09/14,0,1564913,-555000,1009913
2010/09/15,0,2012084,-109450,1902634
2010/09/16,0,884000,-1189000,-305000
2010/09/17,0,3747000,-1805350,1941650
2010/09/20,0,1009000,-671000,338000
2010/09/21,0,843000,-20000,823000
2010/09/22,0,0,0,0
2010/09/23,0,802050,-59538,742512
2010/09/24,0,1551760,-680000,871760
2010/09/27,0,583220,-443450,139770
2010/09/28,0,693350,-2847800,-2154450
2010/09/29,0,2561000,-911650,1649350
2010/09/30,0,1267000,-255000,1012000
2010/10/01,0,1813210,-182900,1630310
2010/10/04,0,616780,-94000,522780
2010/10/05,0,763020,-489230,273790
2010/10/06,0,1441490,-71000,1370490
2010/10/07,0,1383490,-2639300,-1255810
2010/10/08,0,709420,-1389137,-679717
2010/10/11,0,1205360,-164389,1040971
2010/10/12,0,1110560,-1608846,-498286
2010/10/13,0,1234170,-506000,728170
2010/10/14,0,2082060,-771000,1311060
2010/10/15,0,832030,-160089,671941
2010/10/18,0,664000,-5063500,-4399500
2010/10/19,0,1445000,-2092250,-647250
2010/10/20,0,617000,-2567950,-1950950
2010/10/21,0,346000,-1077000,-731000
2010/10/22,0,644001,-720000,-75999
2010/10/25,0,1882000,-11000,1871000
2010/10/26,0,2944780,-205295,2739485
2010/10/27,0,892651,-200000,692651
2010/10/28,0,2803646,-1687695,1115951
2010/10/29,0,959000,-1688000,-729000
2010/11/01,0,2075000,-1028000,1047000
2010/11/02,0,945000,-245000,700000
2010/11/03,0,1497000,-3308950,-1811950
2010/11/04,0,1026000,-854300,171700
2010/11/05,0,1254800,-735442,519358
2010/11/08,0,294000,-127000,167000
2010/11/09,0,601000,-1000,600000
2010/11/10,0,1282000,-585940,696060
2010/11/11,0,1267297,-561668,705629
2010/11/12,0,1755000,-1069000,686000
2010/11/15,0,219995,-851000,-631005
2010/11/16,0,1137000,-2826900,-1689900
2010/11/17,0,980000,-1381000,-401000
2010/11/18,0,598000,-314780,283220
2010/11/19,0,410770,-1086000,-675230
2010/11/22,0,469100,-133000,336100
2010/11/23,0,239590,-652000,-412410
2010/11/24,0,867000,-290000,577000
2010/11/25,0,383000,-468000,-85000
2010/11/26,0,214000,-275000,-61000
2010/11/29,0,1301000,-736667,564333
2010/11/30,0,1460050,-913375,546675
2010/12/01,0,1697000,-154620,1542380
2010/12/02,0,2445000,-261270,2183730
2010/12/03,0,655000,-999000,-344000
2010/12/06,0,2000000,-1319000,681000
2010/12/07,0,1121250,-896275,224975
2010/12/08,0,1081000,-866000,215000
2010/12/09,0,2094000,-1827669,266331
2010/12/10,0,624000,-169450,454550
2010/12/13,0,637000,-108000,529000
2010/12/14,0,4958000,-296000,4662000
2010/12/15,0,1378000,-563000,815000
2010/12/16,0,1528000,-1077000,451000
2010/12/17,0,803000,-699000,104000
2010/12/20,0,776180,-1482000,-705820
2010/12/21,0,1443000,-748519,694481
2010/12/22,0,2224000,-724960,1499040
2010/12/23,0,1097000,-510000,587000
2010/12/24,0,343000,-101000,242000
2010/12/27,0,636000,-63000,573000
2010/12/28,0,801000,-18000,783000
2010/12/29,0,1275300,-152000,1123300
2010/12/30,0,1668000,-991000,677000
2010/12/31,0,610000,-285280,324720
2011/01/03,0,953000,-149000,804000
2011/01/04,0,412000,-670000,-258000
2011/01/05,0,426150,-895890,-469740
2011/01/06,0,1360000,-1208000,152000
2011/01/07,0,324000,-1851000,-1527000
2011/01/10,0,959000,-1000000,-41000
2011/01/11,0,1485000,-604000,881000
2011/01/12,0,884700,-360000,524700
2011/01/13,0,514876,-383000,131876
2011/01/14,0,585000,-225000,360000
2011/01/17,0,344463,-746000,-401537
2011/01/18,0,2212000,-506830,1705170
2011/01/19,0,3088000,-508000,2580000
2011/01/20,0,1823000,-585000,1238000
2011/01/21,0,464000,-1459850,-995850
2011/01/24,0,277000,-62000,215000
2011/01/25,0,251000,0,251000
2011/01/26,0,1062000,-444609,617391
2011/01/27,0,539000,-181930,357070
2011/01/28,0,2093200,-4848117,-2754917
2011/01/31,0,0,0,0
2011/02/01,0,0,0,0
2011/02/02,0,0,0,0
2011/02/03,0,0,0,0
2011/02/04,0,0,0,0
2011/02/07,0,0,0,0
2011/02/08,0,790000,-1812000,-1022000
2011/02/09,0,991000,-1562821,-571821
2011/02/10,0,883000,-1717840,-834840
2011/02/11,0,549000,-2138000,-1589000
2011/02/14,0,310000,-3150380,-2840380
2011/02/15,0,360000,-2134000,-1774000
2011/02/16,0,144000,-1682400,-1538400
2011/02/17,0,414000,-2361018,-1947018
2011/02/18,0,790392,-141000,649392
2011/02/21,0,126000,-707000,-581000
2011/02/22,0,169000,-4129325,-3960325
2011/02/23,0,299870,-1469780,-1169910
2011/02/24,0,610371,-1314000,-703629
2011/02/25,0,1162585,-1682370,-519785
2011/02/28,0,0,0,0
2011/03/01,0,559195,-339000,220195
2011/03/02,0,566371,-2515550,-1949179
2011/03/03,0,1355195,-505304,849891
2011/03/04,0,738390,-406932,331458
2011/03/07,0,180000,-289000,-109000
2011/03/08,0,878195,-740000,138195
2011/03/09,0,551000,-386496,164504
2011/03/10,0,167000,-481990,-314990
2011/03/11,0,114000,-938140,-824140
2011/03/14,0,372000,-829000,-457000
2011/03/15,0,1207000,-2010050,-803050
2011/03/16,0,825000,-577841,247159
2011/03/17,0,541000,-384940,156060
2011/03/18,0,1453113,-1253866,199247
2011/03/21,0,510000,-667000,-157000
2011/03/22,0,272000,-961000,-689000
2011/03/23,0,1383000,-1144000,239000
2011/03/24,0,16000,-355000,-339000
2011/03/25,0,1380000,-933000,447000
2011/03/28,0,803000,-674000,129000
2011/03/29,0,1120000,-515000,605000
2011/03/30,0,1604000,-250000,1354000
2011/03/31,0,2214608,-2881005,-666397
2011/04/01,0,805079,-541860,263219
2011/04/04,0,0,0,0
2011/04/05,0,0,0,0
2011/04/06,0,3496892,-1772100,1724792
2011/04/07,0,2933415,-614415,2319000
2011/04/08,0,2856172,-605000,2251172
2011/04/11,0,1696000,-263000,1433000
2011/04/12,0,735792,-222000,513792
2011/04/13,0,811000,-667000,144000
2011/04/14,0,455000,-289000,166000
2011/04/15,0,209000,-242000,-33000
2011/04/18,0,277000,-103245,173755
2011/04/19,0,230000,-505000,-275000
2011/04/20,0,2243762,-815500,1428262
2011/04/21,0,1965907,-54000,1911907
2011/04/22,0,923000,-70000,853000
2011/04/25,0,655000,-139000,516000
2011/04/26,0,982883,-134000,848883
2011/04/27,0,521000,-282000,239000
2011/04/28,0,624352,-462000,162352
2011/04/29,0,449210,-421000,28210
2011/05/02,0,0,0,0
2011/05/03,0,756000,-851000,-95000
2011/05/04,0,737000,-521000,216000
2011/05/05,0,66000,-693290,-627290
2011/05/06,0,405286,-857150,-451864
2011/05/09,0,2489000,-729000,1760000
2011/05/10,0,399000,-359500,39500
2011/05/11,0,954000,-487927,466073
2011/05/12,0,639000,-924000,-285000
2011/05/13,0,344000,-1022000,-678000
2011/05/16,0,284000,-1129000,-845000
2011/05/17,0,402000,-897000,-495000
2011/05/18,0,1005000,-253000,752000
2011/05/19,0,1513480,-766000,747480
2011/05/20,0,907000,-1104000,-197000
2011/05/23,0,1228000,-1858000,-630000
2011/05/24,0,558000,-362540,195460
2011/05/25,0,222000,-2018742,-1796742
2011/05/26,0,499845,-509133,-9288
2011/05/27,0,263000,-331000,-68000
2011/05/30,0,560000,-837000,-277000
2011/05/31,0,3860000,-1056350,2803650
2011/06/01,0,1527000,-690909,836091
2011/06/02,0,1249000,-470000,779000
2011/06/03,0,1228000,-1059000,169000
2011/06/06,0,0,0,0
2011/06/07,0,316000,-770050,-454050
2011/06/08,0,584000,-747000,-163000
2011/06/09,0,704000,-485675,218325
2011/06/10,0,543000,-1211477,-668477
2011/06/13,0,286000,-685986,-399986
2011/06/14,0,1377000,-1261000,116000
2011/06/15,0,4344000,-3098125,1245875
2011/06/16,0,1424886,-2510000,-1085114
2011/06/17,0,2537000,-5776957,-3239957
2011/06/20,0,809000,-1492680,-683680
2011/06/21,0,1510000,-1323000,187000
2011/06/22,0,463000,-2225000,-1762000
2011/06/23,0,313874,-1118491,-804617
2011/06/24,0,1431000,-1353617,77383
2011/06/27,0,287000,-940821,-653821
2011/06/28,0,107000,-1076683,-969683
2011/06/29,0,1528000,-826000,702000
2011/06/30,0,2941100,-3630000,-688900
2011/07/01,0,451408,-665000,-213592
2011/07/04,0,1409050,-733552,675498
2011/07/05,0,1643604,-639000,1004604
2011/07/06,0,713349,-836000,-122651
2011/07/07,0,1978381,-524000,1454381
2011/07/08,0,1083106,-800000,283106
2011/07/11,0,1574764,-2215000,-640236
2011/07/12,0,668945,-717000,-48055
2011/07/13,0,870766,-523000,347766
2011/07/14,0,593826,-443000,150826
2011/07/15,0,535940,-375000,160940
2011/07/18,0,344208,-543000,-198792
2011/07/19,0,877000,-517255,359745
2011/07/20,0,1279200,-185000,1094200
2011/07/21,0,956597,-169000,787597
2011/07/22,0,1113111,-199000,914111
2011/07/25,0,259247,-38000,221247
2011/07/26,0,1341207,-310000,1031207
2011/07/27,0,1510201,-326000,1184201
2011/07/28,0,759830,-631000,128830
2011/07/29,0,2383382,-344682,2038700
2011/08/01,0,4391197,-1417000,2974197
2011/08/02,0,237959,-2699270,-2461311
2011/08/03,0,721784,-403000,318784
2011/08/04,0,847302,-546520,300782
2011/08/05,0,644986,-2596000,-1951014
2011/08/08,0,459421,-2895142,-2435721
2011/08/09,0,1340000,-5333000,-3993000
2011/08/10,0,1858957,-6087413,-4228456
2011/08/11,0,1847000,-1591000,256000
2011/08/12,0,1002000,-2567037,-1565037
2011/08/15,0,1458232,-361000,1097232
2011/08/16,0,943000,-1647000,-704000
2011/08/17,0,2454626,-1058945,1395681
2011/08/18,0,2171127,-2620000,-448873
2011/08/19,0,1082053,-797000,285053
2011/08/22,0,548940,-444000,104940
2011/08/23,0,2777000,-2320213,456787
2011/08/24,0,3711983,-2059000,1652983
2011/08/25,0,3404632,-1524672,1879960
2011/08/26,0,1354796,-1933425,-578629
2011/08/29,0,3410000,-2873961,536039
2011/08/30,0,1014818,-3285000,-2270182
2011/08/31,0,1453478,-3624299,-2170821
2011/09/01,0,3973381,-1193517,2779864
2011/09/02,0,1002357,-1161000,-158643
2011/09/05,0,2216000,-2907807,-691807
2011/09/06,0,1691329,-2051969,-360640
2011/09/07,0,1722348,-354000,1368348
2011/09/08,0,2861631,-1248000,1613631
2011/09/09,0,3149000,-1749205,1399795
2011/09/12,0,0,0,0
2011/09/13,0,326369,-1743000,-1416631
2011/09/14,0,466226,-1482256,-1016030
2011/09/15,0,1700000,-703725,996275
2011/09/16,0,3881000,-871000,3010000
2011/09/19,0,2149160,-442000,1707160
2011/09/20,0,2579309,-2060000,519309
2011/09/21,0,3814317,-1044000,2770317
2011/09/22,0,2686124,-3462000,-775876
2011/09/23,0,1033216,-1466000,-432784
2011/09/26,0,2011243,-1450000,561243
2011/09/27,0,5948646,-2772000,3176646
2011/09/28,0,10840541,-10069000,771541
2011/09/29,0,895086,-1279715,-384629
2011/09/30,0,1560000,-1708411,-148411
2011/10/03,0,1335178,-2122209,-787031
2011/10/04,0,2687120,-745000,1942120
2011/10/05,0,2978000,-1177000,1801000
2011/10/06,0,3845000,-1054000,2791000
2011/10/07,0,1986000,-489000,1497000
2011/10/10,0,0,0,0
2011/10/11,0,2417000,-2665240,-248240
2011/10/12,0,1068000,-57000,1011000
2011/10/13,0,592234,-179000,413234
2011/10/14,0,749090,-241000,508090
2011/10/17,0,3060117,-440000,2620117
2011/10/18,0,1313912,-633120,680792
2011/10/19,0,1751935,-1349000,402935
2011/10/20,0,1038901,-1631000,-592099
2011/10/21,0,1027258,-88000,939258
2011/10/24,0,3975637,-253000,3722637
2011/10/25,0,971049,-817000,154049
2011/10/26,0,951000,-1190000,-239000
2011/10/27,0,1354000,-242000,1112000
2011/10/28,0,2253000,-260000,1993000
2011/10/31,0,2905000,-444000,2461000
2011/11/01,0,2448000,-97000,2351000
2011/11/02,0,1780000,-440000,1340000
2011/11/03,0,1311000,-1658000,-347000
2011/11/04,0,1921000,-117000,1804000
2011/11/07,0,496000,-421000,75000
2011/11/08,0,1328991,-737050,591941
2011/11/09,0,2317000,-1279000,1038000
2011/11/10,0,497000,-1364000,-867000
2011/11/11,0,279000,-899000,-620000
2011/11/14,0,504000,-443000,61000
2011/11/15,0,1631000,-415075,1215925
2011/11/16,0,1693000,-1511250,181750
2011/11/17,0,1491000,-1283476,207524
2011/11/18,0,1959000,-1946753,12247
2011/11/21,0,1976268,-2384555,-408287
2011/11/22,0,2316000,-1344560,971440
2011/11/23,0,2567000,-2861040,-294040
2011/11/24,0,1213000,-1039000,174000
2011/11/25,0,1870000,-1810000,60000
2011/11/28,0,1308604,-968000,340604
2011/11/29,0,1842000,-1664000,178000
2011/11/30,0,4178000,-4189362,-11362
2011/12/01,0,5593000,-1145850,4447150
2011/12/02,0,4049000,-1190203,2858797
2011/12/05,0,857000,-564000,293000
2011/12/06,0,1360000,-1323000,37000
2011/12/07,0,4858000,-1946895,2911105
2011/12/08,0,2196000,-3091000,-895000
2011/12/09,0,1289000,-1402000,-113000
2011/12/12,0,343000,-145000,198000
2011/12/13,0,1068000,-866000,202000
2011/12/14,0,3176000,-445050,2730950
2011/12/15,0,1247000,-2839000,-1592000
2011/12/16,0,1062303,-942857,119446
2011/12/19,0,1631000,-842000,789000
2011/12/20,0,1214000,-1521075,-307075
2011/12/21,0,2449000,-1443876,1005124
2011/12/22,0,922000,-762000,160000
2011/12/23,0,2018000,-155000,1863000
2011/12/26,0,388000,-143000,245000
2011/12/27,0,1118000,-127000,991000
2011/12/28,0,979650,-367650,612000
2011/12/29,0,1601000,-432000,1169000
2011/12/30,0,1113000,-471000,642000
2012/01/02,0,647000,-269000,378000
2012/01/03,0,1914750,-168000,1746750
2012/01/04,0,2178000,-1245000,933000
2012/01/05,0,1489000,-1162000,327000
2012/01/06,0,1881000,-1170000,711000
2012/01/09,0,1647000,-676000,971000
2012/01/10,0,3085000,-579000,2506000
2012/01/11,0,979000,-1067000,-88000
2012/01/12,0,1284000,-180000,1104000
2012/01/13,0,2344000,-194212,2149788
2012/01/16,0,703000,-961000,-258000
2012/01/17,0,1323000,-178000,1145000
2012/01/18,0,2058000,-751000,1307000
2012/01/19,0,0,0,0
2012/01/20,0,0,0,0
2012/01/23,0,0,0,0
2012/01/24,0,0,0,0
2012/01/25,0,0,0,0
2012/01/26,0,0,0,0
2012/01/27,0,0,0,0
2012/01/30,0,8129634,-1899343,6230291
2012/01/31,0,3413482,-808400,2605082
2012/02/01,0,2377408,-409000,1968408
2012/02/02,0,3422000,-1075050,2346950
2012/02/03,0,1869000,-970000,899000
2012/02/06,0,660000,-1295723,-635723
2012/02/07,0,1469000,-81000,1388000
2012/02/08,0,1933000,-147000,1786000
2012/02/09,0,943000,-221266,721734
2012/02/10,0,1123000,-114000,1009000
2012/02/13,0,1833000,0,1833000
2012/02/14,0,158897,-1035600,-876703
2012/02/15,0,2311000,-1523000,788000
2012/02/16,0,1436000,-357000,1079000
2012/02/17,0,3864000,-776000,3088000
2012/02/20,0,527000,-27000,500000
2012/02/21,0,853000,-253000,600000
2012/02/22,0,1996000,-413458,1582542
2012/02/23,0,1127000,-375000,752000
2012/02/24,0,906000,-469000,437000
2012/02/27,0,0,0,0
2012/02/28,0,0,0,0
2012/02/29,0,6930284,-1487830,5442454
2012/03/01,0,2049691,-1018000,1031691
2012/03/02,0,2792166,-46000,2746166
2012/03/05,0,2066000,-1608580,457420
2012/03/06,0,1279000,-957647,321353
2012/03/07,0,597000,-868000,-271000
2012/03/08,0,790000,-1001000,-211000
2012/03/09,0,451000,-470000,-19000
2012/03/12,0,899000,-288000,611000
2012/03/13,0,2383000,-598000,1785000
2012/03/14,0,2386000,-332497,2053503
2012/03/15,0,2691000,-988000,1703000
2012/03/16,0,2703000,-3778653,-1075653
2012/03/19,0,1519000,-700651,818349
2012/03/20,0,1562000,-768000,794000
2012/03/21,0,883000,-337000,546000
2012/03/22,0,1302000,-332000,970000
2012/03/23,0,1858000,-88364,1769636
2012/03/26,0,2768000,-3032000,-264000
2012/03/27,0,758000,-1060000,-302000
2012/03/28,0,1328000,-1152000,176000
2012/03/29,0,1771587,-1549587,222000
2012/03/30,0,2977193,-4863440,-1886247
2012/04/02,0,1117000,-849000,268000
2012/04/03,0,1853639,-284000,1569639
2012/04/04,0,0,0,0
2012/04/05,0,749000,-1341000,-592000
2012/04/06,0,459683,-2298000,-1838317
2012/04/09,0,606000,-1360000,-754000
2012/04/10,0,979000,-665000,314000
2012/04/11,0,1210000,-1255748,-45748
2012/04/12,0,1440000,-2766000,-1326000
2012/04/13,0,315496,-917592,-602096
2012/04/16,0,507000,-674000,-167000
2012/04/17,0,683000,-1036000,-353000
2012/04/18,0,957000,-748000,209000
2012/04/19,0,887000,-303000,584000
2012/04/20,0,1769000,-834931,934069
2012/04/23,0,3075335,-951000,2124335
2012/04/24,0,3755000,-1656000,2099000
2012/04/25,0,1144000,-4965000,-3821000
2012/04/26,0,701000,-5368000,-4667000
2012/04/27,0,1774903,-3877000,-2102097
2012/04/30,0,1579000,-930950,648050
2012/05/01,0,0,0,0
2012/05/02,0,3439000,-1627000,1812000
2012/05/03,0,569000,-2088000,-1519000
2012/05/04,0,3319000,-2231000,1088000
2012/05/07,0,1467000,-7030504,-5563504
2012/05/08,0,663000,-4606300,-3943300
2012/05/09,0,262000,-6196000,-5934000
2012/05/10,0,1023367,-5463288,-4439921
2012/05/11,0,6163896,-6859000,-695104
2012/05/14,0,641000,-6833128,-6192128
2012/05/15,0,2090000,-3597000,-1507000
2012/05/16,0,508000,-8341000,-7833000
2012/05/17,0,2679000,-2791000,-112000
2012/05/18,0,838000,-4284000,-3446000
2012/05/21,0,884000,-2386776,-1502776
2012/05/22,0,308000,-1042000,-734000
2012/05/23,0,496049,-2464000,-1967951
2012/05/24,0,1767000,-2650997,-883997
2012/05/25,0,2289290,-3095000,-805710
2012/05/28,0,1351460,-1460460,-109000
2012/05/29,0,1712000,-1334000,378000
2012/05/30,0,3643000,-7547064,-3904064
2012/05/31,0,5312295,-4385284,927011
2012/06/01,0,1213000,-2748233,-1535233
2012/06/04,0,2352846,-1137647,1215199
2012/06/05,0,770000,-1857000,-1087000
2012/06/06,0,2133000,-1744000,389000
2012/06/07,0,1153874,-1982000,-828126
2012/06/08,0,522976,-1202981,-680005
2012/06/11,0,1522284,-1078000,444284
2012/06/12,0,1086000,-2547000,-1461000
2012/06/13,0,1017934,-2068000,-1050066
2012/06/14,0,1557249,-3161986,-1604737
2012/06/15,0,7523784,-16017950,-8494166
2012/06/18,0,2376116,-2495194,-119078
2012/06/19,0,1195679,-2780319,-1584640
2012/06/20,0,2849842,-2898000,-48158
2012/06/21,0,1537819,-2401000,-863181
2012/06/22,0,399327,-3108525,-2709198
2012/06/25,0,811000,-2884680,-2073680
2012/06/26,0,895000,-1820000,-925000
2012/06/27,0,726000,-527000,199000
2012/06/28,0,942000,-2381001,-1439001
2012/06/29,0,2123000,-991000,1132000
2012/07/02,0,442000,-3028000,-2586000
2012/07/03,0,1384000,-1073000,311000
2012/07/04,0,2091040,-1910000,181040
2012/07/05,0,1551000,-1710000,-159000
2012/07/06,0,1780000,-1035000,745000
2012/07/09,0,542000,-1316000,-774000
2012/07/10,0,1069000,-4400000,-3331000
2012/07/11,0,905000,-2184000,-1279000
2012/07/12,0,770000,-4330000,-3560000
2012/07/13,0,1912426,-972402,940024
2012/07/16,0,1080000,-655000,425000
2012/07/17,0,1574400,-2012000,-437600
2012/07/18,0,888000,-1584000,-696000
2012/07/19,0,1192000,-483000,709000
2012/07/20,0,936000,-340785,595215
2012/07/23,0,1045000,-1985000,-940000
2012/07/24,0,1454000,-590000,864000
2012/07/25,0,328000,-1792453,-1464453
2012/07/26,0,231000,-2188468,-1957468
2012/07/27,0,2920000,-1126000,1794000
2012/07/30,0,2165387,-1327225,838162
2012/07/31,0,2212000,-2197720,14280
2012/08/01,0,729000,-315000,414000
2012/08/02,0,0,0,0
2012/08/03,0,2636253,-941000,1695253
2012/08/06,0,2685890,-235000,2450890
2012/08/07,0,2382000,-535000,1847000
2012/08/08,0,3209994,-261000,2948994
2012/08/09,0,5338000,-1088000,4250000
2012/08/10,0,3578000,-944000,2634000
2012/08/13,0,1513000,-906875,606125
2012/08/14,0,2792450,-2130039,662411
2012/08/15,0,2508000,-541315,1966685
2012/08/16,0,3088000,-815000,2273000
2012/08/17,0,2352000,-1177500,1174500
2012/08/20,0,1087000,-1277000,-190000
2012/08/21,0,4587792,-1724000,2863792
2012/08/22,0,934320,-669000,265320
2012/08/23,0,1296281,-989000,307281
2012/08/24,0,681000,-396000,285000
2012/08/27,0,1426000,-1022000,404000
2012/08/28,0,901723,-647725,253998
2012/08/29,0,886000,-866250,19750
2012/08/30,0,2272000,-3319000,-1047000
2012/08/31,0,1883759,-2547477,-663718
2012/09/03,0,1500000,-1237000,263000
2012/09/04,0,1467000,-1289000,178000
2012/09/05,0,1109000,-3578849,-2469849
2012/09/06,0,2632000,-1457980,1174020
2012/09/07,0,2128041,-802315,1325726
2012/09/10,0,1399000,-800000,599000
2012/09/11,0,3343135,-1115000,2228135
2012/09/12,0,2620000,-1232000,1388000
2012/09/13,0,5991000,-2102108,3888892
2012/09/14,0,4102000,-1559280,2542720
2012/09/17,0,5533000,-2275000,3258000
2012/09/18,0,1971000,-876000,1095000
2012/09/19,0,6631000,-1961000,4670000
2012/09/20,0,3447000,-1853270,1593730
2012/09/21,0,4392063,-2410912,1981151
2012/09/24,0,2128000,-914000,1214000
2012/09/25,0,1878000,-905872,972128
2012/09/26,0,2027000,-287191,1739809
2012/09/27,0,5450280,-1736129,3714151
2012/09/28,0,2380000,-2346524,33476
2012/10/01,0,896000,-1174000,-278000
2012/10/02,0,2917000,-685000,2232000
2012/10/03,0,2826000,-1253000,1573000
2012/10/04,0,1778000,-2925000,-1147000
2012/10/05,0,1135000,-2035137,-900137
2012/10/08,0,1359580,-1220000,139580
2012/10/09,0,3600000,-1181477,2418523
2012/10/10,0,0,0,0
2012/10/11,0,1673000,-648000,1025000
2012/10/12,0,1765000,-1059515,705485
2012/10/15,0,864000,-379720,484280
2012/10/16,0,1849000,-777000,1072000
2012/10/17,0,2387000,-693455,1693545
2012/10/18,0,2099000,-121000,1978000
2012/10/19,0,1010000,-897000,113000
2012/10/22,0,926000,-1234369,-308369
2012/10/23,0,636900,-892113,-255213
2012/10/24,0,627000,-1507232,-880232
2012/10/25,0,2587000,-2114035,472965
2012/10/26,0,1487000,-1485000,2000
2012/10/29,0,1031900,-689558,342342
2012/10/30,0,677736,-1526000,-848264
2012/10/31,0,816000,-2271050,-1455050
2012/11/01,0,2172000,-1949000,223000
2012/11/02,0,622000,-2591000,-1969000
2012/11/05,0,1420000,-677000,743000
2012/11/06,0,618000,-1035000,-417000
2012/11/07,0,649000,-698000,-49000
2012/11/08,0,1436000,-3022482,-1586482
2012/11/09,0,1171000,-1299000,-128000
2012/11/12,0,700000,-905000,-205000
2012/11/13,0,803000,-3752000,-2949000
2012/11/14,0,953000,-2095375,-1142375
2012/11/15,0,1028000,-647000,381000
2012/11/16,0,1152000,-1693000,-541000
2012/11/19,0,1249214,-546419,702795
2012/11/20,0,430000,-885205,-455205
2012/11/21,0,2274000,-2222000,52000
2012/11/22,0,444000,-303000,141000
2012/11/23,0,3137000,-290000,2847000
2012/11/26,0,1535000,-360000,1175000
2012/11/27,0,2129000,-345175,1783825
2012/11/28,0,3540900,-3773000,-232100
2012/11/29,0,4300000,-1189416,3110584
2012/11/30,0,4361000,-1585370,2775630
2012/12/03,0,1303000,-617312,685688
2012/12/04,0,1657000,-646000,1011000
2012/12/05,0,2928000,-434000,2494000
2012/12/06,0,2255000,-699291,1555709
2012/12/07,0,1468000,-144000,1324000
2012/12/10,0,1804000,-430000,1374000
2012/12/11,0,2854015,-2097000,757015
2012/12/12,0,2834230,-126000,2708230
2012/12/13,0,1936058,-1092475,843583
2012/12/14,0,2554812,-169000,2385812
2012/12/17,0,1856000,-320235,1535765
2012/12/18,0,1608000,-1220000,388000
2012/12/19,0,1807000,-308168,1498832
2012/12/20,0,1556000,-1914000,-358000
2012/12/21,0,1488000,-3391964,-1903964
2012/12/24,0,653000,-312000,341000
2012/12/25,0,1058000,-94000,964000
2012/12/26,0,785000,-234000,551000
2012/12/27,0,1109292,-167000,942292
2012/12/28,0,1965000,-104629,1860371
2012/12/31,0,0,0,0
2013/01/01,0,0,0,0
2013/01/02,0,1924000,-88000,1836000
2013/01/03,0,2171000,-45000,2126000
2013/01/04,0,2152000,-1312000,840000
2013/01/07,0,1435000,-3098500,-1663500
2013/01/08,0,1012000,-1746000,-734000
2013/01/09,0,694000,-581000,113000
2013/01/10,0,3648000,-1944550,1703450
2013/01/11,0,1109000,-322000,787000
2013/01/14,0,1341000,-554000,787000
2013/01/15,0,1475000,-908000,567000
2013/01/16,0,1014000,-823680,190320
2013/01/17,0,1883600,-703000,1180600
2013/01/18,0,1680000,-747000,933000
2013/01/21,0,467000,-802000,-335000
2013/01/22,0,1670000,-431000,1239000
2013/01/23,0,1834000,-312754,1521246
2013/01/24,0,643000,-1542815,-899815
2013/01/25,0,1717000,-1822000,-105000
2013/01/28,0,1079000,-664000,415000
2013/01/29,0,1814000,-216300,1597700
2013/01/30,0,2124000,-283000,1841000
2013/01/31,0,3014190,-2173000,841190
2013/02/01,0,3236000,-1297000,1939000
2013/02/04,0,2043000,-291000,1752000
2013/02/05,0,2660000,-1184000,1476000
2013/02/06,0,1716000,-585840,1130160
2013/02/07,0,0,0,0
2013/02/08,0,0,0,0
2013/02/11,0,0,0,0
2013/02/12,0,0,0,0
2013/02/13,0,0,0,0
2013/02/14,0,0,0,0
2013/02/15,0,0,0,0
2013/02/18,0,4554884,-2729000,1825884
2013/02/19,0,1144284,-657010,487274
2013/02/20,0,1435953,-977000,458953
2013/02/21,0,2319000,-1294000,1025000
2013/02/22,0,1523000,-1911998,-388998
2013/02/25,0,1748000,-2227730,-479730
2013/02/26,0,1924000,-1528401,395599
2013/02/27,0,2635000,-1636242,998758
2013/02/28,0,0,0,0
2013/03/01,0,2757000,-3497000,-740000
2013/03/04,0,4491000,-3464000,1027000
2013/03/05,0,1138000,-1807000,-669000
2013/03/06,0,1364000,-1876000,-512000
2013/03/07,0,1840000,-3235369,-1395369
2013/03/08,0,2161100,-2171000,-9900
2013/03/11,0,905000,-761000,144000
2013/03/12,0,673000,-2801067,-2128067
2013/03/13,0,747000,-885000,-138000
2013/03/14,0,1465419,-2815015,-1349596
2013/03/15,0,3462600,-8046226,-4583626
2013/03/18,0,1760825,-2453345,-692520
2013/03/19,0,1915000,-3057264,-1142264
2013/03/20,0,1594000,-2693507,-1099507
2013/03/21,0,1086000,-2241375,-1155375
2013/03/22,0,3047428,-2622578,424850
2013/03/25,0,788000,-1154655,-366655
2013/03/26,0,1435000,-2318000,-883000
2013/03/27,0,1442000,-469000,973000
2013/03/28,0,1396000,-866000,530000
2013/03/29,0,1155000,-84000,1071000
2013/04/01,0,211805,-21000,190805
2013/04/02,0,1382000,-572000,810000
2013/04/03,0,2302000,-1717000,585000
2013/04/04,0,0,0,0
2013/04/05,0,0,0,0
2013/04/08,0,1926000,-3936290,-2010290
2013/04/09,0,1515000,-2185519,-670519
2013/04/10,0,2192838,-1479000,713838
2013/04/11,0,1899951,-884000,1015951
2013/04/12,0,1155000,-540755,614245
2013/04/15,0,1113928,-768900,345028
2013/04/16,0,1833866,-791000,1042866
2013/04/17,0,2697000,-2768300,-71300
2013/04/18,0,441000,-1161094,-720094
2013/04/19,0,1298000,-153200,1144800
2013/04/22,0,1757000,-403800,1353200
2013/04/23,0,786000,-411058,374942
2013/04/24,0,1577000,-96000,1481000
2013/04/25,0,2584502,-562230,2022272
2013/04/26,0,2427000,-564700,1862300
2013/04/29,0,1780000,-254000,1526000
2013/04/30,0,4162000,-1743100,2418900
2013/05/01,0,0,0,0
2013/05/02,0,2271000,-564572,1706428
2013/05/03,0,1446000,-344000,1102000
2013/05/06,0,1612000,-157063,1454937
2013/05/07,0,2418000,-635024,1782976
2013/05/08,0,4307065,-35800,4271265
2013/05/09,0,2535326,-110730,2424596
2013/05/10,0,2025000,-99000,1926000
2013/05/13,0,1689000,-154900,1534100
2013/05/14,0,4298000,-1494175,2803825
2013/05/15,0,6619000,-2258707,4360293
2013/05/16,0,3997000,-1547000,2450000
2013/05/17,0,3597960,-2169000,1428960
2013/05/20,0,907074,-3227380,-2320306
2013/05/21,0,2900000,-712533,2187467
2013/05/22,0,1714000,-1386953,327047
2013/05/23,0,3351000,-1716000,1635000
2013/05/24,0,3906000,-1107000,2799000
2013/05/27,0,543895,-1227000,-683105
2013/05/28,0,2275000,-3251000,-976000
2013/05/29,0,6337000,-877000,5460000
2013/05/30,0,2503000,-3766000,-1263000
2013/05/31,0,9994460,-6901063,3093397
2013/06/03,0,1197000,-2786000,-1589000
2013/06/04,0,3509000,-2953075,555925
2013/06/05,0,5586000,-4365635,1220365
2013/06/06,0,3854836,-5343600,-1488764
2013/06/07,0,3398000,-3545261,-147261
2013/06/10,0,1393000,-1759000,-366000
2013/06/11,0,4077285,-2418000,1659285
2013/06/12,0,0,0,0
2013/06/13,0,4332000,-3930334,401666
2013/06/14,0,6171000,-4107318,2063682
2013/06/17,0,432000,-4192581,-3760581
2013/06/18,0,1645000,-4764000,-3119000
2013/06/19,0,3157000,-6196442,-3039442
2013/06/20,0,4360000,-5835410,-1475410
2013/06/21,0,15508000,-17951852,-2443852
2013/06/24,0,11021000,-4862421,6158579
2013/06/25,0,13062000,-3105967,9956033
2013/06/26,0,22544970,-4920937,17624033
2013/06/27,0,13896378,-2806799,11089579
2013/06/28,0,12579331,-5423000,7156331
2013/07/01,0,7484000,-1451205,6032795
2013/07/02,0,10821895,-2729244,8092651
2013/07/03,0,9702843,-1722500,7980343
2013/07/04,0,13287000,-1409000,11878000
2013/07/05,0,5898000,-1788000,4110000
2013/07/08,0,11944000,-1657000,10287000
2013/07/09,0,5512000,-1788928,3723072
2013/07/10,0,18110000,-2318000,15792000
2013/07/11,0,13734000,-2869135,10864865
2013/07/12,0,15028000,-2876000,12152000
2013/07/15,0,10267288,-291000,9976288
2013/07/16,0,18254000,-3503000,14751000
2013/07/17,0,11903000,-3125356,8777644
2013/07/18,0,9576000,-4884590,4691410
2013/07/19,0,6152914,-6772000,-619086
2013/07/22,0,14281561,-5708000,8573561
2013/07/23,0,11668600,-1382000,10286600
2013/07/24,0,9962000,-1579000,8383000
2013/07/25,0,11910530,-5667000,6243530
2013/07/26,0,10402000,-5819000,4583000
2013/07/29,0,5935000,-4771000,1164000
2013/07/30,0,10436000,-2612000,7824000
2013/07/31,0,11498000,-3098000,8400000
2013/08/01,0,7038000,-5805555,1232445
2013/08/02,0,10752695,-5592000,5160695
2013/08/05,0,14591400,-7402425,7188975
2013/08/06,0,14626000,-3297000,11329000
2013/08/07,0,16593125,-5086554,11506571
2013/08/08,0,3899259,-4851000,-951741
2013/08/09,0,3010000,-4584000,-1574000
2013/08/12,0,5248000,-1714000,3534000
2013/08/13,0,14747700,-5646600,9101100
2013/08/14,0,6954485,-12434825,-5480340
2013/08/15,0,1546000,-5445133,-3899133
2013/08/16,0,7453172,-5587560,1865612
2013/08/19,0,7137000,-1387000,5750000
2013/08/20,0,12508927,-3896274,8612653
2013/08/21,0,0,0,0
2013/08/22,0,15492769,-11945475,3547294
2013/08/23,0,10557000,-5296445,5260555
2013/08/26,0,5297820,-4052000,1245820
2013/08/27,0,12179000,-6415000,5764000
2013/08/28,0,7659000,-4407000,3252000
2013/08/29,0,17211000,-3944130,13266870
2013/08/30,0,15764600,-15102561,662039
2013/09/02,0,8486000,-2954000,5532000
2013/09/03,0,7772015,-3600978,4171037
2013/09/04,0,9919000,-3521000,6398000
2013/09/05,0,25261474,-5286698,19974776
2013/09/06,0,12986411,-11649237,1337174
2013/09/09,0,8112000,-6371509,1740491
2013/09/10,0,19767699,-15784884,3982815
2013/09/11,0,10157000,-8041381,2115619
2013/09/12,0,10026951,-8569500,1457451
2013/09/13,0,10477000,-6906535,3570465
2013/09/16,0,14621000,-4558000,10063000
2013/09/17,0,4474000,-5853412,-1379412
2013/09/18,0,8345315,-8868808,-523493
2013/09/19,0,0,0,0
2013/09/20,0,0,0,0
2013/09/23,0,9853000,-7575691,2277309
2013/09/24,0,6431000,-1769444,4661556
2013/09/25,0,9436214,-7005114,2431100
2013/09/26,0,4895000,-4746280,148720
2013/09/27,0,7941150,-3372775,4568375
2013/09/30,0,13397255,-7527000,5870255
2013/10/01,0,4251000,-5294595,-1043595
2013/10/02,0,7811050,-7163232,647818
2013/10/03,0,8421249,-1039000,7382249
2013/10/04,0,10345000,-3368000,6977000
2013/10/07,0,5103655,-5169000,-65345
2013/10/08,0,11589000,-4297796,7291204
2013/10/09,0,6016000,-4123955,1892045
2013/10/10,0,0,0,0
2013/10/11,0,11462456,-1772000,9690456
2013/10/14,0,3467000,-2371746,1095254
2013/10/15,0,3051000,-1227000,1824000
2013/10/16,0,3194000,-1592000,1602000
2013/10/17,0,8104813,-1863574,6241239
2013/10/18,0,8771487,-3084130,5687357
2013/10/21,0,3690590,-1133957,2556633
2013/10/22,0,8215356,-3277000,4938356
2013/10/23,0,5834776,-2552000,3282776
2013/10/24,0,8549915,-6674000,1875915
2013/10/25,0,2849000,-3784000,-935000
2013/10/28,0,3082000,-1189000,1893000
2013/10/29,0,2349515,-2357883,-8368
2013/10/30,0,7713720,-1605000,6108720
2013/10/31,0,4715000,-5262980,-547980
2013/11/01,0,5050923,-3277000,1773923
2013/11/04,0,4563000,-1251000,3312000
2013/11/05,0,2569898,-2518042,51856
2013/11/06,0,4078726,-2654000,1424726
2013/11/07,0,5334730,-10002000,-4667270
2013/11/08,0,9311631,-9720000,-408369
2013/11/11,0,13499165,-10914039,2585126
2013/11/12,0,8028000,-5830886,2197114
2013/11/13,0,13476071,-16493840,-3017769
2013/11/14,0,7240544,-6661074,579470
2013/11/15,0,6981000,-11590000,-4609000
2013/11/18,0,8178372,-9412300,-1233928
2013/11/19,0,11576993,-16507000,-4930007
2013/11/20,0,18040000,-16593458,1446542
2013/11/21,0,5036230,-9222000,-4185770
2013/11/22,0,4070378,-6346000,-2275622
2013/11/25,0,4206538,-2342000,1864538
2013/11/26,0,32236265,-48720230,-16483965
2013/11/27,0,17354652,-5062804,12291848
2013/11/28,0,9770000,-6376000,3394000
2013/11/29,0,7776000,-7422000,354000
2013/12/02,0,2049614,-8442940,-6393326
2013/12/03,0,4648797,-5619873,-971076
2013/12/04,0,7092000,-6857000,235000
2013/12/05,0,6782604,-2377000,4405604
2013/12/06,0,8104802,-3394630,4710172
2013/12/09,0,3960465,-2807298,1153167
2013/12/10,0,5129000,-1312000,3817000
2013/12/11,0,4959000,-1765675,3193325
2013/12/12,0,489000,-2550963,-2061963
2013/12/13,0,2850000,-2642000,208000
2013/12/16,0,5249000,-4134000,1115000
2013/12/17,0,4393000,-4476317,-83317
2013/12/18,0,3564521,-6488896,-2924375
2013/12/19,0,7909000,-3279000,4630000
2013/12/20,0,10352034,-11499479,-1147445
2013/12/23,0,5771636,-2802400,2969236
2013/12/24,0,4238000,-2816668,1421332
2013/12/25,0,1817000,-710000,1107000
2013/12/26,0,1329000,-677000,652000
2013/12/27,0,5001000,-3143000,1858000
2013/12/30,0,5036000,-1572007,3463993
2013/12/31,0,6413000,-3251000,3162000
2014/01/02,0,3286568,-1223570,2062998
2014/01/03,0,5279670,-4481000,798670
2014/01/06,0,4088000,-2495583,1592417
2014/01/07,0,5435000,-6631604,-1196604
2014/01/08,0,5842298,-3749049,2093249
2014/01/09,0,5610000,-5491000,119000
2014/01/10,0,3649000,-4029000,-380000
2014/01/13,0,7984374,-5590000,2394374
2014/01/14,0,5243604,-3442000,1801604
2014/01/15,0,2386000,-8108000,-5722000
2014/01/16,0,4349000,-2776548,1572452
2014/01/17,0,3772655,-1551000,2221655
2014/01/20,0,1743936,-4158000,-2414064
2014/01/21,0,7415000,-4624687,2790313
2014/01/22,0,5626000,-3802208,1823792
2014/01/23,0,7452604,-5187000,2265604
2014/01/24,0,14162000,-1582910,12579090
2014/01/27,0,7322000,-9312411,-1990411
2014/02/05,0,7645000,-16123608,-8478608
2014/02/06,0,9880000,-8987915,892085
2014/02/07,0,8458200,-4536000,3922200
2014/02/10,0,3018000,-1498341,1519659
2014/02/11,0,1570481,-1427117,143364
2014/02/12,0,8395000,-1647758,6747242
2014/02/13,0,5202000,-2712926,2489074
2014/02/14,0,4357000,-7925866,-3568866
2014/02/17,0,4052000,-408000,3644000
2014/02/18,0,4904000,-258000,4646000
2014/02/19,0,9405000,-2922730,6482270
2014/02/20,0,11187397,-4477637,6709760
2014/02/21,0,8069000,-3608000,4461000
2014/02/24,0,4637000,-1190647,3446353
2014/02/25,0,8936813,-3387987,5548826
2014/02/26,0,9213000,-4123365,5089635
2014/02/27,0,7794000,-6799731,994269
2014/03/03,0,5968000,-9994015,-4026015
2014/03/04,0,6414632,-7125040,-710408
2014/03/05,0,3849000,-5716380,-1867380
2014/03/06,0,3852150,-7261566,-3409416
2014/03/07,0,3831000,-2101070,1729930
2014/03/10,0,3631000,-3420000,211000
2014/03/11,0,4671020,-4869640,-198620
2014/03/12,0,2780510,-10281000,-7500490
2014/03/13,0,5662000,-9060481,-3398481
2014/03/14,0,3861000,-5644000,-1783000
2014/03/17,0,3950000,-1503000,2447000
2014/03/18,0,6332000,-3613120,2718880
2014/03/19,0,1713000,-3419000,-1706000
2014/03/20,0,3280000,-5748509,-2468509
2014/03/21,0,10526000,-9990794,535206
2014/03/24,0,4931240,-3168512,1762728
2014/03/25,0,4595000,-9525460,-4930460
2014/03/26,0,3608000,-6946879,-3338879
2014/03/27,0,6563000,-12716000,-6153000
2014/03/28,0,8313600,-11704085,-3390485
2014/03/31,0,8200181,-6245954,1954227
2014/04/01,0,2647000,-5619315,-2972315
2014/04/02,0,7521000,-1668000,5853000
2014/04/03,0,4164000,-3517089,646911
2014/04/07,0,4495000,-2959000,1536000
2014/04/08,0,3133000,-8228000,-5095000
2014/04/09,0,4969000,-3214835,1754165
2014/04/10,0,6471000,-8172420,-1701420
2014/04/11,0,4574000,-3495086,1078914
2014/04/14,0,4637000,-1880000,2757000
2014/04/15,0,2596000,-5685300,-3089300
2014/04/16,0,4218000,-4382286,-164286
2014/04/17,0,6894107,-6615000,279107
2014/04/18,0,2880000,-822000,2058000
2014/04/21,0,361000,-203000,158000
2014/04/22,0,3124000,-662000,2462000
2014/04/23,0,3239400,-6283383,-3043983
2014/04/24,0,3950000,-3924300,25700
2014/04/25,0,8473402,-3200000,5273402
2014/04/28,0,4201000,-2192000,2009000
2014/04/29,0,3629214,-896000,2733214
2014/04/30,0,5939808,-9948000,-4008192
2014/05/02,0,3142000,-3515940,-373940
2014/05/05,0,1272283,-4497000,-3224717
2014/05/06,0,5184500,-8124000,-2939500
2014/05/07,0,8848000,-9836049,-988049
2014/05/08,0,7378000,-5156233,2221767
2014/05/09,0,2990059,-4858000,-1867941
2014/05/12,0,2790000,-4347884,-1557884
2014/05/13,0,4337000,-2690000,1647000
2014/05/14,0,7504500,-11792787,-4288287
2014/05/15,0,5482000,-5435000,47000
2014/05/16,0,5115000,-3141218,1973782
2014/05/19,0,1735000,-2733180,-998180
2014/05/20,0,5463000,-2020435,3442565
2014/05/21,0,5869845,-5088436,781409
2014/05/22,0,3034000,-3189000,-155000
2014/05/23,0,2595000,-3008540,-413540
2014/05/26,0,635500,-2154948,-1519448
2014/05/27,0,423000,-467000,-44000
2014/05/28,0,2212476,-1183056,1029420
2014/05/29,0,1701000,-1470018,230982
2014/05/30,0,7392107,-6300652,1091455
2014/06/03,0,3968000,-2572293,1395707
2014/06/04,0,513000,-4156000,-3643000
2014/06/05,0,3435000,-6569393,-3134393
2014/06/06,0,3119000,-7557784,-4438784
2014/06/09,0,1727000,-1017000,710000
2014/06/10,0,4398045,-2518000,1880045
2014/06/11,0,1457476,-2432733,-975257
2014/06/12,0,2742000,-1892000,850000
2014/06/13,0,3378476,-2353000,1025476
2014/06/16,0,8537000,-2834450,5702550
2014/06/17,0,7764000,-4373701,3390299
2014/06/18,0,7894000,-4678626,3215374
2014/06/19,0,2188054,-1579172,608882
2014/06/20,0,2301000,-5209785,-2908785
2014/06/23,0,4401315,-6070398,-1669083
2014/06/24,0,3214476,-3193905,20571
2014/06/25,0,3225000,-2549666,675334
2014/06/26,0,1900769,-2386481,-485712
2014/06/27,0,2719000,-3653000,-934000
2014/06/30,0,1848000,-1272000,576000
2014/07/01,0,1278000,-483000,795000
2014/07/02,0,5882911,-2515000,3367911
2014/07/03,0,10450200,-6144951,4305249
2014/07/04,0,3589000,-3974000,-385000
2014/07/07,0,3282000,-4341000,-1059000
2014/07/08,0,3461000,-2770000,691000
2014/07/09,0,3273000,-3689000,-416000
2014/07/10,0,7898711,-2731000,5167711
2014/07/11,0,8450674,-6630298,1820376
2014/07/14,0,627000,-2947572,-2320572
2014/07/15,0,1583762,-3895000,-2311238
2014/07/16,0,5313530,-5409000,-95470
2014/07/17,0,2931815,-1981208,950607
2014/07/18,0,2233000,-2498000,-265000
2014/07/21,0,2385000,-4562752,-2177752
2014/07/22,0,8297000,-1614440,6682560
2014/07/23,0,0,0,0
2014/07/24,0,6826530,-5138024,1688506
2014/07/25,0,4175000,-3860973,314027
2014/07/28,0,2401000,-1083000,1318000
2014/07/29,0,5373187,-2828000,2545187
2014/07/30,0,3534000,-905000,2629000
2014/07/31,0,2758000,-4034595,-1276595
2014/08/01,0,3712530,-8992000,-5279470
2014/08/04,0,5597100,-7619000,-2021900
2014/08/05,0,2974000,-6209575,-3235575
2014/08/06,0,2359224,-1079000,1280224
2014/08/07,0,1344899,-769242,575657
2014/08/08,0,1362331,-866448,495883
2014/08/11,0,2714000,-1195000,1519000
2014/08/12,0,1965397,-3120710,-1155313
2014/08/13,0,5733400,-9864000,-4130600
2014/08/14,0,1078000,-14335000,-13257000
2014/08/15,0,2341483,-22751000,-20409517
2014/08/18,0,3077000,-5005119,-1928119
2014/08/19,0,2824521,-8217000,-5392479
2014/08/20,0,1988788,-9480000,-7491212
2014/08/21,0,4184000,-10938000,-6754000
2014/08/22,0,9290918,-15398000,-6107082
2014/08/25,0,3908000,-9390200,-5482200
2014/08/26,0,7231448,-6886000,345448
2014/08/27,0,11789000,-11121000,668000
2014/08/28,0,3118733,-7881000,-4762267
2014/08/29,0,9487000,-7152000,2335000
2014/09/01,0,6617000,-6811700,-194700
2014/09/02,0,920000,-3094000,-2174000
2014/09/03,0,4085404,-16851766,-12766362
2014/09/04,0,2044000,-3681674,-1637674
2014/09/05,0,2965000,-5533000,-2568000
2014/09/09,0,2594340,-4201911,-1607571
2014/09/10,0,926285,-2809000,-1882715
2014/09/11,0,5374000,-6415000,-1041000
2014/09/12,0,2159197,-5416000,-3256803
2014/09/15,0,3130000,-4625000,-1495000
2014/09/16,0,746200,-7712000,-6965800
2014/09/17,0,3644600,-9063000,-5418400
2014/09/18,0,4837016,-3250640,1586376
2014/09/19,0,4635524,-4128000,507524
2014/09/22,0,1425491,-7135629,-5710138
2014/09/23,0,683000,-5145000,-4462000
2014/09/24,0,1080000,-3143000,-2063000
2014/09/25,0,1814000,-3945941,-2131941
2014/09/26,0,2745000,-2123505,621495
2014/09/29,0,1933000,-6090000,-4157000
2014/09/30,0,7079000,-11060408,-3981408
2014/10/01,0,5727000,-2666000,3061000
2014/10/02,0,6377000,-3422000,2955000
2014/10/03,0,5040000,-2539000,2501000
2014/10/06,0,4780776,-3562000,1218776
2014/10/07,0,3673000,-6850000,-3177000
2014/10/08,0,5537895,-8660895,-3123000
2014/10/09,0,2072000,-12463531,-10391531
2014/10/13,0,2869000,-7884000,-5015000
2014/10/14,0,4300000,-5465000,-1165000
2014/10/15,0,7602000,-6239000,1363000
2014/10/16,0,13148771,-16422883,-3274112
2014/10/17,0,27343841,-17708000,9635841
2014/10/20,0,3208000,-8198081,-4990081
2014/10/21,0,2378000,-9158204,-6780204
2014/10/22,0,3067000,-4542296,-1475296
2014/10/23,0,2716050,-3432000,-715950
2014/10/24,0,2589000,-4531000,-1942000
2014/10/27,0,2280000,-4026000,-1746000
2014/10/28,0,4231000,-1502000,2729000
2014/10/29,0,2950000,-3049042,-99042
2014/10/30,0,1673000,-2548227,-875227
2014/10/31,0,2488300,-9014393,-6526093
2014/11/03,0,2888000,-951000,1937000
2014/11/04,0,2891000,-2150000,741000
2014/11/05,0,1912000,-7914662,-6002662
2014/11/06,0,920000,-1279000,-359000
2014/11/07,0,1679000,-1825462,-146462
2014/11/10,0,3778000,-5377625,-1599625
2014/11/11,0,1223000,-6835000,-5612000
2014/11/12,0,1150000,-6489050,-5339050
2014/11/13,0,3535019,-2155019,1380000
2014/11/14,0,3084000,-2950904,133096
2014/11/17,0,4425001,-8671276,-4246275
2014/11/18,0,7684655,-6879452,805203
2014/11/19,0,3818112,-3851012,-32900
2014/11/20,0,2940000,-2361804,578196
2014/11/21,0,6166000,-5043605,1122395
2014/11/24,0,3968000,-1699000,2269000
2014/11/25,0,5018607,-11441887,-6423280
2014/11/26,0,729000,-7464250,-6735250
2014/11/27,0,1732000,-5458290,-3726290
2014/11/28,0,2852000,-3437509,-585509
2014/12/01,0,2729690,-3802931,-1073241
2014/12/02,0,4875241,-3769100,1106141
2014/12/03,0,5884451,-3012000,2872451
2014/12/04,0,3528189,-2737054,791135
2014/12/05,0,1677618,-2471000,-793382
2014/12/08,0,662000,-4595340,-3933340
2014/12/09,0,675000,-2753000,-2078000
2014/12/10,0,3696618,-6739938,-3043320
2014/12/11,0,1904000,-8392000,-6488000
2014/12/12,0,4870000,-8879855,-4009855
2014/12/15,0,1719000,-6017202,-4298202
2014/12/16,0,4002000,-5298000,-1296000
2014/12/17,0,4511039,-9663385,-5152346
2014/12/18,0,3866000,-6215000,-2349000
2014/12/19,0,9468345,-4137431,5330914
2014/12/22,0,2384000,-10567187,-8183187
2014/12/23,0,1197000,-4185000,-2988000
2014/12/24,0,1355000,-6148000,-4793000
2014/12/25,0,501000,-1829000,-1328000
2014/12/26,0,690000,-1858000,-1168000
2014/12/29,0,2126464,-493944,1632520
2014/12/30,0,919689,-1277062,-357373
2014/12/31,0,1242382,-788368,454014
2015/01/01,0,0,0,0
2015/01/02,0,0,0,0
2015/01/05,0,825019,-3060891,-2235872
2015/01/06,0,862000,-7091001,-6229001
2015/01/07,0,1161019,-4730019,-3569000
2015/01/08,0,1619385,-8268375,-6648990
2015/01/09,0,3586000,-11690611,-8104611
2015/01/12,0,1050000,-6741000,-5691000
2015/01/13,0,1932700,-11795431,-9862731
2015/01/14,0,6665000,-6209272,455728
2015/01/15,0,15700000,-10285000,5415000
2015/01/16,0,1467000,-8821021,-7354021
2015/01/19,0,2094000,-5679956,-3585956
2015/01/20,0,1943000,-3026366,-1083366
2015/01/21,0,5034000,-9167155,-4133155
2015/01/22,0,4152000,-4585188,-433188
2015/01/23,0,5998000,-4478555,1519445
2015/01/26,0,5213000,-6966176,-1753176
2015/01/27,0,11465000,-1849000,9616000
2015/01/28,0,9624000,-4482000,5142000
2015/01/29,0,3463000,-8574000,-5111000
2015/01/30,0,10445000,-10535000,-90000
2015/02/02,0,4685000,-2243969,2441031
2015/02/03,0,3001000,-2504000,497000
2015/02/04,0,4123000,-1770000,2353000
2015/02/05,0,5064000,-664007,4399993
2015/02/06,0,3400000,-6693882,-3293882
2015/02/09,0,2858646,-2629000,229646
2015/02/10,0,9734000,-7679000,2055000
2015/02/11,0,3876000,-2577141,1298859
2015/02/12,0,4741000,-3043099,1697901
2015/02/13,0,4060000,-1030000,3030000
2015/02/16,0,0,0,0
2015/02/17,0,0,0,0
2015/02/18,0,0,0,0
2015/02/19,0,0,0,0
2015/02/20,0,0,0,0
2015/02/23,0,0,0,0
2015/02/24,0,11440900,-3944606,7496294
2015/02/25,0,8335000,-4886000,3449000
2015/02/26,0,10557777,-5060507,5497270
2015/02/27,0,0,0,0
2015/03/02,0,12558000,-7722000,4836000
2015/03/03,0,5669256,-4330460,1338796
2015/03/04,0,7917000,-763000,7154000
2015/03/05,0,3295000,-955000,2340000
2015/03/06,0,5540342,-1347342,4193000
2015/03/09,0,1398000,-1756000,-358000
2015/03/10,0,5244603,-2024604,3219999
2015/03/11,0,5226000,-5730000,-504000
2015/03/12,0,8661000,-1432000,7229000
2015/03/13,0,1476136,-2301000,-824864
2015/03/16,0,4968000,-4985973,-17973
2015/03/17,0,3225000,-5741000,-2516000
2015/03/18,0,5223000,-3704413,1518587
2015/03/19,0,9447000,-5342000,4105000
2015/03/20,0,7089000,-7235787,-146787
2015/03/23,0,3987000,-4258000,-271000
2015/03/24,0,2921889,-3956000,-1034111
2015/03/25,0,10066000,-4888000,5178000
2015/03/26,0,5948129,-6833355,-885226
2015/03/27,0,2111000,-6657770,-4546770
2015/03/30,0,1487300,-3011300,-1524000
2015/03/31,0,8920000,-11567729,-2647729
2015/04/01,0,4394849,-6228000,-1833151
2015/04/02,0,2750000,-5659700,-2909700
2015/04/03,0,0,0,0
2015/04/06,0,0,0,0
2015/04/07,0,1512000,-3889000,-2377000
2015/04/08,0,2679000,-6523000,-3844000
2015/04/09,0,2429000,-4763283,-2334283
2015/04/10,0,3532000,-4659586,-1127586
2015/04/13,0,4483000,-8981771,-4498771
2015/04/14,0,1648000,-6476110,-4828110
2015/04/15,0,3313000,-8598710,-5285710
2015/04/16,0,4684019,-7710305,-3026286
2015/04/17,0,2588756,-6204007,-3615251
2015/04/20,0,3670000,-6831356,-3161356
2015/04/21,0,1811000,-2780000,-969000
2015/04/22,0,7694000,-6673000,1021000
2015/04/23,0,3903000,-10691693,-6788693
2015/04/24,0,6441000,-12232293,-5791293
2015/04/27,0,3328000,-1935000,1393000
2015/04/28,0,3112000,-7963000,-4851000
2015/04/29,0,6105000,-4549000,1556000
2015/04/30,0,4418024,-15350000,-10931976
2015/05/01,0,0,0,0
2015/05/04,0,1803000,-4214000,-2411000
2015/05/05,0,2686000,-2391000,295000
2015/05/06,0,2353000,-4500000,-2147000
2015/05/07,0,1728000,-3031000,-1303000
2015/05/08,0,3091889,-5604190,-2512301
2015/05/11,0,5232000,-1949000,3283000
2015/05/12,0,4428000,-6067000,-1639000
2015/05/13,0,7606000,-1681000,5925000
2015/05/14,0,4278000,-2571000,1707000
2015/05/15,0,2255000,-3080930,-825930
2015/05/18,0,3079000,-1652000,1427000
2015/05/19,0,3767889,-2837562,930327
2015/05/20,0,4064479,-2156000,1908479
2015/05/21,0,1889000,-4182000,-2293000
2015/05/22,0,2634000,-2488000,146000
2015/05/25,0,2463000,-1072000,1391000
2015/05/26,0,2281000,-3969000,-1688000
2015/05/27,0,1772000,-2915889,-1143889
2015/05/28,0,2156000,-1976756,179244
2015/05/29,0,3489582,-6856324,-3366742
2015/06/01,0,1433000,-2321000,-888000
2015/06/02,0,4262398,-2343000,1919398
2015/06/03,0,2153000,-4004000,-1851000
2015/06/04,0,3384000,-4599000,-1215000
2015/06/05,0,2542518,-4350560,-1808042
2015/06/08,0,2919000,-3288000,-369000
2015/06/09,0,5030000,-2916756,2113244
2015/06/10,0,4313232,-4822000,-508768
2015/06/11,0,1754000,-2707000,-953000
2015/06/12,0,975000,-2572000,-1597000
2015/06/15,0,2437000,-3079000,-642000
2015/06/16,0,2084000,-4603896,-2519896
2015/06/17,0,6158000,-4811539,1346461
2015/06/18,0,7546292,-3971489,3574803
2015/06/19,0,0,0,0
2015/06/22,0,6415100,-4035547,2379553
2015/06/23,0,3901000,-3538970,362030
2015/06/24,0,984020,-1356889,-372869
2015/06/25,0,4657756,-2280000,2377756
2015/06/26,0,2542328,-646000,1896328
2015/06/29,0,3211000,-3503000,-292000
2015/06/30,0,7634000,-6859353,774647
2015/07/01,0,1813000,-1826444,-13444
2015/07/02,0,1060402,-2724000,-1663598
2015/07/03,0,1691000,-2285000,-594000
2015/07/06,0,909000,-2258000,-1349000
2015/07/07,0,2182000,-2082100,99900
2015/07/08,0,4900000,-6872479,-1972479
2015/07/09,0,2975802,-4219000,-1243198
2015/07/10,0,0,0,0
2015/07/13,0,4021822,-5956290,-1934468
2015/07/14,0,3093000,-8726000,-5633000
2015/07/15,0,884000,-6948011,-6064011
2015/07/16,0,1269000,-4964000,-3695000
2015/07/17,0,1378000,-3827802,-2449802
2015/07/20,0,2141597,-3519000,-1377403
2015/07/21,0,2210000,-1549000,661000
2015/07/22,0,1327000,-2781754,-1454754
2015/07/23,0,4237000,-3809000,428000
2015/07/24,0,2543000,-1310000,1233000
2015/07/27,0,3224000,-1645698,1578302
2015/07/28,0,4332666,-3284302,1048364
2015/07/29,0,3110000,-3999580,-889580
2015/07/30,0,2079000,-2710000,-631000
2015/07/31,0,12242616,-9671000,2571616
2015/08/03,0,1061060,-1642000,-580940
2015/08/04,0,1898000,-1627910,270090
2015/08/05,0,776000,-2031000,-1255000
2015/08/06,0,2504000,-3407000,-903000
2015/08/07,0,4247000,-1317000,2930000
2015/08/10,0,1945000,-1308000,637000
2015/08/11,0,2968594,-3598000,-629406
2015/08/12,0,2284000,-1082000,1202000
2015/08/13,0,3195000,-7168816,-3973816
2015/08/14,0,946130,-3509000,-2562870
2015/08/17,0,1501115,-7034000,-5532885
2015/08/18,0,2792000,-5287000,-2495000
2015/08/19,0,4539597,-5201000,-661403
2015/08/20,0,5729000,-5357000,372000
2015/08/21,0,5471000,-6533120,-1062120
2015/08/24,0,3520000,-5547000,-2027000
2015/08/25,0,4337400,-7911973,-3574573
2015/08/26,0,3854000,-7371626,-3517626
2015/08/27,0,3153000,-4934000,-1781000
2015/08/28,0,4916000,-2205504,2710496
2015/08/31,0,5640000,-11128000,-5488000
2015/09/01,0,6756000,-7857900,-1101900
2015/09/02,0,4076000,-3577756,498244
2015/09/03,0,3207000,-4122483,-915483
2015/09/04,0,1756756,-7638075,-5881319
2015/09/07,0,3506000,-2656000,850000
2015/09/08,0,5591000,-5062555,528445
2015/09/09,0,10630725,-8327000,2303725
2015/09/10,0,7410975,-3556000,3854975
2015/09/11,0,789000,-2757538,-1968538
2015/09/14,0,2813000,-2994890,-181890
2015/09/15,0,2082000,-4744000,-2662000
2015/09/16,0,4460000,-855602,3604398
2015/09/17,0,7373000,-4836809,2536191
2015/09/18,0,4489169,-5226064,-736895
2015/09/21,0,2508000,-3105705,-597705
2015/09/22,0,1925000,-1115129,809871
2015/09/23,0,1629000,-6336950,-4707950
2015/09/24,0,3276000,-4773000,-1497000
2015/09/25,0,2616000,-2074020,541980
2015/09/28,0,0,0,0
2015/09/29,0,0,0,0
2015/09/30,0,3924000,-5308524,-1384524
2015/10/01,0,3358000,-2521000,837000
2015/10/02,0,2929000,-1608000,1321000
2015/10/05,0,1091000,-2817743,-1726743
2015/10/06,0,2532000,-3632000,-1100000
2015/10/07,0,2854278,-1001000,1853278
2015/10/08,0,5112000,-2229000,2883000
2015/10/09,0,0,0,0
2015/10/12,0,3655000,-3070300,584700
2015/10/13,0,10900000,-1467780,9432220
2015/10/14,0,7423000,-3039000,4384000
2015/10/15,0,6376000,-5376620,999380
2015/10/16,0,8970000,-4335841,4634159
2015/10/19,0,3797000,-2514000,1283000
2015/10/20,0,4158500,-1622413,2536087
2015/10/21,0,1142000,-1449000,-307000
2015/10/22,0,3839000,-2757975,1081025
2015/10/23,0,6848000,-1563000,5285000
2015/10/26,0,3166000,-343000,2823000
2015/10/27,0,4951000,-814254,4136746
2015/10/28,0,1824000,-1051010,772990
2015/10/29,0,1649000,-1185062,463938
2015/10/30,0,4537000,-1187000,3350000
2015/11/02,0,2135000,-2344000,-209000
2015/11/03,0,3453000,-874928,2578072
2015/11/04,0,7435000,-3121062,4313938
2015/11/05,0,2832700,-1568000,1264700
2015/11/06,0,774000,-8351656,-7577656
2015/11/09,0,823444,-3408000,-2584556
2015/11/10,0,828824,-4073000,-3244176
2015/11/11,0,1973000,-6326000,-4353000
2015/11/12,0,4872000,-3824000,1048000
2015/11/13,0,1650000,-4132919,-2482919
2015/11/16,0,5107000,-2107000,3000000
2015/11/17,0,1620000,-2190000,-570000
2015/11/18,0,3442000,-3641000,-199000
2015/11/19,0,3093000,-1165000,1928000
2015/11/20,0,1870000,-2560000,-690000
2015/11/23,0,1705000,-818000,887000
2015/11/24,0,3848000,-1702272,2145728
2015/11/25,0,2799684,-2318684,481000
2015/11/26,0,6675000,-2549684,4125316
2015/11/27,0,6344000,-4388000,1956000
2015/11/30,0,11869550,-11848555,20995
2015/12/01,0,4762363,-3855866,906497
2015/12/02,0,2294000,-3610000,-1316000
2015/12/03,0,2622330,-1176000,1446330
2015/12/04,0,5003000,-2616363,2386637
2015/12/07,0,2019000,-4680000,-2661000
2015/12/08,0,2097000,-3854333,-1757333
2015/12/09,0,2078000,-5286000,-3208000
2015/12/10,0,1944000,-9816503,-7872503
2015/12/11,0,2589000,-4397000,-1808000
2015/12/14,0,1770000,-2242956,-472956
2015/12/15,0,2175696,-4505194,-2329498
2015/12/16,0,6329000,-3431000,2898000
2015/12/17,0,3261000,-9086000,-5825000
2015/12/18,0,4822713,-5950575,-1127862
2015/12/21,0,2643000,-5516000,-2873000
2015/12/22,0,3524003,-3446458,77545
2015/12/23,0,21904000,-884000,21020000
2015/12/24,0,4665000,-3168000,1497000
2015/12/25,0,1860000,-1751000,109000
2015/12/28,0,4576000,-3727000,849000
2015/12/29,0,6054000,-2049878,4004122
2015/12/30,0,2377000,-2605656,-228656
2015/12/31,0,4964000,-2431000,2533000
2016/01/01,0,0,0,0
2016/01/04,0,12592760,-7629000,4963760
2016/01/05,0,12519665,-7784448,4735217
2016/01/06,0,11162997,-10105000,1057997
2016/01/07,0,12592777,-12335559,257218
2016/01/08,0,7642000,-7140028,501972
2016/01/11,0,7686398,-9019000,-1332602
2016/01/12,0,15831700,-9698000,6133700
2016/01/13,0,13817538,-10263311,3554227
2016/01/14,0,17468000,-7575000,9893000
2016/01/15,0,8092000,-11026333,-2934333
2016/01/18,0,11176889,-5604000,5572889
2016/01/19,0,4730000,-2979697,1750303
2016/01/20,0,9521194,-6475000,3046194
2016/01/21,0,15657960,-3005000,12652960
2016/01/22,0,16516481,-13561000,2955481
2016/01/25,0,9092000,-1482000,7610000
2016/01/26,0,8399217,-4606000,3793217
2016/01/27,0,33202000,-8870029,24331971
2016/01/28,0,12341000,-13170591,-829591
2016/01/29,0,19293742,-7845000,11448742
2016/02/01,0,14498619,-5650000,8848619
2016/02/02,0,20368130,-14573303,5794827
2016/02/03,0,5956000,-9260500,-3304500
2016/02/04,0,0,0,0
2016/02/05,0,0,0,0
2016/02/08,0,0,0,0
2016/02/09,0,0,0,0
2016/02/10,0,0,0,0
2016/02/11,0,0,0,0
2016/02/12,0,0,0,0
2016/02/15,0,13683000,-7501384,6181616
2016/02/16,0,5603000,-4750900,852100
2016/02/17,0,16025000,-10558000,5467000
2016/02/18,0,27292000,-10986542,16305458
2016/02/19,0,16382194,-10139268,6242926
2016/02/22,0,13677000,-7187000,6490000
2016/02/23,0,8926413,-10737562,-1811149
2016/02/24,0,13978000,-10135590,3842410
2016/02/25,0,3789703,-5934000,-2144297
2016/02/26,0,6612000,-8513199,-1901199
2016/02/29,0,0,0,0
2016/03/01,0,4992632,-6023961,-1031329
2016/03/02,0,4163199,-2144000,2019199
2016/03/03,0,4374754,-7442000,-3067246
2016/03/04,0,3766000,-17353000,-13587000
2016/03/07,0,4466700,-7307000,-2840300
2016/03/08,0,5703000,-2790606,2912394
2016/03/09,0,4331000,-7370000,-3039000
2016/03/10,0,3422000,-4870800,-1448800
2016/03/11,0,4126000,-5474000,-1348000
2016/03/14,0,2866000,-5037000,-2171000
2016/03/15,0,11155000,-10151506,1003494
2016/03/16,0,8204000,-4832000,3372000
2016/03/17,0,16502000,-1746154,14755846
2016/03/18,0,15684000,-10225984,5458016
2016/03/21,0,5698000,-2386915,3311085
2016/03/22,0,12101194,-7628194,4473000
2016/03/23,0,8339000,-29292700,-20953700
2016/03/24,0,5439000,-21676841,-16237841
2016/03/25,0,3750000,-7405993,-3655993
2016/03/28,0,4657000,-5874000,-1217000
2016/03/29,0,8089000,-10400000,-2311000
2016/03/30,0,14353300,-14265000,88300
2016/03/31,0,9634000,-11946629,-2312629
2016/04/01,0,7927760,-8041104,-113344
2016/04/04,0,0,0,0
2016/04/05,0,0,0,0
2016/04/06,0,23951333,-30135805,-6184472
2016/04/07,0,16607176,-9188222,7418954
2016/04/08,0,7801000,-10771000,-2970000
2016/04/11,0,4122000,-4737680,-615680
2016/04/12,0,10041000,-4423000,5618000
2016/04/13,0,6871000,-5912000,959000
2016/04/14,0,15631881,-2710814,12921067
2016/04/15,0,8277765,-2322000,5955765
2016/04/18,0,1606000,-3117000,-1511000
2016/04/19,0,3391000,-4858591,-1467591
2016/04/20,0,4840855,-4916000,-75145
2016/04/21,0,4368000,-3926000,442000
2016/04/22,0,3211000,-2171600,1039400
2016/04/25,0,6383000,-1273000,5110000
2016/04/26,0,4407339,-5155000,-747661
2016/04/27,0,11536000,-6628000,4908000
2016/04/28,0,6505507,-11037200,-4531693
2016/04/29,0,6911090,-3853149,3057941
2016/05/02,0,0,0,0
2016/05/03,0,2737700,-7506000,-4768300
2016/05/04,0,4465000,-5623848,-1158848
2016/05/05,0,3139421,-4251000,-1111579
2016/05/06,0,3809000,-5212375,-1403375
2016/05/09,0,7742000,-5292800,2449200
2016/05/10,0,4790000,-2747000,2043000
2016/05/11,0,6974087,-7378200,-404113
2016/05/12,0,3805900,-2713000,1092900
2016/05/13,0,6648000,-5408000,1240000
2016/05/16,0,3568000,-2639000,929000
2016/05/17,0,6698000,-5270682,1427318
2016/05/18,0,5499987,-3291000,2208987
2016/05/19,0,2871000,-4430000,-1559000
2016/05/20,0,5172000,-2548597,2623403
2016/05/23,0,7416520,-2311000,5105520
2016/05/24,0,6488229,-5042920,1445309
2016/05/25,0,9475000,-1381000,8094000
2016/05/26,0,2330000,-1417000,913000
2016/05/27,0,8443377,-3891946,4551431
2016/05/30,0,4737000,-808000,3929000
2016/05/31,0,13063040,-14028810,-965770
2016/06/01,0,11742000,-3129244,8612756
2016/06/02,0,6082300,-3075000,3007300
2016/06/03,0,6367000,-1866000,4501000
2016/06/06,0,2956000,-1630000,1326000
2016/06/07,0,6695171,-1703170,4992001
2016/06/08,0,8777000,-5798000,2979000
2016/06/09,0,0,0,0
2016/06/10,0,0,0,0
2016/06/13,0,4281000,-3580000,701000
2016/06/14,0,6865641,-1676450,5189191
2016/06/15,0,4005408,-3846400,159008
2016/06/16,0,3562000,-2246700,1315300
2016/06/17,0,6013421,-6086495,-73074
2016/06/20,0,4038000,-2214722,1823278
2016/06/21,0,3522000,-1406000,2116000
2016/06/22,0,6504856,-1896000,4608856
2016/06/23,0,4136998,-1705000,2431998
2016/06/24,0,4109000,-4624000,-515000
2016/06/27,0,1325000,-917000,408000
2016/06/28,0,4971000,-1927800,3043200
2016/06/29,0,2941300,-2433000,508300
2016/06/30,0,4699000,-2351776,2347224
2016/07/01,0,3770000,-1554065,2215935
2016/07/04,0,3812801,-3979600,-166799
2016/07/05,0,2044000,-1092000,952000
2016/07/06,0,1289860,-9351000,-8061140
2016/07/07,0,7832000,-2277000,5555000
2016/07/08,0,0,0,0
2016/07/11,0,6751000,-2881530,3869470
2016/07/12,0,8356300,-6765935,1590365
2016/07/13,0,10193000,-5254779,4938221
2016/07/14,0,10080000,-4291883,5788117
2016/07/15,0,7732998,-3765791,3967207
2016/07/18,0,10594000,-4376000,6218000
2016/07/19,0,5623484,-1519000,4104484
2016/07/20,0,7487693,-4148000,3339693
2016/07/21,0,6240309,-3416580,2823729
2016/07/22,0,8965000,-2570206,6394794
2016/07/25,0,3475000,-2978285,496715
2016/07/26,0,5461898,-5652000,-190102
2016/07/27,0,4819000,-1139000,3680000
2016/07/28,0,8459000,-2870200,5588800
2016/07/29,0,5750000,-4803000,947000
2016/08/01,0,4622216,-2280032,2342184
2016/08/02,0,6170300,-6649000,-478700
2016/08/03,0,4225100,-701522,3523578
2016/08/04,0,2637000,-1431287,1205713
2016/08/05,0,6317000,-878000,5439000
2016/08/08,0,8455999,-7562646,893353
2016/08/09,0,5329000,-1868000,3461000
2016/08/10,0,6942000,-5361899,1580101
2016/08/11,0,6204970,-4192000,2012970
2016/08/12,0,2618000,-4192000,-1574000
2016/08/15,0,5050992,-3491000,1559992
2016/08/16,0,5105000,-3549000,1556000
2016/08/17,0,4320965,-4411000,-90035
2016/08/18,0,3569000,-3203000,366000
2016/08/19,0,3811292,-4601000,-789708
2016/08/22,0,3393500,-2610147,783353
2016/08/23,0,2122500,-2525600,-403100
2016/08/24,0,1703128,-1418844,284284
2016/08/25,0,3399500,-1689600,1709900
2016/08/26,0,3574912,-4931600,-1356688
2016/08/29,0,2359500,-1532600,826900
2016/08/30,0,1215833,-902600,313233
2016/08/31,0,7076353,-5824600,1251753
2016/09/01,0,1814437,-4419772,-2605335
2016/09/02,0,5035832,-3167600,1868232
2016/09/05,0,2924000,-1856000,1068000
2016/09/06,0,4101331,-4259000,-157669
2016/09/07,0,9530092,-6239000,3291092
2016/09/08,0,10169000,-2442000,7727000
2016/09/09,0,1902920,-5970000,-4067080
2016/09/12,0,3706925,-3900889,-193964
2016/09/13,0,5304000,-5599000,-295000
2016/09/14,0,4558019,-6294840,-1736821
2016/09/15,0,0,0,0
2016/09/16,0,0,0,0
2016/09/19,0,6908683,-5080048,1828635
2016/09/20,0,5385869,-3586516,1799353
2016/09/21,0,10059200,-3510750,6548450
2016/09/22,0,10344665,-459000,9885665
2016/09/23,0,8564000,-3380000,5184000
2016/09/26,0,3956000,-1227000,2729000
2016/09/27,0,0,0,0
2016/09/28,0,0,0,0
2016/09/29,0,10510494,-3147681,7362813
2016/09/30,0,8519597,-4950326,3569271
2016/10/03,0,3570000,-1147000,2423000
2016/10/04,0,13420752,-3106063,10314689
2016/10/05,0,4615720,-3115771,1499949
2016/10/06,0,5963438,-3715686,2247752
2016/10/07,0,3653997,-2216000,1437997
2016/10/10,0,0,0,0
2016/10/11,0,6316000,-4883442,1432558
2016/10/12,0,6813758,-3334736,3479022
2016/10/13,0,10243000,-7533000,2710000
2016/10/14,0,4659683,-2572000,2087683
2016/10/17,0,1848505,-2144998,-296493
2016/10/18,0,3810000,-3613941,196059
2016/10/19,0,2687000,-2553000,134000
2016/10/20,0,2486000,-5902254,-3416254
2016/10/21,0,10751000,-12436244,-1685244
2016/10/24,0,1337000,-1626805,-289805
2016/10/25,0,1979000,-2517693,-538693
2016/10/26,0,964000,-1445000,-481000
2016/10/27,0,1500780,-2711509,-1210729
2016/10/28,0,1544000,-2026000,-482000
2016/10/31,0,3373155,-4699300,-1326145
2016/11/01,0,1865000,-3728410,-1863410
2016/11/02,0,2709999,-2269600,440399
2016/11/03,0,2075000,-4856751,-2781751
2016/11/04,0,1597000,-1683000,-86000
2016/11/07,0,1009000,-1782055,-773055
2016/11/08,0,1022329,-916000,106329
2016/11/09,0,2504000,-4917000,-2413000
2016/11/10,0,2958000,-2971800,-13800
2016/11/11,0,2540000,-6955284,-4415284
2016/11/14,0,2315000,-3628795,-1313795
2016/11/15,0,4482000,-6847527,-2365527
2016/11/16,0,3626988,-8393309,-4766321
2016/11/17,0,3107510,-8929148,-5821638
2016/11/18,0,7550000,-9878135,-2328135
2016/11/21,0,1646000,-3070392,-1424392
2016/11/22,0,2461000,-2860359,-399359
2016/11/23,0,2093244,-7505682,-5412438
2016/11/24,0,1875000,-1771000,104000
2016/11/25,0,875000,-2106229,-1231229
2016/11/28,0,3197000,-5226000,-2029000
2016/11/29,0,2239000,-2029859,209141
2016/11/30,0,11593367,-19925608,-8332241
2016/12/01,0,2619639,-5805386,-3185747
2016/12/02,0,2623000,-5612534,-2989534
2016/12/05,0,2617000,-4805940,-2188940
2016/12/06,0,4019000,-3704000,315000
2016/12/07,0,2088000,-3261846,-1173846
2016/12/08,0,4691000,-2377748,2313252
2016/12/09,0,2400624,-5480356,-3079732
2016/12/12,0,1213000,-3597000,-2384000
2016/12/13,0,2948664,-3329948,-381284
2016/12/14,0,4008680,-5392844,-1384164
2016/12/15,0,6149000,-6581000,-432000
2016/12/16,0,2400805,-8328938,-5928133
2016/12/19,0,1831745,-3214115,-1382370
2016/12/20,0,1197144,-4633045,-3435901
2016/12/21,0,1576551,-4722260,-3145709
2016/12/22,0,1395184,-4808000,-3412816
2016/12/23,0,1768000,-3836306,-2068306
2016/12/26,0,234000,-1386000,-1152000
2016/12/27,0,138000,-586000,-448000
2016/12/28,0,2353000,-928145,1424855
2016/12/29,0,4132301,-3769182,363119
2016/12/30,0,4690000,-1553000,3137000
2017/01/02,0,0,0,0
2017/01/03,0,2962000,-7522000,-4560000
2017/01/04,0,3944000,-7706115,-3762115
2017/01/05,0,4291981,-8360861,-4068880
2017/01/06,0,1949000,-5745761,-3796761
2017/01/09,0,9906000,-1811753,8094247
2017/01/10,0,7783000,-6617752,1165248
2017/01/11,0,5584326,-3932078,1652248
2017/01/12,0,5096000,-2868177,2227823
2017/01/13,0,4083727,-3698740,384987
2017/01/16,0,5307150,-4995725,311425
2017/01/17,0,4149686,-1305000,2844686
2017/01/18,0,7828399,-2734471,5093928
2017/01/19,0,3830430,-4255689,-425259
2017/01/20,0,1387658,-4791426,-3403768
2017/01/23,0,2909000,-1961195,947805
2017/01/24,0,6809591,-4870000,1939591
2017/01/25,0,0,0,0
2017/01/26,0,0,0,0
2017/01/27,0,0,0,0
2017/01/30,0,0,0,0
2017/01/31,0,0,0,0
2017/02/01,0,0,0,0
2017/02/02,0,9231736,-13963731,-4731995
2017/02/03,0,3752784,-3848659,-95875
2017/02/06,0,3852000,-4427000,-575000
2017/02/07,0,2992647,-3110003,-117356
2017/02/08,0,6064280,-7625000,-1560720
2017/02/09,0,1828027,-3145000,-1316973
2017/02/10,0,14171000,-12459000,1712000
2017/02/13,0,3909998,-4506000,-596002
2017/02/14,0,8690784,-3163286,5527498
2017/02/15,0,2923000,-5771939,-2848939
2017/02/16,0,1820000,-1824000,-4000
2017/02/17,0,535000,-1870787,-1335787
2017/02/20,0,259000,-1015000,-756000
2017/02/21,0,1793000,-2286000,-493000
2017/02/22,0,874322,-2832000,-1957678
2017/02/23,0,1370000,-2920000,-1550000
2017/02/24,0,2570000,-5156111,-2586111
2017/02/27,0,0,0,0
2017/02/28,0,0,0,0
2017/03/01,0,3557325,-4287050,-729725
2017/03/02,0,1823461,-5305322,-3481861
2017/03/03,0,3264000,-2312422,951578
2017/03/06,0,1399829,-2574324,-1174495
2017/03/07,0,2033975,-1180636,853339
2017/03/08,0,6914000,-3797622,3116378
2017/03/09,0,2027430,-5719705,-3692275
2017/03/10,0,2476582,-2270000,206582
2017/03/13,0,1694662,-978000,716662
2017/03/14,0,4009523,-2508657,1500866
2017/03/15,0,687000,-818331,-131331
2017/03/16,0,3310000,-2340000,970000
2017/03/17,0,3939225,-4618035,-678810
2017/03/20,0,1415928,-586000,829928
2017/03/21,0,3147666,-1357549,1790117
2017/03/22,0,2261164,-2247985,13179
2017/03/23,0,2395000,-1743592,651408
2017/03/24,0,1325774,-2928665,-1602891
2017/03/27,0,2442000,-1302900,1139100
2017/03/28,0,2590784,-3580436,-989652
2017/03/29,0,3098664,-4897000,-1798336
2017/03/30,0,3410000,-6170000,-2760000
2017/03/31,0,5178000,-4782000,396000
2017/04/03,0,0,0,0
2017/04/04,0,0,0,0
2017/04/05,0,4189460,-16590707,-12401247
2017/04/06,0,2285820,-4732000,-2446180
2017/04/07,0,2015000,-9516970,-7501970
2017/04/10,0,3425000,-2759000,666000
2017/04/11,0,1704000,-5648796,-3944796
2017/04/12,0,3813000,-11579000,-7766000
2017/04/13,0,7651000,-5969539,1681461
2017/04/14,0,1490000,-2383000,-893000
2017/04/17,0,358000,-420000,-62000
2017/04/18,0,2721000,-4291995,-1570995
2017/04/19,0,2281000,-13106767,-10825767
2017/04/20,0,997420,-2976000,-1978580
2017/04/21,0,844000,-6585819,-5741819
2017/04/24,0,5345000,-3221780,2123220
2017/04/25,0,3249030,-6449000,-3199970
2017/04/26,0,3979000,-5397670,-1418670
2017/04/27,0,934000,-2518000,-1584000
2017/04/28,0,7775000,-10132000,-2357000
2017/05/01,0,0,0,0
2017/05/02,0,6526757,-5274610,1252147
2017/05/03,0,10721000,-5003264,5717736
2017/05/04,0,8323000,-7256000,1067000
2017/05/05,0,2317986,-2537000,-219014
2017/05/08,0,3013946,-3549335,-535389
2017/05/09,0,1852745,-5570700,-3717955
2017/05/10,0,2888009,-3805000,-916991
2017/05/11,0,1954903,-2233000,-278097
2017/05/12,0,1586000,-3864000,-2278000
2017/05/15,0,2004991,-4325000,-2320009
2017/05/16,0,10824000,-5589000,5235000
2017/05/17,0,2423000,-4820000,-2397000
2017/05/18,0,2030326,-11074000,-9043674
2017/05/19,0,1045000,-3389000,-2344000
2017/05/22,0,2148655,-8110313,-5961658
2017/05/23,0,4353660,-15432158,-11078498
2017/05/24,0,6796000,-10599758,-3803758
2017/05/25,0,4862000,-6289419,-1427419
2017/05/26,0,0,0,0
2017/05/29,0,0,0,0
2017/05/30,0,0,0,0
2017/05/31,0,14554000,-20705137,-6151137
2017/06/01,0,3490235,-5527000,-2036765
2017/06/02,0,5651000,-9117000,-3466000
2017/06/05,0,7664000,-8863603,-1199603
2017/06/06,0,8296000,-5775314,2520686
2017/06/07,0,12356000,-14987686,-2631686
2017/06/08,0,14814000,-13095000,1719000
2017/06/09,0,14740000,-8825093,5914907
2017/06/12,0,7965798,-5856000,2109798
2017/06/13,0,1575000,-9066000,-7491000
2017/06/14,0,3892000,-3256311,635689
2017/06/15,0,4320000,-5806000,-1486000
2017/06/16,0,9665947,-10737683,-1071736
2017/06/19,0,5877998,-8476000,-2598002
2017/06/20,0,5892000,-4529000,1363000
2017/06/21,0,7959000,-8226100,-267100
2017/06/22,0,5793000,-4531000,1262000
2017/06/23,0,4997000,-5016500,-19500
2017/06/26,0,11215000,-2979500,8235500
2017/06/27,0,12613950,-7895000,4718950
2017/06/28,0,6726000,-10614916,-3888916
2017/06/29,0,4387320,-6279000,-1891680
2017/06/30,0,5458500,-5624000,-165500
2017/07/03,0,2204000,-8110860,-5906860
2017/07/04,0,735000,-5847000,-5112000
2017/07/05,0,2022000,-4520767,-2498767
2017/07/06,0,1708000,-4288000,-2580000
2017/07/07,0,3765840,-4078515,-312675
2017/07/10,0,7598594,-12296413,-4697819
2017/07/11,0,6872495,-7547000,-674505
2017/07/12,0,3098000,-9796626,-6698626
2017/07/13,0,8620454,-13159000,-4538546
2017/07/14,0,5185000,-3349000,1836000
2017/07/17,0,4904000,-5250000,-346000
2017/07/18,0,2187000,-7613000,-5426000
2017/07/19,0,5725217,-4342000,1383217
2017/07/20,0,1338329,-2784000,-1445671
2017/07/21,0,2331396,-2545000,-213604
2017/07/24,0,2306667,-3335000,-1028333
2017/07/25,0,3787000,-5371658,-1584658
2017/07/26,0,3809000,-3676591,132409
2017/07/27,0,5160000,-3194405,1965595
2017/07/28,0,2125000,-2251299,-126299
2017/07/31,0,2122000,-3542234,-1420234
2017/08/01,0,4852000,-9579000,-4727000
2017/08/02,0,4594000,-4101000,493000
2017/08/03,0,7506000,-6002722,1503278
2017/08/04,0,8871000,-4890000,3981000
2017/08/07,0,806346,-4519724,-3713378
2017/08/08,0,8981000,-7983000,998000
2017/08/09,0,4779997,-6238000,-1458003
2017/08/10,0,3539996,-3506000,33996
2017/08/11,0,3492000,-13103000,-9611000
2017/08/14,0,5115000,-4546070,568930
2017/08/15,0,8491000,-10052000,-1561000
2017/08/16,0,4171000,-6363000,-2192000
2017/08/17,0,8707000,-8611000,96000
2017/08/18,0,7843000,-6606931,1236069
