Date,Open,Buy,Sell,Total
2007/01/02,0,80000,-2000,78000
2007/01/03,0,0,-3276000,-3276000
2007/01/04,0,0,-3709000,-3709000
2007/01/05,0,0,-4732761,-4732761
2007/01/08,0,0,0,0
2007/01/09,0,1084000,0,1084000
2007/01/10,0,2000,-742000,-740000
2007/01/11,0,3000,-1400000,-1397000
2007/01/12,0,4000,-13000,-9000
2007/01/15,0,0,-120000,-120000
2007/01/16,0,2992000,-569000,2423000
2007/01/17,0,0,0,0
2007/01/18,0,0,-4000,-4000
2007/01/19,0,0,-22000,-22000
2007/01/22,0,32000,-1000,31000
2007/01/23,0,0,-190000,-190000
2007/01/24,0,14000,-170000,-156000
2007/01/25,0,14000,0,14000
2007/01/26,0,1000,0,1000
2007/01/29,0,0,-181000,-181000
2007/01/30,0,251000,-143000,108000
2007/01/31,0,743000,0,743000
2007/02/01,0,0,-220000,-220000
2007/02/02,0,755000,-851000,-96000
2007/02/05,0,33000,-2400,30600
2007/02/06,0,787000,0,787000
2007/02/07,0,0,0,0
2007/02/08,0,2000,0,2000
2007/02/09,0,0,0,0
2007/02/12,0,0,0,0
2007/02/13,0,1334000,0,1334000
2007/02/14,0,2000,0,2000
2007/02/15,0,0,0,0
2007/02/16,0,0,0,0
2007/02/19,0,0,0,0
2007/02/20,0,0,0,0
2007/02/21,0,0,0,0
2007/02/22,0,0,0,0
2007/02/23,0,0,0,0
2007/02/26,0,0,0,0
2007/02/27,0,0,0,0
2007/02/28,0,0,0,0
2007/03/01,0,0,0,0
2007/03/02,0,0,-1200000,-1200000
2007/03/05,0,0,-9000,-9000
2007/03/06,0,0,-1143000,-1143000
2007/03/07,0,0,0,0
2007/03/08,0,0,-406000,-406000
2007/03/09,0,0,0,0
2007/03/12,0,1000000,-1000,999000
2007/03/13,0,500000,-589000,-89000
2007/03/14,0,0,0,0
2007/03/15,0,0,-1698000,-1698000
2007/03/16,0,214000,-1027000,-813000
2007/03/19,0,3000,-500000,-497000
2007/03/20,0,0,-23000,-23000
2007/03/21,0,0,-500000,-500000
2007/03/22,0,0,0,0
2007/03/23,0,0,-500000,-500000
2007/03/26,0,1000,-14000,-13000
2007/03/27,0,341000,-877000,-536000
2007/03/28,0,0,-423000,-423000
2007/03/29,0,0,-201000,-201000
2007/03/30,0,1100000,-1000,1099000
2007/04/02,0,120000,0,120000
2007/04/03,0,246000,-986000,-740000
2007/04/04,0,0,-125000,-125000
2007/04/05,0,0,0,0
2007/04/06,0,0,0,0
2007/04/09,0,0,-377000,-377000
2007/04/10,0,1038000,-752000,286000
2007/04/11,0,3000,-250000,-247000
2007/04/12,0,0,-894000,-894000
2007/04/13,0,150000,-170000,-20000
2007/04/16,0,100000,0,100000
2007/04/17,0,0,-21000,-21000
2007/04/18,0,0,0,0
2007/04/19,0,2000,0,2000
2007/04/20,0,65000,-592000,-527000
2007/04/23,0,0,0,0
2007/04/24,0,12000,0,12000
2007/04/25,0,30000,0,30000
2007/04/26,0,42000,-180000,-138000
2007/04/27,0,0,0,0
2007/04/30,0,0,-30000,-30000
2007/05/01,0,0,0,0
2007/05/02,0,0,0,0
2007/05/03,0,0,-30000,-30000
2007/05/04,0,0,-792000,-792000
2007/05/07,0,0,-40000,-40000
2007/05/08,0,0,-2000,-2000
2007/05/09,0,0,0,0
2007/05/10,0,0,-7000,-7000
2007/05/11,0,0,-1000,-1000
2007/05/14,0,0,0,0
2007/05/15,0,17000,0,17000
2007/05/16,0,0,-3000,-3000
2007/05/17,0,0,-3000,-3000
2007/05/18,0,0,0,0
2007/05/21,0,0,0,0
2007/05/22,0,7000,0,7000
2007/05/23,0,1100000,-1000,1099000
2007/05/24,0,0,0,0
2007/05/25,0,0,0,0
2007/05/28,0,0,0,0
2007/05/29,0,3000,0,3000
2007/05/30,0,0,0,0
2007/05/31,0,0,0,0
2007/06/01,0,0,0,0
2007/06/04,0,3000,0,3000
2007/06/05,0,0,0,0
2007/06/06,0,2000,0,2000
2007/06/07,0,0,0,0
2007/06/08,0,0,0,0
2007/06/11,0,0,0,0
2007/06/12,0,0,0,0
2007/06/13,0,0,-1200000,-1200000
2007/06/14,0,0,-5000,-5000
2007/06/15,0,0,-64000,-64000
2007/06/18,0,0,0,0
2007/06/19,0,0,0,0
2007/06/20,0,0,-11000,-11000
2007/06/21,0,0,0,0
2007/06/22,0,250000,-1000000,-750000
2007/06/25,0,12000,-28000,-16000
2007/06/26,0,0,-100000,-100000
2007/06/27,0,0,-100000,-100000
2007/06/28,0,0,-100000,-100000
2007/06/29,0,1000,0,1000
2007/07/02,0,0,0,0
2007/07/03,0,0,0,0
2007/07/04,0,3000,0,3000
2007/07/05,0,112000,-30000,82000
2007/07/06,0,201000,0,201000
2007/07/09,0,188000,-7000,181000
2007/07/10,0,2000,0,2000
2007/07/11,0,27000,0,27000
2007/07/12,0,0,-100000,-100000
2007/07/13,0,0,0,0
2007/07/16,0,0,0,0
2007/07/17,0,0,-4000,-4000
2007/07/18,0,4000,-22000,-18000
2007/07/19,0,3000,0,3000
2007/07/20,0,3000,-3000,0
2007/07/23,0,1000,-20000,-19000
2007/07/24,0,2000,-34000,-32000
2007/07/25,0,2000,0,2000
2007/07/26,0,0,-12000,-12000
2007/07/27,0,1000,0,1000
2007/07/30,0,2000,0,2000
2007/07/31,0,0,-1000,-1000
2007/08/01,0,26000,0,26000
2007/08/02,0,0,-1000,-1000
2007/08/03,0,151000,-1000,150000
2007/08/06,0,1000,0,1000
2007/08/07,0,151000,0,151000
2007/08/08,0,53000,0,53000
2007/08/09,0,50000,0,50000
2007/08/10,0,0,-47000,-47000
2007/08/13,0,0,-1000,-1000
2007/08/14,0,0,0,0
2007/08/15,0,3000,0,3000
2007/08/16,0,4000,-28000,-24000
2007/08/17,0,2000,-3000,-1000
2007/08/20,0,5000,0,5000
2007/08/21,0,0,-1000,-1000
2007/08/22,0,6000,-2000,4000
2007/08/23,0,4000,0,4000
2007/08/24,0,0,-2000,-2000
2007/08/27,0,12000,0,12000
2007/08/28,0,0,0,0
2007/08/29,0,0,-32000,-32000
2007/08/30,0,0,-100000,-100000
2007/08/31,0,9000,-160000,-151000
2007/09/03,0,0,0,0
2007/09/04,0,9000,-90000,-81000
2007/09/05,0,0,-63000,-63000
2007/09/06,0,0,0,0
2007/09/07,0,1000,0,1000
2007/09/10,0,8000,-420,7580
2007/09/11,0,0,0,0
2007/09/12,0,0,0,0
2007/09/13,0,0,0,0
2007/09/14,0,4000,0,4000
2007/09/17,0,0,0,0
2007/09/18,0,0,0,0
2007/09/19,0,0,0,0
2007/09/20,0,0,-5000,-5000
2007/09/21,0,0,-20000,-20000
2007/09/24,0,0,0,0
2007/09/25,0,0,0,0
2007/09/26,0,2000,-2000,0
2007/09/27,0,2000,0,2000
2007/09/28,0,0,0,0
2007/10/01,0,0,-1501000,-1501000
2007/10/02,0,20000,0,20000
2007/10/03,0,0,-1000,-1000
2007/10/04,0,0,0,0
2007/10/05,0,0,-75000,-75000
2007/10/08,0,0,-7000,-7000
2007/10/09,0,4000,0,4000
2007/10/10,0,0,0,0
2007/10/11,0,0,0,0
2007/10/12,0,0,0,0
2007/10/15,0,2000,-500,1500
2007/10/16,0,65000,0,65000
2007/10/17,0,0,0,0
2007/10/18,0,0,-1000000,-1000000
2007/10/19,0,0,-51000,-51000
2007/10/22,0,0,0,0
2007/10/23,0,2000,-3000504,-2998504
2007/10/24,0,0,0,0
2007/10/25,0,0,-1159000,-1159000
2007/10/26,0,0,-150,-150
2007/10/29,0,2000,0,2000
2007/10/30,0,0,0,0
2007/10/31,0,107000,0,107000
2007/11/01,0,1000,0,1000
2007/11/02,0,11000,0,11000
2007/11/05,0,32000,0,32000
2007/11/06,0,76000,0,76000
2007/11/07,0,0,0,0
2007/11/08,0,3000,0,3000
2007/11/09,0,3000,0,3000
2007/11/12,0,3000,0,3000
2007/11/13,0,2000,-3000,-1000
2007/11/14,0,1000,-2000,-1000
2007/11/15,0,1000,0,1000
2007/11/16,0,0,0,0
2007/11/19,0,0,-51000,-51000
2007/11/20,0,1000,0,1000
2007/11/21,0,0,-76000,-76000
2007/11/22,0,1000,0,1000
2007/11/23,0,2000,0,2000
2007/11/26,0,1000,0,1000
2007/11/27,0,12000,0,12000
2007/11/28,0,1000,0,1000
2007/11/29,0,0,0,0
2007/11/30,0,1000,0,1000
2007/12/03,0,0,0,0
2007/12/04,0,0,0,0
2007/12/05,0,0,0,0
2007/12/06,0,0,0,0
2007/12/07,0,0,0,0
2007/12/10,0,0,0,0
2007/12/11,0,1000,0,1000
2007/12/12,0,0,0,0
2007/12/13,0,0,-57000,-57000
2007/12/14,0,1215000,-4000,1211000
2007/12/17,0,1211000,0,1211000
2007/12/18,0,1569000,0,1569000
2007/12/19,0,1000,0,1000
2007/12/20,0,0,-70000,-70000
2007/12/21,0,0,-117000,-117000
2007/12/24,0,44000,-54000,-10000
2007/12/25,0,0,0,0
2007/12/26,0,0,0,0
2007/12/27,0,0,0,0
2007/12/28,0,0,0,0
2007/12/31,0,371000,0,371000
2008/01/01,0,0,0,0
2008/01/02,0,72000,0,72000
2008/01/03,0,0,0,0
2008/01/04,0,0,-1000,-1000
2008/01/07,0,1000,0,1000
2008/01/08,0,1000,-18000,-17000
2008/01/09,0,32000,-1000,31000
2008/01/10,0,11000,0,11000
2008/01/11,0,0,-4000,-4000
2008/01/14,0,0,0,0
2008/01/15,0,1000,-5000,-4000
2008/01/16,0,0,0,0
2008/01/17,0,20000,-203000,-183000
2008/01/18,0,1218000,0,1218000
2008/01/21,0,3000,-25000,-22000
2008/01/22,0,0,0,0
2008/01/23,0,0,0,0
2008/01/24,0,4000,0,4000
2008/01/25,0,2000,0,2000
2008/01/28,0,0,0,0
2008/01/29,0,0,0,0
2008/01/30,0,1000,0,1000
2008/01/31,0,0,0,0
2008/02/01,0,0,0,0
2008/02/04,0,0,0,0
2008/02/05,0,0,0,0
2008/02/06,0,0,0,0
2008/02/07,0,0,0,0
2008/02/08,0,0,0,0
2008/02/11,0,0,0,0
2008/02/12,0,0,0,0
2008/02/13,0,0,0,0
2008/02/14,0,0,0,0
2008/02/15,0,0,0,0
2008/02/18,0,17000,0,17000
2008/02/19,0,144000,0,144000
2008/02/20,0,12000,-1000,11000
2008/02/21,0,1000,0,1000
2008/02/22,0,0,0,0
2008/02/25,0,0,0,0
2008/02/26,0,0,-49000,-49000
2008/02/27,0,0,-2000,-2000
2008/02/28,0,0,0,0
2008/02/29,0,0,-1000,-1000
2008/03/03,0,0,-7000,-7000
2008/03/04,0,1000,0,1000
2008/03/05,0,0,0,0
2008/03/06,0,0,0,0
2008/03/07,0,0,0,0
2008/03/10,0,2000,-265000,-263000
2008/03/11,0,2000,0,2000
2008/03/12,0,3000,-47000,-44000
2008/03/13,0,0,0,0
2008/03/14,0,0,0,0
2008/03/17,0,1000,0,1000
2008/03/18,0,2000,-2000,0
2008/03/19,0,2000,0,2000
2008/03/20,0,1000,0,1000
2008/03/21,0,2000,0,2000
2008/03/24,0,3000,0,3000
2008/03/25,0,0,-7000,-7000
2008/03/26,0,1000,0,1000
2008/03/27,0,2000,-7000,-5000
2008/03/28,0,2000,0,2000
2008/03/31,0,1000,-3000,-2000
2008/04/01,0,1000,-1000,0
2008/04/02,0,1000,0,1000
2008/04/03,0,0,0,0
2008/04/04,0,0,0,0
2008/04/07,0,1000,0,1000
2008/04/08,0,1000,0,1000
2008/04/09,0,1000,0,1000
2008/04/10,0,0,0,0
2008/04/11,0,0,0,0
2008/04/14,0,4000,0,4000
2008/04/15,0,0,0,0
2008/04/16,0,0,-4000,-4000
2008/04/17,0,0,-14000,-14000
2008/04/18,0,1000,-10000,-9000
2008/04/21,0,1000,0,1000
2008/04/22,0,1000,0,1000
2008/04/23,0,2000,0,2000
2008/04/24,0,1000,0,1000
2008/04/25,0,1000,0,1000
2008/04/28,0,10000,0,10000
2008/04/29,0,2000,0,2000
2008/04/30,0,7000,-9000,-2000
2008/05/01,0,0,0,0
2008/05/02,0,16000,0,16000
2008/05/05,0,1000,0,1000
2008/05/06,0,52000,0,52000
2008/05/07,0,21000,-5000,16000
2008/05/08,0,5000,0,5000
2008/05/09,0,2000,0,2000
2008/05/12,0,3000,-9000,-6000
2008/05/13,0,14000,-10000,4000
2008/05/14,0,52000,0,52000
2008/05/15,0,21000,0,21000
2008/05/16,0,500000,0,500000
2008/05/19,0,218000,0,218000
2008/05/20,0,300000,-2000,298000
2008/05/21,0,0,0,0
2008/05/22,0,3000,0,3000
2008/05/23,0,0,-1000,-1000
2008/05/26,0,0,0,0
2008/05/27,0,4000,0,4000
2008/05/28,0,5000,0,5000
2008/05/29,0,2000,0,2000
2008/05/30,0,1000,-3000,-2000
2008/06/02,0,4000,0,4000
2008/06/03,0,0,0,0
2008/06/04,0,1000,0,1000
2008/06/05,0,1000,0,1000
2008/06/06,0,1000,-200000,-199000
2008/06/09,0,1000,0,1000
2008/06/10,0,0,0,0
2008/06/11,0,2000,0,2000
2008/06/12,0,3000,-100000,-97000
2008/06/13,0,4000,0,4000
2008/06/16,0,0,-216000,-216000
2008/06/17,0,59000,0,59000
2008/06/18,0,0,0,0
2008/06/19,0,0,-4000,-4000
2008/06/20,0,3000,-99000,-96000
2008/06/23,0,8000,-500000,-492000
2008/06/24,0,1000,0,1000
2008/06/25,0,56000,0,56000
2008/06/26,0,0,0,0
2008/06/27,0,0,0,0
2008/06/30,0,5000,0,5000
2008/07/01,0,3000,0,3000
2008/07/02,0,0,-1000,-1000
2008/07/03,0,2000,0,2000
2008/07/04,0,5000,0,5000
2008/07/07,0,10000,0,10000
2008/07/08,0,0,0,0
2008/07/09,0,0,-2000,-2000
2008/07/10,0,0,0,0
2008/07/11,0,26000,-115000,-89000
2008/07/14,0,2000,0,2000
2008/07/15,0,4000,-2000,2000
2008/07/16,0,10000,-1000,9000
2008/07/17,0,25000,0,25000
2008/07/18,0,0,-532000,-532000
2008/07/21,0,77000,-37000,40000
2008/07/22,0,6000,0,6000
2008/07/23,0,1000,-17000,-16000
2008/07/24,0,577000,-9000,568000
2008/07/25,0,2350000,0,2350000
2008/07/28,0,0,0,0
2008/07/29,0,3000,-72000,-69000
2008/07/30,0,2000,-9000,-7000
2008/07/31,0,1000,0,1000
2008/08/01,0,1000,0,1000
2008/08/04,0,1000,0,1000
2008/08/05,0,846000,-17000,829000
2008/08/06,0,2656000,0,2656000
2008/08/07,0,2500000,0,2500000
2008/08/08,0,971000,0,971000
2008/08/11,0,2098000,0,2098000
2008/08/12,0,1350000,-5000,1345000
2008/08/13,0,1250000,-900000,350000
2008/08/14,0,100000,-818000,-718000
2008/08/15,0,100000,-350000,-250000
2008/08/18,0,51000,-400000,-349000
2008/08/19,0,1736000,-13000,1723000
2008/08/20,0,1268000,-6000,1262000
2008/08/21,0,5599000,-9000,5590000
2008/08/22,0,3101000,0,3101000
2008/08/25,0,2378000,0,2378000
2008/08/26,0,603000,-2000,601000
2008/08/27,0,150000,0,150000
2008/08/28,0,2450000,-350000,2100000
2008/08/29,0,72000,0,72000
2008/09/01,0,1001000,0,1001000
2008/09/02,0,3000,-1600000,-1597000
2008/09/03,0,866000,-23000,843000
2008/09/04,0,2422000,0,2422000
2008/09/05,0,1460000,-300000,1160000
2008/09/08,0,1313000,-200000,1113000
2008/09/09,0,7000,0,7000
2008/09/10,0,5000,0,5000
2008/09/11,0,1350000,-879000,471000
2008/09/12,0,550000,0,550000
2008/09/15,0,500000,0,500000
2008/09/16,0,150000,-2000,148000
2008/09/17,0,2432000,-1000,2431000
2008/09/18,0,3000,-821000,-818000
2008/09/19,0,2095000,-1000,2094000
2008/09/22,0,267000,-400000,-133000
2008/09/23,0,843000,-753000,90000
2008/09/24,0,0,-3525000,-3525000
2008/09/25,0,0,-5591682,-5591682
2008/09/26,0,117000,-1427000,-1310000
2008/09/29,0,0,0,0
2008/09/30,0,906000,-1546000,-640000
2008/10/01,0,1000,-27000,-26000
2008/10/02,0,1000,-1892,-892
2008/10/03,0,0,-8000,-8000
2008/10/06,0,18000,-8000,10000
2008/10/07,0,300000,-10000,290000
2008/10/08,0,4000,-1015000,-1011000
2008/10/09,0,163000,-2000,161000
2008/10/10,0,0,0,0
2008/10/13,0,0,0,0
2008/10/14,0,0,0,0
2008/10/15,0,196000,0,196000
2008/10/16,0,15000,-13150,1850
2008/10/17,0,315000,-2350000,-2035000
2008/10/20,0,0,-1000,-1000
2008/10/21,0,30000,-114000,-84000
2008/10/22,0,0,-950000,-950000
2008/10/23,0,0,-5000,-5000
2008/10/24,0,0,-23167,-23167
2008/10/27,0,0,-49000,-49000
2008/10/28,0,500000,-15000,485000
2008/10/29,0,0,-7346000,-7346000
2008/10/30,0,52000,-4000,48000
2008/10/31,0,0,-2400000,-2400000
2008/11/03,0,41000,-236000,-195000
2008/11/04,0,145000,-1530000,-1385000
2008/11/05,0,3000,-1080000,-1077000
2008/11/06,0,4000,-2000,2000
2008/11/07,0,0,0,0
2008/11/10,0,2000,-1400000,-1398000
2008/11/11,0,2000,-1240000,-1238000
2008/11/12,0,0,-514000,-514000
2008/11/13,0,0,0,0
2008/11/14,0,1000,-1656000,-1655000
2008/11/17,0,15000,-33000,-18000
2008/11/18,0,0,-99000,-99000
2008/11/19,0,0,-1008000,-1008000
2008/11/20,0,2000000,0,2000000
2008/11/21,0,0,0,0
2008/11/24,0,4000,0,4000
2008/11/25,0,2000,0,2000
2008/11/26,0,1000,0,1000
2008/11/27,0,9000,0,9000
2008/11/28,0,0,0,0
2008/12/01,0,4000,0,4000
2008/12/02,0,0,-3000000,-3000000
2008/12/03,0,256000,0,256000
2008/12/04,0,1000,-4559050,-4558050
2008/12/05,0,0,0,0
2008/12/08,0,2000,0,2000
2008/12/09,0,18000,-1140000,-1122000
2008/12/10,0,54000,0,54000
2008/12/11,0,36000,0,36000
2008/12/12,0,8000,0,8000
2008/12/15,0,54000,-1000,53000
2008/12/16,0,0,0,0
2008/12/17,0,2000,0,2000
2008/12/18,0,3000,-6000,-3000
2008/12/19,0,47000,-190000,-143000
2008/12/22,0,12000,0,12000
2008/12/23,0,1000,0,1000
2008/12/24,0,0,0,0
2008/12/25,0,0,0,0
2008/12/26,0,1000,-10000,-9000
2008/12/29,0,0,0,0
2008/12/30,0,0,0,0
2008/12/31,0,293000,0,293000
2009/01/01,0,0,0,0
2009/01/02,0,0,0,0
2009/01/05,0,654000,0,654000
2009/01/06,0,76000,0,76000
2009/01/07,0,1000,0,1000
2009/01/08,0,0,0,0
2009/01/09,0,3000,0,3000
2009/01/12,0,3000,0,3000
2009/01/13,0,0,0,0
2009/01/14,0,0,0,0
2009/01/15,0,0,-11000,-11000
2009/01/16,0,2000,0,2000
2009/01/19,0,1038000,-23000,1015000
2009/01/20,0,0,-60000,-60000
2009/01/21,0,0,-1000,-1000
2009/01/22,0,0,0,0
2009/01/23,0,0,0,0
2009/01/26,0,0,0,0
2009/01/27,0,0,0,0
2009/01/28,0,0,0,0
2009/01/29,0,0,0,0
2009/01/30,0,0,0,0
2009/02/02,0,0,0,0
2009/02/03,0,361000,0,361000
2009/02/04,0,0,-8650,-8650
2009/02/05,0,0,0,0
2009/02/06,0,0,0,0
2009/02/09,0,0,-3000,-3000
2009/02/10,0,0,0,0
2009/02/11,0,0,-3000,-3000
2009/02/12,0,0,-8000,-8000
2009/02/13,0,0,0,0
2009/02/16,0,0,0,0
2009/02/17,0,1000,0,1000
2009/02/18,0,0,0,0
2009/02/19,0,0,0,0
2009/02/20,0,0,-4000,-4000
2009/02/23,0,683000,0,683000
2009/02/24,0,0,0,0
2009/02/25,0,0,0,0
2009/02/26,0,0,0,0
2009/02/27,0,1000,0,1000
2009/03/02,0,41000,0,41000
2009/03/03,0,0,0,0
2009/03/04,0,0,-1000,-1000
2009/03/05,0,0,0,0
2009/03/06,0,800000,0,800000
2009/03/09,0,0,-91000,-91000
2009/03/10,0,0,-201000,-201000
2009/03/11,0,0,0,0
2009/03/12,0,0,-56000,-56000
2009/03/13,0,14000,-3000,11000
2009/03/16,0,0,-2000,-2000
2009/03/17,0,0,-3000,-3000
2009/03/18,0,0,-46000,-46000
2009/03/19,0,0,0,0
2009/03/20,0,0,-990000,-990000
2009/03/23,0,0,-1000,-1000
2009/03/24,0,500000,-6000,494000
2009/03/25,0,13000,0,13000
2009/03/26,0,0,0,0
2009/03/27,0,0,-31000,-31000
2009/03/30,0,0,-803000,-803000
2009/03/31,0,0,-2000,-2000
2009/04/01,0,0,0,0
2009/04/02,0,1000,-4000,-3000
2009/04/03,0,0,-2000,-2000
2009/04/06,0,0,-1000,-1000
2009/04/07,0,2000,0,2000
2009/04/08,0,0,0,0
2009/04/09,0,0,-1000,-1000
2009/04/10,0,0,0,0
2009/04/13,0,0,-2000,-2000
2009/04/14,0,0,-3000,-3000
2009/04/15,0,0,-215000,-215000
2009/04/16,0,0,-5000,-5000
2009/04/17,0,0,-10000,-10000
2009/04/20,0,5000,0,5000
2009/04/21,0,545000,0,545000
2009/04/22,0,0,0,0
2009/04/23,0,1000,-501000,-500000
2009/04/24,0,0,-106000,-106000
2009/04/27,0,1000,-228000,-227000
2009/04/28,0,0,-24000,-24000
2009/04/29,0,0,0,0
2009/04/30,0,0,-28000,-28000
2009/05/01,0,0,0,0
2009/05/04,0,0,-2000,-2000
2009/05/05,0,40000,0,40000
2009/05/06,0,438000,-32000,406000
2009/05/07,0,34000,-7000,27000
2009/05/08,0,0,-27000,-27000
2009/05/11,0,74000,0,74000
2009/05/12,0,400000,-1000,399000
2009/05/13,0,0,-22000,-22000
2009/05/14,0,32000,0,32000
2009/05/15,0,592000,0,592000
2009/05/18,0,87000,-13000,74000
2009/05/19,0,1000,0,1000
2009/05/20,0,46000,-202000,-156000
2009/05/21,0,8000,-200000,-192000
2009/05/22,0,0,-229000,-229000
2009/05/25,0,62000,-1000,61000
2009/05/26,0,82000,-9000,73000
2009/05/27,0,76000,0,76000
2009/05/28,0,0,0,0
2009/05/29,0,0,0,0
2009/06/01,0,61000,0,61000
2009/06/02,0,0,-25000,-25000
2009/06/03,0,0,-48000,-48000
2009/06/04,0,21000,0,21000
2009/06/05,0,0,0,0
2009/06/08,0,22000,0,22000
2009/06/09,0,27000,-501000,-474000
2009/06/10,0,11000,-74000,-63000
2009/06/11,0,15000,0,15000
2009/06/12,0,0,0,0
2009/06/15,0,5000,0,5000
2009/06/16,0,8000,0,8000
2009/06/17,0,85000,0,85000
2009/06/18,0,37000,0,37000
2009/06/19,0,27000,0,27000
2009/06/22,0,7000,0,7000
2009/06/23,0,0,-15000,-15000
2009/06/24,0,2000,-4000,-2000
2009/06/25,0,1000,0,1000
2009/06/26,0,0,0,0
2009/06/29,0,0,0,0
2009/06/30,0,0,0,0
2009/07/01,0,6000,0,6000
2009/07/02,0,0,-1000,-1000
2009/07/03,0,0,-11000,-11000
2009/07/06,0,0,-17000,-17000
2009/07/07,0,3000,0,3000
2009/07/08,0,0,-2000,-2000
2009/07/09,0,0,0,0
2009/07/10,0,300000,-4000,296000
2009/07/13,0,201000,-5000,196000
2009/07/14,0,66000,-14000,52000
2009/07/15,0,0,0,0
2009/07/16,0,0,-4000,-4000
2009/07/17,0,2000,-1181000,-1179000
2009/07/20,0,0,0,0
2009/07/21,0,0,-72000,-72000
2009/07/22,0,0,-6000,-6000
2009/07/23,0,0,-5000,-5000
2009/07/24,0,0,-4000,-4000
2009/07/27,0,0,0,0
2009/07/28,0,0,-12000,-12000
2009/07/29,0,0,-16000,-16000
2009/07/30,0,0,-66000,-66000
2009/07/31,0,0,0,0
2009/08/03,0,0,0,0
2009/08/04,0,0,-15000,-15000
2009/08/05,0,0,0,0
2009/08/06,0,0,0,0
2009/08/07,0,0,0,0
2009/08/10,0,8000,-504000,-496000
2009/08/11,0,3000,0,3000
2009/08/12,0,0,0,0
2009/08/13,0,0,0,0
2009/08/14,0,4000,-3000,1000
2009/08/17,0,0,-1000,-1000
2009/08/18,0,4000,0,4000
2009/08/19,0,3000,0,3000
2009/08/20,0,2000,0,2000
2009/08/21,0,46000,-3000,43000
2009/08/24,0,4000,0,4000
2009/08/25,0,0,-12000,-12000
2009/08/26,0,0,0,0
2009/08/27,0,316000,-18000,298000
2009/08/28,0,0,0,0
2009/08/31,0,60000,0,60000
2009/09/01,0,0,0,0
2009/09/02,0,0,0,0
2009/09/03,0,0,-4000,-4000
2009/09/04,0,0,-5000,-5000
2009/09/07,0,0,-4000,-4000
2009/09/08,0,0,0,0
2009/09/09,0,40000,-206000,-166000
2009/09/10,0,14000,0,14000
2009/09/11,0,0,0,0
2009/09/14,0,3000,-45000,-42000
2009/09/15,0,3000,-2700,300
2009/09/16,0,0,0,0
2009/09/17,0,0,-6600,-6600
2009/09/18,0,0,-30000,-30000
2009/09/21,0,0,-2000,-2000
2009/09/22,0,0,0,0
2009/09/23,0,0,-2000,-2000
2009/09/24,0,0,0,0
2009/09/25,0,0,0,0
2009/09/28,0,0,0,0
2009/09/29,0,5000,0,5000
2009/09/30,0,0,0,0
2009/10/01,0,0,0,0
2009/10/02,0,0,0,0
2009/10/05,0,0,-14800,-14800
2009/10/06,0,0,0,0
2009/10/07,0,241000,0,241000
2009/10/08,0,2000000,0,2000000
2009/10/09,0,2000,0,2000
2009/10/12,0,0,0,0
2009/10/13,0,5000,0,5000
2009/10/14,0,2000000,-7000,1993000
2009/10/15,0,0,-300000,-300000
2009/10/16,0,321000,-218000,103000
2009/10/19,0,20000,0,20000
2009/10/20,0,0,0,0
2009/10/21,0,13000,-5000,8000
2009/10/22,0,0,-67000,-67000
2009/10/23,0,0,0,0
2009/10/26,0,0,0,0
2009/10/27,0,3000,0,3000
2009/10/28,0,0,-1000,-1000
2009/10/29,0,23000,0,23000
2009/10/30,0,0,0,0
2009/11/02,0,4000,0,4000
2009/11/03,0,3000,0,3000
2009/11/04,0,3000,0,3000
2009/11/05,0,4000,0,4000
2009/11/06,0,2000,0,2000
2009/11/09,0,4000,0,4000
2009/11/10,0,1000,-16000,-15000
2009/11/11,0,0,0,0
2009/11/12,0,0,-12000,-12000
2009/11/13,0,25000,-8000,17000
2009/11/16,0,8000,-1000,7000
2009/11/17,0,0,-307700,-307700
2009/11/18,0,1000,-6000,-5000
2009/11/19,0,0,-1000,-1000
2009/11/20,0,5000,-3000,2000
2009/11/23,0,0,-25000,-25000
2009/11/24,0,0,0,0
2009/11/25,0,0,0,0
2009/11/26,0,0,0,0
2009/11/27,0,0,-4000000,-4000000
2009/11/30,0,0,-13000,-13000
2009/12/01,0,0,0,0
2009/12/02,0,0,0,0
2009/12/03,0,0,0,0
2009/12/04,0,0,-4000,-4000
2009/12/07,0,0,0,0
2009/12/08,0,0,0,0
2009/12/09,0,0,-481800,-481800
2009/12/10,0,0,-151000,-151000
2009/12/11,0,3000,0,3000
2009/12/14,0,1000,-10000,-9000
2009/12/15,0,0,0,0
2009/12/16,0,0,-9000,-9000
2009/12/17,0,0,0,0
2009/12/18,0,5000,-1000,4000
2009/12/21,0,2000,0,2000
2009/12/22,0,0,-3000,-3000
2009/12/23,0,0,0,0
2009/12/24,0,0,0,0
2009/12/25,0,0,-6000,-6000
2009/12/28,0,0,-33000,-33000
2009/12/29,0,0,-34000,-34000
2009/12/30,0,0,-283700,-283700
2009/12/31,0,0,0,0
2010/01/01,0,0,0,0
2010/01/04,0,4000,0,4000
2010/01/05,0,0,-1000,-1000
2010/01/06,0,0,0,0
2010/01/07,0,0,-2000,-2000
2010/01/08,0,0,-3000,-3000
2010/01/11,0,0,0,0
2010/01/12,0,0,-4000,-4000
2010/01/13,0,0,0,0
2010/01/14,0,0,-3000,-3000
2010/01/15,0,0,-46000,-46000
2010/01/18,0,0,-13000,-13000
2010/01/19,0,0,-39000,-39000
2010/01/20,0,0,-6000,-6000
2010/01/21,0,0,0,0
2010/01/22,0,0,0,0
2010/01/25,0,0,-4000,-4000
2010/01/26,0,0,0,0
2010/01/27,0,12000,0,12000
2010/01/28,0,3000,-5000,-2000
2010/01/29,0,5000,0,5000
2010/02/01,0,5000,0,5000
2010/02/02,0,0,0,0
2010/02/03,0,2000,0,2000
2010/02/04,0,2000,0,2000
2010/02/05,0,3000,0,3000
2010/02/08,0,5000,0,5000
2010/02/09,0,4000,0,4000
2010/02/10,0,19000,0,19000
2010/02/11,0,0,0,0
2010/02/12,0,0,0,0
2010/02/15,0,0,0,0
2010/02/16,0,0,0,0
2010/02/17,0,0,0,0
2010/02/18,0,0,0,0
2010/02/19,0,0,0,0
2010/02/22,0,4000,0,4000
2010/02/23,0,5000,0,5000
2010/02/24,0,0,0,0
2010/02/25,0,0,-1000,-1000
2010/02/26,0,3000,-2000,1000
2010/03/01,0,2000,0,2000
2010/03/02,0,0,0,0
2010/03/03,0,0,0,0
2010/03/04,0,0,-2000,-2000
2010/03/05,0,0,-2000,-2000
2010/03/08,0,0,0,0
2010/03/09,0,0,0,0
2010/03/10,0,0,-4000,-4000
2010/03/11,0,0,0,0
2010/03/12,0,0,-183000,-183000
2010/03/15,0,0,0,0
2010/03/16,0,0,0,0
2010/03/17,0,26000,-38000,-12000
2010/03/18,0,0,-2000,-2000
2010/03/19,0,0,-9000,-9000
2010/03/22,0,0,-2000,-2000
2010/03/23,0,2000,-2000,0
2010/03/24,0,0,-2000,-2000
2010/03/25,0,0,-2000,-2000
2010/03/26,0,0,0,0
2010/03/29,0,2000,0,2000
2010/03/30,0,0,0,0
2010/03/31,0,0,-1000,-1000
2010/04/01,0,0,0,0
2010/04/02,0,0,-2000,-2000
2010/04/05,0,0,0,0
2010/04/06,0,0,-1000,-1000
2010/04/07,0,0,0,0
2010/04/08,0,0,0,0
2010/04/09,0,0,-1000,-1000
2010/04/12,0,0,0,0
2010/04/13,0,128000,-2000,126000
2010/04/14,0,3000,-3000,0
2010/04/15,0,0,-2000,-2000
2010/04/16,0,0,-3000,-3000
2010/04/19,0,0,-372,-372
2010/04/20,0,0,-4000,-4000
2010/04/21,0,0,0,0
2010/04/22,0,0,0,0
2010/04/23,0,0,0,0
2010/04/26,0,0,0,0
2010/04/27,0,0,0,0
2010/04/28,0,0,-1000,-1000
2010/04/29,0,415000,0,415000
2010/04/30,0,0,-140000,-140000
2010/05/03,0,0,0,0
2010/05/04,0,0,0,0
2010/05/05,0,0,-6000,-6000
2010/05/06,0,0,0,0
2010/05/07,0,2000,-1000,1000
2010/05/10,0,38000,0,38000
2010/05/11,0,69000,0,69000
2010/05/12,0,110000,0,110000
2010/05/13,0,1000,0,1000
2010/05/14,0,3000,0,3000
2010/05/17,0,74000,0,74000
2010/05/18,0,2000,0,2000
2010/05/19,0,0,0,0
2010/05/20,0,2000,-54000,-52000
2010/05/21,0,0,-61000,-61000
2010/05/24,0,186000,-4000,182000
2010/05/25,0,1000,0,1000
2010/05/26,0,2000,-1000,1000
2010/05/27,0,3000,0,3000
2010/05/28,0,0,-3000,-3000
2010/05/31,0,0,0,0
2010/06/01,0,0,0,0
2010/06/02,0,0,0,0
2010/06/03,0,0,0,0
2010/06/04,0,0,0,0
2010/06/07,0,0,0,0
2010/06/08,0,2000,-1000,1000
2010/06/09,0,0,0,0
2010/06/10,0,3000,-1000,2000
2010/06/11,0,0,-500,-500
2010/06/14,0,1000,-6000,-5000
2010/06/15,0,28000,0,28000
2010/06/16,0,0,0,0
2010/06/17,0,0,0,0
2010/06/18,0,5000,-16000,-11000
2010/06/21,0,0,0,0
2010/06/22,0,0,-1000,-1000
2010/06/23,0,0,-1000,-1000
2010/06/24,0,25000,-2000,23000
2010/06/25,0,8000,0,8000
2010/06/28,0,0,-16000,-16000
2010/06/29,0,2000,0,2000
2010/06/30,0,0,0,0
2010/07/01,0,0,0,0
2010/07/02,0,2000,0,2000
2010/07/05,0,0,0,0
2010/07/06,0,2000,0,2000
2010/07/07,0,0,0,0
2010/07/08,0,0,0,0
2010/07/09,0,0,0,0
2010/07/12,0,0,0,0
2010/07/13,0,0,0,0
2010/07/14,0,0,0,0
2010/07/15,0,0,-10000,-10000
2010/07/16,0,317000,-13000,304000
2010/07/19,0,7000,-37000,-30000
2010/07/20,0,0,0,0
2010/07/21,0,12000,-1000,11000
2010/07/22,0,3000,0,3000
2010/07/23,0,4000,0,4000
2010/07/26,0,1000,0,1000
2010/07/27,0,21000,0,21000
2010/07/28,0,0,-360000,-360000
2010/07/29,0,0,-145000,-145000
2010/07/30,0,0,-17000,-17000
2010/08/02,0,11000,-13000,-2000
2010/08/03,0,0,0,0
2010/08/04,0,0,-4000,-4000
2010/08/05,0,0,-5000,-5000
2010/08/06,0,0,-89000,-89000
2010/08/09,0,11000,0,11000
2010/08/10,0,1000,0,1000
2010/08/11,0,2000,0,2000
2010/08/12,0,3000,-5000,-2000
2010/08/13,0,3000,-4000,-1000
2010/08/16,0,0,-1000,-1000
2010/08/17,0,0,0,0
2010/08/18,0,12000,-1000,11000
2010/08/19,0,0,0,0
2010/08/20,0,0,-40000,-40000
2010/08/23,0,0,0,0
2010/08/24,0,0,-4000,-4000
2010/08/25,0,13000,-1000,12000
2010/08/26,0,1000,-31550,-30550
2010/08/27,0,1000,0,1000
2010/08/30,0,6000,-6915,-915
2010/08/31,0,40000,0,40000
2010/09/01,0,0,0,0
2010/09/02,0,1000,0,1000
2010/09/03,0,1000,0,1000
2010/09/06,0,0,0,0
2010/09/07,0,6000,0,6000
2010/09/08,0,0,0,0
2010/09/09,0,0,0,0
2010/09/10,0,0,0,0
2010/09/13,0,0,0,0
2010/09/14,0,0,0,0
2010/09/15,0,0,-28000,-28000
2010/09/16,0,0,-4000,-4000
2010/09/17,0,2000,-9000,-7000
2010/09/20,0,0,0,0
2010/09/21,0,0,-2000,-2000
2010/09/22,0,0,0,0
2010/09/23,0,0,-2000,-2000
2010/09/24,0,0,-2000,-2000
2010/09/27,0,0,-1000,-1000
2010/09/28,0,34000,0,34000
2010/09/29,0,0,0,0
2010/09/30,0,0,-4000,-4000
2010/10/01,0,0,0,0
2010/10/04,0,0,0,0
2010/10/05,0,0,0,0
2010/10/06,0,0,-2000,-2000
2010/10/07,0,0,0,0
2010/10/08,0,0,0,0
2010/10/11,0,0,0,0
2010/10/12,0,0,-2000,-2000
2010/10/13,0,84000,0,84000
2010/10/14,0,3000,0,3000
2010/10/15,0,106000,-13000,93000
2010/10/18,0,82000,-1000,81000
2010/10/19,0,111000,0,111000
2010/10/20,0,0,0,0
2010/10/21,0,0,0,0
2010/10/22,0,0,0,0
2010/10/25,0,0,0,0
2010/10/26,0,0,-2000,-2000
2010/10/27,0,2000,0,2000
2010/10/28,0,0,0,0
2010/10/29,0,0,0,0
2010/11/01,0,0,0,0
2010/11/02,0,0,0,0
2010/11/03,0,0,0,0
2010/11/04,0,0,0,0
2010/11/05,0,0,0,0
2010/11/08,0,0,-2000,-2000
2010/11/09,0,5000,0,5000
2010/11/10,0,0,-2000,-2000
2010/11/11,0,3000,0,3000
2010/11/12,0,0,-12000,-12000
2010/11/15,0,100000,-1000,99000
2010/11/16,0,36000,0,36000
2010/11/17,0,0,0,0
2010/11/18,0,0,0,0
2010/11/19,0,4000,-100000,-96000
2010/11/22,0,0,-11000,-11000
2010/11/23,0,0,-3000,-3000
2010/11/24,0,0,0,0
2010/11/25,0,0,-2000,-2000
2010/11/26,0,0,0,0
2010/11/29,0,0,0,0
2010/11/30,0,0,-21000,-21000
2010/12/01,0,0,-5000,-5000
2010/12/02,0,0,-6000,-6000
2010/12/03,0,0,-4000,-4000
2010/12/06,0,0,-12000,-12000
2010/12/07,0,0,0,0
2010/12/08,0,0,-4000,-4000
2010/12/09,0,0,-2000,-2000
2010/12/10,0,0,0,0
2010/12/13,0,0,-2000,-2000
2010/12/14,0,0,-5000,-5000
2010/12/15,0,0,0,0
2010/12/16,0,0,-3000,-3000
2010/12/17,0,287000,-16000,271000
2010/12/20,0,0,-7000,-7000
2010/12/21,0,2000,0,2000
2010/12/22,0,5000,0,5000
2010/12/23,0,0,0,0
2010/12/24,0,0,0,0
2010/12/27,0,0,-3000,-3000
2010/12/28,0,0,0,0
2010/12/29,0,0,0,0
2010/12/30,0,0,0,0
2010/12/31,0,0,0,0
2011/01/03,0,0,0,0
2011/01/04,0,0,0,0
2011/01/05,0,9000,0,9000
2011/01/06,0,0,0,0
2011/01/07,0,0,0,0
2011/01/10,0,0,-6000,-6000
2011/01/11,0,0,0,0
2011/01/12,0,0,0,0
2011/01/13,0,0,0,0
2011/01/14,0,0,-165000,-165000
2011/01/17,0,0,0,0
2011/01/18,0,0,0,0
2011/01/19,0,0,-11000,-11000
2011/01/20,0,0,-3000,-3000
2011/01/21,0,4000,-635000,-631000
2011/01/24,0,0,-6000,-6000
2011/01/25,0,2000,0,2000
2011/01/26,0,0,-1000,-1000
2011/01/27,0,0,0,0
2011/01/28,0,0,-7000,-7000
2011/01/31,0,0,0,0
2011/02/01,0,0,0,0
2011/02/02,0,0,0,0
2011/02/03,0,0,0,0
2011/02/04,0,0,0,0
2011/02/07,0,0,0,0
2011/02/08,0,0,0,0
2011/02/09,0,0,0,0
2011/02/10,0,0,-3000,-3000
2011/02/11,0,9000,0,9000
2011/02/14,0,3000,0,3000
2011/02/15,0,6000,0,6000
2011/02/16,0,0,0,0
2011/02/17,0,0,0,0
2011/02/18,0,2000,0,2000
2011/02/21,0,0,-4000,-4000
2011/02/22,0,0,0,0
2011/02/23,0,26000,0,26000
2011/02/24,0,3000,0,3000
2011/02/25,0,3000,-11000,-8000
2011/02/28,0,0,0,0
2011/03/01,0,0,0,0
2011/03/02,0,0,0,0
2011/03/03,0,0,0,0
2011/03/04,0,0,0,0
2011/03/07,0,0,0,0
2011/03/08,0,0,0,0
2011/03/09,0,0,-25000,-25000
2011/03/10,0,0,0,0
2011/03/11,0,0,0,0
2011/03/14,0,4000,0,4000
2011/03/15,0,2000,0,2000
2011/03/16,0,0,0,0
2011/03/17,0,51000,0,51000
2011/03/18,0,0,-15000,-15000
2011/03/21,0,0,0,0
2011/03/22,0,0,0,0
2011/03/23,0,0,0,0
2011/03/24,0,4000,0,4000
2011/03/25,0,0,0,0
2011/03/28,0,0,0,0
2011/03/29,0,0,0,0
2011/03/30,0,0,-24000,-24000
2011/03/31,0,21000,0,21000
2011/04/01,0,0,0,0
2011/04/04,0,0,0,0
2011/04/05,0,0,0,0
2011/04/06,0,0,0,0
2011/04/07,0,0,0,0
2011/04/08,0,0,0,0
2011/04/11,0,0,0,0
2011/04/12,0,0,-5000,-5000
2011/04/13,0,0,0,0
2011/04/14,0,182000,0,182000
2011/04/15,0,0,0,0
2011/04/18,0,1000,0,1000
2011/04/19,0,6000,0,6000
2011/04/20,0,0,0,0
2011/04/21,0,0,-1000,-1000
2011/04/22,0,0,0,0
2011/04/25,0,0,-4000,-4000
2011/04/26,0,0,-6000,-6000
2011/04/27,0,332000,0,332000
2011/04/28,0,0,0,0
2011/04/29,0,0,0,0
2011/05/02,0,0,0,0
2011/05/03,0,25000,0,25000
2011/05/04,0,25000,0,25000
2011/05/05,0,25000,0,25000
2011/05/06,0,27000,0,27000
2011/05/09,0,2000,0,2000
2011/05/10,0,0,0,0
2011/05/11,0,0,0,0
2011/05/12,0,8000,-3000,5000
2011/05/13,0,10000,0,10000
2011/05/16,0,3000,0,3000
2011/05/17,0,0,0,0
2011/05/18,0,0,0,0
2011/05/19,0,3000,-30000,-27000
2011/05/20,0,0,-417000,-417000
2011/05/23,0,0,-24501,-24501
2011/05/24,0,0,0,0
2011/05/25,0,0,0,0
2011/05/26,0,0,0,0
2011/05/27,0,0,-3000,-3000
2011/05/30,0,2000,0,2000
2011/05/31,0,0,-1000,-1000
2011/06/01,0,0,0,0
2011/06/02,0,0,0,0
2011/06/03,0,0,0,0
2011/06/06,0,0,0,0
2011/06/07,0,0,0,0
2011/06/08,0,3000,0,3000
2011/06/09,0,0,0,0
2011/06/10,0,0,0,0
2011/06/13,0,0,0,0
2011/06/14,0,9000,0,9000
2011/06/15,0,121000,0,121000
2011/06/16,0,10000,0,10000
2011/06/17,0,72000,-29000,43000
2011/06/20,0,16000,-2000,14000
2011/06/21,0,13000,0,13000
2011/06/22,0,9000,0,9000
2011/06/23,0,6000,0,6000
2011/06/24,0,7000,0,7000
2011/06/27,0,199000,0,199000
2011/06/28,0,298000,-24000,274000
2011/06/29,0,34000,0,34000
2011/06/30,0,8000,0,8000
2011/07/01,0,1000,-2000,-1000
2011/07/04,0,90000,-41000,49000
2011/07/05,0,25000,-3000,22000
2011/07/06,0,0,-12000,-12000
2011/07/07,0,0,0,0
2011/07/08,0,0,-5000,-5000
2011/07/11,0,0,0,0
2011/07/12,0,5000,-1000,4000
2011/07/13,0,14000,0,14000
2011/07/14,0,102000,0,102000
2011/07/15,0,15000,0,15000
2011/07/18,0,6000,0,6000
2011/07/19,0,10000,0,10000
2011/07/20,0,11000,0,11000
2011/07/21,0,9000,0,9000
2011/07/22,0,0,-15000,-15000
2011/07/25,0,0,-18000,-18000
2011/07/26,0,0,0,0
2011/07/27,0,8000,-13000,-5000
2011/07/28,0,0,-15000,-15000
2011/07/29,0,0,0,0
2011/08/01,0,9000,0,9000
2011/08/02,0,0,-5000,-5000
2011/08/03,0,40000,0,40000
2011/08/04,0,61000,0,61000
2011/08/05,0,54000,0,54000
2011/08/08,0,40000,0,40000
2011/08/09,0,64000,0,64000
2011/08/10,0,72000,0,72000
2011/08/11,0,41000,0,41000
2011/08/12,0,4000,-10000,-6000
2011/08/15,0,6000,0,6000
2011/08/16,0,0,-314000,-314000
2011/08/17,0,8000,-4000,4000
2011/08/18,0,62000,0,62000
2011/08/19,0,6000,-3000,3000
2011/08/22,0,38000,0,38000
2011/08/23,0,6000,0,6000
2011/08/24,0,0,0,0
2011/08/25,0,0,0,0
2011/08/26,0,29000,0,29000
2011/08/29,0,11000,0,11000
2011/08/30,0,0,0,0
2011/08/31,0,1000,-4000,-3000
2011/09/01,0,1000,-3000,-2000
2011/09/02,0,22000,-9000,13000
2011/09/05,0,0,-6000,-6000
2011/09/06,0,0,0,0
2011/09/07,0,15000,0,15000
2011/09/08,0,1000,0,1000
2011/09/09,0,27000,0,27000
2011/09/12,0,0,0,0
2011/09/13,0,19000,-3934,15066
2011/09/14,0,9000,-7000,2000
2011/09/15,0,0,-287000,-287000
2011/09/16,0,12000,-1977000,-1965000
2011/09/19,0,2000,-111839,-109839
2011/09/20,0,3000,0,3000
2011/09/21,0,0,-6138,-6138
2011/09/22,0,0,-4000,-4000
2011/09/23,0,6000,0,6000
2011/09/26,0,21000,0,21000
2011/09/27,0,8000,0,8000
2011/09/28,0,374000,-3000,371000
2011/09/29,0,6000,0,6000
2011/09/30,0,17000,-2000,15000
2011/10/03,0,0,-2000,-2000
2011/10/04,0,50000,0,50000
2011/10/05,0,19000,0,19000
2011/10/06,0,28000,-1000,27000
2011/10/07,0,3000,0,3000
2011/10/10,0,0,0,0
2011/10/11,0,0,0,0
2011/10/12,0,0,0,0
2011/10/13,0,7000,0,7000
2011/10/14,0,0,-195000,-195000
2011/10/17,0,0,-3233,-3233
2011/10/18,0,37068,0,37068
2011/10/19,0,0,0,0
2011/10/20,0,0,0,0
2011/10/21,0,0,0,0
2011/10/24,0,8000,0,8000
2011/10/25,0,0,0,0
2011/10/26,0,2000,0,2000
2011/10/27,0,6000,0,6000
2011/10/28,0,8000,0,8000
2011/10/31,0,0,-8000,-8000
2011/11/01,0,0,-7000,-7000
2011/11/02,0,8000,0,8000
2011/11/03,0,4000,0,4000
2011/11/04,0,0,-8000,-8000
2011/11/07,0,0,0,0
2011/11/08,0,9000,0,9000
2011/11/09,0,0,0,0
2011/11/10,0,2000,0,2000
2011/11/11,0,0,-2000,-2000
2011/11/14,0,16783,0,16783
2011/11/15,0,0,-1000,-1000
2011/11/16,0,0,0,0
2011/11/17,0,208000,-1000,207000
2011/11/18,0,6000,0,6000
2011/11/21,0,14000,0,14000
2011/11/22,0,6000,-7000,-1000
2011/11/23,0,22000,0,22000
2011/11/24,0,15000,0,15000
2011/11/25,0,32000,0,32000
2011/11/28,0,7000,0,7000
2011/11/29,0,7000,0,7000
2011/11/30,0,4000,-2000,2000
2011/12/01,0,0,0,0
2011/12/02,0,0,0,0
2011/12/05,0,5000,-8000,-3000
2011/12/06,0,0,0,0
2011/12/07,0,5000,0,5000
2011/12/08,0,3000,0,3000
2011/12/09,0,0,-21579,-21579
2011/12/12,0,0,0,0
2011/12/13,0,0,0,0
2011/12/14,0,34000,-4000,30000
2011/12/15,0,29000,0,29000
2011/12/16,0,13000,0,13000
2011/12/19,0,9000,0,9000
2011/12/20,0,7000,0,7000
2011/12/21,0,0,0,0
2011/12/22,0,10000,0,10000
2011/12/23,0,0,-9000,-9000
2011/12/26,0,0,0,0
2011/12/27,0,16000,0,16000
2011/12/28,0,0,-8000,-8000
2011/12/29,0,100000,0,100000
2011/12/30,0,100000,-13000,87000
2012/01/02,0,18000,0,18000
2012/01/03,0,100000,-27000,73000
2012/01/04,0,50000,0,50000
2012/01/05,0,26269,-5000,21269
2012/01/06,0,0,-4000,-4000
2012/01/09,0,0,-2000,-2000
2012/01/10,0,0,-4000,-4000
2012/01/11,0,0,-9000,-9000
2012/01/12,0,0,-19000,-19000
2012/01/13,0,0,-31000,-31000
2012/01/16,0,0,-8000,-8000
2012/01/17,0,0,0,0
2012/01/18,0,0,-9000,-9000
2012/01/19,0,0,0,0
2012/01/20,0,0,0,0
2012/01/23,0,0,0,0
2012/01/24,0,0,0,0
2012/01/25,0,0,0,0
2012/01/26,0,0,0,0
2012/01/27,0,0,0,0
2012/01/30,0,0,-22000,-22000
2012/01/31,0,0,-3000,-3000
2012/02/01,0,0,-13000,-13000
2012/02/02,0,0,-12000,-12000
2012/02/03,0,0,-13000,-13000
2012/02/06,0,0,-25000,-25000
2012/02/07,0,0,0,0
2012/02/08,0,0,-9000,-9000
2012/02/09,0,0,-36931,-36931
2012/02/10,0,0,-15000,-15000
2012/02/13,0,0,0,0
2012/02/14,0,0,-19000,-19000
2012/02/15,0,0,-17000,-17000
2012/02/16,0,1000,-11000,-10000
2012/02/17,0,13000,0,13000
2012/02/20,0,0,-7000,-7000
2012/02/21,0,0,0,0
2012/02/22,0,0,0,0
2012/02/23,0,0,-7000,-7000
2012/02/24,0,0,-26000,-26000
2012/02/27,0,0,0,0
2012/02/28,0,0,0,0
2012/02/29,0,0,-4000,-4000
2012/03/01,0,0,0,0
2012/03/02,0,0,-13000,-13000
2012/03/05,0,468000,-5000,463000
2012/03/06,0,0,-2000,-2000
2012/03/07,0,0,-1000,-1000
2012/03/08,0,0,-33133,-33133
2012/03/09,0,0,0,0
2012/03/12,0,0,-5000,-5000
2012/03/13,0,0,-11000,-11000
2012/03/14,0,167000,0,167000
2012/03/15,0,145000,0,145000
2012/03/16,0,0,-47000,-47000
2012/03/19,0,0,-4000,-4000
2012/03/20,0,0,-9000,-9000
2012/03/21,0,0,0,0
2012/03/22,0,0,0,0
2012/03/23,0,0,0,0
2012/03/26,0,0,-5000,-5000
2012/03/27,0,0,0,0
2012/03/28,0,0,0,0
2012/03/29,0,0,0,0
2012/03/30,0,0,-11000,-11000
2012/04/02,0,0,-1000,-1000
2012/04/03,0,0,0,0
2012/04/04,0,0,0,0
2012/04/05,0,4000,-3271,729
2012/04/06,0,0,0,0
2012/04/09,0,0,-7000,-7000
2012/04/10,0,0,0,0
2012/04/11,0,0,0,0
2012/04/12,0,1200000,-1000,1199000
2012/04/13,0,380000,0,380000
2012/04/16,0,2000,0,2000
2012/04/17,0,0,0,0
2012/04/18,0,0,0,0
2012/04/19,0,0,0,0
2012/04/20,0,1001000,0,1001000
2012/04/23,0,899000,0,899000
2012/04/24,0,20000,0,20000
2012/04/25,0,0,0,0
2012/04/26,0,0,0,0
2012/04/27,0,0,0,0
2012/04/30,0,0,0,0
2012/05/01,0,0,0,0
2012/05/02,0,66000,0,66000
2012/05/03,0,34396,0,34396
2012/05/04,0,1000000,-372000,628000
2012/05/07,0,0,0,0
2012/05/08,0,0,0,0
2012/05/09,0,0,0,0
2012/05/10,0,0,0,0
2012/05/11,0,0,0,0
2012/05/14,0,0,0,0
2012/05/15,0,1049000,0,1049000
2012/05/16,0,0,-355000,-355000
2012/05/17,0,0,0,0
2012/05/18,0,0,0,0
2012/05/21,0,700000,0,700000
2012/05/22,0,0,0,0
2012/05/23,0,0,-11000,-11000
2012/05/24,0,0,0,0
2012/05/25,0,3000,0,3000
2012/05/28,0,0,-210000,-210000
2012/05/29,0,7000,0,7000
2012/05/30,0,0,-43846,-43846
2012/05/31,0,0,-1000,-1000
2012/06/01,0,0,0,0
2012/06/04,0,20000,0,20000
2012/06/05,0,15000,0,15000
2012/06/06,0,0,0,0
2012/06/07,0,0,0,0
2012/06/08,0,131000,0,131000
2012/06/11,0,53000,0,53000
2012/06/12,0,162000,0,162000
2012/06/13,0,86000,0,86000
2012/06/14,0,36000,-410000,-374000
2012/06/15,0,1000,0,1000
2012/06/18,0,0,-360000,-360000
2012/06/19,0,0,0,0
2012/06/20,0,0,-1000000,-1000000
2012/06/21,0,0,0,0
2012/06/22,0,0,0,0
2012/06/25,0,0,0,0
2012/06/26,0,38773,-56000,-17227
2012/06/27,0,0,0,0
2012/06/28,0,0,-20000,-20000
2012/06/29,0,0,0,0
2012/07/02,0,12000,-8000,4000
2012/07/03,0,10000,0,10000
2012/07/04,0,0,0,0
2012/07/05,0,0,-3000,-3000
2012/07/06,0,18000,0,18000
2012/07/09,0,0,-1000,-1000
2012/07/10,0,0,0,0
2012/07/11,0,0,-41000,-41000
2012/07/12,0,0,0,0
2012/07/13,0,0,0,0
2012/07/16,0,0,0,0
2012/07/17,0,32000,0,32000
2012/07/18,0,0,0,0
2012/07/19,0,0,0,0
2012/07/20,0,0,0,0
2012/07/23,0,0,0,0
2012/07/24,0,0,0,0
2012/07/25,0,0,0,0
2012/07/26,0,20000,0,20000
2012/07/27,0,0,0,0
2012/07/30,0,0,0,0
2012/07/31,0,0,0,0
2012/08/01,0,1000,0,1000
2012/08/02,0,0,0,0
2012/08/03,0,0,0,0
2012/08/06,0,6000,-8000,-2000
2012/08/07,0,2000,-197000,-195000
2012/08/08,0,1000,-40000,-39000
2012/08/09,0,120000,-25000,95000
2012/08/10,0,2000,-12000,-10000
2012/08/13,0,0,-14000,-14000
2012/08/14,0,0,-6000,-6000
2012/08/15,0,0,-228000,-228000
2012/08/16,0,0,-11785,-11785
2012/08/17,0,2000,-8017,-6017
2012/08/20,0,380000,-14000,366000
2012/08/21,0,300000,-3000,297000
2012/08/22,0,300000,-4000,296000
2012/08/23,0,202000,-2000,200000
2012/08/24,0,0,0,0
2012/08/27,0,122000,-5000,117000
2012/08/28,0,90000,-2000,88000
2012/08/29,0,110000,-13000,97000
2012/08/30,0,0,-4000,-4000
2012/08/31,0,709000,-4000,705000
2012/09/03,0,700000,-2000,698000
2012/09/04,0,0,0,0
2012/09/05,0,1000,-5000,-4000
2012/09/06,0,3000,0,3000
2012/09/07,0,4000,-5000,-1000
2012/09/10,0,0,0,0
2012/09/11,0,0,0,0
2012/09/12,0,2000,-136000,-134000
2012/09/13,0,2000,0,2000
2012/09/14,0,0,0,0
2012/09/17,0,2000,0,2000
2012/09/18,0,0,-553000,-553000
2012/09/19,0,76000,-167000,-91000
2012/09/20,0,0,0,0
2012/09/21,0,0,-3000,-3000
2012/09/24,0,1000,0,1000
2012/09/25,0,0,0,0
2012/09/26,0,0,-7000,-7000
2012/09/27,0,1000,0,1000
2012/09/28,0,1000,0,1000
2012/10/01,0,1000,0,1000
2012/10/02,0,400000,0,400000
2012/10/03,0,1100000,0,1100000
2012/10/04,0,0,0,0
2012/10/05,0,0,0,0
2012/10/08,0,0,0,0
2012/10/09,0,0,0,0
2012/10/10,0,0,0,0
2012/10/11,0,0,0,0
2012/10/12,0,0,-3000,-3000
2012/10/15,0,0,0,0
2012/10/16,0,0,0,0
2012/10/17,0,3000,-500000,-497000
2012/10/18,0,0,-199000,-199000
2012/10/19,0,0,0,0
2012/10/22,0,0,0,0
2012/10/23,0,1000,0,1000
2012/10/24,0,0,-401000,-401000
2012/10/25,0,0,-134000,-134000
2012/10/26,0,0,-462135,-462135
2012/10/29,0,23315,0,23315
2012/10/30,0,0,0,0
2012/10/31,0,0,-150000,-150000
2012/11/01,0,0,0,0
2012/11/02,0,2000,0,2000
2012/11/05,0,0,0,0
2012/11/06,0,0,0,0
2012/11/07,0,0,0,0
2012/11/08,0,0,0,0
2012/11/09,0,1000,0,1000
2012/11/12,0,0,0,0
2012/11/13,0,3000,0,3000
2012/11/14,0,0,0,0
2012/11/15,0,0,0,0
2012/11/16,0,0,0,0
2012/11/19,0,0,0,0
2012/11/20,0,0,0,0
2012/11/21,0,0,0,0
2012/11/22,0,0,0,0
2012/11/23,0,0,0,0
2012/11/26,0,0,0,0
2012/11/27,0,0,0,0
2012/11/28,0,0,-222000,-222000
2012/11/29,0,0,0,0
2012/11/30,0,0,-6000,-6000
2012/12/03,0,0,0,0
2012/12/04,0,0,-3000,-3000
2012/12/05,0,0,0,0
2012/12/06,0,0,0,0
2012/12/07,0,0,0,0
2012/12/10,0,0,-12000,-12000
2012/12/11,0,0,0,0
2012/12/12,0,0,0,0
2012/12/13,0,0,-2000,-2000
2012/12/14,0,0,-1000,-1000
2012/12/17,0,0,0,0
2012/12/18,0,0,0,0
2012/12/19,0,0,0,0
2012/12/20,0,0,-9000,-9000
2012/12/21,0,0,-56000,-56000
2012/12/24,0,0,-500000,-500000
2012/12/25,0,0,-500000,-500000
2012/12/26,0,0,0,0
2012/12/27,0,0,0,0
2012/12/28,0,0,0,0
2012/12/31,0,0,0,0
2013/01/01,0,0,0,0
2013/01/02,0,0,0,0
2013/01/03,0,0,-5000,-5000
2013/01/04,0,0,-4000,-4000
2013/01/07,0,32000,-6000,26000
2013/01/08,0,0,-4000,-4000
2013/01/09,0,0,0,0
2013/01/10,0,0,0,0
2013/01/11,0,10000,0,10000
2013/01/14,0,0,0,0
2013/01/15,0,4000,0,4000
2013/01/16,0,7000,-2000,5000
2013/01/17,0,4000,-282,3718
2013/01/18,0,0,0,0
2013/01/21,0,0,-4000,-4000
2013/01/22,0,0,-1000,-1000
2013/01/23,0,0,-1000,-1000
2013/01/24,0,1000,-10000,-9000
2013/01/25,0,0,-1000,-1000
2013/01/28,0,0,0,0
2013/01/29,0,0,0,0
2013/01/30,0,0,0,0
2013/01/31,0,0,-2000,-2000
2013/02/01,0,0,0,0
2013/02/04,0,21000,0,21000
2013/02/05,0,20000,0,20000
2013/02/06,0,1000,-18000,-17000
2013/02/07,0,0,0,0
2013/02/08,0,0,0,0
2013/02/11,0,0,0,0
2013/02/12,0,0,0,0
2013/02/13,0,0,0,0
2013/02/14,0,0,0,0
2013/02/15,0,0,0,0
2013/02/18,0,0,0,0
2013/02/19,0,0,-6000,-6000
2013/02/20,0,0,0,0
2013/02/21,0,0,-9000,-9000
2013/02/22,0,0,-13000,-13000
2013/02/25,0,0,0,0
2013/02/26,0,0,0,0
2013/02/27,0,0,0,0
2013/02/28,0,0,0,0
2013/03/01,0,0,0,0
2013/03/04,0,0,-1200000,-1200000
2013/03/05,0,0,0,0
2013/03/06,0,0,0,0
2013/03/07,0,0,0,0
2013/03/08,0,0,-3000,-3000
2013/03/11,0,0,-4000,-4000
2013/03/12,0,0,0,0
2013/03/13,0,0,-6000,-6000
2013/03/14,0,0,-5000,-5000
2013/03/15,0,0,-84000,-84000
2013/03/18,0,0,-10000,-10000
2013/03/19,0,0,0,0
2013/03/20,0,0,-1000,-1000
2013/03/21,0,1000,0,1000
2013/03/22,0,0,0,0
2013/03/25,0,0,0,0
2013/03/26,0,0,-202135,-202135
2013/03/27,0,0,-40000,-40000
2013/03/28,0,0,0,0
2013/03/29,0,0,0,0
2013/04/01,0,0,-4000,-4000
2013/04/02,0,0,0,0
2013/04/03,0,0,0,0
2013/04/04,0,0,0,0
2013/04/05,0,0,0,0
2013/04/08,0,0,0,0
2013/04/09,0,0,0,0
2013/04/10,0,0,0,0
2013/04/11,0,0,0,0
2013/04/12,0,0,-2000,-2000
2013/04/15,0,0,-4000,-4000
2013/04/16,0,0,0,0
2013/04/17,0,0,-30000,-30000
2013/04/18,0,0,-2000,-2000
2013/04/19,0,14315,0,14315
2013/04/22,0,0,-702000,-702000
2013/04/23,0,0,-732500,-732500
2013/04/24,0,0,-3000,-3000
2013/04/25,0,0,-10000,-10000
2013/04/26,0,0,-9000,-9000
2013/04/29,0,0,-5000,-5000
2013/04/30,0,0,0,0
2013/05/01,0,0,0,0
2013/05/02,0,0,0,0
2013/05/03,0,0,-112000,-112000
2013/05/06,0,0,-9000,-9000
2013/05/07,0,0,0,0
2013/05/08,0,0,0,0
2013/05/09,0,0,-2000,-2000
2013/05/10,0,0,0,0
2013/05/13,0,1000000,-9000,991000
2013/05/14,0,680000,-1000,679000
2013/05/15,0,0,0,0
2013/05/16,0,0,0,0
2013/05/17,0,0,-67000,-67000
2013/05/20,0,0,-5000,-5000
2013/05/21,0,0,0,0
2013/05/22,0,1244000,-28000,1216000
2013/05/23,0,811000,0,811000
2013/05/24,0,1809000,-12000,1797000
2013/05/27,0,1140000,0,1140000
2013/05/28,0,2012000,0,2012000
2013/05/29,0,900000,0,900000
2013/05/30,0,97000,0,97000
2013/05/31,0,684000,0,684000
2013/06/03,0,0,0,0
2013/06/04,0,0,0,0
2013/06/05,0,693000,0,693000
2013/06/06,0,1300000,0,1300000
2013/06/07,0,40000,0,40000
2013/06/10,0,0,0,0
2013/06/11,0,999000,-34000,965000
2013/06/12,0,0,0,0
2013/06/13,0,0,-43000,-43000
2013/06/14,0,1159000,0,1159000
2013/06/17,0,1490000,0,1490000
2013/06/18,0,1339000,-200000,1139000
2013/06/19,0,1104000,0,1104000
2013/06/20,0,0,0,0
2013/06/21,0,6000,-3000,3000
2013/06/24,0,1013000,-2000,1011000
2013/06/25,0,280000,0,280000
2013/06/26,0,1980000,-422000,1558000
2013/06/27,0,0,-421000,-421000
2013/06/28,0,1177000,-5961000,-4784000
2013/07/01,0,500000,-1429000,-929000
2013/07/02,0,582000,-1000,581000
2013/07/03,0,0,-150000,-150000
2013/07/04,0,300000,-406000,-106000
2013/07/05,0,210000,-122000,88000
2013/07/08,0,139000,-272000,-133000
2013/07/09,0,150000,0,150000
2013/07/10,0,760000,-1000000,-240000
2013/07/11,0,0,-123305,-123305
2013/07/12,0,0,-8000,-8000
2013/07/15,0,300000,-314000,-14000
2013/07/16,0,0,0,0
2013/07/17,0,211000,0,211000
2013/07/18,0,3501000,0,3501000
2013/07/19,0,602000,0,602000
2013/07/22,0,0,-500000,-500000
2013/07/23,0,1227000,-1000,1226000
2013/07/24,0,2445000,0,2445000
2013/07/25,0,502000,-200000,302000
2013/07/26,0,100000,-100000,0
2013/07/29,0,1360000,0,1360000
2013/07/30,0,58000,-68000,-10000
2013/07/31,0,2000,-106000,-104000
2013/08/01,0,713000,-39000,674000
2013/08/02,0,350000,-2481000,-2131000
2013/08/05,0,1241000,-1068000,173000
2013/08/06,0,175000,-1250000,-1075000
2013/08/07,0,0,0,0
2013/08/08,0,27000,0,27000
2013/08/09,0,190000,0,190000
2013/08/12,0,590000,0,590000
2013/08/13,0,0,-562000,-562000
2013/08/14,0,3000,-400000,-397000
2013/08/15,0,0,-6000,-6000
2013/08/16,0,11000,-61000,-50000
2013/08/19,0,4000,0,4000
2013/08/20,0,1500000,0,1500000
2013/08/21,0,0,0,0
2013/08/22,0,1544000,0,1544000
2013/08/23,0,624000,-516000,108000
2013/08/26,0,12000,0,12000
2013/08/27,0,320000,0,320000
2013/08/28,0,508000,0,508000
2013/08/29,0,495000,0,495000
2013/08/30,0,2004000,-3000,2001000
2013/09/02,0,120000,0,120000
2013/09/03,0,0,-286659,-286659
2013/09/04,0,160000,0,160000
2013/09/05,0,0,-693000,-693000
2013/09/06,0,4000,-140000,-136000
2013/09/09,0,133000,-253000,-120000
2013/09/10,0,0,-547000,-547000
2013/09/11,0,12000,-3103000,-3091000
2013/09/12,0,41000,0,41000
2013/09/13,0,49000,0,49000
2013/09/16,0,2000,0,2000
2013/09/17,0,0,-274000,-274000
2013/09/18,0,12000,-212000,-200000
2013/09/19,0,0,0,0
2013/09/20,0,0,0,0
2013/09/23,0,0,0,0
2013/09/24,0,0,-427000,-427000
2013/09/25,0,0,-250000,-250000
2013/09/26,0,1000,-210000,-209000
2013/09/27,0,0,-355000,-355000
2013/09/30,0,2000,-719000,-717000
2013/10/01,0,141000,-150000,-9000
2013/10/02,0,90000,-645000,-555000
2013/10/03,0,3000,-320000,-317000
2013/10/04,0,1000,-100000,-99000
2013/10/07,0,0,-898000,-898000
2013/10/08,0,0,-1270000,-1270000
2013/10/09,0,0,-1040000,-1040000
2013/10/10,0,0,0,0
2013/10/11,0,0,-450000,-450000
2013/10/14,0,0,-820000,-820000
2013/10/15,0,0,-120000,-120000
2013/10/16,0,0,-1423000,-1423000
2013/10/17,0,1000,-1400000,-1399000
2013/10/18,0,0,-758000,-758000
2013/10/21,0,0,-1745000,-1745000
2013/10/22,0,0,-44000,-44000
2013/10/23,0,0,0,0
2013/10/24,0,0,0,0
2013/10/25,0,0,-480000,-480000
2013/10/28,0,0,-1000,-1000
2013/10/29,0,0,-285000,-285000
2013/10/30,0,0,0,0
2013/10/31,0,0,-65000,-65000
2013/11/01,0,2000,-189000,-187000
2013/11/04,0,0,0,0
2013/11/05,0,0,-150000,-150000
2013/11/06,0,0,-285000,-285000
2013/11/07,0,0,-65000,-65000
2013/11/08,0,0,-1292000,-1292000
2013/11/11,0,0,-135000,-135000
2013/11/12,0,0,0,0
2013/11/13,0,0,-450000,-450000
2013/11/14,0,260000,0,260000
2013/11/15,0,0,0,0
2013/11/18,0,0,0,0
2013/11/19,0,0,0,0
2013/11/20,0,120000,0,120000
2013/11/21,0,100000,-3000,97000
2013/11/22,0,59000,-1000,58000
2013/11/25,0,0,-6411,-6411
2013/11/26,0,0,0,0
2013/11/27,0,730000,0,730000
2013/11/28,0,1070000,0,1070000
2013/11/29,0,900000,0,900000
2013/12/02,0,0,-50000,-50000
2013/12/03,0,0,-50000,-50000
2013/12/04,0,0,0,0
2013/12/05,0,0,0,0
2013/12/06,0,0,0,0
2013/12/09,0,62000,0,62000
2013/12/10,0,2000,0,2000
2013/12/11,0,0,0,0
2013/12/12,0,0,0,0
2013/12/13,0,0,0,0
2013/12/16,0,325000,0,325000
2013/12/17,0,210000,-4000,206000
2013/12/18,0,0,0,0
2013/12/19,0,535000,0,535000
2013/12/20,0,0,-21000,-21000
2013/12/23,0,0,0,0
2013/12/24,0,100000,0,100000
2013/12/25,0,0,-12000,-12000
2013/12/26,0,0,0,0
2013/12/27,0,0,0,0
2013/12/30,0,0,-67000,-67000
2013/12/31,0,0,0,0
2014/01/02,0,0,-69000,-69000
2014/01/03,0,0,0,0
2014/01/06,0,115000,-1000,114000
2014/01/07,0,50000,0,50000
2014/01/08,0,1000,0,1000
2014/01/09,0,0,0,0
2014/01/10,0,8000,0,8000
2014/01/13,0,0,0,0
2014/01/14,0,2755000,0,2755000
2014/01/15,0,3041000,0,3041000
2014/01/16,0,290000,0,290000
2014/01/17,0,0,0,0
2014/01/20,0,700000,0,700000
2014/01/21,0,550000,0,550000
2014/01/22,0,0,-1000,-1000
2014/01/23,0,144000,-77000,67000
2014/01/24,0,5021000,-51000,4970000
2014/01/27,0,0,0,0
2014/02/05,0,0,0,0
2014/02/06,0,0,0,0
2014/02/07,0,0,0,0
2014/02/10,0,0,0,0
2014/02/11,0,0,-385000,-385000
2014/02/12,0,0,0,0
2014/02/13,0,116508,-720000,-603492
2014/02/14,0,0,0,0
2014/02/17,0,200000,0,200000
2014/02/18,0,0,-50000,-50000
2014/02/19,0,200000,-1065000,-865000
2014/02/20,0,670000,-50000,620000
2014/02/21,0,855000,-50000,805000
2014/02/24,0,6000,0,6000
2014/02/25,0,0,0,0
2014/02/26,0,2580000,0,2580000
2014/02/27,0,2335000,0,2335000
2014/03/03,0,21000,0,21000
2014/03/04,0,18000,-1125000,-1107000
2014/03/05,0,14000,-97000,-83000
2014/03/06,0,13000,-372000,-359000
2014/03/07,0,22000,-1935000,-1913000
2014/03/10,0,601000,-5418000,-4817000
2014/03/11,0,0,-730000,-730000
2014/03/12,0,0,-18000,-18000
2014/03/13,0,0,-1023000,-1023000
2014/03/14,0,8000,-2000,6000
2014/03/17,0,17000,-1000,16000
2014/03/18,0,0,0,0
2014/03/19,0,300000,-300000,0
2014/03/20,0,0,-500000,-500000
2014/03/21,0,0,-11000,-11000
2014/03/24,0,12000,0,12000
2014/03/25,0,699000,0,699000
2014/03/26,0,600000,-200000,400000
2014/03/27,0,430000,-400000,30000
2014/03/28,0,0,-2000,-2000
2014/03/31,0,0,0,0
2014/04/01,0,0,-777000,-777000
2014/04/02,0,0,-555000,-555000
2014/04/03,0,184000,-26000,158000
2014/04/07,0,0,-1013000,-1013000
2014/04/08,0,0,-320000,-320000
2014/04/09,0,0,0,0
2014/04/10,0,0,-1061538,-1061538
2014/04/11,0,0,-33000,-33000
2014/04/14,0,0,-150000,-150000
2014/04/15,0,0,-128000,-128000
2014/04/16,0,0,-95000,-95000
2014/04/17,0,0,-1000,-1000
2014/04/18,0,0,-21000,-21000
2014/04/21,0,0,-48000,-48000
2014/04/22,0,0,-272000,-272000
2014/04/23,0,0,0,0
2014/04/24,0,0,-170000,-170000
2014/04/25,0,0,-21000,-21000
2014/04/28,0,0,0,0
2014/04/29,0,0,0,0
2014/04/30,0,155000,-154000,1000
2014/05/02,0,90000,-499000,-409000
2014/05/05,0,17000,-857000,-840000
2014/05/06,0,0,-1852000,-1852000
2014/05/07,0,0,0,0
2014/05/08,0,474000,-4000,470000
2014/05/09,0,0,-81000,-81000
2014/05/12,0,0,-30000,-30000
2014/05/13,0,0,-6000,-6000
2014/05/14,0,140000,0,140000
2014/05/15,0,108000,-30000,78000
2014/05/16,0,201000,-1054000,-853000
2014/05/19,0,162000,-1450000,-1288000
2014/05/20,0,0,0,0
2014/05/21,0,0,0,0
2014/05/22,0,0,-110000,-110000
2014/05/23,0,0,-82000,-82000
2014/05/26,0,0,-13000,-13000
2014/05/27,0,0,-139000,-139000
2014/05/28,0,0,0,0
2014/05/29,0,0,-234000,-234000
2014/05/30,0,0,-4000,-4000
2014/06/03,0,0,0,0
2014/06/04,0,0,-17000,-17000
2014/06/05,0,0,-32000,-32000
2014/06/06,0,1000,0,1000
2014/06/09,0,0,-17000,-17000
2014/06/10,0,0,-8000,-8000
2014/06/11,0,0,-10000,-10000
2014/06/12,0,33000,-24000,9000
2014/06/13,0,100000,-9000,91000
2014/06/16,0,0,-9000,-9000
2014/06/17,0,500000,0,500000
2014/06/18,0,400000,0,400000
2014/06/19,0,0,-30000,-30000
2014/06/20,0,0,-4000,-4000
2014/06/23,0,400000,0,400000
2014/06/24,0,0,-5000,-5000
2014/06/25,0,0,-3000,-3000
2014/06/26,0,0,0,0
2014/06/27,0,62000,-345000,-283000
2014/06/30,0,0,-21000,-21000
2014/07/01,0,23000,0,23000
2014/07/02,0,182771,0,182771
2014/07/03,0,81000,0,81000
2014/07/04,0,147000,-430000,-283000
2014/07/07,0,0,0,0
2014/07/08,0,1270000,-3000,1267000
2014/07/09,0,0,-105000,-105000
2014/07/10,0,530000,0,530000
2014/07/11,0,0,-157000,-157000
2014/07/14,0,50000,0,50000
2014/07/15,0,0,-632000,-632000
2014/07/16,0,500000,0,500000
2014/07/17,0,16000,0,16000
2014/07/18,0,0,0,0
2014/07/21,0,0,0,0
2014/07/22,0,12000,0,12000
2014/07/23,0,0,0,0
2014/07/24,0,5000,0,5000
2014/07/25,0,4000,-250000,-246000
2014/07/28,0,0,-606000,-606000
2014/07/29,0,4000,-2000000,-1996000
2014/07/30,0,82000,-1040000,-958000
2014/07/31,0,25000,0,25000
2014/08/01,0,17000,0,17000
2014/08/04,0,0,0,0
2014/08/05,0,0,-330000,-330000
2014/08/06,0,7000,-1000,6000
2014/08/07,0,31000,0,31000
2014/08/08,0,32000,0,32000
2014/08/11,0,12000,0,12000
2014/08/12,0,12000,0,12000
2014/08/13,0,5000,-555000,-550000
2014/08/14,0,14000,0,14000
2014/08/15,0,6000,-4000,2000
2014/08/18,0,1000,0,1000
2014/08/19,0,304000,0,304000
2014/08/20,0,3000,0,3000
2014/08/21,0,3000,-160000,-157000
2014/08/22,0,0,0,0
2014/08/25,0,0,0,0
2014/08/26,0,408000,0,408000
2014/08/27,0,0,0,0
2014/08/28,0,18000,-13000,5000
2014/08/29,0,0,0,0
2014/09/01,0,0,0,0
2014/09/02,0,0,0,0
2014/09/03,0,13000,-1470000,-1457000
2014/09/04,0,836000,-1000000,-164000
2014/09/05,0,826000,0,826000
2014/09/09,0,0,0,0
2014/09/10,0,0,-400000,-400000
2014/09/11,0,20000,0,20000
2014/09/12,0,17000,0,17000
2014/09/15,0,0,-1000,-1000
2014/09/16,0,4000,-1000,3000
2014/09/17,0,692000,0,692000
2014/09/18,0,388000,0,388000
2014/09/19,0,6311000,-1000,6310000
2014/09/22,0,353215,0,353215
2014/09/23,0,1006000,0,1006000
2014/09/24,0,3000,0,3000
2014/09/25,0,0,0,0
2014/09/26,0,0,0,0
2014/09/29,0,0,0,0
2014/09/30,0,720000,-800000,-80000
2014/10/01,0,62000,0,62000
2014/10/02,0,117000,0,117000
2014/10/03,0,0,0,0
2014/10/06,0,5000,0,5000
2014/10/07,0,2000,0,2000
2014/10/08,0,1000,0,1000
2014/10/09,0,0,-2000,-2000
2014/10/13,0,0,-221000,-221000
2014/10/14,0,0,0,0
2014/10/15,0,4000,0,4000
2014/10/16,0,0,0,0
2014/10/17,0,72000,0,72000
2014/10/20,0,350000,0,350000
2014/10/21,0,0,-1000,-1000
2014/10/22,0,0,0,0
2014/10/23,0,0,-2000,-2000
2014/10/24,0,0,0,0
2014/10/27,0,0,0,0
2014/10/28,0,200000,0,200000
2014/10/29,0,153000,0,153000
2014/10/30,0,0,-1000000,-1000000
2014/10/31,0,0,-2000,-2000
2014/11/03,0,0,-2000,-2000
2014/11/04,0,206000,0,206000
2014/11/05,0,0,0,0
2014/11/06,0,0,0,0
2014/11/07,0,0,0,0
2014/11/10,0,0,0,0
2014/11/11,0,19000,0,19000
2014/11/12,0,8000,0,8000
2014/11/13,0,0,-1361000,-1361000
2014/11/14,0,0,0,0
2014/11/17,0,0,-1640000,-1640000
2014/11/18,0,0,-1000,-1000
2014/11/19,0,0,0,0
2014/11/20,0,3000,0,3000
2014/11/21,0,7000,0,7000
2014/11/24,0,0,0,0
2014/11/25,0,2000,0,2000
2014/11/26,0,0,0,0
2014/11/27,0,0,-1000,-1000
2014/11/28,0,0,0,0
2014/12/01,0,0,0,0
2014/12/02,0,0,0,0
2014/12/03,0,20000,-789000,-769000
2014/12/04,0,0,0,0
2014/12/05,0,0,-63000,-63000
2014/12/08,0,0,-2000,-2000
2014/12/09,0,0,0,0
2014/12/10,0,0,-6000,-6000
2014/12/11,0,0,-29,-29
2014/12/12,0,0,0,0
2014/12/15,0,0,0,0
2014/12/16,0,0,-8000,-8000
2014/12/17,0,0,0,0
2014/12/18,0,0,0,0
2014/12/19,0,0,-18000,-18000
2014/12/22,0,0,0,0
2014/12/23,0,0,0,0
2014/12/24,0,0,0,0
2014/12/25,0,0,0,0
2014/12/26,0,0,0,0
2014/12/29,0,0,0,0
2014/12/30,0,0,-2000,-2000
2014/12/31,0,0,-1000,-1000
2015/01/01,0,0,0,0
2015/01/02,0,0,0,0
2015/01/05,0,0,0,0
2015/01/06,0,0,0,0
2015/01/07,0,0,-2000,-2000
2015/01/08,0,0,0,0
2015/01/09,0,0,0,0
2015/01/12,0,0,0,0
2015/01/13,0,0,0,0
2015/01/14,0,1594000,-2000,1592000
2015/01/15,0,464000,0,464000
2015/01/16,0,150000,0,150000
2015/01/19,0,846000,-1000,845000
2015/01/20,0,0,0,0
2015/01/21,0,0,0,0
2015/01/22,0,513000,0,513000
2015/01/23,0,300000,-2000,298000
2015/01/26,0,400000,0,400000
2015/01/27,0,0,0,0
2015/01/28,0,853000,0,853000
2015/01/29,0,0,0,0
2015/01/30,0,0,-102000,-102000
2015/02/02,0,0,0,0
2015/02/03,0,0,0,0
2015/02/04,0,0,-295000,-295000
2015/02/05,0,0,0,0
2015/02/06,0,263000,-3000,260000
2015/02/09,0,0,-9000,-9000
2015/02/10,0,45000,-104000,-59000
2015/02/11,0,42000,0,42000
2015/02/12,0,59000,-2000,57000
2015/02/13,0,64000,-3000,61000
2015/02/16,0,0,0,0
2015/02/17,0,0,0,0
2015/02/18,0,0,0,0
2015/02/19,0,0,0,0
2015/02/20,0,0,0,0
2015/02/23,0,0,0,0
2015/02/24,0,76000,-300000,-224000
2015/02/25,0,61000,-315000,-254000
2015/02/26,0,0,-562000,-562000
2015/02/27,0,0,0,0
2015/03/02,0,0,0,0
2015/03/03,0,99000,0,99000
2015/03/04,0,1000,0,1000
2015/03/05,0,0,-1000,-1000
2015/03/06,0,15000,0,15000
2015/03/09,0,0,-1000,-1000
2015/03/10,0,0,0,0
2015/03/11,0,0,-1299000,-1299000
2015/03/12,0,1765,0,1765
2015/03/13,0,0,0,0
2015/03/16,0,0,-8000,-8000
2015/03/17,0,0,0,0
2015/03/18,0,0,0,0
2015/03/19,0,0,-207000,-207000
2015/03/20,0,0,-2284000,-2284000
2015/03/23,0,0,-292000,-292000
2015/03/24,0,0,0,0
2015/03/25,0,0,0,0
2015/03/26,0,0,0,0
2015/03/27,0,0,0,0
2015/03/30,0,0,0,0
2015/03/31,0,259000,0,259000
2015/04/01,0,108000,-600000,-492000
2015/04/02,0,0,-300000,-300000
2015/04/03,0,0,0,0
2015/04/06,0,0,0,0
2015/04/07,0,0,0,0
2015/04/08,0,60000,-88000,-28000
2015/04/09,0,0,-700000,-700000
2015/04/10,0,0,0,0
2015/04/13,0,0,0,0
2015/04/14,0,0,-2000,-2000
2015/04/15,0,12000,-14000,-2000
2015/04/16,0,0,0,0
2015/04/17,0,0,0,0
2015/04/20,0,0,-102000,-102000
2015/04/21,0,0,0,0
2015/04/22,0,729000,0,729000
2015/04/23,0,661000,0,661000
2015/04/24,0,0,-2000,-2000
2015/04/27,0,0,-950000,-950000
2015/04/28,0,0,0,0
2015/04/29,0,0,-5000,-5000
2015/04/30,0,0,0,0
2015/05/01,0,0,0,0
2015/05/04,0,0,0,0
2015/05/05,0,0,-1000,-1000
2015/05/06,0,0,-526000,-526000
2015/05/07,0,0,0,0
2015/05/08,0,0,0,0
2015/05/11,0,1000,0,1000
2015/05/12,0,90000,0,90000
2015/05/13,0,0,0,0
2015/05/14,0,1000,0,1000
2015/05/15,0,0,-25000,-25000
2015/05/18,0,0,0,0
2015/05/19,0,0,0,0
2015/05/20,0,2000,0,2000
2015/05/21,0,0,-100000,-100000
2015/05/22,0,0,0,0
2015/05/25,0,0,0,0
2015/05/26,0,0,0,0
2015/05/27,0,0,0,0
2015/05/28,0,0,-10000,-10000
2015/05/29,0,0,-1000,-1000
2015/06/01,0,0,0,0
2015/06/02,0,0,0,0
2015/06/03,0,0,0,0
2015/06/04,0,0,-1330,-1330
2015/06/05,0,3000,-2000,1000
2015/06/08,0,0,0,0
2015/06/09,0,0,-950000,-950000
2015/06/10,0,0,-245000,-245000
2015/06/11,0,0,0,0
2015/06/12,0,0,-3000,-3000
2015/06/15,0,0,-368000,-368000
2015/06/16,0,0,-228000,-228000
2015/06/17,0,0,0,0
2015/06/18,0,158000,-5000,153000
2015/06/19,0,0,0,0
2015/06/22,0,0,-19000,-19000
2015/06/23,0,0,0,0
2015/06/24,0,3000,-1000,2000
2015/06/25,0,0,0,0
2015/06/26,0,0,0,0
2015/06/29,0,4000,-1000,3000
2015/06/30,0,0,0,0
2015/07/01,0,0,0,0
2015/07/02,0,14000,0,14000
2015/07/03,0,0,0,0
2015/07/06,0,0,0,0
2015/07/07,0,0,0,0
2015/07/08,0,0,0,0
2015/07/09,0,1000,-7000,-6000
2015/07/10,0,0,0,0
2015/07/13,0,0,-44000,-44000
2015/07/14,0,0,0,0
2015/07/15,0,19000,0,19000
2015/07/16,0,0,0,0
2015/07/17,0,193000,0,193000
2015/07/20,0,0,0,0
2015/07/21,0,2000,0,2000
2015/07/22,0,0,0,0
2015/07/23,0,1000,0,1000
2015/07/24,0,51000,0,51000
2015/07/27,0,0,0,0
2015/07/28,0,34000,0,34000
2015/07/29,0,5000,0,5000
2015/07/30,0,3000,0,3000
2015/07/31,0,3000,0,3000
2015/08/03,0,9000,0,9000
2015/08/04,0,4000,0,4000
2015/08/05,0,0,0,0
2015/08/06,0,9000,0,9000
2015/08/07,0,51000,-256000,-205000
2015/08/10,0,2000,-5000,-3000
2015/08/11,0,3000,0,3000
2015/08/12,0,51000,0,51000
2015/08/13,0,506000,0,506000
2015/08/14,0,0,0,0
2015/08/17,0,502000,0,502000
2015/08/18,0,0,0,0
2015/08/19,0,0,0,0
2015/08/20,0,501000,0,501000
2015/08/21,0,1516000,-2000,1514000
2015/08/24,0,1453000,0,1453000
2015/08/25,0,570,0,570
2015/08/26,0,76000,-1500290,-1424290
2015/08/27,0,0,-700000,-700000
2015/08/28,0,4000,0,4000
2015/08/31,0,30000,-19000,11000
2015/09/01,0,62000,-24000,38000
2015/09/02,0,0,-500000,-500000
2015/09/03,0,31000,0,31000
2015/09/04,0,2000,-1000,1000
2015/09/07,0,21000,0,21000
2015/09/08,0,9000,0,9000
2015/09/09,0,0,0,0
2015/09/10,0,0,0,0
2015/09/11,0,308000,0,308000
2015/09/14,0,4000,0,4000
2015/09/15,0,5000,0,5000
2015/09/16,0,0,0,0
2015/09/17,0,0,0,0
2015/09/18,0,4649000,-4000,4645000
2015/09/21,0,16000,-4000,12000
2015/09/22,0,398,0,398
2015/09/23,0,0,-1234000,-1234000
2015/09/24,0,0,0,0
2015/09/25,0,0,0,0
2015/09/28,0,0,0,0
2015/09/29,0,0,0,0
2015/09/30,0,0,0,0
2015/10/01,0,5000,0,5000
2015/10/02,0,19000,0,19000
2015/10/05,0,5000,0,5000
2015/10/06,0,2000,0,2000
2015/10/07,0,3000,0,3000
2015/10/08,0,0,0,0
2015/10/09,0,0,0,0
2015/10/12,0,0,0,0
2015/10/13,0,0,-1735000,-1735000
2015/10/14,0,0,0,0
2015/10/15,0,0,0,0
2015/10/16,0,5000,0,5000
2015/10/19,0,0,0,0
2015/10/20,0,0,0,0
2015/10/21,0,0,0,0
2015/10/22,0,0,0,0
2015/10/23,0,0,-226000,-226000
2015/10/26,0,0,0,0
2015/10/27,0,0,0,0
2015/10/28,0,0,-860000,-860000
2015/10/29,0,0,0,0
2015/10/30,0,0,-213000,-213000
2015/11/02,0,0,0,0
2015/11/03,0,5000,0,5000
2015/11/04,0,22000,-4000,18000
2015/11/05,0,1650000,0,1650000
2015/11/06,0,1481000,0,1481000
2015/11/09,0,110000,0,110000
2015/11/10,0,0,0,0
2015/11/11,0,1020000,0,1020000
2015/11/12,0,0,0,0
2015/11/13,0,0,0,0
2015/11/16,0,0,0,0
2015/11/17,0,0,0,0
2015/11/18,0,1000,0,1000
2015/11/19,0,0,-850000,-850000
2015/11/20,0,0,-403000,-403000
2015/11/23,0,0,-340000,-340000
2015/11/24,0,0,0,0
2015/11/25,0,0,0,0
2015/11/26,0,0,0,0
2015/11/27,0,0,0,0
2015/11/30,0,1000,-800000,-799000
2015/12/01,0,730000,0,730000
2015/12/02,0,0,-211000,-211000
2015/12/03,0,0,0,0
2015/12/04,0,0,0,0
2015/12/07,0,2531000,0,2531000
2015/12/08,0,1894000,0,1894000
2015/12/09,0,1140000,0,1140000
2015/12/10,0,7598000,0,7598000
2015/12/11,0,0,0,0
2015/12/14,0,300000,-1709,298291
2015/12/15,0,900000,0,900000
2015/12/16,0,4760000,0,4760000
2015/12/17,0,6865000,0,6865000
2015/12/18,0,1283000,0,1283000
2015/12/21,0,208000,0,208000
2015/12/22,0,630000,-2000,628000
2015/12/23,0,220000,0,220000
2015/12/24,0,5600000,0,5600000
2015/12/25,0,495000,0,495000
2015/12/28,0,1200000,-38000,1162000
2015/12/29,0,370000,-603000,-233000
2015/12/30,0,483000,0,483000
2015/12/31,0,0,-1481000,-1481000
2016/01/01,0,0,0,0
2016/01/04,0,41000,0,41000
2016/01/05,0,1511000,-4000,1507000
2016/01/06,0,1845000,-200000,1645000
2016/01/07,0,2030000,-410000,1620000
2016/01/08,0,2682000,0,2682000
2016/01/11,0,3670000,0,3670000
2016/01/12,0,3310000,-2000,3308000
2016/01/13,0,665000,-3000,662000
2016/01/14,0,2745000,0,2745000
2016/01/15,0,1588000,-8000,1580000
2016/01/18,0,2071000,-600000,1471000
2016/01/19,0,0,-6000,-6000
2016/01/20,0,2132000,-8000,2124000
2016/01/21,0,2411000,0,2411000
2016/01/22,0,5398000,0,5398000
2016/01/25,0,860000,0,860000
2016/01/26,0,937000,-1147000,-210000
2016/01/27,0,1267000,0,1267000
2016/01/28,0,559000,-1979000,-1420000
2016/01/29,0,169000,-4936000,-4767000
2016/02/01,0,893000,-4525000,-3632000
2016/02/02,0,233000,-1652000,-1419000
2016/02/03,0,399000,-750000,-351000
2016/02/04,0,0,0,0
2016/02/05,0,0,0,0
2016/02/08,0,0,0,0
2016/02/09,0,0,0,0
2016/02/10,0,0,0,0
2016/02/11,0,0,0,0
2016/02/12,0,0,0,0
2016/02/15,0,91304,-6247000,-6155696
2016/02/16,0,0,-865000,-865000
2016/02/17,0,48000,0,48000
2016/02/18,0,0,0,0
2016/02/19,0,789000,-601000,188000
2016/02/22,0,398000,-800000,-402000
2016/02/23,0,0,-680000,-680000
2016/02/24,0,0,-9114000,-9114000
2016/02/25,0,0,-1397000,-1397000
2016/02/26,0,840000,-230000,610000
2016/02/29,0,0,0,0
2016/03/01,0,0,-1610000,-1610000
2016/03/02,0,0,-651000,-651000
2016/03/03,0,0,-500000,-500000
2016/03/04,0,64000,-1233000,-1169000
2016/03/07,0,0,-2247000,-2247000
2016/03/08,0,36000,-1972000,-1936000
2016/03/09,0,0,-249000,-249000
2016/03/10,0,0,-31000,-31000
2016/03/11,0,0,-375000,-375000
2016/03/14,0,0,-424000,-424000
2016/03/15,0,0,-592000,-592000
2016/03/16,0,0,-981000,-981000
2016/03/17,0,0,-100000,-100000
2016/03/18,0,0,-10409000,-10409000
2016/03/21,0,323000,-1529000,-1206000
2016/03/22,0,993000,0,993000
2016/03/23,0,0,-2668000,-2668000
2016/03/24,0,24000,-1202000,-1178000
2016/03/25,0,0,-150000,-150000
2016/03/28,0,200000,-506000,-306000
2016/03/29,0,399000,-849000,-450000
2016/03/30,0,398000,-737000,-339000
2016/03/31,0,76000,0,76000
2016/04/01,0,0,0,0
2016/04/04,0,0,0,0
2016/04/05,0,0,0,0
2016/04/06,0,120000,-1050000,-930000
2016/04/07,0,382000,-34000,348000
2016/04/08,0,0,0,0
2016/04/11,0,0,-1760000,-1760000
2016/04/12,0,2000,0,2000
2016/04/13,0,0,0,0
2016/04/14,0,0,0,0
2016/04/15,0,234000,0,234000
2016/04/18,0,0,0,0
2016/04/19,0,0,0,0
2016/04/20,0,1110000,-2000,1108000
2016/04/21,0,0,-25000,-25000
2016/04/22,0,0,-114000,-114000
2016/04/25,0,0,-2000,-2000
2016/04/26,0,0,-164000,-164000
2016/04/27,0,0,-91000,-91000
2016/04/28,0,0,-250000,-250000
2016/04/29,0,0,-8000,-8000
2016/05/02,0,0,0,0
2016/05/03,0,0,-14000,-14000
2016/05/04,0,0,-233000,-233000
2016/05/05,0,0,-506000,-506000
2016/05/06,0,0,-200000,-200000
2016/05/09,0,0,0,0
2016/05/10,0,0,-181,-181
2016/05/11,0,0,0,0
2016/05/12,0,0,-404000,-404000
2016/05/13,0,58000,-216000,-158000
2016/05/16,0,0,0,0
2016/05/17,0,0,-490000,-490000
2016/05/18,0,0,0,0
2016/05/19,0,0,0,0
2016/05/20,0,0,-3000,-3000
2016/05/23,0,98000,0,98000
2016/05/24,0,0,0,0
2016/05/25,0,0,0,0
2016/05/26,0,61000,-1000,60000
2016/05/27,0,0,0,0
2016/05/30,0,0,0,0
2016/05/31,0,7000,0,7000
2016/06/01,0,0,0,0
2016/06/02,0,0,0,0
2016/06/03,0,0,0,0
2016/06/06,0,0,0,0
2016/06/07,0,0,-800000,-800000
2016/06/08,0,0,-75000,-75000
2016/06/09,0,0,0,0
2016/06/10,0,0,0,0
2016/06/13,0,0,0,0
2016/06/14,0,0,-225000,-225000
2016/06/15,0,0,-275000,-275000
2016/06/16,0,0,0,0
2016/06/17,0,150000,-12000,138000
2016/06/20,0,0,0,0
2016/06/21,0,0,0,0
2016/06/22,0,0,-1492000,-1492000
2016/06/23,0,0,0,0
2016/06/24,0,0,-353000,-353000
2016/06/27,0,0,-402000,-402000
2016/06/28,0,1000,-1080000,-1079000
2016/06/29,0,0,-350000,-350000
2016/06/30,0,0,-504000,-504000
2016/07/01,0,143000,-532000,-389000
2016/07/04,0,507000,0,507000
2016/07/05,0,1425000,0,1425000
2016/07/06,0,0,-492000,-492000
2016/07/07,0,320000,-797000,-477000
2016/07/08,0,0,0,0
2016/07/11,0,1766000,-357000,1409000
2016/07/12,0,1761000,0,1761000
2016/07/13,0,1185000,0,1185000
2016/07/14,0,117000,-2000,115000
2016/07/15,0,38000,-129000,-91000
2016/07/18,0,1093000,-300000,793000
2016/07/19,0,259000,-2000,257000
2016/07/20,0,18000,-4000,14000
2016/07/21,0,109000,-6000,103000
2016/07/22,0,113000,-5000,108000
2016/07/25,0,412000,-100000,312000
2016/07/26,0,10000,-949000,-939000
2016/07/27,0,0,-2637000,-2637000
2016/07/28,0,0,0,0
2016/07/29,0,18000,-5695,12305
2016/08/01,0,0,0,0
2016/08/02,0,0,-2000,-2000
2016/08/03,0,0,-157000,-157000
2016/08/04,0,1000,-1001000,-1000000
2016/08/05,0,0,-1701000,-1701000
2016/08/08,0,10000,-1362000,-1352000
2016/08/09,0,17000,-501000,-484000
2016/08/10,0,0,-1145000,-1145000
2016/08/11,0,0,-488000,-488000
2016/08/12,0,32000,-38000,-6000
2016/08/15,0,30000,-71000,-41000
2016/08/16,0,0,-763000,-763000
2016/08/17,0,11000,0,11000
2016/08/18,0,0,-36000,-36000
2016/08/19,0,9000,-327000,-318000
2016/08/22,0,0,0,0
2016/08/23,0,12000,0,12000
2016/08/24,0,0,-2000,-2000
2016/08/25,0,9000,-605000,-596000
2016/08/26,0,1000,-100000,-99000
2016/08/29,0,14000,-231000,-217000
2016/08/30,0,22000,-1000,21000
2016/08/31,0,0,0,0
2016/09/01,0,1000,0,1000
2016/09/02,0,3000,-400000,-397000
2016/09/05,0,0,-1001000,-1001000
2016/09/06,0,0,0,0
2016/09/07,0,88000,0,88000
2016/09/08,0,135000,-5000,130000
2016/09/09,0,118000,0,118000
2016/09/12,0,0,0,0
2016/09/13,0,0,0,0
2016/09/14,0,1529000,-3000,1526000
2016/09/15,0,0,0,0
2016/09/16,0,0,0,0
2016/09/19,0,0,0,0
2016/09/20,0,0,0,0
2016/09/21,0,0,0,0
2016/09/22,0,0,0,0
2016/09/23,0,0,-13000,-13000
2016/09/26,0,0,0,0
2016/09/27,0,0,0,0
2016/09/28,0,0,0,0
2016/09/29,0,0,0,0
2016/09/30,0,2741,0,2741
2016/10/03,0,0,0,0
2016/10/04,0,0,0,0
2016/10/05,0,0,0,0
2016/10/06,0,0,-1200000,-1200000
2016/10/07,0,0,0,0
2016/10/10,0,0,0,0
2016/10/11,0,1000,0,1000
2016/10/12,0,0,0,0
2016/10/13,0,1000,0,1000
2016/10/14,0,0,0,0
2016/10/17,0,0,-64000,-64000
2016/10/18,0,0,0,0
2016/10/19,0,0,0,0
2016/10/20,0,0,-4000,-4000
2016/10/21,0,0,-4000,-4000
2016/10/24,0,0,0,0
2016/10/25,0,0,-80000,-80000
2016/10/26,0,0,0,0
2016/10/27,0,0,0,0
2016/10/28,0,0,0,0
2016/10/31,0,0,0,0
2016/11/01,0,0,-1000,-1000
2016/11/02,0,0,-72,-72
2016/11/03,0,106000,0,106000
2016/11/04,0,1000,0,1000
2016/11/07,0,0,0,0
2016/11/08,0,0,0,0
2016/11/09,0,0,0,0
2016/11/10,0,0,0,0
2016/11/11,0,0,0,0
2016/11/14,0,0,0,0
2016/11/15,0,0,0,0
2016/11/16,0,340000,0,340000
2016/11/17,0,60000,0,60000
2016/11/18,0,121000,0,121000
2016/11/21,0,0,0,0
2016/11/22,0,5000,0,5000
2016/11/23,0,0,0,0
2016/11/24,0,0,0,0
2016/11/25,0,0,-106000,-106000
2016/11/28,0,0,0,0
2016/11/29,0,16000,0,16000
2016/11/30,0,0,0,0
2016/12/01,0,3000,0,3000
2016/12/02,0,0,0,0
2016/12/05,0,0,0,0
2016/12/06,0,0,0,0
2016/12/07,0,0,0,0
2016/12/08,0,0,0,0
2016/12/09,0,0,0,0
2016/12/12,0,0,0,0
2016/12/13,0,0,0,0
2016/12/14,0,0,0,0
2016/12/15,0,0,0,0
2016/12/16,0,0,-7000,-7000
2016/12/19,0,0,0,0
2016/12/20,0,0,0,0
2016/12/21,0,80000,0,80000
2016/12/22,0,0,0,0
2016/12/23,0,0,-70000,-70000
2016/12/26,0,0,0,0
2016/12/27,0,0,0,0
2016/12/28,0,0,0,0
2016/12/29,0,800000,0,800000
2016/12/30,0,700000,0,700000
2017/01/02,0,0,0,0
2017/01/03,0,0,-250000,-250000
2017/01/04,0,1737000,0,1737000
2017/01/05,0,38000,-32000,6000
2017/01/06,0,619000,-52000,567000
2017/01/09,0,261000,0,261000
2017/01/10,0,692000,0,692000
2017/01/11,0,197000,0,197000
2017/01/12,0,96000,0,96000
2017/01/13,0,35000,0,35000
2017/01/16,0,100000,0,100000
2017/01/17,0,0,0,0
2017/01/18,0,0,0,0
2017/01/19,0,754000,0,754000
2017/01/20,0,177000,0,177000
2017/01/23,0,117,0,117
2017/01/24,0,3000,0,3000
2017/01/25,0,0,0,0
2017/01/26,0,0,0,0
2017/01/27,0,0,0,0
2017/01/30,0,0,0,0
2017/01/31,0,0,0,0
2017/02/01,0,0,0,0
2017/02/02,0,0,-304000,-304000
2017/02/03,0,3000,-382000,-379000
2017/02/06,0,300000,0,300000
2017/02/07,0,0,-700000,-700000
2017/02/08,0,0,-600,-600
2017/02/09,0,1000,0,1000
2017/02/10,0,0,0,0
2017/02/13,0,0,0,0
2017/02/14,0,0,0,0
2017/02/15,0,0,0,0
2017/02/16,0,0,0,0
2017/02/17,0,1000,0,1000
2017/02/20,0,0,0,0
2017/02/21,0,0,0,0
2017/02/22,0,0,0,0
2017/02/23,0,1000,0,1000
2017/02/24,0,0,0,0
2017/02/27,0,0,0,0
2017/02/28,0,0,0,0
2017/03/01,0,0,0,0
2017/03/02,0,0,0,0
2017/03/03,0,2000,0,2000
2017/03/06,0,0,0,0
2017/03/07,0,0,0,0
2017/03/08,0,0,0,0
2017/03/09,0,0,0,0
2017/03/10,0,0,0,0
2017/03/13,0,0,0,0
2017/03/14,0,0,0,0
2017/03/15,0,0,0,0
2017/03/16,0,0,0,0
2017/03/17,0,145600,-6000,139600
2017/03/20,0,92000,-9000,83000
2017/03/21,0,0,-9000,-9000
2017/03/22,0,0,0,0
2017/03/23,0,0,0,0
2017/03/24,0,0,0,0
2017/03/27,0,552000,0,552000
2017/03/28,0,250000,0,250000
2017/03/29,0,0,0,0
2017/03/30,0,0,0,0
2017/03/31,0,0,0,0
2017/04/03,0,0,0,0
2017/04/04,0,0,0,0
2017/04/05,0,0,0,0
2017/04/06,0,0,0,0
2017/04/07,0,2000,0,2000
2017/04/10,0,231000,-1344000,-1113000
2017/04/11,0,0,0,0
2017/04/12,0,0,0,0
2017/04/13,0,0,0,0
2017/04/14,0,130000,-1000,129000
2017/04/17,0,0,0,0
2017/04/18,0,1000,0,1000
2017/04/19,0,0,0,0
2017/04/20,0,281000,0,281000
2017/04/21,0,70000,0,70000
2017/04/24,0,1057000,0,1057000
2017/04/25,0,140357,0,140357
2017/04/26,0,1000,0,1000
2017/04/27,0,161000,0,161000
2017/04/28,0,0,0,0
2017/05/01,0,0,0,0
2017/05/02,0,0,-4000,-4000
2017/05/03,0,135000,0,135000
2017/05/04,0,330000,-301000,29000
2017/05/05,0,0,-654000,-654000
2017/05/08,0,0,0,0
2017/05/09,0,699000,-374000,325000
2017/05/10,0,699000,0,699000
2017/05/11,0,0,0,0
2017/05/12,0,0,0,0
2017/05/15,0,141000,0,141000
2017/05/16,0,913000,-1000,912000
2017/05/17,0,1150000,0,1150000
2017/05/18,0,65000,-3000,62000
2017/05/19,0,409000,-414000,-5000
2017/05/22,0,0,-1000,-1000
2017/05/23,0,0,0,0
2017/05/24,0,0,0,0
2017/05/25,0,180000,-404000,-224000
2017/05/26,0,0,-19000,-19000
2017/05/29,0,0,0,0
2017/05/30,0,0,0,0
2017/05/31,0,0,0,0
2017/06/01,0,0,0,0
2017/06/02,0,0,-14000,-14000
2017/06/05,0,205000,-12000,193000
2017/06/06,0,0,-9000,-9000
2017/06/07,0,390000,-5000,385000
2017/06/08,0,100000,-2000,98000
2017/06/09,0,120000,-5000,115000
2017/06/12,0,160000,0,160000
2017/06/13,0,300000,0,300000
2017/06/14,0,0,-1000,-1000
2017/06/15,0,582000,0,582000
2017/06/16,0,1334000,-17000,1317000
2017/06/19,0,498000,-9000,489000
2017/06/20,0,665000,-10000,655000
2017/06/21,0,183000,0,183000
2017/06/22,0,250000,0,250000
2017/06/23,0,0,-4000,-4000
2017/06/26,0,250000,-5000,245000
2017/06/27,0,7000,-303000,-296000
2017/06/28,0,1000,-230000,-229000
2017/06/29,0,0,-332000,-332000
2017/06/30,0,5000,0,5000
2017/07/03,0,115000,-511000,-396000
2017/07/04,0,0,-773000,-773000
2017/07/05,0,0,0,0
2017/07/06,0,0,0,0
2017/07/07,0,0,0,0
2017/07/10,0,580000,-4000,576000
2017/07/11,0,0,-300000,-300000
2017/07/12,0,0,-7000,-7000
2017/07/13,0,1000,-1626000,-1625000
2017/07/14,0,0,-937000,-937000
2017/07/17,0,0,-1244,-1244
2017/07/18,0,11000,0,11000
2017/07/19,0,0,0,0
2017/07/20,0,202000,0,202000
2017/07/21,0,40000,-2200000,-2160000
2017/07/24,0,0,0,0
2017/07/25,0,102000,0,102000
2017/07/26,0,800000,-225000,575000
2017/07/27,0,236000,0,236000
2017/07/28,0,581000,0,581000
2017/07/31,0,0,-450000,-450000
2017/08/01,0,0,0,0
2017/08/02,0,0,-6000,-6000
2017/08/03,0,1215000,0,1215000
2017/08/04,0,8000,0,8000
2017/08/07,0,22000,0,22000
2017/08/08,0,0,-3000,-3000
2017/08/09,0,41000,-225000,-184000
2017/08/10,0,25000,0,25000
2017/08/11,0,0,-1000,-1000
2017/08/14,0,0,-1326000,-1326000
2017/08/15,0,150000,-1000,149000
2017/08/16,0,186000,0,186000
2017/08/17,0,151000,0,151000
2017/08/18,0,0,-4000,-4000
