Date,Open,Buy,Sell,Total
2007/04/23,0,33000,0,33000
2007/04/24,0,51000,0,51000
2007/04/25,0,216000,0,216000
2007/04/26,0,13000,0,13000
2007/04/27,0,0,-59000,-59000
2007/04/30,0,0,-178000,-178000
2007/05/01,0,0,0,0
2007/05/02,0,0,-93000,-93000
2007/05/03,0,40000,-85000,-45000
2007/05/04,0,2000,-2400,-400
2007/05/07,0,17000,-3000,14000
2007/05/08,0,0,-55000,-55000
2007/05/09,0,0,0,0
2007/05/10,0,0,-17000,-17000
2007/05/11,0,0,-12000,-12000
2007/05/14,0,0,-22000,-22000
2007/05/15,0,0,-26000,-26000
2007/05/16,0,0,-22000,-22000
2007/05/17,0,2000,-22000,-20000
2007/05/18,0,0,0,0
2007/05/21,0,0,-11000,-11000
2007/05/22,0,1000,-10000,-9000
2007/05/23,0,153000,-3000,150000
2007/05/24,0,6000,-18000,-12000
2007/05/25,0,9000,-26000,-17000
2007/05/28,0,12000,0,12000
2007/05/29,0,0,-5000,-5000
2007/05/30,0,1000,-22000,-21000
2007/05/31,0,77000,0,77000
2007/06/01,0,116000,-15000,101000
2007/06/04,0,1000,-19132,-18132
2007/06/05,0,12000,-4000,8000
2007/06/06,0,0,-1000,-1000
2007/06/07,0,0,0,0
2007/06/08,0,1000,-1000,0
2007/06/11,0,1000,-6000,-5000
2007/06/12,0,182000,-35000,147000
2007/06/13,0,230000,-11000,219000
2007/06/14,0,20000,-6000,14000
2007/06/15,0,0,-6000,-6000
2007/06/18,0,0,0,0
2007/06/19,0,0,0,0
2007/06/20,0,60000,-401000,-341000
2007/06/21,0,503000,-4000,499000
2007/06/22,0,830000,-20204,809796
2007/06/25,0,390000,-1015000,-625000
2007/06/26,0,23000,-550000,-527000
2007/06/27,0,10000,-10000,0
2007/06/28,0,3000,-232000,-229000
2007/06/29,0,50000,-103000,-53000
2007/07/02,0,0,-124000,-124000
2007/07/03,0,90000,-83000,7000
2007/07/04,0,124000,-258000,-134000
2007/07/05,0,24000,-12000,12000
2007/07/06,0,84000,-279000,-195000
2007/07/09,0,687000,-82000,605000
2007/07/10,0,642000,-80000,562000
2007/07/11,0,281000,-472000,-191000
2007/07/12,0,78000,-665212,-587212
2007/07/13,0,264000,-205172,58828
2007/07/16,0,84000,-142000,-58000
2007/07/17,0,150000,-226000,-76000
2007/07/18,0,185000,-98000,87000
2007/07/19,0,70000,-82134,-12134
2007/07/20,0,210000,-30000,180000
2007/07/23,0,20000,-118000,-98000
2007/07/24,0,763000,-47000,716000
2007/07/25,0,199000,-30000,169000
2007/07/26,0,100000,-141000,-41000
2007/07/27,0,13000,-568000,-555000
2007/07/30,0,71000,-313000,-242000
2007/07/31,0,114000,-28000,86000
2007/08/01,0,10000,-309000,-299000
2007/08/02,0,30000,-36060,-6060
2007/08/03,0,240000,-31000,209000
2007/08/06,0,10000,-249000,-239000
2007/08/07,0,128000,0,128000
2007/08/08,0,146000,-94000,52000
2007/08/09,0,120000,-130088,-10088
2007/08/10,0,84000,-176000,-92000
2007/08/13,0,80000,-90000,-10000
2007/08/14,0,130000,-13000,117000
2007/08/15,0,100000,-682000,-582000
2007/08/16,0,80000,-454000,-374000
2007/08/17,0,50000,-195000,-145000
2007/08/20,0,230000,-316,229684
2007/08/21,0,86000,-80000,6000
2007/08/22,0,29000,-35000,-6000
2007/08/23,0,97000,-9000,88000
2007/08/24,0,0,-15000,-15000
2007/08/27,0,40000,-40000,0
2007/08/28,0,0,-101000,-101000
2007/08/29,0,50000,-50000,0
2007/08/30,0,367000,0,367000
2007/08/31,0,140000,-71000,69000
2007/09/03,0,80000,-14700,65300
2007/09/04,0,120000,-25000,95000
2007/09/05,0,3000,-214500,-211500
2007/09/06,0,0,-90000,-90000
2007/09/07,0,44000,0,44000
2007/09/10,0,23000,-69000,-46000
2007/09/11,0,240000,-1000,239000
2007/09/12,0,121000,-10000,111000
2007/09/13,0,0,-35000,-35000
2007/09/14,0,100000,-41000,59000
2007/09/17,0,0,-71000,-71000
2007/09/18,0,0,0,0
2007/09/19,0,50000,-24000,26000
2007/09/20,0,150000,-394000,-244000
2007/09/21,0,91000,-1000,90000
2007/09/24,0,0,0,0
2007/09/25,0,0,0,0
2007/09/26,0,62050,0,62050
2007/09/27,0,272000,-15000,257000
2007/09/28,0,242000,-524000,-282000
2007/10/01,0,400000,-45000,355000
2007/10/02,0,104000,0,104000
2007/10/03,0,100000,-153000,-53000
2007/10/04,0,72000,-431000,-359000
2007/10/05,0,60000,-30000,30000
2007/10/08,0,10000,0,10000
2007/10/09,0,5000,-330000,-325000
2007/10/10,0,0,0,0
2007/10/11,0,14000,-481,13519
2007/10/12,0,0,-55000,-55000
2007/10/15,0,0,-2000,-2000
2007/10/16,0,10000,-650,9350
2007/10/17,0,41000,-20000,21000
2007/10/18,0,54000,-2500,51500
2007/10/19,0,64000,-22000,42000
2007/10/22,0,0,-201000,-201000
2007/10/23,0,69000,-1000,68000
2007/10/24,0,0,-144000,-144000
2007/10/25,0,170000,0,170000
2007/10/26,0,95000,-21000,74000
2007/10/29,0,570000,-150500,419500
2007/10/30,0,462000,-102000,360000
2007/10/31,0,127000,-5000,122000
2007/11/01,0,56000,-50000,6000
2007/11/02,0,153000,-352000,-199000
2007/11/05,0,0,0,0
2007/11/06,0,213000,-154000,59000
2007/11/07,0,241000,-237000,4000
2007/11/08,0,380000,-383000,-3000
2007/11/09,0,18000,-89000,-71000
2007/11/12,0,28000,-200000,-172000
2007/11/13,0,0,-85000,-85000
2007/11/14,0,84000,0,84000
2007/11/15,0,15000,-10000,5000
2007/11/16,0,0,-3000,-3000
2007/11/19,0,21000,-13000,8000
2007/11/20,0,128000,-102000,26000
2007/11/21,0,7000,-60000,-53000
2007/11/22,0,30000,-7000,23000
2007/11/23,0,14000,-10000,4000
2007/11/26,0,61000,-47000,14000
2007/11/27,0,76000,-65000,11000
2007/11/28,0,21000,-112000,-91000
2007/11/29,0,111000,-256000,-145000
2007/11/30,0,8000,-4000,4000
2007/12/03,0,3000,-2000,1000
2007/12/04,0,139100,-20000,119100
2007/12/05,0,0,0,0
2007/12/06,0,0,-11000,-11000
2007/12/07,0,90000,0,90000
2007/12/10,0,9000,-32000,-23000
2007/12/11,0,19000,-9000,10000
2007/12/12,0,46000,-100000,-54000
2007/12/13,0,45000,-48000,-3000
2007/12/14,0,68000,-84000,-16000
2007/12/17,0,199000,-22000,177000
2007/12/18,0,531000,-98047,432953
2007/12/19,0,234000,-211000,23000
2007/12/20,0,339000,-43000,296000
2007/12/21,0,259000,-12000,247000
2007/12/24,0,414000,-6000,408000
2007/12/25,0,19000,-272000,-253000
2007/12/26,0,26000,-244000,-218000
2007/12/27,0,101000,-197000,-96000
2007/12/28,0,34000,-316000,-282000
2007/12/31,0,52000,-23000,29000
2008/01/01,0,0,0,0
2008/01/02,0,262000,-131000,131000
2008/01/03,0,106000,-4000,102000
2008/01/04,0,20000,-2000,18000
2008/01/07,0,116000,-123000,-7000
2008/01/08,0,20000,-188000,-168000
2008/01/09,0,22000,-5000,17000
2008/01/10,0,73000,-26000,47000
2008/01/11,0,231000,-17000,214000
2008/01/14,0,87000,-10000,77000
2008/01/15,0,334000,-216000,118000
2008/01/16,0,43000,-57000,-14000
2008/01/17,0,115000,-71000,44000
2008/01/18,0,116000,-86000,30000
2008/01/21,0,41000,-60000,-19000
2008/01/22,0,112000,-87000,25000
2008/01/23,0,146000,-7000,139000
2008/01/24,0,26000,-3000,23000
2008/01/25,0,168000,0,168000
2008/01/28,0,115000,-162000,-47000
2008/01/29,0,72000,-9000,63000
2008/01/30,0,16000,-25000,-9000
2008/01/31,0,0,-21000,-21000
2008/02/01,0,0,0,0
2008/02/04,0,0,0,0
2008/02/05,0,0,0,0
2008/02/06,0,0,0,0
2008/02/07,0,0,0,0
2008/02/08,0,0,0,0
2008/02/11,0,0,0,0
2008/02/12,0,2000,-13000,-11000
2008/02/13,0,24000,-13000,11000
2008/02/14,0,38000,-15000,23000
2008/02/15,0,53000,-424,52576
2008/02/18,0,58000,-4000,54000
2008/02/19,0,31000,-2000,29000
2008/02/20,0,131000,0,131000
2008/02/21,0,215000,-11000,204000
2008/02/22,0,52000,-5000,47000
2008/02/25,0,75000,-24090,50910
2008/02/26,0,21000,-27054,-6054
2008/02/27,0,34000,-64036,-30036
2008/02/28,0,0,0,0
2008/02/29,0,4000,-26000,-22000
2008/03/03,0,1000,-23030,-22030
2008/03/04,0,19000,-74000,-55000
2008/03/05,0,30000,-75000,-45000
2008/03/06,0,396000,-942482,-546482
2008/03/07,0,533000,-560000,-27000
2008/03/10,0,589000,-174000,415000
2008/03/11,0,44000,-39000,5000
2008/03/12,0,14000,-78880,-64880
2008/03/13,0,176000,-181736,-5736
2008/03/14,0,387000,-42000,345000
2008/03/17,0,158000,-170000,-12000
2008/03/18,0,134000,-17000,117000
2008/03/19,0,36000,-22000,14000
2008/03/20,0,228000,-22000,206000
2008/03/21,0,83000,-5000,78000
2008/03/24,0,200000,-341000,-141000
2008/03/25,0,72000,-124000,-52000
2008/03/26,0,3000,-554000,-551000
2008/03/27,0,15000,-19000,-4000
2008/03/28,0,107000,-60898,46102
2008/03/31,0,39000,-161888,-122888
2008/04/01,0,30000,-151000,-121000
2008/04/02,0,56000,-210000,-154000
2008/04/03,0,39000,0,39000
2008/04/04,0,0,0,0
2008/04/07,0,56000,-290000,-234000
2008/04/08,0,723000,-499000,224000
2008/04/09,0,109000,-28000,81000
2008/04/10,0,55000,-101000,-46000
2008/04/11,0,70000,-86000,-16000
2008/04/14,0,1000,-108635,-107635
2008/04/15,0,2000,-57000,-55000
2008/04/16,0,1000,-73000,-72000
2008/04/17,0,526000,-338000,188000
2008/04/18,0,22000,-125000,-103000
2008/04/21,0,212000,-74000,138000
2008/04/22,0,684000,-40000,644000
2008/04/23,0,77000,-6000,71000
2008/04/24,0,36000,-79000,-43000
2008/04/25,0,7000,-24000,-17000
2008/04/28,0,57000,-277000,-220000
2008/04/29,0,34000,-152000,-118000
2008/04/30,0,22000,-19000,3000
2008/05/01,0,0,0,0
2008/05/02,0,75000,-404000,-329000
2008/05/05,0,44000,-112000,-68000
2008/05/06,0,68000,-21000,47000
2008/05/07,0,128000,-93000,35000
2008/05/08,0,38000,-64000,-26000
2008/05/09,0,236000,-114000,122000
2008/05/12,0,111000,-769,110231
2008/05/13,0,70006,-439000,-368994
2008/05/14,0,74000,-9000,65000
2008/05/15,0,199000,-64000,135000
2008/05/16,0,341000,-98000,243000
2008/05/19,0,530000,-515000,15000
2008/05/20,0,423000,-474000,-51000
2008/05/21,0,101000,-156000,-55000
2008/05/22,0,605000,-85000,520000
2008/05/23,0,300000,-609000,-309000
2008/05/26,0,39000,-484000,-445000
2008/05/27,0,6000,-712500,-706500
2008/05/28,0,6000,-71000,-65000
2008/05/29,0,147000,-104000,43000
2008/05/30,0,105000,-100000,5000
2008/06/02,0,56000,-13000,43000
2008/06/03,0,51021,-65000,-13979
2008/06/04,0,27000,0,27000
2008/06/05,0,123000,-11000,112000
2008/06/06,0,43000,-86000,-43000
2008/06/09,0,57000,-25000,32000
2008/06/10,0,26000,-54000,-28000
2008/06/11,0,59000,-122000,-63000
2008/06/12,0,227000,-291000,-64000
2008/06/13,0,142000,-169000,-27000
2008/06/16,0,53000,0,53000
2008/06/17,0,157000,-18000,139000
2008/06/18,0,0,-23000,-23000
2008/06/19,0,117000,-94000,23000
2008/06/20,0,76000,-134000,-58000
2008/06/23,0,164000,-4000,160000
2008/06/24,0,89000,-3000,86000
2008/06/25,0,192000,0,192000
2008/06/26,0,18000,-59000,-41000
2008/06/27,0,45000,-209000,-164000
2008/06/30,0,105000,-207000,-102000
2008/07/01,0,73000,-15000,58000
2008/07/02,0,158000,-87000,71000
2008/07/03,0,13000,-17000,-4000
2008/07/04,0,157000,-120000,37000
2008/07/07,0,67000,-87000,-20000
2008/07/08,0,193000,-98000,95000
2008/07/09,0,498000,-31000,467000
2008/07/10,0,132000,-841000,-709000
2008/07/11,0,77000,-228000,-151000
2008/07/14,0,118000,-192000,-74000
2008/07/15,0,27000,-31000,-4000
2008/07/16,0,89000,-453529,-364529
2008/07/17,0,129000,-47000,82000
2008/07/18,0,46000,-102000,-56000
2008/07/21,0,83000,-9000,74000
2008/07/22,0,179000,-85000,94000
2008/07/23,0,165000,-6000,159000
2008/07/24,0,106000,-715000,-609000
2008/07/25,0,122000,-30000,92000
2008/07/28,0,0,0,0
2008/07/29,0,10000,-48000,-38000
2008/07/30,0,74000,-89000,-15000
2008/07/31,0,96000,-260000,-164000
2008/08/01,0,57000,-5000,52000
2008/08/04,0,206000,-82000,124000
2008/08/05,0,33000,-22000,11000
2008/08/06,0,493000,-1000,492000
2008/08/07,0,30000,-286000,-256000
2008/08/08,0,621000,-9000,612000
2008/08/11,0,584000,-568000,16000
2008/08/12,0,23000,-56000,-33000
2008/08/13,0,8000,-193000,-185000
2008/08/14,0,12000,-63000,-51000
2008/08/15,0,8000,-143000,-135000
2008/08/18,0,553000,-75000,478000
2008/08/19,0,398000,-65000,333000
2008/08/20,0,665000,-809000,-144000
2008/08/21,0,11000,-810000,-799000
2008/08/22,0,1951000,-427000,1524000
2008/08/25,0,2341000,-16000,2325000
2008/08/26,0,372000,-72000,300000
2008/08/27,0,977000,-81000,896000
2008/08/28,0,100000,-132000,-32000
2008/08/29,0,819000,-41000,778000
2008/09/01,0,929000,-136000,793000
2008/09/02,0,190000,-89000,101000
2008/09/03,0,786000,-203093,582907
2008/09/04,0,229000,-693000,-464000
2008/09/05,0,204000,-467200,-263200
2008/09/08,0,24000,-50000,-26000
2008/09/09,0,20000,-219750,-199750
2008/09/10,0,34000,-1000,33000
2008/09/11,0,55000,-461000,-406000
2008/09/12,0,150000,-107000,43000
2008/09/15,0,0,-57000,-57000
2008/09/16,0,245000,-45000,200000
2008/09/17,0,71000,-250000,-179000
2008/09/18,0,2000,-101000,-99000
2008/09/19,0,37000,-596000,-559000
2008/09/22,0,617000,-412000,205000
2008/09/23,0,127000,-311000,-184000
2008/09/24,0,324000,-1178000,-854000
2008/09/25,0,627000,-73000,554000
2008/09/26,0,0,-240000,-240000
2008/09/29,0,0,0,0
2008/09/30,0,107000,-217000,-110000
2008/10/01,0,8000,-249000,-241000
2008/10/02,0,170000,-212861,-42861
2008/10/03,0,10000,-3724000,-3714000
2008/10/06,0,50000,-826114,-776114
2008/10/07,0,17000,-28000,-11000
2008/10/08,0,19000,-6000,13000
2008/10/09,0,0,-37000,-37000
2008/10/10,0,0,0,0
2008/10/13,0,0,-77000,-77000
2008/10/14,0,224000,-40750,183250
2008/10/15,0,60000,-10000,50000
2008/10/16,0,0,0,0
2008/10/17,0,200000,-79000,121000
2008/10/20,0,263000,-53261,209739
2008/10/21,0,126000,-66000,60000
2008/10/22,0,17000,-278000,-261000
2008/10/23,0,108000,-109000,-1000
2008/10/24,0,381000,-35741,345259
2008/10/27,0,57000,-431000,-374000
2008/10/28,0,641000,-447000,194000
2008/10/29,0,3000,-540000,-537000
2008/10/30,0,433000,-897900,-464900
2008/10/31,0,5000,-59000,-54000
2008/11/03,0,42000,-107650,-65650
2008/11/04,0,75000,-352000,-277000
2008/11/05,0,195000,-151000,44000
2008/11/06,0,50000,-114000,-64000
2008/11/07,0,114000,-50000,64000
2008/11/10,0,0,-13000,-13000
2008/11/11,0,26000,-13000,13000
2008/11/12,0,400000,-318000,82000
2008/11/13,0,0,-31000,-31000
2008/11/14,0,580000,-309000,271000
2008/11/17,0,0,-32844,-32844
2008/11/18,0,45000,-69000,-24000
2008/11/19,0,481000,-546054,-65054
2008/11/20,0,30000,-53000,-23000
2008/11/21,0,17000,0,17000
2008/11/24,0,0,-27000,-27000
2008/11/25,0,32000,0,32000
2008/11/26,0,1000,0,1000
2008/11/27,0,26000,0,26000
2008/11/28,0,25000,-28000,-3000
2008/12/01,0,123000,-12000,111000
2008/12/02,0,0,-52000,-52000
2008/12/03,0,1000,-7000,-6000
2008/12/04,0,400000,-309000,91000
2008/12/05,0,0,-1000,-1000
2008/12/08,0,78000,0,78000
2008/12/09,0,54000,-320000,-266000
2008/12/10,0,252000,-1063500,-811500
2008/12/11,0,304000,-141000,163000
2008/12/12,0,246000,-116000,130000
2008/12/15,0,277000,-48000,229000
2008/12/16,0,64000,-68000,-4000
2008/12/17,0,195000,-60000,135000
2008/12/18,0,124000,0,124000
2008/12/19,0,128000,-27000,101000
2008/12/22,0,147000,-218000,-71000
2008/12/23,0,15000,-309000,-294000
2008/12/24,0,36000,-33000,3000
2008/12/25,0,11000,-31450,-20450
2008/12/26,0,28000,0,28000
2008/12/29,0,23000,-57000,-34000
2008/12/30,0,259000,-27,258973
2008/12/31,0,18000,-20838,-2838
2009/01/01,0,0,0,0
2009/01/02,0,0,0,0
2009/01/05,0,265000,-31000,234000
2009/01/06,0,96000,-18000,78000
2009/01/07,0,331000,-20000,311000
2009/01/08,0,19000,-371000,-352000
2009/01/09,0,3000,-141000,-138000
2009/01/12,0,30000,-100000,-70000
2009/01/13,0,8000,-2000,6000
2009/01/14,0,139000,-3000,136000
2009/01/15,0,21000,-244000,-223000
2009/01/16,0,58000,-25000,33000
2009/01/19,0,171000,-71000,100000
2009/01/20,0,11000,-217000,-206000
2009/01/21,0,28000,-51000,-23000
2009/01/22,0,0,0,0
2009/01/23,0,0,0,0
2009/01/26,0,0,0,0
2009/01/27,0,0,0,0
2009/01/28,0,0,0,0
2009/01/29,0,0,0,0
2009/01/30,0,0,0,0
2009/02/02,0,18000,-154000,-136000
2009/02/03,0,102000,-81000,21000
2009/02/04,0,54000,-13000,41000
2009/02/05,0,18000,-21000,-3000
2009/02/06,0,194000,-8000,186000
2009/02/09,0,148000,-154000,-6000
2009/02/10,0,30000,-7000,23000
2009/02/11,0,327000,-65000,262000
2009/02/12,0,219000,-154357,64643
2009/02/13,0,294000,-87000,207000
2009/02/16,0,90000,-112000,-22000
2009/02/17,0,64000,-234000,-170000
2009/02/18,0,23000,-73000,-50000
2009/02/19,0,99000,-36000,63000
2009/02/20,0,6000,-69000,-63000
2009/02/23,0,272000,-186000,86000
2009/02/24,0,14000,-95000,-81000
2009/02/25,0,213000,-18000,195000
2009/02/26,0,82000,-33000,49000
2009/02/27,0,73000,-32000,41000
2009/03/02,0,160000,-132000,28000
2009/03/03,0,331000,-137000,194000
2009/03/04,0,818000,-80000,738000
2009/03/05,0,1208000,-79000,1129000
2009/03/06,0,98000,-39000,59000
2009/03/09,0,824000,-83000,741000
2009/03/10,0,1527000,-141000,1386000
2009/03/11,0,634000,-1378000,-744000
2009/03/12,0,103000,-227000,-124000
2009/03/13,0,362000,-639792,-277792
2009/03/16,0,26000,-151000,-125000
2009/03/17,0,164000,-386000,-222000
2009/03/18,0,324000,-430000,-106000
2009/03/19,0,203000,-176000,27000
2009/03/20,0,5000,-516000,-511000
2009/03/23,0,415000,-99000,316000
2009/03/24,0,499000,-168000,331000
2009/03/25,0,270000,-354643,-84643
2009/03/26,0,513000,-194000,319000
2009/03/27,0,242000,-310000,-68000
2009/03/30,0,239000,-59000,180000
2009/03/31,0,281000,-196000,85000
2009/04/01,0,182000,-1317000,-1135000
2009/04/02,0,228000,-565554,-337554
2009/04/03,0,181000,-457000,-276000
2009/04/06,0,1532000,-1103269,428731
2009/04/07,0,395000,-252000,143000
2009/04/08,0,118000,-677000,-559000
2009/04/09,0,107000,-438000,-331000
2009/04/10,0,198000,-338253,-140253
2009/04/13,0,268000,-270000,-2000
2009/04/14,0,24000,-170000,-146000
2009/04/15,0,64000,-175000,-111000
2009/04/16,0,174000,-409000,-235000
2009/04/17,0,709000,-322249,386751
2009/04/20,0,703000,-509000,194000
2009/04/21,0,1071000,-160000,911000
2009/04/22,0,81000,-618000,-537000
2009/04/23,0,2000,-1143000,-1141000
2009/04/24,0,268000,-379000,-111000
2009/04/27,0,684000,-736000,-52000
2009/04/28,0,333000,-110136,222864
2009/04/29,0,0,-243000,-243000
2009/04/30,0,145000,0,145000
2009/05/01,0,0,0,0
2009/05/04,0,0,-400000,-400000
2009/05/05,0,1459000,-748000,711000
2009/05/06,0,173000,-202000,-29000
2009/05/07,0,35000,-1186000,-1151000
2009/05/08,0,152000,-714000,-562000
2009/05/11,0,68000,-335000,-267000
2009/05/12,0,100000,-167000,-67000
2009/05/13,0,1131000,-98000,1033000
2009/05/14,0,3000,-248000,-245000
2009/05/15,0,513000,-216000,297000
2009/05/18,0,33000,-213000,-180000
2009/05/19,0,69000,-213000,-144000
2009/05/20,0,71000,-806000,-735000
2009/05/21,0,34000,-112000,-78000
2009/05/22,0,50000,-865000,-815000
2009/05/25,0,46000,-63000,-17000
2009/05/26,0,390000,-148000,242000
2009/05/27,0,902000,-294000,608000
2009/05/28,0,0,0,0
2009/05/29,0,0,0,0
2009/06/01,0,267000,-599000,-332000
2009/06/02,0,239000,-451000,-212000
2009/06/03,0,168000,-68000,100000
2009/06/04,0,69000,-98000,-29000
2009/06/05,0,226000,-207000,19000
2009/06/08,0,7000,-98000,-91000
2009/06/09,0,275000,-169000,106000
2009/06/10,0,287000,-132613,154387
2009/06/11,0,99000,-218000,-119000
2009/06/12,0,103000,-463000,-360000
2009/06/15,0,29000,-1191000,-1162000
2009/06/16,0,133000,-91145,41855
2009/06/17,0,5000,-34000,-29000
2009/06/18,0,2000,-87000,-85000
2009/06/19,0,8000,-34000,-26000
2009/06/22,0,205000,-88000,117000
2009/06/23,0,0,-60000,-60000
2009/06/24,0,306000,-92000,214000
2009/06/25,0,38128,-57000,-18872
2009/06/26,0,0,-33000,-33000
2009/06/29,0,123000,-65256,57744
2009/06/30,0,75000,-78000,-3000
2009/07/01,0,311000,-64000,247000
2009/07/02,0,81000,-48000,33000
2009/07/03,0,65000,-96000,-31000
2009/07/06,0,17000,-92000,-75000
2009/07/07,0,151080,-6000,145080
2009/07/08,0,311000,-80000,231000
2009/07/09,0,235000,-161000,74000
2009/07/10,0,71000,-60000,11000
2009/07/13,0,59000,-185000,-126000
2009/07/14,0,797000,-11000,786000
2009/07/15,0,569902,-705144,-135242
2009/07/16,0,738000,-250000,488000
2009/07/17,0,114000,-273000,-159000
2009/07/20,0,259000,-286000,-27000
2009/07/21,0,33000,-101000,-68000
2009/07/22,0,134000,-156000,-22000
2009/07/23,0,98000,-114000,-16000
2009/07/24,0,101973,-157000,-55027
2009/07/27,0,217000,-59000,158000
2009/07/28,0,354000,-86000,268000
2009/07/29,0,240000,-304000,-64000
2009/07/30,0,19000,-340000,-321000
2009/07/31,0,59000,-292000,-233000
2009/08/03,0,69787,-508000,-438213
2009/08/04,0,34000,-426000,-392000
2009/08/05,0,38000,-475000,-437000
2009/08/06,0,22000,-76000,-54000
2009/08/07,0,0,0,0
2009/08/10,0,145000,-72000,73000
2009/08/11,0,96000,-51000,45000
2009/08/12,0,76000,-34000,42000
2009/08/13,0,191000,-87000,104000
2009/08/14,0,681000,-63000,618000
2009/08/17,0,179000,-590000,-411000
2009/08/18,0,199000,-261000,-62000
2009/08/19,0,167000,-116000,51000
2009/08/20,0,29000,-154000,-125000
2009/08/21,0,67000,-185000,-118000
2009/08/24,0,36600,-21521,15079
2009/08/25,0,289000,-129000,160000
2009/08/26,0,27000,-417109,-390109
2009/08/27,0,15000,-219000,-204000
2009/08/28,0,16000,-11000,5000
2009/08/31,0,287000,-84000,203000
2009/09/01,0,36000,-61409,-25409
2009/09/02,0,17400,-21000,-3600
2009/09/03,0,123000,-134000,-11000
2009/09/04,0,437000,-236000,201000
2009/09/07,0,361000,-257000,104000
2009/09/08,0,110000,-521785,-411785
2009/09/09,0,19000,-64000,-45000
2009/09/10,0,228000,-146000,82000
2009/09/11,0,98000,-133000,-35000
2009/09/14,0,59000,-295000,-236000
2009/09/15,0,37000,-86000,-49000
2009/09/16,0,103000,-58300,44700
2009/09/17,0,87000,-56000,31000
2009/09/18,0,66000,-66000,0
2009/09/21,0,70000,-244000,-174000
2009/09/22,0,17000,-37000,-20000
2009/09/23,0,57000,-235000,-178000
2009/09/24,0,23000,-136000,-113000
2009/09/25,0,38000,-94000,-56000
2009/09/28,0,116000,-54958,61042
2009/09/29,0,72000,-63900,8100
2009/09/30,0,105000,-24000,81000
2009/10/01,0,1000,-85000,-84000
2009/10/02,0,3000,-171000,-168000
2009/10/05,0,15000,-61000,-46000
2009/10/06,0,154000,-119000,35000
2009/10/07,0,3320000,-222000,3098000
2009/10/08,0,362000,-1922000,-1560000
2009/10/09,0,147000,-632000,-485000
2009/10/12,0,89000,-348000,-259000
2009/10/13,0,150000,-54000,96000
2009/10/14,0,986000,-622000,364000
2009/10/15,0,85000,-604000,-519000
2009/10/16,0,31000,-90000,-59000
2009/10/19,0,100000,-13000,87000
2009/10/20,0,84000,-10000,74000
2009/10/21,0,160000,-118000,42000
2009/10/22,0,301000,-122000,179000
2009/10/23,0,46000,-108000,-62000
2009/10/26,0,62000,-103000,-41000
2009/10/27,0,33000,-21000,12000
2009/10/28,0,321000,-158000,163000
2009/10/29,0,39000,-223000,-184000
2009/10/30,0,105000,-122000,-17000
2009/11/02,0,515000,-311000,204000
2009/11/03,0,190000,-133000,57000
2009/11/04,0,65000,-28000,37000
2009/11/05,0,404000,-249000,155000
2009/11/06,0,194000,-56000,138000
2009/11/09,0,163000,-82000,81000
2009/11/10,0,27000,-48000,-21000
2009/11/11,0,144000,-67000,77000
2009/11/12,0,0,-46000,-46000
2009/11/13,0,129000,-128000,1000
2009/11/16,0,20000,-337700,-317700
2009/11/17,0,13000,-341300,-328300
2009/11/18,0,17000,-85000,-68000
2009/11/19,0,94000,-5000,89000
2009/11/20,0,54000,-116000,-62000
2009/11/23,0,12000,-20000,-8000
2009/11/24,0,9000,-70000,-61000
2009/11/25,0,645000,-110000,535000
2009/11/26,0,85000,-411350,-326350
2009/11/27,0,98000,-272000,-174000
2009/11/30,0,14000,-41900,-27900
2009/12/01,0,40000,-100000,-60000
2009/12/02,0,23000,-79000,-56000
2009/12/03,0,45000,-92000,-47000
2009/12/04,0,13000,-54000,-41000
2009/12/07,0,98000,-71000,27000
2009/12/08,0,729000,-27000,702000
2009/12/09,0,13000,-28000,-15000
2009/12/10,0,69000,-256000,-187000
2009/12/11,0,33000,-5000,28000
2009/12/14,0,70000,-121000,-51000
2009/12/15,0,14000,-39000,-25000
2009/12/16,0,39000,-165000,-126000
2009/12/17,0,59000,-115000,-56000
2009/12/18,0,14000,-92000,-78000
2009/12/21,0,279000,-32000,247000
2009/12/22,0,216000,-21000,195000
2009/12/23,0,61000,-86000,-25000
2009/12/24,0,382000,-117000,265000
2009/12/25,0,64000,-43000,21000
2009/12/28,0,463000,-278000,185000
2009/12/29,0,53000,-211000,-158000
2009/12/30,0,24000,-73000,-49000
2009/12/31,0,380000,-130000,250000
2010/01/01,0,0,0,0
2010/01/04,0,27000,-994000,-967000
2010/01/05,0,106000,-179000,-73000
2010/01/06,0,204000,-64000,140000
2010/01/07,0,206000,-187000,19000
2010/01/08,0,145000,-413000,-268000
2010/01/11,0,1281000,-228000,1053000
2010/01/12,0,378000,-898000,-520000
2010/01/13,0,434000,-309000,125000
2010/01/14,0,893000,-265000,628000
2010/01/15,0,740000,-957000,-217000
2010/01/18,0,257000,-115000,142000
2010/01/19,0,484000,-348000,136000
2010/01/20,0,352527,-334000,18527
2010/01/21,0,108000,-579000,-471000
2010/01/22,0,209000,-398000,-189000
2010/01/25,0,20000,-253000,-233000
2010/01/26,0,131000,-892000,-761000
2010/01/27,0,167000,-197100,-30100
2010/01/28,0,183000,-68000,115000
2010/01/29,0,53000,-235000,-182000
2010/02/01,0,27000,-368000,-341000
2010/02/02,0,55000,-233414,-178414
2010/02/03,0,189000,-55000,134000
2010/02/04,0,138000,-68000,70000
2010/02/05,0,14000,-466000,-452000
2010/02/08,0,133000,-25000,108000
2010/02/09,0,210000,-62000,148000
2010/02/10,0,94000,-246563,-152563
2010/02/11,0,0,0,0
2010/02/12,0,0,0,0
2010/02/15,0,0,0,0
2010/02/16,0,0,0,0
2010/02/17,0,0,0,0
2010/02/18,0,0,0,0
2010/02/19,0,0,0,0
2010/02/22,0,284000,-5000,279000
2010/02/23,0,15000,-72000,-57000
2010/02/24,0,29000,-93000,-64000
2010/02/25,0,10000,-109000,-99000
2010/02/26,0,62000,-52000,10000
2010/03/01,0,179000,0,179000
2010/03/02,0,107000,-50217,56783
2010/03/03,0,24000,-15000,9000
2010/03/04,0,22000,-187000,-165000
2010/03/05,0,107000,-58000,49000
2010/03/08,0,110000,-19000,91000
2010/03/09,0,15000,0,15000
2010/03/10,0,47000,-48000,-1000
2010/03/11,0,29000,-114000,-85000
2010/03/12,0,77000,-15000,62000
2010/03/15,0,22000,-348000,-326000
2010/03/16,0,65000,-14000,51000
2010/03/17,0,495000,-58000,437000
2010/03/18,0,270000,-66000,204000
2010/03/19,0,56000,-18000,38000
2010/03/22,0,162000,-290000,-128000
2010/03/23,0,74000,-97000,-23000
2010/03/24,0,442000,-132000,310000
2010/03/25,0,404000,-247000,157000
2010/03/26,0,188000,-26000,162000
2010/03/29,0,92000,-58000,34000
2010/03/30,0,49000,-80000,-31000
2010/03/31,0,76000,-53000,23000
2010/04/01,0,188000,-118000,70000
2010/04/02,0,18000,-82000,-64000
2010/04/05,0,0,0,0
2010/04/06,0,171000,-86000,85000
2010/04/07,0,73000,-217000,-144000
2010/04/08,0,191000,-69000,122000
2010/04/09,0,55000,-70000,-15000
2010/04/12,0,34000,-67000,-33000
2010/04/13,0,28000,-98000,-70000
2010/04/14,0,180000,-12000,168000
2010/04/15,0,53000,-38000,15000
2010/04/16,0,27000,-147000,-120000
2010/04/19,0,86000,-172000,-86000
2010/04/20,0,26200,-429000,-402800
2010/04/21,0,62000,-26000,36000
2010/04/22,0,22000,-92000,-70000
2010/04/23,0,0,-241000,-241000
2010/04/26,0,362000,-184000,178000
2010/04/27,0,5000,-72000,-67000
2010/04/28,0,16000,-80000,-64000
2010/04/29,0,37000,-71000,-34000
2010/04/30,0,77000,-499000,-422000
2010/05/03,0,357000,-70000,287000
2010/05/04,0,8000,-80000,-72000
2010/05/05,0,45000,-158000,-113000
2010/05/06,0,20000,-219000,-199000
2010/05/07,0,70000,-103000,-33000
2010/05/10,0,46000,-85190,-39190
2010/05/11,0,21000,-340690,-319690
2010/05/12,0,2000,-50000,-48000
2010/05/13,0,49000,-71000,-22000
2010/05/14,0,203000,-40000,163000
2010/05/17,0,56000,-252000,-196000
2010/05/18,0,117000,-17000,100000
2010/05/19,0,285000,-144000,141000
2010/05/20,0,690,-259000,-258310
2010/05/21,0,9000,-60000,-51000
2010/05/24,0,22000,-9290,12710
2010/05/25,0,110000,-115550,-5550
2010/05/26,0,88000,-22000,66000
2010/05/27,0,49000,-43000,6000
2010/05/28,0,27000,-80000,-53000
2010/05/31,0,13000,-52000,-39000
2010/06/01,0,0,-153000,-153000
2010/06/02,0,15000,-3000,12000
2010/06/03,0,12000,-11000,1000
2010/06/04,0,0,0,0
2010/06/07,0,12000,-32000,-20000
2010/06/08,0,8000,-80000,-72000
2010/06/09,0,0,-210000,-210000
2010/06/10,0,0,-5000,-5000
2010/06/11,0,125000,0,125000
2010/06/14,0,31000,0,31000
2010/06/15,0,346000,0,346000
2010/06/16,0,0,0,0
2010/06/17,0,561000,-10000,551000
2010/06/18,0,0,-20000,-20000
2010/06/21,0,26000,0,26000
2010/06/22,0,0,-2000,-2000
2010/06/23,0,0,0,0
2010/06/24,0,0,-512,-512
2010/06/25,0,64000,-6000,58000
2010/06/28,0,20000,-2000,18000
2010/06/29,0,15000,-3000,12000
2010/06/30,0,0,-8000,-8000
2010/07/01,0,21000,-3000,18000
2010/07/02,0,40000,-8000,32000
2010/07/05,0,61000,-4000,57000
2010/07/06,0,6000,-31000,-25000
2010/07/07,0,0,-107000,-107000
2010/07/08,0,9000,-20000,-11000
2010/07/09,0,20000,-139,19861
2010/07/12,0,11000,-105000,-94000
2010/07/13,0,70000,-32000,38000
2010/07/14,0,1563000,-4000,1559000
2010/07/15,0,22000,-1509000,-1487000
2010/07/16,0,0,0,0
2010/07/19,0,0,-1001,-1001
2010/07/20,0,1000,0,1000
2010/07/21,0,5000,-22000,-17000
2010/07/22,0,15000,-23000,-8000
2010/07/23,0,140000,-100173,39827
2010/07/26,0,0,-5000,-5000
2010/07/27,0,0,-51000,-51000
2010/07/28,0,0,0,0
2010/07/29,0,0,-2000,-2000
2010/07/30,0,0,-134000,-134000
2010/08/02,0,52000,0,52000
2010/08/03,0,0,0,0
2010/08/04,0,12000,-31000,-19000
2010/08/05,0,60000,-5000,55000
2010/08/06,0,143000,-13000,130000
2010/08/09,0,51000,-99000,-48000
2010/08/10,0,78000,-4000,74000
2010/08/11,0,0,-9000,-9000
2010/08/12,0,25000,-227000,-202000
2010/08/13,0,48000,-81000,-33000
2010/08/16,0,0,-5000,-5000
2010/08/17,0,1000,-35000,-34000
2010/08/18,0,71000,-193000,-122000
2010/08/19,0,489000,-79000,410000
2010/08/20,0,0,-47383,-47383
2010/08/23,0,45000,-46000,-1000
2010/08/24,0,0,-483000,-483000
2010/08/25,0,0,-149000,-149000
2010/08/26,0,0,-46000,-46000
2010/08/27,0,5000,-62000,-57000
2010/08/30,0,0,-24000,-24000
2010/08/31,0,0,-98000,-98000
2010/09/01,0,0,-39000,-39000
2010/09/02,0,1000,-265000,-264000
2010/09/03,0,8000,-71000,-63000
2010/09/06,0,24000,-1950,22050
2010/09/07,0,0,-40000,-40000
2010/09/08,0,3456,-20000,-16544
2010/09/09,0,3000,-1000,2000
2010/09/10,0,14000,0,14000
2010/09/13,0,517000,-1000,516000
2010/09/14,0,0,-497000,-497000
2010/09/15,0,23000,-4000,19000
2010/09/16,0,46000,-8000,38000
2010/09/17,0,40000,-30000,10000
2010/09/20,0,100000,-9000,91000
2010/09/21,0,125000,-35000,90000
2010/09/22,0,0,0,0
2010/09/23,0,35000,0,35000
2010/09/24,0,24000,-12000,12000
2010/09/27,0,106000,-109400,-3400
2010/09/28,0,0,-7000,-7000
2010/09/29,0,156000,-41000,115000
2010/09/30,0,0,-72000,-72000
2010/10/01,0,0,-20000,-20000
2010/10/04,0,2000,-7000,-5000
2010/10/05,0,101000,-75000,26000
2010/10/06,0,14000,-121000,-107000
2010/10/07,0,131000,-14354,116646
2010/10/08,0,124000,0,124000
2010/10/11,0,187000,-56000,131000
2010/10/12,0,50000,-75000,-25000
2010/10/13,0,27000,-45000,-18000
2010/10/14,0,163000,-76000,87000
2010/10/15,0,63000,-111000,-48000
2010/10/18,0,1000,-199000,-198000
2010/10/19,0,0,-123000,-123000
2010/10/20,0,80000,-7000,73000
2010/10/21,0,0,-10000,-10000
2010/10/22,0,0,-56000,-56000
2010/10/25,0,100000,-33000,67000
2010/10/26,0,15000,0,15000
2010/10/27,0,0,-1000,-1000
2010/10/28,0,93000,0,93000
2010/10/29,0,8000,0,8000
2010/11/01,0,258269,-50000,208269
2010/11/02,0,47000,-221000,-174000
2010/11/03,0,11000,-100000,-89000
2010/11/04,0,20000,-40000,-20000
2010/11/05,0,17000,0,17000
2010/11/08,0,8000,-193000,-185000
2010/11/09,0,64000,-102000,-38000
2010/11/10,0,0,-32000,-32000
2010/11/11,0,120000,-30225,89775
2010/11/12,0,0,-194000,-194000
2010/11/15,0,15000,0,15000
2010/11/16,0,150000,-60000,90000
2010/11/17,0,43000,0,43000
2010/11/18,0,7000,0,7000
2010/11/19,0,500,-55000,-54500
2010/11/22,0,0,-66000,-66000
2010/11/23,0,87000,-3000,84000
2010/11/24,0,39000,-20000,19000
2010/11/25,0,0,-12000,-12000
2010/11/26,0,33000,-50000,-17000
2010/11/29,0,50000,-14840,35160
2010/11/30,0,88000,-97000,-9000
2010/12/01,0,7000,0,7000
2010/12/02,0,73000,0,73000
2010/12/03,0,47000,-40000,7000
2010/12/06,0,122001,-51000,71001
2010/12/07,0,34000,-16000,18000
2010/12/08,0,125000,-56000,69000
2010/12/09,0,181000,-8000,173000
2010/12/10,0,17000,-19000,-2000
2010/12/13,0,0,-192000,-192000
2010/12/14,0,0,-94000,-94000
2010/12/15,0,0,-26000,-26000
2010/12/16,0,2000,-75000,-73000
2010/12/17,0,0,-20000,-20000
2010/12/20,0,1000,-10000,-9000
2010/12/21,0,1250,-41000,-39750
2010/12/22,0,25000,-24000,1000
2010/12/23,0,150000,-61000,89000
2010/12/24,0,0,-8000,-8000
2010/12/27,0,30000,0,30000
2010/12/28,0,0,-18000,-18000
2010/12/29,0,15000,-13000,2000
2010/12/30,0,10000,-100000,-90000
2010/12/31,0,0,-2000,-2000
2011/01/03,0,0,-55000,-55000
2011/01/04,0,100000,-64000,36000
2011/01/05,0,10000,-34000,-24000
2011/01/06,0,10000,-47000,-37000
2011/01/07,0,10000,-70000,-60000
2011/01/10,0,91000,-5000,86000
2011/01/11,0,95000,-6000,89000
2011/01/12,0,0,-1000,-1000
2011/01/13,0,24000,-195000,-171000
2011/01/14,0,0,-6000,-6000
2011/01/17,0,0,-12000,-12000
2011/01/18,0,0,0,0
2011/01/19,0,0,-143000,-143000
2011/01/20,0,0,-65000,-65000
2011/01/21,0,0,-32000,-32000
2011/01/24,0,0,-331000,-331000
2011/01/25,0,35000,0,35000
2011/01/26,0,82000,0,82000
2011/01/27,0,0,0,0
2011/01/28,0,3000,-6000,-3000
2011/01/31,0,0,0,0
2011/02/01,0,0,0,0
2011/02/02,0,0,0,0
2011/02/03,0,0,0,0
2011/02/04,0,0,0,0
2011/02/07,0,0,0,0
2011/02/08,0,51000,-5000,46000
2011/02/09,0,14000,0,14000
2011/02/10,0,85000,-67000,18000
2011/02/11,0,4000,-157000,-153000
2011/02/14,0,0,-26000,-26000
2011/02/15,0,13000,-172000,-159000
2011/02/16,0,0,-67250,-67250
2011/02/17,0,0,-105000,-105000
2011/02/18,0,0,-1000,-1000
2011/02/21,0,0,-33000,-33000
2011/02/22,0,0,-47000,-47000
2011/02/23,0,0,0,0
2011/02/24,0,0,0,0
2011/02/25,0,0,0,0
2011/02/28,0,0,0,0
2011/03/01,0,11000,0,11000
2011/03/02,0,51000,-41000,10000
2011/03/03,0,0,0,0
2011/03/04,0,4000,-14000,-10000
2011/03/07,0,23000,-13000,10000
2011/03/08,0,40000,-31000,9000
2011/03/09,0,0,0,0
2011/03/10,0,0,0,0
2011/03/11,0,0,-63000,-63000
2011/03/14,0,0,-72000,-72000
2011/03/15,0,112000,0,112000
2011/03/16,0,145000,-4000,141000
2011/03/17,0,26000,-56000,-30000
2011/03/18,0,0,-194000,-194000
2011/03/21,0,0,-33000,-33000
2011/03/22,0,0,-18000,-18000
2011/03/23,0,0,-20000,-20000
2011/03/24,0,1000,-1000,0
2011/03/25,0,111000,0,111000
2011/03/28,0,234000,0,234000
2011/03/29,0,10000,0,10000
2011/03/30,0,194000,0,194000
2011/03/31,0,0,0,0
2011/04/01,0,265000,0,265000
2011/04/04,0,0,0,0
2011/04/05,0,0,0,0
2011/04/06,0,0,0,0
2011/04/07,0,52000,0,52000
2011/04/08,0,3000,0,3000
2011/04/11,0,14000,0,14000
2011/04/12,0,48000,-10000,38000
2011/04/13,0,38000,-98000,-60000
2011/04/14,0,29000,-40611,-11611
2011/04/15,0,0,-27000,-27000
2011/04/18,0,52000,-19000,33000
2011/04/19,0,115000,-70000,45000
2011/04/20,0,107000,-4000,103000
2011/04/21,0,206000,0,206000
2011/04/22,0,52000,0,52000
2011/04/25,0,0,0,0
2011/04/26,0,1000,0,1000
2011/04/27,0,158000,-3000,155000
2011/04/28,0,68000,-7000,61000
2011/04/29,0,80000,0,80000
2011/05/02,0,0,0,0
2011/05/03,0,2000,0,2000
2011/05/04,0,1000,-20000,-19000
2011/05/05,0,22000,0,22000
2011/05/06,0,39000,0,39000
2011/05/09,0,12000,0,12000
2011/05/10,0,63000,-17000,46000
2011/05/11,0,0,-4986,-4986
2011/05/12,0,2000,-5000,-3000
2011/05/13,0,0,-7000,-7000
2011/05/16,0,0,-2000,-2000
2011/05/17,0,0,0,0
2011/05/18,0,1000,0,1000
2011/05/19,0,2000,-676,1324
2011/05/20,0,0,-3000,-3000
2011/05/23,0,28000,-3000,25000
2011/05/24,0,0,0,0
2011/05/25,0,9000,-10000,-1000
2011/05/26,0,0,0,0
2011/05/27,0,0,-35000,-35000
2011/05/30,0,25000,-26000,-1000
2011/05/31,0,0,0,0
2011/06/01,0,0,0,0
2011/06/02,0,12000,0,12000
2011/06/03,0,0,0,0
2011/06/06,0,0,0,0
2011/06/07,0,0,-129000,-129000
2011/06/08,0,0,-284000,-284000
2011/06/09,0,0,-338000,-338000
2011/06/10,0,0,0,0
2011/06/13,0,0,-61000,-61000
2011/06/14,0,5000,-28000,-23000
2011/06/15,0,0,-124000,-124000
2011/06/16,0,120000,0,120000
2011/06/17,0,28000,0,28000
2011/06/20,0,20000,-41000,-21000
2011/06/21,0,43000,0,43000
2011/06/22,0,0,-95000,-95000
2011/06/23,0,2000,-59000,-57000
2011/06/24,0,4000,-19000,-15000
2011/06/27,0,0,-14000,-14000
2011/06/28,0,0,0,0
2011/06/29,0,44000,-26000,18000
2011/06/30,0,36000,-240000,-204000
2011/07/01,0,0,0,0
2011/07/04,0,0,-19000,-19000
2011/07/05,0,85000,-94766,-9766
2011/07/06,0,108000,0,108000
2011/07/07,0,71000,0,71000
2011/07/08,0,5000,-8000,-3000
2011/07/11,0,7000,0,7000
2011/07/12,0,11000,0,11000
2011/07/13,0,27000,-11000,16000
2011/07/14,0,0,0,0
2011/07/15,0,1000,0,1000
2011/07/18,0,0,0,0
2011/07/19,0,0,-1000,-1000
2011/07/20,0,9000,-2000,7000
2011/07/21,0,64000,-6000,58000
2011/07/22,0,6000,0,6000
2011/07/25,0,2000,0,2000
2011/07/26,0,2000,-12550,-10550
2011/07/27,0,0,0,0
2011/07/28,0,0,-39251,-39251
2011/07/29,0,22000,-6000,16000
2011/08/01,0,36000,0,36000
2011/08/02,0,0,-53000,-53000
2011/08/03,0,0,-9000,-9000
2011/08/04,0,113000,0,113000
2011/08/05,0,473000,-9000,464000
2011/08/08,0,14000,-77000,-63000
2011/08/09,0,111000,-26000,85000
2011/08/10,0,270000,-57640,212360
2011/08/11,0,0,-68000,-68000
2011/08/12,0,590000,-3000,587000
2011/08/15,0,0,0,0
2011/08/16,0,0,-602000,-602000
2011/08/17,0,0,-327000,-327000
2011/08/18,0,0,-204000,-204000
2011/08/19,0,0,0,0
2011/08/22,0,31000,0,31000
2011/08/23,0,14000,-2000,12000
2011/08/24,0,0,-1000,-1000
2011/08/25,0,49000,0,49000
2011/08/26,0,0,0,0
2011/08/29,0,4000,0,4000
2011/08/30,0,0,0,0
2011/08/31,0,0,0,0
2011/09/01,0,1000,0,1000
2011/09/02,0,0,0,0
2011/09/05,0,0,-45000,-45000
2011/09/06,0,0,-15000,-15000
2011/09/07,0,0,0,0
2011/09/08,0,0,-45000,-45000
2011/09/09,0,23000,-2000,21000
2011/09/12,0,0,0,0
2011/09/13,0,0,-17000,-17000
2011/09/14,0,0,0,0
2011/09/15,0,13000,0,13000
2011/09/16,0,0,0,0
2011/09/19,0,36000,0,36000
2011/09/20,0,54000,-13000,41000
2011/09/21,0,39000,-8000,31000
2011/09/22,0,12000,0,12000
2011/09/23,0,41000,-28000,13000
2011/09/26,0,24000,0,24000
2011/09/27,0,0,0,0
2011/09/28,0,21000,-20000,1000
2011/09/29,0,7000,-12000,-5000
2011/09/30,0,0,-19000,-19000
2011/10/03,0,0,0,0
2011/10/04,0,0,0,0
2011/10/05,0,0,0,0
2011/10/06,0,14000,-45,13955
2011/10/07,0,17000,0,17000
2011/10/10,0,0,0,0
2011/10/11,0,40000,-698,39302
2011/10/12,0,145000,-36000,109000
2011/10/13,0,3000,-8000,-5000
2011/10/14,0,0,-42000,-42000
2011/10/17,0,0,0,0
2011/10/18,0,0,-1129,-1129
2011/10/19,0,0,-33000,-33000
2011/10/20,0,0,0,0
2011/10/21,0,0,0,0
2011/10/24,0,0,0,0
2011/10/25,0,0,0,0
2011/10/26,0,0,-20000,-20000
2011/10/27,0,0,-6000,-6000
2011/10/28,0,0,-50000,-50000
2011/10/31,0,0,0,0
2011/11/01,0,24000,-3000,21000
2011/11/02,0,13000,-3000,10000
2011/11/03,0,0,-6000,-6000
2011/11/04,0,36000,-3000,33000
2011/11/07,0,0,0,0
2011/11/08,0,0,-2000,-2000
2011/11/09,0,4000,-40000,-36000
2011/11/10,0,0,-4000,-4000
2011/11/11,0,0,-1000,-1000
2011/11/14,0,11000,-2000,9000
2011/11/15,0,16000,-1000,15000
2011/11/16,0,0,-7000,-7000
2011/11/17,0,17000,-9000,8000
2011/11/18,0,0,-20981,-20981
2011/11/21,0,16000,-54000,-38000
2011/11/22,0,22000,-2000,20000
2011/11/23,0,0,-8000,-8000
2011/11/24,0,5000,-5000,0
2011/11/25,0,3000,-4000,-1000
2011/11/28,0,16000,-48000,-32000
2011/11/29,0,0,-37000,-37000
2011/11/30,0,1000,-22000,-21000
2011/12/01,0,11000,0,11000
2011/12/02,0,6000,0,6000
2011/12/05,0,0,-1000,-1000
2011/12/06,0,0,0,0
2011/12/07,0,0,0,0
2011/12/08,0,0,-1000,-1000
2011/12/09,0,0,-1000,-1000
2011/12/12,0,0,0,0
2011/12/13,0,0,-1000,-1000
2011/12/14,0,29000,0,29000
2011/12/15,0,0,-1000,-1000
2011/12/16,0,0,-3000,-3000
2011/12/19,0,16000,-9000,7000
2011/12/20,0,12000,0,12000
2011/12/21,0,554000,0,554000
2011/12/22,0,0,-12000,-12000
2011/12/23,0,0,-2000,-2000
2011/12/26,0,0,-150000,-150000
2011/12/27,0,32000,-150000,-118000
2011/12/28,0,43000,-9000,34000
2011/12/29,0,108000,-200000,-92000
2011/12/30,0,10000,0,10000
2012/01/02,0,0,0,0
2012/01/03,0,16000,-1000,15000
2012/01/04,0,4000,0,4000
2012/01/05,0,1000,-28000,-27000
2012/01/06,0,0,0,0
2012/01/09,0,10000,-104971,-94971
2012/01/10,0,37000,-4000,33000
2012/01/11,0,8000,-9000,-1000
2012/01/12,0,51000,0,51000
2012/01/13,0,13000,-5000,8000
2012/01/16,0,28000,-2000,26000
2012/01/17,0,0,0,0
2012/01/18,0,64000,-7000,57000
2012/01/19,0,0,0,0
2012/01/20,0,0,0,0
2012/01/23,0,0,0,0
2012/01/24,0,0,0,0
2012/01/25,0,0,0,0
2012/01/26,0,0,0,0
2012/01/27,0,0,0,0
2012/01/30,0,37000,-31000,6000
2012/01/31,0,100000,-48000,52000
2012/02/01,0,86000,-89000,-3000
2012/02/02,0,59000,-36000,23000
2012/02/03,0,0,-29000,-29000
2012/02/06,0,48000,-30000,18000
2012/02/07,0,9000,0,9000
2012/02/08,0,19000,0,19000
2012/02/09,0,12000,-9000,3000
2012/02/10,0,199000,0,199000
2012/02/13,0,178000,-90000,88000
2012/02/14,0,19000,-53000,-34000
2012/02/15,0,48000,-78000,-30000
2012/02/16,0,19000,-38000,-19000
2012/02/17,0,48000,-8000,40000
2012/02/20,0,8000,0,8000
2012/02/21,0,2000,-30000,-28000
2012/02/22,0,27000,-45000,-18000
2012/02/23,0,21000,-91000,-70000
2012/02/24,0,10000,-55000,-45000
2012/02/27,0,0,0,0
2012/02/28,0,0,0,0
2012/02/29,0,1386000,-9000,1377000
2012/03/01,0,55000,-165000,-110000
2012/03/02,0,28000,-828000,-800000
2012/03/05,0,42000,-133000,-91000
2012/03/06,0,80000,-21000,59000
2012/03/07,0,36000,-79000,-43000
2012/03/08,0,838433,-81000,757433
2012/03/09,0,61000,-759000,-698000
2012/03/12,0,15000,-108000,-93000
2012/03/13,0,93000,-70000,23000
2012/03/14,0,143000,-4000,139000
2012/03/15,0,37000,-16000,21000
2012/03/16,0,157000,-36000,121000
2012/03/19,0,29000,-189000,-160000
2012/03/20,0,9000,-119000,-110000
2012/03/21,0,0,0,0
2012/03/22,0,26000,-5000,21000
2012/03/23,0,2000,0,2000
2012/03/26,0,0,-109000,-109000
2012/03/27,0,0,-223000,-223000
2012/03/28,0,17000,-29000,-12000
2012/03/29,0,0,-68024,-68024
2012/03/30,0,105000,0,105000
2012/04/02,0,6000,-119000,-113000
2012/04/03,0,2000,-23000,-21000
2012/04/04,0,0,0,0
2012/04/05,0,12000,-36000,-24000
2012/04/06,0,1000,-47000,-46000
2012/04/09,0,0,-30000,-30000
2012/04/10,0,13000,-21000,-8000
2012/04/11,0,0,-8000,-8000
2012/04/12,0,10000,-1000,9000
2012/04/13,0,0,-1000,-1000
2012/04/16,0,414000,-5000,409000
2012/04/17,0,0,-11000,-11000
2012/04/18,0,0,-412433,-412433
2012/04/19,0,0,0,0
2012/04/20,0,0,-37000,-37000
2012/04/23,0,82000,-1000,81000
2012/04/24,0,52000,-63000,-11000
2012/04/25,0,134000,-29000,105000
2012/04/26,0,20007,-88000,-67993
2012/04/27,0,95000,-20696,74304
2012/04/30,0,0,-37000,-37000
2012/05/01,0,0,0,0
2012/05/02,0,15000,-19000,-4000
2012/05/03,0,2000,-72000,-70000
2012/05/04,0,3000,-2000,1000
2012/05/07,0,90000,-10000,80000
2012/05/08,0,0,-60100,-60100
2012/05/09,0,0,-500,-500
2012/05/10,0,10000,-17000,-7000
2012/05/11,0,1000,-70000,-69000
2012/05/14,0,38000,-53000,-15000
2012/05/15,0,0,0,0
2012/05/16,0,0,-22000,-22000
2012/05/17,0,0,-28000,-28000
2012/05/18,0,0,-13000,-13000
2012/05/21,0,16000,-20000,-4000
2012/05/22,0,0,-18000,-18000
2012/05/23,0,0,-54000,-54000
2012/05/24,0,4000,-87000,-83000
2012/05/25,0,20000,-1000,19000
2012/05/28,0,10000,-2000,8000
2012/05/29,0,4000,-8000,-4000
2012/05/30,0,0,-1000,-1000
2012/05/31,0,0,-23000,-23000
2012/06/01,0,26000,-1000,25000
2012/06/04,0,16000,-10000,6000
2012/06/05,0,0,-7000,-7000
2012/06/06,0,0,-2000,-2000
2012/06/07,0,0,-2000,-2000
2012/06/08,0,8000,-8095,-95
2012/06/11,0,2000,-2000,0
2012/06/12,0,0,-3000,-3000
2012/06/13,0,0,-1000,-1000
2012/06/14,0,0,-2000,-2000
2012/06/15,0,285000,0,285000
2012/06/18,0,8000,-189000,-181000
2012/06/19,0,15000,-8000,7000
2012/06/20,0,26000,0,26000
2012/06/21,0,0,-5000,-5000
2012/06/22,0,0,-47000,-47000
2012/06/25,0,0,-67000,-67000
2012/06/26,0,0,-2000,-2000
2012/06/27,0,1000,0,1000
2012/06/28,0,0,0,0
2012/06/29,0,0,-27000,-27000
2012/07/02,0,108000,-4000,104000
2012/07/03,0,212000,0,212000
2012/07/04,0,91000,0,91000
2012/07/05,0,16000,-3000,13000
2012/07/06,0,50000,0,50000
2012/07/09,0,6000,0,6000
2012/07/10,0,30000,0,30000
2012/07/11,0,4000,0,4000
2012/07/12,0,35000,0,35000
2012/07/13,0,116000,0,116000
2012/07/16,0,20000,-110000,-90000
2012/07/17,0,0,-9000,-9000
2012/07/18,0,10000,-10000,0
2012/07/19,0,20000,0,20000
2012/07/20,0,0,-11000,-11000
2012/07/23,0,12000,-19000,-7000
2012/07/24,0,0,0,0
2012/07/25,0,0,-15000,-15000
2012/07/26,0,11000,0,11000
2012/07/27,0,0,0,0
2012/07/30,0,0,-49000,-49000
2012/07/31,0,38000,-1000,37000
2012/08/01,0,0,-8000,-8000
2012/08/02,0,0,0,0
2012/08/03,0,2000,-3000,-1000
2012/08/06,0,21000,-125000,-104000
2012/08/07,0,0,-84000,-84000
2012/08/08,0,12000,-237000,-225000
2012/08/09,0,73000,-25000,48000
2012/08/10,0,110000,-8000,102000
2012/08/13,0,100000,-3000,97000
2012/08/14,0,177000,-41000,136000
2012/08/15,0,0,-32000,-32000
2012/08/16,0,20000,-11290,8710
2012/08/17,0,290000,0,290000
2012/08/20,0,4000,-28000,-24000
2012/08/21,0,54000,0,54000
2012/08/22,0,30000,-5000,25000
2012/08/23,0,3000,-119000,-116000
2012/08/24,0,0,0,0
2012/08/27,0,0,-43000,-43000
2012/08/28,0,3000,-53000,-50000
2012/08/29,0,67000,-50000,17000
2012/08/30,0,128000,-166000,-38000
2012/08/31,0,52000,-46000,6000
2012/09/03,0,3000,-124000,-121000
2012/09/04,0,0,-36000,-36000
2012/09/05,0,59000,-7442,51558
2012/09/06,0,12000,-40000,-28000
2012/09/07,0,0,-14000,-14000
2012/09/10,0,5000,-1000,4000
2012/09/11,0,11000,-2000,9000
2012/09/12,0,26000,-41000,-15000
2012/09/13,0,18000,-10000,8000
2012/09/14,0,639000,-37000,602000
2012/09/17,0,1057000,-416000,641000
2012/09/18,0,277000,-164000,113000
2012/09/19,0,450000,-1045000,-595000
2012/09/20,0,205000,-369000,-164000
2012/09/21,0,0,-149000,-149000
2012/09/24,0,21000,-50000,-29000
2012/09/25,0,50000,-52000,-2000
2012/09/26,0,65000,0,65000
2012/09/27,0,1168000,-40000,1128000
2012/09/28,0,71000,-1009000,-938000
2012/10/01,0,2000,-11000,-9000
2012/10/02,0,79000,-80000,-1000
2012/10/03,0,783000,-211000,572000
2012/10/04,0,532000,-280000,252000
2012/10/05,0,317000,-417000,-100000
2012/10/08,0,125000,-91000,34000
2012/10/09,0,1000,-357000,-356000
2012/10/10,0,0,0,0
2012/10/11,0,206000,-102000,104000
2012/10/12,0,50000,-268000,-218000
2012/10/15,0,34000,-131000,-97000
2012/10/16,0,0,-116000,-116000
2012/10/17,0,136000,-607000,-471000
2012/10/18,0,139000,-107000,32000
2012/10/19,0,6000,-39000,-33000
2012/10/22,0,0,-100000,-100000
2012/10/23,0,2000,-122000,-120000
2012/10/24,0,17000,-66000,-49000
2012/10/25,0,1000,-32000,-31000
2012/10/26,0,99000,-130000,-31000
2012/10/29,0,0,-36000,-36000
2012/10/30,0,118000,0,118000
2012/10/31,0,0,-83000,-83000
2012/11/01,0,0,-66000,-66000
2012/11/02,0,0,0,0
2012/11/05,0,37000,0,37000
2012/11/06,0,1000,0,1000
2012/11/07,0,12000,-1000,11000
2012/11/08,0,0,-13000,-13000
2012/11/09,0,4000,0,4000
2012/11/12,0,0,0,0
2012/11/13,0,7000,-67000,-60000
2012/11/14,0,14000,-14000,0
2012/11/15,0,62000,-3000,59000
2012/11/16,0,0,-64000,-64000
2012/11/19,0,0,-2000,-2000
2012/11/20,0,0,-6000,-6000
2012/11/21,0,0,-49850,-49850
2012/11/22,0,0,0,0
2012/11/23,0,0,0,0
2012/11/26,0,31000,-1000,30000
2012/11/27,0,15000,-51000,-36000
2012/11/28,0,4000,0,4000
2012/11/29,0,43000,-10000,33000
2012/11/30,0,1419000,-11000,1408000
2012/12/03,0,51000,-1366000,-1315000
2012/12/04,0,55000,-5000,50000
2012/12/05,0,189000,-27000,162000
2012/12/06,0,43000,-49000,-6000
2012/12/07,0,21000,-38000,-17000
2012/12/10,0,11000,-8000,3000
2012/12/11,0,45000,0,45000
2012/12/12,0,48000,0,48000
2012/12/13,0,48000,-25000,23000
2012/12/14,0,1000,-24000,-23000
2012/12/17,0,0,-1000,-1000
2012/12/18,0,129000,0,129000
2012/12/19,0,0,-76000,-76000
2012/12/20,0,0,-136000,-136000
2012/12/21,0,82000,-73000,9000
2012/12/24,0,56000,-33000,23000
2012/12/25,0,78000,0,78000
2012/12/26,0,0,0,0
2012/12/27,0,40000,-17000,23000
2012/12/28,0,0,-85000,-85000
2012/12/31,0,0,0,0
2013/01/01,0,0,0,0
2013/01/02,0,0,-2000,-2000
2013/01/03,0,15000,-82000,-67000
2013/01/04,0,3121000,-46000,3075000
2013/01/07,0,379000,-2279000,-1900000
2013/01/08,0,82000,-236000,-154000
2013/01/09,0,20000,-119000,-99000
2013/01/10,0,55000,-98000,-43000
2013/01/11,0,0,-384000,-384000
2013/01/14,0,0,-139000,-139000
2013/01/15,0,95000,-81000,14000
2013/01/16,0,18000,-81000,-63000
2013/01/17,0,717000,-179000,538000
2013/01/18,0,14000,-574000,-560000
2013/01/21,0,0,-110000,-110000
2013/01/22,0,0,-39000,-39000
2013/01/23,0,25000,0,25000
2013/01/24,0,53000,-30000,23000
2013/01/25,0,0,-42000,-42000
2013/01/28,0,0,-50000,-50000
2013/01/29,0,35000,-83000,-48000
2013/01/30,0,8000,-1000,7000
2013/01/31,0,1000,-2000,-1000
2013/02/01,0,5000,-57000,-52000
2013/02/04,0,13000,-40000,-27000
2013/02/05,0,1000,0,1000
2013/02/06,0,0,0,0
2013/02/07,0,0,0,0
2013/02/08,0,0,0,0
2013/02/11,0,0,0,0
2013/02/12,0,0,0,0
2013/02/13,0,0,0,0
2013/02/14,0,0,0,0
2013/02/15,0,0,0,0
2013/02/18,0,3000,-2000,1000
2013/02/19,0,81000,0,81000
2013/02/20,0,4000,-20000,-16000
2013/02/21,0,4000,-7000,-3000
2013/02/22,0,49000,-70000,-21000
2013/02/25,0,3000,-9000,-6000
2013/02/26,0,20000,-37000,-17000
2013/02/27,0,0,-41000,-41000
2013/02/28,0,0,0,0
2013/03/01,0,0,-35000,-35000
2013/03/04,0,0,-23000,-23000
2013/03/05,0,0,-2000,-2000
2013/03/06,0,50000,-1000,49000
2013/03/07,0,30000,-25000,5000
2013/03/08,0,27000,-21000,6000
2013/03/11,0,0,-2000,-2000
2013/03/12,0,0,-20000,-20000
2013/03/13,0,28000,-17000,11000
2013/03/14,0,0,-32000,-32000
2013/03/15,0,112000,-87000,25000
2013/03/18,0,0,-6000,-6000
2013/03/19,0,0,-16000,-16000
2013/03/20,0,9000,-121000,-112000
2013/03/21,0,21000,-7000,14000
2013/03/22,0,4000,-24000,-20000
2013/03/25,0,2000,-7000,-5000
2013/03/26,0,0,-13000,-13000
2013/03/27,0,6000,-46000,-40000
2013/03/28,0,16000,-73000,-57000
2013/03/29,0,0,-5000,-5000
2013/04/01,0,50000,0,50000
2013/04/02,0,0,-20000,-20000
2013/04/03,0,0,0,0
2013/04/04,0,0,0,0
2013/04/05,0,0,0,0
2013/04/08,0,52000,-30350,21650
2013/04/09,0,10000,-6000,4000
2013/04/10,0,0,-16000,-16000
2013/04/11,0,0,-62000,-62000
2013/04/12,0,0,0,0
2013/04/15,0,0,-5000,-5000
2013/04/16,0,1000,-34000,-33000
2013/04/17,0,9000,-57000,-48000
2013/04/18,0,0,-7000,-7000
2013/04/19,0,1000,-48000,-47000
2013/04/22,0,9000,0,9000
2013/04/23,0,30000,0,30000
2013/04/24,0,52000,0,52000
2013/04/25,0,0,-56000,-56000
2013/04/26,0,24000,-34000,-10000
2013/04/29,0,2000,0,2000
2013/04/30,0,50000,-20000,30000
2013/05/01,0,0,0,0
2013/05/02,0,46000,-25000,21000
2013/05/03,0,0,-65000,-65000
2013/05/06,0,17000,-3000,14000
2013/05/07,0,0,0,0
2013/05/08,0,71000,0,71000
2013/05/09,0,1000,-17000,-16000
2013/05/10,0,39000,-4000,35000
2013/05/13,0,325000,-6000,319000
2013/05/14,0,2831000,-360000,2471000
2013/05/15,0,1016000,-1714000,-698000
2013/05/16,0,2228000,-106000,2122000
2013/05/17,0,90000,-1232000,-1142000
2013/05/20,0,440000,-7000,433000
2013/05/21,0,41000,-11000,30000
2013/05/22,0,0,-72000,-72000
2013/05/23,0,2000,-776000,-774000
2013/05/24,0,100000,-395000,-295000
2013/05/27,0,263000,-111000,152000
2013/05/28,0,0,-268000,-268000
2013/05/29,0,2000,-22000,-20000
2013/05/30,0,0,-85000,-85000
2013/05/31,0,0,-2000,-2000
2013/06/03,0,33000,-288000,-255000
2013/06/04,0,15000,-48000,-33000
2013/06/05,0,0,-11526,-11526
2013/06/06,0,0,-28000,-28000
2013/06/07,0,10000,-17000,-7000
2013/06/10,0,1000,-1000,0
2013/06/11,0,0,-45000,-45000
2013/06/12,0,0,0,0
2013/06/13,0,0,-1062000,-1062000
2013/06/14,0,10000,-991000,-981000
2013/06/17,0,0,-4000,-4000
2013/06/18,0,1000,-10000,-9000
2013/06/19,0,214000,-6000,208000
2013/06/20,0,249000,0,249000
2013/06/21,0,226000,-244000,-18000
2013/06/24,0,147000,-450000,-303000
2013/06/25,0,70000,-28000,42000
2013/06/26,0,171000,-110000,61000
2013/06/27,0,201000,-70000,131000
2013/06/28,0,0,-54000,-54000
2013/07/01,0,157000,-3000,154000
2013/07/02,0,0,-133000,-133000
2013/07/03,0,108000,-11000,97000
2013/07/04,0,280000,-115000,165000
2013/07/05,0,90000,-10000,80000
2013/07/08,0,536000,-89000,447000
2013/07/09,0,185000,-63000,122000
2013/07/10,0,1372000,-234000,1138000
2013/07/11,0,45000,-1268000,-1223000
2013/07/12,0,927000,-259000,668000
2013/07/15,0,852000,-597000,255000
2013/07/16,0,1975000,-1052000,923000
2013/07/17,0,149000,-1843000,-1694000
2013/07/18,0,65000,-214000,-149000
2013/07/19,0,176000,-261000,-85000
2013/07/22,0,859000,-38000,821000
2013/07/23,0,256000,-471000,-215000
2013/07/24,0,938000,-232000,706000
2013/07/25,0,1333000,-706000,627000
2013/07/26,0,330000,-512000,-182000
2013/07/29,0,491000,-482000,9000
2013/07/30,0,2269000,-44000,2225000
2013/07/31,0,1156000,-1177000,-21000
2013/08/01,0,418000,-1596000,-1178000
2013/08/02,0,1156000,-1138000,18000
2013/08/05,0,1053000,-406000,647000
2013/08/06,0,984000,-497000,487000
2013/08/07,0,152000,-2260000,-2108000
2013/08/08,0,608000,-855000,-247000
2013/08/09,0,356000,-757000,-401000
2013/08/12,0,501000,-280000,221000
2013/08/13,0,3932000,-98000,3834000
2013/08/14,0,310000,-2258000,-1948000
2013/08/15,0,223000,-2167000,-1944000
2013/08/16,0,479000,-655000,-176000
2013/08/19,0,813000,-111000,702000
2013/08/20,0,1060000,-815000,245000
2013/08/21,0,0,0,0
2013/08/22,0,1131000,-774000,357000
2013/08/23,0,119000,-741000,-622000
2013/08/26,0,91000,-261000,-170000
2013/08/27,0,2443000,-669000,1774000
2013/08/28,0,257000,-1973000,-1716000
2013/08/29,0,2954000,-584000,2370000
2013/08/30,0,535000,-2793000,-2258000
2013/09/02,0,1646000,-209000,1437000
2013/09/03,0,343000,-1426000,-1083000
2013/09/04,0,1407000,-269000,1138000
2013/09/05,0,1157000,-1267000,-110000
2013/09/06,0,436000,-1012000,-576000
2013/09/09,0,1574000,-348000,1226000
2013/09/10,0,383000,-1404000,-1021000
2013/09/11,0,678000,-494000,184000
2013/09/12,0,802000,-406000,396000
2013/09/13,0,2413000,-201000,2212000
2013/09/16,0,741000,-1756000,-1015000
2013/09/17,0,224000,-793000,-569000
2013/09/18,0,636000,-708000,-72000
2013/09/19,0,0,0,0
2013/09/20,0,0,0,0
2013/09/23,0,500000,-329000,171000
2013/09/24,0,292000,-514000,-222000
2013/09/25,0,803000,-312000,491000
2013/09/26,0,257000,-533000,-276000
2013/09/27,0,126000,-373000,-247000
2013/09/30,0,1197000,-680000,517000
2013/10/01,0,534000,-698000,-164000
2013/10/02,0,169000,-591000,-422000
2013/10/03,0,384000,-361000,23000
2013/10/04,0,3642000,-613000,3029000
2013/10/07,0,367000,-1167000,-800000
2013/10/08,0,670000,-844000,-174000
2013/10/09,0,413000,-1051000,-638000
2013/10/10,0,0,0,0
2013/10/11,0,871000,-567000,304000
2013/10/14,0,370000,-1103000,-733000
2013/10/15,0,416000,-172000,244000
2013/10/16,0,280000,-1530000,-1250000
2013/10/17,0,1263000,-271000,992000
2013/10/18,0,376000,-1344000,-968000
2013/10/21,0,262000,-571000,-309000
2013/10/22,0,3396000,-309000,3087000
2013/10/23,0,270000,-2342000,-2072000
2013/10/24,0,742000,-574000,168000
2013/10/25,0,290000,-609000,-319000
2013/10/28,0,64000,-161000,-97000
2013/10/29,0,288000,-66000,222000
2013/10/30,0,2291000,-250000,2041000
2013/10/31,0,148000,-1299000,-1151000
2013/11/01,0,156000,-947000,-791000
2013/11/04,0,226000,-89000,137000
2013/11/05,0,98000,-315000,-217000
2013/11/06,0,185000,-595000,-410000
2013/11/07,0,331000,-1309000,-978000
2013/11/08,0,2229000,-709000,1520000
2013/11/11,0,2749000,-550000,2199000
2013/11/12,0,763000,-3103000,-2340000
2013/11/13,0,1841000,-992000,849000
2013/11/14,0,588000,-1467000,-879000
2013/11/15,0,1011000,-446000,565000
2013/11/18,0,660000,-487000,173000
2013/11/19,0,6067000,-793000,5274000
2013/11/20,0,2407000,-5080000,-2673000
2013/11/21,0,266000,-1180000,-914000
2013/11/22,0,806000,-911000,-105000
2013/11/25,0,552000,-1575000,-1023000
2013/11/26,0,7856000,-620000,7236000
2013/11/27,0,6240000,-2873000,3367000
2013/11/28,0,2169000,-3759000,-1590000
2013/11/29,0,1158000,-2271000,-1113000
2013/12/02,0,1845000,-734000,1111000
2013/12/03,0,1194000,-573000,621000
2013/12/04,0,1756000,-1431000,325000
2013/12/05,0,567000,-2201000,-1634000
2013/12/06,0,267000,-1100000,-833000
2013/12/09,0,939000,-693000,246000
2013/12/10,0,362000,-2278000,-1916000
2013/12/11,0,430000,-247000,183000
2013/12/12,0,566000,-252000,314000
2013/12/13,0,332000,-978000,-646000
2013/12/16,0,2203000,-455000,1748000
2013/12/17,0,367000,-1710000,-1343000
2013/12/18,0,301000,-401000,-100000
2013/12/19,0,2003000,-663000,1340000
2013/12/20,0,137000,-1151000,-1014000
2013/12/23,0,848000,-5124000,-4276000
2013/12/24,0,1535000,-940000,595000
2013/12/25,0,302000,-1571000,-1269000
2013/12/26,0,544000,-196000,348000
2013/12/27,0,1213000,-527000,686000
2013/12/30,0,384000,-905000,-521000
2013/12/31,0,272000,-850000,-578000
2014/01/02,0,790000,-231000,559000
2014/01/03,0,580000,-934000,-354000
2014/01/06,0,120000,-495000,-375000
2014/01/07,0,174000,-547000,-373000
2014/01/08,0,538000,-196000,342000
2014/01/09,0,71000,-1093000,-1022000
2014/01/10,0,319000,-381000,-62000
2014/01/13,0,384000,-168000,216000
2014/01/14,0,3474000,-738000,2736000
2014/01/15,0,1314000,-2414000,-1100000
2014/01/16,0,648000,-786000,-138000
2014/01/17,0,590000,-761000,-171000
2014/01/20,0,840000,-913000,-73000
2014/01/21,0,155000,-787000,-632000
2014/01/22,0,919000,-1443000,-524000
2014/01/23,0,715000,-109000,606000
2014/01/24,0,841000,-884000,-43000
2014/01/27,0,363000,-365000,-2000
2014/02/05,0,122000,-684000,-562000
2014/02/06,0,752000,-335515,416485
2014/02/07,0,330000,-599000,-269000
2014/02/10,0,16000,-296000,-280000
2014/02/11,0,235000,-133000,102000
2014/02/12,0,2495000,-218000,2277000
2014/02/13,0,328000,-807000,-479000
2014/02/14,0,440000,-229000,211000
2014/02/17,0,20000,-47000,-27000
2014/02/18,0,126000,-184000,-58000
2014/02/19,0,2238000,-576000,1662000
2014/02/20,0,2668000,-1848000,820000
2014/02/21,0,154000,-1573000,-1419000
2014/02/24,0,166000,-75000,91000
2014/02/25,0,807000,-2251000,-1444000
2014/02/26,0,1182000,-660000,522000
2014/02/27,0,226000,-1185000,-959000
2014/03/03,0,266000,-197000,69000
2014/03/04,0,840000,-418000,422000
2014/03/05,0,508000,-373000,135000
2014/03/06,0,315000,-598000,-283000
2014/03/07,0,357000,-505000,-148000
2014/03/10,0,578000,-196000,382000
2014/03/11,0,398000,-337000,61000
2014/03/12,0,286000,-270000,16000
2014/03/13,0,399000,-563000,-164000
2014/03/14,0,650000,-450000,200000
2014/03/17,0,2453000,-861000,1592000
2014/03/18,0,211000,-1839000,-1628000
2014/03/19,0,521000,-742000,-221000
2014/03/20,0,158000,-494000,-336000
2014/03/21,0,112000,-491000,-379000
2014/03/24,0,168000,-190000,-22000
2014/03/25,0,1723000,-287000,1436000
2014/03/26,0,135000,-1152000,-1017000
2014/03/27,0,895000,-151000,744000
2014/03/28,0,202000,-492000,-290000
2014/03/31,0,218000,-301000,-83000
2014/04/01,0,185000,-526000,-341000
2014/04/02,0,488000,-738000,-250000
2014/04/03,0,64000,-315000,-251000
2014/04/07,0,853000,-187000,666000
2014/04/08,0,969000,-1333000,-364000
2014/04/09,0,61000,-371000,-310000
2014/04/10,0,406000,-334000,72000
2014/04/11,0,53000,-379000,-326000
2014/04/14,0,266000,-251000,15000
2014/04/15,0,142000,-251000,-109000
2014/04/16,0,208000,-321105,-113105
2014/04/17,0,2102000,-431197,1670803
2014/04/18,0,42000,-900495,-858495
2014/04/21,0,174000,-19000,155000
2014/04/22,0,47000,-952000,-905000
2014/04/23,0,419000,-450000,-31000
2014/04/24,0,167000,-213000,-46000
2014/04/25,0,585000,-831000,-246000
2014/04/28,0,179000,-144000,35000
2014/04/29,0,32000,-343000,-311000
2014/04/30,0,392000,-265000,127000
2014/05/02,0,97000,-167000,-70000
2014/05/05,0,625000,-837000,-212000
2014/05/06,0,299000,-832000,-533000
2014/05/07,0,796000,-259685,536315
2014/05/08,0,310000,-315000,-5000
2014/05/09,0,204000,-278000,-74000
2014/05/12,0,167000,-547000,-380000
2014/05/13,0,89000,-125000,-36000
2014/05/14,0,577000,-93000,484000
2014/05/15,0,309000,-327613,-18613
2014/05/16,0,102000,-381000,-279000
2014/05/19,0,339000,-75000,264000
2014/05/20,0,689000,-140000,549000
2014/05/21,0,1791000,-640000,1151000
2014/05/22,0,2084000,-344000,1740000
2014/05/23,0,438000,-274000,164000
2014/05/26,0,409000,-122000,287000
2014/05/27,0,1163000,-45000,1118000
2014/05/28,0,491000,-1006000,-515000
2014/05/29,0,217000,-214000,3000
2014/05/30,0,390993,-186000,204993
2014/06/03,0,343000,-108000,235000
2014/06/04,0,37000,-373000,-336000
2014/06/05,0,283000,-173000,110000
2014/06/06,0,618000,-72000,546000
2014/06/09,0,153000,-273000,-120000
2014/06/10,0,579000,-978000,-399000
2014/06/11,0,78000,-376000,-298000
2014/06/12,0,51000,-91000,-40000
2014/06/13,0,1401000,-341000,1060000
2014/06/16,0,817000,-2122000,-1305000
2014/06/17,0,790000,-1535000,-745000
2014/06/18,0,319000,-1554000,-1235000
2014/06/19,0,195000,-109000,86000
2014/06/20,0,112000,-109000,3000
2014/06/23,0,153000,-328000,-175000
2014/06/24,0,90000,-718000,-628000
2014/06/25,0,458000,-104000,354000
2014/06/26,0,132000,-246000,-114000
2014/06/27,0,168000,-75000,93000
2014/06/30,0,290000,-101000,189000
2014/07/01,0,816000,-354000,462000
2014/07/02,0,451000,-595000,-144000
2014/07/03,0,1958000,-495000,1463000
2014/07/04,0,426000,-886000,-460000
2014/07/07,0,146000,-429000,-283000
2014/07/08,0,241000,-189000,52000
2014/07/09,0,70000,-105000,-35000
2014/07/10,0,925000,-225000,700000
2014/07/11,0,177000,-678000,-501000
2014/07/14,0,1144000,-136000,1008000
2014/07/15,0,1376000,-76000,1300000
2014/07/16,0,95000,-1877161,-1782161
2014/07/17,0,62000,-318000,-256000
2014/07/18,0,420000,-603000,-183000
2014/07/21,0,300000,-255000,45000
2014/07/22,0,434000,-285000,149000
2014/07/23,0,0,0,0
2014/07/24,0,199000,-671000,-472000
2014/07/25,0,95000,-791000,-696000
2014/07/28,0,178000,-26000,152000
2014/07/29,0,537000,-163000,374000
2014/07/30,0,14000,-409000,-395000
2014/07/31,0,181000,-285000,-104000
2014/08/01,0,464000,-960000,-496000
2014/08/04,0,237000,-293000,-56000
2014/08/05,0,517000,-752000,-235000
2014/08/06,0,127000,-427000,-300000
2014/08/07,0,283000,-341000,-58000
2014/08/08,0,44000,-132000,-88000
2014/08/11,0,98000,-89000,9000
2014/08/12,0,119000,-80000,39000
2014/08/13,0,91000,-305000,-214000
2014/08/14,0,233000,-996000,-763000
2014/08/15,0,630000,-238000,392000
2014/08/18,0,687000,-180000,507000
2014/08/19,0,333000,-510000,-177000
2014/08/20,0,373000,-579000,-206000
2014/08/21,0,613000,-933000,-320000
2014/08/22,0,3025000,-231000,2794000
2014/08/25,0,1396000,-432000,964000
2014/08/26,0,406000,-323000,83000
2014/08/27,0,297000,-1981000,-1684000
2014/08/28,0,10000,-888000,-878000
2014/08/29,0,305000,-131000,174000
2014/09/01,0,801000,-242000,559000
2014/09/02,0,111000,-574000,-463000
2014/09/03,0,270000,-671000,-401000
2014/09/04,0,559000,-39000,520000
2014/09/05,0,58000,-217000,-159000
2014/09/09,0,117000,-380000,-263000
2014/09/10,0,335000,-76000,259000
2014/09/11,0,1298000,-93000,1205000
2014/09/12,0,146000,-2116000,-1970000
2014/09/15,0,243000,-454000,-211000
2014/09/16,0,276000,-439000,-163000
2014/09/17,0,536000,-785000,-249000
2014/09/18,0,656000,-430000,226000
2014/09/19,0,839000,-822000,17000
2014/09/22,0,540000,-831000,-291000
2014/09/23,0,1558000,-232000,1326000
2014/09/24,0,356000,-1084607,-728607
2014/09/25,0,538000,-484000,54000
2014/09/26,0,156000,-90000,66000
2014/09/29,0,200000,-40000,160000
2014/09/30,0,468000,-1222000,-754000
2014/10/01,0,2027000,-180000,1847000
2014/10/02,0,364000,-831000,-467000
2014/10/03,0,255000,-180000,75000
2014/10/06,0,1425000,-609000,816000
2014/10/07,0,379000,-1237000,-858000
2014/10/08,0,396000,-550000,-154000
2014/10/09,0,687000,-1030000,-343000
2014/10/13,0,545000,-366000,179000
2014/10/14,0,291000,-57000,234000
2014/10/15,0,323000,-403000,-80000
2014/10/16,0,853000,-572000,281000
2014/10/17,0,1262000,-944000,318000
2014/10/20,0,758000,-958000,-200000
2014/10/21,0,1400000,-773000,627000
2014/10/22,0,195000,-803000,-608000
2014/10/23,0,885000,-58000,827000
2014/10/24,0,539000,-1019000,-480000
2014/10/27,0,771000,-261000,510000
2014/10/28,0,428000,-330103,97897
2014/10/29,0,770000,-375000,395000
2014/10/30,0,124000,-230000,-106000
2014/10/31,0,640000,-5000,635000
2014/11/03,0,1231000,-589000,642000
2014/11/04,0,184000,-872000,-688000
2014/11/05,0,558000,-396000,162000
2014/11/06,0,112000,-229000,-117000
2014/11/07,0,703000,-95000,608000
2014/11/10,0,616000,-822000,-206000
2014/11/11,0,839000,-330000,509000
2014/11/12,0,440000,-948000,-508000
2014/11/13,0,806000,-174000,632000
2014/11/14,0,255000,-245000,10000
2014/11/17,0,258000,-1757000,-1499000
2014/11/18,0,2229000,-508000,1721000
2014/11/19,0,181000,-356000,-175000
2014/11/20,0,200000,-416000,-216000
2014/11/21,0,84000,-358279,-274279
2014/11/24,0,737000,-122000,615000
2014/11/25,0,712000,-210000,502000
2014/11/26,0,541000,-376000,165000
2014/11/27,0,434000,-311000,123000
2014/11/28,0,294000,-350000,-56000
2014/12/01,0,376000,-234000,142000
2014/12/02,0,127000,-71773,55227
2014/12/03,0,1542000,-361000,1181000
2014/12/04,0,2253000,-919000,1334000
2014/12/05,0,481000,-1370000,-889000
2014/12/08,0,115000,-277000,-162000
2014/12/09,0,269000,-948000,-679000
2014/12/10,0,198000,-330000,-132000
2014/12/11,0,161000,-87000,74000
2014/12/12,0,974000,-324000,650000
2014/12/15,0,361000,-731000,-370000
2014/12/16,0,110000,-426000,-316000
2014/12/17,0,134000,-886993,-752993
2014/12/18,0,409000,-610000,-201000
2014/12/19,0,298000,-735000,-437000
2014/12/22,0,2797000,-315000,2482000
2014/12/23,0,142000,-1253000,-1111000
2014/12/24,0,1814000,-140000,1674000
2014/12/25,0,112000,-740000,-628000
2014/12/26,0,101000,-218000,-117000
2014/12/29,0,854000,-261000,593000
2014/12/30,0,75000,-692000,-617000
2014/12/31,0,28000,-206000,-178000
2015/01/01,0,0,0,0
2015/01/02,0,0,0,0
2015/01/05,0,1010885,-110000,900885
2015/01/06,0,190000,-1338000,-1148000
2015/01/07,0,696000,-270000,426000
2015/01/08,0,458000,-545000,-87000
2015/01/09,0,425000,-675000,-250000
2015/01/12,0,996000,-90000,906000
2015/01/13,0,776000,-774000,2000
2015/01/14,0,10455000,-672000,9783000
2015/01/15,0,6215000,-6105000,110000
2015/01/16,0,1225000,-3808175,-2583175
2015/01/19,0,3149000,-1497000,1652000
2015/01/20,0,1633000,-2505000,-872000
2015/01/21,0,655000,-2797105,-2142105
2015/01/22,0,1721000,-924000,797000
2015/01/23,0,1404000,-1361000,43000
2015/01/26,0,3743000,-563000,3180000
2015/01/27,0,237000,-2596000,-2359000
2015/01/28,0,4032000,-1096000,2936000
2015/01/29,0,930000,-3393000,-2463000
2015/01/30,0,1102000,-1442000,-340000
2015/02/02,0,652000,-467000,185000
2015/02/03,0,531000,-1635000,-1104000
2015/02/04,0,1277000,-1029106,247894
2015/02/05,0,108000,-1734105,-1626105
2015/02/06,0,585000,-903000,-318000
2015/02/09,0,629000,-345000,284000
2015/02/10,0,377000,-3318000,-2941000
2015/02/11,0,971000,-292000,679000
2015/02/12,0,136000,-503000,-367000
2015/02/13,0,225000,-1071000,-846000
2015/02/16,0,0,0,0
2015/02/17,0,0,0,0
2015/02/18,0,0,0,0
2015/02/19,0,0,0,0
2015/02/20,0,0,0,0
2015/02/23,0,0,0,0
2015/02/24,0,3493000,-502000,2991000
2015/02/25,0,387000,-1188070,-801070
2015/02/26,0,913000,-487000,426000
2015/02/27,0,0,0,0
2015/03/02,0,2046000,-235000,1811000
2015/03/03,0,207000,-1601000,-1394000
2015/03/04,0,1626000,-382000,1244000
2015/03/05,0,387000,-890661,-503661
2015/03/06,0,516000,-778000,-262000
2015/03/09,0,239000,-296000,-57000
2015/03/10,0,97000,-213000,-116000
2015/03/11,0,250000,-1370000,-1120000
2015/03/12,0,2053000,-286125,1766875
2015/03/13,0,215000,-899000,-684000
2015/03/16,0,110000,-460000,-350000
2015/03/17,0,174000,-458070,-284070
2015/03/18,0,795000,-380000,415000
2015/03/19,0,282000,-573000,-291000
2015/03/20,0,257000,-269000,-12000
2015/03/23,0,395000,-1140000,-745000
2015/03/24,0,704000,-167000,537000
2015/03/25,0,2943000,-857000,2086000
2015/03/26,0,463000,-1603000,-1140000
2015/03/27,0,712000,-1757000,-1045000
2015/03/30,0,347000,-2253000,-1906000
2015/03/31,0,2334115,-1086000,1248115
2015/04/01,0,183000,-1741000,-1558000
2015/04/02,0,370000,-284000,86000
2015/04/03,0,0,0,0
2015/04/06,0,0,0,0
2015/04/07,0,447000,-160000,287000
2015/04/08,0,65000,-1831000,-1766000
2015/04/09,0,447000,-581000,-134000
2015/04/10,0,526000,-505000,21000
2015/04/13,0,301000,-500000,-199000
2015/04/14,0,1797000,-133000,1664000
2015/04/15,0,244000,-1041000,-797000
2015/04/16,0,612000,-282000,330000
2015/04/17,0,124000,-1027000,-903000
2015/04/20,0,269000,-674000,-405000
2015/04/21,0,539000,-368000,171000
2015/04/22,0,1227000,-438000,789000
2015/04/23,0,87000,-438000,-351000
2015/04/24,0,633000,-683000,-50000
2015/04/27,0,568000,-561000,7000
2015/04/28,0,442000,-252000,190000
2015/04/29,0,170000,-277000,-107000
2015/04/30,0,251000,-918000,-667000
2015/05/01,0,0,0,0
2015/05/04,0,717000,-457000,260000
2015/05/05,0,291000,-311000,-20000
2015/05/06,0,492000,-748000,-256000
2015/05/07,0,767000,-229000,538000
2015/05/08,0,53000,-390000,-337000
2015/05/11,0,108000,-1106000,-998000
2015/05/12,0,1442000,-74000,1368000
2015/05/13,0,383000,-114000,269000
2015/05/14,0,73000,-353000,-280000
2015/05/15,0,26000,-287000,-261000
2015/05/18,0,102000,-104000,-2000
2015/05/19,0,2721000,-12000,2709000
2015/05/20,0,4000,-2111000,-2107000
2015/05/21,0,861000,-155000,706000
2015/05/22,0,290000,-949000,-659000
2015/05/25,0,21000,-653000,-632000
2015/05/26,0,1782000,-312000,1470000
2015/05/27,0,228000,-1315000,-1087000
2015/05/28,0,128000,-362000,-234000
2015/05/29,0,54000,-129000,-75000
2015/06/01,0,185000,-183000,2000
2015/06/02,0,10000,-487000,-477000
2015/06/03,0,53000,-122000,-69000
2015/06/04,0,135000,-455000,-320000
2015/06/05,0,256000,-318000,-62000
2015/06/08,0,148000,-20000,128000
2015/06/09,0,213000,-298000,-85000
2015/06/10,0,167000,-444000,-277000
2015/06/11,0,201000,-57000,144000
2015/06/12,0,143000,-209000,-66000
2015/06/15,0,157000,-82000,75000
2015/06/16,0,453000,-593000,-140000
2015/06/17,0,914000,-172000,742000
2015/06/18,0,148000,-276000,-128000
2015/06/19,0,0,0,0
2015/06/22,0,42000,-289000,-247000
2015/06/23,0,83000,-155000,-72000
2015/06/24,0,41000,-102000,-61000
2015/06/25,0,269000,-389000,-120000
2015/06/26,0,114000,-209000,-95000
2015/06/29,0,78000,-186000,-108000
2015/06/30,0,81000,-147000,-66000
2015/07/01,0,125000,-13000,112000
2015/07/02,0,25000,-88000,-63000
2015/07/03,0,318000,-32000,286000
2015/07/06,0,55000,-57000,-2000
2015/07/07,0,149000,-78000,71000
2015/07/08,0,324000,-141000,183000
2015/07/09,0,867000,-66000,801000
2015/07/10,0,0,0,0
2015/07/13,0,159000,-148000,11000
2015/07/14,0,529000,-344000,185000
2015/07/15,0,3135000,-186000,2949000
2015/07/16,0,1208000,-1348000,-140000
2015/07/17,0,400000,-205000,195000
2015/07/20,0,189000,-1933000,-1744000
2015/07/21,0,411000,-451000,-40000
2015/07/22,0,271000,-132000,139000
2015/07/23,0,337000,-273000,64000
2015/07/24,0,351000,-538000,-187000
2015/07/27,0,692000,-981000,-289000
2015/07/28,0,925000,-283000,642000
2015/07/29,0,47000,-468000,-421000
2015/07/30,0,610000,-81000,529000
2015/07/31,0,462000,-739000,-277000
2015/08/03,0,256000,-354000,-98000
2015/08/04,0,409000,-138000,271000
2015/08/05,0,218000,-3000,215000
2015/08/06,0,555000,-418000,137000
2015/08/07,0,854000,-428000,426000
2015/08/10,0,313000,-231000,82000
2015/08/11,0,155000,-302000,-147000
2015/08/12,0,363000,-71000,292000
2015/08/13,0,414000,-567000,-153000
2015/08/14,0,698000,-513000,185000
2015/08/17,0,511000,-197000,314000
2015/08/18,0,334000,-484457,-150457
2015/08/19,0,819000,-917000,-98000
2015/08/20,0,954000,-44000,910000
2015/08/21,0,366000,-157000,209000
2015/08/24,0,836000,-392000,444000
2015/08/25,0,1034000,-431000,603000
2015/08/26,0,176000,-402000,-226000
2015/08/27,0,678000,-289000,389000
2015/08/28,0,525000,-504000,21000
2015/08/31,0,126000,-125000,1000
2015/09/01,0,237000,-483000,-246000
2015/09/02,0,1011000,-294000,717000
2015/09/03,0,216000,-978000,-762000
2015/09/04,0,71000,-128000,-57000
2015/09/07,0,1590000,-181000,1409000
2015/09/08,0,247000,-692000,-445000
2015/09/09,0,878000,-572000,306000
2015/09/10,0,85000,-862000,-777000
2015/09/11,0,1773000,-143000,1630000
2015/09/14,0,34000,-996000,-962000
2015/09/15,0,45000,-121000,-76000
2015/09/16,0,733000,-381000,352000
2015/09/17,0,2185000,-1345000,840000
2015/09/18,0,345000,-1136000,-791000
2015/09/21,0,39000,-746000,-707000
2015/09/22,0,226000,-401000,-175000
2015/09/23,0,170000,-939000,-769000
2015/09/24,0,878000,-341000,537000
2015/09/25,0,554000,-263000,291000
2015/09/28,0,0,0,0
2015/09/29,0,0,0,0
2015/09/30,0,376000,-253000,123000
2015/10/01,0,637000,-184000,453000
2015/10/02,0,199000,-514000,-315000
2015/10/05,0,151000,-205563,-54563
2015/10/06,0,317000,-658000,-341000
2015/10/07,0,3458000,-577000,2881000
2015/10/08,0,1091000,-2851000,-1760000
2015/10/09,0,0,0,0
2015/10/12,0,99000,-569000,-470000
2015/10/13,0,1463000,-209000,1254000
2015/10/14,0,122000,-1458000,-1336000
2015/10/15,0,230000,-542000,-312000
2015/10/16,0,426000,-396000,30000
2015/10/19,0,821000,-324000,497000
2015/10/20,0,126000,-587000,-461000
2015/10/21,0,82000,-30000,52000
2015/10/22,0,2586000,-241000,2345000
2015/10/23,0,46000,-2622000,-2576000
2015/10/26,0,313000,-152000,161000
2015/10/27,0,27000,-690000,-663000
2015/10/28,0,213000,-96000,117000
2015/10/29,0,214000,-441000,-227000
2015/10/30,0,97000,-276000,-179000
2015/11/02,0,108000,-30000,78000
2015/11/03,0,12000,-146000,-134000
2015/11/04,0,1840000,-28000,1812000
2015/11/05,0,1905000,-1794000,111000
2015/11/06,0,357000,-1424000,-1067000
2015/11/09,0,1048000,-653000,395000
2015/11/10,0,1392000,-406000,986000
2015/11/11,0,737000,-2071000,-1334000
2015/11/12,0,547000,-829000,-282000
2015/11/13,0,560000,-136000,424000
2015/11/16,0,608000,-125000,483000
2015/11/17,0,244000,-174000,70000
2015/11/18,0,261000,-833000,-572000
2015/11/19,0,275000,-455000,-180000
2015/11/20,0,373000,-177000,196000
2015/11/23,0,178000,-109000,69000
2015/11/24,0,1218000,-423000,795000
2015/11/25,0,47000,-793000,-746000
2015/11/26,0,1828000,-642000,1186000
2015/11/27,0,599000,-1195000,-596000
2015/11/30,0,806000,-207000,599000
2015/12/01,0,356000,-930000,-574000
2015/12/02,0,232000,-481000,-249000
2015/12/03,0,791000,-90000,701000
2015/12/04,0,1179000,-881000,298000
2015/12/07,0,796000,-912000,-116000
2015/12/08,0,43000,-330000,-287000
2015/12/09,0,3481000,-465000,3016000
2015/12/10,0,371000,-2597000,-2226000
2015/12/11,0,576000,-767000,-191000
2015/12/14,0,274000,-794000,-520000
2015/12/15,0,889000,-275000,614000
2015/12/16,0,2999000,-1308000,1691000
2015/12/17,0,984000,-3457000,-2473000
2015/12/18,0,2104000,-352000,1752000
2015/12/21,0,3200000,-1212000,1988000
2015/12/22,0,263000,-1931000,-1668000
2015/12/23,0,3221000,-1516000,1705000
2015/12/24,0,1810000,-3842000,-2032000
2015/12/25,0,1023000,-646000,377000
2015/12/28,0,712000,-509000,203000
2015/12/29,0,511000,-777000,-266000
2015/12/30,0,165000,-274000,-109000
2015/12/31,0,65000,-334000,-269000
2016/01/01,0,0,0,0
2016/01/04,0,709000,-1057000,-348000
2016/01/05,0,2221000,-627000,1594000
2016/01/06,0,2220000,-1249000,971000
2016/01/07,0,886000,-1640000,-754000
2016/01/08,0,939000,-386000,553000
2016/01/11,0,1533000,-345000,1188000
2016/01/12,0,1770000,-1444000,326000
2016/01/13,0,811000,-2360000,-1549000
2016/01/14,0,2729000,-1341000,1388000
2016/01/15,0,1105000,-1759000,-654000
2016/01/18,0,1574000,-318000,1256000
2016/01/19,0,800000,-1137000,-337000
2016/01/20,0,1687000,-1047000,640000
2016/01/21,0,3152000,-1218000,1934000
2016/01/22,0,1624000,-3368000,-1744000
2016/01/25,0,328000,-2084000,-1756000
2016/01/26,0,693000,-403000,290000
2016/01/27,0,3685000,-2792000,893000
2016/01/28,0,1072000,-3082000,-2010000
2016/01/29,0,505000,-1702000,-1197000
2016/02/01,0,772000,-809000,-37000
2016/02/02,0,499000,-1840000,-1341000
2016/02/03,0,415000,-607000,-192000
2016/02/04,0,0,0,0
2016/02/05,0,0,0,0
2016/02/08,0,0,0,0
2016/02/09,0,0,0,0
2016/02/10,0,0,0,0
2016/02/11,0,0,0,0
2016/02/12,0,0,0,0
2016/02/15,0,727000,-797000,-70000
2016/02/16,0,464000,-234000,230000
2016/02/17,0,1495000,-900000,595000
2016/02/18,0,1894000,-2493000,-599000
2016/02/19,0,468000,-1844000,-1376000
2016/02/22,0,311000,-655000,-344000
2016/02/23,0,422000,-396000,26000
2016/02/24,0,339000,-902000,-563000
2016/02/25,0,336000,-527000,-191000
2016/02/26,0,251000,-381000,-130000
2016/02/29,0,0,0,0
2016/03/01,0,265000,-201000,64000
2016/03/02,0,174000,-344000,-170000
2016/03/03,0,1733000,-597000,1136000
2016/03/04,0,464000,-1171000,-707000
2016/03/07,0,307000,-632000,-325000
2016/03/08,0,404000,-551000,-147000
2016/03/09,0,1028000,-251000,777000
2016/03/10,0,203000,-531000,-328000
2016/03/11,0,134000,-251000,-117000
2016/03/14,0,159000,-72000,87000
2016/03/15,0,74000,-1027000,-953000
2016/03/16,0,240000,-237000,3000
2016/03/17,0,2973000,-411000,2562000
2016/03/18,0,248000,-2591000,-2343000
2016/03/21,0,715000,-253000,462000
2016/03/22,0,3454000,-837000,2617000
2016/03/23,0,711000,-2771000,-2060000
2016/03/24,0,628000,-1439000,-811000
2016/03/25,0,618000,-557000,61000
2016/03/28,0,385000,-807000,-422000
2016/03/29,0,648000,-757000,-109000
2016/03/30,0,829000,-923000,-94000
2016/03/31,0,386000,-576000,-190000
2016/04/01,0,302000,-536000,-234000
2016/04/04,0,0,0,0
2016/04/05,0,0,0,0
2016/04/06,0,367000,-942000,-575000
2016/04/07,0,5619000,-326000,5293000
2016/04/08,0,267000,-2957000,-2690000
2016/04/11,0,912000,-830000,82000
2016/04/12,0,743000,-1313000,-570000
2016/04/13,0,754000,-921000,-167000
2016/04/14,0,1546000,-1514000,32000
2016/04/15,0,498000,-1028000,-530000
2016/04/18,0,155000,-703000,-548000
2016/04/19,0,820000,-721000,99000
2016/04/20,0,103000,-1397000,-1294000
2016/04/21,0,1609000,-92000,1517000
2016/04/22,0,242000,-1092000,-850000
2016/04/25,0,771000,-332000,439000
2016/04/26,0,603000,-680000,-77000
2016/04/27,0,1367000,-821000,546000
2016/04/28,0,507000,-1489000,-982000
2016/04/29,0,541000,-628000,-87000
2016/05/02,0,0,0,0
2016/05/03,0,534000,-222000,312000
2016/05/04,0,588000,-773000,-185000
2016/05/05,0,352000,-274000,78000
2016/05/06,0,392000,-213000,179000
2016/05/09,0,984000,-347000,637000
2016/05/10,0,654000,-526000,128000
2016/05/11,0,379000,-311000,68000
2016/05/12,0,195000,-129000,66000
2016/05/13,0,483000,-199000,284000
2016/05/16,0,80000,-175000,-95000
2016/05/17,0,1184000,-36000,1148000
2016/05/18,0,245000,-919000,-674000
2016/05/19,0,153000,-219000,-66000
2016/05/20,0,223000,-280000,-57000
2016/05/23,0,889000,-101000,788000
2016/05/24,0,246000,-788000,-542000
2016/05/25,0,871000,-267000,604000
2016/05/26,0,179000,-374000,-195000
2016/05/27,0,1125000,-108000,1017000
2016/05/30,0,1368000,-614000,754000
2016/05/31,0,763000,-1721000,-958000
2016/06/01,0,897000,-739000,158000
2016/06/02,0,638000,-1166000,-528000
2016/06/03,0,273000,-856000,-583000
2016/06/06,0,22000,-400000,-378000
2016/06/07,0,512000,-171000,341000
2016/06/08,0,20000,-328000,-308000
2016/06/09,0,0,0,0
2016/06/10,0,0,0,0
2016/06/13,0,28000,-369000,-341000
2016/06/14,0,245000,-160000,85000
2016/06/15,0,186000,-173000,13000
2016/06/16,0,35000,-189000,-154000
2016/06/17,0,117000,-64000,53000
2016/06/20,0,1343000,-125000,1218000
2016/06/21,0,187000,-1032000,-845000
2016/06/22,0,97000,-189000,-92000
2016/06/23,0,100000,-185000,-85000
2016/06/24,0,52000,-707000,-655000
2016/06/27,0,31000,-144000,-113000
2016/06/28,0,756000,-164000,592000
2016/06/29,0,77000,-496000,-419000
2016/06/30,0,132000,-287000,-155000
2016/07/01,0,1188000,-329000,859000
2016/07/04,0,768000,-438000,330000
2016/07/05,0,710000,-191000,519000
2016/07/06,0,1747000,-273000,1474000
2016/07/07,0,1289000,-119000,1170000
2016/07/08,0,0,0,0
2016/07/11,0,3235000,-399000,2836000
2016/07/12,0,3196000,-829000,2367000
2016/07/13,0,6532000,-1385000,5147000
2016/07/14,0,356000,-5101000,-4745000
2016/07/15,0,848000,-1311000,-463000
2016/07/18,0,1711000,-1909000,-198000
2016/07/19,0,333000,-1211000,-878000
2016/07/20,0,434000,-1683000,-1249000
2016/07/21,0,544000,-452000,92000
2016/07/22,0,712000,-416000,296000
2016/07/25,0,53000,-903000,-850000
2016/07/26,0,118000,-876000,-758000
2016/07/27,0,71000,-497000,-426000
2016/07/28,0,946000,-111000,835000
2016/07/29,0,189000,-643000,-454000
2016/08/01,0,141000,-352000,-211000
2016/08/02,0,87000,-556000,-469000
2016/08/03,0,144000,-243000,-99000
2016/08/04,0,132000,-222000,-90000
2016/08/05,0,524000,-124000,400000
2016/08/08,0,1150000,-678000,472000
2016/08/09,0,88000,-1486000,-1398000
2016/08/10,0,258000,-426000,-168000
2016/08/11,0,173000,-412000,-239000
2016/08/12,0,84000,-167000,-83000
2016/08/15,0,1049000,-87000,962000
2016/08/16,0,82000,-897000,-815000
2016/08/17,0,131000,-543000,-412000
2016/08/18,0,33000,-338000,-305000
2016/08/19,0,67000,-246000,-179000
2016/08/22,0,565000,-119000,446000
2016/08/23,0,27000,-348000,-321000
2016/08/24,0,27000,-76000,-49000
2016/08/25,0,806000,-128000,678000
2016/08/26,0,62000,-532000,-470000
2016/08/29,0,60000,-120000,-60000
2016/08/30,0,50000,-196000,-146000
2016/08/31,0,506000,-153000,353000
2016/09/01,0,39000,-496000,-457000
2016/09/02,0,253000,-263000,-10000
2016/09/05,0,97000,-241000,-144000
2016/09/06,0,359000,-137000,222000
2016/09/07,0,1530000,-232000,1298000
2016/09/08,0,2378000,-798000,1580000
2016/09/09,0,432000,-1261000,-829000
2016/09/12,0,101000,-135000,-34000
2016/09/13,0,502000,-419000,83000
2016/09/14,0,38000,-672000,-634000
2016/09/15,0,0,0,0
2016/09/16,0,0,0,0
2016/09/19,0,403000,-214000,189000
2016/09/20,0,891000,-374000,517000
2016/09/21,0,266000,-1440000,-1174000
2016/09/22,0,89000,-798000,-709000
2016/09/23,0,1054000,-102000,952000
2016/09/26,0,52000,-567000,-515000
2016/09/27,0,0,0,0
2016/09/28,0,0,0,0
2016/09/29,0,781000,-120000,661000
2016/09/30,0,891000,-803000,88000
2016/10/03,0,181000,-576000,-395000
2016/10/04,0,2368000,-138000,2230000
2016/10/05,0,278000,-645000,-367000
2016/10/06,0,168000,-391000,-223000
2016/10/07,0,261000,-422000,-161000
2016/10/10,0,0,0,0
2016/10/11,0,174000,-656000,-482000
2016/10/12,0,565000,-319000,246000
2016/10/13,0,708000,-715000,-7000
2016/10/14,0,243000,-797000,-554000
2016/10/17,0,188000,-797000,-609000
2016/10/18,0,92000,-415000,-323000
2016/10/19,0,188000,-243000,-55000
2016/10/20,0,1181000,-150000,1031000
2016/10/21,0,217000,-1128000,-911000
2016/10/24,0,174000,-107000,67000
2016/10/25,0,764000,-117000,647000
2016/10/26,0,372000,-367000,5000
2016/10/27,0,64000,-32000,32000
2016/10/28,0,45000,-97000,-52000
2016/10/31,0,100000,-59000,41000
2016/11/01,0,198000,-108000,90000
2016/11/02,0,213000,-170000,43000
2016/11/03,0,152000,-116000,36000
2016/11/04,0,95000,-536000,-441000
2016/11/07,0,228000,-38000,190000
2016/11/08,0,18000,-159000,-141000
2016/11/09,0,583000,-269000,314000
2016/11/10,0,86000,-69000,17000
2016/11/11,0,533000,-115000,418000
2016/11/14,0,525000,-114000,411000
2016/11/15,0,100000,-76000,24000
2016/11/16,0,530000,-72000,458000
2016/11/17,0,120000,-362000,-242000
2016/11/18,0,120000,-83000,37000
2016/11/21,0,494000,-105000,389000
2016/11/22,0,406000,-111000,295000
2016/11/23,0,1091000,-162000,929000
2016/11/24,0,282000,-275000,7000
2016/11/25,0,7000,-72000,-65000
2016/11/28,0,248000,-23808,224192
2016/11/29,0,87000,-171000,-84000
2016/11/30,0,306000,-24000,282000
2016/12/01,0,93000,-254000,-161000
2016/12/02,0,96000,-64000,32000
2016/12/05,0,88000,-282000,-194000
2016/12/06,0,134000,-7000,127000
2016/12/07,0,212000,-1000,211000
2016/12/08,0,257000,-265000,-8000
2016/12/09,0,626000,-122000,504000
2016/12/12,0,253000,-126000,127000
2016/12/13,0,226000,-181000,45000
2016/12/14,0,731000,-66000,665000
2016/12/15,0,593000,-311000,282000
2016/12/16,0,492000,-189000,303000
2016/12/19,0,122000,-39000,83000
2016/12/20,0,119000,-63000,56000
2016/12/21,0,273000,-27000,246000
2016/12/22,0,90000,-34000,56000
2016/12/23,0,155000,-21000,134000
2016/12/26,0,475000,-11000,464000
2016/12/27,0,216000,-31000,185000
2016/12/28,0,22000,-152000,-130000
2016/12/29,0,189000,-9000,180000
2016/12/30,0,815000,-467000,348000
2017/01/02,0,0,0,0
2017/01/03,0,679000,-472000,207000
2017/01/04,0,408000,-350000,58000
2017/01/05,0,796000,-109000,687000
2017/01/06,0,221000,-732000,-511000
2017/01/09,0,1085000,-249000,836000
2017/01/10,0,141000,-716000,-575000
2017/01/11,0,72000,-160000,-88000
2017/01/12,0,169000,-243000,-74000
2017/01/13,0,8000,-181000,-173000
2017/01/16,0,3000,-104000,-101000
2017/01/17,0,152000,-80000,72000
2017/01/18,0,666000,-789000,-123000
2017/01/19,0,43000,-333000,-290000
2017/01/20,0,5000,-168000,-163000
2017/01/23,0,14000,-116000,-102000
2017/01/24,0,20000,-161000,-141000
2017/01/25,0,0,0,0
2017/01/26,0,0,0,0
2017/01/27,0,0,0,0
2017/01/30,0,0,0,0
2017/01/31,0,0,0,0
2017/02/01,0,0,0,0
2017/02/02,0,20000,-116000,-96000
2017/02/03,0,41000,-230000,-189000
2017/02/06,0,7000,-139000,-132000
2017/02/07,0,4000,-48000,-44000
2017/02/08,0,0,-221000,-221000
2017/02/09,0,86000,-21000,65000
2017/02/10,0,602000,-118000,484000
2017/02/13,0,270000,-332000,-62000
2017/02/14,0,3488000,-240000,3248000
2017/02/15,0,102000,-1970000,-1868000
2017/02/16,0,56000,-658000,-602000
2017/02/17,0,29000,-269000,-240000
2017/02/20,0,124000,-128000,-4000
2017/02/21,0,7000,-19000,-12000
2017/02/22,0,69000,-34000,35000
2017/02/23,0,15000,-101000,-86000
2017/02/24,0,6000,-30000,-24000
2017/02/27,0,0,0,0
2017/02/28,0,0,0,0
2017/03/01,0,76000,-141000,-65000
2017/03/02,0,86000,-183000,-97000
2017/03/03,0,145000,-133000,12000
2017/03/06,0,1000,-209000,-208000
2017/03/07,0,65000,-39000,26000
2017/03/08,0,623000,-107000,516000
2017/03/09,0,62000,-544000,-482000
2017/03/10,0,29000,-120000,-91000
2017/03/13,0,133000,-19000,114000
2017/03/14,0,1413000,-140000,1273000
2017/03/15,0,52000,-1118000,-1066000
2017/03/16,0,219000,-203000,16000
2017/03/17,0,1000,-202000,-201000
2017/03/20,0,105000,-97000,8000
2017/03/21,0,405000,-372000,33000
2017/03/22,0,182000,-247000,-65000
2017/03/23,0,24000,-376000,-352000
2017/03/24,0,0,-185000,-185000
2017/03/27,0,149000,0,149000
2017/03/28,0,101000,-253000,-152000
2017/03/29,0,125000,-87000,38000
2017/03/30,0,60000,-137000,-77000
2017/03/31,0,177000,-186000,-9000
2017/04/03,0,0,0,0
2017/04/04,0,0,0,0
2017/04/05,0,47000,-140000,-93000
2017/04/06,0,57000,-65000,-8000
2017/04/07,0,0,-134000,-134000
2017/04/10,0,140000,-8000,132000
2017/04/11,0,52000,-118000,-66000
2017/04/12,0,82000,-95000,-13000
2017/04/13,0,567000,-22000,545000
2017/04/14,0,173000,-469000,-296000
2017/04/17,0,259000,-32000,227000
2017/04/18,0,38000,-59000,-21000
2017/04/19,0,232000,-128000,104000
2017/04/20,0,222000,-43000,179000
2017/04/21,0,165000,-138000,27000
2017/04/24,0,443000,-172345,270655
2017/04/25,0,209000,-393000,-184000
2017/04/26,0,738000,-136000,602000
2017/04/27,0,237000,-411000,-174000
2017/04/28,0,389000,-314000,75000
2017/05/01,0,0,0,0
2017/05/02,0,141000,-563000,-422000
2017/05/03,0,1792000,-104000,1688000
2017/05/04,0,150000,-1687000,-1537000
2017/05/05,0,13000,-497000,-484000
2017/05/08,0,242000,-40000,202000
2017/05/09,0,1625000,-39006,1585994
2017/05/10,0,23000,-1433000,-1410000
2017/05/11,0,36000,-39000,-3000
2017/05/12,0,266000,-114000,152000
2017/05/15,0,305000,-123000,182000
2017/05/16,0,653000,-465000,188000
2017/05/17,0,577000,-243000,334000
2017/05/18,0,70000,-254000,-184000
2017/05/19,0,23000,-194000,-171000
2017/05/22,0,0,-146000,-146000
2017/05/23,0,254000,-205000,49000
2017/05/24,0,563000,-343000,220000
2017/05/25,0,539000,-454000,85000
2017/05/26,0,14000,-207000,-193000
2017/05/29,0,0,0,0
2017/05/30,0,0,0,0
2017/05/31,0,78000,-83000,-5000
2017/06/01,0,218000,-6000,212000
2017/06/02,0,261000,-231000,30000
2017/06/05,0,1706000,-145000,1561000
2017/06/06,0,794000,-1645336,-851336
2017/06/07,0,899000,-336000,563000
2017/06/08,0,1568000,-440000,1128000
2017/06/09,0,864000,-739000,125000
2017/06/12,0,411000,-648000,-237000
2017/06/13,0,950000,-1416000,-466000
2017/06/14,0,47000,-974000,-927000
2017/06/15,0,86000,-721000,-635000
2017/06/16,0,396000,-300000,96000
2017/06/19,0,648000,-408000,240000
2017/06/20,0,1443000,-512000,931000
2017/06/21,0,4118000,-1432000,2686000
2017/06/22,0,82000,-4686000,-4604000
2017/06/23,0,493000,-1676000,-1183000
2017/06/26,0,374000,-2837000,-2463000
2017/06/27,0,478000,-1978000,-1500000
2017/06/28,0,314000,-4153000,-3839000
2017/06/29,0,66000,-1631000,-1565000
2017/06/30,0,246000,-613000,-367000
2017/07/03,0,1815000,-203000,1612000
2017/07/04,0,287000,-1369000,-1082000
2017/07/05,0,427000,-661000,-234000
2017/07/06,0,49000,-515000,-466000
2017/07/07,0,224000,-450000,-226000
2017/07/10,0,1907000,-590000,1317000
2017/07/11,0,738000,-1648000,-910000
2017/07/12,0,1306000,-623000,683000
2017/07/13,0,507000,-1186000,-679000
2017/07/14,0,87000,-551000,-464000
2017/07/17,0,114000,-114000,0
2017/07/18,0,1139000,-40000,1099000
2017/07/19,0,768000,-467000,301000
2017/07/20,0,337000,-829000,-492000
2017/07/21,0,355000,-38000,317000
2017/07/24,0,22000,-231000,-209000
2017/07/25,0,816000,-192000,624000
2017/07/26,0,90000,-864000,-774000
2017/07/27,0,482000,-307000,175000
2017/07/28,0,14000,-911000,-897000
2017/07/31,0,90000,-200000,-110000
2017/08/01,0,157000,-460000,-303000
2017/08/02,0,167000,-62000,105000
2017/08/03,0,1719000,-231000,1488000
2017/08/04,0,2110000,-1225000,885000
2017/08/07,0,1612000,-1141000,471000
2017/08/08,0,418000,-1299000,-881000
2017/08/09,0,519000,-169000,350000
2017/08/10,0,338000,-62000,276000
2017/08/11,0,269000,-232000,37000
2017/08/14,0,1086000,-126000,960000
2017/08/15,0,1161000,-1138000,23000
2017/08/16,0,848000,-1960000,-1112000
2017/08/17,0,948000,-469000,479000
2017/08/18,0,196000,-824000,-628000
