Date,Open,Buy,Sell,Total
2007/01/02,0,4633000,-731000,3902000
2007/01/03,0,3590000,-2644400,945600
2007/01/04,0,7352800,-8051480,-698680
2007/01/05,0,2436000,-15775000,-13339000
2007/01/08,0,3449000,-7032167,-3583167
2007/01/09,0,1057000,-4816400,-3759400
2007/01/10,0,2043000,-7245000,-5202000
2007/01/11,0,16581200,-7974766,8606434
2007/01/12,0,29184000,-9762159,19421841
2007/01/15,0,5984000,-4432000,1552000
2007/01/16,0,7011000,-2643000,4368000
2007/01/17,0,9629000,-5923885,3705115
2007/01/18,0,12833850,-13275841,-441991
2007/01/19,0,7573000,-2964125,4608875
2007/01/22,0,7779000,-3389300,4389700
2007/01/23,0,1693000,-2381000,-688000
2007/01/24,0,9267000,-2009000,7258000
2007/01/25,0,3423000,-2356000,1067000
2007/01/26,0,2971000,-5542000,-2571000
2007/01/29,0,5634500,-7565707,-1931207
2007/01/30,0,7034009,-7297000,-262991
2007/01/31,0,5698000,-5465800,232200
2007/02/01,0,4332821,-3802800,530021
2007/02/02,0,5818000,-8861300,-3043300
2007/02/05,0,7376900,-3355130,4021770
2007/02/06,0,4983000,-2329000,2654000
2007/02/07,0,2635300,-1367300,1268000
2007/02/08,0,5075000,-5647147,-572147
2007/02/09,0,4774000,-3032800,1741200
2007/02/12,0,3864000,-2966808,897192
2007/02/13,0,2090000,-3621370,-1531370
2007/02/14,0,3536000,-5593937,-2057937
2007/02/15,0,0,0,0
2007/02/16,0,0,0,0
2007/02/19,0,0,0,0
2007/02/20,0,0,0,0
2007/02/21,0,0,0,0
2007/02/22,0,0,0,0
2007/02/23,0,0,0,0
2007/02/26,0,8360000,-9214410,-854410
2007/02/27,0,5047000,-7659545,-2612545
2007/02/28,0,0,0,0
2007/03/01,0,8688500,-17332600,-8644100
2007/03/02,0,4596000,-12707000,-8111000
2007/03/05,0,6024000,-17052056,-11028056
2007/03/06,0,6865000,-10784573,-3919573
2007/03/07,0,4397550,-5874015,-1476465
2007/03/08,0,1384000,-3152001,-1768001
2007/03/09,0,1205000,-1874406,-669406
2007/03/12,0,3306000,-6092237,-2786237
2007/03/13,0,2532000,-1856082,675918
2007/03/14,0,3812000,-8362300,-4550300
2007/03/15,0,5165000,-23676200,-18511200
2007/03/16,0,3546000,-12269090,-8723090
2007/03/19,0,1075000,-6669003,-5594003
2007/03/20,0,2453000,-5351400,-2898400
2007/03/21,0,9270000,-11291212,-2021212
2007/03/22,0,7357000,-16263883,-8906883
2007/03/23,0,5119000,-50675883,-45556883
2007/03/26,0,3189000,-16888001,-13699001
2007/03/27,0,4966000,-19628500,-14662500
2007/03/28,0,4423000,-25541670,-21118670
2007/03/29,0,6012000,-21982580,-15970580
2007/03/30,0,5056000,-10500500,-5444500
2007/04/02,0,10375000,-10748727,-373727
2007/04/03,0,5139200,-11074303,-5935103
2007/04/04,0,5400000,-7953100,-2553100
2007/04/05,0,0,0,0
2007/04/06,0,0,0,0
2007/04/09,0,2673000,-7053000,-4380000
2007/04/10,0,1790000,-11829000,-10039000
2007/04/11,0,8086000,-10758820,-2672820
2007/04/12,0,6429100,-6076986,352114
2007/04/13,0,815000,-1559800,-744800
2007/04/16,0,6966000,-10500225,-3534225
2007/04/17,0,7028000,-4502075,2525925
2007/04/18,0,1657500,-7498000,-5840500
2007/04/19,0,3906000,-7052000,-3146000
2007/04/20,0,1483000,-822000,661000
2007/04/23,0,3678000,-4809861,-1131861
2007/04/24,0,821000,-7780000,-6959000
2007/04/25,0,5485000,-21751196,-16266196
2007/04/26,0,1611000,-1888000,-277000
2007/04/27,0,5511000,-4632000,879000
2007/04/30,0,5851000,-14180800,-8329800
2007/05/01,0,0,0,0
2007/05/02,0,4166000,-6706000,-2540000
2007/05/03,0,7425900,-3888600,3537300
2007/05/04,0,10174406,-3894289,6280117
2007/05/07,0,1542000,-2011700,-469700
2007/05/08,0,1372038,-794000,578038
2007/05/09,0,5365000,-1563997,3801003
2007/05/10,0,11409000,-2676200,8732800
2007/05/11,0,10068000,-10137665,-69665
2007/05/14,0,3267594,-6302340,-3034746
2007/05/15,0,1739000,-5975095,-4236095
2007/05/16,0,4048000,-8007148,-3959148
2007/05/17,0,581000,-2057700,-1476700
2007/05/18,0,1180000,-1690000,-510000
2007/05/21,0,6517000,-502000,6015000
2007/05/22,0,8477000,-2600380,5876620
2007/05/23,0,4071000,-2595198,1475802
2007/05/24,0,181148,-1741500,-1560352
2007/05/25,0,430000,-6577700,-6147700
2007/05/28,0,1352000,-1225100,126900
2007/05/29,0,2876000,-851100,2024900
2007/05/30,0,2812000,-3669800,-857800
2007/05/31,0,8374000,-4058702,4315298
2007/06/01,0,4471000,-4247320,223680
2007/06/04,0,4104187,-2665099,1439088
2007/06/05,0,7301000,-1498000,5803000
2007/06/06,0,57859400,-8142000,49717400
2007/06/07,0,17785954,-5181142,12604812
2007/06/08,0,8274000,-4882000,3392000
2007/06/11,0,18451000,-4766964,13684036
2007/06/12,0,15878000,-3359000,12519000
2007/06/13,0,14004000,-3206563,10797437
2007/06/14,0,13983000,-2260000,11723000
2007/06/15,0,19180000,-1201053,17978947
2007/06/18,0,0,0,0
2007/06/19,0,0,0,0
2007/06/20,0,24307500,-6241000,18066500
2007/06/21,0,19257000,-6208000,13049000
2007/06/22,0,7018000,-5289099,1728901
2007/06/25,0,14710000,-3050000,11660000
2007/06/26,0,4995000,-3856000,1139000
2007/06/27,0,6097000,-1656000,4441000
2007/06/28,0,11564800,-3605373,7959427
2007/06/29,0,12329800,-4402710,7927090
2007/07/02,0,18054000,-2318415,15735585
2007/07/03,0,19871000,-4756600,15114400
2007/07/04,0,8947000,-3064400,5882600
2007/07/05,0,5767000,-4424000,1343000
2007/07/06,0,4811000,-8313000,-3502000
2007/07/09,0,10037000,-5982900,4054100
2007/07/10,0,7617000,-4883231,2733769
2007/07/11,0,4835300,-7413712,-2578412
2007/07/12,0,3386100,-3425642,-39542
2007/07/13,0,10531000,-4862205,5668795
2007/07/16,0,3982000,-4094800,-112800
2007/07/17,0,3016900,-9542500,-6525600
2007/07/18,0,6773000,-4908900,1864100
2007/07/19,0,25073000,-5369965,19703035
2007/07/20,0,26612000,-7049921,19562079
2007/07/23,0,10563000,-9134000,1429000
2007/07/24,0,8609600,-6912500,1697100
2007/07/25,0,5251100,-19549700,-14298600
2007/07/26,0,11160000,-5811089,5348911
2007/07/27,0,6683000,-18417147,-11734147
2007/07/30,0,9905000,-7827100,2077900
2007/07/31,0,11186000,-13565400,-2379400
2007/08/01,0,11179000,-17357480,-6178480
2007/08/02,0,7515000,-2616000,4899000
2007/08/03,0,12293000,-4476000,7817000
2007/08/06,0,5934283,-14738283,-8804000
2007/08/07,0,2368000,-7257000,-4889000
2007/08/08,0,7111000,-5852289,1258711
2007/08/09,0,5726000,-3439947,2286053
2007/08/10,0,2329000,-9909600,-7580600
2007/08/13,0,6657000,-8804486,-2147486
2007/08/14,0,4117000,-1957674,2159326
2007/08/15,0,6857000,-8666200,-1809200
2007/08/16,0,3838000,-22138638,-18300638
2007/08/17,0,2763000,-13590573,-10827573
2007/08/20,0,3423000,-4847000,-1424000
2007/08/21,0,8233000,-4299016,3933984
2007/08/22,0,10300785,-12733093,-2432308
2007/08/23,0,13178000,-16912482,-3734482
2007/08/24,0,3031000,-4024000,-993000
2007/08/27,0,5709000,-1651000,4058000
2007/08/28,0,11435354,-10219228,1216126
2007/08/29,0,7612031,-12625000,-5012969
2007/08/30,0,9264000,-3558881,5705119
2007/08/31,0,14509800,-6163170,8346630
2007/09/03,0,422587,-5402169,-4979582
2007/09/04,0,5036000,-3932000,1104000
2007/09/05,0,11141000,-14176236,-3035236
2007/09/06,0,5920000,-11581200,-5661200
2007/09/07,0,8661000,-5513000,3148000
2007/09/10,0,3569000,-9974000,-6405000
2007/09/11,0,4907300,-3740859,1166441
2007/09/12,0,4440159,-6851100,-2410941
2007/09/13,0,3337000,-4741638,-1404638
2007/09/14,0,6130000,-5710487,419513
2007/09/17,0,3017758,-4871169,-1853411
2007/09/18,0,0,0,0
2007/09/19,0,12927000,-3243011,9683989
2007/09/20,0,6826000,-4505027,2320973
2007/09/21,0,4730000,-2969749,1760251
2007/09/24,0,0,0,0
2007/09/25,0,0,0,0
2007/09/26,0,5162000,-3312952,1849048
2007/09/27,0,6963051,-3915872,3047179
2007/09/28,0,6616531,-7059539,-443008
2007/10/01,0,4648000,-1640432,3007568
2007/10/02,0,8894273,-5676187,3218086
2007/10/03,0,10653700,-5157121,5496579
2007/10/04,0,4325500,-8023207,-3697707
2007/10/05,0,4099000,-3149479,949521
2007/10/08,0,2860000,-5005165,-2145165
2007/10/09,0,4602000,-7323049,-2721049
2007/10/10,0,0,0,0
2007/10/11,0,4550000,-11209765,-6659765
2007/10/12,0,7042000,-14175824,-7133824
2007/10/15,0,3324000,-11900966,-8576966
2007/10/16,0,9003000,-15706310,-6703310
2007/10/17,0,14338403,-18909623,-4571220
2007/10/18,0,7591000,-6910001,680999
2007/10/19,0,4187000,-4473893,-286893
2007/10/22,0,6093000,-11457232,-5364232
2007/10/23,0,5201739,-8798000,-3596261
2007/10/24,0,8852193,-5726390,3125803
2007/10/25,0,8443628,-6339540,2104088
2007/10/26,0,25928900,-12195653,13733247
2007/10/29,0,30893000,-10968949,19924051
2007/10/30,0,7719570,-6083400,1636170
2007/10/31,0,26571000,-9736064,16834936
2007/11/01,0,20438000,-8611408,11826592
2007/11/02,0,15221600,-10302506,4919094
2007/11/05,0,7183000,-12249224,-5066224
2007/11/06,0,1593000,-4005827,-2412827
2007/11/07,0,11025714,-4942534,6083180
2007/11/08,0,5836000,-6698699,-862699
2007/11/09,0,6838500,-6678913,159587
2007/11/12,0,9425000,-11455849,-2030849
2007/11/13,0,9979000,-12584604,-2605604
2007/11/14,0,6821000,-11348812,-4527812
2007/11/15,0,2824000,-10205941,-7381941
2007/11/16,0,5343519,-6089418,-745899
2007/11/19,0,3092764,-4255715,-1162951
2007/11/20,0,12782000,-10858771,1923229
2007/11/21,0,19013465,-13540420,5473045
2007/11/22,0,6909286,-7308141,-398855
2007/11/23,0,13081900,-6201796,6880104
2007/11/26,0,9935500,-3158866,6776634
2007/11/27,0,12233269,-7337935,4895334
2007/11/28,0,17543087,-18982599,-1439512
2007/11/29,0,11796076,-3581555,8214521
2007/11/30,0,13321956,-11931412,1390544
2007/12/03,0,5857897,-5252107,605790
2007/12/04,0,9556820,-4127000,5429820
2007/12/05,0,11411950,-6532950,4879000
2007/12/06,0,26606900,-5558659,21048241
2007/12/07,0,13238790,-10438591,2800199
2007/12/10,0,5255431,-2860232,2395199
2007/12/11,0,5243800,-1670039,3573761
2007/12/12,0,11159000,-10531049,627951
2007/12/13,0,12623650,-12893970,-270320
2007/12/14,0,12205900,-10340980,1864920
2007/12/17,0,12887700,-8304294,4583406
2007/12/18,0,7083700,-8098517,-1014817
2007/12/19,0,10890600,-7407434,3483166
2007/12/20,0,3393100,-5983288,-2590188
2007/12/21,0,7114100,-10092296,-2978196
2007/12/24,0,1687462,-2467396,-779934
2007/12/25,0,624300,-575000,49300
2007/12/26,0,3294000,-296000,2998000
2007/12/27,0,3201500,-3182000,19500
2007/12/28,0,10606100,-5362160,5243940
2007/12/31,0,3740400,-3038563,701837
2008/01/01,0,0,0,0
2008/01/02,0,6288041,-3667108,2620933
2008/01/03,0,8044767,-5668950,2375817
2008/01/04,0,3793000,-6102523,-2309523
2008/01/07,0,13810599,-25424818,-11614219
2008/01/08,0,6359286,-10128667,-3769381
2008/01/09,0,5136900,-9940264,-4803364
2008/01/10,0,4622200,-10682852,-6060652
2008/01/11,0,5339297,-26495364,-21156067
2008/01/14,0,15154200,-33057077,-17902877
2008/01/15,0,10027900,-19803743,-9775843
2008/01/16,0,4886008,-10451351,-5565343
2008/01/17,0,4171000,-14387255,-10216255
2008/01/18,0,5076346,-5855205,-778859
2008/01/21,0,6251000,-6304964,-53964
2008/01/22,0,2974600,-13831307,-10856707
2008/01/23,0,5038500,-10682433,-5643933
2008/01/24,0,3287600,-6618428,-3330828
2008/01/25,0,12266000,-2986983,9279017
2008/01/28,0,7245200,-15424436,-8179236
2008/01/29,0,3301100,-5691426,-2390326
2008/01/30,0,21434763,-9047000,12387763
2008/01/31,0,7667600,-3284555,4383045
2008/02/01,0,7958100,-2817719,5140381
2008/02/04,0,0,0,0
2008/02/05,0,0,0,0
2008/02/06,0,0,0,0
2008/02/07,0,0,0,0
2008/02/08,0,0,0,0
2008/02/11,0,0,0,0
2008/02/12,0,8622800,-21433056,-12810256
2008/02/13,0,1860586,-4278514,-2417928
2008/02/14,0,8951100,-4053150,4897950
2008/02/15,0,3847000,-4109574,-262574
2008/02/18,0,4513700,-1965681,2548019
2008/02/19,0,8769000,-1008640,7760360
2008/02/20,0,6567250,-4144000,2423250
2008/02/21,0,6604082,-2589272,4014810
2008/02/22,0,3891000,-3980000,-89000
2008/02/25,0,7109000,-1397000,5712000
2008/02/26,0,6693000,-3671000,3022000
2008/02/27,0,17708000,-3767000,13941000
2008/02/28,0,0,0,0
2008/02/29,0,7926415,-9226139,-1299724
2008/03/03,0,5066784,-5853287,-786503
2008/03/04,0,5630200,-3502000,2128200
2008/03/05,0,8247600,-3163300,5084300
2008/03/06,0,14270000,-1485901,12784099
2008/03/07,0,20781000,-3935358,16845642
2008/03/10,0,17626000,-12351941,5274059
2008/03/11,0,5196300,-2161954,3034346
2008/03/12,0,10740535,-3465868,7274667
2008/03/13,0,4442600,-4204000,238600
2008/03/14,0,4336200,-4390171,-53971
2008/03/17,0,7630800,-7051732,579068
2008/03/18,0,4378000,-10831220,-6453220
2008/03/19,0,5601000,-8547587,-2946587
2008/03/20,0,8429600,-7279965,1149635
2008/03/21,0,10260000,-6175974,4084026
2008/03/24,0,22145000,-7435520,14709480
2008/03/25,0,7019900,-1671291,5348609
2008/03/26,0,7158000,-1133504,6024496
2008/03/27,0,4548787,-2279200,2269587
2008/03/28,0,10621787,-8781354,1840433
2008/03/31,0,10004270,-6735969,3268301
2008/04/01,0,11297971,-3025000,8272971
2008/04/02,0,21308500,-5020299,16288201
2008/04/03,0,8262000,-9245000,-983000
2008/04/04,0,0,0,0
2008/04/07,0,8924000,-1744000,7180000
2008/04/08,0,3745000,-3178319,566681
2008/04/09,0,5886000,-5146000,740000
2008/04/10,0,6641719,-1535046,5106673
2008/04/11,0,13233000,-8135331,5097669
2008/04/14,0,8603000,-2985000,5618000
2008/04/15,0,8972600,-4085617,4886983
2008/04/16,0,7942000,-3674637,4267363
2008/04/17,0,18325000,-11641526,6683474
2008/04/18,0,8971943,-3050042,5921901
2008/04/21,0,10671251,-4086681,6584570
2008/04/22,0,4260501,-3787010,473491
2008/04/23,0,5020705,-1983801,3036904
2008/04/24,0,4085595,-1592000,2493595
2008/04/25,0,3543500,-2180491,1363009
2008/04/28,0,8121266,-2480715,5640551
2008/04/29,0,3105115,-3980000,-874885
2008/04/30,0,16200678,-6387100,9813578
2008/05/01,0,0,0,0
2008/05/02,0,14220059,-8719595,5500464
2008/05/05,0,9035900,-5688123,3347777
2008/05/06,0,6473000,-960000,5513000
2008/05/07,0,6573417,-1840000,4733417
2008/05/08,0,5198400,-4446715,751685
2008/05/09,0,5688000,-7083746,-1395746
2008/05/12,0,5515000,-7402519,-1887519
2008/05/13,0,11009700,-5546900,5462800
2008/05/14,0,2021467,-535899,1485568
2008/05/15,0,10536990,-3244751,7292239
2008/05/16,0,8575800,-2508918,6066882
2008/05/19,0,7705435,-4929868,2775567
2008/05/20,0,5902600,-6944865,-1042265
2008/05/21,0,2898527,-6769509,-3870982
2008/05/22,0,4936600,-11310202,-6373602
2008/05/23,0,2607000,-8784600,-6177600
2008/05/26,0,4880300,-7561000,-2680700
2008/05/27,0,1192000,-1992679,-800679
2008/05/28,0,3687500,-4229000,-541500
2008/05/29,0,8160100,-24222143,-16062043
2008/05/30,0,19772696,-47756658,-27983962
2008/06/02,0,8754087,-5380879,3373208
2008/06/03,0,4632276,-13777681,-9145405
2008/06/04,0,4773581,-10143185,-5369604
2008/06/05,0,4036000,-6000000,-1964000
2008/06/06,0,6788000,-5785665,1002335
2008/06/09,0,1340975,-4882496,-3541521
2008/06/10,0,4033000,-10507344,-6474344
2008/06/11,0,3531300,-10663207,-7131907
2008/06/12,0,5759200,-24579593,-18820393
2008/06/13,0,6195000,-8468261,-2273261
2008/06/16,0,6312000,-4587000,1725000
2008/06/17,0,7830583,-8405447,-574864
2008/06/18,0,1740000,-4278620,-2538620
2008/06/19,0,3003800,-9193472,-6189672
2008/06/20,0,1866936,-2959000,-1092064
2008/06/23,0,2475000,-1942471,532529
2008/06/24,0,6344000,-3058779,3285221
2008/06/25,0,12629600,-6946782,5682818
2008/06/26,0,3237996,-3916000,-678004
2008/06/27,0,6025770,-10171586,-4145816
2008/06/30,0,4133600,-3462973,670627
2008/07/01,0,7658600,-3015300,4643300
2008/07/02,0,1966800,-5254000,-3287200
2008/07/03,0,3610500,-7268334,-3657834
2008/07/04,0,6507526,-5808338,699188
2008/07/07,0,2955000,-1139000,1816000
2008/07/08,0,2428000,-6414233,-3986233
2008/07/09,0,4312000,-4455000,-143000
2008/07/10,0,6860357,-14529982,-7669625
2008/07/11,0,1826000,-6703780,-4877780
2008/07/14,0,2810000,-3443000,-633000
2008/07/15,0,3067000,-7493184,-4426184
2008/07/16,0,3737500,-10264725,-6527225
2008/07/17,0,4447000,-4693457,-246457
2008/07/18,0,5888000,-4867000,1021000
2008/07/21,0,6772600,-3540569,3232031
2008/07/22,0,4662300,-4913728,-251428
2008/07/23,0,5926000,-4556885,1369115
2008/07/24,0,3020900,-6277691,-3256791
2008/07/25,0,4866400,-2981000,1885400
2008/07/28,0,0,0,0
2008/07/29,0,6221379,-3963000,2258379
2008/07/30,0,6692000,-7551000,-859000
2008/07/31,0,10616000,-11529175,-913175
2008/08/01,0,4792000,-3856253,935747
2008/08/04,0,2849700,-4738529,-1888829
2008/08/05,0,6626050,-8320000,-1693950
2008/08/06,0,6617093,-1524900,5092193
2008/08/07,0,13406000,-4234000,9172000
2008/08/08,0,11015162,-4165000,6850162
2008/08/11,0,11050000,-3451261,7598739
2008/08/12,0,7617600,-8198000,-580400
2008/08/13,0,11422000,-10041410,1380590
2008/08/14,0,2184000,-8201000,-6017000
2008/08/15,0,4287700,-13254578,-8966878
2008/08/18,0,3150000,-3403000,-253000
2008/08/19,0,1150000,-8341540,-7191540
2008/08/20,0,4107719,-5103000,-995281
2008/08/21,0,1567000,-3074700,-1507700
2008/08/22,0,1480000,-3555500,-2075500
2008/08/25,0,3907734,-1316135,2591599
2008/08/26,0,7151000,-10148943,-2997943
2008/08/27,0,12606683,-11903475,703208
2008/08/28,0,10669050,-12314932,-1645882
2008/08/29,0,5918000,-40978377,-35060377
2008/09/01,0,7341000,-36230454,-28889454
2008/09/02,0,8346000,-24681783,-16335783
2008/09/03,0,5749619,-11171169,-5421550
2008/09/04,0,6917059,-20701180,-13784121
2008/09/05,0,8990000,-48210988,-39220988
2008/09/08,0,21940000,-34522846,-12582846
2008/09/09,0,4023000,-23280537,-19257537
2008/09/10,0,10370000,-41914804,-31544804
2008/09/11,0,6519000,-11659458,-5140458
2008/09/12,0,13501657,-7788047,5713610
2008/09/15,0,13531000,-10586000,2945000
2008/09/16,0,4243322,-7800800,-3557478
2008/09/17,0,9681000,-6483981,3197019
2008/09/18,0,10828000,-13352000,-2524000
2008/09/19,0,21277000,-4046576,17230424
2008/09/22,0,14405297,-2770950,11634347
2008/09/23,0,10159771,-8657871,1501900
2008/09/24,0,7892671,-7762560,130111
2008/09/25,0,7327200,-9617399,-2290199
2008/09/26,0,5841000,-7616534,-1775534
2008/09/29,0,0,0,0
2008/09/30,0,9248000,-9968295,-720295
2008/10/01,0,4605343,-6853899,-2248556
2008/10/02,0,4516000,-10742875,-6226875
2008/10/03,0,3822000,-19730137,-15908137
2008/10/06,0,5363081,-23547042,-18183961
2008/10/07,0,3296000,-11864910,-8568910
2008/10/08,0,2951829,-16332463,-13380634
2008/10/09,0,14633006,-44476868,-29843862
2008/10/10,0,0,0,0
2008/10/13,0,13016670,-9287950,3728720
2008/10/14,0,6187000,-19320125,-13133125
2008/10/15,0,16747112,-4993169,11753943
2008/10/16,0,2588930,-1794166,794764
2008/10/17,0,7705780,-10168285,-2462505
2008/10/20,0,5455399,-9353100,-3897701
2008/10/21,0,9328220,-6897277,2430943
2008/10/22,0,6032036,-5092642,939394
2008/10/23,0,1914401,-5796208,-3881807
2008/10/24,0,2195457,-5347500,-3152043
2008/10/27,0,4174278,-9989540,-5815262
2008/10/28,0,6407000,-13451112,-7044112
2008/10/29,0,3136000,-8558060,-5422060
2008/10/30,0,7470000,-4465251,3004749
2008/10/31,0,12258000,-17508477,-5250477
2008/11/03,0,9110588,-6267337,2843251
2008/11/04,0,4919665,-10126033,-5206368
2008/11/05,0,10569000,-18609146,-8040146
2008/11/06,0,2660000,-7488489,-4828489
2008/11/07,0,11153792,-12531160,-1377368
2008/11/10,0,9578000,-10435766,-857766
2008/11/11,0,3635365,-6078982,-2443617
2008/11/12,0,3295200,-5227752,-1932552
2008/11/13,0,1521599,-6820524,-5298925
2008/11/14,0,4275000,-2251464,2023536
2008/11/17,0,2524000,-3915645,-1391645
2008/11/18,0,7829939,-3920830,3909109
2008/11/19,0,4513000,-25308212,-20795212
2008/11/20,0,3924591,-17201319,-13276728
2008/11/21,0,3040000,-6807190,-3767190
2008/11/24,0,2711000,-5966465,-3255465
2008/11/25,0,8825002,-15100080,-6275078
2008/11/26,0,10587420,-11227305,-639885
2008/11/27,0,5452000,-9938096,-4486096
2008/11/28,0,4052000,-4090413,-38413
2008/12/01,0,6977000,-10099469,-3122469
2008/12/02,0,4982000,-8458597,-3476597
2008/12/03,0,1065000,-6644302,-5579302
2008/12/04,0,1544000,-6819411,-5275411
2008/12/05,0,4437145,-18973953,-14536808
2008/12/08,0,8184000,-8548973,-364973
2008/12/09,0,11087365,-9315918,1771447
2008/12/10,0,15405000,-7781871,7623129
2008/12/11,0,14086882,-6231341,7855541
2008/12/12,0,3786476,-6232646,-2446170
2008/12/15,0,7054000,-2351207,4702793
2008/12/16,0,1725000,-2026530,-301530
2008/12/17,0,6503000,-5405365,1097635
2008/12/18,0,6705000,-1400851,5304149
2008/12/19,0,4259000,-8376914,-4117914
2008/12/22,0,5529000,-7962912,-2433912
2008/12/23,0,2252360,-5443047,-3190687
2008/12/24,0,3434000,-4827773,-1393773
2008/12/25,0,350000,-1805000,-1455000
2008/12/26,0,397000,-2063000,-1666000
2008/12/29,0,1481000,-3133809,-1652809
2008/12/30,0,5433000,-6878716,-1445716
2008/12/31,0,1393000,-5731577,-4338577
2009/01/01,0,0,0,0
2009/01/02,0,0,0,0
2009/01/05,0,7163000,-8045907,-882907
2009/01/06,0,8297000,-11686061,-3389061
2009/01/07,0,8219000,-9756433,-1537433
2009/01/08,0,2528000,-17449761,-14921761
2009/01/09,0,757647,-7669000,-6911353
2009/01/12,0,7484466,-83097708,-75613242
2009/01/13,0,3641782,-32273589,-28631807
2009/01/14,0,1893000,-9881456,-7988456
2009/01/15,0,3974164,-14563149,-10588985
2009/01/16,0,2696417,-22187158,-19490741
2009/01/19,0,3719040,-14879350,-11160310
2009/01/20,0,8437084,-11484082,-3046998
2009/01/21,0,4126000,-10092553,-5966553
2009/01/22,0,0,0,0
2009/01/23,0,0,0,0
2009/01/26,0,0,0,0
2009/01/27,0,0,0,0
2009/01/28,0,0,0,0
2009/01/29,0,0,0,0
2009/01/30,0,0,0,0
2009/02/02,0,6606000,-10646551,-4040551
2009/02/03,0,1566000,-6839349,-5273349
2009/02/04,0,2224000,-3105000,-881000
2009/02/05,0,5677000,-8326114,-2649114
2009/02/06,0,10846000,-2661197,8184803
2009/02/09,0,2601000,-2554019,46981
2009/02/10,0,4343500,-2287000,2056500
2009/02/11,0,3632000,-7093538,-3461538
2009/02/12,0,15339004,-28119333,-12780329
2009/02/13,0,9342000,-13218443,-3876443
2009/02/16,0,6819000,-18405944,-11586944
2009/02/17,0,4382946,-5680826,-1297880
2009/02/18,0,7323000,-3466403,3856597
2009/02/19,0,4405000,-8290558,-3885558
2009/02/20,0,11645256,-7643970,4001286
2009/02/23,0,12142000,-1547000,10595000
2009/02/24,0,677000,-15384459,-14707459
2009/02/25,0,4696000,-19730526,-15034526
2009/02/26,0,3415000,-3373563,41437
2009/02/27,0,4576949,-8242057,-3665108
2009/03/02,0,856630,-6817664,-5961034
2009/03/03,0,1561000,-9215000,-7654000
2009/03/04,0,4275331,-4887000,-611669
2009/03/05,0,2651000,-1692596,958404
2009/03/06,0,4414000,-1691395,2722605
2009/03/09,0,5672200,-2553713,3118487
2009/03/10,0,9364000,-1147058,8216942
2009/03/11,0,5842457,-3207304,2635153
2009/03/12,0,5698200,-1631536,4066664
2009/03/13,0,11467000,-2628000,8839000
2009/03/16,0,3404000,-2595944,808056
2009/03/17,0,4749000,-2483400,2265600
2009/03/18,0,6129000,-3287947,2841053
2009/03/19,0,3445000,-3003586,441414
2009/03/20,0,1848398,-3441398,-1593000
2009/03/23,0,7907000,-4883398,3023602
2009/03/24,0,10393000,-5068700,5324300
2009/03/25,0,9164000,-6267817,2896183
2009/03/26,0,12782000,-6845000,5937000
2009/03/27,0,8231000,-2460000,5771000
2009/03/30,0,3355000,-3079000,276000
2009/03/31,0,5079106,-1430268,3648838
2009/04/01,0,2984000,-3879000,-895000
2009/04/02,0,5480000,-7401454,-1921454
2009/04/03,0,10105001,-11066233,-961232
2009/04/06,0,21400805,-5031000,16369805
2009/04/07,0,2461000,-3106296,-645296
2009/04/08,0,6042000,-10081250,-4039250
2009/04/09,0,9992539,-5714355,4278184
2009/04/10,0,10339000,-1494981,8844019
2009/04/13,0,9324000,-3717611,5606389
2009/04/14,0,12964000,-3632319,9331681
2009/04/15,0,26929000,-11355449,15573551
2009/04/16,0,22583200,-6104200,16479000
2009/04/17,0,9721833,-13375481,-3653648
2009/04/20,0,10265000,-3539000,6726000
2009/04/21,0,5058200,-11051000,-5992800
2009/04/22,0,5406000,-2495797,2910203
2009/04/23,0,4083000,-2790639,1292361
2009/04/24,0,22886000,-3253500,19632500
2009/04/27,0,28382936,-6681628,21701308
2009/04/28,0,12116247,-4916140,7200107
2009/04/29,0,7601000,-3744647,3856353
2009/04/30,0,17683000,-3632770,14050230
2009/05/01,0,0,0,0
2009/05/04,0,30486011,-1042624,29443387
2009/05/05,0,10841000,-2723698,8117302
2009/05/06,0,20907000,-5108948,15798052
2009/05/07,0,38206000,-16771819,21434181
2009/05/08,0,16825000,-6213635,10611365
2009/05/11,0,16096000,-5220000,10876000
2009/05/12,0,4559801,-8211100,-3651299
2009/05/13,0,3208150,-10970343,-7762193
2009/05/14,0,14114416,-22462865,-8348449
2009/05/15,0,6400150,-10406000,-4005850
2009/05/18,0,2525580,-8071799,-5546219
2009/05/19,0,9682200,-2452000,7230200
2009/05/20,0,5903677,-3985000,1918677
2009/05/21,0,4069200,-9844654,-5775454
2009/05/22,0,3052000,-5355000,-2303000
2009/05/25,0,1161000,-5673466,-4512466
2009/05/26,0,4627572,-13038000,-8410428
2009/05/27,0,11791428,-17049651,-5258223
2009/05/28,0,0,0,0
2009/05/29,0,0,0,0
2009/06/01,0,8480000,-9858928,-1378928
2009/06/02,0,10714000,-10476254,237746
2009/06/03,0,6077000,-4425358,1651642
2009/06/04,0,2190000,-9106508,-6916508
2009/06/05,0,4580000,-8965128,-4385128
2009/06/08,0,7135000,-12278360,-5143360
2009/06/09,0,11875000,-10359621,1515379
2009/06/10,0,3663000,-11954891,-8291891
2009/06/11,0,4537350,-12920371,-8383021
2009/06/12,0,12357000,-12146240,210760
2009/06/15,0,4742000,-6808475,-2066475
2009/06/16,0,8486583,-12186283,-3699700
2009/06/17,0,5223000,-7588965,-2365965
2009/06/18,0,9452000,-13707269,-4255269
2009/06/19,0,4309863,-7006915,-2697052
2009/06/22,0,12370300,-13581005,-1210705
2009/06/23,0,1742200,-11591194,-9848994
2009/06/24,0,12307000,-8232503,4074497
2009/06/25,0,7663000,-7106158,556842
2009/06/26,0,17055000,-5750437,11304563
2009/06/29,0,8185000,-7288000,897000
2009/06/30,0,4689000,-1673504,3015496
2009/07/01,0,15398602,-6505000,8893602
2009/07/02,0,19532000,-14408000,5124000
2009/07/03,0,12264073,-4496000,7768073
2009/07/06,0,6470000,-2007398,4462602
2009/07/07,0,14260145,-8387145,5873000
2009/07/08,0,5343150,-3259526,2083624
2009/07/09,0,13544000,-5639703,7904297
2009/07/10,0,13805000,-2305000,11500000
2009/07/13,0,8284200,-7883882,400318
2009/07/14,0,5187200,-1729486,3457714
2009/07/15,0,9508000,-1460994,8047006
2009/07/16,0,15450000,-841000,14609000
2009/07/17,0,8420000,-1821706,6598294
2009/07/20,0,4276000,-3734033,541967
2009/07/21,0,5384000,-5923830,-539830
2009/07/22,0,3039100,-2887456,151644
2009/07/23,0,14431000,-1170736,13260264
2009/07/24,0,6276100,-2027980,4248120
2009/07/27,0,8619000,-1554147,7064853
2009/07/28,0,11443000,-3349000,8094000
2009/07/29,0,14436301,-389991,14046310
2009/07/30,0,11779000,-7122000,4657000
2009/07/31,0,19532000,-5148000,14384000
2009/08/03,0,7542950,-2611000,4931950
2009/08/04,0,9346405,-6038000,3308405
2009/08/05,0,2869000,-2308752,560248
2009/08/06,0,10571500,-3672000,6899500
2009/08/07,0,0,0,0
2009/08/10,0,13868000,-12526625,1341375
2009/08/11,0,5701899,-4786100,915799
2009/08/12,0,8270000,-9510235,-1240235
2009/08/13,0,10659000,-7352658,3306342
2009/08/14,0,5783000,-457984,5325016
2009/08/17,0,15884000,-7375278,8508722
2009/08/18,0,4254671,-6233100,-1978429
2009/08/19,0,7381000,-1835963,5545037
2009/08/20,0,15377834,-5321000,10056834
2009/08/21,0,16647157,-10609766,6037391
2009/08/24,0,9868000,-8194794,1673206
2009/08/25,0,4617000,-2528807,2088193
2009/08/26,0,21297700,-4394000,16903700
2009/08/27,0,9257000,-3293099,5963901
2009/08/28,0,12467000,-1675000,10792000
2009/08/31,0,9816000,-7278356,2537644
2009/09/01,0,9941897,-2670256,7271641
2009/09/02,0,9339208,-2623500,6715708
2009/09/03,0,19421000,-12810732,6610268
2009/09/04,0,9977000,-8490000,1487000
2009/09/07,0,15464000,-1753000,13711000
2009/09/08,0,12226200,-3612000,8614200
2009/09/09,0,6212000,-2132174,4079826
2009/09/10,0,14190000,-2750904,11439096
2009/09/11,0,3403000,-3049498,353502
2009/09/14,0,2424000,-5825400,-3401400
2009/09/15,0,4553079,-4094252,458827
2009/09/16,0,5398000,-2170442,3227558
2009/09/17,0,10635000,-1304760,9330240
2009/09/18,0,7235000,-3644440,3590560
2009/09/21,0,496000,-2594694,-2098694
2009/09/22,0,1940000,-1820600,119400
2009/09/23,0,3431466,-2478358,953108
2009/09/24,0,3028000,-1649491,1378509
2009/09/25,0,1588830,-3190865,-1602035
2009/09/28,0,3177000,-5977998,-2800998
2009/09/29,0,7123309,-7269416,-146107
2009/09/30,0,4191000,-7898625,-3707625
2009/10/01,0,3921000,-5342319,-1421319
2009/10/02,0,6254900,-12192792,-5937892
2009/10/05,0,4381099,-7426842,-3045743
2009/10/06,0,7544222,-2303601,5240621
2009/10/07,0,11309174,-2790926,8518248
2009/10/08,0,7870000,-7817746,52254
2009/10/09,0,2312000,-6531180,-4219180
2009/10/12,0,1602252,-5542694,-3940442
2009/10/13,0,4000670,-13810505,-9809835
2009/10/14,0,4186000,-7782250,-3596250
2009/10/15,0,18443600,-7622497,10821103
2009/10/16,0,13651000,-15215276,-1564276
2009/10/19,0,7764000,-3055631,4708369
2009/10/20,0,23186300,-4558855,18627445
2009/10/21,0,7097908,-3797926,3299982
2009/10/22,0,2395000,-9863146,-7468146
2009/10/23,0,7287000,-2931444,4355556
2009/10/26,0,12430000,-1109000,11321000
2009/10/27,0,24243305,-6918311,17324994
2009/10/28,0,10934000,-8824100,2109900
2009/10/29,0,8995000,-20744085,-11749085
2009/10/30,0,15659328,-10081082,5578246
2009/11/02,0,6066880,-3967875,2099005
2009/11/03,0,4155000,-6068330,-1913330
2009/11/04,0,9363057,-4179810,5183247
2009/11/05,0,4331118,-2043000,2288118
2009/11/06,0,9417798,-5601206,3816592
2009/11/09,0,8531000,-4553000,3978000
2009/11/10,0,14461723,-932306,13529417
2009/11/11,0,11151256,-1785576,9365680
2009/11/12,0,21024805,-10997000,10027805
2009/11/13,0,7046000,-8740182,-1694182
2009/11/16,0,12409000,-12941000,-532000
2009/11/17,0,18958001,-4498288,14459713
2009/11/18,0,8681642,-10116350,-1434708
2009/11/19,0,4023316,-4705061,-681745
2009/11/20,0,7836000,-8942890,-1106890
2009/11/23,0,2277000,-3308678,-1031678
2009/11/24,0,6881000,-808000,6073000
2009/11/25,0,16396446,-4787409,11609037
2009/11/26,0,2655000,-3660326,-1005326
2009/11/27,0,3518000,-8170196,-4652196
2009/11/30,0,2146422,-3508374,-1361952
2009/12/01,0,4931000,-6207298,-1276298
2009/12/02,0,4618000,-2430833,2187167
2009/12/03,0,2498488,-2962727,-464239
2009/12/04,0,2040000,-4362791,-2322791
2009/12/07,0,3539702,-852040,2687662
2009/12/08,0,2224149,-1624000,600149
2009/12/09,0,7857823,-4255783,3602040
2009/12/10,0,9529946,-6609155,2920791
2009/12/11,0,5209000,-2018000,3191000
2009/12/14,0,2878024,-605000,2273024
2009/12/15,0,24880093,-66926539,-42046446
2009/12/16,0,41598296,-37192489,4405807
2009/12/17,0,27134670,-7806861,19327809
2009/12/18,0,14500000,-29254666,-14754666
2009/12/21,0,12894000,-23001936,-10107936
2009/12/22,0,9721000,-1811211,7909789
2009/12/23,0,10260000,-4455583,5804417
2009/12/24,0,9599000,-4179667,5419333
2009/12/25,0,5674000,-406000,5268000
2009/12/28,0,12375000,-2728696,9646304
2009/12/29,0,15958000,-8520170,7437830
2009/12/30,0,13058000,-6011976,7046024
2009/12/31,0,3184000,-1831000,1353000
2010/01/01,0,0,0,0
2010/01/04,0,7973479,-2384745,5588734
2010/01/05,0,11524600,-3845904,7678696
2010/01/06,0,24696000,-8826759,15869241
2010/01/07,0,37826602,-13757889,24068713
2010/01/08,0,31094665,-9184618,21910047
2010/01/11,0,13491174,-4569826,8921348
2010/01/12,0,20757000,-4556094,16200906
2010/01/13,0,9825000,-4533189,5291811
2010/01/14,0,16486650,-5720460,10766190
2010/01/15,0,26212300,-4787857,21424443
2010/01/18,0,15083577,-6390327,8693250
2010/01/19,0,7791000,-9701980,-1910980
2010/01/20,0,11284000,-9732004,1551996
2010/01/21,0,7631000,-3891000,3740000
2010/01/22,0,4382000,-14109000,-9727000
2010/01/25,0,5075520,-20804000,-15728480
2010/01/26,0,5886000,-16664050,-10778050
2010/01/27,0,4841000,-16131960,-11290960
2010/01/28,0,7070000,-11836758,-4766758
2010/01/29,0,5903706,-8194237,-2290531
2010/02/01,0,5531580,-5806000,-274420
2010/02/02,0,8401000,-7138576,1262424
2010/02/03,0,4078050,-9446826,-5368776
2010/02/04,0,3529000,-3540403,-11403
2010/02/05,0,2202000,-6474840,-4272840
2010/02/08,0,4229480,-10120848,-5891368
2010/02/09,0,2231220,-9089155,-6857935
2010/02/10,0,2457000,-3960639,-1503639
2010/02/11,0,0,0,0
2010/02/12,0,0,0,0
2010/02/15,0,0,0,0
2010/02/16,0,0,0,0
2010/02/17,0,0,0,0
2010/02/18,0,0,0,0
2010/02/19,0,0,0,0
2010/02/22,0,9445250,-6694092,2751158
2010/02/23,0,3983238,-6193035,-2209797
2010/02/24,0,5975000,-5632680,342320
2010/02/25,0,6336500,-6896714,-560214
2010/02/26,0,4060345,-4563468,-503123
2010/03/01,0,7516000,-7936440,-420440
2010/03/02,0,3858270,-6204841,-2346571
2010/03/03,0,4270000,-6604995,-2334995
2010/03/04,0,1275000,-3426000,-2151000
2010/03/05,0,12034000,-10084940,1949060
2010/03/08,0,8514000,-11639480,-3125480
2010/03/09,0,4141650,-2733271,1408379
2010/03/10,0,3014517,-4992370,-1977853
2010/03/11,0,1725000,-5208000,-3483000
2010/03/12,0,4249438,-1768945,2480493
2010/03/15,0,5318000,-3452000,1866000
2010/03/16,0,2082001,-468443,1613558
2010/03/17,0,9774681,-2810681,6964000
2010/03/18,0,4075000,-6902203,-2827203
2010/03/19,0,3964000,-10993592,-7029592
2010/03/22,0,1568681,-11594148,-10025467
2010/03/23,0,3914336,-18317144,-14402808
2010/03/24,0,5330400,-27008362,-21677962
2010/03/25,0,13088225,-12217554,870671
2010/03/26,0,9010000,-6349000,2661000
2010/03/29,0,6941000,-4473248,2467752
2010/03/30,0,8407008,-2556000,5851008
2010/03/31,0,6823500,-8582088,-1758588
2010/04/01,0,12644000,-15504024,-2860024
2010/04/02,0,6565000,-6030000,535000
2010/04/05,0,0,0,0
2010/04/06,0,7594000,-15340000,-7746000
2010/04/07,0,4536610,-7437209,-2900599
2010/04/08,0,4368000,-1973408,2394592
2010/04/09,0,13060734,-9245660,3815074
2010/04/12,0,8601300,-10441337,-1840037
2010/04/13,0,9011000,-5766272,3244728
2010/04/14,0,11113000,-3362127,7750873
2010/04/15,0,15047000,-2187000,12860000
2010/04/16,0,15119330,-6747276,8372054
2010/04/19,0,19641000,-8245887,11395113
2010/04/20,0,11263748,-6593629,4670119
2010/04/21,0,16824500,-6716185,10108315
2010/04/22,0,19142000,-9099281,10042719
2010/04/23,0,13583204,-11780002,1803202
2010/04/26,0,27102000,-1822870,25279130
2010/04/27,0,11273150,-5342175,5930975
2010/04/28,0,9719439,-6523694,3195745
2010/04/29,0,8283000,-6024790,2258210
2010/04/30,0,12186885,-3978220,8208665
2010/05/03,0,5568000,-8322000,-2754000
2010/05/04,0,13262000,-9570173,3691827
2010/05/05,0,11854782,-15261580,-3406798
2010/05/06,0,5171148,-30050730,-24879582
2010/05/07,0,19790235,-50895413,-31105178
2010/05/10,0,9535832,-7398354,2137478
2010/05/11,0,2547000,-9096014,-6549014
2010/05/12,0,5721885,-2139291,3582594
2010/05/13,0,11240000,-2377004,8862996
2010/05/14,0,11291123,-26677020,-15385897
2010/05/17,0,10232800,-21678919,-11446119
2010/05/18,0,0,0,0
2010/05/19,0,0,0,0
2010/05/20,0,0,0,0
2010/05/21,0,0,0,0
2010/05/24,0,0,0,0
2010/05/25,0,0,0,0
2010/05/26,0,0,0,0
2010/05/27,0,0,0,0
2010/05/28,0,0,0,0
2010/05/31,0,0,0,0
2010/06/01,0,0,0,0
2010/06/02,0,0,0,0
2010/06/03,0,0,0,0
2010/06/04,0,0,0,0
2010/06/07,0,0,0,0
2010/06/08,0,0,0,0
2010/06/09,0,0,0,0
2010/06/10,0,0,0,0
2010/06/11,0,0,0,0
2010/06/14,0,0,0,0
2010/06/15,0,0,0,0
2010/06/16,0,0,0,0
2010/06/17,0,0,0,0
2010/06/18,0,0,0,0
2010/06/21,0,0,0,0
2010/06/22,0,0,0,0
2010/06/23,0,0,0,0
2010/06/24,0,2098000,-1179700,918300
2010/06/25,0,7050597,-4763800,2286797
2010/06/28,0,3615839,-2490299,1125540
2010/06/29,0,2407000,-5742976,-3335976
2010/06/30,0,2942194,-3129294,-187100
2010/07/01,0,561500,-1583380,-1021880
2010/07/02,0,1729100,-2314072,-584972
2010/07/05,0,1612116,-2415468,-803352
2010/07/06,0,1162000,-1850546,-688546
2010/07/07,0,1378265,-1093807,284458
2010/07/08,0,1701000,-1652737,48263
2010/07/09,0,1427100,-1563911,-136811
2010/07/12,0,1824157,-2295276,-471119
2010/07/13,0,1533806,-1076058,457748
2010/07/14,0,1887876,-1342028,545848
2010/07/15,0,1023000,-527066,495934
2010/07/16,0,1223112,-909900,313212
2010/07/19,0,926500,-789850,136650
2010/07/20,0,742460,-454454,288006
2010/07/21,0,807000,-671354,135646
2010/07/22,0,1918151,-2062807,-144656
2010/07/23,0,2508920,-1319083,1189837
2010/07/26,0,516620,-741047,-224427
2010/07/27,0,654339,-753378,-99039
2010/07/28,0,2482000,-655024,1826976
2010/07/29,0,1211000,-421781,789219
2010/07/30,0,337653,-555205,-217552
2010/08/02,0,1028000,-626550,401450
2010/08/03,0,2881000,-2153050,727950
2010/08/04,0,1947000,-1170456,776544
2010/08/05,0,456651,-882552,-425901
2010/08/06,0,586100,-886094,-299994
2010/08/09,0,591000,-772500,-181500
2010/08/10,0,333800,-3016926,-2683126
2010/08/11,0,588045,-558929,29116
2010/08/12,0,719321,-1131750,-412429
2010/08/13,0,2482805,-1788500,694305
2010/08/16,0,990000,-3413417,-2423417
2010/08/17,0,591100,-1944259,-1353159
2010/08/18,0,720000,-2117260,-1397260
2010/08/19,0,2984000,-2300503,683497
2010/08/20,0,565000,-757839,-192839
2010/08/23,0,780000,-779381,619
2010/08/24,0,782000,-1714331,-932331
2010/08/25,0,984000,-5175793,-4191793
2010/08/26,0,773000,-1677830,-904830
2010/08/27,0,1209000,-2123033,-914033
2010/08/30,0,1176708,-2019000,-842292
2010/08/31,0,2415000,-2335261,79739
2010/09/01,0,1745250,-1996000,-250750
2010/09/02,0,206100,-1099868,-893768
2010/09/03,0,1177000,-2180800,-1003800
2010/09/06,0,623000,-43000,580000
2010/09/07,0,631538,-121945,509593
2010/09/08,0,924860,-860544,64316
2010/09/09,0,1664450,-1604664,59786
2010/09/10,0,709050,-583071,125979
2010/09/13,0,1504500,-363848,1140652
2010/09/14,0,329000,-83000,246000
2010/09/15,0,997844,-332091,665753
2010/09/16,0,829750,-957579,-127829
2010/09/17,0,735000,-910844,-175844
2010/09/20,0,776000,-1029050,-253050
2010/09/21,0,442000,-317192,124808
2010/09/22,0,0,0,0
2010/09/23,0,1045000,-182553,862447
2010/09/24,0,664350,-1465674,-801324
2010/09/27,0,227450,-795000,-567550
2010/09/28,0,529230,-487250,41980
2010/09/29,0,1620000,-2094661,-474661
2010/09/30,0,878000,-911451,-33451
2010/10/01,0,1006582,-1211033,-204451
2010/10/04,0,1503810,-632000,871810
2010/10/05,0,512535,-1116600,-604065
2010/10/06,0,790657,-1161913,-371256
2010/10/07,0,1604320,-2368718,-764398
2010/10/08,0,352320,-498993,-146673
2010/10/11,0,242790,-459417,-216627
2010/10/12,0,321140,-1195550,-874410
2010/10/13,0,217930,-1183300,-965370
2010/10/14,0,1426560,-1065160,361400
2010/10/15,0,671690,-356486,315204
2010/10/18,0,378000,-769050,-391050
2010/10/19,0,542000,-680572,-138572
2010/10/20,0,455000,-1077165,-622165
2010/10/21,0,1738000,-1779000,-41000
2010/10/22,0,3046007,-1193100,1852907
2010/10/25,0,5682924,-1381245,4301679
2010/10/26,0,2143000,-1208219,934781
2010/10/27,0,1169570,-208932,960638
2010/10/28,0,2155409,-919500,1235909
2010/10/29,0,3257000,-884250,2372750
2010/11/01,0,1753000,-921000,832000
2010/11/02,0,3902995,-2773988,1129007
2010/11/03,0,1590000,-1283391,306609
2010/11/04,0,812000,-380000,432000
2010/11/05,0,1097415,-651753,445662
2010/11/08,0,598770,-1948850,-1350080
2010/11/09,0,1924525,-1753800,170725
2010/11/10,0,3000000,-1439880,1560120
2010/11/11,0,1788050,-1158088,629962
2010/11/12,0,637000,-547100,89900
2010/11/15,0,4371961,-2832194,1539767
2010/11/16,0,1481000,-1172065,308935
2010/11/17,0,587000,-719999,-132999
2010/11/18,0,513000,-534510,-21510
2010/11/19,0,1190500,-794614,395886
2010/11/22,0,951070,-38200,912870
2010/11/23,0,868570,-332000,536570
2010/11/24,0,1506000,-268600,1237400
2010/11/25,0,2878000,-1091450,1786550
2010/11/26,0,4842950,-2915136,1927814
2010/11/29,0,1832392,-1375693,456699
2010/11/30,0,752503,-1560949,-808446
2010/12/01,0,1658345,-2289416,-631071
2010/12/02,0,978090,-1192600,-214510
2010/12/03,0,1372000,-1487000,-115000
2010/12/06,0,2981000,-1325300,1655700
2010/12/07,0,1658240,-2234478,-576238
2010/12/08,0,1150000,-688950,461050
2010/12/09,0,1132000,-1118000,14000
2010/12/10,0,1118467,-1560350,-441883
2010/12/13,0,2181000,-1679954,501046
2010/12/14,0,2546300,-2373500,172800
2010/12/15,0,1320000,-704600,615400
2010/12/16,0,1623750,-1735750,-112000
2010/12/17,0,3599000,-1220602,2378398
2010/12/20,0,1082290,-420000,662290
2010/12/21,0,131000,-265526,-134526
2010/12/22,0,1163000,-344310,818690
2010/12/23,0,615000,-120000,495000
2010/12/24,0,239410,-540000,-300590
2010/12/27,0,460000,-22030,437970
2010/12/28,0,493000,-191018,301982
2010/12/29,0,238780,-177350,61430
2010/12/30,0,861411,-441201,420210
2010/12/31,0,821000,-208690,612310
2011/01/03,0,477000,-45000,432000
2011/01/04,0,486000,-597250,-111250
2011/01/05,0,360584,-1245410,-884826
2011/01/06,0,1246000,-3516144,-2270144
2011/01/07,0,1629000,-1526744,102256
2011/01/10,0,637000,-694000,-57000
2011/01/11,0,560000,-667750,-107750
2011/01/12,0,247000,-507450,-260450
2011/01/13,0,293956,-926000,-632044
2011/01/14,0,286100,-596000,-309900
2011/01/17,0,225830,-762000,-536170
2011/01/18,0,274500,-660656,-386156
2011/01/19,0,1150000,-137752,1012248
2011/01/20,0,761581,-1906250,-1144669
2011/01/21,0,245000,-2394850,-2149850
2011/01/24,0,425000,-901650,-476650
2011/01/25,0,1311000,-1396722,-85722
2011/01/26,0,1026000,-676820,349180
2011/01/27,0,927000,-2676280,-1749280
2011/01/28,0,1685330,-2946896,-1261566
2011/01/31,0,0,0,0
2011/02/01,0,0,0,0
2011/02/02,0,0,0,0
2011/02/03,0,0,0,0
2011/02/04,0,0,0,0
2011/02/07,0,0,0,0
2011/02/08,0,946125,-2099709,-1153584
2011/02/09,0,1010606,-3009084,-1998478
2011/02/10,0,2352017,-3579137,-1227120
2011/02/11,0,818805,-5334279,-4515474
2011/02/14,0,1194000,-1236108,-42108
2011/02/15,0,3137000,-1526699,1610301
2011/02/16,0,368000,-1196506,-828506
2011/02/17,0,705000,-1443182,-738182
2011/02/18,0,1199000,-902801,296199
2011/02/21,0,605389,-703249,-97860
2011/02/22,0,899000,-1014650,-115650
2011/02/23,0,1028104,-593802,434302
2011/02/24,0,1486278,-675000,811278
2011/02/25,0,2819000,-1221886,1597114
2011/02/28,0,0,0,0
2011/03/01,0,3012000,-989300,2022700
2011/03/02,0,1222278,-1222100,178
2011/03/03,0,1183000,-1204150,-21150
2011/03/04,0,552294,-338800,213494
2011/03/07,0,157000,-296000,-139000
2011/03/08,0,1333000,-1396435,-63435
2011/03/09,0,180279,-977675,-797396
2011/03/10,0,258000,-1143853,-885853
2011/03/11,0,1038000,-1299780,-261780
2011/03/14,0,524000,-719000,-195000
2011/03/15,0,662000,-1376480,-714480
2011/03/16,0,361000,-1066563,-705563
2011/03/17,0,501000,-1040160,-539160
2011/03/18,0,1037000,-1283450,-246450
2011/03/21,0,257000,-465000,-208000
2011/03/22,0,410601,-1699700,-1289099
2011/03/23,0,675050,-1813248,-1138198
2011/03/24,0,701000,-855000,-154000
2011/03/25,0,987000,-1573093,-586093
2011/03/28,0,2413000,-3336982,-923982
2011/03/29,0,1756450,-2790860,-1034410
2011/03/30,0,925000,-366611,558389
2011/03/31,0,2157140,-1225220,931920
2011/04/01,0,3283210,-3766080,-482870
2011/04/04,0,0,0,0
2011/04/05,0,0,0,0
2011/04/06,0,3752131,-2182016,1570115
2011/04/07,0,485286,-311487,173799
2011/04/08,0,1065074,-517275,547799
2011/04/11,0,1486855,-1595718,-108863
2011/04/12,0,1140262,-1339700,-199438
2011/04/13,0,639000,-582871,56129
2011/04/14,0,967000,-2068451,-1101451
2011/04/15,0,238000,-1236000,-998000
2011/04/18,0,237000,-410952,-173952
2011/04/19,0,228496,-576900,-348404
2011/04/20,0,728229,-793000,-64771
2011/04/21,0,1434741,-817000,617741
2011/04/22,0,607000,-289000,318000
2011/04/25,0,424000,-429000,-5000
2011/04/26,0,1438854,-1599000,-160146
2011/04/27,0,5124300,-1703000,3421300
2011/04/28,0,4420343,-1250903,3169440
2011/04/29,0,2846144,-1421786,1424358
2011/05/02,0,0,0,0
2011/05/03,0,763000,-628000,135000
2011/05/04,0,1131600,-713756,417844
2011/05/05,0,1688000,-1003000,685000
2011/05/06,0,699210,-550000,149210
2011/05/09,0,1488000,-807881,680119
2011/05/10,0,891556,-415537,476019
2011/05/11,0,1287000,-1250600,36400
2011/05/12,0,1172000,-1399000,-227000
2011/05/13,0,1493000,-1263500,229500
2011/05/16,0,1581000,-1148865,432135
2011/05/17,0,517400,-342356,175044
2011/05/18,0,1843000,-1791900,51100
2011/05/19,0,860000,-687750,172250
2011/05/20,0,676000,-577200,98800
2011/05/23,0,645000,-863875,-218875
2011/05/24,0,881985,-239023,642962
2011/05/25,0,1305356,-809700,495656
2011/05/26,0,2033000,-819140,1213860
2011/05/27,0,5726565,-767000,4959565
2011/05/30,0,2977595,-1398000,1579595
2011/05/31,0,5336695,-1629686,3707009
2011/06/01,0,3972813,-1907361,2065452
2011/06/02,0,3407000,-2078119,1328881
2011/06/03,0,1676050,-1463074,212976
2011/06/06,0,0,0,0
2011/06/07,0,2603205,-1978031,625174
2011/06/08,0,1541000,-2764779,-1223779
2011/06/09,0,1125000,-1882871,-757871
2011/06/10,0,3463000,-5638957,-2175957
2011/06/13,0,1862000,-2030278,-168278
2011/06/14,0,1109000,-1881000,-772000
2011/06/15,0,1502800,-2033361,-530561
2011/06/16,0,923427,-995200,-71773
2011/06/17,0,1277456,-1443400,-165944
2011/06/20,0,856487,-1128314,-271827
2011/06/21,0,2034480,-2175050,-140570
2011/06/22,0,2577223,-2719024,-141801
2011/06/23,0,1403770,-1645488,-241718
2011/06/24,0,1647000,-2204279,-557279
2011/06/27,0,1486873,-1424906,61967
2011/06/28,0,1049000,-1372634,-323634
2011/06/29,0,981000,-1567391,-586391
2011/06/30,0,1231000,-1263500,-32500
2011/07/01,0,560708,-1569887,-1009179
2011/07/04,0,2073188,-2321000,-247812
2011/07/05,0,1642416,-1682200,-39784
2011/07/06,0,844519,-1524000,-679481
2011/07/07,0,1214990,-2168000,-953010
2011/07/08,0,2636954,-3561000,-924046
2011/07/11,0,1719946,-4676100,-2956154
2011/07/12,0,2240707,-2171000,69707
2011/07/13,0,2042503,-2617000,-574497
2011/07/14,0,2296217,-1772880,523337
2011/07/15,0,1784083,-1076000,708083
2011/07/18,0,1291696,-1231000,60696
2011/07/19,0,1446000,-614900,831100
2011/07/20,0,2983761,-1443600,1540161
2011/07/21,0,2067471,-2101400,-33929
2011/07/22,0,1756077,-919000,837077
2011/07/25,0,1258139,-1162237,95902
2011/07/26,0,2763581,-1704100,1059481
2011/07/27,0,2876633,-2154921,721712
2011/07/28,0,5050009,-4433905,616104
2011/07/29,0,8512192,-10111441,-1599249
2011/08/01,0,4564000,-3124040,1439960
2011/08/02,0,5761138,-3800698,1960440
2011/08/03,0,1927731,-2657271,-729540
2011/08/04,0,1538422,-2090450,-552028
2011/08/05,0,4458143,-4690800,-232657
2011/08/08,0,2228366,-3075337,-846971
2011/08/09,0,3366143,-8208180,-4842037
2011/08/10,0,4705001,-11213507,-6508506
2011/08/11,0,1661000,-2815844,-1154844
2011/08/12,0,892027,-6365590,-5473563
2011/08/15,0,2547055,-1857000,690055
2011/08/16,0,2414000,-1143150,1270850
2011/08/17,0,4065403,-2069031,1996372
2011/08/18,0,3118279,-2462000,656279
2011/08/19,0,1180680,-1769582,-588902
2011/08/22,0,2381702,-877050,1504652
2011/08/23,0,2401000,-918203,1482797
2011/08/24,0,3389211,-1829937,1559274
2011/08/25,0,2724565,-1134173,1590392
2011/08/26,0,3242319,-2849305,393014
2011/08/29,0,1718000,-728779,989221
2011/08/30,0,900775,-1811088,-910313
2011/08/31,0,2612383,-1907548,704835
2011/09/01,0,2966490,-2981835,-15345
2011/09/02,0,1526658,-1597299,-70641
2011/09/05,0,2043520,-2616429,-572909
2011/09/06,0,2033536,-3294226,-1260690
2011/09/07,0,1903826,-1731820,172006
2011/09/08,0,1241808,-1986066,-744258
2011/09/09,0,2359000,-1364600,994400
2011/09/12,0,0,0,0
2011/09/13,0,1413435,-3473048,-2059613
2011/09/14,0,2100159,-2956159,-856000
2011/09/15,0,2690949,-1778299,912650
2011/09/16,0,4167000,-1998902,2168098
2011/09/19,0,1883516,-709517,1173999
2011/09/20,0,1132599,-1024000,108599
2011/09/21,0,1444071,-217091,1226980
2011/09/22,0,1559562,-1507759,51803
2011/09/23,0,2704364,-3268295,-563931
2011/09/26,0,2904081,-4264900,-1360819
2011/09/27,0,2815253,-1782591,1032662
2011/09/28,0,2044475,-1680196,364279
2011/09/29,0,2434591,-1636540,798051
2011/09/30,0,1886000,-3217824,-1331824
2011/10/03,0,985430,-2238772,-1253342
2011/10/04,0,3817000,-7392090,-3575090
2011/10/05,0,1625448,-828234,797214
2011/10/06,0,2081000,-1807212,273788
2011/10/07,0,2414730,-1587000,827730
2011/10/10,0,0,0,0
2011/10/11,0,5225300,-3319333,1905967
2011/10/12,0,2216000,-2021061,194939
2011/10/13,0,1461534,-3239000,-1777466
2011/10/14,0,764145,-2042639,-1278494
2011/10/17,0,1385012,-720343,664669
2011/10/18,0,880806,-1689480,-808674
2011/10/19,0,660411,-638002,22409
2011/10/20,0,1969800,-2744600,-774800
2011/10/21,0,1825512,-2796690,-971178
2011/10/24,0,2011023,-1621000,390023
2011/10/25,0,2110437,-1829660,280777
2011/10/26,0,970000,-585415,384585
2011/10/27,0,960000,-1353380,-393380
2011/10/28,0,1892000,-2023449,-131449
2011/10/31,0,973880,-3155854,-2181974
2011/11/01,0,1125000,-5936884,-4811884
2011/11/02,0,2239880,-3519441,-1279561
2011/11/03,0,1678000,-2771200,-1093200
2011/11/04,0,1425900,-1449250,-23350
2011/11/07,0,1343000,-427600,915400
2011/11/08,0,894125,-978034,-83909
2011/11/09,0,1222587,-1206699,15888
2011/11/10,0,883428,-1853444,-970016
2011/11/11,0,1148000,-2283968,-1135968
2011/11/14,0,1033000,-335128,697872
2011/11/15,0,325000,-170000,155000
2011/11/16,0,941000,-1698340,-757340
2011/11/17,0,683714,-547759,135955
2011/11/18,0,965000,-1473899,-508899
2011/11/21,0,758000,-987745,-229745
2011/11/22,0,1201000,-2022180,-821180
2011/11/23,0,1576000,-3007573,-1431573
2011/11/24,0,3345000,-4996860,-1651860
2011/11/25,0,6532660,-4222260,2310400
2011/11/28,0,4186808,-2018600,2168208
2011/11/29,0,4909500,-3439043,1470457
2011/11/30,0,3958851,-2495979,1462872
2011/12/01,0,2210244,-978675,1231569
2011/12/02,0,1839300,-2523122,-683822
2011/12/05,0,2429000,-2467517,-38517
2011/12/06,0,1708311,-1292992,415319
2011/12/07,0,2533463,-1598144,935319
2011/12/08,0,2251710,-1009303,1242407
2011/12/09,0,2184833,-893259,1291574
2011/12/12,0,1989000,-562603,1426397
2011/12/13,0,1160311,-413000,747311
2011/12/14,0,1148244,-1050220,98024
2011/12/15,0,1392933,-2003000,-610067
2011/12/16,0,2091000,-1284676,806324
2011/12/19,0,1132000,-1333000,-201000
2011/12/20,0,1196000,-1611103,-415103
2011/12/21,0,2380000,-1764176,615824
2011/12/22,0,1861620,-2680672,-819052
2011/12/23,0,1543000,-895819,647181
2011/12/26,0,478010,-336000,142010
2011/12/27,0,577000,-670381,-93381
2011/12/28,0,534277,-440000,94277
2011/12/29,0,537000,-363260,173740
2011/12/30,0,759458,-256000,503458
2012/01/02,0,3078472,-3338422,-259950
2012/01/03,0,519993,-450906,69087
2012/01/04,0,722444,-546900,175544
2012/01/05,0,3750710,-1377000,2373710
2012/01/06,0,2164071,-1676050,488021
2012/01/09,0,1880000,-994424,885576
2012/01/10,0,2289150,-2599324,-310174
2012/01/11,0,413000,-1166110,-753110
2012/01/12,0,654000,-1428621,-774621
2012/01/13,0,747000,-943580,-196580
2012/01/16,0,588000,-1509452,-921452
2012/01/17,0,1713700,-593000,1120700
2012/01/18,0,2122871,-885978,1236893
2012/01/19,0,0,0,0
2012/01/20,0,0,0,0
2012/01/23,0,0,0,0
2012/01/24,0,0,0,0
2012/01/25,0,0,0,0
2012/01/26,0,0,0,0
2012/01/27,0,0,0,0
2012/01/30,0,3539876,-3486093,53783
2012/01/31,0,1960822,-1896701,64121
2012/02/01,0,2878000,-1215006,1662994
2012/02/02,0,6191435,-1424350,4767085
2012/02/03,0,2085000,-1751000,334000
2012/02/06,0,1821000,-1385000,436000
2012/02/07,0,4077526,-3390825,686701
2012/02/08,0,2582000,-318000,2264000
2012/02/09,0,1716524,-1071084,645440
2012/02/10,0,3560000,-3435000,125000
2012/02/13,0,1718000,-410685,1307315
2012/02/14,0,2069984,-902946,1167038
2012/02/15,0,2556916,-1184000,1372916
2012/02/16,0,1463440,-2326957,-863517
2012/02/17,0,2564050,-1200095,1363955
2012/02/20,0,2160000,-522000,1638000
2012/02/21,0,2669050,-1363180,1305870
2012/02/22,0,6872000,-1056820,5815180
2012/02/23,0,4271000,-1076080,3194920
2012/02/24,0,2695180,-1076325,1618855
2012/02/27,0,0,0,0
2012/02/28,0,0,0,0
2012/02/29,0,3449000,-1081103,2367897
2012/03/01,0,7113616,-1945350,5168266
2012/03/02,0,4590668,-1094041,3496627
2012/03/05,0,1783000,-906000,877000
2012/03/06,0,1844831,-1499266,345565
2012/03/07,0,1254050,-1903815,-649765
2012/03/08,0,1107000,-1321901,-214901
2012/03/09,0,907000,-821000,86000
2012/03/12,0,827629,-820000,7629
2012/03/13,0,1877618,-305700,1571918
2012/03/14,0,2756782,-225907,2530875
2012/03/15,0,3588000,-1059419,2528581
2012/03/16,0,1370000,-1641000,-271000
2012/03/19,0,1307000,-663054,643946
2012/03/20,0,734000,-573572,160428
2012/03/21,0,733438,-903743,-170305
2012/03/22,0,853050,-1008452,-155402
2012/03/23,0,420236,-273471,146765
2012/03/26,0,500285,-1167206,-666921
2012/03/27,0,888000,-705945,182055
2012/03/28,0,1000200,-340038,660162
2012/03/29,0,1766000,-3371990,-1605990
2012/03/30,0,1817938,-3498900,-1680962
2012/04/02,0,1318300,-1355256,-36956
2012/04/03,0,2355024,-1617167,737857
2012/04/04,0,0,0,0
2012/04/05,0,2328077,-3459058,-1130981
2012/04/06,0,332000,-1856372,-1524372
2012/04/09,0,191000,-691000,-500000
2012/04/10,0,3154472,-3070040,84432
2012/04/11,0,3593000,-3401854,191146
2012/04/12,0,1127500,-2132196,-1004696
2012/04/13,0,2186303,-3104594,-918291
2012/04/16,0,1153000,-832651,320349
2012/04/17,0,5890000,-5147980,742020
2012/04/18,0,5954547,-3899740,2054807
2012/04/19,0,2534125,-780469,1753656
2012/04/20,0,1873050,-1685420,187630
2012/04/23,0,4582961,-3647200,935761
2012/04/24,0,981248,-1614988,-633740
2012/04/25,0,3165000,-891848,2273152
2012/04/26,0,3485000,-1211512,2273488
2012/04/27,0,4691000,-1782511,2908489
2012/04/30,0,1942000,-426741,1515259
2012/05/01,0,0,0,0
2012/05/02,0,6754151,-665887,6088264
2012/05/03,0,1973000,-2735980,-762980
2012/05/04,0,3945525,-1681150,2264375
2012/05/07,0,1051000,-2311920,-1260920
2012/05/08,0,4712500,-2786238,1926262
2012/05/09,0,1077220,-2785220,-1708000
2012/05/10,0,1057819,-913546,144273
2012/05/11,0,1277503,-1731191,-453688
2012/05/14,0,849000,-517000,332000
2012/05/15,0,549000,-1842690,-1293690
2012/05/16,0,1228714,-2117238,-888524
2012/05/17,0,2990000,-1085000,1905000
2012/05/18,0,1824200,-2025020,-200820
2012/05/21,0,514000,-861000,-347000
2012/05/22,0,534000,-1080464,-546464
2012/05/23,0,2786709,-5739000,-2952291
2012/05/24,0,3080000,-2479253,600747
2012/05/25,0,2171000,-1454323,716677
2012/05/28,0,973264,-819024,154240
2012/05/29,0,2667000,-1317000,1350000
2012/05/30,0,4299088,-3485875,813213
2012/05/31,0,1978789,-3137509,-1158720
2012/06/01,0,877500,-1578714,-701214
2012/06/04,0,825811,-1134515,-308704
2012/06/05,0,3595000,-3177109,417891
2012/06/06,0,2712191,-1072703,1639488
2012/06/07,0,2188830,-2293412,-104582
2012/06/08,0,1862387,-2129031,-266644
2012/06/11,0,3838384,-3882200,-43816
2012/06/12,0,3177000,-3938000,-761000
2012/06/13,0,1759171,-2197054,-437883
2012/06/14,0,1270969,-1795215,-524246
2012/06/15,0,2615201,-3846061,-1230860
2012/06/18,0,1335962,-973227,362735
2012/06/19,0,1425184,-880320,544864
2012/06/20,0,1706937,-1704505,2432
2012/06/21,0,2419177,-2556000,-136823
2012/06/22,0,1917375,-6473232,-4555857
2012/06/25,0,893000,-4863963,-3970963
2012/06/26,0,1259000,-2608240,-1349240
2012/06/27,0,5855305,-5042545,812760
2012/06/28,0,653000,-3604900,-2951900
2012/06/29,0,2036000,-3239456,-1203456
2012/07/02,0,805000,-1910356,-1105356
2012/07/03,0,1570628,-1414402,156226
2012/07/04,0,2237033,-2622676,-385643
2012/07/05,0,908000,-305180,602820
2012/07/06,0,856000,-1433140,-577140
2012/07/09,0,1120195,-4427600,-3307405
2012/07/10,0,1250464,-3034999,-1784535
2012/07/11,0,1859000,-4057720,-2198720
2012/07/12,0,1535640,-5855860,-4320220
2012/07/13,0,789076,-1779627,-990551
2012/07/16,0,666000,-1100900,-434900
2012/07/17,0,763000,-1465640,-702640
2012/07/18,0,1299000,-3120266,-1821266
2012/07/19,0,1670161,-1036035,634126
2012/07/20,0,1200000,-580796,619204
2012/07/23,0,1083000,-1129000,-46000
2012/07/24,0,1012000,-1232876,-220876
2012/07/25,0,2158000,-2260087,-102087
2012/07/26,0,2657000,-1574988,1082012
2012/07/27,0,1823000,-734102,1088898
2012/07/30,0,521227,-568220,-46993
2012/07/31,0,2125000,-2068222,56778
2012/08/01,0,1567956,-1544174,23782
2012/08/02,0,0,0,0
2012/08/03,0,2678046,-3732972,-1054926
2012/08/06,0,1382000,-569689,812311
2012/08/07,0,1789000,-898002,890998
2012/08/08,0,3566922,-1889202,1677720
2012/08/09,0,3886000,-983612,2902388
2012/08/10,0,3735000,-1641960,2093040
2012/08/13,0,3335000,-1465196,1869804
2012/08/14,0,4440093,-1296000,3144093
2012/08/15,0,2222525,-1062280,1160245
2012/08/16,0,2876000,-459000,2417000
2012/08/17,0,1629200,-1274443,354757
2012/08/20,0,390000,-528000,-138000
2012/08/21,0,1049446,-561379,488067
2012/08/22,0,1048525,-185637,862888
2012/08/23,0,989860,-338832,651028
2012/08/24,0,1066000,-4145584,-3079584
2012/08/27,0,633000,-580303,52697
2012/08/28,0,864929,-1928000,-1063071
2012/08/29,0,971370,-1581792,-610422
2012/08/30,0,5089000,-2098860,2990140
2012/08/31,0,6384259,-2844802,3539457
2012/09/03,0,1172860,-695000,477860
2012/09/04,0,914000,-508772,405228
2012/09/05,0,1305000,-1357810,-52810
2012/09/06,0,724000,-863000,-139000
2012/09/07,0,2791969,-309569,2482400
2012/09/10,0,1836615,-1318600,518015
2012/09/11,0,240000,-907300,-667300
2012/09/12,0,2384000,-1590000,794000
2012/09/13,0,2601000,-2112300,488700
2012/09/14,0,2651740,-1572000,1079740
2012/09/17,0,2738900,-846232,1892668
2012/09/18,0,1773000,-1022000,751000
2012/09/19,0,2115687,-1058905,1056782
2012/09/20,0,924000,-329453,594547
2012/09/21,0,1804098,-1771696,32402
2012/09/24,0,2228122,-226000,2002122
2012/09/25,0,1655000,-360150,1294850
2012/09/26,0,1095000,-672000,423000
2012/09/27,0,3185952,-1289329,1896623
2012/09/28,0,1697112,-730489,966623
2012/10/01,0,932400,-798200,134200
2012/10/02,0,1130000,-1310020,-180020
2012/10/03,0,474000,-812994,-338994
2012/10/04,0,1366257,-1432060,-65803
2012/10/05,0,1670000,-1629230,40770
2012/10/08,0,1984200,-1695163,289037
2012/10/09,0,1913884,-2331136,-417252
2012/10/10,0,0,0,0
2012/10/11,0,1840086,-4054000,-2213914
2012/10/12,0,2360560,-2139225,221335
2012/10/15,0,1964892,-1995884,-30992
2012/10/16,0,1962000,-2028000,-66000
2012/10/17,0,838000,-1593253,-755253
2012/10/18,0,1296000,-1883000,-587000
2012/10/19,0,2719000,-1843500,875500
2012/10/22,0,1259000,-1577504,-318504
2012/10/23,0,1949793,-1813754,136039
2012/10/24,0,1336000,-1276806,59194
2012/10/25,0,2285919,-999429,1286490
2012/10/26,0,1056000,-928088,127912
2012/10/29,0,1410600,-1392000,18600
2012/10/30,0,1582700,-1386000,196700
2012/10/31,0,1626000,-2116000,-490000
2012/11/01,0,824100,-986980,-162880
2012/11/02,0,1982880,-3157000,-1174120
2012/11/05,0,1138322,-662000,476322
2012/11/06,0,1566000,-1114732,451268
2012/11/07,0,1321200,-618161,703039
2012/11/08,0,1132000,-1666800,-534800
2012/11/09,0,3740000,-1475515,2264485
2012/11/12,0,646300,-675000,-28700
2012/11/13,0,1044000,-1261000,-217000
2012/11/14,0,486000,-1172000,-686000
2012/11/15,0,1739000,-2359500,-620500
2012/11/16,0,1675000,-2020000,-345000
2012/11/19,0,1923500,-1464540,458960
2012/11/20,0,1122000,-806000,316000
2012/11/21,0,1700000,-1054500,645500
2012/11/22,0,1183000,-610791,572209
2012/11/23,0,2334000,-2175528,158472
2012/11/26,0,1111000,-1018500,92500
2012/11/27,0,1869000,-1309000,560000
2012/11/28,0,1648400,-1561712,86688
2012/11/29,0,1929500,-2235526,-306026
2012/11/30,0,2066887,-2162731,-95844
2012/12/03,0,1586735,-815523,771212
2012/12/04,0,1317420,-1884302,-566882
2012/12/05,0,1683000,-1179500,503500
2012/12/06,0,1269000,-1492555,-223555
2012/12/07,0,1454000,-955420,498580
2012/12/10,0,739000,-1195578,-456578
2012/12/11,0,2686693,-1750460,936233
2012/12/12,0,4156657,-930350,3226307
2012/12/13,0,5101565,-577000,4524565
2012/12/14,0,2936843,-1389000,1547843
2012/12/17,0,3385923,-1122720,2263203
2012/12/18,0,3064000,-1070000,1994000
2012/12/19,0,1469500,-1145140,324360
2012/12/20,0,2906000,-2845736,60264
2012/12/21,0,1060875,-1238201,-177326
2012/12/24,0,847000,-156115,690885
2012/12/25,0,379000,-130000,249000
2012/12/26,0,302000,-131000,171000
2012/12/27,0,634301,-683554,-49253
2012/12/28,0,865919,-439096,426823
2012/12/31,0,0,0,0
2013/01/01,0,0,0,0
2013/01/02,0,601715,-323000,278715
2013/01/03,0,1265404,-2323794,-1058390
2013/01/04,0,2210000,-2929184,-719184
2013/01/07,0,1406000,-1173380,232620
2013/01/08,0,2511794,-1514512,997282
2013/01/09,0,4170000,-3910037,259963
2013/01/10,0,6496000,-2385123,4110877
2013/01/11,0,4283000,-1391002,2891998
2013/01/14,0,1302500,-619705,682795
2013/01/15,0,2624000,-2260000,364000
2013/01/16,0,817386,-1282303,-464917
2013/01/17,0,2001650,-661949,1339701
2013/01/18,0,2502000,-1214700,1287300
2013/01/21,0,1641400,-701000,940400
2013/01/22,0,1408000,-530302,877698
2013/01/23,0,635003,-722514,-87511
2013/01/24,0,987000,-359140,627860
2013/01/25,0,2467077,-779468,1687609
2013/01/28,0,1401000,-716500,684500
2013/01/29,0,2311848,-694437,1617411
2013/01/30,0,1076365,-850000,226365
2013/01/31,0,3749194,-3256221,492973
2013/02/01,0,1924000,-1167105,756895
2013/02/04,0,2475300,-1259614,1215686
2013/02/05,0,4094300,-1466000,2628300
2013/02/06,0,3474822,-1002687,2472135
2013/02/07,0,0,0,0
2013/02/08,0,0,0,0
2013/02/11,0,0,0,0
2013/02/12,0,0,0,0
2013/02/13,0,0,0,0
2013/02/14,0,0,0,0
2013/02/15,0,0,0,0
2013/02/18,0,4092580,-3339310,753270
2013/02/19,0,1739352,-1396590,342762
2013/02/20,0,1751241,-1337000,414241
2013/02/21,0,2713300,-1426292,1287008
2013/02/22,0,1837000,-1267182,569818
2013/02/25,0,2003131,-1235514,767617
2013/02/26,0,1508447,-1126200,382247
2013/02/27,0,3704075,-1225569,2478506
2013/02/28,0,0,0,0
2013/03/01,0,2970864,-1354929,1615935
2013/03/04,0,2909285,-2344333,564952
2013/03/05,0,3205000,-1229791,1975209
2013/03/06,0,2228000,-2545366,-317366
2013/03/07,0,1664000,-4223414,-2559414
2013/03/08,0,2257764,-5145510,-2887746
2013/03/11,0,2106000,-5034300,-2928300
2013/03/12,0,948000,-3576537,-2628537
2013/03/13,0,424285,-1667338,-1243053
2013/03/14,0,1075864,-2045037,-969173
2013/03/15,0,630119,-1689763,-1059644
2013/03/18,0,2115000,-2897153,-782153
2013/03/19,0,1954800,-2075744,-120944
2013/03/20,0,1809000,-1754935,54065
2013/03/21,0,1010380,-1252000,-241620
2013/03/22,0,1159336,-1789631,-630295
2013/03/25,0,376000,-997900,-621900
2013/03/26,0,1963000,-1832557,130443
2013/03/27,0,1257000,-612610,644390
2013/03/28,0,1425359,-2328377,-903018
2013/03/29,0,704070,-652100,51970
2013/04/01,0,247525,-490000,-242475
2013/04/02,0,681061,-1799856,-1118795
2013/04/03,0,495500,-1004220,-508720
2013/04/04,0,0,0,0
2013/04/05,0,0,0,0
2013/04/08,0,2660500,-4084109,-1423609
2013/04/09,0,2096000,-4131282,-2035282
2013/04/10,0,2327000,-3997585,-1670585
2013/04/11,0,2016737,-3106025,-1089288
2013/04/12,0,1319000,-7155500,-5836500
2013/04/15,0,2863114,-9490789,-6627675
2013/04/16,0,2764414,-5212352,-2447938
2013/04/17,0,3076000,-3595150,-519150
2013/04/18,0,2441000,-2912411,-471411
2013/04/19,0,1641900,-2167000,-525100
2013/04/22,0,977608,-1520000,-542392
2013/04/23,0,348000,-1251200,-903200
2013/04/24,0,817391,-1208000,-390609
2013/04/25,0,918244,-1144100,-225856
2013/04/26,0,788870,-1873450,-1084580
2013/04/29,0,1199000,-1274000,-75000
2013/04/30,0,2682050,-2117000,565050
2013/05/01,0,0,0,0
2013/05/02,0,1485800,-1407514,78286
2013/05/03,0,914800,-974185,-59385
2013/05/06,0,1490130,-421760,1068370
2013/05/07,0,2064300,-1570358,493942
2013/05/08,0,970478,-1431392,-460914
2013/05/09,0,708237,-196880,511357
2013/05/10,0,648000,-478900,169100
2013/05/13,0,2066200,-1828700,237500
2013/05/14,0,603600,-552800,50800
2013/05/15,0,1041000,-1285857,-244857
2013/05/16,0,901815,-369880,531935
2013/05/17,0,2658378,-367324,2291054
2013/05/20,0,554656,-561000,-6344
2013/05/21,0,1367128,-616321,750807
2013/05/22,0,1003145,-650000,353145
2013/05/23,0,908000,-1098525,-190525
2013/05/24,0,574218,-911245,-337027
2013/05/27,0,425574,-669700,-244126
2013/05/28,0,490000,-656755,-166755
2013/05/29,0,564000,-1153000,-589000
2013/05/30,0,1301000,-1844085,-543085
2013/05/31,0,1647400,-4759398,-3111998
2013/06/03,0,740300,-1890000,-1149700
2013/06/04,0,1073000,-1258000,-185000
2013/06/05,0,487000,-868799,-381799
2013/06/06,0,595817,-2676200,-2080383
2013/06/07,0,744000,-3482116,-2738116
2013/06/10,0,1275000,-1262680,12320
2013/06/11,0,1662321,-2825161,-1162840
2013/06/12,0,0,0,0
2013/06/13,0,2718105,-10205070,-7486965
2013/06/14,0,2320931,-4667280,-2346349
2013/06/17,0,1344537,-2903278,-1558741
2013/06/18,0,2261004,-2449609,-188605
2013/06/19,0,1182103,-4346845,-3164742
2013/06/20,0,1315000,-2055236,-740236
2013/06/21,0,3468000,-3550310,-82310
2013/06/24,0,953000,-4284814,-3331814
2013/06/25,0,805000,-3987012,-3182012
2013/06/26,0,2848370,-3896441,-1048071
2013/06/27,0,1595000,-6036244,-4441244
2013/06/28,0,4251591,-16203935,-11952344
2013/07/01,0,1716000,-9838680,-8122680
2013/07/02,0,1714607,-6534531,-4819924
2013/07/03,0,1481000,-7164687,-5683687
2013/07/04,0,1352000,-2514720,-1162720
2013/07/05,0,1735000,-874000,861000
2013/07/08,0,509000,-3351500,-2842500
2013/07/09,0,1449000,-1751406,-302406
2013/07/10,0,452000,-3816285,-3364285
2013/07/11,0,2394300,-5560075,-3165775
2013/07/12,0,3014000,-1793000,1221000
2013/07/15,0,2479492,-1143450,1336042
2013/07/16,0,2906000,-2037000,869000
2013/07/17,0,1474575,-2314880,-840305
2013/07/18,0,1669500,-3561000,-1891500
2013/07/19,0,2868733,-3053916,-185183
2013/07/22,0,1209616,-1206000,3616
2013/07/23,0,2332185,-1762300,569885
2013/07/24,0,1890000,-1714885,175115
2013/07/25,0,853000,-427000,426000
2013/07/26,0,1092000,-1041725,50275
2013/07/29,0,1733000,-2396333,-663333
2013/07/30,0,2107000,-1288000,819000
2013/07/31,0,1055300,-2262800,-1207500
2013/08/01,0,2290000,-6696989,-4406989
2013/08/02,0,1402000,-2510700,-1108700
2013/08/05,0,1324607,-4722100,-3397493
2013/08/06,0,1966000,-3653036,-1687036
2013/08/07,0,843000,-2526440,-1683440
2013/08/08,0,609208,-3470374,-2861166
2013/08/09,0,1099000,-5449653,-4350653
2013/08/12,0,3385000,-1655510,1729490
2013/08/13,0,3378394,-2474142,904252
2013/08/14,0,1813600,-853820,959780
2013/08/15,0,2498897,-1440484,1058413
2013/08/16,0,2474995,-936259,1538736
2013/08/19,0,1761522,-1261000,500522
2013/08/20,0,2565023,-1003053,1561970
2013/08/21,0,0,0,0
2013/08/22,0,1922053,-4084453,-2162400
2013/08/23,0,1759000,-1158462,600538
2013/08/26,0,538955,-441168,97787
2013/08/27,0,1072000,-486887,585113
2013/08/28,0,843800,-578920,264880
2013/08/29,0,1476213,-613436,862777
2013/08/30,0,1427648,-1752049,-324401
2013/09/02,0,391000,-679200,-288200
2013/09/03,0,1139000,-276500,862500
2013/09/04,0,2663738,-2038400,625338
2013/09/05,0,1964312,-623220,1341092
2013/09/06,0,756000,-734000,22000
2013/09/09,0,1754000,-573598,1180402
2013/09/10,0,1610000,-890000,720000
2013/09/11,0,1458000,-1879392,-421392
2013/09/12,0,1191400,-1661000,-469600
2013/09/13,0,576000,-1255420,-679420
2013/09/16,0,982100,-2086000,-1103900
2013/09/17,0,1710000,-1292586,417414
2013/09/18,0,866762,-689564,177198
2013/09/19,0,0,0,0
2013/09/20,0,0,0,0
2013/09/23,0,1173260,-667672,505588
2013/09/24,0,858000,-1057361,-199361
2013/09/25,0,1625600,-1152902,472698
2013/09/26,0,1224000,-593000,631000
2013/09/27,0,1855000,-960883,894117
2013/09/30,0,1499679,-2799888,-1300209
2013/10/01,0,1104000,-1575943,-471943
2013/10/02,0,586528,-1873244,-1286716
2013/10/03,0,1119829,-804290,315539
2013/10/04,0,1801000,-704000,1097000
2013/10/07,0,1100127,-1181000,-80873
2013/10/08,0,1072000,-630390,441610
2013/10/09,0,934500,-1194000,-259500
2013/10/10,0,0,0,0
2013/10/11,0,1538288,-4105690,-2567402
2013/10/14,0,2752838,-7512837,-4759999
2013/10/15,0,3238551,-4140184,-901633
2013/10/16,0,919726,-860726,59000
2013/10/17,0,3429469,-3482520,-53051
2013/10/18,0,1085716,-1499531,-413815
2013/10/21,0,1635000,-973725,661275
2013/10/22,0,1924000,-642000,1282000
2013/10/23,0,1067853,-912000,155853
2013/10/24,0,1122395,-720480,401915
2013/10/25,0,2703000,-1405949,1297051
2013/10/28,0,2072800,-763426,1309374
2013/10/29,0,959800,-446000,513800
2013/10/30,0,932100,-327270,604830
2013/10/31,0,1391000,-1644798,-253798
2013/11/01,0,3532000,-1271000,2261000
2013/11/04,0,3023102,-392083,2631019
2013/11/05,0,924074,-894380,29694
2013/11/06,0,2744793,-2476729,268064
2013/11/07,0,2629000,-2860827,-231827
2013/11/08,0,2643000,-3135237,-492237
2013/11/11,0,2612000,-2674560,-62560
2013/11/12,0,2285000,-1340618,944382
2013/11/13,0,1034292,-1899440,-865148
2013/11/14,0,2250074,-2507633,-257559
2013/11/15,0,2432000,-1056015,1375985
2013/11/18,0,2417860,-987157,1430703
2013/11/19,0,2592000,-533800,2058200
2013/11/20,0,1754000,-768430,985570
2013/11/21,0,2927595,-996000,1931595
2013/11/22,0,3360031,-673291,2686740
2013/11/25,0,3295739,-1542000,1753739
2013/11/26,0,1422000,-1059772,362228
2013/11/27,0,2280206,-686581,1593625
2013/11/28,0,2855000,-895167,1959833
2013/11/29,0,4391000,-822543,3568457
2013/12/02,0,1818521,-567000,1251521
2013/12/03,0,4187575,-1082550,3105025
2013/12/04,0,2035000,-974012,1060988
2013/12/05,0,1810436,-1420038,390398
2013/12/06,0,3672881,-1120610,2552271
2013/12/09,0,4896517,-4175278,721239
2013/12/10,0,1641000,-711665,929335
2013/12/11,0,1344000,-972415,371585
2013/12/12,0,1655000,-984711,670289
2013/12/13,0,1818440,-571171,1247269
2013/12/16,0,1912000,-1396653,515347
2013/12/17,0,4348000,-931298,3416702
2013/12/18,0,2738673,-2608515,130158
2013/12/19,0,1656000,-1718021,-62021
2013/12/20,0,3789727,-3640222,149505
2013/12/23,0,900208,-1580600,-680392
2013/12/24,0,515000,-737793,-222793
2013/12/25,0,194050,-722603,-528553
2013/12/26,0,418000,-308000,110000
2013/12/27,0,880000,-497000,383000
2013/12/30,0,1076000,-615191,460809
2013/12/31,0,506636,-592000,-85364
2014/01/02,0,1264000,-809000,455000
2014/01/03,0,1711258,-724386,986872
2014/01/06,0,1237538,-300852,936686
2014/01/07,0,1661000,-955062,705938
2014/01/08,0,2855439,-1608000,1247439
2014/01/09,0,2208000,-1112000,1096000
2014/01/10,0,1029000,-928000,101000
2014/01/13,0,3707077,-769050,2938027
2014/01/14,0,838062,-1116000,-277938
2014/01/15,0,1894777,-1011020,883757
2014/01/16,0,1180000,-419261,760739
2014/01/17,0,1349022,-744193,604829
2014/01/20,0,776010,-454489,321521
2014/01/21,0,945300,-554555,390745
2014/01/22,0,2320995,-240000,2080995
2014/01/23,0,1864062,-566915,1297147
2014/01/24,0,1098000,-1095977,2023
2014/01/27,0,2052000,-2170461,-118461
2014/02/05,0,3071403,-3891414,-820011
2014/02/06,0,1753000,-2286000,-533000
2014/02/07,0,2278600,-2483000,-204400
2014/02/10,0,1318000,-1671947,-353947
2014/02/11,0,1535609,-1757335,-221726
2014/02/12,0,2402000,-1922599,479401
2014/02/13,0,2324134,-1721229,602905
2014/02/14,0,1547080,-589003,958077
2014/02/17,0,976000,-1195500,-219500
2014/02/18,0,2127000,-456000,1671000
2014/02/19,0,4643000,-1176474,3466526
2014/02/20,0,2192342,-3080652,-888310
2014/02/21,0,2691000,-2393000,298000
2014/02/24,0,1547180,-1212226,334954
2014/02/25,0,1184862,-1661750,-476888
2014/02/26,0,1046000,-1357024,-311024
2014/02/27,0,1374259,-1539173,-164914
2014/03/03,0,2243275,-2454687,-211412
2014/03/04,0,696851,-625780,71071
2014/03/05,0,687000,-1333300,-646300
2014/03/06,0,1196785,-698489,498296
2014/03/07,0,1140000,-421212,718788
2014/03/10,0,866000,-747474,118526
2014/03/11,0,1899750,-651426,1248324
2014/03/12,0,1233375,-428369,805006
2014/03/13,0,2145000,-666684,1478316
2014/03/14,0,1255000,-805429,449571
2014/03/17,0,848000,-403000,445000
2014/03/18,0,2950000,-776498,2173502
2014/03/19,0,2588130,-997000,1591130
2014/03/20,0,1477000,-908760,568240
2014/03/21,0,3042800,-723044,2319756
2014/03/24,0,1286158,-427001,859157
2014/03/25,0,1977000,-1000337,976663
2014/03/26,0,1886000,-669647,1216353
2014/03/27,0,2724000,-501000,2223000
2014/03/28,0,7702292,-5453092,2249200
2014/03/31,0,2895697,-673000,2222697
2014/04/01,0,2781000,-643269,2137731
2014/04/02,0,1554689,-752539,802150
2014/04/03,0,1016000,-321000,695000
2014/04/07,0,4077000,-1067000,3010000
2014/04/08,0,3327150,-987000,2340150
2014/04/09,0,1979386,-1703000,276386
2014/04/10,0,1925560,-1922433,3127
2014/04/11,0,1654000,-776000,878000
2014/04/14,0,880590,-138000,742590
2014/04/15,0,1225000,-830000,395000
2014/04/16,0,1692000,-995000,697000
2014/04/17,0,2071212,-611144,1460068
2014/04/18,0,1550956,-390000,1160956
2014/04/21,0,1022000,-207000,815000
2014/04/22,0,1889369,-576003,1313366
2014/04/23,0,2234642,-1188079,1046563
2014/04/24,0,2277000,-1859000,418000
2014/04/25,0,3303000,-1345000,1958000
2014/04/28,0,1754000,-1626000,128000
2014/04/29,0,1094000,-1697000,-603000
2014/04/30,0,2291155,-2514244,-223089
2014/05/02,0,2963900,-2427235,536665
2014/05/05,0,1280261,-1916000,-635739
2014/05/06,0,1191500,-2543020,-1351520
2014/05/07,0,1244000,-1961000,-717000
2014/05/08,0,515000,-977000,-462000
2014/05/09,0,1736000,-5359710,-3623710
2014/05/12,0,1665474,-2058725,-393251
2014/05/13,0,1018000,-939000,79000
2014/05/14,0,1992000,-469000,1523000
2014/05/15,0,2664000,-1149630,1514370
2014/05/16,0,1430000,-1682321,-252321
2014/05/19,0,324000,-443638,-119638
2014/05/20,0,1502292,-702000,800292
2014/05/21,0,396000,-210115,185885
2014/05/22,0,804000,-172000,632000
2014/05/23,0,1038000,-440781,597219
2014/05/26,0,866900,-1231900,-365000
2014/05/27,0,617000,-592350,24650
2014/05/28,0,2235517,-1025169,1210348
2014/05/29,0,1462000,-1130743,331257
2014/05/30,0,3958201,-3016681,941520
2014/06/03,0,2797000,-3719443,-922443
2014/06/04,0,944719,-542000,402719
2014/06/05,0,2868001,-3212130,-344129
2014/06/06,0,1525600,-1187502,338098
2014/06/09,0,1174000,-533800,640200
2014/06/10,0,1669902,-1192000,477902
2014/06/11,0,899000,-562716,336284
2014/06/12,0,813300,-218500,594800
2014/06/13,0,1354000,-1508450,-154450
2014/06/16,0,749000,-644357,104643
2014/06/17,0,990000,-824666,165334
2014/06/18,0,1454000,-571850,882150
2014/06/19,0,1880555,-1266000,614555
2014/06/20,0,1352000,-1167741,184259
2014/06/23,0,565000,-180338,384662
2014/06/24,0,612000,-332431,279569
2014/06/25,0,1035000,-876749,158251
2014/06/26,0,1199194,-235668,963526
2014/06/27,0,1147370,-535000,612370
2014/06/30,0,1069000,-610892,458108
2014/07/01,0,978000,-325501,652499
2014/07/02,0,1240664,-701505,539159
2014/07/03,0,950300,-667000,283300
2014/07/04,0,605000,-865745,-260745
2014/07/07,0,401534,-467038,-65504
2014/07/08,0,711142,-2537900,-1826758
2014/07/09,0,1272000,-4471700,-3199700
2014/07/10,0,2299877,-3432036,-1132159
2014/07/11,0,708000,-507630,200370
2014/07/14,0,779000,-842062,-63062
2014/07/15,0,887378,-715660,171718
2014/07/16,0,902000,-752260,149740
2014/07/17,0,1105086,-1080242,24844
2014/07/18,0,1318000,-1404320,-86320
2014/07/21,0,1756000,-1856646,-100646
2014/07/22,0,1432000,-1264652,167348
2014/07/23,0,0,0,0
2014/07/24,0,1971134,-1431931,539203
2014/07/25,0,662000,-1309750,-647750
2014/07/28,0,778000,-1129000,-351000
2014/07/29,0,1103000,-955506,147494
2014/07/30,0,918000,-914000,4000
2014/07/31,0,870000,-2267497,-1397497
2014/08/01,0,665000,-521000,144000
2014/08/04,0,1557023,-1273742,283281
2014/08/05,0,1502320,-2535908,-1033588
2014/08/06,0,2807000,-3140000,-333000
2014/08/07,0,1723840,-2058654,-334814
2014/08/08,0,1864065,-1545240,318825
2014/08/11,0,1447000,-2676807,-1229807
2014/08/12,0,1605550,-1969355,-363805
2014/08/13,0,1260600,-1711501,-450901
2014/08/14,0,575000,-1858971,-1283971
2014/08/15,0,892000,-1030000,-138000
2014/08/18,0,866000,-1093000,-227000
2014/08/19,0,2244172,-2006687,237485
2014/08/20,0,2088777,-1697000,391777
2014/08/21,0,1500000,-1961000,-461000
2014/08/22,0,3583448,-2828958,754490
2014/08/25,0,226000,-874000,-648000
2014/08/26,0,954657,-590000,364657
2014/08/27,0,2594400,-1901000,693400
2014/08/28,0,1241272,-1023435,217837
2014/08/29,0,1775600,-1866000,-90400
2014/09/01,0,1170000,-696000,474000
2014/09/02,0,540000,-694000,-154000
2014/09/03,0,824700,-339010,485690
2014/09/04,0,1025510,-432795,592715
2014/09/05,0,1108000,-515766,592234
2014/09/09,0,706946,-355750,351196
2014/09/10,0,992839,-840100,152739
2014/09/11,0,1028000,-693611,334389
2014/09/12,0,1123861,-725000,398861
2014/09/15,0,2236000,-521400,1714600
2014/09/16,0,584274,-1034765,-450491
2014/09/17,0,647200,-554000,93200
2014/09/18,0,585311,-647000,-61689
2014/09/19,0,1476741,-2305123,-828382
2014/09/22,0,924049,-3088500,-2164451
2014/09/23,0,1103000,-2573780,-1470780
2014/09/24,0,971025,-758025,213000
2014/09/25,0,726700,-1666182,-939482
2014/09/26,0,628506,-1149267,-520761
2014/09/29,0,1344000,-1895000,-551000
2014/09/30,0,1500000,-1760415,-260415
2014/10/01,0,1264900,-1288166,-23266
2014/10/02,0,1573900,-950585,623315
2014/10/03,0,1863502,-727040,1136462
2014/10/06,0,932970,-1236750,-303780
2014/10/07,0,678000,-855911,-177911
2014/10/08,0,921000,-738390,182610
2014/10/09,0,1909660,-1109500,800160
2014/10/13,0,1608000,-1455000,153000
2014/10/14,0,2591518,-2145036,446482
2014/10/15,0,1690300,-2932000,-1241700
2014/10/16,0,1444980,-2605221,-1160241
2014/10/17,0,2422486,-2570261,-147775
2014/10/20,0,979720,-875400,104320
2014/10/21,0,1719000,-1396143,322857
2014/10/22,0,1647502,-2111429,-463927
2014/10/23,0,429742,-857000,-427258
2014/10/24,0,665000,-1282334,-617334
2014/10/27,0,1644000,-865380,778620
2014/10/28,0,2006000,-1543000,463000
2014/10/29,0,4770506,-3321356,1449150
2014/10/30,0,1143500,-757003,386497
2014/10/31,0,2010000,-914479,1095521
2014/11/03,0,1501244,-842000,659244
2014/11/04,0,1952309,-698090,1254219
2014/11/05,0,572000,-269496,302504
2014/11/06,0,1428159,-840600,587559
2014/11/07,0,1077000,-1153177,-76177
2014/11/10,0,1608152,-480600,1127552
2014/11/11,0,2161000,-612530,1548470
2014/11/12,0,1349000,-863860,485140
2014/11/13,0,1717002,-585002,1132000
2014/11/14,0,1659000,-862295,796705
2014/11/17,0,2180001,-527516,1652485
2014/11/18,0,1781022,-287354,1493668
2014/11/19,0,4510441,-1048128,3462313
2014/11/20,0,2603000,-615214,1987786
2014/11/21,0,3201450,-1295620,1905830
2014/11/24,0,3642000,-422000,3220000
2014/11/25,0,3456428,-994535,2461893
2014/11/26,0,2163000,-447000,1716000
2014/11/27,0,2009000,-210000,1799000
2014/11/28,0,2169300,-629000,1540300
2014/12/01,0,1886300,-1549751,336549
2014/12/02,0,2057000,-1553052,503948
2014/12/03,0,4532000,-696205,3835795
2014/12/04,0,2538108,-780708,1757400
2014/12/05,0,2339500,-1348600,990900
2014/12/08,0,1490000,-521000,969000
2014/12/09,0,2013000,-721872,1291128
2014/12/10,0,1692238,-1237038,455200
2014/12/11,0,1681653,-751653,930000
2014/12/12,0,2214022,-1028416,1185606
2014/12/15,0,2521000,-1378617,1142383
2014/12/16,0,1467961,-1160135,307826
2014/12/17,0,2626064,-2041296,584768
2014/12/18,0,1625000,-1617814,7186
2014/12/19,0,1335000,-556224,778776
2014/12/22,0,733000,-666000,67000
2014/12/23,0,775000,-687100,87900
2014/12/24,0,541000,-599666,-58666
2014/12/25,0,108000,-4000,104000
2014/12/26,0,274000,-71000,203000
2014/12/29,0,1063028,-401248,661780
2014/12/30,0,827204,-856004,-28800
2014/12/31,0,1347700,-1176674,171026
2015/01/01,0,0,0,0
2015/01/02,0,0,0,0
2015/01/05,0,1005001,-1116153,-111152
2015/01/06,0,1630000,-1924853,-294853
2015/01/07,0,2003062,-2240062,-237000
2015/01/08,0,1873130,-1011145,861985
2015/01/09,0,1627000,-1572728,54272
2015/01/12,0,2056000,-2783000,-727000
2015/01/13,0,1554200,-1756273,-202073
2015/01/14,0,3851000,-6973720,-3122720
2015/01/15,0,2262800,-5448095,-3185295
2015/01/16,0,1446000,-2497617,-1051617
2015/01/19,0,685000,-869000,-184000
2015/01/20,0,1232000,-1464988,-232988
2015/01/21,0,1996000,-1678618,317382
2015/01/22,0,1302000,-1801790,-499790
2015/01/23,0,1838174,-1749474,88700
2015/01/26,0,1228300,-1320079,-91779
2015/01/27,0,813000,-986164,-173164
2015/01/28,0,1227114,-1248500,-21386
2015/01/29,0,948000,-1233135,-285135
2015/01/30,0,1740000,-1959555,-219555
2015/02/02,0,1263325,-894251,369074
2015/02/03,0,955000,-846811,108189
2015/02/04,0,2177444,-2391139,-213695
2015/02/05,0,1351000,-1624815,-273815
2015/02/06,0,1350000,-1588000,-238000
2015/02/09,0,1140076,-1151300,-11224
2015/02/10,0,2178000,-2211038,-33038
2015/02/11,0,1680000,-1343000,337000
2015/02/12,0,2123500,-2823000,-699500
2015/02/13,0,2135000,-2500194,-365194
2015/02/16,0,0,0,0
2015/02/17,0,0,0,0
2015/02/18,0,0,0,0
2015/02/19,0,0,0,0
2015/02/20,0,0,0,0
2015/02/23,0,0,0,0
2015/02/24,0,3582425,-3601378,-18953
2015/02/25,0,2624000,-2520420,103580
2015/02/26,0,2038165,-2827443,-789278
2015/02/27,0,0,0,0
2015/03/02,0,3603512,-4314257,-710745
2015/03/03,0,4461804,-4541660,-79856
2015/03/04,0,1086000,-879000,207000
2015/03/05,0,1693000,-1885000,-192000
2015/03/06,0,866461,-1008143,-141682
2015/03/09,0,919000,-1706400,-787400
2015/03/10,0,2505494,-2809864,-304370
2015/03/11,0,1654000,-1824000,-170000
2015/03/12,0,1523000,-1486661,36339
2015/03/13,0,1634000,-2096668,-462668
2015/03/16,0,2287000,-4497205,-2210205
2015/03/17,0,2129500,-3295739,-1166239
2015/03/18,0,1588000,-1037377,550623
2015/03/19,0,894492,-2051807,-1157315
2015/03/20,0,1754000,-3030000,-1276000
2015/03/23,0,419000,-514000,-95000
2015/03/24,0,496010,-1086314,-590304
2015/03/25,0,805881,-1719000,-913119
2015/03/26,0,1437400,-1866937,-429537
2015/03/27,0,696000,-2586426,-1890426
2015/03/30,0,913661,-638661,275000
2015/03/31,0,818000,-911036,-93036
2015/04/01,0,659945,-1104503,-444558
2015/04/02,0,641022,-671878,-30856
2015/04/03,0,0,0,0
2015/04/06,0,0,0,0
2015/04/07,0,490000,-611001,-121001
2015/04/08,0,320000,-917565,-597565
2015/04/09,0,837861,-1023000,-185139
2015/04/10,0,822660,-1130847,-308187
2015/04/13,0,712000,-825000,-113000
2015/04/14,0,306000,-679000,-373000
2015/04/15,0,624000,-1534030,-910030
2015/04/16,0,1782485,-977037,805448
2015/04/17,0,1355137,-664490,690647
2015/04/20,0,3287182,-2976595,310587
2015/04/21,0,841215,-820000,21215
2015/04/22,0,1331000,-848000,483000
2015/04/23,0,2093000,-726499,1366501
2015/04/24,0,2246000,-310000,1936000
2015/04/27,0,1508000,-334110,1173890
2015/04/28,0,2163857,-727967,1435890
2015/04/29,0,773000,-1502148,-729148
2015/04/30,0,1430010,-1600901,-170891
2015/05/01,0,0,0,0
2015/05/04,0,650000,-234797,415203
2015/05/05,0,364885,-783400,-418515
2015/05/06,0,697000,-1315327,-618327
2015/05/07,0,941000,-2346905,-1405905
2015/05/08,0,683010,-1069000,-385990
2015/05/11,0,851000,-2117135,-1266135
2015/05/12,0,1159000,-1329784,-170784
2015/05/13,0,5151505,-5079909,71596
2015/05/14,0,1548000,-2683923,-1135923
2015/05/15,0,1197000,-1626964,-429964
2015/05/18,0,1042500,-1670000,-627500
2015/05/19,0,950010,-1874692,-924682
2015/05/20,0,2990766,-1319100,1671666
2015/05/21,0,1211500,-1424000,-212500
2015/05/22,0,788655,-606000,182655
2015/05/25,0,320000,-301000,19000
2015/05/26,0,864000,-366000,498000
2015/05/27,0,1309260,-1456070,-146810
2015/05/28,0,2672000,-2780532,-108532
2015/05/29,0,2677794,-4767875,-2090081
2015/06/01,0,512481,-2251060,-1738579
2015/06/02,0,652509,-1613991,-961482
2015/06/03,0,294000,-659000,-365000
2015/06/04,0,378500,-1652880,-1274380
2015/06/05,0,419280,-1285080,-865800
2015/06/08,0,780000,-2089000,-1309000
2015/06/09,0,330600,-1054485,-723885
2015/06/10,0,1577000,-1384908,192092
2015/06/11,0,1227000,-2433000,-1206000
2015/06/12,0,281400,-1097729,-816329
2015/06/15,0,587150,-1330000,-742850
2015/06/16,0,792000,-1409437,-617437
2015/06/17,0,769000,-2235416,-1466416
2015/06/18,0,1822000,-2335596,-513596
2015/06/19,0,0,0,0
2015/06/22,0,934117,-1033930,-99813
2015/06/23,0,957000,-709539,247461
2015/06/24,0,955139,-1175772,-220633
2015/06/25,0,864507,-2030000,-1165493
2015/06/26,0,411000,-626187,-215187
2015/06/29,0,597200,-1027776,-430576
2015/06/30,0,1501000,-2154915,-653915
2015/07/01,0,837000,-777726,59274
2015/07/02,0,450080,-1139773,-689693
2015/07/03,0,450300,-613661,-163361
2015/07/06,0,259000,-441040,-182040
2015/07/07,0,792000,-1235000,-443000
2015/07/08,0,919000,-2798955,-1879955
2015/07/09,0,1229000,-2290844,-1061844
2015/07/10,0,0,0,0
2015/07/13,0,2720000,-1438629,1281371
2015/07/14,0,1096000,-1765501,-669501
2015/07/15,0,1982295,-1099925,882370
2015/07/16,0,1425000,-710000,715000
2015/07/17,0,777100,-882400,-105300
2015/07/20,0,538117,-740000,-201883
2015/07/21,0,1225000,-1550000,-325000
2015/07/22,0,1447000,-818370,628630
2015/07/23,0,1636067,-1262400,373667
2015/07/24,0,1684022,-1083600,600422
2015/07/27,0,2382000,-1418000,964000
2015/07/28,0,2830280,-1997118,833162
2015/07/29,0,2331000,-2392277,-61277
2015/07/30,0,2116000,-1147584,968416
2015/07/31,0,3772108,-3127000,645108
2015/08/03,0,966822,-1088000,-121178
2015/08/04,0,2183000,-2280767,-97767
2015/08/05,0,657185,-633657,23528
2015/08/06,0,1286185,-1193000,93185
2015/08/07,0,734000,-723000,11000
2015/08/10,0,484000,-561000,-77000
2015/08/11,0,1632154,-2354000,-721846
2015/08/12,0,3927000,-1552300,2374700
2015/08/13,0,2158300,-1680056,478244
2015/08/14,0,1538109,-1031300,506809
2015/08/17,0,1390265,-387260,1003005
2015/08/18,0,1221000,-986626,234374
2015/08/19,0,1348126,-1077926,270200
2015/08/20,0,958000,-1235000,-277000
2015/08/21,0,1213000,-1258000,-45000
2015/08/24,0,1345000,-1126000,219000
2015/08/25,0,1944000,-1873050,70950
2015/08/26,0,2008000,-1446965,561035
2015/08/27,0,1715700,-1815383,-99683
2015/08/28,0,3329500,-1050840,2278660
2015/08/31,0,3127053,-1783027,1344026
2015/09/01,0,1113320,-992594,120726
2015/09/02,0,1636200,-1451815,184385
2015/09/03,0,752000,-489000,263000
2015/09/04,0,2135602,-1884188,251414
2015/09/07,0,893000,-759000,134000
2015/09/08,0,1157000,-1332113,-175113
2015/09/09,0,2190522,-617605,1572917
2015/09/10,0,1243574,-1174000,69574
2015/09/11,0,830000,-954000,-124000
2015/09/14,0,811000,-340000,471000
2015/09/15,0,662000,-977000,-315000
2015/09/16,0,968000,-1443230,-475230
2015/09/17,0,1720000,-1127851,592149
2015/09/18,0,1284384,-1175014,109370
2015/09/21,0,343000,-1137434,-794434
2015/09/22,0,1018000,-1142300,-124300
2015/09/23,0,743000,-1266830,-523830
2015/09/24,0,366030,-967860,-601830
2015/09/25,0,1205040,-1010920,194120
2015/09/28,0,0,0,0
2015/09/29,0,0,0,0
2015/09/30,0,2429000,-2285000,144000
2015/10/01,0,1587368,-898000,689368
2015/10/02,0,699083,-1043000,-343917
2015/10/05,0,1825800,-2045000,-219200
2015/10/06,0,2870505,-2040718,829787
2015/10/07,0,1247659,-787755,459904
2015/10/08,0,1857810,-1683000,174810
2015/10/09,0,0,0,0
2015/10/12,0,3010543,-2606500,404043
2015/10/13,0,1059022,-577862,481160
2015/10/14,0,1027000,-447000,580000
2015/10/15,0,1189000,-486000,703000
2015/10/16,0,1074000,-1385600,-311600
2015/10/19,0,1930000,-1214977,715023
2015/10/20,0,1057400,-898000,159400
2015/10/21,0,672000,-445100,226900
2015/10/22,0,1187000,-635000,552000
2015/10/23,0,1625000,-981415,643585
2015/10/26,0,1457000,-573000,884000
2015/10/27,0,694000,-234079,459921
2015/10/28,0,1154283,-672124,482159
2015/10/29,0,434000,-548730,-114730
2015/10/30,0,793000,-872185,-79185
2015/11/02,0,475000,-386006,88994
2015/11/03,0,878116,-350179,527937
2015/11/04,0,1099000,-448170,650830
2015/11/05,0,401432,-363290,38142
2015/11/06,0,753000,-1360822,-607822
2015/11/09,0,282051,-611000,-328949
2015/11/10,0,875000,-1389030,-514030
2015/11/11,0,921534,-1343798,-422264
2015/11/12,0,1033000,-1358361,-325361
2015/11/13,0,214000,-1374755,-1160755
2015/11/16,0,558000,-1225534,-667534
2015/11/17,0,215500,-969000,-753500
2015/11/18,0,281394,-1515000,-1233606
2015/11/19,0,966000,-868993,97007
2015/11/20,0,300000,-1056000,-756000
2015/11/23,0,253240,-907534,-654294
2015/11/24,0,348000,-670396,-322396
2015/11/25,0,263458,-722938,-459480
2015/11/26,0,751000,-1041688,-290688
2015/11/27,0,308000,-457020,-149020
2015/11/30,0,1746000,-3160354,-1414354
2015/12/01,0,1437000,-1058293,378707
2015/12/02,0,1045000,-1455000,-410000
2015/12/03,0,652000,-523116,128884
2015/12/04,0,1402000,-928255,473745
2015/12/07,0,1126000,-358766,767234
2015/12/08,0,1426000,-2688104,-1262104
2015/12/09,0,741000,-856466,-115466
2015/12/10,0,2066500,-1632000,434500
2015/12/11,0,1692181,-1375059,317122
2015/12/14,0,453290,-636224,-182934
2015/12/15,0,494512,-893210,-398698
2015/12/16,0,374736,-315245,59491
2015/12/17,0,1048000,-799629,248371
2015/12/18,0,894163,-1026967,-132804
2015/12/21,0,1363336,-905500,457836
2015/12/22,0,1010838,-543845,466993
2015/12/23,0,695436,-589000,106436
2015/12/24,0,164570,-179000,-14430
2015/12/25,0,91000,-142254,-51254
2015/12/28,0,336000,-202000,134000
2015/12/29,0,269000,-611000,-342000
2015/12/30,0,320425,-621356,-300931
2015/12/31,0,266293,-174584,91709
2016/01/01,0,0,0,0
2016/01/04,0,431720,-1096000,-664280
2016/01/05,0,372279,-757000,-384721
2016/01/06,0,526839,-836000,-309161
2016/01/07,0,1320455,-1334466,-14011
2016/01/08,0,1913000,-1166168,746832
2016/01/11,0,1266084,-2006694,-740610
2016/01/12,0,903000,-966000,-63000
2016/01/13,0,629000,-1100420,-471420
2016/01/14,0,331189,-1018250,-687061
2016/01/15,0,440000,-1594512,-1154512
2016/01/18,0,770010,-1319000,-548990
2016/01/19,0,521000,-694513,-173513
2016/01/20,0,830988,-1512000,-681012
2016/01/21,0,635878,-774000,-138122
2016/01/22,0,759000,-608000,151000
2016/01/25,0,931610,-675000,256610
2016/01/26,0,744736,-1224400,-479664
2016/01/27,0,458000,-729821,-271821
2016/01/28,0,1554000,-1689084,-135084
2016/01/29,0,1806137,-2031000,-224863
2016/02/01,0,901023,-697000,204023
2016/02/02,0,1125114,-694060,431054
2016/02/03,0,597000,-846424,-249424
2016/02/04,0,0,0,0
2016/02/05,0,0,0,0
2016/02/08,0,0,0,0
2016/02/09,0,0,0,0
2016/02/10,0,0,0,0
2016/02/11,0,0,0,0
2016/02/12,0,0,0,0
2016/02/15,0,859022,-1295152,-436130
2016/02/16,0,793000,-971000,-178000
2016/02/17,0,976044,-799000,177044
2016/02/18,0,2334163,-1685594,648569
2016/02/19,0,528252,-765122,-236870
2016/02/22,0,962000,-1206284,-244284
2016/02/23,0,917472,-1002000,-84528
2016/02/24,0,378597,-679550,-300953
2016/02/25,0,867875,-663800,204075
2016/02/26,0,720000,-640179,79821
2016/02/29,0,0,0,0
2016/03/01,0,851954,-795622,56332
2016/03/02,0,637089,-461000,176089
2016/03/03,0,1658174,-1121000,537174
2016/03/04,0,517018,-1248000,-730982
2016/03/07,0,1547021,-896000,651021
2016/03/08,0,720377,-937722,-217345
2016/03/09,0,1493286,-418000,1075286
2016/03/10,0,1468000,-592000,876000
2016/03/11,0,1171000,-561000,610000
2016/03/14,0,867400,-299000,568400
2016/03/15,0,1142000,-744000,398000
2016/03/16,0,879000,-291000,588000
2016/03/17,0,1268434,-358689,909745
2016/03/18,0,2667238,-1357438,1309800
2016/03/21,0,752000,-446600,305400
2016/03/22,0,1079448,-742248,337200
2016/03/23,0,1033000,-390316,642684
2016/03/24,0,651000,-326000,325000
2016/03/25,0,149000,-140000,9000
2016/03/28,0,758000,-265000,493000
2016/03/29,0,830000,-630400,199600
2016/03/30,0,1314000,-1046713,267287
2016/03/31,0,1398000,-886324,511676
2016/04/01,0,977000,-1287800,-310800
2016/04/04,0,0,0,0
2016/04/05,0,0,0,0
2016/04/06,0,1973352,-1835475,137877
2016/04/07,0,1357900,-1136672,221228
2016/04/08,0,1348000,-1399845,-51845
2016/04/11,0,822000,-860870,-38870
2016/04/12,0,684000,-711000,-27000
2016/04/13,0,1199000,-902000,297000
2016/04/14,0,919000,-922218,-3218
2016/04/15,0,842744,-670000,172744
2016/04/18,0,764000,-684000,80000
2016/04/19,0,853000,-813000,40000
2016/04/20,0,1723087,-910000,813087
2016/04/21,0,983000,-659370,323630
2016/04/22,0,935717,-607781,327936
2016/04/25,0,1124000,-563170,560830
2016/04/26,0,1458806,-742443,716363
2016/04/27,0,1195159,-973000,222159
2016/04/28,0,842085,-811000,31085
2016/04/29,0,803000,-820220,-17220
2016/05/02,0,0,0,0
2016/05/03,0,997000,-1940950,-943950
2016/05/04,0,797000,-1568376,-771376
2016/05/05,0,183000,-1019740,-836740
2016/05/06,0,351434,-1436000,-1084566
2016/05/09,0,335000,-954000,-619000
2016/05/10,0,363717,-1143000,-779283
2016/05/11,0,520600,-1138157,-617557
2016/05/12,0,1055000,-667000,388000
2016/05/13,0,702000,-1391000,-689000
2016/05/16,0,363000,-1044224,-681224
2016/05/17,0,289000,-961079,-672079
2016/05/18,0,718868,-867000,-148132
2016/05/19,0,297000,-979001,-682001
2016/05/20,0,291650,-740258,-448608
2016/05/23,0,1039391,-774000,265391
2016/05/24,0,609440,-788643,-179203
2016/05/25,0,763717,-679000,84717
2016/05/26,0,633000,-551000,82000
2016/05/27,0,514662,-594628,-79966
2016/05/30,0,1225642,-503943,721699
2016/05/31,0,1993537,-2489568,-496031
2016/06/01,0,961472,-710000,251472
2016/06/02,0,992944,-543900,449044
2016/06/03,0,850000,-152000,698000
2016/06/06,0,497000,-451438,45562
2016/06/07,0,1006000,-558000,448000
2016/06/08,0,1421000,-212000,1209000
2016/06/09,0,0,0,0
2016/06/10,0,0,0,0
2016/06/13,0,949000,-1421227,-472227
2016/06/14,0,1744952,-1550000,194952
2016/06/15,0,872678,-972171,-99493
2016/06/16,0,509000,-850198,-341198
2016/06/17,0,1636064,-1004867,631197
2016/06/20,0,455000,-525000,-70000
2016/06/21,0,475208,-553000,-77792
2016/06/22,0,646272,-434000,212272
2016/06/23,0,626742,-692000,-65258
2016/06/24,0,1062212,-1572929,-510717
2016/06/27,0,1141000,-2687982,-1546982
2016/06/28,0,1657913,-1650000,7913
2016/06/29,0,658000,-753900,-95900
2016/06/30,0,1511700,-1996166,-484466
2016/07/01,0,1342000,-792765,549235
2016/07/04,0,731625,-331000,400625
2016/07/05,0,318000,-254000,64000
2016/07/06,0,265000,-1016552,-751552
2016/07/07,0,345000,-208468,136532
2016/07/08,0,0,0,0
2016/07/11,0,1622736,-336000,1286736
2016/07/12,0,1896000,-511200,1384800
2016/07/13,0,1999264,-345000,1654264
2016/07/14,0,1444302,-323000,1121302
2016/07/15,0,1656142,-703000,953142
2016/07/18,0,1775800,-670000,1105800
2016/07/19,0,1727036,-774200,952836
2016/07/20,0,1759000,-695000,1064000
2016/07/21,0,1713799,-1965926,-252127
2016/07/22,0,1244000,-873306,370694
2016/07/25,0,622000,-354000,268000
2016/07/26,0,537000,-647000,-110000
2016/07/27,0,752000,-716000,36000
2016/07/28,0,762000,-628000,134000
2016/07/29,0,1243517,-2148516,-904999
2016/08/01,0,795592,-374041,421551
2016/08/02,0,473767,-787900,-314133
2016/08/03,0,401457,-456645,-55188
2016/08/04,0,432520,-403520,29000
2016/08/05,0,931395,-281500,649895
2016/08/08,0,750872,-1339340,-588468
2016/08/09,0,665705,-700000,-34295
2016/08/10,0,669000,-774159,-105159
2016/08/11,0,814000,-1280244,-466244
2016/08/12,0,1479000,-1744000,-265000
2016/08/15,0,1856000,-1987000,-131000
2016/08/16,0,664000,-1071498,-407498
2016/08/17,0,695229,-654000,41229
2016/08/18,0,554000,-508000,46000
2016/08/19,0,1345462,-887000,458462
2016/08/22,0,658000,-532125,125875
2016/08/23,0,860100,-760495,99605
2016/08/24,0,1230000,-1082999,147001
2016/08/25,0,988000,-256240,731760
2016/08/26,0,470752,-217007,253745
2016/08/29,0,924000,-1002239,-78239
2016/08/30,0,739857,-487055,252802
2016/08/31,0,1179374,-1453055,-273681
2016/09/01,0,612942,-662339,-49397
2016/09/02,0,804428,-379122,425306
2016/09/05,0,446000,-148000,298000
2016/09/06,0,989999,-324000,665999
2016/09/07,0,805000,-729000,76000
2016/09/08,0,1470000,-1595500,-125500
2016/09/09,0,248000,-355000,-107000
2016/09/12,0,753063,-858010,-104947
2016/09/13,0,579000,-933000,-354000
2016/09/14,0,739076,-1070268,-331192
2016/09/15,0,0,0,0
2016/09/16,0,0,0,0
2016/09/19,0,1989495,-530000,1459495
2016/09/20,0,439718,-424076,15642
2016/09/21,0,724000,-702406,21594
2016/09/22,0,631285,-562016,69269
2016/09/23,0,569000,-437411,131589
2016/09/26,0,720000,-630000,90000
2016/09/27,0,0,0,0
2016/09/28,0,0,0,0
2016/09/29,0,2349526,-1085937,1263589
2016/09/30,0,795429,-819757,-24328
2016/10/03,0,892000,-518000,374000
2016/10/04,0,469542,-217875,251667
2016/10/05,0,459000,-408000,51000
2016/10/06,0,232062,-260000,-27938
2016/10/07,0,420713,-561000,-140287
2016/10/10,0,0,0,0
2016/10/11,0,613000,-482160,130840
2016/10/12,0,488810,-357048,131762
2016/10/13,0,2641980,-2341000,300980
2016/10/14,0,283283,-260000,23283
2016/10/17,0,515000,-582972,-67972
2016/10/18,0,604544,-361000,243544
2016/10/19,0,724022,-491000,233022
2016/10/20,0,1296877,-884000,412877
2016/10/21,0,271113,-290000,-18887
2016/10/24,0,258000,-155643,102357
2016/10/25,0,799000,-780000,19000
2016/10/26,0,1053000,-734000,319000
2016/10/27,0,1670998,-1614000,56998
2016/10/28,0,434000,-516000,-82000
2016/10/31,0,770664,-1174000,-403336
2016/11/01,0,385000,-593000,-208000
2016/11/02,0,160106,-251129,-91023
2016/11/03,0,441000,-498902,-57902
2016/11/04,0,190000,-377000,-187000
2016/11/07,0,278295,-293010,-14715
2016/11/08,0,317118,-218000,99118
2016/11/09,0,867000,-1442000,-575000
2016/11/10,0,695000,-601000,94000
2016/11/11,0,496500,-1692727,-1196227
2016/11/14,0,700000,-1793000,-1093000
2016/11/15,0,280000,-922000,-642000
2016/11/16,0,633000,-770128,-137128
2016/11/17,0,299000,-385000,-86000
2016/11/18,0,1192376,-1436376,-244000
2016/11/21,0,534000,-711258,-177258
2016/11/22,0,987065,-618000,369065
2016/11/23,0,635000,-463352,171648
2016/11/24,0,385000,-514000,-129000
2016/11/25,0,205000,-292876,-87876
2016/11/28,0,623000,-605492,17508
2016/11/29,0,795000,-1259592,-464592
2016/11/30,0,2259150,-2408080,-148930
2016/12/01,0,1040138,-2566000,-1525862
2016/12/02,0,909000,-1709972,-800972
2016/12/05,0,572000,-813220,-241220
2016/12/06,0,1041000,-675600,365400
2016/12/07,0,749000,-712000,37000
2016/12/08,0,881000,-1100000,-219000
2016/12/09,0,1021779,-1108481,-86702
2016/12/12,0,501000,-542000,-41000
2016/12/13,0,701604,-823487,-121883
2016/12/14,0,461160,-562000,-100840
2016/12/15,0,729000,-726000,3000
2016/12/16,0,1256308,-1564483,-308175
2016/12/19,0,391037,-955000,-563963
2016/12/20,0,245068,-987000,-741932
2016/12/21,0,390392,-986906,-596514
2016/12/22,0,216896,-1111700,-894804
2016/12/23,0,891000,-1054590,-163590
2016/12/26,0,67000,-143000,-76000
2016/12/27,0,83000,-248000,-165000
2016/12/28,0,579000,-1035239,-456239
2016/12/29,0,348837,-542000,-193163
2016/12/30,0,491000,-245172,245828
2017/01/02,0,0,0,0
2017/01/03,0,867000,-760000,107000
2017/01/04,0,502000,-378025,123975
2017/01/05,0,1081902,-901890,180012
2017/01/06,0,532250,-314000,218250
2017/01/09,0,321554,-243000,78554
2017/01/10,0,363000,-192000,171000
2017/01/11,0,585892,-206000,379892
2017/01/12,0,882344,-230000,652344
2017/01/13,0,865583,-459000,406583
2017/01/16,0,359000,-220000,139000
2017/01/17,0,262876,-196000,66876
2017/01/18,0,502597,-422949,79648
2017/01/19,0,554209,-735958,-181749
2017/01/20,0,530330,-381000,149330
2017/01/23,0,751618,-376327,375291
2017/01/24,0,476681,-660807,-184126
2017/01/25,0,0,0,0
2017/01/26,0,0,0,0
2017/01/27,0,0,0,0
2017/01/30,0,0,0,0
2017/01/31,0,0,0,0
2017/02/01,0,0,0,0
2017/02/02,0,1059768,-1599292,-539524
2017/02/03,0,699000,-962709,-263709
2017/02/06,0,638554,-666513,-27959
2017/02/07,0,476430,-571486,-95056
2017/02/08,0,570718,-958481,-387763
2017/02/09,0,564456,-418928,145528
2017/02/10,0,1514266,-1332240,182026
2017/02/13,0,1829516,-724265,1105251
2017/02/14,0,1858000,-694274,1163726
2017/02/15,0,1693488,-922555,770933
2017/02/16,0,912000,-1266000,-354000
2017/02/17,0,782000,-438000,344000
2017/02/20,0,310000,-163000,147000
2017/02/21,0,597000,-308000,289000
2017/02/22,0,718789,-319078,399711
2017/02/23,0,1148000,-390615,757385
2017/02/24,0,1595327,-1223256,372071
2017/02/27,0,0,0,0
2017/02/28,0,0,0,0
2017/03/01,0,1745394,-1184783,560611
2017/03/02,0,1614000,-693924,920076
2017/03/03,0,1566000,-1028798,537202
2017/03/06,0,1221472,-1032408,189064
2017/03/07,0,2527210,-2321335,205875
2017/03/08,0,2150000,-1997051,152949
2017/03/09,0,1426209,-1160000,266209
2017/03/10,0,1657126,-1098000,559126
2017/03/13,0,703604,-173000,530604
2017/03/14,0,2893364,-577494,2315870
2017/03/15,0,832000,-434602,397398
2017/03/16,0,1021100,-428096,593004
2017/03/17,0,1669377,-1333437,335940
2017/03/20,0,288000,-220764,67236
2017/03/21,0,1699312,-733171,966141
2017/03/22,0,1298000,-807752,490248
2017/03/23,0,753000,-194619,558381
2017/03/24,0,1075175,-625430,449745
2017/03/27,0,4454000,-3127860,1326140
2017/03/28,0,2115000,-735000,1380000
2017/03/29,0,1502172,-580000,922172
2017/03/30,0,1523000,-511000,1012000
2017/03/31,0,2066840,-849000,1217840
2017/04/03,0,0,0,0
2017/04/04,0,0,0,0
2017/04/05,0,2527451,-608000,1919451
2017/04/06,0,1072929,-792000,280929
2017/04/07,0,1433737,-1011000,422737
2017/04/10,0,1793876,-1650552,143324
2017/04/11,0,1290000,-1869200,-579200
2017/04/12,0,1758040,-1648000,110040
2017/04/13,0,866509,-778000,88509
2017/04/14,0,82360,-269000,-186640
2017/04/17,0,400255,-625000,-224745
2017/04/18,0,1145000,-1221779,-76779
2017/04/19,0,1282737,-887784,394953
2017/04/20,0,3344060,-3514405,-170345
2017/04/21,0,941267,-374240,567027
2017/04/24,0,433807,-331000,102807
2017/04/25,0,1917657,-525000,1392657
2017/04/26,0,1398000,-574000,824000
2017/04/27,0,577504,-395383,182121
2017/04/28,0,571332,-494094,77238
2017/05/01,0,0,0,0
2017/05/02,0,1294875,-395000,899875
2017/05/03,0,653000,-482200,170800
2017/05/04,0,579000,-321169,257831
2017/05/05,0,763612,-530000,233612
2017/05/08,0,869783,-865956,3827
2017/05/09,0,485166,-415639,69527
2017/05/10,0,650332,-1216000,-565668
2017/05/11,0,1578283,-2105346,-527063
2017/05/12,0,1029520,-2516289,-1486769
2017/05/15,0,736322,-1628030,-891708
2017/05/16,0,1689300,-2002414,-313114
2017/05/17,0,1392000,-1985497,-593497
2017/05/18,0,1186700,-1105117,81583
2017/05/19,0,847313,-797853,49460
2017/05/22,0,419530,-879140,-459610
2017/05/23,0,899720,-905346,-5626
2017/05/24,0,838506,-789293,49213
2017/05/25,0,1327454,-871753,455701
2017/05/26,0,0,0,0
2017/05/29,0,0,0,0
2017/05/30,0,0,0,0
2017/05/31,0,1399864,-1653329,-253465
2017/06/01,0,525000,-336985,188015
2017/06/02,0,691000,-547331,143669
2017/06/05,0,966268,-555842,410426
2017/06/06,0,450352,-709000,-258648
2017/06/07,0,1270050,-1571153,-301103
2017/06/08,0,674000,-474232,199768
2017/06/09,0,1218540,-1125774,92766
2017/06/12,0,574768,-1637732,-1062964
2017/06/13,0,612510,-880761,-268251
2017/06/14,0,542000,-877970,-335970
2017/06/15,0,429000,-738355,-309355
2017/06/16,0,655316,-787554,-132238
2017/06/19,0,510516,-447281,63235
2017/06/20,0,539056,-404098,134958
2017/06/21,0,512000,-700000,-188000
2017/06/22,0,696503,-551439,145064
2017/06/23,0,478264,-382569,95695
2017/06/26,0,659000,-411947,247053
2017/06/27,0,496233,-904114,-407881
2017/06/28,0,800365,-820000,-19635
2017/06/29,0,388394,-862400,-474006
2017/06/30,0,1415000,-1343680,71320
2017/07/03,0,949037,-1103766,-154729
2017/07/04,0,319000,-601806,-282806
2017/07/05,0,901297,-725631,175666
2017/07/06,0,564000,-511000,53000
2017/07/07,0,431470,-321856,109614
2017/07/10,0,1320173,-604082,716091
2017/07/11,0,1269804,-561093,708711
2017/07/12,0,1033854,-739910,293944
2017/07/13,0,1196854,-1581896,-385042
2017/07/14,0,831556,-610000,221556
2017/07/17,0,1546000,-1972000,-426000
2017/07/18,0,302695,-975000,-672305
2017/07/19,0,464054,-1443000,-978946
2017/07/20,0,812189,-1226000,-413811
2017/07/21,0,281597,-433807,-152210
2017/07/24,0,835632,-2031012,-1195380
2017/07/25,0,714000,-1359236,-645236
2017/07/26,0,482000,-1166763,-684763
2017/07/27,0,527977,-501000,26977
2017/07/28,0,274348,-587643,-313295
2017/07/31,0,911488,-453612,457876
2017/08/01,0,951000,-423760,527240
2017/08/02,0,320080,-685000,-364920
2017/08/03,0,330426,-1173264,-842838
2017/08/04,0,754444,-1651050,-896606
2017/08/07,0,841214,-2047544,-1206330
2017/08/08,0,2955369,-1681040,1274329
2017/08/09,0,1380048,-1062925,317123
2017/08/10,0,666211,-976493,-310282
2017/08/11,0,784000,-1463000,-679000
2017/08/14,0,1666611,-2327234,-660623
2017/08/15,0,978000,-1007800,-29800
2017/08/16,0,811000,-1350000,-539000
2017/08/17,0,969000,-1129753,-160753
2017/08/18,0,867000,-1356000,-489000
